"Var1","Var2","Var3","modularity","partition","time","algorithm","network"
"1","0","0","0.730798249585031","1,1,1,2,3,2,3,4,2,2,3,3,4,4,4,2,2,3,3,3,5,6,4,4,4,4,4,2,1,2,3,3,3,3,7,7,4,4,5,5,5,5,6,6,6,6,5,6,6,6,5,5,5,5,5,6,6,6,6,5,4,5,5,4,4,5,5,5,5,5,6,5,4,4,5,5,5,5,5,5,5,4,2,2,2,1,5,5,5,5,2,3,3,5,5,5,2,5,5,5,5,5,5,5,5,5,5,3,3,3,5,5,5,7,7,7,7,7,7,7,7,4,4,4,4,4,4,4,4","0.000987052917480469","louvain","edit-xhwikibooks.graphml"
"0.99","0.01","0","0","1,1,1,2,3,4,5,6,7,8,9,10,11,12,13,14,15,16,17,18,19,20,21,22,23,24,25,26,27,28,29,30,31,32,33,34,35,36,37,38,39,40,41,42,43,44,45,46,47,48,49,50,51,52,53,54,55,56,57,58,59,60,61,62,63,64,65,66,67,68,69,70,71,72,73,74,75,76,77,78,79,80,81,82,83,84,85,86,87,88,89,90,91,92,93,94,95,96,97,98,99,100,101,102,103,104,105,106,107,108,109,110,111,112,113,114,115,116,117,118,119,120,121,122,123,124,125,126,127","0.000524997711181641","louvain","edit-xhwikibooks.graphml"
"0.98","0.02","0","0","1,1,1,2,3,4,5,6,7,8,9,10,11,12,13,14,15,16,17,18,19,20,21,22,23,24,25,26,27,28,29,30,31,32,33,34,35,36,37,38,39,40,41,42,43,44,45,46,47,48,49,50,51,52,53,54,55,56,57,58,59,60,61,62,63,64,65,66,67,68,69,70,71,72,73,74,75,76,77,78,79,80,81,82,83,84,85,86,87,88,89,90,91,92,93,94,95,96,97,98,99,100,101,102,103,104,105,106,107,108,109,110,111,112,113,114,115,116,117,118,119,120,121,122,123,124,125,126,127","0.000468969345092773","louvain","edit-xhwikibooks.graphml"
"0.97","0.03","0","0.375","1,1,1,2,3,4,5,6,7,8,9,10,11,12,13,14,15,16,17,18,19,20,21,22,23,24,25,26,27,28,29,30,31,32,33,34,35,36,37,38,39,40,41,42,43,44,45,46,47,48,49,50,51,52,53,54,55,56,57,58,59,60,61,62,63,64,65,66,67,68,69,70,71,72,73,74,75,76,77,78,79,80,81,82,83,84,85,86,87,88,89,90,91,92,93,94,95,96,97,98,99,100,101,102,103,104,105,106,107,108,109,110,111,112,113,114,115,116,117,118,119,120,121,122,123,124,125,126,127","0.000454902648925781","louvain","edit-xhwikibooks.graphml"
"0.96","0.04","0","0.375","1,1,1,2,3,4,5,6,7,8,9,10,11,12,13,14,15,16,17,18,19,20,21,22,23,24,25,26,27,28,29,30,31,32,33,34,35,36,37,38,39,40,41,42,43,44,45,46,47,48,49,50,51,52,53,54,55,56,57,58,59,60,61,62,63,64,65,66,67,68,69,70,71,72,73,74,75,76,77,78,79,80,81,82,83,84,85,86,87,88,89,90,91,92,93,94,95,96,97,98,99,100,101,102,103,104,105,106,107,108,109,110,111,112,113,114,115,116,117,118,119,120,121,122,123,124,125,126,127","0.000459909439086914","louvain","edit-xhwikibooks.graphml"
"0.95","0.05","0","0.48","1,1,1,2,3,4,5,6,7,8,9,10,11,12,13,14,15,16,17,18,19,20,21,22,23,24,25,26,27,28,29,30,31,32,33,34,35,36,37,38,39,40,41,42,43,44,45,46,47,48,49,50,51,52,53,54,55,56,57,58,59,60,61,62,63,64,65,66,67,68,69,70,71,72,73,74,75,76,77,78,79,80,81,82,83,84,85,86,87,88,89,90,91,92,93,94,95,96,97,98,99,100,101,102,103,104,105,106,107,108,109,110,111,112,113,114,115,116,117,118,119,120,121,122,123,124,125,126,127","0.000436067581176758","louvain","edit-xhwikibooks.graphml"
"0.94","0.06","0","0.48","1,1,1,2,3,4,5,6,7,8,9,10,11,12,13,14,15,16,17,18,19,20,21,22,23,24,25,26,27,28,29,30,31,32,33,34,35,36,37,38,39,40,41,42,43,44,45,46,47,48,49,50,51,52,53,54,55,56,57,58,59,60,61,62,63,64,65,66,67,68,69,70,71,72,73,74,75,76,77,78,79,80,81,82,83,84,85,86,87,88,89,90,91,92,93,94,95,96,97,98,99,100,101,102,103,104,105,106,107,108,109,110,111,112,113,114,115,116,117,118,119,120,121,122,123,124,125,126,127","0.000453948974609375","louvain","edit-xhwikibooks.graphml"
"0.93","0.07","0","0.5","1,1,1,2,3,4,5,6,7,8,9,10,11,12,13,14,15,16,17,18,19,20,21,22,23,24,25,26,27,28,29,30,31,32,33,34,35,36,37,38,39,40,41,42,43,44,45,46,47,48,49,50,51,52,53,54,55,56,57,58,59,60,61,62,63,64,65,66,67,68,69,70,71,72,73,74,75,76,77,78,79,80,81,82,83,84,85,86,87,88,89,90,91,92,93,94,95,96,97,98,99,100,101,102,103,104,105,106,107,108,109,110,111,112,113,114,115,116,117,118,119,120,121,122,123,124,125,126,127","0.000451087951660156","louvain","edit-xhwikibooks.graphml"
"0.92","0.08","0","0.612244897959184","1,1,1,2,3,4,5,6,7,8,9,10,11,12,13,14,15,16,17,18,19,20,21,22,23,24,25,26,27,28,29,30,31,32,33,34,35,36,37,38,39,40,41,42,43,44,45,46,47,48,49,50,51,52,53,54,55,56,57,58,59,60,61,62,63,64,65,66,67,68,69,70,71,72,73,74,75,76,77,78,79,80,81,82,83,84,85,86,87,88,89,90,91,92,93,94,95,96,97,98,99,100,101,102,103,104,105,106,107,108,109,110,111,112,113,114,115,116,117,118,119,120,121,122,123,124,125,126,127","0.000471115112304688","louvain","edit-xhwikibooks.graphml"
"0.91","0.09","0","0.59375","1,1,1,2,3,4,5,6,7,8,9,10,11,12,13,14,15,16,17,18,19,20,21,22,23,24,25,26,27,28,29,30,31,32,33,34,35,36,37,38,39,40,41,42,43,44,45,46,47,48,49,50,51,52,53,54,55,56,57,58,59,60,61,62,63,64,65,66,67,68,69,70,71,72,73,74,75,76,77,78,79,80,81,82,83,84,85,86,87,88,89,90,91,92,93,94,95,96,97,98,99,100,101,102,103,104,105,106,107,108,109,110,111,112,113,114,115,116,117,118,119,120,121,122,123,124,125,126,127","0.000463962554931641","louvain","edit-xhwikibooks.graphml"
"0.9","0.1","0","0.59375","1,1,1,2,3,4,5,6,7,8,9,10,11,12,13,14,15,16,17,18,19,20,21,22,23,24,25,26,27,28,29,30,31,32,33,34,35,36,37,38,39,40,41,42,43,44,45,46,47,48,49,50,51,52,53,54,55,56,57,58,59,60,61,62,63,64,65,66,67,68,69,70,71,72,73,74,75,76,77,78,79,80,81,82,83,84,85,86,87,88,89,90,91,92,93,94,95,96,97,98,99,100,101,102,103,104,105,106,107,108,109,110,111,112,113,114,115,116,117,118,119,120,121,122,123,124,125,126,127","0.000458955764770508","louvain","edit-xhwikibooks.graphml"
"0.89","0.11","0","0.567901234567901","1,1,1,2,3,4,5,6,7,8,9,10,11,12,13,14,15,16,17,18,19,20,21,22,23,24,25,26,27,28,29,30,31,32,33,34,35,36,37,38,39,40,41,42,43,44,45,46,47,48,49,50,51,52,53,54,55,56,57,58,59,60,61,62,63,64,65,66,67,68,69,70,71,72,73,74,75,76,77,78,79,80,81,82,83,84,85,86,87,88,89,90,91,92,93,94,95,96,97,98,99,100,101,102,103,104,105,106,107,108,109,110,111,112,113,114,115,116,117,118,119,120,121,122,123,124,125,126,127","0.000447988510131836","louvain","edit-xhwikibooks.graphml"
"0.88","0.12","0","0.694214876033058","1,1,1,2,3,4,5,6,7,8,9,10,11,12,13,14,15,16,17,18,19,20,21,22,23,24,25,26,27,28,29,30,31,32,33,34,35,36,37,38,39,40,41,42,43,44,45,46,47,48,49,50,51,52,53,54,55,56,57,58,59,60,61,62,63,64,65,66,67,68,69,70,71,72,73,74,75,76,77,78,79,80,81,82,83,84,85,86,87,88,89,90,91,92,93,94,95,96,97,98,99,100,101,102,103,104,105,106,107,108,109,110,111,112,113,114,115,116,117,118,119,120,121,122,123,124,125,126,127","0.000428915023803711","louvain","edit-xhwikibooks.graphml"
"0.87","0.13","0","0.666666666666667","1,1,1,2,3,4,5,6,7,8,9,10,11,12,13,14,15,16,17,18,19,20,21,22,23,24,25,26,27,28,29,30,31,32,33,34,35,36,37,38,39,40,41,42,43,44,45,46,47,48,49,50,51,52,53,54,55,56,57,58,59,60,61,62,63,64,65,66,67,68,69,70,71,72,73,74,75,76,77,78,79,80,81,82,83,84,85,86,87,88,89,90,91,92,93,94,95,96,97,98,99,100,101,102,103,104,105,106,107,108,109,110,111,112,113,114,115,116,117,118,119,120,121,122,123,124,125,126,127","0.000482082366943359","louvain","edit-xhwikibooks.graphml"
"0.86","0.14","0","0.666666666666667","1,1,1,2,3,4,5,6,7,8,9,10,11,12,13,14,15,16,17,18,19,20,21,22,23,24,25,26,27,28,29,30,31,32,33,34,35,36,37,38,39,40,41,42,43,44,45,46,47,48,49,50,51,52,53,54,55,56,57,58,59,60,61,62,63,64,65,66,67,68,69,70,71,72,73,74,75,76,77,78,79,80,81,82,83,84,85,86,87,88,89,90,91,92,93,94,95,96,97,98,99,100,101,102,103,104,105,106,107,108,109,110,111,112,113,114,115,116,117,118,119,120,121,122,123,124,125,126,127","0.000442028045654297","louvain","edit-xhwikibooks.graphml"
"0.85","0.15","0","0.72","1,1,1,2,3,4,5,6,7,8,9,10,11,12,13,14,15,16,17,18,19,20,21,22,23,24,25,26,27,28,29,30,31,32,33,34,35,36,37,38,39,40,41,42,43,44,45,46,47,48,49,50,51,52,53,54,55,56,57,58,59,60,61,62,63,64,65,66,67,68,69,70,71,72,73,74,75,76,77,78,79,80,81,82,83,84,85,86,87,88,89,90,91,92,93,94,95,96,97,98,99,100,101,102,103,104,105,106,107,108,109,110,111,112,113,114,115,116,117,118,119,120,121,122,123,124,125,126,127","0.000468015670776367","louvain","edit-xhwikibooks.graphml"
"0.84","0.16","0","0.7421875","1,1,1,2,3,4,5,6,7,8,9,10,11,12,13,14,15,16,17,18,19,20,21,22,23,24,25,26,27,28,29,30,31,32,33,34,35,36,37,38,39,40,41,42,43,44,45,46,47,48,49,50,51,52,53,54,55,56,57,58,59,60,61,62,63,64,65,66,67,68,69,70,71,72,73,74,75,76,77,78,79,80,81,82,83,84,85,86,87,88,89,90,91,92,93,94,95,96,97,98,99,100,101,102,103,104,105,106,107,108,109,110,111,112,113,114,115,116,117,118,119,120,121,122,123,124,125,126,127","0.000517129898071289","louvain","edit-xhwikibooks.graphml"
"0.83","0.17","0","0.728395061728395","1,1,1,2,3,4,5,6,7,8,9,10,11,12,13,14,15,16,17,18,19,20,21,22,23,24,25,26,27,28,29,30,31,32,33,33,34,35,36,37,38,39,40,41,42,43,44,45,46,47,48,49,50,51,52,53,54,55,56,57,58,59,60,61,62,63,64,65,66,67,68,69,70,71,72,73,74,75,76,77,78,79,80,81,82,83,84,85,86,87,88,89,90,91,92,93,94,95,96,97,98,99,100,101,102,103,104,105,106,107,108,109,110,111,112,113,114,115,116,117,118,119,120,121,122,123,124,125,126","0.000421047210693359","louvain","edit-xhwikibooks.graphml"
"0.82","0.18","0","0.728395061728395","1,1,1,2,3,4,5,6,7,8,9,10,11,12,13,14,15,16,17,18,19,20,21,22,23,24,25,26,27,28,29,30,31,32,33,33,34,35,36,37,38,39,40,41,42,43,44,45,46,47,48,49,50,51,52,53,54,55,56,57,58,59,60,61,62,63,64,65,66,67,68,69,70,71,72,73,74,75,76,77,78,79,80,81,82,83,84,85,86,87,88,89,90,91,92,93,94,95,96,97,98,99,100,101,102,103,104,105,106,107,108,109,110,111,112,113,114,115,116,117,118,119,120,121,122,123,124,125,126","0.000425100326538086","louvain","edit-xhwikibooks.graphml"
"0.81","0.19","0","0.709141274238227","1,1,1,2,3,4,5,6,7,8,9,10,11,12,13,14,15,16,17,18,19,20,21,22,23,24,25,26,27,28,29,30,31,32,33,33,34,35,36,37,38,39,40,41,42,43,44,45,46,47,48,49,50,51,52,53,54,55,56,57,58,59,60,61,62,63,64,65,66,67,68,69,70,71,72,73,74,75,76,77,78,79,80,81,82,83,84,85,86,87,88,89,90,91,92,93,94,95,96,97,98,99,100,101,102,103,104,105,106,107,108,109,110,111,112,113,114,115,116,117,118,119,120,121,122,123,124,125,126","0.000470876693725586","louvain","edit-xhwikibooks.graphml"
"0.8","0.2","0","0.764462809917355","1,1,1,2,3,4,5,6,7,8,9,10,11,12,13,14,15,16,17,18,19,20,21,22,23,24,25,26,27,28,29,30,31,32,33,33,34,35,36,37,38,39,40,41,42,43,44,45,46,47,48,49,50,51,52,53,54,55,56,57,58,59,60,61,62,63,64,65,66,67,68,69,70,71,72,73,74,75,76,77,78,79,80,81,82,83,84,85,86,87,88,89,90,91,92,93,94,95,96,97,98,99,100,101,102,103,104,105,106,107,108,109,110,111,112,113,114,115,116,117,118,119,120,121,122,123,124,125,126","0.000492095947265625","louvain","edit-xhwikibooks.graphml"
"0.79","0.21","0","0.748582230623818","1,1,1,2,3,4,5,6,7,8,9,10,11,12,13,14,15,16,17,18,19,20,21,22,23,24,25,26,27,28,29,30,31,32,33,33,34,35,36,37,38,39,40,41,42,43,44,45,46,47,48,49,50,51,52,53,54,55,56,57,58,59,60,61,62,63,64,65,66,67,68,69,70,71,72,73,74,75,76,77,78,79,80,81,82,83,84,85,86,87,88,89,90,91,92,93,94,95,96,97,98,99,100,101,102,103,104,105,106,107,108,109,110,111,112,113,114,115,116,117,118,119,120,121,122,123,124,125,126","0.000448942184448242","louvain","edit-xhwikibooks.graphml"
"0.78","0.22","0","0.748582230623818","1,1,1,2,3,4,5,6,7,8,9,10,11,12,13,14,15,16,17,18,19,20,21,22,23,24,25,26,27,28,29,30,31,32,33,33,34,35,36,37,38,39,40,41,42,43,44,45,46,47,48,49,50,51,52,53,54,55,56,57,58,59,60,61,62,63,64,65,66,67,68,69,70,71,72,73,74,75,76,77,78,79,80,81,82,83,84,85,86,87,88,89,90,91,92,93,94,95,96,97,98,99,100,101,102,103,104,105,106,107,108,109,110,111,112,113,114,115,116,117,118,119,120,121,122,123,124,125,126","0.000540971755981445","louvain","edit-xhwikibooks.graphml"
"0.77","0.23","0","0.757396449704142","1,1,1,2,3,4,5,6,7,8,9,10,11,12,13,14,15,16,17,18,19,20,21,22,23,24,25,26,27,28,29,30,31,32,33,33,34,35,36,37,38,39,40,41,42,43,44,45,46,47,48,49,50,51,52,53,54,55,56,57,58,59,60,61,62,63,64,65,66,67,68,69,70,71,72,73,74,75,76,77,78,79,80,81,82,83,84,85,86,87,88,89,90,91,92,93,94,95,96,97,98,99,100,101,102,103,104,105,106,107,108,109,110,111,112,113,114,115,116,117,118,119,120,121,122,123,124,125,126","0.000487804412841797","louvain","edit-xhwikibooks.graphml"
"0.76","0.24","0","0.768175582990398","1,1,1,2,3,4,5,6,7,8,9,10,11,12,13,14,15,16,17,18,19,20,21,22,23,24,25,26,27,28,29,30,31,32,33,33,34,35,36,37,38,39,40,41,42,43,44,45,46,47,48,49,50,51,52,53,54,55,56,57,58,59,60,61,62,63,64,65,66,67,68,69,70,71,72,73,74,75,76,77,78,79,80,81,82,83,84,85,86,87,88,89,90,91,92,93,94,95,96,97,98,99,100,101,102,103,104,105,106,107,108,109,110,111,112,113,114,115,116,117,118,119,120,121,122,123,124,125,126","0.000555038452148438","louvain","edit-xhwikibooks.graphml"
"0.75","0.25","0","0.797086368366285","1,1,1,2,3,4,5,6,7,8,9,10,11,12,13,14,15,16,17,18,19,20,21,22,23,24,25,26,27,28,29,30,31,32,33,33,34,35,36,37,38,39,40,41,42,43,44,45,46,47,48,49,50,51,52,53,54,55,56,57,58,59,60,61,62,63,64,65,66,67,68,69,70,71,72,73,74,75,76,77,78,79,80,81,82,83,84,85,86,87,88,89,90,91,92,93,94,95,96,97,98,99,100,101,102,103,104,105,106,107,108,109,110,111,112,113,114,115,116,117,118,119,120,121,122,123,124,125,126","0.000488996505737305","louvain","edit-xhwikibooks.graphml"
"0.74","0.26","0","0.797086368366285","1,1,1,2,3,4,5,6,7,8,9,10,11,12,13,14,15,16,17,18,19,20,21,22,23,24,25,26,27,28,29,30,31,32,33,33,34,35,36,37,38,39,40,41,42,43,44,45,46,47,48,49,50,51,52,53,54,55,56,57,58,59,60,61,62,63,64,65,66,67,68,69,70,71,72,73,74,75,76,77,78,79,80,81,82,83,84,85,86,87,88,89,90,91,92,93,94,95,96,97,98,99,100,101,102,103,104,105,106,107,108,109,110,111,112,113,114,115,116,117,118,119,120,121,122,123,124,125,126","0.000504970550537109","louvain","edit-xhwikibooks.graphml"
"0.73","0.27","0","0.797086368366285","1,1,1,2,3,4,5,6,7,8,9,10,11,12,13,14,15,16,17,18,19,20,21,22,23,24,25,26,27,28,29,30,31,32,33,33,34,35,36,37,38,39,40,41,42,43,44,45,46,47,48,49,50,51,52,53,54,55,56,57,58,59,60,61,62,63,64,65,66,67,68,69,70,71,72,73,74,75,76,77,78,79,80,81,82,83,84,85,86,87,88,89,90,91,92,93,94,95,96,97,98,99,100,101,102,103,104,105,106,107,108,109,110,111,112,113,114,115,116,117,118,119,120,121,122,123,124,125,126","0.00046992301940918","louvain","edit-xhwikibooks.graphml"
"0.72","0.28","0","0.78515625","1,1,1,2,3,4,5,6,7,8,9,10,11,12,13,14,15,16,17,18,19,20,21,22,23,24,25,26,27,28,29,30,31,32,33,33,34,35,36,37,38,39,40,41,42,43,44,45,46,47,48,49,50,51,52,53,54,55,56,57,58,59,60,61,62,63,64,65,66,67,68,69,70,71,72,73,74,75,76,77,78,79,80,81,82,83,84,85,86,87,88,89,90,91,92,93,94,95,96,97,98,99,100,101,102,103,104,105,106,107,108,109,110,111,112,113,114,115,116,117,118,119,120,121,122,123,124,125,126","0.000616073608398438","louvain","edit-xhwikibooks.graphml"
"0.71","0.29","0","0.799307958477509","1,1,1,2,3,4,5,6,7,8,9,10,11,12,13,14,15,16,17,18,19,20,21,22,23,24,25,26,27,28,29,30,31,32,33,33,34,35,36,37,38,39,40,41,42,43,44,45,46,47,48,49,50,51,52,53,54,55,56,57,58,59,60,61,62,63,64,65,66,67,68,69,70,71,72,73,74,75,76,77,78,79,80,81,82,83,84,85,86,87,88,89,90,91,92,93,94,95,96,97,98,99,100,101,102,103,104,105,106,107,108,109,110,111,112,113,114,115,116,117,118,119,120,121,122,123,124,125,126","0.000502109527587891","louvain","edit-xhwikibooks.graphml"
"0.7","0.3","0","0.788571428571428","1,1,1,2,3,4,5,6,7,8,9,10,11,12,13,14,15,16,17,18,19,20,21,22,23,24,25,26,27,28,29,30,31,32,33,33,34,35,36,37,38,39,40,41,42,43,44,45,46,47,48,49,50,51,52,53,54,55,56,57,58,59,60,61,62,63,64,65,66,67,68,69,70,71,72,73,74,75,76,77,78,79,80,81,82,83,84,85,86,87,88,89,90,91,92,93,94,95,96,97,98,99,100,101,102,103,104,105,106,107,108,109,110,111,112,113,114,115,116,117,118,119,120,121,122,123,124,125,126","0.00079798698425293","louvain","edit-xhwikibooks.graphml"
"0.69","0.31","0","0.794753086419753","1,1,1,2,3,4,5,6,7,8,9,10,11,12,13,14,15,16,17,18,19,20,21,22,23,24,25,26,27,28,29,30,31,32,33,33,34,35,36,37,38,39,40,41,42,43,44,45,46,47,48,49,50,51,52,53,54,55,56,57,58,59,60,61,62,63,64,65,66,67,68,69,70,71,72,73,74,75,76,77,78,79,80,81,82,83,84,85,86,87,88,89,90,91,92,93,94,95,96,97,98,99,100,101,102,103,104,105,106,107,108,109,110,111,112,113,114,115,116,117,118,119,120,121,122,123,124,125,126","0.000615119934082031","louvain","edit-xhwikibooks.graphml"
"0.68","0.32","0","0.784514243973703","1,1,1,2,3,4,5,6,7,8,9,10,11,12,13,14,15,16,17,18,19,20,21,22,23,24,25,26,27,28,29,30,31,32,33,33,34,35,36,37,38,39,40,41,42,43,44,45,46,47,48,49,50,51,52,53,54,55,56,57,58,59,60,61,62,63,64,65,66,67,68,69,70,71,72,73,74,75,76,77,78,79,80,81,82,83,84,85,86,87,88,89,90,91,92,93,94,95,96,97,98,99,100,101,102,103,104,105,106,107,108,109,110,111,112,113,114,115,116,117,118,119,120,121,122,123,124,125,126","0.000540018081665039","louvain","edit-xhwikibooks.graphml"
"0.67","0.33","0","0.784514243973703","1,1,1,2,3,4,5,6,7,8,9,10,11,12,13,14,15,16,17,18,19,20,21,22,23,24,25,26,27,28,29,30,31,32,33,33,34,35,36,37,38,39,40,41,42,43,44,45,46,47,48,49,50,51,52,53,54,55,56,57,58,59,60,61,62,63,64,65,66,67,68,69,70,71,72,73,74,75,76,77,78,79,80,81,82,83,84,85,86,87,88,89,90,91,92,93,94,95,96,97,98,99,100,101,102,103,104,105,106,107,108,109,110,111,112,113,114,115,116,117,118,119,120,121,122,123,124,125,126","0.000499963760375977","louvain","edit-xhwikibooks.graphml"
"0.66","0.34","0","0.862940548237807","1,1,1,2,3,4,5,6,7,8,9,10,11,12,12,13,14,15,16,17,18,19,20,21,22,23,24,25,26,27,28,29,30,31,32,32,33,34,35,36,37,38,39,40,41,42,43,44,45,46,47,48,49,50,51,52,53,54,55,56,57,58,59,60,61,62,63,64,65,66,67,68,69,70,71,72,73,74,75,76,77,78,79,80,81,82,83,84,85,86,87,88,89,90,91,92,93,94,95,96,97,98,99,100,101,102,103,104,105,106,107,108,109,110,111,112,113,114,115,116,117,118,119,120,121,122,123,124,125","0.000478029251098633","louvain","edit-xhwikibooks.graphml"
"0.65","0.35","0","0.862940548237807","1,1,1,2,3,4,5,6,7,8,9,10,11,12,12,13,14,15,16,17,18,19,20,21,22,23,24,25,26,27,28,29,30,31,32,32,33,34,35,36,37,38,39,40,41,42,43,44,45,46,47,48,49,50,51,52,53,54,55,56,57,58,59,60,61,62,63,64,65,66,67,68,69,70,71,72,73,74,75,76,77,78,79,80,81,82,83,84,85,86,87,88,89,90,91,92,93,94,95,96,97,98,99,100,101,102,103,104,105,106,107,108,109,110,111,112,113,114,115,116,117,118,119,120,121,122,123,124,125","0.000478982925415039","louvain","edit-xhwikibooks.graphml"
"0.64","0.36","0","0.856652949245542","1,1,1,2,3,4,5,6,7,8,9,10,11,12,12,13,14,15,16,17,18,19,20,21,22,23,24,25,26,27,28,29,30,31,32,32,33,34,35,36,37,38,39,40,41,42,43,44,45,46,47,48,49,50,51,52,53,54,55,56,57,58,59,60,61,62,63,64,65,66,67,68,69,70,71,72,73,74,75,76,77,78,79,80,81,82,83,84,85,86,87,88,89,90,91,92,93,94,95,96,97,98,99,100,101,102,103,104,105,106,107,108,109,110,111,112,113,114,115,116,117,118,119,120,121,122,123,124,125","0.000461101531982422","louvain","edit-xhwikibooks.graphml"
"0.63","0.37","0","0.856652949245542","1,1,1,2,3,4,5,6,7,8,9,10,11,12,12,13,14,15,16,17,18,19,20,21,22,23,24,25,26,27,28,29,30,31,32,32,33,34,35,36,37,38,39,40,41,42,43,44,45,46,47,48,49,50,51,52,53,54,55,56,57,58,59,60,61,62,63,64,65,66,67,68,69,70,71,72,73,74,75,76,77,78,79,80,81,82,83,84,85,86,87,88,89,90,91,92,93,94,95,96,97,98,99,100,101,102,103,104,105,106,107,108,109,110,111,112,113,114,115,116,117,118,119,120,121,122,123,124,125","0.000467061996459961","louvain","edit-xhwikibooks.graphml"
"0.62","0.38","0","0.850247933884298","1,1,1,2,3,4,5,6,7,8,9,10,11,12,12,13,14,15,16,17,18,19,20,21,22,23,24,25,26,27,28,29,30,31,32,32,33,34,35,36,37,38,39,40,41,42,43,44,45,46,47,48,49,50,51,52,53,54,55,56,57,58,59,60,61,62,63,64,65,66,67,68,69,70,71,72,73,74,75,76,77,78,79,80,81,82,83,84,85,86,87,88,89,90,91,92,93,94,95,96,97,98,99,100,101,102,103,104,105,106,107,108,109,110,111,112,113,114,115,116,117,118,119,120,121,122,123,124,125","0.000449895858764648","louvain","edit-xhwikibooks.graphml"
"0.61","0.39","0","0.852678571428572","1,1,1,2,3,4,5,6,7,8,9,10,11,12,12,13,14,15,16,17,18,19,20,21,22,23,24,25,26,27,28,29,30,31,32,32,33,34,35,36,37,38,39,40,41,42,43,44,45,46,47,48,49,50,51,52,53,54,55,56,57,58,59,60,61,62,63,64,65,66,67,68,69,70,71,72,73,74,75,76,77,78,79,80,81,82,83,84,85,86,87,88,89,90,91,92,93,94,95,96,97,98,99,100,101,102,103,104,105,106,107,108,109,110,111,112,113,114,115,116,117,118,119,120,121,122,123,124,125","0.000463008880615234","louvain","edit-xhwikibooks.graphml"
"0.6","0.4","0","0.855","1,1,1,2,3,4,5,6,7,8,9,10,11,12,12,13,14,15,16,17,18,19,20,21,22,23,24,25,26,27,28,29,30,31,32,32,33,34,35,36,37,38,39,40,41,42,43,44,45,46,47,48,49,50,51,52,53,54,55,56,57,58,59,60,61,62,63,64,65,66,67,68,69,70,71,72,73,74,75,76,77,78,79,80,81,82,83,84,85,86,87,88,89,90,91,92,93,94,95,96,97,98,99,100,101,102,103,104,105,106,107,108,109,110,111,112,113,114,115,116,117,118,119,120,121,122,123,124,125","0.000473976135253906","louvain","edit-xhwikibooks.graphml"
"0.59","0.41","0","0.855","1,1,1,2,3,4,5,6,7,8,9,10,11,12,12,13,14,15,16,17,18,19,20,21,22,23,24,25,26,27,28,29,30,31,32,32,33,34,35,36,37,38,39,40,41,42,43,44,45,46,47,48,49,50,51,52,53,54,55,56,57,58,59,60,61,62,63,64,65,66,67,68,69,70,71,72,73,74,75,76,77,78,79,80,81,82,83,84,85,86,87,88,89,90,91,92,93,94,95,96,97,98,99,100,101,102,103,104,105,106,107,108,109,110,111,112,113,114,115,116,117,118,119,120,121,122,123,124,125","0.000530004501342773","louvain","edit-xhwikibooks.graphml"
"0.58","0.42","0","0.849234076861059","1,1,1,2,3,4,5,6,7,8,9,10,11,12,12,13,14,15,16,17,18,19,20,21,22,23,24,25,26,27,28,29,30,31,32,32,33,34,35,36,37,38,39,40,41,42,43,44,45,46,47,48,49,50,51,52,53,54,55,56,57,58,59,60,61,62,63,64,65,66,67,68,69,70,71,72,73,74,75,76,77,78,79,80,81,82,83,84,85,86,87,88,89,90,91,92,93,94,95,96,97,98,99,100,101,102,103,104,105,106,107,108,109,110,111,112,113,114,115,116,117,118,119,120,121,122,123,124,125","0.000513076782226562","louvain","edit-xhwikibooks.graphml"
"0.57","0.43","0","0.852103804484756","1,1,1,2,3,4,5,6,7,8,9,10,11,12,12,13,14,15,16,17,18,19,20,21,22,23,24,25,26,27,28,29,30,31,32,32,33,34,35,36,37,38,39,40,41,42,43,44,45,46,47,48,49,50,51,52,53,54,55,56,57,58,59,60,61,62,63,64,65,66,67,68,69,70,71,72,73,74,75,76,77,78,79,80,81,82,83,84,85,86,87,88,89,90,91,92,93,94,95,96,97,98,99,100,101,102,103,104,105,106,107,108,109,110,111,112,113,114,115,116,117,118,119,120,121,122,123,124,125","0.000494956970214844","louvain","edit-xhwikibooks.graphml"
"0.56","0.44","0","0.8466796875","1,1,1,2,3,4,5,6,7,8,9,10,11,12,12,13,14,15,16,17,18,19,20,21,22,23,24,25,26,27,28,29,30,31,32,32,33,34,35,36,37,38,39,40,41,42,43,44,45,46,47,48,49,50,51,52,53,54,55,56,57,58,59,60,61,62,63,64,65,66,67,68,69,70,71,72,73,74,75,76,77,78,79,80,81,82,83,84,85,86,87,88,89,90,91,92,93,94,95,96,97,98,99,100,101,102,103,104,105,106,107,108,109,110,111,112,113,114,115,116,117,118,119,120,121,122,123,124,125","0.000452041625976562","louvain","edit-xhwikibooks.graphml"
"0.55","0.45","0","0.850321395775941","1,1,1,2,3,4,5,6,7,8,9,10,11,12,12,13,14,15,16,17,18,19,20,21,22,23,24,25,26,27,28,29,30,31,32,32,33,34,35,36,37,38,39,40,41,42,43,44,45,46,47,48,49,50,51,52,53,54,55,56,57,58,59,60,61,62,63,64,65,66,67,68,69,70,71,72,73,74,75,76,77,78,79,80,81,82,83,84,85,86,87,88,89,90,91,92,93,94,95,96,97,98,99,100,101,102,103,104,105,106,107,108,109,110,111,112,113,114,115,116,117,118,119,120,121,122,123,124,125","0.000657081604003906","louvain","edit-xhwikibooks.graphml"
"0.54","0.46","0","0.845177099576744","1,1,1,2,3,4,5,6,7,8,9,10,11,12,12,13,14,15,16,17,18,19,20,21,22,23,24,25,26,27,28,29,30,31,32,32,33,34,35,36,37,38,39,40,41,42,43,44,45,46,47,48,49,50,51,52,53,54,55,56,57,58,59,60,61,62,63,64,65,66,67,68,69,70,71,72,73,74,75,76,77,78,79,80,81,82,83,84,85,86,87,88,89,90,91,92,93,94,95,96,97,98,99,100,101,102,103,104,105,106,107,108,109,110,111,112,113,114,115,116,117,118,119,120,121,122,123,124,125","0.000906944274902344","louvain","edit-xhwikibooks.graphml"
"0.53","0.47","0","0.847318339100346","1,1,1,2,3,4,5,6,7,8,9,10,11,12,12,13,14,15,16,17,18,19,20,21,22,23,24,25,26,27,28,29,30,31,32,32,33,34,35,36,37,38,39,40,41,42,43,44,45,46,47,48,49,50,51,52,53,54,55,56,57,58,59,60,61,62,63,64,65,66,67,68,69,70,71,72,73,74,75,76,77,78,79,80,81,82,83,84,85,86,87,88,89,90,91,92,93,94,95,96,97,98,99,100,101,102,103,104,105,106,107,108,109,110,111,112,113,114,115,116,117,118,119,120,121,122,123,124,125","0.000622987747192383","louvain","edit-xhwikibooks.graphml"
"0.52","0.48","0","0.842260029405587","1,1,1,2,3,4,5,6,7,8,9,10,11,12,12,13,14,15,16,17,18,19,20,21,22,23,24,25,26,27,28,29,30,31,32,32,33,34,35,36,37,38,39,40,41,42,43,44,45,46,47,48,49,50,51,52,53,54,55,56,57,58,59,60,61,62,63,64,65,66,67,68,69,70,71,72,73,74,75,76,77,78,79,80,81,82,83,84,85,86,87,88,89,90,91,92,93,94,95,96,97,98,99,100,101,102,103,104,105,106,107,108,109,110,111,112,113,114,115,116,117,118,119,120,121,122,123,124,125","0.000527858734130859","louvain","edit-xhwikibooks.graphml"
"0.51","0.49","0","0.842260029405587","1,1,1,2,3,4,5,6,7,8,9,10,11,12,12,13,14,15,16,17,18,19,20,21,22,23,24,25,26,27,28,29,30,31,32,32,33,34,35,36,37,38,39,40,41,42,43,44,45,46,47,48,49,50,51,52,53,54,55,56,57,58,59,60,61,62,63,64,65,66,67,68,69,70,71,72,73,74,75,76,77,78,79,80,81,82,83,84,85,86,87,88,89,90,91,92,93,94,95,96,97,98,99,100,101,102,103,104,105,106,107,108,109,110,111,112,113,114,115,116,117,118,119,120,121,122,123,124,125","0.000511884689331055","louvain","edit-xhwikibooks.graphml"
"0.5","0.5","0","0.896030245746692","1,1,1,2,3,4,5,6,7,8,9,10,11,11,11,12,13,14,15,16,17,18,19,6,20,20,20,21,22,23,24,25,26,27,28,28,29,30,31,32,33,34,35,36,37,38,39,40,41,42,43,44,45,46,47,48,49,50,51,52,53,54,55,56,57,58,59,60,61,62,63,64,65,66,67,68,69,70,71,72,73,74,75,76,77,78,79,80,81,82,83,84,85,86,87,88,89,90,91,92,93,94,95,96,97,98,99,100,101,102,103,104,105,106,107,108,106,106,106,106,106,109,110,111,112,113,114,115,116","0.000568151473999023","louvain","edit-xhwikibooks.graphml"
"0.49","0.51","0","0.896030245746692","1,1,1,2,3,4,5,6,7,8,9,10,11,11,11,12,13,14,15,16,17,18,19,6,20,20,20,21,22,23,24,25,26,27,28,28,29,30,31,32,33,34,35,36,37,38,39,40,41,42,43,44,45,46,47,48,49,50,51,52,53,54,55,56,57,58,59,60,61,62,63,64,65,66,67,68,69,70,71,72,73,74,75,76,77,78,79,80,81,82,83,84,85,86,87,88,89,90,91,92,93,94,95,96,97,98,99,100,101,102,103,104,105,106,107,108,106,106,106,106,106,109,110,111,112,113,114,115,116","0.000526189804077148","louvain","edit-xhwikibooks.graphml"
"0.48","0.52","0","0.896030245746692","1,1,1,2,3,4,5,6,7,8,9,10,11,11,11,12,13,14,15,16,17,18,19,6,20,20,20,21,22,23,24,25,26,27,28,28,29,30,31,32,33,34,35,36,37,38,39,40,41,42,43,44,45,46,47,48,49,50,51,52,53,54,55,56,57,58,59,60,61,62,63,64,65,66,67,68,69,70,71,72,73,74,75,76,77,78,79,80,81,82,83,84,85,86,87,88,89,90,91,92,93,94,95,96,97,98,99,100,101,102,103,104,105,106,107,108,106,106,106,106,106,109,110,111,112,113,114,115,116","0.000603914260864258","louvain","edit-xhwikibooks.graphml"
"0.47","0.53","0","0.894173602853745","1,1,1,2,3,4,5,6,7,8,9,10,11,11,11,12,13,14,15,16,17,18,19,6,20,20,20,21,22,23,24,25,26,27,28,28,29,30,31,32,33,34,35,36,37,38,39,40,41,42,43,44,45,46,47,48,49,50,51,52,53,54,55,56,57,58,59,60,61,62,63,64,65,66,67,68,69,70,71,72,73,74,75,76,77,78,79,80,81,82,83,84,85,86,87,88,89,90,91,92,93,94,95,96,97,98,99,100,101,102,103,104,105,106,107,108,106,106,106,106,106,109,110,111,112,113,114,115,116","0.000586032867431641","louvain","edit-xhwikibooks.graphml"
"0.46","0.54","0","0.895025202717511","1,1,1,2,3,4,5,6,7,8,9,10,11,11,11,12,13,14,15,16,17,18,19,6,20,20,20,21,22,23,24,25,26,27,28,28,29,30,31,32,33,34,35,36,37,38,39,40,41,42,43,44,45,46,47,48,49,50,51,52,53,54,55,56,57,58,59,60,61,62,63,64,65,66,67,68,69,70,71,72,73,74,75,76,77,78,79,80,81,82,83,84,85,86,87,88,89,90,91,92,93,94,95,96,97,98,99,100,101,102,103,104,105,106,107,108,106,106,106,106,106,109,110,111,112,113,114,115,116","0.000502824783325195","louvain","edit-xhwikibooks.graphml"
"0.45","0.55","0","0.89313415685148","1,1,1,2,3,4,5,6,7,8,9,10,11,11,11,12,13,14,15,16,17,18,19,6,20,20,20,21,22,23,24,25,26,27,28,28,29,30,31,32,33,34,35,36,37,38,39,40,41,42,43,44,45,46,47,48,49,50,51,52,53,54,55,56,57,58,59,60,61,62,63,64,65,66,67,68,69,70,71,72,73,74,75,76,77,78,79,80,81,82,83,84,85,86,87,88,89,90,91,92,93,94,95,96,97,98,99,100,101,102,103,104,105,106,107,108,106,106,106,106,106,109,110,111,112,113,114,115,116","0.000505924224853516","louvain","edit-xhwikibooks.graphml"
"0.44","0.56","0","0.894583333333333","1,1,1,2,3,4,5,6,7,8,9,10,11,11,11,12,13,14,15,16,17,18,19,6,20,20,20,21,22,23,24,25,26,27,28,28,29,30,31,32,33,34,35,36,37,38,39,40,41,42,43,44,45,46,47,48,49,50,51,52,53,54,55,56,57,58,59,60,61,62,63,64,65,66,67,68,69,70,71,72,73,74,75,76,77,78,79,80,81,82,83,84,85,86,87,88,89,90,91,92,93,94,95,96,97,98,99,100,101,102,103,104,105,106,107,108,106,106,106,106,106,109,110,111,112,113,114,115,116","0.000483036041259766","louvain","edit-xhwikibooks.graphml"
"0.43","0.57","0","0.892698586162148","1,1,1,2,3,4,5,6,7,8,9,10,11,11,11,12,13,14,15,16,17,18,19,6,20,20,20,21,22,23,24,25,26,27,28,28,29,30,31,32,33,34,35,36,37,38,39,40,41,42,43,44,45,46,47,48,49,50,51,52,53,54,55,56,57,58,59,60,61,62,63,64,65,66,67,68,69,70,71,72,73,74,75,76,77,78,79,80,81,82,83,84,85,86,87,88,89,90,91,92,93,94,95,96,97,98,99,100,101,102,103,104,105,106,107,108,106,106,106,106,106,109,110,111,112,113,114,115,116","0.00049591064453125","louvain","edit-xhwikibooks.graphml"
"0.42","0.58","0","0.893515764425937","1,1,1,2,3,4,5,6,7,8,9,10,11,11,11,12,13,14,15,16,17,18,19,6,20,20,20,21,22,23,24,25,26,27,28,28,29,30,31,32,33,34,35,36,37,38,39,40,41,42,43,44,45,46,47,48,49,50,51,52,53,54,55,56,57,58,59,60,61,62,63,64,65,66,67,68,69,70,71,72,73,74,75,76,77,78,79,80,81,82,83,84,85,86,87,88,89,90,91,92,93,94,95,96,97,98,99,100,101,102,103,104,105,106,107,108,106,106,106,106,106,109,110,111,112,113,114,115,116","0.000494003295898438","louvain","edit-xhwikibooks.graphml"
"0.41","0.59","0","0.891649323621227","1,1,1,2,3,4,5,6,7,8,9,10,11,11,11,12,13,14,15,16,17,18,19,6,20,20,20,21,22,23,24,25,26,27,28,28,29,30,31,32,33,34,35,36,37,38,39,40,41,42,43,44,45,46,47,48,49,50,51,52,53,54,55,56,57,58,59,60,61,62,63,64,65,66,67,68,69,70,71,72,73,74,75,76,77,78,79,80,81,82,83,84,85,86,87,88,89,90,91,92,93,94,95,96,97,98,99,100,101,102,103,104,105,106,107,108,106,106,106,106,106,109,110,111,112,113,114,115,116","0.00051116943359375","louvain","edit-xhwikibooks.graphml"
"0.4","0.6","0","0.894289788579577","1,1,1,2,3,4,5,6,7,8,9,10,11,11,11,12,13,14,15,16,17,18,19,6,20,20,20,21,22,23,24,25,26,27,28,28,29,30,31,32,33,34,35,36,37,38,39,40,41,42,43,44,45,46,47,48,49,50,51,52,53,54,55,56,57,58,59,60,61,62,63,64,65,66,67,68,69,70,71,72,73,74,75,76,77,78,79,80,81,82,83,84,85,86,87,88,89,90,91,92,93,94,95,96,97,98,99,100,101,102,103,104,105,106,107,108,106,106,106,106,106,109,110,111,112,113,114,115,116","0.000490903854370117","louvain","edit-xhwikibooks.graphml"
"0.39","0.61","0","0.8924560546875","1,1,1,2,3,4,5,6,7,8,9,10,11,11,11,12,13,14,15,16,17,18,19,6,20,20,20,21,22,23,24,25,26,27,28,28,29,30,31,32,33,34,35,36,37,38,39,40,41,42,43,44,45,46,47,48,49,50,51,52,53,54,55,56,57,58,59,60,61,62,63,64,65,66,67,68,69,70,71,72,73,74,75,76,77,78,79,80,81,82,83,84,85,86,87,88,89,90,91,92,93,94,95,96,97,98,99,100,101,102,103,104,105,106,107,108,106,106,106,106,106,109,110,111,112,113,114,115,116","0.000503063201904297","louvain","edit-xhwikibooks.graphml"
"0.38","0.62","0","0.893215551950003","1,1,1,2,3,4,5,6,7,8,9,10,11,11,11,12,13,14,15,16,17,18,19,6,20,20,20,21,22,23,24,25,26,27,28,28,29,30,31,32,33,34,35,36,37,38,39,40,41,42,43,44,45,46,47,48,49,50,51,52,53,54,55,56,57,58,59,60,61,62,63,64,65,66,67,68,69,70,71,72,73,74,75,76,77,78,79,80,81,82,83,84,85,86,87,88,89,90,91,92,93,94,95,96,97,98,99,100,101,102,103,104,105,106,107,108,106,106,106,106,106,109,110,111,112,113,114,115,116","0.000488042831420898","louvain","edit-xhwikibooks.graphml"
"0.37","0.63","0","0.891360946745562","1,1,1,2,3,4,5,6,7,8,9,10,11,11,11,12,13,14,15,16,17,18,19,6,20,20,20,21,22,23,24,25,26,27,28,28,29,30,31,32,33,34,35,36,37,38,39,40,41,42,43,44,45,46,47,48,49,50,51,52,53,54,55,56,57,58,59,60,61,62,63,64,65,66,67,68,69,70,71,72,73,74,75,76,77,78,79,80,81,82,83,84,85,86,87,88,89,90,91,92,93,94,95,96,97,98,99,100,101,102,103,104,105,106,107,108,106,106,106,106,106,109,110,111,112,113,114,115,116","0.000540971755981445","louvain","edit-xhwikibooks.graphml"
"0.36","0.64","0","0.891360946745562","1,1,1,2,3,4,5,6,7,8,9,10,11,11,11,12,13,14,15,16,17,18,19,6,20,20,20,21,22,23,24,25,26,27,28,28,29,30,31,32,33,34,35,36,37,38,39,40,41,42,43,44,45,46,47,48,49,50,51,52,53,54,55,56,57,58,59,60,61,62,63,64,65,66,67,68,69,70,71,72,73,74,75,76,77,78,79,80,81,82,83,84,85,86,87,88,89,90,91,92,93,94,95,96,97,98,99,100,101,102,103,104,105,106,107,108,106,106,106,106,106,109,110,111,112,113,114,115,116","0.000540018081665039","louvain","edit-xhwikibooks.graphml"
"0.35","0.65","0","0.889458656255463","1,1,1,2,3,4,5,6,7,8,9,10,11,11,11,12,13,14,15,16,17,18,19,6,20,20,20,21,22,23,24,25,26,27,28,28,29,30,31,32,33,34,35,36,37,38,39,40,41,42,43,44,45,46,47,48,49,50,51,52,53,54,55,56,57,58,59,60,61,62,63,64,65,66,67,68,69,70,71,72,73,74,75,76,77,78,79,80,81,82,83,84,85,86,87,88,89,90,91,92,93,94,95,96,97,98,99,100,101,102,103,104,105,106,107,108,106,106,106,106,106,109,110,111,112,113,114,115,116","0.000503063201904297","louvain","edit-xhwikibooks.graphml"
"0.34","0.66","0","0.889458656255463","1,1,1,2,3,4,5,6,7,8,9,10,11,11,11,12,13,14,15,16,17,18,19,6,20,20,20,21,22,23,24,25,26,27,28,28,29,30,31,32,33,34,35,36,37,38,39,40,41,42,43,44,45,46,47,48,49,50,51,52,53,54,55,56,57,58,59,60,61,62,63,64,65,66,67,68,69,70,71,72,73,74,75,76,77,78,79,80,81,82,83,84,85,86,87,88,89,90,91,92,93,94,95,96,97,98,99,100,101,102,103,104,105,106,107,108,106,106,106,106,106,109,110,111,112,113,114,115,116","0.00047612190246582","louvain","edit-xhwikibooks.graphml"
"0.33","0.67","0","0.900828358554306","1,1,1,2,3,4,5,6,7,8,9,10,11,11,11,12,13,14,15,16,17,18,19,6,20,20,20,21,22,23,24,25,26,27,28,28,29,30,31,32,33,34,35,36,37,38,39,40,41,42,43,44,45,46,47,48,49,50,51,52,53,54,55,56,57,58,59,60,61,62,63,64,65,66,67,68,69,70,71,72,73,74,75,76,77,78,79,80,81,82,83,84,85,86,87,88,89,90,91,92,93,94,95,96,97,98,99,100,101,102,103,104,105,106,107,108,106,106,106,106,106,109,110,111,112,113,114,115,116","0.000496149063110352","louvain","edit-xhwikibooks.graphml"
"0.32","0.68","0","0.900828358554306","1,1,1,2,3,4,5,6,7,8,9,10,11,11,11,12,13,14,15,16,17,18,19,6,20,20,20,21,22,23,24,25,26,27,28,28,29,30,31,32,33,34,35,36,37,38,39,40,41,42,43,44,45,46,47,48,49,50,51,52,53,54,55,56,57,58,59,60,61,62,63,64,65,66,67,68,69,70,71,72,73,74,75,76,77,78,79,80,81,82,83,84,85,86,87,88,89,90,91,92,93,94,95,96,97,98,99,100,101,102,103,104,105,106,107,108,106,106,106,106,106,109,110,111,112,113,114,115,116","0.000519037246704102","louvain","edit-xhwikibooks.graphml"
"0.31","0.69","0","0.899196493791089","1,1,1,2,3,4,5,6,7,8,9,10,11,11,11,12,13,14,15,16,17,18,19,6,20,20,20,21,22,23,24,25,26,27,28,28,29,30,31,32,33,34,35,36,37,38,39,40,41,42,43,44,45,46,47,48,49,50,51,52,53,54,55,56,57,58,59,60,61,62,63,64,65,66,67,68,69,70,71,72,73,74,75,76,77,78,79,80,81,82,83,84,85,86,87,88,89,90,91,92,93,94,95,96,97,98,99,100,101,102,103,104,105,106,107,108,106,106,106,106,106,109,110,111,112,113,114,115,116","0.000483036041259766","louvain","edit-xhwikibooks.graphml"
"0.3","0.7","0","0.899779289221206","1,1,1,2,3,4,5,6,7,8,9,10,11,11,11,12,13,14,15,16,17,18,19,6,20,20,20,21,22,23,24,25,26,27,28,28,29,30,31,32,33,34,35,36,37,38,39,40,41,42,43,44,45,46,47,48,49,50,51,52,53,54,55,56,57,58,59,60,61,62,63,64,65,66,67,68,69,70,71,72,73,74,75,76,77,78,79,80,81,82,83,84,85,86,87,88,89,90,91,92,93,94,95,96,97,98,99,100,101,102,103,104,105,106,107,108,106,106,106,106,106,109,110,111,112,113,114,115,116","0.000514984130859375","louvain","edit-xhwikibooks.graphml"
"0.29","0.71","0","0.898133333333334","1,1,1,2,3,4,5,6,7,8,9,10,11,11,11,12,13,14,15,16,17,18,19,6,20,20,20,21,22,23,24,25,26,27,28,28,29,30,31,32,33,34,35,36,37,38,39,40,41,42,43,44,45,46,47,48,49,50,51,52,53,54,55,56,57,58,59,60,61,62,63,64,65,66,67,68,69,70,71,72,73,74,75,76,77,78,79,80,81,82,83,84,85,86,87,88,89,90,91,92,93,94,95,96,97,98,99,100,101,102,103,104,105,106,107,108,106,106,106,106,106,109,110,111,112,113,114,115,116","0.000655889511108398","louvain","edit-xhwikibooks.graphml"
"0.28","0.72","0","0.898459141274238","1,1,1,2,3,4,5,6,7,8,9,10,11,11,11,12,13,14,15,16,17,18,19,6,20,20,20,21,22,23,24,25,26,27,28,28,29,30,31,32,33,34,35,36,37,38,39,40,41,42,43,44,45,46,47,48,49,50,51,52,53,54,55,56,57,58,59,60,61,62,63,64,65,66,67,68,69,70,71,72,73,74,75,76,77,78,79,80,81,82,83,84,85,86,87,88,89,90,91,92,93,94,95,96,97,98,99,100,101,102,103,104,105,106,107,108,106,106,106,106,106,109,110,111,112,113,114,115,116","0.000529050827026367","louvain","edit-xhwikibooks.graphml"
"0.27","0.73","0","0.896834550813789","1,1,1,2,3,4,5,6,7,8,9,10,11,11,11,12,13,14,15,16,17,18,19,6,20,20,20,21,22,23,24,25,26,27,28,28,29,30,31,32,33,34,35,36,37,38,39,40,41,42,43,44,45,46,47,48,49,50,51,52,53,54,55,56,57,58,59,60,61,62,63,64,65,66,67,68,69,70,71,72,73,74,75,76,77,78,79,80,81,82,83,84,85,86,87,88,89,90,91,92,93,94,95,96,97,98,99,100,101,102,103,104,105,106,107,108,106,106,106,106,106,109,110,111,112,113,114,115,116","0.000574111938476562","louvain","edit-xhwikibooks.graphml"
"0.26","0.74","0","0.896834550813789","1,1,1,2,3,4,5,6,7,8,9,10,11,11,11,12,13,14,15,16,17,18,19,6,20,20,20,21,22,23,24,25,26,27,28,28,29,30,31,32,33,34,35,36,37,38,39,40,41,42,43,44,45,46,47,48,49,50,51,52,53,54,55,56,57,58,59,60,61,62,63,64,65,66,67,68,69,70,71,72,73,74,75,76,77,78,79,80,81,82,83,84,85,86,87,88,89,90,91,92,93,94,95,96,97,98,99,100,101,102,103,104,105,106,107,108,106,106,106,106,106,109,110,111,112,113,114,115,116","0.000813007354736328","louvain","edit-xhwikibooks.graphml"
"0.25","0.75","0","0.897724045600227","1,1,1,2,3,4,5,6,7,8,9,10,11,11,11,12,13,14,15,16,17,18,19,6,20,20,20,21,22,23,24,25,26,27,28,28,29,30,31,32,33,34,35,36,37,38,39,40,41,42,43,44,45,46,47,48,49,50,51,52,53,54,55,56,57,58,59,60,61,62,63,64,65,66,67,68,69,70,71,72,73,74,75,76,77,78,79,80,81,82,83,84,85,86,87,88,89,90,91,92,93,94,95,96,97,98,99,100,101,102,103,104,105,106,107,108,106,106,106,106,106,109,110,111,112,113,114,115,116","0.000922918319702148","louvain","edit-xhwikibooks.graphml"
"0.24","0.76","0","0.897724045600227","1,1,1,2,3,4,5,6,7,8,9,10,11,11,11,12,13,14,15,16,17,18,19,6,20,20,20,21,22,23,24,25,26,27,28,28,29,30,31,32,33,34,35,36,37,38,39,40,41,42,43,44,45,46,47,48,49,50,51,52,53,54,55,56,57,58,59,60,61,62,63,64,65,66,67,68,69,70,71,72,73,74,75,76,77,78,79,80,81,82,83,84,85,86,87,88,89,90,91,92,93,94,95,96,97,98,99,100,101,102,103,104,105,106,107,108,106,106,106,106,106,109,110,111,112,113,114,115,116","0.000632047653198242","louvain","edit-xhwikibooks.graphml"
"0.23","0.77","0","0.898253485018427","1,1,1,2,3,4,5,6,7,8,9,10,11,11,11,12,13,14,15,16,17,18,19,6,20,20,20,21,22,23,24,25,26,27,28,28,29,30,31,32,33,34,35,36,37,38,39,40,41,42,43,44,45,46,47,48,49,50,51,52,53,54,55,56,57,58,59,60,61,62,63,64,65,66,67,68,69,70,71,72,73,74,75,76,77,78,79,80,81,82,83,84,85,86,87,88,89,90,91,92,93,94,95,96,97,98,99,100,101,102,103,104,105,106,107,108,106,106,106,106,106,109,110,111,112,113,114,115,116","0.000576019287109375","louvain","edit-xhwikibooks.graphml"
"0.22","0.78","0","0.897496238571043","1,1,1,2,3,4,5,6,7,8,9,10,11,11,11,12,13,14,15,16,17,18,19,6,20,20,20,21,22,23,24,25,26,27,28,28,29,30,31,32,33,34,35,36,37,38,39,40,41,42,43,44,45,46,47,48,49,50,51,52,53,54,55,56,57,58,59,60,61,62,63,64,65,66,67,68,69,70,71,72,73,74,75,76,77,78,79,80,81,82,83,84,85,86,87,88,89,90,91,92,93,94,95,96,97,98,99,100,101,102,103,104,105,106,107,108,106,106,106,106,106,109,110,111,112,113,114,115,116","0.000434160232543945","louvain","edit-xhwikibooks.graphml"
"0.21","0.79","0","0.897496238571043","1,1,1,2,3,4,5,6,7,8,9,10,11,11,11,12,13,14,15,16,17,18,19,6,20,20,20,21,22,23,24,25,26,27,28,28,29,30,31,32,33,34,35,36,37,38,39,40,41,42,43,44,45,46,47,48,49,50,51,52,53,54,55,56,57,58,59,60,61,62,63,64,65,66,67,68,69,70,71,72,73,74,75,76,77,78,79,80,81,82,83,84,85,86,87,88,89,90,91,92,93,94,95,96,97,98,99,100,101,102,103,104,105,106,107,108,106,106,106,106,106,109,110,111,112,113,114,115,116","0.00052189826965332","louvain","edit-xhwikibooks.graphml"
"0.2","0.8","0","0.897704315886134","1,1,1,2,3,4,5,6,7,8,9,10,11,11,11,12,13,14,15,16,17,18,19,6,20,20,20,21,22,23,24,25,26,27,28,28,29,30,31,32,33,34,35,36,37,38,39,40,41,42,43,44,45,46,47,48,49,50,51,52,53,54,55,56,57,58,59,60,61,62,63,64,65,66,67,68,69,70,71,72,73,74,75,76,77,78,79,80,81,82,83,84,85,86,87,88,89,90,91,92,93,94,95,96,97,98,99,100,101,102,103,104,105,106,107,108,106,106,106,106,106,109,110,111,112,113,114,115,116","0.000540971755981445","louvain","edit-xhwikibooks.graphml"
"0.19","0.81","0","0.897704315886134","1,1,1,2,3,4,5,6,7,8,9,10,11,11,11,12,13,14,15,16,17,18,19,6,20,20,20,21,22,23,24,25,26,27,28,28,29,30,31,32,33,34,35,36,37,38,39,40,41,42,43,44,45,46,47,48,49,50,51,52,53,54,55,56,57,58,59,60,61,62,63,64,65,66,67,68,69,70,71,72,73,74,75,76,77,78,79,80,81,82,83,84,85,86,87,88,89,90,91,92,93,94,95,96,97,98,99,100,101,102,103,104,105,106,107,108,106,106,106,106,106,109,110,111,112,113,114,115,116","0.00052189826965332","louvain","edit-xhwikibooks.graphml"
"0.18","0.82","0","0.896138771955291","1,1,1,2,3,4,5,6,7,8,9,10,11,11,11,12,13,14,15,16,17,18,19,6,20,20,20,21,22,23,24,25,26,27,28,28,29,30,31,32,33,34,35,36,37,38,39,40,41,42,43,44,45,46,47,48,49,50,51,52,53,54,55,56,57,58,59,60,61,62,63,64,65,66,67,68,69,70,71,72,73,74,75,76,77,78,79,80,81,82,83,84,85,86,87,88,89,90,91,92,93,94,95,96,97,98,99,100,101,102,103,104,105,106,107,108,106,106,106,106,106,109,110,111,112,113,114,115,116","0.000548839569091797","louvain","edit-xhwikibooks.graphml"
"0.17","0.83","0","0.896138771955291","1,1,1,2,3,4,5,6,7,8,9,10,11,11,11,12,13,14,15,16,17,18,19,6,20,20,20,21,22,23,24,25,26,27,28,28,29,30,31,32,33,34,35,36,37,38,39,40,41,42,43,44,45,46,47,48,49,50,51,52,53,54,55,56,57,58,59,60,61,62,63,64,65,66,67,68,69,70,71,72,73,74,75,76,77,78,79,80,81,82,83,84,85,86,87,88,89,90,91,92,93,94,95,96,97,98,99,100,101,102,103,104,105,106,107,108,106,106,106,106,106,109,110,111,112,113,114,115,116","0.000525951385498047","louvain","edit-xhwikibooks.graphml"
"0.16","0.84","0","0.894628684807256","1,1,1,2,3,4,5,6,7,8,9,10,11,11,11,12,13,14,15,16,17,18,19,6,20,20,20,21,22,23,24,25,26,27,28,28,29,30,31,32,33,34,35,36,37,38,39,40,41,42,43,44,45,46,47,48,49,50,51,52,53,54,55,56,57,58,59,60,61,62,63,64,65,66,67,68,69,70,71,72,73,74,75,76,77,78,79,80,81,82,83,84,85,86,87,88,89,90,91,92,93,94,95,96,97,98,99,100,101,102,103,104,105,106,107,108,106,106,106,106,106,109,110,111,112,113,114,115,116","0.000509977340698242","louvain","edit-xhwikibooks.graphml"
"0.15","0.85","0","0.89513672490459","1,1,1,2,3,4,5,6,7,8,9,10,11,11,11,12,13,14,15,16,17,18,19,6,20,20,20,21,22,23,24,25,26,27,28,28,29,30,31,32,33,34,35,36,37,38,39,40,41,42,43,44,45,46,47,48,49,50,51,52,53,54,55,56,57,58,59,60,61,62,63,64,65,66,67,68,69,70,71,72,73,74,75,76,77,78,79,80,81,82,83,84,85,86,87,88,89,90,91,92,93,94,95,96,97,98,99,100,101,102,103,104,105,106,107,108,106,106,106,106,106,109,110,111,112,113,114,115,116","0.000506877899169922","louvain","edit-xhwikibooks.graphml"
"0.14","0.86","0","0.893861546782045","1,1,1,2,3,4,5,6,7,8,9,10,11,11,11,12,13,14,15,16,17,18,19,6,20,20,20,21,22,23,24,25,26,27,28,28,29,30,31,32,33,34,35,36,37,38,39,40,41,42,43,44,45,46,47,48,49,50,51,52,53,54,55,56,57,58,59,60,61,62,63,64,65,66,67,68,69,70,71,72,73,74,75,76,77,78,79,80,81,82,83,84,85,86,87,88,89,90,91,92,93,94,95,96,97,98,99,100,101,102,103,104,105,106,107,108,106,106,106,106,106,109,110,111,112,113,114,115,116","0.000549077987670898","louvain","edit-xhwikibooks.graphml"
"0.13","0.87","0","0.893861546782045","1,1,1,2,3,4,5,6,7,8,9,10,11,11,11,12,13,14,15,16,17,18,19,6,20,20,20,21,22,23,24,25,26,27,28,28,29,30,31,32,33,34,35,36,37,38,39,40,41,42,43,44,45,46,47,48,49,50,51,52,53,54,55,56,57,58,59,60,61,62,63,64,65,66,67,68,69,70,71,72,73,74,75,76,77,78,79,80,81,82,83,84,85,86,87,88,89,90,91,92,93,94,95,96,97,98,99,100,101,102,103,104,105,106,107,108,106,106,106,106,106,109,110,111,112,113,114,115,116","0.000503063201904297","louvain","edit-xhwikibooks.graphml"
"0.12","0.88","0","0.89231180460423","1,1,1,2,3,4,5,6,7,8,9,10,11,11,11,12,13,14,15,16,17,18,19,6,20,20,20,21,22,23,24,25,26,27,28,28,29,30,31,32,33,34,35,36,37,38,39,40,41,42,43,44,45,46,47,48,49,50,51,52,53,54,55,56,57,58,59,60,61,62,63,64,65,66,67,68,69,70,71,72,73,74,75,76,77,78,79,80,81,82,83,84,85,86,87,88,89,90,91,92,93,94,95,96,97,98,99,100,101,102,103,104,105,106,107,108,106,106,106,106,106,109,110,111,112,113,114,115,116","0.000509977340698242","louvain","edit-xhwikibooks.graphml"
"0.11","0.89","0","0.893061224489796","1,1,1,2,3,4,5,6,7,8,9,10,11,11,11,12,13,14,15,16,17,18,19,6,20,20,20,21,22,23,24,25,26,27,28,28,29,30,31,32,33,34,35,36,37,38,39,40,41,42,43,44,45,46,47,48,49,50,51,52,53,54,55,56,57,58,59,60,61,62,63,64,65,66,67,68,69,70,71,72,73,74,75,76,77,78,79,80,81,82,83,84,85,86,87,88,89,90,91,92,93,94,95,96,97,98,99,100,101,102,103,104,105,106,107,108,106,106,106,106,106,109,110,111,112,113,114,115,116","0.000524997711181641","louvain","edit-xhwikibooks.graphml"
"0.1","0.9","0","0.891528925619835","1,1,1,2,3,4,5,6,7,8,9,10,11,11,11,12,13,14,15,16,17,18,19,6,20,20,20,21,22,23,24,25,26,27,28,28,29,30,31,32,33,34,35,36,37,38,39,40,41,42,43,44,45,46,47,48,49,50,51,52,53,54,55,56,57,58,59,60,61,62,63,64,65,66,67,68,69,70,71,72,73,74,75,76,77,78,79,80,81,82,83,84,85,86,87,88,89,90,91,92,93,94,95,96,97,98,99,100,101,102,103,104,105,106,107,108,106,106,106,106,106,109,110,111,112,113,114,115,116","0.00049901008605957","louvain","edit-xhwikibooks.graphml"
"0.09","0.91","0","0.891528925619835","1,1,1,2,3,4,5,6,7,8,9,10,11,11,11,12,13,14,15,16,17,18,19,6,20,20,20,21,22,23,24,25,26,27,28,28,29,30,31,32,33,34,35,36,37,38,39,40,41,42,43,44,45,46,47,48,49,50,51,52,53,54,55,56,57,58,59,60,61,62,63,64,65,66,67,68,69,70,71,72,73,74,75,76,77,78,79,80,81,82,83,84,85,86,87,88,89,90,91,92,93,94,95,96,97,98,99,100,101,102,103,104,105,106,107,108,106,106,106,106,106,109,110,111,112,113,114,115,116","0.000786781311035156","louvain","edit-xhwikibooks.graphml"
"0.08","0.92","0","0.889974145360528","1,1,1,2,3,4,5,6,7,8,9,10,11,11,11,12,13,14,15,16,17,18,19,6,20,20,20,21,22,23,24,25,26,27,28,28,29,30,31,32,33,34,35,36,37,38,39,40,41,42,43,44,45,46,47,48,49,50,51,52,53,54,55,56,57,58,59,60,61,62,63,64,65,66,67,68,69,70,71,72,73,74,75,76,77,78,79,80,81,82,83,84,85,86,87,88,89,90,91,92,93,94,95,96,97,98,99,100,101,102,103,104,105,106,107,108,106,106,106,106,106,109,110,111,112,113,114,115,116","0.000566005706787109","louvain","edit-xhwikibooks.graphml"
"0.07","0.93","0","0.890480999873754","1,1,1,2,3,4,5,6,7,8,9,10,11,11,11,12,13,14,15,16,17,18,19,6,20,20,20,21,22,23,24,25,26,27,28,28,29,30,31,32,33,34,35,36,37,38,39,40,41,42,43,44,45,46,47,48,49,50,51,52,53,54,55,56,57,58,59,60,61,62,63,64,65,66,67,68,69,70,71,72,73,74,75,76,77,78,79,80,81,82,83,84,85,86,87,88,89,90,91,92,93,94,95,96,97,98,99,100,101,102,103,104,105,106,107,108,106,106,106,106,106,109,110,111,112,113,114,115,116","0.000550985336303711","louvain","edit-xhwikibooks.graphml"
"0.06","0.94","0","0.888923566680192","1,1,1,2,3,4,5,6,7,8,9,10,11,11,11,12,13,14,15,16,17,18,19,6,20,20,20,21,22,23,24,25,26,27,28,28,29,30,31,32,33,34,35,36,37,38,39,40,41,42,43,44,45,46,47,48,49,50,51,52,53,54,55,56,57,58,59,60,61,62,63,64,65,66,67,68,69,70,71,72,73,74,75,76,77,78,79,80,81,82,83,84,85,86,87,88,89,90,91,92,93,94,95,96,97,98,99,100,101,102,103,104,105,106,107,108,106,106,106,106,106,109,110,111,112,113,114,115,116","0.00053095817565918","louvain","edit-xhwikibooks.graphml"
"0.05","0.95","0","0.888923566680192","1,1,1,2,3,4,5,6,7,8,9,10,11,11,11,12,13,14,15,16,17,18,19,6,20,20,20,21,22,23,24,25,26,27,28,28,29,30,31,32,33,34,35,36,37,38,39,40,41,42,43,44,45,46,47,48,49,50,51,52,53,54,55,56,57,58,59,60,61,62,63,64,65,66,67,68,69,70,71,72,73,74,75,76,77,78,79,80,81,82,83,84,85,86,87,88,89,90,91,92,93,94,95,96,97,98,99,100,101,102,103,104,105,106,107,108,106,106,106,106,106,109,110,111,112,113,114,115,116","0.000494003295898438","louvain","edit-xhwikibooks.graphml"
"0.04","0.96","0","0.887345679012346","1,1,1,2,3,4,5,6,7,8,9,10,11,11,11,12,13,14,15,16,17,18,19,6,20,20,20,21,22,23,24,25,26,27,28,28,29,30,31,32,33,34,35,36,37,38,39,40,41,42,43,44,45,46,47,48,49,50,51,52,53,54,55,56,57,58,59,60,61,62,63,64,65,66,67,68,69,70,71,72,73,74,75,76,77,78,79,80,81,82,83,84,85,86,87,88,89,90,91,92,93,94,95,96,97,98,99,100,101,102,103,104,105,106,107,108,106,106,106,106,106,109,110,111,112,113,114,115,116","0.000497817993164062","louvain","edit-xhwikibooks.graphml"
"0.03","0.97","0","0.887345679012346","1,1,1,2,3,4,5,6,7,8,9,10,11,11,11,12,13,14,15,16,17,18,19,6,20,20,20,21,22,23,24,25,26,27,28,28,29,30,31,32,33,34,35,36,37,38,39,40,41,42,43,44,45,46,47,48,49,50,51,52,53,54,55,56,57,58,59,60,61,62,63,64,65,66,67,68,69,70,71,72,73,74,75,76,77,78,79,80,81,82,83,84,85,86,87,88,89,90,91,92,93,94,95,96,97,98,99,100,101,102,103,104,105,106,107,108,106,106,106,106,106,109,110,111,112,113,114,115,116","0.000515937805175781","louvain","edit-xhwikibooks.graphml"
"0.02","0.98","0","0.885748298281493","1,1,1,2,3,4,5,6,7,8,9,10,11,11,11,12,13,14,15,16,17,18,19,6,20,20,20,21,22,23,24,25,26,27,28,28,29,30,31,32,33,34,35,36,37,38,39,40,41,42,43,44,45,46,47,48,49,50,51,52,53,54,55,56,57,58,59,60,61,62,63,64,65,66,67,68,69,70,71,72,73,74,75,76,77,78,79,80,81,82,83,84,85,86,87,88,89,90,91,92,93,94,95,96,97,98,99,100,101,102,103,104,105,106,107,108,106,106,106,106,106,109,110,111,112,113,114,115,116","0.000517129898071289","louvain","edit-xhwikibooks.graphml"
"0.01","0.99","0","0.885748298281493","1,1,1,2,3,4,5,6,7,8,9,10,11,11,11,12,13,14,15,16,17,18,19,6,20,20,20,21,22,23,24,25,26,27,28,28,29,30,31,32,33,34,35,36,37,38,39,40,41,42,43,44,45,46,47,48,49,50,51,52,53,54,55,56,57,58,59,60,61,62,63,64,65,66,67,68,69,70,71,72,73,74,75,76,77,78,79,80,81,82,83,84,85,86,87,88,89,90,91,92,93,94,95,96,97,98,99,100,101,102,103,104,105,106,107,108,106,106,106,106,106,109,110,111,112,113,114,115,116","0.000501155853271484","louvain","edit-xhwikibooks.graphml"
"0","1","0","0.481320078086704","1,2,3,4,5,6,3,4,4,4,5,5,6,6,6,4,6,3,3,3,1,1,4,4,4,4,4,6,1,4,5,5,5,5,4,4,4,4,7,7,7,7,2,2,2,2,7,2,2,2,7,7,7,7,7,2,2,2,2,7,6,7,7,6,6,7,7,7,7,7,2,7,6,6,7,7,7,7,7,7,7,6,4,4,4,2,7,7,7,7,6,3,3,7,7,7,6,7,7,7,7,7,7,7,7,7,7,3,3,7,7,7,7,3,3,3,3,3,3,3,3,6,6,6,6,6,6,6,6","0.00100994110107422","louvain","edit-xhwikibooks.graphml"
"0.99","0","0.01","0.741738343141693","1,1,1,1,2,3,2,4,3,3,2,2,4,4,4,3,3,2,2,2,5,6,4,4,4,4,4,3,1,3,2,2,2,2,7,7,8,4,5,5,5,5,6,6,6,6,5,6,6,6,5,5,5,5,5,6,6,6,6,5,4,5,5,4,4,5,5,5,5,5,6,5,4,4,5,5,5,5,5,5,5,4,3,3,3,1,5,5,5,5,3,2,2,5,5,5,3,5,5,5,5,5,5,5,5,5,5,2,2,2,5,5,5,7,7,7,7,7,7,7,7,8,8,8,8,8,8,8,8","0.000600099563598633","louvain","edit-xhwikibooks.graphml"
"0.98","0.01","0.01","0.739625773351441","1,1,1,1,2,3,2,3,3,4,2,2,3,3,3,5,4,2,2,2,6,7,3,3,3,3,3,5,1,4,2,2,2,2,8,8,9,3,6,6,6,6,7,7,7,7,6,7,7,7,6,6,6,6,6,7,7,7,7,6,3,6,6,3,3,6,6,6,6,6,7,6,3,3,6,6,6,6,6,6,6,3,5,5,5,1,6,6,6,6,4,2,2,6,6,6,5,6,6,6,6,6,6,6,6,6,6,2,2,2,6,6,6,8,8,8,8,8,8,8,8,9,9,9,9,9,9,9,9","0.00070500373840332","louvain","edit-xhwikibooks.graphml"
"0.97","0.02","0.01","0.733050389273356","1,1,1,1,2,3,2,4,3,3,2,2,4,4,4,3,3,2,2,2,5,6,4,4,4,4,4,3,1,3,2,2,2,2,7,7,8,4,5,5,5,5,6,6,6,6,5,6,6,6,5,5,5,5,5,6,6,6,6,5,9,5,5,4,4,5,5,5,5,5,6,5,4,4,5,5,5,5,5,5,5,4,3,3,3,10,5,5,5,5,11,12,13,5,5,5,3,5,5,5,5,5,5,5,5,5,5,2,2,2,5,5,5,7,7,7,7,7,7,7,7,8,8,8,8,8,8,8,8","0.000646114349365234","louvain","edit-xhwikibooks.graphml"
"0.96","0.03","0.01","0.715853431706863","1,1,1,1,2,1,2,1,1,1,2,2,3,3,3,1,4,2,2,2,5,6,3,3,3,3,3,1,1,7,8,2,2,2,9,9,10,3,5,5,5,5,6,6,6,6,5,6,6,6,5,5,5,5,5,6,6,6,6,5,11,5,5,12,13,5,5,5,5,5,6,5,3,3,5,5,5,5,5,5,5,14,1,1,1,15,5,5,5,5,16,17,18,5,5,5,19,5,5,5,5,5,5,5,5,5,5,20,21,5,5,5,5,9,9,9,9,9,9,9,9,10,10,10,10,10,10,10,10","0.00058293342590332","louvain","edit-xhwikibooks.graphml"
"0.95","0.04","0.01","0.697431278878534","1,1,1,2,3,2,4,2,2,2,4,5,2,2,2,2,6,7,4,8,9,10,11,2,2,2,2,2,1,12,13,14,8,15,4,4,16,2,9,9,9,9,10,10,10,10,9,10,10,10,9,9,9,9,9,10,10,10,10,9,17,9,9,18,19,9,9,9,9,9,10,9,20,21,9,9,9,9,9,9,9,22,23,24,25,26,9,9,9,9,27,28,29,9,9,9,30,9,9,9,9,9,9,9,9,9,9,31,32,9,9,9,9,4,4,4,4,4,4,4,4,16,16,16,16,16,16,16,16","0.000542879104614258","louvain","edit-xhwikibooks.graphml"
"0.94","0.05","0.01","0.684725265806347","1,1,1,2,3,2,4,2,2,2,5,6,2,2,2,2,7,8,9,10,11,12,13,2,2,2,2,2,1,14,15,16,17,18,9,9,19,2,11,11,11,11,12,12,12,12,11,12,12,12,11,11,11,11,11,12,12,12,12,11,20,11,11,21,22,11,11,11,11,11,12,11,23,24,11,11,11,11,11,11,11,25,26,27,28,29,11,11,11,11,30,31,32,11,11,11,33,11,11,11,11,11,11,11,11,11,11,34,35,11,11,11,11,9,9,9,9,9,9,9,9,19,19,19,19,19,19,19,19","0.000543117523193359","louvain","edit-xhwikibooks.graphml"
"0.93","0.06","0.01","0.671065759637188","1,1,1,2,3,1,4,1,5,6,7,8,1,5,5,1,9,10,11,12,13,14,15,5,5,5,5,16,17,18,19,20,21,22,11,11,23,5,13,13,13,13,14,14,14,14,13,14,14,14,13,13,13,13,13,14,14,14,14,13,24,13,13,25,26,13,13,13,13,13,14,13,27,28,13,13,13,13,13,13,13,29,30,31,32,33,13,13,13,13,34,35,36,13,13,13,37,13,13,13,13,13,13,13,13,13,13,38,39,13,13,13,13,11,11,11,11,11,11,11,11,23,23,23,23,23,23,23,23","0.000532150268554688","louvain","edit-xhwikibooks.graphml"
"0.92","0.07","0.01","0.654397209916109","1,1,1,2,3,1,4,1,5,6,7,8,9,5,5,10,11,12,13,14,15,16,17,5,5,5,5,18,19,20,21,22,23,24,13,13,25,26,15,15,15,15,16,16,16,16,15,16,16,16,15,15,15,15,15,16,16,16,16,15,27,15,15,28,29,15,15,15,15,15,16,15,30,31,15,15,15,15,15,15,15,32,33,34,35,36,15,15,15,15,37,38,39,15,15,15,40,15,15,15,15,15,15,15,15,15,15,41,42,15,15,15,15,13,13,13,13,13,13,13,13,25,25,25,25,25,25,25,25","0.000560998916625977","louvain","edit-xhwikibooks.graphml"
"0.91","0.08","0.01","0.6475","1,1,1,2,3,4,5,6,7,8,9,10,11,6,6,12,13,14,15,16,17,18,19,20,6,6,6,21,22,23,24,25,26,27,15,15,28,29,17,17,17,17,18,18,18,18,17,18,18,18,17,17,17,17,17,18,18,18,18,17,30,17,17,31,32,17,17,17,17,17,18,17,33,34,17,17,17,17,17,17,17,35,36,37,38,39,17,17,17,17,40,41,42,17,17,17,43,17,17,17,17,17,17,17,17,17,17,44,45,17,17,17,17,15,15,15,15,15,15,15,15,28,28,28,28,28,28,28,28","0.00058293342590332","louvain","edit-xhwikibooks.graphml"
"0.9","0.09","0.01","0.570377066115703","1,1,1,2,3,4,5,6,7,8,9,10,11,12,12,13,14,15,16,17,18,19,20,21,12,12,12,22,23,24,25,26,27,28,16,16,12,29,18,18,18,18,19,19,19,19,18,19,19,19,18,18,18,18,18,19,19,19,19,18,30,18,18,31,32,18,18,18,18,18,19,18,33,34,18,18,18,18,18,18,18,35,36,37,38,39,18,18,18,18,40,41,42,18,18,18,43,18,18,18,18,18,18,18,18,18,18,44,45,18,18,18,18,16,46,47,16,16,16,16,16,48,49,50,51,52,53,54,55","0.000514030456542969","louvain","edit-xhwikibooks.graphml"
"0.89","0.1","0.01","0.562161448011626","1,1,1,2,3,4,5,6,7,8,9,10,11,12,13,14,15,16,17,18,19,20,21,22,13,13,13,23,24,25,26,27,28,29,17,17,13,30,19,19,19,19,20,20,20,20,19,20,20,20,19,19,19,19,19,20,20,20,20,19,31,19,19,32,33,19,19,19,19,19,20,19,34,35,19,19,19,19,19,19,19,36,37,38,39,40,19,19,19,19,41,42,43,19,19,19,44,19,19,19,19,19,19,19,19,19,19,45,46,19,19,19,19,17,47,48,17,17,17,17,17,49,50,51,52,53,54,55,56","0.000489950180053711","louvain","edit-xhwikibooks.graphml"
"0.88","0.11","0.01","0.536401384083045","1,1,1,2,3,4,5,6,7,8,9,10,11,12,13,14,15,16,17,18,19,20,21,22,23,13,24,25,26,27,28,29,30,31,13,13,13,32,19,19,19,19,20,20,20,20,19,20,20,20,19,19,19,19,19,20,20,20,20,19,33,19,19,34,35,19,19,19,19,19,20,19,36,37,19,19,19,19,19,19,19,38,39,40,41,42,19,19,19,19,43,44,45,19,19,19,46,19,19,19,19,19,19,19,19,19,19,47,48,19,19,19,19,13,49,50,13,13,13,13,13,51,52,53,54,55,56,57,58","0.000512123107910156","louvain","edit-xhwikibooks.graphml"
"0.87","0.12","0.01","0.542658193618172","1,1,1,2,3,4,5,6,7,8,9,10,11,12,13,14,15,16,17,18,19,20,21,22,23,24,25,26,27,28,29,30,31,32,13,13,13,33,19,19,19,19,20,20,20,20,19,20,20,20,19,19,19,19,19,20,20,20,20,19,34,19,19,35,36,19,19,19,19,19,20,19,37,38,19,19,19,19,19,19,19,39,40,41,42,43,19,19,19,19,44,45,46,19,19,19,47,19,19,19,19,19,19,19,19,19,19,48,49,19,19,19,19,13,50,51,13,13,13,13,13,52,53,54,55,56,57,58,59","0.000550031661987305","louvain","edit-xhwikibooks.graphml"
"0.86","0.13","0.01","0.34829152249135","1,1,1,2,3,4,5,6,7,8,9,10,11,12,13,14,15,16,17,18,19,1,20,21,22,23,24,25,26,27,28,29,30,31,32,33,13,34,19,19,19,19,35,36,37,38,19,39,40,41,19,19,19,19,19,42,43,44,45,19,46,19,19,47,48,19,19,19,19,19,49,19,50,51,19,19,19,19,19,19,19,52,53,54,55,56,19,19,19,19,57,58,59,19,19,19,60,19,19,19,19,19,19,19,19,19,19,61,62,19,19,19,19,32,63,64,32,32,32,32,32,65,66,67,68,69,70,71,72","0.000506877899169922","louvain","edit-xhwikibooks.graphml"
"0.85","0.14","0.01","0.34829152249135","1,1,1,2,3,4,5,6,7,8,9,10,11,12,13,14,15,16,17,18,19,1,20,21,22,23,24,25,26,27,28,29,30,31,32,33,13,34,19,19,19,19,35,36,37,38,19,39,40,41,19,19,19,19,19,42,43,44,45,19,46,19,19,47,48,19,19,19,19,19,49,19,50,51,19,19,19,19,19,19,19,52,53,54,55,56,19,19,19,19,57,58,59,19,19,19,60,19,19,19,19,19,19,19,19,19,19,61,62,19,19,19,19,32,63,64,32,32,32,32,32,65,66,67,68,69,70,71,72","0.000530004501342773","louvain","edit-xhwikibooks.graphml"
"0.84","0.15","0.01","0.2508544921875","1,1,1,2,3,4,5,6,7,8,9,10,11,12,13,14,15,16,17,18,19,1,20,21,22,23,24,25,26,27,28,29,30,31,32,33,34,35,19,19,19,19,36,37,38,39,19,40,41,42,19,19,19,19,19,43,44,45,46,19,47,19,19,48,49,19,19,19,19,19,50,19,51,52,19,19,19,19,19,19,19,53,54,55,56,57,19,19,19,19,58,59,60,19,19,19,61,19,19,19,19,19,19,19,19,19,19,62,63,19,19,19,19,64,65,66,67,68,69,70,71,72,73,74,75,76,77,78,79","0.000514984130859375","louvain","edit-xhwikibooks.graphml"
"0.83","0.16","0.01","0.270650887573964","1,1,1,2,3,4,5,6,7,8,9,10,11,12,13,14,15,16,17,18,19,1,20,21,22,23,24,25,26,27,28,29,30,31,32,33,34,35,19,19,19,19,36,37,38,39,19,40,41,42,19,19,19,19,19,43,44,45,46,19,47,19,19,48,49,19,19,19,19,19,50,19,51,52,19,19,19,19,19,19,19,53,54,55,56,57,19,19,19,19,58,59,60,19,19,19,61,19,19,19,19,19,19,19,19,19,19,62,63,19,19,19,19,64,65,66,67,68,69,70,71,72,73,74,75,76,77,78,79","0.000478982925415039","louvain","edit-xhwikibooks.graphml"
"0.82","0.17","0.01","0.271464646464646","1,1,1,2,3,4,5,6,7,8,9,10,11,12,13,14,15,16,17,18,19,20,21,22,23,24,25,26,27,28,29,30,31,32,33,33,34,35,19,19,19,19,36,37,38,39,19,40,41,42,19,19,19,19,19,43,44,45,46,19,47,19,19,48,49,19,19,19,19,19,50,19,51,52,19,19,19,19,19,19,19,53,54,55,56,57,19,19,19,19,58,59,60,19,19,19,61,19,19,19,19,19,19,19,19,19,19,62,63,19,19,19,19,64,65,66,67,68,69,70,71,72,73,74,75,76,77,78,79","0.000489950180053711","louvain","edit-xhwikibooks.graphml"
"0.81","0.18","0.01","0.271464646464646","1,1,1,2,3,4,5,6,7,8,9,10,11,12,13,14,15,16,17,18,19,20,21,22,23,24,25,26,27,28,29,30,31,32,33,33,34,35,19,19,19,19,36,37,38,39,19,40,41,42,19,19,19,19,19,43,44,45,46,19,47,19,19,48,49,19,19,19,19,19,50,19,51,52,19,19,19,19,19,19,19,53,54,55,56,57,19,19,19,19,58,59,60,19,19,19,61,19,19,19,19,19,19,19,19,19,19,62,63,19,19,19,19,64,65,66,67,68,69,70,71,72,73,74,75,76,77,78,79","0.000480890274047852","louvain","edit-xhwikibooks.graphml"
"0.8","0.19","0.01","0.267877032746714","1,1,1,2,3,4,5,6,7,8,9,10,11,12,13,14,15,16,17,18,19,20,21,22,23,24,25,26,27,28,29,30,31,32,33,33,34,35,19,19,19,19,36,37,38,39,19,40,41,42,19,19,19,19,19,43,44,45,46,19,47,19,19,48,49,19,19,19,19,19,50,19,51,52,19,19,19,19,19,19,19,53,54,55,56,57,19,19,19,19,58,59,60,19,19,19,61,19,19,19,19,19,19,19,19,19,19,62,63,19,19,19,19,64,65,66,67,68,69,70,71,72,73,74,75,76,77,78,79","0.000502824783325195","louvain","edit-xhwikibooks.graphml"
"0.79","0.2","0.01","0.326632653061224","1,1,1,2,3,4,5,6,7,8,9,10,11,12,13,14,15,16,17,18,19,20,21,22,23,24,25,26,27,28,29,30,31,32,33,33,34,35,19,19,19,19,36,37,38,39,19,40,41,42,19,19,19,19,19,43,44,45,46,19,47,19,19,48,49,19,19,19,19,19,50,19,51,52,19,19,19,19,19,19,19,53,54,55,56,57,19,19,19,19,58,59,60,19,19,19,61,19,19,19,19,19,19,19,19,19,19,62,63,19,19,19,19,64,65,66,67,68,69,70,71,72,73,74,75,76,77,78,79","0.000488042831420898","louvain","edit-xhwikibooks.graphml"
"0.78","0.21","0.01","0.32265423527078","1,1,1,2,3,4,5,6,7,8,9,10,11,12,13,14,15,16,17,18,19,20,21,22,23,24,25,26,27,28,29,30,31,32,33,33,34,35,19,19,19,19,36,37,38,39,19,40,41,42,19,19,19,19,19,43,44,45,46,19,47,19,19,48,49,19,19,19,19,19,50,19,51,52,19,19,19,19,19,19,19,53,54,55,56,57,19,19,19,19,58,59,60,19,19,19,61,19,19,19,19,19,19,19,19,19,19,62,63,19,19,19,19,64,65,66,67,68,69,70,71,72,73,74,75,76,77,78,79","0.000482082366943359","louvain","edit-xhwikibooks.graphml"
"0.77","0.22","0.01","0.32265423527078","1,1,1,2,3,4,5,6,7,8,9,10,11,12,13,14,15,16,17,18,19,20,21,22,23,24,25,26,27,28,29,30,31,32,33,33,34,35,19,19,19,19,36,37,38,39,19,40,41,42,19,19,19,19,19,43,44,45,46,19,47,19,19,48,49,19,19,19,19,19,50,19,51,52,19,19,19,19,19,19,19,53,54,55,56,57,19,19,19,19,58,59,60,19,19,19,61,19,19,19,19,19,19,19,19,19,19,62,63,19,19,19,19,64,65,66,67,68,69,70,71,72,73,74,75,76,77,78,79","0.000478029251098633","louvain","edit-xhwikibooks.graphml"
"0.76","0.23","0.01","0.352903579254931","1,1,1,2,3,4,5,6,7,8,9,10,11,12,13,14,15,16,17,18,19,20,21,22,23,24,25,26,27,28,29,30,31,32,33,33,34,35,19,19,19,19,36,37,38,39,19,40,41,42,19,19,19,19,19,43,44,45,46,19,47,19,19,48,49,19,19,19,19,19,50,19,51,52,19,19,19,19,19,19,19,53,54,55,56,57,19,19,19,19,58,59,60,19,19,19,61,19,19,19,19,19,19,19,19,19,19,62,63,19,19,19,19,64,65,66,67,68,69,70,71,72,73,74,75,76,77,78,79","0.000483989715576172","louvain","edit-xhwikibooks.graphml"
"0.75","0.24","0.01","0.368977777777778","1,1,1,2,3,4,5,6,7,8,9,10,11,12,13,14,15,16,17,18,19,20,21,22,23,24,25,26,27,28,29,30,31,32,33,33,34,35,19,19,19,19,36,37,38,39,19,40,41,42,19,19,19,19,19,43,44,45,46,19,47,19,19,48,49,19,19,19,19,19,50,19,51,52,19,19,19,19,19,19,19,53,54,55,56,57,19,19,19,19,58,59,60,19,19,19,61,19,19,19,19,19,19,19,19,19,19,62,63,19,19,19,19,64,65,66,67,68,69,70,71,72,73,74,75,76,77,78,79","0.000494003295898438","louvain","edit-xhwikibooks.graphml"
"0.74","0.25","0.01","0.411232174331037","1,1,1,2,3,4,5,6,7,8,9,10,11,12,13,14,15,16,17,18,19,20,21,22,23,24,25,26,27,28,29,30,31,32,33,33,34,35,19,19,19,19,36,37,38,39,19,40,41,42,19,19,19,19,19,43,44,45,46,19,47,19,19,48,49,19,19,19,19,19,50,19,51,52,19,19,19,19,19,19,19,53,54,55,56,57,19,19,19,19,58,59,60,19,19,19,61,19,19,19,19,19,19,19,19,19,19,62,63,19,19,19,19,64,65,66,67,68,69,70,71,72,73,74,75,76,77,78,79","0.000501871109008789","louvain","edit-xhwikibooks.graphml"
"0.73","0.26","0.01","0.411232174331037","1,1,1,2,3,4,5,6,7,8,9,10,11,12,13,14,15,16,17,18,19,20,21,22,23,24,25,26,27,28,29,30,31,32,33,33,34,35,19,19,19,19,36,37,38,39,19,40,41,42,19,19,19,19,19,43,44,45,46,19,47,19,19,48,49,19,19,19,19,19,50,19,51,52,19,19,19,19,19,19,19,53,54,55,56,57,19,19,19,19,58,59,60,19,19,19,61,19,19,19,19,19,19,19,19,19,19,62,63,19,19,19,19,64,65,66,67,68,69,70,71,72,73,74,75,76,77,78,79","0.000517845153808594","louvain","edit-xhwikibooks.graphml"
"0.72","0.27","0.01","0.411232174331037","1,1,1,2,3,4,5,6,7,8,9,10,11,12,13,14,15,16,17,18,19,20,21,22,23,24,25,26,27,28,29,30,31,32,33,33,34,35,19,19,19,19,36,37,38,39,19,40,41,42,19,19,19,19,19,43,44,45,46,19,47,19,19,48,49,19,19,19,19,19,50,19,51,52,19,19,19,19,19,19,19,53,54,55,56,57,19,19,19,19,58,59,60,19,19,19,61,19,19,19,19,19,19,19,19,19,19,62,63,19,19,19,19,64,65,66,67,68,69,70,71,72,73,74,75,76,77,78,79","0.000505924224853516","louvain","edit-xhwikibooks.graphml"
"0.71","0.28","0.01","0.406953125","1,1,1,2,3,4,5,6,7,8,9,10,11,12,13,14,15,16,17,18,19,20,21,22,23,24,25,26,27,28,29,30,31,32,33,33,34,35,19,19,19,19,36,37,38,39,19,40,41,42,19,19,19,19,19,43,44,45,46,19,47,19,19,48,49,19,19,19,19,19,50,19,51,52,19,19,19,19,19,19,19,53,54,55,56,57,19,19,19,19,58,59,60,19,19,19,61,19,19,19,19,19,19,19,19,19,19,62,63,19,19,19,19,64,65,66,67,68,69,70,71,72,73,74,75,76,77,78,79","0.000467061996459961","louvain","edit-xhwikibooks.graphml"
"0.7","0.29","0.01","0.433447352766211","1,1,1,2,3,4,5,6,7,8,9,10,11,12,13,14,15,16,17,18,19,20,21,22,23,24,25,26,27,28,29,30,31,32,33,33,34,35,19,19,19,19,36,37,38,39,19,40,41,42,19,19,19,19,19,43,44,45,46,19,47,19,19,48,49,19,19,19,19,19,50,19,51,52,19,19,19,19,19,19,19,53,54,55,56,57,19,19,19,19,58,59,60,19,19,19,61,19,19,19,19,19,19,19,19,19,19,62,63,19,19,19,19,64,65,66,67,68,69,70,71,72,73,74,75,76,77,78,79","0.000576019287109375","louvain","edit-xhwikibooks.graphml"
"0.69","0.3","0.01","0.429162432863986","1,1,1,2,3,4,5,6,7,8,9,10,11,12,13,14,15,16,17,18,19,20,21,22,23,24,25,26,27,28,29,30,31,32,33,33,34,35,19,19,19,19,36,37,38,39,19,40,41,42,19,19,19,19,19,43,44,45,46,19,47,19,19,48,49,19,19,19,19,19,50,19,51,52,19,19,19,19,19,19,19,53,54,55,56,57,19,19,19,19,58,59,60,19,19,19,61,19,19,19,19,19,19,19,19,19,19,62,63,19,19,19,19,64,65,66,67,68,69,70,71,72,73,74,75,76,77,78,79","0.000519990921020508","louvain","edit-xhwikibooks.graphml"
"0.68","0.31","0.01","0.441539115646258","1,1,1,2,3,4,5,6,7,8,9,10,11,12,13,14,15,16,17,18,19,20,21,22,23,24,25,26,27,28,29,30,31,32,33,33,34,35,19,19,19,19,36,37,38,39,19,40,41,42,19,19,19,19,19,43,44,45,46,19,47,19,19,48,49,19,19,19,19,19,50,19,51,52,19,19,19,19,19,19,19,53,54,55,56,57,19,19,19,19,58,59,60,19,19,19,61,19,19,19,19,19,19,19,19,19,19,62,63,19,19,19,19,64,65,66,67,68,69,70,71,72,73,74,75,76,77,78,79","0.000507831573486328","louvain","edit-xhwikibooks.graphml"
"0.67","0.32","0.01","0.437301038062284","1,1,1,2,3,4,5,6,7,8,9,10,11,12,13,14,15,16,17,18,19,20,21,22,23,24,25,26,27,28,29,30,31,32,33,33,34,35,19,19,19,19,36,37,38,39,19,40,41,42,19,19,19,19,19,43,44,45,46,19,47,19,19,48,49,19,19,19,19,19,50,19,51,52,19,19,19,19,19,19,19,53,54,55,56,57,19,19,19,19,58,59,60,19,19,19,61,19,19,19,19,19,19,19,19,19,19,62,63,19,19,19,19,64,65,66,67,68,69,70,71,72,73,74,75,76,77,78,79","0.000463008880615234","louvain","edit-xhwikibooks.graphml"
"0.66","0.33","0.01","0.448823688480259","1,1,1,2,3,4,5,6,7,8,9,10,11,12,13,14,15,16,17,18,19,20,21,22,23,24,25,26,27,28,29,30,31,32,33,33,34,35,19,19,19,19,36,37,38,39,19,40,41,42,19,19,19,19,19,43,44,45,46,19,47,19,19,48,49,19,19,19,19,19,50,19,51,52,19,19,19,19,19,19,19,53,54,55,56,57,19,19,19,19,58,59,60,19,19,19,61,19,19,19,19,19,19,19,19,19,19,62,63,19,19,19,19,64,65,66,67,68,69,70,71,72,73,74,75,76,77,78,79","0.000487089157104492","louvain","edit-xhwikibooks.graphml"
"0.65","0.34","0.01","0.581658660915597","1,1,1,2,3,4,5,6,7,8,9,10,11,12,12,13,14,15,16,17,18,19,20,21,22,23,24,25,26,27,28,29,30,31,32,32,33,34,18,18,18,18,35,36,37,38,18,39,40,41,18,18,18,18,18,42,43,44,45,18,46,18,18,47,48,18,18,18,18,18,49,18,50,51,18,18,18,18,18,18,18,52,53,54,55,56,18,18,18,18,57,58,59,18,18,18,60,18,18,18,18,18,18,18,18,18,18,61,62,18,18,18,18,63,64,65,66,67,68,69,70,71,72,73,74,75,76,77,78","0.000500917434692383","louvain","edit-xhwikibooks.graphml"
"0.64","0.35","0.01","0.581658660915597","1,1,1,2,3,4,5,6,7,8,9,10,11,12,12,13,14,15,16,17,18,19,20,21,22,23,24,25,26,27,28,29,30,31,32,32,33,34,18,18,18,18,35,36,37,38,18,39,40,41,18,18,18,18,18,42,43,44,45,18,46,18,18,47,48,18,18,18,18,18,49,18,50,51,18,18,18,18,18,18,18,52,53,54,55,56,18,18,18,18,57,58,59,18,18,18,60,18,18,18,18,18,18,18,18,18,18,61,62,18,18,18,18,63,64,65,66,67,68,69,70,71,72,73,74,75,76,77,78","0.00045013427734375","louvain","edit-xhwikibooks.graphml"
"0.63","0.36","0.01","0.57742214532872","1,1,1,2,3,4,5,6,7,8,9,10,11,12,12,13,14,15,16,17,18,19,20,21,22,23,24,25,26,27,28,29,30,31,32,32,33,34,18,18,18,18,35,36,37,38,18,39,40,41,18,18,18,18,18,42,43,44,45,18,46,18,18,47,48,18,18,18,18,18,49,18,50,51,18,18,18,18,18,18,18,52,53,54,55,56,18,18,18,18,57,58,59,18,18,18,60,18,18,18,18,18,18,18,18,18,18,61,62,18,18,18,18,63,64,65,66,67,68,69,70,71,72,73,74,75,76,77,78","0.000526905059814453","louvain","edit-xhwikibooks.graphml"
"0.62","0.37","0.01","0.57742214532872","1,1,1,2,3,4,5,6,7,8,9,10,11,12,12,13,14,15,16,17,18,19,20,21,22,23,24,25,26,27,28,29,30,31,32,32,33,34,18,18,18,18,35,36,37,38,18,39,40,41,18,18,18,18,18,42,43,44,45,18,46,18,18,47,48,18,18,18,18,18,49,18,50,51,18,18,18,18,18,18,18,52,53,54,55,56,18,18,18,18,57,58,59,18,18,18,60,18,18,18,18,18,18,18,18,18,18,61,62,18,18,18,18,63,64,65,66,67,68,69,70,71,72,73,74,75,76,77,78","0.000504016876220703","louvain","edit-xhwikibooks.graphml"
"0.61","0.38","0.01","0.573239702139693","1,1,1,2,3,4,5,6,7,8,9,10,11,12,12,13,14,15,16,17,18,19,20,21,22,23,24,25,26,27,28,29,30,31,32,32,33,34,18,18,18,18,35,36,37,38,18,39,40,41,18,18,18,18,18,42,43,44,45,18,46,18,18,47,48,18,18,18,18,18,49,18,50,51,18,18,18,18,18,18,18,52,53,54,55,56,18,18,18,18,57,58,59,18,18,18,60,18,18,18,18,18,18,18,18,18,18,61,62,18,18,18,18,63,64,65,66,67,68,69,70,71,72,73,74,75,76,77,78","0.000535011291503906","louvain","edit-xhwikibooks.graphml"
"0.6","0.39","0.01","0.580482618343195","1,1,1,2,3,4,5,6,7,8,9,10,11,12,12,13,14,15,16,17,18,19,20,21,22,23,24,25,26,27,28,29,30,31,32,32,33,34,18,18,18,18,35,36,37,38,18,39,40,41,18,18,18,18,18,42,43,44,45,18,46,18,18,47,48,18,18,18,18,18,49,18,50,51,18,18,18,18,18,18,18,52,53,54,55,56,18,18,18,18,57,58,59,18,18,18,60,18,18,18,18,18,18,18,18,18,18,61,62,18,18,18,18,63,64,65,66,67,68,69,70,71,72,73,74,75,76,77,78","0.0251519680023193","louvain","edit-xhwikibooks.graphml"
"0.59","0.4","0.01","0.597265089163237","1,1,1,2,3,4,5,6,7,8,9,10,11,12,12,13,14,15,16,17,18,19,20,21,22,23,24,25,26,27,28,29,30,31,32,32,33,34,18,18,18,18,35,36,37,38,18,39,40,41,18,18,18,18,18,42,43,44,45,18,46,18,18,47,48,18,18,18,18,18,49,18,50,51,18,18,18,18,18,18,18,52,53,54,55,56,18,18,18,18,57,58,59,18,18,18,60,18,18,18,18,18,18,18,18,18,18,61,62,18,18,18,18,63,64,65,66,67,68,69,70,71,72,73,74,75,76,77,78","0.000477790832519531","louvain","edit-xhwikibooks.graphml"
"0.58","0.41","0.01","0.597265089163237","1,1,1,2,3,4,5,6,7,8,9,10,11,12,12,13,14,15,16,17,18,19,20,21,22,23,24,25,26,27,28,29,30,31,32,32,33,34,18,18,18,18,35,36,37,38,18,39,40,41,18,18,18,18,18,42,43,44,45,18,46,18,18,47,48,18,18,18,18,18,49,18,50,51,18,18,18,18,18,18,18,52,53,54,55,56,18,18,18,18,57,58,59,18,18,18,60,18,18,18,18,18,18,18,18,18,18,61,62,18,18,18,18,63,64,65,66,67,68,69,70,71,72,73,74,75,76,77,78","0.00041508674621582","louvain","edit-xhwikibooks.graphml"
"0.57","0.42","0.01","0.593258143253935","1,1,1,2,3,4,5,6,7,8,9,10,11,12,12,13,14,15,16,17,18,19,20,21,22,23,24,25,26,27,28,29,30,31,32,32,33,34,18,18,18,18,35,36,37,38,18,39,40,41,18,18,18,18,18,42,43,44,45,18,46,18,18,47,48,18,18,18,18,18,49,18,50,51,18,18,18,18,18,18,18,52,53,54,55,56,18,18,18,18,57,58,59,18,18,18,60,18,18,18,18,18,18,18,18,18,18,61,62,18,18,18,18,63,64,65,66,67,68,69,70,71,72,73,74,75,76,77,78","0.000382900238037109","louvain","edit-xhwikibooks.graphml"
"0.56","0.43","0.01","0.605510916321727","1,1,1,2,3,4,5,6,7,8,9,10,11,12,12,13,14,15,16,17,18,19,20,21,22,23,24,25,26,27,28,29,30,31,32,32,33,34,18,18,18,18,35,36,37,38,18,39,40,41,18,18,18,18,18,42,43,44,45,18,46,18,18,47,48,18,18,18,18,18,49,18,50,51,18,18,18,18,18,18,18,52,53,54,55,56,18,18,18,18,57,58,59,18,18,18,60,18,18,18,18,18,18,18,18,18,18,61,62,18,18,18,18,63,64,65,66,67,68,69,70,71,72,73,74,75,76,77,78","0.000391960144042969","louvain","edit-xhwikibooks.graphml"
"0.55","0.44","0.01","0.601602359693878","1,1,1,2,3,4,5,6,7,8,9,10,11,12,12,13,14,15,16,17,18,19,20,21,22,23,24,25,26,27,28,29,30,31,32,32,33,34,18,18,18,18,35,36,37,38,18,39,40,41,18,18,18,18,18,42,43,44,45,18,46,18,18,47,48,18,18,18,18,18,49,18,50,51,18,18,18,18,18,18,18,52,53,54,55,56,18,18,18,18,57,58,59,18,18,18,60,18,18,18,18,18,18,18,18,18,18,61,62,18,18,18,18,63,64,65,66,67,68,69,70,71,72,73,74,75,76,77,78","0.000407934188842773","louvain","edit-xhwikibooks.graphml"
"0.54","0.45","0.01","0.613457987072945","1,1,1,2,3,4,5,6,7,8,9,10,11,12,12,13,14,15,16,17,18,19,20,21,22,23,24,25,26,27,28,29,30,31,32,32,33,34,18,18,18,18,35,36,37,38,18,39,40,41,18,18,18,18,18,42,43,44,45,18,46,18,18,47,48,18,18,18,18,18,49,18,50,51,18,18,18,18,18,18,18,52,53,54,55,56,18,18,18,18,57,58,59,18,18,18,60,18,18,18,18,18,18,18,18,18,18,61,62,18,18,18,18,63,64,65,66,67,68,69,70,71,72,73,74,75,76,77,78","0.000383853912353516","louvain","edit-xhwikibooks.graphml"
"0.53","0.46","0.01","0.609640831758034","1,1,1,2,3,4,5,6,7,8,9,10,11,12,12,13,14,15,16,17,18,19,20,21,22,23,24,25,26,27,28,29,30,31,32,32,33,34,18,18,18,18,35,36,37,38,18,39,40,41,18,18,18,18,18,42,43,44,45,18,46,18,18,47,48,18,18,18,18,18,49,18,50,51,18,18,18,18,18,18,18,52,53,54,55,56,18,18,18,18,57,58,59,18,18,18,60,18,18,18,18,18,18,18,18,18,18,61,62,18,18,18,18,63,64,65,66,67,68,69,70,71,72,73,74,75,76,77,78","0.00038909912109375","louvain","edit-xhwikibooks.graphml"
"0.52","0.47","0.01","0.615450356718193","1,1,1,2,3,4,5,6,7,8,9,10,11,12,12,13,14,15,16,17,18,19,20,21,22,23,24,25,26,27,28,29,30,31,32,32,33,34,18,18,18,18,35,36,37,38,18,39,40,41,18,18,18,18,18,42,43,44,45,18,46,18,18,47,48,18,18,18,18,18,49,18,50,51,18,18,18,18,18,18,18,52,53,54,55,56,18,18,18,18,57,58,59,18,18,18,60,18,18,18,18,18,18,18,18,18,18,61,62,18,18,18,18,63,64,65,66,67,68,69,70,71,72,73,74,75,76,77,78","0.000400066375732422","louvain","edit-xhwikibooks.graphml"
"0.51","0.48","0.01","0.823591820987654","1,1,1,2,3,4,5,6,7,8,9,10,11,12,12,13,14,15,16,17,18,19,20,21,22,23,24,25,26,27,28,29,30,31,32,32,33,34,35,36,37,38,39,40,41,42,43,44,45,46,47,48,49,50,51,52,53,54,55,56,57,58,59,60,61,62,63,64,65,66,67,68,69,70,71,72,73,74,75,76,77,78,79,80,81,82,83,84,85,86,87,88,89,90,91,92,93,94,95,96,97,98,99,100,101,102,103,104,105,18,106,107,108,109,110,111,112,113,114,115,116,117,118,119,120,121,122,123,124","0.000405788421630859","louvain","edit-xhwikibooks.graphml"
"0.5","0.49","0.01","0.828307875421543","1,1,1,2,3,4,5,6,7,8,9,10,11,12,12,13,14,15,16,17,18,19,20,21,22,23,24,25,26,27,28,29,30,31,32,32,33,34,35,36,37,38,39,40,41,42,43,44,45,46,47,48,49,50,51,52,53,54,55,56,57,58,59,60,61,62,63,64,65,66,67,68,69,70,71,72,73,74,75,76,77,78,79,80,81,82,83,84,85,86,87,88,89,90,91,92,93,94,95,96,97,98,99,100,101,102,103,104,105,106,107,108,109,110,111,112,113,114,115,116,117,118,119,120,121,122,123,124,125","0.000390052795410156","louvain","edit-xhwikibooks.graphml"
"0.49","0.5","0.01","0.886853448275862","1,1,1,2,3,4,5,6,7,8,9,10,11,11,11,12,13,14,15,16,17,18,19,6,20,20,20,21,22,23,24,25,26,27,28,28,29,30,31,32,33,34,35,36,37,38,39,40,41,42,43,44,45,46,47,48,49,50,51,52,53,54,55,56,57,58,59,60,61,62,63,64,65,66,67,68,69,70,71,72,73,74,75,76,77,78,79,80,81,82,83,84,85,86,87,88,89,90,91,92,93,94,95,96,97,98,99,100,101,102,103,104,105,106,107,108,106,106,106,106,106,109,110,111,112,113,114,115,116","0.000396966934204102","louvain","edit-xhwikibooks.graphml"
"0.48","0.51","0.01","0.886853448275862","1,1,1,2,3,4,5,6,7,8,9,10,11,11,11,12,13,14,15,16,17,18,19,6,20,20,20,21,22,23,24,25,26,27,28,28,29,30,31,32,33,34,35,36,37,38,39,40,41,42,43,44,45,46,47,48,49,50,51,52,53,54,55,56,57,58,59,60,61,62,63,64,65,66,67,68,69,70,71,72,73,74,75,76,77,78,79,80,81,82,83,84,85,86,87,88,89,90,91,92,93,94,95,96,97,98,99,100,101,102,103,104,105,106,107,108,106,106,106,106,106,109,110,111,112,113,114,115,116","0.000380039215087891","louvain","edit-xhwikibooks.graphml"
"0.47","0.52","0.01","0.896030245746692","1,1,1,2,3,4,5,6,7,8,9,10,11,11,11,12,13,14,15,16,17,18,19,6,20,20,20,21,22,23,24,25,26,27,28,28,29,30,31,32,33,34,35,36,37,38,39,40,41,42,43,44,45,46,47,48,49,50,51,52,53,54,55,56,57,58,59,60,61,62,63,64,65,66,67,68,69,70,71,72,73,74,75,76,77,78,79,80,81,82,83,84,85,86,87,88,89,90,91,92,93,94,95,96,97,98,99,100,101,102,103,104,105,106,107,108,106,106,106,106,106,109,110,111,112,113,114,115,116","0.000375986099243164","louvain","edit-xhwikibooks.graphml"
"0.46","0.53","0.01","0.894173602853745","1,1,1,2,3,4,5,6,7,8,9,10,11,11,11,12,13,14,15,16,17,18,19,6,20,20,20,21,22,23,24,25,26,27,28,28,29,30,31,32,33,34,35,36,37,38,39,40,41,42,43,44,45,46,47,48,49,50,51,52,53,54,55,56,57,58,59,60,61,62,63,64,65,66,67,68,69,70,71,72,73,74,75,76,77,78,79,80,81,82,83,84,85,86,87,88,89,90,91,92,93,94,95,96,97,98,99,100,101,102,103,104,105,106,107,108,106,106,106,106,106,109,110,111,112,113,114,115,116","0.000405788421630859","louvain","edit-xhwikibooks.graphml"
"0.45","0.54","0.01","0.895025202717511","1,1,1,2,3,4,5,6,7,8,9,10,11,11,11,12,13,14,15,16,17,18,19,6,20,20,20,21,22,23,24,25,26,27,28,28,29,30,31,32,33,34,35,36,37,38,39,40,41,42,43,44,45,46,47,48,49,50,51,52,53,54,55,56,57,58,59,60,61,62,63,64,65,66,67,68,69,70,71,72,73,74,75,76,77,78,79,80,81,82,83,84,85,86,87,88,89,90,91,92,93,94,95,96,97,98,99,100,101,102,103,104,105,106,107,108,106,106,106,106,106,109,110,111,112,113,114,115,116","0.000497102737426758","louvain","edit-xhwikibooks.graphml"
"0.44","0.55","0.01","0.89313415685148","1,1,1,2,3,4,5,6,7,8,9,10,11,11,11,12,13,14,15,16,17,18,19,6,20,20,20,21,22,23,24,25,26,27,28,28,29,30,31,32,33,34,35,36,37,38,39,40,41,42,43,44,45,46,47,48,49,50,51,52,53,54,55,56,57,58,59,60,61,62,63,64,65,66,67,68,69,70,71,72,73,74,75,76,77,78,79,80,81,82,83,84,85,86,87,88,89,90,91,92,93,94,95,96,97,98,99,100,101,102,103,104,105,106,107,108,106,106,106,106,106,109,110,111,112,113,114,115,116","0.000458955764770508","louvain","edit-xhwikibooks.graphml"
"0.43","0.56","0.01","0.894583333333333","1,1,1,2,3,4,5,6,7,8,9,10,11,11,11,12,13,14,15,16,17,18,19,6,20,20,20,21,22,23,24,25,26,27,28,28,29,30,31,32,33,34,35,36,37,38,39,40,41,42,43,44,45,46,47,48,49,50,51,52,53,54,55,56,57,58,59,60,61,62,63,64,65,66,67,68,69,70,71,72,73,74,75,76,77,78,79,80,81,82,83,84,85,86,87,88,89,90,91,92,93,94,95,96,97,98,99,100,101,102,103,104,105,106,107,108,106,106,106,106,106,109,110,111,112,113,114,115,116","0.000382184982299805","louvain","edit-xhwikibooks.graphml"
"0.42","0.57","0.01","0.892698586162148","1,1,1,2,3,4,5,6,7,8,9,10,11,11,11,12,13,14,15,16,17,18,19,6,20,20,20,21,22,23,24,25,26,27,28,28,29,30,31,32,33,34,35,36,37,38,39,40,41,42,43,44,45,46,47,48,49,50,51,52,53,54,55,56,57,58,59,60,61,62,63,64,65,66,67,68,69,70,71,72,73,74,75,76,77,78,79,80,81,82,83,84,85,86,87,88,89,90,91,92,93,94,95,96,97,98,99,100,101,102,103,104,105,106,107,108,106,106,106,106,106,109,110,111,112,113,114,115,116","0.000374794006347656","louvain","edit-xhwikibooks.graphml"
"0.41","0.58","0.01","0.893515764425937","1,1,1,2,3,4,5,6,7,8,9,10,11,11,11,12,13,14,15,16,17,18,19,6,20,20,20,21,22,23,24,25,26,27,28,28,29,30,31,32,33,34,35,36,37,38,39,40,41,42,43,44,45,46,47,48,49,50,51,52,53,54,55,56,57,58,59,60,61,62,63,64,65,66,67,68,69,70,71,72,73,74,75,76,77,78,79,80,81,82,83,84,85,86,87,88,89,90,91,92,93,94,95,96,97,98,99,100,101,102,103,104,105,106,107,108,106,106,106,106,106,109,110,111,112,113,114,115,116","0.000393867492675781","louvain","edit-xhwikibooks.graphml"
"0.4","0.59","0.01","0.891649323621227","1,1,1,2,3,4,5,6,7,8,9,10,11,11,11,12,13,14,15,16,17,18,19,6,20,20,20,21,22,23,24,25,26,27,28,28,29,30,31,32,33,34,35,36,37,38,39,40,41,42,43,44,45,46,47,48,49,50,51,52,53,54,55,56,57,58,59,60,61,62,63,64,65,66,67,68,69,70,71,72,73,74,75,76,77,78,79,80,81,82,83,84,85,86,87,88,89,90,91,92,93,94,95,96,97,98,99,100,101,102,103,104,105,106,107,108,106,106,106,106,106,109,110,111,112,113,114,115,116","0.000374794006347656","louvain","edit-xhwikibooks.graphml"
"0.39","0.6","0.01","0.894289788579577","1,1,1,2,3,4,5,6,7,8,9,10,11,11,11,12,13,14,15,16,17,18,19,6,20,20,20,21,22,23,24,25,26,27,28,28,29,30,31,32,33,34,35,36,37,38,39,40,41,42,43,44,45,46,47,48,49,50,51,52,53,54,55,56,57,58,59,60,61,62,63,64,65,66,67,68,69,70,71,72,73,74,75,76,77,78,79,80,81,82,83,84,85,86,87,88,89,90,91,92,93,94,95,96,97,98,99,100,101,102,103,104,105,106,107,108,106,106,106,106,106,109,110,111,112,113,114,115,116","0.000375032424926758","louvain","edit-xhwikibooks.graphml"
"0.38","0.61","0.01","0.8924560546875","1,1,1,2,3,4,5,6,7,8,9,10,11,11,11,12,13,14,15,16,17,18,19,6,20,20,20,21,22,23,24,25,26,27,28,28,29,30,31,32,33,34,35,36,37,38,39,40,41,42,43,44,45,46,47,48,49,50,51,52,53,54,55,56,57,58,59,60,61,62,63,64,65,66,67,68,69,70,71,72,73,74,75,76,77,78,79,80,81,82,83,84,85,86,87,88,89,90,91,92,93,94,95,96,97,98,99,100,101,102,103,104,105,106,107,108,106,106,106,106,106,109,110,111,112,113,114,115,116","0.000384092330932617","louvain","edit-xhwikibooks.graphml"
"0.37","0.62","0.01","0.893215551950003","1,1,1,2,3,4,5,6,7,8,9,10,11,11,11,12,13,14,15,16,17,18,19,6,20,20,20,21,22,23,24,25,26,27,28,28,29,30,31,32,33,34,35,36,37,38,39,40,41,42,43,44,45,46,47,48,49,50,51,52,53,54,55,56,57,58,59,60,61,62,63,64,65,66,67,68,69,70,71,72,73,74,75,76,77,78,79,80,81,82,83,84,85,86,87,88,89,90,91,92,93,94,95,96,97,98,99,100,101,102,103,104,105,106,107,108,106,106,106,106,106,109,110,111,112,113,114,115,116","0.000395059585571289","louvain","edit-xhwikibooks.graphml"
"0.36","0.63","0.01","0.891360946745562","1,1,1,2,3,4,5,6,7,8,9,10,11,11,11,12,13,14,15,16,17,18,19,6,20,20,20,21,22,23,24,25,26,27,28,28,29,30,31,32,33,34,35,36,37,38,39,40,41,42,43,44,45,46,47,48,49,50,51,52,53,54,55,56,57,58,59,60,61,62,63,64,65,66,67,68,69,70,71,72,73,74,75,76,77,78,79,80,81,82,83,84,85,86,87,88,89,90,91,92,93,94,95,96,97,98,99,100,101,102,103,104,105,106,107,108,106,106,106,106,106,109,110,111,112,113,114,115,116","0.000371932983398438","louvain","edit-xhwikibooks.graphml"
"0.35","0.64","0.01","0.891360946745562","1,1,1,2,3,4,5,6,7,8,9,10,11,11,11,12,13,14,15,16,17,18,19,6,20,20,20,21,22,23,24,25,26,27,28,28,29,30,31,32,33,34,35,36,37,38,39,40,41,42,43,44,45,46,47,48,49,50,51,52,53,54,55,56,57,58,59,60,61,62,63,64,65,66,67,68,69,70,71,72,73,74,75,76,77,78,79,80,81,82,83,84,85,86,87,88,89,90,91,92,93,94,95,96,97,98,99,100,101,102,103,104,105,106,107,108,106,106,106,106,106,109,110,111,112,113,114,115,116","0.000396013259887695","louvain","edit-xhwikibooks.graphml"
"0.34","0.65","0.01","0.889458656255463","1,1,1,2,3,4,5,6,7,8,9,10,11,11,11,12,13,14,15,16,17,18,19,6,20,20,20,21,22,23,24,25,26,27,28,28,29,30,31,32,33,34,35,36,37,38,39,40,41,42,43,44,45,46,47,48,49,50,51,52,53,54,55,56,57,58,59,60,61,62,63,64,65,66,67,68,69,70,71,72,73,74,75,76,77,78,79,80,81,82,83,84,85,86,87,88,89,90,91,92,93,94,95,96,97,98,99,100,101,102,103,104,105,106,107,108,106,106,106,106,106,109,110,111,112,113,114,115,116","0.000380039215087891","louvain","edit-xhwikibooks.graphml"
"0.33","0.66","0.01","0.889458656255463","1,1,1,2,3,4,5,6,7,8,9,10,11,11,11,12,13,14,15,16,17,18,19,6,20,20,20,21,22,23,24,25,26,27,28,28,29,30,31,32,33,34,35,36,37,38,39,40,41,42,43,44,45,46,47,48,49,50,51,52,53,54,55,56,57,58,59,60,61,62,63,64,65,66,67,68,69,70,71,72,73,74,75,76,77,78,79,80,81,82,83,84,85,86,87,88,89,90,91,92,93,94,95,96,97,98,99,100,101,102,103,104,105,106,107,108,106,106,106,106,106,109,110,111,112,113,114,115,116","0.000381946563720703","louvain","edit-xhwikibooks.graphml"
"0.32","0.67","0.01","0.900828358554306","1,1,1,2,3,4,5,6,7,8,9,10,11,11,11,12,13,14,15,16,17,18,19,6,20,20,20,21,22,23,24,25,26,27,28,28,29,30,31,32,33,34,35,36,37,38,39,40,41,42,43,44,45,46,47,48,49,50,51,52,53,54,55,56,57,58,59,60,61,62,63,64,65,66,67,68,69,70,71,72,73,74,75,76,77,78,79,80,81,82,83,84,85,86,87,88,89,90,91,92,93,94,95,96,97,98,99,100,101,102,103,104,105,106,107,108,106,106,106,106,106,109,110,111,112,113,114,115,116","0.000413894653320312","louvain","edit-xhwikibooks.graphml"
"0.31","0.68","0.01","0.900828358554306","1,1,1,2,3,4,5,6,7,8,9,10,11,11,11,12,13,14,15,16,17,18,19,6,20,20,20,21,22,23,24,25,26,27,28,28,29,30,31,32,33,34,35,36,37,38,39,40,41,42,43,44,45,46,47,48,49,50,51,52,53,54,55,56,57,58,59,60,61,62,63,64,65,66,67,68,69,70,71,72,73,74,75,76,77,78,79,80,81,82,83,84,85,86,87,88,89,90,91,92,93,94,95,96,97,98,99,100,101,102,103,104,105,106,107,108,106,106,106,106,106,109,110,111,112,113,114,115,116","0.000398159027099609","louvain","edit-xhwikibooks.graphml"
"0.3","0.69","0.01","0.899196493791089","1,1,1,2,3,4,5,6,7,8,9,10,11,11,11,12,13,14,15,16,17,18,19,6,20,20,20,21,22,23,24,25,26,27,28,28,29,30,31,32,33,34,35,36,37,38,39,40,41,42,43,44,45,46,47,48,49,50,51,52,53,54,55,56,57,58,59,60,61,62,63,64,65,66,67,68,69,70,71,72,73,74,75,76,77,78,79,80,81,82,83,84,85,86,87,88,89,90,91,92,93,94,95,96,97,98,99,100,101,102,103,104,105,106,107,108,106,106,106,106,106,109,110,111,112,113,114,115,116","0.000420093536376953","louvain","edit-xhwikibooks.graphml"
"0.29","0.7","0.01","0.899779289221206","1,1,1,2,3,4,5,6,7,8,9,10,11,11,11,12,13,14,15,16,17,18,19,6,20,20,20,21,22,23,24,25,26,27,28,28,29,30,31,32,33,34,35,36,37,38,39,40,41,42,43,44,45,46,47,48,49,50,51,52,53,54,55,56,57,58,59,60,61,62,63,64,65,66,67,68,69,70,71,72,73,74,75,76,77,78,79,80,81,82,83,84,85,86,87,88,89,90,91,92,93,94,95,96,97,98,99,100,101,102,103,104,105,106,107,108,106,106,106,106,106,109,110,111,112,113,114,115,116","0.000423908233642578","louvain","edit-xhwikibooks.graphml"
"0.28","0.71","0.01","0.898133333333334","1,1,1,2,3,4,5,6,7,8,9,10,11,11,11,12,13,14,15,16,17,18,19,6,20,20,20,21,22,23,24,25,26,27,28,28,29,30,31,32,33,34,35,36,37,38,39,40,41,42,43,44,45,46,47,48,49,50,51,52,53,54,55,56,57,58,59,60,61,62,63,64,65,66,67,68,69,70,71,72,73,74,75,76,77,78,79,80,81,82,83,84,85,86,87,88,89,90,91,92,93,94,95,96,97,98,99,100,101,102,103,104,105,106,107,108,106,106,106,106,106,109,110,111,112,113,114,115,116","0.000416040420532227","louvain","edit-xhwikibooks.graphml"
"0.27","0.72","0.01","0.898459141274238","1,1,1,2,3,4,5,6,7,8,9,10,11,11,11,12,13,14,15,16,17,18,19,6,20,20,20,21,22,23,24,25,26,27,28,28,29,30,31,32,33,34,35,36,37,38,39,40,41,42,43,44,45,46,47,48,49,50,51,52,53,54,55,56,57,58,59,60,61,62,63,64,65,66,67,68,69,70,71,72,73,74,75,76,77,78,79,80,81,82,83,84,85,86,87,88,89,90,91,92,93,94,95,96,97,98,99,100,101,102,103,104,105,106,107,108,106,106,106,106,106,109,110,111,112,113,114,115,116","0.000392913818359375","louvain","edit-xhwikibooks.graphml"
"0.26","0.73","0.01","0.896834550813789","1,1,1,2,3,4,5,6,7,8,9,10,11,11,11,12,13,14,15,16,17,18,19,6,20,20,20,21,22,23,24,25,26,27,28,28,29,30,31,32,33,34,35,36,37,38,39,40,41,42,43,44,45,46,47,48,49,50,51,52,53,54,55,56,57,58,59,60,61,62,63,64,65,66,67,68,69,70,71,72,73,74,75,76,77,78,79,80,81,82,83,84,85,86,87,88,89,90,91,92,93,94,95,96,97,98,99,100,101,102,103,104,105,106,107,108,106,106,106,106,106,109,110,111,112,113,114,115,116","0.000417947769165039","louvain","edit-xhwikibooks.graphml"
"0.25","0.74","0.01","0.896834550813789","1,1,1,2,3,4,5,6,7,8,9,10,11,11,11,12,13,14,15,16,17,18,19,6,20,20,20,21,22,23,24,25,26,27,28,28,29,30,31,32,33,34,35,36,37,38,39,40,41,42,43,44,45,46,47,48,49,50,51,52,53,54,55,56,57,58,59,60,61,62,63,64,65,66,67,68,69,70,71,72,73,74,75,76,77,78,79,80,81,82,83,84,85,86,87,88,89,90,91,92,93,94,95,96,97,98,99,100,101,102,103,104,105,106,107,108,106,106,106,106,106,109,110,111,112,113,114,115,116","0.000422000885009766","louvain","edit-xhwikibooks.graphml"
"0.24","0.75","0.01","0.897724045600227","1,1,1,2,3,4,5,6,7,8,9,10,11,11,11,12,13,14,15,16,17,18,19,6,20,20,20,21,22,23,24,25,26,27,28,28,29,30,31,32,33,34,35,36,37,38,39,40,41,42,43,44,45,46,47,48,49,50,51,52,53,54,55,56,57,58,59,60,61,62,63,64,65,66,67,68,69,70,71,72,73,74,75,76,77,78,79,80,81,82,83,84,85,86,87,88,89,90,91,92,93,94,95,96,97,98,99,100,101,102,103,104,105,106,107,108,106,106,106,106,106,109,110,111,112,113,114,115,116","0.000419139862060547","louvain","edit-xhwikibooks.graphml"
"0.23","0.76","0.01","0.897724045600227","1,1,1,2,3,4,5,6,7,8,9,10,11,11,11,12,13,14,15,16,17,18,19,6,20,20,20,21,22,23,24,25,26,27,28,28,29,30,31,32,33,34,35,36,37,38,39,40,41,42,43,44,45,46,47,48,49,50,51,52,53,54,55,56,57,58,59,60,61,62,63,64,65,66,67,68,69,70,71,72,73,74,75,76,77,78,79,80,81,82,83,84,85,86,87,88,89,90,91,92,93,94,95,96,97,98,99,100,101,102,103,104,105,106,107,108,106,106,106,106,106,109,110,111,112,113,114,115,116","0.000463962554931641","louvain","edit-xhwikibooks.graphml"
"0.22","0.77","0.01","0.898253485018427","1,1,1,2,3,4,5,6,7,8,9,10,11,11,11,12,13,14,15,16,17,18,19,6,20,20,20,21,22,23,24,25,26,27,28,28,29,30,31,32,33,34,35,36,37,38,39,40,41,42,43,44,45,46,47,48,49,50,51,52,53,54,55,56,57,58,59,60,61,62,63,64,65,66,67,68,69,70,71,72,73,74,75,76,77,78,79,80,81,82,83,84,85,86,87,88,89,90,91,92,93,94,95,96,97,98,99,100,101,102,103,104,105,106,107,108,106,106,106,106,106,109,110,111,112,113,114,115,116","0.000488996505737305","louvain","edit-xhwikibooks.graphml"
"0.21","0.78","0.01","0.897496238571043","1,1,1,2,3,4,5,6,7,8,9,10,11,11,11,12,13,14,15,16,17,18,19,6,20,20,20,21,22,23,24,25,26,27,28,28,29,30,31,32,33,34,35,36,37,38,39,40,41,42,43,44,45,46,47,48,49,50,51,52,53,54,55,56,57,58,59,60,61,62,63,64,65,66,67,68,69,70,71,72,73,74,75,76,77,78,79,80,81,82,83,84,85,86,87,88,89,90,91,92,93,94,95,96,97,98,99,100,101,102,103,104,105,106,107,108,106,106,106,106,106,109,110,111,112,113,114,115,116","0.000401973724365234","louvain","edit-xhwikibooks.graphml"
"0.2","0.79","0.01","0.897496238571043","1,1,1,2,3,4,5,6,7,8,9,10,11,11,11,12,13,14,15,16,17,18,19,6,20,20,20,21,22,23,24,25,26,27,28,28,29,30,31,32,33,34,35,36,37,38,39,40,41,42,43,44,45,46,47,48,49,50,51,52,53,54,55,56,57,58,59,60,61,62,63,64,65,66,67,68,69,70,71,72,73,74,75,76,77,78,79,80,81,82,83,84,85,86,87,88,89,90,91,92,93,94,95,96,97,98,99,100,101,102,103,104,105,106,107,108,106,106,106,106,106,109,110,111,112,113,114,115,116","0.000446081161499023","louvain","edit-xhwikibooks.graphml"
"0.19","0.8","0.01","0.897704315886134","1,1,1,2,3,4,5,6,7,8,9,10,11,11,11,12,13,14,15,16,17,18,19,6,20,20,20,21,22,23,24,25,26,27,28,28,29,30,31,32,33,34,35,36,37,38,39,40,41,42,43,44,45,46,47,48,49,50,51,52,53,54,55,56,57,58,59,60,61,62,63,64,65,66,67,68,69,70,71,72,73,74,75,76,77,78,79,80,81,82,83,84,85,86,87,88,89,90,91,92,93,94,95,96,97,98,99,100,101,102,103,104,105,106,107,108,106,106,106,106,106,109,110,111,112,113,114,115,116","0.000440120697021484","louvain","edit-xhwikibooks.graphml"
"0.18","0.81","0.01","0.897704315886134","1,1,1,2,3,4,5,6,7,8,9,10,11,11,11,12,13,14,15,16,17,18,19,6,20,20,20,21,22,23,24,25,26,27,28,28,29,30,31,32,33,34,35,36,37,38,39,40,41,42,43,44,45,46,47,48,49,50,51,52,53,54,55,56,57,58,59,60,61,62,63,64,65,66,67,68,69,70,71,72,73,74,75,76,77,78,79,80,81,82,83,84,85,86,87,88,89,90,91,92,93,94,95,96,97,98,99,100,101,102,103,104,105,106,107,108,106,106,106,106,106,109,110,111,112,113,114,115,116","0.000414848327636719","louvain","edit-xhwikibooks.graphml"
"0.17","0.82","0.01","0.896138771955291","1,1,1,2,3,4,5,6,7,8,9,10,11,11,11,12,13,14,15,16,17,18,19,6,20,20,20,21,22,23,24,25,26,27,28,28,29,30,31,32,33,34,35,36,37,38,39,40,41,42,43,44,45,46,47,48,49,50,51,52,53,54,55,56,57,58,59,60,61,62,63,64,65,66,67,68,69,70,71,72,73,74,75,76,77,78,79,80,81,82,83,84,85,86,87,88,89,90,91,92,93,94,95,96,97,98,99,100,101,102,103,104,105,106,107,108,106,106,106,106,106,109,110,111,112,113,114,115,116","0.000422000885009766","louvain","edit-xhwikibooks.graphml"
"0.16","0.83","0.01","0.896138771955291","1,1,1,2,3,4,5,6,7,8,9,10,11,11,11,12,13,14,15,16,17,18,19,6,20,20,20,21,22,23,24,25,26,27,28,28,29,30,31,32,33,34,35,36,37,38,39,40,41,42,43,44,45,46,47,48,49,50,51,52,53,54,55,56,57,58,59,60,61,62,63,64,65,66,67,68,69,70,71,72,73,74,75,76,77,78,79,80,81,82,83,84,85,86,87,88,89,90,91,92,93,94,95,96,97,98,99,100,101,102,103,104,105,106,107,108,106,106,106,106,106,109,110,111,112,113,114,115,116","0.00048518180847168","louvain","edit-xhwikibooks.graphml"
"0.15","0.84","0.01","0.894628684807256","1,1,1,2,3,4,5,6,7,8,9,10,11,11,11,12,13,14,15,16,17,18,19,6,20,20,20,21,22,23,24,25,26,27,28,28,29,30,31,32,33,34,35,36,37,38,39,40,41,42,43,44,45,46,47,48,49,50,51,52,53,54,55,56,57,58,59,60,61,62,63,64,65,66,67,68,69,70,71,72,73,74,75,76,77,78,79,80,81,82,83,84,85,86,87,88,89,90,91,92,93,94,95,96,97,98,99,100,101,102,103,104,105,106,107,108,106,106,106,106,106,109,110,111,112,113,114,115,116","0.000416994094848633","louvain","edit-xhwikibooks.graphml"
"0.14","0.85","0.01","0.89513672490459","1,1,1,2,3,4,5,6,7,8,9,10,11,11,11,12,13,14,15,16,17,18,19,6,20,20,20,21,22,23,24,25,26,27,28,28,29,30,31,32,33,34,35,36,37,38,39,40,41,42,43,44,45,46,47,48,49,50,51,52,53,54,55,56,57,58,59,60,61,62,63,64,65,66,67,68,69,70,71,72,73,74,75,76,77,78,79,80,81,82,83,84,85,86,87,88,89,90,91,92,93,94,95,96,97,98,99,100,101,102,103,104,105,106,107,108,106,106,106,106,106,109,110,111,112,113,114,115,116","0.000409841537475586","louvain","edit-xhwikibooks.graphml"
"0.13","0.86","0.01","0.893861546782045","1,1,1,2,3,4,5,6,7,8,9,10,11,11,11,12,13,14,15,16,17,18,19,6,20,20,20,21,22,23,24,25,26,27,28,28,29,30,31,32,33,34,35,36,37,38,39,40,41,42,43,44,45,46,47,48,49,50,51,52,53,54,55,56,57,58,59,60,61,62,63,64,65,66,67,68,69,70,71,72,73,74,75,76,77,78,79,80,81,82,83,84,85,86,87,88,89,90,91,92,93,94,95,96,97,98,99,100,101,102,103,104,105,106,107,108,106,106,106,106,106,109,110,111,112,113,114,115,116","0.000422000885009766","louvain","edit-xhwikibooks.graphml"
"0.12","0.87","0.01","0.893861546782045","1,1,1,2,3,4,5,6,7,8,9,10,11,11,11,12,13,14,15,16,17,18,19,6,20,20,20,21,22,23,24,25,26,27,28,28,29,30,31,32,33,34,35,36,37,38,39,40,41,42,43,44,45,46,47,48,49,50,51,52,53,54,55,56,57,58,59,60,61,62,63,64,65,66,67,68,69,70,71,72,73,74,75,76,77,78,79,80,81,82,83,84,85,86,87,88,89,90,91,92,93,94,95,96,97,98,99,100,101,102,103,104,105,106,107,108,106,106,106,106,106,109,110,111,112,113,114,115,116","0.000422000885009766","louvain","edit-xhwikibooks.graphml"
"0.11","0.88","0.01","0.89231180460423","1,1,1,2,3,4,5,6,7,8,9,10,11,11,11,12,13,14,15,16,17,18,19,6,20,20,20,21,22,23,24,25,26,27,28,28,29,30,31,32,33,34,35,36,37,38,39,40,41,42,43,44,45,46,47,48,49,50,51,52,53,54,55,56,57,58,59,60,61,62,63,64,65,66,67,68,69,70,71,72,73,74,75,76,77,78,79,80,81,82,83,84,85,86,87,88,89,90,91,92,93,94,95,96,97,98,99,100,101,102,103,104,105,106,107,108,106,106,106,106,106,109,110,111,112,113,114,115,116","0.000445842742919922","louvain","edit-xhwikibooks.graphml"
"0.1","0.89","0.01","0.893061224489796","1,1,1,2,3,4,5,6,7,8,9,10,11,11,11,12,13,14,15,16,17,18,19,6,20,20,20,21,22,23,24,25,26,27,28,28,29,30,31,32,33,34,35,36,37,38,39,40,41,42,43,44,45,46,47,48,49,50,51,52,53,54,55,56,57,58,59,60,61,62,63,64,65,66,67,68,69,70,71,72,73,74,75,76,77,78,79,80,81,82,83,84,85,86,87,88,89,90,91,92,93,94,95,96,97,98,99,100,101,102,103,104,105,106,107,108,106,106,106,106,106,109,110,111,112,113,114,115,116","0.000434160232543945","louvain","edit-xhwikibooks.graphml"
"0.09","0.9","0.01","0.891528925619835","1,1,1,2,3,4,5,6,7,8,9,10,11,11,11,12,13,14,15,16,17,18,19,6,20,20,20,21,22,23,24,25,26,27,28,28,29,30,31,32,33,34,35,36,37,38,39,40,41,42,43,44,45,46,47,48,49,50,51,52,53,54,55,56,57,58,59,60,61,62,63,64,65,66,67,68,69,70,71,72,73,74,75,76,77,78,79,80,81,82,83,84,85,86,87,88,89,90,91,92,93,94,95,96,97,98,99,100,101,102,103,104,105,106,107,108,106,106,106,106,106,109,110,111,112,113,114,115,116","0.000432968139648438","louvain","edit-xhwikibooks.graphml"
"0.08","0.91","0.01","0.891528925619835","1,1,1,2,3,4,5,6,7,8,9,10,11,11,11,12,13,14,15,16,17,18,19,6,20,20,20,21,22,23,24,25,26,27,28,28,29,30,31,32,33,34,35,36,37,38,39,40,41,42,43,44,45,46,47,48,49,50,51,52,53,54,55,56,57,58,59,60,61,62,63,64,65,66,67,68,69,70,71,72,73,74,75,76,77,78,79,80,81,82,83,84,85,86,87,88,89,90,91,92,93,94,95,96,97,98,99,100,101,102,103,104,105,106,107,108,106,106,106,106,106,109,110,111,112,113,114,115,116","0.000458955764770508","louvain","edit-xhwikibooks.graphml"
"0.07","0.92","0.01","0.889974145360528","1,1,1,2,3,4,5,6,7,8,9,10,11,11,11,12,13,14,15,16,17,18,19,6,20,20,20,21,22,23,24,25,26,27,28,28,29,30,31,32,33,34,35,36,37,38,39,40,41,42,43,44,45,46,47,48,49,50,51,52,53,54,55,56,57,58,59,60,61,62,63,64,65,66,67,68,69,70,71,72,73,74,75,76,77,78,79,80,81,82,83,84,85,86,87,88,89,90,91,92,93,94,95,96,97,98,99,100,101,102,103,104,105,106,107,108,106,106,106,106,106,109,110,111,112,113,114,115,116","0.000442028045654297","louvain","edit-xhwikibooks.graphml"
"0.06","0.93","0.01","0.890480999873754","1,1,1,2,3,4,5,6,7,8,9,10,11,11,11,12,13,14,15,16,17,18,19,6,20,20,20,21,22,23,24,25,26,27,28,28,29,30,31,32,33,34,35,36,37,38,39,40,41,42,43,44,45,46,47,48,49,50,51,52,53,54,55,56,57,58,59,60,61,62,63,64,65,66,67,68,69,70,71,72,73,74,75,76,77,78,79,80,81,82,83,84,85,86,87,88,89,90,91,92,93,94,95,96,97,98,99,100,101,102,103,104,105,106,107,108,106,106,106,106,106,109,110,111,112,113,114,115,116","0.000444889068603516","louvain","edit-xhwikibooks.graphml"
"0.05","0.94","0.01","0.888923566680192","1,1,1,2,3,4,5,6,7,8,9,10,11,11,11,12,13,14,15,16,17,18,19,6,20,20,20,21,22,23,24,25,26,27,28,28,29,30,31,32,33,34,35,36,37,38,39,40,41,42,43,44,45,46,47,48,49,50,51,52,53,54,55,56,57,58,59,60,61,62,63,64,65,66,67,68,69,70,71,72,73,74,75,76,77,78,79,80,81,82,83,84,85,86,87,88,89,90,91,92,93,94,95,96,97,98,99,100,101,102,103,104,105,106,107,108,106,106,106,106,106,109,110,111,112,113,114,115,116","0.000421047210693359","louvain","edit-xhwikibooks.graphml"
"0.04","0.95","0.01","0.888923566680192","1,1,1,2,3,4,5,6,7,8,9,10,11,11,11,12,13,14,15,16,17,18,19,6,20,20,20,21,22,23,24,25,26,27,28,28,29,30,31,32,33,34,35,36,37,38,39,40,41,42,43,44,45,46,47,48,49,50,51,52,53,54,55,56,57,58,59,60,61,62,63,64,65,66,67,68,69,70,71,72,73,74,75,76,77,78,79,80,81,82,83,84,85,86,87,88,89,90,91,92,93,94,95,96,97,98,99,100,101,102,103,104,105,106,107,108,106,106,106,106,106,109,110,111,112,113,114,115,116","0.000443220138549805","louvain","edit-xhwikibooks.graphml"
"0.03","0.96","0.01","0.887345679012346","1,1,1,2,3,4,5,6,7,8,9,10,11,11,11,12,13,14,15,16,17,18,19,6,20,20,20,21,22,23,24,25,26,27,28,28,29,30,31,32,33,34,35,36,37,38,39,40,41,42,43,44,45,46,47,48,49,50,51,52,53,54,55,56,57,58,59,60,61,62,63,64,65,66,67,68,69,70,71,72,73,74,75,76,77,78,79,80,81,82,83,84,85,86,87,88,89,90,91,92,93,94,95,96,97,98,99,100,101,102,103,104,105,106,107,108,106,106,106,106,106,109,110,111,112,113,114,115,116","0.000408172607421875","louvain","edit-xhwikibooks.graphml"
"0.02","0.97","0.01","0.887345679012346","1,1,1,2,3,4,5,6,7,8,9,10,11,11,11,12,13,14,15,16,17,18,19,6,20,20,20,21,22,23,24,25,26,27,28,28,29,30,31,32,33,34,35,36,37,38,39,40,41,42,43,44,45,46,47,48,49,50,51,52,53,54,55,56,57,58,59,60,61,62,63,64,65,66,67,68,69,70,71,72,73,74,75,76,77,78,79,80,81,82,83,84,85,86,87,88,89,90,91,92,93,94,95,96,97,98,99,100,101,102,103,104,105,106,107,108,106,106,106,106,106,109,110,111,112,113,114,115,116","0.000479936599731445","louvain","edit-xhwikibooks.graphml"
"0.01","0.98","0.01","0.885748298281493","1,1,1,2,3,4,5,6,7,8,9,10,11,11,11,12,13,14,15,16,17,18,19,6,20,20,20,21,22,23,24,25,26,27,28,28,29,30,31,32,33,34,35,36,37,38,39,40,41,42,43,44,45,46,47,48,49,50,51,52,53,54,55,56,57,58,59,60,61,62,63,64,65,66,67,68,69,70,71,72,73,74,75,76,77,78,79,80,81,82,83,84,85,86,87,88,89,90,91,92,93,94,95,96,97,98,99,100,101,102,103,104,105,106,107,108,106,106,106,106,106,109,110,111,112,113,114,115,116","0.000428915023803711","louvain","edit-xhwikibooks.graphml"
"0","0.99","0.01","0.861552028218695","1,2,2,1,1,3,4,5,6,7,8,9,10,10,10,11,12,13,14,15,16,1,17,5,18,18,18,19,1,20,21,22,23,24,25,25,26,27,28,29,30,31,32,33,34,35,36,37,38,39,40,41,42,43,44,45,46,47,48,49,50,51,52,53,54,55,56,57,58,59,60,61,62,63,64,65,66,67,68,69,70,71,72,73,74,75,76,77,78,79,80,81,82,83,84,85,86,87,88,89,90,91,92,93,94,95,96,97,98,99,100,101,102,103,104,105,103,103,103,103,103,106,107,108,109,110,111,112,113","0.000417947769165039","louvain","edit-xhwikibooks.graphml"
"0.98","0","0.02","0.724756992660186","1,1,1,1,2,3,2,4,3,3,2,2,4,4,4,3,3,2,2,2,5,6,4,4,4,4,4,3,1,3,2,2,2,2,7,7,4,4,5,5,5,5,6,6,6,6,5,6,6,6,5,5,5,5,5,6,6,6,6,5,4,5,5,4,4,5,5,5,5,5,6,5,4,4,5,5,5,5,5,5,5,4,3,3,3,1,5,5,5,5,3,2,2,5,5,5,3,5,5,5,5,5,5,5,5,5,5,2,2,2,5,5,5,7,7,7,7,7,7,7,7,4,4,4,4,4,4,4,4","0.000482082366943359","louvain","edit-xhwikibooks.graphml"
"0.97","0.01","0.02","0.724756992660186","1,1,1,1,2,3,2,4,3,3,2,2,4,4,4,3,3,2,2,2,5,6,4,4,4,4,4,3,1,3,2,2,2,2,7,7,4,4,5,5,5,5,6,6,6,6,5,6,6,6,5,5,5,5,5,6,6,6,6,5,4,5,5,4,4,5,5,5,5,5,6,5,4,4,5,5,5,5,5,5,5,4,3,3,3,1,5,5,5,5,3,2,2,5,5,5,3,5,5,5,5,5,5,5,5,5,5,2,2,2,5,5,5,7,7,7,7,7,7,7,7,4,4,4,4,4,4,4,4","0.000468015670776367","louvain","edit-xhwikibooks.graphml"
"0.96","0.02","0.02","0.724756992660186","1,1,1,1,2,3,2,4,3,3,2,2,4,4,4,3,3,2,2,2,5,6,4,4,4,4,4,3,1,3,2,2,2,2,7,7,4,4,5,5,5,5,6,6,6,6,5,6,6,6,5,5,5,5,5,6,6,6,6,5,4,5,5,4,4,5,5,5,5,5,6,5,4,4,5,5,5,5,5,5,5,4,3,3,3,1,5,5,5,5,3,2,2,5,5,5,3,5,5,5,5,5,5,5,5,5,5,2,2,2,5,5,5,7,7,7,7,7,7,7,7,4,4,4,4,4,4,4,4","0.000491142272949219","louvain","edit-xhwikibooks.graphml"
"0.95","0.03","0.02","0.720922798231126","1,1,1,1,2,3,2,4,3,3,2,2,4,4,4,3,3,2,2,2,5,6,4,4,4,4,4,3,1,3,2,2,2,2,7,7,4,4,5,5,5,5,6,6,6,6,5,6,6,6,5,5,5,5,5,6,6,6,6,5,8,5,5,4,4,5,5,5,5,5,6,5,4,4,5,5,5,5,5,5,5,4,3,3,3,9,5,5,5,5,10,11,12,5,5,5,3,5,5,5,5,5,5,5,5,5,5,2,2,2,5,5,5,7,7,7,7,7,7,7,7,4,4,4,4,4,4,4,4","0.000509023666381836","louvain","edit-xhwikibooks.graphml"
"0.94","0.04","0.02","0.720922798231126","1,1,1,1,2,3,2,4,3,3,2,2,4,4,4,3,3,2,2,2,5,6,4,4,4,4,4,3,1,3,2,2,2,2,7,7,4,4,5,5,5,5,6,6,6,6,5,6,6,6,5,5,5,5,5,6,6,6,6,5,8,5,5,4,4,5,5,5,5,5,6,5,4,4,5,5,5,5,5,5,5,4,3,3,3,9,5,5,5,5,10,11,12,5,5,5,3,5,5,5,5,5,5,5,5,5,5,2,2,2,5,5,5,7,7,7,7,7,7,7,7,4,4,4,4,4,4,4,4","0.000468015670776367","louvain","edit-xhwikibooks.graphml"
"0.93","0.05","0.02","0.7137451171875","1,1,1,1,2,1,2,1,1,1,2,2,3,3,3,1,4,2,2,2,5,6,3,3,3,3,3,1,1,7,8,2,2,2,9,9,10,3,5,5,5,5,6,6,6,6,5,6,6,6,5,5,5,5,5,6,6,6,6,5,11,5,5,12,13,5,5,5,5,5,6,5,3,3,5,5,5,5,5,5,5,14,1,1,1,15,5,5,5,5,16,17,18,5,5,5,19,5,5,5,5,5,5,5,5,5,5,20,21,5,5,5,5,9,9,9,9,9,9,9,9,10,10,10,10,10,10,10,10","0.000470161437988281","louvain","edit-xhwikibooks.graphml"
"0.92","0.06","0.02","0.716033935546875","1,1,1,1,2,3,2,3,3,3,2,2,3,3,3,4,5,2,2,2,6,7,3,3,3,3,3,4,1,8,9,2,2,2,10,10,11,3,6,6,6,6,7,7,7,7,6,7,7,7,6,6,6,6,6,7,7,7,7,6,12,6,6,13,14,6,6,6,6,6,7,6,3,3,6,6,6,6,6,6,6,15,4,4,4,16,6,6,6,6,17,18,19,6,6,6,20,6,6,6,6,6,6,6,6,6,6,21,22,6,6,6,6,10,10,10,10,10,10,10,10,11,11,11,11,11,11,11,11","0.000455856323242188","louvain","edit-xhwikibooks.graphml"
"0.91","0.07","0.02","0.692136105860113","1,1,1,2,3,2,4,2,2,2,4,5,2,2,2,2,6,7,4,8,9,10,11,2,2,2,2,2,1,12,13,14,8,15,4,4,16,2,9,9,9,9,10,10,10,10,9,10,10,10,9,9,9,9,9,10,10,10,10,9,17,9,9,18,19,9,9,9,9,9,10,9,20,21,9,9,9,9,9,9,9,22,23,24,25,26,9,9,9,9,27,28,29,9,9,9,30,9,9,9,9,9,9,9,9,9,9,31,32,9,9,9,9,4,4,4,4,4,4,4,4,16,16,16,16,16,16,16,16","0.000487804412841797","louvain","edit-xhwikibooks.graphml"
"0.9","0.08","0.02","0.695117419738406","1,1,1,2,3,2,4,2,2,2,4,5,2,2,2,2,6,7,4,8,9,10,11,2,2,2,2,2,1,12,13,14,8,15,4,4,16,2,9,9,9,9,10,10,10,10,9,10,10,10,9,9,9,9,9,10,10,10,10,9,17,9,9,18,19,9,9,9,9,9,10,9,20,21,9,9,9,9,9,9,9,22,23,24,25,26,9,9,9,9,27,28,29,9,9,9,30,9,9,9,9,9,9,9,9,9,9,31,32,9,9,9,9,4,4,4,4,4,4,4,4,16,16,16,16,16,16,16,16","0.000454902648925781","louvain","edit-xhwikibooks.graphml"
"0.89","0.09","0.02","0.679747614650662","1,1,1,2,3,2,4,2,2,2,5,6,2,2,2,2,7,8,9,10,11,1,12,2,2,2,2,2,1,13,14,15,16,17,9,9,18,2,11,11,11,11,1,1,1,1,11,1,1,1,11,11,11,11,11,1,1,1,1,11,19,11,11,20,21,11,11,11,11,11,1,11,22,23,11,11,11,11,11,11,11,24,25,26,27,28,11,11,11,11,29,30,31,11,11,11,32,11,11,11,11,11,11,11,11,11,11,33,34,11,11,11,11,9,9,9,9,9,9,9,9,18,18,18,18,18,18,18,18","0.000449180603027344","louvain","edit-xhwikibooks.graphml"
"0.88","0.1","0.02","0.682402277623884","1,1,1,2,3,2,4,2,2,2,5,6,2,2,2,2,7,8,9,10,11,12,13,2,2,2,2,2,1,14,15,16,17,18,9,9,19,2,11,11,11,11,12,12,12,12,11,12,12,12,11,11,11,11,11,12,12,12,12,11,20,11,11,21,22,11,11,11,11,11,12,11,23,24,11,11,11,11,11,11,11,25,26,27,28,29,11,11,11,11,30,31,32,11,11,11,33,11,11,11,11,11,11,11,11,11,11,34,35,11,11,11,11,9,9,9,9,9,9,9,9,19,19,19,19,19,19,19,19","0.000433921813964844","louvain","edit-xhwikibooks.graphml"
"0.87","0.11","0.02","0.665137614678899","1,1,1,2,3,1,4,1,5,6,7,8,1,5,5,1,9,10,11,12,13,14,15,5,5,5,5,16,17,18,19,20,21,22,11,11,23,5,13,13,13,13,14,14,14,14,13,14,14,14,13,13,13,13,13,14,14,14,14,13,24,13,13,25,26,13,13,13,13,13,14,13,27,28,13,13,13,13,13,13,13,29,30,31,32,33,13,13,13,13,34,35,36,13,13,13,37,13,13,13,13,13,13,13,13,13,13,38,39,13,13,13,13,11,11,11,11,11,11,11,11,23,23,23,23,23,23,23,23","0.000431060791015625","louvain","edit-xhwikibooks.graphml"
"0.86","0.12","0.02","0.668330492654817","1,1,1,2,3,4,5,4,4,6,7,8,4,4,4,4,9,10,11,12,13,14,15,4,4,4,4,16,17,18,19,20,21,22,11,11,23,4,13,13,13,13,14,14,14,14,13,14,14,14,13,13,13,13,13,14,14,14,14,13,24,13,13,25,26,13,13,13,13,13,14,13,27,28,13,13,13,13,13,13,13,29,30,31,32,33,13,13,13,13,34,35,36,13,13,13,37,13,13,13,13,13,13,13,13,13,13,38,39,13,13,13,13,11,11,11,11,11,11,11,11,23,23,23,23,23,23,23,23","0.000456809997558594","louvain","edit-xhwikibooks.graphml"
"0.85","0.13","0.02","0.650618634795051","1,1,1,2,3,1,4,1,5,6,7,8,9,5,5,10,11,12,13,14,15,1,16,5,5,5,5,17,18,19,20,21,22,23,13,13,24,25,15,15,15,15,1,1,1,1,15,1,1,1,15,15,15,15,15,1,1,1,1,15,26,15,15,27,28,15,15,15,15,15,1,15,29,30,15,15,15,15,15,15,15,31,32,33,34,35,15,15,15,15,36,37,38,15,15,15,39,15,15,15,15,15,15,15,15,15,15,40,41,15,15,15,15,13,13,13,13,13,13,13,13,24,24,24,24,24,24,24,24","0.00046992301940918","louvain","edit-xhwikibooks.graphml"
"0.84","0.14","0.02","0.656215806750273","1,1,1,2,3,1,4,1,5,6,7,8,9,5,5,10,11,12,13,14,15,16,17,5,5,5,5,18,19,20,21,22,23,24,13,13,25,26,15,15,15,15,16,16,16,16,15,16,16,16,15,15,15,15,15,16,16,16,16,15,27,15,15,28,29,15,15,15,15,15,16,15,30,31,15,15,15,15,15,15,15,32,33,34,35,36,15,15,15,15,37,38,39,15,15,15,40,15,15,15,15,15,15,15,15,15,15,41,42,15,15,15,15,13,13,13,13,13,13,13,13,25,25,25,25,25,25,25,25","0.000432968139648438","louvain","edit-xhwikibooks.graphml"
"0.83","0.15","0.02","0.650377229080933","1,1,1,2,3,4,5,6,7,8,9,10,11,6,6,12,13,14,15,16,17,18,19,20,6,6,6,21,22,23,24,25,26,27,15,15,28,29,17,17,17,17,18,18,18,18,17,18,18,18,17,17,17,17,17,18,18,18,18,17,30,17,17,31,32,17,17,17,17,17,18,17,33,34,17,17,17,17,17,17,17,35,36,37,38,39,17,17,17,17,40,41,42,17,17,17,43,17,17,17,17,17,17,17,17,17,17,44,45,17,17,17,17,15,15,15,15,15,15,15,15,28,28,28,28,28,28,28,28","0.000432968139648438","louvain","edit-xhwikibooks.graphml"
"0.82","0.16","0.02","0.654069522767444","1,1,1,2,3,4,5,6,7,8,9,10,11,6,6,12,13,14,15,16,17,18,19,20,6,6,6,21,22,23,24,25,26,27,15,15,28,29,17,17,17,17,18,18,18,18,17,18,18,18,17,17,17,17,17,18,18,18,18,17,30,17,17,31,32,17,17,17,17,17,18,17,33,34,17,17,17,17,17,17,17,35,36,37,38,39,17,17,17,17,40,41,42,17,17,17,43,17,17,17,17,17,17,17,17,17,17,44,45,17,17,17,17,15,15,15,15,15,15,15,15,28,28,28,28,28,28,28,28","0.000414133071899414","louvain","edit-xhwikibooks.graphml"
"0.81","0.17","0.02","0.590899625156185","1,1,1,2,3,4,5,6,7,8,9,10,11,12,12,13,14,15,16,17,18,19,20,21,12,12,12,22,23,24,25,26,27,28,16,16,12,29,18,18,18,18,19,19,19,19,18,19,19,19,18,18,18,18,18,19,19,19,19,18,30,18,18,31,32,18,18,18,18,18,19,18,33,34,18,18,18,18,18,18,18,35,36,37,38,39,18,18,18,18,40,41,42,18,18,18,43,18,18,18,18,18,18,18,18,18,18,44,45,18,18,18,18,16,46,47,16,16,16,16,16,48,49,50,51,52,53,54,55","0.000429153442382812","louvain","edit-xhwikibooks.graphml"
"0.8","0.18","0.02","0.590899625156185","1,1,1,2,3,4,5,6,7,8,9,10,11,12,12,13,14,15,16,17,18,19,20,21,12,12,12,22,23,24,25,26,27,28,16,16,12,29,18,18,18,18,19,19,19,19,18,19,19,19,18,18,18,18,18,19,19,19,19,18,30,18,18,31,32,18,18,18,18,18,19,18,33,34,18,18,18,18,18,18,18,35,36,37,38,39,18,18,18,18,40,41,42,18,18,18,43,18,18,18,18,18,18,18,18,18,18,44,45,18,18,18,18,16,46,47,16,16,16,16,16,48,49,50,51,52,53,54,55","0.000559091567993164","louvain","edit-xhwikibooks.graphml"
"0.79","0.19","0.02","0.580695543523532","1,1,1,2,3,4,5,6,7,8,9,10,11,12,13,14,15,16,17,18,19,20,21,22,13,13,13,23,24,25,26,27,28,29,17,17,13,30,19,19,19,19,20,20,20,20,19,20,20,20,19,19,19,19,19,20,20,20,20,19,31,19,19,32,33,19,19,19,19,19,20,19,34,35,19,19,19,19,19,19,19,36,37,38,39,40,19,19,19,19,41,42,43,19,19,19,44,19,19,19,19,19,19,19,19,19,19,45,46,19,19,19,19,17,47,48,17,17,17,17,17,49,50,51,52,53,54,55,56","0.000438928604125977","louvain","edit-xhwikibooks.graphml"
"0.78","0.2","0.02","0.603274188805019","1,1,1,2,3,4,5,6,7,8,9,10,11,12,13,14,15,16,17,18,19,20,21,22,13,13,13,23,24,25,26,27,28,29,17,17,13,30,19,19,19,19,20,20,20,20,19,20,20,20,19,19,19,19,19,20,20,20,20,19,31,19,19,32,33,19,19,19,19,19,20,19,34,35,19,19,19,19,19,19,19,36,37,38,39,40,19,19,19,19,41,42,43,19,19,19,44,19,19,19,19,19,19,19,19,19,19,45,46,19,19,19,19,17,47,48,17,17,17,17,17,49,50,51,52,53,54,55,56","0.000445842742919922","louvain","edit-xhwikibooks.graphml"
"0.77","0.21","0.02","0.581573308846036","1,1,1,2,3,4,5,6,7,8,9,10,11,12,13,14,15,16,17,18,19,20,21,22,23,13,24,25,26,27,28,29,30,31,32,32,13,33,19,19,19,19,20,20,20,20,19,20,20,20,19,19,19,19,19,20,20,20,20,19,34,19,19,35,36,19,19,19,19,19,20,19,37,38,19,19,19,19,19,19,19,39,40,41,42,43,19,19,19,19,44,45,46,19,19,19,47,19,19,19,19,19,19,19,19,19,19,48,49,19,19,19,19,32,50,51,32,32,32,32,32,52,53,54,55,56,57,58,59","0.000461101531982422","louvain","edit-xhwikibooks.graphml"
"0.76","0.22","0.02","0.581573308846036","1,1,1,2,3,4,5,6,7,8,9,10,11,12,13,14,15,16,17,18,19,20,21,22,23,13,24,25,26,27,28,29,30,31,32,32,13,33,19,19,19,19,20,20,20,20,19,20,20,20,19,19,19,19,19,20,20,20,20,19,34,19,19,35,36,19,19,19,19,19,20,19,37,38,19,19,19,19,19,19,19,39,40,41,42,43,19,19,19,19,44,45,46,19,19,19,47,19,19,19,19,19,19,19,19,19,19,48,49,19,19,19,19,32,50,51,32,32,32,32,32,52,53,54,55,56,57,58,59","0.000391006469726562","louvain","edit-xhwikibooks.graphml"
"0.75","0.23","0.02","0.582884030977355","1,1,1,2,3,4,5,6,7,8,9,10,11,12,13,14,15,16,17,18,19,20,21,22,23,24,25,26,27,28,29,30,31,32,33,33,13,34,19,19,19,19,20,20,20,20,19,20,20,20,19,19,19,19,19,20,20,20,20,19,35,19,19,36,37,19,19,19,19,19,20,19,38,39,19,19,19,19,19,19,19,40,41,42,43,44,19,19,19,19,45,46,47,19,19,19,48,19,19,19,19,19,19,19,19,19,19,49,50,19,19,19,19,33,51,52,33,33,33,33,33,53,54,55,56,57,58,59,60","0.000405073165893555","louvain","edit-xhwikibooks.graphml"
"0.74","0.24","0.02","0.587850826605152","1,1,1,2,3,4,5,6,7,8,9,10,11,12,13,14,15,16,17,18,19,20,21,22,23,24,25,26,27,28,29,30,31,32,33,33,13,34,19,19,19,19,20,20,20,20,19,20,20,20,19,19,19,19,19,20,20,20,20,19,35,19,19,36,37,19,19,19,19,19,20,19,38,39,19,19,19,19,19,19,19,40,41,42,43,44,19,19,19,19,45,46,47,19,19,19,48,19,19,19,19,19,19,19,19,19,19,49,50,19,19,19,19,33,51,52,33,33,33,33,33,53,54,55,56,57,58,59,60","0.000396013259887695","louvain","edit-xhwikibooks.graphml"
"0.73","0.25","0.02","0.495243757431629","1,1,1,2,3,4,5,6,7,8,9,10,11,12,13,14,15,16,17,18,19,1,20,21,22,23,24,25,26,27,28,29,30,31,32,32,13,33,19,19,19,19,34,35,36,37,19,38,39,40,19,19,19,19,19,41,42,43,44,19,45,19,19,46,47,19,19,19,19,19,48,19,49,50,19,19,19,19,19,19,19,51,52,53,54,55,19,19,19,19,56,57,58,19,19,19,59,19,19,19,19,19,19,19,19,19,19,60,61,19,19,19,19,32,62,63,32,32,32,32,32,64,65,66,67,68,69,70,71","0.000438928604125977","louvain","edit-xhwikibooks.graphml"
"0.72","0.26","0.02","0.495243757431629","1,1,1,2,3,4,5,6,7,8,9,10,11,12,13,14,15,16,17,18,19,1,20,21,22,23,24,25,26,27,28,29,30,31,32,32,13,33,19,19,19,19,34,35,36,37,19,38,39,40,19,19,19,19,19,41,42,43,44,19,45,19,19,46,47,19,19,19,19,19,48,19,49,50,19,19,19,19,19,19,19,51,52,53,54,55,19,19,19,19,56,57,58,19,19,19,59,19,19,19,19,19,19,19,19,19,19,60,61,19,19,19,19,32,62,63,32,32,32,32,32,64,65,66,67,68,69,70,71","0.000393867492675781","louvain","edit-xhwikibooks.graphml"
"0.71","0.27","0.02","0.495243757431629","1,1,1,2,3,4,5,6,7,8,9,10,11,12,13,14,15,16,17,18,19,1,20,21,22,23,24,25,26,27,28,29,30,31,32,32,13,33,19,19,19,19,34,35,36,37,19,38,39,40,19,19,19,19,19,41,42,43,44,19,45,19,19,46,47,19,19,19,19,19,48,19,49,50,19,19,19,19,19,19,19,51,52,53,54,55,19,19,19,19,56,57,58,19,19,19,59,19,19,19,19,19,19,19,19,19,19,60,61,19,19,19,19,32,62,63,32,32,32,32,32,64,65,66,67,68,69,70,71","0.000380039215087891","louvain","edit-xhwikibooks.graphml"
"0.7","0.28","0.02","0.491025309917355","1,1,1,2,3,4,5,6,7,8,9,10,11,12,13,14,15,16,17,18,19,1,20,21,22,23,24,25,26,27,28,29,30,31,32,32,13,33,19,19,19,19,34,35,36,37,19,38,39,40,19,19,19,19,19,41,42,43,44,19,45,19,19,46,47,19,19,19,19,19,48,19,49,50,19,19,19,19,19,19,19,51,52,53,54,55,19,19,19,19,56,57,58,19,19,19,59,19,19,19,19,19,19,19,19,19,19,60,61,19,19,19,19,32,62,63,32,32,32,32,32,64,65,66,67,68,69,70,71","0.000388860702514648","louvain","edit-xhwikibooks.graphml"
"0.69","0.29","0.02","0.440629989838873","1,1,1,2,3,4,5,6,7,8,9,10,11,12,13,14,15,16,17,18,19,1,20,21,22,23,24,25,26,27,28,29,30,31,32,32,33,34,19,19,19,19,35,36,37,38,19,39,40,41,19,19,19,19,19,42,43,44,45,19,46,19,19,47,48,19,19,19,19,19,49,19,50,51,19,19,19,19,19,19,19,52,53,54,55,56,19,19,19,19,57,58,59,19,19,19,60,19,19,19,19,19,19,19,19,19,19,61,62,19,19,19,19,63,64,65,66,67,68,69,70,71,72,73,74,75,76,77,78","0.00038599967956543","louvain","edit-xhwikibooks.graphml"
"0.68","0.3","0.02","0.436437074829932","1,1,1,2,3,4,5,6,7,8,9,10,11,12,13,14,15,16,17,18,19,1,20,21,22,23,24,25,26,27,28,29,30,31,32,32,33,34,19,19,19,19,35,36,37,38,19,39,40,41,19,19,19,19,19,42,43,44,45,19,46,19,19,47,48,19,19,19,19,19,49,19,50,51,19,19,19,19,19,19,19,52,53,54,55,56,19,19,19,19,57,58,59,19,19,19,60,19,19,19,19,19,19,19,19,19,19,61,62,19,19,19,19,63,64,65,66,67,68,69,70,71,72,73,74,75,76,77,78","0.000381946563720703","louvain","edit-xhwikibooks.graphml"
"0.67","0.31","0.02","0.446989619377163","1,1,1,2,3,4,5,6,7,8,9,10,11,12,13,14,15,16,17,18,19,1,20,21,22,23,24,25,26,27,28,29,30,31,32,32,33,34,19,19,19,19,35,36,37,38,19,39,40,41,19,19,19,19,19,42,43,44,45,19,46,19,19,47,48,19,19,19,19,19,49,19,50,51,19,19,19,19,19,19,19,52,53,54,55,56,19,19,19,19,57,58,59,19,19,19,60,19,19,19,19,19,19,19,19,19,19,61,62,19,19,19,19,63,64,65,66,67,68,69,70,71,72,73,74,75,76,77,78","0.000390052795410156","louvain","edit-xhwikibooks.graphml"
"0.66","0.32","0.02","0.442874526771228","1,1,1,2,3,4,5,6,7,8,9,10,11,12,13,14,15,16,17,18,19,1,20,21,22,23,24,25,26,27,28,29,30,31,32,32,33,34,19,19,19,19,35,36,37,38,19,39,40,41,19,19,19,19,19,42,43,44,45,19,46,19,19,47,48,19,19,19,19,19,49,19,50,51,19,19,19,19,19,19,19,52,53,54,55,56,19,19,19,19,57,58,59,19,19,19,60,19,19,19,19,19,19,19,19,19,19,61,62,19,19,19,19,63,64,65,66,67,68,69,70,71,72,73,74,75,76,77,78","0.000396966934204102","louvain","edit-xhwikibooks.graphml"
"0.65","0.33","0.02","0.448823688480259","1,1,1,2,3,4,5,6,7,8,9,10,11,12,13,14,15,16,17,18,19,20,21,22,23,24,25,26,27,28,29,30,31,32,33,33,34,35,19,19,19,19,36,37,38,39,19,40,41,42,19,19,19,19,19,43,44,45,46,19,47,19,19,48,49,19,19,19,19,19,50,19,51,52,19,19,19,19,19,19,19,53,54,55,56,57,19,19,19,19,58,59,60,19,19,19,61,19,19,19,19,19,19,19,19,19,19,62,63,19,19,19,19,64,65,66,67,68,69,70,71,72,73,74,75,76,77,78,79","0.000401020050048828","louvain","edit-xhwikibooks.graphml"
"0.64","0.34","0.02","0.581658660915597","1,1,1,2,3,4,5,6,7,8,9,10,11,12,12,13,14,15,16,17,18,19,20,21,22,23,24,25,26,27,28,29,30,31,32,32,33,34,18,18,18,18,35,36,37,38,18,39,40,41,18,18,18,18,18,42,43,44,45,18,46,18,18,47,48,18,18,18,18,18,49,18,50,51,18,18,18,18,18,18,18,52,53,54,55,56,18,18,18,18,57,58,59,18,18,18,60,18,18,18,18,18,18,18,18,18,18,61,62,18,18,18,18,63,64,65,66,67,68,69,70,71,72,73,74,75,76,77,78","0.000413179397583008","louvain","edit-xhwikibooks.graphml"
"0.63","0.35","0.02","0.581658660915597","1,1,1,2,3,4,5,6,7,8,9,10,11,12,12,13,14,15,16,17,18,19,20,21,22,23,24,25,26,27,28,29,30,31,32,32,33,34,18,18,18,18,35,36,37,38,18,39,40,41,18,18,18,18,18,42,43,44,45,18,46,18,18,47,48,18,18,18,18,18,49,18,50,51,18,18,18,18,18,18,18,52,53,54,55,56,18,18,18,18,57,58,59,18,18,18,60,18,18,18,18,18,18,18,18,18,18,61,62,18,18,18,18,63,64,65,66,67,68,69,70,71,72,73,74,75,76,77,78","0.000413894653320312","louvain","edit-xhwikibooks.graphml"
"0.62","0.36","0.02","0.57742214532872","1,1,1,2,3,4,5,6,7,8,9,10,11,12,12,13,14,15,16,17,18,19,20,21,22,23,24,25,26,27,28,29,30,31,32,32,33,34,18,18,18,18,35,36,37,38,18,39,40,41,18,18,18,18,18,42,43,44,45,18,46,18,18,47,48,18,18,18,18,18,49,18,50,51,18,18,18,18,18,18,18,52,53,54,55,56,18,18,18,18,57,58,59,18,18,18,60,18,18,18,18,18,18,18,18,18,18,61,62,18,18,18,18,63,64,65,66,67,68,69,70,71,72,73,74,75,76,77,78","0.00040888786315918","louvain","edit-xhwikibooks.graphml"
"0.61","0.37","0.02","0.57742214532872","1,1,1,2,3,4,5,6,7,8,9,10,11,12,12,13,14,15,16,17,18,19,20,21,22,23,24,25,26,27,28,29,30,31,32,32,33,34,18,18,18,18,35,36,37,38,18,39,40,41,18,18,18,18,18,42,43,44,45,18,46,18,18,47,48,18,18,18,18,18,49,18,50,51,18,18,18,18,18,18,18,52,53,54,55,56,18,18,18,18,57,58,59,18,18,18,60,18,18,18,18,18,18,18,18,18,18,61,62,18,18,18,18,63,64,65,66,67,68,69,70,71,72,73,74,75,76,77,78","0.000408172607421875","louvain","edit-xhwikibooks.graphml"
"0.6","0.38","0.02","0.573239702139693","1,1,1,2,3,4,5,6,7,8,9,10,11,12,12,13,14,15,16,17,18,19,20,21,22,23,24,25,26,27,28,29,30,31,32,32,33,34,18,18,18,18,35,36,37,38,18,39,40,41,18,18,18,18,18,42,43,44,45,18,46,18,18,47,48,18,18,18,18,18,49,18,50,51,18,18,18,18,18,18,18,52,53,54,55,56,18,18,18,18,57,58,59,18,18,18,60,18,18,18,18,18,18,18,18,18,18,61,62,18,18,18,18,63,64,65,66,67,68,69,70,71,72,73,74,75,76,77,78","0.000416994094848633","louvain","edit-xhwikibooks.graphml"
"0.59","0.39","0.02","0.580482618343195","1,1,1,2,3,4,5,6,7,8,9,10,11,12,12,13,14,15,16,17,18,19,20,21,22,23,24,25,26,27,28,29,30,31,32,32,33,34,18,18,18,18,35,36,37,38,18,39,40,41,18,18,18,18,18,42,43,44,45,18,46,18,18,47,48,18,18,18,18,18,49,18,50,51,18,18,18,18,18,18,18,52,53,54,55,56,18,18,18,18,57,58,59,18,18,18,60,18,18,18,18,18,18,18,18,18,18,61,62,18,18,18,18,63,64,65,66,67,68,69,70,71,72,73,74,75,76,77,78","0.000422954559326172","louvain","edit-xhwikibooks.graphml"
"0.58","0.4","0.02","0.597265089163237","1,1,1,2,3,4,5,6,7,8,9,10,11,12,12,13,14,15,16,17,18,19,20,21,22,23,24,25,26,27,28,29,30,31,32,32,33,34,18,18,18,18,35,36,37,38,18,39,40,41,18,18,18,18,18,42,43,44,45,18,46,18,18,47,48,18,18,18,18,18,49,18,50,51,18,18,18,18,18,18,18,52,53,54,55,56,18,18,18,18,57,58,59,18,18,18,60,18,18,18,18,18,18,18,18,18,18,61,62,18,18,18,18,63,64,65,66,67,68,69,70,71,72,73,74,75,76,77,78","0.000424861907958984","louvain","edit-xhwikibooks.graphml"
"0.57","0.41","0.02","0.597265089163237","1,1,1,2,3,4,5,6,7,8,9,10,11,12,12,13,14,15,16,17,18,19,20,21,22,23,24,25,26,27,28,29,30,31,32,32,33,34,18,18,18,18,35,36,37,38,18,39,40,41,18,18,18,18,18,42,43,44,45,18,46,18,18,47,48,18,18,18,18,18,49,18,50,51,18,18,18,18,18,18,18,52,53,54,55,56,18,18,18,18,57,58,59,18,18,18,60,18,18,18,18,18,18,18,18,18,18,61,62,18,18,18,18,63,64,65,66,67,68,69,70,71,72,73,74,75,76,77,78","0.000401020050048828","louvain","edit-xhwikibooks.graphml"
"0.56","0.42","0.02","0.593258143253935","1,1,1,2,3,4,5,6,7,8,9,10,11,12,12,13,14,15,16,17,18,19,20,21,22,23,24,25,26,27,28,29,30,31,32,32,33,34,18,18,18,18,35,36,37,38,18,39,40,41,18,18,18,18,18,42,43,44,45,18,46,18,18,47,48,18,18,18,18,18,49,18,50,51,18,18,18,18,18,18,18,52,53,54,55,56,18,18,18,18,57,58,59,18,18,18,60,18,18,18,18,18,18,18,18,18,18,61,62,18,18,18,18,63,64,65,66,67,68,69,70,71,72,73,74,75,76,77,78","0.000412940979003906","louvain","edit-xhwikibooks.graphml"
"0.55","0.43","0.02","0.605510916321727","1,1,1,2,3,4,5,6,7,8,9,10,11,12,12,13,14,15,16,17,18,19,20,21,22,23,24,25,26,27,28,29,30,31,32,32,33,34,18,18,18,18,35,36,37,38,18,39,40,41,18,18,18,18,18,42,43,44,45,18,46,18,18,47,48,18,18,18,18,18,49,18,50,51,18,18,18,18,18,18,18,52,53,54,55,56,18,18,18,18,57,58,59,18,18,18,60,18,18,18,18,18,18,18,18,18,18,61,62,18,18,18,18,63,64,65,66,67,68,69,70,71,72,73,74,75,76,77,78","0.000421047210693359","louvain","edit-xhwikibooks.graphml"
"0.54","0.44","0.02","0.601602359693878","1,1,1,2,3,4,5,6,7,8,9,10,11,12,12,13,14,15,16,17,18,19,20,21,22,23,24,25,26,27,28,29,30,31,32,32,33,34,18,18,18,18,35,36,37,38,18,39,40,41,18,18,18,18,18,42,43,44,45,18,46,18,18,47,48,18,18,18,18,18,49,18,50,51,18,18,18,18,18,18,18,52,53,54,55,56,18,18,18,18,57,58,59,18,18,18,60,18,18,18,18,18,18,18,18,18,18,61,62,18,18,18,18,63,64,65,66,67,68,69,70,71,72,73,74,75,76,77,78","0.000419855117797852","louvain","edit-xhwikibooks.graphml"
"0.53","0.45","0.02","0.613457987072945","1,1,1,2,3,4,5,6,7,8,9,10,11,12,12,13,14,15,16,17,18,19,20,21,22,23,24,25,26,27,28,29,30,31,32,32,33,34,18,18,18,18,35,36,37,38,18,39,40,41,18,18,18,18,18,42,43,44,45,18,46,18,18,47,48,18,18,18,18,18,49,18,50,51,18,18,18,18,18,18,18,52,53,54,55,56,18,18,18,18,57,58,59,18,18,18,60,18,18,18,18,18,18,18,18,18,18,61,62,18,18,18,18,63,64,65,66,67,68,69,70,71,72,73,74,75,76,77,78","0.000434160232543945","louvain","edit-xhwikibooks.graphml"
"0.52","0.46","0.02","0.6152274078478","1,1,1,2,3,4,5,6,7,8,9,10,11,12,12,13,14,15,16,17,18,19,20,21,22,23,24,25,26,27,28,29,30,31,32,32,33,34,18,18,18,18,35,36,37,38,18,39,40,41,18,18,18,18,18,42,43,44,45,18,46,18,18,47,48,18,18,18,18,18,49,18,50,51,18,18,18,18,18,18,18,52,53,54,55,56,18,18,18,18,57,58,59,18,18,18,60,18,18,18,18,18,18,18,18,18,18,61,62,18,18,18,18,63,64,65,66,67,68,69,70,71,72,73,74,75,76,77,78","0.000442981719970703","louvain","edit-xhwikibooks.graphml"
"0.51","0.47","0.02","0.620899992694864","1,1,1,2,3,4,5,6,7,8,9,10,11,12,12,13,14,15,16,17,18,19,20,21,22,23,24,25,26,27,28,29,30,31,32,32,33,34,18,18,18,18,35,36,37,38,18,39,40,41,18,18,18,18,18,42,43,44,45,18,46,18,18,47,48,18,18,18,18,18,49,18,50,51,18,18,18,18,18,18,18,52,53,54,55,56,18,18,18,18,57,58,59,18,18,18,60,18,18,18,18,18,18,18,18,18,18,61,62,18,18,18,18,63,64,65,66,67,68,69,70,71,72,73,74,75,76,77,78","0.000437021255493164","louvain","edit-xhwikibooks.graphml"
"0.5","0.48","0.02","0.617171789715599","1,1,1,2,3,4,5,6,7,8,9,10,11,12,12,13,14,15,16,17,18,19,20,21,22,23,24,25,26,27,28,29,30,31,32,32,33,34,18,18,18,18,35,36,37,38,18,39,40,41,18,18,18,18,18,42,43,44,45,18,46,18,18,47,48,18,18,18,18,18,49,18,50,51,18,18,18,18,18,18,18,52,53,54,55,56,18,18,18,18,57,58,59,18,18,18,60,18,18,18,18,18,18,18,18,18,18,61,62,18,18,18,18,63,64,65,66,67,68,69,70,71,72,73,74,75,76,77,78","0.000413179397583008","louvain","edit-xhwikibooks.graphml"
"0.49","0.49","0.02","0.617171789715599","1,1,1,2,3,4,5,6,7,8,9,10,11,12,12,13,14,15,16,17,18,19,20,21,22,23,24,25,26,27,28,29,30,31,32,32,33,34,18,18,18,18,35,36,37,38,18,39,40,41,18,18,18,18,18,42,43,44,45,18,46,18,18,47,48,18,18,18,18,18,49,18,50,51,18,18,18,18,18,18,18,52,53,54,55,56,18,18,18,18,57,58,59,18,18,18,60,18,18,18,18,18,18,18,18,18,18,61,62,18,18,18,18,63,64,65,66,67,68,69,70,71,72,73,74,75,76,77,78","0.000468015670776367","louvain","edit-xhwikibooks.graphml"
"0.48","0.5","0.02","0.765723211261244","1,1,1,2,3,4,5,6,7,8,9,10,11,11,11,12,13,14,15,16,17,18,19,6,20,20,20,21,22,23,24,25,26,27,28,28,29,30,17,17,17,17,31,32,33,34,17,35,36,37,17,17,17,17,17,38,39,40,41,17,42,17,17,43,44,17,17,17,17,17,45,17,46,47,17,17,17,17,17,17,17,48,49,50,51,52,17,17,17,17,53,54,55,17,17,17,56,17,17,17,17,17,17,17,17,17,17,57,58,17,17,17,17,59,60,61,59,59,59,59,59,62,63,64,65,66,67,68,69","0.000501871109008789","louvain","edit-xhwikibooks.graphml"
"0.47","0.51","0.02","0.767605103692273","1,1,1,2,3,4,5,6,7,8,9,10,11,11,11,12,13,14,15,16,17,18,19,6,20,20,20,21,22,23,24,25,26,27,28,28,29,30,17,17,17,17,31,32,33,34,17,35,36,37,17,17,17,17,17,38,39,40,41,17,42,17,17,43,44,17,17,17,17,17,45,17,46,47,17,17,17,17,17,17,17,48,49,50,51,52,17,17,17,17,53,54,55,17,17,17,56,17,17,17,17,17,17,17,17,17,17,57,58,59,17,17,17,60,61,62,60,60,60,60,60,63,64,65,66,67,68,69,70","0.000473976135253906","louvain","edit-xhwikibooks.graphml"
"0.46","0.52","0.02","0.765723211261244","1,1,1,2,3,4,5,6,7,8,9,10,11,11,11,12,13,14,15,16,17,18,19,6,20,20,20,21,22,23,24,25,26,27,28,28,29,30,17,17,17,17,31,32,33,34,17,35,36,37,17,17,17,17,17,38,39,40,41,17,42,17,17,43,44,17,17,17,17,17,45,17,46,47,17,17,17,17,17,17,17,48,49,50,51,52,17,17,17,17,53,54,55,17,17,17,56,17,17,17,17,17,17,17,17,17,17,57,58,17,17,17,17,59,60,61,59,59,59,59,59,62,63,64,65,66,67,68,69","0.000423908233642578","louvain","edit-xhwikibooks.graphml"
"0.45","0.53","0.02","0.765039411064842","1,1,1,2,3,4,5,6,7,8,9,10,11,11,11,12,13,14,15,16,17,18,19,6,20,20,20,21,22,23,24,25,26,27,28,28,29,30,17,17,17,17,31,32,33,34,17,35,36,37,17,17,17,17,17,38,39,40,41,17,42,17,17,43,44,17,17,17,17,17,45,17,46,47,17,17,17,17,17,17,17,48,49,50,51,52,17,17,17,17,53,54,55,17,17,17,56,17,17,17,17,17,17,17,17,17,17,57,58,59,17,17,17,60,61,62,60,60,60,60,60,63,64,65,66,67,68,69,70","0.000416040420532227","louvain","edit-xhwikibooks.graphml"
"0.44","0.54","0.02","0.76732782369146","1,1,1,2,3,4,5,6,7,8,9,10,11,11,11,12,13,14,15,16,17,18,19,6,20,20,20,21,22,23,24,25,26,27,28,28,29,30,17,17,17,17,31,32,33,34,17,35,36,37,17,17,17,17,17,38,39,40,41,17,42,17,17,43,44,17,17,17,17,17,45,17,46,47,17,17,17,17,17,17,17,48,49,50,51,52,17,17,17,17,53,54,55,17,17,17,56,17,17,17,17,17,17,17,17,17,17,57,58,59,17,17,17,60,61,62,60,60,60,60,60,63,64,65,66,67,68,69,70","0.00043797492980957","louvain","edit-xhwikibooks.graphml"
"0.43","0.55","0.02","0.764788067934388","1,1,1,2,3,4,5,6,7,8,9,10,11,11,11,12,13,14,15,16,17,18,19,6,20,20,20,21,22,23,24,25,26,27,28,28,29,30,17,17,17,17,31,32,33,34,17,35,36,37,17,17,17,17,17,38,39,40,41,17,42,17,17,43,44,17,17,17,17,17,45,17,46,47,17,17,17,17,17,17,17,48,49,50,51,52,17,17,17,17,53,54,55,17,17,17,56,17,17,17,17,17,17,17,17,17,17,57,58,59,17,17,17,60,61,62,60,60,60,60,60,63,64,65,66,67,68,69,70","0.000410079956054688","louvain","edit-xhwikibooks.graphml"
"0.42","0.56","0.02","0.76734339569161","1,1,1,2,3,4,5,6,7,8,9,10,11,11,11,12,13,14,15,16,17,18,19,6,20,20,20,21,22,23,24,25,26,27,28,28,29,30,17,17,17,17,31,32,33,34,17,35,36,37,17,17,17,17,17,38,39,40,41,17,42,17,17,43,44,17,17,17,17,17,45,17,46,47,17,17,17,17,17,17,17,48,49,50,51,52,17,17,17,17,53,54,55,17,17,17,56,17,17,17,17,17,17,17,17,17,17,57,58,17,17,17,17,59,60,61,59,59,59,59,59,62,63,64,65,66,67,68,69","0.000432014465332031","louvain","edit-xhwikibooks.graphml"
"0.41","0.57","0.02","0.766657329925423","1,1,1,2,3,4,5,6,7,8,9,10,11,11,11,12,13,14,15,16,17,18,19,6,20,20,20,21,22,23,24,25,26,27,28,28,29,30,17,17,17,17,31,32,33,34,17,35,36,37,17,17,17,17,17,38,39,40,41,17,42,17,17,43,44,17,17,17,17,17,45,17,46,47,17,17,17,17,17,17,17,48,49,50,51,52,17,17,17,17,53,54,55,17,17,17,56,17,17,17,17,17,17,17,17,17,17,57,58,59,17,17,17,60,61,62,60,60,60,60,60,63,64,65,66,67,68,69,70","0.000427961349487305","louvain","edit-xhwikibooks.graphml"
"0.4","0.58","0.02","0.768834855169112","1,1,1,2,3,4,5,6,7,8,9,10,11,11,11,12,13,14,15,16,17,18,19,6,20,20,20,21,22,23,24,25,26,27,28,28,29,30,17,17,17,17,31,32,33,34,17,35,36,37,17,17,17,17,17,38,39,40,41,17,42,17,17,43,44,17,17,17,17,17,45,17,46,47,17,17,17,17,17,17,17,48,49,50,51,52,17,17,17,17,53,54,55,17,17,17,56,17,17,17,17,17,17,17,17,17,17,57,58,17,17,17,17,59,60,61,59,59,59,59,59,62,63,64,65,66,67,68,69","0.000422000885009766","louvain","edit-xhwikibooks.graphml"
"0.39","0.59","0.02","0.768134802595998","1,1,1,2,3,4,5,6,7,8,9,10,11,11,11,12,13,14,15,16,17,18,19,6,20,20,20,21,22,23,24,25,26,27,28,28,29,30,17,17,17,17,31,32,33,34,17,35,36,37,17,17,17,17,17,38,39,40,41,17,42,17,17,43,44,17,17,17,17,17,45,17,46,47,17,17,17,17,17,17,17,48,49,50,51,52,17,17,17,17,53,54,55,17,17,17,56,17,17,17,17,17,17,17,17,17,17,57,58,59,17,17,17,60,61,62,60,60,60,60,60,63,64,65,66,67,68,69,70","0.000428915023803711","louvain","edit-xhwikibooks.graphml"
"0.38","0.6","0.02","0.774514285714286","1,1,1,2,3,4,5,6,7,8,9,10,11,11,11,12,13,14,15,16,17,18,19,6,20,20,20,21,22,23,24,25,26,27,28,28,29,30,17,17,17,17,31,32,33,34,17,35,36,37,17,17,17,17,17,38,39,40,41,17,42,17,17,43,44,17,17,17,17,17,45,17,46,47,17,17,17,17,17,17,17,48,49,50,51,52,17,17,17,17,53,54,55,17,17,17,56,17,17,17,17,17,17,17,17,17,17,57,58,59,17,17,17,60,61,62,60,60,60,60,60,63,64,65,66,67,68,69,70","0.000426054000854492","louvain","edit-xhwikibooks.graphml"
"0.37","0.61","0.02","0.772130036157025","1,1,1,2,3,4,5,6,7,8,9,10,11,11,11,12,13,14,15,16,17,18,19,6,20,20,20,21,22,23,24,25,26,27,28,28,29,30,17,17,17,17,31,32,33,34,17,35,36,37,17,17,17,17,17,38,39,40,41,17,42,17,17,43,44,17,17,17,17,17,45,17,46,47,17,17,17,17,17,17,17,48,49,50,51,52,17,17,17,17,53,54,55,17,17,17,56,17,17,17,17,17,17,17,17,17,17,57,58,59,17,17,17,60,61,62,60,60,60,60,60,63,64,65,66,67,68,69,70","0.00043487548828125","louvain","edit-xhwikibooks.graphml"
"0.36","0.62","0.02","0.77415493632098","1,1,1,2,3,4,5,6,7,8,9,10,11,11,11,12,13,14,15,16,17,18,19,6,20,20,20,21,22,23,24,25,26,27,28,28,29,30,17,17,17,17,31,32,33,34,17,35,36,37,17,17,17,17,17,38,39,40,41,17,42,17,17,43,44,17,17,17,17,17,45,17,46,47,17,17,17,17,17,17,17,48,49,50,51,52,17,17,17,17,53,54,55,17,17,17,56,17,17,17,17,17,17,17,17,17,17,57,58,59,17,17,17,60,61,62,60,60,60,60,60,63,64,65,66,67,68,69,70","0.000442028045654297","louvain","edit-xhwikibooks.graphml"
"0.35","0.63","0.02","0.770120565585154","1,1,1,2,3,4,5,6,7,8,9,10,11,11,11,12,13,14,15,16,17,18,19,6,20,20,20,21,22,23,24,25,26,27,28,28,29,30,17,17,17,17,31,32,33,34,17,35,36,37,17,17,17,17,17,38,39,40,41,17,42,17,17,43,44,17,17,17,17,17,45,17,46,47,17,17,17,17,17,17,17,48,49,50,51,52,17,17,17,17,53,54,55,17,17,17,56,17,17,17,17,17,17,17,17,17,17,57,58,17,17,17,17,59,60,61,59,59,59,59,59,62,63,64,65,66,67,68,69","0.000418186187744141","louvain","edit-xhwikibooks.graphml"
"0.34","0.64","0.02","0.771793334174978","1,1,1,2,3,4,5,6,7,8,9,10,11,11,11,12,13,14,15,16,17,18,19,6,20,20,20,21,22,23,24,25,26,27,28,28,29,30,17,17,17,17,31,32,33,34,17,35,36,37,17,17,17,17,17,38,39,40,41,17,42,17,17,43,44,17,17,17,17,17,45,17,46,47,17,17,17,17,17,17,17,48,49,50,51,52,17,17,17,17,53,54,55,17,17,17,56,17,17,17,17,17,17,17,17,17,17,57,58,59,17,17,17,60,61,62,60,60,60,60,60,63,64,65,66,67,68,69,70","0.000432014465332031","louvain","edit-xhwikibooks.graphml"
"0.33","0.65","0.02","0.769436035080054","1,1,1,2,3,4,5,6,7,8,9,10,11,11,11,12,13,14,15,16,17,18,19,6,20,20,20,21,22,23,24,25,26,27,28,28,29,30,17,17,17,17,31,32,33,34,17,35,36,37,17,17,17,17,17,38,39,40,41,17,42,17,17,43,44,17,17,17,17,17,45,17,46,47,17,17,17,17,17,17,17,48,49,50,51,52,17,17,17,17,53,54,55,17,17,17,56,17,17,17,17,17,17,17,17,17,17,57,58,59,17,17,17,60,61,62,60,60,60,60,60,63,64,65,66,67,68,69,70","0.000470876693725586","louvain","edit-xhwikibooks.graphml"
"0.32","0.66","0.02","0.771373456790123","1,1,1,2,3,4,5,6,7,8,9,10,11,11,11,12,13,14,15,16,17,18,19,6,20,20,20,21,22,23,24,25,26,27,28,28,29,30,17,17,17,17,31,32,33,34,17,35,36,37,17,17,17,17,17,38,39,40,41,17,42,17,17,43,44,17,17,17,17,17,45,17,46,47,17,17,17,17,17,17,17,48,49,50,51,52,17,17,17,17,53,54,55,17,17,17,56,17,17,17,17,17,17,17,17,17,17,57,58,59,17,17,17,60,61,62,60,60,60,60,60,63,64,65,66,67,68,69,70","0.000420808792114258","louvain","edit-xhwikibooks.graphml"
"0.31","0.67","0.02","0.795910585141354","1,1,1,2,3,4,5,6,7,8,9,10,11,11,11,12,13,14,15,16,17,18,19,6,20,20,20,21,22,23,24,25,26,27,28,28,29,30,17,17,17,17,31,32,33,34,17,35,36,37,17,17,17,17,17,38,39,40,41,17,42,17,17,43,44,17,17,17,17,17,45,17,46,47,17,17,17,17,17,17,17,48,49,50,51,52,17,17,17,17,53,54,55,17,17,17,56,17,17,17,17,17,17,17,17,17,17,57,58,59,17,17,17,60,61,62,60,60,60,60,60,63,64,65,66,67,68,69,70","0.000442981719970703","louvain","edit-xhwikibooks.graphml"
"0.3","0.68","0.02","0.794806048652202","1,1,1,2,3,4,5,6,7,8,9,10,11,11,11,12,13,14,15,16,17,18,19,6,20,20,20,21,22,23,24,25,26,27,28,28,29,30,17,17,17,17,31,32,33,34,17,35,36,37,17,17,17,17,17,38,39,40,41,17,42,17,17,43,44,17,17,17,17,17,45,17,46,47,17,17,17,17,17,17,17,48,49,50,51,52,17,17,17,17,53,54,55,17,17,17,56,17,17,17,17,17,17,17,17,17,17,57,58,17,17,17,17,59,60,61,59,59,59,59,59,62,63,64,65,66,67,68,69","0.000422000885009766","louvain","edit-xhwikibooks.graphml"
"0.29","0.69","0.02","0.793796855476884","1,1,1,2,3,4,5,6,7,8,9,10,11,11,11,12,13,14,15,16,17,18,19,6,20,20,20,21,22,23,24,25,26,27,28,28,29,30,17,17,17,17,31,32,33,34,17,35,36,37,17,17,17,17,17,38,39,40,41,17,42,17,17,43,44,17,17,17,17,17,45,17,46,47,17,17,17,17,17,17,17,48,49,50,51,52,17,17,17,17,53,54,55,17,17,17,56,17,17,17,17,17,17,17,17,17,17,57,58,59,17,17,17,60,61,62,60,60,60,60,60,63,64,65,66,67,68,69,70","0.000452995300292969","louvain","edit-xhwikibooks.graphml"
"0.28","0.7","0.02","0.794287407560102","1,1,1,2,3,4,5,6,7,8,9,10,11,11,11,12,13,14,15,16,17,18,19,6,20,20,20,21,22,23,24,25,26,27,28,28,29,30,17,17,17,17,31,32,33,34,17,35,36,37,17,17,17,17,17,38,39,40,41,17,42,17,17,43,44,17,17,17,17,17,45,17,46,47,17,17,17,17,17,17,17,48,49,50,51,52,17,17,17,17,53,54,55,17,17,17,56,17,17,17,17,17,17,17,17,17,17,57,58,17,17,17,17,59,60,61,59,59,59,59,59,62,63,64,65,66,67,68,69","0.000433921813964844","louvain","edit-xhwikibooks.graphml"
"0.27","0.71","0.02","0.793299153147638","1,1,1,2,3,4,5,6,7,8,9,10,11,11,11,12,13,14,15,16,17,18,19,6,20,20,20,21,22,23,24,25,26,27,28,28,29,30,17,17,17,17,31,32,33,34,17,35,36,37,17,17,17,17,17,38,39,40,41,17,42,17,17,43,44,17,17,17,17,17,45,17,46,47,17,17,17,17,17,17,17,48,49,50,51,52,17,17,17,17,53,54,55,17,17,17,56,17,17,17,17,17,17,17,17,17,17,57,58,59,17,17,17,60,61,62,60,60,60,60,60,63,64,65,66,67,68,69,70","0.000478982925415039","louvain","edit-xhwikibooks.graphml"
"0.26","0.72","0.02","0.7948875","1,1,1,2,3,4,5,6,7,8,9,10,11,11,11,12,13,14,15,16,17,18,19,6,20,20,20,21,22,23,24,25,26,27,28,28,29,30,17,17,17,17,31,32,33,34,17,35,36,37,17,17,17,17,17,38,39,40,41,17,42,17,17,43,44,17,17,17,17,17,45,17,46,47,17,17,17,17,17,17,17,48,49,50,51,52,17,17,17,17,53,54,55,17,17,17,56,17,17,17,17,17,17,17,17,17,17,57,58,17,17,17,17,59,60,61,59,59,59,59,59,62,63,64,65,66,67,68,69","0.000421047210693359","louvain","edit-xhwikibooks.graphml"
"0.25","0.73","0.02","0.793903616247122","1,1,1,2,3,4,5,6,7,8,9,10,11,11,11,12,13,14,15,16,17,18,19,6,20,20,20,21,22,23,24,25,26,27,28,28,29,30,17,17,17,17,31,32,33,34,17,35,36,37,17,17,17,17,17,38,39,40,41,17,42,17,17,43,44,17,17,17,17,17,45,17,46,47,17,17,17,17,17,17,17,48,49,50,51,52,17,17,17,17,53,54,55,17,17,17,56,17,17,17,17,17,17,17,17,17,17,57,58,59,17,17,17,60,61,62,60,60,60,60,60,63,64,65,66,67,68,69,70","0.000423908233642578","louvain","edit-xhwikibooks.graphml"
"0.24","0.74","0.02","0.793903616247122","1,1,1,2,3,4,5,6,7,8,9,10,11,11,11,12,13,14,15,16,17,18,19,6,20,20,20,21,22,23,24,25,26,27,28,28,29,30,17,17,17,17,31,32,33,34,17,35,36,37,17,17,17,17,17,38,39,40,41,17,42,17,17,43,44,17,17,17,17,17,45,17,46,47,17,17,17,17,17,17,17,48,49,50,51,52,17,17,17,17,53,54,55,17,17,17,56,17,17,17,17,17,17,17,17,17,17,57,58,59,17,17,17,60,61,62,60,60,60,60,60,63,64,65,66,67,68,69,70","0.000423908233642578","louvain","edit-xhwikibooks.graphml"
"0.23","0.75","0.02","0.795871505056514","1,1,1,2,3,4,5,6,7,8,9,10,11,11,11,12,13,14,15,16,17,18,19,6,20,20,20,21,22,23,24,25,26,27,28,28,29,30,17,17,17,17,31,32,33,34,17,35,36,37,17,17,17,17,17,38,39,40,41,17,42,17,17,43,44,17,17,17,17,17,45,17,46,47,17,17,17,17,17,17,17,48,49,50,51,52,17,17,17,17,53,54,55,17,17,17,56,17,17,17,17,17,17,17,17,17,17,57,58,17,17,17,17,59,60,61,59,59,59,59,59,62,63,64,65,66,67,68,69","0.000453948974609375","louvain","edit-xhwikibooks.graphml"
"0.22","0.76","0.02","0.796918500892326","1,1,1,2,3,4,5,6,7,8,9,10,11,11,11,12,13,14,15,16,17,18,19,6,20,20,20,21,22,23,24,25,26,27,28,28,29,30,17,17,17,17,31,32,33,34,17,35,36,37,17,17,17,17,17,38,39,40,41,17,42,17,17,43,44,17,17,17,17,17,45,17,46,47,17,17,17,17,17,17,17,48,49,50,51,52,17,17,17,17,53,54,55,17,17,17,56,17,17,17,17,17,17,17,17,17,17,57,58,59,17,17,17,60,61,62,60,60,60,60,60,63,64,65,66,67,68,69,70","0.000436067581176758","louvain","edit-xhwikibooks.graphml"
"0.21","0.77","0.02","0.798390517485154","1,1,1,2,3,4,5,6,7,8,9,10,11,11,11,12,13,14,15,16,17,18,19,6,20,20,20,21,22,23,24,25,26,27,28,28,29,30,17,17,17,17,31,32,33,34,17,35,36,37,17,17,17,17,17,38,39,40,41,17,42,17,17,43,44,17,17,17,17,17,45,17,46,47,17,17,17,17,17,17,17,48,49,50,51,52,17,17,17,17,53,54,55,17,17,17,56,17,17,17,17,17,17,17,17,17,17,57,58,59,17,17,17,60,61,62,60,60,60,60,60,63,64,65,66,67,68,69,70","0.000458955764770508","louvain","edit-xhwikibooks.graphml"
"0.2","0.78","0.02","0.799168975069252","1,1,1,2,3,4,5,6,7,8,9,10,11,11,11,12,13,14,15,16,17,18,19,6,20,20,20,21,22,23,24,25,26,27,28,28,29,30,17,17,17,17,31,32,33,34,17,35,36,37,17,17,17,17,17,38,39,40,41,17,42,17,17,43,44,17,17,17,17,17,45,17,46,47,17,17,17,17,17,17,17,48,49,50,51,52,17,17,17,17,53,54,55,17,17,17,56,17,17,17,17,17,17,17,17,17,17,57,58,59,17,17,17,60,61,62,60,60,60,60,60,63,64,65,66,67,68,69,70","0.000437021255493164","louvain","edit-xhwikibooks.graphml"
"0.19","0.79","0.02","0.798184565371672","1,1,1,2,3,4,5,6,7,8,9,10,11,11,11,12,13,14,15,16,17,18,19,6,20,20,20,21,22,23,24,25,26,27,28,28,29,30,17,17,17,17,31,32,33,34,17,35,36,37,17,17,17,17,17,38,39,40,41,17,42,17,17,43,44,17,17,17,17,17,45,17,46,47,17,17,17,17,17,17,17,48,49,50,51,52,17,17,17,17,53,54,55,17,17,17,56,17,17,17,17,17,17,17,17,17,17,57,58,17,17,17,17,59,60,61,59,59,59,59,59,62,63,64,65,66,67,68,69","0.000474929809570312","louvain","edit-xhwikibooks.graphml"
"0.18","0.8","0.02","0.801549516189468","1,1,1,2,3,4,5,6,7,8,9,10,11,11,11,12,13,14,15,16,17,18,19,6,20,20,20,21,22,23,24,25,26,27,28,28,29,30,17,17,17,17,31,32,33,34,17,35,36,37,17,17,17,17,17,38,39,40,41,17,42,17,17,43,44,17,17,17,17,17,45,17,46,47,17,17,17,17,17,17,17,48,49,50,51,52,17,17,17,17,53,54,55,17,17,17,56,17,17,17,17,17,17,17,17,17,17,57,58,59,17,17,17,60,61,62,60,60,60,60,60,63,64,65,66,67,68,69,70","0.000463962554931641","louvain","edit-xhwikibooks.graphml"
"0.17","0.81","0.02","0.80062377394256","1,1,1,2,3,4,5,6,7,8,9,10,11,11,11,12,13,14,15,16,17,18,19,6,20,20,20,21,22,23,24,25,26,27,28,28,29,30,17,17,17,17,31,32,33,34,17,35,36,37,17,17,17,17,17,38,39,40,41,17,42,17,17,43,44,17,17,17,17,17,45,17,46,47,17,17,17,17,17,17,17,48,49,50,51,52,17,17,17,17,53,54,55,17,17,17,56,17,17,17,17,17,17,17,17,17,17,57,58,17,17,17,17,59,60,61,59,59,59,59,59,62,63,64,65,66,67,68,69","0.00049901008605957","louvain","edit-xhwikibooks.graphml"
"0.16","0.82","0.02","0.799622237750022","1,1,1,2,3,4,5,6,7,8,9,10,11,11,11,12,13,14,15,16,17,18,19,6,20,20,20,21,22,23,24,25,26,27,28,28,29,30,17,17,17,17,31,32,33,34,17,35,36,37,17,17,17,17,17,38,39,40,41,17,42,17,17,43,44,17,17,17,17,17,45,17,46,47,17,17,17,17,17,17,17,48,49,50,51,52,17,17,17,17,53,54,55,17,17,17,56,17,17,17,17,17,17,17,17,17,17,57,58,59,17,17,17,60,61,62,60,60,60,60,60,63,64,65,66,67,68,69,70","0.000798940658569336","louvain","edit-xhwikibooks.graphml"
"0.15","0.83","0.02","0.799622237750022","1,1,1,2,3,4,5,6,7,8,9,10,11,11,11,12,13,14,15,16,17,18,19,6,20,20,20,21,22,23,24,25,26,27,28,28,29,30,17,17,17,17,31,32,33,34,17,35,36,37,17,17,17,17,17,38,39,40,41,17,42,17,17,43,44,17,17,17,17,17,45,17,46,47,17,17,17,17,17,17,17,48,49,50,51,52,17,17,17,17,53,54,55,17,17,17,56,17,17,17,17,17,17,17,17,17,17,57,58,59,17,17,17,60,61,62,60,60,60,60,60,63,64,65,66,67,68,69,70","0.000612020492553711","louvain","edit-xhwikibooks.graphml"
"0.14","0.84","0.02","0.798814729080933","1,1,1,2,3,4,5,6,7,8,9,10,11,11,11,12,13,14,15,16,17,18,19,6,20,20,20,21,22,23,24,25,26,27,28,28,29,30,17,17,17,17,31,32,33,34,17,35,36,37,17,17,17,17,17,38,39,40,41,17,42,17,17,43,44,17,17,17,17,17,45,17,46,47,17,17,17,17,17,17,17,48,49,50,51,52,17,17,17,17,53,54,55,17,17,17,56,17,17,17,17,17,17,17,17,17,17,57,58,59,17,17,17,60,61,62,60,60,60,60,60,63,64,65,66,67,68,69,70","0.000458002090454102","louvain","edit-xhwikibooks.graphml"
"0.13","0.85","0.02","0.799241861156533","1,1,1,2,3,4,5,6,7,8,9,10,11,11,11,12,13,14,15,16,17,18,19,6,20,20,20,21,22,23,24,25,26,27,28,28,29,30,17,17,17,17,31,32,33,34,17,35,36,37,17,17,17,17,17,38,39,40,41,17,42,17,17,43,44,17,17,17,17,17,45,17,46,47,17,17,17,17,17,17,17,48,49,50,51,52,17,17,17,17,53,54,55,17,17,17,56,17,17,17,17,17,17,17,17,17,17,57,58,17,17,17,17,59,60,61,59,59,59,59,59,62,63,64,65,66,67,68,69","0.000479936599731445","louvain","edit-xhwikibooks.graphml"
"0.12","0.86","0.02","0.800526859504132","1,1,1,2,3,4,5,6,7,8,9,10,11,11,11,12,13,14,15,16,17,18,19,6,20,20,20,21,22,23,24,25,26,27,28,28,29,30,17,17,17,17,31,32,33,34,17,35,36,37,17,17,17,17,17,38,39,40,41,17,42,17,17,43,44,17,17,17,17,17,45,17,46,47,17,17,17,17,17,17,17,48,49,50,51,52,17,17,17,17,53,54,55,17,17,17,56,17,17,17,17,17,17,17,17,17,17,57,58,59,17,17,17,60,61,62,60,60,60,60,60,63,64,65,66,67,68,69,70","0.000452995300292969","louvain","edit-xhwikibooks.graphml"
"0.11","0.87","0.02","0.800526859504132","1,1,1,2,3,4,5,6,7,8,9,10,11,11,11,12,13,14,15,16,17,18,19,6,20,20,20,21,22,23,24,25,26,27,28,28,29,30,17,17,17,17,31,32,33,34,17,35,36,37,17,17,17,17,17,38,39,40,41,17,42,17,17,43,44,17,17,17,17,17,45,17,46,47,17,17,17,17,17,17,17,48,49,50,51,52,17,17,17,17,53,54,55,17,17,17,56,17,17,17,17,17,17,17,17,17,17,57,58,59,17,17,17,60,61,62,60,60,60,60,60,63,64,65,66,67,68,69,70","0.000474929809570312","louvain","edit-xhwikibooks.graphml"
"0.1","0.88","0.02","0.798663008537909","1,1,1,2,3,4,5,6,7,8,9,10,11,11,11,12,13,14,15,16,17,18,19,6,20,20,20,21,22,23,24,25,26,27,28,28,29,30,17,17,17,17,31,32,33,34,17,35,36,37,17,17,17,17,17,38,39,40,41,17,42,17,17,43,44,17,17,17,17,17,45,17,46,47,17,17,17,17,17,17,17,48,49,50,51,52,17,17,17,17,53,54,55,17,17,17,56,17,17,17,17,17,17,17,17,17,17,57,58,59,17,17,17,60,61,62,60,60,60,60,60,63,64,65,66,67,68,69,70","0.000463962554931641","louvain","edit-xhwikibooks.graphml"
"0.09","0.89","0.02","0.800247340585976","1,1,1,2,3,4,5,6,7,8,9,10,11,11,11,12,13,14,15,16,17,18,19,6,20,20,20,21,22,23,24,25,26,27,28,28,29,30,17,17,17,17,31,32,33,34,17,35,36,37,17,17,17,17,17,38,39,40,41,17,42,17,17,43,44,17,17,17,17,17,45,17,46,47,17,17,17,17,17,17,17,48,49,50,51,52,17,17,17,17,53,54,55,17,17,17,56,17,17,17,17,17,17,17,17,17,17,57,58,17,17,17,17,59,60,61,59,59,59,59,59,62,63,64,65,66,67,68,69","0.000462055206298828","louvain","edit-xhwikibooks.graphml"
"0.08","0.9","0.02","0.799296476403061","1,1,1,2,3,4,5,6,7,8,9,10,11,11,11,12,13,14,15,16,17,18,19,6,20,20,20,21,22,23,24,25,26,27,28,28,29,30,17,17,17,17,31,32,33,34,17,35,36,37,17,17,17,17,17,38,39,40,41,17,42,17,17,43,44,17,17,17,17,17,45,17,46,47,17,17,17,17,17,17,17,48,49,50,51,52,17,17,17,17,53,54,55,17,17,17,56,17,17,17,17,17,17,17,17,17,17,57,58,59,17,17,17,60,61,62,60,60,60,60,60,63,64,65,66,67,68,69,70","0.000473976135253906","louvain","edit-xhwikibooks.graphml"
"0.07","0.91","0.02","0.798379703443877","1,1,1,2,3,4,5,6,7,8,9,10,11,11,11,12,13,14,15,16,17,18,19,6,20,20,20,21,22,23,24,25,26,27,28,28,29,30,17,17,17,17,31,32,33,34,17,35,36,37,17,17,17,17,17,38,39,40,41,17,42,17,17,43,44,17,17,17,17,17,45,17,46,47,17,17,17,17,17,17,17,48,49,50,51,52,17,17,17,17,53,54,55,17,17,17,56,17,17,17,17,17,17,17,17,17,17,57,58,17,17,17,17,59,60,61,59,59,59,59,59,62,63,64,65,66,67,68,69","0.000488996505737305","louvain","edit-xhwikibooks.graphml"
"0.06","0.92","0.02","0.796513580246914","1,1,1,2,3,4,5,6,7,8,9,10,11,11,11,12,13,14,15,16,17,18,19,6,20,20,20,21,22,23,24,25,26,27,28,28,29,30,17,17,17,17,31,32,33,34,17,35,36,37,17,17,17,17,17,38,39,40,41,17,42,17,17,43,44,17,17,17,17,17,45,17,46,47,17,17,17,17,17,17,17,48,49,50,51,52,17,17,17,17,53,54,55,17,17,17,56,17,17,17,17,17,17,17,17,17,17,57,58,17,17,17,17,59,60,61,59,59,59,59,59,62,63,64,65,66,67,68,69","0.000480175018310547","louvain","edit-xhwikibooks.graphml"
"0.05","0.93","0.02","0.798760670373561","1,1,1,2,3,4,5,6,7,8,9,10,11,11,11,12,13,14,15,16,17,18,19,6,20,20,20,21,22,23,24,25,26,27,28,28,29,30,17,17,17,17,31,32,33,34,17,35,36,37,17,17,17,17,17,38,39,40,41,17,42,17,17,43,44,17,17,17,17,17,45,17,46,47,17,17,17,17,17,17,17,48,49,50,51,52,17,17,17,17,53,54,55,17,17,17,56,17,17,17,17,17,17,17,17,17,17,57,58,59,17,17,17,60,61,62,60,60,60,60,60,63,64,65,66,67,68,69,70","0.000455141067504883","louvain","edit-xhwikibooks.graphml"
"0.04","0.94","0.02","0.796939587416795","1,1,1,2,3,4,5,6,7,8,9,10,11,11,11,12,13,14,15,16,17,18,19,6,20,20,20,21,22,23,24,25,26,27,28,28,29,30,17,17,17,17,31,32,33,34,17,35,36,37,17,17,17,17,17,38,39,40,41,17,42,17,17,43,44,17,17,17,17,17,45,17,46,47,17,17,17,17,17,17,17,48,49,50,51,52,17,17,17,17,53,54,55,17,17,17,56,17,17,17,17,17,17,17,17,17,17,57,58,59,17,17,17,60,61,62,60,60,60,60,60,63,64,65,66,67,68,69,70","0.000458955764770508","louvain","edit-xhwikibooks.graphml"
"0.03","0.95","0.02","0.878498824822197","1,1,1,2,3,4,5,6,7,8,9,10,11,11,11,12,13,14,15,16,17,18,19,6,20,20,20,21,22,23,24,25,26,27,28,28,29,30,31,32,33,34,35,36,37,38,39,40,41,42,43,44,45,46,47,48,49,50,51,52,53,54,55,56,57,58,59,60,61,62,63,64,65,66,67,68,69,70,71,72,73,74,75,76,77,78,79,80,81,82,83,84,85,86,87,88,89,90,91,92,93,94,95,96,97,98,99,100,101,17,102,103,104,105,106,107,105,105,105,105,105,108,109,110,111,112,113,114,115","0.000458955764770508","louvain","edit-xhwikibooks.graphml"
"0.02","0.96","0.02","0.877556809698707","1,1,1,2,3,4,5,6,7,8,9,10,11,11,11,12,13,14,15,16,17,18,19,6,20,20,20,21,22,23,24,25,26,27,28,28,29,30,31,32,33,34,35,36,37,38,39,40,41,42,43,44,45,46,47,48,49,50,51,52,53,54,55,56,57,58,59,60,61,62,63,64,65,66,67,68,69,70,71,72,73,74,75,76,77,78,79,80,81,82,83,84,85,86,87,88,89,90,91,92,93,94,95,96,97,98,99,100,101,17,102,103,104,105,106,107,105,105,105,105,105,108,109,110,111,112,113,114,115","0.000442981719970703","louvain","edit-xhwikibooks.graphml"
"0.01","0.97","0.02","0.881943605844704","1,1,1,2,3,4,5,6,7,8,9,10,11,11,11,12,13,14,15,16,17,18,19,6,20,20,20,21,22,23,24,25,26,27,28,28,29,30,31,32,33,34,35,36,37,38,39,40,41,42,43,44,45,46,47,48,49,50,51,52,53,54,55,56,57,58,59,60,61,62,63,64,65,66,67,68,69,70,71,72,73,74,75,76,77,78,79,80,81,82,83,84,85,86,87,88,89,90,91,92,93,94,95,96,97,98,99,100,101,102,103,104,105,106,107,108,106,106,106,106,106,109,110,111,112,113,114,115,116","0.000451087951660156","louvain","edit-xhwikibooks.graphml"
"0","0.98","0.02","0.863891966759003","1,1,1,1,1,2,3,4,5,6,7,8,9,9,9,10,11,12,13,14,15,16,17,4,18,18,18,19,1,20,21,22,23,24,25,25,26,27,28,29,30,31,32,33,34,35,36,37,38,39,40,41,42,43,44,45,46,47,48,49,50,51,52,53,54,55,56,57,58,59,60,61,62,63,64,65,66,67,68,69,70,71,72,73,74,75,76,77,78,79,80,81,82,83,84,85,86,87,88,89,90,91,92,93,94,95,96,97,98,99,100,101,102,103,104,105,103,103,103,103,103,106,107,108,109,110,111,112,113","0.000505924224853516","louvain","edit-xhwikibooks.graphml"
"0.97","0","0.03","0.640785532319924","1,1,1,1,1,1,2,1,1,1,2,2,1,3,3,4,1,2,2,2,5,6,1,3,3,3,3,4,1,1,2,2,2,2,7,7,3,3,5,5,5,5,6,6,6,6,5,6,6,6,5,5,5,5,5,6,6,6,6,5,1,5,5,3,3,5,5,5,5,5,6,5,3,3,5,5,5,5,5,5,5,3,4,4,4,1,5,5,5,5,1,2,2,5,5,5,4,5,5,5,5,5,5,5,5,5,5,2,2,2,5,5,5,7,7,7,7,7,7,7,7,3,3,3,3,3,3,3,3","0.000533103942871094","louvain","edit-xhwikibooks.graphml"
"0.96","0.01","0.03","0.640197642843145","1,1,1,1,2,3,2,4,3,3,2,2,4,4,4,3,3,2,2,2,5,6,4,4,4,4,4,3,1,3,2,2,2,2,7,7,4,4,5,5,5,5,6,6,6,6,5,6,6,6,5,5,5,5,5,6,6,6,6,5,4,5,5,4,4,5,5,5,5,5,6,5,4,4,5,5,5,5,5,5,5,4,3,3,3,1,5,5,5,5,3,2,2,5,5,5,3,5,5,5,5,5,5,5,5,5,5,2,2,2,5,5,5,7,7,7,7,7,7,7,7,4,4,4,4,4,4,4,4","0.000584125518798828","louvain","edit-xhwikibooks.graphml"
"0.95","0.02","0.03","0.644074913916184","1,1,1,1,2,3,2,3,3,3,2,2,3,3,3,4,3,2,2,2,5,6,3,3,3,3,3,4,1,3,2,2,2,2,7,7,8,3,5,5,5,5,6,6,6,6,5,6,6,6,5,5,5,5,5,6,6,6,6,5,3,5,5,3,3,5,5,5,5,5,6,5,3,3,5,5,5,5,5,5,5,3,4,4,4,1,5,5,5,5,3,2,2,5,5,5,4,5,5,5,5,5,5,5,5,5,5,2,2,2,5,5,5,7,7,7,7,7,7,7,7,8,8,8,8,8,8,8,8","0.000640869140625","louvain","edit-xhwikibooks.graphml"
"0.94","0.03","0.03","0.638407202216066","1,1,1,1,2,3,2,4,3,3,2,2,4,4,4,3,3,2,2,2,5,6,4,4,4,4,4,3,1,3,2,2,2,2,7,7,4,4,5,5,5,5,6,6,6,6,5,6,6,6,5,5,5,5,5,6,6,6,6,5,4,5,5,4,4,5,5,5,5,5,6,5,4,4,5,5,5,5,5,5,5,4,3,3,3,1,5,5,5,5,3,2,2,5,5,5,3,5,5,5,5,5,5,5,5,5,5,2,2,2,5,5,5,7,7,7,7,7,7,7,7,4,4,4,4,4,4,4,4","0.000536918640136719","louvain","edit-xhwikibooks.graphml"
"0.93","0.04","0.03","0.624864864864865","1,1,1,1,1,2,1,3,2,2,1,4,3,3,3,2,2,1,1,4,5,6,3,3,3,3,3,2,1,2,1,1,4,4,7,7,3,3,5,5,5,5,6,6,6,6,5,6,6,6,5,5,5,5,5,6,6,6,6,5,8,5,5,3,3,5,5,5,5,5,6,5,3,3,5,5,5,5,5,5,5,3,2,2,2,9,5,5,5,5,10,11,12,5,5,5,2,5,5,5,5,5,5,5,5,5,5,4,4,4,5,5,5,7,7,7,7,7,7,7,7,3,3,3,3,3,3,3,3","0.000518083572387695","louvain","edit-xhwikibooks.graphml"
"0.92","0.05","0.03","0.627962770262458","1,1,1,1,2,3,2,3,3,3,2,2,3,3,3,4,3,2,2,2,5,6,3,3,3,3,3,4,1,3,2,2,2,2,7,7,8,3,5,5,5,5,6,6,6,6,5,6,6,6,5,5,5,5,5,6,6,6,6,5,9,5,5,3,3,5,5,5,5,5,6,5,3,3,5,5,5,5,5,5,5,3,4,4,4,10,5,5,5,5,11,12,13,5,5,5,4,5,5,5,5,5,5,5,5,5,5,2,2,2,5,5,5,7,7,7,7,7,7,7,7,8,8,8,8,8,8,8,8","0.000524997711181641","louvain","edit-xhwikibooks.graphml"
"0.91","0.06","0.03","0.623294600531853","1,1,1,1,2,1,2,3,1,1,2,2,3,3,3,1,1,2,2,2,4,5,3,3,3,3,3,1,1,1,2,2,2,2,6,6,3,3,4,4,4,4,5,5,5,5,4,5,5,5,4,4,4,4,4,5,5,5,5,4,7,4,4,3,3,4,4,4,4,4,5,4,3,3,4,4,4,4,4,4,4,3,1,1,1,8,4,4,4,4,9,10,11,4,4,4,1,4,4,4,4,4,4,4,4,4,4,2,2,2,4,4,4,6,6,6,6,6,6,6,6,3,3,3,3,3,3,3,3","0.000516891479492188","louvain","edit-xhwikibooks.graphml"
"0.9","0.07","0.03","0.604009065083469","1,1,1,1,2,1,2,1,1,1,2,2,1,1,1,3,4,2,2,2,5,6,1,1,1,1,1,3,1,7,8,2,2,2,9,9,10,1,5,5,5,5,6,6,6,6,5,6,6,6,5,5,5,5,5,6,6,6,6,5,11,5,5,12,13,5,5,5,5,5,6,5,1,1,5,5,5,5,5,5,5,14,3,3,3,15,5,5,5,5,16,17,18,5,5,5,19,5,5,5,5,5,5,5,5,5,5,20,21,5,5,5,5,9,9,9,9,9,9,9,9,10,10,10,10,10,10,10,10","0.000531911849975586","louvain","edit-xhwikibooks.graphml"
"0.89","0.08","0.03","0.60737280646383","1,1,1,1,2,1,2,1,1,1,2,2,1,1,1,3,4,2,2,2,5,6,1,1,1,1,1,3,1,7,8,2,2,2,9,9,10,1,5,5,5,5,6,6,6,6,5,6,6,6,5,5,5,5,5,6,6,6,6,5,11,5,5,12,13,5,5,5,5,5,6,5,1,1,5,5,5,5,5,5,5,14,3,3,3,15,5,5,5,5,16,17,18,5,5,5,19,5,5,5,5,5,5,5,5,5,5,20,21,5,5,5,5,9,9,9,9,9,9,9,9,10,10,10,10,10,10,10,10","0.000559091567993164","louvain","edit-xhwikibooks.graphml"
"0.88","0.09","0.03","0.605006085952373","1,1,1,1,1,2,1,2,2,2,1,1,2,2,2,3,4,1,1,1,5,6,2,2,2,2,2,3,1,7,8,1,1,1,9,9,10,2,5,5,5,5,6,6,6,6,5,6,6,6,5,5,5,5,5,6,6,6,6,5,11,5,5,12,13,5,5,5,5,5,6,5,2,2,5,5,5,5,5,5,5,14,3,3,3,15,5,5,5,5,16,17,18,5,5,5,19,5,5,5,5,5,5,5,5,5,5,20,21,5,5,5,5,9,9,9,9,9,9,9,9,10,10,10,10,10,10,10,10","0.000560998916625977","louvain","edit-xhwikibooks.graphml"
"0.87","0.1","0.03","0.561707988980716","1,1,1,2,3,2,4,2,2,2,4,5,2,2,2,2,6,7,4,8,9,1,10,2,2,2,2,2,1,11,12,13,8,14,4,4,2,2,9,9,9,9,1,1,1,1,9,1,1,1,9,9,9,9,9,1,1,1,1,9,15,9,9,16,17,9,9,9,9,9,1,9,18,19,9,9,9,9,9,9,9,20,21,22,23,24,9,9,9,9,25,26,27,9,9,9,28,9,9,9,9,9,9,9,9,9,9,29,30,9,9,9,9,4,4,4,4,4,4,4,4,2,2,2,2,2,2,2,2","0.000524044036865234","louvain","edit-xhwikibooks.graphml"
"0.86","0.11","0.03","0.565611844970242","1,1,1,2,3,2,4,2,2,2,4,5,2,2,2,2,6,7,4,8,9,1,10,2,2,2,2,2,1,11,12,13,8,14,4,4,15,2,9,9,9,9,1,1,1,1,9,1,1,1,9,9,9,9,9,1,1,1,1,9,16,9,9,17,18,9,9,9,9,9,1,9,19,20,9,9,9,9,9,9,9,21,22,23,24,25,9,9,9,9,26,27,28,9,9,9,29,9,9,9,9,9,9,9,9,9,9,30,31,9,9,9,9,4,4,4,4,4,4,4,4,15,15,15,15,15,15,15,15","0.000512123107910156","louvain","edit-xhwikibooks.graphml"
"0.85","0.12","0.03","0.573625283446712","1,1,1,2,3,2,4,2,2,2,4,5,2,2,2,2,6,7,4,8,9,1,10,2,2,2,2,2,1,11,12,13,8,14,4,4,15,2,9,9,9,9,1,1,1,1,9,1,1,1,9,9,9,9,9,1,1,1,1,9,16,9,9,17,18,9,9,9,9,9,1,9,19,20,9,9,9,9,9,9,9,21,22,23,24,25,9,9,9,9,26,27,28,9,9,9,29,9,9,9,9,9,9,9,9,9,9,30,31,9,9,9,9,4,4,4,4,4,4,4,4,15,15,15,15,15,15,15,15","0.000563859939575195","louvain","edit-xhwikibooks.graphml"
"0.84","0.13","0.03","0.558934533313979","1,1,1,2,3,2,4,2,2,2,5,6,2,2,2,2,7,8,9,10,11,1,12,2,2,2,2,2,1,13,14,15,16,17,9,9,18,2,11,11,11,11,1,1,1,1,11,1,1,1,11,11,11,11,11,1,1,1,1,11,19,11,11,20,21,11,11,11,11,11,1,11,22,23,11,11,11,11,11,11,11,24,25,26,27,28,11,11,11,11,29,30,31,11,11,11,32,11,11,11,11,11,11,11,11,11,11,33,34,11,11,11,11,9,9,9,9,9,9,9,9,18,18,18,18,18,18,18,18","0.000548124313354492","louvain","edit-xhwikibooks.graphml"
"0.83","0.14","0.03","0.558934533313979","1,1,1,2,3,2,4,2,2,2,5,6,2,2,2,2,7,8,9,10,11,1,12,2,2,2,2,2,1,13,14,15,16,17,9,9,18,2,11,11,11,11,1,1,1,1,11,1,1,1,11,11,11,11,11,1,1,1,1,11,19,11,11,20,21,11,11,11,11,11,1,11,22,23,11,11,11,11,11,11,11,24,25,26,27,28,11,11,11,11,29,30,31,11,11,11,32,11,11,11,11,11,11,11,11,11,11,33,34,11,11,11,11,9,9,9,9,9,9,9,9,18,18,18,18,18,18,18,18","0.000591039657592773","louvain","edit-xhwikibooks.graphml"
"0.82","0.15","0.03","0.564230944294668","1,1,1,2,3,2,4,2,2,2,5,6,2,2,2,2,7,8,9,10,11,1,12,2,2,2,2,2,1,13,14,15,16,17,9,9,18,2,11,11,11,11,1,1,1,1,11,1,1,1,11,11,11,11,11,1,1,1,1,11,19,11,11,20,21,11,11,11,11,11,1,11,22,23,11,11,11,11,11,11,11,24,25,26,27,28,11,11,11,11,29,30,31,11,11,11,32,11,11,11,11,11,11,11,11,11,11,33,34,11,11,11,11,9,9,9,9,9,9,9,9,18,18,18,18,18,18,18,18","0.00059199333190918","louvain","edit-xhwikibooks.graphml"
"0.81","0.16","0.03","0.544876561570494","1,1,1,2,3,4,5,4,4,6,7,8,4,4,4,4,9,10,11,12,13,1,14,4,4,4,4,15,16,17,18,19,20,21,11,11,22,4,13,13,13,13,1,1,1,1,13,1,1,1,13,13,13,13,13,1,1,1,1,13,23,13,13,24,25,13,13,13,13,13,1,13,26,27,13,13,13,13,13,13,13,28,29,30,31,32,13,13,13,13,33,34,35,13,13,13,36,13,13,13,13,13,13,13,13,13,13,37,38,13,13,13,13,11,11,11,11,11,11,11,11,22,22,22,22,22,22,22,22","0.000525951385498047","louvain","edit-xhwikibooks.graphml"
"0.8","0.17","0.03","0.547793583974452","1,1,1,2,3,1,4,1,5,6,7,8,1,5,5,1,9,10,11,12,13,14,15,5,5,5,5,16,17,18,19,20,21,22,11,11,23,5,13,13,13,13,14,14,14,14,13,14,14,14,13,13,13,13,13,14,14,14,14,13,24,13,13,25,26,13,13,13,13,13,14,13,27,28,13,13,13,13,13,13,13,29,30,31,32,33,13,13,13,13,34,35,36,13,13,13,37,13,13,13,13,13,13,13,13,13,13,38,39,13,13,13,13,11,11,11,11,11,11,11,11,23,23,23,23,23,23,23,23","0.000496149063110352","louvain","edit-xhwikibooks.graphml"
"0.79","0.18","0.03","0.547793583974452","1,1,1,2,3,1,4,1,5,6,7,8,1,5,5,1,9,10,11,12,13,14,15,5,5,5,5,16,17,18,19,20,21,22,11,11,23,5,13,13,13,13,14,14,14,14,13,14,14,14,13,13,13,13,13,14,14,14,14,13,24,13,13,25,26,13,13,13,13,13,14,13,27,28,13,13,13,13,13,13,13,29,30,31,32,33,13,13,13,13,34,35,36,13,13,13,37,13,13,13,13,13,13,13,13,13,13,38,39,13,13,13,13,11,11,11,11,11,11,11,11,23,23,23,23,23,23,23,23","0.000489950180053711","louvain","edit-xhwikibooks.graphml"
"0.78","0.19","0.03","0.532086555621654","1,1,1,2,3,1,4,1,1,5,6,7,8,1,1,9,10,11,12,13,14,15,16,1,1,1,1,17,18,19,20,21,22,23,12,12,24,25,14,14,14,14,15,15,15,15,14,15,15,15,14,14,14,14,14,15,15,15,15,14,26,14,14,27,28,14,14,14,14,14,15,14,29,30,14,14,14,14,14,14,14,31,32,33,34,35,14,14,14,14,36,37,38,14,14,14,39,14,14,14,14,14,14,14,14,14,14,40,41,14,14,14,14,12,12,12,12,12,12,12,12,24,24,24,24,24,24,24,24","0.000484943389892578","louvain","edit-xhwikibooks.graphml"
"0.77","0.2","0.03","0.545555595396034","1,1,1,2,3,1,4,1,5,6,7,8,9,5,5,10,11,12,13,14,15,16,17,5,5,5,5,18,19,20,21,22,23,24,13,13,25,26,15,15,15,15,16,16,16,16,15,16,16,16,15,15,15,15,15,16,16,16,16,15,27,15,15,28,29,15,15,15,15,15,16,15,30,31,15,15,15,15,15,15,15,32,33,34,35,36,15,15,15,15,37,38,39,15,15,15,40,15,15,15,15,15,15,15,15,15,15,41,42,15,15,15,15,13,13,13,13,13,13,13,13,25,25,25,25,25,25,25,25","0.000488996505737305","louvain","edit-xhwikibooks.graphml"
"0.76","0.21","0.03","0.543331916099773","1,1,1,2,3,1,4,1,5,6,7,8,9,5,5,10,11,12,13,14,15,16,17,5,5,5,5,18,19,20,21,22,23,24,13,13,25,26,15,15,15,15,16,16,16,16,15,16,16,16,15,15,15,15,15,16,16,16,16,15,27,15,15,28,29,15,15,15,15,15,16,15,30,31,15,15,15,15,15,15,15,32,33,34,35,36,15,15,15,15,37,38,39,15,15,15,40,15,15,15,15,15,15,15,15,15,15,41,42,15,15,15,15,13,13,13,13,13,13,13,13,25,25,25,25,25,25,25,25","0.00049281120300293","louvain","edit-xhwikibooks.graphml"
"0.75","0.22","0.03","0.530989738251041","1,1,1,2,3,4,5,6,7,8,9,10,11,6,6,12,13,14,15,16,17,1,18,19,6,6,6,20,21,22,23,24,25,26,15,15,27,28,17,17,17,17,1,1,1,1,17,1,1,1,17,17,17,17,17,1,1,1,1,17,29,17,17,30,31,17,17,17,17,17,1,17,32,33,17,17,17,17,17,17,17,34,35,36,37,38,17,17,17,17,39,40,41,17,17,17,42,17,17,17,17,17,17,17,17,17,17,43,44,17,17,17,17,15,15,15,15,15,15,15,15,27,27,27,27,27,27,27,27","0.000498056411743164","louvain","edit-xhwikibooks.graphml"
"0.74","0.23","0.03","0.537613395962566","1,1,1,2,3,4,5,6,7,8,9,10,11,6,6,12,13,14,15,16,17,1,18,19,6,6,6,20,21,22,23,24,25,26,15,15,27,28,17,17,17,17,1,1,1,1,17,1,1,1,17,17,17,17,17,1,1,1,1,17,29,17,17,30,31,17,17,17,17,17,1,17,32,33,17,17,17,17,17,17,17,34,35,36,37,38,17,17,17,17,39,40,41,17,17,17,42,17,17,17,17,17,17,17,17,17,17,43,44,17,17,17,17,15,15,15,15,15,15,15,15,27,27,27,27,27,27,27,27","0.000497817993164062","louvain","edit-xhwikibooks.graphml"
"0.73","0.24","0.03","0.541595804988662","1,1,1,2,3,4,5,6,7,8,9,10,11,6,6,12,13,14,15,16,17,18,19,20,6,6,6,21,22,23,24,25,26,27,15,15,28,29,17,17,17,17,18,18,18,18,17,18,18,18,17,17,17,17,17,18,18,18,18,17,30,17,17,31,32,17,17,17,17,17,18,17,33,34,17,17,17,17,17,17,17,35,36,37,38,39,17,17,17,17,40,41,42,17,17,17,43,17,17,17,17,17,17,17,17,17,17,44,45,17,17,17,17,15,15,15,15,15,15,15,15,28,28,28,28,28,28,28,28","0.000474929809570312","louvain","edit-xhwikibooks.graphml"
"0.72","0.25","0.03","0.494679799058582","1,1,1,2,3,4,5,6,7,8,9,10,11,12,12,13,14,15,16,17,18,19,20,21,12,12,12,22,23,24,25,26,27,28,16,16,12,29,18,18,18,18,19,19,19,19,18,19,19,19,18,18,18,18,18,19,19,19,19,18,30,18,18,31,32,18,18,18,18,18,19,18,33,34,18,18,18,18,18,18,18,35,36,37,38,39,18,18,18,18,40,41,42,18,18,18,43,18,18,18,18,18,18,18,18,18,18,44,45,18,18,18,18,16,46,47,16,16,16,16,16,48,49,50,51,52,53,54,55","0.000486850738525391","louvain","edit-xhwikibooks.graphml"
"0.71","0.26","0.03","0.494679799058582","1,1,1,2,3,4,5,6,7,8,9,10,11,12,12,13,14,15,16,17,18,19,20,21,12,12,12,22,23,24,25,26,27,28,16,16,12,29,18,18,18,18,19,19,19,19,18,19,19,19,18,18,18,18,18,19,19,19,19,18,30,18,18,31,32,18,18,18,18,18,19,18,33,34,18,18,18,18,18,18,18,35,36,37,38,39,18,18,18,18,40,41,42,18,18,18,43,18,18,18,18,18,18,18,18,18,18,44,45,18,18,18,18,16,46,47,16,16,16,16,16,48,49,50,51,52,53,54,55","0.000511884689331055","louvain","edit-xhwikibooks.graphml"
"0.7","0.27","0.03","0.494679799058582","1,1,1,2,3,4,5,6,7,8,9,10,11,12,12,13,14,15,16,17,18,19,20,21,12,12,12,22,23,24,25,26,27,28,16,16,12,29,18,18,18,18,19,19,19,19,18,19,19,19,18,18,18,18,18,19,19,19,19,18,30,18,18,31,32,18,18,18,18,18,19,18,33,34,18,18,18,18,18,18,18,35,36,37,38,39,18,18,18,18,40,41,42,18,18,18,43,18,18,18,18,18,18,18,18,18,18,44,45,18,18,18,18,16,46,47,16,16,16,16,16,48,49,50,51,52,53,54,55","0.000488996505737305","louvain","edit-xhwikibooks.graphml"
"0.69","0.28","0.03","0.487638938333136","1,1,1,2,3,4,5,6,7,8,9,10,11,12,13,14,15,16,17,18,19,20,21,22,13,13,13,23,24,25,26,27,28,29,17,17,13,30,19,19,19,19,20,20,20,20,19,20,20,20,19,19,19,19,19,20,20,20,20,19,31,19,19,32,33,19,19,19,19,19,20,19,34,35,19,19,19,19,19,19,19,36,37,38,39,40,19,19,19,19,41,42,43,19,19,19,44,19,19,19,19,19,19,19,19,19,19,45,46,19,19,19,19,17,47,48,17,17,17,17,17,49,50,51,52,53,54,55,56","0.000473976135253906","louvain","edit-xhwikibooks.graphml"
"0.68","0.29","0.03","0.497897457659812","1,1,1,2,3,4,5,6,7,8,9,10,11,12,13,14,15,16,17,18,19,20,21,22,13,13,13,23,24,25,26,27,28,29,17,17,13,30,19,19,19,19,20,20,20,20,19,20,20,20,19,19,19,19,19,20,20,20,20,19,31,19,19,32,33,19,19,19,19,19,20,19,34,35,19,19,19,19,19,19,19,36,37,38,39,40,19,19,19,19,41,42,43,19,19,19,44,19,19,19,19,19,19,19,19,19,19,45,46,19,19,19,19,17,47,48,17,17,17,17,17,49,50,51,52,53,54,55,56","0.000444173812866211","louvain","edit-xhwikibooks.graphml"
"0.67","0.3","0.03","0.495656149977138","1,1,1,2,3,4,5,6,7,8,9,10,11,12,13,14,15,16,17,18,19,20,21,22,13,13,13,23,24,25,26,27,28,29,17,17,13,30,19,19,19,19,20,20,20,20,19,20,20,20,19,19,19,19,19,20,20,20,20,19,31,19,19,32,33,19,19,19,19,19,20,19,34,35,19,19,19,19,19,19,19,36,37,38,39,40,19,19,19,19,41,42,43,19,19,19,44,19,19,19,19,19,19,19,19,19,19,45,46,19,19,19,19,17,47,48,17,17,17,17,17,49,50,51,52,53,54,55,56","0.000443935394287109","louvain","edit-xhwikibooks.graphml"
"0.66","0.31","0.03","0.484765625","1,1,1,2,3,4,5,6,7,8,9,10,11,12,13,14,15,16,17,18,19,20,21,22,23,13,24,25,26,27,28,29,30,31,32,32,13,33,19,19,19,19,20,20,20,20,19,20,20,20,19,19,19,19,19,20,20,20,20,19,34,19,19,35,36,19,19,19,19,19,20,19,37,38,19,19,19,19,19,19,19,39,40,41,42,43,19,19,19,19,44,45,46,19,19,19,47,19,19,19,19,19,19,19,19,19,19,48,49,19,19,19,19,32,50,51,32,32,32,32,32,52,53,54,55,56,57,58,59","0.000473976135253906","louvain","edit-xhwikibooks.graphml"
"0.65","0.32","0.03","0.482543111762664","1,1,1,2,3,4,5,6,7,8,9,10,11,12,13,14,15,16,17,18,19,20,21,22,23,13,24,25,26,27,28,29,30,31,32,32,13,33,19,19,19,19,20,20,20,20,19,20,20,20,19,19,19,19,19,20,20,20,20,19,34,19,19,35,36,19,19,19,19,19,20,19,37,38,19,19,19,19,19,19,19,39,40,41,42,43,19,19,19,19,44,45,46,19,19,19,47,19,19,19,19,19,19,19,19,19,19,48,49,19,19,19,19,32,50,51,32,32,32,32,32,52,53,54,55,56,57,58,59","0.000492095947265625","louvain","edit-xhwikibooks.graphml"
"0.64","0.33","0.03","0.488302088096327","1,1,1,2,3,4,5,6,7,8,9,10,11,12,13,14,15,16,17,18,19,20,21,22,23,13,24,25,26,27,28,29,30,31,32,32,13,33,19,19,19,19,20,20,20,20,19,20,20,20,19,19,19,19,19,20,20,20,20,19,34,19,19,35,36,19,19,19,19,19,20,19,37,38,19,19,19,19,19,19,19,39,40,41,42,43,19,19,19,19,44,45,46,19,19,19,47,19,19,19,19,19,19,19,19,19,19,48,49,19,19,19,19,32,50,51,32,32,32,32,32,52,53,54,55,56,57,58,59","0.000487089157104492","louvain","edit-xhwikibooks.graphml"
"0.63","0.34","0.03","0.554300103305785","1,1,1,2,3,4,5,6,7,8,9,10,11,12,12,13,14,15,16,17,18,19,20,21,22,23,24,25,26,27,28,29,30,31,32,32,12,33,18,18,18,18,19,19,19,19,18,19,19,19,18,18,18,18,18,19,19,19,19,18,34,18,18,35,36,18,18,18,18,18,19,18,37,38,18,18,18,18,18,18,18,39,40,41,42,43,18,18,18,18,44,45,46,18,18,18,47,18,18,18,18,18,18,18,18,18,18,48,49,18,18,18,18,32,50,51,32,32,32,32,32,52,53,54,55,56,57,58,59","0.000457048416137695","louvain","edit-xhwikibooks.graphml"
"0.62","0.35","0.03","0.554300103305785","1,1,1,2,3,4,5,6,7,8,9,10,11,12,12,13,14,15,16,17,18,19,20,21,22,23,24,25,26,27,28,29,30,31,32,32,12,33,18,18,18,18,19,19,19,19,18,19,19,19,18,18,18,18,18,19,19,19,19,18,34,18,18,35,36,18,18,18,18,18,19,18,37,38,18,18,18,18,18,18,18,39,40,41,42,43,18,18,18,18,44,45,46,18,18,18,47,18,18,18,18,18,18,18,18,18,18,48,49,18,18,18,18,32,50,51,32,32,32,32,32,52,53,54,55,56,57,58,59","0.000463008880615234","louvain","edit-xhwikibooks.graphml"
"0.61","0.36","0.03","0.552076350984711","1,1,1,2,3,4,5,6,7,8,9,10,11,12,12,13,14,15,16,17,18,19,20,21,22,23,24,25,26,27,28,29,30,31,32,32,12,33,18,18,18,18,19,19,19,19,18,19,19,19,18,18,18,18,18,19,19,19,19,18,34,18,18,35,36,18,18,18,18,18,19,18,37,38,18,18,18,18,18,18,18,39,40,41,42,43,18,18,18,18,44,45,46,18,18,18,47,18,18,18,18,18,18,18,18,18,18,48,49,18,18,18,18,32,50,51,32,32,32,32,32,52,53,54,55,56,57,58,59","0.00049281120300293","louvain","edit-xhwikibooks.graphml"
"0.6","0.37","0.03","0.470116968434546","1,1,1,2,3,4,5,6,7,8,9,10,11,12,12,13,14,15,16,17,18,1,19,20,21,22,23,24,25,26,27,28,29,30,31,31,12,32,18,18,18,18,33,34,35,36,18,37,38,39,18,18,18,18,18,40,41,42,43,18,44,18,18,45,46,18,18,18,18,18,47,18,48,49,18,18,18,18,18,18,18,50,51,52,53,54,18,18,18,18,55,56,57,18,18,18,58,18,18,18,18,18,18,18,18,18,18,59,60,18,18,18,18,31,61,62,31,31,31,31,31,63,64,65,66,67,68,69,70","0.000463962554931641","louvain","edit-xhwikibooks.graphml"
"0.59","0.38","0.03","0.467782128871484","1,1,1,2,3,4,5,6,7,8,9,10,11,12,12,13,14,15,16,17,18,1,19,20,21,22,23,24,25,26,27,28,29,30,31,31,12,32,18,18,18,18,33,34,35,36,18,37,38,39,18,18,18,18,18,40,41,42,43,18,44,18,18,45,46,18,18,18,18,18,47,18,48,49,18,18,18,18,18,18,18,50,51,52,53,54,18,18,18,18,55,56,57,18,18,18,58,18,18,18,18,18,18,18,18,18,18,59,60,18,18,18,18,31,61,62,31,31,31,31,31,63,64,65,66,67,68,69,70","0.000452995300292969","louvain","edit-xhwikibooks.graphml"
"0.58","0.39","0.03","0.4734375","1,1,1,2,3,4,5,6,7,8,9,10,11,12,12,13,14,15,16,17,18,1,19,20,21,22,23,24,25,26,27,28,29,30,31,31,12,32,18,18,18,18,33,34,35,36,18,37,38,39,18,18,18,18,18,40,41,42,43,18,44,18,18,45,46,18,18,18,18,18,47,18,48,49,18,18,18,18,18,18,18,50,51,52,53,54,18,18,18,18,55,56,57,18,18,18,58,18,18,18,18,18,18,18,18,18,18,59,60,18,18,18,18,31,61,62,31,31,31,31,31,63,64,65,66,67,68,69,70","0.000491857528686523","louvain","edit-xhwikibooks.graphml"
"0.57","0.4","0.03","0.488399762046401","1,1,1,2,3,4,5,6,7,8,9,10,11,12,12,13,14,15,16,17,18,1,19,20,21,22,23,24,25,26,27,28,29,30,31,31,12,32,18,18,18,18,33,34,35,36,18,37,38,39,18,18,18,18,18,40,41,42,43,18,44,18,18,45,46,18,18,18,18,18,47,18,48,49,18,18,18,18,18,18,18,50,51,52,53,54,18,18,18,18,55,56,57,18,18,18,58,18,18,18,18,18,18,18,18,18,18,59,60,18,18,18,18,31,61,62,31,31,31,31,31,63,64,65,66,67,68,69,70","0.000470876693725586","louvain","edit-xhwikibooks.graphml"
"0.56","0.41","0.03","0.488399762046401","1,1,1,2,3,4,5,6,7,8,9,10,11,12,12,13,14,15,16,17,18,1,19,20,21,22,23,24,25,26,27,28,29,30,31,31,12,32,18,18,18,18,33,34,35,36,18,37,38,39,18,18,18,18,18,40,41,42,43,18,44,18,18,45,46,18,18,18,18,18,47,18,48,49,18,18,18,18,18,18,18,50,51,52,53,54,18,18,18,18,55,56,57,18,18,18,58,18,18,18,18,18,18,18,18,18,18,59,60,18,18,18,18,31,61,62,31,31,31,31,31,63,64,65,66,67,68,69,70","0.000467061996459961","louvain","edit-xhwikibooks.graphml"
"0.55","0.42","0.03","0.616199420944848","1,1,1,2,3,4,5,6,7,8,9,10,11,12,12,13,14,15,16,17,18,1,19,20,21,22,23,24,25,26,27,28,29,30,31,31,12,32,18,18,18,18,33,34,35,36,18,37,38,39,18,18,18,18,18,40,41,42,43,18,44,18,18,45,46,18,18,18,18,18,47,18,48,49,18,18,18,18,18,18,18,50,51,52,53,54,18,18,18,18,55,56,57,18,18,18,58,18,18,18,18,18,18,18,18,18,18,59,60,18,18,18,18,31,61,62,31,31,31,31,31,63,64,65,66,67,68,69,70","0.000452041625976562","louvain","edit-xhwikibooks.graphml"
"0.54","0.43","0.03","0.593413357956294","1,1,1,2,3,4,5,6,7,8,9,10,11,12,12,13,14,15,16,17,18,1,19,20,21,22,23,24,25,26,27,28,29,30,31,31,32,33,18,18,18,18,34,35,36,37,18,38,39,40,18,18,18,18,18,41,42,43,44,18,45,18,18,46,47,18,18,18,18,18,48,18,49,50,18,18,18,18,18,18,18,51,52,53,54,55,18,18,18,18,56,57,58,18,18,18,59,18,18,18,18,18,18,18,18,18,18,60,61,18,18,18,18,62,63,64,65,66,67,68,69,70,71,72,73,74,75,76,77","0.000456094741821289","louvain","edit-xhwikibooks.graphml"
"0.53","0.44","0.03","0.594678953626635","1,1,1,2,3,4,5,6,7,8,9,10,11,12,12,13,14,15,16,17,18,1,19,20,21,22,23,24,25,26,27,28,29,30,31,31,32,33,18,18,18,18,34,35,36,37,18,38,39,40,18,18,18,18,18,41,42,43,44,18,45,18,18,46,47,18,18,18,18,18,48,18,49,50,18,18,18,18,18,18,18,51,52,53,54,55,18,18,18,18,56,57,58,18,18,18,59,18,18,18,18,18,18,18,18,18,18,60,61,18,18,18,18,62,63,64,65,66,67,68,69,70,71,72,73,74,75,76,77","0.00044703483581543","louvain","edit-xhwikibooks.graphml"
"0.52","0.45","0.03","0.609832712396815","1,1,1,2,3,4,5,6,7,8,9,10,11,12,12,13,14,15,16,17,18,1,19,20,21,22,23,24,25,26,27,28,29,30,31,31,32,33,18,18,18,18,34,35,36,37,18,38,39,40,18,18,18,18,18,41,42,43,44,18,45,18,18,46,47,18,18,18,18,18,48,18,49,50,18,18,18,18,18,18,18,51,52,53,54,55,18,18,18,18,56,57,58,18,18,18,59,18,18,18,18,18,18,18,18,18,18,60,61,18,18,18,18,62,63,64,65,66,67,68,69,70,71,72,73,74,75,76,77","0.000463008880615234","louvain","edit-xhwikibooks.graphml"
"0.51","0.46","0.03","0.606291295604711","1,1,1,2,3,4,5,6,7,8,9,10,11,12,12,13,14,15,16,17,18,1,19,20,21,22,23,24,25,26,27,28,29,30,31,31,32,33,18,18,18,18,34,35,36,37,18,38,39,40,18,18,18,18,18,41,42,43,44,18,45,18,18,46,47,18,18,18,18,18,48,18,49,50,18,18,18,18,18,18,18,51,52,53,54,55,18,18,18,18,56,57,58,18,18,18,59,18,18,18,18,18,18,18,18,18,18,60,61,18,18,18,18,62,63,64,65,66,67,68,69,70,71,72,73,74,75,76,77","0.000444889068603516","louvain","edit-xhwikibooks.graphml"
"0.5","0.47","0.03","0.610691335357672","1,1,1,2,3,4,5,6,7,8,9,10,11,12,12,13,14,15,16,17,18,1,19,20,21,22,23,24,25,26,27,28,29,30,31,31,32,33,18,18,18,18,34,35,36,37,18,38,39,40,18,18,18,18,18,41,42,43,44,18,45,18,18,46,47,18,18,18,18,18,48,18,49,50,18,18,18,18,18,18,18,51,52,53,54,55,18,18,18,18,56,57,58,18,18,18,59,18,18,18,18,18,18,18,18,18,18,60,61,18,18,18,18,62,63,64,65,66,67,68,69,70,71,72,73,74,75,76,77","0.000463008880615234","louvain","edit-xhwikibooks.graphml"
"0.49","0.48","0.03","0.607222222222222","1,1,1,2,3,4,5,6,7,8,9,10,11,12,12,13,14,15,16,17,18,1,19,20,21,22,23,24,25,26,27,28,29,30,31,31,32,33,18,18,18,18,34,35,36,37,18,38,39,40,18,18,18,18,18,41,42,43,44,18,45,18,18,46,47,18,18,18,18,18,48,18,49,50,18,18,18,18,18,18,18,51,52,53,54,55,18,18,18,18,56,57,58,18,18,18,59,18,18,18,18,18,18,18,18,18,18,60,61,18,18,18,18,62,63,64,65,66,67,68,69,70,71,72,73,74,75,76,77","0.000460147857666016","louvain","edit-xhwikibooks.graphml"
"0.48","0.49","0.03","0.609561471647483","1,1,1,2,3,4,5,6,7,8,9,10,11,12,12,13,14,15,16,17,18,19,20,21,22,23,24,25,26,27,28,29,30,31,32,32,33,34,18,18,18,18,35,36,37,38,18,39,40,41,18,18,18,18,18,42,43,44,45,18,46,18,18,47,48,18,18,18,18,18,49,18,50,51,18,18,18,18,18,18,18,52,53,54,55,56,18,18,18,18,57,58,59,18,18,18,60,18,18,18,18,18,18,18,18,18,18,61,62,18,18,18,18,63,64,65,66,67,68,69,70,71,72,73,74,75,76,77,78","0.000437021255493164","louvain","edit-xhwikibooks.graphml"
"0.47","0.5","0.03","0.759443783462225","1,1,1,2,3,4,5,6,7,8,9,10,11,11,11,12,13,14,15,16,17,18,19,6,20,20,20,21,22,23,24,25,26,27,28,28,29,30,17,17,17,17,31,32,33,34,17,35,36,37,17,17,17,17,17,38,39,40,41,17,42,17,17,43,44,17,17,17,17,17,45,17,46,47,17,17,17,17,17,17,17,48,49,50,51,52,17,17,17,17,53,54,55,17,17,17,56,17,17,17,17,17,17,17,17,17,17,57,58,17,17,17,17,59,60,61,59,59,59,59,59,62,63,64,65,66,67,68,69","0.000485897064208984","louvain","edit-xhwikibooks.graphml"
"0.46","0.51","0.03","0.761321386079714","1,1,1,2,3,4,5,6,7,8,9,10,11,11,11,12,13,14,15,16,17,18,19,6,20,20,20,21,22,23,24,25,26,27,28,28,29,30,17,17,17,17,31,32,33,34,17,35,36,37,17,17,17,17,17,38,39,40,41,17,42,17,17,43,44,17,17,17,17,17,45,17,46,47,17,17,17,17,17,17,17,48,49,50,51,52,17,17,17,17,53,54,55,17,17,17,56,17,17,17,17,17,17,17,17,17,17,57,58,59,17,17,17,60,61,62,60,60,60,60,60,63,64,65,66,67,68,69,70","0.000492095947265625","louvain","edit-xhwikibooks.graphml"
"0.45","0.52","0.03","0.759443783462225","1,1,1,2,3,4,5,6,7,8,9,10,11,11,11,12,13,14,15,16,17,18,19,6,20,20,20,21,22,23,24,25,26,27,28,28,29,30,17,17,17,17,31,32,33,34,17,35,36,37,17,17,17,17,17,38,39,40,41,17,42,17,17,43,44,17,17,17,17,17,45,17,46,47,17,17,17,17,17,17,17,48,49,50,51,52,17,17,17,17,53,54,55,17,17,17,56,17,17,17,17,17,17,17,17,17,17,57,58,17,17,17,17,59,60,61,59,59,59,59,59,62,63,64,65,66,67,68,69","0.000478982925415039","louvain","edit-xhwikibooks.graphml"
"0.44","0.53","0.03","0.75880624426079","1,1,1,2,3,4,5,6,7,8,9,10,11,11,11,12,13,14,15,16,17,18,19,6,20,20,20,21,22,23,24,25,26,27,28,28,29,30,17,17,17,17,31,32,33,34,17,35,36,37,17,17,17,17,17,38,39,40,41,17,42,17,17,43,44,17,17,17,17,17,45,17,46,47,17,17,17,17,17,17,17,48,49,50,51,52,17,17,17,17,53,54,55,17,17,17,56,17,17,17,17,17,17,17,17,17,17,57,58,59,17,17,17,60,61,62,60,60,60,60,60,63,64,65,66,67,68,69,70","0.000539064407348633","louvain","edit-xhwikibooks.graphml"
"0.43","0.54","0.03","0.765454545454545","1,1,1,2,3,4,5,6,7,8,9,10,11,11,11,12,13,14,15,16,17,18,19,6,20,20,20,21,22,23,24,25,26,27,28,28,29,30,17,17,17,17,31,32,33,34,17,35,36,37,17,17,17,17,17,38,39,40,41,17,42,17,17,43,44,17,17,17,17,17,45,17,46,47,17,17,17,17,17,17,17,48,49,50,51,52,17,17,17,17,53,54,55,17,17,17,56,17,17,17,17,17,17,17,17,17,17,57,58,17,17,17,17,59,60,61,59,59,59,59,59,62,63,64,65,66,67,68,69","0.000466108322143555","louvain","edit-xhwikibooks.graphml"
"0.42","0.55","0.03","0.764788067934388","1,1,1,2,3,4,5,6,7,8,9,10,11,11,11,12,13,14,15,16,17,18,19,6,20,20,20,21,22,23,24,25,26,27,28,28,29,30,17,17,17,17,31,32,33,34,17,35,36,37,17,17,17,17,17,38,39,40,41,17,42,17,17,43,44,17,17,17,17,17,45,17,46,47,17,17,17,17,17,17,17,48,49,50,51,52,17,17,17,17,53,54,55,17,17,17,56,17,17,17,17,17,17,17,17,17,17,57,58,59,17,17,17,60,61,62,60,60,60,60,60,63,64,65,66,67,68,69,70","0.000456094741821289","louvain","edit-xhwikibooks.graphml"
"0.41","0.56","0.03","0.769150368480725","1,1,1,2,3,4,5,6,7,8,9,10,11,11,11,12,13,14,15,16,17,18,19,6,20,20,20,21,22,23,24,25,26,27,28,28,29,30,17,17,17,17,31,32,33,34,17,35,36,37,17,17,17,17,17,38,39,40,41,17,42,17,17,43,44,17,17,17,17,17,45,17,46,47,17,17,17,17,17,17,17,48,49,50,51,52,17,17,17,17,53,54,55,17,17,17,56,17,17,17,17,17,17,17,17,17,17,57,58,59,17,17,17,60,61,62,60,60,60,60,60,63,64,65,66,67,68,69,70","0.000461101531982422","louvain","edit-xhwikibooks.graphml"
"0.4","0.57","0.03","0.766657329925423","1,1,1,2,3,4,5,6,7,8,9,10,11,11,11,12,13,14,15,16,17,18,19,6,20,20,20,21,22,23,24,25,26,27,28,28,29,30,17,17,17,17,31,32,33,34,17,35,36,37,17,17,17,17,17,38,39,40,41,17,42,17,17,43,44,17,17,17,17,17,45,17,46,47,17,17,17,17,17,17,17,48,49,50,51,52,17,17,17,17,53,54,55,17,17,17,56,17,17,17,17,17,17,17,17,17,17,57,58,59,17,17,17,60,61,62,60,60,60,60,60,63,64,65,66,67,68,69,70","0.000459909439086914","louvain","edit-xhwikibooks.graphml"
"0.39","0.58","0.03","0.770578981566978","1,1,1,2,3,4,5,6,7,8,9,10,11,11,11,12,13,14,15,16,17,18,19,6,20,20,20,21,22,23,24,25,26,27,28,28,29,30,17,17,17,17,31,32,33,34,17,35,36,37,17,17,17,17,17,38,39,40,41,17,42,17,17,43,44,17,17,17,17,17,45,17,46,47,17,17,17,17,17,17,17,48,49,50,51,52,17,17,17,17,53,54,55,17,17,17,56,17,17,17,17,17,17,17,17,17,17,57,58,59,17,17,17,60,61,62,60,60,60,60,60,63,64,65,66,67,68,69,70","0.000445127487182617","louvain","edit-xhwikibooks.graphml"
"0.38","0.59","0.03","0.768134802595998","1,1,1,2,3,4,5,6,7,8,9,10,11,11,11,12,13,14,15,16,17,18,19,6,20,20,20,21,22,23,24,25,26,27,28,28,29,30,17,17,17,17,31,32,33,34,17,35,36,37,17,17,17,17,17,38,39,40,41,17,42,17,17,43,44,17,17,17,17,17,45,17,46,47,17,17,17,17,17,17,17,48,49,50,51,52,17,17,17,17,53,54,55,17,17,17,56,17,17,17,17,17,17,17,17,17,17,57,58,59,17,17,17,60,61,62,60,60,60,60,60,63,64,65,66,67,68,69,70","0.000499963760375977","louvain","edit-xhwikibooks.graphml"
"0.37","0.6","0.03","0.774514285714286","1,1,1,2,3,4,5,6,7,8,9,10,11,11,11,12,13,14,15,16,17,18,19,6,20,20,20,21,22,23,24,25,26,27,28,28,29,30,17,17,17,17,31,32,33,34,17,35,36,37,17,17,17,17,17,38,39,40,41,17,42,17,17,43,44,17,17,17,17,17,45,17,46,47,17,17,17,17,17,17,17,48,49,50,51,52,17,17,17,17,53,54,55,17,17,17,56,17,17,17,17,17,17,17,17,17,17,57,58,59,17,17,17,60,61,62,60,60,60,60,60,63,64,65,66,67,68,69,70","0.000444889068603516","louvain","edit-xhwikibooks.graphml"
"0.36","0.61","0.03","0.772130036157025","1,1,1,2,3,4,5,6,7,8,9,10,11,11,11,12,13,14,15,16,17,18,19,6,20,20,20,21,22,23,24,25,26,27,28,28,29,30,17,17,17,17,31,32,33,34,17,35,36,37,17,17,17,17,17,38,39,40,41,17,42,17,17,43,44,17,17,17,17,17,45,17,46,47,17,17,17,17,17,17,17,48,49,50,51,52,17,17,17,17,53,54,55,17,17,17,56,17,17,17,17,17,17,17,17,17,17,57,58,59,17,17,17,60,61,62,60,60,60,60,60,63,64,65,66,67,68,69,70","0.000459909439086914","louvain","edit-xhwikibooks.graphml"
"0.35","0.62","0.03","0.77415493632098","1,1,1,2,3,4,5,6,7,8,9,10,11,11,11,12,13,14,15,16,17,18,19,6,20,20,20,21,22,23,24,25,26,27,28,28,29,30,17,17,17,17,31,32,33,34,17,35,36,37,17,17,17,17,17,38,39,40,41,17,42,17,17,43,44,17,17,17,17,17,45,17,46,47,17,17,17,17,17,17,17,48,49,50,51,52,17,17,17,17,53,54,55,17,17,17,56,17,17,17,17,17,17,17,17,17,17,57,58,59,17,17,17,60,61,62,60,60,60,60,60,63,64,65,66,67,68,69,70","0.00046992301940918","louvain","edit-xhwikibooks.graphml"
"0.34","0.63","0.03","0.771793334174978","1,1,1,2,3,4,5,6,7,8,9,10,11,11,11,12,13,14,15,16,17,18,19,6,20,20,20,21,22,23,24,25,26,27,28,28,29,30,17,17,17,17,31,32,33,34,17,35,36,37,17,17,17,17,17,38,39,40,41,17,42,17,17,43,44,17,17,17,17,17,45,17,46,47,17,17,17,17,17,17,17,48,49,50,51,52,17,17,17,17,53,54,55,17,17,17,56,17,17,17,17,17,17,17,17,17,17,57,58,59,17,17,17,60,61,62,60,60,60,60,60,63,64,65,66,67,68,69,70","0.000495195388793945","louvain","edit-xhwikibooks.graphml"
"0.33","0.64","0.03","0.771793334174978","1,1,1,2,3,4,5,6,7,8,9,10,11,11,11,12,13,14,15,16,17,18,19,6,20,20,20,21,22,23,24,25,26,27,28,28,29,30,17,17,17,17,31,32,33,34,17,35,36,37,17,17,17,17,17,38,39,40,41,17,42,17,17,43,44,17,17,17,17,17,45,17,46,47,17,17,17,17,17,17,17,48,49,50,51,52,17,17,17,17,53,54,55,17,17,17,56,17,17,17,17,17,17,17,17,17,17,57,58,59,17,17,17,60,61,62,60,60,60,60,60,63,64,65,66,67,68,69,70","0.000465869903564453","louvain","edit-xhwikibooks.graphml"
"0.32","0.65","0.03","0.769436035080054","1,1,1,2,3,4,5,6,7,8,9,10,11,11,11,12,13,14,15,16,17,18,19,6,20,20,20,21,22,23,24,25,26,27,28,28,29,30,17,17,17,17,31,32,33,34,17,35,36,37,17,17,17,17,17,38,39,40,41,17,42,17,17,43,44,17,17,17,17,17,45,17,46,47,17,17,17,17,17,17,17,48,49,50,51,52,17,17,17,17,53,54,55,17,17,17,56,17,17,17,17,17,17,17,17,17,17,57,58,59,17,17,17,60,61,62,60,60,60,60,60,63,64,65,66,67,68,69,70","0.000474929809570312","louvain","edit-xhwikibooks.graphml"
"0.31","0.66","0.03","0.771373456790123","1,1,1,2,3,4,5,6,7,8,9,10,11,11,11,12,13,14,15,16,17,18,19,6,20,20,20,21,22,23,24,25,26,27,28,28,29,30,17,17,17,17,31,32,33,34,17,35,36,37,17,17,17,17,17,38,39,40,41,17,42,17,17,43,44,17,17,17,17,17,45,17,46,47,17,17,17,17,17,17,17,48,49,50,51,52,17,17,17,17,53,54,55,17,17,17,56,17,17,17,17,17,17,17,17,17,17,57,58,59,17,17,17,60,61,62,60,60,60,60,60,63,64,65,66,67,68,69,70","0.000429868698120117","louvain","edit-xhwikibooks.graphml"
"0.3","0.67","0.03","0.795910585141354","1,1,1,2,3,4,5,6,7,8,9,10,11,11,11,12,13,14,15,16,17,18,19,6,20,20,20,21,22,23,24,25,26,27,28,28,29,30,17,17,17,17,31,32,33,34,17,35,36,37,17,17,17,17,17,38,39,40,41,17,42,17,17,43,44,17,17,17,17,17,45,17,46,47,17,17,17,17,17,17,17,48,49,50,51,52,17,17,17,17,53,54,55,17,17,17,56,17,17,17,17,17,17,17,17,17,17,57,58,59,17,17,17,60,61,62,60,60,60,60,60,63,64,65,66,67,68,69,70","0.000447988510131836","louvain","edit-xhwikibooks.graphml"
"0.29","0.68","0.03","0.795910585141354","1,1,1,2,3,4,5,6,7,8,9,10,11,11,11,12,13,14,15,16,17,18,19,6,20,20,20,21,22,23,24,25,26,27,28,28,29,30,17,17,17,17,31,32,33,34,17,35,36,37,17,17,17,17,17,38,39,40,41,17,42,17,17,43,44,17,17,17,17,17,45,17,46,47,17,17,17,17,17,17,17,48,49,50,51,52,17,17,17,17,53,54,55,17,17,17,56,17,17,17,17,17,17,17,17,17,17,57,58,59,17,17,17,60,61,62,60,60,60,60,60,63,64,65,66,67,68,69,70","0.000447988510131836","louvain","edit-xhwikibooks.graphml"
"0.28","0.69","0.03","0.793796855476884","1,1,1,2,3,4,5,6,7,8,9,10,11,11,11,12,13,14,15,16,17,18,19,6,20,20,20,21,22,23,24,25,26,27,28,28,29,30,17,17,17,17,31,32,33,34,17,35,36,37,17,17,17,17,17,38,39,40,41,17,42,17,17,43,44,17,17,17,17,17,45,17,46,47,17,17,17,17,17,17,17,48,49,50,51,52,17,17,17,17,53,54,55,17,17,17,56,17,17,17,17,17,17,17,17,17,17,57,58,59,17,17,17,60,61,62,60,60,60,60,60,63,64,65,66,67,68,69,70","0.000428915023803711","louvain","edit-xhwikibooks.graphml"
"0.27","0.7","0.03","0.794287407560102","1,1,1,2,3,4,5,6,7,8,9,10,11,11,11,12,13,14,15,16,17,18,19,6,20,20,20,21,22,23,24,25,26,27,28,28,29,30,17,17,17,17,31,32,33,34,17,35,36,37,17,17,17,17,17,38,39,40,41,17,42,17,17,43,44,17,17,17,17,17,45,17,46,47,17,17,17,17,17,17,17,48,49,50,51,52,17,17,17,17,53,54,55,17,17,17,56,17,17,17,17,17,17,17,17,17,17,57,58,17,17,17,17,59,60,61,59,59,59,59,59,62,63,64,65,66,67,68,69","0.000432968139648438","louvain","edit-xhwikibooks.graphml"
"0.26","0.71","0.03","0.793299153147638","1,1,1,2,3,4,5,6,7,8,9,10,11,11,11,12,13,14,15,16,17,18,19,6,20,20,20,21,22,23,24,25,26,27,28,28,29,30,17,17,17,17,31,32,33,34,17,35,36,37,17,17,17,17,17,38,39,40,41,17,42,17,17,43,44,17,17,17,17,17,45,17,46,47,17,17,17,17,17,17,17,48,49,50,51,52,17,17,17,17,53,54,55,17,17,17,56,17,17,17,17,17,17,17,17,17,17,57,58,59,17,17,17,60,61,62,60,60,60,60,60,63,64,65,66,67,68,69,70","0.000430107116699219","louvain","edit-xhwikibooks.graphml"
"0.25","0.72","0.03","0.7948875","1,1,1,2,3,4,5,6,7,8,9,10,11,11,11,12,13,14,15,16,17,18,19,6,20,20,20,21,22,23,24,25,26,27,28,28,29,30,17,17,17,17,31,32,33,34,17,35,36,37,17,17,17,17,17,38,39,40,41,17,42,17,17,43,44,17,17,17,17,17,45,17,46,47,17,17,17,17,17,17,17,48,49,50,51,52,17,17,17,17,53,54,55,17,17,17,56,17,17,17,17,17,17,17,17,17,17,57,58,17,17,17,17,59,60,61,59,59,59,59,59,62,63,64,65,66,67,68,69","0.000452041625976562","louvain","edit-xhwikibooks.graphml"
"0.24","0.73","0.03","0.793903616247122","1,1,1,2,3,4,5,6,7,8,9,10,11,11,11,12,13,14,15,16,17,18,19,6,20,20,20,21,22,23,24,25,26,27,28,28,29,30,17,17,17,17,31,32,33,34,17,35,36,37,17,17,17,17,17,38,39,40,41,17,42,17,17,43,44,17,17,17,17,17,45,17,46,47,17,17,17,17,17,17,17,48,49,50,51,52,17,17,17,17,53,54,55,17,17,17,56,17,17,17,17,17,17,17,17,17,17,57,58,59,17,17,17,60,61,62,60,60,60,60,60,63,64,65,66,67,68,69,70","0.000576019287109375","louvain","edit-xhwikibooks.graphml"
"0.23","0.74","0.03","0.793903616247122","1,1,1,2,3,4,5,6,7,8,9,10,11,11,11,12,13,14,15,16,17,18,19,6,20,20,20,21,22,23,24,25,26,27,28,28,29,30,17,17,17,17,31,32,33,34,17,35,36,37,17,17,17,17,17,38,39,40,41,17,42,17,17,43,44,17,17,17,17,17,45,17,46,47,17,17,17,17,17,17,17,48,49,50,51,52,17,17,17,17,53,54,55,17,17,17,56,17,17,17,17,17,17,17,17,17,17,57,58,59,17,17,17,60,61,62,60,60,60,60,60,63,64,65,66,67,68,69,70","0.000478029251098633","louvain","edit-xhwikibooks.graphml"
"0.22","0.75","0.03","0.796918500892326","1,1,1,2,3,4,5,6,7,8,9,10,11,11,11,12,13,14,15,16,17,18,19,6,20,20,20,21,22,23,24,25,26,27,28,28,29,30,17,17,17,17,31,32,33,34,17,35,36,37,17,17,17,17,17,38,39,40,41,17,42,17,17,43,44,17,17,17,17,17,45,17,46,47,17,17,17,17,17,17,17,48,49,50,51,52,17,17,17,17,53,54,55,17,17,17,56,17,17,17,17,17,17,17,17,17,17,57,58,59,17,17,17,60,61,62,60,60,60,60,60,63,64,65,66,67,68,69,70","0.000524997711181641","louvain","edit-xhwikibooks.graphml"
"0.21","0.76","0.03","0.796918500892326","1,1,1,2,3,4,5,6,7,8,9,10,11,11,11,12,13,14,15,16,17,18,19,6,20,20,20,21,22,23,24,25,26,27,28,28,29,30,17,17,17,17,31,32,33,34,17,35,36,37,17,17,17,17,17,38,39,40,41,17,42,17,17,43,44,17,17,17,17,17,45,17,46,47,17,17,17,17,17,17,17,48,49,50,51,52,17,17,17,17,53,54,55,17,17,17,56,17,17,17,17,17,17,17,17,17,17,57,58,59,17,17,17,60,61,62,60,60,60,60,60,63,64,65,66,67,68,69,70","0.0004730224609375","louvain","edit-xhwikibooks.graphml"
"0.2","0.77","0.03","0.797377226882835","1,1,1,2,3,4,5,6,7,8,9,10,11,11,11,12,13,14,15,16,17,18,19,6,20,20,20,21,22,23,24,25,26,27,28,28,29,30,17,17,17,17,31,32,33,34,17,35,36,37,17,17,17,17,17,38,39,40,41,17,42,17,17,43,44,17,17,17,17,17,45,17,46,47,17,17,17,17,17,17,17,48,49,50,51,52,17,17,17,17,53,54,55,17,17,17,56,17,17,17,17,17,17,17,17,17,17,57,58,17,17,17,17,59,60,61,59,59,59,59,59,62,63,64,65,66,67,68,69","0.000459909439086914","louvain","edit-xhwikibooks.graphml"
"0.19","0.78","0.03","0.799168975069252","1,1,1,2,3,4,5,6,7,8,9,10,11,11,11,12,13,14,15,16,17,18,19,6,20,20,20,21,22,23,24,25,26,27,28,28,29,30,17,17,17,17,31,32,33,34,17,35,36,37,17,17,17,17,17,38,39,40,41,17,42,17,17,43,44,17,17,17,17,17,45,17,46,47,17,17,17,17,17,17,17,48,49,50,51,52,17,17,17,17,53,54,55,17,17,17,56,17,17,17,17,17,17,17,17,17,17,57,58,59,17,17,17,60,61,62,60,60,60,60,60,63,64,65,66,67,68,69,70","0.000462055206298828","louvain","edit-xhwikibooks.graphml"
"0.18","0.79","0.03","0.798184565371672","1,1,1,2,3,4,5,6,7,8,9,10,11,11,11,12,13,14,15,16,17,18,19,6,20,20,20,21,22,23,24,25,26,27,28,28,29,30,17,17,17,17,31,32,33,34,17,35,36,37,17,17,17,17,17,38,39,40,41,17,42,17,17,43,44,17,17,17,17,17,45,17,46,47,17,17,17,17,17,17,17,48,49,50,51,52,17,17,17,17,53,54,55,17,17,17,56,17,17,17,17,17,17,17,17,17,17,57,58,17,17,17,17,59,60,61,59,59,59,59,59,62,63,64,65,66,67,68,69","0.000437021255493164","louvain","edit-xhwikibooks.graphml"
"0.17","0.8","0.03","0.801549516189468","1,1,1,2,3,4,5,6,7,8,9,10,11,11,11,12,13,14,15,16,17,18,19,6,20,20,20,21,22,23,24,25,26,27,28,28,29,30,17,17,17,17,31,32,33,34,17,35,36,37,17,17,17,17,17,38,39,40,41,17,42,17,17,43,44,17,17,17,17,17,45,17,46,47,17,17,17,17,17,17,17,48,49,50,51,52,17,17,17,17,53,54,55,17,17,17,56,17,17,17,17,17,17,17,17,17,17,57,58,59,17,17,17,60,61,62,60,60,60,60,60,63,64,65,66,67,68,69,70","0.000486135482788086","louvain","edit-xhwikibooks.graphml"
"0.16","0.81","0.03","0.801549516189468","1,1,1,2,3,4,5,6,7,8,9,10,11,11,11,12,13,14,15,16,17,18,19,6,20,20,20,21,22,23,24,25,26,27,28,28,29,30,17,17,17,17,31,32,33,34,17,35,36,37,17,17,17,17,17,38,39,40,41,17,42,17,17,43,44,17,17,17,17,17,45,17,46,47,17,17,17,17,17,17,17,48,49,50,51,52,17,17,17,17,53,54,55,17,17,17,56,17,17,17,17,17,17,17,17,17,17,57,58,59,17,17,17,60,61,62,60,60,60,60,60,63,64,65,66,67,68,69,70","0.000442981719970703","louvain","edit-xhwikibooks.graphml"
"0.15","0.82","0.03","0.799622237750022","1,1,1,2,3,4,5,6,7,8,9,10,11,11,11,12,13,14,15,16,17,18,19,6,20,20,20,21,22,23,24,25,26,27,28,28,29,30,17,17,17,17,31,32,33,34,17,35,36,37,17,17,17,17,17,38,39,40,41,17,42,17,17,43,44,17,17,17,17,17,45,17,46,47,17,17,17,17,17,17,17,48,49,50,51,52,17,17,17,17,53,54,55,17,17,17,56,17,17,17,17,17,17,17,17,17,17,57,58,59,17,17,17,60,61,62,60,60,60,60,60,63,64,65,66,67,68,69,70","0.00044703483581543","louvain","edit-xhwikibooks.graphml"
"0.14","0.83","0.03","0.799622237750022","1,1,1,2,3,4,5,6,7,8,9,10,11,11,11,12,13,14,15,16,17,18,19,6,20,20,20,21,22,23,24,25,26,27,28,28,29,30,17,17,17,17,31,32,33,34,17,35,36,37,17,17,17,17,17,38,39,40,41,17,42,17,17,43,44,17,17,17,17,17,45,17,46,47,17,17,17,17,17,17,17,48,49,50,51,52,17,17,17,17,53,54,55,17,17,17,56,17,17,17,17,17,17,17,17,17,17,57,58,59,17,17,17,60,61,62,60,60,60,60,60,63,64,65,66,67,68,69,70","0.000463962554931641","louvain","edit-xhwikibooks.graphml"
"0.13","0.84","0.03","0.798814729080933","1,1,1,2,3,4,5,6,7,8,9,10,11,11,11,12,13,14,15,16,17,18,19,6,20,20,20,21,22,23,24,25,26,27,28,28,29,30,17,17,17,17,31,32,33,34,17,35,36,37,17,17,17,17,17,38,39,40,41,17,42,17,17,43,44,17,17,17,17,17,45,17,46,47,17,17,17,17,17,17,17,48,49,50,51,52,17,17,17,17,53,54,55,17,17,17,56,17,17,17,17,17,17,17,17,17,17,57,58,59,17,17,17,60,61,62,60,60,60,60,60,63,64,65,66,67,68,69,70","0.000445127487182617","louvain","edit-xhwikibooks.graphml"
"0.12","0.85","0.03","0.800176261972011","1,1,1,2,3,4,5,6,7,8,9,10,11,11,11,12,13,14,15,16,17,18,19,6,20,20,20,21,22,23,24,25,26,27,28,28,29,30,17,17,17,17,31,32,33,34,17,35,36,37,17,17,17,17,17,38,39,40,41,17,42,17,17,43,44,17,17,17,17,17,45,17,46,47,17,17,17,17,17,17,17,48,49,50,51,52,17,17,17,17,53,54,55,17,17,17,56,17,17,17,17,17,17,17,17,17,17,57,58,59,17,17,17,60,61,62,60,60,60,60,60,63,64,65,66,67,68,69,70","0.000463962554931641","louvain","edit-xhwikibooks.graphml"
"0.11","0.86","0.03","0.800526859504132","1,1,1,2,3,4,5,6,7,8,9,10,11,11,11,12,13,14,15,16,17,18,19,6,20,20,20,21,22,23,24,25,26,27,28,28,29,30,17,17,17,17,31,32,33,34,17,35,36,37,17,17,17,17,17,38,39,40,41,17,42,17,17,43,44,17,17,17,17,17,45,17,46,47,17,17,17,17,17,17,17,48,49,50,51,52,17,17,17,17,53,54,55,17,17,17,56,17,17,17,17,17,17,17,17,17,17,57,58,59,17,17,17,60,61,62,60,60,60,60,60,63,64,65,66,67,68,69,70","0.000471115112304688","louvain","edit-xhwikibooks.graphml"
"0.1","0.87","0.03","0.799617768595041","1,1,1,2,3,4,5,6,7,8,9,10,11,11,11,12,13,14,15,16,17,18,19,6,20,20,20,21,22,23,24,25,26,27,28,28,29,30,17,17,17,17,31,32,33,34,17,35,36,37,17,17,17,17,17,38,39,40,41,17,42,17,17,43,44,17,17,17,17,17,45,17,46,47,17,17,17,17,17,17,17,48,49,50,51,52,17,17,17,17,53,54,55,17,17,17,56,17,17,17,17,17,17,17,17,17,17,57,58,17,17,17,17,59,60,61,59,59,59,59,59,62,63,64,65,66,67,68,69","0.000470876693725586","louvain","edit-xhwikibooks.graphml"
"0.09","0.88","0.03","0.798663008537909","1,1,1,2,3,4,5,6,7,8,9,10,11,11,11,12,13,14,15,16,17,18,19,6,20,20,20,21,22,23,24,25,26,27,28,28,29,30,17,17,17,17,31,32,33,34,17,35,36,37,17,17,17,17,17,38,39,40,41,17,42,17,17,43,44,17,17,17,17,17,45,17,46,47,17,17,17,17,17,17,17,48,49,50,51,52,17,17,17,17,53,54,55,17,17,17,56,17,17,17,17,17,17,17,17,17,17,57,58,59,17,17,17,60,61,62,60,60,60,60,60,63,64,65,66,67,68,69,70","0.00058293342590332","louvain","edit-xhwikibooks.graphml"
"0.08","0.89","0.03","0.800247340585976","1,1,1,2,3,4,5,6,7,8,9,10,11,11,11,12,13,14,15,16,17,18,19,6,20,20,20,21,22,23,24,25,26,27,28,28,29,30,17,17,17,17,31,32,33,34,17,35,36,37,17,17,17,17,17,38,39,40,41,17,42,17,17,43,44,17,17,17,17,17,45,17,46,47,17,17,17,17,17,17,17,48,49,50,51,52,17,17,17,17,53,54,55,17,17,17,56,17,17,17,17,17,17,17,17,17,17,57,58,17,17,17,17,59,60,61,59,59,59,59,59,62,63,64,65,66,67,68,69","0.000597000122070312","louvain","edit-xhwikibooks.graphml"
"0.07","0.9","0.03","0.798379703443877","1,1,1,2,3,4,5,6,7,8,9,10,11,11,11,12,13,14,15,16,17,18,19,6,20,20,20,21,22,23,24,25,26,27,28,28,29,30,17,17,17,17,31,32,33,34,17,35,36,37,17,17,17,17,17,38,39,40,41,17,42,17,17,43,44,17,17,17,17,17,45,17,46,47,17,17,17,17,17,17,17,48,49,50,51,52,17,17,17,17,53,54,55,17,17,17,56,17,17,17,17,17,17,17,17,17,17,57,58,17,17,17,17,59,60,61,59,59,59,59,59,62,63,64,65,66,67,68,69","0.000606060028076172","louvain","edit-xhwikibooks.graphml"
"0.06","0.91","0.03","0.799296476403061","1,1,1,2,3,4,5,6,7,8,9,10,11,11,11,12,13,14,15,16,17,18,19,6,20,20,20,21,22,23,24,25,26,27,28,28,29,30,17,17,17,17,31,32,33,34,17,35,36,37,17,17,17,17,17,38,39,40,41,17,42,17,17,43,44,17,17,17,17,17,45,17,46,47,17,17,17,17,17,17,17,48,49,50,51,52,17,17,17,17,53,54,55,17,17,17,56,17,17,17,17,17,17,17,17,17,17,57,58,59,17,17,17,60,61,62,60,60,60,60,60,63,64,65,66,67,68,69,70","0.000584840774536133","louvain","edit-xhwikibooks.graphml"
"0.05","0.92","0.03","0.797461728395062","1,1,1,2,3,4,5,6,7,8,9,10,11,11,11,12,13,14,15,16,17,18,19,6,20,20,20,21,22,23,24,25,26,27,28,28,29,30,17,17,17,17,31,32,33,34,17,35,36,37,17,17,17,17,17,38,39,40,41,17,42,17,17,43,44,17,17,17,17,17,45,17,46,47,17,17,17,17,17,17,17,48,49,50,51,52,17,17,17,17,53,54,55,17,17,17,56,17,17,17,17,17,17,17,17,17,17,57,58,59,17,17,17,60,61,62,60,60,60,60,60,63,64,65,66,67,68,69,70","0.000619888305664062","louvain","edit-xhwikibooks.graphml"
"0.04","0.93","0.03","0.797840473020597","1,1,1,2,3,4,5,6,7,8,9,10,11,11,11,12,13,14,15,16,17,18,19,6,20,20,20,21,22,23,24,25,26,27,28,28,29,30,17,17,17,17,31,32,33,34,17,35,36,37,17,17,17,17,17,38,39,40,41,17,42,17,17,43,44,17,17,17,17,17,45,17,46,47,17,17,17,17,17,17,17,48,49,50,51,52,17,17,17,17,53,54,55,17,17,17,56,17,17,17,17,17,17,17,17,17,17,57,58,17,17,17,17,59,60,61,59,59,59,59,59,62,63,64,65,66,67,68,69","0.000586986541748047","louvain","edit-xhwikibooks.graphml"
"0.03","0.94","0.03","0.798255232379193","1,1,1,2,3,4,5,6,7,8,9,10,11,11,11,12,13,14,15,16,17,18,19,6,20,20,20,21,22,23,24,25,26,27,28,28,29,30,17,17,17,17,31,32,33,34,17,35,36,37,17,17,17,17,17,38,39,40,41,17,42,17,17,43,44,17,17,17,17,17,45,17,46,47,17,17,17,17,17,17,17,48,49,50,51,52,17,17,17,17,53,54,55,17,17,17,56,17,17,17,17,17,17,17,17,17,17,57,58,59,17,17,17,60,61,62,60,60,60,60,60,63,64,65,66,67,68,69,70","0.000601053237915039","louvain","edit-xhwikibooks.graphml"
"0.02","0.95","0.03","0.798255232379193","1,1,1,2,3,4,5,6,7,8,9,10,11,11,11,12,13,14,15,16,17,18,19,6,20,20,20,21,22,23,24,25,26,27,28,28,29,30,17,17,17,17,31,32,33,34,17,35,36,37,17,17,17,17,17,38,39,40,41,17,42,17,17,43,44,17,17,17,17,17,45,17,46,47,17,17,17,17,17,17,17,48,49,50,51,52,17,17,17,17,53,54,55,17,17,17,56,17,17,17,17,17,17,17,17,17,17,57,58,59,17,17,17,60,61,62,60,60,60,60,60,63,64,65,66,67,68,69,70","0.00065302848815918","louvain","edit-xhwikibooks.graphml"
"0.01","0.96","0.03","0.796447436166359","1,1,1,2,3,4,5,6,7,8,9,10,11,11,11,12,13,14,15,16,17,18,19,6,20,20,20,21,22,23,24,25,26,27,28,28,29,30,17,17,17,17,31,32,33,34,17,35,36,37,17,17,17,17,17,38,39,40,41,17,42,17,17,43,44,17,17,17,17,17,45,17,46,47,17,17,17,17,17,17,17,48,49,50,51,52,17,17,17,17,53,54,55,17,17,17,56,17,17,17,17,17,17,17,17,17,17,57,58,59,17,17,17,60,61,62,60,60,60,60,60,63,64,65,66,67,68,69,70","0.000612974166870117","louvain","edit-xhwikibooks.graphml"
"0","0.97","0.03","0.783880350474002","1,1,1,1,1,2,3,4,5,6,7,8,9,9,9,10,11,12,13,14,15,1,16,4,17,17,17,18,1,19,20,21,22,23,24,24,25,26,15,15,15,15,27,28,29,30,15,31,32,33,15,15,15,15,15,34,35,36,37,15,38,15,15,39,40,15,15,15,15,15,41,15,42,43,15,15,15,15,15,15,15,44,45,46,47,48,15,15,15,15,49,50,51,15,15,15,52,15,15,15,15,15,15,15,15,15,15,53,54,55,15,15,15,56,57,58,56,56,56,56,56,59,60,61,62,63,64,65,66","0.000621795654296875","louvain","edit-xhwikibooks.graphml"
"0.96","0","0.04","0.634196675900277","1,1,1,1,2,1,2,3,1,1,2,2,3,3,3,1,1,2,2,2,4,5,3,3,3,3,3,1,1,1,2,2,2,2,6,6,3,3,4,4,4,4,5,5,5,5,4,5,5,5,4,4,4,4,4,5,5,5,5,4,3,4,4,3,3,4,4,4,4,4,5,4,3,3,4,4,4,4,4,4,4,3,1,1,1,1,4,4,4,4,1,2,2,4,4,4,1,4,4,4,4,4,4,4,4,4,4,2,2,2,4,4,4,6,6,6,6,6,6,6,6,3,3,3,3,3,3,3,3","0.000659942626953125","louvain","edit-xhwikibooks.graphml"
"0.95","0.01","0.04","0.630817174515235","1,2,1,1,1,1,3,2,1,1,3,3,2,2,2,1,1,3,3,3,4,5,2,2,2,2,2,1,2,1,3,3,3,3,6,6,2,2,4,4,4,4,5,5,5,5,4,5,5,5,4,4,4,4,4,5,5,5,5,4,2,4,4,2,2,4,4,4,4,4,5,4,2,2,4,4,4,4,4,4,4,2,1,1,1,2,4,4,4,4,1,3,3,4,4,4,1,4,4,4,4,4,4,4,4,4,4,3,3,3,4,4,4,6,6,6,6,6,6,6,6,2,2,2,2,2,2,2,2","0.00064396858215332","louvain","edit-xhwikibooks.graphml"
"0.94","0.02","0.04","0.631786703601108","1,1,1,2,1,2,3,2,2,4,3,3,2,2,2,5,4,3,3,3,6,7,2,2,2,2,2,5,1,4,3,3,3,3,8,8,2,2,6,6,6,6,7,7,7,7,6,7,7,7,6,6,6,6,6,7,7,7,7,6,2,6,6,2,2,6,6,6,6,6,7,6,2,2,6,6,6,6,6,6,6,2,5,5,5,1,6,6,6,6,4,3,3,6,6,6,5,6,6,6,6,6,6,6,6,6,6,3,3,3,6,6,6,8,8,8,8,8,8,8,8,2,2,2,2,2,2,2,2","0.000640869140625","louvain","edit-xhwikibooks.graphml"
"0.93","0.03","0.04","0.634892135632247","1,1,1,1,2,1,2,1,1,3,2,2,1,1,1,4,3,2,2,2,5,6,1,1,1,1,1,4,1,3,2,2,2,2,7,7,8,1,5,5,5,5,6,6,6,6,5,6,6,6,5,5,5,5,5,6,6,6,6,5,1,5,5,1,1,5,5,5,5,5,6,5,1,1,5,5,5,5,5,5,5,1,4,4,4,1,5,5,5,5,3,2,2,5,5,5,4,5,5,5,5,5,5,5,5,5,5,2,2,2,5,5,5,7,7,7,7,7,7,7,7,8,8,8,8,8,8,8,8","0.000655889511108398","louvain","edit-xhwikibooks.graphml"
"0.92","0.04","0.04","0.636509415860311","1,1,1,2,3,2,3,2,2,2,3,3,2,2,2,4,2,3,3,3,5,6,2,2,2,2,2,4,1,2,3,3,3,3,7,7,8,2,5,5,5,5,6,6,6,6,5,6,6,6,5,5,5,5,5,6,6,6,6,5,2,5,5,2,2,5,5,5,5,5,6,5,2,2,5,5,5,5,5,5,5,2,4,4,4,1,5,5,5,5,2,3,3,5,5,5,4,5,5,5,5,5,5,5,5,5,5,3,3,3,5,5,5,7,7,7,7,7,7,7,7,8,8,8,8,8,8,8,8","0.000673055648803711","louvain","edit-xhwikibooks.graphml"
"0.91","0.05","0.04","0.627500289050757","1,1,1,1,2,1,2,3,1,1,2,2,3,3,3,1,1,2,2,2,4,5,3,3,3,3,3,1,1,1,2,2,2,2,6,6,7,3,4,4,4,4,5,5,5,5,4,5,5,5,4,4,4,4,4,5,5,5,5,4,8,4,4,3,3,4,4,4,4,4,5,4,3,3,4,4,4,4,4,4,4,3,1,1,1,9,4,4,4,4,10,11,12,4,4,4,1,4,4,4,4,4,4,4,4,4,4,2,2,2,4,4,4,6,6,6,6,6,6,6,6,7,7,7,7,7,7,7,7","0.000694990158081055","louvain","edit-xhwikibooks.graphml"
"0.9","0.06","0.04","0.623294600531853","1,1,1,1,2,1,2,3,1,1,2,2,3,3,3,1,1,2,2,2,4,5,3,3,3,3,3,1,1,1,2,2,2,2,6,6,3,3,4,4,4,4,5,5,5,5,4,5,5,5,4,4,4,4,4,5,5,5,5,4,7,4,4,3,3,4,4,4,4,4,5,4,3,3,4,4,4,4,4,4,4,3,1,1,1,8,4,4,4,4,9,10,11,4,4,4,1,4,4,4,4,4,4,4,4,4,4,2,2,2,4,4,4,6,6,6,6,6,6,6,6,3,3,3,3,3,3,3,3","0.000707149505615234","louvain","edit-xhwikibooks.graphml"
"0.89","0.07","0.04","0.621736395092796","1,1,1,1,1,2,3,4,2,2,3,3,4,4,4,2,2,3,3,3,5,6,4,4,4,4,4,2,1,2,3,3,3,3,7,7,4,4,5,5,5,5,6,6,6,6,5,6,6,6,5,5,5,5,5,6,6,6,6,5,8,5,5,4,4,5,5,5,5,5,6,5,4,4,5,5,5,5,5,5,5,4,2,2,2,9,5,5,5,5,10,11,12,5,5,5,2,5,5,5,5,5,5,5,5,5,5,3,3,3,5,5,5,7,7,7,7,7,7,7,7,4,4,4,4,4,4,4,4","0.000674009323120117","louvain","edit-xhwikibooks.graphml"
"0.88","0.08","0.04","0.624448279764599","1,1,1,1,2,1,2,3,1,1,2,2,3,3,3,1,1,2,2,2,4,5,3,3,3,3,3,1,1,1,2,2,2,2,6,6,3,3,4,4,4,4,5,5,5,5,4,5,5,5,4,4,4,4,4,5,5,5,5,4,7,4,4,3,3,4,4,4,4,4,5,4,3,3,4,4,4,4,4,4,4,3,1,1,1,8,4,4,4,4,9,10,11,4,4,4,1,4,4,4,4,4,4,4,4,4,4,2,2,2,4,4,4,6,6,6,6,6,6,6,6,3,3,3,3,3,3,3,3","0.000699043273925781","louvain","edit-xhwikibooks.graphml"
"0.87","0.09","0.04","0.605349396086264","1,1,1,1,2,1,2,1,1,1,2,2,1,1,1,3,4,2,2,2,5,6,1,1,1,1,1,3,1,7,8,2,2,2,9,9,10,1,5,5,5,5,6,6,6,6,5,6,6,6,5,5,5,5,5,6,6,6,6,5,11,5,5,12,13,5,5,5,5,5,6,5,1,1,5,5,5,5,5,5,5,14,3,3,3,15,5,5,5,5,16,17,18,5,5,5,19,5,5,5,5,5,5,5,5,5,5,20,21,5,5,5,5,9,9,9,9,9,9,9,9,10,10,10,10,10,10,10,10","0.00074005126953125","louvain","edit-xhwikibooks.graphml"
"0.86","0.1","0.04","0.605349396086264","1,1,1,1,2,1,2,1,1,1,2,2,1,1,1,3,4,2,2,2,5,6,1,1,1,1,1,3,1,7,8,2,2,2,9,9,10,1,5,5,5,5,6,6,6,6,5,6,6,6,5,5,5,5,5,6,6,6,6,5,11,5,5,12,13,5,5,5,5,5,6,5,1,1,5,5,5,5,5,5,5,14,3,3,3,15,5,5,5,5,16,17,18,5,5,5,19,5,5,5,5,5,5,5,5,5,5,20,21,5,5,5,5,9,9,9,9,9,9,9,9,10,10,10,10,10,10,10,10","0.000798940658569336","louvain","edit-xhwikibooks.graphml"
"0.85","0.11","0.04","0.603333333333333","1,1,1,1,2,1,2,1,1,1,2,2,1,1,1,3,4,2,2,2,5,6,1,1,1,1,1,3,1,7,8,2,2,2,9,9,10,1,5,5,5,5,6,6,6,6,5,6,6,6,5,5,5,5,5,6,6,6,6,5,11,5,5,12,13,5,5,5,5,5,6,5,1,1,5,5,5,5,5,5,5,14,3,3,3,15,5,5,5,5,16,17,18,5,5,5,19,5,5,5,5,5,5,5,5,5,5,20,21,5,5,5,5,9,9,9,9,9,9,9,9,10,10,10,10,10,10,10,10","0.000684022903442383","louvain","edit-xhwikibooks.graphml"
"0.84","0.12","0.04","0.607791933341384","1,1,1,1,2,1,2,1,1,1,2,2,1,1,1,1,3,2,2,2,4,5,1,1,1,1,1,1,1,6,7,2,2,2,8,8,9,1,4,4,4,4,5,5,5,5,4,5,5,5,4,4,4,4,4,5,5,5,5,4,10,4,4,11,12,4,4,4,4,4,5,4,1,1,4,4,4,4,4,4,4,13,1,1,1,14,4,4,4,4,15,16,17,4,4,4,18,4,4,4,4,4,4,4,4,4,4,19,20,4,4,4,4,8,8,8,8,8,8,8,8,9,9,9,9,9,9,9,9","0.000634908676147461","louvain","edit-xhwikibooks.graphml"
"0.83","0.13","0.04","0.571443576905571","1,1,1,2,3,2,4,2,2,2,4,5,2,2,2,2,6,7,4,8,9,1,10,2,2,2,2,2,1,11,12,13,8,14,4,4,15,2,9,9,9,9,1,1,1,1,9,1,1,1,9,9,9,9,9,1,1,1,1,9,16,9,9,17,18,9,9,9,9,9,1,9,19,20,9,9,9,9,9,9,9,21,22,23,24,25,9,9,9,9,26,27,28,9,9,9,29,9,9,9,9,9,9,9,9,9,9,30,31,9,9,9,9,4,4,4,4,4,4,4,4,15,15,15,15,15,15,15,15","0.000640869140625","louvain","edit-xhwikibooks.graphml"
"0.82","0.14","0.04","0.564388501803158","1,1,1,2,3,2,4,2,2,2,4,5,2,2,2,2,6,7,4,8,9,1,10,2,2,2,2,2,1,11,12,13,8,14,4,4,2,2,9,9,9,9,1,1,1,1,9,1,1,1,9,9,9,9,9,1,1,1,1,9,15,9,9,16,17,9,9,9,9,9,1,9,18,19,9,9,9,9,9,9,9,20,21,22,23,24,9,9,9,9,25,26,27,9,9,9,28,9,9,9,9,9,9,9,9,9,9,29,30,9,9,9,9,4,4,4,4,4,4,4,4,2,2,2,2,2,2,2,2","0.000808954238891602","louvain","edit-xhwikibooks.graphml"
"0.81","0.15","0.04","0.576257436452136","1,1,1,2,3,2,4,2,2,2,4,5,2,2,2,2,6,7,4,8,9,1,10,2,2,2,2,2,1,11,12,13,8,14,4,4,15,2,9,9,9,9,1,1,1,1,9,1,1,1,9,9,9,9,9,1,1,1,1,9,16,9,9,17,18,9,9,9,9,9,1,9,19,20,9,9,9,9,9,9,9,21,22,23,24,25,9,9,9,9,26,27,28,9,9,9,29,9,9,9,9,9,9,9,9,9,9,30,31,9,9,9,9,4,4,4,4,4,4,4,4,15,15,15,15,15,15,15,15","0.000670909881591797","louvain","edit-xhwikibooks.graphml"
"0.8","0.16","0.04","0.579671890139998","1,1,1,2,3,2,4,2,2,2,4,5,2,2,2,2,6,7,4,8,9,10,11,2,2,2,2,2,1,12,13,14,8,15,4,4,16,2,9,9,9,9,10,10,10,10,9,10,10,10,9,9,9,9,9,10,10,10,10,9,17,9,9,18,19,9,9,9,9,9,10,9,20,21,9,9,9,9,9,9,9,22,23,24,25,26,9,9,9,9,27,28,29,9,9,9,30,9,9,9,9,9,9,9,9,9,9,31,32,9,9,9,9,4,4,4,4,4,4,4,4,16,16,16,16,16,16,16,16","0.000616073608398438","louvain","edit-xhwikibooks.graphml"
"0.79","0.17","0.04","0.569361817198486","1,1,1,2,3,2,4,2,2,2,5,6,2,2,2,2,7,8,9,10,11,12,13,2,2,2,2,2,1,14,15,16,17,18,9,9,19,2,11,11,11,11,12,12,12,12,11,12,12,12,11,11,11,11,11,12,12,12,12,11,20,11,11,21,22,11,11,11,11,11,12,11,23,24,11,11,11,11,11,11,11,25,26,27,28,29,11,11,11,11,30,31,32,11,11,11,33,11,11,11,11,11,11,11,11,11,11,34,35,11,11,11,11,9,9,9,9,9,9,9,9,19,19,19,19,19,19,19,19","0.000618219375610352","louvain","edit-xhwikibooks.graphml"
"0.78","0.18","0.04","0.569361817198486","1,1,1,2,3,2,4,2,2,2,5,6,2,2,2,2,7,8,9,10,11,12,13,2,2,2,2,2,1,14,15,16,17,18,9,9,19,2,11,11,11,11,12,12,12,12,11,12,12,12,11,11,11,11,11,12,12,12,12,11,20,11,11,21,22,11,11,11,11,11,12,11,23,24,11,11,11,11,11,11,11,25,26,27,28,29,11,11,11,11,30,31,32,11,11,11,33,11,11,11,11,11,11,11,11,11,11,34,35,11,11,11,11,9,9,9,9,9,9,9,9,19,19,19,19,19,19,19,19","0.000669002532958984","louvain","edit-xhwikibooks.graphml"
"0.77","0.19","0.04","0.567175649036052","1,1,1,2,3,2,4,2,2,2,5,6,2,2,2,2,7,8,9,10,11,1,12,2,2,2,2,2,1,13,14,15,16,17,9,9,18,2,11,11,11,11,1,1,1,1,11,1,1,1,11,11,11,11,11,1,1,1,1,11,19,11,11,20,21,11,11,11,11,11,1,11,22,23,11,11,11,11,11,11,11,24,25,26,27,28,11,11,11,11,29,30,31,11,11,11,32,11,11,11,11,11,11,11,11,11,11,33,34,11,11,11,11,9,9,9,9,9,9,9,9,18,18,18,18,18,18,18,18","0.000623941421508789","louvain","edit-xhwikibooks.graphml"
"0.76","0.2","0.04","0.577188791322314","1,1,1,2,3,2,4,2,2,2,5,6,2,2,2,2,7,8,9,10,11,1,12,2,2,2,2,2,1,13,14,15,16,17,9,9,18,2,11,11,11,11,1,1,1,1,11,1,1,1,11,11,11,11,11,1,1,1,1,11,19,11,11,20,21,11,11,11,11,11,1,11,22,23,11,11,11,11,11,11,11,24,25,26,27,28,11,11,11,11,29,30,31,11,11,11,32,11,11,11,11,11,11,11,11,11,11,33,34,11,11,11,11,9,9,9,9,9,9,9,9,18,18,18,18,18,18,18,18","0.000604867935180664","louvain","edit-xhwikibooks.graphml"
"0.75","0.21","0.04","0.554187613282719","1,1,1,2,3,4,5,4,4,6,7,8,4,4,4,4,9,10,11,12,13,14,15,4,4,4,4,16,17,18,19,20,21,22,11,11,23,4,13,13,13,13,14,14,14,14,13,14,14,14,13,13,13,13,13,14,14,14,14,13,24,13,13,25,26,13,13,13,13,13,14,13,27,28,13,13,13,13,13,13,13,29,30,31,32,33,13,13,13,13,34,35,36,13,13,13,37,13,13,13,13,13,13,13,13,13,13,38,39,13,13,13,13,11,11,11,11,11,11,11,11,23,23,23,23,23,23,23,23","0.000626087188720703","louvain","edit-xhwikibooks.graphml"
"0.74","0.22","0.04","0.556410519476078","1,1,1,2,3,1,4,1,5,6,7,8,1,5,5,1,9,10,11,12,13,14,15,5,5,5,5,16,17,18,19,20,21,22,11,11,23,5,13,13,13,13,14,14,14,14,13,14,14,14,13,13,13,13,13,14,14,14,14,13,24,13,13,25,26,13,13,13,13,13,14,13,27,28,13,13,13,13,13,13,13,29,30,31,32,33,13,13,13,13,34,35,36,13,13,13,37,13,13,13,13,13,13,13,13,13,13,38,39,13,13,13,13,11,11,11,11,11,11,11,11,23,23,23,23,23,23,23,23","0.000606060028076172","louvain","edit-xhwikibooks.graphml"
"0.73","0.23","0.04","0.562095389087066","1,1,1,2,3,1,4,1,5,6,7,8,1,5,5,1,9,10,11,12,13,14,15,5,5,5,5,16,17,18,19,20,21,22,11,11,23,5,13,13,13,13,14,14,14,14,13,14,14,14,13,13,13,13,13,14,14,14,14,13,24,13,13,25,26,13,13,13,13,13,14,13,27,28,13,13,13,13,13,13,13,29,30,31,32,33,13,13,13,13,34,35,36,13,13,13,37,13,13,13,13,13,13,13,13,13,13,38,39,13,13,13,13,11,11,11,11,11,11,11,11,23,23,23,23,23,23,23,23","0.000629901885986328","louvain","edit-xhwikibooks.graphml"
"0.72","0.24","0.04","0.565910204081633","1,1,1,2,3,1,4,1,5,6,7,8,1,5,5,1,9,10,11,12,13,14,15,5,5,5,5,16,17,18,19,20,21,22,11,11,23,5,13,13,13,13,14,14,14,14,13,14,14,14,13,13,13,13,13,14,14,14,14,13,24,13,13,25,26,13,13,13,13,13,14,13,27,28,13,13,13,13,13,13,13,29,30,31,32,33,13,13,13,13,34,35,36,13,13,13,37,13,13,13,13,13,13,13,13,13,13,38,39,13,13,13,13,11,11,11,11,11,11,11,11,23,23,23,23,23,23,23,23","0.000682830810546875","louvain","edit-xhwikibooks.graphml"
"0.71","0.25","0.04","0.564404700413223","1,1,1,2,3,1,4,1,5,6,7,8,9,5,5,10,11,12,13,14,15,16,17,5,5,5,5,18,19,20,21,22,23,24,13,13,25,26,15,15,15,15,16,16,16,16,15,16,16,16,15,15,15,15,15,16,16,16,16,15,27,15,15,28,29,15,15,15,15,15,16,15,30,31,15,15,15,15,15,15,15,32,33,34,35,36,15,15,15,15,37,38,39,15,15,15,40,15,15,15,15,15,15,15,15,15,15,41,42,15,15,15,15,13,13,13,13,13,13,13,13,25,25,25,25,25,25,25,25","0.000599145889282227","louvain","edit-xhwikibooks.graphml"
"0.7","0.26","0.04","0.564404700413223","1,1,1,2,3,1,4,1,5,6,7,8,9,5,5,10,11,12,13,14,15,16,17,5,5,5,5,18,19,20,21,22,23,24,13,13,25,26,15,15,15,15,16,16,16,16,15,16,16,16,15,15,15,15,15,16,16,16,16,15,27,15,15,28,29,15,15,15,15,15,16,15,30,31,15,15,15,15,15,15,15,32,33,34,35,36,15,15,15,15,37,38,39,15,15,15,40,15,15,15,15,15,15,15,15,15,15,41,42,15,15,15,15,13,13,13,13,13,13,13,13,25,25,25,25,25,25,25,25","0.000646829605102539","louvain","edit-xhwikibooks.graphml"
"0.69","0.27","0.04","0.561612215909091","1,1,1,2,3,1,4,1,5,6,7,8,9,5,5,10,11,12,13,14,15,16,17,5,5,5,5,18,19,20,21,22,23,24,13,13,5,25,15,15,15,15,16,16,16,16,15,16,16,16,15,15,15,15,15,16,16,16,16,15,26,15,15,27,28,15,15,15,15,15,16,15,29,30,15,15,15,15,15,15,15,31,32,33,34,35,15,15,15,15,36,37,38,15,15,15,39,15,15,15,15,15,15,15,15,15,15,40,41,15,15,15,15,13,13,13,13,13,13,13,13,5,5,5,5,5,5,5,5","0.000685930252075195","louvain","edit-xhwikibooks.graphml"
"0.68","0.28","0.04","0.56225861023333","1,1,1,2,3,1,4,1,5,6,7,8,9,5,5,10,11,12,13,14,15,16,17,5,5,5,5,18,19,20,21,22,23,24,13,13,25,26,15,15,15,15,16,16,16,16,15,16,16,16,15,15,15,15,15,16,16,16,16,15,27,15,15,28,29,15,15,15,15,15,16,15,30,31,15,15,15,15,15,15,15,32,33,34,35,36,15,15,15,15,37,38,39,15,15,15,40,15,15,15,15,15,15,15,15,15,15,41,42,15,15,15,15,13,13,13,13,13,13,13,13,25,25,25,25,25,25,25,25","0.000657081604003906","louvain","edit-xhwikibooks.graphml"
"0.67","0.29","0.04","0.558971428571429","1,1,1,2,3,4,5,6,7,8,9,10,11,6,6,12,13,14,15,16,17,1,18,19,6,6,6,20,21,22,23,24,25,26,15,15,27,28,17,17,17,17,1,1,1,1,17,1,1,1,17,17,17,17,17,1,1,1,1,17,29,17,17,30,31,17,17,17,17,17,1,17,32,33,17,17,17,17,17,17,17,34,35,36,37,38,17,17,17,17,39,40,41,17,17,17,42,17,17,17,17,17,17,17,17,17,17,43,44,17,17,17,17,15,15,15,15,15,15,15,15,27,27,27,27,27,27,27,27","0.000636100769042969","louvain","edit-xhwikibooks.graphml"
"0.66","0.3","0.04","0.556834323347107","1,1,1,2,3,4,5,6,7,8,9,10,11,6,6,12,13,14,15,16,17,1,18,19,6,6,6,20,21,22,23,24,25,26,15,15,27,28,17,17,17,17,1,1,1,1,17,1,1,1,17,17,17,17,17,1,1,1,1,17,29,17,17,30,31,17,17,17,17,17,1,17,32,33,17,17,17,17,17,17,17,34,35,36,37,38,17,17,17,17,39,40,41,17,17,17,42,17,17,17,17,17,17,17,17,17,17,43,44,17,17,17,17,15,15,15,15,15,15,15,15,27,27,27,27,27,27,27,27","0.000608921051025391","louvain","edit-xhwikibooks.graphml"
"0.65","0.31","0.04","0.560471128985924","1,1,1,2,3,4,5,6,7,8,9,10,11,6,6,12,13,14,15,16,17,18,19,20,6,6,6,21,22,23,24,25,26,27,15,15,28,29,17,17,17,17,18,18,18,18,17,18,18,18,17,17,17,17,17,18,18,18,18,17,30,17,17,31,32,17,17,17,17,17,18,17,33,34,17,17,17,17,17,17,17,35,36,37,38,39,17,17,17,17,40,41,42,17,17,17,43,17,17,17,17,17,17,17,17,17,17,44,45,17,17,17,17,15,15,15,15,15,15,15,15,28,28,28,28,28,28,28,28","0.000761032104492188","louvain","edit-xhwikibooks.graphml"
"0.64","0.32","0.04","0.562716519459443","1,1,1,2,3,4,5,6,7,8,9,10,11,6,6,12,13,14,15,16,17,18,19,20,6,6,6,21,22,23,24,25,26,27,15,15,28,29,17,17,17,17,18,18,18,18,17,18,18,18,17,17,17,17,17,18,18,18,18,17,30,17,17,31,32,17,17,17,17,17,18,17,33,34,17,17,17,17,17,17,17,35,36,37,38,39,17,17,17,17,40,41,42,17,17,17,43,17,17,17,17,17,17,17,17,17,17,44,45,17,17,17,17,15,15,15,15,15,15,15,15,28,28,28,28,28,28,28,28","0.0254549980163574","louvain","edit-xhwikibooks.graphml"
"0.63","0.33","0.04","0.508056321672231","1,1,1,2,3,4,5,6,7,8,9,10,11,12,12,13,14,15,16,17,18,19,20,21,12,12,12,22,23,24,25,26,27,28,16,16,12,29,18,18,18,18,19,19,19,19,18,19,19,19,18,18,18,18,18,19,19,19,19,18,30,18,18,31,32,18,18,18,18,18,19,18,33,34,18,18,18,18,18,18,18,35,36,37,38,39,18,18,18,18,40,41,42,18,18,18,43,18,18,18,18,18,18,18,18,18,18,44,45,18,18,18,18,16,46,47,16,16,16,16,16,48,49,50,51,52,53,54,55","0.000540018081665039","louvain","edit-xhwikibooks.graphml"
"0.62","0.34","0.04","0.570464882024358","1,1,1,2,3,4,5,6,7,8,9,10,11,12,12,13,14,15,16,17,18,19,20,21,12,12,12,22,23,24,25,26,27,28,16,16,12,29,18,18,18,18,19,19,19,19,18,19,19,19,18,18,18,18,18,19,19,19,19,18,30,18,18,31,32,18,18,18,18,18,19,18,33,34,18,18,18,18,18,18,18,35,36,37,38,39,18,18,18,18,40,41,42,18,18,18,43,18,18,18,18,18,18,18,18,18,18,44,45,18,18,18,18,16,46,47,16,16,16,16,16,48,49,50,51,52,53,54,55","0.000463008880615234","louvain","edit-xhwikibooks.graphml"
"0.61","0.35","0.04","0.570464882024358","1,1,1,2,3,4,5,6,7,8,9,10,11,12,12,13,14,15,16,17,18,19,20,21,12,12,12,22,23,24,25,26,27,28,16,16,12,29,18,18,18,18,19,19,19,19,18,19,19,19,18,18,18,18,18,19,19,19,19,18,30,18,18,31,32,18,18,18,18,18,19,18,33,34,18,18,18,18,18,18,18,35,36,37,38,39,18,18,18,18,40,41,42,18,18,18,43,18,18,18,18,18,18,18,18,18,18,44,45,18,18,18,18,16,46,47,16,16,16,16,16,48,49,50,51,52,53,54,55","0.000410795211791992","louvain","edit-xhwikibooks.graphml"
"0.6","0.36","0.04","0.568319043593769","1,1,1,2,3,4,5,6,7,8,9,10,11,12,12,13,14,15,16,17,18,19,20,21,12,12,12,22,23,24,25,26,27,28,16,16,12,29,18,18,18,18,19,19,19,19,18,19,19,19,18,18,18,18,18,19,19,19,19,18,30,18,18,31,32,18,18,18,18,18,19,18,33,34,18,18,18,18,18,18,18,35,36,37,38,39,18,18,18,18,40,41,42,18,18,18,43,18,18,18,18,18,18,18,18,18,18,44,45,18,18,18,18,16,46,47,16,16,16,16,16,48,49,50,51,52,53,54,55","0.000435829162597656","louvain","edit-xhwikibooks.graphml"
"0.59","0.37","0.04","0.564573730960593","1,1,1,2,3,4,5,6,7,8,9,10,11,12,12,13,14,15,16,17,18,19,20,21,12,12,12,22,23,24,25,26,27,28,16,16,12,29,18,18,18,18,19,19,19,19,18,19,19,19,18,18,18,18,18,19,19,19,19,18,30,18,18,31,32,18,18,18,18,18,19,18,33,34,18,18,18,18,18,18,18,35,36,37,38,39,18,18,18,18,40,41,42,18,18,18,43,18,18,18,18,18,18,18,18,18,18,44,45,18,18,18,18,16,46,47,16,16,16,16,16,48,49,50,51,52,53,54,55","0.000457048416137695","louvain","edit-xhwikibooks.graphml"
"0.58","0.38","0.04","0.562432073421084","1,1,1,2,3,4,5,6,7,8,9,10,11,12,12,13,14,15,16,17,18,19,20,21,12,12,12,22,23,24,25,26,27,28,16,16,12,29,18,18,18,18,19,19,19,19,18,19,19,19,18,18,18,18,18,19,19,19,19,18,30,18,18,31,32,18,18,18,18,18,19,18,33,34,18,18,18,18,18,18,18,35,36,37,38,39,18,18,18,18,40,41,42,18,18,18,43,18,18,18,18,18,18,18,18,18,18,44,45,18,18,18,18,16,46,47,16,16,16,16,16,48,49,50,51,52,53,54,55","0.000905990600585938","louvain","edit-xhwikibooks.graphml"
"0.57","0.39","0.04","0.566066469587029","1,1,1,2,3,4,5,6,7,8,9,10,11,12,12,13,14,15,16,17,18,19,20,21,12,12,12,22,23,24,25,26,27,28,16,16,12,29,18,18,18,18,19,19,19,19,18,19,19,19,18,18,18,18,18,19,19,19,19,18,30,18,18,31,32,18,18,18,18,18,19,18,33,34,18,18,18,18,18,18,18,35,36,37,38,39,18,18,18,18,40,41,42,18,18,18,43,18,18,18,18,18,18,18,18,18,18,44,45,18,18,18,18,16,46,47,16,16,16,16,16,48,49,50,51,52,53,54,55","0.000780105590820312","louvain","edit-xhwikibooks.graphml"
"0.56","0.4","0.04","0.576138865852612","1,1,1,2,3,4,5,6,7,8,9,10,11,12,12,13,14,15,16,17,18,19,20,21,12,12,12,22,23,24,25,26,27,28,16,16,12,29,18,18,18,18,19,19,19,19,18,19,19,19,18,18,18,18,18,19,19,19,19,18,30,18,18,31,32,18,18,18,18,18,19,18,33,34,18,18,18,18,18,18,18,35,36,37,38,39,18,18,18,18,40,41,42,18,18,18,43,18,18,18,18,18,18,18,18,18,18,44,45,18,18,18,18,16,46,47,16,16,16,16,16,48,49,50,51,52,53,54,55","0.000606060028076172","louvain","edit-xhwikibooks.graphml"
"0.55","0.41","0.04","0.568082466918714","1,1,1,2,3,4,5,6,7,8,9,10,11,12,12,13,14,15,16,17,18,19,20,21,22,12,23,24,25,26,27,28,29,30,31,31,12,32,18,18,18,18,19,19,19,19,18,19,19,19,18,18,18,18,18,19,19,19,19,18,33,18,18,34,35,18,18,18,18,18,19,18,36,37,18,18,18,18,18,18,18,38,39,40,41,42,18,18,18,18,43,44,45,18,18,18,46,18,18,18,18,18,18,18,18,18,18,47,48,18,18,18,18,31,49,50,31,31,31,31,31,51,52,53,54,55,56,57,58","0.000391006469726562","louvain","edit-xhwikibooks.graphml"
"0.54","0.42","0.04","0.570008093421205","1,1,1,2,3,4,5,6,7,8,9,10,11,12,12,13,14,15,16,17,18,19,20,21,22,12,23,24,25,26,27,28,29,30,31,31,12,32,18,18,18,18,19,19,19,19,18,19,19,19,18,18,18,18,18,19,19,19,19,18,33,18,18,34,35,18,18,18,18,18,19,18,36,37,18,18,18,18,18,18,18,38,39,40,41,42,18,18,18,18,43,44,45,18,18,18,46,18,18,18,18,18,18,18,18,18,18,47,48,18,18,18,18,31,49,50,31,31,31,31,31,51,52,53,54,55,56,57,58","0.0004119873046875","louvain","edit-xhwikibooks.graphml"
"0.53","0.43","0.04","0.577071072883658","1,1,1,2,3,4,5,6,7,8,9,10,11,12,12,13,14,15,16,17,18,19,20,21,22,12,23,24,25,26,27,28,29,30,31,31,12,32,18,18,18,18,19,19,19,19,18,19,19,19,18,18,18,18,18,19,19,19,19,18,33,18,18,34,35,18,18,18,18,18,19,18,36,37,18,18,18,18,18,18,18,38,39,40,41,42,18,18,18,18,43,44,45,18,18,18,46,18,18,18,18,18,18,18,18,18,18,47,48,18,18,18,18,31,49,50,31,31,31,31,31,51,52,53,54,55,56,57,58","0.000385046005249023","louvain","edit-xhwikibooks.graphml"
"0.52","0.44","0.04","0.574955908289242","1,1,1,2,3,4,5,6,7,8,9,10,11,12,12,13,14,15,16,17,18,19,20,21,22,12,23,24,25,26,27,28,29,30,31,31,12,32,18,18,18,18,19,19,19,19,18,19,19,19,18,18,18,18,18,19,19,19,19,18,33,18,18,34,35,18,18,18,18,18,19,18,36,37,18,18,18,18,18,18,18,38,39,40,41,42,18,18,18,18,43,44,45,18,18,18,46,18,18,18,18,18,18,18,18,18,18,47,48,18,18,18,18,31,49,50,31,31,31,31,31,51,52,53,54,55,56,57,58","0.000404119491577148","louvain","edit-xhwikibooks.graphml"
"0.51","0.45","0.04","0.578781163434903","1,1,1,2,3,4,5,6,7,8,9,10,11,12,12,13,14,15,16,17,18,19,20,21,22,23,24,25,26,27,28,29,30,31,32,32,12,33,18,18,18,18,19,19,19,19,18,19,19,19,18,18,18,18,18,19,19,19,19,18,34,18,18,35,36,18,18,18,18,18,19,18,37,38,18,18,18,18,18,18,18,39,40,41,42,43,18,18,18,18,44,45,46,18,18,18,47,18,18,18,18,18,18,18,18,18,18,48,49,18,18,18,18,32,50,51,32,32,32,32,32,52,53,54,55,56,57,58,59","0.000401973724365234","louvain","edit-xhwikibooks.graphml"
"0.5","0.46","0.04","0.57668375318659","1,1,1,2,3,4,5,6,7,8,9,10,11,12,12,13,14,15,16,17,18,19,20,21,22,23,24,25,26,27,28,29,30,31,32,32,12,33,18,18,18,18,19,19,19,19,18,19,19,19,18,18,18,18,18,19,19,19,19,18,34,18,18,35,36,18,18,18,18,18,19,18,37,38,18,18,18,18,18,18,18,39,40,41,42,43,18,18,18,18,44,45,46,18,18,18,47,18,18,18,18,18,18,18,18,18,18,48,49,18,18,18,18,32,50,51,32,32,32,32,32,52,53,54,55,56,57,58,59","0.00035405158996582","louvain","edit-xhwikibooks.graphml"
"0.49","0.47","0.04","0.579996744791667","1,1,1,2,3,4,5,6,7,8,9,10,11,12,12,13,14,15,16,17,18,19,20,21,22,23,24,25,26,27,28,29,30,31,32,32,12,33,18,18,18,18,19,19,19,19,18,19,19,19,18,18,18,18,18,19,19,19,19,18,34,18,18,35,36,18,18,18,18,18,19,18,37,38,18,18,18,18,18,18,18,39,40,41,42,43,18,18,18,18,44,45,46,18,18,18,47,18,18,18,18,18,18,18,18,18,18,48,49,18,18,18,18,32,50,51,32,32,32,32,32,52,53,54,55,56,57,58,59","0.000370025634765625","louvain","edit-xhwikibooks.graphml"
"0.48","0.48","0.04","0.577921554941072","1,1,1,2,3,4,5,6,7,8,9,10,11,12,12,13,14,15,16,17,18,19,20,21,22,23,24,25,26,27,28,29,30,31,32,32,12,33,18,18,18,18,19,19,19,19,18,19,19,19,18,18,18,18,18,19,19,19,19,18,34,18,18,35,36,18,18,18,18,18,19,18,37,38,18,18,18,18,18,18,18,39,40,41,42,43,18,18,18,18,44,45,46,18,18,18,47,18,18,18,18,18,18,18,18,18,18,48,49,18,18,18,18,32,50,51,32,32,32,32,32,52,53,54,55,56,57,58,59","0.000380039215087891","louvain","edit-xhwikibooks.graphml"
"0.47","0.49","0.04","0.509182190513939","1,1,1,2,3,4,5,6,7,8,9,10,11,12,12,13,14,15,16,17,18,1,19,20,21,22,23,24,25,26,27,28,29,30,31,31,12,32,18,18,18,18,33,34,35,36,18,37,38,39,18,18,18,18,18,40,41,42,43,18,44,18,18,45,46,18,18,18,18,18,47,18,48,49,18,18,18,18,18,18,18,50,51,52,53,54,18,18,18,18,55,56,57,18,18,18,58,18,18,18,18,18,18,18,18,18,18,59,60,18,18,18,18,31,61,62,31,31,31,31,31,63,64,65,66,67,68,69,70","0.000367164611816406","louvain","edit-xhwikibooks.graphml"
"0.46","0.5","0.04","0.651946373094806","1,1,1,2,3,4,5,6,7,8,9,10,11,11,11,12,13,14,15,16,17,1,18,6,19,19,19,20,21,22,23,24,25,26,27,27,11,28,17,17,17,17,29,30,31,32,17,33,34,35,17,17,17,17,17,36,37,38,39,17,40,17,17,41,42,17,17,17,17,17,43,17,44,45,17,17,17,17,17,17,17,46,47,48,49,50,17,17,17,17,51,52,53,17,17,17,54,17,17,17,17,17,17,17,17,17,17,55,56,17,17,17,17,27,57,58,27,27,27,27,27,59,60,61,62,63,64,65,66","0.000378847122192383","louvain","edit-xhwikibooks.graphml"
"0.45","0.51","0.04","0.651946373094806","1,1,1,2,3,4,5,6,7,8,9,10,11,11,11,12,13,14,15,16,17,1,18,6,19,19,19,20,21,22,23,24,25,26,27,27,11,28,17,17,17,17,29,30,31,32,17,33,34,35,17,17,17,17,17,36,37,38,39,17,40,17,17,41,42,17,17,17,17,17,43,17,44,45,17,17,17,17,17,17,17,46,47,48,49,50,17,17,17,17,51,52,53,17,17,17,54,17,17,17,17,17,17,17,17,17,17,55,56,17,17,17,17,27,57,58,27,27,27,27,27,59,60,61,62,63,64,65,66","0.000391006469726562","louvain","edit-xhwikibooks.graphml"
"0.44","0.52","0.04","0.651946373094806","1,1,1,2,3,4,5,6,7,8,9,10,11,11,11,12,13,14,15,16,17,1,18,6,19,19,19,20,21,22,23,24,25,26,27,27,11,28,17,17,17,17,29,30,31,32,17,33,34,35,17,17,17,17,17,36,37,38,39,17,40,17,17,41,42,17,17,17,17,17,43,17,44,45,17,17,17,17,17,17,17,46,47,48,49,50,17,17,17,17,51,52,53,17,17,17,54,17,17,17,17,17,17,17,17,17,17,55,56,17,17,17,17,27,57,58,27,27,27,27,27,59,60,61,62,63,64,65,66","0.000411033630371094","louvain","edit-xhwikibooks.graphml"
"0.43","0.53","0.04","0.650082644628099","1,1,1,2,3,4,5,6,7,8,9,10,11,11,11,12,13,14,15,16,17,1,18,6,19,19,19,20,21,22,23,24,25,26,27,27,11,28,17,17,17,17,29,30,31,32,17,33,34,35,17,17,17,17,17,36,37,38,39,17,40,17,17,41,42,17,17,17,17,17,43,17,44,45,17,17,17,17,17,17,17,46,47,48,49,50,17,17,17,17,51,52,53,17,17,17,54,17,17,17,17,17,17,17,17,17,17,55,56,17,17,17,17,27,57,58,27,27,27,27,27,59,60,61,62,63,64,65,66","0.000427961349487305","louvain","edit-xhwikibooks.graphml"
"0.42","0.54","0.04","0.652566491267583","1,1,1,2,3,4,5,6,7,8,9,10,11,11,11,12,13,14,15,16,17,1,18,6,19,19,19,20,21,22,23,24,25,26,27,27,11,28,17,17,17,17,29,30,31,32,17,33,34,35,17,17,17,17,17,36,37,38,39,17,40,17,17,41,42,17,17,17,17,17,43,17,44,45,17,17,17,17,17,17,17,46,47,48,49,50,17,17,17,17,51,52,53,17,17,17,54,17,17,17,17,17,17,17,17,17,17,55,56,17,17,17,17,27,57,58,27,27,27,27,27,59,60,61,62,63,64,65,66","0.000414133071899414","louvain","edit-xhwikibooks.graphml"
"0.41","0.55","0.04","0.651448746043341","1,1,1,2,3,4,5,6,7,8,9,10,11,11,11,12,13,14,15,16,17,1,18,6,19,19,19,20,21,22,23,24,25,26,27,27,11,28,17,17,17,17,29,30,31,32,17,33,34,35,17,17,17,17,17,36,37,38,39,17,40,17,17,41,42,17,17,17,17,17,43,17,44,45,17,17,17,17,17,17,17,46,47,48,49,50,17,17,17,17,51,52,53,17,17,17,54,17,17,17,17,17,17,17,17,17,17,55,56,57,17,17,17,27,58,59,27,27,27,27,27,60,61,62,63,64,65,66,67","0.000416040420532227","louvain","edit-xhwikibooks.graphml"
"0.4","0.56","0.04","0.654815051020408","1,1,1,2,3,4,5,6,7,8,9,10,11,11,11,12,13,14,15,16,17,1,18,6,19,19,19,20,21,22,23,24,25,26,27,27,11,28,17,17,17,17,29,30,31,32,17,33,34,35,17,17,17,17,17,36,37,38,39,17,40,17,17,41,42,17,17,17,17,17,43,17,44,45,17,17,17,17,17,17,17,46,47,48,49,50,17,17,17,17,51,52,53,17,17,17,54,17,17,17,17,17,17,17,17,17,17,55,56,17,17,17,17,27,57,58,27,27,27,27,27,59,60,61,62,63,64,65,66","0.000386953353881836","louvain","edit-xhwikibooks.graphml"
"0.39","0.57","0.04","0.652470330780237","1,1,1,2,3,4,5,6,7,8,9,10,11,11,11,12,13,14,15,16,17,1,18,6,19,19,19,20,21,22,23,24,25,26,27,27,28,29,17,17,17,17,30,31,32,33,17,34,35,36,17,17,17,17,17,37,38,39,40,17,41,17,17,42,43,17,17,17,17,17,44,17,45,46,17,17,17,17,17,17,17,47,48,49,50,51,17,17,17,17,52,53,54,17,17,17,55,17,17,17,17,17,17,17,17,17,17,56,57,58,17,17,17,59,60,61,59,59,59,59,59,62,63,64,65,66,67,68,69","0.00038599967956543","louvain","edit-xhwikibooks.graphml"
"0.38","0.58","0.04","0.656859504132231","1,1,1,2,3,4,5,6,7,8,9,10,11,11,11,12,13,14,15,16,17,1,18,6,19,19,19,20,21,22,23,24,25,26,27,27,28,29,17,17,17,17,30,31,32,33,17,34,35,36,17,17,17,17,17,37,38,39,40,17,41,17,17,42,43,17,17,17,17,17,44,17,45,46,17,17,17,17,17,17,17,47,48,49,50,51,17,17,17,17,52,53,54,17,17,17,55,17,17,17,17,17,17,17,17,17,17,56,57,17,17,17,17,58,59,60,58,58,58,58,58,61,62,63,64,65,66,67,68","0.000390052795410156","louvain","edit-xhwikibooks.graphml"
"0.37","0.59","0.04","0.654859646608382","1,1,1,2,3,4,5,6,7,8,9,10,11,11,11,12,13,14,15,16,17,1,18,6,19,19,19,20,21,22,23,24,25,26,27,27,28,29,17,17,17,17,30,31,32,33,17,34,35,36,17,17,17,17,17,37,38,39,40,17,41,17,17,42,43,17,17,17,17,17,44,17,45,46,17,17,17,17,17,17,17,47,48,49,50,51,17,17,17,17,52,53,54,17,17,17,55,17,17,17,17,17,17,17,17,17,17,56,57,17,17,17,17,58,59,60,58,58,58,58,58,61,62,63,64,65,66,67,68","0.000385046005249023","louvain","edit-xhwikibooks.graphml"
"0.36","0.6","0.04","0.662786989795919","1,1,1,2,3,4,5,6,7,8,9,10,11,11,11,12,13,14,15,16,17,1,18,6,19,19,19,20,21,22,23,24,25,26,27,27,28,29,17,17,17,17,30,31,32,33,17,34,35,36,17,17,17,17,17,37,38,39,40,17,41,17,17,42,43,17,17,17,17,17,44,17,45,46,17,17,17,17,17,17,17,47,48,49,50,51,17,17,17,17,52,53,54,17,17,17,55,17,17,17,17,17,17,17,17,17,17,56,57,17,17,17,17,58,59,60,58,58,58,58,58,61,62,63,64,65,66,67,68","0.000397920608520508","louvain","edit-xhwikibooks.graphml"
"0.35","0.61","0.04","0.660819753086419","1,1,1,2,3,4,5,6,7,8,9,10,11,11,11,12,13,14,15,16,17,1,18,6,19,19,19,20,21,22,23,24,25,26,27,27,28,29,17,17,17,17,30,31,32,33,17,34,35,36,17,17,17,17,17,37,38,39,40,17,41,17,17,42,43,17,17,17,17,17,44,17,45,46,17,17,17,17,17,17,17,47,48,49,50,51,17,17,17,17,52,53,54,17,17,17,55,17,17,17,17,17,17,17,17,17,17,56,57,17,17,17,17,58,59,60,58,58,58,58,58,61,62,63,64,65,66,67,68","0.000454902648925781","louvain","edit-xhwikibooks.graphml"
"0.34","0.62","0.04","0.663090296812593","1,1,1,2,3,4,5,6,7,8,9,10,11,11,11,12,13,14,15,16,17,1,18,6,19,19,19,20,21,22,23,24,25,26,27,27,28,29,17,17,17,17,30,31,32,33,17,34,35,36,17,17,17,17,17,37,38,39,40,17,41,17,17,42,43,17,17,17,17,17,44,17,45,46,17,17,17,17,17,17,17,47,48,49,50,51,17,17,17,17,52,53,54,17,17,17,55,17,17,17,17,17,17,17,17,17,17,56,57,17,17,17,17,58,59,60,58,58,58,58,58,61,62,63,64,65,66,67,68","0.00038909912109375","louvain","edit-xhwikibooks.graphml"
"0.33","0.63","0.04","0.661142269401696","1,1,1,2,3,4,5,6,7,8,9,10,11,11,11,12,13,14,15,16,17,1,18,6,19,19,19,20,21,22,23,24,25,26,27,27,28,29,17,17,17,17,30,31,32,33,17,34,35,36,17,17,17,17,17,37,38,39,40,17,41,17,17,42,43,17,17,17,17,17,44,17,45,46,17,17,17,17,17,17,17,47,48,49,50,51,17,17,17,17,52,53,54,17,17,17,55,17,17,17,17,17,17,17,17,17,17,56,57,17,17,17,17,58,59,60,58,58,58,58,58,61,62,63,64,65,66,67,68","0.000387907028198242","louvain","edit-xhwikibooks.graphml"
"0.32","0.64","0.04","0.661142269401696","1,1,1,2,3,4,5,6,7,8,9,10,11,11,11,12,13,14,15,16,17,1,18,6,19,19,19,20,21,22,23,24,25,26,27,27,28,29,17,17,17,17,30,31,32,33,17,34,35,36,17,17,17,17,17,37,38,39,40,17,41,17,17,42,43,17,17,17,17,17,44,17,45,46,17,17,17,17,17,17,17,47,48,49,50,51,17,17,17,17,52,53,54,17,17,17,55,17,17,17,17,17,17,17,17,17,17,56,57,17,17,17,17,58,59,60,58,58,58,58,58,61,62,63,64,65,66,67,68","0.000394821166992188","louvain","edit-xhwikibooks.graphml"
"0.31","0.65","0.04","0.659706184866774","1,1,1,2,3,4,5,6,7,8,9,10,11,11,11,12,13,14,15,16,17,18,19,6,20,20,20,21,22,23,24,25,26,27,28,28,29,30,17,17,17,17,31,32,33,34,17,35,36,37,17,17,17,17,17,38,39,40,41,17,42,17,17,43,44,17,17,17,17,17,45,17,46,47,17,17,17,17,17,17,17,48,49,50,51,52,17,17,17,17,53,54,55,17,17,17,56,17,17,17,17,17,17,17,17,17,17,57,58,17,17,17,17,59,60,61,59,59,59,59,59,62,63,64,65,66,67,68,69","0.000378131866455078","louvain","edit-xhwikibooks.graphml"
"0.3","0.66","0.04","0.662280701754386","1,1,1,2,3,4,5,6,7,8,9,10,11,11,11,12,13,14,15,16,17,18,19,6,20,20,20,21,22,23,24,25,26,27,28,28,29,30,17,17,17,17,31,32,33,34,17,35,36,37,17,17,17,17,17,38,39,40,41,17,42,17,17,43,44,17,17,17,17,17,45,17,46,47,17,17,17,17,17,17,17,48,49,50,51,52,17,17,17,17,53,54,55,17,17,17,56,17,17,17,17,17,17,17,17,17,17,57,58,17,17,17,17,59,60,61,59,59,59,59,59,62,63,64,65,66,67,68,69","0.000380992889404297","louvain","edit-xhwikibooks.graphml"
"0.29","0.67","0.04","0.695049873833596","1,1,1,2,3,4,5,6,7,8,9,10,11,11,11,12,13,14,15,16,17,18,19,6,20,20,20,21,22,23,24,25,26,27,28,28,29,30,17,17,17,17,31,32,33,34,17,35,36,37,17,17,17,17,17,38,39,40,41,17,42,17,17,43,44,17,17,17,17,17,45,17,46,47,17,17,17,17,17,17,17,48,49,50,51,52,17,17,17,17,53,54,55,17,17,17,56,17,17,17,17,17,17,17,17,17,17,57,58,17,17,17,17,59,60,61,59,59,59,59,59,62,63,64,65,66,67,68,69","0.000396966934204102","louvain","edit-xhwikibooks.graphml"
"0.28","0.68","0.04","0.695049873833596","1,1,1,2,3,4,5,6,7,8,9,10,11,11,11,12,13,14,15,16,17,18,19,6,20,20,20,21,22,23,24,25,26,27,28,28,29,30,17,17,17,17,31,32,33,34,17,35,36,37,17,17,17,17,17,38,39,40,41,17,42,17,17,43,44,17,17,17,17,17,45,17,46,47,17,17,17,17,17,17,17,48,49,50,51,52,17,17,17,17,53,54,55,17,17,17,56,17,17,17,17,17,17,17,17,17,17,57,58,17,17,17,17,59,60,61,59,59,59,59,59,62,63,64,65,66,67,68,69","0.000398159027099609","louvain","edit-xhwikibooks.graphml"
"0.27","0.69","0.04","0.693529965063155","1,1,1,2,3,4,5,6,7,8,9,10,11,11,11,12,13,14,15,16,17,18,19,6,20,20,20,21,22,23,24,25,26,27,28,28,29,30,17,17,17,17,31,32,33,34,17,35,36,37,17,17,17,17,17,38,39,40,41,17,42,17,17,43,44,17,17,17,17,17,45,17,46,47,17,17,17,17,17,17,17,48,49,50,51,52,17,17,17,17,53,54,55,17,17,17,56,17,17,17,17,17,17,17,17,17,17,57,58,59,17,17,17,60,61,62,60,60,60,60,60,63,64,65,66,67,68,69,70","0.000405073165893555","louvain","edit-xhwikibooks.graphml"
"0.26","0.7","0.04","0.695376926280717","1,1,1,2,3,4,5,6,7,8,9,10,11,11,11,12,13,14,15,16,17,18,19,6,20,20,20,21,22,23,24,25,26,27,28,28,29,30,17,17,17,17,31,32,33,34,17,35,36,37,17,17,17,17,17,38,39,40,41,17,42,17,17,43,44,17,17,17,17,17,45,17,46,47,17,17,17,17,17,17,17,48,49,50,51,52,17,17,17,17,53,54,55,17,17,17,56,17,17,17,17,17,17,17,17,17,17,57,58,17,17,17,17,59,60,61,59,59,59,59,59,62,63,64,65,66,67,68,69","0.00041508674621582","louvain","edit-xhwikibooks.graphml"
"0.25","0.71","0.04","0.693535593892524","1,1,1,2,3,4,5,6,7,8,9,10,11,11,11,12,13,14,15,16,17,18,19,6,20,20,20,21,22,23,24,25,26,27,28,28,29,30,17,17,17,17,31,32,33,34,17,35,36,37,17,17,17,17,17,38,39,40,41,17,42,17,17,43,44,17,17,17,17,17,45,17,46,47,17,17,17,17,17,17,17,48,49,50,51,52,17,17,17,17,53,54,55,17,17,17,56,17,17,17,17,17,17,17,17,17,17,57,58,17,17,17,17,59,60,61,59,59,59,59,59,62,63,64,65,66,67,68,69","0.000416994094848633","louvain","edit-xhwikibooks.graphml"
"0.24","0.72","0.04","0.697515608740895","1,1,1,2,3,4,5,6,7,8,9,10,11,11,11,12,13,14,15,16,17,18,19,6,20,20,20,21,22,23,24,25,26,27,28,28,29,30,17,17,17,17,31,32,33,34,17,35,36,37,17,17,17,17,17,38,39,40,41,17,42,17,17,43,44,17,17,17,17,17,45,17,46,47,17,17,17,17,17,17,17,48,49,50,51,52,17,17,17,17,53,54,55,17,17,17,56,17,17,17,17,17,17,17,17,17,17,57,58,17,17,17,17,59,60,61,59,59,59,59,59,62,63,64,65,66,67,68,69","0.000427007675170898","louvain","edit-xhwikibooks.graphml"
"0.23","0.73","0.04","0.695988774374607","1,1,1,2,3,4,5,6,7,8,9,10,11,11,11,12,13,14,15,16,17,18,19,6,20,20,20,21,22,23,24,25,26,27,28,28,29,30,17,17,17,17,31,32,33,34,17,35,36,37,17,17,17,17,17,38,39,40,41,17,42,17,17,43,44,17,17,17,17,17,45,17,46,47,17,17,17,17,17,17,17,48,49,50,51,52,17,17,17,17,53,54,55,17,17,17,56,17,17,17,17,17,17,17,17,17,17,57,58,59,17,17,17,60,61,62,60,60,60,60,60,63,64,65,66,67,68,69,70","0.000429153442382812","louvain","edit-xhwikibooks.graphml"
"0.22","0.74","0.04","0.695698456476509","1,1,1,2,3,4,5,6,7,8,9,10,11,11,11,12,13,14,15,16,17,18,19,6,20,20,20,21,22,23,24,25,26,27,28,28,29,30,17,17,17,17,31,32,33,34,17,35,36,37,17,17,17,17,17,38,39,40,41,17,42,17,17,43,44,17,17,17,17,17,45,17,46,47,17,17,17,17,17,17,17,48,49,50,51,52,17,17,17,17,53,54,55,17,17,17,56,17,17,17,17,17,17,17,17,17,17,57,58,17,17,17,17,59,60,61,59,59,59,59,59,62,63,64,65,66,67,68,69","0.000402927398681641","louvain","edit-xhwikibooks.graphml"
"0.21","0.75","0.04","0.700682716492993","1,1,1,2,3,4,5,6,7,8,9,10,11,11,11,12,13,14,15,16,17,18,19,6,20,20,20,21,22,23,24,25,26,27,28,28,29,30,17,17,17,17,31,32,33,34,17,35,36,37,17,17,17,17,17,38,39,40,41,17,42,17,17,43,44,17,17,17,17,17,45,17,46,47,17,17,17,17,17,17,17,48,49,50,51,52,17,17,17,17,53,54,55,17,17,17,56,17,17,17,17,17,17,17,17,17,17,57,58,59,17,17,17,60,61,62,60,60,60,60,60,63,64,65,66,67,68,69,70","0.000429868698120117","louvain","edit-xhwikibooks.graphml"
"0.2","0.76","0.04","0.700463997250386","1,1,1,2,3,4,5,6,7,8,9,10,11,11,11,12,13,14,15,16,17,18,19,6,20,20,20,21,22,23,24,25,26,27,28,28,29,30,17,17,17,17,31,32,33,34,17,35,36,37,17,17,17,17,17,38,39,40,41,17,42,17,17,43,44,17,17,17,17,17,45,17,46,47,17,17,17,17,17,17,17,48,49,50,51,52,17,17,17,17,53,54,55,17,17,17,56,17,17,17,17,17,17,17,17,17,17,57,58,17,17,17,17,59,60,61,59,59,59,59,59,62,63,64,65,66,67,68,69","0.000421047210693359","louvain","edit-xhwikibooks.graphml"
"0.19","0.77","0.04","0.70249240498481","1,1,1,2,3,4,5,6,7,8,9,10,11,11,11,12,13,14,15,16,17,18,19,6,20,20,20,21,22,23,24,25,26,27,28,28,29,30,17,17,17,17,31,32,33,34,17,35,36,37,17,17,17,17,17,38,39,40,41,17,42,17,17,43,44,17,17,17,17,17,45,17,46,47,17,17,17,17,17,17,17,48,49,50,51,52,17,17,17,17,53,54,55,17,17,17,56,17,17,17,17,17,17,17,17,17,17,57,58,17,17,17,17,59,60,61,59,59,59,59,59,62,63,64,65,66,67,68,69","0.000416994094848633","louvain","edit-xhwikibooks.graphml"
"0.18","0.78","0.04","0.704628381958849","1,1,1,2,3,4,5,6,7,8,9,10,11,11,11,12,13,14,15,16,17,18,19,6,20,20,20,21,22,23,24,25,26,27,28,28,29,30,17,17,17,17,31,32,33,34,17,35,36,37,17,17,17,17,17,38,39,40,41,17,42,17,17,43,44,17,17,17,17,17,45,17,46,47,17,17,17,17,17,17,17,48,49,50,51,52,17,17,17,17,53,54,55,17,17,17,56,17,17,17,17,17,17,17,17,17,17,57,58,17,17,17,17,59,60,61,59,59,59,59,59,62,63,64,65,66,67,68,69","0.000432968139648438","louvain","edit-xhwikibooks.graphml"
"0.17","0.79","0.04","0.704628381958849","1,1,1,2,3,4,5,6,7,8,9,10,11,11,11,12,13,14,15,16,17,18,19,6,20,20,20,21,22,23,24,25,26,27,28,28,29,30,17,17,17,17,31,32,33,34,17,35,36,37,17,17,17,17,17,38,39,40,41,17,42,17,17,43,44,17,17,17,17,17,45,17,46,47,17,17,17,17,17,17,17,48,49,50,51,52,17,17,17,17,53,54,55,17,17,17,56,17,17,17,17,17,17,17,17,17,17,57,58,17,17,17,17,59,60,61,59,59,59,59,59,62,63,64,65,66,67,68,69","0.000481843948364258","louvain","edit-xhwikibooks.graphml"
"0.16","0.8","0.04","0.708768221253358","1,1,1,2,3,4,5,6,7,8,9,10,11,11,11,12,13,14,15,16,17,18,19,6,20,20,20,21,22,23,24,25,26,27,28,28,29,30,17,17,17,17,31,32,33,34,17,35,36,37,17,17,17,17,17,38,39,40,41,17,42,17,17,43,44,17,17,17,17,17,45,17,46,47,17,17,17,17,17,17,17,48,49,50,51,52,17,17,17,17,53,54,55,17,17,17,56,17,17,17,17,17,17,17,17,17,17,57,58,17,17,17,17,59,60,61,59,59,59,59,59,62,63,64,65,66,67,68,69","0.000497817993164062","louvain","edit-xhwikibooks.graphml"
"0.15","0.81","0.04","0.708768221253358","1,1,1,2,3,4,5,6,7,8,9,10,11,11,11,12,13,14,15,16,17,18,19,6,20,20,20,21,22,23,24,25,26,27,28,28,29,30,17,17,17,17,31,32,33,34,17,35,36,37,17,17,17,17,17,38,39,40,41,17,42,17,17,43,44,17,17,17,17,17,45,17,46,47,17,17,17,17,17,17,17,48,49,50,51,52,17,17,17,17,53,54,55,17,17,17,56,17,17,17,17,17,17,17,17,17,17,57,58,17,17,17,17,59,60,61,59,59,59,59,59,62,63,64,65,66,67,68,69","0.000396966934204102","louvain","edit-xhwikibooks.graphml"
"0.14","0.82","0.04","0.707039216828856","1,1,1,2,3,4,5,6,7,8,9,10,11,11,11,12,13,14,15,16,17,18,19,6,20,20,20,21,22,23,24,25,26,27,28,28,29,30,17,17,17,17,31,32,33,34,17,35,36,37,17,17,17,17,17,38,39,40,41,17,42,17,17,43,44,17,17,17,17,17,45,17,46,47,17,17,17,17,17,17,17,48,49,50,51,52,17,17,17,17,53,54,55,17,17,17,56,17,17,17,17,17,17,17,17,17,17,57,58,17,17,17,17,59,60,61,59,59,59,59,59,62,63,64,65,66,67,68,69","0.00041508674621582","louvain","edit-xhwikibooks.graphml"
"0.13","0.83","0.04","0.707039216828856","1,1,1,2,3,4,5,6,7,8,9,10,11,11,11,12,13,14,15,16,17,18,19,6,20,20,20,21,22,23,24,25,26,27,28,28,29,30,17,17,17,17,31,32,33,34,17,35,36,37,17,17,17,17,17,38,39,40,41,17,42,17,17,43,44,17,17,17,17,17,45,17,46,47,17,17,17,17,17,17,17,48,49,50,51,52,17,17,17,17,53,54,55,17,17,17,56,17,17,17,17,17,17,17,17,17,17,57,58,17,17,17,17,59,60,61,59,59,59,59,59,62,63,64,65,66,67,68,69","0.000427961349487305","louvain","edit-xhwikibooks.graphml"
"0.12","0.84","0.04","0.707042011019284","1,1,1,2,3,4,5,6,7,8,9,10,11,11,11,12,13,14,15,16,17,18,19,6,20,20,20,21,22,23,24,25,26,27,28,28,29,30,17,17,17,17,31,32,33,34,17,35,36,37,17,17,17,17,17,38,39,40,41,17,42,17,17,43,44,17,17,17,17,17,45,17,46,47,17,17,17,17,17,17,17,48,49,50,51,52,17,17,17,17,53,54,55,17,17,17,56,17,17,17,17,17,17,17,17,17,17,57,58,17,17,17,17,59,60,61,59,59,59,59,59,62,63,64,65,66,67,68,69","0.000446081161499023","louvain","edit-xhwikibooks.graphml"
"0.11","0.85","0.04","0.708921324314703","1,1,1,2,3,4,5,6,7,8,9,10,11,11,11,12,13,14,15,16,17,18,19,6,20,20,20,21,22,23,24,25,26,27,28,28,29,30,17,17,17,17,31,32,33,34,17,35,36,37,17,17,17,17,17,38,39,40,41,17,42,17,17,43,44,17,17,17,17,17,45,17,46,47,17,17,17,17,17,17,17,48,49,50,51,52,17,17,17,17,53,54,55,17,17,17,56,17,17,17,17,17,17,17,17,17,17,57,58,17,17,17,17,59,60,61,59,59,59,59,59,62,63,64,65,66,67,68,69","0.0004119873046875","louvain","edit-xhwikibooks.graphml"
"0.1","0.86","0.04","0.710625974604589","1,1,1,2,3,4,5,6,7,8,9,10,11,11,11,12,13,14,15,16,17,18,19,6,20,20,20,21,22,23,24,25,26,27,28,28,29,30,17,17,17,17,31,32,33,34,17,35,36,37,17,17,17,17,17,38,39,40,41,17,42,17,17,43,44,17,17,17,17,17,45,17,46,47,17,17,17,17,17,17,17,48,49,50,51,52,17,17,17,17,53,54,55,17,17,17,56,17,17,17,17,17,17,17,17,17,17,57,58,17,17,17,17,59,60,61,59,59,59,59,59,62,63,64,65,66,67,68,69","0.000422954559326172","louvain","edit-xhwikibooks.graphml"
"0.09","0.87","0.04","0.710625974604589","1,1,1,2,3,4,5,6,7,8,9,10,11,11,11,12,13,14,15,16,17,18,19,6,20,20,20,21,22,23,24,25,26,27,28,28,29,30,17,17,17,17,31,32,33,34,17,35,36,37,17,17,17,17,17,38,39,40,41,17,42,17,17,43,44,17,17,17,17,17,45,17,46,47,17,17,17,17,17,17,17,48,49,50,51,52,17,17,17,17,53,54,55,17,17,17,56,17,17,17,17,17,17,17,17,17,17,57,58,17,17,17,17,59,60,61,59,59,59,59,59,62,63,64,65,66,67,68,69","0.000410795211791992","louvain","edit-xhwikibooks.graphml"
"0.08","0.88","0.04","0.708945426403726","1,1,1,2,3,4,5,6,7,8,9,10,11,11,11,12,13,14,15,16,17,18,19,6,20,20,20,21,22,23,24,25,26,27,28,28,29,30,17,17,17,17,31,32,33,34,17,35,36,37,17,17,17,17,17,38,39,40,41,17,42,17,17,43,44,17,17,17,17,17,45,17,46,47,17,17,17,17,17,17,17,48,49,50,51,52,17,17,17,17,53,54,55,17,17,17,56,17,17,17,17,17,17,17,17,17,17,57,58,17,17,17,17,59,60,61,59,59,59,59,59,62,63,64,65,66,67,68,69","0.000394105911254883","louvain","edit-xhwikibooks.graphml"
"0.07","0.89","0.04","0.793679012345679","1,1,1,2,3,4,5,6,7,8,9,10,11,11,11,12,13,14,15,16,17,18,19,6,20,20,20,21,22,23,24,25,26,27,28,28,29,30,17,17,17,17,31,32,33,34,17,35,36,37,17,17,17,17,17,38,39,40,41,17,42,17,17,43,44,17,17,17,17,17,45,17,46,47,17,17,17,17,17,17,17,48,49,50,51,52,17,17,17,17,53,54,55,17,17,17,56,17,17,17,17,17,17,17,17,17,17,57,58,17,17,17,17,59,60,61,59,59,59,59,59,62,63,64,65,66,67,68,69","0.000425100326538086","louvain","edit-xhwikibooks.graphml"
"0.06","0.9","0.04","0.791839611559245","1,1,1,2,3,4,5,6,7,8,9,10,11,11,11,12,13,14,15,16,17,18,19,6,20,20,20,21,22,23,24,25,26,27,28,28,29,30,17,17,17,17,31,32,33,34,17,35,36,37,17,17,17,17,17,38,39,40,41,17,42,17,17,43,44,17,17,17,17,17,45,17,46,47,17,17,17,17,17,17,17,48,49,50,51,52,17,17,17,17,53,54,55,17,17,17,56,17,17,17,17,17,17,17,17,17,17,57,58,17,17,17,17,59,60,61,59,59,59,59,59,62,63,64,65,66,67,68,69","0.00040888786315918","louvain","edit-xhwikibooks.graphml"
"0.05","0.91","0.04","0.791839611559245","1,1,1,2,3,4,5,6,7,8,9,10,11,11,11,12,13,14,15,16,17,18,19,6,20,20,20,21,22,23,24,25,26,27,28,28,29,30,17,17,17,17,31,32,33,34,17,35,36,37,17,17,17,17,17,38,39,40,41,17,42,17,17,43,44,17,17,17,17,17,45,17,46,47,17,17,17,17,17,17,17,48,49,50,51,52,17,17,17,17,53,54,55,17,17,17,56,17,17,17,17,17,17,17,17,17,17,57,58,17,17,17,17,59,60,61,59,59,59,59,59,62,63,64,65,66,67,68,69","0.000409841537475586","louvain","edit-xhwikibooks.graphml"
"0.04","0.92","0.04","0.791358879655278","1,1,1,2,3,4,5,6,7,8,9,10,11,11,11,12,13,14,15,16,17,18,19,6,20,20,20,21,22,23,24,25,26,27,28,28,29,30,17,17,17,17,31,32,33,34,17,35,36,37,17,17,17,17,17,38,39,40,41,17,42,17,17,43,44,17,17,17,17,17,45,17,46,47,17,17,17,17,17,17,17,48,49,50,51,52,17,17,17,17,53,54,55,17,17,17,56,17,17,17,17,17,17,17,17,17,17,57,58,17,17,17,17,59,60,61,59,59,59,59,59,62,63,64,65,66,67,68,69","0.000425100326538086","louvain","edit-xhwikibooks.graphml"
"0.03","0.93","0.04","0.794513696522007","1,1,1,2,3,4,5,6,7,8,9,10,11,11,11,12,13,14,15,16,17,18,19,6,20,20,20,21,22,23,24,25,26,27,28,28,29,30,17,17,17,17,31,32,33,34,17,35,36,37,17,17,17,17,17,38,39,40,41,17,42,17,17,43,44,17,17,17,17,17,45,17,46,47,17,17,17,17,17,17,17,48,49,50,51,52,17,17,17,17,53,54,55,17,17,17,56,17,17,17,17,17,17,17,17,17,17,57,58,17,17,17,17,59,60,61,59,59,59,59,59,62,63,64,65,66,67,68,69","0.000420808792114258","louvain","edit-xhwikibooks.graphml"
"0.02","0.94","0.04","0.792700368032647","1,1,1,2,3,4,5,6,7,8,9,10,11,11,11,12,13,14,15,16,17,18,19,6,20,20,20,21,22,23,24,25,26,27,28,28,29,30,17,17,17,17,31,32,33,34,17,35,36,37,17,17,17,17,17,38,39,40,41,17,42,17,17,43,44,17,17,17,17,17,45,17,46,47,17,17,17,17,17,17,17,48,49,50,51,52,17,17,17,17,53,54,55,17,17,17,56,17,17,17,17,17,17,17,17,17,17,57,58,17,17,17,17,59,60,61,59,59,59,59,59,62,63,64,65,66,67,68,69","0.000438928604125977","louvain","edit-xhwikibooks.graphml"
"0.01","0.95","0.04","0.793625216910433","1,1,1,2,3,4,5,6,7,8,9,10,11,11,11,12,13,14,15,16,17,18,19,6,20,20,20,21,22,23,24,25,26,27,28,28,29,30,17,17,17,17,31,32,33,34,17,35,36,37,17,17,17,17,17,38,39,40,41,17,42,17,17,43,44,17,17,17,17,17,45,17,46,47,17,17,17,17,17,17,17,48,49,50,51,52,17,17,17,17,53,54,55,17,17,17,56,17,17,17,17,17,17,17,17,17,17,57,58,59,17,17,17,60,61,62,60,60,60,60,60,63,64,65,66,67,68,69,70","0.000435113906860352","louvain","edit-xhwikibooks.graphml"
"0","0.96","0.04","0.778356388755363","1,1,1,1,1,2,3,4,5,6,7,8,9,9,9,10,11,12,13,14,15,1,16,4,17,17,17,18,1,19,20,21,22,23,24,24,25,26,15,15,15,15,27,28,29,30,15,31,32,33,15,15,15,15,15,34,35,36,37,15,38,15,15,39,40,15,15,15,15,15,41,15,42,43,15,15,15,15,15,15,15,44,45,46,47,48,15,15,15,15,49,50,51,15,15,15,52,15,15,15,15,15,15,15,15,15,15,53,54,15,15,15,15,55,56,57,55,55,55,55,55,58,59,60,61,62,63,64,65","0.000504016876220703","louvain","edit-xhwikibooks.graphml"
"0.95","0","0.05","0.555377521408606","1,1,1,1,2,3,2,4,3,3,2,2,4,4,4,3,3,2,2,2,5,6,4,4,4,4,4,3,1,3,2,2,2,2,7,7,4,4,5,5,5,5,6,6,6,6,5,6,6,6,5,5,5,5,5,6,6,6,6,5,4,5,5,4,4,5,5,5,5,5,6,5,4,4,5,5,5,5,5,5,5,4,3,3,3,1,5,5,5,5,3,2,2,5,5,5,3,5,5,5,5,5,5,5,5,5,5,2,2,2,5,5,5,7,7,7,7,7,7,7,7,4,4,4,4,4,4,4,4","0.00052189826965332","louvain","edit-xhwikibooks.graphml"
"0.94","0.01","0.05","0.555377521408606","1,1,1,1,2,3,2,4,3,3,2,2,4,4,4,3,3,2,2,2,5,6,4,4,4,4,4,3,1,3,2,2,2,2,7,7,4,4,5,5,5,5,6,6,6,6,5,6,6,6,5,5,5,5,5,6,6,6,6,5,4,5,5,4,4,5,5,5,5,5,6,5,4,4,5,5,5,5,5,5,5,4,3,3,3,1,5,5,5,5,3,2,2,5,5,5,3,5,5,5,5,5,5,5,5,5,5,2,2,2,5,5,5,7,7,7,7,7,7,7,7,4,4,4,4,4,4,4,4","0.000523090362548828","louvain","edit-xhwikibooks.graphml"
"0.93","0.02","0.05","0.555377521408606","1,1,1,1,2,3,2,4,3,3,2,2,4,4,4,3,3,2,2,2,5,6,4,4,4,4,4,3,1,3,2,2,2,2,7,7,4,4,5,5,5,5,6,6,6,6,5,6,6,6,5,5,5,5,5,6,6,6,6,5,4,5,5,4,4,5,5,5,5,5,6,5,4,4,5,5,5,5,5,5,5,4,3,3,3,1,5,5,5,5,3,2,2,5,5,5,3,5,5,5,5,5,5,5,5,5,5,2,2,2,5,5,5,7,7,7,7,7,7,7,7,4,4,4,4,4,4,4,4","0.000543832778930664","louvain","edit-xhwikibooks.graphml"
"0.92","0.03","0.05","0.553871548619448","1,1,1,1,2,1,2,3,1,1,2,2,3,3,3,1,1,2,2,2,4,5,3,3,3,3,3,1,1,1,2,2,2,2,6,6,3,3,4,4,4,4,5,5,5,5,4,5,5,5,4,4,4,4,4,5,5,5,5,4,3,4,4,3,3,4,4,4,4,4,5,4,3,3,4,4,4,4,4,4,4,3,1,1,1,1,4,4,4,4,1,2,2,4,4,4,1,4,4,4,4,4,4,4,4,4,4,2,2,2,4,4,4,6,6,6,6,6,6,6,6,3,3,3,3,3,3,3,3","0.000464916229248047","louvain","edit-xhwikibooks.graphml"
"0.91","0.04","0.05","0.55548690064261","1,1,1,1,2,1,2,1,1,1,2,2,1,1,1,3,1,2,2,2,4,5,1,1,1,1,1,3,1,1,2,2,2,2,6,6,7,1,4,4,4,4,5,5,5,5,4,5,5,5,4,4,4,4,4,5,5,5,5,4,1,4,4,1,1,4,4,4,4,4,5,4,1,1,4,4,4,4,4,4,4,1,3,3,3,1,4,4,4,4,1,2,2,4,4,4,3,4,4,4,4,4,4,4,4,4,4,2,2,2,4,4,4,6,6,6,6,6,6,6,6,7,7,7,7,7,7,7,7","0.000474929809570312","louvain","edit-xhwikibooks.graphml"
"0.9","0.05","0.05","0.554297018609618","1,1,1,1,2,1,2,3,1,1,2,2,3,3,3,1,1,2,2,2,4,5,3,3,3,3,3,1,1,1,2,2,2,2,6,6,7,3,4,4,4,4,5,5,5,5,4,5,5,5,4,4,4,4,4,5,5,5,5,4,3,4,4,3,3,4,4,4,4,4,5,4,3,3,4,4,4,4,4,4,4,3,1,1,1,1,4,4,4,4,1,2,2,4,4,4,1,4,4,4,4,4,4,4,4,4,4,2,2,2,4,4,4,6,6,6,6,6,6,6,6,7,7,7,7,7,7,7,7","0.000472784042358398","louvain","edit-xhwikibooks.graphml"
"0.89","0.06","0.05","0.535603404193148","1,2,1,1,1,3,1,2,3,3,1,1,2,2,2,3,3,1,1,1,4,5,2,2,2,2,2,3,2,3,1,1,1,1,6,6,2,2,4,4,4,4,5,5,5,5,4,5,5,5,4,4,4,4,4,5,5,5,5,4,7,4,4,2,2,4,4,4,4,4,5,4,2,2,4,4,4,4,4,4,4,2,3,3,3,8,4,4,4,4,9,10,11,4,4,4,3,4,4,4,4,4,4,4,4,4,4,1,1,1,4,4,4,6,6,6,6,6,6,6,6,2,2,2,2,2,2,2,2","0.000491857528686523","louvain","edit-xhwikibooks.graphml"
"0.88","0.07","0.05","0.53636034404708","1,2,1,1,1,3,1,4,3,3,1,1,4,4,4,3,3,1,1,1,5,2,4,4,4,4,4,3,2,3,1,1,1,1,6,6,4,4,5,5,5,5,2,2,2,2,5,2,2,2,5,5,5,5,5,2,2,2,2,5,7,5,5,4,4,5,5,5,5,5,2,5,4,4,5,5,5,5,5,5,5,4,3,3,3,8,5,5,5,5,9,10,11,5,5,5,3,5,5,5,5,5,5,5,5,5,5,1,1,1,5,5,5,6,6,6,6,6,6,6,6,4,4,4,4,4,4,4,4","0.000473976135253906","louvain","edit-xhwikibooks.graphml"
"0.87","0.08","0.05","0.537354567652973","1,2,1,1,1,3,1,2,3,3,1,1,2,2,2,3,3,1,1,1,4,5,2,2,2,2,2,3,2,3,1,1,1,1,6,6,2,2,4,4,4,4,5,5,5,5,4,5,5,5,4,4,4,4,4,5,5,5,5,4,7,4,4,2,2,4,4,4,4,4,5,4,2,2,4,4,4,4,4,4,4,2,3,3,3,8,4,4,4,4,9,10,11,4,4,4,3,4,4,4,4,4,4,4,4,4,4,1,1,1,4,4,4,6,6,6,6,6,6,6,6,2,2,2,2,2,2,2,2","0.000551939010620117","louvain","edit-xhwikibooks.graphml"
"0.86","0.09","0.05","0.538223931350033","1,1,1,1,2,1,2,3,1,1,2,2,3,3,3,1,1,2,2,2,4,5,3,3,3,3,3,1,1,1,2,2,2,2,6,6,3,3,4,4,4,4,5,5,5,5,4,5,5,5,4,4,4,4,4,5,5,5,5,4,7,4,4,3,3,4,4,4,4,4,5,4,3,3,4,4,4,4,4,4,4,3,1,1,1,8,4,4,4,4,9,10,11,4,4,4,1,4,4,4,4,4,4,4,4,4,4,2,2,2,4,4,4,6,6,6,6,6,6,6,6,3,3,3,3,3,3,3,3","0.000484943389892578","louvain","edit-xhwikibooks.graphml"
"0.85","0.1","0.05","0.538793640620271","1,1,1,1,2,1,2,1,1,1,2,2,1,3,3,1,1,2,2,2,4,5,1,3,3,3,3,1,1,1,2,2,2,2,6,6,3,3,4,4,4,4,5,5,5,5,4,5,5,5,4,4,4,4,4,5,5,5,5,4,7,4,4,3,3,4,4,4,4,4,5,4,3,3,4,4,4,4,4,4,4,3,1,1,1,8,4,4,4,4,9,10,11,4,4,4,1,4,4,4,4,4,4,4,4,4,4,2,2,2,4,4,4,6,6,6,6,6,6,6,6,3,3,3,3,3,3,3,3","0.000586032867431641","louvain","edit-xhwikibooks.graphml"
"0.84","0.11","0.05","0.511022622345337","1,1,1,1,1,2,1,2,2,2,1,1,2,2,2,3,4,1,1,1,5,6,2,2,2,2,2,3,1,7,8,1,1,1,9,9,2,2,5,5,5,5,6,6,6,6,5,6,6,6,5,5,5,5,5,6,6,6,6,5,10,5,5,11,12,5,5,5,5,5,6,5,2,2,5,5,5,5,5,5,5,13,3,3,3,14,5,5,5,5,15,16,17,5,5,5,18,5,5,5,5,5,5,5,5,5,5,19,20,5,5,5,5,9,9,9,9,9,9,9,9,2,2,2,2,2,2,2,2","0.000478029251098633","louvain","edit-xhwikibooks.graphml"
"0.83","0.12","0.05","0.521474480151229","1,2,1,1,1,3,1,3,3,3,1,1,3,3,3,3,4,1,1,1,5,2,3,3,3,3,3,3,2,6,7,1,1,1,8,8,9,3,5,5,5,5,2,2,2,2,5,2,2,2,5,5,5,5,5,2,2,2,2,5,10,5,5,11,12,5,5,5,5,5,2,5,3,3,5,5,5,5,5,5,5,13,3,3,3,14,5,5,5,5,15,16,17,5,5,5,18,5,5,5,5,5,5,5,5,5,5,19,20,5,5,5,5,8,8,8,8,8,8,8,8,9,9,9,9,9,9,9,9","0.000451087951660156","louvain","edit-xhwikibooks.graphml"
"0.82","0.13","0.05","0.519780363936208","1,1,1,1,1,2,1,2,2,2,1,1,2,2,2,2,3,1,4,1,5,6,2,2,2,2,2,2,1,7,8,4,1,1,4,4,9,2,5,5,5,5,6,6,6,6,5,6,6,6,5,5,5,5,5,6,6,6,6,5,10,5,5,11,12,5,5,5,5,5,6,5,2,2,5,5,5,5,5,5,5,13,2,2,2,14,5,5,5,5,15,16,17,5,5,5,18,5,5,5,5,5,5,5,5,5,5,19,20,5,5,5,5,4,4,4,4,4,4,4,4,9,9,9,9,9,9,9,9","0.000456094741821289","louvain","edit-xhwikibooks.graphml"
"0.81","0.14","0.05","0.515938606847698","1,1,1,1,1,2,1,2,2,2,1,1,2,2,2,3,4,1,5,1,6,7,2,2,2,2,2,3,1,8,9,5,1,1,5,5,2,2,6,6,6,6,7,7,7,7,6,7,7,7,6,6,6,6,6,7,7,7,7,6,10,6,6,11,12,6,6,6,6,6,7,6,2,2,6,6,6,6,6,6,6,13,3,3,3,14,6,6,6,6,15,16,17,6,6,6,18,6,6,6,6,6,6,6,6,6,6,19,20,6,6,6,6,5,5,5,5,5,5,5,5,2,2,2,2,2,2,2,2","0.000449180603027344","louvain","edit-xhwikibooks.graphml"
"0.8","0.15","0.05","0.52465483234714","1,2,1,1,1,3,1,3,3,3,1,1,3,3,3,3,4,1,1,1,5,2,3,3,3,3,3,3,2,6,7,1,1,1,8,8,9,3,5,5,5,5,2,2,2,2,5,2,2,2,5,5,5,5,5,2,2,2,2,5,10,5,5,11,12,5,5,5,5,5,2,5,3,3,5,5,5,5,5,5,5,13,3,3,3,14,5,5,5,5,15,16,17,5,5,5,18,5,5,5,5,5,5,5,5,5,5,19,20,5,5,5,5,8,8,8,8,8,8,8,8,9,9,9,9,9,9,9,9","0.000445127487182617","louvain","edit-xhwikibooks.graphml"
"0.79","0.16","0.05","0.487950697160173","1,1,1,2,3,2,4,2,2,2,4,5,2,2,2,2,6,7,4,8,9,1,10,2,2,2,2,2,1,11,12,13,8,14,4,4,15,2,9,9,9,9,1,1,1,1,9,1,1,1,9,9,9,9,9,1,1,1,1,9,16,9,9,17,18,9,9,9,9,9,1,9,19,20,9,9,9,9,9,9,9,21,22,23,24,25,9,9,9,9,26,27,28,9,9,9,29,9,9,9,9,9,9,9,9,9,9,30,31,9,9,9,9,4,4,4,4,4,4,4,4,15,15,15,15,15,15,15,15","0.000443935394287109","louvain","edit-xhwikibooks.graphml"
"0.78","0.17","0.05","0.490015886102677","1,1,1,2,3,2,4,2,2,2,4,5,2,2,2,2,6,7,4,8,9,1,10,2,2,2,2,2,1,11,12,13,8,14,4,4,15,2,9,9,9,9,1,1,1,1,9,1,1,1,9,9,9,9,9,1,1,1,1,9,16,9,9,17,18,9,9,9,9,9,1,9,19,20,9,9,9,9,9,9,9,21,22,23,24,25,9,9,9,9,26,27,28,9,9,9,29,9,9,9,9,9,9,9,9,9,9,30,31,9,9,9,9,4,4,4,4,4,4,4,4,15,15,15,15,15,15,15,15","0.000437021255493164","louvain","edit-xhwikibooks.graphml"
"0.77","0.18","0.05","0.490015886102677","1,1,1,2,3,2,4,2,2,2,4,5,2,2,2,2,6,7,4,8,9,1,10,2,2,2,2,2,1,11,12,13,8,14,4,4,15,2,9,9,9,9,1,1,1,1,9,1,1,1,9,9,9,9,9,1,1,1,1,9,16,9,9,17,18,9,9,9,9,9,1,9,19,20,9,9,9,9,9,9,9,21,22,23,24,25,9,9,9,9,26,27,28,9,9,9,29,9,9,9,9,9,9,9,9,9,9,30,31,9,9,9,9,4,4,4,4,4,4,4,4,15,15,15,15,15,15,15,15","0.000470161437988281","louvain","edit-xhwikibooks.graphml"
"0.76","0.19","0.05","0.49199012345679","1,1,1,2,3,2,4,2,2,2,4,5,2,2,2,2,6,7,4,8,9,1,10,2,2,2,2,2,1,11,12,13,8,14,4,4,15,2,9,9,9,9,1,1,1,1,9,1,1,1,9,9,9,9,9,1,1,1,1,9,16,9,9,17,18,9,9,9,9,9,1,9,19,20,9,9,9,9,9,9,9,21,22,23,24,25,9,9,9,9,26,27,28,9,9,9,29,9,9,9,9,9,9,9,9,9,9,30,31,9,9,9,9,4,4,4,4,4,4,4,4,15,15,15,15,15,15,15,15","0.000458002090454102","louvain","edit-xhwikibooks.graphml"
"0.75","0.2","0.05","0.499000562789885","1,1,1,2,3,2,4,2,2,2,4,5,2,2,2,2,6,7,4,8,9,1,10,2,2,2,2,2,1,11,12,13,8,14,4,4,15,2,9,9,9,9,1,1,1,1,9,1,1,1,9,9,9,9,9,1,1,1,1,9,16,9,9,17,18,9,9,9,9,9,1,9,19,20,9,9,9,9,9,9,9,21,22,23,24,25,9,9,9,9,26,27,28,9,9,9,29,9,9,9,9,9,9,9,9,9,9,30,31,9,9,9,9,4,4,4,4,4,4,4,4,15,15,15,15,15,15,15,15","0.000458002090454102","louvain","edit-xhwikibooks.graphml"
"0.74","0.21","0.05","0.485846913580247","1,1,1,2,3,2,4,2,2,2,5,6,2,2,2,2,7,8,9,10,11,1,12,2,2,2,2,2,1,13,14,15,16,17,9,9,18,2,11,11,11,11,1,1,1,1,11,1,1,1,11,11,11,11,11,1,1,1,1,11,19,11,11,20,21,11,11,11,11,11,1,11,22,23,11,11,11,11,11,11,11,24,25,26,27,28,11,11,11,11,29,30,31,11,11,11,32,11,11,11,11,11,11,11,11,11,11,33,34,11,11,11,11,9,9,9,9,9,9,9,9,18,18,18,18,18,18,18,18","0.000444889068603516","louvain","edit-xhwikibooks.graphml"
"0.73","0.22","0.05","0.485846913580247","1,1,1,2,3,2,4,2,2,2,5,6,2,2,2,2,7,8,9,10,11,1,12,2,2,2,2,2,1,13,14,15,16,17,9,9,18,2,11,11,11,11,1,1,1,1,11,1,1,1,11,11,11,11,11,1,1,1,1,11,19,11,11,20,21,11,11,11,11,11,1,11,22,23,11,11,11,11,11,11,11,24,25,26,27,28,11,11,11,11,29,30,31,11,11,11,32,11,11,11,11,11,11,11,11,11,11,33,34,11,11,11,11,9,9,9,9,9,9,9,9,18,18,18,18,18,18,18,18","0.00077509880065918","louvain","edit-xhwikibooks.graphml"
"0.72","0.23","0.05","0.491939827639274","1,1,1,2,3,2,4,2,2,2,5,6,2,2,2,2,7,8,9,10,11,1,12,2,2,2,2,2,1,13,14,15,16,17,9,9,18,2,11,11,11,11,1,1,1,1,11,1,1,1,11,11,11,11,11,1,1,1,1,11,19,11,11,20,21,11,11,11,11,11,1,11,22,23,11,11,11,11,11,11,11,24,25,26,27,28,11,11,11,11,29,30,31,11,11,11,32,11,11,11,11,11,11,11,11,11,11,33,34,11,11,11,11,9,9,9,9,9,9,9,9,18,18,18,18,18,18,18,18","0.000545978546142578","louvain","edit-xhwikibooks.graphml"
"0.71","0.24","0.05","0.495461566331687","1,1,1,2,3,2,4,2,2,2,5,6,2,2,2,2,7,8,9,10,11,12,13,2,2,2,2,2,1,14,15,16,17,18,9,9,19,2,11,11,11,11,12,12,12,12,11,12,12,12,11,11,11,11,11,12,12,12,12,11,20,11,11,21,22,11,11,11,11,11,12,11,23,24,11,11,11,11,11,11,11,25,26,27,28,29,11,11,11,11,30,31,32,11,11,11,33,11,11,11,11,11,11,11,11,11,11,34,35,11,11,11,11,9,9,9,9,9,9,9,9,19,19,19,19,19,19,19,19","0.000468969345092773","louvain","edit-xhwikibooks.graphml"
"0.7","0.25","0.05","0.503803717143436","1,1,1,2,3,2,4,2,2,2,5,6,2,2,2,2,7,8,9,10,11,1,12,2,2,2,2,2,1,13,14,15,16,17,9,9,18,2,11,11,11,11,1,1,1,1,11,1,1,1,11,11,11,11,11,1,1,1,1,11,19,11,11,20,21,11,11,11,11,11,1,11,22,23,11,11,11,11,11,11,11,24,25,26,27,28,11,11,11,11,29,30,31,11,11,11,32,11,11,11,11,11,11,11,11,11,11,33,34,11,11,11,11,9,9,9,9,9,9,9,9,18,18,18,18,18,18,18,18","0.000436067581176758","louvain","edit-xhwikibooks.graphml"
"0.69","0.26","0.05","0.484018707912049","1,1,1,2,3,4,5,4,4,6,7,8,4,4,4,4,9,10,11,12,13,1,14,4,4,4,4,15,16,17,18,19,20,21,11,11,22,4,13,13,13,13,1,1,1,1,13,1,1,1,13,13,13,13,13,1,1,1,1,13,23,13,13,24,25,13,13,13,13,13,1,13,26,27,13,13,13,13,13,13,13,28,29,30,31,32,13,13,13,13,33,34,35,13,13,13,36,13,13,13,13,13,13,13,13,13,13,37,38,13,13,13,13,11,11,11,11,11,11,11,11,22,22,22,22,22,22,22,22","0.000439167022705078","louvain","edit-xhwikibooks.graphml"
"0.68","0.27","0.05","0.485153990956549","1,1,1,2,3,1,4,1,5,6,7,8,1,5,5,1,9,10,11,12,13,14,15,5,5,5,5,16,17,18,19,20,21,22,11,11,23,5,13,13,13,13,14,14,14,14,13,14,14,14,13,13,13,13,13,14,14,14,14,13,24,13,13,25,26,13,13,13,13,13,14,13,27,28,13,13,13,13,13,13,13,29,30,31,32,33,13,13,13,13,34,35,36,13,13,13,37,13,13,13,13,13,13,13,13,13,13,38,39,13,13,13,13,11,11,11,11,11,11,11,11,23,23,23,23,23,23,23,23","0.000423908233642578","louvain","edit-xhwikibooks.graphml"
"0.67","0.28","0.05","0.482456140350877","1,1,1,2,3,4,5,4,4,6,7,8,4,4,4,4,9,10,11,12,13,1,14,4,4,4,4,15,16,17,18,19,20,21,11,11,22,4,13,13,13,13,1,1,1,1,13,1,1,1,13,13,13,13,13,1,1,1,1,13,23,13,13,24,25,13,13,13,13,13,1,13,26,27,13,13,13,13,13,13,13,28,29,30,31,32,13,13,13,13,33,34,35,13,13,13,36,13,13,13,13,13,13,13,13,13,13,37,38,13,13,13,13,11,11,11,11,11,11,11,11,22,22,22,22,22,22,22,22","0.000426054000854492","louvain","edit-xhwikibooks.graphml"
"0.66","0.29","0.05","0.490954631379962","1,1,1,2,3,1,4,1,5,6,7,8,1,5,5,1,9,10,11,12,13,14,15,5,5,5,5,16,17,18,19,20,21,22,11,11,23,5,13,13,13,13,14,14,14,14,13,14,14,14,13,13,13,13,13,14,14,14,14,13,24,13,13,25,26,13,13,13,13,13,14,13,27,28,13,13,13,13,13,13,13,29,30,31,32,33,13,13,13,13,34,35,36,13,13,13,37,13,13,13,13,13,13,13,13,13,13,38,39,13,13,13,13,11,11,11,11,11,11,11,11,23,23,23,23,23,23,23,23","0.000514030456542969","louvain","edit-xhwikibooks.graphml"
"0.65","0.3","0.05","0.489374262101535","1,1,1,2,3,1,4,1,5,6,7,8,1,5,5,1,9,10,11,12,13,14,15,5,5,5,5,16,17,18,19,20,21,22,11,11,23,5,13,13,13,13,14,14,14,14,13,14,14,14,13,13,13,13,13,14,14,14,14,13,24,13,13,25,26,13,13,13,13,13,14,13,27,28,13,13,13,13,13,13,13,29,30,31,32,33,13,13,13,13,34,35,36,13,13,13,37,13,13,13,13,13,13,13,13,13,13,38,39,13,13,13,13,11,11,11,11,11,11,11,11,23,23,23,23,23,23,23,23","0.000442981719970703","louvain","edit-xhwikibooks.graphml"
"0.64","0.31","0.05","0.481483953395244","1,1,1,2,3,1,4,1,5,6,7,8,9,5,5,10,11,12,13,14,15,16,17,5,5,5,5,18,19,20,21,22,23,24,13,13,25,26,15,15,15,15,16,16,16,16,15,16,16,16,15,15,15,15,15,16,16,16,16,15,27,15,15,28,29,15,15,15,15,15,16,15,30,31,15,15,15,15,15,15,15,32,33,34,35,36,15,15,15,15,37,38,39,15,15,15,40,15,15,15,15,15,15,15,15,15,15,41,42,15,15,15,15,13,13,13,13,13,13,13,13,25,25,25,25,25,25,25,25","0.000422000885009766","louvain","edit-xhwikibooks.graphml"
"0.63","0.32","0.05","0.483864620228257","1,1,1,2,3,1,4,1,5,6,7,8,9,5,5,10,11,12,13,14,15,16,17,5,5,5,5,18,19,20,21,22,23,24,13,13,25,26,15,15,15,15,16,16,16,16,15,16,16,16,15,15,15,15,15,16,16,16,16,15,27,15,15,28,29,15,15,15,15,15,16,15,30,31,15,15,15,15,15,15,15,32,33,34,35,36,15,15,15,15,37,38,39,15,15,15,40,15,15,15,15,15,15,15,15,15,15,41,42,15,15,15,15,13,13,13,13,13,13,13,13,25,25,25,25,25,25,25,25","0.000438213348388672","louvain","edit-xhwikibooks.graphml"
"0.62","0.33","0.05","0.483864620228257","1,1,1,2,3,1,4,1,5,6,7,8,9,5,5,10,11,12,13,14,15,16,17,5,5,5,5,18,19,20,21,22,23,24,13,13,25,26,15,15,15,15,16,16,16,16,15,16,16,16,15,15,15,15,15,16,16,16,16,15,27,15,15,28,29,15,15,15,15,15,16,15,30,31,15,15,15,15,15,15,15,32,33,34,35,36,15,15,15,15,37,38,39,15,15,15,40,15,15,15,15,15,15,15,15,15,15,41,42,15,15,15,15,13,13,13,13,13,13,13,13,25,25,25,25,25,25,25,25","0.000449895858764648","louvain","edit-xhwikibooks.graphml"
"0.61","0.34","0.05","0.533239143367043","1,1,1,2,3,1,4,1,5,6,7,8,9,5,5,10,11,12,13,14,15,16,17,5,5,5,5,18,19,20,21,22,23,24,13,13,25,26,15,15,15,15,16,16,16,16,15,16,16,16,15,15,15,15,15,16,16,16,16,15,27,15,15,28,29,15,15,15,15,15,16,15,30,31,15,15,15,15,15,15,15,32,33,34,35,36,15,15,15,15,37,38,39,15,15,15,40,15,15,15,15,15,15,15,15,15,15,41,42,15,15,15,15,13,13,13,13,13,13,13,13,25,25,25,25,25,25,25,25","0.000463008880615234","louvain","edit-xhwikibooks.graphml"
"0.6","0.35","0.05","0.533239143367043","1,1,1,2,3,1,4,1,5,6,7,8,9,5,5,10,11,12,13,14,15,16,17,5,5,5,5,18,19,20,21,22,23,24,13,13,25,26,15,15,15,15,16,16,16,16,15,16,16,16,15,15,15,15,15,16,16,16,16,15,27,15,15,28,29,15,15,15,15,15,16,15,30,31,15,15,15,15,15,15,15,32,33,34,35,36,15,15,15,15,37,38,39,15,15,15,40,15,15,15,15,15,15,15,15,15,15,41,42,15,15,15,15,13,13,13,13,13,13,13,13,25,25,25,25,25,25,25,25","0.00047612190246582","louvain","edit-xhwikibooks.graphml"
"0.59","0.36","0.05","0.604859697492849","1,1,1,2,3,4,5,6,7,8,9,10,11,6,6,12,13,14,15,16,17,18,19,20,6,6,6,21,22,23,24,25,26,27,15,15,28,29,17,17,17,17,18,18,18,18,17,18,18,18,17,17,17,17,17,18,18,18,18,17,30,17,17,31,32,17,17,17,17,17,18,17,33,34,17,17,17,17,17,17,17,35,36,37,38,39,17,17,17,17,40,41,42,17,17,17,43,17,17,17,17,17,17,17,17,17,17,44,45,17,17,17,17,15,15,15,15,15,15,15,15,28,28,28,28,28,28,28,28","0.000431060791015625","louvain","edit-xhwikibooks.graphml"
"0.58","0.37","0.05","0.604859697492849","1,1,1,2,3,4,5,6,7,8,9,10,11,6,6,12,13,14,15,16,17,18,19,20,6,6,6,21,22,23,24,25,26,27,15,15,28,29,17,17,17,17,18,18,18,18,17,18,18,18,17,17,17,17,17,18,18,18,18,17,30,17,17,31,32,17,17,17,17,17,18,17,33,34,17,17,17,17,17,17,17,35,36,37,38,39,17,17,17,17,40,41,42,17,17,17,43,17,17,17,17,17,17,17,17,17,17,44,45,17,17,17,17,15,15,15,15,15,15,15,15,28,28,28,28,28,28,28,28","0.000430822372436523","louvain","edit-xhwikibooks.graphml"
"0.57","0.38","0.05","0.602872155902459","1,1,1,2,3,4,5,6,7,8,9,10,11,6,6,12,13,14,15,16,17,18,19,20,6,6,6,21,22,23,24,25,26,27,15,15,28,29,17,17,17,17,18,18,18,18,17,18,18,18,17,17,17,17,17,18,18,18,18,17,30,17,17,31,32,17,17,17,17,17,18,17,33,34,17,17,17,17,17,17,17,35,36,37,38,39,17,17,17,17,40,41,42,17,17,17,43,17,17,17,17,17,17,17,17,17,17,44,45,17,17,17,17,15,15,15,15,15,15,15,15,28,28,28,28,28,28,28,28","0.000432968139648438","louvain","edit-xhwikibooks.graphml"
"0.56","0.39","0.05","0.60925","1,1,1,2,3,4,5,6,7,8,9,10,11,6,6,12,13,14,15,16,17,18,19,20,6,6,6,21,22,23,24,25,26,27,15,15,28,29,17,17,17,17,18,18,18,18,17,18,18,18,17,17,17,17,17,18,18,18,18,17,30,17,17,31,32,17,17,17,17,17,18,17,33,34,17,17,17,17,17,17,17,35,36,37,38,39,17,17,17,17,40,41,42,17,17,17,43,17,17,17,17,17,17,17,17,17,17,44,45,17,17,17,17,15,15,15,15,15,15,15,15,28,28,28,28,28,28,28,28","0.000442981719970703","louvain","edit-xhwikibooks.graphml"
"0.55","0.4","0.05","0.617046328335256","1,1,1,2,3,4,5,6,7,8,9,10,11,6,6,12,13,14,15,16,17,18,19,20,6,6,6,21,22,23,24,25,26,27,15,15,28,29,17,17,17,17,18,18,18,18,17,18,18,18,17,17,17,17,17,18,18,18,18,17,30,17,17,31,32,17,17,17,17,17,18,17,33,34,17,17,17,17,17,17,17,35,36,37,38,39,17,17,17,17,40,41,42,17,17,17,43,17,17,17,17,17,17,17,17,17,17,44,45,17,17,17,17,15,15,15,15,15,15,15,15,28,28,28,28,28,28,28,28","0.000460147857666016","louvain","edit-xhwikibooks.graphml"
"0.54","0.41","0.05","0.579085872576177","1,1,1,2,3,4,5,6,7,8,9,10,11,12,12,13,14,15,16,17,18,19,20,21,12,12,12,22,23,24,25,26,27,28,16,16,12,29,18,18,18,18,19,19,19,19,18,19,19,19,18,18,18,18,18,19,19,19,19,18,30,18,18,31,32,18,18,18,18,18,19,18,33,34,18,18,18,18,18,18,18,35,36,37,38,39,18,18,18,18,40,41,42,18,18,18,43,18,18,18,18,18,18,18,18,18,18,44,45,18,18,18,18,16,46,47,16,16,16,16,16,48,49,50,51,52,53,54,55","0.000438928604125977","louvain","edit-xhwikibooks.graphml"
"0.53","0.42","0.05","0.57704010306735","1,1,1,2,3,4,5,6,7,8,9,10,11,12,12,13,14,15,16,17,18,19,20,21,12,12,12,22,23,24,25,26,27,28,16,16,12,29,18,18,18,18,19,19,19,19,18,19,19,19,18,18,18,18,18,19,19,19,19,18,30,18,18,31,32,18,18,18,18,18,19,18,33,34,18,18,18,18,18,18,18,35,36,37,38,39,18,18,18,18,40,41,42,18,18,18,43,18,18,18,18,18,18,18,18,18,18,44,45,18,18,18,18,16,46,47,16,16,16,16,16,48,49,50,51,52,53,54,55","0.000565052032470703","louvain","edit-xhwikibooks.graphml"
"0.52","0.43","0.05","0.583398212032538","1,1,1,2,3,4,5,6,7,8,9,10,11,12,12,13,14,15,16,17,18,19,20,21,12,12,12,22,23,24,25,26,27,28,16,16,12,29,18,18,18,18,19,19,19,19,18,19,19,19,18,18,18,18,18,19,19,19,19,18,30,18,18,31,32,18,18,18,18,18,19,18,33,34,18,18,18,18,18,18,18,35,36,37,38,39,18,18,18,18,40,41,42,18,18,18,43,18,18,18,18,18,18,18,18,18,18,44,45,18,18,18,18,16,46,47,16,16,16,16,16,48,49,50,51,52,53,54,55","0.000419139862060547","louvain","edit-xhwikibooks.graphml"
"0.51","0.44","0.05","0.581384844298013","1,1,1,2,3,4,5,6,7,8,9,10,11,12,12,13,14,15,16,17,18,19,20,21,12,12,12,22,23,24,25,26,27,28,16,16,12,29,18,18,18,18,19,19,19,19,18,19,19,19,18,18,18,18,18,19,19,19,19,18,30,18,18,31,32,18,18,18,18,18,19,18,33,34,18,18,18,18,18,18,18,35,36,37,38,39,18,18,18,18,40,41,42,18,18,18,43,18,18,18,18,18,18,18,18,18,18,44,45,18,18,18,18,16,46,47,16,16,16,16,16,48,49,50,51,52,53,54,55","0.000401020050048828","louvain","edit-xhwikibooks.graphml"
"0.5","0.45","0.05","0.587489587671803","1,1,1,2,3,4,5,6,7,8,9,10,11,12,12,13,14,15,16,17,18,19,20,21,12,12,12,22,23,24,25,26,27,28,16,16,12,29,18,18,18,18,19,19,19,19,18,19,19,19,18,18,18,18,18,19,19,19,19,18,30,18,18,31,32,18,18,18,18,18,19,18,33,34,18,18,18,18,18,18,18,35,36,37,38,39,18,18,18,18,40,41,42,18,18,18,43,18,18,18,18,18,18,18,18,18,18,44,45,18,18,18,18,16,46,47,16,16,16,16,16,48,49,50,51,52,53,54,55","0.000409126281738281","louvain","edit-xhwikibooks.graphml"
"0.49","0.46","0.05","0.582335485214494","1,1,1,2,3,4,5,6,7,8,9,10,11,12,12,13,14,15,16,17,18,19,20,21,12,12,12,22,23,24,25,26,27,28,16,16,12,29,18,18,18,18,19,19,19,19,18,19,19,19,18,18,18,18,18,19,19,19,19,18,30,18,18,31,32,18,18,18,18,18,19,18,33,34,18,18,18,18,18,18,18,35,36,37,38,39,18,18,18,18,40,41,42,18,18,18,43,18,18,18,18,18,18,18,18,18,18,44,45,18,18,18,18,16,46,47,16,16,16,16,16,48,49,50,51,52,53,54,55","0.000407934188842773","louvain","edit-xhwikibooks.graphml"
"0.48","0.47","0.05","0.585508516065861","1,1,1,2,3,4,5,6,7,8,9,10,11,12,12,13,14,15,16,17,18,19,20,21,12,12,12,22,23,24,25,26,27,28,16,16,12,29,18,18,18,18,19,19,19,19,18,19,19,19,18,18,18,18,18,19,19,19,19,18,30,18,18,31,32,18,18,18,18,18,19,18,33,34,18,18,18,18,18,18,18,35,36,37,38,39,18,18,18,18,40,41,42,18,18,18,43,18,18,18,18,18,18,18,18,18,18,44,45,18,18,18,18,16,46,47,16,16,16,16,16,48,49,50,51,52,53,54,55","0.000404119491577148","louvain","edit-xhwikibooks.graphml"
"0.47","0.48","0.05","0.583537394143455","1,1,1,2,3,4,5,6,7,8,9,10,11,12,12,13,14,15,16,17,18,19,20,21,12,12,12,22,23,24,25,26,27,28,16,16,12,29,18,18,18,18,19,19,19,19,18,19,19,19,18,18,18,18,18,19,19,19,19,18,30,18,18,31,32,18,18,18,18,18,19,18,33,34,18,18,18,18,18,18,18,35,36,37,38,39,18,18,18,18,40,41,42,18,18,18,43,18,18,18,18,18,18,18,18,18,18,44,45,18,18,18,18,16,46,47,16,16,16,16,16,48,49,50,51,52,53,54,55","0.00041508674621582","louvain","edit-xhwikibooks.graphml"
"0.46","0.49","0.05","0.583537394143455","1,1,1,2,3,4,5,6,7,8,9,10,11,12,12,13,14,15,16,17,18,19,20,21,12,12,12,22,23,24,25,26,27,28,16,16,12,29,18,18,18,18,19,19,19,19,18,19,19,19,18,18,18,18,18,19,19,19,19,18,30,18,18,31,32,18,18,18,18,18,19,18,33,34,18,18,18,18,18,18,18,35,36,37,38,39,18,18,18,18,40,41,42,18,18,18,43,18,18,18,18,18,18,18,18,18,18,44,45,18,18,18,18,16,46,47,16,16,16,16,16,48,49,50,51,52,53,54,55","0.000399112701416016","louvain","edit-xhwikibooks.graphml"
"0.45","0.5","0.05","0.681230842181917","1,1,1,2,3,4,5,6,7,8,9,10,11,11,11,12,13,14,15,16,17,18,19,6,11,11,11,20,21,22,23,24,25,26,15,15,11,27,17,17,17,17,18,18,18,18,17,18,18,18,17,17,17,17,17,18,18,18,18,17,28,17,17,29,30,17,17,17,17,17,18,17,31,32,17,17,17,17,17,17,17,33,34,35,36,37,17,17,17,17,38,39,40,17,17,17,41,17,17,17,17,17,17,17,17,17,17,42,43,17,17,17,17,15,44,45,15,15,15,15,15,46,47,48,49,50,51,52,53","0.00046992301940918","louvain","edit-xhwikibooks.graphml"
"0.44","0.51","0.05","0.678107638888889","1,1,1,2,3,4,5,6,7,8,9,10,11,11,11,12,13,14,15,16,17,18,19,6,11,11,11,20,21,22,23,24,25,26,27,27,11,28,17,17,17,17,18,18,18,18,17,18,18,18,17,17,17,17,17,18,18,18,18,17,29,17,17,30,31,17,17,17,17,17,18,17,32,33,17,17,17,17,17,17,17,34,35,36,37,38,17,17,17,17,39,40,41,17,17,17,42,17,17,17,17,17,17,17,17,17,17,43,44,17,17,17,17,27,45,46,27,27,27,27,27,47,48,49,50,51,52,53,54","0.000497102737426758","louvain","edit-xhwikibooks.graphml"
"0.43","0.52","0.05","0.678107638888889","1,1,1,2,3,4,5,6,7,8,9,10,11,11,11,12,13,14,15,16,17,18,19,6,11,11,11,20,21,22,23,24,25,26,27,27,11,28,17,17,17,17,18,18,18,18,17,18,18,18,17,17,17,17,17,18,18,18,18,17,29,17,17,30,31,17,17,17,17,17,18,17,32,33,17,17,17,17,17,17,17,34,35,36,37,38,17,17,17,17,39,40,41,17,17,17,42,17,17,17,17,17,17,17,17,17,17,43,44,17,17,17,17,27,45,46,27,27,27,27,27,47,48,49,50,51,52,53,54","0.000466823577880859","louvain","edit-xhwikibooks.graphml"
"0.42","0.53","0.05","0.676520721061965","1,1,1,2,3,4,5,6,7,8,9,10,11,11,11,12,13,14,15,16,17,18,19,6,11,11,11,20,21,22,23,24,25,26,27,27,11,28,17,17,17,17,18,18,18,18,17,18,18,18,17,17,17,17,17,18,18,18,18,17,29,17,17,30,31,17,17,17,17,17,18,17,32,33,17,17,17,17,17,17,17,34,35,36,37,38,17,17,17,17,39,40,41,17,17,17,42,17,17,17,17,17,17,17,17,17,17,43,44,17,17,17,17,27,45,46,27,27,27,27,27,47,48,49,50,51,52,53,54","0.000447988510131836","louvain","edit-xhwikibooks.graphml"
"0.41","0.54","0.05","0.678454340550508","1,1,1,2,3,4,5,6,7,8,9,10,11,11,11,12,13,14,15,16,17,18,19,6,11,11,11,20,21,22,23,24,25,26,27,27,11,28,17,17,17,17,18,18,18,18,17,18,18,18,17,17,17,17,17,18,18,18,18,17,29,17,17,30,31,17,17,17,17,17,18,17,32,33,17,17,17,17,17,17,17,34,35,36,37,38,17,17,17,17,39,40,41,17,17,17,42,17,17,17,17,17,17,17,17,17,17,43,44,17,17,17,17,27,45,46,27,27,27,27,27,47,48,49,50,51,52,53,54","0.000447988510131836","louvain","edit-xhwikibooks.graphml"
"0.4","0.55","0.05","0.67687852461515","1,1,1,2,3,4,5,6,7,8,9,10,11,11,11,12,13,14,15,16,17,18,19,6,11,11,11,20,21,22,23,24,25,26,27,27,11,28,17,17,17,17,18,18,18,18,17,18,18,18,17,17,17,17,17,18,18,18,18,17,29,17,17,30,31,17,17,17,17,17,18,17,32,33,17,17,17,17,17,17,17,34,35,36,37,38,17,17,17,17,39,40,41,17,17,17,42,17,17,17,17,17,17,17,17,17,17,43,44,17,17,17,17,27,45,46,27,27,27,27,27,47,48,49,50,51,52,53,54","0.000427961349487305","louvain","edit-xhwikibooks.graphml"
"0.39","0.56","0.05","0.685159782553473","1,1,1,2,3,4,5,6,7,8,9,10,11,11,11,12,13,14,15,16,17,18,19,6,20,20,20,21,22,23,24,25,26,27,28,28,11,29,17,17,17,17,18,18,18,18,17,18,18,18,17,17,17,17,17,18,18,18,18,17,30,17,17,31,32,17,17,17,17,17,18,17,33,34,17,17,17,17,17,17,17,35,36,37,38,39,17,17,17,17,40,41,42,17,17,17,43,17,17,17,17,17,17,17,17,17,17,44,45,17,17,17,17,28,46,47,28,28,28,28,28,48,49,50,51,52,53,54,55","0.000416994094848633","louvain","edit-xhwikibooks.graphml"
"0.38","0.57","0.05","0.683552808384843","1,1,1,2,3,4,5,6,7,8,9,10,11,11,11,12,13,14,15,16,17,18,19,6,20,20,20,21,22,23,24,25,26,27,28,28,11,29,17,17,17,17,18,18,18,18,17,18,18,18,17,17,17,17,17,18,18,18,18,17,30,17,17,31,32,17,17,17,17,17,18,17,33,34,17,17,17,17,17,17,17,35,36,37,38,39,17,17,17,17,40,41,42,17,17,17,43,17,17,17,17,17,17,17,17,17,17,44,45,17,17,17,17,28,46,47,28,28,28,28,28,48,49,50,51,52,53,54,55","0.000427961349487305","louvain","edit-xhwikibooks.graphml"
"0.37","0.58","0.05","0.686562231475973","1,1,1,2,3,4,5,6,7,8,9,10,11,11,11,12,13,14,15,16,17,18,19,6,20,20,20,21,22,23,24,25,26,27,28,28,11,29,17,17,17,17,18,18,18,18,17,18,18,18,17,17,17,17,17,18,18,18,18,17,30,17,17,31,32,17,17,17,17,17,18,17,33,34,17,17,17,17,17,17,17,35,36,37,38,39,17,17,17,17,40,41,42,17,17,17,43,17,17,17,17,17,17,17,17,17,17,44,45,17,17,17,17,28,46,47,28,28,28,28,28,48,49,50,51,52,53,54,55","0.000412940979003906","louvain","edit-xhwikibooks.graphml"
"0.36","0.59","0.05","0.68498090445672","1,1,1,2,3,4,5,6,7,8,9,10,11,11,11,12,13,14,15,16,17,18,19,6,20,20,20,21,22,23,24,25,26,27,28,28,11,29,17,17,17,17,18,18,18,18,17,18,18,18,17,17,17,17,17,18,18,18,18,17,30,17,17,31,32,17,17,17,17,17,18,17,33,34,17,17,17,17,17,17,17,35,36,37,38,39,17,17,17,17,40,41,42,17,17,17,43,17,17,17,17,17,17,17,17,17,17,44,45,17,17,17,17,28,46,47,28,28,28,28,28,48,49,50,51,52,53,54,55","0.000422954559326172","louvain","edit-xhwikibooks.graphml"
"0.35","0.6","0.05","0.691424","1,1,1,2,3,4,5,6,7,8,9,10,11,11,11,12,13,14,15,16,17,18,19,6,20,20,20,21,22,23,24,25,26,27,28,28,11,29,17,17,17,17,18,18,18,18,17,18,18,18,17,17,17,17,17,18,18,18,18,17,30,17,17,31,32,17,17,17,17,17,18,17,33,34,17,17,17,17,17,17,17,35,36,37,38,39,17,17,17,17,40,41,42,17,17,17,43,17,17,17,17,17,17,17,17,17,17,44,45,17,17,17,17,28,46,47,28,28,28,28,28,48,49,50,51,52,53,54,55","0.000437021255493164","louvain","edit-xhwikibooks.graphml"
"0.34","0.61","0.05","0.660894768133175","1,1,1,2,3,4,5,6,7,8,9,10,11,11,11,12,13,14,15,16,17,1,18,6,19,19,19,20,21,22,23,24,25,26,27,27,11,28,17,17,17,17,29,30,31,32,17,33,34,35,17,17,17,17,17,36,37,38,39,17,40,17,17,41,42,17,17,17,17,17,43,17,44,45,17,17,17,17,17,17,17,46,47,48,49,50,17,17,17,17,51,52,53,17,17,17,54,17,17,17,17,17,17,17,17,17,17,55,56,17,17,17,17,27,57,58,27,27,27,27,27,59,60,61,62,63,64,65,66","0.000423908233642578","louvain","edit-xhwikibooks.graphml"
"0.33","0.62","0.05","0.663117758661975","1,1,1,2,3,4,5,6,7,8,9,10,11,11,11,12,13,14,15,16,17,1,18,6,19,19,19,20,21,22,23,24,25,26,27,27,11,28,17,17,17,17,29,30,31,32,17,33,34,35,17,17,17,17,17,36,37,38,39,17,40,17,17,41,42,17,17,17,17,17,43,17,44,45,17,17,17,17,17,17,17,46,47,48,49,50,17,17,17,17,51,52,53,17,17,17,54,17,17,17,17,17,17,17,17,17,17,55,56,17,17,17,17,27,57,58,27,27,27,27,27,59,60,61,62,63,64,65,66","0.000432014465332031","louvain","edit-xhwikibooks.graphml"
"0.32","0.63","0.05","0.661370443421725","1,1,1,2,3,4,5,6,7,8,9,10,11,11,11,12,13,14,15,16,17,1,18,6,19,19,19,20,21,22,23,24,25,26,27,27,11,28,17,17,17,17,29,30,31,32,17,33,34,35,17,17,17,17,17,36,37,38,39,17,40,17,17,41,42,17,17,17,17,17,43,17,44,45,17,17,17,17,17,17,17,46,47,48,49,50,17,17,17,17,51,52,53,17,17,17,54,17,17,17,17,17,17,17,17,17,17,55,56,17,17,17,17,27,57,58,27,27,27,27,27,59,60,61,62,63,64,65,66","0.000459909439086914","louvain","edit-xhwikibooks.graphml"
"0.31","0.64","0.05","0.661370443421725","1,1,1,2,3,4,5,6,7,8,9,10,11,11,11,12,13,14,15,16,17,1,18,6,19,19,19,20,21,22,23,24,25,26,27,27,11,28,17,17,17,17,29,30,31,32,17,33,34,35,17,17,17,17,17,36,37,38,39,17,40,17,17,41,42,17,17,17,17,17,43,17,44,45,17,17,17,17,17,17,17,46,47,48,49,50,17,17,17,17,51,52,53,17,17,17,54,17,17,17,17,17,17,17,17,17,17,55,56,17,17,17,17,27,57,58,27,27,27,27,27,59,60,61,62,63,64,65,66","0.000492095947265625","louvain","edit-xhwikibooks.graphml"
"0.3","0.65","0.05","0.66180695202528","1,1,1,2,3,4,5,6,7,8,9,10,11,11,11,12,13,14,15,16,17,1,18,6,19,19,19,20,21,22,23,24,25,26,27,27,11,28,17,17,17,17,29,30,31,32,17,33,34,35,17,17,17,17,17,36,37,38,39,17,40,17,17,41,42,17,17,17,17,17,43,17,44,45,17,17,17,17,17,17,17,46,47,48,49,50,17,17,17,17,51,52,53,17,17,17,54,17,17,17,17,17,17,17,17,17,17,55,56,17,17,17,17,27,57,58,27,27,27,27,27,59,60,61,62,63,64,65,66","0.000416040420532227","louvain","edit-xhwikibooks.graphml"
"0.29","0.66","0.05","0.66180695202528","1,1,1,2,3,4,5,6,7,8,9,10,11,11,11,12,13,14,15,16,17,1,18,6,19,19,19,20,21,22,23,24,25,26,27,27,11,28,17,17,17,17,29,30,31,32,17,33,34,35,17,17,17,17,17,36,37,38,39,17,40,17,17,41,42,17,17,17,17,17,43,17,44,45,17,17,17,17,17,17,17,46,47,48,49,50,17,17,17,17,51,52,53,17,17,17,54,17,17,17,17,17,17,17,17,17,17,55,56,17,17,17,17,27,57,58,27,27,27,27,27,59,60,61,62,63,64,65,66","0.000422000885009766","louvain","edit-xhwikibooks.graphml"
"0.28","0.67","0.05","0.691354105490389","1,1,1,2,3,4,5,6,7,8,9,10,11,11,11,12,13,14,15,16,17,1,18,6,19,19,19,20,21,22,23,24,25,26,27,27,11,28,17,17,17,17,29,30,31,32,17,33,34,35,17,17,17,17,17,36,37,38,39,17,40,17,17,41,42,17,17,17,17,17,43,17,44,45,17,17,17,17,17,17,17,46,47,48,49,50,17,17,17,17,51,52,53,17,17,17,54,17,17,17,17,17,17,17,17,17,17,55,56,17,17,17,17,27,57,58,27,27,27,27,27,59,60,61,62,63,64,65,66","0.000421047210693359","louvain","edit-xhwikibooks.graphml"
"0.27","0.68","0.05","0.691354105490389","1,1,1,2,3,4,5,6,7,8,9,10,11,11,11,12,13,14,15,16,17,1,18,6,19,19,19,20,21,22,23,24,25,26,27,27,11,28,17,17,17,17,29,30,31,32,17,33,34,35,17,17,17,17,17,36,37,38,39,17,40,17,17,41,42,17,17,17,17,17,43,17,44,45,17,17,17,17,17,17,17,46,47,48,49,50,17,17,17,17,51,52,53,17,17,17,54,17,17,17,17,17,17,17,17,17,17,55,56,17,17,17,17,27,57,58,27,27,27,27,27,59,60,61,62,63,64,65,66","0.000425100326538086","louvain","edit-xhwikibooks.graphml"
"0.26","0.69","0.05","0.689720332577475","1,1,1,2,3,4,5,6,7,8,9,10,11,11,11,12,13,14,15,16,17,1,18,6,19,19,19,20,21,22,23,24,25,26,27,27,11,28,17,17,17,17,29,30,31,32,17,33,34,35,17,17,17,17,17,36,37,38,39,17,40,17,17,41,42,17,17,17,17,17,43,17,44,45,17,17,17,17,17,17,17,46,47,48,49,50,17,17,17,17,51,52,53,17,17,17,54,17,17,17,17,17,17,17,17,17,17,55,56,17,17,17,17,27,57,58,27,27,27,27,27,59,60,61,62,63,64,65,66","0.000430107116699219","louvain","edit-xhwikibooks.graphml"
"0.25","0.7","0.05","0.691527753909606","1,1,1,2,3,4,5,6,7,8,9,10,11,11,11,12,13,14,15,16,17,1,18,6,19,19,19,20,21,22,23,24,25,26,27,27,11,28,17,17,17,17,29,30,31,32,17,33,34,35,17,17,17,17,17,36,37,38,39,17,40,17,17,41,42,17,17,17,17,17,43,17,44,45,17,17,17,17,17,17,17,46,47,48,49,50,17,17,17,17,51,52,53,17,17,17,54,17,17,17,17,17,17,17,17,17,17,55,56,17,17,17,17,27,57,58,27,27,27,27,27,59,60,61,62,63,64,65,66","0.000458955764770508","louvain","edit-xhwikibooks.graphml"
"0.24","0.71","0.05","0.692389647429068","1,1,1,2,3,4,5,6,7,8,9,10,11,11,11,12,13,14,15,16,17,1,18,6,19,19,19,20,21,22,23,24,25,26,27,27,28,29,17,17,17,17,30,31,32,33,17,34,35,36,17,17,17,17,17,37,38,39,40,17,41,17,17,42,43,17,17,17,17,17,44,17,45,46,17,17,17,17,17,17,17,47,48,49,50,51,17,17,17,17,52,53,54,17,17,17,55,17,17,17,17,17,17,17,17,17,17,56,57,17,17,17,17,58,59,60,58,58,58,58,58,61,62,63,64,65,66,67,68","0.000446081161499023","louvain","edit-xhwikibooks.graphml"
"0.23","0.72","0.05","0.696375864905405","1,1,1,2,3,4,5,6,7,8,9,10,11,11,11,12,13,14,15,16,17,1,18,6,19,19,19,20,21,22,23,24,25,26,27,27,28,29,17,17,17,17,30,31,32,33,17,34,35,36,17,17,17,17,17,37,38,39,40,17,41,17,17,42,43,17,17,17,17,17,44,17,45,46,17,17,17,17,17,17,17,47,48,49,50,51,17,17,17,17,52,53,54,17,17,17,55,17,17,17,17,17,17,17,17,17,17,56,57,17,17,17,17,58,59,60,58,58,58,58,58,61,62,63,64,65,66,67,68","0.000429153442382812","louvain","edit-xhwikibooks.graphml"
"0.22","0.73","0.05","0.694848","1,1,1,2,3,4,5,6,7,8,9,10,11,11,11,12,13,14,15,16,17,1,18,6,19,19,19,20,21,22,23,24,25,26,27,27,28,29,17,17,17,17,30,31,32,33,17,34,35,36,17,17,17,17,17,37,38,39,40,17,41,17,17,42,43,17,17,17,17,17,44,17,45,46,17,17,17,17,17,17,17,47,48,49,50,51,17,17,17,17,52,53,54,17,17,17,55,17,17,17,17,17,17,17,17,17,17,56,57,58,17,17,17,59,60,61,59,59,59,59,59,62,63,64,65,66,67,68,69","0.000439882278442383","louvain","edit-xhwikibooks.graphml"
"0.21","0.74","0.05","0.694592","1,1,1,2,3,4,5,6,7,8,9,10,11,11,11,12,13,14,15,16,17,1,18,6,19,19,19,20,21,22,23,24,25,26,27,27,28,29,17,17,17,17,30,31,32,33,17,34,35,36,17,17,17,17,17,37,38,39,40,17,41,17,17,42,43,17,17,17,17,17,44,17,45,46,17,17,17,17,17,17,17,47,48,49,50,51,17,17,17,17,52,53,54,17,17,17,55,17,17,17,17,17,17,17,17,17,17,56,57,17,17,17,17,58,59,60,58,58,58,58,58,61,62,63,64,65,66,67,68","0.000571966171264648","louvain","edit-xhwikibooks.graphml"
"0.2","0.75","0.05","0.699392398784797","1,1,1,2,3,4,5,6,7,8,9,10,11,11,11,12,13,14,15,16,17,1,18,6,19,19,19,20,21,22,23,24,25,26,27,27,28,29,17,17,17,17,30,31,32,33,17,34,35,36,17,17,17,17,17,37,38,39,40,17,41,17,17,42,43,17,17,17,17,17,44,17,45,46,17,17,17,17,17,17,17,47,48,49,50,51,17,17,17,17,52,53,54,17,17,17,55,17,17,17,17,17,17,17,17,17,17,56,57,17,17,17,17,58,59,60,58,58,58,58,58,61,62,63,64,65,66,67,68","0.000516891479492188","louvain","edit-xhwikibooks.graphml"
"0.19","0.76","0.05","0.699392398784797","1,1,1,2,3,4,5,6,7,8,9,10,11,11,11,12,13,14,15,16,17,1,18,6,19,19,19,20,21,22,23,24,25,26,27,27,28,29,17,17,17,17,30,31,32,33,17,34,35,36,17,17,17,17,17,37,38,39,40,17,41,17,17,42,43,17,17,17,17,17,44,17,45,46,17,17,17,17,17,17,17,47,48,49,50,51,17,17,17,17,52,53,54,17,17,17,55,17,17,17,17,17,17,17,17,17,17,56,57,17,17,17,17,58,59,60,58,58,58,58,58,61,62,63,64,65,66,67,68","0.000644922256469727","louvain","edit-xhwikibooks.graphml"
"0.18","0.77","0.05","0.701084198385236","1,1,1,2,3,4,5,6,7,8,9,10,11,11,11,12,13,14,15,16,17,1,18,6,19,19,19,20,21,22,23,24,25,26,27,27,28,29,17,17,17,17,30,31,32,33,17,34,35,36,17,17,17,17,17,37,38,39,40,17,41,17,17,42,43,17,17,17,17,17,44,17,45,46,17,17,17,17,17,17,17,47,48,49,50,51,17,17,17,17,52,53,54,17,17,17,55,17,17,17,17,17,17,17,17,17,17,56,57,17,17,17,17,58,59,60,58,58,58,58,58,61,62,63,64,65,66,67,68","0.000430107116699219","louvain","edit-xhwikibooks.graphml"
"0.17","0.78","0.05","0.70326302505859","1,1,1,2,3,4,5,6,7,8,9,10,11,11,11,12,13,14,15,16,17,1,18,6,19,19,19,20,21,22,23,24,25,26,27,27,28,29,17,17,17,17,30,31,32,33,17,34,35,36,17,17,17,17,17,37,38,39,40,17,41,17,17,42,43,17,17,17,17,17,44,17,45,46,17,17,17,17,17,17,17,47,48,49,50,51,17,17,17,17,52,53,54,17,17,17,55,17,17,17,17,17,17,17,17,17,17,56,57,17,17,17,17,58,59,60,58,58,58,58,58,61,62,63,64,65,66,67,68","0.000452995300292969","louvain","edit-xhwikibooks.graphml"
"0.16","0.79","0.05","0.704879175921647","1,1,1,2,3,4,5,6,7,8,9,10,11,11,11,12,13,14,15,16,17,1,18,6,19,19,19,20,21,22,23,24,25,26,27,27,28,29,17,17,17,17,30,31,32,33,17,34,35,36,17,17,17,17,17,37,38,39,40,17,41,17,17,42,43,17,17,17,17,17,44,17,45,46,17,17,17,17,17,17,17,47,48,49,50,51,17,17,17,17,52,53,54,17,17,17,55,17,17,17,17,17,17,17,17,17,17,56,57,17,17,17,17,58,59,60,58,58,58,58,58,61,62,63,64,65,66,67,68","0.000436067581176758","louvain","edit-xhwikibooks.graphml"
"0.15","0.8","0.05","0.707126624322592","1,1,1,2,3,4,5,6,7,8,9,10,11,11,11,12,13,14,15,16,17,1,18,6,19,19,19,20,21,22,23,24,25,26,27,27,28,29,17,17,17,17,30,31,32,33,17,34,35,36,17,17,17,17,17,37,38,39,40,17,41,17,17,42,43,17,17,17,17,17,44,17,45,46,17,17,17,17,17,17,17,47,48,49,50,51,17,17,17,17,52,53,54,17,17,17,55,17,17,17,17,17,17,17,17,17,17,56,57,17,17,17,17,58,59,60,58,58,58,58,58,61,62,63,64,65,66,67,68","0.000428915023803711","louvain","edit-xhwikibooks.graphml"
"0.14","0.81","0.05","0.708768221253358","1,1,1,2,3,4,5,6,7,8,9,10,11,11,11,12,13,14,15,16,17,18,19,6,20,20,20,21,22,23,24,25,26,27,28,28,29,30,17,17,17,17,31,32,33,34,17,35,36,37,17,17,17,17,17,38,39,40,41,17,42,17,17,43,44,17,17,17,17,17,45,17,46,47,17,17,17,17,17,17,17,48,49,50,51,52,17,17,17,17,53,54,55,17,17,17,56,17,17,17,17,17,17,17,17,17,17,57,58,17,17,17,17,59,60,61,59,59,59,59,59,62,63,64,65,66,67,68,69","0.000451087951660156","louvain","edit-xhwikibooks.graphml"
"0.13","0.82","0.05","0.707039216828856","1,1,1,2,3,4,5,6,7,8,9,10,11,11,11,12,13,14,15,16,17,18,19,6,20,20,20,21,22,23,24,25,26,27,28,28,29,30,17,17,17,17,31,32,33,34,17,35,36,37,17,17,17,17,17,38,39,40,41,17,42,17,17,43,44,17,17,17,17,17,45,17,46,47,17,17,17,17,17,17,17,48,49,50,51,52,17,17,17,17,53,54,55,17,17,17,56,17,17,17,17,17,17,17,17,17,17,57,58,17,17,17,17,59,60,61,59,59,59,59,59,62,63,64,65,66,67,68,69","0.000422000885009766","louvain","edit-xhwikibooks.graphml"
"0.12","0.83","0.05","0.707039216828856","1,1,1,2,3,4,5,6,7,8,9,10,11,11,11,12,13,14,15,16,17,18,19,6,20,20,20,21,22,23,24,25,26,27,28,28,29,30,17,17,17,17,31,32,33,34,17,35,36,37,17,17,17,17,17,38,39,40,41,17,42,17,17,43,44,17,17,17,17,17,45,17,46,47,17,17,17,17,17,17,17,48,49,50,51,52,17,17,17,17,53,54,55,17,17,17,56,17,17,17,17,17,17,17,17,17,17,57,58,17,17,17,17,59,60,61,59,59,59,59,59,62,63,64,65,66,67,68,69","0.000485897064208984","louvain","edit-xhwikibooks.graphml"
"0.11","0.84","0.05","0.707042011019284","1,1,1,2,3,4,5,6,7,8,9,10,11,11,11,12,13,14,15,16,17,18,19,6,20,20,20,21,22,23,24,25,26,27,28,28,29,30,17,17,17,17,31,32,33,34,17,35,36,37,17,17,17,17,17,38,39,40,41,17,42,17,17,43,44,17,17,17,17,17,45,17,46,47,17,17,17,17,17,17,17,48,49,50,51,52,17,17,17,17,53,54,55,17,17,17,56,17,17,17,17,17,17,17,17,17,17,57,58,17,17,17,17,59,60,61,59,59,59,59,59,62,63,64,65,66,67,68,69","0.000457048416137695","louvain","edit-xhwikibooks.graphml"
"0.1","0.85","0.05","0.708921324314703","1,1,1,2,3,4,5,6,7,8,9,10,11,11,11,12,13,14,15,16,17,18,19,6,20,20,20,21,22,23,24,25,26,27,28,28,29,30,17,17,17,17,31,32,33,34,17,35,36,37,17,17,17,17,17,38,39,40,41,17,42,17,17,43,44,17,17,17,17,17,45,17,46,47,17,17,17,17,17,17,17,48,49,50,51,52,17,17,17,17,53,54,55,17,17,17,56,17,17,17,17,17,17,17,17,17,17,57,58,17,17,17,17,59,60,61,59,59,59,59,59,62,63,64,65,66,67,68,69","0.000467061996459961","louvain","edit-xhwikibooks.graphml"
"0.09","0.86","0.05","0.710625974604589","1,1,1,2,3,4,5,6,7,8,9,10,11,11,11,12,13,14,15,16,17,18,19,6,20,20,20,21,22,23,24,25,26,27,28,28,29,30,17,17,17,17,31,32,33,34,17,35,36,37,17,17,17,17,17,38,39,40,41,17,42,17,17,43,44,17,17,17,17,17,45,17,46,47,17,17,17,17,17,17,17,48,49,50,51,52,17,17,17,17,53,54,55,17,17,17,56,17,17,17,17,17,17,17,17,17,17,57,58,17,17,17,17,59,60,61,59,59,59,59,59,62,63,64,65,66,67,68,69","0.000483036041259766","louvain","edit-xhwikibooks.graphml"
"0.08","0.87","0.05","0.710625974604589","1,1,1,2,3,4,5,6,7,8,9,10,11,11,11,12,13,14,15,16,17,18,19,6,20,20,20,21,22,23,24,25,26,27,28,28,29,30,17,17,17,17,31,32,33,34,17,35,36,37,17,17,17,17,17,38,39,40,41,17,42,17,17,43,44,17,17,17,17,17,45,17,46,47,17,17,17,17,17,17,17,48,49,50,51,52,17,17,17,17,53,54,55,17,17,17,56,17,17,17,17,17,17,17,17,17,17,57,58,17,17,17,17,59,60,61,59,59,59,59,59,62,63,64,65,66,67,68,69","0.000478029251098633","louvain","edit-xhwikibooks.graphml"
"0.07","0.88","0.05","0.708945426403726","1,1,1,2,3,4,5,6,7,8,9,10,11,11,11,12,13,14,15,16,17,18,19,6,20,20,20,21,22,23,24,25,26,27,28,28,29,30,17,17,17,17,31,32,33,34,17,35,36,37,17,17,17,17,17,38,39,40,41,17,42,17,17,43,44,17,17,17,17,17,45,17,46,47,17,17,17,17,17,17,17,48,49,50,51,52,17,17,17,17,53,54,55,17,17,17,56,17,17,17,17,17,17,17,17,17,17,57,58,17,17,17,17,59,60,61,59,59,59,59,59,62,63,64,65,66,67,68,69","0.0004730224609375","louvain","edit-xhwikibooks.graphml"
"0.06","0.89","0.05","0.712463065590065","1,1,1,2,3,4,5,6,7,8,9,10,11,11,11,12,13,14,15,16,17,18,19,6,20,20,20,21,22,23,24,25,26,27,28,28,29,30,17,17,17,17,31,32,33,34,17,35,36,37,17,17,17,17,17,38,39,40,41,17,42,17,17,43,44,17,17,17,17,17,45,17,46,47,17,17,17,17,17,17,17,48,49,50,51,52,17,17,17,17,53,54,55,17,17,17,56,17,17,17,17,17,17,17,17,17,17,57,58,17,17,17,17,59,60,61,59,59,59,59,59,62,63,64,65,66,67,68,69","0.000470876693725586","louvain","edit-xhwikibooks.graphml"
"0.05","0.9","0.05","0.712581679614647","1,1,1,2,3,4,5,6,7,8,9,10,11,11,11,12,13,14,15,16,17,18,19,6,20,20,20,21,22,23,24,25,26,27,28,28,29,30,17,17,17,17,31,32,33,34,17,35,36,37,17,17,17,17,17,38,39,40,41,17,42,17,17,43,44,17,17,17,17,17,45,17,46,47,17,17,17,17,17,17,17,48,49,50,51,52,17,17,17,17,53,54,55,17,17,17,56,17,17,17,17,17,17,17,17,17,17,57,58,17,17,17,17,59,60,61,59,59,59,59,59,62,63,64,65,66,67,68,69","0.000448942184448242","louvain","edit-xhwikibooks.graphml"
"0.04","0.91","0.05","0.712581679614647","1,1,1,2,3,4,5,6,7,8,9,10,11,11,11,12,13,14,15,16,17,18,19,6,20,20,20,21,22,23,24,25,26,27,28,28,29,30,17,17,17,17,31,32,33,34,17,35,36,37,17,17,17,17,17,38,39,40,41,17,42,17,17,43,44,17,17,17,17,17,45,17,46,47,17,17,17,17,17,17,17,48,49,50,51,52,17,17,17,17,53,54,55,17,17,17,56,17,17,17,17,17,17,17,17,17,17,57,58,17,17,17,17,59,60,61,59,59,59,59,59,62,63,64,65,66,67,68,69","0.000458002090454102","louvain","edit-xhwikibooks.graphml"
"0.03","0.92","0.05","0.71093292130641","1,1,1,2,3,4,5,6,7,8,9,10,11,11,11,12,13,14,15,16,17,18,19,6,20,20,20,21,22,23,24,25,26,27,28,28,29,30,17,17,17,17,31,32,33,34,17,35,36,37,17,17,17,17,17,38,39,40,41,17,42,17,17,43,44,17,17,17,17,17,45,17,46,47,17,17,17,17,17,17,17,48,49,50,51,52,17,17,17,17,53,54,55,17,17,17,56,17,17,17,17,17,17,17,17,17,17,57,58,17,17,17,17,59,60,61,59,59,59,59,59,62,63,64,65,66,67,68,69","0.000479936599731445","louvain","edit-xhwikibooks.graphml"
"0.02","0.93","0.05","0.712700826446281","1,1,1,2,3,4,5,6,7,8,9,10,11,11,11,12,13,14,15,16,17,18,19,6,20,20,20,21,22,23,24,25,26,27,28,28,29,30,17,17,17,17,31,32,33,34,17,35,36,37,17,17,17,17,17,38,39,40,41,17,42,17,17,43,44,17,17,17,17,17,45,17,46,47,17,17,17,17,17,17,17,48,49,50,51,52,17,17,17,17,53,54,55,17,17,17,56,17,17,17,17,17,17,17,17,17,17,57,58,17,17,17,17,59,60,61,59,59,59,59,59,62,63,64,65,66,67,68,69","0.00044703483581543","louvain","edit-xhwikibooks.graphml"
"0.01","0.94","0.05","0.711063852131905","1,1,1,2,3,4,5,6,7,8,9,10,11,11,11,12,13,14,15,16,17,18,19,6,20,20,20,21,22,23,24,25,26,27,28,28,29,30,17,17,17,17,31,32,33,34,17,35,36,37,17,17,17,17,17,38,39,40,41,17,42,17,17,43,44,17,17,17,17,17,45,17,46,47,17,17,17,17,17,17,17,48,49,50,51,52,17,17,17,17,53,54,55,17,17,17,56,17,17,17,17,17,17,17,17,17,17,57,58,17,17,17,17,59,60,61,59,59,59,59,59,62,63,64,65,66,67,68,69","0.00061798095703125","louvain","edit-xhwikibooks.graphml"
"0","0.95","0.05","0.706133176840765","1,1,1,1,1,2,3,4,5,6,7,8,9,9,9,10,11,12,13,14,15,1,16,4,17,17,17,18,1,19,20,21,22,23,24,24,25,26,15,15,15,15,27,28,29,30,15,31,32,33,15,15,15,15,15,34,35,36,37,15,38,15,15,39,40,15,15,15,15,15,41,15,42,43,15,15,15,15,15,15,15,44,45,46,47,48,15,15,15,15,49,50,51,15,15,15,52,15,15,15,15,15,15,15,15,15,15,53,54,15,15,15,15,55,56,57,55,55,55,55,55,58,59,60,61,62,63,64,65","0.000465154647827148","louvain","edit-xhwikibooks.graphml"
"0.94","0","0.06","0.551779535343549","1,1,1,1,2,1,2,3,1,1,2,2,3,3,3,1,1,2,2,2,4,5,3,3,3,3,3,1,1,1,2,2,2,2,6,6,3,3,4,4,4,4,5,5,5,5,4,5,5,5,4,4,4,4,4,5,5,5,5,4,3,4,4,3,3,4,4,4,4,4,5,4,3,3,4,4,4,4,4,4,4,3,1,1,1,1,4,4,4,4,1,2,2,4,4,4,1,4,4,4,4,4,4,4,4,4,4,2,2,2,4,4,4,6,6,6,6,6,6,6,6,3,3,3,3,3,3,3,3","0.000524044036865234","louvain","edit-xhwikibooks.graphml"
"0.93","0.01","0.06","0.55199138478921","1,1,1,1,2,3,2,4,3,3,2,2,4,4,4,3,3,2,2,2,5,6,4,4,4,4,4,3,1,3,2,2,2,2,7,7,4,4,5,5,5,5,6,6,6,6,5,6,6,6,5,5,5,5,5,6,6,6,6,5,4,5,5,4,4,5,5,5,5,5,6,5,4,4,5,5,5,5,5,5,5,4,3,3,3,1,5,5,5,5,3,2,2,5,5,5,3,5,5,5,5,5,5,5,5,5,5,2,2,2,5,5,5,7,7,7,7,7,7,7,7,4,4,4,4,4,4,4,4","0.000466108322143555","louvain","edit-xhwikibooks.graphml"
"0.92","0.02","0.06","0.551373490572699","1,1,1,1,1,2,1,3,2,2,4,1,3,3,3,2,2,4,4,1,5,6,3,3,3,3,3,2,1,2,4,4,1,1,4,4,3,3,5,5,5,5,6,6,6,6,5,6,6,6,5,5,5,5,5,6,6,6,6,5,3,5,5,3,3,5,5,5,5,5,6,5,3,3,5,5,5,5,5,5,5,3,2,2,2,1,5,5,5,5,2,4,4,5,5,5,2,5,5,5,5,5,5,5,5,5,5,1,1,1,5,5,5,4,4,4,4,4,4,4,4,3,3,3,3,3,3,3,3","0.000492095947265625","louvain","edit-xhwikibooks.graphml"
"0.91","0.03","0.06","0.550498065510057","1,1,1,1,2,3,2,4,3,3,2,2,4,4,4,3,3,2,2,2,5,6,4,4,4,4,4,3,1,3,2,2,2,2,7,7,4,4,5,5,5,5,6,6,6,6,5,6,6,6,5,5,5,5,5,6,6,6,6,5,4,5,5,4,4,5,5,5,5,5,6,5,4,4,5,5,5,5,5,5,5,4,3,3,3,1,5,5,5,5,3,2,2,5,5,5,3,5,5,5,5,5,5,5,5,5,5,2,2,2,5,5,5,7,7,7,7,7,7,7,7,4,4,4,4,4,4,4,4","0.000481843948364258","louvain","edit-xhwikibooks.graphml"
"0.9","0.04","0.06","0.551662260814762","1,1,1,1,2,1,2,1,1,1,2,2,1,1,1,3,1,2,2,2,4,5,1,1,1,1,1,3,1,1,2,2,2,2,6,6,7,1,4,4,4,4,5,5,5,5,4,5,5,5,4,4,4,4,4,5,5,5,5,4,1,4,4,1,1,4,4,4,4,4,5,4,1,1,4,4,4,4,4,4,4,1,3,3,3,1,4,4,4,4,1,2,2,4,4,4,3,4,4,4,4,4,4,4,4,4,4,2,2,2,4,4,4,6,6,6,6,6,6,6,6,7,7,7,7,7,7,7,7","0.000488996505737305","louvain","edit-xhwikibooks.graphml"
"0.89","0.05","0.06","0.551414930555556","1,1,1,1,2,3,2,3,3,3,2,2,3,3,3,4,3,2,2,2,5,6,3,3,3,3,3,4,1,3,2,2,2,2,7,7,8,3,5,5,5,5,6,6,6,6,5,6,6,6,5,5,5,5,5,6,6,6,6,5,3,5,5,3,3,5,5,5,5,5,6,5,3,3,5,5,5,5,5,5,5,3,4,4,4,1,5,5,5,5,3,2,2,5,5,5,4,5,5,5,5,5,5,5,5,5,5,2,2,2,5,5,5,7,7,7,7,7,7,7,7,8,8,8,8,8,8,8,8","0.000515222549438477","louvain","edit-xhwikibooks.graphml"
"0.88","0.06","0.06","0.545720486111111","1,2,1,1,1,2,1,2,2,2,3,1,2,4,4,2,2,3,3,1,5,6,2,2,4,4,4,2,2,2,3,3,1,1,3,3,4,4,5,5,5,5,6,6,6,6,5,6,6,6,5,5,5,5,5,6,6,6,6,5,2,5,5,2,4,5,5,5,5,5,6,5,4,4,5,5,5,5,5,5,5,4,2,2,2,2,5,5,5,5,2,3,3,5,5,5,2,5,5,5,5,5,5,5,5,5,5,1,1,1,5,5,5,3,3,3,3,3,3,3,3,4,4,4,4,4,4,4,4","0.000472068786621094","louvain","edit-xhwikibooks.graphml"
"0.87","0.07","0.06","0.534114984155727","1,2,1,1,1,3,1,2,3,3,1,1,2,2,2,3,3,1,1,1,4,5,2,2,2,2,2,3,2,3,1,1,1,1,6,6,2,2,4,4,4,4,5,5,5,5,4,5,5,5,4,4,4,4,4,5,5,5,5,4,7,4,4,2,2,4,4,4,4,4,5,4,2,2,4,4,4,4,4,4,4,2,3,3,3,8,4,4,4,4,9,10,11,4,4,4,3,4,4,4,4,4,4,4,4,4,4,1,1,1,4,4,4,6,6,6,6,6,6,6,6,2,2,2,2,2,2,2,2","0.00049591064453125","louvain","edit-xhwikibooks.graphml"
"0.86","0.08","0.06","0.539724576271186","1,1,1,1,2,1,2,3,1,1,2,2,3,3,3,1,1,2,2,2,4,5,3,3,3,3,3,1,1,1,2,2,2,2,6,6,3,3,4,4,4,4,5,5,5,5,4,5,5,5,4,4,4,4,4,5,5,5,5,4,7,4,4,3,3,4,4,4,4,4,5,4,3,3,4,4,4,4,4,4,4,3,1,1,1,8,4,4,4,4,9,10,11,4,4,4,1,4,4,4,4,4,4,4,4,4,4,2,2,2,4,4,4,6,6,6,6,6,6,6,6,3,3,3,3,3,3,3,3","0.000525951385498047","louvain","edit-xhwikibooks.graphml"
"0.85","0.09","0.06","0.538028093788389","1,1,1,1,1,1,2,3,1,1,2,2,3,3,3,1,1,2,2,2,4,5,3,3,3,3,3,1,1,1,2,2,2,2,6,6,3,3,4,4,4,4,5,5,5,5,4,5,5,5,4,4,4,4,4,5,5,5,5,4,7,4,4,3,3,4,4,4,4,4,5,4,3,3,4,4,4,4,4,4,4,3,1,1,1,8,4,4,4,4,9,10,11,4,4,4,1,4,4,4,4,4,4,4,4,4,4,2,2,2,4,4,4,6,6,6,6,6,6,6,6,3,3,3,3,3,3,3,3","0.000501155853271484","louvain","edit-xhwikibooks.graphml"
"0.84","0.1","0.06","0.537031102565472","1,1,1,1,1,2,1,3,2,2,1,1,3,3,3,2,2,1,1,4,5,6,3,3,3,3,3,2,1,2,1,1,4,4,7,7,3,3,5,5,5,5,6,6,6,6,5,6,6,6,5,5,5,5,5,6,6,6,6,5,8,5,5,3,3,5,5,5,5,5,6,5,3,3,5,5,5,5,5,5,5,3,2,2,2,9,5,5,5,5,10,11,12,5,5,5,2,5,5,5,5,5,5,5,5,5,5,4,4,4,5,5,5,7,7,7,7,7,7,7,7,3,3,3,3,3,3,3,3","0.000535011291503906","louvain","edit-xhwikibooks.graphml"
"0.83","0.11","0.06","0.536729397641409","1,1,1,1,2,1,2,3,1,1,2,2,3,3,3,1,1,2,2,2,4,5,3,3,3,3,3,1,1,1,2,2,2,2,6,6,3,3,4,4,4,4,5,5,5,5,4,5,5,5,4,4,4,4,4,5,5,5,5,4,7,4,4,3,3,4,4,4,4,4,5,4,3,3,4,4,4,4,4,4,4,3,1,1,1,8,4,4,4,4,9,10,11,4,4,4,1,4,4,4,4,4,4,4,4,4,4,2,2,2,4,4,4,6,6,6,6,6,6,6,6,3,3,3,3,3,3,3,3","0.000527143478393555","louvain","edit-xhwikibooks.graphml"
"0.82","0.12","0.06","0.540008680555556","1,2,1,1,1,3,1,2,3,3,1,1,2,2,2,3,3,1,1,1,4,5,2,2,2,2,2,3,2,3,1,1,1,1,6,6,2,2,4,4,4,4,5,5,5,5,4,5,5,5,4,4,4,4,4,5,5,5,5,4,7,4,4,2,2,4,4,4,4,4,5,4,2,2,4,4,4,4,4,4,4,2,3,3,3,8,4,4,4,4,9,10,11,4,4,4,3,4,4,4,4,4,4,4,4,4,4,1,1,1,4,4,4,6,6,6,6,6,6,6,6,2,2,2,2,2,2,2,2","0.000575065612792969","louvain","edit-xhwikibooks.graphml"
"0.81","0.13","0.06","0.519293116695714","1,1,1,1,2,1,2,1,1,1,2,2,1,1,1,1,3,2,2,2,4,5,1,1,1,1,1,1,1,6,7,2,2,2,8,8,9,1,4,4,4,4,5,5,5,5,4,5,5,5,4,4,4,4,4,5,5,5,5,4,10,4,4,11,12,4,4,4,4,4,5,4,1,1,4,4,4,4,4,4,4,13,1,1,1,14,4,4,4,4,15,16,17,4,4,4,18,4,4,4,4,4,4,4,4,4,4,19,20,4,4,4,4,8,8,8,8,8,8,8,8,9,9,9,9,9,9,9,9","0.000538110733032227","louvain","edit-xhwikibooks.graphml"
"0.8","0.14","0.06","0.519780363936208","1,1,1,1,1,2,1,2,2,2,1,1,2,2,2,2,3,1,4,1,5,6,2,2,2,2,2,2,1,7,8,4,1,1,4,4,9,2,5,5,5,5,6,6,6,6,5,6,6,6,5,5,5,5,5,6,6,6,6,5,10,5,5,11,12,5,5,5,5,5,6,5,2,2,5,5,5,5,5,5,5,13,2,2,2,14,5,5,5,5,15,16,17,5,5,5,18,5,5,5,5,5,5,5,5,5,5,19,20,5,5,5,5,4,4,4,4,4,4,4,4,9,9,9,9,9,9,9,9","0.000471830368041992","louvain","edit-xhwikibooks.graphml"
"0.79","0.15","0.06","0.524508729636935","1,1,1,1,1,2,1,2,2,2,1,1,2,2,2,2,3,1,1,1,4,5,2,2,2,2,2,2,1,6,7,1,1,1,8,8,9,2,4,4,4,4,5,5,5,5,4,5,5,5,4,4,4,4,4,5,5,5,5,4,10,4,4,11,12,4,4,4,4,4,5,4,2,2,4,4,4,4,4,4,4,13,2,2,2,14,4,4,4,4,15,16,17,4,4,4,18,4,4,4,4,4,4,4,4,4,4,19,20,4,4,4,4,8,8,8,8,8,8,8,8,9,9,9,9,9,9,9,9","0.000519990921020508","louvain","edit-xhwikibooks.graphml"
"0.78","0.16","0.06","0.527876867360797","1,1,1,1,1,2,1,2,2,2,1,1,2,2,2,2,3,1,1,1,4,5,2,2,2,2,2,2,1,6,7,1,1,1,8,8,9,2,4,4,4,4,5,5,5,5,4,5,5,5,4,4,4,4,4,5,5,5,5,4,10,4,4,11,12,4,4,4,4,4,5,4,2,2,4,4,4,4,4,4,4,13,2,2,2,14,4,4,4,4,15,16,17,4,4,4,18,4,4,4,4,4,4,4,4,4,4,19,20,4,4,4,4,8,8,8,8,8,8,8,8,9,9,9,9,9,9,9,9","0.000478029251098633","louvain","edit-xhwikibooks.graphml"
"0.77","0.17","0.06","0.529526963271556","1,1,1,1,1,2,1,2,2,2,1,1,2,2,2,2,3,1,1,1,4,5,2,2,2,2,2,2,1,6,7,1,1,1,8,8,9,2,4,4,4,4,5,5,5,5,4,5,5,5,4,4,4,4,4,5,5,5,5,4,10,4,4,11,12,4,4,4,4,4,5,4,2,2,4,4,4,4,4,4,4,13,2,2,2,14,4,4,4,4,15,16,17,4,4,4,18,4,4,4,4,4,4,4,4,4,4,19,20,4,4,4,4,8,8,8,8,8,8,8,8,9,9,9,9,9,9,9,9","0.000532865524291992","louvain","edit-xhwikibooks.graphml"
"0.76","0.18","0.06","0.529526963271556","1,2,1,1,1,3,1,3,3,3,1,1,3,3,3,3,4,1,1,1,5,2,3,3,3,3,3,3,2,6,7,1,1,1,8,8,9,3,5,5,5,5,2,2,2,2,5,2,2,2,5,5,5,5,5,2,2,2,2,5,10,5,5,11,12,5,5,5,5,5,2,5,3,3,5,5,5,5,5,5,5,13,3,3,3,14,5,5,5,5,15,16,17,5,5,5,18,5,5,5,5,5,5,5,5,5,5,19,20,5,5,5,5,8,8,8,8,8,8,8,8,9,9,9,9,9,9,9,9","0.000589847564697266","louvain","edit-xhwikibooks.graphml"
"0.75","0.19","0.06","0.49199012345679","1,1,1,2,3,2,4,2,2,2,4,5,2,2,2,2,6,7,4,8,9,1,10,2,2,2,2,2,1,11,12,13,8,14,4,4,15,2,9,9,9,9,1,1,1,1,9,1,1,1,9,9,9,9,9,1,1,1,1,9,16,9,9,17,18,9,9,9,9,9,1,9,19,20,9,9,9,9,9,9,9,21,22,23,24,25,9,9,9,9,26,27,28,9,9,9,29,9,9,9,9,9,9,9,9,9,9,30,31,9,9,9,9,4,4,4,4,4,4,4,4,15,15,15,15,15,15,15,15","0.000477075576782227","louvain","edit-xhwikibooks.graphml"
"0.74","0.2","0.06","0.499000562789885","1,1,1,2,3,2,4,2,2,2,4,5,2,2,2,2,6,7,4,8,9,1,10,2,2,2,2,2,1,11,12,13,8,14,4,4,15,2,9,9,9,9,1,1,1,1,9,1,1,1,9,9,9,9,9,1,1,1,1,9,16,9,9,17,18,9,9,9,9,9,1,9,19,20,9,9,9,9,9,9,9,21,22,23,24,25,9,9,9,9,26,27,28,9,9,9,29,9,9,9,9,9,9,9,9,9,9,30,31,9,9,9,9,4,4,4,4,4,4,4,4,15,15,15,15,15,15,15,15","0.000498056411743164","louvain","edit-xhwikibooks.graphml"
"0.73","0.21","0.06","0.493584564481379","1,1,1,2,3,2,4,2,2,2,4,5,2,2,2,2,6,7,4,8,9,1,10,2,2,2,2,2,1,11,12,13,8,14,4,4,2,2,9,9,9,9,1,1,1,1,9,1,1,1,9,9,9,9,9,1,1,1,1,9,15,9,9,16,17,9,9,9,9,9,1,9,18,19,9,9,9,9,9,9,9,20,21,22,23,24,9,9,9,9,25,26,27,9,9,9,28,9,9,9,9,9,9,9,9,9,9,29,30,9,9,9,9,4,4,4,4,4,4,4,4,2,2,2,2,2,2,2,2","0.000491857528686523","louvain","edit-xhwikibooks.graphml"
"0.72","0.22","0.06","0.497422283779625","1,1,1,2,3,2,4,2,2,2,4,5,2,2,2,2,6,7,4,8,9,1,10,2,2,2,2,2,1,11,12,13,8,14,4,4,15,2,9,9,9,9,1,1,1,1,9,1,1,1,9,9,9,9,9,1,1,1,1,9,16,9,9,17,18,9,9,9,9,9,1,9,19,20,9,9,9,9,9,9,9,21,22,23,24,25,9,9,9,9,26,27,28,9,9,9,29,9,9,9,9,9,9,9,9,9,9,30,31,9,9,9,9,4,4,4,4,4,4,4,4,15,15,15,15,15,15,15,15","0.000478029251098633","louvain","edit-xhwikibooks.graphml"
"0.71","0.23","0.06","0.503157736923971","1,1,1,2,3,2,4,2,2,2,4,5,2,2,2,2,6,7,4,8,9,1,10,2,2,2,2,2,1,11,12,13,8,14,4,4,15,2,9,9,9,9,1,1,1,1,9,1,1,1,9,9,9,9,9,1,1,1,1,9,16,9,9,17,18,9,9,9,9,9,1,9,19,20,9,9,9,9,9,9,9,21,22,23,24,25,9,9,9,9,26,27,28,9,9,9,29,9,9,9,9,9,9,9,9,9,9,30,31,9,9,9,9,4,4,4,4,4,4,4,4,15,15,15,15,15,15,15,15","0.000488042831420898","louvain","edit-xhwikibooks.graphml"
"0.7","0.24","0.06","0.506493385850178","1,1,1,2,3,2,4,2,2,2,4,5,2,2,2,2,6,7,4,8,9,10,11,2,2,2,2,2,1,12,13,14,8,15,4,4,16,2,9,9,9,9,10,10,10,10,9,10,10,10,9,9,9,9,9,10,10,10,10,9,17,9,9,18,19,9,9,9,9,9,10,9,20,21,9,9,9,9,9,9,9,22,23,24,25,26,9,9,9,9,27,28,29,9,9,9,30,9,9,9,9,9,9,9,9,9,9,31,32,9,9,9,9,4,4,4,4,4,4,4,4,16,16,16,16,16,16,16,16","0.000481128692626953","louvain","edit-xhwikibooks.graphml"
"0.69","0.25","0.06","0.503803717143436","1,1,1,2,3,2,4,2,2,2,5,6,2,2,2,2,7,8,9,10,11,1,12,2,2,2,2,2,1,13,14,15,16,17,9,9,18,2,11,11,11,11,1,1,1,1,11,1,1,1,11,11,11,11,11,1,1,1,1,11,19,11,11,20,21,11,11,11,11,11,1,11,22,23,11,11,11,11,11,11,11,24,25,26,27,28,11,11,11,11,29,30,31,11,11,11,32,11,11,11,11,11,11,11,11,11,11,33,34,11,11,11,11,9,9,9,9,9,9,9,9,18,18,18,18,18,18,18,18","0.000458955764770508","louvain","edit-xhwikibooks.graphml"
"0.68","0.26","0.06","0.503803717143436","1,1,1,2,3,2,4,2,2,2,5,6,2,2,2,2,7,8,9,10,11,1,12,2,2,2,2,2,1,13,14,15,16,17,9,9,18,2,11,11,11,11,1,1,1,1,11,1,1,1,11,11,11,11,11,1,1,1,1,11,19,11,11,20,21,11,11,11,11,11,1,11,22,23,11,11,11,11,11,11,11,24,25,26,27,28,11,11,11,11,29,30,31,11,11,11,32,11,11,11,11,11,11,11,11,11,11,33,34,11,11,11,11,9,9,9,9,9,9,9,9,18,18,18,18,18,18,18,18","0.000505924224853516","louvain","edit-xhwikibooks.graphml"
"0.67","0.27","0.06","0.503803717143436","1,1,1,2,3,2,4,2,2,2,5,6,2,2,2,2,7,8,9,10,11,1,12,2,2,2,2,2,1,13,14,15,16,17,9,9,18,2,11,11,11,11,1,1,1,1,11,1,1,1,11,11,11,11,11,1,1,1,1,11,19,11,11,20,21,11,11,11,11,11,1,11,22,23,11,11,11,11,11,11,11,24,25,26,27,28,11,11,11,11,29,30,31,11,11,11,32,11,11,11,11,11,11,11,11,11,11,33,34,11,11,11,11,9,9,9,9,9,9,9,9,18,18,18,18,18,18,18,18","0.000494003295898438","louvain","edit-xhwikibooks.graphml"
"0.66","0.28","0.06","0.502264592008182","1,1,1,2,3,2,4,2,2,2,5,6,2,2,2,2,7,8,9,10,11,1,12,2,2,2,2,2,1,13,14,15,16,17,9,9,18,2,11,11,11,11,1,1,1,1,11,1,1,1,11,11,11,11,11,1,1,1,1,11,19,11,11,20,21,11,11,11,11,11,1,11,22,23,11,11,11,11,11,11,11,24,25,26,27,28,11,11,11,11,29,30,31,11,11,11,32,11,11,11,11,11,11,11,11,11,11,33,34,11,11,11,11,9,9,9,9,9,9,9,9,18,18,18,18,18,18,18,18","0.000485897064208984","louvain","edit-xhwikibooks.graphml"
"0.65","0.29","0.06","0.508797759264579","1,1,1,2,3,2,4,2,2,2,5,6,2,2,2,2,7,8,9,10,11,1,12,2,2,2,2,2,1,13,14,15,16,17,9,9,18,2,11,11,11,11,1,1,1,1,11,1,1,1,11,11,11,11,11,1,1,1,1,11,19,11,11,20,21,11,11,11,11,11,1,11,22,23,11,11,11,11,11,11,11,24,25,26,27,28,11,11,11,11,29,30,31,11,11,11,32,11,11,11,11,11,11,11,11,11,11,33,34,11,11,11,11,9,9,9,9,9,9,9,9,18,18,18,18,18,18,18,18","0.000461816787719727","louvain","edit-xhwikibooks.graphml"
"0.64","0.3","0.06","0.507272694902882","1,1,1,2,3,2,4,2,2,2,5,6,2,2,2,2,7,8,9,10,11,1,12,2,2,2,2,2,1,13,14,15,16,17,9,9,18,2,11,11,11,11,1,1,1,1,11,1,1,1,11,11,11,11,11,1,1,1,1,11,19,11,11,20,21,11,11,11,11,11,1,11,22,23,11,11,11,11,11,11,11,24,25,26,27,28,11,11,11,11,29,30,31,11,11,11,32,11,11,11,11,11,11,11,11,11,11,33,34,11,11,11,11,9,9,9,9,9,9,9,9,18,18,18,18,18,18,18,18","0.000488996505737305","louvain","edit-xhwikibooks.graphml"
"0.63","0.31","0.06","0.493042137336504","1,1,1,2,3,1,4,1,5,6,7,8,1,5,5,1,9,10,11,12,13,14,15,5,5,5,5,16,17,18,19,20,21,22,11,11,23,5,13,13,13,13,14,14,14,14,13,14,14,14,13,13,13,13,13,14,14,14,14,13,24,13,13,25,26,13,13,13,13,13,14,13,27,28,13,13,13,13,13,13,13,29,30,31,32,33,13,13,13,13,34,35,36,13,13,13,37,13,13,13,13,13,13,13,13,13,13,38,39,13,13,13,13,11,11,11,11,11,11,11,11,23,23,23,23,23,23,23,23","0.000456094741821289","louvain","edit-xhwikibooks.graphml"
"0.62","0.32","0.06","0.495206004821389","1,1,1,2,3,1,4,1,5,6,7,8,1,5,5,1,9,10,11,12,13,14,15,5,5,5,5,16,17,18,19,20,21,22,11,11,23,5,13,13,13,13,14,14,14,14,13,14,14,14,13,13,13,13,13,14,14,14,14,13,24,13,13,25,26,13,13,13,13,13,14,13,27,28,13,13,13,13,13,13,13,29,30,31,32,33,13,13,13,13,34,35,36,13,13,13,37,13,13,13,13,13,13,13,13,13,13,38,39,13,13,13,13,11,11,11,11,11,11,11,11,23,23,23,23,23,23,23,23","0.000500917434692383","louvain","edit-xhwikibooks.graphml"
"0.61","0.33","0.06","0.495206004821389","1,1,1,2,3,1,4,1,5,6,7,8,1,5,5,1,9,10,11,12,13,14,15,5,5,5,5,16,17,18,19,20,21,22,11,11,23,5,13,13,13,13,14,14,14,14,13,14,14,14,13,13,13,13,13,14,14,14,14,13,24,13,13,25,26,13,13,13,13,13,14,13,27,28,13,13,13,13,13,13,13,29,30,31,32,33,13,13,13,13,34,35,36,13,13,13,37,13,13,13,13,13,13,13,13,13,13,38,39,13,13,13,13,11,11,11,11,11,11,11,11,23,23,23,23,23,23,23,23","0.00046992301940918","louvain","edit-xhwikibooks.graphml"
"0.6","0.34","0.06","0.541789648554056","1,1,1,2,3,1,4,1,5,6,7,8,1,5,5,1,9,10,11,12,13,14,15,5,5,5,5,16,17,18,19,20,21,22,11,11,23,5,13,13,13,13,14,14,14,14,13,14,14,14,13,13,13,13,13,14,14,14,14,13,24,13,13,25,26,13,13,13,13,13,14,13,27,28,13,13,13,13,13,13,13,29,30,31,32,33,13,13,13,13,34,35,36,13,13,13,37,13,13,13,13,13,13,13,13,13,13,38,39,13,13,13,13,11,11,11,11,11,11,11,11,23,23,23,23,23,23,23,23","0.000494956970214844","louvain","edit-xhwikibooks.graphml"
"0.59","0.35","0.06","0.53894292027548","1,1,1,2,3,1,4,1,5,6,7,8,1,5,5,1,9,10,11,12,13,14,15,5,5,5,5,16,17,18,19,20,21,22,11,11,5,5,13,13,13,13,14,14,14,14,13,14,14,14,13,13,13,13,13,14,14,14,14,13,23,13,13,24,25,13,13,13,13,13,14,13,26,27,13,13,13,13,13,13,13,28,29,30,31,32,13,13,13,13,33,34,35,13,13,13,36,13,13,13,13,13,13,13,13,13,13,37,38,13,13,13,13,11,11,11,11,11,11,11,11,5,5,5,5,5,5,5,5","0.000468015670776367","louvain","edit-xhwikibooks.graphml"
"0.58","0.36","0.06","0.53744","1,1,1,2,3,1,4,1,5,6,7,8,1,5,5,1,9,10,11,12,13,14,15,5,5,5,5,16,17,18,19,20,21,22,11,11,5,5,13,13,13,13,14,14,14,14,13,14,14,14,13,13,13,13,13,14,14,14,14,13,23,13,13,24,25,13,13,13,13,13,14,13,26,27,13,13,13,13,13,13,13,28,29,30,31,32,13,13,13,13,33,34,35,13,13,13,36,13,13,13,13,13,13,13,13,13,13,37,38,13,13,13,13,11,11,11,11,11,11,11,11,5,5,5,5,5,5,5,5","0.000451803207397461","louvain","edit-xhwikibooks.graphml"
"0.57","0.37","0.06","0.531683849923782","1,1,1,2,3,1,4,1,5,6,7,8,9,5,5,10,11,12,13,14,15,16,17,5,5,5,5,18,19,20,21,22,23,24,13,13,25,26,15,15,15,15,16,16,16,16,15,16,16,16,15,15,15,15,15,16,16,16,16,15,27,15,15,28,29,15,15,15,15,15,16,15,30,31,15,15,15,15,15,15,15,32,33,34,35,36,15,15,15,15,37,38,39,15,15,15,40,15,15,15,15,15,15,15,15,15,15,41,42,15,15,15,15,13,13,13,13,13,13,13,13,25,25,25,25,25,25,25,25","0.000560998916625977","louvain","edit-xhwikibooks.graphml"
"0.56","0.38","0.06","0.533402687053435","1,1,1,2,3,1,4,1,5,6,7,8,9,5,5,10,11,12,13,14,15,16,17,5,5,5,5,18,19,20,21,22,23,24,13,13,25,26,15,15,15,15,16,16,16,16,15,16,16,16,15,15,15,15,15,16,16,16,16,15,27,15,15,28,29,15,15,15,15,15,16,15,30,31,15,15,15,15,15,15,15,32,33,34,35,36,15,15,15,15,37,38,39,15,15,15,40,15,15,15,15,15,15,15,15,15,15,41,42,15,15,15,15,13,13,13,13,13,13,13,13,25,25,25,25,25,25,25,25","0.000601053237915039","louvain","edit-xhwikibooks.graphml"
"0.55","0.39","0.06","0.539634291519182","1,1,1,2,3,1,4,1,5,6,7,8,9,5,5,10,11,12,13,14,15,16,17,5,5,5,5,18,19,20,21,22,23,24,13,13,25,26,15,15,15,15,16,16,16,16,15,16,16,16,15,15,15,15,15,16,16,16,16,15,27,15,15,28,29,15,15,15,15,15,16,15,30,31,15,15,15,15,15,15,15,32,33,34,35,36,15,15,15,15,37,38,39,15,15,15,40,15,15,15,15,15,15,15,15,15,15,41,42,15,15,15,15,13,13,13,13,13,13,13,13,25,25,25,25,25,25,25,25","0.000452041625976562","louvain","edit-xhwikibooks.graphml"
"0.54","0.4","0.06","0.544136338272677","1,1,1,2,3,1,4,1,5,6,7,8,9,5,5,10,11,12,13,14,15,16,17,5,5,5,5,18,19,20,21,22,23,24,13,13,25,26,15,15,15,15,16,16,16,16,15,16,16,16,15,15,15,15,15,16,16,16,16,15,27,15,15,28,29,15,15,15,15,15,16,15,30,31,15,15,15,15,15,15,15,32,33,34,35,36,15,15,15,15,37,38,39,15,15,15,40,15,15,15,15,15,15,15,15,15,15,41,42,15,15,15,15,13,13,13,13,13,13,13,13,25,25,25,25,25,25,25,25","0.000482082366943359","louvain","edit-xhwikibooks.graphml"
"0.53","0.41","0.06","0.544136338272677","1,1,1,2,3,1,4,1,5,6,7,8,9,5,5,10,11,12,13,14,15,16,17,5,5,5,5,18,19,20,21,22,23,24,13,13,25,26,15,15,15,15,16,16,16,16,15,16,16,16,15,15,15,15,15,16,16,16,16,15,27,15,15,28,29,15,15,15,15,15,16,15,30,31,15,15,15,15,15,15,15,32,33,34,35,36,15,15,15,15,37,38,39,15,15,15,40,15,15,15,15,15,15,15,15,15,15,41,42,15,15,15,15,13,13,13,13,13,13,13,13,25,25,25,25,25,25,25,25","0.00049901008605957","louvain","edit-xhwikibooks.graphml"
"0.52","0.42","0.06","0.542614379084967","1,1,1,2,3,1,4,1,5,6,7,8,9,5,5,10,11,12,13,14,15,16,17,5,5,5,5,18,19,20,21,22,23,24,13,13,25,26,15,15,15,15,16,16,16,16,15,16,16,16,15,15,15,15,15,16,16,16,16,15,27,15,15,28,29,15,15,15,15,15,16,15,30,31,15,15,15,15,15,15,15,32,33,34,35,36,15,15,15,15,37,38,39,15,15,15,40,15,15,15,15,15,15,15,15,15,15,41,42,15,15,15,15,13,13,13,13,13,13,13,13,25,25,25,25,25,25,25,25","0.000462055206298828","louvain","edit-xhwikibooks.graphml"
"0.51","0.43","0.06","0.541002046587199","1,1,1,2,3,4,5,6,7,8,9,10,11,6,6,12,13,14,15,16,17,18,19,20,6,6,6,21,22,23,24,25,26,27,15,15,28,29,17,17,17,17,18,18,18,18,17,18,18,18,17,17,17,17,17,18,18,18,18,17,30,17,17,31,32,17,17,17,17,17,18,17,33,34,17,17,17,17,17,17,17,35,36,37,38,39,17,17,17,17,40,41,42,17,17,17,43,17,17,17,17,17,17,17,17,17,17,44,45,17,17,17,17,15,15,15,15,15,15,15,15,28,28,28,28,28,28,28,28","0.000441789627075195","louvain","edit-xhwikibooks.graphml"
"0.5","0.44","0.06","0.539463078926158","1,1,1,2,3,4,5,6,7,8,9,10,11,6,6,12,13,14,15,16,17,18,19,20,6,6,6,21,22,23,24,25,26,27,15,15,28,29,17,17,17,17,18,18,18,18,17,18,18,18,17,17,17,17,17,18,18,18,18,17,30,17,17,31,32,17,17,17,17,17,18,17,33,34,17,17,17,17,17,17,17,35,36,37,38,39,17,17,17,17,40,41,42,17,17,17,43,17,17,17,17,17,17,17,17,17,17,44,45,17,17,17,17,15,15,15,15,15,15,15,15,28,28,28,28,28,28,28,28","0.000451803207397461","louvain","edit-xhwikibooks.graphml"
"0.49","0.45","0.06","0.545318603515625","1,1,1,2,3,4,5,6,7,8,9,10,11,6,6,12,13,14,15,16,17,18,19,20,6,6,6,21,22,23,24,25,26,27,15,15,28,29,17,17,17,17,18,18,18,18,17,18,18,18,17,17,17,17,17,18,18,18,18,17,30,17,17,31,32,17,17,17,17,17,18,17,33,34,17,17,17,17,17,17,17,35,36,37,38,39,17,17,17,17,40,41,42,17,17,17,43,17,17,17,17,17,17,17,17,17,17,44,45,17,17,17,17,15,15,15,15,15,15,15,15,28,28,28,28,28,28,28,28","0.000412940979003906","louvain","edit-xhwikibooks.graphml"
"0.48","0.46","0.06","0.543793244409453","1,1,1,2,3,4,5,6,7,8,9,10,11,6,6,12,13,14,15,16,17,18,19,20,6,6,6,21,22,23,24,25,26,27,15,15,28,29,17,17,17,17,18,18,18,18,17,18,18,18,17,17,17,17,17,18,18,18,18,17,30,17,17,31,32,17,17,17,17,17,18,17,33,34,17,17,17,17,17,17,17,35,36,37,38,39,17,17,17,17,40,41,42,17,17,17,43,17,17,17,17,17,17,17,17,17,17,44,45,17,17,17,17,15,15,15,15,15,15,15,15,28,28,28,28,28,28,28,28","0.000464916229248047","louvain","edit-xhwikibooks.graphml"
"0.47","0.47","0.06","0.546691905534523","1,1,1,2,3,4,5,6,7,8,9,10,11,6,6,12,13,14,15,16,17,18,19,20,6,6,6,21,22,23,24,25,26,27,15,15,28,29,17,17,17,17,18,18,18,18,17,18,18,18,17,17,17,17,17,18,18,18,18,17,30,17,17,31,32,17,17,17,17,17,18,17,33,34,17,17,17,17,17,17,17,35,36,37,38,39,17,17,17,17,40,41,42,17,17,17,43,17,17,17,17,17,17,17,17,17,17,44,45,17,17,17,17,15,15,15,15,15,15,15,15,28,28,28,28,28,28,28,28","0.000461101531982422","louvain","edit-xhwikibooks.graphml"
"0.46","0.48","0.06","0.545176726643908","1,1,1,2,3,4,5,6,7,8,9,10,11,6,6,12,13,14,15,16,17,18,19,20,6,6,6,21,22,23,24,25,26,27,15,15,28,29,17,17,17,17,18,18,18,18,17,18,18,18,17,17,17,17,17,18,18,18,18,17,30,17,17,31,32,17,17,17,17,17,18,17,33,34,17,17,17,17,17,17,17,35,36,37,38,39,17,17,17,17,40,41,42,17,17,17,43,17,17,17,17,17,17,17,17,17,17,44,45,17,17,17,17,15,15,15,15,15,15,15,15,28,28,28,28,28,28,28,28","0.000463008880615234","louvain","edit-xhwikibooks.graphml"
"0.45","0.49","0.06","0.505073038535263","1,1,1,2,3,4,5,6,7,8,9,10,11,12,12,13,14,15,16,17,18,19,20,21,12,12,12,22,23,24,25,26,27,28,16,16,12,29,18,18,18,18,19,19,19,19,18,19,19,19,18,18,18,18,18,19,19,19,19,18,30,18,18,31,32,18,18,18,18,18,19,18,33,34,18,18,18,18,18,18,18,35,36,37,38,39,18,18,18,18,40,41,42,18,18,18,43,18,18,18,18,18,18,18,18,18,18,44,45,18,18,18,18,16,46,47,16,16,16,16,16,48,49,50,51,52,53,54,55","0.000465154647827148","louvain","edit-xhwikibooks.graphml"
"0.44","0.5","0.06","0.614470778568982","1,1,1,2,3,4,5,6,7,8,9,10,11,11,11,12,13,14,15,16,17,18,19,6,11,11,11,20,21,22,23,24,25,26,15,15,11,27,17,17,17,17,18,18,18,18,17,18,18,18,17,17,17,17,17,18,18,18,18,17,28,17,17,29,30,17,17,17,17,17,18,17,31,32,17,17,17,17,17,17,17,33,34,35,36,37,17,17,17,17,38,39,40,17,17,17,41,17,17,17,17,17,17,17,17,17,17,42,43,17,17,17,17,15,44,45,15,15,15,15,15,46,47,48,49,50,51,52,53","0.000490903854370117","louvain","edit-xhwikibooks.graphml"
"0.43","0.51","0.06","0.614470778568982","1,1,1,2,3,4,5,6,7,8,9,10,11,11,11,12,13,14,15,16,17,18,19,6,11,11,11,20,21,22,23,24,25,26,15,15,11,27,17,17,17,17,18,18,18,18,17,18,18,18,17,17,17,17,17,18,18,18,18,17,28,17,17,29,30,17,17,17,17,17,18,17,31,32,17,17,17,17,17,17,17,33,34,35,36,37,17,17,17,17,38,39,40,17,17,17,41,17,17,17,17,17,17,17,17,17,17,42,43,17,17,17,17,15,44,45,15,15,15,15,15,46,47,48,49,50,51,52,53","0.000474929809570312","louvain","edit-xhwikibooks.graphml"
"0.42","0.52","0.06","0.614470778568982","1,1,1,2,3,4,5,6,7,8,9,10,11,11,11,12,13,14,15,16,17,18,19,6,11,11,11,20,21,22,23,24,25,26,15,15,11,27,17,17,17,17,18,18,18,18,17,18,18,18,17,17,17,17,17,18,18,18,18,17,28,17,17,29,30,17,17,17,17,17,18,17,31,32,17,17,17,17,17,17,17,33,34,35,36,37,17,17,17,17,38,39,40,17,17,17,41,17,17,17,17,17,17,17,17,17,17,42,43,17,17,17,17,15,44,45,15,15,15,15,15,46,47,48,49,50,51,52,53","0.000478982925415039","louvain","edit-xhwikibooks.graphml"
"0.41","0.53","0.06","0.613107524863952","1,1,1,2,3,4,5,6,7,8,9,10,11,11,11,12,13,14,15,16,17,18,19,6,11,11,11,20,21,22,23,24,25,26,15,15,11,27,17,17,17,17,18,18,18,18,17,18,18,18,17,17,17,17,17,18,18,18,18,17,28,17,17,29,30,17,17,17,17,17,18,17,31,32,17,17,17,17,17,17,17,33,34,35,36,37,17,17,17,17,38,39,40,17,17,17,41,17,17,17,17,17,17,17,17,17,17,42,43,17,17,17,17,15,44,45,15,15,15,15,15,46,47,48,49,50,51,52,53","0.000499963760375977","louvain","edit-xhwikibooks.graphml"
"0.4","0.54","0.06","0.615243043017392","1,1,1,2,3,4,5,6,7,8,9,10,11,11,11,12,13,14,15,16,17,18,19,6,11,11,11,20,21,22,23,24,25,26,15,15,11,27,17,17,17,17,18,18,18,18,17,18,18,18,17,17,17,17,17,18,18,18,18,17,28,17,17,29,30,17,17,17,17,17,18,17,31,32,17,17,17,17,17,17,17,33,34,35,36,37,17,17,17,17,38,39,40,17,17,17,41,17,17,17,17,17,17,17,17,17,17,42,43,17,17,17,17,15,44,45,15,15,15,15,15,46,47,48,49,50,51,52,53","0.000454902648925781","louvain","edit-xhwikibooks.graphml"
"0.39","0.55","0.06","0.611865018812101","1,1,1,2,3,4,5,6,7,8,9,10,11,11,11,12,13,14,15,16,17,18,19,6,11,11,11,20,21,22,23,24,25,26,15,15,11,27,17,17,17,17,18,18,18,18,17,18,18,18,17,17,17,17,17,18,18,18,18,17,28,17,17,29,30,17,17,17,17,17,18,17,31,32,17,17,17,17,17,17,17,33,34,35,36,37,17,17,17,17,38,39,40,17,17,17,41,17,17,17,17,17,17,17,17,17,17,42,43,17,17,17,17,15,44,45,15,15,15,15,15,46,47,48,49,50,51,52,53","0.000483989715576172","louvain","edit-xhwikibooks.graphml"
"0.38","0.56","0.06","0.615386383223212","1,1,1,2,3,4,5,6,7,8,9,10,11,11,11,12,13,14,15,16,17,18,19,6,11,11,11,20,21,22,23,24,25,26,15,15,11,27,17,17,17,17,18,18,18,18,17,18,18,18,17,17,17,17,17,18,18,18,18,17,28,17,17,29,30,17,17,17,17,17,18,17,31,32,17,17,17,17,17,17,17,33,34,35,36,37,17,17,17,17,38,39,40,17,17,17,41,17,17,17,17,17,17,17,17,17,17,42,43,17,17,17,17,15,44,45,15,15,15,15,15,46,47,48,49,50,51,52,53","0.000481128692626953","louvain","edit-xhwikibooks.graphml"
"0.37","0.57","0.06","0.614043097151205","1,1,1,2,3,4,5,6,7,8,9,10,11,11,11,12,13,14,15,16,17,18,19,6,11,11,11,20,21,22,23,24,25,26,15,15,11,27,17,17,17,17,18,18,18,18,17,18,18,18,17,17,17,17,17,18,18,18,18,17,28,17,17,29,30,17,17,17,17,17,18,17,31,32,17,17,17,17,17,17,17,33,34,35,36,37,17,17,17,17,38,39,40,17,17,17,41,17,17,17,17,17,17,17,17,17,17,42,43,17,17,17,17,15,44,45,15,15,15,15,15,46,47,48,49,50,51,52,53","0.000612020492553711","louvain","edit-xhwikibooks.graphml"
"0.36","0.58","0.06","0.61747218593757","1,1,1,2,3,4,5,6,7,8,9,10,11,11,11,12,13,14,15,16,17,18,19,6,11,11,11,20,21,22,23,24,25,26,15,15,11,27,17,17,17,17,18,18,18,18,17,18,18,18,17,17,17,17,17,18,18,18,18,17,28,17,17,29,30,17,17,17,17,17,18,17,31,32,17,17,17,17,17,17,17,33,34,35,36,37,17,17,17,17,38,39,40,17,17,17,41,17,17,17,17,17,17,17,17,17,17,42,43,17,17,17,17,15,44,45,15,15,15,15,15,46,47,48,49,50,51,52,53","0.000512838363647461","louvain","edit-xhwikibooks.graphml"
"0.35","0.59","0.06","0.618433333333333","1,1,1,2,3,4,5,6,7,8,9,10,11,11,11,12,13,14,15,16,17,18,19,6,11,11,11,20,21,22,23,24,25,26,15,15,11,27,17,17,17,17,18,18,18,18,17,18,18,18,17,17,17,17,17,18,18,18,18,17,28,17,17,29,30,17,17,17,17,17,18,17,31,32,17,17,17,17,17,17,17,33,34,35,36,37,17,17,17,17,38,39,40,17,17,17,41,17,17,17,17,17,17,17,17,17,17,42,43,17,17,17,17,15,44,45,15,15,15,15,15,46,47,48,49,50,51,52,53","0.000489950180053711","louvain","edit-xhwikibooks.graphml"
"0.34","0.6","0.06","0.622735844919083","1,1,1,2,3,4,5,6,7,8,9,10,11,11,11,12,13,14,15,16,17,18,19,6,11,11,11,20,21,22,23,24,25,26,15,15,11,27,17,17,17,17,18,18,18,18,17,18,18,18,17,17,17,17,17,18,18,18,18,17,28,17,17,29,30,17,17,17,17,17,18,17,31,32,17,17,17,17,17,17,17,33,34,35,36,37,17,17,17,17,38,39,40,17,17,17,41,17,17,17,17,17,17,17,17,17,17,42,43,17,17,17,17,15,44,45,15,15,15,15,15,46,47,48,49,50,51,52,53","0.000478029251098633","louvain","edit-xhwikibooks.graphml"
"0.33","0.61","0.06","0.617166666666667","1,1,1,2,3,4,5,6,7,8,9,10,11,11,11,12,13,14,15,16,17,18,19,6,11,11,11,20,21,22,23,24,25,26,27,27,11,28,17,17,17,17,18,18,18,18,17,18,18,18,17,17,17,17,17,18,18,18,18,17,29,17,17,30,31,17,17,17,17,17,18,17,32,33,17,17,17,17,17,17,17,34,35,36,37,38,17,17,17,17,39,40,41,17,17,17,42,17,17,17,17,17,17,17,17,17,17,43,44,17,17,17,17,27,45,46,27,27,27,27,27,47,48,49,50,51,52,53,54","0.000502109527587891","louvain","edit-xhwikibooks.graphml"
"0.32","0.62","0.06","0.619209500998885","1,1,1,2,3,4,5,6,7,8,9,10,11,11,11,12,13,14,15,16,17,18,19,6,11,11,11,20,21,22,23,24,25,26,27,27,11,28,17,17,17,17,18,18,18,18,17,18,18,18,17,17,17,17,17,18,18,18,18,17,29,17,17,30,31,17,17,17,17,17,18,17,32,33,17,17,17,17,17,17,17,34,35,36,37,38,17,17,17,17,39,40,41,17,17,17,42,17,17,17,17,17,17,17,17,17,17,43,44,17,17,17,17,27,45,46,27,27,27,27,27,47,48,49,50,51,52,53,54","0.000514984130859375","louvain","edit-xhwikibooks.graphml"
"0.31","0.63","0.06","0.61787860181571","1,1,1,2,3,4,5,6,7,8,9,10,11,11,11,12,13,14,15,16,17,18,19,6,11,11,11,20,21,22,23,24,25,26,27,27,11,28,17,17,17,17,18,18,18,18,17,18,18,18,17,17,17,17,17,18,18,18,18,17,29,17,17,30,31,17,17,17,17,17,18,17,32,33,17,17,17,17,17,17,17,34,35,36,37,38,17,17,17,17,39,40,41,17,17,17,42,17,17,17,17,17,17,17,17,17,17,43,44,17,17,17,17,27,45,46,27,27,27,27,27,47,48,49,50,51,52,53,54","0.000517129898071289","louvain","edit-xhwikibooks.graphml"
"0.3","0.64","0.06","0.61787860181571","1,1,1,2,3,4,5,6,7,8,9,10,11,11,11,12,13,14,15,16,17,18,19,6,11,11,11,20,21,22,23,24,25,26,27,27,11,28,17,17,17,17,18,18,18,18,17,18,18,18,17,17,17,17,17,18,18,18,18,17,29,17,17,30,31,17,17,17,17,17,18,17,32,33,17,17,17,17,17,17,17,34,35,36,37,38,17,17,17,17,39,40,41,17,17,17,42,17,17,17,17,17,17,17,17,17,17,43,44,17,17,17,17,27,45,46,27,27,27,27,27,47,48,49,50,51,52,53,54","0.000503063201904297","louvain","edit-xhwikibooks.graphml"
"0.29","0.65","0.06","0.618788954293629","1,1,1,2,3,4,5,6,7,8,9,10,11,11,11,12,13,14,15,16,17,18,19,6,11,11,11,20,21,22,23,24,25,26,27,27,11,28,17,17,17,17,18,18,18,18,17,18,18,18,17,17,17,17,17,18,18,18,18,17,29,17,17,30,31,17,17,17,17,17,18,17,32,33,17,17,17,17,17,17,17,34,35,36,37,38,17,17,17,17,39,40,41,17,17,17,42,17,17,17,17,17,17,17,17,17,17,43,44,17,17,17,17,27,45,46,27,27,27,27,27,47,48,49,50,51,52,53,54","0.000526905059814453","louvain","edit-xhwikibooks.graphml"
"0.28","0.66","0.06","0.618788954293629","1,1,1,2,3,4,5,6,7,8,9,10,11,11,11,12,13,14,15,16,17,18,19,6,11,11,11,20,21,22,23,24,25,26,27,27,11,28,17,17,17,17,18,18,18,18,17,18,18,18,17,17,17,17,17,18,18,18,18,17,29,17,17,30,31,17,17,17,17,17,18,17,32,33,17,17,17,17,17,17,17,34,35,36,37,38,17,17,17,17,39,40,41,17,17,17,42,17,17,17,17,17,17,17,17,17,17,43,44,17,17,17,17,27,45,46,27,27,27,27,27,47,48,49,50,51,52,53,54","0.000545978546142578","louvain","edit-xhwikibooks.graphml"
"0.27","0.67","0.06","0.646730746410348","1,1,1,2,3,4,5,6,7,8,9,10,11,11,11,12,13,14,15,16,17,18,19,6,20,20,20,21,22,23,24,25,26,27,28,28,11,29,17,17,17,17,18,18,18,18,17,18,18,18,17,17,17,17,17,18,18,18,18,17,30,17,17,31,32,17,17,17,17,17,18,17,33,34,17,17,17,17,17,17,17,35,36,37,38,39,17,17,17,17,40,41,42,17,17,17,43,17,17,17,17,17,17,17,17,17,17,44,45,17,17,17,17,28,46,47,28,28,28,28,28,48,49,50,51,52,53,54,55","0.000486850738525391","louvain","edit-xhwikibooks.graphml"
"0.26","0.68","0.06","0.646730746410348","1,1,1,2,3,4,5,6,7,8,9,10,11,11,11,12,13,14,15,16,17,18,19,6,20,20,20,21,22,23,24,25,26,27,28,28,11,29,17,17,17,17,18,18,18,18,17,18,18,18,17,17,17,17,17,18,18,18,18,17,30,17,17,31,32,17,17,17,17,17,18,17,33,34,17,17,17,17,17,17,17,35,36,37,38,39,17,17,17,17,40,41,42,17,17,17,43,17,17,17,17,17,17,17,17,17,17,44,45,17,17,17,17,28,46,47,28,28,28,28,28,48,49,50,51,52,53,54,55","0.000473976135253906","louvain","edit-xhwikibooks.graphml"
"0.25","0.69","0.06","0.645433908864889","1,1,1,2,3,4,5,6,7,8,9,10,11,11,11,12,13,14,15,16,17,18,19,6,20,20,20,21,22,23,24,25,26,27,28,28,11,29,17,17,17,17,18,18,18,18,17,18,18,18,17,17,17,17,17,18,18,18,18,17,30,17,17,31,32,17,17,17,17,17,18,17,33,34,17,17,17,17,17,17,17,35,36,37,38,39,17,17,17,17,40,41,42,17,17,17,43,17,17,17,17,17,17,17,17,17,17,44,45,17,17,17,17,28,46,47,28,28,28,28,28,48,49,50,51,52,53,54,55","0.000474929809570312","louvain","edit-xhwikibooks.graphml"
"0.24","0.7","0.06","0.6471875","1,1,1,2,3,4,5,6,7,8,9,10,11,11,11,12,13,14,15,16,17,18,19,6,20,20,20,21,22,23,24,25,26,27,28,28,11,29,17,17,17,17,18,18,18,18,17,18,18,18,17,17,17,17,17,18,18,18,18,17,30,17,17,31,32,17,17,17,17,17,18,17,33,34,17,17,17,17,17,17,17,35,36,37,38,39,17,17,17,17,40,41,42,17,17,17,43,17,17,17,17,17,17,17,17,17,17,44,45,17,17,17,17,28,46,47,28,28,28,28,28,48,49,50,51,52,53,54,55","0.000493049621582031","louvain","edit-xhwikibooks.graphml"
"0.23","0.71","0.06","0.645898234683281","1,1,1,2,3,4,5,6,7,8,9,10,11,11,11,12,13,14,15,16,17,18,19,6,20,20,20,21,22,23,24,25,26,27,28,28,11,29,17,17,17,17,18,18,18,18,17,18,18,18,17,17,17,17,17,18,18,18,18,17,30,17,17,31,32,17,17,17,17,17,18,17,33,34,17,17,17,17,17,17,17,35,36,37,38,39,17,17,17,17,40,41,42,17,17,17,43,17,17,17,17,17,17,17,17,17,17,44,45,17,17,17,17,28,46,47,28,28,28,28,28,48,49,50,51,52,53,54,55","0.000524044036865234","louvain","edit-xhwikibooks.graphml"
"0.22","0.72","0.06","0.648870400368067","1,1,1,2,3,4,5,6,7,8,9,10,11,11,11,12,13,14,15,16,17,18,19,6,20,20,20,21,22,23,24,25,26,27,28,28,11,29,17,17,17,17,18,18,18,18,17,18,18,18,17,17,17,17,17,18,18,18,18,17,30,17,17,31,32,17,17,17,17,17,18,17,33,34,17,17,17,17,17,17,17,35,36,37,38,39,17,17,17,17,40,41,42,17,17,17,43,17,17,17,17,17,17,17,17,17,17,44,45,17,17,17,17,28,46,47,28,28,28,28,28,48,49,50,51,52,53,54,55","0.000626087188720703","louvain","edit-xhwikibooks.graphml"
"0.21","0.73","0.06","0.618194033861865","1,1,1,2,3,4,5,6,7,8,9,10,11,11,11,12,13,14,15,16,17,1,18,6,19,19,19,20,21,22,23,24,25,26,27,27,11,28,17,17,17,17,29,30,31,32,17,33,34,35,17,17,17,17,17,36,37,38,39,17,40,17,17,41,42,17,17,17,17,17,43,17,44,45,17,17,17,17,17,17,17,46,47,48,49,50,17,17,17,17,51,52,53,17,17,17,54,17,17,17,17,17,17,17,17,17,17,55,56,17,17,17,17,27,57,58,27,27,27,27,27,59,60,61,62,63,64,65,66","0.000501155853271484","louvain","edit-xhwikibooks.graphml"
"0.2","0.74","0.06","0.618194033861865","1,1,1,2,3,4,5,6,7,8,9,10,11,11,11,12,13,14,15,16,17,1,18,6,19,19,19,20,21,22,23,24,25,26,27,27,11,28,17,17,17,17,29,30,31,32,17,33,34,35,17,17,17,17,17,36,37,38,39,17,40,17,17,41,42,17,17,17,17,17,43,17,44,45,17,17,17,17,17,17,17,46,47,48,49,50,17,17,17,17,51,52,53,17,17,17,54,17,17,17,17,17,17,17,17,17,17,55,56,17,17,17,17,27,57,58,27,27,27,27,27,59,60,61,62,63,64,65,66","0.000497817993164062","louvain","edit-xhwikibooks.graphml"
"0.19","0.75","0.06","0.623773316157141","1,1,1,2,3,4,5,6,7,8,9,10,11,11,11,12,13,14,15,16,17,1,18,6,19,19,19,20,21,22,23,24,25,26,27,27,11,28,17,17,17,17,29,30,31,32,17,33,34,35,17,17,17,17,17,36,37,38,39,17,40,17,17,41,42,17,17,17,17,17,43,17,44,45,17,17,17,17,17,17,17,46,47,48,49,50,17,17,17,17,51,52,53,17,17,17,54,17,17,17,17,17,17,17,17,17,17,55,56,17,17,17,17,27,57,58,27,27,27,27,27,59,60,61,62,63,64,65,66","0.000520944595336914","louvain","edit-xhwikibooks.graphml"
"0.18","0.76","0.06","0.623773316157141","1,1,1,2,3,4,5,6,7,8,9,10,11,11,11,12,13,14,15,16,17,1,18,6,19,19,19,20,21,22,23,24,25,26,27,27,11,28,17,17,17,17,29,30,31,32,17,33,34,35,17,17,17,17,17,36,37,38,39,17,40,17,17,41,42,17,17,17,17,17,43,17,44,45,17,17,17,17,17,17,17,46,47,48,49,50,17,17,17,17,51,52,53,17,17,17,54,17,17,17,17,17,17,17,17,17,17,55,56,17,17,17,17,27,57,58,27,27,27,27,27,59,60,61,62,63,64,65,66","0.000529050827026367","louvain","edit-xhwikibooks.graphml"
"0.17","0.77","0.06","0.625728407908429","1,1,1,2,3,4,5,6,7,8,9,10,11,11,11,12,13,14,15,16,17,1,18,6,19,19,19,20,21,22,23,24,25,26,27,27,11,28,17,17,17,17,29,30,31,32,17,33,34,35,17,17,17,17,17,36,37,38,39,17,40,17,17,41,42,17,17,17,17,17,43,17,44,45,17,17,17,17,17,17,17,46,47,48,49,50,17,17,17,17,51,52,53,17,17,17,54,17,17,17,17,17,17,17,17,17,17,55,56,17,17,17,17,27,57,58,27,27,27,27,27,59,60,61,62,63,64,65,66","0.000472068786621094","louvain","edit-xhwikibooks.graphml"
"0.16","0.78","0.06","0.627815941777501","1,1,1,2,3,4,5,6,7,8,9,10,11,11,11,12,13,14,15,16,17,1,18,6,19,19,19,20,21,22,23,24,25,26,27,27,11,28,17,17,17,17,29,30,31,32,17,33,34,35,17,17,17,17,17,36,37,38,39,17,40,17,17,41,42,17,17,17,17,17,43,17,44,45,17,17,17,17,17,17,17,46,47,48,49,50,17,17,17,17,51,52,53,17,17,17,54,17,17,17,17,17,17,17,17,17,17,55,56,17,17,17,17,27,57,58,27,27,27,27,27,59,60,61,62,63,64,65,66","0.000687122344970703","louvain","edit-xhwikibooks.graphml"
"0.15","0.79","0.06","0.629706073268692","1,1,1,2,3,4,5,6,7,8,9,10,11,11,11,12,13,14,15,16,17,1,18,6,19,19,19,20,21,22,23,24,25,26,27,27,11,28,17,17,17,17,29,30,31,32,17,33,34,35,17,17,17,17,17,36,37,38,39,17,40,17,17,41,42,17,17,17,17,17,43,17,44,45,17,17,17,17,17,17,17,46,47,48,49,50,17,17,17,17,51,52,53,17,17,17,54,17,17,17,17,17,17,17,17,17,17,55,56,17,17,17,17,27,57,58,27,27,27,27,27,59,60,61,62,63,64,65,66","0.00048518180847168","louvain","edit-xhwikibooks.graphml"
"0.14","0.8","0.06","0.632492113564669","1,1,1,2,3,4,5,6,7,8,9,10,11,11,11,12,13,14,15,16,17,1,18,6,19,19,19,20,21,22,23,24,25,26,27,27,11,28,17,17,17,17,29,30,31,32,17,33,34,35,17,17,17,17,17,36,37,38,39,17,40,17,17,41,42,17,17,17,17,17,43,17,44,45,17,17,17,17,17,17,17,46,47,48,49,50,17,17,17,17,51,52,53,17,17,17,54,17,17,17,17,17,17,17,17,17,17,55,56,17,17,17,17,27,57,58,27,27,27,27,27,59,60,61,62,63,64,65,66","0.000496864318847656","louvain","edit-xhwikibooks.graphml"
"0.13","0.81","0.06","0.632492113564669","1,1,1,2,3,4,5,6,7,8,9,10,11,11,11,12,13,14,15,16,17,1,18,6,19,19,19,20,21,22,23,24,25,26,27,27,11,28,17,17,17,17,29,30,31,32,17,33,34,35,17,17,17,17,17,36,37,38,39,17,40,17,17,41,42,17,17,17,17,17,43,17,44,45,17,17,17,17,17,17,17,46,47,48,49,50,17,17,17,17,51,52,53,17,17,17,54,17,17,17,17,17,17,17,17,17,17,55,56,17,17,17,17,27,57,58,27,27,27,27,27,59,60,61,62,63,64,65,66","0.000500917434692383","louvain","edit-xhwikibooks.graphml"
"0.12","0.82","0.06","0.631170641984099","1,1,1,2,3,4,5,6,7,8,9,10,11,11,11,12,13,14,15,16,17,1,18,6,19,19,19,20,21,22,23,24,25,26,27,27,11,28,17,17,17,17,29,30,31,32,17,33,34,35,17,17,17,17,17,36,37,38,39,17,40,17,17,41,42,17,17,17,17,17,43,17,44,45,17,17,17,17,17,17,17,46,47,48,49,50,17,17,17,17,51,52,53,17,17,17,54,17,17,17,17,17,17,17,17,17,17,55,56,17,17,17,17,27,57,58,27,27,27,27,27,59,60,61,62,63,64,65,66","0.000504016876220703","louvain","edit-xhwikibooks.graphml"
"0.11","0.83","0.06","0.696076178633218","1,1,1,2,3,4,5,6,7,8,9,10,11,11,11,12,13,14,15,16,17,1,18,6,19,19,19,20,21,22,23,24,25,26,27,27,11,28,17,17,17,17,29,30,31,32,17,33,34,35,17,17,17,17,17,36,37,38,39,17,40,17,17,41,42,17,17,17,17,17,43,17,44,45,17,17,17,17,17,17,17,46,47,48,49,50,17,17,17,17,51,52,53,17,17,17,54,17,17,17,17,17,17,17,17,17,17,55,56,17,17,17,17,27,57,58,27,27,27,27,27,59,60,61,62,63,64,65,66","0.000490903854370117","louvain","edit-xhwikibooks.graphml"
"0.1","0.84","0.06","0.700002805481912","1,1,1,2,3,4,5,6,7,8,9,10,11,11,11,12,13,14,15,16,17,1,18,6,19,19,19,20,21,22,23,24,25,26,27,27,28,29,17,17,17,17,30,31,32,33,17,34,35,36,17,17,17,17,17,37,38,39,40,17,41,17,17,42,43,17,17,17,17,17,44,17,45,46,17,17,17,17,17,17,17,47,48,49,50,51,17,17,17,17,52,53,54,17,17,17,55,17,17,17,17,17,17,17,17,17,17,56,57,17,17,17,17,58,59,60,58,58,58,58,58,61,62,63,64,65,66,67,68","0.000449180603027344","louvain","edit-xhwikibooks.graphml"
"0.09","0.85","0.06","0.701666573847182","1,1,1,2,3,4,5,6,7,8,9,10,11,11,11,12,13,14,15,16,17,18,19,6,20,20,20,21,22,23,24,25,26,27,28,28,29,30,17,17,17,17,31,32,33,34,17,35,36,37,17,17,17,17,17,38,39,40,41,17,42,17,17,43,44,17,17,17,17,17,45,17,46,47,17,17,17,17,17,17,17,48,49,50,51,52,17,17,17,17,53,54,55,17,17,17,56,17,17,17,17,17,17,17,17,17,17,57,58,17,17,17,17,59,60,61,59,59,59,59,59,62,63,64,65,66,67,68,69","0.000498056411743164","louvain","edit-xhwikibooks.graphml"
"0.08","0.86","0.06","0.703442218924034","1,1,1,2,3,4,5,6,7,8,9,10,11,11,11,12,13,14,15,16,17,18,19,6,20,20,20,21,22,23,24,25,26,27,28,28,29,30,17,17,17,17,31,32,33,34,17,35,36,37,17,17,17,17,17,38,39,40,41,17,42,17,17,43,44,17,17,17,17,17,45,17,46,47,17,17,17,17,17,17,17,48,49,50,51,52,17,17,17,17,53,54,55,17,17,17,56,17,17,17,17,17,17,17,17,17,17,57,58,17,17,17,17,59,60,61,59,59,59,59,59,62,63,64,65,66,67,68,69","0.000477075576782227","louvain","edit-xhwikibooks.graphml"
"0.07","0.87","0.06","0.703442218924034","1,1,1,2,3,4,5,6,7,8,9,10,11,11,11,12,13,14,15,16,17,18,19,6,20,20,20,21,22,23,24,25,26,27,28,28,29,30,17,17,17,17,31,32,33,34,17,35,36,37,17,17,17,17,17,38,39,40,41,17,42,17,17,43,44,17,17,17,17,17,45,17,46,47,17,17,17,17,17,17,17,48,49,50,51,52,17,17,17,17,53,54,55,17,17,17,56,17,17,17,17,17,17,17,17,17,17,57,58,17,17,17,17,59,60,61,59,59,59,59,59,62,63,64,65,66,67,68,69","0.000474214553833008","louvain","edit-xhwikibooks.graphml"
"0.06","0.88","0.06","0.703598599202995","1,1,1,2,3,4,5,6,7,8,9,10,11,11,11,12,13,14,15,16,17,18,19,6,20,20,20,21,22,23,24,25,26,27,28,28,29,30,17,17,17,17,31,32,33,34,17,35,36,37,17,17,17,17,17,38,39,40,41,17,42,17,17,43,44,17,17,17,17,17,45,17,46,47,17,17,17,17,17,17,17,48,49,50,51,52,17,17,17,17,53,54,55,17,17,17,56,17,17,17,17,17,17,17,17,17,17,57,58,17,17,17,17,59,60,61,59,59,59,59,59,62,63,64,65,66,67,68,69","0.000501155853271484","louvain","edit-xhwikibooks.graphml"
"0.05","0.89","0.06","0.708715168629123","1,1,1,2,3,4,5,6,7,8,9,10,11,11,11,12,13,14,15,16,17,18,19,6,20,20,20,21,22,23,24,25,26,27,28,28,29,30,17,17,17,17,31,32,33,34,17,35,36,37,17,17,17,17,17,38,39,40,41,17,42,17,17,43,44,17,17,17,17,17,45,17,46,47,17,17,17,17,17,17,17,48,49,50,51,52,17,17,17,17,53,54,55,17,17,17,56,17,17,17,17,17,17,17,17,17,17,57,58,17,17,17,17,59,60,61,59,59,59,59,59,62,63,64,65,66,67,68,69","0.000498056411743164","louvain","edit-xhwikibooks.graphml"
"0.04","0.9","0.06","0.707100826446281","1,1,1,2,3,4,5,6,7,8,9,10,11,11,11,12,13,14,15,16,17,18,19,6,20,20,20,21,22,23,24,25,26,27,28,28,29,30,17,17,17,17,31,32,33,34,17,35,36,37,17,17,17,17,17,38,39,40,41,17,42,17,17,43,44,17,17,17,17,17,45,17,46,47,17,17,17,17,17,17,17,48,49,50,51,52,17,17,17,17,53,54,55,17,17,17,56,17,17,17,17,17,17,17,17,17,17,57,58,17,17,17,17,59,60,61,59,59,59,59,59,62,63,64,65,66,67,68,69","0.000470161437988281","louvain","edit-xhwikibooks.graphml"
"0.03","0.91","0.06","0.707100826446281","1,1,1,2,3,4,5,6,7,8,9,10,11,11,11,12,13,14,15,16,17,18,19,6,20,20,20,21,22,23,24,25,26,27,28,28,29,30,17,17,17,17,31,32,33,34,17,35,36,37,17,17,17,17,17,38,39,40,41,17,42,17,17,43,44,17,17,17,17,17,45,17,46,47,17,17,17,17,17,17,17,48,49,50,51,52,17,17,17,17,53,54,55,17,17,17,56,17,17,17,17,17,17,17,17,17,17,57,58,17,17,17,17,59,60,61,59,59,59,59,59,62,63,64,65,66,67,68,69","0.000464200973510742","louvain","edit-xhwikibooks.graphml"
"0.02","0.92","0.06","0.705491230833859","1,1,1,2,3,4,5,6,7,8,9,10,11,11,11,12,13,14,15,16,17,18,19,6,20,20,20,21,22,23,24,25,26,27,28,28,29,30,17,17,17,17,31,32,33,34,17,35,36,37,17,17,17,17,17,38,39,40,41,17,42,17,17,43,44,17,17,17,17,17,45,17,46,47,17,17,17,17,17,17,17,48,49,50,51,52,17,17,17,17,53,54,55,17,17,17,56,17,17,17,17,17,17,17,17,17,17,57,58,17,17,17,17,59,60,61,59,59,59,59,59,62,63,64,65,66,67,68,69","0.000455856323242188","louvain","edit-xhwikibooks.graphml"
"0.01","0.93","0.06","0.707248888946813","1,1,1,2,3,4,5,6,7,8,9,10,11,11,11,12,13,14,15,16,17,18,19,6,20,20,20,21,22,23,24,25,26,27,28,28,29,30,17,17,17,17,31,32,33,34,17,35,36,37,17,17,17,17,17,38,39,40,41,17,42,17,17,43,44,17,17,17,17,17,45,17,46,47,17,17,17,17,17,17,17,48,49,50,51,52,17,17,17,17,53,54,55,17,17,17,56,17,17,17,17,17,17,17,17,17,17,57,58,17,17,17,17,59,60,61,59,59,59,59,59,62,63,64,65,66,67,68,69","0.000519990921020508","louvain","edit-xhwikibooks.graphml"
"0","0.94","0.06","0.703644198214835","1,1,1,1,1,2,3,4,5,6,7,8,9,9,9,10,11,12,13,14,15,1,16,4,17,17,17,18,1,19,20,21,22,23,24,24,25,26,15,15,15,15,27,28,29,30,15,31,32,33,15,15,15,15,15,34,35,36,37,15,38,15,15,39,40,15,15,15,15,15,41,15,42,43,15,15,15,15,15,15,15,44,45,46,47,48,15,15,15,15,49,50,51,15,15,15,52,15,15,15,15,15,15,15,15,15,15,53,54,15,15,15,15,55,56,57,55,55,55,55,55,58,59,60,61,62,63,64,65","0.000513076782226562","louvain","edit-xhwikibooks.graphml"
"0.93","0","0.07","0.489993398210182","1,2,1,1,1,3,1,4,3,3,5,1,4,4,4,3,3,5,5,1,6,2,4,4,4,4,4,3,2,3,5,5,1,1,5,5,4,4,6,6,6,6,2,2,2,2,6,2,2,2,6,6,6,6,6,2,2,2,2,6,4,6,6,4,4,6,6,6,6,6,2,6,4,4,6,6,6,6,6,6,6,4,3,3,3,2,6,6,6,6,3,5,5,6,6,6,3,6,6,6,6,6,6,6,6,6,6,1,1,1,6,6,6,5,5,5,5,5,5,5,5,4,4,4,4,4,4,4,4","0.000654935836791992","louvain","edit-xhwikibooks.graphml"
"0.92","0.01","0.07","0.489993398210182","1,2,1,1,1,3,1,4,3,3,5,1,4,4,4,3,3,5,5,1,6,2,4,4,4,4,4,3,2,3,5,5,1,1,5,5,4,4,6,6,6,6,2,2,2,2,6,2,2,2,6,6,6,6,6,2,2,2,2,6,4,6,6,4,4,6,6,6,6,6,2,6,4,4,6,6,6,6,6,6,6,4,3,3,3,2,6,6,6,6,3,5,5,6,6,6,3,6,6,6,6,6,6,6,6,6,6,1,1,1,6,6,6,5,5,5,5,5,5,5,5,4,4,4,4,4,4,4,4","0.000528812408447266","louvain","edit-xhwikibooks.graphml"
"0.91","0.02","0.07","0.490512983519976","1,2,1,1,3,1,3,4,1,1,3,3,4,4,4,1,1,3,3,3,5,2,4,4,4,4,4,1,2,1,3,3,3,3,6,6,4,4,5,5,5,5,2,2,2,2,5,2,2,2,5,5,5,5,5,2,2,2,2,5,4,5,5,4,4,5,5,5,5,5,2,5,4,4,5,5,5,5,5,5,5,4,1,1,1,2,5,5,5,5,1,3,3,5,5,5,1,5,5,5,5,5,5,5,5,5,5,3,3,3,5,5,5,6,6,6,6,6,6,6,6,4,4,4,4,4,4,4,4","0.000539064407348633","louvain","edit-xhwikibooks.graphml"
"0.9","0.03","0.07","0.49037866187522","1,2,1,1,1,3,1,3,3,3,1,1,3,3,3,4,3,1,1,1,5,2,3,3,3,3,3,4,2,3,1,1,1,1,6,6,7,3,5,5,5,5,2,2,2,2,5,2,2,2,5,5,5,5,5,2,2,2,2,5,3,5,5,3,3,5,5,5,5,5,2,5,3,3,5,5,5,5,5,5,5,3,4,4,4,2,5,5,5,5,3,1,1,5,5,5,4,5,5,5,5,5,5,5,5,5,5,1,1,1,5,5,5,6,6,6,6,6,6,6,6,7,7,7,7,7,7,7,7","0.000733137130737305","louvain","edit-xhwikibooks.graphml"
"0.89","0.04","0.07","0.490463645303452","1,2,1,1,1,3,1,3,3,3,4,1,3,3,3,5,3,4,4,1,6,2,3,3,3,3,3,5,2,3,4,4,1,1,4,4,7,3,6,6,6,6,2,2,2,2,6,2,2,2,6,6,6,6,6,2,2,2,2,6,3,6,6,3,3,6,6,6,6,6,2,6,3,3,6,6,6,6,6,6,6,3,5,5,5,2,6,6,6,6,3,4,4,6,6,6,5,6,6,6,6,6,6,6,6,6,6,1,1,1,6,6,6,4,4,4,4,4,4,4,4,7,7,7,7,7,7,7,7","0.000539064407348633","louvain","edit-xhwikibooks.graphml"
"0.88","0.05","0.07","0.488088348765432","1,2,1,1,1,1,3,4,1,1,3,3,4,4,4,1,1,3,3,3,5,2,4,4,4,4,4,1,2,1,3,3,3,3,6,6,4,4,5,5,5,5,2,2,2,2,5,2,2,2,5,5,5,5,5,2,2,2,2,5,4,5,5,4,4,5,5,5,5,5,2,5,4,4,5,5,5,5,5,5,5,4,1,1,1,2,5,5,5,5,1,3,3,5,5,5,1,5,5,5,5,5,5,5,5,5,5,3,3,3,5,5,5,6,6,6,6,6,6,6,6,4,4,4,4,4,4,4,4","0.000542879104614258","louvain","edit-xhwikibooks.graphml"
"0.87","0.06","0.07","0.488088348765432","1,2,1,1,3,1,3,4,1,1,3,3,4,4,4,1,1,3,3,3,5,2,4,4,4,4,4,1,2,1,3,3,3,3,6,6,4,4,5,5,5,5,2,2,2,2,5,2,2,2,5,5,5,5,5,2,2,2,2,5,4,5,5,4,4,5,5,5,5,5,2,5,4,4,5,5,5,5,5,5,5,4,1,1,1,2,5,5,5,5,1,3,3,5,5,5,1,5,5,5,5,5,5,5,5,5,5,3,3,3,5,5,5,6,6,6,6,6,6,6,6,4,4,4,4,4,4,4,4","0.00053715705871582","louvain","edit-xhwikibooks.graphml"
"0.86","0.07","0.07","0.486883538271812","1,2,1,1,3,1,3,4,1,1,3,3,4,4,4,1,1,3,3,3,5,2,4,4,4,4,4,1,2,1,3,3,3,3,6,6,4,4,5,5,5,5,2,2,2,2,5,2,2,2,5,5,5,5,5,2,2,2,2,5,4,5,5,4,4,5,5,5,5,5,2,5,4,4,5,5,5,5,5,5,5,4,1,1,1,2,5,5,5,5,1,3,3,5,5,5,1,5,5,5,5,5,5,5,5,5,5,3,3,3,5,5,5,6,6,6,6,6,6,6,6,4,4,4,4,4,4,4,4","0.000550985336303711","louvain","edit-xhwikibooks.graphml"
"0.85","0.08","0.07","0.474626038781163","1,2,1,1,1,3,1,4,3,3,5,1,4,4,4,3,3,5,5,1,6,2,4,4,4,4,4,3,2,3,5,5,1,1,5,5,4,4,6,6,6,6,2,2,2,2,6,2,2,2,6,6,6,6,6,2,2,2,2,6,7,6,6,4,4,6,6,6,6,6,2,6,4,4,6,6,6,6,6,6,6,4,3,3,3,8,6,6,6,6,9,10,11,6,6,6,3,6,6,6,6,6,6,6,6,6,6,1,1,1,6,6,6,5,5,5,5,5,5,5,5,4,4,4,4,4,4,4,4","0.000548124313354492","louvain","edit-xhwikibooks.graphml"
"0.84","0.09","0.07","0.473366668296738","1,2,1,1,1,3,1,4,3,3,1,1,4,4,4,3,3,1,1,1,5,2,4,4,4,4,4,3,2,3,1,1,1,1,6,6,4,4,5,5,5,5,2,2,2,2,5,2,2,2,5,5,5,5,5,2,2,2,2,5,7,5,5,4,4,5,5,5,5,5,2,5,4,4,5,5,5,5,5,5,5,4,3,3,3,8,5,5,5,5,9,10,11,5,5,5,3,5,5,5,5,5,5,5,5,5,5,1,1,1,5,5,5,6,6,6,6,6,6,6,6,4,4,4,4,4,4,4,4","0.000512838363647461","louvain","edit-xhwikibooks.graphml"
"0.83","0.1","0.07","0.47362340456746","1,2,1,1,1,3,1,3,3,3,4,1,3,3,3,5,3,4,4,1,6,2,3,3,3,3,3,5,2,3,4,4,1,1,4,4,3,3,6,6,6,6,2,2,2,2,6,2,2,2,6,6,6,6,6,2,2,2,2,6,7,6,6,3,3,6,6,6,6,6,2,6,3,3,6,6,6,6,6,6,6,3,5,5,5,8,6,6,6,6,9,10,11,6,6,6,5,6,6,6,6,6,6,6,6,6,6,1,1,1,6,6,6,4,4,4,4,4,4,4,4,3,3,3,3,3,3,3,3","0.000550031661987305","louvain","edit-xhwikibooks.graphml"
"0.82","0.11","0.07","0.472665687333827","1,2,1,1,3,1,3,4,1,1,3,3,4,4,4,1,1,3,3,3,5,2,4,4,4,4,4,1,2,1,3,3,3,3,6,6,4,4,5,5,5,5,2,2,2,2,5,2,2,2,5,5,5,5,5,2,2,2,2,5,7,5,5,4,4,5,5,5,5,5,2,5,4,4,5,5,5,5,5,5,5,4,1,1,1,8,5,5,5,5,9,10,11,5,5,5,1,5,5,5,5,5,5,5,5,5,5,3,3,3,5,5,5,6,6,6,6,6,6,6,6,4,4,4,4,4,4,4,4","0.00056910514831543","louvain","edit-xhwikibooks.graphml"
"0.81","0.12","0.07","0.479502161133128","1,2,1,1,3,1,3,4,1,1,3,3,4,4,4,1,1,3,3,3,5,2,4,4,4,4,4,1,2,1,3,3,3,3,6,6,7,4,5,5,5,5,2,2,2,2,5,2,2,2,5,5,5,5,5,2,2,2,2,5,8,5,5,4,4,5,5,5,5,5,2,5,4,4,5,5,5,5,5,5,5,4,1,1,1,9,5,5,5,5,10,11,12,5,5,5,1,5,5,5,5,5,5,5,5,5,5,3,3,3,5,5,5,6,6,6,6,6,6,6,6,7,7,7,7,7,7,7,7","0.000562906265258789","louvain","edit-xhwikibooks.graphml"
"0.8","0.13","0.07","0.475311598280672","1,2,1,1,3,1,3,4,1,1,3,3,4,4,4,1,1,3,3,3,5,2,4,4,4,4,4,1,2,1,3,3,3,3,6,6,7,4,5,5,5,5,2,2,2,2,5,2,2,2,5,5,5,5,5,2,2,2,2,5,8,5,5,4,4,5,5,5,5,5,2,5,4,4,5,5,5,5,5,5,5,4,1,1,1,9,5,5,5,5,10,11,12,5,5,5,1,5,5,5,5,5,5,5,5,5,5,3,3,3,5,5,5,6,6,6,6,6,6,6,6,7,7,7,7,7,7,7,7","0.000522136688232422","louvain","edit-xhwikibooks.graphml"
"0.79","0.14","0.07","0.475622897235426","1,1,1,1,1,2,1,2,2,2,1,1,2,2,2,2,2,1,1,1,3,4,2,2,2,2,2,2,1,2,1,1,1,1,5,5,6,2,3,3,3,3,4,4,4,4,3,4,4,4,3,3,3,3,3,4,4,4,4,3,7,3,3,2,2,3,3,3,3,3,4,3,2,2,3,3,3,3,3,3,3,2,2,2,2,8,3,3,3,3,9,10,11,3,3,3,2,3,3,3,3,3,3,3,3,3,3,1,1,1,3,3,3,5,5,5,5,5,5,5,5,6,6,6,6,6,6,6,6","0.000540018081665039","louvain","edit-xhwikibooks.graphml"
"0.78","0.15","0.07","0.453756098787787","1,1,1,1,1,2,1,2,2,2,1,1,2,2,2,2,3,1,1,1,4,5,2,2,2,2,2,2,1,6,7,1,1,1,8,8,2,2,4,4,4,4,5,5,5,5,4,5,5,5,4,4,4,4,4,5,5,5,5,4,9,4,4,10,11,4,4,4,4,4,5,4,2,2,4,4,4,4,4,4,4,12,2,2,2,13,4,4,4,4,14,15,16,4,4,4,17,4,4,4,4,4,4,4,4,4,4,18,19,4,4,4,4,8,8,8,8,8,8,8,8,2,2,2,2,2,2,2,2","0.000540971755981445","louvain","edit-xhwikibooks.graphml"
"0.77","0.16","0.07","0.459782242255491","1,1,1,1,1,2,1,2,2,2,1,1,2,2,2,2,3,1,1,1,4,5,2,2,2,2,2,2,1,6,7,1,1,1,8,8,9,2,4,4,4,4,5,5,5,5,4,5,5,5,4,4,4,4,4,5,5,5,5,4,10,4,4,11,12,4,4,4,4,4,5,4,2,2,4,4,4,4,4,4,4,13,2,2,2,14,4,4,4,4,15,16,17,4,4,4,18,4,4,4,4,4,4,4,4,4,4,19,20,4,4,4,4,8,8,8,8,8,8,8,8,9,9,9,9,9,9,9,9","0.000558137893676758","louvain","edit-xhwikibooks.graphml"
"0.76","0.17","0.07","0.458190212373038","1,1,1,1,2,1,2,3,1,1,2,2,3,3,3,1,4,2,2,2,5,6,3,3,3,3,3,1,1,7,8,2,2,2,9,9,3,3,5,5,5,5,6,6,6,6,5,6,6,6,5,5,5,5,5,6,6,6,6,5,10,5,5,11,12,5,5,5,5,5,6,5,3,3,5,5,5,5,5,5,5,13,1,1,1,14,5,5,5,5,15,16,17,5,5,5,18,5,5,5,5,5,5,5,5,5,5,19,20,5,5,5,5,9,9,9,9,9,9,9,9,3,3,3,3,3,3,3,3","0.000517129898071289","louvain","edit-xhwikibooks.graphml"
"0.75","0.18","0.07","0.459224376731302","1,2,1,1,1,3,1,3,3,3,1,1,3,3,3,3,4,1,1,1,5,2,3,3,3,3,3,3,2,6,7,1,1,1,8,8,3,3,5,5,5,5,2,2,2,2,5,2,2,2,5,5,5,5,5,2,2,2,2,5,9,5,5,10,11,5,5,5,5,5,2,5,3,3,5,5,5,5,5,5,5,12,3,3,3,13,5,5,5,5,14,15,16,5,5,5,17,5,5,5,5,5,5,5,5,5,5,18,19,5,5,5,5,8,8,8,8,8,8,8,8,3,3,3,3,3,3,3,3","0.000520944595336914","louvain","edit-xhwikibooks.graphml"
"0.74","0.19","0.07","0.463736357124646","1,1,1,1,1,2,1,2,2,2,1,1,2,2,2,2,3,1,1,1,4,5,2,2,2,2,2,2,1,6,7,1,1,1,8,8,9,2,4,4,4,4,5,5,5,5,4,5,5,5,4,4,4,4,4,5,5,5,5,4,10,4,4,11,12,4,4,4,4,4,5,4,2,2,4,4,4,4,4,4,4,13,2,2,2,14,4,4,4,4,15,16,17,4,4,4,18,4,4,4,4,4,4,4,4,4,4,19,20,4,4,4,4,8,8,8,8,8,8,8,8,9,9,9,9,9,9,9,9","0.0278398990631104","louvain","edit-xhwikibooks.graphml"
"0.73","0.2","0.07","0.46960045976461","1,1,1,1,1,2,1,2,2,2,1,1,2,2,2,2,3,1,4,1,5,6,2,2,2,2,2,2,1,7,8,4,1,1,4,4,9,2,5,5,5,5,6,6,6,6,5,6,6,6,5,5,5,5,5,6,6,6,6,5,10,5,5,11,12,5,5,5,5,5,6,5,2,2,5,5,5,5,5,5,5,13,2,2,2,14,5,5,5,5,15,16,17,5,5,5,18,5,5,5,5,5,5,5,5,5,5,19,20,5,5,5,5,4,4,4,4,4,4,4,4,9,9,9,9,9,9,9,9","0.000571966171264648","louvain","edit-xhwikibooks.graphml"
"0.72","0.21","0.07","0.465594530321046","1,1,1,1,1,2,1,2,2,2,1,1,2,2,2,3,4,1,1,1,5,6,2,2,2,2,2,3,1,7,8,1,1,1,9,9,2,2,5,5,5,5,6,6,6,6,5,6,6,6,5,5,5,5,5,6,6,6,6,5,10,5,5,11,12,5,5,5,5,5,6,5,2,2,5,5,5,5,5,5,5,13,3,3,3,14,5,5,5,5,15,16,17,5,5,5,18,5,5,5,5,5,5,5,5,5,5,19,20,5,5,5,5,9,9,9,9,9,9,9,9,2,2,2,2,2,2,2,2","0.000499963760375977","louvain","edit-xhwikibooks.graphml"
"0.71","0.22","0.07","0.429531611006091","1,1,1,2,3,2,4,2,2,2,4,5,2,2,2,2,6,7,4,8,9,1,10,2,2,2,2,2,1,11,12,13,8,14,4,4,15,2,9,9,9,9,1,1,1,1,9,1,1,1,9,9,9,9,9,1,1,1,1,9,16,9,9,17,18,9,9,9,9,9,1,9,19,20,9,9,9,9,9,9,9,21,22,23,24,25,9,9,9,9,26,27,28,9,9,9,29,9,9,9,9,9,9,9,9,9,9,30,31,9,9,9,9,4,4,4,4,4,4,4,4,15,15,15,15,15,15,15,15","0.000471830368041992","louvain","edit-xhwikibooks.graphml"
"0.7","0.23","0.07","0.435515987718554","1,1,1,2,3,2,4,2,2,2,4,5,2,2,2,2,6,7,4,8,9,1,10,2,2,2,2,2,1,11,12,13,8,14,4,4,15,2,9,9,9,9,1,1,1,1,9,1,1,1,9,9,9,9,9,1,1,1,1,9,16,9,9,17,18,9,9,9,9,9,1,9,19,20,9,9,9,9,9,9,9,21,22,23,24,25,9,9,9,9,26,27,28,9,9,9,29,9,9,9,9,9,9,9,9,9,9,30,31,9,9,9,9,4,4,4,4,4,4,4,4,15,15,15,15,15,15,15,15","0.000462055206298828","louvain","edit-xhwikibooks.graphml"
"0.69","0.24","0.07","0.43640943877551","1,1,1,2,3,2,4,2,2,2,4,5,2,2,2,2,6,7,4,8,9,1,10,2,2,2,2,2,1,11,12,13,8,14,4,4,2,2,9,9,9,9,1,1,1,1,9,1,1,1,9,9,9,9,9,1,1,1,1,9,15,9,9,16,17,9,9,9,9,9,1,9,18,19,9,9,9,9,9,9,9,20,21,22,23,24,9,9,9,9,25,26,27,9,9,9,28,9,9,9,9,9,9,9,9,9,9,29,30,9,9,9,9,4,4,4,4,4,4,4,4,2,2,2,2,2,2,2,2","0.000435113906860352","louvain","edit-xhwikibooks.graphml"
"0.68","0.25","0.07","0.447431065264828","1,1,1,2,3,2,4,2,2,2,4,5,2,2,2,2,6,7,4,8,9,1,10,2,2,2,2,2,1,11,12,13,8,14,4,4,15,2,9,9,9,9,1,1,1,1,9,1,1,1,9,9,9,9,9,1,1,1,1,9,16,9,9,17,18,9,9,9,9,9,1,9,19,20,9,9,9,9,9,9,9,21,22,23,24,25,9,9,9,9,26,27,28,9,9,9,29,9,9,9,9,9,9,9,9,9,9,30,31,9,9,9,9,4,4,4,4,4,4,4,4,15,15,15,15,15,15,15,15","0.000437021255493164","louvain","edit-xhwikibooks.graphml"
"0.67","0.26","0.07","0.444312884348343","1,1,1,2,3,2,4,2,2,2,4,5,2,2,2,2,6,7,4,8,9,1,10,2,2,2,2,2,1,11,12,13,8,14,4,4,2,2,9,9,9,9,1,1,1,1,9,1,1,1,9,9,9,9,9,1,1,1,1,9,15,9,9,16,17,9,9,9,9,9,1,9,18,19,9,9,9,9,9,9,9,20,21,22,23,24,9,9,9,9,25,26,27,9,9,9,28,9,9,9,9,9,9,9,9,9,9,29,30,9,9,9,9,4,4,4,4,4,4,4,4,2,2,2,2,2,2,2,2","0.000533103942871094","louvain","edit-xhwikibooks.graphml"
"0.66","0.27","0.07","0.444312884348343","1,1,1,2,3,2,4,2,2,2,4,5,2,2,2,2,6,7,4,8,9,1,10,2,2,2,2,2,1,11,12,13,8,14,4,4,2,2,9,9,9,9,1,1,1,1,9,1,1,1,9,9,9,9,9,1,1,1,1,9,15,9,9,16,17,9,9,9,9,9,1,9,18,19,9,9,9,9,9,9,9,20,21,22,23,24,9,9,9,9,25,26,27,9,9,9,28,9,9,9,9,9,9,9,9,9,9,29,30,9,9,9,9,4,4,4,4,4,4,4,4,2,2,2,2,2,2,2,2","0.00041508674621582","louvain","edit-xhwikibooks.graphml"
"0.65","0.28","0.07","0.443145583256387","1,1,1,2,3,2,4,2,2,2,4,5,2,2,2,2,6,7,4,8,9,1,10,2,2,2,2,2,1,11,12,13,8,14,4,4,2,2,9,9,9,9,1,1,1,1,9,1,1,1,9,9,9,9,9,1,1,1,1,9,15,9,9,16,17,9,9,9,9,9,1,9,18,19,9,9,9,9,9,9,9,20,21,22,23,24,9,9,9,9,25,26,27,9,9,9,28,9,9,9,9,9,9,9,9,9,9,29,30,9,9,9,9,4,4,4,4,4,4,4,4,2,2,2,2,2,2,2,2","0.000430107116699219","louvain","edit-xhwikibooks.graphml"
"0.64","0.29","0.07","0.442298155127951","1,1,1,2,3,2,4,2,2,2,5,6,2,2,2,2,7,8,9,10,11,1,12,2,2,2,2,2,1,13,14,15,16,17,9,9,18,2,11,11,11,11,1,1,1,1,11,1,1,1,11,11,11,11,11,1,1,1,1,11,19,11,11,20,21,11,11,11,11,11,1,11,22,23,11,11,11,11,11,11,11,24,25,26,27,28,11,11,11,11,29,30,31,11,11,11,32,11,11,11,11,11,11,11,11,11,11,33,34,11,11,11,11,9,9,9,9,9,9,9,9,18,18,18,18,18,18,18,18","0.000424861907958984","louvain","edit-xhwikibooks.graphml"
"0.63","0.3","0.07","0.49686630136027","1,1,1,2,3,2,4,2,2,2,5,6,2,2,2,2,7,8,9,10,11,1,12,2,2,2,2,2,1,13,14,15,16,17,9,9,2,2,11,11,11,11,1,1,1,1,11,1,1,1,11,11,11,11,11,1,1,1,1,11,18,11,11,19,20,11,11,11,11,11,1,11,21,22,11,11,11,11,11,11,11,23,24,25,26,27,11,11,11,11,28,29,30,11,11,11,31,11,11,11,11,11,11,11,11,11,11,32,33,11,11,11,11,9,9,9,9,9,9,9,9,2,2,2,2,2,2,2,2","0.000433921813964844","louvain","edit-xhwikibooks.graphml"
"0.62","0.31","0.07","0.504252681599835","1,1,1,2,3,2,4,2,2,2,5,6,2,2,2,2,7,8,9,10,11,12,13,2,2,2,2,2,1,14,15,16,17,18,9,9,2,2,11,11,11,11,12,12,12,12,11,12,12,12,11,11,11,11,11,12,12,12,12,11,19,11,11,20,21,11,11,11,11,11,12,11,22,23,11,11,11,11,11,11,11,24,25,26,27,28,11,11,11,11,29,30,31,11,11,11,32,11,11,11,11,11,11,11,11,11,11,33,34,11,11,11,11,9,9,9,9,9,9,9,9,2,2,2,2,2,2,2,2","0.000444173812866211","louvain","edit-xhwikibooks.graphml"
"0.61","0.32","0.07","0.508179086127997","1,1,1,2,3,2,4,2,2,2,5,6,2,2,2,2,7,8,9,10,11,12,13,2,2,2,2,2,1,14,15,16,17,18,9,9,19,2,11,11,11,11,12,12,12,12,11,12,12,12,11,11,11,11,11,12,12,12,12,11,20,11,11,21,22,11,11,11,11,11,12,11,23,24,11,11,11,11,11,11,11,25,26,27,28,29,11,11,11,11,30,31,32,11,11,11,33,11,11,11,11,11,11,11,11,11,11,34,35,11,11,11,11,9,9,9,9,9,9,9,9,19,19,19,19,19,19,19,19","0.000421047210693359","louvain","edit-xhwikibooks.graphml"
"0.6","0.33","0.07","0.50723994262687","1,1,1,2,3,2,4,2,2,2,5,6,2,2,2,2,7,8,9,10,11,1,12,2,2,2,2,2,1,13,14,15,16,17,9,9,18,2,11,11,11,11,1,1,1,1,11,1,1,1,11,11,11,11,11,1,1,1,1,11,19,11,11,20,21,11,11,11,11,11,1,11,22,23,11,11,11,11,11,11,11,24,25,26,27,28,11,11,11,11,29,30,31,11,11,11,32,11,11,11,11,11,11,11,11,11,11,33,34,11,11,11,11,9,9,9,9,9,9,9,9,18,18,18,18,18,18,18,18","0.000419855117797852","louvain","edit-xhwikibooks.graphml"
"0.59","0.34","0.07","0.549516268225106","1,1,1,2,3,2,4,2,2,2,5,6,2,2,2,2,7,8,9,10,11,12,13,2,2,2,2,2,1,14,15,16,17,18,9,9,19,2,11,11,11,11,12,12,12,12,11,12,12,12,11,11,11,11,11,12,12,12,12,11,20,11,11,21,22,11,11,11,11,11,12,11,23,24,11,11,11,11,11,11,11,25,26,27,28,29,11,11,11,11,30,31,32,11,11,11,33,11,11,11,11,11,11,11,11,11,11,34,35,11,11,11,11,9,9,9,9,9,9,9,9,19,19,19,19,19,19,19,19","0.000437021255493164","louvain","edit-xhwikibooks.graphml"
"0.58","0.35","0.07","0.549516268225106","1,1,1,2,3,2,4,2,2,2,5,6,2,2,2,2,7,8,9,10,11,12,13,2,2,2,2,2,1,14,15,16,17,18,9,9,19,2,11,11,11,11,12,12,12,12,11,12,12,12,11,11,11,11,11,12,12,12,12,11,20,11,11,21,22,11,11,11,11,11,12,11,23,24,11,11,11,11,11,11,11,25,26,27,28,29,11,11,11,11,30,31,32,11,11,11,33,11,11,11,11,11,11,11,11,11,11,34,35,11,11,11,11,9,9,9,9,9,9,9,9,19,19,19,19,19,19,19,19","0.000449895858764648","louvain","edit-xhwikibooks.graphml"
"0.57","0.36","0.07","0.538533643706354","1,1,1,2,3,1,4,1,5,6,7,8,1,5,5,1,9,10,11,12,13,14,15,5,5,5,5,16,17,18,19,20,21,22,11,11,23,5,13,13,13,13,14,14,14,14,13,14,14,14,13,13,13,13,13,14,14,14,14,13,24,13,13,25,26,13,13,13,13,13,14,13,27,28,13,13,13,13,13,13,13,29,30,31,32,33,13,13,13,13,34,35,36,13,13,13,37,13,13,13,13,13,13,13,13,13,13,38,39,13,13,13,13,11,11,11,11,11,11,11,11,23,23,23,23,23,23,23,23","0.000447988510131836","louvain","edit-xhwikibooks.graphml"
"0.56","0.37","0.07","0.537312610229277","1,1,1,2,3,1,4,1,5,6,7,8,1,5,5,1,9,10,11,12,13,14,15,5,5,5,5,16,17,18,19,20,21,22,11,11,5,5,13,13,13,13,14,14,14,14,13,14,14,14,13,13,13,13,13,14,14,14,14,13,23,13,13,24,25,13,13,13,13,13,14,13,26,27,13,13,13,13,13,13,13,28,29,30,31,32,13,13,13,13,33,34,35,13,13,13,36,13,13,13,13,13,13,13,13,13,13,37,38,13,13,13,13,11,11,11,11,11,11,11,11,5,5,5,5,5,5,5,5","0.000446081161499023","louvain","edit-xhwikibooks.graphml"
"0.55","0.38","0.07","0.538533643706354","1,1,1,2,3,1,4,1,5,6,7,8,1,5,5,1,9,10,11,12,13,14,15,5,5,5,5,16,17,18,19,20,21,22,11,11,23,5,13,13,13,13,14,14,14,14,13,14,14,14,13,13,13,13,13,14,14,14,14,13,24,13,13,25,26,13,13,13,13,13,14,13,27,28,13,13,13,13,13,13,13,29,30,31,32,33,13,13,13,13,34,35,36,13,13,13,37,13,13,13,13,13,13,13,13,13,13,38,39,13,13,13,13,11,11,11,11,11,11,11,11,23,23,23,23,23,23,23,23","0.000560998916625977","louvain","edit-xhwikibooks.graphml"
"0.54","0.39","0.07","0.544436755094194","1,1,1,2,3,1,4,1,5,6,7,8,1,5,5,1,9,10,11,12,13,14,15,5,5,5,5,16,17,18,19,20,21,22,11,11,23,5,13,13,13,13,14,14,14,14,13,14,14,14,13,13,13,13,13,14,14,14,14,13,24,13,13,25,26,13,13,13,13,13,14,13,27,28,13,13,13,13,13,13,13,29,30,31,32,33,13,13,13,13,34,35,36,13,13,13,37,13,13,13,13,13,13,13,13,13,13,38,39,13,13,13,13,11,11,11,11,11,11,11,11,23,23,23,23,23,23,23,23","0.000416994094848633","louvain","edit-xhwikibooks.graphml"
"0.53","0.4","0.07","0.548629890030647","1,1,1,2,3,1,4,1,5,6,7,8,1,5,5,1,9,10,11,12,13,14,15,5,5,5,5,16,17,18,19,20,21,22,11,11,23,5,13,13,13,13,14,14,14,14,13,14,14,14,13,13,13,13,13,14,14,14,14,13,24,13,13,25,26,13,13,13,13,13,14,13,27,28,13,13,13,13,13,13,13,29,30,31,32,33,13,13,13,13,34,35,36,13,13,13,37,13,13,13,13,13,13,13,13,13,13,38,39,13,13,13,13,11,11,11,11,11,11,11,11,23,23,23,23,23,23,23,23","0.000420808792114258","louvain","edit-xhwikibooks.graphml"
"0.52","0.41","0.07","0.548629890030647","1,1,1,2,3,1,4,1,5,6,7,8,1,5,5,1,9,10,11,12,13,14,15,5,5,5,5,16,17,18,19,20,21,22,11,11,23,5,13,13,13,13,14,14,14,14,13,14,14,14,13,13,13,13,13,14,14,14,14,13,24,13,13,25,26,13,13,13,13,13,14,13,27,28,13,13,13,13,13,13,13,29,30,31,32,33,13,13,13,13,34,35,36,13,13,13,37,13,13,13,13,13,13,13,13,13,13,38,39,13,13,13,13,11,11,11,11,11,11,11,11,23,23,23,23,23,23,23,23","0.000414133071899414","louvain","edit-xhwikibooks.graphml"
"0.51","0.42","0.07","0.544595339962135","1,1,1,2,3,4,5,4,4,6,7,8,4,4,4,4,9,10,11,12,13,14,15,4,4,4,4,16,17,18,19,20,21,22,11,11,23,4,13,13,13,13,14,14,14,14,13,14,14,14,13,13,13,13,13,14,14,14,14,13,24,13,13,25,26,13,13,13,13,13,14,13,27,28,13,13,13,13,13,13,13,29,30,31,32,33,13,13,13,13,34,35,36,13,13,13,37,13,13,13,13,13,13,13,13,13,13,38,39,13,13,13,13,11,11,11,11,11,11,11,11,23,23,23,23,23,23,23,23","0.000416994094848633","louvain","edit-xhwikibooks.graphml"
"0.5","0.43","0.07","0.545039360615348","1,1,1,2,3,1,4,1,5,6,7,8,9,5,5,10,11,12,13,14,15,16,17,5,5,5,5,18,19,20,21,22,23,24,13,13,25,26,15,15,15,15,16,16,16,16,15,16,16,16,15,15,15,15,15,16,16,16,16,15,27,15,15,28,29,15,15,15,15,15,16,15,30,31,15,15,15,15,15,15,15,32,33,34,35,36,15,15,15,15,37,38,39,15,15,15,40,15,15,15,15,15,15,15,15,15,15,41,42,15,15,15,15,13,13,13,13,13,13,13,13,25,25,25,25,25,25,25,25","0.000452041625976562","louvain","edit-xhwikibooks.graphml"
"0.49","0.44","0.07","0.543551825405107","1,1,1,2,3,1,4,1,5,6,7,8,9,5,5,10,11,12,13,14,15,16,17,5,5,5,5,18,19,20,21,22,23,24,13,13,25,26,15,15,15,15,16,16,16,16,15,16,16,16,15,15,15,15,15,16,16,16,16,15,27,15,15,28,29,15,15,15,15,15,16,15,30,31,15,15,15,15,15,15,15,32,33,34,35,36,15,15,15,15,37,38,39,15,15,15,40,15,15,15,15,15,15,15,15,15,15,41,42,15,15,15,15,13,13,13,13,13,13,13,13,25,25,25,25,25,25,25,25","0.000416040420532227","louvain","edit-xhwikibooks.graphml"
"0.48","0.45","0.07","0.549199219036714","1,1,1,2,3,1,4,1,5,6,7,8,9,5,5,10,11,12,13,14,15,16,17,5,5,5,5,18,19,20,21,22,23,24,13,13,25,26,15,15,15,15,16,16,16,16,15,16,16,16,15,15,15,15,15,16,16,16,16,15,27,15,15,28,29,15,15,15,15,15,16,15,30,31,15,15,15,15,15,15,15,32,33,34,35,36,15,15,15,15,37,38,39,15,15,15,40,15,15,15,15,15,15,15,15,15,15,41,42,15,15,15,15,13,13,13,13,13,13,13,13,25,25,25,25,25,25,25,25","0.000410079956054688","louvain","edit-xhwikibooks.graphml"
"0.47","0.46","0.07","0.547724491579745","1,1,1,2,3,1,4,1,5,6,7,8,9,5,5,10,11,12,13,14,15,16,17,5,5,5,5,18,19,20,21,22,23,24,13,13,25,26,15,15,15,15,16,16,16,16,15,16,16,16,15,15,15,15,15,16,16,16,16,15,27,15,15,28,29,15,15,15,15,15,16,15,30,31,15,15,15,15,15,15,15,32,33,34,35,36,15,15,15,15,37,38,39,15,15,15,40,15,15,15,15,15,15,15,15,15,15,41,42,15,15,15,15,13,13,13,13,13,13,13,13,25,25,25,25,25,25,25,25","0.000421047210693359","louvain","edit-xhwikibooks.graphml"
"0.46","0.47","0.07","0.550521187237057","1,1,1,2,3,1,4,1,5,6,7,8,9,5,5,10,11,12,13,14,15,16,17,5,5,5,5,18,19,20,21,22,23,24,13,13,25,26,15,15,15,15,16,16,16,16,15,16,16,16,15,15,15,15,15,16,16,16,16,15,27,15,15,28,29,15,15,15,15,15,16,15,30,31,15,15,15,15,15,15,15,32,33,34,35,36,15,15,15,15,37,38,39,15,15,15,40,15,15,15,15,15,15,15,15,15,15,41,42,15,15,15,15,13,13,13,13,13,13,13,13,25,25,25,25,25,25,25,25","0.000661134719848633","louvain","edit-xhwikibooks.graphml"
"0.45","0.48","0.07","0.549055899908172","1,1,1,2,3,1,4,1,5,6,7,8,9,5,5,10,11,12,13,14,15,16,17,5,5,5,5,18,19,20,21,22,23,24,13,13,25,26,15,15,15,15,16,16,16,16,15,16,16,16,15,15,15,15,15,16,16,16,16,15,27,15,15,28,29,15,15,15,15,15,16,15,30,31,15,15,15,15,15,15,15,32,33,34,35,36,15,15,15,15,37,38,39,15,15,15,40,15,15,15,15,15,15,15,15,15,15,41,42,15,15,15,15,13,13,13,13,13,13,13,13,25,25,25,25,25,25,25,25","0.000438928604125977","louvain","edit-xhwikibooks.graphml"
"0.44","0.49","0.07","0.549055899908172","1,1,1,2,3,1,4,1,5,6,7,8,9,5,5,10,11,12,13,14,15,16,17,5,5,5,5,18,19,20,21,22,23,24,13,13,25,26,15,15,15,15,16,16,16,16,15,16,16,16,15,15,15,15,15,16,16,16,16,15,27,15,15,28,29,15,15,15,15,15,16,15,30,31,15,15,15,15,15,15,15,32,33,34,35,36,15,15,15,15,37,38,39,15,15,15,40,15,15,15,15,15,15,15,15,15,15,41,42,15,15,15,15,13,13,13,13,13,13,13,13,25,25,25,25,25,25,25,25","0.000437021255493164","louvain","edit-xhwikibooks.graphml"
"0.43","0.5","0.07","0.634947594732598","1,1,1,2,3,4,5,6,7,8,9,10,6,6,6,11,12,13,14,15,16,17,18,6,6,6,6,19,20,21,22,23,24,25,14,14,26,27,16,16,16,16,17,17,17,17,16,17,17,17,16,16,16,16,16,17,17,17,17,16,28,16,16,29,30,16,16,16,16,16,17,16,31,32,16,16,16,16,16,16,16,33,34,35,36,37,16,16,16,16,38,39,40,16,16,16,41,16,16,16,16,16,16,16,16,16,16,42,43,16,16,16,16,14,14,14,14,14,14,14,14,26,26,26,26,26,26,26,26","0.00044703483581543","louvain","edit-xhwikibooks.graphml"
"0.42","0.51","0.07","0.634947594732598","1,1,1,2,3,4,5,6,7,8,9,10,6,6,6,11,12,13,14,15,16,17,18,6,6,6,6,19,20,21,22,23,24,25,14,14,26,27,16,16,16,16,17,17,17,17,16,17,17,17,16,16,16,16,16,17,17,17,17,16,28,16,16,29,30,16,16,16,16,16,17,16,31,32,16,16,16,16,16,16,16,33,34,35,36,37,16,16,16,16,38,39,40,16,16,16,41,16,16,16,16,16,16,16,16,16,16,42,43,16,16,16,16,14,14,14,14,14,14,14,14,26,26,26,26,26,26,26,26","0.000441074371337891","louvain","edit-xhwikibooks.graphml"
"0.41","0.52","0.07","0.634947594732598","1,1,1,2,3,4,5,6,7,8,9,10,6,6,6,11,12,13,14,15,16,17,18,6,6,6,6,19,20,21,22,23,24,25,14,14,26,27,16,16,16,16,17,17,17,17,16,17,17,17,16,16,16,16,16,17,17,17,17,16,28,16,16,29,30,16,16,16,16,16,17,16,31,32,16,16,16,16,16,16,16,33,34,35,36,37,16,16,16,16,38,39,40,16,16,16,41,16,16,16,16,16,16,16,16,16,16,42,43,16,16,16,16,14,14,14,14,14,14,14,14,26,26,26,26,26,26,26,26","0.000424861907958984","louvain","edit-xhwikibooks.graphml"
"0.4","0.53","0.07","0.633655858857704","1,1,1,2,3,4,5,6,7,8,9,10,6,6,6,11,12,13,14,15,16,17,18,6,6,6,6,19,20,21,22,23,24,25,14,14,26,27,16,16,16,16,17,17,17,17,16,17,17,17,16,16,16,16,16,17,17,17,17,16,28,16,16,29,30,16,16,16,16,16,17,16,31,32,16,16,16,16,16,16,16,33,34,35,36,37,16,16,16,16,38,39,40,16,16,16,41,16,16,16,16,16,16,16,16,16,16,42,43,16,16,16,16,14,14,14,14,14,14,14,14,26,26,26,26,26,26,26,26","0.000458002090454102","louvain","edit-xhwikibooks.graphml"
"0.39","0.54","0.07","0.635561120011884","1,1,1,2,3,4,5,6,7,8,9,10,6,6,6,11,12,13,14,15,16,17,18,6,6,6,6,19,20,21,22,23,24,25,14,14,26,27,16,16,16,16,17,17,17,17,16,17,17,17,16,16,16,16,16,17,17,17,17,16,28,16,16,29,30,16,16,16,16,16,17,16,31,32,16,16,16,16,16,16,16,33,34,35,36,37,16,16,16,16,38,39,40,16,16,16,41,16,16,16,16,16,16,16,16,16,16,42,43,16,16,16,16,14,14,14,14,14,14,14,14,26,26,26,26,26,26,26,26","0.000460147857666016","louvain","edit-xhwikibooks.graphml"
"0.38","0.55","0.07","0.634276437847867","1,1,1,2,3,4,5,6,7,8,9,10,6,6,6,11,12,13,14,15,16,17,18,6,6,6,6,19,20,21,22,23,24,25,14,14,26,27,16,16,16,16,17,17,17,17,16,17,17,17,16,16,16,16,16,17,17,17,17,16,28,16,16,29,30,16,16,16,16,16,17,16,31,32,16,16,16,16,16,16,16,33,34,35,36,37,16,16,16,16,38,39,40,16,16,16,41,16,16,16,16,16,16,16,16,16,16,42,43,16,16,16,16,14,14,14,14,14,14,14,14,26,26,26,26,26,26,26,26","0.000444889068603516","louvain","edit-xhwikibooks.graphml"
"0.37","0.56","0.07","0.637565036420395","1,1,1,2,3,4,5,6,7,8,9,10,6,6,6,11,12,13,14,15,16,17,18,6,6,6,6,19,20,21,22,23,24,25,14,14,26,27,16,16,16,16,17,17,17,17,16,17,17,17,16,16,16,16,16,17,17,17,17,16,28,16,16,29,30,16,16,16,16,16,17,16,31,32,16,16,16,16,16,16,16,33,34,35,36,37,16,16,16,16,38,39,40,16,16,16,41,16,16,16,16,16,16,16,16,16,16,42,43,16,16,16,16,14,14,14,14,14,14,14,14,26,26,26,26,26,26,26,26","0.000491142272949219","louvain","edit-xhwikibooks.graphml"
"0.36","0.57","0.07","0.613148056393856","1,1,1,2,3,4,5,6,7,8,9,10,11,11,11,12,13,14,15,16,17,18,19,6,11,11,11,20,21,22,23,24,25,26,15,15,11,27,17,17,17,17,18,18,18,18,17,18,18,18,17,17,17,17,17,18,18,18,18,17,28,17,17,29,30,17,17,17,17,17,18,17,31,32,17,17,17,17,17,17,17,33,34,35,36,37,17,17,17,17,38,39,40,17,17,17,41,17,17,17,17,17,17,17,17,17,17,42,43,17,17,17,17,15,44,45,15,15,15,15,15,46,47,48,49,50,51,52,53","0.000452995300292969","louvain","edit-xhwikibooks.graphml"
"0.35","0.58","0.07","0.61938904486527","1,1,1,2,3,4,5,6,7,8,9,10,11,11,11,12,13,14,15,16,17,18,19,6,11,11,11,20,21,22,23,24,25,26,15,15,11,27,17,17,17,17,18,18,18,18,17,18,18,18,17,17,17,17,17,18,18,18,18,17,28,17,17,29,30,17,17,17,17,17,18,17,31,32,17,17,17,17,17,17,17,33,34,35,36,37,17,17,17,17,38,39,40,17,17,17,41,17,17,17,17,17,17,17,17,17,17,42,43,17,17,17,17,15,44,45,15,15,15,15,15,46,47,48,49,50,51,52,53","0.00059199333190918","louvain","edit-xhwikibooks.graphml"
"0.34","0.59","0.07","0.620335316387237","1,1,1,2,3,4,5,6,7,8,9,10,11,11,11,12,13,14,15,16,17,18,19,6,11,11,11,20,21,22,23,24,25,26,15,15,11,27,17,17,17,17,18,18,18,18,17,18,18,18,17,17,17,17,17,18,18,18,18,17,28,17,17,29,30,17,17,17,17,17,18,17,31,32,17,17,17,17,17,17,17,33,34,35,36,37,17,17,17,17,38,39,40,17,17,17,41,17,17,17,17,17,17,17,17,17,17,42,43,17,17,17,17,15,44,45,15,15,15,15,15,46,47,48,49,50,51,52,53","0.000431060791015625","louvain","edit-xhwikibooks.graphml"
"0.33","0.6","0.07","0.62457928961213","1,1,1,2,3,4,5,6,7,8,9,10,11,11,11,12,13,14,15,16,17,18,19,6,11,11,11,20,21,22,23,24,25,26,15,15,11,27,17,17,17,17,18,18,18,18,17,18,18,18,17,17,17,17,17,18,18,18,18,17,28,17,17,29,30,17,17,17,17,17,18,17,31,32,17,17,17,17,17,17,17,33,34,35,36,37,17,17,17,17,38,39,40,17,17,17,41,17,17,17,17,17,17,17,17,17,17,42,43,17,17,17,17,15,44,45,15,15,15,15,15,46,47,48,49,50,51,52,53","0.000430107116699219","louvain","edit-xhwikibooks.graphml"
"0.32","0.61","0.07","0.623268698060942","1,1,1,2,3,4,5,6,7,8,9,10,11,11,11,12,13,14,15,16,17,18,19,6,11,11,11,20,21,22,23,24,25,26,15,15,11,27,17,17,17,17,18,18,18,18,17,18,18,18,17,17,17,17,17,18,18,18,18,17,28,17,17,29,30,17,17,17,17,17,18,17,31,32,17,17,17,17,17,17,17,33,34,35,36,37,17,17,17,17,38,39,40,17,17,17,41,17,17,17,17,17,17,17,17,17,17,42,43,17,17,17,17,15,44,45,15,15,15,15,15,46,47,48,49,50,51,52,53","0.000449895858764648","louvain","edit-xhwikibooks.graphml"
"0.31","0.62","0.07","0.625251276538564","1,1,1,2,3,4,5,6,7,8,9,10,11,11,11,12,13,14,15,16,17,18,19,6,11,11,11,20,21,22,23,24,25,26,15,15,11,27,17,17,17,17,18,18,18,18,17,18,18,18,17,17,17,17,17,18,18,18,18,17,28,17,17,29,30,17,17,17,17,17,18,17,31,32,17,17,17,17,17,17,17,33,34,35,36,37,17,17,17,17,38,39,40,17,17,17,41,17,17,17,17,17,17,17,17,17,17,42,43,17,17,17,17,15,44,45,15,15,15,15,15,46,47,48,49,50,51,52,53","0.000457048416137695","louvain","edit-xhwikibooks.graphml"
"0.3","0.63","0.07","0.623948054167201","1,1,1,2,3,4,5,6,7,8,9,10,11,11,11,12,13,14,15,16,17,18,19,6,11,11,11,20,21,22,23,24,25,26,15,15,11,27,17,17,17,17,18,18,18,18,17,18,18,18,17,17,17,17,17,18,18,18,18,17,28,17,17,29,30,17,17,17,17,17,18,17,31,32,17,17,17,17,17,17,17,33,34,35,36,37,17,17,17,17,38,39,40,17,17,17,41,17,17,17,17,17,17,17,17,17,17,42,43,17,17,17,17,15,44,45,15,15,15,15,15,46,47,48,49,50,51,52,53","0.000442981719970703","louvain","edit-xhwikibooks.graphml"
"0.29","0.64","0.07","0.622112335393711","1,1,1,2,3,4,5,6,7,8,9,10,11,11,11,12,13,14,15,16,17,18,19,6,11,11,11,20,21,22,23,24,25,26,15,15,11,27,17,17,17,17,18,18,18,18,17,18,18,18,17,17,17,17,17,18,18,18,18,17,28,17,17,29,30,17,17,17,17,17,18,17,31,32,17,17,17,17,17,17,17,33,34,35,36,37,17,17,17,17,38,39,40,17,17,17,41,17,17,17,17,17,17,17,17,17,17,42,43,17,17,17,17,15,44,45,15,15,15,15,15,46,47,48,49,50,51,52,53","0.000453948974609375","louvain","edit-xhwikibooks.graphml"
"0.28","0.65","0.07","0.622998652505597","1,1,1,2,3,4,5,6,7,8,9,10,11,11,11,12,13,14,15,16,17,18,19,6,11,11,11,20,21,22,23,24,25,26,15,15,11,27,17,17,17,17,18,18,18,18,17,18,18,18,17,17,17,17,17,18,18,18,18,17,28,17,17,29,30,17,17,17,17,17,18,17,31,32,17,17,17,17,17,17,17,33,34,35,36,37,17,17,17,17,38,39,40,17,17,17,41,17,17,17,17,17,17,17,17,17,17,42,43,17,17,17,17,15,44,45,15,15,15,15,15,46,47,48,49,50,51,52,53","0.0004730224609375","louvain","edit-xhwikibooks.graphml"
"0.27","0.66","0.07","0.622998652505597","1,1,1,2,3,4,5,6,7,8,9,10,11,11,11,12,13,14,15,16,17,18,19,6,11,11,11,20,21,22,23,24,25,26,15,15,11,27,17,17,17,17,18,18,18,18,17,18,18,18,17,17,17,17,17,18,18,18,18,17,28,17,17,29,30,17,17,17,17,17,18,17,31,32,17,17,17,17,17,17,17,33,34,35,36,37,17,17,17,17,38,39,40,17,17,17,41,17,17,17,17,17,17,17,17,17,17,42,43,17,17,17,17,15,44,45,15,15,15,15,15,46,47,48,49,50,51,52,53","0.000483036041259766","louvain","edit-xhwikibooks.graphml"
"0.26","0.67","0.07","0.6473419235369","1,1,1,2,3,4,5,6,7,8,9,10,11,11,11,12,13,14,15,16,17,18,19,6,11,11,11,20,21,22,23,24,25,26,15,15,11,27,17,17,17,17,18,18,18,18,17,18,18,18,17,17,17,17,17,18,18,18,18,17,28,17,17,29,30,17,17,17,17,17,18,17,31,32,17,17,17,17,17,17,17,33,34,35,36,37,17,17,17,17,38,39,40,17,17,17,41,17,17,17,17,17,17,17,17,17,17,42,43,17,17,17,17,15,44,45,15,15,15,15,15,46,47,48,49,50,51,52,53","0.000493049621582031","louvain","edit-xhwikibooks.graphml"
"0.25","0.68","0.07","0.6473419235369","1,1,1,2,3,4,5,6,7,8,9,10,11,11,11,12,13,14,15,16,17,18,19,6,11,11,11,20,21,22,23,24,25,26,15,15,11,27,17,17,17,17,18,18,18,18,17,18,18,18,17,17,17,17,17,18,18,18,18,17,28,17,17,29,30,17,17,17,17,17,18,17,31,32,17,17,17,17,17,17,17,33,34,35,36,37,17,17,17,17,38,39,40,17,17,17,41,17,17,17,17,17,17,17,17,17,17,42,43,17,17,17,17,15,44,45,15,15,15,15,15,46,47,48,49,50,51,52,53","0.000722885131835938","louvain","edit-xhwikibooks.graphml"
"0.24","0.69","0.07","0.646100317265574","1,1,1,2,3,4,5,6,7,8,9,10,11,11,11,12,13,14,15,16,17,18,19,6,11,11,11,20,21,22,23,24,25,26,15,15,11,27,17,17,17,17,18,18,18,18,17,18,18,18,17,17,17,17,17,18,18,18,18,17,28,17,17,29,30,17,17,17,17,17,18,17,31,32,17,17,17,17,17,17,17,33,34,35,36,37,17,17,17,17,38,39,40,17,17,17,41,17,17,17,17,17,17,17,17,17,17,42,43,17,17,17,17,15,44,45,15,15,15,15,15,46,47,48,49,50,51,52,53","0.000475168228149414","louvain","edit-xhwikibooks.graphml"
"0.23","0.7","0.07","0.647833790580704","1,1,1,2,3,4,5,6,7,8,9,10,11,11,11,12,13,14,15,16,17,18,19,6,11,11,11,20,21,22,23,24,25,26,15,15,11,27,17,17,17,17,18,18,18,18,17,18,18,18,17,17,17,17,17,18,18,18,18,17,28,17,17,29,30,17,17,17,17,17,18,17,31,32,17,17,17,17,17,17,17,33,34,35,36,37,17,17,17,17,38,39,40,17,17,17,41,17,17,17,17,17,17,17,17,17,17,42,43,17,17,17,17,15,44,45,15,15,15,15,15,46,47,48,49,50,51,52,53","0.000471115112304688","louvain","edit-xhwikibooks.graphml"
"0.22","0.71","0.07","0.644660699818679","1,1,1,2,3,4,5,6,7,8,9,10,11,11,11,12,13,14,15,16,17,18,19,6,20,20,20,21,22,23,24,25,26,27,28,28,11,29,17,17,17,17,18,18,18,18,17,18,18,18,17,17,17,17,17,18,18,18,18,17,30,17,17,31,32,17,17,17,17,17,18,17,33,34,17,17,17,17,17,17,17,35,36,37,38,39,17,17,17,17,40,41,42,17,17,17,43,17,17,17,17,17,17,17,17,17,17,44,45,17,17,17,17,28,46,47,28,28,28,28,28,48,49,50,51,52,53,54,55","0.000451803207397461","louvain","edit-xhwikibooks.graphml"
"0.21","0.72","0.07","0.647614692882183","1,1,1,2,3,4,5,6,7,8,9,10,11,11,11,12,13,14,15,16,17,18,19,6,20,20,20,21,22,23,24,25,26,27,28,28,11,29,17,17,17,17,18,18,18,18,17,18,18,18,17,17,17,17,17,18,18,18,18,17,30,17,17,31,32,17,17,17,17,17,18,17,33,34,17,17,17,17,17,17,17,35,36,37,38,39,17,17,17,17,40,41,42,17,17,17,43,17,17,17,17,17,17,17,17,17,17,44,45,17,17,17,17,28,46,47,28,28,28,28,28,48,49,50,51,52,53,54,55","0.000429868698120117","louvain","edit-xhwikibooks.graphml"
"0.2","0.73","0.07","0.646352662721894","1,1,1,2,3,4,5,6,7,8,9,10,11,11,11,12,13,14,15,16,17,18,19,6,20,20,20,21,22,23,24,25,26,27,28,28,11,29,17,17,17,17,18,18,18,18,17,18,18,18,17,17,17,17,17,18,18,18,18,17,30,17,17,31,32,17,17,17,17,17,18,17,33,34,17,17,17,17,17,17,17,35,36,37,38,39,17,17,17,17,40,41,42,17,17,17,43,17,17,17,17,17,17,17,17,17,17,44,45,17,17,17,17,28,46,47,28,28,28,28,28,48,49,50,51,52,53,54,55","0.000414133071899414","louvain","edit-xhwikibooks.graphml"
"0.19","0.74","0.07","0.646352662721894","1,1,1,2,3,4,5,6,7,8,9,10,11,11,11,12,13,14,15,16,17,18,19,6,20,20,20,21,22,23,24,25,26,27,28,28,11,29,17,17,17,17,18,18,18,18,17,18,18,18,17,17,17,17,17,18,18,18,18,17,30,17,17,31,32,17,17,17,17,17,18,17,33,34,17,17,17,17,17,17,17,35,36,37,38,39,17,17,17,17,40,41,42,17,17,17,43,17,17,17,17,17,17,17,17,17,17,44,45,17,17,17,17,28,46,47,28,28,28,28,28,48,49,50,51,52,53,54,55","0.000418901443481445","louvain","edit-xhwikibooks.graphml"
"0.18","0.75","0.07","0.65103796158572","1,1,1,2,3,4,5,6,7,8,9,10,11,11,11,12,13,14,15,16,17,18,19,6,20,20,20,21,22,23,24,25,26,27,28,28,11,29,17,17,17,17,18,18,18,18,17,18,18,18,17,17,17,17,17,18,18,18,18,17,30,17,17,31,32,17,17,17,17,17,18,17,33,34,17,17,17,17,17,17,17,35,36,37,38,39,17,17,17,17,40,41,42,17,17,17,43,17,17,17,17,17,17,17,17,17,17,44,45,17,17,17,17,28,46,47,28,28,28,28,28,48,49,50,51,52,53,54,55","0.000427007675170898","louvain","edit-xhwikibooks.graphml"
"0.17","0.76","0.07","0.65103796158572","1,1,1,2,3,4,5,6,7,8,9,10,11,11,11,12,13,14,15,16,17,18,19,6,20,20,20,21,22,23,24,25,26,27,28,28,11,29,17,17,17,17,18,18,18,18,17,18,18,18,17,17,17,17,17,18,18,18,18,17,30,17,17,31,32,17,17,17,17,17,18,17,33,34,17,17,17,17,17,17,17,35,36,37,38,39,17,17,17,17,40,41,42,17,17,17,43,17,17,17,17,17,17,17,17,17,17,44,45,17,17,17,17,28,46,47,28,28,28,28,28,48,49,50,51,52,53,54,55","0.000414133071899414","louvain","edit-xhwikibooks.graphml"
"0.16","0.77","0.07","0.652690541781451","1,1,1,2,3,4,5,6,7,8,9,10,11,11,11,12,13,14,15,16,17,18,19,6,20,20,20,21,22,23,24,25,26,27,28,28,11,29,17,17,17,17,18,18,18,18,17,18,18,18,17,17,17,17,17,18,18,18,18,17,30,17,17,31,32,17,17,17,17,17,18,17,33,34,17,17,17,17,17,17,17,35,36,37,38,39,17,17,17,17,40,41,42,17,17,17,43,17,17,17,17,17,17,17,17,17,17,44,45,17,17,17,17,28,46,47,28,28,28,28,28,48,49,50,51,52,53,54,55","0.000435113906860352","louvain","edit-xhwikibooks.graphml"
"0.15","0.78","0.07","0.655510596603281","1,1,1,2,3,4,5,6,7,8,9,10,11,11,11,12,13,14,15,16,17,18,19,6,20,20,20,21,22,23,24,25,26,27,28,28,11,29,17,17,17,17,18,18,18,18,17,18,18,18,17,17,17,17,17,18,18,18,18,17,30,17,17,31,32,17,17,17,17,17,18,17,33,34,17,17,17,17,17,17,17,35,36,37,38,39,17,17,17,17,40,41,42,17,17,17,43,17,17,17,17,17,17,17,17,17,17,44,45,17,17,17,17,28,46,47,28,28,28,28,28,48,49,50,51,52,53,54,55","0.000417947769165039","louvain","edit-xhwikibooks.graphml"
"0.14","0.79","0.07","0.657323990657324","1,1,1,2,3,4,5,6,7,8,9,10,11,11,11,12,13,14,15,16,17,18,19,6,20,20,20,21,22,23,24,25,26,27,28,28,11,29,17,17,17,17,18,18,18,18,17,18,18,18,17,17,17,17,17,18,18,18,18,17,30,17,17,31,32,17,17,17,17,17,18,17,33,34,17,17,17,17,17,17,17,35,36,37,38,39,17,17,17,17,40,41,42,17,17,17,43,17,17,17,17,17,17,17,17,17,17,44,45,17,17,17,17,28,46,47,28,28,28,28,28,48,49,50,51,52,53,54,55","0.000440835952758789","louvain","edit-xhwikibooks.graphml"
"0.13","0.8","0.07","0.659624787414966","1,1,1,2,3,4,5,6,7,8,9,10,11,11,11,12,13,14,15,16,17,18,19,6,20,20,20,21,22,23,24,25,26,27,28,28,11,29,17,17,17,17,18,18,18,18,17,18,18,18,17,17,17,17,17,18,18,18,18,17,30,17,17,31,32,17,17,17,17,17,18,17,33,34,17,17,17,17,17,17,17,35,36,37,38,39,17,17,17,17,40,41,42,17,17,17,43,17,17,17,17,17,17,17,17,17,17,44,45,17,17,17,17,28,46,47,28,28,28,28,28,48,49,50,51,52,53,54,55","0.00041508674621582","louvain","edit-xhwikibooks.graphml"
"0.12","0.81","0.07","0.659624787414966","1,1,1,2,3,4,5,6,7,8,9,10,11,11,11,12,13,14,15,16,17,18,19,6,20,20,20,21,22,23,24,25,26,27,28,28,11,29,17,17,17,17,18,18,18,18,17,18,18,18,17,17,17,17,17,18,18,18,18,17,30,17,17,31,32,17,17,17,17,17,18,17,33,34,17,17,17,17,17,17,17,35,36,37,38,39,17,17,17,17,40,41,42,17,17,17,43,17,17,17,17,17,17,17,17,17,17,44,45,17,17,17,17,28,46,47,28,28,28,28,28,48,49,50,51,52,53,54,55","0.00043797492980957","louvain","edit-xhwikibooks.graphml"
"0.11","0.82","0.07","0.658392695189709","1,1,1,2,3,4,5,6,7,8,9,10,11,11,11,12,13,14,15,16,17,18,19,6,20,20,20,21,22,23,24,25,26,27,28,28,11,29,17,17,17,17,18,18,18,18,17,18,18,18,17,17,17,17,17,18,18,18,18,17,30,17,17,31,32,17,17,17,17,17,18,17,33,34,17,17,17,17,17,17,17,35,36,37,38,39,17,17,17,17,40,41,42,17,17,17,43,17,17,17,17,17,17,17,17,17,17,44,45,17,17,17,17,28,46,47,28,28,28,28,28,48,49,50,51,52,53,54,55","0.000424861907958984","louvain","edit-xhwikibooks.graphml"
"0.1","0.83","0.07","0.658392695189709","1,1,1,2,3,4,5,6,7,8,9,10,11,11,11,12,13,14,15,16,17,18,19,6,20,20,20,21,22,23,24,25,26,27,28,28,11,29,17,17,17,17,18,18,18,18,17,18,18,18,17,17,17,17,17,18,18,18,18,17,30,17,17,31,32,17,17,17,17,17,18,17,33,34,17,17,17,17,17,17,17,35,36,37,38,39,17,17,17,17,40,41,42,17,17,17,43,17,17,17,17,17,17,17,17,17,17,44,45,17,17,17,17,28,46,47,28,28,28,28,28,48,49,50,51,52,53,54,55","0.000425815582275391","louvain","edit-xhwikibooks.graphml"
"0.09","0.84","0.07","0.658269593894937","1,1,1,2,3,4,5,6,7,8,9,10,11,11,11,12,13,14,15,16,17,18,19,6,20,20,20,21,22,23,24,25,26,27,28,28,11,29,17,17,17,17,18,18,18,18,17,18,18,18,17,17,17,17,17,18,18,18,18,17,30,17,17,31,32,17,17,17,17,17,18,17,33,34,17,17,17,17,17,17,17,35,36,37,38,39,17,17,17,17,40,41,42,17,17,17,43,17,17,17,17,17,17,17,17,17,17,44,45,17,17,17,17,28,46,47,28,28,28,28,28,48,49,50,51,52,53,54,55","0.000437021255493164","louvain","edit-xhwikibooks.graphml"
"0.08","0.85","0.07","0.633102357314079","1,1,1,2,3,4,5,6,7,8,9,10,11,11,11,12,13,14,15,16,17,1,18,6,19,19,19,20,21,22,23,24,25,26,27,27,11,28,17,17,17,17,29,30,31,32,17,33,34,35,17,17,17,17,17,36,37,38,39,17,40,17,17,41,42,17,17,17,17,17,43,17,44,45,17,17,17,17,17,17,17,46,47,48,49,50,17,17,17,17,51,52,53,17,17,17,54,17,17,17,17,17,17,17,17,17,17,55,56,17,17,17,17,27,57,58,27,27,27,27,27,59,60,61,62,63,64,65,66","0.000463962554931641","louvain","edit-xhwikibooks.graphml"
"0.07","0.86","0.07","0.636757396449704","1,1,1,2,3,4,5,6,7,8,9,10,11,11,11,12,13,14,15,16,17,1,18,6,19,19,19,20,21,22,23,24,25,26,27,27,11,28,17,17,17,17,29,30,31,32,17,33,34,35,17,17,17,17,17,36,37,38,39,17,40,17,17,41,42,17,17,17,17,17,43,17,44,45,17,17,17,17,17,17,17,46,47,48,49,50,17,17,17,17,51,52,53,17,17,17,54,17,17,17,17,17,17,17,17,17,17,55,56,17,17,17,17,27,57,58,27,27,27,27,27,59,60,61,62,63,64,65,66","0.000483036041259766","louvain","edit-xhwikibooks.graphml"
"0.06","0.87","0.07","0.636757396449704","1,1,1,2,3,4,5,6,7,8,9,10,11,11,11,12,13,14,15,16,17,1,18,6,19,19,19,20,21,22,23,24,25,26,27,27,11,28,17,17,17,17,29,30,31,32,17,33,34,35,17,17,17,17,17,36,37,38,39,17,40,17,17,41,42,17,17,17,17,17,43,17,44,45,17,17,17,17,17,17,17,46,47,48,49,50,17,17,17,17,51,52,53,17,17,17,54,17,17,17,17,17,17,17,17,17,17,55,56,17,17,17,17,27,57,58,27,27,27,27,27,59,60,61,62,63,64,65,66","0.00048518180847168","louvain","edit-xhwikibooks.graphml"
"0.05","0.88","0.07","0.635472731378674","1,1,1,2,3,4,5,6,7,8,9,10,11,11,11,12,13,14,15,16,17,1,18,6,19,19,19,20,21,22,23,24,25,26,27,27,11,28,17,17,17,17,29,30,31,32,17,33,34,35,17,17,17,17,17,36,37,38,39,17,40,17,17,41,42,17,17,17,17,17,43,17,44,45,17,17,17,17,17,17,17,46,47,48,49,50,17,17,17,17,51,52,53,17,17,17,54,17,17,17,17,17,17,17,17,17,17,55,56,17,17,17,17,27,57,58,27,27,27,27,27,59,60,61,62,63,64,65,66","0.000448942184448242","louvain","edit-xhwikibooks.graphml"
"0.04","0.89","0.07","0.638566143664485","1,1,1,2,3,4,5,6,7,8,9,10,11,11,11,12,13,14,15,16,17,1,18,6,19,19,19,20,21,22,23,24,25,26,27,27,11,28,17,17,17,17,29,30,31,32,17,33,34,35,17,17,17,17,17,36,37,38,39,17,40,17,17,41,42,17,17,17,17,17,43,17,44,45,17,17,17,17,17,17,17,46,47,48,49,50,17,17,17,17,51,52,53,17,17,17,54,17,17,17,17,17,17,17,17,17,17,55,56,17,17,17,17,27,57,58,27,27,27,27,27,59,60,61,62,63,64,65,66","0.000503063201904297","louvain","edit-xhwikibooks.graphml"
"0.03","0.9","0.07","0.637295479531785","1,1,1,2,3,4,5,6,7,8,9,10,11,11,11,12,13,14,15,16,17,1,18,6,19,19,19,20,21,22,23,24,25,26,27,27,11,28,17,17,17,17,29,30,31,32,17,33,34,35,17,17,17,17,17,36,37,38,39,17,40,17,17,41,42,17,17,17,17,17,43,17,44,45,17,17,17,17,17,17,17,46,47,48,49,50,17,17,17,17,51,52,53,17,17,17,54,17,17,17,17,17,17,17,17,17,17,55,56,17,17,17,17,27,57,58,27,27,27,27,27,59,60,61,62,63,64,65,66","0.000452995300292969","louvain","edit-xhwikibooks.graphml"
"0.02","0.91","0.07","0.637295479531785","1,1,1,2,3,4,5,6,7,8,9,10,11,11,11,12,13,14,15,16,17,1,18,6,19,19,19,20,21,22,23,24,25,26,27,27,11,28,17,17,17,17,29,30,31,32,17,33,34,35,17,17,17,17,17,36,37,38,39,17,40,17,17,41,42,17,17,17,17,17,43,17,44,45,17,17,17,17,17,17,17,46,47,48,49,50,17,17,17,17,51,52,53,17,17,17,54,17,17,17,17,17,17,17,17,17,17,55,56,17,17,17,17,27,57,58,27,27,27,27,27,59,60,61,62,63,64,65,66","0.00046086311340332","louvain","edit-xhwikibooks.graphml"
"0.01","0.92","0.07","0.636028466483012","1,1,1,2,3,4,5,6,7,8,9,10,11,11,11,12,13,14,15,16,17,1,18,6,19,19,19,20,21,22,23,24,25,26,27,27,11,28,17,17,17,17,29,30,31,32,17,33,34,35,17,17,17,17,17,36,37,38,39,17,40,17,17,41,42,17,17,17,17,17,43,17,44,45,17,17,17,17,17,17,17,46,47,48,49,50,17,17,17,17,51,52,53,17,17,17,54,17,17,17,17,17,17,17,17,17,17,55,56,17,17,17,17,27,57,58,27,27,27,27,27,59,60,61,62,63,64,65,66","0.000449895858764648","louvain","edit-xhwikibooks.graphml"
"0","0.93","0.07","0.640090508035433","1,1,1,1,1,2,3,4,5,6,7,8,9,9,9,10,11,12,13,14,15,1,16,4,17,17,17,18,1,19,20,21,22,23,24,24,9,25,15,15,15,15,26,27,28,29,15,30,31,32,15,15,15,15,15,33,34,35,36,15,37,15,15,38,39,15,15,15,15,15,40,15,41,42,15,15,15,15,15,15,15,43,44,45,46,47,15,15,15,15,48,49,50,15,15,15,51,15,15,15,15,15,15,15,15,15,15,52,53,15,15,15,15,24,54,55,24,24,24,24,24,56,57,58,59,60,61,62,63","0.000471830368041992","louvain","edit-xhwikibooks.graphml"
"0.92","0","0.08","0.507491091674765","1,2,1,1,3,1,3,4,1,1,3,3,4,4,4,1,1,3,3,3,5,2,4,4,4,4,4,1,2,1,3,3,3,3,6,6,4,4,5,5,5,5,2,2,2,2,5,2,2,2,5,5,5,5,5,2,2,2,2,5,4,5,5,4,4,5,5,5,5,5,2,5,4,4,5,5,5,5,5,5,5,4,1,1,1,2,5,5,5,5,1,3,3,5,5,5,1,5,5,5,5,5,5,5,5,5,5,3,3,3,5,5,5,6,6,6,6,6,6,6,6,4,4,4,4,4,4,4,4","0.000463962554931641","louvain","edit-xhwikibooks.graphml"
"0.91","0.01","0.08","0.505871396177519","1,2,1,1,3,1,3,4,1,1,5,3,4,4,4,1,1,5,5,3,6,2,4,4,4,4,4,1,2,1,5,5,3,3,5,5,4,4,6,6,6,6,2,2,2,2,6,2,2,2,6,6,6,6,6,2,2,2,2,6,4,6,6,4,4,6,6,6,6,6,2,6,4,4,6,6,6,6,6,6,6,4,1,1,1,2,6,6,6,6,1,5,5,6,6,6,1,6,6,6,6,6,6,6,6,6,6,3,3,3,6,6,6,5,5,5,5,5,5,5,5,4,4,4,4,4,4,4,4","0.00049591064453125","louvain","edit-xhwikibooks.graphml"
"0.9","0.02","0.08","0.506918413623953","1,2,1,1,1,3,1,4,3,3,1,1,4,4,4,3,3,1,1,1,5,2,4,4,4,4,4,3,2,3,1,1,1,1,6,6,4,4,5,5,5,5,2,2,2,2,5,2,2,2,5,5,5,5,5,2,2,2,2,5,4,5,5,4,4,5,5,5,5,5,2,5,4,4,5,5,5,5,5,5,5,4,3,3,3,2,5,5,5,5,3,1,1,5,5,5,3,5,5,5,5,5,5,5,5,5,5,1,1,1,5,5,5,6,6,6,6,6,6,6,6,4,4,4,4,4,4,4,4","0.000479936599731445","louvain","edit-xhwikibooks.graphml"
"0.89","0.03","0.08","0.505728239011778","1,2,1,1,1,3,1,4,3,3,1,1,4,4,4,3,3,1,1,1,5,2,4,4,4,4,4,3,2,3,1,1,1,1,6,6,4,4,5,5,5,5,2,2,2,2,5,2,2,2,5,5,5,5,5,2,2,2,2,5,4,5,5,4,4,5,5,5,5,5,2,5,4,4,5,5,5,5,5,5,5,4,3,3,3,2,5,5,5,5,3,1,1,5,5,5,3,5,5,5,5,5,5,5,5,5,5,1,1,1,5,5,5,6,6,6,6,6,6,6,6,4,4,4,4,4,4,4,4","0.000500917434692383","louvain","edit-xhwikibooks.graphml"
"0.88","0.04","0.08","0.504291870152255","1,2,1,1,1,3,1,3,3,3,4,1,3,3,3,5,3,4,4,1,6,2,3,3,3,3,3,5,2,3,4,4,1,1,4,4,3,3,6,6,6,6,2,2,2,2,6,2,2,2,6,6,6,6,6,2,2,2,2,6,3,6,6,3,3,6,6,6,6,6,2,6,3,3,6,6,6,6,6,6,6,3,5,5,5,2,6,6,6,6,3,4,4,6,6,6,5,6,6,6,6,6,6,6,6,6,6,1,1,1,6,6,6,4,4,4,4,4,4,4,4,3,3,3,3,3,3,3,3","0.000579118728637695","louvain","edit-xhwikibooks.graphml"
"0.87","0.05","0.08","0.505107514609204","1,2,1,1,3,1,3,4,1,1,3,3,4,4,4,1,1,3,3,3,5,2,4,4,4,4,4,1,2,1,3,3,3,3,6,6,4,4,5,5,5,5,2,2,2,2,5,2,2,2,5,5,5,5,5,2,2,2,2,5,4,5,5,4,4,5,5,5,5,5,2,5,4,4,5,5,5,5,5,5,5,4,1,1,1,2,5,5,5,5,1,3,3,5,5,5,1,5,5,5,5,5,5,5,5,5,5,3,3,3,5,5,5,6,6,6,6,6,6,6,6,4,4,4,4,4,4,4,4","0.000504970550537109","louvain","edit-xhwikibooks.graphml"
"0.86","0.06","0.08","0.505107514609204","1,2,1,1,3,1,3,4,1,1,3,3,4,4,4,1,1,3,3,3,5,2,4,4,4,4,4,1,2,1,3,3,3,3,6,6,4,4,5,5,5,5,2,2,2,2,5,2,2,2,5,5,5,5,5,2,2,2,2,5,4,5,5,4,4,5,5,5,5,5,2,5,4,4,5,5,5,5,5,5,5,4,1,1,1,2,5,5,5,5,1,3,3,5,5,5,1,5,5,5,5,5,5,5,5,5,5,3,3,3,5,5,5,6,6,6,6,6,6,6,6,4,4,4,4,4,4,4,4","0.000478029251098633","louvain","edit-xhwikibooks.graphml"
"0.85","0.07","0.08","0.503922502239001","1,2,1,1,3,1,3,4,1,1,3,3,4,4,4,1,1,3,3,3,5,2,4,4,4,4,4,1,2,1,3,3,3,3,6,6,4,4,5,5,5,5,2,2,2,2,5,2,2,2,5,5,5,5,5,2,2,2,2,5,4,5,5,4,4,5,5,5,5,5,2,5,4,4,5,5,5,5,5,5,5,4,1,1,1,2,5,5,5,5,1,3,3,5,5,5,1,5,5,5,5,5,5,5,5,5,5,3,3,3,5,5,5,6,6,6,6,6,6,6,6,4,4,4,4,4,4,4,4","0.000478029251098633","louvain","edit-xhwikibooks.graphml"
"0.84","0.08","0.08","0.504183370118463","1,2,1,1,1,1,1,3,1,1,4,1,3,3,3,1,1,4,4,1,5,2,3,3,3,3,3,1,2,1,4,4,1,1,4,4,3,3,5,5,5,5,2,2,2,2,5,2,2,2,5,5,5,5,5,2,2,2,2,5,3,5,5,3,3,5,5,5,5,5,2,5,3,3,5,5,5,5,5,5,5,3,1,1,1,2,5,5,5,5,1,4,4,5,5,5,1,5,5,5,5,5,5,5,5,5,5,1,1,1,5,5,5,4,4,4,4,4,4,4,4,3,3,3,3,3,3,3,3","0.000488042831420898","louvain","edit-xhwikibooks.graphml"
"0.83","0.09","0.08","0.494298128108656","1,2,1,1,3,1,3,4,1,1,3,3,4,4,4,1,1,3,3,3,5,2,4,4,4,4,4,1,2,1,3,3,3,3,6,6,4,4,5,5,5,5,2,2,2,2,5,2,2,2,5,5,5,5,5,2,2,2,2,5,7,5,5,4,4,5,5,5,5,5,2,5,4,4,5,5,5,5,5,5,5,4,1,1,1,8,5,5,5,5,9,10,11,5,5,5,1,5,5,5,5,5,5,5,5,5,5,3,3,3,5,5,5,6,6,6,6,6,6,6,6,4,4,4,4,4,4,4,4","0.000489950180053711","louvain","edit-xhwikibooks.graphml"
"0.82","0.1","0.08","0.494298128108656","1,2,1,1,3,1,3,4,1,1,3,3,4,4,4,1,1,3,3,3,5,2,4,4,4,4,4,1,2,1,3,3,3,3,6,6,4,4,5,5,5,5,2,2,2,2,5,2,2,2,5,5,5,5,5,2,2,2,2,5,7,5,5,4,4,5,5,5,5,5,2,5,4,4,5,5,5,5,5,5,5,4,1,1,1,8,5,5,5,5,9,10,11,5,5,5,1,5,5,5,5,5,5,5,5,5,5,3,3,3,5,5,5,6,6,6,6,6,6,6,6,4,4,4,4,4,4,4,4","0.000478982925415039","louvain","edit-xhwikibooks.graphml"
"0.81","0.11","0.08","0.49310472488315","1,2,1,1,3,1,3,4,1,1,3,3,4,4,4,1,1,3,3,3,5,2,4,4,4,4,4,1,2,1,3,3,3,3,6,6,4,4,5,5,5,5,2,2,2,2,5,2,2,2,5,5,5,5,5,2,2,2,2,5,7,5,5,4,4,5,5,5,5,5,2,5,4,4,5,5,5,5,5,5,5,4,1,1,1,8,5,5,5,5,9,10,11,5,5,5,1,5,5,5,5,5,5,5,5,5,5,3,3,3,5,5,5,6,6,6,6,6,6,6,6,4,4,4,4,4,4,4,4","0.000480890274047852","louvain","edit-xhwikibooks.graphml"
"0.8","0.12","0.08","0.495269128926224","1,2,1,1,1,3,1,2,3,3,1,1,2,4,4,3,3,1,1,1,5,2,2,2,4,4,4,3,2,3,1,1,1,1,6,6,4,4,5,5,5,5,2,2,2,2,5,2,2,2,5,5,5,5,5,2,2,2,2,5,7,5,5,2,4,5,5,5,5,5,2,5,4,4,5,5,5,5,5,5,5,4,3,3,3,8,5,5,5,5,9,10,11,5,5,5,3,5,5,5,5,5,5,5,5,5,5,1,1,1,5,5,5,6,6,6,6,6,6,6,6,4,4,4,4,4,4,4,4","0.000494003295898438","louvain","edit-xhwikibooks.graphml"
"0.79","0.13","0.08","0.474458977407848","1,2,1,1,3,1,3,2,1,1,3,3,2,4,4,1,1,3,3,3,5,2,2,2,4,4,4,1,2,1,3,3,3,3,6,6,4,4,5,5,5,5,2,2,2,2,5,2,2,2,5,5,5,5,5,2,2,2,2,5,7,5,5,2,4,5,5,5,5,5,2,5,4,4,5,5,5,5,5,5,5,4,1,1,1,8,5,5,5,5,9,10,11,5,5,5,1,5,5,5,5,5,5,5,5,5,5,3,3,3,5,5,5,6,6,6,6,6,6,6,6,4,4,4,4,4,4,4,4","0.000540018081665039","louvain","edit-xhwikibooks.graphml"
"0.78","0.14","0.08","0.479375743162901","1,2,1,1,1,3,1,3,3,3,1,1,3,3,3,3,3,1,1,1,4,2,3,3,3,3,3,3,2,3,1,1,1,1,5,5,6,3,4,4,4,4,2,2,2,2,4,2,2,2,4,4,4,4,4,2,2,2,2,4,7,4,4,3,3,4,4,4,4,4,2,4,3,3,4,4,4,4,4,4,4,3,3,3,3,8,4,4,4,4,9,10,11,4,4,4,3,4,4,4,4,4,4,4,4,4,4,1,1,1,4,4,4,5,5,5,5,5,5,5,5,6,6,6,6,6,6,6,6","0.000536203384399414","louvain","edit-xhwikibooks.graphml"
"0.77","0.15","0.08","0.482981747020932","1,2,1,1,3,1,3,4,1,1,3,3,4,4,4,1,1,3,3,3,5,2,4,4,4,4,4,1,2,1,3,3,3,3,6,6,7,4,5,5,5,5,2,2,2,2,5,2,2,2,5,5,5,5,5,2,2,2,2,5,8,5,5,4,4,5,5,5,5,5,2,5,4,4,5,5,5,5,5,5,5,4,1,1,1,9,5,5,5,5,10,11,12,5,5,5,1,5,5,5,5,5,5,5,5,5,5,3,3,3,5,5,5,6,6,6,6,6,6,6,6,7,7,7,7,7,7,7,7","0.000563144683837891","louvain","edit-xhwikibooks.graphml"
"0.76","0.16","0.08","0.485856587532972","1,2,1,1,3,1,3,4,1,1,3,3,4,4,4,1,1,3,3,3,5,2,4,4,4,4,4,1,2,1,3,3,3,3,6,6,7,4,5,5,5,5,2,2,2,2,5,2,2,2,5,5,5,5,5,2,2,2,2,5,8,5,5,4,4,5,5,5,5,5,2,5,4,4,5,5,5,5,5,5,5,4,1,1,1,9,5,5,5,5,10,11,12,5,5,5,1,5,5,5,5,5,5,5,5,5,5,3,3,3,5,5,5,6,6,6,6,6,6,6,6,7,7,7,7,7,7,7,7","0.000604867935180664","louvain","edit-xhwikibooks.graphml"
"0.75","0.17","0.08","0.464955499046408","1,2,1,1,1,3,1,3,3,3,1,1,3,3,3,3,4,1,1,1,5,2,3,3,3,3,3,3,2,6,7,1,1,1,8,8,9,3,5,5,5,5,2,2,2,2,5,2,2,2,5,5,5,5,5,2,2,2,2,5,10,5,5,11,12,5,5,5,5,5,2,5,3,3,5,5,5,5,5,5,5,13,3,3,3,14,5,5,5,5,15,16,17,5,5,5,18,5,5,5,5,5,5,5,5,5,5,19,20,5,5,5,5,8,8,8,8,8,8,8,8,9,9,9,9,9,9,9,9","0.000458955764770508","louvain","edit-xhwikibooks.graphml"
"0.74","0.18","0.08","0.462412587412587","1,2,1,1,1,3,1,3,3,3,1,1,3,3,3,3,4,1,1,1,5,2,3,3,3,3,3,3,2,6,7,1,1,1,8,8,3,3,5,5,5,5,2,2,2,2,5,2,2,2,5,5,5,5,5,2,2,2,2,5,9,5,5,10,11,5,5,5,5,5,2,5,3,3,5,5,5,5,5,5,5,12,3,3,3,13,5,5,5,5,14,15,16,5,5,5,17,5,5,5,5,5,5,5,5,5,5,18,19,5,5,5,5,8,8,8,8,8,8,8,8,3,3,3,3,3,3,3,3","0.000480890274047852","louvain","edit-xhwikibooks.graphml"
"0.73","0.19","0.08","0.466839072145062","1,2,1,1,1,3,1,3,3,3,1,1,3,3,3,3,4,1,1,1,5,2,3,3,3,3,3,3,2,6,7,1,1,1,8,8,9,3,5,5,5,5,2,2,2,2,5,2,2,2,5,5,5,5,5,2,2,2,2,5,10,5,5,11,12,5,5,5,5,5,2,5,3,3,5,5,5,5,5,5,5,13,3,3,3,14,5,5,5,5,15,16,17,5,5,5,18,5,5,5,5,5,5,5,5,5,5,19,20,5,5,5,5,8,8,8,8,8,8,8,8,9,9,9,9,9,9,9,9","0.000467061996459961","louvain","edit-xhwikibooks.graphml"
"0.72","0.2","0.08","0.472645659928656","1,2,1,1,1,3,1,3,3,3,1,1,3,3,3,3,4,1,1,1,5,2,3,3,3,3,3,3,2,6,7,1,1,1,8,8,9,3,5,5,5,5,2,2,2,2,5,2,2,2,5,5,5,5,5,2,2,2,2,5,10,5,5,11,12,5,5,5,5,5,2,5,3,3,5,5,5,5,5,5,5,13,3,3,3,14,5,5,5,5,15,16,17,5,5,5,18,5,5,5,5,5,5,5,5,5,5,19,20,5,5,5,5,8,8,8,8,8,8,8,8,9,9,9,9,9,9,9,9","0.000481843948364258","louvain","edit-xhwikibooks.graphml"
"0.71","0.21","0.08","0.468658849092477","1,2,1,1,1,3,1,3,3,3,1,1,3,3,3,4,5,1,1,1,6,2,3,3,3,3,3,4,2,7,8,1,1,1,9,9,3,3,6,6,6,6,2,2,2,2,6,2,2,2,6,6,6,6,6,2,2,2,2,6,10,6,6,11,12,6,6,6,6,6,2,6,3,3,6,6,6,6,6,6,6,13,4,4,4,14,6,6,6,6,15,16,17,6,6,6,18,6,6,6,6,6,6,6,6,6,6,19,20,6,6,6,6,9,9,9,9,9,9,9,9,3,3,3,3,3,3,3,3","0.000497817993164062","louvain","edit-xhwikibooks.graphml"
"0.7","0.22","0.08","0.471433969839752","1,2,1,1,1,3,1,3,3,3,1,1,3,3,3,3,4,1,1,1,5,2,3,3,3,3,3,3,2,6,7,1,1,1,8,8,9,3,5,5,5,5,2,2,2,2,5,2,2,2,5,5,5,5,5,2,2,2,2,5,10,5,5,11,12,5,5,5,5,5,2,5,3,3,5,5,5,5,5,5,5,13,3,3,3,14,5,5,5,5,15,16,17,5,5,5,18,5,5,5,5,5,5,5,5,5,5,19,20,5,5,5,5,8,8,8,8,8,8,8,8,9,9,9,9,9,9,9,9","0.000522851943969727","louvain","edit-xhwikibooks.graphml"
"0.69","0.23","0.08","0.476520199916701","1,2,1,1,1,3,1,3,3,3,1,1,3,3,3,3,4,1,1,1,5,2,3,3,3,3,3,3,2,6,7,1,1,1,8,8,9,3,5,5,5,5,2,2,2,2,5,2,2,2,5,5,5,5,5,2,2,2,2,5,10,5,5,11,12,5,5,5,5,5,2,5,3,3,5,5,5,5,5,5,5,13,3,3,3,14,5,5,5,5,15,16,17,5,5,5,18,5,5,5,5,5,5,5,5,5,5,19,20,5,5,5,5,8,8,8,8,8,8,8,8,9,9,9,9,9,9,9,9","0.000663995742797852","louvain","edit-xhwikibooks.graphml"
"0.68","0.24","0.08","0.479454179833381","1,2,1,1,1,3,1,3,3,3,1,1,3,3,3,3,4,1,1,1,5,2,3,3,3,3,3,3,2,6,7,1,1,1,8,8,9,3,5,5,5,5,2,2,2,2,5,2,2,2,5,5,5,5,5,2,2,2,2,5,10,5,5,11,12,5,5,5,5,5,2,5,3,3,5,5,5,5,5,5,5,13,3,3,3,14,5,5,5,5,15,16,17,5,5,5,18,5,5,5,5,5,5,5,5,5,5,19,20,5,5,5,5,8,8,8,8,8,8,8,8,9,9,9,9,9,9,9,9","0.000484943389892578","louvain","edit-xhwikibooks.graphml"
"0.67","0.25","0.08","0.447540781779009","1,1,1,2,3,2,4,2,2,2,4,5,2,2,2,2,6,7,4,8,9,1,10,2,2,2,2,2,1,11,12,13,8,14,4,4,2,2,9,9,9,9,1,1,1,1,9,1,1,1,9,9,9,9,9,1,1,1,1,9,15,9,9,16,17,9,9,9,9,9,1,9,18,19,9,9,9,9,9,9,9,20,21,22,23,24,9,9,9,9,25,26,27,9,9,9,28,9,9,9,9,9,9,9,9,9,9,29,30,9,9,9,9,4,4,4,4,4,4,4,4,2,2,2,2,2,2,2,2","0.00046992301940918","louvain","edit-xhwikibooks.graphml"
"0.66","0.26","0.08","0.450624807633118","1,1,1,2,3,2,4,2,2,2,4,5,2,2,2,2,6,7,4,8,9,1,10,2,2,2,2,2,1,11,12,13,8,14,4,4,15,2,9,9,9,9,1,1,1,1,9,1,1,1,9,9,9,9,9,1,1,1,1,9,16,9,9,17,18,9,9,9,9,9,1,9,19,20,9,9,9,9,9,9,9,21,22,23,24,25,9,9,9,9,26,27,28,9,9,9,29,9,9,9,9,9,9,9,9,9,9,30,31,9,9,9,9,4,4,4,4,4,4,4,4,15,15,15,15,15,15,15,15","0.000506877899169922","louvain","edit-xhwikibooks.graphml"
"0.65","0.27","0.08","0.450624807633118","1,1,1,2,3,2,4,2,2,2,4,5,2,2,2,2,6,7,4,8,9,1,10,2,2,2,2,2,1,11,12,13,8,14,4,4,15,2,9,9,9,9,1,1,1,1,9,1,1,1,9,9,9,9,9,1,1,1,1,9,16,9,9,17,18,9,9,9,9,9,1,9,19,20,9,9,9,9,9,9,9,21,22,23,24,25,9,9,9,9,26,27,28,9,9,9,29,9,9,9,9,9,9,9,9,9,9,30,31,9,9,9,9,4,4,4,4,4,4,4,4,15,15,15,15,15,15,15,15","0.000489950180053711","louvain","edit-xhwikibooks.graphml"
"0.64","0.28","0.08","0.446372683260795","1,1,1,2,3,2,4,2,2,2,4,5,2,2,2,2,6,7,4,8,9,1,10,2,2,2,2,2,1,11,12,13,8,14,4,4,2,2,9,9,9,9,1,1,1,1,9,1,1,1,9,9,9,9,9,1,1,1,1,9,15,9,9,16,17,9,9,9,9,9,1,9,18,19,9,9,9,9,9,9,9,20,21,22,23,24,9,9,9,9,25,26,27,9,9,9,28,9,9,9,9,9,9,9,9,9,9,29,30,9,9,9,9,4,4,4,4,4,4,4,4,2,2,2,2,2,2,2,2","0.000532150268554688","louvain","edit-xhwikibooks.graphml"
"0.63","0.29","0.08","0.449313455304787","1,1,1,2,3,2,4,2,2,2,4,5,2,2,2,2,6,7,4,8,9,1,10,2,2,2,2,2,1,11,12,13,8,14,4,4,2,2,9,9,9,9,1,1,1,1,9,1,1,1,9,9,9,9,9,1,1,1,1,9,15,9,9,16,17,9,9,9,9,9,1,9,18,19,9,9,9,9,9,9,9,20,21,22,23,24,9,9,9,9,25,26,27,9,9,9,28,9,9,9,9,9,9,9,9,9,9,29,30,9,9,9,9,4,4,4,4,4,4,4,4,2,2,2,2,2,2,2,2","0.000494956970214844","louvain","edit-xhwikibooks.graphml"
"0.62","0.3","0.08","0.451388888888889","1,1,1,2,3,2,4,2,2,2,4,5,2,2,2,2,6,7,4,8,9,1,10,2,2,2,2,2,1,11,12,13,8,14,4,4,15,2,9,9,9,9,1,1,1,1,9,1,1,1,9,9,9,9,9,1,1,1,1,9,16,9,9,17,18,9,9,9,9,9,1,9,19,20,9,9,9,9,9,9,9,21,22,23,24,25,9,9,9,9,26,27,28,9,9,9,29,9,9,9,9,9,9,9,9,9,9,30,31,9,9,9,9,4,4,4,4,4,4,4,4,15,15,15,15,15,15,15,15","0.000472784042358398","louvain","edit-xhwikibooks.graphml"
"0.61","0.31","0.08","0.457598097502973","1,1,1,2,3,2,4,2,2,2,4,5,2,2,2,2,6,7,4,8,9,1,10,2,2,2,2,2,1,11,12,13,8,14,4,4,15,2,9,9,9,9,1,1,1,1,9,1,1,1,9,9,9,9,9,1,1,1,1,9,16,9,9,17,18,9,9,9,9,9,1,9,19,20,9,9,9,9,9,9,9,21,22,23,24,25,9,9,9,9,26,27,28,9,9,9,29,9,9,9,9,9,9,9,9,9,9,30,31,9,9,9,9,4,4,4,4,4,4,4,4,15,15,15,15,15,15,15,15","0.000462055206298828","louvain","edit-xhwikibooks.graphml"
"0.6","0.32","0.08","0.453342544372409","1,1,1,2,3,2,4,2,2,2,4,5,2,2,2,2,6,7,4,8,9,10,11,2,2,2,2,2,1,12,13,14,8,15,4,4,2,2,9,9,9,9,10,10,10,10,9,10,10,10,9,9,9,9,9,10,10,10,10,9,16,9,9,17,18,9,9,9,9,9,10,9,19,20,9,9,9,9,9,9,9,21,22,23,24,25,9,9,9,9,26,27,28,9,9,9,29,9,9,9,9,9,9,9,9,9,9,30,31,9,9,9,9,4,4,4,4,4,4,4,4,2,2,2,2,2,2,2,2","0.000490188598632812","louvain","edit-xhwikibooks.graphml"
"0.59","0.33","0.08","0.446433738425926","1,1,1,2,3,2,4,2,2,2,5,6,2,2,2,2,7,8,9,10,11,12,13,2,2,2,2,2,1,14,15,16,17,18,9,9,19,2,11,11,11,11,12,12,12,12,11,12,12,12,11,11,11,11,11,12,12,12,12,11,20,11,11,21,22,11,11,11,11,11,12,11,23,24,11,11,11,11,11,11,11,25,26,27,28,29,11,11,11,11,30,31,32,11,11,11,33,11,11,11,11,11,11,11,11,11,11,34,35,11,11,11,11,9,9,9,9,9,9,9,9,19,19,19,19,19,19,19,19","0.000452995300292969","louvain","edit-xhwikibooks.graphml"
"0.58","0.34","0.08","0.491592364958449","1,1,1,2,3,2,4,2,2,2,5,6,2,2,2,2,7,8,9,10,11,12,13,2,2,2,2,2,1,14,15,16,17,18,9,9,19,2,11,11,11,11,12,12,12,12,11,12,12,12,11,11,11,11,11,12,12,12,12,11,20,11,11,21,22,11,11,11,11,11,12,11,23,24,11,11,11,11,11,11,11,25,26,27,28,29,11,11,11,11,30,31,32,11,11,11,33,11,11,11,11,11,11,11,11,11,11,34,35,11,11,11,11,9,9,9,9,9,9,9,9,19,19,19,19,19,19,19,19","0.000453948974609375","louvain","edit-xhwikibooks.graphml"
"0.57","0.35","0.08","0.491592364958449","1,1,1,2,3,2,4,2,2,2,5,6,2,2,2,2,7,8,9,10,11,12,13,2,2,2,2,2,1,14,15,16,17,18,9,9,19,2,11,11,11,11,12,12,12,12,11,12,12,12,11,11,11,11,11,12,12,12,12,11,20,11,11,21,22,11,11,11,11,11,12,11,23,24,11,11,11,11,11,11,11,25,26,27,28,29,11,11,11,11,30,31,32,11,11,11,33,11,11,11,11,11,11,11,11,11,11,34,35,11,11,11,11,9,9,9,9,9,9,9,9,19,19,19,19,19,19,19,19","0.000555992126464844","louvain","edit-xhwikibooks.graphml"
"0.56","0.36","0.08","0.490395055092717","1,1,1,2,3,2,4,2,2,2,5,6,2,2,2,2,7,8,9,10,11,12,13,2,2,2,2,2,1,14,15,16,17,18,9,9,19,2,11,11,11,11,12,12,12,12,11,12,12,12,11,11,11,11,11,12,12,12,12,11,20,11,11,21,22,11,11,11,11,11,12,11,23,24,11,11,11,11,11,11,11,25,26,27,28,29,11,11,11,11,30,31,32,11,11,11,33,11,11,11,11,11,11,11,11,11,11,34,35,11,11,11,11,9,9,9,9,9,9,9,9,19,19,19,19,19,19,19,19","0.000563144683837891","louvain","edit-xhwikibooks.graphml"
"0.55","0.37","0.08","0.490395055092717","1,1,1,2,3,2,4,2,2,2,5,6,2,2,2,2,7,8,9,10,11,12,13,2,2,2,2,2,1,14,15,16,17,18,9,9,19,2,11,11,11,11,12,12,12,12,11,12,12,12,11,11,11,11,11,12,12,12,12,11,20,11,11,21,22,11,11,11,11,11,12,11,23,24,11,11,11,11,11,11,11,25,26,27,28,29,11,11,11,11,30,31,32,11,11,11,33,11,11,11,11,11,11,11,11,11,11,34,35,11,11,11,11,9,9,9,9,9,9,9,9,19,19,19,19,19,19,19,19","0.000466108322143555","louvain","edit-xhwikibooks.graphml"
"0.54","0.38","0.08","0.48920287069076","1,1,1,2,3,2,4,2,2,2,5,6,2,2,2,2,7,8,9,10,11,12,13,2,2,2,2,2,1,14,15,16,17,18,9,9,19,2,11,11,11,11,12,12,12,12,11,12,12,12,11,11,11,11,11,12,12,12,12,11,20,11,11,21,22,11,11,11,11,11,12,11,23,24,11,11,11,11,11,11,11,25,26,27,28,29,11,11,11,11,30,31,32,11,11,11,33,11,11,11,11,11,11,11,11,11,11,34,35,11,11,11,11,9,9,9,9,9,9,9,9,19,19,19,19,19,19,19,19","0.000481128692626953","louvain","edit-xhwikibooks.graphml"
"0.53","0.39","0.08","0.495066621689998","1,1,1,2,3,2,4,2,2,2,5,6,2,2,2,2,7,8,9,10,11,12,13,2,2,2,2,2,1,14,15,16,17,18,9,9,19,2,11,11,11,11,12,12,12,12,11,12,12,12,11,11,11,11,11,12,12,12,12,11,20,11,11,21,22,11,11,11,11,11,12,11,23,24,11,11,11,11,11,11,11,25,26,27,28,29,11,11,11,11,30,31,32,11,11,11,33,11,11,11,11,11,11,11,11,11,11,34,35,11,11,11,11,9,9,9,9,9,9,9,9,19,19,19,19,19,19,19,19","0.000453948974609375","louvain","edit-xhwikibooks.graphml"
"0.52","0.4","0.08","0.498816182628385","1,1,1,2,3,2,4,2,2,2,5,6,2,2,2,2,7,8,9,10,11,12,13,2,2,2,2,2,1,14,15,16,17,18,9,9,19,2,11,11,11,11,12,12,12,12,11,12,12,12,11,11,11,11,11,12,12,12,12,11,20,11,11,21,22,11,11,11,11,11,12,11,23,24,11,11,11,11,11,11,11,25,26,27,28,29,11,11,11,11,30,31,32,11,11,11,33,11,11,11,11,11,11,11,11,11,11,34,35,11,11,11,11,9,9,9,9,9,9,9,9,19,19,19,19,19,19,19,19","0.000448942184448242","louvain","edit-xhwikibooks.graphml"
"0.51","0.41","0.08","0.485536146197259","1,1,1,2,3,1,4,1,5,6,7,8,1,5,5,1,9,10,11,12,13,14,15,5,5,5,5,16,17,18,19,20,21,22,11,11,23,5,13,13,13,13,14,14,14,14,13,14,14,14,13,13,13,13,13,14,14,14,14,13,24,13,13,25,26,13,13,13,13,13,14,13,27,28,13,13,13,13,13,13,13,29,30,31,32,33,13,13,13,13,34,35,36,13,13,13,37,13,13,13,13,13,13,13,13,13,13,38,39,13,13,13,13,11,11,11,11,11,11,11,11,23,23,23,23,23,23,23,23","0.000466823577880859","louvain","edit-xhwikibooks.graphml"
"0.5","0.42","0.08","0.484332948865821","1,1,1,2,3,1,4,1,5,6,7,8,1,5,5,1,9,10,11,12,13,14,15,5,5,5,5,16,17,18,19,20,21,22,11,11,23,5,13,13,13,13,14,14,14,14,13,14,14,14,13,13,13,13,13,14,14,14,14,13,24,13,13,25,26,13,13,13,13,13,14,13,27,28,13,13,13,13,13,13,13,29,30,31,32,33,13,13,13,13,34,35,36,13,13,13,37,13,13,13,13,13,13,13,13,13,13,38,39,13,13,13,13,11,11,11,11,11,11,11,11,23,23,23,23,23,23,23,23","0.000524997711181641","louvain","edit-xhwikibooks.graphml"
"0.49","0.43","0.08","0.489911873840445","1,1,1,2,3,1,4,1,5,6,7,8,1,5,5,1,9,10,11,12,13,14,15,5,5,5,5,16,17,18,19,20,21,22,11,11,23,5,13,13,13,13,14,14,14,14,13,14,14,14,13,13,13,13,13,14,14,14,14,13,24,13,13,25,26,13,13,13,13,13,14,13,27,28,13,13,13,13,13,13,13,29,30,31,32,33,13,13,13,13,34,35,36,13,13,13,37,13,13,13,13,13,13,13,13,13,13,38,39,13,13,13,13,11,11,11,11,11,11,11,11,23,23,23,23,23,23,23,23","0.000441789627075195","louvain","edit-xhwikibooks.graphml"
"0.48","0.44","0.08","0.488715032310093","1,1,1,2,3,1,4,1,5,6,7,8,1,5,5,1,9,10,11,12,13,14,15,5,5,5,5,16,17,18,19,20,21,22,11,11,23,5,13,13,13,13,14,14,14,14,13,14,14,14,13,13,13,13,13,14,14,14,14,13,24,13,13,25,26,13,13,13,13,13,14,13,27,28,13,13,13,13,13,13,13,29,30,31,32,33,13,13,13,13,34,35,36,13,13,13,37,13,13,13,13,13,13,13,13,13,13,38,39,13,13,13,13,11,11,11,11,11,11,11,11,23,23,23,23,23,23,23,23","0.000454902648925781","louvain","edit-xhwikibooks.graphml"
"0.47","0.45","0.08","0.494339388550573","1,1,1,2,3,1,4,1,5,6,7,8,1,5,5,1,9,10,11,12,13,14,15,5,5,5,5,16,17,18,19,20,21,22,11,11,23,5,13,13,13,13,14,14,14,14,13,14,14,14,13,13,13,13,13,14,14,14,14,13,24,13,13,25,26,13,13,13,13,13,14,13,27,28,13,13,13,13,13,13,13,29,30,31,32,33,13,13,13,13,34,35,36,13,13,13,37,13,13,13,13,13,13,13,13,13,13,38,39,13,13,13,13,11,11,11,11,11,11,11,11,23,23,23,23,23,23,23,23","0.000458955764770508","louvain","edit-xhwikibooks.graphml"
"0.46","0.46","0.08","0.493148011176857","1,1,1,2,3,1,4,1,5,6,7,8,1,5,5,1,9,10,11,12,13,14,15,5,5,5,5,16,17,18,19,20,21,22,11,11,23,5,13,13,13,13,14,14,14,14,13,14,14,14,13,13,13,13,13,14,14,14,14,13,24,13,13,25,26,13,13,13,13,13,14,13,27,28,13,13,13,13,13,13,13,29,30,31,32,33,13,13,13,13,34,35,36,13,13,13,37,13,13,13,13,13,13,13,13,13,13,38,39,13,13,13,13,11,11,11,11,11,11,11,11,23,23,23,23,23,23,23,23","0.000475883483886719","louvain","edit-xhwikibooks.graphml"
"0.45","0.47","0.08","0.495932386775409","1,1,1,2,3,1,4,1,5,6,7,8,1,5,5,1,9,10,11,12,13,14,15,5,5,5,5,16,17,18,19,20,21,22,11,11,23,5,13,13,13,13,14,14,14,14,13,14,14,14,13,13,13,13,13,14,14,14,14,13,24,13,13,25,26,13,13,13,13,13,14,13,27,28,13,13,13,13,13,13,13,29,30,31,32,33,13,13,13,13,34,35,36,13,13,13,37,13,13,13,13,13,13,13,13,13,13,38,39,13,13,13,13,11,11,11,11,11,11,11,11,23,23,23,23,23,23,23,23","0.000461101531982422","louvain","edit-xhwikibooks.graphml"
"0.44","0.48","0.08","0.494746237169865","1,1,1,2,3,1,4,1,5,6,7,8,1,5,5,1,9,10,11,12,13,14,15,5,5,5,5,16,17,18,19,20,21,22,11,11,23,5,13,13,13,13,14,14,14,14,13,14,14,14,13,13,13,13,13,14,14,14,14,13,24,13,13,25,26,13,13,13,13,13,14,13,27,28,13,13,13,13,13,13,13,29,30,31,32,33,13,13,13,13,34,35,36,13,13,13,37,13,13,13,13,13,13,13,13,13,13,38,39,13,13,13,13,11,11,11,11,11,11,11,11,23,23,23,23,23,23,23,23","0.000488042831420898","louvain","edit-xhwikibooks.graphml"
"0.43","0.49","0.08","0.486998686944924","1,1,1,2,3,1,4,1,5,6,7,8,9,5,5,10,11,12,13,14,15,16,17,5,5,5,5,18,19,20,21,22,23,24,13,13,25,26,15,15,15,15,16,16,16,16,15,16,16,16,15,15,15,15,15,16,16,16,16,15,27,15,15,28,29,15,15,15,15,15,16,15,30,31,15,15,15,15,15,15,15,32,33,34,35,36,15,15,15,15,37,38,39,15,15,15,40,15,15,15,15,15,15,15,15,15,15,41,42,15,15,15,15,13,13,13,13,13,13,13,13,25,25,25,25,25,25,25,25","0.000458955764770508","louvain","edit-xhwikibooks.graphml"
"0.42","0.5","0.08","0.581247632874637","1,1,1,2,3,4,5,4,4,6,7,8,4,4,4,9,10,11,12,13,14,15,16,4,4,4,4,17,18,19,20,21,22,23,12,12,24,25,14,14,14,14,15,15,15,15,14,15,15,15,14,14,14,14,14,15,15,15,15,14,26,14,14,27,28,14,14,14,14,14,15,14,29,30,14,14,14,14,14,14,14,31,32,33,34,35,14,14,14,14,36,37,38,14,14,14,39,14,14,14,14,14,14,14,14,14,14,40,41,14,14,14,14,12,12,12,12,12,12,12,12,24,24,24,24,24,24,24,24","0.000484943389892578","louvain","edit-xhwikibooks.graphml"
"0.41","0.51","0.08","0.581247632874637","1,1,1,2,3,4,5,4,4,6,7,8,4,4,4,9,10,11,12,13,14,15,16,4,4,4,4,17,18,19,20,21,22,23,12,12,24,25,14,14,14,14,15,15,15,15,14,15,15,15,14,14,14,14,14,15,15,15,15,14,26,14,14,27,28,14,14,14,14,14,15,14,29,30,14,14,14,14,14,14,14,31,32,33,34,35,14,14,14,14,36,37,38,14,14,14,39,14,14,14,14,14,14,14,14,14,14,40,41,14,14,14,14,12,12,12,12,12,12,12,12,24,24,24,24,24,24,24,24","0.000486135482788086","louvain","edit-xhwikibooks.graphml"
"0.4","0.52","0.08","0.581247632874637","1,1,1,2,3,4,5,4,4,6,7,8,4,4,4,9,10,11,12,13,14,15,16,4,4,4,4,17,18,19,20,21,22,23,12,12,24,25,14,14,14,14,15,15,15,15,14,15,15,15,14,14,14,14,14,15,15,15,15,14,26,14,14,27,28,14,14,14,14,14,15,14,29,30,14,14,14,14,14,14,14,31,32,33,34,35,14,14,14,14,36,37,38,14,14,14,39,14,14,14,14,14,14,14,14,14,14,40,41,14,14,14,14,12,12,12,12,12,12,12,12,24,24,24,24,24,24,24,24","0.000509023666381836","louvain","edit-xhwikibooks.graphml"
"0.39","0.53","0.08","0.580145783803717","1,1,1,2,3,4,5,4,4,6,7,8,4,4,4,9,10,11,12,13,14,15,16,4,4,4,4,17,18,19,20,21,22,23,12,12,24,25,14,14,14,14,15,15,15,15,14,15,15,15,14,14,14,14,14,15,15,15,15,14,26,14,14,27,28,14,14,14,14,14,15,14,29,30,14,14,14,14,14,14,14,31,32,33,34,35,14,14,14,14,36,37,38,14,14,14,39,14,14,14,14,14,14,14,14,14,14,40,41,14,14,14,14,12,12,12,12,12,12,12,12,24,24,24,24,24,24,24,24","0.000561952590942383","louvain","edit-xhwikibooks.graphml"
"0.38","0.54","0.08","0.582129147030367","1,1,1,2,3,4,5,4,4,6,7,8,4,4,4,9,10,11,12,13,14,15,16,4,4,4,4,17,18,19,20,21,22,23,12,12,24,25,14,14,14,14,15,15,15,15,14,15,15,15,14,14,14,14,14,15,15,15,15,14,26,14,14,27,28,14,14,14,14,14,15,14,29,30,14,14,14,14,14,14,14,31,32,33,34,35,14,14,14,14,36,37,38,14,14,14,39,14,14,14,14,14,14,14,14,14,14,40,41,14,14,14,14,12,12,12,12,12,12,12,12,24,24,24,24,24,24,24,24","0.000519037246704102","louvain","edit-xhwikibooks.graphml"
"0.37","0.55","0.08","0.581032114896687","1,1,1,2,3,4,5,4,4,6,7,8,4,4,4,9,10,11,12,13,14,15,16,4,4,4,4,17,18,19,20,21,22,23,12,12,24,25,14,14,14,14,15,15,15,15,14,15,15,15,14,14,14,14,14,15,15,15,15,14,26,14,14,27,28,14,14,14,14,14,15,14,29,30,14,14,14,14,14,14,14,31,32,33,34,35,14,14,14,14,36,37,38,14,14,14,39,14,14,14,14,14,14,14,14,14,14,40,41,14,14,14,14,12,12,12,12,12,12,12,12,24,24,24,24,24,24,24,24","0.000504016876220703","louvain","edit-xhwikibooks.graphml"
"0.36","0.56","0.08","0.584602635031959","1,1,1,2,3,4,5,4,4,6,7,8,4,4,4,9,10,11,12,13,14,15,16,4,4,4,4,17,18,19,20,21,22,23,12,12,24,25,14,14,14,14,15,15,15,15,14,15,15,15,14,14,14,14,14,15,15,15,15,14,26,14,14,27,28,14,14,14,14,14,15,14,29,30,14,14,14,14,14,14,14,31,32,33,34,35,14,14,14,14,36,37,38,14,14,14,39,14,14,14,14,14,14,14,14,14,14,40,41,14,14,14,14,12,12,12,12,12,12,12,12,24,24,24,24,24,24,24,24","0.000720977783203125","louvain","edit-xhwikibooks.graphml"
"0.35","0.57","0.08","0.580303361318311","1,1,1,2,3,4,5,6,7,8,9,10,6,6,6,11,12,13,14,15,16,17,18,6,6,6,6,19,20,21,22,23,24,25,14,14,26,27,16,16,16,16,17,17,17,17,16,17,17,17,16,16,16,16,16,17,17,17,17,16,28,16,16,29,30,16,16,16,16,16,17,16,31,32,16,16,16,16,16,16,16,33,34,35,36,37,16,16,16,16,38,39,40,16,16,16,41,16,16,16,16,16,16,16,16,16,16,42,43,16,16,16,16,14,14,14,14,14,14,14,14,26,26,26,26,26,26,26,26","0.000504016876220703","louvain","edit-xhwikibooks.graphml"
"0.34","0.58","0.08","0.58366512345679","1,1,1,2,3,4,5,6,7,8,9,10,6,6,6,11,12,13,14,15,16,17,18,6,6,6,6,19,20,21,22,23,24,25,14,14,26,27,16,16,16,16,17,17,17,17,16,17,17,17,16,16,16,16,16,17,17,17,17,16,28,16,16,29,30,16,16,16,16,16,17,16,31,32,16,16,16,16,16,16,16,33,34,35,36,37,16,16,16,16,38,39,40,16,16,16,41,16,16,16,16,16,16,16,16,16,16,42,43,16,16,16,16,14,14,14,14,14,14,14,14,26,26,26,26,26,26,26,26","0.000476837158203125","louvain","edit-xhwikibooks.graphml"
"0.33","0.59","0.08","0.584658587955191","1,1,1,2,3,4,5,6,7,8,9,10,6,6,6,11,12,13,14,15,16,17,18,6,6,6,6,19,20,21,22,23,24,25,14,14,26,27,16,16,16,16,17,17,17,17,16,17,17,17,16,16,16,16,16,17,17,17,17,16,28,16,16,29,30,16,16,16,16,16,17,16,31,32,16,16,16,16,16,16,16,33,34,35,36,37,16,16,16,16,38,39,40,16,16,16,41,16,16,16,16,16,16,16,16,16,16,42,43,16,16,16,16,14,14,14,14,14,14,14,14,26,26,26,26,26,26,26,26","0.000457048416137695","louvain","edit-xhwikibooks.graphml"
"0.32","0.6","0.08","0.588636638087187","1,1,1,2,3,4,5,6,7,8,9,10,6,6,6,11,12,13,14,15,16,17,18,6,6,6,6,19,20,21,22,23,24,25,14,14,26,27,16,16,16,16,17,17,17,17,16,17,17,17,16,16,16,16,16,17,17,17,17,16,28,16,16,29,30,16,16,16,16,16,17,16,31,32,16,16,16,16,16,16,16,33,34,35,36,37,16,16,16,16,38,39,40,16,16,16,41,16,16,16,16,16,16,16,16,16,16,42,43,16,16,16,16,14,14,14,14,14,14,14,14,26,26,26,26,26,26,26,26","0.000471115112304688","louvain","edit-xhwikibooks.graphml"
"0.31","0.61","0.08","0.587539876149372","1,1,1,2,3,4,5,6,7,8,9,10,6,6,6,11,12,13,14,15,16,17,18,6,6,6,6,19,20,21,22,23,24,25,14,14,26,27,16,16,16,16,17,17,17,17,16,17,17,17,16,16,16,16,16,17,17,17,17,16,28,16,16,29,30,16,16,16,16,16,17,16,31,32,16,16,16,16,16,16,16,33,34,35,36,37,16,16,16,16,38,39,40,16,16,16,41,16,16,16,16,16,16,16,16,16,16,42,43,16,16,16,16,14,14,14,14,14,14,14,14,26,26,26,26,26,26,26,26","0.000529050827026367","louvain","edit-xhwikibooks.graphml"
"0.3","0.62","0.08","0.589439816059004","1,1,1,2,3,4,5,6,7,8,9,10,6,6,6,11,12,13,14,15,16,17,18,6,6,6,6,19,20,21,22,23,24,25,14,14,26,27,16,16,16,16,17,17,17,17,16,17,17,17,16,16,16,16,16,17,17,17,17,16,28,16,16,29,30,16,16,16,16,16,17,16,31,32,16,16,16,16,16,16,16,33,34,35,36,37,16,16,16,16,38,39,40,16,16,16,41,16,16,16,16,16,16,16,16,16,16,42,43,16,16,16,16,14,14,14,14,14,14,14,14,26,26,26,26,26,26,26,26","0.000478029251098633","louvain","edit-xhwikibooks.graphml"
"0.29","0.63","0.08","0.588347971994744","1,1,1,2,3,4,5,6,7,8,9,10,6,6,6,11,12,13,14,15,16,17,18,6,6,6,6,19,20,21,22,23,24,25,14,14,26,27,16,16,16,16,17,17,17,17,16,17,17,17,16,16,16,16,16,17,17,17,17,16,28,16,16,29,30,16,16,16,16,16,17,16,31,32,16,16,16,16,16,16,16,33,34,35,36,37,16,16,16,16,38,39,40,16,16,16,41,16,16,16,16,16,16,16,16,16,16,42,43,16,16,16,16,14,14,14,14,14,14,14,14,26,26,26,26,26,26,26,26","0.000468015670776367","louvain","edit-xhwikibooks.graphml"
"0.28","0.64","0.08","0.590368029300567","1,1,1,2,3,4,5,6,7,8,9,10,6,6,6,11,12,13,14,15,16,17,18,6,6,6,6,19,20,21,22,23,24,25,14,14,26,27,16,16,16,16,17,17,17,17,16,17,17,17,16,16,16,16,16,17,17,17,17,16,28,16,16,29,30,16,16,16,16,16,17,16,31,32,16,16,16,16,16,16,16,33,34,35,36,37,16,16,16,16,38,39,40,16,16,16,41,16,16,16,16,16,16,16,16,16,16,42,43,16,16,16,16,14,14,14,14,14,14,14,14,26,26,26,26,26,26,26,26","0.000512123107910156","louvain","edit-xhwikibooks.graphml"
"0.27","0.65","0.08","0.56577452341876","1,1,1,2,3,4,5,6,7,8,9,10,11,11,11,12,13,14,15,16,17,18,19,6,11,11,11,20,21,22,23,24,25,26,15,15,11,27,17,17,17,17,18,18,18,18,17,18,18,18,17,17,17,17,17,18,18,18,18,17,28,17,17,29,30,17,17,17,17,17,18,17,31,32,17,17,17,17,17,17,17,33,34,35,36,37,17,17,17,17,38,39,40,17,17,17,41,17,17,17,17,17,17,17,17,17,17,42,43,17,17,17,17,15,44,45,15,15,15,15,15,46,47,48,49,50,51,52,53","0.000515937805175781","louvain","edit-xhwikibooks.graphml"
"0.26","0.66","0.08","0.56577452341876","1,1,1,2,3,4,5,6,7,8,9,10,11,11,11,12,13,14,15,16,17,18,19,6,11,11,11,20,21,22,23,24,25,26,15,15,11,27,17,17,17,17,18,18,18,18,17,18,18,18,17,17,17,17,17,18,18,18,18,17,28,17,17,29,30,17,17,17,17,17,18,17,31,32,17,17,17,17,17,17,17,33,34,35,36,37,17,17,17,17,38,39,40,17,17,17,41,17,17,17,17,17,17,17,17,17,17,42,43,17,17,17,17,15,44,45,15,15,15,15,15,46,47,48,49,50,51,52,53","0.000488996505737305","louvain","edit-xhwikibooks.graphml"
"0.25","0.67","0.08","0.591800408308571","1,1,1,2,3,4,5,6,7,8,9,10,11,11,11,12,13,14,15,16,17,18,19,6,11,11,11,20,21,22,23,24,25,26,15,15,11,27,17,17,17,17,18,18,18,18,17,18,18,18,17,17,17,17,17,18,18,18,18,17,28,17,17,29,30,17,17,17,17,17,18,17,31,32,17,17,17,17,17,17,17,33,34,35,36,37,17,17,17,17,38,39,40,17,17,17,41,17,17,17,17,17,17,17,17,17,17,42,43,17,17,17,17,15,44,45,15,15,15,15,15,46,47,48,49,50,51,52,53","0.000513076782226562","louvain","edit-xhwikibooks.graphml"
"0.24","0.68","0.08","0.591800408308571","1,1,1,2,3,4,5,6,7,8,9,10,11,11,11,12,13,14,15,16,17,18,19,6,11,11,11,20,21,22,23,24,25,26,15,15,11,27,17,17,17,17,18,18,18,18,17,18,18,18,17,17,17,17,17,18,18,18,18,17,28,17,17,29,30,17,17,17,17,17,18,17,31,32,17,17,17,17,17,17,17,33,34,35,36,37,17,17,17,17,38,39,40,17,17,17,41,17,17,17,17,17,17,17,17,17,17,42,43,17,17,17,17,15,44,45,15,15,15,15,15,46,47,48,49,50,51,52,53","0.000478982925415039","louvain","edit-xhwikibooks.graphml"
"0.23","0.69","0.08","0.59071858018268","1,1,1,2,3,4,5,6,7,8,9,10,11,11,11,12,13,14,15,16,17,18,19,6,11,11,11,20,21,22,23,24,25,26,15,15,11,27,17,17,17,17,18,18,18,18,17,18,18,18,17,17,17,17,17,18,18,18,18,17,28,17,17,29,30,17,17,17,17,17,18,17,31,32,17,17,17,17,17,17,17,33,34,35,36,37,17,17,17,17,38,39,40,17,17,17,41,17,17,17,17,17,17,17,17,17,17,42,43,17,17,17,17,15,44,45,15,15,15,15,15,46,47,48,49,50,51,52,53","0.000478029251098633","louvain","edit-xhwikibooks.graphml"
"0.22","0.7","0.08","0.59256517332835","1,1,1,2,3,4,5,6,7,8,9,10,11,11,11,12,13,14,15,16,17,18,19,6,11,11,11,20,21,22,23,24,25,26,15,15,11,27,17,17,17,17,18,18,18,18,17,18,18,18,17,17,17,17,17,18,18,18,18,17,28,17,17,29,30,17,17,17,17,17,18,17,31,32,17,17,17,17,17,17,17,33,34,35,36,37,17,17,17,17,38,39,40,17,17,17,41,17,17,17,17,17,17,17,17,17,17,42,43,17,17,17,17,15,44,45,15,15,15,15,15,46,47,48,49,50,51,52,53","0.000500202178955078","louvain","edit-xhwikibooks.graphml"
"0.21","0.71","0.08","0.591488175240928","1,1,1,2,3,4,5,6,7,8,9,10,11,11,11,12,13,14,15,16,17,18,19,6,11,11,11,20,21,22,23,24,25,26,15,15,11,27,17,17,17,17,18,18,18,18,17,18,18,18,17,17,17,17,17,18,18,18,18,17,28,17,17,29,30,17,17,17,17,17,18,17,31,32,17,17,17,17,17,17,17,33,34,35,36,37,17,17,17,17,38,39,40,17,17,17,41,17,17,17,17,17,17,17,17,17,17,42,43,17,17,17,17,15,44,45,15,15,15,15,15,46,47,48,49,50,51,52,53","0.00044703483581543","louvain","edit-xhwikibooks.graphml"
"0.2","0.72","0.08","0.594549287007696","1,1,1,2,3,4,5,6,7,8,9,10,11,11,11,12,13,14,15,16,17,18,19,6,11,11,11,20,21,22,23,24,25,26,15,15,11,27,17,17,17,17,18,18,18,18,17,18,18,18,17,17,17,17,17,18,18,18,18,17,28,17,17,29,30,17,17,17,17,17,18,17,31,32,17,17,17,17,17,17,17,33,34,35,36,37,17,17,17,17,38,39,40,17,17,17,41,17,17,17,17,17,17,17,17,17,17,42,43,17,17,17,17,15,44,45,15,15,15,15,15,46,47,48,49,50,51,52,53","0.000488042831420898","louvain","edit-xhwikibooks.graphml"
"0.19","0.73","0.08","0.591826052512449","1,1,1,2,3,4,5,6,7,8,9,10,11,11,11,12,13,14,15,16,17,18,19,6,11,11,11,20,21,22,23,24,25,26,15,15,11,27,17,17,17,17,18,18,18,18,17,18,18,18,17,17,17,17,17,18,18,18,18,17,28,17,17,29,30,17,17,17,17,17,18,17,31,32,17,17,17,17,17,17,17,33,34,35,36,37,17,17,17,17,38,39,40,17,17,17,41,17,17,17,17,17,17,17,17,17,17,42,43,17,17,17,17,15,44,45,15,15,15,15,15,46,47,48,49,50,51,52,53","0.000472068786621094","louvain","edit-xhwikibooks.graphml"
"0.18","0.74","0.08","0.591826052512449","1,1,1,2,3,4,5,6,7,8,9,10,11,11,11,12,13,14,15,16,17,18,19,6,11,11,11,20,21,22,23,24,25,26,15,15,11,27,17,17,17,17,18,18,18,18,17,18,18,18,17,17,17,17,17,18,18,18,18,17,28,17,17,29,30,17,17,17,17,17,18,17,31,32,17,17,17,17,17,17,17,33,34,35,36,37,17,17,17,17,38,39,40,17,17,17,41,17,17,17,17,17,17,17,17,17,17,42,43,17,17,17,17,15,44,45,15,15,15,15,15,46,47,48,49,50,51,52,53","0.000488042831420898","louvain","edit-xhwikibooks.graphml"
"0.17","0.75","0.08","0.596502770083102","1,1,1,2,3,4,5,6,7,8,9,10,11,11,11,12,13,14,15,16,17,18,19,6,11,11,11,20,21,22,23,24,25,26,15,15,11,27,17,17,17,17,18,18,18,18,17,18,18,18,17,17,17,17,17,18,18,18,18,17,28,17,17,29,30,17,17,17,17,17,18,17,31,32,17,17,17,17,17,17,17,33,34,35,36,37,17,17,17,17,38,39,40,17,17,17,41,17,17,17,17,17,17,17,17,17,17,42,43,17,17,17,17,15,44,45,15,15,15,15,15,46,47,48,49,50,51,52,53","0.000477075576782227","louvain","edit-xhwikibooks.graphml"
"0.16","0.76","0.08","0.596502770083102","1,1,1,2,3,4,5,6,7,8,9,10,11,11,11,12,13,14,15,16,17,18,19,6,11,11,11,20,21,22,23,24,25,26,15,15,11,27,17,17,17,17,18,18,18,18,17,18,18,18,17,17,17,17,17,18,18,18,18,17,28,17,17,29,30,17,17,17,17,17,18,17,31,32,17,17,17,17,17,17,17,33,34,35,36,37,17,17,17,17,38,39,40,17,17,17,41,17,17,17,17,17,17,17,17,17,17,42,43,17,17,17,17,15,44,45,15,15,15,15,15,46,47,48,49,50,51,52,53","0.000681877136230469","louvain","edit-xhwikibooks.graphml"
"0.15","0.77","0.08","0.650069057696592","1,1,1,2,3,4,5,6,7,8,9,10,11,11,11,12,13,14,15,16,17,18,19,6,11,11,11,20,21,22,23,24,25,26,15,15,11,27,17,17,17,17,18,18,18,18,17,18,18,18,17,17,17,17,17,18,18,18,18,17,28,17,17,29,30,17,17,17,17,17,18,17,31,32,17,17,17,17,17,17,17,33,34,35,36,37,17,17,17,17,38,39,40,17,17,17,41,17,17,17,17,17,17,17,17,17,17,42,43,17,17,17,17,15,44,45,15,15,15,15,15,46,47,48,49,50,51,52,53","0.000466108322143555","louvain","edit-xhwikibooks.graphml"
"0.14","0.78","0.08","0.651999229718848","1,1,1,2,3,4,5,6,7,8,9,10,11,11,11,12,13,14,15,16,17,18,19,6,11,11,11,20,21,22,23,24,25,26,15,15,27,28,17,17,17,17,18,18,18,18,17,18,18,18,17,17,17,17,17,18,18,18,18,17,29,17,17,30,31,17,17,17,17,17,18,17,32,33,17,17,17,17,17,17,17,34,35,36,37,38,17,17,17,17,39,40,41,17,17,17,42,17,17,17,17,17,17,17,17,17,17,43,44,17,17,17,17,15,45,46,15,15,15,15,15,47,48,49,50,51,52,53,54","0.000510931015014648","louvain","edit-xhwikibooks.graphml"
"0.13","0.79","0.08","0.653205245342453","1,1,1,2,3,4,5,6,7,8,9,10,11,11,11,12,13,14,15,16,17,18,19,6,11,11,11,20,21,22,23,24,25,26,15,15,11,27,17,17,17,17,18,18,18,18,17,18,18,18,17,17,17,17,17,18,18,18,18,17,28,17,17,29,30,17,17,17,17,17,18,17,31,32,17,17,17,17,17,17,17,33,34,35,36,37,17,17,17,17,38,39,40,17,17,17,41,17,17,17,17,17,17,17,17,17,17,42,43,17,17,17,17,15,44,45,15,15,15,15,15,46,47,48,49,50,51,52,53","0.000627994537353516","louvain","edit-xhwikibooks.graphml"
"0.12","0.8","0.08","0.655329845080537","1,1,1,2,3,4,5,6,7,8,9,10,11,11,11,12,13,14,15,16,17,18,19,6,11,11,11,20,21,22,23,24,25,26,15,15,11,27,17,17,17,17,18,18,18,18,17,18,18,18,17,17,17,17,17,18,18,18,18,17,28,17,17,29,30,17,17,17,17,17,18,17,31,32,17,17,17,17,17,17,17,33,34,35,36,37,17,17,17,17,38,39,40,17,17,17,41,17,17,17,17,17,17,17,17,17,17,42,43,17,17,17,17,15,44,45,15,15,15,15,15,46,47,48,49,50,51,52,53","0.000491857528686523","louvain","edit-xhwikibooks.graphml"
"0.11","0.81","0.08","0.65444087677622","1,1,1,2,3,4,5,6,7,8,9,10,11,11,11,12,13,14,15,16,17,18,19,6,20,20,20,21,22,23,24,25,26,27,28,28,11,29,17,17,17,17,18,18,18,18,17,18,18,18,17,17,17,17,17,18,18,18,18,17,30,17,17,31,32,17,17,17,17,17,18,17,33,34,17,17,17,17,17,17,17,35,36,37,38,39,17,17,17,17,40,41,42,17,17,17,43,17,17,17,17,17,17,17,17,17,17,44,45,17,17,17,17,28,46,47,28,28,28,28,28,48,49,50,51,52,53,54,55","0.000488042831420898","louvain","edit-xhwikibooks.graphml"
"0.1","0.82","0.08","0.653235294117647","1,1,1,2,3,4,5,6,7,8,9,10,11,11,11,12,13,14,15,16,17,18,19,6,20,20,20,21,22,23,24,25,26,27,28,28,11,29,17,17,17,17,18,18,18,18,17,18,18,18,17,17,17,17,17,18,18,18,18,17,30,17,17,31,32,17,17,17,17,17,18,17,33,34,17,17,17,17,17,17,17,35,36,37,38,39,17,17,17,17,40,41,42,17,17,17,43,17,17,17,17,17,17,17,17,17,17,44,45,17,17,17,17,28,46,47,28,28,28,28,28,48,49,50,51,52,53,54,55","0.000463008880615234","louvain","edit-xhwikibooks.graphml"
"0.09","0.83","0.08","0.653235294117647","1,1,1,2,3,4,5,6,7,8,9,10,11,11,11,12,13,14,15,16,17,18,19,6,20,20,20,21,22,23,24,25,26,27,28,28,11,29,17,17,17,17,18,18,18,18,17,18,18,18,17,17,17,17,17,18,18,18,18,17,30,17,17,31,32,17,17,17,17,17,18,17,33,34,17,17,17,17,17,17,17,35,36,37,38,39,17,17,17,17,40,41,42,17,17,17,43,17,17,17,17,17,17,17,17,17,17,44,45,17,17,17,17,28,46,47,28,28,28,28,28,48,49,50,51,52,53,54,55","0.00046086311340332","louvain","edit-xhwikibooks.graphml"
"0.08","0.84","0.08","0.654888694336544","1,1,1,2,3,4,5,6,7,8,9,10,11,11,11,12,13,14,15,16,17,18,19,6,20,20,20,21,22,23,24,25,26,27,28,28,11,29,17,17,17,17,18,18,18,18,17,18,18,18,17,17,17,17,17,18,18,18,18,17,30,17,17,31,32,17,17,17,17,17,18,17,33,34,17,17,17,17,17,17,17,35,36,37,38,39,17,17,17,17,40,41,42,17,17,17,43,17,17,17,17,17,17,17,17,17,17,44,45,17,17,17,17,28,46,47,28,28,28,28,28,48,49,50,51,52,53,54,55","0.000452041625976562","louvain","edit-xhwikibooks.graphml"
"0.07","0.85","0.08","0.657634149036541","1,1,1,2,3,4,5,6,7,8,9,10,11,11,11,12,13,14,15,16,17,18,19,6,20,20,20,21,22,23,24,25,26,27,28,28,11,29,17,17,17,17,18,18,18,18,17,18,18,18,17,17,17,17,17,18,18,18,18,17,30,17,17,31,32,17,17,17,17,17,18,17,33,34,17,17,17,17,17,17,17,35,36,37,38,39,17,17,17,17,40,41,42,17,17,17,43,17,17,17,17,17,17,17,17,17,17,44,45,17,17,17,17,28,46,47,28,28,28,28,28,48,49,50,51,52,53,54,55","0.000480890274047852","louvain","edit-xhwikibooks.graphml"
"0.06","0.86","0.08","0.659043068595676","1,1,1,2,3,4,5,6,7,8,9,10,11,11,11,12,13,14,15,16,17,18,19,6,20,20,20,21,22,23,24,25,26,27,28,28,11,29,17,17,17,17,18,18,18,18,17,18,18,18,17,17,17,17,17,18,18,18,18,17,30,17,17,31,32,17,17,17,17,17,18,17,33,34,17,17,17,17,17,17,17,35,36,37,38,39,17,17,17,17,40,41,42,17,17,17,43,17,17,17,17,17,17,17,17,17,17,44,45,17,17,17,17,28,46,47,28,28,28,28,28,48,49,50,51,52,53,54,55","0.000510931015014648","louvain","edit-xhwikibooks.graphml"
"0.05","0.87","0.08","0.659043068595676","1,1,1,2,3,4,5,6,7,8,9,10,11,11,11,12,13,14,15,16,17,18,19,6,20,20,20,21,22,23,24,25,26,27,28,28,11,29,17,17,17,17,18,18,18,18,17,18,18,18,17,17,17,17,17,18,18,18,18,17,30,17,17,31,32,17,17,17,17,17,18,17,33,34,17,17,17,17,17,17,17,35,36,37,38,39,17,17,17,17,40,41,42,17,17,17,43,17,17,17,17,17,17,17,17,17,17,44,45,17,17,17,17,28,46,47,28,28,28,28,28,48,49,50,51,52,53,54,55","0.000455856323242188","louvain","edit-xhwikibooks.graphml"
"0.04","0.88","0.08","0.657866106354176","1,1,1,2,3,4,5,6,7,8,9,10,11,11,11,12,13,14,15,16,17,18,19,6,20,20,20,21,22,23,24,25,26,27,28,28,11,29,17,17,17,17,18,18,18,18,17,18,18,18,17,17,17,17,17,18,18,18,18,17,30,17,17,31,32,17,17,17,17,17,18,17,33,34,17,17,17,17,17,17,17,35,36,37,38,39,17,17,17,17,40,41,42,17,17,17,43,17,17,17,17,17,17,17,17,17,17,44,45,17,17,17,17,28,46,47,28,28,28,28,28,48,49,50,51,52,53,54,55","0.000484943389892578","louvain","edit-xhwikibooks.graphml"
"0.03","0.89","0.08","0.661670960496763","1,1,1,2,3,4,5,6,7,8,9,10,11,11,11,12,13,14,15,16,17,18,19,6,20,20,20,21,22,23,24,25,26,27,28,28,11,29,17,17,17,17,18,18,18,18,17,18,18,18,17,17,17,17,17,18,18,18,18,17,30,17,17,31,32,17,17,17,17,17,18,17,33,34,17,17,17,17,17,17,17,35,36,37,38,39,17,17,17,17,40,41,42,17,17,17,43,17,17,17,17,17,17,17,17,17,17,44,45,17,17,17,17,28,46,47,28,28,28,28,28,48,49,50,51,52,53,54,55","0.00046086311340332","louvain","edit-xhwikibooks.graphml"
"0.02","0.9","0.08","0.660495398231541","1,1,1,2,3,4,5,6,7,8,9,10,11,11,11,12,13,14,15,16,17,18,19,6,20,20,20,21,22,23,24,25,26,27,28,28,11,29,17,17,17,17,18,18,18,18,17,18,18,18,17,17,17,17,17,18,18,18,18,17,30,17,17,31,32,17,17,17,17,17,18,17,33,34,17,17,17,17,17,17,17,35,36,37,38,39,17,17,17,17,40,41,42,17,17,17,43,17,17,17,17,17,17,17,17,17,17,44,45,17,17,17,17,28,46,47,28,28,28,28,28,48,49,50,51,52,53,54,55","0.000446081161499023","louvain","edit-xhwikibooks.graphml"
"0.01","0.91","0.08","0.660495398231541","1,1,1,2,3,4,5,6,7,8,9,10,11,11,11,12,13,14,15,16,17,18,19,6,20,20,20,21,22,23,24,25,26,27,28,28,11,29,17,17,17,17,18,18,18,18,17,18,18,18,17,17,17,17,17,18,18,18,18,17,30,17,17,31,32,17,17,17,17,17,18,17,33,34,17,17,17,17,17,17,17,35,36,37,38,39,17,17,17,17,40,41,42,17,17,17,43,17,17,17,17,17,17,17,17,17,17,44,45,17,17,17,17,28,46,47,28,28,28,28,28,48,49,50,51,52,53,54,55","0.000495195388793945","louvain","edit-xhwikibooks.graphml"
"0","0.92","0.08","0.660319029572613","1,1,1,1,1,2,3,1,4,5,6,7,8,8,8,9,10,11,12,13,14,15,16,1,17,17,17,18,1,19,20,21,22,23,24,24,8,25,14,14,14,14,15,15,15,15,14,15,15,15,14,14,14,14,14,15,15,15,15,14,26,14,14,27,28,14,14,14,14,14,15,14,29,30,14,14,14,14,14,14,14,31,32,33,34,35,14,14,14,14,36,37,38,14,14,14,39,14,14,14,14,14,14,14,14,14,14,40,41,14,14,14,14,24,42,43,24,24,24,24,24,44,45,46,47,48,49,50,51","0.000515937805175781","louvain","edit-xhwikibooks.graphml"
"0.91","0","0.09","0.499158950617284","1,2,1,1,1,3,1,3,3,3,1,1,3,3,3,4,3,1,1,1,5,2,3,3,3,3,3,4,2,3,1,1,1,1,6,6,3,3,5,5,5,5,2,2,2,2,5,2,2,2,5,5,5,5,5,2,2,2,2,5,3,5,5,3,3,5,5,5,5,5,2,5,3,3,5,5,5,5,5,5,5,3,4,4,4,2,5,5,5,5,3,1,1,5,5,5,4,5,5,5,5,5,5,5,5,5,5,1,1,5,5,5,5,6,6,6,6,6,6,6,6,3,3,3,3,3,3,3,3","0.000535011291503906","louvain","edit-xhwikibooks.graphml"
"0.9","0.01","0.09","0.49929012345679","1,2,1,1,3,1,3,4,1,1,3,3,4,4,4,1,1,3,3,3,5,2,4,4,4,4,4,1,2,1,3,3,3,3,6,6,4,4,5,5,5,5,2,2,2,2,5,2,2,2,5,5,5,5,5,2,2,2,2,5,4,5,5,4,4,5,5,5,5,5,2,5,4,4,5,5,5,5,5,5,5,4,1,1,1,2,5,5,5,5,1,3,3,5,5,5,1,5,5,5,5,5,5,5,5,5,5,3,3,5,5,5,5,6,6,6,6,6,6,6,6,4,4,4,4,4,4,4,4","0.000546932220458984","louvain","edit-xhwikibooks.graphml"
"0.89","0.02","0.09","0.49929012345679","1,2,1,1,3,1,3,4,1,1,3,3,4,4,4,1,1,3,3,3,5,2,4,4,4,4,4,1,2,1,3,3,3,3,6,6,4,4,5,5,5,5,2,2,2,2,5,2,2,2,5,5,5,5,5,2,2,2,2,5,4,5,5,4,4,5,5,5,5,5,2,5,4,4,5,5,5,5,5,5,5,4,1,1,1,2,5,5,5,5,1,3,3,5,5,5,1,5,5,5,5,5,5,5,5,5,5,3,3,5,5,5,5,6,6,6,6,6,6,6,6,4,4,4,4,4,4,4,4","0.000576019287109375","louvain","edit-xhwikibooks.graphml"
"0.88","0.03","0.09","0.49816990354586","1,2,1,1,1,3,1,3,3,3,1,1,3,3,3,4,3,1,1,1,5,2,3,3,3,3,3,4,2,3,1,1,1,1,6,6,3,3,5,5,5,5,2,2,2,2,5,2,2,2,5,5,5,5,5,2,2,2,2,5,3,5,5,3,3,5,5,5,5,5,2,5,3,3,5,5,5,5,5,5,5,3,4,4,4,2,5,5,5,5,3,1,1,5,5,5,4,5,5,5,5,5,5,5,5,5,5,1,1,5,5,5,5,6,6,6,6,6,6,6,6,3,3,3,3,3,3,3,3","0.000594139099121094","louvain","edit-xhwikibooks.graphml"
"0.87","0.04","0.09","0.498292677312175","1,2,1,1,3,1,3,4,1,1,3,3,4,4,4,1,1,3,3,3,5,2,4,4,4,4,4,1,2,1,3,3,3,3,6,6,4,4,5,5,5,5,2,2,2,2,5,2,2,2,5,5,5,5,5,2,2,2,2,5,4,5,5,4,4,5,5,5,5,5,2,5,4,4,5,5,5,5,5,5,5,4,1,1,1,2,5,5,5,5,1,3,3,5,5,5,1,5,5,5,5,5,5,5,5,5,5,3,3,5,5,5,5,6,6,6,6,6,6,6,6,4,4,4,4,4,4,4,4","0.000525951385498047","louvain","edit-xhwikibooks.graphml"
"0.86","0.05","0.09","0.497184151887915","1,2,1,1,1,3,1,3,3,3,1,1,3,3,3,4,3,1,1,1,5,2,3,3,3,3,3,4,2,3,1,1,1,1,6,6,3,3,5,5,5,5,2,2,2,2,5,2,2,2,5,5,5,5,5,2,2,2,2,5,3,5,5,3,3,5,5,5,5,5,2,5,3,3,5,5,5,5,5,5,5,3,4,4,4,2,5,5,5,5,3,1,1,5,5,5,4,5,5,5,5,5,5,5,5,5,5,1,1,5,5,5,5,6,6,6,6,6,6,6,6,3,3,3,3,3,3,3,3","0.000519037246704102","louvain","edit-xhwikibooks.graphml"
"0.85","0.06","0.09","0.497298617258325","1,2,1,1,3,1,3,4,1,1,3,3,4,4,4,1,1,3,3,3,5,2,4,4,4,4,4,1,2,1,3,3,3,3,6,6,4,4,5,5,5,5,2,2,2,2,5,2,2,2,5,5,5,5,5,2,2,2,2,5,4,5,5,4,4,5,5,5,5,5,2,5,4,4,5,5,5,5,5,5,5,4,1,1,1,2,5,5,5,5,1,3,3,5,5,5,1,5,5,5,5,5,5,5,5,5,5,3,3,5,5,5,5,6,6,6,6,6,6,6,6,4,4,4,4,4,4,4,4","0.00056004524230957","louvain","edit-xhwikibooks.graphml"
"0.84","0.07","0.09","0.496201686284331","1,2,1,1,1,3,1,3,3,3,1,1,3,3,3,4,3,1,1,1,5,2,3,3,3,3,3,4,2,3,1,1,1,1,6,6,3,3,5,5,5,5,2,2,2,2,5,2,2,2,5,5,5,5,5,2,2,2,2,5,3,5,5,3,3,5,5,5,5,5,2,5,3,3,5,5,5,5,5,5,5,3,4,4,4,2,5,5,5,5,3,1,1,5,5,5,4,5,5,5,5,5,5,5,5,5,5,1,1,5,5,5,5,6,6,6,6,6,6,6,6,3,3,3,3,3,3,3,3","0.000549077987670898","louvain","edit-xhwikibooks.graphml"
"0.83","0.08","0.09","0.49838485690134","1,2,1,1,1,3,1,3,3,3,1,1,3,3,3,4,3,1,1,1,5,2,3,3,3,3,3,4,2,3,1,1,1,1,6,6,3,3,5,5,5,5,2,2,2,2,5,2,2,2,5,5,5,5,5,2,2,2,2,5,3,5,5,3,3,5,5,5,5,5,2,5,3,3,5,5,5,5,5,5,5,3,4,4,4,2,5,5,5,5,3,1,1,5,5,5,4,5,5,5,5,5,5,5,5,5,5,1,1,5,5,5,5,6,6,6,6,6,6,6,6,3,3,3,3,3,3,3,3","0.000563144683837891","louvain","edit-xhwikibooks.graphml"
"0.82","0.09","0.09","0.452633733168499","1,2,1,1,3,1,3,4,1,1,5,3,4,4,4,1,1,5,5,3,6,2,4,4,4,4,4,1,2,1,5,5,3,3,5,5,4,4,6,6,6,6,2,2,2,2,6,2,2,2,6,6,6,6,6,2,2,2,2,6,4,6,6,4,4,6,6,6,6,6,2,6,4,4,6,6,6,6,6,6,6,4,1,1,1,2,6,6,6,6,1,5,5,6,6,6,1,6,6,6,6,6,6,6,6,6,6,3,3,3,6,6,6,5,5,5,5,5,5,5,5,4,4,4,4,4,4,4,4","0.000519990921020508","louvain","edit-xhwikibooks.graphml"
"0.81","0.1","0.09","0.440067594877925","1,2,1,1,1,1,3,4,1,1,3,3,4,4,4,1,1,3,3,3,5,2,4,4,4,4,4,1,2,1,3,3,3,3,6,6,4,4,5,5,5,5,2,2,2,2,5,2,2,2,5,5,5,5,5,2,2,2,2,5,7,5,5,4,4,5,5,5,5,5,2,5,4,4,5,5,5,5,5,5,5,4,1,1,1,8,5,5,5,5,9,10,11,5,5,5,1,5,5,5,5,5,5,5,5,5,5,3,3,3,5,5,5,6,6,6,6,6,6,6,6,4,4,4,4,4,4,4,4","0.000528812408447266","louvain","edit-xhwikibooks.graphml"
"0.8","0.11","0.09","0.439105194760781","1,2,1,1,3,1,3,4,1,1,3,3,4,4,4,1,1,3,3,3,5,2,4,4,4,4,4,1,2,1,3,3,3,3,6,6,4,4,5,5,5,5,2,2,2,2,5,2,2,2,5,5,5,5,5,2,2,2,2,5,7,5,5,4,4,5,5,5,5,5,2,5,4,4,5,5,5,5,5,5,5,4,1,1,1,8,5,5,5,5,9,10,11,5,5,5,1,5,5,5,5,5,5,5,5,5,5,3,3,3,5,5,5,6,6,6,6,6,6,6,6,4,4,4,4,4,4,4,4","0.000550985336303711","louvain","edit-xhwikibooks.graphml"
"0.79","0.12","0.09","0.444458998107085","1,2,1,1,3,1,3,4,1,1,3,3,4,4,4,1,1,3,3,3,5,2,4,4,4,4,4,1,2,1,3,3,3,3,6,6,4,4,5,5,5,5,2,2,2,2,5,2,2,2,5,5,5,5,5,2,2,2,2,5,7,5,5,4,4,5,5,5,5,5,2,5,4,4,5,5,5,5,5,5,5,4,1,1,1,8,5,5,5,5,9,10,11,5,5,5,1,5,5,5,5,5,5,5,5,5,5,3,3,3,5,5,5,6,6,6,6,6,6,6,6,4,4,4,4,4,4,4,4","0.00049901008605957","louvain","edit-xhwikibooks.graphml"
"0.78","0.13","0.09","0.44349086326402","1,2,1,1,3,1,3,4,1,1,3,3,4,4,4,1,1,3,3,3,5,2,4,4,4,4,4,1,2,1,3,3,3,3,6,6,4,4,5,5,5,5,2,2,2,2,5,2,2,2,5,5,5,5,5,2,2,2,2,5,7,5,5,4,4,5,5,5,5,5,2,5,4,4,5,5,5,5,5,5,5,4,1,1,1,8,5,5,5,5,9,10,11,5,5,5,1,5,5,5,5,5,5,5,5,5,5,3,3,3,5,5,5,6,6,6,6,6,6,6,6,4,4,4,4,4,4,4,4","0.000504970550537109","louvain","edit-xhwikibooks.graphml"
"0.77","0.14","0.09","0.440667926906112","1,2,1,1,1,3,1,2,3,3,1,1,2,4,4,3,3,1,1,1,5,2,2,2,4,4,4,3,2,3,1,1,1,1,6,6,4,4,5,5,5,5,2,2,2,2,5,2,2,2,5,5,5,5,5,2,2,2,2,5,7,5,5,2,4,5,5,5,5,5,2,5,4,4,5,5,5,5,5,5,5,4,3,3,3,8,5,5,5,5,9,10,11,5,5,5,3,5,5,5,5,5,5,5,5,5,5,1,1,1,5,5,5,6,6,6,6,6,6,6,6,4,4,4,4,4,4,4,4","0.000506877899169922","louvain","edit-xhwikibooks.graphml"
"0.76","0.15","0.09","0.447735004624125","1,2,1,1,1,3,1,3,3,3,1,1,3,3,3,4,3,1,1,1,5,2,3,3,3,3,3,4,2,3,1,1,1,1,6,6,3,3,5,5,5,5,2,2,2,2,5,2,2,2,5,5,5,5,5,2,2,2,2,5,7,5,5,3,3,5,5,5,5,5,2,5,3,3,5,5,5,5,5,5,5,3,4,4,4,8,5,5,5,5,9,10,11,5,5,5,4,5,5,5,5,5,5,5,5,5,5,1,1,1,5,5,5,6,6,6,6,6,6,6,6,3,3,3,3,3,3,3,3","0.000518083572387695","louvain","edit-xhwikibooks.graphml"
"0.75","0.16","0.09","0.450082511637835","1,2,1,1,1,3,1,4,3,3,1,1,4,4,4,3,3,1,1,1,5,2,4,4,4,4,4,3,2,3,1,1,1,1,6,6,4,4,5,5,5,5,2,2,2,2,5,2,2,2,5,5,5,5,5,2,2,2,2,5,7,5,5,4,4,5,5,5,5,5,2,5,4,4,5,5,5,5,5,5,5,4,3,3,3,8,5,5,5,5,9,10,11,5,5,5,3,5,5,5,5,5,5,5,5,5,5,1,1,1,5,5,5,6,6,6,6,6,6,6,6,4,4,4,4,4,4,4,4","0.00053715705871582","louvain","edit-xhwikibooks.graphml"
"0.74","0.17","0.09","0.452102661504371","1,2,1,1,3,1,3,4,1,1,3,3,4,4,4,1,1,3,3,3,5,2,4,4,4,4,4,1,2,1,3,3,3,3,6,6,4,4,5,5,5,5,2,2,2,2,5,2,2,2,5,5,5,5,5,2,2,2,2,5,7,5,5,4,4,5,5,5,5,5,2,5,4,4,5,5,5,5,5,5,5,4,1,1,1,8,5,5,5,5,9,10,11,5,5,5,1,5,5,5,5,5,5,5,5,5,5,3,3,3,5,5,5,6,6,6,6,6,6,6,6,4,4,4,4,4,4,4,4","0.000540018081665039","louvain","edit-xhwikibooks.graphml"
"0.73","0.18","0.09","0.452102661504371","1,2,1,1,3,1,3,4,1,1,3,3,4,4,4,1,1,3,3,3,5,2,4,4,4,4,4,1,2,1,3,3,3,3,6,6,4,4,5,5,5,5,2,2,2,2,5,2,2,2,5,5,5,5,5,2,2,2,2,5,7,5,5,4,4,5,5,5,5,5,2,5,4,4,5,5,5,5,5,5,5,4,1,1,1,8,5,5,5,5,9,10,11,5,5,5,1,5,5,5,5,5,5,5,5,5,5,3,3,3,5,5,5,6,6,6,6,6,6,6,6,4,4,4,4,4,4,4,4","0.000538825988769531","louvain","edit-xhwikibooks.graphml"
"0.72","0.19","0.09","0.432438864758732","1,2,1,1,1,3,1,3,3,3,1,1,3,3,3,3,4,1,1,1,5,2,3,3,3,3,3,3,2,6,7,1,1,1,8,8,3,3,5,5,5,5,2,2,2,2,5,2,2,2,5,5,5,5,5,2,2,2,2,5,9,5,5,10,11,5,5,5,5,5,2,5,3,3,5,5,5,5,5,5,5,12,3,3,3,13,5,5,5,5,14,15,16,5,5,5,17,5,5,5,5,5,5,5,5,5,5,18,19,5,5,5,5,8,8,8,8,8,8,8,8,3,3,3,3,3,3,3,3","0.000507831573486328","louvain","edit-xhwikibooks.graphml"
"0.71","0.2","0.09","0.437571938668347","1,2,1,1,1,3,1,3,3,3,1,1,3,3,3,3,4,1,1,1,5,2,3,3,3,3,3,3,2,6,7,1,1,1,8,8,3,3,5,5,5,5,2,2,2,2,5,2,2,2,5,5,5,5,5,2,2,2,2,5,9,5,5,10,11,5,5,5,5,5,2,5,3,3,5,5,5,5,5,5,5,12,3,3,3,13,5,5,5,5,14,15,16,5,5,5,17,5,5,5,5,5,5,5,5,5,5,18,19,5,5,5,5,8,8,8,8,8,8,8,8,3,3,3,3,3,3,3,3","0.000521183013916016","louvain","edit-xhwikibooks.graphml"
"0.7","0.21","0.09","0.436019412609843","1,2,1,1,1,1,1,3,1,1,1,1,3,3,3,1,4,1,1,1,5,2,3,3,3,3,3,1,2,6,7,1,1,1,8,8,3,3,5,5,5,5,2,2,2,2,5,2,2,2,5,5,5,5,5,2,2,2,2,5,9,5,5,10,11,5,5,5,5,5,2,5,3,3,5,5,5,5,5,5,5,12,1,1,1,13,5,5,5,5,14,15,16,5,5,5,17,5,5,5,5,5,5,5,5,5,5,18,19,5,5,5,5,8,8,8,8,8,8,8,8,3,3,3,3,3,3,3,3","0.000607967376708984","louvain","edit-xhwikibooks.graphml"
"0.69","0.22","0.09","0.436608306324969","1,2,1,1,1,3,1,3,3,3,1,1,3,3,3,3,4,1,1,1,5,2,3,3,3,3,3,3,2,6,7,1,1,1,8,8,3,3,5,5,5,5,2,2,2,2,5,2,2,2,5,5,5,5,5,2,2,2,2,5,9,5,5,10,11,5,5,5,5,5,2,5,3,3,5,5,5,5,5,5,5,12,3,3,3,13,5,5,5,5,14,15,16,5,5,5,17,5,5,5,5,5,5,5,5,5,5,18,19,5,5,5,5,8,8,8,8,8,8,8,8,3,3,3,3,3,3,3,3","0.000737905502319336","louvain","edit-xhwikibooks.graphml"
"0.68","0.23","0.09","0.440891289890887","1,2,1,1,1,3,1,3,3,3,1,1,3,3,3,3,4,1,1,1,5,2,3,3,3,3,3,3,2,6,7,1,1,1,8,8,3,3,5,5,5,5,2,2,2,2,5,2,2,2,5,5,5,5,5,2,2,2,2,5,9,5,5,10,11,5,5,5,5,5,2,5,3,3,5,5,5,5,5,5,5,12,3,3,3,13,5,5,5,5,14,15,16,5,5,5,17,5,5,5,5,5,5,5,5,5,5,18,19,5,5,5,5,8,8,8,8,8,8,8,8,3,3,3,3,3,3,3,3","0.000516176223754883","louvain","edit-xhwikibooks.graphml"
"0.67","0.24","0.09","0.492111755540166","1,2,1,1,1,3,1,3,3,3,1,1,3,3,3,4,5,1,1,1,6,2,3,3,3,3,3,4,2,7,8,1,1,1,9,9,3,3,6,6,6,6,2,2,2,2,6,2,2,2,6,6,6,6,6,2,2,2,2,6,10,6,6,11,12,6,6,6,6,6,2,6,3,3,6,6,6,6,6,6,6,13,4,4,4,14,6,6,6,6,15,16,17,6,6,6,18,6,6,6,6,6,6,6,6,6,6,19,20,6,6,6,6,9,9,9,9,9,9,9,9,3,3,3,3,3,3,3,3","0.000488042831420898","louvain","edit-xhwikibooks.graphml"
"0.66","0.25","0.09","0.498850986675662","1,2,1,1,1,3,1,3,3,3,1,1,3,3,3,4,5,1,1,1,6,2,3,3,3,3,3,4,2,7,8,1,1,1,9,9,3,3,6,6,6,6,2,2,2,2,6,2,2,2,6,6,6,6,6,2,2,2,2,6,10,6,6,11,12,6,6,6,6,6,2,6,3,3,6,6,6,6,6,6,6,13,4,4,4,14,6,6,6,6,15,16,17,6,6,6,18,6,6,6,6,6,6,6,6,6,6,19,20,6,6,6,6,9,9,9,9,9,9,9,9,3,3,3,3,3,3,3,3","0.000485897064208984","louvain","edit-xhwikibooks.graphml"
"0.65","0.26","0.09","0.498850986675662","1,2,1,1,1,3,1,3,3,3,1,1,3,3,3,4,5,1,1,1,6,2,3,3,3,3,3,4,2,7,8,1,1,1,9,9,3,3,6,6,6,6,2,2,2,2,6,2,2,2,6,6,6,6,6,2,2,2,2,6,10,6,6,11,12,6,6,6,6,6,2,6,3,3,6,6,6,6,6,6,6,13,4,4,4,14,6,6,6,6,15,16,17,6,6,6,18,6,6,6,6,6,6,6,6,6,6,19,20,6,6,6,6,9,9,9,9,9,9,9,9,3,3,3,3,3,3,3,3","0.000493049621582031","louvain","edit-xhwikibooks.graphml"
"0.64","0.27","0.09","0.482654716835355","1,2,1,1,1,3,1,3,3,3,1,1,3,3,3,3,4,1,1,1,5,2,3,3,3,3,3,3,2,6,7,1,1,1,8,8,9,3,5,5,5,5,2,2,2,2,5,2,2,2,5,5,5,5,5,2,2,2,2,5,10,5,5,11,12,5,5,5,5,5,2,5,3,3,5,5,5,5,5,5,5,13,3,3,3,14,5,5,5,5,15,16,17,5,5,5,18,5,5,5,5,5,5,5,5,5,5,19,20,5,5,5,5,8,8,8,8,8,8,8,8,9,9,9,9,9,9,9,9","0.000509023666381836","louvain","edit-xhwikibooks.graphml"
"0.63","0.28","0.09","0.442750530478395","1,1,1,2,3,2,4,2,2,2,4,5,2,2,2,2,6,7,4,8,9,1,10,2,2,2,2,2,1,11,12,13,8,14,4,4,2,2,9,9,9,9,1,1,1,1,9,1,1,1,9,9,9,9,9,1,1,1,1,9,15,9,9,16,17,9,9,9,9,9,1,9,18,19,9,9,9,9,9,9,9,20,21,22,23,24,9,9,9,9,25,26,27,9,9,9,28,9,9,9,9,9,9,9,9,9,9,29,30,9,9,9,9,4,4,4,4,4,4,4,4,2,2,2,2,2,2,2,2","0.000498056411743164","louvain","edit-xhwikibooks.graphml"
"0.62","0.29","0.09","0.452021403091558","1,1,1,2,3,2,4,2,2,2,4,5,2,2,2,2,6,7,4,8,9,1,10,2,2,2,2,2,1,11,12,13,8,14,4,4,15,2,9,9,9,9,1,1,1,1,9,1,1,1,9,9,9,9,9,1,1,1,1,9,16,9,9,17,18,9,9,9,9,9,1,9,19,20,9,9,9,9,9,9,9,21,22,23,24,25,9,9,9,9,26,27,28,9,9,9,29,9,9,9,9,9,9,9,9,9,9,30,31,9,9,9,9,4,4,4,4,4,4,4,4,15,15,15,15,15,15,15,15","0.000513076782226562","louvain","edit-xhwikibooks.graphml"
"0.61","0.3","0.09","0.447709639706664","1,1,1,2,3,2,4,2,2,2,4,5,2,2,2,2,6,7,4,8,9,1,10,2,2,2,2,2,1,11,12,13,8,14,4,4,2,2,9,9,9,9,1,1,1,1,9,1,1,1,9,9,9,9,9,1,1,1,1,9,15,9,9,16,17,9,9,9,9,9,1,9,18,19,9,9,9,9,9,9,9,20,21,22,23,24,9,9,9,9,25,26,27,9,9,9,28,9,9,9,9,9,9,9,9,9,9,29,30,9,9,9,9,4,4,4,4,4,4,4,4,2,2,2,2,2,2,2,2","0.000503063201904297","louvain","edit-xhwikibooks.graphml"
"0.6","0.31","0.09","0.453849200340132","1,1,1,2,3,2,4,2,2,2,4,5,2,2,2,2,6,7,4,8,9,1,10,2,2,2,2,2,1,11,12,13,8,14,4,4,2,2,9,9,9,9,1,1,1,1,9,1,1,1,9,9,9,9,9,1,1,1,1,9,15,9,9,16,17,9,9,9,9,9,1,9,18,19,9,9,9,9,9,9,9,20,21,22,23,24,9,9,9,9,25,26,27,9,9,9,28,9,9,9,9,9,9,9,9,9,9,29,30,9,9,9,9,4,4,4,4,4,4,4,4,2,2,2,2,2,2,2,2","0.000496149063110352","louvain","edit-xhwikibooks.graphml"
"0.59","0.32","0.09","0.452710676107178","1,1,1,2,3,2,4,2,2,2,4,5,2,2,2,2,6,7,4,8,9,1,10,2,2,2,2,2,1,11,12,13,8,14,4,4,2,2,9,9,9,9,1,1,1,1,9,1,1,1,9,9,9,9,9,1,1,1,1,9,15,9,9,16,17,9,9,9,9,9,1,9,18,19,9,9,9,9,9,9,9,20,21,22,23,24,9,9,9,9,25,26,27,9,9,9,28,9,9,9,9,9,9,9,9,9,9,29,30,9,9,9,9,4,4,4,4,4,4,4,4,2,2,2,2,2,2,2,2","0.000510215759277344","louvain","edit-xhwikibooks.graphml"
"0.58","0.33","0.09","0.459877828682493","1,1,1,2,3,2,4,2,2,2,4,5,2,2,2,2,6,7,4,8,9,1,10,2,2,2,2,2,1,11,12,13,8,14,4,4,15,2,9,9,9,9,1,1,1,1,9,1,1,1,9,9,9,9,9,1,1,1,1,9,16,9,9,17,18,9,9,9,9,9,1,9,19,20,9,9,9,9,9,9,9,21,22,23,24,25,9,9,9,9,26,27,28,9,9,9,29,9,9,9,9,9,9,9,9,9,9,30,31,9,9,9,9,4,4,4,4,4,4,4,4,15,15,15,15,15,15,15,15","0.000483989715576172","louvain","edit-xhwikibooks.graphml"
"0.57","0.34","0.09","0.498832228401462","1,1,1,2,3,2,4,2,2,2,4,5,2,2,2,2,6,7,4,8,9,1,10,2,2,2,2,2,1,11,12,13,8,14,4,4,15,2,9,9,9,9,1,1,1,1,9,1,1,1,9,9,9,9,9,1,1,1,1,9,16,9,9,17,18,9,9,9,9,9,1,9,19,20,9,9,9,9,9,9,9,21,22,23,24,25,9,9,9,9,26,27,28,9,9,9,29,9,9,9,9,9,9,9,9,9,9,30,31,9,9,9,9,4,4,4,4,4,4,4,4,15,15,15,15,15,15,15,15","0.00049901008605957","louvain","edit-xhwikibooks.graphml"
"0.56","0.35","0.09","0.498832228401462","1,1,1,2,3,2,4,2,2,2,4,5,2,2,2,2,6,7,4,8,9,1,10,2,2,2,2,2,1,11,12,13,8,14,4,4,15,2,9,9,9,9,1,1,1,1,9,1,1,1,9,9,9,9,9,1,1,1,1,9,16,9,9,17,18,9,9,9,9,9,1,9,19,20,9,9,9,9,9,9,9,21,22,23,24,25,9,9,9,9,26,27,28,9,9,9,29,9,9,9,9,9,9,9,9,9,9,30,31,9,9,9,9,4,4,4,4,4,4,4,4,15,15,15,15,15,15,15,15","0.000485897064208984","louvain","edit-xhwikibooks.graphml"
"0.55","0.36","0.09","0.497669094693028","1,1,1,2,3,2,4,2,2,2,4,5,2,2,2,2,6,7,4,8,9,1,10,2,2,2,2,2,1,11,12,13,8,14,4,4,15,2,9,9,9,9,1,1,1,1,9,1,1,1,9,9,9,9,9,1,1,1,1,9,16,9,9,17,18,9,9,9,9,9,1,9,19,20,9,9,9,9,9,9,9,21,22,23,24,25,9,9,9,9,26,27,28,9,9,9,29,9,9,9,9,9,9,9,9,9,9,30,31,9,9,9,9,4,4,4,4,4,4,4,4,15,15,15,15,15,15,15,15","0.000487804412841797","louvain","edit-xhwikibooks.graphml"
"0.54","0.37","0.09","0.490275758893994","1,1,1,2,3,2,4,2,2,2,5,6,2,2,2,2,7,8,9,10,11,1,12,2,2,2,2,2,1,13,14,15,16,17,9,9,18,2,11,11,11,11,1,1,1,1,11,1,1,1,11,11,11,11,11,1,1,1,1,11,19,11,11,20,21,11,11,11,11,11,1,11,22,23,11,11,11,11,11,11,11,24,25,26,27,28,11,11,11,11,29,30,31,11,11,11,32,11,11,11,11,11,11,11,11,11,11,33,34,11,11,11,11,9,9,9,9,9,9,9,9,18,18,18,18,18,18,18,18","0.00050806999206543","louvain","edit-xhwikibooks.graphml"
"0.53","0.38","0.09","0.489110726935402","1,1,1,2,3,2,4,2,2,2,5,6,2,2,2,2,7,8,9,10,11,1,12,2,2,2,2,2,1,13,14,15,16,17,9,9,18,2,11,11,11,11,1,1,1,1,11,1,1,1,11,11,11,11,11,1,1,1,1,11,19,11,11,20,21,11,11,11,11,11,1,11,22,23,11,11,11,11,11,11,11,24,25,26,27,28,11,11,11,11,29,30,31,11,11,11,32,11,11,11,11,11,11,11,11,11,11,33,34,11,11,11,11,9,9,9,9,9,9,9,9,18,18,18,18,18,18,18,18","0.000522851943969727","louvain","edit-xhwikibooks.graphml"
"0.52","0.39","0.09","0.494308012486993","1,1,1,2,3,2,4,2,2,2,5,6,2,2,2,2,7,8,9,10,11,1,12,2,2,2,2,2,1,13,14,15,16,17,9,9,18,2,11,11,11,11,1,1,1,1,11,1,1,1,11,11,11,11,11,1,1,1,1,11,19,11,11,20,21,11,11,11,11,11,1,11,22,23,11,11,11,11,11,11,11,24,25,26,27,28,11,11,11,11,29,30,31,11,11,11,32,11,11,11,11,11,11,11,11,11,11,33,34,11,11,11,11,9,9,9,9,9,9,9,9,18,18,18,18,18,18,18,18","0.000498056411743164","louvain","edit-xhwikibooks.graphml"
"0.51","0.4","0.09","0.498075921975319","1,1,1,2,3,2,4,2,2,2,5,6,2,2,2,2,7,8,9,10,11,1,12,2,2,2,2,2,1,13,14,15,16,17,9,9,18,2,11,11,11,11,1,1,1,1,11,1,1,1,11,11,11,11,11,1,1,1,1,11,19,11,11,20,21,11,11,11,11,11,1,11,22,23,11,11,11,11,11,11,11,24,25,26,27,28,11,11,11,11,29,30,31,11,11,11,32,11,11,11,11,11,11,11,11,11,11,33,34,11,11,11,11,9,9,9,9,9,9,9,9,18,18,18,18,18,18,18,18","0.000546932220458984","louvain","edit-xhwikibooks.graphml"
"0.5","0.41","0.09","0.498075921975319","1,1,1,2,3,2,4,2,2,2,5,6,2,2,2,2,7,8,9,10,11,1,12,2,2,2,2,2,1,13,14,15,16,17,9,9,18,2,11,11,11,11,1,1,1,1,11,1,1,1,11,11,11,11,11,1,1,1,1,11,19,11,11,20,21,11,11,11,11,11,1,11,22,23,11,11,11,11,11,11,11,24,25,26,27,28,11,11,11,11,29,30,31,11,11,11,32,11,11,11,11,11,11,11,11,11,11,33,34,11,11,11,11,9,9,9,9,9,9,9,9,18,18,18,18,18,18,18,18","0.000488996505737305","louvain","edit-xhwikibooks.graphml"
"0.49","0.42","0.09","0.49692685301635","1,1,1,2,3,2,4,2,2,2,5,6,2,2,2,2,7,8,9,10,11,1,12,2,2,2,2,2,1,13,14,15,16,17,9,9,18,2,11,11,11,11,1,1,1,1,11,1,1,1,11,11,11,11,11,1,1,1,1,11,19,11,11,20,21,11,11,11,11,11,1,11,22,23,11,11,11,11,11,11,11,24,25,26,27,28,11,11,11,11,29,30,31,11,11,11,32,11,11,11,11,11,11,11,11,11,11,33,34,11,11,11,11,9,9,9,9,9,9,9,9,18,18,18,18,18,18,18,18","0.00049901008605957","louvain","edit-xhwikibooks.graphml"
"0.48","0.43","0.09","0.501932783207819","1,1,1,2,3,2,4,2,2,2,5,6,2,2,2,2,7,8,9,10,11,1,12,2,2,2,2,2,1,13,14,15,16,17,9,9,18,2,11,11,11,11,1,1,1,1,11,1,1,1,11,11,11,11,11,1,1,1,1,11,19,11,11,20,21,11,11,11,11,11,1,11,22,23,11,11,11,11,11,11,11,24,25,26,27,28,11,11,11,11,29,30,31,11,11,11,32,11,11,11,11,11,11,11,11,11,11,33,34,11,11,11,11,9,9,9,9,9,9,9,9,18,18,18,18,18,18,18,18","0.00048518180847168","louvain","edit-xhwikibooks.graphml"
"0.47","0.44","0.09","0.500791131367612","1,1,1,2,3,2,4,2,2,2,5,6,2,2,2,2,7,8,9,10,11,1,12,2,2,2,2,2,1,13,14,15,16,17,9,9,18,2,11,11,11,11,1,1,1,1,11,1,1,1,11,11,11,11,11,1,1,1,1,11,19,11,11,20,21,11,11,11,11,11,1,11,22,23,11,11,11,11,11,11,11,24,25,26,27,28,11,11,11,11,29,30,31,11,11,11,32,11,11,11,11,11,11,11,11,11,11,33,34,11,11,11,11,9,9,9,9,9,9,9,9,18,18,18,18,18,18,18,18","0.000501155853271484","louvain","edit-xhwikibooks.graphml"
"0.46","0.45","0.09","0.504534037419406","1,1,1,2,3,2,4,2,2,2,5,6,2,2,2,2,7,8,9,10,11,12,13,2,2,2,2,2,1,14,15,16,17,18,9,9,19,2,11,11,11,11,12,12,12,12,11,12,12,12,11,11,11,11,11,12,12,12,12,11,20,11,11,21,22,11,11,11,11,11,12,11,23,24,11,11,11,11,11,11,11,25,26,27,28,29,11,11,11,11,30,31,32,11,11,11,33,11,11,11,11,11,11,11,11,11,11,34,35,11,11,11,11,9,9,9,9,9,9,9,9,19,19,19,19,19,19,19,19","0.000476837158203125","louvain","edit-xhwikibooks.graphml"
"0.45","0.46","0.09","0.490741969398483","1,1,1,2,3,1,4,1,5,6,7,8,1,5,5,1,9,10,11,12,13,14,15,5,5,5,5,16,17,18,19,20,21,22,11,11,23,5,13,13,13,13,14,14,14,14,13,14,14,14,13,13,13,13,13,14,14,14,14,13,24,13,13,25,26,13,13,13,13,13,14,13,27,28,13,13,13,13,13,13,13,29,30,31,32,33,13,13,13,13,34,35,36,13,13,13,37,13,13,13,13,13,13,13,13,13,13,38,39,13,13,13,13,11,11,11,11,11,11,11,11,23,23,23,23,23,23,23,23","0.000514984130859375","louvain","edit-xhwikibooks.graphml"
"0.44","0.47","0.09","0.493524078055905","1,1,1,2,3,1,4,1,5,6,7,8,1,5,5,1,9,10,11,12,13,14,15,5,5,5,5,16,17,18,19,20,21,22,11,11,23,5,13,13,13,13,14,14,14,14,13,14,14,14,13,13,13,13,13,14,14,14,14,13,24,13,13,25,26,13,13,13,13,13,14,13,27,28,13,13,13,13,13,13,13,29,30,31,32,33,13,13,13,13,34,35,36,13,13,13,37,13,13,13,13,13,13,13,13,13,13,38,39,13,13,13,13,11,11,11,11,11,11,11,11,23,23,23,23,23,23,23,23","0.000519990921020508","louvain","edit-xhwikibooks.graphml"
"0.43","0.48","0.09","0.492350718065004","1,1,1,2,3,1,4,1,5,6,7,8,1,5,5,1,9,10,11,12,13,14,15,5,5,5,5,16,17,18,19,20,21,22,11,11,23,5,13,13,13,13,14,14,14,14,13,14,14,14,13,13,13,13,13,14,14,14,14,13,24,13,13,25,26,13,13,13,13,13,14,13,27,28,13,13,13,13,13,13,13,29,30,31,32,33,13,13,13,13,34,35,36,13,13,13,37,13,13,13,13,13,13,13,13,13,13,38,39,13,13,13,13,11,11,11,11,11,11,11,11,23,23,23,23,23,23,23,23","0.000490903854370117","louvain","edit-xhwikibooks.graphml"
"0.42","0.49","0.09","0.492350718065004","1,1,1,2,3,1,4,1,5,6,7,8,1,5,5,1,9,10,11,12,13,14,15,5,5,5,5,16,17,18,19,20,21,22,11,11,23,5,13,13,13,13,14,14,14,14,13,14,14,14,13,13,13,13,13,14,14,14,14,13,24,13,13,25,26,13,13,13,13,13,14,13,27,28,13,13,13,13,13,13,13,29,30,31,32,33,13,13,13,13,34,35,36,13,13,13,37,13,13,13,13,13,13,13,13,13,13,38,39,13,13,13,13,11,11,11,11,11,11,11,11,23,23,23,23,23,23,23,23","0.000493049621582031","louvain","edit-xhwikibooks.graphml"
"0.41","0.5","0.09","0.58355324074074","1,1,1,2,3,4,5,4,4,6,7,8,4,4,4,4,9,10,11,12,13,14,15,4,4,4,4,16,17,18,19,20,21,22,11,11,23,4,13,13,13,13,14,14,14,14,13,14,14,14,13,13,13,13,13,14,14,14,14,13,24,13,13,25,26,13,13,13,13,13,14,13,27,28,13,13,13,13,13,13,13,29,30,31,32,33,13,13,13,13,34,35,36,13,13,13,37,13,13,13,13,13,13,13,13,13,13,38,39,13,13,13,13,11,11,11,11,11,11,11,11,23,23,23,23,23,23,23,23","0.000519990921020508","louvain","edit-xhwikibooks.graphml"
"0.4","0.51","0.09","0.58355324074074","1,1,1,2,3,4,5,4,4,6,7,8,4,4,4,4,9,10,11,12,13,14,15,4,4,4,4,16,17,18,19,20,21,22,11,11,23,4,13,13,13,13,14,14,14,14,13,14,14,14,13,13,13,13,13,14,14,14,14,13,24,13,13,25,26,13,13,13,13,13,14,13,27,28,13,13,13,13,13,13,13,29,30,31,32,33,13,13,13,13,34,35,36,13,13,13,37,13,13,13,13,13,13,13,13,13,13,38,39,13,13,13,13,11,11,11,11,11,11,11,11,23,23,23,23,23,23,23,23","0.000507116317749023","louvain","edit-xhwikibooks.graphml"
"0.39","0.52","0.09","0.58355324074074","1,1,1,2,3,4,5,4,4,6,7,8,4,4,4,4,9,10,11,12,13,14,15,4,4,4,4,16,17,18,19,20,21,22,11,11,23,4,13,13,13,13,14,14,14,14,13,14,14,14,13,13,13,13,13,14,14,14,14,13,24,13,13,25,26,13,13,13,13,13,14,13,27,28,13,13,13,13,13,13,13,29,30,31,32,33,13,13,13,13,34,35,36,13,13,13,37,13,13,13,13,13,13,13,13,13,13,38,39,13,13,13,13,11,11,11,11,11,11,11,11,23,23,23,23,23,23,23,23","0.000505924224853516","louvain","edit-xhwikibooks.graphml"
"0.38","0.53","0.09","0.582473277522425","1,1,1,2,3,4,5,4,4,6,7,8,4,4,4,4,9,10,11,12,13,14,15,4,4,4,4,16,17,18,19,20,21,22,11,11,23,4,13,13,13,13,14,14,14,14,13,14,14,14,13,13,13,13,13,14,14,14,14,13,24,13,13,25,26,13,13,13,13,13,14,13,27,28,13,13,13,13,13,13,13,29,30,31,32,33,13,13,13,13,34,35,36,13,13,13,37,13,13,13,13,13,13,13,13,13,13,38,39,13,13,13,13,11,11,11,11,11,11,11,11,23,23,23,23,23,23,23,23","0.000511884689331055","louvain","edit-xhwikibooks.graphml"
"0.37","0.54","0.09","0.58441821067733","1,1,1,2,3,4,5,4,4,6,7,8,4,4,4,4,9,10,11,12,13,14,15,4,4,4,4,16,17,18,19,20,21,22,11,11,23,4,13,13,13,13,14,14,14,14,13,14,14,14,13,13,13,13,13,14,14,14,14,13,24,13,13,25,26,13,13,13,13,13,14,13,27,28,13,13,13,13,13,13,13,29,30,31,32,33,13,13,13,13,34,35,36,13,13,13,37,13,13,13,13,13,13,13,13,13,13,38,39,13,13,13,13,11,11,11,11,11,11,11,11,23,23,23,23,23,23,23,23","0.000524044036865234","louvain","edit-xhwikibooks.graphml"
"0.36","0.55","0.09","0.578761574074074","1,1,1,2,3,4,5,4,4,6,7,8,4,4,4,9,10,11,12,13,14,15,16,4,4,4,4,17,18,19,20,21,22,23,12,12,24,25,14,14,14,14,15,15,15,15,14,15,15,15,14,14,14,14,14,15,15,15,15,14,26,14,14,27,28,14,14,14,14,14,15,14,29,30,14,14,14,14,14,14,14,31,32,33,34,35,14,14,14,14,36,37,38,14,14,14,39,14,14,14,14,14,14,14,14,14,14,40,41,14,14,14,14,12,12,12,12,12,12,12,12,24,24,24,24,24,24,24,24","0.000499963760375977","louvain","edit-xhwikibooks.graphml"
"0.35","0.56","0.09","0.582334940935869","1,1,1,2,3,4,5,4,4,6,7,8,4,4,4,9,10,11,12,13,14,15,16,4,4,4,4,17,18,19,20,21,22,23,12,12,24,25,14,14,14,14,15,15,15,15,14,15,15,15,14,14,14,14,14,15,15,15,15,14,26,14,14,27,28,14,14,14,14,14,15,14,29,30,14,14,14,14,14,14,14,31,32,33,34,35,14,14,14,14,36,37,38,14,14,14,39,14,14,14,14,14,14,14,14,14,14,40,41,14,14,14,14,12,12,12,12,12,12,12,12,24,24,24,24,24,24,24,24","0.000494956970214844","louvain","edit-xhwikibooks.graphml"
"0.34","0.57","0.09","0.581255834073265","1,1,1,2,3,4,5,4,4,6,7,8,4,4,4,9,10,11,12,13,14,15,16,4,4,4,4,17,18,19,20,21,22,23,12,12,24,25,14,14,14,14,15,15,15,15,14,15,15,15,14,14,14,14,14,15,15,15,15,14,26,14,14,27,28,14,14,14,14,14,15,14,29,30,14,14,14,14,14,14,14,31,32,33,34,35,14,14,14,14,36,37,38,14,14,14,39,14,14,14,14,14,14,14,14,14,14,40,41,14,14,14,14,12,12,12,12,12,12,12,12,24,24,24,24,24,24,24,24","0.000488996505737305","louvain","edit-xhwikibooks.graphml"
"0.33","0.58","0.09","0.584451116532183","1,1,1,2,3,4,5,4,4,6,7,8,4,4,4,9,10,11,12,13,14,15,16,4,4,4,4,17,18,19,20,21,22,23,12,12,24,25,14,14,14,14,15,15,15,15,14,15,15,15,14,14,14,14,14,15,15,15,15,14,26,14,14,27,28,14,14,14,14,14,15,14,29,30,14,14,14,14,14,14,14,31,32,33,34,35,14,14,14,14,36,37,38,14,14,14,39,14,14,14,14,14,14,14,14,14,14,40,41,14,14,14,14,12,12,12,12,12,12,12,12,24,24,24,24,24,24,24,24","0.000519990921020508","louvain","edit-xhwikibooks.graphml"
"0.32","0.59","0.09","0.585419002294174","1,1,1,2,3,4,5,4,4,6,7,8,4,4,4,9,10,11,12,13,14,15,16,4,4,4,4,17,18,19,20,21,22,23,12,12,24,25,14,14,14,14,15,15,15,15,14,15,15,15,14,14,14,14,14,15,15,15,15,14,26,14,14,27,28,14,14,14,14,14,15,14,29,30,14,14,14,14,14,14,14,31,32,33,34,35,14,14,14,14,36,37,38,14,14,14,39,14,14,14,14,14,14,14,14,14,14,40,41,14,14,14,14,12,12,12,12,12,12,12,12,24,24,24,24,24,24,24,24","0.000855207443237305","louvain","edit-xhwikibooks.graphml"
"0.31","0.6","0.09","0.590973534971644","1,1,1,2,3,4,5,4,4,6,7,8,4,4,4,9,10,11,12,13,14,15,16,4,4,4,4,17,18,19,20,21,22,23,12,12,24,25,14,14,14,14,15,15,15,15,14,15,15,15,14,14,14,14,14,15,15,15,15,14,26,14,14,27,28,14,14,14,14,14,15,14,29,30,14,14,14,14,14,14,14,31,32,33,34,35,14,14,14,14,36,37,38,14,14,14,39,14,14,14,14,14,14,14,14,14,14,40,41,14,14,14,14,12,12,12,12,12,12,12,12,24,24,24,24,24,24,24,24","0.000832080841064453","louvain","edit-xhwikibooks.graphml"
"0.3","0.61","0.09","0.589904598232974","1,1,1,2,3,4,5,4,4,6,7,8,4,4,4,9,10,11,12,13,14,15,16,4,4,4,4,17,18,19,20,21,22,23,12,12,24,25,14,14,14,14,15,15,15,15,14,15,15,15,14,14,14,14,14,15,15,15,15,14,26,14,14,27,28,14,14,14,14,14,15,14,29,30,14,14,14,14,14,14,14,31,32,33,34,35,14,14,14,14,36,37,38,14,14,14,39,14,14,14,14,14,14,14,14,14,14,40,41,14,14,14,14,12,12,12,12,12,12,12,12,24,24,24,24,24,24,24,24","0.000811100006103516","louvain","edit-xhwikibooks.graphml"
"0.29","0.62","0.09","0.591767713659605","1,1,1,2,3,4,5,4,4,6,7,8,4,4,4,9,10,11,12,13,14,15,16,4,4,4,4,17,18,19,20,21,22,23,12,12,24,25,14,14,14,14,15,15,15,15,14,15,15,15,14,14,14,14,14,15,15,15,15,14,26,14,14,27,28,14,14,14,14,14,15,14,29,30,14,14,14,14,14,14,14,31,32,33,34,35,14,14,14,14,36,37,38,14,14,14,39,14,14,14,14,14,14,14,14,14,14,40,41,14,14,14,14,12,12,12,12,12,12,12,12,24,24,24,24,24,24,24,24","0.000864982604980469","louvain","edit-xhwikibooks.graphml"
"0.28","0.63","0.09","0.590703351472309","1,1,1,2,3,4,5,4,4,6,7,8,4,4,4,9,10,11,12,13,14,15,16,4,4,4,4,17,18,19,20,21,22,23,12,12,24,25,14,14,14,14,15,15,15,15,14,15,15,15,14,14,14,14,14,15,15,15,15,14,26,14,14,27,28,14,14,14,14,14,15,14,29,30,14,14,14,14,14,14,14,31,32,33,34,35,14,14,14,14,36,37,38,14,14,14,39,14,14,14,14,14,14,14,14,14,14,40,41,14,14,14,14,12,12,12,12,12,12,12,12,24,24,24,24,24,24,24,24","0.000887155532836914","louvain","edit-xhwikibooks.graphml"
"0.27","0.64","0.09","0.590368029300567","1,1,1,2,3,4,5,6,7,8,9,10,6,6,6,11,12,13,14,15,16,17,18,6,6,6,6,19,20,21,22,23,24,25,14,14,26,27,16,16,16,16,17,17,17,17,16,17,17,17,16,16,16,16,16,17,17,17,17,16,28,16,16,29,30,16,16,16,16,16,17,16,31,32,16,16,16,16,16,16,16,33,34,35,36,37,16,16,16,16,38,39,40,16,16,16,41,16,16,16,16,16,16,16,16,16,16,42,43,16,16,16,16,14,14,14,14,14,14,14,14,26,26,26,26,26,26,26,26","0.000931024551391602","louvain","edit-xhwikibooks.graphml"
"0.26","0.65","0.09","0.589280337247817","1,1,1,2,3,4,5,6,7,8,9,10,6,6,6,11,12,13,14,15,16,17,18,6,6,6,6,19,20,21,22,23,24,25,14,14,26,27,16,16,16,16,17,17,17,17,16,17,17,17,16,16,16,16,16,17,17,17,17,16,28,16,16,29,30,16,16,16,16,16,17,16,31,32,16,16,16,16,16,16,16,33,34,35,36,37,16,16,16,16,38,39,40,16,16,16,41,16,16,16,16,16,16,16,16,16,16,42,43,16,16,16,16,14,14,14,14,14,14,14,14,26,26,26,26,26,26,26,26","0.000869035720825195","louvain","edit-xhwikibooks.graphml"
"0.25","0.66","0.09","0.589280337247817","1,1,1,2,3,4,5,6,7,8,9,10,6,6,6,11,12,13,14,15,16,17,18,6,6,6,6,19,20,21,22,23,24,25,14,14,26,27,16,16,16,16,17,17,17,17,16,17,17,17,16,16,16,16,16,17,17,17,17,16,28,16,16,29,30,16,16,16,16,16,17,16,31,32,16,16,16,16,16,16,16,33,34,35,36,37,16,16,16,16,38,39,40,16,16,16,41,16,16,16,16,16,16,16,16,16,16,42,43,16,16,16,16,14,14,14,14,14,14,14,14,26,26,26,26,26,26,26,26","0.000855922698974609","louvain","edit-xhwikibooks.graphml"
"0.24","0.67","0.09","0.612508138020833","1,1,1,2,3,4,5,6,7,8,9,10,6,6,6,11,12,13,14,15,16,17,18,6,6,6,6,19,20,21,22,23,24,25,14,14,26,27,16,16,16,16,17,17,17,17,16,17,17,17,16,16,16,16,16,17,17,17,17,16,28,16,16,29,30,16,16,16,16,16,17,16,31,32,16,16,16,16,16,16,16,33,34,35,36,37,16,16,16,16,38,39,40,16,16,16,41,16,16,16,16,16,16,16,16,16,16,42,43,16,16,16,16,14,14,14,14,14,14,14,14,26,26,26,26,26,26,26,26","0.000934839248657227","louvain","edit-xhwikibooks.graphml"
"0.23","0.68","0.09","0.612508138020833","1,1,1,2,3,4,5,6,7,8,9,10,6,6,6,11,12,13,14,15,16,17,18,6,6,6,6,19,20,21,22,23,24,25,14,14,26,27,16,16,16,16,17,17,17,17,16,17,17,17,16,16,16,16,16,17,17,17,17,16,28,16,16,29,30,16,16,16,16,16,17,16,31,32,16,16,16,16,16,16,16,33,34,35,36,37,16,16,16,16,38,39,40,16,16,16,41,16,16,16,16,16,16,16,16,16,16,42,43,16,16,16,16,14,14,14,14,14,14,14,14,26,26,26,26,26,26,26,26","0.000919103622436523","louvain","edit-xhwikibooks.graphml"
"0.22","0.69","0.09","0.611455557429583","1,1,1,2,3,4,5,6,7,8,9,10,6,6,6,11,12,13,14,15,16,17,18,6,6,6,6,19,20,21,22,23,24,25,14,14,26,27,16,16,16,16,17,17,17,17,16,17,17,17,16,16,16,16,16,17,17,17,17,16,28,16,16,29,30,16,16,16,16,16,17,16,31,32,16,16,16,16,16,16,16,33,34,35,36,37,16,16,16,16,38,39,40,16,16,16,41,16,16,16,16,16,16,16,16,16,16,42,43,16,16,16,16,14,14,14,14,14,14,14,14,26,26,26,26,26,26,26,26","0.0013120174407959","louvain","edit-xhwikibooks.graphml"
"0.21","0.7","0.09","0.613137265429944","1,1,1,2,3,4,5,6,7,8,9,10,6,6,6,11,12,13,14,15,16,17,18,6,6,6,6,19,20,21,22,23,24,25,14,14,26,27,16,16,16,16,17,17,17,17,16,17,17,17,16,16,16,16,16,17,17,17,17,16,28,16,16,29,30,16,16,16,16,16,17,16,31,32,16,16,16,16,16,16,16,33,34,35,36,37,16,16,16,16,38,39,40,16,16,16,41,16,16,16,16,16,16,16,16,16,16,42,43,16,16,16,16,14,14,14,14,14,14,14,14,26,26,26,26,26,26,26,26","0.00120186805725098","louvain","edit-xhwikibooks.graphml"
"0.2","0.71","0.09","0.61208928416428","1,1,1,2,3,4,5,6,7,8,9,10,6,6,6,11,12,13,14,15,16,17,18,6,6,6,6,19,20,21,22,23,24,25,14,14,26,27,16,16,16,16,17,17,17,17,16,17,17,17,16,16,16,16,16,17,17,17,17,16,28,16,16,29,30,16,16,16,16,16,17,16,31,32,16,16,16,16,16,16,16,33,34,35,36,37,16,16,16,16,38,39,40,16,16,16,41,16,16,16,16,16,16,16,16,16,16,42,43,16,16,16,16,14,14,14,14,14,14,14,14,26,26,26,26,26,26,26,26","0.000687837600708008","louvain","edit-xhwikibooks.graphml"
"0.19","0.72","0.09","0.614818828847285","1,1,1,2,3,4,5,6,7,8,9,10,6,6,6,11,12,13,14,15,16,17,18,6,6,6,6,19,20,21,22,23,24,25,14,14,26,27,16,16,16,16,17,17,17,17,16,17,17,17,16,16,16,16,16,17,17,17,17,16,28,16,16,29,30,16,16,16,16,16,17,16,31,32,16,16,16,16,16,16,16,33,34,35,36,37,16,16,16,16,38,39,40,16,16,16,41,16,16,16,16,16,16,16,16,16,16,42,43,16,16,16,16,14,14,14,14,14,14,14,14,26,26,26,26,26,26,26,26","0.000636100769042969","louvain","edit-xhwikibooks.graphml"
"0.18","0.73","0.09","0.593481977640032","1,1,1,2,3,4,5,6,7,8,9,10,11,11,11,12,13,14,15,16,17,18,19,6,11,11,11,20,21,22,23,24,25,26,15,15,11,27,17,17,17,17,18,18,18,18,17,18,18,18,17,17,17,17,17,18,18,18,18,17,28,17,17,29,30,17,17,17,17,17,18,17,31,32,17,17,17,17,17,17,17,33,34,35,36,37,17,17,17,17,38,39,40,17,17,17,41,17,17,17,17,17,17,17,17,17,17,42,43,17,17,17,17,15,44,45,15,15,15,15,15,46,47,48,49,50,51,52,53","0.000484943389892578","louvain","edit-xhwikibooks.graphml"
"0.17","0.74","0.09","0.593481977640032","1,1,1,2,3,4,5,6,7,8,9,10,11,11,11,12,13,14,15,16,17,18,19,6,11,11,11,20,21,22,23,24,25,26,15,15,11,27,17,17,17,17,18,18,18,18,17,18,18,18,17,17,17,17,17,18,18,18,18,17,28,17,17,29,30,17,17,17,17,17,18,17,31,32,17,17,17,17,17,17,17,33,34,35,36,37,17,17,17,17,38,39,40,17,17,17,41,17,17,17,17,17,17,17,17,17,17,42,43,17,17,17,17,15,44,45,15,15,15,15,15,46,47,48,49,50,51,52,53","0.000478029251098633","louvain","edit-xhwikibooks.graphml"
"0.16","0.75","0.09","0.598108307327726","1,1,1,2,3,4,5,6,7,8,9,10,11,11,11,12,13,14,15,16,17,18,19,6,11,11,11,20,21,22,23,24,25,26,15,15,11,27,17,17,17,17,18,18,18,18,17,18,18,18,17,17,17,17,17,18,18,18,18,17,28,17,17,29,30,17,17,17,17,17,18,17,31,32,17,17,17,17,17,17,17,33,34,35,36,37,17,17,17,17,38,39,40,17,17,17,41,17,17,17,17,17,17,17,17,17,17,42,43,17,17,17,17,15,44,45,15,15,15,15,15,46,47,48,49,50,51,52,53","0.000517129898071289","louvain","edit-xhwikibooks.graphml"
"0.15","0.76","0.09","0.598108307327726","1,1,1,2,3,4,5,6,7,8,9,10,11,11,11,12,13,14,15,16,17,18,19,6,11,11,11,20,21,22,23,24,25,26,15,15,11,27,17,17,17,17,18,18,18,18,17,18,18,18,17,17,17,17,17,18,18,18,18,17,28,17,17,29,30,17,17,17,17,17,18,17,31,32,17,17,17,17,17,17,17,33,34,35,36,37,17,17,17,17,38,39,40,17,17,17,41,17,17,17,17,17,17,17,17,17,17,42,43,17,17,17,17,15,44,45,15,15,15,15,15,46,47,48,49,50,51,52,53","0.000511884689331055","louvain","edit-xhwikibooks.graphml"
"0.14","0.77","0.09","0.599867054082947","1,1,1,2,3,4,5,6,7,8,9,10,11,11,11,12,13,14,15,16,17,18,19,6,11,11,11,20,21,22,23,24,25,26,15,15,11,27,17,17,17,17,18,18,18,18,17,18,18,18,17,17,17,17,17,18,18,18,18,17,28,17,17,29,30,17,17,17,17,17,18,17,31,32,17,17,17,17,17,17,17,33,34,35,36,37,17,17,17,17,38,39,40,17,17,17,41,17,17,17,17,17,17,17,17,17,17,42,43,17,17,17,17,15,44,45,15,15,15,15,15,46,47,48,49,50,51,52,53","0.000545024871826172","louvain","edit-xhwikibooks.graphml"
"0.13","0.78","0.09","0.60171361106426","1,1,1,2,3,4,5,6,7,8,9,10,11,11,11,12,13,14,15,16,17,18,19,6,11,11,11,20,21,22,23,24,25,26,15,15,11,27,17,17,17,17,18,18,18,18,17,18,18,18,17,17,17,17,17,18,18,18,18,17,28,17,17,29,30,17,17,17,17,17,18,17,31,32,17,17,17,17,17,17,17,33,34,35,36,37,17,17,17,17,38,39,40,17,17,17,41,17,17,17,17,17,17,17,17,17,17,42,43,17,17,17,17,15,44,45,15,15,15,15,15,46,47,48,49,50,51,52,53","0.000540018081665039","louvain","edit-xhwikibooks.graphml"
"0.12","0.79","0.09","0.603573250288598","1,1,1,2,3,4,5,6,7,8,9,10,11,11,11,12,13,14,15,16,17,18,19,6,11,11,11,20,21,22,23,24,25,26,15,15,11,27,17,17,17,17,18,18,18,18,17,18,18,18,17,17,17,17,17,18,18,18,18,17,28,17,17,29,30,17,17,17,17,17,18,17,31,32,17,17,17,17,17,17,17,33,34,35,36,37,17,17,17,17,38,39,40,17,17,17,41,17,17,17,17,17,17,17,17,17,17,42,43,17,17,17,17,15,44,45,15,15,15,15,15,46,47,48,49,50,51,52,53","0.000505924224853516","louvain","edit-xhwikibooks.graphml"
"0.11","0.8","0.09","0.606307121946062","1,1,1,2,3,4,5,6,7,8,9,10,11,11,11,12,13,14,15,16,17,18,19,6,11,11,11,20,21,22,23,24,25,26,15,15,27,28,17,17,17,17,18,18,18,18,17,18,18,18,17,17,17,17,17,18,18,18,18,17,29,17,17,30,31,17,17,17,17,17,18,17,32,33,17,17,17,17,17,17,17,34,35,36,37,38,17,17,17,17,39,40,41,17,17,17,42,17,17,17,17,17,17,17,17,17,17,43,44,17,17,17,17,15,45,46,15,15,15,15,15,47,48,49,50,51,52,53,54","0.000553131103515625","louvain","edit-xhwikibooks.graphml"
"0.1","0.81","0.09","0.604487724519077","1,1,1,2,3,4,5,6,7,8,9,10,11,11,11,12,13,14,15,16,17,18,19,6,11,11,11,20,21,22,23,24,25,26,15,15,11,27,17,17,17,17,18,18,18,18,17,18,18,18,17,17,17,17,17,18,18,18,18,17,28,17,17,29,30,17,17,17,17,17,18,17,31,32,17,17,17,17,17,17,17,33,34,35,36,37,17,17,17,17,38,39,40,17,17,17,41,17,17,17,17,17,17,17,17,17,17,42,43,17,17,17,17,15,44,45,15,15,15,15,15,46,47,48,49,50,51,52,53","0.0005340576171875","louvain","edit-xhwikibooks.graphml"
"0.09","0.82","0.09","0.605266272189349","1,1,1,2,3,4,5,6,7,8,9,10,11,11,11,12,13,14,15,16,17,18,19,6,11,11,11,20,21,22,23,24,25,26,15,15,11,27,17,17,17,17,18,18,18,18,17,18,18,18,17,17,17,17,17,18,18,18,18,17,28,17,17,29,30,17,17,17,17,17,18,17,31,32,17,17,17,17,17,17,17,33,34,35,36,37,17,17,17,17,38,39,40,17,17,17,41,17,17,17,17,17,17,17,17,17,17,42,43,17,17,17,17,15,44,45,15,15,15,15,15,46,47,48,49,50,51,52,53","0.000504970550537109","louvain","edit-xhwikibooks.graphml"
"0.08","0.83","0.09","0.605463510848126","1,1,1,2,3,4,5,6,7,8,9,10,11,11,11,12,13,14,15,16,17,18,19,6,11,11,11,20,21,22,23,24,25,26,15,15,27,28,17,17,17,17,18,18,18,18,17,18,18,18,17,17,17,17,17,18,18,18,18,17,29,17,17,30,31,17,17,17,17,17,18,17,32,33,17,17,17,17,17,17,17,34,35,36,37,38,17,17,17,17,39,40,41,17,17,17,42,17,17,17,17,17,17,17,17,17,17,43,44,17,17,17,17,15,45,46,15,15,15,15,15,47,48,49,50,51,52,53,54","0.000479936599731445","louvain","edit-xhwikibooks.graphml"
"0.07","0.84","0.09","0.60551593086214","1,1,1,2,3,4,5,6,7,8,9,10,11,11,11,12,13,14,15,16,17,18,19,6,11,11,11,20,21,22,23,24,25,26,15,15,11,27,17,17,17,17,18,18,18,18,17,18,18,18,17,17,17,17,17,18,18,18,18,17,28,17,17,29,30,17,17,17,17,17,18,17,31,32,17,17,17,17,17,17,17,33,34,35,36,37,17,17,17,17,38,39,40,17,17,17,41,17,17,17,17,17,17,17,17,17,17,42,43,17,17,17,17,15,44,45,15,15,15,15,15,46,47,48,49,50,51,52,53","0.000494003295898438","louvain","edit-xhwikibooks.graphml"
"0.06","0.85","0.09","0.607184248522166","1,1,1,2,3,4,5,6,7,8,9,10,11,11,11,12,13,14,15,16,17,18,19,6,11,11,11,20,21,22,23,24,25,26,15,15,11,27,17,17,17,17,18,18,18,18,17,18,18,18,17,17,17,17,17,18,18,18,18,17,28,17,17,29,30,17,17,17,17,17,18,17,31,32,17,17,17,17,17,17,17,33,34,35,36,37,17,17,17,17,38,39,40,17,17,17,41,17,17,17,17,17,17,17,17,17,17,42,43,17,17,17,17,15,44,45,15,15,15,15,15,46,47,48,49,50,51,52,53","0.000504016876220703","louvain","edit-xhwikibooks.graphml"
"0.05","0.86","0.09","0.609147025813693","1,1,1,2,3,4,5,6,7,8,9,10,11,11,11,12,13,14,15,16,17,18,19,6,11,11,11,20,21,22,23,24,25,26,15,15,27,28,17,17,17,17,18,18,18,18,17,18,18,18,17,17,17,17,17,18,18,18,18,17,29,17,17,30,31,17,17,17,17,17,18,17,32,33,17,17,17,17,17,17,17,34,35,36,37,38,17,17,17,17,39,40,41,17,17,17,42,17,17,17,17,17,17,17,17,17,17,43,44,17,17,17,17,15,45,46,15,15,15,15,15,47,48,49,50,51,52,53,54","0.000532865524291992","louvain","edit-xhwikibooks.graphml"
"0.04","0.87","0.09","0.609147025813693","1,1,1,2,3,4,5,6,7,8,9,10,11,11,11,12,13,14,15,16,17,18,19,6,11,11,11,20,21,22,23,24,25,26,15,15,27,28,17,17,17,17,18,18,18,18,17,18,18,18,17,17,17,17,17,18,18,18,18,17,29,17,17,30,31,17,17,17,17,17,18,17,32,33,17,17,17,17,17,17,17,34,35,36,37,38,17,17,17,17,39,40,41,17,17,17,42,17,17,17,17,17,17,17,17,17,17,43,44,17,17,17,17,15,45,46,15,15,15,15,15,47,48,49,50,51,52,53,54","0.000565052032470703","louvain","edit-xhwikibooks.graphml"
"0.03","0.88","0.09","0.60787772271888","1,1,1,2,3,4,5,6,7,8,9,10,11,11,11,12,13,14,15,16,17,18,19,6,11,11,11,20,21,22,23,24,25,26,15,15,11,27,17,17,17,17,18,18,18,18,17,18,18,18,17,17,17,17,17,18,18,18,18,17,28,17,17,29,30,17,17,17,17,17,18,17,31,32,17,17,17,17,17,17,17,33,34,35,36,37,17,17,17,17,38,39,40,17,17,17,41,17,17,17,17,17,17,17,17,17,17,42,43,17,17,17,17,15,44,45,15,15,15,15,15,46,47,48,49,50,51,52,53","0.000651836395263672","louvain","edit-xhwikibooks.graphml"
"0.02","0.89","0.09","0.611158221367957","1,1,1,2,3,4,5,6,7,8,9,10,11,11,11,12,13,14,15,16,17,18,19,6,11,11,11,20,21,22,23,24,25,26,15,15,27,28,17,17,17,17,18,18,18,18,17,18,18,18,17,17,17,17,17,18,18,18,18,17,29,17,17,30,31,17,17,17,17,17,18,17,32,33,17,17,17,17,17,17,17,34,35,36,37,38,17,17,17,17,39,40,41,17,17,17,42,17,17,17,17,17,17,17,17,17,17,43,44,17,17,17,17,15,45,46,15,15,15,15,15,47,48,49,50,51,52,53,54","0.000491142272949219","louvain","edit-xhwikibooks.graphml"
"0.01","0.9","0.09","0.6101375","1,1,1,2,3,4,5,6,7,8,9,10,11,11,11,12,13,14,15,16,17,18,19,6,11,11,11,20,21,22,23,24,25,26,15,15,27,28,17,17,17,17,18,18,18,18,17,18,18,18,17,17,17,17,17,18,18,18,18,17,29,17,17,30,31,17,17,17,17,17,18,17,32,33,17,17,17,17,17,17,17,34,35,36,37,38,17,17,17,17,39,40,41,17,17,17,42,17,17,17,17,17,17,17,17,17,17,43,44,17,17,17,17,15,45,46,15,15,15,15,15,47,48,49,50,51,52,53,54","0.000505208969116211","louvain","edit-xhwikibooks.graphml"
"0","0.91","0.09","0.610546760121557","1,1,1,1,1,2,3,1,4,5,6,7,8,8,8,9,10,11,12,13,14,15,16,1,17,17,17,18,1,19,20,21,22,23,24,24,8,25,14,14,14,14,15,15,15,15,14,15,15,15,14,14,14,14,14,15,15,15,15,14,26,14,14,27,28,14,14,14,14,14,15,14,29,30,14,14,14,14,14,14,14,31,32,33,34,35,14,14,14,14,36,37,38,14,14,14,39,14,14,14,14,14,14,14,14,14,14,40,41,14,14,14,14,24,42,43,24,24,24,24,24,44,45,46,47,48,49,50,51","0.000535964965820312","louvain","edit-xhwikibooks.graphml"
"0.9","0","0.1","0.50504034528054","1,2,1,1,3,1,3,4,1,1,3,3,4,4,4,1,1,3,5,3,6,2,4,4,4,4,4,1,2,1,3,5,3,3,5,5,4,4,6,6,6,6,2,2,2,2,6,2,2,2,6,6,6,6,6,2,2,2,2,6,4,6,6,4,4,6,6,6,6,6,2,6,4,4,6,6,6,6,6,6,6,4,1,1,1,2,6,6,6,6,1,3,5,6,6,6,1,6,6,6,6,6,6,6,6,6,6,3,3,6,6,6,6,5,5,5,5,5,5,5,5,4,4,4,4,4,4,4,4","0.000535964965820312","louvain","edit-xhwikibooks.graphml"
"0.89","0.01","0.1","0.497527547999145","1,2,1,1,1,3,1,3,3,3,4,1,3,3,3,5,3,4,4,1,6,2,3,3,3,3,3,5,2,3,4,4,1,1,4,4,3,3,6,6,6,6,2,2,2,2,6,2,2,2,6,6,6,6,6,2,2,2,2,6,3,6,6,3,3,6,6,6,6,6,2,6,3,3,6,6,6,6,6,6,6,3,5,5,5,2,6,6,6,6,3,4,4,6,6,6,5,6,6,6,6,6,6,6,6,6,6,1,1,6,6,6,6,4,4,4,4,4,4,4,4,3,3,3,3,3,3,3,3","0.000553131103515625","louvain","edit-xhwikibooks.graphml"
"0.88","0.02","0.1","0.499297945728152","1,2,1,1,3,1,3,4,1,1,3,3,4,4,4,1,1,3,3,3,5,2,4,4,4,4,4,1,2,1,3,3,3,3,6,6,4,4,5,5,5,5,2,2,2,2,5,2,2,2,5,5,5,5,5,2,2,2,2,5,4,5,5,4,4,5,5,5,5,5,2,5,4,4,5,5,5,5,5,5,5,4,1,1,1,2,5,5,5,5,1,3,3,5,5,5,1,5,5,5,5,5,5,5,5,5,5,3,3,5,5,5,5,6,6,6,6,6,6,6,6,4,4,4,4,4,4,4,4","0.000536918640136719","louvain","edit-xhwikibooks.graphml"
"0.87","0.03","0.1","0.49831143895757","1,2,1,1,3,1,3,4,1,1,3,3,4,4,4,1,1,3,3,3,5,2,4,4,4,4,4,1,2,1,3,3,3,3,6,6,4,4,5,5,5,5,2,2,2,2,5,2,2,2,5,5,5,5,5,2,2,2,2,5,4,5,5,4,4,5,5,5,5,5,2,5,4,4,5,5,5,5,5,5,5,4,1,1,1,2,5,5,5,5,1,3,3,5,5,5,1,5,5,5,5,5,5,5,5,5,5,3,3,5,5,5,5,6,6,6,6,6,6,6,6,4,4,4,4,4,4,4,4","0.000540971755981445","louvain","edit-xhwikibooks.graphml"
"0.86","0.04","0.1","0.498098945882567","1,2,1,1,1,3,1,3,3,3,1,1,3,3,3,4,3,1,1,1,5,2,3,3,3,3,3,4,2,3,1,1,1,1,6,6,3,3,5,5,5,5,2,2,2,2,5,2,2,2,5,5,5,5,5,2,2,2,2,5,3,5,5,3,3,5,5,5,5,5,2,5,3,3,5,5,5,5,5,5,5,3,4,4,4,2,5,5,5,5,3,1,1,5,5,5,4,5,5,5,5,5,5,5,5,5,5,1,1,5,5,5,5,6,6,6,6,6,6,6,6,3,3,3,3,3,3,3,3","0.000516176223754883","louvain","edit-xhwikibooks.graphml"
"0.85","0.05","0.1","0.49732822122932","1,2,1,1,3,1,3,4,1,1,3,3,4,4,4,1,1,3,3,3,5,2,4,4,4,4,4,1,2,1,3,3,3,3,6,6,4,4,5,5,5,5,2,2,2,2,5,2,2,2,5,5,5,5,5,2,2,2,2,5,4,5,5,4,4,5,5,5,5,5,2,5,4,4,5,5,5,5,5,5,5,4,1,1,1,2,5,5,5,5,1,3,3,5,5,5,1,5,5,5,5,5,5,5,5,5,5,3,3,5,5,5,5,6,6,6,6,6,6,6,6,4,4,4,4,4,4,4,4","0.000519990921020508","louvain","edit-xhwikibooks.graphml"
"0.84","0.06","0.1","0.497124441492573","1,2,1,1,1,3,1,3,3,3,1,1,3,3,3,4,3,1,1,1,5,2,3,3,3,3,3,4,2,3,1,1,1,1,6,6,3,3,5,5,5,5,2,2,2,2,5,2,2,2,5,5,5,5,5,2,2,2,2,5,3,5,5,3,3,5,5,5,5,5,2,5,3,3,5,5,5,5,5,5,5,3,4,4,4,2,5,5,5,5,3,1,1,5,5,5,4,5,5,5,5,5,5,5,5,5,5,1,1,5,5,5,5,6,6,6,6,6,6,6,6,3,3,3,3,3,3,3,3","0.000568866729736328","louvain","edit-xhwikibooks.graphml"
"0.83","0.07","0.1","0.496153124413586","1,2,1,1,1,3,1,3,3,3,1,1,3,3,3,4,3,1,1,1,5,2,3,3,3,3,3,4,2,3,1,1,1,1,6,6,3,3,5,5,5,5,2,2,2,2,5,2,2,2,5,5,5,5,5,2,2,2,2,5,3,5,5,3,3,5,5,5,5,5,2,5,3,3,5,5,5,5,5,5,5,3,4,4,4,2,5,5,5,5,3,1,1,5,5,5,4,5,5,5,5,5,5,5,5,5,5,1,1,5,5,5,5,6,6,6,6,6,6,6,6,3,3,3,3,3,3,3,3","0.000555038452148438","louvain","edit-xhwikibooks.graphml"
"0.82","0.08","0.1","0.498312878855744","1,2,1,1,1,3,1,3,3,3,1,1,3,3,3,4,3,1,1,1,5,2,3,3,3,3,3,4,2,3,1,1,1,1,6,6,3,3,5,5,5,5,2,2,2,2,5,2,2,2,5,5,5,5,5,2,2,2,2,5,3,5,5,3,3,5,5,5,5,5,2,5,3,3,5,5,5,5,5,5,5,3,4,4,4,2,5,5,5,5,3,1,1,5,5,5,4,5,5,5,5,5,5,5,5,5,5,1,1,5,5,5,5,6,6,6,6,6,6,6,6,3,3,3,3,3,3,3,3","0.000545978546142578","louvain","edit-xhwikibooks.graphml"
"0.81","0.09","0.1","0.497523925487605","1,2,1,1,3,1,3,4,1,1,3,3,4,4,4,1,1,3,3,3,5,2,4,4,4,4,4,1,2,1,3,3,3,3,6,6,4,4,5,5,5,5,2,2,2,2,5,2,2,2,5,5,5,5,5,2,2,2,2,5,4,5,5,4,4,5,5,5,5,5,2,5,4,4,5,5,5,5,5,5,5,4,1,1,1,2,5,5,5,5,1,3,3,5,5,5,1,5,5,5,5,5,5,5,5,5,5,3,3,5,5,5,5,6,6,6,6,6,6,6,6,4,4,4,4,4,4,4,4","0.0279459953308105","louvain","edit-xhwikibooks.graphml"
"0.8","0.1","0.1","0.497056181276868","1,2,1,3,1,3,1,3,3,3,1,1,3,3,3,4,3,1,1,1,5,2,3,3,3,3,3,4,2,3,1,1,1,1,6,6,3,3,5,5,5,5,2,2,2,2,5,2,2,2,5,5,5,5,5,2,2,2,2,5,3,5,5,3,3,5,5,5,5,5,2,5,3,3,5,5,5,5,5,5,5,3,4,4,4,2,5,5,5,5,3,1,1,5,5,5,4,5,5,5,5,5,5,5,5,5,5,1,1,5,5,5,5,6,6,6,6,6,6,6,6,3,3,3,3,3,3,3,3","0.000584840774536133","louvain","edit-xhwikibooks.graphml"
"0.79","0.11","0.1","0.484657115890762","1,2,1,1,3,1,3,4,1,1,3,3,4,4,4,1,1,3,3,3,5,2,4,4,4,4,4,1,2,1,3,3,3,3,6,6,4,4,5,5,5,5,2,2,2,2,5,2,2,2,5,5,5,5,5,2,2,2,2,5,7,5,5,4,4,5,5,5,5,5,2,5,4,4,5,5,5,5,5,5,5,4,1,1,1,8,5,5,5,5,9,10,11,5,5,5,1,5,5,5,5,5,5,5,5,5,5,3,3,5,5,5,5,6,6,6,6,6,6,6,6,4,4,4,4,4,4,4,4","0.000498056411743164","louvain","edit-xhwikibooks.graphml"
"0.78","0.12","0.1","0.489276688750769","1,2,1,1,1,3,1,3,3,3,1,1,3,3,3,3,3,1,1,1,4,2,3,3,3,3,3,3,2,3,1,1,1,1,5,5,3,3,4,4,4,4,2,2,2,2,4,2,2,2,4,4,4,4,4,2,2,2,2,4,6,4,4,3,3,4,4,4,4,4,2,4,3,3,4,4,4,4,4,4,4,3,3,3,3,7,4,4,4,4,8,9,10,4,4,4,3,4,4,4,4,4,4,4,4,4,4,1,1,4,4,4,4,5,5,5,5,5,5,5,5,3,3,3,3,3,3,3,3","0.000526189804077148","louvain","edit-xhwikibooks.graphml"
"0.77","0.13","0.1","0.48831285472769","1,2,1,1,1,3,1,3,3,3,1,1,3,3,3,3,3,1,1,1,4,2,3,3,3,3,3,3,2,3,1,1,1,1,5,5,3,3,4,4,4,4,2,2,2,2,4,2,2,2,4,4,4,4,4,2,2,2,2,4,6,4,4,3,3,4,4,4,4,4,2,4,3,3,4,4,4,4,4,4,4,3,3,3,3,7,4,4,4,4,8,9,10,4,4,4,3,4,4,4,4,4,4,4,4,4,4,1,1,4,4,4,4,5,5,5,5,5,5,5,5,3,3,3,3,3,3,3,3","0.000504016876220703","louvain","edit-xhwikibooks.graphml"
"0.76","0.14","0.1","0.488595882139838","1,2,1,1,1,3,1,3,3,3,1,1,3,3,3,4,3,1,1,1,5,2,3,3,3,3,3,4,2,3,1,1,1,1,6,6,3,3,5,5,5,5,2,2,2,2,5,2,2,2,5,5,5,5,5,2,2,2,2,5,7,5,5,3,3,5,5,5,5,5,2,5,3,3,5,5,5,5,5,5,5,3,4,4,4,8,5,5,5,5,9,10,11,5,5,5,4,5,5,5,5,5,5,5,5,5,5,1,1,5,5,5,5,6,6,6,6,6,6,6,6,3,3,3,3,3,3,3,3","0.000494003295898438","louvain","edit-xhwikibooks.graphml"
"0.75","0.15","0.1","0.491747655710563","1,2,1,1,3,1,3,4,1,1,3,3,4,4,4,1,1,3,3,3,5,2,4,4,4,4,4,1,2,1,3,3,3,3,6,6,4,4,5,5,5,5,2,2,2,2,5,2,2,2,5,5,5,5,5,2,2,2,2,5,7,5,5,4,4,5,5,5,5,5,2,5,4,4,5,5,5,5,5,5,5,4,1,1,1,8,5,5,5,5,9,10,11,5,5,5,1,5,5,5,5,5,5,5,5,5,5,3,3,5,5,5,5,6,6,6,6,6,6,6,6,4,4,4,4,4,4,4,4","0.000504016876220703","louvain","edit-xhwikibooks.graphml"
"0.74","0.16","0.1","0.494210775047259","1,2,1,1,1,3,1,3,3,3,1,1,3,3,3,4,3,1,1,1,5,2,3,3,3,3,3,4,2,3,1,1,1,1,6,6,3,3,5,5,5,5,2,2,2,2,5,2,2,2,5,5,5,5,5,2,2,2,2,5,7,5,5,3,3,5,5,5,5,5,2,5,3,3,5,5,5,5,5,5,5,3,4,4,4,8,5,5,5,5,9,10,11,5,5,5,4,5,5,5,5,5,5,5,5,5,5,1,1,5,5,5,5,6,6,6,6,6,6,6,6,3,3,3,3,3,3,3,3","0.000508785247802734","louvain","edit-xhwikibooks.graphml"
"0.73","0.17","0.1","0.495157048940833","1,2,1,1,3,1,3,4,1,1,3,3,4,4,4,1,1,3,3,3,5,2,4,4,4,4,4,1,2,1,3,3,3,3,6,6,4,4,5,5,5,5,2,2,2,2,5,2,2,2,5,5,5,5,5,2,2,2,2,5,7,5,5,4,4,5,5,5,5,5,2,5,4,4,5,5,5,5,5,5,5,4,1,1,1,8,5,5,5,5,9,10,11,5,5,5,1,5,5,5,5,5,5,5,5,5,5,3,3,5,5,5,5,6,6,6,6,6,6,6,6,4,4,4,4,4,4,4,4","0.000478029251098633","louvain","edit-xhwikibooks.graphml"
"0.72","0.18","0.1","0.495138787436085","1,2,1,1,1,3,1,3,3,3,1,1,3,3,3,3,3,1,1,1,4,2,3,3,3,3,3,3,2,3,1,1,1,1,5,5,3,3,4,4,4,4,2,2,2,2,4,2,2,2,4,4,4,4,4,2,2,2,2,4,6,4,4,3,3,4,4,4,4,4,2,4,3,3,4,4,4,4,4,4,4,3,3,3,3,7,4,4,4,4,8,9,10,4,4,4,3,4,4,4,4,4,4,4,4,4,4,1,1,4,4,4,4,5,5,5,5,5,5,5,5,3,3,3,3,3,3,3,3","0.00049901008605957","louvain","edit-xhwikibooks.graphml"
"0.71","0.19","0.1","0.496339894785524","1,2,1,1,1,3,1,3,3,3,1,1,3,3,3,3,3,1,1,1,4,2,3,3,3,3,3,3,2,3,1,1,1,1,5,5,3,3,4,4,4,4,2,2,2,2,4,2,2,2,4,4,4,4,4,2,2,2,2,4,6,4,4,3,3,4,4,4,4,4,2,4,3,3,4,4,4,4,4,4,4,3,3,3,3,7,4,4,4,4,8,9,10,4,4,4,3,4,4,4,4,4,4,4,4,4,4,1,1,4,4,4,4,5,5,5,5,5,5,5,5,3,3,3,3,3,3,3,3","0.000482082366943359","louvain","edit-xhwikibooks.graphml"
"0.7","0.2","0.1","0.500807858388859","1,2,1,1,3,1,3,4,1,1,3,3,4,4,4,1,1,3,3,3,5,2,4,4,4,4,4,1,2,1,3,3,3,3,6,6,4,4,5,5,5,5,2,2,2,2,5,2,2,2,5,5,5,5,5,2,2,2,2,5,7,5,5,4,4,5,5,5,5,5,2,5,4,4,5,5,5,5,5,5,5,4,1,1,1,8,5,5,5,5,9,10,11,5,5,5,1,5,5,5,5,5,5,5,5,5,5,3,3,5,5,5,5,6,6,6,6,6,6,6,6,4,4,4,4,4,4,4,4","0.000452041625976562","louvain","edit-xhwikibooks.graphml"
"0.69","0.21","0.1","0.436019412609843","1,2,1,1,1,1,1,3,1,1,1,1,3,3,3,1,4,1,1,1,5,2,3,3,3,3,3,1,2,6,7,1,1,1,8,8,3,3,5,5,5,5,2,2,2,2,5,2,2,2,5,5,5,5,5,2,2,2,2,5,9,5,5,10,11,5,5,5,5,5,2,5,3,3,5,5,5,5,5,5,5,12,1,1,1,13,5,5,5,5,14,15,16,5,5,5,17,5,5,5,5,5,5,5,5,5,5,18,19,5,5,5,5,8,8,8,8,8,8,8,8,3,3,3,3,3,3,3,3","0.000456094741821289","louvain","edit-xhwikibooks.graphml"
"0.68","0.22","0.1","0.436608306324969","1,2,1,1,1,3,1,3,3,3,1,1,3,3,3,3,4,1,1,1,5,2,3,3,3,3,3,3,2,6,7,1,1,1,8,8,3,3,5,5,5,5,2,2,2,2,5,2,2,2,5,5,5,5,5,2,2,2,2,5,9,5,5,10,11,5,5,5,5,5,2,5,3,3,5,5,5,5,5,5,5,12,3,3,3,13,5,5,5,5,14,15,16,5,5,5,17,5,5,5,5,5,5,5,5,5,5,18,19,5,5,5,5,8,8,8,8,8,8,8,8,3,3,3,3,3,3,3,3","0.00044703483581543","louvain","edit-xhwikibooks.graphml"
"0.67","0.23","0.1","0.440891289890887","1,2,1,1,1,3,1,3,3,3,1,1,3,3,3,3,4,1,1,1,5,2,3,3,3,3,3,3,2,6,7,1,1,1,8,8,3,3,5,5,5,5,2,2,2,2,5,2,2,2,5,5,5,5,5,2,2,2,2,5,9,5,5,10,11,5,5,5,5,5,2,5,3,3,5,5,5,5,5,5,5,12,3,3,3,13,5,5,5,5,14,15,16,5,5,5,17,5,5,5,5,5,5,5,5,5,5,18,19,5,5,5,5,8,8,8,8,8,8,8,8,3,3,3,3,3,3,3,3","0.000458955764770508","louvain","edit-xhwikibooks.graphml"
"0.66","0.24","0.1","0.443640816326531","1,2,1,1,1,3,1,3,3,3,1,1,3,3,3,3,4,1,1,1,5,2,3,3,3,3,3,3,2,6,7,1,1,1,8,8,3,3,5,5,5,5,2,2,2,2,5,2,2,2,5,5,5,5,5,2,2,2,2,5,9,5,5,10,11,5,5,5,5,5,2,5,3,3,5,5,5,5,5,5,5,12,3,3,3,13,5,5,5,5,14,15,16,5,5,5,17,5,5,5,5,5,5,5,5,5,5,18,19,5,5,5,5,8,8,8,8,8,8,8,8,3,3,3,3,3,3,3,3","0.000409841537475586","louvain","edit-xhwikibooks.graphml"
"0.65","0.25","0.1","0.449886686456638","1,2,1,1,1,3,1,3,3,3,1,1,3,3,3,3,4,1,1,1,5,2,3,3,3,3,3,3,2,6,7,1,1,1,8,8,3,3,5,5,5,5,2,2,2,2,5,2,2,2,5,5,5,5,5,2,2,2,2,5,9,5,5,10,11,5,5,5,5,5,2,5,3,3,5,5,5,5,5,5,5,12,3,3,3,13,5,5,5,5,14,15,16,5,5,5,17,5,5,5,5,5,5,5,5,5,5,18,19,5,5,5,5,8,8,8,8,8,8,8,8,3,3,3,3,3,3,3,3","0.000432968139648438","louvain","edit-xhwikibooks.graphml"
"0.64","0.26","0.1","0.450309617287497","1,2,1,1,1,3,1,3,3,3,1,1,3,3,3,4,5,1,1,1,6,2,3,3,3,3,3,4,2,7,8,1,1,1,9,9,3,3,6,6,6,6,2,2,2,2,6,2,2,2,6,6,6,6,6,2,2,2,2,6,10,6,6,11,12,6,6,6,6,6,2,6,3,3,6,6,6,6,6,6,6,13,4,4,4,14,6,6,6,6,15,16,17,6,6,6,18,6,6,6,6,6,6,6,6,6,6,19,20,6,6,6,6,9,9,9,9,9,9,9,9,3,3,3,3,3,3,3,3","0.000439167022705078","louvain","edit-xhwikibooks.graphml"
"0.63","0.27","0.1","0.450309617287497","1,2,1,1,1,3,1,3,3,3,1,1,3,3,3,4,5,1,1,1,6,2,3,3,3,3,3,4,2,7,8,1,1,1,9,9,3,3,6,6,6,6,2,2,2,2,6,2,2,2,6,6,6,6,6,2,2,2,2,6,10,6,6,11,12,6,6,6,6,6,2,6,3,3,6,6,6,6,6,6,6,13,4,4,4,14,6,6,6,6,15,16,17,6,6,6,18,6,6,6,6,6,6,6,6,6,6,19,20,6,6,6,6,9,9,9,9,9,9,9,9,3,3,3,3,3,3,3,3","0.000442028045654297","louvain","edit-xhwikibooks.graphml"
"0.62","0.28","0.1","0.449347351715929","1,2,1,1,1,3,1,3,3,3,1,1,3,3,3,4,5,1,1,1,6,2,3,3,3,3,3,4,2,7,8,1,1,1,9,9,3,3,6,6,6,6,2,2,2,2,6,2,2,2,6,6,6,6,6,2,2,2,2,6,10,6,6,11,12,6,6,6,6,6,2,6,3,3,6,6,6,6,6,6,6,13,4,4,4,14,6,6,6,6,15,16,17,6,6,6,18,6,6,6,6,6,6,6,6,6,6,19,20,6,6,6,6,9,9,9,9,9,9,9,9,3,3,3,3,3,3,3,3","0.000452041625976562","louvain","edit-xhwikibooks.graphml"
"0.61","0.29","0.1","0.454338598184372","1,2,1,1,1,3,1,3,3,3,1,1,3,3,3,4,5,1,1,1,6,2,3,3,3,3,3,4,2,7,8,1,1,1,9,9,3,3,6,6,6,6,2,2,2,2,6,2,2,2,6,6,6,6,6,2,2,2,2,6,10,6,6,11,12,6,6,6,6,6,2,6,3,3,6,6,6,6,6,6,6,13,4,4,4,14,6,6,6,6,15,16,17,6,6,6,18,6,6,6,6,6,6,6,6,6,6,19,20,6,6,6,6,9,9,9,9,9,9,9,9,3,3,3,3,3,3,3,3","0.000440120697021484","louvain","edit-xhwikibooks.graphml"
"0.6","0.3","0.1","0.456102916644036","1,2,1,1,1,3,1,3,3,3,1,1,3,3,3,4,5,1,1,1,6,2,3,3,3,3,3,4,2,7,8,1,1,1,9,9,3,3,6,6,6,6,2,2,2,2,6,2,2,2,6,6,6,6,6,2,2,2,2,6,10,6,6,11,12,6,6,6,6,6,2,6,3,3,6,6,6,6,6,6,6,13,4,4,4,14,6,6,6,6,15,16,17,6,6,6,18,6,6,6,6,6,6,6,6,6,6,19,20,6,6,6,6,9,9,9,9,9,9,9,9,3,3,3,3,3,3,3,3","0.000422000885009766","louvain","edit-xhwikibooks.graphml"
"0.59","0.31","0.1","0.429257779734073","1,1,1,2,3,2,4,2,2,2,4,5,2,2,2,2,6,7,4,8,9,1,10,2,2,2,2,2,1,11,12,13,8,14,4,4,2,2,9,9,9,9,1,1,1,1,9,1,1,1,9,9,9,9,9,1,1,1,1,9,15,9,9,16,17,9,9,9,9,9,1,9,18,19,9,9,9,9,9,9,9,20,21,22,23,24,9,9,9,9,25,26,27,9,9,9,28,9,9,9,9,9,9,9,9,9,9,29,30,9,9,9,9,4,4,4,4,4,4,4,4,2,2,2,2,2,2,2,2","0.000458002090454102","louvain","edit-xhwikibooks.graphml"
"0.58","0.32","0.1","0.428313680803276","1,1,1,2,3,2,4,2,2,2,4,5,2,2,2,2,6,7,4,8,9,1,10,2,2,2,2,2,1,11,12,13,8,14,4,4,2,2,9,9,9,9,1,1,1,1,9,1,1,1,9,9,9,9,9,1,1,1,1,9,15,9,9,16,17,9,9,9,9,9,1,9,18,19,9,9,9,9,9,9,9,20,21,22,23,24,9,9,9,9,25,26,27,9,9,9,28,9,9,9,9,9,9,9,9,9,9,29,30,9,9,9,9,4,4,4,4,4,4,4,4,2,2,2,2,2,2,2,2","0.000451087951660156","louvain","edit-xhwikibooks.graphml"
"0.57","0.33","0.1","0.428313680803276","1,1,1,2,3,2,4,2,2,2,4,5,2,2,2,2,6,7,4,8,9,1,10,2,2,2,2,2,1,11,12,13,8,14,4,4,2,2,9,9,9,9,1,1,1,1,9,1,1,1,9,9,9,9,9,1,1,1,1,9,15,9,9,16,17,9,9,9,9,9,1,9,18,19,9,9,9,9,9,9,9,20,21,22,23,24,9,9,9,9,25,26,27,9,9,9,28,9,9,9,9,9,9,9,9,9,9,29,30,9,9,9,9,4,4,4,4,4,4,4,4,2,2,2,2,2,2,2,2","0.000445127487182617","louvain","edit-xhwikibooks.graphml"
"0.56","0.34","0.1","0.463625738982614","1,1,1,2,3,2,4,2,2,2,4,5,2,2,2,2,6,7,4,8,9,1,10,2,2,2,2,2,1,11,12,13,8,14,4,4,15,2,9,9,9,9,1,1,1,1,9,1,1,1,9,9,9,9,9,1,1,1,1,9,16,9,9,17,18,9,9,9,9,9,1,9,19,20,9,9,9,9,9,9,9,21,22,23,24,25,9,9,9,9,26,27,28,9,9,9,29,9,9,9,9,9,9,9,9,9,9,30,31,9,9,9,9,4,4,4,4,4,4,4,4,15,15,15,15,15,15,15,15","0.000422000885009766","louvain","edit-xhwikibooks.graphml"
"0.55","0.35","0.1","0.463625738982614","1,1,1,2,3,2,4,2,2,2,4,5,2,2,2,2,6,7,4,8,9,1,10,2,2,2,2,2,1,11,12,13,8,14,4,4,15,2,9,9,9,9,1,1,1,1,9,1,1,1,9,9,9,9,9,1,1,1,1,9,16,9,9,17,18,9,9,9,9,9,1,9,19,20,9,9,9,9,9,9,9,21,22,23,24,25,9,9,9,9,26,27,28,9,9,9,29,9,9,9,9,9,9,9,9,9,9,30,31,9,9,9,9,4,4,4,4,4,4,4,4,15,15,15,15,15,15,15,15","0.000427961349487305","louvain","edit-xhwikibooks.graphml"
"0.54","0.36","0.1","0.46218376403816","1,1,1,2,3,2,4,2,2,2,4,5,2,2,2,2,6,7,4,8,9,1,10,2,2,2,2,2,1,11,12,13,8,14,4,4,2,2,9,9,9,9,1,1,1,1,9,1,1,1,9,9,9,9,9,1,1,1,1,9,15,9,9,16,17,9,9,9,9,9,1,9,18,19,9,9,9,9,9,9,9,20,21,22,23,24,9,9,9,9,25,26,27,9,9,9,28,9,9,9,9,9,9,9,9,9,9,29,30,9,9,9,9,4,4,4,4,4,4,4,4,2,2,2,2,2,2,2,2","0.000455141067504883","louvain","edit-xhwikibooks.graphml"
"0.53","0.37","0.1","0.46218376403816","1,1,1,2,3,2,4,2,2,2,4,5,2,2,2,2,6,7,4,8,9,1,10,2,2,2,2,2,1,11,12,13,8,14,4,4,2,2,9,9,9,9,1,1,1,1,9,1,1,1,9,9,9,9,9,1,1,1,1,9,15,9,9,16,17,9,9,9,9,9,1,9,18,19,9,9,9,9,9,9,9,20,21,22,23,24,9,9,9,9,25,26,27,9,9,9,28,9,9,9,9,9,9,9,9,9,9,29,30,9,9,9,9,4,4,4,4,4,4,4,4,2,2,2,2,2,2,2,2","0.000452041625976562","louvain","edit-xhwikibooks.graphml"
"0.52","0.38","0.1","0.464156140822359","1,1,1,2,3,2,4,2,2,2,4,5,2,2,2,2,6,7,4,8,9,1,10,2,2,2,2,2,1,11,12,13,8,14,4,4,15,2,9,9,9,9,1,1,1,1,9,1,1,1,9,9,9,9,9,1,1,1,1,9,16,9,9,17,18,9,9,9,9,9,1,9,19,20,9,9,9,9,9,9,9,21,22,23,24,25,9,9,9,9,26,27,28,9,9,9,29,9,9,9,9,9,9,9,9,9,9,30,31,9,9,9,9,4,4,4,4,4,4,4,4,15,15,15,15,15,15,15,15","0.000430822372436523","louvain","edit-xhwikibooks.graphml"
"0.51","0.39","0.1","0.466136804044874","1,1,1,2,3,2,4,2,2,2,4,5,2,2,2,2,6,7,4,8,9,1,10,2,2,2,2,2,1,11,12,13,8,14,4,4,2,2,9,9,9,9,1,1,1,1,9,1,1,1,9,9,9,9,9,1,1,1,1,9,15,9,9,16,17,9,9,9,9,9,1,9,18,19,9,9,9,9,9,9,9,20,21,22,23,24,9,9,9,9,25,26,27,9,9,9,28,9,9,9,9,9,9,9,9,9,9,29,30,9,9,9,9,4,4,4,4,4,4,4,4,2,2,2,2,2,2,2,2","0.000435113906860352","louvain","edit-xhwikibooks.graphml"
"0.5","0.4","0.1","0.470252008765522","1,1,1,2,3,2,4,2,2,2,4,5,2,2,2,2,6,7,4,8,9,1,10,2,2,2,2,2,1,11,12,13,8,14,4,4,15,2,9,9,9,9,1,1,1,1,9,1,1,1,9,9,9,9,9,1,1,1,1,9,16,9,9,17,18,9,9,9,9,9,1,9,19,20,9,9,9,9,9,9,9,21,22,23,24,25,9,9,9,9,26,27,28,9,9,9,29,9,9,9,9,9,9,9,9,9,9,30,31,9,9,9,9,4,4,4,4,4,4,4,4,15,15,15,15,15,15,15,15","0.000452041625976562","louvain","edit-xhwikibooks.graphml"
"0.49","0.41","0.1","0.448680555555556","1,1,1,2,3,2,4,2,2,2,5,6,2,2,2,2,7,8,9,10,11,1,12,2,2,2,2,2,1,13,14,15,16,17,9,9,18,2,11,11,11,11,1,1,1,1,11,1,1,1,11,11,11,11,11,1,1,1,1,11,19,11,11,20,21,11,11,11,11,11,1,11,22,23,11,11,11,11,11,11,11,24,25,26,27,28,11,11,11,11,29,30,31,11,11,11,32,11,11,11,11,11,11,11,11,11,11,33,34,11,11,11,11,9,9,9,9,9,9,9,9,18,18,18,18,18,18,18,18","0.000792980194091797","louvain","edit-xhwikibooks.graphml"
"0.48","0.42","0.1","0.447725232310986","1,1,1,2,3,2,4,2,2,2,5,6,2,2,2,2,7,8,9,10,11,1,12,2,2,2,2,2,1,13,14,15,16,17,9,9,18,2,11,11,11,11,1,1,1,1,11,1,1,1,11,11,11,11,11,1,1,1,1,11,19,11,11,20,21,11,11,11,11,11,1,11,22,23,11,11,11,11,11,11,11,24,25,26,27,28,11,11,11,11,29,30,31,11,11,11,32,11,11,11,11,11,11,11,11,11,11,33,34,11,11,11,11,9,9,9,9,9,9,9,9,18,18,18,18,18,18,18,18","0.000670909881591797","louvain","edit-xhwikibooks.graphml"
"0.47","0.43","0.1","0.452777208599898","1,1,1,2,3,2,4,2,2,2,5,6,2,2,2,2,7,8,9,10,11,1,12,2,2,2,2,2,1,13,14,15,16,17,9,9,18,2,11,11,11,11,1,1,1,1,11,1,1,1,11,11,11,11,11,1,1,1,1,11,19,11,11,20,21,11,11,11,11,11,1,11,22,23,11,11,11,11,11,11,11,24,25,26,27,28,11,11,11,11,29,30,31,11,11,11,32,11,11,11,11,11,11,11,11,11,11,33,34,11,11,11,11,9,9,9,9,9,9,9,9,18,18,18,18,18,18,18,18","0.000445127487182617","louvain","edit-xhwikibooks.graphml"
"0.46","0.44","0.1","0.451824960753532","1,1,1,2,3,2,4,2,2,2,5,6,2,2,2,2,7,8,9,10,11,1,12,2,2,2,2,2,1,13,14,15,16,17,9,9,18,2,11,11,11,11,1,1,1,1,11,1,1,1,11,11,11,11,11,1,1,1,1,11,19,11,11,20,21,11,11,11,11,11,1,11,22,23,11,11,11,11,11,11,11,24,25,26,27,28,11,11,11,11,29,30,31,11,11,11,32,11,11,11,11,11,11,11,11,11,11,33,34,11,11,11,11,9,9,9,9,9,9,9,9,18,18,18,18,18,18,18,18","0.000448942184448242","louvain","edit-xhwikibooks.graphml"
"0.45","0.45","0.1","0.457127713577593","1,1,1,2,3,2,4,2,2,2,5,6,2,2,2,2,7,8,9,10,11,1,12,2,2,2,2,2,1,13,14,15,16,17,9,9,18,2,11,11,11,11,1,1,1,1,11,1,1,1,11,11,11,11,11,1,1,1,1,11,19,11,11,20,21,11,11,11,11,11,1,11,22,23,11,11,11,11,11,11,11,24,25,26,27,28,11,11,11,11,29,30,31,11,11,11,32,11,11,11,11,11,11,11,11,11,11,33,34,11,11,11,11,9,9,9,9,9,9,9,9,18,18,18,18,18,18,18,18","0.000465869903564453","louvain","edit-xhwikibooks.graphml"
"0.44","0.46","0.1","0.456176822160681","1,1,1,2,3,2,4,2,2,2,5,6,2,2,2,2,7,8,9,10,11,1,12,2,2,2,2,2,1,13,14,15,16,17,9,9,18,2,11,11,11,11,1,1,1,1,11,1,1,1,11,11,11,11,11,1,1,1,1,11,19,11,11,20,21,11,11,11,11,11,1,11,22,23,11,11,11,11,11,11,11,24,25,26,27,28,11,11,11,11,29,30,31,11,11,11,32,11,11,11,11,11,11,11,11,11,11,33,34,11,11,11,11,9,9,9,9,9,9,9,9,18,18,18,18,18,18,18,18","0.000472068786621094","louvain","edit-xhwikibooks.graphml"
"0.43","0.47","0.1","0.458618856332703","1,1,1,2,3,2,4,2,2,2,5,6,2,2,2,2,7,8,9,10,11,1,12,2,2,2,2,2,1,13,14,15,16,17,9,9,18,2,11,11,11,11,1,1,1,1,11,1,1,1,11,11,11,11,11,1,1,1,1,11,19,11,11,20,21,11,11,11,11,11,1,11,22,23,11,11,11,11,11,11,11,24,25,26,27,28,11,11,11,11,29,30,31,11,11,11,32,11,11,11,11,11,11,11,11,11,11,33,34,11,11,11,11,9,9,9,9,9,9,9,9,18,18,18,18,18,18,18,18","0.000455856323242188","louvain","edit-xhwikibooks.graphml"
"0.42","0.48","0.1","0.457671433082895","1,1,1,2,3,2,4,2,2,2,5,6,2,2,2,2,7,8,9,10,11,1,12,2,2,2,2,2,1,13,14,15,16,17,9,9,18,2,11,11,11,11,1,1,1,1,11,1,1,1,11,11,11,11,11,1,1,1,1,11,19,11,11,20,21,11,11,11,11,11,1,11,22,23,11,11,11,11,11,11,11,24,25,26,27,28,11,11,11,11,29,30,31,11,11,11,32,11,11,11,11,11,11,11,11,11,11,33,34,11,11,11,11,9,9,9,9,9,9,9,9,18,18,18,18,18,18,18,18","0.000465869903564453","louvain","edit-xhwikibooks.graphml"
"0.41","0.49","0.1","0.457671433082895","1,1,1,2,3,2,4,2,2,2,5,6,2,2,2,2,7,8,9,10,11,1,12,2,2,2,2,2,1,13,14,15,16,17,9,9,18,2,11,11,11,11,1,1,1,1,11,1,1,1,11,11,11,11,11,1,1,1,1,11,19,11,11,20,21,11,11,11,11,11,1,11,22,23,11,11,11,11,11,11,11,24,25,26,27,28,11,11,11,11,29,30,31,11,11,11,32,11,11,11,11,11,11,11,11,11,11,33,34,11,11,11,11,9,9,9,9,9,9,9,9,18,18,18,18,18,18,18,18","0.000463008880615234","louvain","edit-xhwikibooks.graphml"
"0.4","0.5","0.1","0.546383812924456","1,1,1,2,3,2,4,5,2,2,6,7,5,5,5,2,8,9,10,11,12,1,13,5,5,5,5,2,1,14,15,16,17,18,10,10,19,5,12,12,12,12,1,1,1,1,12,1,1,1,12,12,12,12,12,1,1,1,1,12,20,12,12,21,22,12,12,12,12,12,1,12,23,24,12,12,12,12,12,12,12,25,26,27,28,29,12,12,12,12,30,31,32,12,12,12,33,12,12,12,12,12,12,12,12,12,12,34,35,12,12,12,12,10,10,10,10,10,10,10,10,19,19,19,19,19,19,19,19","0.00049901008605957","louvain","edit-xhwikibooks.graphml"
"0.39","0.51","0.1","0.537984188773548","1,1,1,2,3,4,5,4,4,6,7,8,4,4,4,4,9,10,11,12,13,1,14,4,4,4,4,15,16,17,18,19,20,21,11,11,22,4,13,13,13,13,1,1,1,1,13,1,1,1,13,13,13,13,13,1,1,1,1,13,23,13,13,24,25,13,13,13,13,13,1,13,26,27,13,13,13,13,13,13,13,28,29,30,31,32,13,13,13,13,33,34,35,13,13,13,36,13,13,13,13,13,13,13,13,13,13,37,38,13,13,13,13,11,11,11,11,11,11,11,11,22,22,22,22,22,22,22,22","0.000525236129760742","louvain","edit-xhwikibooks.graphml"
"0.38","0.52","0.1","0.537984188773548","1,1,1,2,3,4,5,4,4,6,7,8,4,4,4,4,9,10,11,12,13,1,14,4,4,4,4,15,16,17,18,19,20,21,11,11,22,4,13,13,13,13,1,1,1,1,13,1,1,1,13,13,13,13,13,1,1,1,1,13,23,13,13,24,25,13,13,13,13,13,1,13,26,27,13,13,13,13,13,13,13,28,29,30,31,32,13,13,13,13,33,34,35,13,13,13,36,13,13,13,13,13,13,13,13,13,13,37,38,13,13,13,13,11,11,11,11,11,11,11,11,22,22,22,22,22,22,22,22","0.00056004524230957","louvain","edit-xhwikibooks.graphml"
"0.37","0.53","0.1","0.53704843945218","1,1,1,2,3,4,5,4,4,6,7,8,4,4,4,4,9,10,11,12,13,1,14,4,4,4,4,15,16,17,18,19,20,21,11,11,22,4,13,13,13,13,1,1,1,1,13,1,1,1,13,13,13,13,13,1,1,1,1,13,23,13,13,24,25,13,13,13,13,13,1,13,26,27,13,13,13,13,13,13,13,28,29,30,31,32,13,13,13,13,33,34,35,13,13,13,36,13,13,13,13,13,13,13,13,13,13,37,38,13,13,13,13,11,11,11,11,11,11,11,11,22,22,22,22,22,22,22,22","0.000502109527587891","louvain","edit-xhwikibooks.graphml"
"0.36","0.54","0.1","0.538893515764426","1,1,1,2,3,4,5,4,4,6,7,8,4,4,4,4,9,10,11,12,13,1,14,4,4,4,4,15,16,17,18,19,20,21,11,11,22,4,13,13,13,13,1,1,1,1,13,1,1,1,13,13,13,13,13,1,1,1,1,13,23,13,13,24,25,13,13,13,13,13,1,13,26,27,13,13,13,13,13,13,13,28,29,30,31,32,13,13,13,13,33,34,35,13,13,13,36,13,13,13,13,13,13,13,13,13,13,37,38,13,13,13,13,11,11,11,11,11,11,11,11,22,22,22,22,22,22,22,22","0.000503063201904297","louvain","edit-xhwikibooks.graphml"
"0.35","0.55","0.1","0.537961532313922","1,1,1,2,3,4,5,4,4,6,7,8,4,4,4,4,9,10,11,12,13,1,14,4,4,4,4,15,16,17,18,19,20,21,11,11,22,4,13,13,13,13,1,1,1,1,13,1,1,1,13,13,13,13,13,1,1,1,1,13,23,13,13,24,25,13,13,13,13,13,1,13,26,27,13,13,13,13,13,13,13,28,29,30,31,32,13,13,13,13,33,34,35,13,13,13,36,13,13,13,13,13,13,13,13,13,13,37,38,13,13,13,13,11,11,11,11,11,11,11,11,22,22,22,22,22,22,22,22","0.00046992301940918","louvain","edit-xhwikibooks.graphml"
"0.34","0.56","0.1","0.541616589180918","1,1,1,2,3,4,5,4,4,6,7,8,4,4,4,4,9,10,11,12,13,1,14,4,4,4,4,15,16,17,18,19,20,21,11,11,22,4,13,13,13,13,1,1,1,1,13,1,1,1,13,13,13,13,13,1,1,1,1,13,23,13,13,24,25,13,13,13,13,13,1,13,26,27,13,13,13,13,13,13,13,28,29,30,31,32,13,13,13,13,33,34,35,13,13,13,36,13,13,13,13,13,13,13,13,13,13,37,38,13,13,13,13,11,11,11,11,11,11,11,11,22,22,22,22,22,22,22,22","0.000509977340698242","louvain","edit-xhwikibooks.graphml"
"0.33","0.57","0.1","0.540689397652221","1,1,1,2,3,4,5,4,4,6,7,8,4,4,4,4,9,10,11,12,13,1,14,4,4,4,4,15,16,17,18,19,20,21,11,11,22,4,13,13,13,13,1,1,1,1,13,1,1,1,13,13,13,13,13,1,1,1,1,13,23,13,13,24,25,13,13,13,13,13,1,13,26,27,13,13,13,13,13,13,13,28,29,30,31,32,13,13,13,13,33,34,35,13,13,13,36,13,13,13,13,13,13,13,13,13,13,37,38,13,13,13,13,11,11,11,11,11,11,11,11,22,22,22,22,22,22,22,22","0.000524044036865234","louvain","edit-xhwikibooks.graphml"
"0.32","0.58","0.1","0.545773453179902","1,1,1,2,3,4,5,4,4,6,7,8,4,4,4,4,9,10,11,12,13,1,14,4,4,4,4,15,16,17,18,19,20,21,11,11,22,4,13,13,13,13,1,1,1,1,13,1,1,1,13,13,13,13,13,1,1,1,1,13,23,13,13,24,25,13,13,13,13,13,1,13,26,27,13,13,13,13,13,13,13,28,29,30,31,32,13,13,13,13,33,34,35,13,13,13,36,13,13,13,13,13,13,13,13,13,13,37,38,13,13,13,13,11,11,11,11,11,11,11,11,22,22,22,22,22,22,22,22","0.000550031661987305","louvain","edit-xhwikibooks.graphml"
"0.31","0.59","0.1","0.544853597674045","1,1,1,2,3,4,5,4,4,6,7,8,4,4,4,4,9,10,11,12,13,1,14,4,4,4,4,15,16,17,18,19,20,21,11,11,22,4,13,13,13,13,1,1,1,1,13,1,1,1,13,13,13,13,13,1,1,1,1,13,23,13,13,24,25,13,13,13,13,13,1,13,26,27,13,13,13,13,13,13,13,28,29,30,31,32,13,13,13,13,33,34,35,13,13,13,36,13,13,13,13,13,13,13,13,13,13,37,38,13,13,13,13,11,11,11,11,11,11,11,11,22,22,22,22,22,22,22,22","0.000549077987670898","louvain","edit-xhwikibooks.graphml"
"0.3","0.6","0.1","0.548191609977324","1,1,1,2,3,4,5,4,4,6,7,8,4,4,4,4,9,10,11,12,13,1,14,4,4,4,4,15,16,17,18,19,20,21,11,11,22,4,13,13,13,13,1,1,1,1,13,1,1,1,13,13,13,13,13,1,1,1,1,13,23,13,13,24,25,13,13,13,13,13,1,13,26,27,13,13,13,13,13,13,13,28,29,30,31,32,13,13,13,13,33,34,35,13,13,13,36,13,13,13,13,13,13,13,13,13,13,37,38,13,13,13,13,11,11,11,11,11,11,11,11,22,22,22,22,22,22,22,22","0.000510931015014648","louvain","edit-xhwikibooks.graphml"
"0.29","0.61","0.1","0.541043424253403","1,1,1,2,3,4,5,4,4,6,7,8,4,4,4,9,10,11,12,13,14,15,16,4,4,4,4,17,18,19,20,21,22,23,12,12,24,25,14,14,14,14,15,15,15,15,14,15,15,15,14,14,14,14,14,15,15,15,15,14,26,14,14,27,28,14,14,14,14,14,15,14,29,30,14,14,14,14,14,14,14,31,32,33,34,35,14,14,14,14,36,37,38,14,14,14,39,14,14,14,14,14,14,14,14,14,14,40,41,14,14,14,14,12,12,12,12,12,12,12,12,24,24,24,24,24,24,24,24","0.000513076782226562","louvain","edit-xhwikibooks.graphml"
"0.28","0.62","0.1","0.542956319681325","1,1,1,2,3,4,5,4,4,6,7,8,4,4,4,9,10,11,12,13,14,15,16,4,4,4,4,17,18,19,20,21,22,23,12,12,24,25,14,14,14,14,15,15,15,15,14,15,15,15,14,14,14,14,14,15,15,15,15,14,26,14,14,27,28,14,14,14,14,14,15,14,29,30,14,14,14,14,14,14,14,31,32,33,34,35,14,14,14,14,36,37,38,14,14,14,39,14,14,14,14,14,14,14,14,14,14,40,41,14,14,14,14,12,12,12,12,12,12,12,12,24,24,24,24,24,24,24,24","0.000651836395263672","louvain","edit-xhwikibooks.graphml"
"0.27","0.63","0.1","0.542030974988751","1,1,1,2,3,4,5,4,4,6,7,8,4,4,4,9,10,11,12,13,14,15,16,4,4,4,4,17,18,19,20,21,22,23,12,12,24,25,14,14,14,14,15,15,15,15,14,15,15,15,14,14,14,14,14,15,15,15,15,14,26,14,14,27,28,14,14,14,14,14,15,14,29,30,14,14,14,14,14,14,14,31,32,33,34,35,14,14,14,14,36,37,38,14,14,14,39,14,14,14,14,14,14,14,14,14,14,40,41,14,14,14,14,12,12,12,12,12,12,12,12,24,24,24,24,24,24,24,24","0.000479936599731445","louvain","edit-xhwikibooks.graphml"
"0.26","0.64","0.1","0.544022108843537","1,1,1,2,3,4,5,4,4,6,7,8,4,4,4,9,10,11,12,13,14,15,16,4,4,4,4,17,18,19,20,21,22,23,12,12,24,25,14,14,14,14,15,15,15,15,14,15,15,15,14,14,14,14,14,15,15,15,15,14,26,14,14,27,28,14,14,14,14,14,15,14,29,30,14,14,14,14,14,14,14,31,32,33,34,35,14,14,14,14,36,37,38,14,14,14,39,14,14,14,14,14,14,14,14,14,14,40,41,14,14,14,14,12,12,12,12,12,12,12,12,24,24,24,24,24,24,24,24","0.000461101531982422","louvain","edit-xhwikibooks.graphml"
"0.25","0.65","0.1","0.543099508578715","1,1,1,2,3,4,5,4,4,6,7,8,4,4,4,9,10,11,12,13,14,15,16,4,4,4,4,17,18,19,20,21,22,23,12,12,24,25,14,14,14,14,15,15,15,15,14,15,15,15,14,14,14,14,14,15,15,15,15,14,26,14,14,27,28,14,14,14,14,14,15,14,29,30,14,14,14,14,14,14,14,31,32,33,34,35,14,14,14,14,36,37,38,14,14,14,39,14,14,14,14,14,14,14,14,14,14,40,41,14,14,14,14,12,12,12,12,12,12,12,12,24,24,24,24,24,24,24,24","0.000490903854370117","louvain","edit-xhwikibooks.graphml"
"0.24","0.66","0.1","0.543099508578715","1,1,1,2,3,4,5,4,4,6,7,8,4,4,4,9,10,11,12,13,14,15,16,4,4,4,4,17,18,19,20,21,22,23,12,12,24,25,14,14,14,14,15,15,15,15,14,15,15,15,14,14,14,14,14,15,15,15,15,14,26,14,14,27,28,14,14,14,14,14,15,14,29,30,14,14,14,14,14,14,14,31,32,33,34,35,14,14,14,14,36,37,38,14,14,14,39,14,14,14,14,14,14,14,14,14,14,40,41,14,14,14,14,12,12,12,12,12,12,12,12,24,24,24,24,24,24,24,24","0.000478982925415039","louvain","edit-xhwikibooks.graphml"
"0.23","0.67","0.1","0.566558475717532","1,1,1,2,3,4,5,4,4,6,7,8,4,4,4,9,10,11,12,13,14,15,16,4,4,4,4,17,18,19,20,21,22,23,12,12,24,25,14,14,14,14,15,15,15,15,14,15,15,15,14,14,14,14,14,15,15,15,15,14,26,14,14,27,28,14,14,14,14,14,15,14,29,30,14,14,14,14,14,14,14,31,32,33,34,35,14,14,14,14,36,37,38,14,14,14,39,14,14,14,14,14,14,14,14,14,14,40,41,14,14,14,14,12,12,12,12,12,12,12,12,24,24,24,24,24,24,24,24","0.000515937805175781","louvain","edit-xhwikibooks.graphml"
"0.22","0.68","0.1","0.566558475717532","1,1,1,2,3,4,5,4,4,6,7,8,4,4,4,9,10,11,12,13,14,15,16,4,4,4,4,17,18,19,20,21,22,23,12,12,24,25,14,14,14,14,15,15,15,15,14,15,15,15,14,14,14,14,14,15,15,15,15,14,26,14,14,27,28,14,14,14,14,14,15,14,29,30,14,14,14,14,14,14,14,31,32,33,34,35,14,14,14,14,36,37,38,14,14,14,39,14,14,14,14,14,14,14,14,14,14,40,41,14,14,14,14,12,12,12,12,12,12,12,12,24,24,24,24,24,24,24,24","0.000494003295898438","louvain","edit-xhwikibooks.graphml"
"0.21","0.69","0.1","0.565654635045479","1,1,1,2,3,4,5,4,4,6,7,8,4,4,4,9,10,11,12,13,14,15,16,4,4,4,4,17,18,19,20,21,22,23,12,12,24,25,14,14,14,14,15,15,15,15,14,15,15,15,14,14,14,14,14,15,15,15,15,14,26,14,14,27,28,14,14,14,14,14,15,14,29,30,14,14,14,14,14,14,14,31,32,33,34,35,14,14,14,14,36,37,38,14,14,14,39,14,14,14,14,14,14,14,14,14,14,40,41,14,14,14,14,12,12,12,12,12,12,12,12,24,24,24,24,24,24,24,24","0.000511884689331055","louvain","edit-xhwikibooks.graphml"
"0.2","0.7","0.1","0.567369842163425","1,1,1,2,3,4,5,4,4,6,7,8,4,4,4,9,10,11,12,13,14,15,16,4,4,4,4,17,18,19,20,21,22,23,12,12,24,25,14,14,14,14,15,15,15,15,14,15,15,15,14,14,14,14,14,15,15,15,15,14,26,14,14,27,28,14,14,14,14,14,15,14,29,30,14,14,14,14,14,14,14,31,32,33,34,35,14,14,14,14,36,37,38,14,14,14,39,14,14,14,14,14,14,14,14,14,14,40,41,14,14,14,14,12,12,12,12,12,12,12,12,24,24,24,24,24,24,24,24","0.000519990921020508","louvain","edit-xhwikibooks.graphml"
"0.19","0.71","0.1","0.608851382161102","1,1,1,2,3,4,5,6,7,8,9,10,6,6,6,11,12,13,14,15,16,17,18,6,6,6,6,19,20,21,22,23,24,25,14,14,26,27,16,16,16,16,17,17,17,17,16,17,17,17,16,16,16,16,16,17,17,17,17,16,28,16,16,29,30,16,16,16,16,16,17,16,31,32,16,16,16,16,16,16,16,33,34,35,36,37,16,16,16,16,38,39,40,16,16,16,41,16,16,16,16,16,16,16,16,16,16,42,43,16,16,16,16,14,14,14,14,14,14,14,14,26,26,26,26,26,26,26,26","0.000519037246704102","louvain","edit-xhwikibooks.graphml"
"0.18","0.72","0.1","0.611593330760526","1,1,1,2,3,4,5,6,7,8,9,10,6,6,6,11,12,13,14,15,16,17,18,6,6,6,6,19,20,21,22,23,24,25,14,14,26,27,16,16,16,16,17,17,17,17,16,17,17,17,16,16,16,16,16,17,17,17,17,16,28,16,16,29,30,16,16,16,16,16,17,16,31,32,16,16,16,16,16,16,16,33,34,35,36,37,16,16,16,16,38,39,40,16,16,16,41,16,16,16,16,16,16,16,16,16,16,42,43,16,16,16,16,14,14,14,14,14,14,14,14,26,26,26,26,26,26,26,26","0.000520944595336914","louvain","edit-xhwikibooks.graphml"
"0.17","0.73","0.1","0.610565910037484","1,1,1,2,3,4,5,6,7,8,9,10,6,6,6,11,12,13,14,15,16,17,18,6,6,6,6,19,20,21,22,23,24,25,14,14,26,27,16,16,16,16,17,17,17,17,16,17,17,17,16,16,16,16,16,17,17,17,17,16,28,16,16,29,30,16,16,16,16,16,17,16,31,32,16,16,16,16,16,16,16,33,34,35,36,37,16,16,16,16,38,39,40,16,16,16,41,16,16,16,16,16,16,16,16,16,16,42,43,16,16,16,16,14,14,14,14,14,14,14,14,26,26,26,26,26,26,26,26","0.000524044036865234","louvain","edit-xhwikibooks.graphml"
"0.16","0.74","0.1","0.610565910037484","1,1,1,2,3,4,5,6,7,8,9,10,6,6,6,11,12,13,14,15,16,17,18,6,6,6,6,19,20,21,22,23,24,25,14,14,26,27,16,16,16,16,17,17,17,17,16,17,17,17,16,16,16,16,16,17,17,17,17,16,28,16,16,29,30,16,16,16,16,16,17,16,31,32,16,16,16,16,16,16,16,33,34,35,36,37,16,16,16,16,38,39,40,16,16,16,41,16,16,16,16,16,16,16,16,16,16,42,43,16,16,16,16,14,14,14,14,14,14,14,14,26,26,26,26,26,26,26,26","0.000483989715576172","louvain","edit-xhwikibooks.graphml"
"0.15","0.75","0.1","0.614334634220998","1,1,1,2,3,4,5,6,7,8,9,10,11,11,11,12,13,14,15,16,17,18,19,6,11,11,11,20,21,22,23,24,25,26,15,15,27,28,17,17,17,17,18,18,18,18,17,18,18,18,17,17,17,17,17,18,18,18,18,17,29,17,17,30,31,17,17,17,17,17,18,17,32,33,17,17,17,17,17,17,17,34,35,36,37,38,17,17,17,17,39,40,41,17,17,17,42,17,17,17,17,17,17,17,17,17,17,43,44,17,17,17,17,15,15,15,15,15,15,15,15,27,27,27,27,27,27,27,27","0.000474929809570312","louvain","edit-xhwikibooks.graphml"
"0.14","0.76","0.1","0.614334634220998","1,1,1,2,3,4,5,6,7,8,9,10,11,11,11,12,13,14,15,16,17,18,19,6,11,11,11,20,21,22,23,24,25,26,15,15,27,28,17,17,17,17,18,18,18,18,17,18,18,18,17,17,17,17,17,18,18,18,18,17,29,17,17,30,31,17,17,17,17,17,18,17,32,33,17,17,17,17,17,17,17,34,35,36,37,38,17,17,17,17,39,40,41,17,17,17,42,17,17,17,17,17,17,17,17,17,17,43,44,17,17,17,17,15,15,15,15,15,15,15,15,27,27,27,27,27,27,27,27","0.000496864318847656","louvain","edit-xhwikibooks.graphml"
"0.13","0.77","0.1","0.615941983008584","1,1,1,2,3,4,5,6,7,8,9,10,6,6,6,11,12,13,14,15,16,17,18,6,6,6,6,19,20,21,22,23,24,25,14,14,26,27,16,16,16,16,17,17,17,17,16,17,17,17,16,16,16,16,16,17,17,17,17,16,28,16,16,29,30,16,16,16,16,16,17,16,31,32,16,16,16,16,16,16,16,33,34,35,36,37,16,16,16,16,38,39,40,16,16,16,41,16,16,16,16,16,16,16,16,16,16,42,43,16,16,16,16,14,14,14,14,14,14,14,14,26,26,26,26,26,26,26,26","0.000502109527587891","louvain","edit-xhwikibooks.graphml"
"0.12","0.78","0.1","0.619504853825536","1,1,1,2,3,4,5,6,7,8,9,10,6,6,6,11,12,13,14,15,16,17,18,6,6,6,6,19,20,21,22,23,24,25,14,14,26,27,16,16,16,16,17,17,17,17,16,17,17,17,16,16,16,16,16,17,17,17,17,16,28,16,16,29,30,16,16,16,16,16,17,16,31,32,16,16,16,16,16,16,16,33,34,35,36,37,16,16,16,16,38,39,40,16,16,16,41,16,16,16,16,16,16,16,16,16,16,42,43,16,16,16,16,14,14,14,14,14,14,14,14,26,26,26,26,26,26,26,26","0.000529050827026367","louvain","edit-xhwikibooks.graphml"
"0.11","0.79","0.1","0.619504853825536","1,1,1,2,3,4,5,6,7,8,9,10,6,6,6,11,12,13,14,15,16,17,18,6,6,6,6,19,20,21,22,23,24,25,14,14,26,27,16,16,16,16,17,17,17,17,16,17,17,17,16,16,16,16,16,17,17,17,17,16,28,16,16,29,30,16,16,16,16,16,17,16,31,32,16,16,16,16,16,16,16,33,34,35,36,37,16,16,16,16,38,39,40,16,16,16,41,16,16,16,16,16,16,16,16,16,16,42,43,16,16,16,16,14,14,14,14,14,14,14,14,26,26,26,26,26,26,26,26","0.000511884689331055","louvain","edit-xhwikibooks.graphml"
"0.1","0.8","0.1","0.623347050754458","1,1,1,2,3,4,5,6,7,8,9,10,11,11,11,12,13,14,15,16,17,18,19,6,11,11,11,20,21,22,23,24,25,26,15,15,27,28,17,17,17,17,18,18,18,18,17,18,18,18,17,17,17,17,17,18,18,18,18,17,29,17,17,30,31,17,17,17,17,17,18,17,32,33,17,17,17,17,17,17,17,34,35,36,37,38,17,17,17,17,39,40,41,17,17,17,42,17,17,17,17,17,17,17,17,17,17,43,44,17,17,17,17,15,15,15,15,15,15,15,15,27,27,27,27,27,27,27,27","0.000499963760375977","louvain","edit-xhwikibooks.graphml"
"0.09","0.81","0.1","0.60562790667251","1,1,1,2,3,4,5,6,7,8,9,10,11,11,11,12,13,14,15,16,17,18,19,6,11,11,11,20,21,22,23,24,25,26,15,15,11,27,17,17,17,17,18,18,18,18,17,18,18,18,17,17,17,17,17,18,18,18,18,17,28,17,17,29,30,17,17,17,17,17,18,17,31,32,17,17,17,17,17,17,17,33,34,35,36,37,17,17,17,17,38,39,40,17,17,17,41,17,17,17,17,17,17,17,17,17,17,42,43,17,17,17,17,15,44,45,15,15,15,15,15,46,47,48,49,50,51,52,53","0.000543117523193359","louvain","edit-xhwikibooks.graphml"
"0.08","0.82","0.1","0.6048781757601","1,1,1,2,3,4,5,6,7,8,9,10,11,11,11,12,13,14,15,16,17,18,19,6,11,11,11,20,21,22,23,24,25,26,15,15,27,28,17,17,17,17,18,18,18,18,17,18,18,18,17,17,17,17,17,18,18,18,18,17,29,17,17,30,31,17,17,17,17,17,18,17,32,33,17,17,17,17,17,17,17,34,35,36,37,38,17,17,17,17,39,40,41,17,17,17,42,17,17,17,17,17,17,17,17,17,17,43,44,17,17,17,17,15,45,46,15,15,15,15,15,47,48,49,50,51,52,53,54","0.000468969345092773","louvain","edit-xhwikibooks.graphml"
"0.07","0.83","0.1","0.6048781757601","1,1,1,2,3,4,5,6,7,8,9,10,11,11,11,12,13,14,15,16,17,18,19,6,11,11,11,20,21,22,23,24,25,26,15,15,27,28,17,17,17,17,18,18,18,18,17,18,18,18,17,17,17,17,17,18,18,18,18,17,29,17,17,30,31,17,17,17,17,17,18,17,32,33,17,17,17,17,17,17,17,34,35,36,37,38,17,17,17,17,39,40,41,17,17,17,42,17,17,17,17,17,17,17,17,17,17,43,44,17,17,17,17,15,45,46,15,15,15,15,15,47,48,49,50,51,52,53,54","0.000431060791015625","louvain","edit-xhwikibooks.graphml"
"0.06","0.84","0.1","0.60511736968229","1,1,1,2,3,4,5,6,7,8,9,10,11,11,11,12,13,14,15,16,17,18,19,6,11,11,11,20,21,22,23,24,25,26,15,15,27,28,17,17,17,17,18,18,18,18,17,18,18,18,17,17,17,17,17,18,18,18,18,17,29,17,17,30,31,17,17,17,17,17,18,17,32,33,17,17,17,17,17,17,17,34,35,36,37,38,17,17,17,17,39,40,41,17,17,17,42,17,17,17,17,17,17,17,17,17,17,43,44,17,17,17,17,15,45,46,15,15,15,15,15,47,48,49,50,51,52,53,54","0.000463008880615234","louvain","edit-xhwikibooks.graphml"
"0.05","0.85","0.1","0.606511776958821","1,1,1,2,3,4,5,6,7,8,9,10,11,11,11,12,13,14,15,16,17,18,19,6,11,11,11,20,21,22,23,24,25,26,15,15,11,27,17,17,17,17,18,18,18,18,17,18,18,18,17,17,17,17,17,18,18,18,18,17,28,17,17,29,30,17,17,17,17,17,18,17,31,32,17,17,17,17,17,17,17,33,34,35,36,37,17,17,17,17,38,39,40,17,17,17,41,17,17,17,17,17,17,17,17,17,17,42,43,17,17,17,17,15,44,45,15,15,15,15,15,46,47,48,49,50,51,52,53","0.000441074371337891","louvain","edit-xhwikibooks.graphml"
"0.04","0.86","0.1","0.608538925784702","1,1,1,2,3,4,5,6,7,8,9,10,11,11,11,12,13,14,15,16,17,18,19,6,11,11,11,20,21,22,23,24,25,26,15,15,27,28,17,17,17,17,18,18,18,18,17,18,18,18,17,17,17,17,17,18,18,18,18,17,29,17,17,30,31,17,17,17,17,17,18,17,32,33,17,17,17,17,17,17,17,34,35,36,37,38,17,17,17,17,39,40,41,17,17,17,42,17,17,17,17,17,17,17,17,17,17,43,44,17,17,17,17,15,45,46,15,15,15,15,15,47,48,49,50,51,52,53,54","0.000462055206298828","louvain","edit-xhwikibooks.graphml"
"0.03","0.87","0.1","0.60821065124618","1,1,1,2,3,4,5,6,7,8,9,10,11,11,11,12,13,14,15,16,17,18,19,6,11,11,11,20,21,22,23,24,25,26,15,15,11,27,17,17,17,17,18,18,18,18,17,18,18,18,17,17,17,17,17,18,18,18,18,17,28,17,17,29,30,17,17,17,17,17,18,17,31,32,17,17,17,17,17,17,17,33,34,35,36,37,17,17,17,17,38,39,40,17,17,17,41,17,17,17,17,17,17,17,17,17,17,42,43,17,17,17,17,15,44,45,15,15,15,15,15,46,47,48,49,50,51,52,53","0.000447988510131836","louvain","edit-xhwikibooks.graphml"
"0.02","0.88","0.1","0.607521309539513","1,1,1,2,3,4,5,6,7,8,9,10,11,11,11,12,13,14,15,16,17,18,19,6,11,11,11,20,21,22,23,24,25,26,15,15,27,28,17,17,17,17,18,18,18,18,17,18,18,18,17,17,17,17,17,18,18,18,18,17,29,17,17,30,31,17,17,17,17,17,18,17,32,33,17,17,17,17,17,17,17,34,35,36,37,38,17,17,17,17,39,40,41,17,17,17,42,17,17,17,17,17,17,17,17,17,17,43,44,17,17,17,17,15,45,46,15,15,15,15,15,47,48,49,50,51,52,53,54","0.000457048416137695","louvain","edit-xhwikibooks.graphml"
"0.01","0.89","0.1","0.610543466769485","1,1,1,2,3,4,5,6,7,8,9,10,11,11,11,12,13,14,15,16,17,18,19,6,11,11,11,20,21,22,23,24,25,26,15,15,27,28,17,17,17,17,18,18,18,18,17,18,18,18,17,17,17,17,17,18,18,18,18,17,29,17,17,30,31,17,17,17,17,17,18,17,32,33,17,17,17,17,17,17,17,34,35,36,37,38,17,17,17,17,39,40,41,17,17,17,42,17,17,17,17,17,17,17,17,17,17,43,44,17,17,17,17,15,45,46,15,15,15,15,15,47,48,49,50,51,52,53,54","0.000494956970214844","louvain","edit-xhwikibooks.graphml"
"0","0.9","0.1","0.612391724104949","1,1,1,1,1,2,3,1,4,5,6,7,8,8,8,9,10,11,12,13,14,15,16,1,8,8,8,17,1,18,19,20,21,22,12,12,23,24,14,14,14,14,15,15,15,15,14,15,15,15,14,14,14,14,14,15,15,15,15,14,25,14,14,26,27,14,14,14,14,14,15,14,28,29,14,14,14,14,14,14,14,30,31,32,33,34,14,14,14,14,35,36,37,14,14,14,38,14,14,14,14,14,14,14,14,14,14,39,40,14,14,14,14,12,41,42,12,12,12,12,12,43,44,45,46,47,48,49,50","0.000507116317749023","louvain","edit-xhwikibooks.graphml"
"0.89","0","0.11","0.462402205674427","1,2,1,1,1,3,1,3,3,3,1,1,3,3,3,4,3,1,5,1,6,2,3,3,3,3,3,4,2,3,1,5,1,1,5,5,3,3,6,6,6,6,2,2,2,2,6,2,2,2,6,6,6,6,6,2,2,2,2,6,3,6,6,3,3,6,6,6,6,6,2,6,3,3,6,6,6,6,6,6,6,3,4,4,4,2,6,6,6,6,3,1,5,6,6,6,4,6,6,6,6,6,6,6,6,6,6,1,1,6,6,6,6,5,5,5,5,5,5,5,5,3,3,3,3,3,3,3,3","0.000510931015014648","louvain","edit-xhwikibooks.graphml"
"0.88","0.01","0.11","0.462284381185786","1,2,1,1,3,1,3,4,1,1,3,3,4,4,4,1,1,3,5,3,6,2,4,4,4,4,4,1,2,1,3,5,3,3,5,5,4,4,6,6,6,6,2,2,2,2,6,2,2,2,6,6,6,6,6,2,2,2,2,6,4,6,6,4,4,6,6,6,6,6,2,6,4,4,6,6,6,6,6,6,6,4,1,1,1,2,6,6,6,6,1,3,5,6,6,6,1,6,6,6,6,6,6,6,6,6,6,3,3,6,6,6,6,5,5,5,5,5,5,5,5,4,4,4,4,4,4,4,4","0.000559091567993164","louvain","edit-xhwikibooks.graphml"
"0.87","0.02","0.11","0.462402205674427","1,2,1,1,1,3,1,3,3,3,1,1,3,3,3,4,3,1,5,1,6,2,3,3,3,3,3,4,2,3,1,5,1,1,5,5,3,3,6,6,6,6,2,2,2,2,6,2,2,2,6,6,6,6,6,2,2,2,2,6,3,6,6,3,3,6,6,6,6,6,2,6,3,3,6,6,6,6,6,6,6,3,4,4,4,2,6,6,6,6,3,1,5,6,6,6,4,6,6,6,6,6,6,6,6,6,6,1,1,6,6,6,6,5,5,5,5,5,5,5,5,3,3,3,3,3,3,3,3","0.000515937805175781","louvain","edit-xhwikibooks.graphml"
"0.86","0.03","0.11","0.461376334503925","1,2,1,1,1,3,1,3,3,3,1,1,3,3,3,3,3,1,4,1,5,2,3,3,3,3,3,3,2,3,1,4,1,1,4,4,3,3,5,5,5,5,2,2,2,2,5,2,2,2,5,5,5,5,5,2,2,2,2,5,3,5,5,3,3,5,5,5,5,5,2,5,3,3,5,5,5,5,5,5,5,3,3,3,3,2,5,5,5,5,3,1,4,5,5,5,3,5,5,5,5,5,5,5,5,5,5,1,1,5,5,5,5,4,4,4,4,4,4,4,4,3,3,3,3,3,3,3,3","0.000541925430297852","louvain","edit-xhwikibooks.graphml"
"0.85","0.04","0.11","0.461279599458284","1,2,1,3,1,3,1,3,3,3,1,1,3,3,3,4,3,1,5,1,6,2,3,3,3,3,3,4,2,3,1,5,1,1,5,5,3,3,6,6,6,6,2,2,2,2,6,2,2,2,6,6,6,6,6,2,2,2,2,6,3,6,6,3,3,6,6,6,6,6,2,6,3,3,6,6,6,6,6,6,6,3,4,4,4,2,6,6,6,6,3,1,5,6,6,6,4,6,6,6,6,6,6,6,6,6,6,1,1,6,6,6,6,5,5,5,5,5,5,5,5,3,3,3,3,3,3,3,3","0.000518083572387695","louvain","edit-xhwikibooks.graphml"
"0.84","0.05","0.11","0.460734206165838","1,2,1,1,1,3,1,3,3,3,1,1,3,3,3,4,3,1,5,1,6,2,3,3,3,3,3,4,2,3,1,5,1,1,5,5,3,3,6,6,6,6,2,2,2,2,6,2,2,2,6,6,6,6,6,2,2,2,2,6,3,6,6,3,3,6,6,6,6,6,2,6,3,3,6,6,6,6,6,6,6,3,4,4,4,2,6,6,6,6,3,1,5,6,6,6,4,6,6,6,6,6,6,6,6,6,6,1,1,6,6,6,6,5,5,5,5,5,5,5,5,3,3,3,3,3,3,3,3","0.000524997711181641","louvain","edit-xhwikibooks.graphml"
"0.83","0.06","0.11","0.460605848444538","1,2,1,1,3,1,3,4,1,1,3,3,4,4,4,1,1,3,5,3,6,2,4,4,4,4,4,1,2,1,3,5,3,3,5,5,4,4,6,6,6,6,2,2,2,2,6,2,2,2,6,6,6,6,6,2,2,2,2,6,4,6,6,4,4,6,6,6,6,6,2,6,4,4,6,6,6,6,6,6,6,4,1,1,1,2,6,6,6,6,1,3,5,6,6,6,1,6,6,6,6,6,6,6,6,6,6,3,3,6,6,6,6,5,5,5,5,5,5,5,5,4,4,4,4,4,4,4,4","0.000550985336303711","louvain","edit-xhwikibooks.graphml"
"0.82","0.07","0.11","0.459904195093628","1,2,1,1,1,3,1,3,3,3,1,1,3,3,3,4,3,1,5,1,6,2,3,3,3,3,3,4,2,3,1,5,1,1,5,5,3,3,6,6,6,6,2,2,2,2,6,2,2,2,6,6,6,6,6,2,2,2,2,6,3,6,6,3,3,6,6,6,6,6,2,6,3,3,6,6,6,6,6,6,6,3,4,4,4,2,6,6,6,6,3,1,5,6,6,6,4,6,6,6,6,6,6,6,6,6,6,1,1,6,6,6,6,5,5,5,5,5,5,5,5,3,3,3,3,3,3,3,3","0.000509977340698242","louvain","edit-xhwikibooks.graphml"
"0.81","0.08","0.11","0.46204118897929","1,2,1,1,1,3,1,3,3,3,1,1,3,3,3,4,3,1,5,1,6,2,3,3,3,3,3,4,2,3,1,5,1,1,5,5,3,3,6,6,6,6,2,2,2,2,6,2,2,2,6,6,6,6,6,2,2,2,2,6,3,6,6,3,3,6,6,6,6,6,2,6,3,3,6,6,6,6,6,6,6,3,4,4,4,2,6,6,6,6,3,1,5,6,6,6,4,6,6,6,6,6,6,6,6,6,6,1,1,6,6,6,6,5,5,5,5,5,5,5,5,3,3,3,3,3,3,3,3","0.000561952590942383","louvain","edit-xhwikibooks.graphml"
"0.8","0.09","0.11","0.460931973845384","1,2,1,3,1,3,1,3,3,3,1,1,3,3,3,4,3,1,5,1,6,2,3,3,3,3,3,4,2,3,1,5,1,1,5,5,3,3,6,6,6,6,2,2,2,2,6,2,2,2,6,6,6,6,6,2,2,2,2,6,3,6,6,3,3,6,6,6,6,6,2,6,3,3,6,6,6,6,6,6,6,3,4,4,4,2,6,6,6,6,3,1,5,6,6,6,4,6,6,6,6,6,6,6,6,6,6,1,1,6,6,6,6,5,5,5,5,5,5,5,5,3,3,3,3,3,3,3,3","0.000491857528686523","louvain","edit-xhwikibooks.graphml"
"0.79","0.1","0.11","0.461049865143856","1,2,1,1,1,3,1,3,3,3,1,1,3,3,3,3,3,1,4,1,5,2,3,3,3,3,3,3,2,3,1,4,1,1,4,4,3,3,5,5,5,5,2,2,2,2,5,2,2,2,5,5,5,5,5,2,2,2,2,5,3,5,5,3,3,5,5,5,5,5,2,5,3,3,5,5,5,5,5,5,5,3,3,3,3,2,5,5,5,5,3,1,4,5,5,5,3,5,5,5,5,5,5,5,5,5,5,1,1,5,5,5,5,4,4,4,4,4,4,4,4,3,3,3,3,3,3,3,3","0.000715970993041992","louvain","edit-xhwikibooks.graphml"
"0.78","0.11","0.11","0.45430686601829","1,2,1,1,3,1,3,4,1,1,3,3,4,4,4,1,1,3,3,3,5,2,4,4,4,4,4,1,2,1,3,3,3,3,6,6,4,4,5,5,5,5,2,2,2,2,5,2,2,2,5,5,5,5,5,2,2,2,2,5,4,5,5,4,4,5,5,5,5,5,2,5,4,4,5,5,5,5,5,5,5,4,1,1,1,2,5,5,5,5,1,3,3,5,5,5,1,5,5,5,5,5,5,5,5,5,5,3,3,5,5,5,5,6,6,6,6,6,6,6,6,4,4,4,4,4,4,4,4","0.000514984130859375","louvain","edit-xhwikibooks.graphml"
"0.77","0.12","0.11","0.447185172966349","1,2,1,1,3,1,3,4,1,1,3,3,4,4,4,1,1,3,3,3,5,2,4,4,4,4,4,1,2,1,3,3,3,3,6,6,4,4,5,5,5,5,2,2,2,2,5,2,2,2,5,5,5,5,5,2,2,2,2,5,7,5,5,4,4,5,5,5,5,5,2,5,4,4,5,5,5,5,5,5,5,4,1,1,1,8,5,5,5,5,9,10,11,5,5,5,1,5,5,5,5,5,5,5,5,5,5,3,3,5,5,5,5,6,6,6,6,6,6,6,6,4,4,4,4,4,4,4,4","0.000503063201904297","louvain","edit-xhwikibooks.graphml"
"0.76","0.13","0.11","0.446848489467605","1,2,1,1,1,3,1,3,3,3,1,1,3,3,3,3,3,1,1,1,4,2,3,3,3,3,3,3,2,3,1,1,1,1,5,5,3,3,4,4,4,4,2,2,2,2,4,2,2,2,4,4,4,4,4,2,2,2,2,4,6,4,4,3,3,4,4,4,4,4,2,4,3,3,4,4,4,4,4,4,4,3,3,3,3,7,4,4,4,4,8,9,10,4,4,4,3,4,4,4,4,4,4,4,4,4,4,1,1,4,4,4,4,5,5,5,5,5,5,5,5,3,3,3,3,3,3,3,3","0.000523805618286133","louvain","edit-xhwikibooks.graphml"
"0.75","0.14","0.11","0.446848489467605","1,2,1,1,1,3,1,3,3,3,1,1,3,3,3,3,3,1,1,1,4,2,3,3,3,3,3,3,2,3,1,1,1,1,5,5,3,3,4,4,4,4,2,2,2,2,4,2,2,2,4,4,4,4,4,2,2,2,2,4,6,4,4,3,3,4,4,4,4,4,2,4,3,3,4,4,4,4,4,4,4,3,3,3,3,7,4,4,4,4,8,9,10,4,4,4,3,4,4,4,4,4,4,4,4,4,4,1,1,4,4,4,4,5,5,5,5,5,5,5,5,3,3,3,3,3,3,3,3","0.000533103942871094","louvain","edit-xhwikibooks.graphml"
"0.74","0.15","0.11","0.450403337647929","1,2,1,1,1,3,1,3,3,3,1,1,3,3,3,4,3,1,1,1,5,2,3,3,3,3,3,4,2,3,1,1,1,1,6,6,3,3,5,5,5,5,2,2,2,2,5,2,2,2,5,5,5,5,5,2,2,2,2,5,7,5,5,3,3,5,5,5,5,5,2,5,3,3,5,5,5,5,5,5,5,3,4,4,4,8,5,5,5,5,9,10,11,5,5,5,4,5,5,5,5,5,5,5,5,5,5,1,1,5,5,5,5,6,6,6,6,6,6,6,6,3,3,3,3,3,3,3,3","0.000517845153808594","louvain","edit-xhwikibooks.graphml"
"0.73","0.16","0.11","0.452581819436537","1,2,1,1,1,3,1,3,3,3,1,1,3,3,3,4,3,1,1,1,5,2,3,3,3,3,3,4,2,3,1,1,1,1,6,6,3,3,5,5,5,5,2,2,2,2,5,2,2,2,5,5,5,5,5,2,2,2,2,5,7,5,5,3,3,5,5,5,5,5,2,5,3,3,5,5,5,5,5,5,5,3,4,4,4,8,5,5,5,5,9,10,11,5,5,5,4,5,5,5,5,5,5,5,5,5,5,1,1,5,5,5,5,6,6,6,6,6,6,6,6,3,3,3,3,3,3,3,3","0.000550985336303711","louvain","edit-xhwikibooks.graphml"
"0.72","0.17","0.11","0.453517580783887","1,2,1,1,3,1,3,4,1,1,3,3,4,4,4,1,1,3,3,3,5,2,4,4,4,4,4,1,2,1,3,3,3,3,6,6,4,4,5,5,5,5,2,2,2,2,5,2,2,2,5,5,5,5,5,2,2,2,2,5,7,5,5,4,4,5,5,5,5,5,2,5,4,4,5,5,5,5,5,5,5,4,1,1,1,8,5,5,5,5,9,10,11,5,5,5,1,5,5,5,5,5,5,5,5,5,5,3,3,5,5,5,5,6,6,6,6,6,6,6,6,4,4,4,4,4,4,4,4","0.000525951385498047","louvain","edit-xhwikibooks.graphml"
"0.71","0.18","0.11","0.496361062655495","1,2,1,1,3,1,3,4,1,1,3,3,4,4,4,1,1,3,3,3,5,2,4,4,4,4,4,1,2,1,3,3,3,3,6,6,4,4,5,5,5,5,2,2,2,2,5,2,2,2,5,5,5,5,5,2,2,2,2,5,7,5,5,4,4,5,5,5,5,5,2,5,4,4,5,5,5,5,5,5,5,4,1,1,1,8,5,5,5,5,9,10,11,5,5,5,1,5,5,5,5,5,5,5,5,5,5,3,3,5,5,5,5,6,6,6,6,6,6,6,6,4,4,4,4,4,4,4,4","0.000535964965820312","louvain","edit-xhwikibooks.graphml"
"0.7","0.19","0.11","0.495409777777778","1,2,1,1,3,1,3,4,1,1,3,3,4,4,4,1,1,3,3,3,5,2,4,4,4,4,4,1,2,1,3,3,3,3,6,6,4,4,5,5,5,5,2,2,2,2,5,2,2,2,5,5,5,5,5,2,2,2,2,5,7,5,5,4,4,5,5,5,5,5,2,5,4,4,5,5,5,5,5,5,5,4,1,1,1,8,5,5,5,5,9,10,11,5,5,5,1,5,5,5,5,5,5,5,5,5,5,3,3,5,5,5,5,6,6,6,6,6,6,6,6,4,4,4,4,4,4,4,4","0.000497102737426758","louvain","edit-xhwikibooks.graphml"
"0.69","0.2","0.11","0.49984169310978","1,2,1,1,3,1,3,4,1,1,3,3,4,4,4,1,1,3,3,3,5,2,4,4,4,4,4,1,2,1,3,3,3,3,6,6,4,4,5,5,5,5,2,2,2,2,5,2,2,2,5,5,5,5,5,2,2,2,2,5,7,5,5,4,4,5,5,5,5,5,2,5,4,4,5,5,5,5,5,5,5,4,1,1,1,8,5,5,5,5,9,10,11,5,5,5,1,5,5,5,5,5,5,5,5,5,5,3,3,5,5,5,5,6,6,6,6,6,6,6,6,4,4,4,4,4,4,4,4","0.000488996505737305","louvain","edit-xhwikibooks.graphml"
"0.68","0.21","0.11","0.498894207888917","1,2,1,1,3,1,3,4,1,1,3,3,4,4,4,1,1,3,3,3,5,2,4,4,4,4,4,1,2,1,3,3,3,3,6,6,4,4,5,5,5,5,2,2,2,2,5,2,2,2,5,5,5,5,5,2,2,2,2,5,7,5,5,4,4,5,5,5,5,5,2,5,4,4,5,5,5,5,5,5,5,4,1,1,1,8,5,5,5,5,9,10,11,5,5,5,1,5,5,5,5,5,5,5,5,5,5,3,3,5,5,5,5,6,6,6,6,6,6,6,6,4,4,4,4,4,4,4,4","0.000494956970214844","louvain","edit-xhwikibooks.graphml"
"0.67","0.22","0.11","0.496738878061479","1,2,1,1,1,3,1,4,3,3,1,1,4,4,4,3,3,1,1,1,5,2,4,4,4,4,4,3,2,3,1,1,1,1,6,6,4,4,5,5,5,5,2,2,2,2,5,2,2,2,5,5,5,5,5,2,2,2,2,5,7,5,5,4,4,5,5,5,5,5,2,5,4,4,5,5,5,5,5,5,5,4,3,3,3,8,5,5,5,5,9,10,11,5,5,5,3,5,5,5,5,5,5,5,5,5,5,1,1,5,5,5,5,6,6,6,6,6,6,6,6,4,4,4,4,4,4,4,4","0.000494956970214844","louvain","edit-xhwikibooks.graphml"
"0.66","0.23","0.11","0.482114682249818","1,2,1,1,1,3,1,3,3,3,1,1,3,3,3,3,4,1,1,1,5,2,3,3,3,3,3,3,2,6,7,1,1,1,8,8,3,3,5,5,5,5,2,2,2,2,5,2,2,2,5,5,5,5,5,2,2,2,2,5,9,5,5,10,11,5,5,5,5,5,2,5,3,3,5,5,5,5,5,5,5,12,3,3,3,13,5,5,5,5,14,15,16,5,5,5,17,5,5,5,5,5,5,5,5,5,5,18,19,5,5,5,5,8,8,8,8,8,8,8,8,3,3,3,3,3,3,3,3","0.000502824783325195","louvain","edit-xhwikibooks.graphml"
"0.65","0.24","0.11","0.483827493261456","1,2,1,1,1,1,1,3,1,1,1,1,3,3,3,1,4,1,1,1,5,2,3,3,3,3,3,1,2,6,7,1,1,1,8,8,3,3,5,5,5,5,2,2,2,2,5,2,2,2,5,5,5,5,5,2,2,2,2,5,9,5,5,10,11,5,5,5,5,5,2,5,3,3,5,5,5,5,5,5,5,12,1,1,1,13,5,5,5,5,14,15,16,5,5,5,17,5,5,5,5,5,5,5,5,5,5,18,19,5,5,5,5,8,8,8,8,8,8,8,8,3,3,3,3,3,3,3,3","0.00051116943359375","louvain","edit-xhwikibooks.graphml"
"0.64","0.25","0.11","0.489848888888889","1,2,1,1,1,3,1,3,3,3,1,1,3,3,3,4,5,1,1,1,6,2,3,3,3,3,3,4,2,7,8,1,1,1,9,9,3,3,6,6,6,6,2,2,2,2,6,2,2,2,6,6,6,6,6,2,2,2,2,6,10,6,6,11,12,6,6,6,6,6,2,6,3,3,6,6,6,6,6,6,6,13,4,4,4,14,6,6,6,6,15,16,17,6,6,6,18,6,6,6,6,6,6,6,6,6,6,19,20,6,6,6,6,9,9,9,9,9,9,9,9,3,3,3,3,3,3,3,3","0.000471830368041992","louvain","edit-xhwikibooks.graphml"
"0.63","0.26","0.11","0.489848888888889","1,2,1,1,1,3,1,3,3,3,1,1,3,3,3,4,5,1,1,1,6,2,3,3,3,3,3,4,2,7,8,1,1,1,9,9,3,3,6,6,6,6,2,2,2,2,6,2,2,2,6,6,6,6,6,2,2,2,2,6,10,6,6,11,12,6,6,6,6,6,2,6,3,3,6,6,6,6,6,6,6,13,4,4,4,14,6,6,6,6,15,16,17,6,6,6,18,6,6,6,6,6,6,6,6,6,6,19,20,6,6,6,6,9,9,9,9,9,9,9,9,3,3,3,3,3,3,3,3","0.000497102737426758","louvain","edit-xhwikibooks.graphml"
"0.62","0.27","0.11","0.489848888888889","1,2,1,1,1,3,1,3,3,3,1,1,3,3,3,4,5,1,1,1,6,2,3,3,3,3,3,4,2,7,8,1,1,1,9,9,3,3,6,6,6,6,2,2,2,2,6,2,2,2,6,6,6,6,6,2,2,2,2,6,10,6,6,11,12,6,6,6,6,6,2,6,3,3,6,6,6,6,6,6,6,13,4,4,4,14,6,6,6,6,15,16,17,6,6,6,18,6,6,6,6,6,6,6,6,6,6,19,20,6,6,6,6,9,9,9,9,9,9,9,9,3,3,3,3,3,3,3,3","0.000491142272949219","louvain","edit-xhwikibooks.graphml"
"0.61","0.28","0.11","0.491314228623293","1,2,1,1,1,3,1,3,3,3,1,1,3,3,3,4,5,1,1,1,6,2,3,3,3,3,3,4,2,7,8,1,1,1,9,9,3,3,6,6,6,6,2,2,2,2,6,2,2,2,6,6,6,6,6,2,2,2,2,6,10,6,6,11,12,6,6,6,6,6,2,6,3,3,6,6,6,6,6,6,6,13,4,4,4,14,6,6,6,6,15,16,17,6,6,6,18,6,6,6,6,6,6,6,6,6,6,19,20,6,6,6,6,9,9,9,9,9,9,9,9,3,3,3,3,3,3,3,3","0.000470876693725586","louvain","edit-xhwikibooks.graphml"
"0.6","0.29","0.11","0.496451667086588","1,2,1,1,1,3,1,3,3,3,1,1,3,3,3,4,5,1,1,1,6,2,3,3,3,3,3,4,2,7,8,1,1,1,9,9,3,3,6,6,6,6,2,2,2,2,6,2,2,2,6,6,6,6,6,2,2,2,2,6,10,6,6,11,12,6,6,6,6,6,2,6,3,3,6,6,6,6,6,6,6,13,4,4,4,14,6,6,6,6,15,16,17,6,6,6,18,6,6,6,6,6,6,6,6,6,6,19,20,6,6,6,6,9,9,9,9,9,9,9,9,3,3,3,3,3,3,3,3","0.000593900680541992","louvain","edit-xhwikibooks.graphml"
"0.59","0.3","0.11","0.497534626038781","1,2,1,3,1,3,1,3,3,3,1,1,3,3,3,4,5,1,1,1,6,2,3,3,3,3,3,4,2,7,8,1,1,1,9,9,3,3,6,6,6,6,2,2,2,2,6,2,2,2,6,6,6,6,6,2,2,2,2,6,10,6,6,11,12,6,6,6,6,6,2,6,3,3,6,6,6,6,6,6,6,13,4,4,4,14,6,6,6,6,15,16,17,6,6,6,18,6,6,6,6,6,6,6,6,6,6,19,20,6,6,6,6,9,9,9,9,9,9,9,9,3,3,3,3,3,3,3,3","0.000637054443359375","louvain","edit-xhwikibooks.graphml"
"0.58","0.31","0.11","0.499590110291332","1,2,1,3,1,3,1,3,3,3,1,1,3,3,3,4,5,1,1,1,6,2,3,3,3,3,3,4,2,7,8,1,1,1,9,9,3,3,6,6,6,6,2,2,2,2,6,2,2,2,6,6,6,6,6,2,2,2,2,6,10,6,6,11,12,6,6,6,6,6,2,6,3,3,6,6,6,6,6,6,6,13,4,4,4,14,6,6,6,6,15,16,17,6,6,6,18,6,6,6,6,6,6,6,6,6,6,19,20,6,6,6,6,9,9,9,9,9,9,9,9,3,3,3,3,3,3,3,3","0.00046992301940918","louvain","edit-xhwikibooks.graphml"
"0.57","0.32","0.11","0.498656835064828","1,2,1,3,1,3,1,3,3,3,1,1,3,3,3,4,5,1,1,1,6,2,3,3,3,3,3,4,2,7,8,1,1,1,9,9,3,3,6,6,6,6,2,2,2,2,6,2,2,2,6,6,6,6,6,2,2,2,2,6,10,6,6,11,12,6,6,6,6,6,2,6,3,3,6,6,6,6,6,6,6,13,4,4,4,14,6,6,6,6,15,16,17,6,6,6,18,6,6,6,6,6,6,6,6,6,6,19,20,6,6,6,6,9,9,9,9,9,9,9,9,3,3,3,3,3,3,3,3","0.000459909439086914","louvain","edit-xhwikibooks.graphml"
"0.56","0.33","0.11","0.458078151917371","1,2,1,3,1,3,1,3,3,3,1,1,3,3,3,4,5,1,1,1,6,2,3,3,3,3,3,4,2,7,8,1,1,1,9,9,3,3,6,6,6,6,2,2,2,2,6,2,2,2,6,6,6,6,6,2,2,2,2,6,10,6,6,11,12,6,6,6,6,6,2,6,3,3,6,6,6,6,6,6,6,13,4,4,4,14,6,6,6,6,15,16,17,6,6,6,18,6,6,6,6,6,6,6,6,6,6,19,20,6,6,6,6,9,9,9,9,9,9,9,9,3,3,3,3,3,3,3,3","0.000468015670776367","louvain","edit-xhwikibooks.graphml"
"0.55","0.34","0.11","0.461142223161454","1,1,1,2,3,2,4,2,2,2,4,5,2,2,2,2,6,7,4,8,9,1,10,2,2,2,2,2,1,11,12,13,8,14,4,4,2,2,9,9,9,9,1,1,1,1,9,1,1,1,9,9,9,9,9,1,1,1,1,9,15,9,9,16,17,9,9,9,9,9,1,9,18,19,9,9,9,9,9,9,9,20,21,22,23,24,9,9,9,9,25,26,27,9,9,9,28,9,9,9,9,9,9,9,9,9,9,29,30,9,9,9,9,4,4,4,4,4,4,4,4,2,2,2,2,2,2,2,2","0.00046992301940918","louvain","edit-xhwikibooks.graphml"
"0.54","0.35","0.11","0.461142223161454","1,1,1,2,3,2,4,2,2,2,4,5,2,2,2,2,6,7,4,8,9,1,10,2,2,2,2,2,1,11,12,13,8,14,4,4,2,2,9,9,9,9,1,1,1,1,9,1,1,1,9,9,9,9,9,1,1,1,1,9,15,9,9,16,17,9,9,9,9,9,1,9,18,19,9,9,9,9,9,9,9,20,21,22,23,24,9,9,9,9,25,26,27,9,9,9,28,9,9,9,9,9,9,9,9,9,9,29,30,9,9,9,9,4,4,4,4,4,4,4,4,2,2,2,2,2,2,2,2","0.000479936599731445","louvain","edit-xhwikibooks.graphml"
"0.53","0.36","0.11","0.460210170763746","1,1,1,2,3,2,4,2,2,2,4,5,2,2,2,2,6,7,4,8,9,1,10,2,2,2,2,2,1,11,12,13,8,14,4,4,2,2,9,9,9,9,1,1,1,1,9,1,1,1,9,9,9,9,9,1,1,1,1,9,15,9,9,16,17,9,9,9,9,9,1,9,18,19,9,9,9,9,9,9,9,20,21,22,23,24,9,9,9,9,25,26,27,9,9,9,28,9,9,9,9,9,9,9,9,9,9,29,30,9,9,9,9,4,4,4,4,4,4,4,4,2,2,2,2,2,2,2,2","0.000478982925415039","louvain","edit-xhwikibooks.graphml"
"0.52","0.37","0.11","0.460210170763746","1,1,1,2,3,2,4,2,2,2,4,5,2,2,2,2,6,7,4,8,9,1,10,2,2,2,2,2,1,11,12,13,8,14,4,4,2,2,9,9,9,9,1,1,1,1,9,1,1,1,9,9,9,9,9,1,1,1,1,9,15,9,9,16,17,9,9,9,9,9,1,9,18,19,9,9,9,9,9,9,9,20,21,22,23,24,9,9,9,9,25,26,27,9,9,9,28,9,9,9,9,9,9,9,9,9,9,29,30,9,9,9,9,4,4,4,4,4,4,4,4,2,2,2,2,2,2,2,2","0.000480175018310547","louvain","edit-xhwikibooks.graphml"
"0.51","0.38","0.11","0.462164690509247","1,1,1,2,3,2,4,2,2,2,4,5,2,2,2,2,6,7,4,8,9,1,10,2,2,2,2,2,1,11,12,13,8,14,4,4,15,2,9,9,9,9,1,1,1,1,9,1,1,1,9,9,9,9,9,1,1,1,1,9,16,9,9,17,18,9,9,9,9,9,1,9,19,20,9,9,9,9,9,9,9,21,22,23,24,25,9,9,9,9,26,27,28,9,9,9,29,9,9,9,9,9,9,9,9,9,9,30,31,9,9,9,9,4,4,4,4,4,4,4,4,15,15,15,15,15,15,15,15","0.000486850738525391","louvain","edit-xhwikibooks.graphml"
"0.5","0.39","0.11","0.464153325850662","1,1,1,2,3,2,4,2,2,2,4,5,2,2,2,2,6,7,4,8,9,1,10,2,2,2,2,2,1,11,12,13,8,14,4,4,2,2,9,9,9,9,1,1,1,1,9,1,1,1,9,9,9,9,9,1,1,1,1,9,15,9,9,16,17,9,9,9,9,9,1,9,18,19,9,9,9,9,9,9,9,20,21,22,23,24,9,9,9,9,25,26,27,9,9,9,28,9,9,9,9,9,9,9,9,9,9,29,30,9,9,9,9,4,4,4,4,4,4,4,4,2,2,2,2,2,2,2,2","0.00049591064453125","louvain","edit-xhwikibooks.graphml"
"0.49","0.4","0.11","0.467546007366991","1,1,1,2,3,2,4,2,2,2,4,5,2,2,2,2,6,7,4,8,9,1,10,2,2,2,2,2,1,11,12,13,8,14,4,4,2,2,9,9,9,9,1,1,1,1,9,1,1,1,9,9,9,9,9,1,1,1,1,9,15,9,9,16,17,9,9,9,9,9,1,9,18,19,9,9,9,9,9,9,9,20,21,22,23,24,9,9,9,9,25,26,27,9,9,9,28,9,9,9,9,9,9,9,9,9,9,29,30,9,9,9,9,4,4,4,4,4,4,4,4,2,2,2,2,2,2,2,2","0.00053095817565918","louvain","edit-xhwikibooks.graphml"
"0.48","0.41","0.11","0.467546007366991","1,1,1,2,3,2,4,2,2,2,4,5,2,2,2,2,6,7,4,8,9,1,10,2,2,2,2,2,1,11,12,13,8,14,4,4,2,2,9,9,9,9,1,1,1,1,9,1,1,1,9,9,9,9,9,1,1,1,1,9,15,9,9,16,17,9,9,9,9,9,1,9,18,19,9,9,9,9,9,9,9,20,21,22,23,24,9,9,9,9,25,26,27,9,9,9,28,9,9,9,9,9,9,9,9,9,9,29,30,9,9,9,9,4,4,4,4,4,4,4,4,2,2,2,2,2,2,2,2","0.000522851943969727","louvain","edit-xhwikibooks.graphml"
"0.47","0.42","0.11","0.467319198751301","1,1,1,2,3,2,4,2,2,2,4,5,2,2,2,2,6,7,4,8,9,1,10,2,2,2,2,2,1,11,12,13,8,14,4,4,15,2,9,9,9,9,1,1,1,1,9,1,1,1,9,9,9,9,9,1,1,1,1,9,16,9,9,17,18,9,9,9,9,9,1,9,19,20,9,9,9,9,9,9,9,21,22,23,24,25,9,9,9,9,26,27,28,9,9,9,29,9,9,9,9,9,9,9,9,9,9,30,31,9,9,9,9,4,4,4,4,4,4,4,4,15,15,15,15,15,15,15,15","0.000509023666381836","louvain","edit-xhwikibooks.graphml"
"0.46","0.43","0.11","0.471120849895622","1,1,1,2,3,2,4,5,2,2,4,6,5,5,5,2,7,8,4,9,10,1,11,5,5,5,5,2,1,12,13,14,9,15,4,4,5,5,10,10,10,10,1,1,1,1,10,1,1,1,10,10,10,10,10,1,1,1,1,10,16,10,10,17,18,10,10,10,10,10,1,10,19,20,10,10,10,10,10,10,10,21,22,23,24,25,10,10,10,10,26,27,28,10,10,10,29,10,10,10,10,10,10,10,10,10,10,30,31,10,10,10,10,4,4,4,4,4,4,4,4,5,5,5,5,5,5,5,5","0.000477075576782227","louvain","edit-xhwikibooks.graphml"
"0.45","0.44","0.11","0.470929777777778","1,1,1,2,3,2,4,2,2,2,4,5,2,2,2,2,6,7,4,8,9,1,10,2,2,2,2,2,1,11,12,13,8,14,4,4,15,2,9,9,9,9,1,1,1,1,9,1,1,1,9,9,9,9,9,1,1,1,1,9,16,9,9,17,18,9,9,9,9,9,1,9,19,20,9,9,9,9,9,9,9,21,22,23,24,25,9,9,9,9,26,27,28,9,9,9,29,9,9,9,9,9,9,9,9,9,9,30,31,9,9,9,9,4,4,4,4,4,4,4,4,15,15,15,15,15,15,15,15","0.000488996505737305","louvain","edit-xhwikibooks.graphml"
"0.44","0.45","0.11","0.468325516886385","1,1,1,2,3,2,4,5,2,2,6,7,5,5,5,2,8,9,10,11,12,1,13,5,5,5,5,2,1,14,15,16,17,18,10,10,5,5,12,12,12,12,1,1,1,1,12,1,1,1,12,12,12,12,12,1,1,1,1,12,19,12,12,20,21,12,12,12,12,12,1,12,22,23,12,12,12,12,12,12,12,24,25,26,27,28,12,12,12,12,29,30,31,12,12,12,32,12,12,12,12,12,12,12,12,12,12,33,34,12,12,12,12,10,10,10,10,10,10,10,10,5,5,5,5,5,5,5,5","0.000504016876220703","louvain","edit-xhwikibooks.graphml"
"0.43","0.46","0.11","0.468504888888889","1,1,1,2,3,2,4,2,2,2,5,6,2,2,2,2,7,8,9,10,11,1,12,2,2,2,2,2,1,13,14,15,16,17,9,9,18,2,11,11,11,11,1,1,1,1,11,1,1,1,11,11,11,11,11,1,1,1,1,11,19,11,11,20,21,11,11,11,11,11,1,11,22,23,11,11,11,11,11,11,11,24,25,26,27,28,11,11,11,11,29,30,31,11,11,11,32,11,11,11,11,11,11,11,11,11,11,33,34,11,11,11,11,9,9,9,9,9,9,9,9,18,18,18,18,18,18,18,18","0.000490903854370117","louvain","edit-xhwikibooks.graphml"
"0.42","0.47","0.11","0.470818950882752","1,1,1,2,3,2,4,2,2,2,5,6,2,2,2,2,7,8,9,10,11,1,12,2,2,2,2,2,1,13,14,15,16,17,9,9,18,2,11,11,11,11,1,1,1,1,11,1,1,1,11,11,11,11,11,1,1,1,1,11,19,11,11,20,21,11,11,11,11,11,1,11,22,23,11,11,11,11,11,11,11,24,25,26,27,28,11,11,11,11,29,30,31,11,11,11,32,11,11,11,11,11,11,11,11,11,11,33,34,11,11,11,11,9,9,9,9,9,9,9,9,18,18,18,18,18,18,18,18","0.000505924224853516","louvain","edit-xhwikibooks.graphml"
"0.41","0.48","0.11","0.468788917110512","1,1,1,2,3,2,4,5,2,2,6,7,5,5,5,2,8,9,10,11,12,1,13,5,5,5,5,2,1,14,15,16,17,18,10,10,5,5,12,12,12,12,1,1,1,1,12,1,1,1,12,12,12,12,12,1,1,1,1,12,19,12,12,20,21,12,12,12,12,12,1,12,22,23,12,12,12,12,12,12,12,24,25,26,27,28,12,12,12,12,29,30,31,12,12,12,32,12,12,12,12,12,12,12,12,12,12,33,34,12,12,12,12,10,10,10,10,10,10,10,10,5,5,5,5,5,5,5,5","0.000490903854370117","louvain","edit-xhwikibooks.graphml"
"0.4","0.49","0.11","0.469886511549367","1,1,1,2,3,2,4,2,2,2,5,6,2,2,2,2,7,8,9,10,11,1,12,2,2,2,2,2,1,13,14,15,16,17,9,9,18,2,11,11,11,11,1,1,1,1,11,1,1,1,11,11,11,11,11,1,1,1,1,11,19,11,11,20,21,11,11,11,11,11,1,11,22,23,11,11,11,11,11,11,11,24,25,26,27,28,11,11,11,11,29,30,31,11,11,11,32,11,11,11,11,11,11,11,11,11,11,33,34,11,11,11,11,9,9,9,9,9,9,9,9,18,18,18,18,18,18,18,18","0.000957965850830078","louvain","edit-xhwikibooks.graphml"
"0.39","0.5","0.11","0.552916039621751","1,1,1,2,3,2,4,5,2,2,6,7,5,5,5,2,8,9,10,11,12,1,13,5,5,5,5,2,1,14,15,16,17,18,10,10,19,5,12,12,12,12,1,1,1,1,12,1,1,1,12,12,12,12,12,1,1,1,1,12,20,12,12,21,22,12,12,12,12,12,1,12,23,24,12,12,12,12,12,12,12,25,26,27,28,29,12,12,12,12,30,31,32,12,12,12,33,12,12,12,12,12,12,12,12,12,12,34,35,12,12,12,12,10,10,10,10,10,10,10,10,19,19,19,19,19,19,19,19","0.000829219818115234","louvain","edit-xhwikibooks.graphml"
"0.38","0.51","0.11","0.552837425035376","1,1,1,2,3,2,4,5,2,2,6,7,5,5,5,2,8,9,10,11,12,1,13,5,5,5,5,2,1,14,15,16,17,18,10,10,5,5,12,12,12,12,1,1,1,1,12,1,1,1,12,12,12,12,12,1,1,1,1,12,19,12,12,20,21,12,12,12,12,12,1,12,22,23,12,12,12,12,12,12,12,24,25,26,27,28,12,12,12,12,29,30,31,12,12,12,32,12,12,12,12,12,12,12,12,12,12,33,34,12,12,12,12,10,10,10,10,10,10,10,10,5,5,5,5,5,5,5,5","0.000895023345947266","louvain","edit-xhwikibooks.graphml"
"0.37","0.52","0.11","0.552916039621751","1,1,1,2,3,2,4,5,2,2,6,7,5,5,5,2,8,9,10,11,12,1,13,5,5,5,5,2,1,14,15,16,17,18,10,10,19,5,12,12,12,12,1,1,1,1,12,1,1,1,12,12,12,12,12,1,1,1,1,12,20,12,12,21,22,12,12,12,12,12,1,12,23,24,12,12,12,12,12,12,12,25,26,27,28,29,12,12,12,12,30,31,32,12,12,12,33,12,12,12,12,12,12,12,12,12,12,34,35,12,12,12,12,10,10,10,10,10,10,10,10,19,19,19,19,19,19,19,19","0.000651121139526367","louvain","edit-xhwikibooks.graphml"
"0.36","0.53","0.11","0.552015045073744","1,1,1,2,3,2,4,5,2,2,6,7,5,5,5,2,8,9,10,11,12,1,13,5,5,5,5,2,1,14,15,16,17,18,10,10,19,5,12,12,12,12,1,1,1,1,12,1,1,1,12,12,12,12,12,1,1,1,1,12,20,12,12,21,22,12,12,12,12,12,1,12,23,24,12,12,12,12,12,12,12,25,26,27,28,29,12,12,12,12,30,31,32,12,12,12,33,12,12,12,12,12,12,12,12,12,12,34,35,12,12,12,12,10,10,10,10,10,10,10,10,19,19,19,19,19,19,19,19","0.000637054443359375","louvain","edit-xhwikibooks.graphml"
"0.35","0.54","0.11","0.553691816482734","1,1,1,2,3,2,4,5,2,2,6,7,5,5,5,2,8,9,10,11,12,1,13,5,5,5,5,2,1,14,15,16,17,18,10,10,19,5,12,12,12,12,1,1,1,1,12,1,1,1,12,12,12,12,12,1,1,1,1,12,20,12,12,21,22,12,12,12,12,12,1,12,23,24,12,12,12,12,12,12,12,25,26,27,28,29,12,12,12,12,30,31,32,12,12,12,33,12,12,12,12,12,12,12,12,12,12,34,35,12,12,12,12,10,10,10,10,10,10,10,10,19,19,19,19,19,19,19,19","0.000669956207275391","louvain","edit-xhwikibooks.graphml"
"0.34","0.55","0.11","0.544292713078913","1,1,1,2,3,2,4,5,2,2,6,7,5,5,5,2,8,9,10,11,12,1,13,5,5,5,5,2,1,14,15,16,17,18,10,10,19,5,12,12,12,12,1,1,1,1,12,1,1,1,12,12,12,12,12,1,1,1,1,12,20,12,12,21,22,12,12,12,12,12,1,12,23,24,12,12,12,12,12,12,12,25,26,27,28,29,12,12,12,12,30,31,32,12,12,12,33,12,12,12,12,12,12,12,12,12,12,34,35,12,12,12,12,10,10,10,10,10,10,10,10,19,19,19,19,19,19,19,19","0.000647068023681641","louvain","edit-xhwikibooks.graphml"
"0.33","0.56","0.11","0.539639198114308","1,1,1,2,3,4,5,4,4,6,7,8,4,4,4,4,9,10,11,12,13,1,14,4,4,4,4,15,16,17,18,19,20,21,11,11,22,4,13,13,13,13,1,1,1,1,13,1,1,1,13,13,13,13,13,1,1,1,1,13,23,13,13,24,25,13,13,13,13,13,1,13,26,27,13,13,13,13,13,13,13,28,29,30,31,32,13,13,13,13,33,34,35,13,13,13,36,13,13,13,13,13,13,13,13,13,13,37,38,13,13,13,13,11,11,11,11,11,11,11,11,22,22,22,22,22,22,22,22","0.000667810440063477","louvain","edit-xhwikibooks.graphml"
"0.32","0.57","0.11","0.538719698069386","1,1,1,2,3,4,5,4,4,6,7,8,4,4,4,4,9,10,11,12,13,1,14,4,4,4,4,15,16,17,18,19,20,21,11,11,22,4,13,13,13,13,1,1,1,1,13,1,1,1,13,13,13,13,13,1,1,1,1,13,23,13,13,24,25,13,13,13,13,13,1,13,26,27,13,13,13,13,13,13,13,28,29,30,31,32,13,13,13,13,33,34,35,13,13,13,36,13,13,13,13,13,13,13,13,13,13,37,38,13,13,13,13,11,11,11,11,11,11,11,11,22,22,22,22,22,22,22,22","0.000688076019287109","louvain","edit-xhwikibooks.graphml"
"0.31","0.58","0.11","0.543800508230122","1,1,1,2,3,4,5,4,4,6,7,8,4,4,4,4,9,10,11,12,13,1,14,4,4,4,4,15,16,17,18,19,20,21,11,11,22,4,13,13,13,13,1,1,1,1,13,1,1,1,13,13,13,13,13,1,1,1,1,13,23,13,13,24,25,13,13,13,13,13,1,13,26,27,13,13,13,13,13,13,13,28,29,30,31,32,13,13,13,13,33,34,35,13,13,13,36,13,13,13,13,13,13,13,13,13,13,37,38,13,13,13,13,11,11,11,11,11,11,11,11,22,22,22,22,22,22,22,22","0.000483036041259766","louvain","edit-xhwikibooks.graphml"
"0.3","0.59","0.11","0.542888226884103","1,1,1,2,3,4,5,4,4,6,7,8,4,4,4,4,9,10,11,12,13,1,14,4,4,4,4,15,16,17,18,19,20,21,11,11,22,4,13,13,13,13,1,1,1,1,13,1,1,1,13,13,13,13,13,1,1,1,1,13,23,13,13,24,25,13,13,13,13,13,1,13,26,27,13,13,13,13,13,13,13,28,29,30,31,32,13,13,13,13,33,34,35,13,13,13,36,13,13,13,13,13,13,13,13,13,13,37,38,13,13,13,13,11,11,11,11,11,11,11,11,22,22,22,22,22,22,22,22","0.000515937805175781","louvain","edit-xhwikibooks.graphml"
"0.29","0.6","0.11","0.546228017219492","1,1,1,2,3,4,5,4,4,6,7,8,4,4,4,4,9,10,11,12,13,1,14,4,4,4,4,15,16,17,18,19,20,21,11,11,22,4,13,13,13,13,1,1,1,1,13,1,1,1,13,13,13,13,13,1,1,1,1,13,23,13,13,24,25,13,13,13,13,13,1,13,26,27,13,13,13,13,13,13,13,28,29,30,31,32,13,13,13,13,33,34,35,13,13,13,36,13,13,13,13,13,13,13,13,13,13,37,38,13,13,13,13,11,11,11,11,11,11,11,11,22,22,22,22,22,22,22,22","0.000531196594238281","louvain","edit-xhwikibooks.graphml"
"0.28","0.61","0.11","0.54532130904517","1,1,1,2,3,4,5,4,4,6,7,8,4,4,4,4,9,10,11,12,13,1,14,4,4,4,4,15,16,17,18,19,20,21,11,11,22,4,13,13,13,13,1,1,1,1,13,1,1,1,13,13,13,13,13,1,1,1,1,13,23,13,13,24,25,13,13,13,13,13,1,13,26,27,13,13,13,13,13,13,13,28,29,30,31,32,13,13,13,13,33,34,35,13,13,13,36,13,13,13,13,13,13,13,13,13,13,37,38,13,13,13,13,11,11,11,11,11,11,11,11,22,22,22,22,22,22,22,22","0.000519037246704102","louvain","edit-xhwikibooks.graphml"
"0.27","0.62","0.11","0.549010579277195","1,1,1,2,3,4,5,4,4,6,7,8,4,4,4,4,9,10,11,12,13,1,14,4,4,4,4,15,16,17,18,19,20,21,11,11,22,4,13,13,13,13,1,1,1,1,13,1,1,1,13,13,13,13,13,1,1,1,1,13,23,13,13,24,25,13,13,13,13,13,1,13,26,27,13,13,13,13,13,13,13,28,29,30,31,32,13,13,13,13,33,34,35,13,13,13,36,13,13,13,13,13,13,13,13,13,13,37,38,13,13,13,13,11,11,11,11,11,11,11,11,22,22,22,22,22,22,22,22","0.000492095947265625","louvain","edit-xhwikibooks.graphml"
"0.26","0.63","0.11","0.549811988252048","1,1,1,2,3,4,5,4,4,6,7,8,4,4,4,4,9,10,11,12,13,1,14,4,4,4,4,15,16,17,18,19,20,21,11,11,22,4,13,13,13,13,1,1,1,1,13,1,1,1,13,13,13,13,13,1,1,1,1,13,23,13,13,24,25,13,13,13,13,13,1,13,26,27,13,13,13,13,13,13,13,28,29,30,31,32,13,13,13,13,33,34,35,13,13,13,36,13,13,13,13,13,13,13,13,13,13,37,38,13,13,13,13,11,11,11,11,11,11,11,11,22,22,22,22,22,22,22,22","0.000758886337280273","louvain","edit-xhwikibooks.graphml"
"0.25","0.64","0.11","0.549811988252048","1,1,1,2,3,4,5,4,4,6,7,8,4,4,4,4,9,10,11,12,13,1,14,4,4,4,4,15,16,17,18,19,20,21,11,11,22,4,13,13,13,13,1,1,1,1,13,1,1,1,13,13,13,13,13,1,1,1,1,13,23,13,13,24,25,13,13,13,13,13,1,13,26,27,13,13,13,13,13,13,13,28,29,30,31,32,13,13,13,13,33,34,35,13,13,13,36,13,13,13,13,13,13,13,13,13,13,37,38,13,13,13,13,11,11,11,11,11,11,11,11,22,22,22,22,22,22,22,22","0.000566005706787109","louvain","edit-xhwikibooks.graphml"
"0.24","0.65","0.11","0.548905190311419","1,1,1,2,3,4,5,4,4,6,7,8,4,4,4,4,9,10,11,12,13,1,14,4,4,4,4,15,16,17,18,19,20,21,11,11,22,4,13,13,13,13,1,1,1,1,13,1,1,1,13,13,13,13,13,1,1,1,1,13,23,13,13,24,25,13,13,13,13,13,1,13,26,27,13,13,13,13,13,13,13,28,29,30,31,32,13,13,13,13,33,34,35,13,13,13,36,13,13,13,13,13,13,13,13,13,13,37,38,13,13,13,13,11,11,11,11,11,11,11,11,22,22,22,22,22,22,22,22","0.000530004501342773","louvain","edit-xhwikibooks.graphml"
"0.23","0.66","0.11","0.548905190311419","1,1,1,2,3,4,5,4,4,6,7,8,4,4,4,4,9,10,11,12,13,1,14,4,4,4,4,15,16,17,18,19,20,21,11,11,22,4,13,13,13,13,1,1,1,1,13,1,1,1,13,13,13,13,13,1,1,1,1,13,23,13,13,24,25,13,13,13,13,13,1,13,26,27,13,13,13,13,13,13,13,28,29,30,31,32,13,13,13,13,33,34,35,13,13,13,36,13,13,13,13,13,13,13,13,13,13,37,38,13,13,13,13,11,11,11,11,11,11,11,11,22,22,22,22,22,22,22,22","0.000473976135253906","louvain","edit-xhwikibooks.graphml"
"0.22","0.67","0.11","0.56774659761532","1,1,1,2,3,4,5,4,4,6,7,8,4,4,4,9,10,11,12,13,14,1,15,4,4,4,4,16,17,18,19,20,21,22,12,12,23,24,14,14,14,14,1,1,1,1,14,1,1,1,14,14,14,14,14,1,1,1,1,14,25,14,14,26,27,14,14,14,14,14,1,14,28,29,14,14,14,14,14,14,14,30,31,32,33,34,14,14,14,14,35,36,37,14,14,14,38,14,14,14,14,14,14,14,14,14,14,39,40,14,14,14,14,12,12,12,12,12,12,12,12,23,23,23,23,23,23,23,23","0.000500917434692383","louvain","edit-xhwikibooks.graphml"
"0.21","0.68","0.11","0.56774659761532","1,1,1,2,3,4,5,4,4,6,7,8,4,4,4,9,10,11,12,13,14,1,15,4,4,4,4,16,17,18,19,20,21,22,12,12,23,24,14,14,14,14,1,1,1,1,14,1,1,1,14,14,14,14,14,1,1,1,1,14,25,14,14,26,27,14,14,14,14,14,1,14,28,29,14,14,14,14,14,14,14,30,31,32,33,34,14,14,14,14,35,36,37,14,14,14,38,14,14,14,14,14,14,14,14,14,14,39,40,14,14,14,14,12,12,12,12,12,12,12,12,23,23,23,23,23,23,23,23","0.000514030456542969","louvain","edit-xhwikibooks.graphml"
"0.2","0.69","0.11","0.56685119159317","1,1,1,2,3,4,5,4,4,6,7,8,4,4,4,9,10,11,12,13,14,1,15,4,4,4,4,16,17,18,19,20,21,22,12,12,23,24,14,14,14,14,1,1,1,1,14,1,1,1,14,14,14,14,14,1,1,1,1,14,25,14,14,26,27,14,14,14,14,14,1,14,28,29,14,14,14,14,14,14,14,30,31,32,33,34,14,14,14,14,35,36,37,14,14,14,38,14,14,14,14,14,14,14,14,14,14,39,40,14,14,14,14,12,12,12,12,12,12,12,12,23,23,23,23,23,23,23,23","0.000507116317749023","louvain","edit-xhwikibooks.graphml"
"0.19","0.7","0.11","0.568422745834652","1,1,1,2,3,4,5,4,4,6,7,8,4,4,4,9,10,11,12,13,14,1,15,4,4,4,4,16,17,18,19,20,21,22,12,12,23,24,14,14,14,14,1,1,1,1,14,1,1,1,14,14,14,14,14,1,1,1,1,14,25,14,14,26,27,14,14,14,14,14,1,14,28,29,14,14,14,14,14,14,14,30,31,32,33,34,14,14,14,14,35,36,37,14,14,14,38,14,14,14,14,14,14,14,14,14,14,39,40,14,14,14,14,12,12,12,12,12,12,12,12,23,23,23,23,23,23,23,23","0.000512123107910156","louvain","edit-xhwikibooks.graphml"
"0.18","0.71","0.11","0.567530991735537","1,1,1,2,3,4,5,4,4,6,7,8,4,4,4,9,10,11,12,13,14,1,15,4,4,4,4,16,17,18,19,20,21,22,12,12,23,24,14,14,14,14,1,1,1,1,14,1,1,1,14,14,14,14,14,1,1,1,1,14,25,14,14,26,27,14,14,14,14,14,1,14,28,29,14,14,14,14,14,14,14,30,31,32,33,34,14,14,14,14,35,36,37,14,14,14,38,14,14,14,14,14,14,14,14,14,14,39,40,14,14,14,14,12,12,12,12,12,12,12,12,23,23,23,23,23,23,23,23","0.000524997711181641","louvain","edit-xhwikibooks.graphml"
"0.17","0.72","0.11","0.570381441821421","1,1,1,2,3,4,5,4,4,6,7,8,4,4,4,9,10,11,12,13,14,1,15,4,4,4,4,16,17,18,19,20,21,22,12,12,23,24,14,14,14,14,1,1,1,1,14,1,1,1,14,14,14,14,14,1,1,1,1,14,25,14,14,26,27,14,14,14,14,14,1,14,28,29,14,14,14,14,14,14,14,30,31,32,33,34,14,14,14,14,35,36,37,14,14,14,38,14,14,14,14,14,14,14,14,14,14,39,40,14,14,14,14,12,12,12,12,12,12,12,12,23,23,23,23,23,23,23,23","0.000491142272949219","louvain","edit-xhwikibooks.graphml"
"0.16","0.73","0.11","0.569495895520487","1,1,1,2,3,4,5,4,4,6,7,8,4,4,4,9,10,11,12,13,14,1,15,4,4,4,4,16,17,18,19,20,21,22,12,12,23,24,14,14,14,14,1,1,1,1,14,1,1,1,14,14,14,14,14,1,1,1,1,14,25,14,14,26,27,14,14,14,14,14,1,14,28,29,14,14,14,14,14,14,14,30,31,32,33,34,14,14,14,14,35,36,37,14,14,14,38,14,14,14,14,14,14,14,14,14,14,39,40,14,14,14,14,12,12,12,12,12,12,12,12,23,23,23,23,23,23,23,23","0.00050806999206543","louvain","edit-xhwikibooks.graphml"
"0.15","0.74","0.11","0.569495895520487","1,1,1,2,3,4,5,4,4,6,7,8,4,4,4,9,10,11,12,13,14,1,15,4,4,4,4,16,17,18,19,20,21,22,12,12,23,24,14,14,14,14,1,1,1,1,14,1,1,1,14,14,14,14,14,1,1,1,1,14,25,14,14,26,27,14,14,14,14,14,1,14,28,29,14,14,14,14,14,14,14,30,31,32,33,34,14,14,14,14,35,36,37,14,14,14,38,14,14,14,14,14,14,14,14,14,14,39,40,14,14,14,14,12,12,12,12,12,12,12,12,23,23,23,23,23,23,23,23","0.000496149063110352","louvain","edit-xhwikibooks.graphml"
"0.14","0.75","0.11","0.573367566025555","1,1,1,2,3,4,5,4,4,6,7,8,4,4,4,9,10,11,12,13,14,1,15,4,4,4,4,16,17,18,19,20,21,22,12,12,23,24,14,14,14,14,1,1,1,1,14,1,1,1,14,14,14,14,14,1,1,1,1,14,25,14,14,26,27,14,14,14,14,14,1,14,28,29,14,14,14,14,14,14,14,30,31,32,33,34,14,14,14,14,35,36,37,14,14,14,38,14,14,14,14,14,14,14,14,14,14,39,40,14,14,14,14,12,12,12,12,12,12,12,12,23,23,23,23,23,23,23,23","0.000514030456542969","louvain","edit-xhwikibooks.graphml"
"0.13","0.76","0.11","0.573367566025555","1,1,1,2,3,4,5,4,4,6,7,8,4,4,4,9,10,11,12,13,14,1,15,4,4,4,4,16,17,18,19,20,21,22,12,12,23,24,14,14,14,14,1,1,1,1,14,1,1,1,14,14,14,14,14,1,1,1,1,14,25,14,14,26,27,14,14,14,14,14,1,14,28,29,14,14,14,14,14,14,14,30,31,32,33,34,14,14,14,14,35,36,37,14,14,14,38,14,14,14,14,14,14,14,14,14,14,39,40,14,14,14,14,12,12,12,12,12,12,12,12,23,23,23,23,23,23,23,23","0.000509977340698242","louvain","edit-xhwikibooks.graphml"
"0.12","0.77","0.11","0.574068235164583","1,1,1,2,3,1,4,1,5,6,7,8,5,5,5,9,10,11,12,13,14,15,16,1,5,5,5,17,18,19,20,21,22,23,12,12,24,25,14,14,14,14,15,15,15,15,14,15,15,15,14,14,14,14,14,15,15,15,15,14,26,14,14,27,28,14,14,14,14,14,15,14,29,30,14,14,14,14,14,14,14,31,32,33,34,35,14,14,14,14,36,37,38,14,14,14,39,14,14,14,14,14,14,14,14,14,14,40,41,14,14,14,14,12,12,12,12,12,12,12,12,24,24,24,24,24,24,24,24","0.000507831573486328","louvain","edit-xhwikibooks.graphml"
"0.11","0.78","0.11","0.577402543048469","1,1,1,2,3,4,5,6,7,8,9,10,6,6,6,11,12,13,14,15,16,17,18,6,6,6,6,19,20,21,22,23,24,25,14,14,26,27,16,16,16,16,17,17,17,17,16,17,17,17,16,16,16,16,16,17,17,17,17,16,28,16,16,29,30,16,16,16,16,16,17,16,31,32,16,16,16,16,16,16,16,33,34,35,36,37,16,16,16,16,38,39,40,16,16,16,41,16,16,16,16,16,16,16,16,16,16,42,43,16,16,16,16,14,14,14,14,14,14,14,14,26,26,26,26,26,26,26,26","0.000531911849975586","louvain","edit-xhwikibooks.graphml"
"0.1","0.79","0.11","0.577402543048469","1,1,1,2,3,4,5,6,7,8,9,10,6,6,6,11,12,13,14,15,16,17,18,6,6,6,6,19,20,21,22,23,24,25,14,14,26,27,16,16,16,16,17,17,17,17,16,17,17,17,16,16,16,16,16,17,17,17,17,16,28,16,16,29,30,16,16,16,16,16,17,16,31,32,16,16,16,16,16,16,16,33,34,35,36,37,16,16,16,16,38,39,40,16,16,16,41,16,16,16,16,16,16,16,16,16,16,42,43,16,16,16,16,14,14,14,14,14,14,14,14,26,26,26,26,26,26,26,26","0.000540018081665039","louvain","edit-xhwikibooks.graphml"
"0.09","0.8","0.11","0.579770994242899","1,1,1,2,3,4,5,6,7,8,9,10,6,6,6,11,12,13,14,15,16,17,18,6,6,6,6,19,20,21,22,23,24,25,14,14,26,27,16,16,16,16,17,17,17,17,16,17,17,17,16,16,16,16,16,17,17,17,17,16,28,16,16,29,30,16,16,16,16,16,17,16,31,32,16,16,16,16,16,16,16,33,34,35,36,37,16,16,16,16,38,39,40,16,16,16,41,16,16,16,16,16,16,16,16,16,16,42,43,16,16,16,16,14,14,14,14,14,14,14,14,26,26,26,26,26,26,26,26","0.000504016876220703","louvain","edit-xhwikibooks.graphml"
"0.08","0.81","0.11","0.579770994242899","1,1,1,2,3,4,5,6,7,8,9,10,6,6,6,11,12,13,14,15,16,17,18,6,6,6,6,19,20,21,22,23,24,25,14,14,26,27,16,16,16,16,17,17,17,17,16,17,17,17,16,16,16,16,16,17,17,17,17,16,28,16,16,29,30,16,16,16,16,16,17,16,31,32,16,16,16,16,16,16,16,33,34,35,36,37,16,16,16,16,38,39,40,16,16,16,41,16,16,16,16,16,16,16,16,16,16,42,43,16,16,16,16,14,14,14,14,14,14,14,14,26,26,26,26,26,26,26,26","0.000608921051025391","louvain","edit-xhwikibooks.graphml"
"0.07","0.82","0.11","0.578877555016054","1,1,1,2,3,4,5,6,7,8,9,10,6,6,6,11,12,13,14,15,16,17,18,6,6,6,6,19,20,21,22,23,24,25,14,14,26,27,16,16,16,16,17,17,17,17,16,17,17,17,16,16,16,16,16,17,17,17,17,16,28,16,16,29,30,16,16,16,16,16,17,16,31,32,16,16,16,16,16,16,16,33,34,35,36,37,16,16,16,16,38,39,40,16,16,16,41,16,16,16,16,16,16,16,16,16,16,42,43,16,16,16,16,14,14,14,14,14,14,14,14,26,26,26,26,26,26,26,26","0.000504970550537109","louvain","edit-xhwikibooks.graphml"
"0.06","0.83","0.11","0.578877555016054","1,1,1,2,3,4,5,6,7,8,9,10,6,6,6,11,12,13,14,15,16,17,18,6,6,6,6,19,20,21,22,23,24,25,14,14,26,27,16,16,16,16,17,17,17,17,16,17,17,17,16,16,16,16,16,17,17,17,17,16,28,16,16,29,30,16,16,16,16,16,17,16,31,32,16,16,16,16,16,16,16,33,34,35,36,37,16,16,16,16,38,39,40,16,16,16,41,16,16,16,16,16,16,16,16,16,16,42,43,16,16,16,16,14,14,14,14,14,14,14,14,26,26,26,26,26,26,26,26","0.000590085983276367","louvain","edit-xhwikibooks.graphml"
"0.05","0.84","0.11","0.579270896000311","1,1,1,2,3,4,5,6,7,8,9,10,6,6,6,11,12,13,14,15,16,17,18,6,6,6,6,19,20,21,22,23,24,25,14,14,26,27,16,16,16,16,17,17,17,17,16,17,17,17,16,16,16,16,16,17,17,17,17,16,28,16,16,29,30,16,16,16,16,16,17,16,31,32,16,16,16,16,16,16,16,33,34,35,36,37,16,16,16,16,38,39,40,16,16,16,41,16,16,16,16,16,16,16,16,16,16,42,43,16,16,16,16,14,14,14,14,14,14,14,14,26,26,26,26,26,26,26,26","0.000523090362548828","louvain","edit-xhwikibooks.graphml"
"0.04","0.85","0.11","0.580857384373867","1,1,1,2,3,4,5,6,7,8,9,10,6,6,6,11,12,13,14,15,16,17,18,6,6,6,6,19,20,21,22,23,24,25,14,14,26,27,16,16,16,16,17,17,17,17,16,17,17,17,16,16,16,16,16,17,17,17,17,16,28,16,16,29,30,16,16,16,16,16,17,16,31,32,16,16,16,16,16,16,16,33,34,35,36,37,16,16,16,16,38,39,40,16,16,16,41,16,16,16,16,16,16,16,16,16,16,42,43,16,16,16,16,14,14,14,14,14,14,14,14,26,26,26,26,26,26,26,26","0.000512123107910156","louvain","edit-xhwikibooks.graphml"
"0.03","0.86","0.11","0.582654793005473","1,1,1,2,3,4,5,6,7,8,9,10,6,6,6,11,12,13,14,15,16,17,18,6,6,6,6,19,20,21,22,23,24,25,14,14,26,27,16,16,16,16,17,17,17,17,16,17,17,17,16,16,16,16,16,17,17,17,17,16,28,16,16,29,30,16,16,16,16,16,17,16,31,32,16,16,16,16,16,16,16,33,34,35,36,37,16,16,16,16,38,39,40,16,16,16,41,16,16,16,16,16,16,16,16,16,16,42,43,16,16,16,16,14,14,14,14,14,14,14,14,26,26,26,26,26,26,26,26","0.000535011291503906","louvain","edit-xhwikibooks.graphml"
"0.02","0.87","0.11","0.582654793005473","1,1,1,2,3,4,5,6,7,8,9,10,6,6,6,11,12,13,14,15,16,17,18,6,6,6,6,19,20,21,22,23,24,25,14,14,26,27,16,16,16,16,17,17,17,17,16,17,17,17,16,16,16,16,16,17,17,17,17,16,28,16,16,29,30,16,16,16,16,16,17,16,31,32,16,16,16,16,16,16,16,33,34,35,36,37,16,16,16,16,38,39,40,16,16,16,41,16,16,16,16,16,16,16,16,16,16,42,43,16,16,16,16,14,14,14,14,14,14,14,14,26,26,26,26,26,26,26,26","0.000509023666381836","louvain","edit-xhwikibooks.graphml"
"0.01","0.88","0.11","0.581775290605228","1,1,1,2,3,4,5,6,7,8,9,10,6,6,6,11,12,13,14,15,16,17,18,6,6,6,6,19,20,21,22,23,24,25,14,14,26,27,16,16,16,16,17,17,17,17,16,17,17,17,16,16,16,16,16,17,17,17,17,16,28,16,16,29,30,16,16,16,16,16,17,16,31,32,16,16,16,16,16,16,16,33,34,35,36,37,16,16,16,16,38,39,40,16,16,16,41,16,16,16,16,16,16,16,16,16,16,42,43,16,16,16,16,14,14,14,14,14,14,14,14,26,26,26,26,26,26,26,26","0.000544071197509766","louvain","edit-xhwikibooks.graphml"
"0","0.89","0.11","0.569928752566115","1,1,1,1,1,2,3,1,4,5,6,7,8,8,8,9,10,11,12,13,14,15,16,1,8,8,8,17,1,18,19,20,21,22,12,12,23,24,14,14,14,14,15,15,15,15,14,15,15,15,14,14,14,14,14,15,15,15,15,14,25,14,14,26,27,14,14,14,14,14,15,14,28,29,14,14,14,14,14,14,14,30,31,32,33,34,14,14,14,14,35,36,37,14,14,14,38,14,14,14,14,14,14,14,14,14,14,39,40,14,14,14,14,12,41,42,12,12,12,12,12,43,44,45,46,47,48,49,50","0.000568151473999023","louvain","edit-xhwikibooks.graphml"
"0.88","0","0.12","0.46262456533408","1,2,1,1,3,1,3,4,1,1,3,3,4,4,4,1,1,3,5,3,6,2,4,4,4,4,4,1,2,1,3,5,3,3,5,5,4,4,6,6,6,6,2,2,2,2,6,2,2,2,6,6,6,6,6,2,2,2,2,6,4,6,6,4,4,6,6,6,6,6,2,6,4,4,6,6,6,6,6,6,6,4,1,1,1,2,6,6,6,6,1,3,5,6,6,6,1,6,6,6,6,6,6,6,6,6,6,3,3,6,6,6,6,5,5,5,5,5,5,5,5,4,4,4,4,4,4,4,4","0.000524997711181641","louvain","edit-xhwikibooks.graphml"
"0.87","0.01","0.12","0.46262456533408","1,2,1,1,3,1,3,4,1,1,3,3,4,4,4,1,1,3,5,3,6,2,4,4,4,4,4,1,2,1,3,5,3,3,5,5,4,4,6,6,6,6,2,2,2,2,6,2,2,2,6,6,6,6,6,2,2,2,2,6,4,6,6,4,4,6,6,6,6,6,2,6,4,4,6,6,6,6,6,6,6,4,1,1,1,2,6,6,6,6,1,3,5,6,6,6,1,6,6,6,6,6,6,6,6,6,6,3,3,6,6,6,6,5,5,5,5,5,5,5,5,4,4,4,4,4,4,4,4","0.000535011291503906","louvain","edit-xhwikibooks.graphml"
"0.86","0.02","0.12","0.462671240869098","1,2,1,1,1,3,1,3,3,3,1,1,3,3,3,4,3,1,5,1,6,2,3,3,3,3,3,4,2,3,1,5,1,1,5,5,3,3,6,6,6,6,2,2,2,2,6,2,2,2,6,6,6,6,6,2,2,2,2,6,3,6,6,3,3,6,6,6,6,6,2,6,3,3,6,6,6,6,6,6,6,3,4,4,4,2,6,6,6,6,3,1,5,6,6,6,4,6,6,6,6,6,6,6,6,6,6,1,1,6,6,6,6,5,5,5,5,5,5,5,5,3,3,3,3,3,3,3,3","0.000519037246704102","louvain","edit-xhwikibooks.graphml"
"0.85","0.03","0.12","0.461791261431267","1,2,1,1,3,1,3,4,1,1,3,3,4,4,4,1,1,3,5,3,6,2,4,4,4,4,4,1,2,1,3,5,3,3,5,5,4,4,6,6,6,6,2,2,2,2,6,2,2,2,6,6,6,6,6,2,2,2,2,6,4,6,6,4,4,6,6,6,6,6,2,6,4,4,6,6,6,6,6,6,6,4,1,1,1,2,6,6,6,6,1,3,5,6,6,6,1,6,6,6,6,6,6,6,6,6,6,3,3,6,6,6,6,5,5,5,5,5,5,5,5,4,4,4,4,4,4,4,4","0.000512838363647461","louvain","edit-xhwikibooks.graphml"
"0.84","0.04","0.12","0.461791261431267","1,2,1,1,3,1,3,4,1,1,3,3,4,4,4,1,1,3,5,3,6,2,4,4,4,4,4,1,2,1,3,5,3,3,5,5,4,4,6,6,6,6,2,2,2,2,6,2,2,2,6,6,6,6,6,2,2,2,2,6,4,6,6,4,4,6,6,6,6,6,2,6,4,4,6,6,6,6,6,6,6,4,1,1,1,2,6,6,6,6,1,3,5,6,6,6,1,6,6,6,6,6,6,6,6,6,6,3,3,6,6,6,6,5,5,5,5,5,5,5,5,4,4,4,4,4,4,4,4","0.000516891479492188","louvain","edit-xhwikibooks.graphml"
"0.83","0.05","0.12","0.460960613905326","1,2,1,1,3,1,3,4,1,1,3,3,4,4,4,1,1,3,5,3,6,2,4,4,4,4,4,1,2,1,3,5,3,3,5,5,4,4,6,6,6,6,2,2,2,2,6,2,2,2,6,6,6,6,6,2,2,2,2,6,4,6,6,4,4,6,6,6,6,6,2,6,4,4,6,6,6,6,6,6,6,4,1,1,1,2,6,6,6,6,1,3,5,6,6,6,1,6,6,6,6,6,6,6,6,6,6,3,3,6,6,6,6,5,5,5,5,5,5,5,5,4,4,4,4,4,4,4,4","0.000540971755981445","louvain","edit-xhwikibooks.graphml"
"0.82","0.06","0.12","0.460960613905326","1,2,1,1,3,1,3,4,1,1,3,3,4,4,4,1,1,3,5,3,6,2,4,4,4,4,4,1,2,1,3,5,3,3,5,5,4,4,6,6,6,6,2,2,2,2,6,2,2,2,6,6,6,6,6,2,2,2,2,6,4,6,6,4,4,6,6,6,6,6,2,6,4,4,6,6,6,6,6,6,6,4,1,1,1,2,6,6,6,6,1,3,5,6,6,6,1,6,6,6,6,6,6,6,6,6,6,3,3,6,6,6,6,5,5,5,5,5,5,5,5,4,4,4,4,4,4,4,4","0.00052189826965332","louvain","edit-xhwikibooks.graphml"
"0.81","0.07","0.12","0.460132613333793","1,2,1,1,3,1,3,4,1,1,3,3,4,4,4,1,1,3,5,3,6,2,4,4,4,4,4,1,2,1,3,5,3,3,5,5,4,4,6,6,6,6,2,2,2,2,6,2,2,2,6,6,6,6,6,2,2,2,2,6,4,6,6,4,4,6,6,6,6,6,2,6,4,4,6,6,6,6,6,6,6,4,1,1,1,2,6,6,6,6,1,3,5,6,6,6,1,6,6,6,6,6,6,6,6,6,6,3,3,6,6,6,6,5,5,5,5,5,5,5,5,4,4,4,4,4,4,4,4","0.000515222549438477","louvain","edit-xhwikibooks.graphml"
"0.8","0.08","0.12","0.462243309448044","1,2,1,1,3,1,3,4,1,1,3,3,4,4,4,1,1,3,5,3,6,2,4,4,4,4,4,1,2,1,3,5,3,3,5,5,4,4,6,6,6,6,2,2,2,2,6,2,2,2,6,6,6,6,6,2,2,2,2,6,4,6,6,4,4,6,6,6,6,6,2,6,4,4,6,6,6,6,6,6,6,4,1,1,1,2,6,6,6,6,1,3,5,6,6,6,1,6,6,6,6,6,6,6,6,6,6,3,3,6,6,6,6,5,5,5,5,5,5,5,5,4,4,4,4,4,4,4,4","0.000639200210571289","louvain","edit-xhwikibooks.graphml"
"0.79","0.09","0.12","0.459318696916279","1,2,1,1,3,1,3,4,1,1,3,3,4,4,4,1,1,3,5,3,6,2,4,4,4,4,4,1,2,1,3,5,3,3,5,5,4,4,6,6,6,6,2,2,2,2,6,2,2,2,6,6,6,6,6,2,2,2,2,6,4,6,6,4,4,6,6,6,6,6,2,6,4,4,6,6,6,6,6,6,6,4,1,1,1,2,6,6,6,6,1,3,5,6,6,6,1,6,6,6,6,6,6,6,6,6,6,3,3,6,6,6,6,5,5,5,5,5,5,5,5,4,4,4,4,4,4,4,4","0.000573873519897461","louvain","edit-xhwikibooks.graphml"
"0.78","0.1","0.12","0.459310111947987","1,2,1,1,1,3,1,3,3,3,1,1,3,3,3,3,3,1,4,1,5,2,3,3,3,3,3,3,2,3,1,4,1,1,4,4,3,3,5,5,5,5,2,2,2,2,5,2,2,2,5,5,5,5,5,2,2,2,2,5,3,5,5,3,3,5,5,5,5,5,2,5,3,3,5,5,5,5,5,5,5,3,3,3,3,2,5,5,5,5,3,1,4,5,5,5,3,5,5,5,5,5,5,5,5,5,5,1,1,5,5,5,5,4,4,4,4,4,4,4,4,3,3,3,3,3,3,3,3","0.000566005706787109","louvain","edit-xhwikibooks.graphml"
"0.77","0.11","0.12","0.458498755418345","1,2,1,1,1,3,1,3,3,3,1,1,3,3,3,3,3,1,4,1,5,2,3,3,3,3,3,3,2,3,1,4,1,1,4,4,3,3,5,5,5,5,2,2,2,2,5,2,2,2,5,5,5,5,5,2,2,2,2,5,3,5,5,3,3,5,5,5,5,5,2,5,3,3,5,5,5,5,5,5,5,3,3,3,3,2,5,5,5,5,3,1,4,5,5,5,3,5,5,5,5,5,5,5,5,5,5,1,1,5,5,5,5,4,4,4,4,4,4,4,4,3,3,3,3,3,3,3,3","0.000567913055419922","louvain","edit-xhwikibooks.graphml"
"0.76","0.12","0.12","0.462787955382784","1,2,1,1,1,3,1,3,3,3,1,1,3,3,3,4,3,1,5,1,6,2,3,3,3,3,3,4,2,3,1,5,1,1,5,5,3,3,6,6,6,6,2,2,2,2,6,2,2,2,6,6,6,6,6,2,2,2,2,6,3,6,6,3,3,6,6,6,6,6,2,6,3,3,6,6,6,6,6,6,6,3,4,4,4,2,6,6,6,6,3,1,5,6,6,6,4,6,6,6,6,6,6,6,6,6,6,1,1,6,6,6,6,5,5,5,5,5,5,5,5,3,3,3,3,3,3,3,3","0.000796079635620117","louvain","edit-xhwikibooks.graphml"
"0.75","0.13","0.12","0.452830297707101","1,2,1,1,1,1,1,3,1,1,1,1,3,3,3,1,1,1,4,1,5,2,3,3,3,3,3,1,2,1,1,4,1,1,4,4,3,3,5,5,5,5,2,2,2,2,5,2,2,2,5,5,5,5,5,2,2,2,2,5,6,5,5,3,3,5,5,5,5,5,2,5,3,3,5,5,5,5,5,5,5,3,1,1,1,7,5,5,5,5,8,9,10,5,5,5,1,5,5,5,5,5,5,5,5,5,5,1,1,5,5,5,5,4,4,4,4,4,4,4,4,3,3,3,3,3,3,3,3","0.000538110733032227","louvain","edit-xhwikibooks.graphml"
"0.74","0.14","0.12","0.452908307137574","1,2,1,1,1,3,1,3,3,3,1,1,3,3,3,3,3,1,4,1,5,2,3,3,3,3,3,3,2,3,1,4,1,1,4,4,3,3,5,5,5,5,2,2,2,2,5,2,2,2,5,5,5,5,5,2,2,2,2,5,6,5,5,3,3,5,5,5,5,5,2,5,3,3,5,5,5,5,5,5,5,3,3,3,3,7,5,5,5,5,8,9,10,5,5,5,3,5,5,5,5,5,5,5,5,5,5,1,1,5,5,5,5,4,4,4,4,4,4,4,4,3,3,3,3,3,3,3,3","0.000542879104614258","louvain","edit-xhwikibooks.graphml"
"0.73","0.15","0.12","0.456320025518196","1,2,1,1,1,1,1,3,1,1,1,1,3,3,3,1,1,1,4,1,5,2,3,3,3,3,3,1,2,1,1,4,1,1,4,4,3,3,5,5,5,5,2,2,2,2,5,2,2,2,5,5,5,5,5,2,2,2,2,5,6,5,5,3,3,5,5,5,5,5,2,5,3,3,5,5,5,5,5,5,5,3,1,1,1,7,5,5,5,5,8,9,10,5,5,5,1,5,5,5,5,5,5,5,5,5,5,1,1,5,5,5,5,4,4,4,4,4,4,4,4,3,3,3,3,3,3,3,3","0.000571012496948242","louvain","edit-xhwikibooks.graphml"
"0.72","0.16","0.12","0.458458049886621","1,2,1,1,1,1,1,3,1,1,1,1,3,3,3,1,1,1,4,1,5,2,3,3,3,3,3,1,2,1,1,4,1,1,4,4,3,3,5,5,5,5,2,2,2,2,5,2,2,2,5,5,5,5,5,2,2,2,2,5,6,5,5,3,3,5,5,5,5,5,2,5,3,3,5,5,5,5,5,5,5,3,1,1,1,7,5,5,5,5,8,9,10,5,5,5,1,5,5,5,5,5,5,5,5,5,5,1,1,5,5,5,5,4,4,4,4,4,4,4,4,3,3,3,3,3,3,3,3","0.000569820404052734","louvain","edit-xhwikibooks.graphml"
"0.71","0.17","0.12","0.459760562431212","1,2,1,1,1,1,1,3,1,1,1,1,3,3,3,1,1,1,4,1,5,2,3,3,3,3,3,1,2,1,1,4,1,1,4,4,3,3,5,5,5,5,2,2,2,2,5,2,2,2,5,5,5,5,5,2,2,2,2,5,6,5,5,3,3,5,5,5,5,5,2,5,3,3,5,5,5,5,5,5,5,3,1,1,1,7,5,5,5,5,8,9,10,5,5,5,1,5,5,5,5,5,5,5,5,5,5,1,1,5,5,5,5,4,4,4,4,4,4,4,4,3,3,3,3,3,3,3,3","0.000547170639038086","louvain","edit-xhwikibooks.graphml"
"0.7","0.18","0.12","0.461859173191601","1,2,1,1,1,1,1,3,1,1,1,1,3,3,3,1,1,1,4,1,5,2,3,3,3,3,3,1,2,1,1,4,1,1,4,4,3,3,5,5,5,5,2,2,2,2,5,2,2,2,5,5,5,5,5,2,2,2,2,5,6,5,5,3,3,5,5,5,5,5,2,5,3,3,5,5,5,5,5,5,5,3,1,1,1,7,5,5,5,5,8,9,10,5,5,5,1,5,5,5,5,5,5,5,5,5,5,1,1,5,5,5,5,4,4,4,4,4,4,4,4,3,3,3,3,3,3,3,3","0.000557899475097656","louvain","edit-xhwikibooks.graphml"
"0.69","0.19","0.12","0.461157217871129","1,2,1,1,1,3,1,3,3,3,1,1,3,3,3,4,3,1,5,1,6,2,3,3,3,3,3,4,2,3,1,5,1,1,5,5,3,3,6,6,6,6,2,2,2,2,6,2,2,2,6,6,6,6,6,2,2,2,2,6,7,6,6,3,3,6,6,6,6,6,2,6,3,3,6,6,6,6,6,6,6,3,4,4,4,8,6,6,6,6,9,10,11,6,6,6,4,6,6,6,6,6,6,6,6,6,6,1,1,6,6,6,6,5,5,5,5,5,5,5,5,3,3,3,3,3,3,3,3","0.000549793243408203","louvain","edit-xhwikibooks.graphml"
"0.68","0.2","0.12","0.465135885736957","1,2,1,1,1,3,1,3,3,3,1,1,3,3,3,4,3,1,5,1,6,2,3,3,3,3,3,4,2,3,1,5,1,1,5,5,3,3,6,6,6,6,2,2,2,2,6,2,2,2,6,6,6,6,6,2,2,2,2,6,7,6,6,3,3,6,6,6,6,6,2,6,3,3,6,6,6,6,6,6,6,3,4,4,4,8,6,6,6,6,9,10,11,6,6,6,4,6,6,6,6,6,6,6,6,6,6,1,1,6,6,6,6,5,5,5,5,5,5,5,5,3,3,3,3,3,3,3,3","0.000541925430297852","louvain","edit-xhwikibooks.graphml"
"0.67","0.21","0.12","0.458437166251335","1,2,1,1,3,1,3,4,1,1,3,3,4,4,4,1,1,3,3,3,5,2,4,4,4,4,4,1,2,1,3,3,3,3,6,6,4,4,5,5,5,5,2,2,2,2,5,2,2,2,5,5,5,5,5,2,2,2,2,5,7,5,5,4,4,5,5,5,5,5,2,5,4,4,5,5,5,5,5,5,5,4,1,1,1,8,5,5,5,5,9,10,11,5,5,5,1,5,5,5,5,5,5,5,5,5,5,3,3,5,5,5,5,6,6,6,6,6,6,6,6,4,4,4,4,4,4,4,4","0.00055694580078125","louvain","edit-xhwikibooks.graphml"
"0.66","0.22","0.12","0.458437166251335","1,2,1,1,3,1,3,4,1,1,3,3,4,4,4,1,1,3,3,3,5,2,4,4,4,4,4,1,2,1,3,3,3,3,6,6,4,4,5,5,5,5,2,2,2,2,5,2,2,2,5,5,5,5,5,2,2,2,2,5,7,5,5,4,4,5,5,5,5,5,2,5,4,4,5,5,5,5,5,5,5,4,1,1,1,8,5,5,5,5,9,10,11,5,5,5,1,5,5,5,5,5,5,5,5,5,5,3,3,5,5,5,5,6,6,6,6,6,6,6,6,4,4,4,4,4,4,4,4","0.000530004501342773","louvain","edit-xhwikibooks.graphml"
"0.65","0.23","0.12","0.461813534873772","1,2,1,1,3,1,3,4,1,1,3,3,4,4,4,1,1,3,3,3,5,2,4,4,4,4,4,1,2,1,3,3,3,3,6,6,4,4,5,5,5,5,2,2,2,2,5,2,2,2,5,5,5,5,5,2,2,2,2,5,7,5,5,4,4,5,5,5,5,5,2,5,4,4,5,5,5,5,5,5,5,4,1,1,1,8,5,5,5,5,9,10,11,5,5,5,1,5,5,5,5,5,5,5,5,5,5,3,3,5,5,5,5,6,6,6,6,6,6,6,6,4,4,4,4,4,4,4,4","0.000568866729736328","louvain","edit-xhwikibooks.graphml"
"0.64","0.24","0.12","0.463866931609748","1,2,1,1,3,1,3,4,1,1,3,3,4,4,4,1,1,3,3,3,5,2,4,4,4,4,4,1,2,1,3,3,3,3,6,6,4,4,5,5,5,5,2,2,2,2,5,2,2,2,5,5,5,5,5,2,2,2,2,5,7,5,5,4,4,5,5,5,5,5,2,5,4,4,5,5,5,5,5,5,5,4,1,1,1,8,5,5,5,5,9,10,11,5,5,5,1,5,5,5,5,5,5,5,5,5,5,3,3,5,5,5,5,6,6,6,6,6,6,6,6,4,4,4,4,4,4,4,4","0.00056004524230957","louvain","edit-xhwikibooks.graphml"
"0.63","0.25","0.12","0.451747489948564","1,2,1,1,1,3,1,3,3,3,1,1,3,3,3,4,5,1,1,1,6,2,3,3,3,3,3,4,2,7,8,1,1,1,9,9,3,3,6,6,6,6,2,2,2,2,6,2,2,2,6,6,6,6,6,2,2,2,2,6,10,6,6,11,12,6,6,6,6,6,2,6,3,3,6,6,6,6,6,6,6,13,4,4,4,14,6,6,6,6,15,16,17,6,6,6,18,6,6,6,6,6,6,6,6,6,6,19,20,6,6,6,6,9,9,9,9,9,9,9,9,3,3,3,3,3,3,3,3","0.000587940216064453","louvain","edit-xhwikibooks.graphml"
"0.62","0.26","0.12","0.45409631753377","1,2,1,1,1,3,1,3,3,3,1,1,3,3,3,4,5,1,1,1,6,2,3,3,3,3,3,4,2,7,8,1,1,1,9,9,3,3,6,6,6,6,2,2,2,2,6,2,2,2,6,6,6,6,6,2,2,2,2,6,10,6,6,11,12,6,6,6,6,6,2,6,3,3,6,6,6,6,6,6,6,13,4,4,4,14,6,6,6,6,15,16,17,6,6,6,18,6,6,6,6,6,6,6,6,6,6,19,20,6,6,6,6,9,9,9,9,9,9,9,9,3,3,3,3,3,3,3,3","0.000519037246704102","louvain","edit-xhwikibooks.graphml"
"0.61","0.27","0.12","0.45409631753377","1,2,1,1,1,3,1,3,3,3,1,1,3,3,3,4,5,1,1,1,6,2,3,3,3,3,3,4,2,7,8,1,1,1,9,9,3,3,6,6,6,6,2,2,2,2,6,2,2,2,6,6,6,6,6,2,2,2,2,6,10,6,6,11,12,6,6,6,6,6,2,6,3,3,6,6,6,6,6,6,6,13,4,4,4,14,6,6,6,6,15,16,17,6,6,6,18,6,6,6,6,6,6,6,6,6,6,19,20,6,6,6,6,9,9,9,9,9,9,9,9,3,3,3,3,3,3,3,3","0.000496864318847656","louvain","edit-xhwikibooks.graphml"
"0.6","0.28","0.12","0.453289093093627","1,2,1,1,1,3,1,3,3,3,1,1,3,3,3,3,4,1,1,1,5,2,3,3,3,3,3,3,2,6,7,1,1,1,8,8,3,3,5,5,5,5,2,2,2,2,5,2,2,2,5,5,5,5,5,2,2,2,2,5,9,5,5,10,11,5,5,5,5,5,2,5,3,3,5,5,5,5,5,5,5,12,3,3,3,13,5,5,5,5,14,15,16,5,5,5,17,5,5,5,5,5,5,5,5,5,5,18,19,5,5,5,5,8,8,8,8,8,8,8,8,3,3,3,3,3,3,3,3","0.000536203384399414","louvain","edit-xhwikibooks.graphml"
"0.59","0.29","0.12","0.457481981088408","1,2,1,1,1,3,1,3,3,3,1,1,3,3,3,4,5,1,1,1,6,2,3,3,3,3,3,4,2,7,8,1,1,1,9,9,3,3,6,6,6,6,2,2,2,2,6,2,2,2,6,6,6,6,6,2,2,2,2,6,10,6,6,11,12,6,6,6,6,6,2,6,3,3,6,6,6,6,6,6,6,13,4,4,4,14,6,6,6,6,15,16,17,6,6,6,18,6,6,6,6,6,6,6,6,6,6,19,20,6,6,6,6,9,9,9,9,9,9,9,9,3,3,3,3,3,3,3,3","0.000523090362548828","louvain","edit-xhwikibooks.graphml"
"0.58","0.3","0.12","0.458702725128832","1,2,1,3,1,3,1,3,3,3,1,1,3,3,3,4,5,1,1,1,6,2,3,3,3,3,3,4,2,7,8,1,1,1,9,9,3,3,6,6,6,6,2,2,2,2,6,2,2,2,6,6,6,6,6,2,2,2,2,6,10,6,6,11,12,6,6,6,6,6,2,6,3,3,6,6,6,6,6,6,6,13,4,4,4,14,6,6,6,6,15,16,17,6,6,6,18,6,6,6,6,6,6,6,6,6,6,19,20,6,6,6,6,9,9,9,9,9,9,9,9,3,3,3,3,3,3,3,3","0.000759124755859375","louvain","edit-xhwikibooks.graphml"
"0.57","0.31","0.12","0.460766894333328","1,2,1,3,1,3,1,3,3,3,1,1,3,3,3,4,5,1,1,1,6,2,3,3,3,3,3,4,2,7,8,1,1,1,9,9,3,3,6,6,6,6,2,2,2,2,6,2,2,2,6,6,6,6,6,2,2,2,2,6,10,6,6,11,12,6,6,6,6,6,2,6,3,3,6,6,6,6,6,6,6,13,4,4,4,14,6,6,6,6,15,16,17,6,6,6,18,6,6,6,6,6,6,6,6,6,6,19,20,6,6,6,6,9,9,9,9,9,9,9,9,3,3,3,3,3,3,3,3","0.000536918640136719","louvain","edit-xhwikibooks.graphml"
"0.56","0.32","0.12","0.459962141698215","1,2,1,3,1,3,1,3,3,3,1,1,3,3,3,4,5,1,1,1,6,2,3,3,3,3,3,4,2,7,8,1,1,1,9,9,3,3,6,6,6,6,2,2,2,2,6,2,2,2,6,6,6,6,6,2,2,2,2,6,10,6,6,11,12,6,6,6,6,6,2,6,3,3,6,6,6,6,6,6,6,13,4,4,4,14,6,6,6,6,15,16,17,6,6,6,18,6,6,6,6,6,6,6,6,6,6,19,20,6,6,6,6,9,9,9,9,9,9,9,9,3,3,3,3,3,3,3,3","0.000512838363647461","louvain","edit-xhwikibooks.graphml"
"0.55","0.33","0.12","0.457946870534283","1,2,1,3,1,3,1,3,3,3,1,1,3,3,3,4,5,1,1,1,6,2,3,3,3,3,3,4,2,7,8,1,1,1,9,9,3,3,6,6,6,6,2,2,2,2,6,2,2,2,6,6,6,6,6,2,2,2,2,6,10,6,6,11,12,6,6,6,6,6,2,6,3,3,6,6,6,6,6,6,6,13,4,4,4,14,6,6,6,6,15,16,17,6,6,6,18,6,6,6,6,6,6,6,6,6,6,19,20,6,6,6,6,9,9,9,9,9,9,9,9,3,3,3,3,3,3,3,3","0.00053095817565918","louvain","edit-xhwikibooks.graphml"
"0.54","0.34","0.12","0.485918350783216","1,2,1,1,1,3,1,3,3,3,1,1,3,3,3,4,5,1,1,1,6,2,3,3,3,3,3,4,2,7,8,1,1,1,9,9,3,3,6,6,6,6,2,2,2,2,6,2,2,2,6,6,6,6,6,2,2,2,2,6,10,6,6,11,12,6,6,6,6,6,2,6,3,3,6,6,6,6,6,6,6,13,4,4,4,14,6,6,6,6,15,16,17,6,6,6,18,6,6,6,6,6,6,6,6,6,6,19,20,6,6,6,6,9,9,9,9,9,9,9,9,3,3,3,3,3,3,3,3","0.000528097152709961","louvain","edit-xhwikibooks.graphml"
"0.53","0.35","0.12","0.485674864053243","1,2,1,3,1,3,1,3,3,3,1,1,3,3,3,4,5,1,1,1,6,2,3,3,3,3,3,4,2,7,8,1,1,1,9,9,3,3,6,6,6,6,2,2,2,2,6,2,2,2,6,6,6,6,6,2,2,2,2,6,10,6,6,11,12,6,6,6,6,6,2,6,3,3,6,6,6,6,6,6,6,13,4,4,4,14,6,6,6,6,15,16,17,6,6,6,18,6,6,6,6,6,6,6,6,6,6,19,20,6,6,6,6,9,9,9,9,9,9,9,9,3,3,3,3,3,3,3,3","0.00052189826965332","louvain","edit-xhwikibooks.graphml"
"0.52","0.36","0.12","0.484764549930564","1,2,1,1,3,1,3,4,1,1,3,3,4,4,4,1,5,3,3,3,6,2,4,4,4,4,4,1,2,7,8,3,3,3,9,9,4,4,6,6,6,6,2,2,2,2,6,2,2,2,6,6,6,6,6,2,2,2,2,6,10,6,6,11,12,6,6,6,6,6,2,6,4,4,6,6,6,6,6,6,6,13,1,1,1,14,6,6,6,6,15,16,17,6,6,6,18,6,6,6,6,6,6,6,6,6,6,19,20,6,6,6,6,9,9,9,9,9,9,9,9,4,4,4,4,4,4,4,4","0.000527858734130859","louvain","edit-xhwikibooks.graphml"
"0.51","0.37","0.12","0.45950710859653","1,1,1,2,3,2,4,2,2,2,4,5,2,2,2,2,6,7,4,8,9,1,10,2,2,2,2,2,1,11,12,13,8,14,4,4,2,2,9,9,9,9,1,1,1,1,9,1,1,1,9,9,9,9,9,1,1,1,1,9,15,9,9,16,17,9,9,9,9,9,1,9,18,19,9,9,9,9,9,9,9,20,21,22,23,24,9,9,9,9,25,26,27,9,9,9,28,9,9,9,9,9,9,9,9,9,9,29,30,9,9,9,9,4,4,4,4,4,4,4,4,2,2,2,2,2,2,2,2","0.000512838363647461","louvain","edit-xhwikibooks.graphml"
"0.5","0.38","0.12","0.460728362730613","1,1,1,2,3,2,4,2,2,2,4,5,2,2,2,2,6,7,4,8,9,1,10,2,2,2,2,2,1,11,12,13,8,14,4,4,2,2,9,9,9,9,1,1,1,1,9,1,1,1,9,9,9,9,9,1,1,1,1,9,15,9,9,16,17,9,9,9,9,9,1,9,18,19,9,9,9,9,9,9,9,20,21,22,23,24,9,9,9,9,25,26,27,9,9,9,28,9,9,9,9,9,9,9,9,9,9,29,30,9,9,9,9,4,4,4,4,4,4,4,4,2,2,2,2,2,2,2,2","0.000519037246704102","louvain","edit-xhwikibooks.graphml"
"0.49","0.39","0.12","0.46271687655291","1,1,1,2,3,2,4,2,2,2,4,5,2,2,2,2,6,7,4,8,9,1,10,2,2,2,2,2,1,11,12,13,8,14,4,4,2,2,9,9,9,9,1,1,1,1,9,1,1,1,9,9,9,9,9,1,1,1,1,9,15,9,9,16,17,9,9,9,9,9,1,9,18,19,9,9,9,9,9,9,9,20,21,22,23,24,9,9,9,9,25,26,27,9,9,9,28,9,9,9,9,9,9,9,9,9,9,29,30,9,9,9,9,4,4,4,4,4,4,4,4,2,2,2,2,2,2,2,2","0.000528097152709961","louvain","edit-xhwikibooks.graphml"
"0.48","0.4","0.12","0.46577454979604","1,1,1,2,3,2,4,2,2,2,4,5,2,2,2,2,6,7,4,8,9,1,10,2,2,2,2,2,1,11,12,13,8,14,4,4,2,2,9,9,9,9,1,1,1,1,9,1,1,1,9,9,9,9,9,1,1,1,1,9,15,9,9,16,17,9,9,9,9,9,1,9,18,19,9,9,9,9,9,9,9,20,21,22,23,24,9,9,9,9,25,26,27,9,9,9,28,9,9,9,9,9,9,9,9,9,9,29,30,9,9,9,9,4,4,4,4,4,4,4,4,2,2,2,2,2,2,2,2","0.000550985336303711","louvain","edit-xhwikibooks.graphml"
"0.47","0.41","0.12","0.46577454979604","1,1,1,2,3,2,4,2,2,2,4,5,2,2,2,2,6,7,4,8,9,1,10,2,2,2,2,2,1,11,12,13,8,14,4,4,2,2,9,9,9,9,1,1,1,1,9,1,1,1,9,9,9,9,9,1,1,1,1,9,15,9,9,16,17,9,9,9,9,9,1,9,18,19,9,9,9,9,9,9,9,20,21,22,23,24,9,9,9,9,25,26,27,9,9,9,28,9,9,9,9,9,9,9,9,9,9,29,30,9,9,9,9,4,4,4,4,4,4,4,4,2,2,2,2,2,2,2,2","0.000547885894775391","louvain","edit-xhwikibooks.graphml"
"0.46","0.42","0.12","0.464989783365651","1,1,1,2,3,2,4,2,2,2,4,5,2,2,2,2,6,7,4,8,9,1,10,2,2,2,2,2,1,11,12,13,8,14,4,4,2,2,9,9,9,9,1,1,1,1,9,1,1,1,9,9,9,9,9,1,1,1,1,9,15,9,9,16,17,9,9,9,9,9,1,9,18,19,9,9,9,9,9,9,9,20,21,22,23,24,9,9,9,9,25,26,27,9,9,9,28,9,9,9,9,9,9,9,9,9,9,29,30,9,9,9,9,4,4,4,4,4,4,4,4,2,2,2,2,2,2,2,2","0.000531911849975586","louvain","edit-xhwikibooks.graphml"
"0.45","0.43","0.12","0.468835227272727","1,1,1,2,3,2,4,2,2,2,4,5,2,2,2,2,6,7,4,8,9,1,10,2,2,2,2,2,1,11,12,13,8,14,4,4,2,2,9,9,9,9,1,1,1,1,9,1,1,1,9,9,9,9,9,1,1,1,1,9,15,9,9,16,17,9,9,9,9,9,1,9,18,19,9,9,9,9,9,9,9,20,21,22,23,24,9,9,9,9,25,26,27,9,9,9,28,9,9,9,9,9,9,9,9,9,9,29,30,9,9,9,9,4,4,4,4,4,4,4,4,2,2,2,2,2,2,2,2","0.000692129135131836","louvain","edit-xhwikibooks.graphml"
"0.44","0.44","0.12","0.468053434525738","1,1,1,2,3,2,4,2,2,2,4,5,2,2,2,2,6,7,4,8,9,1,10,2,2,2,2,2,1,11,12,13,8,14,4,4,2,2,9,9,9,9,1,1,1,1,9,1,1,1,9,9,9,9,9,1,1,1,1,9,15,9,9,16,17,9,9,9,9,9,1,9,18,19,9,9,9,9,9,9,9,20,21,22,23,24,9,9,9,9,25,26,27,9,9,9,28,9,9,9,9,9,9,9,9,9,9,29,30,9,9,9,9,4,4,4,4,4,4,4,4,2,2,2,2,2,2,2,2","0.000527143478393555","louvain","edit-xhwikibooks.graphml"
"0.43","0.45","0.12","0.43469372997508","1,1,1,2,3,2,4,2,2,2,4,5,2,2,2,2,6,7,4,8,9,1,10,2,2,2,2,2,1,11,12,13,8,14,4,4,2,2,9,9,9,9,1,1,1,1,9,1,1,1,9,9,9,9,9,1,1,1,1,9,15,9,9,16,17,9,9,9,9,9,1,9,18,19,9,9,9,9,9,9,9,20,21,22,23,24,9,9,9,9,25,26,27,9,9,9,28,9,9,9,9,9,9,9,9,9,9,29,30,9,9,9,9,4,4,4,4,4,4,4,4,2,2,2,2,2,2,2,2","0.000515937805175781","louvain","edit-xhwikibooks.graphml"
"0.42","0.46","0.12","0.433912802768166","1,1,1,2,3,2,4,2,2,2,4,5,2,2,2,2,6,7,4,8,9,1,10,2,2,2,2,2,1,11,12,13,8,14,4,4,2,2,9,9,9,9,1,1,1,1,9,1,1,1,9,9,9,9,9,1,1,1,1,9,15,9,9,16,17,9,9,9,9,9,1,9,18,19,9,9,9,9,9,9,9,20,21,22,23,24,9,9,9,9,25,26,27,9,9,9,28,9,9,9,9,9,9,9,9,9,9,29,30,9,9,9,9,4,4,4,4,4,4,4,4,2,2,2,2,2,2,2,2","0.000527143478393555","louvain","edit-xhwikibooks.graphml"
"0.41","0.47","0.12","0.436181643853733","1,1,1,2,3,2,4,2,2,2,4,5,2,2,2,2,6,7,4,8,9,1,10,2,2,2,2,2,1,11,12,13,8,14,4,4,2,2,9,9,9,9,1,1,1,1,9,1,1,1,9,9,9,9,9,1,1,1,1,9,15,9,9,16,17,9,9,9,9,9,1,9,18,19,9,9,9,9,9,9,9,20,21,22,23,24,9,9,9,9,25,26,27,9,9,9,28,9,9,9,9,9,9,9,9,9,9,29,30,9,9,9,9,4,4,4,4,4,4,4,4,2,2,2,2,2,2,2,2","0.000540018081665039","louvain","edit-xhwikibooks.graphml"
"0.4","0.48","0.12","0.435402486713578","1,1,1,2,3,2,4,2,2,2,4,5,2,2,2,2,6,7,4,8,9,1,10,2,2,2,2,2,1,11,12,13,8,14,4,4,2,2,9,9,9,9,1,1,1,1,9,1,1,1,9,9,9,9,9,1,1,1,1,9,15,9,9,16,17,9,9,9,9,9,1,9,18,19,9,9,9,9,9,9,9,20,21,22,23,24,9,9,9,9,25,26,27,9,9,9,28,9,9,9,9,9,9,9,9,9,9,29,30,9,9,9,9,4,4,4,4,4,4,4,4,2,2,2,2,2,2,2,2","0.000581979751586914","louvain","edit-xhwikibooks.graphml"
"0.39","0.49","0.12","0.429526188145248","1,1,1,2,3,2,4,2,2,2,5,6,2,2,2,2,7,8,9,10,11,1,12,2,2,2,2,2,1,13,14,15,16,17,9,9,18,2,11,11,11,11,1,1,1,1,11,1,1,1,11,11,11,11,11,1,1,1,1,11,19,11,11,20,21,11,11,11,11,11,1,11,22,23,11,11,11,11,11,11,11,24,25,26,27,28,11,11,11,11,29,30,31,11,11,11,32,11,11,11,11,11,11,11,11,11,11,33,34,11,11,11,11,9,9,9,9,9,9,9,9,18,18,18,18,18,18,18,18","0.000526189804077148","louvain","edit-xhwikibooks.graphml"
"0.38","0.5","0.12","0.51339782961525","1,1,1,2,3,2,4,5,2,2,6,7,5,5,5,2,8,9,10,11,12,1,13,5,5,5,5,2,1,14,15,16,17,18,10,10,5,5,12,12,12,12,1,1,1,1,12,1,1,1,12,12,12,12,12,1,1,1,1,12,19,12,12,20,21,12,12,12,12,12,1,12,22,23,12,12,12,12,12,12,12,24,25,26,27,28,12,12,12,12,29,30,31,12,12,12,32,12,12,12,12,12,12,12,12,12,12,33,34,12,12,12,12,10,10,10,10,10,10,10,10,5,5,5,5,5,5,5,5","0.000540018081665039","louvain","edit-xhwikibooks.graphml"
"0.37","0.51","0.12","0.51339782961525","1,1,1,2,3,2,4,5,2,2,6,7,5,5,5,2,8,9,10,11,12,1,13,5,5,5,5,2,1,14,15,16,17,18,10,10,5,5,12,12,12,12,1,1,1,1,12,1,1,1,12,12,12,12,12,1,1,1,1,12,19,12,12,20,21,12,12,12,12,12,1,12,22,23,12,12,12,12,12,12,12,24,25,26,27,28,12,12,12,12,29,30,31,12,12,12,32,12,12,12,12,12,12,12,12,12,12,33,34,12,12,12,12,10,10,10,10,10,10,10,10,5,5,5,5,5,5,5,5","0.000530004501342773","louvain","edit-xhwikibooks.graphml"
"0.36","0.52","0.12","0.51339782961525","1,1,1,2,3,2,4,5,2,2,6,7,5,5,5,2,8,9,10,11,12,1,13,5,5,5,5,2,1,14,15,16,17,18,10,10,5,5,12,12,12,12,1,1,1,1,12,1,1,1,12,12,12,12,12,1,1,1,1,12,19,12,12,20,21,12,12,12,12,12,1,12,22,23,12,12,12,12,12,12,12,24,25,26,27,28,12,12,12,12,29,30,31,12,12,12,32,12,12,12,12,12,12,12,12,12,12,33,34,12,12,12,12,10,10,10,10,10,10,10,10,5,5,5,5,5,5,5,5","0.00055694580078125","louvain","edit-xhwikibooks.graphml"
"0.35","0.53","0.12","0.512609778180172","1,1,1,2,3,2,4,5,2,2,6,7,5,5,5,2,8,9,10,11,12,1,13,5,5,5,5,2,1,14,15,16,17,18,10,10,5,5,12,12,12,12,1,1,1,1,12,1,1,1,12,12,12,12,12,1,1,1,1,12,19,12,12,20,21,12,12,12,12,12,1,12,22,23,12,12,12,12,12,12,12,24,25,26,27,28,12,12,12,12,29,30,31,12,12,12,32,12,12,12,12,12,12,12,12,12,12,33,34,12,12,12,12,10,10,10,10,10,10,10,10,5,5,5,5,5,5,5,5","0.000531196594238281","louvain","edit-xhwikibooks.graphml"
"0.34","0.54","0.12","0.514334590990845","1,1,1,2,3,2,4,5,2,2,6,7,5,5,5,2,8,9,10,11,12,1,13,5,5,5,5,2,1,14,15,16,17,18,10,10,5,5,12,12,12,12,1,1,1,1,12,1,1,1,12,12,12,12,12,1,1,1,1,12,19,12,12,20,21,12,12,12,12,12,1,12,22,23,12,12,12,12,12,12,12,24,25,26,27,28,12,12,12,12,29,30,31,12,12,12,32,12,12,12,12,12,12,12,12,12,12,33,34,12,12,12,12,10,10,10,10,10,10,10,10,5,5,5,5,5,5,5,5","0.000552892684936523","louvain","edit-xhwikibooks.graphml"
"0.33","0.55","0.12","0.513548998132721","1,1,1,2,3,2,4,5,2,2,6,7,5,5,5,2,8,9,10,11,12,1,13,5,5,5,5,2,1,14,15,16,17,18,10,10,5,5,12,12,12,12,1,1,1,1,12,1,1,1,12,12,12,12,12,1,1,1,1,12,19,12,12,20,21,12,12,12,12,12,1,12,22,23,12,12,12,12,12,12,12,24,25,26,27,28,12,12,12,12,29,30,31,12,12,12,32,12,12,12,12,12,12,12,12,12,12,33,34,12,12,12,12,10,10,10,10,10,10,10,10,5,5,5,5,5,5,5,5","0.000555038452148438","louvain","edit-xhwikibooks.graphml"
"0.32","0.56","0.12","0.516661770727625","1,1,1,2,3,2,4,5,2,2,6,7,5,5,5,2,8,9,10,11,12,1,13,5,5,5,5,2,1,14,15,16,17,18,10,10,5,5,12,12,12,12,1,1,1,1,12,1,1,1,12,12,12,12,12,1,1,1,1,12,19,12,12,20,21,12,12,12,12,12,1,12,22,23,12,12,12,12,12,12,12,24,25,26,27,28,12,12,12,12,29,30,31,12,12,12,32,12,12,12,12,12,12,12,12,12,12,33,34,12,12,12,12,10,10,10,10,10,10,10,10,5,5,5,5,5,5,5,5","0.000548124313354492","louvain","edit-xhwikibooks.graphml"
"0.31","0.57","0.12","0.515880332409972","1,1,1,2,3,2,4,5,2,2,6,7,5,5,5,2,8,9,10,11,12,1,13,5,5,5,5,2,1,14,15,16,17,18,10,10,5,5,12,12,12,12,1,1,1,1,12,1,1,1,12,12,12,12,12,1,1,1,1,12,19,12,12,20,21,12,12,12,12,12,1,12,22,23,12,12,12,12,12,12,12,24,25,26,27,28,12,12,12,12,29,30,31,12,12,12,32,12,12,12,12,12,12,12,12,12,12,33,34,12,12,12,12,10,10,10,10,10,10,10,10,5,5,5,5,5,5,5,5","0.000560998916625977","louvain","edit-xhwikibooks.graphml"
"0.3","0.58","0.12","0.520611946569563","1,1,1,2,3,2,4,5,2,2,6,7,5,5,5,2,8,9,10,11,12,1,13,5,5,5,5,2,1,14,15,16,17,18,10,10,5,5,12,12,12,12,1,1,1,1,12,1,1,1,12,12,12,12,12,1,1,1,1,12,19,12,12,20,21,12,12,12,12,12,1,12,22,23,12,12,12,12,12,12,12,24,25,26,27,28,12,12,12,12,29,30,31,12,12,12,32,12,12,12,12,12,12,12,12,12,12,33,34,12,12,12,12,10,10,10,10,10,10,10,10,5,5,5,5,5,5,5,5","0.000555038452148438","louvain","edit-xhwikibooks.graphml"
"0.29","0.59","0.12","0.519835164595691","1,1,1,2,3,2,4,5,2,2,6,7,5,5,5,2,8,9,10,11,12,1,13,5,5,5,5,2,1,14,15,16,17,18,10,10,5,5,12,12,12,12,1,1,1,1,12,1,1,1,12,12,12,12,12,1,1,1,1,12,19,12,12,20,21,12,12,12,12,12,1,12,22,23,12,12,12,12,12,12,12,24,25,26,27,28,12,12,12,12,29,30,31,12,12,12,32,12,12,12,12,12,12,12,12,12,12,33,34,12,12,12,12,10,10,10,10,10,10,10,10,5,5,5,5,5,5,5,5","0.000560998916625977","louvain","edit-xhwikibooks.graphml"
"0.28","0.6","0.12","0.523188869342715","1,1,1,2,3,2,4,5,2,2,6,7,5,5,5,2,8,9,10,11,12,1,13,5,5,5,5,2,1,14,15,16,17,18,10,10,5,5,12,12,12,12,1,1,1,1,12,1,1,1,12,12,12,12,12,1,1,1,1,12,19,12,12,20,21,12,12,12,12,12,1,12,22,23,12,12,12,12,12,12,12,24,25,26,27,28,12,12,12,12,29,30,31,12,12,12,32,12,12,12,12,12,12,12,12,12,12,33,34,12,12,12,12,10,10,10,10,10,10,10,10,5,5,5,5,5,5,5,5","0.00061798095703125","louvain","edit-xhwikibooks.graphml"
"0.27","0.61","0.12","0.514430036720571","1,1,1,2,3,4,5,4,4,6,7,8,4,4,4,4,9,10,11,12,13,1,14,4,4,4,4,15,16,17,18,19,20,21,11,11,22,4,13,13,13,13,1,1,1,1,13,1,1,1,13,13,13,13,13,1,1,1,1,13,23,13,13,24,25,13,13,13,13,13,1,13,26,27,13,13,13,13,13,13,13,28,29,30,31,32,13,13,13,13,33,34,35,13,13,13,36,13,13,13,13,13,13,13,13,13,13,37,38,13,13,13,13,11,11,11,11,11,11,11,11,22,22,22,22,22,22,22,22","0.000510931015014648","louvain","edit-xhwikibooks.graphml"
"0.26","0.62","0.12","0.516129812023962","1,1,1,2,3,4,5,4,4,6,7,8,4,4,4,4,9,10,11,12,13,1,14,4,4,4,4,15,16,17,18,19,20,21,11,11,22,4,13,13,13,13,1,1,1,1,13,1,1,1,13,13,13,13,13,1,1,1,1,13,23,13,13,24,25,13,13,13,13,13,1,13,26,27,13,13,13,13,13,13,13,28,29,30,31,32,13,13,13,13,33,34,35,13,13,13,36,13,13,13,13,13,13,13,13,13,13,37,38,13,13,13,13,11,11,11,11,11,11,11,11,22,22,22,22,22,22,22,22","0.000507116317749023","louvain","edit-xhwikibooks.graphml"
"0.25","0.63","0.12","0.517028342798367","1,1,1,2,3,4,5,4,4,6,7,8,4,4,4,4,9,10,11,12,13,1,14,4,4,4,4,15,16,17,18,19,20,21,11,11,22,4,13,13,13,13,1,1,1,1,13,1,1,1,13,13,13,13,13,1,1,1,1,13,23,13,13,24,25,13,13,13,13,13,1,13,26,27,13,13,13,13,13,13,13,28,29,30,31,32,13,13,13,13,33,34,35,13,13,13,36,13,13,13,13,13,13,13,13,13,13,37,38,13,13,13,13,11,11,11,11,11,11,11,11,22,22,22,22,22,22,22,22","0.000552892684936523","louvain","edit-xhwikibooks.graphml"
"0.24","0.64","0.12","0.517028342798367","1,1,1,2,3,4,5,4,4,6,7,8,4,4,4,4,9,10,11,12,13,1,14,4,4,4,4,15,16,17,18,19,20,21,11,11,22,4,13,13,13,13,1,1,1,1,13,1,1,1,13,13,13,13,13,1,1,1,1,13,23,13,13,24,25,13,13,13,13,13,1,13,26,27,13,13,13,13,13,13,13,28,29,30,31,32,13,13,13,13,33,34,35,13,13,13,36,13,13,13,13,13,13,13,13,13,13,37,38,13,13,13,13,11,11,11,11,11,11,11,11,22,22,22,22,22,22,22,22","0.000538110733032227","louvain","edit-xhwikibooks.graphml"
"0.23","0.65","0.12","0.552822846099938","1,1,1,2,3,4,5,4,4,6,7,8,4,4,4,4,9,10,11,12,13,1,14,4,4,4,4,15,16,17,18,19,20,21,11,11,4,4,13,13,13,13,1,1,1,1,13,1,1,1,13,13,13,13,13,1,1,1,1,13,22,13,13,23,24,13,13,13,13,13,1,13,25,26,13,13,13,13,13,13,13,27,28,29,30,31,13,13,13,13,32,33,34,13,13,13,35,13,13,13,13,13,13,13,13,13,13,36,37,13,13,13,13,11,11,11,11,11,11,11,11,4,4,4,4,4,4,4,4","0.000545024871826172","louvain","edit-xhwikibooks.graphml"
"0.22","0.66","0.12","0.554309392851834","1,1,1,2,3,4,5,4,4,6,7,8,4,4,4,4,9,10,11,12,13,1,14,4,4,4,4,15,16,17,18,19,20,21,11,11,22,4,13,13,13,13,1,1,1,1,13,1,1,1,13,13,13,13,13,1,1,1,1,13,23,13,13,24,25,13,13,13,13,13,1,13,26,27,13,13,13,13,13,13,13,28,29,30,31,32,13,13,13,13,33,34,35,13,13,13,36,13,13,13,13,13,13,13,13,13,13,37,38,13,13,13,13,11,11,11,11,11,11,11,11,22,22,22,22,22,22,22,22","0.000526905059814453","louvain","edit-xhwikibooks.graphml"
"0.21","0.67","0.12","0.57601896815988","1,1,1,2,3,4,5,6,6,7,8,9,6,6,6,4,10,11,12,13,14,1,15,6,6,6,6,16,17,18,19,20,21,22,12,12,23,6,14,14,14,14,1,1,1,1,14,1,1,1,14,14,14,14,14,1,1,1,1,14,24,14,14,25,26,14,14,14,14,14,1,14,27,28,14,14,14,14,14,14,14,29,30,31,32,33,14,14,14,14,34,35,36,14,14,14,37,14,14,14,14,14,14,14,14,14,14,38,39,14,14,14,14,12,12,12,12,12,12,12,12,23,23,23,23,23,23,23,23","0.00064396858215332","louvain","edit-xhwikibooks.graphml"
"0.2","0.68","0.12","0.568830490776192","1,1,1,2,3,4,5,6,6,7,8,9,6,6,6,4,10,11,12,13,14,1,15,6,6,6,6,16,17,18,19,20,21,22,12,12,23,6,14,14,14,14,1,1,1,1,14,1,1,1,14,14,14,14,14,1,1,1,1,14,24,14,14,25,26,14,14,14,14,14,1,14,27,28,14,14,14,14,14,14,14,29,30,31,32,33,14,14,14,14,34,35,36,14,14,14,37,14,14,14,14,14,14,14,14,14,14,38,39,14,14,14,14,12,12,12,12,12,12,12,12,23,23,23,23,23,23,23,23","0.000566005706787109","louvain","edit-xhwikibooks.graphml"
"0.19","0.69","0.12","0.567946843041238","1,1,1,2,3,4,5,6,6,7,8,9,6,6,6,4,10,11,12,13,14,1,15,6,6,6,6,16,17,18,19,20,21,22,12,12,23,6,14,14,14,14,1,1,1,1,14,1,1,1,14,14,14,14,14,1,1,1,1,14,24,14,14,25,26,14,14,14,14,14,1,14,27,28,14,14,14,14,14,14,14,29,30,31,32,33,14,14,14,14,34,35,36,14,14,14,37,14,14,14,14,14,14,14,14,14,14,38,39,14,14,14,14,12,12,12,12,12,12,12,12,23,23,23,23,23,23,23,23","0.000568151473999023","louvain","edit-xhwikibooks.graphml"
"0.18","0.7","0.12","0.569485025566106","1,1,1,2,3,4,5,6,6,7,8,9,6,6,6,4,10,11,12,13,14,1,15,6,6,6,6,16,17,18,19,20,21,22,12,12,23,6,14,14,14,14,1,1,1,1,14,1,1,1,14,14,14,14,14,1,1,1,1,14,24,14,14,25,26,14,14,14,14,14,1,14,27,28,14,14,14,14,14,14,14,29,30,31,32,33,14,14,14,14,34,35,36,14,14,14,37,14,14,14,14,14,14,14,14,14,14,38,39,14,14,14,14,12,12,12,12,12,12,12,12,23,23,23,23,23,23,23,23","0.000597000122070312","louvain","edit-xhwikibooks.graphml"
"0.17","0.71","0.12","0.568604974119429","1,1,1,2,3,4,5,6,6,7,8,9,6,6,6,4,10,11,12,13,14,1,15,6,6,6,6,16,17,18,19,20,21,22,12,12,23,6,14,14,14,14,1,1,1,1,14,1,1,1,14,14,14,14,14,1,1,1,1,14,24,14,14,25,26,14,14,14,14,14,1,14,27,28,14,14,14,14,14,14,14,29,30,31,32,33,14,14,14,14,34,35,36,14,14,14,37,14,14,14,14,14,14,14,14,14,14,38,39,14,14,14,14,12,12,12,12,12,12,12,12,23,23,23,23,23,23,23,23","0.000591039657592773","louvain","edit-xhwikibooks.graphml"
"0.16","0.72","0.12","0.571420706774971","1,1,1,2,3,4,5,6,6,7,8,9,6,6,6,4,10,11,12,13,14,1,15,6,6,6,6,16,17,18,19,20,21,22,12,12,23,6,14,14,14,14,1,1,1,1,14,1,1,1,14,14,14,14,14,1,1,1,1,14,24,14,14,25,26,14,14,14,14,14,1,14,27,28,14,14,14,14,14,14,14,29,30,31,32,33,14,14,14,14,34,35,36,14,14,14,37,14,14,14,14,14,14,14,14,14,14,38,39,14,14,14,14,12,12,12,12,12,12,12,12,23,23,23,23,23,23,23,23","0.000568151473999023","louvain","edit-xhwikibooks.graphml"
"0.15","0.73","0.12","0.566696124226739","1,1,1,2,3,4,5,4,4,6,7,8,4,4,4,9,10,11,12,13,14,1,15,4,4,4,4,16,17,18,19,20,21,22,12,12,23,24,14,14,14,14,1,1,1,1,14,1,1,1,14,14,14,14,14,1,1,1,1,14,25,14,14,26,27,14,14,14,14,14,1,14,28,29,14,14,14,14,14,14,14,30,31,32,33,34,14,14,14,14,35,36,37,14,14,14,38,14,14,14,14,14,14,14,14,14,14,39,40,14,14,14,14,12,12,12,12,12,12,12,12,23,23,23,23,23,23,23,23","0.000544071197509766","louvain","edit-xhwikibooks.graphml"
"0.14","0.74","0.12","0.566696124226739","1,1,1,2,3,4,5,4,4,6,7,8,4,4,4,9,10,11,12,13,14,1,15,4,4,4,4,16,17,18,19,20,21,22,12,12,23,24,14,14,14,14,1,1,1,1,14,1,1,1,14,14,14,14,14,1,1,1,1,14,25,14,14,26,27,14,14,14,14,14,1,14,28,29,14,14,14,14,14,14,14,30,31,32,33,34,14,14,14,14,35,36,37,14,14,14,38,14,14,14,14,14,14,14,14,14,14,39,40,14,14,14,14,12,12,12,12,12,12,12,12,23,23,23,23,23,23,23,23","0.000552892684936523","louvain","edit-xhwikibooks.graphml"
"0.13","0.75","0.12","0.570582487190044","1,1,1,2,3,4,5,4,4,6,7,8,4,4,4,9,10,11,12,13,14,1,15,4,4,4,4,16,17,18,19,20,21,22,12,12,23,24,14,14,14,14,1,1,1,1,14,1,1,1,14,14,14,14,14,1,1,1,1,14,25,14,14,26,27,14,14,14,14,14,1,14,28,29,14,14,14,14,14,14,14,30,31,32,33,34,14,14,14,14,35,36,37,14,14,14,38,14,14,14,14,14,14,14,14,14,14,39,40,14,14,14,14,12,12,12,12,12,12,12,12,23,23,23,23,23,23,23,23","0.000531911849975586","louvain","edit-xhwikibooks.graphml"
"0.12","0.76","0.12","0.572088888888889","1,1,1,2,3,4,5,4,4,6,7,8,4,4,4,9,10,11,12,13,14,1,15,4,4,4,4,16,17,18,19,20,21,22,12,12,23,24,14,14,14,14,1,1,1,1,14,1,1,1,14,14,14,14,14,1,1,1,1,14,25,14,14,26,27,14,14,14,14,14,1,14,28,29,14,14,14,14,14,14,14,30,31,32,33,34,14,14,14,14,35,36,37,14,14,14,38,14,14,14,14,14,14,14,14,14,14,39,40,14,14,14,14,12,12,12,12,12,12,12,12,23,23,23,23,23,23,23,23","0.000579833984375","louvain","edit-xhwikibooks.graphml"
"0.11","0.77","0.12","0.574444444444444","1,1,1,2,3,4,5,4,4,6,7,8,4,4,4,9,10,11,12,13,14,1,15,4,4,4,4,16,17,18,19,20,21,22,12,12,23,24,14,14,14,14,1,1,1,1,14,1,1,1,14,14,14,14,14,1,1,1,1,14,25,14,14,26,27,14,14,14,14,14,1,14,28,29,14,14,14,14,14,14,14,30,31,32,33,34,14,14,14,14,35,36,37,14,14,14,38,14,14,14,14,14,14,14,14,14,14,39,40,14,14,14,14,12,12,12,12,12,12,12,12,23,23,23,23,23,23,23,23","0.000586986541748047","louvain","edit-xhwikibooks.graphml"
"0.1","0.78","0.12","0.578024025306138","1,1,1,2,3,4,5,4,4,6,7,8,4,4,4,9,10,11,12,13,14,1,15,4,4,4,4,16,17,18,19,20,21,22,12,12,23,24,14,14,14,14,1,1,1,1,14,1,1,1,14,14,14,14,14,1,1,1,1,14,25,14,14,26,27,14,14,14,14,14,1,14,28,29,14,14,14,14,14,14,14,30,31,32,33,34,14,14,14,14,35,36,37,14,14,14,38,14,14,14,14,14,14,14,14,14,14,39,40,14,14,14,14,12,12,12,12,12,12,12,12,23,23,23,23,23,23,23,23","0.000519037246704102","louvain","edit-xhwikibooks.graphml"
"0.09","0.79","0.12","0.578024025306138","1,1,1,2,3,4,5,4,4,6,7,8,4,4,4,9,10,11,12,13,14,1,15,4,4,4,4,16,17,18,19,20,21,22,12,12,23,24,14,14,14,14,1,1,1,1,14,1,1,1,14,14,14,14,14,1,1,1,1,14,25,14,14,26,27,14,14,14,14,14,1,14,28,29,14,14,14,14,14,14,14,30,31,32,33,34,14,14,14,14,35,36,37,14,14,14,38,14,14,14,14,14,14,14,14,14,14,39,40,14,14,14,14,12,12,12,12,12,12,12,12,23,23,23,23,23,23,23,23","0.000558137893676758","louvain","edit-xhwikibooks.graphml"
"0.08","0.8","0.12","0.579897437861804","1,1,1,2,3,4,5,4,4,6,7,8,4,4,4,9,10,11,12,13,14,1,15,4,4,4,4,16,17,18,19,20,21,22,12,12,23,24,14,14,14,14,1,1,1,1,14,1,1,1,14,14,14,14,14,1,1,1,1,14,25,14,14,26,27,14,14,14,14,14,1,14,28,29,14,14,14,14,14,14,14,30,31,32,33,34,14,14,14,14,35,36,37,14,14,14,38,14,14,14,14,14,14,14,14,14,14,39,40,14,14,14,14,12,12,12,12,12,12,12,12,23,23,23,23,23,23,23,23","0.000530004501342773","louvain","edit-xhwikibooks.graphml"
"0.07","0.81","0.12","0.579897437861804","1,1,1,2,3,4,5,4,4,6,7,8,4,4,4,9,10,11,12,13,14,1,15,4,4,4,4,16,17,18,19,20,21,22,12,12,23,24,14,14,14,14,1,1,1,1,14,1,1,1,14,14,14,14,14,1,1,1,1,14,25,14,14,26,27,14,14,14,14,14,1,14,28,29,14,14,14,14,14,14,14,30,31,32,33,34,14,14,14,14,35,36,37,14,14,14,38,14,14,14,14,14,14,14,14,14,14,39,40,14,14,14,14,12,12,12,12,12,12,12,12,23,23,23,23,23,23,23,23","0.000564098358154297","louvain","edit-xhwikibooks.graphml"
"0.06","0.82","0.12","0.579041208214946","1,1,1,2,3,4,5,4,4,6,7,8,4,4,4,9,10,11,12,13,14,1,15,4,4,4,4,16,17,18,19,20,21,22,12,12,23,24,14,14,14,14,1,1,1,1,14,1,1,1,14,14,14,14,14,1,1,1,1,14,25,14,14,26,27,14,14,14,14,14,1,14,28,29,14,14,14,14,14,14,14,30,31,32,33,34,14,14,14,14,35,36,37,14,14,14,38,14,14,14,14,14,14,14,14,14,14,39,40,14,14,14,14,12,12,12,12,12,12,12,12,23,23,23,23,23,23,23,23","0.000571012496948242","louvain","edit-xhwikibooks.graphml"
"0.05","0.83","0.12","0.579041208214946","1,1,1,2,3,4,5,4,4,6,7,8,4,4,4,9,10,11,12,13,14,1,15,4,4,4,4,16,17,18,19,20,21,22,12,12,23,24,14,14,14,14,1,1,1,1,14,1,1,1,14,14,14,14,14,1,1,1,1,14,25,14,14,26,27,14,14,14,14,14,1,14,28,29,14,14,14,14,14,14,14,30,31,32,33,34,14,14,14,14,35,36,37,14,14,14,38,14,14,14,14,14,14,14,14,14,14,39,40,14,14,14,14,12,12,12,12,12,12,12,12,23,23,23,23,23,23,23,23","0.000593185424804688","louvain","edit-xhwikibooks.graphml"
"0.04","0.84","0.12","0.579456521739131","1,1,1,2,3,4,5,4,4,6,7,8,4,4,4,9,10,11,12,13,14,1,15,4,4,4,4,16,17,18,19,20,21,22,12,12,23,24,14,14,14,14,1,1,1,1,14,1,1,1,14,14,14,14,14,1,1,1,1,14,25,14,14,26,27,14,14,14,14,14,1,14,28,29,14,14,14,14,14,14,14,30,31,32,33,34,14,14,14,14,35,36,37,14,14,14,38,14,14,14,14,14,14,14,14,14,14,39,40,14,14,14,14,12,12,12,12,12,12,12,12,23,23,23,23,23,23,23,23","0.00061488151550293","louvain","edit-xhwikibooks.graphml"
"0.03","0.85","0.12","0.579406652653352","1,1,1,2,3,4,5,6,7,8,9,10,6,6,6,11,12,13,14,15,16,1,17,6,6,6,6,18,19,20,21,22,23,24,14,14,25,26,16,16,16,16,1,1,1,1,16,1,1,1,16,16,16,16,16,1,1,1,1,16,27,16,16,28,29,16,16,16,16,16,1,16,30,31,16,16,16,16,16,16,16,32,33,34,35,36,16,16,16,16,37,38,39,16,16,16,40,16,16,16,16,16,16,16,16,16,16,41,42,16,16,16,16,14,14,14,14,14,14,14,14,25,25,25,25,25,25,25,25","0.0233440399169922","louvain","edit-xhwikibooks.graphml"
"0.02","0.86","0.12","0.581226370510397","1,1,1,2,3,4,5,6,7,8,9,10,6,6,6,11,12,13,14,15,16,1,17,6,6,6,6,18,19,20,21,22,23,24,14,14,25,26,16,16,16,16,1,1,1,1,16,1,1,1,16,16,16,16,16,1,1,1,1,16,27,16,16,28,29,16,16,16,16,16,1,16,30,31,16,16,16,16,16,16,16,32,33,34,35,36,16,16,16,16,37,38,39,16,16,16,40,16,16,16,16,16,16,16,16,16,16,41,42,16,16,16,16,14,14,14,14,14,14,14,14,25,25,25,25,25,25,25,25","0.000702857971191406","louvain","edit-xhwikibooks.graphml"
"0.01","0.87","0.12","0.581226370510397","1,1,1,2,3,4,5,6,7,8,9,10,6,6,6,11,12,13,14,15,16,1,17,6,6,6,6,18,19,20,21,22,23,24,14,14,25,26,16,16,16,16,1,1,1,1,16,1,1,1,16,16,16,16,16,1,1,1,1,16,27,16,16,28,29,16,16,16,16,16,1,16,30,31,16,16,16,16,16,16,16,32,33,34,35,36,16,16,16,16,37,38,39,16,16,16,40,16,16,16,16,16,16,16,16,16,16,41,42,16,16,16,16,14,14,14,14,14,14,14,14,25,25,25,25,25,25,25,25","0.000568866729736328","louvain","edit-xhwikibooks.graphml"
"0","0.88","0.12","0.583269413397619","1,1,1,1,1,2,3,4,5,6,7,8,4,4,4,9,10,11,12,13,14,1,15,4,4,4,4,16,1,17,18,19,20,21,12,12,22,23,14,14,14,14,1,1,1,1,14,1,1,1,14,14,14,14,14,1,1,1,1,14,24,14,14,25,26,14,14,14,14,14,1,14,27,28,14,14,14,14,14,14,14,29,30,31,32,33,14,14,14,14,34,35,36,14,14,14,37,14,14,14,14,14,14,14,14,14,14,38,39,14,14,14,14,12,12,12,12,12,12,12,12,22,22,22,22,22,22,22,22","0.000575065612792969","louvain","edit-xhwikibooks.graphml"
"0.87","0","0.13","0.45336731301939","1,2,1,1,1,3,1,3,3,3,1,1,3,3,3,4,3,1,5,1,6,2,3,3,3,3,3,4,2,3,1,5,1,1,5,5,3,3,6,6,6,6,2,2,2,2,6,2,2,2,6,6,6,6,6,2,2,2,2,6,3,6,6,3,3,6,6,6,6,6,2,6,3,3,6,6,6,6,6,6,6,3,4,4,4,2,6,6,6,6,3,1,5,6,6,6,4,6,6,6,6,6,6,6,6,6,6,1,1,6,6,6,6,5,5,5,5,5,5,5,5,3,3,3,3,3,3,3,3","0.000588178634643555","louvain","edit-xhwikibooks.graphml"
"0.86","0.01","0.13","0.45336731301939","1,2,1,1,1,3,1,3,3,3,1,1,3,3,3,4,3,1,5,1,6,2,3,3,3,3,3,4,2,3,1,5,1,1,5,5,3,3,6,6,6,6,2,2,2,2,6,2,2,2,6,6,6,6,6,2,2,2,2,6,3,6,6,3,3,6,6,6,6,6,2,6,3,3,6,6,6,6,6,6,6,3,4,4,4,2,6,6,6,6,3,1,5,6,6,6,4,6,6,6,6,6,6,6,6,6,6,1,1,6,6,6,6,5,5,5,5,5,5,5,5,3,3,3,3,3,3,3,3","0.000557899475097656","louvain","edit-xhwikibooks.graphml"
"0.85","0.02","0.13","0.45336731301939","1,2,1,1,1,3,1,3,3,3,1,1,3,3,3,4,3,1,5,1,6,2,3,3,3,3,3,4,2,3,1,5,1,1,5,5,3,3,6,6,6,6,2,2,2,2,6,2,2,2,6,6,6,6,6,2,2,2,2,6,3,6,6,3,3,6,6,6,6,6,2,6,3,3,6,6,6,6,6,6,6,3,4,4,4,2,6,6,6,6,3,1,5,6,6,6,4,6,6,6,6,6,6,6,6,6,6,1,1,6,6,6,6,5,5,5,5,5,5,5,5,3,3,3,3,3,3,3,3","0.000617027282714844","louvain","edit-xhwikibooks.graphml"
"0.84","0.03","0.13","0.452651648894852","1,2,1,1,1,3,1,3,3,3,1,1,3,3,3,4,3,1,5,1,6,2,3,3,3,3,3,4,2,3,1,5,1,1,5,5,3,3,6,6,6,6,2,2,2,2,6,2,2,2,6,6,6,6,6,2,2,2,2,6,3,6,6,3,3,6,6,6,6,6,2,6,3,3,6,6,6,6,6,6,6,3,4,4,4,2,6,6,6,6,3,1,5,6,6,6,4,6,6,6,6,6,6,6,6,6,6,1,1,6,6,6,6,5,5,5,5,5,5,5,5,3,3,3,3,3,3,3,3","0.000642061233520508","louvain","edit-xhwikibooks.graphml"
"0.83","0.04","0.13","0.452651648894852","1,2,1,1,1,3,1,3,3,3,1,1,3,3,3,4,3,1,5,1,6,2,3,3,3,3,3,4,2,3,1,5,1,1,5,5,3,3,6,6,6,6,2,2,2,2,6,2,2,2,6,6,6,6,6,2,2,2,2,6,3,6,6,3,3,6,6,6,6,6,2,6,3,3,6,6,6,6,6,6,6,3,4,4,4,2,6,6,6,6,3,1,5,6,6,6,4,6,6,6,6,6,6,6,6,6,6,1,1,6,6,6,6,5,5,5,5,5,5,5,5,3,3,3,3,3,3,3,3","0.000516891479492188","louvain","edit-xhwikibooks.graphml"
"0.82","0.05","0.13","0.427021403091558","1,2,1,1,1,1,1,3,1,1,1,1,3,3,3,1,1,1,4,1,5,2,3,3,3,3,3,1,2,1,1,4,1,1,4,4,3,3,5,5,5,5,2,2,2,2,5,2,2,2,5,5,5,5,5,2,2,2,2,5,3,5,5,3,3,5,5,5,5,5,2,5,3,3,5,5,5,5,5,5,5,3,1,1,1,2,5,5,5,5,1,1,4,5,5,5,1,5,5,5,5,5,5,5,5,5,5,1,1,5,5,5,5,4,4,4,4,4,4,4,4,3,3,3,3,3,3,3,3","0.0005340576171875","louvain","edit-xhwikibooks.graphml"
"0.81","0.06","0.13","0.427144489447087","1,2,1,1,1,3,1,3,3,3,1,1,3,3,3,3,3,1,4,1,5,2,3,3,3,3,3,3,2,3,1,4,1,1,4,4,3,3,5,5,5,5,2,2,2,2,5,2,2,2,5,5,5,5,5,2,2,2,2,5,3,5,5,3,3,5,5,5,5,5,2,5,3,3,5,5,5,5,5,5,5,3,3,3,3,2,5,5,5,5,3,1,4,5,5,5,3,5,5,5,5,5,5,5,5,5,5,1,1,5,5,5,5,4,4,4,4,4,4,4,4,3,3,3,3,3,3,3,3","0.000560998916625977","louvain","edit-xhwikibooks.graphml"
"0.8","0.07","0.13","0.426310556133657","1,2,1,1,1,1,1,3,1,1,1,1,3,3,3,1,1,1,4,1,5,2,3,3,3,3,3,1,2,1,1,4,1,1,4,4,3,3,5,5,5,5,2,2,2,2,5,2,2,2,5,5,5,5,5,2,2,2,2,5,3,5,5,3,3,5,5,5,5,5,2,5,3,3,5,5,5,5,5,5,5,3,1,1,1,2,5,5,5,5,1,1,4,5,5,5,1,5,5,5,5,5,5,5,5,5,5,1,1,5,5,5,5,4,4,4,4,4,4,4,4,3,3,3,3,3,3,3,3","0.000533819198608398","louvain","edit-xhwikibooks.graphml"
"0.79","0.08","0.13","0.428387887048942","1,2,1,1,1,1,1,3,1,1,1,1,3,3,3,1,1,1,4,1,5,2,3,3,3,3,3,1,2,1,1,4,1,1,4,4,3,3,5,5,5,5,2,2,2,2,5,2,2,2,5,5,5,5,5,2,2,2,2,5,3,5,5,3,3,5,5,5,5,5,2,5,3,3,5,5,5,5,5,5,5,3,1,1,1,2,5,5,5,5,1,1,4,5,5,5,1,5,5,5,5,5,5,5,5,5,5,1,1,5,5,5,5,4,4,4,4,4,4,4,4,3,3,3,3,3,3,3,3","0.000547885894775391","louvain","edit-xhwikibooks.graphml"
"0.78","0.09","0.13","0.425601871465675","1,2,1,1,1,1,1,3,1,1,1,1,3,3,3,1,1,1,4,1,5,2,3,3,3,3,3,1,2,1,1,4,1,1,4,4,3,3,5,5,5,5,2,2,2,2,5,2,2,2,5,5,5,5,5,2,2,2,2,5,3,5,5,3,3,5,5,5,5,5,2,5,3,3,5,5,5,5,5,5,5,3,1,1,1,2,5,5,5,5,1,1,4,5,5,5,1,5,5,5,5,5,5,5,5,5,5,1,1,5,5,5,5,4,4,4,4,4,4,4,4,3,3,3,3,3,3,3,3","0.00054621696472168","louvain","edit-xhwikibooks.graphml"
"0.77","0.1","0.13","0.425733113522076","1,2,1,1,1,3,1,3,3,3,1,1,3,3,3,3,3,1,4,1,5,2,3,3,3,3,3,3,2,3,1,4,1,1,4,4,3,3,5,5,5,5,2,2,2,2,5,2,2,2,5,5,5,5,5,2,2,2,2,5,3,5,5,3,3,5,5,5,5,5,2,5,3,3,5,5,5,5,5,5,5,3,3,3,3,2,5,5,5,5,3,1,4,5,5,5,3,5,5,5,5,5,5,5,5,5,5,1,1,5,5,5,5,4,4,4,4,4,4,4,4,3,3,3,3,3,3,3,3","0.000573873519897461","louvain","edit-xhwikibooks.graphml"
"0.76","0.11","0.13","0.42503060677063","1,2,1,1,1,3,1,3,3,3,1,1,3,3,3,3,3,1,4,1,5,2,3,3,3,3,3,3,2,3,1,4,1,1,4,4,3,3,5,5,5,5,2,2,2,2,5,2,2,2,5,5,5,5,5,2,2,2,2,5,3,5,5,3,3,5,5,5,5,5,2,5,3,3,5,5,5,5,5,5,5,3,3,3,3,2,5,5,5,5,3,1,4,5,5,5,3,5,5,5,5,5,5,5,5,5,5,1,1,5,5,5,5,4,4,4,4,4,4,4,4,3,3,3,3,3,3,3,3","0.000526189804077148","louvain","edit-xhwikibooks.graphml"
"0.75","0.12","0.13","0.463943798937009","1,2,1,1,3,1,3,4,1,1,3,3,4,4,4,1,1,3,5,3,6,2,4,4,4,4,4,1,2,1,3,5,3,3,5,5,4,4,6,6,6,6,2,2,2,2,6,2,2,2,6,6,6,6,6,2,2,2,2,6,4,6,6,4,4,6,6,6,6,6,2,6,4,4,6,6,6,6,6,6,6,4,1,1,1,2,6,6,6,6,1,3,5,6,6,6,1,6,6,6,6,6,6,6,6,6,6,3,3,6,6,6,6,5,5,5,5,5,5,5,5,4,4,4,4,4,4,4,4","0.00050806999206543","louvain","edit-xhwikibooks.graphml"
"0.74","0.13","0.13","0.46312633499466","1,2,1,1,3,1,3,4,1,1,3,3,4,4,4,1,1,3,5,3,6,2,4,4,4,4,4,1,2,1,3,5,3,3,5,5,4,4,6,6,6,6,2,2,2,2,6,2,2,2,6,6,6,6,6,2,2,2,2,6,4,6,6,4,4,6,6,6,6,6,2,6,4,4,6,6,6,6,6,6,6,4,1,1,1,2,6,6,6,6,1,3,5,6,6,6,1,6,6,6,6,6,6,6,6,6,6,3,3,6,6,6,6,5,5,5,5,5,5,5,5,4,4,4,4,4,4,4,4","0.000511884689331055","louvain","edit-xhwikibooks.graphml"
"0.73","0.14","0.13","0.452446727917932","1,2,1,1,1,1,1,3,1,1,1,1,3,3,3,1,1,1,4,1,5,2,3,3,3,3,3,1,2,1,1,4,1,1,4,4,3,3,5,5,5,5,2,2,2,2,5,2,2,2,5,5,5,5,5,2,2,2,2,5,6,5,5,3,3,5,5,5,5,5,2,5,3,3,5,5,5,5,5,5,5,3,1,1,1,7,5,5,5,5,8,9,10,5,5,5,1,5,5,5,5,5,5,5,5,5,5,1,1,5,5,5,5,4,4,4,4,4,4,4,4,3,3,3,3,3,3,3,3","0.000509023666381836","louvain","edit-xhwikibooks.graphml"
"0.72","0.15","0.13","0.455902832371241","1,2,1,1,1,1,1,3,1,1,1,1,3,3,3,1,1,1,4,1,5,2,3,3,3,3,3,1,2,1,1,4,1,1,4,4,3,3,5,5,5,5,2,2,2,2,5,2,2,2,5,5,5,5,5,2,2,2,2,5,6,5,5,3,3,5,5,5,5,5,2,5,3,3,5,5,5,5,5,5,5,3,1,1,1,7,5,5,5,5,8,9,10,5,5,5,1,5,5,5,5,5,5,5,5,5,5,1,1,5,5,5,5,4,4,4,4,4,4,4,4,3,3,3,3,3,3,3,3","0.000509977340698242","louvain","edit-xhwikibooks.graphml"
"0.71","0.16","0.13","0.458019661429953","1,2,1,1,1,1,1,3,1,1,1,1,3,3,3,1,1,1,4,1,5,2,3,3,3,3,3,1,2,1,1,4,1,1,4,4,3,3,5,5,5,5,2,2,2,2,5,2,2,2,5,5,5,5,5,2,2,2,2,5,6,5,5,3,3,5,5,5,5,5,2,5,3,3,5,5,5,5,5,5,5,3,1,1,1,7,5,5,5,5,8,9,10,5,5,5,1,5,5,5,5,5,5,5,5,5,5,1,1,5,5,5,5,4,4,4,4,4,4,4,4,3,3,3,3,3,3,3,3","0.000519037246704102","louvain","edit-xhwikibooks.graphml"
"0.7","0.17","0.13","0.459316262975779","1,2,1,1,1,1,1,3,1,1,1,1,3,3,3,1,1,1,4,1,5,2,3,3,3,3,3,1,2,1,1,4,1,1,4,4,3,3,5,5,5,5,2,2,2,2,5,2,2,2,5,5,5,5,5,2,2,2,2,5,6,5,5,3,3,5,5,5,5,5,2,5,3,3,5,5,5,5,5,5,5,3,1,1,1,7,5,5,5,5,8,9,10,5,5,5,1,5,5,5,5,5,5,5,5,5,5,1,1,5,5,5,5,4,4,4,4,4,4,4,4,3,3,3,3,3,3,3,3","0.000523805618286133","louvain","edit-xhwikibooks.graphml"
"0.69","0.18","0.13","0.459327335640138","1,2,1,1,1,1,1,3,1,1,1,1,3,3,3,1,1,1,4,1,5,2,3,3,3,3,3,1,2,1,1,4,1,1,4,4,3,3,5,5,5,5,2,2,2,2,5,2,2,2,5,5,5,5,5,2,2,2,2,5,6,5,5,3,3,5,5,5,5,5,2,5,3,3,5,5,5,5,5,5,5,3,1,1,1,7,5,5,5,5,8,9,10,5,5,5,1,5,5,5,5,5,5,5,5,5,5,1,1,5,5,5,5,4,4,4,4,4,4,4,4,3,3,3,3,3,3,3,3","0.00056910514831543","louvain","edit-xhwikibooks.graphml"
"0.68","0.19","0.13","0.458526196301439","1,2,1,1,1,3,1,3,3,3,1,1,3,3,3,3,3,1,4,1,5,2,3,3,3,3,3,3,2,3,1,4,1,1,4,4,3,3,5,5,5,5,2,2,2,2,5,2,2,2,5,5,5,5,5,2,2,2,2,5,6,5,5,3,3,5,5,5,5,5,2,5,3,3,5,5,5,5,5,5,5,3,3,3,3,7,5,5,5,5,8,9,10,5,5,5,3,5,5,5,5,5,5,5,5,5,5,1,1,5,5,5,5,4,4,4,4,4,4,4,4,3,3,3,3,3,3,3,3","0.000539064407348633","louvain","edit-xhwikibooks.graphml"
"0.67","0.2","0.13","0.462611363437855","1,2,1,1,1,3,1,3,3,3,1,1,3,3,3,4,3,1,5,1,6,2,3,3,3,3,3,4,2,3,1,5,1,1,5,5,3,3,6,6,6,6,2,2,2,2,6,2,2,2,6,6,6,6,6,2,2,2,2,6,7,6,6,3,3,6,6,6,6,6,2,6,3,3,6,6,6,6,6,6,6,3,4,4,4,8,6,6,6,6,9,10,11,6,6,6,4,6,6,6,6,6,6,6,6,6,6,1,1,6,6,6,6,5,5,5,5,5,5,5,5,3,3,3,3,3,3,3,3","0.00058293342590332","louvain","edit-xhwikibooks.graphml"
"0.66","0.21","0.13","0.461918811569161","1,2,1,1,1,1,1,3,1,1,1,1,3,3,3,1,1,1,4,1,5,2,3,3,3,3,3,1,2,1,1,4,1,1,4,4,3,3,5,5,5,5,2,2,2,2,5,2,2,2,5,5,5,5,5,2,2,2,2,5,6,5,5,3,3,5,5,5,5,5,2,5,3,3,5,5,5,5,5,5,5,3,1,1,1,7,5,5,5,5,8,9,10,5,5,5,1,5,5,5,5,5,5,5,5,5,5,1,1,5,5,5,5,4,4,4,4,4,4,4,4,3,3,3,3,3,3,3,3","0.000646114349365234","louvain","edit-xhwikibooks.graphml"
"0.65","0.22","0.13","0.461810140131818","1,2,1,1,1,3,1,3,3,3,1,1,3,3,3,4,3,1,5,1,6,2,3,3,3,3,3,4,2,3,1,5,1,1,5,5,3,3,6,6,6,6,2,2,2,2,6,2,2,2,6,6,6,6,6,2,2,2,2,6,7,6,6,3,3,6,6,6,6,6,2,6,3,3,6,6,6,6,6,6,6,3,4,4,4,8,6,6,6,6,9,10,11,6,6,6,4,6,6,6,6,6,6,6,6,6,6,1,1,6,6,6,6,5,5,5,5,5,5,5,5,3,3,3,3,3,3,3,3","0.000524997711181641","louvain","edit-xhwikibooks.graphml"
"0.64","0.23","0.13","0.465004501028807","1,2,1,1,1,3,1,3,3,3,1,1,3,3,3,4,3,1,5,1,6,2,3,3,3,3,3,4,2,3,1,5,1,1,5,5,3,3,6,6,6,6,2,2,2,2,6,2,2,2,6,6,6,6,6,2,2,2,2,6,7,6,6,3,3,6,6,6,6,6,2,6,3,3,6,6,6,6,6,6,6,3,4,4,4,8,6,6,6,6,9,10,11,6,6,6,4,6,6,6,6,6,6,6,6,6,6,1,1,6,6,6,6,5,5,5,5,5,5,5,5,3,3,3,3,3,3,3,3","0.000536918640136719","louvain","edit-xhwikibooks.graphml"
"0.63","0.24","0.13","0.469265645904564","1,2,1,1,1,1,1,3,1,1,1,1,3,3,3,1,1,1,4,1,5,2,3,3,3,3,3,1,2,1,1,4,1,1,4,4,3,3,5,5,5,5,2,2,2,2,5,2,2,2,5,5,5,5,5,2,2,2,2,5,6,5,5,3,3,5,5,5,5,5,2,5,3,3,5,5,5,5,5,5,5,3,1,1,1,7,5,5,5,5,8,9,10,5,5,5,1,5,5,5,5,5,5,5,5,5,5,1,1,5,5,5,5,4,4,4,4,4,4,4,4,3,3,3,3,3,3,3,3","0.000510931015014648","louvain","edit-xhwikibooks.graphml"
"0.62","0.25","0.13","0.475333692903037","1,2,1,3,1,3,1,4,3,3,1,1,4,4,4,3,3,1,5,1,6,2,4,4,4,4,4,3,2,3,1,5,1,1,5,5,4,4,6,6,6,6,2,2,2,2,6,2,2,2,6,6,6,6,6,2,2,2,2,6,7,6,6,4,4,6,6,6,6,6,2,6,4,4,6,6,6,6,6,6,6,4,3,3,3,8,6,6,6,6,9,10,11,6,6,6,3,6,6,6,6,6,6,6,6,6,6,1,1,6,6,6,6,5,5,5,5,5,5,5,5,4,4,4,4,4,4,4,4","0.000572919845581055","louvain","edit-xhwikibooks.graphml"
"0.61","0.26","0.13","0.475192308699318","1,2,1,1,1,1,1,3,1,1,1,1,3,3,3,1,1,1,4,1,5,2,3,3,3,3,3,1,2,1,1,4,1,1,4,4,3,3,5,5,5,5,2,2,2,2,5,2,2,2,5,5,5,5,5,2,2,2,2,5,6,5,5,3,3,5,5,5,5,5,2,5,3,3,5,5,5,5,5,5,5,3,1,1,1,7,5,5,5,5,8,9,10,5,5,5,1,5,5,5,5,5,5,5,5,5,5,1,1,5,5,5,5,4,4,4,4,4,4,4,4,3,3,3,3,3,3,3,3","0.000560998916625977","louvain","edit-xhwikibooks.graphml"
"0.6","0.27","0.13","0.458190962490882","1,2,1,1,1,3,1,3,3,3,1,1,3,3,3,4,5,1,6,1,7,2,3,3,3,3,3,4,2,8,9,6,1,1,6,6,3,3,7,7,7,7,2,2,2,2,7,2,2,2,7,7,7,7,7,2,2,2,2,7,10,7,7,11,12,7,7,7,7,7,2,7,3,3,7,7,7,7,7,7,7,13,4,4,4,14,7,7,7,7,15,16,17,7,7,7,18,7,7,7,7,7,7,7,7,7,7,19,20,7,7,7,7,6,6,6,6,6,6,6,6,3,3,3,3,3,3,3,3","0.000561952590942383","louvain","edit-xhwikibooks.graphml"
"0.59","0.28","0.13","0.455864049261944","1,2,1,1,3,1,3,4,1,1,3,3,4,4,4,1,5,3,3,3,6,2,4,4,4,4,4,1,2,7,8,3,3,3,3,3,4,4,6,6,6,6,2,2,2,2,6,2,2,2,6,6,6,6,6,2,2,2,2,6,9,6,6,10,11,6,6,6,6,6,2,6,4,4,6,6,6,6,6,6,6,12,1,1,1,13,6,6,6,6,14,15,16,6,6,6,17,6,6,6,6,6,6,6,6,6,6,18,19,6,6,6,6,3,3,3,3,3,3,3,3,4,4,4,4,4,4,4,4","0.000516891479492188","louvain","edit-xhwikibooks.graphml"
"0.58","0.29","0.13","0.459069767441861","1,1,1,1,2,3,2,3,3,3,2,2,3,3,3,4,5,2,2,2,6,1,3,3,3,3,3,4,1,7,8,2,2,2,2,2,3,3,6,6,6,6,1,1,1,1,6,1,1,1,6,6,6,6,6,1,1,1,1,6,9,6,6,10,11,6,6,6,6,6,1,6,3,3,6,6,6,6,6,6,6,12,4,4,4,13,6,6,6,6,14,15,16,6,6,6,17,6,6,6,6,6,6,6,6,6,6,18,19,6,6,6,6,2,2,2,2,2,2,2,2,3,3,3,3,3,3,3,3","0.000537872314453125","louvain","edit-xhwikibooks.graphml"
"0.57","0.3","0.13","0.462622706618656","1,2,1,3,1,3,1,3,3,3,1,1,3,3,3,4,5,1,6,1,7,2,3,3,3,3,3,4,2,8,9,6,1,1,6,6,3,3,7,7,7,7,2,2,2,2,7,2,2,2,7,7,7,7,7,2,2,2,2,7,10,7,7,11,12,7,7,7,7,7,2,7,3,3,7,7,7,7,7,7,7,13,4,4,4,14,7,7,7,7,15,16,17,7,7,7,18,7,7,7,7,7,7,7,7,7,7,19,20,7,7,7,7,6,6,6,6,6,6,6,6,3,3,3,3,3,3,3,3","0.000494956970214844","louvain","edit-xhwikibooks.graphml"
"0.56","0.31","0.13","0.459061654948621","1,2,1,3,1,3,1,3,3,3,1,1,3,3,3,4,5,1,1,1,6,2,3,3,3,3,3,4,2,7,8,1,1,1,9,9,3,3,6,6,6,6,2,2,2,2,6,2,2,2,6,6,6,6,6,2,2,2,2,6,10,6,6,11,12,6,6,6,6,6,2,6,3,3,6,6,6,6,6,6,6,13,4,4,4,14,6,6,6,6,15,16,17,6,6,6,18,6,6,6,6,6,6,6,6,6,6,19,20,6,6,6,6,9,9,9,9,9,9,9,9,3,3,3,3,3,3,3,3","0.000536918640136719","louvain","edit-xhwikibooks.graphml"
"0.55","0.32","0.13","0.458263575239151","1,2,1,3,1,3,1,3,3,3,1,1,3,3,3,4,5,1,1,1,6,2,3,3,3,3,3,4,2,7,8,1,1,1,9,9,3,3,6,6,6,6,2,2,2,2,6,2,2,2,6,6,6,6,6,2,2,2,2,6,10,6,6,11,12,6,6,6,6,6,2,6,3,3,6,6,6,6,6,6,6,13,4,4,4,14,6,6,6,6,15,16,17,6,6,6,18,6,6,6,6,6,6,6,6,6,6,19,20,6,6,6,6,9,9,9,9,9,9,9,9,3,3,3,3,3,3,3,3","0.000510931015014648","louvain","edit-xhwikibooks.graphml"
"0.54","0.33","0.13","0.458263575239151","1,2,1,3,1,3,1,3,3,3,1,1,3,3,3,4,5,1,1,1,6,2,3,3,3,3,3,4,2,7,8,1,1,1,9,9,3,3,6,6,6,6,2,2,2,2,6,2,2,2,6,6,6,6,6,2,2,2,2,6,10,6,6,11,12,6,6,6,6,6,2,6,3,3,6,6,6,6,6,6,6,13,4,4,4,14,6,6,6,6,15,16,17,6,6,6,18,6,6,6,6,6,6,6,6,6,6,19,20,6,6,6,6,9,9,9,9,9,9,9,9,3,3,3,3,3,3,3,3","0.000497102737426758","louvain","edit-xhwikibooks.graphml"
"0.53","0.34","0.13","0.485745239196445","1,2,1,3,1,3,1,3,3,3,1,1,3,3,3,4,5,1,1,1,6,2,3,3,3,3,3,4,2,7,8,1,1,1,9,9,3,3,6,6,6,6,2,2,2,2,6,2,2,2,6,6,6,6,6,2,2,2,2,6,10,6,6,11,12,6,6,6,6,6,2,6,3,3,6,6,6,6,6,6,6,13,4,4,4,14,6,6,6,6,15,16,17,6,6,6,18,6,6,6,6,6,6,6,6,6,6,19,20,6,6,6,6,9,9,9,9,9,9,9,9,3,3,3,3,3,3,3,3","0.000543117523193359","louvain","edit-xhwikibooks.graphml"
"0.52","0.35","0.13","0.485692453095779","1,2,1,1,3,1,3,4,1,1,3,3,4,4,4,1,5,3,3,3,6,2,4,4,4,4,4,1,2,7,8,3,3,3,9,9,4,4,6,6,6,6,2,2,2,2,6,2,2,2,6,6,6,6,6,2,2,2,2,6,10,6,6,11,12,6,6,6,6,6,2,6,4,4,6,6,6,6,6,6,6,13,1,1,1,14,6,6,6,6,15,16,17,6,6,6,18,6,6,6,6,6,6,6,6,6,6,19,20,6,6,6,6,9,9,9,9,9,9,9,9,4,4,4,4,4,4,4,4","0.000504016876220703","louvain","edit-xhwikibooks.graphml"
"0.51","0.36","0.13","0.484807991632009","1,2,1,1,1,3,1,3,3,3,1,1,3,3,3,3,4,1,1,1,5,2,3,3,3,3,3,3,2,6,7,1,1,1,8,8,9,3,5,5,5,5,2,2,2,2,5,2,2,2,5,5,5,5,5,2,2,2,2,5,10,5,5,11,12,5,5,5,5,5,2,5,3,3,5,5,5,5,5,5,5,13,3,3,3,14,5,5,5,5,15,16,17,5,5,5,18,5,5,5,5,5,5,5,5,5,5,19,20,5,5,5,5,8,8,8,8,8,8,8,8,9,9,9,9,9,9,9,9","0.000538825988769531","louvain","edit-xhwikibooks.graphml"
"0.5","0.37","0.13","0.484893072884605","1,2,1,1,3,1,3,4,1,1,3,3,4,4,4,1,5,3,3,3,6,2,4,4,4,4,4,1,2,7,8,3,3,3,9,9,4,4,6,6,6,6,2,2,2,2,6,2,2,2,6,6,6,6,6,2,2,2,2,6,10,6,6,11,12,6,6,6,6,6,2,6,4,4,6,6,6,6,6,6,6,13,1,1,1,14,6,6,6,6,15,16,17,6,6,6,18,6,6,6,6,6,6,6,6,6,6,19,20,6,6,6,6,9,9,9,9,9,9,9,9,4,4,4,4,4,4,4,4","0.000530004501342773","louvain","edit-xhwikibooks.graphml"
"0.49","0.38","0.13","0.486264949082594","1,2,1,1,1,3,1,3,3,3,1,1,3,3,3,4,5,1,1,1,6,2,3,3,3,3,3,4,2,7,8,1,1,1,9,9,3,3,6,6,6,6,2,2,2,2,6,2,2,2,6,6,6,6,6,2,2,2,2,6,10,6,6,11,12,6,6,6,6,6,2,6,3,3,6,6,6,6,6,6,6,13,4,4,4,14,6,6,6,6,15,16,17,6,6,6,18,6,6,6,6,6,6,6,6,6,6,19,20,6,6,6,6,9,9,9,9,9,9,9,9,3,3,3,3,3,3,3,3","0.000538110733032227","louvain","edit-xhwikibooks.graphml"
"0.48","0.39","0.13","0.487854320987654","1,2,1,3,1,3,1,3,3,3,1,1,3,3,3,4,5,1,1,1,6,2,3,3,3,3,3,4,2,7,8,1,1,1,9,9,3,3,6,6,6,6,2,2,2,2,6,2,2,2,6,6,6,6,6,2,2,2,2,6,10,6,6,11,12,6,6,6,6,6,2,6,3,3,6,6,6,6,6,6,6,13,4,4,4,14,6,6,6,6,15,16,17,6,6,6,18,6,6,6,6,6,6,6,6,6,6,19,20,6,6,6,6,9,9,9,9,9,9,9,9,3,3,3,3,3,3,3,3","0.000662088394165039","louvain","edit-xhwikibooks.graphml"
"0.47","0.4","0.13","0.465961156282917","1,1,1,2,3,2,4,2,2,2,4,5,2,2,2,2,6,7,4,8,9,1,10,2,2,2,2,2,1,11,12,13,8,14,4,4,2,2,9,9,9,9,1,1,1,1,9,1,1,1,9,9,9,9,9,1,1,1,1,9,15,9,9,16,17,9,9,9,9,9,1,9,18,19,9,9,9,9,9,9,9,20,21,22,23,24,9,9,9,9,25,26,27,9,9,9,28,9,9,9,9,9,9,9,9,9,9,29,30,9,9,9,9,4,4,4,4,4,4,4,4,2,2,2,2,2,2,2,2","0.000504970550537109","louvain","edit-xhwikibooks.graphml"
"0.46","0.41","0.13","0.465961156282917","1,1,1,2,3,2,4,2,2,2,4,5,2,2,2,2,6,7,4,8,9,1,10,2,2,2,2,2,1,11,12,13,8,14,4,4,2,2,9,9,9,9,1,1,1,1,9,1,1,1,9,9,9,9,9,1,1,1,1,9,15,9,9,16,17,9,9,9,9,9,1,9,18,19,9,9,9,9,9,9,9,20,21,22,23,24,9,9,9,9,25,26,27,9,9,9,28,9,9,9,9,9,9,9,9,9,9,29,30,9,9,9,9,4,4,4,4,4,4,4,4,2,2,2,2,2,2,2,2","0.000496149063110352","louvain","edit-xhwikibooks.graphml"
"0.45","0.42","0.13","0.465183367768595","1,1,1,2,3,2,4,2,2,2,4,5,2,2,2,2,6,7,4,8,9,1,10,2,2,2,2,2,1,11,12,13,8,14,4,4,2,2,9,9,9,9,1,1,1,1,9,1,1,1,9,9,9,9,9,1,1,1,1,9,15,9,9,16,17,9,9,9,9,9,1,9,18,19,9,9,9,9,9,9,9,20,21,22,23,24,9,9,9,9,25,26,27,9,9,9,28,9,9,9,9,9,9,9,9,9,9,29,30,9,9,9,9,4,4,4,4,4,4,4,4,2,2,2,2,2,2,2,2","0.000483989715576172","louvain","edit-xhwikibooks.graphml"
"0.44","0.43","0.13","0.468993775721218","1,1,1,2,3,2,4,2,2,2,4,5,2,2,2,2,6,7,4,8,9,1,10,2,2,2,2,2,1,11,12,13,8,14,4,4,2,2,9,9,9,9,1,1,1,1,9,1,1,1,9,9,9,9,9,1,1,1,1,9,15,9,9,16,17,9,9,9,9,9,1,9,18,19,9,9,9,9,9,9,9,20,21,22,23,24,9,9,9,9,25,26,27,9,9,9,28,9,9,9,9,9,9,9,9,9,9,29,30,9,9,9,9,4,4,4,4,4,4,4,4,2,2,2,2,2,2,2,2","0.00049281120300293","louvain","edit-xhwikibooks.graphml"
"0.43","0.44","0.13","0.466362789459675","1,1,1,2,3,2,4,2,2,2,4,5,2,2,2,2,6,7,4,8,9,1,10,2,2,2,2,2,1,11,12,13,8,14,4,4,2,2,9,9,9,9,1,1,1,1,9,1,1,1,9,9,9,9,9,1,1,1,1,9,15,9,9,16,17,9,9,9,9,9,1,9,18,19,9,9,9,9,9,9,9,20,21,22,23,24,9,9,9,9,25,26,27,9,9,9,28,9,9,9,9,9,9,9,9,9,9,29,30,9,9,9,9,4,4,4,4,4,4,4,4,2,2,2,2,2,2,2,2","0.000494956970214844","louvain","edit-xhwikibooks.graphml"
"0.42","0.45","0.13","0.47013990341693","1,1,1,2,3,2,4,2,2,2,4,5,2,2,2,2,6,7,4,8,9,1,10,2,2,2,2,2,1,11,12,13,8,14,4,4,2,2,9,9,9,9,1,1,1,1,9,1,1,1,9,9,9,9,9,1,1,1,1,9,15,9,9,16,17,9,9,9,9,9,1,9,18,19,9,9,9,9,9,9,9,20,21,22,23,24,9,9,9,9,25,26,27,9,9,9,28,9,9,9,9,9,9,9,9,9,9,29,30,9,9,9,9,4,4,4,4,4,4,4,4,2,2,2,2,2,2,2,2","0.000501871109008789","louvain","edit-xhwikibooks.graphml"
"0.41","0.46","0.13","0.469367504103017","1,1,1,2,3,2,4,2,2,2,4,5,2,2,2,2,6,7,4,8,9,1,10,2,2,2,2,2,1,11,12,13,8,14,4,4,2,2,9,9,9,9,1,1,1,1,9,1,1,1,9,9,9,9,9,1,1,1,1,9,15,9,9,16,17,9,9,9,9,9,1,9,18,19,9,9,9,9,9,9,9,20,21,22,23,24,9,9,9,9,25,26,27,9,9,9,28,9,9,9,9,9,9,9,9,9,9,29,30,9,9,9,9,4,4,4,4,4,4,4,4,2,2,2,2,2,2,2,2","0.00049591064453125","louvain","edit-xhwikibooks.graphml"
"0.4","0.47","0.13","0.471256711375656","1,1,1,2,3,2,4,2,2,2,4,5,2,2,2,2,6,7,4,8,9,1,10,2,2,2,2,2,1,11,12,13,8,14,4,4,2,2,9,9,9,9,1,1,1,1,9,1,1,1,9,9,9,9,9,1,1,1,1,9,15,9,9,16,17,9,9,9,9,9,1,9,18,19,9,9,9,9,9,9,9,20,21,22,23,24,9,9,9,9,25,26,27,9,9,9,28,9,9,9,9,9,9,9,9,9,9,29,30,9,9,9,9,4,4,4,4,4,4,4,4,2,2,2,2,2,2,2,2","0.000478029251098633","louvain","edit-xhwikibooks.graphml"
"0.39","0.48","0.13","0.470486814908237","1,1,1,2,3,2,4,2,2,2,4,5,2,2,2,2,6,7,4,8,9,1,10,2,2,2,2,2,1,11,12,13,8,14,4,4,2,2,9,9,9,9,1,1,1,1,9,1,1,1,9,9,9,9,9,1,1,1,1,9,15,9,9,16,17,9,9,9,9,9,1,9,18,19,9,9,9,9,9,9,9,20,21,22,23,24,9,9,9,9,25,26,27,9,9,9,28,9,9,9,9,9,9,9,9,9,9,29,30,9,9,9,9,4,4,4,4,4,4,4,4,2,2,2,2,2,2,2,2","0.000507116317749023","louvain","edit-xhwikibooks.graphml"
"0.38","0.49","0.13","0.470486814908237","1,1,1,2,3,2,4,2,2,2,4,5,2,2,2,2,6,7,4,8,9,1,10,2,2,2,2,2,1,11,12,13,8,14,4,4,2,2,9,9,9,9,1,1,1,1,9,1,1,1,9,9,9,9,9,1,1,1,1,9,15,9,9,16,17,9,9,9,9,9,1,9,18,19,9,9,9,9,9,9,9,20,21,22,23,24,9,9,9,9,25,26,27,9,9,9,28,9,9,9,9,9,9,9,9,9,9,29,30,9,9,9,9,4,4,4,4,4,4,4,4,2,2,2,2,2,2,2,2","0.000524997711181641","louvain","edit-xhwikibooks.graphml"
"0.37","0.5","0.13","0.542848172384163","1,1,1,2,3,2,4,5,2,2,4,6,5,5,5,2,7,8,4,9,10,1,11,5,5,5,5,2,1,12,13,14,9,15,16,16,5,5,10,10,10,10,1,1,1,1,10,1,1,1,10,10,10,10,10,1,1,1,1,10,17,10,10,18,19,10,10,10,10,10,1,10,20,21,10,10,10,10,10,10,10,22,23,24,25,26,10,10,10,10,27,28,29,10,10,10,30,10,10,10,10,10,10,10,10,10,10,31,32,10,10,10,10,16,16,16,16,16,16,16,16,5,5,5,5,5,5,5,5","0.000500917434692383","louvain","edit-xhwikibooks.graphml"
"0.36","0.51","0.13","0.542848172384163","1,1,1,2,3,2,4,5,2,2,4,6,5,5,5,2,7,8,4,9,10,1,11,5,5,5,5,2,1,12,13,14,9,15,16,16,5,5,10,10,10,10,1,1,1,1,10,1,1,1,10,10,10,10,10,1,1,1,1,10,17,10,10,18,19,10,10,10,10,10,1,10,20,21,10,10,10,10,10,10,10,22,23,24,25,26,10,10,10,10,27,28,29,10,10,10,30,10,10,10,10,10,10,10,10,10,10,31,32,10,10,10,10,16,16,16,16,16,16,16,16,5,5,5,5,5,5,5,5","0.000496864318847656","louvain","edit-xhwikibooks.graphml"
"0.35","0.52","0.13","0.542848172384163","1,1,1,2,3,2,4,5,2,2,4,6,5,5,5,2,7,8,4,9,10,1,11,5,5,5,5,2,1,12,13,14,9,15,16,16,5,5,10,10,10,10,1,1,1,1,10,1,1,1,10,10,10,10,10,1,1,1,1,10,17,10,10,18,19,10,10,10,10,10,1,10,20,21,10,10,10,10,10,10,10,22,23,24,25,26,10,10,10,10,27,28,29,10,10,10,30,10,10,10,10,10,10,10,10,10,10,31,32,10,10,10,10,16,16,16,16,16,16,16,16,5,5,5,5,5,5,5,5","0.0005340576171875","louvain","edit-xhwikibooks.graphml"
"0.34","0.53","0.13","0.538073719283632","1,1,1,2,3,2,4,5,2,2,6,7,5,5,5,2,8,9,10,11,12,1,13,5,5,5,5,2,1,14,15,16,17,18,10,10,5,5,12,12,12,12,1,1,1,1,12,1,1,1,12,12,12,12,12,1,1,1,1,12,19,12,12,20,21,12,12,12,12,12,1,12,22,23,12,12,12,12,12,12,12,24,25,26,27,28,12,12,12,12,29,30,31,12,12,12,32,12,12,12,12,12,12,12,12,12,12,33,34,12,12,12,12,10,10,10,10,10,10,10,10,5,5,5,5,5,5,5,5","0.000519990921020508","louvain","edit-xhwikibooks.graphml"
"0.33","0.54","0.13","0.539526134369777","1,1,1,2,3,2,4,5,2,2,6,7,5,5,5,2,8,9,10,11,12,1,13,5,5,5,5,2,1,14,15,16,17,18,10,10,5,5,12,12,12,12,1,1,1,1,12,1,1,1,12,12,12,12,12,1,1,1,1,12,19,12,12,20,21,12,12,12,12,12,1,12,22,23,12,12,12,12,12,12,12,24,25,26,27,28,12,12,12,12,29,30,31,12,12,12,32,12,12,12,12,12,12,12,12,12,12,33,34,12,12,12,12,10,10,10,10,10,10,10,10,5,5,5,5,5,5,5,5","0.000519990921020508","louvain","edit-xhwikibooks.graphml"
"0.32","0.55","0.13","0.538768672747704","1,1,1,2,3,2,4,5,2,2,6,7,5,5,5,2,8,9,10,11,12,1,13,5,5,5,5,2,1,14,15,16,17,18,10,10,5,5,12,12,12,12,1,1,1,1,12,1,1,1,12,12,12,12,12,1,1,1,1,12,19,12,12,20,21,12,12,12,12,12,1,12,22,23,12,12,12,12,12,12,12,24,25,26,27,28,12,12,12,12,29,30,31,12,12,12,32,12,12,12,12,12,12,12,12,12,12,33,34,12,12,12,12,10,10,10,10,10,10,10,10,5,5,5,5,5,5,5,5","0.000513076782226562","louvain","edit-xhwikibooks.graphml"
"0.31","0.56","0.13","0.541516415610811","1,1,1,2,3,2,4,5,2,2,6,7,5,5,5,2,8,9,10,11,12,1,13,5,5,5,5,2,1,14,15,16,17,18,10,10,5,5,12,12,12,12,1,1,1,1,12,1,1,1,12,12,12,12,12,1,1,1,1,12,19,12,12,20,21,12,12,12,12,12,1,12,22,23,12,12,12,12,12,12,12,24,25,26,27,28,12,12,12,12,29,30,31,12,12,12,32,12,12,12,12,12,12,12,12,12,12,33,34,12,12,12,12,10,10,10,10,10,10,10,10,5,5,5,5,5,5,5,5","0.000535011291503906","louvain","edit-xhwikibooks.graphml"
"0.3","0.57","0.13","0.514235841395382","1,1,1,2,3,2,4,5,2,2,6,7,5,5,5,2,8,9,10,11,12,1,13,5,5,5,5,2,1,14,15,16,17,18,10,10,5,5,12,12,12,12,1,1,1,1,12,1,1,1,12,12,12,12,12,1,1,1,1,12,19,12,12,20,21,12,12,12,12,12,1,12,22,23,12,12,12,12,12,12,12,24,25,26,27,28,12,12,12,12,29,30,31,12,12,12,32,12,12,12,12,12,12,12,12,12,12,33,34,12,12,12,12,10,10,10,10,10,10,10,10,5,5,5,5,5,5,5,5","0.000525951385498047","louvain","edit-xhwikibooks.graphml"
"0.29","0.58","0.13","0.518963480807702","1,1,1,2,3,2,4,5,2,2,6,7,5,5,5,2,8,9,10,11,12,1,13,5,5,5,5,2,1,14,15,16,17,18,10,10,5,5,12,12,12,12,1,1,1,1,12,1,1,1,12,12,12,12,12,1,1,1,1,12,19,12,12,20,21,12,12,12,12,12,1,12,22,23,12,12,12,12,12,12,12,24,25,26,27,28,12,12,12,12,29,30,31,12,12,12,32,12,12,12,12,12,12,12,12,12,12,33,34,12,12,12,12,10,10,10,10,10,10,10,10,5,5,5,5,5,5,5,5","0.000699043273925781","louvain","edit-xhwikibooks.graphml"
"0.28","0.59","0.13","0.518192274305556","1,1,1,2,3,2,4,5,2,2,6,7,5,5,5,2,8,9,10,11,12,1,13,5,5,5,5,2,1,14,15,16,17,18,10,10,5,5,12,12,12,12,1,1,1,1,12,1,1,1,12,12,12,12,12,1,1,1,1,12,19,12,12,20,21,12,12,12,12,12,1,12,22,23,12,12,12,12,12,12,12,24,25,26,27,28,12,12,12,12,29,30,31,12,12,12,32,12,12,12,12,12,12,12,12,12,12,33,34,12,12,12,12,10,10,10,10,10,10,10,10,5,5,5,5,5,5,5,5","0.00049901008605957","louvain","edit-xhwikibooks.graphml"
"0.27","0.6","0.13","0.521614211187824","1,1,1,2,3,2,4,5,2,2,6,7,5,5,5,2,8,9,10,11,12,1,13,5,5,5,5,2,1,14,15,16,17,18,10,10,19,5,12,12,12,12,1,1,1,1,12,1,1,1,12,12,12,12,12,1,1,1,1,12,20,12,12,21,22,12,12,12,12,12,1,12,23,24,12,12,12,12,12,12,12,25,26,27,28,29,12,12,12,12,30,31,32,12,12,12,33,12,12,12,12,12,12,12,12,12,12,34,35,12,12,12,12,10,10,10,10,10,10,10,10,19,19,19,19,19,19,19,19","0.000538110733032227","louvain","edit-xhwikibooks.graphml"
"0.26","0.61","0.13","0.520836816137923","1,1,1,2,3,2,4,5,2,2,6,7,5,5,5,2,8,9,10,11,12,1,13,5,5,5,5,2,1,14,15,16,17,18,10,10,19,5,12,12,12,12,1,1,1,1,12,1,1,1,12,12,12,12,12,1,1,1,1,12,20,12,12,21,22,12,12,12,12,12,1,12,23,24,12,12,12,12,12,12,12,25,26,27,28,29,12,12,12,12,30,31,32,12,12,12,33,12,12,12,12,12,12,12,12,12,12,34,35,12,12,12,12,10,10,10,10,10,10,10,10,19,19,19,19,19,19,19,19","0.000474929809570312","louvain","edit-xhwikibooks.graphml"
"0.25","0.62","0.13","0.522404975753023","1,1,1,2,3,2,4,5,2,2,6,7,5,5,5,2,8,9,10,11,12,1,13,5,5,5,5,2,1,14,15,16,17,18,10,10,5,5,12,12,12,12,1,1,1,1,12,1,1,1,12,12,12,12,12,1,1,1,1,12,19,12,12,20,21,12,12,12,12,12,1,12,22,23,12,12,12,12,12,12,12,24,25,26,27,28,12,12,12,12,29,30,31,12,12,12,32,12,12,12,12,12,12,12,12,12,12,33,34,12,12,12,12,10,10,10,10,10,10,10,10,5,5,5,5,5,5,5,5","0.000625848770141602","louvain","edit-xhwikibooks.graphml"
"0.24","0.63","0.13","0.523283628850615","1,1,1,2,3,2,4,5,2,2,6,7,5,5,5,2,8,9,10,11,12,1,13,5,5,5,5,2,1,14,15,16,17,18,10,10,19,5,12,12,12,12,1,1,1,1,12,1,1,1,12,12,12,12,12,1,1,1,1,12,20,12,12,21,22,12,12,12,12,12,1,12,23,24,12,12,12,12,12,12,12,25,26,27,28,29,12,12,12,12,30,31,32,12,12,12,33,12,12,12,12,12,12,12,12,12,12,34,35,12,12,12,12,10,10,10,10,10,10,10,10,19,19,19,19,19,19,19,19","0.000747203826904297","louvain","edit-xhwikibooks.graphml"
"0.23","0.64","0.13","0.524933574237432","1,1,1,2,3,2,4,5,2,2,6,7,5,5,5,2,8,9,10,11,12,1,13,5,5,5,5,2,1,14,15,16,17,18,10,10,19,5,12,12,12,12,1,1,1,1,12,1,1,1,12,12,12,12,12,1,1,1,1,12,20,12,12,21,22,12,12,12,12,12,1,12,23,24,12,12,12,12,12,12,12,25,26,27,28,29,12,12,12,12,30,31,32,12,12,12,33,12,12,12,12,12,12,12,12,12,12,34,35,12,12,12,12,10,10,10,10,10,10,10,10,19,19,19,19,19,19,19,19","0.000764846801757812","louvain","edit-xhwikibooks.graphml"
"0.22","0.65","0.13","0.524155785872749","1,1,1,2,3,2,4,5,2,2,6,7,5,5,5,2,8,9,10,11,12,1,13,5,5,5,5,2,1,14,15,16,17,18,10,10,19,5,12,12,12,12,1,1,1,1,12,1,1,1,12,12,12,12,12,1,1,1,1,12,20,12,12,21,22,12,12,12,12,12,1,12,23,24,12,12,12,12,12,12,12,25,26,27,28,29,12,12,12,12,30,31,32,12,12,12,33,12,12,12,12,12,12,12,12,12,12,34,35,12,12,12,12,10,10,10,10,10,10,10,10,19,19,19,19,19,19,19,19","0.000762939453125","louvain","edit-xhwikibooks.graphml"
"0.21","0.66","0.13","0.516247829861111","1,1,1,2,3,4,5,4,4,6,7,8,4,4,4,4,9,10,11,12,13,1,14,4,4,4,4,15,16,17,18,19,20,21,11,11,22,4,13,13,13,13,1,1,1,1,13,1,1,1,13,13,13,13,13,1,1,1,1,13,23,13,13,24,25,13,13,13,13,13,1,13,26,27,13,13,13,13,13,13,13,28,29,30,31,32,13,13,13,13,33,34,35,13,13,13,36,13,13,13,13,13,13,13,13,13,13,37,38,13,13,13,13,11,11,11,11,11,11,11,11,22,22,22,22,22,22,22,22","0.000812053680419922","louvain","edit-xhwikibooks.graphml"
"0.2","0.67","0.13","0.537410468319559","1,1,1,2,3,4,5,6,6,7,8,9,6,6,6,4,10,11,12,13,14,1,15,6,6,6,6,16,17,18,19,20,21,22,12,12,6,6,14,14,14,14,1,1,1,1,14,1,1,1,14,14,14,14,14,1,1,1,1,14,23,14,14,24,25,14,14,14,14,14,1,14,26,27,14,14,14,14,14,14,14,28,29,30,31,32,14,14,14,14,33,34,35,14,14,14,36,14,14,14,14,14,14,14,14,14,14,37,38,14,14,14,14,12,12,12,12,12,12,12,12,6,6,6,6,6,6,6,6","0.000818967819213867","louvain","edit-xhwikibooks.graphml"
"0.19","0.68","0.13","0.538328741965106","1,1,1,2,3,4,5,6,6,7,8,9,6,6,6,4,10,11,12,13,14,1,15,6,6,6,6,16,17,18,19,20,21,22,12,12,23,6,14,14,14,14,1,1,1,1,14,1,1,1,14,14,14,14,14,1,1,1,1,14,24,14,14,25,26,14,14,14,14,14,1,14,27,28,14,14,14,14,14,14,14,29,30,31,32,33,14,14,14,14,34,35,36,14,14,14,37,14,14,14,14,14,14,14,14,14,14,38,39,14,14,14,14,12,12,12,12,12,12,12,12,23,23,23,23,23,23,23,23","0.00084996223449707","louvain","edit-xhwikibooks.graphml"
"0.18","0.69","0.13","0.537554468002081","1,1,1,2,3,4,5,6,6,7,8,9,6,6,6,4,10,11,12,13,14,1,15,6,6,6,6,16,17,18,19,20,21,22,12,12,23,6,14,14,14,14,1,1,1,1,14,1,1,1,14,14,14,14,14,1,1,1,1,14,24,14,14,25,26,14,14,14,14,14,1,14,27,28,14,14,14,14,14,14,14,29,30,31,32,33,14,14,14,14,34,35,36,14,14,14,37,14,14,14,14,14,14,14,14,14,14,38,39,14,14,14,14,12,12,12,12,12,12,12,12,23,23,23,23,23,23,23,23","0.00083613395690918","louvain","edit-xhwikibooks.graphml"
"0.17","0.7","0.13","0.539085620362011","1,1,1,2,3,4,5,6,6,7,8,9,6,6,6,4,10,11,12,13,14,1,15,6,6,6,6,16,17,18,19,20,21,22,12,12,23,6,14,14,14,14,1,1,1,1,14,1,1,1,14,14,14,14,14,1,1,1,1,14,24,14,14,25,26,14,14,14,14,14,1,14,27,28,14,14,14,14,14,14,14,29,30,31,32,33,14,14,14,14,34,35,36,14,14,14,37,14,14,14,14,14,14,14,14,14,14,38,39,14,14,14,14,12,12,12,12,12,12,12,12,23,23,23,23,23,23,23,23","0.00100302696228027","louvain","edit-xhwikibooks.graphml"
"0.16","0.71","0.13","0.538198980661602","1,1,1,2,3,4,5,4,4,6,7,8,4,4,4,4,9,10,11,12,13,1,14,4,4,4,4,15,16,17,18,19,20,21,11,11,22,4,13,13,13,13,1,1,1,1,13,1,1,1,13,13,13,13,13,1,1,1,1,13,23,13,13,24,25,13,13,13,13,13,1,13,26,27,13,13,13,13,13,13,13,28,29,30,31,32,13,13,13,13,33,34,35,13,13,13,36,13,13,13,13,13,13,13,13,13,13,37,38,13,13,13,13,11,11,11,11,11,11,11,11,22,22,22,22,22,22,22,22","0.000955104827880859","louvain","edit-xhwikibooks.graphml"
"0.15","0.72","0.13","0.540132","1,1,1,2,3,4,5,6,6,7,8,9,6,6,6,4,10,11,12,13,14,1,15,6,6,6,6,16,17,18,19,20,21,22,12,12,6,6,14,14,14,14,1,1,1,1,14,1,1,1,14,14,14,14,14,1,1,1,1,14,23,14,14,24,25,14,14,14,14,14,1,14,26,27,14,14,14,14,14,14,14,28,29,30,31,32,14,14,14,14,33,34,35,14,14,14,36,14,14,14,14,14,14,14,14,14,14,37,38,14,14,14,14,12,12,12,12,12,12,12,12,6,6,6,6,6,6,6,6","0.000658988952636719","louvain","edit-xhwikibooks.graphml"
"0.14","0.73","0.13","0.540344460779041","1,1,1,2,3,4,5,6,6,7,8,9,6,6,6,4,10,11,12,13,14,1,15,6,6,6,6,16,17,18,19,20,21,22,12,12,23,6,14,14,14,14,1,1,1,1,14,1,1,1,14,14,14,14,14,1,1,1,1,14,24,14,14,25,26,14,14,14,14,14,1,14,27,28,14,14,14,14,14,14,14,29,30,31,32,33,14,14,14,14,34,35,36,14,14,14,37,14,14,14,14,14,14,14,14,14,14,38,39,14,14,14,14,12,12,12,12,12,12,12,12,23,23,23,23,23,23,23,23","0.000858068466186523","louvain","edit-xhwikibooks.graphml"
"0.13","0.74","0.13","0.540344460779041","1,1,1,2,3,4,5,6,6,7,8,9,6,6,6,4,10,11,12,13,14,1,15,6,6,6,6,16,17,18,19,20,21,22,12,12,23,6,14,14,14,14,1,1,1,1,14,1,1,1,14,14,14,14,14,1,1,1,1,14,24,14,14,25,26,14,14,14,14,14,1,14,27,28,14,14,14,14,14,14,14,29,30,31,32,33,14,14,14,14,34,35,36,14,14,14,37,14,14,14,14,14,14,14,14,14,14,38,39,14,14,14,14,12,12,12,12,12,12,12,12,23,23,23,23,23,23,23,23","0.000855922698974609","louvain","edit-xhwikibooks.graphml"
"0.12","0.75","0.13","0.545692793200956","1,1,1,2,3,4,5,6,6,7,8,9,6,6,6,4,10,11,12,13,14,1,15,6,6,6,6,16,17,18,19,20,21,22,12,12,23,6,14,14,14,14,1,1,1,1,14,1,1,1,14,14,14,14,14,1,1,1,1,14,24,14,14,25,26,14,14,14,14,14,1,14,27,28,14,14,14,14,14,14,14,29,30,31,32,33,14,14,14,14,34,35,36,14,14,14,37,14,14,14,14,14,14,14,14,14,14,38,39,14,14,14,14,12,12,12,12,12,12,12,12,23,23,23,23,23,23,23,23","0.000847816467285156","louvain","edit-xhwikibooks.graphml"
"0.11","0.76","0.13","0.545692793200956","1,1,1,2,3,4,5,6,6,7,8,9,6,6,6,4,10,11,12,13,14,1,15,6,6,6,6,16,17,18,19,20,21,22,12,12,23,6,14,14,14,14,1,1,1,1,14,1,1,1,14,14,14,14,14,1,1,1,1,14,24,14,14,25,26,14,14,14,14,14,1,14,27,28,14,14,14,14,14,14,14,29,30,31,32,33,14,14,14,14,34,35,36,14,14,14,37,14,14,14,14,14,14,14,14,14,14,38,39,14,14,14,14,12,12,12,12,12,12,12,12,23,23,23,23,23,23,23,23","0.000611066818237305","louvain","edit-xhwikibooks.graphml"
"0.1","0.77","0.13","0.546020408560236","1,1,1,2,3,4,5,6,6,7,8,9,6,6,6,4,10,11,12,13,14,1,15,6,6,6,6,16,17,18,19,20,21,22,12,12,6,6,14,14,14,14,1,1,1,1,14,1,1,1,14,14,14,14,14,1,1,1,1,14,23,14,14,24,25,14,14,14,14,14,1,14,26,27,14,14,14,14,14,14,14,28,29,30,31,32,14,14,14,14,33,34,35,14,14,14,36,14,14,14,14,14,14,14,14,14,14,37,38,14,14,14,14,12,12,12,12,12,12,12,12,6,6,6,6,6,6,6,6","0.000547170639038086","louvain","edit-xhwikibooks.graphml"
"0.09","0.78","0.13","0.550706377503149","1,1,1,2,3,4,5,6,6,7,8,9,6,6,6,4,10,11,12,13,14,1,15,6,6,6,6,16,17,18,19,20,21,22,12,12,23,6,14,14,14,14,1,1,1,1,14,1,1,1,14,14,14,14,14,1,1,1,1,14,24,14,14,25,26,14,14,14,14,14,1,14,27,28,14,14,14,14,14,14,14,29,30,31,32,33,14,14,14,14,34,35,36,14,14,14,37,14,14,14,14,14,14,14,14,14,14,38,39,14,14,14,14,12,12,12,12,12,12,12,12,23,23,23,23,23,23,23,23","0.000517845153808594","louvain","edit-xhwikibooks.graphml"
"0.08","0.79","0.13","0.547114281728564","1,1,1,2,3,4,5,4,4,6,7,8,4,4,4,9,10,11,12,13,14,1,15,4,4,4,4,16,17,18,19,20,21,22,12,12,23,24,14,14,14,14,1,1,1,1,14,1,1,1,14,14,14,14,14,1,1,1,1,14,25,14,14,26,27,14,14,14,14,14,1,14,28,29,14,14,14,14,14,14,14,30,31,32,33,34,14,14,14,14,35,36,37,14,14,14,38,14,14,14,14,14,14,14,14,14,14,39,40,14,14,14,14,12,12,12,12,12,12,12,12,23,23,23,23,23,23,23,23","0.000528097152709961","louvain","edit-xhwikibooks.graphml"
"0.07","0.8","0.13","0.549118990812688","1,1,1,2,3,4,5,4,4,6,7,8,4,4,4,9,10,11,12,13,14,1,15,4,4,4,4,16,17,18,19,20,21,22,12,12,23,24,14,14,14,14,1,1,1,1,14,1,1,1,14,14,14,14,14,1,1,1,1,14,25,14,14,26,27,14,14,14,14,14,1,14,28,29,14,14,14,14,14,14,14,30,31,32,33,34,14,14,14,14,35,36,37,14,14,14,38,14,14,14,14,14,14,14,14,14,14,39,40,14,14,14,14,12,12,12,12,12,12,12,12,23,23,23,23,23,23,23,23","0.000488996505737305","louvain","edit-xhwikibooks.graphml"
"0.06","0.81","0.13","0.549118990812688","1,1,1,2,3,4,5,4,4,6,7,8,4,4,4,9,10,11,12,13,14,1,15,4,4,4,4,16,17,18,19,20,21,22,12,12,23,24,14,14,14,14,1,1,1,1,14,1,1,1,14,14,14,14,14,1,1,1,1,14,25,14,14,26,27,14,14,14,14,14,1,14,28,29,14,14,14,14,14,14,14,30,31,32,33,34,14,14,14,14,35,36,37,14,14,14,38,14,14,14,14,14,14,14,14,14,14,39,40,14,14,14,14,12,12,12,12,12,12,12,12,23,23,23,23,23,23,23,23","0.000457048416137695","louvain","edit-xhwikibooks.graphml"
"0.05","0.82","0.13","0.548364639282227","1,1,1,2,3,4,5,4,4,6,7,8,4,4,4,9,10,11,12,13,14,1,15,4,4,4,4,16,17,18,19,20,21,22,12,12,23,24,14,14,14,14,1,1,1,1,14,1,1,1,14,14,14,14,14,1,1,1,1,14,25,14,14,26,27,14,14,14,14,14,1,14,28,29,14,14,14,14,14,14,14,30,31,32,33,34,14,14,14,14,35,36,37,14,14,14,38,14,14,14,14,14,14,14,14,14,14,39,40,14,14,14,14,12,12,12,12,12,12,12,12,23,23,23,23,23,23,23,23","0.000492095947265625","louvain","edit-xhwikibooks.graphml"
"0.04","0.83","0.13","0.540962650720518","1,1,1,2,3,4,5,4,4,6,7,8,4,4,4,9,10,11,12,13,14,1,15,4,4,4,4,16,17,18,19,20,21,22,12,12,23,24,14,14,14,14,1,1,1,1,14,1,1,1,14,14,14,14,14,1,1,1,1,14,25,14,14,26,27,14,14,14,14,14,1,14,28,29,14,14,14,14,14,14,14,30,31,32,33,34,14,14,14,14,35,36,37,14,14,14,38,14,14,14,14,14,14,14,14,14,14,39,40,14,14,14,14,12,12,12,12,12,12,12,12,23,23,23,23,23,23,23,23","0.000542879104614258","louvain","edit-xhwikibooks.graphml"
"0.03","0.84","0.13","0.541546553380873","1,1,1,2,3,4,5,4,4,6,7,8,4,4,4,9,10,11,12,13,14,1,15,4,4,4,4,16,17,18,19,20,21,22,12,12,23,24,14,14,14,14,1,1,1,1,14,1,1,1,14,14,14,14,14,1,1,1,1,14,25,14,14,26,27,14,14,14,14,14,1,14,28,29,14,14,14,14,14,14,14,30,31,32,33,34,14,14,14,14,35,36,37,14,14,14,38,14,14,14,14,14,14,14,14,14,14,39,40,14,14,14,14,12,12,12,12,12,12,12,12,23,23,23,23,23,23,23,23","0.00052189826965332","louvain","edit-xhwikibooks.graphml"
"0.02","0.85","0.13","0.543012586025172","1,1,1,2,3,4,5,4,4,6,7,8,4,4,4,9,10,11,12,13,14,1,15,4,4,4,4,16,17,18,19,20,21,22,12,12,23,24,14,14,14,14,1,1,1,1,14,1,1,1,14,14,14,14,14,1,1,1,1,14,25,14,14,26,27,14,14,14,14,14,1,14,28,29,14,14,14,14,14,14,14,30,31,32,33,34,14,14,14,14,35,36,37,14,14,14,38,14,14,14,14,14,14,14,14,14,14,39,40,14,14,14,14,12,12,12,12,12,12,12,12,23,23,23,23,23,23,23,23","0.000520944595336914","louvain","edit-xhwikibooks.graphml"
"0.01","0.86","0.13","0.544969573492748","1,1,1,2,3,4,5,4,4,6,7,8,4,4,4,9,10,11,12,13,14,1,15,4,4,4,4,16,17,18,19,20,21,22,12,12,23,24,14,14,14,14,1,1,1,1,14,1,1,1,14,14,14,14,14,1,1,1,1,14,25,14,14,26,27,14,14,14,14,14,1,14,28,29,14,14,14,14,14,14,14,30,31,32,33,34,14,14,14,14,35,36,37,14,14,14,38,14,14,14,14,14,14,14,14,14,14,39,40,14,14,14,14,12,12,12,12,12,12,12,12,23,23,23,23,23,23,23,23","0.000468015670776367","louvain","edit-xhwikibooks.graphml"
"0","0.87","0.13","0.548407894932992","1,1,1,1,1,1,2,1,3,4,5,6,3,3,3,7,8,9,10,11,12,13,14,1,3,3,3,15,1,16,17,18,19,20,10,10,21,22,12,12,12,12,13,13,13,13,12,13,13,13,12,12,12,12,12,13,13,13,13,12,23,12,12,24,25,12,12,12,12,12,13,12,26,27,12,12,12,12,12,12,12,28,29,30,31,32,12,12,12,12,33,34,35,12,12,12,36,12,12,12,12,12,12,12,12,12,12,37,38,12,12,12,12,10,10,10,10,10,10,10,10,21,21,21,21,21,21,21,21","0.000633955001831055","louvain","edit-xhwikibooks.graphml"
"0.86","0","0.14","0.451874867594097","1,2,1,1,1,3,1,3,3,3,1,1,3,3,3,4,3,1,5,1,6,2,3,3,3,3,3,4,2,3,1,5,1,1,5,5,3,3,6,6,6,6,2,2,2,2,6,2,2,2,6,6,6,6,6,2,2,2,2,6,3,6,6,3,3,6,6,6,6,6,2,6,3,3,6,6,6,6,6,6,6,3,4,4,4,2,6,6,6,6,3,1,5,6,6,6,4,6,6,6,6,6,6,6,6,6,6,1,1,6,6,6,6,5,5,5,5,5,5,5,5,3,3,3,3,3,3,3,3","0.000507831573486328","louvain","edit-xhwikibooks.graphml"
"0.85","0.01","0.14","0.451874867594097","1,2,1,1,1,3,1,3,3,3,1,1,3,3,3,4,3,1,5,1,6,2,3,3,3,3,3,4,2,3,1,5,1,1,5,5,3,3,6,6,6,6,2,2,2,2,6,2,2,2,6,6,6,6,6,2,2,2,2,6,3,6,6,3,3,6,6,6,6,6,2,6,3,3,6,6,6,6,6,6,6,3,4,4,4,2,6,6,6,6,3,1,5,6,6,6,4,6,6,6,6,6,6,6,6,6,6,1,1,6,6,6,6,5,5,5,5,5,5,5,5,3,3,3,3,3,3,3,3","0.000522136688232422","louvain","edit-xhwikibooks.graphml"
"0.84","0.02","0.14","0.451874867594097","1,2,1,1,1,3,1,3,3,3,1,1,3,3,3,4,3,1,5,1,6,2,3,3,3,3,3,4,2,3,1,5,1,1,5,5,3,3,6,6,6,6,2,2,2,2,6,2,2,2,6,6,6,6,6,2,2,2,2,6,3,6,6,3,3,6,6,6,6,6,2,6,3,3,6,6,6,6,6,6,6,3,4,4,4,2,6,6,6,6,3,1,5,6,6,6,4,6,6,6,6,6,6,6,6,6,6,1,1,6,6,6,6,5,5,5,5,5,5,5,5,3,3,3,3,3,3,3,3","0.000532150268554688","louvain","edit-xhwikibooks.graphml"
"0.83","0.03","0.14","0.45175779790708","1,2,1,1,1,1,1,3,1,1,1,1,3,3,3,1,1,1,4,1,5,2,3,3,3,3,3,1,2,1,1,4,1,1,4,4,3,3,5,5,5,5,2,2,2,2,5,2,2,2,5,5,5,5,5,2,2,2,2,5,3,5,5,3,3,5,5,5,5,5,2,5,3,3,5,5,5,5,5,5,5,3,1,1,1,2,5,5,5,5,1,1,4,5,5,5,1,5,5,5,5,5,5,5,5,5,5,1,1,5,5,5,5,4,4,4,4,4,4,4,4,3,3,3,3,3,3,3,3","0.00052189826965332","louvain","edit-xhwikibooks.graphml"
"0.82","0.04","0.14","0.451164466947071","1,2,1,1,1,3,1,3,3,3,1,1,3,3,3,4,3,1,5,1,6,2,3,3,3,3,3,4,2,3,1,5,1,1,5,5,3,3,6,6,6,6,2,2,2,2,6,2,2,2,6,6,6,6,6,2,2,2,2,6,3,6,6,3,3,6,6,6,6,6,2,6,3,3,6,6,6,6,6,6,6,3,4,4,4,2,6,6,6,6,3,1,5,6,6,6,4,6,6,6,6,6,6,6,6,6,6,1,1,6,6,6,6,5,5,5,5,5,5,5,5,3,3,3,3,3,3,3,3","0.000566005706787109","louvain","edit-xhwikibooks.graphml"
"0.81","0.05","0.14","0.45045604943891","1,2,1,1,1,3,1,3,3,3,1,1,3,3,3,4,3,1,5,1,6,2,3,3,3,3,3,4,2,3,1,5,1,1,5,5,3,3,6,6,6,6,2,2,2,2,6,2,2,2,6,6,6,6,6,2,2,2,2,6,3,6,6,3,3,6,6,6,6,6,2,6,3,3,6,6,6,6,6,6,6,3,4,4,4,2,6,6,6,6,3,1,5,6,6,6,4,6,6,6,6,6,6,6,6,6,6,1,1,6,6,6,6,5,5,5,5,5,5,5,5,3,3,3,3,3,3,3,3","0.000545978546142578","louvain","edit-xhwikibooks.graphml"
"0.8","0.06","0.14","0.45045604943891","1,2,1,1,1,3,1,3,3,3,1,1,3,3,3,4,3,1,5,1,6,2,3,3,3,3,3,4,2,3,1,5,1,1,5,5,3,3,6,6,6,6,2,2,2,2,6,2,2,2,6,6,6,6,6,2,2,2,2,6,3,6,6,3,3,6,6,6,6,6,2,6,3,3,6,6,6,6,6,6,6,3,4,4,4,2,6,6,6,6,3,1,5,6,6,6,4,6,6,6,6,6,6,6,6,6,6,1,1,6,6,6,6,5,5,5,5,5,5,5,5,3,3,3,3,3,3,3,3","0.000552892684936523","louvain","edit-xhwikibooks.graphml"
"0.79","0.07","0.14","0.451220575224132","1,2,1,1,1,3,1,3,3,3,1,1,3,3,3,3,3,1,4,1,5,2,3,3,3,3,3,3,2,3,1,4,1,1,4,4,6,3,5,5,5,5,2,2,2,2,5,2,2,2,5,5,5,5,5,2,2,2,2,5,3,5,5,3,3,5,5,5,5,5,2,5,3,3,5,5,5,5,5,5,5,3,3,3,3,2,5,5,5,5,3,1,4,5,5,5,3,5,5,5,5,5,5,5,5,5,5,1,1,5,5,5,5,4,4,4,4,4,4,4,4,6,6,6,6,6,6,6,6","0.000538110733032227","louvain","edit-xhwikibooks.graphml"
"0.78","0.08","0.14","0.451354166666667","1,2,1,3,1,3,1,3,3,3,1,1,3,3,3,4,3,1,5,1,6,2,3,3,3,3,3,4,2,3,1,5,1,1,5,5,3,3,6,6,6,6,2,2,2,2,6,2,2,2,6,6,6,6,6,2,2,2,2,6,3,6,6,3,3,6,6,6,6,6,2,6,3,3,6,6,6,6,6,6,6,3,4,4,4,2,6,6,6,6,3,1,5,6,6,6,4,6,6,6,6,6,6,6,6,6,6,1,1,6,6,6,6,5,5,5,5,5,5,5,5,3,3,3,3,3,3,3,3","0.000509023666381836","louvain","edit-xhwikibooks.graphml"
"0.77","0.09","0.14","0.450966238908027","1,2,1,1,1,3,1,3,3,3,1,1,3,3,3,4,3,1,5,1,6,2,3,3,3,3,3,4,2,3,1,5,1,1,5,5,3,3,6,6,6,6,2,2,2,2,6,2,2,2,6,6,6,6,6,2,2,2,2,6,3,6,6,3,3,6,6,6,6,6,2,6,3,3,6,6,6,6,6,6,6,3,4,4,4,2,6,6,6,6,3,1,5,6,6,6,4,6,6,6,6,6,6,6,6,6,6,1,1,6,6,6,6,5,5,5,5,5,5,5,5,3,3,3,3,3,3,3,3","0.000509977340698242","louvain","edit-xhwikibooks.graphml"
"0.76","0.1","0.14","0.450966238908027","1,2,1,1,1,3,1,3,3,3,1,1,3,3,3,4,3,1,5,1,6,2,3,3,3,3,3,4,2,3,1,5,1,1,5,5,3,3,6,6,6,6,2,2,2,2,6,2,2,2,6,6,6,6,6,2,2,2,2,6,3,6,6,3,3,6,6,6,6,6,2,6,3,3,6,6,6,6,6,6,6,3,4,4,4,2,6,6,6,6,3,1,5,6,6,6,4,6,6,6,6,6,6,6,6,6,6,1,1,6,6,6,6,5,5,5,5,5,5,5,5,3,3,3,3,3,3,3,3","0.000566005706787109","louvain","edit-xhwikibooks.graphml"
"0.75","0.11","0.14","0.450263425216508","1,2,1,1,1,3,1,3,3,3,1,1,3,3,3,4,3,1,5,1,6,2,3,3,3,3,3,4,2,3,1,5,1,1,5,5,3,3,6,6,6,6,2,2,2,2,6,2,2,2,6,6,6,6,6,2,2,2,2,6,3,6,6,3,3,6,6,6,6,6,2,6,3,3,6,6,6,6,6,6,6,3,4,4,4,2,6,6,6,6,3,1,5,6,6,6,4,6,6,6,6,6,6,6,6,6,6,1,1,6,6,6,6,5,5,5,5,5,5,5,5,3,3,3,3,3,3,3,3","0.000517845153808594","louvain","edit-xhwikibooks.graphml"
"0.74","0.12","0.14","0.455640410491087","1,2,1,1,1,3,1,3,3,3,1,1,3,3,3,3,3,1,4,1,5,2,3,3,3,3,3,3,2,3,1,4,1,1,4,4,6,3,5,5,5,5,2,2,2,2,5,2,2,2,5,5,5,5,5,2,2,2,2,5,3,5,5,3,3,5,5,5,5,5,2,5,3,3,5,5,5,5,5,5,5,3,3,3,3,2,5,5,5,5,3,1,4,5,5,5,3,5,5,5,5,5,5,5,5,5,5,1,1,5,5,5,5,4,4,4,4,4,4,4,4,6,6,6,6,6,6,6,6","0.000530004501342773","louvain","edit-xhwikibooks.graphml"
"0.73","0.13","0.14","0.428935650675093","1,2,1,1,1,1,1,3,1,1,1,1,3,3,3,1,1,1,4,1,5,2,3,3,3,3,3,1,2,1,1,4,1,1,4,4,3,3,5,5,5,5,2,2,2,2,5,2,2,2,5,5,5,5,5,2,2,2,2,5,3,5,5,3,3,5,5,5,5,5,2,5,3,3,5,5,5,5,5,5,5,3,1,1,1,2,5,5,5,5,1,1,4,5,5,5,1,5,5,5,5,5,5,5,5,5,5,1,1,5,5,5,5,4,4,4,4,4,4,4,4,3,3,3,3,3,3,3,3","0.000524997711181641","louvain","edit-xhwikibooks.graphml"
"0.72","0.14","0.14","0.428935650675093","1,2,1,1,1,1,1,3,1,1,1,1,3,3,3,1,1,1,4,1,5,2,3,3,3,3,3,1,2,1,1,4,1,1,4,4,3,3,5,5,5,5,2,2,2,2,5,2,2,2,5,5,5,5,5,2,2,2,2,5,3,5,5,3,3,5,5,5,5,5,2,5,3,3,5,5,5,5,5,5,5,3,1,1,1,2,5,5,5,5,1,1,4,5,5,5,1,5,5,5,5,5,5,5,5,5,5,1,1,5,5,5,5,4,4,4,4,4,4,4,4,3,3,3,3,3,3,3,3","0.000517129898071289","louvain","edit-xhwikibooks.graphml"
"0.71","0.15","0.14","0.423397784152645","1,2,1,1,1,1,1,3,1,1,1,1,3,3,3,1,1,1,4,1,5,2,3,3,3,3,3,1,2,1,1,4,1,1,4,4,3,3,5,5,5,5,2,2,2,2,5,2,2,2,5,5,5,5,5,2,2,2,2,5,6,5,5,3,3,5,5,5,5,5,2,5,3,3,5,5,5,5,5,5,5,3,1,1,1,7,5,5,5,5,8,9,10,5,5,5,1,5,5,5,5,5,5,5,5,5,5,1,1,5,5,5,5,4,4,4,4,4,4,4,4,3,3,3,3,3,3,3,3","0.000542879104614258","louvain","edit-xhwikibooks.graphml"
"0.7","0.16","0.14","0.425570393843368","1,2,1,1,1,3,1,3,3,3,1,1,3,3,3,3,3,1,4,1,5,2,3,3,3,3,3,3,2,3,1,4,1,1,4,4,3,3,5,5,5,5,2,2,2,2,5,2,2,2,5,5,5,5,5,2,2,2,2,5,6,5,5,3,3,5,5,5,5,5,2,5,3,3,5,5,5,5,5,5,5,3,3,3,3,7,5,5,5,5,8,9,10,5,5,5,3,5,5,5,5,5,5,5,5,5,5,1,1,5,5,5,5,4,4,4,4,4,4,4,4,3,3,3,3,3,3,3,3","0.000521183013916016","louvain","edit-xhwikibooks.graphml"
"0.69","0.17","0.14","0.426949421861534","1,2,1,1,1,3,1,3,3,3,1,1,3,3,3,3,3,1,4,1,5,2,3,3,3,3,3,3,2,3,1,4,1,1,4,4,3,3,5,5,5,5,2,2,2,2,5,2,2,2,5,5,5,5,5,2,2,2,2,5,6,5,5,3,3,5,5,5,5,5,2,5,3,3,5,5,5,5,5,5,5,3,3,3,3,7,5,5,5,5,8,9,10,5,5,5,3,5,5,5,5,5,5,5,5,5,5,1,1,5,5,5,5,4,4,4,4,4,4,4,4,3,3,3,3,3,3,3,3","0.000527143478393555","louvain","edit-xhwikibooks.graphml"
"0.68","0.18","0.14","0.428884945626182","1,2,1,1,1,1,1,3,1,1,1,1,3,3,3,1,1,1,4,1,5,2,3,3,3,3,3,1,2,1,1,4,1,1,4,4,3,3,5,5,5,5,2,2,2,2,5,2,2,2,5,5,5,5,5,2,2,2,2,5,6,5,5,3,3,5,5,5,5,5,2,5,3,3,5,5,5,5,5,5,5,3,1,1,1,7,5,5,5,5,8,9,10,5,5,5,1,5,5,5,5,5,5,5,5,5,5,1,1,5,5,5,5,4,4,4,4,4,4,4,4,3,3,3,3,3,3,3,3","0.000633955001831055","louvain","edit-xhwikibooks.graphml"
"0.67","0.19","0.14","0.428185475974292","1,2,1,1,1,1,1,3,1,1,1,1,3,3,3,1,1,1,4,1,5,2,3,3,3,3,3,1,2,1,1,4,1,1,4,4,3,3,5,5,5,5,2,2,2,2,5,2,2,2,5,5,5,5,5,2,2,2,2,5,6,5,5,3,3,5,5,5,5,5,2,5,3,3,5,5,5,5,5,5,5,3,1,1,1,7,5,5,5,5,8,9,10,5,5,5,1,5,5,5,5,5,5,5,5,5,5,1,1,5,5,5,5,4,4,4,4,4,4,4,4,3,3,3,3,3,3,3,3","0.000538110733032227","louvain","edit-xhwikibooks.graphml"
"0.66","0.2","0.14","0.432133147376598","1,2,1,1,1,3,1,3,3,3,1,1,3,3,3,4,3,1,5,1,6,2,3,3,3,3,3,4,2,3,1,5,1,1,5,5,3,3,6,6,6,6,2,2,2,2,6,2,2,2,6,6,6,6,6,2,2,2,2,6,7,6,6,3,3,6,6,6,6,6,2,6,3,3,6,6,6,6,6,6,6,3,4,4,4,8,6,6,6,6,9,10,11,6,6,6,4,6,6,6,6,6,6,6,6,6,6,1,1,6,6,6,6,5,5,5,5,5,5,5,5,3,3,3,3,3,3,3,3","0.000494003295898438","louvain","edit-xhwikibooks.graphml"
"0.65","0.21","0.14","0.431584545266757","1,2,1,1,1,1,1,3,1,1,1,1,3,3,3,1,1,1,4,1,5,2,3,3,3,3,3,1,2,1,1,4,1,1,4,4,3,3,5,5,5,5,2,2,2,2,5,2,2,2,5,5,5,5,5,2,2,2,2,5,6,5,5,3,3,5,5,5,5,5,2,5,3,3,5,5,5,5,5,5,5,3,1,1,1,7,5,5,5,5,8,9,10,5,5,5,1,5,5,5,5,5,5,5,5,5,5,1,1,5,5,5,5,4,4,4,4,4,4,4,4,3,3,3,3,3,3,3,3","0.00049901008605957","louvain","edit-xhwikibooks.graphml"
"0.64","0.22","0.14","0.433640867631869","1,2,1,1,1,1,1,3,1,1,1,1,3,3,3,1,1,1,4,1,5,2,3,3,3,3,3,1,2,1,1,4,1,1,4,4,3,3,5,5,5,5,2,2,2,2,5,2,2,2,5,5,5,5,5,2,2,2,2,5,6,5,5,3,3,5,5,5,5,5,2,5,3,3,5,5,5,5,5,5,5,3,1,1,1,7,5,5,5,5,8,9,10,5,5,5,1,5,5,5,5,5,5,5,5,5,5,1,1,5,5,5,5,4,4,4,4,4,4,4,4,3,3,3,3,3,3,3,3","0.000558137893676758","louvain","edit-xhwikibooks.graphml"
"0.63","0.23","0.14","0.436806549072661","1,2,1,1,1,3,1,3,3,3,1,1,3,3,3,4,3,1,5,1,6,2,3,3,3,3,3,4,2,3,1,5,1,1,5,5,3,3,6,6,6,6,2,2,2,2,6,2,2,2,6,6,6,6,6,2,2,2,2,6,7,6,6,3,3,6,6,6,6,6,2,6,3,3,6,6,6,6,6,6,6,3,4,4,4,8,6,6,6,6,9,10,11,6,6,6,4,6,6,6,6,6,6,6,6,6,6,1,1,6,6,6,6,5,5,5,5,5,5,5,5,3,3,3,3,3,3,3,3","0.000523090362548828","louvain","edit-xhwikibooks.graphml"
"0.62","0.24","0.14","0.438865549835574","1,2,1,1,1,1,1,3,1,1,1,1,3,3,3,1,1,1,4,1,5,2,3,3,3,3,3,1,2,1,1,4,1,1,4,4,3,3,5,5,5,5,2,2,2,2,5,2,2,2,5,5,5,5,5,2,2,2,2,5,6,5,5,3,3,5,5,5,5,5,2,5,3,3,5,5,5,5,5,5,5,3,1,1,1,7,5,5,5,5,8,9,10,5,5,5,1,5,5,5,5,5,5,5,5,5,5,1,1,5,5,5,5,4,4,4,4,4,4,4,4,3,3,3,3,3,3,3,3","0.000553131103515625","louvain","edit-xhwikibooks.graphml"
"0.61","0.25","0.14","0.442061855670103","1,2,1,1,1,1,1,3,1,1,1,1,3,3,3,1,1,1,4,1,5,2,3,3,3,3,3,1,2,1,1,4,1,1,4,4,3,3,5,5,5,5,2,2,2,2,5,2,2,2,5,5,5,5,5,2,2,2,2,5,6,5,5,3,3,5,5,5,5,5,2,5,3,3,5,5,5,5,5,5,5,3,1,1,1,7,5,5,5,5,8,9,10,5,5,5,1,5,5,5,5,5,5,5,5,5,5,1,1,5,5,5,5,4,4,4,4,4,4,4,4,3,3,3,3,3,3,3,3","0.000536918640136719","louvain","edit-xhwikibooks.graphml"
"0.6","0.26","0.14","0.442061855670103","1,2,1,1,1,1,1,3,1,1,1,1,3,3,3,1,1,1,4,1,5,2,3,3,3,3,3,1,2,1,1,4,1,1,4,4,3,3,5,5,5,5,2,2,2,2,5,2,2,2,5,5,5,5,5,2,2,2,2,5,6,5,5,3,3,5,5,5,5,5,2,5,3,3,5,5,5,5,5,5,5,3,1,1,1,7,5,5,5,5,8,9,10,5,5,5,1,5,5,5,5,5,5,5,5,5,5,1,1,5,5,5,5,4,4,4,4,4,4,4,4,3,3,3,3,3,3,3,3","0.000565052032470703","louvain","edit-xhwikibooks.graphml"
"0.59","0.27","0.14","0.440197903148692","1,2,1,1,1,3,1,3,3,3,1,1,3,3,3,4,3,1,5,1,6,2,3,3,3,3,3,4,2,3,1,5,1,1,5,5,3,3,6,6,6,6,2,2,2,2,6,2,2,2,6,6,6,6,6,2,2,2,2,6,7,6,6,3,3,6,6,6,6,6,2,6,3,3,6,6,6,6,6,6,6,3,4,4,4,8,6,6,6,6,9,10,11,6,6,6,4,6,6,6,6,6,6,6,6,6,6,1,1,6,6,6,6,5,5,5,5,5,5,5,5,3,3,3,3,3,3,3,3","0.000585079193115234","louvain","edit-xhwikibooks.graphml"
"0.58","0.28","0.14","0.439455840153045","1,2,1,1,1,1,1,3,1,1,1,1,3,3,3,1,1,1,4,1,5,2,3,3,3,3,3,1,2,1,1,4,1,1,4,4,3,3,5,5,5,5,2,2,2,2,5,2,2,2,5,5,5,5,5,2,2,2,2,5,6,5,5,3,3,5,5,5,5,5,2,5,3,3,5,5,5,5,5,5,5,3,1,1,1,7,5,5,5,5,8,9,10,5,5,5,1,5,5,5,5,5,5,5,5,5,5,1,1,5,5,5,5,4,4,4,4,4,4,4,4,3,3,3,3,3,3,3,3","0.000570058822631836","louvain","edit-xhwikibooks.graphml"
"0.57","0.29","0.14","0.428445755501479","1,2,1,3,1,3,1,3,3,3,1,1,3,3,3,3,4,1,5,1,6,2,3,3,3,3,3,3,2,7,8,5,1,1,5,5,3,3,6,6,6,6,2,2,2,2,6,2,2,2,6,6,6,6,6,2,2,2,2,6,9,6,6,10,11,6,6,6,6,6,2,6,3,3,6,6,6,6,6,6,6,12,3,3,3,13,6,6,6,6,14,15,16,6,6,6,17,6,6,6,6,6,6,6,6,6,6,18,19,6,6,6,6,5,5,5,5,5,5,5,5,3,3,3,3,3,3,3,3","0.000549077987670898","louvain","edit-xhwikibooks.graphml"
"0.56","0.3","0.14","0.427757026860936","1,2,1,3,1,3,1,3,3,3,1,1,3,3,3,3,4,1,5,1,6,2,3,3,3,3,3,3,2,7,8,5,1,1,5,5,3,3,6,6,6,6,2,2,2,2,6,2,2,2,6,6,6,6,6,2,2,2,2,6,9,6,6,10,11,6,6,6,6,6,2,6,3,3,6,6,6,6,6,6,6,12,3,3,3,13,6,6,6,6,14,15,16,6,6,6,17,6,6,6,6,6,6,6,6,6,6,18,19,6,6,6,6,5,5,5,5,5,5,5,5,3,3,3,3,3,3,3,3","0.000576019287109375","louvain","edit-xhwikibooks.graphml"
"0.55","0.31","0.14","0.429769965277778","1,2,1,3,1,3,1,3,3,3,1,1,3,3,3,3,4,1,5,1,6,2,3,3,3,3,3,3,2,7,8,5,1,1,5,5,3,3,6,6,6,6,2,2,2,2,6,2,2,2,6,6,6,6,6,2,2,2,2,6,9,6,6,10,11,6,6,6,6,6,2,6,3,3,6,6,6,6,6,6,6,12,3,3,3,13,6,6,6,6,14,15,16,6,6,6,17,6,6,6,6,6,6,6,6,6,6,18,19,6,6,6,6,5,5,5,5,5,5,5,5,3,3,3,3,3,3,3,3","0.000494956970214844","louvain","edit-xhwikibooks.graphml"
"0.54","0.32","0.14","0.429082688957949","1,2,1,3,1,3,1,3,3,3,1,1,3,3,3,3,4,1,5,1,6,2,3,3,3,3,3,3,2,7,8,5,1,1,5,5,3,3,6,6,6,6,2,2,2,2,6,2,2,2,6,6,6,6,6,2,2,2,2,6,9,6,6,10,11,6,6,6,6,6,2,6,3,3,6,6,6,6,6,6,6,12,3,3,3,13,6,6,6,6,14,15,16,6,6,6,17,6,6,6,6,6,6,6,6,6,6,18,19,6,6,6,6,5,5,5,5,5,5,5,5,3,3,3,3,3,3,3,3","0.000518798828125","louvain","edit-xhwikibooks.graphml"
"0.53","0.33","0.14","0.428010771046114","1,2,1,1,3,1,3,4,1,1,3,3,4,4,4,1,5,3,3,3,6,2,4,4,4,4,4,1,2,7,8,3,3,3,3,3,4,4,6,6,6,6,2,2,2,2,6,2,2,2,6,6,6,6,6,2,2,2,2,6,9,6,6,10,11,6,6,6,6,6,2,6,4,4,6,6,6,6,6,6,6,12,1,1,1,13,6,6,6,6,14,15,16,6,6,6,17,6,6,6,6,6,6,6,6,6,6,18,19,6,6,6,6,3,3,3,3,3,3,3,3,4,4,4,4,4,4,4,4","0.000512838363647461","louvain","edit-xhwikibooks.graphml"
"0.52","0.34","0.14","0.455295590530697","1,2,1,3,1,3,1,3,3,3,1,1,3,3,3,3,4,1,5,1,6,2,3,3,3,3,3,3,2,7,8,5,1,1,5,5,9,3,6,6,6,6,2,2,2,2,6,2,2,2,6,6,6,6,6,2,2,2,2,6,10,6,6,11,12,6,6,6,6,6,2,6,3,3,6,6,6,6,6,6,6,13,3,3,3,14,6,6,6,6,15,16,17,6,6,6,18,6,6,6,6,6,6,6,6,6,6,19,20,6,6,6,6,5,5,5,5,5,5,5,5,9,9,9,9,9,9,9,9","0.000536203384399414","louvain","edit-xhwikibooks.graphml"
"0.51","0.35","0.14","0.455494764568158","1,2,1,1,1,3,1,3,3,3,1,1,3,3,3,3,4,1,5,1,6,2,3,3,3,3,3,3,2,7,8,5,1,1,5,5,9,3,6,6,6,6,2,2,2,2,6,2,2,2,6,6,6,6,6,2,2,2,2,6,10,6,6,11,12,6,6,6,6,6,2,6,3,3,6,6,6,6,6,6,6,13,3,3,3,14,6,6,6,6,15,16,17,6,6,6,18,6,6,6,6,6,6,6,6,6,6,19,20,6,6,6,6,5,5,5,5,5,5,5,5,9,9,9,9,9,9,9,9","0.000550031661987305","louvain","edit-xhwikibooks.graphml"
"0.5","0.36","0.14","0.454985445874442","1,2,1,3,1,3,1,3,3,3,1,1,3,3,3,4,5,1,6,1,7,2,3,3,3,3,3,4,2,8,9,6,1,1,6,6,3,3,7,7,7,7,2,2,2,2,7,2,2,2,7,7,7,7,7,2,2,2,2,7,10,7,7,11,12,7,7,7,7,7,2,7,3,3,7,7,7,7,7,7,7,13,4,4,4,14,7,7,7,7,15,16,17,7,7,7,18,7,7,7,7,7,7,7,7,7,7,19,20,7,7,7,7,6,6,6,6,6,6,6,6,3,3,3,3,3,3,3,3","0.000751018524169922","louvain","edit-xhwikibooks.graphml"
"0.49","0.37","0.14","0.454985445874442","1,2,1,3,1,3,1,3,3,3,1,1,3,3,3,4,5,1,6,1,7,2,3,3,3,3,3,4,2,8,9,6,1,1,6,6,3,3,7,7,7,7,2,2,2,2,7,2,2,2,7,7,7,7,7,2,2,2,2,7,10,7,7,11,12,7,7,7,7,7,2,7,3,3,7,7,7,7,7,7,7,13,4,4,4,14,7,7,7,7,15,16,17,7,7,7,18,7,7,7,7,7,7,7,7,7,7,19,20,7,7,7,7,6,6,6,6,6,6,6,6,3,3,3,3,3,3,3,3","0.000488996505737305","louvain","edit-xhwikibooks.graphml"
"0.48","0.38","0.14","0.456124674198096","1,2,1,3,1,3,1,3,3,3,1,1,3,3,3,4,5,1,6,1,7,2,3,3,3,3,3,4,2,8,9,6,1,1,6,6,3,3,7,7,7,7,2,2,2,2,7,2,2,2,7,7,7,7,7,2,2,2,2,7,10,7,7,11,12,7,7,7,7,7,2,7,3,3,7,7,7,7,7,7,7,13,4,4,4,14,7,7,7,7,15,16,17,7,7,7,18,7,7,7,7,7,7,7,7,7,7,19,20,7,7,7,7,6,6,6,6,6,6,6,6,3,3,3,3,3,3,3,3","0.000478982925415039","louvain","edit-xhwikibooks.graphml"
"0.47","0.39","0.14","0.457938","1,2,1,3,1,3,1,3,3,3,1,1,3,3,3,4,5,1,6,1,7,2,3,3,3,3,3,4,2,8,9,6,1,1,6,6,3,3,7,7,7,7,2,2,2,2,7,2,2,2,7,7,7,7,7,2,2,2,2,7,10,7,7,11,12,7,7,7,7,7,2,7,3,3,7,7,7,7,7,7,7,13,4,4,4,14,7,7,7,7,15,16,17,7,7,7,18,7,7,7,7,7,7,7,7,7,7,19,20,7,7,7,7,6,6,6,6,6,6,6,6,3,3,3,3,3,3,3,3","0.000486135482788086","louvain","edit-xhwikibooks.graphml"
"0.46","0.4","0.14","0.460914433873894","1,2,1,1,1,3,1,3,3,3,1,1,3,3,3,4,5,1,6,1,7,2,3,3,3,3,3,4,2,8,9,6,1,1,6,6,3,3,7,7,7,7,2,2,2,2,7,2,2,2,7,7,7,7,7,2,2,2,2,7,10,7,7,11,12,7,7,7,7,7,2,7,3,3,7,7,7,7,7,7,7,13,4,4,4,14,7,7,7,7,15,16,17,7,7,7,18,7,7,7,7,7,7,7,7,7,7,19,20,7,7,7,7,6,6,6,6,6,6,6,6,3,3,3,3,3,3,3,3","0.000524997711181641","louvain","edit-xhwikibooks.graphml"
"0.45","0.41","0.14","0.456058","1,2,1,1,1,3,1,3,3,3,1,1,3,3,3,4,5,1,1,1,6,2,3,3,3,3,3,4,2,7,8,1,1,1,9,9,3,3,6,6,6,6,2,2,2,2,6,2,2,2,6,6,6,6,6,2,2,2,2,6,10,6,6,11,12,6,6,6,6,6,2,6,3,3,6,6,6,6,6,6,6,13,4,4,4,14,6,6,6,6,15,16,17,6,6,6,18,6,6,6,6,6,6,6,6,6,6,19,20,6,6,6,6,9,9,9,9,9,9,9,9,3,3,3,3,3,3,3,3","0.000520944595336914","louvain","edit-xhwikibooks.graphml"
"0.44","0.42","0.14","0.454926474396516","1,2,1,1,1,3,1,3,3,3,1,1,3,3,3,3,4,1,1,1,5,2,3,3,3,3,3,3,2,6,7,1,1,1,8,8,9,3,5,5,5,5,2,2,2,2,5,2,2,2,5,5,5,5,5,2,2,2,2,5,10,5,5,11,12,5,5,5,5,5,2,5,3,3,5,5,5,5,5,5,5,13,3,3,3,14,5,5,5,5,15,16,17,5,5,5,18,5,5,5,5,5,5,5,5,5,5,19,20,5,5,5,5,8,8,8,8,8,8,8,8,9,9,9,9,9,9,9,9","0.000525951385498047","louvain","edit-xhwikibooks.graphml"
"0.43","0.43","0.14","0.434865611970509","1,1,1,2,3,2,4,2,2,2,4,5,2,2,2,2,6,7,4,8,9,1,10,2,2,2,2,2,1,11,12,13,8,14,4,4,2,2,9,9,9,9,1,1,1,1,9,1,1,1,9,9,9,9,9,1,1,1,1,9,15,9,9,16,17,9,9,9,9,9,1,9,18,19,9,9,9,9,9,9,9,20,21,22,23,24,9,9,9,9,25,26,27,9,9,9,28,9,9,9,9,9,9,9,9,9,9,29,30,9,9,9,9,4,4,4,4,4,4,4,4,2,2,2,2,2,2,2,2","0.000493049621582031","louvain","edit-xhwikibooks.graphml"
"0.42","0.44","0.14","0.434187838400666","1,1,1,2,3,2,4,2,2,2,4,5,2,2,2,2,6,7,4,8,9,1,10,2,2,2,2,2,1,11,12,13,8,14,4,4,2,2,9,9,9,9,1,1,1,1,9,1,1,1,9,9,9,9,9,1,1,1,1,9,15,9,9,16,17,9,9,9,9,9,1,9,18,19,9,9,9,9,9,9,9,20,21,22,23,24,9,9,9,9,25,26,27,9,9,9,28,9,9,9,9,9,9,9,9,9,9,29,30,9,9,9,9,4,4,4,4,4,4,4,4,2,2,2,2,2,2,2,2","0.000509023666381836","louvain","edit-xhwikibooks.graphml"
"0.41","0.45","0.14","0.437939966289907","1,1,1,2,3,2,4,2,2,2,4,5,2,2,2,2,6,7,4,8,9,1,10,2,2,2,2,2,1,11,12,13,8,14,4,4,2,2,9,9,9,9,1,1,1,1,9,1,1,1,9,9,9,9,9,1,1,1,1,9,15,9,9,16,17,9,9,9,9,9,1,9,18,19,9,9,9,9,9,9,9,20,21,22,23,24,9,9,9,9,25,26,27,9,9,9,28,9,9,9,9,9,9,9,9,9,9,29,30,9,9,9,9,4,4,4,4,4,4,4,4,2,2,2,2,2,2,2,2","0.000505924224853516","louvain","edit-xhwikibooks.graphml"
"0.4","0.46","0.14","0.43726367934038","1,1,1,2,3,2,4,2,2,2,4,5,2,2,2,2,6,7,4,8,9,1,10,2,2,2,2,2,1,11,12,13,8,14,4,4,2,2,9,9,9,9,1,1,1,1,9,1,1,1,9,9,9,9,9,1,1,1,1,9,15,9,9,16,17,9,9,9,9,9,1,9,18,19,9,9,9,9,9,9,9,20,21,22,23,24,9,9,9,9,25,26,27,9,9,9,28,9,9,9,9,9,9,9,9,9,9,29,30,9,9,9,9,4,4,4,4,4,4,4,4,2,2,2,2,2,2,2,2","0.00050806999206543","louvain","edit-xhwikibooks.graphml"
"0.39","0.47","0.14","0.439142175744562","1,1,1,2,3,2,4,2,2,2,4,5,2,2,2,2,6,7,4,8,9,1,10,2,2,2,2,2,1,11,12,13,8,14,4,4,2,2,9,9,9,9,1,1,1,1,9,1,1,1,9,9,9,9,9,1,1,1,1,9,15,9,9,16,17,9,9,9,9,9,1,9,18,19,9,9,9,9,9,9,9,20,21,22,23,24,9,9,9,9,25,26,27,9,9,9,28,9,9,9,9,9,9,9,9,9,9,29,30,9,9,9,9,4,4,4,4,4,4,4,4,2,2,2,2,2,2,2,2","0.000510931015014648","louvain","edit-xhwikibooks.graphml"
"0.38","0.48","0.14","0.438467503315988","1,1,1,2,3,2,4,2,2,2,4,5,2,2,2,2,6,7,4,8,9,1,10,2,2,2,2,2,1,11,12,13,8,14,4,4,2,2,9,9,9,9,1,1,1,1,9,1,1,1,9,9,9,9,9,1,1,1,1,9,15,9,9,16,17,9,9,9,9,9,1,9,18,19,9,9,9,9,9,9,9,20,21,22,23,24,9,9,9,9,25,26,27,9,9,9,28,9,9,9,9,9,9,9,9,9,9,29,30,9,9,9,9,4,4,4,4,4,4,4,4,2,2,2,2,2,2,2,2","0.000512123107910156","louvain","edit-xhwikibooks.graphml"
"0.37","0.49","0.14","0.438467503315988","1,1,1,2,3,2,4,2,2,2,4,5,2,2,2,2,6,7,4,8,9,1,10,2,2,2,2,2,1,11,12,13,8,14,4,4,2,2,9,9,9,9,1,1,1,1,9,1,1,1,9,9,9,9,9,1,1,1,1,9,15,9,9,16,17,9,9,9,9,9,1,9,18,19,9,9,9,9,9,9,9,20,21,22,23,24,9,9,9,9,25,26,27,9,9,9,28,9,9,9,9,9,9,9,9,9,9,29,30,9,9,9,9,4,4,4,4,4,4,4,4,2,2,2,2,2,2,2,2","0.000539064407348633","louvain","edit-xhwikibooks.graphml"
"0.36","0.5","0.14","0.510377229080933","1,1,1,2,3,2,4,5,2,2,4,6,5,5,5,2,7,8,4,9,10,1,11,5,5,5,5,2,1,12,13,14,9,15,16,16,5,5,10,10,10,10,1,1,1,1,10,1,1,1,10,10,10,10,10,1,1,1,1,10,17,10,10,18,19,10,10,10,10,10,1,10,20,21,10,10,10,10,10,10,10,22,23,24,25,26,10,10,10,10,27,28,29,10,10,10,30,10,10,10,10,10,10,10,10,10,10,31,32,10,10,10,10,16,16,16,16,16,16,16,16,5,5,5,5,5,5,5,5","0.000574111938476562","louvain","edit-xhwikibooks.graphml"
"0.35","0.51","0.14","0.510377229080933","1,1,1,2,3,2,4,5,2,2,4,6,5,5,5,2,7,8,4,9,10,1,11,5,5,5,5,2,1,12,13,14,9,15,16,16,5,5,10,10,10,10,1,1,1,1,10,1,1,1,10,10,10,10,10,1,1,1,1,10,17,10,10,18,19,10,10,10,10,10,1,10,20,21,10,10,10,10,10,10,10,22,23,24,25,26,10,10,10,10,27,28,29,10,10,10,30,10,10,10,10,10,10,10,10,10,10,31,32,10,10,10,10,16,16,16,16,16,16,16,16,5,5,5,5,5,5,5,5","0.000568866729736328","louvain","edit-xhwikibooks.graphml"
"0.34","0.52","0.14","0.510377229080933","1,1,1,2,3,2,4,5,2,2,4,6,5,5,5,2,7,8,4,9,10,1,11,5,5,5,5,2,1,12,13,14,9,15,16,16,5,5,10,10,10,10,1,1,1,1,10,1,1,1,10,10,10,10,10,1,1,1,1,10,17,10,10,18,19,10,10,10,10,10,1,10,20,21,10,10,10,10,10,10,10,22,23,24,25,26,10,10,10,10,27,28,29,10,10,10,30,10,10,10,10,10,10,10,10,10,10,31,32,10,10,10,10,16,16,16,16,16,16,16,16,5,5,5,5,5,5,5,5","0.000575780868530273","louvain","edit-xhwikibooks.graphml"
"0.33","0.53","0.14","0.509694855491132","1,1,1,2,3,2,4,5,2,2,4,6,5,5,5,2,7,8,4,9,10,1,11,5,5,5,5,2,1,12,13,14,9,15,16,16,5,5,10,10,10,10,1,1,1,1,10,1,1,1,10,10,10,10,10,1,1,1,1,10,17,10,10,18,19,10,10,10,10,10,1,10,20,21,10,10,10,10,10,10,10,22,23,24,25,26,10,10,10,10,27,28,29,10,10,10,30,10,10,10,10,10,10,10,10,10,10,31,32,10,10,10,10,16,16,16,16,16,16,16,16,5,5,5,5,5,5,5,5","0.000553131103515625","louvain","edit-xhwikibooks.graphml"
"0.32","0.54","0.14","0.511148404841982","1,1,1,2,3,2,4,5,2,2,4,6,5,5,5,2,7,8,4,9,10,1,11,5,5,5,5,2,1,12,13,14,9,15,16,16,5,5,10,10,10,10,1,1,1,1,10,1,1,1,10,10,10,10,10,1,1,1,1,10,17,10,10,18,19,10,10,10,10,10,1,10,20,21,10,10,10,10,10,10,10,22,23,24,25,26,10,10,10,10,27,28,29,10,10,10,30,10,10,10,10,10,10,10,10,10,10,31,32,10,10,10,10,16,16,16,16,16,16,16,16,5,5,5,5,5,5,5,5","0.000540018081665039","louvain","edit-xhwikibooks.graphml"
"0.31","0.55","0.14","0.509024250759113","1,1,1,2,3,2,4,5,2,2,4,6,5,5,5,2,7,8,4,9,10,1,11,5,5,5,5,2,1,12,13,14,9,15,16,16,5,5,10,10,10,10,1,1,1,1,10,1,1,1,10,10,10,10,10,1,1,1,1,10,17,10,10,18,19,10,10,10,10,10,1,10,20,21,10,10,10,10,10,10,10,22,23,24,25,26,10,10,10,10,27,28,29,10,10,10,30,10,10,10,10,10,10,10,10,10,10,31,32,10,10,10,10,16,16,16,16,16,16,16,16,5,5,5,5,5,5,5,5","0.000658035278320312","louvain","edit-xhwikibooks.graphml"
"0.3","0.56","0.14","0.511823502378893","1,1,1,2,3,2,4,5,2,2,4,6,5,5,5,2,7,8,4,9,10,1,11,5,5,5,5,2,1,12,13,14,9,15,16,16,5,5,10,10,10,10,1,1,1,1,10,1,1,1,10,10,10,10,10,1,1,1,1,10,17,10,10,18,19,10,10,10,10,10,1,10,20,21,10,10,10,10,10,10,10,22,23,24,25,26,10,10,10,10,27,28,29,10,10,10,30,10,10,10,10,10,10,10,10,10,10,31,32,10,10,10,10,16,16,16,16,16,16,16,16,5,5,5,5,5,5,5,5","0.000509977340698242","louvain","edit-xhwikibooks.graphml"
"0.29","0.57","0.14","0.507201358913958","1,1,1,2,3,2,4,5,2,2,6,7,5,5,5,2,8,9,10,11,12,1,13,5,5,5,5,2,1,14,15,16,17,18,10,10,5,5,12,12,12,12,1,1,1,1,12,1,1,1,12,12,12,12,12,1,1,1,1,12,19,12,12,20,21,12,12,12,12,12,1,12,22,23,12,12,12,12,12,12,12,24,25,26,27,28,12,12,12,12,29,30,31,12,12,12,32,12,12,12,12,12,12,12,12,12,12,33,34,12,12,12,12,10,10,10,10,10,10,10,10,5,5,5,5,5,5,5,5","0.000514030456542969","louvain","edit-xhwikibooks.graphml"
"0.28","0.58","0.14","0.511440114468479","1,1,1,2,3,2,4,5,2,2,6,7,5,5,5,2,8,9,10,11,12,1,13,5,5,5,5,2,1,14,15,16,17,18,10,10,5,5,12,12,12,12,1,1,1,1,12,1,1,1,12,12,12,12,12,1,1,1,1,12,19,12,12,20,21,12,12,12,12,12,1,12,22,23,12,12,12,12,12,12,12,24,25,26,27,28,12,12,12,12,29,30,31,12,12,12,32,12,12,12,12,12,12,12,12,12,12,33,34,12,12,12,12,10,10,10,10,10,10,10,10,5,5,5,5,5,5,5,5","0.000531196594238281","louvain","edit-xhwikibooks.graphml"
"0.27","0.59","0.14","0.543382","1,1,1,2,3,2,4,5,2,2,6,7,5,5,5,2,8,9,10,11,12,1,13,5,5,5,5,2,1,14,15,16,17,18,10,10,5,5,12,12,12,12,1,1,1,1,12,1,1,1,12,12,12,12,12,1,1,1,1,12,19,12,12,20,21,12,12,12,12,12,1,12,22,23,12,12,12,12,12,12,12,24,25,26,27,28,12,12,12,12,29,30,31,12,12,12,32,12,12,12,12,12,12,12,12,12,12,33,34,12,12,12,12,10,10,10,10,10,10,10,10,5,5,5,5,5,5,5,5","0.000518083572387695","louvain","edit-xhwikibooks.graphml"
"0.26","0.6","0.14","0.546413945810384","1,1,1,2,3,2,4,5,2,2,6,7,5,5,5,2,8,9,10,11,12,1,13,5,5,5,5,2,1,14,15,16,17,18,10,10,5,5,12,12,12,12,1,1,1,1,12,1,1,1,12,12,12,12,12,1,1,1,1,12,19,12,12,20,21,12,12,12,12,12,1,12,22,23,12,12,12,12,12,12,12,24,25,26,27,28,12,12,12,12,29,30,31,12,12,12,32,12,12,12,12,12,12,12,12,12,12,33,34,12,12,12,12,10,10,10,10,10,10,10,10,5,5,5,5,5,5,5,5","0.000514984130859375","louvain","edit-xhwikibooks.graphml"
"0.25","0.61","0.14","0.545670312123284","1,1,1,2,3,2,4,5,2,2,6,7,5,5,5,2,8,9,10,11,12,1,13,5,5,5,5,2,1,14,15,16,17,18,10,10,5,5,12,12,12,12,1,1,1,1,12,1,1,1,12,12,12,12,12,1,1,1,1,12,19,12,12,20,21,12,12,12,12,12,1,12,22,23,12,12,12,12,12,12,12,24,25,26,27,28,12,12,12,12,29,30,31,12,12,12,32,12,12,12,12,12,12,12,12,12,12,33,34,12,12,12,12,10,10,10,10,10,10,10,10,5,5,5,5,5,5,5,5","0.000516891479492188","louvain","edit-xhwikibooks.graphml"
"0.24","0.62","0.14","0.548414861288109","1,1,1,2,3,2,4,5,2,2,6,7,5,5,5,2,8,9,10,11,12,1,13,5,5,5,5,2,1,14,15,16,17,18,10,10,5,5,12,12,12,12,1,1,1,1,12,1,1,1,12,12,12,12,12,1,1,1,1,12,19,12,12,20,21,12,12,12,12,12,1,12,22,23,12,12,12,12,12,12,12,24,25,26,27,28,12,12,12,12,29,30,31,12,12,12,32,12,12,12,12,12,12,12,12,12,12,33,34,12,12,12,12,10,10,10,10,10,10,10,10,5,5,5,5,5,5,5,5","0.00049901008605957","louvain","edit-xhwikibooks.graphml"
"0.23","0.63","0.14","0.547674936337078","1,1,1,2,3,2,4,5,2,2,6,7,5,5,5,2,8,9,10,11,12,1,13,5,5,5,5,2,1,14,15,16,17,18,10,10,5,5,12,12,12,12,1,1,1,1,12,1,1,1,12,12,12,12,12,1,1,1,1,12,19,12,12,20,21,12,12,12,12,12,1,12,22,23,12,12,12,12,12,12,12,24,25,26,27,28,12,12,12,12,29,30,31,12,12,12,32,12,12,12,12,12,12,12,12,12,12,33,34,12,12,12,12,10,10,10,10,10,10,10,10,5,5,5,5,5,5,5,5","0.00049591064453125","louvain","edit-xhwikibooks.graphml"
"0.22","0.64","0.14","0.547674936337078","1,1,1,2,3,2,4,5,2,2,6,7,5,5,5,2,8,9,10,11,12,1,13,5,5,5,5,2,1,14,15,16,17,18,10,10,5,5,12,12,12,12,1,1,1,1,12,1,1,1,12,12,12,12,12,1,1,1,1,12,19,12,12,20,21,12,12,12,12,12,1,12,22,23,12,12,12,12,12,12,12,24,25,26,27,28,12,12,12,12,29,30,31,12,12,12,32,12,12,12,12,12,12,12,12,12,12,33,34,12,12,12,12,10,10,10,10,10,10,10,10,5,5,5,5,5,5,5,5","0.000515937805175781","louvain","edit-xhwikibooks.graphml"
"0.21","0.65","0.14","0.546936576294792","1,1,1,2,3,2,4,5,2,2,6,7,5,5,5,2,8,9,10,11,12,1,13,5,5,5,5,2,1,14,15,16,17,18,10,10,5,5,12,12,12,12,1,1,1,1,12,1,1,1,12,12,12,12,12,1,1,1,1,12,19,12,12,20,21,12,12,12,12,12,1,12,22,23,12,12,12,12,12,12,12,24,25,26,27,28,12,12,12,12,29,30,31,12,12,12,32,12,12,12,12,12,12,12,12,12,12,33,34,12,12,12,12,10,10,10,10,10,10,10,10,5,5,5,5,5,5,5,5","0.000524044036865234","louvain","edit-xhwikibooks.graphml"
"0.2","0.66","0.14","0.546936576294792","1,1,1,2,3,2,4,5,2,2,6,7,5,5,5,2,8,9,10,11,12,1,13,5,5,5,5,2,1,14,15,16,17,18,10,10,5,5,12,12,12,12,1,1,1,1,12,1,1,1,12,12,12,12,12,1,1,1,1,12,19,12,12,20,21,12,12,12,12,12,1,12,22,23,12,12,12,12,12,12,12,24,25,26,27,28,12,12,12,12,29,30,31,12,12,12,32,12,12,12,12,12,12,12,12,12,12,33,34,12,12,12,12,10,10,10,10,10,10,10,10,5,5,5,5,5,5,5,5","0.000522851943969727","louvain","edit-xhwikibooks.graphml"
"0.19","0.67","0.14","0.566402063974399","1,1,1,2,3,2,4,5,2,2,6,7,5,5,5,2,8,9,10,11,12,13,14,5,5,5,5,2,1,15,16,17,18,19,10,10,20,5,12,12,12,12,13,13,13,13,12,13,13,13,12,12,12,12,12,13,13,13,13,12,21,12,12,22,23,12,12,12,12,12,13,12,24,25,12,12,12,12,12,12,12,26,27,28,29,30,12,12,12,12,31,32,33,12,12,12,34,12,12,12,12,12,12,12,12,12,12,35,36,12,12,12,12,10,10,10,10,10,10,10,10,20,20,20,20,20,20,20,20","0.000550031661987305","louvain","edit-xhwikibooks.graphml"
"0.18","0.68","0.14","0.565730464908032","1,1,1,2,3,2,4,5,2,2,6,7,5,5,5,2,8,9,10,11,12,1,13,5,5,5,5,2,1,14,15,16,17,18,10,10,5,5,12,12,12,12,1,1,1,1,12,1,1,1,12,12,12,12,12,1,1,1,1,12,19,12,12,20,21,12,12,12,12,12,1,12,22,23,12,12,12,12,12,12,12,24,25,26,27,28,12,12,12,12,29,30,31,12,12,12,32,12,12,12,12,12,12,12,12,12,12,33,34,12,12,12,12,10,10,10,10,10,10,10,10,5,5,5,5,5,5,5,5","0.000554800033569336","louvain","edit-xhwikibooks.graphml"
"0.17","0.69","0.14","0.541912714159738","1,1,1,2,3,2,4,5,2,2,6,7,5,5,5,2,8,9,10,11,12,1,13,5,5,5,5,2,1,14,15,16,17,18,10,10,5,5,12,12,12,12,1,1,1,1,12,1,1,1,12,12,12,12,12,1,1,1,1,12,19,12,12,20,21,12,12,12,12,12,1,12,22,23,12,12,12,12,12,12,12,24,25,26,27,28,12,12,12,12,29,30,31,12,12,12,32,12,12,12,12,12,12,12,12,12,12,33,34,12,12,12,12,10,10,10,10,10,10,10,10,5,5,5,5,5,5,5,5","0.000555038452148438","louvain","edit-xhwikibooks.graphml"
"0.16","0.7","0.14","0.544132928144299","1,1,1,2,3,2,4,5,2,2,6,7,5,5,5,2,8,9,10,11,12,1,13,5,5,5,5,2,1,14,15,16,17,18,10,10,19,5,12,12,12,12,1,1,1,1,12,1,1,1,12,12,12,12,12,1,1,1,1,12,20,12,12,21,22,12,12,12,12,12,1,12,23,24,12,12,12,12,12,12,12,25,26,27,28,29,12,12,12,12,30,31,32,12,12,12,33,12,12,12,12,12,12,12,12,12,12,34,35,12,12,12,12,10,10,10,10,10,10,10,10,19,19,19,19,19,19,19,19","0.000574827194213867","louvain","edit-xhwikibooks.graphml"
"0.15","0.71","0.14","0.535814","1,1,1,2,3,4,5,4,4,6,7,8,4,4,4,4,9,10,11,12,13,1,14,4,4,4,4,15,16,17,18,19,20,21,11,11,22,4,13,13,13,13,1,1,1,1,13,1,1,1,13,13,13,13,13,1,1,1,1,13,23,13,13,24,25,13,13,13,13,13,1,13,26,27,13,13,13,13,13,13,13,28,29,30,31,32,13,13,13,13,33,34,35,13,13,13,36,13,13,13,13,13,13,13,13,13,13,37,38,13,13,13,13,11,11,11,11,11,11,11,11,22,22,22,22,22,22,22,22","0.000905036926269531","louvain","edit-xhwikibooks.graphml"
"0.14","0.72","0.14","0.540217936911335","1,1,1,2,3,4,5,6,6,7,8,9,6,6,6,4,10,11,12,13,14,1,15,6,6,6,6,16,17,18,19,20,21,22,12,12,23,6,14,14,14,14,1,1,1,1,14,1,1,1,14,14,14,14,14,1,1,1,1,14,24,14,14,25,26,14,14,14,14,14,1,14,27,28,14,14,14,14,14,14,14,29,30,31,32,33,14,14,14,14,34,35,36,14,14,14,37,14,14,14,14,14,14,14,14,14,14,38,39,14,14,14,14,12,12,12,12,12,12,12,12,23,23,23,23,23,23,23,23","0.000847101211547852","louvain","edit-xhwikibooks.graphml"
"0.13","0.73","0.14","0.540217936911335","1,1,1,2,3,4,5,6,6,7,8,9,6,6,6,4,10,11,12,13,14,1,15,6,6,6,6,16,17,18,19,20,21,22,12,12,23,6,14,14,14,14,1,1,1,1,14,1,1,1,14,14,14,14,14,1,1,1,1,14,24,14,14,25,26,14,14,14,14,14,1,14,27,28,14,14,14,14,14,14,14,29,30,31,32,33,14,14,14,14,34,35,36,14,14,14,37,14,14,14,14,14,14,14,14,14,14,38,39,14,14,14,14,12,12,12,12,12,12,12,12,23,23,23,23,23,23,23,23","0.00116395950317383","louvain","edit-xhwikibooks.graphml"
"0.12","0.74","0.14","0.539273306483169","1,1,1,2,3,4,5,6,6,7,8,9,6,6,6,4,10,11,12,13,14,1,15,6,6,6,6,16,17,18,19,20,21,22,12,12,6,6,14,14,14,14,1,1,1,1,14,1,1,1,14,14,14,14,14,1,1,1,1,14,23,14,14,24,25,14,14,14,14,14,1,14,26,27,14,14,14,14,14,14,14,28,29,30,31,32,14,14,14,14,33,34,35,14,14,14,36,14,14,14,14,14,14,14,14,14,14,37,38,14,14,14,14,12,12,12,12,12,12,12,12,6,6,6,6,6,6,6,6","0.000664949417114258","louvain","edit-xhwikibooks.graphml"
"0.11","0.75","0.14","0.544071363825574","1,1,1,2,3,4,5,6,6,7,8,9,6,6,6,4,10,11,12,13,14,1,15,6,6,6,6,16,17,18,19,20,21,22,12,12,23,6,14,14,14,14,1,1,1,1,14,1,1,1,14,14,14,14,14,1,1,1,1,14,24,14,14,25,26,14,14,14,14,14,1,14,27,28,14,14,14,14,14,14,14,29,30,31,32,33,14,14,14,14,34,35,36,14,14,14,37,14,14,14,14,14,14,14,14,14,14,38,39,14,14,14,14,12,12,12,12,12,12,12,12,23,23,23,23,23,23,23,23","0.000611066818237305","louvain","edit-xhwikibooks.graphml"
"0.1","0.76","0.14","0.544071363825574","1,1,1,2,3,4,5,6,6,7,8,9,6,6,6,4,10,11,12,13,14,1,15,6,6,6,6,16,17,18,19,20,21,22,12,12,23,6,14,14,14,14,1,1,1,1,14,1,1,1,14,14,14,14,14,1,1,1,1,14,24,14,14,25,26,14,14,14,14,14,1,14,27,28,14,14,14,14,14,14,14,29,30,31,32,33,14,14,14,14,34,35,36,14,14,14,37,14,14,14,14,14,14,14,14,14,14,38,39,14,14,14,14,12,12,12,12,12,12,12,12,23,23,23,23,23,23,23,23","0.000549077987670898","louvain","edit-xhwikibooks.graphml"
"0.09","0.77","0.14","0.545527466054932","1,1,1,2,3,4,5,6,6,7,8,9,6,6,6,4,10,11,12,13,14,1,15,6,6,6,6,16,17,18,19,20,21,22,12,12,23,6,14,14,14,14,1,1,1,1,14,1,1,1,14,14,14,14,14,1,1,1,1,14,24,14,14,25,26,14,14,14,14,14,1,14,27,28,14,14,14,14,14,14,14,29,30,31,32,33,14,14,14,14,34,35,36,14,14,14,37,14,14,14,14,14,14,14,14,14,14,38,39,14,14,14,14,12,12,12,12,12,12,12,12,23,23,23,23,23,23,23,23","0.000522851943969727","louvain","edit-xhwikibooks.graphml"
"0.08","0.78","0.14","0.547679901123047","1,1,1,2,3,4,5,6,6,7,8,9,6,6,6,4,10,11,12,13,14,1,15,6,6,6,6,16,17,18,19,20,21,22,12,12,6,6,14,14,14,14,1,1,1,1,14,1,1,1,14,14,14,14,14,1,1,1,1,14,23,14,14,24,25,14,14,14,14,14,1,14,26,27,14,14,14,14,14,14,14,28,29,30,31,32,14,14,14,14,33,34,35,14,14,14,36,14,14,14,14,14,14,14,14,14,14,37,38,14,14,14,14,12,12,12,12,12,12,12,12,6,6,6,6,6,6,6,6","0.000565052032470703","louvain","edit-xhwikibooks.graphml"
"0.07","0.79","0.14","0.549083709716797","1,1,1,2,3,4,5,6,6,7,8,9,6,6,6,4,10,11,12,13,14,1,15,6,6,6,6,16,17,18,19,20,21,22,12,12,23,6,14,14,14,14,1,1,1,1,14,1,1,1,14,14,14,14,14,1,1,1,1,14,24,14,14,25,26,14,14,14,14,14,1,14,27,28,14,14,14,14,14,14,14,29,30,31,32,33,14,14,14,14,34,35,36,14,14,14,37,14,14,14,14,14,14,14,14,14,14,38,39,14,14,14,14,12,12,12,12,12,12,12,12,23,23,23,23,23,23,23,23","0.000589132308959961","louvain","edit-xhwikibooks.graphml"
"0.06","0.8","0.14","0.55078329720049","1,1,1,2,3,4,5,4,4,6,7,8,4,4,4,4,9,10,11,12,13,1,14,4,4,4,4,15,16,17,18,19,20,21,11,11,22,4,13,13,13,13,1,1,1,1,13,1,1,1,13,13,13,13,13,1,1,1,1,13,23,13,13,24,25,13,13,13,13,13,1,13,26,27,13,13,13,13,13,13,13,28,29,30,31,32,13,13,13,13,33,34,35,13,13,13,36,13,13,13,13,13,13,13,13,13,13,37,38,13,13,13,13,11,11,11,11,11,11,11,11,22,22,22,22,22,22,22,22","0.000546932220458984","louvain","edit-xhwikibooks.graphml"
"0.05","0.81","0.14","0.551358280705062","1,1,1,2,3,4,5,6,6,7,8,9,6,6,6,4,10,11,12,13,14,1,15,6,6,6,6,16,17,18,19,20,21,22,12,12,23,6,14,14,14,14,1,1,1,1,14,1,1,1,14,14,14,14,14,1,1,1,1,14,24,14,14,25,26,14,14,14,14,14,1,14,27,28,14,14,14,14,14,14,14,29,30,31,32,33,14,14,14,14,34,35,36,14,14,14,37,14,14,14,14,14,14,14,14,14,14,38,39,14,14,14,14,12,12,12,12,12,12,12,12,23,23,23,23,23,23,23,23","0.000604152679443359","louvain","edit-xhwikibooks.graphml"
"0.04","0.82","0.14","0.550609188149751","1,1,1,2,3,4,5,6,6,7,8,9,6,6,6,4,10,11,12,13,14,1,15,6,6,6,6,16,17,18,19,20,21,22,12,12,23,6,14,14,14,14,1,1,1,1,14,1,1,1,14,14,14,14,14,1,1,1,1,14,24,14,14,25,26,14,14,14,14,14,1,14,27,28,14,14,14,14,14,14,14,29,30,31,32,33,14,14,14,14,34,35,36,14,14,14,37,14,14,14,14,14,14,14,14,14,14,38,39,14,14,14,14,12,12,12,12,12,12,12,12,23,23,23,23,23,23,23,23","0.000590085983276367","louvain","edit-xhwikibooks.graphml"
"0.03","0.83","0.14","0.550609188149751","1,1,1,2,3,4,5,6,6,7,8,9,6,6,6,4,10,11,12,13,14,1,15,6,6,6,6,16,17,18,19,20,21,22,12,12,23,6,14,14,14,14,1,1,1,1,14,1,1,1,14,14,14,14,14,1,1,1,1,14,24,14,14,25,26,14,14,14,14,14,1,14,27,28,14,14,14,14,14,14,14,29,30,31,32,33,14,14,14,14,34,35,36,14,14,14,37,14,14,14,14,14,14,14,14,14,14,38,39,14,14,14,14,12,12,12,12,12,12,12,12,23,23,23,23,23,23,23,23","0.00055384635925293","louvain","edit-xhwikibooks.graphml"
"0.02","0.84","0.14","0.551098671755043","1,1,1,2,3,4,5,6,6,7,8,9,6,6,6,4,10,11,12,13,14,1,15,6,6,6,6,16,17,18,19,20,21,22,12,12,23,6,14,14,14,14,1,1,1,1,14,1,1,1,14,14,14,14,14,1,1,1,1,14,24,14,14,25,26,14,14,14,14,14,1,14,27,28,14,14,14,14,14,14,14,29,30,31,32,33,14,14,14,14,34,35,36,14,14,14,37,14,14,14,14,14,14,14,14,14,14,38,39,14,14,14,14,12,12,12,12,12,12,12,12,23,23,23,23,23,23,23,23","0.000575065612792969","louvain","edit-xhwikibooks.graphml"
"0.01","0.85","0.14","0.548680593113395","1,1,1,2,3,4,5,4,4,6,7,8,4,4,4,9,10,11,12,13,14,1,15,4,4,4,4,16,17,18,19,20,21,22,12,12,23,24,14,14,14,14,1,1,1,1,14,1,1,1,14,14,14,14,14,1,1,1,1,14,25,14,14,26,27,14,14,14,14,14,1,14,28,29,14,14,14,14,14,14,14,30,31,32,33,34,14,14,14,14,35,36,37,14,14,14,38,14,14,14,14,14,14,14,14,14,14,39,40,14,14,14,14,12,12,12,12,12,12,12,12,23,23,23,23,23,23,23,23","0.000594139099121094","louvain","edit-xhwikibooks.graphml"
"0","0.86","0.14","0.553748789197473","1,1,1,1,1,1,2,1,3,4,5,6,3,3,3,7,8,9,10,11,12,13,14,1,3,3,3,15,1,16,17,18,19,20,10,10,21,22,12,12,12,12,13,13,13,13,12,13,13,13,12,12,12,12,12,13,13,13,13,12,23,12,12,24,25,12,12,12,12,12,13,12,26,27,12,12,12,12,12,12,12,28,29,30,31,32,12,12,12,12,33,34,35,12,12,12,36,12,12,12,12,12,12,12,12,12,12,37,38,12,12,12,12,10,10,10,10,10,10,10,10,21,21,21,21,21,21,21,21","0.00055694580078125","louvain","edit-xhwikibooks.graphml"
"0.85","0","0.15","0.438282904795971","1,2,1,1,1,3,1,3,3,3,1,1,3,3,3,4,3,1,5,1,6,2,3,3,3,3,3,4,2,3,1,5,1,1,5,5,3,3,6,6,6,6,2,2,2,2,6,2,2,2,6,6,6,6,6,2,2,2,2,6,3,6,6,3,3,6,6,6,6,6,2,6,3,3,6,6,6,6,6,6,6,3,4,4,4,2,6,6,6,6,3,1,5,6,6,6,4,6,6,6,6,6,6,6,6,6,6,1,1,6,6,6,6,5,5,5,5,5,5,5,5,3,3,3,3,3,3,3,3","0.000663995742797852","louvain","edit-xhwikibooks.graphml"
"0.84","0.01","0.15","0.438282904795971","1,2,1,1,1,3,1,3,3,3,1,1,3,3,3,4,3,1,5,1,6,2,3,3,3,3,3,4,2,3,1,5,1,1,5,5,3,3,6,6,6,6,2,2,2,2,6,2,2,2,6,6,6,6,6,2,2,2,2,6,3,6,6,3,3,6,6,6,6,6,2,6,3,3,6,6,6,6,6,6,6,3,4,4,4,2,6,6,6,6,3,1,5,6,6,6,4,6,6,6,6,6,6,6,6,6,6,1,1,6,6,6,6,5,5,5,5,5,5,5,5,3,3,3,3,3,3,3,3","0.000638008117675781","louvain","edit-xhwikibooks.graphml"
"0.83","0.02","0.15","0.438282904795971","1,2,1,1,1,3,1,3,3,3,1,1,3,3,3,4,3,1,5,1,6,2,3,3,3,3,3,4,2,3,1,5,1,1,5,5,3,3,6,6,6,6,2,2,2,2,6,2,2,2,6,6,6,6,6,2,2,2,2,6,3,6,6,3,3,6,6,6,6,6,2,6,3,3,6,6,6,6,6,6,6,3,4,4,4,2,6,6,6,6,3,1,5,6,6,6,4,6,6,6,6,6,6,6,6,6,6,1,1,6,6,6,6,5,5,5,5,5,5,5,5,3,3,3,3,3,3,3,3","0.000602960586547852","louvain","edit-xhwikibooks.graphml"
"0.82","0.03","0.15","0.437659184208228","1,2,1,1,1,3,1,3,3,3,1,1,3,3,3,4,3,1,5,1,6,2,3,3,3,3,3,4,2,3,1,5,1,1,5,5,3,3,6,6,6,6,2,2,2,2,6,2,2,2,6,6,6,6,6,2,2,2,2,6,3,6,6,3,3,6,6,6,6,6,2,6,3,3,6,6,6,6,6,6,6,3,4,4,4,2,6,6,6,6,3,1,5,6,6,6,4,6,6,6,6,6,6,6,6,6,6,1,1,6,6,6,6,5,5,5,5,5,5,5,5,3,3,3,3,3,3,3,3","0.000616073608398438","louvain","edit-xhwikibooks.graphml"
"0.81","0.04","0.15","0.437659184208228","1,2,1,1,1,3,1,3,3,3,1,1,3,3,3,4,3,1,5,1,6,2,3,3,3,3,3,4,2,3,1,5,1,1,5,5,3,3,6,6,6,6,2,2,2,2,6,2,2,2,6,6,6,6,6,2,2,2,2,6,3,6,6,3,3,6,6,6,6,6,2,6,3,3,6,6,6,6,6,6,6,3,4,4,4,2,6,6,6,6,3,1,5,6,6,6,4,6,6,6,6,6,6,6,6,6,6,1,1,6,6,6,6,5,5,5,5,5,5,5,5,3,3,3,3,3,3,3,3","0.000608921051025391","louvain","edit-xhwikibooks.graphml"
"0.8","0.05","0.15","0.467384423157018","1,2,1,1,1,3,1,3,3,3,1,1,3,3,3,4,3,1,5,1,6,2,3,3,3,3,3,4,2,3,1,5,1,1,5,5,3,3,6,6,6,6,2,2,2,2,6,2,2,2,6,6,6,6,6,2,2,2,2,6,3,6,6,3,3,6,6,6,6,6,2,6,3,3,6,6,6,6,6,6,6,3,4,4,4,2,6,6,6,6,3,1,5,6,6,6,4,6,6,6,6,6,6,6,6,6,6,1,1,6,6,6,6,5,5,5,5,5,5,5,5,3,3,3,3,3,3,3,3","0.000604152679443359","louvain","edit-xhwikibooks.graphml"
"0.79","0.06","0.15","0.462708936645837","1,2,1,1,1,3,1,3,3,3,1,1,3,3,3,4,3,1,5,1,6,2,3,3,3,3,3,4,2,3,1,5,1,1,5,5,3,3,6,6,6,6,2,2,2,2,6,2,2,2,6,6,6,6,6,2,2,2,2,6,3,6,6,3,3,6,6,6,6,6,2,6,3,3,6,6,6,6,6,6,6,3,4,4,4,2,6,6,6,6,3,1,5,6,6,6,4,6,6,6,6,6,6,6,6,6,6,1,1,6,6,6,6,5,5,5,5,5,5,5,5,3,3,3,3,3,3,3,3","0.000610828399658203","louvain","edit-xhwikibooks.graphml"
"0.78","0.07","0.15","0.462003887523243","1,2,1,1,1,3,1,3,3,3,1,1,3,3,3,4,3,1,5,1,6,2,3,3,3,3,3,4,2,3,1,5,1,1,5,5,3,3,6,6,6,6,2,2,2,2,6,2,2,2,6,6,6,6,6,2,2,2,2,6,3,6,6,3,3,6,6,6,6,6,2,6,3,3,6,6,6,6,6,6,6,3,4,4,4,2,6,6,6,6,3,1,5,6,6,6,4,6,6,6,6,6,6,6,6,6,6,1,1,6,6,6,6,5,5,5,5,5,5,5,5,3,3,3,3,3,3,3,3","0.00063014030456543","louvain","edit-xhwikibooks.graphml"
"0.77","0.08","0.15","0.463534668099973","1,2,1,3,1,3,1,3,3,3,1,1,3,3,3,4,3,1,5,1,6,2,3,3,3,3,3,4,2,3,1,5,1,1,5,5,3,3,6,6,6,6,2,2,2,2,6,2,2,2,6,6,6,6,6,2,2,2,2,6,3,6,6,3,3,6,6,6,6,6,2,6,3,3,6,6,6,6,6,6,6,3,4,4,4,2,6,6,6,6,3,1,5,6,6,6,4,6,6,6,6,6,6,6,6,6,6,1,1,6,6,6,6,5,5,5,5,5,5,5,5,3,3,3,3,3,3,3,3","0.000593900680541992","louvain","edit-xhwikibooks.graphml"
"0.76","0.09","0.15","0.463146273225689","1,2,1,1,1,3,1,3,3,3,1,1,3,3,3,4,3,1,5,1,6,2,3,3,3,3,3,4,2,3,1,5,1,1,5,5,3,3,6,6,6,6,2,2,2,2,6,2,2,2,6,6,6,6,6,2,2,2,2,6,3,6,6,3,3,6,6,6,6,6,2,6,3,3,6,6,6,6,6,6,6,3,4,4,4,2,6,6,6,6,3,1,5,6,6,6,4,6,6,6,6,6,6,6,6,6,6,1,1,6,6,6,6,5,5,5,5,5,5,5,5,3,3,3,3,3,3,3,3","0.000614166259765625","louvain","edit-xhwikibooks.graphml"
"0.75","0.1","0.15","0.462832624487184","1,2,1,3,1,3,1,3,3,3,1,1,3,3,3,4,3,1,5,1,6,2,3,3,3,3,3,4,2,3,1,5,1,1,5,5,3,3,6,6,6,6,2,2,2,2,6,2,2,2,6,6,6,6,6,2,2,2,2,6,3,6,6,3,3,6,6,6,6,6,2,6,3,3,6,6,6,6,6,6,6,3,4,4,4,2,6,6,6,6,3,1,5,6,6,6,4,6,6,6,6,6,6,6,6,6,6,1,1,6,6,6,6,5,5,5,5,5,5,5,5,3,3,3,3,3,3,3,3","0.000577211380004883","louvain","edit-xhwikibooks.graphml"
"0.74","0.11","0.15","0.449562559743494","1,2,1,1,1,3,1,3,3,3,1,1,3,3,3,4,3,1,5,1,6,2,3,3,3,3,3,4,2,3,1,5,1,1,5,5,3,3,6,6,6,6,2,2,2,2,6,2,2,2,6,6,6,6,6,2,2,2,2,6,3,6,6,3,3,6,6,6,6,6,2,6,3,3,6,6,6,6,6,6,6,3,4,4,4,2,6,6,6,6,3,1,5,6,6,6,4,6,6,6,6,6,6,6,6,6,6,1,1,6,6,6,6,5,5,5,5,5,5,5,5,3,3,3,3,3,3,3,3","0.000599861145019531","louvain","edit-xhwikibooks.graphml"
"0.73","0.12","0.15","0.453217132532681","1,2,1,1,1,3,1,3,3,3,1,1,3,3,3,4,3,1,5,1,6,2,3,3,3,3,3,4,2,3,1,5,1,1,5,5,3,3,6,6,6,6,2,2,2,2,6,2,2,2,6,6,6,6,6,2,2,2,2,6,3,6,6,3,3,6,6,6,6,6,2,6,3,3,6,6,6,6,6,6,6,3,4,4,4,2,6,6,6,6,3,1,5,6,6,6,4,6,6,6,6,6,6,6,6,6,6,1,1,6,6,6,6,5,5,5,5,5,5,5,5,3,3,3,3,3,3,3,3","0.000612974166870117","louvain","edit-xhwikibooks.graphml"
"0.72","0.13","0.15","0.452200714660705","1,2,1,3,1,3,1,3,3,3,1,1,3,3,3,4,3,1,5,1,6,2,3,3,3,3,3,4,2,3,1,5,1,1,5,5,3,3,6,6,6,6,2,2,2,2,6,2,2,2,6,6,6,6,6,2,2,2,2,6,3,6,6,3,3,6,6,6,6,6,2,6,3,3,6,6,6,6,6,6,6,3,4,4,4,2,6,6,6,6,3,1,5,6,6,6,4,6,6,6,6,6,6,6,6,6,6,1,1,6,6,6,6,5,5,5,5,5,5,5,5,3,3,3,3,3,3,3,3","0.000581026077270508","louvain","edit-xhwikibooks.graphml"
"0.71","0.14","0.15","0.454218106995885","1,2,1,1,1,3,1,3,3,3,1,1,3,3,3,3,3,1,4,1,5,2,3,3,3,3,3,3,2,3,1,4,1,1,4,4,6,3,5,5,5,5,2,2,2,2,5,2,2,2,5,5,5,5,5,2,2,2,2,5,3,5,5,3,3,5,5,5,5,5,2,5,3,3,5,5,5,5,5,5,5,3,3,3,3,2,5,5,5,5,3,1,4,5,5,5,3,5,5,5,5,5,5,5,5,5,5,1,1,5,5,5,5,4,4,4,4,4,4,4,4,6,6,6,6,6,6,6,6","0.000607967376708984","louvain","edit-xhwikibooks.graphml"
"0.7","0.15","0.15","0.456971575060325","1,2,1,3,1,3,1,3,3,3,1,1,3,3,3,3,3,1,4,1,5,2,3,3,3,3,3,3,2,3,1,4,1,1,4,4,6,3,5,5,5,5,2,2,2,2,5,2,2,2,5,5,5,5,5,2,2,2,2,5,3,5,5,3,3,5,5,5,5,5,2,5,3,3,5,5,5,5,5,5,5,3,3,3,3,2,5,5,5,5,3,1,4,5,5,5,3,5,5,5,5,5,5,5,5,5,5,1,1,5,5,5,5,4,4,4,4,4,4,4,4,6,6,6,6,6,6,6,6","0.000660896301269531","louvain","edit-xhwikibooks.graphml"
"0.69","0.16","0.15","0.448545010096716","1,2,1,1,1,1,1,3,1,1,1,1,3,3,3,1,1,1,4,1,5,2,3,3,3,3,3,1,2,1,1,4,1,1,4,4,3,3,5,5,5,5,2,2,2,2,5,2,2,2,5,5,5,5,5,2,2,2,2,5,6,5,5,3,3,5,5,5,5,5,2,5,3,3,5,5,5,5,5,5,5,3,1,1,1,7,5,5,5,5,8,9,10,5,5,5,1,5,5,5,5,5,5,5,5,5,5,1,1,5,5,5,5,4,4,4,4,4,4,4,4,3,3,3,3,3,3,3,3","0.000674009323120117","louvain","edit-xhwikibooks.graphml"
"0.68","0.17","0.15","0.451117811072292","1,2,1,1,1,3,1,3,3,3,1,1,3,3,3,4,3,1,5,1,6,2,3,3,3,3,3,4,2,3,1,5,1,1,5,5,3,3,6,6,6,6,2,2,2,2,6,2,2,2,6,6,6,6,6,2,2,2,2,6,7,6,6,3,3,6,6,6,6,6,2,6,3,3,6,6,6,6,6,6,6,3,4,4,4,8,6,6,6,6,9,10,11,6,6,6,4,6,6,6,6,6,6,6,6,6,6,1,1,6,6,6,6,5,5,5,5,5,5,5,5,3,3,3,3,3,3,3,3","0.00061798095703125","louvain","edit-xhwikibooks.graphml"
"0.67","0.18","0.15","0.451638504434292","1,2,1,1,1,1,1,3,1,1,1,1,3,3,3,1,1,1,4,1,5,2,3,3,3,3,3,1,2,1,1,4,1,1,4,4,3,3,5,5,5,5,2,2,2,2,5,2,2,2,5,5,5,5,5,2,2,2,2,5,6,5,5,3,3,5,5,5,5,5,2,5,3,3,5,5,5,5,5,5,5,3,1,1,1,7,5,5,5,5,8,9,10,5,5,5,1,5,5,5,5,5,5,5,5,5,5,1,1,5,5,5,5,4,4,4,4,4,4,4,4,3,3,3,3,3,3,3,3","0.000587940216064453","louvain","edit-xhwikibooks.graphml"
"0.66","0.19","0.15","0.450943246306263","1,2,1,1,1,1,1,3,1,1,1,1,3,3,3,1,1,1,4,1,5,2,3,3,3,3,3,1,2,1,1,4,1,1,4,4,3,3,5,5,5,5,2,2,2,2,5,2,2,2,5,5,5,5,5,2,2,2,2,5,6,5,5,3,3,5,5,5,5,5,2,5,3,3,5,5,5,5,5,5,5,3,1,1,1,7,5,5,5,5,8,9,10,5,5,5,1,5,5,5,5,5,5,5,5,5,5,1,1,5,5,5,5,4,4,4,4,4,4,4,4,3,3,3,3,3,3,3,3","0.000576972961425781","louvain","edit-xhwikibooks.graphml"
"0.65","0.2","0.15","0.457624843016723","1,2,1,1,1,3,1,3,3,3,1,1,3,3,3,3,3,1,4,1,5,2,3,3,3,3,3,3,2,3,1,4,1,1,4,4,6,3,5,5,5,5,2,2,2,2,5,2,2,2,5,5,5,5,5,2,2,2,2,5,7,5,5,3,3,5,5,5,5,5,2,5,3,3,5,5,5,5,5,5,5,3,3,3,3,8,5,5,5,5,9,10,11,5,5,5,3,5,5,5,5,5,5,5,5,5,5,1,1,5,5,5,5,4,4,4,4,4,4,4,4,6,6,6,6,6,6,6,6","0.000594139099121094","louvain","edit-xhwikibooks.graphml"
"0.64","0.21","0.15","0.43219825576074","1,2,1,1,1,1,1,3,1,1,1,1,3,3,3,1,1,1,4,1,5,2,3,3,3,3,3,1,2,1,1,4,1,1,4,4,3,3,5,5,5,5,2,2,2,2,5,2,2,2,5,5,5,5,5,2,2,2,2,5,6,5,5,3,3,5,5,5,5,5,2,5,3,3,5,5,5,5,5,5,5,3,1,1,1,7,5,5,5,5,8,9,10,5,5,5,1,5,5,5,5,5,5,5,5,5,5,1,1,5,5,5,5,4,4,4,4,4,4,4,4,3,3,3,3,3,3,3,3","0.000571012496948242","louvain","edit-xhwikibooks.graphml"
"0.63","0.22","0.15","0.432161209199751","1,2,1,1,1,3,1,3,3,3,1,1,3,3,3,3,3,1,4,1,5,2,3,3,3,3,3,3,2,3,1,4,1,1,4,4,3,3,5,5,5,5,2,2,2,2,5,2,2,2,5,5,5,5,5,2,2,2,2,5,6,5,5,3,3,5,5,5,5,5,2,5,3,3,5,5,5,5,5,5,5,3,3,3,3,7,5,5,5,5,8,9,10,5,5,5,3,5,5,5,5,5,5,5,5,5,5,1,1,5,5,5,5,4,4,4,4,4,4,4,4,3,3,3,3,3,3,3,3","0.000620126724243164","louvain","edit-xhwikibooks.graphml"
"0.62","0.23","0.15","0.435465126289148","1,2,1,1,1,1,1,3,1,1,1,1,3,3,3,1,1,1,4,1,5,2,3,3,3,3,3,1,2,1,1,4,1,1,4,4,3,3,5,5,5,5,2,2,2,2,5,2,2,2,5,5,5,5,5,2,2,2,2,5,6,5,5,3,3,5,5,5,5,5,2,5,3,3,5,5,5,5,5,5,5,3,1,1,1,7,5,5,5,5,8,9,10,5,5,5,1,5,5,5,5,5,5,5,5,5,5,1,1,5,5,5,5,4,4,4,4,4,4,4,4,3,3,3,3,3,3,3,3","0.000645160675048828","louvain","edit-xhwikibooks.graphml"
"0.61","0.24","0.15","0.437320233701546","1,2,1,1,1,3,1,3,3,3,1,1,3,3,3,4,3,1,5,1,6,2,3,3,3,3,3,4,2,3,1,5,1,1,5,5,3,3,6,6,6,6,2,2,2,2,6,2,2,2,6,6,6,6,6,2,2,2,2,6,7,6,6,3,3,6,6,6,6,6,2,6,3,3,6,6,6,6,6,6,6,3,4,4,4,8,6,6,6,6,9,10,11,6,6,6,4,6,6,6,6,6,6,6,6,6,6,1,1,6,6,6,6,5,5,5,5,5,5,5,5,3,3,3,3,3,3,3,3","0.000610828399658203","louvain","edit-xhwikibooks.graphml"
"0.6","0.25","0.15","0.442540972892747","1,2,1,1,1,1,1,3,1,1,1,1,3,3,3,1,1,1,4,1,5,2,3,3,3,3,3,1,2,1,1,4,1,1,4,4,3,3,5,5,5,5,2,2,2,2,5,2,2,2,5,5,5,5,5,2,2,2,2,5,6,5,5,3,3,5,5,5,5,5,2,5,3,3,5,5,5,5,5,5,5,3,1,1,1,7,5,5,5,5,8,9,10,5,5,5,1,5,5,5,5,5,5,5,5,5,5,1,1,5,5,5,5,4,4,4,4,4,4,4,4,3,3,3,3,3,3,3,3","0.000695943832397461","louvain","edit-xhwikibooks.graphml"
"0.59","0.26","0.15","0.442540972892747","1,2,1,1,1,1,1,3,1,1,1,1,3,3,3,1,1,1,4,1,5,2,3,3,3,3,3,1,2,1,1,4,1,1,4,4,3,3,5,5,5,5,2,2,2,2,5,2,2,2,5,5,5,5,5,2,2,2,2,5,6,5,5,3,3,5,5,5,5,5,2,5,3,3,5,5,5,5,5,5,5,3,1,1,1,7,5,5,5,5,8,9,10,5,5,5,1,5,5,5,5,5,5,5,5,5,5,1,1,5,5,5,5,4,4,4,4,4,4,4,4,3,3,3,3,3,3,3,3","0.000651836395263672","louvain","edit-xhwikibooks.graphml"
"0.58","0.27","0.15","0.442540972892747","1,2,1,1,1,1,1,3,1,1,1,1,3,3,3,1,1,1,4,1,5,2,3,3,3,3,3,1,2,1,1,4,1,1,4,4,3,3,5,5,5,5,2,2,2,2,5,2,2,2,5,5,5,5,5,2,2,2,2,5,6,5,5,3,3,5,5,5,5,5,2,5,3,3,5,5,5,5,5,5,5,3,1,1,1,7,5,5,5,5,8,9,10,5,5,5,1,5,5,5,5,5,5,5,5,5,5,1,1,5,5,5,5,4,4,4,4,4,4,4,4,3,3,3,3,3,3,3,3","0.000590085983276367","louvain","edit-xhwikibooks.graphml"
"0.57","0.28","0.15","0.441850309056705","1,2,1,1,1,1,1,3,1,1,1,1,3,3,3,1,1,1,4,1,5,2,3,3,3,3,3,1,2,1,1,4,1,1,4,4,3,3,5,5,5,5,2,2,2,2,5,2,2,2,5,5,5,5,5,2,2,2,2,5,6,5,5,3,3,5,5,5,5,5,2,5,3,3,5,5,5,5,5,5,5,3,1,1,1,7,5,5,5,5,8,9,10,5,5,5,1,5,5,5,5,5,5,5,5,5,5,1,1,5,5,5,5,4,4,4,4,4,4,4,4,3,3,3,3,3,3,3,3","0.000629901885986328","louvain","edit-xhwikibooks.graphml"
"0.56","0.29","0.15","0.447360015928256","1,2,1,3,1,3,1,3,3,3,1,1,3,3,3,4,3,1,5,1,6,2,3,3,3,3,3,4,2,3,1,5,1,1,5,5,3,3,6,6,6,6,2,2,2,2,6,2,2,2,6,6,6,6,6,2,2,2,2,6,7,6,6,3,3,6,6,6,6,6,2,6,3,3,6,6,6,6,6,6,6,3,4,4,4,8,6,6,6,6,9,10,11,6,6,6,4,6,6,6,6,6,6,6,6,6,6,1,1,6,6,6,6,5,5,5,5,5,5,5,5,3,3,3,3,3,3,3,3","0.000610113143920898","louvain","edit-xhwikibooks.graphml"
"0.55","0.3","0.15","0.446885947518012","1,2,1,3,1,3,1,4,3,3,1,1,4,4,4,3,3,1,5,1,6,2,4,4,4,4,4,3,2,3,1,5,1,1,5,5,4,4,6,6,6,6,2,2,2,2,6,2,2,2,6,6,6,6,6,2,2,2,2,6,7,6,6,4,4,6,6,6,6,6,2,6,4,4,6,6,6,6,6,6,6,4,3,3,3,8,6,6,6,6,9,10,11,6,6,6,3,6,6,6,6,6,6,6,6,6,6,1,1,6,6,6,6,5,5,5,5,5,5,5,5,4,4,4,4,4,4,4,4","0.000596046447753906","louvain","edit-xhwikibooks.graphml"
"0.54","0.31","0.15","0.432212834724312","1,2,1,3,1,3,1,3,3,3,1,1,3,3,3,3,4,1,5,1,6,2,3,3,3,3,3,3,2,7,8,5,1,1,5,5,3,3,6,6,6,6,2,2,2,2,6,2,2,2,6,6,6,6,6,2,2,2,2,6,9,6,6,10,11,6,6,6,6,6,2,6,3,3,6,6,6,6,6,6,6,12,3,3,3,13,6,6,6,6,14,15,16,6,6,6,17,6,6,6,6,6,6,6,6,6,6,18,19,6,6,6,6,5,5,5,5,5,5,5,5,3,3,3,3,3,3,3,3","0.000555992126464844","louvain","edit-xhwikibooks.graphml"
"0.53","0.32","0.15","0.4315300355167","1,2,1,3,1,3,1,3,3,3,1,1,3,3,3,3,4,1,5,1,6,2,3,3,3,3,3,3,2,7,8,5,1,1,5,5,3,3,6,6,6,6,2,2,2,2,6,2,2,2,6,6,6,6,6,2,2,2,2,6,9,6,6,10,11,6,6,6,6,6,2,6,3,3,6,6,6,6,6,6,6,12,3,3,3,13,6,6,6,6,14,15,16,6,6,6,17,6,6,6,6,6,6,6,6,6,6,18,19,6,6,6,6,5,5,5,5,5,5,5,5,3,3,3,3,3,3,3,3","0.00058293342590332","louvain","edit-xhwikibooks.graphml"
"0.52","0.33","0.15","0.4315300355167","1,2,1,3,1,3,1,3,3,3,1,1,3,3,3,3,4,1,5,1,6,2,3,3,3,3,3,3,2,7,8,5,1,1,5,5,3,3,6,6,6,6,2,2,2,2,6,2,2,2,6,6,6,6,6,2,2,2,2,6,9,6,6,10,11,6,6,6,6,6,2,6,3,3,6,6,6,6,6,6,6,12,3,3,3,13,6,6,6,6,14,15,16,6,6,6,17,6,6,6,6,6,6,6,6,6,6,18,19,6,6,6,6,5,5,5,5,5,5,5,5,3,3,3,3,3,3,3,3","0.000559091567993164","louvain","edit-xhwikibooks.graphml"
"0.51","0.34","0.15","0.457789326147284","1,2,1,3,1,3,1,3,3,3,1,1,3,3,3,4,5,1,6,1,7,2,3,3,3,3,3,4,2,8,9,6,1,1,6,6,3,3,7,7,7,7,2,2,2,2,7,2,2,2,7,7,7,7,7,2,2,2,2,7,10,7,7,11,12,7,7,7,7,7,2,7,3,3,7,7,7,7,7,7,7,13,4,4,4,14,7,7,7,7,15,16,17,7,7,7,18,7,7,7,7,7,7,7,7,7,7,19,20,7,7,7,7,6,6,6,6,6,6,6,6,3,3,3,3,3,3,3,3","0.000552892684936523","louvain","edit-xhwikibooks.graphml"
"0.5","0.35","0.15","0.457789326147284","1,2,1,3,1,3,1,3,3,3,1,1,3,3,3,4,5,1,6,1,7,2,3,3,3,3,3,4,2,8,9,6,1,1,6,6,3,3,7,7,7,7,2,2,2,2,7,2,2,2,7,7,7,7,7,2,2,2,2,7,10,7,7,11,12,7,7,7,7,7,2,7,3,3,7,7,7,7,7,7,7,13,4,4,4,14,7,7,7,7,15,16,17,7,7,7,18,7,7,7,7,7,7,7,7,7,7,19,20,7,7,7,7,6,6,6,6,6,6,6,6,3,3,3,3,3,3,3,3","0.000581979751586914","louvain","edit-xhwikibooks.graphml"
"0.49","0.36","0.15","0.455616644109863","1,2,1,1,1,3,1,3,3,3,1,1,3,3,3,4,5,1,6,1,7,2,3,3,3,3,3,4,2,8,9,6,1,1,6,6,3,3,7,7,7,7,2,2,2,2,7,2,2,2,7,7,7,7,7,2,2,2,2,7,10,7,7,11,12,7,7,7,7,7,2,7,3,3,7,7,7,7,7,7,7,13,4,4,4,14,7,7,7,7,15,16,17,7,7,7,18,7,7,7,7,7,7,7,7,7,7,19,20,7,7,7,7,6,6,6,6,6,6,6,6,3,3,3,3,3,3,3,3","0.000528812408447266","louvain","edit-xhwikibooks.graphml"
"0.48","0.37","0.15","0.457184","1,2,1,3,1,3,1,3,3,3,1,1,3,3,3,4,5,1,6,1,7,2,3,3,3,3,3,4,2,8,9,6,1,1,6,6,3,3,7,7,7,7,2,2,2,2,7,2,2,2,7,7,7,7,7,2,2,2,2,7,10,7,7,11,12,7,7,7,7,7,2,7,3,3,7,7,7,7,7,7,7,13,4,4,4,14,7,7,7,7,15,16,17,7,7,7,18,7,7,7,7,7,7,7,7,7,7,19,20,7,7,7,7,6,6,6,6,6,6,6,6,3,3,3,3,3,3,3,3","0.000576972961425781","louvain","edit-xhwikibooks.graphml"
"0.47","0.38","0.15","0.456735232130549","1,2,1,1,1,3,1,3,3,3,1,1,3,3,3,4,5,1,6,1,7,2,3,3,3,3,3,4,2,8,9,6,1,1,6,6,3,3,7,7,7,7,2,2,2,2,7,2,2,2,7,7,7,7,7,2,2,2,2,7,10,7,7,11,12,7,7,7,7,7,2,7,3,3,7,7,7,7,7,7,7,13,4,4,4,14,7,7,7,7,15,16,17,7,7,7,18,7,7,7,7,7,7,7,7,7,7,19,20,7,7,7,7,6,6,6,6,6,6,6,6,3,3,3,3,3,3,3,3","0.000579833984375","louvain","edit-xhwikibooks.graphml"
"0.46","0.39","0.15","0.458524467865589","1,2,1,1,1,3,1,3,3,3,1,1,3,3,3,4,5,1,6,1,7,2,3,3,3,3,3,4,2,8,9,6,1,1,6,6,3,3,7,7,7,7,2,2,2,2,7,2,2,2,7,7,7,7,7,2,2,2,2,7,10,7,7,11,12,7,7,7,7,7,2,7,3,3,7,7,7,7,7,7,7,13,4,4,4,14,7,7,7,7,15,16,17,7,7,7,18,7,7,7,7,7,7,7,7,7,7,19,20,7,7,7,7,6,6,6,6,6,6,6,6,3,3,3,3,3,3,3,3","0.000586032867431641","louvain","edit-xhwikibooks.graphml"
"0.45","0.4","0.15","0.461244975982747","1,2,1,1,1,3,1,3,3,3,1,1,3,3,3,4,5,1,6,1,7,2,3,3,3,3,3,4,2,8,9,6,1,1,6,6,3,3,7,7,7,7,2,2,2,2,7,2,2,2,7,7,7,7,7,2,2,2,2,7,10,7,7,11,12,7,7,7,7,7,2,7,3,3,7,7,7,7,7,7,7,13,4,4,4,14,7,7,7,7,15,16,17,7,7,7,18,7,7,7,7,7,7,7,7,7,7,19,20,7,7,7,7,6,6,6,6,6,6,6,6,3,3,3,3,3,3,3,3","0.000577926635742188","louvain","edit-xhwikibooks.graphml"
"0.44","0.41","0.15","0.459474993701184","1,2,1,1,1,3,1,3,3,3,1,1,3,3,3,4,5,1,6,1,7,2,3,3,3,3,3,4,2,8,9,6,1,1,6,6,3,3,7,7,7,7,2,2,2,2,7,2,2,2,7,7,7,7,7,2,2,2,2,7,10,7,7,11,12,7,7,7,7,7,2,7,3,3,7,7,7,7,7,7,7,13,4,4,4,14,7,7,7,7,15,16,17,7,7,7,18,7,7,7,7,7,7,7,7,7,7,19,20,7,7,7,7,6,6,6,6,6,6,6,6,3,3,3,3,3,3,3,3","0.000575065612792969","louvain","edit-xhwikibooks.graphml"
"0.43","0.42","0.15","0.458790314675032","1,2,1,1,1,3,1,3,3,3,1,1,3,3,3,4,5,1,6,1,7,2,3,3,3,3,3,4,2,8,9,6,1,1,6,6,3,3,7,7,7,7,2,2,2,2,7,2,2,2,7,7,7,7,7,2,2,2,2,7,10,7,7,11,12,7,7,7,7,7,2,7,3,3,7,7,7,7,7,7,7,13,4,4,4,14,7,7,7,7,15,16,17,7,7,7,18,7,7,7,7,7,7,7,7,7,7,19,20,7,7,7,7,6,6,6,6,6,6,6,6,3,3,3,3,3,3,3,3","0.000571012496948242","louvain","edit-xhwikibooks.graphml"
"0.42","0.43","0.15","0.462242607440605","1,2,1,1,1,3,1,3,3,3,1,1,3,3,3,4,5,1,6,1,7,2,3,3,3,3,3,4,2,8,9,6,1,1,6,6,3,3,7,7,7,7,2,2,2,2,7,2,2,2,7,7,7,7,7,2,2,2,2,7,10,7,7,11,12,7,7,7,7,7,2,7,3,3,7,7,7,7,7,7,7,13,4,4,4,14,7,7,7,7,15,16,17,7,7,7,18,7,7,7,7,7,7,7,7,7,7,19,20,7,7,7,7,6,6,6,6,6,6,6,6,3,3,3,3,3,3,3,3","0.000535011291503906","louvain","edit-xhwikibooks.graphml"
"0.41","0.44","0.15","0.461559923119846","1,2,1,1,1,3,1,3,3,3,1,1,3,3,3,4,5,1,6,1,7,2,3,3,3,3,3,4,2,8,9,6,1,1,6,6,3,3,7,7,7,7,2,2,2,2,7,2,2,2,7,7,7,7,7,2,2,2,2,7,10,7,7,11,12,7,7,7,7,7,2,7,3,3,7,7,7,7,7,7,7,13,4,4,4,14,7,7,7,7,15,16,17,7,7,7,18,7,7,7,7,7,7,7,7,7,7,19,20,7,7,7,7,6,6,6,6,6,6,6,6,3,3,3,3,3,3,3,3","0.000540018081665039","louvain","edit-xhwikibooks.graphml"
"0.4","0.45","0.15","0.464959630911188","1,2,1,1,1,3,1,3,3,3,1,1,3,3,3,4,5,1,6,1,7,2,3,3,3,3,3,4,2,8,9,6,1,1,6,6,3,3,7,7,7,7,2,2,2,2,7,2,2,2,7,7,7,7,7,2,2,2,2,7,10,7,7,11,12,7,7,7,7,7,2,7,3,3,7,7,7,7,7,7,7,13,4,4,4,14,7,7,7,7,15,16,17,7,7,7,18,7,7,7,7,7,7,7,7,7,7,19,20,7,7,7,7,6,6,6,6,6,6,6,6,3,3,3,3,3,3,3,3","0.000568151473999023","louvain","edit-xhwikibooks.graphml"
"0.39","0.46","0.15","0.441321976122328","1,1,1,2,3,2,4,2,2,2,4,5,2,2,2,2,6,7,4,8,9,1,10,2,2,2,2,2,1,11,12,13,8,14,4,4,2,2,9,9,9,9,1,1,1,1,9,1,1,1,9,9,9,9,9,1,1,1,1,9,15,9,9,16,17,9,9,9,9,9,1,9,18,19,9,9,9,9,9,9,9,20,21,22,23,24,9,9,9,9,25,26,27,9,9,9,28,9,9,9,9,9,9,9,9,9,9,29,30,9,9,9,9,4,4,4,4,4,4,4,4,2,2,2,2,2,2,2,2","0.000570058822631836","louvain","edit-xhwikibooks.graphml"
"0.38","0.47","0.15","0.443164223157691","1,1,1,2,3,2,4,2,2,2,4,5,2,2,2,2,6,7,4,8,9,1,10,2,2,2,2,2,1,11,12,13,8,14,4,4,2,2,9,9,9,9,1,1,1,1,9,1,1,1,9,9,9,9,9,1,1,1,1,9,15,9,9,16,17,9,9,9,9,9,1,9,18,19,9,9,9,9,9,9,9,20,21,22,23,24,9,9,9,9,25,26,27,9,9,9,28,9,9,9,9,9,9,9,9,9,9,29,30,9,9,9,9,4,4,4,4,4,4,4,4,2,2,2,2,2,2,2,2","0.000572919845581055","louvain","edit-xhwikibooks.graphml"
"0.37","0.48","0.15","0.442494206850575","1,1,1,2,3,2,4,2,2,2,4,5,2,2,2,2,6,7,4,8,9,1,10,2,2,2,2,2,1,11,12,13,8,14,4,4,2,2,9,9,9,9,1,1,1,1,9,1,1,1,9,9,9,9,9,1,1,1,1,9,15,9,9,16,17,9,9,9,9,9,1,9,18,19,9,9,9,9,9,9,9,20,21,22,23,24,9,9,9,9,25,26,27,9,9,9,28,9,9,9,9,9,9,9,9,9,9,29,30,9,9,9,9,4,4,4,4,4,4,4,4,2,2,2,2,2,2,2,2","0.000524044036865234","louvain","edit-xhwikibooks.graphml"
"0.36","0.49","0.15","0.442494206850575","1,1,1,2,3,2,4,2,2,2,4,5,2,2,2,2,6,7,4,8,9,1,10,2,2,2,2,2,1,11,12,13,8,14,4,4,2,2,9,9,9,9,1,1,1,1,9,1,1,1,9,9,9,9,9,1,1,1,1,9,15,9,9,16,17,9,9,9,9,9,1,9,18,19,9,9,9,9,9,9,9,20,21,22,23,24,9,9,9,9,25,26,27,9,9,9,28,9,9,9,9,9,9,9,9,9,9,29,30,9,9,9,9,4,4,4,4,4,4,4,4,2,2,2,2,2,2,2,2","0.000541925430297852","louvain","edit-xhwikibooks.graphml"
"0.35","0.5","0.15","0.512747688689447","1,1,1,2,3,2,4,5,2,2,4,6,5,5,5,2,7,8,4,9,10,1,11,5,5,5,5,2,1,12,13,14,9,15,4,4,5,5,10,10,10,10,1,1,1,1,10,1,1,1,10,10,10,10,10,1,1,1,1,10,16,10,10,17,18,10,10,10,10,10,1,10,19,20,10,10,10,10,10,10,10,21,22,23,24,25,10,10,10,10,26,27,28,10,10,10,29,10,10,10,10,10,10,10,10,10,10,30,31,10,10,10,10,4,4,4,4,4,4,4,4,5,5,5,5,5,5,5,5","0.000684022903442383","louvain","edit-xhwikibooks.graphml"
"0.34","0.51","0.15","0.508915850362682","1,1,1,2,3,2,4,5,2,2,4,6,5,5,5,2,7,8,4,9,10,1,11,5,5,5,5,2,1,12,13,14,9,15,16,16,5,5,10,10,10,10,1,1,1,1,10,1,1,1,10,10,10,10,10,1,1,1,1,10,17,10,10,18,19,10,10,10,10,10,1,10,20,21,10,10,10,10,10,10,10,22,23,24,25,26,10,10,10,10,27,28,29,10,10,10,30,10,10,10,10,10,10,10,10,10,10,31,32,10,10,10,10,16,16,16,16,16,16,16,16,5,5,5,5,5,5,5,5","0.00056004524230957","louvain","edit-xhwikibooks.graphml"
"0.33","0.52","0.15","0.508915850362682","1,1,1,2,3,2,4,5,2,2,4,6,5,5,5,2,7,8,4,9,10,1,11,5,5,5,5,2,1,12,13,14,9,15,16,16,5,5,10,10,10,10,1,1,1,1,10,1,1,1,10,10,10,10,10,1,1,1,1,10,17,10,10,18,19,10,10,10,10,10,1,10,20,21,10,10,10,10,10,10,10,22,23,24,25,26,10,10,10,10,27,28,29,10,10,10,30,10,10,10,10,10,10,10,10,10,10,31,32,10,10,10,10,16,16,16,16,16,16,16,16,5,5,5,5,5,5,5,5","0.000543117523193359","louvain","edit-xhwikibooks.graphml"
"0.32","0.53","0.15","0.508237905257281","1,1,1,2,3,2,4,5,2,2,4,6,5,5,5,2,7,8,4,9,10,1,11,5,5,5,5,2,1,12,13,14,9,15,16,16,5,5,10,10,10,10,1,1,1,1,10,1,1,1,10,10,10,10,10,1,1,1,1,10,17,10,10,18,19,10,10,10,10,10,1,10,20,21,10,10,10,10,10,10,10,22,23,24,25,26,10,10,10,10,27,28,29,10,10,10,30,10,10,10,10,10,10,10,10,10,10,31,32,10,10,10,10,16,16,16,16,16,16,16,16,5,5,5,5,5,5,5,5","0.000571966171264648","louvain","edit-xhwikibooks.graphml"
"0.31","0.54","0.15","0.509688009794844","1,1,1,2,3,2,4,5,2,2,4,6,5,5,5,2,7,8,4,9,10,1,11,5,5,5,5,2,1,12,13,14,9,15,16,16,5,5,10,10,10,10,1,1,1,1,10,1,1,1,10,10,10,10,10,1,1,1,1,10,17,10,10,18,19,10,10,10,10,10,1,10,20,21,10,10,10,10,10,10,10,22,23,24,25,26,10,10,10,10,27,28,29,10,10,10,30,10,10,10,10,10,10,10,10,10,10,31,32,10,10,10,10,16,16,16,16,16,16,16,16,5,5,5,5,5,5,5,5","0.000548124313354492","louvain","edit-xhwikibooks.graphml"
"0.3","0.55","0.15","0.509012083693771","1,1,1,2,3,2,4,5,2,2,4,6,5,5,5,2,7,8,4,9,10,1,11,5,5,5,5,2,1,12,13,14,9,15,16,16,5,5,10,10,10,10,1,1,1,1,10,1,1,1,10,10,10,10,10,1,1,1,1,10,17,10,10,18,19,10,10,10,10,10,1,10,20,21,10,10,10,10,10,10,10,22,23,24,25,26,10,10,10,10,27,28,29,10,10,10,30,10,10,10,10,10,10,10,10,10,10,31,32,10,10,10,10,16,16,16,16,16,16,16,16,5,5,5,5,5,5,5,5","0.000560998916625977","louvain","edit-xhwikibooks.graphml"
"0.29","0.56","0.15","0.511790712340163","1,1,1,2,3,2,4,5,2,2,4,6,5,5,5,2,7,8,4,9,10,1,11,5,5,5,5,2,1,12,13,14,9,15,16,16,5,5,10,10,10,10,1,1,1,1,10,1,1,1,10,10,10,10,10,1,1,1,1,10,17,10,10,18,19,10,10,10,10,10,1,10,20,21,10,10,10,10,10,10,10,22,23,24,25,26,10,10,10,10,27,28,29,10,10,10,30,10,10,10,10,10,10,10,10,10,10,31,32,10,10,10,10,16,16,16,16,16,16,16,16,5,5,5,5,5,5,5,5","0.000555992126464844","louvain","edit-xhwikibooks.graphml"
"0.28","0.57","0.15","0.512540625499494","1,1,1,2,3,2,4,5,2,2,4,6,5,5,5,2,7,8,4,9,10,1,11,5,5,5,5,2,1,12,13,14,9,15,16,16,5,5,10,10,10,10,1,1,1,1,10,1,1,1,10,10,10,10,10,1,1,1,1,10,17,10,10,18,19,10,10,10,10,10,1,10,20,21,10,10,10,10,10,10,10,22,23,24,25,26,10,10,10,10,27,28,29,10,10,10,30,10,10,10,10,10,10,10,10,10,10,31,32,10,10,10,10,16,16,16,16,16,16,16,16,5,5,5,5,5,5,5,5","0.00058293342590332","louvain","edit-xhwikibooks.graphml"
"0.27","0.58","0.15","0.515266115702479","1,1,1,2,3,2,4,5,2,2,4,6,5,5,5,2,7,8,4,9,10,1,11,5,5,5,5,2,1,12,13,14,9,15,16,16,5,5,10,10,10,10,1,1,1,1,10,1,1,1,10,10,10,10,10,1,1,1,1,10,17,10,10,18,19,10,10,10,10,10,1,10,20,21,10,10,10,10,10,10,10,22,23,24,25,26,10,10,10,10,27,28,29,10,10,10,30,10,10,10,10,10,10,10,10,10,10,31,32,10,10,10,10,16,16,16,16,16,16,16,16,5,5,5,5,5,5,5,5","0.000553131103515625","louvain","edit-xhwikibooks.graphml"
"0.26","0.59","0.15","0.514596460485967","1,1,1,2,3,2,4,5,2,2,4,6,5,5,5,2,7,8,4,9,10,1,11,5,5,5,5,2,1,12,13,14,9,15,16,16,5,5,10,10,10,10,1,1,1,1,10,1,1,1,10,10,10,10,10,1,1,1,1,10,17,10,10,18,19,10,10,10,10,10,1,10,20,21,10,10,10,10,10,10,10,22,23,24,25,26,10,10,10,10,27,28,29,10,10,10,30,10,10,10,10,10,10,10,10,10,10,31,32,10,10,10,10,16,16,16,16,16,16,16,16,5,5,5,5,5,5,5,5","0.000542163848876953","louvain","edit-xhwikibooks.graphml"
"0.25","0.6","0.15","0.517587775376133","1,1,1,2,3,2,4,5,2,2,4,6,5,5,5,2,7,8,4,9,10,1,11,5,5,5,5,2,1,12,13,14,9,15,16,16,5,5,10,10,10,10,1,1,1,1,10,1,1,1,10,10,10,10,10,1,1,1,1,10,17,10,10,18,19,10,10,10,10,10,1,10,20,21,10,10,10,10,10,10,10,22,23,24,25,26,10,10,10,10,27,28,29,10,10,10,30,10,10,10,10,10,10,10,10,10,10,31,32,10,10,10,10,16,16,16,16,16,16,16,16,5,5,5,5,5,5,5,5","0.000546932220458984","louvain","edit-xhwikibooks.graphml"
"0.24","0.61","0.15","0.513109311234153","1,1,1,2,3,2,4,5,2,2,6,7,5,5,5,2,8,9,10,11,12,1,13,5,5,5,5,2,1,14,15,16,17,18,10,10,5,5,12,12,12,12,1,1,1,1,12,1,1,1,12,12,12,12,12,1,1,1,1,12,19,12,12,20,21,12,12,12,12,12,1,12,22,23,12,12,12,12,12,12,12,24,25,26,27,28,12,12,12,12,29,30,31,12,12,12,32,12,12,12,12,12,12,12,12,12,12,33,34,12,12,12,12,10,10,10,10,10,10,10,10,5,5,5,5,5,5,5,5","0.000574827194213867","louvain","edit-xhwikibooks.graphml"
"0.23","0.62","0.15","0.515905352687462","1,1,1,2,3,2,4,5,2,2,6,7,5,5,5,2,8,9,10,11,12,1,13,5,5,5,5,2,1,14,15,16,17,18,10,10,5,5,12,12,12,12,1,1,1,1,12,1,1,1,12,12,12,12,12,1,1,1,1,12,19,12,12,20,21,12,12,12,12,12,1,12,22,23,12,12,12,12,12,12,12,24,25,26,27,28,12,12,12,12,29,30,31,12,12,12,32,12,12,12,12,12,12,12,12,12,12,33,34,12,12,12,12,10,10,10,10,10,10,10,10,5,5,5,5,5,5,5,5","0.000571012496948242","louvain","edit-xhwikibooks.graphml"
"0.22","0.63","0.15","0.515240326343364","1,1,1,2,3,2,4,5,2,2,6,7,5,5,5,2,8,9,10,11,12,1,13,5,5,5,5,2,1,14,15,16,17,18,10,10,5,5,12,12,12,12,1,1,1,1,12,1,1,1,12,12,12,12,12,1,1,1,1,12,19,12,12,20,21,12,12,12,12,12,1,12,22,23,12,12,12,12,12,12,12,24,25,26,27,28,12,12,12,12,29,30,31,12,12,12,32,12,12,12,12,12,12,12,12,12,12,33,34,12,12,12,12,10,10,10,10,10,10,10,10,5,5,5,5,5,5,5,5","0.000563859939575195","louvain","edit-xhwikibooks.graphml"
"0.21","0.64","0.15","0.515240326343364","1,1,1,2,3,2,4,5,2,2,6,7,5,5,5,2,8,9,10,11,12,1,13,5,5,5,5,2,1,14,15,16,17,18,10,10,5,5,12,12,12,12,1,1,1,1,12,1,1,1,12,12,12,12,12,1,1,1,1,12,19,12,12,20,21,12,12,12,12,12,1,12,22,23,12,12,12,12,12,12,12,24,25,26,27,28,12,12,12,12,29,30,31,12,12,12,32,12,12,12,12,12,12,12,12,12,12,33,34,12,12,12,12,10,10,10,10,10,10,10,10,5,5,5,5,5,5,5,5","0.000597000122070312","louvain","edit-xhwikibooks.graphml"
"0.2","0.65","0.15","0.513190905654968","1,1,1,2,3,2,4,5,2,2,6,7,5,5,5,2,8,9,10,11,12,1,13,5,5,5,5,2,1,14,15,16,17,18,10,10,5,5,12,12,12,12,1,1,1,1,12,1,1,1,12,12,12,12,12,1,1,1,1,12,19,12,12,20,21,12,12,12,12,12,1,12,22,23,12,12,12,12,12,12,12,24,25,26,27,28,12,12,12,12,29,30,31,12,12,12,32,12,12,12,12,12,12,12,12,12,12,33,34,12,12,12,12,10,10,10,10,10,10,10,10,5,5,5,5,5,5,5,5","0.000627040863037109","louvain","edit-xhwikibooks.graphml"
"0.19","0.66","0.15","0.514633316874259","1,1,1,2,3,2,4,5,2,2,6,7,5,5,5,2,8,9,10,11,12,1,13,5,5,5,5,2,1,14,15,16,17,18,10,10,5,5,12,12,12,12,1,1,1,1,12,1,1,1,12,12,12,12,12,1,1,1,1,12,19,12,12,20,21,12,12,12,12,12,1,12,22,23,12,12,12,12,12,12,12,24,25,26,27,28,12,12,12,12,29,30,31,12,12,12,32,12,12,12,12,12,12,12,12,12,12,33,34,12,12,12,12,10,10,10,10,10,10,10,10,5,5,5,5,5,5,5,5","0.000596046447753906","louvain","edit-xhwikibooks.graphml"
"0.18","0.67","0.15","0.534087668617338","1,1,1,2,3,2,4,5,2,2,6,7,5,5,5,2,8,9,10,11,12,1,13,5,5,5,5,2,1,14,15,16,17,18,10,10,19,5,12,12,12,12,1,1,1,1,12,1,1,1,12,12,12,12,12,1,1,1,1,12,20,12,12,21,22,12,12,12,12,12,1,12,23,24,12,12,12,12,12,12,12,25,26,27,28,29,12,12,12,12,30,31,32,12,12,12,33,12,12,12,12,12,12,12,12,12,12,34,35,12,12,12,12,10,10,10,10,10,10,10,10,19,19,19,19,19,19,19,19","0.000584125518798828","louvain","edit-xhwikibooks.graphml"
"0.17","0.68","0.15","0.534087668617338","1,1,1,2,3,2,4,5,2,2,6,7,5,5,5,2,8,9,10,11,12,1,13,5,5,5,5,2,1,14,15,16,17,18,10,10,19,5,12,12,12,12,1,1,1,1,12,1,1,1,12,12,12,12,12,1,1,1,1,12,20,12,12,21,22,12,12,12,12,12,1,12,23,24,12,12,12,12,12,12,12,25,26,27,28,29,12,12,12,12,30,31,32,12,12,12,33,12,12,12,12,12,12,12,12,12,12,34,35,12,12,12,12,10,10,10,10,10,10,10,10,19,19,19,19,19,19,19,19","0.0242571830749512","louvain","edit-xhwikibooks.graphml"
"0.16","0.69","0.15","0.533419713924778","1,1,1,2,3,2,4,5,2,2,6,7,5,5,5,2,8,9,10,11,12,1,13,5,5,5,5,2,1,14,15,16,17,18,10,10,19,5,12,12,12,12,1,1,1,1,12,1,1,1,12,12,12,12,12,1,1,1,1,12,20,12,12,21,22,12,12,12,12,12,1,12,23,24,12,12,12,12,12,12,12,25,26,27,28,29,12,12,12,12,30,31,32,12,12,12,33,12,12,12,12,12,12,12,12,12,12,34,35,12,12,12,12,10,10,10,10,10,10,10,10,19,19,19,19,19,19,19,19","0.000658988952636719","louvain","edit-xhwikibooks.graphml"
"0.15","0.7","0.15","0.53600620780822","1,2,1,3,4,3,5,6,3,3,7,8,6,6,6,3,9,10,11,12,13,2,14,6,6,6,6,3,2,15,16,17,18,19,11,11,20,6,13,13,13,13,2,2,2,2,13,2,2,2,13,13,13,13,13,2,2,2,2,13,21,13,13,22,23,13,13,13,13,13,2,13,24,25,13,13,13,13,13,13,13,26,27,28,29,30,13,13,13,13,31,32,33,13,13,13,34,13,13,13,13,13,13,13,13,13,13,35,36,13,13,13,13,11,11,11,11,11,11,11,11,20,20,20,20,20,20,20,20","0.000574111938476562","louvain","edit-xhwikibooks.graphml"
"0.14","0.71","0.15","0.535337913834417","1,2,1,3,4,3,5,6,3,3,7,8,6,6,6,3,9,10,11,12,13,2,14,6,6,6,6,3,2,15,16,17,18,19,11,11,20,6,13,13,13,13,2,2,2,2,13,2,2,2,13,13,13,13,13,2,2,2,2,13,21,13,13,22,23,13,13,13,13,13,2,13,24,25,13,13,13,13,13,13,13,26,27,28,29,30,13,13,13,13,31,32,33,13,13,13,34,13,13,13,13,13,13,13,13,13,13,35,36,13,13,13,13,11,11,11,11,11,11,11,11,20,20,20,20,20,20,20,20","0.000550031661987305","louvain","edit-xhwikibooks.graphml"
"0.13","0.72","0.15","0.537832801175199","1,2,1,3,4,3,5,6,3,3,7,8,6,6,6,3,9,10,11,12,13,2,14,6,6,6,6,3,2,15,16,17,18,19,11,11,20,6,13,13,13,13,2,2,2,2,13,2,2,2,13,13,13,13,13,2,2,2,2,13,21,13,13,22,23,13,13,13,13,13,2,13,24,25,13,13,13,13,13,13,13,26,27,28,29,30,13,13,13,13,31,32,33,13,13,13,34,13,13,13,13,13,13,13,13,13,13,35,36,13,13,13,13,11,11,11,11,11,11,11,11,20,20,20,20,20,20,20,20","0.000502824783325195","louvain","edit-xhwikibooks.graphml"
"0.12","0.73","0.15","0.536880151228733","1,2,1,3,4,3,5,6,3,3,7,8,6,6,6,3,9,10,11,12,13,2,14,6,6,6,6,3,2,15,16,17,18,19,11,11,6,6,13,13,13,13,2,2,2,2,13,2,2,2,13,13,13,13,13,2,2,2,2,13,20,13,13,21,22,13,13,13,13,13,2,13,23,24,13,13,13,13,13,13,13,25,26,27,28,29,13,13,13,13,30,31,32,13,13,13,33,13,13,13,13,13,13,13,13,13,13,34,35,13,13,13,13,11,11,11,11,11,11,11,11,6,6,6,6,6,6,6,6","0.000513076782226562","louvain","edit-xhwikibooks.graphml"
"0.11","0.74","0.15","0.537167485822306","1,2,1,3,4,3,5,6,3,3,7,8,6,6,6,3,9,10,11,12,13,2,14,6,6,6,6,3,2,15,16,17,18,19,11,11,20,6,13,13,13,13,2,2,2,2,13,2,2,2,13,13,13,13,13,2,2,2,2,13,21,13,13,22,23,13,13,13,13,13,2,13,24,25,13,13,13,13,13,13,13,26,27,28,29,30,13,13,13,13,31,32,33,13,13,13,34,13,13,13,13,13,13,13,13,13,13,35,36,13,13,13,13,11,11,11,11,11,11,11,11,20,20,20,20,20,20,20,20","0.000510931015014648","louvain","edit-xhwikibooks.graphml"
"0.1","0.75","0.15","0.534078622357452","1,1,1,2,3,4,5,4,4,6,7,8,4,4,4,4,9,10,11,12,13,1,14,4,4,4,4,15,16,17,18,19,20,21,11,11,22,4,13,13,13,13,1,1,1,1,13,1,1,1,13,13,13,13,13,1,1,1,1,13,23,13,13,24,25,13,13,13,13,13,1,13,26,27,13,13,13,13,13,13,13,28,29,30,31,32,13,13,13,13,33,34,35,13,13,13,36,13,13,13,13,13,13,13,13,13,13,37,38,13,13,13,13,11,11,11,11,11,11,11,11,22,22,22,22,22,22,22,22","0.00068211555480957","louvain","edit-xhwikibooks.graphml"
"0.09","0.76","0.15","0.533545620399051","1,1,1,2,3,4,5,6,6,7,8,9,6,6,6,4,10,11,12,13,14,1,15,6,6,6,6,16,17,18,19,20,21,22,12,12,6,6,14,14,14,14,1,1,1,1,14,1,1,1,14,14,14,14,14,1,1,1,1,14,23,14,14,24,25,14,14,14,14,14,1,14,26,27,14,14,14,14,14,14,14,28,29,30,31,32,14,14,14,14,33,34,35,14,14,14,36,14,14,14,14,14,14,14,14,14,14,37,38,14,14,14,14,12,12,12,12,12,12,12,12,6,6,6,6,6,6,6,6","0.000497817993164062","louvain","edit-xhwikibooks.graphml"
"0.08","0.77","0.15","0.536124007561437","1,2,1,3,4,5,6,7,7,8,9,10,7,7,7,5,11,12,13,14,15,2,16,7,7,7,7,17,18,19,20,21,22,23,13,13,7,7,15,15,15,15,2,2,2,2,15,2,2,2,15,15,15,15,15,2,2,2,2,15,24,15,15,25,26,15,15,15,15,15,2,15,27,28,15,15,15,15,15,15,15,29,30,31,32,33,15,15,15,15,34,35,36,15,15,15,37,15,15,15,15,15,15,15,15,15,15,38,39,15,15,15,15,13,13,13,13,13,13,13,13,7,7,7,7,7,7,7,7","0.000490188598632812","louvain","edit-xhwikibooks.graphml"
"0.07","0.78","0.15","0.538622023203746","1,2,1,3,4,5,6,5,5,7,8,9,5,5,5,5,10,11,12,13,14,2,15,5,5,5,5,16,17,18,19,20,21,22,12,12,23,5,14,14,14,14,2,2,2,2,14,2,2,2,14,14,14,14,14,2,2,2,2,14,24,14,14,25,26,14,14,14,14,14,2,14,27,28,14,14,14,14,14,14,14,29,30,31,32,33,14,14,14,14,34,35,36,14,14,14,37,14,14,14,14,14,14,14,14,14,14,38,39,14,14,14,14,12,12,12,12,12,12,12,12,23,23,23,23,23,23,23,23","0.000489950180053711","louvain","edit-xhwikibooks.graphml"
"0.06","0.79","0.15","0.538622023203746","1,2,1,3,4,5,6,5,5,7,8,9,5,5,5,5,10,11,12,13,14,2,15,5,5,5,5,16,17,18,19,20,21,22,12,12,23,5,14,14,14,14,2,2,2,2,14,2,2,2,14,14,14,14,14,2,2,2,2,14,24,14,14,25,26,14,14,14,14,14,2,14,27,28,14,14,14,14,14,14,14,29,30,31,32,33,14,14,14,14,34,35,36,14,14,14,37,14,14,14,14,14,14,14,14,14,14,38,39,14,14,14,14,12,12,12,12,12,12,12,12,23,23,23,23,23,23,23,23","0.000504016876220703","louvain","edit-xhwikibooks.graphml"
"0.05","0.8","0.15","0.540457872799287","1,1,1,2,3,4,5,4,4,6,7,8,4,4,4,4,9,10,11,12,13,1,14,4,4,4,4,15,16,17,18,19,20,21,11,11,22,4,13,13,13,13,1,1,1,1,13,1,1,1,13,13,13,13,13,1,1,1,1,13,23,13,13,24,25,13,13,13,13,13,1,13,26,27,13,13,13,13,13,13,13,28,29,30,31,32,13,13,13,13,33,34,35,13,13,13,36,13,13,13,13,13,13,13,13,13,13,37,38,13,13,13,13,11,11,11,11,11,11,11,11,22,22,22,22,22,22,22,22","0.000525951385498047","louvain","edit-xhwikibooks.graphml"
"0.04","0.81","0.15","0.517570382847228","1,1,1,2,3,4,5,4,4,6,7,8,4,4,4,4,9,10,11,12,13,1,14,4,4,4,4,15,16,17,18,19,20,21,11,11,22,4,13,13,13,13,1,1,1,1,13,1,1,1,13,13,13,13,13,1,1,1,1,13,23,13,13,24,25,13,13,13,13,13,1,13,26,27,13,13,13,13,13,13,13,28,29,30,31,32,13,13,13,13,33,34,35,13,13,13,36,13,13,13,13,13,13,13,13,13,13,37,38,13,13,13,13,11,11,11,11,11,11,11,11,22,22,22,22,22,22,22,22","0.000496149063110352","louvain","edit-xhwikibooks.graphml"
"0.03","0.82","0.15","0.517230391615584","1,1,1,2,3,4,5,6,6,7,8,9,6,6,6,4,10,11,12,13,14,1,15,6,6,6,6,16,17,18,19,20,21,22,12,12,23,6,14,14,14,14,1,1,1,1,14,1,1,1,14,14,14,14,14,1,1,1,1,14,24,14,14,25,26,14,14,14,14,14,1,14,27,28,14,14,14,14,14,14,14,29,30,31,32,33,14,14,14,14,34,35,36,14,14,14,37,14,14,14,14,14,14,14,14,14,14,38,39,14,14,14,14,12,12,12,12,12,12,12,12,23,23,23,23,23,23,23,23","0.000510931015014648","louvain","edit-xhwikibooks.graphml"
"0.02","0.83","0.15","0.517230391615584","1,1,1,2,3,4,5,6,6,7,8,9,6,6,6,4,10,11,12,13,14,1,15,6,6,6,6,16,17,18,19,20,21,22,12,12,23,6,14,14,14,14,1,1,1,1,14,1,1,1,14,14,14,14,14,1,1,1,1,14,24,14,14,25,26,14,14,14,14,14,1,14,27,28,14,14,14,14,14,14,14,29,30,31,32,33,14,14,14,14,34,35,36,14,14,14,37,14,14,14,14,14,14,14,14,14,14,38,39,14,14,14,14,12,12,12,12,12,12,12,12,23,23,23,23,23,23,23,23","0.000483989715576172","louvain","edit-xhwikibooks.graphml"
"0.01","0.84","0.15","0.517847912914089","1,1,1,2,3,4,5,6,6,7,8,9,6,6,6,4,10,11,12,13,14,1,15,6,6,6,6,16,17,18,19,20,21,22,12,12,23,6,14,14,14,14,1,1,1,1,14,1,1,1,14,14,14,14,14,1,1,1,1,14,24,14,14,25,26,14,14,14,14,14,1,14,27,28,14,14,14,14,14,14,14,29,30,31,32,33,14,14,14,14,34,35,36,14,14,14,37,14,14,14,14,14,14,14,14,14,14,38,39,14,14,14,14,12,12,12,12,12,12,12,12,23,23,23,23,23,23,23,23","0.000538110733032227","louvain","edit-xhwikibooks.graphml"
"0","0.85","0.15","0.523488634875384","1,1,1,1,1,2,3,4,4,5,6,7,4,4,4,2,8,9,10,11,12,1,13,4,4,4,4,14,1,15,16,17,18,19,10,10,20,4,12,12,12,12,1,1,1,1,12,1,1,1,12,12,12,12,12,1,1,1,1,12,21,12,12,22,23,12,12,12,12,12,1,12,24,25,12,12,12,12,12,12,12,26,27,28,29,30,12,12,12,12,31,32,33,12,12,12,34,12,12,12,12,12,12,12,12,12,12,35,36,12,12,12,12,10,10,10,10,10,10,10,10,20,20,20,20,20,20,20,20","0.00054621696472168","louvain","edit-xhwikibooks.graphml"
"0.84","0","0.16","0.43700061140711","1,2,1,1,1,3,1,3,3,3,1,1,3,3,3,4,3,1,5,1,6,2,3,3,3,3,3,4,2,3,1,5,1,1,5,5,3,3,6,6,6,6,2,2,2,2,6,2,2,2,6,6,6,6,6,2,2,2,2,6,3,6,6,3,3,6,6,6,6,6,2,6,3,3,6,6,6,6,6,6,6,3,4,4,4,2,6,6,6,6,3,1,5,6,6,6,4,6,6,6,6,6,6,6,6,6,6,1,1,6,6,6,6,5,5,5,5,5,5,5,5,3,3,3,3,3,3,3,3","0.000547885894775391","louvain","edit-xhwikibooks.graphml"
"0.83","0.01","0.16","0.43700061140711","1,2,1,1,1,3,1,3,3,3,1,1,3,3,3,4,3,1,5,1,6,2,3,3,3,3,3,4,2,3,1,5,1,1,5,5,3,3,6,6,6,6,2,2,2,2,6,2,2,2,6,6,6,6,6,2,2,2,2,6,3,6,6,3,3,6,6,6,6,6,2,6,3,3,6,6,6,6,6,6,6,3,4,4,4,2,6,6,6,6,3,1,5,6,6,6,4,6,6,6,6,6,6,6,6,6,6,1,1,6,6,6,6,5,5,5,5,5,5,5,5,3,3,3,3,3,3,3,3","0.000546932220458984","louvain","edit-xhwikibooks.graphml"
"0.82","0.02","0.16","0.43700061140711","1,2,1,1,1,3,1,3,3,3,1,1,3,3,3,4,3,1,5,1,6,2,3,3,3,3,3,4,2,3,1,5,1,1,5,5,3,3,6,6,6,6,2,2,2,2,6,2,2,2,6,6,6,6,6,2,2,2,2,6,3,6,6,3,3,6,6,6,6,6,2,6,3,3,6,6,6,6,6,6,6,3,4,4,4,2,6,6,6,6,3,1,5,6,6,6,4,6,6,6,6,6,6,6,6,6,6,1,1,6,6,6,6,5,5,5,5,5,5,5,5,3,3,3,3,3,3,3,3","0.000494003295898438","louvain","edit-xhwikibooks.graphml"
"0.81","0.03","0.16","0.436380945087993","1,2,1,1,1,3,1,3,3,3,1,1,3,3,3,4,3,1,5,1,6,2,3,3,3,3,3,4,2,3,1,5,1,1,5,5,3,3,6,6,6,6,2,2,2,2,6,2,2,2,6,6,6,6,6,2,2,2,2,6,3,6,6,3,3,6,6,6,6,6,2,6,3,3,6,6,6,6,6,6,6,3,4,4,4,2,6,6,6,6,3,1,5,6,6,6,4,6,6,6,6,6,6,6,6,6,6,1,1,6,6,6,6,5,5,5,5,5,5,5,5,3,3,3,3,3,3,3,3","0.000515937805175781","louvain","edit-xhwikibooks.graphml"
"0.8","0.04","0.16","0.436380945087993","1,2,1,1,1,3,1,3,3,3,1,1,3,3,3,4,3,1,5,1,6,2,3,3,3,3,3,4,2,3,1,5,1,1,5,5,3,3,6,6,6,6,2,2,2,2,6,2,2,2,6,6,6,6,6,2,2,2,2,6,3,6,6,3,3,6,6,6,6,6,2,6,3,3,6,6,6,6,6,6,6,3,4,4,4,2,6,6,6,6,3,1,5,6,6,6,4,6,6,6,6,6,6,6,6,6,6,1,1,6,6,6,6,5,5,5,5,5,5,5,5,3,3,3,3,3,3,3,3","0.000493049621582031","louvain","edit-xhwikibooks.graphml"
"0.79","0.05","0.16","0.43576285939196","1,2,1,1,1,3,1,3,3,3,1,1,3,3,3,4,3,1,5,1,6,2,3,3,3,3,3,4,2,3,1,5,1,1,5,5,3,3,6,6,6,6,2,2,2,2,6,2,2,2,6,6,6,6,6,2,2,2,2,6,3,6,6,3,3,6,6,6,6,6,2,6,3,3,6,6,6,6,6,6,6,3,4,4,4,2,6,6,6,6,3,1,5,6,6,6,4,6,6,6,6,6,6,6,6,6,6,1,1,6,6,6,6,5,5,5,5,5,5,5,5,3,3,3,3,3,3,3,3","0.00051116943359375","louvain","edit-xhwikibooks.graphml"
"0.78","0.06","0.16","0.43576285939196","1,2,1,1,1,3,1,3,3,3,1,1,3,3,3,4,3,1,5,1,6,2,3,3,3,3,3,4,2,3,1,5,1,1,5,5,3,3,6,6,6,6,2,2,2,2,6,2,2,2,6,6,6,6,6,2,2,2,2,6,3,6,6,3,3,6,6,6,6,6,2,6,3,3,6,6,6,6,6,6,6,3,4,4,4,2,6,6,6,6,3,1,5,6,6,6,4,6,6,6,6,6,6,6,6,6,6,1,1,6,6,6,6,5,5,5,5,5,5,5,5,3,3,3,3,3,3,3,3","0.00049901008605957","louvain","edit-xhwikibooks.graphml"
"0.77","0.07","0.16","0.435146349552936","1,2,1,1,1,3,1,3,3,3,1,1,3,3,3,4,3,1,5,1,6,2,3,3,3,3,3,4,2,3,1,5,1,1,5,5,3,3,6,6,6,6,2,2,2,2,6,2,2,2,6,6,6,6,6,2,2,2,2,6,3,6,6,3,3,6,6,6,6,6,2,6,3,3,6,6,6,6,6,6,6,3,4,4,4,2,6,6,6,6,3,1,5,6,6,6,4,6,6,6,6,6,6,6,6,6,6,1,1,6,6,6,6,5,5,5,5,5,5,5,5,3,3,3,3,3,3,3,3","0.00061798095703125","louvain","edit-xhwikibooks.graphml"
"0.76","0.08","0.16","0.436933991002372","1,2,1,1,1,3,1,3,3,3,1,1,3,3,3,4,3,1,5,1,6,2,3,3,3,3,3,4,2,3,1,5,1,1,5,5,3,3,6,6,6,6,2,2,2,2,6,2,2,2,6,6,6,6,6,2,2,2,2,6,3,6,6,3,3,6,6,6,6,6,2,6,3,3,6,6,6,6,6,6,6,3,4,4,4,2,6,6,6,6,3,1,5,6,6,6,4,6,6,6,6,6,6,6,6,6,6,1,1,6,6,6,6,5,5,5,5,5,5,5,5,3,3,3,3,3,3,3,3","0.000538110733032227","louvain","edit-xhwikibooks.graphml"
"0.75","0.09","0.16","0.436318587105624","1,2,1,1,1,3,1,3,3,3,1,1,3,3,3,4,3,1,5,1,6,2,3,3,3,3,3,4,2,3,1,5,1,1,5,5,3,3,6,6,6,6,2,2,2,2,6,2,2,2,6,6,6,6,6,2,2,2,2,6,3,6,6,3,3,6,6,6,6,6,2,6,3,3,6,6,6,6,6,6,6,3,4,4,4,2,6,6,6,6,3,1,5,6,6,6,4,6,6,6,6,6,6,6,6,6,6,1,1,6,6,6,6,5,5,5,5,5,5,5,5,3,3,3,3,3,3,3,3","0.000504016876220703","louvain","edit-xhwikibooks.graphml"
"0.74","0.1","0.16","0.436318587105624","1,2,1,1,1,3,1,3,3,3,1,1,3,3,3,4,3,1,5,1,6,2,3,3,3,3,3,4,2,3,1,5,1,1,5,5,3,3,6,6,6,6,2,2,2,2,6,2,2,2,6,6,6,6,6,2,2,2,2,6,3,6,6,3,3,6,6,6,6,6,2,6,3,3,6,6,6,6,6,6,6,3,4,4,4,2,6,6,6,6,3,1,5,6,6,6,4,6,6,6,6,6,6,6,6,6,6,1,1,6,6,6,6,5,5,5,5,5,5,5,5,3,3,3,3,3,3,3,3","0.000494003295898438","louvain","edit-xhwikibooks.graphml"
"0.73","0.11","0.16","0.435704743389561","1,2,1,1,1,3,1,3,3,3,1,1,3,3,3,4,3,1,5,1,6,2,3,3,3,3,3,4,2,3,1,5,1,1,5,5,3,3,6,6,6,6,2,2,2,2,6,2,2,2,6,6,6,6,6,2,2,2,2,6,3,6,6,3,3,6,6,6,6,6,2,6,3,3,6,6,6,6,6,6,6,3,4,4,4,2,6,6,6,6,3,1,5,6,6,6,4,6,6,6,6,6,6,6,6,6,6,1,1,6,6,6,6,5,5,5,5,5,5,5,5,3,3,3,3,3,3,3,3","0.000509977340698242","louvain","edit-xhwikibooks.graphml"
"0.72","0.12","0.16","0.439070507276606","1,2,1,1,1,3,1,3,3,3,1,1,3,3,3,4,3,1,5,1,6,2,3,3,3,3,3,4,2,3,1,5,1,1,5,5,3,3,6,6,6,6,2,2,2,2,6,2,2,2,6,6,6,6,6,2,2,2,2,6,3,6,6,3,3,6,6,6,6,6,2,6,3,3,6,6,6,6,6,6,6,3,4,4,4,2,6,6,6,6,3,1,5,6,6,6,4,6,6,6,6,6,6,6,6,6,6,1,1,6,6,6,6,5,5,5,5,5,5,5,5,3,3,3,3,3,3,3,3","0.000535964965820312","louvain","edit-xhwikibooks.graphml"
"0.71","0.13","0.16","0.433679698216735","1,2,1,1,1,3,1,3,3,3,1,1,3,3,3,4,3,1,5,1,6,2,3,3,3,3,3,4,2,3,1,5,1,1,5,5,3,3,6,6,6,6,2,2,2,2,6,2,2,2,6,6,6,6,6,2,2,2,2,6,3,6,6,3,3,6,6,6,6,6,2,6,3,3,6,6,6,6,6,6,6,3,4,4,4,2,6,6,6,6,3,1,5,6,6,6,4,6,6,6,6,6,6,6,6,6,6,1,1,6,6,6,6,5,5,5,5,5,5,5,5,3,3,3,3,3,3,3,3","0.000552892684936523","louvain","edit-xhwikibooks.graphml"
"0.7","0.14","0.16","0.433679698216735","1,2,1,1,1,3,1,3,3,3,1,1,3,3,3,4,3,1,5,1,6,2,3,3,3,3,3,4,2,3,1,5,1,1,5,5,3,3,6,6,6,6,2,2,2,2,6,2,2,2,6,6,6,6,6,2,2,2,2,6,3,6,6,3,3,6,6,6,6,6,2,6,3,3,6,6,6,6,6,6,6,3,4,4,4,2,6,6,6,6,3,1,5,6,6,6,4,6,6,6,6,6,6,6,6,6,6,1,1,6,6,6,6,5,5,5,5,5,5,5,5,3,3,3,3,3,3,3,3","0.000555038452148438","louvain","edit-xhwikibooks.graphml"
"0.69","0.15","0.16","0.436467479964321","1,2,1,1,1,3,1,3,3,3,1,1,3,3,3,4,3,1,5,1,6,2,3,3,3,3,3,4,2,3,1,5,1,1,5,5,3,3,6,6,6,6,2,2,2,2,6,2,2,2,6,6,6,6,6,2,2,2,2,6,3,6,6,3,3,6,6,6,6,6,2,6,3,3,6,6,6,6,6,6,6,3,4,4,4,2,6,6,6,6,3,1,5,6,6,6,4,6,6,6,6,6,6,6,6,6,6,1,1,6,6,6,6,5,5,5,5,5,5,5,5,3,3,3,3,3,3,3,3","0.00055694580078125","louvain","edit-xhwikibooks.graphml"
"0.68","0.16","0.16","0.438236645761246","1,2,1,1,1,3,1,3,3,3,1,1,3,3,3,4,3,1,5,1,6,2,3,3,3,3,3,4,2,3,1,5,1,1,5,5,3,3,6,6,6,6,2,2,2,2,6,2,2,2,6,6,6,6,6,2,2,2,2,6,3,6,6,3,3,6,6,6,6,6,2,6,3,3,6,6,6,6,6,6,6,3,4,4,4,2,6,6,6,6,3,1,5,6,6,6,4,6,6,6,6,6,6,6,6,6,6,1,1,6,6,6,6,5,5,5,5,5,5,5,5,3,3,3,3,3,3,3,3","0.000566959381103516","louvain","edit-xhwikibooks.graphml"
"0.67","0.17","0.16","0.433666688305698","1,2,1,1,1,3,1,3,3,3,1,1,3,3,3,4,3,1,5,1,6,2,3,3,3,3,3,4,2,3,1,5,1,1,5,5,3,3,6,6,6,6,2,2,2,2,6,2,2,2,6,6,6,6,6,2,2,2,2,6,7,6,6,3,3,6,6,6,6,6,2,6,3,3,6,6,6,6,6,6,6,3,4,4,4,8,6,6,6,6,9,10,11,6,6,6,4,6,6,6,6,6,6,6,6,6,6,1,1,6,6,6,6,5,5,5,5,5,5,5,5,3,3,3,3,3,3,3,3","0.000549077987670898","louvain","edit-xhwikibooks.graphml"
"0.66","0.18","0.16","0.435332443730341","1,2,1,3,1,3,1,3,3,3,1,1,3,3,3,4,3,1,5,1,6,2,3,3,3,3,3,4,2,3,1,5,1,1,5,5,3,3,6,6,6,6,2,2,2,2,6,2,2,2,6,6,6,6,6,2,2,2,2,6,7,6,6,3,3,6,6,6,6,6,2,6,3,3,6,6,6,6,6,6,6,3,4,4,4,8,6,6,6,6,9,10,11,6,6,6,4,6,6,6,6,6,6,6,6,6,6,1,1,6,6,6,6,5,5,5,5,5,5,5,5,3,3,3,3,3,3,3,3","0.000557899475097656","louvain","edit-xhwikibooks.graphml"
"0.65","0.19","0.16","0.434717431634498","1,2,1,3,1,3,1,3,3,3,1,1,3,3,3,4,3,1,5,1,6,2,3,3,3,3,3,4,2,3,1,5,1,1,5,5,3,3,6,6,6,6,2,2,2,2,6,2,2,2,6,6,6,6,6,2,2,2,2,6,7,6,6,3,3,6,6,6,6,6,2,6,3,3,6,6,6,6,6,6,6,3,4,4,4,8,6,6,6,6,9,10,11,6,6,6,4,6,6,6,6,6,6,6,6,6,6,1,1,6,6,6,6,5,5,5,5,5,5,5,5,3,3,3,3,3,3,3,3","0.000632047653198242","louvain","edit-xhwikibooks.graphml"
"0.64","0.2","0.16","0.438865415369077","1,2,1,1,1,1,1,3,1,1,1,1,3,3,3,1,1,1,4,1,5,2,3,3,3,3,3,1,2,1,1,4,1,1,4,4,3,3,5,5,5,5,2,2,2,2,5,2,2,2,5,5,5,5,5,2,2,2,2,5,6,5,5,3,3,5,5,5,5,5,2,5,3,3,5,5,5,5,5,5,5,3,1,1,1,7,5,5,5,5,8,9,10,5,5,5,1,5,5,5,5,5,5,5,5,5,5,1,1,5,5,5,5,4,4,4,4,4,4,4,4,3,3,3,3,3,3,3,3","0.000524044036865234","louvain","edit-xhwikibooks.graphml"
"0.63","0.21","0.16","0.437655140951844","1,2,1,1,1,3,1,3,3,3,1,1,3,3,3,4,3,1,5,1,6,2,3,3,3,3,3,4,2,3,1,5,1,1,5,5,3,3,6,6,6,6,2,2,2,2,6,2,2,2,6,6,6,6,6,2,2,2,2,6,7,6,6,3,3,6,6,6,6,6,2,6,3,3,6,6,6,6,6,6,6,3,4,4,4,8,6,6,6,6,9,10,11,6,6,6,4,6,6,6,6,6,6,6,6,6,6,1,1,6,6,6,6,5,5,5,5,5,5,5,5,3,3,3,3,3,3,3,3","0.000520944595336914","louvain","edit-xhwikibooks.graphml"
"0.62","0.22","0.16","0.437655140951844","1,2,1,1,1,3,1,3,3,3,1,1,3,3,3,4,3,1,5,1,6,2,3,3,3,3,3,4,2,3,1,5,1,1,5,5,3,3,6,6,6,6,2,2,2,2,6,2,2,2,6,6,6,6,6,2,2,2,2,6,7,6,6,3,3,6,6,6,6,6,2,6,3,3,6,6,6,6,6,6,6,3,4,4,4,8,6,6,6,6,9,10,11,6,6,6,4,6,6,6,6,6,6,6,6,6,6,1,1,6,6,6,6,5,5,5,5,5,5,5,5,3,3,3,3,3,3,3,3","0.000565052032470703","louvain","edit-xhwikibooks.graphml"
"0.61","0.23","0.16","0.440380091638714","1,2,1,1,1,3,1,3,3,3,1,1,3,3,3,4,3,1,5,1,6,2,3,3,3,3,3,4,2,3,1,5,1,1,5,5,3,3,6,6,6,6,2,2,2,2,6,2,2,2,6,6,6,6,6,2,2,2,2,6,7,6,6,3,3,6,6,6,6,6,2,6,3,3,6,6,6,6,6,6,6,3,4,4,4,8,6,6,6,6,9,10,11,6,6,6,4,6,6,6,6,6,6,6,6,6,6,1,1,6,6,6,6,5,5,5,5,5,5,5,5,3,3,3,3,3,3,3,3","0.000564813613891602","louvain","edit-xhwikibooks.graphml"
"0.6","0.24","0.16","0.442119008264463","1,2,1,1,1,3,1,3,3,3,1,1,3,3,3,4,3,1,5,1,6,2,3,3,3,3,3,4,2,3,1,5,1,1,5,5,3,3,6,6,6,6,2,2,2,2,6,2,2,2,6,6,6,6,6,2,2,2,2,6,7,6,6,3,3,6,6,6,6,6,2,6,3,3,6,6,6,6,6,6,6,3,4,4,4,8,6,6,6,6,9,10,11,6,6,6,4,6,6,6,6,6,6,6,6,6,6,1,1,6,6,6,6,5,5,5,5,5,5,5,5,3,3,3,3,3,3,3,3","0.000572919845581055","louvain","edit-xhwikibooks.graphml"
"0.59","0.25","0.16","0.436074783846743","1,2,1,1,1,3,1,3,3,3,1,1,3,3,3,3,3,1,4,1,5,2,3,3,3,3,3,3,2,3,1,4,1,1,4,4,6,3,5,5,5,5,2,2,2,2,5,2,2,2,5,5,5,5,5,2,2,2,2,5,7,5,5,3,3,5,5,5,5,5,2,5,3,3,5,5,5,5,5,5,5,3,3,3,3,8,5,5,5,5,9,10,11,5,5,5,3,5,5,5,5,5,5,5,5,5,5,1,1,5,5,5,5,4,4,4,4,4,4,4,4,6,6,6,6,6,6,6,6","0.000694990158081055","louvain","edit-xhwikibooks.graphml"
"0.58","0.26","0.16","0.435210839246146","1,2,1,1,1,1,1,3,1,1,1,1,3,3,3,1,1,1,4,1,5,2,3,3,3,3,3,1,2,1,1,4,1,1,4,4,3,3,5,5,5,5,2,2,2,2,5,2,2,2,5,5,5,5,5,2,2,2,2,5,6,5,5,3,3,5,5,5,5,5,2,5,3,3,5,5,5,5,5,5,5,3,1,1,1,7,5,5,5,5,8,9,10,5,5,5,1,5,5,5,5,5,5,5,5,5,5,1,1,5,5,5,5,4,4,4,4,4,4,4,4,3,3,3,3,3,3,3,3","0.000535964965820312","louvain","edit-xhwikibooks.graphml"
"0.57","0.27","0.16","0.43468612240942","1,2,1,1,1,3,1,3,3,3,1,1,3,3,3,4,3,1,5,1,6,2,3,3,3,3,3,4,2,3,1,5,1,1,5,5,3,3,6,6,6,6,2,2,2,2,6,2,2,2,6,6,6,6,6,2,2,2,2,6,7,6,6,3,3,6,6,6,6,6,2,6,3,3,6,6,6,6,6,6,6,3,4,4,4,8,6,6,6,6,9,10,11,6,6,6,4,6,6,6,6,6,6,6,6,6,6,1,1,6,6,6,6,5,5,5,5,5,5,5,5,3,3,3,3,3,3,3,3","0.00053095817565918","louvain","edit-xhwikibooks.graphml"
"0.56","0.28","0.16","0.43639868480861","1,2,1,1,1,1,1,3,1,1,1,1,3,3,3,1,1,1,4,1,5,2,3,3,3,3,3,1,2,1,1,4,1,1,4,4,3,3,5,5,5,5,2,2,2,2,5,2,2,2,5,5,5,5,5,2,2,2,2,5,6,5,5,3,3,5,5,5,5,5,2,5,3,3,5,5,5,5,5,5,5,3,1,1,1,7,5,5,5,5,8,9,10,5,5,5,1,5,5,5,5,5,5,5,5,5,5,1,1,5,5,5,5,4,4,4,4,4,4,4,4,3,3,3,3,3,3,3,3","0.000530004501342773","louvain","edit-xhwikibooks.graphml"
"0.55","0.29","0.16","0.417116955265958","1,2,1,1,1,1,1,3,1,1,1,1,3,3,3,1,1,1,4,1,5,2,3,3,3,3,3,1,2,1,1,4,1,1,4,4,3,3,5,5,5,5,2,2,2,2,5,2,2,2,5,5,5,5,5,2,2,2,2,5,6,5,5,3,3,5,5,5,5,5,2,5,3,3,5,5,5,5,5,5,5,3,1,1,1,7,5,5,5,5,8,9,10,5,5,5,1,5,5,5,5,5,5,5,5,5,5,1,1,5,5,5,5,4,4,4,4,4,4,4,4,3,3,3,3,3,3,3,3","0.000566959381103516","louvain","edit-xhwikibooks.graphml"
"0.54","0.3","0.16","0.416510338323219","1,2,1,1,1,1,1,3,1,1,1,1,3,3,3,1,1,1,4,1,5,2,3,3,3,3,3,1,2,1,1,4,1,1,4,4,3,3,5,5,5,5,2,2,2,2,5,2,2,2,5,5,5,5,5,2,2,2,2,5,6,5,5,3,3,5,5,5,5,5,2,5,3,3,5,5,5,5,5,5,5,3,1,1,1,7,5,5,5,5,8,9,10,5,5,5,1,5,5,5,5,5,5,5,5,5,5,1,1,5,5,5,5,4,4,4,4,4,4,4,4,3,3,3,3,3,3,3,3","0.000543832778930664","louvain","edit-xhwikibooks.graphml"
"0.53","0.31","0.16","0.41818244170096","1,2,1,3,1,3,1,3,3,3,1,1,3,3,3,4,3,1,5,1,6,2,3,3,3,3,3,4,2,3,1,5,1,1,5,5,3,3,6,6,6,6,2,2,2,2,6,2,2,2,6,6,6,6,6,2,2,2,2,6,7,6,6,3,3,6,6,6,6,6,2,6,3,3,6,6,6,6,6,6,6,3,4,4,4,8,6,6,6,6,9,10,11,6,6,6,4,6,6,6,6,6,6,6,6,6,6,1,1,6,6,6,6,5,5,5,5,5,5,5,5,3,3,3,3,3,3,3,3","0.00055384635925293","louvain","edit-xhwikibooks.graphml"
"0.52","0.32","0.16","0.417751750199022","1,2,1,1,1,1,1,3,1,1,1,1,3,3,3,1,1,1,4,1,5,2,3,3,3,3,3,1,2,1,1,4,1,1,4,4,3,3,5,5,5,5,2,2,2,2,5,2,2,2,5,5,5,5,5,2,2,2,2,5,6,5,5,3,3,5,5,5,5,5,2,5,3,3,5,5,5,5,5,5,5,3,1,1,1,7,5,5,5,5,8,9,10,5,5,5,1,5,5,5,5,5,5,5,5,5,5,1,1,5,5,5,5,4,4,4,4,4,4,4,4,3,3,3,3,3,3,3,3","0.00056004524230957","louvain","edit-xhwikibooks.graphml"
"0.51","0.33","0.16","0.401525388262916","1,2,1,3,1,3,1,3,3,3,1,1,3,3,3,3,4,1,5,1,6,2,3,3,3,3,3,3,2,7,8,5,1,1,5,5,3,3,6,6,6,6,2,2,2,2,6,2,2,2,6,6,6,6,6,2,2,2,2,6,9,6,6,10,11,6,6,6,6,6,2,6,3,3,6,6,6,6,6,6,6,12,3,3,3,13,6,6,6,6,14,15,16,6,6,6,17,6,6,6,6,6,6,6,6,6,6,18,19,6,6,6,6,5,5,5,5,5,5,5,5,3,3,3,3,3,3,3,3","0.000588893890380859","louvain","edit-xhwikibooks.graphml"
"0.5","0.34","0.16","0.427224637389473","1,2,1,1,1,3,1,3,3,3,1,1,3,3,3,3,4,1,5,1,6,2,3,3,3,3,3,3,2,7,8,5,1,1,5,5,3,3,6,6,6,6,2,2,2,2,6,2,2,2,6,6,6,6,6,2,2,2,2,6,9,6,6,10,11,6,6,6,6,6,2,6,3,3,6,6,6,6,6,6,6,12,3,3,3,13,6,6,6,6,14,15,16,6,6,6,17,6,6,6,6,6,6,6,6,6,6,18,19,6,6,6,6,5,5,5,5,5,5,5,5,3,3,3,3,3,3,3,3","0.00061798095703125","louvain","edit-xhwikibooks.graphml"
"0.49","0.35","0.16","0.427300111366045","1,2,1,3,1,3,1,3,3,3,1,1,3,3,3,4,5,1,6,1,7,2,3,3,3,3,3,4,2,8,9,6,1,1,6,6,3,3,7,7,7,7,2,2,2,2,7,2,2,2,7,7,7,7,7,2,2,2,2,7,10,7,7,11,12,7,7,7,7,7,2,7,3,3,7,7,7,7,7,7,7,13,4,4,4,14,7,7,7,7,15,16,17,7,7,7,18,7,7,7,7,7,7,7,7,7,7,19,20,7,7,7,7,6,6,6,6,6,6,6,6,3,3,3,3,3,3,3,3","0.000577926635742188","louvain","edit-xhwikibooks.graphml"
"0.48","0.36","0.16","0.426619854349301","1,2,1,1,1,3,1,3,3,3,1,1,3,3,3,3,4,1,5,1,6,2,3,3,3,3,3,3,2,7,8,5,1,1,5,5,3,3,6,6,6,6,2,2,2,2,6,2,2,2,6,6,6,6,6,2,2,2,2,6,9,6,6,10,11,6,6,6,6,6,2,6,3,3,6,6,6,6,6,6,6,12,3,3,3,13,6,6,6,6,14,15,16,6,6,6,17,6,6,6,6,6,6,6,6,6,6,18,19,6,6,6,6,5,5,5,5,5,5,5,5,3,3,3,3,3,3,3,3","0.000540018081665039","louvain","edit-xhwikibooks.graphml"
"0.47","0.37","0.16","0.428407547019021","1,2,1,1,1,3,1,3,3,3,1,1,3,3,3,3,4,1,5,1,6,2,3,3,3,3,3,3,2,7,8,5,1,1,5,5,3,3,6,6,6,6,2,2,2,2,6,2,2,2,6,6,6,6,6,2,2,2,2,6,9,6,6,10,11,6,6,6,6,6,2,6,3,3,6,6,6,6,6,6,6,12,3,3,3,13,6,6,6,6,14,15,16,6,6,6,17,6,6,6,6,6,6,6,6,6,6,18,19,6,6,6,6,5,5,5,5,5,5,5,5,3,3,3,3,3,3,3,3","0.000539064407348633","louvain","edit-xhwikibooks.graphml"
"0.46","0.38","0.16","0.427868520675114","1,2,1,3,1,3,1,3,3,3,1,1,3,3,3,4,5,1,6,1,7,2,3,3,3,3,3,4,2,8,9,6,1,1,6,6,3,3,7,7,7,7,2,2,2,2,7,2,2,2,7,7,7,7,7,2,2,2,2,7,10,7,7,11,12,7,7,7,7,7,2,7,3,3,7,7,7,7,7,7,7,13,4,4,4,14,7,7,7,7,15,16,17,7,7,7,18,7,7,7,7,7,7,7,7,7,7,19,20,7,7,7,7,6,6,6,6,6,6,6,6,3,3,3,3,3,3,3,3","0.000517129898071289","louvain","edit-xhwikibooks.graphml"
"0.45","0.39","0.16","0.429636363636364","1,2,1,3,1,3,1,3,3,3,1,1,3,3,3,4,5,1,6,1,7,2,3,3,3,3,3,4,2,8,9,6,1,1,6,6,3,3,7,7,7,7,2,2,2,2,7,2,2,2,7,7,7,7,7,2,2,2,2,7,10,7,7,11,12,7,7,7,7,7,2,7,3,3,7,7,7,7,7,7,7,13,4,4,4,14,7,7,7,7,15,16,17,7,7,7,18,7,7,7,7,7,7,7,7,7,7,19,20,7,7,7,7,6,6,6,6,6,6,6,6,3,3,3,3,3,3,3,3","0.000555038452148438","louvain","edit-xhwikibooks.graphml"
"0.44","0.4","0.16","0.43260989702723","1,2,1,1,1,3,1,3,3,3,1,1,3,3,3,4,5,1,6,1,7,2,3,3,3,3,3,4,2,8,9,6,1,1,6,6,3,3,7,7,7,7,2,2,2,2,7,2,2,2,7,7,7,7,7,2,2,2,2,7,10,7,7,11,12,7,7,7,7,7,2,7,3,3,7,7,7,7,7,7,7,13,4,4,4,14,7,7,7,7,15,16,17,7,7,7,18,7,7,7,7,7,7,7,7,7,7,19,20,7,7,7,7,6,6,6,6,6,6,6,6,3,3,3,3,3,3,3,3","0.00050806999206543","louvain","edit-xhwikibooks.graphml"
"0.43","0.41","0.16","0.43260989702723","1,2,1,1,1,3,1,3,3,3,1,1,3,3,3,4,5,1,6,1,7,2,3,3,3,3,3,4,2,8,9,6,1,1,6,6,3,3,7,7,7,7,2,2,2,2,7,2,2,2,7,7,7,7,7,2,2,2,2,7,10,7,7,11,12,7,7,7,7,7,2,7,3,3,7,7,7,7,7,7,7,13,4,4,4,14,7,7,7,7,15,16,17,7,7,7,18,7,7,7,7,7,7,7,7,7,7,19,20,7,7,7,7,6,6,6,6,6,6,6,6,3,3,3,3,3,3,3,3","0.000506877899169922","louvain","edit-xhwikibooks.graphml"
"0.42","0.42","0.16","0.432004196587991","1,2,1,1,1,3,1,3,3,3,1,1,3,3,3,4,5,1,6,1,7,2,3,3,3,3,3,4,2,8,9,6,1,1,6,6,3,3,7,7,7,7,2,2,2,2,7,2,2,2,7,7,7,7,7,2,2,2,2,7,10,7,7,11,12,7,7,7,7,7,2,7,3,3,7,7,7,7,7,7,7,13,4,4,4,14,7,7,7,7,15,16,17,7,7,7,18,7,7,7,7,7,7,7,7,7,7,19,20,7,7,7,7,6,6,6,6,6,6,6,6,3,3,3,3,3,3,3,3","0.000509023666381836","louvain","edit-xhwikibooks.graphml"
"0.41","0.43","0.16","0.435403835205217","1,2,1,1,1,3,1,3,3,3,1,1,3,3,3,4,5,1,6,1,7,2,3,3,3,3,3,4,2,8,9,6,1,1,6,6,3,3,7,7,7,7,2,2,2,2,7,2,2,2,7,7,7,7,7,2,2,2,2,7,10,7,7,11,12,7,7,7,7,7,2,7,3,3,7,7,7,7,7,7,7,13,4,4,4,14,7,7,7,7,15,16,17,7,7,7,18,7,7,7,7,7,7,7,7,7,7,19,20,7,7,7,7,6,6,6,6,6,6,6,6,3,3,3,3,3,3,3,3","0.000750064849853516","louvain","edit-xhwikibooks.graphml"
"0.4","0.44","0.16","0.434436533236207","1,2,1,1,1,3,1,3,3,3,1,1,3,3,3,3,4,1,5,1,6,2,3,3,3,3,3,3,2,7,8,5,1,1,5,5,3,3,6,6,6,6,2,2,2,2,6,2,2,2,6,6,6,6,6,2,2,2,2,6,9,6,6,10,11,6,6,6,6,6,2,6,3,3,6,6,6,6,6,6,6,12,3,3,3,13,6,6,6,6,14,15,16,6,6,6,17,6,6,6,6,6,6,6,6,6,6,18,19,6,6,6,6,5,5,5,5,5,5,5,5,3,3,3,3,3,3,3,3","0.000530004501342773","louvain","edit-xhwikibooks.graphml"
"0.39","0.45","0.16","0.436518030343906","1,2,1,1,1,3,1,3,3,3,1,1,3,3,3,4,5,1,6,1,7,2,3,3,3,3,3,4,2,8,9,6,1,1,6,6,3,3,7,7,7,7,2,2,2,2,7,2,2,2,7,7,7,7,7,2,2,2,2,7,10,7,7,11,12,7,7,7,7,7,2,7,3,3,7,7,7,7,7,7,7,13,4,4,4,14,7,7,7,7,15,16,17,7,7,7,18,7,7,7,7,7,7,7,7,7,7,19,20,7,7,7,7,6,6,6,6,6,6,6,6,3,3,3,3,3,3,3,3","0.000503063201904297","louvain","edit-xhwikibooks.graphml"
"0.38","0.46","0.16","0.435727292219367","1,2,1,1,1,3,1,3,3,3,1,1,3,3,3,3,4,1,5,1,6,2,3,3,3,3,3,3,2,7,8,5,1,1,5,5,9,3,6,6,6,6,2,2,2,2,6,2,2,2,6,6,6,6,6,2,2,2,2,6,10,6,6,11,12,6,6,6,6,6,2,6,3,3,6,6,6,6,6,6,6,13,3,3,3,14,6,6,6,6,15,16,17,6,6,6,18,6,6,6,6,6,6,6,6,6,6,19,20,6,6,6,6,5,5,5,5,5,5,5,5,9,9,9,9,9,9,9,9","0.000519990921020508","louvain","edit-xhwikibooks.graphml"
"0.37","0.47","0.16","0.437621173469388","1,2,1,1,1,3,1,3,3,3,1,1,3,3,3,4,5,1,6,1,7,2,3,3,3,3,3,4,2,8,9,6,1,1,6,6,3,3,7,7,7,7,2,2,2,2,7,2,2,2,7,7,7,7,7,2,2,2,2,7,10,7,7,11,12,7,7,7,7,7,2,7,3,3,7,7,7,7,7,7,7,13,4,4,4,14,7,7,7,7,15,16,17,7,7,7,18,7,7,7,7,7,7,7,7,7,7,19,20,7,7,7,7,6,6,6,6,6,6,6,6,3,3,3,3,3,3,3,3","0.000522136688232422","louvain","edit-xhwikibooks.graphml"
"0.36","0.48","0.16","0.437018819843608","1,2,1,1,1,3,1,3,3,3,1,1,3,3,3,4,5,1,6,1,7,2,3,3,3,3,3,4,2,8,9,6,1,1,6,6,3,3,7,7,7,7,2,2,2,2,7,2,2,2,7,7,7,7,7,2,2,2,2,7,10,7,7,11,12,7,7,7,7,7,2,7,3,3,7,7,7,7,7,7,7,13,4,4,4,14,7,7,7,7,15,16,17,7,7,7,18,7,7,7,7,7,7,7,7,7,7,19,20,7,7,7,7,6,6,6,6,6,6,6,6,3,3,3,3,3,3,3,3","0.000531911849975586","louvain","edit-xhwikibooks.graphml"
"0.35","0.49","0.16","0.414755237977467","1,1,1,2,3,2,4,2,2,2,4,5,2,2,2,2,6,7,4,8,9,1,10,2,2,2,2,2,1,11,12,13,8,14,4,4,2,2,9,9,9,9,1,1,1,1,9,1,1,1,9,9,9,9,9,1,1,1,1,9,15,9,9,16,17,9,9,9,9,9,1,9,18,19,9,9,9,9,9,9,9,20,21,22,23,24,9,9,9,9,25,26,27,9,9,9,28,9,9,9,9,9,9,9,9,9,9,29,30,9,9,9,9,4,4,4,4,4,4,4,4,2,2,2,2,2,2,2,2","0.000494956970214844","louvain","edit-xhwikibooks.graphml"
"0.34","0.5","0.16","0.484190958272462","1,1,1,2,3,2,4,5,2,2,4,6,5,5,5,2,7,8,4,9,10,1,11,5,5,5,5,2,1,12,13,14,9,15,4,4,5,5,10,10,10,10,1,1,1,1,10,1,1,1,10,10,10,10,10,1,1,1,1,10,16,10,10,17,18,10,10,10,10,10,1,10,19,20,10,10,10,10,10,10,10,21,22,23,24,25,10,10,10,10,26,27,28,10,10,10,29,10,10,10,10,10,10,10,10,10,10,30,31,10,10,10,10,4,4,4,4,4,4,4,4,5,5,5,5,5,5,5,5","0.000514984130859375","louvain","edit-xhwikibooks.graphml"
"0.33","0.51","0.16","0.484190958272462","1,1,1,2,3,2,4,5,2,2,4,6,5,5,5,2,7,8,4,9,10,1,11,5,5,5,5,2,1,12,13,14,9,15,4,4,5,5,10,10,10,10,1,1,1,1,10,1,1,1,10,10,10,10,10,1,1,1,1,10,16,10,10,17,18,10,10,10,10,10,1,10,19,20,10,10,10,10,10,10,10,21,22,23,24,25,10,10,10,10,26,27,28,10,10,10,29,10,10,10,10,10,10,10,10,10,10,30,31,10,10,10,10,4,4,4,4,4,4,4,4,5,5,5,5,5,5,5,5","0.000519037246704102","louvain","edit-xhwikibooks.graphml"
"0.32","0.52","0.16","0.484190958272462","1,1,1,2,3,2,4,5,2,2,4,6,5,5,5,2,7,8,4,9,10,1,11,5,5,5,5,2,1,12,13,14,9,15,4,4,5,5,10,10,10,10,1,1,1,1,10,1,1,1,10,10,10,10,10,1,1,1,1,10,16,10,10,17,18,10,10,10,10,10,1,10,19,20,10,10,10,10,10,10,10,21,22,23,24,25,10,10,10,10,26,27,28,10,10,10,29,10,10,10,10,10,10,10,10,10,10,30,31,10,10,10,10,4,4,4,4,4,4,4,4,5,5,5,5,5,5,5,5","0.000516891479492188","louvain","edit-xhwikibooks.graphml"
"0.31","0.53","0.16","0.512840522845235","1,1,1,2,3,2,4,5,2,2,4,6,5,5,5,2,7,8,4,9,10,1,11,5,5,5,5,2,1,12,13,14,9,15,4,4,5,5,10,10,10,10,1,1,1,1,10,1,1,1,10,10,10,10,10,1,1,1,1,10,16,10,10,17,18,10,10,10,10,10,1,10,19,20,10,10,10,10,10,10,10,21,22,23,24,25,10,10,10,10,26,27,28,10,10,10,29,10,10,10,10,10,10,10,10,10,10,30,31,10,10,10,10,4,4,4,4,4,4,4,4,5,5,5,5,5,5,5,5","0.000592947006225586","louvain","edit-xhwikibooks.graphml"
"0.3","0.54","0.16","0.514260549310033","1,1,1,2,3,2,4,5,2,2,4,6,5,5,5,2,7,8,4,9,10,1,11,5,5,5,5,2,1,12,13,14,9,15,4,4,5,5,10,10,10,10,1,1,1,1,10,1,1,1,10,10,10,10,10,1,1,1,1,10,16,10,10,17,18,10,10,10,10,10,1,10,19,20,10,10,10,10,10,10,10,21,22,23,24,25,10,10,10,10,26,27,28,10,10,10,29,10,10,10,10,10,10,10,10,10,10,30,31,10,10,10,10,4,4,4,4,4,4,4,4,5,5,5,5,5,5,5,5","0.000497102737426758","louvain","edit-xhwikibooks.graphml"
"0.29","0.55","0.16","0.513593186485778","1,1,1,2,3,2,4,5,2,2,4,6,5,5,5,2,7,8,4,9,10,1,11,5,5,5,5,2,1,12,13,14,9,15,4,4,5,5,10,10,10,10,1,1,1,1,10,1,1,1,10,10,10,10,10,1,1,1,1,10,16,10,10,17,18,10,10,10,10,10,1,10,19,20,10,10,10,10,10,10,10,21,22,23,24,25,10,10,10,10,26,27,28,10,10,10,29,10,10,10,10,10,10,10,10,10,10,30,31,10,10,10,10,4,4,4,4,4,4,4,4,5,5,5,5,5,5,5,5","0.000500917434692383","louvain","edit-xhwikibooks.graphml"
"0.28","0.56","0.16","0.516271356154953","1,1,1,2,3,2,4,5,2,2,4,6,5,5,5,2,7,8,4,9,10,1,11,5,5,5,5,2,1,12,13,14,9,15,4,4,5,5,10,10,10,10,1,1,1,1,10,1,1,1,10,10,10,10,10,1,1,1,1,10,16,10,10,17,18,10,10,10,10,10,1,10,19,20,10,10,10,10,10,10,10,21,22,23,24,25,10,10,10,10,26,27,28,10,10,10,29,10,10,10,10,10,10,10,10,10,10,30,31,10,10,10,10,4,4,4,4,4,4,4,4,5,5,5,5,5,5,5,5","0.000503063201904297","louvain","edit-xhwikibooks.graphml"
"0.27","0.57","0.16","0.515606949695442","1,1,1,2,3,2,4,5,2,2,4,6,5,5,5,2,7,8,4,9,10,1,11,5,5,5,5,2,1,12,13,14,9,15,4,4,5,5,10,10,10,10,1,1,1,1,10,1,1,1,10,10,10,10,10,1,1,1,1,10,16,10,10,17,18,10,10,10,10,10,1,10,19,20,10,10,10,10,10,10,10,21,22,23,24,25,10,10,10,10,26,27,28,10,10,10,29,10,10,10,10,10,10,10,10,10,10,30,31,10,10,10,10,4,4,4,4,4,4,4,4,5,5,5,5,5,5,5,5","0.000504970550537109","louvain","edit-xhwikibooks.graphml"
"0.26","0.58","0.16","0.518247663855909","1,1,1,2,3,2,4,5,2,2,4,6,5,5,5,2,7,8,4,9,10,1,11,5,5,5,5,2,1,12,13,14,9,15,4,4,5,5,10,10,10,10,1,1,1,1,10,1,1,1,10,10,10,10,10,1,1,1,1,10,16,10,10,17,18,10,10,10,10,10,1,10,19,20,10,10,10,10,10,10,10,21,22,23,24,25,10,10,10,10,26,27,28,10,10,10,29,10,10,10,10,10,10,10,10,10,10,30,31,10,10,10,10,4,4,4,4,4,4,4,4,5,5,5,5,5,5,5,5","0.000505208969116211","louvain","edit-xhwikibooks.graphml"
"0.25","0.59","0.16","0.517586234883532","1,1,1,2,3,2,4,5,2,2,4,6,5,5,5,2,7,8,4,9,10,1,11,5,5,5,5,2,1,12,13,14,9,15,4,4,5,5,10,10,10,10,1,1,1,1,10,1,1,1,10,10,10,10,10,1,1,1,1,10,16,10,10,17,18,10,10,10,10,10,1,10,19,20,10,10,10,10,10,10,10,21,22,23,24,25,10,10,10,10,26,27,28,10,10,10,29,10,10,10,10,10,10,10,10,10,10,30,31,10,10,10,10,4,4,4,4,4,4,4,4,5,5,5,5,5,5,5,5","0.000523090362548828","louvain","edit-xhwikibooks.graphml"
"0.24","0.6","0.16","0.520531895348575","1,1,1,2,3,2,4,5,2,2,4,6,5,5,5,2,7,8,4,9,10,1,11,5,5,5,5,2,1,12,13,14,9,15,4,4,5,5,10,10,10,10,1,1,1,1,10,1,1,1,10,10,10,10,10,1,1,1,1,10,16,10,10,17,18,10,10,10,10,10,1,10,19,20,10,10,10,10,10,10,10,21,22,23,24,25,10,10,10,10,26,27,28,10,10,10,29,10,10,10,10,10,10,10,10,10,10,30,31,10,10,10,10,4,4,4,4,4,4,4,4,5,5,5,5,5,5,5,5","0.000518798828125","louvain","edit-xhwikibooks.graphml"
"0.23","0.61","0.16","0.516253550848145","1,1,1,2,3,2,4,5,2,2,4,6,5,5,5,2,7,8,4,9,10,1,11,5,5,5,5,2,1,12,13,14,9,15,16,16,5,5,10,10,10,10,1,1,1,1,10,1,1,1,10,10,10,10,10,1,1,1,1,10,17,10,10,18,19,10,10,10,10,10,1,10,20,21,10,10,10,10,10,10,10,22,23,24,25,26,10,10,10,10,27,28,29,10,10,10,30,10,10,10,10,10,10,10,10,10,10,31,32,10,10,10,10,16,16,16,16,16,16,16,16,5,5,5,5,5,5,5,5","0.000541925430297852","louvain","edit-xhwikibooks.graphml"
"0.22","0.62","0.16","0.519005701871722","1,1,1,2,3,2,4,5,2,2,4,6,5,5,5,2,7,8,4,9,10,1,11,5,5,5,5,2,1,12,13,14,9,15,16,16,5,5,10,10,10,10,1,1,1,1,10,1,1,1,10,10,10,10,10,1,1,1,1,10,17,10,10,18,19,10,10,10,10,10,1,10,20,21,10,10,10,10,10,10,10,22,23,24,25,26,10,10,10,10,27,28,29,10,10,10,30,10,10,10,10,10,10,10,10,10,10,31,32,10,10,10,10,16,16,16,16,16,16,16,16,5,5,5,5,5,5,5,5","0.000679969787597656","louvain","edit-xhwikibooks.graphml"
"0.21","0.63","0.16","0.518341876389049","1,1,1,2,3,2,4,5,2,2,4,6,5,5,5,2,7,8,4,9,10,1,11,5,5,5,5,2,1,12,13,14,9,15,16,16,5,5,10,10,10,10,1,1,1,1,10,1,1,1,10,10,10,10,10,1,1,1,1,10,17,10,10,18,19,10,10,10,10,10,1,10,20,21,10,10,10,10,10,10,10,22,23,24,25,26,10,10,10,10,27,28,29,10,10,10,30,10,10,10,10,10,10,10,10,10,10,31,32,10,10,10,10,16,16,16,16,16,16,16,16,5,5,5,5,5,5,5,5","0.000780820846557617","louvain","edit-xhwikibooks.graphml"
"0.2","0.64","0.16","0.518341876389049","1,1,1,2,3,2,4,5,2,2,4,6,5,5,5,2,7,8,4,9,10,1,11,5,5,5,5,2,1,12,13,14,9,15,16,16,5,5,10,10,10,10,1,1,1,1,10,1,1,1,10,10,10,10,10,1,1,1,1,10,17,10,10,18,19,10,10,10,10,10,1,10,20,21,10,10,10,10,10,10,10,22,23,24,25,26,10,10,10,10,27,28,29,10,10,10,30,10,10,10,10,10,10,10,10,10,10,31,32,10,10,10,10,16,16,16,16,16,16,16,16,5,5,5,5,5,5,5,5","0.00055694580078125","louvain","edit-xhwikibooks.graphml"
"0.19","0.65","0.16","0.513914587754257","1,1,1,2,3,2,4,5,2,2,6,7,5,5,5,2,8,9,10,11,12,1,13,5,5,5,5,2,1,14,15,16,17,18,10,10,5,5,12,12,12,12,1,1,1,1,12,1,1,1,12,12,12,12,12,1,1,1,1,12,19,12,12,20,21,12,12,12,12,12,1,12,22,23,12,12,12,12,12,12,12,24,25,26,27,28,12,12,12,12,29,30,31,12,12,12,32,12,12,12,12,12,12,12,12,12,12,33,34,12,12,12,12,10,10,10,10,10,10,10,10,5,5,5,5,5,5,5,5","0.00053715705871582","louvain","edit-xhwikibooks.graphml"
"0.18","0.66","0.16","0.513914587754257","1,1,1,2,3,2,4,5,2,2,6,7,5,5,5,2,8,9,10,11,12,1,13,5,5,5,5,2,1,14,15,16,17,18,10,10,5,5,12,12,12,12,1,1,1,1,12,1,1,1,12,12,12,12,12,1,1,1,1,12,19,12,12,20,21,12,12,12,12,12,1,12,22,23,12,12,12,12,12,12,12,24,25,26,27,28,12,12,12,12,29,30,31,12,12,12,32,12,12,12,12,12,12,12,12,12,12,33,34,12,12,12,12,10,10,10,10,10,10,10,10,5,5,5,5,5,5,5,5","0.000512123107910156","louvain","edit-xhwikibooks.graphml"
"0.17","0.67","0.16","0.533317895602087","1,1,1,2,3,2,4,5,2,2,6,7,5,5,5,2,8,9,10,11,12,1,13,5,5,5,5,2,1,14,15,16,17,18,10,10,19,5,12,12,12,12,1,1,1,1,12,1,1,1,12,12,12,12,12,1,1,1,1,12,20,12,12,21,22,12,12,12,12,12,1,12,23,24,12,12,12,12,12,12,12,25,26,27,28,29,12,12,12,12,30,31,32,12,12,12,33,12,12,12,12,12,12,12,12,12,12,34,35,12,12,12,12,10,10,10,10,10,10,10,10,19,19,19,19,19,19,19,19","0.000525951385498047","louvain","edit-xhwikibooks.graphml"
"0.16","0.68","0.16","0.534596740671915","1,2,1,3,4,3,5,6,3,3,7,8,6,6,6,3,9,10,11,12,13,2,14,6,6,6,6,3,2,15,16,17,18,19,11,11,20,6,13,13,13,13,2,2,2,2,13,2,2,2,13,13,13,13,13,2,2,2,2,13,21,13,13,22,23,13,13,13,13,13,2,13,24,25,13,13,13,13,13,13,13,26,27,28,29,30,13,13,13,13,31,32,33,13,13,13,34,13,13,13,13,13,13,13,13,13,13,35,36,13,13,13,13,11,11,11,11,11,11,11,11,20,20,20,20,20,20,20,20","0.000522136688232422","louvain","edit-xhwikibooks.graphml"
"0.15","0.69","0.16","0.534630360897843","1,1,1,2,3,2,4,5,2,2,6,7,5,5,5,2,8,9,10,11,12,13,14,5,5,5,5,2,1,15,16,17,18,19,10,10,20,5,12,12,12,12,13,13,13,13,12,13,13,13,12,12,12,12,12,13,13,13,13,12,21,12,12,22,23,12,12,12,12,12,13,12,24,25,12,12,12,12,12,12,12,26,27,28,29,30,12,12,12,12,31,32,33,12,12,12,34,12,12,12,12,12,12,12,12,12,12,35,36,12,12,12,12,10,10,10,10,10,10,10,10,20,20,20,20,20,20,20,20","0.000552892684936523","louvain","edit-xhwikibooks.graphml"
"0.14","0.7","0.16","0.535899966192447","1,2,1,3,4,3,5,6,3,3,7,8,6,6,6,3,9,10,11,12,13,2,14,6,6,6,6,3,2,15,16,17,18,19,11,11,20,6,13,13,13,13,2,2,2,2,13,2,2,2,13,13,13,13,13,2,2,2,2,13,21,13,13,22,23,13,13,13,13,13,2,13,24,25,13,13,13,13,13,13,13,26,27,28,29,30,13,13,13,13,31,32,33,13,13,13,34,13,13,13,13,13,13,13,13,13,13,35,36,13,13,13,13,11,11,11,11,11,11,11,11,20,20,20,20,20,20,20,20","0.000927925109863281","louvain","edit-xhwikibooks.graphml"
"0.13","0.71","0.16","0.535236253930484","1,2,1,3,4,3,5,6,3,3,7,8,6,6,6,3,9,10,11,12,13,2,14,6,6,6,6,3,2,15,16,17,18,19,11,11,20,6,13,13,13,13,2,2,2,2,13,2,2,2,13,13,13,13,13,2,2,2,2,13,21,13,13,22,23,13,13,13,13,13,2,13,24,25,13,13,13,13,13,13,13,26,27,28,29,30,13,13,13,13,31,32,33,13,13,13,34,13,13,13,13,13,13,13,13,13,13,35,36,13,13,13,13,11,11,11,11,11,11,11,11,20,20,20,20,20,20,20,20","0.000883817672729492","louvain","edit-xhwikibooks.graphml"
"0.12","0.72","0.16","0.537342966338735","1,2,1,3,4,3,5,6,3,3,7,8,6,6,6,3,9,10,11,12,13,2,14,6,6,6,6,3,2,15,16,17,18,19,11,11,6,6,13,13,13,13,2,2,2,2,13,2,2,2,13,13,13,13,13,2,2,2,2,13,20,13,13,21,22,13,13,13,13,13,2,13,23,24,13,13,13,13,13,13,13,25,26,27,28,29,13,13,13,13,30,31,32,13,13,13,33,13,13,13,13,13,13,13,13,13,13,34,35,13,13,13,13,11,11,11,11,11,11,11,11,6,6,6,6,6,6,6,6","0.000802993774414062","louvain","edit-xhwikibooks.graphml"
"0.11","0.73","0.16","0.537052945222555","1,2,1,3,4,3,5,6,3,3,7,8,6,6,6,3,9,10,11,12,13,2,14,6,6,6,6,3,2,15,16,17,18,19,11,11,20,6,13,13,13,13,2,2,2,2,13,2,2,2,13,13,13,13,13,2,2,2,2,13,21,13,13,22,23,13,13,13,13,13,2,13,24,25,13,13,13,13,13,13,13,26,27,28,29,30,13,13,13,13,31,32,33,13,13,13,34,13,13,13,13,13,13,13,13,13,13,35,36,13,13,13,13,11,11,11,11,11,11,11,11,20,20,20,20,20,20,20,20","0.000819921493530273","louvain","edit-xhwikibooks.graphml"
"0.1","0.74","0.16","0.537052945222555","1,2,1,3,4,3,5,6,3,3,7,8,6,6,6,3,9,10,11,12,13,2,14,6,6,6,6,3,2,15,16,17,18,19,11,11,20,6,13,13,13,13,2,2,2,2,13,2,2,2,13,13,13,13,13,2,2,2,2,13,21,13,13,22,23,13,13,13,13,13,2,13,24,25,13,13,13,13,13,13,13,26,27,28,29,30,13,13,13,13,31,32,33,13,13,13,34,13,13,13,13,13,13,13,13,13,13,35,36,13,13,13,13,11,11,11,11,11,11,11,11,20,20,20,20,20,20,20,20","0.000824928283691406","louvain","edit-xhwikibooks.graphml"
"0.09","0.75","0.16","0.540413436386312","1,2,1,3,4,3,5,6,3,3,7,8,6,6,6,3,9,10,11,12,13,2,14,6,6,6,6,3,2,15,16,17,18,19,11,11,20,6,13,13,13,13,2,2,2,2,13,2,2,2,13,13,13,13,13,2,2,2,2,13,21,13,13,22,23,13,13,13,13,13,2,13,24,25,13,13,13,13,13,13,13,26,27,28,29,30,13,13,13,13,31,32,33,13,13,13,34,13,13,13,13,13,13,13,13,13,13,35,36,13,13,13,13,11,11,11,11,11,11,11,11,20,20,20,20,20,20,20,20","0.00113081932067871","louvain","edit-xhwikibooks.graphml"
"0.08","0.76","0.16","0.540413436386312","1,2,1,3,4,3,5,6,3,3,7,8,6,6,6,3,9,10,11,12,13,2,14,6,6,6,6,3,2,15,16,17,18,19,11,11,20,6,13,13,13,13,2,2,2,2,13,2,2,2,13,13,13,13,13,2,2,2,2,13,21,13,13,22,23,13,13,13,13,13,2,13,24,25,13,13,13,13,13,13,13,26,27,28,29,30,13,13,13,13,31,32,33,13,13,13,34,13,13,13,13,13,13,13,13,13,13,35,36,13,13,13,13,11,11,11,11,11,11,11,11,20,20,20,20,20,20,20,20","0.000828027725219727","louvain","edit-xhwikibooks.graphml"
"0.07","0.77","0.16","0.541244494042347","1,2,1,3,4,3,5,6,3,3,7,8,6,6,6,3,9,10,11,12,13,2,14,6,6,6,6,3,2,15,16,17,18,19,11,11,6,6,13,13,13,13,2,2,2,2,13,2,2,2,13,13,13,13,13,2,2,2,2,13,20,13,13,21,22,13,13,13,13,13,2,13,23,24,13,13,13,13,13,13,13,25,26,27,28,29,13,13,13,13,30,31,32,13,13,13,33,13,13,13,13,13,13,13,13,13,13,34,35,13,13,13,13,11,11,11,11,11,11,11,11,6,6,6,6,6,6,6,6","0.000883102416992188","louvain","edit-xhwikibooks.graphml"
"0.06","0.78","0.16","0.543854189495215","1,1,1,2,3,2,4,5,2,2,6,7,5,5,5,2,8,9,10,11,12,13,14,5,5,5,5,2,1,15,16,17,18,19,10,10,20,5,12,12,12,12,13,13,13,13,12,13,13,13,12,12,12,12,12,13,13,13,13,12,21,12,12,22,23,12,12,12,12,12,13,12,24,25,12,12,12,12,12,12,12,26,27,28,29,30,12,12,12,12,31,32,33,12,12,12,34,12,12,12,12,12,12,12,12,12,12,35,36,12,12,12,12,10,10,10,10,10,10,10,10,20,20,20,20,20,20,20,20","0.000830173492431641","louvain","edit-xhwikibooks.graphml"
"0.05","0.79","0.16","0.543564906129009","1,2,1,3,4,3,5,6,3,3,7,8,6,6,6,3,9,10,11,12,13,2,14,6,6,6,6,3,2,15,16,17,18,19,11,11,20,6,13,13,13,13,2,2,2,2,13,2,2,2,13,13,13,13,13,2,2,2,2,13,21,13,13,22,23,13,13,13,13,13,2,13,24,25,13,13,13,13,13,13,13,26,27,28,29,30,13,13,13,13,31,32,33,13,13,13,34,13,13,13,13,13,13,13,13,13,13,35,36,13,13,13,13,11,11,11,11,11,11,11,11,20,20,20,20,20,20,20,20","0.000564098358154297","louvain","edit-xhwikibooks.graphml"
"0.04","0.8","0.16","0.545844613355546","1,1,1,2,3,2,4,5,2,2,6,7,5,5,5,2,8,9,10,11,12,13,14,5,5,5,5,2,1,15,16,17,18,19,10,10,20,5,12,12,12,12,13,13,13,13,12,13,13,13,12,12,12,12,12,13,13,13,13,12,21,12,12,22,23,12,12,12,12,12,13,12,24,25,12,12,12,12,12,12,12,26,27,28,29,30,12,12,12,12,31,32,33,12,12,12,34,12,12,12,12,12,12,12,12,12,12,35,36,12,12,12,12,10,10,10,10,10,10,10,10,20,20,20,20,20,20,20,20","0.000494003295898438","louvain","edit-xhwikibooks.graphml"
"0.03","0.81","0.16","0.539316670799825","1,2,1,3,4,5,6,7,7,8,9,10,7,7,7,5,11,12,13,14,15,2,16,7,7,7,7,17,18,19,20,21,22,23,13,13,24,7,15,15,15,15,2,2,2,2,15,2,2,2,15,15,15,15,15,2,2,2,2,15,25,15,15,26,27,15,15,15,15,15,2,15,28,29,15,15,15,15,15,15,15,30,31,32,33,34,15,15,15,15,35,36,37,15,15,15,38,15,15,15,15,15,15,15,15,15,15,39,40,15,15,15,15,13,13,13,13,13,13,13,13,24,24,24,24,24,24,24,24","0.000561952590942383","louvain","edit-xhwikibooks.graphml"
"0.02","0.82","0.16","0.538659680072024","1,2,1,3,4,5,6,7,7,8,9,10,7,7,7,5,11,12,13,14,15,2,16,7,7,7,7,17,18,19,20,21,22,23,13,13,24,7,15,15,15,15,2,2,2,2,15,2,2,2,15,15,15,15,15,2,2,2,2,15,25,15,15,26,27,15,15,15,15,15,2,15,28,29,15,15,15,15,15,15,15,30,31,32,33,34,15,15,15,15,35,36,37,15,15,15,38,15,15,15,15,15,15,15,15,15,15,39,40,15,15,15,15,13,13,13,13,13,13,13,13,24,24,24,24,24,24,24,24","0.000544071197509766","louvain","edit-xhwikibooks.graphml"
"0.01","0.83","0.16","0.538659680072024","1,2,1,3,4,5,6,7,7,8,9,10,7,7,7,5,11,12,13,14,15,2,16,7,7,7,7,17,18,19,20,21,22,23,13,13,24,7,15,15,15,15,2,2,2,2,15,2,2,2,15,15,15,15,15,2,2,2,2,15,25,15,15,26,27,15,15,15,15,15,2,15,28,29,15,15,15,15,15,15,15,30,31,32,33,34,15,15,15,15,35,36,37,15,15,15,38,15,15,15,15,15,15,15,15,15,15,39,40,15,15,15,15,13,13,13,13,13,13,13,13,24,24,24,24,24,24,24,24","0.00056910514831543","louvain","edit-xhwikibooks.graphml"
"0","0.84","0.16","0.542255409970781","1,1,1,1,1,2,3,4,4,5,6,7,4,4,4,2,8,9,10,11,12,1,13,4,4,4,4,14,1,15,16,17,18,19,10,10,20,4,12,12,12,12,1,1,1,1,12,1,1,1,12,12,12,12,12,1,1,1,1,12,21,12,12,22,23,12,12,12,12,12,1,12,24,25,12,12,12,12,12,12,12,26,27,28,29,30,12,12,12,12,31,32,33,12,12,12,34,12,12,12,12,12,12,12,12,12,12,35,36,12,12,12,12,10,10,10,10,10,10,10,10,20,20,20,20,20,20,20,20","0.000542163848876953","louvain","edit-xhwikibooks.graphml"
"0.83","0","0.17","0.475600137552884","1,1,2,2,2,3,2,3,3,3,2,2,3,3,3,3,3,2,4,2,5,1,3,3,3,3,3,3,1,3,2,4,2,2,4,4,3,3,5,5,5,5,1,1,1,1,5,1,1,1,5,5,5,5,5,1,1,1,1,5,3,5,5,3,3,5,5,5,5,5,1,5,3,3,5,5,5,5,5,5,5,3,3,3,3,1,5,5,5,5,3,2,4,5,5,5,3,5,5,5,5,5,5,5,5,5,5,2,2,5,5,5,5,4,4,4,4,4,4,4,4,3,3,3,3,3,3,3,3","0.000554084777832031","louvain","edit-xhwikibooks.graphml"
"0.82","0.01","0.17","0.475600137552884","1,1,2,2,2,3,2,3,3,3,2,2,3,3,3,3,3,2,4,2,5,1,3,3,3,3,3,3,1,3,2,4,2,2,4,4,3,3,5,5,5,5,1,1,1,1,5,1,1,1,5,5,5,5,5,1,1,1,1,5,3,5,5,3,3,5,5,5,5,5,1,5,3,3,5,5,5,5,5,5,5,3,3,3,3,1,5,5,5,5,3,2,4,5,5,5,3,5,5,5,5,5,5,5,5,5,5,2,2,5,5,5,5,4,4,4,4,4,4,4,4,3,3,3,3,3,3,3,3","0.000547885894775391","louvain","edit-xhwikibooks.graphml"
"0.81","0.02","0.17","0.475600137552884","1,1,2,2,2,3,2,3,3,3,2,2,3,3,3,3,3,2,4,2,5,1,3,3,3,3,3,3,1,3,2,4,2,2,4,4,3,3,5,5,5,5,1,1,1,1,5,1,1,1,5,5,5,5,5,1,1,1,1,5,3,5,5,3,3,5,5,5,5,5,1,5,3,3,5,5,5,5,5,5,5,3,3,3,3,1,5,5,5,5,3,2,4,5,5,5,3,5,5,5,5,5,5,5,5,5,5,2,2,5,5,5,5,4,4,4,4,4,4,4,4,3,3,3,3,3,3,3,3","0.00053095817565918","louvain","edit-xhwikibooks.graphml"
"0.8","0.03","0.17","0.471028307612139","1,1,2,2,2,3,2,3,3,3,2,2,3,3,3,4,3,2,5,2,6,1,3,3,3,3,3,4,1,3,2,5,2,2,5,5,3,3,6,6,6,6,1,1,1,1,6,1,1,1,6,6,6,6,6,1,1,1,1,6,3,6,6,3,3,6,6,6,6,6,1,6,3,3,6,6,6,6,6,6,6,3,4,4,4,1,6,6,6,6,3,2,5,6,6,6,4,6,6,6,6,6,6,6,6,6,6,2,2,6,6,6,6,5,5,5,5,5,5,5,5,3,3,3,3,3,3,3,3","0.000530004501342773","louvain","edit-xhwikibooks.graphml"
"0.79","0.04","0.17","0.471028307612139","1,1,2,2,2,3,2,3,3,3,2,2,3,3,3,4,3,2,5,2,6,1,3,3,3,3,3,4,1,3,2,5,2,2,5,5,3,3,6,6,6,6,1,1,1,1,6,1,1,1,6,6,6,6,6,1,1,1,1,6,3,6,6,3,3,6,6,6,6,6,1,6,3,3,6,6,6,6,6,6,6,3,4,4,4,1,6,6,6,6,3,2,5,6,6,6,4,6,6,6,6,6,6,6,6,6,6,2,2,6,6,6,6,5,5,5,5,5,5,5,5,3,3,3,3,3,3,3,3","0.000504970550537109","louvain","edit-xhwikibooks.graphml"
"0.78","0.05","0.17","0.441654880972973","1,1,2,2,2,3,2,3,3,3,2,2,3,3,3,4,3,2,5,2,6,1,3,3,3,3,3,4,1,3,2,5,2,2,5,5,3,3,6,6,6,6,1,1,1,1,6,1,1,1,6,6,6,6,6,1,1,1,1,6,3,6,6,3,3,6,6,6,6,6,1,6,3,3,6,6,6,6,6,6,6,3,4,4,4,1,6,6,6,6,3,2,5,6,6,6,4,6,6,6,6,6,6,6,6,6,6,2,2,6,6,6,6,5,5,5,5,5,5,5,5,3,3,3,3,3,3,3,3","0.00061488151550293","louvain","edit-xhwikibooks.graphml"
"0.77","0.06","0.17","0.441654880972973","1,1,2,2,2,3,2,3,3,3,2,2,3,3,3,4,3,2,5,2,6,1,3,3,3,3,3,4,1,3,2,5,2,2,5,5,3,3,6,6,6,6,1,1,1,1,6,1,1,1,6,6,6,6,6,1,1,1,1,6,3,6,6,3,3,6,6,6,6,6,1,6,3,3,6,6,6,6,6,6,6,3,4,4,4,1,6,6,6,6,3,2,5,6,6,6,4,6,6,6,6,6,6,6,6,6,6,2,2,6,6,6,6,5,5,5,5,5,5,5,5,3,3,3,3,3,3,3,3","0.000555992126464844","louvain","edit-xhwikibooks.graphml"
"0.76","0.07","0.17","0.441042995782872","1,1,2,2,2,3,2,3,3,3,2,2,3,3,3,4,3,2,5,2,6,1,3,3,3,3,3,4,1,3,2,5,2,2,5,5,3,3,6,6,6,6,1,1,1,1,6,1,1,1,6,6,6,6,6,1,1,1,1,6,3,6,6,3,3,6,6,6,6,6,1,6,3,3,6,6,6,6,6,6,6,3,4,4,4,1,6,6,6,6,3,2,5,6,6,6,4,6,6,6,6,6,6,6,6,6,6,2,2,6,6,6,6,5,5,5,5,5,5,5,5,3,3,3,3,3,3,3,3","0.000540018081665039","louvain","edit-xhwikibooks.graphml"
"0.75","0.08","0.17","0.442769127177847","1,1,2,2,2,3,2,3,3,3,2,2,3,3,3,4,3,2,5,2,6,1,3,3,3,3,3,4,1,3,2,5,2,2,5,5,3,3,6,6,6,6,1,1,1,1,6,1,1,1,6,6,6,6,6,1,1,1,1,6,3,6,6,3,3,6,6,6,6,6,1,6,3,3,6,6,6,6,6,6,6,3,4,4,4,1,6,6,6,6,3,2,5,6,6,6,4,6,6,6,6,6,6,6,6,6,6,2,2,6,6,6,6,5,5,5,5,5,5,5,5,3,3,3,3,3,3,3,3","0.000531196594238281","louvain","edit-xhwikibooks.graphml"
"0.74","0.09","0.17","0.442158421554026","1,1,2,2,2,3,2,3,3,3,2,2,3,3,3,4,3,2,5,2,6,1,3,3,3,3,3,4,1,3,2,5,2,2,5,5,3,3,6,6,6,6,1,1,1,1,6,1,1,1,6,6,6,6,6,1,1,1,1,6,3,6,6,3,3,6,6,6,6,6,1,6,3,3,6,6,6,6,6,6,6,3,4,4,4,1,6,6,6,6,3,2,5,6,6,6,4,6,6,6,6,6,6,6,6,6,6,2,2,6,6,6,6,5,5,5,5,5,5,5,5,3,3,3,3,3,3,3,3","0.000555038452148438","louvain","edit-xhwikibooks.graphml"
"0.73","0.1","0.17","0.442158421554026","1,1,2,2,2,3,2,3,3,3,2,2,3,3,3,4,3,2,5,2,6,1,3,3,3,3,3,4,1,3,2,5,2,2,5,5,3,3,6,6,6,6,1,1,1,1,6,1,1,1,6,6,6,6,6,1,1,1,1,6,3,6,6,3,3,6,6,6,6,6,1,6,3,3,6,6,6,6,6,6,6,3,4,4,4,1,6,6,6,6,3,2,5,6,6,6,4,6,6,6,6,6,6,6,6,6,6,2,2,6,6,6,6,5,5,5,5,5,5,5,5,3,3,3,3,3,3,3,3","0.000537872314453125","louvain","edit-xhwikibooks.graphml"
"0.72","0.11","0.17","0.44154921810507","1,1,2,2,2,3,2,3,3,3,2,2,3,3,3,4,3,2,5,2,6,1,3,3,3,3,3,4,1,3,2,5,2,2,5,5,3,3,6,6,6,6,1,1,1,1,6,1,1,1,6,6,6,6,6,1,1,1,1,6,3,6,6,3,3,6,6,6,6,6,1,6,3,3,6,6,6,6,6,6,6,3,4,4,4,1,6,6,6,6,3,2,5,6,6,6,4,6,6,6,6,6,6,6,6,6,6,2,2,6,6,6,6,5,5,5,5,5,5,5,5,3,3,3,3,3,3,3,3","0.000504016876220703","louvain","edit-xhwikibooks.graphml"
"0.71","0.12","0.17","0.444811065656717","1,1,2,2,2,3,2,3,3,3,2,2,3,3,3,4,3,2,5,2,6,1,3,3,3,3,3,4,1,3,2,5,2,2,5,5,3,3,6,6,6,6,1,1,1,1,6,1,1,1,6,6,6,6,6,1,1,1,1,6,3,6,6,3,3,6,6,6,6,6,1,6,3,3,6,6,6,6,6,6,6,3,4,4,4,1,6,6,6,6,3,2,5,6,6,6,4,6,6,6,6,6,6,6,6,6,6,2,2,6,6,6,6,5,5,5,5,5,5,5,5,3,3,3,3,3,3,3,3","0.00052189826965332","louvain","edit-xhwikibooks.graphml"
"0.7","0.13","0.17","0.444203305785124","1,1,2,2,2,3,2,3,3,3,2,2,3,3,3,4,3,2,5,2,6,1,3,3,3,3,3,4,1,3,2,5,2,2,5,5,3,3,6,6,6,6,1,1,1,1,6,1,1,1,6,6,6,6,6,1,1,1,1,6,3,6,6,3,3,6,6,6,6,6,1,6,3,3,6,6,6,6,6,6,6,3,4,4,4,1,6,6,6,6,3,2,5,6,6,6,4,6,6,6,6,6,6,6,6,6,6,2,2,6,6,6,6,5,5,5,5,5,5,5,5,3,3,3,3,3,3,3,3","0.000479936599731445","louvain","edit-xhwikibooks.graphml"
"0.69","0.14","0.17","0.444203305785124","1,1,2,2,2,3,2,3,3,3,2,2,3,3,3,4,3,2,5,2,6,1,3,3,3,3,3,4,1,3,2,5,2,2,5,5,3,3,6,6,6,6,1,1,1,1,6,1,1,1,6,6,6,6,6,1,1,1,1,6,3,6,6,3,3,6,6,6,6,6,1,6,3,3,6,6,6,6,6,6,6,3,4,4,4,1,6,6,6,6,3,2,5,6,6,6,4,6,6,6,6,6,6,6,6,6,6,2,2,6,6,6,6,5,5,5,5,5,5,5,5,3,3,3,3,3,3,3,3","0.000509023666381836","louvain","edit-xhwikibooks.graphml"
"0.68","0.15","0.17","0.446813206936356","1,1,2,2,2,3,2,3,3,3,2,2,3,3,3,4,3,2,5,2,6,1,3,3,3,3,3,4,1,3,2,5,2,2,5,5,3,3,6,6,6,6,1,1,1,1,6,1,1,1,6,6,6,6,6,1,1,1,1,6,3,6,6,3,3,6,6,6,6,6,1,6,3,3,6,6,6,6,6,6,6,3,4,4,4,1,6,6,6,6,3,2,5,6,6,6,4,6,6,6,6,6,6,6,6,6,6,2,2,6,6,6,6,5,5,5,5,5,5,5,5,3,3,3,3,3,3,3,3","0.000559806823730469","louvain","edit-xhwikibooks.graphml"
"0.67","0.16","0.17","0.45015015015015","1,1,2,2,2,3,2,3,3,3,2,2,3,3,3,4,3,2,5,2,6,1,3,3,3,3,3,4,1,3,2,5,2,2,5,5,3,3,6,6,6,6,1,1,1,1,6,1,1,1,6,6,6,6,6,1,1,1,1,6,3,6,6,3,3,6,6,6,6,6,1,6,3,3,6,6,6,6,6,6,6,3,4,4,4,1,6,6,6,6,3,2,5,6,6,6,4,6,6,6,6,6,6,6,6,6,6,2,2,6,6,6,6,5,5,5,5,5,5,5,5,3,3,3,3,3,3,3,3","0.000528097152709961","louvain","edit-xhwikibooks.graphml"
"0.66","0.17","0.17","0.453408391324388","1,1,2,2,2,3,2,3,3,3,2,2,3,3,3,4,3,2,5,2,6,1,3,3,3,3,3,4,1,3,2,5,2,2,5,5,3,3,6,6,6,6,1,1,1,1,6,1,1,1,6,6,6,6,6,1,1,1,1,6,3,6,6,3,3,6,6,6,6,6,1,6,3,3,6,6,6,6,6,6,6,3,4,4,4,1,6,6,6,6,3,2,5,6,6,6,4,6,6,6,6,6,6,6,6,6,6,2,2,6,6,6,6,5,5,5,5,5,5,5,5,3,3,3,3,3,3,3,3","0.000566005706787109","louvain","edit-xhwikibooks.graphml"
"0.65","0.18","0.17","0.445207480046209","1,1,2,2,2,3,2,3,3,3,2,2,3,3,3,4,3,2,5,2,6,1,3,3,3,3,3,4,1,3,2,5,2,2,5,5,3,3,6,6,6,6,1,1,1,1,6,1,1,1,6,6,6,6,6,1,1,1,1,6,7,6,6,3,3,6,6,6,6,6,1,6,3,3,6,6,6,6,6,6,6,3,4,4,4,8,6,6,6,6,9,10,11,6,6,6,4,6,6,6,6,6,6,6,6,6,6,2,2,6,6,6,6,5,5,5,5,5,5,5,5,3,3,3,3,3,3,3,3","0.000541925430297852","louvain","edit-xhwikibooks.graphml"
"0.64","0.19","0.17","0.444602676834233","1,1,2,2,2,3,2,3,3,3,2,2,3,3,3,4,3,2,5,2,6,1,3,3,3,3,3,4,1,3,2,5,2,2,5,5,3,3,6,6,6,6,1,1,1,1,6,1,1,1,6,6,6,6,6,1,1,1,1,6,7,6,6,3,3,6,6,6,6,6,1,6,3,3,6,6,6,6,6,6,6,3,4,4,4,8,6,6,6,6,9,10,11,6,6,6,4,6,6,6,6,6,6,6,6,6,6,2,2,6,6,6,6,5,5,5,5,5,5,5,5,3,3,3,3,3,3,3,3","0.000528097152709961","louvain","edit-xhwikibooks.graphml"
"0.63","0.2","0.17","0.441350654312733","1,1,1,1,1,2,3,2,2,2,3,4,2,2,2,5,2,3,3,4,6,1,2,2,2,2,2,5,1,2,3,3,4,4,3,3,2,2,6,6,6,6,1,1,1,1,6,1,1,1,6,6,6,6,6,1,1,1,1,6,7,6,6,2,2,6,6,6,6,6,1,6,2,2,6,6,6,6,6,6,6,2,5,5,5,8,6,6,6,6,9,10,11,6,6,6,5,6,6,6,6,6,6,6,6,6,6,4,4,6,6,6,6,3,3,3,3,3,3,3,3,2,2,2,2,2,2,2,2","0.000571966171264648","louvain","edit-xhwikibooks.graphml"
"0.62","0.21","0.17","0.443441832073094","1,1,2,2,2,2,2,3,2,2,2,2,3,3,3,2,2,2,4,2,5,1,3,3,3,3,3,2,1,2,2,4,2,2,4,4,3,3,5,5,5,5,1,1,1,1,5,1,1,1,5,5,5,5,5,1,1,1,1,5,6,5,5,3,3,5,5,5,5,5,1,5,3,3,5,5,5,5,5,5,5,3,2,2,2,7,5,5,5,5,8,9,10,5,5,5,2,5,5,5,5,5,5,5,5,5,5,2,2,5,5,5,5,4,4,4,4,4,4,4,4,3,3,3,3,3,3,3,3","0.000581979751586914","louvain","edit-xhwikibooks.graphml"
"0.61","0.22","0.17","0.440750695757194","1,1,1,1,1,2,3,2,2,2,3,4,2,2,2,5,2,3,3,4,6,1,2,2,2,2,2,5,1,2,3,3,4,4,3,3,2,2,6,6,6,6,1,1,1,1,6,1,1,1,6,6,6,6,6,1,1,1,1,6,7,6,6,2,2,6,6,6,6,6,1,6,2,2,6,6,6,6,6,6,6,2,5,5,5,8,6,6,6,6,9,10,11,6,6,6,5,6,6,6,6,6,6,6,6,6,6,4,4,6,6,6,6,3,3,3,3,3,3,3,3,2,2,2,2,2,2,2,2","0.000507116317749023","louvain","edit-xhwikibooks.graphml"
"0.6","0.23","0.17","0.445221978735492","1,1,2,2,2,3,2,3,3,3,2,2,3,3,3,4,3,2,5,2,6,1,3,3,3,3,3,4,1,3,2,5,2,2,5,5,3,3,6,6,6,6,1,1,1,1,6,1,1,1,6,6,6,6,6,1,1,1,1,6,7,6,6,3,3,6,6,6,6,6,1,6,3,3,6,6,6,6,6,6,6,3,4,4,4,8,6,6,6,6,9,10,11,6,6,6,4,6,6,6,6,6,6,6,6,6,6,2,2,6,6,6,6,5,5,5,5,5,5,5,5,3,3,3,3,3,3,3,3","0.000504016876220703","louvain","edit-xhwikibooks.graphml"
"0.59","0.24","0.17","0.446892306298846","1,1,2,2,2,3,2,3,3,3,2,2,3,3,3,4,3,2,5,2,6,1,3,3,3,3,3,4,1,3,2,5,2,2,5,5,3,3,6,6,6,6,1,1,1,1,6,1,1,1,6,6,6,6,6,1,1,1,1,6,7,6,6,3,3,6,6,6,6,6,1,6,3,3,6,6,6,6,6,6,6,3,4,4,4,8,6,6,6,6,9,10,11,6,6,6,4,6,6,6,6,6,6,6,6,6,6,2,2,6,6,6,6,5,5,5,5,5,5,5,5,3,3,3,3,3,3,3,3","0.00074005126953125","louvain","edit-xhwikibooks.graphml"
"0.58","0.25","0.17","0.452080676020408","1,1,2,2,2,2,2,3,2,2,2,2,3,3,3,2,2,2,4,2,5,1,3,3,3,3,3,2,1,2,2,4,2,2,4,4,3,3,5,5,5,5,1,1,1,1,5,1,1,1,5,5,5,5,5,1,1,1,1,5,6,5,5,3,3,5,5,5,5,5,1,5,3,3,5,5,5,5,5,5,5,3,2,2,2,7,5,5,5,5,8,9,10,5,5,5,2,5,5,5,5,5,5,5,5,5,5,2,2,5,5,5,5,4,4,4,4,4,4,4,4,3,3,3,3,3,3,3,3","0.00055694580078125","louvain","edit-xhwikibooks.graphml"
"0.57","0.26","0.17","0.452080676020408","1,1,2,2,2,2,2,3,2,2,2,2,3,3,3,2,2,2,4,2,5,1,3,3,3,3,3,2,1,2,2,4,2,2,4,4,3,3,5,5,5,5,1,1,1,1,5,1,1,1,5,5,5,5,5,1,1,1,1,5,6,5,5,3,3,5,5,5,5,5,1,5,3,3,5,5,5,5,5,5,5,3,2,2,2,7,5,5,5,5,8,9,10,5,5,5,2,5,5,5,5,5,5,5,5,5,5,2,2,5,5,5,5,4,4,4,4,4,4,4,4,3,3,3,3,3,3,3,3","0.000518083572387695","louvain","edit-xhwikibooks.graphml"
"0.56","0.27","0.17","0.451254783163265","1,1,2,2,2,3,2,3,3,3,2,2,3,3,3,4,3,2,5,2,6,1,3,3,3,3,3,4,1,3,2,5,2,2,5,5,3,3,6,6,6,6,1,1,1,1,6,1,1,1,6,6,6,6,6,1,1,1,1,6,7,6,6,3,3,6,6,6,6,6,1,6,3,3,6,6,6,6,6,6,6,3,4,4,4,8,6,6,6,6,9,10,11,6,6,6,4,6,6,6,6,6,6,6,6,6,6,2,2,6,6,6,6,5,5,5,5,5,5,5,5,3,3,3,3,3,3,3,3","0.000566005706787109","louvain","edit-xhwikibooks.graphml"
"0.55","0.28","0.17","0.452455959271033","1,1,2,2,2,3,2,3,3,3,2,2,3,3,3,4,3,2,5,2,6,1,3,3,3,3,3,4,1,3,2,5,2,2,5,5,3,3,6,6,6,6,1,1,1,1,6,1,1,1,6,6,6,6,6,1,1,1,1,6,7,6,6,3,3,6,6,6,6,6,1,6,3,3,6,6,6,6,6,6,6,3,4,4,4,8,6,6,6,6,9,10,11,6,6,6,4,6,6,6,6,6,6,6,6,6,6,2,2,6,6,6,6,5,5,5,5,5,5,5,5,3,3,3,3,3,3,3,3","0.000525951385498047","louvain","edit-xhwikibooks.graphml"
"0.54","0.29","0.17","0.456326077662089","1,1,2,2,2,2,2,3,2,2,2,2,3,3,3,2,2,2,4,2,5,1,3,3,3,3,3,2,1,2,2,4,2,2,4,4,3,3,5,5,5,5,1,1,1,1,5,1,1,1,5,5,5,5,5,1,1,1,1,5,6,5,5,3,3,5,5,5,5,5,1,5,3,3,5,5,5,5,5,5,5,3,2,2,2,7,5,5,5,5,8,9,10,5,5,5,2,5,5,5,5,5,5,5,5,5,5,2,2,5,5,5,5,4,4,4,4,4,4,4,4,3,3,3,3,3,3,3,3","0.000581026077270508","louvain","edit-xhwikibooks.graphml"
"0.53","0.3","0.17","0.454950270185606","1,1,2,2,2,3,2,3,3,3,2,2,3,3,3,4,3,2,5,2,6,1,3,3,3,3,3,4,1,3,2,5,2,2,5,5,3,3,6,6,6,6,1,1,1,1,6,1,1,1,6,6,6,6,6,1,1,1,1,6,7,6,6,3,3,6,6,6,6,6,1,6,3,3,6,6,6,6,6,6,6,3,4,4,4,8,6,6,6,6,9,10,11,6,6,6,4,6,6,6,6,6,6,6,6,6,6,2,2,6,6,6,6,5,5,5,5,5,5,5,5,3,3,3,3,3,3,3,3","0.000571012496948242","louvain","edit-xhwikibooks.graphml"
"0.52","0.31","0.17","0.456556143790034","1,1,2,2,2,3,2,3,3,3,2,2,3,3,3,4,3,2,5,2,6,1,3,3,3,3,3,4,1,3,2,5,2,2,5,5,3,3,6,6,6,6,1,1,1,1,6,1,1,1,6,6,6,6,6,1,1,1,1,6,7,6,6,3,3,6,6,6,6,6,1,6,3,3,6,6,6,6,6,6,6,3,4,4,4,8,6,6,6,6,9,10,11,6,6,6,4,6,6,6,6,6,6,6,6,6,6,2,2,6,6,6,6,5,5,5,5,5,5,5,5,3,3,3,3,3,3,3,3","0.000576972961425781","louvain","edit-xhwikibooks.graphml"
"0.51","0.32","0.17","0.456720136614317","1,1,2,2,2,2,2,3,2,2,2,2,3,3,3,2,2,2,4,2,5,1,3,3,3,3,3,2,1,2,2,4,2,2,4,4,3,3,5,5,5,5,1,1,1,1,5,1,1,1,5,5,5,5,5,1,1,1,1,5,6,5,5,3,3,5,5,5,5,5,1,5,3,3,5,5,5,5,5,5,5,3,2,2,2,7,5,5,5,5,8,9,10,5,5,5,2,5,5,5,5,5,5,5,5,5,5,2,2,5,5,5,5,4,4,4,4,4,4,4,4,3,3,3,3,3,3,3,3","0.000589847564697266","louvain","edit-xhwikibooks.graphml"
"0.5","0.33","0.17","0.455954947136605","1,1,2,2,2,3,2,3,3,3,2,2,3,3,3,4,3,2,5,2,6,1,3,3,3,3,3,4,1,3,2,5,2,2,5,5,3,3,6,6,6,6,1,1,1,1,6,1,1,1,6,6,6,6,6,1,1,1,1,6,7,6,6,3,3,6,6,6,6,6,1,6,3,3,6,6,6,6,6,6,6,3,4,4,4,8,6,6,6,6,9,10,11,6,6,6,4,6,6,6,6,6,6,6,6,6,6,2,2,6,6,6,6,5,5,5,5,5,5,5,5,3,3,3,3,3,3,3,3","0.0005950927734375","louvain","edit-xhwikibooks.graphml"
"0.49","0.34","0.17","0.47696502166956","1,1,2,2,2,3,2,3,3,3,2,2,3,3,3,4,3,2,5,2,6,1,3,3,3,3,3,4,1,3,2,5,2,2,5,5,3,3,6,6,6,6,1,1,1,1,6,1,1,1,6,6,6,6,6,1,1,1,1,6,7,6,6,3,3,6,6,6,6,6,1,6,3,3,6,6,6,6,6,6,6,3,4,4,4,8,6,6,6,6,9,10,11,6,6,6,4,6,6,6,6,6,6,6,6,6,6,2,2,6,6,6,6,5,5,5,5,5,5,5,5,3,3,3,3,3,3,3,3","0.000612974166870117","louvain","edit-xhwikibooks.graphml"
"0.48","0.35","0.17","0.464380898821458","1,1,2,2,2,3,2,3,3,3,2,2,3,3,3,4,5,2,6,2,7,1,3,3,3,3,3,4,1,8,9,6,2,2,6,6,3,3,7,7,7,7,1,1,1,1,7,1,1,1,7,7,7,7,7,1,1,1,1,7,10,7,7,11,12,7,7,7,7,7,1,7,3,3,7,7,7,7,7,7,7,13,4,4,4,14,7,7,7,7,15,16,17,7,7,7,18,7,7,7,7,7,7,7,7,7,7,19,20,7,7,7,7,6,6,6,6,6,6,6,6,3,3,3,3,3,3,3,3","0.000573158264160156","louvain","edit-xhwikibooks.graphml"
"0.47","0.36","0.17","0.46420054274828","1,1,2,2,2,2,2,3,2,2,2,2,3,3,3,2,4,2,5,2,6,1,3,3,3,3,3,2,1,7,8,5,2,2,5,5,3,3,6,6,6,6,1,1,1,1,6,1,1,1,6,6,6,6,6,1,1,1,1,6,9,6,6,10,11,6,6,6,6,6,1,6,3,3,6,6,6,6,6,6,6,12,2,2,2,13,6,6,6,6,14,15,16,6,6,6,17,6,6,6,6,6,6,6,6,6,6,18,19,6,6,6,6,5,5,5,5,5,5,5,5,3,3,3,3,3,3,3,3","0.000581979751586914","louvain","edit-xhwikibooks.graphml"
"0.46","0.37","0.17","0.445470750283585","1,1,2,2,2,3,2,3,3,3,2,2,3,3,3,4,5,2,6,2,7,1,3,3,3,3,3,4,1,8,9,6,2,2,6,6,3,3,7,7,7,7,1,1,1,1,7,1,1,1,7,7,7,7,7,1,1,1,1,7,10,7,7,11,12,7,7,7,7,7,1,7,3,3,7,7,7,7,7,7,7,13,4,4,4,14,7,7,7,7,15,16,17,7,7,7,18,7,7,7,7,7,7,7,7,7,7,19,20,7,7,7,7,6,6,6,6,6,6,6,6,3,3,3,3,3,3,3,3","0.000607967376708984","louvain","edit-xhwikibooks.graphml"
"0.45","0.38","0.17","0.444589734172566","1,1,2,2,2,3,2,3,3,3,2,2,3,3,3,3,4,2,5,2,6,1,3,3,3,3,3,3,1,7,8,5,2,2,5,5,3,3,6,6,6,6,1,1,1,1,6,1,1,1,6,6,6,6,6,1,1,1,1,6,9,6,6,10,11,6,6,6,6,6,1,6,3,3,6,6,6,6,6,6,6,12,3,3,3,13,6,6,6,6,14,15,16,6,6,6,17,6,6,6,6,6,6,6,6,6,6,18,19,6,6,6,6,5,5,5,5,5,5,5,5,3,3,3,3,3,3,3,3","0.000518083572387695","louvain","edit-xhwikibooks.graphml"
"0.44","0.39","0.17","0.434672765384814","1,1,2,2,2,3,2,3,3,3,2,2,3,3,3,3,4,2,5,2,6,1,3,3,3,3,3,3,1,7,8,5,2,2,5,5,3,3,6,6,6,6,1,1,1,1,6,1,1,1,6,6,6,6,6,1,1,1,1,6,9,6,6,10,11,6,6,6,6,6,1,6,3,3,6,6,6,6,6,6,6,12,3,3,3,13,6,6,6,6,14,15,16,6,6,6,17,6,6,6,6,6,6,6,6,6,6,18,19,6,6,6,6,5,5,5,5,5,5,5,5,3,3,3,3,3,3,3,3","0.0005340576171875","louvain","edit-xhwikibooks.graphml"
"0.43","0.4","0.17","0.436104915178843","1,1,2,2,2,2,3,4,2,2,3,3,4,4,4,2,5,3,3,3,6,1,4,4,4,4,4,2,1,7,8,3,3,3,3,3,4,4,6,6,6,6,1,1,1,1,6,1,1,1,6,6,6,6,6,1,1,1,1,6,9,6,6,10,11,6,6,6,6,6,1,6,4,4,6,6,6,6,6,6,6,12,2,2,2,13,6,6,6,6,14,15,16,6,6,6,17,6,6,6,6,6,6,6,6,6,6,18,19,6,6,6,6,3,3,3,3,3,3,3,3,4,4,4,4,4,4,4,4","0.000586032867431641","louvain","edit-xhwikibooks.graphml"
"0.42","0.41","0.17","0.437626607697748","1,1,2,2,2,3,2,3,3,3,2,2,3,3,3,4,5,2,6,2,7,1,3,3,3,3,3,4,1,8,9,6,2,2,6,6,3,3,7,7,7,7,1,1,1,1,7,1,1,1,7,7,7,7,7,1,1,1,1,7,10,7,7,11,12,7,7,7,7,7,1,7,3,3,7,7,7,7,7,7,7,13,4,4,4,14,7,7,7,7,15,16,17,7,7,7,18,7,7,7,7,7,7,7,7,7,7,19,20,7,7,7,7,6,6,6,6,6,6,6,6,3,3,3,3,3,3,3,3","0.000684022903442383","louvain","edit-xhwikibooks.graphml"
"0.41","0.42","0.17","0.43702806122449","1,1,2,2,2,3,2,3,3,3,2,2,3,3,3,4,5,2,6,2,7,1,3,3,3,3,3,4,1,8,9,6,2,2,6,6,3,3,7,7,7,7,1,1,1,1,7,1,1,1,7,7,7,7,7,1,1,1,1,7,10,7,7,11,12,7,7,7,7,7,1,7,3,3,7,7,7,7,7,7,7,13,4,4,4,14,7,7,7,7,15,16,17,7,7,7,18,7,7,7,7,7,7,7,7,7,7,19,20,7,7,7,7,6,6,6,6,6,6,6,6,3,3,3,3,3,3,3,3","0.000547885894775391","louvain","edit-xhwikibooks.graphml"
"0.4","0.43","0.17","0.438154595306544","1,1,1,1,1,2,3,2,2,2,3,3,2,2,2,4,5,3,3,3,6,1,2,2,2,2,2,4,1,7,8,3,3,3,3,3,2,2,6,6,6,6,1,1,1,1,6,1,1,1,6,6,6,6,6,1,1,1,1,6,9,6,6,10,11,6,6,6,6,6,1,6,2,2,6,6,6,6,6,6,6,12,4,4,4,13,6,6,6,6,14,15,16,6,6,6,17,6,6,6,6,6,6,6,6,6,6,18,19,6,6,6,6,3,3,3,3,3,3,3,3,2,2,2,2,2,2,2,2","0.000527858734130859","louvain","edit-xhwikibooks.graphml"
"0.39","0.44","0.17","0.439727544333988","1,1,2,2,2,3,2,3,3,3,2,2,3,3,3,4,5,2,6,2,7,1,3,3,3,3,3,4,1,8,9,6,2,2,6,6,3,3,7,7,7,7,1,1,1,1,7,1,1,1,7,7,7,7,7,1,1,1,1,7,10,7,7,11,12,7,7,7,7,7,1,7,3,3,7,7,7,7,7,7,7,13,4,4,4,14,7,7,7,7,15,16,17,7,7,7,18,7,7,7,7,7,7,7,7,7,7,19,20,7,7,7,7,6,6,6,6,6,6,6,6,3,3,3,3,3,3,3,3","0.000524997711181641","louvain","edit-xhwikibooks.graphml"
"0.38","0.45","0.17","0.442979089983554","1,1,2,2,2,3,2,3,3,3,2,2,3,3,3,4,5,2,6,2,7,1,3,3,3,3,3,4,1,8,9,6,2,2,6,6,3,3,7,7,7,7,1,1,1,1,7,1,1,1,7,7,7,7,7,1,1,1,1,7,10,7,7,11,12,7,7,7,7,7,1,7,3,3,7,7,7,7,7,7,7,13,4,4,4,14,7,7,7,7,15,16,17,7,7,7,18,7,7,7,7,7,7,7,7,7,7,19,20,7,7,7,7,6,6,6,6,6,6,6,6,3,3,3,3,3,3,3,3","0.000516891479492188","louvain","edit-xhwikibooks.graphml"
"0.37","0.46","0.17","0.442382849080398","1,1,2,2,2,3,2,3,3,3,2,2,3,3,3,4,5,2,6,2,7,1,3,3,3,3,3,4,1,8,9,6,2,2,6,6,3,3,7,7,7,7,1,1,1,1,7,1,1,1,7,7,7,7,7,1,1,1,1,7,10,7,7,11,12,7,7,7,7,7,1,7,3,3,7,7,7,7,7,7,7,13,4,4,4,14,7,7,7,7,15,16,17,7,7,7,18,7,7,7,7,7,7,7,7,7,7,19,20,7,7,7,7,6,6,6,6,6,6,6,6,3,3,3,3,3,3,3,3","0.000524044036865234","louvain","edit-xhwikibooks.graphml"
"0.36","0.47","0.17","0.444015191810606","1,1,2,2,2,3,2,3,3,3,2,2,3,3,3,4,5,2,6,2,7,1,3,3,3,3,3,4,1,8,9,6,2,2,6,6,3,3,7,7,7,7,1,1,1,1,7,1,1,1,7,7,7,7,7,1,1,1,1,7,10,7,7,11,12,7,7,7,7,7,1,7,3,3,7,7,7,7,7,7,7,13,4,4,4,14,7,7,7,7,15,16,17,7,7,7,18,7,7,7,7,7,7,7,7,7,7,19,20,7,7,7,7,6,6,6,6,6,6,6,6,3,3,3,3,3,3,3,3","0.000562191009521484","louvain","edit-xhwikibooks.graphml"
"0.35","0.48","0.17","0.443420204324539","1,1,2,2,2,3,2,3,3,3,2,2,3,3,3,4,5,2,6,2,7,1,3,3,3,3,3,4,1,8,9,6,2,2,6,6,3,3,7,7,7,7,1,1,1,1,7,1,1,1,7,7,7,7,7,1,1,1,1,7,10,7,7,11,12,7,7,7,7,7,1,7,3,3,7,7,7,7,7,7,7,13,4,4,4,14,7,7,7,7,15,16,17,7,7,7,18,7,7,7,7,7,7,7,7,7,7,19,20,7,7,7,7,6,6,6,6,6,6,6,6,3,3,3,3,3,3,3,3","0.000530004501342773","louvain","edit-xhwikibooks.graphml"
"0.34","0.49","0.17","0.443420204324539","1,1,2,2,2,3,2,3,3,3,2,2,3,3,3,4,5,2,6,2,7,1,3,3,3,3,3,4,1,8,9,6,2,2,6,6,3,3,7,7,7,7,1,1,1,1,7,1,1,1,7,7,7,7,7,1,1,1,1,7,10,7,7,11,12,7,7,7,7,7,1,7,3,3,7,7,7,7,7,7,7,13,4,4,4,14,7,7,7,7,15,16,17,7,7,7,18,7,7,7,7,7,7,7,7,7,7,19,20,7,7,7,7,6,6,6,6,6,6,6,6,3,3,3,3,3,3,3,3","0.000548124313354492","louvain","edit-xhwikibooks.graphml"
"0.33","0.5","0.17","0.505536646184225","1,1,2,2,2,3,2,4,3,3,2,2,4,4,4,3,5,2,6,2,7,1,4,4,4,4,4,3,1,8,9,6,2,2,6,6,4,4,7,7,7,7,1,1,1,1,7,1,1,1,7,7,7,7,7,1,1,1,1,7,10,7,7,11,12,7,7,7,7,7,1,7,4,4,7,7,7,7,7,7,7,13,3,3,3,14,7,7,7,7,15,16,17,7,7,7,18,7,7,7,7,7,7,7,7,7,7,19,20,7,7,7,7,6,6,6,6,6,6,6,6,4,4,4,4,4,4,4,4","0.000600814819335938","louvain","edit-xhwikibooks.graphml"
"0.32","0.51","0.17","0.505536646184225","1,1,2,2,2,3,2,4,3,3,2,2,4,4,4,3,5,2,6,2,7,1,4,4,4,4,4,3,1,8,9,6,2,2,6,6,4,4,7,7,7,7,1,1,1,1,7,1,1,1,7,7,7,7,7,1,1,1,1,7,10,7,7,11,12,7,7,7,7,7,1,7,4,4,7,7,7,7,7,7,7,13,3,3,3,14,7,7,7,7,15,16,17,7,7,7,18,7,7,7,7,7,7,7,7,7,7,19,20,7,7,7,7,6,6,6,6,6,6,6,6,4,4,4,4,4,4,4,4","0.000606060028076172","louvain","edit-xhwikibooks.graphml"
"0.31","0.52","0.17","0.48933670753426","1,1,1,2,3,2,4,5,2,2,4,6,5,5,5,2,7,8,4,9,10,1,11,5,5,5,5,2,1,12,13,14,9,15,4,4,5,5,10,10,10,10,1,1,1,1,10,1,1,1,10,10,10,10,10,1,1,1,1,10,16,10,10,17,18,10,10,10,10,10,1,10,19,20,10,10,10,10,10,10,10,21,22,23,24,25,10,10,10,10,26,27,28,10,10,10,29,10,10,10,10,10,10,10,10,10,10,30,31,10,10,10,10,4,4,4,4,4,4,4,4,5,5,5,5,5,5,5,5","0.000572919845581055","louvain","edit-xhwikibooks.graphml"
"0.3","0.53","0.17","0.488740277777778","1,1,1,2,3,2,4,5,2,2,4,6,5,5,5,2,7,8,4,9,10,1,11,5,5,5,5,2,1,12,13,14,9,15,4,4,5,5,10,10,10,10,1,1,1,1,10,1,1,1,10,10,10,10,10,1,1,1,1,10,16,10,10,17,18,10,10,10,10,10,1,10,19,20,10,10,10,10,10,10,10,21,22,23,24,25,10,10,10,10,26,27,28,10,10,10,29,10,10,10,10,10,10,10,10,10,10,30,31,10,10,10,10,4,4,4,4,4,4,4,4,5,5,5,5,5,5,5,5","0.000586032867431641","louvain","edit-xhwikibooks.graphml"
"0.29","0.54","0.17","0.488751388888889","1,1,1,2,3,2,4,5,2,2,4,6,5,5,5,2,7,8,4,9,10,1,11,5,5,5,5,2,1,12,13,14,9,15,4,4,5,5,10,10,10,10,1,1,1,1,10,1,1,1,10,10,10,10,10,1,1,1,1,10,16,10,10,17,18,10,10,10,10,10,1,10,19,20,10,10,10,10,10,10,10,21,22,23,24,25,10,10,10,10,26,27,28,10,10,10,29,10,10,10,10,10,10,10,10,10,10,30,31,10,10,10,10,4,4,4,4,4,4,4,4,5,5,5,5,5,5,5,5","0.00055384635925293","louvain","edit-xhwikibooks.graphml"
"0.28","0.55","0.17","0.488156178969604","1,1,1,2,3,2,4,5,2,2,4,6,5,5,5,2,7,8,4,9,10,1,11,5,5,5,5,2,1,12,13,14,9,15,4,4,5,5,10,10,10,10,1,1,1,1,10,1,1,1,10,10,10,10,10,1,1,1,1,10,16,10,10,17,18,10,10,10,10,10,1,10,19,20,10,10,10,10,10,10,10,21,22,23,24,25,10,10,10,10,26,27,28,10,10,10,29,10,10,10,10,10,10,10,10,10,10,30,31,10,10,10,10,4,4,4,4,4,4,4,4,5,5,5,5,5,5,5,5","0.000572919845581055","louvain","edit-xhwikibooks.graphml"
"0.27","0.56","0.17","0.490806058155876","1,1,1,2,3,2,4,5,2,2,4,6,5,5,5,2,7,8,4,9,10,1,11,5,5,5,5,2,1,12,13,14,9,15,4,4,5,5,10,10,10,10,1,1,1,1,10,1,1,1,10,10,10,10,10,1,1,1,1,10,16,10,10,17,18,10,10,10,10,10,1,10,19,20,10,10,10,10,10,10,10,21,22,23,24,25,10,10,10,10,26,27,28,10,10,10,29,10,10,10,10,10,10,10,10,10,10,30,31,10,10,10,10,4,4,4,4,4,4,4,4,5,5,5,5,5,5,5,5","0.000550985336303711","louvain","edit-xhwikibooks.graphml"
"0.26","0.57","0.17","0.491585274229902","1,1,1,2,3,2,4,5,2,2,4,6,5,5,5,2,7,8,4,9,10,1,11,5,5,5,5,2,1,12,13,14,9,15,4,4,5,5,10,10,10,10,1,1,1,1,10,1,1,1,10,10,10,10,10,1,1,1,1,10,16,10,10,17,18,10,10,10,10,10,1,10,19,20,10,10,10,10,10,10,10,21,22,23,24,25,10,10,10,10,26,27,28,10,10,10,29,10,10,10,10,10,10,10,10,10,10,30,31,10,10,10,10,4,4,4,4,4,4,4,4,5,5,5,5,5,5,5,5","0.000589847564697266","louvain","edit-xhwikibooks.graphml"
"0.25","0.58","0.17","0.494189155079808","1,1,1,2,3,2,4,5,2,2,4,6,5,5,5,2,7,8,4,9,10,1,11,5,5,5,5,2,1,12,13,14,9,15,4,4,5,5,10,10,10,10,1,1,1,1,10,1,1,1,10,10,10,10,10,1,1,1,1,10,16,10,10,17,18,10,10,10,10,10,1,10,19,20,10,10,10,10,10,10,10,21,22,23,24,25,10,10,10,10,26,27,28,10,10,10,29,10,10,10,10,10,10,10,10,10,10,30,31,10,10,10,10,4,4,4,4,4,4,4,4,5,5,5,5,5,5,5,5","0.000513792037963867","louvain","edit-xhwikibooks.graphml"
"0.24","0.59","0.17","0.493598240564404","1,1,1,2,3,2,4,5,2,2,4,6,5,5,5,2,7,8,4,9,10,1,11,5,5,5,5,2,1,12,13,14,9,15,4,4,5,5,10,10,10,10,1,1,1,1,10,1,1,1,10,10,10,10,10,1,1,1,1,10,16,10,10,17,18,10,10,10,10,10,1,10,19,20,10,10,10,10,10,10,10,21,22,23,24,25,10,10,10,10,26,27,28,10,10,10,29,10,10,10,10,10,10,10,10,10,10,30,31,10,10,10,10,4,4,4,4,4,4,4,4,5,5,5,5,5,5,5,5","0.000638008117675781","louvain","edit-xhwikibooks.graphml"
"0.23","0.6","0.17","0.496472722386455","1,1,1,2,3,2,4,5,2,2,4,6,5,5,5,2,7,8,4,9,10,1,11,5,5,5,5,2,1,12,13,14,9,15,4,4,5,5,10,10,10,10,1,1,1,1,10,1,1,1,10,10,10,10,10,1,1,1,1,10,16,10,10,17,18,10,10,10,10,10,1,10,19,20,10,10,10,10,10,10,10,21,22,23,24,25,10,10,10,10,26,27,28,10,10,10,29,10,10,10,10,10,10,10,10,10,10,30,31,10,10,10,10,4,4,4,4,4,4,4,4,5,5,5,5,5,5,5,5","0.000581979751586914","louvain","edit-xhwikibooks.graphml"
"0.22","0.61","0.17","0.497219285317613","1,1,1,2,3,2,4,5,2,2,4,6,5,5,5,2,7,8,4,9,10,1,11,5,5,5,5,2,1,12,13,14,9,15,4,4,5,5,10,10,10,10,1,1,1,1,10,1,1,1,10,10,10,10,10,1,1,1,1,10,16,10,10,17,18,10,10,10,10,10,1,10,19,20,10,10,10,10,10,10,10,21,22,23,24,25,10,10,10,10,26,27,28,10,10,10,29,10,10,10,10,10,10,10,10,10,10,30,31,10,10,10,10,4,4,4,4,4,4,4,4,5,5,5,5,5,5,5,5","0.000558137893676758","louvain","edit-xhwikibooks.graphml"
"0.21","0.62","0.17","0.498544318450963","1,1,1,2,3,2,4,5,2,2,4,6,5,5,5,2,7,8,4,9,10,1,11,5,5,5,5,2,1,12,13,14,9,15,4,4,5,5,10,10,10,10,1,1,1,1,10,1,1,1,10,10,10,10,10,1,1,1,1,10,16,10,10,17,18,10,10,10,10,10,1,10,19,20,10,10,10,10,10,10,10,21,22,23,24,25,10,10,10,10,26,27,28,10,10,10,29,10,10,10,10,10,10,10,10,10,10,30,31,10,10,10,10,4,4,4,4,4,4,4,4,5,5,5,5,5,5,5,5","0.000533819198608398","louvain","edit-xhwikibooks.graphml"
"0.2","0.63","0.17","0.497956211736994","1,1,1,2,3,2,4,5,2,2,4,6,5,5,5,2,7,8,4,9,10,1,11,5,5,5,5,2,1,12,13,14,9,15,4,4,5,5,10,10,10,10,1,1,1,1,10,1,1,1,10,10,10,10,10,1,1,1,1,10,16,10,10,17,18,10,10,10,10,10,1,10,19,20,10,10,10,10,10,10,10,21,22,23,24,25,10,10,10,10,26,27,28,10,10,10,29,10,10,10,10,10,10,10,10,10,10,30,31,10,10,10,10,4,4,4,4,4,4,4,4,5,5,5,5,5,5,5,5","0.000568866729736328","louvain","edit-xhwikibooks.graphml"
"0.19","0.64","0.17","0.497956211736994","1,1,1,2,3,2,4,5,2,2,4,6,5,5,5,2,7,8,4,9,10,1,11,5,5,5,5,2,1,12,13,14,9,15,4,4,5,5,10,10,10,10,1,1,1,1,10,1,1,1,10,10,10,10,10,1,1,1,1,10,16,10,10,17,18,10,10,10,10,10,1,10,19,20,10,10,10,10,10,10,10,21,22,23,24,25,10,10,10,10,26,27,28,10,10,10,29,10,10,10,10,10,10,10,10,10,10,30,31,10,10,10,10,4,4,4,4,4,4,4,4,5,5,5,5,5,5,5,5","0.000535011291503906","louvain","edit-xhwikibooks.graphml"
"0.18","0.65","0.17","0.497369290766078","1,1,1,2,3,2,4,5,2,2,4,6,5,5,5,2,7,8,4,9,10,1,11,5,5,5,5,2,1,12,13,14,9,15,4,4,5,5,10,10,10,10,1,1,1,1,10,1,1,1,10,10,10,10,10,1,1,1,1,10,16,10,10,17,18,10,10,10,10,10,1,10,19,20,10,10,10,10,10,10,10,21,22,23,24,25,10,10,10,10,26,27,28,10,10,10,29,10,10,10,10,10,10,10,10,10,10,30,31,10,10,10,10,4,4,4,4,4,4,4,4,5,5,5,5,5,5,5,5","0.000541925430297852","louvain","edit-xhwikibooks.graphml"
"0.17","0.66","0.17","0.498683641845168","1,1,1,2,3,2,4,5,2,2,4,6,5,5,5,2,7,8,4,9,10,1,11,5,5,5,5,2,1,12,13,14,9,15,4,4,5,5,10,10,10,10,1,1,1,1,10,1,1,1,10,10,10,10,10,1,1,1,1,10,16,10,10,17,18,10,10,10,10,10,1,10,19,20,10,10,10,10,10,10,10,21,22,23,24,25,10,10,10,10,26,27,28,10,10,10,29,10,10,10,10,10,10,10,10,10,10,30,31,10,10,10,10,4,4,4,4,4,4,4,4,5,5,5,5,5,5,5,5","0.000543832778930664","louvain","edit-xhwikibooks.graphml"
"0.16","0.67","0.17","0.516304962063085","1,1,1,2,3,2,4,5,2,2,4,6,5,5,5,2,7,8,9,10,11,1,12,5,5,5,5,2,1,13,14,15,10,16,9,9,5,5,11,11,11,11,1,1,1,1,11,1,1,1,11,11,11,11,11,1,1,1,1,11,17,11,11,18,19,11,11,11,11,11,1,11,20,21,11,11,11,11,11,11,11,22,23,24,25,26,11,11,11,11,27,28,29,11,11,11,30,11,11,11,11,11,11,11,11,11,11,31,32,11,11,11,11,9,9,9,9,9,9,9,9,5,5,5,5,5,5,5,5","0.000561952590942383","louvain","edit-xhwikibooks.graphml"
"0.15","0.68","0.17","0.517721088435374","1,1,1,2,3,2,4,5,2,2,4,6,5,5,5,2,7,8,9,10,11,1,12,5,5,5,5,2,1,13,14,15,10,16,9,9,17,5,11,11,11,11,1,1,1,1,11,1,1,1,11,11,11,11,11,1,1,1,1,11,18,11,11,19,20,11,11,11,11,11,1,11,21,22,11,11,11,11,11,11,11,23,24,25,26,27,11,11,11,11,28,29,30,11,11,11,31,11,11,11,11,11,11,11,11,11,11,32,33,11,11,11,11,9,9,9,9,9,9,9,9,17,17,17,17,17,17,17,17","0.00055694580078125","louvain","edit-xhwikibooks.graphml"
"0.14","0.69","0.17","0.514502363179034","1,1,1,2,3,2,4,5,2,2,6,7,5,5,5,2,8,9,10,11,12,1,13,5,5,5,5,2,1,14,15,16,17,18,10,10,19,5,12,12,12,12,1,1,1,1,12,1,1,1,12,12,12,12,12,1,1,1,1,12,20,12,12,21,22,12,12,12,12,12,1,12,23,24,12,12,12,12,12,12,12,25,26,27,28,29,12,12,12,12,30,31,32,12,12,12,33,12,12,12,12,12,12,12,12,12,12,34,35,12,12,12,12,10,10,10,10,10,10,10,10,19,19,19,19,19,19,19,19","0.00057220458984375","louvain","edit-xhwikibooks.graphml"
"0.13","0.7","0.17","0.515736488382144","1,1,1,2,3,2,4,5,2,2,6,7,5,5,5,2,8,9,10,11,12,1,13,5,5,5,5,2,1,14,15,16,17,18,10,10,19,5,12,12,12,12,1,1,1,1,12,1,1,1,12,12,12,12,12,1,1,1,1,12,20,12,12,21,22,12,12,12,12,12,1,12,23,24,12,12,12,12,12,12,12,25,26,27,28,29,12,12,12,12,30,31,32,12,12,12,33,12,12,12,12,12,12,12,12,12,12,34,35,12,12,12,12,10,10,10,10,10,10,10,10,19,19,19,19,19,19,19,19","0.000553131103515625","louvain","edit-xhwikibooks.graphml"
"0.12","0.71","0.17","0.511403381587214","1,1,1,2,3,2,4,5,2,2,6,7,5,5,5,2,8,9,10,11,12,1,13,5,5,5,5,2,1,14,15,16,17,18,10,10,19,5,12,12,12,12,1,1,1,1,12,1,1,1,12,12,12,12,12,1,1,1,1,12,20,12,12,21,22,12,12,12,12,12,1,12,23,24,12,12,12,12,12,12,12,25,26,27,28,29,12,12,12,12,30,31,32,12,12,12,33,12,12,12,12,12,12,12,12,12,12,34,35,12,12,12,12,10,10,10,10,10,10,10,10,19,19,19,19,19,19,19,19","0.000576972961425781","louvain","edit-xhwikibooks.graphml"
"0.11","0.72","0.17","0.513861050801105","1,1,1,2,3,2,4,5,2,2,6,7,5,5,5,2,8,9,10,11,12,1,13,5,5,5,5,2,1,14,15,16,17,18,10,10,19,5,12,12,12,12,1,1,1,1,12,1,1,1,12,12,12,12,12,1,1,1,1,12,20,12,12,21,22,12,12,12,12,12,1,12,23,24,12,12,12,12,12,12,12,25,26,27,28,29,12,12,12,12,30,31,32,12,12,12,33,12,12,12,12,12,12,12,12,12,12,34,35,12,12,12,12,10,10,10,10,10,10,10,10,19,19,19,19,19,19,19,19","0.00057220458984375","louvain","edit-xhwikibooks.graphml"
"0.1","0.73","0.17","0.512028581466532","1,1,1,2,3,2,4,5,2,2,6,7,5,5,5,2,8,9,10,11,12,13,14,5,5,5,5,2,1,15,16,17,18,19,10,10,20,5,12,12,12,12,13,13,13,13,12,13,13,13,12,12,12,12,12,13,13,13,13,12,21,12,12,22,23,12,12,12,12,12,13,12,24,25,12,12,12,12,12,12,12,26,27,28,29,30,12,12,12,12,31,32,33,12,12,12,34,12,12,12,12,12,12,12,12,12,12,35,36,12,12,12,12,10,10,10,10,10,10,10,10,20,20,20,20,20,20,20,20","0.000585079193115234","louvain","edit-xhwikibooks.graphml"
"0.09","0.74","0.17","0.512028581466532","1,1,1,2,3,2,4,5,2,2,6,7,5,5,5,2,8,9,10,11,12,13,14,5,5,5,5,2,1,15,16,17,18,19,10,10,20,5,12,12,12,12,13,13,13,13,12,13,13,13,12,12,12,12,12,13,13,13,13,12,21,12,12,22,23,12,12,12,12,12,13,12,24,25,12,12,12,12,12,12,12,26,27,28,29,30,12,12,12,12,31,32,33,12,12,12,34,12,12,12,12,12,12,12,12,12,12,35,36,12,12,12,12,10,10,10,10,10,10,10,10,20,20,20,20,20,20,20,20","0.000529050827026367","louvain","edit-xhwikibooks.graphml"
"0.08","0.75","0.17","0.515415946032958","1,1,1,2,3,2,4,5,2,2,6,7,5,5,5,2,8,9,10,11,12,1,13,5,5,5,5,2,1,14,15,16,17,18,10,10,19,5,12,12,12,12,1,1,1,1,12,1,1,1,12,12,12,12,12,1,1,1,1,12,20,12,12,21,22,12,12,12,12,12,1,12,23,24,12,12,12,12,12,12,12,25,26,27,28,29,12,12,12,12,30,31,32,12,12,12,33,12,12,12,12,12,12,12,12,12,12,34,35,12,12,12,12,10,10,10,10,10,10,10,10,19,19,19,19,19,19,19,19","0.000581026077270508","louvain","edit-xhwikibooks.graphml"
"0.07","0.76","0.17","0.515415946032958","1,1,1,2,3,2,4,5,2,2,6,7,5,5,5,2,8,9,10,11,12,1,13,5,5,5,5,2,1,14,15,16,17,18,10,10,19,5,12,12,12,12,1,1,1,1,12,1,1,1,12,12,12,12,12,1,1,1,1,12,20,12,12,21,22,12,12,12,12,12,1,12,23,24,12,12,12,12,12,12,12,25,26,27,28,29,12,12,12,12,30,31,32,12,12,12,33,12,12,12,12,12,12,12,12,12,12,34,35,12,12,12,12,10,10,10,10,10,10,10,10,19,19,19,19,19,19,19,19","0.00079798698425293","louvain","edit-xhwikibooks.graphml"
"0.06","0.77","0.17","0.517890755781511","1,1,1,2,3,2,4,5,2,2,6,7,5,5,5,2,8,9,10,11,12,13,14,5,5,5,5,2,1,15,16,17,18,19,10,10,5,5,12,12,12,12,13,13,13,13,12,13,13,13,12,12,12,12,12,13,13,13,13,12,20,12,12,21,22,12,12,12,12,12,13,12,23,24,12,12,12,12,12,12,12,25,26,27,28,29,12,12,12,12,30,31,32,12,12,12,33,12,12,12,12,12,12,12,12,12,12,34,35,12,12,12,12,10,10,10,10,10,10,10,10,5,5,5,5,5,5,5,5","0.000545978546142578","louvain","edit-xhwikibooks.graphml"
"0.05","0.78","0.17","0.519603531804915","1,1,1,2,3,2,4,5,2,2,6,7,5,5,5,2,8,9,10,11,12,13,14,5,5,5,5,2,1,15,16,17,18,19,10,10,5,5,12,12,12,12,13,13,13,13,12,13,13,13,12,12,12,12,12,13,13,13,13,12,20,12,12,21,22,12,12,12,12,12,13,12,23,24,12,12,12,12,12,12,12,25,26,27,28,29,12,12,12,12,30,31,32,12,12,12,33,12,12,12,12,12,12,12,12,12,12,34,35,12,12,12,12,10,10,10,10,10,10,10,10,5,5,5,5,5,5,5,5","0.00056004524230957","louvain","edit-xhwikibooks.graphml"
"0.04","0.79","0.17","0.520006436650583","1,1,1,2,3,2,4,5,2,2,6,7,5,5,5,2,8,9,10,11,12,13,14,5,5,5,5,2,1,15,16,17,18,19,10,10,20,5,12,12,12,12,13,13,13,13,12,13,13,13,12,12,12,12,12,13,13,13,13,12,21,12,12,22,23,12,12,12,12,12,13,12,24,25,12,12,12,12,12,12,12,26,27,28,29,30,12,12,12,12,31,32,33,12,12,12,34,12,12,12,12,12,12,12,12,12,12,35,36,12,12,12,12,10,10,10,10,10,10,10,10,20,20,20,20,20,20,20,20","0.000576972961425781","louvain","edit-xhwikibooks.graphml"
"0.03","0.8","0.17","0.521551252065683","1,1,1,2,3,2,4,5,2,2,6,7,5,5,5,2,8,9,10,11,12,13,14,5,5,5,5,2,1,15,16,17,18,19,10,10,5,5,12,12,12,12,13,13,13,13,12,13,13,13,12,12,12,12,12,13,13,13,13,12,20,12,12,21,22,12,12,12,12,12,13,12,23,24,12,12,12,12,12,12,12,25,26,27,28,29,12,12,12,12,30,31,32,12,12,12,33,12,12,12,12,12,12,12,12,12,12,34,35,12,12,12,12,10,10,10,10,10,10,10,10,5,5,5,5,5,5,5,5","0.000572919845581055","louvain","edit-xhwikibooks.graphml"
"0.02","0.81","0.17","0.522013673058623","1,1,1,2,3,2,4,5,2,2,6,7,5,5,5,2,8,9,10,11,12,13,14,5,5,5,5,2,1,15,16,17,18,19,10,10,20,5,12,12,12,12,13,13,13,13,12,13,13,13,12,12,12,12,12,13,13,13,13,12,21,12,12,22,23,12,12,12,12,12,13,12,24,25,12,12,12,12,12,12,12,26,27,28,29,30,12,12,12,12,31,32,33,12,12,12,34,12,12,12,12,12,12,12,12,12,12,35,36,12,12,12,12,10,10,10,10,10,10,10,10,20,20,20,20,20,20,20,20","0.000575065612792969","louvain","edit-xhwikibooks.graphml"
"0.01","0.82","0.17","0.520966168806591","1,1,1,2,3,2,4,5,2,2,6,7,5,5,5,2,8,9,10,11,12,13,14,5,5,5,5,2,1,15,16,17,18,19,10,10,5,5,12,12,12,12,13,13,13,13,12,13,13,13,12,12,12,12,12,13,13,13,13,12,20,12,12,21,22,12,12,12,12,12,13,12,23,24,12,12,12,12,12,12,12,25,26,27,28,29,12,12,12,12,30,31,32,12,12,12,33,12,12,12,12,12,12,12,12,12,12,34,35,12,12,12,12,10,10,10,10,10,10,10,10,5,5,5,5,5,5,5,5","0.000544071197509766","louvain","edit-xhwikibooks.graphml"
"0","0.83","0.17","0.523678718711494","1,1,1,2,1,2,3,4,2,2,5,6,4,4,4,2,7,8,9,10,11,1,12,4,4,4,4,2,1,13,14,15,16,17,9,9,18,4,11,11,11,11,1,1,1,1,11,1,1,1,11,11,11,11,11,1,1,1,1,11,19,11,11,20,21,11,11,11,11,11,1,11,22,23,11,11,11,11,11,11,11,24,25,26,27,28,11,11,11,11,29,30,31,11,11,11,32,11,11,11,11,11,11,11,11,11,11,33,34,11,11,11,11,9,9,9,9,9,9,9,9,18,18,18,18,18,18,18,18","0.000586986541748047","louvain","edit-xhwikibooks.graphml"
"0.82","0","0.18","0.447836603063693","1,1,2,2,2,3,2,3,3,3,2,2,3,3,3,3,3,2,4,2,5,1,3,3,3,3,3,3,1,3,2,4,2,2,4,4,3,3,5,5,5,5,1,1,1,1,5,1,1,1,5,5,5,5,5,1,1,1,1,5,3,5,5,3,3,5,5,5,5,5,1,5,3,3,5,5,5,5,5,5,5,3,3,3,3,1,5,5,5,5,3,2,4,5,5,5,3,5,5,5,5,5,5,5,5,5,5,2,2,5,5,5,5,4,4,4,4,4,4,4,4,3,3,3,3,3,3,3,3","0.000596046447753906","louvain","edit-xhwikibooks.graphml"
"0.81","0.01","0.18","0.447836603063693","1,1,2,2,2,3,2,3,3,3,2,2,3,3,3,3,3,2,4,2,5,1,3,3,3,3,3,3,1,3,2,4,2,2,4,4,3,3,5,5,5,5,1,1,1,1,5,1,1,1,5,5,5,5,5,1,1,1,1,5,3,5,5,3,3,5,5,5,5,5,1,5,3,3,5,5,5,5,5,5,5,3,3,3,3,1,5,5,5,5,3,2,4,5,5,5,3,5,5,5,5,5,5,5,5,5,5,2,2,5,5,5,5,4,4,4,4,4,4,4,4,3,3,3,3,3,3,3,3","0.000589847564697266","louvain","edit-xhwikibooks.graphml"
"0.8","0.02","0.18","0.447836603063693","1,1,2,2,2,3,2,3,3,3,2,2,3,3,3,3,3,2,4,2,5,1,3,3,3,3,3,3,1,3,2,4,2,2,4,4,3,3,5,5,5,5,1,1,1,1,5,1,1,1,5,5,5,5,5,1,1,1,1,5,3,5,5,3,3,5,5,5,5,5,1,5,3,3,5,5,5,5,5,5,5,3,3,3,3,1,5,5,5,5,3,2,4,5,5,5,3,5,5,5,5,5,5,5,5,5,5,2,2,5,5,5,5,4,4,4,4,4,4,4,4,3,3,3,3,3,3,3,3","0.00058293342590332","louvain","edit-xhwikibooks.graphml"
"0.79","0.03","0.18","0.447290669423901","1,1,2,2,2,3,2,3,3,3,2,2,3,3,3,3,3,2,4,2,5,1,3,3,3,3,3,3,1,3,2,4,2,2,4,4,3,3,5,5,5,5,1,1,1,1,5,1,1,1,5,5,5,5,5,1,1,1,1,5,3,5,5,3,3,5,5,5,5,5,1,5,3,3,5,5,5,5,5,5,5,3,3,3,3,1,5,5,5,5,3,2,4,5,5,5,3,5,5,5,5,5,5,5,5,5,5,2,2,5,5,5,5,4,4,4,4,4,4,4,4,3,3,3,3,3,3,3,3","0.000561952590942383","louvain","edit-xhwikibooks.graphml"
"0.78","0.04","0.18","0.447290669423901","1,1,2,2,2,3,2,3,3,3,2,2,3,3,3,3,3,2,4,2,5,1,3,3,3,3,3,3,1,3,2,4,2,2,4,4,3,3,5,5,5,5,1,1,1,1,5,1,1,1,5,5,5,5,5,1,1,1,1,5,3,5,5,3,3,5,5,5,5,5,1,5,3,3,5,5,5,5,5,5,5,3,3,3,3,1,5,5,5,5,3,2,4,5,5,5,3,5,5,5,5,5,5,5,5,5,5,2,2,5,5,5,5,4,4,4,4,4,4,4,4,3,3,3,3,3,3,3,3","0.000607967376708984","louvain","edit-xhwikibooks.graphml"
"0.77","0.05","0.18","0.446745909692853","1,1,2,2,2,3,2,3,3,3,2,2,3,3,3,3,3,2,4,2,5,1,3,3,3,3,3,3,1,3,2,4,2,2,4,4,3,3,5,5,5,5,1,1,1,1,5,1,1,1,5,5,5,5,5,1,1,1,1,5,3,5,5,3,3,5,5,5,5,5,1,5,3,3,5,5,5,5,5,5,5,3,3,3,3,1,5,5,5,5,3,2,4,5,5,5,3,5,5,5,5,5,5,5,5,5,5,2,2,5,5,5,5,4,4,4,4,4,4,4,4,3,3,3,3,3,3,3,3","0.000576019287109375","louvain","edit-xhwikibooks.graphml"
"0.76","0.06","0.18","0.446745909692853","1,1,2,2,2,3,2,3,3,3,2,2,3,3,3,3,3,2,4,2,5,1,3,3,3,3,3,3,1,3,2,4,2,2,4,4,3,3,5,5,5,5,1,1,1,1,5,1,1,1,5,5,5,5,5,1,1,1,1,5,3,5,5,3,3,5,5,5,5,5,1,5,3,3,5,5,5,5,5,5,5,3,3,3,3,1,5,5,5,5,3,2,4,5,5,5,3,5,5,5,5,5,5,5,5,5,5,2,2,5,5,5,5,4,4,4,4,4,4,4,4,3,3,3,3,3,3,3,3","0.000571966171264648","louvain","edit-xhwikibooks.graphml"
"0.75","0.07","0.18","0.44620232110685","1,1,2,2,2,3,2,3,3,3,2,2,3,3,3,3,3,2,4,2,5,1,3,3,3,3,3,3,1,3,2,4,2,2,4,4,3,3,5,5,5,5,1,1,1,1,5,1,1,1,5,5,5,5,5,1,1,1,1,5,3,5,5,3,3,5,5,5,5,5,1,5,3,3,5,5,5,5,5,5,5,3,3,3,3,1,5,5,5,5,3,2,4,5,5,5,3,5,5,5,5,5,5,5,5,5,5,2,2,5,5,5,5,4,4,4,4,4,4,4,4,3,3,3,3,3,3,3,3","0.000602006912231445","louvain","edit-xhwikibooks.graphml"
"0.74","0.08","0.18","0.447681142505491","1,1,2,2,2,3,2,3,3,3,2,2,3,3,3,3,3,2,4,2,5,1,3,3,3,3,3,3,1,3,2,4,2,2,4,4,3,3,5,5,5,5,1,1,1,1,5,1,1,1,5,5,5,5,5,1,1,1,1,5,3,5,5,3,3,5,5,5,5,5,1,5,3,3,5,5,5,5,5,5,5,3,3,3,3,1,5,5,5,5,3,2,4,5,5,5,3,5,5,5,5,5,5,5,5,5,5,2,2,5,5,5,5,4,4,4,4,4,4,4,4,3,3,3,3,3,3,3,3","0.000572919845581055","louvain","edit-xhwikibooks.graphml"
"0.73","0.09","0.18","0.442906574394464","1,1,2,2,2,3,2,3,3,3,2,2,3,3,3,3,3,2,4,2,5,1,3,3,3,3,3,3,1,3,2,4,2,2,4,4,3,3,5,5,5,5,1,1,1,1,5,1,1,1,5,5,5,5,5,1,1,1,1,5,3,5,5,3,3,5,5,5,5,5,1,5,3,3,5,5,5,5,5,5,5,3,3,3,3,1,5,5,5,5,3,2,4,5,5,5,3,5,5,5,5,5,5,5,5,5,5,2,2,5,5,5,5,4,4,4,4,4,4,4,4,3,3,3,3,3,3,3,3","0.000810146331787109","louvain","edit-xhwikibooks.graphml"
"0.72","0.1","0.18","0.442975992139775","1,1,2,2,2,3,2,3,3,3,2,2,3,3,3,4,3,2,5,2,6,1,3,3,3,3,3,4,1,3,2,5,2,2,5,5,3,3,6,6,6,6,1,1,1,1,6,1,1,1,6,6,6,6,6,1,1,1,1,6,3,6,6,3,3,6,6,6,6,6,1,6,3,3,6,6,6,6,6,6,6,3,4,4,4,1,6,6,6,6,3,2,5,6,6,6,4,6,6,6,6,6,6,6,6,6,6,2,2,6,6,6,6,5,5,5,5,5,5,5,5,3,3,3,3,3,3,3,3","0.000603914260864258","louvain","edit-xhwikibooks.graphml"
"0.71","0.11","0.18","0.442431387368303","1,1,2,2,2,3,2,3,3,3,2,2,3,3,3,4,3,2,5,2,6,1,3,3,3,3,3,4,1,3,2,5,2,2,5,5,3,3,6,6,6,6,1,1,1,1,6,1,1,1,6,6,6,6,6,1,1,1,1,6,3,6,6,3,3,6,6,6,6,6,1,6,3,3,6,6,6,6,6,6,6,3,4,4,4,1,6,6,6,6,3,2,5,6,6,6,4,6,6,6,6,6,6,6,6,6,6,2,2,6,6,6,6,5,5,5,5,5,5,5,5,3,3,3,3,3,3,3,3","0.000547885894775391","louvain","edit-xhwikibooks.graphml"
"0.7","0.12","0.18","0.445367175622976","1,1,2,2,2,3,2,3,3,3,2,2,3,3,3,4,3,2,5,2,6,1,3,3,3,3,3,4,1,3,2,5,2,2,5,5,3,3,6,6,6,6,1,1,1,1,6,1,1,1,6,6,6,6,6,1,1,1,1,6,3,6,6,3,3,6,6,6,6,6,1,6,3,3,6,6,6,6,6,6,6,3,4,4,4,1,6,6,6,6,3,2,5,6,6,6,4,6,6,6,6,6,6,6,6,6,6,2,2,6,6,6,6,5,5,5,5,5,5,5,5,3,3,3,3,3,3,3,3","0.000586986541748047","louvain","edit-xhwikibooks.graphml"
"0.69","0.13","0.18","0.444823642266824","1,1,2,2,2,3,2,3,3,3,2,2,3,3,3,4,3,2,5,2,6,1,3,3,3,3,3,4,1,3,2,5,2,2,5,5,3,3,6,6,6,6,1,1,1,1,6,1,1,1,6,6,6,6,6,1,1,1,1,6,3,6,6,3,3,6,6,6,6,6,1,6,3,3,6,6,6,6,6,6,6,3,4,4,4,1,6,6,6,6,3,2,5,6,6,6,4,6,6,6,6,6,6,6,6,6,6,2,2,6,6,6,6,5,5,5,5,5,5,5,5,3,3,3,3,3,3,3,3","0.000581979751586914","louvain","edit-xhwikibooks.graphml"
"0.68","0.14","0.18","0.446293431120941","1,1,2,2,2,3,2,3,3,3,2,2,3,3,3,4,3,2,5,2,6,1,3,3,3,3,3,4,1,3,2,5,2,2,5,5,3,3,6,6,6,6,1,1,1,1,6,1,1,1,6,6,6,6,6,1,1,1,1,6,3,6,6,3,3,6,6,6,6,6,1,6,3,3,6,6,6,6,6,6,6,3,4,4,4,1,6,6,6,6,3,2,5,6,6,6,4,6,6,6,6,6,6,6,6,6,6,2,2,6,6,6,6,5,5,5,5,5,5,5,5,3,3,3,3,3,3,3,3","0.000595808029174805","louvain","edit-xhwikibooks.graphml"
"0.67","0.15","0.18","0.448636836628512","1,1,2,2,2,3,2,3,3,3,2,2,3,3,3,4,3,2,5,2,6,1,3,3,3,3,3,4,1,3,2,5,2,2,5,5,3,3,6,6,6,6,1,1,1,1,6,1,1,1,6,6,6,6,6,1,1,1,1,6,3,6,6,3,3,6,6,6,6,6,1,6,3,3,6,6,6,6,6,6,6,3,4,4,4,1,6,6,6,6,3,2,5,6,6,6,4,6,6,6,6,6,6,6,6,6,6,2,2,6,6,6,6,5,5,5,5,5,5,5,5,3,3,3,3,3,3,3,3","0.000566959381103516","louvain","edit-xhwikibooks.graphml"
"0.66","0.16","0.18","0.450081811840546","1,1,2,2,2,3,2,3,3,3,2,2,3,3,3,4,3,2,5,2,6,1,3,3,3,3,3,4,1,3,2,5,2,2,5,5,3,3,6,6,6,6,1,1,1,1,6,1,1,1,6,6,6,6,6,1,1,1,1,6,3,6,6,3,3,6,6,6,6,6,1,6,3,3,6,6,6,6,6,6,6,3,4,4,4,1,6,6,6,6,3,2,5,6,6,6,4,6,6,6,6,6,6,6,6,6,6,2,2,6,6,6,6,5,5,5,5,5,5,5,5,3,3,3,3,3,3,3,3","0.000584125518798828","louvain","edit-xhwikibooks.graphml"
"0.65","0.17","0.18","0.42531247865583","1,1,2,2,2,3,2,3,3,3,2,2,3,3,3,4,3,2,5,2,6,1,3,3,3,3,3,4,1,3,2,5,2,2,5,5,3,3,6,6,6,6,1,1,1,1,6,1,1,1,6,6,6,6,6,1,1,1,1,6,3,6,6,3,3,6,6,6,6,6,1,6,3,3,6,6,6,6,6,6,6,3,4,4,4,1,6,6,6,6,3,2,5,6,6,6,4,6,6,6,6,6,6,6,6,6,6,2,2,6,6,6,6,5,5,5,5,5,5,5,5,3,3,3,3,3,3,3,3","0.000595808029174805","louvain","edit-xhwikibooks.graphml"
"0.64","0.18","0.18","0.42531247865583","1,1,2,2,2,3,2,3,3,3,2,2,3,3,3,4,3,2,5,2,6,1,3,3,3,3,3,4,1,3,2,5,2,2,5,5,3,3,6,6,6,6,1,1,1,1,6,1,1,1,6,6,6,6,6,1,1,1,1,6,3,6,6,3,3,6,6,6,6,6,1,6,3,3,6,6,6,6,6,6,6,3,4,4,4,1,6,6,6,6,3,2,5,6,6,6,4,6,6,6,6,6,6,6,6,6,6,2,2,6,6,6,6,5,5,5,5,5,5,5,5,3,3,3,3,3,3,3,3","0.000560998916625977","louvain","edit-xhwikibooks.graphml"
"0.63","0.19","0.18","0.417756944444444","1,1,2,2,2,3,2,3,3,3,2,2,3,3,3,4,3,2,5,2,6,1,3,3,3,3,3,4,1,3,2,5,2,2,5,5,3,3,6,6,6,6,1,1,1,1,6,1,1,1,6,6,6,6,6,1,1,1,1,6,7,6,6,3,3,6,6,6,6,6,1,6,3,3,6,6,6,6,6,6,6,3,4,4,4,8,6,6,6,6,9,10,11,6,6,6,4,6,6,6,6,6,6,6,6,6,6,2,2,6,6,6,6,5,5,5,5,5,5,5,5,3,3,3,3,3,3,3,3","0.000561952590942383","louvain","edit-xhwikibooks.graphml"
"0.62","0.2","0.18","0.420868699020982","1,1,2,2,2,3,2,3,3,3,2,2,3,3,3,4,3,2,5,2,6,1,3,3,3,3,3,4,1,3,2,5,2,2,5,5,3,3,6,6,6,6,1,1,1,1,6,1,1,1,6,6,6,6,6,1,1,1,1,6,7,6,6,3,3,6,6,6,6,6,1,6,3,3,6,6,6,6,6,6,6,3,4,4,4,8,6,6,6,6,9,10,11,6,6,6,4,6,6,6,6,6,6,6,6,6,6,2,2,6,6,6,6,5,5,5,5,5,5,5,5,3,3,3,3,3,3,3,3","0.000557899475097656","louvain","edit-xhwikibooks.graphml"
"0.61","0.21","0.18","0.420329254776422","1,1,2,2,2,3,2,3,3,3,2,2,3,3,3,4,3,2,5,2,6,1,3,3,3,3,3,4,1,3,2,5,2,2,5,5,3,3,6,6,6,6,1,1,1,1,6,1,1,1,6,6,6,6,6,1,1,1,1,6,7,6,6,3,3,6,6,6,6,6,1,6,3,3,6,6,6,6,6,6,6,3,4,4,4,8,6,6,6,6,9,10,11,6,6,6,4,6,6,6,6,6,6,6,6,6,6,2,2,6,6,6,6,5,5,5,5,5,5,5,5,3,3,3,3,3,3,3,3","0.000647068023681641","louvain","edit-xhwikibooks.graphml"
"0.6","0.22","0.18","0.420329254776422","1,1,2,2,2,3,2,3,3,3,2,2,3,3,3,4,3,2,5,2,6,1,3,3,3,3,3,4,1,3,2,5,2,2,5,5,3,3,6,6,6,6,1,1,1,1,6,1,1,1,6,6,6,6,6,1,1,1,1,6,7,6,6,3,3,6,6,6,6,6,1,6,3,3,6,6,6,6,6,6,6,3,4,4,4,8,6,6,6,6,9,10,11,6,6,6,4,6,6,6,6,6,6,6,6,6,6,2,2,6,6,6,6,5,5,5,5,5,5,5,5,3,3,3,3,3,3,3,3","0.000553131103515625","louvain","edit-xhwikibooks.graphml"
"0.59","0.23","0.18","0.42104940692089","1,1,1,1,1,1,2,1,3,1,2,2,3,3,3,1,1,2,4,2,5,1,3,3,3,3,3,1,1,1,2,4,2,2,4,4,3,3,5,5,5,5,1,1,1,1,5,1,1,1,5,5,5,5,5,1,1,1,1,5,6,5,5,3,3,5,5,5,5,5,1,5,3,3,5,5,5,5,5,5,5,3,1,1,1,7,5,5,5,5,8,9,10,5,5,5,1,5,5,5,5,5,5,5,5,5,5,2,2,5,5,5,5,4,4,4,4,4,4,4,4,3,3,3,3,3,3,3,3","0.00055384635925293","louvain","edit-xhwikibooks.graphml"
"0.58","0.24","0.18","0.423305532108921","1,1,2,2,2,3,2,3,3,3,2,2,3,3,3,1,3,2,4,2,5,1,3,3,3,3,3,1,1,3,2,4,2,2,4,4,3,3,5,5,5,5,1,1,1,1,5,1,1,1,5,5,5,5,5,1,1,1,1,5,6,5,5,3,3,5,5,5,5,5,1,5,3,3,5,5,5,5,5,5,5,3,1,1,1,7,5,5,5,5,8,9,10,5,5,5,1,5,5,5,5,5,5,5,5,5,5,2,2,5,5,5,5,4,4,4,4,4,4,4,4,3,3,3,3,3,3,3,3","0.000576972961425781","louvain","edit-xhwikibooks.graphml"
"0.57","0.25","0.18","0.427278401161467","1,1,1,1,1,2,3,2,2,2,3,3,2,2,2,4,2,3,3,3,5,1,2,2,2,2,2,4,1,2,3,3,3,3,3,3,2,2,5,5,5,5,1,1,1,1,5,1,1,1,5,5,5,5,5,1,1,1,1,5,6,5,5,2,2,5,5,5,5,5,1,5,2,2,5,5,5,5,5,5,5,2,4,4,4,7,5,5,5,5,8,9,10,5,5,5,4,5,5,5,5,5,5,5,5,5,5,3,3,5,5,5,5,3,3,3,3,3,3,3,3,2,2,2,2,2,2,2,2","0.000566959381103516","louvain","edit-xhwikibooks.graphml"
"0.56","0.26","0.18","0.428819969945436","1,1,2,2,2,3,2,3,3,3,2,2,3,3,3,4,3,2,5,2,6,1,3,3,3,3,3,4,1,3,2,5,2,2,5,5,3,3,6,6,6,6,1,1,1,1,6,1,1,1,6,6,6,6,6,1,1,1,1,6,7,6,6,3,3,6,6,6,6,6,1,6,3,3,6,6,6,6,6,6,6,3,4,4,4,8,6,6,6,6,9,10,11,6,6,6,4,6,6,6,6,6,6,6,6,6,6,2,2,6,6,6,6,5,5,5,5,5,5,5,5,3,3,3,3,3,3,3,3","0.000730991363525391","louvain","edit-xhwikibooks.graphml"
"0.55","0.27","0.18","0.423438522020687","1,1,2,2,2,2,3,4,2,2,3,3,4,4,4,2,2,3,3,3,5,1,4,4,4,4,4,2,1,2,3,3,3,3,3,3,4,4,5,5,5,5,1,1,1,1,5,1,1,1,5,5,5,5,5,1,1,1,1,5,6,5,5,4,4,5,5,5,5,5,1,5,4,4,5,5,5,5,5,5,5,4,2,2,2,7,5,5,5,5,8,9,10,5,5,5,2,5,5,5,5,5,5,5,5,5,5,3,3,5,5,5,5,3,3,3,3,3,3,3,3,4,4,4,4,4,4,4,4","0.000606060028076172","louvain","edit-xhwikibooks.graphml"
"0.54","0.28","0.18","0.425612258379372","1,1,2,2,2,3,2,3,3,3,2,2,3,3,3,4,3,2,5,2,6,1,3,3,3,3,3,4,1,3,2,5,2,2,5,5,3,3,6,6,6,6,1,1,1,1,6,1,1,1,6,6,6,6,6,1,1,1,1,6,7,6,6,3,3,6,6,6,6,6,1,6,3,3,6,6,6,6,6,6,6,3,4,4,4,8,6,6,6,6,9,10,11,6,6,6,4,6,6,6,6,6,6,6,6,6,6,2,2,6,6,6,6,5,5,5,5,5,5,5,5,3,3,3,3,3,3,3,3","0.000619173049926758","louvain","edit-xhwikibooks.graphml"
"0.53","0.29","0.18","0.428702108908955","1,1,2,2,2,3,2,3,3,3,2,2,3,3,3,4,3,2,5,2,6,1,3,3,3,3,3,4,1,3,2,5,2,2,5,5,3,3,6,6,6,6,1,1,1,1,6,1,1,1,6,6,6,6,6,1,1,1,1,6,7,6,6,3,3,6,6,6,6,6,1,6,3,3,6,6,6,6,6,6,6,3,4,4,4,8,6,6,6,6,9,10,11,6,6,6,4,6,6,6,6,6,6,6,6,6,6,2,2,6,6,6,6,5,5,5,5,5,5,5,5,3,3,3,3,3,3,3,3","0.000596046447753906","louvain","edit-xhwikibooks.graphml"
"0.52","0.3","0.18","0.428818776966124","1,1,2,2,2,2,2,3,2,2,2,2,3,3,3,2,2,2,4,2,5,1,3,3,3,3,3,2,1,2,2,4,2,2,4,4,3,3,5,5,5,5,1,1,1,1,5,1,1,1,5,5,5,5,5,1,1,1,1,5,6,5,5,3,3,5,5,5,5,5,1,5,3,3,5,5,5,5,5,5,5,3,2,2,2,7,5,5,5,5,8,9,10,5,5,5,2,5,5,5,5,5,5,5,5,5,5,2,2,5,5,5,5,4,4,4,4,4,4,4,4,3,3,3,3,3,3,3,3","0.000644922256469727","louvain","edit-xhwikibooks.graphml"
"0.51","0.31","0.18","0.429754716328383","1,1,2,2,2,3,2,3,3,3,2,2,3,3,3,4,3,2,5,2,6,1,3,3,3,3,3,4,1,3,2,5,2,2,5,5,3,3,6,6,6,6,1,1,1,1,6,1,1,1,6,6,6,6,6,1,1,1,1,6,7,6,6,3,3,6,6,6,6,6,1,6,3,3,6,6,6,6,6,6,6,3,4,4,4,8,6,6,6,6,9,10,11,6,6,6,4,6,6,6,6,6,6,6,6,6,6,2,2,6,6,6,6,5,5,5,5,5,5,5,5,3,3,3,3,3,3,3,3","0.00061488151550293","louvain","edit-xhwikibooks.graphml"
"0.5","0.32","0.18","0.429215429341425","1,1,2,2,2,3,2,3,3,3,2,2,3,3,3,4,3,2,5,2,6,1,3,3,3,3,3,4,1,3,2,5,2,2,5,5,3,3,6,6,6,6,1,1,1,1,6,1,1,1,6,6,6,6,6,1,1,1,1,6,7,6,6,3,3,6,6,6,6,6,1,6,3,3,6,6,6,6,6,6,6,3,4,4,4,8,6,6,6,6,9,10,11,6,6,6,4,6,6,6,6,6,6,6,6,6,6,2,2,6,6,6,6,5,5,5,5,5,5,5,5,3,3,3,3,3,3,3,3","0.000615119934082031","louvain","edit-xhwikibooks.graphml"
"0.49","0.33","0.18","0.429867956158686","1,1,2,2,2,2,2,3,2,2,2,2,3,3,3,2,2,2,4,2,5,1,3,3,3,3,3,2,1,2,2,4,2,2,4,4,3,3,5,5,5,5,1,1,1,1,5,1,1,1,5,5,5,5,5,1,1,1,1,5,6,5,5,3,3,5,5,5,5,5,1,5,3,3,5,5,5,5,5,5,5,3,2,2,2,7,5,5,5,5,8,9,10,5,5,5,2,5,5,5,5,5,5,5,5,5,5,2,2,5,5,5,5,4,4,4,4,4,4,4,4,3,3,3,3,3,3,3,3","0.000600814819335938","louvain","edit-xhwikibooks.graphml"
"0.48","0.34","0.18","0.45016441673133","1,1,2,2,2,3,2,3,3,3,2,2,3,3,3,4,3,2,5,2,6,1,3,3,3,3,3,4,1,3,2,5,2,2,5,5,3,3,6,6,6,6,1,1,1,1,6,1,1,1,6,6,6,6,6,1,1,1,1,6,7,6,6,3,3,6,6,6,6,6,1,6,3,3,6,6,6,6,6,6,6,3,4,4,4,8,6,6,6,6,9,10,11,6,6,6,4,6,6,6,6,6,6,6,6,6,6,2,2,6,6,6,6,5,5,5,5,5,5,5,5,3,3,3,3,3,3,3,3","0.00061798095703125","louvain","edit-xhwikibooks.graphml"
"0.47","0.35","0.18","0.45016441673133","1,1,2,2,2,3,2,3,3,3,2,2,3,3,3,4,3,2,5,2,6,1,3,3,3,3,3,4,1,3,2,5,2,2,5,5,3,3,6,6,6,6,1,1,1,1,6,1,1,1,6,6,6,6,6,1,1,1,1,6,7,6,6,3,3,6,6,6,6,6,1,6,3,3,6,6,6,6,6,6,6,3,4,4,4,8,6,6,6,6,9,10,11,6,6,6,4,6,6,6,6,6,6,6,6,6,6,2,2,6,6,6,6,5,5,5,5,5,5,5,5,3,3,3,3,3,3,3,3","0.000597000122070312","louvain","edit-xhwikibooks.graphml"
"0.46","0.36","0.18","0.449623330813807","1,1,2,2,2,3,2,3,3,3,2,2,3,3,3,4,3,2,5,2,6,1,3,3,3,3,3,4,1,3,2,5,2,2,5,5,3,3,6,6,6,6,1,1,1,1,6,1,1,1,6,6,6,6,6,1,1,1,1,6,7,6,6,3,3,6,6,6,6,6,1,6,3,3,6,6,6,6,6,6,6,3,4,4,4,8,6,6,6,6,9,10,11,6,6,6,4,6,6,6,6,6,6,6,6,6,6,2,2,6,6,6,6,5,5,5,5,5,5,5,5,3,3,3,3,3,3,3,3","0.000598907470703125","louvain","edit-xhwikibooks.graphml"
"0.45","0.37","0.18","0.43851146532656","1,1,2,2,2,3,2,3,3,3,2,2,3,3,3,4,5,2,6,2,7,1,3,3,3,3,3,4,1,8,9,6,2,2,6,6,3,3,7,7,7,7,1,1,1,1,7,1,1,1,7,7,7,7,7,1,1,1,1,7,10,7,7,11,12,7,7,7,7,7,1,7,3,3,7,7,7,7,7,7,7,13,4,4,4,14,7,7,7,7,15,16,17,7,7,7,18,7,7,7,7,7,7,7,7,7,7,19,20,7,7,7,7,6,6,6,6,6,6,6,6,3,3,3,3,3,3,3,3","0.000659942626953125","louvain","edit-xhwikibooks.graphml"
"0.44","0.38","0.18","0.437686748482749","1,1,2,2,2,3,2,3,3,3,2,2,3,3,3,3,4,2,5,2,6,1,3,3,3,3,3,3,1,7,8,5,2,2,5,5,9,3,6,6,6,6,1,1,1,1,6,1,1,1,6,6,6,6,6,1,1,1,1,6,10,6,6,11,12,6,6,6,6,6,1,6,3,3,6,6,6,6,6,6,6,13,3,3,3,14,6,6,6,6,15,16,17,6,6,6,18,6,6,6,6,6,6,6,6,6,6,19,20,6,6,6,6,5,5,5,5,5,5,5,5,9,9,9,9,9,9,9,9","0.000615119934082031","louvain","edit-xhwikibooks.graphml"
"0.43","0.39","0.18","0.439503360995958","1,1,2,2,2,3,2,3,3,3,2,2,3,3,3,4,5,2,6,2,7,1,3,3,3,3,3,4,1,8,9,6,2,2,6,6,3,3,7,7,7,7,1,1,1,1,7,1,1,1,7,7,7,7,7,1,1,1,1,7,10,7,7,11,12,7,7,7,7,7,1,7,3,3,7,7,7,7,7,7,7,13,4,4,4,14,7,7,7,7,15,16,17,7,7,7,18,7,7,7,7,7,7,7,7,7,7,19,20,7,7,7,7,6,6,6,6,6,6,6,6,3,3,3,3,3,3,3,3","0.000591039657592773","louvain","edit-xhwikibooks.graphml"
"0.42","0.4","0.18","0.44182343394339","1,1,2,2,2,3,2,3,3,3,2,2,3,3,3,4,5,2,6,2,7,1,3,3,3,3,3,4,1,8,9,6,2,2,6,6,3,3,7,7,7,7,1,1,1,1,7,1,1,1,7,7,7,7,7,1,1,1,1,7,10,7,7,11,12,7,7,7,7,7,1,7,3,3,7,7,7,7,7,7,7,13,4,4,4,14,7,7,7,7,15,16,17,7,7,7,18,7,7,7,7,7,7,7,7,7,7,19,20,7,7,7,7,6,6,6,6,6,6,6,6,3,3,3,3,3,3,3,3","0.000555992126464844","louvain","edit-xhwikibooks.graphml"
"0.41","0.41","0.18","0.44182343394339","1,1,2,2,2,3,2,3,3,3,2,2,3,3,3,4,5,2,6,2,7,1,3,3,3,3,3,4,1,8,9,6,2,2,6,6,3,3,7,7,7,7,1,1,1,1,7,1,1,1,7,7,7,7,7,1,1,1,1,7,10,7,7,11,12,7,7,7,7,7,1,7,3,3,7,7,7,7,7,7,7,13,4,4,4,14,7,7,7,7,15,16,17,7,7,7,18,7,7,7,7,7,7,7,7,7,7,19,20,7,7,7,7,6,6,6,6,6,6,6,6,3,3,3,3,3,3,3,3","0.000597953796386719","louvain","edit-xhwikibooks.graphml"
"0.4","0.42","0.18","0.441285176112675","1,1,2,2,2,3,2,3,3,3,2,2,3,3,3,4,5,2,6,2,7,1,3,3,3,3,3,4,1,8,9,6,2,2,6,6,3,3,7,7,7,7,1,1,1,1,7,1,1,1,7,7,7,7,7,1,1,1,1,7,10,7,7,11,12,7,7,7,7,7,1,7,3,3,7,7,7,7,7,7,7,13,4,4,4,14,7,7,7,7,15,16,17,7,7,7,18,7,7,7,7,7,7,7,7,7,7,19,20,7,7,7,7,6,6,6,6,6,6,6,6,3,3,3,3,3,3,3,3","0.000663042068481445","louvain","edit-xhwikibooks.graphml"
"0.39","0.43","0.18","0.444170346349342","1,1,2,2,2,3,2,3,3,3,2,2,3,3,3,4,5,2,6,2,7,1,3,3,3,3,3,4,1,8,9,6,2,2,6,6,3,3,7,7,7,7,1,1,1,1,7,1,1,1,7,7,7,7,7,1,1,1,1,7,10,7,7,11,12,7,7,7,7,7,1,7,3,3,7,7,7,7,7,7,7,13,4,4,4,14,7,7,7,7,15,16,17,7,7,7,18,7,7,7,7,7,7,7,7,7,7,19,20,7,7,7,7,6,6,6,6,6,6,6,6,3,3,3,3,3,3,3,3","0.000547885894775391","louvain","edit-xhwikibooks.graphml"
"0.38","0.44","0.18","0.44363315696649","1,1,2,2,2,3,2,3,3,3,2,2,3,3,3,4,5,2,6,2,7,1,3,3,3,3,3,4,1,8,9,6,2,2,6,6,3,3,7,7,7,7,1,1,1,1,7,1,1,1,7,7,7,7,7,1,1,1,1,7,10,7,7,11,12,7,7,7,7,7,1,7,3,3,7,7,7,7,7,7,7,13,4,4,4,14,7,7,7,7,15,16,17,7,7,7,18,7,7,7,7,7,7,7,7,7,7,19,20,7,7,7,7,6,6,6,6,6,6,6,6,3,3,3,3,3,3,3,3","0.000557899475097656","louvain","edit-xhwikibooks.graphml"
"0.37","0.45","0.18","0.427514804481667","1,1,2,2,2,3,2,3,3,3,2,2,3,3,3,4,5,2,6,2,7,1,3,3,3,3,3,4,1,8,9,6,2,2,6,6,3,3,7,7,7,7,1,1,1,1,7,1,1,1,7,7,7,7,7,1,1,1,1,7,10,7,7,11,12,7,7,7,7,7,1,7,3,3,7,7,7,7,7,7,7,13,4,4,4,14,7,7,7,7,15,16,17,7,7,7,18,7,7,7,7,7,7,7,7,7,7,19,20,7,7,7,7,6,6,6,6,6,6,6,6,3,3,3,3,3,3,3,3","0.000576019287109375","louvain","edit-xhwikibooks.graphml"
"0.36","0.46","0.18","0.426979708636837","1,1,2,2,2,3,2,3,3,3,2,2,3,3,3,4,5,2,6,2,7,1,3,3,3,3,3,4,1,8,9,6,2,2,6,6,3,3,7,7,7,7,1,1,1,1,7,1,1,1,7,7,7,7,7,1,1,1,1,7,10,7,7,11,12,7,7,7,7,7,1,7,3,3,7,7,7,7,7,7,7,13,4,4,4,14,7,7,7,7,15,16,17,7,7,7,18,7,7,7,7,7,7,7,7,7,7,19,20,7,7,7,7,6,6,6,6,6,6,6,6,3,3,3,3,3,3,3,3","0.000552892684936523","louvain","edit-xhwikibooks.graphml"
"0.35","0.47","0.18","0.454499810964083","1,1,2,2,2,3,2,3,3,3,2,2,3,3,3,4,5,2,6,2,7,1,3,3,3,3,3,4,1,8,9,6,2,2,6,6,3,3,7,7,7,7,1,1,1,1,7,1,1,1,7,7,7,7,7,1,1,1,1,7,10,7,7,11,12,7,7,7,7,7,1,7,3,3,7,7,7,7,7,7,7,13,4,4,4,14,7,7,7,7,15,16,17,7,7,7,18,7,7,7,7,7,7,7,7,7,7,19,20,7,7,7,7,6,6,6,6,6,6,6,6,3,3,3,3,3,3,3,3","0.000543117523193359","louvain","edit-xhwikibooks.graphml"
"0.34","0.48","0.18","0.453905647183642","1,1,2,2,2,3,2,3,3,3,2,2,3,3,3,4,5,2,6,2,7,1,3,3,3,3,3,4,1,8,9,6,2,2,6,6,3,3,7,7,7,7,1,1,1,1,7,1,1,1,7,7,7,7,7,1,1,1,1,7,10,7,7,11,12,7,7,7,7,7,1,7,3,3,7,7,7,7,7,7,7,13,4,4,4,14,7,7,7,7,15,16,17,7,7,7,18,7,7,7,7,7,7,7,7,7,7,19,20,7,7,7,7,6,6,6,6,6,6,6,6,3,3,3,3,3,3,3,3","0.000617027282714844","louvain","edit-xhwikibooks.graphml"
"0.33","0.49","0.18","0.453905647183642","1,1,2,2,2,3,2,3,3,3,2,2,3,3,3,4,5,2,6,2,7,1,3,3,3,3,3,4,1,8,9,6,2,2,6,6,3,3,7,7,7,7,1,1,1,1,7,1,1,1,7,7,7,7,7,1,1,1,1,7,10,7,7,11,12,7,7,7,7,7,1,7,3,3,7,7,7,7,7,7,7,13,4,4,4,14,7,7,7,7,15,16,17,7,7,7,18,7,7,7,7,7,7,7,7,7,7,19,20,7,7,7,7,6,6,6,6,6,6,6,6,3,3,3,3,3,3,3,3","0.000583171844482422","louvain","edit-xhwikibooks.graphml"
"0.32","0.5","0.18","0.513249369232006","1,1,2,2,2,3,2,4,3,3,2,2,4,4,4,3,5,2,6,2,7,1,4,4,4,4,4,3,1,8,9,6,2,2,6,6,4,4,7,7,7,7,1,1,1,1,7,1,1,1,7,7,7,7,7,1,1,1,1,7,10,7,7,11,12,7,7,7,7,7,1,7,4,4,7,7,7,7,7,7,7,13,3,3,3,14,7,7,7,7,15,16,17,7,7,7,18,7,7,7,7,7,7,7,7,7,7,19,20,7,7,7,7,6,6,6,6,6,6,6,6,4,4,4,4,4,4,4,4","0.000622987747192383","louvain","edit-xhwikibooks.graphml"
"0.31","0.51","0.18","0.513249369232006","1,1,2,2,2,3,2,4,3,3,2,2,4,4,4,3,5,2,6,2,7,1,4,4,4,4,4,3,1,8,9,6,2,2,6,6,4,4,7,7,7,7,1,1,1,1,7,1,1,1,7,7,7,7,7,1,1,1,1,7,10,7,7,11,12,7,7,7,7,7,1,7,4,4,7,7,7,7,7,7,7,13,3,3,3,14,7,7,7,7,15,16,17,7,7,7,18,7,7,7,7,7,7,7,7,7,7,19,20,7,7,7,7,6,6,6,6,6,6,6,6,4,4,4,4,4,4,4,4","0.021820068359375","louvain","edit-xhwikibooks.graphml"
"0.3","0.52","0.18","0.50494434954217","1,1,2,2,2,3,2,4,3,3,2,2,4,4,4,3,5,2,6,2,7,1,4,4,4,4,4,3,1,8,9,6,2,2,6,6,4,4,7,7,7,7,1,1,1,1,7,1,1,1,7,7,7,7,7,1,1,1,1,7,10,7,7,11,12,7,7,7,7,7,1,7,4,4,7,7,7,7,7,7,7,13,3,3,3,14,7,7,7,7,15,16,17,7,7,7,18,7,7,7,7,7,7,7,7,7,7,19,20,7,7,7,7,6,6,6,6,6,6,6,6,4,4,4,4,4,4,4,4","0.00065302848815918","louvain","edit-xhwikibooks.graphml"
"0.29","0.53","0.18","0.504154934232269","1,1,2,2,2,3,2,3,3,3,2,2,3,3,3,4,5,2,6,2,7,1,3,3,3,3,3,4,1,8,9,6,2,2,6,6,10,3,7,7,7,7,1,1,1,1,7,1,1,1,7,7,7,7,7,1,1,1,1,7,11,7,7,12,13,7,7,7,7,7,1,7,3,3,7,7,7,7,7,7,7,14,4,4,4,15,7,7,7,7,16,17,18,7,7,7,19,7,7,7,7,7,7,7,7,7,7,20,21,7,7,7,7,6,6,6,6,6,6,6,6,10,10,10,10,10,10,10,10","0.000570058822631836","louvain","edit-xhwikibooks.graphml"
"0.28","0.54","0.18","0.505677865154326","1,1,2,2,3,2,3,4,2,2,3,3,4,4,4,2,5,3,6,3,7,1,4,4,4,4,4,2,1,8,9,6,3,3,6,6,4,4,7,7,7,7,1,1,1,1,7,1,1,1,7,7,7,7,7,1,1,1,1,7,10,7,7,11,12,7,7,7,7,7,1,7,4,4,7,7,7,7,7,7,7,13,2,2,2,14,7,7,7,7,15,16,17,7,7,7,18,7,7,7,7,7,7,7,7,7,7,19,20,7,7,7,7,6,6,6,6,6,6,6,6,4,4,4,4,4,4,4,4","0.000514984130859375","louvain","edit-xhwikibooks.graphml"
"0.27","0.55","0.18","0.488941417841693","1,1,1,2,3,2,4,5,2,2,4,6,5,5,5,2,7,8,4,9,10,1,11,5,5,5,5,2,1,12,13,14,9,15,4,4,5,5,10,10,10,10,1,1,1,1,10,1,1,1,10,10,10,10,10,1,1,1,1,10,16,10,10,17,18,10,10,10,10,10,1,10,19,20,10,10,10,10,10,10,10,21,22,23,24,25,10,10,10,10,26,27,28,10,10,10,29,10,10,10,10,10,10,10,10,10,10,30,31,10,10,10,10,4,4,4,4,4,4,4,4,5,5,5,5,5,5,5,5","0.00049591064453125","louvain","edit-xhwikibooks.graphml"
"0.26","0.56","0.18","0.491574346014617","1,1,1,2,3,2,4,5,2,2,4,6,5,5,5,2,7,8,4,9,10,1,11,5,5,5,5,2,1,12,13,14,9,15,4,4,5,5,10,10,10,10,1,1,1,1,10,1,1,1,10,10,10,10,10,1,1,1,1,10,16,10,10,17,18,10,10,10,10,10,1,10,19,20,10,10,10,10,10,10,10,21,22,23,24,25,10,10,10,10,26,27,28,10,10,10,29,10,10,10,10,10,10,10,10,10,10,30,31,10,10,10,10,4,4,4,4,4,4,4,4,5,5,5,5,5,5,5,5","0.000493049621582031","louvain","edit-xhwikibooks.graphml"
"0.25","0.57","0.18","0.49234900895375","1,1,1,2,3,2,4,5,2,2,4,6,5,5,5,2,7,8,4,9,10,1,11,5,5,5,5,2,1,12,13,14,9,15,4,4,5,5,10,10,10,10,1,1,1,1,10,1,1,1,10,10,10,10,10,1,1,1,1,10,16,10,10,17,18,10,10,10,10,10,1,10,19,20,10,10,10,10,10,10,10,21,22,23,24,25,10,10,10,10,26,27,28,10,10,10,29,10,10,10,10,10,10,10,10,10,10,30,31,10,10,10,10,4,4,4,4,4,4,4,4,5,5,5,5,5,5,5,5","0.00049591064453125","louvain","edit-xhwikibooks.graphml"
"0.24","0.58","0.18","0.494936381211224","1,1,1,2,3,2,4,5,2,2,4,6,5,5,5,2,7,8,4,9,10,1,11,5,5,5,5,2,1,12,13,14,9,15,4,4,5,5,10,10,10,10,1,1,1,1,10,1,1,1,10,10,10,10,10,1,1,1,1,10,16,10,10,17,18,10,10,10,10,10,1,10,19,20,10,10,10,10,10,10,10,21,22,23,24,25,10,10,10,10,26,27,28,10,10,10,29,10,10,10,10,10,10,10,10,10,10,30,31,10,10,10,10,4,4,4,4,4,4,4,4,5,5,5,5,5,5,5,5","0.000494956970214844","louvain","edit-xhwikibooks.graphml"
"0.23","0.59","0.18","0.494346949744692","1,1,1,2,3,2,4,5,2,2,4,6,5,5,5,2,7,8,4,9,10,1,11,5,5,5,5,2,1,12,13,14,9,15,4,4,5,5,10,10,10,10,1,1,1,1,10,1,1,1,10,10,10,10,10,1,1,1,1,10,16,10,10,17,18,10,10,10,10,10,1,10,19,20,10,10,10,10,10,10,10,21,22,23,24,25,10,10,10,10,26,27,28,10,10,10,29,10,10,10,10,10,10,10,10,10,10,30,31,10,10,10,10,4,4,4,4,4,4,4,4,5,5,5,5,5,5,5,5","0.000489950180053711","louvain","edit-xhwikibooks.graphml"
"0.22","0.6","0.18","0.497203265837925","1,1,1,2,3,2,4,5,2,2,4,6,5,5,5,2,7,8,4,9,10,1,11,5,5,5,5,2,1,12,13,14,9,15,4,4,5,5,10,10,10,10,1,1,1,1,10,1,1,1,10,10,10,10,10,1,1,1,1,10,16,10,10,17,18,10,10,10,10,10,1,10,19,20,10,10,10,10,10,10,10,21,22,23,24,25,10,10,10,10,26,27,28,10,10,10,29,10,10,10,10,10,10,10,10,10,10,30,31,10,10,10,10,4,4,4,4,4,4,4,4,5,5,5,5,5,5,5,5","0.000514984130859375","louvain","edit-xhwikibooks.graphml"
"0.21","0.61","0.18","0.497945601544844","1,1,1,2,3,2,4,5,2,2,4,6,5,5,5,2,7,8,4,9,10,1,11,5,5,5,5,2,1,12,13,14,9,15,4,4,5,5,10,10,10,10,1,1,1,1,10,1,1,1,10,10,10,10,10,1,1,1,1,10,16,10,10,17,18,10,10,10,10,10,1,10,19,20,10,10,10,10,10,10,10,21,22,23,24,25,10,10,10,10,26,27,28,10,10,10,29,10,10,10,10,10,10,10,10,10,10,30,31,10,10,10,10,4,4,4,4,4,4,4,4,5,5,5,5,5,5,5,5","0.00053715705871582","louvain","edit-xhwikibooks.graphml"
"0.2","0.62","0.18","0.497956211736994","1,1,1,2,3,2,4,5,2,2,4,6,5,5,5,2,7,8,4,9,10,1,11,5,5,5,5,2,1,12,13,14,9,15,4,4,5,5,10,10,10,10,1,1,1,1,10,1,1,1,10,10,10,10,10,1,1,1,1,10,16,10,10,17,18,10,10,10,10,10,1,10,19,20,10,10,10,10,10,10,10,21,22,23,24,25,10,10,10,10,26,27,28,10,10,10,29,10,10,10,10,10,10,10,10,10,10,30,31,10,10,10,10,4,4,4,4,4,4,4,4,5,5,5,5,5,5,5,5","0.000609874725341797","louvain","edit-xhwikibooks.graphml"
"0.19","0.63","0.18","0.497369290766078","1,1,1,2,3,2,4,5,2,2,4,6,5,5,5,2,7,8,4,9,10,1,11,5,5,5,5,2,1,12,13,14,9,15,4,4,5,5,10,10,10,10,1,1,1,1,10,1,1,1,10,10,10,10,10,1,1,1,1,10,16,10,10,17,18,10,10,10,10,10,1,10,19,20,10,10,10,10,10,10,10,21,22,23,24,25,10,10,10,10,26,27,28,10,10,10,29,10,10,10,10,10,10,10,10,10,10,30,31,10,10,10,10,4,4,4,4,4,4,4,4,5,5,5,5,5,5,5,5","0.000509023666381836","louvain","edit-xhwikibooks.graphml"
"0.18","0.64","0.18","0.498683641845168","1,1,1,2,3,2,4,5,2,2,4,6,5,5,5,2,7,8,4,9,10,1,11,5,5,5,5,2,1,12,13,14,9,15,4,4,5,5,10,10,10,10,1,1,1,1,10,1,1,1,10,10,10,10,10,1,1,1,1,10,16,10,10,17,18,10,10,10,10,10,1,10,19,20,10,10,10,10,10,10,10,21,22,23,24,25,10,10,10,10,26,27,28,10,10,10,29,10,10,10,10,10,10,10,10,10,10,30,31,10,10,10,10,4,4,4,4,4,4,4,4,5,5,5,5,5,5,5,5","0.000483989715576172","louvain","edit-xhwikibooks.graphml"
"0.17","0.65","0.18","0.498683641845168","1,1,1,2,3,2,4,5,2,2,4,6,5,5,5,2,7,8,4,9,10,1,11,5,5,5,5,2,1,12,13,14,9,15,4,4,5,5,10,10,10,10,1,1,1,1,10,1,1,1,10,10,10,10,10,1,1,1,1,10,16,10,10,17,18,10,10,10,10,10,1,10,19,20,10,10,10,10,10,10,10,21,22,23,24,25,10,10,10,10,26,27,28,10,10,10,29,10,10,10,10,10,10,10,10,10,10,30,31,10,10,10,10,4,4,4,4,4,4,4,4,5,5,5,5,5,5,5,5","0.000506877899169922","louvain","edit-xhwikibooks.graphml"
"0.16","0.66","0.18","0.498683641845168","1,1,1,2,3,2,4,5,2,2,4,6,5,5,5,2,7,8,4,9,10,1,11,5,5,5,5,2,1,12,13,14,9,15,4,4,5,5,10,10,10,10,1,1,1,1,10,1,1,1,10,10,10,10,10,1,1,1,1,10,16,10,10,17,18,10,10,10,10,10,1,10,19,20,10,10,10,10,10,10,10,21,22,23,24,25,10,10,10,10,26,27,28,10,10,10,29,10,10,10,10,10,10,10,10,10,10,30,31,10,10,10,10,4,4,4,4,4,4,4,4,5,5,5,5,5,5,5,5","0.000504016876220703","louvain","edit-xhwikibooks.graphml"
"0.15","0.67","0.18","0.516304962063085","1,1,1,2,3,2,4,5,2,2,4,6,5,5,5,2,7,8,9,10,11,1,12,5,5,5,5,2,1,13,14,15,10,16,9,9,5,5,11,11,11,11,1,1,1,1,11,1,1,1,11,11,11,11,11,1,1,1,1,11,17,11,11,18,19,11,11,11,11,11,1,11,20,21,11,11,11,11,11,11,11,22,23,24,25,26,11,11,11,11,27,28,29,11,11,11,30,11,11,11,11,11,11,11,11,11,11,31,32,11,11,11,11,9,9,9,9,9,9,9,9,5,5,5,5,5,5,5,5","0.000487089157104492","louvain","edit-xhwikibooks.graphml"
"0.14","0.68","0.18","0.516304962063085","1,1,1,2,3,2,4,5,2,2,4,6,5,5,5,2,7,8,9,10,11,1,12,5,5,5,5,2,1,13,14,15,10,16,9,9,5,5,11,11,11,11,1,1,1,1,11,1,1,1,11,11,11,11,11,1,1,1,1,11,17,11,11,18,19,11,11,11,11,11,1,11,20,21,11,11,11,11,11,11,11,22,23,24,25,26,11,11,11,11,27,28,29,11,11,11,30,11,11,11,11,11,11,11,11,11,11,31,32,11,11,11,11,9,9,9,9,9,9,9,9,5,5,5,5,5,5,5,5","0.000520944595336914","louvain","edit-xhwikibooks.graphml"
"0.13","0.69","0.18","0.515861590690594","1,1,1,2,3,2,4,5,2,2,4,6,5,5,5,2,7,8,9,10,11,1,12,5,5,5,5,2,1,13,14,15,10,16,9,9,17,5,11,11,11,11,1,1,1,1,11,1,1,1,11,11,11,11,11,1,1,1,1,11,18,11,11,19,20,11,11,11,11,11,1,11,21,22,11,11,11,11,11,11,11,23,24,25,26,27,11,11,11,11,28,29,30,11,11,11,31,11,11,11,11,11,11,11,11,11,11,32,33,11,11,11,11,9,9,9,9,9,9,9,9,17,17,17,17,17,17,17,17","0.000522136688232422","louvain","edit-xhwikibooks.graphml"
"0.12","0.7","0.18","0.517078083002029","1,1,1,2,3,2,4,5,2,2,4,6,5,5,5,2,7,8,9,10,11,1,12,5,5,5,5,2,1,13,14,15,10,16,9,9,17,5,11,11,11,11,1,1,1,1,11,1,1,1,11,11,11,11,11,1,1,1,1,11,18,11,11,19,20,11,11,11,11,11,1,11,21,22,11,11,11,11,11,11,11,23,24,25,26,27,11,11,11,11,28,29,30,11,11,11,31,11,11,11,11,11,11,11,11,11,11,32,33,11,11,11,11,9,9,9,9,9,9,9,9,17,17,17,17,17,17,17,17","0.000678062438964844","louvain","edit-xhwikibooks.graphml"
"0.11","0.71","0.18","0.516490610912637","1,1,1,2,3,2,4,5,2,2,4,6,5,5,5,2,7,8,9,10,11,1,12,5,5,5,5,2,1,13,14,15,10,16,9,9,17,5,11,11,11,11,1,1,1,1,11,1,1,1,11,11,11,11,11,1,1,1,1,11,18,11,11,19,20,11,11,11,11,11,1,11,21,22,11,11,11,11,11,11,11,23,24,25,26,27,11,11,11,11,28,29,30,11,11,11,31,11,11,11,11,11,11,11,11,11,11,32,33,11,11,11,11,9,9,9,9,9,9,9,9,17,17,17,17,17,17,17,17","0.000491857528686523","louvain","edit-xhwikibooks.graphml"
"0.1","0.72","0.18","0.51607730683897","1,1,1,2,3,2,4,5,2,2,6,7,5,5,5,2,8,9,10,11,12,1,13,5,5,5,5,2,1,14,15,16,17,18,10,10,5,5,12,12,12,12,1,1,1,1,12,1,1,1,12,12,12,12,12,1,1,1,1,12,19,12,12,20,21,12,12,12,12,12,1,12,22,23,12,12,12,12,12,12,12,24,25,26,27,28,12,12,12,12,29,30,31,12,12,12,32,12,12,12,12,12,12,12,12,12,12,33,34,12,12,12,12,10,10,10,10,10,10,10,10,5,5,5,5,5,5,5,5","0.000500202178955078","louvain","edit-xhwikibooks.graphml"
"0.09","0.73","0.18","0.515699479545024","1,1,1,2,3,2,4,5,2,2,6,7,5,5,5,2,8,9,10,11,12,1,13,5,5,5,5,2,1,14,15,16,17,18,10,10,19,5,12,12,12,12,1,1,1,1,12,1,1,1,12,12,12,12,12,1,1,1,1,12,20,12,12,21,22,12,12,12,12,12,1,12,23,24,12,12,12,12,12,12,12,25,26,27,28,29,12,12,12,12,30,31,32,12,12,12,33,12,12,12,12,12,12,12,12,12,12,34,35,12,12,12,12,10,10,10,10,10,10,10,10,19,19,19,19,19,19,19,19","0.000477075576782227","louvain","edit-xhwikibooks.graphml"
"0.08","0.74","0.18","0.515699479545024","1,1,1,2,3,2,4,5,2,2,6,7,5,5,5,2,8,9,10,11,12,1,13,5,5,5,5,2,1,14,15,16,17,18,10,10,19,5,12,12,12,12,1,1,1,1,12,1,1,1,12,12,12,12,12,1,1,1,1,12,20,12,12,21,22,12,12,12,12,12,1,12,23,24,12,12,12,12,12,12,12,25,26,27,28,29,12,12,12,12,30,31,32,12,12,12,33,12,12,12,12,12,12,12,12,12,12,34,35,12,12,12,12,10,10,10,10,10,10,10,10,19,19,19,19,19,19,19,19","0.000506162643432617","louvain","edit-xhwikibooks.graphml"
"0.07","0.75","0.18","0.519004088010141","1,1,1,2,3,2,4,5,2,2,6,7,5,5,5,2,8,9,10,11,12,1,13,5,5,5,5,2,1,14,15,16,17,18,10,10,19,5,12,12,12,12,1,1,1,1,12,1,1,1,12,12,12,12,12,1,1,1,1,12,20,12,12,21,22,12,12,12,12,12,1,12,23,24,12,12,12,12,12,12,12,25,26,27,28,29,12,12,12,12,30,31,32,12,12,12,33,12,12,12,12,12,12,12,12,12,12,34,35,12,12,12,12,10,10,10,10,10,10,10,10,19,19,19,19,19,19,19,19","0.000509023666381836","louvain","edit-xhwikibooks.graphml"
"0.06","0.76","0.18","0.518674885270388","1,1,1,2,3,2,4,5,2,2,6,7,5,5,5,2,8,9,10,11,12,1,13,5,5,5,5,2,1,14,15,16,17,18,10,10,5,5,12,12,12,12,1,1,1,1,12,1,1,1,12,12,12,12,12,1,1,1,1,12,19,12,12,20,21,12,12,12,12,12,1,12,22,23,12,12,12,12,12,12,12,24,25,26,27,28,12,12,12,12,29,30,31,12,12,12,32,12,12,12,12,12,12,12,12,12,12,33,34,12,12,12,12,10,10,10,10,10,10,10,10,5,5,5,5,5,5,5,5","0.000526189804077148","louvain","edit-xhwikibooks.graphml"
"0.05","0.77","0.18","0.521385498046875","1,1,1,2,3,2,4,5,2,2,6,7,5,5,5,2,8,9,10,11,12,1,13,5,5,5,5,2,1,14,15,16,17,18,10,10,19,5,12,12,12,12,1,1,1,1,12,1,1,1,12,12,12,12,12,1,1,1,1,12,20,12,12,21,22,12,12,12,12,12,1,12,23,24,12,12,12,12,12,12,12,25,26,27,28,29,12,12,12,12,30,31,32,12,12,12,33,12,12,12,12,12,12,12,12,12,12,34,35,12,12,12,12,10,10,10,10,10,10,10,10,19,19,19,19,19,19,19,19","0.000530004501342773","louvain","edit-xhwikibooks.graphml"
"0.04","0.78","0.18","0.523277357062177","1,1,1,2,3,2,4,5,2,2,6,7,5,5,5,2,8,9,10,11,12,1,13,5,5,5,5,2,1,14,15,16,17,18,10,10,19,5,12,12,12,12,1,1,1,1,12,1,1,1,12,12,12,12,12,1,1,1,1,12,20,12,12,21,22,12,12,12,12,12,1,12,23,24,12,12,12,12,12,12,12,25,26,27,28,29,12,12,12,12,30,31,32,12,12,12,33,12,12,12,12,12,12,12,12,12,12,34,35,12,12,12,12,10,10,10,10,10,10,10,10,19,19,19,19,19,19,19,19","0.000543117523193359","louvain","edit-xhwikibooks.graphml"
"0.03","0.79","0.18","0.523277357062177","1,1,1,2,3,2,4,5,2,2,6,7,5,5,5,2,8,9,10,11,12,1,13,5,5,5,5,2,1,14,15,16,17,18,10,10,19,5,12,12,12,12,1,1,1,1,12,1,1,1,12,12,12,12,12,1,1,1,1,12,20,12,12,21,22,12,12,12,12,12,1,12,23,24,12,12,12,12,12,12,12,25,26,27,28,29,12,12,12,12,30,31,32,12,12,12,33,12,12,12,12,12,12,12,12,12,12,34,35,12,12,12,12,10,10,10,10,10,10,10,10,19,19,19,19,19,19,19,19","0.000539064407348633","louvain","edit-xhwikibooks.graphml"
"0.02","0.8","0.18","0.525253045653653","1,1,1,2,3,2,4,5,2,2,6,7,5,5,5,2,8,9,10,11,12,1,13,5,5,5,5,2,1,14,15,16,17,18,10,10,19,5,12,12,12,12,1,1,1,1,12,1,1,1,12,12,12,12,12,1,1,1,1,12,20,12,12,21,22,12,12,12,12,12,1,12,23,24,12,12,12,12,12,12,12,25,26,27,28,29,12,12,12,12,30,31,32,12,12,12,33,12,12,12,12,12,12,12,12,12,12,34,35,12,12,12,12,10,10,10,10,10,10,10,10,19,19,19,19,19,19,19,19","0.000488042831420898","louvain","edit-xhwikibooks.graphml"
"0.01","0.81","0.18","0.521284366391018","1,1,1,2,3,2,4,5,2,2,6,7,5,5,5,2,8,9,10,11,12,1,13,5,5,5,5,2,1,14,15,16,17,18,10,10,5,5,12,12,12,12,1,1,1,1,12,1,1,1,12,12,12,12,12,1,1,1,1,12,19,12,12,20,21,12,12,12,12,12,1,12,22,23,12,12,12,12,12,12,12,24,25,26,27,28,12,12,12,12,29,30,31,12,12,12,32,12,12,12,12,12,12,12,12,12,12,33,34,12,12,12,12,10,10,10,10,10,10,10,10,5,5,5,5,5,5,5,5","0.000519037246704102","louvain","edit-xhwikibooks.graphml"
"0","0.82","0.18","0.523545248831409","1,1,1,2,1,2,3,4,2,2,5,6,4,4,4,2,7,8,9,10,11,1,12,4,4,4,4,2,1,13,14,15,16,17,9,9,18,4,11,11,11,11,1,1,1,1,11,1,1,1,11,11,11,11,11,1,1,1,1,11,19,11,11,20,21,11,11,11,11,11,1,11,22,23,11,11,11,11,11,11,11,24,25,26,27,28,11,11,11,11,29,30,31,11,11,11,32,11,11,11,11,11,11,11,11,11,11,33,34,11,11,11,11,9,9,9,9,9,9,9,9,18,18,18,18,18,18,18,18","0.000529050827026367","louvain","edit-xhwikibooks.graphml"
"0.81","0","0.19","0.45015687829491","1,1,2,2,2,3,2,3,3,3,2,2,3,3,3,3,3,2,4,2,5,1,3,3,3,3,3,3,1,3,2,4,2,2,4,4,3,3,5,5,5,5,1,1,1,1,5,1,1,1,5,5,5,5,5,1,1,1,1,5,3,5,5,3,3,5,5,5,5,5,1,5,3,3,5,5,5,5,5,5,5,3,3,3,3,1,5,5,5,5,3,2,4,5,5,5,3,5,5,5,5,5,5,5,5,5,5,2,2,5,5,5,5,4,4,4,4,4,4,4,4,3,3,3,3,3,3,3,3","0.000545978546142578","louvain","edit-xhwikibooks.graphml"
"0.8","0.01","0.19","0.45015687829491","1,1,2,2,2,3,2,3,3,3,2,2,3,3,3,3,3,2,4,2,5,1,3,3,3,3,3,3,1,3,2,4,2,2,4,4,3,3,5,5,5,5,1,1,1,1,5,1,1,1,5,5,5,5,5,1,1,1,1,5,3,5,5,3,3,5,5,5,5,5,1,5,3,3,5,5,5,5,5,5,5,3,3,3,3,1,5,5,5,5,3,2,4,5,5,5,3,5,5,5,5,5,5,5,5,5,5,2,2,5,5,5,5,4,4,4,4,4,4,4,4,3,3,3,3,3,3,3,3","0.000574827194213867","louvain","edit-xhwikibooks.graphml"
"0.79","0.02","0.19","0.45015687829491","1,1,2,2,2,3,2,3,3,3,2,2,3,3,3,3,3,2,4,2,5,1,3,3,3,3,3,3,1,3,2,4,2,2,4,4,3,3,5,5,5,5,1,1,1,1,5,1,1,1,5,5,5,5,5,1,1,1,1,5,3,5,5,3,3,5,5,5,5,5,1,5,3,3,5,5,5,5,5,5,5,3,3,3,3,1,5,5,5,5,3,2,4,5,5,5,3,5,5,5,5,5,5,5,5,5,5,2,2,5,5,5,5,4,4,4,4,4,4,4,4,3,3,3,3,3,3,3,3","0.00056004524230957","louvain","edit-xhwikibooks.graphml"
"0.78","0.03","0.19","0.448795212681302","1,1,2,2,2,3,2,3,3,3,4,2,3,3,3,3,3,4,4,2,5,1,3,3,3,3,3,3,1,3,4,4,2,2,4,4,3,3,5,5,5,5,1,1,1,1,5,1,1,1,5,5,5,5,5,1,1,1,1,5,3,5,5,3,3,5,5,5,5,5,1,5,3,3,5,5,5,5,5,5,5,3,3,3,3,1,5,5,5,5,3,4,4,5,5,5,3,5,5,5,5,5,5,5,5,5,5,2,2,5,5,5,5,4,4,4,4,4,4,4,4,3,3,3,3,3,3,3,3","0.000552177429199219","louvain","edit-xhwikibooks.graphml"
"0.77","0.04","0.19","0.449612197476896","1,1,2,2,2,3,2,3,3,3,2,2,3,3,3,3,3,2,4,2,5,1,3,3,3,3,3,3,1,3,2,4,2,2,4,4,3,3,5,5,5,5,1,1,1,1,5,1,1,1,5,5,5,5,5,1,1,1,1,5,3,5,5,3,3,5,5,5,5,5,1,5,3,3,5,5,5,5,5,5,5,3,3,3,3,1,5,5,5,5,3,2,4,5,5,5,3,5,5,5,5,5,5,5,5,5,5,2,2,5,5,5,5,4,4,4,4,4,4,4,4,3,3,3,3,3,3,3,3","0.000576019287109375","louvain","edit-xhwikibooks.graphml"
"0.76","0.05","0.19","0.447596260968286","1,1,2,2,2,3,2,3,3,3,2,2,3,3,3,3,3,2,4,2,5,1,3,3,3,3,3,3,1,3,2,4,2,2,4,4,3,3,5,5,5,5,1,1,1,1,5,1,1,1,5,5,5,5,5,1,1,1,1,5,3,5,5,3,3,5,5,5,5,5,1,5,3,3,5,5,5,5,5,5,5,3,3,3,3,1,5,5,5,5,3,2,4,5,5,5,3,5,5,5,5,5,5,5,5,5,5,2,2,5,5,5,5,4,4,4,4,4,4,4,4,3,3,3,3,3,3,3,3","0.000780105590820312","louvain","edit-xhwikibooks.graphml"
"0.75","0.06","0.19","0.447596260968286","1,1,2,2,2,3,2,3,3,3,2,2,3,3,3,3,3,2,4,2,5,1,3,3,3,3,3,3,1,3,2,4,2,2,4,4,3,3,5,5,5,5,1,1,1,1,5,1,1,1,5,5,5,5,5,1,1,1,1,5,3,5,5,3,3,5,5,5,5,5,1,5,3,3,5,5,5,5,5,5,5,3,3,3,3,1,5,5,5,5,3,2,4,5,5,5,3,5,5,5,5,5,5,5,5,5,5,2,2,5,5,5,5,4,4,4,4,4,4,4,4,3,3,3,3,3,3,3,3","0.000525951385498047","louvain","edit-xhwikibooks.graphml"
"0.74","0.07","0.19","0.44705400224734","1,1,2,2,2,3,2,3,3,3,2,2,3,3,3,3,3,2,4,2,5,1,3,3,3,3,3,3,1,3,2,4,2,2,4,4,3,3,5,5,5,5,1,1,1,1,5,1,1,1,5,5,5,5,5,1,1,1,1,5,3,5,5,3,3,5,5,5,5,5,1,5,3,3,5,5,5,5,5,5,5,3,3,3,3,1,5,5,5,5,3,2,4,5,5,5,3,5,5,5,5,5,5,5,5,5,5,2,2,5,5,5,5,4,4,4,4,4,4,4,4,3,3,3,3,3,3,3,3","0.000524044036865234","louvain","edit-xhwikibooks.graphml"
"0.73","0.08","0.19","0.448526311350987","1,1,2,2,2,3,2,3,3,3,2,2,3,3,3,3,3,2,4,2,5,1,3,3,3,3,3,3,1,3,2,4,2,2,4,4,3,3,5,5,5,5,1,1,1,1,5,1,1,1,5,5,5,5,5,1,1,1,1,5,3,5,5,3,3,5,5,5,5,5,1,5,3,3,5,5,5,5,5,5,5,3,3,3,3,1,5,5,5,5,3,2,4,5,5,5,3,5,5,5,5,5,5,5,5,5,5,2,2,5,5,5,5,4,4,4,4,4,4,4,4,3,3,3,3,3,3,3,3","0.000541925430297852","louvain","edit-xhwikibooks.graphml"
"0.72","0.09","0.19","0.447985100698996","1,1,2,2,2,3,2,3,3,3,2,2,3,3,3,3,3,2,4,2,5,1,3,3,3,3,3,3,1,3,2,4,2,2,4,4,3,3,5,5,5,5,1,1,1,1,5,1,1,1,5,5,5,5,5,1,1,1,1,5,3,5,5,3,3,5,5,5,5,5,1,5,3,3,5,5,5,5,5,5,5,3,3,3,3,1,5,5,5,5,3,2,4,5,5,5,3,5,5,5,5,5,5,5,5,5,5,2,2,5,5,5,5,4,4,4,4,4,4,4,4,3,3,3,3,3,3,3,3","0.00055694580078125","louvain","edit-xhwikibooks.graphml"
"0.71","0.1","0.19","0.446597233934896","1,1,2,2,2,3,2,3,3,3,2,2,3,3,3,3,3,2,4,2,5,1,3,3,3,3,3,3,1,3,2,4,2,2,4,4,3,3,5,5,5,5,1,1,1,1,5,1,1,1,5,5,5,5,5,1,1,1,1,5,3,5,5,3,3,5,5,5,5,5,1,5,3,3,5,5,5,5,5,5,5,3,3,3,3,1,5,5,5,5,3,2,4,5,5,5,3,5,5,5,5,5,5,5,5,5,5,2,2,5,5,5,5,4,4,4,4,4,4,4,4,3,3,3,3,3,3,3,3","0.00056910514831543","louvain","edit-xhwikibooks.graphml"
"0.7","0.11","0.19","0.446057017670592","1,1,2,2,2,3,2,3,3,3,2,2,3,3,3,3,3,2,4,2,5,1,3,3,3,3,3,3,1,3,2,4,2,2,4,4,3,3,5,5,5,5,1,1,1,1,5,1,1,1,5,5,5,5,5,1,1,1,1,5,3,5,5,3,3,5,5,5,5,5,1,5,3,3,5,5,5,5,5,5,5,3,3,3,3,1,5,5,5,5,3,2,4,5,5,5,3,5,5,5,5,5,5,5,5,5,5,2,2,5,5,5,5,4,4,4,4,4,4,4,4,3,3,3,3,3,3,3,3","0.000578880310058594","louvain","edit-xhwikibooks.graphml"
"0.69","0.12","0.19","0.450369406867846","1,1,2,2,2,3,2,3,3,3,2,2,3,3,3,3,3,2,4,2,5,1,3,3,3,3,3,3,1,3,2,4,2,2,4,4,3,3,5,5,5,5,1,1,1,1,5,1,1,1,5,5,5,5,5,1,1,1,1,5,3,5,5,3,3,5,5,5,5,5,1,5,3,3,5,5,5,5,5,5,5,3,3,3,3,1,5,5,5,5,3,2,4,5,5,5,3,5,5,5,5,5,5,5,5,5,5,2,2,5,5,5,5,4,4,4,4,4,4,4,4,3,3,3,3,3,3,3,3","0.000697135925292969","louvain","edit-xhwikibooks.graphml"
"0.68","0.13","0.19","0.450369406867846","1,1,2,2,2,3,2,3,3,3,2,2,3,3,3,3,3,2,4,2,5,1,3,3,3,3,3,3,1,3,2,4,2,2,4,4,3,3,5,5,5,5,1,1,1,1,5,1,1,1,5,5,5,5,5,1,1,1,1,5,3,5,5,3,3,5,5,5,5,5,1,5,3,3,5,5,5,5,5,5,5,3,3,3,3,1,5,5,5,5,3,2,4,5,5,5,3,5,5,5,5,5,5,5,5,5,5,2,2,5,5,5,5,4,4,4,4,4,4,4,4,3,3,3,3,3,3,3,3","0.000537872314453125","louvain","edit-xhwikibooks.graphml"
"0.67","0.14","0.19","0.450369406867846","1,1,2,2,2,3,2,3,3,3,2,2,3,3,3,3,3,2,4,2,5,1,3,3,3,3,3,3,1,3,2,4,2,2,4,4,3,3,5,5,5,5,1,1,1,1,5,1,1,1,5,5,5,5,5,1,1,1,1,5,3,5,5,3,3,5,5,5,5,5,1,5,3,3,5,5,5,5,5,5,5,3,3,3,3,1,5,5,5,5,3,2,4,5,5,5,3,5,5,5,5,5,5,5,5,5,5,2,2,5,5,5,5,4,4,4,4,4,4,4,4,3,3,3,3,3,3,3,3","0.000540971755981445","louvain","edit-xhwikibooks.graphml"
"0.66","0.15","0.19","0.448636836628512","1,1,2,2,2,3,2,3,3,3,2,2,3,3,3,4,3,2,5,2,6,1,3,3,3,3,3,4,1,3,2,5,2,2,5,5,3,3,6,6,6,6,1,1,1,1,6,1,1,1,6,6,6,6,6,1,1,1,1,6,3,6,6,3,3,6,6,6,6,6,1,6,3,3,6,6,6,6,6,6,6,3,4,4,4,1,6,6,6,6,3,2,5,6,6,6,4,6,6,6,6,6,6,6,6,6,6,2,2,6,6,6,6,5,5,5,5,5,5,5,5,3,3,3,3,3,3,3,3","0.000547885894775391","louvain","edit-xhwikibooks.graphml"
"0.65","0.16","0.19","0.450081811840546","1,1,2,2,2,3,2,3,3,3,2,2,3,3,3,4,3,2,5,2,6,1,3,3,3,3,3,4,1,3,2,5,2,2,5,5,3,3,6,6,6,6,1,1,1,1,6,1,1,1,6,6,6,6,6,1,1,1,1,6,3,6,6,3,3,6,6,6,6,6,1,6,3,3,6,6,6,6,6,6,6,3,4,4,4,1,6,6,6,6,3,2,5,6,6,6,4,6,6,6,6,6,6,6,6,6,6,2,2,6,6,6,6,5,5,5,5,5,5,5,5,3,3,3,3,3,3,3,3","0.000545978546142578","louvain","edit-xhwikibooks.graphml"
"0.64","0.17","0.19","0.452411037146614","1,1,2,2,2,3,2,3,3,3,2,2,3,3,3,4,3,2,5,2,6,1,3,3,3,3,3,4,1,3,2,5,2,2,5,5,3,3,6,6,6,6,1,1,1,1,6,1,1,1,6,6,6,6,6,1,1,1,1,6,3,6,6,3,3,6,6,6,6,6,1,6,3,3,6,6,6,6,6,6,6,3,4,4,4,1,6,6,6,6,3,2,5,6,6,6,4,6,6,6,6,6,6,6,6,6,6,2,2,6,6,6,6,5,5,5,5,5,5,5,5,3,3,3,3,3,3,3,3","0.000591039657592773","louvain","edit-xhwikibooks.graphml"
"0.63","0.18","0.19","0.452411037146614","1,1,2,2,2,3,2,3,3,3,2,2,3,3,3,4,3,2,5,2,6,1,3,3,3,3,3,4,1,3,2,5,2,2,5,5,3,3,6,6,6,6,1,1,1,1,6,1,1,1,6,6,6,6,6,1,1,1,1,6,3,6,6,3,3,6,6,6,6,6,1,6,3,3,6,6,6,6,6,6,6,3,4,4,4,1,6,6,6,6,3,2,5,6,6,6,4,6,6,6,6,6,6,6,6,6,6,2,2,6,6,6,6,5,5,5,5,5,5,5,5,3,3,3,3,3,3,3,3","0.000550031661987305","louvain","edit-xhwikibooks.graphml"
"0.62","0.19","0.19","0.45187072","1,1,2,2,2,3,2,3,3,3,2,2,3,3,3,4,3,2,5,2,6,1,3,3,3,3,3,4,1,3,2,5,2,2,5,5,3,3,6,6,6,6,1,1,1,1,6,1,1,1,6,6,6,6,6,1,1,1,1,6,3,6,6,3,3,6,6,6,6,6,1,6,3,3,6,6,6,6,6,6,6,3,4,4,4,1,6,6,6,6,3,2,5,6,6,6,4,6,6,6,6,6,6,6,6,6,6,2,2,6,6,6,6,5,5,5,5,5,5,5,5,3,3,3,3,3,3,3,3","0.000592947006225586","louvain","edit-xhwikibooks.graphml"
"0.61","0.2","0.19","0.447356313520332","1,1,2,2,2,3,2,3,3,3,2,2,3,3,3,4,3,2,5,2,6,1,3,3,3,3,3,4,1,3,2,5,2,2,5,5,3,3,6,6,6,6,1,1,1,1,6,1,1,1,6,6,6,6,6,1,1,1,1,6,7,6,6,3,3,6,6,6,6,6,1,6,3,3,6,6,6,6,6,6,6,3,4,4,4,8,6,6,6,6,9,10,11,6,6,6,4,6,6,6,6,6,6,6,6,6,6,2,2,6,6,6,6,5,5,5,5,5,5,5,5,3,3,3,3,3,3,3,3","0.000613927841186523","louvain","edit-xhwikibooks.graphml"
"0.6","0.21","0.19","0.446817939396438","1,1,2,2,2,3,2,3,3,3,2,2,3,3,3,4,3,2,5,2,6,1,3,3,3,3,3,4,1,3,2,5,2,2,5,5,3,3,6,6,6,6,1,1,1,1,6,1,1,1,6,6,6,6,6,1,1,1,1,6,7,6,6,3,3,6,6,6,6,6,1,6,3,3,6,6,6,6,6,6,6,3,4,4,4,8,6,6,6,6,9,10,11,6,6,6,4,6,6,6,6,6,6,6,6,6,6,2,2,6,6,6,6,5,5,5,5,5,5,5,5,3,3,3,3,3,3,3,3","0.000589132308959961","louvain","edit-xhwikibooks.graphml"
"0.59","0.22","0.19","0.446817939396438","1,1,2,2,2,3,2,3,3,3,2,2,3,3,3,4,3,2,5,2,6,1,3,3,3,3,3,4,1,3,2,5,2,2,5,5,3,3,6,6,6,6,1,1,1,1,6,1,1,1,6,6,6,6,6,1,1,1,1,6,7,6,6,3,3,6,6,6,6,6,1,6,3,3,6,6,6,6,6,6,6,3,4,4,4,8,6,6,6,6,9,10,11,6,6,6,4,6,6,6,6,6,6,6,6,6,6,2,2,6,6,6,6,5,5,5,5,5,5,5,5,3,3,3,3,3,3,3,3","0.000747919082641602","louvain","edit-xhwikibooks.graphml"
"0.58","0.23","0.19","0.448320387061213","1,1,1,1,2,1,2,1,3,1,2,2,1,3,3,1,1,2,4,2,5,6,1,3,3,3,3,1,1,1,2,4,2,2,4,4,3,3,5,5,5,5,6,6,6,6,5,6,6,6,5,5,5,5,5,6,6,6,6,5,7,5,5,3,3,5,5,5,5,5,6,5,3,3,5,5,5,5,5,5,5,3,1,1,1,8,5,5,5,5,9,10,11,5,5,5,1,5,5,5,5,5,5,5,5,5,5,2,2,5,5,5,5,4,4,4,4,4,4,4,4,3,3,3,3,3,3,3,3","0.000536918640136719","louvain","edit-xhwikibooks.graphml"
"0.57","0.24","0.19","0.450559485563263","1,1,2,2,2,3,2,3,3,3,2,2,3,3,3,4,3,2,5,2,6,1,3,3,3,3,3,4,1,3,2,5,2,2,5,5,3,3,6,6,6,6,1,1,1,1,6,1,1,1,6,6,6,6,6,1,1,1,1,6,7,6,6,3,3,6,6,6,6,6,1,6,3,3,6,6,6,6,6,6,6,3,4,4,4,8,6,6,6,6,9,10,11,6,6,6,4,6,6,6,6,6,6,6,6,6,6,2,2,6,6,6,6,5,5,5,5,5,5,5,5,3,3,3,3,3,3,3,3","0.000504970550537109","louvain","edit-xhwikibooks.graphml"
"0.56","0.25","0.19","0.454429238423653","1,1,2,2,2,3,2,3,3,3,2,2,3,3,3,4,3,2,5,2,6,1,3,3,3,3,3,4,1,3,2,5,2,2,5,5,3,3,6,6,6,6,1,1,1,1,6,1,1,1,6,6,6,6,6,1,1,1,1,6,7,6,6,3,3,6,6,6,6,6,1,6,3,3,6,6,6,6,6,6,6,3,4,4,4,8,6,6,6,6,9,10,11,6,6,6,4,6,6,6,6,6,6,6,6,6,6,2,2,6,6,6,6,5,5,5,5,5,5,5,5,3,3,3,3,3,3,3,3","0.000536918640136719","louvain","edit-xhwikibooks.graphml"
"0.55","0.26","0.19","0.454429238423653","1,1,2,2,2,3,2,3,3,3,2,2,3,3,3,4,3,2,5,2,6,1,3,3,3,3,3,4,1,3,2,5,2,2,5,5,3,3,6,6,6,6,1,1,1,1,6,1,1,1,6,6,6,6,6,1,1,1,1,6,7,6,6,3,3,6,6,6,6,6,1,6,3,3,6,6,6,6,6,6,6,3,4,4,4,8,6,6,6,6,9,10,11,6,6,6,4,6,6,6,6,6,6,6,6,6,6,2,2,6,6,6,6,5,5,5,5,5,5,5,5,3,3,3,3,3,3,3,3","0.000586986541748047","louvain","edit-xhwikibooks.graphml"
"0.54","0.27","0.19","0.450423609998398","1,1,2,2,2,3,2,3,3,3,2,2,3,3,3,4,3,2,3,2,5,1,3,3,3,3,3,4,1,3,2,3,2,2,3,3,6,3,5,5,5,5,1,1,1,1,5,1,1,1,5,5,5,5,5,1,1,1,1,5,7,5,5,3,3,5,5,5,5,5,1,5,3,3,5,5,5,5,5,5,5,3,4,4,4,8,5,5,5,5,9,10,11,5,5,5,4,5,5,5,5,5,5,5,5,5,5,2,2,5,5,5,5,3,3,3,3,3,3,3,3,6,6,6,6,6,6,6,6","0.000538110733032227","louvain","edit-xhwikibooks.graphml"
"0.53","0.28","0.19","0.455492913456571","1,1,2,2,2,3,2,3,3,3,2,2,3,3,3,4,3,2,5,2,6,1,3,3,3,3,3,4,1,3,2,5,2,2,5,5,3,3,6,6,6,6,1,1,1,1,6,1,1,1,6,6,6,6,6,1,1,1,1,6,7,6,6,3,3,6,6,6,6,6,1,6,3,3,6,6,6,6,6,6,6,3,4,4,4,8,6,6,6,6,9,10,11,6,6,6,4,6,6,6,6,6,6,6,6,6,6,2,2,6,6,6,6,5,5,5,5,5,5,5,5,3,3,3,3,3,3,3,3","0.00092005729675293","louvain","edit-xhwikibooks.graphml"
"0.52","0.29","0.19","0.430113109293304","1,1,1,1,2,1,2,1,3,1,2,2,3,3,3,4,1,2,5,2,6,1,3,3,3,3,3,4,1,1,2,5,2,2,5,5,3,3,6,6,6,6,1,1,1,1,6,1,1,1,6,6,6,6,6,1,1,1,1,6,7,6,6,3,3,6,6,6,6,6,1,6,3,3,6,6,6,6,6,6,6,3,4,4,4,8,6,6,6,6,9,10,11,6,6,6,4,6,6,6,6,6,6,6,6,6,6,2,2,6,6,6,6,5,5,5,5,5,5,5,5,3,3,3,3,3,3,3,3","0.000514030456542969","louvain","edit-xhwikibooks.graphml"
"0.51","0.3","0.19","0.431396756932824","1,1,2,2,2,3,2,3,3,3,2,2,3,3,3,4,3,2,5,2,6,1,3,3,3,3,3,4,1,3,2,5,2,2,5,5,3,3,6,6,6,6,1,1,1,1,6,1,1,1,6,6,6,6,6,1,1,1,1,6,7,6,6,3,3,6,6,6,6,6,1,6,3,3,6,6,6,6,6,6,6,3,4,4,4,8,6,6,6,6,9,10,11,6,6,6,4,6,6,6,6,6,6,6,6,6,6,2,2,6,6,6,6,5,5,5,5,5,5,5,5,3,3,3,3,3,3,3,3","0.000550985336303711","louvain","edit-xhwikibooks.graphml"
"0.5","0.31","0.19","0.432957865962862","1,1,2,2,2,3,2,3,3,3,2,2,3,3,3,4,3,2,5,2,6,1,3,3,3,3,3,4,1,3,2,5,2,2,5,5,3,3,6,6,6,6,1,1,1,1,6,1,1,1,6,6,6,6,6,1,1,1,1,6,7,6,6,3,3,6,6,6,6,6,1,6,3,3,6,6,6,6,6,6,6,3,4,4,4,8,6,6,6,6,9,10,11,6,6,6,4,6,6,6,6,6,6,6,6,6,6,2,2,6,6,6,6,5,5,5,5,5,5,5,5,3,3,3,3,3,3,3,3","0.000545978546142578","louvain","edit-xhwikibooks.graphml"
"0.49","0.32","0.19","0.432423967992567","1,1,2,2,2,3,2,3,3,3,2,2,3,3,3,4,3,2,5,2,6,1,3,3,3,3,3,4,1,3,2,5,2,2,5,5,3,3,6,6,6,6,1,1,1,1,6,1,1,1,6,6,6,6,6,1,1,1,1,6,7,6,6,3,3,6,6,6,6,6,1,6,3,3,6,6,6,6,6,6,6,3,4,4,4,8,6,6,6,6,9,10,11,6,6,6,4,6,6,6,6,6,6,6,6,6,6,2,2,6,6,6,6,5,5,5,5,5,5,5,5,3,3,3,3,3,3,3,3","0.000509977340698242","louvain","edit-xhwikibooks.graphml"
"0.48","0.33","0.19","0.432423967992567","1,1,2,2,2,3,2,3,3,3,2,2,3,3,3,4,3,2,5,2,6,1,3,3,3,3,3,4,1,3,2,5,2,2,5,5,3,3,6,6,6,6,1,1,1,1,6,1,1,1,6,6,6,6,6,1,1,1,1,6,7,6,6,3,3,6,6,6,6,6,1,6,3,3,6,6,6,6,6,6,6,3,4,4,4,8,6,6,6,6,9,10,11,6,6,6,4,6,6,6,6,6,6,6,6,6,6,2,2,6,6,6,6,5,5,5,5,5,5,5,5,3,3,3,3,3,3,3,3","0.000539064407348633","louvain","edit-xhwikibooks.graphml"
"0.47","0.34","0.19","0.449477198286722","1,1,2,2,2,2,2,3,2,2,2,2,3,3,3,2,2,2,4,2,5,1,3,3,3,3,3,2,1,2,2,4,2,2,4,4,3,3,5,5,5,5,1,1,1,1,5,1,1,1,5,5,5,5,5,1,1,1,1,5,6,5,5,3,3,5,5,5,5,5,1,5,3,3,5,5,5,5,5,5,5,3,2,2,2,7,5,5,5,5,8,9,10,5,5,5,2,5,5,5,5,5,5,5,5,5,5,2,2,5,5,5,5,4,4,4,4,4,4,4,4,3,3,3,3,3,3,3,3","0.000604152679443359","louvain","edit-xhwikibooks.graphml"
"0.46","0.35","0.19","0.449048878810783","1,1,2,2,2,3,2,3,3,3,2,2,3,3,3,4,3,2,5,2,6,1,3,3,3,3,3,4,1,3,2,5,2,2,5,5,3,3,6,6,6,6,1,1,1,1,6,1,1,1,6,6,6,6,6,1,1,1,1,6,7,6,6,3,3,6,6,6,6,6,1,6,3,3,6,6,6,6,6,6,6,3,4,4,4,8,6,6,6,6,9,10,11,6,6,6,4,6,6,6,6,6,6,6,6,6,6,2,2,6,6,6,6,5,5,5,5,5,5,5,5,3,3,3,3,3,3,3,3","0.000537872314453125","louvain","edit-xhwikibooks.graphml"
"0.45","0.36","0.19","0.448510778303249","1,1,2,2,2,3,2,3,3,3,2,2,3,3,3,4,3,2,5,2,6,1,3,3,3,3,3,4,1,3,2,5,2,2,5,5,3,3,6,6,6,6,1,1,1,1,6,1,1,1,6,6,6,6,6,1,1,1,1,6,7,6,6,3,3,6,6,6,6,6,1,6,3,3,6,6,6,6,6,6,6,3,4,4,4,8,6,6,6,6,9,10,11,6,6,6,4,6,6,6,6,6,6,6,6,6,6,2,2,6,6,6,6,5,5,5,5,5,5,5,5,3,3,3,3,3,3,3,3","0.000519990921020508","louvain","edit-xhwikibooks.graphml"
"0.44","0.37","0.19","0.449989234497677","1,1,2,2,2,3,2,3,3,3,2,2,3,3,3,4,3,2,5,2,6,1,3,3,3,3,3,4,1,3,2,5,2,2,5,5,3,3,6,6,6,6,1,1,1,1,6,1,1,1,6,6,6,6,6,1,1,1,1,6,7,6,6,3,3,6,6,6,6,6,1,6,3,3,6,6,6,6,6,6,6,3,4,4,4,8,6,6,6,6,9,10,11,6,6,6,4,6,6,6,6,6,6,6,6,6,6,2,2,6,6,6,6,5,5,5,5,5,5,5,5,3,3,3,3,3,3,3,3","0.000540018081665039","louvain","edit-xhwikibooks.graphml"
"0.43","0.38","0.19","0.449876338007782","1,1,2,2,2,2,2,3,2,2,2,2,3,3,3,2,2,2,4,2,5,1,3,3,3,3,3,2,1,2,2,4,2,2,4,4,3,3,5,5,5,5,1,1,1,1,5,1,1,1,5,5,5,5,5,1,1,1,1,5,6,5,5,3,3,5,5,5,5,5,1,5,3,3,5,5,5,5,5,5,5,3,2,2,2,7,5,5,5,5,8,9,10,5,5,5,2,5,5,5,5,5,5,5,5,5,5,2,2,5,5,5,5,4,4,4,4,4,4,4,4,3,3,3,3,3,3,3,3","0.000571966171264648","louvain","edit-xhwikibooks.graphml"
"0.42","0.39","0.19","0.438392453566732","1,1,2,2,2,3,2,3,3,3,2,2,3,3,3,4,5,2,6,2,7,1,3,3,3,3,3,4,1,8,9,6,2,2,6,6,3,3,7,7,7,7,1,1,1,1,7,1,1,1,7,7,7,7,7,1,1,1,1,7,10,7,7,11,12,7,7,7,7,7,1,7,3,3,7,7,7,7,7,7,7,13,4,4,4,14,7,7,7,7,15,16,17,7,7,7,18,7,7,7,7,7,7,7,7,7,7,19,20,7,7,7,7,6,6,6,6,6,6,6,6,3,3,3,3,3,3,3,3","0.000697851181030273","louvain","edit-xhwikibooks.graphml"
"0.41","0.4","0.19","0.440714116740307","1,1,2,2,2,3,2,3,3,3,2,2,3,3,3,4,5,2,6,2,7,1,3,3,3,3,3,4,1,8,9,6,2,2,6,6,3,3,7,7,7,7,1,1,1,1,7,1,1,1,7,7,7,7,7,1,1,1,1,7,10,7,7,11,12,7,7,7,7,7,1,7,3,3,7,7,7,7,7,7,7,13,4,4,4,14,7,7,7,7,15,16,17,7,7,7,18,7,7,7,7,7,7,7,7,7,7,19,20,7,7,7,7,6,6,6,6,6,6,6,6,3,3,3,3,3,3,3,3","0.000538110733032227","louvain","edit-xhwikibooks.graphml"
"0.4","0.41","0.19","0.440714116740307","1,1,2,2,2,3,2,3,3,3,2,2,3,3,3,4,5,2,6,2,7,1,3,3,3,3,3,4,1,8,9,6,2,2,6,6,3,3,7,7,7,7,1,1,1,1,7,1,1,1,7,7,7,7,7,1,1,1,1,7,10,7,7,11,12,7,7,7,7,7,1,7,3,3,7,7,7,7,7,7,7,13,4,4,4,14,7,7,7,7,15,16,17,7,7,7,18,7,7,7,7,7,7,7,7,7,7,19,20,7,7,7,7,6,6,6,6,6,6,6,6,3,3,3,3,3,3,3,3","0.000512123107910156","louvain","edit-xhwikibooks.graphml"
"0.39","0.42","0.19","0.440178861211408","1,1,2,2,2,3,2,3,3,3,2,2,3,3,3,4,5,2,6,2,7,1,3,3,3,3,3,4,1,8,9,6,2,2,6,6,3,3,7,7,7,7,1,1,1,1,7,1,1,1,7,7,7,7,7,1,1,1,1,7,10,7,7,11,12,7,7,7,7,7,1,7,3,3,7,7,7,7,7,7,7,13,4,4,4,14,7,7,7,7,15,16,17,7,7,7,18,7,7,7,7,7,7,7,7,7,7,19,20,7,7,7,7,6,6,6,6,6,6,6,6,3,3,3,3,3,3,3,3","0.000518083572387695","louvain","edit-xhwikibooks.graphml"
"0.38","0.43","0.19","0.44306248425296","1,1,2,2,2,3,2,3,3,3,2,2,3,3,3,4,5,2,6,2,7,1,3,3,3,3,3,4,1,8,9,6,2,2,6,6,3,3,7,7,7,7,1,1,1,1,7,1,1,1,7,7,7,7,7,1,1,1,1,7,10,7,7,11,12,7,7,7,7,7,1,7,3,3,7,7,7,7,7,7,7,13,4,4,4,14,7,7,7,7,15,16,17,7,7,7,18,7,7,7,7,7,7,7,7,7,7,19,20,7,7,7,7,6,6,6,6,6,6,6,6,3,3,3,3,3,3,3,3","0.000504970550537109","louvain","edit-xhwikibooks.graphml"
"0.37","0.44","0.19","0.442417765677703","1,1,2,2,2,3,2,3,3,3,2,2,3,3,3,3,4,2,5,2,6,1,3,3,3,3,3,3,1,7,8,5,2,2,5,5,9,3,6,6,6,6,1,1,1,1,6,1,1,1,6,6,6,6,6,1,1,1,1,6,10,6,6,11,12,6,6,6,6,6,1,6,3,3,6,6,6,6,6,6,6,13,3,3,3,14,6,6,6,6,15,16,17,6,6,6,18,6,6,6,6,6,6,6,6,6,6,19,20,6,6,6,6,5,5,5,5,5,5,5,5,9,9,9,9,9,9,9,9","0.000619888305664062","louvain","edit-xhwikibooks.graphml"
"0.36","0.45","0.19","0.445376588825748","1,1,2,2,2,3,2,3,3,3,2,2,3,3,3,4,5,2,6,2,7,1,3,3,3,3,3,4,1,8,9,6,2,2,6,6,3,3,7,7,7,7,1,1,1,1,7,1,1,1,7,7,7,7,7,1,1,1,1,7,10,7,7,11,12,7,7,7,7,7,1,7,3,3,7,7,7,7,7,7,7,13,4,4,4,14,7,7,7,7,15,16,17,7,7,7,18,7,7,7,7,7,7,7,7,7,7,19,20,7,7,7,7,6,6,6,6,6,6,6,6,3,3,3,3,3,3,3,3","0.000509023666381836","louvain","edit-xhwikibooks.graphml"
"0.35","0.46","0.19","0.44484346545393","1,1,2,2,2,3,2,3,3,3,2,2,3,3,3,4,5,2,6,2,7,1,3,3,3,3,3,4,1,8,9,6,2,2,6,6,3,3,7,7,7,7,1,1,1,1,7,1,1,1,7,7,7,7,7,1,1,1,1,7,10,7,7,11,12,7,7,7,7,7,1,7,3,3,7,7,7,7,7,7,7,13,4,4,4,14,7,7,7,7,15,16,17,7,7,7,18,7,7,7,7,7,7,7,7,7,7,19,20,7,7,7,7,6,6,6,6,6,6,6,6,3,3,3,3,3,3,3,3","0.000539064407348633","louvain","edit-xhwikibooks.graphml"
"0.34","0.47","0.19","0.446320292640585","1,1,2,2,2,3,2,3,3,3,2,2,3,3,3,4,5,2,6,2,7,1,3,3,3,3,3,4,1,8,9,6,2,2,6,6,3,3,7,7,7,7,1,1,1,1,7,1,1,1,7,7,7,7,7,1,1,1,1,7,10,7,7,11,12,7,7,7,7,7,1,7,3,3,7,7,7,7,7,7,7,13,4,4,4,14,7,7,7,7,15,16,17,7,7,7,18,7,7,7,7,7,7,7,7,7,7,19,20,7,7,7,7,6,6,6,6,6,6,6,6,3,3,3,3,3,3,3,3","0.000496864318847656","louvain","edit-xhwikibooks.graphml"
"0.33","0.48","0.19","0.445788091847633","1,1,2,2,2,3,2,3,3,3,2,2,3,3,3,4,5,2,6,2,7,1,3,3,3,3,3,4,1,8,9,6,2,2,6,6,3,3,7,7,7,7,1,1,1,1,7,1,1,1,7,7,7,7,7,1,1,1,1,7,10,7,7,11,12,7,7,7,7,7,1,7,3,3,7,7,7,7,7,7,7,13,4,4,4,14,7,7,7,7,15,16,17,7,7,7,18,7,7,7,7,7,7,7,7,7,7,19,20,7,7,7,7,6,6,6,6,6,6,6,6,3,3,3,3,3,3,3,3","0.000504970550537109","louvain","edit-xhwikibooks.graphml"
"0.32","0.49","0.19","0.445869674854634","1,1,2,2,2,3,2,3,3,3,2,2,3,3,3,3,4,2,5,2,6,1,3,3,3,3,3,3,1,7,8,5,2,2,5,5,9,3,6,6,6,6,1,1,1,1,6,1,1,1,6,6,6,6,6,1,1,1,1,6,10,6,6,11,12,6,6,6,6,6,1,6,3,3,6,6,6,6,6,6,6,13,3,3,3,14,6,6,6,6,15,16,17,6,6,6,18,6,6,6,6,6,6,6,6,6,6,19,20,6,6,6,6,5,5,5,5,5,5,5,5,9,9,9,9,9,9,9,9","0.00049901008605957","louvain","edit-xhwikibooks.graphml"
"0.31","0.5","0.19","0.501579477360106","1,1,2,2,2,3,2,3,3,3,2,2,3,3,3,4,5,2,6,2,7,1,3,3,3,3,3,4,1,8,9,6,2,2,6,6,10,3,7,7,7,7,1,1,1,1,7,1,1,1,7,7,7,7,7,1,1,1,1,7,11,7,7,12,13,7,7,7,7,7,1,7,3,3,7,7,7,7,7,7,7,14,4,4,4,15,7,7,7,7,16,17,18,7,7,7,19,7,7,7,7,7,7,7,7,7,7,20,21,7,7,7,7,6,6,6,6,6,6,6,6,10,10,10,10,10,10,10,10","0.000542879104614258","louvain","edit-xhwikibooks.graphml"
"0.3","0.51","0.19","0.501706698062149","1,1,2,2,2,2,2,3,2,2,2,2,3,3,3,2,4,2,5,2,6,1,3,3,3,3,3,2,1,7,8,5,2,2,5,5,3,3,6,6,6,6,1,1,1,1,6,1,1,1,6,6,6,6,6,1,1,1,1,6,9,6,6,10,11,6,6,6,6,6,1,6,3,3,6,6,6,6,6,6,6,12,2,2,2,13,6,6,6,6,14,15,16,6,6,6,17,6,6,6,6,6,6,6,6,6,6,18,19,6,6,6,6,5,5,5,5,5,5,5,5,3,3,3,3,3,3,3,3","0.000551939010620117","louvain","edit-xhwikibooks.graphml"
"0.29","0.52","0.19","0.501579477360106","1,1,2,2,2,3,2,3,3,3,2,2,3,3,3,4,5,2,6,2,7,1,3,3,3,3,3,4,1,8,9,6,2,2,6,6,10,3,7,7,7,7,1,1,1,1,7,1,1,1,7,7,7,7,7,1,1,1,1,7,11,7,7,12,13,7,7,7,7,7,1,7,3,3,7,7,7,7,7,7,7,14,4,4,4,15,7,7,7,7,16,17,18,7,7,7,19,7,7,7,7,7,7,7,7,7,7,20,21,7,7,7,7,6,6,6,6,6,6,6,6,10,10,10,10,10,10,10,10","0.000536918640136719","louvain","edit-xhwikibooks.graphml"
"0.28","0.53","0.19","0.485810872707854","1,1,2,2,2,2,2,3,2,2,2,2,3,3,3,2,4,2,5,2,6,1,3,3,3,3,3,2,1,7,8,5,2,2,5,5,3,3,6,6,6,6,1,1,1,1,6,1,1,1,6,6,6,6,6,1,1,1,1,6,9,6,6,10,11,6,6,6,6,6,1,6,3,3,6,6,6,6,6,6,6,12,2,2,2,13,6,6,6,6,14,15,16,6,6,6,17,6,6,6,6,6,6,6,6,6,6,18,19,6,6,6,6,5,5,5,5,5,5,5,5,3,3,3,3,3,3,3,3","0.000563144683837891","louvain","edit-xhwikibooks.graphml"
"0.27","0.54","0.19","0.487092893740254","1,1,2,2,2,2,2,3,2,2,2,2,3,3,3,2,4,2,5,2,6,1,3,3,3,3,3,2,1,7,8,5,2,2,5,5,3,3,6,6,6,6,1,1,1,1,6,1,1,1,6,6,6,6,6,1,1,1,1,6,9,6,6,10,11,6,6,6,6,6,1,6,3,3,6,6,6,6,6,6,6,12,2,2,2,13,6,6,6,6,14,15,16,6,6,6,17,6,6,6,6,6,6,6,6,6,6,18,19,6,6,6,6,5,5,5,5,5,5,5,5,3,3,3,3,3,3,3,3","0.000568151473999023","louvain","edit-xhwikibooks.graphml"
"0.26","0.55","0.19","0.486561641432033","1,1,2,2,2,2,2,3,2,2,2,2,3,3,3,2,4,2,5,2,6,1,3,3,3,3,3,2,1,7,8,5,2,2,5,5,3,3,6,6,6,6,1,1,1,1,6,1,1,1,6,6,6,6,6,1,1,1,1,6,9,6,6,10,11,6,6,6,6,6,1,6,3,3,6,6,6,6,6,6,6,12,2,2,2,13,6,6,6,6,14,15,16,6,6,6,17,6,6,6,6,6,6,6,6,6,6,18,19,6,6,6,6,5,5,5,5,5,5,5,5,3,3,3,3,3,3,3,3","0.000579118728637695","louvain","edit-xhwikibooks.graphml"
"0.25","0.56","0.19","0.488955222562477","1,1,2,2,2,2,2,3,2,2,2,2,3,3,3,2,4,2,5,2,6,1,3,3,3,3,3,2,1,7,8,5,2,2,5,5,3,3,6,6,6,6,1,1,1,1,6,1,1,1,6,6,6,6,6,1,1,1,1,6,9,6,6,10,11,6,6,6,6,6,1,6,3,3,6,6,6,6,6,6,6,12,2,2,2,13,6,6,6,6,14,15,16,6,6,6,17,6,6,6,6,6,6,6,6,6,6,18,19,6,6,6,6,5,5,5,5,5,5,5,5,3,3,3,3,3,3,3,3","0.000616073608398438","louvain","edit-xhwikibooks.graphml"
"0.24","0.57","0.19","0.489687791495199","1,1,2,2,2,2,2,3,2,2,2,2,3,3,3,2,4,2,5,2,6,1,3,3,3,3,3,2,1,7,8,5,2,2,5,5,3,3,6,6,6,6,1,1,1,1,6,1,1,1,6,6,6,6,6,1,1,1,1,6,9,6,6,10,11,6,6,6,6,6,1,6,3,3,6,6,6,6,6,6,6,12,2,2,2,13,6,6,6,6,14,15,16,6,6,6,17,6,6,6,6,6,6,6,6,6,6,18,19,6,6,6,6,5,5,5,5,5,5,5,5,3,3,3,3,3,3,3,3","0.000641107559204102","louvain","edit-xhwikibooks.graphml"
"0.23","0.58","0.19","0.476586155984612","1,1,1,2,3,2,4,5,2,2,4,6,5,5,5,2,7,8,4,9,10,1,11,5,5,5,5,2,1,12,13,14,9,15,4,4,5,5,10,10,10,10,1,1,1,1,10,1,1,1,10,10,10,10,10,1,1,1,1,10,16,10,10,17,18,10,10,10,10,10,1,10,19,20,10,10,10,10,10,10,10,21,22,23,24,25,10,10,10,10,26,27,28,10,10,10,29,10,10,10,10,10,10,10,10,10,10,30,31,10,10,10,10,4,4,4,4,4,4,4,4,5,5,5,5,5,5,5,5","0.000531911849975586","louvain","edit-xhwikibooks.graphml"
"0.22","0.59","0.19","0.476054443678328","1,1,1,2,3,2,4,5,2,2,4,6,5,5,5,2,7,8,4,9,10,1,11,5,5,5,5,2,1,12,13,14,9,15,4,4,5,5,10,10,10,10,1,1,1,1,10,1,1,1,10,10,10,10,10,1,1,1,1,10,16,10,10,17,18,10,10,10,10,10,1,10,19,20,10,10,10,10,10,10,10,21,22,23,24,25,10,10,10,10,26,27,28,10,10,10,29,10,10,10,10,10,10,10,10,10,10,30,31,10,10,10,10,4,4,4,4,4,4,4,4,5,5,5,5,5,5,5,5","0.000523805618286133","louvain","edit-xhwikibooks.graphml"
"0.21","0.6","0.19","0.478813272732192","1,1,1,2,3,2,4,5,2,2,4,6,5,5,5,2,7,8,4,9,10,1,11,5,5,5,5,2,1,12,13,14,9,15,4,4,5,5,10,10,10,10,1,1,1,1,10,1,1,1,10,10,10,10,10,1,1,1,1,10,16,10,10,17,18,10,10,10,10,10,1,10,19,20,10,10,10,10,10,10,10,21,22,23,24,25,10,10,10,10,26,27,28,10,10,10,29,10,10,10,10,10,10,10,10,10,10,30,31,10,10,10,10,4,4,4,4,4,4,4,4,5,5,5,5,5,5,5,5","0.000540971755981445","louvain","edit-xhwikibooks.graphml"
"0.2","0.61","0.19","0.479578642116963","1,1,1,2,3,2,4,5,2,2,4,6,5,5,5,2,7,8,4,9,10,1,11,5,5,5,5,2,1,12,13,14,9,15,4,4,5,5,10,10,10,10,1,1,1,1,10,1,1,1,10,10,10,10,10,1,1,1,1,10,16,10,10,17,18,10,10,10,10,10,1,10,19,20,10,10,10,10,10,10,10,21,22,23,24,25,10,10,10,10,26,27,28,10,10,10,29,10,10,10,10,10,10,10,10,10,10,30,31,10,10,10,10,4,4,4,4,4,4,4,4,5,5,5,5,5,5,5,5","0.000566959381103516","louvain","edit-xhwikibooks.graphml"
"0.19","0.62","0.19","0.482141902428158","1,1,1,2,3,2,4,5,2,2,4,6,5,5,5,2,7,8,4,9,10,1,11,5,5,5,5,2,1,12,13,14,9,15,4,4,5,5,10,10,10,10,1,1,1,1,10,1,1,1,10,10,10,10,10,1,1,1,1,10,16,10,10,17,18,10,10,10,10,10,1,10,19,20,10,10,10,10,10,10,10,21,22,23,24,25,10,10,10,10,26,27,28,10,10,10,29,10,10,10,10,10,10,10,10,10,10,30,31,10,10,10,10,4,4,4,4,4,4,4,4,5,5,5,5,5,5,5,5","0.000581026077270508","louvain","edit-xhwikibooks.graphml"
"0.18","0.63","0.19","0.4816120699803","1,1,1,2,3,2,4,5,2,2,4,6,5,5,5,2,7,8,4,9,10,1,11,5,5,5,5,2,1,12,13,14,9,15,4,4,5,5,10,10,10,10,1,1,1,1,10,1,1,1,10,10,10,10,10,1,1,1,1,10,16,10,10,17,18,10,10,10,10,10,1,10,19,20,10,10,10,10,10,10,10,21,22,23,24,25,10,10,10,10,26,27,28,10,10,10,29,10,10,10,10,10,10,10,10,10,10,30,31,10,10,10,10,4,4,4,4,4,4,4,4,5,5,5,5,5,5,5,5","0.000532865524291992","louvain","edit-xhwikibooks.graphml"
"0.17","0.64","0.19","0.4816120699803","1,1,1,2,3,2,4,5,2,2,4,6,5,5,5,2,7,8,4,9,10,1,11,5,5,5,5,2,1,12,13,14,9,15,4,4,5,5,10,10,10,10,1,1,1,1,10,1,1,1,10,10,10,10,10,1,1,1,1,10,16,10,10,17,18,10,10,10,10,10,1,10,19,20,10,10,10,10,10,10,10,21,22,23,24,25,10,10,10,10,26,27,28,10,10,10,29,10,10,10,10,10,10,10,10,10,10,30,31,10,10,10,10,4,4,4,4,4,4,4,4,5,5,5,5,5,5,5,5","0.000543832778930664","louvain","edit-xhwikibooks.graphml"
"0.16","0.65","0.19","0.481083253613945","1,1,1,2,3,2,4,5,2,2,4,6,5,5,5,2,7,8,4,9,10,1,11,5,5,5,5,2,1,12,13,14,9,15,4,4,5,5,10,10,10,10,1,1,1,1,10,1,1,1,10,10,10,10,10,1,1,1,1,10,16,10,10,17,18,10,10,10,10,10,1,10,19,20,10,10,10,10,10,10,10,21,22,23,24,25,10,10,10,10,26,27,28,10,10,10,29,10,10,10,10,10,10,10,10,10,10,30,31,10,10,10,10,4,4,4,4,4,4,4,4,5,5,5,5,5,5,5,5","0.000547885894775391","louvain","edit-xhwikibooks.graphml"
"0.15","0.66","0.19","0.481083253613945","1,1,1,2,3,2,4,5,2,2,4,6,5,5,5,2,7,8,4,9,10,1,11,5,5,5,5,2,1,12,13,14,9,15,4,4,5,5,10,10,10,10,1,1,1,1,10,1,1,1,10,10,10,10,10,1,1,1,1,10,16,10,10,17,18,10,10,10,10,10,1,10,19,20,10,10,10,10,10,10,10,21,22,23,24,25,10,10,10,10,26,27,28,10,10,10,29,10,10,10,10,10,10,10,10,10,10,30,31,10,10,10,10,4,4,4,4,4,4,4,4,5,5,5,5,5,5,5,5","0.000547885894775391","louvain","edit-xhwikibooks.graphml"
"0.14","0.67","0.19","0.490130839100346","1,1,1,2,3,2,4,5,2,2,4,6,5,5,5,2,7,8,9,10,11,1,12,5,5,5,5,2,1,13,14,15,10,16,9,9,5,5,11,11,11,11,1,1,1,1,11,1,1,1,11,11,11,11,11,1,1,1,1,11,17,11,11,18,19,11,11,11,11,11,1,11,20,21,11,11,11,11,11,11,11,22,23,24,25,26,11,11,11,11,27,28,29,11,11,11,30,11,11,11,11,11,11,11,11,11,11,31,32,11,11,11,11,9,9,9,9,9,9,9,9,5,5,5,5,5,5,5,5","0.000572919845581055","louvain","edit-xhwikibooks.graphml"
"0.13","0.68","0.19","0.490130839100346","1,1,1,2,3,2,4,5,2,2,4,6,5,5,5,2,7,8,9,10,11,1,12,5,5,5,5,2,1,13,14,15,10,16,9,9,5,5,11,11,11,11,1,1,1,1,11,1,1,1,11,11,11,11,11,1,1,1,1,11,17,11,11,18,19,11,11,11,11,11,1,11,20,21,11,11,11,11,11,11,11,22,23,24,25,26,11,11,11,11,27,28,29,11,11,11,30,11,11,11,11,11,11,11,11,11,11,31,32,11,11,11,11,9,9,9,9,9,9,9,9,5,5,5,5,5,5,5,5","0.000566959381103516","louvain","edit-xhwikibooks.graphml"
"0.12","0.69","0.19","0.489600246678785","1,1,1,2,3,2,4,5,2,2,4,6,5,5,5,2,7,8,9,10,11,1,12,5,5,5,5,2,1,13,14,15,10,16,9,9,5,5,11,11,11,11,1,1,1,1,11,1,1,1,11,11,11,11,11,1,1,1,1,11,17,11,11,18,19,11,11,11,11,11,1,11,20,21,11,11,11,11,11,11,11,22,23,24,25,26,11,11,11,11,27,28,29,11,11,11,30,11,11,11,11,11,11,11,11,11,11,31,32,11,11,11,11,9,9,9,9,9,9,9,9,5,5,5,5,5,5,5,5","0.00058293342590332","louvain","edit-xhwikibooks.graphml"
"0.11","0.7","0.19","0.49194843895886","1,1,1,2,3,2,4,5,2,2,4,6,5,5,5,2,7,8,9,10,11,1,12,5,5,5,5,2,1,13,14,15,10,16,9,9,5,5,11,11,11,11,1,1,1,1,11,1,1,1,11,11,11,11,11,1,1,1,1,11,17,11,11,18,19,11,11,11,11,11,1,11,20,21,11,11,11,11,11,11,11,22,23,24,25,26,11,11,11,11,27,28,29,11,11,11,30,11,11,11,11,11,11,11,11,11,11,31,32,11,11,11,11,9,9,9,9,9,9,9,9,5,5,5,5,5,5,5,5","0.00056004524230957","louvain","edit-xhwikibooks.graphml"
"0.1","0.71","0.19","0.49141626748996","1,1,1,2,3,2,4,5,2,2,4,6,5,5,5,2,7,8,9,10,11,1,12,5,5,5,5,2,1,13,14,15,10,16,9,9,5,5,11,11,11,11,1,1,1,1,11,1,1,1,11,11,11,11,11,1,1,1,1,11,17,11,11,18,19,11,11,11,11,11,1,11,20,21,11,11,11,11,11,11,11,22,23,24,25,26,11,11,11,11,27,28,29,11,11,11,30,11,11,11,11,11,11,11,11,11,11,31,32,11,11,11,11,9,9,9,9,9,9,9,9,5,5,5,5,5,5,5,5","0.000535011291503906","louvain","edit-xhwikibooks.graphml"
"0.09","0.72","0.19","0.492567884773275","1,1,1,2,3,2,4,5,2,2,4,6,5,5,5,2,7,8,9,10,11,1,12,5,5,5,5,2,1,13,14,15,10,16,9,9,5,5,11,11,11,11,1,1,1,1,11,1,1,1,11,11,11,11,11,1,1,1,1,11,17,11,11,18,19,11,11,11,11,11,1,11,20,21,11,11,11,11,11,11,11,22,23,24,25,26,11,11,11,11,27,28,29,11,11,11,30,11,11,11,11,11,11,11,11,11,11,31,32,11,11,11,11,9,9,9,9,9,9,9,9,5,5,5,5,5,5,5,5","0.000546932220458984","louvain","edit-xhwikibooks.graphml"
"0.08","0.73","0.19","0.492037079785233","1,1,1,2,3,2,4,5,2,2,4,6,5,5,5,2,7,8,9,10,11,1,12,5,5,5,5,2,1,13,14,15,10,16,9,9,5,5,11,11,11,11,1,1,1,1,11,1,1,1,11,11,11,11,11,1,1,1,1,11,17,11,11,18,19,11,11,11,11,11,1,11,20,21,11,11,11,11,11,11,11,22,23,24,25,26,11,11,11,11,27,28,29,11,11,11,30,11,11,11,11,11,11,11,11,11,11,31,32,11,11,11,11,9,9,9,9,9,9,9,9,5,5,5,5,5,5,5,5","0.000528097152709961","louvain","edit-xhwikibooks.graphml"
"0.07","0.74","0.19","0.492037079785233","1,1,1,2,3,2,4,5,2,2,4,6,5,5,5,2,7,8,9,10,11,1,12,5,5,5,5,2,1,13,14,15,10,16,9,9,5,5,11,11,11,11,1,1,1,1,11,1,1,1,11,11,11,11,11,1,1,1,1,11,17,11,11,18,19,11,11,11,11,11,1,11,20,21,11,11,11,11,11,11,11,22,23,24,25,26,11,11,11,11,27,28,29,11,11,11,30,11,11,11,11,11,11,11,11,11,11,31,32,11,11,11,11,9,9,9,9,9,9,9,9,5,5,5,5,5,5,5,5","0.000711917877197266","louvain","edit-xhwikibooks.graphml"
"0.06","0.75","0.19","0.49531735904543","1,1,1,2,3,2,4,5,2,2,4,6,5,5,5,2,7,8,9,10,11,1,12,5,5,5,5,2,1,13,14,15,10,16,9,9,17,5,11,11,11,11,1,1,1,1,11,1,1,1,11,11,11,11,11,1,1,1,1,11,18,11,11,19,20,11,11,11,11,11,1,11,21,22,11,11,11,11,11,11,11,23,24,25,26,27,11,11,11,11,28,29,30,11,11,11,31,11,11,11,11,11,11,11,11,11,11,32,33,11,11,11,11,9,9,9,9,9,9,9,9,17,17,17,17,17,17,17,17","0.000538825988769531","louvain","edit-xhwikibooks.graphml"
"0.05","0.76","0.19","0.49531735904543","1,1,1,2,3,2,4,5,2,2,4,6,5,5,5,2,7,8,9,10,11,1,12,5,5,5,5,2,1,13,14,15,10,16,9,9,17,5,11,11,11,11,1,1,1,1,11,1,1,1,11,11,11,11,11,1,1,1,1,11,18,11,11,19,20,11,11,11,11,11,1,11,21,22,11,11,11,11,11,11,11,23,24,25,26,27,11,11,11,11,28,29,30,11,11,11,31,11,11,11,11,11,11,11,11,11,11,32,33,11,11,11,11,9,9,9,9,9,9,9,9,17,17,17,17,17,17,17,17","0.000533103942871094","louvain","edit-xhwikibooks.graphml"
"0.04","0.77","0.19","0.495107729533084","1,1,1,2,3,2,4,5,2,2,6,7,5,5,5,2,8,9,10,11,12,1,13,5,5,5,5,2,1,14,15,16,17,18,10,10,19,5,12,12,12,12,1,1,1,1,12,1,1,1,12,12,12,12,12,1,1,1,1,12,20,12,12,21,22,12,12,12,12,12,1,12,23,24,12,12,12,12,12,12,12,25,26,27,28,29,12,12,12,12,30,31,32,12,12,12,33,12,12,12,12,12,12,12,12,12,12,34,35,12,12,12,12,10,10,10,10,10,10,10,10,19,19,19,19,19,19,19,19","0.00061798095703125","louvain","edit-xhwikibooks.graphml"
"0.03","0.78","0.19","0.497064692291535","1,1,1,2,3,2,4,5,2,2,6,7,5,5,5,2,8,9,10,11,12,1,13,5,5,5,5,2,1,14,15,16,17,18,10,10,19,5,12,12,12,12,1,1,1,1,12,1,1,1,12,12,12,12,12,1,1,1,1,12,20,12,12,21,22,12,12,12,12,12,1,12,23,24,12,12,12,12,12,12,12,25,26,27,28,29,12,12,12,12,30,31,32,12,12,12,33,12,12,12,12,12,12,12,12,12,12,34,35,12,12,12,12,10,10,10,10,10,10,10,10,19,19,19,19,19,19,19,19","0.000540018081665039","louvain","edit-xhwikibooks.graphml"
"0.02","0.79","0.19","0.497064692291535","1,1,1,2,3,2,4,5,2,2,6,7,5,5,5,2,8,9,10,11,12,1,13,5,5,5,5,2,1,14,15,16,17,18,10,10,19,5,12,12,12,12,1,1,1,1,12,1,1,1,12,12,12,12,12,1,1,1,1,12,20,12,12,21,22,12,12,12,12,12,1,12,23,24,12,12,12,12,12,12,12,25,26,27,28,29,12,12,12,12,30,31,32,12,12,12,33,12,12,12,12,12,12,12,12,12,12,34,35,12,12,12,12,10,10,10,10,10,10,10,10,19,19,19,19,19,19,19,19","0.000541925430297852","louvain","edit-xhwikibooks.graphml"
"0.01","0.8","0.19","0.498779799645601","1,1,1,2,3,2,4,5,2,2,6,7,5,5,5,2,8,9,10,11,12,1,13,5,5,5,5,2,1,14,15,16,17,18,10,10,5,5,12,12,12,12,1,1,1,1,12,1,1,1,12,12,12,12,12,1,1,1,1,12,19,12,12,20,21,12,12,12,12,12,1,12,22,23,12,12,12,12,12,12,12,24,25,26,27,28,12,12,12,12,29,30,31,12,12,12,32,12,12,12,12,12,12,12,12,12,12,33,34,12,12,12,12,10,10,10,10,10,10,10,10,5,5,5,5,5,5,5,5","0.000544071197509766","louvain","edit-xhwikibooks.graphml"
"0","0.81","0.19","0.501873469387755","1,1,1,2,1,2,3,4,2,2,5,6,4,4,4,2,7,8,9,10,11,1,12,4,4,4,4,2,1,13,14,15,16,17,9,9,18,4,11,11,11,11,1,1,1,1,11,1,1,1,11,11,11,11,11,1,1,1,1,11,19,11,11,20,21,11,11,11,11,11,1,11,22,23,11,11,11,11,11,11,11,24,25,26,27,28,11,11,11,11,29,30,31,11,11,11,32,11,11,11,11,11,11,11,11,11,11,33,34,11,11,11,11,9,9,9,9,9,9,9,9,18,18,18,18,18,18,18,18","0.000551223754882812","louvain","edit-xhwikibooks.graphml"
"0.8","0","0.2","0.437215262277098","1,1,2,3,2,3,2,3,3,3,2,2,3,3,3,3,3,2,4,2,5,1,3,3,3,3,3,3,1,3,2,4,2,2,4,4,3,3,5,5,5,5,1,1,1,1,5,1,1,1,5,5,5,5,5,1,1,1,1,5,3,5,5,3,3,5,5,5,5,5,1,5,3,3,5,5,5,5,5,5,5,3,3,3,3,1,5,5,5,5,3,2,4,5,5,5,3,5,5,5,5,5,5,5,5,5,5,2,2,5,5,5,5,4,4,4,4,4,4,4,4,3,3,3,3,3,3,3,3","0.000555992126464844","louvain","edit-xhwikibooks.graphml"
"0.79","0.01","0.2","0.425226124885216","1,1,2,2,2,3,2,3,3,3,2,2,3,3,3,3,3,2,4,2,5,1,3,3,3,3,3,3,1,3,2,4,2,2,4,4,3,3,5,5,5,5,1,1,1,1,5,1,1,1,5,5,5,5,5,1,1,1,1,5,3,5,5,3,3,5,5,5,5,5,1,5,3,3,5,5,5,5,5,5,5,3,3,3,3,1,5,5,5,5,3,2,4,5,5,5,3,5,5,5,5,5,5,5,5,5,5,2,2,5,5,5,5,4,4,4,4,4,4,4,4,3,3,3,3,3,3,3,3","0.000566959381103516","louvain","edit-xhwikibooks.graphml"
"0.78","0.02","0.2","0.420873507805326","1,1,2,2,2,2,2,2,3,2,2,2,2,3,3,2,2,2,3,2,4,1,2,3,3,3,3,2,1,2,2,3,2,2,3,3,5,3,4,4,4,4,1,1,1,1,4,1,1,1,4,4,4,4,4,1,1,1,1,4,2,4,4,3,3,4,4,4,4,4,1,4,3,3,4,4,4,4,4,4,4,3,2,2,2,1,4,4,4,4,2,2,3,4,4,4,2,4,4,4,4,4,4,4,4,4,4,2,2,4,4,4,4,3,3,3,3,3,3,3,3,5,5,5,5,5,5,5,5","0.000591039657592773","louvain","edit-xhwikibooks.graphml"
"0.77","0.03","0.2","0.420390642701999","1,1,2,2,2,2,2,2,3,2,2,2,2,3,3,2,2,2,3,2,4,1,2,3,3,3,3,2,1,2,2,3,2,2,3,3,5,3,4,4,4,4,1,1,1,1,4,1,1,1,4,4,4,4,4,1,1,1,1,4,2,4,4,3,3,4,4,4,4,4,1,4,3,3,4,4,4,4,4,4,4,3,2,2,2,1,4,4,4,4,2,2,3,4,4,4,2,4,4,4,4,4,4,4,4,4,4,2,2,4,4,4,4,3,3,3,3,3,3,3,3,5,5,5,5,5,5,5,5","0.000568866729736328","louvain","edit-xhwikibooks.graphml"
"0.76","0.04","0.2","0.422924281506268","1,1,1,1,1,2,1,2,2,2,3,1,2,2,2,2,2,3,3,1,4,1,2,2,2,2,2,2,1,2,3,3,1,1,3,3,2,2,4,4,4,4,1,1,1,1,4,1,1,1,4,4,4,4,4,1,1,1,1,4,2,4,4,2,2,4,4,4,4,4,1,4,2,2,4,4,4,4,4,4,4,2,2,2,2,1,4,4,4,4,2,3,3,4,4,4,2,4,4,4,4,4,4,4,4,4,4,1,1,4,4,4,4,3,3,3,3,3,3,3,3,2,2,2,2,2,2,2,2","0.000567197799682617","louvain","edit-xhwikibooks.graphml"
"0.75","0.05","0.2","0.421291563603837","1,1,1,1,1,1,2,1,3,1,2,2,1,3,3,1,1,2,4,2,5,1,1,3,3,3,3,1,1,1,2,4,2,2,4,4,3,3,5,5,5,5,1,1,1,1,5,1,1,1,5,5,5,5,5,1,1,1,1,5,1,5,5,3,3,5,5,5,5,5,1,5,3,3,5,5,5,5,5,5,5,3,1,1,1,1,5,5,5,5,1,2,4,5,5,5,1,5,5,5,5,5,5,5,5,5,5,2,2,5,5,5,5,4,4,4,4,4,4,4,4,3,3,3,3,3,3,3,3","0.000564098358154297","louvain","edit-xhwikibooks.graphml"
"0.74","0.06","0.2","0.421291563603837","1,1,1,1,1,1,2,1,3,1,2,2,1,3,3,1,1,2,4,2,5,1,1,3,3,3,3,1,1,1,2,4,2,2,4,4,3,3,5,5,5,5,1,1,1,1,5,1,1,1,5,5,5,5,5,1,1,1,1,5,1,5,5,3,3,5,5,5,5,5,1,5,3,3,5,5,5,5,5,5,5,3,1,1,1,1,5,5,5,5,1,2,4,5,5,5,1,5,5,5,5,5,5,5,5,5,5,2,2,5,5,5,5,4,4,4,4,4,4,4,4,3,3,3,3,3,3,3,3","0.000565052032470703","louvain","edit-xhwikibooks.graphml"
"0.73","0.07","0.2","0.423754859874104","1,1,2,2,2,3,2,3,3,3,2,2,3,3,3,3,3,2,4,2,5,1,3,3,3,3,3,3,1,3,2,4,2,2,4,4,3,3,5,5,5,5,1,1,1,1,5,1,1,1,5,5,5,5,5,1,1,1,1,5,3,5,5,3,3,5,5,5,5,5,1,5,3,3,5,5,5,5,5,5,5,3,3,3,3,1,5,5,5,5,3,2,4,5,5,5,3,5,5,5,5,5,5,5,5,5,5,2,2,5,5,5,5,4,4,4,4,4,4,4,4,3,3,3,3,3,3,3,3","0.000568866729736328","louvain","edit-xhwikibooks.graphml"
"0.72","0.08","0.2","0.425203449339527","1,1,2,2,2,3,2,3,3,3,2,2,3,3,3,3,3,2,4,2,5,1,3,3,3,3,3,3,1,3,2,4,2,2,4,4,3,3,5,5,5,5,1,1,1,1,5,1,1,1,5,5,5,5,5,1,1,1,1,5,3,5,5,3,3,5,5,5,5,5,1,5,3,3,5,5,5,5,5,5,5,3,3,3,3,1,5,5,5,5,3,2,4,5,5,5,3,5,5,5,5,5,5,5,5,5,5,2,2,5,5,5,5,4,4,4,4,4,4,4,4,3,3,3,3,3,3,3,3","0.000587940216064453","louvain","edit-xhwikibooks.graphml"
"0.71","0.09","0.2","0.42288540901125","1,1,1,1,1,2,1,2,2,2,3,1,2,2,2,2,2,3,3,1,4,1,2,2,2,2,2,2,1,2,3,3,1,1,3,3,2,2,4,4,4,4,1,1,1,1,4,1,1,1,4,4,4,4,4,1,1,1,1,4,2,4,4,2,2,4,4,4,4,4,1,4,2,2,4,4,4,4,4,4,4,2,2,2,2,1,4,4,4,4,2,3,3,4,4,4,2,4,4,4,4,4,4,4,4,4,4,1,1,4,4,4,4,3,3,3,3,3,3,3,3,2,2,2,2,2,2,2,2","0.000774145126342773","louvain","edit-xhwikibooks.graphml"
"0.7","0.1","0.2","0.426152503855207","1,1,2,2,2,3,2,3,3,3,2,2,3,3,3,3,3,2,4,2,5,1,3,3,3,3,3,3,1,3,2,4,2,2,4,4,3,3,5,5,5,5,1,1,1,1,5,1,1,1,5,5,5,5,5,1,1,1,1,5,3,5,5,3,3,5,5,5,5,5,1,5,3,3,5,5,5,5,5,5,5,3,3,3,3,1,5,5,5,5,3,2,4,5,5,5,3,5,5,5,5,5,5,5,5,5,5,2,2,5,5,5,5,4,4,4,4,4,4,4,4,3,3,3,3,3,3,3,3","0.000540018081665039","louvain","edit-xhwikibooks.graphml"
"0.69","0.11","0.2","0.425664603979869","1,1,2,2,2,3,2,3,3,3,2,2,3,3,3,3,3,2,4,2,5,1,3,3,3,3,3,3,1,3,2,4,2,2,4,4,3,3,5,5,5,5,1,1,1,1,5,1,1,1,5,5,5,5,5,1,1,1,1,5,3,5,5,3,3,5,5,5,5,5,1,5,3,3,5,5,5,5,5,5,5,3,3,3,3,1,5,5,5,5,3,2,4,5,5,5,3,5,5,5,5,5,5,5,5,5,5,2,2,5,5,5,5,4,4,4,4,4,4,4,4,3,3,3,3,3,3,3,3","0.000543117523193359","louvain","edit-xhwikibooks.graphml"
"0.68","0.12","0.2","0.42847231997426","1,1,2,2,2,3,2,3,3,3,2,2,3,3,3,3,3,2,4,2,5,1,3,3,3,3,3,3,1,3,2,4,2,2,4,4,3,3,5,5,5,5,1,1,1,1,5,1,1,1,5,5,5,5,5,1,1,1,1,5,3,5,5,3,3,5,5,5,5,5,1,5,3,3,5,5,5,5,5,5,5,3,3,3,3,1,5,5,5,5,3,2,4,5,5,5,3,5,5,5,5,5,5,5,5,5,5,2,2,5,5,5,5,4,4,4,4,4,4,4,4,3,3,3,3,3,3,3,3","0.000633001327514648","louvain","edit-xhwikibooks.graphml"
"0.67","0.13","0.2","0.427985074626866","1,1,2,2,2,3,2,3,3,3,2,2,3,3,3,3,3,2,4,2,5,1,3,3,3,3,3,3,1,3,2,4,2,2,4,4,3,3,5,5,5,5,1,1,1,1,5,1,1,1,5,5,5,5,5,1,1,1,1,5,3,5,5,3,3,5,5,5,5,5,1,5,3,3,5,5,5,5,5,5,5,3,3,3,3,1,5,5,5,5,3,2,4,5,5,5,3,5,5,5,5,5,5,5,5,5,5,2,2,5,5,5,5,4,4,4,4,4,4,4,4,3,3,3,3,3,3,3,3","0.000547170639038086","louvain","edit-xhwikibooks.graphml"
"0.66","0.14","0.2","0.427985074626866","1,1,2,2,2,3,2,3,3,3,2,2,3,3,3,3,3,2,4,2,5,1,3,3,3,3,3,3,1,3,2,4,2,2,4,4,3,3,5,5,5,5,1,1,1,1,5,1,1,1,5,5,5,5,5,1,1,1,1,5,3,5,5,3,3,5,5,5,5,5,1,5,3,3,5,5,5,5,5,5,5,3,3,3,3,1,5,5,5,5,3,2,4,5,5,5,3,5,5,5,5,5,5,5,5,5,5,2,2,5,5,5,5,4,4,4,4,4,4,4,4,3,3,3,3,3,3,3,3","0.000543117523193359","louvain","edit-xhwikibooks.graphml"
"0.65","0.15","0.2","0.430273839829201","1,1,2,2,2,3,2,3,3,3,2,2,3,3,3,3,3,2,4,2,5,1,3,3,3,3,3,3,1,3,2,4,2,2,4,4,3,3,5,5,5,5,1,1,1,1,5,1,1,1,5,5,5,5,5,1,1,1,1,5,3,5,5,3,3,5,5,5,5,5,1,5,3,3,5,5,5,5,5,5,5,3,3,3,3,1,5,5,5,5,3,2,4,5,5,5,3,5,5,5,5,5,5,5,5,5,5,2,2,5,5,5,5,4,4,4,4,4,4,4,4,3,3,3,3,3,3,3,3","0.000555038452148438","louvain","edit-xhwikibooks.graphml"
"0.64","0.16","0.2","0.433069958847737","1,1,2,2,2,3,2,3,3,3,2,2,3,3,3,3,3,2,4,2,5,1,3,3,3,3,3,3,1,3,2,4,2,2,4,4,3,3,5,5,5,5,1,1,1,1,5,1,1,1,5,5,5,5,5,1,1,1,1,5,3,5,5,3,3,5,5,5,5,5,1,5,3,3,5,5,5,5,5,5,5,3,3,3,3,1,5,5,5,5,3,2,4,5,5,5,3,5,5,5,5,5,5,5,5,5,5,2,2,5,5,5,5,4,4,4,4,4,4,4,4,3,3,3,3,3,3,3,3","0.000563144683837891","louvain","edit-xhwikibooks.graphml"
"0.63","0.17","0.2","0.43398628496124","1,1,2,2,2,3,2,3,3,3,2,2,3,3,3,3,3,2,4,2,5,1,3,3,3,3,3,3,1,3,2,4,2,2,4,4,3,3,5,5,5,5,1,1,1,1,5,1,1,1,5,5,5,5,5,1,1,1,1,5,3,5,5,3,3,5,5,5,5,5,1,5,3,3,5,5,5,5,5,5,5,3,3,3,3,1,5,5,5,5,3,2,4,5,5,5,3,5,5,5,5,5,5,5,5,5,5,2,2,5,5,5,5,4,4,4,4,4,4,4,4,3,3,3,3,3,3,3,3","0.000609874725341797","louvain","edit-xhwikibooks.graphml"
"0.62","0.18","0.2","0.43398628496124","1,1,2,2,2,3,2,3,3,3,2,2,3,3,3,3,3,2,4,2,5,1,3,3,3,3,3,3,1,3,2,4,2,2,4,4,3,3,5,5,5,5,1,1,1,1,5,1,1,1,5,5,5,5,5,1,1,1,1,5,3,5,5,3,3,5,5,5,5,5,1,5,3,3,5,5,5,5,5,5,5,3,3,3,3,1,5,5,5,5,3,2,4,5,5,5,3,5,5,5,5,5,5,5,5,5,5,2,2,5,5,5,5,4,4,4,4,4,4,4,4,3,3,3,3,3,3,3,3","0.000611782073974609","louvain","edit-xhwikibooks.graphml"
"0.61","0.19","0.2","0.431573646243942","1,1,1,1,1,2,1,2,2,2,3,1,2,2,2,2,2,3,3,1,4,1,2,2,2,2,2,2,1,2,3,3,1,1,3,3,2,2,4,4,4,4,1,1,1,1,4,1,1,1,4,4,4,4,4,1,1,1,1,4,2,4,4,2,2,4,4,4,4,4,1,4,2,2,4,4,4,4,4,4,4,2,2,2,2,1,4,4,4,4,2,3,3,4,4,4,2,4,4,4,4,4,4,4,4,4,4,1,1,4,4,4,4,3,3,3,3,3,3,3,3,2,2,2,2,2,2,2,2","0.000607967376708984","louvain","edit-xhwikibooks.graphml"
"0.6","0.2","0.2","0.4354098183391","1,1,2,2,2,3,2,3,3,3,4,2,3,3,3,3,3,4,4,2,5,1,3,3,3,3,3,3,1,3,4,4,2,2,4,4,3,3,5,5,5,5,1,1,1,1,5,1,1,1,5,5,5,5,5,1,1,1,1,5,3,5,5,3,3,5,5,5,5,5,1,5,3,3,5,5,5,5,5,5,5,3,3,3,3,1,5,5,5,5,3,4,4,5,5,5,3,5,5,5,5,5,5,5,5,5,5,2,2,5,5,5,5,4,4,4,4,4,4,4,4,3,3,3,3,3,3,3,3","0.000590085983276367","louvain","edit-xhwikibooks.graphml"
"0.59","0.21","0.2","0.422786812207619","1,1,2,2,2,3,2,3,3,3,2,2,3,3,3,3,3,2,4,2,5,1,3,3,3,3,3,3,1,3,2,4,2,2,4,4,3,3,5,5,5,5,1,1,1,1,5,1,1,1,5,5,5,5,5,1,1,1,1,5,6,5,5,3,3,5,5,5,5,5,1,5,3,3,5,5,5,5,5,5,5,3,3,3,3,7,5,5,5,5,8,9,10,5,5,5,3,5,5,5,5,5,5,5,5,5,5,2,2,5,5,5,5,4,4,4,4,4,4,4,4,3,3,3,3,3,3,3,3","0.000612020492553711","louvain","edit-xhwikibooks.graphml"
"0.58","0.22","0.2","0.422786812207619","1,1,2,2,2,3,2,3,3,3,2,2,3,3,3,3,3,2,4,2,5,1,3,3,3,3,3,3,1,3,2,4,2,2,4,4,3,3,5,5,5,5,1,1,1,1,5,1,1,1,5,5,5,5,5,1,1,1,1,5,6,5,5,3,3,5,5,5,5,5,1,5,3,3,5,5,5,5,5,5,5,3,3,3,3,7,5,5,5,5,8,9,10,5,5,5,3,5,5,5,5,5,5,5,5,5,5,2,2,5,5,5,5,4,4,4,4,4,4,4,4,3,3,3,3,3,3,3,3","0.00060582160949707","louvain","edit-xhwikibooks.graphml"
"0.57","0.23","0.2","0.425121818209918","1,1,2,2,2,3,2,3,3,3,2,2,3,3,3,3,3,2,4,2,5,1,3,3,3,3,3,3,1,3,2,4,2,2,4,4,3,3,5,5,5,5,1,1,1,1,5,1,1,1,5,5,5,5,5,1,1,1,1,5,6,5,5,3,3,5,5,5,5,5,1,5,3,3,5,5,5,5,5,5,5,3,3,3,3,7,5,5,5,5,8,9,10,5,5,5,3,5,5,5,5,5,5,5,5,5,5,2,2,5,5,5,5,4,4,4,4,4,4,4,4,3,3,3,3,3,3,3,3","0.000676870346069336","louvain","edit-xhwikibooks.graphml"
"0.56","0.24","0.2","0.426544655671882","1,1,2,2,2,3,2,3,3,3,2,2,3,3,3,3,3,2,4,2,5,1,3,3,3,3,3,3,1,3,2,4,2,2,4,4,3,3,5,5,5,5,1,1,1,1,5,1,1,1,5,5,5,5,5,1,1,1,1,5,6,5,5,3,3,5,5,5,5,5,1,5,3,3,5,5,5,5,5,5,5,3,3,3,3,7,5,5,5,5,8,9,10,5,5,5,3,5,5,5,5,5,5,5,5,5,5,2,2,5,5,5,5,4,4,4,4,4,4,4,4,3,3,3,3,3,3,3,3","0.000632047653198242","louvain","edit-xhwikibooks.graphml"
"0.55","0.25","0.2","0.430417417182238","1,1,2,2,2,3,2,3,3,3,2,2,3,3,3,4,3,2,5,2,6,1,3,3,3,3,3,4,1,3,2,5,2,2,5,5,3,3,6,6,6,6,1,1,1,1,6,1,1,1,6,6,6,6,6,1,1,1,1,6,7,6,6,3,3,6,6,6,6,6,1,6,3,3,6,6,6,6,6,6,6,3,4,4,4,8,6,6,6,6,9,10,11,6,6,6,4,6,6,6,6,6,6,6,6,6,6,2,2,6,6,6,6,5,5,5,5,5,5,5,5,3,3,3,3,3,3,3,3","0.000629186630249023","louvain","edit-xhwikibooks.graphml"
"0.54","0.26","0.2","0.428836983667041","1,1,1,1,1,2,3,2,2,2,3,4,2,2,2,5,2,3,3,4,6,1,2,2,2,2,2,5,1,2,3,3,4,4,3,3,2,2,6,6,6,6,1,1,1,1,6,1,1,1,6,6,6,6,6,1,1,1,1,6,7,6,6,2,2,6,6,6,6,6,1,6,2,2,6,6,6,6,6,6,6,2,5,5,5,8,6,6,6,6,9,10,11,6,6,6,5,6,6,6,6,6,6,6,6,6,6,4,4,6,6,6,6,3,3,3,3,3,3,3,3,2,2,2,2,2,2,2,2","0.000667095184326172","louvain","edit-xhwikibooks.graphml"
"0.53","0.27","0.2","0.427230983795368","1,1,2,2,2,3,2,3,3,3,2,2,3,3,3,4,3,2,3,2,5,1,3,3,3,3,3,4,1,3,2,3,2,2,3,3,6,3,5,5,5,5,1,1,1,1,5,1,1,1,5,5,5,5,5,1,1,1,1,5,7,5,5,3,3,5,5,5,5,5,1,5,3,3,5,5,5,5,5,5,5,3,4,4,4,8,5,5,5,5,9,10,11,5,5,5,4,5,5,5,5,5,5,5,5,5,5,2,2,5,5,5,5,3,3,3,3,3,3,3,3,6,6,6,6,6,6,6,6","0.000633001327514648","louvain","edit-xhwikibooks.graphml"
"0.52","0.28","0.2","0.431498702422145","1,1,2,2,2,3,2,3,3,3,2,2,3,3,3,4,3,2,5,2,6,1,3,3,3,3,3,4,1,3,2,5,2,2,5,5,3,3,6,6,6,6,1,1,1,1,6,1,1,1,6,6,6,6,6,1,1,1,1,6,7,6,6,3,3,6,6,6,6,6,1,6,3,3,6,6,6,6,6,6,6,3,4,4,4,8,6,6,6,6,9,10,11,6,6,6,4,6,6,6,6,6,6,6,6,6,6,2,2,6,6,6,6,5,5,5,5,5,5,5,5,3,3,3,3,3,3,3,3","0.000559091567993164","louvain","edit-xhwikibooks.graphml"
"0.51","0.29","0.2","0.434236891667598","1,1,2,2,2,3,2,3,3,3,2,2,3,3,3,4,3,2,5,2,6,1,3,3,3,3,3,4,1,3,2,5,2,2,5,5,3,3,6,6,6,6,1,1,1,1,6,1,1,1,6,6,6,6,6,1,1,1,1,6,7,6,6,3,3,6,6,6,6,6,1,6,3,3,6,6,6,6,6,6,6,3,4,4,4,8,6,6,6,6,9,10,11,6,6,6,4,6,6,6,6,6,6,6,6,6,6,2,2,6,6,6,6,5,5,5,5,5,5,5,5,3,3,3,3,3,3,3,3","0.000599145889282227","louvain","edit-xhwikibooks.graphml"
"0.5","0.3","0.2","0.433750849430533","1,1,2,2,2,3,2,3,3,3,2,2,3,3,3,4,3,2,5,2,6,1,3,3,3,3,3,4,1,3,2,5,2,2,5,5,3,3,6,6,6,6,1,1,1,1,6,1,1,1,6,6,6,6,6,1,1,1,1,6,7,6,6,3,3,6,6,6,6,6,1,6,3,3,6,6,6,6,6,6,6,3,4,4,4,8,6,6,6,6,9,10,11,6,6,6,4,6,6,6,6,6,6,6,6,6,6,2,2,6,6,6,6,5,5,5,5,5,5,5,5,3,3,3,3,3,3,3,3","0.000598907470703125","louvain","edit-xhwikibooks.graphml"
"0.49","0.31","0.2","0.435125337710749","1,1,2,2,2,3,2,3,3,3,2,2,3,3,3,4,3,2,5,2,6,1,3,3,3,3,3,4,1,3,2,5,2,2,5,5,3,3,6,6,6,6,1,1,1,1,6,1,1,1,6,6,6,6,6,1,1,1,1,6,7,6,6,3,3,6,6,6,6,6,1,6,3,3,6,6,6,6,6,6,6,3,4,4,4,8,6,6,6,6,9,10,11,6,6,6,4,6,6,6,6,6,6,6,6,6,6,2,2,6,6,6,6,5,5,5,5,5,5,5,5,3,3,3,3,3,3,3,3","0.000608921051025391","louvain","edit-xhwikibooks.graphml"
"0.48","0.32","0.2","0.433710906281635","1,1,1,1,2,1,2,1,3,1,2,2,1,3,3,1,1,2,4,2,5,6,1,3,3,3,3,1,1,1,2,4,2,2,4,4,3,3,5,5,5,5,6,6,6,6,5,6,6,6,5,5,5,5,5,6,6,6,6,5,7,5,5,3,3,5,5,5,5,5,6,5,3,3,5,5,5,5,5,5,5,3,1,1,1,8,5,5,5,5,9,10,11,5,5,5,1,5,5,5,5,5,5,5,5,5,5,2,2,5,5,5,5,4,4,4,4,4,4,4,4,3,3,3,3,3,3,3,3","0.000577926635742188","louvain","edit-xhwikibooks.graphml"
"0.47","0.33","0.2","0.434640098033992","1,1,2,2,2,3,2,3,3,3,2,2,3,3,3,4,3,2,5,2,6,1,3,3,3,3,3,4,1,3,2,5,2,2,5,5,3,3,6,6,6,6,1,1,1,1,6,1,1,1,6,6,6,6,6,1,1,1,1,6,7,6,6,3,3,6,6,6,6,6,1,6,3,3,6,6,6,6,6,6,6,3,4,4,4,8,6,6,6,6,9,10,11,6,6,6,4,6,6,6,6,6,6,6,6,6,6,2,2,6,6,6,6,5,5,5,5,5,5,5,5,3,3,3,3,3,3,3,3","0.000650882720947266","louvain","edit-xhwikibooks.graphml"
"0.46","0.34","0.2","0.453342857142857","1,1,2,2,2,3,2,3,3,3,2,2,3,3,3,4,3,2,5,2,6,1,3,3,3,3,3,4,1,3,2,5,2,2,5,5,3,3,6,6,6,6,1,1,1,1,6,1,1,1,6,6,6,6,6,1,1,1,1,6,7,6,6,3,3,6,6,6,6,6,1,6,3,3,6,6,6,6,6,6,6,3,4,4,4,8,6,6,6,6,9,10,11,6,6,6,4,6,6,6,6,6,6,6,6,6,6,2,2,6,6,6,6,5,5,5,5,5,5,5,5,3,3,3,3,3,3,3,3","0.000589132308959961","louvain","edit-xhwikibooks.graphml"
"0.45","0.35","0.2","0.453342857142857","1,1,2,2,2,3,2,3,3,3,2,2,3,3,3,4,3,2,5,2,6,1,3,3,3,3,3,4,1,3,2,5,2,2,5,5,3,3,6,6,6,6,1,1,1,1,6,1,1,1,6,6,6,6,6,1,1,1,1,6,7,6,6,3,3,6,6,6,6,6,1,6,3,3,6,6,6,6,6,6,6,3,4,4,4,8,6,6,6,6,9,10,11,6,6,6,4,6,6,6,6,6,6,6,6,6,6,2,2,6,6,6,6,5,5,5,5,5,5,5,5,3,3,3,3,3,3,3,3","0.000621795654296875","louvain","edit-xhwikibooks.graphml"
"0.44","0.36","0.2","0.452095132081538","1,1,1,1,1,1,2,1,3,1,2,2,1,3,3,1,1,2,4,2,5,6,1,3,3,3,3,1,1,1,2,4,2,2,4,4,3,3,5,5,5,5,6,6,6,6,5,6,6,6,5,5,5,5,5,6,6,6,6,5,7,5,5,3,3,5,5,5,5,5,6,5,3,3,5,5,5,5,5,5,5,3,1,1,1,8,5,5,5,5,9,10,11,5,5,5,1,5,5,5,5,5,5,5,5,5,5,2,2,5,5,5,5,4,4,4,4,4,4,4,4,3,3,3,3,3,3,3,3","0.000618934631347656","louvain","edit-xhwikibooks.graphml"
"0.43","0.37","0.2","0.454144041038628","1,1,2,2,2,3,2,3,3,3,2,2,3,3,3,4,3,2,5,2,6,1,3,3,3,3,3,4,1,3,2,5,2,2,5,5,3,3,6,6,6,6,1,1,1,1,6,1,1,1,6,6,6,6,6,1,1,1,1,6,7,6,6,3,3,6,6,6,6,6,1,6,3,3,6,6,6,6,6,6,6,3,4,4,4,8,6,6,6,6,9,10,11,6,6,6,4,6,6,6,6,6,6,6,6,6,6,2,2,6,6,6,6,5,5,5,5,5,5,5,5,3,3,3,3,3,3,3,3","0.000631809234619141","louvain","edit-xhwikibooks.graphml"
"0.42","0.38","0.2","0.453658270084114","1,1,2,2,2,3,2,3,3,3,2,2,3,3,3,4,3,2,5,2,6,1,3,3,3,3,3,4,1,3,2,5,2,2,5,5,3,3,6,6,6,6,1,1,1,1,6,1,1,1,6,6,6,6,6,1,1,1,1,6,7,6,6,3,3,6,6,6,6,6,1,6,3,3,6,6,6,6,6,6,6,3,4,4,4,8,6,6,6,6,9,10,11,6,6,6,4,6,6,6,6,6,6,6,6,6,6,2,2,6,6,6,6,5,5,5,5,5,5,5,5,3,3,3,3,3,3,3,3","0.000606060028076172","louvain","edit-xhwikibooks.graphml"
"0.41","0.39","0.2","0.454936886621901","1,1,2,2,2,3,2,3,3,3,2,2,3,3,3,4,3,2,5,2,6,1,3,3,3,3,3,4,1,3,2,5,2,2,5,5,3,3,6,6,6,6,1,1,1,1,6,1,1,1,6,6,6,6,6,1,1,1,1,6,7,6,6,3,3,6,6,6,6,6,1,6,3,3,6,6,6,6,6,6,6,3,4,4,4,8,6,6,6,6,9,10,11,6,6,6,4,6,6,6,6,6,6,6,6,6,6,2,2,6,6,6,6,5,5,5,5,5,5,5,5,3,3,3,3,3,3,3,3","0.000573873519897461","louvain","edit-xhwikibooks.graphml"
"0.4","0.4","0.2","0.456881978357464","1,1,2,2,2,3,2,3,3,3,2,2,3,3,3,4,3,2,5,2,6,1,3,3,3,3,3,4,1,3,2,5,2,2,5,5,3,3,6,6,6,6,1,1,1,1,6,1,1,1,6,6,6,6,6,1,1,1,1,6,7,6,6,3,3,6,6,6,6,6,1,6,3,3,6,6,6,6,6,6,6,3,4,4,4,8,6,6,6,6,9,10,11,6,6,6,4,6,6,6,6,6,6,6,6,6,6,2,2,6,6,6,6,5,5,5,5,5,5,5,5,3,3,3,3,3,3,3,3","0.00059819221496582","louvain","edit-xhwikibooks.graphml"
"0.39","0.41","0.2","0.439694561645503","1,1,2,2,2,3,2,3,3,3,2,2,3,3,3,3,4,2,5,2,6,1,3,3,3,3,3,3,1,7,8,5,2,2,5,5,3,3,6,6,6,6,1,1,1,1,6,1,1,1,6,6,6,6,6,1,1,1,1,6,9,6,6,10,11,6,6,6,6,6,1,6,3,3,6,6,6,6,6,6,6,12,3,3,3,13,6,6,6,6,14,15,16,6,6,6,17,6,6,6,6,6,6,6,6,6,6,18,19,6,6,6,6,5,5,5,5,5,5,5,5,3,3,3,3,3,3,3,3","0.000541210174560547","louvain","edit-xhwikibooks.graphml"
"0.38","0.42","0.2","0.439472905993059","1,1,2,2,2,3,2,3,3,3,2,2,3,3,3,3,4,2,5,2,6,1,3,3,3,3,3,3,1,7,8,5,2,2,5,5,9,3,6,6,6,6,1,1,1,1,6,1,1,1,6,6,6,6,6,1,1,1,1,6,10,6,6,11,12,6,6,6,6,6,1,6,3,3,6,6,6,6,6,6,6,13,3,3,3,14,6,6,6,6,15,16,17,6,6,6,18,6,6,6,6,6,6,6,6,6,6,19,20,6,6,6,6,5,5,5,5,5,5,5,5,9,9,9,9,9,9,9,9","0.000665903091430664","louvain","edit-xhwikibooks.graphml"
"0.37","0.43","0.2","0.442528273738513","1,1,2,2,2,3,2,3,3,3,2,2,3,3,3,4,5,2,6,2,7,1,3,3,3,3,3,4,1,8,9,6,2,2,6,6,3,3,7,7,7,7,1,1,1,1,7,1,1,1,7,7,7,7,7,1,1,1,1,7,10,7,7,11,12,7,7,7,7,7,1,7,3,3,7,7,7,7,7,7,7,13,4,4,4,14,7,7,7,7,15,16,17,7,7,7,18,7,7,7,7,7,7,7,7,7,7,19,20,7,7,7,7,6,6,6,6,6,6,6,6,3,3,3,3,3,3,3,3","0.000570058822631836","louvain","edit-xhwikibooks.graphml"
"0.36","0.44","0.2","0.441995223121295","1,1,2,2,2,3,2,3,3,3,2,2,3,3,3,4,5,2,6,2,7,1,3,3,3,3,3,4,1,8,9,6,2,2,6,6,3,3,7,7,7,7,1,1,1,1,7,1,1,1,7,7,7,7,7,1,1,1,1,7,10,7,7,11,12,7,7,7,7,7,1,7,3,3,7,7,7,7,7,7,7,13,4,4,4,14,7,7,7,7,15,16,17,7,7,7,18,7,7,7,7,7,7,7,7,7,7,19,20,7,7,7,7,6,6,6,6,6,6,6,6,3,3,3,3,3,3,3,3","0.000540971755981445","louvain","edit-xhwikibooks.graphml"
"0.35","0.45","0.2","0.44484346545393","1,1,2,2,2,3,2,3,3,3,2,2,3,3,3,4,5,2,6,2,7,1,3,3,3,3,3,4,1,8,9,6,2,2,6,6,3,3,7,7,7,7,1,1,1,1,7,1,1,1,7,7,7,7,7,1,1,1,1,7,10,7,7,11,12,7,7,7,7,7,1,7,3,3,7,7,7,7,7,7,7,13,4,4,4,14,7,7,7,7,15,16,17,7,7,7,18,7,7,7,7,7,7,7,7,7,7,19,20,7,7,7,7,6,6,6,6,6,6,6,6,3,3,3,3,3,3,3,3","0.000531911849975586","louvain","edit-xhwikibooks.graphml"
"0.34","0.46","0.2","0.444398288796578","1,1,2,2,2,3,2,3,3,3,2,2,3,3,3,3,4,2,5,2,6,1,3,3,3,3,3,3,1,7,8,5,2,2,5,5,9,3,6,6,6,6,1,1,1,1,6,1,1,1,6,6,6,6,6,1,1,1,1,6,10,6,6,11,12,6,6,6,6,6,1,6,3,3,6,6,6,6,6,6,6,13,3,3,3,14,6,6,6,6,15,16,17,6,6,6,18,6,6,6,6,6,6,6,6,6,6,19,20,6,6,6,6,5,5,5,5,5,5,5,5,9,9,9,9,9,9,9,9","0.000544071197509766","louvain","edit-xhwikibooks.graphml"
"0.33","0.47","0.2","0.445788091847633","1,1,2,2,2,3,2,3,3,3,2,2,3,3,3,4,5,2,6,2,7,1,3,3,3,3,3,4,1,8,9,6,2,2,6,6,3,3,7,7,7,7,1,1,1,1,7,1,1,1,7,7,7,7,7,1,1,1,1,7,10,7,7,11,12,7,7,7,7,7,1,7,3,3,7,7,7,7,7,7,7,13,4,4,4,14,7,7,7,7,15,16,17,7,7,7,18,7,7,7,7,7,7,7,7,7,7,19,20,7,7,7,7,6,6,6,6,6,6,6,6,3,3,3,3,3,3,3,3","0.000580072402954102","louvain","edit-xhwikibooks.graphml"
"0.32","0.48","0.2","0.445257030477932","1,1,2,2,2,3,2,3,3,3,2,2,3,3,3,4,5,2,6,2,7,1,3,3,3,3,3,4,1,8,9,6,2,2,6,6,3,3,7,7,7,7,1,1,1,1,7,1,1,1,7,7,7,7,7,1,1,1,1,7,10,7,7,11,12,7,7,7,7,7,1,7,3,3,7,7,7,7,7,7,7,13,4,4,4,14,7,7,7,7,15,16,17,7,7,7,18,7,7,7,7,7,7,7,7,7,7,19,20,7,7,7,7,6,6,6,6,6,6,6,6,3,3,3,3,3,3,3,3","0.000545978546142578","louvain","edit-xhwikibooks.graphml"
"0.31","0.49","0.2","0.445257030477932","1,1,2,2,2,3,2,3,3,3,2,2,3,3,3,4,5,2,6,2,7,1,3,3,3,3,3,4,1,8,9,6,2,2,6,6,3,3,7,7,7,7,1,1,1,1,7,1,1,1,7,7,7,7,7,1,1,1,1,7,10,7,7,11,12,7,7,7,7,7,1,7,3,3,7,7,7,7,7,7,7,13,4,4,4,14,7,7,7,7,15,16,17,7,7,7,18,7,7,7,7,7,7,7,7,7,7,19,20,7,7,7,7,6,6,6,6,6,6,6,6,3,3,3,3,3,3,3,3","0.000567913055419922","louvain","edit-xhwikibooks.graphml"
"0.3","0.5","0.2","0.501044882654948","1,1,2,2,2,3,2,3,3,3,2,2,3,3,3,4,5,2,6,2,7,1,3,3,3,3,3,4,1,8,9,6,2,2,6,6,10,3,7,7,7,7,1,1,1,1,7,1,1,1,7,7,7,7,7,1,1,1,1,7,11,7,7,12,13,7,7,7,7,7,1,7,3,3,7,7,7,7,7,7,7,14,4,4,4,15,7,7,7,7,16,17,18,7,7,7,19,7,7,7,7,7,7,7,7,7,7,20,21,7,7,7,7,6,6,6,6,6,6,6,6,10,10,10,10,10,10,10,10","0.000578165054321289","louvain","edit-xhwikibooks.graphml"
"0.29","0.51","0.2","0.501178180442205","1,1,2,2,2,2,2,3,2,2,2,2,3,3,3,2,4,2,5,2,6,1,3,3,3,3,3,2,1,7,8,5,2,2,5,5,3,3,6,6,6,6,1,1,1,1,6,1,1,1,6,6,6,6,6,1,1,1,1,6,9,6,6,10,11,6,6,6,6,6,1,6,3,3,6,6,6,6,6,6,6,12,2,2,2,13,6,6,6,6,14,15,16,6,6,6,17,6,6,6,6,6,6,6,6,6,6,18,19,6,6,6,6,5,5,5,5,5,5,5,5,3,3,3,3,3,3,3,3","0.000576019287109375","louvain","edit-xhwikibooks.graphml"
"0.28","0.52","0.2","0.501044882654948","1,1,2,2,2,3,2,3,3,3,2,2,3,3,3,4,5,2,6,2,7,1,3,3,3,3,3,4,1,8,9,6,2,2,6,6,10,3,7,7,7,7,1,1,1,1,7,1,1,1,7,7,7,7,7,1,1,1,1,7,11,7,7,12,13,7,7,7,7,7,1,7,3,3,7,7,7,7,7,7,7,14,4,4,4,15,7,7,7,7,16,17,18,7,7,7,19,7,7,7,7,7,7,7,7,7,7,20,21,7,7,7,7,6,6,6,6,6,6,6,6,10,10,10,10,10,10,10,10","0.000604867935180664","louvain","edit-xhwikibooks.graphml"
"0.27","0.53","0.2","0.500650604837413","1,1,2,2,2,2,2,3,2,2,2,2,3,3,3,2,4,2,5,2,6,1,3,3,3,3,3,2,1,7,8,5,2,2,5,5,3,3,6,6,6,6,1,1,1,1,6,1,1,1,6,6,6,6,6,1,1,1,1,6,9,6,6,10,11,6,6,6,6,6,1,6,3,3,6,6,6,6,6,6,6,12,2,2,2,13,6,6,6,6,14,15,16,6,6,6,17,6,6,6,6,6,6,6,6,6,6,18,19,6,6,6,6,5,5,5,5,5,5,5,5,3,3,3,3,3,3,3,3","0.0005950927734375","louvain","edit-xhwikibooks.graphml"
"0.26","0.54","0.2","0.501868096166342","1,1,2,2,2,2,2,3,2,2,2,2,3,3,3,2,4,2,5,2,6,1,3,3,3,3,3,2,1,7,8,5,2,2,5,5,3,3,6,6,6,6,1,1,1,1,6,1,1,1,6,6,6,6,6,1,1,1,1,6,9,6,6,10,11,6,6,6,6,6,1,6,3,3,6,6,6,6,6,6,6,12,2,2,2,13,6,6,6,6,14,15,16,6,6,6,17,6,6,6,6,6,6,6,6,6,6,18,19,6,6,6,6,5,5,5,5,5,5,5,5,3,3,3,3,3,3,3,3","0.000607013702392578","louvain","edit-xhwikibooks.graphml"
"0.25","0.55","0.2","0.50119026053599","1,1,2,2,2,3,2,3,3,3,2,2,3,3,3,4,5,2,6,2,7,1,3,3,3,3,3,4,1,8,9,6,2,2,6,6,10,3,7,7,7,7,1,1,1,1,7,1,1,1,7,7,7,7,7,1,1,1,1,7,11,7,7,12,13,7,7,7,7,7,1,7,3,3,7,7,7,7,7,7,7,14,4,4,4,15,7,7,7,7,16,17,18,7,7,7,19,7,7,7,7,7,7,7,7,7,7,20,21,7,7,7,7,6,6,6,6,6,6,6,6,10,10,10,10,10,10,10,10","0.000589847564697266","louvain","edit-xhwikibooks.graphml"
"0.24","0.56","0.2","0.504780878177393","1,1,2,2,2,3,2,3,3,3,2,2,3,3,3,4,5,2,6,2,7,1,3,3,3,3,3,4,1,8,9,6,2,2,6,6,10,3,7,7,7,7,1,1,1,1,7,1,1,1,7,7,7,7,7,1,1,1,1,7,11,7,7,12,13,7,7,7,7,7,1,7,3,3,7,7,7,7,7,7,7,14,4,4,4,15,7,7,7,7,16,17,18,7,7,7,19,7,7,7,7,7,7,7,7,7,7,20,21,7,7,7,7,6,6,6,6,6,6,6,6,10,10,10,10,10,10,10,10","0.000581026077270508","louvain","edit-xhwikibooks.graphml"
"0.23","0.57","0.2","0.504249864657346","1,1,2,2,2,3,2,3,3,3,2,2,3,3,3,4,5,2,6,2,7,1,3,3,3,3,3,4,1,8,9,6,2,2,6,6,10,3,7,7,7,7,1,1,1,1,7,1,1,1,7,7,7,7,7,1,1,1,1,7,11,7,7,12,13,7,7,7,7,7,1,7,3,3,7,7,7,7,7,7,7,14,4,4,4,15,7,7,7,7,16,17,18,7,7,7,19,7,7,7,7,7,7,7,7,7,7,20,21,7,7,7,7,6,6,6,6,6,6,6,6,10,10,10,10,10,10,10,10","0.000557899475097656","louvain","edit-xhwikibooks.graphml"
"0.22","0.58","0.2","0.506480886150444","1,1,2,2,2,3,2,3,3,3,2,2,3,3,3,4,5,2,6,2,7,1,3,3,3,3,3,4,1,8,9,6,2,2,6,6,10,3,7,7,7,7,1,1,1,1,7,1,1,1,7,7,7,7,7,1,1,1,1,7,11,7,7,12,13,7,7,7,7,7,1,7,3,3,7,7,7,7,7,7,7,14,4,4,4,15,7,7,7,7,16,17,18,7,7,7,19,7,7,7,7,7,7,7,7,7,7,20,21,7,7,7,7,6,6,6,6,6,6,6,6,10,10,10,10,10,10,10,10","0.000578880310058594","louvain","edit-xhwikibooks.graphml"
"0.21","0.59","0.2","0.505951585418825","1,1,2,2,2,3,2,3,3,3,2,2,3,3,3,4,5,2,6,2,7,1,3,3,3,3,3,4,1,8,9,6,2,2,6,6,10,3,7,7,7,7,1,1,1,1,7,1,1,1,7,7,7,7,7,1,1,1,1,7,11,7,7,12,13,7,7,7,7,7,1,7,3,3,7,7,7,7,7,7,7,14,4,4,4,15,7,7,7,7,16,17,18,7,7,7,19,7,7,7,7,7,7,7,7,7,7,20,21,7,7,7,7,6,6,6,6,6,6,6,6,10,10,10,10,10,10,10,10","0.000644922256469727","louvain","edit-xhwikibooks.graphml"
"0.2","0.6","0.2","0.509502613736349","1,1,2,2,2,2,2,3,2,2,2,2,3,3,3,2,4,2,5,2,6,1,3,3,3,3,3,2,1,7,8,5,2,2,5,5,9,3,6,6,6,6,1,1,1,1,6,1,1,1,6,6,6,6,6,1,1,1,1,6,10,6,6,11,12,6,6,6,6,6,1,6,3,3,6,6,6,6,6,6,6,13,2,2,2,14,6,6,6,6,15,16,17,6,6,6,18,6,6,6,6,6,6,6,6,6,6,19,20,6,6,6,6,5,5,5,5,5,5,5,5,9,9,9,9,9,9,9,9","0.00063014030456543","louvain","edit-xhwikibooks.graphml"
"0.19","0.61","0.2","0.480865178154487","1,1,1,2,3,2,4,5,2,2,4,6,5,5,5,2,7,8,4,9,10,1,11,5,5,5,5,2,1,12,13,14,9,15,4,4,5,5,10,10,10,10,1,1,1,1,10,1,1,1,10,10,10,10,10,1,1,1,1,10,16,10,10,17,18,10,10,10,10,10,1,10,19,20,10,10,10,10,10,10,10,21,22,23,24,25,10,10,10,10,26,27,28,10,10,10,29,10,10,10,10,10,10,10,10,10,10,30,31,10,10,10,10,4,4,4,4,4,4,4,4,5,5,5,5,5,5,5,5","0.000613927841186523","louvain","edit-xhwikibooks.graphml"
"0.18","0.62","0.2","0.482141902428158","1,1,1,2,3,2,4,5,2,2,4,6,5,5,5,2,7,8,4,9,10,1,11,5,5,5,5,2,1,12,13,14,9,15,4,4,5,5,10,10,10,10,1,1,1,1,10,1,1,1,10,10,10,10,10,1,1,1,1,10,16,10,10,17,18,10,10,10,10,10,1,10,19,20,10,10,10,10,10,10,10,21,22,23,24,25,10,10,10,10,26,27,28,10,10,10,29,10,10,10,10,10,10,10,10,10,10,30,31,10,10,10,10,4,4,4,4,4,4,4,4,5,5,5,5,5,5,5,5","0.000576019287109375","louvain","edit-xhwikibooks.graphml"
"0.17","0.63","0.2","0.4816120699803","1,1,1,2,3,2,4,5,2,2,4,6,5,5,5,2,7,8,4,9,10,1,11,5,5,5,5,2,1,12,13,14,9,15,4,4,5,5,10,10,10,10,1,1,1,1,10,1,1,1,10,10,10,10,10,1,1,1,1,10,16,10,10,17,18,10,10,10,10,10,1,10,19,20,10,10,10,10,10,10,10,21,22,23,24,25,10,10,10,10,26,27,28,10,10,10,29,10,10,10,10,10,10,10,10,10,10,30,31,10,10,10,10,4,4,4,4,4,4,4,4,5,5,5,5,5,5,5,5","0.000609874725341797","louvain","edit-xhwikibooks.graphml"
"0.16","0.64","0.2","0.4816120699803","1,1,1,2,3,2,4,5,2,2,4,6,5,5,5,2,7,8,4,9,10,1,11,5,5,5,5,2,1,12,13,14,9,15,4,4,5,5,10,10,10,10,1,1,1,1,10,1,1,1,10,10,10,10,10,1,1,1,1,10,16,10,10,17,18,10,10,10,10,10,1,10,19,20,10,10,10,10,10,10,10,21,22,23,24,25,10,10,10,10,26,27,28,10,10,10,29,10,10,10,10,10,10,10,10,10,10,30,31,10,10,10,10,4,4,4,4,4,4,4,4,5,5,5,5,5,5,5,5","0.000605106353759766","louvain","edit-xhwikibooks.graphml"
"0.15","0.65","0.2","0.481083253613945","1,1,1,2,3,2,4,5,2,2,4,6,5,5,5,2,7,8,4,9,10,1,11,5,5,5,5,2,1,12,13,14,9,15,4,4,5,5,10,10,10,10,1,1,1,1,10,1,1,1,10,10,10,10,10,1,1,1,1,10,16,10,10,17,18,10,10,10,10,10,1,10,19,20,10,10,10,10,10,10,10,21,22,23,24,25,10,10,10,10,26,27,28,10,10,10,29,10,10,10,10,10,10,10,10,10,10,30,31,10,10,10,10,4,4,4,4,4,4,4,4,5,5,5,5,5,5,5,5","0.000606775283813477","louvain","edit-xhwikibooks.graphml"
"0.14","0.66","0.2","0.481083253613945","1,1,1,2,3,2,4,5,2,2,4,6,5,5,5,2,7,8,4,9,10,1,11,5,5,5,5,2,1,12,13,14,9,15,4,4,5,5,10,10,10,10,1,1,1,1,10,1,1,1,10,10,10,10,10,1,1,1,1,10,16,10,10,17,18,10,10,10,10,10,1,10,19,20,10,10,10,10,10,10,10,21,22,23,24,25,10,10,10,10,26,27,28,10,10,10,29,10,10,10,10,10,10,10,10,10,10,30,31,10,10,10,10,4,4,4,4,4,4,4,4,5,5,5,5,5,5,5,5","0.000589847564697266","louvain","edit-xhwikibooks.graphml"
"0.13","0.67","0.2","0.498103689013473","1,1,1,2,3,2,4,5,2,2,4,6,5,5,5,2,7,8,9,10,11,1,12,5,5,5,5,2,1,13,14,15,10,16,9,9,5,5,11,11,11,11,1,1,1,1,11,1,1,1,11,11,11,11,11,1,1,1,1,11,17,11,11,18,19,11,11,11,11,11,1,11,20,21,11,11,11,11,11,11,11,22,23,24,25,26,11,11,11,11,27,28,29,11,11,11,30,11,11,11,11,11,11,11,11,11,11,31,32,11,11,11,11,9,9,9,9,9,9,9,9,5,5,5,5,5,5,5,5","0.000610113143920898","louvain","edit-xhwikibooks.graphml"
"0.12","0.68","0.2","0.498103689013473","1,1,1,2,3,2,4,5,2,2,4,6,5,5,5,2,7,8,9,10,11,1,12,5,5,5,5,2,1,13,14,15,10,16,9,9,5,5,11,11,11,11,1,1,1,1,11,1,1,1,11,11,11,11,11,1,1,1,1,11,17,11,11,18,19,11,11,11,11,11,1,11,20,21,11,11,11,11,11,11,11,22,23,24,25,26,11,11,11,11,27,28,29,11,11,11,30,11,11,11,11,11,11,11,11,11,11,31,32,11,11,11,11,9,9,9,9,9,9,9,9,5,5,5,5,5,5,5,5","0.000627040863037109","louvain","edit-xhwikibooks.graphml"
"0.11","0.69","0.2","0.497575758856139","1,1,1,2,3,2,4,5,2,2,4,6,5,5,5,2,7,8,9,10,11,1,12,5,5,5,5,2,1,13,14,15,10,16,9,9,5,5,11,11,11,11,1,1,1,1,11,1,1,1,11,11,11,11,11,1,1,1,1,11,17,11,11,18,19,11,11,11,11,11,1,11,20,21,11,11,11,11,11,11,11,22,23,24,25,26,11,11,11,11,27,28,29,11,11,11,30,11,11,11,11,11,11,11,11,11,11,31,32,11,11,11,11,9,9,9,9,9,9,9,9,5,5,5,5,5,5,5,5","0.000583887100219727","louvain","edit-xhwikibooks.graphml"
"0.1","0.7","0.2","0.498769803737353","1,1,1,2,3,2,4,5,2,2,4,6,5,5,5,2,7,8,9,10,11,1,12,5,5,5,5,2,1,13,14,15,10,16,9,9,5,5,11,11,11,11,1,1,1,1,11,1,1,1,11,11,11,11,11,1,1,1,1,11,17,11,11,18,19,11,11,11,11,11,1,11,20,21,11,11,11,11,11,11,11,22,23,24,25,26,11,11,11,11,27,28,29,11,11,11,30,11,11,11,11,11,11,11,11,11,11,31,32,11,11,11,11,9,9,9,9,9,9,9,9,5,5,5,5,5,5,5,5","0.000550031661987305","louvain","edit-xhwikibooks.graphml"
"0.09","0.71","0.2","0.498243016173073","1,1,1,2,3,2,4,5,2,2,4,6,5,5,5,2,7,8,9,10,11,1,12,5,5,5,5,2,1,13,14,15,10,16,9,9,5,5,11,11,11,11,1,1,1,1,11,1,1,1,11,11,11,11,11,1,1,1,1,11,17,11,11,18,19,11,11,11,11,11,1,11,20,21,11,11,11,11,11,11,11,22,23,24,25,26,11,11,11,11,27,28,29,11,11,11,30,11,11,11,11,11,11,11,11,11,11,31,32,11,11,11,11,9,9,9,9,9,9,9,9,5,5,5,5,5,5,5,5","0.000620841979980469","louvain","edit-xhwikibooks.graphml"
"0.08","0.72","0.2","0.500491788900398","1,1,1,2,3,2,4,5,2,2,4,6,5,5,5,2,7,8,9,10,11,1,12,5,5,5,5,2,1,13,14,15,10,16,9,9,5,5,11,11,11,11,1,1,1,1,11,1,1,1,11,11,11,11,11,1,1,1,1,11,17,11,11,18,19,11,11,11,11,11,1,11,20,21,11,11,11,11,11,11,11,22,23,24,25,26,11,11,11,11,27,28,29,11,11,11,30,11,11,11,11,11,11,11,11,11,11,31,32,11,11,11,11,9,9,9,9,9,9,9,9,5,5,5,5,5,5,5,5","0.000584125518798828","louvain","edit-xhwikibooks.graphml"
"0.07","0.73","0.2","0.499966683949368","1,1,1,2,3,2,4,5,2,2,4,6,5,5,5,2,7,8,9,10,11,1,12,5,5,5,5,2,1,13,14,15,10,16,9,9,5,5,11,11,11,11,1,1,1,1,11,1,1,1,11,11,11,11,11,1,1,1,1,11,17,11,11,18,19,11,11,11,11,11,1,11,20,21,11,11,11,11,11,11,11,22,23,24,25,26,11,11,11,11,27,28,29,11,11,11,30,11,11,11,11,11,11,11,11,11,11,31,32,11,11,11,11,9,9,9,9,9,9,9,9,5,5,5,5,5,5,5,5","0.000576019287109375","louvain","edit-xhwikibooks.graphml"
"0.06","0.74","0.2","0.499966683949368","1,1,1,2,3,2,4,5,2,2,4,6,5,5,5,2,7,8,9,10,11,1,12,5,5,5,5,2,1,13,14,15,10,16,9,9,5,5,11,11,11,11,1,1,1,1,11,1,1,1,11,11,11,11,11,1,1,1,1,11,17,11,11,18,19,11,11,11,11,11,1,11,20,21,11,11,11,11,11,11,11,22,23,24,25,26,11,11,11,11,27,28,29,11,11,11,30,11,11,11,11,11,11,11,11,11,11,31,32,11,11,11,11,9,9,9,9,9,9,9,9,5,5,5,5,5,5,5,5","0.000558853149414062","louvain","edit-xhwikibooks.graphml"
"0.05","0.75","0.2","0.503050581607175","1,1,1,2,3,2,4,5,2,2,4,6,5,5,5,2,7,8,9,10,11,1,12,5,5,5,5,2,1,13,14,15,10,16,9,9,5,5,11,11,11,11,1,1,1,1,11,1,1,1,11,11,11,11,11,1,1,1,1,11,17,11,11,18,19,11,11,11,11,11,1,11,20,21,11,11,11,11,11,11,11,22,23,24,25,26,11,11,11,11,27,28,29,11,11,11,30,11,11,11,11,11,11,11,11,11,11,31,32,11,11,11,11,9,9,9,9,9,9,9,9,5,5,5,5,5,5,5,5","0.000780105590820312","louvain","edit-xhwikibooks.graphml"
"0.04","0.76","0.2","0.50421281434471","1,1,1,2,3,2,4,5,2,2,4,6,5,5,5,2,7,8,9,10,11,1,12,5,5,5,5,2,1,13,14,15,10,16,9,9,5,5,11,11,11,11,1,1,1,1,11,1,1,1,11,11,11,11,11,1,1,1,1,11,17,11,11,18,19,11,11,11,11,11,1,11,20,21,11,11,11,11,11,11,11,22,23,24,25,26,11,11,11,11,27,28,29,11,11,11,30,11,11,11,11,11,11,11,11,11,11,31,32,11,11,11,11,9,9,9,9,9,9,9,9,5,5,5,5,5,5,5,5","0.0005950927734375","louvain","edit-xhwikibooks.graphml"
"0.03","0.77","0.2","0.505366341861764","1,1,1,2,3,2,4,5,2,2,4,6,5,5,5,2,7,8,9,10,11,1,12,5,5,5,5,2,1,13,14,15,10,16,9,9,5,5,11,11,11,11,1,1,1,1,11,1,1,1,11,11,11,11,11,1,1,1,1,11,17,11,11,18,19,11,11,11,11,11,1,11,20,21,11,11,11,11,11,11,11,22,23,24,25,26,11,11,11,11,27,28,29,11,11,11,30,11,11,11,11,11,11,11,11,11,11,31,32,11,11,11,11,9,9,9,9,9,9,9,9,5,5,5,5,5,5,5,5","0.000574827194213867","louvain","edit-xhwikibooks.graphml"
"0.02","0.78","0.2","0.507015973896316","1,1,1,2,3,2,4,5,2,2,4,6,5,5,5,2,7,8,9,10,11,1,12,5,5,5,5,2,1,13,14,15,10,16,9,9,5,5,11,11,11,11,1,1,1,1,11,1,1,1,11,11,11,11,11,1,1,1,1,11,17,11,11,18,19,11,11,11,11,11,1,11,20,21,11,11,11,11,11,11,11,22,23,24,25,26,11,11,11,11,27,28,29,11,11,11,30,11,11,11,11,11,11,11,11,11,11,31,32,11,11,11,11,9,9,9,9,9,9,9,9,5,5,5,5,5,5,5,5","0.000575065612792969","louvain","edit-xhwikibooks.graphml"
"0.01","0.79","0.2","0.507015973896316","1,1,1,2,3,2,4,5,2,2,4,6,5,5,5,2,7,8,9,10,11,1,12,5,5,5,5,2,1,13,14,15,10,16,9,9,5,5,11,11,11,11,1,1,1,1,11,1,1,1,11,11,11,11,11,1,1,1,1,11,17,11,11,18,19,11,11,11,11,11,1,11,20,21,11,11,11,11,11,11,11,22,23,24,25,26,11,11,11,11,27,28,29,11,11,11,30,11,11,11,11,11,11,11,11,11,11,31,32,11,11,11,11,9,9,9,9,9,9,9,9,5,5,5,5,5,5,5,5","0.000585079193115234","louvain","edit-xhwikibooks.graphml"
"0","0.8","0.2","0.511431242898624","1,1,1,2,1,2,3,4,2,2,3,5,4,4,4,2,6,7,8,9,10,1,11,4,4,4,4,2,1,12,13,14,9,15,8,8,4,4,10,10,10,10,1,1,1,1,10,1,1,1,10,10,10,10,10,1,1,1,1,10,16,10,10,17,18,10,10,10,10,10,1,10,19,20,10,10,10,10,10,10,10,21,22,23,24,25,10,10,10,10,26,27,28,10,10,10,29,10,10,10,10,10,10,10,10,10,10,30,31,10,10,10,10,8,8,8,8,8,8,8,8,4,4,4,4,4,4,4,4","0.000585079193115234","louvain","edit-xhwikibooks.graphml"
"0.79","0","0.21","0.43672421474716","1,1,2,3,2,3,2,3,3,3,2,2,3,3,3,3,3,2,4,2,5,1,3,3,3,3,3,3,1,3,2,4,2,2,4,4,3,3,5,5,5,5,1,1,1,1,5,1,1,1,5,5,5,5,5,1,1,1,1,5,3,5,5,3,3,5,5,5,5,5,1,5,3,3,5,5,5,5,5,5,5,3,3,3,3,1,5,5,5,5,3,2,4,5,5,5,3,5,5,5,5,5,5,5,5,5,5,2,2,5,5,5,5,4,4,4,4,4,4,4,4,3,3,3,3,3,3,3,3","0.000568866729736328","louvain","edit-xhwikibooks.graphml"
"0.78","0.01","0.21","0.43672421474716","1,1,2,3,2,3,2,3,3,3,2,2,3,3,3,3,3,2,4,2,5,1,3,3,3,3,3,3,1,3,2,4,2,2,4,4,3,3,5,5,5,5,1,1,1,1,5,1,1,1,5,5,5,5,5,1,1,1,1,5,3,5,5,3,3,5,5,5,5,5,1,5,3,3,5,5,5,5,5,5,5,3,3,3,3,1,5,5,5,5,3,2,4,5,5,5,3,5,5,5,5,5,5,5,5,5,5,2,2,5,5,5,5,4,4,4,4,4,4,4,4,3,3,3,3,3,3,3,3","0.000574111938476562","louvain","edit-xhwikibooks.graphml"
"0.77","0.02","0.21","0.43672421474716","1,1,2,3,2,3,2,3,3,3,2,2,3,3,3,3,3,2,4,2,5,1,3,3,3,3,3,3,1,3,2,4,2,2,4,4,3,3,5,5,5,5,1,1,1,1,5,1,1,1,5,5,5,5,5,1,1,1,1,5,3,5,5,3,3,5,5,5,5,5,1,5,3,3,5,5,5,5,5,5,5,3,3,3,3,1,5,5,5,5,3,2,4,5,5,5,3,5,5,5,5,5,5,5,5,5,5,2,2,5,5,5,5,4,4,4,4,4,4,4,4,3,3,3,3,3,3,3,3","0.0005950927734375","louvain","edit-xhwikibooks.graphml"
"0.76","0.03","0.21","0.436234150155139","1,1,2,3,2,3,2,3,3,3,2,2,3,3,3,3,3,2,4,2,5,1,3,3,3,3,3,3,1,3,2,4,2,2,4,4,3,3,5,5,5,5,1,1,1,1,5,1,1,1,5,5,5,5,5,1,1,1,1,5,3,5,5,3,3,5,5,5,5,5,1,5,3,3,5,5,5,5,5,5,5,3,3,3,3,1,5,5,5,5,3,2,4,5,5,5,3,5,5,5,5,5,5,5,5,5,5,2,2,5,5,5,5,4,4,4,4,4,4,4,4,3,3,3,3,3,3,3,3","0.000583171844482422","louvain","edit-xhwikibooks.graphml"
"0.75","0.04","0.21","0.436234150155139","1,1,2,3,2,3,2,3,3,3,2,2,3,3,3,3,3,2,4,2,5,1,3,3,3,3,3,3,1,3,2,4,2,2,4,4,3,3,5,5,5,5,1,1,1,1,5,1,1,1,5,5,5,5,5,1,1,1,1,5,3,5,5,3,3,5,5,5,5,5,1,5,3,3,5,5,5,5,5,5,5,3,3,3,3,1,5,5,5,5,3,2,4,5,5,5,3,5,5,5,5,5,5,5,5,5,5,2,2,5,5,5,5,4,4,4,4,4,4,4,4,3,3,3,3,3,3,3,3","0.000573873519897461","louvain","edit-xhwikibooks.graphml"
"0.74","0.05","0.21","0.434079816822562","1,1,1,2,1,2,1,2,2,2,1,3,2,2,2,2,2,1,4,3,5,1,2,2,2,2,2,2,1,2,1,4,3,3,4,4,2,2,5,5,5,5,1,1,1,1,5,1,1,1,5,5,5,5,5,1,1,1,1,5,2,5,5,2,2,5,5,5,5,5,1,5,2,2,5,5,5,5,5,5,5,2,2,2,2,1,5,5,5,5,2,1,4,5,5,5,2,5,5,5,5,5,5,5,5,5,5,3,3,5,5,5,5,4,4,4,4,4,4,4,4,2,2,2,2,2,2,2,2","0.000585079193115234","louvain","edit-xhwikibooks.graphml"
"0.73","0.06","0.21","0.425207865523181","1,1,1,1,1,1,2,1,3,1,2,2,1,3,3,1,1,2,4,2,5,1,1,3,3,3,3,1,1,1,2,4,2,2,4,4,3,3,5,5,5,5,1,1,1,1,5,1,1,1,5,5,5,5,5,1,1,1,1,5,1,5,5,3,3,5,5,5,5,5,1,5,3,3,5,5,5,5,5,5,5,3,1,1,1,1,5,5,5,5,1,2,4,5,5,5,1,5,5,5,5,5,5,5,5,5,5,2,2,5,5,5,5,4,4,4,4,4,4,4,4,3,3,3,3,3,3,3,3","0.000576019287109375","louvain","edit-xhwikibooks.graphml"
"0.72","0.07","0.21","0.427460557577283","1,1,2,2,2,3,2,3,3,3,2,2,3,3,3,3,3,2,4,2,5,1,3,3,3,3,3,3,1,3,2,4,2,2,4,4,3,3,5,5,5,5,1,1,1,1,5,1,1,1,5,5,5,5,5,1,1,1,1,5,3,5,5,3,3,5,5,5,5,5,1,5,3,3,5,5,5,5,5,5,5,3,3,3,3,1,5,5,5,5,3,2,4,5,5,5,3,5,5,5,5,5,5,5,5,5,5,2,2,5,5,5,5,4,4,4,4,4,4,4,4,3,3,3,3,3,3,3,3","0.000577926635742188","louvain","edit-xhwikibooks.graphml"
"0.71","0.08","0.21","0.430311175459881","1,1,2,2,2,3,2,3,3,3,2,2,3,3,3,3,3,2,4,2,5,1,3,3,3,3,3,3,1,3,2,4,2,2,4,4,3,3,5,5,5,5,1,1,1,1,5,1,1,1,5,5,5,5,5,1,1,1,1,5,3,5,5,3,3,5,5,5,5,5,1,5,3,3,5,5,5,5,5,5,5,3,3,3,3,1,5,5,5,5,3,2,4,5,5,5,3,5,5,5,5,5,5,5,5,5,5,2,2,5,5,5,5,4,4,4,4,4,4,4,4,3,3,3,3,3,3,3,3","0.000578880310058594","louvain","edit-xhwikibooks.graphml"
"0.7","0.09","0.21","0.430311175459881","1,1,2,2,2,3,2,3,3,3,2,2,3,3,3,3,3,2,4,2,5,1,3,3,3,3,3,3,1,3,2,4,2,2,4,4,3,3,5,5,5,5,1,1,1,1,5,1,1,1,5,5,5,5,5,1,1,1,1,5,3,5,5,3,3,5,5,5,5,5,1,5,3,3,5,5,5,5,5,5,5,3,3,3,3,1,5,5,5,5,3,2,4,5,5,5,3,5,5,5,5,5,5,5,5,5,5,2,2,5,5,5,5,4,4,4,4,4,4,4,4,3,3,3,3,3,3,3,3","0.000613212585449219","louvain","edit-xhwikibooks.graphml"
"0.69","0.1","0.21","0.430311175459881","1,1,2,2,2,3,2,3,3,3,2,2,3,3,3,3,3,2,4,2,5,1,3,3,3,3,3,3,1,3,2,4,2,2,4,4,3,3,5,5,5,5,1,1,1,1,5,1,1,1,5,5,5,5,5,1,1,1,1,5,3,5,5,3,3,5,5,5,5,5,1,5,3,3,5,5,5,5,5,5,5,3,3,3,3,1,5,5,5,5,3,2,4,5,5,5,3,5,5,5,5,5,5,5,5,5,5,2,2,5,5,5,5,4,4,4,4,4,4,4,4,3,3,3,3,3,3,3,3","0.000589132308959961","louvain","edit-xhwikibooks.graphml"
"0.68","0.11","0.21","0.425664603979869","1,1,2,2,2,3,2,3,3,3,2,2,3,3,3,3,3,2,4,2,5,1,3,3,3,3,3,3,1,3,2,4,2,2,4,4,3,3,5,5,5,5,1,1,1,1,5,1,1,1,5,5,5,5,5,1,1,1,1,5,3,5,5,3,3,5,5,5,5,5,1,5,3,3,5,5,5,5,5,5,5,3,3,3,3,1,5,5,5,5,3,2,4,5,5,5,3,5,5,5,5,5,5,5,5,5,5,2,2,5,5,5,5,4,4,4,4,4,4,4,4,3,3,3,3,3,3,3,3","0.000608921051025391","louvain","edit-xhwikibooks.graphml"
"0.67","0.12","0.21","0.42847231997426","1,1,2,2,2,3,2,3,3,3,2,2,3,3,3,3,3,2,4,2,5,1,3,3,3,3,3,3,1,3,2,4,2,2,4,4,3,3,5,5,5,5,1,1,1,1,5,1,1,1,5,5,5,5,5,1,1,1,1,5,3,5,5,3,3,5,5,5,5,5,1,5,3,3,5,5,5,5,5,5,5,3,3,3,3,1,5,5,5,5,3,2,4,5,5,5,3,5,5,5,5,5,5,5,5,5,5,2,2,5,5,5,5,4,4,4,4,4,4,4,4,3,3,3,3,3,3,3,3","0.000576972961425781","louvain","edit-xhwikibooks.graphml"
"0.66","0.13","0.21","0.427985074626866","1,1,2,2,2,3,2,3,3,3,2,2,3,3,3,3,3,2,4,2,5,1,3,3,3,3,3,3,1,3,2,4,2,2,4,4,3,3,5,5,5,5,1,1,1,1,5,1,1,1,5,5,5,5,5,1,1,1,1,5,3,5,5,3,3,5,5,5,5,5,1,5,3,3,5,5,5,5,5,5,5,3,3,3,3,1,5,5,5,5,3,2,4,5,5,5,3,5,5,5,5,5,5,5,5,5,5,2,2,5,5,5,5,4,4,4,4,4,4,4,4,3,3,3,3,3,3,3,3","0.000580072402954102","louvain","edit-xhwikibooks.graphml"
"0.65","0.14","0.21","0.427985074626866","1,1,2,2,2,3,2,3,3,3,2,2,3,3,3,3,3,2,4,2,5,1,3,3,3,3,3,3,1,3,2,4,2,2,4,4,3,3,5,5,5,5,1,1,1,1,5,1,1,1,5,5,5,5,5,1,1,1,1,5,3,5,5,3,3,5,5,5,5,5,1,5,3,3,5,5,5,5,5,5,5,3,3,3,3,1,5,5,5,5,3,2,4,5,5,5,3,5,5,5,5,5,5,5,5,5,5,2,2,5,5,5,5,4,4,4,4,4,4,4,4,3,3,3,3,3,3,3,3","0.000568866729736328","louvain","edit-xhwikibooks.graphml"
"0.64","0.15","0.21","0.430273839829201","1,1,2,2,2,3,2,3,3,3,2,2,3,3,3,3,3,2,4,2,5,1,3,3,3,3,3,3,1,3,2,4,2,2,4,4,3,3,5,5,5,5,1,1,1,1,5,1,1,1,5,5,5,5,5,1,1,1,1,5,3,5,5,3,3,5,5,5,5,5,1,5,3,3,5,5,5,5,5,5,5,3,3,3,3,1,5,5,5,5,3,2,4,5,5,5,3,5,5,5,5,5,5,5,5,5,5,2,2,5,5,5,5,4,4,4,4,4,4,4,4,3,3,3,3,3,3,3,3","0.000586032867431641","louvain","edit-xhwikibooks.graphml"
"0.63","0.16","0.21","0.432358847736626","1,1,2,2,2,3,2,3,3,3,4,2,3,3,3,3,3,4,4,2,5,1,3,3,3,3,3,3,1,3,4,4,2,2,4,4,3,3,5,5,5,5,1,1,1,1,5,1,1,1,5,5,5,5,5,1,1,1,1,5,3,5,5,3,3,5,5,5,5,5,1,5,3,3,5,5,5,5,5,5,5,3,3,3,3,1,5,5,5,5,3,4,4,5,5,5,3,5,5,5,5,5,5,5,5,5,5,2,2,5,5,5,5,4,4,4,4,4,4,4,4,3,3,3,3,3,3,3,3","0.000592947006225586","louvain","edit-xhwikibooks.graphml"
"0.62","0.17","0.21","0.43398628496124","1,1,2,2,2,3,2,3,3,3,2,2,3,3,3,3,3,2,4,2,5,1,3,3,3,3,3,3,1,3,2,4,2,2,4,4,3,3,5,5,5,5,1,1,1,1,5,1,1,1,5,5,5,5,5,1,1,1,1,5,3,5,5,3,3,5,5,5,5,5,1,5,3,3,5,5,5,5,5,5,5,3,3,3,3,1,5,5,5,5,3,2,4,5,5,5,3,5,5,5,5,5,5,5,5,5,5,2,2,5,5,5,5,4,4,4,4,4,4,4,4,3,3,3,3,3,3,3,3","0.00061488151550293","louvain","edit-xhwikibooks.graphml"
"0.61","0.18","0.21","0.429548424821471","1,1,2,2,2,2,2,2,3,2,2,2,2,3,3,2,2,2,3,2,4,1,2,3,3,3,3,2,1,2,2,3,2,2,3,3,5,3,4,4,4,4,1,1,1,1,4,1,1,1,4,4,4,4,4,1,1,1,1,4,2,4,4,3,3,4,4,4,4,4,1,4,3,3,4,4,4,4,4,4,4,3,2,2,2,1,4,4,4,4,2,2,3,4,4,4,2,4,4,4,4,4,4,4,4,4,4,2,2,4,4,4,4,3,3,3,3,3,3,3,3,5,5,5,5,5,5,5,5","0.000584840774536133","louvain","edit-xhwikibooks.graphml"
"0.6","0.19","0.21","0.433501057248023","1,1,2,2,2,3,2,3,3,3,2,2,3,3,3,3,3,2,4,2,5,1,3,3,3,3,3,3,1,3,2,4,2,2,4,4,3,3,5,5,5,5,1,1,1,1,5,1,1,1,5,5,5,5,5,1,1,1,1,5,3,5,5,3,3,5,5,5,5,5,1,5,3,3,5,5,5,5,5,5,5,3,3,3,3,1,5,5,5,5,3,2,4,5,5,5,3,5,5,5,5,5,5,5,5,5,5,2,2,5,5,5,5,4,4,4,4,4,4,4,4,3,3,3,3,3,3,3,3","0.000607013702392578","louvain","edit-xhwikibooks.graphml"
"0.59","0.2","0.21","0.4354098183391","1,1,2,2,2,3,2,3,3,3,4,2,3,3,3,3,3,4,4,2,5,1,3,3,3,3,3,3,1,3,4,4,2,2,4,4,3,3,5,5,5,5,1,1,1,1,5,1,1,1,5,5,5,5,5,1,1,1,1,5,3,5,5,3,3,5,5,5,5,5,1,5,3,3,5,5,5,5,5,5,5,3,3,3,3,1,5,5,5,5,3,4,4,5,5,5,3,5,5,5,5,5,5,5,5,5,5,2,2,5,5,5,5,4,4,4,4,4,4,4,4,3,3,3,3,3,3,3,3","0.000607013702392578","louvain","edit-xhwikibooks.graphml"
"0.58","0.21","0.21","0.435643575031104","1,1,2,2,2,3,2,3,3,3,2,2,3,3,3,3,3,2,4,2,5,1,3,3,3,3,3,3,1,3,2,4,2,2,4,4,3,3,5,5,5,5,1,1,1,1,5,1,1,1,5,5,5,5,5,1,1,1,1,5,3,5,5,3,3,5,5,5,5,5,1,5,3,3,5,5,5,5,5,5,5,3,3,3,3,1,5,5,5,5,3,2,4,5,5,5,3,5,5,5,5,5,5,5,5,5,5,2,2,5,5,5,5,4,4,4,4,4,4,4,4,3,3,3,3,3,3,3,3","0.000588893890380859","louvain","edit-xhwikibooks.graphml"
"0.57","0.22","0.21","0.428645049192955","1,1,2,2,2,3,2,3,3,3,2,2,3,3,3,3,3,2,4,2,5,1,3,3,3,3,3,3,1,3,2,4,2,2,4,4,3,3,5,5,5,5,1,1,1,1,5,1,1,1,5,5,5,5,5,1,1,1,1,5,6,5,5,3,3,5,5,5,5,5,1,5,3,3,5,5,5,5,5,5,5,3,3,3,3,7,5,5,5,5,8,9,10,5,5,5,3,5,5,5,5,5,5,5,5,5,5,2,2,5,5,5,5,4,4,4,4,4,4,4,4,3,3,3,3,3,3,3,3","0.000618934631347656","louvain","edit-xhwikibooks.graphml"
"0.56","0.23","0.21","0.426581366950011","1,1,2,2,2,2,2,2,3,2,2,2,2,3,3,2,2,2,3,2,4,1,2,3,3,3,3,2,1,2,2,3,2,2,3,3,5,3,4,4,4,4,1,1,1,1,4,1,1,1,4,4,4,4,4,1,1,1,1,4,6,4,4,3,3,4,4,4,4,4,1,4,3,3,4,4,4,4,4,4,4,3,2,2,2,7,4,4,4,4,8,9,10,4,4,4,2,4,4,4,4,4,4,4,4,4,4,2,2,4,4,4,4,3,3,3,3,3,3,3,3,5,5,5,5,5,5,5,5","0.000566959381103516","louvain","edit-xhwikibooks.graphml"
"0.55","0.24","0.21","0.432293468858131","1,1,2,2,2,3,2,3,3,3,2,2,3,3,3,3,3,2,4,2,5,1,3,3,3,3,3,3,1,3,2,4,2,2,4,4,3,3,5,5,5,5,1,1,1,1,5,1,1,1,5,5,5,5,5,1,1,1,1,5,6,5,5,3,3,5,5,5,5,5,1,5,3,3,5,5,5,5,5,5,5,3,3,3,3,7,5,5,5,5,8,9,10,5,5,5,3,5,5,5,5,5,5,5,5,5,5,2,2,5,5,5,5,4,4,4,4,4,4,4,4,3,3,3,3,3,3,3,3","0.000616073608398438","louvain","edit-xhwikibooks.graphml"
"0.54","0.25","0.21","0.435727018569816","1,1,2,2,2,3,2,3,3,3,2,2,3,3,3,3,3,2,4,2,5,1,3,3,3,3,3,3,1,3,2,4,2,2,4,4,3,3,5,5,5,5,1,1,1,1,5,1,1,1,5,5,5,5,5,1,1,1,1,5,6,5,5,3,3,5,5,5,5,5,1,5,3,3,5,5,5,5,5,5,5,3,3,3,3,7,5,5,5,5,8,9,10,5,5,5,3,5,5,5,5,5,5,5,5,5,5,2,2,5,5,5,5,4,4,4,4,4,4,4,4,3,3,3,3,3,3,3,3","0.000676155090332031","louvain","edit-xhwikibooks.graphml"
"0.53","0.26","0.21","0.435727018569816","1,1,2,2,2,3,2,3,3,3,2,2,3,3,3,3,3,2,4,2,5,1,3,3,3,3,3,3,1,3,2,4,2,2,4,4,3,3,5,5,5,5,1,1,1,1,5,1,1,1,5,5,5,5,5,1,1,1,1,5,6,5,5,3,3,5,5,5,5,5,1,5,3,3,5,5,5,5,5,5,5,3,3,3,3,7,5,5,5,5,8,9,10,5,5,5,3,5,5,5,5,5,5,5,5,5,5,2,2,5,5,5,5,4,4,4,4,4,4,4,4,3,3,3,3,3,3,3,3","0.00061488151550293","louvain","edit-xhwikibooks.graphml"
"0.52","0.27","0.21","0.433691875714863","1,1,2,2,2,3,2,3,3,3,2,2,3,3,3,4,3,2,5,2,6,1,3,3,3,3,3,4,1,3,2,5,2,2,5,5,3,3,6,6,6,6,1,1,1,1,6,1,1,1,6,6,6,6,6,1,1,1,1,6,7,6,6,3,3,6,6,6,6,6,1,6,3,3,6,6,6,6,6,6,6,3,4,4,4,8,6,6,6,6,9,10,11,6,6,6,4,6,6,6,6,6,6,6,6,6,6,2,2,6,6,6,6,5,5,5,5,5,5,5,5,3,3,3,3,3,3,3,3","0.000974893569946289","louvain","edit-xhwikibooks.graphml"
"0.51","0.28","0.21","0.433207428256615","1,1,2,2,2,3,2,3,3,3,2,2,3,3,3,4,3,2,5,2,6,1,3,3,3,3,3,4,1,3,2,5,2,2,5,5,3,3,6,6,6,6,1,1,1,1,6,1,1,1,6,6,6,6,6,1,1,1,1,6,7,6,6,3,3,6,6,6,6,6,1,6,3,3,6,6,6,6,6,6,6,3,4,4,4,8,6,6,6,6,9,10,11,6,6,6,4,6,6,6,6,6,6,6,6,6,6,2,2,6,6,6,6,5,5,5,5,5,5,5,5,3,3,3,3,3,3,3,3","0.000871896743774414","louvain","edit-xhwikibooks.graphml"
"0.5","0.29","0.21","0.435917736693484","1,1,2,2,2,3,2,3,3,3,2,2,3,3,3,4,3,2,5,2,6,1,3,3,3,3,3,4,1,3,2,5,2,2,5,5,3,3,6,6,6,6,1,1,1,1,6,1,1,1,6,6,6,6,6,1,1,1,1,6,7,6,6,3,3,6,6,6,6,6,1,6,3,3,6,6,6,6,6,6,6,3,4,4,4,8,6,6,6,6,9,10,11,6,6,6,4,6,6,6,6,6,6,6,6,6,6,2,2,6,6,6,6,5,5,5,5,5,5,5,5,3,3,3,3,3,3,3,3","0.000697135925292969","louvain","edit-xhwikibooks.graphml"
"0.49","0.3","0.21","0.435434002838953","1,1,2,2,2,3,2,3,3,3,2,2,3,3,3,4,3,2,5,2,6,1,3,3,3,3,3,4,1,3,2,5,2,2,5,5,3,3,6,6,6,6,1,1,1,1,6,1,1,1,6,6,6,6,6,1,1,1,1,6,7,6,6,3,3,6,6,6,6,6,1,6,3,3,6,6,6,6,6,6,6,3,4,4,4,8,6,6,6,6,9,10,11,6,6,6,4,6,6,6,6,6,6,6,6,6,6,2,2,6,6,6,6,5,5,5,5,5,5,5,5,3,3,3,3,3,3,3,3","0.000589847564697266","louvain","edit-xhwikibooks.graphml"
"0.48","0.31","0.21","0.431919257408855","1,1,2,2,2,2,2,2,3,2,2,2,2,3,3,2,2,2,3,2,4,1,2,3,3,3,3,2,1,2,2,3,2,2,3,3,5,3,4,4,4,4,1,1,1,1,4,1,1,1,4,4,4,4,4,1,1,1,1,4,6,4,4,3,3,4,4,4,4,4,1,4,3,3,4,4,4,4,4,4,4,3,2,2,2,7,4,4,4,4,8,9,10,4,4,4,2,4,4,4,4,4,4,4,4,4,4,2,2,4,4,4,4,3,3,3,3,3,3,3,3,5,5,5,5,5,5,5,5","0.000621795654296875","louvain","edit-xhwikibooks.graphml"
"0.47","0.32","0.21","0.434985136735675","1,1,2,2,2,3,2,3,3,3,2,2,3,3,3,4,3,2,5,2,6,1,3,3,3,3,3,4,1,3,2,5,2,2,5,5,3,3,6,6,6,6,1,1,1,1,6,1,1,1,6,6,6,6,6,1,1,1,1,6,7,6,6,3,3,6,6,6,6,6,1,6,3,3,6,6,6,6,6,6,6,3,4,4,4,8,6,6,6,6,9,10,11,6,6,6,4,6,6,6,6,6,6,6,6,6,6,2,2,6,6,6,6,5,5,5,5,5,5,5,5,3,3,3,3,3,3,3,3","0.000566005706787109","louvain","edit-xhwikibooks.graphml"
"0.46","0.33","0.21","0.434985136735675","1,1,2,2,2,3,2,3,3,3,2,2,3,3,3,4,3,2,5,2,6,1,3,3,3,3,3,4,1,3,2,5,2,2,5,5,3,3,6,6,6,6,1,1,1,1,6,1,1,1,6,6,6,6,6,1,1,1,1,6,7,6,6,3,3,6,6,6,6,6,1,6,3,3,6,6,6,6,6,6,6,3,4,4,4,8,6,6,6,6,9,10,11,6,6,6,4,6,6,6,6,6,6,6,6,6,6,2,2,6,6,6,6,5,5,5,5,5,5,5,5,3,3,3,3,3,3,3,3","0.000557899475097656","louvain","edit-xhwikibooks.graphml"
"0.45","0.34","0.21","0.447795675359778","1,1,2,2,2,3,2,3,3,3,2,2,3,3,3,4,3,2,3,2,5,1,3,3,3,3,3,4,1,3,2,3,2,2,3,3,6,3,5,5,5,5,1,1,1,1,5,1,1,1,5,5,5,5,5,1,1,1,1,5,7,5,5,3,3,5,5,5,5,5,1,5,3,3,5,5,5,5,5,5,5,3,4,4,4,8,5,5,5,5,9,10,11,5,5,5,4,5,5,5,5,5,5,5,5,5,5,2,2,5,5,5,5,3,3,3,3,3,3,3,3,6,6,6,6,6,6,6,6","0.195897102355957","louvain","edit-xhwikibooks.graphml"
"0.44","0.35","0.21","0.453603258090438","1,1,2,2,2,3,2,3,3,3,2,2,3,3,3,4,3,2,5,2,6,1,3,3,3,3,3,4,1,3,2,5,2,2,5,5,3,3,6,6,6,6,1,1,1,1,6,1,1,1,6,6,6,6,6,1,1,1,1,6,7,6,6,3,3,6,6,6,6,6,1,6,3,3,6,6,6,6,6,6,6,3,4,4,4,8,6,6,6,6,9,10,11,6,6,6,4,6,6,6,6,6,6,6,6,6,6,2,2,6,6,6,6,5,5,5,5,5,5,5,5,3,3,3,3,3,3,3,3","0.00083613395690918","louvain","edit-xhwikibooks.graphml"
"0.43","0.36","0.21","0.454395136557335","1,1,2,2,2,3,2,3,3,3,2,2,3,3,3,4,3,2,5,2,6,1,3,3,3,3,3,4,1,3,2,5,2,2,5,5,3,3,6,6,6,6,1,1,1,1,6,1,1,1,6,6,6,6,6,1,1,1,1,6,7,6,6,3,3,6,6,6,6,6,1,6,3,3,6,6,6,6,6,6,6,3,4,4,4,8,6,6,6,6,9,10,11,6,6,6,4,6,6,6,6,6,6,6,6,6,6,2,2,6,6,6,6,5,5,5,5,5,5,5,5,3,3,3,3,3,3,3,3","0.000648975372314453","louvain","edit-xhwikibooks.graphml"
"0.42","0.37","0.21","0.45244420882663","1,1,1,1,1,1,2,1,3,1,2,2,1,3,3,1,1,2,4,2,5,6,1,3,3,3,3,1,1,1,2,4,2,2,4,4,3,3,5,5,5,5,6,6,6,6,5,6,6,6,5,5,5,5,5,6,6,6,6,5,7,5,5,3,3,5,5,5,5,5,6,5,3,3,5,5,5,5,5,5,5,3,1,1,1,8,5,5,5,5,9,10,11,5,5,5,1,5,5,5,5,5,5,5,5,5,5,2,2,5,5,5,5,4,4,4,4,4,4,4,4,3,3,3,3,3,3,3,3","0.000571966171264648","louvain","edit-xhwikibooks.graphml"
"0.41","0.38","0.21","0.452635709904442","1,1,2,2,2,3,2,3,3,3,2,2,3,3,3,4,3,2,5,2,6,1,3,3,3,3,3,4,1,3,2,5,2,2,5,5,3,3,6,6,6,6,1,1,1,1,6,1,1,1,6,6,6,6,6,1,1,1,1,6,7,6,6,3,3,6,6,6,6,6,1,6,3,3,6,6,6,6,6,6,6,3,4,4,4,8,6,6,6,6,9,10,11,6,6,6,4,6,6,6,6,6,6,6,6,6,6,2,2,6,6,6,6,5,5,5,5,5,5,5,5,3,3,3,3,3,3,3,3","0.000608921051025391","louvain","edit-xhwikibooks.graphml"
"0.4","0.39","0.21","0.453911775061617","1,1,2,2,2,3,2,3,3,3,2,2,3,3,3,4,3,2,5,2,6,1,3,3,3,3,3,4,1,3,2,5,2,2,5,5,3,3,6,6,6,6,1,1,1,1,6,1,1,1,6,6,6,6,6,1,1,1,1,6,7,6,6,3,3,6,6,6,6,6,1,6,3,3,6,6,6,6,6,6,6,3,4,4,4,8,6,6,6,6,9,10,11,6,6,6,4,6,6,6,6,6,6,6,6,6,6,2,2,6,6,6,6,5,5,5,5,5,5,5,5,3,3,3,3,3,3,3,3","0.000684022903442383","louvain","edit-xhwikibooks.graphml"
"0.39","0.4","0.21","0.45585858948578","1,1,2,2,2,3,2,3,3,3,2,2,3,3,3,4,3,2,5,2,6,1,3,3,3,3,3,4,1,3,2,5,2,2,5,5,3,3,6,6,6,6,1,1,1,1,6,1,1,1,6,6,6,6,6,1,1,1,1,6,7,6,6,3,3,6,6,6,6,6,1,6,3,3,6,6,6,6,6,6,6,3,4,4,4,8,6,6,6,6,9,10,11,6,6,6,4,6,6,6,6,6,6,6,6,6,6,2,2,6,6,6,6,5,5,5,5,5,5,5,5,3,3,3,3,3,3,3,3","0.00056910514831543","louvain","edit-xhwikibooks.graphml"
"0.38","0.41","0.21","0.455398751955058","1,1,1,1,1,1,2,1,3,1,2,2,1,3,3,1,1,2,4,2,5,6,1,3,3,3,3,1,1,1,2,4,2,2,4,4,3,3,5,5,5,5,6,6,6,6,5,6,6,6,5,5,5,5,5,6,6,6,6,5,7,5,5,3,3,5,5,5,5,5,6,5,3,3,5,5,5,5,5,5,5,3,1,1,1,8,5,5,5,5,9,10,11,5,5,5,1,5,5,5,5,5,5,5,5,5,5,2,2,5,5,5,5,4,4,4,4,4,4,4,4,3,3,3,3,3,3,3,3","0.000627994537353516","louvain","edit-xhwikibooks.graphml"
"0.37","0.42","0.21","0.44941125684082","1,1,2,2,2,3,2,3,3,3,2,2,3,3,3,4,3,2,3,2,5,1,3,3,3,3,3,4,1,3,2,3,2,2,3,3,6,3,5,5,5,5,1,1,1,1,5,1,1,1,5,5,5,5,5,1,1,1,1,5,7,5,5,3,3,5,5,5,5,5,1,5,3,3,5,5,5,5,5,5,5,3,4,4,4,8,5,5,5,5,9,10,11,5,5,5,4,5,5,5,5,5,5,5,5,5,5,2,2,5,5,5,5,3,3,3,3,3,3,3,3,6,6,6,6,6,6,6,6","0.000503063201904297","louvain","edit-xhwikibooks.graphml"
"0.36","0.43","0.21","0.446148868235921","1,1,1,1,1,1,2,1,3,1,2,2,1,3,3,1,4,2,5,2,6,7,1,3,3,3,3,1,1,8,9,5,2,2,5,5,3,3,6,6,6,6,7,7,7,7,6,7,7,7,6,6,6,6,6,7,7,7,7,6,10,6,6,11,12,6,6,6,6,6,7,6,3,3,6,6,6,6,6,6,6,13,1,1,1,14,6,6,6,6,15,16,17,6,6,6,18,6,6,6,6,6,6,6,6,6,6,19,20,6,6,6,6,5,5,5,5,5,5,5,5,3,3,3,3,3,3,3,3","0.000676155090332031","louvain","edit-xhwikibooks.graphml"
"0.35","0.44","0.21","0.446370159333122","1,1,2,2,2,3,2,3,3,3,2,2,3,3,3,4,5,2,6,2,7,1,3,3,3,3,3,4,1,8,9,6,2,2,6,6,3,3,7,7,7,7,1,1,1,1,7,1,1,1,7,7,7,7,7,1,1,1,1,7,10,7,7,11,12,7,7,7,7,7,1,7,3,3,7,7,7,7,7,7,7,13,4,4,4,14,7,7,7,7,15,16,17,7,7,7,18,7,7,7,7,7,7,7,7,7,7,19,20,7,7,7,7,6,6,6,6,6,6,6,6,3,3,3,3,3,3,3,3","0.000494003295898438","louvain","edit-xhwikibooks.graphml"
"0.34","0.45","0.21","0.448916096332645","1,1,2,2,2,3,2,3,3,3,2,2,3,3,3,4,5,2,6,2,7,1,3,3,3,3,3,4,1,8,9,6,2,2,6,6,3,3,7,7,7,7,1,1,1,1,7,1,1,1,7,7,7,7,7,1,1,1,1,7,10,7,7,11,12,7,7,7,7,7,1,7,3,3,7,7,7,7,7,7,7,13,4,4,4,14,7,7,7,7,15,16,17,7,7,7,18,7,7,7,7,7,7,7,7,7,7,19,20,7,7,7,7,6,6,6,6,6,6,6,6,3,3,3,3,3,3,3,3","0.000529050827026367","louvain","edit-xhwikibooks.graphml"
"0.33","0.46","0.21","0.448436195362406","1,1,2,2,2,3,2,3,3,3,2,2,3,3,3,4,5,2,6,2,7,1,3,3,3,3,3,4,1,8,9,6,2,2,6,6,3,3,7,7,7,7,1,1,1,1,7,1,1,1,7,7,7,7,7,1,1,1,1,7,10,7,7,11,12,7,7,7,7,7,1,7,3,3,7,7,7,7,7,7,7,13,4,4,4,14,7,7,7,7,15,16,17,7,7,7,18,7,7,7,7,7,7,7,7,7,7,19,20,7,7,7,7,6,6,6,6,6,6,6,6,3,3,3,3,3,3,3,3","0.000509977340698242","louvain","edit-xhwikibooks.graphml"
"0.32","0.47","0.21","0.449746808015472","1,1,2,2,2,3,2,3,3,3,2,2,3,3,3,3,4,2,5,2,6,1,3,3,3,3,3,3,1,7,8,5,2,2,5,5,9,3,6,6,6,6,1,1,1,1,6,1,1,1,6,6,6,6,6,1,1,1,1,6,10,6,6,11,12,6,6,6,6,6,1,6,3,3,6,6,6,6,6,6,6,13,3,3,3,14,6,6,6,6,15,16,17,6,6,6,18,6,6,6,6,6,6,6,6,6,6,19,20,6,6,6,6,5,5,5,5,5,5,5,5,9,9,9,9,9,9,9,9","0.000498056411743164","louvain","edit-xhwikibooks.graphml"
"0.31","0.48","0.21","0.445620172841854","1,1,2,2,2,3,2,3,3,3,2,2,3,3,3,4,5,2,6,2,7,1,3,3,3,3,3,4,1,8,9,6,2,2,6,6,3,3,7,7,7,7,1,1,1,1,7,1,1,1,7,7,7,7,7,1,1,1,1,7,10,7,7,11,12,7,7,7,7,7,1,7,3,3,7,7,7,7,7,7,7,13,4,4,4,14,7,7,7,7,15,16,17,7,7,7,18,7,7,7,7,7,7,7,7,7,7,19,20,7,7,7,7,6,6,6,6,6,6,6,6,3,3,3,3,3,3,3,3","0.000530004501342773","louvain","edit-xhwikibooks.graphml"
"0.3","0.49","0.21","0.445620172841854","1,1,2,2,2,3,2,3,3,3,2,2,3,3,3,4,5,2,6,2,7,1,3,3,3,3,3,4,1,8,9,6,2,2,6,6,3,3,7,7,7,7,1,1,1,1,7,1,1,1,7,7,7,7,7,1,1,1,1,7,10,7,7,11,12,7,7,7,7,7,1,7,3,3,7,7,7,7,7,7,7,13,4,4,4,14,7,7,7,7,15,16,17,7,7,7,18,7,7,7,7,7,7,7,7,7,7,19,20,7,7,7,7,6,6,6,6,6,6,6,6,3,3,3,3,3,3,3,3","0.000501155853271484","louvain","edit-xhwikibooks.graphml"
"0.29","0.5","0.21","0.496879378878435","1,1,2,2,2,2,2,3,2,2,2,2,3,3,3,2,4,2,5,2,6,1,3,3,3,3,3,2,1,7,8,5,2,2,5,5,3,3,6,6,6,6,1,1,1,1,6,1,1,1,6,6,6,6,6,1,1,1,1,6,9,6,6,10,11,6,6,6,6,6,1,6,3,3,6,6,6,6,6,6,6,12,2,2,2,13,6,6,6,6,14,15,16,6,6,6,17,6,6,6,6,6,6,6,6,6,6,18,19,6,6,6,6,5,5,5,5,5,5,5,5,3,3,3,3,3,3,3,3","0.000530004501342773","louvain","edit-xhwikibooks.graphml"
"0.28","0.51","0.21","0.496879378878435","1,1,2,2,2,2,2,3,2,2,2,2,3,3,3,2,4,2,5,2,6,1,3,3,3,3,3,2,1,7,8,5,2,2,5,5,3,3,6,6,6,6,1,1,1,1,6,1,1,1,6,6,6,6,6,1,1,1,1,6,9,6,6,10,11,6,6,6,6,6,1,6,3,3,6,6,6,6,6,6,6,12,2,2,2,13,6,6,6,6,14,15,16,6,6,6,17,6,6,6,6,6,6,6,6,6,6,18,19,6,6,6,6,5,5,5,5,5,5,5,5,3,3,3,3,3,3,3,3","0.000547885894775391","louvain","edit-xhwikibooks.graphml"
"0.27","0.52","0.21","0.496879378878435","1,1,2,2,2,2,2,3,2,2,2,2,3,3,3,2,4,2,5,2,6,1,3,3,3,3,3,2,1,7,8,5,2,2,5,5,3,3,6,6,6,6,1,1,1,1,6,1,1,1,6,6,6,6,6,1,1,1,1,6,9,6,6,10,11,6,6,6,6,6,1,6,3,3,6,6,6,6,6,6,6,12,2,2,2,13,6,6,6,6,14,15,16,6,6,6,17,6,6,6,6,6,6,6,6,6,6,18,19,6,6,6,6,5,5,5,5,5,5,5,5,3,3,3,3,3,3,3,3","0.000513076782226562","louvain","edit-xhwikibooks.graphml"
"0.26","0.53","0.21","0.475985175455057","1,1,2,2,2,3,2,3,3,3,2,2,3,3,3,4,5,2,6,2,7,1,3,3,3,3,3,4,1,8,9,6,2,2,6,6,10,3,7,7,7,7,1,1,1,1,7,1,1,1,7,7,7,7,7,1,1,1,1,7,11,7,7,12,13,7,7,7,7,7,1,7,3,3,7,7,7,7,7,7,7,14,4,4,4,15,7,7,7,7,16,17,18,7,7,7,19,7,7,7,7,7,7,7,7,7,7,20,21,7,7,7,7,6,6,6,6,6,6,6,6,10,10,10,10,10,10,10,10","0.000500917434692383","louvain","edit-xhwikibooks.graphml"
"0.25","0.54","0.21","0.477588184766478","1,1,2,2,2,2,2,3,2,2,2,2,3,3,3,2,4,2,5,2,6,1,3,3,3,3,3,2,1,7,8,5,2,2,5,5,3,3,6,6,6,6,1,1,1,1,6,1,1,1,6,6,6,6,6,1,1,1,1,6,9,6,6,10,11,6,6,6,6,6,1,6,3,3,6,6,6,6,6,6,6,12,2,2,2,13,6,6,6,6,14,15,16,6,6,6,17,6,6,6,6,6,6,6,6,6,6,18,19,6,6,6,6,5,5,5,5,5,5,5,5,3,3,3,3,3,3,3,3","0.000549077987670898","louvain","edit-xhwikibooks.graphml"
"0.24","0.55","0.21","0.477105355489862","1,1,2,2,2,2,2,3,2,2,2,2,3,3,3,2,4,2,5,2,6,1,3,3,3,3,3,2,1,7,8,5,2,2,5,5,3,3,6,6,6,6,1,1,1,1,6,1,1,1,6,6,6,6,6,1,1,1,1,6,9,6,6,10,11,6,6,6,6,6,1,6,3,3,6,6,6,6,6,6,6,12,2,2,2,13,6,6,6,6,14,15,16,6,6,6,17,6,6,6,6,6,6,6,6,6,6,18,19,6,6,6,6,5,5,5,5,5,5,5,5,3,3,3,3,3,3,3,3","0.000519037246704102","louvain","edit-xhwikibooks.graphml"
"0.23","0.56","0.21","0.480548845388495","1,1,2,2,2,2,2,3,2,2,2,2,3,3,3,2,4,2,5,2,6,1,3,3,3,3,3,2,1,7,8,5,2,2,5,5,3,3,6,6,6,6,1,1,1,1,6,1,1,1,6,6,6,6,6,1,1,1,1,6,9,6,6,10,11,6,6,6,6,6,1,6,3,3,6,6,6,6,6,6,6,12,2,2,2,13,6,6,6,6,14,15,16,6,6,6,17,6,6,6,6,6,6,6,6,6,6,18,19,6,6,6,6,5,5,5,5,5,5,5,5,3,3,3,3,3,3,3,3","0.000513792037963867","louvain","edit-xhwikibooks.graphml"
"0.22","0.57","0.21","0.47982170811673","1,1,2,2,2,3,2,3,3,3,2,2,3,3,3,4,5,2,6,2,7,1,3,3,3,3,3,4,1,8,9,6,2,2,6,6,10,3,7,7,7,7,1,1,1,1,7,1,1,1,7,7,7,7,7,1,1,1,1,7,11,7,7,12,13,7,7,7,7,7,1,7,3,3,7,7,7,7,7,7,7,14,4,4,4,15,7,7,7,7,16,17,18,7,7,7,19,7,7,7,7,7,7,7,7,7,7,20,21,7,7,7,7,6,6,6,6,6,6,6,6,10,10,10,10,10,10,10,10","0.00052189826965332","louvain","edit-xhwikibooks.graphml"
"0.21","0.58","0.21","0.483254626721917","1,1,2,2,2,3,2,3,3,3,2,2,3,3,3,4,5,2,6,2,7,1,3,3,3,3,3,4,1,8,9,6,2,2,6,6,10,3,7,7,7,7,1,1,1,1,7,1,1,1,7,7,7,7,7,1,1,1,1,7,11,7,7,12,13,7,7,7,7,7,1,7,3,3,7,7,7,7,7,7,7,14,4,4,4,15,7,7,7,7,16,17,18,7,7,7,19,7,7,7,7,7,7,7,7,7,7,20,21,7,7,7,7,6,6,6,6,6,6,6,6,10,10,10,10,10,10,10,10","0.000515937805175781","louvain","edit-xhwikibooks.graphml"
"0.2","0.59","0.21","0.482981190650109","1,1,2,2,2,2,2,3,2,2,2,2,3,3,3,2,4,2,5,2,6,1,3,3,3,3,3,2,1,7,8,5,2,2,5,5,3,3,6,6,6,6,1,1,1,1,6,1,1,1,6,6,6,6,6,1,1,1,1,6,9,6,6,10,11,6,6,6,6,6,1,6,3,3,6,6,6,6,6,6,6,12,2,2,2,13,6,6,6,6,14,15,16,6,6,6,17,6,6,6,6,6,6,6,6,6,6,18,19,6,6,6,6,5,5,5,5,5,5,5,5,3,3,3,3,3,3,3,3","0.000550985336303711","louvain","edit-xhwikibooks.graphml"
"0.19","0.6","0.21","0.486524746897468","1,1,2,2,2,2,2,3,2,2,2,2,3,3,3,2,4,2,5,2,6,1,3,3,3,3,3,2,1,7,8,5,2,2,5,5,3,3,6,6,6,6,1,1,1,1,6,1,1,1,6,6,6,6,6,1,1,1,1,6,9,6,6,10,11,6,6,6,6,6,1,6,3,3,6,6,6,6,6,6,6,12,2,2,2,13,6,6,6,6,14,15,16,6,6,6,17,6,6,6,6,6,6,6,6,6,6,18,19,6,6,6,6,5,5,5,5,5,5,5,5,3,3,3,3,3,3,3,3","0.000543117523193359","louvain","edit-xhwikibooks.graphml"
"0.18","0.61","0.21","0.485855481847612","1,1,2,2,2,3,2,3,3,3,2,2,3,3,3,4,5,2,6,2,7,1,3,3,3,3,3,4,1,8,9,6,2,2,6,6,10,3,7,7,7,7,1,1,1,1,7,1,1,1,7,7,7,7,7,1,1,1,1,7,11,7,7,12,13,7,7,7,7,7,1,7,3,3,7,7,7,7,7,7,7,14,4,4,4,15,7,7,7,7,16,17,18,7,7,7,19,7,7,7,7,7,7,7,7,7,7,20,21,7,7,7,7,6,6,6,6,6,6,6,6,10,10,10,10,10,10,10,10","0.000581026077270508","louvain","edit-xhwikibooks.graphml"
"0.17","0.62","0.21","0.487011395883068","1,1,2,2,2,3,2,3,3,3,2,2,3,3,3,4,5,2,6,2,7,1,3,3,3,3,3,4,1,8,9,6,2,2,6,6,10,3,7,7,7,7,1,1,1,1,7,1,1,1,7,7,7,7,7,1,1,1,1,7,11,7,7,12,13,7,7,7,7,7,1,7,3,3,7,7,7,7,7,7,7,14,4,4,4,15,7,7,7,7,16,17,18,7,7,7,19,7,7,7,7,7,7,7,7,7,7,20,21,7,7,7,7,6,6,6,6,6,6,6,6,10,10,10,10,10,10,10,10","0.000496864318847656","louvain","edit-xhwikibooks.graphml"
"0.16","0.63","0.21","0.486527790755342","1,1,2,2,2,3,2,3,3,3,2,2,3,3,3,4,5,2,6,2,7,1,3,3,3,3,3,4,1,8,9,6,2,2,6,6,10,3,7,7,7,7,1,1,1,1,7,1,1,1,7,7,7,7,7,1,1,1,1,7,11,7,7,12,13,7,7,7,7,7,1,7,3,3,7,7,7,7,7,7,7,14,4,4,4,15,7,7,7,7,16,17,18,7,7,7,19,7,7,7,7,7,7,7,7,7,7,20,21,7,7,7,7,6,6,6,6,6,6,6,6,10,10,10,10,10,10,10,10","0.000488042831420898","louvain","edit-xhwikibooks.graphml"
"0.15","0.64","0.21","0.472469504912061","1,1,1,2,3,2,4,5,2,2,4,6,5,5,5,2,7,8,4,9,10,1,11,5,5,5,5,2,1,12,13,14,9,15,4,4,5,5,10,10,10,10,1,1,1,1,10,1,1,1,10,10,10,10,10,1,1,1,1,10,16,10,10,17,18,10,10,10,10,10,1,10,19,20,10,10,10,10,10,10,10,21,22,23,24,25,10,10,10,10,26,27,28,10,10,10,29,10,10,10,10,10,10,10,10,10,10,30,31,10,10,10,10,4,4,4,4,4,4,4,4,5,5,5,5,5,5,5,5","0.000510931015014648","louvain","edit-xhwikibooks.graphml"
"0.14","0.65","0.21","0.471989004055546","1,1,1,2,3,2,4,5,2,2,4,6,5,5,5,2,7,8,4,9,10,1,11,5,5,5,5,2,1,12,13,14,9,15,4,4,5,5,10,10,10,10,1,1,1,1,10,1,1,1,10,10,10,10,10,1,1,1,1,10,16,10,10,17,18,10,10,10,10,10,1,10,19,20,10,10,10,10,10,10,10,21,22,23,24,25,10,10,10,10,26,27,28,10,10,10,29,10,10,10,10,10,10,10,10,10,10,30,31,10,10,10,10,4,4,4,4,4,4,4,4,5,5,5,5,5,5,5,5","0.000524044036865234","louvain","edit-xhwikibooks.graphml"
"0.13","0.66","0.21","0.471989004055546","1,1,1,2,3,2,4,5,2,2,4,6,5,5,5,2,7,8,4,9,10,1,11,5,5,5,5,2,1,12,13,14,9,15,4,4,5,5,10,10,10,10,1,1,1,1,10,1,1,1,10,10,10,10,10,1,1,1,1,10,16,10,10,17,18,10,10,10,10,10,1,10,19,20,10,10,10,10,10,10,10,21,22,23,24,25,10,10,10,10,26,27,28,10,10,10,29,10,10,10,10,10,10,10,10,10,10,30,31,10,10,10,10,4,4,4,4,4,4,4,4,5,5,5,5,5,5,5,5","0.000568866729736328","louvain","edit-xhwikibooks.graphml"
"0.12","0.67","0.21","0.487930381194773","1,1,1,2,3,2,4,5,2,2,4,6,5,5,5,2,7,8,9,10,11,1,12,5,5,5,5,2,1,13,14,15,10,16,9,9,17,5,11,11,11,11,1,1,1,1,11,1,1,1,11,11,11,11,11,1,1,1,1,11,18,11,11,19,20,11,11,11,11,11,1,11,21,22,11,11,11,11,11,11,11,23,24,25,26,27,11,11,11,11,28,29,30,11,11,11,31,11,11,11,11,11,11,11,11,11,11,32,33,11,11,11,11,9,9,9,9,9,9,9,9,17,17,17,17,17,17,17,17","0.00053095817565918","louvain","edit-xhwikibooks.graphml"
"0.11","0.68","0.21","0.487866932139895","1,1,1,2,3,2,4,5,2,2,4,6,5,5,5,2,7,8,9,10,11,1,12,5,5,5,5,2,1,13,14,15,10,16,9,9,5,5,11,11,11,11,1,1,1,1,11,1,1,1,11,11,11,11,11,1,1,1,1,11,17,11,11,18,19,11,11,11,11,11,1,11,20,21,11,11,11,11,11,11,11,22,23,24,25,26,11,11,11,11,27,28,29,11,11,11,30,11,11,11,11,11,11,11,11,11,11,31,32,11,11,11,11,9,9,9,9,9,9,9,9,5,5,5,5,5,5,5,5","0.00049901008605957","louvain","edit-xhwikibooks.graphml"
"0.1","0.69","0.21","0.472819625767958","1,1,1,2,3,2,4,5,2,2,4,6,5,5,5,2,7,8,9,10,11,1,12,5,5,5,5,2,1,13,14,15,10,16,9,9,5,5,11,11,11,11,1,1,1,1,11,1,1,1,11,11,11,11,11,1,1,1,1,11,17,11,11,18,19,11,11,11,11,11,1,11,20,21,11,11,11,11,11,11,11,22,23,24,25,26,11,11,11,11,27,28,29,11,11,11,30,11,11,11,11,11,11,11,11,11,11,31,32,11,11,11,11,9,9,9,9,9,9,9,9,5,5,5,5,5,5,5,5","0.000494956970214844","louvain","edit-xhwikibooks.graphml"
"0.09","0.7","0.21","0.474015453753804","1,1,1,2,3,2,4,5,2,2,4,6,5,5,5,2,7,8,9,10,11,1,12,5,5,5,5,2,1,13,14,15,10,16,9,9,5,5,11,11,11,11,1,1,1,1,11,1,1,1,11,11,11,11,11,1,1,1,1,11,17,11,11,18,19,11,11,11,11,11,1,11,20,21,11,11,11,11,11,11,11,22,23,24,25,26,11,11,11,11,27,28,29,11,11,11,30,11,11,11,11,11,11,11,11,11,11,31,32,11,11,11,11,9,9,9,9,9,9,9,9,5,5,5,5,5,5,5,5","0.00059199333190918","louvain","edit-xhwikibooks.graphml"
"0.08","0.71","0.21","0.473534088321913","1,1,1,2,3,2,4,5,2,2,4,6,5,5,5,2,7,8,9,10,11,1,12,5,5,5,5,2,1,13,14,15,10,16,9,9,5,5,11,11,11,11,1,1,1,1,11,1,1,1,11,11,11,11,11,1,1,1,1,11,17,11,11,18,19,11,11,11,11,11,1,11,20,21,11,11,11,11,11,11,11,22,23,24,25,26,11,11,11,11,27,28,29,11,11,11,30,11,11,11,11,11,11,11,11,11,11,31,32,11,11,11,11,9,9,9,9,9,9,9,9,5,5,5,5,5,5,5,5","0.000555992126464844","louvain","edit-xhwikibooks.graphml"
"0.07","0.72","0.21","0.476807337568048","1,1,1,2,3,2,4,5,2,2,4,6,5,5,5,2,7,8,9,10,11,1,12,5,5,5,5,2,1,13,14,15,10,16,9,9,5,5,11,11,11,11,1,1,1,1,11,1,1,1,11,11,11,11,11,1,1,1,1,11,17,11,11,18,19,11,11,11,11,11,1,11,20,21,11,11,11,11,11,11,11,22,23,24,25,26,11,11,11,11,27,28,29,11,11,11,30,11,11,11,11,11,11,11,11,11,11,31,32,11,11,11,11,9,9,9,9,9,9,9,9,5,5,5,5,5,5,5,5","0.000498056411743164","louvain","edit-xhwikibooks.graphml"
"0.06","0.73","0.21","0.476324872169467","1,1,1,2,3,2,4,5,2,2,4,6,5,5,5,2,7,8,9,10,11,1,12,5,5,5,5,2,1,13,14,15,10,16,9,9,5,5,11,11,11,11,1,1,1,1,11,1,1,1,11,11,11,11,11,1,1,1,1,11,17,11,11,18,19,11,11,11,11,11,1,11,20,21,11,11,11,11,11,11,11,22,23,24,25,26,11,11,11,11,27,28,29,11,11,11,30,11,11,11,11,11,11,11,11,11,11,31,32,11,11,11,11,9,9,9,9,9,9,9,9,5,5,5,5,5,5,5,5","0.000463962554931641","louvain","edit-xhwikibooks.graphml"
"0.05","0.74","0.21","0.476324872169467","1,1,1,2,3,2,4,5,2,2,4,6,5,5,5,2,7,8,9,10,11,1,12,5,5,5,5,2,1,13,14,15,10,16,9,9,5,5,11,11,11,11,1,1,1,1,11,1,1,1,11,11,11,11,11,1,1,1,1,11,17,11,11,18,19,11,11,11,11,11,1,11,20,21,11,11,11,11,11,11,11,22,23,24,25,26,11,11,11,11,27,28,29,11,11,11,30,11,11,11,11,11,11,11,11,11,11,31,32,11,11,11,11,9,9,9,9,9,9,9,9,5,5,5,5,5,5,5,5","0.000501871109008789","louvain","edit-xhwikibooks.graphml"
"0.04","0.75","0.21","0.479454814140363","1,1,1,2,3,2,4,5,2,2,4,6,5,5,5,2,7,8,9,10,11,1,12,5,5,5,5,2,1,13,14,15,10,16,9,9,5,5,11,11,11,11,1,1,1,1,11,1,1,1,11,11,11,11,11,1,1,1,1,11,17,11,11,18,19,11,11,11,11,11,1,11,20,21,11,11,11,11,11,11,11,22,23,24,25,26,11,11,11,11,27,28,29,11,11,11,30,11,11,11,11,11,11,11,11,11,11,31,32,11,11,11,11,9,9,9,9,9,9,9,9,5,5,5,5,5,5,5,5","0.000503063201904297","louvain","edit-xhwikibooks.graphml"
"0.03","0.76","0.21","0.48062249448223","1,1,1,2,3,2,4,5,2,2,4,6,5,5,5,2,7,8,9,10,11,1,12,5,5,5,5,2,1,13,14,15,10,16,9,9,5,5,11,11,11,11,1,1,1,1,11,1,1,1,11,11,11,11,11,1,1,1,1,11,17,11,11,18,19,11,11,11,11,11,1,11,20,21,11,11,11,11,11,11,11,22,23,24,25,26,11,11,11,11,27,28,29,11,11,11,30,11,11,11,11,11,11,11,11,11,11,31,32,11,11,11,11,9,9,9,9,9,9,9,9,5,5,5,5,5,5,5,5","0.000518083572387695","louvain","edit-xhwikibooks.graphml"
"0.02","0.77","0.21","0.481782194941385","1,1,1,2,3,2,4,5,2,2,4,6,5,5,5,2,7,8,9,10,11,1,12,5,5,5,5,2,1,13,14,15,10,16,9,9,5,5,11,11,11,11,1,1,1,1,11,1,1,1,11,11,11,11,11,1,1,1,1,11,17,11,11,18,19,11,11,11,11,11,1,11,20,21,11,11,11,11,11,11,11,22,23,24,25,26,11,11,11,11,27,28,29,11,11,11,30,11,11,11,11,11,11,11,11,11,11,31,32,11,11,11,11,9,9,9,9,9,9,9,9,5,5,5,5,5,5,5,5","0.000522136688232422","louvain","edit-xhwikibooks.graphml"
"0.01","0.78","0.21","0.483500920675721","1,1,1,2,3,2,4,5,2,2,4,6,5,5,5,2,7,8,9,10,11,1,12,5,5,5,5,2,1,13,14,15,10,16,9,9,5,5,11,11,11,11,1,1,1,1,11,1,1,1,11,11,11,11,11,1,1,1,1,11,17,11,11,18,19,11,11,11,11,11,1,11,20,21,11,11,11,11,11,11,11,22,23,24,25,26,11,11,11,11,27,28,29,11,11,11,30,11,11,11,11,11,11,11,11,11,11,31,32,11,11,11,11,9,9,9,9,9,9,9,9,5,5,5,5,5,5,5,5","0.000576972961425781","louvain","edit-xhwikibooks.graphml"
"0","0.79","0.21","0.486445298283922","1,1,1,2,1,2,3,4,2,2,3,5,4,4,4,2,6,7,8,9,10,1,11,4,4,4,4,2,1,12,13,14,9,15,8,8,4,4,10,10,10,10,1,1,1,1,10,1,1,1,10,10,10,10,10,1,1,1,1,10,16,10,10,17,18,10,10,10,10,10,1,10,19,20,10,10,10,10,10,10,10,21,22,23,24,25,10,10,10,10,26,27,28,10,10,10,29,10,10,10,10,10,10,10,10,10,10,30,31,10,10,10,10,8,8,8,8,8,8,8,8,4,4,4,4,4,4,4,4","0.000482082366943359","louvain","edit-xhwikibooks.graphml"
"0.78","0","0.22","0.423699291840908","1,1,2,3,2,3,2,3,3,3,2,2,3,3,3,3,3,2,4,2,5,1,3,3,3,3,3,3,1,3,2,4,2,2,4,4,3,3,5,5,5,5,1,1,1,1,5,1,1,1,5,5,5,5,5,1,1,1,1,5,3,5,5,3,3,5,5,5,5,5,1,5,3,3,5,5,5,5,5,5,5,3,3,3,3,1,5,5,5,5,3,2,4,5,5,5,3,5,5,5,5,5,5,5,5,5,5,2,2,5,5,5,5,4,4,4,4,4,4,4,4,3,3,3,3,3,3,3,3","0.000545978546142578","louvain","edit-xhwikibooks.graphml"
"0.77","0.01","0.22","0.423699291840908","1,1,2,3,2,3,2,3,3,3,2,2,3,3,3,3,3,2,4,2,5,1,3,3,3,3,3,3,1,3,2,4,2,2,4,4,3,3,5,5,5,5,1,1,1,1,5,1,1,1,5,5,5,5,5,1,1,1,1,5,3,5,5,3,3,5,5,5,5,5,1,5,3,3,5,5,5,5,5,5,5,3,3,3,3,1,5,5,5,5,3,2,4,5,5,5,3,5,5,5,5,5,5,5,5,5,5,2,2,5,5,5,5,4,4,4,4,4,4,4,4,3,3,3,3,3,3,3,3","0.000503063201904297","louvain","edit-xhwikibooks.graphml"
"0.76","0.02","0.22","0.422329522908336","1,1,1,2,1,2,1,2,2,2,3,1,2,2,2,2,2,3,3,1,4,1,2,2,2,2,2,2,1,2,3,3,1,1,3,3,2,2,4,4,4,4,1,1,1,1,4,1,1,1,4,4,4,4,4,1,1,1,1,4,2,4,4,2,2,4,4,4,4,4,1,4,2,2,4,4,4,4,4,4,4,2,2,2,2,1,4,4,4,4,2,3,3,4,4,4,2,4,4,4,4,4,4,4,4,4,4,1,1,4,4,4,4,3,3,3,3,3,3,3,3,2,2,2,2,2,2,2,2","0.000540971755981445","louvain","edit-xhwikibooks.graphml"
"0.75","0.03","0.22","0.423252318668252","1,1,2,3,2,3,2,3,3,3,2,2,3,3,3,3,3,2,4,2,5,1,3,3,3,3,3,3,1,3,2,4,2,2,4,4,3,3,5,5,5,5,1,1,1,1,5,1,1,1,5,5,5,5,5,1,1,1,1,5,3,5,5,3,3,5,5,5,5,5,1,5,3,3,5,5,5,5,5,5,5,3,3,3,3,1,5,5,5,5,3,2,4,5,5,5,3,5,5,5,5,5,5,5,5,5,5,2,2,5,5,5,5,4,4,4,4,4,4,4,4,3,3,3,3,3,3,3,3","0.000504016876220703","louvain","edit-xhwikibooks.graphml"
"0.74","0.04","0.22","0.423252318668252","1,1,2,3,2,3,2,3,3,3,2,2,3,3,3,3,3,2,4,2,5,1,3,3,3,3,3,3,1,3,2,4,2,2,4,4,3,3,5,5,5,5,1,1,1,1,5,1,1,1,5,5,5,5,5,1,1,1,1,5,3,5,5,3,3,5,5,5,5,5,1,5,3,3,5,5,5,5,5,5,5,3,3,3,3,1,5,5,5,5,3,2,4,5,5,5,3,5,5,5,5,5,5,5,5,5,5,2,2,5,5,5,5,4,4,4,4,4,4,4,4,3,3,3,3,3,3,3,3","0.000524997711181641","louvain","edit-xhwikibooks.graphml"
"0.73","0.05","0.22","0.422806198726559","1,1,2,3,2,3,2,3,3,3,2,2,3,3,3,3,3,2,4,2,5,1,3,3,3,3,3,3,1,3,2,4,2,2,4,4,3,3,5,5,5,5,1,1,1,1,5,1,1,1,5,5,5,5,5,1,1,1,1,5,3,5,5,3,3,5,5,5,5,5,1,5,3,3,5,5,5,5,5,5,5,3,3,3,3,1,5,5,5,5,3,2,4,5,5,5,3,5,5,5,5,5,5,5,5,5,5,2,2,5,5,5,5,4,4,4,4,4,4,4,4,3,3,3,3,3,3,3,3","0.000510931015014648","louvain","edit-xhwikibooks.graphml"
"0.72","0.06","0.22","0.424147019368852","1,1,2,3,2,3,2,3,3,3,2,2,3,3,3,3,3,2,4,2,5,1,3,3,3,3,3,3,1,3,2,4,2,2,4,4,3,3,5,5,5,5,1,1,1,1,5,1,1,1,5,5,5,5,5,1,1,1,1,5,3,5,5,3,3,5,5,5,5,5,1,5,3,3,5,5,5,5,5,5,5,3,3,3,3,1,5,5,5,5,3,2,4,5,5,5,3,5,5,5,5,5,5,5,5,5,5,2,2,5,5,5,5,4,4,4,4,4,4,4,4,3,3,3,3,3,3,3,3","0.000540018081665039","louvain","edit-xhwikibooks.graphml"
"0.71","0.07","0.22","0.423701470233064","1,1,2,3,2,3,2,3,3,3,2,2,3,3,3,3,3,2,4,2,5,1,3,3,3,3,3,3,1,3,2,4,2,2,4,4,3,3,5,5,5,5,1,1,1,1,5,1,1,1,5,5,5,5,5,1,1,1,1,5,3,5,5,3,3,5,5,5,5,5,1,5,3,3,5,5,5,5,5,5,5,3,3,3,3,1,5,5,5,5,3,2,4,5,5,5,3,5,5,5,5,5,5,5,5,5,5,2,2,5,5,5,5,4,4,4,4,4,4,4,4,3,3,3,3,3,3,3,3","0.000515937805175781","louvain","edit-xhwikibooks.graphml"
"0.7","0.08","0.22","0.425033070463137","1,1,2,3,2,3,2,3,3,3,2,2,3,3,3,3,3,2,4,2,5,1,3,3,3,3,3,3,1,3,2,4,2,2,4,4,3,3,5,5,5,5,1,1,1,1,5,1,1,1,5,5,5,5,5,1,1,1,1,5,3,5,5,3,3,5,5,5,5,5,1,5,3,3,5,5,5,5,5,5,5,3,3,3,3,1,5,5,5,5,3,2,4,5,5,5,3,5,5,5,5,5,5,5,5,5,5,2,2,5,5,5,5,4,4,4,4,4,4,4,4,3,3,3,3,3,3,3,3","0.000518083572387695","louvain","edit-xhwikibooks.graphml"
"0.69","0.09","0.22","0.415205584538068","1,1,2,3,2,3,2,3,3,3,2,2,3,3,3,3,3,2,4,2,5,1,3,3,3,3,3,3,1,3,2,4,2,2,4,4,3,3,5,5,5,5,1,1,1,1,5,1,1,1,5,5,5,5,5,1,1,1,1,5,3,5,5,3,3,5,5,5,5,5,1,5,3,3,5,5,5,5,5,5,5,3,3,3,3,1,5,5,5,5,3,2,4,5,5,5,3,5,5,5,5,5,5,5,5,5,5,2,2,5,5,5,5,4,4,4,4,4,4,4,4,3,3,3,3,3,3,3,3","0.000522136688232422","louvain","edit-xhwikibooks.graphml"
"0.68","0.1","0.22","0.415205584538068","1,1,2,3,2,3,2,3,3,3,2,2,3,3,3,3,3,2,4,2,5,1,3,3,3,3,3,3,1,3,2,4,2,2,4,4,3,3,5,5,5,5,1,1,1,1,5,1,1,1,5,5,5,5,5,1,1,1,1,5,3,5,5,3,3,5,5,5,5,5,1,5,3,3,5,5,5,5,5,5,5,3,3,3,3,1,5,5,5,5,3,2,4,5,5,5,3,5,5,5,5,5,5,5,5,5,5,2,2,5,5,5,5,4,4,4,4,4,4,4,4,3,3,3,3,3,3,3,3","0.000546932220458984","louvain","edit-xhwikibooks.graphml"
"0.67","0.11","0.22","0.407042155166394","1,1,2,2,2,3,2,3,3,3,2,2,3,3,3,3,3,2,4,2,5,1,3,3,3,3,3,3,1,3,2,4,2,2,4,4,3,3,5,5,5,5,1,1,1,1,5,1,1,1,5,5,5,5,5,1,1,1,1,5,3,5,5,3,3,5,5,5,5,5,1,5,3,3,5,5,5,5,5,5,5,3,3,3,3,1,5,5,5,5,3,2,4,5,5,5,3,5,5,5,5,5,5,5,5,5,5,2,2,5,5,5,5,4,4,4,4,4,4,4,4,3,3,3,3,3,3,3,3","0.000547170639038086","louvain","edit-xhwikibooks.graphml"
"0.66","0.12","0.22","0.409780092592593","1,1,2,2,2,3,2,3,3,3,2,2,3,3,3,3,3,2,4,2,5,1,3,3,3,3,3,3,1,3,2,4,2,2,4,4,3,3,5,5,5,5,1,1,1,1,5,1,1,1,5,5,5,5,5,1,1,1,1,5,3,5,5,3,3,5,5,5,5,5,1,5,3,3,5,5,5,5,5,5,5,3,3,3,3,1,5,5,5,5,3,2,4,5,5,5,3,5,5,5,5,5,5,5,5,5,5,2,2,5,5,5,5,4,4,4,4,4,4,4,4,3,3,3,3,3,3,3,3","0.000545024871826172","louvain","edit-xhwikibooks.graphml"
"0.65","0.13","0.22","0.409338624694859","1,1,2,2,2,3,2,3,3,3,2,2,3,3,3,3,3,2,4,2,5,1,3,3,3,3,3,3,1,3,2,4,2,2,4,4,3,3,5,5,5,5,1,1,1,1,5,1,1,1,5,5,5,5,5,1,1,1,1,5,3,5,5,3,3,5,5,5,5,5,1,5,3,3,5,5,5,5,5,5,5,3,3,3,3,1,5,5,5,5,3,2,4,5,5,5,3,5,5,5,5,5,5,5,5,5,5,2,2,5,5,5,5,4,4,4,4,4,4,4,4,3,3,3,3,3,3,3,3","0.000503063201904297","louvain","edit-xhwikibooks.graphml"
"0.64","0.14","0.22","0.409338624694859","1,1,2,2,2,3,2,3,3,3,2,2,3,3,3,3,3,2,4,2,5,1,3,3,3,3,3,3,1,3,2,4,2,2,4,4,3,3,5,5,5,5,1,1,1,1,5,1,1,1,5,5,5,5,5,1,1,1,1,5,3,5,5,3,3,5,5,5,5,5,1,5,3,3,5,5,5,5,5,5,5,3,3,3,3,1,5,5,5,5,3,2,4,5,5,5,3,5,5,5,5,5,5,5,5,5,5,2,2,5,5,5,5,4,4,4,4,4,4,4,4,3,3,3,3,3,3,3,3","0.000511884689331055","louvain","edit-xhwikibooks.graphml"
"0.63","0.15","0.22","0.411606025457098","1,1,2,2,2,3,2,3,3,3,2,2,3,3,3,3,3,2,4,2,5,1,3,3,3,3,3,3,1,3,2,4,2,2,4,4,3,3,5,5,5,5,1,1,1,1,5,1,1,1,5,5,5,5,5,1,1,1,1,5,3,5,5,3,3,5,5,5,5,5,1,5,3,3,5,5,5,5,5,5,5,3,3,3,3,1,5,5,5,5,3,2,4,5,5,5,3,5,5,5,5,5,5,5,5,5,5,2,2,5,5,5,5,4,4,4,4,4,4,4,4,3,3,3,3,3,3,3,3","0.00053715705871582","louvain","edit-xhwikibooks.graphml"
"0.62","0.16","0.22","0.414338729139631","1,1,2,2,2,3,2,3,3,3,2,2,3,3,3,3,3,2,4,2,5,1,3,3,3,3,3,3,1,3,2,4,2,2,4,4,3,3,5,5,5,5,1,1,1,1,5,1,1,1,5,5,5,5,5,1,1,1,1,5,3,5,5,3,3,5,5,5,5,5,1,5,3,3,5,5,5,5,5,5,5,3,3,3,3,1,5,5,5,5,3,2,4,5,5,5,3,5,5,5,5,5,5,5,5,5,5,2,2,5,5,5,5,4,4,4,4,4,4,4,4,3,3,3,3,3,3,3,3","0.000715970993041992","louvain","edit-xhwikibooks.graphml"
"0.61","0.17","0.22","0.413652110252385","1,1,1,1,1,2,1,2,2,2,3,1,2,2,2,2,2,3,3,1,4,1,2,2,2,2,2,2,1,2,3,3,1,1,3,3,2,2,4,4,4,4,1,1,1,1,4,1,1,1,4,4,4,4,4,1,1,1,1,4,2,4,4,2,2,4,4,4,4,4,1,4,2,2,4,4,4,4,4,4,4,2,2,2,2,1,4,4,4,4,2,3,3,4,4,4,2,4,4,4,4,4,4,4,4,4,4,1,1,4,4,4,4,3,3,3,3,3,3,3,3,2,2,2,2,2,2,2,2","0.000538110733032227","louvain","edit-xhwikibooks.graphml"
"0.6","0.18","0.22","0.41526536650163","1,1,2,2,2,3,2,3,3,3,2,2,3,3,3,3,3,2,4,2,5,1,3,3,3,3,3,3,1,3,2,4,2,2,4,4,3,3,5,5,5,5,1,1,1,1,5,1,1,1,5,5,5,5,5,1,1,1,1,5,3,5,5,3,3,5,5,5,5,5,1,5,3,3,5,5,5,5,5,5,5,3,3,3,3,1,5,5,5,5,3,2,4,5,5,5,3,5,5,5,5,5,5,5,5,5,5,2,2,5,5,5,5,4,4,4,4,4,4,4,4,3,3,3,3,3,3,3,3","0.000519990921020508","louvain","edit-xhwikibooks.graphml"
"0.59","0.19","0.22","0.4148249758675","1,1,2,2,2,3,2,3,3,3,2,2,3,3,3,3,3,2,4,2,5,1,3,3,3,3,3,3,1,3,2,4,2,2,4,4,3,3,5,5,5,5,1,1,1,1,5,1,1,1,5,5,5,5,5,1,1,1,1,5,3,5,5,3,3,5,5,5,5,5,1,5,3,3,5,5,5,5,5,5,5,3,3,3,3,1,5,5,5,5,3,2,4,5,5,5,3,5,5,5,5,5,5,5,5,5,5,2,2,5,5,5,5,4,4,4,4,4,4,4,4,3,3,3,3,3,3,3,3","0.000640869140625","louvain","edit-xhwikibooks.graphml"
"0.58","0.2","0.22","0.417397601995655","1,1,2,2,2,3,2,3,3,3,2,2,3,3,3,3,3,2,4,2,5,1,3,3,3,3,3,3,1,3,2,4,2,2,4,4,3,3,5,5,5,5,1,1,1,1,5,1,1,1,5,5,5,5,5,1,1,1,1,5,3,5,5,3,3,5,5,5,5,5,1,5,3,3,5,5,5,5,5,5,5,3,3,3,3,1,5,5,5,5,3,2,4,5,5,5,3,5,5,5,5,5,5,5,5,5,5,2,2,5,5,5,5,4,4,4,4,4,4,4,4,3,3,3,3,3,3,3,3","0.000535011291503906","louvain","edit-xhwikibooks.graphml"
"0.57","0.21","0.22","0.413018566501267","1,1,2,2,2,3,2,3,3,3,2,2,3,3,3,3,3,2,4,2,5,1,3,3,3,3,3,3,1,3,2,4,2,2,4,4,3,3,5,5,5,5,1,1,1,1,5,1,1,1,5,5,5,5,5,1,1,1,1,5,3,5,5,3,3,5,5,5,5,5,1,5,3,3,5,5,5,5,5,5,5,3,3,3,3,1,5,5,5,5,3,2,4,5,5,5,3,5,5,5,5,5,5,5,5,5,5,2,2,5,5,5,5,4,4,4,4,4,4,4,4,3,3,3,3,3,3,3,3","0.000541925430297852","louvain","edit-xhwikibooks.graphml"
"0.56","0.22","0.22","0.413018566501267","1,1,2,2,2,3,2,3,3,3,2,2,3,3,3,3,3,2,4,2,5,1,3,3,3,3,3,3,1,3,2,4,2,2,4,4,3,3,5,5,5,5,1,1,1,1,5,1,1,1,5,5,5,5,5,1,1,1,1,5,3,5,5,3,3,5,5,5,5,5,1,5,3,3,5,5,5,5,5,5,5,3,3,3,3,1,5,5,5,5,3,2,4,5,5,5,3,5,5,5,5,5,5,5,5,5,5,2,2,5,5,5,5,4,4,4,4,4,4,4,4,3,3,3,3,3,3,3,3","0.000500917434692383","louvain","edit-xhwikibooks.graphml"
"0.55","0.23","0.22","0.409289172718925","1,1,2,2,2,3,2,3,3,3,2,2,3,3,3,3,3,2,4,2,5,1,3,3,3,3,3,3,1,3,2,4,2,2,4,4,3,3,5,5,5,5,1,1,1,1,5,1,1,1,5,5,5,5,5,1,1,1,1,5,6,5,5,3,3,5,5,5,5,5,1,5,3,3,5,5,5,5,5,5,5,3,3,3,3,7,5,5,5,5,8,9,10,5,5,5,3,5,5,5,5,5,5,5,5,5,5,2,2,5,5,5,5,4,4,4,4,4,4,4,4,3,3,3,3,3,3,3,3","0.000530004501342773","louvain","edit-xhwikibooks.graphml"
"0.54","0.24","0.22","0.410663369465063","1,1,2,2,2,3,2,3,3,3,2,2,3,3,3,3,3,2,4,2,5,1,3,3,3,3,3,3,1,3,2,4,2,2,4,4,3,3,5,5,5,5,1,1,1,1,5,1,1,1,5,5,5,5,5,1,1,1,1,5,6,5,5,3,3,5,5,5,5,5,1,5,3,3,5,5,5,5,5,5,5,3,3,3,3,7,5,5,5,5,8,9,10,5,5,5,3,5,5,5,5,5,5,5,5,5,5,2,2,5,5,5,5,4,4,4,4,4,4,4,4,3,3,3,3,3,3,3,3","0.000489950180053711","louvain","edit-xhwikibooks.graphml"
"0.53","0.25","0.22","0.414129212274099","1,1,2,2,2,3,2,3,3,3,2,2,3,3,3,3,3,2,4,2,5,1,3,3,3,3,3,3,1,3,2,4,2,2,4,4,3,3,5,5,5,5,1,1,1,1,5,1,1,1,5,5,5,5,5,1,1,1,1,5,6,5,5,3,3,5,5,5,5,5,1,5,3,3,5,5,5,5,5,5,5,3,3,3,3,7,5,5,5,5,8,9,10,5,5,5,3,5,5,5,5,5,5,5,5,5,5,2,2,5,5,5,5,4,4,4,4,4,4,4,4,3,3,3,3,3,3,3,3","0.000536918640136719","louvain","edit-xhwikibooks.graphml"
"0.52","0.26","0.22","0.415635544507152","1,1,2,2,2,3,2,3,3,3,2,2,3,3,3,3,3,2,4,2,5,1,3,3,3,3,3,3,1,3,2,4,2,2,4,4,3,3,5,5,5,5,1,1,1,1,5,1,1,1,5,5,5,5,5,1,1,1,1,5,6,5,5,3,3,5,5,5,5,5,1,5,3,3,5,5,5,5,5,5,5,3,3,3,3,7,5,5,5,5,8,9,10,5,5,5,3,5,5,5,5,5,5,5,5,5,5,2,2,5,5,5,5,4,4,4,4,4,4,4,4,3,3,3,3,3,3,3,3","0.000547885894775391","louvain","edit-xhwikibooks.graphml"
"0.51","0.27","0.22","0.415635544507152","1,1,2,2,2,3,2,3,3,3,2,2,3,3,3,3,3,2,4,2,5,1,3,3,3,3,3,3,1,3,2,4,2,2,4,4,3,3,5,5,5,5,1,1,1,1,5,1,1,1,5,5,5,5,5,1,1,1,1,5,6,5,5,3,3,5,5,5,5,5,1,5,3,3,5,5,5,5,5,5,5,3,3,3,3,7,5,5,5,5,8,9,10,5,5,5,3,5,5,5,5,5,5,5,5,5,5,2,2,5,5,5,5,4,4,4,4,4,4,4,4,3,3,3,3,3,3,3,3","0.000518083572387695","louvain","edit-xhwikibooks.graphml"
"0.5","0.28","0.22","0.415196477128696","1,1,2,2,2,3,2,3,3,3,2,2,3,3,3,3,3,2,4,2,5,1,3,3,3,3,3,3,1,3,2,4,2,2,4,4,3,3,5,5,5,5,1,1,1,1,5,1,1,1,5,5,5,5,5,1,1,1,1,5,6,5,5,3,3,5,5,5,5,5,1,5,3,3,5,5,5,5,5,5,5,3,3,3,3,7,5,5,5,5,8,9,10,5,5,5,3,5,5,5,5,5,5,5,5,5,5,2,2,5,5,5,5,4,4,4,4,4,4,4,4,3,3,3,3,3,3,3,3","0.000530004501342773","louvain","edit-xhwikibooks.graphml"
"0.49","0.29","0.22","0.417826831412837","1,1,2,2,2,3,2,3,3,3,2,2,3,3,3,3,3,2,4,2,5,1,3,3,3,3,3,3,1,3,2,4,2,2,4,4,3,3,5,5,5,5,1,1,1,1,5,1,1,1,5,5,5,5,5,1,1,1,1,5,6,5,5,3,3,5,5,5,5,5,1,5,3,3,5,5,5,5,5,5,5,3,3,3,3,7,5,5,5,5,8,9,10,5,5,5,3,5,5,5,5,5,5,5,5,5,5,2,2,5,5,5,5,4,4,4,4,4,4,4,4,3,3,3,3,3,3,3,3","0.000518083572387695","louvain","edit-xhwikibooks.graphml"
"0.48","0.3","0.22","0.417388166056238","1,1,2,2,2,3,2,3,3,3,2,2,3,3,3,3,3,2,4,2,5,1,3,3,3,3,3,3,1,3,2,4,2,2,4,4,3,3,5,5,5,5,1,1,1,1,5,1,1,1,5,5,5,5,5,1,1,1,1,5,6,5,5,3,3,5,5,5,5,5,1,5,3,3,5,5,5,5,5,5,5,3,3,3,3,7,5,5,5,5,8,9,10,5,5,5,3,5,5,5,5,5,5,5,5,5,5,2,2,5,5,5,5,4,4,4,4,4,4,4,4,3,3,3,3,3,3,3,3","0.000510931015014648","louvain","edit-xhwikibooks.graphml"
"0.47","0.31","0.22","0.418721429242096","1,1,2,2,2,3,2,3,3,3,2,2,3,3,3,3,3,2,4,2,5,1,3,3,3,3,3,3,1,3,2,4,2,2,4,4,3,3,5,5,5,5,1,1,1,1,5,1,1,1,5,5,5,5,5,1,1,1,1,5,6,5,5,3,3,5,5,5,5,5,1,5,3,3,5,5,5,5,5,5,5,3,3,3,3,7,5,5,5,5,8,9,10,5,5,5,3,5,5,5,5,5,5,5,5,5,5,2,2,5,5,5,5,4,4,4,4,4,4,4,4,3,3,3,3,3,3,3,3","0.000493049621582031","louvain","edit-xhwikibooks.graphml"
"0.46","0.32","0.22","0.418283319012052","1,1,2,2,2,3,2,3,3,3,2,2,3,3,3,3,3,2,4,2,5,1,3,3,3,3,3,3,1,3,2,4,2,2,4,4,3,3,5,5,5,5,1,1,1,1,5,1,1,1,5,5,5,5,5,1,1,1,1,5,6,5,5,3,3,5,5,5,5,5,1,5,3,3,5,5,5,5,5,5,5,3,3,3,3,7,5,5,5,5,8,9,10,5,5,5,3,5,5,5,5,5,5,5,5,5,5,2,2,5,5,5,5,4,4,4,4,4,4,4,4,3,3,3,3,3,3,3,3","0.000504970550537109","louvain","edit-xhwikibooks.graphml"
"0.45","0.33","0.22","0.414655930399371","1,1,2,2,2,3,2,3,3,3,2,2,3,3,3,4,3,2,5,2,6,1,3,3,3,3,3,4,1,3,2,5,2,2,5,5,3,3,6,6,6,6,1,1,1,1,6,1,1,1,6,6,6,6,6,1,1,1,1,6,7,6,6,3,3,6,6,6,6,6,1,6,3,3,6,6,6,6,6,6,6,3,4,4,4,8,6,6,6,6,9,10,11,6,6,6,4,6,6,6,6,6,6,6,6,6,6,2,2,6,6,6,6,5,5,5,5,5,5,5,5,3,3,3,3,3,3,3,3","0.000571012496948242","louvain","edit-xhwikibooks.graphml"
"0.44","0.34","0.22","0.433030222222222","1,1,2,2,2,3,2,3,3,3,2,2,3,3,3,4,3,2,5,2,6,1,3,3,3,3,3,4,1,3,2,5,2,2,5,5,3,3,6,6,6,6,1,1,1,1,6,1,1,1,6,6,6,6,6,1,1,1,1,6,7,6,6,3,3,6,6,6,6,6,1,6,3,3,6,6,6,6,6,6,6,3,4,4,4,8,6,6,6,6,9,10,11,6,6,6,4,6,6,6,6,6,6,6,6,6,6,2,2,6,6,6,6,5,5,5,5,5,5,5,5,3,3,3,3,3,3,3,3","0.000669956207275391","louvain","edit-xhwikibooks.graphml"
"0.43","0.35","0.22","0.454342676588326","1,1,2,2,2,3,2,3,3,3,2,2,3,3,3,4,3,2,5,2,6,1,3,3,3,3,3,4,1,3,2,5,2,2,5,5,3,3,6,6,6,6,1,1,1,1,6,1,1,1,6,6,6,6,6,1,1,1,1,6,7,6,6,3,3,6,6,6,6,6,1,6,3,3,6,6,6,6,6,6,6,3,4,4,4,8,6,6,6,6,9,10,11,6,6,6,4,6,6,6,6,6,6,6,6,6,6,2,2,6,6,6,6,5,5,5,5,5,5,5,5,3,3,3,3,3,3,3,3","0.000503063201904297","louvain","edit-xhwikibooks.graphml"
"0.42","0.36","0.22","0.455130648669037","1,1,2,2,2,3,2,3,3,3,2,2,3,3,3,4,3,2,5,2,6,1,3,3,3,3,3,4,1,3,2,5,2,2,5,5,3,3,6,6,6,6,1,1,1,1,6,1,1,1,6,6,6,6,6,1,1,1,1,6,7,6,6,3,3,6,6,6,6,6,1,6,3,3,6,6,6,6,6,6,6,3,4,4,4,8,6,6,6,6,9,10,11,6,6,6,4,6,6,6,6,6,6,6,6,6,6,2,2,6,6,6,6,5,5,5,5,5,5,5,5,3,3,3,3,3,3,3,3","0.000559091567993164","louvain","edit-xhwikibooks.graphml"
"0.41","0.37","0.22","0.455130648669037","1,1,2,2,2,3,2,3,3,3,2,2,3,3,3,4,3,2,5,2,6,1,3,3,3,3,3,4,1,3,2,5,2,2,5,5,3,3,6,6,6,6,1,1,1,1,6,1,1,1,6,6,6,6,6,1,1,1,1,6,7,6,6,3,3,6,6,6,6,6,1,6,3,3,6,6,6,6,6,6,6,3,4,4,4,8,6,6,6,6,9,10,11,6,6,6,4,6,6,6,6,6,6,6,6,6,6,2,2,6,6,6,6,5,5,5,5,5,5,5,5,3,3,3,3,3,3,3,3","0.000520944595336914","louvain","edit-xhwikibooks.graphml"
"0.4","0.38","0.22","0.454648303787744","1,1,2,2,2,3,2,3,3,3,2,2,3,3,3,4,3,2,5,2,6,1,3,3,3,3,3,4,1,3,2,5,2,2,5,5,3,3,6,6,6,6,1,1,1,1,6,1,1,1,6,6,6,6,6,1,1,1,1,6,7,6,6,3,3,6,6,6,6,6,1,6,3,3,6,6,6,6,6,6,6,3,4,4,4,8,6,6,6,6,9,10,11,6,6,6,4,6,6,6,6,6,6,6,6,6,6,2,2,6,6,6,6,5,5,5,5,5,5,5,5,3,3,3,3,3,3,3,3","0.000488996505737305","louvain","edit-xhwikibooks.graphml"
"0.39","0.39","0.22","0.455910458361263","1,1,2,2,2,3,2,3,3,3,2,2,3,3,3,4,3,2,5,2,6,1,3,3,3,3,3,4,1,3,2,5,2,2,5,5,3,3,6,6,6,6,1,1,1,1,6,1,1,1,6,6,6,6,6,1,1,1,1,6,7,6,6,3,3,6,6,6,6,6,1,6,3,3,6,6,6,6,6,6,6,3,4,4,4,8,6,6,6,6,9,10,11,6,6,6,4,6,6,6,6,6,6,6,6,6,6,2,2,6,6,6,6,5,5,5,5,5,5,5,5,3,3,3,3,3,3,3,3","0.000535964965820312","louvain","edit-xhwikibooks.graphml"
"0.38","0.4","0.22","0.457831623216444","1,1,2,2,2,3,2,3,3,3,2,2,3,3,3,4,3,2,5,2,6,1,3,3,3,3,3,4,1,3,2,5,2,2,5,5,3,3,6,6,6,6,1,1,1,1,6,1,1,1,6,6,6,6,6,1,1,1,1,6,7,6,6,3,3,6,6,6,6,6,1,6,3,3,6,6,6,6,6,6,6,3,4,4,4,8,6,6,6,6,9,10,11,6,6,6,4,6,6,6,6,6,6,6,6,6,6,2,2,6,6,6,6,5,5,5,5,5,5,5,5,3,3,3,3,3,3,3,3","0.000494003295898438","louvain","edit-xhwikibooks.graphml"
"0.37","0.41","0.22","0.457831623216444","1,1,2,2,2,3,2,3,3,3,2,2,3,3,3,4,3,2,5,2,6,1,3,3,3,3,3,4,1,3,2,5,2,2,5,5,3,3,6,6,6,6,1,1,1,1,6,1,1,1,6,6,6,6,6,1,1,1,1,6,7,6,6,3,3,6,6,6,6,6,1,6,3,3,6,6,6,6,6,6,6,3,4,4,4,8,6,6,6,6,9,10,11,6,6,6,4,6,6,6,6,6,6,6,6,6,6,2,2,6,6,6,6,5,5,5,5,5,5,5,5,3,3,3,3,3,3,3,3","0.00049281120300293","louvain","edit-xhwikibooks.graphml"
"0.36","0.42","0.22","0.456595797563439","1,1,2,2,2,3,2,3,3,3,2,2,3,3,3,3,3,2,4,2,5,1,3,3,3,3,3,3,1,3,2,4,2,2,4,4,3,3,5,5,5,5,1,1,1,1,5,1,1,1,5,5,5,5,5,1,1,1,1,5,6,5,5,3,3,5,5,5,5,5,1,5,3,3,5,5,5,5,5,5,5,3,3,3,3,7,5,5,5,5,8,9,10,5,5,5,3,5,5,5,5,5,5,5,5,5,5,2,2,5,5,5,5,4,4,4,4,4,4,4,4,3,3,3,3,3,3,3,3","0.000588893890380859","louvain","edit-xhwikibooks.graphml"
"0.35","0.43","0.22","0.458604871658185","1,1,2,2,2,3,2,3,3,3,2,2,3,3,3,4,3,2,5,2,6,1,3,3,3,3,3,4,1,3,2,5,2,2,5,5,3,3,6,6,6,6,1,1,1,1,6,1,1,1,6,6,6,6,6,1,1,1,1,6,7,6,6,3,3,6,6,6,6,6,1,6,3,3,6,6,6,6,6,6,6,3,4,4,4,8,6,6,6,6,9,10,11,6,6,6,4,6,6,6,6,6,6,6,6,6,6,2,2,6,6,6,6,5,5,5,5,5,5,5,5,3,3,3,3,3,3,3,3","0.000504970550537109","louvain","edit-xhwikibooks.graphml"
"0.34","0.44","0.22","0.458146003499439","1,1,2,2,2,3,2,3,3,3,2,2,3,3,3,4,3,2,5,2,6,1,3,3,3,3,3,4,1,3,2,5,2,2,5,5,7,3,6,6,6,6,1,1,1,1,6,1,1,1,6,6,6,6,6,1,1,1,1,6,8,6,6,3,3,6,6,6,6,6,1,6,3,3,6,6,6,6,6,6,6,3,4,4,4,9,6,6,6,6,10,11,12,6,6,6,4,6,6,6,6,6,6,6,6,6,6,2,2,6,6,6,6,5,5,5,5,5,5,5,5,7,7,7,7,7,7,7,7","0.000489950180053711","louvain","edit-xhwikibooks.graphml"
"0.33","0.45","0.22","0.449746808015472","1,1,2,2,2,3,2,3,3,3,2,2,3,3,3,3,4,2,5,2,6,1,3,3,3,3,3,3,1,7,8,5,2,2,5,5,9,3,6,6,6,6,1,1,1,1,6,1,1,1,6,6,6,6,6,1,1,1,1,6,10,6,6,11,12,6,6,6,6,6,1,6,3,3,6,6,6,6,6,6,6,13,3,3,3,14,6,6,6,6,15,16,17,6,6,6,18,6,6,6,6,6,6,6,6,6,6,19,20,6,6,6,6,5,5,5,5,5,5,5,5,9,9,9,9,9,9,9,9","0.000502824783325195","louvain","edit-xhwikibooks.graphml"
"0.32","0.46","0.22","0.449241670984637","1,1,2,2,2,3,2,3,3,3,2,2,3,3,3,4,5,2,6,2,7,1,3,3,3,3,3,4,1,8,9,6,2,2,6,6,3,3,7,7,7,7,1,1,1,1,7,1,1,1,7,7,7,7,7,1,1,1,1,7,10,7,7,11,12,7,7,7,7,7,1,7,3,3,7,7,7,7,7,7,7,13,4,4,4,14,7,7,7,7,15,16,17,7,7,7,18,7,7,7,7,7,7,7,7,7,7,19,20,7,7,7,7,6,6,6,6,6,6,6,6,3,3,3,3,3,3,3,3","0.000503063201904297","louvain","edit-xhwikibooks.graphml"
"0.31","0.47","0.22","0.450535047400172","1,1,2,2,2,3,2,3,3,3,2,2,3,3,3,3,4,2,5,2,6,1,3,3,3,3,3,3,1,7,8,5,2,2,5,5,9,3,6,6,6,6,1,1,1,1,6,1,1,1,6,6,6,6,6,1,1,1,1,6,10,6,6,11,12,6,6,6,6,6,1,6,3,3,6,6,6,6,6,6,6,13,3,3,3,14,6,6,6,6,15,16,17,6,6,6,18,6,6,6,6,6,6,6,6,6,6,19,20,6,6,6,6,5,5,5,5,5,5,5,5,9,9,9,9,9,9,9,9","0.000504016876220703","louvain","edit-xhwikibooks.graphml"
"0.3","0.48","0.22","0.45003889146397","1,1,2,2,2,3,2,3,3,3,2,2,3,3,3,4,5,2,6,2,7,1,3,3,3,3,3,4,1,8,9,6,2,2,6,6,3,3,7,7,7,7,1,1,1,1,7,1,1,1,7,7,7,7,7,1,1,1,1,7,10,7,7,11,12,7,7,7,7,7,1,7,3,3,7,7,7,7,7,7,7,13,4,4,4,14,7,7,7,7,15,16,17,7,7,7,18,7,7,7,7,7,7,7,7,7,7,19,20,7,7,7,7,6,6,6,6,6,6,6,6,3,3,3,3,3,3,3,3","0.00049281120300293","louvain","edit-xhwikibooks.graphml"
"0.29","0.49","0.22","0.45003889146397","1,1,2,2,2,3,2,3,3,3,2,2,3,3,3,4,5,2,6,2,7,1,3,3,3,3,3,4,1,8,9,6,2,2,6,6,3,3,7,7,7,7,1,1,1,1,7,1,1,1,7,7,7,7,7,1,1,1,1,7,10,7,7,11,12,7,7,7,7,7,1,7,3,3,7,7,7,7,7,7,7,13,4,4,4,14,7,7,7,7,15,16,17,7,7,7,18,7,7,7,7,7,7,7,7,7,7,19,20,7,7,7,7,6,6,6,6,6,6,6,6,3,3,3,3,3,3,3,3","0.000479936599731445","louvain","edit-xhwikibooks.graphml"
"0.28","0.5","0.22","0.500085309824174","1,1,2,2,2,3,2,3,3,3,2,2,3,3,3,4,5,2,6,2,7,1,3,3,3,3,3,4,1,8,9,6,2,2,6,6,10,3,7,7,7,7,1,1,1,1,7,1,1,1,7,7,7,7,7,1,1,1,1,7,11,7,7,12,13,7,7,7,7,7,1,7,3,3,7,7,7,7,7,7,7,14,4,4,4,15,7,7,7,7,16,17,18,7,7,7,19,7,7,7,7,7,7,7,7,7,7,20,21,7,7,7,7,6,6,6,6,6,6,6,6,10,10,10,10,10,10,10,10","0.000489950180053711","louvain","edit-xhwikibooks.graphml"
"0.27","0.51","0.22","0.500085309824174","1,1,2,2,2,3,2,3,3,3,2,2,3,3,3,4,5,2,6,2,7,1,3,3,3,3,3,4,1,8,9,6,2,2,6,6,10,3,7,7,7,7,1,1,1,1,7,1,1,1,7,7,7,7,7,1,1,1,1,7,11,7,7,12,13,7,7,7,7,7,1,7,3,3,7,7,7,7,7,7,7,14,4,4,4,15,7,7,7,7,16,17,18,7,7,7,19,7,7,7,7,7,7,7,7,7,7,20,21,7,7,7,7,6,6,6,6,6,6,6,6,10,10,10,10,10,10,10,10","0.000523090362548828","louvain","edit-xhwikibooks.graphml"
"0.26","0.52","0.22","0.500085309824174","1,1,2,2,2,3,2,3,3,3,2,2,3,3,3,4,5,2,6,2,7,1,3,3,3,3,3,4,1,8,9,6,2,2,6,6,10,3,7,7,7,7,1,1,1,1,7,1,1,1,7,7,7,7,7,1,1,1,1,7,11,7,7,12,13,7,7,7,7,7,1,7,3,3,7,7,7,7,7,7,7,14,4,4,4,15,7,7,7,7,16,17,18,7,7,7,19,7,7,7,7,7,7,7,7,7,7,20,21,7,7,7,7,6,6,6,6,6,6,6,6,10,10,10,10,10,10,10,10","0.000604867935180664","louvain","edit-xhwikibooks.graphml"
"0.25","0.53","0.22","0.498532143334576","1,1,2,2,2,3,2,3,3,3,2,2,3,3,3,4,5,2,6,2,7,1,3,3,3,3,3,4,1,8,9,6,2,2,6,6,10,3,7,7,7,7,1,1,1,1,7,1,1,1,7,7,7,7,7,1,1,1,1,7,11,7,7,12,13,7,7,7,7,7,1,7,3,3,7,7,7,7,7,7,7,14,4,4,4,15,7,7,7,7,16,17,18,7,7,7,19,7,7,7,7,7,7,7,7,7,7,20,21,7,7,7,7,6,6,6,6,6,6,6,6,10,10,10,10,10,10,10,10","0.000625133514404297","louvain","edit-xhwikibooks.graphml"
"0.24","0.54","0.22","0.499605280470155","1,1,2,2,2,3,2,3,3,3,2,2,3,3,3,4,5,2,6,2,7,1,3,3,3,3,3,4,1,8,9,6,2,2,6,6,10,3,7,7,7,7,1,1,1,1,7,1,1,1,7,7,7,7,7,1,1,1,1,7,11,7,7,12,13,7,7,7,7,7,1,7,3,3,7,7,7,7,7,7,7,14,4,4,4,15,7,7,7,7,16,17,18,7,7,7,19,7,7,7,7,7,7,7,7,7,7,20,21,7,7,7,7,6,6,6,6,6,6,6,6,10,10,10,10,10,10,10,10","0.000492095947265625","louvain","edit-xhwikibooks.graphml"
"0.23","0.55","0.22","0.496080487494341","1,1,2,2,2,3,2,3,3,3,2,2,3,3,3,4,5,2,6,2,7,1,3,3,3,3,3,4,1,8,9,6,2,2,6,6,10,3,7,7,7,7,1,1,1,1,7,1,1,1,7,7,7,7,7,1,1,1,1,7,11,7,7,12,13,7,7,7,7,7,1,7,3,3,7,7,7,7,7,7,7,14,4,4,4,15,7,7,7,7,16,17,18,7,7,7,19,7,7,7,7,7,7,7,7,7,7,20,21,7,7,7,7,6,6,6,6,6,6,6,6,10,10,10,10,10,10,10,10","0.000477790832519531","louvain","edit-xhwikibooks.graphml"
"0.22","0.56","0.22","0.500443541614177","1,1,2,2,2,3,2,3,3,3,2,2,3,3,3,4,5,2,6,2,7,1,3,3,3,3,3,4,1,8,9,6,2,2,6,6,10,3,7,7,7,7,1,1,1,1,7,1,1,1,7,7,7,7,7,1,1,1,1,7,11,7,7,12,13,7,7,7,7,7,1,7,3,3,7,7,7,7,7,7,7,14,4,4,4,15,7,7,7,7,16,17,18,7,7,7,19,7,7,7,7,7,7,7,7,7,7,20,21,7,7,7,7,6,6,6,6,6,6,6,6,10,10,10,10,10,10,10,10","0.000481128692626953","louvain","edit-xhwikibooks.graphml"
"0.21","0.57","0.22","0.500443541614177","1,1,2,2,2,3,2,3,3,3,2,2,3,3,3,4,5,2,6,2,7,1,3,3,3,3,3,4,1,8,9,6,2,2,6,6,10,3,7,7,7,7,1,1,1,1,7,1,1,1,7,7,7,7,7,1,1,1,1,7,11,7,7,12,13,7,7,7,7,7,1,7,3,3,7,7,7,7,7,7,7,14,4,4,4,15,7,7,7,7,16,17,18,7,7,7,19,7,7,7,7,7,7,7,7,7,7,20,21,7,7,7,7,6,6,6,6,6,6,6,6,10,10,10,10,10,10,10,10","0.000541925430297852","louvain","edit-xhwikibooks.graphml"
"0.2","0.58","0.22","0.502517561142014","1,1,2,2,2,3,2,3,3,3,2,2,3,3,3,4,5,2,6,2,7,1,3,3,3,3,3,4,1,8,9,6,2,2,6,6,10,3,7,7,7,7,1,1,1,1,7,1,1,1,7,7,7,7,7,1,1,1,1,7,11,7,7,12,13,7,7,7,7,7,1,7,3,3,7,7,7,7,7,7,7,14,4,4,4,15,7,7,7,7,16,17,18,7,7,7,19,7,7,7,7,7,7,7,7,7,7,20,21,7,7,7,7,6,6,6,6,6,6,6,6,10,10,10,10,10,10,10,10","0.000479936599731445","louvain","edit-xhwikibooks.graphml"
"0.19","0.59","0.22","0.502037907863651","1,1,2,2,2,3,2,3,3,3,2,2,3,3,3,4,5,2,6,2,7,1,3,3,3,3,3,4,1,8,9,6,2,2,6,6,10,3,7,7,7,7,1,1,1,1,7,1,1,1,7,7,7,7,7,1,1,1,1,7,11,7,7,12,13,7,7,7,7,7,1,7,3,3,7,7,7,7,7,7,7,14,4,4,4,15,7,7,7,7,16,17,18,7,7,7,19,7,7,7,7,7,7,7,7,7,7,20,21,7,7,7,7,6,6,6,6,6,6,6,6,10,10,10,10,10,10,10,10","0.000483036041259766","louvain","edit-xhwikibooks.graphml"
"0.18","0.6","0.22","0.505624789027356","1,1,2,2,2,2,2,3,2,2,2,2,3,3,3,2,4,2,5,2,6,1,3,3,3,3,3,2,1,7,8,5,2,2,5,5,3,3,6,6,6,6,1,1,1,1,6,1,1,1,6,6,6,6,6,1,1,1,1,6,9,6,6,10,11,6,6,6,6,6,1,6,3,3,6,6,6,6,6,6,6,12,2,2,2,13,6,6,6,6,14,15,16,6,6,6,17,6,6,6,6,6,6,6,6,6,6,18,19,6,6,6,6,5,5,5,5,5,5,5,5,3,3,3,3,3,3,3,3","0.000500917434692383","louvain","edit-xhwikibooks.graphml"
"0.17","0.61","0.22","0.50515056624451","1,1,2,2,2,2,2,3,2,2,2,2,3,3,3,2,4,2,5,2,6,1,3,3,3,3,3,2,1,7,8,5,2,2,5,5,3,3,6,6,6,6,1,1,1,1,6,1,1,1,6,6,6,6,6,1,1,1,1,6,9,6,6,10,11,6,6,6,6,6,1,6,3,3,6,6,6,6,6,6,6,12,2,2,2,13,6,6,6,6,14,15,16,6,6,6,17,6,6,6,6,6,6,6,6,6,6,18,19,6,6,6,6,5,5,5,5,5,5,5,5,3,3,3,3,3,3,3,3","0.000531911849975586","louvain","edit-xhwikibooks.graphml"
"0.16","0.62","0.22","0.505935452701406","1,1,2,2,2,3,2,3,3,3,2,2,3,3,3,4,5,2,6,2,7,1,3,3,3,3,3,4,1,8,9,6,2,2,6,6,10,3,7,7,7,7,1,1,1,1,7,1,1,1,7,7,7,7,7,1,1,1,1,7,11,7,7,12,13,7,7,7,7,7,1,7,3,3,7,7,7,7,7,7,7,14,4,4,4,15,7,7,7,7,16,17,18,7,7,7,19,7,7,7,7,7,7,7,7,7,7,20,21,7,7,7,7,6,6,6,6,6,6,6,6,10,10,10,10,10,10,10,10","0.000522136688232422","louvain","edit-xhwikibooks.graphml"
"0.15","0.63","0.22","0.505721730958178","1,1,2,2,2,2,2,3,2,2,2,2,3,3,3,2,4,2,5,2,6,1,3,3,3,3,3,2,1,7,8,5,2,2,5,5,3,3,6,6,6,6,1,1,1,1,6,1,1,1,6,6,6,6,6,1,1,1,1,6,9,6,6,10,11,6,6,6,6,6,1,6,3,3,6,6,6,6,6,6,6,12,2,2,2,13,6,6,6,6,14,15,16,6,6,6,17,6,6,6,6,6,6,6,6,6,6,18,19,6,6,6,6,5,5,5,5,5,5,5,5,3,3,3,3,3,3,3,3","0.000494003295898438","louvain","edit-xhwikibooks.graphml"
"0.14","0.64","0.22","0.505721730958178","1,1,2,2,2,2,2,3,2,2,2,2,3,3,3,2,4,2,5,2,6,1,3,3,3,3,3,2,1,7,8,5,2,2,5,5,3,3,6,6,6,6,1,1,1,1,6,1,1,1,6,6,6,6,6,1,1,1,1,6,9,6,6,10,11,6,6,6,6,6,1,6,3,3,6,6,6,6,6,6,6,12,2,2,2,13,6,6,6,6,14,15,16,6,6,6,17,6,6,6,6,6,6,6,6,6,6,18,19,6,6,6,6,5,5,5,5,5,5,5,5,3,3,3,3,3,3,3,3","0.000514984130859375","louvain","edit-xhwikibooks.graphml"
"0.13","0.65","0.22","0.486249325727721","1,1,2,2,2,2,2,3,2,2,2,2,3,3,3,2,4,2,5,2,6,1,3,3,3,3,3,2,1,7,8,5,2,2,5,5,3,3,6,6,6,6,1,1,1,1,6,1,1,1,6,6,6,6,6,1,1,1,1,6,9,6,6,10,11,6,6,6,6,6,1,6,3,3,6,6,6,6,6,6,6,12,2,2,2,13,6,6,6,6,14,15,16,6,6,6,17,6,6,6,6,6,6,6,6,6,6,18,19,6,6,6,6,5,5,5,5,5,5,5,5,3,3,3,3,3,3,3,3","0.000509023666381836","louvain","edit-xhwikibooks.graphml"
"0.12","0.66","0.22","0.486249325727721","1,1,2,2,2,2,2,3,2,2,2,2,3,3,3,2,4,2,5,2,6,1,3,3,3,3,3,2,1,7,8,5,2,2,5,5,3,3,6,6,6,6,1,1,1,1,6,1,1,1,6,6,6,6,6,1,1,1,1,6,9,6,6,10,11,6,6,6,6,6,1,6,3,3,6,6,6,6,6,6,6,12,2,2,2,13,6,6,6,6,14,15,16,6,6,6,17,6,6,6,6,6,6,6,6,6,6,18,19,6,6,6,6,5,5,5,5,5,5,5,5,3,3,3,3,3,3,3,3","0.000512838363647461","louvain","edit-xhwikibooks.graphml"
"0.11","0.67","0.22","0.487930381194773","1,1,1,2,3,2,4,5,2,2,4,6,5,5,5,2,7,8,9,10,11,1,12,5,5,5,5,2,1,13,14,15,10,16,9,9,17,5,11,11,11,11,1,1,1,1,11,1,1,1,11,11,11,11,11,1,1,1,1,11,18,11,11,19,20,11,11,11,11,11,1,11,21,22,11,11,11,11,11,11,11,23,24,25,26,27,11,11,11,11,28,29,30,11,11,11,31,11,11,11,11,11,11,11,11,11,11,32,33,11,11,11,11,9,9,9,9,9,9,9,9,17,17,17,17,17,17,17,17","0.000504016876220703","louvain","edit-xhwikibooks.graphml"
"0.1","0.68","0.22","0.487930381194773","1,1,1,2,3,2,4,5,2,2,4,6,5,5,5,2,7,8,9,10,11,1,12,5,5,5,5,2,1,13,14,15,10,16,9,9,17,5,11,11,11,11,1,1,1,1,11,1,1,1,11,11,11,11,11,1,1,1,1,11,18,11,11,19,20,11,11,11,11,11,1,11,21,22,11,11,11,11,11,11,11,23,24,25,26,27,11,11,11,11,28,29,30,11,11,11,31,11,11,11,11,11,11,11,11,11,11,32,33,11,11,11,11,9,9,9,9,9,9,9,9,17,17,17,17,17,17,17,17","0.000514030456542969","louvain","edit-xhwikibooks.graphml"
"0.09","0.69","0.22","0.487444763913077","1,1,1,2,3,2,4,5,2,2,4,6,5,5,5,2,7,8,9,10,11,1,12,5,5,5,5,2,1,13,14,15,10,16,9,9,17,5,11,11,11,11,1,1,1,1,11,1,1,1,11,11,11,11,11,1,1,1,1,11,18,11,11,19,20,11,11,11,11,11,1,11,21,22,11,11,11,11,11,11,11,23,24,25,26,27,11,11,11,11,28,29,30,11,11,11,31,11,11,11,11,11,11,11,11,11,11,32,33,11,11,11,11,9,9,9,9,9,9,9,9,17,17,17,17,17,17,17,17","0.000482082366943359","louvain","edit-xhwikibooks.graphml"
"0.08","0.7","0.22","0.488527111111111","1,1,1,2,3,2,4,5,2,2,4,6,5,5,5,2,7,8,9,10,11,1,12,5,5,5,5,2,1,13,14,15,10,16,9,9,5,5,11,11,11,11,1,1,1,1,11,1,1,1,11,11,11,11,11,1,1,1,1,11,17,11,11,18,19,11,11,11,11,11,1,11,20,21,11,11,11,11,11,11,11,22,23,24,25,26,11,11,11,11,27,28,29,11,11,11,30,11,11,11,11,11,11,11,11,11,11,31,32,11,11,11,11,9,9,9,9,9,9,9,9,5,5,5,5,5,5,5,5","0.000535964965820312","louvain","edit-xhwikibooks.graphml"
"0.07","0.71","0.22","0.488094879264399","1,1,1,2,3,2,4,5,2,2,4,6,5,5,5,2,7,8,9,10,11,1,12,5,5,5,5,2,1,13,14,15,10,16,9,9,17,5,11,11,11,11,1,1,1,1,11,1,1,1,11,11,11,11,11,1,1,1,1,11,18,11,11,19,20,11,11,11,11,11,1,11,21,22,11,11,11,11,11,11,11,23,24,25,26,27,11,11,11,11,28,29,30,11,11,11,31,11,11,11,11,11,11,11,11,11,11,32,33,11,11,11,11,9,9,9,9,9,9,9,9,17,17,17,17,17,17,17,17","0.000475168228149414","louvain","edit-xhwikibooks.graphml"
"0.06","0.72","0.22","0.490286750298496","1,1,1,2,3,2,4,5,2,2,4,6,5,5,5,2,7,8,9,10,11,1,12,5,5,5,5,2,1,13,14,15,10,16,9,9,17,5,11,11,11,11,1,1,1,1,11,1,1,1,11,11,11,11,11,1,1,1,1,11,18,11,11,19,20,11,11,11,11,11,1,11,21,22,11,11,11,11,11,11,11,23,24,25,26,27,11,11,11,11,28,29,30,11,11,11,31,11,11,11,11,11,11,11,11,11,11,32,33,11,11,11,11,9,9,9,9,9,9,9,9,17,17,17,17,17,17,17,17","0.000472068786621094","louvain","edit-xhwikibooks.graphml"
"0.05","0.73","0.22","0.489803277304421","1,1,1,2,3,2,4,5,2,2,4,6,5,5,5,2,7,8,9,10,11,1,12,5,5,5,5,2,1,13,14,15,10,16,9,9,17,5,11,11,11,11,1,1,1,1,11,1,1,1,11,11,11,11,11,1,1,1,1,11,18,11,11,19,20,11,11,11,11,11,1,11,21,22,11,11,11,11,11,11,11,23,24,25,26,27,11,11,11,11,28,29,30,11,11,11,31,11,11,11,11,11,11,11,11,11,11,32,33,11,11,11,11,9,9,9,9,9,9,9,9,17,17,17,17,17,17,17,17","0.000479936599731445","louvain","edit-xhwikibooks.graphml"
"0.04","0.74","0.22","0.489689824033097","1,1,1,2,3,2,4,5,2,2,4,6,5,5,5,2,7,8,9,10,11,1,12,5,5,5,5,2,1,13,14,15,10,16,9,9,5,5,11,11,11,11,1,1,1,1,11,1,1,1,11,11,11,11,11,1,1,1,1,11,17,11,11,18,19,11,11,11,11,11,1,11,20,21,11,11,11,11,11,11,11,22,23,24,25,26,11,11,11,11,27,28,29,11,11,11,30,11,11,11,11,11,11,11,11,11,11,31,32,11,11,11,11,9,9,9,9,9,9,9,9,5,5,5,5,5,5,5,5","0.000495195388793945","louvain","edit-xhwikibooks.graphml"
"0.03","0.75","0.22","0.49283630718249","1,1,1,2,3,2,4,5,2,2,4,6,5,5,5,2,7,8,9,10,11,1,12,5,5,5,5,2,1,13,14,15,10,16,9,9,17,5,11,11,11,11,1,1,1,1,11,1,1,1,11,11,11,11,11,1,1,1,1,11,18,11,11,19,20,11,11,11,11,11,1,11,21,22,11,11,11,11,11,11,11,23,24,25,26,27,11,11,11,11,28,29,30,11,11,11,31,11,11,11,11,11,11,11,11,11,11,32,33,11,11,11,11,9,9,9,9,9,9,9,9,17,17,17,17,17,17,17,17","0.000462055206298828","louvain","edit-xhwikibooks.graphml"
"0.02","0.76","0.22","0.493942692086703","1,1,1,2,3,2,4,5,2,2,4,6,5,5,5,2,7,8,9,10,11,1,12,5,5,5,5,2,1,13,14,15,10,16,9,9,17,5,11,11,11,11,1,1,1,1,11,1,1,1,11,11,11,11,11,1,1,1,1,11,18,11,11,19,20,11,11,11,11,11,1,11,21,22,11,11,11,11,11,11,11,23,24,25,26,27,11,11,11,11,28,29,30,11,11,11,31,11,11,11,11,11,11,11,11,11,11,32,33,11,11,11,11,9,9,9,9,9,9,9,9,17,17,17,17,17,17,17,17","0.000518083572387695","louvain","edit-xhwikibooks.graphml"
"0.01","0.77","0.22","0.48077987989441","1,1,1,2,3,2,4,5,2,2,4,6,5,5,5,2,7,8,9,10,11,1,12,5,5,5,5,2,1,13,14,15,10,16,9,9,5,5,11,11,11,11,1,1,1,1,11,1,1,1,11,11,11,11,11,1,1,1,1,11,17,11,11,18,19,11,11,11,11,11,1,11,20,21,11,11,11,11,11,11,11,22,23,24,25,26,11,11,11,11,27,28,29,11,11,11,30,11,11,11,11,11,11,11,11,11,11,31,32,11,11,11,11,9,9,9,9,9,9,9,9,5,5,5,5,5,5,5,5","0.00049591064453125","louvain","edit-xhwikibooks.graphml"
"0","0.78","0.22","0.485438418006139","1,1,1,2,1,2,3,4,2,2,3,5,4,4,4,2,6,7,8,9,10,1,11,4,4,4,4,2,1,12,13,14,9,15,8,8,4,4,10,10,10,10,1,1,1,1,10,1,1,1,10,10,10,10,10,1,1,1,1,10,16,10,10,17,18,10,10,10,10,10,1,10,19,20,10,10,10,10,10,10,10,21,22,23,24,25,10,10,10,10,26,27,28,10,10,10,29,10,10,10,10,10,10,10,10,10,10,30,31,10,10,10,10,8,8,8,8,8,8,8,8,4,4,4,4,4,4,4,4","0.000544071197509766","louvain","edit-xhwikibooks.graphml"
"0.77","0","0.23","0.424506143326579","1,1,2,3,2,3,2,3,3,3,2,2,3,3,3,3,3,2,4,2,5,1,3,3,3,3,3,3,1,3,2,4,2,2,4,4,3,3,5,5,5,5,1,1,1,1,5,1,1,1,5,5,5,5,5,1,1,1,1,5,3,5,5,3,3,5,5,5,5,5,1,5,3,3,5,5,5,5,5,5,5,3,3,3,3,1,5,5,5,5,3,2,4,5,5,5,3,5,5,5,5,5,5,5,5,5,5,2,2,5,5,5,5,4,4,4,4,4,4,4,4,3,3,3,3,3,3,3,3","0.000525951385498047","louvain","edit-xhwikibooks.graphml"
"0.76","0.01","0.23","0.424506143326579","1,1,2,3,2,3,2,3,3,3,2,2,3,3,3,3,3,2,4,2,5,1,3,3,3,3,3,3,1,3,2,4,2,2,4,4,3,3,5,5,5,5,1,1,1,1,5,1,1,1,5,5,5,5,5,1,1,1,1,5,3,5,5,3,3,5,5,5,5,5,1,5,3,3,5,5,5,5,5,5,5,3,3,3,3,1,5,5,5,5,3,2,4,5,5,5,3,5,5,5,5,5,5,5,5,5,5,2,2,5,5,5,5,4,4,4,4,4,4,4,4,3,3,3,3,3,3,3,3","0.000560998916625977","louvain","edit-xhwikibooks.graphml"
"0.75","0.02","0.23","0.424506143326579","1,1,2,3,2,3,2,3,3,3,2,2,3,3,3,3,3,2,4,2,5,1,3,3,3,3,3,3,1,3,2,4,2,2,4,4,3,3,5,5,5,5,1,1,1,1,5,1,1,1,5,5,5,5,5,1,1,1,1,5,3,5,5,3,3,5,5,5,5,5,1,5,3,3,5,5,5,5,5,5,5,3,3,3,3,1,5,5,5,5,3,2,4,5,5,5,3,5,5,5,5,5,5,5,5,5,5,2,2,5,5,5,5,4,4,4,4,4,4,4,4,3,3,3,3,3,3,3,3","0.000470161437988281","louvain","edit-xhwikibooks.graphml"
"0.74","0.03","0.23","0.424059985355581","1,1,2,3,2,3,2,3,3,3,2,2,3,3,3,3,3,2,4,2,5,1,3,3,3,3,3,3,1,3,2,4,2,2,4,4,3,3,5,5,5,5,1,1,1,1,5,1,1,1,5,5,5,5,5,1,1,1,1,5,3,5,5,3,3,5,5,5,5,5,1,5,3,3,5,5,5,5,5,5,5,3,3,3,3,1,5,5,5,5,3,2,4,5,5,5,3,5,5,5,5,5,5,5,5,5,5,2,2,5,5,5,5,4,4,4,4,4,4,4,4,3,3,3,3,3,3,3,3","0.000568866729736328","louvain","edit-xhwikibooks.graphml"
"0.73","0.04","0.23","0.425395861007125","1,1,2,3,2,3,2,3,3,3,2,2,3,3,3,3,3,2,4,2,5,1,3,3,3,3,3,3,1,3,2,4,2,2,4,4,3,3,5,5,5,5,1,1,1,1,5,1,1,1,5,5,5,5,5,1,1,1,1,5,3,5,5,3,3,5,5,5,5,5,1,5,3,3,5,5,5,5,5,5,5,3,3,3,3,1,5,5,5,5,3,2,4,5,5,5,3,5,5,5,5,5,5,5,5,5,5,2,2,5,5,5,5,4,4,4,4,4,4,4,4,3,3,3,3,3,3,3,3","0.000506877899169922","louvain","edit-xhwikibooks.graphml"
"0.72","0.05","0.23","0.425395861007125","1,1,2,3,2,3,2,3,3,3,2,2,3,3,3,3,3,2,4,2,5,1,3,3,3,3,3,3,1,3,2,4,2,2,4,4,3,3,5,5,5,5,1,1,1,1,5,1,1,1,5,5,5,5,5,1,1,1,1,5,3,5,5,3,3,5,5,5,5,5,1,5,3,3,5,5,5,5,5,5,5,3,3,3,3,1,5,5,5,5,3,2,4,5,5,5,3,5,5,5,5,5,5,5,5,5,5,2,2,5,5,5,5,4,4,4,4,4,4,4,4,3,3,3,3,3,3,3,3","0.00052189826965332","louvain","edit-xhwikibooks.graphml"
"0.71","0.06","0.23","0.41689371754619","1,1,1,2,1,2,1,3,2,2,1,4,3,3,3,2,2,1,3,4,5,1,3,3,3,3,3,2,1,2,1,3,4,4,3,3,6,3,5,5,5,5,1,1,1,1,5,1,1,1,5,5,5,5,5,1,1,1,1,5,3,5,5,3,3,5,5,5,5,5,1,5,3,3,5,5,5,5,5,5,5,3,2,2,2,1,5,5,5,5,2,1,3,5,5,5,2,5,5,5,5,5,5,5,5,5,5,4,4,5,5,5,5,3,3,3,3,3,3,3,3,6,6,6,6,6,6,6,6","0.000459909439086914","louvain","edit-xhwikibooks.graphml"
"0.7","0.07","0.23","0.424250293071103","1,1,2,3,2,3,2,3,3,3,4,2,3,3,3,3,3,4,4,2,5,1,3,3,3,3,3,3,1,3,4,4,2,2,4,4,3,3,5,5,5,5,1,1,1,1,5,1,1,1,5,5,5,5,5,1,1,1,1,5,3,5,5,3,3,5,5,5,5,5,1,5,3,3,5,5,5,5,5,5,5,3,3,3,3,1,5,5,5,5,3,4,4,5,5,5,3,5,5,5,5,5,5,5,5,5,5,2,2,5,5,5,5,4,4,4,4,4,4,4,4,3,3,3,3,3,3,3,3","0.000551939010620117","louvain","edit-xhwikibooks.graphml"
"0.69","0.08","0.23","0.425033070463137","1,1,2,3,2,3,2,3,3,3,2,2,3,3,3,3,3,2,4,2,5,1,3,3,3,3,3,3,1,3,2,4,2,2,4,4,3,3,5,5,5,5,1,1,1,1,5,1,1,1,5,5,5,5,5,1,1,1,1,5,3,5,5,3,3,5,5,5,5,5,1,5,3,3,5,5,5,5,5,5,5,3,3,3,3,1,5,5,5,5,3,2,4,5,5,5,3,5,5,5,5,5,5,5,5,5,5,2,2,5,5,5,5,4,4,4,4,4,4,4,4,3,3,3,3,3,3,3,3","0.000641107559204102","louvain","edit-xhwikibooks.graphml"
"0.68","0.09","0.23","0.424588102833552","1,1,2,3,2,3,2,3,3,3,2,2,3,3,3,3,3,2,4,2,5,1,3,3,3,3,3,3,1,3,2,4,2,2,4,4,3,3,5,5,5,5,1,1,1,1,5,1,1,1,5,5,5,5,5,1,1,1,1,5,3,5,5,3,3,5,5,5,5,5,1,5,3,3,5,5,5,5,5,5,5,3,3,3,3,1,5,5,5,5,3,2,4,5,5,5,3,5,5,5,5,5,5,5,5,5,5,2,2,5,5,5,5,4,4,4,4,4,4,4,4,3,3,3,3,3,3,3,3","0.0004730224609375","louvain","edit-xhwikibooks.graphml"
"0.67","0.1","0.23","0.424588102833552","1,1,2,3,2,3,2,3,3,3,2,2,3,3,3,3,3,2,4,2,5,1,3,3,3,3,3,3,1,3,2,4,2,2,4,4,3,3,5,5,5,5,1,1,1,1,5,1,1,1,5,5,5,5,5,1,1,1,1,5,3,5,5,3,3,5,5,5,5,5,1,5,3,3,5,5,5,5,5,5,5,3,3,3,3,1,5,5,5,5,3,2,4,5,5,5,3,5,5,5,5,5,5,5,5,5,5,2,2,5,5,5,5,4,4,4,4,4,4,4,4,3,3,3,3,3,3,3,3","0.0004730224609375","louvain","edit-xhwikibooks.graphml"
"0.66","0.11","0.23","0.424143977573214","1,1,2,3,2,3,2,3,3,3,2,2,3,3,3,3,3,2,4,2,5,1,3,3,3,3,3,3,1,3,2,4,2,2,4,4,3,3,5,5,5,5,1,1,1,1,5,1,1,1,5,5,5,5,5,1,1,1,1,5,3,5,5,3,3,5,5,5,5,5,1,5,3,3,5,5,5,5,5,5,5,3,3,3,3,1,5,5,5,5,3,2,4,5,5,5,3,5,5,5,5,5,5,5,5,5,5,2,2,5,5,5,5,4,4,4,4,4,4,4,4,3,3,3,3,3,3,3,3","0.000464916229248047","louvain","edit-xhwikibooks.graphml"
"0.65","0.12","0.23","0.426701458619104","1,1,2,3,2,3,2,3,3,3,2,2,3,3,3,3,3,2,4,2,5,1,3,3,3,3,3,3,1,3,2,4,2,2,4,4,3,3,5,5,5,5,1,1,1,1,5,1,1,1,5,5,5,5,5,1,1,1,1,5,3,5,5,3,3,5,5,5,5,5,1,5,3,3,5,5,5,5,5,5,5,3,3,3,3,1,5,5,5,5,3,2,4,5,5,5,3,5,5,5,5,5,5,5,5,5,5,2,2,5,5,5,5,4,4,4,4,4,4,4,4,3,3,3,3,3,3,3,3","0.000516891479492188","louvain","edit-xhwikibooks.graphml"
"0.64","0.13","0.23","0.426257897823876","1,1,2,3,2,3,2,3,3,3,2,2,3,3,3,3,3,2,4,2,5,1,3,3,3,3,3,3,1,3,2,4,2,2,4,4,3,3,5,5,5,5,1,1,1,1,5,1,1,1,5,5,5,5,5,1,1,1,1,5,3,5,5,3,3,5,5,5,5,5,1,5,3,3,5,5,5,5,5,5,5,3,3,3,3,1,5,5,5,5,3,2,4,5,5,5,3,5,5,5,5,5,5,5,5,5,5,2,2,5,5,5,5,4,4,4,4,4,4,4,4,3,3,3,3,3,3,3,3","0.000481128692626953","louvain","edit-xhwikibooks.graphml"
"0.63","0.14","0.23","0.426257897823876","1,1,2,3,2,3,2,3,3,3,2,2,3,3,3,3,3,2,4,2,5,1,3,3,3,3,3,3,1,3,2,4,2,2,4,4,3,3,5,5,5,5,1,1,1,1,5,1,1,1,5,5,5,5,5,1,1,1,1,5,3,5,5,3,3,5,5,5,5,5,1,5,3,3,5,5,5,5,5,5,5,3,3,3,3,1,5,5,5,5,3,2,4,5,5,5,3,5,5,5,5,5,5,5,5,5,5,2,2,5,5,5,5,4,4,4,4,4,4,4,4,3,3,3,3,3,3,3,3","0.000504016876220703","louvain","edit-xhwikibooks.graphml"
"0.62","0.15","0.23","0.428345505726579","1,1,2,3,2,3,2,3,3,3,2,2,3,3,3,3,3,2,4,2,5,1,3,3,3,3,3,3,1,3,2,4,2,2,4,4,3,3,5,5,5,5,1,1,1,1,5,1,1,1,5,5,5,5,5,1,1,1,1,5,3,5,5,3,3,5,5,5,5,5,1,5,3,3,5,5,5,5,5,5,5,3,3,3,3,1,5,5,5,5,3,2,4,5,5,5,3,5,5,5,5,5,5,5,5,5,5,2,2,5,5,5,5,4,4,4,4,4,4,4,4,3,3,3,3,3,3,3,3","0.000521183013916016","louvain","edit-xhwikibooks.graphml"
"0.61","0.16","0.23","0.423677015535401","1,1,2,2,2,3,2,3,3,3,2,2,3,3,3,3,3,2,4,2,5,1,3,3,3,3,3,3,1,3,2,4,2,2,4,4,3,3,5,5,5,5,1,1,1,1,5,1,1,1,5,5,5,5,5,1,1,1,1,5,3,5,5,3,3,5,5,5,5,5,1,5,3,3,5,5,5,5,5,5,5,3,3,3,3,1,5,5,5,5,3,2,4,5,5,5,3,5,5,5,5,5,5,5,5,5,5,2,2,5,5,5,5,4,4,4,4,4,4,4,4,3,3,3,3,3,3,3,3","0.000541925430297852","louvain","edit-xhwikibooks.graphml"
"0.6","0.17","0.23","0.424543477254847","1,1,2,2,2,3,2,3,3,3,2,2,3,3,3,3,3,2,4,2,5,1,3,3,3,3,3,3,1,3,2,4,2,2,4,4,3,3,5,5,5,5,1,1,1,1,5,1,1,1,5,5,5,5,5,1,1,1,1,5,3,5,5,3,3,5,5,5,5,5,1,5,3,3,5,5,5,5,5,5,5,3,3,3,3,1,5,5,5,5,3,2,4,5,5,5,3,5,5,5,5,5,5,5,5,5,5,2,2,5,5,5,5,4,4,4,4,4,4,4,4,3,3,3,3,3,3,3,3","0.000550985336303711","louvain","edit-xhwikibooks.graphml"
"0.59","0.18","0.23","0.424543477254847","1,1,2,2,2,3,2,3,3,3,2,2,3,3,3,3,3,2,4,2,5,1,3,3,3,3,3,3,1,3,2,4,2,2,4,4,3,3,5,5,5,5,1,1,1,1,5,1,1,1,5,5,5,5,5,1,1,1,1,5,3,5,5,3,3,5,5,5,5,5,1,5,3,3,5,5,5,5,5,5,5,3,3,3,3,1,5,5,5,5,3,2,4,5,5,5,3,5,5,5,5,5,5,5,5,5,5,2,2,5,5,5,5,4,4,4,4,4,4,4,4,3,3,3,3,3,3,3,3","0.000552892684936523","louvain","edit-xhwikibooks.graphml"
"0.58","0.19","0.23","0.424101340973535","1,1,2,2,2,3,2,3,3,3,2,2,3,3,3,3,3,2,4,2,5,1,3,3,3,3,3,3,1,3,2,4,2,2,4,4,3,3,5,5,5,5,1,1,1,1,5,1,1,1,5,5,5,5,5,1,1,1,1,5,3,5,5,3,3,5,5,5,5,5,1,5,3,3,5,5,5,5,5,5,5,3,3,3,3,1,5,5,5,5,3,2,4,5,5,5,3,5,5,5,5,5,5,5,5,5,5,2,2,5,5,5,5,4,4,4,4,4,4,4,4,3,3,3,3,3,3,3,3","0.000506162643432617","louvain","edit-xhwikibooks.graphml"
"0.57","0.2","0.23","0.426597924515831","1,1,2,2,2,3,2,3,3,3,2,2,3,3,3,3,3,2,4,2,5,1,3,3,3,3,3,3,1,3,2,4,2,2,4,4,3,3,5,5,5,5,1,1,1,1,5,1,1,1,5,5,5,5,5,1,1,1,1,5,3,5,5,3,3,5,5,5,5,5,1,5,3,3,5,5,5,5,5,5,5,3,3,3,3,1,5,5,5,5,3,2,4,5,5,5,3,5,5,5,5,5,5,5,5,5,5,2,2,5,5,5,5,4,4,4,4,4,4,4,4,3,3,3,3,3,3,3,3","0.000537872314453125","louvain","edit-xhwikibooks.graphml"
"0.56","0.21","0.23","0.42615647448093","1,1,2,2,2,3,2,3,3,3,2,2,3,3,3,3,3,2,4,2,5,1,3,3,3,3,3,3,1,3,2,4,2,2,4,4,3,3,5,5,5,5,1,1,1,1,5,1,1,1,5,5,5,5,5,1,1,1,1,5,3,5,5,3,3,5,5,5,5,5,1,5,3,3,5,5,5,5,5,5,5,3,3,3,3,1,5,5,5,5,3,2,4,5,5,5,3,5,5,5,5,5,5,5,5,5,5,2,2,5,5,5,5,4,4,4,4,4,4,4,4,3,3,3,3,3,3,3,3","0.000505208969116211","louvain","edit-xhwikibooks.graphml"
"0.55","0.22","0.23","0.42615647448093","1,1,2,2,2,3,2,3,3,3,2,2,3,3,3,3,3,2,4,2,5,1,3,3,3,3,3,3,1,3,2,4,2,2,4,4,3,3,5,5,5,5,1,1,1,1,5,1,1,1,5,5,5,5,5,1,1,1,1,5,3,5,5,3,3,5,5,5,5,5,1,5,3,3,5,5,5,5,5,5,5,3,3,3,3,1,5,5,5,5,3,2,4,5,5,5,3,5,5,5,5,5,5,5,5,5,5,2,2,5,5,5,5,4,4,4,4,4,4,4,4,3,3,3,3,3,3,3,3","0.000528812408447266","louvain","edit-xhwikibooks.graphml"
"0.54","0.23","0.23","0.413381461428109","1,1,2,2,2,3,2,3,3,4,2,2,3,3,3,3,4,2,3,2,5,1,3,3,3,3,3,3,1,4,2,3,2,2,3,3,6,3,5,5,5,5,1,1,1,1,5,1,1,1,5,5,5,5,5,1,1,1,1,5,3,5,5,3,3,5,5,5,5,5,1,5,3,3,5,5,5,5,5,5,5,3,3,3,3,1,5,5,5,5,4,2,3,5,5,5,3,5,5,5,5,5,5,5,5,5,5,2,2,5,5,5,5,3,3,3,3,3,3,3,3,6,6,6,6,6,6,6,6","0.000486135482788086","louvain","edit-xhwikibooks.graphml"
"0.53","0.24","0.23","0.413731541036864","1,1,2,2,2,3,2,3,3,3,2,2,3,3,3,3,3,2,4,2,5,1,3,3,3,3,3,3,1,3,2,4,2,2,4,4,3,3,5,5,5,5,1,1,1,1,5,1,1,1,5,5,5,5,5,1,1,1,1,5,6,5,5,3,3,5,5,5,5,5,1,5,3,3,5,5,5,5,5,5,5,3,3,3,3,7,5,5,5,5,8,9,10,5,5,5,3,5,5,5,5,5,5,5,5,5,5,2,2,5,5,5,5,4,4,4,4,4,4,4,4,3,3,3,3,3,3,3,3","0.000517129898071289","louvain","edit-xhwikibooks.graphml"
"0.52","0.25","0.23","0.417129899578879","1,1,2,2,2,3,2,3,3,3,2,2,3,3,3,3,3,2,4,2,5,1,3,3,3,3,3,3,1,3,2,4,2,2,4,4,3,3,5,5,5,5,1,1,1,1,5,1,1,1,5,5,5,5,5,1,1,1,1,5,6,5,5,3,3,5,5,5,5,5,1,5,3,3,5,5,5,5,5,5,5,3,3,3,3,7,5,5,5,5,8,9,10,5,5,5,3,5,5,5,5,5,5,5,5,5,5,2,2,5,5,5,5,4,4,4,4,4,4,4,4,3,3,3,3,3,3,3,3","0.000497102737426758","louvain","edit-xhwikibooks.graphml"
"0.51","0.26","0.23","0.418618560964083","1,1,2,2,2,3,2,3,3,3,2,2,3,3,3,3,3,2,4,2,5,1,3,3,3,3,3,3,1,3,2,4,2,2,4,4,3,3,5,5,5,5,1,1,1,1,5,1,1,1,5,5,5,5,5,1,1,1,1,5,6,5,5,3,3,5,5,5,5,5,1,5,3,3,5,5,5,5,5,5,5,3,3,3,3,7,5,5,5,5,8,9,10,5,5,5,3,5,5,5,5,5,5,5,5,5,5,2,2,5,5,5,5,4,4,4,4,4,4,4,4,3,3,3,3,3,3,3,3","0.000736236572265625","louvain","edit-xhwikibooks.graphml"
"0.5","0.27","0.23","0.418618560964083","1,1,2,2,2,3,2,3,3,3,2,2,3,3,3,3,3,2,4,2,5,1,3,3,3,3,3,3,1,3,2,4,2,2,4,4,3,3,5,5,5,5,1,1,1,1,5,1,1,1,5,5,5,5,5,1,1,1,1,5,6,5,5,3,3,5,5,5,5,5,1,5,3,3,5,5,5,5,5,5,5,3,3,3,3,7,5,5,5,5,8,9,10,5,5,5,3,5,5,5,5,5,5,5,5,5,5,2,2,5,5,5,5,4,4,4,4,4,4,4,4,3,3,3,3,3,3,3,3","0.000516176223754883","louvain","edit-xhwikibooks.graphml"
"0.49","0.28","0.23","0.418181081762766","1,1,2,2,2,3,2,3,3,3,2,2,3,3,3,3,3,2,4,2,5,1,3,3,3,3,3,3,1,3,2,4,2,2,4,4,3,3,5,5,5,5,1,1,1,1,5,1,1,1,5,5,5,5,5,1,1,1,1,5,6,5,5,3,3,5,5,5,5,5,1,5,3,3,5,5,5,5,5,5,5,3,3,3,3,7,5,5,5,5,8,9,10,5,5,5,3,5,5,5,5,5,5,5,5,5,5,2,2,5,5,5,5,4,4,4,4,4,4,4,4,3,3,3,3,3,3,3,3","0.000523090362548828","louvain","edit-xhwikibooks.graphml"
"0.48","0.29","0.23","0.420769389933732","1,1,2,2,2,3,2,3,3,3,2,2,3,3,3,3,3,2,4,2,5,1,3,3,3,3,3,3,1,3,2,4,2,2,4,4,3,3,5,5,5,5,1,1,1,1,5,1,1,1,5,5,5,5,5,1,1,1,1,5,6,5,5,3,3,5,5,5,5,5,1,5,3,3,5,5,5,5,5,5,5,3,3,3,3,7,5,5,5,5,8,9,10,5,5,5,3,5,5,5,5,5,5,5,5,5,5,2,2,5,5,5,5,4,4,4,4,4,4,4,4,3,3,3,3,3,3,3,3","0.000478029251098633","louvain","edit-xhwikibooks.graphml"
"0.47","0.3","0.23","0.420332359386413","1,1,2,2,2,3,2,3,3,3,2,2,3,3,3,3,3,2,4,2,5,1,3,3,3,3,3,3,1,3,2,4,2,2,4,4,3,3,5,5,5,5,1,1,1,1,5,1,1,1,5,5,5,5,5,1,1,1,1,5,6,5,5,3,3,5,5,5,5,5,1,5,3,3,5,5,5,5,5,5,5,3,3,3,3,7,5,5,5,5,8,9,10,5,5,5,3,5,5,5,5,5,5,5,5,5,5,2,2,5,5,5,5,4,4,4,4,4,4,4,4,3,3,3,3,3,3,3,3","0.000536918640136719","louvain","edit-xhwikibooks.graphml"
"0.46","0.31","0.23","0.417810533118881","1,1,2,2,2,3,2,3,3,3,2,2,3,3,3,3,3,2,4,2,5,1,3,3,3,3,3,3,1,3,2,4,2,2,4,4,3,3,5,5,5,5,1,1,1,1,5,1,1,1,5,5,5,5,5,1,1,1,1,5,6,5,5,3,3,5,5,5,5,5,1,5,3,3,5,5,5,5,5,5,5,3,3,3,3,7,5,5,5,5,8,9,10,5,5,5,3,5,5,5,5,5,5,5,5,5,5,2,2,5,5,5,5,4,4,4,4,4,4,4,4,3,3,3,3,3,3,3,3","0.000502109527587891","louvain","edit-xhwikibooks.graphml"
"0.45","0.32","0.23","0.417374537877137","1,1,2,2,2,3,2,3,3,3,2,2,3,3,3,3,3,2,4,2,5,1,3,3,3,3,3,3,1,3,2,4,2,2,4,4,3,3,5,5,5,5,1,1,1,1,5,1,1,1,5,5,5,5,5,1,1,1,1,5,6,5,5,3,3,5,5,5,5,5,1,5,3,3,5,5,5,5,5,5,5,3,3,3,3,7,5,5,5,5,8,9,10,5,5,5,3,5,5,5,5,5,5,5,5,5,5,2,2,5,5,5,5,4,4,4,4,4,4,4,4,3,3,3,3,3,3,3,3","0.000514984130859375","louvain","edit-xhwikibooks.graphml"
"0.44","0.33","0.23","0.417374537877137","1,1,2,2,2,3,2,3,3,3,2,2,3,3,3,3,3,2,4,2,5,1,3,3,3,3,3,3,1,3,2,4,2,2,4,4,3,3,5,5,5,5,1,1,1,1,5,1,1,1,5,5,5,5,5,1,1,1,1,5,6,5,5,3,3,5,5,5,5,5,1,5,3,3,5,5,5,5,5,5,5,3,3,3,3,7,5,5,5,5,8,9,10,5,5,5,3,5,5,5,5,5,5,5,5,5,5,2,2,5,5,5,5,4,4,4,4,4,4,4,4,3,3,3,3,3,3,3,3","0.000501871109008789","louvain","edit-xhwikibooks.graphml"
"0.43","0.34","0.23","0.435108246733601","1,1,2,2,2,3,2,3,3,3,2,2,3,3,3,3,3,2,4,2,5,1,3,3,3,3,3,3,1,3,2,4,2,2,4,4,3,3,5,5,5,5,1,1,1,1,5,1,1,1,5,5,5,5,5,1,1,1,1,5,6,5,5,3,3,5,5,5,5,5,1,5,3,3,5,5,5,5,5,5,5,3,3,3,3,7,5,5,5,5,8,9,10,5,5,5,3,5,5,5,5,5,5,5,5,5,5,2,2,5,5,5,5,4,4,4,4,4,4,4,4,3,3,3,3,3,3,3,3","0.000584125518798828","louvain","edit-xhwikibooks.graphml"
"0.42","0.35","0.23","0.435108246733601","1,1,2,2,2,3,2,3,3,3,2,2,3,3,3,3,3,2,4,2,5,1,3,3,3,3,3,3,1,3,2,4,2,2,4,4,3,3,5,5,5,5,1,1,1,1,5,1,1,1,5,5,5,5,5,1,1,1,1,5,6,5,5,3,3,5,5,5,5,5,1,5,3,3,5,5,5,5,5,5,5,3,3,3,3,7,5,5,5,5,8,9,10,5,5,5,3,5,5,5,5,5,5,5,5,5,5,2,2,5,5,5,5,4,4,4,4,4,4,4,4,3,3,3,3,3,3,3,3","0.000510931015014648","louvain","edit-xhwikibooks.graphml"
"0.41","0.36","0.23","0.436331219730691","1,1,2,2,2,3,2,3,3,3,2,2,3,3,3,3,3,2,4,2,5,1,3,3,3,3,3,3,1,3,2,4,2,2,4,4,6,3,5,5,5,5,1,1,1,1,5,1,1,1,5,5,5,5,5,1,1,1,1,5,7,5,5,3,3,5,5,5,5,5,1,5,3,3,5,5,5,5,5,5,5,3,3,3,3,8,5,5,5,5,9,10,11,5,5,5,3,5,5,5,5,5,5,5,5,5,5,2,2,5,5,5,5,4,4,4,4,4,4,4,4,6,6,6,6,6,6,6,6","0.000504016876220703","louvain","edit-xhwikibooks.graphml"
"0.4","0.37","0.23","0.435923546373282","1,1,2,2,2,3,2,3,3,3,2,2,3,3,3,3,3,2,4,2,5,1,3,3,3,3,3,3,1,3,2,4,2,2,4,4,3,3,5,5,5,5,1,1,1,1,5,1,1,1,5,5,5,5,5,1,1,1,1,5,6,5,5,3,3,5,5,5,5,5,1,5,3,3,5,5,5,5,5,5,5,3,3,3,3,7,5,5,5,5,8,9,10,5,5,5,3,5,5,5,5,5,5,5,5,5,5,2,2,5,5,5,5,4,4,4,4,4,4,4,4,3,3,3,3,3,3,3,3","0.000498056411743164","louvain","edit-xhwikibooks.graphml"
"0.39","0.38","0.23","0.435486319668999","1,1,2,2,2,3,2,3,3,3,2,2,3,3,3,3,3,2,4,2,5,1,3,3,3,3,3,3,1,3,2,4,2,2,4,4,3,3,5,5,5,5,1,1,1,1,5,1,1,1,5,5,5,5,5,1,1,1,1,5,6,5,5,3,3,5,5,5,5,5,1,5,3,3,5,5,5,5,5,5,5,3,3,3,3,7,5,5,5,5,8,9,10,5,5,5,3,5,5,5,5,5,5,5,5,5,5,2,2,5,5,5,5,4,4,4,4,4,4,4,4,3,3,3,3,3,3,3,3","0.00052189826965332","louvain","edit-xhwikibooks.graphml"
"0.38","0.39","0.23","0.433747642647252","1,1,2,2,2,3,2,3,3,3,2,2,3,3,3,4,3,2,5,2,6,1,3,3,3,3,3,4,1,3,2,5,2,2,5,5,3,3,6,6,6,6,1,1,1,1,6,1,1,1,6,6,6,6,6,1,1,1,1,6,7,6,6,3,3,6,6,6,6,6,1,6,3,3,6,6,6,6,6,6,6,3,4,4,4,8,6,6,6,6,9,10,11,6,6,6,4,6,6,6,6,6,6,6,6,6,6,2,2,6,6,6,6,5,5,5,5,5,5,5,5,3,3,3,3,3,3,3,3","0.000545978546142578","louvain","edit-xhwikibooks.graphml"
"0.37","0.4","0.23","0.43571299280846","1,1,2,2,2,3,2,3,3,3,2,2,3,3,3,4,3,2,5,2,6,1,3,3,3,3,3,4,1,3,2,5,2,2,5,5,3,3,6,6,6,6,1,1,1,1,6,1,1,1,6,6,6,6,6,1,1,1,1,6,7,6,6,3,3,6,6,6,6,6,1,6,3,3,6,6,6,6,6,6,6,3,4,4,4,8,6,6,6,6,9,10,11,6,6,6,4,6,6,6,6,6,6,6,6,6,6,2,2,6,6,6,6,5,5,5,5,5,5,5,5,3,3,3,3,3,3,3,3","0.000550031661987305","louvain","edit-xhwikibooks.graphml"
"0.36","0.41","0.23","0.43571299280846","1,1,2,2,2,3,2,3,3,3,2,2,3,3,3,4,3,2,5,2,6,1,3,3,3,3,3,4,1,3,2,5,2,2,5,5,3,3,6,6,6,6,1,1,1,1,6,1,1,1,6,6,6,6,6,1,1,1,1,6,7,6,6,3,3,6,6,6,6,6,1,6,3,3,6,6,6,6,6,6,6,3,4,4,4,8,6,6,6,6,9,10,11,6,6,6,4,6,6,6,6,6,6,6,6,6,6,2,2,6,6,6,6,5,5,5,5,5,5,5,5,3,3,3,3,3,3,3,3","0.000895977020263672","louvain","edit-xhwikibooks.graphml"
"0.35","0.42","0.23","0.435273859058014","1,1,2,2,2,3,2,3,3,3,2,2,3,3,3,4,3,2,5,2,6,1,3,3,3,3,3,4,1,3,2,5,2,2,5,5,3,3,6,6,6,6,1,1,1,1,6,1,1,1,6,6,6,6,6,1,1,1,1,6,7,6,6,3,3,6,6,6,6,6,1,6,3,3,6,6,6,6,6,6,6,3,4,4,4,8,6,6,6,6,9,10,11,6,6,6,4,6,6,6,6,6,6,6,6,6,6,2,2,6,6,6,6,5,5,5,5,5,5,5,5,3,3,3,3,3,3,3,3","0.000985860824584961","louvain","edit-xhwikibooks.graphml"
"0.34","0.43","0.23","0.437708181882543","1,1,2,2,2,3,2,3,3,3,2,2,3,3,3,4,3,2,5,2,6,1,3,3,3,3,3,4,1,3,2,5,2,2,5,5,3,3,6,6,6,6,1,1,1,1,6,1,1,1,6,6,6,6,6,1,1,1,1,6,7,6,6,3,3,6,6,6,6,6,1,6,3,3,6,6,6,6,6,6,6,3,4,4,4,8,6,6,6,6,9,10,11,6,6,6,4,6,6,6,6,6,6,6,6,6,6,2,2,6,6,6,6,5,5,5,5,5,5,5,5,3,3,3,3,3,3,3,3","0.000794887542724609","louvain","edit-xhwikibooks.graphml"
"0.33","0.44","0.23","0.437269652317082","1,1,2,2,2,3,2,3,3,3,2,2,3,3,3,4,3,2,5,2,6,1,3,3,3,3,3,4,1,3,2,5,2,2,5,5,3,3,6,6,6,6,1,1,1,1,6,1,1,1,6,6,6,6,6,1,1,1,1,6,7,6,6,3,3,6,6,6,6,6,1,6,3,3,6,6,6,6,6,6,6,3,4,4,4,8,6,6,6,6,9,10,11,6,6,6,4,6,6,6,6,6,6,6,6,6,6,2,2,6,6,6,6,5,5,5,5,5,5,5,5,3,3,3,3,3,3,3,3","0.000833034515380859","louvain","edit-xhwikibooks.graphml"
"0.32","0.45","0.23","0.439679216578493","1,1,2,2,2,3,2,3,3,3,2,2,3,3,3,4,3,2,5,2,6,1,3,3,3,3,3,4,1,3,2,5,2,2,5,5,3,3,6,6,6,6,1,1,1,1,6,1,1,1,6,6,6,6,6,1,1,1,1,6,7,6,6,3,3,6,6,6,6,6,1,6,3,3,6,6,6,6,6,6,6,3,4,4,4,8,6,6,6,6,9,10,11,6,6,6,4,6,6,6,6,6,6,6,6,6,6,2,2,6,6,6,6,5,5,5,5,5,5,5,5,3,3,3,3,3,3,3,3","0.000823974609375","louvain","edit-xhwikibooks.graphml"
"0.31","0.46","0.23","0.439241317442009","1,1,2,2,2,3,2,3,3,3,2,2,3,3,3,4,3,2,5,2,6,1,3,3,3,3,3,4,1,3,2,5,2,2,5,5,3,3,6,6,6,6,1,1,1,1,6,1,1,1,6,6,6,6,6,1,1,1,1,6,7,6,6,3,3,6,6,6,6,6,1,6,3,3,6,6,6,6,6,6,6,3,4,4,4,8,6,6,6,6,9,10,11,6,6,6,4,6,6,6,6,6,6,6,6,6,6,2,2,6,6,6,6,5,5,5,5,5,5,5,5,3,3,3,3,3,3,3,3","0.000790119171142578","louvain","edit-xhwikibooks.graphml"
"0.3","0.47","0.23","0.429474258839338","1,1,2,2,2,3,2,3,3,3,2,2,3,3,3,3,4,2,5,2,6,1,3,3,3,3,3,3,1,7,8,5,2,2,5,5,3,3,6,6,6,6,1,1,1,1,6,1,1,1,6,6,6,6,6,1,1,1,1,6,9,6,6,10,11,6,6,6,6,6,1,6,3,3,6,6,6,6,6,6,6,12,3,3,3,13,6,6,6,6,14,15,16,6,6,6,17,6,6,6,6,6,6,6,6,6,6,18,19,6,6,6,6,5,5,5,5,5,5,5,5,3,3,3,3,3,3,3,3","0.000900030136108398","louvain","edit-xhwikibooks.graphml"
"0.29","0.48","0.23","0.429040099537736","1,1,2,2,2,3,2,3,3,3,2,2,3,3,3,3,4,2,5,2,6,1,3,3,3,3,3,3,1,7,8,5,2,2,5,5,3,3,6,6,6,6,1,1,1,1,6,1,1,1,6,6,6,6,6,1,1,1,1,6,9,6,6,10,11,6,6,6,6,6,1,6,3,3,6,6,6,6,6,6,6,12,3,3,3,13,6,6,6,6,14,15,16,6,6,6,17,6,6,6,6,6,6,6,6,6,6,18,19,6,6,6,6,5,5,5,5,5,5,5,5,3,3,3,3,3,3,3,3","0.000791072845458984","louvain","edit-xhwikibooks.graphml"
"0.28","0.49","0.23","0.429204134375943","1,1,2,2,2,3,2,3,3,3,2,2,3,3,3,3,4,2,5,2,6,1,3,3,3,3,3,3,1,7,8,5,2,2,5,5,9,3,6,6,6,6,1,1,1,1,6,1,1,1,6,6,6,6,6,1,1,1,1,6,10,6,6,11,12,6,6,6,6,6,1,6,3,3,6,6,6,6,6,6,6,13,3,3,3,14,6,6,6,6,15,16,17,6,6,6,18,6,6,6,6,6,6,6,6,6,6,19,20,6,6,6,6,5,5,5,5,5,5,5,5,9,9,9,9,9,9,9,9","0.000774145126342773","louvain","edit-xhwikibooks.graphml"
"0.27","0.5","0.23","0.478778117051511","1,1,2,2,2,3,2,3,3,3,2,2,3,3,3,4,5,2,6,2,7,1,3,3,3,3,3,4,1,8,9,6,2,2,6,6,3,3,7,7,7,7,1,1,1,1,7,1,1,1,7,7,7,7,7,1,1,1,1,7,10,7,7,11,12,7,7,7,7,7,1,7,3,3,7,7,7,7,7,7,7,13,4,4,4,14,7,7,7,7,15,16,17,7,7,7,18,7,7,7,7,7,7,7,7,7,7,19,20,7,7,7,7,6,6,6,6,6,6,6,6,3,3,3,3,3,3,3,3","0.000957012176513672","louvain","edit-xhwikibooks.graphml"
"0.26","0.51","0.23","0.478948358530109","1,1,2,2,2,3,2,3,3,3,2,2,3,3,3,4,5,2,6,2,7,1,3,3,3,3,3,4,1,8,9,6,2,2,6,6,10,3,7,7,7,7,1,1,1,1,7,1,1,1,7,7,7,7,7,1,1,1,1,7,11,7,7,12,13,7,7,7,7,7,1,7,3,3,7,7,7,7,7,7,7,14,4,4,4,15,7,7,7,7,16,17,18,7,7,7,19,7,7,7,7,7,7,7,7,7,7,20,21,7,7,7,7,6,6,6,6,6,6,6,6,10,10,10,10,10,10,10,10","0.000867843627929688","louvain","edit-xhwikibooks.graphml"
"0.25","0.52","0.23","0.478948358530109","1,1,2,2,2,3,2,3,3,3,2,2,3,3,3,4,5,2,6,2,7,1,3,3,3,3,3,4,1,8,9,6,2,2,6,6,10,3,7,7,7,7,1,1,1,1,7,1,1,1,7,7,7,7,7,1,1,1,1,7,11,7,7,12,13,7,7,7,7,7,1,7,3,3,7,7,7,7,7,7,7,14,4,4,4,15,7,7,7,7,16,17,18,7,7,7,19,7,7,7,7,7,7,7,7,7,7,20,21,7,7,7,7,6,6,6,6,6,6,6,6,10,10,10,10,10,10,10,10","0.000882863998413086","louvain","edit-xhwikibooks.graphml"
"0.24","0.53","0.23","0.478389724709178","1,1,2,2,2,3,2,3,3,3,2,2,3,3,3,3,4,2,5,2,6,1,3,3,3,3,3,3,1,7,8,5,2,2,5,5,9,3,6,6,6,6,1,1,1,1,6,1,1,1,6,6,6,6,6,1,1,1,1,6,10,6,6,11,12,6,6,6,6,6,1,6,3,3,6,6,6,6,6,6,6,13,3,3,3,14,6,6,6,6,15,16,17,6,6,6,18,6,6,6,6,6,6,6,6,6,6,19,20,6,6,6,6,5,5,5,5,5,5,5,5,9,9,9,9,9,9,9,9","0.000809907913208008","louvain","edit-xhwikibooks.graphml"
"0.23","0.54","0.23","0.479555735006559","1,1,2,2,2,3,2,3,3,3,2,2,3,3,3,4,5,2,6,2,7,1,3,3,3,3,3,4,1,8,9,6,2,2,6,6,10,3,7,7,7,7,1,1,1,1,7,1,1,1,7,7,7,7,7,1,1,1,1,7,11,7,7,12,13,7,7,7,7,7,1,7,3,3,7,7,7,7,7,7,7,14,4,4,4,15,7,7,7,7,16,17,18,7,7,7,19,7,7,7,7,7,7,7,7,7,7,20,21,7,7,7,7,6,6,6,6,6,6,6,6,10,10,10,10,10,10,10,10","0.000900983810424805","louvain","edit-xhwikibooks.graphml"
"0.22","0.55","0.23","0.479113460128853","1,1,2,2,2,3,2,3,3,3,2,2,3,3,3,4,5,2,6,2,7,1,3,3,3,3,3,4,1,8,9,6,2,2,6,6,10,3,7,7,7,7,1,1,1,1,7,1,1,1,7,7,7,7,7,1,1,1,1,7,11,7,7,12,13,7,7,7,7,7,1,7,3,3,7,7,7,7,7,7,7,14,4,4,4,15,7,7,7,7,16,17,18,7,7,7,19,7,7,7,7,7,7,7,7,7,7,20,21,7,7,7,7,6,6,6,6,6,6,6,6,10,10,10,10,10,10,10,10","0.000900030136108398","louvain","edit-xhwikibooks.graphml"
"0.21","0.56","0.23","0.482344714978924","1,1,2,2,2,3,2,3,3,3,2,2,3,3,3,4,5,2,6,2,7,1,3,3,3,3,3,4,1,8,9,6,2,2,6,6,10,3,7,7,7,7,1,1,1,1,7,1,1,1,7,7,7,7,7,1,1,1,1,7,11,7,7,12,13,7,7,7,7,7,1,7,3,3,7,7,7,7,7,7,7,14,4,4,4,15,7,7,7,7,16,17,18,7,7,7,19,7,7,7,7,7,7,7,7,7,7,20,21,7,7,7,7,6,6,6,6,6,6,6,6,10,10,10,10,10,10,10,10","0.000886917114257812","louvain","edit-xhwikibooks.graphml"
"0.2","0.57","0.23","0.481903217969658","1,1,2,2,2,3,2,3,3,3,2,2,3,3,3,4,5,2,6,2,7,1,3,3,3,3,3,4,1,8,9,6,2,2,6,6,10,3,7,7,7,7,1,1,1,1,7,1,1,1,7,7,7,7,7,1,1,1,1,7,11,7,7,12,13,7,7,7,7,7,1,7,3,3,7,7,7,7,7,7,7,14,4,4,4,15,7,7,7,7,16,17,18,7,7,7,19,7,7,7,7,7,7,7,7,7,7,20,21,7,7,7,7,6,6,6,6,6,6,6,6,10,10,10,10,10,10,10,10","0.000911951065063477","louvain","edit-xhwikibooks.graphml"
"0.19","0.58","0.23","0.483950641685456","1,1,2,2,2,3,2,3,3,3,2,2,3,3,3,4,5,2,6,2,7,1,3,3,3,3,3,4,1,8,9,6,2,2,6,6,10,3,7,7,7,7,1,1,1,1,7,1,1,1,7,7,7,7,7,1,1,1,1,7,11,7,7,12,13,7,7,7,7,7,1,7,3,3,7,7,7,7,7,7,7,14,4,4,4,15,7,7,7,7,16,17,18,7,7,7,19,7,7,7,7,7,7,7,7,7,7,20,21,7,7,7,7,6,6,6,6,6,6,6,6,10,10,10,10,10,10,10,10","0.000921010971069336","louvain","edit-xhwikibooks.graphml"
"0.18","0.59","0.23","0.484678555272638","1,1,2,2,2,3,2,3,3,3,2,2,3,3,3,4,5,2,6,2,7,1,3,3,3,3,3,4,1,8,9,6,2,2,6,6,10,3,7,7,7,7,1,1,1,1,7,1,1,1,7,7,7,7,7,1,1,1,1,7,11,7,7,12,13,7,7,7,7,7,1,7,3,3,7,7,7,7,7,7,7,14,4,4,4,15,7,7,7,7,16,17,18,7,7,7,19,7,7,7,7,7,7,7,7,7,7,20,21,7,7,7,7,6,6,6,6,6,6,6,6,10,10,10,10,10,10,10,10","0.000702142715454102","louvain","edit-xhwikibooks.graphml"
"0.17","0.6","0.23","0.486771048966841","1,1,2,2,2,3,2,3,3,3,2,2,3,3,3,4,5,2,6,2,7,1,3,3,3,3,3,4,1,8,9,6,2,2,6,6,10,3,7,7,7,7,1,1,1,1,7,1,1,1,7,7,7,7,7,1,1,1,1,7,11,7,7,12,13,7,7,7,7,7,1,7,3,3,7,7,7,7,7,7,7,14,4,4,4,15,7,7,7,7,16,17,18,7,7,7,19,7,7,7,7,7,7,7,7,7,7,20,21,7,7,7,7,6,6,6,6,6,6,6,6,10,10,10,10,10,10,10,10","0.000553131103515625","louvain","edit-xhwikibooks.graphml"
"0.16","0.61","0.23","0.486331128652441","1,1,2,2,2,3,2,3,3,3,2,2,3,3,3,4,5,2,6,2,7,1,3,3,3,3,3,4,1,8,9,6,2,2,6,6,10,3,7,7,7,7,1,1,1,1,7,1,1,1,7,7,7,7,7,1,1,1,1,7,11,7,7,12,13,7,7,7,7,7,1,7,3,3,7,7,7,7,7,7,7,14,4,4,4,15,7,7,7,7,16,17,18,7,7,7,19,7,7,7,7,7,7,7,7,7,7,20,21,7,7,7,7,6,6,6,6,6,6,6,6,10,10,10,10,10,10,10,10","0.000583887100219727","louvain","edit-xhwikibooks.graphml"
"0.15","0.62","0.23","0.484400932570211","1,1,2,2,2,3,2,3,3,3,2,2,3,3,3,4,5,2,6,2,7,1,3,3,3,3,3,4,1,8,9,6,2,2,6,6,10,3,7,7,7,7,1,1,1,1,7,1,1,1,7,7,7,7,7,1,1,1,1,7,11,7,7,12,13,7,7,7,7,7,1,7,3,3,7,7,7,7,7,7,7,14,4,4,4,15,7,7,7,7,16,17,18,7,7,7,19,7,7,7,7,7,7,7,7,7,7,20,21,7,7,7,7,6,6,6,6,6,6,6,6,10,10,10,10,10,10,10,10","0.00051116943359375","louvain","edit-xhwikibooks.graphml"
"0.14","0.63","0.23","0.484415088530568","1,1,2,2,2,2,2,3,2,2,2,2,3,3,3,2,4,2,5,2,6,1,3,3,3,3,3,2,1,7,8,5,2,2,5,5,3,3,6,6,6,6,1,1,1,1,6,1,1,1,6,6,6,6,6,1,1,1,1,6,9,6,6,10,11,6,6,6,6,6,1,6,3,3,6,6,6,6,6,6,6,12,2,2,2,13,6,6,6,6,14,15,16,6,6,6,17,6,6,6,6,6,6,6,6,6,6,18,19,6,6,6,6,5,5,5,5,5,5,5,5,3,3,3,3,3,3,3,3","0.000540971755981445","louvain","edit-xhwikibooks.graphml"
"0.13","0.64","0.23","0.483960060127136","1,1,2,2,2,3,2,3,3,3,2,2,3,3,3,4,5,2,6,2,7,1,3,3,3,3,3,4,1,8,9,6,2,2,6,6,10,3,7,7,7,7,1,1,1,1,7,1,1,1,7,7,7,7,7,1,1,1,1,7,11,7,7,12,13,7,7,7,7,7,1,7,3,3,7,7,7,7,7,7,7,14,4,4,4,15,7,7,7,7,16,17,18,7,7,7,19,7,7,7,7,7,7,7,7,7,7,20,21,7,7,7,7,6,6,6,6,6,6,6,6,10,10,10,10,10,10,10,10","0.000548839569091797","louvain","edit-xhwikibooks.graphml"
"0.12","0.65","0.23","0.483978320599194","1,1,2,2,2,2,2,3,2,2,2,2,3,3,3,2,4,2,5,2,6,1,3,3,3,3,3,2,1,7,8,5,2,2,5,5,3,3,6,6,6,6,1,1,1,1,6,1,1,1,6,6,6,6,6,1,1,1,1,6,9,6,6,10,11,6,6,6,6,6,1,6,3,3,6,6,6,6,6,6,6,12,2,2,2,13,6,6,6,6,14,15,16,6,6,6,17,6,6,6,6,6,6,6,6,6,6,18,19,6,6,6,6,5,5,5,5,5,5,5,5,3,3,3,3,3,3,3,3","0.000715970993041992","louvain","edit-xhwikibooks.graphml"
"0.11","0.66","0.23","0.483519891602996","1,1,2,2,2,3,2,3,3,3,2,2,3,3,3,4,5,2,6,2,7,1,3,3,3,3,3,4,1,8,9,6,2,2,6,6,10,3,7,7,7,7,1,1,1,1,7,1,1,1,7,7,7,7,7,1,1,1,1,7,11,7,7,12,13,7,7,7,7,7,1,7,3,3,7,7,7,7,7,7,7,14,4,4,4,15,7,7,7,7,16,17,18,7,7,7,19,7,7,7,7,7,7,7,7,7,7,20,21,7,7,7,7,6,6,6,6,6,6,6,6,10,10,10,10,10,10,10,10","0.000542163848876953","louvain","edit-xhwikibooks.graphml"
"0.1","0.67","0.23","0.497885759907098","1,1,2,2,2,2,3,4,2,2,3,3,4,4,4,2,5,3,6,3,7,1,4,4,4,4,4,2,1,8,9,6,3,3,6,6,10,4,7,7,7,7,1,1,1,1,7,1,1,1,7,7,7,7,7,1,1,1,1,7,11,7,7,12,13,7,7,7,7,7,1,7,4,4,7,7,7,7,7,7,7,14,2,2,2,15,7,7,7,7,16,17,18,7,7,7,19,7,7,7,7,7,7,7,7,7,7,20,21,7,7,7,7,6,6,6,6,6,6,6,6,10,10,10,10,10,10,10,10","0.000516891479492188","louvain","edit-xhwikibooks.graphml"
"0.09","0.68","0.23","0.497916969081144","1,1,2,2,2,3,2,3,3,3,2,2,3,3,3,4,5,2,6,2,7,1,3,3,3,3,3,4,1,8,9,6,2,2,6,6,10,3,7,7,7,7,1,1,1,1,7,1,1,1,7,7,7,7,7,1,1,1,1,7,11,7,7,12,13,7,7,7,7,7,1,7,3,3,7,7,7,7,7,7,7,14,4,4,4,15,7,7,7,7,16,17,18,7,7,7,19,7,7,7,7,7,7,7,7,7,7,20,21,7,7,7,7,6,6,6,6,6,6,6,6,10,10,10,10,10,10,10,10","0.000500917434692383","louvain","edit-xhwikibooks.graphml"
"0.08","0.69","0.23","0.4964886050225","1,1,2,2,2,3,2,3,3,3,2,2,3,3,3,4,5,2,6,2,7,1,3,3,3,3,3,4,1,8,9,6,2,2,6,6,10,3,7,7,7,7,1,1,1,1,7,1,1,1,7,7,7,7,7,1,1,1,1,7,11,7,7,12,13,7,7,7,7,7,1,7,3,3,7,7,7,7,7,7,7,14,4,4,4,15,7,7,7,7,16,17,18,7,7,7,19,7,7,7,7,7,7,7,7,7,7,20,21,7,7,7,7,6,6,6,6,6,6,6,6,10,10,10,10,10,10,10,10","0.000524997711181641","louvain","edit-xhwikibooks.graphml"
"0.07","0.7","0.23","0.484842446841821","1,1,1,2,3,2,4,5,2,2,4,6,5,5,5,2,7,8,9,10,11,1,12,5,5,5,5,2,1,13,14,15,10,16,9,9,5,5,11,11,11,11,1,1,1,1,11,1,1,1,11,11,11,11,11,1,1,1,1,11,17,11,11,18,19,11,11,11,11,11,1,11,20,21,11,11,11,11,11,11,11,22,23,24,25,26,11,11,11,11,27,28,29,11,11,11,30,11,11,11,11,11,11,11,11,11,11,31,32,11,11,11,11,9,9,9,9,9,9,9,9,5,5,5,5,5,5,5,5","0.000507831573486328","louvain","edit-xhwikibooks.graphml"
"0.06","0.71","0.23","0.484404983231808","1,1,1,2,3,2,4,5,2,2,4,6,5,5,5,2,7,8,9,10,11,1,12,5,5,5,5,2,1,13,14,15,10,16,9,9,5,5,11,11,11,11,1,1,1,1,11,1,1,1,11,11,11,11,11,1,1,1,1,11,17,11,11,18,19,11,11,11,11,11,1,11,20,21,11,11,11,11,11,11,11,22,23,24,25,26,11,11,11,11,27,28,29,11,11,11,30,11,11,11,11,11,11,11,11,11,11,31,32,11,11,11,11,9,9,9,9,9,9,9,9,5,5,5,5,5,5,5,5","0.000501155853271484","louvain","edit-xhwikibooks.graphml"
"0.05","0.72","0.23","0.48638756692445","1,1,1,2,3,2,4,5,2,2,4,6,5,5,5,2,7,8,9,10,11,1,12,5,5,5,5,2,1,13,14,15,10,16,9,9,5,5,11,11,11,11,1,1,1,1,11,1,1,1,11,11,11,11,11,1,1,1,1,11,17,11,11,18,19,11,11,11,11,11,1,11,20,21,11,11,11,11,11,11,11,22,23,24,25,26,11,11,11,11,27,28,29,11,11,11,30,11,11,11,11,11,11,11,11,11,11,31,32,11,11,11,11,9,9,9,9,9,9,9,9,5,5,5,5,5,5,5,5","0.000479936599731445","louvain","edit-xhwikibooks.graphml"
"0.04","0.73","0.23","0.485951151339458","1,1,1,2,3,2,4,5,2,2,4,6,5,5,5,2,7,8,9,10,11,1,12,5,5,5,5,2,1,13,14,15,10,16,9,9,5,5,11,11,11,11,1,1,1,1,11,1,1,1,11,11,11,11,11,1,1,1,1,11,17,11,11,18,19,11,11,11,11,11,1,11,20,21,11,11,11,11,11,11,11,22,23,24,25,26,11,11,11,11,27,28,29,11,11,11,30,11,11,11,11,11,11,11,11,11,11,31,32,11,11,11,11,9,9,9,9,9,9,9,9,5,5,5,5,5,5,5,5","0.00055694580078125","louvain","edit-xhwikibooks.graphml"
"0.03","0.74","0.23","0.486876859012493","1,1,1,2,3,2,4,5,2,2,4,6,5,5,5,2,7,8,9,10,11,1,12,5,5,5,5,2,1,13,14,15,10,16,9,9,5,5,11,11,11,11,1,1,1,1,11,1,1,1,11,11,11,11,11,1,1,1,1,11,17,11,11,18,19,11,11,11,11,11,1,11,20,21,11,11,11,11,11,11,11,22,23,24,25,26,11,11,11,11,27,28,29,11,11,11,30,11,11,11,11,11,11,11,11,11,11,31,32,11,11,11,11,9,9,9,9,9,9,9,9,5,5,5,5,5,5,5,5","0.000524044036865234","louvain","edit-xhwikibooks.graphml"
"0.02","0.75","0.23","0.48960051607126","1,1,1,2,3,2,4,5,2,2,4,6,5,5,5,2,7,8,9,10,11,1,12,5,5,5,5,2,1,13,14,15,10,16,9,9,5,5,11,11,11,11,1,1,1,1,11,1,1,1,11,11,11,11,11,1,1,1,1,11,17,11,11,18,19,11,11,11,11,11,1,11,20,21,11,11,11,11,11,11,11,22,23,24,25,26,11,11,11,11,27,28,29,11,11,11,30,11,11,11,11,11,11,11,11,11,11,31,32,11,11,11,11,9,9,9,9,9,9,9,9,5,5,5,5,5,5,5,5","0.000486850738525391","louvain","edit-xhwikibooks.graphml"
"0.01","0.76","0.23","0.490610835629017","1,1,1,2,3,2,4,5,2,2,4,6,5,5,5,2,7,8,9,10,11,1,12,5,5,5,5,2,1,13,14,15,10,16,9,9,5,5,11,11,11,11,1,1,1,1,11,1,1,1,11,11,11,11,11,1,1,1,1,11,17,11,11,18,19,11,11,11,11,11,1,11,20,21,11,11,11,11,11,11,11,22,23,24,25,26,11,11,11,11,27,28,29,11,11,11,30,11,11,11,11,11,11,11,11,11,11,31,32,11,11,11,11,9,9,9,9,9,9,9,9,5,5,5,5,5,5,5,5","0.000509023666381836","louvain","edit-xhwikibooks.graphml"
"0","0.77","0.23","0.476249479320732","1,1,1,2,1,2,3,4,2,2,3,5,4,4,4,2,6,7,8,9,10,1,11,4,4,4,4,2,1,12,13,14,9,15,8,8,16,4,10,10,10,10,1,1,1,1,10,1,1,1,10,10,10,10,10,1,1,1,1,10,17,10,10,18,19,10,10,10,10,10,1,10,20,21,10,10,10,10,10,10,10,22,23,24,25,26,10,10,10,10,27,28,29,10,10,10,30,10,10,10,10,10,10,10,10,10,10,31,32,10,10,10,10,8,8,8,8,8,8,8,8,16,16,16,16,16,16,16,16","0.000734090805053711","louvain","edit-xhwikibooks.graphml"
"0.76","0","0.24","0.402757857777614","1,1,1,2,1,2,1,2,2,2,1,1,2,2,2,2,2,1,3,1,4,1,2,2,2,2,2,2,1,2,1,3,1,1,3,3,2,2,4,4,4,4,1,1,1,1,4,1,1,1,4,4,4,4,4,1,1,1,1,4,2,4,4,2,2,4,4,4,4,4,1,4,2,2,4,4,4,4,4,4,4,2,2,2,2,1,4,4,4,4,2,1,3,4,4,4,2,4,4,4,4,4,4,4,4,4,4,1,1,4,4,4,4,3,3,3,3,3,3,3,3,2,2,2,2,2,2,2,2","0.000567913055419922","louvain","edit-xhwikibooks.graphml"
"0.75","0.01","0.24","0.403994617834448","1,1,2,3,2,3,2,3,3,3,2,2,3,3,3,3,3,2,4,2,5,1,3,3,3,3,3,3,1,3,2,4,2,2,4,4,3,3,5,5,5,5,1,1,1,1,5,1,1,1,5,5,5,5,5,1,1,1,1,5,3,5,5,3,3,5,5,5,5,5,1,5,3,3,5,5,5,5,5,5,5,3,3,3,3,1,5,5,5,5,3,2,4,5,5,5,3,5,5,5,5,5,5,5,5,5,5,2,2,5,5,5,5,4,4,4,4,4,4,4,4,3,3,3,3,3,3,3,3","0.000501871109008789","louvain","edit-xhwikibooks.graphml"
"0.74","0.02","0.24","0.405313349224472","1,1,2,3,2,3,2,3,3,3,2,2,3,3,3,3,3,2,4,2,5,1,3,3,3,3,3,3,1,3,2,4,2,2,4,4,3,3,5,5,5,5,1,1,1,1,5,1,1,1,5,5,5,5,5,1,1,1,1,5,3,5,5,3,3,5,5,5,5,5,1,5,3,3,5,5,5,5,5,5,5,3,3,3,3,1,5,5,5,5,3,2,4,5,5,5,3,5,5,5,5,5,5,5,5,5,5,2,2,5,5,5,5,4,4,4,4,4,4,4,4,3,3,3,3,3,3,3,3","0.000511884689331055","louvain","edit-xhwikibooks.graphml"
"0.73","0.03","0.24","0.404905723204995","1,1,2,3,2,3,2,3,3,3,2,2,3,3,3,3,3,2,4,2,5,1,3,3,3,3,3,3,1,3,2,4,2,2,4,4,3,3,5,5,5,5,1,1,1,1,5,1,1,1,5,5,5,5,5,1,1,1,1,5,3,5,5,3,3,5,5,5,5,5,1,5,3,3,5,5,5,5,5,5,5,3,3,3,3,1,5,5,5,5,3,2,4,5,5,5,3,5,5,5,5,5,5,5,5,5,5,2,2,5,5,5,5,4,4,4,4,4,4,4,4,3,3,3,3,3,3,3,3","0.000524044036865234","louvain","edit-xhwikibooks.graphml"
"0.72","0.04","0.24","0.404905723204995","1,1,2,3,2,3,2,3,3,3,2,2,3,3,3,3,3,2,4,2,5,1,3,3,3,3,3,3,1,3,2,4,2,2,4,4,3,3,5,5,5,5,1,1,1,1,5,1,1,1,5,5,5,5,5,1,1,1,1,5,3,5,5,3,3,5,5,5,5,5,1,5,3,3,5,5,5,5,5,5,5,3,3,3,3,1,5,5,5,5,3,2,4,5,5,5,3,5,5,5,5,5,5,5,5,5,5,2,2,5,5,5,5,4,4,4,4,4,4,4,4,3,3,3,3,3,3,3,3","0.000690221786499023","louvain","edit-xhwikibooks.graphml"
"0.71","0.05","0.24","0.404498850834307","1,1,2,3,2,3,2,3,3,3,2,2,3,3,3,3,3,2,4,2,5,1,3,3,3,3,3,3,1,3,2,4,2,2,4,4,3,3,5,5,5,5,1,1,1,1,5,1,1,1,5,5,5,5,5,1,1,1,1,5,3,5,5,3,3,5,5,5,5,5,1,5,3,3,5,5,5,5,5,5,5,3,3,3,3,1,5,5,5,5,3,2,4,5,5,5,3,5,5,5,5,5,5,5,5,5,5,2,2,5,5,5,5,4,4,4,4,4,4,4,4,3,3,3,3,3,3,3,3","0.000508785247802734","louvain","edit-xhwikibooks.graphml"
"0.7","0.06","0.24","0.404498850834307","1,1,2,3,2,3,2,3,3,3,2,2,3,3,3,3,3,2,4,2,5,1,3,3,3,3,3,3,1,3,2,4,2,2,4,4,3,3,5,5,5,5,1,1,1,1,5,1,1,1,5,5,5,5,5,1,1,1,1,5,3,5,5,3,3,5,5,5,5,5,1,5,3,3,5,5,5,5,5,5,5,3,3,3,3,1,5,5,5,5,3,2,4,5,5,5,3,5,5,5,5,5,5,5,5,5,5,2,2,5,5,5,5,4,4,4,4,4,4,4,4,3,3,3,3,3,3,3,3","0.000576019287109375","louvain","edit-xhwikibooks.graphml"
"0.69","0.07","0.24","0.404092730347557","1,1,2,3,2,3,2,3,3,3,2,2,3,3,3,3,3,2,4,2,5,1,3,3,3,3,3,3,1,3,2,4,2,2,4,4,3,3,5,5,5,5,1,1,1,1,5,1,1,1,5,5,5,5,5,1,1,1,1,5,3,5,5,3,3,5,5,5,5,5,1,5,3,3,5,5,5,5,5,5,5,3,3,3,3,1,5,5,5,5,3,2,4,5,5,5,3,5,5,5,5,5,5,5,5,5,5,2,2,5,5,5,5,4,4,4,4,4,4,4,4,3,3,3,3,3,3,3,3","0.000539064407348633","louvain","edit-xhwikibooks.graphml"
"0.68","0.08","0.24","0.4054022574527","1,1,2,3,2,3,2,3,3,3,2,2,3,3,3,3,3,2,4,2,5,1,3,3,3,3,3,3,1,3,2,4,2,2,4,4,3,3,5,5,5,5,1,1,1,1,5,1,1,1,5,5,5,5,5,1,1,1,1,5,3,5,5,3,3,5,5,5,5,5,1,5,3,3,5,5,5,5,5,5,5,3,3,3,3,1,5,5,5,5,3,2,4,5,5,5,3,5,5,5,5,5,5,5,5,5,5,2,2,5,5,5,5,4,4,4,4,4,4,4,4,3,3,3,3,3,3,3,3","0.000527143478393555","louvain","edit-xhwikibooks.graphml"
"0.67","0.09","0.24","0.404996531216579","1,1,2,3,2,3,2,3,3,3,2,2,3,3,3,3,3,2,4,2,5,1,3,3,3,3,3,3,1,3,2,4,2,2,4,4,3,3,5,5,5,5,1,1,1,1,5,1,1,1,5,5,5,5,5,1,1,1,1,5,3,5,5,3,3,5,5,5,5,5,1,5,3,3,5,5,5,5,5,5,5,3,3,3,3,1,5,5,5,5,3,2,4,5,5,5,3,5,5,5,5,5,5,5,5,5,5,2,2,5,5,5,5,4,4,4,4,4,4,4,4,3,3,3,3,3,3,3,3","0.00061798095703125","louvain","edit-xhwikibooks.graphml"
"0.66","0.1","0.24","0.404996531216579","1,1,2,3,2,3,2,3,3,3,2,2,3,3,3,3,3,2,4,2,5,1,3,3,3,3,3,3,1,3,2,4,2,2,4,4,3,3,5,5,5,5,1,1,1,1,5,1,1,1,5,5,5,5,5,1,1,1,1,5,3,5,5,3,3,5,5,5,5,5,1,5,3,3,5,5,5,5,5,5,5,3,3,3,3,1,5,5,5,5,3,2,4,5,5,5,3,5,5,5,5,5,5,5,5,5,5,2,2,5,5,5,5,4,4,4,4,4,4,4,4,3,3,3,3,3,3,3,3","0.000522851943969727","louvain","edit-xhwikibooks.graphml"
"0.65","0.11","0.24","0.404591551610782","1,1,2,3,2,3,2,3,3,3,2,2,3,3,3,3,3,2,4,2,5,1,3,3,3,3,3,3,1,3,2,4,2,2,4,4,3,3,5,5,5,5,1,1,1,1,5,1,1,1,5,5,5,5,5,1,1,1,1,5,3,5,5,3,3,5,5,5,5,5,1,5,3,3,5,5,5,5,5,5,5,3,3,3,3,1,5,5,5,5,3,2,4,5,5,5,3,5,5,5,5,5,5,5,5,5,5,2,2,5,5,5,5,4,4,4,4,4,4,4,4,3,3,3,3,3,3,3,3","0.000565052032470703","louvain","edit-xhwikibooks.graphml"
"0.64","0.12","0.24","0.407116482754561","1,1,2,3,2,3,2,3,3,3,2,2,3,3,3,3,3,2,4,2,5,1,3,3,3,3,3,3,1,3,2,4,2,2,4,4,3,3,5,5,5,5,1,1,1,1,5,1,1,1,5,5,5,5,5,1,1,1,1,5,3,5,5,3,3,5,5,5,5,5,1,5,3,3,5,5,5,5,5,5,5,3,3,3,3,1,5,5,5,5,3,2,4,5,5,5,3,5,5,5,5,5,5,5,5,5,5,2,2,5,5,5,5,4,4,4,4,4,4,4,4,3,3,3,3,3,3,3,3","0.000509023666381836","louvain","edit-xhwikibooks.graphml"
"0.63","0.13","0.24","0.406711749843824","1,1,2,3,2,3,2,3,3,3,2,2,3,3,3,3,3,2,4,2,5,1,3,3,3,3,3,3,1,3,2,4,2,2,4,4,3,3,5,5,5,5,1,1,1,1,5,1,1,1,5,5,5,5,5,1,1,1,1,5,3,5,5,3,3,5,5,5,5,5,1,5,3,3,5,5,5,5,5,5,5,3,3,3,3,1,5,5,5,5,3,2,4,5,5,5,3,5,5,5,5,5,5,5,5,5,5,2,2,5,5,5,5,4,4,4,4,4,4,4,4,3,3,3,3,3,3,3,3","0.000563144683837891","louvain","edit-xhwikibooks.graphml"
"0.62","0.14","0.24","0.406711749843824","1,1,2,3,2,3,2,3,3,3,2,2,3,3,3,3,3,2,4,2,5,1,3,3,3,3,3,3,1,3,2,4,2,2,4,4,3,3,5,5,5,5,1,1,1,1,5,1,1,1,5,5,5,5,5,1,1,1,1,5,3,5,5,3,3,5,5,5,5,5,1,5,3,3,5,5,5,5,5,5,5,3,3,3,3,1,5,5,5,5,3,2,4,5,5,5,3,5,5,5,5,5,5,5,5,5,5,2,2,5,5,5,5,4,4,4,4,4,4,4,4,3,3,3,3,3,3,3,3","0.00050806999206543","louvain","edit-xhwikibooks.graphml"
"0.61","0.15","0.24","0.408807276188256","1,1,2,3,2,3,2,3,3,3,2,2,3,3,3,3,3,2,4,2,5,1,3,3,3,3,3,3,1,3,2,4,2,2,4,4,3,3,5,5,5,5,1,1,1,1,5,1,1,1,5,5,5,5,5,1,1,1,1,5,3,5,5,3,3,5,5,5,5,5,1,5,3,3,5,5,5,5,5,5,5,3,3,3,3,1,5,5,5,5,3,2,4,5,5,5,3,5,5,5,5,5,5,5,5,5,5,2,2,5,5,5,5,4,4,4,4,4,4,4,4,3,3,3,3,3,3,3,3","0.000589847564697266","louvain","edit-xhwikibooks.graphml"
"0.6","0.16","0.24","0.411363182509212","1,1,2,3,2,3,2,3,3,3,2,2,3,3,3,3,3,2,4,2,5,1,3,3,3,3,3,3,1,3,2,4,2,2,4,4,3,3,5,5,5,5,1,1,1,1,5,1,1,1,5,5,5,5,5,1,1,1,1,5,3,5,5,3,3,5,5,5,5,5,1,5,3,3,5,5,5,5,5,5,5,3,3,3,3,1,5,5,5,5,3,2,4,5,5,5,3,5,5,5,5,5,5,5,5,5,5,2,2,5,5,5,5,4,4,4,4,4,4,4,4,3,3,3,3,3,3,3,3","0.000533819198608398","louvain","edit-xhwikibooks.graphml"
"0.59","0.17","0.24","0.411023081952255","1,1,2,3,2,3,2,3,3,3,2,2,3,3,3,3,3,2,4,2,5,1,3,3,3,3,3,3,1,3,2,4,2,2,4,4,3,3,5,5,5,5,1,1,1,1,5,1,1,1,5,5,5,5,5,1,1,1,1,5,3,5,5,3,3,5,5,5,5,5,1,5,3,3,5,5,5,5,5,5,5,3,3,3,3,1,5,5,5,5,3,2,4,5,5,5,3,5,5,5,5,5,5,5,5,5,5,2,2,5,5,5,5,4,4,4,4,4,4,4,4,3,3,3,3,3,3,3,3","0.000506877899169922","louvain","edit-xhwikibooks.graphml"
"0.58","0.18","0.24","0.411023081952255","1,1,2,3,2,3,2,3,3,3,2,2,3,3,3,3,3,2,4,2,5,1,3,3,3,3,3,3,1,3,2,4,2,2,4,4,3,3,5,5,5,5,1,1,1,1,5,1,1,1,5,5,5,5,5,1,1,1,1,5,3,5,5,3,3,5,5,5,5,5,1,5,3,3,5,5,5,5,5,5,5,3,3,3,3,1,5,5,5,5,3,2,4,5,5,5,3,5,5,5,5,5,5,5,5,5,5,2,2,5,5,5,5,4,4,4,4,4,4,4,4,3,3,3,3,3,3,3,3","0.000575065612792969","louvain","edit-xhwikibooks.graphml"
"0.57","0.19","0.24","0.410619291780163","1,1,2,3,2,3,2,3,3,3,2,2,3,3,3,3,3,2,4,2,5,1,3,3,3,3,3,3,1,3,2,4,2,2,4,4,3,3,5,5,5,5,1,1,1,1,5,1,1,1,5,5,5,5,5,1,1,1,1,5,3,5,5,3,3,5,5,5,5,5,1,5,3,3,5,5,5,5,5,5,5,3,3,3,3,1,5,5,5,5,3,2,4,5,5,5,3,5,5,5,5,5,5,5,5,5,5,2,2,5,5,5,5,4,4,4,4,4,4,4,4,3,3,3,3,3,3,3,3","0.000535011291503906","louvain","edit-xhwikibooks.graphml"
"0.56","0.2","0.24","0.41301190567289","1,1,2,3,2,3,2,3,3,3,2,2,3,3,3,3,3,2,4,2,5,1,3,3,3,3,3,3,1,3,2,4,2,2,4,4,3,3,5,5,5,5,1,1,1,1,5,1,1,1,5,5,5,5,5,1,1,1,1,5,3,5,5,3,3,5,5,5,5,5,1,5,3,3,5,5,5,5,5,5,5,3,3,3,3,1,5,5,5,5,3,2,4,5,5,5,3,5,5,5,5,5,5,5,5,5,5,2,2,5,5,5,5,4,4,4,4,4,4,4,4,3,3,3,3,3,3,3,3","0.000509977340698242","louvain","edit-xhwikibooks.graphml"
"0.55","0.21","0.24","0.405481223632439","1,1,2,2,2,3,2,3,3,3,2,2,3,3,3,3,3,2,4,2,5,1,3,3,3,3,3,3,1,3,2,4,2,2,4,4,3,3,5,5,5,5,1,1,1,1,5,1,1,1,5,5,5,5,5,1,1,1,1,5,3,5,5,3,3,5,5,5,5,5,1,5,3,3,5,5,5,5,5,5,5,3,3,3,3,1,5,5,5,5,3,2,4,5,5,5,3,5,5,5,5,5,5,5,5,5,5,2,2,5,5,5,5,4,4,4,4,4,4,4,4,3,3,3,3,3,3,3,3","0.000633001327514648","louvain","edit-xhwikibooks.graphml"
"0.54","0.22","0.24","0.405481223632439","1,1,2,2,2,3,2,3,3,3,2,2,3,3,3,3,3,2,4,2,5,1,3,3,3,3,3,3,1,3,2,4,2,2,4,4,3,3,5,5,5,5,1,1,1,1,5,1,1,1,5,5,5,5,5,1,1,1,1,5,3,5,5,3,3,5,5,5,5,5,1,5,3,3,5,5,5,5,5,5,5,3,3,3,3,1,5,5,5,5,3,2,4,5,5,5,3,5,5,5,5,5,5,5,5,5,5,2,2,5,5,5,5,4,4,4,4,4,4,4,4,3,3,3,3,3,3,3,3","0.0260992050170898","louvain","edit-xhwikibooks.graphml"
"0.53","0.23","0.24","0.407581317096619","1,1,2,2,2,3,2,3,3,3,2,2,3,3,3,3,3,2,4,2,5,1,3,3,3,3,3,3,1,3,2,4,2,2,4,4,3,3,5,5,5,5,1,1,1,1,5,1,1,1,5,5,5,5,5,1,1,1,1,5,3,5,5,3,3,5,5,5,5,5,1,5,3,3,5,5,5,5,5,5,5,3,3,3,3,1,5,5,5,5,3,2,4,5,5,5,3,5,5,5,5,5,5,5,5,5,5,2,2,5,5,5,5,4,4,4,4,4,4,4,4,3,3,3,3,3,3,3,3","0.000668048858642578","louvain","edit-xhwikibooks.graphml"
"0.52","0.24","0.24","0.408857708640665","1,1,2,2,2,3,2,3,3,3,2,2,3,3,3,3,3,2,4,2,5,1,3,3,3,3,3,3,1,3,2,4,2,2,4,4,3,3,5,5,5,5,1,1,1,1,5,1,1,1,5,5,5,5,5,1,1,1,1,5,3,5,5,3,3,5,5,5,5,5,1,5,3,3,5,5,5,5,5,5,5,3,3,3,3,1,5,5,5,5,3,2,4,5,5,5,3,5,5,5,5,5,5,5,5,5,5,2,2,5,5,5,5,4,4,4,4,4,4,4,4,3,3,3,3,3,3,3,3","0.000599861145019531","louvain","edit-xhwikibooks.graphml"
"0.51","0.25","0.24","0.405277091053956","1,1,1,1,1,2,3,2,2,2,3,3,2,2,2,2,2,3,3,3,4,1,2,2,2,2,2,2,1,2,3,3,3,3,3,3,2,2,4,4,4,4,1,1,1,1,4,1,1,1,4,4,4,4,4,1,1,1,1,4,5,4,4,2,2,4,4,4,4,4,1,4,2,2,4,4,4,4,4,4,4,2,2,2,2,6,4,4,4,4,7,8,9,4,4,4,2,4,4,4,4,4,4,4,4,4,4,3,3,4,4,4,4,3,3,3,3,3,3,3,3,2,2,2,2,2,2,2,2","0.000526905059814453","louvain","edit-xhwikibooks.graphml"
"0.5","0.26","0.24","0.407953853549111","1,1,2,2,2,3,2,3,3,3,2,2,3,3,3,3,3,2,4,2,5,1,3,3,3,3,3,3,1,3,2,4,2,2,4,4,3,3,5,5,5,5,1,1,1,1,5,1,1,1,5,5,5,5,5,1,1,1,1,5,6,5,5,3,3,5,5,5,5,5,1,5,3,3,5,5,5,5,5,5,5,3,3,3,3,7,5,5,5,5,8,9,10,5,5,5,3,5,5,5,5,5,5,5,5,5,5,2,2,5,5,5,5,4,4,4,4,4,4,4,4,3,3,3,3,3,3,3,3","0.000547885894775391","louvain","edit-xhwikibooks.graphml"
"0.49","0.27","0.24","0.407953853549111","1,1,2,2,2,3,2,3,3,3,2,2,3,3,3,3,3,2,4,2,5,1,3,3,3,3,3,3,1,3,2,4,2,2,4,4,3,3,5,5,5,5,1,1,1,1,5,1,1,1,5,5,5,5,5,1,1,1,1,5,6,5,5,3,3,5,5,5,5,5,1,5,3,3,5,5,5,5,5,5,5,3,3,3,3,7,5,5,5,5,8,9,10,5,5,5,3,5,5,5,5,5,5,5,5,5,5,2,2,5,5,5,5,4,4,4,4,4,4,4,4,3,3,3,3,3,3,3,3","0.000715017318725586","louvain","edit-xhwikibooks.graphml"
"0.48","0.28","0.24","0.407551132286261","1,1,2,2,2,3,2,3,3,3,2,2,3,3,3,3,3,2,4,2,5,1,3,3,3,3,3,3,1,3,2,4,2,2,4,4,3,3,5,5,5,5,1,1,1,1,5,1,1,1,5,5,5,5,5,1,1,1,1,5,6,5,5,3,3,5,5,5,5,5,1,5,3,3,5,5,5,5,5,5,5,3,3,3,3,7,5,5,5,5,8,9,10,5,5,5,3,5,5,5,5,5,5,5,5,5,5,2,2,5,5,5,5,4,4,4,4,4,4,4,4,3,3,3,3,3,3,3,3","0.000607013702392578","louvain","edit-xhwikibooks.graphml"
"0.47","0.29","0.24","0.42935687417228","1,1,2,2,2,3,2,3,3,3,2,2,3,3,3,3,3,2,4,2,5,1,3,3,3,3,3,3,1,3,2,4,2,2,4,4,3,3,5,5,5,5,1,1,1,1,5,1,1,1,5,5,5,5,5,1,1,1,1,5,6,5,5,3,3,5,5,5,5,5,1,5,3,3,5,5,5,5,5,5,5,3,3,3,3,7,5,5,5,5,8,9,10,5,5,5,3,5,5,5,5,5,5,5,5,5,5,2,2,5,5,5,5,4,4,4,4,4,4,4,4,3,3,3,3,3,3,3,3","0.000492095947265625","louvain","edit-xhwikibooks.graphml"
"0.46","0.3","0.24","0.428919185564357","1,1,2,2,2,3,2,3,3,3,2,2,3,3,3,3,3,2,4,2,5,1,3,3,3,3,3,3,1,3,2,4,2,2,4,4,3,3,5,5,5,5,1,1,1,1,5,1,1,1,5,5,5,5,5,1,1,1,1,5,6,5,5,3,3,5,5,5,5,5,1,5,3,3,5,5,5,5,5,5,5,3,3,3,3,7,5,5,5,5,8,9,10,5,5,5,3,5,5,5,5,5,5,5,5,5,5,2,2,5,5,5,5,4,4,4,4,4,4,4,4,3,3,3,3,3,3,3,3","0.000502824783325195","louvain","edit-xhwikibooks.graphml"
"0.45","0.31","0.24","0.430200659178861","1,1,2,2,2,3,2,3,3,3,2,2,3,3,3,3,3,2,4,2,5,1,3,3,3,3,3,3,1,3,2,4,2,2,4,4,3,3,5,5,5,5,1,1,1,1,5,1,1,1,5,5,5,5,5,1,1,1,1,5,6,5,5,3,3,5,5,5,5,5,1,5,3,3,5,5,5,5,5,5,5,3,3,3,3,7,5,5,5,5,8,9,10,5,5,5,3,5,5,5,5,5,5,5,5,5,5,2,2,5,5,5,5,4,4,4,4,4,4,4,4,3,3,3,3,3,3,3,3","0.000505208969116211","louvain","edit-xhwikibooks.graphml"
"0.44","0.32","0.24","0.429763555555556","1,1,2,2,2,3,2,3,3,3,2,2,3,3,3,3,3,2,4,2,5,1,3,3,3,3,3,3,1,3,2,4,2,2,4,4,3,3,5,5,5,5,1,1,1,1,5,1,1,1,5,5,5,5,5,1,1,1,1,5,6,5,5,3,3,5,5,5,5,5,1,5,3,3,5,5,5,5,5,5,5,3,3,3,3,7,5,5,5,5,8,9,10,5,5,5,3,5,5,5,5,5,5,5,5,5,5,2,2,5,5,5,5,4,4,4,4,4,4,4,4,3,3,3,3,3,3,3,3","0.000535011291503906","louvain","edit-xhwikibooks.graphml"
"0.43","0.33","0.24","0.429763555555556","1,1,2,2,2,3,2,3,3,3,2,2,3,3,3,3,3,2,4,2,5,1,3,3,3,3,3,3,1,3,2,4,2,2,4,4,3,3,5,5,5,5,1,1,1,1,5,1,1,1,5,5,5,5,5,1,1,1,1,5,6,5,5,3,3,5,5,5,5,5,1,5,3,3,5,5,5,5,5,5,5,3,3,3,3,7,5,5,5,5,8,9,10,5,5,5,3,5,5,5,5,5,5,5,5,5,5,2,2,5,5,5,5,4,4,4,4,4,4,4,4,3,3,3,3,3,3,3,3","0.00050806999206543","louvain","edit-xhwikibooks.graphml"
"0.42","0.34","0.24","0.446691443461916","1,1,2,2,2,3,2,3,3,3,2,2,3,3,3,3,3,2,4,2,5,1,3,3,3,3,3,3,1,3,2,4,2,2,4,4,3,3,5,5,5,5,1,1,1,1,5,1,1,1,5,5,5,5,5,1,1,1,1,5,6,5,5,3,3,5,5,5,5,5,1,5,3,3,5,5,5,5,5,5,5,3,3,3,3,7,5,5,5,5,8,9,10,5,5,5,3,5,5,5,5,5,5,5,5,5,5,2,2,5,5,5,5,4,4,4,4,4,4,4,4,3,3,3,3,3,3,3,3","0.000504970550537109","louvain","edit-xhwikibooks.graphml"
"0.41","0.35","0.24","0.446691443461916","1,1,2,2,2,3,2,3,3,3,2,2,3,3,3,3,3,2,4,2,5,1,3,3,3,3,3,3,1,3,2,4,2,2,4,4,3,3,5,5,5,5,1,1,1,1,5,1,1,1,5,5,5,5,5,1,1,1,1,5,6,5,5,3,3,5,5,5,5,5,1,5,3,3,5,5,5,5,5,5,5,3,3,3,3,7,5,5,5,5,8,9,10,5,5,5,3,5,5,5,5,5,5,5,5,5,5,2,2,5,5,5,5,4,4,4,4,4,4,4,4,3,3,3,3,3,3,3,3","0.000494956970214844","louvain","edit-xhwikibooks.graphml"
"0.4","0.36","0.24","0.439051246537396","1,1,2,2,2,3,2,3,3,3,2,2,3,3,3,3,3,2,4,2,5,1,3,3,3,3,3,3,1,3,2,4,2,2,4,4,3,3,5,5,5,5,1,1,1,1,5,1,1,1,5,5,5,5,5,1,1,1,1,5,6,5,5,3,3,5,5,5,5,5,1,5,3,3,5,5,5,5,5,5,5,3,3,3,3,7,5,5,5,5,8,9,10,5,5,5,3,5,5,5,5,5,5,5,5,5,5,2,2,5,5,5,5,4,4,4,4,4,4,4,4,3,3,3,3,3,3,3,3","0.000493049621582031","louvain","edit-xhwikibooks.graphml"
"0.39","0.37","0.24","0.439575831024931","1,1,2,2,2,3,2,3,3,3,2,2,3,3,3,3,3,2,4,2,5,1,3,3,3,3,3,3,1,3,2,4,2,2,4,4,6,3,5,5,5,5,1,1,1,1,5,1,1,1,5,5,5,5,5,1,1,1,1,5,7,5,5,3,3,5,5,5,5,5,1,5,3,3,5,5,5,5,5,5,5,3,3,3,3,8,5,5,5,5,9,10,11,5,5,5,3,5,5,5,5,5,5,5,5,5,5,2,2,5,5,5,5,4,4,4,4,4,4,4,4,6,6,6,6,6,6,6,6","0.000519037246704102","louvain","edit-xhwikibooks.graphml"
"0.38","0.38","0.24","0.438614728182884","1,1,2,2,2,3,2,3,3,3,2,2,3,3,3,3,3,2,4,2,5,1,3,3,3,3,3,3,1,3,2,4,2,2,4,4,3,3,5,5,5,5,1,1,1,1,5,1,1,1,5,5,5,5,5,1,1,1,1,5,6,5,5,3,3,5,5,5,5,5,1,5,3,3,5,5,5,5,5,5,5,3,3,3,3,7,5,5,5,5,8,9,10,5,5,5,3,5,5,5,5,5,5,5,5,5,5,2,2,5,5,5,5,4,4,4,4,4,4,4,4,3,3,3,3,3,3,3,3","0.000566959381103516","louvain","edit-xhwikibooks.graphml"
"0.37","0.39","0.24","0.440357602937428","1,1,2,2,2,3,2,3,3,3,2,2,3,3,3,3,3,2,4,2,5,1,3,3,3,3,3,3,1,3,2,4,2,2,4,4,6,3,5,5,5,5,1,1,1,1,5,1,1,1,5,5,5,5,5,1,1,1,1,5,7,5,5,3,3,5,5,5,5,5,1,5,3,3,5,5,5,5,5,5,5,3,3,3,3,8,5,5,5,5,9,10,11,5,5,5,3,5,5,5,5,5,5,5,5,5,5,2,2,5,5,5,5,4,4,4,4,4,4,4,4,6,6,6,6,6,6,6,6","0.000522136688232422","louvain","edit-xhwikibooks.graphml"
"0.36","0.4","0.24","0.438220320885086","1,1,2,2,2,2,2,3,3,2,2,2,3,3,3,2,2,2,4,2,5,1,3,3,3,3,3,2,1,2,2,4,2,2,4,4,3,3,5,5,5,5,1,1,1,1,5,1,1,1,5,5,5,5,5,1,1,1,1,5,6,5,5,3,3,5,5,5,5,5,1,5,3,3,5,5,5,5,5,5,5,3,2,2,2,7,5,5,5,5,8,9,10,5,5,5,2,5,5,5,5,5,5,5,5,5,5,2,2,5,5,5,5,4,4,4,4,4,4,4,4,3,3,3,3,3,3,3,3","0.000525951385498047","louvain","edit-xhwikibooks.graphml"
"0.35","0.41","0.24","0.438683599589421","1,1,2,2,2,3,2,3,3,3,2,2,3,3,3,3,3,2,4,2,5,1,3,3,3,3,3,3,1,3,2,4,2,2,4,4,6,3,5,5,5,5,1,1,1,1,5,1,1,1,5,5,5,5,5,1,1,1,1,5,7,5,5,3,3,5,5,5,5,5,1,5,3,3,5,5,5,5,5,5,5,3,3,3,3,8,5,5,5,5,9,10,11,5,5,5,3,5,5,5,5,5,5,5,5,5,5,2,2,5,5,5,5,4,4,4,4,4,4,4,4,6,6,6,6,6,6,6,6","0.000545024871826172","louvain","edit-xhwikibooks.graphml"
"0.34","0.42","0.24","0.437781812497745","1,1,2,2,2,2,2,3,3,2,2,2,3,3,3,2,2,2,4,2,5,1,3,3,3,3,3,2,1,2,2,4,2,2,4,4,3,3,5,5,5,5,1,1,1,1,5,1,1,1,5,5,5,5,5,1,1,1,1,5,6,5,5,3,3,5,5,5,5,5,1,5,3,3,5,5,5,5,5,5,5,3,2,2,2,7,5,5,5,5,8,9,10,5,5,5,2,5,5,5,5,5,5,5,5,5,5,2,2,5,5,5,5,4,4,4,4,4,4,4,4,3,3,3,3,3,3,3,3","0.000529050827026367","louvain","edit-xhwikibooks.graphml"
"0.33","0.43","0.24","0.440208466828997","1,1,2,2,2,2,2,3,3,2,2,2,3,3,3,2,2,2,4,2,5,1,3,3,3,3,3,2,1,2,2,4,2,2,4,4,3,3,5,5,5,5,1,1,1,1,5,1,1,1,5,5,5,5,5,1,1,1,1,5,6,5,5,3,3,5,5,5,5,5,1,5,3,3,5,5,5,5,5,5,5,3,2,2,2,7,5,5,5,5,8,9,10,5,5,5,2,5,5,5,5,5,5,5,5,5,5,2,2,5,5,5,5,4,4,4,4,4,4,4,4,3,3,3,3,3,3,3,3","0.00053095817565918","louvain","edit-xhwikibooks.graphml"
"0.32","0.44","0.24","0.43977053494127","1,1,2,2,2,2,2,3,3,2,2,2,3,3,3,2,2,2,4,2,5,1,3,3,3,3,3,2,1,2,2,4,2,2,4,4,3,3,5,5,5,5,1,1,1,1,5,1,1,1,5,5,5,5,5,1,1,1,1,5,6,5,5,3,3,5,5,5,5,5,1,5,3,3,5,5,5,5,5,5,5,3,2,2,2,7,5,5,5,5,8,9,10,5,5,5,2,5,5,5,5,5,5,5,5,5,5,2,2,5,5,5,5,4,4,4,4,4,4,4,4,3,3,3,3,3,3,3,3","0.000717878341674805","louvain","edit-xhwikibooks.graphml"
"0.31","0.45","0.24","0.439241317442009","1,1,2,2,2,3,2,3,3,3,2,2,3,3,3,4,3,2,5,2,6,1,3,3,3,3,3,4,1,3,2,5,2,2,5,5,3,3,6,6,6,6,1,1,1,1,6,1,1,1,6,6,6,6,6,1,1,1,1,6,7,6,6,3,3,6,6,6,6,6,1,6,3,3,6,6,6,6,6,6,6,3,4,4,4,8,6,6,6,6,9,10,11,6,6,6,4,6,6,6,6,6,6,6,6,6,6,2,2,6,6,6,6,5,5,5,5,5,5,5,5,3,3,3,3,3,3,3,3","0.000636100769042969","louvain","edit-xhwikibooks.graphml"
"0.3","0.46","0.24","0.438804204814267","1,1,2,2,2,3,2,3,3,3,2,2,3,3,3,4,3,2,5,2,6,1,3,3,3,3,3,4,1,3,2,5,2,2,5,5,3,3,6,6,6,6,1,1,1,1,6,1,1,1,6,6,6,6,6,1,1,1,1,6,7,6,6,3,3,6,6,6,6,6,1,6,3,3,6,6,6,6,6,6,6,3,4,4,4,8,6,6,6,6,9,10,11,6,6,6,4,6,6,6,6,6,6,6,6,6,6,2,2,6,6,6,6,5,5,5,5,5,5,5,5,3,3,3,3,3,3,3,3","0.000612974166870117","louvain","edit-xhwikibooks.graphml"
"0.29","0.47","0.24","0.44002352585209","1,1,2,2,2,3,2,3,3,3,2,2,3,3,3,4,3,2,5,2,6,1,3,3,3,3,3,4,1,3,2,5,2,2,5,5,3,3,6,6,6,6,1,1,1,1,6,1,1,1,6,6,6,6,6,1,1,1,1,6,7,6,6,3,3,6,6,6,6,6,1,6,3,3,6,6,6,6,6,6,6,3,4,4,4,8,6,6,6,6,9,10,11,6,6,6,4,6,6,6,6,6,6,6,6,6,6,2,2,6,6,6,6,5,5,5,5,5,5,5,5,3,3,3,3,3,3,3,3","0.000603914260864258","louvain","edit-xhwikibooks.graphml"
"0.28","0.48","0.24","0.439587063259549","1,1,2,2,2,3,2,3,3,3,2,2,3,3,3,4,3,2,5,2,6,1,3,3,3,3,3,4,1,3,2,5,2,2,5,5,3,3,6,6,6,6,1,1,1,1,6,1,1,1,6,6,6,6,6,1,1,1,1,6,7,6,6,3,3,6,6,6,6,6,1,6,3,3,6,6,6,6,6,6,6,3,4,4,4,8,6,6,6,6,9,10,11,6,6,6,4,6,6,6,6,6,6,6,6,6,6,2,2,6,6,6,6,5,5,5,5,5,5,5,5,3,3,3,3,3,3,3,3","0.000611066818237305","louvain","edit-xhwikibooks.graphml"
"0.27","0.49","0.24","0.428606734845901","1,1,2,2,2,3,2,3,3,3,2,2,3,3,3,3,4,2,5,2,6,1,3,3,3,3,3,3,1,7,8,5,2,2,5,5,3,3,6,6,6,6,1,1,1,1,6,1,1,1,6,6,6,6,6,1,1,1,1,6,9,6,6,10,11,6,6,6,6,6,1,6,3,3,6,6,6,6,6,6,6,12,3,3,3,13,6,6,6,6,14,15,16,6,6,6,17,6,6,6,6,6,6,6,6,6,6,18,19,6,6,6,6,5,5,5,5,5,5,5,5,3,3,3,3,3,3,3,3","0.00049901008605957","louvain","edit-xhwikibooks.graphml"
"0.26","0.5","0.24","0.478505262798751","1,1,2,2,2,3,2,3,3,3,2,2,3,3,3,4,5,2,6,2,7,1,3,3,3,3,3,4,1,8,9,6,2,2,6,6,10,3,7,7,7,7,1,1,1,1,7,1,1,1,7,7,7,7,7,1,1,1,1,7,11,7,7,12,13,7,7,7,7,7,1,7,3,3,7,7,7,7,7,7,7,14,4,4,4,15,7,7,7,7,16,17,18,7,7,7,19,7,7,7,7,7,7,7,7,7,7,20,21,7,7,7,7,6,6,6,6,6,6,6,6,10,10,10,10,10,10,10,10","0.000525951385498047","louvain","edit-xhwikibooks.graphml"
"0.25","0.51","0.24","0.4783400976103","1,1,2,2,2,3,2,3,3,3,2,2,3,3,3,4,5,2,6,2,7,1,3,3,3,3,3,4,1,8,9,6,2,2,6,6,3,3,7,7,7,7,1,1,1,1,7,1,1,1,7,7,7,7,7,1,1,1,1,7,10,7,7,11,12,7,7,7,7,7,1,7,3,3,7,7,7,7,7,7,7,13,4,4,4,14,7,7,7,7,15,16,17,7,7,7,18,7,7,7,7,7,7,7,7,7,7,19,20,7,7,7,7,6,6,6,6,6,6,6,6,3,3,3,3,3,3,3,3","0.000478982925415039","louvain","edit-xhwikibooks.graphml"
"0.24","0.52","0.24","0.479411091309621","1,1,2,2,2,3,2,3,3,3,2,2,3,3,3,4,5,2,6,2,7,1,3,3,3,3,3,4,1,8,9,6,2,2,6,6,3,3,7,7,7,7,1,1,1,1,7,1,1,1,7,7,7,7,7,1,1,1,1,7,10,7,7,11,12,7,7,7,7,7,1,7,3,3,7,7,7,7,7,7,7,13,4,4,4,14,7,7,7,7,15,16,17,7,7,7,18,7,7,7,7,7,7,7,7,7,7,19,20,7,7,7,7,6,6,6,6,6,6,6,6,3,3,3,3,3,3,3,3","0.00053095817565918","louvain","edit-xhwikibooks.graphml"
"0.23","0.53","0.24","0.479457501051954","1,1,2,2,2,3,2,3,3,3,2,2,3,3,3,3,4,2,5,2,6,1,3,3,3,3,3,3,1,7,8,5,2,2,5,5,9,3,6,6,6,6,1,1,1,1,6,1,1,1,6,6,6,6,6,1,1,1,1,6,10,6,6,11,12,6,6,6,6,6,1,6,3,3,6,6,6,6,6,6,6,13,3,3,3,14,6,6,6,6,15,16,17,6,6,6,18,6,6,6,6,6,6,6,6,6,6,19,20,6,6,6,6,5,5,5,5,5,5,5,5,9,9,9,9,9,9,9,9","0.000497102737426758","louvain","edit-xhwikibooks.graphml"
"0.22","0.54","0.24","0.480630376914471","1,1,2,2,2,3,2,3,3,3,2,2,3,3,3,4,5,2,6,2,7,1,3,3,3,3,3,4,1,8,9,6,2,2,6,6,10,3,7,7,7,7,1,1,1,1,7,1,1,1,7,7,7,7,7,1,1,1,1,7,11,7,7,12,13,7,7,7,7,7,1,7,3,3,7,7,7,7,7,7,7,14,4,4,4,15,7,7,7,7,16,17,18,7,7,7,19,7,7,7,7,7,7,7,7,7,7,20,21,7,7,7,7,6,6,6,6,6,6,6,6,10,10,10,10,10,10,10,10","0.000530004501342773","louvain","edit-xhwikibooks.graphml"
"0.21","0.55","0.24","0.480188136125461","1,1,2,2,2,3,2,3,3,3,2,2,3,3,3,4,5,2,6,2,7,1,3,3,3,3,3,4,1,8,9,6,2,2,6,6,10,3,7,7,7,7,1,1,1,1,7,1,1,1,7,7,7,7,7,1,1,1,1,7,11,7,7,12,13,7,7,7,7,7,1,7,3,3,7,7,7,7,7,7,7,14,4,4,4,15,7,7,7,7,16,17,18,7,7,7,19,7,7,7,7,7,7,7,7,7,7,20,21,7,7,7,7,6,6,6,6,6,6,6,6,10,10,10,10,10,10,10,10","0.000571012496948242","louvain","edit-xhwikibooks.graphml"
"0.2","0.56","0.24","0.483408227282381","1,1,2,2,2,3,2,3,3,3,2,2,3,3,3,4,5,2,6,2,7,1,3,3,3,3,3,4,1,8,9,6,2,2,6,6,10,3,7,7,7,7,1,1,1,1,7,1,1,1,7,7,7,7,7,1,1,1,1,7,11,7,7,12,13,7,7,7,7,7,1,7,3,3,7,7,7,7,7,7,7,14,4,4,4,15,7,7,7,7,16,17,18,7,7,7,19,7,7,7,7,7,7,7,7,7,7,20,21,7,7,7,7,6,6,6,6,6,6,6,6,10,10,10,10,10,10,10,10","0.000540971755981445","louvain","edit-xhwikibooks.graphml"
"0.19","0.57","0.24","0.48296677335772","1,1,2,2,2,3,2,3,3,3,2,2,3,3,3,4,5,2,6,2,7,1,3,3,3,3,3,4,1,8,9,6,2,2,6,6,10,3,7,7,7,7,1,1,1,1,7,1,1,1,7,7,7,7,7,1,1,1,1,7,11,7,7,12,13,7,7,7,7,7,1,7,3,3,7,7,7,7,7,7,7,14,4,4,4,15,7,7,7,7,16,17,18,7,7,7,19,7,7,7,7,7,7,7,7,7,7,20,21,7,7,7,7,6,6,6,6,6,6,6,6,10,10,10,10,10,10,10,10","0.000552177429199219","louvain","edit-xhwikibooks.graphml"
"0.18","0.58","0.24","0.485004034312893","1,1,2,2,2,3,2,3,3,3,2,2,3,3,3,4,5,2,6,2,7,1,3,3,3,3,3,4,1,8,9,6,2,2,6,6,10,3,7,7,7,7,1,1,1,1,7,1,1,1,7,7,7,7,7,1,1,1,1,7,11,7,7,12,13,7,7,7,7,7,1,7,3,3,7,7,7,7,7,7,7,14,4,4,4,15,7,7,7,7,16,17,18,7,7,7,19,7,7,7,7,7,7,7,7,7,7,20,21,7,7,7,7,6,6,6,6,6,6,6,6,10,10,10,10,10,10,10,10","0.00058293342590332","louvain","edit-xhwikibooks.graphml"
"0.17","0.59","0.24","0.485728105814101","1,1,2,2,2,3,2,3,3,3,2,2,3,3,3,4,5,2,6,2,7,1,3,3,3,3,3,4,1,8,9,6,2,2,6,6,10,3,7,7,7,7,1,1,1,1,7,1,1,1,7,7,7,7,7,1,1,1,1,7,11,7,7,12,13,7,7,7,7,7,1,7,3,3,7,7,7,7,7,7,7,14,4,4,4,15,7,7,7,7,16,17,18,7,7,7,19,7,7,7,7,7,7,7,7,7,7,20,21,7,7,7,7,6,6,6,6,6,6,6,6,10,10,10,10,10,10,10,10","0.000603914260864258","louvain","edit-xhwikibooks.graphml"
"0.16","0.6","0.24","0.487807423827374","1,1,2,2,2,3,2,3,3,3,2,2,3,3,3,4,5,2,6,2,7,1,3,3,3,3,3,4,1,8,9,6,2,2,6,6,10,3,7,7,7,7,1,1,1,1,7,1,1,1,7,7,7,7,7,1,1,1,1,7,11,7,7,12,13,7,7,7,7,7,1,7,3,3,7,7,7,7,7,7,7,14,4,4,4,15,7,7,7,7,16,17,18,7,7,7,19,7,7,7,7,7,7,7,7,7,7,20,21,7,7,7,7,6,6,6,6,6,6,6,6,10,10,10,10,10,10,10,10","0.000610113143920898","louvain","edit-xhwikibooks.graphml"
"0.15","0.61","0.24","0.487367582087495","1,1,2,2,2,3,2,3,3,3,2,2,3,3,3,4,5,2,6,2,7,1,3,3,3,3,3,4,1,8,9,6,2,2,6,6,10,3,7,7,7,7,1,1,1,1,7,1,1,1,7,7,7,7,7,1,1,1,1,7,11,7,7,12,13,7,7,7,7,7,1,7,3,3,7,7,7,7,7,7,7,14,4,4,4,15,7,7,7,7,16,17,18,7,7,7,19,7,7,7,7,7,7,7,7,7,7,20,21,7,7,7,7,6,6,6,6,6,6,6,6,10,10,10,10,10,10,10,10","0.000581979751586914","louvain","edit-xhwikibooks.graphml"
"0.14","0.62","0.24","0.488388549805417","1,1,2,2,2,3,2,3,3,3,2,2,3,3,3,4,5,2,6,2,7,1,3,3,3,3,3,4,1,8,9,6,2,2,6,6,10,3,7,7,7,7,1,1,1,1,7,1,1,1,7,7,7,7,7,1,1,1,1,7,11,7,7,12,13,7,7,7,7,7,1,7,3,3,7,7,7,7,7,7,7,14,4,4,4,15,7,7,7,7,16,17,18,7,7,7,19,7,7,7,7,7,7,7,7,7,7,20,21,7,7,7,7,6,6,6,6,6,6,6,6,10,10,10,10,10,10,10,10","0.000562906265258789","louvain","edit-xhwikibooks.graphml"
"0.13","0.63","0.24","0.487949508096028","1,1,2,2,2,3,2,3,3,3,2,2,3,3,3,4,5,2,6,2,7,1,3,3,3,3,3,4,1,8,9,6,2,2,6,6,10,3,7,7,7,7,1,1,1,1,7,1,1,1,7,7,7,7,7,1,1,1,1,7,11,7,7,12,13,7,7,7,7,7,1,7,3,3,7,7,7,7,7,7,7,14,4,4,4,15,7,7,7,7,16,17,18,7,7,7,19,7,7,7,7,7,7,7,7,7,7,20,21,7,7,7,7,6,6,6,6,6,6,6,6,10,10,10,10,10,10,10,10","0.000507116317749023","louvain","edit-xhwikibooks.graphml"
"0.12","0.64","0.24","0.487949508096028","1,1,2,2,2,3,2,3,3,3,2,2,3,3,3,4,5,2,6,2,7,1,3,3,3,3,3,4,1,8,9,6,2,2,6,6,10,3,7,7,7,7,1,1,1,1,7,1,1,1,7,7,7,7,7,1,1,1,1,7,11,7,7,12,13,7,7,7,7,7,1,7,3,3,7,7,7,7,7,7,7,14,4,4,4,15,7,7,7,7,16,17,18,7,7,7,19,7,7,7,7,7,7,7,7,7,7,20,21,7,7,7,7,6,6,6,6,6,6,6,6,10,10,10,10,10,10,10,10","0.000498056411743164","louvain","edit-xhwikibooks.graphml"
"0.11","0.65","0.24","0.486478045086103","1,1,2,2,2,3,2,3,3,3,2,2,3,3,3,4,5,2,6,2,7,1,3,3,3,3,3,4,1,8,9,6,2,2,6,6,10,3,7,7,7,7,1,1,1,1,7,1,1,1,7,7,7,7,7,1,1,1,1,7,11,7,7,12,13,7,7,7,7,7,1,7,3,3,7,7,7,7,7,7,7,14,4,4,4,15,7,7,7,7,16,17,18,7,7,7,19,7,7,7,7,7,7,7,7,7,7,20,21,7,7,7,7,6,6,6,6,6,6,6,6,10,10,10,10,10,10,10,10","0.000542163848876953","louvain","edit-xhwikibooks.graphml"
"0.1","0.66","0.24","0.486478045086103","1,1,2,2,2,3,2,3,3,3,2,2,3,3,3,4,5,2,6,2,7,1,3,3,3,3,3,4,1,8,9,6,2,2,6,6,10,3,7,7,7,7,1,1,1,1,7,1,1,1,7,7,7,7,7,1,1,1,1,7,11,7,7,12,13,7,7,7,7,7,1,7,3,3,7,7,7,7,7,7,7,14,4,4,4,15,7,7,7,7,16,17,18,7,7,7,19,7,7,7,7,7,7,7,7,7,7,20,21,7,7,7,7,6,6,6,6,6,6,6,6,10,10,10,10,10,10,10,10","0.000540971755981445","louvain","edit-xhwikibooks.graphml"
"0.09","0.67","0.24","0.500649120990977","1,1,2,2,2,3,2,3,3,3,2,2,3,3,3,4,5,2,6,2,7,1,3,3,3,3,3,4,1,8,9,6,2,2,6,6,10,3,7,7,7,7,1,1,1,1,7,1,1,1,7,7,7,7,7,1,1,1,1,7,11,7,7,12,13,7,7,7,7,7,1,7,3,3,7,7,7,7,7,7,7,14,4,4,4,15,7,7,7,7,16,17,18,7,7,7,19,7,7,7,7,7,7,7,7,7,7,20,21,7,7,7,7,6,6,6,6,6,6,6,6,10,10,10,10,10,10,10,10","0.000507831573486328","louvain","edit-xhwikibooks.graphml"
"0.08","0.68","0.24","0.500649120990977","1,1,2,2,2,3,2,3,3,3,2,2,3,3,3,4,5,2,6,2,7,1,3,3,3,3,3,4,1,8,9,6,2,2,6,6,10,3,7,7,7,7,1,1,1,1,7,1,1,1,7,7,7,7,7,1,1,1,1,7,11,7,7,12,13,7,7,7,7,7,1,7,3,3,7,7,7,7,7,7,7,14,4,4,4,15,7,7,7,7,16,17,18,7,7,7,19,7,7,7,7,7,7,7,7,7,7,20,21,7,7,7,7,6,6,6,6,6,6,6,6,10,10,10,10,10,10,10,10","0.000554084777832031","louvain","edit-xhwikibooks.graphml"
"0.07","0.69","0.24","0.497448451331599","1,1,2,2,2,2,3,4,2,2,3,3,4,4,4,2,5,3,6,3,7,1,4,4,4,4,4,2,1,8,9,6,3,3,6,6,4,4,7,7,7,7,1,1,1,1,7,1,1,1,7,7,7,7,7,1,1,1,1,7,10,7,7,11,12,7,7,7,7,7,1,7,4,4,7,7,7,7,7,7,7,13,2,2,2,14,7,7,7,7,15,16,17,7,7,7,18,7,7,7,7,7,7,7,7,7,7,19,20,7,7,7,7,6,6,6,6,6,6,6,6,4,4,4,4,4,4,4,4","0.000505924224853516","louvain","edit-xhwikibooks.graphml"
"0.06","0.7","0.24","0.498461480676775","1,1,2,2,2,3,2,3,3,3,2,2,3,3,3,4,5,2,6,2,7,1,3,3,3,3,3,4,1,8,9,6,2,2,6,6,10,3,7,7,7,7,1,1,1,1,7,1,1,1,7,7,7,7,7,1,1,1,1,7,11,7,7,12,13,7,7,7,7,7,1,7,3,3,7,7,7,7,7,7,7,14,4,4,4,15,7,7,7,7,16,17,18,7,7,7,19,7,7,7,7,7,7,7,7,7,7,20,21,7,7,7,7,6,6,6,6,6,6,6,6,10,10,10,10,10,10,10,10","0.000540018081665039","louvain","edit-xhwikibooks.graphml"
"0.05","0.71","0.24","0.498023459083513","1,1,2,2,2,3,2,3,3,3,2,2,3,3,3,4,5,2,6,2,7,1,3,3,3,3,3,4,1,8,9,6,2,2,6,6,10,3,7,7,7,7,1,1,1,1,7,1,1,1,7,7,7,7,7,1,1,1,1,7,11,7,7,12,13,7,7,7,7,7,1,7,3,3,7,7,7,7,7,7,7,14,4,4,4,15,7,7,7,7,16,17,18,7,7,7,19,7,7,7,7,7,7,7,7,7,7,20,21,7,7,7,7,6,6,6,6,6,6,6,6,10,10,10,10,10,10,10,10","0.000540971755981445","louvain","edit-xhwikibooks.graphml"
"0.04","0.72","0.24","0.499927570009681","1,1,2,2,2,3,2,3,3,3,2,2,3,3,3,4,5,2,6,2,7,1,3,3,3,3,3,4,1,8,9,6,2,2,6,6,10,3,7,7,7,7,1,1,1,1,7,1,1,1,7,7,7,7,7,1,1,1,1,7,11,7,7,12,13,7,7,7,7,7,1,7,3,3,7,7,7,7,7,7,7,14,4,4,4,15,7,7,7,7,16,17,18,7,7,7,19,7,7,7,7,7,7,7,7,7,7,20,21,7,7,7,7,6,6,6,6,6,6,6,6,10,10,10,10,10,10,10,10","0.000541925430297852","louvain","edit-xhwikibooks.graphml"
"0.03","0.73","0.24","0.486970240526637","1,1,1,2,3,2,4,5,2,2,4,6,5,5,5,2,7,8,9,10,11,1,12,5,5,5,5,2,1,13,14,15,10,16,9,9,5,5,11,11,11,11,1,1,1,1,11,1,1,1,11,11,11,11,11,1,1,1,1,11,17,11,11,18,19,11,11,11,11,11,1,11,20,21,11,11,11,11,11,11,11,22,23,24,25,26,11,11,11,11,27,28,29,11,11,11,30,11,11,11,11,11,11,11,11,11,11,31,32,11,11,11,11,9,9,9,9,9,9,9,9,5,5,5,5,5,5,5,5","0.000514984130859375","louvain","edit-xhwikibooks.graphml"
"0.02","0.74","0.24","0.486970240526637","1,1,1,2,3,2,4,5,2,2,4,6,5,5,5,2,7,8,9,10,11,1,12,5,5,5,5,2,1,13,14,15,10,16,9,9,5,5,11,11,11,11,1,1,1,1,11,1,1,1,11,11,11,11,11,1,1,1,1,11,17,11,11,18,19,11,11,11,11,11,1,11,20,21,11,11,11,11,11,11,11,22,23,24,25,26,11,11,11,11,27,28,29,11,11,11,30,11,11,11,11,11,11,11,11,11,11,31,32,11,11,11,11,9,9,9,9,9,9,9,9,5,5,5,5,5,5,5,5","0.00050806999206543","louvain","edit-xhwikibooks.graphml"
"0.01","0.75","0.24","0.489684526496609","1,1,1,2,3,2,4,5,2,2,4,6,5,5,5,2,7,8,9,10,11,1,12,5,5,5,5,2,1,13,14,15,10,16,9,9,5,5,11,11,11,11,1,1,1,1,11,1,1,1,11,11,11,11,11,1,1,1,1,11,17,11,11,18,19,11,11,11,11,11,1,11,20,21,11,11,11,11,11,11,11,22,23,24,25,26,11,11,11,11,27,28,29,11,11,11,30,11,11,11,11,11,11,11,11,11,11,31,32,11,11,11,11,9,9,9,9,9,9,9,9,5,5,5,5,5,5,5,5","0.000518083572387695","louvain","edit-xhwikibooks.graphml"
"0","0.76","0.24","0.493104796738149","1,1,1,2,1,2,3,4,2,2,3,5,4,4,4,2,6,7,8,9,10,1,11,4,4,4,4,2,1,12,13,14,9,15,8,8,4,4,10,10,10,10,1,1,1,1,10,1,1,1,10,10,10,10,10,1,1,1,1,10,16,10,10,17,18,10,10,10,10,10,1,10,19,20,10,10,10,10,10,10,10,21,22,23,24,25,10,10,10,10,26,27,28,10,10,10,29,10,10,10,10,10,10,10,10,10,10,30,31,10,10,10,10,8,8,8,8,8,8,8,8,4,4,4,4,4,4,4,4","0.000528097152709961","louvain","edit-xhwikibooks.graphml"
"0.75","0","0.25","0.448295039511256","1,1,1,2,3,2,3,2,2,2,3,3,2,2,2,2,2,3,3,4,5,1,2,2,2,2,2,2,1,2,3,3,4,4,3,3,2,2,5,5,5,5,1,1,1,1,5,1,1,1,5,5,5,5,5,1,1,1,1,5,2,5,5,2,2,5,5,5,5,5,1,5,2,2,5,5,5,5,5,5,5,2,2,2,2,1,5,5,5,5,2,3,3,5,5,5,2,5,5,5,5,5,5,5,5,5,5,4,4,5,5,5,5,3,3,3,3,3,3,3,3,2,2,2,2,2,2,2,2","0.000941038131713867","louvain","edit-xhwikibooks.graphml"
"0.74","0.01","0.25","0.4088622544221","1,1,1,2,3,2,3,2,2,2,3,3,2,2,2,2,2,3,4,3,5,1,2,2,2,2,2,2,1,2,3,4,3,3,4,4,2,2,5,5,5,5,1,1,1,1,5,1,1,1,5,5,5,5,5,1,1,1,1,5,2,5,5,2,2,5,5,5,5,5,1,5,2,2,5,5,5,5,5,5,5,2,2,2,2,1,5,5,5,5,2,3,4,5,5,5,2,5,5,5,5,5,5,5,5,5,5,3,3,5,5,5,5,4,4,4,4,4,4,4,4,2,2,2,2,2,2,2,2","0.000535964965820312","louvain","edit-xhwikibooks.graphml"
"0.73","0.02","0.25","0.4088622544221","1,1,1,2,3,2,3,2,2,2,3,3,2,2,2,2,2,3,4,3,5,1,2,2,2,2,2,2,1,2,3,4,3,3,4,4,2,2,5,5,5,5,1,1,1,1,5,1,1,1,5,5,5,5,5,1,1,1,1,5,2,5,5,2,2,5,5,5,5,5,1,5,2,2,5,5,5,5,5,5,5,2,2,2,2,1,5,5,5,5,2,3,4,5,5,5,2,5,5,5,5,5,5,5,5,5,5,3,3,5,5,5,5,4,4,4,4,4,4,4,4,2,2,2,2,2,2,2,2","0.000532865524291992","louvain","edit-xhwikibooks.graphml"
"0.72","0.03","0.25","0.408454543652236","1,1,1,2,3,2,3,2,2,2,3,3,2,2,2,2,2,3,4,3,5,1,2,2,2,2,2,2,1,2,3,4,3,3,4,4,2,2,5,5,5,5,1,1,1,1,5,1,1,1,5,5,5,5,5,1,1,1,1,5,2,5,5,2,2,5,5,5,5,5,1,5,2,2,5,5,5,5,5,5,5,2,2,2,2,1,5,5,5,5,2,3,4,5,5,5,2,5,5,5,5,5,5,5,5,5,5,3,3,5,5,5,5,4,4,4,4,4,4,4,4,2,2,2,2,2,2,2,2","0.000566005706787109","louvain","edit-xhwikibooks.graphml"
"0.71","0.04","0.25","0.408454543652236","1,1,1,2,3,2,3,2,2,2,3,3,2,2,2,2,2,3,4,3,5,1,2,2,2,2,2,2,1,2,3,4,3,3,4,4,2,2,5,5,5,5,1,1,1,1,5,1,1,1,5,5,5,5,5,1,1,1,1,5,2,5,5,2,2,5,5,5,5,5,1,5,2,2,5,5,5,5,5,5,5,2,2,2,2,1,5,5,5,5,2,3,4,5,5,5,2,5,5,5,5,5,5,5,5,5,5,3,3,5,5,5,5,4,4,4,4,4,4,4,4,2,2,2,2,2,2,2,2","0.000527858734130859","louvain","edit-xhwikibooks.graphml"
"0.7","0.05","0.25","0.408047577536785","1,1,1,2,3,2,3,2,2,2,3,3,2,2,2,2,2,3,4,3,5,1,2,2,2,2,2,2,1,2,3,4,3,3,4,4,2,2,5,5,5,5,1,1,1,1,5,1,1,1,5,5,5,5,5,1,1,1,1,5,2,5,5,2,2,5,5,5,5,5,1,5,2,2,5,5,5,5,5,5,5,2,2,2,2,1,5,5,5,5,2,3,4,5,5,5,2,5,5,5,5,5,5,5,5,5,5,3,3,5,5,5,5,4,4,4,4,4,4,4,4,2,2,2,2,2,2,2,2","0.000525951385498047","louvain","edit-xhwikibooks.graphml"
"0.69","0.06","0.25","0.408047577536785","1,1,1,2,3,2,3,2,2,2,3,3,2,2,2,2,2,3,4,3,5,1,2,2,2,2,2,2,1,2,3,4,3,3,4,4,2,2,5,5,5,5,1,1,1,1,5,1,1,1,5,5,5,5,5,1,1,1,1,5,2,5,5,2,2,5,5,5,5,5,1,5,2,2,5,5,5,5,5,5,5,2,2,2,2,1,5,5,5,5,2,3,4,5,5,5,2,5,5,5,5,5,5,5,5,5,5,3,3,5,5,5,5,4,4,4,4,4,4,4,4,2,2,2,2,2,2,2,2","0.000566005706787109","louvain","edit-xhwikibooks.graphml"
"0.68","0.07","0.25","0.407641354372124","1,1,1,2,3,2,3,2,2,2,3,3,2,2,2,2,2,3,4,3,5,1,2,2,2,2,2,2,1,2,3,4,3,3,4,4,2,2,5,5,5,5,1,1,1,1,5,1,1,1,5,5,5,5,5,1,1,1,1,5,2,5,5,2,2,5,5,5,5,5,1,5,2,2,5,5,5,5,5,5,5,2,2,2,2,1,5,5,5,5,2,3,4,5,5,5,2,5,5,5,5,5,5,5,5,5,5,3,3,5,5,5,5,4,4,4,4,4,4,4,4,2,2,2,2,2,2,2,2","0.000576019287109375","louvain","edit-xhwikibooks.graphml"
"0.67","0.08","0.25","0.408929423356575","1,1,1,2,3,2,3,2,2,2,3,3,2,2,2,2,2,3,4,3,5,1,2,2,2,2,2,2,1,2,3,4,3,3,4,4,2,2,5,5,5,5,1,1,1,1,5,1,1,1,5,5,5,5,5,1,1,1,1,5,2,5,5,2,2,5,5,5,5,5,1,5,2,2,5,5,5,5,5,5,5,2,2,2,2,1,5,5,5,5,2,3,4,5,5,5,2,5,5,5,5,5,5,5,5,5,5,3,3,5,5,5,5,4,4,4,4,4,4,4,4,2,2,2,2,2,2,2,2","0.000589847564697266","louvain","edit-xhwikibooks.graphml"
"0.66","0.09","0.25","0.408523622948568","1,1,1,2,3,2,3,2,2,2,3,3,2,2,2,2,2,3,4,3,5,1,2,2,2,2,2,2,1,2,3,4,3,3,4,4,2,2,5,5,5,5,1,1,1,1,5,1,1,1,5,5,5,5,5,1,1,1,1,5,2,5,5,2,2,5,5,5,5,5,1,5,2,2,5,5,5,5,5,5,5,2,2,2,2,1,5,5,5,5,2,3,4,5,5,5,2,5,5,5,5,5,5,5,5,5,5,3,3,5,5,5,5,4,4,4,4,4,4,4,4,2,2,2,2,2,2,2,2","0.000552892684936523","louvain","edit-xhwikibooks.graphml"
"0.65","0.1","0.25","0.408523622948568","1,1,1,2,3,2,3,2,2,2,3,3,2,2,2,2,2,3,4,3,5,1,2,2,2,2,2,2,1,2,3,4,3,3,4,4,2,2,5,5,5,5,1,1,1,1,5,1,1,1,5,5,5,5,5,1,1,1,1,5,2,5,5,2,2,5,5,5,5,5,1,5,2,2,5,5,5,5,5,5,5,2,2,2,2,1,5,5,5,5,2,3,4,5,5,5,2,5,5,5,5,5,5,5,5,5,5,3,3,5,5,5,5,4,4,4,4,4,4,4,4,2,2,2,2,2,2,2,2","0.000601053237915039","louvain","edit-xhwikibooks.graphml"
"0.64","0.11","0.25","0.408118560274283","1,1,1,2,3,2,3,2,2,2,3,3,2,2,2,2,2,3,4,3,5,1,2,2,2,2,2,2,1,2,3,4,3,3,4,4,2,2,5,5,5,5,1,1,1,1,5,1,1,1,5,5,5,5,5,1,1,1,1,5,2,5,5,2,2,5,5,5,5,5,1,5,2,2,5,5,5,5,5,5,5,2,2,2,2,1,5,5,5,5,2,3,4,5,5,5,2,5,5,5,5,5,5,5,5,5,5,3,3,5,5,5,5,4,4,4,4,4,4,4,4,2,2,2,2,2,2,2,2","0.000589132308959961","louvain","edit-xhwikibooks.graphml"
"0.63","0.12","0.25","0.410611383828959","1,1,1,2,3,2,3,2,2,2,3,3,2,2,2,2,2,3,4,3,5,1,2,2,2,2,2,2,1,2,3,4,3,3,4,4,2,2,5,5,5,5,1,1,1,1,5,1,1,1,5,5,5,5,5,1,1,1,1,5,2,5,5,2,2,5,5,5,5,5,1,5,2,2,5,5,5,5,5,5,5,2,2,2,2,1,5,5,5,5,2,3,4,5,5,5,2,5,5,5,5,5,5,5,5,5,5,3,3,5,5,5,5,4,4,4,4,4,4,4,4,2,2,2,2,2,2,2,2","0.000605106353759766","louvain","edit-xhwikibooks.graphml"
"0.62","0.13","0.25","0.410206605416675","1,1,1,2,3,2,3,2,2,2,3,3,2,2,2,2,2,3,4,3,5,1,2,2,2,2,2,2,1,2,3,4,3,3,4,4,2,2,5,5,5,5,1,1,1,1,5,1,1,1,5,5,5,5,5,1,1,1,1,5,2,5,5,2,2,5,5,5,5,5,1,5,2,2,5,5,5,5,5,5,5,2,2,2,2,1,5,5,5,5,2,3,4,5,5,5,2,5,5,5,5,5,5,5,5,5,5,3,3,5,5,5,5,4,4,4,4,4,4,4,4,2,2,2,2,2,2,2,2","0.000600814819335938","louvain","edit-xhwikibooks.graphml"
"0.61","0.14","0.25","0.410206605416675","1,1,1,2,3,2,3,2,2,2,3,3,2,2,2,2,2,3,4,3,5,1,2,2,2,2,2,2,1,2,3,4,3,3,4,4,2,2,5,5,5,5,1,1,1,1,5,1,1,1,5,5,5,5,5,1,1,1,1,5,2,5,5,2,2,5,5,5,5,5,1,5,2,2,5,5,5,5,5,5,5,2,2,2,2,1,5,5,5,5,2,3,4,5,5,5,2,5,5,5,5,5,5,5,5,5,5,3,3,5,5,5,5,4,4,4,4,4,4,4,4,2,2,2,2,2,2,2,2","0.000575780868530273","louvain","edit-xhwikibooks.graphml"
"0.6","0.15","0.25","0.413531485338888","1,1,1,2,3,2,3,2,2,2,3,3,2,2,2,2,2,3,4,3,5,1,2,2,2,2,2,2,1,2,3,4,3,3,4,4,2,2,5,5,5,5,1,1,1,1,5,1,1,1,5,5,5,5,5,1,1,1,1,5,2,5,5,2,2,5,5,5,5,5,1,5,2,2,5,5,5,5,5,5,5,2,2,2,2,1,5,5,5,5,2,3,4,5,5,5,2,5,5,5,5,5,5,5,5,5,5,3,3,5,5,5,5,4,4,4,4,4,4,4,4,2,2,2,2,2,2,2,2","0.000560998916625977","louvain","edit-xhwikibooks.graphml"
"0.59","0.16","0.25","0.414784850426975","1,1,1,2,3,2,3,2,2,2,3,3,2,2,2,2,2,3,4,3,5,1,2,2,2,2,2,2,1,2,3,4,3,3,4,4,2,2,5,5,5,5,1,1,1,1,5,1,1,1,5,5,5,5,5,1,1,1,1,5,2,5,5,2,2,5,5,5,5,5,1,5,2,2,5,5,5,5,5,5,5,2,2,2,2,1,5,5,5,5,2,3,4,5,5,5,2,5,5,5,5,5,5,5,5,5,5,3,3,5,5,5,5,4,4,4,4,4,4,4,4,2,2,2,2,2,2,2,2","0.000597000122070312","louvain","edit-xhwikibooks.graphml"
"0.58","0.17","0.25","0.415632369614963","1,1,1,2,3,2,3,2,2,2,3,3,2,2,2,2,2,3,4,3,5,1,2,2,2,2,2,2,1,2,3,4,3,3,4,4,2,2,5,5,5,5,1,1,1,1,5,1,1,1,5,5,5,5,5,1,1,1,1,5,2,5,5,2,2,5,5,5,5,5,1,5,2,2,5,5,5,5,5,5,5,2,2,2,2,1,5,5,5,5,2,3,4,5,5,5,2,5,5,5,5,5,5,5,5,5,5,3,3,5,5,5,5,4,4,4,4,4,4,4,4,2,2,2,2,2,2,2,2","0.000568151473999023","louvain","edit-xhwikibooks.graphml"
"0.57","0.18","0.25","0.415632369614963","1,1,1,2,3,2,3,2,2,2,3,3,2,2,2,2,2,3,4,3,5,1,2,2,2,2,2,2,1,2,3,4,3,3,4,4,2,2,5,5,5,5,1,1,1,1,5,1,1,1,5,5,5,5,5,1,1,1,1,5,2,5,5,2,2,5,5,5,5,5,1,5,2,2,5,5,5,5,5,5,5,2,2,2,2,1,5,5,5,5,2,3,4,5,5,5,2,5,5,5,5,5,5,5,5,5,5,3,3,5,5,5,5,4,4,4,4,4,4,4,4,2,2,2,2,2,2,2,2","0.000566005706787109","louvain","edit-xhwikibooks.graphml"
"0.56","0.19","0.25","0.415228508524259","1,1,1,2,3,2,3,2,2,2,3,3,2,2,2,2,2,3,4,3,5,1,2,2,2,2,2,2,1,2,3,4,3,3,4,4,2,2,5,5,5,5,1,1,1,1,5,1,1,1,5,5,5,5,5,1,1,1,1,5,2,5,5,2,2,5,5,5,5,5,1,5,2,2,5,5,5,5,5,5,5,2,2,2,2,1,5,5,5,5,2,3,4,5,5,5,2,5,5,5,5,5,5,5,5,5,5,3,3,5,5,5,5,4,4,4,4,4,4,4,4,2,2,2,2,2,2,2,2","0.000526905059814453","louvain","edit-xhwikibooks.graphml"
"0.55","0.2","0.25","0.417569947728593","1,1,1,2,3,2,3,2,2,2,3,3,2,2,2,2,2,3,4,3,5,1,2,2,2,2,2,2,1,2,3,4,3,3,4,4,2,2,5,5,5,5,1,1,1,1,5,1,1,1,5,5,5,5,5,1,1,1,1,5,2,5,5,2,2,5,5,5,5,5,1,5,2,2,5,5,5,5,5,5,5,2,2,2,2,1,5,5,5,5,2,3,4,5,5,5,2,5,5,5,5,5,5,5,5,5,5,3,3,5,5,5,5,4,4,4,4,4,4,4,4,2,2,2,2,2,2,2,2","0.000569820404052734","louvain","edit-xhwikibooks.graphml"
"0.54","0.21","0.25","0.417166633344301","1,1,1,2,3,2,3,2,2,2,3,3,2,2,2,2,2,3,4,3,5,1,2,2,2,2,2,2,1,2,3,4,3,3,4,4,2,2,5,5,5,5,1,1,1,1,5,1,1,1,5,5,5,5,5,1,1,1,1,5,2,5,5,2,2,5,5,5,5,5,1,5,2,2,5,5,5,5,5,5,5,2,2,2,2,1,5,5,5,5,2,3,4,5,5,5,2,5,5,5,5,5,5,5,5,5,5,3,3,5,5,5,5,4,4,4,4,4,4,4,4,2,2,2,2,2,2,2,2","0.000570058822631836","louvain","edit-xhwikibooks.graphml"
"0.53","0.22","0.25","0.417166633344301","1,1,1,2,3,2,3,2,2,2,3,3,2,2,2,2,2,3,4,3,5,1,2,2,2,2,2,2,1,2,3,4,3,3,4,4,2,2,5,5,5,5,1,1,1,1,5,1,1,1,5,5,5,5,5,1,1,1,1,5,2,5,5,2,2,5,5,5,5,5,1,5,2,2,5,5,5,5,5,5,5,2,2,2,2,1,5,5,5,5,2,3,4,5,5,5,2,5,5,5,5,5,5,5,5,5,5,3,3,5,5,5,5,4,4,4,4,4,4,4,4,2,2,2,2,2,2,2,2","0.000590801239013672","louvain","edit-xhwikibooks.graphml"
"0.52","0.23","0.25","0.4191546875","1,1,1,2,3,2,3,2,2,2,3,3,2,2,2,2,2,3,4,3,5,1,2,2,2,2,2,2,1,2,3,4,3,3,4,4,2,2,5,5,5,5,1,1,1,1,5,1,1,1,5,5,5,5,5,1,1,1,1,5,2,5,5,2,2,5,5,5,5,5,1,5,2,2,5,5,5,5,5,5,5,2,2,2,2,1,5,5,5,5,2,3,4,5,5,5,2,5,5,5,5,5,5,5,5,5,5,3,3,5,5,5,5,4,4,4,4,4,4,4,4,2,2,2,2,2,2,2,2","0.000568866729736328","louvain","edit-xhwikibooks.graphml"
"0.51","0.24","0.25","0.420378085445627","1,1,1,2,3,2,3,2,2,2,3,3,2,2,2,2,2,3,4,3,5,1,2,2,2,2,2,2,1,2,3,4,3,3,4,4,2,2,5,5,5,5,1,1,1,1,5,1,1,1,5,5,5,5,5,1,1,1,1,5,2,5,5,2,2,5,5,5,5,5,1,5,2,2,5,5,5,5,5,5,5,2,2,2,2,1,5,5,5,5,2,3,4,5,5,5,2,5,5,5,5,5,5,5,5,5,5,3,3,5,5,5,5,4,4,4,4,4,4,4,4,2,2,2,2,2,2,2,2","0.000581026077270508","louvain","edit-xhwikibooks.graphml"
"0.5","0.25","0.25","0.424591617459623","1,1,1,2,3,2,3,2,2,2,3,3,2,2,2,2,2,3,4,3,5,1,2,2,2,2,2,2,1,2,3,4,3,3,4,4,2,2,5,5,5,5,1,1,1,1,5,1,1,1,5,5,5,5,5,1,1,1,1,5,2,5,5,2,2,5,5,5,5,5,1,5,2,2,5,5,5,5,5,5,5,2,2,2,2,1,5,5,5,5,2,3,4,5,5,5,2,5,5,5,5,5,5,5,5,5,5,3,3,5,5,5,5,4,4,4,4,4,4,4,4,2,2,2,2,2,2,2,2","0.000575780868530273","louvain","edit-xhwikibooks.graphml"
"0.49","0.26","0.25","0.410300173213459","1,1,1,1,2,3,2,3,3,3,2,2,3,3,3,3,3,2,4,2,5,1,3,3,3,3,3,3,1,3,2,4,2,2,4,4,3,3,5,5,5,5,1,1,1,1,5,1,1,1,5,5,5,5,5,1,1,1,1,5,6,5,5,3,3,5,5,5,5,5,1,5,3,3,5,5,5,5,5,5,5,3,3,3,3,7,5,5,5,5,8,9,10,5,5,5,3,5,5,5,5,5,5,5,5,5,5,2,2,5,5,5,5,4,4,4,4,4,4,4,4,3,3,3,3,3,3,3,3","0.000627040863037109","louvain","edit-xhwikibooks.graphml"
"0.48","0.27","0.25","0.410300173213459","1,1,1,1,2,3,2,3,3,3,2,2,3,3,3,3,3,2,4,2,5,1,3,3,3,3,3,3,1,3,2,4,2,2,4,4,3,3,5,5,5,5,1,1,1,1,5,1,1,1,5,5,5,5,5,1,1,1,1,5,6,5,5,3,3,5,5,5,5,5,1,5,3,3,5,5,5,5,5,5,5,3,3,3,3,7,5,5,5,5,8,9,10,5,5,5,3,5,5,5,5,5,5,5,5,5,5,2,2,5,5,5,5,4,4,4,4,4,4,4,4,3,3,3,3,3,3,3,3","0.000576972961425781","louvain","edit-xhwikibooks.graphml"
"0.47","0.28","0.25","0.409899924844745","1,1,1,1,2,3,2,3,3,3,2,2,3,3,3,3,3,2,4,2,5,1,3,3,3,3,3,3,1,3,2,4,2,2,4,4,3,3,5,5,5,5,1,1,1,1,5,1,1,1,5,5,5,5,5,1,1,1,1,5,6,5,5,3,3,5,5,5,5,5,1,5,3,3,5,5,5,5,5,5,5,3,3,3,3,7,5,5,5,5,8,9,10,5,5,5,3,5,5,5,5,5,5,5,5,5,5,2,2,5,5,5,5,4,4,4,4,4,4,4,4,3,3,3,3,3,3,3,3","0.000620126724243164","louvain","edit-xhwikibooks.graphml"
"0.46","0.29","0.25","0.412347746962024","1,1,1,1,2,3,2,3,3,3,2,2,3,3,3,3,3,2,4,2,5,1,3,3,3,3,3,3,1,3,2,4,2,2,4,4,3,3,5,5,5,5,1,1,1,1,5,1,1,1,5,5,5,5,5,1,1,1,1,5,6,5,5,3,3,5,5,5,5,5,1,5,3,3,5,5,5,5,5,5,5,3,3,3,3,7,5,5,5,5,8,9,10,5,5,5,3,5,5,5,5,5,5,5,5,5,5,2,2,5,5,5,5,4,4,4,4,4,4,4,4,3,3,3,3,3,3,3,3","0.000514984130859375","louvain","edit-xhwikibooks.graphml"
"0.45","0.3","0.25","0.41194778927268","1,1,1,1,2,3,2,3,3,3,2,2,3,3,3,3,3,2,4,2,5,1,3,3,3,3,3,3,1,3,2,4,2,2,4,4,3,3,5,5,5,5,1,1,1,1,5,1,1,1,5,5,5,5,5,1,1,1,1,5,6,5,5,3,3,5,5,5,5,5,1,5,3,3,5,5,5,5,5,5,5,3,3,3,3,7,5,5,5,5,8,9,10,5,5,5,3,5,5,5,5,5,5,5,5,5,5,2,2,5,5,5,5,4,4,4,4,4,4,4,4,3,3,3,3,3,3,3,3","0.000545978546142578","louvain","edit-xhwikibooks.graphml"
"0.44","0.31","0.25","0.413188575832431","1,1,1,1,2,3,2,3,3,3,2,2,3,3,3,3,3,2,4,2,5,1,3,3,3,3,3,3,1,3,2,4,2,2,4,4,3,3,5,5,5,5,1,1,1,1,5,1,1,1,5,5,5,5,5,1,1,1,1,5,6,5,5,3,3,5,5,5,5,5,1,5,3,3,5,5,5,5,5,5,5,3,3,3,3,7,5,5,5,5,8,9,10,5,5,5,3,5,5,5,5,5,5,5,5,5,5,2,2,5,5,5,5,4,4,4,4,4,4,4,4,3,3,3,3,3,3,3,3","0.000589132308959961","louvain","edit-xhwikibooks.graphml"
"0.43","0.32","0.25","0.4127890625","1,1,1,1,2,3,2,3,3,3,2,2,3,3,3,3,3,2,4,2,5,1,3,3,3,3,3,3,1,3,2,4,2,2,4,4,3,3,5,5,5,5,1,1,1,1,5,1,1,1,5,5,5,5,5,1,1,1,1,5,6,5,5,3,3,5,5,5,5,5,1,5,3,3,5,5,5,5,5,5,5,3,3,3,3,7,5,5,5,5,8,9,10,5,5,5,3,5,5,5,5,5,5,5,5,5,5,2,2,5,5,5,5,4,4,4,4,4,4,4,4,3,3,3,3,3,3,3,3","0.000559091567993164","louvain","edit-xhwikibooks.graphml"
"0.42","0.33","0.25","0.4127890625","1,1,1,1,2,3,2,3,3,3,2,2,3,3,3,3,3,2,4,2,5,1,3,3,3,3,3,3,1,3,2,4,2,2,4,4,3,3,5,5,5,5,1,1,1,1,5,1,1,1,5,5,5,5,5,1,1,1,1,5,6,5,5,3,3,5,5,5,5,5,1,5,3,3,5,5,5,5,5,5,5,3,3,3,3,7,5,5,5,5,8,9,10,5,5,5,3,5,5,5,5,5,5,5,5,5,5,2,2,5,5,5,5,4,4,4,4,4,4,4,4,3,3,3,3,3,3,3,3","0.000591039657592773","louvain","edit-xhwikibooks.graphml"
"0.41","0.34","0.25","0.429447852760736","1,1,1,1,2,3,2,3,3,3,2,2,3,3,3,3,3,2,4,2,5,1,3,3,3,3,3,3,1,3,2,4,2,2,4,4,3,3,5,5,5,5,1,1,1,1,5,1,1,1,5,5,5,5,5,1,1,1,1,5,6,5,5,3,3,5,5,5,5,5,1,5,3,3,5,5,5,5,5,5,5,3,3,3,3,7,5,5,5,5,8,9,10,5,5,5,3,5,5,5,5,5,5,5,5,5,5,2,2,5,5,5,5,4,4,4,4,4,4,4,4,3,3,3,3,3,3,3,3","0.000597000122070312","louvain","edit-xhwikibooks.graphml"
"0.4","0.35","0.25","0.430621635909266","1,1,1,1,2,3,2,3,3,3,2,2,3,3,3,3,3,2,4,2,5,1,3,3,3,3,3,3,1,3,2,4,2,2,4,4,3,3,5,5,5,5,1,1,1,1,5,1,1,1,5,5,5,5,5,1,1,1,1,5,6,5,5,3,3,5,5,5,5,5,1,5,3,3,5,5,5,5,5,5,5,3,3,3,3,7,5,5,5,5,8,9,10,5,5,5,3,5,5,5,5,5,5,5,5,5,5,2,2,5,5,5,5,4,4,4,4,4,4,4,4,3,3,3,3,3,3,3,3","0.000547885894775391","louvain","edit-xhwikibooks.graphml"
"0.39","0.36","0.25","0.430219823847284","1,1,1,1,2,3,2,3,3,3,2,2,3,3,3,3,3,2,4,2,5,1,3,3,3,3,3,3,1,3,2,4,2,2,4,4,3,3,5,5,5,5,1,1,1,1,5,1,1,1,5,5,5,5,5,1,1,1,1,5,6,5,5,3,3,5,5,5,5,5,1,5,3,3,5,5,5,5,5,5,5,3,3,3,3,7,5,5,5,5,8,9,10,5,5,5,3,5,5,5,5,5,5,5,5,5,5,2,2,5,5,5,5,4,4,4,4,4,4,4,4,3,3,3,3,3,3,3,3","0.000598907470703125","louvain","edit-xhwikibooks.graphml"
"0.38","0.37","0.25","0.430219823847284","1,1,1,1,2,3,2,3,3,3,2,2,3,3,3,3,3,2,4,2,5,1,3,3,3,3,3,3,1,3,2,4,2,2,4,4,3,3,5,5,5,5,1,1,1,1,5,1,1,1,5,5,5,5,5,1,1,1,1,5,6,5,5,3,3,5,5,5,5,5,1,5,3,3,5,5,5,5,5,5,5,3,3,3,3,7,5,5,5,5,8,9,10,5,5,5,3,5,5,5,5,5,5,5,5,5,5,2,2,5,5,5,5,4,4,4,4,4,4,4,4,3,3,3,3,3,3,3,3","0.000606060028076172","louvain","edit-xhwikibooks.graphml"
"0.37","0.38","0.25","0.429818688314871","1,1,1,1,2,3,2,3,3,3,2,2,3,3,3,3,3,2,4,2,5,1,3,3,3,3,3,3,1,3,2,4,2,2,4,4,3,3,5,5,5,5,1,1,1,1,5,1,1,1,5,5,5,5,5,1,1,1,1,5,6,5,5,3,3,5,5,5,5,5,1,5,3,3,5,5,5,5,5,5,5,3,3,3,3,7,5,5,5,5,8,9,10,5,5,5,3,5,5,5,5,5,5,5,5,5,5,2,2,5,5,5,5,4,4,4,4,4,4,4,4,3,3,3,3,3,3,3,3","0.000568151473999023","louvain","edit-xhwikibooks.graphml"
"0.36","0.39","0.25","0.430985104977779","1,1,1,1,2,3,2,3,3,3,2,2,3,3,3,3,3,2,4,2,5,1,3,3,3,3,3,3,1,3,2,4,2,2,4,4,3,3,5,5,5,5,1,1,1,1,5,1,1,1,5,5,5,5,5,1,1,1,1,5,6,5,5,3,3,5,5,5,5,5,1,5,3,3,5,5,5,5,5,5,5,3,3,3,3,7,5,5,5,5,8,9,10,5,5,5,3,5,5,5,5,5,5,5,5,5,5,2,2,5,5,5,5,4,4,4,4,4,4,4,4,3,3,3,3,3,3,3,3","0.00056004524230957","louvain","edit-xhwikibooks.graphml"
"0.35","0.4","0.25","0.432765908324009","1,1,1,1,2,3,2,3,3,3,2,2,3,3,3,3,3,2,4,2,5,1,3,3,3,3,3,3,1,3,2,4,2,2,4,4,3,3,5,5,5,5,1,1,1,1,5,1,1,1,5,5,5,5,5,1,1,1,1,5,6,5,5,3,3,5,5,5,5,5,1,5,3,3,5,5,5,5,5,5,5,3,3,3,3,7,5,5,5,5,8,9,10,5,5,5,3,5,5,5,5,5,5,5,5,5,5,2,2,5,5,5,5,4,4,4,4,4,4,4,4,3,3,3,3,3,3,3,3","0.000583887100219727","louvain","edit-xhwikibooks.graphml"
"0.34","0.41","0.25","0.432765908324009","1,1,1,1,2,3,2,3,3,3,2,2,3,3,3,3,3,2,4,2,5,1,3,3,3,3,3,3,1,3,2,4,2,2,4,4,3,3,5,5,5,5,1,1,1,1,5,1,1,1,5,5,5,5,5,1,1,1,1,5,6,5,5,3,3,5,5,5,5,5,1,5,3,3,5,5,5,5,5,5,5,3,3,3,3,7,5,5,5,5,8,9,10,5,5,5,3,5,5,5,5,5,5,5,5,5,5,2,2,5,5,5,5,4,4,4,4,4,4,4,4,3,3,3,3,3,3,3,3","0.000579118728637695","louvain","edit-xhwikibooks.graphml"
"0.33","0.42","0.25","0.432365955097154","1,1,1,1,2,3,2,3,3,3,2,2,3,3,3,3,3,2,4,2,5,1,3,3,3,3,3,3,1,3,2,4,2,2,4,4,3,3,5,5,5,5,1,1,1,1,5,1,1,1,5,5,5,5,5,1,1,1,1,5,6,5,5,3,3,5,5,5,5,5,1,5,3,3,5,5,5,5,5,5,5,3,3,3,3,7,5,5,5,5,8,9,10,5,5,5,3,5,5,5,5,5,5,5,5,5,5,2,2,5,5,5,5,4,4,4,4,4,4,4,4,3,3,3,3,3,3,3,3","0.000597000122070312","louvain","edit-xhwikibooks.graphml"
"0.32","0.43","0.25","0.434597612488522","1,1,1,1,2,3,2,3,3,3,2,2,3,3,3,3,3,2,4,2,5,1,3,3,3,3,3,3,1,3,2,4,2,2,4,4,3,3,5,5,5,5,1,1,1,1,5,1,1,1,5,5,5,5,5,1,1,1,1,5,6,5,5,3,3,5,5,5,5,5,1,5,3,3,5,5,5,5,5,5,5,3,3,3,3,7,5,5,5,5,8,9,10,5,5,5,3,5,5,5,5,5,5,5,5,5,5,2,2,5,5,5,5,4,4,4,4,4,4,4,4,3,3,3,3,3,3,3,3","0.000553131103515625","louvain","edit-xhwikibooks.graphml"
"0.31","0.44","0.25","0.434198183726234","1,1,1,1,2,3,2,3,3,3,2,2,3,3,3,3,3,2,4,2,5,1,3,3,3,3,3,3,1,3,2,4,2,2,4,4,3,3,5,5,5,5,1,1,1,1,5,1,1,1,5,5,5,5,5,1,1,1,1,5,6,5,5,3,3,5,5,5,5,5,1,5,3,3,5,5,5,5,5,5,5,3,3,3,3,7,5,5,5,5,8,9,10,5,5,5,3,5,5,5,5,5,5,5,5,5,5,2,2,5,5,5,5,4,4,4,4,4,4,4,4,3,3,3,3,3,3,3,3","0.000546932220458984","louvain","edit-xhwikibooks.graphml"
"0.3","0.45","0.25","0.436408959368947","1,1,1,1,2,3,2,3,3,3,2,2,3,3,3,3,3,2,4,2,5,1,3,3,3,3,3,3,1,3,2,4,2,2,4,4,3,3,5,5,5,5,1,1,1,1,5,1,1,1,5,5,5,5,5,1,1,1,1,5,6,5,5,3,3,5,5,5,5,5,1,5,3,3,5,5,5,5,5,5,5,3,3,3,3,7,5,5,5,5,8,9,10,5,5,5,3,5,5,5,5,5,5,5,5,5,5,2,2,5,5,5,5,4,4,4,4,4,4,4,4,3,3,3,3,3,3,3,3","0.000612974166870117","louvain","edit-xhwikibooks.graphml"
"0.29","0.46","0.25","0.43601007506828","1,1,1,1,2,3,2,3,3,3,2,2,3,3,3,3,3,2,4,2,5,1,3,3,3,3,3,3,1,3,2,4,2,2,4,4,3,3,5,5,5,5,1,1,1,1,5,1,1,1,5,5,5,5,5,1,1,1,1,5,6,5,5,3,3,5,5,5,5,5,1,5,3,3,5,5,5,5,5,5,5,3,3,3,3,7,5,5,5,5,8,9,10,5,5,5,3,5,5,5,5,5,5,5,5,5,5,2,2,5,5,5,5,4,4,4,4,4,4,4,4,3,3,3,3,3,3,3,3","0.000579118728637695","louvain","edit-xhwikibooks.graphml"
"0.28","0.47","0.25","0.437146175061693","1,1,1,1,2,3,2,3,3,3,2,2,3,3,3,3,3,2,4,2,5,1,3,3,3,3,3,3,1,3,2,4,2,2,4,4,3,3,5,5,5,5,1,1,1,1,5,1,1,1,5,5,5,5,5,1,1,1,1,5,6,5,5,3,3,5,5,5,5,5,1,5,3,3,5,5,5,5,5,5,5,3,3,3,3,7,5,5,5,5,8,9,10,5,5,5,3,5,5,5,5,5,5,5,5,5,5,2,2,5,5,5,5,4,4,4,4,4,4,4,4,3,3,3,3,3,3,3,3","0.00082087516784668","louvain","edit-xhwikibooks.graphml"
"0.27","0.48","0.25","0.436747803597365","1,1,1,1,2,3,2,3,3,3,2,2,3,3,3,3,3,2,4,2,5,1,3,3,3,3,3,3,1,3,2,4,2,2,4,4,3,3,5,5,5,5,1,1,1,1,5,1,1,1,5,5,5,5,5,1,1,1,1,5,6,5,5,3,3,5,5,5,5,5,1,5,3,3,5,5,5,5,5,5,5,3,3,3,3,7,5,5,5,5,8,9,10,5,5,5,3,5,5,5,5,5,5,5,5,5,5,2,2,5,5,5,5,4,4,4,4,4,4,4,4,3,3,3,3,3,3,3,3","0.000970125198364258","louvain","edit-xhwikibooks.graphml"
"0.26","0.49","0.25","0.436747803597365","1,1,1,1,2,3,2,3,3,3,2,2,3,3,3,3,3,2,4,2,5,1,3,3,3,3,3,3,1,3,2,4,2,2,4,4,3,3,5,5,5,5,1,1,1,1,5,1,1,1,5,5,5,5,5,1,1,1,1,5,6,5,5,3,3,5,5,5,5,5,1,5,3,3,5,5,5,5,5,5,5,3,3,3,3,7,5,5,5,5,8,9,10,5,5,5,3,5,5,5,5,5,5,5,5,5,5,2,2,5,5,5,5,4,4,4,4,4,4,4,4,3,3,3,3,3,3,3,3","0.000846147537231445","louvain","edit-xhwikibooks.graphml"
"0.25","0.5","0.25","0.481943861172833","1,2,1,1,1,3,1,4,4,3,1,1,4,4,4,3,3,1,5,1,6,2,4,4,4,4,4,3,2,3,1,5,1,1,5,5,4,4,6,6,6,6,2,2,2,2,6,2,2,2,6,6,6,6,6,2,2,2,2,6,7,6,6,4,4,6,6,6,6,6,2,6,4,4,6,6,6,6,6,6,6,4,3,3,3,8,6,6,6,6,9,10,11,6,6,6,3,6,6,6,6,6,6,6,6,6,6,1,1,6,6,6,6,5,5,5,5,5,5,5,5,4,4,4,4,4,4,4,4","0.000848054885864258","louvain","edit-xhwikibooks.graphml"
"0.24","0.51","0.25","0.461122476402547","1,1,1,1,2,3,2,3,3,3,2,2,3,3,3,3,4,2,5,2,6,1,3,3,3,3,3,3,1,7,8,5,2,2,5,5,3,3,6,6,6,6,1,1,1,1,6,1,1,1,6,6,6,6,6,1,1,1,1,6,9,6,6,10,11,6,6,6,6,6,1,6,3,3,6,6,6,6,6,6,6,12,3,3,3,13,6,6,6,6,14,15,16,6,6,6,17,6,6,6,6,6,6,6,6,6,6,18,19,6,6,6,6,5,5,5,5,5,5,5,5,3,3,3,3,3,3,3,3","0.000854015350341797","louvain","edit-xhwikibooks.graphml"
"0.23","0.52","0.25","0.46169218829698","1,1,1,1,2,3,2,3,3,3,2,2,3,3,3,4,5,2,6,2,7,1,3,3,3,3,3,4,1,8,9,6,2,2,6,6,10,3,7,7,7,7,1,1,1,1,7,1,1,1,7,7,7,7,7,1,1,1,1,7,11,7,7,12,13,7,7,7,7,7,1,7,3,3,7,7,7,7,7,7,7,14,4,4,4,15,7,7,7,7,16,17,18,7,7,7,19,7,7,7,7,7,7,7,7,7,7,20,21,7,7,7,7,6,6,6,6,6,6,6,6,10,10,10,10,10,10,10,10","0.000996828079223633","louvain","edit-xhwikibooks.graphml"
"0.22","0.53","0.25","0.461284497794193","1,1,1,1,2,3,2,3,3,3,2,2,3,3,3,4,5,2,6,2,7,1,3,3,3,3,3,4,1,8,9,6,2,2,6,6,10,3,7,7,7,7,1,1,1,1,7,1,1,1,7,7,7,7,7,1,1,1,1,7,11,7,7,12,13,7,7,7,7,7,1,7,3,3,7,7,7,7,7,7,7,14,4,4,4,15,7,7,7,7,16,17,18,7,7,7,19,7,7,7,7,7,7,7,7,7,7,20,21,7,7,7,7,6,6,6,6,6,6,6,6,10,10,10,10,10,10,10,10","0.000916004180908203","louvain","edit-xhwikibooks.graphml"
"0.21","0.54","0.25","0.462337731461263","1,2,1,1,1,3,1,3,3,3,1,1,3,3,3,4,5,1,6,1,7,2,3,3,3,3,3,4,2,8,9,6,1,1,6,6,10,3,7,7,7,7,2,2,2,2,7,2,2,2,7,7,7,7,7,2,2,2,2,7,11,7,7,12,13,7,7,7,7,7,2,7,3,3,7,7,7,7,7,7,7,14,4,4,4,15,7,7,7,7,16,17,18,7,7,7,19,7,7,7,7,7,7,7,7,7,7,20,21,7,7,7,7,6,6,6,6,6,6,6,6,10,10,10,10,10,10,10,10","0.00101304054260254","louvain","edit-xhwikibooks.graphml"
"0.2","0.55","0.25","0.462828934856907","1,1,1,2,3,2,3,2,2,2,3,3,2,2,2,4,5,3,6,3,7,1,2,2,2,2,2,4,1,8,9,6,3,3,6,6,2,2,7,7,7,7,1,1,1,1,7,1,1,1,7,7,7,7,7,1,1,1,1,7,10,7,7,11,12,7,7,7,7,7,1,7,2,2,7,7,7,7,7,7,7,13,4,4,4,14,7,7,7,7,15,16,17,7,7,7,18,7,7,7,7,7,7,7,7,7,7,19,20,7,7,7,7,6,6,6,6,6,6,6,6,2,2,2,2,2,2,2,2","0.000880956649780273","louvain","edit-xhwikibooks.graphml"
"0.19","0.56","0.25","0.465123715521904","1,2,1,1,1,3,1,3,3,3,1,1,3,3,3,4,5,1,6,1,7,2,3,3,3,3,3,4,2,8,9,6,1,1,6,6,10,3,7,7,7,7,2,2,2,2,7,2,2,2,7,7,7,7,7,2,2,2,2,7,11,7,7,12,13,7,7,7,7,7,2,7,3,3,7,7,7,7,7,7,7,14,4,4,4,15,7,7,7,7,16,17,18,7,7,7,19,7,7,7,7,7,7,7,7,7,7,20,21,7,7,7,7,6,6,6,6,6,6,6,6,10,10,10,10,10,10,10,10","0.000762939453125","louvain","edit-xhwikibooks.graphml"
"0.18","0.57","0.25","0.464715689964267","1,2,1,1,1,3,1,3,3,3,1,1,3,3,3,4,5,1,6,1,7,2,3,3,3,3,3,4,2,8,9,6,1,1,6,6,10,3,7,7,7,7,2,2,2,2,7,2,2,2,7,7,7,7,7,2,2,2,2,7,11,7,7,12,13,7,7,7,7,7,2,7,3,3,7,7,7,7,7,7,7,14,4,4,4,15,7,7,7,7,16,17,18,7,7,7,19,7,7,7,7,7,7,7,7,7,7,20,21,7,7,7,7,6,6,6,6,6,6,6,6,10,10,10,10,10,10,10,10","0.000576972961425781","louvain","edit-xhwikibooks.graphml"
"0.17","0.58","0.25","0.466734651952485","1,2,1,1,1,3,1,3,3,3,1,1,3,3,3,4,5,1,6,1,7,2,3,3,3,3,3,4,2,8,9,6,1,1,6,6,10,3,7,7,7,7,2,2,2,2,7,2,2,2,7,7,7,7,7,2,2,2,2,7,11,7,7,12,13,7,7,7,7,7,2,7,3,3,7,7,7,7,7,7,7,14,4,4,4,15,7,7,7,7,16,17,18,7,7,7,19,7,7,7,7,7,7,7,7,7,7,20,21,7,7,7,7,6,6,6,6,6,6,6,6,10,10,10,10,10,10,10,10","0.000535964965820312","louvain","edit-xhwikibooks.graphml"
"0.16","0.59","0.25","0.466993217280898","1,1,1,2,3,2,3,2,2,2,3,3,2,2,2,4,5,3,6,3,7,1,2,2,2,2,2,4,1,8,9,6,3,3,6,6,2,2,7,7,7,7,1,1,1,1,7,1,1,1,7,7,7,7,7,1,1,1,1,7,10,7,7,11,12,7,7,7,7,7,1,7,2,2,7,7,7,7,7,7,7,13,4,4,4,14,7,7,7,7,15,16,17,7,7,7,18,7,7,7,7,7,7,7,7,7,7,19,20,7,7,7,7,6,6,6,6,6,6,6,6,2,2,2,2,2,2,2,2","0.000651836395263672","louvain","edit-xhwikibooks.graphml"
"0.15","0.6","0.25","0.469503345133426","1,2,1,1,1,3,1,3,3,3,1,1,3,3,3,4,5,1,6,1,7,2,3,3,3,3,3,4,2,8,9,6,1,1,6,6,10,3,7,7,7,7,2,2,2,2,7,2,2,2,7,7,7,7,7,2,2,2,2,7,11,7,7,12,13,7,7,7,7,7,2,7,3,3,7,7,7,7,7,7,7,14,4,4,4,15,7,7,7,7,16,17,18,7,7,7,19,7,7,7,7,7,7,7,7,7,7,20,21,7,7,7,7,6,6,6,6,6,6,6,6,10,10,10,10,10,10,10,10","0.000566959381103516","louvain","edit-xhwikibooks.graphml"
"0.14","0.61","0.25","0.469096418484147","1,2,1,1,1,3,1,3,3,3,1,1,3,3,3,4,5,1,6,1,7,2,3,3,3,3,3,4,2,8,9,6,1,1,6,6,10,3,7,7,7,7,2,2,2,2,7,2,2,2,7,7,7,7,7,2,2,2,2,7,11,7,7,12,13,7,7,7,7,7,2,7,3,3,7,7,7,7,7,7,7,14,4,4,4,15,7,7,7,7,16,17,18,7,7,7,19,7,7,7,7,7,7,7,7,7,7,20,21,7,7,7,7,6,6,6,6,6,6,6,6,10,10,10,10,10,10,10,10","0.000532865524291992","louvain","edit-xhwikibooks.graphml"
"0.13","0.62","0.25","0.470120278986865","1,2,1,1,1,3,1,3,3,3,1,1,3,3,3,4,5,1,6,1,7,2,3,3,3,3,3,4,2,8,9,6,1,1,6,6,10,3,7,7,7,7,2,2,2,2,7,2,2,2,7,7,7,7,7,2,2,2,2,7,11,7,7,12,13,7,7,7,7,7,2,7,3,3,7,7,7,7,7,7,7,14,4,4,4,15,7,7,7,7,16,17,18,7,7,7,19,7,7,7,7,7,7,7,7,7,7,20,21,7,7,7,7,6,6,6,6,6,6,6,6,10,10,10,10,10,10,10,10","0.000542879104614258","louvain","edit-xhwikibooks.graphml"
"0.12","0.63","0.25","0.469386973180077","1,2,1,1,1,3,1,3,3,3,1,1,3,3,3,4,5,1,6,1,7,2,3,3,3,3,3,4,2,8,9,6,1,1,6,6,3,3,7,7,7,7,2,2,2,2,7,2,2,2,7,7,7,7,7,2,2,2,2,7,10,7,7,11,12,7,7,7,7,7,2,7,3,3,7,7,7,7,7,7,7,13,4,4,4,14,7,7,7,7,15,16,17,7,7,7,18,7,7,7,7,7,7,7,7,7,7,19,20,7,7,7,7,6,6,6,6,6,6,6,6,3,3,3,3,3,3,3,3","0.000493049621582031","louvain","edit-xhwikibooks.graphml"
"0.11","0.64","0.25","0.469713964856652","1,2,1,1,1,3,1,3,3,3,1,1,3,3,3,4,5,1,6,1,7,2,3,3,3,3,3,4,2,8,9,6,1,1,6,6,10,3,7,7,7,7,2,2,2,2,7,2,2,2,7,7,7,7,7,2,2,2,2,7,11,7,7,12,13,7,7,7,7,7,2,7,3,3,7,7,7,7,7,7,7,14,4,4,4,15,7,7,7,7,16,17,18,7,7,7,19,7,7,7,7,7,7,7,7,7,7,20,21,7,7,7,7,6,6,6,6,6,6,6,6,10,10,10,10,10,10,10,10","0.000507116317749023","louvain","edit-xhwikibooks.graphml"
"0.1","0.65","0.25","0.468985989420556","1,2,1,1,1,3,1,3,3,3,1,1,3,3,3,4,5,1,6,1,7,2,3,3,3,3,3,4,2,8,9,6,1,1,6,6,3,3,7,7,7,7,2,2,2,2,7,2,2,2,7,7,7,7,7,2,2,2,2,7,10,7,7,11,12,7,7,7,7,7,2,7,3,3,7,7,7,7,7,7,7,13,4,4,4,14,7,7,7,7,15,16,17,7,7,7,18,7,7,7,7,7,7,7,7,7,7,19,20,7,7,7,7,6,6,6,6,6,6,6,6,3,3,3,3,3,3,3,3","0.000517845153808594","louvain","edit-xhwikibooks.graphml"
"0.09","0.66","0.25","0.469308276246604","1,2,1,1,1,3,1,3,3,3,1,1,3,3,3,4,5,1,6,1,7,2,3,3,3,3,3,4,2,8,9,6,1,1,6,6,10,3,7,7,7,7,2,2,2,2,7,2,2,2,7,7,7,7,7,2,2,2,2,7,11,7,7,12,13,7,7,7,7,7,2,7,3,3,7,7,7,7,7,7,7,14,4,4,4,15,7,7,7,7,16,17,18,7,7,7,19,7,7,7,7,7,7,7,7,7,7,20,21,7,7,7,7,6,6,6,6,6,6,6,6,10,10,10,10,10,10,10,10","0.000513076782226562","louvain","edit-xhwikibooks.graphml"
"0.08","0.67","0.25","0.483208194691438","1,2,1,1,1,3,1,3,3,3,1,1,3,3,3,4,5,1,6,1,7,2,3,3,3,3,3,4,2,8,9,6,1,1,6,6,10,3,7,7,7,7,2,2,2,2,7,2,2,2,7,7,7,7,7,2,2,2,2,7,11,7,7,12,13,7,7,7,7,7,2,7,3,3,7,7,7,7,7,7,7,14,4,4,4,15,7,7,7,7,16,17,18,7,7,7,19,7,7,7,7,7,7,7,7,7,7,20,21,7,7,7,7,6,6,6,6,6,6,6,6,10,10,10,10,10,10,10,10","0.0005340576171875","louvain","edit-xhwikibooks.graphml"
"0.07","0.68","0.25","0.482853415813584","1,2,1,1,1,3,1,3,3,3,1,1,3,3,3,3,4,1,5,1,6,2,3,3,3,3,3,3,2,7,8,5,1,1,5,5,9,3,6,6,6,6,2,2,2,2,6,2,2,2,6,6,6,6,6,2,2,2,2,6,10,6,6,11,12,6,6,6,6,6,2,6,3,3,6,6,6,6,6,6,6,13,3,3,3,14,6,6,6,6,15,16,17,6,6,6,18,6,6,6,6,6,6,6,6,6,6,19,20,6,6,6,6,5,5,5,5,5,5,5,5,9,9,9,9,9,9,9,9","0.000509023666381836","louvain","edit-xhwikibooks.graphml"
"0.06","0.69","0.25","0.482803084514006","1,2,1,1,1,3,1,3,3,3,1,1,3,3,3,4,5,1,6,1,7,2,3,3,3,3,3,4,2,8,9,6,1,1,6,6,10,3,7,7,7,7,2,2,2,2,7,2,2,2,7,7,7,7,7,2,2,2,2,7,11,7,7,12,13,7,7,7,7,7,2,7,3,3,7,7,7,7,7,7,7,14,4,4,4,15,7,7,7,7,16,17,18,7,7,7,19,7,7,7,7,7,7,7,7,7,7,20,21,7,7,7,7,6,6,6,6,6,6,6,6,10,10,10,10,10,10,10,10","0.000535011291503906","louvain","edit-xhwikibooks.graphml"
"0.05","0.7","0.25","0.483775794375457","1,2,1,1,1,3,1,3,3,3,1,1,3,3,3,4,5,1,6,1,7,2,3,3,3,3,3,4,2,8,9,6,1,1,6,6,10,3,7,7,7,7,2,2,2,2,7,2,2,2,7,7,7,7,7,2,2,2,2,7,11,7,7,12,13,7,7,7,7,7,2,7,3,3,7,7,7,7,7,7,7,14,4,4,4,15,7,7,7,7,16,17,18,7,7,7,19,7,7,7,7,7,7,7,7,7,7,20,21,7,7,7,7,6,6,6,6,6,6,6,6,10,10,10,10,10,10,10,10","0.000535011291503906","louvain","edit-xhwikibooks.graphml"
"0.04","0.71","0.25","0.483371313681403","1,2,1,1,1,3,1,3,3,3,1,1,3,3,3,4,5,1,6,1,7,2,3,3,3,3,3,4,2,8,9,6,1,1,6,6,10,3,7,7,7,7,2,2,2,2,7,2,2,2,7,7,7,7,7,2,2,2,2,7,11,7,7,12,13,7,7,7,7,7,2,7,3,3,7,7,7,7,7,7,7,14,4,4,4,15,7,7,7,7,16,17,18,7,7,7,19,7,7,7,7,7,7,7,7,7,7,20,21,7,7,7,7,6,6,6,6,6,6,6,6,10,10,10,10,10,10,10,10","0.000535964965820312","louvain","edit-xhwikibooks.graphml"
"0.03","0.72","0.25","0.485227005054914","1,2,1,1,1,3,1,3,3,3,1,1,3,3,3,4,5,1,6,1,7,2,3,3,3,3,3,4,2,8,9,6,1,1,6,6,10,3,7,7,7,7,2,2,2,2,7,2,2,2,7,7,7,7,7,2,2,2,2,7,11,7,7,12,13,7,7,7,7,7,2,7,3,3,7,7,7,7,7,7,7,14,4,4,4,15,7,7,7,7,16,17,18,7,7,7,19,7,7,7,7,7,7,7,7,7,7,20,21,7,7,7,7,6,6,6,6,6,6,6,6,10,10,10,10,10,10,10,10","0.000575065612792969","louvain","edit-xhwikibooks.graphml"
"0.02","0.73","0.25","0.484823367652678","1,2,1,1,1,3,1,3,3,3,1,1,3,3,3,4,5,1,6,1,7,2,3,3,3,3,3,4,2,8,9,6,1,1,6,6,10,3,7,7,7,7,2,2,2,2,7,2,2,2,7,7,7,7,7,2,2,2,2,7,11,7,7,12,13,7,7,7,7,7,2,7,3,3,7,7,7,7,7,7,7,14,4,4,4,15,7,7,7,7,16,17,18,7,7,7,19,7,7,7,7,7,7,7,7,7,7,20,21,7,7,7,7,6,6,6,6,6,6,6,6,10,10,10,10,10,10,10,10","0.000486135482788086","louvain","edit-xhwikibooks.graphml"
"0.01","0.74","0.25","0.484823367652678","1,2,1,1,1,3,1,3,3,3,1,1,3,3,3,4,5,1,6,1,7,2,3,3,3,3,3,4,2,8,9,6,1,1,6,6,10,3,7,7,7,7,2,2,2,2,7,2,2,2,7,7,7,7,7,2,2,2,2,7,11,7,7,12,13,7,7,7,7,7,2,7,3,3,7,7,7,7,7,7,7,14,4,4,4,15,7,7,7,7,16,17,18,7,7,7,19,7,7,7,7,7,7,7,7,7,7,20,21,7,7,7,7,6,6,6,6,6,6,6,6,10,10,10,10,10,10,10,10","0.000487089157104492","louvain","edit-xhwikibooks.graphml"
"0","0.75","0.25","0.491453911817683","1,1,1,1,1,2,3,2,2,2,3,3,2,2,2,4,5,3,6,3,7,1,2,2,2,2,2,4,1,8,9,6,3,3,6,6,10,2,7,7,7,7,1,1,1,1,7,1,1,1,7,7,7,7,7,1,1,1,1,7,11,7,7,12,13,7,7,7,7,7,1,7,2,2,7,7,7,7,7,7,7,14,4,4,4,15,7,7,7,7,16,17,18,7,7,7,19,7,7,7,7,7,7,7,7,7,7,20,21,7,7,7,7,6,6,6,6,6,6,6,6,10,10,10,10,10,10,10,10","0.000540018081665039","louvain","edit-xhwikibooks.graphml"
"0.74","0","0.26","0.429430030985228","1,1,1,2,3,2,3,2,2,2,3,3,2,2,2,2,2,3,3,4,5,1,2,2,2,2,2,2,1,2,3,3,4,4,3,3,2,2,5,5,5,5,1,1,1,1,5,1,1,1,5,5,5,5,5,1,1,1,1,5,2,5,5,2,2,5,5,5,5,5,1,5,2,2,5,5,5,5,5,5,5,2,2,2,2,1,5,5,5,5,2,3,3,5,5,5,2,5,5,5,5,5,5,5,5,5,5,4,4,5,5,5,5,3,3,3,3,3,3,3,3,2,2,2,2,2,2,2,2","0.000677108764648438","louvain","edit-xhwikibooks.graphml"
"0.73","0.01","0.26","0.429385515856154","1,1,1,2,3,2,3,2,2,2,3,3,2,2,2,2,2,3,3,3,4,1,2,2,2,2,2,2,1,2,3,3,3,3,3,3,2,2,4,4,4,4,1,1,1,1,4,1,1,1,4,4,4,4,4,1,1,1,1,4,2,4,4,2,2,4,4,4,4,4,1,4,2,2,4,4,4,4,4,4,4,2,2,2,2,1,4,4,4,4,2,3,3,4,4,4,2,4,4,4,4,4,4,4,4,4,4,3,3,4,4,4,4,3,3,3,3,3,3,3,3,2,2,2,2,2,2,2,2","0.000658988952636719","louvain","edit-xhwikibooks.graphml"
"0.72","0.02","0.26","0.429385515856154","1,1,1,2,3,2,3,2,2,2,3,3,2,2,2,2,2,3,3,3,4,1,2,2,2,2,2,2,1,2,3,3,3,3,3,3,2,2,4,4,4,4,1,1,1,1,4,1,1,1,4,4,4,4,4,1,1,1,1,4,2,4,4,2,2,4,4,4,4,4,1,4,2,2,4,4,4,4,4,4,4,2,2,2,2,1,4,4,4,4,2,3,3,4,4,4,2,4,4,4,4,4,4,4,4,4,4,3,3,4,4,4,4,3,3,3,3,3,3,3,3,2,2,2,2,2,2,2,2","0.000609874725341797","louvain","edit-xhwikibooks.graphml"
"0.71","0.03","0.26","0.429053326586312","1,1,1,2,3,2,3,2,2,2,3,3,2,2,2,2,2,3,3,4,5,1,2,2,2,2,2,2,1,2,3,3,4,4,3,3,2,2,5,5,5,5,1,1,1,1,5,1,1,1,5,5,5,5,5,1,1,1,1,5,2,5,5,2,2,5,5,5,5,5,1,5,2,2,5,5,5,5,5,5,5,2,2,2,2,1,5,5,5,5,2,3,3,5,5,5,2,5,5,5,5,5,5,5,5,5,5,4,4,5,5,5,5,3,3,3,3,3,3,3,3,2,2,2,2,2,2,2,2","0.000610113143920898","louvain","edit-xhwikibooks.graphml"
"0.7","0.04","0.26","0.429053326586312","1,1,1,2,3,2,3,2,2,2,3,3,2,2,2,2,2,3,3,4,5,1,2,2,2,2,2,2,1,2,3,3,4,4,3,3,2,2,5,5,5,5,1,1,1,1,5,1,1,1,5,5,5,5,5,1,1,1,1,5,2,5,5,2,2,5,5,5,5,5,1,5,2,2,5,5,5,5,5,5,5,2,2,2,2,1,5,5,5,5,2,3,3,5,5,5,2,5,5,5,5,5,5,5,5,5,5,4,4,5,5,5,5,3,3,3,3,3,3,3,3,2,2,2,2,2,2,2,2","0.000530004501342773","louvain","edit-xhwikibooks.graphml"
"0.69","0.05","0.26","0.426414954029205","1,1,1,2,3,2,3,2,2,2,3,3,2,2,2,2,2,3,4,3,5,1,2,2,2,2,2,2,1,2,3,4,3,3,4,4,2,2,5,5,5,5,1,1,1,1,5,1,1,1,5,5,5,5,5,1,1,1,1,5,2,5,5,2,2,5,5,5,5,5,1,5,2,2,5,5,5,5,5,5,5,2,2,2,2,1,5,5,5,5,2,3,4,5,5,5,2,5,5,5,5,5,5,5,5,5,5,3,3,5,5,5,5,4,4,4,4,4,4,4,4,2,2,2,2,2,2,2,2","0.000485897064208984","louvain","edit-xhwikibooks.graphml"
"0.68","0.06","0.26","0.426414954029205","1,1,1,2,3,2,3,2,2,2,3,3,2,2,2,2,2,3,4,3,5,1,2,2,2,2,2,2,1,2,3,4,3,3,4,4,2,2,5,5,5,5,1,1,1,1,5,1,1,1,5,5,5,5,5,1,1,1,1,5,2,5,5,2,2,5,5,5,5,5,1,5,2,2,5,5,5,5,5,5,5,2,2,2,2,1,5,5,5,5,2,3,4,5,5,5,2,5,5,5,5,5,5,5,5,5,5,3,3,5,5,5,5,4,4,4,4,4,4,4,4,2,2,2,2,2,2,2,2","0.000493049621582031","louvain","edit-xhwikibooks.graphml"
"0.67","0.07","0.26","0.426037438572494","1,1,1,2,3,2,3,2,2,2,3,3,2,2,2,2,2,3,4,3,5,1,2,2,2,2,2,2,1,2,3,4,3,3,4,4,2,2,5,5,5,5,1,1,1,1,5,1,1,1,5,5,5,5,5,1,1,1,1,5,2,5,5,2,2,5,5,5,5,5,1,5,2,2,5,5,5,5,5,5,5,2,2,2,2,1,5,5,5,5,2,3,4,5,5,5,2,5,5,5,5,5,5,5,5,5,5,3,3,5,5,5,5,4,4,4,4,4,4,4,4,2,2,2,2,2,2,2,2","0.000509977340698242","louvain","edit-xhwikibooks.graphml"
"0.66","0.08","0.26","0.427142268829302","1,1,1,2,3,2,3,2,2,2,3,3,2,2,2,2,2,3,4,3,5,1,2,2,2,2,2,2,1,2,3,4,3,3,4,4,2,2,5,5,5,5,1,1,1,1,5,1,1,1,5,5,5,5,5,1,1,1,1,5,2,5,5,2,2,5,5,5,5,5,1,5,2,2,5,5,5,5,5,5,5,2,2,2,2,1,5,5,5,5,2,3,4,5,5,5,2,5,5,5,5,5,5,5,5,5,5,3,3,5,5,5,5,4,4,4,4,4,4,4,4,2,2,2,2,2,2,2,2","0.000504970550537109","louvain","edit-xhwikibooks.graphml"
"0.65","0.09","0.26","0.412504498269896","1,1,1,2,3,2,3,2,2,2,3,3,2,2,2,2,2,3,4,3,5,1,2,2,2,2,2,2,1,2,3,4,3,3,4,4,2,2,5,5,5,5,1,1,1,1,5,1,1,1,5,5,5,5,5,1,1,1,1,5,2,5,5,2,2,5,5,5,5,5,1,5,2,2,5,5,5,5,5,5,5,2,2,2,2,1,5,5,5,5,2,3,4,5,5,5,2,5,5,5,5,5,5,5,5,5,5,3,3,5,5,5,5,4,4,4,4,4,4,4,4,2,2,2,2,2,2,2,2","0.000538110733032227","louvain","edit-xhwikibooks.graphml"
"0.64","0.1","0.26","0.412504498269896","1,1,1,2,3,2,3,2,2,2,3,3,2,2,2,2,2,3,4,3,5,1,2,2,2,2,2,2,1,2,3,4,3,3,4,4,2,2,5,5,5,5,1,1,1,1,5,1,1,1,5,5,5,5,5,1,1,1,1,5,2,5,5,2,2,5,5,5,5,5,1,5,2,2,5,5,5,5,5,5,5,2,2,2,2,1,5,5,5,5,2,3,4,5,5,5,2,5,5,5,5,5,5,5,5,5,5,3,3,5,5,5,5,4,4,4,4,4,4,4,4,2,2,2,2,2,2,2,2","0.000549077987670898","louvain","edit-xhwikibooks.graphml"
"0.63","0.11","0.26","0.412129367399382","1,1,1,2,3,2,3,2,2,2,3,3,2,2,2,2,2,3,4,3,5,1,2,2,2,2,2,2,1,2,3,4,3,3,4,4,2,2,5,5,5,5,1,1,1,1,5,1,1,1,5,5,5,5,5,1,1,1,1,5,2,5,5,2,2,5,5,5,5,5,1,5,2,2,5,5,5,5,5,5,5,2,2,2,2,1,5,5,5,5,2,3,4,5,5,5,2,5,5,5,5,5,5,5,5,5,5,3,3,5,5,5,5,4,4,4,4,4,4,4,4,2,2,2,2,2,2,2,2","0.000550985336303711","louvain","edit-xhwikibooks.graphml"
"0.62","0.12","0.26","0.414418320828907","1,1,1,2,3,2,3,2,2,2,3,3,2,2,2,2,2,3,4,3,5,1,2,2,2,2,2,2,1,2,3,4,3,3,4,4,2,2,5,5,5,5,1,1,1,1,5,1,1,1,5,5,5,5,5,1,1,1,1,5,2,5,5,2,2,5,5,5,5,5,1,5,2,2,5,5,5,5,5,5,5,2,2,2,2,1,5,5,5,5,2,3,4,5,5,5,2,5,5,5,5,5,5,5,5,5,5,3,3,5,5,5,5,4,4,4,4,4,4,4,4,2,2,2,2,2,2,2,2","0.000576019287109375","louvain","edit-xhwikibooks.graphml"
"0.61","0.13","0.26","0.392473018035785","1,1,1,2,3,2,3,2,2,2,3,3,2,2,2,2,2,3,4,3,5,1,2,2,2,2,2,2,1,2,3,4,3,3,4,4,2,2,5,5,5,5,1,1,1,1,5,1,1,1,5,5,5,5,5,1,1,1,1,5,2,5,5,2,2,5,5,5,5,5,1,5,2,2,5,5,5,5,5,5,5,2,2,2,2,1,5,5,5,5,2,3,4,5,5,5,2,5,5,5,5,5,5,5,5,5,5,3,3,5,5,5,5,4,4,4,4,4,4,4,4,2,2,2,2,2,2,2,2","0.000541925430297852","louvain","edit-xhwikibooks.graphml"
"0.6","0.14","0.26","0.392473018035785","1,1,1,2,3,2,3,2,2,2,3,3,2,2,2,2,2,3,4,3,5,1,2,2,2,2,2,2,1,2,3,4,3,3,4,4,2,2,5,5,5,5,1,1,1,1,5,1,1,1,5,5,5,5,5,1,1,1,1,5,2,5,5,2,2,5,5,5,5,5,1,5,2,2,5,5,5,5,5,5,5,2,2,2,2,1,5,5,5,5,2,3,4,5,5,5,2,5,5,5,5,5,5,5,5,5,5,3,3,5,5,5,5,4,4,4,4,4,4,4,4,2,2,2,2,2,2,2,2","0.000537872314453125","louvain","edit-xhwikibooks.graphml"
"0.59","0.15","0.26","0.395773105220614","1,1,1,2,3,2,3,2,2,2,3,3,2,2,2,2,2,3,4,3,5,1,2,2,2,2,2,2,1,2,3,4,3,3,4,4,2,2,5,5,5,5,1,1,1,1,5,1,1,1,5,5,5,5,5,1,1,1,1,5,2,5,5,2,2,5,5,5,5,5,1,5,2,2,5,5,5,5,5,5,5,2,2,2,2,1,5,5,5,5,2,3,4,5,5,5,2,5,5,5,5,5,5,5,5,5,5,3,3,5,5,5,5,4,4,4,4,4,4,4,4,2,2,2,2,2,2,2,2","0.000519990921020508","louvain","edit-xhwikibooks.graphml"
"0.58","0.16","0.26","0.397002551020408","1,1,1,2,3,2,3,2,2,2,3,3,2,2,2,2,2,3,4,3,5,1,2,2,2,2,2,2,1,2,3,4,3,3,4,4,2,2,5,5,5,5,1,1,1,1,5,1,1,1,5,5,5,5,5,1,1,1,1,5,2,5,5,2,2,5,5,5,5,5,1,5,2,2,5,5,5,5,5,5,5,2,2,2,2,1,5,5,5,5,2,3,4,5,5,5,2,5,5,5,5,5,5,5,5,5,5,3,3,5,5,5,5,4,4,4,4,4,4,4,4,2,2,2,2,2,2,2,2","0.000648975372314453","louvain","edit-xhwikibooks.graphml"
"0.57","0.17","0.26","0.396638676848381","1,1,1,2,3,2,3,2,2,2,3,3,2,2,2,2,2,3,4,3,5,1,2,2,2,2,2,2,1,2,3,4,3,3,4,4,2,2,5,5,5,5,1,1,1,1,5,1,1,1,5,5,5,5,5,1,1,1,1,5,2,5,5,2,2,5,5,5,5,5,1,5,2,2,5,5,5,5,5,5,5,2,2,2,2,1,5,5,5,5,2,3,4,5,5,5,2,5,5,5,5,5,5,5,5,5,5,3,3,5,5,5,5,4,4,4,4,4,4,4,4,2,2,2,2,2,2,2,2","0.000540971755981445","louvain","edit-xhwikibooks.graphml"
"0.56","0.18","0.26","0.396638676848381","1,1,1,2,3,2,3,2,2,2,3,3,2,2,2,2,2,3,4,3,5,1,2,2,2,2,2,2,1,2,3,4,3,3,4,4,2,2,5,5,5,5,1,1,1,1,5,1,1,1,5,5,5,5,5,1,1,1,1,5,2,5,5,2,2,5,5,5,5,5,1,5,2,2,5,5,5,5,5,5,5,2,2,2,2,1,5,5,5,5,2,3,4,5,5,5,2,5,5,5,5,5,5,5,5,5,5,3,3,5,5,5,5,4,4,4,4,4,4,4,4,2,2,2,2,2,2,2,2","0.000519990921020508","louvain","edit-xhwikibooks.graphml"
"0.55","0.19","0.26","0.39626835777275","1,1,1,2,3,2,3,2,2,2,3,3,2,2,2,2,2,3,4,3,5,1,2,2,2,2,2,2,1,2,3,4,3,3,4,4,2,2,5,5,5,5,1,1,1,1,5,1,1,1,5,5,5,5,5,1,1,1,1,5,2,5,5,2,2,5,5,5,5,5,1,5,2,2,5,5,5,5,5,5,5,2,2,2,2,1,5,5,5,5,2,3,4,5,5,5,2,5,5,5,5,5,5,5,5,5,5,3,3,5,5,5,5,4,4,4,4,4,4,4,4,2,2,2,2,2,2,2,2","0.000535964965820312","louvain","edit-xhwikibooks.graphml"
"0.54","0.2","0.26","0.398595606567687","1,1,1,2,3,2,3,2,2,2,3,3,2,2,2,2,2,3,4,3,5,1,2,2,2,2,2,2,1,2,3,4,3,3,4,4,2,2,5,5,5,5,1,1,1,1,5,1,1,1,5,5,5,5,5,1,1,1,1,5,2,5,5,2,2,5,5,5,5,5,1,5,2,2,5,5,5,5,5,5,5,2,2,2,2,1,5,5,5,5,2,3,4,5,5,5,2,5,5,5,5,5,5,5,5,5,5,3,3,5,5,5,5,4,4,4,4,4,4,4,4,2,2,2,2,2,2,2,2","0.000535964965820312","louvain","edit-xhwikibooks.graphml"
"0.53","0.21","0.26","0.398225552326599","1,1,1,2,3,2,3,2,2,2,3,3,2,2,2,2,2,3,4,3,5,1,2,2,2,2,2,2,1,2,3,4,3,3,4,4,2,2,5,5,5,5,1,1,1,1,5,1,1,1,5,5,5,5,5,1,1,1,1,5,2,5,5,2,2,5,5,5,5,5,1,5,2,2,5,5,5,5,5,5,5,2,2,2,2,1,5,5,5,5,2,3,4,5,5,5,2,5,5,5,5,5,5,5,5,5,5,3,3,5,5,5,5,4,4,4,4,4,4,4,4,2,2,2,2,2,2,2,2","0.000497102737426758","louvain","edit-xhwikibooks.graphml"
"0.52","0.22","0.26","0.398225552326599","1,1,1,2,3,2,3,2,2,2,3,3,2,2,2,2,2,3,4,3,5,1,2,2,2,2,2,2,1,2,3,4,3,3,4,4,2,2,5,5,5,5,1,1,1,1,5,1,1,1,5,5,5,5,5,1,1,1,1,5,2,5,5,2,2,5,5,5,5,5,1,5,2,2,5,5,5,5,5,5,5,2,2,2,2,1,5,5,5,5,2,3,4,5,5,5,2,5,5,5,5,5,5,5,5,5,5,3,3,5,5,5,5,4,4,4,4,4,4,4,4,2,2,2,2,2,2,2,2","0.000543117523193359","louvain","edit-xhwikibooks.graphml"
"0.51","0.23","0.26","0.417917177131983","1,1,1,2,3,2,3,2,2,2,3,3,2,2,2,2,2,3,4,3,5,1,2,2,2,2,2,2,1,2,3,4,3,3,4,4,2,2,5,5,5,5,1,1,1,1,5,1,1,1,5,5,5,5,5,1,1,1,1,5,2,5,5,2,2,5,5,5,5,5,1,5,2,2,5,5,5,5,5,5,5,2,2,2,2,1,5,5,5,5,2,3,4,5,5,5,2,5,5,5,5,5,5,5,5,5,5,3,3,5,5,5,5,4,4,4,4,4,4,4,4,2,2,2,2,2,2,2,2","0.0005340576171875","louvain","edit-xhwikibooks.graphml"
"0.5","0.24","0.26","0.419138070343311","1,1,1,2,3,2,3,2,2,2,3,3,2,2,2,2,2,3,4,3,5,1,2,2,2,2,2,2,1,2,3,4,3,3,4,4,2,2,5,5,5,5,1,1,1,1,5,1,1,1,5,5,5,5,5,1,1,1,1,5,2,5,5,2,2,5,5,5,5,5,1,5,2,2,5,5,5,5,5,5,5,2,2,2,2,1,5,5,5,5,2,3,4,5,5,5,2,5,5,5,5,5,5,5,5,5,5,3,3,5,5,5,5,4,4,4,4,4,4,4,4,2,2,2,2,2,2,2,2","0.000514984130859375","louvain","edit-xhwikibooks.graphml"
"0.49","0.25","0.26","0.423350039211842","1,1,1,2,3,2,3,2,2,2,3,3,2,2,2,2,2,3,4,3,5,1,2,2,2,2,2,2,1,2,3,4,3,3,4,4,2,2,5,5,5,5,1,1,1,1,5,1,1,1,5,5,5,5,5,1,1,1,1,5,2,5,5,2,2,5,5,5,5,5,1,5,2,2,5,5,5,5,5,5,5,2,2,2,2,1,5,5,5,5,2,3,4,5,5,5,2,5,5,5,5,5,5,5,5,5,5,3,3,5,5,5,5,4,4,4,4,4,4,4,4,2,2,2,2,2,2,2,2","0.000519990921020508","louvain","edit-xhwikibooks.graphml"
"0.48","0.26","0.26","0.423350039211842","1,1,1,2,3,2,3,2,2,2,3,3,2,2,2,2,2,3,4,3,5,1,2,2,2,2,2,2,1,2,3,4,3,3,4,4,2,2,5,5,5,5,1,1,1,1,5,1,1,1,5,5,5,5,5,1,1,1,1,5,2,5,5,2,2,5,5,5,5,5,1,5,2,2,5,5,5,5,5,5,5,2,2,2,2,1,5,5,5,5,2,3,4,5,5,5,2,5,5,5,5,5,5,5,5,5,5,3,3,5,5,5,5,4,4,4,4,4,4,4,4,2,2,2,2,2,2,2,2","0.000538825988769531","louvain","edit-xhwikibooks.graphml"
"0.47","0.27","0.26","0.418120845019621","1,1,1,2,3,2,3,2,2,2,3,3,2,2,2,2,2,3,4,3,5,1,2,2,2,2,2,2,1,2,3,4,3,3,4,4,2,2,5,5,5,5,1,1,1,1,5,1,1,1,5,5,5,5,5,1,1,1,1,5,6,5,5,2,2,5,5,5,5,5,1,5,2,2,5,5,5,5,5,5,5,2,2,2,2,7,5,5,5,5,8,9,10,5,5,5,2,5,5,5,5,5,5,5,5,5,5,3,3,5,5,5,5,4,4,4,4,4,4,4,4,2,2,2,2,2,2,2,2","0.000553131103515625","louvain","edit-xhwikibooks.graphml"
"0.46","0.28","0.26","0.417720596331627","1,1,1,2,3,2,3,2,2,2,3,3,2,2,2,2,2,3,4,3,5,1,2,2,2,2,2,2,1,2,3,4,3,3,4,4,2,2,5,5,5,5,1,1,1,1,5,1,1,1,5,5,5,5,5,1,1,1,1,5,6,5,5,2,2,5,5,5,5,5,1,5,2,2,5,5,5,5,5,5,5,2,2,2,2,7,5,5,5,5,8,9,10,5,5,5,2,5,5,5,5,5,5,5,5,5,5,3,3,5,5,5,5,4,4,4,4,4,4,4,4,2,2,2,2,2,2,2,2","0.000558853149414062","louvain","edit-xhwikibooks.graphml"
"0.45","0.29","0.26","0.420088731144632","1,1,1,2,3,2,3,2,2,2,3,3,2,2,2,2,2,3,4,3,5,1,2,2,2,2,2,2,1,2,3,4,3,3,4,4,2,2,5,5,5,5,1,1,1,1,5,1,1,1,5,5,5,5,5,1,1,1,1,5,6,5,5,2,2,5,5,5,5,5,1,5,2,2,5,5,5,5,5,5,5,2,2,2,2,7,5,5,5,5,8,9,10,5,5,5,2,5,5,5,5,5,5,5,5,5,5,3,3,5,5,5,5,4,4,4,4,4,4,4,4,2,2,2,2,2,2,2,2","0.000554084777832031","louvain","edit-xhwikibooks.graphml"
"0.44","0.3","0.26","0.419688871922122","1,1,1,2,3,2,3,2,2,2,3,3,2,2,2,2,2,3,4,3,5,1,2,2,2,2,2,2,1,2,3,4,3,3,4,4,2,2,5,5,5,5,1,1,1,1,5,1,1,1,5,5,5,5,5,1,1,1,1,5,6,5,5,2,2,5,5,5,5,5,1,5,2,2,5,5,5,5,5,5,5,2,2,2,2,7,5,5,5,5,8,9,10,5,5,5,2,5,5,5,5,5,5,5,5,5,5,3,3,5,5,5,5,4,4,4,4,4,4,4,4,2,2,2,2,2,2,2,2","0.000484943389892578","louvain","edit-xhwikibooks.graphml"
"0.43","0.31","0.26","0.413969117878557","1,1,1,1,2,3,2,3,3,3,2,2,3,3,3,3,3,2,4,2,5,1,3,3,3,3,3,3,1,3,2,4,2,2,4,4,3,3,5,5,5,5,1,1,1,1,5,1,1,1,5,5,5,5,5,1,1,1,1,5,6,5,5,3,3,5,5,5,5,5,1,5,3,3,5,5,5,5,5,5,5,3,3,3,3,7,5,5,5,5,8,9,10,5,5,5,3,5,5,5,5,5,5,5,5,5,5,2,2,5,5,5,5,4,4,4,4,4,4,4,4,3,3,3,3,3,3,3,3","0.000507116317749023","louvain","edit-xhwikibooks.graphml"
"0.42","0.32","0.26","0.413570189240117","1,1,1,1,2,3,2,3,3,3,2,2,3,3,3,3,3,2,4,2,5,1,3,3,3,3,3,3,1,3,2,4,2,2,4,4,3,3,5,5,5,5,1,1,1,1,5,1,1,1,5,5,5,5,5,1,1,1,1,5,6,5,5,3,3,5,5,5,5,5,1,5,3,3,5,5,5,5,5,5,5,3,3,3,3,7,5,5,5,5,8,9,10,5,5,5,3,5,5,5,5,5,5,5,5,5,5,2,2,5,5,5,5,4,4,4,4,4,4,4,4,3,3,3,3,3,3,3,3","0.000540971755981445","louvain","edit-xhwikibooks.graphml"
"0.41","0.33","0.26","0.413570189240117","1,1,1,1,2,3,2,3,3,3,2,2,3,3,3,3,3,2,4,2,5,1,3,3,3,3,3,3,1,3,2,4,2,2,4,4,3,3,5,5,5,5,1,1,1,1,5,1,1,1,5,5,5,5,5,1,1,1,1,5,6,5,5,3,3,5,5,5,5,5,1,5,3,3,5,5,5,5,5,5,5,3,3,3,3,7,5,5,5,5,8,9,10,5,5,5,3,5,5,5,5,5,5,5,5,5,5,2,2,5,5,5,5,4,4,4,4,4,4,4,4,3,3,3,3,3,3,3,3","0.000690221786499023","louvain","edit-xhwikibooks.graphml"
"0.4","0.34","0.26","0.43014791254987","1,1,1,1,2,3,2,3,3,3,2,2,3,3,3,3,3,2,4,2,5,1,3,3,3,3,3,3,1,3,2,4,2,2,4,4,3,3,5,5,5,5,1,1,1,1,5,1,1,1,5,5,5,5,5,1,1,1,1,5,6,5,5,3,3,5,5,5,5,5,1,5,3,3,5,5,5,5,5,5,5,3,3,3,3,7,5,5,5,5,8,9,10,5,5,5,3,5,5,5,5,5,5,5,5,5,5,2,2,5,5,5,5,4,4,4,4,4,4,4,4,3,3,3,3,3,3,3,3","0.000543117523193359","louvain","edit-xhwikibooks.graphml"
"0.39","0.35","0.26","0.430219823847284","1,1,1,1,2,3,2,3,3,3,2,2,3,3,3,3,3,2,4,2,5,1,3,3,3,3,3,3,1,3,2,4,2,2,4,4,3,3,5,5,5,5,1,1,1,1,5,1,1,1,5,5,5,5,5,1,1,1,1,5,6,5,5,3,3,5,5,5,5,5,1,5,3,3,5,5,5,5,5,5,5,3,3,3,3,7,5,5,5,5,8,9,10,5,5,5,3,5,5,5,5,5,5,5,5,5,5,2,2,5,5,5,5,4,4,4,4,4,4,4,4,3,3,3,3,3,3,3,3","0.000502109527587891","louvain","edit-xhwikibooks.graphml"
"0.38","0.36","0.26","0.429818688314871","1,1,1,1,2,3,2,3,3,3,2,2,3,3,3,3,3,2,4,2,5,1,3,3,3,3,3,3,1,3,2,4,2,2,4,4,3,3,5,5,5,5,1,1,1,1,5,1,1,1,5,5,5,5,5,1,1,1,1,5,6,5,5,3,3,5,5,5,5,5,1,5,3,3,5,5,5,5,5,5,5,3,3,3,3,7,5,5,5,5,8,9,10,5,5,5,3,5,5,5,5,5,5,5,5,5,5,2,2,5,5,5,5,4,4,4,4,4,4,4,4,3,3,3,3,3,3,3,3","0.00053715705871582","louvain","edit-xhwikibooks.graphml"
"0.37","0.37","0.26","0.429818688314871","1,1,1,1,2,3,2,3,3,3,2,2,3,3,3,3,3,2,4,2,5,1,3,3,3,3,3,3,1,3,2,4,2,2,4,4,3,3,5,5,5,5,1,1,1,1,5,1,1,1,5,5,5,5,5,1,1,1,1,5,6,5,5,3,3,5,5,5,5,5,1,5,3,3,5,5,5,5,5,5,5,3,3,3,3,7,5,5,5,5,8,9,10,5,5,5,3,5,5,5,5,5,5,5,5,5,5,2,2,5,5,5,5,4,4,4,4,4,4,4,4,3,3,3,3,3,3,3,3","0.000624895095825195","louvain","edit-xhwikibooks.graphml"
"0.36","0.38","0.26","0.429418227953027","1,1,1,1,2,3,2,3,3,3,2,2,3,3,3,3,3,2,4,2,5,1,3,3,3,3,3,3,1,3,2,4,2,2,4,4,3,3,5,5,5,5,1,1,1,1,5,1,1,1,5,5,5,5,5,1,1,1,1,5,6,5,5,3,3,5,5,5,5,5,1,5,3,3,5,5,5,5,5,5,5,3,3,3,3,7,5,5,5,5,8,9,10,5,5,5,3,5,5,5,5,5,5,5,5,5,5,2,2,5,5,5,5,4,4,4,4,4,4,4,4,3,3,3,3,3,3,3,3","0.000555992126464844","louvain","edit-xhwikibooks.graphml"
"0.35","0.39","0.26","0.430584473527662","1,1,1,1,2,3,2,3,3,3,2,2,3,3,3,3,3,2,4,2,5,1,3,3,3,3,3,3,1,3,2,4,2,2,4,4,3,3,5,5,5,5,1,1,1,1,5,1,1,1,5,5,5,5,5,1,1,1,1,5,6,5,5,3,3,5,5,5,5,5,1,5,3,3,5,5,5,5,5,5,5,3,3,3,3,7,5,5,5,5,8,9,10,5,5,5,3,5,5,5,5,5,5,5,5,5,5,2,2,5,5,5,5,4,4,4,4,4,4,4,4,3,3,3,3,3,3,3,3","0.000566005706787109","louvain","edit-xhwikibooks.graphml"
"0.34","0.4","0.26","0.432365955097154","1,1,1,1,2,3,2,3,3,3,2,2,3,3,3,3,3,2,4,2,5,1,3,3,3,3,3,3,1,3,2,4,2,2,4,4,3,3,5,5,5,5,1,1,1,1,5,1,1,1,5,5,5,5,5,1,1,1,1,5,6,5,5,3,3,5,5,5,5,5,1,5,3,3,5,5,5,5,5,5,5,3,3,3,3,7,5,5,5,5,8,9,10,5,5,5,3,5,5,5,5,5,5,5,5,5,5,2,2,5,5,5,5,4,4,4,4,4,4,4,4,3,3,3,3,3,3,3,3","0.000536918640136719","louvain","edit-xhwikibooks.graphml"
"0.33","0.41","0.26","0.432365955097154","1,1,1,1,2,3,2,3,3,3,2,2,3,3,3,3,3,2,4,2,5,1,3,3,3,3,3,3,1,3,2,4,2,2,4,4,3,3,5,5,5,5,1,1,1,1,5,1,1,1,5,5,5,5,5,1,1,1,1,5,6,5,5,3,3,5,5,5,5,5,1,5,3,3,5,5,5,5,5,5,5,3,3,3,3,7,5,5,5,5,8,9,10,5,5,5,3,5,5,5,5,5,5,5,5,5,5,2,2,5,5,5,5,4,4,4,4,4,4,4,4,3,3,3,3,3,3,3,3","0.000482082366943359","louvain","edit-xhwikibooks.graphml"
"0.32","0.42","0.26","0.431966667452163","1,1,1,1,2,3,2,3,3,3,2,2,3,3,3,3,3,2,4,2,5,1,3,3,3,3,3,3,1,3,2,4,2,2,4,4,3,3,5,5,5,5,1,1,1,1,5,1,1,1,5,5,5,5,5,1,1,1,1,5,6,5,5,3,3,5,5,5,5,5,1,5,3,3,5,5,5,5,5,5,5,3,3,3,3,7,5,5,5,5,8,9,10,5,5,5,3,5,5,5,5,5,5,5,5,5,5,2,2,5,5,5,5,4,4,4,4,4,4,4,4,3,3,3,3,3,3,3,3","0.000557184219360352","louvain","edit-xhwikibooks.graphml"
"0.31","0.43","0.26","0.434198183726234","1,1,1,1,2,3,2,3,3,3,2,2,3,3,3,3,3,2,4,2,5,1,3,3,3,3,3,3,1,3,2,4,2,2,4,4,3,3,5,5,5,5,1,1,1,1,5,1,1,1,5,5,5,5,5,1,1,1,1,5,6,5,5,3,3,5,5,5,5,5,1,5,3,3,5,5,5,5,5,5,5,3,3,3,3,7,5,5,5,5,8,9,10,5,5,5,3,5,5,5,5,5,5,5,5,5,5,2,2,5,5,5,5,4,4,4,4,4,4,4,4,3,3,3,3,3,3,3,3","0.0005950927734375","louvain","edit-xhwikibooks.graphml"
"0.3","0.44","0.26","0.433799414851542","1,1,1,1,2,3,2,3,3,3,2,2,3,3,3,3,3,2,4,2,5,1,3,3,3,3,3,3,1,3,2,4,2,2,4,4,3,3,5,5,5,5,1,1,1,1,5,1,1,1,5,5,5,5,5,1,1,1,1,5,6,5,5,3,3,5,5,5,5,5,1,5,3,3,5,5,5,5,5,5,5,3,3,3,3,7,5,5,5,5,8,9,10,5,5,5,3,5,5,5,5,5,5,5,5,5,5,2,2,5,5,5,5,4,4,4,4,4,4,4,4,3,3,3,3,3,3,3,3","0.000542163848876953","louvain","edit-xhwikibooks.graphml"
"0.29","0.45","0.26","0.43601007506828","1,1,1,1,2,3,2,3,3,3,2,2,3,3,3,3,3,2,4,2,5,1,3,3,3,3,3,3,1,3,2,4,2,2,4,4,3,3,5,5,5,5,1,1,1,1,5,1,1,1,5,5,5,5,5,1,1,1,1,5,6,5,5,3,3,5,5,5,5,5,1,5,3,3,5,5,5,5,5,5,5,3,3,3,3,7,5,5,5,5,8,9,10,5,5,5,3,5,5,5,5,5,5,5,5,5,5,2,2,5,5,5,5,4,4,4,4,4,4,4,4,3,3,3,3,3,3,3,3","0.000564098358154297","louvain","edit-xhwikibooks.graphml"
"0.28","0.46","0.26","0.435611844970242","1,1,1,1,2,3,2,3,3,3,2,2,3,3,3,3,3,2,4,2,5,1,3,3,3,3,3,3,1,3,2,4,2,2,4,4,3,3,5,5,5,5,1,1,1,1,5,1,1,1,5,5,5,5,5,1,1,1,1,5,6,5,5,3,3,5,5,5,5,5,1,5,3,3,5,5,5,5,5,5,5,3,3,3,3,7,5,5,5,5,8,9,10,5,5,5,3,5,5,5,5,5,5,5,5,5,5,2,2,5,5,5,5,4,4,4,4,4,4,4,4,3,3,3,3,3,3,3,3","0.000607013702392578","louvain","edit-xhwikibooks.graphml"
"0.27","0.47","0.26","0.436747803597365","1,1,1,1,2,3,2,3,3,3,2,2,3,3,3,3,3,2,4,2,5,1,3,3,3,3,3,3,1,3,2,4,2,2,4,4,3,3,5,5,5,5,1,1,1,1,5,1,1,1,5,5,5,5,5,1,1,1,1,5,6,5,5,3,3,5,5,5,5,5,1,5,3,3,5,5,5,5,5,5,5,3,3,3,3,7,5,5,5,5,8,9,10,5,5,5,3,5,5,5,5,5,5,5,5,5,5,2,2,5,5,5,5,4,4,4,4,4,4,4,4,3,3,3,3,3,3,3,3","0.000594139099121094","louvain","edit-xhwikibooks.graphml"
"0.26","0.48","0.26","0.437479193358016","1,1,1,1,2,3,2,3,3,3,2,2,3,3,3,3,3,2,4,2,5,1,3,3,3,3,3,3,1,3,2,4,2,2,4,4,3,3,5,5,5,5,1,1,1,1,5,1,1,1,5,5,5,5,5,1,1,1,1,5,6,5,5,3,3,5,5,5,5,5,1,5,3,3,5,5,5,5,5,5,5,3,3,3,3,7,5,5,5,5,8,9,10,5,5,5,3,5,5,5,5,5,5,5,5,5,5,2,2,5,5,5,5,4,4,4,4,4,4,4,4,3,3,3,3,3,3,3,3","0.00049901008605957","louvain","edit-xhwikibooks.graphml"
"0.25","0.49","0.26","0.437767254530325","1,2,1,1,1,3,1,3,3,3,1,1,3,3,3,3,3,1,4,1,5,2,3,3,3,3,3,3,2,3,1,4,1,1,4,4,3,3,5,5,5,5,2,2,2,2,5,2,2,2,5,5,5,5,5,2,2,2,2,5,6,5,5,3,3,5,5,5,5,5,2,5,3,3,5,5,5,5,5,5,5,3,3,3,3,7,5,5,5,5,8,9,10,5,5,5,3,5,5,5,5,5,5,5,5,5,5,1,1,5,5,5,5,4,4,4,4,4,4,4,4,3,3,3,3,3,3,3,3","0.000596046447753906","louvain","edit-xhwikibooks.graphml"
"0.24","0.5","0.26","0.481943861172833","1,2,1,1,1,3,1,4,4,3,1,1,4,4,4,3,3,1,5,1,6,2,4,4,4,4,4,3,2,3,1,5,1,1,5,5,4,4,6,6,6,6,2,2,2,2,6,2,2,2,6,6,6,6,6,2,2,2,2,6,7,6,6,4,4,6,6,6,6,6,2,6,4,4,6,6,6,6,6,6,6,4,3,3,3,8,6,6,6,6,9,10,11,6,6,6,3,6,6,6,6,6,6,6,6,6,6,1,1,6,6,6,6,5,5,5,5,5,5,5,5,4,4,4,4,4,4,4,4","0.000529050827026367","louvain","edit-xhwikibooks.graphml"
"0.23","0.51","0.26","0.482095981298326","1,1,1,1,2,3,2,4,4,3,2,2,4,4,4,3,3,2,5,2,6,1,4,4,4,4,4,3,1,3,2,5,2,2,5,5,4,4,6,6,6,6,1,1,1,1,6,1,1,1,6,6,6,6,6,1,1,1,1,6,7,6,6,4,4,6,6,6,6,6,1,6,4,4,6,6,6,6,6,6,6,4,3,3,3,8,6,6,6,6,9,10,11,6,6,6,3,6,6,6,6,6,6,6,6,6,6,2,2,6,6,6,6,5,5,5,5,5,5,5,5,4,4,4,4,4,4,4,4","0.000517129898071289","louvain","edit-xhwikibooks.graphml"
"0.22","0.52","0.26","0.482095981298326","1,1,1,1,2,3,2,4,4,3,2,2,4,4,4,3,3,2,5,2,6,1,4,4,4,4,4,3,1,3,2,5,2,2,5,5,4,4,6,6,6,6,1,1,1,1,6,1,1,1,6,6,6,6,6,1,1,1,1,6,7,6,6,4,4,6,6,6,6,6,1,6,4,4,6,6,6,6,6,6,6,4,3,3,3,8,6,6,6,6,9,10,11,6,6,6,3,6,6,6,6,6,6,6,6,6,6,2,2,6,6,6,6,5,5,5,5,5,5,5,5,4,4,4,4,4,4,4,4","0.000531911849975586","louvain","edit-xhwikibooks.graphml"
"0.21","0.53","0.26","0.473321794899021","1,1,1,1,2,3,2,3,3,3,2,2,3,3,3,3,4,2,5,2,6,1,3,3,3,3,3,3,1,7,8,5,2,2,5,5,3,3,6,6,6,6,1,1,1,1,6,1,1,1,6,6,6,6,6,1,1,1,1,6,9,6,6,10,11,6,6,6,6,6,1,6,3,3,6,6,6,6,6,6,6,12,3,3,3,13,6,6,6,6,14,15,16,6,6,6,17,6,6,6,6,6,6,6,6,6,6,18,19,6,6,6,6,5,5,5,5,5,5,5,5,3,3,3,3,3,3,3,3","0.000572919845581055","louvain","edit-xhwikibooks.graphml"
"0.2","0.54","0.26","0.474186299345438","1,2,1,1,1,1,1,3,3,1,1,1,3,3,3,1,4,1,5,1,6,2,3,3,3,3,3,1,2,7,8,5,1,1,5,5,3,3,6,6,6,6,2,2,2,2,6,2,2,2,6,6,6,6,6,2,2,2,2,6,9,6,6,10,11,6,6,6,6,6,2,6,3,3,6,6,6,6,6,6,6,12,1,1,1,13,6,6,6,6,14,15,16,6,6,6,17,6,6,6,6,6,6,6,6,6,6,18,19,6,6,6,6,5,5,5,5,5,5,5,5,3,3,3,3,3,3,3,3","0.000540018081665039","louvain","edit-xhwikibooks.graphml"
"0.19","0.55","0.26","0.474800333754701","1,2,1,1,1,1,1,3,3,1,1,1,3,3,3,1,4,1,5,1,6,2,3,3,3,3,3,1,2,7,8,5,1,1,5,5,3,3,6,6,6,6,2,2,2,2,6,2,2,2,6,6,6,6,6,2,2,2,2,6,9,6,6,10,11,6,6,6,6,6,2,6,3,3,6,6,6,6,6,6,6,12,1,1,1,13,6,6,6,6,14,15,16,6,6,6,17,6,6,6,6,6,6,6,6,6,6,18,19,6,6,6,6,5,5,5,5,5,5,5,5,3,3,3,3,3,3,3,3","0.000530004501342773","louvain","edit-xhwikibooks.graphml"
"0.18","0.56","0.26","0.476966497797617","1,2,1,1,1,3,1,3,3,3,1,1,3,3,3,3,4,1,5,1,6,2,3,3,3,3,3,7,2,8,9,5,1,1,5,5,3,3,6,6,6,6,2,2,2,2,6,2,2,2,6,6,6,6,6,2,2,2,2,6,10,6,6,11,12,6,6,6,6,6,2,6,3,3,6,6,6,6,6,6,6,13,7,7,7,14,6,6,6,6,15,16,17,6,6,6,18,6,6,6,6,6,6,6,6,6,6,19,20,6,6,6,6,5,5,5,5,5,5,5,5,3,3,3,3,3,3,3,3","0.000524044036865234","louvain","edit-xhwikibooks.graphml"
"0.17","0.57","0.26","0.474180804886633","1,2,1,1,1,3,1,3,3,3,1,1,3,3,3,4,5,1,6,1,7,2,3,3,3,3,3,4,2,8,9,6,1,1,6,6,3,3,7,7,7,7,2,2,2,2,7,2,2,2,7,7,7,7,7,2,2,2,2,7,10,7,7,11,12,7,7,7,7,7,2,7,3,3,7,7,7,7,7,7,7,13,4,4,4,14,7,7,7,7,15,16,17,7,7,7,18,7,7,7,7,7,7,7,7,7,7,19,20,7,7,7,7,6,6,6,6,6,6,6,6,3,3,3,3,3,3,3,3","0.000593900680541992","louvain","edit-xhwikibooks.graphml"
"0.16","0.58","0.26","0.476061139255953","1,2,1,1,1,3,1,3,3,3,1,1,3,3,3,4,5,1,6,1,7,2,3,3,3,3,3,4,2,8,9,6,1,1,6,6,3,3,7,7,7,7,2,2,2,2,7,2,2,2,7,7,7,7,7,2,2,2,2,7,10,7,7,11,12,7,7,7,7,7,2,7,3,3,7,7,7,7,7,7,7,13,4,4,4,14,7,7,7,7,15,16,17,7,7,7,18,7,7,7,7,7,7,7,7,7,7,19,20,7,7,7,7,6,6,6,6,6,6,6,6,3,3,3,3,3,3,3,3","0.000503063201904297","louvain","edit-xhwikibooks.graphml"
"0.15","0.59","0.26","0.476756897959184","1,2,1,1,1,3,1,3,3,3,1,1,3,3,3,4,5,1,6,1,7,2,3,3,3,3,3,4,2,8,9,6,1,1,6,6,3,3,7,7,7,7,2,2,2,2,7,2,2,2,7,7,7,7,7,2,2,2,2,7,10,7,7,11,12,7,7,7,7,7,2,7,3,3,7,7,7,7,7,7,7,13,4,4,4,14,7,7,7,7,15,16,17,7,7,7,18,7,7,7,7,7,7,7,7,7,7,19,20,7,7,7,7,6,6,6,6,6,6,6,6,3,3,3,3,3,3,3,3","0.000609874725341797","louvain","edit-xhwikibooks.graphml"
"0.14","0.6","0.26","0.478620621508225","1,2,1,1,1,3,1,3,3,3,1,1,3,3,3,4,5,1,6,1,7,2,3,3,3,3,3,4,2,8,9,6,1,1,6,6,3,3,7,7,7,7,2,2,2,2,7,2,2,2,7,7,7,7,7,2,2,2,2,7,10,7,7,11,12,7,7,7,7,7,2,7,3,3,7,7,7,7,7,7,7,13,4,4,4,14,7,7,7,7,15,16,17,7,7,7,18,7,7,7,7,7,7,7,7,7,7,19,20,7,7,7,7,6,6,6,6,6,6,6,6,3,3,3,3,3,3,3,3","0.000493049621582031","louvain","edit-xhwikibooks.graphml"
"0.13","0.61","0.26","0.475424653061224","1,2,1,1,1,3,1,3,3,3,1,1,3,3,3,4,5,1,6,1,7,2,3,3,3,3,3,4,2,8,9,6,1,1,6,6,3,3,7,7,7,7,2,2,2,2,7,2,2,2,7,7,7,7,7,2,2,2,2,7,10,7,7,11,12,7,7,7,7,7,2,7,3,3,7,7,7,7,7,7,7,13,4,4,4,14,7,7,7,7,15,16,17,7,7,7,18,7,7,7,7,7,7,7,7,7,7,19,20,7,7,7,7,6,6,6,6,6,6,6,6,3,3,3,3,3,3,3,3","0.000550031661987305","louvain","edit-xhwikibooks.graphml"
"0.12","0.62","0.26","0.476431371322533","1,2,1,1,1,3,1,3,3,3,1,1,3,3,3,4,5,1,6,1,7,2,3,3,3,3,3,4,2,8,9,6,1,1,6,6,3,3,7,7,7,7,2,2,2,2,7,2,2,2,7,7,7,7,7,2,2,2,2,7,10,7,7,11,12,7,7,7,7,7,2,7,3,3,7,7,7,7,7,7,7,13,4,4,4,14,7,7,7,7,15,16,17,7,7,7,18,7,7,7,7,7,7,7,7,7,7,19,20,7,7,7,7,6,6,6,6,6,6,6,6,3,3,3,3,3,3,3,3","0.000550031661987305","louvain","edit-xhwikibooks.graphml"
"0.11","0.63","0.26","0.476030678858813","1,2,1,1,1,3,1,3,3,3,1,1,3,3,3,4,5,1,6,1,7,2,3,3,3,3,3,4,2,8,9,6,1,1,6,6,3,3,7,7,7,7,2,2,2,2,7,2,2,2,7,7,7,7,7,2,2,2,2,7,10,7,7,11,12,7,7,7,7,7,2,7,3,3,7,7,7,7,7,7,7,13,4,4,4,14,7,7,7,7,15,16,17,7,7,7,18,7,7,7,7,7,7,7,7,7,7,19,20,7,7,7,7,6,6,6,6,6,6,6,6,3,3,3,3,3,3,3,3","0.000554084777832031","louvain","edit-xhwikibooks.graphml"
"0.1","0.64","0.26","0.476030678858813","1,2,1,1,1,3,1,3,3,3,1,1,3,3,3,4,5,1,6,1,7,2,3,3,3,3,3,4,2,8,9,6,1,1,6,6,3,3,7,7,7,7,2,2,2,2,7,2,2,2,7,7,7,7,7,2,2,2,2,7,10,7,7,11,12,7,7,7,7,7,2,7,3,3,7,7,7,7,7,7,7,13,4,4,4,14,7,7,7,7,15,16,17,7,7,7,18,7,7,7,7,7,7,7,7,7,7,19,20,7,7,7,7,6,6,6,6,6,6,6,6,3,3,3,3,3,3,3,3","0.000575065612792969","louvain","edit-xhwikibooks.graphml"
"0.09","0.65","0.26","0.469308276246604","1,2,1,1,1,3,1,3,3,3,1,1,3,3,3,4,5,1,6,1,7,2,3,3,3,3,3,4,2,8,9,6,1,1,6,6,10,3,7,7,7,7,2,2,2,2,7,2,2,2,7,7,7,7,7,2,2,2,2,7,11,7,7,12,13,7,7,7,7,7,2,7,3,3,7,7,7,7,7,7,7,14,4,4,4,15,7,7,7,7,16,17,18,7,7,7,19,7,7,7,7,7,7,7,7,7,7,20,21,7,7,7,7,6,6,6,6,6,6,6,6,10,10,10,10,10,10,10,10","0.000653982162475586","louvain","edit-xhwikibooks.graphml"
"0.08","0.66","0.26","0.468985989420556","1,2,1,1,1,3,1,3,3,3,1,1,3,3,3,4,5,1,6,1,7,2,3,3,3,3,3,4,2,8,9,6,1,1,6,6,3,3,7,7,7,7,2,2,2,2,7,2,2,2,7,7,7,7,7,2,2,2,2,7,10,7,7,11,12,7,7,7,7,7,2,7,3,3,7,7,7,7,7,7,7,13,4,4,4,14,7,7,7,7,15,16,17,7,7,7,18,7,7,7,7,7,7,7,7,7,7,19,20,7,7,7,7,6,6,6,6,6,6,6,6,3,3,3,3,3,3,3,3","0.000712871551513672","louvain","edit-xhwikibooks.graphml"
"0.07","0.67","0.26","0.483208194691438","1,2,1,1,1,3,1,3,3,3,1,1,3,3,3,4,5,1,6,1,7,2,3,3,3,3,3,4,2,8,9,6,1,1,6,6,10,3,7,7,7,7,2,2,2,2,7,2,2,2,7,7,7,7,7,2,2,2,2,7,11,7,7,12,13,7,7,7,7,7,2,7,3,3,7,7,7,7,7,7,7,14,4,4,4,15,7,7,7,7,16,17,18,7,7,7,19,7,7,7,7,7,7,7,7,7,7,20,21,7,7,7,7,6,6,6,6,6,6,6,6,10,10,10,10,10,10,10,10","0.000527143478393555","louvain","edit-xhwikibooks.graphml"
"0.06","0.68","0.26","0.483208194691438","1,2,1,1,1,3,1,3,3,3,1,1,3,3,3,4,5,1,6,1,7,2,3,3,3,3,3,4,2,8,9,6,1,1,6,6,10,3,7,7,7,7,2,2,2,2,7,2,2,2,7,7,7,7,7,2,2,2,2,7,11,7,7,12,13,7,7,7,7,7,2,7,3,3,7,7,7,7,7,7,7,14,4,4,4,15,7,7,7,7,16,17,18,7,7,7,19,7,7,7,7,7,7,7,7,7,7,20,21,7,7,7,7,6,6,6,6,6,6,6,6,10,10,10,10,10,10,10,10","0.000503063201904297","louvain","edit-xhwikibooks.graphml"
"0.05","0.69","0.26","0.482803084514006","1,2,1,1,1,3,1,3,3,3,1,1,3,3,3,4,5,1,6,1,7,2,3,3,3,3,3,4,2,8,9,6,1,1,6,6,10,3,7,7,7,7,2,2,2,2,7,2,2,2,7,7,7,7,7,2,2,2,2,7,11,7,7,12,13,7,7,7,7,7,2,7,3,3,7,7,7,7,7,7,7,14,4,4,4,15,7,7,7,7,16,17,18,7,7,7,19,7,7,7,7,7,7,7,7,7,7,20,21,7,7,7,7,6,6,6,6,6,6,6,6,10,10,10,10,10,10,10,10","0.00053715705871582","louvain","edit-xhwikibooks.graphml"
"0.04","0.7","0.26","0.483775794375457","1,2,1,1,1,3,1,3,3,3,1,1,3,3,3,4,5,1,6,1,7,2,3,3,3,3,3,4,2,8,9,6,1,1,6,6,10,3,7,7,7,7,2,2,2,2,7,2,2,2,7,7,7,7,7,2,2,2,2,7,11,7,7,12,13,7,7,7,7,7,2,7,3,3,7,7,7,7,7,7,7,14,4,4,4,15,7,7,7,7,16,17,18,7,7,7,19,7,7,7,7,7,7,7,7,7,7,20,21,7,7,7,7,6,6,6,6,6,6,6,6,10,10,10,10,10,10,10,10","0.000555038452148438","louvain","edit-xhwikibooks.graphml"
"0.03","0.71","0.26","0.483371313681403","1,2,1,1,1,3,1,3,3,3,1,1,3,3,3,4,5,1,6,1,7,2,3,3,3,3,3,4,2,8,9,6,1,1,6,6,10,3,7,7,7,7,2,2,2,2,7,2,2,2,7,7,7,7,7,2,2,2,2,7,11,7,7,12,13,7,7,7,7,7,2,7,3,3,7,7,7,7,7,7,7,14,4,4,4,15,7,7,7,7,16,17,18,7,7,7,19,7,7,7,7,7,7,7,7,7,7,20,21,7,7,7,7,6,6,6,6,6,6,6,6,10,10,10,10,10,10,10,10","0.000519037246704102","louvain","edit-xhwikibooks.graphml"
"0.02","0.72","0.26","0.485227005054914","1,2,1,1,1,3,1,3,3,3,1,1,3,3,3,4,5,1,6,1,7,2,3,3,3,3,3,4,2,8,9,6,1,1,6,6,10,3,7,7,7,7,2,2,2,2,7,2,2,2,7,7,7,7,7,2,2,2,2,7,11,7,7,12,13,7,7,7,7,7,2,7,3,3,7,7,7,7,7,7,7,14,4,4,4,15,7,7,7,7,16,17,18,7,7,7,19,7,7,7,7,7,7,7,7,7,7,20,21,7,7,7,7,6,6,6,6,6,6,6,6,10,10,10,10,10,10,10,10","0.000581026077270508","louvain","edit-xhwikibooks.graphml"
"0.01","0.73","0.26","0.484823367652678","1,2,1,1,1,3,1,3,3,3,1,1,3,3,3,4,5,1,6,1,7,2,3,3,3,3,3,4,2,8,9,6,1,1,6,6,10,3,7,7,7,7,2,2,2,2,7,2,2,2,7,7,7,7,7,2,2,2,2,7,11,7,7,12,13,7,7,7,7,7,2,7,3,3,7,7,7,7,7,7,7,14,4,4,4,15,7,7,7,7,16,17,18,7,7,7,19,7,7,7,7,7,7,7,7,7,7,20,21,7,7,7,7,6,6,6,6,6,6,6,6,10,10,10,10,10,10,10,10","0.000550031661987305","louvain","edit-xhwikibooks.graphml"
"0","0.74","0.26","0.488034535963207","1,1,1,1,1,2,3,2,2,2,3,3,2,2,2,4,5,3,6,3,7,1,2,2,2,2,2,4,1,8,9,6,3,3,6,6,10,2,7,7,7,7,1,1,1,1,7,1,1,1,7,7,7,7,7,1,1,1,1,7,11,7,7,12,13,7,7,7,7,7,1,7,2,2,7,7,7,7,7,7,7,14,4,4,4,15,7,7,7,7,16,17,18,7,7,7,19,7,7,7,7,7,7,7,7,7,7,20,21,7,7,7,7,6,6,6,6,6,6,6,6,10,10,10,10,10,10,10,10","0.000512838363647461","louvain","edit-xhwikibooks.graphml"
"0.73","0","0.27","0.429430030985228","1,1,1,2,3,2,3,2,2,2,3,3,2,2,2,2,2,3,3,4,5,1,2,2,2,2,2,2,1,2,3,3,4,4,3,3,2,2,5,5,5,5,1,1,1,1,5,1,1,1,5,5,5,5,5,1,1,1,1,5,2,5,5,2,2,5,5,5,5,5,1,5,2,2,5,5,5,5,5,5,5,2,2,2,2,1,5,5,5,5,2,3,3,5,5,5,2,5,5,5,5,5,5,5,5,5,5,4,4,5,5,5,5,3,3,3,3,3,3,3,3,2,2,2,2,2,2,2,2","0.000573873519897461","louvain","edit-xhwikibooks.graphml"
"0.72","0.01","0.27","0.429430030985228","1,1,1,2,3,2,3,2,2,2,3,3,2,2,2,2,2,3,3,4,5,1,2,2,2,2,2,2,1,2,3,3,4,4,3,3,2,2,5,5,5,5,1,1,1,1,5,1,1,1,5,5,5,5,5,1,1,1,1,5,2,5,5,2,2,5,5,5,5,5,1,5,2,2,5,5,5,5,5,5,5,2,2,2,2,1,5,5,5,5,2,3,3,5,5,5,2,5,5,5,5,5,5,5,5,5,5,4,4,5,5,5,5,3,3,3,3,3,3,3,3,2,2,2,2,2,2,2,2","0.000530004501342773","louvain","edit-xhwikibooks.graphml"
"0.71","0.02","0.27","0.429713309079333","1,1,1,2,3,2,3,2,2,2,3,3,2,2,2,2,2,3,4,3,5,1,2,2,2,2,2,2,1,2,3,4,3,3,4,4,2,2,5,5,5,5,1,1,1,1,5,1,1,1,5,5,5,5,5,1,1,1,1,5,2,5,5,2,2,5,5,5,5,5,1,5,2,2,5,5,5,5,5,5,5,2,2,2,2,1,5,5,5,5,2,3,4,5,5,5,2,5,5,5,5,5,5,5,5,5,5,3,3,5,5,5,5,4,4,4,4,4,4,4,4,2,2,2,2,2,2,2,2","0.000550031661987305","louvain","edit-xhwikibooks.graphml"
"0.7","0.03","0.27","0.429053326586312","1,1,1,2,3,2,3,2,2,2,3,3,2,2,2,2,2,3,3,4,5,1,2,2,2,2,2,2,1,2,3,3,4,4,3,3,2,2,5,5,5,5,1,1,1,1,5,1,1,1,5,5,5,5,5,1,1,1,1,5,2,5,5,2,2,5,5,5,5,5,1,5,2,2,5,5,5,5,5,5,5,2,2,2,2,1,5,5,5,5,2,3,3,5,5,5,2,5,5,5,5,5,5,5,5,5,5,4,4,5,5,5,5,3,3,3,3,3,3,3,3,2,2,2,2,2,2,2,2","0.000546932220458984","louvain","edit-xhwikibooks.graphml"
"0.69","0.04","0.27","0.429053326586312","1,1,1,2,3,2,3,2,2,2,3,3,2,2,2,2,2,3,3,4,5,1,2,2,2,2,2,2,1,2,3,3,4,4,3,3,2,2,5,5,5,5,1,1,1,1,5,1,1,1,5,5,5,5,5,1,1,1,1,5,2,5,5,2,2,5,5,5,5,5,1,5,2,2,5,5,5,5,5,5,5,2,2,2,2,1,5,5,5,5,2,3,3,5,5,5,2,5,5,5,5,5,5,5,5,5,5,4,4,5,5,5,5,3,3,3,3,3,3,3,3,2,2,2,2,2,2,2,2","0.000507116317749023","louvain","edit-xhwikibooks.graphml"
"0.68","0.05","0.27","0.428677214008639","1,1,1,2,3,2,3,2,2,2,3,3,2,2,2,2,2,3,3,4,5,1,2,2,2,2,2,2,1,2,3,3,4,4,3,3,2,2,5,5,5,5,1,1,1,1,5,1,1,1,5,5,5,5,5,1,1,1,1,5,2,5,5,2,2,5,5,5,5,5,1,5,2,2,5,5,5,5,5,5,5,2,2,2,2,1,5,5,5,5,2,3,3,5,5,5,2,5,5,5,5,5,5,5,5,5,5,4,4,5,5,5,5,3,3,3,3,3,3,3,3,2,2,2,2,2,2,2,2","0.000551939010620117","louvain","edit-xhwikibooks.graphml"
"0.67","0.06","0.27","0.428677214008639","1,1,1,2,3,2,3,2,2,2,3,3,2,2,2,2,2,3,3,4,5,1,2,2,2,2,2,2,1,2,3,3,4,4,3,3,2,2,5,5,5,5,1,1,1,1,5,1,1,1,5,5,5,5,5,1,1,1,1,5,2,5,5,2,2,5,5,5,5,5,1,5,2,2,5,5,5,5,5,5,5,2,2,2,2,1,5,5,5,5,2,3,3,5,5,5,2,5,5,5,5,5,5,5,5,5,5,4,4,5,5,5,5,3,3,3,3,3,3,3,3,2,2,2,2,2,2,2,2","0.000519990921020508","louvain","edit-xhwikibooks.graphml"
"0.66","0.07","0.27","0.428301692172497","1,1,1,2,3,2,3,2,2,2,3,3,2,2,2,2,2,3,3,4,5,1,2,2,2,2,2,2,1,2,3,3,4,4,3,3,2,2,5,5,5,5,1,1,1,1,5,1,1,1,5,5,5,5,5,1,1,1,1,5,2,5,5,2,2,5,5,5,5,5,1,5,2,2,5,5,5,5,5,5,5,2,2,2,2,1,5,5,5,5,2,3,3,5,5,5,2,5,5,5,5,5,5,5,5,5,5,4,4,5,5,5,5,3,3,3,3,3,3,3,3,2,2,2,2,2,2,2,2","0.000588893890380859","louvain","edit-xhwikibooks.graphml"
"0.65","0.08","0.27","0.429673560760466","1,1,1,2,3,2,3,2,2,2,3,3,2,2,2,2,2,3,4,3,5,1,2,2,2,2,2,2,1,2,3,4,3,3,4,4,2,2,5,5,5,5,1,1,1,1,5,1,1,1,5,5,5,5,5,1,1,1,1,5,2,5,5,2,2,5,5,5,5,5,1,5,2,2,5,5,5,5,5,5,5,2,2,2,2,1,5,5,5,5,2,3,4,5,5,5,2,5,5,5,5,5,5,5,5,5,5,3,3,5,5,5,5,4,4,4,4,4,4,4,4,2,2,2,2,2,2,2,2","0.000547170639038086","louvain","edit-xhwikibooks.graphml"
"0.64","0.09","0.27","0.426765211763647","1,1,1,2,3,2,3,2,2,2,3,3,2,2,2,2,2,3,4,3,5,1,2,2,2,2,2,2,1,2,3,4,3,3,4,4,2,2,5,5,5,5,1,1,1,1,5,1,1,1,5,5,5,5,5,1,1,1,1,5,2,5,5,2,2,5,5,5,5,5,1,5,2,2,5,5,5,5,5,5,5,2,2,2,2,1,5,5,5,5,2,3,4,5,5,5,2,5,5,5,5,5,5,5,5,5,5,3,3,5,5,5,5,4,4,4,4,4,4,4,4,2,2,2,2,2,2,2,2","0.000515937805175781","louvain","edit-xhwikibooks.graphml"
"0.63","0.1","0.27","0.426765211763647","1,1,1,2,3,2,3,2,2,2,3,3,2,2,2,2,2,3,4,3,5,1,2,2,2,2,2,2,1,2,3,4,3,3,4,4,2,2,5,5,5,5,1,1,1,1,5,1,1,1,5,5,5,5,5,1,1,1,1,5,2,5,5,2,2,5,5,5,5,5,1,5,2,2,5,5,5,5,5,5,5,2,2,2,2,1,5,5,5,5,2,3,4,5,5,5,2,5,5,5,5,5,5,5,5,5,5,3,3,5,5,5,5,4,4,4,4,4,4,4,4,2,2,2,2,2,2,2,2","0.000562906265258789","louvain","edit-xhwikibooks.graphml"
"0.62","0.11","0.27","0.426388754929698","1,1,1,2,3,2,3,2,2,2,3,3,2,2,2,2,2,3,4,3,5,1,2,2,2,2,2,2,1,2,3,4,3,3,4,4,2,2,5,5,5,5,1,1,1,1,5,1,1,1,5,5,5,5,5,1,1,1,1,5,2,5,5,2,2,5,5,5,5,5,1,5,2,2,5,5,5,5,5,5,5,2,2,2,2,1,5,5,5,5,2,3,4,5,5,5,2,5,5,5,5,5,5,5,5,5,5,3,3,5,5,5,5,4,4,4,4,4,4,4,4,2,2,2,2,2,2,2,2","0.000544071197509766","louvain","edit-xhwikibooks.graphml"
"0.61","0.12","0.27","0.428549808255418","1,1,1,2,3,2,3,2,2,2,3,3,2,2,2,2,2,3,4,3,5,1,2,2,2,2,2,2,1,2,3,4,3,3,4,4,2,2,5,5,5,5,1,1,1,1,5,1,1,1,5,5,5,5,5,1,1,1,1,5,2,5,5,2,2,5,5,5,5,5,1,5,2,2,5,5,5,5,5,5,5,2,2,2,2,1,5,5,5,5,2,3,4,5,5,5,2,5,5,5,5,5,5,5,5,5,5,3,3,5,5,5,5,4,4,4,4,4,4,4,4,2,2,2,2,2,2,2,2","0.031757116317749","louvain","edit-xhwikibooks.graphml"
"0.6","0.13","0.27","0.4281737527089","1,1,1,2,3,2,3,2,2,2,3,3,2,2,2,2,2,3,4,3,5,1,2,2,2,2,2,2,1,2,3,4,3,3,4,4,2,2,5,5,5,5,1,1,1,1,5,1,1,1,5,5,5,5,5,1,1,1,1,5,2,5,5,2,2,5,5,5,5,5,1,5,2,2,5,5,5,5,5,5,5,2,2,2,2,1,5,5,5,5,2,3,4,5,5,5,2,5,5,5,5,5,5,5,5,5,5,3,3,5,5,5,5,4,4,4,4,4,4,4,4,2,2,2,2,2,2,2,2","0.00078892707824707","louvain","edit-xhwikibooks.graphml"
"0.59","0.14","0.27","0.4281737527089","1,1,1,2,3,2,3,2,2,2,3,3,2,2,2,2,2,3,4,3,5,1,2,2,2,2,2,2,1,2,3,4,3,3,4,4,2,2,5,5,5,5,1,1,1,1,5,1,1,1,5,5,5,5,5,1,1,1,1,5,2,5,5,2,2,5,5,5,5,5,1,5,2,2,5,5,5,5,5,5,5,2,2,2,2,1,5,5,5,5,2,3,4,5,5,5,2,5,5,5,5,5,5,5,5,5,5,3,3,5,5,5,5,4,4,4,4,4,4,4,4,2,2,2,2,2,2,2,2","0.000606060028076172","louvain","edit-xhwikibooks.graphml"
"0.58","0.15","0.27","0.431024028493055","1,1,1,2,3,2,3,2,2,2,3,3,2,2,2,2,2,3,4,3,5,1,2,2,2,2,2,2,1,2,3,4,3,3,4,4,2,2,5,5,5,5,1,1,1,1,5,1,1,1,5,5,5,5,5,1,1,1,1,5,2,5,5,2,2,5,5,5,5,5,1,5,2,2,5,5,5,5,5,5,5,2,2,2,2,1,5,5,5,5,2,3,4,5,5,5,2,5,5,5,5,5,5,5,5,5,5,3,3,5,5,5,5,4,4,4,4,4,4,4,4,2,2,2,2,2,2,2,2","0.00062108039855957","louvain","edit-xhwikibooks.graphml"
"0.57","0.16","0.27","0.432102069480684","1,1,1,2,3,2,3,2,2,2,3,3,2,2,2,2,2,3,4,3,5,1,2,2,2,2,2,2,1,2,3,4,3,3,4,4,2,2,5,5,5,5,1,1,1,1,5,1,1,1,5,5,5,5,5,1,1,1,1,5,2,5,5,2,2,5,5,5,5,5,1,5,2,2,5,5,5,5,5,5,5,2,2,2,2,1,5,5,5,5,2,3,4,5,5,5,2,5,5,5,5,5,5,5,5,5,5,3,3,5,5,5,5,4,4,4,4,4,4,4,4,2,2,2,2,2,2,2,2","0.000573873519897461","louvain","edit-xhwikibooks.graphml"
"0.56","0.17","0.27","0.418956835163175","1,1,1,2,3,2,3,2,2,2,3,3,2,2,2,2,2,3,4,3,5,1,2,2,2,2,2,2,1,2,3,4,3,3,4,4,2,2,5,5,5,5,1,1,1,1,5,1,1,1,5,5,5,5,5,1,1,1,1,5,2,5,5,2,2,5,5,5,5,5,1,5,2,2,5,5,5,5,5,5,5,2,2,2,2,1,5,5,5,5,2,3,4,5,5,5,2,5,5,5,5,5,5,5,5,5,5,3,3,5,5,5,5,4,4,4,4,4,4,4,4,2,2,2,2,2,2,2,2","0.000555038452148438","louvain","edit-xhwikibooks.graphml"
"0.55","0.18","0.27","0.418956835163175","1,1,1,2,3,2,3,2,2,2,3,3,2,2,2,2,2,3,4,3,5,1,2,2,2,2,2,2,1,2,3,4,3,3,4,4,2,2,5,5,5,5,1,1,1,1,5,1,1,1,5,5,5,5,5,1,1,1,1,5,2,5,5,2,2,5,5,5,5,5,1,5,2,2,5,5,5,5,5,5,5,2,2,2,2,1,5,5,5,5,2,3,4,5,5,5,2,5,5,5,5,5,5,5,5,5,5,3,3,5,5,5,5,4,4,4,4,4,4,4,4,2,2,2,2,2,2,2,2","0.000573158264160156","louvain","edit-xhwikibooks.graphml"
"0.54","0.19","0.27","0.418582883382411","1,1,1,2,3,2,3,2,2,2,3,3,2,2,2,2,2,3,4,3,5,1,2,2,2,2,2,2,1,2,3,4,3,3,4,4,2,2,5,5,5,5,1,1,1,1,5,1,1,1,5,5,5,5,5,1,1,1,1,5,2,5,5,2,2,5,5,5,5,5,1,5,2,2,5,5,5,5,5,5,5,2,2,2,2,1,5,5,5,5,2,3,4,5,5,5,2,5,5,5,5,5,5,5,5,5,5,3,3,5,5,5,5,4,4,4,4,4,4,4,4,2,2,2,2,2,2,2,2","0.000520944595336914","louvain","edit-xhwikibooks.graphml"
"0.53","0.2","0.27","0.420759789737654","1,1,1,2,3,2,3,2,2,2,3,3,2,2,2,2,2,3,4,3,5,1,2,2,2,2,2,2,1,2,3,4,3,3,4,4,2,2,5,5,5,5,1,1,1,1,5,1,1,1,5,5,5,5,5,1,1,1,1,5,2,5,5,2,2,5,5,5,5,5,1,5,2,2,5,5,5,5,5,5,5,2,2,2,2,1,5,5,5,5,2,3,4,5,5,5,2,5,5,5,5,5,5,5,5,5,5,3,3,5,5,5,5,4,4,4,4,4,4,4,4,2,2,2,2,2,2,2,2","0.000555992126464844","louvain","edit-xhwikibooks.graphml"
"0.52","0.21","0.27","0.420386247452304","1,1,1,2,3,2,3,2,2,2,3,3,2,2,2,2,2,3,4,3,5,1,2,2,2,2,2,2,1,2,3,4,3,3,4,4,2,2,5,5,5,5,1,1,1,1,5,1,1,1,5,5,5,5,5,1,1,1,1,5,2,5,5,2,2,5,5,5,5,5,1,5,2,2,5,5,5,5,5,5,5,2,2,2,2,1,5,5,5,5,2,3,4,5,5,5,2,5,5,5,5,5,5,5,5,5,5,3,3,5,5,5,5,4,4,4,4,4,4,4,4,2,2,2,2,2,2,2,2","0.000572919845581055","louvain","edit-xhwikibooks.graphml"
"0.51","0.22","0.27","0.420386247452304","1,1,1,2,3,2,3,2,2,2,3,3,2,2,2,2,2,3,4,3,5,1,2,2,2,2,2,2,1,2,3,4,3,3,4,4,2,2,5,5,5,5,1,1,1,1,5,1,1,1,5,5,5,5,5,1,1,1,1,5,2,5,5,2,2,5,5,5,5,5,1,5,2,2,5,5,5,5,5,5,5,2,2,2,2,1,5,5,5,5,2,3,4,5,5,5,2,5,5,5,5,5,5,5,5,5,5,3,3,5,5,5,5,4,4,4,4,4,4,4,4,2,2,2,2,2,2,2,2","0.000570058822631836","louvain","edit-xhwikibooks.graphml"
"0.5","0.23","0.27","0.422215777570133","1,1,1,2,3,2,3,2,2,2,3,3,2,2,2,2,2,3,4,3,5,1,2,2,2,2,2,2,1,2,3,4,3,3,4,4,2,2,5,5,5,5,1,1,1,1,5,1,1,1,5,5,5,5,5,1,1,1,1,5,2,5,5,2,2,5,5,5,5,5,1,5,2,2,5,5,5,5,5,5,5,2,2,2,2,1,5,5,5,5,2,3,4,5,5,5,2,5,5,5,5,5,5,5,5,5,5,3,3,5,5,5,5,4,4,4,4,4,4,4,4,2,2,2,2,2,2,2,2","0.000802993774414062","louvain","edit-xhwikibooks.graphml"
"0.49","0.24","0.27","0.423314366075579","1,1,1,2,3,2,3,2,2,2,3,3,2,2,2,2,2,3,4,3,5,1,2,2,2,2,2,2,1,2,3,4,3,3,4,4,2,2,5,5,5,5,1,1,1,1,5,1,1,1,5,5,5,5,5,1,1,1,1,5,2,5,5,2,2,5,5,5,5,5,1,5,2,2,5,5,5,5,5,5,5,2,2,2,2,1,5,5,5,5,2,3,4,5,5,5,2,5,5,5,5,5,5,5,5,5,5,3,3,5,5,5,5,4,4,4,4,4,4,4,4,2,2,2,2,2,2,2,2","0.000573158264160156","louvain","edit-xhwikibooks.graphml"
"0.48","0.25","0.27","0.406834239595089","1,1,1,2,3,2,3,2,2,2,3,3,2,2,2,2,2,3,4,3,5,1,2,2,2,2,2,2,1,2,3,4,3,3,4,4,2,2,5,5,5,5,1,1,1,1,5,1,1,1,5,5,5,5,5,1,1,1,1,5,2,5,5,2,2,5,5,5,5,5,1,5,2,2,5,5,5,5,5,5,5,2,2,2,2,1,5,5,5,5,2,3,4,5,5,5,2,5,5,5,5,5,5,5,5,5,5,3,3,5,5,5,5,4,4,4,4,4,4,4,4,2,2,2,2,2,2,2,2","0.000525951385498047","louvain","edit-xhwikibooks.graphml"
"0.47","0.26","0.27","0.406834239595089","1,1,1,2,3,2,3,2,2,2,3,3,2,2,2,2,2,3,4,3,5,1,2,2,2,2,2,2,1,2,3,4,3,3,4,4,2,2,5,5,5,5,1,1,1,1,5,1,1,1,5,5,5,5,5,1,1,1,1,5,2,5,5,2,2,5,5,5,5,5,1,5,2,2,5,5,5,5,5,5,5,2,2,2,2,1,5,5,5,5,2,3,4,5,5,5,2,5,5,5,5,5,5,5,5,5,5,3,3,5,5,5,5,4,4,4,4,4,4,4,4,2,2,2,2,2,2,2,2","0.000555992126464844","louvain","edit-xhwikibooks.graphml"
"0.46","0.27","0.27","0.406834239595089","1,1,1,2,3,2,3,2,2,2,3,3,2,2,2,2,2,3,4,3,5,1,2,2,2,2,2,2,1,2,3,4,3,3,4,4,2,2,5,5,5,5,1,1,1,1,5,1,1,1,5,5,5,5,5,1,1,1,1,5,2,5,5,2,2,5,5,5,5,5,1,5,2,2,5,5,5,5,5,5,5,2,2,2,2,1,5,5,5,5,2,3,4,5,5,5,2,5,5,5,5,5,5,5,5,5,5,3,3,5,5,5,5,4,4,4,4,4,4,4,4,2,2,2,2,2,2,2,2","0.000513076782226562","louvain","edit-xhwikibooks.graphml"
"0.45","0.28","0.27","0.400486881404472","1,1,1,2,3,2,3,2,2,2,3,3,2,2,2,2,2,3,4,3,5,1,2,2,2,2,2,2,1,2,3,4,3,3,4,4,2,2,5,5,5,5,1,1,1,1,5,1,1,1,5,5,5,5,5,1,1,1,1,5,6,5,5,2,2,5,5,5,5,5,1,5,2,2,5,5,5,5,5,5,5,2,2,2,2,7,5,5,5,5,8,9,10,5,5,5,2,5,5,5,5,5,5,5,5,5,5,3,3,5,5,5,5,4,4,4,4,4,4,4,4,2,2,2,2,2,2,2,2","0.000530004501342773","louvain","edit-xhwikibooks.graphml"
"0.44","0.29","0.27","0.402827617580321","1,1,1,2,3,2,3,2,2,2,3,3,2,2,2,2,2,3,4,3,5,1,2,2,2,2,2,2,1,2,3,4,3,3,4,4,2,2,5,5,5,5,1,1,1,1,5,1,1,1,5,5,5,5,5,1,1,1,1,5,6,5,5,2,2,5,5,5,5,5,1,5,2,2,5,5,5,5,5,5,5,2,2,2,2,7,5,5,5,5,8,9,10,5,5,5,2,5,5,5,5,5,5,5,5,5,5,3,3,5,5,5,5,4,4,4,4,4,4,4,4,2,2,2,2,2,2,2,2","0.000554084777832031","louvain","edit-xhwikibooks.graphml"
"0.43","0.3","0.27","0.402459290622995","1,1,1,2,3,2,3,2,2,2,3,3,2,2,2,2,2,3,4,3,5,1,2,2,2,2,2,2,1,2,3,4,3,3,4,4,2,2,5,5,5,5,1,1,1,1,5,1,1,1,5,5,5,5,5,1,1,1,1,5,6,5,5,2,2,5,5,5,5,5,1,5,2,2,5,5,5,5,5,5,5,2,2,2,2,7,5,5,5,5,8,9,10,5,5,5,2,5,5,5,5,5,5,5,5,5,5,3,3,5,5,5,5,4,4,4,4,4,4,4,4,2,2,2,2,2,2,2,2","0.000528097152709961","louvain","edit-xhwikibooks.graphml"
"0.42","0.31","0.27","0.403649669983927","1,1,1,2,3,2,3,2,2,2,3,3,2,2,2,2,2,3,4,3,5,1,2,2,2,2,2,2,1,2,3,4,3,3,4,4,2,2,5,5,5,5,1,1,1,1,5,1,1,1,5,5,5,5,5,1,1,1,1,5,6,5,5,2,2,5,5,5,5,5,1,5,2,2,5,5,5,5,5,5,5,2,2,2,2,7,5,5,5,5,8,9,10,5,5,5,2,5,5,5,5,5,5,5,5,5,5,3,3,5,5,5,5,4,4,4,4,4,4,4,4,2,2,2,2,2,2,2,2","0.00055384635925293","louvain","edit-xhwikibooks.graphml"
"0.41","0.32","0.27","0.403281673071884","1,1,1,2,3,2,3,2,2,2,3,3,2,2,2,2,2,3,4,3,5,1,2,2,2,2,2,2,1,2,3,4,3,3,4,4,2,2,5,5,5,5,1,1,1,1,5,1,1,1,5,5,5,5,5,1,1,1,1,5,6,5,5,2,2,5,5,5,5,5,1,5,2,2,5,5,5,5,5,5,5,2,2,2,2,7,5,5,5,5,8,9,10,5,5,5,2,5,5,5,5,5,5,5,5,5,5,3,3,5,5,5,5,4,4,4,4,4,4,4,4,2,2,2,2,2,2,2,2","0.000538110733032227","louvain","edit-xhwikibooks.graphml"
"0.4","0.33","0.27","0.402091583735166","1,1,1,2,3,2,3,2,2,2,3,3,2,2,2,2,2,3,4,3,5,1,2,2,2,2,2,2,1,2,3,4,3,3,4,4,2,2,5,5,5,5,1,1,1,1,5,1,1,1,5,5,5,5,5,1,1,1,1,5,6,5,5,2,2,5,5,5,5,5,1,5,2,2,5,5,5,5,5,5,5,2,2,2,2,7,5,5,5,5,8,9,10,5,5,5,2,5,5,5,5,5,5,5,5,5,5,3,3,5,5,5,5,4,4,4,4,4,4,4,4,2,2,2,2,2,2,2,2","0.000586986541748047","louvain","edit-xhwikibooks.graphml"
"0.39","0.34","0.27","0.418081648830757","1,1,1,2,3,2,3,2,2,2,3,3,2,2,2,2,2,3,4,3,5,1,2,2,2,2,2,2,1,2,3,4,3,3,4,4,2,2,5,5,5,5,1,1,1,1,5,1,1,1,5,5,5,5,5,1,1,1,1,5,6,5,5,2,2,5,5,5,5,5,1,5,2,2,5,5,5,5,5,5,5,2,2,2,2,7,5,5,5,5,8,9,10,5,5,5,2,5,5,5,5,5,5,5,5,5,5,3,3,5,5,5,5,4,4,4,4,4,4,4,4,2,2,2,2,2,2,2,2","0.000612974166870117","louvain","edit-xhwikibooks.graphml"
"0.38","0.35","0.27","0.419218049116776","1,1,1,2,3,2,3,2,2,2,3,3,2,2,2,2,2,3,4,3,5,1,2,2,2,2,2,2,1,2,3,4,3,3,4,4,2,2,5,5,5,5,1,1,1,1,5,1,1,1,5,5,5,5,5,1,1,1,1,5,6,5,5,2,2,5,5,5,5,5,1,5,2,2,5,5,5,5,5,5,5,2,2,2,2,7,5,5,5,5,8,9,10,5,5,5,2,5,5,5,5,5,5,5,5,5,5,3,3,5,5,5,5,4,4,4,4,4,4,4,4,2,2,2,2,2,2,2,2","0.000526189804077148","louvain","edit-xhwikibooks.graphml"
"0.37","0.36","0.27","0.412406861202524","1,1,1,1,2,3,2,3,3,3,2,2,3,3,3,3,3,2,4,2,5,1,3,3,3,3,3,3,1,3,2,4,2,2,4,4,3,3,5,5,5,5,1,1,1,1,5,1,1,1,5,5,5,5,5,1,1,1,1,5,6,5,5,3,3,5,5,5,5,5,1,5,3,3,5,5,5,5,5,5,5,3,3,3,3,7,5,5,5,5,8,9,10,5,5,5,3,5,5,5,5,5,5,5,5,5,5,2,2,5,5,5,5,4,4,4,4,4,4,4,4,3,3,3,3,3,3,3,3","0.000594854354858398","louvain","edit-xhwikibooks.graphml"
"0.36","0.37","0.27","0.412406861202524","1,1,1,1,2,3,2,3,3,3,2,2,3,3,3,3,3,2,4,2,5,1,3,3,3,3,3,3,1,3,2,4,2,2,4,4,3,3,5,5,5,5,1,1,1,1,5,1,1,1,5,5,5,5,5,1,1,1,1,5,6,5,5,3,3,5,5,5,5,5,1,5,3,3,5,5,5,5,5,5,5,3,3,3,3,7,5,5,5,5,8,9,10,5,5,5,3,5,5,5,5,5,5,5,5,5,5,2,2,5,5,5,5,4,4,4,4,4,4,4,4,3,3,3,3,3,3,3,3","0.000607013702392578","louvain","edit-xhwikibooks.graphml"
"0.35","0.38","0.27","0.412037425052116","1,1,1,1,2,3,2,3,3,3,2,2,3,3,3,3,3,2,4,2,5,1,3,3,3,3,3,3,1,3,2,4,2,2,4,4,3,3,5,5,5,5,1,1,1,1,5,1,1,1,5,5,5,5,5,1,1,1,1,5,6,5,5,3,3,5,5,5,5,5,1,5,3,3,5,5,5,5,5,5,5,3,3,3,3,7,5,5,5,5,8,9,10,5,5,5,3,5,5,5,5,5,5,5,5,5,5,2,2,5,5,5,5,4,4,4,4,4,4,4,4,3,3,3,3,3,3,3,3","0.000597953796386719","louvain","edit-xhwikibooks.graphml"
"0.34","0.39","0.27","0.413188324237083","1,1,1,1,2,3,2,3,3,3,2,2,3,3,3,3,3,2,4,2,5,1,3,3,3,3,3,3,1,3,2,4,2,2,4,4,3,3,5,5,5,5,1,1,1,1,5,1,1,1,5,5,5,5,5,1,1,1,1,5,6,5,5,3,3,5,5,5,5,5,1,5,3,3,5,5,5,5,5,5,5,3,3,3,3,7,5,5,5,5,8,9,10,5,5,5,3,5,5,5,5,5,5,5,5,5,5,2,2,5,5,5,5,4,4,4,4,4,4,4,4,3,3,3,3,3,3,3,3","0.000738143920898438","louvain","edit-xhwikibooks.graphml"
"0.33","0.4","0.27","0.414982844322941","1,1,1,1,2,3,2,3,3,3,2,2,3,3,3,3,3,2,4,2,5,1,3,3,3,3,3,3,1,3,2,4,2,2,4,4,3,3,5,5,5,5,1,1,1,1,5,1,1,1,5,5,5,5,5,1,1,1,1,5,6,5,5,3,3,5,5,5,5,5,1,5,3,3,5,5,5,5,5,5,5,3,3,3,3,7,5,5,5,5,8,9,10,5,5,5,3,5,5,5,5,5,5,5,5,5,5,2,2,5,5,5,5,4,4,4,4,4,4,4,4,3,3,3,3,3,3,3,3","0.000588893890380859","louvain","edit-xhwikibooks.graphml"
"0.32","0.41","0.27","0.414982844322941","1,1,1,1,2,3,2,3,3,3,2,2,3,3,3,3,3,2,4,2,5,1,3,3,3,3,3,3,1,3,2,4,2,2,4,4,3,3,5,5,5,5,1,1,1,1,5,1,1,1,5,5,5,5,5,1,1,1,1,5,6,5,5,3,3,5,5,5,5,5,1,5,3,3,5,5,5,5,5,5,5,3,3,3,3,7,5,5,5,5,8,9,10,5,5,5,3,5,5,5,5,5,5,5,5,5,5,2,2,5,5,5,5,4,4,4,4,4,4,4,4,3,3,3,3,3,3,3,3","0.000588178634643555","louvain","edit-xhwikibooks.graphml"
"0.31","0.42","0.27","0.414614194933086","1,1,1,1,2,3,2,3,3,3,2,2,3,3,3,3,3,2,4,2,5,1,3,3,3,3,3,3,1,3,2,4,2,2,4,4,3,3,5,5,5,5,1,1,1,1,5,1,1,1,5,5,5,5,5,1,1,1,1,5,6,5,5,3,3,5,5,5,5,5,1,5,3,3,5,5,5,5,5,5,5,3,3,3,3,7,5,5,5,5,8,9,10,5,5,5,3,5,5,5,5,5,5,5,5,5,5,2,2,5,5,5,5,4,4,4,4,4,4,4,4,3,3,3,3,3,3,3,3","0.000512838363647461","louvain","edit-xhwikibooks.graphml"
"0.3","0.43","0.27","0.416824196597353","1,1,1,1,2,3,2,3,3,3,2,2,3,3,3,3,3,2,4,2,5,1,3,3,3,3,3,3,1,3,2,4,2,2,4,4,3,3,5,5,5,5,1,1,1,1,5,1,1,1,5,5,5,5,5,1,1,1,1,5,6,5,5,3,3,5,5,5,5,5,1,5,3,3,5,5,5,5,5,5,5,3,3,3,3,7,5,5,5,5,8,9,10,5,5,5,3,5,5,5,5,5,5,5,5,5,5,2,2,5,5,5,5,4,4,4,4,4,4,4,4,3,3,3,3,3,3,3,3","0.000529050827026367","louvain","edit-xhwikibooks.graphml"
"0.29","0.44","0.27","0.415386790526211","1,1,1,1,2,3,2,3,3,3,2,2,3,3,3,3,3,2,4,2,5,1,3,3,3,3,3,3,1,3,2,4,2,2,4,4,3,3,5,5,5,5,1,1,1,1,5,1,1,1,5,5,5,5,5,1,1,1,1,5,6,5,5,3,3,5,5,5,5,5,1,5,3,3,5,5,5,5,5,5,5,3,3,3,3,7,5,5,5,5,8,9,10,5,5,5,3,5,5,5,5,5,5,5,5,5,5,2,2,5,5,5,5,4,4,4,4,4,4,4,4,3,3,3,3,3,3,3,3","0.000569820404052734","louvain","edit-xhwikibooks.graphml"
"0.28","0.45","0.27","0.417586685014908","1,1,1,1,2,3,2,3,3,3,2,2,3,3,3,3,3,2,4,2,5,1,3,3,3,3,3,3,1,3,2,4,2,2,4,4,3,3,5,5,5,5,1,1,1,1,5,1,1,1,5,5,5,5,5,1,1,1,1,5,6,5,5,3,3,5,5,5,5,5,1,5,3,3,5,5,5,5,5,5,5,3,3,3,3,7,5,5,5,5,8,9,10,5,5,5,3,5,5,5,5,5,5,5,5,5,5,2,2,5,5,5,5,4,4,4,4,4,4,4,4,3,3,3,3,3,3,3,3","0.000571012496948242","louvain","edit-xhwikibooks.graphml"
"0.27","0.46","0.27","0.418344394227925","1,1,1,1,2,3,2,3,3,3,2,2,3,3,3,3,3,2,4,2,5,1,3,3,3,3,3,3,1,3,2,4,2,2,4,4,3,3,5,5,5,5,1,1,1,1,5,1,1,1,5,5,5,5,5,1,1,1,1,5,6,5,5,3,3,5,5,5,5,5,1,5,3,3,5,5,5,5,5,5,5,3,3,3,3,7,5,5,5,5,8,9,10,5,5,5,3,5,5,5,5,5,5,5,5,5,5,2,2,5,5,5,5,4,4,4,4,4,4,4,4,3,3,3,3,3,3,3,3","0.000633001327514648","louvain","edit-xhwikibooks.graphml"
"0.26","0.47","0.27","0.419463890733212","1,1,1,1,2,3,2,3,3,3,2,2,3,3,3,3,3,2,4,2,5,1,3,3,3,3,3,3,1,3,2,4,2,2,4,4,3,3,5,5,5,5,1,1,1,1,5,1,1,1,5,5,5,5,5,1,1,1,1,5,6,5,5,3,3,5,5,5,5,5,1,5,3,3,5,5,5,5,5,5,5,3,3,3,3,7,5,5,5,5,8,9,10,5,5,5,3,5,5,5,5,5,5,5,5,5,5,2,2,5,5,5,5,4,4,4,4,4,4,4,4,3,3,3,3,3,3,3,3","0.000545978546142578","louvain","edit-xhwikibooks.graphml"
"0.25","0.48","0.27","0.419096074380165","1,1,1,1,2,3,2,3,3,3,2,2,3,3,3,3,3,2,4,2,5,1,3,3,3,3,3,3,1,3,2,4,2,2,4,4,3,3,5,5,5,5,1,1,1,1,5,1,1,1,5,5,5,5,5,1,1,1,1,5,6,5,5,3,3,5,5,5,5,5,1,5,3,3,5,5,5,5,5,5,5,3,3,3,3,7,5,5,5,5,8,9,10,5,5,5,3,5,5,5,5,5,5,5,5,5,5,2,2,5,5,5,5,4,4,4,4,4,4,4,4,3,3,3,3,3,3,3,3","0.000550031661987305","louvain","edit-xhwikibooks.graphml"
"0.24","0.49","0.27","0.419096074380165","1,1,1,1,2,3,2,3,3,3,2,2,3,3,3,3,3,2,4,2,5,1,3,3,3,3,3,3,1,3,2,4,2,2,4,4,3,3,5,5,5,5,1,1,1,1,5,1,1,1,5,5,5,5,5,1,1,1,1,5,6,5,5,3,3,5,5,5,5,5,1,5,3,3,5,5,5,5,5,5,5,3,3,3,3,7,5,5,5,5,8,9,10,5,5,5,3,5,5,5,5,5,5,5,5,5,5,2,2,5,5,5,5,4,4,4,4,4,4,4,4,3,3,3,3,3,3,3,3","0.000667095184326172","louvain","edit-xhwikibooks.graphml"
"0.23","0.5","0.27","0.462839444850256","1,2,1,1,1,3,1,4,4,3,1,1,4,4,4,3,3,1,5,1,6,2,4,4,4,4,4,3,2,3,1,5,1,1,5,5,4,4,6,6,6,6,2,2,2,2,6,2,2,2,6,6,6,6,6,2,2,2,2,6,7,6,6,4,4,6,6,6,6,6,2,6,4,4,6,6,6,6,6,6,6,4,3,3,3,8,6,6,6,6,9,10,11,6,6,6,3,6,6,6,6,6,6,6,6,6,6,1,1,6,6,6,6,5,5,5,5,5,5,5,5,4,4,4,4,4,4,4,4","0.000880956649780273","louvain","edit-xhwikibooks.graphml"
"0.22","0.51","0.27","0.462839444850256","1,2,1,1,1,3,1,4,4,3,1,1,4,4,4,3,3,1,5,1,6,2,4,4,4,4,4,3,2,3,1,5,1,1,5,5,4,4,6,6,6,6,2,2,2,2,6,2,2,2,6,6,6,6,6,2,2,2,2,6,7,6,6,4,4,6,6,6,6,6,2,6,4,4,6,6,6,6,6,6,6,4,3,3,3,8,6,6,6,6,9,10,11,6,6,6,3,6,6,6,6,6,6,6,6,6,6,1,1,6,6,6,6,5,5,5,5,5,5,5,5,4,4,4,4,4,4,4,4","0.000600099563598633","louvain","edit-xhwikibooks.graphml"
"0.21","0.52","0.27","0.462839444850256","1,2,1,1,1,3,1,4,4,3,1,1,4,4,4,3,3,1,5,1,6,2,4,4,4,4,4,3,2,3,1,5,1,1,5,5,4,4,6,6,6,6,2,2,2,2,6,2,2,2,6,6,6,6,6,2,2,2,2,6,7,6,6,4,4,6,6,6,6,6,2,6,4,4,6,6,6,6,6,6,6,4,3,3,3,8,6,6,6,6,9,10,11,6,6,6,3,6,6,6,6,6,6,6,6,6,6,1,1,6,6,6,6,5,5,5,5,5,5,5,5,4,4,4,4,4,4,4,4","0.00056004524230957","louvain","edit-xhwikibooks.graphml"
"0.2","0.53","0.27","0.462092816591951","1,2,1,1,1,3,1,3,3,4,1,1,3,3,3,3,4,1,5,1,6,2,3,3,3,3,3,7,2,4,1,5,1,1,5,5,3,3,6,6,6,6,2,2,2,2,6,2,2,2,6,6,6,6,6,2,2,2,2,6,8,6,6,3,3,6,6,6,6,6,2,6,3,3,6,6,6,6,6,6,6,3,7,7,7,9,6,6,6,6,10,11,12,6,6,6,3,6,6,6,6,6,6,6,6,6,6,1,1,6,6,6,6,5,5,5,5,5,5,5,5,3,3,3,3,3,3,3,3","0.000538110733032227","louvain","edit-xhwikibooks.graphml"
"0.19","0.54","0.27","0.463082823924248","1,2,1,1,1,3,1,3,3,4,1,1,3,3,3,3,4,1,5,1,6,2,3,3,3,3,3,7,2,4,1,5,1,1,5,5,3,3,6,6,6,6,2,2,2,2,6,2,2,2,6,6,6,6,6,2,2,2,2,6,8,6,6,3,3,6,6,6,6,6,2,6,3,3,6,6,6,6,6,6,6,3,7,7,7,9,6,6,6,6,10,11,12,6,6,6,3,6,6,6,6,6,6,6,6,6,6,1,1,6,6,6,6,5,5,5,5,5,5,5,5,3,3,3,3,3,3,3,3","0.000611066818237305","louvain","edit-xhwikibooks.graphml"
"0.18","0.55","0.27","0.456031595112727","1,1,1,1,2,3,2,3,3,3,2,2,3,3,3,3,4,2,5,2,6,1,3,3,3,3,3,3,1,7,8,5,2,2,5,5,3,3,6,6,6,6,1,1,1,1,6,1,1,1,6,6,6,6,6,1,1,1,1,6,9,6,6,10,11,6,6,6,6,6,1,6,3,3,6,6,6,6,6,6,6,12,3,3,3,13,6,6,6,6,14,15,16,6,6,6,17,6,6,6,6,6,6,6,6,6,6,18,19,6,6,6,6,5,5,5,5,5,5,5,5,3,3,3,3,3,3,3,3","0.000728130340576172","louvain","edit-xhwikibooks.graphml"
"0.17","0.56","0.27","0.457995428186093","1,1,1,1,2,3,2,3,3,3,2,2,3,3,3,3,4,2,5,2,6,1,3,3,3,3,3,7,1,8,9,5,2,2,5,5,3,3,6,6,6,6,1,1,1,1,6,1,1,1,6,6,6,6,6,1,1,1,1,6,10,6,6,11,12,6,6,6,6,6,1,6,3,3,6,6,6,6,6,6,6,13,7,7,7,14,6,6,6,6,15,16,17,6,6,6,18,6,6,6,6,6,6,6,6,6,6,19,20,6,6,6,6,5,5,5,5,5,5,5,5,3,3,3,3,3,3,3,3","0.000562906265258789","louvain","edit-xhwikibooks.graphml"
"0.16","0.57","0.27","0.457623599550162","1,1,1,1,2,3,2,3,3,3,2,2,3,3,3,3,4,2,5,2,6,1,3,3,3,3,3,7,1,8,9,5,2,2,5,5,3,3,6,6,6,6,1,1,1,1,6,1,1,1,6,6,6,6,6,1,1,1,1,6,10,6,6,11,12,6,6,6,6,6,1,6,3,3,6,6,6,6,6,6,6,13,7,7,7,14,6,6,6,6,15,16,17,6,6,6,18,6,6,6,6,6,6,6,6,6,6,19,20,6,6,6,6,5,5,5,5,5,5,5,5,3,3,3,3,3,3,3,3","0.000524997711181641","louvain","edit-xhwikibooks.graphml"
"0.15","0.58","0.27","0.460218553688824","1,2,1,1,1,1,1,3,3,1,1,1,3,3,3,1,4,1,5,1,6,2,3,3,3,3,3,1,2,7,8,5,1,1,5,5,3,3,6,6,6,6,2,2,2,2,6,2,2,2,6,6,6,6,6,2,2,2,2,6,9,6,6,10,11,6,6,6,6,6,2,6,3,3,6,6,6,6,6,6,6,12,1,1,1,13,6,6,6,6,14,15,16,6,6,6,17,6,6,6,6,6,6,6,6,6,6,18,19,6,6,6,6,5,5,5,5,5,5,5,5,3,3,3,3,3,3,3,3","0.000550031661987305","louvain","edit-xhwikibooks.graphml"
"0.14","0.59","0.27","0.46016389963101","1,2,1,1,1,3,1,3,3,3,1,1,3,3,3,3,4,1,5,1,6,2,3,3,3,3,3,7,2,8,9,5,1,1,5,5,3,3,6,6,6,6,2,2,2,2,6,2,2,2,6,6,6,6,6,2,2,2,2,6,10,6,6,11,12,6,6,6,6,6,2,6,3,3,6,6,6,6,6,6,6,13,7,7,7,14,6,6,6,6,15,16,17,6,6,6,18,6,6,6,6,6,6,6,6,6,6,19,20,6,6,6,6,5,5,5,5,5,5,5,5,3,3,3,3,3,3,3,3","0.000536918640136719","louvain","edit-xhwikibooks.graphml"
"0.13","0.6","0.27","0.461998248922414","1,2,1,1,1,3,1,3,3,3,1,1,3,3,3,3,4,1,5,1,6,2,3,3,3,3,3,7,2,8,9,5,1,1,5,5,3,3,6,6,6,6,2,2,2,2,6,2,2,2,6,6,6,6,6,2,2,2,2,6,10,6,6,11,12,6,6,6,6,6,2,6,3,3,6,6,6,6,6,6,6,13,7,7,7,14,6,6,6,6,15,16,17,6,6,6,18,6,6,6,6,6,6,6,6,6,6,19,20,6,6,6,6,5,5,5,5,5,5,5,5,3,3,3,3,3,3,3,3","0.000536918640136719","louvain","edit-xhwikibooks.graphml"
"0.12","0.61","0.27","0.461626388549327","1,2,1,1,1,3,1,3,3,3,1,1,3,3,3,3,4,1,5,1,6,2,3,3,3,3,3,7,2,8,9,5,1,1,5,5,3,3,6,6,6,6,2,2,2,2,6,2,2,2,6,6,6,6,6,2,2,2,2,6,10,6,6,11,12,6,6,6,6,6,2,6,3,3,6,6,6,6,6,6,6,13,7,7,7,14,6,6,6,6,15,16,17,6,6,6,18,6,6,6,6,6,6,6,6,6,6,19,20,6,6,6,6,5,5,5,5,5,5,5,5,3,3,3,3,3,3,3,3","0.000537872314453125","louvain","edit-xhwikibooks.graphml"
"0.11","0.62","0.27","0.462492195629552","1,2,1,1,1,3,1,3,3,3,1,1,3,3,3,3,4,1,5,1,6,2,3,3,3,3,3,3,2,7,8,5,1,1,5,5,3,3,6,6,6,6,2,2,2,2,6,2,2,2,6,6,6,6,6,2,2,2,2,6,9,6,6,10,11,6,6,6,6,6,2,6,3,3,6,6,6,6,6,6,6,12,3,3,3,13,6,6,6,6,14,15,16,6,6,6,17,6,6,6,6,6,6,6,6,6,6,18,19,6,6,6,6,5,5,5,5,5,5,5,5,3,3,3,3,3,3,3,3","0.000544071197509766","louvain","edit-xhwikibooks.graphml"
"0.1","0.63","0.27","0.459877912269619","1,2,1,1,1,3,1,3,3,3,1,1,3,3,3,4,5,1,6,1,7,2,3,3,3,3,3,4,2,8,9,6,1,1,6,6,3,3,7,7,7,7,2,2,2,2,7,2,2,2,7,7,7,7,7,2,2,2,2,7,10,7,7,11,12,7,7,7,7,7,2,7,3,3,7,7,7,7,7,7,7,13,4,4,4,14,7,7,7,7,15,16,17,7,7,7,18,7,7,7,7,7,7,7,7,7,7,19,20,7,7,7,7,6,6,6,6,6,6,6,6,3,3,3,3,3,3,3,3","0.000566959381103516","louvain","edit-xhwikibooks.graphml"
"0.09","0.64","0.27","0.459877912269619","1,2,1,1,1,3,1,3,3,3,1,1,3,3,3,4,5,1,6,1,7,2,3,3,3,3,3,4,2,8,9,6,1,1,6,6,3,3,7,7,7,7,2,2,2,2,7,2,2,2,7,7,7,7,7,2,2,2,2,7,10,7,7,11,12,7,7,7,7,7,2,7,3,3,7,7,7,7,7,7,7,13,4,4,4,14,7,7,7,7,15,16,17,7,7,7,18,7,7,7,7,7,7,7,7,7,7,19,20,7,7,7,7,6,6,6,6,6,6,6,6,3,3,3,3,3,3,3,3","0.000746011734008789","louvain","edit-xhwikibooks.graphml"
"0.08","0.65","0.27","0.459505979437825","1,2,1,1,1,3,1,3,3,3,1,1,3,3,3,4,5,1,6,1,7,2,3,3,3,3,3,4,2,8,9,6,1,1,6,6,3,3,7,7,7,7,2,2,2,2,7,2,2,2,7,7,7,7,7,2,2,2,2,7,10,7,7,11,12,7,7,7,7,7,2,7,3,3,7,7,7,7,7,7,7,13,4,4,4,14,7,7,7,7,15,16,17,7,7,7,18,7,7,7,7,7,7,7,7,7,7,19,20,7,7,7,7,6,6,6,6,6,6,6,6,3,3,3,3,3,3,3,3","0.000584125518798828","louvain","edit-xhwikibooks.graphml"
"0.07","0.66","0.27","0.459505979437825","1,2,1,1,1,3,1,3,3,3,1,1,3,3,3,4,5,1,6,1,7,2,3,3,3,3,3,4,2,8,9,6,1,1,6,6,3,3,7,7,7,7,2,2,2,2,7,2,2,2,7,7,7,7,7,2,2,2,2,7,10,7,7,11,12,7,7,7,7,7,2,7,3,3,7,7,7,7,7,7,7,13,4,4,4,14,7,7,7,7,15,16,17,7,7,7,18,7,7,7,7,7,7,7,7,7,7,19,20,7,7,7,7,6,6,6,6,6,6,6,6,3,3,3,3,3,3,3,3","0.000545024871826172","louvain","edit-xhwikibooks.graphml"
"0.06","0.67","0.27","0.472551327743464","1,1,1,1,2,3,2,3,3,3,2,2,3,3,3,4,5,2,6,2,7,1,3,3,3,3,3,4,1,8,9,6,2,2,6,6,3,3,7,7,7,7,1,1,1,1,7,1,1,1,7,7,7,7,7,1,1,1,1,7,10,7,7,11,12,7,7,7,7,7,1,7,3,3,7,7,7,7,7,7,7,13,4,4,4,14,7,7,7,7,15,16,17,7,7,7,18,7,7,7,7,7,7,7,7,7,7,19,20,7,7,7,7,6,6,6,6,6,6,6,6,3,3,3,3,3,3,3,3","0.000551939010620117","louvain","edit-xhwikibooks.graphml"
"0.05","0.68","0.27","0.472443600079","1,1,1,2,3,2,3,2,2,2,3,3,2,2,2,4,5,3,6,3,7,1,2,2,2,2,2,4,1,8,9,6,3,3,6,6,2,2,7,7,7,7,1,1,1,1,7,1,1,1,7,7,7,7,7,1,1,1,1,7,10,7,7,11,12,7,7,7,7,7,1,7,2,2,7,7,7,7,7,7,7,13,4,4,4,14,7,7,7,7,15,16,17,7,7,7,18,7,7,7,7,7,7,7,7,7,7,19,20,7,7,7,7,6,6,6,6,6,6,6,6,2,2,2,2,2,2,2,2","0.000542879104614258","louvain","edit-xhwikibooks.graphml"
"0.04","0.69","0.27","0.472181069958848","1,1,1,1,2,3,2,3,3,3,2,2,3,3,3,4,5,2,6,2,7,1,3,3,3,3,3,4,1,8,9,6,2,2,6,6,3,3,7,7,7,7,1,1,1,1,7,1,1,1,7,7,7,7,7,1,1,1,1,7,10,7,7,11,12,7,7,7,7,7,1,7,3,3,7,7,7,7,7,7,7,13,4,4,4,14,7,7,7,7,15,16,17,7,7,7,18,7,7,7,7,7,7,7,7,7,7,19,20,7,7,7,7,6,6,6,6,6,6,6,6,3,3,3,3,3,3,3,3","0.000544071197509766","louvain","edit-xhwikibooks.graphml"
"0.03","0.7","0.27","0.49073024691358","1,2,1,1,1,3,1,3,3,3,1,1,3,3,3,4,5,1,6,1,7,2,3,3,3,3,3,4,2,8,9,6,1,1,6,6,3,3,7,7,7,7,2,2,2,2,7,2,2,2,7,7,7,7,7,2,2,2,2,7,10,7,7,11,12,7,7,7,7,7,2,7,3,3,7,7,7,7,7,7,7,13,4,4,4,14,7,7,7,7,15,16,17,7,7,7,18,7,7,7,7,7,7,7,7,7,7,19,20,7,7,7,7,6,6,6,6,6,6,6,6,3,3,3,3,3,3,3,3","0.000571966171264648","louvain","edit-xhwikibooks.graphml"
"0.02","0.71","0.27","0.487713974633062","1,2,1,1,1,3,1,3,3,3,1,1,3,3,3,4,5,1,6,1,7,2,3,3,3,3,3,4,2,8,9,6,1,1,6,6,3,3,7,7,7,7,2,2,2,2,7,2,2,2,7,7,7,7,7,2,2,2,2,7,10,7,7,11,12,7,7,7,7,7,2,7,3,3,7,7,7,7,7,7,7,13,4,4,4,14,7,7,7,7,15,16,17,7,7,7,18,7,7,7,7,7,7,7,7,7,7,19,20,7,7,7,7,6,6,6,6,6,6,6,6,3,3,3,3,3,3,3,3","0.000694036483764648","louvain","edit-xhwikibooks.graphml"
"0.01","0.72","0.27","0.489300617283951","1,1,1,2,3,2,3,2,2,2,3,3,2,2,2,4,5,3,6,3,7,1,2,2,2,2,2,4,1,8,9,6,3,3,6,6,2,2,7,7,7,7,1,1,1,1,7,1,1,1,7,7,7,7,7,1,1,1,1,7,10,7,7,11,12,7,7,7,7,7,1,7,2,2,7,7,7,7,7,7,7,13,4,4,4,14,7,7,7,7,15,16,17,7,7,7,18,7,7,7,7,7,7,7,7,7,7,19,20,7,7,7,7,6,6,6,6,6,6,6,6,2,2,2,2,2,2,2,2","0.000500917434692383","louvain","edit-xhwikibooks.graphml"
"0","0.73","0.27","0.492184012885948","1,1,1,1,1,2,3,2,2,2,3,3,2,2,2,4,5,3,6,3,7,1,2,2,2,2,2,4,1,8,9,6,3,3,6,6,2,2,7,7,7,7,1,1,1,1,7,1,1,1,7,7,7,7,7,1,1,1,1,7,10,7,7,11,12,7,7,7,7,7,1,7,2,2,7,7,7,7,7,7,7,13,4,4,4,14,7,7,7,7,15,16,17,7,7,7,18,7,7,7,7,7,7,7,7,7,7,19,20,7,7,7,7,6,6,6,6,6,6,6,6,2,2,2,2,2,2,2,2","0.000553131103515625","louvain","edit-xhwikibooks.graphml"
"0.72","0","0.28","0.412676609105181","1,1,1,2,3,2,3,2,2,2,3,3,2,2,2,2,2,3,3,3,4,1,2,2,2,2,2,2,1,2,3,3,3,3,3,3,2,2,4,4,4,4,1,1,1,1,4,1,1,1,4,4,4,4,4,1,1,1,1,4,2,4,4,2,2,4,4,4,4,4,1,4,2,2,4,4,4,4,4,4,4,2,2,2,2,1,4,4,4,4,2,3,3,4,4,4,2,4,4,4,4,4,4,4,4,4,4,3,3,4,4,4,4,3,3,3,3,3,3,3,3,2,2,2,2,2,2,2,2","0.000510931015014648","louvain","edit-xhwikibooks.graphml"
"0.71","0.01","0.28","0.412820311556575","1,1,1,2,3,2,3,2,2,2,3,4,2,2,2,2,2,3,3,4,5,1,2,2,2,2,2,2,1,2,3,3,4,4,3,3,2,2,5,5,5,5,1,1,1,1,5,1,1,1,5,5,5,5,5,1,1,1,1,5,2,5,5,2,2,5,5,5,5,5,1,5,2,2,5,5,5,5,5,5,5,2,2,2,2,1,5,5,5,5,2,3,3,5,5,5,2,5,5,5,5,5,5,5,5,5,5,4,4,5,5,5,5,3,3,3,3,3,3,3,3,2,2,2,2,2,2,2,2","0.00056004524230957","louvain","edit-xhwikibooks.graphml"
"0.7","0.02","0.28","0.412676609105181","1,1,1,2,3,2,3,2,2,2,3,3,2,2,2,2,2,3,3,3,4,1,2,2,2,2,2,2,1,2,3,3,3,3,3,3,2,2,4,4,4,4,1,1,1,1,4,1,1,1,4,4,4,4,4,1,1,1,1,4,2,4,4,2,2,4,4,4,4,4,1,4,2,2,4,4,4,4,4,4,4,2,2,2,2,1,4,4,4,4,2,3,3,4,4,4,2,4,4,4,4,4,4,4,4,4,4,3,3,4,4,4,4,3,3,3,3,3,3,3,3,2,2,2,2,2,2,2,2","0.000616073608398438","louvain","edit-xhwikibooks.graphml"
"0.69","0.03","0.28","0.412329004808891","1,1,1,2,3,2,3,2,2,2,3,3,2,2,2,2,2,3,3,3,4,1,2,2,2,2,2,2,1,2,3,3,3,3,3,3,2,2,4,4,4,4,1,1,1,1,4,1,1,1,4,4,4,4,4,1,1,1,1,4,2,4,4,2,2,4,4,4,4,4,1,4,2,2,4,4,4,4,4,4,4,2,2,2,2,1,4,4,4,4,2,3,3,4,4,4,2,4,4,4,4,4,4,4,4,4,4,3,3,4,4,4,4,3,3,3,3,3,3,3,3,2,2,2,2,2,2,2,2","0.000622987747192383","louvain","edit-xhwikibooks.graphml"
"0.68","0.04","0.28","0.412329004808891","1,1,1,2,3,2,3,2,2,2,3,3,2,2,2,2,2,3,3,3,4,1,2,2,2,2,2,2,1,2,3,3,3,3,3,3,2,2,4,4,4,4,1,1,1,1,4,1,1,1,4,4,4,4,4,1,1,1,1,4,2,4,4,2,2,4,4,4,4,4,1,4,2,2,4,4,4,4,4,4,4,2,2,2,2,1,4,4,4,4,2,3,3,4,4,4,2,4,4,4,4,4,4,4,4,4,4,3,3,4,4,4,4,3,3,3,3,3,3,3,3,2,2,2,2,2,2,2,2","0.000552892684936523","louvain","edit-xhwikibooks.graphml"
"0.67","0.05","0.28","0.412151455255463","1,1,1,2,3,2,3,2,2,2,3,3,2,2,2,2,2,3,4,3,5,1,2,2,2,2,2,2,1,2,3,4,3,3,4,4,2,2,5,5,5,5,1,1,1,1,5,1,1,1,5,5,5,5,5,1,1,1,1,5,2,5,5,2,2,5,5,5,5,5,1,5,2,2,5,5,5,5,5,5,5,2,2,2,2,1,5,5,5,5,2,3,4,5,5,5,2,5,5,5,5,5,5,5,5,5,5,3,3,5,5,5,5,4,4,4,4,4,4,4,4,2,2,2,2,2,2,2,2","0.000560998916625977","louvain","edit-xhwikibooks.graphml"
"0.66","0.06","0.28","0.412151455255463","1,1,1,2,3,2,3,2,2,2,3,3,2,2,2,2,2,3,4,3,5,1,2,2,2,2,2,2,1,2,3,4,3,3,4,4,2,2,5,5,5,5,1,1,1,1,5,1,1,1,5,5,5,5,5,1,1,1,1,5,2,5,5,2,2,5,5,5,5,5,1,5,2,2,5,5,5,5,5,5,5,2,2,2,2,1,5,5,5,5,2,3,4,5,5,5,2,5,5,5,5,5,5,5,5,5,5,3,3,5,5,5,5,4,4,4,4,4,4,4,4,2,2,2,2,2,2,2,2","0.000506877899169922","louvain","edit-xhwikibooks.graphml"
"0.65","0.07","0.28","0.411802142354142","1,1,1,2,3,2,3,2,2,2,3,3,2,2,2,2,2,3,4,3,5,1,2,2,2,2,2,2,1,2,3,4,3,3,4,4,2,2,5,5,5,5,1,1,1,1,5,1,1,1,5,5,5,5,5,1,1,1,1,5,2,5,5,2,2,5,5,5,5,5,1,5,2,2,5,5,5,5,5,5,5,2,2,2,2,1,5,5,5,5,2,3,4,5,5,5,2,5,5,5,5,5,5,5,5,5,5,3,3,5,5,5,5,4,4,4,4,4,4,4,4,2,2,2,2,2,2,2,2","0.000527858734130859","louvain","edit-xhwikibooks.graphml"
"0.64","0.08","0.28","0.412719835862274","1,1,1,2,3,2,3,2,2,2,3,3,2,2,2,2,2,3,3,3,4,1,2,2,2,2,2,2,1,2,3,3,3,3,3,3,2,2,4,4,4,4,1,1,1,1,4,1,1,1,4,4,4,4,4,1,1,1,1,4,2,4,4,2,2,4,4,4,4,4,1,4,2,2,4,4,4,4,4,4,4,2,2,2,2,1,4,4,4,4,2,3,3,4,4,4,2,4,4,4,4,4,4,4,4,4,4,3,3,4,4,4,4,3,3,3,3,3,3,3,3,2,2,2,2,2,2,2,2","0.00049281120300293","louvain","edit-xhwikibooks.graphml"
"0.63","0.09","0.28","0.411336060981858","1,1,1,2,3,2,3,2,2,2,3,3,2,2,2,2,2,3,3,3,4,1,2,2,2,2,2,2,1,2,3,3,3,3,3,3,2,2,4,4,4,4,1,1,1,1,4,1,1,1,4,4,4,4,4,1,1,1,1,4,2,4,4,2,2,4,4,4,4,4,1,4,2,2,4,4,4,4,4,4,4,2,2,2,2,1,4,4,4,4,2,3,3,4,4,4,2,4,4,4,4,4,4,4,4,4,4,3,3,4,4,4,4,3,3,3,3,3,3,3,3,2,2,2,2,2,2,2,2","0.000522136688232422","louvain","edit-xhwikibooks.graphml"
"0.62","0.1","0.28","0.411500055063706","1,1,1,2,3,2,3,2,2,2,3,3,2,2,2,2,2,3,4,3,5,1,2,2,2,2,2,2,1,2,3,4,3,3,4,4,2,2,5,5,5,5,1,1,1,1,5,1,1,1,5,5,5,5,5,1,1,1,1,5,2,5,5,2,2,5,5,5,5,5,1,5,2,2,5,5,5,5,5,5,5,2,2,2,2,1,5,5,5,5,2,3,4,5,5,5,2,5,5,5,5,5,5,5,5,5,5,3,3,5,5,5,5,4,4,4,4,4,4,4,4,2,2,2,2,2,2,2,2","0.000509977340698242","louvain","edit-xhwikibooks.graphml"
"0.61","0.11","0.28","0.410990474484159","1,1,1,2,3,2,3,2,2,2,3,3,2,2,2,2,2,3,3,3,4,1,2,2,2,2,2,2,1,2,3,3,3,3,3,3,2,2,4,4,4,4,1,1,1,1,4,1,1,1,4,4,4,4,4,1,1,1,1,4,2,4,4,2,2,4,4,4,4,4,1,4,2,2,4,4,4,4,4,4,4,2,2,2,2,1,4,4,4,4,2,3,3,4,4,4,2,4,4,4,4,4,4,4,4,4,4,3,3,4,4,4,4,3,3,3,3,3,3,3,3,2,2,2,2,2,2,2,2","0.000550031661987305","louvain","edit-xhwikibooks.graphml"
"0.6","0.12","0.28","0.413087220786572","1,1,1,2,3,2,3,2,2,2,3,3,2,2,2,2,2,3,3,3,4,1,2,2,2,2,2,2,1,2,3,3,3,3,3,3,2,2,4,4,4,4,1,1,1,1,4,1,1,1,4,4,4,4,4,1,1,1,1,4,2,4,4,2,2,4,4,4,4,4,1,4,2,2,4,4,4,4,4,4,4,2,2,2,2,1,4,4,4,4,2,3,3,4,4,4,2,4,4,4,4,4,4,4,4,4,4,3,3,4,4,4,4,3,3,3,3,3,3,3,3,2,2,2,2,2,2,2,2","0.000502824783325195","louvain","edit-xhwikibooks.graphml"
"0.59","0.13","0.28","0.410425512854967","1,1,1,2,3,2,3,2,2,2,3,3,2,2,2,2,2,3,4,3,5,1,2,2,2,2,2,2,1,2,3,4,3,3,4,4,2,2,5,5,5,5,1,1,1,1,5,1,1,1,5,5,5,5,5,1,1,1,1,5,2,5,5,2,2,5,5,5,5,5,1,5,2,2,5,5,5,5,5,5,5,2,2,2,2,1,5,5,5,5,2,3,4,5,5,5,2,5,5,5,5,5,5,5,5,5,5,3,3,5,5,5,5,4,4,4,4,4,4,4,4,2,2,2,2,2,2,2,2","0.000515937805175781","louvain","edit-xhwikibooks.graphml"
"0.58","0.14","0.28","0.410425512854967","1,1,1,2,3,2,3,2,2,2,3,3,2,2,2,2,2,3,4,3,5,1,2,2,2,2,2,2,1,2,3,4,3,3,4,4,2,2,5,5,5,5,1,1,1,1,5,1,1,1,5,5,5,5,5,1,1,1,1,5,2,5,5,2,2,5,5,5,5,5,1,5,2,2,5,5,5,5,5,5,5,2,2,2,2,1,5,5,5,5,2,3,4,5,5,5,2,5,5,5,5,5,5,5,5,5,5,3,3,5,5,5,5,4,4,4,4,4,4,4,4,2,2,2,2,2,2,2,2","0.000679969787597656","louvain","edit-xhwikibooks.graphml"
"0.57","0.15","0.28","0.413281574687915","1,1,1,2,3,2,3,2,2,2,3,3,2,2,2,2,2,3,4,3,5,1,2,2,2,2,2,2,1,2,3,4,3,3,4,4,2,2,5,5,5,5,1,1,1,1,5,1,1,1,5,5,5,5,5,1,1,1,1,5,2,5,5,2,2,5,5,5,5,5,1,5,2,2,5,5,5,5,5,5,5,2,2,2,2,1,5,5,5,5,2,3,4,5,5,5,2,5,5,5,5,5,5,5,5,5,5,3,3,5,5,5,5,4,4,4,4,4,4,4,4,2,2,2,2,2,2,2,2","0.000517845153808594","louvain","edit-xhwikibooks.graphml"
"0.56","0.16","0.28","0.414350779773157","1,1,1,2,3,2,3,2,2,2,3,3,2,2,2,2,2,3,4,3,5,1,2,2,2,2,2,2,1,2,3,4,3,3,4,4,2,2,5,5,5,5,1,1,1,1,5,1,1,1,5,5,5,5,5,1,1,1,1,5,2,5,5,2,2,5,5,5,5,5,1,5,2,2,5,5,5,5,5,5,5,2,2,2,2,1,5,5,5,5,2,3,4,5,5,5,2,5,5,5,5,5,5,5,5,5,5,3,3,5,5,5,5,4,4,4,4,4,4,4,4,2,2,2,2,2,2,2,2","0.00055694580078125","louvain","edit-xhwikibooks.graphml"
"0.55","0.17","0.28","0.431648240236859","1,1,1,2,3,2,3,2,2,2,3,3,2,2,2,2,2,3,4,3,5,1,2,2,2,2,2,2,1,2,3,4,3,3,4,4,2,2,5,5,5,5,1,1,1,1,5,1,1,1,5,5,5,5,5,1,1,1,1,5,2,5,5,2,2,5,5,5,5,5,1,5,2,2,5,5,5,5,5,5,5,2,2,2,2,1,5,5,5,5,2,3,4,5,5,5,2,5,5,5,5,5,5,5,5,5,5,3,3,5,5,5,5,4,4,4,4,4,4,4,4,2,2,2,2,2,2,2,2","0.00055694580078125","louvain","edit-xhwikibooks.graphml"
"0.54","0.18","0.28","0.431648240236859","1,1,1,2,3,2,3,2,2,2,3,3,2,2,2,2,2,3,4,3,5,1,2,2,2,2,2,2,1,2,3,4,3,3,4,4,2,2,5,5,5,5,1,1,1,1,5,1,1,1,5,5,5,5,5,1,1,1,1,5,2,5,5,2,2,5,5,5,5,5,1,5,2,2,5,5,5,5,5,5,5,2,2,2,2,1,5,5,5,5,2,3,4,5,5,5,2,5,5,5,5,5,5,5,5,5,5,3,3,5,5,5,5,4,4,4,4,4,4,4,4,2,2,2,2,2,2,2,2","0.000511884689331055","louvain","edit-xhwikibooks.graphml"
"0.53","0.19","0.28","0.431275507749675","1,1,1,2,3,2,3,2,2,2,3,3,2,2,2,2,2,3,4,3,5,1,2,2,2,2,2,2,1,2,3,4,3,3,4,4,2,2,5,5,5,5,1,1,1,1,5,1,1,1,5,5,5,5,5,1,1,1,1,5,2,5,5,2,2,5,5,5,5,5,1,5,2,2,5,5,5,5,5,5,5,2,2,2,2,1,5,5,5,5,2,3,4,5,5,5,2,5,5,5,5,5,5,5,5,5,5,3,3,5,5,5,5,4,4,4,4,4,4,4,4,2,2,2,2,2,2,2,2","0.000549077987670898","louvain","edit-xhwikibooks.graphml"
"0.52","0.2","0.28","0.433306671533092","1,1,1,2,3,2,3,2,2,2,3,3,2,2,2,2,2,3,4,3,5,1,2,2,2,2,2,2,1,2,3,4,3,3,4,4,2,2,5,5,5,5,1,1,1,1,5,1,1,1,5,5,5,5,5,1,1,1,1,5,2,5,5,2,2,5,5,5,5,5,1,5,2,2,5,5,5,5,5,5,5,2,2,2,2,1,5,5,5,5,2,3,4,5,5,5,2,5,5,5,5,5,5,5,5,5,5,3,3,5,5,5,5,4,4,4,4,4,4,4,4,2,2,2,2,2,2,2,2","0.000554084777832031","louvain","edit-xhwikibooks.graphml"
"0.51","0.21","0.28","0.432934529958678","1,1,1,2,3,2,3,2,2,2,3,3,2,2,2,2,2,3,4,3,5,1,2,2,2,2,2,2,1,2,3,4,3,3,4,4,2,2,5,5,5,5,1,1,1,1,5,1,1,1,5,5,5,5,5,1,1,1,1,5,2,5,5,2,2,5,5,5,5,5,1,5,2,2,5,5,5,5,5,5,5,2,2,2,2,1,5,5,5,5,2,3,4,5,5,5,2,5,5,5,5,5,5,5,5,5,5,3,3,5,5,5,5,4,4,4,4,4,4,4,4,2,2,2,2,2,2,2,2","0.00064396858215332","louvain","edit-xhwikibooks.graphml"
"0.5","0.22","0.28","0.432934529958678","1,1,1,2,3,2,3,2,2,2,3,3,2,2,2,2,2,3,4,3,5,1,2,2,2,2,2,2,1,2,3,4,3,3,4,4,2,2,5,5,5,5,1,1,1,1,5,1,1,1,5,5,5,5,5,1,1,1,1,5,2,5,5,2,2,5,5,5,5,5,1,5,2,2,5,5,5,5,5,5,5,2,2,2,2,1,5,5,5,5,2,3,4,5,5,5,2,5,5,5,5,5,5,5,5,5,5,3,3,5,5,5,5,4,4,4,4,4,4,4,4,2,2,2,2,2,2,2,2","0.000543832778930664","louvain","edit-xhwikibooks.graphml"
"0.49","0.23","0.28","0.434643171828768","1,1,1,2,3,2,3,2,2,2,3,3,2,2,2,2,2,3,4,3,5,1,2,2,2,2,2,2,1,2,3,4,3,3,4,4,2,2,5,5,5,5,1,1,1,1,5,1,1,1,5,5,5,5,5,1,1,1,1,5,2,5,5,2,2,5,5,5,5,5,1,5,2,2,5,5,5,5,5,5,5,2,2,2,2,1,5,5,5,5,2,3,4,5,5,5,2,5,5,5,5,5,5,5,5,5,5,3,3,5,5,5,5,4,4,4,4,4,4,4,4,2,2,2,2,2,2,2,2","0.000509023666381836","louvain","edit-xhwikibooks.graphml"
"0.48","0.24","0.28","0.436743592198921","1,1,1,2,3,2,3,2,2,2,3,3,2,2,2,2,2,3,4,3,5,1,2,2,2,2,2,2,1,2,3,4,3,3,4,4,2,2,5,5,5,5,1,1,1,1,5,1,1,1,5,5,5,5,5,1,1,1,1,5,2,5,5,2,2,5,5,5,5,5,1,5,2,2,5,5,5,5,5,5,5,2,2,2,2,1,5,5,5,5,2,3,4,5,5,5,2,5,5,5,5,5,5,5,5,5,5,3,3,5,5,5,5,4,4,4,4,4,4,4,4,2,2,2,2,2,2,2,2","0.000516891479492188","louvain","edit-xhwikibooks.graphml"
"0.47","0.25","0.28","0.426042122766414","1,1,1,2,3,2,3,2,2,2,3,3,2,2,2,2,2,3,4,3,5,1,2,2,2,2,2,2,1,2,3,4,3,3,4,4,2,2,5,5,5,5,1,1,1,1,5,1,1,1,5,5,5,5,5,1,1,1,1,5,2,5,5,2,2,5,5,5,5,5,1,5,2,2,5,5,5,5,5,5,5,2,2,2,2,1,5,5,5,5,2,3,4,5,5,5,2,5,5,5,5,5,5,5,5,5,5,3,3,5,5,5,5,4,4,4,4,4,4,4,4,2,2,2,2,2,2,2,2","0.000549077987670898","louvain","edit-xhwikibooks.graphml"
"0.46","0.26","0.28","0.426042122766414","1,1,1,2,3,2,3,2,2,2,3,3,2,2,2,2,2,3,4,3,5,1,2,2,2,2,2,2,1,2,3,4,3,3,4,4,2,2,5,5,5,5,1,1,1,1,5,1,1,1,5,5,5,5,5,1,1,1,1,5,2,5,5,2,2,5,5,5,5,5,1,5,2,2,5,5,5,5,5,5,5,2,2,2,2,1,5,5,5,5,2,3,4,5,5,5,2,5,5,5,5,5,5,5,5,5,5,3,3,5,5,5,5,4,4,4,4,4,4,4,4,2,2,2,2,2,2,2,2","0.000552177429199219","louvain","edit-xhwikibooks.graphml"
"0.45","0.27","0.28","0.426042122766414","1,1,1,2,3,2,3,2,2,2,3,3,2,2,2,2,2,3,4,3,5,1,2,2,2,2,2,2,1,2,3,4,3,3,4,4,2,2,5,5,5,5,1,1,1,1,5,1,1,1,5,5,5,5,5,1,1,1,1,5,2,5,5,2,2,5,5,5,5,5,1,5,2,2,5,5,5,5,5,5,5,2,2,2,2,1,5,5,5,5,2,3,4,5,5,5,2,5,5,5,5,5,5,5,5,5,5,3,3,5,5,5,5,4,4,4,4,4,4,4,4,2,2,2,2,2,2,2,2","0.000550031661987305","louvain","edit-xhwikibooks.graphml"
"0.44","0.28","0.28","0.425671766374691","1,1,1,2,3,2,3,2,2,2,3,3,2,2,2,2,2,3,4,3,5,1,2,2,2,2,2,2,1,2,3,4,3,3,4,4,2,2,5,5,5,5,1,1,1,1,5,1,1,1,5,5,5,5,5,1,1,1,1,5,2,5,5,2,2,5,5,5,5,5,1,5,2,2,5,5,5,5,5,5,5,2,2,2,2,1,5,5,5,5,2,3,4,5,5,5,2,5,5,5,5,5,5,5,5,5,5,3,3,5,5,5,5,4,4,4,4,4,4,4,4,2,2,2,2,2,2,2,2","0.000516891479492188","louvain","edit-xhwikibooks.graphml"
"0.43","0.29","0.28","0.416449839856507","1,1,1,2,3,2,3,4,2,2,3,3,4,4,4,2,2,3,4,3,5,1,4,4,4,4,4,2,1,2,3,4,3,3,4,4,6,4,5,5,5,5,1,1,1,1,5,1,1,1,5,5,5,5,5,1,1,1,1,5,7,5,5,4,4,5,5,5,5,5,1,5,4,4,5,5,5,5,5,5,5,4,2,2,2,8,5,5,5,5,9,10,11,5,5,5,2,5,5,5,5,5,5,5,5,5,5,3,3,5,5,5,5,4,4,4,4,4,4,4,4,6,6,6,6,6,6,6,6","0.000579118728637695","louvain","edit-xhwikibooks.graphml"
"0.42","0.3","0.28","0.422697532060177","1,1,1,2,3,2,3,2,2,2,3,3,2,2,2,2,2,3,4,3,5,1,2,2,2,2,2,2,1,2,3,4,3,3,4,4,2,2,5,5,5,5,1,1,1,1,5,1,1,1,5,5,5,5,5,1,1,1,1,5,6,5,5,2,2,5,5,5,5,5,1,5,2,2,5,5,5,5,5,5,5,2,2,2,2,7,5,5,5,5,8,9,10,5,5,5,2,5,5,5,5,5,5,5,5,5,5,3,3,5,5,5,5,4,4,4,4,4,4,4,4,2,2,2,2,2,2,2,2","0.00055694580078125","louvain","edit-xhwikibooks.graphml"
"0.41","0.31","0.28","0.423695020408163","1,2,1,3,1,3,1,3,3,3,1,1,3,3,3,3,3,1,4,1,5,2,3,3,3,3,3,3,2,3,1,4,1,1,4,4,3,3,5,5,5,5,2,2,2,2,5,2,2,2,5,5,5,5,5,2,2,2,2,5,6,5,5,3,3,5,5,5,5,5,2,5,3,3,5,5,5,5,5,5,5,3,3,3,3,7,5,5,5,5,8,9,10,5,5,5,3,5,5,5,5,5,5,5,5,5,5,1,1,5,5,5,5,4,4,4,4,4,4,4,4,3,3,3,3,3,3,3,3","0.000592947006225586","louvain","edit-xhwikibooks.graphml"
"0.4","0.32","0.28","0.416827604720502","1,1,1,2,3,2,3,4,2,2,3,3,4,4,4,2,2,3,4,3,5,1,4,4,4,4,4,2,1,2,3,4,3,3,4,4,6,4,5,5,5,5,1,1,1,1,5,1,1,1,5,5,5,5,5,1,1,1,1,5,7,5,5,4,4,5,5,5,5,5,1,5,4,4,5,5,5,5,5,5,5,4,2,2,2,8,5,5,5,5,9,10,11,5,5,5,2,5,5,5,5,5,5,5,5,5,5,3,3,5,5,5,5,4,4,4,4,4,4,4,4,6,6,6,6,6,6,6,6","0.000584840774536133","louvain","edit-xhwikibooks.graphml"
"0.39","0.33","0.28","0.423416291361731","1,1,1,2,3,2,3,2,2,2,3,3,2,2,2,2,2,3,4,3,5,1,2,2,2,2,2,2,1,2,3,4,3,3,4,4,2,2,5,5,5,5,1,1,1,1,5,1,1,1,5,5,5,5,5,1,1,1,1,5,6,5,5,2,2,5,5,5,5,5,1,5,2,2,5,5,5,5,5,5,5,2,2,2,2,7,5,5,5,5,8,9,10,5,5,5,2,5,5,5,5,5,5,5,5,5,5,3,3,5,5,5,5,4,4,4,4,4,4,4,4,2,2,2,2,2,2,2,2","0.000562906265258789","louvain","edit-xhwikibooks.graphml"
"0.38","0.34","0.28","0.438344663746834","1,1,1,2,3,2,3,2,2,2,3,3,2,2,2,2,2,3,4,3,5,1,2,2,2,2,2,2,1,2,3,4,3,3,4,4,2,2,5,5,5,5,1,1,1,1,5,1,1,1,5,5,5,5,5,1,1,1,1,5,6,5,5,2,2,5,5,5,5,5,1,5,2,2,5,5,5,5,5,5,5,2,2,2,2,7,5,5,5,5,8,9,10,5,5,5,2,5,5,5,5,5,5,5,5,5,5,3,3,5,5,5,5,4,4,4,4,4,4,4,4,2,2,2,2,2,2,2,2","0.000572919845581055","louvain","edit-xhwikibooks.graphml"
"0.37","0.35","0.28","0.439379562227272","1,1,1,2,3,2,3,2,2,2,3,3,2,2,2,2,2,3,4,3,5,1,2,2,2,2,2,2,1,2,3,4,3,3,4,4,2,2,5,5,5,5,1,1,1,1,5,1,1,1,5,5,5,5,5,1,1,1,1,5,6,5,5,2,2,5,5,5,5,5,1,5,2,2,5,5,5,5,5,5,5,2,2,2,2,7,5,5,5,5,8,9,10,5,5,5,2,5,5,5,5,5,5,5,5,5,5,3,3,5,5,5,5,4,4,4,4,4,4,4,4,2,2,2,2,2,2,2,2","0.000553131103515625","louvain","edit-xhwikibooks.graphml"
"0.36","0.36","0.28","0.43900801179762","1,1,1,2,3,2,3,2,2,2,3,3,2,2,2,2,2,3,4,3,5,1,2,2,2,2,2,2,1,2,3,4,3,3,4,4,2,2,5,5,5,5,1,1,1,1,5,1,1,1,5,5,5,5,5,1,1,1,1,5,6,5,5,2,2,5,5,5,5,5,1,5,2,2,5,5,5,5,5,5,5,2,2,2,2,7,5,5,5,5,8,9,10,5,5,5,2,5,5,5,5,5,5,5,5,5,5,3,3,5,5,5,5,4,4,4,4,4,4,4,4,2,2,2,2,2,2,2,2","0.000560998916625977","louvain","edit-xhwikibooks.graphml"
"0.35","0.37","0.28","0.41960737082982","1,1,1,2,3,2,3,2,2,2,3,3,2,2,2,2,2,3,4,3,5,1,2,2,2,2,2,2,1,2,3,4,3,3,4,4,2,2,5,5,5,5,1,1,1,1,5,1,1,1,5,5,5,5,5,1,1,1,1,5,6,5,5,2,2,5,5,5,5,5,1,5,2,2,5,5,5,5,5,5,5,2,2,2,2,7,5,5,5,5,8,9,10,5,5,5,2,5,5,5,5,5,5,5,5,5,5,3,3,5,5,5,5,4,4,4,4,4,4,4,4,2,2,2,2,2,2,2,2","0.000538110733032227","louvain","edit-xhwikibooks.graphml"
"0.34","0.38","0.28","0.41923787755102","1,1,1,2,3,2,3,2,2,2,3,3,2,2,2,2,2,3,4,3,5,1,2,2,2,2,2,2,1,2,3,4,3,3,4,4,2,2,5,5,5,5,1,1,1,1,5,1,1,1,5,5,5,5,5,1,1,1,1,5,6,5,5,2,2,5,5,5,5,5,1,5,2,2,5,5,5,5,5,5,5,2,2,2,2,7,5,5,5,5,8,9,10,5,5,5,2,5,5,5,5,5,5,5,5,5,5,3,3,5,5,5,5,4,4,4,4,4,4,4,4,2,2,2,2,2,2,2,2","0.000502824783325195","louvain","edit-xhwikibooks.graphml"
"0.33","0.39","0.28","0.420361074623131","1,1,1,2,3,2,3,2,2,2,3,3,2,2,2,2,2,3,4,3,5,1,2,2,2,2,2,2,1,2,3,4,3,3,4,4,2,2,5,5,5,5,1,1,1,1,5,1,1,1,5,5,5,5,5,1,1,1,1,5,6,5,5,2,2,5,5,5,5,5,1,5,2,2,5,5,5,5,5,5,5,2,2,2,2,7,5,5,5,5,8,9,10,5,5,5,2,5,5,5,5,5,5,5,5,5,5,3,3,5,5,5,5,4,4,4,4,4,4,4,4,2,2,2,2,2,2,2,2","0.000545978546142578","louvain","edit-xhwikibooks.graphml"
"0.32","0.4","0.28","0.422077006009259","1,1,1,2,3,2,3,2,2,2,3,3,2,2,2,2,2,3,4,3,5,1,2,2,2,2,2,2,1,2,3,4,3,3,4,4,2,2,5,5,5,5,1,1,1,1,5,1,1,1,5,5,5,5,5,1,1,1,1,5,6,5,5,2,2,5,5,5,5,5,1,5,2,2,5,5,5,5,5,5,5,2,2,2,2,7,5,5,5,5,8,9,10,5,5,5,2,5,5,5,5,5,5,5,5,5,5,3,3,5,5,5,5,4,4,4,4,4,4,4,4,2,2,2,2,2,2,2,2","0.000545024871826172","louvain","edit-xhwikibooks.graphml"
"0.31","0.41","0.28","0.415751139242831","1,1,1,1,2,3,2,3,3,3,2,2,3,3,3,3,3,2,4,2,5,1,3,3,3,3,3,3,1,3,2,4,2,2,4,4,3,3,5,5,5,5,1,1,1,1,5,1,1,1,5,5,5,5,5,1,1,1,1,5,6,5,5,3,3,5,5,5,5,5,1,5,3,3,5,5,5,5,5,5,5,3,3,3,3,7,5,5,5,5,8,9,10,5,5,5,3,5,5,5,5,5,5,5,5,5,5,2,2,5,5,5,5,4,4,4,4,4,4,4,4,3,3,3,3,3,3,3,3","0.000541210174560547","louvain","edit-xhwikibooks.graphml"
"0.3","0.42","0.28","0.415382863187219","1,1,1,1,2,3,2,3,3,3,2,2,3,3,3,3,3,2,4,2,5,1,3,3,3,3,3,3,1,3,2,4,2,2,4,4,3,3,5,5,5,5,1,1,1,1,5,1,1,1,5,5,5,5,5,1,1,1,1,5,6,5,5,3,3,5,5,5,5,5,1,5,3,3,5,5,5,5,5,5,5,3,3,3,3,7,5,5,5,5,8,9,10,5,5,5,3,5,5,5,5,5,5,5,5,5,5,2,2,5,5,5,5,4,4,4,4,4,4,4,4,3,3,3,3,3,3,3,3","0.000498056411743164","louvain","edit-xhwikibooks.graphml"
"0.29","0.43","0.28","0.417585381872772","1,1,1,1,2,3,2,3,3,3,2,2,3,3,3,3,3,2,4,2,5,1,3,3,3,3,3,3,1,3,2,4,2,2,4,4,3,3,5,5,5,5,1,1,1,1,5,1,1,1,5,5,5,5,5,1,1,1,1,5,6,5,5,3,3,5,5,5,5,5,1,5,3,3,5,5,5,5,5,5,5,3,3,3,3,7,5,5,5,5,8,9,10,5,5,5,3,5,5,5,5,5,5,5,5,5,5,2,2,5,5,5,5,4,4,4,4,4,4,4,4,3,3,3,3,3,3,3,3","0.000558853149414062","louvain","edit-xhwikibooks.graphml"
"0.28","0.44","0.28","0.418193917632225","1,2,1,1,1,3,1,3,3,3,1,1,3,3,3,3,3,1,4,1,5,2,3,3,3,3,3,3,2,3,1,4,1,1,4,4,3,3,5,5,5,5,2,2,2,2,5,2,2,2,5,5,5,5,5,2,2,2,2,5,6,5,5,3,3,5,5,5,5,5,2,5,3,3,5,5,5,5,5,5,5,3,3,3,3,7,5,5,5,5,8,9,10,5,5,5,3,5,5,5,5,5,5,5,5,5,5,1,1,5,5,5,5,4,4,4,4,4,4,4,4,3,3,3,3,3,3,3,3","0.000577926635742188","louvain","edit-xhwikibooks.graphml"
"0.27","0.45","0.28","0.420737444686472","1,2,1,1,1,3,1,3,3,3,1,1,3,3,3,3,3,1,4,1,5,2,3,3,3,3,3,3,2,3,1,4,1,1,4,4,3,3,5,5,5,5,2,2,2,2,5,2,2,2,5,5,5,5,5,2,2,2,2,5,6,5,5,3,3,5,5,5,5,5,2,5,3,3,5,5,5,5,5,5,5,3,3,3,3,7,5,5,5,5,8,9,10,5,5,5,3,5,5,5,5,5,5,5,5,5,5,1,1,5,5,5,5,4,4,4,4,4,4,4,4,3,3,3,3,3,3,3,3","0.000586032867431641","louvain","edit-xhwikibooks.graphml"
"0.26","0.46","0.28","0.420368026859504","1,2,1,1,1,3,1,3,3,3,1,1,3,3,3,3,3,1,4,1,5,2,3,3,3,3,3,3,2,3,1,4,1,1,4,4,3,3,5,5,5,5,2,2,2,2,5,2,2,2,5,5,5,5,5,2,2,2,2,5,6,5,5,3,3,5,5,5,5,5,2,5,3,3,5,5,5,5,5,5,5,3,3,3,3,7,5,5,5,5,8,9,10,5,5,5,3,5,5,5,5,5,5,5,5,5,5,1,1,5,5,5,5,4,4,4,4,4,4,4,4,3,3,3,3,3,3,3,3","0.000589847564697266","louvain","edit-xhwikibooks.graphml"
"0.25","0.47","0.28","0.421500178442359","1,2,1,1,1,3,1,3,3,3,1,1,3,3,3,3,3,1,4,1,5,2,3,3,3,3,3,3,2,3,1,4,1,1,4,4,3,3,5,5,5,5,2,2,2,2,5,2,2,2,5,5,5,5,5,2,2,2,2,5,6,5,5,3,3,5,5,5,5,5,2,5,3,3,5,5,5,5,5,5,5,3,3,3,3,7,5,5,5,5,8,9,10,5,5,5,3,5,5,5,5,5,5,5,5,5,5,1,1,5,5,5,5,4,4,4,4,4,4,4,4,3,3,3,3,3,3,3,3","0.000753879547119141","louvain","edit-xhwikibooks.graphml"
"0.24","0.48","0.28","0.421258374854099","1,1,1,1,2,3,2,3,3,3,2,2,3,3,3,3,3,2,4,2,5,1,3,3,3,3,3,3,1,3,2,4,2,2,4,4,3,3,5,5,5,5,1,1,1,1,5,1,1,1,5,5,5,5,5,1,1,1,1,5,6,5,5,3,3,5,5,5,5,5,1,5,3,3,5,5,5,5,5,5,5,3,3,3,3,7,5,5,5,5,8,9,10,5,5,5,3,5,5,5,5,5,5,5,5,5,5,2,2,5,5,5,5,4,4,4,4,4,4,4,4,3,3,3,3,3,3,3,3","0.000548124313354492","louvain","edit-xhwikibooks.graphml"
"0.23","0.49","0.28","0.420148654724986","1,1,1,1,2,3,2,3,3,3,2,2,3,3,3,3,3,2,4,2,5,1,3,3,3,3,3,3,1,3,2,4,2,2,4,4,3,3,5,5,5,5,1,1,1,1,5,1,1,1,5,5,5,5,5,1,1,1,1,5,6,5,5,3,3,5,5,5,5,5,1,5,3,3,5,5,5,5,5,5,5,3,3,3,3,7,5,5,5,5,8,9,10,5,5,5,3,5,5,5,5,5,5,5,5,5,5,2,2,5,5,5,5,4,4,4,4,4,4,4,4,3,3,3,3,3,3,3,3","0.000519990921020508","louvain","edit-xhwikibooks.graphml"
"0.22","0.5","0.28","0.463770414565539","1,2,1,1,1,3,1,4,4,3,1,1,4,4,4,3,3,1,5,1,6,2,4,4,4,4,4,3,2,3,1,5,1,1,5,5,4,4,6,6,6,6,2,2,2,2,6,2,2,2,6,6,6,6,6,2,2,2,2,6,7,6,6,4,4,6,6,6,6,6,2,6,4,4,6,6,6,6,6,6,6,4,3,3,3,8,6,6,6,6,9,10,11,6,6,6,3,6,6,6,6,6,6,6,6,6,6,1,1,6,6,6,6,5,5,5,5,5,5,5,5,4,4,4,4,4,4,4,4","0.000535964965820312","louvain","edit-xhwikibooks.graphml"
"0.21","0.51","0.28","0.463068354099707","1,2,1,1,1,3,1,3,3,3,1,1,3,3,3,3,3,1,4,1,5,2,3,3,3,3,3,3,2,3,1,4,1,1,4,4,3,3,5,5,5,5,2,2,2,2,5,2,2,2,5,5,5,5,5,2,2,2,2,5,6,5,5,3,3,5,5,5,5,5,2,5,3,3,5,5,5,5,5,5,5,3,3,3,3,7,5,5,5,5,8,9,10,5,5,5,3,5,5,5,5,5,5,5,5,5,5,1,1,5,5,5,5,4,4,4,4,4,4,4,4,3,3,3,3,3,3,3,3","0.000514030456542969","louvain","edit-xhwikibooks.graphml"
"0.2","0.52","0.28","0.463770414565539","1,2,1,1,1,3,1,4,4,3,1,1,4,4,4,3,3,1,5,1,6,2,4,4,4,4,4,3,2,3,1,5,1,1,5,5,4,4,6,6,6,6,2,2,2,2,6,2,2,2,6,6,6,6,6,2,2,2,2,6,7,6,6,4,4,6,6,6,6,6,2,6,4,4,6,6,6,6,6,6,6,4,3,3,3,8,6,6,6,6,9,10,11,6,6,6,3,6,6,6,6,6,6,6,6,6,6,1,1,6,6,6,6,5,5,5,5,5,5,5,5,4,4,4,4,4,4,4,4","0.000706911087036133","louvain","edit-xhwikibooks.graphml"
"0.19","0.53","0.28","0.462092816591951","1,2,1,1,1,3,1,3,3,4,1,1,3,3,3,3,4,1,5,1,6,2,3,3,3,3,3,7,2,4,1,5,1,1,5,5,3,3,6,6,6,6,2,2,2,2,6,2,2,2,6,6,6,6,6,2,2,2,2,6,8,6,6,3,3,6,6,6,6,6,2,6,3,3,6,6,6,6,6,6,6,3,7,7,7,9,6,6,6,6,10,11,12,6,6,6,3,6,6,6,6,6,6,6,6,6,6,1,1,6,6,6,6,5,5,5,5,5,5,5,5,3,3,3,3,3,3,3,3","0.000921964645385742","louvain","edit-xhwikibooks.graphml"
"0.18","0.54","0.28","0.462977509196129","1,2,1,1,1,3,1,3,3,4,1,1,3,3,3,3,4,1,5,1,6,2,3,3,3,3,3,3,2,4,1,5,1,1,5,5,3,3,6,6,6,6,2,2,2,2,6,2,2,2,6,6,6,6,6,2,2,2,2,6,7,6,6,3,3,6,6,6,6,6,2,6,3,3,6,6,6,6,6,6,6,3,3,3,3,8,6,6,6,6,9,10,11,6,6,6,3,6,6,6,6,6,6,6,6,6,6,1,1,6,6,6,6,5,5,5,5,5,5,5,5,3,3,3,3,3,3,3,3","0.000514984130859375","louvain","edit-xhwikibooks.graphml"
"0.17","0.55","0.28","0.464060224253541","1,2,1,1,1,3,1,4,4,3,1,1,4,4,4,3,3,1,5,1,6,2,4,4,4,4,4,3,2,3,1,5,1,1,5,5,4,4,6,6,6,6,2,2,2,2,6,2,2,2,6,6,6,6,6,2,2,2,2,6,7,6,6,4,4,6,6,6,6,6,2,6,4,4,6,6,6,6,6,6,6,4,3,3,3,8,6,6,6,6,9,10,11,6,6,6,3,6,6,6,6,6,6,6,6,6,6,1,1,6,6,6,6,5,5,5,5,5,5,5,5,4,4,4,4,4,4,4,4","0.000512123107910156","louvain","edit-xhwikibooks.graphml"
"0.16","0.56","0.28","0.465541250702327","1,1,1,1,2,3,2,3,3,4,2,2,3,3,3,3,4,2,5,2,6,1,3,3,3,3,3,3,1,4,2,5,2,2,5,5,3,3,6,6,6,6,1,1,1,1,6,1,1,1,6,6,6,6,6,1,1,1,1,6,7,6,6,3,3,6,6,6,6,6,1,6,3,3,6,6,6,6,6,6,6,3,3,3,3,8,6,6,6,6,9,10,11,6,6,6,3,6,6,6,6,6,6,6,6,6,6,2,2,6,6,6,6,5,5,5,5,5,5,5,5,3,3,3,3,3,3,3,3","0.000498056411743164","louvain","edit-xhwikibooks.graphml"
"0.15","0.57","0.28","0.457623599550162","1,1,1,1,2,3,2,3,3,3,2,2,3,3,3,3,4,2,5,2,6,1,3,3,3,3,3,7,1,8,9,5,2,2,5,5,3,3,6,6,6,6,1,1,1,1,6,1,1,1,6,6,6,6,6,1,1,1,1,6,10,6,6,11,12,6,6,6,6,6,1,6,3,3,6,6,6,6,6,6,6,13,7,7,7,14,6,6,6,6,15,16,17,6,6,6,18,6,6,6,6,6,6,6,6,6,6,19,20,6,6,6,6,5,5,5,5,5,5,5,5,3,3,3,3,3,3,3,3","0.00051116943359375","louvain","edit-xhwikibooks.graphml"
"0.14","0.58","0.28","0.460536449963477","1,2,1,1,1,3,1,3,3,3,1,1,3,3,3,3,4,1,5,1,6,2,3,3,3,3,3,7,2,8,9,5,1,1,5,5,3,3,6,6,6,6,2,2,2,2,6,2,2,2,6,6,6,6,6,2,2,2,2,6,10,6,6,11,12,6,6,6,6,6,2,6,3,3,6,6,6,6,6,6,6,13,7,7,7,14,6,6,6,6,15,16,17,6,6,6,18,6,6,6,6,6,6,6,6,6,6,19,20,6,6,6,6,5,5,5,5,5,5,5,5,3,3,3,3,3,3,3,3","0.000501155853271484","louvain","edit-xhwikibooks.graphml"
"0.13","0.59","0.28","0.46016389963101","1,2,1,1,1,3,1,3,3,3,1,1,3,3,3,3,4,1,5,1,6,2,3,3,3,3,3,7,2,8,9,5,1,1,5,5,3,3,6,6,6,6,2,2,2,2,6,2,2,2,6,6,6,6,6,2,2,2,2,6,10,6,6,11,12,6,6,6,6,6,2,6,3,3,6,6,6,6,6,6,6,13,7,7,7,14,6,6,6,6,15,16,17,6,6,6,18,6,6,6,6,6,6,6,6,6,6,19,20,6,6,6,6,5,5,5,5,5,5,5,5,3,3,3,3,3,3,3,3","0.00050806999206543","louvain","edit-xhwikibooks.graphml"
"0.12","0.6","0.28","0.461998248922414","1,2,1,1,1,3,1,3,3,3,1,1,3,3,3,3,4,1,5,1,6,2,3,3,3,3,3,7,2,8,9,5,1,1,5,5,3,3,6,6,6,6,2,2,2,2,6,2,2,2,6,6,6,6,6,2,2,2,2,6,10,6,6,11,12,6,6,6,6,6,2,6,3,3,6,6,6,6,6,6,6,13,7,7,7,14,6,6,6,6,15,16,17,6,6,6,18,6,6,6,6,6,6,6,6,6,6,19,20,6,6,6,6,5,5,5,5,5,5,5,5,3,3,3,3,3,3,3,3","0.000557184219360352","louvain","edit-xhwikibooks.graphml"
"0.11","0.61","0.28","0.461504725731454","1,2,1,1,1,3,1,3,3,3,1,1,3,3,3,3,4,1,5,1,6,2,3,3,3,3,3,3,2,7,8,5,1,1,5,5,3,3,6,6,6,6,2,2,2,2,6,2,2,2,6,6,6,6,6,2,2,2,2,6,9,6,6,10,11,6,6,6,6,6,2,6,3,3,6,6,6,6,6,6,6,12,3,3,3,13,6,6,6,6,14,15,16,6,6,6,17,6,6,6,6,6,6,6,6,6,6,18,19,6,6,6,6,5,5,5,5,5,5,5,5,3,3,3,3,3,3,3,3","0.000550031661987305","louvain","edit-xhwikibooks.graphml"
"0.1","0.62","0.28","0.462612440744595","1,2,1,1,1,3,1,3,3,3,1,1,3,3,3,3,4,1,5,1,6,2,3,3,3,3,3,7,2,8,9,5,1,1,5,5,3,3,6,6,6,6,2,2,2,2,6,2,2,2,6,6,6,6,6,2,2,2,2,6,10,6,6,11,12,6,6,6,6,6,2,6,3,3,6,6,6,6,6,6,6,13,7,7,7,14,6,6,6,6,15,16,17,6,6,6,18,6,6,6,6,6,6,6,6,6,6,19,20,6,6,6,6,5,5,5,5,5,5,5,5,3,3,3,3,3,3,3,3","0.000573158264160156","louvain","edit-xhwikibooks.graphml"
"0.09","0.63","0.28","0.462241032995255","1,2,1,1,1,3,1,3,3,3,1,1,3,3,3,3,4,1,5,1,6,2,3,3,3,3,3,7,2,8,9,5,1,1,5,5,3,3,6,6,6,6,2,2,2,2,6,2,2,2,6,6,6,6,6,2,2,2,2,6,10,6,6,11,12,6,6,6,6,6,2,6,3,3,6,6,6,6,6,6,6,13,7,7,7,14,6,6,6,6,15,16,17,6,6,6,18,6,6,6,6,6,6,6,6,6,6,19,20,6,6,6,6,5,5,5,5,5,5,5,5,3,3,3,3,3,3,3,3","0.000539064407348633","louvain","edit-xhwikibooks.graphml"
"0.08","0.64","0.28","0.462122199775947","1,2,1,1,1,3,1,3,3,3,1,1,3,3,3,3,4,1,5,1,6,2,3,3,3,3,3,3,2,7,8,5,1,1,5,5,3,3,6,6,6,6,2,2,2,2,6,2,2,2,6,6,6,6,6,2,2,2,2,6,9,6,6,10,11,6,6,6,6,6,2,6,3,3,6,6,6,6,6,6,6,12,3,3,3,13,6,6,6,6,14,15,16,6,6,6,17,6,6,6,6,6,6,6,6,6,6,18,19,6,6,6,6,5,5,5,5,5,5,5,5,3,3,3,3,3,3,3,3","0.000497817993164062","louvain","edit-xhwikibooks.graphml"
"0.07","0.65","0.28","0.461870153253882","1,2,1,1,1,3,1,3,3,3,1,1,3,3,3,3,4,1,5,1,6,2,3,3,3,3,3,7,2,8,9,5,1,1,5,5,3,3,6,6,6,6,2,2,2,2,6,2,2,2,6,6,6,6,6,2,2,2,2,6,10,6,6,11,12,6,6,6,6,6,2,6,3,3,6,6,6,6,6,6,6,13,7,7,7,14,6,6,6,6,15,16,17,6,6,6,18,6,6,6,6,6,6,6,6,6,6,19,20,6,6,6,6,5,5,5,5,5,5,5,5,3,3,3,3,3,3,3,3","0.000550985336303711","louvain","edit-xhwikibooks.graphml"
"0.06","0.66","0.28","0.461752726150786","1,2,1,1,1,3,1,3,3,3,1,1,3,3,3,3,4,1,5,1,6,2,3,3,3,3,3,3,2,7,8,5,1,1,5,5,3,3,6,6,6,6,2,2,2,2,6,2,2,2,6,6,6,6,6,2,2,2,2,6,9,6,6,10,11,6,6,6,6,6,2,6,3,3,6,6,6,6,6,6,6,12,3,3,3,13,6,6,6,6,14,15,16,6,6,6,17,6,6,6,6,6,6,6,6,6,6,18,19,6,6,6,6,5,5,5,5,5,5,5,5,3,3,3,3,3,3,3,3","0.000494003295898438","louvain","edit-xhwikibooks.graphml"
"0.05","0.67","0.28","0.474633394624719","1,2,1,1,3,1,3,4,4,1,3,3,4,4,4,1,5,3,6,3,7,2,4,4,4,4,4,1,2,8,9,6,3,3,6,6,4,4,7,7,7,7,2,2,2,2,7,2,2,2,7,7,7,7,7,2,2,2,2,7,10,7,7,11,12,7,7,7,7,7,2,7,4,4,7,7,7,7,7,7,7,13,1,1,1,14,7,7,7,7,15,16,17,7,7,7,18,7,7,7,7,7,7,7,7,7,7,19,20,7,7,7,7,6,6,6,6,6,6,6,6,4,4,4,4,4,4,4,4","0.000612974166870117","louvain","edit-xhwikibooks.graphml"
"0.04","0.68","0.28","0.474633394624719","1,2,1,1,3,1,3,4,4,1,3,3,4,4,4,1,5,3,6,3,7,2,4,4,4,4,4,1,2,8,9,6,3,3,6,6,4,4,7,7,7,7,2,2,2,2,7,2,2,2,7,7,7,7,7,2,2,2,2,7,10,7,7,11,12,7,7,7,7,7,2,7,4,4,7,7,7,7,7,7,7,13,1,1,1,14,7,7,7,7,15,16,17,7,7,7,18,7,7,7,7,7,7,7,7,7,7,19,20,7,7,7,7,6,6,6,6,6,6,6,6,4,4,4,4,4,4,4,4","0.000625848770141602","louvain","edit-xhwikibooks.graphml"
"0.03","0.69","0.28","0.472181069958848","1,1,1,1,2,3,2,3,3,3,2,2,3,3,3,4,5,2,6,2,7,1,3,3,3,3,3,4,1,8,9,6,2,2,6,6,3,3,7,7,7,7,1,1,1,1,7,1,1,1,7,7,7,7,7,1,1,1,1,7,10,7,7,11,12,7,7,7,7,7,1,7,3,3,7,7,7,7,7,7,7,13,4,4,4,14,7,7,7,7,15,16,17,7,7,7,18,7,7,7,7,7,7,7,7,7,7,19,20,7,7,7,7,6,6,6,6,6,6,6,6,3,3,3,3,3,3,3,3","0.000828027725219727","louvain","edit-xhwikibooks.graphml"
"0.02","0.7","0.28","0.473105297033465","1,1,1,1,2,3,2,3,3,3,2,2,3,3,3,4,5,2,6,2,7,1,3,3,3,3,3,4,1,8,9,6,2,2,6,6,3,3,7,7,7,7,1,1,1,1,7,1,1,1,7,7,7,7,7,1,1,1,1,7,10,7,7,11,12,7,7,7,7,7,1,7,3,3,7,7,7,7,7,7,7,13,4,4,4,14,7,7,7,7,15,16,17,7,7,7,18,7,7,7,7,7,7,7,7,7,7,19,20,7,7,7,7,6,6,6,6,6,6,6,6,3,3,3,3,3,3,3,3","0.0010380744934082","louvain","edit-xhwikibooks.graphml"
"0.01","0.71","0.28","0.472735554616423","1,1,1,1,2,3,2,3,3,3,2,2,3,3,3,4,5,2,6,2,7,1,3,3,3,3,3,4,1,8,9,6,2,2,6,6,3,3,7,7,7,7,1,1,1,1,7,1,1,1,7,7,7,7,7,1,1,1,1,7,10,7,7,11,12,7,7,7,7,7,1,7,3,3,7,7,7,7,7,7,7,13,4,4,4,14,7,7,7,7,15,16,17,7,7,7,18,7,7,7,7,7,7,7,7,7,7,19,20,7,7,7,7,6,6,6,6,6,6,6,6,3,3,3,3,3,3,3,3","0.000973939895629883","louvain","edit-xhwikibooks.graphml"
"0","0.72","0.28","0.477770872358677","1,1,1,1,1,2,3,2,2,2,3,3,2,2,2,4,5,3,6,3,7,1,2,2,2,2,2,4,1,8,9,6,3,3,6,6,2,2,7,7,7,7,1,1,1,1,7,1,1,1,7,7,7,7,7,1,1,1,1,7,10,7,7,11,12,7,7,7,7,7,1,7,2,2,7,7,7,7,7,7,7,13,4,4,4,14,7,7,7,7,15,16,17,7,7,7,18,7,7,7,7,7,7,7,7,7,7,19,20,7,7,7,7,6,6,6,6,6,6,6,6,2,2,2,2,2,2,2,2","0.00135397911071777","louvain","edit-xhwikibooks.graphml"
"0.71","0","0.29","0.422946426782011","1,1,1,2,3,2,3,2,2,2,3,3,2,2,2,2,2,3,3,3,4,1,2,2,2,2,2,2,1,2,3,3,3,3,3,3,2,2,4,4,4,4,1,1,1,1,4,1,1,1,4,4,4,4,4,1,1,1,1,4,2,4,4,2,2,4,4,4,4,4,1,4,2,2,4,4,4,4,4,4,4,2,2,2,2,1,4,4,4,4,2,3,3,4,4,4,2,4,4,4,4,4,4,4,4,4,4,3,3,4,4,4,4,3,3,3,3,3,3,3,3,2,2,2,2,2,2,2,2","0.00113487243652344","louvain","edit-xhwikibooks.graphml"
"0.7","0.01","0.29","0.423303636584414","1,1,1,2,3,2,3,2,2,2,3,3,2,2,2,2,2,3,4,3,5,1,2,2,2,2,2,2,1,2,3,4,3,3,4,4,2,2,5,5,5,5,1,1,1,1,5,1,1,1,5,5,5,5,5,1,1,1,1,5,2,5,5,2,2,5,5,5,5,5,1,5,2,2,5,5,5,5,5,5,5,2,2,2,2,1,5,5,5,5,2,3,4,5,5,5,2,5,5,5,5,5,5,5,5,5,5,3,3,5,5,5,5,4,4,4,4,4,4,4,4,2,2,2,2,2,2,2,2","0.0010380744934082","louvain","edit-xhwikibooks.graphml"
"0.69","0.02","0.29","0.42317277754789","1,1,1,2,3,2,3,2,2,2,3,4,2,2,2,2,2,3,3,4,5,1,2,2,2,2,2,2,1,2,3,3,4,4,3,3,2,2,5,5,5,5,1,1,1,1,5,1,1,1,5,5,5,5,5,1,1,1,1,5,2,5,5,2,2,5,5,5,5,5,1,5,2,2,5,5,5,5,5,5,5,2,2,2,2,1,5,5,5,5,2,3,3,5,5,5,2,5,5,5,5,5,5,5,5,5,5,4,4,5,5,5,5,3,3,3,3,3,3,3,3,2,2,2,2,2,2,2,2","0.00108885765075684","louvain","edit-xhwikibooks.graphml"
"0.68","0.03","0.29","0.42259882552783","1,1,1,2,3,2,3,2,2,2,3,3,2,2,2,2,2,3,3,3,4,1,2,2,2,2,2,2,1,2,3,3,3,3,3,3,2,2,4,4,4,4,1,1,1,1,4,1,1,1,4,4,4,4,4,1,1,1,1,4,2,4,4,2,2,4,4,4,4,4,1,4,2,2,4,4,4,4,4,4,4,2,2,2,2,1,4,4,4,4,2,3,3,4,4,4,2,4,4,4,4,4,4,4,4,4,4,3,3,4,4,4,4,3,3,3,3,3,3,3,3,2,2,2,2,2,2,2,2","0.000948190689086914","louvain","edit-xhwikibooks.graphml"
"0.67","0.04","0.29","0.420007618152562","1,1,1,2,3,2,3,2,2,2,3,3,2,2,2,2,2,3,4,3,5,1,2,2,2,2,2,2,1,2,3,4,3,3,4,4,2,2,5,5,5,5,1,1,1,1,5,1,1,1,5,5,5,5,5,1,1,1,1,5,2,5,5,2,2,5,5,5,5,5,1,5,2,2,5,5,5,5,5,5,5,2,2,2,2,1,5,5,5,5,2,3,4,5,5,5,2,5,5,5,5,5,5,5,5,5,5,3,3,5,5,5,5,4,4,4,4,4,4,4,4,2,2,2,2,2,2,2,2","0.000998973846435547","louvain","edit-xhwikibooks.graphml"
"0.66","0.05","0.29","0.419348632011187","1,1,1,2,3,2,3,2,2,2,3,3,2,2,2,2,2,3,3,4,5,1,2,2,2,2,2,2,1,2,3,3,4,4,3,3,2,2,5,5,5,5,1,1,1,1,5,1,1,1,5,5,5,5,5,1,1,1,1,5,2,5,5,2,2,5,5,5,5,5,1,5,2,2,5,5,5,5,5,5,5,2,2,2,2,1,5,5,5,5,2,3,3,5,5,5,2,5,5,5,5,5,5,5,5,5,5,4,4,5,5,5,5,3,3,3,3,3,3,3,3,2,2,2,2,2,2,2,2","0.000961065292358398","louvain","edit-xhwikibooks.graphml"
"0.65","0.06","0.29","0.419348632011187","1,1,1,2,3,2,3,2,2,2,3,3,2,2,2,2,2,3,3,4,5,1,2,2,2,2,2,2,1,2,3,3,4,4,3,3,2,2,5,5,5,5,1,1,1,1,5,1,1,1,5,5,5,5,5,1,1,1,1,5,2,5,5,2,2,5,5,5,5,5,1,5,2,2,5,5,5,5,5,5,5,2,2,2,2,1,5,5,5,5,2,3,3,5,5,5,2,5,5,5,5,5,5,5,5,5,5,4,4,5,5,5,5,3,3,3,3,3,3,3,3,2,2,2,2,2,2,2,2","0.000958919525146484","louvain","edit-xhwikibooks.graphml"
"0.64","0.07","0.29","0.411635389511846","1,1,1,2,3,2,3,2,2,2,3,3,2,2,2,2,2,3,3,3,4,1,2,2,2,2,2,2,1,2,3,3,3,3,3,3,2,2,4,4,4,4,1,1,1,1,4,1,1,1,4,4,4,4,4,1,1,1,1,4,2,4,4,2,2,4,4,4,4,4,1,4,2,2,4,4,4,4,4,4,4,2,2,2,2,1,4,4,4,4,2,3,3,4,4,4,2,4,4,4,4,4,4,4,4,4,4,3,3,4,4,4,4,3,3,3,3,3,3,3,3,2,2,2,2,2,2,2,2","0.00103497505187988","louvain","edit-xhwikibooks.graphml"
"0.63","0.08","0.29","0.412719835862274","1,1,1,2,3,2,3,2,2,2,3,3,2,2,2,2,2,3,3,3,4,1,2,2,2,2,2,2,1,2,3,3,3,3,3,3,2,2,4,4,4,4,1,1,1,1,4,1,1,1,4,4,4,4,4,1,1,1,1,4,2,4,4,2,2,4,4,4,4,4,1,4,2,2,4,4,4,4,4,4,4,2,2,2,2,1,4,4,4,4,2,3,3,4,4,4,2,4,4,4,4,4,4,4,4,4,4,3,3,4,4,4,4,3,3,3,3,3,3,3,3,2,2,2,2,2,2,2,2","0.00077509880065918","louvain","edit-xhwikibooks.graphml"
"0.62","0.09","0.29","0.412373615216937","1,1,1,2,3,2,3,2,2,2,3,3,2,2,2,2,2,3,3,3,4,1,2,2,2,2,2,2,1,2,3,3,3,3,3,3,2,2,4,4,4,4,1,1,1,1,4,1,1,1,4,4,4,4,4,1,1,1,1,4,2,4,4,2,2,4,4,4,4,4,1,4,2,2,4,4,4,4,4,4,4,2,2,2,2,1,4,4,4,4,2,3,3,4,4,4,2,4,4,4,4,4,4,4,4,4,4,3,3,4,4,4,4,3,3,3,3,3,3,3,3,2,2,2,2,2,2,2,2","0.000752925872802734","louvain","edit-xhwikibooks.graphml"
"0.61","0.1","0.29","0.412534862193556","1,1,1,2,3,2,3,2,2,2,3,3,2,2,2,2,2,3,4,3,5,1,2,2,2,2,2,2,1,2,3,4,3,3,4,4,2,2,5,5,5,5,1,1,1,1,5,1,1,1,5,5,5,5,5,1,1,1,1,5,2,5,5,2,2,5,5,5,5,5,1,5,2,2,5,5,5,5,5,5,5,2,2,2,2,1,5,5,5,5,2,3,4,5,5,5,2,5,5,5,5,5,5,5,5,5,5,3,3,5,5,5,5,4,4,4,4,4,4,4,4,2,2,2,2,2,2,2,2","0.000935792922973633","louvain","edit-xhwikibooks.graphml"
"0.6","0.11","0.29","0.41218643332507","1,1,1,2,3,2,3,2,2,2,3,3,2,2,2,2,2,3,4,3,5,1,2,2,2,2,2,2,1,2,3,4,3,3,4,4,2,2,5,5,5,5,1,1,1,1,5,1,1,1,5,5,5,5,5,1,1,1,1,5,2,5,5,2,2,5,5,5,5,5,1,5,2,2,5,5,5,5,5,5,5,2,2,2,2,1,5,5,5,5,2,3,4,5,5,5,2,5,5,5,5,5,5,5,5,5,5,3,3,5,5,5,5,4,4,4,4,4,4,4,4,2,2,2,2,2,2,2,2","0.0010828971862793","louvain","edit-xhwikibooks.graphml"
"0.59","0.12","0.29","0.414304683383884","1,1,1,2,3,2,3,2,2,2,3,3,2,2,2,2,2,3,4,3,5,1,2,2,2,2,2,2,1,2,3,4,3,3,4,4,2,2,5,5,5,5,1,1,1,1,5,1,1,1,5,5,5,5,5,1,1,1,1,5,2,5,5,2,2,5,5,5,5,5,1,5,2,2,5,5,5,5,5,5,5,2,2,2,2,1,5,5,5,5,2,3,4,5,5,5,2,5,5,5,5,5,5,5,5,5,5,3,3,5,5,5,5,4,4,4,4,4,4,4,4,2,2,2,2,2,2,2,2","0.000623941421508789","louvain","edit-xhwikibooks.graphml"
"0.58","0.13","0.29","0.413956481533009","1,1,1,2,3,2,3,2,2,2,3,3,2,2,2,2,2,3,4,3,5,1,2,2,2,2,2,2,1,2,3,4,3,3,4,4,2,2,5,5,5,5,1,1,1,1,5,1,1,1,5,5,5,5,5,1,1,1,1,5,2,5,5,2,2,5,5,5,5,5,1,5,2,2,5,5,5,5,5,5,5,2,2,2,2,1,5,5,5,5,2,3,4,5,5,5,2,5,5,5,5,5,5,5,5,5,5,3,3,5,5,5,5,4,4,4,4,4,4,4,4,2,2,2,2,2,2,2,2","0.000926971435546875","louvain","edit-xhwikibooks.graphml"
"0.57","0.14","0.29","0.413956481533009","1,1,1,2,3,2,3,2,2,2,3,3,2,2,2,2,2,3,4,3,5,1,2,2,2,2,2,2,1,2,3,4,3,3,4,4,2,2,5,5,5,5,1,1,1,1,5,1,1,1,5,5,5,5,5,1,1,1,1,5,2,5,5,2,2,5,5,5,5,5,1,5,2,2,5,5,5,5,5,5,5,2,2,2,2,1,5,5,5,5,2,3,4,5,5,5,2,5,5,5,5,5,5,5,5,5,5,3,3,5,5,5,5,4,4,4,4,4,4,4,4,2,2,2,2,2,2,2,2","0.00101613998413086","louvain","edit-xhwikibooks.graphml"
"0.56","0.15","0.29","0.416561121877527","1,1,1,2,3,2,3,2,2,2,3,3,2,2,2,2,2,3,3,3,4,1,2,2,2,2,2,2,1,2,3,3,3,3,3,3,2,2,4,4,4,4,1,1,1,1,4,1,1,1,4,4,4,4,4,1,1,1,1,4,2,4,4,2,2,4,4,4,4,4,1,4,2,2,4,4,4,4,4,4,4,2,2,2,2,1,4,4,4,4,2,3,3,4,4,4,2,4,4,4,4,4,4,4,4,4,4,3,3,4,4,4,4,3,3,3,3,3,3,3,3,2,2,2,2,2,2,2,2","0.00102901458740234","louvain","edit-xhwikibooks.graphml"
"0.55","0.16","0.29","0.417620663968067","1,1,1,2,3,2,3,2,2,2,3,3,2,2,2,2,2,3,3,3,4,1,2,2,2,2,2,2,1,2,3,3,3,3,3,3,2,2,4,4,4,4,1,1,1,1,4,1,1,1,4,4,4,4,4,1,1,1,1,4,2,4,4,2,2,4,4,4,4,4,1,4,2,2,4,4,4,4,4,4,4,2,2,2,2,1,4,4,4,4,2,3,3,4,4,4,2,4,4,4,4,4,4,4,4,4,4,3,3,4,4,4,4,3,3,3,3,3,3,3,3,2,2,2,2,2,2,2,2","0.00061798095703125","louvain","edit-xhwikibooks.graphml"
"0.54","0.17","0.29","0.41610098963646","1,1,1,2,3,2,3,2,2,2,3,3,2,2,2,2,2,3,4,3,5,1,2,2,2,2,2,2,1,2,3,4,3,3,4,4,2,2,5,5,5,5,1,1,1,1,5,1,1,1,5,5,5,5,5,1,1,1,1,5,2,5,5,2,2,5,5,5,5,5,1,5,2,2,5,5,5,5,5,5,5,2,2,2,2,1,5,5,5,5,2,3,4,5,5,5,2,5,5,5,5,5,5,5,5,5,5,3,3,5,5,5,5,4,4,4,4,4,4,4,4,2,2,2,2,2,2,2,2","0.000829935073852539","louvain","edit-xhwikibooks.graphml"
"0.53","0.18","0.29","0.41610098963646","1,1,1,2,3,2,3,2,2,2,3,3,2,2,2,2,2,3,4,3,5,1,2,2,2,2,2,2,1,2,3,4,3,3,4,4,2,2,5,5,5,5,1,1,1,1,5,1,1,1,5,5,5,5,5,1,1,1,1,5,2,5,5,2,2,5,5,5,5,5,1,5,2,2,5,5,5,5,5,5,5,2,2,2,2,1,5,5,5,5,2,3,4,5,5,5,2,5,5,5,5,5,5,5,5,5,5,3,3,5,5,5,5,4,4,4,4,4,4,4,4,2,2,2,2,2,2,2,2","0.000598907470703125","louvain","edit-xhwikibooks.graphml"
"0.52","0.19","0.29","0.414737026207583","1,1,1,2,3,2,3,2,2,2,3,3,2,2,2,2,2,3,4,3,5,1,2,2,2,2,2,2,1,2,3,4,3,3,4,4,2,2,5,5,5,5,1,1,1,1,5,1,1,1,5,5,5,5,5,1,1,1,1,5,2,5,5,2,2,5,5,5,5,5,1,5,2,2,5,5,5,5,5,5,5,2,2,2,2,1,5,5,5,5,2,3,4,5,5,5,2,5,5,5,5,5,5,5,5,5,5,3,3,5,5,5,5,4,4,4,4,4,4,4,4,2,2,2,2,2,2,2,2","0.000871896743774414","louvain","edit-xhwikibooks.graphml"
"0.51","0.2","0.29","0.416764937910884","1,1,1,2,3,2,3,2,2,2,3,3,2,2,2,2,2,3,4,3,5,1,2,2,2,2,2,2,1,2,3,4,3,3,4,4,2,2,5,5,5,5,1,1,1,1,5,1,1,1,5,5,5,5,5,1,1,1,1,5,2,5,5,2,2,5,5,5,5,5,1,5,2,2,5,5,5,5,5,5,5,2,2,2,2,1,5,5,5,5,2,3,4,5,5,5,2,5,5,5,5,5,5,5,5,5,5,3,3,5,5,5,5,4,4,4,4,4,4,4,4,2,2,2,2,2,2,2,2","0.00113391876220703","louvain","edit-xhwikibooks.graphml"
"0.5","0.21","0.29","0.416418068843909","1,1,1,2,3,2,3,2,2,2,3,3,2,2,2,2,2,3,4,3,5,1,2,2,2,2,2,2,1,2,3,4,3,3,4,4,2,2,5,5,5,5,1,1,1,1,5,1,1,1,5,5,5,5,5,1,1,1,1,5,2,5,5,2,2,5,5,5,5,5,1,5,2,2,5,5,5,5,5,5,5,2,2,2,2,1,5,5,5,5,2,3,4,5,5,5,2,5,5,5,5,5,5,5,5,5,5,3,3,5,5,5,5,4,4,4,4,4,4,4,4,2,2,2,2,2,2,2,2","0.000816106796264648","louvain","edit-xhwikibooks.graphml"
"0.49","0.22","0.29","0.416418068843909","1,1,1,2,3,2,3,2,2,2,3,3,2,2,2,2,2,3,4,3,5,1,2,2,2,2,2,2,1,2,3,4,3,3,4,4,2,2,5,5,5,5,1,1,1,1,5,1,1,1,5,5,5,5,5,1,1,1,1,5,2,5,5,2,2,5,5,5,5,5,1,5,2,2,5,5,5,5,5,5,5,2,2,2,2,1,5,5,5,5,2,3,4,5,5,5,2,5,5,5,5,5,5,5,5,5,5,3,3,5,5,5,5,4,4,4,4,4,4,4,4,2,2,2,2,2,2,2,2","0.000979185104370117","louvain","edit-xhwikibooks.graphml"
"0.48","0.23","0.29","0.418249538550312","1,1,1,2,3,2,3,2,2,2,3,3,2,2,2,2,2,3,4,3,5,1,2,2,2,2,2,2,1,2,3,4,3,3,4,4,6,2,5,5,5,5,1,1,1,1,5,1,1,1,5,5,5,5,5,1,1,1,1,5,2,5,5,2,2,5,5,5,5,5,1,5,2,2,5,5,5,5,5,5,5,2,2,2,2,1,5,5,5,5,2,3,4,5,5,5,2,5,5,5,5,5,5,5,5,5,5,3,3,5,5,5,5,4,4,4,4,4,4,4,4,6,6,6,6,6,6,6,6","0.0010838508605957","louvain","edit-xhwikibooks.graphml"
"0.47","0.24","0.29","0.420231759389266","1,1,1,2,3,2,3,2,2,2,3,3,2,2,2,2,2,3,4,3,5,1,2,2,2,2,2,2,1,2,3,4,3,3,4,4,2,2,5,5,5,5,1,1,1,1,5,1,1,1,5,5,5,5,5,1,1,1,1,5,2,5,5,2,2,5,5,5,5,5,1,5,2,2,5,5,5,5,5,5,5,2,2,2,2,1,5,5,5,5,2,3,4,5,5,5,2,5,5,5,5,5,5,5,5,5,5,3,3,5,5,5,5,4,4,4,4,4,4,4,4,2,2,2,2,2,2,2,2","0.00104093551635742","louvain","edit-xhwikibooks.graphml"
"0.46","0.25","0.29","0.422843661528783","1,1,1,2,3,2,3,2,2,2,3,3,2,2,2,2,2,3,4,3,5,1,2,2,2,2,2,2,1,2,3,4,3,3,4,4,2,2,5,5,5,5,1,1,1,1,5,1,1,1,5,5,5,5,5,1,1,1,1,5,2,5,5,2,2,5,5,5,5,5,1,5,2,2,5,5,5,5,5,5,5,2,2,2,2,1,5,5,5,5,2,3,4,5,5,5,2,5,5,5,5,5,5,5,5,5,5,3,3,5,5,5,5,4,4,4,4,4,4,4,4,2,2,2,2,2,2,2,2","0.000945091247558594","louvain","edit-xhwikibooks.graphml"
"0.45","0.26","0.29","0.422843661528783","1,1,1,2,3,2,3,2,2,2,3,3,2,2,2,2,2,3,4,3,5,1,2,2,2,2,2,2,1,2,3,4,3,3,4,4,2,2,5,5,5,5,1,1,1,1,5,1,1,1,5,5,5,5,5,1,1,1,1,5,2,5,5,2,2,5,5,5,5,5,1,5,2,2,5,5,5,5,5,5,5,2,2,2,2,1,5,5,5,5,2,3,4,5,5,5,2,5,5,5,5,5,5,5,5,5,5,3,3,5,5,5,5,4,4,4,4,4,4,4,4,2,2,2,2,2,2,2,2","0.000973939895629883","louvain","edit-xhwikibooks.graphml"
"0.44","0.27","0.29","0.422843661528783","1,1,1,2,3,2,3,2,2,2,3,3,2,2,2,2,2,3,4,3,5,1,2,2,2,2,2,2,1,2,3,4,3,3,4,4,2,2,5,5,5,5,1,1,1,1,5,1,1,1,5,5,5,5,5,1,1,1,1,5,2,5,5,2,2,5,5,5,5,5,1,5,2,2,5,5,5,5,5,5,5,2,2,2,2,1,5,5,5,5,2,3,4,5,5,5,2,5,5,5,5,5,5,5,5,5,5,3,3,5,5,5,5,4,4,4,4,4,4,4,4,2,2,2,2,2,2,2,2","0.000623941421508789","louvain","edit-xhwikibooks.graphml"
"0.43","0.28","0.29","0.422762459821755","1,1,1,2,3,2,3,2,2,2,3,3,2,2,2,2,2,3,4,3,5,1,2,2,2,2,2,2,1,2,3,4,3,3,4,4,6,2,5,5,5,5,1,1,1,1,5,1,1,1,5,5,5,5,5,1,1,1,1,5,2,5,5,2,2,5,5,5,5,5,1,5,2,2,5,5,5,5,5,5,5,2,2,2,2,1,5,5,5,5,2,3,4,5,5,5,2,5,5,5,5,5,5,5,5,5,5,3,3,5,5,5,5,4,4,4,4,4,4,4,4,6,6,6,6,6,6,6,6","0.000732183456420898","louvain","edit-xhwikibooks.graphml"
"0.42","0.29","0.29","0.424832697614577","1,1,1,2,3,2,3,2,2,2,3,3,2,2,2,2,2,3,4,3,5,1,2,2,2,2,2,2,1,2,3,4,3,3,4,4,6,2,5,5,5,5,1,1,1,1,5,1,1,1,5,5,5,5,5,1,1,1,1,5,2,5,5,2,2,5,5,5,5,5,1,5,2,2,5,5,5,5,5,5,5,2,2,2,2,1,5,5,5,5,2,3,4,5,5,5,2,5,5,5,5,5,5,5,5,5,5,3,3,5,5,5,5,4,4,4,4,4,4,4,4,6,6,6,6,6,6,6,6","0.000957012176513672","louvain","edit-xhwikibooks.graphml"
"0.41","0.3","0.29","0.419162016424487","1,1,1,2,3,2,3,2,2,2,3,3,2,2,2,2,2,3,4,3,5,1,2,2,2,2,2,2,1,2,3,4,3,3,4,4,6,2,5,5,5,5,1,1,1,1,5,1,1,1,5,5,5,5,5,1,1,1,1,5,7,5,5,2,2,5,5,5,5,5,1,5,2,2,5,5,5,5,5,5,5,2,2,2,2,8,5,5,5,5,9,10,11,5,5,5,2,5,5,5,5,5,5,5,5,5,5,3,3,5,5,5,5,4,4,4,4,4,4,4,4,6,6,6,6,6,6,6,6","0.00100612640380859","louvain","edit-xhwikibooks.graphml"
"0.4","0.31","0.29","0.419989705167434","1,1,1,2,3,2,3,2,2,2,3,3,2,2,2,2,2,3,4,3,5,1,2,2,2,2,2,2,1,2,3,4,3,3,4,4,2,2,5,5,5,5,1,1,1,1,5,1,1,1,5,5,5,5,5,1,1,1,1,5,6,5,5,2,2,5,5,5,5,5,1,5,2,2,5,5,5,5,5,5,5,2,2,2,2,7,5,5,5,5,8,9,10,5,5,5,2,5,5,5,5,5,5,5,5,5,5,3,3,5,5,5,5,4,4,4,4,4,4,4,4,2,2,2,2,2,2,2,2","0.000679969787597656","louvain","edit-xhwikibooks.graphml"
"0.39","0.32","0.29","0.419645221528234","1,1,1,2,3,2,3,2,2,2,3,3,2,2,2,2,2,3,4,3,5,1,2,2,2,2,2,2,1,2,3,4,3,3,4,4,2,2,5,5,5,5,1,1,1,1,5,1,1,1,5,5,5,5,5,1,1,1,1,5,6,5,5,2,2,5,5,5,5,5,1,5,2,2,5,5,5,5,5,5,5,2,2,2,2,7,5,5,5,5,8,9,10,5,5,5,2,5,5,5,5,5,5,5,5,5,5,3,3,5,5,5,5,4,4,4,4,4,4,4,4,2,2,2,2,2,2,2,2","0.000994205474853516","louvain","edit-xhwikibooks.graphml"
"0.38","0.33","0.29","0.406286791504926","1,1,1,2,3,2,3,2,2,2,3,3,2,2,2,2,2,3,4,3,5,1,2,2,2,2,2,2,1,2,3,4,3,3,4,4,2,2,5,5,5,5,1,1,1,1,5,1,1,1,5,5,5,5,5,1,1,1,1,5,6,5,5,2,2,5,5,5,5,5,1,5,2,2,5,5,5,5,5,5,5,2,2,2,2,7,5,5,5,5,8,9,10,5,5,5,2,5,5,5,5,5,5,5,5,5,5,3,3,5,5,5,5,4,4,4,4,4,4,4,4,2,2,2,2,2,2,2,2","0.00101804733276367","louvain","edit-xhwikibooks.graphml"
"0.37","0.34","0.29","0.421101354330995","1,1,1,2,3,2,3,2,2,2,3,3,2,2,2,2,2,3,4,3,5,1,2,2,2,2,2,2,1,2,3,4,3,3,4,4,2,2,5,5,5,5,1,1,1,1,5,1,1,1,5,5,5,5,5,1,1,1,1,5,6,5,5,2,2,5,5,5,5,5,1,5,2,2,5,5,5,5,5,5,5,2,2,2,2,7,5,5,5,5,8,9,10,5,5,5,2,5,5,5,5,5,5,5,5,5,5,3,3,5,5,5,5,4,4,4,4,4,4,4,4,2,2,2,2,2,2,2,2","0.000998973846435547","louvain","edit-xhwikibooks.graphml"
"0.36","0.35","0.29","0.422129562526015","1,1,1,2,3,2,3,2,2,2,3,3,2,2,2,2,2,3,4,3,5,1,2,2,2,2,2,2,1,2,3,4,3,3,4,4,2,2,5,5,5,5,1,1,1,1,5,1,1,1,5,5,5,5,5,1,1,1,1,5,6,5,5,2,2,5,5,5,5,5,1,5,2,2,5,5,5,5,5,5,5,2,2,2,2,7,5,5,5,5,8,9,10,5,5,5,2,5,5,5,5,5,5,5,5,5,5,3,3,5,5,5,5,4,4,4,4,4,4,4,4,2,2,2,2,2,2,2,2","0.00110387802124023","louvain","edit-xhwikibooks.graphml"
"0.35","0.36","0.29","0.421784178361249","1,1,1,2,3,2,3,2,2,2,3,3,2,2,2,2,2,3,4,3,5,1,2,2,2,2,2,2,1,2,3,4,3,3,4,4,2,2,5,5,5,5,1,1,1,1,5,1,1,1,5,5,5,5,5,1,1,1,1,5,6,5,5,2,2,5,5,5,5,5,1,5,2,2,5,5,5,5,5,5,5,2,2,2,2,7,5,5,5,5,8,9,10,5,5,5,2,5,5,5,5,5,5,5,5,5,5,3,3,5,5,5,5,4,4,4,4,4,4,4,4,2,2,2,2,2,2,2,2","0.000794172286987305","louvain","edit-xhwikibooks.graphml"
"0.34","0.37","0.29","0.415457786328655","1,1,1,2,3,2,3,4,2,2,3,3,4,4,4,2,2,3,4,3,5,1,4,4,4,4,4,2,1,2,3,4,3,3,4,4,6,4,5,5,5,5,1,1,1,1,5,1,1,1,5,5,5,5,5,1,1,1,1,5,7,5,5,4,4,5,5,5,5,5,1,5,4,4,5,5,5,5,5,5,5,4,2,2,2,8,5,5,5,5,9,10,11,5,5,5,2,5,5,5,5,5,5,5,5,5,5,3,3,5,5,5,5,4,4,4,4,4,4,4,4,6,6,6,6,6,6,6,6","0.000660896301269531","louvain","edit-xhwikibooks.graphml"
"0.33","0.38","0.29","0.421439308127447","1,1,1,2,3,2,3,2,2,2,3,3,2,2,2,2,2,3,4,3,5,1,2,2,2,2,2,2,1,2,3,4,3,3,4,4,2,2,5,5,5,5,1,1,1,1,5,1,1,1,5,5,5,5,5,1,1,1,1,5,6,5,5,2,2,5,5,5,5,5,1,5,2,2,5,5,5,5,5,5,5,2,2,2,2,7,5,5,5,5,8,9,10,5,5,5,2,5,5,5,5,5,5,5,5,5,5,3,3,5,5,5,5,4,4,4,4,4,4,4,4,2,2,2,2,2,2,2,2","0.000663995742797852","louvain","edit-xhwikibooks.graphml"
"0.32","0.39","0.29","0.422461920925347","1,1,1,2,3,2,3,2,2,2,3,3,2,2,2,2,2,3,4,3,5,1,2,2,2,2,2,2,1,2,3,4,3,3,4,4,2,2,5,5,5,5,1,1,1,1,5,1,1,1,5,5,5,5,5,1,1,1,1,5,6,5,5,2,2,5,5,5,5,5,1,5,2,2,5,5,5,5,5,5,5,2,2,2,2,7,5,5,5,5,8,9,10,5,5,5,2,5,5,5,5,5,5,5,5,5,5,3,3,5,5,5,5,4,4,4,4,4,4,4,4,2,2,2,2,2,2,2,2","0.00117397308349609","louvain","edit-xhwikibooks.graphml"
"0.31","0.4","0.29","0.424077153495143","1,1,1,2,3,2,3,2,2,2,3,3,2,2,2,2,2,3,4,3,5,1,2,2,2,2,2,2,1,2,3,4,3,3,4,4,2,2,5,5,5,5,1,1,1,1,5,1,1,1,5,5,5,5,5,1,1,1,1,5,6,5,5,2,2,5,5,5,5,5,1,5,2,2,5,5,5,5,5,5,5,2,2,2,2,7,5,5,5,5,8,9,10,5,5,5,2,5,5,5,5,5,5,5,5,5,5,3,3,5,5,5,5,4,4,4,4,4,4,4,4,2,2,2,2,2,2,2,2","0.00109195709228516","louvain","edit-xhwikibooks.graphml"
"0.3","0.41","0.29","0.417529744408051","1,1,1,2,3,2,3,2,2,2,3,3,2,2,2,4,2,3,2,3,5,1,2,2,2,2,2,4,1,2,3,2,3,3,2,2,6,2,5,5,5,5,1,1,1,1,5,1,1,1,5,5,5,5,5,1,1,1,1,5,7,5,5,2,2,5,5,5,5,5,1,5,2,2,5,5,5,5,5,5,5,2,4,4,4,8,5,5,5,5,9,10,11,5,5,5,4,5,5,5,5,5,5,5,5,5,5,3,3,5,5,5,5,2,2,2,2,2,2,2,2,6,6,6,6,6,6,6,6","0.00108599662780762","louvain","edit-xhwikibooks.graphml"
"0.29","0.42","0.29","0.424744287802643","1,1,1,2,3,2,3,2,2,2,3,3,2,2,2,2,2,3,4,3,5,1,2,2,2,2,2,2,1,2,3,4,3,3,4,4,2,2,5,5,5,5,1,1,1,1,5,1,1,1,5,5,5,5,5,1,1,1,1,5,6,5,5,2,2,5,5,5,5,5,1,5,2,2,5,5,5,5,5,5,5,2,2,2,2,7,5,5,5,5,8,9,10,5,5,5,2,5,5,5,5,5,5,5,5,5,5,3,3,5,5,5,5,4,4,4,4,4,4,4,4,2,2,2,2,2,2,2,2","0.00104093551635742","louvain","edit-xhwikibooks.graphml"
"0.28","0.43","0.29","0.426737811750154","1,1,1,2,3,2,3,2,2,2,3,3,2,2,2,2,2,3,4,3,5,1,2,2,2,2,2,2,1,2,3,4,3,3,4,4,2,2,5,5,5,5,1,1,1,1,5,1,1,1,5,5,5,5,5,1,1,1,1,5,6,5,5,2,2,5,5,5,5,5,1,5,2,2,5,5,5,5,5,5,5,2,2,2,2,7,5,5,5,5,8,9,10,5,5,5,2,5,5,5,5,5,5,5,5,5,5,3,3,5,5,5,5,4,4,4,4,4,4,4,4,2,2,2,2,2,2,2,2","0.000963926315307617","louvain","edit-xhwikibooks.graphml"
"0.27","0.44","0.29","0.426393905817175","1,1,1,2,3,2,3,2,2,2,3,3,2,2,2,2,2,3,4,3,5,1,2,2,2,2,2,2,1,2,3,4,3,3,4,4,2,2,5,5,5,5,1,1,1,1,5,1,1,1,5,5,5,5,5,1,1,1,1,5,6,5,5,2,2,5,5,5,5,5,1,5,2,2,5,5,5,5,5,5,5,2,2,2,2,7,5,5,5,5,8,9,10,5,5,5,2,5,5,5,5,5,5,5,5,5,5,3,3,5,5,5,5,4,4,4,4,4,4,4,4,2,2,2,2,2,2,2,2","0.00103020668029785","louvain","edit-xhwikibooks.graphml"
"0.26","0.45","0.29","0.422594411095567","1,2,1,1,1,3,1,3,3,3,1,1,3,3,3,3,3,1,4,1,5,2,3,3,3,3,3,3,2,3,1,4,1,1,4,4,3,3,5,5,5,5,2,2,2,2,5,2,2,2,5,5,5,5,5,2,2,2,2,5,6,5,5,3,3,5,5,5,5,5,2,5,3,3,5,5,5,5,5,5,5,3,3,3,3,7,5,5,5,5,8,9,10,5,5,5,3,5,5,5,5,5,5,5,5,5,5,1,1,5,5,5,5,4,4,4,4,4,4,4,4,3,3,3,3,3,3,3,3","0.00102400779724121","louvain","edit-xhwikibooks.graphml"
"0.25","0.46","0.29","0.42224988821477","1,2,1,1,1,3,1,3,3,3,1,1,3,3,3,3,3,1,4,1,5,2,3,3,3,3,3,3,2,3,1,4,1,1,4,4,3,3,5,5,5,5,2,2,2,2,5,2,2,2,5,5,5,5,5,2,2,2,2,5,6,5,5,3,3,5,5,5,5,5,2,5,3,3,5,5,5,5,5,5,5,3,3,3,3,7,5,5,5,5,8,9,10,5,5,5,3,5,5,5,5,5,5,5,5,5,5,1,1,5,5,5,5,4,4,4,4,4,4,4,4,3,3,3,3,3,3,3,3","0.00113201141357422","louvain","edit-xhwikibooks.graphml"
"0.24","0.47","0.29","0.423280078869127","1,2,1,1,1,3,1,3,3,3,1,1,3,3,3,3,3,1,4,1,5,2,3,3,3,3,3,3,2,3,1,4,1,1,4,4,3,3,5,5,5,5,2,2,2,2,5,2,2,2,5,5,5,5,5,2,2,2,2,5,6,5,5,3,3,5,5,5,5,5,2,5,3,3,5,5,5,5,5,5,5,3,3,3,3,7,5,5,5,5,8,9,10,5,5,5,3,5,5,5,5,5,5,5,5,5,5,1,1,5,5,5,5,4,4,4,4,4,4,4,4,3,3,3,3,3,3,3,3","0.000674962997436523","louvain","edit-xhwikibooks.graphml"
"0.23","0.48","0.29","0.403741473002659","1,2,1,1,1,3,1,3,3,3,1,1,3,3,3,3,3,1,4,1,5,2,3,3,3,3,3,3,2,3,1,4,1,1,4,4,3,3,5,5,5,5,2,2,2,2,5,2,2,2,5,5,5,5,5,2,2,2,2,5,6,5,5,3,3,5,5,5,5,5,2,5,3,3,5,5,5,5,5,5,5,3,3,3,3,7,5,5,5,5,8,9,10,5,5,5,3,5,5,5,5,5,5,5,5,5,5,1,1,5,5,5,5,4,4,4,4,4,4,4,4,3,3,3,3,3,3,3,3","0.000653982162475586","louvain","edit-xhwikibooks.graphml"
"0.22","0.49","0.29","0.403901029020696","1,1,1,1,2,3,2,3,3,3,2,2,3,3,3,3,3,2,4,2,5,1,3,3,3,3,3,3,1,3,2,4,2,2,4,4,3,3,5,5,5,5,1,1,1,1,5,1,1,1,5,5,5,5,5,1,1,1,1,5,6,5,5,3,3,5,5,5,5,5,1,5,3,3,5,5,5,5,5,5,5,3,3,3,3,7,5,5,5,5,8,9,10,5,5,5,3,5,5,5,5,5,5,5,5,5,5,2,2,5,5,5,5,4,4,4,4,4,4,4,4,3,3,3,3,3,3,3,3","0.000666141510009766","louvain","edit-xhwikibooks.graphml"
"0.21","0.5","0.29","0.447159500328731","1,1,1,1,2,3,2,4,4,3,2,2,4,4,4,3,3,2,5,2,6,1,4,4,4,4,4,3,1,3,2,5,2,2,5,5,4,4,6,6,6,6,1,1,1,1,6,1,1,1,6,6,6,6,6,1,1,1,1,6,7,6,6,4,4,6,6,6,6,6,1,6,4,4,6,6,6,6,6,6,6,4,3,3,3,8,6,6,6,6,9,10,11,6,6,6,3,6,6,6,6,6,6,6,6,6,6,2,2,6,6,6,6,5,5,5,5,5,5,5,5,4,4,4,4,4,4,4,4","0.00061798095703125","louvain","edit-xhwikibooks.graphml"
"0.2","0.51","0.29","0.447159500328731","1,1,1,1,2,3,2,4,4,3,2,2,4,4,4,3,3,2,5,2,6,1,4,4,4,4,4,3,1,3,2,5,2,2,5,5,4,4,6,6,6,6,1,1,1,1,6,1,1,1,6,6,6,6,6,1,1,1,1,6,7,6,6,4,4,6,6,6,6,6,1,6,4,4,6,6,6,6,6,6,6,4,3,3,3,8,6,6,6,6,9,10,11,6,6,6,3,6,6,6,6,6,6,6,6,6,6,2,2,6,6,6,6,5,5,5,5,5,5,5,5,4,4,4,4,4,4,4,4","0.000652074813842773","louvain","edit-xhwikibooks.graphml"
"0.19","0.52","0.29","0.447159500328731","1,1,1,1,2,3,2,4,4,3,2,2,4,4,4,3,3,2,5,2,6,1,4,4,4,4,4,3,1,3,2,5,2,2,5,5,4,4,6,6,6,6,1,1,1,1,6,1,1,1,6,6,6,6,6,1,1,1,1,6,7,6,6,4,4,6,6,6,6,6,1,6,4,4,6,6,6,6,6,6,6,4,3,3,3,8,6,6,6,6,9,10,11,6,6,6,3,6,6,6,6,6,6,6,6,6,6,2,2,6,6,6,6,5,5,5,5,5,5,5,5,4,4,4,4,4,4,4,4","0.000591039657592773","louvain","edit-xhwikibooks.graphml"
"0.18","0.53","0.29","0.446509779797097","1,1,1,1,2,3,2,3,3,4,2,2,3,3,3,3,4,2,5,2,6,1,3,3,3,3,3,7,1,4,2,5,2,2,5,5,3,3,6,6,6,6,1,1,1,1,6,1,1,1,6,6,6,6,6,1,1,1,1,6,8,6,6,3,3,6,6,6,6,6,1,6,3,3,6,6,6,6,6,6,6,3,7,7,7,9,6,6,6,6,10,11,12,6,6,6,3,6,6,6,6,6,6,6,6,6,6,2,2,6,6,6,6,5,5,5,5,5,5,5,5,3,3,3,3,3,3,3,3","0.000631809234619141","louvain","edit-xhwikibooks.graphml"
"0.17","0.54","0.29","0.44730071061225","1,2,1,1,1,3,1,3,3,4,1,1,3,3,3,3,4,1,5,1,6,2,3,3,3,3,3,7,2,4,1,5,1,1,5,5,3,3,6,6,6,6,2,2,2,2,6,2,2,2,6,6,6,6,6,2,2,2,2,6,8,6,6,3,3,6,6,6,6,6,2,6,3,3,6,6,6,6,6,6,6,3,7,7,7,9,6,6,6,6,10,11,12,6,6,6,3,6,6,6,6,6,6,6,6,6,6,1,1,6,6,6,6,5,5,5,5,5,5,5,5,3,3,3,3,3,3,3,3","0.000628948211669922","louvain","edit-xhwikibooks.graphml"
"0.16","0.55","0.29","0.44821955655069","1,2,1,1,1,3,1,4,4,3,1,1,4,4,4,3,3,1,5,1,6,2,4,4,4,4,4,3,2,3,1,5,1,1,5,5,4,4,6,6,6,6,2,2,2,2,6,2,2,2,6,6,6,6,6,2,2,2,2,6,7,6,6,4,4,6,6,6,6,6,2,6,4,4,6,6,6,6,6,6,6,4,3,3,3,8,6,6,6,6,9,10,11,6,6,6,3,6,6,6,6,6,6,6,6,6,6,1,1,6,6,6,6,5,5,5,5,5,5,5,5,4,4,4,4,4,4,4,4","0.000585079193115234","louvain","edit-xhwikibooks.graphml"
"0.15","0.56","0.29","0.450045253288527","1,2,1,1,1,3,1,4,4,3,1,1,4,4,4,3,3,1,5,1,6,2,4,4,4,4,4,3,2,3,1,5,1,1,5,5,4,4,6,6,6,6,2,2,2,2,6,2,2,2,6,6,6,6,6,2,2,2,2,6,7,6,6,4,4,6,6,6,6,6,2,6,4,4,6,6,6,6,6,6,6,4,3,3,3,8,6,6,6,6,9,10,11,6,6,6,3,6,6,6,6,6,6,6,6,6,6,1,1,6,6,6,6,5,5,5,5,5,5,5,5,4,4,4,4,4,4,4,4","0.000663995742797852","louvain","edit-xhwikibooks.graphml"
"0.14","0.57","0.29","0.450413385643425","1,2,1,1,1,3,1,3,3,4,1,1,3,3,3,3,4,1,5,1,6,2,3,3,3,3,3,7,2,4,1,5,1,1,5,5,3,3,6,6,6,6,2,2,2,2,6,2,2,2,6,6,6,6,6,2,2,2,2,6,8,6,6,3,3,6,6,6,6,6,2,6,3,3,6,6,6,6,6,6,6,3,7,7,7,9,6,6,6,6,10,11,12,6,6,6,3,6,6,6,6,6,6,6,6,6,6,1,1,6,6,6,6,5,5,5,5,5,5,5,5,3,3,3,3,3,3,3,3","0.000703811645507812","louvain","edit-xhwikibooks.graphml"
"0.13","0.58","0.29","0.444735831689678","1,2,1,1,1,3,1,3,3,3,1,1,3,3,3,3,4,1,5,1,6,2,3,3,3,3,3,3,2,7,8,5,1,1,5,5,3,3,6,6,6,6,2,2,2,2,6,2,2,2,6,6,6,6,6,2,2,2,2,6,9,6,6,10,11,6,6,6,6,6,2,6,3,3,6,6,6,6,6,6,6,12,3,3,3,13,6,6,6,6,14,15,16,6,6,6,17,6,6,6,6,6,6,6,6,6,6,18,19,6,6,6,6,5,5,5,5,5,5,5,5,3,3,3,3,3,3,3,3","0.000586986541748047","louvain","edit-xhwikibooks.graphml"
"0.12","0.59","0.29","0.444389738981456","1,2,1,1,1,3,1,3,3,3,1,1,3,3,3,3,4,1,5,1,6,2,3,3,3,3,3,3,2,7,8,5,1,1,5,5,3,3,6,6,6,6,2,2,2,2,6,2,2,2,6,6,6,6,6,2,2,2,2,6,9,6,6,10,11,6,6,6,6,6,2,6,3,3,6,6,6,6,6,6,6,12,3,3,3,13,6,6,6,6,14,15,16,6,6,6,17,6,6,6,6,6,6,6,6,6,6,18,19,6,6,6,6,5,5,5,5,5,5,5,5,3,3,3,3,3,3,3,3","0.000593900680541992","louvain","edit-xhwikibooks.graphml"
"0.11","0.6","0.29","0.446191467917916","1,2,1,1,1,3,1,3,3,3,1,1,3,3,3,3,4,1,5,1,6,2,3,3,3,3,3,3,2,7,8,5,1,1,5,5,3,3,6,6,6,6,2,2,2,2,6,2,2,2,6,6,6,6,6,2,2,2,2,6,9,6,6,10,11,6,6,6,6,6,2,6,3,3,6,6,6,6,6,6,6,12,3,3,3,13,6,6,6,6,14,15,16,6,6,6,17,6,6,6,6,6,6,6,6,6,6,18,19,6,6,6,6,5,5,5,5,5,5,5,5,3,3,3,3,3,3,3,3","0.000919818878173828","louvain","edit-xhwikibooks.graphml"
"0.1","0.61","0.29","0.445845910181221","1,2,1,1,1,3,1,3,3,3,1,1,3,3,3,3,4,1,5,1,6,2,3,3,3,3,3,3,2,7,8,5,1,1,5,5,3,3,6,6,6,6,2,2,2,2,6,2,2,2,6,6,6,6,6,2,2,2,2,6,9,6,6,10,11,6,6,6,6,6,2,6,3,3,6,6,6,6,6,6,6,12,3,3,3,13,6,6,6,6,14,15,16,6,6,6,17,6,6,6,6,6,6,6,6,6,6,18,19,6,6,6,6,5,5,5,5,5,5,5,5,3,3,3,3,3,3,3,3","0.00110602378845215","louvain","edit-xhwikibooks.graphml"
"0.09","0.62","0.29","0.445980503755578","1,2,1,1,1,3,1,3,3,3,1,1,3,3,3,3,4,1,5,1,6,2,3,3,3,3,3,7,2,8,9,5,1,1,5,5,3,3,6,6,6,6,2,2,2,2,6,2,2,2,6,6,6,6,6,2,2,2,2,6,10,6,6,11,12,6,6,6,6,6,2,6,3,3,6,6,6,6,6,6,6,13,7,7,7,14,6,6,6,6,15,16,17,6,6,6,18,6,6,6,6,6,6,6,6,6,6,19,20,6,6,6,6,5,5,5,5,5,5,5,5,3,3,3,3,3,3,3,3","0.00102400779724121","louvain","edit-xhwikibooks.graphml"
"0.08","0.63","0.29","0.462083140369299","1,2,1,1,1,3,1,3,3,3,1,1,3,3,3,3,4,1,5,1,6,2,3,3,3,3,3,7,2,8,9,5,1,1,5,5,3,3,6,6,6,6,2,2,2,2,6,2,2,2,6,6,6,6,6,2,2,2,2,6,10,6,6,11,12,6,6,6,6,6,2,6,3,3,6,6,6,6,6,6,6,13,7,7,7,14,6,6,6,6,15,16,17,6,6,6,18,6,6,6,6,6,6,6,6,6,6,19,20,6,6,6,6,5,5,5,5,5,5,5,5,3,3,3,3,3,3,3,3","0.00102400779724121","louvain","edit-xhwikibooks.graphml"
"0.07","0.64","0.29","0.462083140369299","1,2,1,1,1,3,1,3,3,3,1,1,3,3,3,3,4,1,5,1,6,2,3,3,3,3,3,7,2,8,9,5,1,1,5,5,3,3,6,6,6,6,2,2,2,2,6,2,2,2,6,6,6,6,6,2,2,2,2,6,10,6,6,11,12,6,6,6,6,6,2,6,3,3,6,6,6,6,6,6,6,13,7,7,7,14,6,6,6,6,15,16,17,6,6,6,18,6,6,6,6,6,6,6,6,6,6,19,20,6,6,6,6,5,5,5,5,5,5,5,5,3,3,3,3,3,3,3,3","0.000695943832397461","louvain","edit-xhwikibooks.graphml"
"0.06","0.65","0.29","0.460735066876367","1,2,1,1,1,3,1,3,3,3,1,1,3,3,3,3,4,1,5,1,6,2,3,3,3,3,3,7,2,8,9,5,1,1,5,5,3,3,6,6,6,6,2,2,2,2,6,2,2,2,6,6,6,6,6,2,2,2,2,6,10,6,6,11,12,6,6,6,6,6,2,6,3,3,6,6,6,6,6,6,6,13,7,7,7,14,6,6,6,6,15,16,17,6,6,6,18,6,6,6,6,6,6,6,6,6,6,19,20,6,6,6,6,5,5,5,5,5,5,5,5,3,3,3,3,3,3,3,3","0.000664949417114258","louvain","edit-xhwikibooks.graphml"
"0.05","0.66","0.29","0.460735066876367","1,2,1,1,1,3,1,3,3,3,1,1,3,3,3,3,4,1,5,1,6,2,3,3,3,3,3,7,2,8,9,5,1,1,5,5,3,3,6,6,6,6,2,2,2,2,6,2,2,2,6,6,6,6,6,2,2,2,2,6,10,6,6,11,12,6,6,6,6,6,2,6,3,3,6,6,6,6,6,6,6,13,7,7,7,14,6,6,6,6,15,16,17,6,6,6,18,6,6,6,6,6,6,6,6,6,6,19,20,6,6,6,6,5,5,5,5,5,5,5,5,3,3,3,3,3,3,3,3","0.000652074813842773","louvain","edit-xhwikibooks.graphml"
"0.04","0.67","0.29","0.4734915906156","1,2,1,1,3,1,3,4,4,1,3,3,4,4,4,1,5,3,6,3,7,2,4,4,4,4,4,1,2,8,9,6,3,3,6,6,4,4,7,7,7,7,2,2,2,2,7,2,2,2,7,7,7,7,7,2,2,2,2,7,10,7,7,11,12,7,7,7,7,7,2,7,4,4,7,7,7,7,7,7,7,13,1,1,1,14,7,7,7,7,15,16,17,7,7,7,18,7,7,7,7,7,7,7,7,7,7,19,20,7,7,7,7,6,6,6,6,6,6,6,6,4,4,4,4,4,4,4,4","0.000586986541748047","louvain","edit-xhwikibooks.graphml"
"0.03","0.68","0.29","0.4734915906156","1,2,1,1,3,1,3,4,4,1,3,3,4,4,4,1,5,3,6,3,7,2,4,4,4,4,4,1,2,8,9,6,3,3,6,6,4,4,7,7,7,7,2,2,2,2,7,2,2,2,7,7,7,7,7,2,2,2,2,7,10,7,7,11,12,7,7,7,7,7,2,7,4,4,7,7,7,7,7,7,7,13,1,1,1,14,7,7,7,7,15,16,17,7,7,7,18,7,7,7,7,7,7,7,7,7,7,19,20,7,7,7,7,6,6,6,6,6,6,6,6,4,4,4,4,4,4,4,4","0.000674009323120117","louvain","edit-xhwikibooks.graphml"
"0.02","0.69","0.29","0.473121329639889","1,2,1,1,3,1,3,4,4,1,3,3,4,4,4,1,5,3,6,3,7,2,4,4,4,4,4,1,2,8,9,6,3,3,6,6,4,4,7,7,7,7,2,2,2,2,7,2,2,2,7,7,7,7,7,2,2,2,2,7,10,7,7,11,12,7,7,7,7,7,2,7,4,4,7,7,7,7,7,7,7,13,1,1,1,14,7,7,7,7,15,16,17,7,7,7,18,7,7,7,7,7,7,7,7,7,7,19,20,7,7,7,7,6,6,6,6,6,6,6,6,4,4,4,4,4,4,4,4","0.000650882720947266","louvain","edit-xhwikibooks.graphml"
"0.01","0.7","0.29","0.474058520501415","1,2,1,1,3,1,3,4,4,1,3,3,4,4,4,1,5,3,6,3,7,2,4,4,4,4,4,1,2,8,9,6,3,3,6,6,4,4,7,7,7,7,2,2,2,2,7,2,2,2,7,7,7,7,7,2,2,2,2,7,10,7,7,11,12,7,7,7,7,7,2,7,4,4,7,7,7,7,7,7,7,13,1,1,1,14,7,7,7,7,15,16,17,7,7,7,18,7,7,7,7,7,7,7,7,7,7,19,20,7,7,7,7,6,6,6,6,6,6,6,6,4,4,4,4,4,4,4,4","0.000680923461914062","louvain","edit-xhwikibooks.graphml"
"0","0.71","0.29","0.474771143472574","1,1,1,1,1,1,2,1,3,1,2,2,1,3,3,1,4,2,5,2,6,7,1,1,3,3,3,1,1,8,9,5,2,2,5,5,3,3,6,6,6,6,7,7,7,7,6,7,7,7,6,6,6,6,6,7,7,7,7,6,10,6,6,11,12,6,6,6,6,6,7,6,3,3,6,6,6,6,6,6,6,13,1,1,1,14,6,6,6,6,15,16,17,6,6,6,18,6,6,6,6,6,6,6,6,6,6,19,20,6,6,6,6,5,5,5,5,5,5,5,5,3,3,3,3,3,3,3,3","0.000746965408325195","louvain","edit-xhwikibooks.graphml"
"0.7","0","0.3","0.409457611475215","1,1,1,2,3,2,3,2,2,2,3,3,2,2,2,2,2,3,3,4,5,1,2,2,2,2,2,2,1,2,3,3,4,4,3,3,2,2,5,5,5,5,1,1,1,1,5,1,1,1,5,5,5,5,5,1,1,1,1,5,2,5,5,2,2,5,5,5,5,5,1,5,2,2,5,5,5,5,5,5,5,2,2,2,2,1,5,5,5,5,2,3,3,5,5,5,2,5,5,5,5,5,5,5,5,5,5,4,4,5,5,5,5,3,3,3,3,3,3,3,3,2,2,2,2,2,2,2,2","0.000917911529541016","louvain","edit-xhwikibooks.graphml"
"0.69","0.01","0.3","0.406475881319884","1,1,1,2,3,2,3,2,2,2,3,3,2,2,2,2,2,3,3,3,4,1,2,2,2,2,2,2,1,2,3,3,3,3,3,3,2,2,4,4,4,4,1,1,1,1,4,1,1,1,4,4,4,4,4,1,1,1,1,4,2,4,4,2,2,4,4,4,4,4,1,4,2,2,4,4,4,4,4,4,4,2,2,2,2,1,4,4,4,4,2,3,3,4,4,4,2,4,4,4,4,4,4,4,4,4,4,3,3,4,4,4,4,3,3,3,3,3,3,3,3,2,2,2,2,2,2,2,2","0.000975847244262695","louvain","edit-xhwikibooks.graphml"
"0.68","0.02","0.3","0.406696337760567","1,1,1,2,3,2,3,2,2,2,3,3,2,2,2,2,2,3,4,3,5,1,2,2,2,2,2,2,1,2,3,4,3,3,4,4,2,2,5,5,5,5,1,1,1,1,5,1,1,1,5,5,5,5,5,1,1,1,1,5,2,5,5,2,2,5,5,5,5,5,1,5,2,2,5,5,5,5,5,5,5,2,2,2,2,1,5,5,5,5,2,3,4,5,5,5,2,5,5,5,5,5,5,5,5,5,5,3,3,5,5,5,5,4,4,4,4,4,4,4,4,2,2,2,2,2,2,2,2","0.0010688304901123","louvain","edit-xhwikibooks.graphml"
"0.67","0.03","0.3","0.406370496333298","1,1,1,2,3,2,3,2,2,2,3,3,2,2,2,2,2,3,4,3,5,1,2,2,2,2,2,2,1,2,3,4,3,3,4,4,2,2,5,5,5,5,1,1,1,1,5,1,1,1,5,5,5,5,5,1,1,1,1,5,2,5,5,2,2,5,5,5,5,5,1,5,2,2,5,5,5,5,5,5,5,2,2,2,2,1,5,5,5,5,2,3,4,5,5,5,2,5,5,5,5,5,5,5,5,5,5,3,3,5,5,5,5,4,4,4,4,4,4,4,4,2,2,2,2,2,2,2,2","0.000890016555786133","louvain","edit-xhwikibooks.graphml"
"0.66","0.04","0.3","0.406370496333298","1,1,1,2,3,2,3,2,2,2,3,3,2,2,2,2,2,3,4,3,5,1,2,2,2,2,2,2,1,2,3,4,3,3,4,4,2,2,5,5,5,5,1,1,1,1,5,1,1,1,5,5,5,5,5,1,1,1,1,5,2,5,5,2,2,5,5,5,5,5,1,5,2,2,5,5,5,5,5,5,5,2,2,2,2,1,5,5,5,5,2,3,4,5,5,5,2,5,5,5,5,5,5,5,5,5,5,3,3,5,5,5,5,4,4,4,4,4,4,4,4,2,2,2,2,2,2,2,2","0.000730037689208984","louvain","edit-xhwikibooks.graphml"
"0.65","0.05","0.3","0.405829827086433","1,1,1,2,3,2,3,2,2,2,3,3,2,2,2,2,2,3,3,3,4,1,2,2,2,2,2,2,1,2,3,3,3,3,3,3,2,2,4,4,4,4,1,1,1,1,4,1,1,1,4,4,4,4,4,1,1,1,1,4,2,4,4,2,2,4,4,4,4,4,1,4,2,2,4,4,4,4,4,4,4,2,2,2,2,1,4,4,4,4,2,3,3,4,4,4,2,4,4,4,4,4,4,4,4,4,4,3,3,4,4,4,4,3,3,3,3,3,3,3,3,2,2,2,2,2,2,2,2","0.000856876373291016","louvain","edit-xhwikibooks.graphml"
"0.64","0.06","0.3","0.405829827086433","1,1,1,2,3,2,3,2,2,2,3,3,2,2,2,2,2,3,3,3,4,1,2,2,2,2,2,2,1,2,3,3,3,3,3,3,2,2,4,4,4,4,1,1,1,1,4,1,1,1,4,4,4,4,4,1,1,1,1,4,2,4,4,2,2,4,4,4,4,4,1,4,2,2,4,4,4,4,4,4,4,2,2,2,2,1,4,4,4,4,2,3,3,4,4,4,2,4,4,4,4,4,4,4,4,4,4,3,3,4,4,4,4,3,3,3,3,3,3,3,3,2,2,2,2,2,2,2,2","0.000899076461791992","louvain","edit-xhwikibooks.graphml"
"0.63","0.07","0.3","0.405720249284493","1,1,1,2,3,2,3,2,2,2,3,3,2,2,2,2,2,3,4,3,5,1,2,2,2,2,2,2,1,2,3,4,3,3,4,4,2,2,5,5,5,5,1,1,1,1,5,1,1,1,5,5,5,5,5,1,1,1,1,5,2,5,5,2,2,5,5,5,5,5,1,5,2,2,5,5,5,5,5,5,5,2,2,2,2,1,5,5,5,5,2,3,4,5,5,5,2,5,5,5,5,5,5,5,5,5,5,3,3,5,5,5,5,4,4,4,4,4,4,4,4,2,2,2,2,2,2,2,2","0.000780820846557617","louvain","edit-xhwikibooks.graphml"
"0.62","0.08","0.3","0.406756315693298","1,1,1,2,3,2,3,2,2,2,3,3,2,2,2,2,2,3,4,3,5,1,2,2,2,2,2,2,1,2,3,4,3,3,4,4,2,2,5,5,5,5,1,1,1,1,5,1,1,1,5,5,5,5,5,1,1,1,1,5,2,5,5,2,2,5,5,5,5,5,1,5,2,2,5,5,5,5,5,5,5,2,2,2,2,1,5,5,5,5,2,3,4,5,5,5,2,5,5,5,5,5,5,5,5,5,5,3,3,5,5,5,5,4,4,4,4,4,4,4,4,2,2,2,2,2,2,2,2","0.000694036483764648","louvain","edit-xhwikibooks.graphml"
"0.61","0.09","0.3","0.406431700601681","1,1,1,2,3,2,3,2,2,2,3,3,2,2,2,2,2,3,4,3,5,1,2,2,2,2,2,2,1,2,3,4,3,3,4,4,2,2,5,5,5,5,1,1,1,1,5,1,1,1,5,5,5,5,5,1,1,1,1,5,2,5,5,2,2,5,5,5,5,5,1,5,2,2,5,5,5,5,5,5,5,2,2,2,2,1,5,5,5,5,2,3,4,5,5,5,2,5,5,5,5,5,5,5,5,5,5,3,3,5,5,5,5,4,4,4,4,4,4,4,4,2,2,2,2,2,2,2,2","0.000663995742797852","louvain","edit-xhwikibooks.graphml"
"0.6","0.1","0.3","0.42157889603151","1,1,1,2,3,2,3,2,2,2,3,3,2,2,2,2,2,3,3,4,5,1,2,2,2,2,2,2,1,2,3,3,4,4,3,3,2,2,5,5,5,5,1,1,1,1,5,1,1,1,5,5,5,5,5,1,1,1,1,5,2,5,5,2,2,5,5,5,5,5,1,5,2,2,5,5,5,5,5,5,5,2,2,2,2,1,5,5,5,5,2,3,3,5,5,5,2,5,5,5,5,5,5,5,5,5,5,4,4,5,5,5,5,3,3,3,3,3,3,3,3,2,2,2,2,2,2,2,2","0.000600099563598633","louvain","edit-xhwikibooks.graphml"
"0.59","0.11","0.3","0.418586997808619","1,1,1,2,3,2,3,2,2,2,3,3,2,2,2,2,2,3,4,3,5,1,2,2,2,2,2,2,1,2,3,4,3,3,4,4,2,2,5,5,5,5,1,1,1,1,5,1,1,1,5,5,5,5,5,1,1,1,1,5,2,5,5,2,2,5,5,5,5,5,1,5,2,2,5,5,5,5,5,5,5,2,2,2,2,1,5,5,5,5,2,3,4,5,5,5,2,5,5,5,5,5,5,5,5,5,5,3,3,5,5,5,5,4,4,4,4,4,4,4,4,2,2,2,2,2,2,2,2","0.000998973846435547","louvain","edit-xhwikibooks.graphml"
"0.58","0.12","0.3","0.420328535403786","1,1,1,2,3,2,3,2,2,2,3,3,2,2,2,2,2,3,3,4,5,1,2,2,2,2,2,2,1,2,3,3,4,4,3,3,2,2,5,5,5,5,1,1,1,1,5,1,1,1,5,5,5,5,5,1,1,1,1,5,2,5,5,2,2,5,5,5,5,5,1,5,2,2,5,5,5,5,5,5,5,2,2,2,2,1,5,5,5,5,2,3,3,5,5,5,2,5,5,5,5,5,5,5,5,5,5,4,4,5,5,5,5,3,3,3,3,3,3,3,3,2,2,2,2,2,2,2,2","0.00101399421691895","louvain","edit-xhwikibooks.graphml"
"0.57","0.13","0.3","0.419982837581748","1,1,1,2,3,2,3,2,2,2,3,3,2,2,2,2,2,3,3,4,5,1,2,2,2,2,2,2,1,2,3,3,4,4,3,3,2,2,5,5,5,5,1,1,1,1,5,1,1,1,5,5,5,5,5,1,1,1,1,5,2,5,5,2,2,5,5,5,5,5,1,5,2,2,5,5,5,5,5,5,5,2,2,2,2,1,5,5,5,5,2,3,3,5,5,5,2,5,5,5,5,5,5,5,5,5,5,4,4,5,5,5,5,3,3,3,3,3,3,3,3,2,2,2,2,2,2,2,2","0.00104689598083496","louvain","edit-xhwikibooks.graphml"
"0.56","0.14","0.3","0.421029244265336","1,1,1,2,3,2,3,2,2,2,3,3,2,2,2,2,2,3,3,4,5,1,2,2,2,2,2,2,1,2,3,3,4,4,3,3,2,2,5,5,5,5,1,1,1,1,5,1,1,1,5,5,5,5,5,1,1,1,1,5,2,5,5,2,2,5,5,5,5,5,1,5,2,2,5,5,5,5,5,5,5,2,2,2,2,1,5,5,5,5,2,3,3,5,5,5,2,5,5,5,5,5,5,5,5,5,5,4,4,5,5,5,5,3,3,3,3,3,3,3,3,2,2,2,2,2,2,2,2","0.00122499465942383","louvain","edit-xhwikibooks.graphml"
"0.55","0.15","0.3","0.422699004402365","1,1,1,2,3,2,3,2,2,2,3,3,2,2,2,2,2,3,3,4,5,1,2,2,2,2,2,2,1,2,3,3,4,4,3,3,2,2,5,5,5,5,1,1,1,1,5,1,1,1,5,5,5,5,5,1,1,1,1,5,2,5,5,2,2,5,5,5,5,5,1,5,2,2,5,5,5,5,5,5,5,2,2,2,2,1,5,5,5,5,2,3,3,5,5,5,2,5,5,5,5,5,5,5,5,5,5,4,4,5,5,5,5,3,3,3,3,3,3,3,3,2,2,2,2,2,2,2,2","0.000978946685791016","louvain","edit-xhwikibooks.graphml"
"0.54","0.16","0.3","0.423733671534046","1,1,1,2,3,2,3,2,2,2,3,3,2,2,2,2,2,3,3,4,5,1,2,2,2,2,2,2,1,2,3,3,4,4,3,3,2,2,5,5,5,5,1,1,1,1,5,1,1,1,5,5,5,5,5,1,1,1,1,5,2,5,5,2,2,5,5,5,5,5,1,5,2,2,5,5,5,5,5,5,5,2,2,2,2,1,5,5,5,5,2,3,3,5,5,5,2,5,5,5,5,5,5,5,5,5,5,4,4,5,5,5,5,3,3,3,3,3,3,3,3,2,2,2,2,2,2,2,2","0.000792026519775391","louvain","edit-xhwikibooks.graphml"
"0.53","0.17","0.3","0.42474134233178","1,1,1,2,3,2,3,2,2,2,3,3,2,2,2,2,2,3,4,3,5,1,2,2,2,2,2,2,1,2,3,4,3,3,4,4,2,2,5,5,5,5,1,1,1,1,5,1,1,1,5,5,5,5,5,1,1,1,1,5,2,5,5,2,2,5,5,5,5,5,1,5,2,2,5,5,5,5,5,5,5,2,2,2,2,1,5,5,5,5,2,3,4,5,5,5,2,5,5,5,5,5,5,5,5,5,5,3,3,5,5,5,5,4,4,4,4,4,4,4,4,2,2,2,2,2,2,2,2","0.000684022903442383","louvain","edit-xhwikibooks.graphml"
"0.52","0.18","0.3","0.424400468986817","1,1,1,2,3,2,3,2,2,2,3,3,2,2,2,2,2,3,3,4,5,1,2,2,2,2,2,2,1,2,3,3,4,4,3,3,2,2,5,5,5,5,1,1,1,1,5,1,1,1,5,5,5,5,5,1,1,1,1,5,2,5,5,2,2,5,5,5,5,5,1,5,2,2,5,5,5,5,5,5,5,2,2,2,2,1,5,5,5,5,2,3,3,5,5,5,2,5,5,5,5,5,5,5,5,5,5,4,4,5,5,5,5,3,3,3,3,3,3,3,3,2,2,2,2,2,2,2,2","0.000667095184326172","louvain","edit-xhwikibooks.graphml"
"0.51","0.19","0.3","0.424055697092556","1,1,1,2,3,2,3,2,2,2,3,3,2,2,2,2,2,3,3,4,5,1,2,2,2,2,2,2,1,2,3,3,4,4,3,3,2,2,5,5,5,5,1,1,1,1,5,1,1,1,5,5,5,5,5,1,1,1,1,5,2,5,5,2,2,5,5,5,5,5,1,5,2,2,5,5,5,5,5,5,5,2,2,2,2,1,5,5,5,5,2,3,3,5,5,5,2,5,5,5,5,5,5,5,5,5,5,4,4,5,5,5,5,3,3,3,3,3,3,3,3,2,2,2,2,2,2,2,2","0.000870943069458008","louvain","edit-xhwikibooks.graphml"
"0.5","0.2","0.3","0.426185210105428","1,1,1,2,3,2,3,2,2,2,3,4,2,2,2,2,2,3,3,4,5,1,2,2,2,2,2,2,1,2,3,3,4,4,3,3,2,2,5,5,5,5,1,1,1,1,5,1,1,1,5,5,5,5,5,1,1,1,1,5,2,5,5,2,2,5,5,5,5,5,1,5,2,2,5,5,5,5,5,5,5,2,2,2,2,1,5,5,5,5,2,3,3,5,5,5,2,5,5,5,5,5,5,5,5,5,5,4,4,5,5,5,5,3,3,3,3,3,3,3,3,2,2,2,2,2,2,2,2","0.000783920288085938","louvain","edit-xhwikibooks.graphml"
"0.49","0.21","0.3","0.416353915978499","1,1,1,2,3,2,3,2,2,2,3,3,2,2,2,2,2,3,4,3,5,1,2,2,2,2,2,2,1,2,3,4,3,3,4,4,2,2,5,5,5,5,1,1,1,1,5,1,1,1,5,5,5,5,5,1,1,1,1,5,2,5,5,2,2,5,5,5,5,5,1,5,2,2,5,5,5,5,5,5,5,2,2,2,2,1,5,5,5,5,2,3,4,5,5,5,2,5,5,5,5,5,5,5,5,5,5,3,3,5,5,5,5,4,4,4,4,4,4,4,4,2,2,2,2,2,2,2,2","0.000918149948120117","louvain","edit-xhwikibooks.graphml"
"0.48","0.22","0.3","0.416353915978499","1,1,1,2,3,2,3,2,2,2,3,3,2,2,2,2,2,3,4,3,5,1,2,2,2,2,2,2,1,2,3,4,3,3,4,4,2,2,5,5,5,5,1,1,1,1,5,1,1,1,5,5,5,5,5,1,1,1,1,5,2,5,5,2,2,5,5,5,5,5,1,5,2,2,5,5,5,5,5,5,5,2,2,2,2,1,5,5,5,5,2,3,4,5,5,5,2,5,5,5,5,5,5,5,5,5,5,3,3,5,5,5,5,4,4,4,4,4,4,4,4,2,2,2,2,2,2,2,2","0.000692844390869141","louvain","edit-xhwikibooks.graphml"
"0.47","0.23","0.3","0.418070995045037","1,1,1,2,3,2,3,2,2,2,3,3,2,2,2,2,2,3,4,3,5,1,2,2,2,2,2,2,1,2,3,4,3,3,4,4,2,2,5,5,5,5,1,1,1,1,5,1,1,1,5,5,5,5,5,1,1,1,1,5,2,5,5,2,2,5,5,5,5,5,1,5,2,2,5,5,5,5,5,5,5,2,2,2,2,1,5,5,5,5,2,3,4,5,5,5,2,5,5,5,5,5,5,5,5,5,5,3,3,5,5,5,5,4,4,4,4,4,4,4,4,2,2,2,2,2,2,2,2","0.000937938690185547","louvain","edit-xhwikibooks.graphml"
"0.46","0.24","0.3","0.420150145124238","1,1,1,2,3,2,3,2,2,2,3,3,2,2,2,2,2,3,4,3,5,1,2,2,2,2,2,2,1,2,3,4,3,3,4,4,2,2,5,5,5,5,1,1,1,1,5,1,1,1,5,5,5,5,5,1,1,1,1,5,2,5,5,2,2,5,5,5,5,5,1,5,2,2,5,5,5,5,5,5,5,2,2,2,2,1,5,5,5,5,2,3,4,5,5,5,2,5,5,5,5,5,5,5,5,5,5,3,3,5,5,5,5,4,4,4,4,4,4,4,4,2,2,2,2,2,2,2,2","0.00101613998413086","louvain","edit-xhwikibooks.graphml"
"0.45","0.25","0.3","0.422747100622383","1,1,1,2,3,2,3,2,2,2,3,3,2,2,2,2,2,3,4,3,5,1,2,2,2,2,2,2,1,2,3,4,3,3,4,4,2,2,5,5,5,5,1,1,1,1,5,1,1,1,5,5,5,5,5,1,1,1,1,5,2,5,5,2,2,5,5,5,5,5,1,5,2,2,5,5,5,5,5,5,5,2,2,2,2,1,5,5,5,5,2,3,4,5,5,5,2,5,5,5,5,5,5,5,5,5,5,3,3,5,5,5,5,4,4,4,4,4,4,4,4,2,2,2,2,2,2,2,2","0.000669002532958984","louvain","edit-xhwikibooks.graphml"
"0.44","0.26","0.3","0.422747100622383","1,1,1,2,3,2,3,2,2,2,3,3,2,2,2,2,2,3,4,3,5,1,2,2,2,2,2,2,1,2,3,4,3,3,4,4,2,2,5,5,5,5,1,1,1,1,5,1,1,1,5,5,5,5,5,1,1,1,1,5,2,5,5,2,2,5,5,5,5,5,1,5,2,2,5,5,5,5,5,5,5,2,2,2,2,1,5,5,5,5,2,3,4,5,5,5,2,5,5,5,5,5,5,5,5,5,5,3,3,5,5,5,5,4,4,4,4,4,4,4,4,2,2,2,2,2,2,2,2","0.000864982604980469","louvain","edit-xhwikibooks.graphml"
"0.43","0.27","0.3","0.422747100622383","1,1,1,2,3,2,3,2,2,2,3,3,2,2,2,2,2,3,4,3,5,1,2,2,2,2,2,2,1,2,3,4,3,3,4,4,2,2,5,5,5,5,1,1,1,1,5,1,1,1,5,5,5,5,5,1,1,1,1,5,2,5,5,2,2,5,5,5,5,5,1,5,2,2,5,5,5,5,5,5,5,2,2,2,2,1,5,5,5,5,2,3,4,5,5,5,2,5,5,5,5,5,5,5,5,5,5,3,3,5,5,5,5,4,4,4,4,4,4,4,4,2,2,2,2,2,2,2,2","0.00100016593933105","louvain","edit-xhwikibooks.graphml"
"0.42","0.28","0.3","0.422402891617643","1,1,1,2,3,2,3,2,2,2,3,3,2,2,2,2,2,3,4,3,5,1,2,2,2,2,2,2,1,2,3,4,3,3,4,4,2,2,5,5,5,5,1,1,1,1,5,1,1,1,5,5,5,5,5,1,1,1,1,5,2,5,5,2,2,5,5,5,5,5,1,5,2,2,5,5,5,5,5,5,5,2,2,2,2,1,5,5,5,5,2,3,4,5,5,5,2,5,5,5,5,5,5,5,5,5,5,3,3,5,5,5,5,4,4,4,4,4,4,4,4,2,2,2,2,2,2,2,2","0.00111889839172363","louvain","edit-xhwikibooks.graphml"
"0.41","0.29","0.3","0.424410574591663","1,1,1,2,3,2,3,2,2,2,3,3,2,2,2,2,2,3,4,3,5,1,2,2,2,2,2,2,1,2,3,4,3,3,4,4,2,2,5,5,5,5,1,1,1,1,5,1,1,1,5,5,5,5,5,1,1,1,1,5,2,5,5,2,2,5,5,5,5,5,1,5,2,2,5,5,5,5,5,5,5,2,2,2,2,1,5,5,5,5,2,3,4,5,5,5,2,5,5,5,5,5,5,5,5,5,5,3,3,5,5,5,5,4,4,4,4,4,4,4,4,2,2,2,2,2,2,2,2","0.00118303298950195","louvain","edit-xhwikibooks.graphml"
"0.4","0.3","0.3","0.423099422799586","1,1,1,2,3,2,3,2,2,2,3,3,2,2,2,2,2,3,4,3,5,1,2,2,2,2,2,2,1,2,3,4,3,3,4,4,2,2,5,5,5,5,1,1,1,1,5,1,1,1,5,5,5,5,5,1,1,1,1,5,2,5,5,2,2,5,5,5,5,5,1,5,2,2,5,5,5,5,5,5,5,2,2,2,2,1,5,5,5,5,2,3,4,5,5,5,2,5,5,5,5,5,5,5,5,5,5,3,3,5,5,5,5,4,4,4,4,4,4,4,4,2,2,2,2,2,2,2,2","0.00101590156555176","louvain","edit-xhwikibooks.graphml"
"0.39","0.31","0.3","0.419645221528234","1,1,1,2,3,2,3,2,2,2,3,3,2,2,2,2,2,3,4,3,5,1,2,2,2,2,2,2,1,2,3,4,3,3,4,4,2,2,5,5,5,5,1,1,1,1,5,1,1,1,5,5,5,5,5,1,1,1,1,5,6,5,5,2,2,5,5,5,5,5,1,5,2,2,5,5,5,5,5,5,5,2,2,2,2,7,5,5,5,5,8,9,10,5,5,5,2,5,5,5,5,5,5,5,5,5,5,3,3,5,5,5,5,4,4,4,4,4,4,4,4,2,2,2,2,2,2,2,2","0.00109386444091797","louvain","edit-xhwikibooks.graphml"
"0.38","0.32","0.3","0.41930125095533","1,1,1,2,3,2,3,2,2,2,3,3,2,2,2,2,2,3,4,3,5,1,2,2,2,2,2,2,1,2,3,4,3,3,4,4,2,2,5,5,5,5,1,1,1,1,5,1,1,1,5,5,5,5,5,1,1,1,1,5,6,5,5,2,2,5,5,5,5,5,1,5,2,2,5,5,5,5,5,5,5,2,2,2,2,7,5,5,5,5,8,9,10,5,5,5,2,5,5,5,5,5,5,5,5,5,5,3,3,5,5,5,5,4,4,4,4,4,4,4,4,2,2,2,2,2,2,2,2","0.0010991096496582","louvain","edit-xhwikibooks.graphml"
"0.37","0.33","0.3","0.418560905908979","1,1,1,2,3,2,3,2,2,2,3,3,2,2,2,2,2,3,3,3,4,1,2,2,2,2,2,2,1,2,3,3,3,3,3,3,2,2,4,4,4,4,1,1,1,1,4,1,1,1,4,4,4,4,4,1,1,1,1,4,5,4,4,2,2,4,4,4,4,4,1,4,2,2,4,4,4,4,4,4,4,2,2,2,2,6,4,4,4,4,7,8,9,4,4,4,2,4,4,4,4,4,4,4,4,4,4,3,3,4,4,4,4,3,3,3,3,3,3,3,3,2,2,2,2,2,2,2,2","0.000787019729614258","louvain","edit-xhwikibooks.graphml"
"0.36","0.34","0.3","0.434356519259333","1,1,1,2,3,2,3,2,2,2,3,3,2,2,2,2,2,3,4,3,5,1,2,2,2,2,2,2,1,2,3,4,3,3,4,4,2,2,5,5,5,5,1,1,1,1,5,1,1,1,5,5,5,5,5,1,1,1,1,5,6,5,5,2,2,5,5,5,5,5,1,5,2,2,5,5,5,5,5,5,5,2,2,2,2,7,5,5,5,5,8,9,10,5,5,5,2,5,5,5,5,5,5,5,5,5,5,3,3,5,5,5,5,4,4,4,4,4,4,4,4,2,2,2,2,2,2,2,2","0.00105810165405273","louvain","edit-xhwikibooks.graphml"
"0.35","0.35","0.3","0.434356519259333","1,1,1,2,3,2,3,2,2,2,3,3,2,2,2,2,2,3,4,3,5,1,2,2,2,2,2,2,1,2,3,4,3,3,4,4,2,2,5,5,5,5,1,1,1,1,5,1,1,1,5,5,5,5,5,1,1,1,1,5,6,5,5,2,2,5,5,5,5,5,1,5,2,2,5,5,5,5,5,5,5,2,2,2,2,7,5,5,5,5,8,9,10,5,5,5,2,5,5,5,5,5,5,5,5,5,5,3,3,5,5,5,5,4,4,4,4,4,4,4,4,2,2,2,2,2,2,2,2","0.00105404853820801","louvain","edit-xhwikibooks.graphml"
"0.34","0.36","0.3","0.434011159017092","1,1,1,2,3,2,3,2,2,2,3,3,2,2,2,2,2,3,4,3,5,1,2,2,2,2,2,2,1,2,3,4,3,3,4,4,2,2,5,5,5,5,1,1,1,1,5,1,1,1,5,5,5,5,5,1,1,1,1,5,6,5,5,2,2,5,5,5,5,5,1,5,2,2,5,5,5,5,5,5,5,2,2,2,2,7,5,5,5,5,8,9,10,5,5,5,2,5,5,5,5,5,5,5,5,5,5,3,3,5,5,5,5,4,4,4,4,4,4,4,4,2,2,2,2,2,2,2,2","0.000766992568969727","louvain","edit-xhwikibooks.graphml"
"0.33","0.37","0.3","0.434011159017092","1,1,1,2,3,2,3,2,2,2,3,3,2,2,2,2,2,3,4,3,5,1,2,2,2,2,2,2,1,2,3,4,3,3,4,4,2,2,5,5,5,5,1,1,1,1,5,1,1,1,5,5,5,5,5,1,1,1,1,5,6,5,5,2,2,5,5,5,5,5,1,5,2,2,5,5,5,5,5,5,5,2,2,2,2,7,5,5,5,5,8,9,10,5,5,5,2,5,5,5,5,5,5,5,5,5,5,3,3,5,5,5,5,4,4,4,4,4,4,4,4,2,2,2,2,2,2,2,2","0.000741004943847656","louvain","edit-xhwikibooks.graphml"
"0.32","0.38","0.3","0.433666292042433","1,1,1,2,3,2,3,2,2,2,3,3,2,2,2,2,2,3,4,3,5,1,2,2,2,2,2,2,1,2,3,4,3,3,4,4,2,2,5,5,5,5,1,1,1,1,5,1,1,1,5,5,5,5,5,1,1,1,1,5,6,5,5,2,2,5,5,5,5,5,1,5,2,2,5,5,5,5,5,5,5,2,2,2,2,7,5,5,5,5,8,9,10,5,5,5,2,5,5,5,5,5,5,5,5,5,5,3,3,5,5,5,5,4,4,4,4,4,4,4,4,2,2,2,2,2,2,2,2","0.000882148742675781","louvain","edit-xhwikibooks.graphml"
"0.31","0.39","0.3","0.434651332259589","1,1,1,2,3,2,3,2,2,2,3,3,2,2,2,2,2,3,4,3,5,1,2,2,2,2,2,2,1,2,3,4,3,3,4,4,2,2,5,5,5,5,1,1,1,1,5,1,1,1,5,5,5,5,5,1,1,1,1,5,6,5,5,2,2,5,5,5,5,5,1,5,2,2,5,5,5,5,5,5,5,2,2,2,2,7,5,5,5,5,8,9,10,5,5,5,2,5,5,5,5,5,5,5,5,5,5,3,3,5,5,5,5,4,4,4,4,4,4,4,4,2,2,2,2,2,2,2,2","0.00104093551635742","louvain","edit-xhwikibooks.graphml"
"0.3","0.4","0.3","0.424687419506272","1,2,1,3,1,3,1,3,3,3,1,1,3,3,3,3,3,1,4,1,5,2,3,3,3,3,3,3,2,3,1,4,1,1,4,4,3,3,5,5,5,5,2,2,2,2,5,2,2,2,5,5,5,5,5,2,2,2,2,5,6,5,5,3,3,5,5,5,5,5,2,5,3,3,5,5,5,5,5,5,5,3,3,3,3,7,5,5,5,5,8,9,10,5,5,5,3,5,5,5,5,5,5,5,5,5,5,1,1,5,5,5,5,4,4,4,4,4,4,4,4,3,3,3,3,3,3,3,3","0.00107908248901367","louvain","edit-xhwikibooks.graphml"
"0.29","0.41","0.3","0.425032628760688","1,2,1,3,1,3,1,3,3,3,1,1,3,3,3,3,3,1,4,1,5,2,3,3,3,3,3,3,2,3,1,4,1,1,4,4,3,3,5,5,5,5,2,2,2,2,5,2,2,2,5,5,5,5,5,2,2,2,2,5,6,5,5,3,3,5,5,5,5,5,2,5,3,3,5,5,5,5,5,5,5,3,3,3,3,7,5,5,5,5,8,9,10,5,5,5,3,5,5,5,5,5,5,5,5,5,5,1,1,5,5,5,5,4,4,4,4,4,4,4,4,3,3,3,3,3,3,3,3","0.0010838508605957","louvain","edit-xhwikibooks.graphml"
"0.28","0.42","0.3","0.424687419506272","1,2,1,3,1,3,1,3,3,3,1,1,3,3,3,3,3,1,4,1,5,2,3,3,3,3,3,3,2,3,1,4,1,1,4,4,3,3,5,5,5,5,2,2,2,2,5,2,2,2,5,5,5,5,5,2,2,2,2,5,6,5,5,3,3,5,5,5,5,5,2,5,3,3,5,5,5,5,5,5,5,3,3,3,3,7,5,5,5,5,8,9,10,5,5,5,3,5,5,5,5,5,5,5,5,5,5,1,1,5,5,5,5,4,4,4,4,4,4,4,4,3,3,3,3,3,3,3,3","0.00111603736877441","louvain","edit-xhwikibooks.graphml"
"0.27","0.43","0.3","0.426678962159713","1,2,1,3,1,3,1,3,3,3,1,1,3,3,3,3,3,1,4,1,5,2,3,3,3,3,3,3,2,3,1,4,1,1,4,4,3,3,5,5,5,5,2,2,2,2,5,2,2,2,5,5,5,5,5,2,2,2,2,5,6,5,5,3,3,5,5,5,5,5,2,5,3,3,5,5,5,5,5,5,5,3,3,3,3,7,5,5,5,5,8,9,10,5,5,5,3,5,5,5,5,5,5,5,5,5,5,1,1,5,5,5,5,4,4,4,4,4,4,4,4,3,3,3,3,3,3,3,3","0.00104904174804688","louvain","edit-xhwikibooks.graphml"
"0.26","0.44","0.3","0.426334072022161","1,2,1,3,1,3,1,3,3,3,1,1,3,3,3,3,3,1,4,1,5,2,3,3,3,3,3,3,2,3,1,4,1,1,4,4,3,3,5,5,5,5,2,2,2,2,5,2,2,2,5,5,5,5,5,2,2,2,2,5,6,5,5,3,3,5,5,5,5,5,2,5,3,3,5,5,5,5,5,5,5,3,3,3,3,7,5,5,5,5,8,9,10,5,5,5,3,5,5,5,5,5,5,5,5,5,5,1,1,5,5,5,5,4,4,4,4,4,4,4,4,3,3,3,3,3,3,3,3","0.00128293037414551","louvain","edit-xhwikibooks.graphml"
"0.25","0.45","0.3","0.428371164642328","1,1,1,2,3,2,3,2,2,2,3,3,2,2,2,2,2,3,4,3,5,1,2,2,2,2,2,2,1,2,3,4,3,3,4,4,2,2,5,5,5,5,1,1,1,1,5,1,1,1,5,5,5,5,5,1,1,1,1,5,6,5,5,2,2,5,5,5,5,5,1,5,2,2,5,5,5,5,5,5,5,2,2,2,2,7,5,5,5,5,8,9,10,5,5,5,2,5,5,5,5,5,5,5,5,5,5,3,3,5,5,5,5,4,4,4,4,4,4,4,4,2,2,2,2,2,2,2,2","0.000931978225708008","louvain","edit-xhwikibooks.graphml"
"0.24","0.46","0.3","0.427964818670592","1,2,1,3,1,3,1,3,3,3,1,1,3,3,3,3,3,1,4,1,5,2,3,3,3,3,3,3,2,3,1,4,1,1,4,4,3,3,5,5,5,5,2,2,2,2,5,2,2,2,5,5,5,5,5,2,2,2,2,5,6,5,5,3,3,5,5,5,5,5,2,5,3,3,5,5,5,5,5,5,5,3,3,3,3,7,5,5,5,5,8,9,10,5,5,5,3,5,5,5,5,5,5,5,5,5,5,1,1,5,5,5,5,4,4,4,4,4,4,4,4,3,3,3,3,3,3,3,3","0.00117993354797363","louvain","edit-xhwikibooks.graphml"
"0.23","0.47","0.3","0.428975537184271","1,2,1,3,1,3,1,3,3,3,1,1,3,3,3,3,3,1,4,1,5,2,3,3,3,3,3,3,2,3,1,4,1,1,4,4,3,3,5,5,5,5,2,2,2,2,5,2,2,2,5,5,5,5,5,2,2,2,2,5,6,5,5,3,3,5,5,5,5,5,2,5,3,3,5,5,5,5,5,5,5,3,3,3,3,7,5,5,5,5,8,9,10,5,5,5,3,5,5,5,5,5,5,5,5,5,5,1,1,5,5,5,5,4,4,4,4,4,4,4,4,3,3,3,3,3,3,3,3","0.00115108489990234","louvain","edit-xhwikibooks.graphml"
"0.22","0.48","0.3","0.428678490172967","1,1,1,2,3,2,3,2,2,2,3,3,2,2,2,2,2,3,4,3,5,1,2,2,2,2,2,2,1,2,3,4,3,3,4,4,2,2,5,5,5,5,1,1,1,1,5,1,1,1,5,5,5,5,5,1,1,1,1,5,6,5,5,2,2,5,5,5,5,5,1,5,2,2,5,5,5,5,5,5,5,2,2,2,2,7,5,5,5,5,8,9,10,5,5,5,2,5,5,5,5,5,5,5,5,5,5,3,3,5,5,5,5,4,4,4,4,4,4,4,4,2,2,2,2,2,2,2,2","0.00106000900268555","louvain","edit-xhwikibooks.graphml"
"0.21","0.49","0.3","0.428678490172967","1,1,1,2,3,2,3,2,2,2,3,3,2,2,2,2,2,3,4,3,5,1,2,2,2,2,2,2,1,2,3,4,3,3,4,4,2,2,5,5,5,5,1,1,1,1,5,1,1,1,5,5,5,5,5,1,1,1,1,5,6,5,5,2,2,5,5,5,5,5,1,5,2,2,5,5,5,5,5,5,5,2,2,2,2,7,5,5,5,5,8,9,10,5,5,5,2,5,5,5,5,5,5,5,5,5,5,3,3,5,5,5,5,4,4,4,4,4,4,4,4,2,2,2,2,2,2,2,2","0.00103497505187988","louvain","edit-xhwikibooks.graphml"
"0.2","0.5","0.3","0.463121789084608","1,2,1,1,1,3,1,3,3,3,1,1,3,3,3,3,3,1,4,1,5,2,3,3,3,3,3,6,2,3,1,4,1,1,4,4,3,3,5,5,5,5,2,2,2,2,5,2,2,2,5,5,5,5,5,2,2,2,2,5,7,5,5,3,3,5,5,5,5,5,2,5,3,3,5,5,5,5,5,5,5,3,6,6,6,8,5,5,5,5,9,10,11,5,5,5,3,5,5,5,5,5,5,5,5,5,5,1,1,5,5,5,5,4,4,4,4,4,4,4,4,3,3,3,3,3,3,3,3","0.00102519989013672","louvain","edit-xhwikibooks.graphml"
"0.19","0.51","0.3","0.463162273439429","1,2,1,1,1,3,1,3,3,4,1,1,3,3,3,3,4,1,5,1,6,2,3,3,3,3,3,7,2,4,1,5,1,1,5,5,3,3,6,6,6,6,2,2,2,2,6,2,2,2,6,6,6,6,6,2,2,2,2,6,8,6,6,3,3,6,6,6,6,6,2,6,3,3,6,6,6,6,6,6,6,3,7,7,7,9,6,6,6,6,10,11,12,6,6,6,3,6,6,6,6,6,6,6,6,6,6,1,1,6,6,6,6,5,5,5,5,5,5,5,5,3,3,3,3,3,3,3,3","0.00115299224853516","louvain","edit-xhwikibooks.graphml"
"0.18","0.52","0.3","0.463162273439429","1,2,1,1,1,3,1,3,3,4,1,1,3,3,3,3,4,1,5,1,6,2,3,3,3,3,3,7,2,4,1,5,1,1,5,5,3,3,6,6,6,6,2,2,2,2,6,2,2,2,6,6,6,6,6,2,2,2,2,6,8,6,6,3,3,6,6,6,6,6,2,6,3,3,6,6,6,6,6,6,6,3,7,7,7,9,6,6,6,6,10,11,12,6,6,6,3,6,6,6,6,6,6,6,6,6,6,1,1,6,6,6,6,5,5,5,5,5,5,5,5,3,3,3,3,3,3,3,3","0.00118303298950195","louvain","edit-xhwikibooks.graphml"
"0.17","0.53","0.3","0.462674679932325","1,2,1,1,1,3,1,3,3,3,1,1,3,3,3,3,3,1,4,1,5,2,3,3,3,3,3,3,2,3,1,4,1,1,4,4,3,3,5,5,5,5,2,2,2,2,5,2,2,2,5,5,5,5,5,2,2,2,2,5,6,5,5,3,3,5,5,5,5,5,2,5,3,3,5,5,5,5,5,5,5,3,3,3,3,7,5,5,5,5,8,9,10,5,5,5,3,5,5,5,5,5,5,5,5,5,5,1,1,5,5,5,5,4,4,4,4,4,4,4,4,3,3,3,3,3,3,3,3","0.00111198425292969","louvain","edit-xhwikibooks.graphml"
"0.16","0.54","0.3","0.464552634835298","1,2,1,1,1,3,1,3,3,4,1,1,3,3,3,3,4,1,5,1,6,2,3,3,3,3,3,4,2,4,1,5,1,1,5,5,3,3,6,6,6,6,2,2,2,2,6,2,2,2,6,6,6,6,6,2,2,2,2,6,7,6,6,3,3,6,6,6,6,6,2,6,3,3,6,6,6,6,6,6,6,3,4,4,4,8,6,6,6,6,9,10,11,6,6,6,3,6,6,6,6,6,6,6,6,6,6,1,1,6,6,6,6,5,5,5,5,5,5,5,5,3,3,3,3,3,3,3,3","0.000878810882568359","louvain","edit-xhwikibooks.graphml"
"0.15","0.55","0.3","0.464540805057008","1,2,1,1,1,3,1,4,4,3,1,1,4,4,4,3,3,1,5,1,6,2,4,4,4,4,4,3,2,3,1,5,1,1,5,5,4,4,6,6,6,6,2,2,2,2,6,2,2,2,6,6,6,6,6,2,2,2,2,6,7,6,6,4,4,6,6,6,6,6,2,6,4,4,6,6,6,6,6,6,6,4,3,3,3,8,6,6,6,6,9,10,11,6,6,6,3,6,6,6,6,6,6,6,6,6,6,1,1,6,6,6,6,5,5,5,5,5,5,5,5,4,4,4,4,4,4,4,4","0.000659942626953125","louvain","edit-xhwikibooks.graphml"
"0.14","0.56","0.3","0.4660385","1,2,1,1,1,1,1,3,3,1,1,1,3,3,3,1,1,1,4,1,5,2,3,3,3,3,3,1,2,1,1,4,1,1,4,4,3,3,5,5,5,5,2,2,2,2,5,2,2,2,5,5,5,5,5,2,2,2,2,5,6,5,5,3,3,5,5,5,5,5,2,5,3,3,5,5,5,5,5,5,5,3,1,1,1,7,5,5,5,5,8,9,10,5,5,5,1,5,5,5,5,5,5,5,5,5,5,1,1,5,5,5,5,4,4,4,4,4,4,4,4,3,3,3,3,3,3,3,3","0.000908136367797852","louvain","edit-xhwikibooks.graphml"
"0.13","0.57","0.3","0.466554914123848","1,2,1,1,1,3,1,3,3,3,1,1,3,3,3,3,3,1,4,1,5,2,3,3,3,3,3,6,2,3,1,4,1,1,4,4,3,3,5,5,5,5,2,2,2,2,5,2,2,2,5,5,5,5,5,2,2,2,2,5,7,5,5,3,3,5,5,5,5,5,2,5,3,3,5,5,5,5,5,5,5,3,6,6,6,8,5,5,5,5,9,10,11,5,5,5,3,5,5,5,5,5,5,5,5,5,5,1,1,5,5,5,5,4,4,4,4,4,4,4,4,3,3,3,3,3,3,3,3","0.000694990158081055","louvain","edit-xhwikibooks.graphml"
"0.12","0.58","0.3","0.468282249488103","1,2,1,1,1,3,1,3,3,4,1,1,3,3,3,3,4,1,5,1,6,2,3,3,3,3,3,7,2,4,1,5,1,1,5,5,3,3,6,6,6,6,2,2,2,2,6,2,2,2,6,6,6,6,6,2,2,2,2,6,8,6,6,3,3,6,6,6,6,6,2,6,3,3,6,6,6,6,6,6,6,3,7,7,7,9,6,6,6,6,10,11,12,6,6,6,3,6,6,6,6,6,6,6,6,6,6,1,1,6,6,6,6,5,5,5,5,5,5,5,5,3,3,3,3,3,3,3,3","0.000975847244262695","louvain","edit-xhwikibooks.graphml"
"0.11","0.59","0.3","0.467935942179649","1,2,1,1,1,3,1,3,3,4,1,1,3,3,3,3,4,1,5,1,6,2,3,3,3,3,3,7,2,4,1,5,1,1,5,5,3,3,6,6,6,6,2,2,2,2,6,2,2,2,6,6,6,6,6,2,2,2,2,6,8,6,6,3,3,6,6,6,6,6,2,6,3,3,6,6,6,6,6,6,6,3,7,7,7,9,6,6,6,6,10,11,12,6,6,6,3,6,6,6,6,6,6,6,6,6,6,1,1,6,6,6,6,5,5,5,5,5,5,5,5,3,3,3,3,3,3,3,3","0.000687837600708008","louvain","edit-xhwikibooks.graphml"
"0.1","0.6","0.3","0.462497321452824","1,2,1,1,1,1,1,3,3,1,1,1,3,3,3,1,4,1,5,1,6,2,3,3,3,3,3,1,2,7,8,5,1,1,5,5,3,3,6,6,6,6,2,2,2,2,6,2,2,2,6,6,6,6,6,2,2,2,2,6,9,6,6,10,11,6,6,6,6,6,2,6,3,3,6,6,6,6,6,6,6,12,1,1,1,13,6,6,6,6,14,15,16,6,6,6,17,6,6,6,6,6,6,6,6,6,6,18,19,6,6,6,6,5,5,5,5,5,5,5,5,3,3,3,3,3,3,3,3","0.000649929046630859","louvain","edit-xhwikibooks.graphml"
"0.09","0.61","0.3","0.445845910181221","1,2,1,1,1,3,1,3,3,3,1,1,3,3,3,3,4,1,5,1,6,2,3,3,3,3,3,3,2,7,8,5,1,1,5,5,3,3,6,6,6,6,2,2,2,2,6,2,2,2,6,6,6,6,6,2,2,2,2,6,9,6,6,10,11,6,6,6,6,6,2,6,3,3,6,6,6,6,6,6,6,12,3,3,3,13,6,6,6,6,14,15,16,6,6,6,17,6,6,6,6,6,6,6,6,6,6,18,19,6,6,6,6,5,5,5,5,5,5,5,5,3,3,3,3,3,3,3,3","0.000617027282714844","louvain","edit-xhwikibooks.graphml"
"0.08","0.62","0.3","0.446886713869221","1,2,1,1,1,3,1,3,3,3,1,1,3,3,3,3,4,1,5,1,6,2,3,3,3,3,3,7,2,8,9,5,1,1,5,5,3,3,6,6,6,6,2,2,2,2,6,2,2,2,6,6,6,6,6,2,2,2,2,6,10,6,6,11,12,6,6,6,6,6,2,6,3,3,6,6,6,6,6,6,6,13,7,7,7,14,6,6,6,6,15,16,17,6,6,6,18,6,6,6,6,6,6,6,6,6,6,19,20,6,6,6,6,5,5,5,5,5,5,5,5,3,3,3,3,3,3,3,3","0.000894069671630859","louvain","edit-xhwikibooks.graphml"
"0.07","0.63","0.3","0.446540331538788","1,2,1,1,1,3,1,3,3,3,1,1,3,3,3,3,4,1,5,1,6,2,3,3,3,3,3,7,2,8,9,5,1,1,5,5,3,3,6,6,6,6,2,2,2,2,6,2,2,2,6,6,6,6,6,2,2,2,2,6,10,6,6,11,12,6,6,6,6,6,2,6,3,3,6,6,6,6,6,6,6,13,7,7,7,14,6,6,6,6,15,16,17,6,6,6,18,6,6,6,6,6,6,6,6,6,6,19,20,6,6,6,6,5,5,5,5,5,5,5,5,3,3,3,3,3,3,3,3","0.00108599662780762","louvain","edit-xhwikibooks.graphml"
"0.06","0.64","0.3","0.446540331538788","1,2,1,1,1,3,1,3,3,3,1,1,3,3,3,3,4,1,5,1,6,2,3,3,3,3,3,7,2,8,9,5,1,1,5,5,3,3,6,6,6,6,2,2,2,2,6,2,2,2,6,6,6,6,6,2,2,2,2,6,10,6,6,11,12,6,6,6,6,6,2,6,3,3,6,6,6,6,6,6,6,13,7,7,7,14,6,6,6,6,15,16,17,6,6,6,18,6,6,6,6,6,6,6,6,6,6,19,20,6,6,6,6,5,5,5,5,5,5,5,5,3,3,3,3,3,3,3,3","0.000710010528564453","louvain","edit-xhwikibooks.graphml"
"0.05","0.65","0.3","0.446129101837142","1,2,1,1,1,3,1,3,3,3,1,1,3,3,3,3,4,1,5,1,6,2,3,3,3,3,3,3,2,7,8,5,1,1,5,5,3,3,6,6,6,6,2,2,2,2,6,2,2,2,6,6,6,6,6,2,2,2,2,6,9,6,6,10,11,6,6,6,6,6,2,6,3,3,6,6,6,6,6,6,6,12,3,3,3,13,6,6,6,6,14,15,16,6,6,6,17,6,6,6,6,6,6,6,6,6,6,18,19,6,6,6,6,5,5,5,5,5,5,5,5,3,3,3,3,3,3,3,3","0.000988006591796875","louvain","edit-xhwikibooks.graphml"
"0.04","0.66","0.3","0.446194432576603","1,2,1,1,1,3,1,3,3,3,1,1,3,3,3,3,4,1,5,1,6,2,3,3,3,3,3,7,2,8,9,5,1,1,5,5,3,3,6,6,6,6,2,2,2,2,6,2,2,2,6,6,6,6,6,2,2,2,2,6,10,6,6,11,12,6,6,6,6,6,2,6,3,3,6,6,6,6,6,6,6,13,7,7,7,14,6,6,6,6,15,16,17,6,6,6,18,6,6,6,6,6,6,6,6,6,6,19,20,6,6,6,6,5,5,5,5,5,5,5,5,3,3,3,3,3,3,3,3","0.000730037689208984","louvain","edit-xhwikibooks.graphml"
"0.03","0.67","0.3","0.458800674842984","1,1,1,1,2,3,2,3,3,3,2,2,3,3,3,3,4,2,5,2,6,1,3,3,3,3,3,7,1,8,9,5,2,2,5,5,3,3,6,6,6,6,1,1,1,1,6,1,1,1,6,6,6,6,6,1,1,1,1,6,10,6,6,11,12,6,6,6,6,6,1,6,3,3,6,6,6,6,6,6,6,13,7,7,7,14,6,6,6,6,15,16,17,6,6,6,18,6,6,6,6,6,6,6,6,6,6,19,20,6,6,6,6,5,5,5,5,5,5,5,5,3,3,3,3,3,3,3,3","0.000886917114257812","louvain","edit-xhwikibooks.graphml"
"0.02","0.68","0.3","0.458800674842984","1,1,1,1,2,3,2,3,3,3,2,2,3,3,3,3,4,2,5,2,6,1,3,3,3,3,3,7,1,8,9,5,2,2,5,5,3,3,6,6,6,6,1,1,1,1,6,1,1,1,6,6,6,6,6,1,1,1,1,6,10,6,6,11,12,6,6,6,6,6,1,6,3,3,6,6,6,6,6,6,6,13,7,7,7,14,6,6,6,6,15,16,17,6,6,6,18,6,6,6,6,6,6,6,6,6,6,19,20,6,6,6,6,5,5,5,5,5,5,5,5,3,3,3,3,3,3,3,3","0.00112390518188477","louvain","edit-xhwikibooks.graphml"
"0.01","0.69","0.3","0.458439925944073","1,2,1,1,3,1,3,4,4,1,3,3,4,4,4,1,5,3,6,3,7,2,4,4,4,4,4,1,2,8,9,6,3,3,6,6,4,4,7,7,7,7,2,2,2,2,7,2,2,2,7,7,7,7,7,2,2,2,2,7,10,7,7,11,12,7,7,7,7,7,2,7,4,4,7,7,7,7,7,7,7,13,1,1,1,14,7,7,7,7,15,16,17,7,7,7,18,7,7,7,7,7,7,7,7,7,7,19,20,7,7,7,7,6,6,6,6,6,6,6,6,4,4,4,4,4,4,4,4","0.000761985778808594","louvain","edit-xhwikibooks.graphml"
"0","0.7","0.3","0.462614472212451","1,1,1,1,1,2,3,2,2,2,3,3,2,2,2,2,4,3,5,3,6,1,2,2,2,2,2,2,1,7,8,5,3,3,5,5,9,2,6,6,6,6,1,1,1,1,6,1,1,1,6,6,6,6,6,1,1,1,1,6,10,6,6,11,12,6,6,6,6,6,1,6,2,2,6,6,6,6,6,6,6,13,2,2,2,14,6,6,6,6,15,16,17,6,6,6,18,6,6,6,6,6,6,6,6,6,6,19,20,6,6,6,6,5,5,5,5,5,5,5,5,9,9,9,9,9,9,9,9","0.000757932662963867","louvain","edit-xhwikibooks.graphml"
"0.69","0","0.31","0.409457611475215","1,1,1,2,3,2,3,2,2,2,3,3,2,2,2,2,2,3,3,4,5,1,2,2,2,2,2,2,1,2,3,3,4,4,3,3,2,2,5,5,5,5,1,1,1,1,5,1,1,1,5,5,5,5,5,1,1,1,1,5,2,5,5,2,2,5,5,5,5,5,1,5,2,2,5,5,5,5,5,5,5,2,2,2,2,1,5,5,5,5,2,3,3,5,5,5,2,5,5,5,5,5,5,5,5,5,5,4,4,5,5,5,5,3,3,3,3,3,3,3,3,2,2,2,2,2,2,2,2","0.000609874725341797","louvain","edit-xhwikibooks.graphml"
"0.68","0.01","0.31","0.409451260817287","1,1,1,2,3,2,3,2,2,2,3,3,2,2,2,2,2,3,3,3,4,1,2,2,2,2,2,2,1,2,3,3,3,3,3,3,2,2,4,4,4,4,1,1,1,1,4,1,1,1,4,4,4,4,4,1,1,1,1,4,2,4,4,2,2,4,4,4,4,4,1,4,2,2,4,4,4,4,4,4,4,2,2,2,2,1,4,4,4,4,2,3,3,4,4,4,2,4,4,4,4,4,4,4,4,4,4,3,3,4,4,4,4,3,3,3,3,3,3,3,3,2,2,2,2,2,2,2,2","0.000717878341674805","louvain","edit-xhwikibooks.graphml"
"0.67","0.02","0.31","0.409695761147522","1,1,1,2,3,2,3,2,2,2,3,3,2,2,2,2,2,3,4,3,5,1,2,2,2,2,2,2,1,2,3,4,3,3,4,4,2,2,5,5,5,5,1,1,1,1,5,1,1,1,5,5,5,5,5,1,1,1,1,5,2,5,5,2,2,5,5,5,5,5,1,5,2,2,5,5,5,5,5,5,5,2,2,2,2,1,5,5,5,5,2,3,4,5,5,5,2,5,5,5,5,5,5,5,5,5,5,3,3,5,5,5,5,4,4,4,4,4,4,4,4,2,2,2,2,2,2,2,2","0.00071406364440918","louvain","edit-xhwikibooks.graphml"
"0.66","0.03","0.31","0.409369523908109","1,1,1,2,3,2,3,2,2,2,3,3,2,2,2,2,2,3,4,3,5,1,2,2,2,2,2,2,1,2,3,4,3,3,4,4,2,2,5,5,5,5,1,1,1,1,5,1,1,1,5,5,5,5,5,1,1,1,1,5,2,5,5,2,2,5,5,5,5,5,1,5,2,2,5,5,5,5,5,5,5,2,2,2,2,1,5,5,5,5,2,3,4,5,5,5,2,5,5,5,5,5,5,5,5,5,5,3,3,5,5,5,5,4,4,4,4,4,4,4,4,2,2,2,2,2,2,2,2","0.000693082809448242","louvain","edit-xhwikibooks.graphml"
"0.65","0.04","0.31","0.409369523908109","1,1,1,2,3,2,3,2,2,2,3,3,2,2,2,2,2,3,4,3,5,1,2,2,2,2,2,2,1,2,3,4,3,3,4,4,2,2,5,5,5,5,1,1,1,1,5,1,1,1,5,5,5,5,5,1,1,1,1,5,2,5,5,2,2,5,5,5,5,5,1,5,2,2,5,5,5,5,5,5,5,2,2,2,2,1,5,5,5,5,2,3,4,5,5,5,2,5,5,5,5,5,5,5,5,5,5,3,3,5,5,5,5,4,4,4,4,4,4,4,4,2,2,2,2,2,2,2,2","0.000610113143920898","louvain","edit-xhwikibooks.graphml"
"0.64","0.05","0.31","0.408965758594083","1,1,1,2,3,2,3,2,2,2,3,4,2,2,2,2,2,3,3,4,5,1,2,2,2,2,2,2,1,2,3,3,4,4,3,3,2,2,5,5,5,5,1,1,1,1,5,1,1,1,5,5,5,5,5,1,1,1,1,5,2,5,5,2,2,5,5,5,5,5,1,5,2,2,5,5,5,5,5,5,5,2,2,2,2,1,5,5,5,5,2,3,3,5,5,5,2,5,5,5,5,5,5,5,5,5,5,4,4,5,5,5,5,3,3,3,3,3,3,3,3,2,2,2,2,2,2,2,2","0.000622987747192383","louvain","edit-xhwikibooks.graphml"
"0.63","0.06","0.31","0.408804481192736","1,1,1,2,3,2,3,2,2,2,3,3,2,2,2,2,2,3,3,3,4,1,2,2,2,2,2,2,1,2,3,3,3,3,3,3,2,2,4,4,4,4,1,1,1,1,4,1,1,1,4,4,4,4,4,1,1,1,1,4,2,4,4,2,2,4,4,4,4,4,1,4,2,2,4,4,4,4,4,4,4,2,2,2,2,1,4,4,4,4,2,3,3,4,4,4,2,4,4,4,4,4,4,4,4,4,4,3,3,4,4,4,4,3,3,3,3,3,3,3,3,2,2,2,2,2,2,2,2","0.000597953796386719","louvain","edit-xhwikibooks.graphml"
"0.62","0.07","0.31","0.408481788297173","1,1,1,2,3,2,3,2,2,2,3,3,2,2,2,2,2,3,3,3,4,1,2,2,2,2,2,2,1,2,3,3,3,3,3,3,2,2,4,4,4,4,1,1,1,1,4,1,1,1,4,4,4,4,4,1,1,1,1,4,2,4,4,2,2,4,4,4,4,4,1,4,2,2,4,4,4,4,4,4,4,2,2,2,2,1,4,4,4,4,2,3,3,4,4,4,2,4,4,4,4,4,4,4,4,4,4,3,3,4,4,4,4,3,3,3,3,3,3,3,3,2,2,2,2,2,2,2,2","0.000648021697998047","louvain","edit-xhwikibooks.graphml"
"0.61","0.08","0.31","0.409511682007525","1,1,1,2,3,2,3,2,2,2,3,3,2,2,2,2,2,3,3,3,4,1,2,2,2,2,2,2,1,2,3,3,3,3,3,3,2,2,4,4,4,4,1,1,1,1,4,1,1,1,4,4,4,4,4,1,1,1,1,4,2,4,4,2,2,4,4,4,4,4,1,4,2,2,4,4,4,4,4,4,4,2,2,2,2,1,4,4,4,4,2,3,3,4,4,4,2,4,4,4,4,4,4,4,4,4,4,3,3,4,4,4,4,3,3,3,3,3,3,3,3,2,2,2,2,2,2,2,2","0.000607013702392578","louvain","edit-xhwikibooks.graphml"
"0.6","0.09","0.31","0.409189244119351","1,1,1,2,3,2,3,2,2,2,3,3,2,2,2,2,2,3,3,3,4,1,2,2,2,2,2,2,1,2,3,3,3,3,3,3,2,2,4,4,4,4,1,1,1,1,4,1,1,1,4,4,4,4,4,1,1,1,1,4,2,4,4,2,2,4,4,4,4,4,1,4,2,2,4,4,4,4,4,4,4,2,2,2,2,1,4,4,4,4,2,3,3,4,4,4,2,4,4,4,4,4,4,4,4,4,4,3,3,4,4,4,4,3,3,3,3,3,3,3,3,2,2,2,2,2,2,2,2","0.000651836395263672","louvain","edit-xhwikibooks.graphml"
"0.59","0.1","0.31","0.409189244119351","1,1,1,2,3,2,3,2,2,2,3,3,2,2,2,2,2,3,3,3,4,1,2,2,2,2,2,2,1,2,3,3,3,3,3,3,2,2,4,4,4,4,1,1,1,1,4,1,1,1,4,4,4,4,4,1,1,1,1,4,2,4,4,2,2,4,4,4,4,4,1,4,2,2,4,4,4,4,4,4,4,2,2,2,2,1,4,4,4,4,2,3,3,4,4,4,2,4,4,4,4,4,4,4,4,4,4,3,3,4,4,4,4,3,3,3,3,3,3,3,3,2,2,2,2,2,2,2,2","0.000585079193115234","louvain","edit-xhwikibooks.graphml"
"0.58","0.11","0.31","0.406107560815253","1,1,1,2,3,2,3,2,2,2,3,3,2,2,2,2,2,3,4,3,5,1,2,2,2,2,2,2,1,2,3,4,3,3,4,4,2,2,5,5,5,5,1,1,1,1,5,1,1,1,5,5,5,5,5,1,1,1,1,5,2,5,5,2,2,5,5,5,5,5,1,5,2,2,5,5,5,5,5,5,5,2,2,2,2,1,5,5,5,5,2,3,4,5,5,5,2,5,5,5,5,5,5,5,5,5,5,3,3,5,5,5,5,4,4,4,4,4,4,4,4,2,2,2,2,2,2,2,2","0.000576972961425781","louvain","edit-xhwikibooks.graphml"
"0.57","0.12","0.31","0.407890174106811","1,1,1,2,3,2,3,2,2,2,3,3,2,2,2,2,2,3,3,3,4,1,2,2,2,2,2,2,1,2,3,3,3,3,3,3,2,2,4,4,4,4,1,1,1,1,4,1,1,1,4,4,4,4,4,1,1,1,1,4,2,4,4,2,2,4,4,4,4,4,1,4,2,2,4,4,4,4,4,4,4,2,2,2,2,1,4,4,4,4,2,3,3,4,4,4,2,4,4,4,4,4,4,4,4,4,4,3,3,4,4,4,4,3,3,3,3,3,3,3,3,2,2,2,2,2,2,2,2","0.000605106353759766","louvain","edit-xhwikibooks.graphml"
"0.56","0.13","0.31","0.401211102328946","1,1,1,2,3,2,3,2,2,2,3,3,2,2,2,2,2,3,2,3,4,1,2,2,2,2,2,2,1,2,3,2,3,3,2,2,5,2,4,4,4,4,1,1,1,1,4,1,1,1,4,4,4,4,4,1,1,1,1,4,2,4,4,2,2,4,4,4,4,4,1,4,2,2,4,4,4,4,4,4,4,2,2,2,2,1,4,4,4,4,2,3,2,4,4,4,2,4,4,4,4,4,4,4,4,4,4,3,3,4,4,4,4,2,2,2,2,2,2,2,2,5,5,5,5,5,5,5,5","0.000618934631347656","louvain","edit-xhwikibooks.graphml"
"0.55","0.14","0.31","0.408822243622716","1,1,1,2,3,2,3,2,2,2,3,3,2,2,2,2,2,3,4,3,5,1,2,2,2,2,2,2,1,2,3,4,3,3,4,4,2,2,5,5,5,5,1,1,1,1,5,1,1,1,5,5,5,5,5,1,1,1,1,5,2,5,5,2,2,5,5,5,5,5,1,5,2,2,5,5,5,5,5,5,5,2,2,2,2,1,5,5,5,5,2,3,4,5,5,5,2,5,5,5,5,5,5,5,5,5,5,3,3,5,5,5,5,4,4,4,4,4,4,4,4,2,2,2,2,2,2,2,2","0.000571012496948242","louvain","edit-xhwikibooks.graphml"
"0.54","0.15","0.31","0.410249044926809","1,1,1,2,3,2,3,2,2,2,3,3,2,2,2,2,2,3,3,4,5,1,2,2,2,2,2,2,1,2,3,3,4,4,3,3,2,2,5,5,5,5,1,1,1,1,5,1,1,1,5,5,5,5,5,1,1,1,1,5,2,5,5,2,2,5,5,5,5,5,1,5,2,2,5,5,5,5,5,5,5,2,2,2,2,1,5,5,5,5,2,3,3,5,5,5,2,5,5,5,5,5,5,5,5,5,5,4,4,5,5,5,5,3,3,3,3,3,3,3,3,2,2,2,2,2,2,2,2","0.000585079193115234","louvain","edit-xhwikibooks.graphml"
"0.53","0.16","0.31","0.41126412491501","1,1,1,2,3,2,3,2,2,2,3,3,2,2,2,2,2,3,3,4,5,1,2,2,2,2,2,2,1,2,3,3,4,4,3,3,2,2,5,5,5,5,1,1,1,1,5,1,1,1,5,5,5,5,5,1,1,1,1,5,2,5,5,2,2,5,5,5,5,5,1,5,2,2,5,5,5,5,5,5,5,2,2,2,2,1,5,5,5,5,2,3,3,5,5,5,2,5,5,5,5,5,5,5,5,5,5,4,4,5,5,5,5,3,3,3,3,3,3,3,3,2,2,2,2,2,2,2,2","0.000851154327392578","louvain","edit-xhwikibooks.graphml"
"0.52","0.17","0.31","0.411937437192404","1,1,1,2,3,2,3,2,2,2,3,3,2,2,2,2,2,3,3,4,5,1,2,2,2,2,2,2,1,2,3,3,4,4,3,3,2,2,5,5,5,5,1,1,1,1,5,1,1,1,5,5,5,5,5,1,1,1,1,5,2,5,5,2,2,5,5,5,5,5,1,5,2,2,5,5,5,5,5,5,5,2,2,2,2,1,5,5,5,5,2,3,3,5,5,5,2,5,5,5,5,5,5,5,5,5,5,4,4,5,5,5,5,3,3,3,3,3,3,3,3,2,2,2,2,2,2,2,2","0.000929117202758789","louvain","edit-xhwikibooks.graphml"
"0.51","0.18","0.31","0.409027901172221","1,1,1,2,3,2,3,2,2,2,3,3,2,2,2,2,2,3,3,3,4,1,2,2,2,2,2,2,1,2,3,3,3,3,3,3,2,2,4,4,4,4,1,1,1,1,4,1,1,1,4,4,4,4,4,1,1,1,1,4,2,4,4,2,2,4,4,4,4,4,1,4,2,2,4,4,4,4,4,4,4,2,2,2,2,1,4,4,4,4,2,3,3,4,4,4,2,4,4,4,4,4,4,4,4,4,4,3,3,4,4,4,4,3,3,3,3,3,3,3,3,2,2,2,2,2,2,2,2","0.000595808029174805","louvain","edit-xhwikibooks.graphml"
"0.5","0.19","0.31","0.408706513578424","1,1,1,2,3,2,3,2,2,2,3,3,2,2,2,2,2,3,3,3,4,1,2,2,2,2,2,2,1,2,3,3,3,3,3,3,2,2,4,4,4,4,1,1,1,1,4,1,1,1,4,4,4,4,4,1,1,1,1,4,2,4,4,2,2,4,4,4,4,4,1,4,2,2,4,4,4,4,4,4,4,2,2,2,2,1,4,4,4,4,2,3,3,4,4,4,2,4,4,4,4,4,4,4,4,4,4,3,3,4,4,4,4,3,3,3,3,3,3,3,3,2,2,2,2,2,2,2,2","0.000601053237915039","louvain","edit-xhwikibooks.graphml"
"0.49","0.2","0.31","0.410675998909379","1,1,1,2,3,2,3,2,2,2,3,3,2,2,2,2,2,3,3,4,5,1,2,2,2,2,2,2,1,2,3,3,4,4,3,3,2,2,5,5,5,5,1,1,1,1,5,1,1,1,5,5,5,5,5,1,1,1,1,5,2,5,5,2,2,5,5,5,5,5,1,5,2,2,5,5,5,5,5,5,5,2,2,2,2,1,5,5,5,5,2,3,3,5,5,5,2,5,5,5,5,5,5,5,5,5,5,4,4,5,5,5,5,3,3,3,3,3,3,3,3,2,2,2,2,2,2,2,2","0.000586986541748047","louvain","edit-xhwikibooks.graphml"
"0.48","0.21","0.31","0.41051147929604","1,1,1,2,3,2,3,2,2,2,3,4,2,2,2,2,2,3,3,4,5,1,2,2,2,2,2,2,1,2,3,3,4,4,3,3,2,2,5,5,5,5,1,1,1,1,5,1,1,1,5,5,5,5,5,1,1,1,1,5,2,5,5,2,2,5,5,5,5,5,1,5,2,2,5,5,5,5,5,5,5,2,2,2,2,1,5,5,5,5,2,3,3,5,5,5,2,5,5,5,5,5,5,5,5,5,5,4,4,5,5,5,5,3,3,3,3,3,3,3,3,2,2,2,2,2,2,2,2","0.000570058822631836","louvain","edit-xhwikibooks.graphml"
"0.47","0.22","0.31","0.41033626220722","1,1,1,2,3,2,3,2,2,2,3,3,2,2,2,2,2,3,3,3,4,1,2,2,2,2,2,2,1,2,3,3,3,3,3,3,2,2,4,4,4,4,1,1,1,1,4,1,1,1,4,4,4,4,4,1,1,1,1,4,2,4,4,2,2,4,4,4,4,4,1,4,2,2,4,4,4,4,4,4,4,2,2,2,2,1,4,4,4,4,2,3,3,4,4,4,2,4,4,4,4,4,4,4,4,4,4,3,3,4,4,4,4,3,3,3,3,3,3,3,3,2,2,2,2,2,2,2,2","0.000624179840087891","louvain","edit-xhwikibooks.graphml"
"0.46","0.23","0.31","0.412971912472997","1,1,1,2,3,2,3,2,2,2,3,3,2,2,2,2,2,3,3,3,4,1,2,2,2,2,2,2,1,2,3,3,3,3,3,3,2,2,4,4,4,4,1,1,1,1,4,1,1,1,4,4,4,4,4,1,1,1,1,4,2,4,4,2,2,4,4,4,4,4,1,4,2,2,4,4,4,4,4,4,4,2,2,2,2,1,4,4,4,4,2,3,3,4,4,4,2,4,4,4,4,4,4,4,4,4,4,3,3,4,4,4,4,3,3,3,3,3,3,3,3,2,2,2,2,2,2,2,2","0.000746011734008789","louvain","edit-xhwikibooks.graphml"
"0.45","0.24","0.31","0.414265381083563","1,1,1,2,3,2,3,2,2,2,3,3,2,2,2,2,2,3,4,3,5,1,2,2,2,2,2,2,1,2,3,4,3,3,4,4,2,2,5,5,5,5,1,1,1,1,5,1,1,1,5,5,5,5,5,1,1,1,1,5,2,5,5,2,2,5,5,5,5,5,1,5,2,2,5,5,5,5,5,5,5,2,2,2,2,1,5,5,5,5,2,3,4,5,5,5,2,5,5,5,5,5,5,5,5,5,5,3,3,5,5,5,5,4,4,4,4,4,4,4,4,2,2,2,2,2,2,2,2","0.000733852386474609","louvain","edit-xhwikibooks.graphml"
"0.44","0.25","0.31","0.414489741681185","1,1,1,2,3,2,3,2,2,2,3,3,2,2,2,2,2,3,4,3,5,1,2,2,2,2,2,2,1,2,3,4,3,3,4,4,2,2,5,5,5,5,1,1,1,1,5,1,1,1,5,5,5,5,5,1,1,1,1,5,2,5,5,2,2,5,5,5,5,5,1,5,2,2,5,5,5,5,5,5,5,2,2,2,2,1,5,5,5,5,2,3,4,5,5,5,2,5,5,5,5,5,5,5,5,5,5,3,3,5,5,5,5,4,4,4,4,4,4,4,4,2,2,2,2,2,2,2,2","0.000783920288085938","louvain","edit-xhwikibooks.graphml"
"0.43","0.26","0.31","0.414489741681185","1,1,1,2,3,2,3,2,2,2,3,3,2,2,2,2,2,3,4,3,5,1,2,2,2,2,2,2,1,2,3,4,3,3,4,4,2,2,5,5,5,5,1,1,1,1,5,1,1,1,5,5,5,5,5,1,1,1,1,5,2,5,5,2,2,5,5,5,5,5,1,5,2,2,5,5,5,5,5,5,5,2,2,2,2,1,5,5,5,5,2,3,4,5,5,5,2,5,5,5,5,5,5,5,5,5,5,3,3,5,5,5,5,4,4,4,4,4,4,4,4,2,2,2,2,2,2,2,2","0.000719070434570312","louvain","edit-xhwikibooks.graphml"
"0.42","0.27","0.31","0.414489741681185","1,1,1,2,3,2,3,2,2,2,3,3,2,2,2,2,2,3,4,3,5,1,2,2,2,2,2,2,1,2,3,4,3,3,4,4,2,2,5,5,5,5,1,1,1,1,5,1,1,1,5,5,5,5,5,1,1,1,1,5,2,5,5,2,2,5,5,5,5,5,1,5,2,2,5,5,5,5,5,5,5,2,2,2,2,1,5,5,5,5,2,3,4,5,5,5,2,5,5,5,5,5,5,5,5,5,5,3,3,5,5,5,5,4,4,4,4,4,4,4,4,2,2,2,2,2,2,2,2","0.000756978988647461","louvain","edit-xhwikibooks.graphml"
"0.41","0.28","0.31","0.41416665989204","1,1,1,2,3,2,3,2,2,2,3,3,2,2,2,2,2,3,4,3,5,1,2,2,2,2,2,2,1,2,3,4,3,3,4,4,2,2,5,5,5,5,1,1,1,1,5,1,1,1,5,5,5,5,5,1,1,1,1,5,2,5,5,2,2,5,5,5,5,5,1,5,2,2,5,5,5,5,5,5,5,2,2,2,2,1,5,5,5,5,2,3,4,5,5,5,2,5,5,5,5,5,5,5,5,5,5,3,3,5,5,5,5,4,4,4,4,4,4,4,4,2,2,2,2,2,2,2,2","0.000597000122070312","louvain","edit-xhwikibooks.graphml"
"0.4","0.29","0.31","0.416108825994195","1,1,1,2,3,2,3,2,2,2,3,3,2,2,2,2,2,3,4,3,5,1,2,2,2,2,2,2,1,2,3,4,3,3,4,4,2,2,5,5,5,5,1,1,1,1,5,1,1,1,5,5,5,5,5,1,1,1,1,5,2,5,5,2,2,5,5,5,5,5,1,5,2,2,5,5,5,5,5,5,5,2,2,2,2,1,5,5,5,5,2,3,4,5,5,5,2,5,5,5,5,5,5,5,5,5,5,3,3,5,5,5,5,4,4,4,4,4,4,4,4,2,2,2,2,2,2,2,2","0.000592947006225586","louvain","edit-xhwikibooks.graphml"
"0.39","0.3","0.31","0.415785965000884","1,1,1,2,3,2,3,2,2,2,3,3,2,2,2,2,2,3,4,3,5,1,2,2,2,2,2,2,1,2,3,4,3,3,4,4,2,2,5,5,5,5,1,1,1,1,5,1,1,1,5,5,5,5,5,1,1,1,1,5,2,5,5,2,2,5,5,5,5,5,1,5,2,2,5,5,5,5,5,5,5,2,2,2,2,1,5,5,5,5,2,3,4,5,5,5,2,5,5,5,5,5,5,5,5,5,5,3,3,5,5,5,5,4,4,4,4,4,4,4,4,2,2,2,2,2,2,2,2","0.000627040863037109","louvain","edit-xhwikibooks.graphml"
"0.38","0.31","0.31","0.416775031854325","1,1,1,2,3,2,3,2,2,2,3,3,2,2,2,2,2,3,4,3,5,1,2,2,2,2,2,2,1,2,3,4,3,3,4,4,2,2,5,5,5,5,1,1,1,1,5,1,1,1,5,5,5,5,5,1,1,1,1,5,2,5,5,2,2,5,5,5,5,5,1,5,2,2,5,5,5,5,5,5,5,2,2,2,2,1,5,5,5,5,2,3,4,5,5,5,2,5,5,5,5,5,5,5,5,5,5,3,3,5,5,5,5,4,4,4,4,4,4,4,4,2,2,2,2,2,2,2,2","0.000646114349365234","louvain","edit-xhwikibooks.graphml"
"0.37","0.32","0.31","0.411438178817638","1,1,1,2,3,2,3,2,2,2,3,3,2,2,2,2,2,3,4,3,5,1,2,2,2,2,2,2,1,2,3,4,3,3,4,4,2,2,5,5,5,5,1,1,1,1,5,1,1,1,5,5,5,5,5,1,1,1,1,5,6,5,5,2,2,5,5,5,5,5,1,5,2,2,5,5,5,5,5,5,5,2,2,2,2,7,5,5,5,5,8,9,10,5,5,5,2,5,5,5,5,5,5,5,5,5,5,3,3,5,5,5,5,4,4,4,4,4,4,4,4,2,2,2,2,2,2,2,2","0.000580072402954102","louvain","edit-xhwikibooks.graphml"
"0.36","0.33","0.31","0.411438178817638","1,1,1,2,3,2,3,2,2,2,3,3,2,2,2,2,2,3,4,3,5,1,2,2,2,2,2,2,1,2,3,4,3,3,4,4,2,2,5,5,5,5,1,1,1,1,5,1,1,1,5,5,5,5,5,1,1,1,1,5,6,5,5,2,2,5,5,5,5,5,1,5,2,2,5,5,5,5,5,5,5,2,2,2,2,7,5,5,5,5,8,9,10,5,5,5,2,5,5,5,5,5,5,5,5,5,5,3,3,5,5,5,5,4,4,4,4,4,4,4,4,2,2,2,2,2,2,2,2","0.000563144683837891","louvain","edit-xhwikibooks.graphml"
"0.35","0.34","0.31","0.425977595899471","1,1,1,2,3,2,3,2,2,2,3,3,2,2,2,2,2,3,4,3,5,1,2,2,2,2,2,2,1,2,3,4,3,3,4,4,2,2,5,5,5,5,1,1,1,1,5,1,1,1,5,5,5,5,5,1,1,1,1,5,6,5,5,2,2,5,5,5,5,5,1,5,2,2,5,5,5,5,5,5,5,2,2,2,2,7,5,5,5,5,8,9,10,5,5,5,2,5,5,5,5,5,5,5,5,5,5,3,3,5,5,5,5,4,4,4,4,4,4,4,4,2,2,2,2,2,2,2,2","0.000576019287109375","louvain","edit-xhwikibooks.graphml"
"0.34","0.35","0.31","0.41922063950036","1,1,1,2,3,2,3,2,2,2,3,3,2,2,2,2,2,3,4,3,5,1,2,2,2,2,2,2,1,2,3,4,3,3,4,4,2,2,5,5,5,5,1,1,1,1,5,1,1,1,5,5,5,5,5,1,1,1,1,5,6,5,5,2,2,5,5,5,5,5,1,5,2,2,5,5,5,5,5,5,5,2,2,2,2,7,5,5,5,5,8,9,10,5,5,5,2,5,5,5,5,5,5,5,5,5,5,3,3,5,5,5,5,4,4,4,4,4,4,4,4,2,2,2,2,2,2,2,2","0.000629901885986328","louvain","edit-xhwikibooks.graphml"
"0.33","0.36","0.31","0.41889823148115","1,1,1,2,3,2,3,2,2,2,3,3,2,2,2,2,2,3,4,3,5,1,2,2,2,2,2,2,1,2,3,4,3,3,4,4,2,2,5,5,5,5,1,1,1,1,5,1,1,1,5,5,5,5,5,1,1,1,1,5,6,5,5,2,2,5,5,5,5,5,1,5,2,2,5,5,5,5,5,5,5,2,2,2,2,7,5,5,5,5,8,9,10,5,5,5,2,5,5,5,5,5,5,5,5,5,5,3,3,5,5,5,5,4,4,4,4,4,4,4,4,2,2,2,2,2,2,2,2","0.000648021697998047","louvain","edit-xhwikibooks.graphml"
"0.32","0.37","0.31","0.41889823148115","1,1,1,2,3,2,3,2,2,2,3,3,2,2,2,2,2,3,4,3,5,1,2,2,2,2,2,2,1,2,3,4,3,3,4,4,2,2,5,5,5,5,1,1,1,1,5,1,1,1,5,5,5,5,5,1,1,1,1,5,6,5,5,2,2,5,5,5,5,5,1,5,2,2,5,5,5,5,5,5,5,2,2,2,2,7,5,5,5,5,8,9,10,5,5,5,2,5,5,5,5,5,5,5,5,5,5,3,3,5,5,5,5,4,4,4,4,4,4,4,4,2,2,2,2,2,2,2,2","0.000596046447753906","louvain","edit-xhwikibooks.graphml"
"0.31","0.38","0.31","0.419551376168632","1,1,1,2,3,2,3,2,2,2,3,3,2,2,2,2,2,3,4,3,5,1,2,2,2,2,2,2,1,2,3,4,3,3,4,4,2,2,5,5,5,5,1,1,1,1,5,1,1,1,5,5,5,5,5,1,1,1,1,5,6,5,5,2,2,5,5,5,5,5,1,5,2,2,5,5,5,5,5,5,5,2,2,2,2,7,5,5,5,5,8,9,10,5,5,5,2,5,5,5,5,5,5,5,5,5,5,3,3,5,5,5,5,4,4,4,4,4,4,4,4,2,2,2,2,2,2,2,2","0.000552892684936523","louvain","edit-xhwikibooks.graphml"
"0.3","0.39","0.31","0.420421771738323","1,2,1,3,1,3,1,3,3,3,1,1,3,3,3,3,3,1,4,1,5,2,3,3,3,3,3,3,2,3,1,4,1,1,4,4,3,3,5,5,5,5,2,2,2,2,5,2,2,2,5,5,5,5,5,2,2,2,2,5,6,5,5,3,3,5,5,5,5,5,2,5,3,3,5,5,5,5,5,5,5,3,3,3,3,7,5,5,5,5,8,9,10,5,5,5,3,5,5,5,5,5,5,5,5,5,5,1,1,5,5,5,5,4,4,4,4,4,4,4,4,3,3,3,3,3,3,3,3","0.000576019287109375","louvain","edit-xhwikibooks.graphml"
"0.29","0.4","0.31","0.421921749023684","1,2,1,3,1,3,1,3,3,3,1,1,3,3,3,3,3,1,4,1,5,2,3,3,3,3,3,3,2,3,1,4,1,1,4,4,3,3,5,5,5,5,2,2,2,2,5,2,2,2,5,5,5,5,5,2,2,2,2,5,6,5,5,3,3,5,5,5,5,5,2,5,3,3,5,5,5,5,5,5,5,3,3,3,3,7,5,5,5,5,8,9,10,5,5,5,3,5,5,5,5,5,5,5,5,5,5,1,1,5,5,5,5,4,4,4,4,4,4,4,4,3,3,3,3,3,3,3,3","0.000635862350463867","louvain","edit-xhwikibooks.graphml"
"0.28","0.41","0.31","0.421921749023684","1,2,1,3,1,3,1,3,3,3,1,1,3,3,3,3,3,1,4,1,5,2,3,3,3,3,3,3,2,3,1,4,1,1,4,4,3,3,5,5,5,5,2,2,2,2,5,2,2,2,5,5,5,5,5,2,2,2,2,5,6,5,5,3,3,5,5,5,5,5,2,5,3,3,5,5,5,5,5,5,5,3,3,3,3,7,5,5,5,5,8,9,10,5,5,5,3,5,5,5,5,5,5,5,5,5,5,1,1,5,5,5,5,4,4,4,4,4,4,4,4,3,3,3,3,3,3,3,3","0.000646829605102539","louvain","edit-xhwikibooks.graphml"
"0.27","0.42","0.31","0.420690527368355","1,2,1,3,1,3,1,3,3,3,1,1,3,3,3,3,3,1,4,1,5,2,3,3,3,3,3,3,2,3,1,4,1,1,4,4,3,3,5,5,5,5,2,2,2,2,5,2,2,2,5,5,5,5,5,2,2,2,2,5,6,5,5,3,3,5,5,5,5,5,2,5,3,3,5,5,5,5,5,5,5,3,3,3,3,7,5,5,5,5,8,9,10,5,5,5,3,5,5,5,5,5,5,5,5,5,5,1,1,5,5,5,5,4,4,4,4,4,4,4,4,3,3,3,3,3,3,3,3","0.000641107559204102","louvain","edit-xhwikibooks.graphml"
"0.26","0.43","0.31","0.422678658955004","1,1,1,2,3,2,3,2,2,2,3,3,2,2,2,2,2,3,4,3,5,1,2,2,2,2,2,2,1,2,3,4,3,3,4,4,2,2,5,5,5,5,1,1,1,1,5,1,1,1,5,5,5,5,5,1,1,1,1,5,6,5,5,2,2,5,5,5,5,5,1,5,2,2,5,5,5,5,5,5,5,2,2,2,2,7,5,5,5,5,8,9,10,5,5,5,2,5,5,5,5,5,5,5,5,5,5,3,3,5,5,5,5,4,4,4,4,4,4,4,4,2,2,2,2,2,2,2,2","0.000641107559204102","louvain","edit-xhwikibooks.graphml"
"0.25","0.44","0.31","0.422252844819742","1,2,1,3,1,3,1,3,3,3,1,1,3,3,3,3,3,1,4,1,5,2,3,3,3,3,3,3,2,3,1,4,1,1,4,4,3,3,5,5,5,5,2,2,2,2,5,2,2,2,5,5,5,5,5,2,2,2,2,5,6,5,5,3,3,5,5,5,5,5,2,5,3,3,5,5,5,5,5,5,5,3,3,3,3,7,5,5,5,5,8,9,10,5,5,5,3,5,5,5,5,5,5,5,5,5,5,1,1,5,5,5,5,4,4,4,4,4,4,4,4,3,3,3,3,3,3,3,3","0.00061488151550293","louvain","edit-xhwikibooks.graphml"
"0.24","0.45","0.31","0.424122634770686","1,2,1,3,1,3,1,3,3,3,1,1,3,3,3,3,3,1,4,1,5,2,3,3,3,3,3,3,2,3,1,4,1,1,4,4,3,3,5,5,5,5,2,2,2,2,5,2,2,2,5,5,5,5,5,2,2,2,2,5,6,5,5,3,3,5,5,5,5,5,2,5,3,3,5,5,5,5,5,5,5,3,3,3,3,7,5,5,5,5,8,9,10,5,5,5,3,5,5,5,5,5,5,5,5,5,5,1,1,5,5,5,5,4,4,4,4,4,4,4,4,3,3,3,3,3,3,3,3","0.000606060028076172","louvain","edit-xhwikibooks.graphml"
"0.23","0.46","0.31","0.423801006811931","1,2,1,3,1,3,1,3,3,3,1,1,3,3,3,3,3,1,4,1,5,2,3,3,3,3,3,3,2,3,1,4,1,1,4,4,3,3,5,5,5,5,2,2,2,2,5,2,2,2,5,5,5,5,5,2,2,2,2,5,6,5,5,3,3,5,5,5,5,5,2,5,3,3,5,5,5,5,5,5,5,3,3,3,3,7,5,5,5,5,8,9,10,5,5,5,3,5,5,5,5,5,5,5,5,5,5,1,1,5,5,5,5,4,4,4,4,4,4,4,4,3,3,3,3,3,3,3,3","0.000622034072875977","louvain","edit-xhwikibooks.graphml"
"0.22","0.47","0.31","0.424767890509355","1,2,1,3,1,3,1,3,3,3,1,1,3,3,3,3,3,1,4,1,5,2,3,3,3,3,3,3,2,3,1,4,1,1,4,4,3,3,5,5,5,5,2,2,2,2,5,2,2,2,5,5,5,5,5,2,2,2,2,5,6,5,5,3,3,5,5,5,5,5,2,5,3,3,5,5,5,5,5,5,5,3,3,3,3,7,5,5,5,5,8,9,10,5,5,5,3,5,5,5,5,5,5,5,5,5,5,1,1,5,5,5,5,4,4,4,4,4,4,4,4,3,3,3,3,3,3,3,3","0.000603914260864258","louvain","edit-xhwikibooks.graphml"
"0.21","0.48","0.31","0.425194428513857","1,1,1,2,3,2,3,2,2,2,3,3,2,2,2,2,2,3,4,3,5,1,2,2,2,2,2,2,1,2,3,4,3,3,4,4,6,2,5,5,5,5,1,1,1,1,5,1,1,1,5,5,5,5,5,1,1,1,1,5,7,5,5,2,2,5,5,5,5,5,1,5,2,2,5,5,5,5,5,5,5,2,2,2,2,8,5,5,5,5,9,10,11,5,5,5,2,5,5,5,5,5,5,5,5,5,5,3,3,5,5,5,5,4,4,4,4,4,4,4,4,6,6,6,6,6,6,6,6","0.000565052032470703","louvain","edit-xhwikibooks.graphml"
"0.2","0.49","0.31","0.412428218833032","1,1,1,2,3,2,3,2,2,2,3,3,2,2,2,2,2,3,4,3,5,1,2,2,2,2,2,2,1,2,3,4,3,3,4,4,2,2,5,5,5,5,1,1,1,1,5,1,1,1,5,5,5,5,5,1,1,1,1,5,6,5,5,2,2,5,5,5,5,5,1,5,2,2,5,5,5,5,5,5,5,2,2,2,2,7,5,5,5,5,8,9,10,5,5,5,2,5,5,5,5,5,5,5,5,5,5,3,3,5,5,5,5,4,4,4,4,4,4,4,4,2,2,2,2,2,2,2,2","0.000614166259765625","louvain","edit-xhwikibooks.graphml"
"0.19","0.5","0.31","0.451525716013053","1,1,1,2,3,2,3,2,2,2,3,3,2,2,2,2,2,3,4,3,5,1,2,2,2,2,2,2,1,2,3,4,3,3,4,4,2,2,5,5,5,5,1,1,1,1,5,1,1,1,5,5,5,5,5,1,1,1,1,5,6,5,5,2,2,5,5,5,5,5,1,5,2,2,5,5,5,5,5,5,5,2,2,2,2,7,5,5,5,5,8,9,10,5,5,5,2,5,5,5,5,5,5,5,5,5,5,3,3,5,5,5,5,4,4,4,4,4,4,4,4,2,2,2,2,2,2,2,2","0.000607967376708984","louvain","edit-xhwikibooks.graphml"
"0.18","0.51","0.31","0.451725569605501","1,1,1,2,3,2,3,4,4,2,3,3,4,4,4,2,2,3,5,3,6,1,4,4,4,4,4,2,1,2,3,5,3,3,5,5,4,4,6,6,6,6,1,1,1,1,6,1,1,1,6,6,6,6,6,1,1,1,1,6,7,6,6,4,4,6,6,6,6,6,1,6,4,4,6,6,6,6,6,6,6,4,2,2,2,8,6,6,6,6,9,10,11,6,6,6,2,6,6,6,6,6,6,6,6,6,6,3,3,6,6,6,6,5,5,5,5,5,5,5,5,4,4,4,4,4,4,4,4","0.000586986541748047","louvain","edit-xhwikibooks.graphml"
"0.17","0.52","0.31","0.451725569605501","1,1,1,2,3,2,3,4,4,2,3,3,4,4,4,2,2,3,5,3,6,1,4,4,4,4,4,2,1,2,3,5,3,3,5,5,4,4,6,6,6,6,1,1,1,1,6,1,1,1,6,6,6,6,6,1,1,1,1,6,7,6,6,4,4,6,6,6,6,6,1,6,4,4,6,6,6,6,6,6,6,4,2,2,2,8,6,6,6,6,9,10,11,6,6,6,2,6,6,6,6,6,6,6,6,6,6,3,3,6,6,6,6,5,5,5,5,5,5,5,5,4,4,4,4,4,4,4,4","0.000641822814941406","louvain","edit-xhwikibooks.graphml"
"0.16","0.53","0.31","0.451399080880516","1,1,1,2,3,2,3,4,4,2,3,3,4,4,4,2,2,3,5,3,6,1,4,4,4,4,4,2,1,2,3,5,3,3,5,5,4,4,6,6,6,6,1,1,1,1,6,1,1,1,6,6,6,6,6,1,1,1,1,6,7,6,6,4,4,6,6,6,6,6,1,6,4,4,6,6,6,6,6,6,6,4,2,2,2,8,6,6,6,6,9,10,11,6,6,6,2,6,6,6,6,6,6,6,6,6,6,3,3,6,6,6,6,5,5,5,5,5,5,5,5,4,4,4,4,4,4,4,4","0.000593185424804688","louvain","edit-xhwikibooks.graphml"
"0.15","0.54","0.31","0.45312832416411","1,1,1,2,3,2,3,4,4,2,3,3,4,4,4,2,2,3,5,3,6,1,4,4,4,4,4,2,1,2,3,5,3,3,5,5,4,4,6,6,6,6,1,1,1,1,6,1,1,1,6,6,6,6,6,1,1,1,1,6,7,6,6,4,4,6,6,6,6,6,1,6,4,4,6,6,6,6,6,6,6,4,2,2,2,8,6,6,6,6,9,10,11,6,6,6,2,6,6,6,6,6,6,6,6,6,6,3,3,6,6,6,6,5,5,5,5,5,5,5,5,4,4,4,4,4,4,4,4","0.000637054443359375","louvain","edit-xhwikibooks.graphml"
"0.14","0.55","0.31","0.45280219462476","1,1,1,2,3,2,3,4,4,2,3,3,4,4,4,2,2,3,5,3,6,1,4,4,4,4,4,2,1,2,3,5,3,3,5,5,4,4,6,6,6,6,1,1,1,1,6,1,1,1,6,6,6,6,6,1,1,1,1,6,7,6,6,4,4,6,6,6,6,6,1,6,4,4,6,6,6,6,6,6,6,4,2,2,2,8,6,6,6,6,9,10,11,6,6,6,2,6,6,6,6,6,6,6,6,6,6,3,3,6,6,6,6,5,5,5,5,5,5,5,5,4,4,4,4,4,4,4,4","0.00064396858215332","louvain","edit-xhwikibooks.graphml"
"0.13","0.56","0.31","0.449483931589068","1,2,1,1,1,3,1,3,3,3,1,1,3,3,3,3,3,1,4,1,5,2,3,3,3,3,3,6,2,3,1,4,1,1,4,4,3,3,5,5,5,5,2,2,2,2,5,2,2,2,5,5,5,5,5,2,2,2,2,5,7,5,5,3,3,5,5,5,5,5,2,5,3,3,5,5,5,5,5,5,5,3,6,6,6,8,5,5,5,5,9,10,11,5,5,5,3,5,5,5,5,5,5,5,5,5,5,1,1,5,5,5,5,4,4,4,4,4,4,4,4,3,3,3,3,3,3,3,3","0.000701904296875","louvain","edit-xhwikibooks.graphml"
"0.12","0.57","0.31","0.465525348803987","1,2,1,1,1,3,1,3,3,4,1,1,3,3,3,3,4,1,5,1,6,2,3,3,3,3,3,7,2,4,1,5,1,1,5,5,3,3,6,6,6,6,2,2,2,2,6,2,2,2,6,6,6,6,6,2,2,2,2,6,8,6,6,3,3,6,6,6,6,6,2,6,3,3,6,6,6,6,6,6,6,3,7,7,7,9,6,6,6,6,10,11,12,6,6,6,3,6,6,6,6,6,6,6,6,6,6,1,1,6,6,6,6,5,5,5,5,5,5,5,5,3,3,3,3,3,3,3,3","0.000643014907836914","louvain","edit-xhwikibooks.graphml"
"0.11","0.58","0.31","0.467507578781782","1,2,1,1,1,3,1,4,4,3,1,1,4,4,4,3,3,1,5,1,6,2,4,4,4,4,4,3,2,3,1,5,1,1,5,5,4,4,6,6,6,6,2,2,2,2,6,2,2,2,6,6,6,6,6,2,2,2,2,6,7,6,6,4,4,6,6,6,6,6,2,6,4,4,6,6,6,6,6,6,6,4,3,3,3,8,6,6,6,6,9,10,11,6,6,6,3,6,6,6,6,6,6,6,6,6,6,1,1,6,6,6,6,5,5,5,5,5,5,5,5,4,4,4,4,4,4,4,4","0.000658035278320312","louvain","edit-xhwikibooks.graphml"
"0.1","0.59","0.31","0.467161350191164","1,2,1,1,1,3,1,4,4,3,1,1,4,4,4,3,3,1,5,1,6,2,4,4,4,4,4,3,2,3,1,5,1,1,5,5,4,4,6,6,6,6,2,2,2,2,6,2,2,2,6,6,6,6,6,2,2,2,2,6,7,6,6,4,4,6,6,6,6,6,2,6,4,4,6,6,6,6,6,6,6,4,3,3,3,8,6,6,6,6,9,10,11,6,6,6,3,6,6,6,6,6,6,6,6,6,6,1,1,6,6,6,6,5,5,5,5,5,5,5,5,4,4,4,4,4,4,4,4","0.000632047653198242","louvain","edit-xhwikibooks.graphml"
"0.09","0.6","0.31","0.468536393469675","1,2,1,1,1,3,1,3,3,4,1,1,3,3,3,3,4,1,5,1,6,2,3,3,3,3,3,7,2,4,1,5,1,1,5,5,3,3,6,6,6,6,2,2,2,2,6,2,2,2,6,6,6,6,6,2,2,2,2,6,8,6,6,3,3,6,6,6,6,6,2,6,3,3,6,6,6,6,6,6,6,3,7,7,7,9,6,6,6,6,10,11,12,6,6,6,3,6,6,6,6,6,6,6,6,6,6,1,1,6,6,6,6,5,5,5,5,5,5,5,5,3,3,3,3,3,3,3,3","0.000590085983276367","louvain","edit-xhwikibooks.graphml"
"0.08","0.61","0.31","0.46865258308009","1,2,1,1,1,3,1,4,4,3,1,1,4,4,4,3,3,1,5,1,6,2,4,4,4,4,4,3,2,3,1,5,1,1,5,5,4,4,6,6,6,6,2,2,2,2,6,2,2,2,6,6,6,6,6,2,2,2,2,6,7,6,6,4,4,6,6,6,6,6,2,6,4,4,6,6,6,6,6,6,6,4,3,3,3,8,6,6,6,6,9,10,11,6,6,6,3,6,6,6,6,6,6,6,6,6,6,1,1,6,6,6,6,5,5,5,5,5,5,5,5,4,4,4,4,4,4,4,4","0.000618219375610352","louvain","edit-xhwikibooks.graphml"
"0.07","0.62","0.31","0.469525134499731","1,2,1,1,1,3,1,4,4,3,1,1,4,4,4,3,3,1,5,1,6,2,4,4,4,4,4,3,2,3,1,5,1,1,5,5,4,4,6,6,6,6,2,2,2,2,6,2,2,2,6,6,6,6,6,2,2,2,2,6,7,6,6,4,4,6,6,6,6,6,2,6,4,4,6,6,6,6,6,6,6,4,3,3,3,8,6,6,6,6,9,10,11,6,6,6,3,6,6,6,6,6,6,6,6,6,6,1,1,6,6,6,6,5,5,5,5,5,5,5,5,4,4,4,4,4,4,4,4","0.000567913055419922","louvain","edit-xhwikibooks.graphml"
"0.06","0.63","0.31","0.461827343317357","1,2,1,1,1,3,1,3,3,3,1,1,3,3,3,3,4,1,5,1,6,2,3,3,3,3,3,7,2,8,9,5,1,1,5,5,3,3,6,6,6,6,2,2,2,2,6,2,2,2,6,6,6,6,6,2,2,2,2,6,10,6,6,11,12,6,6,6,6,6,2,6,3,3,6,6,6,6,6,6,6,13,7,7,7,14,6,6,6,6,15,16,17,6,6,6,18,6,6,6,6,6,6,6,6,6,6,19,20,6,6,6,6,5,5,5,5,5,5,5,5,3,3,3,3,3,3,3,3","0.000562906265258789","louvain","edit-xhwikibooks.graphml"
"0.05","0.64","0.31","0.461827343317357","1,2,1,1,1,3,1,3,3,3,1,1,3,3,3,3,4,1,5,1,6,2,3,3,3,3,3,7,2,8,9,5,1,1,5,5,3,3,6,6,6,6,2,2,2,2,6,2,2,2,6,6,6,6,6,2,2,2,2,6,10,6,6,11,12,6,6,6,6,6,2,6,3,3,6,6,6,6,6,6,6,13,7,7,7,14,6,6,6,6,15,16,17,6,6,6,18,6,6,6,6,6,6,6,6,6,6,19,20,6,6,6,6,5,5,5,5,5,5,5,5,3,3,3,3,3,3,3,3","0.000601053237915039","louvain","edit-xhwikibooks.graphml"
"0.04","0.65","0.31","0.461483445973147","1,2,1,1,1,3,1,3,3,3,1,1,3,3,3,3,4,1,5,1,6,2,3,3,3,3,3,7,2,8,9,5,1,1,5,5,3,3,6,6,6,6,2,2,2,2,6,2,2,2,6,6,6,6,6,2,2,2,2,6,10,6,6,11,12,6,6,6,6,6,2,6,3,3,6,6,6,6,6,6,6,13,7,7,7,14,6,6,6,6,15,16,17,6,6,6,18,6,6,6,6,6,6,6,6,6,6,19,20,6,6,6,6,5,5,5,5,5,5,5,5,3,3,3,3,3,3,3,3","0.000555992126464844","louvain","edit-xhwikibooks.graphml"
"0.03","0.66","0.31","0.461483445973147","1,2,1,1,1,3,1,3,3,3,1,1,3,3,3,3,4,1,5,1,6,2,3,3,3,3,3,7,2,8,9,5,1,1,5,5,3,3,6,6,6,6,2,2,2,2,6,2,2,2,6,6,6,6,6,2,2,2,2,6,10,6,6,11,12,6,6,6,6,6,2,6,3,3,6,6,6,6,6,6,6,13,7,7,7,14,6,6,6,6,15,16,17,6,6,6,18,6,6,6,6,6,6,6,6,6,6,19,20,6,6,6,6,5,5,5,5,5,5,5,5,3,3,3,3,3,3,3,3","0.000544071197509766","louvain","edit-xhwikibooks.graphml"
"0.02","0.67","0.31","0.473349550912649","1,2,1,1,1,3,1,3,3,3,1,1,3,3,3,3,4,1,5,1,6,2,3,3,3,3,3,7,2,8,9,5,1,1,5,5,3,3,6,6,6,6,2,2,2,2,6,2,2,2,6,6,6,6,6,2,2,2,2,6,10,6,6,11,12,6,6,6,6,6,2,6,3,3,6,6,6,6,6,6,6,13,7,7,7,14,6,6,6,6,15,16,17,6,6,6,18,6,6,6,6,6,6,6,6,6,6,19,20,6,6,6,6,5,5,5,5,5,5,5,5,3,3,3,3,3,3,3,3","0.00054478645324707","louvain","edit-xhwikibooks.graphml"
"0.01","0.68","0.31","0.473349550912649","1,2,1,1,1,3,1,3,3,3,1,1,3,3,3,3,4,1,5,1,6,2,3,3,3,3,3,7,2,8,9,5,1,1,5,5,3,3,6,6,6,6,2,2,2,2,6,2,2,2,6,6,6,6,6,2,2,2,2,6,10,6,6,11,12,6,6,6,6,6,2,6,3,3,6,6,6,6,6,6,6,13,7,7,7,14,6,6,6,6,15,16,17,6,6,6,18,6,6,6,6,6,6,6,6,6,6,19,20,6,6,6,6,5,5,5,5,5,5,5,5,3,3,3,3,3,3,3,3","0.000586986541748047","louvain","edit-xhwikibooks.graphml"
"0","0.69","0.31","0.47341964669091","1,1,1,1,1,1,2,1,3,1,2,2,1,3,3,1,4,2,5,2,6,7,1,1,3,3,3,1,1,8,9,5,2,2,5,5,3,3,6,6,6,6,7,7,7,7,6,7,7,7,6,6,6,6,6,7,7,7,7,6,10,6,6,11,12,6,6,6,6,6,7,6,3,3,6,6,6,6,6,6,6,13,1,1,1,14,6,6,6,6,15,16,17,6,6,6,18,6,6,6,6,6,6,6,6,6,6,19,20,6,6,6,6,5,5,5,5,5,5,5,5,3,3,3,3,3,3,3,3","0.000613927841186523","louvain","edit-xhwikibooks.graphml"
"0.68","0","0.32","0.395127877740803","1,1,1,2,3,2,3,2,2,2,3,3,2,2,2,2,2,3,3,3,4,1,2,2,2,2,2,2,1,2,3,3,3,3,3,3,2,2,4,4,4,4,1,1,1,1,4,1,1,1,4,4,4,4,4,1,1,1,1,4,2,4,4,2,2,4,4,4,4,4,1,4,2,2,4,4,4,4,4,4,4,2,2,2,2,1,4,4,4,4,2,3,3,4,4,4,2,4,4,4,4,4,4,4,4,4,4,3,3,4,4,4,4,3,3,3,3,3,3,3,3,2,2,2,2,2,2,2,2","0.000644207000732422","louvain","edit-xhwikibooks.graphml"
"0.67","0.01","0.32","0.395127877740803","1,1,1,2,3,2,3,2,2,2,3,3,2,2,2,2,2,3,3,3,4,1,2,2,2,2,2,2,1,2,3,3,3,3,3,3,2,2,4,4,4,4,1,1,1,1,4,1,1,1,4,4,4,4,4,1,1,1,1,4,2,4,4,2,2,4,4,4,4,4,1,4,2,2,4,4,4,4,4,4,4,2,2,2,2,1,4,4,4,4,2,3,3,4,4,4,2,4,4,4,4,4,4,4,4,4,4,3,3,4,4,4,4,3,3,3,3,3,3,3,3,2,2,2,2,2,2,2,2","0.000581979751586914","louvain","edit-xhwikibooks.graphml"
"0.66","0.02","0.32","0.395255462899099","1,1,1,2,3,2,3,2,2,2,3,3,2,2,2,2,2,3,4,3,5,1,2,2,2,2,2,2,1,2,3,4,3,3,4,4,2,2,5,5,5,5,1,1,1,1,5,1,1,1,5,5,5,5,5,1,1,1,1,5,2,5,5,2,2,5,5,5,5,5,1,5,2,2,5,5,5,5,5,5,5,2,2,2,2,1,5,5,5,5,2,3,4,5,5,5,2,5,5,5,5,5,5,5,5,5,5,3,3,5,5,5,5,4,4,4,4,4,4,4,4,2,2,2,2,2,2,2,2","0.000638961791992188","louvain","edit-xhwikibooks.graphml"
"0.65","0.03","0.32","0.394826057651434","1,1,1,2,3,2,3,2,2,2,3,3,2,2,2,2,2,3,3,3,4,1,2,2,2,2,2,2,1,2,3,3,3,3,3,3,2,2,4,4,4,4,1,1,1,1,4,1,1,1,4,4,4,4,4,1,1,1,1,4,2,4,4,2,2,4,4,4,4,4,1,4,2,2,4,4,4,4,4,4,4,2,2,2,2,1,4,4,4,4,2,3,3,4,4,4,2,4,4,4,4,4,4,4,4,4,4,3,3,4,4,4,4,3,3,3,3,3,3,3,3,2,2,2,2,2,2,2,2","0.000652074813842773","louvain","edit-xhwikibooks.graphml"
"0.64","0.04","0.32","0.39495147843337","1,1,1,2,3,2,3,2,2,2,3,3,2,2,2,2,2,3,4,3,5,1,2,2,2,2,2,2,1,2,3,4,3,3,4,4,2,2,5,5,5,5,1,1,1,1,5,1,1,1,5,5,5,5,5,1,1,1,1,5,2,5,5,2,2,5,5,5,5,5,1,5,2,2,5,5,5,5,5,5,5,2,2,2,2,1,5,5,5,5,2,3,4,5,5,5,2,5,5,5,5,5,5,5,5,5,5,3,3,5,5,5,5,4,4,4,4,4,4,4,4,2,2,2,2,2,2,2,2","0.00058293342590332","louvain","edit-xhwikibooks.graphml"
"0.63","0.05","0.32","0.408839857144204","1,1,1,2,3,2,3,2,2,2,3,3,2,2,2,2,2,3,3,3,4,1,2,2,2,2,2,2,1,2,3,3,3,3,3,3,2,2,4,4,4,4,1,1,1,1,4,1,1,1,4,4,4,4,4,1,1,1,1,4,2,4,4,2,2,4,4,4,4,4,1,4,2,2,4,4,4,4,4,4,4,2,2,2,2,1,4,4,4,4,2,3,3,4,4,4,2,4,4,4,4,4,4,4,4,4,4,3,3,4,4,4,4,3,3,3,3,3,3,3,3,2,2,2,2,2,2,2,2","0.000560998916625977","louvain","edit-xhwikibooks.graphml"
"0.62","0.06","0.32","0.408839857144204","1,1,1,2,3,2,3,2,2,2,3,3,2,2,2,2,2,3,3,3,4,1,2,2,2,2,2,2,1,2,3,3,3,3,3,3,2,2,4,4,4,4,1,1,1,1,4,1,1,1,4,4,4,4,4,1,1,1,1,4,2,4,4,2,2,4,4,4,4,4,1,4,2,2,4,4,4,4,4,4,4,2,2,2,2,1,4,4,4,4,2,3,3,4,4,4,2,4,4,4,4,4,4,4,4,4,4,3,3,4,4,4,4,3,3,3,3,3,3,3,3,2,2,2,2,2,2,2,2","0.000567913055419922","louvain","edit-xhwikibooks.graphml"
"0.61","0.07","0.32","0.408747558767319","1,1,1,2,3,2,3,2,2,2,3,3,2,2,2,2,2,3,4,3,5,1,2,2,2,2,2,2,1,2,3,4,3,3,4,4,2,2,5,5,5,5,1,1,1,1,5,1,1,1,5,5,5,5,5,1,1,1,1,5,2,5,5,2,2,5,5,5,5,5,1,5,2,2,5,5,5,5,5,5,5,2,2,2,2,1,5,5,5,5,2,3,4,5,5,5,2,5,5,5,5,5,5,5,5,5,5,3,3,5,5,5,5,4,4,4,4,4,4,4,4,2,2,2,2,2,2,2,2","0.000580072402954102","louvain","edit-xhwikibooks.graphml"
"0.6","0.08","0.32","0.409768050406859","1,1,1,2,3,2,3,2,2,2,3,3,2,2,2,2,2,3,4,3,5,1,2,2,2,2,2,2,1,2,3,4,3,3,4,4,2,2,5,5,5,5,1,1,1,1,5,1,1,1,5,5,5,5,5,1,1,1,1,5,2,5,5,2,2,5,5,5,5,5,1,5,2,2,5,5,5,5,5,5,5,2,2,2,2,1,5,5,5,5,2,3,4,5,5,5,2,5,5,5,5,5,5,5,5,5,5,3,3,5,5,5,5,4,4,4,4,4,4,4,4,2,2,2,2,2,2,2,2","0.000584125518798828","louvain","edit-xhwikibooks.graphml"
"0.59","0.09","0.32","0.409220637234486","1,1,1,2,3,2,3,2,2,2,3,3,2,2,2,2,2,3,3,3,4,1,2,2,2,2,2,2,1,2,3,3,3,3,3,3,2,2,4,4,4,4,1,1,1,1,4,1,1,1,4,4,4,4,4,1,1,1,1,4,2,4,4,2,2,4,4,4,4,4,1,4,2,2,4,4,4,4,4,4,4,2,2,2,2,1,4,4,4,4,2,3,3,4,4,4,2,4,4,4,4,4,4,4,4,4,4,3,3,4,4,4,4,3,3,3,3,3,3,3,3,2,2,2,2,2,2,2,2","0.000565052032470703","louvain","edit-xhwikibooks.graphml"
"0.58","0.1","0.32","0.409444502290712","1,1,1,2,3,2,3,2,2,2,3,3,2,2,2,2,2,3,4,3,5,1,2,2,2,2,2,2,1,2,3,4,3,3,4,4,2,2,5,5,5,5,1,1,1,1,5,1,1,1,5,5,5,5,5,1,1,1,1,5,2,5,5,2,2,5,5,5,5,5,1,5,2,2,5,5,5,5,5,5,5,2,2,2,2,1,5,5,5,5,2,3,4,5,5,5,2,5,5,5,5,5,5,5,5,5,5,3,3,5,5,5,5,4,4,4,4,4,4,4,4,2,2,2,2,2,2,2,2","0.000613927841186523","louvain","edit-xhwikibooks.graphml"
"0.57","0.11","0.32","0.408900090506577","1,1,1,2,3,2,3,2,2,2,3,3,2,2,2,2,2,3,3,3,4,1,2,2,2,2,2,2,1,2,3,3,3,3,3,3,2,2,4,4,4,4,1,1,1,1,4,1,1,1,4,4,4,4,4,1,1,1,1,4,2,4,4,2,2,4,4,4,4,4,1,4,2,2,4,4,4,4,4,4,4,2,2,2,2,1,4,4,4,4,2,3,3,4,4,4,2,4,4,4,4,4,4,4,4,4,4,3,3,4,4,4,4,3,3,3,3,3,3,3,3,2,2,2,2,2,2,2,2","0.000676870346069336","louvain","edit-xhwikibooks.graphml"
"0.56","0.12","0.32","0.410857931736779","1,1,1,2,3,2,3,2,2,2,3,3,2,2,2,2,2,3,3,3,4,1,2,2,2,2,2,2,1,2,3,3,3,3,3,3,2,2,4,4,4,4,1,1,1,1,4,1,1,1,4,4,4,4,4,1,1,1,1,4,2,4,4,2,2,4,4,4,4,4,1,4,2,2,4,4,4,4,4,4,4,2,2,2,2,1,4,4,4,4,2,3,3,4,4,4,2,4,4,4,4,4,4,4,4,4,4,3,3,4,4,4,4,3,3,3,3,3,3,3,3,2,2,2,2,2,2,2,2","0.000659942626953125","louvain","edit-xhwikibooks.graphml"
"0.55","0.13","0.32","0.409768195643333","1,1,1,2,3,2,3,2,2,2,3,3,2,2,2,2,2,3,4,3,5,1,2,2,2,2,2,2,1,2,3,4,3,3,4,4,2,2,5,5,5,5,1,1,1,1,5,1,1,1,5,5,5,5,5,1,1,1,1,5,2,5,5,2,2,5,5,5,5,5,1,5,2,2,5,5,5,5,5,5,5,2,2,2,2,1,5,5,5,5,2,3,4,5,5,5,2,5,5,5,5,5,5,5,5,5,5,3,3,5,5,5,5,4,4,4,4,4,4,4,4,2,2,2,2,2,2,2,2","0.000583887100219727","louvain","edit-xhwikibooks.graphml"
"0.54","0.14","0.32","0.410543802465464","1,1,1,2,3,2,3,2,2,2,3,3,2,2,2,2,2,3,3,4,5,1,2,2,2,2,2,2,1,2,3,3,4,4,3,3,2,2,5,5,5,5,1,1,1,1,5,1,1,1,5,5,5,5,5,1,1,1,1,5,2,5,5,2,2,5,5,5,5,5,1,5,2,2,5,5,5,5,5,5,5,2,2,2,2,1,5,5,5,5,2,3,3,5,5,5,2,5,5,5,5,5,5,5,5,5,5,4,4,5,5,5,5,3,3,3,3,3,3,3,3,2,2,2,2,2,2,2,2","0.000584125518798828","louvain","edit-xhwikibooks.graphml"
"0.53","0.15","0.32","0.412160005091519","1,1,1,2,3,2,3,2,2,2,3,3,2,2,2,2,2,3,3,3,4,1,2,2,2,2,2,2,1,2,3,3,3,3,3,3,2,2,4,4,4,4,1,1,1,1,4,1,1,1,4,4,4,4,4,1,1,1,1,4,2,4,4,2,2,4,4,4,4,4,1,4,2,2,4,4,4,4,4,4,4,2,2,2,2,1,4,4,4,4,2,3,3,4,4,4,2,4,4,4,4,4,4,4,4,4,4,3,3,4,4,4,4,3,3,3,3,3,3,3,3,2,2,2,2,2,2,2,2","0.000540018081665039","louvain","edit-xhwikibooks.graphml"
"0.52","0.16","0.32","0.413431317510531","1,1,1,2,3,2,3,2,2,2,3,3,2,2,2,2,2,3,4,3,5,1,2,2,2,2,2,2,1,2,3,4,3,3,4,4,2,2,5,5,5,5,1,1,1,1,5,1,1,1,5,5,5,5,5,1,1,1,1,5,2,5,5,2,2,5,5,5,5,5,1,5,2,2,5,5,5,5,5,5,5,2,2,2,2,1,5,5,5,5,2,3,4,5,5,5,2,5,5,5,5,5,5,5,5,5,5,3,3,5,5,5,5,4,4,4,4,4,4,4,4,2,2,2,2,2,2,2,2","0.00058293342590332","louvain","edit-xhwikibooks.graphml"
"0.51","0.17","0.32","0.414110294867871","1,1,1,2,3,2,3,2,2,2,3,3,2,2,2,2,2,3,4,3,5,1,2,2,2,2,2,2,1,2,3,4,3,3,4,4,2,2,5,5,5,5,1,1,1,1,5,1,1,1,5,5,5,5,5,1,1,1,1,5,2,5,5,2,2,5,5,5,5,5,1,5,2,2,5,5,5,5,5,5,5,2,2,2,2,1,5,5,5,5,2,3,4,5,5,5,2,5,5,5,5,5,5,5,5,5,5,3,3,5,5,5,5,4,4,4,4,4,4,4,4,2,2,2,2,2,2,2,2","0.000603199005126953","louvain","edit-xhwikibooks.graphml"
"0.5","0.18","0.32","0.413843995510662","1,1,1,2,3,2,3,2,2,2,3,3,2,2,2,2,2,3,3,4,5,1,2,2,2,2,2,2,1,2,3,3,4,4,3,3,2,2,5,5,5,5,1,1,1,1,5,1,1,1,5,5,5,5,5,1,1,1,1,5,2,5,5,2,2,5,5,5,5,5,1,5,2,2,5,5,5,5,5,5,5,2,2,2,2,1,5,5,5,5,2,3,3,5,5,5,2,5,5,5,5,5,5,5,5,5,5,4,4,5,5,5,5,3,3,3,3,3,3,3,3,2,2,2,2,2,2,2,2","0.000649929046630859","louvain","edit-xhwikibooks.graphml"
"0.49","0.19","0.32","0.413788170222212","1,1,1,2,3,2,3,2,2,2,3,3,2,2,2,2,2,3,4,3,5,1,2,2,2,2,2,2,1,2,3,4,3,3,4,4,2,2,5,5,5,5,1,1,1,1,5,1,1,1,5,5,5,5,5,1,1,1,1,5,2,5,5,2,2,5,5,5,5,5,1,5,2,2,5,5,5,5,5,5,5,2,2,2,2,1,5,5,5,5,2,3,4,5,5,5,2,5,5,5,5,5,5,5,5,5,5,3,3,5,5,5,5,4,4,4,4,4,4,4,4,2,2,2,2,2,2,2,2","0.000581979751586914","louvain","edit-xhwikibooks.graphml"
"0.48","0.2","0.32","0.415674576009914","1,1,1,2,3,2,3,2,2,2,3,3,2,2,2,2,2,3,4,3,5,1,2,2,2,2,2,2,1,2,3,4,3,3,4,4,2,2,5,5,5,5,1,1,1,1,5,1,1,1,5,5,5,5,5,1,1,1,1,5,2,5,5,2,2,5,5,5,5,5,1,5,2,2,5,5,5,5,5,5,5,2,2,2,2,1,5,5,5,5,2,3,4,5,5,5,2,5,5,5,5,5,5,5,5,5,5,3,3,5,5,5,5,4,4,4,4,4,4,4,4,2,2,2,2,2,2,2,2","0.000517845153808594","louvain","edit-xhwikibooks.graphml"
"0.47","0.21","0.32","0.412219053214551","1,1,1,2,3,2,3,2,2,2,3,3,2,2,2,2,2,3,3,4,5,1,2,2,2,2,2,2,1,2,3,3,4,4,3,3,2,2,5,5,5,5,1,1,1,1,5,1,1,1,5,5,5,5,5,1,1,1,1,5,2,5,5,2,2,5,5,5,5,5,1,5,2,2,5,5,5,5,5,5,5,2,2,2,2,1,5,5,5,5,2,3,3,5,5,5,2,5,5,5,5,5,5,5,5,5,5,4,4,5,5,5,5,3,3,3,3,3,3,3,3,2,2,2,2,2,2,2,2","0.000510931015014648","louvain","edit-xhwikibooks.graphml"
"0.46","0.22","0.32","0.412207852509111","1,1,1,2,3,2,3,2,2,2,3,3,2,2,2,2,2,3,3,3,4,1,2,2,2,2,2,2,1,2,3,3,3,3,3,3,2,2,4,4,4,4,1,1,1,1,4,1,1,1,4,4,4,4,4,1,1,1,1,4,2,4,4,2,2,4,4,4,4,4,1,4,2,2,4,4,4,4,4,4,4,2,2,2,2,1,4,4,4,4,2,3,3,4,4,4,2,4,4,4,4,4,4,4,4,4,4,3,3,4,4,4,4,3,3,3,3,3,3,3,3,2,2,2,2,2,2,2,2","0.000550031661987305","louvain","edit-xhwikibooks.graphml"
"0.45","0.23","0.32","0.415082952450696","1,1,1,2,3,2,3,2,2,2,3,3,2,2,2,2,2,3,4,3,5,1,2,2,2,2,2,2,1,2,3,4,3,3,4,4,2,2,5,5,5,5,1,1,1,1,5,1,1,1,5,5,5,5,5,1,1,1,1,5,2,5,5,2,2,5,5,5,5,5,1,5,2,2,5,5,5,5,5,5,5,2,2,2,2,1,5,5,5,5,2,3,4,5,5,5,2,5,5,5,5,5,5,5,5,5,5,3,3,5,5,5,5,4,4,4,4,4,4,4,4,2,2,2,2,2,2,2,2","0.000852108001708984","louvain","edit-xhwikibooks.graphml"
"0.44","0.24","0.32","0.409153178980984","1,1,1,2,3,2,3,2,2,2,3,3,2,2,2,2,2,3,2,3,4,1,2,2,2,2,2,2,1,2,3,2,3,3,2,2,5,2,4,4,4,4,1,1,1,1,4,1,1,1,4,4,4,4,4,1,1,1,1,4,2,4,4,2,2,4,4,4,4,4,1,4,2,2,4,4,4,4,4,4,4,2,2,2,2,1,4,4,4,4,2,3,2,4,4,4,2,4,4,4,4,4,4,4,4,4,4,3,3,4,4,4,4,2,2,2,2,2,2,2,2,5,5,5,5,5,5,5,5","0.000832080841064453","louvain","edit-xhwikibooks.graphml"
"0.43","0.25","0.32","0.415689363881228","1,1,1,2,3,2,3,2,2,2,3,4,2,2,2,2,2,3,3,4,5,1,2,2,2,2,2,2,1,2,3,3,4,4,3,3,2,2,5,5,5,5,1,1,1,1,5,1,1,1,5,5,5,5,5,1,1,1,1,5,2,5,5,2,2,5,5,5,5,5,1,5,2,2,5,5,5,5,5,5,5,2,2,2,2,1,5,5,5,5,2,3,3,5,5,5,2,5,5,5,5,5,5,5,5,5,5,4,4,5,5,5,5,3,3,3,3,3,3,3,3,2,2,2,2,2,2,2,2","0.00082707405090332","louvain","edit-xhwikibooks.graphml"
"0.42","0.26","0.32","0.415514971532717","1,1,1,2,3,2,3,2,2,2,3,3,2,2,2,2,2,3,3,3,4,1,2,2,2,2,2,2,1,2,3,3,3,3,3,3,2,2,4,4,4,4,1,1,1,1,4,1,1,1,4,4,4,4,4,1,1,1,1,4,2,4,4,2,2,4,4,4,4,4,1,4,2,2,4,4,4,4,4,4,4,2,2,2,2,1,4,4,4,4,2,3,3,4,4,4,2,4,4,4,4,4,4,4,4,4,4,3,3,4,4,4,4,3,3,3,3,3,3,3,3,2,2,2,2,2,2,2,2","0.000951051712036133","louvain","edit-xhwikibooks.graphml"
"0.41","0.27","0.32","0.415533116401348","1,1,1,2,3,2,3,2,2,2,3,3,2,2,2,2,2,3,3,4,5,1,2,2,2,2,2,2,1,2,3,3,4,4,3,3,2,2,5,5,5,5,1,1,1,1,5,1,1,1,5,5,5,5,5,1,1,1,1,5,2,5,5,2,2,5,5,5,5,5,1,5,2,2,5,5,5,5,5,5,5,2,2,2,2,1,5,5,5,5,2,3,3,5,5,5,2,5,5,5,5,5,5,5,5,5,5,4,4,5,5,5,5,3,3,3,3,3,3,3,3,2,2,2,2,2,2,2,2","0.00101089477539062","louvain","edit-xhwikibooks.graphml"
"0.4","0.28","0.32","0.415195938869769","1,1,1,2,3,2,3,2,2,2,3,3,2,2,2,2,2,3,3,3,4,1,2,2,2,2,2,2,1,2,3,3,3,3,3,3,2,2,4,4,4,4,1,1,1,1,4,1,1,1,4,4,4,4,4,1,1,1,1,4,2,4,4,2,2,4,4,4,4,4,1,4,2,2,4,4,4,4,4,4,4,2,2,2,2,1,4,4,4,4,2,3,3,4,4,4,2,4,4,4,4,4,4,4,4,4,4,3,3,4,4,4,4,3,3,3,3,3,3,3,3,2,2,2,2,2,2,2,2","0.00146317481994629","louvain","edit-xhwikibooks.graphml"
"0.39","0.29","0.32","0.415115784422832","1,1,1,2,3,2,3,2,2,2,3,3,2,2,2,2,2,3,4,3,5,1,2,2,2,2,2,2,1,2,3,4,3,3,4,4,2,2,5,5,5,5,1,1,1,1,5,1,1,1,5,5,5,5,5,1,1,1,1,5,2,5,5,2,2,5,5,5,5,5,1,5,2,2,5,5,5,5,5,5,5,2,2,2,2,1,5,5,5,5,2,3,4,5,5,5,2,5,5,5,5,5,5,5,5,5,5,3,3,5,5,5,5,4,4,4,4,4,4,4,4,2,2,2,2,2,2,2,2","0.00103998184204102","louvain","edit-xhwikibooks.graphml"
"0.38","0.3","0.32","0.414794534053515","1,1,1,2,3,2,3,2,2,2,3,3,2,2,2,2,2,3,4,3,5,1,2,2,2,2,2,2,1,2,3,4,3,3,4,4,2,2,5,5,5,5,1,1,1,1,5,1,1,1,5,5,5,5,5,1,1,1,1,5,2,5,5,2,2,5,5,5,5,5,1,5,2,2,5,5,5,5,5,5,5,2,2,2,2,1,5,5,5,5,2,3,4,5,5,5,2,5,5,5,5,5,5,5,5,5,5,3,3,5,5,5,5,4,4,4,4,4,4,4,4,2,2,2,2,2,2,2,2","0.00120306015014648","louvain","edit-xhwikibooks.graphml"
"0.37","0.31","0.32","0.415781964731065","1,1,1,2,3,2,3,2,2,2,3,3,2,2,2,2,2,3,4,3,5,1,2,2,2,2,2,2,1,2,3,4,3,3,4,4,2,2,5,5,5,5,1,1,1,1,5,1,1,1,5,5,5,5,5,1,1,1,1,5,2,5,5,2,2,5,5,5,5,5,1,5,2,2,5,5,5,5,5,5,5,2,2,2,2,1,5,5,5,5,2,3,4,5,5,5,2,5,5,5,5,5,5,5,5,5,5,3,3,5,5,5,5,4,4,4,4,4,4,4,4,2,2,2,2,2,2,2,2","0.00165486335754395","louvain","edit-xhwikibooks.graphml"
"0.36","0.32","0.32","0.415461006552098","1,1,1,2,3,2,3,2,2,2,3,3,2,2,2,2,2,3,4,3,5,1,2,2,2,2,2,2,1,2,3,4,3,3,4,4,2,2,5,5,5,5,1,1,1,1,5,1,1,1,5,5,5,5,5,1,1,1,1,5,2,5,5,2,2,5,5,5,5,5,1,5,2,2,5,5,5,5,5,5,5,2,2,2,2,1,5,5,5,5,2,3,4,5,5,5,2,5,5,5,5,5,5,5,5,5,5,3,3,5,5,5,5,4,4,4,4,4,4,4,4,2,2,2,2,2,2,2,2","0.00141096115112305","louvain","edit-xhwikibooks.graphml"
"0.35","0.33","0.32","0.411116993171739","1,1,1,2,3,2,3,2,2,2,3,3,2,2,2,2,2,3,4,3,5,1,2,2,2,2,2,2,1,2,3,4,3,3,4,4,2,2,5,5,5,5,1,1,1,1,5,1,1,1,5,5,5,5,5,1,1,1,1,5,6,5,5,2,2,5,5,5,5,5,1,5,2,2,5,5,5,5,5,5,5,2,2,2,2,7,5,5,5,5,8,9,10,5,5,5,2,5,5,5,5,5,5,5,5,5,5,3,3,5,5,5,5,4,4,4,4,4,4,4,4,2,2,2,2,2,2,2,2","0.00141310691833496","louvain","edit-xhwikibooks.graphml"
"0.34","0.34","0.32","0.425654245585567","1,1,1,2,3,2,3,2,2,2,3,3,2,2,2,2,2,3,4,3,5,1,2,2,2,2,2,2,1,2,3,4,3,3,4,4,2,2,5,5,5,5,1,1,1,1,5,1,1,1,5,5,5,5,5,1,1,1,1,5,6,5,5,2,2,5,5,5,5,5,1,5,2,2,5,5,5,5,5,5,5,2,2,2,2,7,5,5,5,5,8,9,10,5,5,5,2,5,5,5,5,5,5,5,5,5,5,3,3,5,5,5,5,4,4,4,4,4,4,4,4,2,2,2,2,2,2,2,2","0.00138211250305176","louvain","edit-xhwikibooks.graphml"
"0.33","0.35","0.32","0.425654245585567","1,1,1,2,3,2,3,2,2,2,3,3,2,2,2,2,2,3,4,3,5,1,2,2,2,2,2,2,1,2,3,4,3,3,4,4,2,2,5,5,5,5,1,1,1,1,5,1,1,1,5,5,5,5,5,1,1,1,1,5,6,5,5,2,2,5,5,5,5,5,1,5,2,2,5,5,5,5,5,5,5,2,2,2,2,7,5,5,5,5,8,9,10,5,5,5,2,5,5,5,5,5,5,5,5,5,5,3,3,5,5,5,5,4,4,4,4,4,4,4,4,2,2,2,2,2,2,2,2","0.0014340877532959","louvain","edit-xhwikibooks.graphml"
"0.32","0.36","0.32","0.426287592173529","1,1,1,2,3,2,3,2,2,2,3,3,2,2,2,2,2,3,4,3,5,1,2,2,2,2,2,2,1,2,3,4,3,3,4,4,2,2,5,5,5,5,1,1,1,1,5,1,1,1,5,5,5,5,5,1,1,1,1,5,6,5,5,2,2,5,5,5,5,5,1,5,2,2,5,5,5,5,5,5,5,2,2,2,2,7,5,5,5,5,8,9,10,5,5,5,2,5,5,5,5,5,5,5,5,5,5,3,3,5,5,5,5,4,4,4,4,4,4,4,4,2,2,2,2,2,2,2,2","0.00160098075866699","louvain","edit-xhwikibooks.graphml"
"0.31","0.37","0.32","0.426610626409176","1,1,1,2,3,2,3,2,2,2,3,3,2,2,2,2,2,3,4,3,5,1,2,2,2,2,2,2,1,2,3,4,3,3,4,4,2,2,5,5,5,5,1,1,1,1,5,1,1,1,5,5,5,5,5,1,1,1,1,5,6,5,5,2,2,5,5,5,5,5,1,5,2,2,5,5,5,5,5,5,5,2,2,2,2,7,5,5,5,5,8,9,10,5,5,5,2,5,5,5,5,5,5,5,5,5,5,3,3,5,5,5,5,4,4,4,4,4,4,4,4,2,2,2,2,2,2,2,2","0.00146794319152832","louvain","edit-xhwikibooks.graphml"
"0.3","0.38","0.32","0.426287592173529","1,1,1,2,3,2,3,2,2,2,3,3,2,2,2,2,2,3,4,3,5,1,2,2,2,2,2,2,1,2,3,4,3,3,4,4,2,2,5,5,5,5,1,1,1,1,5,1,1,1,5,5,5,5,5,1,1,1,1,5,6,5,5,2,2,5,5,5,5,5,1,5,2,2,5,5,5,5,5,5,5,2,2,2,2,7,5,5,5,5,8,9,10,5,5,5,2,5,5,5,5,5,5,5,5,5,5,3,3,5,5,5,5,4,4,4,4,4,4,4,4,2,2,2,2,2,2,2,2","0.00154280662536621","louvain","edit-xhwikibooks.graphml"
"0.29","0.39","0.32","0.427133781968161","1,2,1,3,1,3,1,3,3,3,1,1,3,3,3,3,3,1,4,1,5,2,3,3,3,3,3,3,2,3,1,4,1,1,4,4,3,3,5,5,5,5,2,2,2,2,5,2,2,2,5,5,5,5,5,2,2,2,2,5,6,5,5,3,3,5,5,5,5,5,2,5,3,3,5,5,5,5,5,5,5,3,3,3,3,7,5,5,5,5,8,9,10,5,5,5,3,5,5,5,5,5,5,5,5,5,5,1,1,5,5,5,5,4,4,4,4,4,4,4,4,3,3,3,3,3,3,3,3","0.00150108337402344","louvain","edit-xhwikibooks.graphml"
"0.28","0.4","0.32","0.428593268460773","1,2,1,3,1,3,1,3,3,3,1,1,3,3,3,3,3,1,4,1,5,2,3,3,3,3,3,3,2,3,1,4,1,1,4,4,3,3,5,5,5,5,2,2,2,2,5,2,2,2,5,5,5,5,5,2,2,2,2,5,6,5,5,3,3,5,5,5,5,5,2,5,3,3,5,5,5,5,5,5,5,3,3,3,3,7,5,5,5,5,8,9,10,5,5,5,3,5,5,5,5,5,5,5,5,5,5,1,1,5,5,5,5,4,4,4,4,4,4,4,4,3,3,3,3,3,3,3,3","0.00150609016418457","louvain","edit-xhwikibooks.graphml"
"0.27","0.41","0.32","0.428593268460773","1,2,1,3,1,3,1,3,3,3,1,1,3,3,3,3,3,1,4,1,5,2,3,3,3,3,3,3,2,3,1,4,1,1,4,4,3,3,5,5,5,5,2,2,2,2,5,2,2,2,5,5,5,5,5,2,2,2,2,5,6,5,5,3,3,5,5,5,5,5,2,5,3,3,5,5,5,5,5,5,5,3,3,3,3,7,5,5,5,5,8,9,10,5,5,5,3,5,5,5,5,5,5,5,5,5,5,1,1,5,5,5,5,4,4,4,4,4,4,4,4,3,3,3,3,3,3,3,3","0.00151300430297852","louvain","edit-xhwikibooks.graphml"
"0.26","0.42","0.32","0.428270215915432","1,2,1,3,1,3,1,3,3,3,1,1,3,3,3,3,3,1,4,1,5,2,3,3,3,3,3,3,2,3,1,4,1,1,4,4,3,3,5,5,5,5,2,2,2,2,5,2,2,2,5,5,5,5,5,2,2,2,2,5,6,5,5,3,3,5,5,5,5,5,2,5,3,3,5,5,5,5,5,5,5,3,3,3,3,7,5,5,5,5,8,9,10,5,5,5,3,5,5,5,5,5,5,5,5,5,5,1,1,5,5,5,5,4,4,4,4,4,4,4,4,3,3,3,3,3,3,3,3","0.0011441707611084","louvain","edit-xhwikibooks.graphml"
"0.25","0.43","0.32","0.430207637765795","1,1,1,2,3,2,3,2,2,2,3,3,2,2,2,2,2,3,4,3,5,1,2,2,2,2,2,2,1,2,3,4,3,3,4,4,2,2,5,5,5,5,1,1,1,1,5,1,1,1,5,5,5,5,5,1,1,1,1,5,6,5,5,2,2,5,5,5,5,5,1,5,2,2,5,5,5,5,5,5,5,2,2,2,2,7,5,5,5,5,8,9,10,5,5,5,2,5,5,5,5,5,5,5,5,5,5,3,3,5,5,5,5,4,4,4,4,4,4,4,4,2,2,2,2,2,2,2,2","0.00129985809326172","louvain","edit-xhwikibooks.graphml"
"0.24","0.44","0.32","0.429885656337247","1,1,1,2,3,2,3,2,2,2,3,3,2,2,2,2,2,3,4,3,5,1,2,2,2,2,2,2,1,2,3,4,3,3,4,4,2,2,5,5,5,5,1,1,1,1,5,1,1,1,5,5,5,5,5,1,1,1,1,5,6,5,5,2,2,5,5,5,5,5,1,5,2,2,5,5,5,5,5,5,5,2,2,2,2,7,5,5,5,5,8,9,10,5,5,5,2,5,5,5,5,5,5,5,5,5,5,3,3,5,5,5,5,4,4,4,4,4,4,4,4,2,2,2,2,2,2,2,2","0.000782966613769531","louvain","edit-xhwikibooks.graphml"
"0.23","0.45","0.32","0.431700690974357","1,1,1,2,3,2,3,2,2,2,3,3,2,2,2,2,2,3,4,3,5,1,2,2,2,2,2,2,1,2,3,4,3,3,4,4,2,2,5,5,5,5,1,1,1,1,5,1,1,1,5,5,5,5,5,1,1,1,1,5,6,5,5,2,2,5,5,5,5,5,1,5,2,2,5,5,5,5,5,5,5,2,2,2,2,7,5,5,5,5,8,9,10,5,5,5,2,5,5,5,5,5,5,5,5,5,5,3,3,5,5,5,5,4,4,4,4,4,4,4,4,2,2,2,2,2,2,2,2","0.000787019729614258","louvain","edit-xhwikibooks.graphml"
"0.22","0.46","0.32","0.431379035006759","1,1,1,2,3,2,3,2,2,2,3,3,2,2,2,2,2,3,4,3,5,1,2,2,2,2,2,2,1,2,3,4,3,3,4,4,2,2,5,5,5,5,1,1,1,1,5,1,1,1,5,5,5,5,5,1,1,1,1,5,6,5,5,2,2,5,5,5,5,5,1,5,2,2,5,5,5,5,5,5,5,2,2,2,2,7,5,5,5,5,8,9,10,5,5,5,2,5,5,5,5,5,5,5,5,5,5,3,3,5,5,5,5,4,4,4,4,4,4,4,4,2,2,2,2,2,2,2,2","0.000783920288085938","louvain","edit-xhwikibooks.graphml"
"0.21","0.47","0.32","0.432212103056867","1,2,1,3,1,3,1,3,3,3,1,1,3,3,3,3,3,1,4,1,5,2,3,3,3,3,3,3,2,3,1,4,1,1,4,4,3,3,5,5,5,5,2,2,2,2,5,2,2,2,5,5,5,5,5,2,2,2,2,5,6,5,5,3,3,5,5,5,5,5,2,5,3,3,5,5,5,5,5,5,5,3,3,3,3,7,5,5,5,5,8,9,10,5,5,5,3,5,5,5,5,5,5,5,5,5,5,1,1,5,5,5,5,4,4,4,4,4,4,4,4,3,3,3,3,3,3,3,3","0.000575065612792969","louvain","edit-xhwikibooks.graphml"
"0.2","0.48","0.32","0.43189001083374","1,2,1,3,1,3,1,3,3,3,1,1,3,3,3,3,3,1,4,1,5,2,3,3,3,3,3,3,2,3,1,4,1,1,4,4,3,3,5,5,5,5,2,2,2,2,5,2,2,2,5,5,5,5,5,2,2,2,2,5,6,5,5,3,3,5,5,5,5,5,2,5,3,3,5,5,5,5,5,5,5,3,3,3,3,7,5,5,5,5,8,9,10,5,5,5,3,5,5,5,5,5,5,5,5,5,5,1,1,5,5,5,5,4,4,4,4,4,4,4,4,3,3,3,3,3,3,3,3","0.000661849975585938","louvain","edit-xhwikibooks.graphml"
"0.19","0.49","0.32","0.425339049337274","1,2,1,3,1,3,1,3,3,3,1,1,3,3,3,3,3,1,4,1,5,2,3,3,3,3,3,3,2,3,1,4,1,1,4,4,3,3,5,5,5,5,2,2,2,2,5,2,2,2,5,5,5,5,5,2,2,2,2,5,6,5,5,3,3,5,5,5,5,5,2,5,3,3,5,5,5,5,5,5,5,3,3,3,3,7,5,5,5,5,8,9,10,5,5,5,3,5,5,5,5,5,5,5,5,5,5,1,1,5,5,5,5,4,4,4,4,4,4,4,4,3,3,3,3,3,3,3,3","0.000642776489257812","louvain","edit-xhwikibooks.graphml"
"0.18","0.5","0.32","0.46393871847525","1,1,1,2,3,2,3,2,2,2,3,3,2,2,2,2,2,3,4,3,5,1,2,2,2,2,2,2,1,2,3,4,3,3,4,4,6,2,5,5,5,5,1,1,1,1,5,1,1,1,5,5,5,5,5,1,1,1,1,5,7,5,5,2,2,5,5,5,5,5,1,5,2,2,5,5,5,5,5,5,5,2,2,2,2,8,5,5,5,5,9,10,11,5,5,5,2,5,5,5,5,5,5,5,5,5,5,3,3,5,5,5,5,4,4,4,4,4,4,4,4,6,6,6,6,6,6,6,6","0.000640869140625","louvain","edit-xhwikibooks.graphml"
"0.17","0.51","0.32","0.46393871847525","1,1,1,2,3,2,3,2,2,2,3,3,2,2,2,2,2,3,4,3,5,1,2,2,2,2,2,2,1,2,3,4,3,3,4,4,6,2,5,5,5,5,1,1,1,1,5,1,1,1,5,5,5,5,5,1,1,1,1,5,7,5,5,2,2,5,5,5,5,5,1,5,2,2,5,5,5,5,5,5,5,2,2,2,2,8,5,5,5,5,9,10,11,5,5,5,2,5,5,5,5,5,5,5,5,5,5,3,3,5,5,5,5,4,4,4,4,4,4,4,4,6,6,6,6,6,6,6,6","0.00074005126953125","louvain","edit-xhwikibooks.graphml"
"0.16","0.52","0.32","0.463392100325931","1,1,1,2,3,2,3,4,4,2,3,3,4,4,4,2,2,3,5,3,6,1,4,4,4,4,4,2,1,2,3,5,3,3,5,5,4,4,6,6,6,6,1,1,1,1,6,1,1,1,6,6,6,6,6,1,1,1,1,6,7,6,6,4,4,6,6,6,6,6,1,6,4,4,6,6,6,6,6,6,6,4,2,2,2,8,6,6,6,6,9,10,11,6,6,6,2,6,6,6,6,6,6,6,6,6,6,3,3,6,6,6,6,5,5,5,5,5,5,5,5,4,4,4,4,4,4,4,4","0.000602006912231445","louvain","edit-xhwikibooks.graphml"
"0.15","0.53","0.32","0.461733626281649","1,1,1,2,3,2,3,2,2,2,3,3,2,2,2,4,2,3,5,3,6,1,2,2,2,2,2,4,1,2,3,5,3,3,5,5,2,2,6,6,6,6,1,1,1,1,6,1,1,1,6,6,6,6,6,1,1,1,1,6,7,6,6,2,2,6,6,6,6,6,1,6,2,2,6,6,6,6,6,6,6,2,4,4,4,8,6,6,6,6,9,10,11,6,6,6,4,6,6,6,6,6,6,6,6,6,6,3,3,6,6,6,6,5,5,5,5,5,5,5,5,2,2,2,2,2,2,2,2","0.000648021697998047","louvain","edit-xhwikibooks.graphml"
"0.14","0.54","0.32","0.463410788484369","1,1,1,2,3,2,3,2,2,2,3,3,2,2,2,4,2,3,5,3,6,1,2,2,2,2,2,4,1,2,3,5,3,3,5,5,2,2,6,6,6,6,1,1,1,1,6,1,1,1,6,6,6,6,6,1,1,1,1,6,7,6,6,2,2,6,6,6,6,6,1,6,2,2,6,6,6,6,6,6,6,2,4,4,4,8,6,6,6,6,9,10,11,6,6,6,4,6,6,6,6,6,6,6,6,6,6,3,3,6,6,6,6,5,5,5,5,5,5,5,5,2,2,2,2,2,2,2,2","0.000589132308959961","louvain","edit-xhwikibooks.graphml"
"0.13","0.55","0.32","0.463601137340475","1,1,1,2,3,2,3,4,4,2,3,3,4,4,4,2,2,3,5,3,6,1,4,4,4,4,4,2,1,2,3,5,3,3,5,5,4,4,6,6,6,6,1,1,1,1,6,1,1,1,6,6,6,6,6,1,1,1,1,6,7,6,6,4,4,6,6,6,6,6,1,6,4,4,6,6,6,6,6,6,6,4,2,2,2,8,6,6,6,6,9,10,11,6,6,6,2,6,6,6,6,6,6,6,6,6,6,3,3,6,6,6,6,5,5,5,5,5,5,5,5,4,4,4,4,4,4,4,4","0.000662088394165039","louvain","edit-xhwikibooks.graphml"
"0.12","0.56","0.32","0.465977394829497","1,2,1,3,1,3,1,4,4,3,1,1,4,4,4,3,3,1,5,1,6,2,4,4,4,4,4,3,2,3,1,5,1,1,5,5,4,4,6,6,6,6,2,2,2,2,6,2,2,2,6,6,6,6,6,2,2,2,2,6,7,6,6,4,4,6,6,6,6,6,2,6,4,4,6,6,6,6,6,6,6,4,3,3,3,8,6,6,6,6,9,10,11,6,6,6,3,6,6,6,6,6,6,6,6,6,6,1,1,6,6,6,6,5,5,5,5,5,5,5,5,4,4,4,4,4,4,4,4","0.000611066818237305","louvain","edit-xhwikibooks.graphml"
"0.11","0.57","0.32","0.454969618055556","1,2,1,3,1,3,1,4,4,3,1,1,4,4,4,3,3,1,5,1,6,2,4,4,4,4,4,3,2,3,1,5,1,1,5,5,4,4,6,6,6,6,2,2,2,2,6,2,2,2,6,6,6,6,6,2,2,2,2,6,7,6,6,4,4,6,6,6,6,6,2,6,4,4,6,6,6,6,6,6,6,4,3,3,3,8,6,6,6,6,9,10,11,6,6,6,3,6,6,6,6,6,6,6,6,6,6,1,1,6,6,6,6,5,5,5,5,5,5,5,5,4,4,4,4,4,4,4,4","0.000643014907836914","louvain","edit-xhwikibooks.graphml"
"0.1","0.58","0.32","0.456641449966231","1,2,1,3,1,3,1,4,4,3,1,1,4,4,4,3,3,1,5,1,6,2,4,4,4,4,4,3,2,3,1,5,1,1,5,5,4,4,6,6,6,6,2,2,2,2,6,2,2,2,6,6,6,6,6,2,2,2,2,6,7,6,6,4,4,6,6,6,6,6,2,6,4,4,6,6,6,6,6,6,6,4,3,3,3,8,6,6,6,6,9,10,11,6,6,6,3,6,6,6,6,6,6,6,6,6,6,1,1,6,6,6,6,5,5,5,5,5,5,5,5,4,4,4,4,4,4,4,4","0.000646114349365234","louvain","edit-xhwikibooks.graphml"
"0.09","0.59","0.32","0.456315354428653","1,2,1,3,1,3,1,4,4,3,1,1,4,4,4,3,3,1,5,1,6,2,4,4,4,4,4,3,2,3,1,5,1,1,5,5,4,4,6,6,6,6,2,2,2,2,6,2,2,2,6,6,6,6,6,2,2,2,2,6,7,6,6,4,4,6,6,6,6,6,2,6,4,4,6,6,6,6,6,6,6,4,3,3,3,8,6,6,6,6,9,10,11,6,6,6,3,6,6,6,6,6,6,6,6,6,6,1,1,6,6,6,6,5,5,5,5,5,5,5,5,4,4,4,4,4,4,4,4","0.00068211555480957","louvain","edit-xhwikibooks.graphml"
"0.08","0.6","0.32","0.457658247469844","1,2,1,3,1,3,1,3,3,3,1,1,3,3,3,3,3,1,4,1,5,2,3,3,3,3,3,3,2,3,1,4,1,1,4,4,3,3,5,5,5,5,2,2,2,2,5,2,2,2,5,5,5,5,5,2,2,2,2,5,6,5,5,3,3,5,5,5,5,5,2,5,3,3,5,5,5,5,5,5,5,3,3,3,3,7,5,5,5,5,8,9,10,5,5,5,3,5,5,5,5,5,5,5,5,5,5,1,1,5,5,5,5,4,4,4,4,4,4,4,4,3,3,3,3,3,3,3,3","0.000631093978881836","louvain","edit-xhwikibooks.graphml"
"0.07","0.61","0.32","0.453215123536501","1,2,1,1,1,3,1,4,4,3,1,1,4,4,4,3,3,1,5,1,6,2,4,4,4,4,4,3,2,3,1,5,1,1,5,5,4,4,6,6,6,6,2,2,2,2,6,2,2,2,6,6,6,6,6,2,2,2,2,6,7,6,6,4,4,6,6,6,6,6,2,6,4,4,6,6,6,6,6,6,6,4,3,3,3,8,6,6,6,6,9,10,11,6,6,6,3,6,6,6,6,6,6,6,6,6,6,1,1,6,6,6,6,5,5,5,5,5,5,5,5,4,4,4,4,4,4,4,4","0.000694990158081055","louvain","edit-xhwikibooks.graphml"
"0.06","0.62","0.32","0.453708170694268","1,2,1,1,1,3,1,3,3,4,1,1,3,3,3,3,4,1,5,1,6,2,3,3,3,3,3,7,2,4,1,5,1,1,5,5,3,3,6,6,6,6,2,2,2,2,6,2,2,2,6,6,6,6,6,2,2,2,2,6,8,6,6,3,3,6,6,6,6,6,2,6,3,3,6,6,6,6,6,6,6,3,7,7,7,9,6,6,6,6,10,11,12,6,6,6,3,6,6,6,6,6,6,6,6,6,6,1,1,6,6,6,6,5,5,5,5,5,5,5,5,3,3,3,3,3,3,3,3","0.000691890716552734","louvain","edit-xhwikibooks.graphml"
"0.05","0.63","0.32","0.453294460068396","1,2,1,1,1,3,1,3,3,3,1,1,3,3,3,3,3,1,4,1,5,2,3,3,3,3,3,3,2,3,1,4,1,1,4,4,3,3,5,5,5,5,2,2,2,2,5,2,2,2,5,5,5,5,5,2,2,2,2,5,6,5,5,3,3,5,5,5,5,5,2,5,3,3,5,5,5,5,5,5,5,3,3,3,3,7,5,5,5,5,8,9,10,5,5,5,3,5,5,5,5,5,5,5,5,5,5,1,1,5,5,5,5,4,4,4,4,4,4,4,4,3,3,3,3,3,3,3,3","0.000624895095825195","louvain","edit-xhwikibooks.graphml"
"0.04","0.64","0.32","0.453366375906318","1,2,1,1,1,3,1,3,3,4,1,1,3,3,3,3,4,1,5,1,6,2,3,3,3,3,3,3,2,4,1,5,1,1,5,5,3,3,6,6,6,6,2,2,2,2,6,2,2,2,6,6,6,6,6,2,2,2,2,6,7,6,6,3,3,6,6,6,6,6,2,6,3,3,6,6,6,6,6,6,6,3,3,3,3,8,6,6,6,6,9,10,11,6,6,6,3,6,6,6,6,6,6,6,6,6,6,1,1,6,6,6,6,5,5,5,5,5,5,5,5,3,3,3,3,3,3,3,3","0.000681161880493164","louvain","edit-xhwikibooks.graphml"
"0.03","0.65","0.32","0.446143269589904","1,2,1,1,1,3,1,3,3,3,1,1,3,3,3,3,4,1,5,1,6,2,3,3,3,3,3,7,2,8,9,5,1,1,5,5,3,3,6,6,6,6,2,2,2,2,6,2,2,2,6,6,6,6,6,2,2,2,2,6,10,6,6,11,12,6,6,6,6,6,2,6,3,3,6,6,6,6,6,6,6,13,7,7,7,14,6,6,6,6,15,16,17,6,6,6,18,6,6,6,6,6,6,6,6,6,6,19,20,6,6,6,6,5,5,5,5,5,5,5,5,3,3,3,3,3,3,3,3","0.000735044479370117","louvain","edit-xhwikibooks.graphml"
"0.02","0.66","0.32","0.446143269589904","1,2,1,1,1,3,1,3,3,3,1,1,3,3,3,3,4,1,5,1,6,2,3,3,3,3,3,7,2,8,9,5,1,1,5,5,3,3,6,6,6,6,2,2,2,2,6,2,2,2,6,6,6,6,6,2,2,2,2,6,10,6,6,11,12,6,6,6,6,6,2,6,3,3,6,6,6,6,6,6,6,13,7,7,7,14,6,6,6,6,15,16,17,6,6,6,18,6,6,6,6,6,6,6,6,6,6,19,20,6,6,6,6,5,5,5,5,5,5,5,5,3,3,3,3,3,3,3,3","0.000628948211669922","louvain","edit-xhwikibooks.graphml"
"0.01","0.67","0.32","0.458010186415286","1,2,1,1,1,3,1,3,3,3,1,1,3,3,3,3,4,1,5,1,6,2,3,3,3,3,3,7,2,8,9,5,1,1,5,5,3,3,6,6,6,6,2,2,2,2,6,2,2,2,6,6,6,6,6,2,2,2,2,6,10,6,6,11,12,6,6,6,6,6,2,6,3,3,6,6,6,6,6,6,6,13,7,7,7,14,6,6,6,6,15,16,17,6,6,6,18,6,6,6,6,6,6,6,6,6,6,19,20,6,6,6,6,5,5,5,5,5,5,5,5,3,3,3,3,3,3,3,3","0.000588893890380859","louvain","edit-xhwikibooks.graphml"
"0","0.68","0.32","0.460949957324978","1,1,1,1,1,2,3,2,2,2,3,3,2,2,2,2,4,3,5,3,6,1,2,2,2,2,2,7,1,8,9,5,3,3,5,5,2,2,6,6,6,6,1,1,1,1,6,1,1,1,6,6,6,6,6,1,1,1,1,6,10,6,6,11,12,6,6,6,6,6,1,6,2,2,6,6,6,6,6,6,6,13,7,7,7,14,6,6,6,6,15,16,17,6,6,6,18,6,6,6,6,6,6,6,6,6,6,19,20,6,6,6,6,5,5,5,5,5,5,5,5,2,2,2,2,2,2,2,2","0.000570058822631836","louvain","edit-xhwikibooks.graphml"
"0.67","0","0.33","0.395127877740803","1,1,1,2,3,2,3,2,2,2,3,3,2,2,2,2,2,3,3,3,4,1,2,2,2,2,2,2,1,2,3,3,3,3,3,3,2,2,4,4,4,4,1,1,1,1,4,1,1,1,4,4,4,4,4,1,1,1,1,4,2,4,4,2,2,4,4,4,4,4,1,4,2,2,4,4,4,4,4,4,4,2,2,2,2,1,4,4,4,4,2,3,3,4,4,4,2,4,4,4,4,4,4,4,4,4,4,3,3,4,4,4,4,3,3,3,3,3,3,3,3,2,2,2,2,2,2,2,2","0.0337398052215576","louvain","edit-xhwikibooks.graphml"
"0.66","0.01","0.33","0.395127877740803","1,1,1,2,3,2,3,2,2,2,3,3,2,2,2,2,2,3,3,3,4,1,2,2,2,2,2,2,1,2,3,3,3,3,3,3,2,2,4,4,4,4,1,1,1,1,4,1,1,1,4,4,4,4,4,1,1,1,1,4,2,4,4,2,2,4,4,4,4,4,1,4,2,2,4,4,4,4,4,4,4,2,2,2,2,1,4,4,4,4,2,3,3,4,4,4,2,4,4,4,4,4,4,4,4,4,4,3,3,4,4,4,4,3,3,3,3,3,3,3,3,2,2,2,2,2,2,2,2","0.00120306015014648","louvain","edit-xhwikibooks.graphml"
"0.65","0.02","0.33","0.395127877740803","1,1,1,2,3,2,3,2,2,2,3,3,2,2,2,2,2,3,3,3,4,1,2,2,2,2,2,2,1,2,3,3,3,3,3,3,2,2,4,4,4,4,1,1,1,1,4,1,1,1,4,4,4,4,4,1,1,1,1,4,2,4,4,2,2,4,4,4,4,4,1,4,2,2,4,4,4,4,4,4,4,2,2,2,2,1,4,4,4,4,2,3,3,4,4,4,2,4,4,4,4,4,4,4,4,4,4,3,3,4,4,4,4,3,3,3,3,3,3,3,3,2,2,2,2,2,2,2,2","0.00105404853820801","louvain","edit-xhwikibooks.graphml"
"0.64","0.03","0.33","0.394826057651434","1,1,1,2,3,2,3,2,2,2,3,3,2,2,2,2,2,3,3,3,4,1,2,2,2,2,2,2,1,2,3,3,3,3,3,3,2,2,4,4,4,4,1,1,1,1,4,1,1,1,4,4,4,4,4,1,1,1,1,4,2,4,4,2,2,4,4,4,4,4,1,4,2,2,4,4,4,4,4,4,4,2,2,2,2,1,4,4,4,4,2,3,3,4,4,4,2,4,4,4,4,4,4,4,4,4,4,3,3,4,4,4,4,3,3,3,3,3,3,3,3,2,2,2,2,2,2,2,2","0.00107812881469727","louvain","edit-xhwikibooks.graphml"
"0.63","0.04","0.33","0.394826057651434","1,1,1,2,3,2,3,2,2,2,3,3,2,2,2,2,2,3,3,3,4,1,2,2,2,2,2,2,1,2,3,3,3,3,3,3,2,2,4,4,4,4,1,1,1,1,4,1,1,1,4,4,4,4,4,1,1,1,1,4,2,4,4,2,2,4,4,4,4,4,1,4,2,2,4,4,4,4,4,4,4,2,2,2,2,1,4,4,4,4,2,3,3,4,4,4,2,4,4,4,4,4,4,4,4,4,4,3,3,4,4,4,4,3,3,3,3,3,3,3,3,2,2,2,2,2,2,2,2","0.00103116035461426","louvain","edit-xhwikibooks.graphml"
"0.62","0.05","0.33","0.394647926622196","1,1,1,2,3,2,3,2,2,2,3,3,2,2,2,2,2,3,4,3,5,1,2,2,2,2,2,2,1,2,3,4,3,3,4,4,2,2,5,5,5,5,1,1,1,1,5,1,1,1,5,5,5,5,5,1,1,1,1,5,2,5,5,2,2,5,5,5,5,5,1,5,2,2,5,5,5,5,5,5,5,2,2,2,2,1,5,5,5,5,2,3,4,5,5,5,2,5,5,5,5,5,5,5,5,5,5,3,3,5,5,5,5,4,4,4,4,4,4,4,4,2,2,2,2,2,2,2,2","0.000972986221313477","louvain","edit-xhwikibooks.graphml"
"0.61","0.06","0.33","0.394524662001722","1,1,1,2,3,2,3,2,2,2,3,3,2,2,2,2,2,3,3,3,4,1,2,2,2,2,2,2,1,2,3,3,3,3,3,3,2,2,4,4,4,4,1,1,1,1,4,1,1,1,4,4,4,4,4,1,1,1,1,4,2,4,4,2,2,4,4,4,4,4,1,4,2,2,4,4,4,4,4,4,4,2,2,2,2,1,4,4,4,4,2,3,3,4,4,4,2,4,4,4,4,4,4,4,4,4,4,3,3,4,4,4,4,3,3,3,3,3,3,3,3,2,2,2,2,2,2,2,2","0.000961065292358398","louvain","edit-xhwikibooks.graphml"
"0.6","0.07","0.33","0.394344806671143","1,1,1,2,3,2,3,2,2,2,3,3,2,2,2,2,2,3,4,3,5,1,2,2,2,2,2,2,1,2,3,4,3,3,4,4,2,2,5,5,5,5,1,1,1,1,5,1,1,1,5,5,5,5,5,1,1,1,1,5,2,5,5,2,2,5,5,5,5,5,1,5,2,2,5,5,5,5,5,5,5,2,2,2,2,1,5,5,5,5,2,3,4,5,5,5,2,5,5,5,5,5,5,5,5,5,5,3,3,5,5,5,5,4,4,4,4,4,4,4,4,2,2,2,2,2,2,2,2","0.000890016555786133","louvain","edit-xhwikibooks.graphml"
"0.59","0.08","0.33","0.395236644854253","1,1,1,2,3,2,3,2,2,2,3,3,2,2,2,2,2,3,3,3,4,1,2,2,2,2,2,2,1,2,3,3,3,3,3,3,2,2,4,4,4,4,1,1,1,1,4,1,1,1,4,4,4,4,4,1,1,1,1,4,2,4,4,2,2,4,4,4,4,4,1,4,2,2,4,4,4,4,4,4,4,2,2,2,2,1,4,4,4,4,2,3,3,4,4,4,2,4,4,4,4,4,4,4,4,4,4,3,3,4,4,4,4,3,3,3,3,3,3,3,3,2,2,2,2,2,2,2,2","0.000972986221313477","louvain","edit-xhwikibooks.graphml"
"0.58","0.09","0.33","0.395031804657843","1,1,1,2,3,2,3,2,2,2,3,4,2,2,2,2,2,3,3,4,5,1,2,2,2,2,2,2,1,2,3,3,4,4,3,3,2,2,5,5,5,5,1,1,1,1,5,1,1,1,5,5,5,5,5,1,1,1,1,5,2,5,5,2,2,5,5,5,5,5,1,5,2,2,5,5,5,5,5,5,5,2,2,2,2,1,5,5,5,5,2,3,3,5,5,5,2,5,5,5,5,5,5,5,5,5,5,4,4,5,5,5,5,3,3,3,3,3,3,3,3,2,2,2,2,2,2,2,2","0.00103616714477539","louvain","edit-xhwikibooks.graphml"
"0.57","0.1","0.33","0.394935858706763","1,1,1,2,3,2,3,2,2,2,3,3,2,2,2,2,2,3,3,3,4,1,2,2,2,2,2,2,1,2,3,3,3,3,3,3,2,2,4,4,4,4,1,1,1,1,4,1,1,1,4,4,4,4,4,1,1,1,1,4,2,4,4,2,2,4,4,4,4,4,1,4,2,2,4,4,4,4,4,4,4,2,2,2,2,1,4,4,4,4,2,3,3,4,4,4,2,4,4,4,4,4,4,4,4,4,4,3,3,4,4,4,4,3,3,3,3,3,3,3,3,2,2,2,2,2,2,2,2","0.00100493431091309","louvain","edit-xhwikibooks.graphml"
"0.56","0.11","0.33","0.394750215458189","1,1,1,2,3,2,3,2,2,2,3,3,2,2,2,2,2,3,4,3,5,1,2,2,2,2,2,2,1,2,3,4,3,3,4,4,2,2,5,5,5,5,1,1,1,1,5,1,1,1,5,5,5,5,5,1,1,1,1,5,2,5,5,2,2,5,5,5,5,5,1,5,2,2,5,5,5,5,5,5,5,2,2,2,2,1,5,5,5,5,2,3,4,5,5,5,2,5,5,5,5,5,5,5,5,5,5,3,3,5,5,5,5,4,4,4,4,4,4,4,4,2,2,2,2,2,2,2,2","0.0010380744934082","louvain","edit-xhwikibooks.graphml"
"0.55","0.12","0.33","0.396580317535872","1,1,1,2,3,2,3,2,2,2,3,3,2,2,2,2,2,3,3,3,4,1,2,2,2,2,2,2,1,2,3,3,3,3,3,3,2,2,4,4,4,4,1,1,1,1,4,1,1,1,4,4,4,4,4,1,1,1,1,4,2,4,4,2,2,4,4,4,4,4,1,4,2,2,4,4,4,4,4,4,4,2,2,2,2,1,4,4,4,4,2,3,3,4,4,4,2,4,4,4,4,4,4,4,4,4,4,3,3,4,4,4,4,3,3,3,3,3,3,3,3,2,2,2,2,2,2,2,2","0.000993967056274414","louvain","edit-xhwikibooks.graphml"
"0.54","0.13","0.33","0.396416721651428","1,1,1,2,3,2,3,2,2,2,3,3,2,2,2,2,2,3,4,3,5,1,2,2,2,2,2,2,1,2,3,4,3,3,4,4,2,2,5,5,5,5,1,1,1,1,5,1,1,1,5,5,5,5,5,1,1,1,1,5,2,5,5,2,2,5,5,5,5,5,1,5,2,2,5,5,5,5,5,5,5,2,2,2,2,1,5,5,5,5,2,3,4,5,5,5,2,5,5,5,5,5,5,5,5,5,5,3,3,5,5,5,5,4,4,4,4,4,4,4,4,2,2,2,2,2,2,2,2","0.000591039657592773","louvain","edit-xhwikibooks.graphml"
"0.53","0.14","0.33","0.397282214493288","1,1,1,2,3,2,3,2,2,2,3,3,2,2,2,2,2,3,3,3,4,1,2,2,2,2,2,2,1,2,3,3,3,3,3,3,2,2,4,4,4,4,1,1,1,1,4,1,1,1,4,4,4,4,4,1,1,1,1,4,2,4,4,2,2,4,4,4,4,4,1,4,2,2,4,4,4,4,4,4,4,2,2,2,2,1,4,4,4,4,2,3,3,4,4,4,2,4,4,4,4,4,4,4,4,4,4,3,3,4,4,4,4,3,3,3,3,3,3,3,3,2,2,2,2,2,2,2,2","0.000607013702392578","louvain","edit-xhwikibooks.graphml"
"0.52","0.15","0.33","0.398906707720856","1,1,1,2,3,2,3,2,2,2,3,3,2,2,2,2,2,3,3,3,4,1,2,2,2,2,2,2,1,2,3,3,3,3,3,3,2,2,4,4,4,4,1,1,1,1,4,1,1,1,4,4,4,4,4,1,1,1,1,4,2,4,4,2,2,4,4,4,4,4,1,4,2,2,4,4,4,4,4,4,4,2,2,2,2,1,4,4,4,4,2,3,3,4,4,4,2,4,4,4,4,4,4,4,4,4,4,3,3,4,4,4,4,3,3,3,3,3,3,3,3,2,2,2,2,2,2,2,2","0.000650882720947266","louvain","edit-xhwikibooks.graphml"
"0.51","0.16","0.33","0.39989871408901","1,1,1,2,3,2,3,2,2,2,3,3,2,2,2,2,2,3,3,3,4,1,2,2,2,2,2,2,1,2,3,3,3,3,3,3,2,2,4,4,4,4,1,1,1,1,4,1,1,1,4,4,4,4,4,1,1,1,1,4,2,4,4,2,2,4,4,4,4,4,1,4,2,2,4,4,4,4,4,4,4,2,2,2,2,1,4,4,4,4,2,3,3,4,4,4,2,4,4,4,4,4,4,4,4,4,4,3,3,4,4,4,4,3,3,3,3,3,3,3,3,2,2,2,2,2,2,2,2","0.000585079193115234","louvain","edit-xhwikibooks.graphml"
"0.5","0.17","0.33","0.400562504591447","1,1,1,2,3,2,3,2,2,2,3,3,2,2,2,2,2,3,3,3,4,1,2,2,2,2,2,2,1,2,3,3,3,3,3,3,2,2,4,4,4,4,1,1,1,1,4,1,1,1,4,4,4,4,4,1,1,1,1,4,2,4,4,2,2,4,4,4,4,4,1,4,2,2,4,4,4,4,4,4,4,2,2,2,2,1,4,4,4,4,2,3,3,4,4,4,2,4,4,4,4,4,4,4,4,4,4,3,3,4,4,4,4,3,3,3,3,3,3,3,3,2,2,2,2,2,2,2,2","0.000586986541748047","louvain","edit-xhwikibooks.graphml"
"0.49","0.18","0.33","0.400562504591447","1,1,1,2,3,2,3,2,2,2,3,3,2,2,2,2,2,3,3,3,4,1,2,2,2,2,2,2,1,2,3,3,3,3,3,3,2,2,4,4,4,4,1,1,1,1,4,1,1,1,4,4,4,4,4,1,1,1,1,4,2,4,4,2,2,4,4,4,4,4,1,4,2,2,4,4,4,4,4,4,4,2,2,2,2,1,4,4,4,4,2,3,3,4,4,4,2,4,4,4,4,4,4,4,4,4,4,3,3,4,4,4,4,3,3,3,3,3,3,3,3,2,2,2,2,2,2,2,2","0.000576019287109375","louvain","edit-xhwikibooks.graphml"
"0.48","0.19","0.33","0.40026256585029","1,1,1,2,3,2,3,2,2,2,3,3,2,2,2,2,2,3,3,3,4,1,2,2,2,2,2,2,1,2,3,3,3,3,3,3,2,2,4,4,4,4,1,1,1,1,4,1,1,1,4,4,4,4,4,1,1,1,1,4,2,4,4,2,2,4,4,4,4,4,1,4,2,2,4,4,4,4,4,4,4,2,2,2,2,1,4,4,4,4,2,3,3,4,4,4,2,4,4,4,4,4,4,4,4,4,4,3,3,4,4,4,4,3,3,3,3,3,3,3,3,2,2,2,2,2,2,2,2","0.000615835189819336","louvain","edit-xhwikibooks.graphml"
"0.47","0.2","0.33","0.40213988535503","1,1,1,2,3,2,3,2,2,2,3,3,2,2,2,2,2,3,3,3,4,1,2,2,2,2,2,2,1,2,3,3,3,3,3,3,2,2,4,4,4,4,1,1,1,1,4,1,1,1,4,4,4,4,4,1,1,1,1,4,2,4,4,2,2,4,4,4,4,4,1,4,2,2,4,4,4,4,4,4,4,2,2,2,2,1,4,4,4,4,2,3,3,4,4,4,2,4,4,4,4,4,4,4,4,4,4,3,3,4,4,4,4,3,3,3,3,3,3,3,3,2,2,2,2,2,2,2,2","0.00058293342590332","louvain","edit-xhwikibooks.graphml"
"0.46","0.21","0.33","0.401840117156248","1,1,1,2,3,2,3,2,2,2,3,3,2,2,2,2,2,3,3,3,4,1,2,2,2,2,2,2,1,2,3,3,3,3,3,3,2,2,4,4,4,4,1,1,1,1,4,1,1,1,4,4,4,4,4,1,1,1,1,4,2,4,4,2,2,4,4,4,4,4,1,4,2,2,4,4,4,4,4,4,4,2,2,2,2,1,4,4,4,4,2,3,3,4,4,4,2,4,4,4,4,4,4,4,4,4,4,3,3,4,4,4,4,3,3,3,3,3,3,3,3,2,2,2,2,2,2,2,2","0.000674962997436523","louvain","edit-xhwikibooks.graphml"
"0.45","0.22","0.33","0.40200898603925","1,1,1,2,3,2,3,2,2,2,3,3,2,2,2,2,2,3,4,3,5,1,2,2,2,2,2,2,1,2,3,4,3,3,4,4,2,2,5,5,5,5,1,1,1,1,5,1,1,1,5,5,5,5,5,1,1,1,1,5,2,5,5,2,2,5,5,5,5,5,1,5,2,2,5,5,5,5,5,5,5,2,2,2,2,1,5,5,5,5,2,3,4,5,5,5,2,5,5,5,5,5,5,5,5,5,5,3,3,5,5,5,5,4,4,4,4,4,4,4,4,2,2,2,2,2,2,2,2","0.000606060028076172","louvain","edit-xhwikibooks.graphml"
"0.44","0.23","0.33","0.404585517730821","1,1,1,2,3,2,3,2,2,2,3,3,2,2,2,2,2,3,4,3,5,1,2,2,2,2,2,2,1,2,3,4,3,3,4,4,2,2,5,5,5,5,1,1,1,1,5,1,1,1,5,5,5,5,5,1,1,1,1,5,2,5,5,2,2,5,5,5,5,5,1,5,2,2,5,5,5,5,5,5,5,2,2,2,2,1,5,5,5,5,2,3,4,5,5,5,2,5,5,5,5,5,5,5,5,5,5,3,3,5,5,5,5,4,4,4,4,4,4,4,4,2,2,2,2,2,2,2,2","0.00061798095703125","louvain","edit-xhwikibooks.graphml"
"0.43","0.24","0.33","0.405552519111319","1,1,1,2,3,2,3,2,2,2,3,3,2,2,2,2,2,3,4,3,5,1,2,2,2,2,2,2,1,2,3,4,3,3,4,4,2,2,5,5,5,5,1,1,1,1,5,1,1,1,5,5,5,5,5,1,1,1,1,5,2,5,5,2,2,5,5,5,5,5,1,5,2,2,5,5,5,5,5,5,5,2,2,2,2,1,5,5,5,5,2,3,4,5,5,5,2,5,5,5,5,5,5,5,5,5,5,3,3,5,5,5,5,4,4,4,4,4,4,4,4,2,2,2,2,2,2,2,2","0.000575065612792969","louvain","edit-xhwikibooks.graphml"
"0.42","0.25","0.33","0.407991383219955","1,1,1,2,3,2,3,2,2,2,3,3,2,2,2,2,2,3,4,3,5,1,2,2,2,2,2,2,1,2,3,4,3,3,4,4,2,2,5,5,5,5,1,1,1,1,5,1,1,1,5,5,5,5,5,1,1,1,1,5,2,5,5,2,2,5,5,5,5,5,1,5,2,2,5,5,5,5,5,5,5,2,2,2,2,1,5,5,5,5,2,3,4,5,5,5,2,5,5,5,5,5,5,5,5,5,5,3,3,5,5,5,5,4,4,4,4,4,4,4,4,2,2,2,2,2,2,2,2","0.000659942626953125","louvain","edit-xhwikibooks.graphml"
"0.41","0.26","0.33","0.407814512471655","1,1,1,2,3,2,3,2,2,2,3,3,2,2,2,2,2,3,3,3,4,1,2,2,2,2,2,2,1,2,3,3,3,3,3,3,2,2,4,4,4,4,1,1,1,1,4,1,1,1,4,4,4,4,4,1,1,1,1,4,2,4,4,2,2,4,4,4,4,4,1,4,2,2,4,4,4,4,4,4,4,2,2,2,2,1,4,4,4,4,2,3,3,4,4,4,2,4,4,4,4,4,4,4,4,4,4,3,3,4,4,4,4,3,3,3,3,3,3,3,3,2,2,2,2,2,2,2,2","0.000587940216064453","louvain","edit-xhwikibooks.graphml"
"0.4","0.27","0.33","0.407814512471655","1,1,1,2,3,2,3,2,2,2,3,3,2,2,2,2,2,3,3,3,4,1,2,2,2,2,2,2,1,2,3,3,3,3,3,3,2,2,4,4,4,4,1,1,1,1,4,1,1,1,4,4,4,4,4,1,1,1,1,4,2,4,4,2,2,4,4,4,4,4,1,4,2,2,4,4,4,4,4,4,4,2,2,2,2,1,4,4,4,4,2,3,3,4,4,4,2,4,4,4,4,4,4,4,4,4,4,3,3,4,4,4,4,3,3,3,3,3,3,3,3,2,2,2,2,2,2,2,2","0.000580072402954102","louvain","edit-xhwikibooks.graphml"
"0.39","0.28","0.33","0.407634521424478","1,1,1,2,3,2,3,2,2,2,3,4,2,2,2,2,2,3,3,4,5,1,2,2,2,2,2,2,1,2,3,3,4,4,3,3,2,2,5,5,5,5,1,1,1,1,5,1,1,1,5,5,5,5,5,1,1,1,1,5,2,5,5,2,2,5,5,5,5,5,1,5,2,2,5,5,5,5,5,5,5,2,2,2,2,1,5,5,5,5,2,3,3,5,5,5,2,5,5,5,5,5,5,5,5,5,5,4,4,5,5,5,5,3,3,3,3,3,3,3,3,2,2,2,2,2,2,2,2","0.000526189804077148","louvain","edit-xhwikibooks.graphml"
"0.38","0.29","0.33","0.408528838786161","1,1,1,2,3,2,3,2,2,2,3,4,2,2,2,2,2,3,3,4,5,1,2,2,2,2,2,2,1,2,3,3,4,4,3,3,2,2,5,5,5,5,1,1,1,1,5,1,1,1,5,5,5,5,5,1,1,1,1,5,2,5,5,2,2,5,5,5,5,5,1,5,2,2,5,5,5,5,5,5,5,2,2,2,2,1,5,5,5,5,2,3,3,5,5,5,2,5,5,5,5,5,5,5,5,5,5,4,4,5,5,5,5,3,3,3,3,3,3,3,3,2,2,2,2,2,2,2,2","0.000588178634643555","louvain","edit-xhwikibooks.graphml"
"0.37","0.3","0.33","0.408296198894489","1,1,1,2,3,2,3,2,2,2,3,3,2,2,2,2,2,3,4,3,5,1,2,2,2,2,2,2,1,2,3,4,3,3,4,4,2,2,5,5,5,5,1,1,1,1,5,1,1,1,5,5,5,5,5,1,1,1,1,5,2,5,5,2,2,5,5,5,5,5,1,5,2,2,5,5,5,5,5,5,5,2,2,2,2,1,5,5,5,5,2,3,4,5,5,5,2,5,5,5,5,5,5,5,5,5,5,3,3,5,5,5,5,4,4,4,4,4,4,4,4,2,2,2,2,2,2,2,2","0.000528812408447266","louvain","edit-xhwikibooks.graphml"
"0.36","0.31","0.33","0.406304629454436","1,1,1,2,3,2,3,2,2,2,3,3,2,2,2,2,2,3,3,3,4,1,2,2,2,2,2,2,1,2,3,3,3,3,3,3,2,2,4,4,4,4,1,1,1,1,4,1,1,1,4,4,4,4,4,1,1,1,1,4,2,4,4,2,2,4,4,4,4,4,1,4,2,2,4,4,4,4,4,4,4,2,2,2,2,1,4,4,4,4,2,3,3,4,4,4,2,4,4,4,4,4,4,4,4,4,4,3,3,4,4,4,4,3,3,3,3,3,3,3,3,2,2,2,2,2,2,2,2","0.000537872314453125","louvain","edit-xhwikibooks.graphml"
"0.35","0.32","0.33","0.403433384563836","1,1,1,2,3,2,3,2,2,2,3,3,2,2,2,2,2,3,4,3,5,1,2,2,2,2,2,2,1,2,3,4,3,3,4,4,2,2,5,5,5,5,1,1,1,1,5,1,1,1,5,5,5,5,5,1,1,1,1,5,2,5,5,2,2,5,5,5,5,5,1,5,2,2,5,5,5,5,5,5,5,2,2,2,2,1,5,5,5,5,2,3,4,5,5,5,2,5,5,5,5,5,5,5,5,5,5,3,3,5,5,5,5,4,4,4,4,4,4,4,4,2,2,2,2,2,2,2,2","0.000581979751586914","louvain","edit-xhwikibooks.graphml"
"0.34","0.33","0.33","0.40117259220256","1,1,1,2,3,2,3,2,2,2,3,3,2,2,2,2,2,3,4,3,5,1,2,2,2,2,2,2,1,2,3,4,3,3,4,4,2,2,5,5,5,5,1,1,1,1,5,1,1,1,5,5,5,5,5,1,1,1,1,5,2,5,5,2,2,5,5,5,5,5,1,5,2,2,5,5,5,5,5,5,5,2,2,2,2,1,5,5,5,5,2,3,4,5,5,5,2,5,5,5,5,5,5,5,5,5,5,3,3,5,5,5,5,4,4,4,4,4,4,4,4,2,2,2,2,2,2,2,2","0.000554084777832031","louvain","edit-xhwikibooks.graphml"
"0.33","0.34","0.33","0.411573874758447","1,1,1,2,3,2,3,2,2,2,3,3,2,2,2,2,2,3,4,3,5,1,2,2,2,2,2,2,1,2,3,4,3,3,4,4,2,2,5,5,5,5,1,1,1,1,5,1,1,1,5,5,5,5,5,1,1,1,1,5,6,5,5,2,2,5,5,5,5,5,1,5,2,2,5,5,5,5,5,5,5,2,2,2,2,7,5,5,5,5,8,9,10,5,5,5,2,5,5,5,5,5,5,5,5,5,5,3,3,5,5,5,5,4,4,4,4,4,4,4,4,2,2,2,2,2,2,2,2","0.00056910514831543","louvain","edit-xhwikibooks.graphml"
"0.32","0.35","0.33","0.411573874758447","1,1,1,2,3,2,3,2,2,2,3,3,2,2,2,2,2,3,4,3,5,1,2,2,2,2,2,2,1,2,3,4,3,3,4,4,2,2,5,5,5,5,1,1,1,1,5,1,1,1,5,5,5,5,5,1,1,1,1,5,6,5,5,2,2,5,5,5,5,5,1,5,2,2,5,5,5,5,5,5,5,2,2,2,2,7,5,5,5,5,8,9,10,5,5,5,2,5,5,5,5,5,5,5,5,5,5,3,3,5,5,5,5,4,4,4,4,4,4,4,4,2,2,2,2,2,2,2,2","0.00055694580078125","louvain","edit-xhwikibooks.graphml"
"0.31","0.36","0.33","0.411271489881754","1,1,1,2,3,2,3,2,2,2,3,3,2,2,2,2,2,3,4,3,5,1,2,2,2,2,2,2,1,2,3,4,3,3,4,4,2,2,5,5,5,5,1,1,1,1,5,1,1,1,5,5,5,5,5,1,1,1,1,5,6,5,5,2,2,5,5,5,5,5,1,5,2,2,5,5,5,5,5,5,5,2,2,2,2,7,5,5,5,5,8,9,10,5,5,5,2,5,5,5,5,5,5,5,5,5,5,3,3,5,5,5,5,4,4,4,4,4,4,4,4,2,2,2,2,2,2,2,2","0.000550985336303711","louvain","edit-xhwikibooks.graphml"
"0.3","0.37","0.33","0.411271489881754","1,1,1,2,3,2,3,2,2,2,3,3,2,2,2,2,2,3,4,3,5,1,2,2,2,2,2,2,1,2,3,4,3,3,4,4,2,2,5,5,5,5,1,1,1,1,5,1,1,1,5,5,5,5,5,1,1,1,1,5,6,5,5,2,2,5,5,5,5,5,1,5,2,2,5,5,5,5,5,5,5,2,2,2,2,7,5,5,5,5,8,9,10,5,5,5,2,5,5,5,5,5,5,5,5,5,5,3,3,5,5,5,5,4,4,4,4,4,4,4,4,2,2,2,2,2,2,2,2","0.000555038452148438","louvain","edit-xhwikibooks.graphml"
"0.29","0.38","0.33","0.410969512635524","1,1,1,2,3,2,3,2,2,2,3,3,2,2,2,2,2,3,4,3,5,1,2,2,2,2,2,2,1,2,3,4,3,3,4,4,2,2,5,5,5,5,1,1,1,1,5,1,1,1,5,5,5,5,5,1,1,1,1,5,6,5,5,2,2,5,5,5,5,5,1,5,2,2,5,5,5,5,5,5,5,2,2,2,2,7,5,5,5,5,8,9,10,5,5,5,2,5,5,5,5,5,5,5,5,5,5,3,3,5,5,5,5,4,4,4,4,4,4,4,4,2,2,2,2,2,2,2,2","0.000615119934082031","louvain","edit-xhwikibooks.graphml"
"0.28","0.39","0.33","0.411913047347811","1,1,1,2,3,2,3,2,2,2,3,3,2,2,2,2,2,3,4,3,5,1,2,2,2,2,2,2,1,2,3,4,3,3,4,4,2,2,5,5,5,5,1,1,1,1,5,1,1,1,5,5,5,5,5,1,1,1,1,5,6,5,5,2,2,5,5,5,5,5,1,5,2,2,5,5,5,5,5,5,5,2,2,2,2,7,5,5,5,5,8,9,10,5,5,5,2,5,5,5,5,5,5,5,5,5,5,3,3,5,5,5,5,4,4,4,4,4,4,4,4,2,2,2,2,2,2,2,2","0.000573873519897461","louvain","edit-xhwikibooks.graphml"
"0.27","0.4","0.33","0.413391429322397","1,1,1,2,3,2,3,2,2,2,3,3,2,2,2,2,2,3,4,3,5,1,2,2,2,2,2,2,1,2,3,4,3,3,4,4,2,2,5,5,5,5,1,1,1,1,5,1,1,1,5,5,5,5,5,1,1,1,1,5,6,5,5,2,2,5,5,5,5,5,1,5,2,2,5,5,5,5,5,5,5,2,2,2,2,7,5,5,5,5,8,9,10,5,5,5,2,5,5,5,5,5,5,5,5,5,5,3,3,5,5,5,5,4,4,4,4,4,4,4,4,2,2,2,2,2,2,2,2","0.000568866729736328","louvain","edit-xhwikibooks.graphml"
"0.26","0.41","0.33","0.413391429322397","1,1,1,2,3,2,3,2,2,2,3,3,2,2,2,2,2,3,4,3,5,1,2,2,2,2,2,2,1,2,3,4,3,3,4,4,2,2,5,5,5,5,1,1,1,1,5,1,1,1,5,5,5,5,5,1,1,1,1,5,6,5,5,2,2,5,5,5,5,5,1,5,2,2,5,5,5,5,5,5,5,2,2,2,2,7,5,5,5,5,8,9,10,5,5,5,2,5,5,5,5,5,5,5,5,5,5,3,3,5,5,5,5,4,4,4,4,4,4,4,4,2,2,2,2,2,2,2,2","0.000672101974487305","louvain","edit-xhwikibooks.graphml"
"0.25","0.42","0.33","0.413089967635254","1,1,1,2,3,2,3,2,2,2,3,3,2,2,2,2,2,3,4,3,5,1,2,2,2,2,2,2,1,2,3,4,3,3,4,4,2,2,5,5,5,5,1,1,1,1,5,1,1,1,5,5,5,5,5,1,1,1,1,5,6,5,5,2,2,5,5,5,5,5,1,5,2,2,5,5,5,5,5,5,5,2,2,2,2,7,5,5,5,5,8,9,10,5,5,5,2,5,5,5,5,5,5,5,5,5,5,3,3,5,5,5,5,4,4,4,4,4,4,4,4,2,2,2,2,2,2,2,2","0.000605106353759766","louvain","edit-xhwikibooks.graphml"
"0.24","0.43","0.33","0.414910028195389","1,1,1,2,3,2,3,2,2,2,3,3,2,2,2,2,2,3,4,3,5,1,2,2,2,2,2,2,1,2,3,4,3,3,4,4,2,2,5,5,5,5,1,1,1,1,5,1,1,1,5,5,5,5,5,1,1,1,1,5,6,5,5,2,2,5,5,5,5,5,1,5,2,2,5,5,5,5,5,5,5,2,2,2,2,7,5,5,5,5,8,9,10,5,5,5,2,5,5,5,5,5,5,5,5,5,5,3,3,5,5,5,5,4,4,4,4,4,4,4,4,2,2,2,2,2,2,2,2","0.000538825988769531","louvain","edit-xhwikibooks.graphml"
"0.23","0.44","0.33","0.414608748964637","1,1,1,2,3,2,3,2,2,2,3,3,2,2,2,2,2,3,4,3,5,1,2,2,2,2,2,2,1,2,3,4,3,3,4,4,2,2,5,5,5,5,1,1,1,1,5,1,1,1,5,5,5,5,5,1,1,1,1,5,6,5,5,2,2,5,5,5,5,5,1,5,2,2,5,5,5,5,5,5,5,2,2,2,2,7,5,5,5,5,8,9,10,5,5,5,2,5,5,5,5,5,5,5,5,5,5,3,3,5,5,5,5,4,4,4,4,4,4,4,4,2,2,2,2,2,2,2,2","0.000560998916625977","louvain","edit-xhwikibooks.graphml"
"0.22","0.45","0.33","0.4164155934618","1,1,1,2,3,2,3,2,2,2,3,3,2,2,2,2,2,3,4,3,5,1,2,2,2,2,2,2,1,2,3,4,3,3,4,4,2,2,5,5,5,5,1,1,1,1,5,1,1,1,5,5,5,5,5,1,1,1,1,5,6,5,5,2,2,5,5,5,5,5,1,5,2,2,5,5,5,5,5,5,5,2,2,2,2,7,5,5,5,5,8,9,10,5,5,5,2,5,5,5,5,5,5,5,5,5,5,3,3,5,5,5,5,4,4,4,4,4,4,4,4,2,2,2,2,2,2,2,2","0.000550985336303711","louvain","edit-xhwikibooks.graphml"
"0.21","0.46","0.33","0.416114507817277","1,1,1,2,3,2,3,2,2,2,3,3,2,2,2,2,2,3,4,3,5,1,2,2,2,2,2,2,1,2,3,4,3,3,4,4,2,2,5,5,5,5,1,1,1,1,5,1,1,1,5,5,5,5,5,1,1,1,1,5,6,5,5,2,2,5,5,5,5,5,1,5,2,2,5,5,5,5,5,5,5,2,2,2,2,7,5,5,5,5,8,9,10,5,5,5,2,5,5,5,5,5,5,5,5,5,5,3,3,5,5,5,5,4,4,4,4,4,4,4,4,2,2,2,2,2,2,2,2","0.000772953033447266","louvain","edit-xhwikibooks.graphml"
"0.2","0.47","0.33","0.4170387109092","1,1,1,2,3,2,3,2,2,2,3,3,2,2,2,2,2,3,4,3,5,1,2,2,2,2,2,2,1,2,3,4,3,3,4,4,2,2,5,5,5,5,1,1,1,1,5,1,1,1,5,5,5,5,5,1,1,1,1,5,6,5,5,2,2,5,5,5,5,5,1,5,2,2,5,5,5,5,5,5,5,2,2,2,2,7,5,5,5,5,8,9,10,5,5,5,2,5,5,5,5,5,5,5,5,5,5,3,3,5,5,5,5,4,4,4,4,4,4,4,4,2,2,2,2,2,2,2,2","0.000630855560302734","louvain","edit-xhwikibooks.graphml"
"0.19","0.48","0.33","0.416737876615059","1,1,1,2,3,2,3,2,2,2,3,3,2,2,2,2,2,3,4,3,5,1,2,2,2,2,2,2,1,2,3,4,3,3,4,4,2,2,5,5,5,5,1,1,1,1,5,1,1,1,5,5,5,5,5,1,1,1,1,5,6,5,5,2,2,5,5,5,5,5,1,5,2,2,5,5,5,5,5,5,5,2,2,2,2,7,5,5,5,5,8,9,10,5,5,5,2,5,5,5,5,5,5,5,5,5,5,3,3,5,5,5,5,4,4,4,4,4,4,4,4,2,2,2,2,2,2,2,2","0.000603914260864258","louvain","edit-xhwikibooks.graphml"
"0.18","0.49","0.33","0.416737876615059","1,1,1,2,3,2,3,2,2,2,3,3,2,2,2,2,2,3,4,3,5,1,2,2,2,2,2,2,1,2,3,4,3,3,4,4,2,2,5,5,5,5,1,1,1,1,5,1,1,1,5,5,5,5,5,1,1,1,1,5,6,5,5,2,2,5,5,5,5,5,1,5,2,2,5,5,5,5,5,5,5,2,2,2,2,7,5,5,5,5,8,9,10,5,5,5,2,5,5,5,5,5,5,5,5,5,5,3,3,5,5,5,5,4,4,4,4,4,4,4,4,2,2,2,2,2,2,2,2","0.000542879104614258","louvain","edit-xhwikibooks.graphml"
"0.17","0.5","0.33","0.45344873602316","1,1,1,2,3,2,3,4,4,2,3,3,4,4,4,2,2,3,5,3,6,1,4,4,4,4,4,2,1,2,3,5,3,3,5,5,4,4,6,6,6,6,1,1,1,1,6,1,1,1,6,6,6,6,6,1,1,1,1,6,7,6,6,4,4,6,6,6,6,6,1,6,4,4,6,6,6,6,6,6,6,4,2,2,2,8,6,6,6,6,9,10,11,6,6,6,2,6,6,6,6,6,6,6,6,6,6,3,3,6,6,6,6,5,5,5,5,5,5,5,5,4,4,4,4,4,4,4,4","0.000568151473999023","louvain","edit-xhwikibooks.graphml"
"0.16","0.51","0.33","0.453015535121332","1,1,1,2,3,2,3,2,2,2,3,3,2,2,2,4,2,3,5,3,6,1,2,2,2,2,2,4,1,2,3,5,3,3,5,5,2,2,6,6,6,6,1,1,1,1,6,1,1,1,6,6,6,6,6,1,1,1,1,6,7,6,6,2,2,6,6,6,6,6,1,6,2,2,6,6,6,6,6,6,6,2,4,4,4,8,6,6,6,6,9,10,11,6,6,6,4,6,6,6,6,6,6,6,6,6,6,3,3,6,6,6,6,5,5,5,5,5,5,5,5,2,2,2,2,2,2,2,2","0.000581026077270508","louvain","edit-xhwikibooks.graphml"
"0.15","0.52","0.33","0.467420519406019","1,1,1,2,3,2,3,2,2,2,3,3,2,2,2,4,2,3,5,3,6,1,2,2,2,2,2,4,1,2,3,5,3,3,5,5,2,2,6,6,6,6,1,1,1,1,6,1,1,1,6,6,6,6,6,1,1,1,1,6,7,6,6,2,2,6,6,6,6,6,1,6,2,2,6,6,6,6,6,6,6,2,4,4,4,8,6,6,6,6,9,10,11,6,6,6,4,6,6,6,6,6,6,6,6,6,6,3,3,6,6,6,6,5,5,5,5,5,5,5,5,2,2,2,2,2,2,2,2","0.00070500373840332","louvain","edit-xhwikibooks.graphml"
"0.14","0.53","0.33","0.467098828386055","1,1,1,2,3,2,3,2,2,2,3,3,2,2,2,4,2,3,5,3,6,1,2,2,2,2,2,4,1,2,3,5,3,3,5,5,2,2,6,6,6,6,1,1,1,1,6,1,1,1,6,6,6,6,6,1,1,1,1,6,7,6,6,2,2,6,6,6,6,6,1,6,2,2,6,6,6,6,6,6,6,2,4,4,4,8,6,6,6,6,9,10,11,6,6,6,4,6,6,6,6,6,6,6,6,6,6,3,3,6,6,6,6,5,5,5,5,5,5,5,5,2,2,2,2,2,2,2,2","0.000646114349365234","louvain","edit-xhwikibooks.graphml"
"0.13","0.54","0.33","0.469283279409368","1,1,1,2,3,2,3,4,4,2,3,3,4,4,4,2,2,3,5,3,6,1,4,4,4,4,4,2,1,2,3,5,3,3,5,5,4,4,6,6,6,6,1,1,1,1,6,1,1,1,6,6,6,6,6,1,1,1,1,6,7,6,6,4,4,6,6,6,6,6,1,6,4,4,6,6,6,6,6,6,6,4,2,2,2,8,6,6,6,6,9,10,11,6,6,6,2,6,6,6,6,6,6,6,6,6,6,3,3,6,6,6,6,5,5,5,5,5,5,5,5,4,4,4,4,4,4,4,4","0.000562191009521484","louvain","edit-xhwikibooks.graphml"
"0.12","0.55","0.33","0.468959221200649","1,1,1,2,3,2,3,4,4,2,3,3,4,4,4,2,2,3,5,3,6,1,4,4,4,4,4,2,1,2,3,5,3,3,5,5,4,4,6,6,6,6,1,1,1,1,6,1,1,1,6,6,6,6,6,1,1,1,1,6,7,6,6,4,4,6,6,6,6,6,1,6,4,4,6,6,6,6,6,6,6,4,2,2,2,8,6,6,6,6,9,10,11,6,6,6,2,6,6,6,6,6,6,6,6,6,6,3,3,6,6,6,6,5,5,5,5,5,5,5,5,4,4,4,4,4,4,4,4","0.000741004943847656","louvain","edit-xhwikibooks.graphml"
"0.11","0.56","0.33","0.471056309182469","1,2,1,3,1,3,1,3,3,3,1,1,3,3,3,3,3,1,4,1,5,2,3,3,3,3,3,3,2,3,1,4,1,1,4,4,6,3,5,5,5,5,2,2,2,2,5,2,2,2,5,5,5,5,5,2,2,2,2,5,7,5,5,3,3,5,5,5,5,5,2,5,3,3,5,5,5,5,5,5,5,3,3,3,3,8,5,5,5,5,9,10,11,5,5,5,3,5,5,5,5,5,5,5,5,5,5,1,1,5,5,5,5,4,4,4,4,4,4,4,4,6,6,6,6,6,6,6,6","0.000574111938476562","louvain","edit-xhwikibooks.graphml"
"0.1","0.57","0.33","0.47094716643719","1,2,1,3,1,3,1,4,4,3,1,1,4,4,4,3,3,1,5,1,6,2,4,4,4,4,4,3,2,3,1,5,1,1,5,5,4,4,6,6,6,6,2,2,2,2,6,2,2,2,6,6,6,6,6,2,2,2,2,6,7,6,6,4,4,6,6,6,6,6,2,6,4,4,6,6,6,6,6,6,6,4,3,3,3,8,6,6,6,6,9,10,11,6,6,6,3,6,6,6,6,6,6,6,6,6,6,1,1,6,6,6,6,5,5,5,5,5,5,5,5,4,4,4,4,4,4,4,4","0.000571012496948242","louvain","edit-xhwikibooks.graphml"
"0.09","0.58","0.33","0.471917597797633","1,2,1,3,1,3,1,3,3,3,1,1,3,3,3,4,3,1,5,1,6,2,3,3,3,3,3,4,2,3,1,5,1,1,5,5,3,3,6,6,6,6,2,2,2,2,6,2,2,2,6,6,6,6,6,2,2,2,2,6,7,6,6,3,3,6,6,6,6,6,2,6,3,3,6,6,6,6,6,6,6,3,4,4,4,8,6,6,6,6,9,10,11,6,6,6,4,6,6,6,6,6,6,6,6,6,6,1,1,6,6,6,6,5,5,5,5,5,5,5,5,3,3,3,3,3,3,3,3","0.000602960586547852","louvain","edit-xhwikibooks.graphml"
"0.08","0.59","0.33","0.472171066792856","1,2,1,3,1,3,1,4,4,3,1,1,4,4,4,3,3,1,5,1,6,2,4,4,4,4,4,3,2,3,1,5,1,1,5,5,4,4,6,6,6,6,2,2,2,2,6,2,2,2,6,6,6,6,6,2,2,2,2,6,7,6,6,4,4,6,6,6,6,6,2,6,4,4,6,6,6,6,6,6,6,4,3,3,3,8,6,6,6,6,9,10,11,6,6,6,3,6,6,6,6,6,6,6,6,6,6,1,1,6,6,6,6,5,5,5,5,5,5,5,5,4,4,4,4,4,4,4,4","0.000608921051025391","louvain","edit-xhwikibooks.graphml"
"0.07","0.6","0.33","0.473524666058469","1,2,1,3,1,3,1,3,3,3,1,1,3,3,3,3,3,1,4,1,5,2,3,3,3,3,3,3,2,3,1,4,1,1,4,4,6,3,5,5,5,5,2,2,2,2,5,2,2,2,5,5,5,5,5,2,2,2,2,5,7,5,5,3,3,5,5,5,5,5,2,5,3,3,5,5,5,5,5,5,5,3,3,3,3,8,5,5,5,5,9,10,11,5,5,5,3,5,5,5,5,5,5,5,5,5,5,1,1,5,5,5,5,4,4,4,4,4,4,4,4,6,6,6,6,6,6,6,6","0.000568151473999023","louvain","edit-xhwikibooks.graphml"
"0.06","0.61","0.33","0.473519505617023","1,2,1,3,1,3,1,4,4,3,1,1,4,4,4,3,3,1,5,1,6,2,4,4,4,4,4,3,2,3,1,5,1,1,5,5,4,4,6,6,6,6,2,2,2,2,6,2,2,2,6,6,6,6,6,2,2,2,2,6,7,6,6,4,4,6,6,6,6,6,2,6,4,4,6,6,6,6,6,6,6,4,3,3,3,8,6,6,6,6,9,10,11,6,6,6,3,6,6,6,6,6,6,6,6,6,6,1,1,6,6,6,6,5,5,5,5,5,5,5,5,4,4,4,4,4,4,4,4","0.000731945037841797","louvain","edit-xhwikibooks.graphml"
"0.05","0.62","0.33","0.473583512238468","1,2,1,3,1,3,1,3,3,3,1,1,3,3,3,4,3,1,5,1,6,2,3,3,3,3,3,4,2,3,1,5,1,1,5,5,3,3,6,6,6,6,2,2,2,2,6,2,2,2,6,6,6,6,6,2,2,2,2,6,7,6,6,3,3,6,6,6,6,6,2,6,3,3,6,6,6,6,6,6,6,3,4,4,4,8,6,6,6,6,9,10,11,6,6,6,4,6,6,6,6,6,6,6,6,6,6,1,1,6,6,6,6,5,5,5,5,5,5,5,5,3,3,3,3,3,3,3,3","0.000566959381103516","louvain","edit-xhwikibooks.graphml"
"0.04","0.63","0.33","0.469132801783265","1,2,1,3,1,3,1,3,3,3,1,1,3,3,3,3,3,1,4,1,5,2,3,3,3,3,3,3,2,3,1,4,1,1,4,4,6,3,5,5,5,5,2,2,2,2,5,2,2,2,5,5,5,5,5,2,2,2,2,5,7,5,5,3,3,5,5,5,5,5,2,5,3,3,5,5,5,5,5,5,5,3,3,3,3,8,5,5,5,5,9,10,11,5,5,5,3,5,5,5,5,5,5,5,5,5,5,1,1,5,5,5,5,4,4,4,4,4,4,4,4,6,6,6,6,6,6,6,6","0.000552892684936523","louvain","edit-xhwikibooks.graphml"
"0.03","0.64","0.33","0.467805205279663","1,2,1,3,1,3,1,4,4,3,1,1,4,4,4,3,3,1,5,1,6,2,4,4,4,4,4,3,2,3,1,5,1,1,5,5,4,4,6,6,6,6,2,2,2,2,6,2,2,2,6,6,6,6,6,2,2,2,2,6,7,6,6,4,4,6,6,6,6,6,2,6,4,4,6,6,6,6,6,6,6,4,3,3,3,8,6,6,6,6,9,10,11,6,6,6,3,6,6,6,6,6,6,6,6,6,6,1,1,6,6,6,6,5,5,5,5,5,5,5,5,4,4,4,4,4,4,4,4","0.000550985336303711","louvain","edit-xhwikibooks.graphml"
"0.02","0.65","0.33","0.456983774107611","1,2,1,3,1,3,1,4,4,3,1,1,4,4,4,3,3,1,5,1,6,2,4,4,4,4,4,3,2,3,1,5,1,1,5,5,4,4,6,6,6,6,2,2,2,2,6,2,2,2,6,6,6,6,6,2,2,2,2,6,7,6,6,4,4,6,6,6,6,6,2,6,4,4,6,6,6,6,6,6,6,4,3,3,3,8,6,6,6,6,9,10,11,6,6,6,3,6,6,6,6,6,6,6,6,6,6,1,1,6,6,6,6,5,5,5,5,5,5,5,5,4,4,4,4,4,4,4,4","0.000615835189819336","louvain","edit-xhwikibooks.graphml"
"0.01","0.66","0.33","0.452068496545769","1,2,1,1,1,3,1,3,3,4,1,1,3,3,3,3,4,1,5,1,6,2,3,3,3,3,3,7,2,4,1,5,1,1,5,5,3,3,6,6,6,6,2,2,2,2,6,2,2,2,6,6,6,6,6,2,2,2,2,6,8,6,6,3,3,6,6,6,6,6,2,6,3,3,6,6,6,6,6,6,6,3,7,7,7,9,6,6,6,6,10,11,12,6,6,6,3,6,6,6,6,6,6,6,6,6,6,1,1,6,6,6,6,5,5,5,5,5,5,5,5,3,3,3,3,3,3,3,3","0.000679969787597656","louvain","edit-xhwikibooks.graphml"
"0","0.67","0.33","0.4599454195977","1,1,1,1,1,2,3,2,2,2,3,3,2,2,2,2,4,3,5,3,6,1,2,2,2,2,2,7,1,8,9,5,3,3,5,5,2,2,6,6,6,6,1,1,1,1,6,1,1,1,6,6,6,6,6,1,1,1,1,6,10,6,6,11,12,6,6,6,6,6,1,6,2,2,6,6,6,6,6,6,6,13,7,7,7,14,6,6,6,6,15,16,17,6,6,6,18,6,6,6,6,6,6,6,6,6,6,19,20,6,6,6,6,5,5,5,5,5,5,5,5,2,2,2,2,2,2,2,2","0.000571012496948242","louvain","edit-xhwikibooks.graphml"
"0.66","0","0.34","0.433530720771885","1,1,2,2,2,3,2,3,3,3,2,2,3,3,3,3,3,2,4,2,5,1,3,3,3,3,3,3,1,3,2,4,2,2,4,4,3,3,5,5,5,5,1,1,1,1,5,1,1,1,5,5,5,5,5,1,1,1,1,5,3,5,5,3,3,5,5,5,5,5,1,5,3,3,5,5,5,5,5,5,5,3,3,3,3,1,5,5,5,5,3,2,4,5,5,5,3,5,5,5,5,5,5,5,5,5,5,2,2,5,5,5,5,4,4,4,4,4,4,4,4,3,3,3,3,3,3,3,3","0.000652074813842773","louvain","edit-xhwikibooks.graphml"
"0.65","0.01","0.34","0.427079678077918","1,1,2,2,2,3,2,3,3,3,2,2,3,3,3,3,3,2,3,2,4,1,3,3,3,3,3,5,1,3,2,3,2,2,3,3,6,3,4,4,4,4,1,1,1,1,4,1,1,1,4,4,4,4,4,1,1,1,1,4,3,4,4,3,3,4,4,4,4,4,1,4,3,3,4,4,4,4,4,4,4,3,5,5,5,1,4,4,4,4,3,2,3,4,4,4,3,4,4,4,4,4,4,4,4,4,4,2,2,4,4,4,4,3,3,3,3,3,3,3,3,6,6,6,6,6,6,6,6","0.000661849975585938","louvain","edit-xhwikibooks.graphml"
"0.64","0.02","0.34","0.433530720771885","1,1,2,2,2,3,2,3,3,3,2,2,3,3,3,3,3,2,4,2,5,1,3,3,3,3,3,3,1,3,2,4,2,2,4,4,3,3,5,5,5,5,1,1,1,1,5,1,1,1,5,5,5,5,5,1,1,1,1,5,3,5,5,3,3,5,5,5,5,5,1,5,3,3,5,5,5,5,5,5,5,3,3,3,3,1,5,5,5,5,3,2,4,5,5,5,3,5,5,5,5,5,5,5,5,5,5,2,2,5,5,5,5,4,4,4,4,4,4,4,4,3,3,3,3,3,3,3,3","0.000576972961425781","louvain","edit-xhwikibooks.graphml"
"0.63","0.03","0.34","0.421545443784435","1,1,1,2,3,2,3,2,2,2,3,3,2,2,2,2,2,3,4,3,5,1,2,2,2,2,2,2,1,2,3,4,3,3,4,4,2,2,5,5,5,5,1,1,1,1,5,1,1,1,5,5,5,5,5,1,1,1,1,5,2,5,5,2,2,5,5,5,5,5,1,5,2,2,5,5,5,5,5,5,5,2,2,2,2,1,5,5,5,5,2,3,4,5,5,5,2,5,5,5,5,5,5,5,5,5,5,3,3,5,5,5,5,4,4,4,4,4,4,4,4,2,2,2,2,2,2,2,2","0.000581026077270508","louvain","edit-xhwikibooks.graphml"
"0.62","0.04","0.34","0.421545443784435","1,1,1,2,3,2,3,2,2,2,3,3,2,2,2,2,2,3,4,3,5,1,2,2,2,2,2,2,1,2,3,4,3,3,4,4,2,2,5,5,5,5,1,1,1,1,5,1,1,1,5,5,5,5,5,1,1,1,1,5,2,5,5,2,2,5,5,5,5,5,1,5,2,2,5,5,5,5,5,5,5,2,2,2,2,1,5,5,5,5,2,3,4,5,5,5,2,5,5,5,5,5,5,5,5,5,5,3,3,5,5,5,5,4,4,4,4,4,4,4,4,2,2,2,2,2,2,2,2","0.000658035278320312","louvain","edit-xhwikibooks.graphml"
"0.61","0.05","0.34","0.418304804323639","1,1,1,2,3,2,3,2,2,2,3,3,2,2,2,2,2,3,3,4,5,1,2,2,2,2,2,2,1,2,3,3,4,4,3,3,2,2,5,5,5,5,1,1,1,1,5,1,1,1,5,5,5,5,5,1,1,1,1,5,2,5,5,2,2,5,5,5,5,5,1,5,2,2,5,5,5,5,5,5,5,2,2,2,2,1,5,5,5,5,2,3,3,5,5,5,2,5,5,5,5,5,5,5,5,5,5,4,4,5,5,5,5,3,3,3,3,3,3,3,3,2,2,2,2,2,2,2,2","0.000655174255371094","louvain","edit-xhwikibooks.graphml"
"0.6","0.06","0.34","0.418304804323639","1,1,1,2,3,2,3,2,2,2,3,3,2,2,2,2,2,3,3,4,5,1,2,2,2,2,2,2,1,2,3,3,4,4,3,3,2,2,5,5,5,5,1,1,1,1,5,1,1,1,5,5,5,5,5,1,1,1,1,5,2,5,5,2,2,5,5,5,5,5,1,5,2,2,5,5,5,5,5,5,5,2,2,2,2,1,5,5,5,5,2,3,3,5,5,5,2,5,5,5,5,5,5,5,5,5,5,4,4,5,5,5,5,3,3,3,3,3,3,3,3,2,2,2,2,2,2,2,2","0.000608205795288086","louvain","edit-xhwikibooks.graphml"
"0.59","0.07","0.34","0.417113895199997","1,1,1,2,3,2,3,2,2,2,3,3,2,2,2,2,2,3,3,4,5,1,2,2,2,2,2,2,1,2,3,3,4,4,3,3,2,2,5,5,5,5,1,1,1,1,5,1,1,1,5,5,5,5,5,1,1,1,1,5,2,5,5,2,2,5,5,5,5,5,1,5,2,2,5,5,5,5,5,5,5,2,2,2,2,1,5,5,5,5,2,3,3,5,5,5,2,5,5,5,5,5,5,5,5,5,5,4,4,5,5,5,5,3,3,3,3,3,3,3,3,2,2,2,2,2,2,2,2","0.000624895095825195","louvain","edit-xhwikibooks.graphml"
"0.58","0.08","0.34","0.418327980054356","1,1,1,2,3,2,3,2,2,2,3,3,2,2,2,2,2,3,4,3,5,1,2,2,2,2,2,2,1,2,3,4,3,3,4,4,2,2,5,5,5,5,1,1,1,1,5,1,1,1,5,5,5,5,5,1,1,1,1,5,2,5,5,2,2,5,5,5,5,5,1,5,2,2,5,5,5,5,5,5,5,2,2,2,2,1,5,5,5,5,2,3,4,5,5,5,2,5,5,5,5,5,5,5,5,5,5,3,3,5,5,5,5,4,4,4,4,4,4,4,4,2,2,2,2,2,2,2,2","0.00061798095703125","louvain","edit-xhwikibooks.graphml"
"0.57","0.09","0.34","0.400969341686435","1,1,1,2,3,2,3,2,2,2,3,3,2,2,2,2,2,3,4,3,5,1,2,2,2,2,2,2,1,2,3,4,3,3,4,4,2,2,5,5,5,5,1,1,1,1,5,1,1,1,5,5,5,5,5,1,1,1,1,5,2,5,5,2,2,5,5,5,5,5,1,5,2,2,5,5,5,5,5,5,5,2,2,2,2,1,5,5,5,5,2,3,4,5,5,5,2,5,5,5,5,5,5,5,5,5,5,3,3,5,5,5,5,4,4,4,4,4,4,4,4,2,2,2,2,2,2,2,2","0.000638008117675781","louvain","edit-xhwikibooks.graphml"
"0.56","0.1","0.34","0.400763830833881","1,1,1,2,3,2,3,2,2,2,3,3,2,2,2,2,2,3,3,3,4,1,2,2,2,2,2,2,1,2,3,3,3,3,3,3,2,2,4,4,4,4,1,1,1,1,4,1,1,1,4,4,4,4,4,1,1,1,1,4,2,4,4,2,2,4,4,4,4,4,1,4,2,2,4,4,4,4,4,4,4,2,2,2,2,1,4,4,4,4,2,3,3,4,4,4,2,4,4,4,4,4,4,4,4,4,4,3,3,4,4,4,4,3,3,3,3,3,3,3,3,2,2,2,2,2,2,2,2","0.000581979751586914","louvain","edit-xhwikibooks.graphml"
"0.55","0.11","0.34","0.400465360612709","1,1,1,2,3,2,3,2,2,2,3,3,2,2,2,2,2,3,3,3,4,1,2,2,2,2,2,2,1,2,3,3,3,3,3,3,2,2,4,4,4,4,1,1,1,1,4,1,1,1,4,4,4,4,4,1,1,1,1,4,2,4,4,2,2,4,4,4,4,4,1,4,2,2,4,4,4,4,4,4,4,2,2,2,2,1,4,4,4,4,2,3,3,4,4,4,2,4,4,4,4,4,4,4,4,4,4,3,3,4,4,4,4,3,3,3,3,3,3,3,3,2,2,2,2,2,2,2,2","0.000657081604003906","louvain","edit-xhwikibooks.graphml"
"0.54","0.12","0.34","0.402351146449704","1,1,1,2,3,2,3,2,2,2,3,3,2,2,2,2,2,3,3,3,4,1,2,2,2,2,2,2,1,2,3,3,3,3,3,3,2,2,4,4,4,4,1,1,1,1,4,1,1,1,4,4,4,4,4,1,1,1,1,4,2,4,4,2,2,4,4,4,4,4,1,4,2,2,4,4,4,4,4,4,4,2,2,2,2,1,4,4,4,4,2,3,3,4,4,4,2,4,4,4,4,4,4,4,4,4,4,3,3,4,4,4,4,3,3,3,3,3,3,3,3,2,2,2,2,2,2,2,2","0.000552892684936523","louvain","edit-xhwikibooks.graphml"
"0.53","0.13","0.34","0.402052818126367","1,1,1,2,3,2,3,2,2,2,3,3,2,2,2,2,2,3,3,3,4,1,2,2,2,2,2,2,1,2,3,3,3,3,3,3,2,2,4,4,4,4,1,1,1,1,4,1,1,1,4,4,4,4,4,1,1,1,1,4,2,4,4,2,2,4,4,4,4,4,1,4,2,2,4,4,4,4,4,4,4,2,2,2,2,1,4,4,4,4,2,3,3,4,4,4,2,4,4,4,4,4,4,4,4,4,4,3,3,4,4,4,4,3,3,3,3,3,3,3,3,2,2,2,2,2,2,2,2","0.000607967376708984","louvain","edit-xhwikibooks.graphml"
"0.52","0.14","0.34","0.397327135546951","1,1,1,2,3,2,3,2,2,2,3,3,2,2,2,2,2,3,2,3,4,1,2,2,2,2,2,2,1,2,3,2,3,3,2,2,5,2,4,4,4,4,1,1,1,1,4,1,1,1,4,4,4,4,4,1,1,1,1,4,2,4,4,2,2,4,4,4,4,4,1,4,2,2,4,4,4,4,4,4,4,2,2,2,2,1,4,4,4,4,2,3,2,4,4,4,2,4,4,4,4,4,4,4,4,4,4,3,3,4,4,4,4,2,2,2,2,2,2,2,2,5,5,5,5,5,5,5,5","0.000592947006225586","louvain","edit-xhwikibooks.graphml"
"0.51","0.15","0.34","0.404749891257068","1,1,1,2,3,2,3,2,2,2,3,4,2,2,2,2,2,3,3,4,5,1,2,2,2,2,2,2,1,2,3,3,4,4,3,3,2,2,5,5,5,5,1,1,1,1,5,1,1,1,5,5,5,5,5,1,1,1,1,5,2,5,5,2,2,5,5,5,5,5,1,5,2,2,5,5,5,5,5,5,5,2,2,2,2,1,5,5,5,5,2,3,3,5,5,5,2,5,5,5,5,5,5,5,5,5,5,4,4,5,5,5,5,3,3,3,3,3,3,3,3,2,2,2,2,2,2,2,2","0.000817060470581055","louvain","edit-xhwikibooks.graphml"
"0.5","0.16","0.34","0.405568513759053","1,1,1,2,3,2,3,2,2,2,3,3,2,2,2,2,2,3,3,4,5,1,2,2,2,2,2,2,1,2,3,3,4,4,3,3,2,2,5,5,5,5,1,1,1,1,5,1,1,1,5,5,5,5,5,1,1,1,1,5,2,5,5,2,2,5,5,5,5,5,1,5,2,2,5,5,5,5,5,5,5,2,2,2,2,1,5,5,5,5,2,3,3,5,5,5,2,5,5,5,5,5,5,5,5,5,5,4,4,5,5,5,5,3,3,3,3,3,3,3,3,2,2,2,2,2,2,2,2","0.000984907150268555","louvain","edit-xhwikibooks.graphml"
"0.49","0.17","0.34","0.4062017437795","1,1,1,2,3,2,3,2,2,2,3,3,2,2,2,2,2,3,3,3,4,1,2,2,2,2,2,2,1,2,3,3,3,3,3,3,2,2,4,4,4,4,1,1,1,1,4,1,1,1,4,4,4,4,4,1,1,1,1,4,2,4,4,2,2,4,4,4,4,4,1,4,2,2,4,4,4,4,4,4,4,2,2,2,2,1,4,4,4,4,2,3,3,4,4,4,2,4,4,4,4,4,4,4,4,4,4,3,3,4,4,4,4,3,3,3,3,3,3,3,3,2,2,2,2,2,2,2,2","0.000639915466308594","louvain","edit-xhwikibooks.graphml"
"0.48","0.18","0.34","0.4062017437795","1,1,1,2,3,2,3,2,2,2,3,3,2,2,2,2,2,3,3,3,4,1,2,2,2,2,2,2,1,2,3,3,3,3,3,3,2,2,4,4,4,4,1,1,1,1,4,1,1,1,4,4,4,4,4,1,1,1,1,4,2,4,4,2,2,4,4,4,4,4,1,4,2,2,4,4,4,4,4,4,4,2,2,2,2,1,4,4,4,4,2,3,3,4,4,4,2,4,4,4,4,4,4,4,4,4,4,3,3,4,4,4,4,3,3,3,3,3,3,3,3,2,2,2,2,2,2,2,2","0.000685930252075195","louvain","edit-xhwikibooks.graphml"
"0.47","0.19","0.34","0.405903847779128","1,1,1,2,3,2,3,2,2,2,3,3,2,2,2,2,2,3,3,3,4,1,2,2,2,2,2,2,1,2,3,3,3,3,3,3,2,2,4,4,4,4,1,1,1,1,4,1,1,1,4,4,4,4,4,1,1,1,1,4,2,4,4,2,2,4,4,4,4,4,1,4,2,2,4,4,4,4,4,4,4,2,2,2,2,1,4,4,4,4,2,3,3,4,4,4,2,4,4,4,4,4,4,4,4,4,4,3,3,4,4,4,4,3,3,3,3,3,3,3,3,2,2,2,2,2,2,2,2","0.000581026077270508","louvain","edit-xhwikibooks.graphml"
"0.46","0.2","0.34","0.407734557546118","1,1,1,2,3,2,3,2,2,2,3,3,2,2,2,2,2,3,3,4,5,1,2,2,2,2,2,2,1,2,3,3,4,4,3,3,2,2,5,5,5,5,1,1,1,1,5,1,1,1,5,5,5,5,5,1,1,1,1,5,2,5,5,2,2,5,5,5,5,5,1,5,2,2,5,5,5,5,5,5,5,2,2,2,2,1,5,5,5,5,2,3,3,5,5,5,2,5,5,5,5,5,5,5,5,5,5,4,4,5,5,5,5,3,3,3,3,3,3,3,3,2,2,2,2,2,2,2,2","0.000545978546142578","louvain","edit-xhwikibooks.graphml"
"0.45","0.21","0.34","0.406584777862915","1,1,1,2,3,2,3,2,2,2,3,3,2,2,2,2,2,3,3,1,4,1,2,2,2,2,2,2,1,2,3,3,1,1,3,3,2,2,4,4,4,4,1,1,1,1,4,1,1,1,4,4,4,4,4,1,1,1,1,4,2,4,4,2,2,4,4,4,4,4,1,4,2,2,4,4,4,4,4,4,4,2,2,2,2,1,4,4,4,4,2,3,3,4,4,4,2,4,4,4,4,4,4,4,4,4,4,1,1,4,4,4,4,3,3,3,3,3,3,3,3,2,2,2,2,2,2,2,2","0.00051116943359375","louvain","edit-xhwikibooks.graphml"
"0.44","0.22","0.34","0.408633046809685","1,1,1,2,3,2,3,2,2,2,3,3,2,2,2,2,2,3,4,3,5,1,2,2,2,2,2,2,1,2,3,4,3,3,4,4,2,2,5,5,5,5,1,1,1,1,5,1,1,1,5,5,5,5,5,1,1,1,1,5,2,5,5,2,2,5,5,5,5,5,1,5,2,2,5,5,5,5,5,5,5,2,2,2,2,1,5,5,5,5,2,3,4,5,5,5,2,5,5,5,5,5,5,5,5,5,5,3,3,5,5,5,5,4,4,4,4,4,4,4,4,2,2,2,2,2,2,2,2","0.000718832015991211","louvain","edit-xhwikibooks.graphml"
"0.43","0.23","0.34","0.409906056301653","1,1,1,2,3,2,3,2,2,2,3,3,2,2,2,2,2,3,3,3,4,1,2,2,2,2,2,2,1,2,3,3,3,3,3,3,2,2,4,4,4,4,1,1,1,1,4,1,1,1,4,4,4,4,4,1,1,1,1,4,2,4,4,2,2,4,4,4,4,4,1,4,2,2,4,4,4,4,4,4,4,2,2,2,2,1,4,4,4,4,2,3,3,4,4,4,2,4,4,4,4,4,4,4,4,4,4,3,3,4,4,4,4,3,3,3,3,3,3,3,3,2,2,2,2,2,2,2,2","0.000562906265258789","louvain","edit-xhwikibooks.graphml"
"0.42","0.24","0.34","0.410851117342687","1,1,1,2,3,2,3,2,2,2,3,3,2,2,2,2,2,3,3,3,4,1,2,2,2,2,2,2,1,2,3,3,3,3,3,3,2,2,4,4,4,4,1,1,1,1,4,1,1,1,4,4,4,4,4,1,1,1,1,4,2,4,4,2,2,4,4,4,4,4,1,4,2,2,4,4,4,4,4,4,4,2,2,2,2,1,4,4,4,4,2,3,3,4,4,4,2,4,4,4,4,4,4,4,4,4,4,3,3,4,4,4,4,3,3,3,3,3,3,3,3,2,2,2,2,2,2,2,2","0.000566959381103516","louvain","edit-xhwikibooks.graphml"
"0.41","0.25","0.34","0.4123721597092","1,1,1,2,3,2,3,2,2,2,3,3,2,2,2,2,2,3,3,1,4,1,2,2,2,2,2,2,1,2,3,3,1,1,3,3,2,2,4,4,4,4,1,1,1,1,4,1,1,1,4,4,4,4,4,1,1,1,1,4,2,4,4,2,2,4,4,4,4,4,1,4,2,2,4,4,4,4,4,4,4,2,2,2,2,1,4,4,4,4,2,3,3,4,4,4,2,4,4,4,4,4,4,4,4,4,4,1,1,4,4,4,4,3,3,3,3,3,3,3,3,2,2,2,2,2,2,2,2","0.000668048858642578","louvain","edit-xhwikibooks.graphml"
"0.4","0.26","0.34","0.413230276418402","1,1,1,2,3,2,3,2,2,2,3,3,2,2,2,2,2,3,3,4,5,1,2,2,2,2,2,2,1,2,3,3,4,4,3,3,2,2,5,5,5,5,1,1,1,1,5,1,1,1,5,5,5,5,5,1,1,1,1,5,2,5,5,2,2,5,5,5,5,5,1,5,2,2,5,5,5,5,5,5,5,2,2,2,2,1,5,5,5,5,2,3,3,5,5,5,2,5,5,5,5,5,5,5,5,5,5,4,4,5,5,5,5,3,3,3,3,3,3,3,3,2,2,2,2,2,2,2,2","0.000610828399658203","louvain","edit-xhwikibooks.graphml"
"0.39","0.27","0.34","0.413230276418402","1,1,1,2,3,2,3,2,2,2,3,3,2,2,2,2,2,3,3,4,5,1,2,2,2,2,2,2,1,2,3,3,4,4,3,3,2,2,5,5,5,5,1,1,1,1,5,1,1,1,5,5,5,5,5,1,1,1,1,5,2,5,5,2,2,5,5,5,5,5,1,5,2,2,5,5,5,5,5,5,5,2,2,2,2,1,5,5,5,5,2,3,3,5,5,5,2,5,5,5,5,5,5,5,5,5,5,4,4,5,5,5,5,3,3,3,3,3,3,3,3,2,2,2,2,2,2,2,2","0.000603914260864258","louvain","edit-xhwikibooks.graphml"
"0.38","0.28","0.34","0.413078404460191","1,1,1,2,3,2,3,2,2,2,3,4,2,2,2,2,2,3,3,4,5,1,2,2,2,2,2,2,1,2,3,3,4,4,3,3,2,2,5,5,5,5,1,1,1,1,5,1,1,1,5,5,5,5,5,1,1,1,1,5,2,5,5,2,2,5,5,5,5,5,1,5,2,2,5,5,5,5,5,5,5,2,2,2,2,1,5,5,5,5,2,3,3,5,5,5,2,5,5,5,5,5,5,5,5,5,5,4,4,5,5,5,5,3,3,3,3,3,3,3,3,2,2,2,2,2,2,2,2","0.000568151473999023","louvain","edit-xhwikibooks.graphml"
"0.37","0.29","0.34","0.414705996664594","1,1,1,2,3,2,3,2,2,2,3,3,2,2,2,2,2,3,3,3,4,1,2,2,2,2,2,2,1,2,3,3,3,3,3,3,2,2,4,4,4,4,1,1,1,1,4,1,1,1,4,4,4,4,4,1,1,1,1,4,2,4,4,2,2,4,4,4,4,4,1,4,2,2,4,4,4,4,4,4,4,2,2,2,2,1,4,4,4,4,2,3,3,4,4,4,2,4,4,4,4,4,4,4,4,4,4,3,3,4,4,4,4,3,3,3,3,3,3,3,3,2,2,2,2,2,2,2,2","0.000643014907836914","louvain","edit-xhwikibooks.graphml"
"0.36","0.3","0.34","0.414686680332386","1,1,1,2,3,2,3,2,2,2,3,3,2,2,2,2,2,3,4,3,5,1,2,2,2,2,2,2,1,2,3,4,3,3,4,4,2,2,5,5,5,5,1,1,1,1,5,1,1,1,5,5,5,5,5,1,1,1,1,5,2,5,5,2,2,5,5,5,5,5,1,5,2,2,5,5,5,5,5,5,5,2,2,2,2,1,5,5,5,5,2,3,4,5,5,5,2,5,5,5,5,5,5,5,5,5,5,3,3,5,5,5,5,4,4,4,4,4,4,4,4,2,2,2,2,2,2,2,2","0.000617027282714844","louvain","edit-xhwikibooks.graphml"
"0.35","0.31","0.34","0.415354871184734","1,1,1,2,3,2,3,2,2,2,3,3,2,2,2,2,2,3,3,4,5,1,2,2,2,2,2,2,1,2,3,3,4,4,3,3,2,2,5,5,5,5,1,1,1,1,5,1,1,1,5,5,5,5,5,1,1,1,1,5,2,5,5,2,2,5,5,5,5,5,1,5,2,2,5,5,5,5,5,5,5,2,2,2,2,1,5,5,5,5,2,3,3,5,5,5,2,5,5,5,5,5,5,5,5,5,5,4,4,5,5,5,5,3,3,3,3,3,3,3,3,2,2,2,2,2,2,2,2","0.000631093978881836","louvain","edit-xhwikibooks.graphml"
"0.34","0.32","0.34","0.415980200311408","1,1,1,2,3,2,3,2,2,2,3,3,2,2,2,2,2,3,3,4,5,1,2,2,2,2,2,2,1,2,3,3,4,4,3,3,2,2,5,5,5,5,1,1,1,1,5,1,1,1,5,5,5,5,5,1,1,1,1,5,2,5,5,2,2,5,5,5,5,5,1,5,2,2,5,5,5,5,5,5,5,2,2,2,2,1,5,5,5,5,2,3,3,5,5,5,2,5,5,5,5,5,5,5,5,5,5,4,4,5,5,5,5,3,3,3,3,3,3,3,3,2,2,2,2,2,2,2,2","0.000638008117675781","louvain","edit-xhwikibooks.graphml"
"0.33","0.33","0.34","0.416534547105857","1,1,1,2,3,2,3,2,2,2,3,3,2,2,2,2,2,3,4,3,5,1,2,2,2,2,2,2,1,2,3,4,3,3,4,4,2,2,5,5,5,5,1,1,1,1,5,1,1,1,5,5,5,5,5,1,1,1,1,5,2,5,5,2,2,5,5,5,5,5,1,5,2,2,5,5,5,5,5,5,5,2,2,2,2,1,5,5,5,5,2,3,4,5,5,5,2,5,5,5,5,5,5,5,5,5,5,3,3,5,5,5,5,4,4,4,4,4,4,4,4,2,2,2,2,2,2,2,2","0.00064396858215332","louvain","edit-xhwikibooks.graphml"
"0.32","0.34","0.34","0.429817314340914","1,1,1,2,3,2,3,2,2,2,3,3,2,2,2,2,2,3,4,3,5,1,2,2,2,2,2,2,1,2,3,4,3,3,4,4,2,2,5,5,5,5,1,1,1,1,5,1,1,1,5,5,5,5,5,1,1,1,1,5,2,5,5,2,2,5,5,5,5,5,1,5,2,2,5,5,5,5,5,5,5,2,2,2,2,1,5,5,5,5,2,3,4,5,5,5,2,5,5,5,5,5,5,5,5,5,5,3,3,5,5,5,5,4,4,4,4,4,4,4,4,2,2,2,2,2,2,2,2","0.000708103179931641","louvain","edit-xhwikibooks.graphml"
"0.31","0.35","0.34","0.425638552014822","1,1,1,2,3,2,3,2,2,2,3,3,2,2,2,2,2,3,3,4,5,1,2,2,2,2,2,2,1,2,3,3,4,4,3,3,2,2,5,5,5,5,1,1,1,1,5,1,1,1,5,5,5,5,5,1,1,1,1,5,6,5,5,2,2,5,5,5,5,5,1,5,2,2,5,5,5,5,5,5,5,2,2,2,2,7,5,5,5,5,8,9,10,5,5,5,2,5,5,5,5,5,5,5,5,5,5,4,4,5,5,5,5,3,3,3,3,3,3,3,3,2,2,2,2,2,2,2,2","0.000657081604003906","louvain","edit-xhwikibooks.graphml"
"0.3","0.36","0.34","0.425710619886342","1,1,1,2,3,2,3,2,2,2,3,3,2,2,2,2,2,3,4,3,5,1,2,2,2,2,2,2,1,2,3,4,3,3,4,4,2,2,5,5,5,5,1,1,1,1,5,1,1,1,5,5,5,5,5,1,1,1,1,5,6,5,5,2,2,5,5,5,5,5,1,5,2,2,5,5,5,5,5,5,5,2,2,2,2,7,5,5,5,5,8,9,10,5,5,5,2,5,5,5,5,5,5,5,5,5,5,3,3,5,5,5,5,4,4,4,4,4,4,4,4,2,2,2,2,2,2,2,2","0.000631809234619141","louvain","edit-xhwikibooks.graphml"
"0.29","0.37","0.34","0.423658626284478","1,1,1,2,3,2,3,2,2,2,3,3,2,2,2,2,2,3,4,3,5,1,2,2,2,2,2,2,1,2,3,4,3,3,4,4,2,2,5,5,5,5,1,1,1,1,5,1,1,1,5,5,5,5,5,1,1,1,1,5,6,5,5,2,2,5,5,5,5,5,1,5,2,2,5,5,5,5,5,5,5,2,2,2,2,7,5,5,5,5,8,9,10,5,5,5,2,5,5,5,5,5,5,5,5,5,5,3,3,5,5,5,5,4,4,4,4,4,4,4,4,2,2,2,2,2,2,2,2","0.000616073608398438","louvain","edit-xhwikibooks.graphml"
"0.28","0.38","0.34","0.42335779978165","1,1,1,2,3,2,3,2,2,2,3,3,2,2,2,2,2,3,4,3,5,1,2,2,2,2,2,2,1,2,3,4,3,3,4,4,2,2,5,5,5,5,1,1,1,1,5,1,1,1,5,5,5,5,5,1,1,1,1,5,6,5,5,2,2,5,5,5,5,5,1,5,2,2,5,5,5,5,5,5,5,2,2,2,2,7,5,5,5,5,8,9,10,5,5,5,2,5,5,5,5,5,5,5,5,5,5,3,3,5,5,5,5,4,4,4,4,4,4,4,4,2,2,2,2,2,2,2,2","0.000623941421508789","louvain","edit-xhwikibooks.graphml"
"0.27","0.39","0.34","0.421767800515752","1,1,1,2,3,2,3,2,2,2,3,3,2,2,2,2,2,3,4,3,5,1,2,2,2,2,2,2,1,2,3,4,3,3,4,4,2,2,5,5,5,5,1,1,1,1,5,1,1,1,5,5,5,5,5,1,1,1,1,5,6,5,5,2,2,5,5,5,5,5,1,5,2,2,5,5,5,5,5,5,5,2,2,2,2,7,5,5,5,5,8,9,10,5,5,5,2,5,5,5,5,5,5,5,5,5,5,3,3,5,5,5,5,4,4,4,4,4,4,4,4,2,2,2,2,2,2,2,2","0.000586032867431641","louvain","edit-xhwikibooks.graphml"
"0.26","0.4","0.34","0.423169507745885","1,1,1,2,3,2,3,2,2,2,3,3,2,2,2,2,2,3,4,3,5,1,2,2,2,2,2,2,1,2,3,4,3,3,4,4,2,2,5,5,5,5,1,1,1,1,5,1,1,1,5,5,5,5,5,1,1,1,1,5,6,5,5,2,2,5,5,5,5,5,1,5,2,2,5,5,5,5,5,5,5,2,2,2,2,7,5,5,5,5,8,9,10,5,5,5,2,5,5,5,5,5,5,5,5,5,5,3,3,5,5,5,5,4,4,4,4,4,4,4,4,2,2,2,2,2,2,2,2","0.000631093978881836","louvain","edit-xhwikibooks.graphml"
"0.25","0.41","0.34","0.420557025837098","1,1,1,2,3,2,3,2,2,2,3,3,2,2,2,2,2,3,4,3,5,1,2,2,2,2,2,2,1,2,3,4,3,3,4,4,2,2,5,5,5,5,1,1,1,1,5,1,1,1,5,5,5,5,5,1,1,1,1,5,6,5,5,2,2,5,5,5,5,5,1,5,2,2,5,5,5,5,5,5,5,2,2,2,2,7,5,5,5,5,8,9,10,5,5,5,2,5,5,5,5,5,5,5,5,5,5,3,3,5,5,5,5,4,4,4,4,4,4,4,4,2,2,2,2,2,2,2,2","0.00059199333190918","louvain","edit-xhwikibooks.graphml"
"0.24","0.42","0.34","0.420256251538827","1,1,1,2,3,2,3,2,2,2,3,3,2,2,2,2,2,3,4,3,5,1,2,2,2,2,2,2,1,2,3,4,3,3,4,4,2,2,5,5,5,5,1,1,1,1,5,1,1,1,5,5,5,5,5,1,1,1,1,5,6,5,5,2,2,5,5,5,5,5,1,5,2,2,5,5,5,5,5,5,5,2,2,2,2,7,5,5,5,5,8,9,10,5,5,5,2,5,5,5,5,5,5,5,5,5,5,3,3,5,5,5,5,4,4,4,4,4,4,4,4,2,2,2,2,2,2,2,2","0.000647068023681641","louvain","edit-xhwikibooks.graphml"
"0.23","0.43","0.34","0.422019026132862","1,1,1,2,3,2,3,2,2,2,3,3,2,2,2,2,2,3,4,3,5,1,2,2,2,2,2,2,1,2,3,4,3,3,4,4,2,2,5,5,5,5,1,1,1,1,5,1,1,1,5,5,5,5,5,1,1,1,1,5,6,5,5,2,2,5,5,5,5,5,1,5,2,2,5,5,5,5,5,5,5,2,2,2,2,7,5,5,5,5,8,9,10,5,5,5,2,5,5,5,5,5,5,5,5,5,5,3,3,5,5,5,5,4,4,4,4,4,4,4,4,2,2,2,2,2,2,2,2","0.000651836395263672","louvain","edit-xhwikibooks.graphml"
"0.22","0.44","0.34","0.421718484493448","1,1,1,2,3,2,3,2,2,2,3,3,2,2,2,2,2,3,4,3,5,1,2,2,2,2,2,2,1,2,3,4,3,3,4,4,2,2,5,5,5,5,1,1,1,1,5,1,1,1,5,5,5,5,5,1,1,1,1,5,6,5,5,2,2,5,5,5,5,5,1,5,2,2,5,5,5,5,5,5,5,2,2,2,2,7,5,5,5,5,8,9,10,5,5,5,2,5,5,5,5,5,5,5,5,5,5,3,3,5,5,5,5,4,4,4,4,4,4,4,4,2,2,2,2,2,2,2,2","0.000599861145019531","louvain","edit-xhwikibooks.graphml"
"0.21","0.45","0.34","0.42256540835258","1,1,1,2,3,2,3,2,2,2,3,3,2,2,2,2,2,3,4,3,5,1,2,2,2,2,2,2,1,2,3,4,3,3,4,4,2,2,5,5,5,5,1,1,1,1,5,1,1,1,5,5,5,5,5,1,1,1,1,5,6,5,5,2,2,5,5,5,5,5,1,5,2,2,5,5,5,5,5,5,5,2,2,2,2,7,5,5,5,5,8,9,10,5,5,5,2,5,5,5,5,5,5,5,5,5,5,3,3,5,5,5,5,4,4,4,4,4,4,4,4,2,2,2,2,2,2,2,2","0.000613927841186523","louvain","edit-xhwikibooks.graphml"
"0.2","0.46","0.34","0.422265235462417","1,1,1,2,3,2,3,2,2,2,3,3,2,2,2,2,2,3,4,3,5,1,2,2,2,2,2,2,1,2,3,4,3,3,4,4,2,2,5,5,5,5,1,1,1,1,5,1,1,1,5,5,5,5,5,1,1,1,1,5,6,5,5,2,2,5,5,5,5,5,1,5,2,2,5,5,5,5,5,5,5,2,2,2,2,7,5,5,5,5,8,9,10,5,5,5,2,5,5,5,5,5,5,5,5,5,5,3,3,5,5,5,5,4,4,4,4,4,4,4,4,2,2,2,2,2,2,2,2","0.000643014907836914","louvain","edit-xhwikibooks.graphml"
"0.19","0.47","0.34","0.423168295610425","1,1,1,2,3,2,3,2,2,2,3,3,2,2,2,2,2,3,4,3,5,1,2,2,2,2,2,2,1,2,3,4,3,3,4,4,2,2,5,5,5,5,1,1,1,1,5,1,1,1,5,5,5,5,5,1,1,1,1,5,6,5,5,2,2,5,5,5,5,5,1,5,2,2,5,5,5,5,5,5,5,2,2,2,2,7,5,5,5,5,8,9,10,5,5,5,2,5,5,5,5,5,5,5,5,5,5,3,3,5,5,5,5,4,4,4,4,4,4,4,4,2,2,2,2,2,2,2,2","0.000623941421508789","louvain","edit-xhwikibooks.graphml"
"0.18","0.48","0.34","0.42286838256625","1,1,1,2,3,2,3,2,2,2,3,3,2,2,2,2,2,3,4,3,5,1,2,2,2,2,2,2,1,2,3,4,3,3,4,4,2,2,5,5,5,5,1,1,1,1,5,1,1,1,5,5,5,5,5,1,1,1,1,5,6,5,5,2,2,5,5,5,5,5,1,5,2,2,5,5,5,5,5,5,5,2,2,2,2,7,5,5,5,5,8,9,10,5,5,5,2,5,5,5,5,5,5,5,5,5,5,3,3,5,5,5,5,4,4,4,4,4,4,4,4,2,2,2,2,2,2,2,2","0.000615119934082031","louvain","edit-xhwikibooks.graphml"
"0.17","0.49","0.34","0.42286838256625","1,1,1,2,3,2,3,2,2,2,3,3,2,2,2,2,2,3,4,3,5,1,2,2,2,2,2,2,1,2,3,4,3,3,4,4,2,2,5,5,5,5,1,1,1,1,5,1,1,1,5,5,5,5,5,1,1,1,1,5,6,5,5,2,2,5,5,5,5,5,1,5,2,2,5,5,5,5,5,5,5,2,2,2,2,7,5,5,5,5,8,9,10,5,5,5,2,5,5,5,5,5,5,5,5,5,5,3,3,5,5,5,5,4,4,4,4,4,4,4,4,2,2,2,2,2,2,2,2","0.000644207000732422","louvain","edit-xhwikibooks.graphml"
"0.16","0.5","0.34","0.458203720237626","1,1,1,2,3,2,3,2,2,2,3,3,2,2,2,4,2,3,5,3,6,1,2,2,2,2,2,4,1,2,3,5,3,3,5,5,2,2,6,6,6,6,1,1,1,1,6,1,1,1,6,6,6,6,6,1,1,1,1,6,7,6,6,2,2,6,6,6,6,6,1,6,2,2,6,6,6,6,6,6,6,2,4,4,4,8,6,6,6,6,9,10,11,6,6,6,4,6,6,6,6,6,6,6,6,6,6,3,3,6,6,6,6,5,5,5,5,5,5,5,5,2,2,2,2,2,2,2,2","0.000658035278320312","louvain","edit-xhwikibooks.graphml"
"0.15","0.51","0.34","0.458203720237626","1,1,1,2,3,2,3,2,2,2,3,3,2,2,2,4,2,3,5,3,6,1,2,2,2,2,2,4,1,2,3,5,3,3,5,5,2,2,6,6,6,6,1,1,1,1,6,1,1,1,6,6,6,6,6,1,1,1,1,6,7,6,6,2,2,6,6,6,6,6,1,6,2,2,6,6,6,6,6,6,6,2,4,4,4,8,6,6,6,6,9,10,11,6,6,6,4,6,6,6,6,6,6,6,6,6,6,3,3,6,6,6,6,5,5,5,5,5,5,5,5,2,2,2,2,2,2,2,2","0.00061798095703125","louvain","edit-xhwikibooks.graphml"
"0.14","0.52","0.34","0.458713628146601","1,1,1,2,3,2,3,4,4,2,3,3,4,4,4,2,2,3,5,3,6,1,4,4,4,4,4,2,1,2,3,5,3,3,5,5,4,4,6,6,6,6,1,1,1,1,6,1,1,1,6,6,6,6,6,1,1,1,1,6,7,6,6,4,4,6,6,6,6,6,1,6,4,4,6,6,6,6,6,6,6,4,2,2,2,8,6,6,6,6,9,10,11,6,6,6,2,6,6,6,6,6,6,6,6,6,6,3,3,6,6,6,6,5,5,5,5,5,5,5,5,4,4,4,4,4,4,4,4","0.000638008117675781","louvain","edit-xhwikibooks.graphml"
"0.13","0.53","0.34","0.458408555351464","1,1,1,2,3,2,3,4,4,2,3,3,4,4,4,2,2,3,5,3,6,1,4,4,4,4,4,2,1,2,3,5,3,3,5,5,4,4,6,6,6,6,1,1,1,1,6,1,1,1,6,6,6,6,6,1,1,1,1,6,7,6,6,4,4,6,6,6,6,6,1,6,4,4,6,6,6,6,6,6,6,4,2,2,2,8,6,6,6,6,9,10,11,6,6,6,2,6,6,6,6,6,6,6,6,6,6,3,3,6,6,6,6,5,5,5,5,5,5,5,5,4,4,4,4,4,4,4,4","0.000684976577758789","louvain","edit-xhwikibooks.graphml"
"0.12","0.54","0.34","0.459408962994286","1,1,1,2,3,2,3,2,2,2,3,3,2,2,2,2,2,3,4,3,5,1,2,2,2,2,2,2,1,2,3,4,3,3,4,4,2,2,5,5,5,5,1,1,1,1,5,1,1,1,5,5,5,5,5,1,1,1,1,5,6,5,5,2,2,5,5,5,5,5,1,5,2,2,5,5,5,5,5,5,5,2,2,2,2,7,5,5,5,5,8,9,10,5,5,5,2,5,5,5,5,5,5,5,5,5,5,3,3,5,5,5,5,4,4,4,4,4,4,4,4,2,2,2,2,2,2,2,2","0.000694990158081055","louvain","edit-xhwikibooks.graphml"
"0.11","0.55","0.34","0.459202365102984","1,1,1,2,3,2,3,2,2,2,3,3,2,2,2,4,2,3,5,3,6,1,2,2,2,2,2,4,1,2,3,5,3,3,5,5,2,2,6,6,6,6,1,1,1,1,6,1,1,1,6,6,6,6,6,1,1,1,1,6,7,6,6,2,2,6,6,6,6,6,1,6,2,2,6,6,6,6,6,6,6,2,4,4,4,8,6,6,6,6,9,10,11,6,6,6,4,6,6,6,6,6,6,6,6,6,6,3,3,6,6,6,6,5,5,5,5,5,5,5,5,2,2,2,2,2,2,2,2","0.000642061233520508","louvain","edit-xhwikibooks.graphml"
"0.1","0.56","0.34","0.461500020643629","1,1,1,2,3,2,3,2,2,2,3,3,2,2,2,4,2,3,5,3,6,1,2,2,2,2,2,4,1,2,3,5,3,3,5,5,2,2,6,6,6,6,1,1,1,1,6,1,1,1,6,6,6,6,6,1,1,1,1,6,7,6,6,2,2,6,6,6,6,6,1,6,2,2,6,6,6,6,6,6,6,2,4,4,4,8,6,6,6,6,9,10,11,6,6,6,4,6,6,6,6,6,6,6,6,6,6,3,3,6,6,6,6,5,5,5,5,5,5,5,5,2,2,2,2,2,2,2,2","0.000652074813842773","louvain","edit-xhwikibooks.graphml"
"0.09","0.57","0.34","0.461198128085253","1,1,1,2,3,2,3,2,2,2,3,3,2,2,2,4,2,3,5,3,6,1,2,2,2,2,2,4,1,2,3,5,3,3,5,5,2,2,6,6,6,6,1,1,1,1,6,1,1,1,6,6,6,6,6,1,1,1,1,6,7,6,6,2,2,6,6,6,6,6,1,6,2,2,6,6,6,6,6,6,6,2,4,4,4,8,6,6,6,6,9,10,11,6,6,6,4,6,6,6,6,6,6,6,6,6,6,3,3,6,6,6,6,5,5,5,5,5,5,5,5,2,2,2,2,2,2,2,2","0.00067591667175293","louvain","edit-xhwikibooks.graphml"
"0.08","0.58","0.34","0.463222667873438","1,1,1,2,3,2,3,4,4,2,3,3,4,4,4,2,2,3,5,3,6,1,4,4,4,4,4,2,1,2,3,5,3,3,5,5,4,4,6,6,6,6,1,1,1,1,6,1,1,1,6,6,6,6,6,1,1,1,1,6,7,6,6,4,4,6,6,6,6,6,1,6,4,4,6,6,6,6,6,6,6,4,2,2,2,8,6,6,6,6,9,10,11,6,6,6,2,6,6,6,6,6,6,6,6,6,6,3,3,6,6,6,6,5,5,5,5,5,5,5,5,4,4,4,4,4,4,4,4","0.000678062438964844","louvain","edit-xhwikibooks.graphml"
"0.07","0.59","0.34","0.460869652660297","1,1,1,2,1,2,1,2,2,2,1,1,2,2,2,3,2,1,4,5,6,1,2,2,2,2,2,3,1,2,1,4,5,5,4,4,2,2,6,6,6,6,1,1,1,1,6,1,1,1,6,6,6,6,6,1,1,1,1,6,7,6,6,2,2,6,6,6,6,6,1,6,2,2,6,6,6,6,6,6,6,2,3,3,3,8,6,6,6,6,9,10,11,6,6,6,3,6,6,6,6,6,6,6,6,6,6,5,5,6,6,6,6,4,4,4,4,4,4,4,4,2,2,2,2,2,2,2,2","0.000655174255371094","louvain","edit-xhwikibooks.graphml"
"0.06","0.6","0.34","0.46370828807982","1,1,1,2,3,2,3,2,2,2,3,3,2,2,2,2,2,3,4,3,5,1,2,2,2,2,2,2,1,2,3,4,3,3,4,4,2,2,5,5,5,5,1,1,1,1,5,1,1,1,5,5,5,5,5,1,1,1,1,5,6,5,5,2,2,5,5,5,5,5,1,5,2,2,5,5,5,5,5,5,5,2,2,2,2,7,5,5,5,5,8,9,10,5,5,5,2,5,5,5,5,5,5,5,5,5,5,3,3,5,5,5,5,4,4,4,4,4,4,4,4,2,2,2,2,2,2,2,2","0.000680923461914062","louvain","edit-xhwikibooks.graphml"
"0.05","0.61","0.34","0.464243613419514","1,1,1,2,3,2,3,4,4,2,3,3,4,4,4,2,2,3,5,3,6,1,4,4,4,4,4,2,1,2,3,5,3,3,5,5,4,4,6,6,6,6,1,1,1,1,6,1,1,1,6,6,6,6,6,1,1,1,1,6,7,6,6,4,4,6,6,6,6,6,1,6,4,4,6,6,6,6,6,6,6,4,2,2,2,8,6,6,6,6,9,10,11,6,6,6,2,6,6,6,6,6,6,6,6,6,6,3,3,6,6,6,6,5,5,5,5,5,5,5,5,4,4,4,4,4,4,4,4","0.000692844390869141","louvain","edit-xhwikibooks.graphml"
"0.04","0.62","0.34","0.464329305059372","1,1,1,2,3,2,3,2,2,2,3,3,2,2,2,4,2,3,5,3,6,1,2,2,2,2,2,4,1,2,3,5,3,3,5,5,2,2,6,6,6,6,1,1,1,1,6,1,1,1,6,6,6,6,6,1,1,1,1,6,7,6,6,2,2,6,6,6,6,6,1,6,2,2,6,6,6,6,6,6,6,2,4,4,4,8,6,6,6,6,9,10,11,6,6,6,4,6,6,6,6,6,6,6,6,6,6,3,3,6,6,6,6,5,5,5,5,5,5,5,5,2,2,2,2,2,2,2,2","0.000889062881469727","louvain","edit-xhwikibooks.graphml"
"0.03","0.63","0.34","0.464719161087103","1,1,1,2,3,2,3,4,4,2,3,3,4,4,4,2,2,3,5,3,6,1,4,4,4,4,4,2,1,2,3,5,3,3,5,5,4,4,6,6,6,6,1,1,1,1,6,1,1,1,6,6,6,6,6,1,1,1,1,6,7,6,6,4,4,6,6,6,6,6,1,6,4,4,6,6,6,6,6,6,6,4,2,2,2,8,6,6,6,6,9,10,11,6,6,6,2,6,6,6,6,6,6,6,6,6,6,3,3,6,6,6,6,5,5,5,5,5,5,5,5,4,4,4,4,4,4,4,4","0.000806808471679688","louvain","edit-xhwikibooks.graphml"
"0.02","0.64","0.34","0.464719161087103","1,1,1,2,3,2,3,4,4,2,3,3,4,4,4,2,2,3,5,3,6,1,4,4,4,4,4,2,1,2,3,5,3,3,5,5,4,4,6,6,6,6,1,1,1,1,6,1,1,1,6,6,6,6,6,1,1,1,1,6,7,6,6,4,4,6,6,6,6,6,1,6,4,4,6,6,6,6,6,6,6,4,2,2,2,8,6,6,6,6,9,10,11,6,6,6,2,6,6,6,6,6,6,6,6,6,6,3,3,6,6,6,6,5,5,5,5,5,5,5,5,4,4,4,4,4,4,4,4","0.00074005126953125","louvain","edit-xhwikibooks.graphml"
"0.01","0.65","0.34","0.464416138708821","1,1,1,2,3,2,3,4,4,2,3,3,4,4,4,2,2,3,5,3,6,1,4,4,4,4,4,2,1,2,3,5,3,3,5,5,4,4,6,6,6,6,1,1,1,1,6,1,1,1,6,6,6,6,6,1,1,1,1,6,7,6,6,4,4,6,6,6,6,6,1,6,4,4,6,6,6,6,6,6,6,4,2,2,2,8,6,6,6,6,9,10,11,6,6,6,2,6,6,6,6,6,6,6,6,6,6,3,3,6,6,6,6,5,5,5,5,5,5,5,5,4,4,4,4,4,4,4,4","0.000737190246582031","louvain","edit-xhwikibooks.graphml"
"0","0.66","0.34","0.465560302457467","1,1,1,2,1,2,3,2,2,2,3,3,2,2,2,2,2,3,4,3,5,1,2,2,2,2,2,2,1,2,3,4,3,3,4,4,2,2,5,5,5,5,1,1,1,1,5,1,1,1,5,5,5,5,5,1,1,1,1,5,6,5,5,2,2,5,5,5,5,5,1,5,2,2,5,5,5,5,5,5,5,2,2,2,2,7,5,5,5,5,8,9,10,5,5,5,2,5,5,5,5,5,5,5,5,5,5,3,3,5,5,5,5,4,4,4,4,4,4,4,4,2,2,2,2,2,2,2,2","0.00063014030456543","louvain","edit-xhwikibooks.graphml"
"0.65","0","0.35","0.419224195137646","1,1,2,2,2,3,2,3,3,3,4,2,3,3,3,3,3,4,4,2,5,1,3,3,3,3,3,3,1,3,4,4,2,2,4,4,3,3,5,5,5,5,1,1,1,1,5,1,1,1,5,5,5,5,5,1,1,1,1,5,3,5,5,3,3,5,5,5,5,5,1,5,3,3,5,5,5,5,5,5,5,3,3,3,3,1,5,5,5,5,3,4,4,5,5,5,3,5,5,5,5,5,5,5,5,5,5,2,2,5,5,5,5,4,4,4,4,4,4,4,4,3,3,3,3,3,3,3,3","0.000602006912231445","louvain","edit-xhwikibooks.graphml"
"0.64","0.01","0.35","0.419846769490639","1,1,2,2,2,3,2,3,3,3,2,2,3,3,3,3,3,2,4,2,5,1,3,3,3,3,3,3,1,3,2,4,2,2,4,4,3,3,5,5,5,5,1,1,1,1,5,1,1,1,5,5,5,5,5,1,1,1,1,5,3,5,5,3,3,5,5,5,5,5,1,5,3,3,5,5,5,5,5,5,5,3,3,3,3,1,5,5,5,5,3,2,4,5,5,5,3,5,5,5,5,5,5,5,5,5,5,2,2,5,5,5,5,4,4,4,4,4,4,4,4,3,3,3,3,3,3,3,3","0.00061798095703125","louvain","edit-xhwikibooks.graphml"
"0.63","0.02","0.35","0.419846769490639","1,1,2,2,2,3,2,3,3,3,2,2,3,3,3,3,3,2,4,2,5,1,3,3,3,3,3,3,1,3,2,4,2,2,4,4,3,3,5,5,5,5,1,1,1,1,5,1,1,1,5,5,5,5,5,1,1,1,1,5,3,5,5,3,3,5,5,5,5,5,1,5,3,3,5,5,5,5,5,5,5,3,3,3,3,1,5,5,5,5,3,2,4,5,5,5,3,5,5,5,5,5,5,5,5,5,5,2,2,5,5,5,5,4,4,4,4,4,4,4,4,3,3,3,3,3,3,3,3","0.000633001327514648","louvain","edit-xhwikibooks.graphml"
"0.62","0.03","0.35","0.419557977158567","1,1,2,2,2,3,2,3,3,3,2,2,3,3,3,3,3,2,4,2,5,1,3,3,3,3,3,3,1,3,2,4,2,2,4,4,3,3,5,5,5,5,1,1,1,1,5,1,1,1,5,5,5,5,5,1,1,1,1,5,3,5,5,3,3,5,5,5,5,5,1,5,3,3,5,5,5,5,5,5,5,3,3,3,3,1,5,5,5,5,3,2,4,5,5,5,3,5,5,5,5,5,5,5,5,5,5,2,2,5,5,5,5,4,4,4,4,4,4,4,4,3,3,3,3,3,3,3,3","0.000559091567993164","louvain","edit-xhwikibooks.graphml"
"0.61","0.04","0.35","0.418936518030344","1,1,2,2,2,3,2,3,3,3,4,2,3,3,3,3,3,4,4,2,5,1,3,3,3,3,3,3,1,3,4,4,2,2,4,4,3,3,5,5,5,5,1,1,1,1,5,1,1,1,5,5,5,5,5,1,1,1,1,5,3,5,5,3,3,5,5,5,5,5,1,5,3,3,5,5,5,5,5,5,5,3,3,3,3,1,5,5,5,5,3,4,4,5,5,5,3,5,5,5,5,5,5,5,5,5,5,2,2,5,5,5,5,4,4,4,4,4,4,4,4,3,3,3,3,3,3,3,3","0.000571966171264648","louvain","edit-xhwikibooks.graphml"
"0.6","0.05","0.35","0.419269545535787","1,1,2,2,2,3,2,3,3,3,2,2,3,3,3,3,3,2,4,2,5,1,3,3,3,3,3,3,1,3,2,4,2,2,4,4,3,3,5,5,5,5,1,1,1,1,5,1,1,1,5,5,5,5,5,1,1,1,1,5,3,5,5,3,3,5,5,5,5,5,1,5,3,3,5,5,5,5,5,5,5,3,3,3,3,1,5,5,5,5,3,2,4,5,5,5,3,5,5,5,5,5,5,5,5,5,5,2,2,5,5,5,5,4,4,4,4,4,4,4,4,3,3,3,3,3,3,3,3","0.000631093978881836","louvain","edit-xhwikibooks.graphml"
"0.59","0.06","0.35","0.407672062264869","1,1,1,2,3,2,3,2,2,2,3,3,2,2,2,2,2,3,4,3,5,1,2,2,2,2,2,2,1,2,3,4,3,3,4,4,2,2,5,5,5,5,1,1,1,1,5,1,1,1,5,5,5,5,5,1,1,1,1,5,2,5,5,2,2,5,5,5,5,5,1,5,2,2,5,5,5,5,5,5,5,2,2,2,2,1,5,5,5,5,2,3,4,5,5,5,2,5,5,5,5,5,5,5,5,5,5,3,3,5,5,5,5,4,4,4,4,4,4,4,4,2,2,2,2,2,2,2,2","0.000607967376708984","louvain","edit-xhwikibooks.graphml"
"0.58","0.07","0.35","0.407154566398866","1,1,1,2,3,2,3,2,2,2,3,3,2,2,2,2,2,3,3,3,4,1,2,2,2,2,2,2,1,2,3,3,3,3,3,3,2,2,4,4,4,4,1,1,1,1,4,1,1,1,4,4,4,4,4,1,1,1,1,4,2,4,4,2,2,4,4,4,4,4,1,4,2,2,4,4,4,4,4,4,4,2,2,2,2,1,4,4,4,4,2,3,3,4,4,4,2,4,4,4,4,4,4,4,4,4,4,3,3,4,4,4,4,3,3,3,3,3,3,3,3,2,2,2,2,2,2,2,2","0.000597000122070312","louvain","edit-xhwikibooks.graphml"
"0.57","0.08","0.35","0.408056755594685","1,1,1,2,3,2,3,2,2,2,3,3,2,2,2,2,2,3,3,3,4,1,2,2,2,2,2,2,1,2,3,3,3,3,3,3,2,2,4,4,4,4,1,1,1,1,4,1,1,1,4,4,4,4,4,1,1,1,1,4,2,4,4,2,2,4,4,4,4,4,1,4,2,2,4,4,4,4,4,4,4,2,2,2,2,1,4,4,4,4,2,3,3,4,4,4,2,4,4,4,4,4,4,4,4,4,4,3,3,4,4,4,4,3,3,3,3,3,3,3,3,2,2,2,2,2,2,2,2","0.000616073608398438","louvain","edit-xhwikibooks.graphml"
"0.56","0.09","0.35","0.407772907272186","1,1,1,2,3,2,3,2,2,2,3,3,2,2,2,2,2,3,3,3,4,1,2,2,2,2,2,2,1,2,3,3,3,3,3,3,2,2,4,4,4,4,1,1,1,1,4,1,1,1,4,4,4,4,4,1,1,1,1,4,2,4,4,2,2,4,4,4,4,4,1,4,2,2,4,4,4,4,4,4,4,2,2,2,2,1,4,4,4,4,2,3,3,4,4,4,2,4,4,4,4,4,4,4,4,4,4,3,3,4,4,4,4,3,3,3,3,3,3,3,3,2,2,2,2,2,2,2,2","0.000600099563598633","louvain","edit-xhwikibooks.graphml"
"0.55","0.1","0.35","0.407772907272186","1,1,1,2,3,2,3,2,2,2,3,3,2,2,2,2,2,3,3,3,4,1,2,2,2,2,2,2,1,2,3,3,3,3,3,3,2,2,4,4,4,4,1,1,1,1,4,1,1,1,4,4,4,4,4,1,1,1,1,4,2,4,4,2,2,4,4,4,4,4,1,4,2,2,4,4,4,4,4,4,4,2,2,2,2,1,4,4,4,4,2,3,3,4,4,4,2,4,4,4,4,4,4,4,4,4,4,3,3,4,4,4,4,3,3,3,3,3,3,3,3,2,2,2,2,2,2,2,2","0.000635147094726562","louvain","edit-xhwikibooks.graphml"
"0.54","0.11","0.35","0.404862998188406","1,1,1,2,3,2,3,2,2,2,3,3,2,2,2,2,2,3,3,4,5,1,2,2,2,2,2,2,1,2,3,3,4,4,3,3,2,2,5,5,5,5,1,1,1,1,5,1,1,1,5,5,5,5,5,1,1,1,1,5,2,5,5,2,2,5,5,5,5,5,1,5,2,2,5,5,5,5,5,5,5,2,2,2,2,1,5,5,5,5,2,3,3,5,5,5,2,5,5,5,5,5,5,5,5,5,5,4,4,5,5,5,5,3,3,3,3,3,3,3,3,2,2,2,2,2,2,2,2","0.000723123550415039","louvain","edit-xhwikibooks.graphml"
"0.53","0.12","0.35","0.401639176741038","1,1,1,2,3,2,3,2,2,2,3,3,2,2,2,2,2,3,2,3,4,1,2,2,2,2,2,2,1,2,3,2,3,3,2,2,5,2,4,4,4,4,1,1,1,1,4,1,1,1,4,4,4,4,4,1,1,1,1,4,2,4,4,2,2,4,4,4,4,4,1,4,2,2,4,4,4,4,4,4,4,2,2,2,2,1,4,4,4,4,2,3,2,4,4,4,2,4,4,4,4,4,4,4,4,4,4,3,3,4,4,4,4,2,2,2,2,2,2,2,2,5,5,5,5,5,5,5,5","0.000613927841186523","louvain","edit-xhwikibooks.graphml"
"0.52","0.13","0.35","0.407493825672171","1,1,1,2,3,2,3,2,2,2,3,3,2,2,2,2,2,3,4,3,5,1,2,2,2,2,2,2,1,2,3,4,3,3,4,4,2,2,5,5,5,5,1,1,1,1,5,1,1,1,5,5,5,5,5,1,1,1,1,5,2,5,5,2,2,5,5,5,5,5,1,5,2,2,5,5,5,5,5,5,5,2,2,2,2,1,5,5,5,5,2,3,4,5,5,5,2,5,5,5,5,5,5,5,5,5,5,3,3,5,5,5,5,4,4,4,4,4,4,4,4,2,2,2,2,2,2,2,2","0.000576972961425781","louvain","edit-xhwikibooks.graphml"
"0.51","0.14","0.35","0.407493825672171","1,1,1,2,3,2,3,2,2,2,3,3,2,2,2,2,2,3,4,3,5,1,2,2,2,2,2,2,1,2,3,4,3,3,4,4,2,2,5,5,5,5,1,1,1,1,5,1,1,1,5,5,5,5,5,1,1,1,1,5,2,5,5,2,2,5,5,5,5,5,1,5,2,2,5,5,5,5,5,5,5,2,2,2,2,1,5,5,5,5,2,3,4,5,5,5,2,5,5,5,5,5,5,5,5,5,5,3,3,5,5,5,5,4,4,4,4,4,4,4,4,2,2,2,2,2,2,2,2","0.000576972961425781","louvain","edit-xhwikibooks.graphml"
"0.5","0.15","0.35","0.403574515867428","1,1,1,2,3,2,3,2,2,2,3,3,2,2,2,2,2,3,2,3,4,1,2,2,2,2,2,2,1,2,3,2,3,3,2,2,5,2,4,4,4,4,1,1,1,1,4,1,1,1,4,4,4,4,4,1,1,1,1,4,2,4,4,2,2,4,4,4,4,4,1,4,2,2,4,4,4,4,4,4,4,2,2,2,2,1,4,4,4,4,2,3,2,4,4,4,2,4,4,4,4,4,4,4,4,4,4,3,3,4,4,4,4,2,2,2,2,2,2,2,2,5,5,5,5,5,5,5,5","0.000568866729736328","louvain","edit-xhwikibooks.graphml"
"0.49","0.16","0.35","0.408737678448313","1,1,1,2,3,2,3,2,2,2,3,3,2,2,2,2,2,3,3,3,4,1,2,2,2,2,2,2,1,2,3,3,3,3,3,3,2,2,4,4,4,4,1,1,1,1,4,1,1,1,4,4,4,4,4,1,1,1,1,4,2,4,4,2,2,4,4,4,4,4,1,4,2,2,4,4,4,4,4,4,4,2,2,2,2,1,4,4,4,4,2,3,3,4,4,4,2,4,4,4,4,4,4,4,4,4,4,3,3,4,4,4,4,3,3,3,3,3,3,3,3,2,2,2,2,2,2,2,2","0.000615119934082031","louvain","edit-xhwikibooks.graphml"
"0.48","0.17","0.35","0.409493214634851","1,1,1,2,3,2,3,2,2,2,3,4,2,2,2,2,2,3,3,4,5,1,2,2,2,2,2,2,1,2,3,3,4,4,3,3,2,2,5,5,5,5,1,1,1,1,5,1,1,1,5,5,5,5,5,1,1,1,1,5,2,5,5,2,2,5,5,5,5,5,1,5,2,2,5,5,5,5,5,5,5,2,2,2,2,1,5,5,5,5,2,3,3,5,5,5,2,5,5,5,5,5,5,5,5,5,5,4,4,5,5,5,5,3,3,3,3,3,3,3,3,2,2,2,2,2,2,2,2","0.000545978546142578","louvain","edit-xhwikibooks.graphml"
"0.47","0.18","0.35","0.409351138105652","1,1,1,2,3,2,3,2,2,2,3,3,2,2,2,2,2,3,3,4,5,1,2,2,2,2,2,2,1,2,3,3,4,4,3,3,2,2,5,5,5,5,1,1,1,1,5,1,1,1,5,5,5,5,5,1,1,1,1,5,2,5,5,2,2,5,5,5,5,5,1,5,2,2,5,5,5,5,5,5,5,2,2,2,2,1,5,5,5,5,2,3,3,5,5,5,2,5,5,5,5,5,5,5,5,5,5,4,4,5,5,5,5,3,3,3,3,3,3,3,3,2,2,2,2,2,2,2,2","0.000633955001831055","louvain","edit-xhwikibooks.graphml"
"0.46","0.19","0.35","0.40933048938111","1,1,1,2,3,2,3,2,2,2,3,3,2,2,2,2,2,3,4,3,5,1,2,2,2,2,2,2,1,2,3,4,3,3,4,4,2,2,5,5,5,5,1,1,1,1,5,1,1,1,5,5,5,5,5,1,1,1,1,5,2,5,5,2,2,5,5,5,5,5,1,5,2,2,5,5,5,5,5,5,5,2,2,2,2,1,5,5,5,5,2,3,4,5,5,5,2,5,5,5,5,5,5,5,5,5,5,3,3,5,5,5,5,4,4,4,4,4,4,4,4,2,2,2,2,2,2,2,2","0.000571012496948242","louvain","edit-xhwikibooks.graphml"
"0.45","0.2","0.35","0.410790505646125","1,1,1,2,3,2,3,2,2,2,3,3,2,2,2,2,2,3,3,4,5,1,2,2,2,2,2,2,1,2,3,3,4,4,3,3,2,2,5,5,5,5,1,1,1,1,5,1,1,1,5,5,5,5,5,1,1,1,1,5,2,5,5,2,2,5,5,5,5,5,1,5,2,2,5,5,5,5,5,5,5,2,2,2,2,1,5,5,5,5,2,3,3,5,5,5,2,5,5,5,5,5,5,5,5,5,5,4,4,5,5,5,5,3,3,3,3,3,3,3,3,2,2,2,2,2,2,2,2","0.000611066818237305","louvain","edit-xhwikibooks.graphml"
"0.44","0.21","0.35","0.394150152122919","1,1,1,2,3,2,3,2,2,2,3,3,2,2,2,2,2,3,3,3,4,1,2,2,2,2,2,2,1,2,3,3,3,3,3,3,2,2,4,4,4,4,1,1,1,1,4,1,1,1,4,4,4,4,4,1,1,1,1,4,2,4,4,2,2,4,4,4,4,4,1,4,2,2,4,4,4,4,4,4,4,2,2,2,2,1,4,4,4,4,2,3,3,4,4,4,2,4,4,4,4,4,4,4,4,4,4,3,3,4,4,4,4,3,3,3,3,3,3,3,3,2,2,2,2,2,2,2,2","0.000567913055419922","louvain","edit-xhwikibooks.graphml"
"0.43","0.22","0.35","0.395095715270976","1,1,1,2,3,2,3,2,2,2,3,3,2,2,2,2,2,3,3,3,4,1,2,2,2,2,2,2,1,2,3,3,3,3,3,3,2,2,4,4,4,4,1,1,1,1,4,1,1,1,4,4,4,4,4,1,1,1,1,4,2,4,4,2,2,4,4,4,4,4,1,4,2,2,4,4,4,4,4,4,4,2,2,2,2,1,4,4,4,4,2,3,3,4,4,4,2,4,4,4,4,4,4,4,4,4,4,3,3,4,4,4,4,3,3,3,3,3,3,3,3,2,2,2,2,2,2,2,2","0.000557899475097656","louvain","edit-xhwikibooks.graphml"
"0.42","0.23","0.35","0.39662665801496","1,1,1,2,3,2,3,2,2,2,3,3,2,2,2,2,2,3,3,3,4,1,2,2,2,2,2,2,1,2,3,3,3,3,3,3,2,2,4,4,4,4,1,1,1,1,4,1,1,1,4,4,4,4,4,1,1,1,1,4,2,4,4,2,2,4,4,4,4,4,1,4,2,2,4,4,4,4,4,4,4,2,2,2,2,1,4,4,4,4,2,3,3,4,4,4,2,4,4,4,4,4,4,4,4,4,4,3,3,4,4,4,4,3,3,3,3,3,3,3,3,2,2,2,2,2,2,2,2","0.000558137893676758","louvain","edit-xhwikibooks.graphml"
"0.41","0.24","0.35","0.397563226969388","1,1,1,2,3,2,3,2,2,2,3,3,2,2,2,2,2,3,3,3,4,1,2,2,2,2,2,2,1,2,3,3,3,3,3,3,2,2,4,4,4,4,1,1,1,1,4,1,1,1,4,4,4,4,4,1,1,1,1,4,2,4,4,2,2,4,4,4,4,4,1,4,2,2,4,4,4,4,4,4,4,2,2,2,2,1,4,4,4,4,2,3,3,4,4,4,2,4,4,4,4,4,4,4,4,4,4,3,3,4,4,4,4,3,3,3,3,3,3,3,3,2,2,2,2,2,2,2,2","0.000575065612792969","louvain","edit-xhwikibooks.graphml"
"0.4","0.25","0.35","0.399935860243878","1,1,1,2,3,2,3,2,2,2,3,3,2,2,2,2,2,3,3,3,4,1,2,2,2,2,2,2,1,2,3,3,3,3,3,3,2,2,4,4,4,4,1,1,1,1,4,1,1,1,4,4,4,4,4,1,1,1,1,4,2,4,4,2,2,4,4,4,4,4,1,4,2,2,4,4,4,4,4,4,4,2,2,2,2,1,4,4,4,4,2,3,3,4,4,4,2,4,4,4,4,4,4,4,4,4,4,3,3,4,4,4,4,3,3,3,3,3,3,3,3,2,2,2,2,2,2,2,2","0.000567913055419922","louvain","edit-xhwikibooks.graphml"
"0.39","0.26","0.35","0.400043575864846","1,1,1,2,3,2,3,2,2,2,3,4,2,2,2,2,2,3,3,4,5,1,2,2,2,2,2,2,1,2,3,3,4,4,3,3,2,2,5,5,5,5,1,1,1,1,5,1,1,1,5,5,5,5,5,1,1,1,1,5,2,5,5,2,2,5,5,5,5,5,1,5,2,2,5,5,5,5,5,5,5,2,2,2,2,1,5,5,5,5,2,3,3,5,5,5,2,5,5,5,5,5,5,5,5,5,5,4,4,5,5,5,5,3,3,3,3,3,3,3,3,2,2,2,2,2,2,2,2","0.000716924667358398","louvain","edit-xhwikibooks.graphml"
"0.38","0.27","0.35","0.399935860243878","1,1,1,2,3,2,3,2,2,2,3,3,2,2,2,2,2,3,3,3,4,1,2,2,2,2,2,2,1,2,3,3,3,3,3,3,2,2,4,4,4,4,1,1,1,1,4,1,1,1,4,4,4,4,4,1,1,1,1,4,2,4,4,2,2,4,4,4,4,4,1,4,2,2,4,4,4,4,4,4,4,2,2,2,2,1,4,4,4,4,2,3,3,4,4,4,2,4,4,4,4,4,4,4,4,4,4,3,3,4,4,4,4,3,3,3,3,3,3,3,3,2,2,2,2,2,2,2,2","0.0005950927734375","louvain","edit-xhwikibooks.graphml"
"0.37","0.28","0.35","0.399817865474592","1,1,1,2,3,2,3,2,2,2,3,3,2,2,2,2,2,3,4,3,5,1,2,2,2,2,2,2,1,2,3,4,3,3,4,4,2,2,5,5,5,5,1,1,1,1,5,1,1,1,5,5,5,5,5,1,1,1,1,5,2,5,5,2,2,5,5,5,5,5,1,5,2,2,5,5,5,5,5,5,5,2,2,2,2,1,5,5,5,5,2,3,4,5,5,5,2,5,5,5,5,5,5,5,5,5,5,3,3,5,5,5,5,4,4,4,4,4,4,4,4,2,2,2,2,2,2,2,2","0.000616073608398438","louvain","edit-xhwikibooks.graphml"
"0.36","0.29","0.35","0.401430890349809","1,1,1,2,3,2,3,2,2,2,3,3,2,2,2,2,2,3,3,3,4,1,2,2,2,2,2,2,1,2,3,3,3,3,3,3,2,2,4,4,4,4,1,1,1,1,4,1,1,1,4,4,4,4,4,1,1,1,1,4,2,4,4,2,2,4,4,4,4,4,1,4,2,2,4,4,4,4,4,4,4,2,2,2,2,1,4,4,4,4,2,3,3,4,4,4,2,4,4,4,4,4,4,4,4,4,4,3,3,4,4,4,4,3,3,3,3,3,3,3,3,2,2,2,2,2,2,2,2","0.000567913055419922","louvain","edit-xhwikibooks.graphml"
"0.35","0.3","0.35","0.402071418404845","1,1,1,2,3,2,3,2,2,2,3,3,2,2,2,2,2,3,3,3,4,1,2,2,2,2,2,2,1,2,3,3,3,3,3,3,2,2,4,4,4,4,1,1,1,1,4,1,1,1,4,4,4,4,4,1,1,1,1,4,2,4,4,2,2,4,4,4,4,4,1,4,2,2,4,4,4,4,4,4,4,2,2,2,2,1,4,4,4,4,2,3,3,4,4,4,2,4,4,4,4,4,4,4,4,4,4,3,3,4,4,4,4,3,3,3,3,3,3,3,3,2,2,2,2,2,2,2,2","0.000627994537353516","louvain","edit-xhwikibooks.graphml"
"0.34","0.31","0.35","0.402987966279427","1,1,1,2,3,2,3,2,2,2,3,3,2,2,2,2,2,3,3,3,4,1,2,2,2,2,2,2,1,2,3,3,3,3,3,3,2,2,4,4,4,4,1,1,1,1,4,1,1,1,4,4,4,4,4,1,1,1,1,4,2,4,4,2,2,4,4,4,4,4,1,4,2,2,4,4,4,4,4,4,4,2,2,2,2,1,4,4,4,4,2,3,3,4,4,4,2,4,4,4,4,4,4,4,4,4,4,3,3,4,4,4,4,3,3,3,3,3,3,3,3,2,2,2,2,2,2,2,2","0.000609874725341797","louvain","edit-xhwikibooks.graphml"
"0.33","0.32","0.35","0.402707986165951","1,1,1,2,3,2,3,2,2,2,3,3,2,2,2,2,2,3,3,3,4,1,2,2,2,2,2,2,1,2,3,3,3,3,3,3,2,2,4,4,4,4,1,1,1,1,4,1,1,1,4,4,4,4,4,1,1,1,1,4,2,4,4,2,2,4,4,4,4,4,1,4,2,2,4,4,4,4,4,4,4,2,2,2,2,1,4,4,4,4,2,3,3,4,4,4,2,4,4,4,4,4,4,4,4,4,4,3,3,4,4,4,4,3,3,3,3,3,3,3,3,2,2,2,2,2,2,2,2","0.000647783279418945","louvain","edit-xhwikibooks.graphml"
"0.32","0.33","0.35","0.403620422690985","1,1,1,2,3,2,3,2,2,2,3,3,2,2,2,2,2,3,3,3,4,1,2,2,2,2,2,2,1,2,3,3,3,3,3,3,2,2,4,4,4,4,1,1,1,1,4,1,1,1,4,4,4,4,4,1,1,1,1,4,2,4,4,2,2,4,4,4,4,4,1,4,2,2,4,4,4,4,4,4,4,2,2,2,2,1,4,4,4,4,2,3,3,4,4,4,2,4,4,4,4,4,4,4,4,4,4,3,3,4,4,4,4,3,3,3,3,3,3,3,3,2,2,2,2,2,2,2,2","0.000593900680541992","louvain","edit-xhwikibooks.graphml"
"0.31","0.34","0.35","0.416081133996397","1,1,1,2,3,2,3,2,2,2,3,3,2,2,2,2,2,3,4,3,5,1,2,2,2,2,2,2,1,2,3,4,3,3,4,4,2,2,5,5,5,5,1,1,1,1,5,1,1,1,5,5,5,5,5,1,1,1,1,5,2,5,5,2,2,5,5,5,5,5,1,5,2,2,5,5,5,5,5,5,5,2,2,2,2,1,5,5,5,5,2,3,4,5,5,5,2,5,5,5,5,5,5,5,5,5,5,3,3,5,5,5,5,4,4,4,4,4,4,4,4,2,2,2,2,2,2,2,2","0.000543832778930664","louvain","edit-xhwikibooks.graphml"
"0.3","0.35","0.35","0.416081133996397","1,1,1,2,3,2,3,2,2,2,3,3,2,2,2,2,2,3,4,3,5,1,2,2,2,2,2,2,1,2,3,4,3,3,4,4,2,2,5,5,5,5,1,1,1,1,5,1,1,1,5,5,5,5,5,1,1,1,1,5,2,5,5,2,2,5,5,5,5,5,1,5,2,2,5,5,5,5,5,5,5,2,2,2,2,1,5,5,5,5,2,3,4,5,5,5,2,5,5,5,5,5,5,5,5,5,5,3,3,5,5,5,5,4,4,4,4,4,4,4,4,2,2,2,2,2,2,2,2","0.000638008117675781","louvain","edit-xhwikibooks.graphml"
"0.29","0.36","0.35","0.411088308320372","1,1,1,2,3,2,3,2,2,2,3,3,2,2,2,2,2,3,3,4,5,1,2,2,2,2,2,2,1,2,3,3,4,4,3,3,2,2,5,5,5,5,1,1,1,1,5,1,1,1,5,5,5,5,5,1,1,1,1,5,6,5,5,2,2,5,5,5,5,5,1,5,2,2,5,5,5,5,5,5,5,2,2,2,2,7,5,5,5,5,8,9,10,5,5,5,2,5,5,5,5,5,5,5,5,5,5,4,4,5,5,5,5,3,3,3,3,3,3,3,3,2,2,2,2,2,2,2,2","0.00060582160949707","louvain","edit-xhwikibooks.graphml"
"0.28","0.37","0.35","0.411088308320372","1,1,1,2,3,2,3,2,2,2,3,3,2,2,2,2,2,3,3,4,5,1,2,2,2,2,2,2,1,2,3,3,4,4,3,3,2,2,5,5,5,5,1,1,1,1,5,1,1,1,5,5,5,5,5,1,1,1,1,5,6,5,5,2,2,5,5,5,5,5,1,5,2,2,5,5,5,5,5,5,5,2,2,2,2,7,5,5,5,5,8,9,10,5,5,5,2,5,5,5,5,5,5,5,5,5,5,4,4,5,5,5,5,3,3,3,3,3,3,3,3,2,2,2,2,2,2,2,2","0.000562906265258789","louvain","edit-xhwikibooks.graphml"
"0.27","0.38","0.35","0.410807091248212","1,1,1,2,3,2,3,2,2,2,3,3,2,2,2,2,2,3,3,4,5,1,2,2,2,2,2,2,1,2,3,3,4,4,3,3,2,2,5,5,5,5,1,1,1,1,5,1,1,1,5,5,5,5,5,1,1,1,1,5,6,5,5,2,2,5,5,5,5,5,1,5,2,2,5,5,5,5,5,5,5,2,2,2,2,7,5,5,5,5,8,9,10,5,5,5,2,5,5,5,5,5,5,5,5,5,5,4,4,5,5,5,5,3,3,3,3,3,3,3,3,2,2,2,2,2,2,2,2","0.000624895095825195","louvain","edit-xhwikibooks.graphml"
"0.26","0.39","0.35","0.411695683064232","1,1,1,2,3,2,3,2,2,2,3,3,2,2,2,2,2,3,3,4,5,1,2,2,2,2,2,2,1,2,3,3,4,4,3,3,2,2,5,5,5,5,1,1,1,1,5,1,1,1,5,5,5,5,5,1,1,1,1,5,6,5,5,2,2,5,5,5,5,5,1,5,2,2,5,5,5,5,5,5,5,2,2,2,2,7,5,5,5,5,8,9,10,5,5,5,2,5,5,5,5,5,5,5,5,5,5,4,4,5,5,5,5,3,3,3,3,3,3,3,3,2,2,2,2,2,2,2,2","0.00061488151550293","louvain","edit-xhwikibooks.graphml"
"0.25","0.4","0.35","0.413373297028287","1,1,1,2,3,2,3,2,2,2,3,3,2,2,2,2,2,3,4,3,5,1,2,2,2,2,2,2,1,2,3,4,3,3,4,4,2,2,5,5,5,5,1,1,1,1,5,1,1,1,5,5,5,5,5,1,1,1,1,5,6,5,5,2,2,5,5,5,5,5,1,5,2,2,5,5,5,5,5,5,5,2,2,2,2,7,5,5,5,5,8,9,10,5,5,5,2,5,5,5,5,5,5,5,5,5,5,3,3,5,5,5,5,4,4,4,4,4,4,4,4,2,2,2,2,2,2,2,2","0.000599861145019531","louvain","edit-xhwikibooks.graphml"
"0.24","0.41","0.35","0.411344374025451","1,1,1,2,3,2,3,2,2,2,3,3,2,2,2,2,2,3,4,3,5,1,2,2,2,2,2,2,1,2,3,4,3,3,4,4,2,2,5,5,5,5,1,1,1,1,5,1,1,1,5,5,5,5,5,1,1,1,1,5,6,5,5,2,2,5,5,5,5,5,1,5,2,2,5,5,5,5,5,5,5,2,2,2,2,7,5,5,5,5,8,9,10,5,5,5,2,5,5,5,5,5,5,5,5,5,5,3,3,5,5,5,5,4,4,4,4,4,4,4,4,2,2,2,2,2,2,2,2","0.000659942626953125","louvain","edit-xhwikibooks.graphml"
"0.23","0.42","0.35","0.41106240894495","1,1,1,2,3,2,3,2,2,2,3,3,2,2,2,2,2,3,4,3,5,1,2,2,2,2,2,2,1,2,3,4,3,3,4,4,2,2,5,5,5,5,1,1,1,1,5,1,1,1,5,5,5,5,5,1,1,1,1,5,6,5,5,2,2,5,5,5,5,5,1,5,2,2,5,5,5,5,5,5,5,2,2,2,2,7,5,5,5,5,8,9,10,5,5,5,2,5,5,5,5,5,5,5,5,5,5,3,3,5,5,5,5,4,4,4,4,4,4,4,4,2,2,2,2,2,2,2,2","0.000597000122070312","louvain","edit-xhwikibooks.graphml"
"0.22","0.43","0.35","0.412776812301188","1,1,1,2,3,2,3,2,2,2,3,3,2,2,2,2,2,3,4,3,5,1,2,2,2,2,2,2,1,2,3,4,3,3,4,4,2,2,5,5,5,5,1,1,1,1,5,1,1,1,5,5,5,5,5,1,1,1,1,5,6,5,5,2,2,5,5,5,5,5,1,5,2,2,5,5,5,5,5,5,5,2,2,2,2,7,5,5,5,5,8,9,10,5,5,5,2,5,5,5,5,5,5,5,5,5,5,3,3,5,5,5,5,4,4,4,4,4,4,4,4,2,2,2,2,2,2,2,2","0.000615119934082031","louvain","edit-xhwikibooks.graphml"
"0.21","0.44","0.35","0.412495005556319","1,1,1,2,3,2,3,2,2,2,3,3,2,2,2,2,2,3,4,3,5,1,2,2,2,2,2,2,1,2,3,4,3,3,4,4,2,2,5,5,5,5,1,1,1,1,5,1,1,1,5,5,5,5,5,1,1,1,1,5,6,5,5,2,2,5,5,5,5,5,1,5,2,2,5,5,5,5,5,5,5,2,2,2,2,7,5,5,5,5,8,9,10,5,5,5,2,5,5,5,5,5,5,5,5,5,5,3,3,5,5,5,5,4,4,4,4,4,4,4,4,2,2,2,2,2,2,2,2","0.000558853149414062","louvain","edit-xhwikibooks.graphml"
"0.2","0.45","0.35","0.414197686390514","1,1,1,2,3,2,3,2,2,2,3,3,2,2,2,2,2,3,4,3,5,1,2,2,2,2,2,2,1,2,3,4,3,3,4,4,2,2,5,5,5,5,1,1,1,1,5,1,1,1,5,5,5,5,5,1,1,1,1,5,6,5,5,2,2,5,5,5,5,5,1,5,2,2,5,5,5,5,5,5,5,2,2,2,2,7,5,5,5,5,8,9,10,5,5,5,2,5,5,5,5,5,5,5,5,5,5,3,3,5,5,5,5,4,4,4,4,4,4,4,4,2,2,2,2,2,2,2,2","0.000602006912231445","louvain","edit-xhwikibooks.graphml"
"0.19","0.46","0.35","0.424818110386715","1,1,1,2,3,2,3,2,2,2,3,3,2,2,2,2,2,3,4,3,5,1,2,2,2,2,2,2,1,2,3,4,3,3,4,4,2,2,5,5,5,5,1,1,1,1,5,1,1,1,5,5,5,5,5,1,1,1,1,5,6,5,5,2,2,5,5,5,5,5,1,5,2,2,5,5,5,5,5,5,5,2,2,2,2,7,5,5,5,5,8,9,10,5,5,5,2,5,5,5,5,5,5,5,5,5,5,3,3,5,5,5,5,4,4,4,4,4,4,4,4,2,2,2,2,2,2,2,2","0.000607967376708984","louvain","edit-xhwikibooks.graphml"
"0.18","0.47","0.35","0.425709006983235","1,1,1,2,3,2,3,2,2,2,3,3,2,2,2,2,2,3,4,3,5,1,2,2,2,2,2,2,1,2,3,4,3,3,4,4,2,2,5,5,5,5,1,1,1,1,5,1,1,1,5,5,5,5,5,1,1,1,1,5,6,5,5,2,2,5,5,5,5,5,1,5,2,2,5,5,5,5,5,5,5,2,2,2,2,7,5,5,5,5,8,9,10,5,5,5,2,5,5,5,5,5,5,5,5,5,5,3,3,5,5,5,5,4,4,4,4,4,4,4,4,2,2,2,2,2,2,2,2","0.000645875930786133","louvain","edit-xhwikibooks.graphml"
"0.17","0.48","0.35","0.425410196103655","1,1,1,2,3,2,3,2,2,2,3,3,2,2,2,2,2,3,4,3,5,1,2,2,2,2,2,2,1,2,3,4,3,3,4,4,2,2,5,5,5,5,1,1,1,1,5,1,1,1,5,5,5,5,5,1,1,1,1,5,6,5,5,2,2,5,5,5,5,5,1,5,2,2,5,5,5,5,5,5,5,2,2,2,2,7,5,5,5,5,8,9,10,5,5,5,2,5,5,5,5,5,5,5,5,5,5,3,3,5,5,5,5,4,4,4,4,4,4,4,4,2,2,2,2,2,2,2,2","0.000571012496948242","louvain","edit-xhwikibooks.graphml"
"0.16","0.49","0.35","0.425410196103655","1,1,1,2,3,2,3,2,2,2,3,3,2,2,2,2,2,3,4,3,5,1,2,2,2,2,2,2,1,2,3,4,3,3,4,4,2,2,5,5,5,5,1,1,1,1,5,1,1,1,5,5,5,5,5,1,1,1,1,5,6,5,5,2,2,5,5,5,5,5,1,5,2,2,5,5,5,5,5,5,5,2,2,2,2,7,5,5,5,5,8,9,10,5,5,5,2,5,5,5,5,5,5,5,5,5,5,3,3,5,5,5,5,4,4,4,4,4,4,4,4,2,2,2,2,2,2,2,2","0.000545024871826172","louvain","edit-xhwikibooks.graphml"
"0.15","0.5","0.35","0.460860729937944","1,1,1,2,3,2,3,4,4,2,3,3,4,4,4,2,2,3,5,3,6,1,4,4,4,4,4,2,1,2,3,5,3,3,5,5,4,4,6,6,6,6,1,1,1,1,6,1,1,1,6,6,6,6,6,1,1,1,1,6,7,6,6,4,4,6,6,6,6,6,1,6,4,4,6,6,6,6,6,6,6,4,2,2,2,8,6,6,6,6,9,10,11,6,6,6,2,6,6,6,6,6,6,6,6,6,6,3,3,6,6,6,6,5,5,5,5,5,5,5,5,4,4,4,4,4,4,4,4","0.000689983367919922","louvain","edit-xhwikibooks.graphml"
"0.14","0.51","0.35","0.458068193318746","1,1,1,2,3,2,3,2,2,2,3,3,2,2,2,4,2,3,5,3,6,1,2,2,2,2,2,4,1,2,3,5,3,3,5,5,2,2,6,6,6,6,1,1,1,1,6,1,1,1,6,6,6,6,6,1,1,1,1,6,7,6,6,2,2,6,6,6,6,6,1,6,2,2,6,6,6,6,6,6,6,2,4,4,4,8,6,6,6,6,9,10,11,6,6,6,4,6,6,6,6,6,6,6,6,6,6,3,3,6,6,6,6,5,5,5,5,5,5,5,5,2,2,2,2,2,2,2,2","0.00065302848815918","louvain","edit-xhwikibooks.graphml"
"0.13","0.52","0.35","0.458068193318746","1,1,1,2,3,2,3,2,2,2,3,3,2,2,2,4,2,3,5,3,6,1,2,2,2,2,2,4,1,2,3,5,3,3,5,5,2,2,6,6,6,6,1,1,1,1,6,1,1,1,6,6,6,6,6,1,1,1,1,6,7,6,6,2,2,6,6,6,6,6,1,6,2,2,6,6,6,6,6,6,6,2,4,4,4,8,6,6,6,6,9,10,11,6,6,6,4,6,6,6,6,6,6,6,6,6,6,3,3,6,6,6,6,5,5,5,5,5,5,5,5,2,2,2,2,2,2,2,2","0.000602006912231445","louvain","edit-xhwikibooks.graphml"
"0.12","0.53","0.35","0.459063401714092","1,1,1,2,3,2,3,4,4,2,3,3,4,4,4,2,2,3,5,3,6,1,4,4,4,4,4,2,1,2,3,5,3,3,5,5,4,4,6,6,6,6,1,1,1,1,6,1,1,1,6,6,6,6,6,1,1,1,1,6,7,6,6,4,4,6,6,6,6,6,1,6,4,4,6,6,6,6,6,6,6,4,2,2,2,8,6,6,6,6,9,10,11,6,6,6,2,6,6,6,6,6,6,6,6,6,6,3,3,6,6,6,6,5,5,5,5,5,5,5,5,4,4,4,4,4,4,4,4","0.000737190246582031","louvain","edit-xhwikibooks.graphml"
"0.11","0.54","0.35","0.459361226260785","1,1,1,2,3,2,3,2,2,2,3,3,2,2,2,4,2,3,5,3,6,1,2,2,2,2,2,4,1,2,3,5,3,3,5,5,2,2,6,6,6,6,1,1,1,1,6,1,1,1,6,6,6,6,6,1,1,1,1,6,7,6,6,2,2,6,6,6,6,6,1,6,2,2,6,6,6,6,6,6,6,2,4,4,4,8,6,6,6,6,9,10,11,6,6,6,4,6,6,6,6,6,6,6,6,6,6,3,3,6,6,6,6,5,5,5,5,5,5,5,5,2,2,2,2,2,2,2,2","0.000660181045532227","louvain","edit-xhwikibooks.graphml"
"0.1","0.55","0.35","0.460342344528118","1,1,1,2,3,2,3,4,4,2,3,3,4,4,4,2,2,3,5,3,6,1,4,4,4,4,4,2,1,2,3,5,3,3,5,5,4,4,6,6,6,6,1,1,1,1,6,1,1,1,6,6,6,6,6,1,1,1,1,6,7,6,6,4,4,6,6,6,6,6,1,6,4,4,6,6,6,6,6,6,6,4,2,2,2,8,6,6,6,6,9,10,11,6,6,6,2,6,6,6,6,6,6,6,6,6,6,3,3,6,6,6,6,5,5,5,5,5,5,5,5,4,4,4,4,4,4,4,4","0.000797033309936523","louvain","edit-xhwikibooks.graphml"
"0.09","0.56","0.35","0.461250170477088","1,1,1,2,3,2,3,2,2,2,3,3,2,2,2,2,2,3,4,3,5,1,2,2,2,2,2,2,1,2,3,4,3,3,4,4,2,2,5,5,5,5,1,1,1,1,5,1,1,1,5,5,5,5,5,1,1,1,1,5,6,5,5,2,2,5,5,5,5,5,1,5,2,2,5,5,5,5,5,5,5,2,2,2,2,7,5,5,5,5,8,9,10,5,5,5,2,5,5,5,5,5,5,5,5,5,5,3,3,5,5,5,5,4,4,4,4,4,4,4,4,2,2,2,2,2,2,2,2","0.000818014144897461","louvain","edit-xhwikibooks.graphml"
"0.08","0.57","0.35","0.460951260433999","1,1,1,2,3,2,3,2,2,2,3,3,2,2,2,2,2,3,4,3,5,1,2,2,2,2,2,2,1,2,3,4,3,3,4,4,2,2,5,5,5,5,1,1,1,1,5,1,1,1,5,5,5,5,5,1,1,1,1,5,6,5,5,2,2,5,5,5,5,5,1,5,2,2,5,5,5,5,5,5,5,2,2,2,2,7,5,5,5,5,8,9,10,5,5,5,2,5,5,5,5,5,5,5,5,5,5,3,3,5,5,5,5,4,4,4,4,4,4,4,4,2,2,2,2,2,2,2,2","0.000695943832397461","louvain","edit-xhwikibooks.graphml"
"0.07","0.58","0.35","0.463061956138843","1,1,1,2,3,2,3,4,4,2,3,3,4,4,4,2,2,3,5,3,6,1,4,4,4,4,4,2,1,2,3,5,3,3,5,5,4,4,6,6,6,6,1,1,1,1,6,1,1,1,6,6,6,6,6,1,1,1,1,6,7,6,6,4,4,6,6,6,6,6,1,6,4,4,6,6,6,6,6,6,6,4,2,2,2,8,6,6,6,6,9,10,11,6,6,6,2,6,6,6,6,6,6,6,6,6,6,3,3,6,6,6,6,5,5,5,5,5,5,5,5,4,4,4,4,4,4,4,4","0.000612020492553711","louvain","edit-xhwikibooks.graphml"
"0.06","0.59","0.35","0.46223568790397","1,1,1,2,3,2,3,2,2,2,3,3,2,2,2,4,2,3,5,3,6,1,2,2,2,2,2,4,1,2,3,5,3,3,5,5,2,2,6,6,6,6,1,1,1,1,6,1,1,1,6,6,6,6,6,1,1,1,1,6,7,6,6,2,2,6,6,6,6,6,1,6,2,2,6,6,6,6,6,6,6,2,4,4,4,8,6,6,6,6,9,10,11,6,6,6,4,6,6,6,6,6,6,6,6,6,6,3,3,6,6,6,6,5,5,5,5,5,5,5,5,2,2,2,2,2,2,2,2","0.000649929046630859","louvain","edit-xhwikibooks.graphml"
"0.05","0.6","0.35","0.464383313755019","1,1,1,2,3,2,3,4,4,2,3,3,4,4,4,2,2,3,5,3,6,1,4,4,4,4,4,2,1,2,3,5,3,3,5,5,4,4,6,6,6,6,1,1,1,1,6,1,1,1,6,6,6,6,6,1,1,1,1,6,7,6,6,4,4,6,6,6,6,6,1,6,4,4,6,6,6,6,6,6,6,4,2,2,2,8,6,6,6,6,9,10,11,6,6,6,2,6,6,6,6,6,6,6,6,6,6,3,3,6,6,6,6,5,5,5,5,5,5,5,5,4,4,4,4,4,4,4,4","0.000693798065185547","louvain","edit-xhwikibooks.graphml"
"0.04","0.61","0.35","0.46261244751427","1,1,1,2,3,2,3,2,2,2,3,3,2,2,2,4,2,3,5,3,6,1,2,2,2,2,2,4,1,2,3,5,3,3,5,5,2,2,6,6,6,6,1,1,1,1,6,1,1,1,6,6,6,6,6,1,1,1,1,6,7,6,6,2,2,6,6,6,6,6,1,6,2,2,6,6,6,6,6,6,6,2,4,4,4,8,6,6,6,6,9,10,11,6,6,6,4,6,6,6,6,6,6,6,6,6,6,3,3,6,6,6,6,5,5,5,5,5,5,5,5,2,2,2,2,2,2,2,2","0.000590085983276367","louvain","edit-xhwikibooks.graphml"
"0.03","0.62","0.35","0.464080878779042","1,1,1,2,3,2,3,4,4,2,3,3,4,4,4,2,2,3,5,3,6,1,4,4,4,4,4,2,1,2,3,5,3,3,5,5,4,4,6,6,6,6,1,1,1,1,6,1,1,1,6,6,6,6,6,1,1,1,1,6,7,6,6,4,4,6,6,6,6,6,1,6,4,4,6,6,6,6,6,6,6,4,2,2,2,8,6,6,6,6,9,10,11,6,6,6,2,6,6,6,6,6,6,6,6,6,6,3,3,6,6,6,6,5,5,5,5,5,5,5,5,4,4,4,4,4,4,4,4","0.000641822814941406","louvain","edit-xhwikibooks.graphml"
"0.02","0.63","0.35","0.462962354516113","1,1,1,2,3,2,3,2,2,2,3,3,2,2,2,2,2,3,4,3,5,1,2,2,2,2,2,2,1,2,3,4,3,3,4,4,2,2,5,5,5,5,1,1,1,1,5,1,1,1,5,5,5,5,5,1,1,1,1,5,6,5,5,2,2,5,5,5,5,5,1,5,2,2,5,5,5,5,5,5,5,2,2,2,2,7,5,5,5,5,8,9,10,5,5,5,2,5,5,5,5,5,5,5,5,5,5,3,3,5,5,5,5,4,4,4,4,4,4,4,4,2,2,2,2,2,2,2,2","0.00068211555480957","louvain","edit-xhwikibooks.graphml"
"0.01","0.64","0.35","0.46309377903565","1,1,1,2,3,2,3,2,2,2,3,3,2,2,2,4,2,3,5,3,6,1,2,2,2,2,2,4,1,2,3,5,3,3,5,5,2,2,6,6,6,6,1,1,1,1,6,1,1,1,6,6,6,6,6,1,1,1,1,6,7,6,6,2,2,6,6,6,6,6,1,6,2,2,6,6,6,6,6,6,6,2,4,4,4,8,6,6,6,6,9,10,11,6,6,6,4,6,6,6,6,6,6,6,6,6,6,3,3,6,6,6,6,5,5,5,5,5,5,5,5,2,2,2,2,2,2,2,2","0.00067901611328125","louvain","edit-xhwikibooks.graphml"
"0","0.65","0.35","0.465510992356289","1,1,1,2,1,2,3,4,4,2,3,3,4,4,4,2,2,3,5,3,6,1,4,4,4,4,4,2,1,2,3,5,3,3,5,5,4,4,6,6,6,6,1,1,1,1,6,1,1,1,6,6,6,6,6,1,1,1,1,6,7,6,6,4,4,6,6,6,6,6,1,6,4,4,6,6,6,6,6,6,6,4,2,2,2,8,6,6,6,6,9,10,11,6,6,6,2,6,6,6,6,6,6,6,6,6,6,3,3,6,6,6,6,5,5,5,5,5,5,5,5,4,4,4,4,4,4,4,4","0.0343930721282959","louvain","edit-xhwikibooks.graphml"
"0.64","0","0.36","0.424291343194742","1,1,2,2,2,3,2,3,3,3,4,2,3,3,3,3,3,4,4,2,5,1,3,3,3,3,3,3,1,3,4,4,2,2,4,4,3,3,5,5,5,5,1,1,1,1,5,1,1,1,5,5,5,5,5,1,1,1,1,5,3,5,5,3,3,5,5,5,5,5,1,5,3,3,5,5,5,5,5,5,5,3,3,3,3,1,5,5,5,5,3,4,4,5,5,5,3,5,5,5,5,5,5,5,5,5,5,2,2,5,5,5,5,4,4,4,4,4,4,4,4,3,3,3,3,3,3,3,3","0.000963926315307617","louvain","edit-xhwikibooks.graphml"
"0.63","0.01","0.36","0.424291343194742","1,1,2,2,2,3,2,3,3,3,4,2,3,3,3,3,3,4,4,2,5,1,3,3,3,3,3,3,1,3,4,4,2,2,4,4,3,3,5,5,5,5,1,1,1,1,5,1,1,1,5,5,5,5,5,1,1,1,1,5,3,5,5,3,3,5,5,5,5,5,1,5,3,3,5,5,5,5,5,5,5,3,3,3,3,1,5,5,5,5,3,4,4,5,5,5,3,5,5,5,5,5,5,5,5,5,5,2,2,5,5,5,5,4,4,4,4,4,4,4,4,3,3,3,3,3,3,3,3","0.000841856002807617","louvain","edit-xhwikibooks.graphml"
"0.62","0.02","0.36","0.424960977571206","1,1,2,2,2,3,2,3,3,3,2,2,3,3,3,3,3,2,4,2,5,1,3,3,3,3,3,3,1,3,2,4,2,2,4,4,3,3,5,5,5,5,1,1,1,1,5,1,1,1,5,5,5,5,5,1,1,1,1,5,3,5,5,3,3,5,5,5,5,5,1,5,3,3,5,5,5,5,5,5,5,3,3,3,3,1,5,5,5,5,3,2,4,5,5,5,3,5,5,5,5,5,5,5,5,5,5,2,2,5,5,5,5,4,4,4,4,4,4,4,4,3,3,3,3,3,3,3,3","0.000689029693603516","louvain","edit-xhwikibooks.graphml"
"0.61","0.03","0.36","0.424004345679012","1,1,2,2,2,3,2,3,3,3,4,2,3,3,3,3,3,4,4,2,5,1,3,3,3,3,3,3,1,3,4,4,2,2,4,4,3,3,5,5,5,5,1,1,1,1,5,1,1,1,5,5,5,5,5,1,1,1,1,5,3,5,5,3,3,5,5,5,5,5,1,5,3,3,5,5,5,5,5,5,5,3,3,3,3,1,5,5,5,5,3,4,4,5,5,5,3,5,5,5,5,5,5,5,5,5,5,2,2,5,5,5,5,4,4,4,4,4,4,4,4,3,3,3,3,3,3,3,3","0.000700950622558594","louvain","edit-xhwikibooks.graphml"
"0.6","0.04","0.36","0.418667454981263","1,1,2,2,2,3,2,3,3,3,2,2,3,3,3,3,3,2,4,2,5,1,3,3,3,3,3,3,1,3,2,4,2,2,4,4,3,3,5,5,5,5,1,1,1,1,5,1,1,1,5,5,5,5,5,1,1,1,1,5,3,5,5,3,3,5,5,5,5,5,1,5,3,3,5,5,5,5,5,5,5,3,3,3,3,1,5,5,5,5,3,2,4,5,5,5,3,5,5,5,5,5,5,5,5,5,5,2,2,5,5,5,5,4,4,4,4,4,4,4,4,3,3,3,3,3,3,3,3","0.000710964202880859","louvain","edit-xhwikibooks.graphml"
"0.59","0.05","0.36","0.41776217275574","1,1,2,2,2,3,2,3,3,3,4,2,3,3,3,3,3,4,4,2,5,1,3,3,3,3,3,3,1,3,4,4,2,2,4,4,3,3,5,5,5,5,1,1,1,1,5,1,1,1,5,5,5,5,5,1,1,1,1,5,3,5,5,3,3,5,5,5,5,5,1,5,3,3,5,5,5,5,5,5,5,3,3,3,3,1,5,5,5,5,3,4,4,5,5,5,3,5,5,5,5,5,5,5,5,5,5,2,2,5,5,5,5,4,4,4,4,4,4,4,4,3,3,3,3,3,3,3,3","0.000674962997436523","louvain","edit-xhwikibooks.graphml"
"0.58","0.06","0.36","0.41838030413022","1,1,2,2,2,3,2,3,3,3,2,2,3,3,3,3,3,2,4,2,5,1,3,3,3,3,3,3,1,3,2,4,2,2,4,4,3,3,5,5,5,5,1,1,1,1,5,1,1,1,5,5,5,5,5,1,1,1,1,5,3,5,5,3,3,5,5,5,5,5,1,5,3,3,5,5,5,5,5,5,5,3,3,3,3,1,5,5,5,5,3,2,4,5,5,5,3,5,5,5,5,5,5,5,5,5,5,2,2,5,5,5,5,4,4,4,4,4,4,4,4,3,3,3,3,3,3,3,3","0.000641107559204102","louvain","edit-xhwikibooks.graphml"
"0.57","0.07","0.36","0.418093510841837","1,1,2,2,2,3,2,3,3,3,2,2,3,3,3,3,3,2,4,2,5,1,3,3,3,3,3,3,1,3,2,4,2,2,4,4,3,3,5,5,5,5,1,1,1,1,5,1,1,1,5,5,5,5,5,1,1,1,1,5,3,5,5,3,3,5,5,5,5,5,1,5,3,3,5,5,5,5,5,5,5,3,3,3,3,1,5,5,5,5,3,2,4,5,5,5,3,5,5,5,5,5,5,5,5,5,5,2,2,5,5,5,5,4,4,4,4,4,4,4,4,3,3,3,3,3,3,3,3","0.000647068023681641","louvain","edit-xhwikibooks.graphml"
"0.56","0.08","0.36","0.418964127384034","1,1,2,2,2,3,2,3,3,3,2,2,3,3,3,3,3,2,4,2,5,1,3,3,3,3,3,3,1,3,2,4,2,2,4,4,3,3,5,5,5,5,1,1,1,1,5,1,1,1,5,5,5,5,5,1,1,1,1,5,3,5,5,3,3,5,5,5,5,5,1,5,3,3,5,5,5,5,5,5,5,3,3,3,3,1,5,5,5,5,3,2,4,5,5,5,3,5,5,5,5,5,5,5,5,5,5,2,2,5,5,5,5,4,4,4,4,4,4,4,4,3,3,3,3,3,3,3,3","0.000706195831298828","louvain","edit-xhwikibooks.graphml"
"0.55","0.09","0.36","0.407117908483103","1,1,1,2,3,2,3,2,2,2,3,3,2,2,2,2,2,3,4,3,5,1,2,2,2,2,2,2,1,2,3,4,3,3,4,4,2,2,5,5,5,5,1,1,1,1,5,1,1,1,5,5,5,5,5,1,1,1,1,5,2,5,5,2,2,5,5,5,5,5,1,5,2,2,5,5,5,5,5,5,5,2,2,2,2,1,5,5,5,5,2,3,4,5,5,5,2,5,5,5,5,5,5,5,5,5,5,3,3,5,5,5,5,4,4,4,4,4,4,4,4,2,2,2,2,2,2,2,2","0.000662803649902344","louvain","edit-xhwikibooks.graphml"
"0.54","0.1","0.36","0.407117908483103","1,1,1,2,3,2,3,2,2,2,3,3,2,2,2,2,2,3,4,3,5,1,2,2,2,2,2,2,1,2,3,4,3,3,4,4,2,2,5,5,5,5,1,1,1,1,5,1,1,1,5,5,5,5,5,1,1,1,1,5,2,5,5,2,2,5,5,5,5,5,1,5,2,2,5,5,5,5,5,5,5,2,2,2,2,1,5,5,5,5,2,3,4,5,5,5,2,5,5,5,5,5,5,5,5,5,5,3,3,5,5,5,5,4,4,4,4,4,4,4,4,2,2,2,2,2,2,2,2","0.000768899917602539","louvain","edit-xhwikibooks.graphml"
"0.53","0.11","0.36","0.401351838104662","1,1,1,2,3,2,3,2,2,2,3,3,2,2,2,2,2,3,2,3,4,1,2,2,2,2,2,2,1,2,3,2,3,3,2,2,5,2,4,4,4,4,1,1,1,1,4,1,1,1,4,4,4,4,4,1,1,1,1,4,2,4,4,2,2,4,4,4,4,4,1,4,2,2,4,4,4,4,4,4,4,2,2,2,2,1,4,4,4,4,2,3,2,4,4,4,2,4,4,4,4,4,4,4,4,4,4,3,3,4,4,4,4,2,2,2,2,2,2,2,2,5,5,5,5,5,5,5,5","0.000631093978881836","louvain","edit-xhwikibooks.graphml"
"0.52","0.12","0.36","0.408363788674097","1,1,1,2,3,2,3,2,2,2,3,3,2,2,2,2,2,3,3,4,5,1,2,2,2,2,2,2,1,2,3,3,4,4,3,3,2,2,5,5,5,5,1,1,1,1,5,1,1,1,5,5,5,5,5,1,1,1,1,5,2,5,5,2,2,5,5,5,5,5,1,5,2,2,5,5,5,5,5,5,5,2,2,2,2,1,5,5,5,5,2,3,3,5,5,5,2,5,5,5,5,5,5,5,5,5,5,4,4,5,5,5,5,3,3,3,3,3,3,3,3,2,2,2,2,2,2,2,2","0.000613927841186523","louvain","edit-xhwikibooks.graphml"
"0.51","0.13","0.36","0.408972132818952","1,1,1,2,3,2,3,2,2,2,3,3,2,2,2,2,2,3,3,4,5,1,2,2,2,2,2,2,1,2,3,3,4,4,3,3,2,2,5,5,5,5,1,1,1,1,5,1,1,1,5,5,5,5,5,1,1,1,1,5,2,5,5,2,2,5,5,5,5,5,1,5,2,2,5,5,5,5,5,5,5,2,2,2,2,1,5,5,5,5,2,3,3,5,5,5,2,5,5,5,5,5,5,5,5,5,5,4,4,5,5,5,5,3,3,3,3,3,3,3,3,2,2,2,2,2,2,2,2","0.000607967376708984","louvain","edit-xhwikibooks.graphml"
"0.5","0.14","0.36","0.409207043443935","1,1,1,2,3,2,3,2,2,2,3,3,2,2,2,2,2,3,4,3,5,1,2,2,2,2,2,2,1,2,3,4,3,3,4,4,2,2,5,5,5,5,1,1,1,1,5,1,1,1,5,5,5,5,5,1,1,1,1,5,2,5,5,2,2,5,5,5,5,5,1,5,2,2,5,5,5,5,5,5,5,2,2,2,2,1,5,5,5,5,2,3,4,5,5,5,2,5,5,5,5,5,5,5,5,5,5,3,3,5,5,5,5,4,4,4,4,4,4,4,4,2,2,2,2,2,2,2,2","0.000674009323120117","louvain","edit-xhwikibooks.graphml"
"0.49","0.15","0.36","0.410673680965044","1,1,1,2,3,2,3,2,2,2,3,3,2,2,2,2,2,3,4,3,5,1,2,2,2,2,2,2,1,2,3,4,3,3,4,4,2,2,5,5,5,5,1,1,1,1,5,1,1,1,5,5,5,5,5,1,1,1,1,5,2,5,5,2,2,5,5,5,5,5,1,5,2,2,5,5,5,5,5,5,5,2,2,2,2,1,5,5,5,5,2,3,4,5,5,5,2,5,5,5,5,5,5,5,5,5,5,3,3,5,5,5,5,4,4,4,4,4,4,4,4,2,2,2,2,2,2,2,2","0.000844001770019531","louvain","edit-xhwikibooks.graphml"
"0.48","0.16","0.36","0.411555283407965","1,1,1,2,3,2,3,2,2,2,3,3,2,2,2,2,2,3,4,3,5,1,2,2,2,2,2,2,1,2,3,4,3,3,4,4,2,2,5,5,5,5,1,1,1,1,5,1,1,1,5,5,5,5,5,1,1,1,1,5,2,5,5,2,2,5,5,5,5,5,1,5,2,2,5,5,5,5,5,5,5,2,2,2,2,1,5,5,5,5,2,3,4,5,5,5,2,5,5,5,5,5,5,5,5,5,5,3,3,5,5,5,5,4,4,4,4,4,4,4,4,2,2,2,2,2,2,2,2","0.000608205795288086","louvain","edit-xhwikibooks.graphml"
"0.47","0.17","0.36","0.409336018293701","1,1,1,2,3,2,3,2,2,2,3,3,2,2,2,2,2,3,3,4,5,1,2,2,2,2,2,2,1,2,3,3,4,4,3,3,2,2,5,5,5,5,1,1,1,1,5,1,1,1,5,5,5,5,5,1,1,1,1,5,2,5,5,2,2,5,5,5,5,5,1,5,2,2,5,5,5,5,5,5,5,2,2,2,2,1,5,5,5,5,2,3,3,5,5,5,2,5,5,5,5,5,5,5,5,5,5,4,4,5,5,5,5,3,3,3,3,3,3,3,3,2,2,2,2,2,2,2,2","0.000589132308959961","louvain","edit-xhwikibooks.graphml"
"0.46","0.18","0.36","0.409596163975283","1,1,1,2,3,2,3,2,2,2,3,3,2,2,2,2,2,3,4,3,5,1,2,2,2,2,2,2,1,2,3,4,3,3,4,4,2,2,5,5,5,5,1,1,1,1,5,1,1,1,5,5,5,5,5,1,1,1,1,5,2,5,5,2,2,5,5,5,5,5,1,5,2,2,5,5,5,5,5,5,5,2,2,2,2,1,5,5,5,5,2,3,4,5,5,5,2,5,5,5,5,5,5,5,5,5,5,3,3,5,5,5,5,4,4,4,4,4,4,4,4,2,2,2,2,2,2,2,2","0.00059819221496582","louvain","edit-xhwikibooks.graphml"
"0.45","0.19","0.36","0.409035424693173","1,1,1,2,3,2,3,2,2,2,3,3,2,2,2,2,2,3,3,3,4,1,2,2,2,2,2,2,1,2,3,3,3,3,3,3,2,2,4,4,4,4,1,1,1,1,4,1,1,1,4,4,4,4,4,1,1,1,1,4,2,4,4,2,2,4,4,4,4,4,1,4,2,2,4,4,4,4,4,4,4,2,2,2,2,1,4,4,4,4,2,3,3,4,4,4,2,4,4,4,4,4,4,4,4,4,4,3,3,4,4,4,4,3,3,3,3,3,3,3,3,2,2,2,2,2,2,2,2","0.000597953796386719","louvain","edit-xhwikibooks.graphml"
"0.44","0.2","0.36","0.410751492819214","1,1,1,2,3,2,3,2,2,2,3,3,2,2,2,2,2,3,3,3,4,1,2,2,2,2,2,2,1,2,3,3,3,3,3,3,2,2,4,4,4,4,1,1,1,1,4,1,1,1,4,4,4,4,4,1,1,1,1,4,2,4,4,2,2,4,4,4,4,4,1,4,2,2,4,4,4,4,4,4,4,2,2,2,2,1,4,4,4,4,2,3,3,4,4,4,2,4,4,4,4,4,4,4,4,4,4,3,3,4,4,4,4,3,3,3,3,3,3,3,3,2,2,2,2,2,2,2,2","0.000588893890380859","louvain","edit-xhwikibooks.graphml"
"0.43","0.21","0.36","0.410741390306122","1,1,1,2,3,2,3,2,2,2,3,3,2,2,2,2,2,3,4,3,5,1,2,2,2,2,2,2,1,2,3,4,3,3,4,4,2,2,5,5,5,5,1,1,1,1,5,1,1,1,5,5,5,5,5,1,1,1,1,5,2,5,5,2,2,5,5,5,5,5,1,5,2,2,5,5,5,5,5,5,5,2,2,2,2,1,5,5,5,5,2,3,4,5,5,5,2,5,5,5,5,5,5,5,5,5,5,3,3,5,5,5,5,4,4,4,4,4,4,4,4,2,2,2,2,2,2,2,2","0.000585079193115234","louvain","edit-xhwikibooks.graphml"
"0.42","0.22","0.36","0.411618751894933","1,1,1,2,3,2,3,2,2,2,3,3,2,2,2,2,2,3,4,3,5,1,2,2,2,2,2,2,1,2,3,4,3,3,4,4,2,2,5,5,5,5,1,1,1,1,5,1,1,1,5,5,5,5,5,1,1,1,1,5,2,5,5,2,2,5,5,5,5,5,1,5,2,2,5,5,5,5,5,5,5,2,2,2,2,1,5,5,5,5,2,3,4,5,5,5,2,5,5,5,5,5,5,5,5,5,5,3,3,5,5,5,5,4,4,4,4,4,4,4,4,2,2,2,2,2,2,2,2","0.000640869140625","louvain","edit-xhwikibooks.graphml"
"0.41","0.23","0.36","0.412800306480414","1,1,1,2,3,2,3,2,2,2,3,3,2,2,2,2,2,3,3,4,5,1,2,2,2,2,2,2,1,2,3,3,4,4,3,3,2,2,5,5,5,5,1,1,1,1,5,1,1,1,5,5,5,5,5,1,1,1,1,5,2,5,5,2,2,5,5,5,5,5,1,5,2,2,5,5,5,5,5,5,5,2,2,2,2,1,5,5,5,5,2,3,3,5,5,5,2,5,5,5,5,5,5,5,5,5,5,4,4,5,5,5,5,3,3,3,3,3,3,3,3,2,2,2,2,2,2,2,2","0.000647783279418945","louvain","edit-xhwikibooks.graphml"
"0.4","0.24","0.36","0.412803472600398","1,1,1,2,3,2,3,2,2,2,3,3,2,2,2,2,2,3,3,3,4,1,2,2,2,2,2,2,1,2,3,3,3,3,3,3,2,2,4,4,4,4,1,1,1,1,4,1,1,1,4,4,4,4,4,1,1,1,1,4,2,4,4,2,2,4,4,4,4,4,1,4,2,2,4,4,4,4,4,4,4,2,2,2,2,1,4,4,4,4,2,3,3,4,4,4,2,4,4,4,4,4,4,4,4,4,4,3,3,4,4,4,4,3,3,3,3,3,3,3,3,2,2,2,2,2,2,2,2","0.000602006912231445","louvain","edit-xhwikibooks.graphml"
"0.39","0.25","0.36","0.415068092651275","1,1,1,2,3,2,3,2,2,2,3,3,2,2,2,2,2,3,3,4,5,1,2,2,2,2,2,2,1,2,3,3,4,4,3,3,2,2,5,5,5,5,1,1,1,1,5,1,1,1,5,5,5,5,5,1,1,1,1,5,2,5,5,2,2,5,5,5,5,5,1,5,2,2,5,5,5,5,5,5,5,2,2,2,2,1,5,5,5,5,2,3,3,5,5,5,2,5,5,5,5,5,5,5,5,5,5,4,4,5,5,5,5,3,3,3,3,3,3,3,3,2,2,2,2,2,2,2,2","0.000587940216064453","louvain","edit-xhwikibooks.graphml"
"0.38","0.26","0.36","0.415049230421005","1,1,1,2,3,2,3,2,2,2,3,3,2,2,2,2,2,3,3,3,4,1,2,2,2,2,2,2,1,2,3,3,3,3,3,3,2,2,4,4,4,4,1,1,1,1,4,1,1,1,4,4,4,4,4,1,1,1,1,4,2,4,4,2,2,4,4,4,4,4,1,4,2,2,4,4,4,4,4,4,4,2,2,2,2,1,4,4,4,4,2,3,3,4,4,4,2,4,4,4,4,4,4,4,4,4,4,3,3,4,4,4,4,3,3,3,3,3,3,3,3,2,2,2,2,2,2,2,2","0.000667095184326172","louvain","edit-xhwikibooks.graphml"
"0.37","0.27","0.36","0.415327448317489","1,1,1,2,3,2,3,2,2,2,3,3,2,2,2,2,2,3,4,3,5,1,2,2,2,2,2,2,1,2,3,4,3,3,4,4,2,2,5,5,5,5,1,1,1,1,5,1,1,1,5,5,5,5,5,1,1,1,1,5,2,5,5,2,2,5,5,5,5,5,1,5,2,2,5,5,5,5,5,5,5,2,2,2,2,1,5,5,5,5,2,3,4,5,5,5,2,5,5,5,5,5,5,5,5,5,5,3,3,5,5,5,5,4,4,4,4,4,4,4,4,2,2,2,2,2,2,2,2","0.000586986541748047","louvain","edit-xhwikibooks.graphml"
"0.36","0.28","0.36","0.415648837027175","1,1,1,2,3,2,3,2,2,2,3,3,2,2,2,2,2,3,3,4,5,1,2,2,2,2,2,2,1,2,3,3,4,4,3,3,2,2,5,5,5,5,1,1,1,1,5,1,1,1,5,5,5,5,5,1,1,1,1,5,2,5,5,2,2,5,5,5,5,5,1,5,2,2,5,5,5,5,5,5,5,2,2,2,2,1,5,5,5,5,2,3,3,5,5,5,2,5,5,5,5,5,5,5,5,5,5,4,4,5,5,5,5,3,3,3,3,3,3,3,3,2,2,2,2,2,2,2,2","0.000686883926391602","louvain","edit-xhwikibooks.graphml"
"0.35","0.29","0.36","0.417885629721356","1,1,1,2,3,2,3,2,2,2,3,3,2,2,2,2,2,3,4,3,5,1,2,2,2,2,2,2,1,2,3,4,3,3,4,4,2,2,5,5,5,5,1,1,1,1,5,1,1,1,5,5,5,5,5,1,1,1,1,5,2,5,5,2,2,5,5,5,5,5,1,5,2,2,5,5,5,5,5,5,5,2,2,2,2,1,5,5,5,5,2,3,4,5,5,5,2,5,5,5,5,5,5,5,5,5,5,3,3,5,5,5,5,4,4,4,4,4,4,4,4,2,2,2,2,2,2,2,2","0.000644922256469727","louvain","edit-xhwikibooks.graphml"
"0.34","0.3","0.36","0.41760260460238","1,1,1,2,3,2,3,2,2,2,3,3,2,2,2,2,2,3,4,3,5,1,2,2,2,2,2,2,1,2,3,4,3,3,4,4,2,2,5,5,5,5,1,1,1,1,5,1,1,1,5,5,5,5,5,1,1,1,1,5,2,5,5,2,2,5,5,5,5,5,1,5,2,2,5,5,5,5,5,5,5,2,2,2,2,1,5,5,5,5,2,3,4,5,5,5,2,5,5,5,5,5,5,5,5,5,5,3,3,5,5,5,5,4,4,4,4,4,4,4,4,2,2,2,2,2,2,2,2","0.000637054443359375","louvain","edit-xhwikibooks.graphml"
"0.33","0.31","0.36","0.418164368472426","1,1,1,2,3,2,3,2,2,2,3,3,2,2,2,2,2,3,3,3,4,1,2,2,2,2,2,2,1,2,3,3,3,3,3,3,2,2,4,4,4,4,1,1,1,1,4,1,1,1,4,4,4,4,4,1,1,1,1,4,2,4,4,2,2,4,4,4,4,4,1,4,2,2,4,4,4,4,4,4,4,2,2,2,2,1,4,4,4,4,2,3,3,4,4,4,2,4,4,4,4,4,4,4,4,4,4,3,3,4,4,4,4,3,3,3,3,3,3,3,3,2,2,2,2,2,2,2,2","0.000587940216064453","louvain","edit-xhwikibooks.graphml"
"0.32","0.32","0.36","0.417883660094125","1,1,1,2,3,2,3,2,2,2,3,3,2,2,2,2,2,3,3,3,4,1,2,2,2,2,2,2,1,2,3,3,3,3,3,3,2,2,4,4,4,4,1,1,1,1,4,1,1,1,4,4,4,4,4,1,1,1,1,4,2,4,4,2,2,4,4,4,4,4,1,4,2,2,4,4,4,4,4,4,4,2,2,2,2,1,4,4,4,4,2,3,3,4,4,4,2,4,4,4,4,4,4,4,4,4,4,3,3,4,4,4,4,3,3,3,3,3,3,3,3,2,2,2,2,2,2,2,2","0.00059199333190918","louvain","edit-xhwikibooks.graphml"
"0.31","0.33","0.36","0.403039127837515","1,1,1,2,3,2,3,2,2,2,3,3,2,2,2,2,2,3,3,3,4,1,2,2,2,2,2,2,1,2,3,3,3,3,3,3,2,2,4,4,4,4,1,1,1,1,4,1,1,1,4,4,4,4,4,1,1,1,1,4,2,4,4,2,2,4,4,4,4,4,1,4,2,2,4,4,4,4,4,4,4,2,2,2,2,1,4,4,4,4,2,3,3,4,4,4,2,4,4,4,4,4,4,4,4,4,4,3,3,4,4,4,4,3,3,3,3,3,3,3,3,2,2,2,2,2,2,2,2","0.000600099563598633","louvain","edit-xhwikibooks.graphml"
"0.3","0.34","0.36","0.415493045832385","1,1,1,2,3,2,3,2,2,2,3,3,2,2,2,2,2,3,4,3,5,1,2,2,2,2,2,2,1,2,3,4,3,3,4,4,2,2,5,5,5,5,1,1,1,1,5,1,1,1,5,5,5,5,5,1,1,1,1,5,2,5,5,2,2,5,5,5,5,5,1,5,2,2,5,5,5,5,5,5,5,2,2,2,2,1,5,5,5,5,2,3,4,5,5,5,2,5,5,5,5,5,5,5,5,5,5,3,3,5,5,5,5,4,4,4,4,4,4,4,4,2,2,2,2,2,2,2,2","0.000569820404052734","louvain","edit-xhwikibooks.graphml"
"0.29","0.35","0.36","0.415493045832385","1,1,1,2,3,2,3,2,2,2,3,3,2,2,2,2,2,3,4,3,5,1,2,2,2,2,2,2,1,2,3,4,3,3,4,4,2,2,5,5,5,5,1,1,1,1,5,1,1,1,5,5,5,5,5,1,1,1,1,5,2,5,5,2,2,5,5,5,5,5,1,5,2,2,5,5,5,5,5,5,5,2,2,2,2,1,5,5,5,5,2,3,4,5,5,5,2,5,5,5,5,5,5,5,5,5,5,3,3,5,5,5,5,4,4,4,4,4,4,4,4,2,2,2,2,2,2,2,2","0.000607967376708984","louvain","edit-xhwikibooks.graphml"
"0.28","0.36","0.36","0.41521034411717","1,1,1,2,3,2,3,2,2,2,3,3,2,2,2,2,2,3,4,3,5,1,2,2,2,2,2,2,1,2,3,4,3,3,4,4,2,2,5,5,5,5,1,1,1,1,5,1,1,1,5,5,5,5,5,1,1,1,1,5,2,5,5,2,2,5,5,5,5,5,1,5,2,2,5,5,5,5,5,5,5,2,2,2,2,1,5,5,5,5,2,3,4,5,5,5,2,5,5,5,5,5,5,5,5,5,5,3,3,5,5,5,5,4,4,4,4,4,4,4,4,2,2,2,2,2,2,2,2","0.0006561279296875","louvain","edit-xhwikibooks.graphml"
"0.27","0.37","0.36","0.411391177055169","1,1,1,2,3,2,3,2,2,2,3,3,2,2,2,2,2,3,4,3,5,1,2,2,2,2,2,2,1,2,3,4,3,3,4,4,2,2,5,5,5,5,1,1,1,1,5,1,1,1,5,5,5,5,5,1,1,1,1,5,6,5,5,2,2,5,5,5,5,5,1,5,2,2,5,5,5,5,5,5,5,2,2,2,2,7,5,5,5,5,8,9,10,5,5,5,2,5,5,5,5,5,5,5,5,5,5,3,3,5,5,5,5,4,4,4,4,4,4,4,4,2,2,2,2,2,2,2,2","0.000601053237915039","louvain","edit-xhwikibooks.graphml"
"0.26","0.38","0.36","0.410807091248212","1,1,1,2,3,2,3,2,2,2,3,3,2,2,2,2,2,3,3,4,5,1,2,2,2,2,2,2,1,2,3,3,4,4,3,3,2,2,5,5,5,5,1,1,1,1,5,1,1,1,5,5,5,5,5,1,1,1,1,5,6,5,5,2,2,5,5,5,5,5,1,5,2,2,5,5,5,5,5,5,5,2,2,2,2,7,5,5,5,5,8,9,10,5,5,5,2,5,5,5,5,5,5,5,5,5,5,4,4,5,5,5,5,3,3,3,3,3,3,3,3,2,2,2,2,2,2,2,2","0.000595808029174805","louvain","edit-xhwikibooks.graphml"
"0.25","0.39","0.36","0.411828504602384","1,1,1,2,3,2,3,2,2,2,3,4,2,2,2,2,2,3,3,4,5,1,2,2,2,2,2,2,1,2,3,3,4,4,3,3,2,2,5,5,5,5,1,1,1,1,5,1,1,1,5,5,5,5,5,1,1,1,1,5,6,5,5,2,2,5,5,5,5,5,1,5,2,2,5,5,5,5,5,5,5,2,2,2,2,7,5,5,5,5,8,9,10,5,5,5,2,5,5,5,5,5,5,5,5,5,5,4,4,5,5,5,5,3,3,3,3,3,3,3,3,2,2,2,2,2,2,2,2","0.000606060028076172","louvain","edit-xhwikibooks.graphml"
"0.24","0.4","0.36","0.413077009070789","1,1,1,2,3,2,3,2,2,2,3,3,2,2,2,2,2,3,3,4,5,1,2,2,2,2,2,2,1,2,3,3,4,4,3,3,2,2,5,5,5,5,1,1,1,1,5,1,1,1,5,5,5,5,5,1,1,1,1,5,6,5,5,2,2,5,5,5,5,5,1,5,2,2,5,5,5,5,5,5,5,2,2,2,2,7,5,5,5,5,8,9,10,5,5,5,2,5,5,5,5,5,5,5,5,5,5,4,4,5,5,5,5,3,3,3,3,3,3,3,3,2,2,2,2,2,2,2,2","0.000562906265258789","louvain","edit-xhwikibooks.graphml"
"0.23","0.41","0.36","0.413373297028287","1,1,1,2,3,2,3,2,2,2,3,3,2,2,2,2,2,3,4,3,5,1,2,2,2,2,2,2,1,2,3,4,3,3,4,4,2,2,5,5,5,5,1,1,1,1,5,1,1,1,5,5,5,5,5,1,1,1,1,5,6,5,5,2,2,5,5,5,5,5,1,5,2,2,5,5,5,5,5,5,5,2,2,2,2,7,5,5,5,5,8,9,10,5,5,5,2,5,5,5,5,5,5,5,5,5,5,3,3,5,5,5,5,4,4,4,4,4,4,4,4,2,2,2,2,2,2,2,2","0.000607967376708984","louvain","edit-xhwikibooks.graphml"
"0.22","0.42","0.36","0.413091217270786","1,1,1,2,3,2,3,2,2,2,3,3,2,2,2,2,2,3,4,3,5,1,2,2,2,2,2,2,1,2,3,4,3,3,4,4,2,2,5,5,5,5,1,1,1,1,5,1,1,1,5,5,5,5,5,1,1,1,1,5,6,5,5,2,2,5,5,5,5,5,1,5,2,2,5,5,5,5,5,5,5,2,2,2,2,7,5,5,5,5,8,9,10,5,5,5,2,5,5,5,5,5,5,5,5,5,5,3,3,5,5,5,5,4,4,4,4,4,4,4,4,2,2,2,2,2,2,2,2","0.000687837600708008","louvain","edit-xhwikibooks.graphml"
"0.21","0.43","0.36","0.41479257455154","1,1,1,2,3,2,3,2,2,2,3,3,2,2,2,2,2,3,4,3,5,1,2,2,2,2,2,2,1,2,3,4,3,3,4,4,2,2,5,5,5,5,1,1,1,1,5,1,1,1,5,5,5,5,5,1,1,1,1,5,6,5,5,2,2,5,5,5,5,5,1,5,2,2,5,5,5,5,5,5,5,2,2,2,2,7,5,5,5,5,8,9,10,5,5,5,2,5,5,5,5,5,5,5,5,5,5,3,3,5,5,5,5,4,4,4,4,4,4,4,4,2,2,2,2,2,2,2,2","0.000649929046630859","louvain","edit-xhwikibooks.graphml"
"0.2","0.44","0.36","0.412495005556319","1,1,1,2,3,2,3,2,2,2,3,3,2,2,2,2,2,3,4,3,5,1,2,2,2,2,2,2,1,2,3,4,3,3,4,4,2,2,5,5,5,5,1,1,1,1,5,1,1,1,5,5,5,5,5,1,1,1,1,5,6,5,5,2,2,5,5,5,5,5,1,5,2,2,5,5,5,5,5,5,5,2,2,2,2,7,5,5,5,5,8,9,10,5,5,5,2,5,5,5,5,5,5,5,5,5,5,3,3,5,5,5,5,4,4,4,4,4,4,4,4,2,2,2,2,2,2,2,2","0.000639915466308594","louvain","edit-xhwikibooks.graphml"
"0.19","0.45","0.36","0.414197686390514","1,1,1,2,3,2,3,2,2,2,3,3,2,2,2,2,2,3,4,3,5,1,2,2,2,2,2,2,1,2,3,4,3,3,4,4,2,2,5,5,5,5,1,1,1,1,5,1,1,1,5,5,5,5,5,1,1,1,1,5,6,5,5,2,2,5,5,5,5,5,1,5,2,2,5,5,5,5,5,5,5,2,2,2,2,7,5,5,5,5,8,9,10,5,5,5,2,5,5,5,5,5,5,5,5,5,5,3,3,5,5,5,5,4,4,4,4,4,4,4,4,2,2,2,2,2,2,2,2","0.000604152679443359","louvain","edit-xhwikibooks.graphml"
"0.18","0.46","0.36","0.41391604727435","1,1,1,2,3,2,3,2,2,2,3,3,2,2,2,2,2,3,4,3,5,1,2,2,2,2,2,2,1,2,3,4,3,3,4,4,2,2,5,5,5,5,1,1,1,1,5,1,1,1,5,5,5,5,5,1,1,1,1,5,6,5,5,2,2,5,5,5,5,5,1,5,2,2,5,5,5,5,5,5,5,2,2,2,2,7,5,5,5,5,8,9,10,5,5,5,2,5,5,5,5,5,5,5,5,5,5,3,3,5,5,5,5,4,4,4,4,4,4,4,4,2,2,2,2,2,2,2,2","0.000612974166870117","louvain","edit-xhwikibooks.graphml"
"0.17","0.47","0.36","0.414792451894465","1,1,1,2,3,2,3,2,2,2,3,3,2,2,2,2,2,3,4,3,5,1,2,2,2,2,2,2,1,2,3,4,3,3,4,4,2,2,5,5,5,5,1,1,1,1,5,1,1,1,5,5,5,5,5,1,1,1,1,5,6,5,5,2,2,5,5,5,5,5,1,5,2,2,5,5,5,5,5,5,5,2,2,2,2,7,5,5,5,5,8,9,10,5,5,5,2,5,5,5,5,5,5,5,5,5,5,3,3,5,5,5,5,4,4,4,4,4,4,4,4,2,2,2,2,2,2,2,2","0.000715017318725586","louvain","edit-xhwikibooks.graphml"
"0.16","0.48","0.36","0.414511022464183","1,1,1,2,3,2,3,2,2,2,3,3,2,2,2,2,2,3,4,3,5,1,2,2,2,2,2,2,1,2,3,4,3,3,4,4,2,2,5,5,5,5,1,1,1,1,5,1,1,1,5,5,5,5,5,1,1,1,1,5,6,5,5,2,2,5,5,5,5,5,1,5,2,2,5,5,5,5,5,5,5,2,2,2,2,7,5,5,5,5,8,9,10,5,5,5,2,5,5,5,5,5,5,5,5,5,5,3,3,5,5,5,5,4,4,4,4,4,4,4,4,2,2,2,2,2,2,2,2","0.000663042068481445","louvain","edit-xhwikibooks.graphml"
"0.15","0.49","0.36","0.414511022464183","1,1,1,2,3,2,3,2,2,2,3,3,2,2,2,2,2,3,4,3,5,1,2,2,2,2,2,2,1,2,3,4,3,3,4,4,2,2,5,5,5,5,1,1,1,1,5,1,1,1,5,5,5,5,5,1,1,1,1,5,6,5,5,2,2,5,5,5,5,5,1,5,2,2,5,5,5,5,5,5,5,2,2,2,2,7,5,5,5,5,8,9,10,5,5,5,2,5,5,5,5,5,5,5,5,5,5,3,3,5,5,5,5,4,4,4,4,4,4,4,4,2,2,2,2,2,2,2,2","0.000541925430297852","louvain","edit-xhwikibooks.graphml"
"0.14","0.5","0.36","0.44893581385761","1,1,1,2,3,2,3,2,2,2,3,3,2,2,2,4,2,3,5,3,6,1,2,2,2,2,2,4,1,2,3,5,3,3,5,5,2,2,6,6,6,6,1,1,1,1,6,1,1,1,6,6,6,6,6,1,1,1,1,6,7,6,6,2,2,6,6,6,6,6,1,6,2,2,6,6,6,6,6,6,6,2,4,4,4,8,6,6,6,6,9,10,11,6,6,6,4,6,6,6,6,6,6,6,6,6,6,3,3,6,6,6,6,5,5,5,5,5,5,5,5,2,2,2,2,2,2,2,2","0.000597000122070312","louvain","edit-xhwikibooks.graphml"
"0.13","0.51","0.36","0.448845628591306","1,1,1,2,3,2,3,2,2,2,3,3,2,2,2,2,2,3,4,3,5,1,2,2,2,2,2,2,1,2,3,4,3,3,4,4,2,2,5,5,5,5,1,1,1,1,5,1,1,1,5,5,5,5,5,1,1,1,1,5,6,5,5,2,2,5,5,5,5,5,1,5,2,2,5,5,5,5,5,5,5,2,2,2,2,7,5,5,5,5,8,9,10,5,5,5,2,5,5,5,5,5,5,5,5,5,5,3,3,5,5,5,5,4,4,4,4,4,4,4,4,2,2,2,2,2,2,2,2","0.0005950927734375","louvain","edit-xhwikibooks.graphml"
"0.12","0.52","0.36","0.447549036449163","1,1,1,2,1,2,1,2,2,2,1,1,2,2,2,3,2,1,4,5,6,1,2,2,2,2,2,3,1,2,1,4,5,5,4,4,2,2,6,6,6,6,1,1,1,1,6,1,1,1,6,6,6,6,6,1,1,1,1,6,7,6,6,2,2,6,6,6,6,6,1,6,2,2,6,6,6,6,6,6,6,2,3,3,3,8,6,6,6,6,9,10,11,6,6,6,3,6,6,6,6,6,6,6,6,6,6,5,5,6,6,6,6,4,4,4,4,4,4,4,4,2,2,2,2,2,2,2,2","0.000573873519897461","louvain","edit-xhwikibooks.graphml"
"0.11","0.53","0.36","0.447277003734559","1,1,1,2,3,2,3,2,2,2,3,3,2,2,2,2,2,3,4,3,5,1,2,2,2,2,2,2,1,2,3,4,3,3,4,4,2,2,5,5,5,5,1,1,1,1,5,1,1,1,5,5,5,5,5,1,1,1,1,5,6,5,5,2,2,5,5,5,5,5,1,5,2,2,5,5,5,5,5,5,5,2,2,2,2,7,5,5,5,5,8,9,10,5,5,5,2,5,5,5,5,5,5,5,5,5,5,3,3,5,5,5,5,4,4,4,4,4,4,4,4,2,2,2,2,2,2,2,2","0.000637054443359375","louvain","edit-xhwikibooks.graphml"
"0.1","0.54","0.36","0.44810795541315","1,1,1,2,3,2,3,2,2,2,3,3,2,2,2,4,2,3,5,3,6,1,2,2,2,2,2,4,1,2,3,5,3,3,5,5,2,2,6,6,6,6,1,1,1,1,6,1,1,1,6,6,6,6,6,1,1,1,1,6,7,6,6,2,2,6,6,6,6,6,1,6,2,2,6,6,6,6,6,6,6,2,4,4,4,8,6,6,6,6,9,10,11,6,6,6,4,6,6,6,6,6,6,6,6,6,6,3,3,6,6,6,6,5,5,5,5,5,5,5,5,2,2,2,2,2,2,2,2","0.000699996948242188","louvain","edit-xhwikibooks.graphml"
"0.09","0.55","0.36","0.44860695582459","1,1,1,2,3,2,3,2,2,2,3,3,2,2,2,4,2,3,5,3,6,1,2,2,2,2,2,4,1,2,3,5,3,3,5,5,2,2,6,6,6,6,1,1,1,1,6,1,1,1,6,6,6,6,6,1,1,1,1,6,7,6,6,2,2,6,6,6,6,6,1,6,2,2,6,6,6,6,6,6,6,2,4,4,4,8,6,6,6,6,9,10,11,6,6,6,4,6,6,6,6,6,6,6,6,6,6,3,3,6,6,6,6,5,5,5,5,5,5,5,5,2,2,2,2,2,2,2,2","0.000639915466308594","louvain","edit-xhwikibooks.graphml"
"0.08","0.56","0.36","0.450042194092827","1,1,1,2,3,2,3,2,2,2,3,3,2,2,2,2,2,3,4,3,5,1,2,2,2,2,2,2,1,2,3,4,3,3,4,4,2,2,5,5,5,5,1,1,1,1,5,1,1,1,5,5,5,5,5,1,1,1,1,5,6,5,5,2,2,5,5,5,5,5,1,5,2,2,5,5,5,5,5,5,5,2,2,2,2,7,5,5,5,5,8,9,10,5,5,5,2,5,5,5,5,5,5,5,5,5,5,3,3,5,5,5,5,4,4,4,4,4,4,4,4,2,2,2,2,2,2,2,2","0.00071406364440918","louvain","edit-xhwikibooks.graphml"
"0.07","0.57","0.36","0.449806838637391","1,1,1,2,3,2,3,2,2,2,3,3,2,2,2,4,2,3,5,3,6,1,2,2,2,2,2,4,1,2,3,5,3,3,5,5,2,2,6,6,6,6,1,1,1,1,6,1,1,1,6,6,6,6,6,1,1,1,1,6,7,6,6,2,2,6,6,6,6,6,1,6,2,2,6,6,6,6,6,6,6,2,4,4,4,8,6,6,6,6,9,10,11,6,6,6,4,6,6,6,6,6,6,6,6,6,6,3,3,6,6,6,6,5,5,5,5,5,5,5,5,2,2,2,2,2,2,2,2","0.000586986541748047","louvain","edit-xhwikibooks.graphml"
"0.06","0.58","0.36","0.451222735208426","1,1,1,2,3,2,3,2,2,2,3,3,2,2,2,2,2,3,4,3,5,1,2,2,2,2,2,2,1,2,3,4,3,3,4,4,2,2,5,5,5,5,1,1,1,1,5,1,1,1,5,5,5,5,5,1,1,1,1,5,6,5,5,2,2,5,5,5,5,5,1,5,2,2,5,5,5,5,5,5,5,2,2,2,2,7,5,5,5,5,8,9,10,5,5,5,2,5,5,5,5,5,5,5,5,5,5,3,3,5,5,5,5,4,4,4,4,4,4,4,4,2,2,2,2,2,2,2,2","0.00061488151550293","louvain","edit-xhwikibooks.graphml"
"0.05","0.59","0.36","0.450038586114233","1,1,1,2,1,2,1,3,3,2,1,1,3,3,3,2,2,1,4,5,6,1,3,3,3,3,3,2,1,2,1,4,5,5,4,4,3,3,6,6,6,6,1,1,1,1,6,1,1,1,6,6,6,6,6,1,1,1,1,6,7,6,6,3,3,6,6,6,6,6,1,6,3,3,6,6,6,6,6,6,6,3,2,2,2,8,6,6,6,6,9,10,11,6,6,6,2,6,6,6,6,6,6,6,6,6,6,5,5,6,6,6,6,4,4,4,4,4,4,4,4,3,3,3,3,3,3,3,3","0.000830888748168945","louvain","edit-xhwikibooks.graphml"
"0.04","0.6","0.36","0.453055768811849","1,1,1,2,3,2,3,4,4,2,3,3,4,4,4,2,2,3,5,3,6,1,4,4,4,4,4,2,1,2,3,5,3,3,5,5,4,4,6,6,6,6,1,1,1,1,6,1,1,1,6,6,6,6,6,1,1,1,1,6,7,6,6,4,4,6,6,6,6,6,1,6,4,4,6,6,6,6,6,6,6,4,2,2,2,8,6,6,6,6,9,10,11,6,6,6,2,6,6,6,6,6,6,6,6,6,6,3,3,6,6,6,6,5,5,5,5,5,5,5,5,4,4,4,4,4,4,4,4","0.000666141510009766","louvain","edit-xhwikibooks.graphml"
"0.03","0.61","0.36","0.450537270083701","1,1,1,2,3,2,3,4,4,2,3,3,4,4,4,2,2,3,5,3,6,1,4,4,4,4,4,2,1,2,3,5,3,3,5,5,4,4,6,6,6,6,1,1,1,1,6,1,1,1,6,6,6,6,6,1,1,1,1,6,7,6,6,4,4,6,6,6,6,6,1,6,4,4,6,6,6,6,6,6,6,4,2,2,2,8,6,6,6,6,9,10,11,6,6,6,2,6,6,6,6,6,6,6,6,6,6,3,3,6,6,6,6,5,5,5,5,5,5,5,5,4,4,4,4,4,4,4,4","0.000663995742797852","louvain","edit-xhwikibooks.graphml"
"0.02","0.62","0.36","0.45131064190382","1,1,1,2,3,2,3,4,4,2,3,3,4,4,4,2,2,3,5,3,6,1,4,4,4,4,4,2,1,2,3,5,3,3,5,5,4,4,6,6,6,6,1,1,1,1,6,1,1,1,6,6,6,6,6,1,1,1,1,6,7,6,6,4,4,6,6,6,6,6,1,6,4,4,6,6,6,6,6,6,6,4,2,2,2,8,6,6,6,6,9,10,11,6,6,6,2,6,6,6,6,6,6,6,6,6,6,3,3,6,6,6,6,5,5,5,5,5,5,5,5,4,4,4,4,4,4,4,4","0.000669956207275391","louvain","edit-xhwikibooks.graphml"
"0.01","0.63","0.36","0.451024017945958","1,1,1,2,3,2,3,4,4,2,3,3,4,4,4,2,2,3,5,3,6,1,4,4,4,4,4,2,1,2,3,5,3,3,5,5,4,4,6,6,6,6,1,1,1,1,6,1,1,1,6,6,6,6,6,1,1,1,1,6,7,6,6,4,4,6,6,6,6,6,1,6,4,4,6,6,6,6,6,6,6,4,2,2,2,8,6,6,6,6,9,10,11,6,6,6,2,6,6,6,6,6,6,6,6,6,6,3,3,6,6,6,6,5,5,5,5,5,5,5,5,4,4,4,4,4,4,4,4","0.000626087188720703","louvain","edit-xhwikibooks.graphml"
"0","0.64","0.36","0.452524170779903","1,1,1,2,1,2,3,2,2,2,3,3,2,2,2,4,2,3,5,3,6,1,2,2,2,2,2,4,1,2,3,5,3,3,5,5,2,2,6,6,6,6,1,1,1,1,6,1,1,1,6,6,6,6,6,1,1,1,1,6,7,6,6,2,2,6,6,6,6,6,1,6,2,2,6,6,6,6,6,6,6,2,4,4,4,8,6,6,6,6,9,10,11,6,6,6,4,6,6,6,6,6,6,6,6,6,6,3,3,6,6,6,6,5,5,5,5,5,5,5,5,2,2,2,2,2,2,2,2","0.000719070434570312","louvain","edit-xhwikibooks.graphml"
"0.63","0","0.37","0.412256853463396","1,1,2,2,2,3,2,3,3,3,4,2,3,3,3,3,3,4,4,2,5,1,3,3,3,3,3,3,1,3,4,4,2,2,4,4,3,3,5,5,5,5,1,1,1,1,5,1,1,1,5,5,5,5,5,1,1,1,1,5,3,5,5,3,3,5,5,5,5,5,1,5,3,3,5,5,5,5,5,5,5,3,3,3,3,1,5,5,5,5,3,4,4,5,5,5,3,5,5,5,5,5,5,5,5,5,5,2,2,5,5,5,5,4,4,4,4,4,4,4,4,3,3,3,3,3,3,3,3","0.000623941421508789","louvain","edit-xhwikibooks.graphml"
"0.62","0.01","0.37","0.411464140876768","1,1,1,1,1,2,3,2,2,2,3,3,2,2,2,2,2,3,3,3,4,1,2,2,2,2,2,2,1,2,3,3,3,3,3,3,2,2,4,4,4,4,1,1,1,1,4,1,1,1,4,4,4,4,4,1,1,1,1,4,2,4,4,2,2,4,4,4,4,4,1,4,2,2,4,4,4,4,4,4,4,2,2,2,2,1,4,4,4,4,2,3,3,4,4,4,2,4,4,4,4,4,4,4,4,4,4,3,3,4,4,4,4,3,3,3,3,3,3,3,3,2,2,2,2,2,2,2,2","0.000657081604003906","louvain","edit-xhwikibooks.graphml"
"0.61","0.02","0.37","0.412873812845444","1,1,2,2,2,3,2,3,3,3,2,2,3,3,3,3,3,2,4,2,5,1,3,3,3,3,3,3,1,3,2,4,2,2,4,4,3,3,5,5,5,5,1,1,1,1,5,1,1,1,5,5,5,5,5,1,1,1,1,5,3,5,5,3,3,5,5,5,5,5,1,5,3,3,5,5,5,5,5,5,5,3,3,3,3,1,5,5,5,5,3,2,4,5,5,5,3,5,5,5,5,5,5,5,5,5,5,2,2,5,5,5,5,4,4,4,4,4,4,4,4,3,3,3,3,3,3,3,3","0.000629901885986328","louvain","edit-xhwikibooks.graphml"
"0.6","0.03","0.37","0.411250058241797","1,1,1,1,1,2,1,2,2,2,3,1,2,2,2,2,2,3,3,1,4,1,2,2,2,2,2,2,1,2,3,3,1,1,3,3,2,2,4,4,4,4,1,1,1,1,4,1,1,1,4,4,4,4,4,1,1,1,1,4,2,4,4,2,2,4,4,4,4,4,1,4,2,2,4,4,4,4,4,4,4,2,2,2,2,1,4,4,4,4,2,3,3,4,4,4,2,4,4,4,4,4,4,4,4,4,4,1,1,4,4,4,4,3,3,3,3,3,3,3,3,2,2,2,2,2,2,2,2","0.00064396858215332","louvain","edit-xhwikibooks.graphml"
"0.59","0.04","0.37","0.412601267923913","1,1,2,2,2,3,2,3,3,3,2,2,3,3,3,3,3,2,4,2,5,1,3,3,3,3,3,3,1,3,2,4,2,2,4,4,3,3,5,5,5,5,1,1,1,1,5,1,1,1,5,5,5,5,5,1,1,1,1,5,3,5,5,3,3,5,5,5,5,5,1,5,3,3,5,5,5,5,5,5,5,3,3,3,3,1,5,5,5,5,3,2,4,5,5,5,3,5,5,5,5,5,5,5,5,5,5,2,2,5,5,5,5,4,4,4,4,4,4,4,4,3,3,3,3,3,3,3,3","0.000746011734008789","louvain","edit-xhwikibooks.graphml"
"0.58","0.05","0.37","0.412329051862414","1,1,2,2,2,3,2,3,3,3,2,2,3,3,3,3,3,2,4,2,5,1,3,3,3,3,3,3,1,3,2,4,2,2,4,4,3,3,5,5,5,5,1,1,1,1,5,1,1,1,5,5,5,5,5,1,1,1,1,5,3,5,5,3,3,5,5,5,5,5,1,5,3,3,5,5,5,5,5,5,5,3,3,3,3,1,5,5,5,5,3,2,4,5,5,5,3,5,5,5,5,5,5,5,5,5,5,2,2,5,5,5,5,4,4,4,4,4,4,4,4,3,3,3,3,3,3,3,3","0.000586986541748047","louvain","edit-xhwikibooks.graphml"
"0.57","0.06","0.37","0.412329051862414","1,1,2,2,2,3,2,3,3,3,2,2,3,3,3,3,3,2,4,2,5,1,3,3,3,3,3,3,1,3,2,4,2,2,4,4,3,3,5,5,5,5,1,1,1,1,5,1,1,1,5,5,5,5,5,1,1,1,1,5,3,5,5,3,3,5,5,5,5,5,1,5,3,3,5,5,5,5,5,5,5,3,3,3,3,1,5,5,5,5,3,2,4,5,5,5,3,5,5,5,5,5,5,5,5,5,5,2,2,5,5,5,5,4,4,4,4,4,4,4,4,3,3,3,3,3,3,3,3","0.000605106353759766","louvain","edit-xhwikibooks.graphml"
"0.56","0.07","0.37","0.412057164167409","1,1,2,2,2,3,2,3,3,3,2,2,3,3,3,3,3,2,4,2,5,1,3,3,3,3,3,3,1,3,2,4,2,2,4,4,3,3,5,5,5,5,1,1,1,1,5,1,1,1,5,5,5,5,5,1,1,1,1,5,3,5,5,3,3,5,5,5,5,5,1,5,3,3,5,5,5,5,5,5,5,3,3,3,3,1,5,5,5,5,3,2,4,5,5,5,3,5,5,5,5,5,5,5,5,5,5,2,2,5,5,5,5,4,4,4,4,4,4,4,4,3,3,3,3,3,3,3,3","0.000603914260864258","louvain","edit-xhwikibooks.graphml"
"0.55","0.08","0.37","0.4114818077076","1,1,2,2,2,3,2,3,3,3,4,2,3,3,3,3,3,4,4,2,5,1,3,3,3,3,3,3,1,3,4,4,2,2,4,4,3,3,5,5,5,5,1,1,1,1,5,1,1,1,5,5,5,5,5,1,1,1,1,5,3,5,5,3,3,5,5,5,5,5,1,5,3,3,5,5,5,5,5,5,5,3,3,3,3,1,5,5,5,5,3,4,4,5,5,5,3,5,5,5,5,5,5,5,5,5,5,2,2,5,5,5,5,4,4,4,4,4,4,4,4,3,3,3,3,3,3,3,3","0.000823020935058594","louvain","edit-xhwikibooks.graphml"
"0.54","0.09","0.37","0.411823992756904","1,1,2,2,2,3,2,3,3,3,2,2,3,3,3,3,3,2,4,2,5,1,3,3,3,3,3,3,1,3,2,4,2,2,4,4,3,3,5,5,5,5,1,1,1,1,5,1,1,1,5,5,5,5,5,1,1,1,1,5,3,5,5,3,3,5,5,5,5,5,1,5,3,3,5,5,5,5,5,5,5,3,3,3,3,1,5,5,5,5,3,2,4,5,5,5,3,5,5,5,5,5,5,5,5,5,5,2,2,5,5,5,5,4,4,4,4,4,4,4,4,3,3,3,3,3,3,3,3","0.000639915466308594","louvain","edit-xhwikibooks.graphml"
"0.53","0.1","0.37","0.411823992756904","1,1,2,2,2,3,2,3,3,3,2,2,3,3,3,3,3,2,4,2,5,1,3,3,3,3,3,3,1,3,2,4,2,2,4,4,3,3,5,5,5,5,1,1,1,1,5,1,1,1,5,5,5,5,5,1,1,1,1,5,3,5,5,3,3,5,5,5,5,5,1,5,3,3,5,5,5,5,5,5,5,3,3,3,3,1,5,5,5,5,3,2,4,5,5,5,3,5,5,5,5,5,5,5,5,5,5,2,2,5,5,5,5,4,4,4,4,4,4,4,4,3,3,3,3,3,3,3,3","0.000658988952636719","louvain","edit-xhwikibooks.graphml"
"0.52","0.11","0.37","0.411552695057615","1,1,2,2,2,3,2,3,3,3,2,2,3,3,3,3,3,2,4,2,5,1,3,3,3,3,3,3,1,3,2,4,2,2,4,4,3,3,5,5,5,5,1,1,1,1,5,1,1,1,5,5,5,5,5,1,1,1,1,5,3,5,5,3,3,5,5,5,5,5,1,5,3,3,5,5,5,5,5,5,5,3,3,3,3,1,5,5,5,5,3,2,4,5,5,5,3,5,5,5,5,5,5,5,5,5,5,2,2,5,5,5,5,4,4,4,4,4,4,4,4,3,3,3,3,3,3,3,3","0.000628948211669922","louvain","edit-xhwikibooks.graphml"
"0.51","0.12","0.37","0.401772534570919","1,1,1,2,3,2,3,2,2,2,3,3,2,2,2,2,2,3,3,4,5,1,2,2,2,2,2,2,1,2,3,3,4,4,3,3,2,2,5,5,5,5,1,1,1,1,5,1,1,1,5,5,5,5,5,1,1,1,1,5,2,5,5,2,2,5,5,5,5,5,1,5,2,2,5,5,5,5,5,5,5,2,2,2,2,1,5,5,5,5,2,3,3,5,5,5,2,5,5,5,5,5,5,5,5,5,5,4,4,5,5,5,5,3,3,3,3,3,3,3,3,2,2,2,2,2,2,2,2","0.000587940216064453","louvain","edit-xhwikibooks.graphml"
"0.5","0.13","0.37","0.402628505188459","1,1,1,2,3,2,3,2,2,2,3,3,2,2,2,2,2,3,4,3,5,1,2,2,2,2,2,2,1,2,3,4,3,3,4,4,2,2,5,5,5,5,1,1,1,1,5,1,1,1,5,5,5,5,5,1,1,1,1,5,2,5,5,2,2,5,5,5,5,5,1,5,2,2,5,5,5,5,5,5,5,2,2,2,2,1,5,5,5,5,2,3,4,5,5,5,2,5,5,5,5,5,5,5,5,5,5,3,3,5,5,5,5,4,4,4,4,4,4,4,4,2,2,2,2,2,2,2,2","0.000589847564697266","louvain","edit-xhwikibooks.graphml"
"0.49","0.14","0.37","0.402628505188459","1,1,1,2,3,2,3,2,2,2,3,3,2,2,2,2,2,3,4,3,5,1,2,2,2,2,2,2,1,2,3,4,3,3,4,4,2,2,5,5,5,5,1,1,1,1,5,1,1,1,5,5,5,5,5,1,1,1,1,5,2,5,5,2,2,5,5,5,5,5,1,5,2,2,5,5,5,5,5,5,5,2,2,2,2,1,5,5,5,5,2,3,4,5,5,5,2,5,5,5,5,5,5,5,5,5,5,3,3,5,5,5,5,4,4,4,4,4,4,4,4,2,2,2,2,2,2,2,2","0.00065302848815918","louvain","edit-xhwikibooks.graphml"
"0.48","0.15","0.37","0.403771950172733","1,1,1,2,3,2,3,2,2,2,3,3,2,2,2,2,2,3,3,3,4,1,2,2,2,2,2,2,1,2,3,3,3,3,3,3,2,2,4,4,4,4,1,1,1,1,4,1,1,1,4,4,4,4,4,1,1,1,1,4,2,4,4,2,2,4,4,4,4,4,1,4,2,2,4,4,4,4,4,4,4,2,2,2,2,1,4,4,4,4,2,3,3,4,4,4,2,4,4,4,4,4,4,4,4,4,4,3,3,4,4,4,4,3,3,3,3,3,3,3,3,2,2,2,2,2,2,2,2","0.000616073608398438","louvain","edit-xhwikibooks.graphml"
"0.47","0.16","0.37","0.404656293374242","1,1,1,2,3,2,3,2,2,2,3,3,2,2,2,2,2,3,3,4,5,1,2,2,2,2,2,2,1,2,3,3,4,4,3,3,2,2,5,5,5,5,1,1,1,1,5,1,1,1,5,5,5,5,5,1,1,1,1,5,2,5,5,2,2,5,5,5,5,5,1,5,2,2,5,5,5,5,5,5,5,2,2,2,2,1,5,5,5,5,2,3,3,5,5,5,2,5,5,5,5,5,5,5,5,5,5,4,4,5,5,5,5,3,3,3,3,3,3,3,3,2,2,2,2,2,2,2,2","0.000627994537353516","louvain","edit-xhwikibooks.graphml"
"0.46","0.17","0.37","0.40520419573903","1,1,1,2,3,2,3,2,2,2,3,3,2,2,2,2,2,3,3,3,4,1,2,2,2,2,2,2,1,2,3,3,3,3,3,3,2,2,4,4,4,4,1,1,1,1,4,1,1,1,4,4,4,4,4,1,1,1,1,4,2,4,4,2,2,4,4,4,4,4,1,4,2,2,4,4,4,4,4,4,4,2,2,2,2,1,4,4,4,4,2,3,3,4,4,4,2,4,4,4,4,4,4,4,4,4,4,3,3,4,4,4,4,3,3,3,3,3,3,3,3,2,2,2,2,2,2,2,2","0.000664949417114258","louvain","edit-xhwikibooks.graphml"
"0.45","0.18","0.37","0.405507053081573","1,1,1,2,3,2,3,2,2,2,3,3,2,2,2,2,2,3,4,3,5,1,2,2,2,2,2,2,1,2,3,4,3,3,4,4,2,2,5,5,5,5,1,1,1,1,5,1,1,1,5,5,5,5,5,1,1,1,1,5,2,5,5,2,2,5,5,5,5,5,1,5,2,2,5,5,5,5,5,5,5,2,2,2,2,1,5,5,5,5,2,3,4,5,5,5,2,5,5,5,5,5,5,5,5,5,5,3,3,5,5,5,5,4,4,4,4,4,4,4,4,2,2,2,2,2,2,2,2","0.000771045684814453","louvain","edit-xhwikibooks.graphml"
"0.44","0.19","0.37","0.399019974168037","1,1,1,2,3,2,3,2,2,2,3,3,2,2,2,2,2,3,3,3,4,1,2,2,2,2,2,2,1,2,3,3,3,3,3,3,2,2,4,4,4,4,1,1,1,1,4,1,1,1,4,4,4,4,4,1,1,1,1,4,2,4,4,2,2,4,4,4,4,4,1,4,2,2,4,4,4,4,4,4,4,2,2,2,2,1,4,4,4,4,2,3,3,4,4,4,2,4,4,4,4,4,4,4,4,4,4,3,3,4,4,4,4,3,3,3,3,3,3,3,3,2,2,2,2,2,2,2,2","0.000596046447753906","louvain","edit-xhwikibooks.graphml"
"0.43","0.2","0.37","0.400705455995496","1,1,1,2,3,2,3,2,2,2,3,3,2,2,2,2,2,3,3,3,4,1,2,2,2,2,2,2,1,2,3,3,3,3,3,3,2,2,4,4,4,4,1,1,1,1,4,1,1,1,4,4,4,4,4,1,1,1,1,4,2,4,4,2,2,4,4,4,4,4,1,4,2,2,4,4,4,4,4,4,4,2,2,2,2,1,4,4,4,4,2,3,3,4,4,4,2,4,4,4,4,4,4,4,4,4,4,3,3,4,4,4,4,3,3,3,3,3,3,3,3,2,2,2,2,2,2,2,2","0.000641107559204102","louvain","edit-xhwikibooks.graphml"
"0.42","0.21","0.37","0.401306158229235","1,1,1,2,3,2,3,2,2,2,3,3,2,2,2,2,2,3,3,3,4,1,2,2,2,2,2,2,1,2,3,3,3,3,3,3,2,2,4,4,4,4,1,1,1,1,4,1,1,1,4,4,4,4,4,1,1,1,1,4,2,4,4,2,2,4,4,4,4,4,1,4,2,2,4,4,4,4,4,4,4,2,2,2,2,1,4,4,4,4,2,3,3,4,4,4,2,4,4,4,4,4,4,4,4,4,4,3,3,4,4,4,4,3,3,3,3,3,3,3,3,2,2,2,2,2,2,2,2","0.000593900680541992","louvain","edit-xhwikibooks.graphml"
"0.41","0.22","0.37","0.401306158229235","1,1,1,2,3,2,3,2,2,2,3,3,2,2,2,2,2,3,3,3,4,1,2,2,2,2,2,2,1,2,3,3,3,3,3,3,2,2,4,4,4,4,1,1,1,1,4,1,1,1,4,4,4,4,4,1,1,1,1,4,2,4,4,2,2,4,4,4,4,4,1,4,2,2,4,4,4,4,4,4,4,2,2,2,2,1,4,4,4,4,2,3,3,4,4,4,2,4,4,4,4,4,4,4,4,4,4,3,3,4,4,4,4,3,3,3,3,3,3,3,3,2,2,2,2,2,2,2,2","0.000689029693603516","louvain","edit-xhwikibooks.graphml"
"0.4","0.23","0.37","0.4002133099569","1,1,1,2,3,2,3,2,2,2,3,3,2,2,2,2,2,3,3,3,4,1,2,2,2,2,2,2,1,2,3,3,3,3,3,3,2,2,4,4,4,4,1,1,1,1,4,1,1,1,4,4,4,4,4,1,1,1,1,4,2,4,4,2,2,4,4,4,4,4,1,4,2,2,4,4,4,4,4,4,4,2,2,2,2,1,4,4,4,4,2,3,3,4,4,4,2,4,4,4,4,4,4,4,4,4,4,3,3,4,4,4,4,3,3,3,3,3,3,3,3,2,2,2,2,2,2,2,2","0.000550985336303711","louvain","edit-xhwikibooks.graphml"
"0.39","0.24","0.37","0.401078293312408","1,1,1,2,3,2,3,2,2,2,3,3,2,2,2,2,2,3,3,3,4,1,2,2,2,2,2,2,1,2,3,3,3,3,3,3,2,2,4,4,4,4,1,1,1,1,4,1,1,1,4,4,4,4,4,1,1,1,1,4,2,4,4,2,2,4,4,4,4,4,1,4,2,2,4,4,4,4,4,4,4,2,2,2,2,1,4,4,4,4,2,3,3,4,4,4,2,4,4,4,4,4,4,4,4,4,4,3,3,4,4,4,4,3,3,3,3,3,3,3,3,2,2,2,2,2,2,2,2","0.000592947006225586","louvain","edit-xhwikibooks.graphml"
"0.38","0.25","0.37","0.403316613852422","1,1,1,2,3,2,3,2,2,2,3,3,2,2,2,2,2,3,3,3,4,1,2,2,2,2,2,2,1,2,3,3,3,3,3,3,2,2,4,4,4,4,1,1,1,1,4,1,1,1,4,4,4,4,4,1,1,1,1,4,2,4,4,2,2,4,4,4,4,4,1,4,2,2,4,4,4,4,4,4,4,2,2,2,2,1,4,4,4,4,2,3,3,4,4,4,2,4,4,4,4,4,4,4,4,4,4,3,3,4,4,4,4,3,3,3,3,3,3,3,3,2,2,2,2,2,2,2,2","0.000676155090332031","louvain","edit-xhwikibooks.graphml"
"0.37","0.26","0.37","0.404171872830765","1,1,1,2,3,2,3,2,2,2,3,3,2,2,2,2,2,3,3,3,4,1,2,2,2,2,2,2,1,2,3,3,3,3,3,3,2,2,4,4,4,4,1,1,1,1,4,1,1,1,4,4,4,4,4,1,1,1,1,4,2,4,4,2,2,4,4,4,4,4,1,4,2,2,4,4,4,4,4,4,4,2,2,2,2,1,4,4,4,4,2,3,3,4,4,4,2,4,4,4,4,4,4,4,4,4,4,3,3,4,4,4,4,3,3,3,3,3,3,3,3,2,2,2,2,2,2,2,2","0.000602960586547852","louvain","edit-xhwikibooks.graphml"
"0.36","0.27","0.37","0.404171872830765","1,1,1,2,3,2,3,2,2,2,3,3,2,2,2,2,2,3,3,3,4,1,2,2,2,2,2,2,1,2,3,3,3,3,3,3,2,2,4,4,4,4,1,1,1,1,4,1,1,1,4,4,4,4,4,1,1,1,1,4,2,4,4,2,2,4,4,4,4,4,1,4,2,2,4,4,4,4,4,4,4,2,2,2,2,1,4,4,4,4,2,3,3,4,4,4,2,4,4,4,4,4,4,4,4,4,4,3,3,4,4,4,4,3,3,3,3,3,3,3,3,2,2,2,2,2,2,2,2","0.000602006912231445","louvain","edit-xhwikibooks.graphml"
"0.35","0.28","0.37","0.403906220110891","1,1,1,2,3,2,3,2,2,2,3,3,2,2,2,2,2,3,3,3,4,1,2,2,2,2,2,2,1,2,3,3,3,3,3,3,2,2,4,4,4,4,1,1,1,1,4,1,1,1,4,4,4,4,4,1,1,1,1,4,2,4,4,2,2,4,4,4,4,4,1,4,2,2,4,4,4,4,4,4,4,2,2,2,2,1,4,4,4,4,2,3,3,4,4,4,2,4,4,4,4,4,4,4,4,4,4,3,3,4,4,4,4,3,3,3,3,3,3,3,3,2,2,2,2,2,2,2,2","0.000704050064086914","louvain","edit-xhwikibooks.graphml"
"0.34","0.29","0.37","0.405570051530854","1,1,1,2,3,2,3,2,2,2,3,3,2,2,2,2,2,3,3,3,4,1,2,2,2,2,2,2,1,2,3,3,3,3,3,3,2,2,4,4,4,4,1,1,1,1,4,1,1,1,4,4,4,4,4,1,1,1,1,4,2,4,4,2,2,4,4,4,4,4,1,4,2,2,4,4,4,4,4,4,4,2,2,2,2,1,4,4,4,4,2,3,3,4,4,4,2,4,4,4,4,4,4,4,4,4,4,3,3,4,4,4,4,3,3,3,3,3,3,3,3,2,2,2,2,2,2,2,2","0.000603914260864258","louvain","edit-xhwikibooks.graphml"
"0.33","0.3","0.37","0.405505601838552","1,1,1,2,3,2,3,2,2,2,3,3,2,2,2,2,2,3,4,3,5,1,2,2,2,2,2,2,1,2,3,4,3,3,4,4,2,2,5,5,5,5,1,1,1,1,5,1,1,1,5,5,5,5,5,1,1,1,1,5,2,5,5,2,2,5,5,5,5,5,1,5,2,2,5,5,5,5,5,5,5,2,2,2,2,1,5,5,5,5,2,3,4,5,5,5,2,5,5,5,5,5,5,5,5,5,5,3,3,5,5,5,5,4,4,4,4,4,4,4,4,2,2,2,2,2,2,2,2","0.000668048858642578","louvain","edit-xhwikibooks.graphml"
"0.32","0.31","0.37","0.406152021744227","1,1,1,2,3,2,3,2,2,2,3,3,2,2,2,2,2,3,3,3,4,1,2,2,2,2,2,2,1,2,3,3,3,3,3,3,2,2,4,4,4,4,1,1,1,1,4,1,1,1,4,4,4,4,4,1,1,1,1,4,2,4,4,2,2,4,4,4,4,4,1,4,2,2,4,4,4,4,4,4,4,2,2,2,2,1,4,4,4,4,2,3,3,4,4,4,2,4,4,4,4,4,4,4,4,4,4,3,3,4,4,4,4,3,3,3,3,3,3,3,3,2,2,2,2,2,2,2,2","0.000672101974487305","louvain","edit-xhwikibooks.graphml"
"0.31","0.32","0.37","0.405886664318987","1,1,1,2,3,2,3,2,2,2,3,3,2,2,2,2,2,3,3,3,4,1,2,2,2,2,2,2,1,2,3,3,3,3,3,3,2,2,4,4,4,4,1,1,1,1,4,1,1,1,4,4,4,4,4,1,1,1,1,4,2,4,4,2,2,4,4,4,4,4,1,4,2,2,4,4,4,4,4,4,4,2,2,2,2,1,4,4,4,4,2,3,3,4,4,4,2,4,4,4,4,4,4,4,4,4,4,3,3,4,4,4,4,3,3,3,3,3,3,3,3,2,2,2,2,2,2,2,2","0.000622034072875977","louvain","edit-xhwikibooks.graphml"
"0.3","0.33","0.37","0.406926385273482","1,1,1,2,3,2,3,2,2,2,3,3,2,2,2,2,2,3,4,3,5,1,2,2,2,2,2,2,1,2,3,4,3,3,4,4,2,2,5,5,5,5,1,1,1,1,5,1,1,1,5,5,5,5,5,1,1,1,1,5,2,5,5,2,2,5,5,5,5,5,1,5,2,2,5,5,5,5,5,5,5,2,2,2,2,1,5,5,5,5,2,3,4,5,5,5,2,5,5,5,5,5,5,5,5,5,5,3,3,5,5,5,5,4,4,4,4,4,4,4,4,2,2,2,2,2,2,2,2","0.000589132308959961","louvain","edit-xhwikibooks.graphml"
"0.29","0.34","0.37","0.417718621253775","1,1,1,2,3,2,3,2,2,2,3,3,2,2,2,2,2,3,4,3,5,1,2,2,2,2,2,2,1,2,3,4,3,3,4,4,2,2,5,5,5,5,1,1,1,1,5,1,1,1,5,5,5,5,5,1,1,1,1,5,2,5,5,2,2,5,5,5,5,5,1,5,2,2,5,5,5,5,5,5,5,2,2,2,2,1,5,5,5,5,2,3,4,5,5,5,2,5,5,5,5,5,5,5,5,5,5,3,3,5,5,5,5,4,4,4,4,4,4,4,4,2,2,2,2,2,2,2,2","0.00061798095703125","louvain","edit-xhwikibooks.graphml"
"0.28","0.35","0.37","0.417718621253775","1,1,1,2,3,2,3,2,2,2,3,3,2,2,2,2,2,3,4,3,5,1,2,2,2,2,2,2,1,2,3,4,3,3,4,4,2,2,5,5,5,5,1,1,1,1,5,1,1,1,5,5,5,5,5,1,1,1,1,5,2,5,5,2,2,5,5,5,5,5,1,5,2,2,5,5,5,5,5,5,5,2,2,2,2,1,5,5,5,5,2,3,4,5,5,5,2,5,5,5,5,5,5,5,5,5,5,3,3,5,5,5,5,4,4,4,4,4,4,4,4,2,2,2,2,2,2,2,2","0.000559091567993164","louvain","edit-xhwikibooks.graphml"
"0.27","0.36","0.37","0.412029230687763","1,1,1,2,3,2,3,2,2,2,3,3,2,2,2,4,2,3,2,3,5,1,2,2,2,2,2,4,1,2,3,2,3,3,2,2,6,2,5,5,5,5,1,1,1,1,5,1,1,1,5,5,5,5,5,1,1,1,1,5,2,5,5,2,2,5,5,5,5,5,1,5,2,2,5,5,5,5,5,5,5,2,4,4,4,1,5,5,5,5,2,3,2,5,5,5,4,5,5,5,5,5,5,5,5,5,5,3,3,5,5,5,5,2,2,2,2,2,2,2,2,6,6,6,6,6,6,6,6","0.000607967376708984","louvain","edit-xhwikibooks.graphml"
"0.26","0.37","0.37","0.417450062848208","1,1,1,2,3,2,3,2,2,2,3,3,2,2,2,2,2,3,4,3,5,1,2,2,2,2,2,2,1,2,3,4,3,3,4,4,2,2,5,5,5,5,1,1,1,1,5,1,1,1,5,5,5,5,5,1,1,1,1,5,2,5,5,2,2,5,5,5,5,5,1,5,2,2,5,5,5,5,5,5,5,2,2,2,2,1,5,5,5,5,2,3,4,5,5,5,2,5,5,5,5,5,5,5,5,5,5,3,3,5,5,5,5,4,4,4,4,4,4,4,4,2,2,2,2,2,2,2,2","0.000797033309936523","louvain","edit-xhwikibooks.graphml"
"0.25","0.38","0.37","0.412718253467224","1,1,1,2,3,2,3,2,2,2,3,3,2,2,2,2,2,3,3,4,5,1,2,2,2,2,2,2,1,2,3,3,4,4,3,3,2,2,5,5,5,5,1,1,1,1,5,1,1,1,5,5,5,5,5,1,1,1,1,5,6,5,5,2,2,5,5,5,5,5,1,5,2,2,5,5,5,5,5,5,5,2,2,2,2,7,5,5,5,5,8,9,10,5,5,5,2,5,5,5,5,5,5,5,5,5,5,4,4,5,5,5,5,3,3,3,3,3,3,3,3,2,2,2,2,2,2,2,2","0.00059199333190918","louvain","edit-xhwikibooks.graphml"
"0.24","0.39","0.37","0.42613359632359","1,1,1,2,3,2,3,2,2,2,3,3,2,2,2,2,2,3,3,4,5,1,2,2,2,2,2,2,1,2,3,3,4,4,3,3,2,2,5,5,5,5,1,1,1,1,5,1,1,1,5,5,5,5,5,1,1,1,1,5,6,5,5,2,2,5,5,5,5,5,1,5,2,2,5,5,5,5,5,5,5,2,2,2,2,7,5,5,5,5,8,9,10,5,5,5,2,5,5,5,5,5,5,5,5,5,5,4,4,5,5,5,5,3,3,3,3,3,3,3,3,2,2,2,2,2,2,2,2","0.000594854354858398","louvain","edit-xhwikibooks.graphml"
"0.23","0.4","0.37","0.427437487943673","1,1,1,2,3,2,3,2,2,2,3,3,2,2,2,2,2,3,3,4,5,1,2,2,2,2,2,2,1,2,3,3,4,4,3,3,2,2,5,5,5,5,1,1,1,1,5,1,1,1,5,5,5,5,5,1,1,1,1,5,6,5,5,2,2,5,5,5,5,5,1,5,2,2,5,5,5,5,5,5,5,2,2,2,2,7,5,5,5,5,8,9,10,5,5,5,2,5,5,5,5,5,5,5,5,5,5,4,4,5,5,5,5,3,3,3,3,3,3,3,3,2,2,2,2,2,2,2,2","0.000550985336303711","louvain","edit-xhwikibooks.graphml"
"0.22","0.41","0.37","0.427437487943673","1,1,1,2,3,2,3,2,2,2,3,3,2,2,2,2,2,3,3,4,5,1,2,2,2,2,2,2,1,2,3,3,4,4,3,3,2,2,5,5,5,5,1,1,1,1,5,1,1,1,5,5,5,5,5,1,1,1,1,5,6,5,5,2,2,5,5,5,5,5,1,5,2,2,5,5,5,5,5,5,5,2,2,2,2,7,5,5,5,5,8,9,10,5,5,5,2,5,5,5,5,5,5,5,5,5,5,4,4,5,5,5,5,3,3,3,3,3,3,3,3,2,2,2,2,2,2,2,2","0.000591039657592773","louvain","edit-xhwikibooks.graphml"
"0.21","0.42","0.37","0.427156729042755","1,1,1,2,3,2,3,2,2,2,3,3,2,2,2,2,2,3,3,4,5,1,2,2,2,2,2,2,1,2,3,3,4,4,3,3,2,2,5,5,5,5,1,1,1,1,5,1,1,1,5,5,5,5,5,1,1,1,1,5,6,5,5,2,2,5,5,5,5,5,1,5,2,2,5,5,5,5,5,5,5,2,2,2,2,7,5,5,5,5,8,9,10,5,5,5,2,5,5,5,5,5,5,5,5,5,5,4,4,5,5,5,5,3,3,3,3,3,3,3,3,2,2,2,2,2,2,2,2","0.000597000122070312","louvain","edit-xhwikibooks.graphml"
"0.2","0.43","0.37","0.429136635370402","1,1,1,2,3,2,3,2,2,2,3,3,2,2,2,2,2,3,4,3,5,1,2,2,2,2,2,2,1,2,3,4,3,3,4,4,2,2,5,5,5,5,1,1,1,1,5,1,1,1,5,5,5,5,5,1,1,1,1,5,6,5,5,2,2,5,5,5,5,5,1,5,2,2,5,5,5,5,5,5,5,2,2,2,2,7,5,5,5,5,8,9,10,5,5,5,2,5,5,5,5,5,5,5,5,5,5,3,3,5,5,5,5,4,4,4,4,4,4,4,4,2,2,2,2,2,2,2,2","0.000601053237915039","louvain","edit-xhwikibooks.graphml"
"0.19","0.44","0.37","0.428477568515703","1,1,1,2,3,2,3,2,2,2,3,3,2,2,2,2,2,3,3,4,5,1,2,2,2,2,2,2,1,2,3,3,4,4,3,3,2,2,5,5,5,5,1,1,1,1,5,1,1,1,5,5,5,5,5,1,1,1,1,5,6,5,5,2,2,5,5,5,5,5,1,5,2,2,5,5,5,5,5,5,5,2,2,2,2,7,5,5,5,5,8,9,10,5,5,5,2,5,5,5,5,5,5,5,5,5,5,4,4,5,5,5,5,3,3,3,3,3,3,3,3,2,2,2,2,2,2,2,2","0.000564098358154297","louvain","edit-xhwikibooks.graphml"
"0.18","0.45","0.37","0.415335526057159","1,1,1,2,3,2,3,2,2,2,3,3,2,2,2,2,2,3,4,3,5,1,2,2,2,2,2,2,1,2,3,4,3,3,4,4,2,2,5,5,5,5,1,1,1,1,5,1,1,1,5,5,5,5,5,1,1,1,1,5,6,5,5,2,2,5,5,5,5,5,1,5,2,2,5,5,5,5,5,5,5,2,2,2,2,7,5,5,5,5,8,9,10,5,5,5,2,5,5,5,5,5,5,5,5,5,5,3,3,5,5,5,5,4,4,4,4,4,4,4,4,2,2,2,2,2,2,2,2","0.000663995742797852","louvain","edit-xhwikibooks.graphml"
"0.17","0.46","0.37","0.415055016928286","1,1,1,2,3,2,3,2,2,2,3,3,2,2,2,2,2,3,4,3,5,1,2,2,2,2,2,2,1,2,3,4,3,3,4,4,2,2,5,5,5,5,1,1,1,1,5,1,1,1,5,5,5,5,5,1,1,1,1,5,6,5,5,2,2,5,5,5,5,5,1,5,2,2,5,5,5,5,5,5,5,2,2,2,2,7,5,5,5,5,8,9,10,5,5,5,2,5,5,5,5,5,5,5,5,5,5,3,3,5,5,5,5,4,4,4,4,4,4,4,4,2,2,2,2,2,2,2,2","0.000576019287109375","louvain","edit-xhwikibooks.graphml"
"0.16","0.47","0.37","0.41574268308701","1,1,1,2,3,2,3,2,2,2,3,4,2,2,2,2,2,3,3,4,5,1,2,2,2,2,2,2,1,2,3,3,4,4,3,3,2,2,5,5,5,5,1,1,1,1,5,1,1,1,5,5,5,5,5,1,1,1,1,5,6,5,5,2,2,5,5,5,5,5,1,5,2,2,5,5,5,5,5,5,5,2,2,2,2,7,5,5,5,5,8,9,10,5,5,5,2,5,5,5,5,5,5,5,5,5,5,4,4,5,5,5,5,3,3,3,3,3,3,3,3,2,2,2,2,2,2,2,2","0.000578880310058594","louvain","edit-xhwikibooks.graphml"
"0.15","0.48","0.37","0.41533081728985","1,1,1,2,3,2,3,2,2,2,3,3,2,2,2,2,2,3,3,4,5,1,2,2,2,2,2,2,1,2,3,3,4,4,3,3,2,2,5,5,5,5,1,1,1,1,5,1,1,1,5,5,5,5,5,1,1,1,1,5,6,5,5,2,2,5,5,5,5,5,1,5,2,2,5,5,5,5,5,5,5,2,2,2,2,7,5,5,5,5,8,9,10,5,5,5,2,5,5,5,5,5,5,5,5,5,5,4,4,5,5,5,5,3,3,3,3,3,3,3,3,2,2,2,2,2,2,2,2","0.000594139099121094","louvain","edit-xhwikibooks.graphml"
"0.14","0.49","0.37","0.413648202719296","1,1,1,2,3,2,3,2,2,2,3,3,2,2,2,2,2,3,4,3,5,1,2,2,2,2,2,2,1,2,3,4,3,3,4,4,2,2,5,5,5,5,1,1,1,1,5,1,1,1,5,5,5,5,5,1,1,1,1,5,6,5,5,2,2,5,5,5,5,5,1,5,2,2,5,5,5,5,5,5,5,2,2,2,2,7,5,5,5,5,8,9,10,5,5,5,2,5,5,5,5,5,5,5,5,5,5,3,3,5,5,5,5,4,4,4,4,4,4,4,4,2,2,2,2,2,2,2,2","0.000639915466308594","louvain","edit-xhwikibooks.graphml"
"0.13","0.5","0.37","0.448056362422389","1,1,1,2,3,2,3,2,2,2,3,3,2,2,2,4,2,3,5,3,6,1,2,2,2,2,2,4,1,2,3,5,3,3,5,5,2,2,6,6,6,6,1,1,1,1,6,1,1,1,6,6,6,6,6,1,1,1,1,6,7,6,6,2,2,6,6,6,6,6,1,6,2,2,6,6,6,6,6,6,6,2,4,4,4,8,6,6,6,6,9,10,11,6,6,6,4,6,6,6,6,6,6,6,6,6,6,3,3,6,6,6,6,5,5,5,5,5,5,5,5,2,2,2,2,2,2,2,2","0.000594139099121094","louvain","edit-xhwikibooks.graphml"
"0.12","0.51","0.37","0.448056362422389","1,1,1,2,3,2,3,2,2,2,3,3,2,2,2,4,2,3,5,3,6,1,2,2,2,2,2,4,1,2,3,5,3,3,5,5,2,2,6,6,6,6,1,1,1,1,6,1,1,1,6,6,6,6,6,1,1,1,1,6,7,6,6,2,2,6,6,6,6,6,1,6,2,2,6,6,6,6,6,6,6,2,4,4,4,8,6,6,6,6,9,10,11,6,6,6,4,6,6,6,6,6,6,6,6,6,6,3,3,6,6,6,6,5,5,5,5,5,5,5,5,2,2,2,2,2,2,2,2","0.000632047653198242","louvain","edit-xhwikibooks.graphml"
"0.11","0.52","0.37","0.448056362422389","1,1,1,2,3,2,3,2,2,2,3,3,2,2,2,4,2,3,5,3,6,1,2,2,2,2,2,4,1,2,3,5,3,3,5,5,2,2,6,6,6,6,1,1,1,1,6,1,1,1,6,6,6,6,6,1,1,1,1,6,7,6,6,2,2,6,6,6,6,6,1,6,2,2,6,6,6,6,6,6,6,2,4,4,4,8,6,6,6,6,9,10,11,6,6,6,4,6,6,6,6,6,6,6,6,6,6,3,3,6,6,6,6,5,5,5,5,5,5,5,5,2,2,2,2,2,2,2,2","0.00061798095703125","louvain","edit-xhwikibooks.graphml"
"0.1","0.53","0.37","0.448471700474052","1,1,1,2,3,2,3,2,2,2,3,3,2,2,2,2,2,3,4,3,5,1,2,2,2,2,2,2,1,2,3,4,3,3,4,4,2,2,5,5,5,5,1,1,1,1,5,1,1,1,5,5,5,5,5,1,1,1,1,5,6,5,5,2,2,5,5,5,5,5,1,5,2,2,5,5,5,5,5,5,5,2,2,2,2,7,5,5,5,5,8,9,10,5,5,5,2,5,5,5,5,5,5,5,5,5,5,3,3,5,5,5,5,4,4,4,4,4,4,4,4,2,2,2,2,2,2,2,2","0.000622987747192383","louvain","edit-xhwikibooks.graphml"
"0.09","0.54","0.37","0.449335294105122","1,1,1,2,3,2,3,2,2,2,3,3,2,2,2,4,2,3,5,3,6,1,2,2,2,2,2,4,1,2,3,5,3,3,5,5,2,2,6,6,6,6,1,1,1,1,6,1,1,1,6,6,6,6,6,1,1,1,1,6,7,6,6,2,2,6,6,6,6,6,1,6,2,2,6,6,6,6,6,6,6,2,4,4,4,8,6,6,6,6,9,10,11,6,6,6,4,6,6,6,6,6,6,6,6,6,6,3,3,6,6,6,6,5,5,5,5,5,5,5,5,2,2,2,2,2,2,2,2","0.000555992126464844","louvain","edit-xhwikibooks.graphml"
"0.08","0.55","0.37","0.449828148552649","1,1,1,2,3,2,3,2,2,2,3,3,2,2,2,4,2,3,5,3,6,1,2,2,2,2,2,4,1,2,3,5,3,3,5,5,2,2,6,6,6,6,1,1,1,1,6,1,1,1,6,6,6,6,6,1,1,1,1,6,7,6,6,2,2,6,6,6,6,6,1,6,2,2,6,6,6,6,6,6,6,2,4,4,4,8,6,6,6,6,9,10,11,6,6,6,4,6,6,6,6,6,6,6,6,6,6,3,3,6,6,6,6,5,5,5,5,5,5,5,5,2,2,2,2,2,2,2,2","0.000615119934082031","louvain","edit-xhwikibooks.graphml"
"0.07","0.56","0.37","0.451295787536104","1,1,1,2,3,2,3,2,2,2,3,3,2,2,2,4,2,3,5,3,6,1,2,2,2,2,2,4,1,2,3,5,3,3,5,5,2,2,6,6,6,6,1,1,1,1,6,1,1,1,6,6,6,6,6,1,1,1,1,6,7,6,6,2,2,6,6,6,6,6,1,6,2,2,6,6,6,6,6,6,6,2,4,4,4,8,6,6,6,6,9,10,11,6,6,6,4,6,6,6,6,6,6,6,6,6,6,3,3,6,6,6,6,5,5,5,5,5,5,5,5,2,2,2,2,2,2,2,2","0.00065302848815918","louvain","edit-xhwikibooks.graphml"
"0.06","0.57","0.37","0.450923874487636","1,1,1,2,3,2,3,2,2,2,3,3,2,2,2,2,2,3,4,3,5,1,2,2,2,2,2,2,1,2,3,4,3,3,4,4,2,2,5,5,5,5,1,1,1,1,5,1,1,1,5,5,5,5,5,1,1,1,1,5,6,5,5,2,2,5,5,5,5,5,1,5,2,2,5,5,5,5,5,5,5,2,2,2,2,7,5,5,5,5,8,9,10,5,5,5,2,5,5,5,5,5,5,5,5,5,5,3,3,5,5,5,5,4,4,4,4,4,4,4,4,2,2,2,2,2,2,2,2","0.000622034072875977","louvain","edit-xhwikibooks.graphml"
"0.05","0.58","0.37","0.452470686767169","1,1,1,2,3,2,3,2,2,2,3,3,2,2,2,4,2,3,5,3,6,1,2,2,2,2,2,4,1,2,3,5,3,3,5,5,2,2,6,6,6,6,1,1,1,1,6,1,1,1,6,6,6,6,6,1,1,1,1,6,7,6,6,2,2,6,6,6,6,6,1,6,2,2,6,6,6,6,6,6,6,2,4,4,4,8,6,6,6,6,9,10,11,6,6,6,4,6,6,6,6,6,6,6,6,6,6,3,3,6,6,6,6,5,5,5,5,5,5,5,5,2,2,2,2,2,2,2,2","0.000661134719848633","louvain","edit-xhwikibooks.graphml"
"0.04","0.59","0.37","0.452089774338685","1,1,1,2,3,2,3,2,2,2,3,3,2,2,2,2,2,3,4,3,5,1,2,2,2,2,2,2,1,2,3,4,3,3,4,4,2,2,5,5,5,5,1,1,1,1,5,1,1,1,5,5,5,5,5,1,1,1,1,5,6,5,5,2,2,5,5,5,5,5,1,5,2,2,5,5,5,5,5,5,5,2,2,2,2,7,5,5,5,5,8,9,10,5,5,5,2,5,5,5,5,5,5,5,5,5,5,3,3,5,5,5,5,4,4,4,4,4,4,4,4,2,2,2,2,2,2,2,2","0.000629901885986328","louvain","edit-xhwikibooks.graphml"
"0.03","0.6","0.37","0.452171756312493","1,1,1,2,3,2,3,4,4,2,3,3,4,4,4,2,2,3,5,3,6,1,4,4,4,4,4,2,1,2,3,5,3,3,5,5,4,4,6,6,6,6,1,1,1,1,6,1,1,1,6,6,6,6,6,1,1,1,1,6,7,6,6,4,4,6,6,6,6,6,1,6,4,4,6,6,6,6,6,6,6,4,2,2,2,8,6,6,6,6,9,10,11,6,6,6,2,6,6,6,6,6,6,6,6,6,6,3,3,6,6,6,6,5,5,5,5,5,5,5,5,4,4,4,4,4,4,4,4","0.000623941421508789","louvain","edit-xhwikibooks.graphml"
"0.02","0.61","0.37","0.451886035425593","1,1,1,2,3,2,3,4,4,2,3,3,4,4,4,2,2,3,5,3,6,1,4,4,4,4,4,2,1,2,3,5,3,3,5,5,4,4,6,6,6,6,1,1,1,1,6,1,1,1,6,6,6,6,6,1,1,1,1,6,7,6,6,4,4,6,6,6,6,6,1,6,4,4,6,6,6,6,6,6,6,4,2,2,2,8,6,6,6,6,9,10,11,6,6,6,2,6,6,6,6,6,6,6,6,6,6,3,3,6,6,6,6,5,5,5,5,5,5,5,5,4,4,4,4,4,4,4,4","0.000694036483764648","louvain","edit-xhwikibooks.graphml"
"0.01","0.62","0.37","0.452653139825984","1,1,1,2,3,2,3,4,4,2,3,3,4,4,4,2,2,3,5,3,6,1,4,4,4,4,4,2,1,2,3,5,3,3,5,5,4,4,6,6,6,6,1,1,1,1,6,1,1,1,6,6,6,6,6,1,1,1,1,6,7,6,6,4,4,6,6,6,6,6,1,6,4,4,6,6,6,6,6,6,6,4,2,2,2,8,6,6,6,6,9,10,11,6,6,6,2,6,6,6,6,6,6,6,6,6,6,3,3,6,6,6,6,5,5,5,5,5,5,5,5,4,4,4,4,4,4,4,4","0.000562906265258789","louvain","edit-xhwikibooks.graphml"
"0","0.63","0.37","0.45446683927477","1,1,1,2,1,2,3,4,4,2,3,3,4,4,4,2,2,3,5,3,6,1,4,4,4,4,4,2,1,2,3,5,3,3,5,5,4,4,6,6,6,6,1,1,1,1,6,1,1,1,6,6,6,6,6,1,1,1,1,6,7,6,6,4,4,6,6,6,6,6,1,6,4,4,6,6,6,6,6,6,6,4,2,2,2,8,6,6,6,6,9,10,11,6,6,6,2,6,6,6,6,6,6,6,6,6,6,3,3,6,6,6,6,5,5,5,5,5,5,5,5,4,4,4,4,4,4,4,4","0.000632047653198242","louvain","edit-xhwikibooks.graphml"
"0.62","0","0.38","0.423207323936865","1,1,2,2,2,3,2,3,3,3,2,2,3,3,3,3,3,2,4,2,5,1,3,3,3,3,3,3,1,3,2,4,2,2,4,4,3,3,5,5,5,5,1,1,1,1,5,1,1,1,5,5,5,5,5,1,1,1,1,5,3,5,5,3,3,5,5,5,5,5,1,5,3,3,5,5,5,5,5,5,5,3,3,3,3,1,5,5,5,5,3,2,4,5,5,5,3,5,5,5,5,5,5,5,5,5,5,2,2,5,5,5,5,4,4,4,4,4,4,4,4,3,3,3,3,3,3,3,3","0.000554800033569336","louvain","edit-xhwikibooks.graphml"
"0.61","0.01","0.38","0.423207323936865","1,1,2,2,2,3,2,3,3,3,2,2,3,3,3,3,3,2,4,2,5,1,3,3,3,3,3,3,1,3,2,4,2,2,4,4,3,3,5,5,5,5,1,1,1,1,5,1,1,1,5,5,5,5,5,1,1,1,1,5,3,5,5,3,3,5,5,5,5,5,1,5,3,3,5,5,5,5,5,5,5,3,3,3,3,1,5,5,5,5,3,2,4,5,5,5,3,5,5,5,5,5,5,5,5,5,5,2,2,5,5,5,5,4,4,4,4,4,4,4,4,3,3,3,3,3,3,3,3","0.00062108039855957","louvain","edit-xhwikibooks.graphml"
"0.6","0.02","0.38","0.418312965012005","1,1,2,2,2,2,2,3,3,2,2,2,3,3,3,2,2,2,3,2,4,1,3,3,3,3,3,2,1,2,2,3,2,2,3,3,5,3,4,4,4,4,1,1,1,1,4,1,1,1,4,4,4,4,4,1,1,1,1,4,3,4,4,3,3,4,4,4,4,4,1,4,3,3,4,4,4,4,4,4,4,3,2,2,2,1,4,4,4,4,2,2,3,4,4,4,2,4,4,4,4,4,4,4,4,4,4,2,2,4,4,4,4,3,3,3,3,3,3,3,3,5,5,5,5,5,5,5,5","0.000802993774414062","louvain","edit-xhwikibooks.graphml"
"0.59","0.03","0.38","0.422318725980342","1,1,2,2,2,3,2,3,3,3,4,2,3,3,3,3,3,4,4,2,5,1,3,3,3,3,3,3,1,3,4,4,2,2,4,4,3,3,5,5,5,5,1,1,1,1,5,1,1,1,5,5,5,5,5,1,1,1,1,5,3,5,5,3,3,5,5,5,5,5,1,5,3,3,5,5,5,5,5,5,5,3,3,3,3,1,5,5,5,5,3,4,4,5,5,5,3,5,5,5,5,5,5,5,5,5,5,2,2,5,5,5,5,4,4,4,4,4,4,4,4,3,3,3,3,3,3,3,3","0.000648021697998047","louvain","edit-xhwikibooks.graphml"
"0.58","0.04","0.38","0.422318725980342","1,1,2,2,2,3,2,3,3,3,4,2,3,3,3,3,3,4,4,2,5,1,3,3,3,3,3,3,1,3,4,4,2,2,4,4,3,3,5,5,5,5,1,1,1,1,5,1,1,1,5,5,5,5,5,1,1,1,1,5,3,5,5,3,3,5,5,5,5,5,1,5,3,3,5,5,5,5,5,5,5,3,3,3,3,1,5,5,5,5,3,4,4,5,5,5,3,5,5,5,5,5,5,5,5,5,5,2,2,5,5,5,5,4,4,4,4,4,4,4,4,3,3,3,3,3,3,3,3","0.000602006912231445","louvain","edit-xhwikibooks.graphml"
"0.57","0.05","0.38","0.412341935073349","1,1,2,2,2,3,2,3,3,3,2,2,3,3,3,3,3,2,4,2,5,1,3,3,3,3,3,3,1,3,2,4,2,2,4,4,3,3,5,5,5,5,1,1,1,1,5,1,1,1,5,5,5,5,5,1,1,1,1,5,3,5,5,3,3,5,5,5,5,5,1,5,3,3,5,5,5,5,5,5,5,3,3,3,3,1,5,5,5,5,3,2,4,5,5,5,3,5,5,5,5,5,5,5,5,5,5,2,2,5,5,5,5,4,4,4,4,4,4,4,4,3,3,3,3,3,3,3,3","0.000612974166870117","louvain","edit-xhwikibooks.graphml"
"0.56","0.06","0.38","0.41093627076681","1,1,1,1,1,2,3,2,2,2,3,3,2,2,2,2,2,3,3,3,4,1,2,2,2,2,2,2,1,2,3,3,3,3,3,3,2,2,4,4,4,4,1,1,1,1,4,1,1,1,4,4,4,4,4,1,1,1,1,4,2,4,4,2,2,4,4,4,4,4,1,4,2,2,4,4,4,4,4,4,4,2,2,2,2,1,4,4,4,4,2,3,3,4,4,4,2,4,4,4,4,4,4,4,4,4,4,3,3,4,4,4,4,3,3,3,3,3,3,3,3,2,2,2,2,2,2,2,2","0.000639915466308594","louvain","edit-xhwikibooks.graphml"
"0.55","0.07","0.38","0.411460382335171","1,1,2,2,2,3,2,3,3,3,4,2,3,3,3,3,3,4,4,2,5,1,3,3,3,3,3,3,1,3,4,4,2,2,4,4,3,3,5,5,5,5,1,1,1,1,5,1,1,1,5,5,5,5,5,1,1,1,1,5,3,5,5,3,3,5,5,5,5,5,1,5,3,3,5,5,5,5,5,5,5,3,3,3,3,1,5,5,5,5,3,4,4,5,5,5,3,5,5,5,5,5,5,5,5,5,5,2,2,5,5,5,5,4,4,4,4,4,4,4,4,3,3,3,3,3,3,3,3","0.000634908676147461","louvain","edit-xhwikibooks.graphml"
"0.54","0.08","0.38","0.412304962801329","1,1,2,2,2,3,2,3,3,3,4,2,3,3,3,3,3,4,4,2,5,1,3,3,3,3,3,3,1,3,4,4,2,2,4,4,3,3,5,5,5,5,1,1,1,1,5,1,1,1,5,5,5,5,5,1,1,1,1,5,3,5,5,3,3,5,5,5,5,5,1,5,3,3,5,5,5,5,5,5,5,3,3,3,3,1,5,5,5,5,3,4,4,5,5,5,3,5,5,5,5,5,5,5,5,5,5,2,2,5,5,5,5,4,4,4,4,4,4,4,4,3,3,3,3,3,3,3,3","0.000649213790893555","louvain","edit-xhwikibooks.graphml"
"0.53","0.09","0.38","0.411800525191614","1,1,2,2,2,3,2,3,3,3,2,2,3,3,3,3,3,2,4,2,5,1,3,3,3,3,3,3,1,3,2,4,2,2,4,4,3,3,5,5,5,5,1,1,1,1,5,1,1,1,5,5,5,5,5,1,1,1,1,5,3,5,5,3,3,5,5,5,5,5,1,5,3,3,5,5,5,5,5,5,5,3,3,3,3,1,5,5,5,5,3,2,4,5,5,5,3,5,5,5,5,5,5,5,5,5,5,2,2,5,5,5,5,4,4,4,4,4,4,4,4,3,3,3,3,3,3,3,3","0.000600099563598633","louvain","edit-xhwikibooks.graphml"
"0.52","0.1","0.38","0.410402512387547","1,1,1,1,1,2,3,2,2,2,3,3,2,2,2,2,2,3,3,3,4,1,2,2,2,2,2,2,1,2,3,3,3,3,3,3,2,2,4,4,4,4,1,1,1,1,4,1,1,1,4,4,4,4,4,1,1,1,1,4,2,4,4,2,2,4,4,4,4,4,1,4,2,2,4,4,4,4,4,4,4,2,2,2,2,1,4,4,4,4,2,3,3,4,4,4,2,4,4,4,4,4,4,4,4,4,4,3,3,4,4,4,4,3,3,3,3,3,3,3,3,2,2,2,2,2,2,2,2","0.00059199333190918","louvain","edit-xhwikibooks.graphml"
"0.51","0.11","0.38","0.410921692237855","1,1,2,2,2,3,2,3,3,3,4,2,3,3,3,3,3,4,4,2,5,1,3,3,3,3,3,3,1,3,4,4,2,2,4,4,3,3,5,5,5,5,1,1,1,1,5,1,1,1,5,5,5,5,5,1,1,1,1,5,3,5,5,3,3,5,5,5,5,5,1,5,3,3,5,5,5,5,5,5,5,3,3,3,3,1,5,5,5,5,3,4,4,5,5,5,3,5,5,5,5,5,5,5,5,5,5,2,2,5,5,5,5,4,4,4,4,4,4,4,4,3,3,3,3,3,3,3,3","0.000590801239013672","louvain","edit-xhwikibooks.graphml"
"0.5","0.12","0.38","0.412558854169281","1,1,2,2,2,3,2,3,3,3,4,2,3,3,3,3,3,4,4,2,5,1,3,3,3,3,3,3,1,3,4,4,2,2,4,4,3,3,5,5,5,5,1,1,1,1,5,1,1,1,5,5,5,5,5,1,1,1,1,5,3,5,5,3,3,5,5,5,5,5,1,5,3,3,5,5,5,5,5,5,5,3,3,3,3,1,5,5,5,5,3,4,4,5,5,5,3,5,5,5,5,5,5,5,5,5,5,2,2,5,5,5,5,4,4,4,4,4,4,4,4,3,3,3,3,3,3,3,3","0.000593185424804688","louvain","edit-xhwikibooks.graphml"
"0.49","0.13","0.38","0.413130078192826","1,1,2,2,2,3,2,3,3,3,4,2,3,3,3,3,3,4,4,2,5,1,3,3,3,3,3,3,1,3,4,4,2,2,4,4,3,3,5,5,5,5,1,1,1,1,5,1,1,1,5,5,5,5,5,1,1,1,1,5,3,5,5,3,3,5,5,5,5,5,1,5,3,3,5,5,5,5,5,5,5,3,3,3,3,1,5,5,5,5,3,4,4,5,5,5,3,5,5,5,5,5,5,5,5,5,5,2,2,5,5,5,5,4,4,4,4,4,4,4,4,3,3,3,3,3,3,3,3","0.000654935836791992","louvain","edit-xhwikibooks.graphml"
"0.48","0.14","0.38","0.413130078192826","1,1,2,2,2,3,2,3,3,3,4,2,3,3,3,3,3,4,4,2,5,1,3,3,3,3,3,3,1,3,4,4,2,2,4,4,3,3,5,5,5,5,1,1,1,1,5,1,1,1,5,5,5,5,5,1,1,1,1,5,3,5,5,3,3,5,5,5,5,5,1,5,3,3,5,5,5,5,5,5,5,3,3,3,3,1,5,5,5,5,3,4,4,5,5,5,3,5,5,5,5,5,5,5,5,5,5,2,2,5,5,5,5,4,4,4,4,4,4,4,4,3,3,3,3,3,3,3,3","0.000674962997436523","louvain","edit-xhwikibooks.graphml"
"0.47","0.15","0.38","0.403782003867255","1,1,1,2,3,2,3,2,2,2,3,3,2,2,2,2,2,3,3,3,4,1,2,2,2,2,2,2,1,2,3,3,3,3,3,3,2,2,4,4,4,4,1,1,1,1,4,1,1,1,4,4,4,4,4,1,1,1,1,4,2,4,4,2,2,4,4,4,4,4,1,4,2,2,4,4,4,4,4,4,4,2,2,2,2,1,4,4,4,4,2,3,3,4,4,4,2,4,4,4,4,4,4,4,4,4,4,3,3,4,4,4,4,3,3,3,3,3,3,3,3,2,2,2,2,2,2,2,2","0.000615119934082031","louvain","edit-xhwikibooks.graphml"
"0.46","0.16","0.38","0.404920239343745","1,1,1,2,3,2,3,2,2,2,3,3,2,2,2,2,2,3,4,3,5,1,2,2,2,2,2,2,1,2,3,4,3,3,4,4,2,2,5,5,5,5,1,1,1,1,5,1,1,1,5,5,5,5,5,1,1,1,1,5,2,5,5,2,2,5,5,5,5,5,1,5,2,2,5,5,5,5,5,5,5,2,2,2,2,1,5,5,5,5,2,3,4,5,5,5,2,5,5,5,5,5,5,5,5,5,5,3,3,5,5,5,5,4,4,4,4,4,4,4,4,2,2,2,2,2,2,2,2","0.00062108039855957","louvain","edit-xhwikibooks.graphml"
"0.45","0.17","0.38","0.405506564056134","1,1,1,2,3,2,3,2,2,2,3,3,2,2,2,2,2,3,4,3,5,1,2,2,2,2,2,2,1,2,3,4,3,3,4,4,2,2,5,5,5,5,1,1,1,1,5,1,1,1,5,5,5,5,5,1,1,1,1,5,2,5,5,2,2,5,5,5,5,5,1,5,2,2,5,5,5,5,5,5,5,2,2,2,2,1,5,5,5,5,2,3,4,5,5,5,2,5,5,5,5,5,5,5,5,5,5,3,3,5,5,5,5,4,4,4,4,4,4,4,4,2,2,2,2,2,2,2,2","0.000592947006225586","louvain","edit-xhwikibooks.graphml"
"0.44","0.18","0.38","0.405236396559529","1,1,1,2,3,2,3,2,2,2,3,3,2,2,2,2,2,3,3,4,5,1,2,2,2,2,2,2,1,2,3,3,4,4,3,3,2,2,5,5,5,5,1,1,1,1,5,1,1,1,5,5,5,5,5,1,1,1,1,5,2,5,5,2,2,5,5,5,5,5,1,5,2,2,5,5,5,5,5,5,5,2,2,2,2,1,5,5,5,5,2,3,3,5,5,5,2,5,5,5,5,5,5,5,5,5,5,4,4,5,5,5,5,3,3,3,3,3,3,3,3,2,2,2,2,2,2,2,2","0.000593185424804688","louvain","edit-xhwikibooks.graphml"
"0.43","0.19","0.38","0.404141964689905","1,1,1,2,3,2,3,2,2,2,3,3,2,2,2,2,2,3,3,4,5,1,2,2,2,2,2,2,1,2,3,3,4,4,3,3,2,2,5,5,5,5,1,1,1,1,5,1,1,1,5,5,5,5,5,1,1,1,1,5,2,5,5,2,2,5,5,5,5,5,1,5,2,2,5,5,5,5,5,5,5,2,2,2,2,1,5,5,5,5,2,3,3,5,5,5,2,5,5,5,5,5,5,5,5,5,5,4,4,5,5,5,5,3,3,3,3,3,3,3,3,2,2,2,2,2,2,2,2","0.000608921051025391","louvain","edit-xhwikibooks.graphml"
"0.42","0.2","0.38","0.40606202569931","1,1,1,2,3,2,3,2,2,2,3,3,2,2,2,2,2,3,4,3,5,1,2,2,2,2,2,2,1,2,3,4,3,3,4,4,2,2,5,5,5,5,1,1,1,1,5,1,1,1,5,5,5,5,5,1,1,1,1,5,2,5,5,2,2,5,5,5,5,5,1,5,2,2,5,5,5,5,5,5,5,2,2,2,2,1,5,5,5,5,2,3,4,5,5,5,2,5,5,5,5,5,5,5,5,5,5,3,3,5,5,5,5,4,4,4,4,4,4,4,4,2,2,2,2,2,2,2,2","0.000654935836791992","louvain","edit-xhwikibooks.graphml"
"0.41","0.21","0.38","0.406378301071695","1,1,1,2,3,2,3,2,2,2,3,3,2,2,2,2,2,3,3,4,5,1,2,2,2,2,2,2,1,2,3,3,4,4,3,3,2,2,5,5,5,5,1,1,1,1,5,1,1,1,5,5,5,5,5,1,1,1,1,5,2,5,5,2,2,5,5,5,5,5,1,5,2,2,5,5,5,5,5,5,5,2,2,2,2,1,5,5,5,5,2,3,3,5,5,5,2,5,5,5,5,5,5,5,5,5,5,4,4,5,5,5,5,3,3,3,3,3,3,3,3,2,2,2,2,2,2,2,2","0.000689029693603516","louvain","edit-xhwikibooks.graphml"
"0.4","0.22","0.38","0.406378301071695","1,1,1,2,3,2,3,2,2,2,3,3,2,2,2,2,2,3,3,4,5,1,2,2,2,2,2,2,1,2,3,3,4,4,3,3,2,2,5,5,5,5,1,1,1,1,5,1,1,1,5,5,5,5,5,1,1,1,1,5,2,5,5,2,2,5,5,5,5,5,1,5,2,2,5,5,5,5,5,5,5,2,2,2,2,1,5,5,5,5,2,3,3,5,5,5,2,5,5,5,5,5,5,5,5,5,5,4,4,5,5,5,5,3,3,3,3,3,3,3,3,2,2,2,2,2,2,2,2","0.000638008117675781","louvain","edit-xhwikibooks.graphml"
"0.39","0.23","0.38","0.407763734643453","1,1,1,2,3,2,3,2,2,2,3,3,2,2,2,2,2,3,3,4,5,1,2,2,2,2,2,2,1,2,3,3,4,4,3,3,2,2,5,5,5,5,1,1,1,1,5,1,1,1,5,5,5,5,5,1,1,1,1,5,2,5,5,2,2,5,5,5,5,5,1,5,2,2,5,5,5,5,5,5,5,2,2,2,2,1,5,5,5,5,2,3,3,5,5,5,2,5,5,5,5,5,5,5,5,5,5,4,4,5,5,5,5,3,3,3,3,3,3,3,3,2,2,2,2,2,2,2,2","0.000660896301269531","louvain","edit-xhwikibooks.graphml"
"0.38","0.24","0.38","0.409718615892074","1,1,1,2,3,2,3,2,2,2,3,3,2,2,2,2,2,3,4,3,5,1,2,2,2,2,2,2,1,2,3,4,3,3,4,4,2,2,5,5,5,5,1,1,1,1,5,1,1,1,5,5,5,5,5,1,1,1,1,5,2,5,5,2,2,5,5,5,5,5,1,5,2,2,5,5,5,5,5,5,5,2,2,2,2,1,5,5,5,5,2,3,4,5,5,5,2,5,5,5,5,5,5,5,5,5,5,3,3,5,5,5,5,4,4,4,4,4,4,4,4,2,2,2,2,2,2,2,2","0.000554084777832031","louvain","edit-xhwikibooks.graphml"
"0.37","0.25","0.38","0.41186534267255","1,1,1,2,3,2,3,2,2,2,3,3,2,2,2,2,2,3,3,4,5,1,2,2,2,2,2,2,1,2,3,3,4,4,3,3,2,2,5,5,5,5,1,1,1,1,5,1,1,1,5,5,5,5,5,1,1,1,1,5,2,5,5,2,2,5,5,5,5,5,1,5,2,2,5,5,5,5,5,5,5,2,2,2,2,1,5,5,5,5,2,3,3,5,5,5,2,5,5,5,5,5,5,5,5,5,5,4,4,5,5,5,5,3,3,3,3,3,3,3,3,2,2,2,2,2,2,2,2","0.000580072402954102","louvain","edit-xhwikibooks.graphml"
"0.36","0.26","0.38","0.41186534267255","1,1,1,2,3,2,3,2,2,2,3,3,2,2,2,2,2,3,3,4,5,1,2,2,2,2,2,2,1,2,3,3,4,4,3,3,2,2,5,5,5,5,1,1,1,1,5,1,1,1,5,5,5,5,5,1,1,1,1,5,2,5,5,2,2,5,5,5,5,5,1,5,2,2,5,5,5,5,5,5,5,2,2,2,2,1,5,5,5,5,2,3,3,5,5,5,2,5,5,5,5,5,5,5,5,5,5,4,4,5,5,5,5,3,3,3,3,3,3,3,3,2,2,2,2,2,2,2,2","0.000612020492553711","louvain","edit-xhwikibooks.graphml"
"0.35","0.27","0.38","0.41186534267255","1,1,1,2,3,2,3,2,2,2,3,3,2,2,2,2,2,3,3,4,5,1,2,2,2,2,2,2,1,2,3,3,4,4,3,3,2,2,5,5,5,5,1,1,1,1,5,1,1,1,5,5,5,5,5,1,1,1,1,5,2,5,5,2,2,5,5,5,5,5,1,5,2,2,5,5,5,5,5,5,5,2,2,2,2,1,5,5,5,5,2,3,3,5,5,5,2,5,5,5,5,5,5,5,5,5,5,4,4,5,5,5,5,3,3,3,3,3,3,3,3,2,2,2,2,2,2,2,2","0.000702857971191406","louvain","edit-xhwikibooks.graphml"
"0.34","0.28","0.38","0.411866632089696","1,1,1,2,3,2,3,2,2,2,3,3,2,2,2,2,2,3,4,3,5,1,2,2,2,2,2,2,1,2,3,4,3,3,4,4,2,2,5,5,5,5,1,1,1,1,5,1,1,1,5,5,5,5,5,1,1,1,1,5,2,5,5,2,2,5,5,5,5,5,1,5,2,2,5,5,5,5,5,5,5,2,2,2,2,1,5,5,5,5,2,3,4,5,5,5,2,5,5,5,5,5,5,5,5,5,5,3,3,5,5,5,5,4,4,4,4,4,4,4,4,2,2,2,2,2,2,2,2","0.000681877136230469","louvain","edit-xhwikibooks.graphml"
"0.33","0.29","0.38","0.411094566310543","1,1,1,2,3,2,3,2,2,2,3,3,2,2,2,2,2,3,4,3,5,1,2,2,2,2,2,2,1,2,3,4,3,3,4,4,2,2,5,5,5,5,1,1,1,1,5,1,1,1,5,5,5,5,5,1,1,1,1,5,2,5,5,2,2,5,5,5,5,5,1,5,2,2,5,5,5,5,5,5,5,2,2,2,2,1,5,5,5,5,2,3,4,5,5,5,2,5,5,5,5,5,5,5,5,5,5,3,3,5,5,5,5,4,4,4,4,4,4,4,4,2,2,2,2,2,2,2,2","0.000640869140625","louvain","edit-xhwikibooks.graphml"
"0.32","0.3","0.38","0.41082719733814","1,1,1,2,3,2,3,2,2,2,3,3,2,2,2,2,2,3,4,3,5,1,2,2,2,2,2,2,1,2,3,4,3,3,4,4,2,2,5,5,5,5,1,1,1,1,5,1,1,1,5,5,5,5,5,1,1,1,1,5,2,5,5,2,2,5,5,5,5,5,1,5,2,2,5,5,5,5,5,5,5,2,2,2,2,1,5,5,5,5,2,3,4,5,5,5,2,5,5,5,5,5,5,5,5,5,5,3,3,5,5,5,5,4,4,4,4,4,4,4,4,2,2,2,2,2,2,2,2","0.000713825225830078","louvain","edit-xhwikibooks.graphml"
"0.31","0.31","0.38","0.411378553476959","1,1,1,2,3,2,3,2,2,2,3,3,2,2,2,2,2,3,3,4,5,1,2,2,2,2,2,2,1,2,3,3,4,4,3,3,2,2,5,5,5,5,1,1,1,1,5,1,1,1,5,5,5,5,5,1,1,1,1,5,2,5,5,2,2,5,5,5,5,5,1,5,2,2,5,5,5,5,5,5,5,2,2,2,2,1,5,5,5,5,2,3,3,5,5,5,2,5,5,5,5,5,5,5,5,5,5,4,4,5,5,5,5,3,3,3,3,3,3,3,3,2,2,2,2,2,2,2,2","0.000612020492553711","louvain","edit-xhwikibooks.graphml"
"0.3","0.32","0.38","0.411112562672128","1,1,1,2,3,2,3,2,2,2,3,3,2,2,2,2,2,3,3,4,5,1,2,2,2,2,2,2,1,2,3,3,4,4,3,3,2,2,5,5,5,5,1,1,1,1,5,1,1,1,5,5,5,5,5,1,1,1,1,5,2,5,5,2,2,5,5,5,5,5,1,5,2,2,5,5,5,5,5,5,5,2,2,2,2,1,5,5,5,5,2,3,3,5,5,5,2,5,5,5,5,5,5,5,5,5,5,4,4,5,5,5,5,3,3,3,3,3,3,3,3,2,2,2,2,2,2,2,2","0.000658988952636719","louvain","edit-xhwikibooks.graphml"
"0.29","0.33","0.38","0.406174029286888","1,1,1,2,3,2,3,2,2,2,3,3,2,2,2,2,2,3,3,3,4,1,2,2,2,2,2,2,1,2,3,3,3,3,3,3,2,2,4,4,4,4,1,1,1,1,4,1,1,1,4,4,4,4,4,1,1,1,1,4,2,4,4,2,2,4,4,4,4,4,1,4,2,2,4,4,4,4,4,4,4,2,2,2,2,1,4,4,4,4,2,3,3,4,4,4,2,4,4,4,4,4,4,4,4,4,4,3,3,4,4,4,4,3,3,3,3,3,3,3,3,2,2,2,2,2,2,2,2","0.000615835189819336","louvain","edit-xhwikibooks.graphml"
"0.28","0.34","0.38","0.417936896259811","1,1,1,2,3,2,3,2,2,2,3,3,2,2,2,2,2,3,4,3,5,1,2,2,2,2,2,2,1,2,3,4,3,3,4,4,2,2,5,5,5,5,1,1,1,1,5,1,1,1,5,5,5,5,5,1,1,1,1,5,2,5,5,2,2,5,5,5,5,5,1,5,2,2,5,5,5,5,5,5,5,2,2,2,2,1,5,5,5,5,2,3,4,5,5,5,2,5,5,5,5,5,5,5,5,5,5,3,3,5,5,5,5,4,4,4,4,4,4,4,4,2,2,2,2,2,2,2,2","0.000676870346069336","louvain","edit-xhwikibooks.graphml"
"0.27","0.35","0.38","0.417936896259811","1,1,1,2,3,2,3,2,2,2,3,3,2,2,2,2,2,3,4,3,5,1,2,2,2,2,2,2,1,2,3,4,3,3,4,4,2,2,5,5,5,5,1,1,1,1,5,1,1,1,5,5,5,5,5,1,1,1,1,5,2,5,5,2,2,5,5,5,5,5,1,5,2,2,5,5,5,5,5,5,5,2,2,2,2,1,5,5,5,5,2,3,4,5,5,5,2,5,5,5,5,5,5,5,5,5,5,3,3,5,5,5,5,4,4,4,4,4,4,4,4,2,2,2,2,2,2,2,2","0.000707864761352539","louvain","edit-xhwikibooks.graphml"
"0.26","0.36","0.38","0.417669097222222","1,1,1,2,3,2,3,2,2,2,3,3,2,2,2,2,2,3,4,3,5,1,2,2,2,2,2,2,1,2,3,4,3,3,4,4,2,2,5,5,5,5,1,1,1,1,5,1,1,1,5,5,5,5,5,1,1,1,1,5,2,5,5,2,2,5,5,5,5,5,1,5,2,2,5,5,5,5,5,5,5,2,2,2,2,1,5,5,5,5,2,3,4,5,5,5,2,5,5,5,5,5,5,5,5,5,5,3,3,5,5,5,5,4,4,4,4,4,4,4,4,2,2,2,2,2,2,2,2","0.00063014030456543","louvain","edit-xhwikibooks.graphml"
"0.25","0.37","0.38","0.417669097222222","1,1,1,2,3,2,3,2,2,2,3,3,2,2,2,2,2,3,4,3,5,1,2,2,2,2,2,2,1,2,3,4,3,3,4,4,2,2,5,5,5,5,1,1,1,1,5,1,1,1,5,5,5,5,5,1,1,1,1,5,2,5,5,2,2,5,5,5,5,5,1,5,2,2,5,5,5,5,5,5,5,2,2,2,2,1,5,5,5,5,2,3,4,5,5,5,2,5,5,5,5,5,5,5,5,5,5,3,3,5,5,5,5,4,4,4,4,4,4,4,4,2,2,2,2,2,2,2,2","0.000619888305664062","louvain","edit-xhwikibooks.graphml"
"0.24","0.38","0.38","0.417401610231829","1,1,1,2,3,2,3,2,2,2,3,3,2,2,2,2,2,3,4,3,5,1,2,2,2,2,2,2,1,2,3,4,3,3,4,4,2,2,5,5,5,5,1,1,1,1,5,1,1,1,5,5,5,5,5,1,1,1,1,5,2,5,5,2,2,5,5,5,5,5,1,5,2,2,5,5,5,5,5,5,5,2,2,2,2,1,5,5,5,5,2,3,4,5,5,5,2,5,5,5,5,5,5,5,5,5,5,3,3,5,5,5,5,4,4,4,4,4,4,4,4,2,2,2,2,2,2,2,2","0.000575065612792969","louvain","edit-xhwikibooks.graphml"
"0.23","0.39","0.38","0.414335410118455","1,1,1,2,3,2,3,2,2,2,3,3,2,2,2,2,2,3,3,4,5,1,2,2,2,2,2,2,1,2,3,3,4,4,3,3,2,2,5,5,5,5,1,1,1,1,5,1,1,1,5,5,5,5,5,1,1,1,1,5,6,5,5,2,2,5,5,5,5,5,1,5,2,2,5,5,5,5,5,5,5,2,2,2,2,7,5,5,5,5,8,9,10,5,5,5,2,5,5,5,5,5,5,5,5,5,5,4,4,5,5,5,5,3,3,3,3,3,3,3,3,2,2,2,2,2,2,2,2","0.000657796859741211","louvain","edit-xhwikibooks.graphml"
"0.22","0.4","0.38","0.415950601036032","1,1,1,2,3,2,3,2,2,2,3,3,2,2,2,2,2,3,4,3,5,1,2,2,2,2,2,2,1,2,3,4,3,3,4,4,2,2,5,5,5,5,1,1,1,1,5,1,1,1,5,5,5,5,5,1,1,1,1,5,6,5,5,2,2,5,5,5,5,5,1,5,2,2,5,5,5,5,5,5,5,2,2,2,2,7,5,5,5,5,8,9,10,5,5,5,2,5,5,5,5,5,5,5,5,5,5,3,3,5,5,5,5,4,4,4,4,4,4,4,4,2,2,2,2,2,2,2,2","0.000678062438964844","louvain","edit-xhwikibooks.graphml"
"0.21","0.41","0.38","0.415950601036032","1,1,1,2,3,2,3,2,2,2,3,3,2,2,2,2,2,3,4,3,5,1,2,2,2,2,2,2,1,2,3,4,3,3,4,4,2,2,5,5,5,5,1,1,1,1,5,1,1,1,5,5,5,5,5,1,1,1,1,5,6,5,5,2,2,5,5,5,5,5,1,5,2,2,5,5,5,5,5,5,5,2,2,2,2,7,5,5,5,5,8,9,10,5,5,5,2,5,5,5,5,5,5,5,5,5,5,3,3,5,5,5,5,4,4,4,4,4,4,4,4,2,2,2,2,2,2,2,2","0.000604867935180664","louvain","edit-xhwikibooks.graphml"
"0.2","0.42","0.38","0.415683333333333","1,1,1,2,3,2,3,2,2,2,3,3,2,2,2,2,2,3,4,3,5,1,2,2,2,2,2,2,1,2,3,4,3,3,4,4,2,2,5,5,5,5,1,1,1,1,5,1,1,1,5,5,5,5,5,1,1,1,1,5,6,5,5,2,2,5,5,5,5,5,1,5,2,2,5,5,5,5,5,5,5,2,2,2,2,7,5,5,5,5,8,9,10,5,5,5,2,5,5,5,5,5,5,5,5,5,5,3,3,5,5,5,5,4,4,4,4,4,4,4,4,2,2,2,2,2,2,2,2","0.000619888305664062","louvain","edit-xhwikibooks.graphml"
"0.19","0.43","0.38","0.416188008743754","1,1,1,2,3,2,3,2,2,2,3,3,2,2,2,2,2,3,3,4,5,1,2,2,2,2,2,2,1,2,3,3,4,4,3,3,2,2,5,5,5,5,1,1,1,1,5,1,1,1,5,5,5,5,5,1,1,1,1,5,6,5,5,2,2,5,5,5,5,5,1,5,2,2,5,5,5,5,5,5,5,2,2,2,2,7,5,5,5,5,8,9,10,5,5,5,2,5,5,5,5,5,5,5,5,5,5,4,4,5,5,5,5,3,3,3,3,3,3,3,3,2,2,2,2,2,2,2,2","0.000601053237915039","louvain","edit-xhwikibooks.graphml"
"0.18","0.44","0.38","0.416049512598249","1,1,1,2,3,2,3,2,2,2,3,4,2,2,2,2,2,3,3,4,5,1,2,2,2,2,2,2,1,2,3,3,4,4,3,3,2,2,5,5,5,5,1,1,1,1,5,1,1,1,5,5,5,5,5,1,1,1,1,5,6,5,5,2,2,5,5,5,5,5,1,5,2,2,5,5,5,5,5,5,5,2,2,2,2,7,5,5,5,5,8,9,10,5,5,5,2,5,5,5,5,5,5,5,5,5,5,4,4,5,5,5,5,3,3,3,3,3,3,3,3,2,2,2,2,2,2,2,2","0.000624895095825195","louvain","edit-xhwikibooks.graphml"
"0.17","0.45","0.38","0.417836171786183","1,1,1,2,3,2,3,2,2,2,3,3,2,2,2,2,2,3,4,3,5,1,2,2,2,2,2,2,1,2,3,4,3,3,4,4,2,2,5,5,5,5,1,1,1,1,5,1,1,1,5,5,5,5,5,1,1,1,1,5,6,5,5,2,2,5,5,5,5,5,1,5,2,2,5,5,5,5,5,5,5,2,2,2,2,7,5,5,5,5,8,9,10,5,5,5,2,5,5,5,5,5,5,5,5,5,5,3,3,5,5,5,5,4,4,4,4,4,4,4,4,2,2,2,2,2,2,2,2","0.000615119934082031","louvain","edit-xhwikibooks.graphml"
"0.16","0.46","0.38","0.41724212737384","1,1,1,2,3,2,3,2,2,2,3,3,2,2,2,2,2,3,3,4,5,1,2,2,2,2,2,2,1,2,3,3,4,4,3,3,2,2,5,5,5,5,1,1,1,1,5,1,1,1,5,5,5,5,5,1,1,1,1,5,6,5,5,2,2,5,5,5,5,5,1,5,2,2,5,5,5,5,5,5,5,2,2,2,2,7,5,5,5,5,8,9,10,5,5,5,2,5,5,5,5,5,5,5,5,5,5,4,4,5,5,5,5,3,3,3,3,3,3,3,3,2,2,2,2,2,2,2,2","0.000604867935180664","louvain","edit-xhwikibooks.graphml"
"0.15","0.47","0.38","0.418052083419277","1,1,1,2,3,2,3,2,2,2,3,3,2,2,2,2,2,3,3,4,5,1,2,2,2,2,2,2,1,2,3,3,4,4,3,3,2,2,5,5,5,5,1,1,1,1,5,1,1,1,5,5,5,5,5,1,1,1,1,5,6,5,5,2,2,5,5,5,5,5,1,5,2,2,5,5,5,5,5,5,5,2,2,2,2,7,5,5,5,5,8,9,10,5,5,5,2,5,5,5,5,5,5,5,5,5,5,4,4,5,5,5,5,3,3,3,3,3,3,3,3,2,2,2,2,2,2,2,2","0.000647068023681641","louvain","edit-xhwikibooks.graphml"
"0.14","0.48","0.38","0.418111279892425","1,1,1,2,3,2,3,2,2,2,3,3,2,2,2,2,2,3,4,3,5,1,2,2,2,2,2,2,1,2,3,4,3,3,4,4,2,2,5,5,5,5,1,1,1,1,5,1,1,1,5,5,5,5,5,1,1,1,1,5,6,5,5,2,2,5,5,5,5,5,1,5,2,2,5,5,5,5,5,5,5,2,2,2,2,7,5,5,5,5,8,9,10,5,5,5,2,5,5,5,5,5,5,5,5,5,5,3,3,5,5,5,5,4,4,4,4,4,4,4,4,2,2,2,2,2,2,2,2","0.000633955001831055","louvain","edit-xhwikibooks.graphml"
"0.13","0.49","0.38","0.417786606573502","1,1,1,2,3,2,3,2,2,2,3,3,2,2,2,2,2,3,3,4,5,1,2,2,2,2,2,2,1,2,3,3,4,4,3,3,2,2,5,5,5,5,1,1,1,1,5,1,1,1,5,5,5,5,5,1,1,1,1,5,6,5,5,2,2,5,5,5,5,5,1,5,2,2,5,5,5,5,5,5,5,2,2,2,2,7,5,5,5,5,8,9,10,5,5,5,2,5,5,5,5,5,5,5,5,5,5,4,4,5,5,5,5,3,3,3,3,3,3,3,3,2,2,2,2,2,2,2,2","0.000624895095825195","louvain","edit-xhwikibooks.graphml"
"0.12","0.5","0.38","0.449264563280221","1,1,1,2,3,2,3,2,2,2,3,3,2,2,2,2,2,3,3,4,5,1,2,2,2,2,2,2,1,2,3,3,4,4,3,3,2,2,5,5,5,5,1,1,1,1,5,1,1,1,5,5,5,5,5,1,1,1,1,5,6,5,5,2,2,5,5,5,5,5,1,5,2,2,5,5,5,5,5,5,5,2,2,2,2,7,5,5,5,5,8,9,10,5,5,5,2,5,5,5,5,5,5,5,5,5,5,4,4,5,5,5,5,3,3,3,3,3,3,3,3,2,2,2,2,2,2,2,2","0.000631093978881836","louvain","edit-xhwikibooks.graphml"
"0.11","0.51","0.38","0.449565678939256","1,1,1,2,3,2,3,2,2,2,3,4,2,2,2,2,2,3,3,4,5,1,2,2,2,2,2,2,1,2,3,3,4,4,3,3,2,2,5,5,5,5,1,1,1,1,5,1,1,1,5,5,5,5,5,1,1,1,1,5,6,5,5,2,2,5,5,5,5,5,1,5,2,2,5,5,5,5,5,5,5,2,2,2,2,7,5,5,5,5,8,9,10,5,5,5,2,5,5,5,5,5,5,5,5,5,5,4,4,5,5,5,5,3,3,3,3,3,3,3,3,2,2,2,2,2,2,2,2","0.000597000122070312","louvain","edit-xhwikibooks.graphml"
"0.1","0.52","0.38","0.450359297328747","1,1,1,2,3,2,3,2,2,2,3,3,2,2,2,2,2,3,4,3,5,1,2,2,2,2,2,2,1,2,3,4,3,3,4,4,2,2,5,5,5,5,1,1,1,1,5,1,1,1,5,5,5,5,5,1,1,1,1,5,6,5,5,2,2,5,5,5,5,5,1,5,2,2,5,5,5,5,5,5,5,2,2,2,2,7,5,5,5,5,8,9,10,5,5,5,2,5,5,5,5,5,5,5,5,5,5,3,3,5,5,5,5,4,4,4,4,4,4,4,4,2,2,2,2,2,2,2,2","0.000674009323120117","louvain","edit-xhwikibooks.graphml"
"0.09","0.53","0.38","0.449192364733313","1,1,1,2,3,2,3,2,2,2,3,3,2,2,2,2,2,3,4,3,5,1,2,2,2,2,2,2,1,2,3,4,3,3,4,4,2,2,5,5,5,5,1,1,1,1,5,1,1,1,5,5,5,5,5,1,1,1,1,5,6,5,5,2,2,5,5,5,5,5,1,5,2,2,5,5,5,5,5,5,5,2,2,2,2,7,5,5,5,5,8,9,10,5,5,5,2,5,5,5,5,5,5,5,5,5,5,3,3,5,5,5,5,4,4,4,4,4,4,4,4,2,2,2,2,2,2,2,2","0.000699996948242188","louvain","edit-xhwikibooks.graphml"
"0.08","0.54","0.38","0.450651238305003","1,1,1,2,3,2,3,2,2,2,3,3,2,2,2,2,2,3,4,3,5,1,2,2,2,2,2,2,1,2,3,4,3,3,4,4,2,2,5,5,5,5,1,1,1,1,5,1,1,1,5,5,5,5,5,1,1,1,1,5,6,5,5,2,2,5,5,5,5,5,1,5,2,2,5,5,5,5,5,5,5,2,2,2,2,7,5,5,5,5,8,9,10,5,5,5,2,5,5,5,5,5,5,5,5,5,5,3,3,5,5,5,5,4,4,4,4,4,4,4,4,2,2,2,2,2,2,2,2","0.000663995742797852","louvain","edit-xhwikibooks.graphml"
"0.07","0.55","0.38","0.450383016770577","1,1,1,2,3,2,3,2,2,2,3,3,2,2,2,2,2,3,4,3,5,1,2,2,2,2,2,2,1,2,3,4,3,3,4,4,2,2,5,5,5,5,1,1,1,1,5,1,1,1,5,5,5,5,5,1,1,1,1,5,6,5,5,2,2,5,5,5,5,5,1,5,2,2,5,5,5,5,5,5,5,2,2,2,2,7,5,5,5,5,8,9,10,5,5,5,2,5,5,5,5,5,5,5,5,5,5,3,3,5,5,5,5,4,4,4,4,4,4,4,4,2,2,2,2,2,2,2,2","0.000640869140625","louvain","edit-xhwikibooks.graphml"
"0.06","0.56","0.38","0.4517713066453","1,1,1,2,3,2,3,2,2,2,3,3,2,2,2,2,2,3,4,3,5,1,2,2,2,2,2,2,1,2,3,4,3,3,4,4,2,2,5,5,5,5,1,1,1,1,5,1,1,1,5,5,5,5,5,1,1,1,1,5,6,5,5,2,2,5,5,5,5,5,1,5,2,2,5,5,5,5,5,5,5,2,2,2,2,7,5,5,5,5,8,9,10,5,5,5,2,5,5,5,5,5,5,5,5,5,5,3,3,5,5,5,5,4,4,4,4,4,4,4,4,2,2,2,2,2,2,2,2","0.00067901611328125","louvain","edit-xhwikibooks.graphml"
"0.05","0.57","0.38","0.438295846915526","1,1,1,2,3,2,3,2,2,2,3,3,2,2,2,2,2,3,4,3,5,1,2,2,2,2,2,2,1,2,3,4,3,3,4,4,2,2,5,5,5,5,1,1,1,1,5,1,1,1,5,5,5,5,5,1,1,1,1,5,6,5,5,2,2,5,5,5,5,5,1,5,2,2,5,5,5,5,5,5,5,2,2,2,2,7,5,5,5,5,8,9,10,5,5,5,2,5,5,5,5,5,5,5,5,5,5,3,3,5,5,5,5,4,4,4,4,4,4,4,4,2,2,2,2,2,2,2,2","0.000687122344970703","louvain","edit-xhwikibooks.graphml"
"0.04","0.58","0.38","0.439744081685744","1,1,1,2,3,2,3,2,2,2,3,3,2,2,2,2,2,3,4,3,5,1,2,2,2,2,2,2,1,2,3,4,3,3,4,4,2,2,5,5,5,5,1,1,1,1,5,1,1,1,5,5,5,5,5,1,1,1,1,5,6,5,5,2,2,5,5,5,5,5,1,5,2,2,5,5,5,5,5,5,5,2,2,2,2,7,5,5,5,5,8,9,10,5,5,5,2,5,5,5,5,5,5,5,5,5,5,3,3,5,5,5,5,4,4,4,4,4,4,4,4,2,2,2,2,2,2,2,2","0.000690937042236328","louvain","edit-xhwikibooks.graphml"
"0.03","0.59","0.38","0.438192861284569","1,1,1,2,1,2,1,2,2,2,1,1,2,2,2,3,2,1,4,5,6,1,2,2,2,2,2,3,1,2,1,4,5,5,4,4,2,2,6,6,6,6,1,1,1,1,6,1,1,1,6,6,6,6,6,1,1,1,1,6,7,6,6,2,2,6,6,6,6,6,1,6,2,2,6,6,6,6,6,6,6,2,3,3,3,8,6,6,6,6,9,10,11,6,6,6,3,6,6,6,6,6,6,6,6,6,6,5,5,6,6,6,6,4,4,4,4,4,4,4,4,2,2,2,2,2,2,2,2","0.000565052032470703","louvain","edit-xhwikibooks.graphml"
"0.02","0.6","0.38","0.440880192149246","1,1,1,2,3,2,3,2,2,2,3,3,2,2,2,2,2,3,4,3,5,1,2,2,2,2,2,2,1,2,3,4,3,3,4,4,2,2,5,5,5,5,1,1,1,1,5,1,1,1,5,5,5,5,5,1,1,1,1,5,6,5,5,2,2,5,5,5,5,5,1,5,2,2,5,5,5,5,5,5,5,2,2,2,2,7,5,5,5,5,8,9,10,5,5,5,2,5,5,5,5,5,5,5,5,5,5,3,3,5,5,5,5,4,4,4,4,4,4,4,4,2,2,2,2,2,2,2,2","0.000708818435668945","louvain","edit-xhwikibooks.graphml"
"0.01","0.61","0.38","0.440666000661697","1,1,1,2,3,2,3,2,2,2,3,3,2,2,2,4,2,3,5,3,6,1,2,2,2,2,2,4,1,2,3,5,3,3,5,5,2,2,6,6,6,6,1,1,1,1,6,1,1,1,6,6,6,6,6,1,1,1,1,6,7,6,6,2,2,6,6,6,6,6,1,6,2,2,6,6,6,6,6,6,6,2,4,4,4,8,6,6,6,6,9,10,11,6,6,6,4,6,6,6,6,6,6,6,6,6,6,3,3,6,6,6,6,5,5,5,5,5,5,5,5,2,2,2,2,2,2,2,2","0.00067901611328125","louvain","edit-xhwikibooks.graphml"
"0","0.62","0.38","0.442325825005869","1,1,1,2,1,2,1,2,2,2,1,1,2,2,2,3,2,1,4,5,6,1,2,2,2,2,2,3,1,2,1,4,5,5,4,4,2,2,6,6,6,6,1,1,1,1,6,1,1,1,6,6,6,6,6,1,1,1,1,6,7,6,6,2,2,6,6,6,6,6,1,6,2,2,6,6,6,6,6,6,6,2,3,3,3,8,6,6,6,6,9,10,11,6,6,6,3,6,6,6,6,6,6,6,6,6,6,5,5,6,6,6,6,4,4,4,4,4,4,4,4,2,2,2,2,2,2,2,2","0.000710964202880859","louvain","edit-xhwikibooks.graphml"
"0.61","0","0.39","0.410692638044477","1,1,2,2,2,2,2,3,3,2,2,2,3,3,3,2,2,2,4,2,5,1,3,3,3,3,3,2,1,2,2,4,2,2,4,4,3,3,5,5,5,5,1,1,1,1,5,1,1,1,5,5,5,5,5,1,1,1,1,5,3,5,5,3,3,5,5,5,5,5,1,5,3,3,5,5,5,5,5,5,5,3,2,2,2,1,5,5,5,5,2,2,4,5,5,5,2,5,5,5,5,5,5,5,5,5,5,2,2,5,5,5,5,4,4,4,4,4,4,4,4,3,3,3,3,3,3,3,3","0.000622987747192383","louvain","edit-xhwikibooks.graphml"
"0.6","0.01","0.39","0.411008696372861","1,1,2,2,2,3,2,3,3,3,2,2,3,3,3,3,3,2,4,2,5,1,3,3,3,3,3,3,1,3,2,4,2,2,4,4,3,3,5,5,5,5,1,1,1,1,5,1,1,1,5,5,5,5,5,1,1,1,1,5,3,5,5,3,3,5,5,5,5,5,1,5,3,3,5,5,5,5,5,5,5,3,3,3,3,1,5,5,5,5,3,2,4,5,5,5,3,5,5,5,5,5,5,5,5,5,5,2,2,5,5,5,5,4,4,4,4,4,4,4,4,3,3,3,3,3,3,3,3","0.000666141510009766","louvain","edit-xhwikibooks.graphml"
"0.59","0.02","0.39","0.409813857759939","1,1,1,1,1,2,1,2,2,2,3,1,2,2,2,2,2,3,3,1,4,1,2,2,2,2,2,2,1,2,3,3,1,1,3,3,2,2,4,4,4,4,1,1,1,1,4,1,1,1,4,4,4,4,4,1,1,1,1,4,2,4,4,2,2,4,4,4,4,4,1,4,2,2,4,4,4,4,4,4,4,2,2,2,2,1,4,4,4,4,2,3,3,4,4,4,2,4,4,4,4,4,4,4,4,4,4,1,1,4,4,4,4,3,3,3,3,3,3,3,3,2,2,2,2,2,2,2,2","0.0341200828552246","louvain","edit-xhwikibooks.graphml"
"0.58","0.03","0.39","0.41075063897302","1,1,2,2,2,3,2,3,3,3,2,2,3,3,3,3,3,2,4,2,5,1,3,3,3,3,3,3,1,3,2,4,2,2,4,4,3,3,5,5,5,5,1,1,1,1,5,1,1,1,5,5,5,5,5,1,1,1,1,5,3,5,5,3,3,5,5,5,5,5,1,5,3,3,5,5,5,5,5,5,5,3,3,3,3,1,5,5,5,5,3,2,4,5,5,5,3,5,5,5,5,5,5,5,5,5,5,2,2,5,5,5,5,4,4,4,4,4,4,4,4,3,3,3,3,3,3,3,3","0.000834941864013672","louvain","edit-xhwikibooks.graphml"
"0.57","0.04","0.39","0.41075063897302","1,1,2,2,2,3,2,3,3,3,2,2,3,3,3,3,3,2,4,2,5,1,3,3,3,3,3,3,1,3,2,4,2,2,4,4,3,3,5,5,5,5,1,1,1,1,5,1,1,1,5,5,5,5,5,1,1,1,1,5,3,5,5,3,3,5,5,5,5,5,1,5,3,3,5,5,5,5,5,5,5,3,3,3,3,1,5,5,5,5,3,2,4,5,5,5,3,5,5,5,5,5,5,5,5,5,5,2,2,5,5,5,5,4,4,4,4,4,4,4,4,3,3,3,3,3,3,3,3","0.000687122344970703","louvain","edit-xhwikibooks.graphml"
"0.56","0.05","0.39","0.410492878099953","1,1,2,2,2,3,2,3,3,3,2,2,3,3,3,3,3,2,4,2,5,1,3,3,3,3,3,3,1,3,2,4,2,2,4,4,3,3,5,5,5,5,1,1,1,1,5,1,1,1,5,5,5,5,5,1,1,1,1,5,3,5,5,3,3,5,5,5,5,5,1,5,3,3,5,5,5,5,5,5,5,3,3,3,3,1,5,5,5,5,3,2,4,5,5,5,3,5,5,5,5,5,5,5,5,5,5,2,2,5,5,5,5,4,4,4,4,4,4,4,4,3,3,3,3,3,3,3,3","0.00070500373840332","louvain","edit-xhwikibooks.graphml"
"0.55","0.06","0.39","0.410492878099953","1,1,2,2,2,3,2,3,3,3,2,2,3,3,3,3,3,2,4,2,5,1,3,3,3,3,3,3,1,3,2,4,2,2,4,4,3,3,5,5,5,5,1,1,1,1,5,1,1,1,5,5,5,5,5,1,1,1,1,5,3,5,5,3,3,5,5,5,5,5,1,5,3,3,5,5,5,5,5,5,5,3,3,3,3,1,5,5,5,5,3,2,4,5,5,5,3,5,5,5,5,5,5,5,5,5,5,2,2,5,5,5,5,4,4,4,4,4,4,4,4,3,3,3,3,3,3,3,3","0.000715017318725586","louvain","edit-xhwikibooks.graphml"
"0.54","0.07","0.39","0.409665928299871","1,1,2,2,2,3,2,3,3,3,4,2,3,3,3,3,3,4,4,2,5,1,3,3,3,3,3,3,1,3,4,4,2,2,4,4,3,3,5,5,5,5,1,1,1,1,5,1,1,1,5,5,5,5,5,1,1,1,1,5,3,5,5,3,3,5,5,5,5,5,1,5,3,3,5,5,5,5,5,5,5,3,3,3,3,1,5,5,5,5,3,4,4,5,5,5,3,5,5,5,5,5,5,5,5,5,5,2,2,5,5,5,5,4,4,4,4,4,4,4,4,3,3,3,3,3,3,3,3","0.000689983367919922","louvain","edit-xhwikibooks.graphml"
"0.53","0.08","0.39","0.410480149578249","1,1,2,2,2,3,2,3,3,3,4,2,3,3,3,3,3,4,4,2,5,1,3,3,3,3,3,3,1,3,4,4,2,2,4,4,3,3,5,5,5,5,1,1,1,1,5,1,1,1,5,5,5,5,5,1,1,1,1,5,3,5,5,3,3,5,5,5,5,5,1,5,3,3,5,5,5,5,5,5,5,3,3,3,3,1,5,5,5,5,3,4,4,5,5,5,3,5,5,5,5,5,5,5,5,5,5,2,2,5,5,5,5,4,4,4,4,4,4,4,4,3,3,3,3,3,3,3,3","0.000727176666259766","louvain","edit-xhwikibooks.graphml"
"0.52","0.09","0.39","0.410791416662969","1,1,2,2,2,3,2,3,3,3,2,2,3,3,3,3,3,2,4,2,5,1,3,3,3,3,3,3,1,3,2,4,2,2,4,4,3,3,5,5,5,5,1,1,1,1,5,1,1,1,5,5,5,5,5,1,1,1,1,5,3,5,5,3,3,5,5,5,5,5,1,5,3,3,5,5,5,5,5,5,5,3,3,3,3,1,5,5,5,5,3,2,4,5,5,5,3,5,5,5,5,5,5,5,5,5,5,2,2,5,5,5,5,4,4,4,4,4,4,4,4,3,3,3,3,3,3,3,3","0.00064396858215332","louvain","edit-xhwikibooks.graphml"
"0.51","0.1","0.39","0.410791416662969","1,1,2,2,2,3,2,3,3,3,2,2,3,3,3,3,3,2,4,2,5,1,3,3,3,3,3,3,1,3,2,4,2,2,4,4,3,3,5,5,5,5,1,1,1,1,5,1,1,1,5,5,5,5,5,1,1,1,1,5,3,5,5,3,3,5,5,5,5,5,1,5,3,3,5,5,5,5,5,5,5,3,3,3,3,1,5,5,5,5,3,2,4,5,5,5,3,5,5,5,5,5,5,5,5,5,5,2,2,5,5,5,5,4,4,4,4,4,4,4,4,3,3,3,3,3,3,3,3","0.000658035278320312","louvain","edit-xhwikibooks.graphml"
"0.5","0.11","0.39","0.409333531363326","1,1,1,1,1,2,1,2,2,2,3,1,2,2,2,2,2,3,3,1,4,1,2,2,2,2,2,2,1,2,3,3,1,1,3,3,2,2,4,4,4,4,1,1,1,1,4,1,1,1,4,4,4,4,4,1,1,1,1,4,2,4,4,2,2,4,4,4,4,4,1,4,2,2,4,4,4,4,4,4,4,2,2,2,2,1,4,4,4,4,2,3,3,4,4,4,2,4,4,4,4,4,4,4,4,4,4,1,1,4,4,4,4,3,3,3,3,3,3,3,3,2,2,2,2,2,2,2,2","0.000646114349365234","louvain","edit-xhwikibooks.graphml"
"0.49","0.12","0.39","0.412101051827794","1,1,2,2,2,3,2,3,3,3,2,2,3,3,3,3,3,2,4,2,5,1,3,3,3,3,3,3,1,3,2,4,2,2,4,4,3,3,5,5,5,5,1,1,1,1,5,1,1,1,5,5,5,5,5,1,1,1,1,5,3,5,5,3,3,5,5,5,5,5,1,5,3,3,5,5,5,5,5,5,5,3,3,3,3,1,5,5,5,5,3,2,4,5,5,5,3,5,5,5,5,5,5,5,5,5,5,2,2,5,5,5,5,4,4,4,4,4,4,4,4,3,3,3,3,3,3,3,3","0.000639915466308594","louvain","edit-xhwikibooks.graphml"
"0.48","0.13","0.39","0.402483971181175","1,1,2,2,2,3,2,3,3,3,2,2,3,3,3,3,3,2,4,2,5,1,3,3,3,3,3,3,1,3,2,4,2,2,4,4,3,3,5,5,5,5,1,1,1,1,5,1,1,1,5,5,5,5,5,1,1,1,1,5,3,5,5,3,3,5,5,5,5,5,1,5,3,3,5,5,5,5,5,5,5,3,3,3,3,1,5,5,5,5,3,2,4,5,5,5,3,5,5,5,5,5,5,5,5,5,5,2,2,5,5,5,5,4,4,4,4,4,4,4,4,3,3,3,3,3,3,3,3","0.000694990158081055","louvain","edit-xhwikibooks.graphml"
"0.47","0.14","0.39","0.402483971181175","1,1,2,2,2,3,2,3,3,3,2,2,3,3,3,3,3,2,4,2,5,1,3,3,3,3,3,3,1,3,2,4,2,2,4,4,3,3,5,5,5,5,1,1,1,1,5,1,1,1,5,5,5,5,5,1,1,1,1,5,3,5,5,3,3,5,5,5,5,5,1,5,3,3,5,5,5,5,5,5,5,3,3,3,3,1,5,5,5,5,3,2,4,5,5,5,3,5,5,5,5,5,5,5,5,5,5,2,2,5,5,5,5,4,4,4,4,4,4,4,4,3,3,3,3,3,3,3,3","0.0007171630859375","louvain","edit-xhwikibooks.graphml"
"0.46","0.15","0.39","0.402573458072774","1,1,1,1,1,2,3,2,2,2,3,3,2,2,2,2,2,3,3,3,4,1,2,2,2,2,2,2,1,2,3,3,3,3,3,3,2,2,4,4,4,4,1,1,1,1,4,1,1,1,4,4,4,4,4,1,1,1,1,4,2,4,4,2,2,4,4,4,4,4,1,4,2,2,4,4,4,4,4,4,4,2,2,2,2,1,4,4,4,4,2,3,3,4,4,4,2,4,4,4,4,4,4,4,4,4,4,3,3,4,4,4,4,3,3,3,3,3,3,3,3,2,2,2,2,2,2,2,2","0.000676155090332031","louvain","edit-xhwikibooks.graphml"
"0.45","0.16","0.39","0.4046669328507","1,1,2,2,2,3,2,3,3,3,2,2,3,3,3,3,3,2,4,2,5,1,3,3,3,3,3,3,1,3,2,4,2,2,4,4,3,3,5,5,5,5,1,1,1,1,5,1,1,1,5,5,5,5,5,1,1,1,1,5,3,5,5,3,3,5,5,5,5,5,1,5,3,3,5,5,5,5,5,5,5,3,3,3,3,1,5,5,5,5,3,2,4,5,5,5,3,5,5,5,5,5,5,5,5,5,5,2,2,5,5,5,5,4,4,4,4,4,4,4,4,3,3,3,3,3,3,3,3","0.000749826431274414","louvain","edit-xhwikibooks.graphml"
"0.44","0.17","0.39","0.405228527141526","1,1,2,2,2,3,2,3,3,3,2,2,3,3,3,3,3,2,4,2,5,1,3,3,3,3,3,3,1,3,2,4,2,2,4,4,3,3,5,5,5,5,1,1,1,1,5,1,1,1,5,5,5,5,5,1,1,1,1,5,3,5,5,3,3,5,5,5,5,5,1,5,3,3,5,5,5,5,5,5,5,3,3,3,3,1,5,5,5,5,3,2,4,5,5,5,3,5,5,5,5,5,5,5,5,5,5,2,2,5,5,5,5,4,4,4,4,4,4,4,4,3,3,3,3,3,3,3,3","0.000694990158081055","louvain","edit-xhwikibooks.graphml"
"0.43","0.18","0.39","0.394149739768189","1,1,1,2,3,2,3,2,2,2,3,3,2,2,2,2,2,3,3,3,4,1,2,2,2,2,2,2,1,2,3,3,3,3,3,3,2,2,4,4,4,4,1,1,1,1,4,1,1,1,4,4,4,4,4,1,1,1,1,4,2,4,4,2,2,4,4,4,4,4,1,4,2,2,4,4,4,4,4,4,4,2,2,2,2,1,4,4,4,4,2,3,3,4,4,4,2,4,4,4,4,4,4,4,4,4,4,3,3,4,4,4,4,3,3,3,3,3,3,3,3,2,2,2,2,2,2,2,2","0.00067591667175293","louvain","edit-xhwikibooks.graphml"
"0.42","0.19","0.39","0.393897891930958","1,1,1,2,3,2,3,2,2,2,3,3,2,2,2,2,2,3,3,3,4,1,2,2,2,2,2,2,1,2,3,3,3,3,3,3,2,2,4,4,4,4,1,1,1,1,4,1,1,1,4,4,4,4,4,1,1,1,1,4,2,4,4,2,2,4,4,4,4,4,1,4,2,2,4,4,4,4,4,4,4,2,2,2,2,1,4,4,4,4,2,3,3,4,4,4,2,4,4,4,4,4,4,4,4,4,4,3,3,4,4,4,4,3,3,3,3,3,3,3,3,2,2,2,2,2,2,2,2","0.000675201416015625","louvain","edit-xhwikibooks.graphml"
"0.41","0.2","0.39","0.395531528529779","1,1,1,2,3,2,3,2,2,2,3,3,2,2,2,2,2,3,3,3,4,1,2,2,2,2,2,2,1,2,3,3,3,3,3,3,2,2,4,4,4,4,1,1,1,1,4,1,1,1,4,4,4,4,4,1,1,1,1,4,2,4,4,2,2,4,4,4,4,4,1,4,2,2,4,4,4,4,4,4,4,2,2,2,2,1,4,4,4,4,2,3,3,4,4,4,2,4,4,4,4,4,4,4,4,4,4,3,3,4,4,4,4,3,3,3,3,3,3,3,3,2,2,2,2,2,2,2,2","0.000620841979980469","louvain","edit-xhwikibooks.graphml"
"0.4","0.21","0.39","0.39611890571354","1,1,1,2,3,2,3,2,2,2,3,3,2,2,2,2,2,3,3,3,4,1,2,2,2,2,2,2,1,2,3,3,3,3,3,3,2,2,4,4,4,4,1,1,1,1,4,1,1,1,4,4,4,4,4,1,1,1,1,4,2,4,4,2,2,4,4,4,4,4,1,4,2,2,4,4,4,4,4,4,4,2,2,2,2,1,4,4,4,4,2,3,3,4,4,4,2,4,4,4,4,4,4,4,4,4,4,3,3,4,4,4,4,3,3,3,3,3,3,3,3,2,2,2,2,2,2,2,2","0.000730991363525391","louvain","edit-xhwikibooks.graphml"
"0.39","0.22","0.39","0.396954808539082","1,1,1,2,3,2,3,2,2,2,3,3,2,2,2,2,2,3,3,3,4,1,2,2,2,2,2,2,1,2,3,3,3,3,3,3,2,2,4,4,4,4,1,1,1,1,4,1,1,1,4,4,4,4,4,1,1,1,1,4,2,4,4,2,2,4,4,4,4,4,1,4,2,2,4,4,4,4,4,4,4,2,2,2,2,1,4,4,4,4,2,3,3,4,4,4,2,4,4,4,4,4,4,4,4,4,4,3,3,4,4,4,4,3,3,3,3,3,3,3,3,2,2,2,2,2,2,2,2","0.00063014030456543","louvain","edit-xhwikibooks.graphml"
"0.38","0.23","0.39","0.398541667629034","1,1,1,2,3,2,3,2,2,2,3,3,2,2,2,2,2,3,4,3,5,1,2,2,2,2,2,2,1,2,3,4,3,3,4,4,2,2,5,5,5,5,1,1,1,1,5,1,1,1,5,5,5,5,5,1,1,1,1,5,2,5,5,2,2,5,5,5,5,5,1,5,2,2,5,5,5,5,5,5,5,2,2,2,2,1,5,5,5,5,2,3,4,5,5,5,2,5,5,5,5,5,5,5,5,5,5,3,3,5,5,5,5,4,4,4,4,4,4,4,4,2,2,2,2,2,2,2,2","0.000624179840087891","louvain","edit-xhwikibooks.graphml"
"0.37","0.24","0.39","0.399153986232923","1,1,1,2,3,2,3,2,2,2,3,3,2,2,2,2,2,3,3,3,4,1,2,2,2,2,2,2,1,2,3,3,3,3,3,3,2,2,4,4,4,4,1,1,1,1,4,1,1,1,4,4,4,4,4,1,1,1,1,4,2,4,4,2,2,4,4,4,4,4,1,4,2,2,4,4,4,4,4,4,4,2,2,2,2,1,4,4,4,4,2,3,3,4,4,4,2,4,4,4,4,4,4,4,4,4,4,3,3,4,4,4,4,3,3,3,3,3,3,3,3,2,2,2,2,2,2,2,2","0.000669002532958984","louvain","edit-xhwikibooks.graphml"
"0.36","0.25","0.39","0.400682850071301","1,1,1,2,3,2,3,2,2,2,3,3,2,2,2,2,2,3,4,3,5,1,2,2,2,2,2,2,1,2,3,4,3,3,4,4,2,2,5,5,5,5,1,1,1,1,5,1,1,1,5,5,5,5,5,1,1,1,1,5,2,5,5,2,2,5,5,5,5,5,1,5,2,2,5,5,5,5,5,5,5,2,2,2,2,1,5,5,5,5,2,3,4,5,5,5,2,5,5,5,5,5,5,5,5,5,5,3,3,5,5,5,5,4,4,4,4,4,4,4,4,2,2,2,2,2,2,2,2","0.00063014030456543","louvain","edit-xhwikibooks.graphml"
"0.35","0.26","0.39","0.40047304496058","1,1,1,2,3,2,3,2,2,2,3,3,2,2,2,2,2,3,3,3,4,1,2,2,2,2,2,2,1,2,3,3,3,3,3,3,2,2,4,4,4,4,1,1,1,1,4,1,1,1,4,4,4,4,4,1,1,1,1,4,2,4,4,2,2,4,4,4,4,4,1,4,2,2,4,4,4,4,4,4,4,2,2,2,2,1,4,4,4,4,2,3,3,4,4,4,2,4,4,4,4,4,4,4,4,4,4,3,3,4,4,4,4,3,3,3,3,3,3,3,3,2,2,2,2,2,2,2,2","0.000633955001831055","louvain","edit-xhwikibooks.graphml"
"0.34","0.27","0.39","0.40047304496058","1,1,1,2,3,2,3,2,2,2,3,3,2,2,2,2,2,3,3,3,4,1,2,2,2,2,2,2,1,2,3,3,3,3,3,3,2,2,4,4,4,4,1,1,1,1,4,1,1,1,4,4,4,4,4,1,1,1,1,4,2,4,4,2,2,4,4,4,4,4,1,4,2,2,4,4,4,4,4,4,4,2,2,2,2,1,4,4,4,4,2,3,3,4,4,4,2,4,4,4,4,4,4,4,4,4,4,3,3,4,4,4,4,3,3,3,3,3,3,3,3,2,2,2,2,2,2,2,2","0.000577926635742188","louvain","edit-xhwikibooks.graphml"
"0.33","0.28","0.39","0.400221313664499","1,1,1,2,3,2,3,2,2,2,3,3,2,2,2,2,2,3,3,3,4,1,2,2,2,2,2,2,1,2,3,3,3,3,3,3,2,2,4,4,4,4,1,1,1,1,4,1,1,1,4,4,4,4,4,1,1,1,1,4,2,4,4,2,2,4,4,4,4,4,1,4,2,2,4,4,4,4,4,4,4,2,2,2,2,1,4,4,4,4,2,3,3,4,4,4,2,4,4,4,4,4,4,4,4,4,4,3,3,4,4,4,4,3,3,3,3,3,3,3,3,2,2,2,2,2,2,2,2","0.000628948211669922","louvain","edit-xhwikibooks.graphml"
"0.32","0.29","0.39","0.401818360950097","1,1,1,2,3,2,3,2,2,2,3,3,2,2,2,2,2,3,3,3,4,1,2,2,2,2,2,2,1,2,3,3,3,3,3,3,2,2,4,4,4,4,1,1,1,1,4,1,1,1,4,4,4,4,4,1,1,1,1,4,2,4,4,2,2,4,4,4,4,4,1,4,2,2,4,4,4,4,4,4,4,2,2,2,2,1,4,4,4,4,2,3,3,4,4,4,2,4,4,4,4,4,4,4,4,4,4,3,3,4,4,4,4,3,3,3,3,3,3,3,3,2,2,2,2,2,2,2,2","0.000589132308959961","louvain","edit-xhwikibooks.graphml"
"0.31","0.3","0.39","0.400775065833945","1,1,1,2,3,2,3,2,2,2,3,3,2,2,2,2,2,3,3,3,4,1,2,2,2,2,2,2,1,2,3,3,3,3,3,3,2,2,4,4,4,4,1,1,1,1,4,1,1,1,4,4,4,4,4,1,1,1,1,4,2,4,4,2,2,4,4,4,4,4,1,4,2,2,4,4,4,4,4,4,4,2,2,2,2,1,4,4,4,4,2,3,3,4,4,4,2,4,4,4,4,4,4,4,4,4,4,3,3,4,4,4,4,3,3,3,3,3,3,3,3,2,2,2,2,2,2,2,2","0.000681877136230469","louvain","edit-xhwikibooks.graphml"
"0.3","0.31","0.39","0.401818814282392","1,1,1,2,3,2,3,2,2,2,3,3,2,2,2,2,2,3,4,3,5,1,2,2,2,2,2,2,1,2,3,4,3,3,4,4,2,2,5,5,5,5,1,1,1,1,5,1,1,1,5,5,5,5,5,1,1,1,1,5,2,5,5,2,2,5,5,5,5,5,1,5,2,2,5,5,5,5,5,5,5,2,2,2,2,1,5,5,5,5,2,3,4,5,5,5,2,5,5,5,5,5,5,5,5,5,5,3,3,5,5,5,5,4,4,4,4,4,4,4,4,2,2,2,2,2,2,2,2","0.000701904296875","louvain","edit-xhwikibooks.graphml"
"0.29","0.32","0.39","0.401344627991675","1,1,1,2,3,2,3,2,2,2,3,3,2,2,2,2,2,3,3,3,4,1,2,2,2,2,2,2,1,2,3,3,3,3,3,3,2,2,4,4,4,4,1,1,1,1,4,1,1,1,4,4,4,4,4,1,1,1,1,4,2,4,4,2,2,4,4,4,4,4,1,4,2,2,4,4,4,4,4,4,4,2,2,2,2,1,4,4,4,4,2,3,3,4,4,4,2,4,4,4,4,4,4,4,4,4,4,3,3,4,4,4,4,3,3,3,3,3,3,3,3,2,2,2,2,2,2,2,2","0.000652074813842773","louvain","edit-xhwikibooks.graphml"
"0.28","0.33","0.39","0.402162288866625","1,1,1,2,3,2,3,2,2,2,3,3,2,2,2,2,2,3,3,3,4,1,2,2,2,2,2,2,1,2,3,3,3,3,3,3,2,2,4,4,4,4,1,1,1,1,4,1,1,1,4,4,4,4,4,1,1,1,1,4,2,4,4,2,2,4,4,4,4,4,1,4,2,2,4,4,4,4,4,4,4,2,2,2,2,1,4,4,4,4,2,3,3,4,4,4,2,4,4,4,4,4,4,4,4,4,4,3,3,4,4,4,4,3,3,3,3,3,3,3,3,2,2,2,2,2,2,2,2","0.000686883926391602","louvain","edit-xhwikibooks.graphml"
"0.27","0.34","0.39","0.425571682262141","1,1,1,2,3,2,3,2,2,2,3,3,2,2,2,2,2,3,4,3,5,1,2,2,2,2,2,2,1,2,3,4,3,3,4,4,2,2,5,5,5,5,1,1,1,1,5,1,1,1,5,5,5,5,5,1,1,1,1,5,2,5,5,2,2,5,5,5,5,5,1,5,2,2,5,5,5,5,5,5,5,2,2,2,2,1,5,5,5,5,2,3,4,5,5,5,2,5,5,5,5,5,5,5,5,5,5,3,3,5,5,5,5,4,4,4,4,4,4,4,4,2,2,2,2,2,2,2,2","0.000674009323120117","louvain","edit-xhwikibooks.graphml"
"0.26","0.35","0.39","0.423291295117064","1,1,1,2,3,2,3,2,2,2,3,3,2,2,2,2,2,3,4,3,5,1,2,2,2,2,2,2,1,2,3,4,3,3,4,4,2,2,5,5,5,5,1,1,1,1,5,1,1,1,5,5,5,5,5,1,1,1,1,5,2,5,5,2,2,5,5,5,5,5,1,5,2,2,5,5,5,5,5,5,5,2,2,2,2,1,5,5,5,5,2,3,4,5,5,5,2,5,5,5,5,5,5,5,5,5,5,3,3,5,5,5,5,4,4,4,4,4,4,4,4,2,2,2,2,2,2,2,2","0.000648975372314453","louvain","edit-xhwikibooks.graphml"
"0.25","0.36","0.39","0.422644908666287","1,1,1,2,3,2,3,2,2,2,3,4,2,2,2,2,2,3,3,4,5,1,2,2,2,2,2,2,1,2,3,3,4,4,3,3,2,2,5,5,5,5,1,1,1,1,5,1,1,1,5,5,5,5,5,1,1,1,1,5,2,5,5,2,2,5,5,5,5,5,1,5,2,2,5,5,5,5,5,5,5,2,2,2,2,1,5,5,5,5,2,3,3,5,5,5,2,5,5,5,5,5,5,5,5,5,5,4,4,5,5,5,5,3,3,3,3,3,3,3,3,2,2,2,2,2,2,2,2","0.000612974166870117","louvain","edit-xhwikibooks.graphml"
"0.24","0.37","0.39","0.423023181549055","1,1,1,2,3,2,3,2,2,2,3,3,2,2,2,2,2,3,4,3,5,1,2,2,2,2,2,2,1,2,3,4,3,3,4,4,2,2,5,5,5,5,1,1,1,1,5,1,1,1,5,5,5,5,5,1,1,1,1,5,2,5,5,2,2,5,5,5,5,5,1,5,2,2,5,5,5,5,5,5,5,2,2,2,2,1,5,5,5,5,2,3,4,5,5,5,2,5,5,5,5,5,5,5,5,5,5,3,3,5,5,5,5,4,4,4,4,4,4,4,4,2,2,2,2,2,2,2,2","0.000641822814941406","louvain","edit-xhwikibooks.graphml"
"0.23","0.38","0.39","0.422755375488906","1,1,1,2,3,2,3,2,2,2,3,3,2,2,2,2,2,3,4,3,5,1,2,2,2,2,2,2,1,2,3,4,3,3,4,4,2,2,5,5,5,5,1,1,1,1,5,1,1,1,5,5,5,5,5,1,1,1,1,5,2,5,5,2,2,5,5,5,5,5,1,5,2,2,5,5,5,5,5,5,5,2,2,2,2,1,5,5,5,5,2,3,4,5,5,5,2,5,5,5,5,5,5,5,5,5,5,3,3,5,5,5,5,4,4,4,4,4,4,4,4,2,2,2,2,2,2,2,2","0.000561952590942383","louvain","edit-xhwikibooks.graphml"
"0.22","0.39","0.39","0.423552011474626","1,1,1,2,3,2,3,2,2,2,3,3,2,2,2,2,2,3,4,3,5,1,2,2,2,2,2,2,1,2,3,4,3,3,4,4,2,2,5,5,5,5,1,1,1,1,5,1,1,1,5,5,5,5,5,1,1,1,1,5,2,5,5,2,2,5,5,5,5,5,1,5,2,2,5,5,5,5,5,5,5,2,2,2,2,1,5,5,5,5,2,3,4,5,5,5,2,5,5,5,5,5,5,5,5,5,5,3,3,5,5,5,5,4,4,4,4,4,4,4,4,2,2,2,2,2,2,2,2","0.000663995742797852","louvain","edit-xhwikibooks.graphml"
"0.21","0.4","0.39","0.420402682448138","1,1,1,2,3,2,3,2,2,2,3,3,2,2,2,2,2,3,3,4,5,1,2,2,2,2,2,2,1,2,3,3,4,4,3,3,2,2,5,5,5,5,1,1,1,1,5,1,1,1,5,5,5,5,5,1,1,1,1,5,6,5,5,2,2,5,5,5,5,5,1,5,2,2,5,5,5,5,5,5,5,2,2,2,2,7,5,5,5,5,8,9,10,5,5,5,2,5,5,5,5,5,5,5,5,5,5,4,4,5,5,5,5,3,3,3,3,3,3,3,3,2,2,2,2,2,2,2,2","0.000567913055419922","louvain","edit-xhwikibooks.graphml"
"0.2","0.41","0.39","0.420780955330907","1,1,1,2,3,2,3,2,2,2,3,3,2,2,2,2,2,3,4,3,5,1,2,2,2,2,2,2,1,2,3,4,3,3,4,4,2,2,5,5,5,5,1,1,1,1,5,1,1,1,5,5,5,5,5,1,1,1,1,5,6,5,5,2,2,5,5,5,5,5,1,5,2,2,5,5,5,5,5,5,5,2,2,2,2,7,5,5,5,5,8,9,10,5,5,5,2,5,5,5,5,5,5,5,5,5,5,3,3,5,5,5,5,4,4,4,4,4,4,4,4,2,2,2,2,2,2,2,2","0.00061798095703125","louvain","edit-xhwikibooks.graphml"
"0.19","0.42","0.39","0.420514120386049","1,1,1,2,3,2,3,2,2,2,3,3,2,2,2,2,2,3,4,3,5,1,2,2,2,2,2,2,1,2,3,4,3,3,4,4,2,2,5,5,5,5,1,1,1,1,5,1,1,1,5,5,5,5,5,1,1,1,1,5,6,5,5,2,2,5,5,5,5,5,1,5,2,2,5,5,5,5,5,5,5,2,2,2,2,7,5,5,5,5,8,9,10,5,5,5,2,5,5,5,5,5,5,5,5,5,5,3,3,5,5,5,5,4,4,4,4,4,4,4,4,2,2,2,2,2,2,2,2","0.000683784484863281","louvain","edit-xhwikibooks.graphml"
"0.18","0.43","0.39","0.421825872251403","1,1,1,2,3,2,3,2,2,2,3,4,2,2,2,2,2,3,3,4,5,1,2,2,2,2,2,2,1,2,3,3,4,4,3,3,2,2,5,5,5,5,1,1,1,1,5,1,1,1,5,5,5,5,5,1,1,1,1,5,6,5,5,2,2,5,5,5,5,5,1,5,2,2,5,5,5,5,5,5,5,2,2,2,2,7,5,5,5,5,8,9,10,5,5,5,2,5,5,5,5,5,5,5,5,5,5,4,4,5,5,5,5,3,3,3,3,3,3,3,3,2,2,2,2,2,2,2,2","0.000649929046630859","louvain","edit-xhwikibooks.graphml"
"0.17","0.44","0.39","0.421426888976026","1,1,1,2,3,2,3,2,2,2,3,3,2,2,2,2,2,3,3,4,5,1,2,2,2,2,2,2,1,2,3,3,4,4,3,3,2,2,5,5,5,5,1,1,1,1,5,1,1,1,5,5,5,5,5,1,1,1,1,5,6,5,5,2,2,5,5,5,5,5,1,5,2,2,5,5,5,5,5,5,5,2,2,2,2,7,5,5,5,5,8,9,10,5,5,5,2,5,5,5,5,5,5,5,5,5,5,4,4,5,5,5,5,3,3,3,3,3,3,3,3,2,2,2,2,2,2,2,2","0.0006561279296875","louvain","edit-xhwikibooks.graphml"
"0.16","0.45","0.39","0.422972039549571","1,1,1,2,3,2,3,2,2,2,3,3,2,2,2,2,2,3,3,4,5,1,2,2,2,2,2,2,1,2,3,3,4,4,3,3,2,2,5,5,5,5,1,1,1,1,5,1,1,1,5,5,5,5,5,1,1,1,1,5,6,5,5,2,2,5,5,5,5,5,1,5,2,2,5,5,5,5,5,5,5,2,2,2,2,7,5,5,5,5,8,9,10,5,5,5,2,5,5,5,5,5,5,5,5,5,5,4,4,5,5,5,5,3,3,3,3,3,3,3,3,2,2,2,2,2,2,2,2","0.000662088394165039","louvain","edit-xhwikibooks.graphml"
"0.15","0.46","0.39","0.422706904435299","1,1,1,2,3,2,3,2,2,2,3,3,2,2,2,2,2,3,3,4,5,1,2,2,2,2,2,2,1,2,3,3,4,4,3,3,2,2,5,5,5,5,1,1,1,1,5,1,1,1,5,5,5,5,5,1,1,1,1,5,6,5,5,2,2,5,5,5,5,5,1,5,2,2,5,5,5,5,5,5,5,2,2,2,2,7,5,5,5,5,8,9,10,5,5,5,2,5,5,5,5,5,5,5,5,5,5,4,4,5,5,5,5,3,3,3,3,3,3,3,3,2,2,2,2,2,2,2,2","0.000639915466308594","louvain","edit-xhwikibooks.graphml"
"0.14","0.47","0.39","0.4180033126243","1,1,1,2,3,2,3,2,2,2,3,3,2,2,2,2,2,3,3,4,5,1,2,2,2,2,2,2,1,2,3,3,4,4,3,3,2,2,5,5,5,5,1,1,1,1,5,1,1,1,5,5,5,5,5,1,1,1,1,5,6,5,5,2,2,5,5,5,5,5,1,5,2,2,5,5,5,5,5,5,5,2,2,2,2,7,5,5,5,5,8,9,10,5,5,5,2,5,5,5,5,5,5,5,5,5,5,4,4,5,5,5,5,3,3,3,3,3,3,3,3,2,2,2,2,2,2,2,2","0.000713109970092773","louvain","edit-xhwikibooks.graphml"
"0.13","0.48","0.39","0.417738883956014","1,1,1,2,3,2,3,2,2,2,3,3,2,2,2,2,2,3,3,4,5,1,2,2,2,2,2,2,1,2,3,3,4,4,3,3,2,2,5,5,5,5,1,1,1,1,5,1,1,1,5,5,5,5,5,1,1,1,1,5,6,5,5,2,2,5,5,5,5,5,1,5,2,2,5,5,5,5,5,5,5,2,2,2,2,7,5,5,5,5,8,9,10,5,5,5,2,5,5,5,5,5,5,5,5,5,5,4,4,5,5,5,5,3,3,3,3,3,3,3,3,2,2,2,2,2,2,2,2","0.000616073608398438","louvain","edit-xhwikibooks.graphml"
"0.12","0.49","0.39","0.417738883956014","1,1,1,2,3,2,3,2,2,2,3,3,2,2,2,2,2,3,3,4,5,1,2,2,2,2,2,2,1,2,3,3,4,4,3,3,2,2,5,5,5,5,1,1,1,1,5,1,1,1,5,5,5,5,5,1,1,1,1,5,6,5,5,2,2,5,5,5,5,5,1,5,2,2,5,5,5,5,5,5,5,2,2,2,2,7,5,5,5,5,8,9,10,5,5,5,2,5,5,5,5,5,5,5,5,5,5,4,4,5,5,5,5,3,3,3,3,3,3,3,3,2,2,2,2,2,2,2,2","0.000640869140625","louvain","edit-xhwikibooks.graphml"
"0.11","0.5","0.39","0.450212853764226","1,1,1,2,3,2,3,2,2,2,3,3,2,2,2,4,2,3,5,3,6,1,2,2,2,2,2,4,1,2,3,5,3,3,5,5,2,2,6,6,6,6,1,1,1,1,6,1,1,1,6,6,6,6,6,1,1,1,1,6,7,6,6,2,2,6,6,6,6,6,1,6,2,2,6,6,6,6,6,6,6,2,4,4,4,8,6,6,6,6,9,10,11,6,6,6,4,6,6,6,6,6,6,6,6,6,6,3,3,6,6,6,6,5,5,5,5,5,5,5,5,2,2,2,2,2,2,2,2","0.000637054443359375","louvain","edit-xhwikibooks.graphml"
"0.1","0.51","0.39","0.450212853764226","1,1,1,2,3,2,3,2,2,2,3,3,2,2,2,4,2,3,5,3,6,1,2,2,2,2,2,4,1,2,3,5,3,3,5,5,2,2,6,6,6,6,1,1,1,1,6,1,1,1,6,6,6,6,6,1,1,1,1,6,7,6,6,2,2,6,6,6,6,6,1,6,2,2,6,6,6,6,6,6,6,2,4,4,4,8,6,6,6,6,9,10,11,6,6,6,4,6,6,6,6,6,6,6,6,6,6,3,3,6,6,6,6,5,5,5,5,5,5,5,5,2,2,2,2,2,2,2,2","0.000697851181030273","louvain","edit-xhwikibooks.graphml"
"0.09","0.52","0.39","0.449524519941292","1,1,1,2,3,2,3,2,2,2,3,3,2,2,2,2,2,3,4,3,5,1,2,2,2,2,2,2,1,2,3,4,3,3,4,4,2,2,5,5,5,5,1,1,1,1,5,1,1,1,5,5,5,5,5,1,1,1,1,5,6,5,5,2,2,5,5,5,5,5,1,5,2,2,5,5,5,5,5,5,5,2,2,2,2,7,5,5,5,5,8,9,10,5,5,5,2,5,5,5,5,5,5,5,5,5,5,3,3,5,5,5,5,4,4,4,4,4,4,4,4,2,2,2,2,2,2,2,2","0.000583887100219727","louvain","edit-xhwikibooks.graphml"
"0.08","0.53","0.39","0.449985610471013","1,1,1,2,3,2,3,2,2,2,3,3,2,2,2,2,2,3,4,3,5,1,2,2,2,2,2,2,1,2,3,4,3,3,4,4,2,2,5,5,5,5,1,1,1,1,5,1,1,1,5,5,5,5,5,1,1,1,1,5,6,5,5,2,2,5,5,5,5,5,1,5,2,2,5,5,5,5,5,5,5,2,2,2,2,7,5,5,5,5,8,9,10,5,5,5,2,5,5,5,5,5,5,5,5,5,5,3,3,5,5,5,5,4,4,4,4,4,4,4,4,2,2,2,2,2,2,2,2","0.000638961791992188","louvain","edit-xhwikibooks.graphml"
"0.07","0.54","0.39","0.450651284876947","1,1,1,2,3,2,3,2,2,2,3,4,2,2,2,2,2,3,3,4,5,1,2,2,2,2,2,2,1,2,3,3,4,4,3,3,2,2,5,5,5,5,1,1,1,1,5,1,1,1,5,5,5,5,5,1,1,1,1,5,6,5,5,2,2,5,5,5,5,5,1,5,2,2,5,5,5,5,5,5,5,2,2,2,2,7,5,5,5,5,8,9,10,5,5,5,2,5,5,5,5,5,5,5,5,5,5,4,4,5,5,5,5,3,3,3,3,3,3,3,3,2,2,2,2,2,2,2,2","0.000645875930786133","louvain","edit-xhwikibooks.graphml"
"0.06","0.55","0.39","0.451166533445294","1,1,1,2,3,2,3,2,2,2,3,3,2,2,2,2,2,3,4,3,5,1,2,2,2,2,2,2,1,2,3,4,3,3,4,4,2,2,5,5,5,5,1,1,1,1,5,1,1,1,5,5,5,5,5,1,1,1,1,5,6,5,5,2,2,5,5,5,5,5,1,5,2,2,5,5,5,5,5,5,5,2,2,2,2,7,5,5,5,5,8,9,10,5,5,5,2,5,5,5,5,5,5,5,5,5,5,3,3,5,5,5,5,4,4,4,4,4,4,4,4,2,2,2,2,2,2,2,2","0.000602006912231445","louvain","edit-xhwikibooks.graphml"
"0.05","0.56","0.39","0.452545120780117","1,1,1,2,3,2,3,2,2,2,3,3,2,2,2,2,2,3,4,3,5,1,2,2,2,2,2,2,1,2,3,4,3,3,4,4,2,2,5,5,5,5,1,1,1,1,5,1,1,1,5,5,5,5,5,1,1,1,1,5,6,5,5,2,2,5,5,5,5,5,1,5,2,2,5,5,5,5,5,5,5,2,2,2,2,7,5,5,5,5,8,9,10,5,5,5,2,5,5,5,5,5,5,5,5,5,5,3,3,5,5,5,5,4,4,4,4,4,4,4,4,2,2,2,2,2,2,2,2","0.000680923461914062","louvain","edit-xhwikibooks.graphml"
"0.04","0.57","0.39","0.450670344291554","1,1,1,2,3,2,3,2,2,2,3,3,2,2,2,4,2,3,5,3,6,1,2,2,2,2,2,4,1,2,3,5,3,3,5,5,2,2,6,6,6,6,1,1,1,1,6,1,1,1,6,6,6,6,6,1,1,1,1,6,7,6,6,2,2,6,6,6,6,6,1,6,2,2,6,6,6,6,6,6,6,2,4,4,4,8,6,6,6,6,9,10,11,6,6,6,4,6,6,6,6,6,6,6,6,6,6,3,3,6,6,6,6,5,5,5,5,5,5,5,5,2,2,2,2,2,2,2,2","0.00067901611328125","louvain","edit-xhwikibooks.graphml"
"0.03","0.58","0.39","0.452048617683812","1,1,1,2,3,2,3,2,2,2,3,3,2,2,2,2,2,3,4,3,5,1,2,2,2,2,2,2,1,2,3,4,3,3,4,4,2,2,5,5,5,5,1,1,1,1,5,1,1,1,5,5,5,5,5,1,1,1,1,5,6,5,5,2,2,5,5,5,5,5,1,5,2,2,5,5,5,5,5,5,5,2,2,2,2,7,5,5,5,5,8,9,10,5,5,5,2,5,5,5,5,5,5,5,5,5,5,3,3,5,5,5,5,4,4,4,4,4,4,4,4,2,2,2,2,2,2,2,2","0.000673055648803711","louvain","edit-xhwikibooks.graphml"
"0.02","0.59","0.39","0.451782068057896","1,1,1,2,3,2,3,2,2,2,3,3,2,2,2,2,2,3,4,3,5,1,2,2,2,2,2,2,1,2,3,4,3,3,4,4,2,2,5,5,5,5,1,1,1,1,5,1,1,1,5,5,5,5,5,1,1,1,1,5,6,5,5,2,2,5,5,5,5,5,1,5,2,2,5,5,5,5,5,5,5,2,2,2,2,7,5,5,5,5,8,9,10,5,5,5,2,5,5,5,5,5,5,5,5,5,5,3,3,5,5,5,5,4,4,4,4,4,4,4,4,2,2,2,2,2,2,2,2","0.000639915466308594","louvain","edit-xhwikibooks.graphml"
"0.01","0.6","0.39","0.453126251802596","1,1,1,2,3,2,3,2,2,2,3,3,2,2,2,2,2,3,4,3,5,1,2,2,2,2,2,2,1,2,3,4,3,3,4,4,2,2,5,5,5,5,1,1,1,1,5,1,1,1,5,5,5,5,5,1,1,1,1,5,6,5,5,2,2,5,5,5,5,5,1,5,2,2,5,5,5,5,5,5,5,2,2,2,2,7,5,5,5,5,8,9,10,5,5,5,2,5,5,5,5,5,5,5,5,5,5,3,3,5,5,5,5,4,4,4,4,4,4,4,4,2,2,2,2,2,2,2,2","0.000640869140625","louvain","edit-xhwikibooks.graphml"
"0","0.61","0.39","0.454810739784819","1,1,1,1,1,2,3,2,2,2,3,3,2,2,2,2,2,3,4,3,5,1,2,2,2,2,2,2,1,2,3,4,3,3,4,4,2,2,5,5,5,5,1,1,1,1,5,1,1,1,5,5,5,5,5,1,1,1,1,5,6,5,5,2,2,5,5,5,5,5,1,5,2,2,5,5,5,5,5,5,5,2,2,2,2,7,5,5,5,5,8,9,10,5,5,5,2,5,5,5,5,5,5,5,5,5,5,3,3,5,5,5,5,4,4,4,4,4,4,4,4,2,2,2,2,2,2,2,2","0.000701904296875","louvain","edit-xhwikibooks.graphml"
"0.6","0","0.4","0.416238782167265","1,1,2,3,2,3,2,3,3,3,4,2,3,3,3,3,3,4,4,2,5,1,3,3,3,3,3,3,1,3,4,4,2,2,4,4,3,3,5,5,5,5,1,1,1,1,5,1,1,1,5,5,5,5,5,1,1,1,1,5,3,5,5,3,3,5,5,5,5,5,1,5,3,3,5,5,5,5,5,5,5,3,3,3,3,1,5,5,5,5,3,4,4,5,5,5,3,5,5,5,5,5,5,5,5,5,5,2,2,5,5,5,5,4,4,4,4,4,4,4,4,3,3,3,3,3,3,3,3","0.000627994537353516","louvain","edit-xhwikibooks.graphml"
"0.59","0.01","0.4","0.409648740349784","1,1,2,2,2,3,2,3,3,3,4,2,3,3,3,3,3,4,4,2,5,1,3,3,3,3,3,3,1,3,4,4,2,2,4,4,3,3,5,5,5,5,1,1,1,1,5,1,1,1,5,5,5,5,5,1,1,1,1,5,3,5,5,3,3,5,5,5,5,5,1,5,3,3,5,5,5,5,5,5,5,3,3,3,3,1,5,5,5,5,3,4,4,5,5,5,3,5,5,5,5,5,5,5,5,5,5,2,2,5,5,5,5,4,4,4,4,4,4,4,4,3,3,3,3,3,3,3,3","0.00071406364440918","louvain","edit-xhwikibooks.graphml"
"0.58","0.02","0.4","0.410219147994558","1,1,2,2,2,3,2,3,3,3,2,2,3,3,3,3,3,2,4,2,5,1,3,3,3,3,3,3,1,3,2,4,2,2,4,4,3,3,5,5,5,5,1,1,1,1,5,1,1,1,5,5,5,5,5,1,1,1,1,5,3,5,5,3,3,5,5,5,5,5,1,5,3,3,5,5,5,5,5,5,5,3,3,3,3,1,5,5,5,5,3,2,4,5,5,5,3,5,5,5,5,5,5,5,5,5,5,2,2,5,5,5,5,4,4,4,4,4,4,4,4,3,3,3,3,3,3,3,3","0.000731945037841797","louvain","edit-xhwikibooks.graphml"
"0.57","0.03","0.4","0.409962125972707","1,1,2,2,2,3,2,3,3,3,2,2,3,3,3,3,3,2,4,2,5,1,3,3,3,3,3,3,1,3,2,4,2,2,4,4,3,3,5,5,5,5,1,1,1,1,5,1,1,1,5,5,5,5,5,1,1,1,1,5,3,5,5,3,3,5,5,5,5,5,1,5,3,3,5,5,5,5,5,5,5,3,3,3,3,1,5,5,5,5,3,2,4,5,5,5,3,5,5,5,5,5,5,5,5,5,5,2,2,5,5,5,5,4,4,4,4,4,4,4,4,3,3,3,3,3,3,3,3","0.000563859939575195","louvain","edit-xhwikibooks.graphml"
"0.56","0.04","0.4","0.409962125972707","1,1,2,2,2,3,2,3,3,3,2,2,3,3,3,3,3,2,4,2,5,1,3,3,3,3,3,3,1,3,2,4,2,2,4,4,3,3,5,5,5,5,1,1,1,1,5,1,1,1,5,5,5,5,5,1,1,1,1,5,3,5,5,3,3,5,5,5,5,5,1,5,3,3,5,5,5,5,5,5,5,3,3,3,3,1,5,5,5,5,3,2,4,5,5,5,3,5,5,5,5,5,5,5,5,5,5,2,2,5,5,5,5,4,4,4,4,4,4,4,4,3,3,3,3,3,3,3,3","0.000620841979980469","louvain","edit-xhwikibooks.graphml"
"0.55","0.05","0.4","0.409136833905275","1,1,2,2,2,3,2,3,3,3,4,2,3,3,3,3,3,4,4,2,5,1,3,3,3,3,3,3,1,3,4,4,2,2,4,4,3,3,5,5,5,5,1,1,1,1,5,1,1,1,5,5,5,5,5,1,1,1,1,5,3,5,5,3,3,5,5,5,5,5,1,5,3,3,5,5,5,5,5,5,5,3,3,3,3,1,5,5,5,5,3,4,4,5,5,5,3,5,5,5,5,5,5,5,5,5,5,2,2,5,5,5,5,4,4,4,4,4,4,4,4,3,3,3,3,3,3,3,3","0.000622987747192383","louvain","edit-xhwikibooks.graphml"
"0.54","0.06","0.4","0.409705398554016","1,1,2,2,2,3,2,3,3,3,2,2,3,3,3,3,3,2,4,2,5,1,3,3,3,3,3,3,1,3,2,4,2,2,4,4,3,3,5,5,5,5,1,1,1,1,5,1,1,1,5,5,5,5,5,1,1,1,1,5,3,5,5,3,3,5,5,5,5,5,1,5,3,3,5,5,5,5,5,5,5,3,3,3,3,1,5,5,5,5,3,2,4,5,5,5,3,5,5,5,5,5,5,5,5,5,5,2,2,5,5,5,5,4,4,4,4,4,4,4,4,3,3,3,3,3,3,3,3","0.000577926635742188","louvain","edit-xhwikibooks.graphml"
"0.53","0.07","0.4","0.408881318818982","1,1,2,2,2,3,2,3,3,3,4,2,3,3,3,3,3,4,4,2,5,1,3,3,3,3,3,3,1,3,4,4,2,2,4,4,3,3,5,5,5,5,1,1,1,1,5,1,1,1,5,5,5,5,5,1,1,1,1,5,3,5,5,3,3,5,5,5,5,5,1,5,3,3,5,5,5,5,5,5,5,3,3,3,3,1,5,5,5,5,3,4,4,5,5,5,3,5,5,5,5,5,5,5,5,5,5,2,2,5,5,5,5,4,4,4,4,4,4,4,4,3,3,3,3,3,3,3,3","0.000597000122070312","louvain","edit-xhwikibooks.graphml"
"0.52","0.08","0.4","0.409047560420319","1,1,1,1,1,2,1,2,2,2,3,1,2,2,2,2,2,3,3,1,4,1,2,2,2,2,2,2,1,2,3,3,1,1,3,3,2,2,4,4,4,4,1,1,1,1,4,1,1,1,4,4,4,4,4,1,1,1,1,4,2,4,4,2,2,4,4,4,4,4,1,4,2,2,4,4,4,4,4,4,4,2,2,2,2,1,4,4,4,4,2,3,3,4,4,4,2,4,4,4,4,4,4,4,4,4,4,1,1,4,4,4,4,3,3,3,3,3,3,3,3,2,2,2,2,2,2,2,2","0.000680923461914062","louvain","edit-xhwikibooks.graphml"
"0.51","0.09","0.4","0.405451027575442","1,1,2,2,2,2,2,3,3,2,2,2,3,3,3,2,2,2,3,2,4,1,3,3,3,3,3,2,1,2,2,3,2,2,3,3,5,3,4,4,4,4,1,1,1,1,4,1,1,1,4,4,4,4,4,1,1,1,1,4,3,4,4,3,3,4,4,4,4,4,1,4,3,3,4,4,4,4,4,4,4,3,2,2,2,1,4,4,4,4,2,2,3,4,4,4,2,4,4,4,4,4,4,4,4,4,4,2,2,4,4,4,4,3,3,3,3,3,3,3,3,5,5,5,5,5,5,5,5","0.000573873519897461","louvain","edit-xhwikibooks.graphml"
"0.5","0.1","0.4","0.41000487773153","1,1,2,2,2,3,2,3,3,3,2,2,3,3,3,3,3,2,4,2,5,1,3,3,3,3,3,3,1,3,2,4,2,2,4,4,3,3,5,5,5,5,1,1,1,1,5,1,1,1,5,5,5,5,5,1,1,1,1,5,3,5,5,3,3,5,5,5,5,5,1,5,3,3,5,5,5,5,5,5,5,3,3,3,3,1,5,5,5,5,3,2,4,5,5,5,3,5,5,5,5,5,5,5,5,5,5,2,2,5,5,5,5,4,4,4,4,4,4,4,4,3,3,3,3,3,3,3,3","0.00062108039855957","louvain","edit-xhwikibooks.graphml"
"0.49","0.11","0.4","0.409748902817449","1,1,2,2,2,3,2,3,3,3,2,2,3,3,3,3,3,2,4,2,5,1,3,3,3,3,3,3,1,3,2,4,2,2,4,4,3,3,5,5,5,5,1,1,1,1,5,1,1,1,5,5,5,5,5,1,1,1,1,5,3,5,5,3,3,5,5,5,5,5,1,5,3,3,5,5,5,5,5,5,5,3,3,3,3,1,5,5,5,5,3,2,4,5,5,5,3,5,5,5,5,5,5,5,5,5,5,2,2,5,5,5,5,4,4,4,4,4,4,4,4,3,3,3,3,3,3,3,3","0.000571966171264648","louvain","edit-xhwikibooks.graphml"
"0.48","0.12","0.4","0.410857324159179","1,1,1,1,1,2,3,2,2,2,3,3,2,2,2,2,2,3,3,3,4,1,2,2,2,2,2,2,1,2,3,3,3,3,3,3,2,2,4,4,4,4,1,1,1,1,4,1,1,1,4,4,4,4,4,1,1,1,1,4,2,4,4,2,2,4,4,4,4,4,1,4,2,2,4,4,4,4,4,4,4,2,2,2,2,1,4,4,4,4,2,3,3,4,4,4,2,4,4,4,4,4,4,4,4,4,4,3,3,4,4,4,4,3,3,3,3,3,3,3,3,2,2,2,2,2,2,2,2","0.000617027282714844","louvain","edit-xhwikibooks.graphml"
"0.47","0.13","0.4","0.411864002193513","1,1,2,2,2,3,2,3,3,3,2,2,3,3,3,3,3,2,4,2,5,1,3,3,3,3,3,3,1,3,2,4,2,2,4,4,3,3,5,5,5,5,1,1,1,1,5,1,1,1,5,5,5,5,5,1,1,1,1,5,3,5,5,3,3,5,5,5,5,5,1,5,3,3,5,5,5,5,5,5,5,3,3,3,3,1,5,5,5,5,3,2,4,5,5,5,3,5,5,5,5,5,5,5,5,5,5,2,2,5,5,5,5,4,4,4,4,4,4,4,4,3,3,3,3,3,3,3,3","0.000624895095825195","louvain","edit-xhwikibooks.graphml"
"0.46","0.14","0.4","0.41129497911324","1,1,2,2,2,3,2,3,3,3,4,2,3,3,3,3,3,4,4,2,5,1,3,3,3,3,3,3,1,3,4,4,2,2,4,4,3,3,5,5,5,5,1,1,1,1,5,1,1,1,5,5,5,5,5,1,1,1,1,5,3,5,5,3,3,5,5,5,5,5,1,5,3,3,5,5,5,5,5,5,5,3,3,3,3,1,5,5,5,5,3,4,4,5,5,5,3,5,5,5,5,5,5,5,5,5,5,2,2,5,5,5,5,4,4,4,4,4,4,4,4,3,3,3,3,3,3,3,3","0.000592947006225586","louvain","edit-xhwikibooks.graphml"
"0.45","0.15","0.4","0.413160736665845","1,1,2,2,2,3,2,3,3,3,2,2,3,3,3,3,3,2,4,2,5,1,3,3,3,3,3,3,1,3,2,4,2,2,4,4,3,3,5,5,5,5,1,1,1,1,5,1,1,1,5,5,5,5,5,1,1,1,1,5,3,5,5,3,3,5,5,5,5,5,1,5,3,3,5,5,5,5,5,5,5,3,3,3,3,1,5,5,5,5,3,2,4,5,5,5,3,5,5,5,5,5,5,5,5,5,5,2,2,5,5,5,5,4,4,4,4,4,4,4,4,3,3,3,3,3,3,3,3","0.000692129135131836","louvain","edit-xhwikibooks.graphml"
"0.44","0.16","0.4","0.413385952957723","1,1,2,2,2,3,2,3,3,3,4,2,3,3,3,3,3,4,4,2,5,1,3,3,3,3,3,3,1,3,4,4,2,2,4,4,3,3,5,5,5,5,1,1,1,1,5,1,1,1,5,5,5,5,5,1,1,1,1,5,3,5,5,3,3,5,5,5,5,5,1,5,3,3,5,5,5,5,5,5,5,3,3,3,3,1,5,5,5,5,3,4,4,5,5,5,3,5,5,5,5,5,5,5,5,5,5,2,2,5,5,5,5,4,4,4,4,4,4,4,4,3,3,3,3,3,3,3,3","0.000927925109863281","louvain","edit-xhwikibooks.graphml"
"0.43","0.17","0.4","0.408565553632234","1,1,2,2,2,3,2,3,3,3,2,2,3,3,3,3,3,2,3,2,4,1,3,3,3,3,3,3,1,3,2,3,2,2,3,3,5,3,4,4,4,4,1,1,1,1,4,1,1,1,4,4,4,4,4,1,1,1,1,4,3,4,4,3,3,4,4,4,4,4,1,4,3,3,4,4,4,4,4,4,4,3,3,3,3,1,4,4,4,4,3,2,3,4,4,4,3,4,4,4,4,4,4,4,4,4,4,2,2,4,4,4,4,3,3,3,3,3,3,3,3,5,5,5,5,5,5,5,5","0.000843048095703125","louvain","edit-xhwikibooks.graphml"
"0.42","0.18","0.4","0.413198777508768","1,1,1,1,1,2,3,2,2,2,3,3,2,2,2,2,2,3,3,3,4,1,2,2,2,2,2,2,1,2,3,3,3,3,3,3,2,2,4,4,4,4,1,1,1,1,4,1,1,1,4,4,4,4,4,1,1,1,1,4,2,4,4,2,2,4,4,4,4,4,1,4,2,2,4,4,4,4,4,4,4,2,2,2,2,1,4,4,4,4,2,3,3,4,4,4,2,4,4,4,4,4,4,4,4,4,4,3,3,4,4,4,4,3,3,3,3,3,3,3,3,2,2,2,2,2,2,2,2","0.000728130340576172","louvain","edit-xhwikibooks.graphml"
"0.41","0.19","0.4","0.414239134317999","1,1,2,2,2,3,2,3,3,3,2,2,3,3,3,3,3,2,4,2,5,1,3,3,3,3,3,3,1,3,2,4,2,2,4,4,3,3,5,5,5,5,1,1,1,1,5,1,1,1,5,5,5,5,5,1,1,1,1,5,3,5,5,3,3,5,5,5,5,5,1,5,3,3,5,5,5,5,5,5,5,3,3,3,3,1,5,5,5,5,3,2,4,5,5,5,3,5,5,5,5,5,5,5,5,5,5,2,2,5,5,5,5,4,4,4,4,4,4,4,4,3,3,3,3,3,3,3,3","0.000648021697998047","louvain","edit-xhwikibooks.graphml"
"0.4","0.2","0.4","0.417393010365532","1,1,2,2,2,3,2,3,3,3,2,2,3,3,3,3,3,2,4,2,5,1,3,3,3,3,3,3,1,3,2,4,2,2,4,4,3,3,5,5,5,5,1,1,1,1,5,1,1,1,5,5,5,5,5,1,1,1,1,5,3,5,5,3,3,5,5,5,5,5,1,5,3,3,5,5,5,5,5,5,5,3,3,3,3,1,5,5,5,5,3,2,4,5,5,5,3,5,5,5,5,5,5,5,5,5,5,2,2,5,5,5,5,4,4,4,4,4,4,4,4,3,3,3,3,3,3,3,3","0.00056910514831543","louvain","edit-xhwikibooks.graphml"
"0.39","0.21","0.4","0.396631844606973","1,1,1,2,3,2,3,2,2,2,3,3,2,2,2,2,2,3,4,3,5,1,2,2,2,2,2,2,1,2,3,4,3,3,4,4,2,2,5,5,5,5,1,1,1,1,5,1,1,1,5,5,5,5,5,1,1,1,1,5,2,5,5,2,2,5,5,5,5,5,1,5,2,2,5,5,5,5,5,5,5,2,2,2,2,1,5,5,5,5,2,3,4,5,5,5,2,5,5,5,5,5,5,5,5,5,5,3,3,5,5,5,5,4,4,4,4,4,4,4,4,2,2,2,2,2,2,2,2","0.000647068023681641","louvain","edit-xhwikibooks.graphml"
"0.38","0.22","0.4","0.390416772320137","1,1,1,2,3,2,3,4,4,2,3,3,4,4,4,2,2,3,4,3,5,1,4,4,4,4,4,2,1,2,3,4,3,3,4,4,6,4,5,5,5,5,1,1,1,1,5,1,1,1,5,5,5,5,5,1,1,1,1,5,4,5,5,4,4,5,5,5,5,5,1,5,4,4,5,5,5,5,5,5,5,4,2,2,2,1,5,5,5,5,2,3,4,5,5,5,2,5,5,5,5,5,5,5,5,5,5,3,3,5,5,5,5,4,4,4,4,4,4,4,4,6,6,6,6,6,6,6,6","0.000606060028076172","louvain","edit-xhwikibooks.graphml"
"0.37","0.23","0.4","0.397802380249621","1,1,1,2,3,2,3,2,2,2,3,3,2,2,2,2,2,3,3,3,4,1,2,2,2,2,2,2,1,2,3,3,3,3,3,3,2,2,4,4,4,4,1,1,1,1,4,1,1,1,4,4,4,4,4,1,1,1,1,4,2,4,4,2,2,4,4,4,4,4,1,4,2,2,4,4,4,4,4,4,4,2,2,2,2,1,4,4,4,4,2,3,3,4,4,4,2,4,4,4,4,4,4,4,4,4,4,3,3,4,4,4,4,3,3,3,3,3,3,3,3,2,2,2,2,2,2,2,2","0.000607967376708984","louvain","edit-xhwikibooks.graphml"
"0.36","0.24","0.4","0.398843246251206","1,1,1,2,3,2,3,2,2,2,3,3,2,2,2,2,2,3,4,3,5,1,2,2,2,2,2,2,1,2,3,4,3,3,4,4,2,2,5,5,5,5,1,1,1,1,5,1,1,1,5,5,5,5,5,1,1,1,1,5,2,5,5,2,2,5,5,5,5,5,1,5,2,2,5,5,5,5,5,5,5,2,2,2,2,1,5,5,5,5,2,3,4,5,5,5,2,5,5,5,5,5,5,5,5,5,5,3,3,5,5,5,5,4,4,4,4,4,4,4,4,2,2,2,2,2,2,2,2","0.000610113143920898","louvain","edit-xhwikibooks.graphml"
"0.35","0.25","0.4","0.400887745079138","1,1,1,2,3,2,3,2,2,2,3,4,2,2,2,2,2,3,3,4,5,1,2,2,2,2,2,2,1,2,3,3,4,4,3,3,2,2,5,5,5,5,1,1,1,1,5,1,1,1,5,5,5,5,5,1,1,1,1,5,2,5,5,2,2,5,5,5,5,5,1,5,2,2,5,5,5,5,5,5,5,2,2,2,2,1,5,5,5,5,2,3,3,5,5,5,2,5,5,5,5,5,5,5,5,5,5,4,4,5,5,5,5,3,3,3,3,3,3,3,3,2,2,2,2,2,2,2,2","0.000638008117675781","louvain","edit-xhwikibooks.graphml"
"0.34","0.26","0.4","0.400772071581636","1,1,1,2,3,2,3,2,2,2,3,3,2,2,2,2,2,3,3,3,4,1,2,2,2,2,2,2,1,2,3,3,3,3,3,3,2,2,4,4,4,4,1,1,1,1,4,1,1,1,4,4,4,4,4,1,1,1,1,4,2,4,4,2,2,4,4,4,4,4,1,4,2,2,4,4,4,4,4,4,4,2,2,2,2,1,4,4,4,4,2,3,3,4,4,4,2,4,4,4,4,4,4,4,4,4,4,3,3,4,4,4,4,3,3,3,3,3,3,3,3,2,2,2,2,2,2,2,2","0.000644922256469727","louvain","edit-xhwikibooks.graphml"
"0.33","0.27","0.4","0.40097858471842","1,1,1,2,3,2,3,2,2,2,3,3,2,2,2,2,2,3,4,3,5,1,2,2,2,2,2,2,1,2,3,4,3,3,4,4,2,2,5,5,5,5,1,1,1,1,5,1,1,1,5,5,5,5,5,1,1,1,1,5,2,5,5,2,2,5,5,5,5,5,1,5,2,2,5,5,5,5,5,5,5,2,2,2,2,1,5,5,5,5,2,3,4,5,5,5,2,5,5,5,5,5,5,5,5,5,5,3,3,5,5,5,5,4,4,4,4,4,4,4,4,2,2,2,2,2,2,2,2","0.000604867935180664","louvain","edit-xhwikibooks.graphml"
"0.32","0.28","0.4","0.400520929844112","1,1,1,2,3,2,3,2,2,2,3,3,2,2,2,2,2,3,3,3,4,1,2,2,2,2,2,2,1,2,3,3,3,3,3,3,2,2,4,4,4,4,1,1,1,1,4,1,1,1,4,4,4,4,4,1,1,1,1,4,2,4,4,2,2,4,4,4,4,4,1,4,2,2,4,4,4,4,4,4,4,2,2,2,2,1,4,4,4,4,2,3,3,4,4,4,2,4,4,4,4,4,4,4,4,4,4,3,3,4,4,4,4,3,3,3,3,3,3,3,3,2,2,2,2,2,2,2,2","0.000773191452026367","louvain","edit-xhwikibooks.graphml"
"0.31","0.29","0.4","0.402113683662851","1,1,1,2,3,2,3,2,2,2,3,3,2,2,2,2,2,3,3,3,4,1,2,2,2,2,2,2,1,2,3,3,3,3,3,3,2,2,4,4,4,4,1,1,1,1,4,1,1,1,4,4,4,4,4,1,1,1,1,4,2,4,4,2,2,4,4,4,4,4,1,4,2,2,4,4,4,4,4,4,4,2,2,2,2,1,4,4,4,4,2,3,3,4,4,4,2,4,4,4,4,4,4,4,4,4,4,3,3,4,4,4,4,3,3,3,3,3,3,3,3,2,2,2,2,2,2,2,2","0.000708103179931641","louvain","edit-xhwikibooks.graphml"
"0.3","0.3","0.4","0.401862629303264","1,1,1,2,3,2,3,2,2,2,3,3,2,2,2,2,2,3,3,3,4,1,2,2,2,2,2,2,1,2,3,3,3,3,3,3,2,2,4,4,4,4,1,1,1,1,4,1,1,1,4,4,4,4,4,1,1,1,1,4,2,4,4,2,2,4,4,4,4,4,1,4,2,2,4,4,4,4,4,4,4,2,2,2,2,1,4,4,4,4,2,3,3,4,4,4,2,4,4,4,4,4,4,4,4,4,4,3,3,4,4,4,4,3,3,3,3,3,3,3,3,2,2,2,2,2,2,2,2","0.000650167465209961","louvain","edit-xhwikibooks.graphml"
"0.29","0.31","0.4","0.402677619858884","1,1,1,2,3,2,3,2,2,2,3,3,2,2,2,2,2,3,3,3,4,1,2,2,2,2,2,2,1,2,3,3,3,3,3,3,2,2,4,4,4,4,1,1,1,1,4,1,1,1,4,4,4,4,4,1,1,1,1,4,2,4,4,2,2,4,4,4,4,4,1,4,2,2,4,4,4,4,4,4,4,2,2,2,2,1,4,4,4,4,2,3,3,4,4,4,2,4,4,4,4,4,4,4,4,4,4,3,3,4,4,4,4,3,3,3,3,3,3,3,3,2,2,2,2,2,2,2,2","0.000612974166870117","louvain","edit-xhwikibooks.graphml"
"0.28","0.32","0.4","0.403238438394971","1,1,1,2,3,2,3,2,2,2,3,3,2,2,2,2,2,3,3,3,4,1,2,2,2,2,2,2,1,2,3,3,3,3,3,3,2,2,4,4,4,4,1,1,1,1,4,1,1,1,4,4,4,4,4,1,1,1,1,4,2,4,4,2,2,4,4,4,4,4,1,4,2,2,4,4,4,4,4,4,4,2,2,2,2,1,4,4,4,4,2,3,3,4,4,4,2,4,4,4,4,4,4,4,4,4,4,3,3,4,4,4,4,3,3,3,3,3,3,3,3,2,2,2,2,2,2,2,2","0.00064396858215332","louvain","edit-xhwikibooks.graphml"
"0.27","0.33","0.4","0.403238438394971","1,1,1,2,3,2,3,2,2,2,3,3,2,2,2,2,2,3,3,3,4,1,2,2,2,2,2,2,1,2,3,3,3,3,3,3,2,2,4,4,4,4,1,1,1,1,4,1,1,1,4,4,4,4,4,1,1,1,1,4,2,4,4,2,2,4,4,4,4,4,1,4,2,2,4,4,4,4,4,4,4,2,2,2,2,1,4,4,4,4,2,3,3,4,4,4,2,4,4,4,4,4,4,4,4,4,4,3,3,4,4,4,4,3,3,3,3,3,3,3,3,2,2,2,2,2,2,2,2","0.000622034072875977","louvain","edit-xhwikibooks.graphml"
"0.26","0.34","0.4","0.41455231625387","1,1,1,2,3,2,3,2,2,2,3,3,2,2,2,2,2,3,4,3,5,1,2,2,2,2,2,2,1,2,3,4,3,3,4,4,2,2,5,5,5,5,1,1,1,1,5,1,1,1,5,5,5,5,5,1,1,1,1,5,2,5,5,2,2,5,5,5,5,5,1,5,2,2,5,5,5,5,5,5,5,2,2,2,2,1,5,5,5,5,2,3,4,5,5,5,2,5,5,5,5,5,5,5,5,5,5,3,3,5,5,5,5,4,4,4,4,4,4,4,4,2,2,2,2,2,2,2,2","0.00065302848815918","louvain","edit-xhwikibooks.graphml"
"0.25","0.35","0.4","0.41455231625387","1,1,1,2,3,2,3,2,2,2,3,3,2,2,2,2,2,3,4,3,5,1,2,2,2,2,2,2,1,2,3,4,3,3,4,4,2,2,5,5,5,5,1,1,1,1,5,1,1,1,5,5,5,5,5,1,1,1,1,5,2,5,5,2,2,5,5,5,5,5,1,5,2,2,5,5,5,5,5,5,5,2,2,2,2,1,5,5,5,5,2,3,4,5,5,5,2,5,5,5,5,5,5,5,5,5,5,3,3,5,5,5,5,4,4,4,4,4,4,4,4,2,2,2,2,2,2,2,2","0.000643014907836914","louvain","edit-xhwikibooks.graphml"
"0.24","0.36","0.4","0.41429831191736","1,1,1,2,3,2,3,2,2,2,3,3,2,2,2,2,2,3,4,3,5,1,2,2,2,2,2,2,1,2,3,4,3,3,4,4,2,2,5,5,5,5,1,1,1,1,5,1,1,1,5,5,5,5,5,1,1,1,1,5,2,5,5,2,2,5,5,5,5,5,1,5,2,2,5,5,5,5,5,5,5,2,2,2,2,1,5,5,5,5,2,3,4,5,5,5,2,5,5,5,5,5,5,5,5,5,5,3,3,5,5,5,5,4,4,4,4,4,4,4,4,2,2,2,2,2,2,2,2","0.000614166259765625","louvain","edit-xhwikibooks.graphml"
"0.23","0.37","0.4","0.41429831191736","1,1,1,2,3,2,3,2,2,2,3,3,2,2,2,2,2,3,4,3,5,1,2,2,2,2,2,2,1,2,3,4,3,3,4,4,2,2,5,5,5,5,1,1,1,1,5,1,1,1,5,5,5,5,5,1,1,1,1,5,2,5,5,2,2,5,5,5,5,5,1,5,2,2,5,5,5,5,5,5,5,2,2,2,2,1,5,5,5,5,2,3,4,5,5,5,2,5,5,5,5,5,5,5,5,5,5,3,3,5,5,5,5,4,4,4,4,4,4,4,4,2,2,2,2,2,2,2,2","0.000648975372314453","louvain","edit-xhwikibooks.graphml"
"0.22","0.38","0.4","0.414044591575107","1,1,1,2,3,2,3,2,2,2,3,3,2,2,2,2,2,3,4,3,5,1,2,2,2,2,2,2,1,2,3,4,3,3,4,4,2,2,5,5,5,5,1,1,1,1,5,1,1,1,5,5,5,5,5,1,1,1,1,5,2,5,5,2,2,5,5,5,5,5,1,5,2,2,5,5,5,5,5,5,5,2,2,2,2,1,5,5,5,5,2,3,4,5,5,5,2,5,5,5,5,5,5,5,5,5,5,3,3,5,5,5,5,4,4,4,4,4,4,4,4,2,2,2,2,2,2,2,2","0.000601053237915039","louvain","edit-xhwikibooks.graphml"
"0.21","0.39","0.4","0.414825912131022","1,1,1,2,3,2,3,2,2,2,3,3,2,2,2,2,2,3,4,3,5,1,2,2,2,2,2,2,1,2,3,4,3,3,4,4,2,2,5,5,5,5,1,1,1,1,5,1,1,1,5,5,5,5,5,1,1,1,1,5,2,5,5,2,2,5,5,5,5,5,1,5,2,2,5,5,5,5,5,5,5,2,2,2,2,1,5,5,5,5,2,3,4,5,5,5,2,5,5,5,5,5,5,5,5,5,5,3,3,5,5,5,5,4,4,4,4,4,4,4,4,2,2,2,2,2,2,2,2","0.000641107559204102","louvain","edit-xhwikibooks.graphml"
"0.2","0.4","0.4","0.416060866440657","1,1,1,2,3,2,3,2,2,2,3,3,2,2,2,2,2,3,4,3,5,1,2,2,2,2,2,2,1,2,3,4,3,3,4,4,2,2,5,5,5,5,1,1,1,1,5,1,1,1,5,5,5,5,5,1,1,1,1,5,2,5,5,2,2,5,5,5,5,5,1,5,2,2,5,5,5,5,5,5,5,2,2,2,2,1,5,5,5,5,2,3,4,5,5,5,2,5,5,5,5,5,5,5,5,5,5,3,3,5,5,5,5,4,4,4,4,4,4,4,4,2,2,2,2,2,2,2,2","0.000634908676147461","louvain","edit-xhwikibooks.graphml"
"0.19","0.41","0.4","0.408817779914481","1,1,1,2,3,2,3,2,2,2,3,3,2,2,2,2,2,3,4,3,5,1,2,2,2,2,2,2,1,2,3,4,3,3,4,4,2,2,5,5,5,5,1,1,1,1,5,1,1,1,5,5,5,5,5,1,1,1,1,5,6,5,5,2,2,5,5,5,5,5,1,5,2,2,5,5,5,5,5,5,5,2,2,2,2,7,5,5,5,5,8,9,10,5,5,5,2,5,5,5,5,5,5,5,5,5,5,3,3,5,5,5,5,4,4,4,4,4,4,4,4,2,2,2,2,2,2,2,2","0.000602006912231445","louvain","edit-xhwikibooks.graphml"
"0.18","0.42","0.4","0.408243996127046","1,1,1,2,3,2,3,2,2,2,3,3,2,2,2,2,2,3,3,4,5,1,2,2,2,2,2,2,1,2,3,3,4,4,3,3,2,2,5,5,5,5,1,1,1,1,5,1,1,1,5,5,5,5,5,1,1,1,1,5,6,5,5,2,2,5,5,5,5,5,1,5,2,2,5,5,5,5,5,5,5,2,2,2,2,7,5,5,5,5,8,9,10,5,5,5,2,5,5,5,5,5,5,5,5,5,5,4,4,5,5,5,5,3,3,3,3,3,3,3,3,2,2,2,2,2,2,2,2","0.000664949417114258","louvain","edit-xhwikibooks.graphml"
"0.17","0.43","0.4","0.409792670986786","1,1,1,2,3,2,3,2,2,2,3,3,2,2,2,2,2,3,3,4,5,1,2,2,2,2,2,2,1,2,3,3,4,4,3,3,2,2,5,5,5,5,1,1,1,1,5,1,1,1,5,5,5,5,5,1,1,1,1,5,6,5,5,2,2,5,5,5,5,5,1,5,2,2,5,5,5,5,5,5,5,2,2,2,2,7,5,5,5,5,8,9,10,5,5,5,2,5,5,5,5,5,5,5,5,5,5,4,4,5,5,5,5,3,3,3,3,3,3,3,3,2,2,2,2,2,2,2,2","0.000710964202880859","louvain","edit-xhwikibooks.graphml"
"0.16","0.44","0.4","0.409870627664979","1,1,1,2,3,2,3,2,2,2,3,3,2,2,2,2,2,3,4,3,5,1,2,2,2,2,2,2,1,2,3,4,3,3,4,4,2,2,5,5,5,5,1,1,1,1,5,1,1,1,5,5,5,5,5,1,1,1,1,5,6,5,5,2,2,5,5,5,5,5,1,5,2,2,5,5,5,5,5,5,5,2,2,2,2,7,5,5,5,5,8,9,10,5,5,5,2,5,5,5,5,5,5,5,5,5,5,3,3,5,5,5,5,4,4,4,4,4,4,4,4,2,2,2,2,2,2,2,2","0.000622034072875977","louvain","edit-xhwikibooks.graphml"
"0.15","0.45","0.4","0.411079931972789","1,1,1,2,3,2,3,2,2,2,3,3,2,2,2,2,2,3,3,4,5,1,2,2,2,2,2,2,1,2,3,3,4,4,3,3,2,2,5,5,5,5,1,1,1,1,5,1,1,1,5,5,5,5,5,1,1,1,1,5,6,5,5,2,2,5,5,5,5,5,1,5,2,2,5,5,5,5,5,5,5,2,2,2,2,7,5,5,5,5,8,9,10,5,5,5,2,5,5,5,5,5,5,5,5,5,5,4,4,5,5,5,5,3,3,3,3,3,3,3,3,2,2,2,2,2,2,2,2","0.00056004524230957","louvain","edit-xhwikibooks.graphml"
"0.14","0.46","0.4","0.410828169680169","1,1,1,2,3,2,3,2,2,2,3,3,2,2,2,2,2,3,3,4,5,1,2,2,2,2,2,2,1,2,3,3,4,4,3,3,2,2,5,5,5,5,1,1,1,1,5,1,1,1,5,5,5,5,5,1,1,1,1,5,6,5,5,2,2,5,5,5,5,5,1,5,2,2,5,5,5,5,5,5,5,2,2,2,2,7,5,5,5,5,8,9,10,5,5,5,2,5,5,5,5,5,5,5,5,5,5,4,4,5,5,5,5,3,3,3,3,3,3,3,3,2,2,2,2,2,2,2,2","0.000574111938476562","louvain","edit-xhwikibooks.graphml"
"0.13","0.47","0.4","0.411955528040165","1,1,1,2,3,2,3,2,2,2,3,3,2,2,2,2,2,3,4,3,5,1,2,2,2,2,2,2,1,2,3,4,3,3,4,4,2,2,5,5,5,5,1,1,1,1,5,1,1,1,5,5,5,5,5,1,1,1,1,5,6,5,5,2,2,5,5,5,5,5,1,5,2,2,5,5,5,5,5,5,5,2,2,2,2,7,5,5,5,5,8,9,10,5,5,5,2,5,5,5,5,5,5,5,5,5,5,3,3,5,5,5,5,4,4,4,4,4,4,4,4,2,2,2,2,2,2,2,2","0.000662088394165039","louvain","edit-xhwikibooks.graphml"
"0.12","0.48","0.4","0.411366131112127","1,1,1,2,3,2,3,2,2,2,3,3,2,2,2,2,2,3,3,4,5,1,2,2,2,2,2,2,1,2,3,3,4,4,3,3,2,2,5,5,5,5,1,1,1,1,5,1,1,1,5,5,5,5,5,1,1,1,1,5,6,5,5,2,2,5,5,5,5,5,1,5,2,2,5,5,5,5,5,5,5,2,2,2,2,7,5,5,5,5,8,9,10,5,5,5,2,5,5,5,5,5,5,5,5,5,5,4,4,5,5,5,5,3,3,3,3,3,3,3,3,2,2,2,2,2,2,2,2","0.000674962997436523","louvain","edit-xhwikibooks.graphml"
"0.11","0.49","0.4","0.411366131112127","1,1,1,2,3,2,3,2,2,2,3,3,2,2,2,2,2,3,3,4,5,1,2,2,2,2,2,2,1,2,3,3,4,4,3,3,2,2,5,5,5,5,1,1,1,1,5,1,1,1,5,5,5,5,5,1,1,1,1,5,6,5,5,2,2,5,5,5,5,5,1,5,2,2,5,5,5,5,5,5,5,2,2,2,2,7,5,5,5,5,8,9,10,5,5,5,2,5,5,5,5,5,5,5,5,5,5,4,4,5,5,5,5,3,3,3,3,3,3,3,3,2,2,2,2,2,2,2,2","0.000615119934082031","louvain","edit-xhwikibooks.graphml"
"0.1","0.5","0.4","0.443064147705487","1,1,1,2,3,2,3,2,2,2,3,3,2,2,2,2,2,3,4,3,5,1,2,2,2,2,2,2,1,2,3,4,3,3,4,4,2,2,5,5,5,5,1,1,1,1,5,1,1,1,5,5,5,5,5,1,1,1,1,5,6,5,5,2,2,5,5,5,5,5,1,5,2,2,5,5,5,5,5,5,5,2,2,2,2,7,5,5,5,5,8,9,10,5,5,5,2,5,5,5,5,5,5,5,5,5,5,3,3,5,5,5,5,4,4,4,4,4,4,4,4,2,2,2,2,2,2,2,2","0.000555038452148438","louvain","edit-xhwikibooks.graphml"
"0.09","0.51","0.4","0.443064147705487","1,1,1,2,3,2,3,2,2,2,3,3,2,2,2,2,2,3,4,3,5,1,2,2,2,2,2,2,1,2,3,4,3,3,4,4,2,2,5,5,5,5,1,1,1,1,5,1,1,1,5,5,5,5,5,1,1,1,1,5,6,5,5,2,2,5,5,5,5,5,1,5,2,2,5,5,5,5,5,5,5,2,2,2,2,7,5,5,5,5,8,9,10,5,5,5,2,5,5,5,5,5,5,5,5,5,5,3,3,5,5,5,5,4,4,4,4,4,4,4,4,2,2,2,2,2,2,2,2","0.000566005706787109","louvain","edit-xhwikibooks.graphml"
"0.08","0.52","0.4","0.443778191879572","1,1,1,2,3,2,3,2,2,2,3,3,2,2,2,2,2,3,4,3,5,1,2,2,2,2,2,2,1,2,3,4,3,3,4,4,2,2,5,5,5,5,1,1,1,1,5,1,1,1,5,5,5,5,5,1,1,1,1,5,6,5,5,2,2,5,5,5,5,5,1,5,2,2,5,5,5,5,5,5,5,2,2,2,2,7,5,5,5,5,8,9,10,5,5,5,2,5,5,5,5,5,5,5,5,5,5,3,3,5,5,5,5,4,4,4,4,4,4,4,4,2,2,2,2,2,2,2,2","0.000593185424804688","louvain","edit-xhwikibooks.graphml"
"0.07","0.53","0.4","0.44352339607249","1,1,1,2,3,2,3,2,2,2,3,3,2,2,2,2,2,3,4,3,5,1,2,2,2,2,2,2,1,2,3,4,3,3,4,4,2,2,5,5,5,5,1,1,1,1,5,1,1,1,5,5,5,5,5,1,1,1,1,5,6,5,5,2,2,5,5,5,5,5,1,5,2,2,5,5,5,5,5,5,5,2,2,2,2,7,5,5,5,5,8,9,10,5,5,5,2,5,5,5,5,5,5,5,5,5,5,3,3,5,5,5,5,4,4,4,4,4,4,4,4,2,2,2,2,2,2,2,2","0.000583887100219727","louvain","edit-xhwikibooks.graphml"
"0.06","0.54","0.4","0.444943311737805","1,1,1,2,3,2,3,2,2,2,3,3,2,2,2,2,2,3,4,3,5,1,2,2,2,2,2,2,1,2,3,4,3,3,4,4,2,2,5,5,5,5,1,1,1,1,5,1,1,1,5,5,5,5,5,1,1,1,1,5,6,5,5,2,2,5,5,5,5,5,1,5,2,2,5,5,5,5,5,5,5,2,2,2,2,7,5,5,5,5,8,9,10,5,5,5,2,5,5,5,5,5,5,5,5,5,5,3,3,5,5,5,5,4,4,4,4,4,4,4,4,2,2,2,2,2,2,2,2","0.000735044479370117","louvain","edit-xhwikibooks.graphml"
"0.05","0.55","0.4","0.444688680596925","1,1,1,2,3,2,3,2,2,2,3,3,2,2,2,2,2,3,4,3,5,1,2,2,2,2,2,2,1,2,3,4,3,3,4,4,2,2,5,5,5,5,1,1,1,1,5,1,1,1,5,5,5,5,5,1,1,1,1,5,6,5,5,2,2,5,5,5,5,5,1,5,2,2,5,5,5,5,5,5,5,2,2,2,2,7,5,5,5,5,8,9,10,5,5,5,2,5,5,5,5,5,5,5,5,5,5,3,3,5,5,5,5,4,4,4,4,4,4,4,4,2,2,2,2,2,2,2,2","0.000600099563598633","louvain","edit-xhwikibooks.graphml"
"0.04","0.56","0.4","0.446035362662465","1,1,1,2,3,2,3,2,2,2,3,3,2,2,2,2,2,3,4,3,5,1,2,2,2,2,2,2,1,2,3,4,3,3,4,4,2,2,5,5,5,5,1,1,1,1,5,1,1,1,5,5,5,5,5,1,1,1,1,5,6,5,5,2,2,5,5,5,5,5,1,5,2,2,5,5,5,5,5,5,5,2,2,2,2,7,5,5,5,5,8,9,10,5,5,5,2,5,5,5,5,5,5,5,5,5,5,3,3,5,5,5,5,4,4,4,4,4,4,4,4,2,2,2,2,2,2,2,2","0.000619173049926758","louvain","edit-xhwikibooks.graphml"
"0.03","0.57","0.4","0.444713936955497","1,1,1,2,3,2,3,2,2,2,3,3,2,2,2,2,2,3,3,4,5,1,2,2,2,2,2,2,1,2,3,3,4,4,3,3,2,2,5,5,5,5,1,1,1,1,5,1,1,1,5,5,5,5,5,1,1,1,1,5,6,5,5,2,2,5,5,5,5,5,1,5,2,2,5,5,5,5,5,5,5,2,2,2,2,7,5,5,5,5,8,9,10,5,5,5,2,5,5,5,5,5,5,5,5,5,5,4,4,5,5,5,5,3,3,3,3,3,3,3,3,2,2,2,2,2,2,2,2","0.000619888305664062","louvain","edit-xhwikibooks.graphml"
"0.02","0.58","0.4","0.447119779589713","1,1,1,2,3,2,3,2,2,2,3,3,2,2,2,2,2,3,4,3,5,1,2,2,2,2,2,2,1,2,3,4,3,3,4,4,2,2,5,5,5,5,1,1,1,1,5,1,1,1,5,5,5,5,5,1,1,1,1,5,6,5,5,2,2,5,5,5,5,5,1,5,2,2,5,5,5,5,5,5,5,2,2,2,2,7,5,5,5,5,8,9,10,5,5,5,2,5,5,5,5,5,5,5,5,5,5,3,3,5,5,5,5,4,4,4,4,4,4,4,4,2,2,2,2,2,2,2,2","0.000666141510009766","louvain","edit-xhwikibooks.graphml"
"0.01","0.59","0.4","0.446865690172386","1,1,1,2,3,2,3,2,2,2,3,3,2,2,2,2,2,3,4,3,5,1,2,2,2,2,2,2,1,2,3,4,3,3,4,4,2,2,5,5,5,5,1,1,1,1,5,1,1,1,5,5,5,5,5,1,1,1,1,5,6,5,5,2,2,5,5,5,5,5,1,5,2,2,5,5,5,5,5,5,5,2,2,2,2,7,5,5,5,5,8,9,10,5,5,5,2,5,5,5,5,5,5,5,5,5,5,3,3,5,5,5,5,4,4,4,4,4,4,4,4,2,2,2,2,2,2,2,2","0.000661134719848633","louvain","edit-xhwikibooks.graphml"
"0","0.6","0.4","0.450144705327333","1,1,1,1,1,2,3,2,2,2,3,3,2,2,2,2,2,3,4,3,5,1,2,2,2,2,2,2,1,2,3,4,3,3,4,4,2,2,5,5,5,5,1,1,1,1,5,1,1,1,5,5,5,5,5,1,1,1,1,5,6,5,5,2,2,5,5,5,5,5,1,5,2,2,5,5,5,5,5,5,5,2,2,2,2,7,5,5,5,5,8,9,10,5,5,5,2,5,5,5,5,5,5,5,5,5,5,3,3,5,5,5,5,4,4,4,4,4,4,4,4,2,2,2,2,2,2,2,2","0.000663042068481445","louvain","edit-xhwikibooks.graphml"
"0.59","0","0.41","0.405290847905775","1,1,2,3,2,3,2,3,3,3,2,2,3,3,3,3,3,2,4,2,5,1,3,3,3,3,3,3,1,3,2,4,2,2,4,4,3,3,5,5,5,5,1,1,1,1,5,1,1,1,5,5,5,5,5,1,1,1,1,5,3,5,5,3,3,5,5,5,5,5,1,5,3,3,5,5,5,5,5,5,5,3,3,3,3,1,5,5,5,5,3,2,4,5,5,5,3,5,5,5,5,5,5,5,5,5,5,2,2,5,5,5,5,4,4,4,4,4,4,4,4,3,3,3,3,3,3,3,3","0.000641107559204102","louvain","edit-xhwikibooks.graphml"
"0.58","0.01","0.41","0.405290847905775","1,1,2,3,2,3,2,3,3,3,2,2,3,3,3,3,3,2,4,2,5,1,3,3,3,3,3,3,1,3,2,4,2,2,4,4,3,3,5,5,5,5,1,1,1,1,5,1,1,1,5,5,5,5,5,1,1,1,1,5,3,5,5,3,3,5,5,5,5,5,1,5,3,3,5,5,5,5,5,5,5,3,3,3,3,1,5,5,5,5,3,2,4,5,5,5,3,5,5,5,5,5,5,5,5,5,5,2,2,5,5,5,5,4,4,4,4,4,4,4,4,3,3,3,3,3,3,3,3","0.000566005706787109","louvain","edit-xhwikibooks.graphml"
"0.57","0.02","0.41","0.404746409470585","1,1,2,3,2,3,2,3,3,3,4,2,3,3,3,3,3,4,4,2,5,1,3,3,3,3,3,3,1,3,4,4,2,2,4,4,3,3,5,5,5,5,1,1,1,1,5,1,1,1,5,5,5,5,5,1,1,1,1,5,3,5,5,3,3,5,5,5,5,5,1,5,3,3,5,5,5,5,5,5,5,3,3,3,3,1,5,5,5,5,3,4,4,5,5,5,3,5,5,5,5,5,5,5,5,5,5,2,2,5,5,5,5,4,4,4,4,4,4,4,4,3,3,3,3,3,3,3,3","0.000576972961425781","louvain","edit-xhwikibooks.graphml"
"0.56","0.03","0.41","0.405046616599097","1,1,2,3,2,3,2,3,3,3,2,2,3,3,3,3,3,2,4,2,5,1,3,3,3,3,3,3,1,3,2,4,2,2,4,4,3,3,5,5,5,5,1,1,1,1,5,1,1,1,5,5,5,5,5,1,1,1,1,5,3,5,5,3,3,5,5,5,5,5,1,5,3,3,5,5,5,5,5,5,5,3,3,3,3,1,5,5,5,5,3,2,4,5,5,5,3,5,5,5,5,5,5,5,5,5,5,2,2,5,5,5,5,4,4,4,4,4,4,4,4,3,3,3,3,3,3,3,3","0.000599145889282227","louvain","edit-xhwikibooks.graphml"
"0.55","0.04","0.41","0.404108224669268","1,1,1,2,1,2,3,2,2,2,3,3,2,2,2,2,2,3,3,3,4,1,2,2,2,2,2,2,1,2,3,3,3,3,3,3,2,2,4,4,4,4,1,1,1,1,4,1,1,1,4,4,4,4,4,1,1,1,1,4,2,4,4,2,2,4,4,4,4,4,1,4,2,2,4,4,4,4,4,4,4,2,2,2,2,1,4,4,4,4,2,3,3,4,4,4,2,4,4,4,4,4,4,4,4,4,4,3,3,4,4,4,4,3,3,3,3,3,3,3,3,2,2,2,2,2,2,2,2","0.000651836395263672","louvain","edit-xhwikibooks.graphml"
"0.54","0.05","0.41","0.404802655541604","1,1,2,3,2,3,2,3,3,3,2,2,3,3,3,3,3,2,4,2,5,1,3,3,3,3,3,3,1,3,2,4,2,2,4,4,3,3,5,5,5,5,1,1,1,1,5,1,1,1,5,5,5,5,5,1,1,1,1,5,3,5,5,3,3,5,5,5,5,5,1,5,3,3,5,5,5,5,5,5,5,3,3,3,3,1,5,5,5,5,3,2,4,5,5,5,3,5,5,5,5,5,5,5,5,5,5,2,2,5,5,5,5,4,4,4,4,4,4,4,4,3,3,3,3,3,3,3,3","0.000569820404052734","louvain","edit-xhwikibooks.graphml"
"0.53","0.06","0.41","0.399992199763453","1,1,2,2,2,3,2,3,3,3,4,2,3,3,3,3,3,4,4,2,5,1,3,3,3,3,3,3,1,3,4,4,2,2,4,4,3,3,5,5,5,5,1,1,1,1,5,1,1,1,5,5,5,5,5,1,1,1,1,5,3,5,5,3,3,5,5,5,5,5,1,5,3,3,5,5,5,5,5,5,5,3,3,3,3,1,5,5,5,5,3,4,4,5,5,5,3,5,5,5,5,5,5,5,5,5,5,2,2,5,5,5,5,4,4,4,4,4,4,4,4,3,3,3,3,3,3,3,3","0.000602006912231445","louvain","edit-xhwikibooks.graphml"
"0.52","0.07","0.41","0.399171018052137","1,1,1,1,1,2,3,2,2,2,3,3,2,2,2,2,2,3,3,3,4,1,2,2,2,2,2,2,1,2,3,3,3,3,3,3,2,2,4,4,4,4,1,1,1,1,4,1,1,1,4,4,4,4,4,1,1,1,1,4,2,4,4,2,2,4,4,4,4,4,1,4,2,2,4,4,4,4,4,4,4,2,2,2,2,1,4,4,4,4,2,3,3,4,4,4,2,4,4,4,4,4,4,4,4,4,4,3,3,4,4,4,4,3,3,3,3,3,3,3,3,2,2,2,2,2,2,2,2","0.00065302848815918","louvain","edit-xhwikibooks.graphml"
"0.51","0.08","0.41","0.400550892616026","1,1,2,2,2,3,2,3,3,3,4,2,3,3,3,3,3,4,4,2,5,1,3,3,3,3,3,3,1,3,4,4,2,2,4,4,3,3,5,5,5,5,1,1,1,1,5,1,1,1,5,5,5,5,5,1,1,1,1,5,3,5,5,3,3,5,5,5,5,5,1,5,3,3,5,5,5,5,5,5,5,3,3,3,3,1,5,5,5,5,3,4,4,5,5,5,3,5,5,5,5,5,5,5,5,5,5,2,2,5,5,5,5,4,4,4,4,4,4,4,4,3,3,3,3,3,3,3,3","0.00064396858215332","louvain","edit-xhwikibooks.graphml"
"0.5","0.09","0.41","0.400839050484466","1,1,2,2,2,3,2,3,3,3,2,2,3,3,3,3,3,2,4,2,5,1,3,3,3,3,3,3,1,3,2,4,2,2,4,4,3,3,5,5,5,5,1,1,1,1,5,1,1,1,5,5,5,5,5,1,1,1,1,5,3,5,5,3,3,5,5,5,5,5,1,5,3,3,5,5,5,5,5,5,5,3,3,3,3,1,5,5,5,5,3,2,4,5,5,5,3,5,5,5,5,5,5,5,5,5,5,2,2,5,5,5,5,4,4,4,4,4,4,4,4,3,3,3,3,3,3,3,3","0.000612020492553711","louvain","edit-xhwikibooks.graphml"
"0.49","0.1","0.41","0.400308211572409","1,1,2,2,2,3,2,3,3,3,4,2,3,3,3,3,3,4,4,2,5,1,3,3,3,3,3,3,1,3,4,4,2,2,4,4,3,3,5,5,5,5,1,1,1,1,5,1,1,1,5,5,5,5,5,1,1,1,1,5,3,5,5,3,3,5,5,5,5,5,1,5,3,3,5,5,5,5,5,5,5,3,3,3,3,1,5,5,5,5,3,4,4,5,5,5,3,5,5,5,5,5,5,5,5,5,5,2,2,5,5,5,5,4,4,4,4,4,4,4,4,3,3,3,3,3,3,3,3","0.000708103179931641","louvain","edit-xhwikibooks.graphml"
"0.48","0.11","0.41","0.397758289366681","1,1,2,2,2,3,2,3,3,3,4,2,3,3,3,3,3,4,4,2,5,1,3,3,3,3,3,3,1,3,4,4,2,2,4,4,3,3,5,5,5,5,1,1,1,1,5,1,1,1,5,5,5,5,5,1,1,1,1,5,3,5,5,3,3,5,5,5,5,5,1,5,3,3,5,5,5,5,5,5,5,3,3,3,3,1,5,5,5,5,3,4,4,5,5,5,3,5,5,5,5,5,5,5,5,5,5,2,2,5,5,5,5,4,4,4,4,4,4,4,4,3,3,3,3,3,3,3,3","0.000730991363525391","louvain","edit-xhwikibooks.graphml"
"0.47","0.12","0.41","0.400109668890091","1,1,2,2,2,3,2,3,3,3,4,2,3,3,3,3,3,4,4,2,5,1,3,3,3,3,3,3,1,3,4,4,2,2,4,4,3,3,5,5,5,5,1,1,1,1,5,1,1,1,5,5,5,5,5,1,1,1,1,5,3,5,5,3,3,5,5,5,5,5,1,5,3,3,5,5,5,5,5,5,5,3,3,3,3,1,5,5,5,5,3,4,4,5,5,5,3,5,5,5,5,5,5,5,5,5,5,2,2,5,5,5,5,4,4,4,4,4,4,4,4,3,3,3,3,3,3,3,3","0.000720977783203125","louvain","edit-xhwikibooks.graphml"
"0.46","0.13","0.41","0.400396656588753","1,1,2,2,2,3,2,3,3,3,2,2,3,3,3,3,3,2,4,2,5,1,3,3,3,3,3,3,1,3,2,4,2,2,4,4,3,3,5,5,5,5,1,1,1,1,5,1,1,1,5,5,5,5,5,1,1,1,1,5,3,5,5,3,3,5,5,5,5,5,1,5,3,3,5,5,5,5,5,5,5,3,3,3,3,1,5,5,5,5,3,2,4,5,5,5,3,5,5,5,5,5,5,5,5,5,5,2,2,5,5,5,5,4,4,4,4,4,4,4,4,3,3,3,3,3,3,3,3","0.000660181045532227","louvain","edit-xhwikibooks.graphml"
"0.45","0.14","0.41","0.400396656588753","1,1,2,2,2,3,2,3,3,3,2,2,3,3,3,3,3,2,4,2,5,1,3,3,3,3,3,3,1,3,2,4,2,2,4,4,3,3,5,5,5,5,1,1,1,1,5,1,1,1,5,5,5,5,5,1,1,1,1,5,3,5,5,3,3,5,5,5,5,5,1,5,3,3,5,5,5,5,5,5,5,3,3,3,3,1,5,5,5,5,3,2,4,5,5,5,3,5,5,5,5,5,5,5,5,5,5,2,2,5,5,5,5,4,4,4,4,4,4,4,4,3,3,3,3,3,3,3,3","0.000657081604003906","louvain","edit-xhwikibooks.graphml"
"0.44","0.15","0.41","0.400568609370558","1,1,1,1,1,2,3,2,2,2,3,3,2,2,2,2,2,3,3,3,4,1,2,2,2,2,2,2,1,2,3,3,3,3,3,3,2,2,4,4,4,4,1,1,1,1,4,1,1,1,4,4,4,4,4,1,1,1,1,4,2,4,4,2,2,4,4,4,4,4,1,4,2,2,4,4,4,4,4,4,4,2,2,2,2,1,4,4,4,4,2,3,3,4,4,4,2,4,4,4,4,4,4,4,4,4,4,3,3,4,4,4,4,3,3,3,3,3,3,3,3,2,2,2,2,2,2,2,2","0.000634193420410156","louvain","edit-xhwikibooks.graphml"
"0.43","0.16","0.41","0.401957335161968","1,1,2,2,2,3,2,3,3,3,4,2,3,3,3,3,3,4,4,2,5,1,3,3,3,3,3,3,1,3,4,4,2,2,4,4,3,3,5,5,5,5,1,1,1,1,5,1,1,1,5,5,5,5,5,1,1,1,1,5,3,5,5,3,3,5,5,5,5,5,1,5,3,3,5,5,5,5,5,5,5,3,3,3,3,1,5,5,5,5,3,4,4,5,5,5,3,5,5,5,5,5,5,5,5,5,5,2,2,5,5,5,5,4,4,4,4,4,4,4,4,3,3,3,3,3,3,3,3","0.000614166259765625","louvain","edit-xhwikibooks.graphml"
"0.42","0.17","0.41","0.401927168383952","1,1,1,1,1,2,1,2,2,2,3,1,2,2,2,2,2,3,3,1,4,1,2,2,2,2,2,2,1,2,3,3,1,1,3,3,2,2,4,4,4,4,1,1,1,1,4,1,1,1,4,4,4,4,4,1,1,1,1,4,2,4,4,2,2,4,4,4,4,4,1,4,2,2,4,4,4,4,4,4,4,2,2,2,2,1,4,4,4,4,2,3,3,4,4,4,2,4,4,4,4,4,4,4,4,4,4,1,1,4,4,4,4,3,3,3,3,3,3,3,3,2,2,2,2,2,2,2,2","0.000563859939575195","louvain","edit-xhwikibooks.graphml"
"0.41","0.18","0.41","0.398341587508102","1,1,2,2,2,3,2,3,3,3,2,2,3,3,3,3,3,2,3,2,4,1,3,3,3,3,3,3,1,3,2,3,2,2,3,3,5,3,4,4,4,4,1,1,1,1,4,1,1,1,4,4,4,4,4,1,1,1,1,4,3,4,4,3,3,4,4,4,4,4,1,4,3,3,4,4,4,4,4,4,4,3,3,3,3,1,4,4,4,4,3,2,3,4,4,4,3,4,4,4,4,4,4,4,4,4,4,2,2,4,4,4,4,3,3,3,3,3,3,3,3,5,5,5,5,5,5,5,5","0.00059199333190918","louvain","edit-xhwikibooks.graphml"
"0.4","0.19","0.41","0.403041422874587","1,1,2,2,2,3,2,3,3,3,4,2,3,3,3,3,3,4,4,2,5,1,3,3,3,3,3,3,1,3,4,4,2,2,4,4,3,3,5,5,5,5,1,1,1,1,5,1,1,1,5,5,5,5,5,1,1,1,1,5,3,5,5,3,3,5,5,5,5,5,1,5,3,3,5,5,5,5,5,5,5,3,3,3,3,1,5,5,5,5,3,4,4,5,5,5,3,5,5,5,5,5,5,5,5,5,5,2,2,5,5,5,5,4,4,4,4,4,4,4,4,3,3,3,3,3,3,3,3","0.000691890716552734","louvain","edit-xhwikibooks.graphml"
"0.39","0.2","0.41","0.405923121936947","1,1,2,2,2,3,2,3,3,3,2,2,3,3,3,3,3,2,4,2,5,1,3,3,3,3,3,3,1,3,2,4,2,2,4,4,3,3,5,5,5,5,1,1,1,1,5,1,1,1,5,5,5,5,5,1,1,1,1,5,3,5,5,3,3,5,5,5,5,5,1,5,3,3,5,5,5,5,5,5,5,3,3,3,3,1,5,5,5,5,3,2,4,5,5,5,3,5,5,5,5,5,5,5,5,5,5,2,2,5,5,5,5,4,4,4,4,4,4,4,4,3,3,3,3,3,3,3,3","0.000592947006225586","louvain","edit-xhwikibooks.graphml"
"0.38","0.21","0.41","0.405153642135246","1,1,2,2,2,3,2,3,3,3,4,2,3,3,3,3,3,4,4,2,5,1,3,3,3,3,3,3,1,3,4,4,2,2,4,4,3,3,5,5,5,5,1,1,1,1,5,1,1,1,5,5,5,5,5,1,1,1,1,5,3,5,5,3,3,5,5,5,5,5,1,5,3,3,5,5,5,5,5,5,5,3,3,3,3,1,5,5,5,5,3,4,4,5,5,5,3,5,5,5,5,5,5,5,5,5,5,2,2,5,5,5,5,4,4,4,4,4,4,4,4,3,3,3,3,3,3,3,3","0.000607013702392578","louvain","edit-xhwikibooks.graphml"
"0.37","0.22","0.41","0.404415632147079","1,1,1,1,2,3,2,3,3,3,2,2,3,3,3,3,3,2,2,2,4,1,3,3,3,3,3,3,1,3,2,2,2,2,2,2,3,3,4,4,4,4,1,1,1,1,4,1,1,1,4,4,4,4,4,1,1,1,1,4,3,4,4,3,3,4,4,4,4,4,1,4,3,3,4,4,4,4,4,4,4,3,3,3,3,1,4,4,4,4,3,2,2,4,4,4,3,4,4,4,4,4,4,4,4,4,4,2,2,4,4,4,4,2,2,2,2,2,2,2,2,3,3,3,3,3,3,3,3","0.000688076019287109","louvain","edit-xhwikibooks.graphml"
"0.36","0.23","0.41","0.406948199967637","1,1,2,2,2,3,2,3,3,3,2,2,3,3,3,3,3,2,4,2,5,1,3,3,3,3,3,3,1,3,2,4,2,2,4,4,3,3,5,5,5,5,1,1,1,1,5,1,1,1,5,5,5,5,5,1,1,1,1,5,3,5,5,3,3,5,5,5,5,5,1,5,3,3,5,5,5,5,5,5,5,3,3,3,3,1,5,5,5,5,3,2,4,5,5,5,3,5,5,5,5,5,5,5,5,5,5,2,2,5,5,5,5,4,4,4,4,4,4,4,4,3,3,3,3,3,3,3,3","0.000648021697998047","louvain","edit-xhwikibooks.graphml"
"0.35","0.24","0.41","0.397447975265709","1,1,1,2,3,2,3,2,2,2,3,3,2,2,2,2,2,3,4,3,5,1,2,2,2,2,2,2,1,2,3,4,3,3,4,4,2,2,5,5,5,5,1,1,1,1,5,1,1,1,5,5,5,5,5,1,1,1,1,5,2,5,5,2,2,5,5,5,5,5,1,5,2,2,5,5,5,5,5,5,5,2,2,2,2,1,5,5,5,5,2,3,4,5,5,5,2,5,5,5,5,5,5,5,5,5,5,3,3,5,5,5,5,4,4,4,4,4,4,4,4,2,2,2,2,2,2,2,2","0.000936031341552734","louvain","edit-xhwikibooks.graphml"
"0.34","0.25","0.41","0.399323151879463","1,1,1,2,3,2,3,2,2,2,3,3,2,2,2,2,2,3,3,3,4,1,2,2,2,2,2,2,1,2,3,3,3,3,3,3,2,2,4,4,4,4,1,1,1,1,4,1,1,1,4,4,4,4,4,1,1,1,1,4,2,4,4,2,2,4,4,4,4,4,1,4,2,2,4,4,4,4,4,4,4,2,2,2,2,1,4,4,4,4,2,3,3,4,4,4,2,4,4,4,4,4,4,4,4,4,4,3,3,4,4,4,4,3,3,3,3,3,3,3,3,2,2,2,2,2,2,2,2","0.000790834426879883","louvain","edit-xhwikibooks.graphml"
"0.33","0.26","0.41","0.39947533273214","1,1,1,2,3,2,3,2,2,2,3,3,2,2,2,2,2,3,4,3,5,1,2,2,2,2,2,2,1,2,3,4,3,3,4,4,2,2,5,5,5,5,1,1,1,1,5,1,1,1,5,5,5,5,5,1,1,1,1,5,2,5,5,2,2,5,5,5,5,5,1,5,2,2,5,5,5,5,5,5,5,2,2,2,2,1,5,5,5,5,2,3,4,5,5,5,2,5,5,5,5,5,5,5,5,5,5,3,3,5,5,5,5,4,4,4,4,4,4,4,4,2,2,2,2,2,2,2,2","0.000783920288085938","louvain","edit-xhwikibooks.graphml"
"0.32","0.27","0.41","0.399323151879463","1,1,1,2,3,2,3,2,2,2,3,3,2,2,2,2,2,3,3,3,4,1,2,2,2,2,2,2,1,2,3,3,3,3,3,3,2,2,4,4,4,4,1,1,1,1,4,1,1,1,4,4,4,4,4,1,1,1,1,4,2,4,4,2,2,4,4,4,4,4,1,4,2,2,4,4,4,4,4,4,4,2,2,2,2,1,4,4,4,4,2,3,3,4,4,4,2,4,4,4,4,4,4,4,4,4,4,3,3,4,4,4,4,3,3,3,3,3,3,3,3,2,2,2,2,2,2,2,2","0.000867128372192383","louvain","edit-xhwikibooks.graphml"
"0.31","0.28","0.41","0.410372158539946","1,1,1,2,3,2,3,2,2,2,3,3,2,2,2,2,2,3,3,3,4,1,2,2,2,2,2,2,1,2,3,3,3,3,3,3,2,2,4,4,4,4,1,1,1,1,4,1,1,1,4,4,4,4,4,1,1,1,1,4,2,4,4,2,2,4,4,4,4,4,1,4,2,2,4,4,4,4,4,4,4,2,2,2,2,1,4,4,4,4,2,3,3,4,4,4,2,4,4,4,4,4,4,4,4,4,4,3,3,4,4,4,4,3,3,3,3,3,3,3,3,2,2,2,2,2,2,2,2","0.000688076019287109","louvain","edit-xhwikibooks.graphml"
"0.3","0.29","0.41","0.401862629303264","1,1,1,2,3,2,3,2,2,2,3,3,2,2,2,2,2,3,3,3,4,1,2,2,2,2,2,2,1,2,3,3,3,3,3,3,2,2,4,4,4,4,1,1,1,1,4,1,1,1,4,4,4,4,4,1,1,1,1,4,2,4,4,2,2,4,4,4,4,4,1,4,2,2,4,4,4,4,4,4,4,2,2,2,2,1,4,4,4,4,2,3,3,4,4,4,2,4,4,4,4,4,4,4,4,4,4,3,3,4,4,4,4,3,3,3,3,3,3,3,3,2,2,2,2,2,2,2,2","0.000705957412719727","louvain","edit-xhwikibooks.graphml"
"0.29","0.3","0.41","0.401611861809299","1,1,1,2,3,2,3,2,2,2,3,3,2,2,2,2,2,3,3,3,4,1,2,2,2,2,2,2,1,2,3,3,3,3,3,3,2,2,4,4,4,4,1,1,1,1,4,1,1,1,4,4,4,4,4,1,1,1,1,4,2,4,4,2,2,4,4,4,4,4,1,4,2,2,4,4,4,4,4,4,4,2,2,2,2,1,4,4,4,4,2,3,3,4,4,4,2,4,4,4,4,4,4,4,4,4,4,3,3,4,4,4,4,3,3,3,3,3,3,3,3,2,2,2,2,2,2,2,2","0.000684022903442383","louvain","edit-xhwikibooks.graphml"
"0.28","0.31","0.41","0.402642893526354","1,1,1,2,3,2,3,2,2,2,3,3,2,2,2,2,2,3,4,3,5,1,2,2,2,2,2,2,1,2,3,4,3,3,4,4,2,2,5,5,5,5,1,1,1,1,5,1,1,1,5,5,5,5,5,1,1,1,1,5,2,5,5,2,2,5,5,5,5,5,1,5,2,2,5,5,5,5,5,5,5,2,2,2,2,1,5,5,5,5,2,3,4,5,5,5,2,5,5,5,5,5,5,5,5,5,5,3,3,5,5,5,5,4,4,4,4,4,4,4,4,2,2,2,2,2,2,2,2","0.000599145889282227","louvain","edit-xhwikibooks.graphml"
"0.27","0.32","0.41","0.403200593538814","1,1,1,2,3,2,3,2,2,2,3,3,2,2,2,2,2,3,4,3,5,1,2,2,2,2,2,2,1,2,3,4,3,3,4,4,2,2,5,5,5,5,1,1,1,1,5,1,1,1,5,5,5,5,5,1,1,1,1,5,2,5,5,2,2,5,5,5,5,5,1,5,2,2,5,5,5,5,5,5,5,2,2,2,2,1,5,5,5,5,2,3,4,5,5,5,2,5,5,5,5,5,5,5,5,5,5,3,3,5,5,5,5,4,4,4,4,4,4,4,4,2,2,2,2,2,2,2,2","0.000542163848876953","louvain","edit-xhwikibooks.graphml"
"0.26","0.33","0.41","0.402987693746875","1,1,1,2,3,2,3,2,2,2,3,3,2,2,2,2,2,3,3,3,4,1,2,2,2,2,2,2,1,2,3,3,3,3,3,3,2,2,4,4,4,4,1,1,1,1,4,1,1,1,4,4,4,4,4,1,1,1,1,4,2,4,4,2,2,4,4,4,4,4,1,4,2,2,4,4,4,4,4,4,4,2,2,2,2,1,4,4,4,4,2,3,3,4,4,4,2,4,4,4,4,4,4,4,4,4,4,3,3,4,4,4,4,3,3,3,3,3,3,3,3,2,2,2,2,2,2,2,2","0.000607967376708984","louvain","edit-xhwikibooks.graphml"
"0.25","0.34","0.41","0.41429831191736","1,1,1,2,3,2,3,2,2,2,3,3,2,2,2,2,2,3,4,3,5,1,2,2,2,2,2,2,1,2,3,4,3,3,4,4,2,2,5,5,5,5,1,1,1,1,5,1,1,1,5,5,5,5,5,1,1,1,1,5,2,5,5,2,2,5,5,5,5,5,1,5,2,2,5,5,5,5,5,5,5,2,2,2,2,1,5,5,5,5,2,3,4,5,5,5,2,5,5,5,5,5,5,5,5,5,5,3,3,5,5,5,5,4,4,4,4,4,4,4,4,2,2,2,2,2,2,2,2","0.000619888305664062","louvain","edit-xhwikibooks.graphml"
"0.24","0.35","0.41","0.41429831191736","1,1,1,2,3,2,3,2,2,2,3,3,2,2,2,2,2,3,4,3,5,1,2,2,2,2,2,2,1,2,3,4,3,3,4,4,2,2,5,5,5,5,1,1,1,1,5,1,1,1,5,5,5,5,5,1,1,1,1,5,2,5,5,2,2,5,5,5,5,5,1,5,2,2,5,5,5,5,5,5,5,2,2,2,2,1,5,5,5,5,2,3,4,5,5,5,2,5,5,5,5,5,5,5,5,5,5,3,3,5,5,5,5,4,4,4,4,4,4,4,4,2,2,2,2,2,2,2,2","0.00061488151550293","louvain","edit-xhwikibooks.graphml"
"0.23","0.36","0.41","0.414044591575107","1,1,1,2,3,2,3,2,2,2,3,3,2,2,2,2,2,3,4,3,5,1,2,2,2,2,2,2,1,2,3,4,3,3,4,4,2,2,5,5,5,5,1,1,1,1,5,1,1,1,5,5,5,5,5,1,1,1,1,5,2,5,5,2,2,5,5,5,5,5,1,5,2,2,5,5,5,5,5,5,5,2,2,2,2,1,5,5,5,5,2,3,4,5,5,5,2,5,5,5,5,5,5,5,5,5,5,3,3,5,5,5,5,4,4,4,4,4,4,4,4,2,2,2,2,2,2,2,2","0.000677108764648438","louvain","edit-xhwikibooks.graphml"
"0.22","0.37","0.41","0.414044591575107","1,1,1,2,3,2,3,2,2,2,3,3,2,2,2,2,2,3,4,3,5,1,2,2,2,2,2,2,1,2,3,4,3,3,4,4,2,2,5,5,5,5,1,1,1,1,5,1,1,1,5,5,5,5,5,1,1,1,1,5,2,5,5,2,2,5,5,5,5,5,1,5,2,2,5,5,5,5,5,5,5,2,2,2,2,1,5,5,5,5,2,3,4,5,5,5,2,5,5,5,5,5,5,5,5,5,5,3,3,5,5,5,5,4,4,4,4,4,4,4,4,2,2,2,2,2,2,2,2","0.000739097595214844","louvain","edit-xhwikibooks.graphml"
"0.21","0.38","0.41","0.413791154834351","1,1,1,2,3,2,3,2,2,2,3,3,2,2,2,2,2,3,4,3,5,1,2,2,2,2,2,2,1,2,3,4,3,3,4,4,2,2,5,5,5,5,1,1,1,1,5,1,1,1,5,5,5,5,5,1,1,1,1,5,2,5,5,2,2,5,5,5,5,5,1,5,2,2,5,5,5,5,5,5,5,2,2,2,2,1,5,5,5,5,2,3,4,5,5,5,2,5,5,5,5,5,5,5,5,5,5,3,3,5,5,5,5,4,4,4,4,4,4,4,4,2,2,2,2,2,2,2,2","0.00064396858215332","louvain","edit-xhwikibooks.graphml"
"0.2","0.39","0.41","0.414572374463145","1,1,1,2,3,2,3,2,2,2,3,3,2,2,2,2,2,3,4,3,5,1,2,2,2,2,2,2,1,2,3,4,3,3,4,4,2,2,5,5,5,5,1,1,1,1,5,1,1,1,5,5,5,5,5,1,1,1,1,5,2,5,5,2,2,5,5,5,5,5,1,5,2,2,5,5,5,5,5,5,5,2,2,2,2,1,5,5,5,5,2,3,4,5,5,5,2,5,5,5,5,5,5,5,5,5,5,3,3,5,5,5,5,4,4,4,4,4,4,4,4,2,2,2,2,2,2,2,2","0.000580072402954102","louvain","edit-xhwikibooks.graphml"
"0.19","0.4","0.41","0.41580752154414","1,1,1,2,3,2,3,2,2,2,3,3,2,2,2,2,2,3,4,3,5,1,2,2,2,2,2,2,1,2,3,4,3,3,4,4,2,2,5,5,5,5,1,1,1,1,5,1,1,1,5,5,5,5,5,1,1,1,1,5,2,5,5,2,2,5,5,5,5,5,1,5,2,2,5,5,5,5,5,5,5,2,2,2,2,1,5,5,5,5,2,3,4,5,5,5,2,5,5,5,5,5,5,5,5,5,5,3,3,5,5,5,5,4,4,4,4,4,4,4,4,2,2,2,2,2,2,2,2","0.000632047653198242","louvain","edit-xhwikibooks.graphml"
"0.18","0.41","0.41","0.41580752154414","1,1,1,2,3,2,3,2,2,2,3,3,2,2,2,2,2,3,4,3,5,1,2,2,2,2,2,2,1,2,3,4,3,3,4,4,2,2,5,5,5,5,1,1,1,1,5,1,1,1,5,5,5,5,5,1,1,1,1,5,2,5,5,2,2,5,5,5,5,5,1,5,2,2,5,5,5,5,5,5,5,2,2,2,2,1,5,5,5,5,2,3,4,5,5,5,2,5,5,5,5,5,5,5,5,5,5,3,3,5,5,5,5,4,4,4,4,4,4,4,4,2,2,2,2,2,2,2,2","0.000639200210571289","louvain","edit-xhwikibooks.graphml"
"0.17","0.42","0.41","0.411302211919299","1,1,1,2,3,2,3,2,2,2,3,3,2,2,2,2,2,3,3,4,5,1,2,2,2,2,2,2,1,2,3,3,4,4,3,3,2,2,5,5,5,5,1,1,1,1,5,1,1,1,5,5,5,5,5,1,1,1,1,5,6,5,5,2,2,5,5,5,5,5,1,5,2,2,5,5,5,5,5,5,5,2,2,2,2,7,5,5,5,5,8,9,10,5,5,5,2,5,5,5,5,5,5,5,5,5,5,4,4,5,5,5,5,3,3,3,3,3,3,3,3,2,2,2,2,2,2,2,2","0.000578165054321289","louvain","edit-xhwikibooks.graphml"
"0.16","0.43","0.41","0.412828222640602","1,1,1,2,3,2,3,2,2,2,3,3,2,2,2,2,2,3,3,4,5,1,2,2,2,2,2,2,1,2,3,3,4,4,3,3,2,2,5,5,5,5,1,1,1,1,5,1,1,1,5,5,5,5,5,1,1,1,1,5,6,5,5,2,2,5,5,5,5,5,1,5,2,2,5,5,5,5,5,5,5,2,2,2,2,7,5,5,5,5,8,9,10,5,5,5,2,5,5,5,5,5,5,5,5,5,5,4,4,5,5,5,5,3,3,3,3,3,3,3,3,2,2,2,2,2,2,2,2","0.000631093978881836","louvain","edit-xhwikibooks.graphml"
"0.15","0.44","0.41","0.412576981361996","1,1,1,2,3,2,3,2,2,2,3,3,2,2,2,2,2,3,3,4,5,1,2,2,2,2,2,2,1,2,3,3,4,4,3,3,2,2,5,5,5,5,1,1,1,1,5,1,1,1,5,5,5,5,5,1,1,1,1,5,6,5,5,2,2,5,5,5,5,5,1,5,2,2,5,5,5,5,5,5,5,2,2,2,2,7,5,5,5,5,8,9,10,5,5,5,2,5,5,5,5,5,5,5,5,5,5,4,4,5,5,5,5,3,3,3,3,3,3,3,3,2,2,2,2,2,2,2,2","0.000586986541748047","louvain","edit-xhwikibooks.graphml"
"0.14","0.45","0.41","0.414217003916429","1,1,1,2,3,2,3,2,2,2,3,4,2,2,2,2,2,3,3,4,5,1,2,2,2,2,2,2,1,2,3,3,4,4,3,3,2,2,5,5,5,5,1,1,1,1,5,1,1,1,5,5,5,5,5,1,1,1,1,5,6,5,5,2,2,5,5,5,5,5,1,5,2,2,5,5,5,5,5,5,5,2,2,2,2,7,5,5,5,5,8,9,10,5,5,5,2,5,5,5,5,5,5,5,5,5,5,4,4,5,5,5,5,3,3,3,3,3,3,3,3,2,2,2,2,2,2,2,2","0.000625133514404297","louvain","edit-xhwikibooks.graphml"
"0.13","0.46","0.41","0.414173441869259","1,1,1,2,3,2,3,2,2,2,3,3,2,2,2,2,2,3,4,3,5,1,2,2,2,2,2,2,1,2,3,4,3,3,4,4,2,2,5,5,5,5,1,1,1,1,5,1,1,1,5,5,5,5,5,1,1,1,1,5,6,5,5,2,2,5,5,5,5,5,1,5,2,2,5,5,5,5,5,5,5,2,2,2,2,7,5,5,5,5,8,9,10,5,5,5,2,5,5,5,5,5,5,5,5,5,5,3,3,5,5,5,5,4,4,4,4,4,4,4,4,2,2,2,2,2,2,2,2","0.000599861145019531","louvain","edit-xhwikibooks.graphml"
"0.12","0.47","0.41","0.412380923858653","1,1,1,2,3,2,3,2,2,2,3,3,2,2,2,2,2,3,3,4,5,1,2,2,2,2,2,2,1,2,3,3,4,4,3,3,2,2,5,5,5,5,1,1,1,1,5,1,1,1,5,5,5,5,5,1,1,1,1,5,6,5,5,2,2,5,5,5,5,5,1,5,2,2,5,5,5,5,5,5,5,2,2,2,2,7,5,5,5,5,8,9,10,5,5,5,2,5,5,5,5,5,5,5,5,5,5,4,4,5,5,5,5,3,3,3,3,3,3,3,3,2,2,2,2,2,2,2,2","0.000601053237915039","louvain","edit-xhwikibooks.graphml"
"0.11","0.48","0.41","0.412462179707205","1,1,1,2,3,2,3,2,2,2,3,3,2,2,2,2,2,3,4,3,5,1,2,2,2,2,2,2,1,2,3,4,3,3,4,4,2,2,5,5,5,5,1,1,1,1,5,1,1,1,5,5,5,5,5,1,1,1,1,5,6,5,5,2,2,5,5,5,5,5,1,5,2,2,5,5,5,5,5,5,5,2,2,2,2,7,5,5,5,5,8,9,10,5,5,5,2,5,5,5,5,5,5,5,5,5,5,3,3,5,5,5,5,4,4,4,4,4,4,4,4,2,2,2,2,2,2,2,2","0.000612020492553711","louvain","edit-xhwikibooks.graphml"
"0.1","0.49","0.41","0.412462179707205","1,1,1,2,3,2,3,2,2,2,3,3,2,2,2,2,2,3,4,3,5,1,2,2,2,2,2,2,1,2,3,4,3,3,4,4,2,2,5,5,5,5,1,1,1,1,5,1,1,1,5,5,5,5,5,1,1,1,1,5,6,5,5,2,2,5,5,5,5,5,1,5,2,2,5,5,5,5,5,5,5,2,2,2,2,7,5,5,5,5,8,9,10,5,5,5,2,5,5,5,5,5,5,5,5,5,5,3,3,5,5,5,5,4,4,4,4,4,4,4,4,2,2,2,2,2,2,2,2","0.000597953796386719","louvain","edit-xhwikibooks.graphml"
"0.09","0.5","0.41","0.442597179878049","1,1,1,2,3,2,3,2,2,2,3,3,2,2,2,2,2,3,3,4,5,1,2,2,2,2,2,2,1,2,3,3,4,4,3,3,2,2,5,5,5,5,1,1,1,1,5,1,1,1,5,5,5,5,5,1,1,1,1,5,6,5,5,2,2,5,5,5,5,5,1,5,2,2,5,5,5,5,5,5,5,2,2,2,2,7,5,5,5,5,8,9,10,5,5,5,2,5,5,5,5,5,5,5,5,5,5,4,4,5,5,5,5,3,3,3,3,3,3,3,3,2,2,2,2,2,2,2,2","0.000640869140625","louvain","edit-xhwikibooks.graphml"
"0.08","0.51","0.41","0.44365681699881","1,1,1,2,3,2,3,2,2,2,3,3,2,2,2,2,2,3,4,3,5,1,2,2,2,2,2,2,1,2,3,4,3,3,4,4,2,2,5,5,5,5,1,1,1,1,5,1,1,1,5,5,5,5,5,1,1,1,1,5,6,5,5,2,2,5,5,5,5,5,1,5,2,2,5,5,5,5,5,5,5,2,2,2,2,7,5,5,5,5,8,9,10,5,5,5,2,5,5,5,5,5,5,5,5,5,5,3,3,5,5,5,5,4,4,4,4,4,4,4,4,2,2,2,2,2,2,2,2","0.000802040100097656","louvain","edit-xhwikibooks.graphml"
"0.07","0.52","0.41","0.443699806662701","1,1,1,2,3,2,3,2,2,2,3,3,2,2,2,2,2,3,4,3,5,1,2,2,2,2,2,2,1,2,3,4,3,3,4,4,2,2,5,5,5,5,1,1,1,1,5,1,1,1,5,5,5,5,5,1,1,1,1,5,6,5,5,2,2,5,5,5,5,5,1,5,2,2,5,5,5,5,5,5,5,2,2,2,2,7,5,5,5,5,8,9,10,5,5,5,2,5,5,5,5,5,5,5,5,5,5,3,3,5,5,5,5,4,4,4,4,4,4,4,4,2,2,2,2,2,2,2,2","0.000667095184326172","louvain","edit-xhwikibooks.graphml"
"0.06","0.53","0.41","0.444153698954475","1,1,1,2,3,2,3,2,2,2,3,3,2,2,2,2,2,3,4,3,5,1,2,2,2,2,2,2,1,2,3,4,3,3,4,4,2,2,5,5,5,5,1,1,1,1,5,1,1,1,5,5,5,5,5,1,1,1,1,5,6,5,5,2,2,5,5,5,5,5,1,5,2,2,5,5,5,5,5,5,5,2,2,2,2,7,5,5,5,5,8,9,10,5,5,5,2,5,5,5,5,5,5,5,5,5,5,3,3,5,5,5,5,4,4,4,4,4,4,4,4,2,2,2,2,2,2,2,2","0.000689983367919922","louvain","edit-xhwikibooks.graphml"
"0.05","0.54","0.41","0.444858824039671","1,1,1,2,3,2,3,2,2,2,3,3,2,2,2,2,2,3,4,3,5,1,2,2,2,2,2,2,1,2,3,4,3,3,4,4,2,2,5,5,5,5,1,1,1,1,5,1,1,1,5,5,5,5,5,1,1,1,1,5,6,5,5,2,2,5,5,5,5,5,1,5,2,2,5,5,5,5,5,5,5,2,2,2,2,7,5,5,5,5,8,9,10,5,5,5,2,5,5,5,5,5,5,5,5,5,5,3,3,5,5,5,5,4,4,4,4,4,4,4,4,2,2,2,2,2,2,2,2","0.000694036483764648","louvain","edit-xhwikibooks.graphml"
"0.04","0.55","0.41","0.444605094187969","1,1,1,2,3,2,3,2,2,2,3,3,2,2,2,2,2,3,4,3,5,1,2,2,2,2,2,2,1,2,3,4,3,3,4,4,2,2,5,5,5,5,1,1,1,1,5,1,1,1,5,5,5,5,5,1,1,1,1,5,6,5,5,2,2,5,5,5,5,5,1,5,2,2,5,5,5,5,5,5,5,2,2,2,2,7,5,5,5,5,8,9,10,5,5,5,2,5,5,5,5,5,5,5,5,5,5,3,3,5,5,5,5,4,4,4,4,4,4,4,4,2,2,2,2,2,2,2,2","0.000684976577758789","louvain","edit-xhwikibooks.graphml"
"0.03","0.56","0.41","0.445948590889309","1,1,1,2,3,2,3,2,2,2,3,3,2,2,2,2,2,3,4,3,5,1,2,2,2,2,2,2,1,2,3,4,3,3,4,4,2,2,5,5,5,5,1,1,1,1,5,1,1,1,5,5,5,5,5,1,1,1,1,5,6,5,5,2,2,5,5,5,5,5,1,5,2,2,5,5,5,5,5,5,5,2,2,2,2,7,5,5,5,5,8,9,10,5,5,5,2,5,5,5,5,5,5,5,5,5,5,3,3,5,5,5,5,4,4,4,4,4,4,4,4,2,2,2,2,2,2,2,2","0.000646829605102539","louvain","edit-xhwikibooks.graphml"
"0.02","0.57","0.41","0.44499298841073","1,1,1,2,3,2,3,2,2,2,3,3,2,2,2,2,2,3,4,3,5,1,2,2,2,2,2,2,1,2,3,4,3,3,4,4,2,2,5,5,5,5,1,1,1,1,5,1,1,1,5,5,5,5,5,1,1,1,1,5,6,5,5,2,2,5,5,5,5,5,1,5,2,2,5,5,5,5,5,5,5,2,2,2,2,7,5,5,5,5,8,9,10,5,5,5,2,5,5,5,5,5,5,5,5,5,5,3,3,5,5,5,5,4,4,4,4,4,4,4,4,2,2,2,2,2,2,2,2","0.000694036483764648","louvain","edit-xhwikibooks.graphml"
"0.01","0.58","0.41","0.446331496786042","1,1,1,2,3,2,3,2,2,2,3,3,2,2,2,2,2,3,4,3,5,1,2,2,2,2,2,2,1,2,3,4,3,3,4,4,2,2,5,5,5,5,1,1,1,1,5,1,1,1,5,5,5,5,5,1,1,1,1,5,6,5,5,2,2,5,5,5,5,5,1,5,2,2,5,5,5,5,5,5,5,2,2,2,2,7,5,5,5,5,8,9,10,5,5,5,2,5,5,5,5,5,5,5,5,5,5,3,3,5,5,5,5,4,4,4,4,4,4,4,4,2,2,2,2,2,2,2,2","0.000614166259765625","louvain","edit-xhwikibooks.graphml"
"0","0.59","0.41","0.447254284457106","1,1,1,1,1,2,3,2,2,2,3,3,2,2,2,2,2,3,3,4,5,1,2,2,2,2,2,2,1,2,3,3,4,4,3,3,2,2,5,5,5,5,1,1,1,1,5,1,1,1,5,5,5,5,5,1,1,1,1,5,6,5,5,2,2,5,5,5,5,5,1,5,2,2,5,5,5,5,5,5,5,2,2,2,2,7,5,5,5,5,8,9,10,5,5,5,2,5,5,5,5,5,5,5,5,5,5,4,4,5,5,5,5,3,3,3,3,3,3,3,3,2,2,2,2,2,2,2,2","0.000834941864013672","louvain","edit-xhwikibooks.graphml"
"0.58","0","0.42","0.417763557901486","1,1,2,3,2,3,2,3,3,3,4,2,3,3,3,3,3,4,4,2,5,1,3,3,3,3,3,3,1,3,4,4,2,2,4,4,3,3,5,5,5,5,1,1,1,1,5,1,1,1,5,5,5,5,5,1,1,1,1,5,3,5,5,3,3,5,5,5,5,5,1,5,3,3,5,5,5,5,5,5,5,3,3,3,3,1,5,5,5,5,3,4,4,5,5,5,3,5,5,5,5,5,5,5,5,5,5,2,2,5,5,5,5,4,4,4,4,4,4,4,4,3,3,3,3,3,3,3,3","0.000595808029174805","louvain","edit-xhwikibooks.graphml"
"0.57","0.01","0.42","0.418336076652348","1,1,2,3,2,3,2,3,3,3,2,2,3,3,3,3,3,2,4,2,5,1,3,3,3,3,3,3,1,3,2,4,2,2,4,4,3,3,5,5,5,5,1,1,1,1,5,1,1,1,5,5,5,5,5,1,1,1,1,5,3,5,5,3,3,5,5,5,5,5,1,5,3,3,5,5,5,5,5,5,5,3,3,3,3,1,5,5,5,5,3,2,4,5,5,5,3,5,5,5,5,5,5,5,5,5,5,2,2,5,5,5,5,4,4,4,4,4,4,4,4,3,3,3,3,3,3,3,3","0.000694036483764648","louvain","edit-xhwikibooks.graphml"
"0.56","0.02","0.42","0.418336076652348","1,1,2,3,2,3,2,3,3,3,2,2,3,3,3,3,3,2,4,2,5,1,3,3,3,3,3,3,1,3,2,4,2,2,4,4,3,3,5,5,5,5,1,1,1,1,5,1,1,1,5,5,5,5,5,1,1,1,1,5,3,5,5,3,3,5,5,5,5,5,1,5,3,3,5,5,5,5,5,5,5,3,3,3,3,1,5,5,5,5,3,2,4,5,5,5,3,5,5,5,5,5,5,5,5,5,5,2,2,5,5,5,5,4,4,4,4,4,4,4,4,3,3,3,3,3,3,3,3","0.000626087188720703","louvain","edit-xhwikibooks.graphml"
"0.55","0.03","0.42","0.418091328636228","1,1,2,3,2,3,2,3,3,3,2,2,3,3,3,3,3,2,4,2,5,1,3,3,3,3,3,3,1,3,2,4,2,2,4,4,3,3,5,5,5,5,1,1,1,1,5,1,1,1,5,5,5,5,5,1,1,1,1,5,3,5,5,3,3,5,5,5,5,5,1,5,3,3,5,5,5,5,5,5,5,3,3,3,3,1,5,5,5,5,3,2,4,5,5,5,3,5,5,5,5,5,5,5,5,5,5,2,2,5,5,5,5,4,4,4,4,4,4,4,4,3,3,3,3,3,3,3,3","0.000616788864135742","louvain","edit-xhwikibooks.graphml"
"0.54","0.04","0.42","0.418091328636228","1,1,2,3,2,3,2,3,3,3,2,2,3,3,3,3,3,2,4,2,5,1,3,3,3,3,3,3,1,3,2,4,2,2,4,4,3,3,5,5,5,5,1,1,1,1,5,1,1,1,5,5,5,5,5,1,1,1,1,5,3,5,5,3,3,5,5,5,5,5,1,5,3,3,5,5,5,5,5,5,5,3,3,3,3,1,5,5,5,5,3,2,4,5,5,5,3,5,5,5,5,5,5,5,5,5,5,2,2,5,5,5,5,4,4,4,4,4,4,4,4,3,3,3,3,3,3,3,3","0.000975131988525391","louvain","edit-xhwikibooks.graphml"
"0.53","0.05","0.42","0.404059635602675","1,1,2,3,2,3,2,3,3,3,2,2,3,3,3,3,3,2,4,2,5,1,3,3,3,3,3,3,1,3,2,4,2,2,4,4,3,3,5,5,5,5,1,1,1,1,5,1,1,1,5,5,5,5,5,1,1,1,1,5,3,5,5,3,3,5,5,5,5,5,1,5,3,3,5,5,5,5,5,5,5,3,3,3,3,1,5,5,5,5,3,2,4,5,5,5,3,5,5,5,5,5,5,5,5,5,5,2,2,5,5,5,5,4,4,4,4,4,4,4,4,3,3,3,3,3,3,3,3","0.000789880752563477","louvain","edit-xhwikibooks.graphml"
"0.52","0.06","0.42","0.402863411918998","1,1,2,2,2,2,3,2,2,2,3,3,2,2,2,2,2,3,3,3,4,1,2,2,2,2,2,2,1,2,3,3,3,3,3,3,2,2,4,4,4,4,1,1,1,1,4,1,1,1,4,4,4,4,4,1,1,1,1,4,2,4,4,2,2,4,4,4,4,4,1,4,2,2,4,4,4,4,4,4,4,2,2,2,2,1,4,4,4,4,2,3,3,4,4,4,2,4,4,4,4,4,4,4,4,4,4,3,3,4,4,4,4,3,3,3,3,3,3,3,3,2,2,2,2,2,2,2,2","0.000627994537353516","louvain","edit-xhwikibooks.graphml"
"0.51","0.07","0.42","0.403816878102592","1,1,2,3,2,3,2,3,3,3,2,2,3,3,3,3,3,2,4,2,5,1,3,3,3,3,3,3,1,3,2,4,2,2,4,4,3,3,5,5,5,5,1,1,1,1,5,1,1,1,5,5,5,5,5,1,1,1,1,5,3,5,5,3,3,5,5,5,5,5,1,5,3,3,5,5,5,5,5,5,5,3,3,3,3,1,5,5,5,5,3,2,4,5,5,5,3,5,5,5,5,5,5,5,5,5,5,2,2,5,5,5,5,4,4,4,4,4,4,4,4,3,3,3,3,3,3,3,3","0.000598907470703125","louvain","edit-xhwikibooks.graphml"
"0.5","0.08","0.42","0.404605576512727","1,1,2,3,2,3,2,3,3,3,2,2,3,3,3,3,3,2,4,2,5,1,3,3,3,3,3,3,1,3,2,4,2,2,4,4,3,3,5,5,5,5,1,1,1,1,5,1,1,1,5,5,5,5,5,1,1,1,1,5,3,5,5,3,3,5,5,5,5,5,1,5,3,3,5,5,5,5,5,5,5,3,3,3,3,1,5,5,5,5,3,2,4,5,5,5,3,5,5,5,5,5,5,5,5,5,5,2,2,5,5,5,5,4,4,4,4,4,4,4,4,3,3,3,3,3,3,3,3","0.000645875930786133","louvain","edit-xhwikibooks.graphml"
"0.49","0.09","0.42","0.403824376162534","1,1,2,3,2,3,2,3,3,3,4,2,3,3,3,3,3,4,4,2,5,1,3,3,3,3,3,3,1,3,4,4,2,2,4,4,3,3,5,5,5,5,1,1,1,1,5,1,1,1,5,5,5,5,5,1,1,1,1,5,3,5,5,3,3,5,5,5,5,5,1,5,3,3,5,5,5,5,5,5,5,3,3,3,3,1,5,5,5,5,3,4,4,5,5,5,3,5,5,5,5,5,5,5,5,5,5,2,2,5,5,5,5,4,4,4,4,4,4,4,4,3,3,3,3,3,3,3,3","0.205715179443359","louvain","edit-xhwikibooks.graphml"
"0.48","0.1","0.42","0.403824376162534","1,1,2,3,2,3,2,3,3,3,4,2,3,3,3,3,3,4,4,2,5,1,3,3,3,3,3,3,1,3,4,4,2,2,4,4,3,3,5,5,5,5,1,1,1,1,5,1,1,1,5,5,5,5,5,1,1,1,1,5,3,5,5,3,3,5,5,5,5,5,1,5,3,3,5,5,5,5,5,5,5,3,3,3,3,1,5,5,5,5,3,4,4,5,5,5,3,5,5,5,5,5,5,5,5,5,5,2,2,5,5,5,5,4,4,4,4,4,4,4,4,3,3,3,3,3,3,3,3","0.000845909118652344","louvain","edit-xhwikibooks.graphml"
"0.47","0.11","0.42","0.398747591753012","1,1,1,1,1,2,3,2,2,2,3,3,2,2,2,2,2,3,3,3,4,1,2,2,2,2,2,2,1,2,3,3,3,3,3,3,2,2,4,4,4,4,1,1,1,1,4,1,1,1,4,4,4,4,4,1,1,1,1,4,2,4,4,2,2,4,4,4,4,4,1,4,2,2,4,4,4,4,4,4,4,2,2,2,2,1,4,4,4,4,2,3,3,4,4,4,2,4,4,4,4,4,4,4,4,4,4,3,3,4,4,4,4,3,3,3,3,3,3,3,3,2,2,2,2,2,2,2,2","0.000746011734008789","louvain","edit-xhwikibooks.graphml"
"0.46","0.12","0.42","0.401658889998658","1,1,2,2,2,3,2,3,3,3,4,2,3,3,3,3,3,4,4,2,5,1,3,3,3,3,3,3,1,3,4,4,2,2,4,4,3,3,5,5,5,5,1,1,1,1,5,1,1,1,5,5,5,5,5,1,1,1,1,5,3,5,5,3,3,5,5,5,5,5,1,5,3,3,5,5,5,5,5,5,5,3,3,3,3,1,5,5,5,5,3,4,4,5,5,5,3,5,5,5,5,5,5,5,5,5,5,2,2,5,5,5,5,4,4,4,4,4,4,4,4,3,3,3,3,3,3,3,3","0.000836849212646484","louvain","edit-xhwikibooks.graphml"
"0.45","0.13","0.42","0.40141734777473","1,1,2,2,2,3,2,3,3,3,4,2,3,3,3,3,3,4,4,2,5,1,3,3,3,3,3,3,1,3,4,4,2,2,4,4,3,3,5,5,5,5,1,1,1,1,5,1,1,1,5,5,5,5,5,1,1,1,1,5,3,5,5,3,3,5,5,5,5,5,1,5,3,3,5,5,5,5,5,5,5,3,3,3,3,1,5,5,5,5,3,4,4,5,5,5,3,5,5,5,5,5,5,5,5,5,5,2,2,5,5,5,5,4,4,4,4,4,4,4,4,3,3,3,3,3,3,3,3","0.000639200210571289","louvain","edit-xhwikibooks.graphml"
"0.44","0.14","0.42","0.401949612292334","1,1,2,2,2,3,2,3,3,3,2,2,3,3,3,3,3,2,4,2,5,1,3,3,3,3,3,3,1,3,2,4,2,2,4,4,3,3,5,5,5,5,1,1,1,1,5,1,1,1,5,5,5,5,5,1,1,1,1,5,3,5,5,3,3,5,5,5,5,5,1,5,3,3,5,5,5,5,5,5,5,3,3,3,3,1,5,5,5,5,3,2,4,5,5,5,3,5,5,5,5,5,5,5,5,5,5,2,2,5,5,5,5,4,4,4,4,4,4,4,4,3,3,3,3,3,3,3,3","0.000804901123046875","louvain","edit-xhwikibooks.graphml"
"0.43","0.15","0.42","0.402700365828869","1,1,2,2,2,3,2,3,3,3,4,2,3,3,3,3,3,4,4,2,5,1,3,3,3,3,3,3,1,3,4,4,2,2,4,4,3,3,5,5,5,5,1,1,1,1,5,1,1,1,5,5,5,5,5,1,1,1,1,5,3,5,5,3,3,5,5,5,5,5,1,5,3,3,5,5,5,5,5,5,5,3,3,3,3,1,5,5,5,5,3,4,4,5,5,5,3,5,5,5,5,5,5,5,5,5,5,2,2,5,5,5,5,4,4,4,4,4,4,4,4,3,3,3,3,3,3,3,3","0.000612020492553711","louvain","edit-xhwikibooks.graphml"
"0.42","0.16","0.42","0.404271886877061","1,1,2,2,2,3,2,3,3,3,4,2,3,3,3,3,3,4,4,2,5,1,3,3,3,3,3,3,1,3,4,4,2,2,4,4,3,3,5,5,5,5,1,1,1,1,5,1,1,1,5,5,5,5,5,1,1,1,1,5,3,5,5,3,3,5,5,5,5,5,1,5,3,3,5,5,5,5,5,5,5,3,3,3,3,1,5,5,5,5,3,4,4,5,5,5,3,5,5,5,5,5,5,5,5,5,5,2,2,5,5,5,5,4,4,4,4,4,4,4,4,3,3,3,3,3,3,3,3","0.000640153884887695","louvain","edit-xhwikibooks.graphml"
"0.41","0.17","0.42","0.40558481457099","1,1,2,2,2,3,2,3,3,3,2,2,3,3,3,3,3,2,4,2,5,1,3,3,3,3,3,3,1,3,2,4,2,2,4,4,3,3,5,5,5,5,1,1,1,1,5,1,1,1,5,5,5,5,5,1,1,1,1,5,3,5,5,3,3,5,5,5,5,5,1,5,3,3,5,5,5,5,5,5,5,3,3,3,3,1,5,5,5,5,3,2,4,5,5,5,3,5,5,5,5,5,5,5,5,5,5,2,2,5,5,5,5,4,4,4,4,4,4,4,4,3,3,3,3,3,3,3,3","0.000586032867431641","louvain","edit-xhwikibooks.graphml"
"0.4","0.18","0.42","0.405043286825656","1,1,2,2,2,3,2,3,3,3,4,2,3,3,3,3,3,4,4,2,5,1,3,3,3,3,3,3,1,3,4,4,2,2,4,4,3,3,5,5,5,5,1,1,1,1,5,1,1,1,5,5,5,5,5,1,1,1,1,5,3,5,5,3,3,5,5,5,5,5,1,5,3,3,5,5,5,5,5,5,5,3,3,3,3,1,5,5,5,5,3,4,4,5,5,5,3,5,5,5,5,5,5,5,5,5,5,2,2,5,5,5,5,4,4,4,4,4,4,4,4,3,3,3,3,3,3,3,3","0.000637054443359375","louvain","edit-xhwikibooks.graphml"
"0.39","0.19","0.42","0.405342414841717","1,1,2,2,2,3,2,3,3,3,2,2,3,3,3,3,3,2,4,2,5,1,3,3,3,3,3,3,1,3,2,4,2,2,4,4,3,3,5,5,5,5,1,1,1,1,5,1,1,1,5,5,5,5,5,1,1,1,1,5,3,5,5,3,3,5,5,5,5,5,1,5,3,3,5,5,5,5,5,5,5,3,3,3,3,1,5,5,5,5,3,2,4,5,5,5,3,5,5,5,5,5,5,5,5,5,5,2,2,5,5,5,5,4,4,4,4,4,4,4,4,3,3,3,3,3,3,3,3","0.000638961791992188","louvain","edit-xhwikibooks.graphml"
"0.38","0.2","0.42","0.407135520122699","1,1,2,2,2,3,2,3,3,3,4,2,3,3,3,3,3,4,4,2,5,1,3,3,3,3,3,3,1,3,4,4,2,2,4,4,3,3,5,5,5,5,1,1,1,1,5,1,1,1,5,5,5,5,5,1,1,1,1,5,3,5,5,3,3,5,5,5,5,5,1,5,3,3,5,5,5,5,5,5,5,3,3,3,3,1,5,5,5,5,3,4,4,5,5,5,3,5,5,5,5,5,5,5,5,5,5,2,2,5,5,5,5,4,4,4,4,4,4,4,4,3,3,3,3,3,3,3,3","0.000735044479370117","louvain","edit-xhwikibooks.graphml"
"0.37","0.21","0.42","0.405182026045391","1,1,2,2,2,3,2,3,3,3,2,2,3,3,3,3,3,2,4,2,5,1,3,3,3,3,3,3,1,3,2,4,2,2,4,4,3,3,5,5,5,5,1,1,1,1,5,1,1,1,5,5,5,5,5,1,1,1,1,5,3,5,5,3,3,5,5,5,5,5,1,5,3,3,5,5,5,5,5,5,5,3,3,3,3,1,5,5,5,5,3,2,4,5,5,5,3,5,5,5,5,5,5,5,5,5,5,2,2,5,5,5,5,4,4,4,4,4,4,4,4,3,3,3,3,3,3,3,3","0.000656843185424805","louvain","edit-xhwikibooks.graphml"
"0.36","0.22","0.42","0.4039596781023","1,1,1,1,1,2,1,2,2,2,3,1,2,2,2,2,2,3,3,1,4,1,2,2,2,2,2,2,1,2,3,3,1,1,3,3,2,2,4,4,4,4,1,1,1,1,4,1,1,1,4,4,4,4,4,1,1,1,1,4,2,4,4,2,2,4,4,4,4,4,1,4,2,2,4,4,4,4,4,4,4,2,2,2,2,1,4,4,4,4,2,3,3,4,4,4,2,4,4,4,4,4,4,4,4,4,4,1,1,4,4,4,4,3,3,3,3,3,3,3,3,2,2,2,2,2,2,2,2","0.000610113143920898","louvain","edit-xhwikibooks.graphml"
"0.35","0.23","0.42","0.406450113537312","1,1,2,2,2,3,2,3,3,3,2,2,3,3,3,3,3,2,4,2,5,1,3,3,3,3,3,3,1,3,2,4,2,2,4,4,3,3,5,5,5,5,1,1,1,1,5,1,1,1,5,5,5,5,5,1,1,1,1,5,3,5,5,3,3,5,5,5,5,5,1,5,3,3,5,5,5,5,5,5,5,3,3,3,3,1,5,5,5,5,3,2,4,5,5,5,3,5,5,5,5,5,5,5,5,5,5,2,2,5,5,5,5,4,4,4,4,4,4,4,4,3,3,3,3,3,3,3,3","0.000694036483764648","louvain","edit-xhwikibooks.graphml"
"0.34","0.24","0.42","0.407225238242198","1,1,2,2,2,3,2,3,3,3,2,2,3,3,3,3,3,2,4,2,5,1,3,3,3,3,3,3,1,3,2,4,2,2,4,4,3,3,5,5,5,5,1,1,1,1,5,1,1,1,5,5,5,5,5,1,1,1,1,5,3,5,5,3,3,5,5,5,5,5,1,5,3,3,5,5,5,5,5,5,5,3,3,3,3,1,5,5,5,5,3,2,4,5,5,5,3,5,5,5,5,5,5,5,5,5,5,2,2,5,5,5,5,4,4,4,4,4,4,4,4,3,3,3,3,3,3,3,3","0.000674009323120117","louvain","edit-xhwikibooks.graphml"
"0.33","0.25","0.42","0.408639411994349","1,1,2,2,2,3,2,3,3,3,4,2,3,3,3,3,3,4,4,2,5,1,3,3,3,3,3,3,1,3,4,4,2,2,4,4,3,3,5,5,5,5,1,1,1,1,5,1,1,1,5,5,5,5,5,1,1,1,1,5,3,5,5,3,3,5,5,5,5,5,1,5,3,3,5,5,5,5,5,5,5,3,3,3,3,1,5,5,5,5,3,4,4,5,5,5,3,5,5,5,5,5,5,5,5,5,5,2,2,5,5,5,5,4,4,4,4,4,4,4,4,3,3,3,3,3,3,3,3","0.000613927841186523","louvain","edit-xhwikibooks.graphml"
"0.32","0.26","0.42","0.408639411994349","1,1,2,2,2,3,2,3,3,3,4,2,3,3,3,3,3,4,4,2,5,1,3,3,3,3,3,3,1,3,4,4,2,2,4,4,3,3,5,5,5,5,1,1,1,1,5,1,1,1,5,5,5,5,5,1,1,1,1,5,3,5,5,3,3,5,5,5,5,5,1,5,3,3,5,5,5,5,5,5,5,3,3,3,3,1,5,5,5,5,3,4,4,5,5,5,3,5,5,5,5,5,5,5,5,5,5,2,2,5,5,5,5,4,4,4,4,4,4,4,4,3,3,3,3,3,3,3,3","0.000689983367919922","louvain","edit-xhwikibooks.graphml"
"0.31","0.27","0.42","0.398828291005957","1,1,1,2,3,2,3,2,2,2,3,3,2,2,2,2,2,3,3,3,4,1,2,2,2,2,2,2,1,2,3,3,3,3,3,3,2,2,4,4,4,4,1,1,1,1,4,1,1,1,4,4,4,4,4,1,1,1,1,4,2,4,4,2,2,4,4,4,4,4,1,4,2,2,4,4,4,4,4,4,4,2,2,2,2,1,4,4,4,4,2,3,3,4,4,4,2,4,4,4,4,4,4,4,4,4,4,3,3,4,4,4,4,3,3,3,3,3,3,3,3,2,2,2,2,2,2,2,2","0.000591039657592773","louvain","edit-xhwikibooks.graphml"
"0.3","0.28","0.42","0.393586349658439","1,1,1,2,3,2,3,4,4,2,3,3,4,4,4,2,2,3,4,3,5,1,4,4,4,4,4,2,1,2,3,4,3,3,4,4,6,4,5,5,5,5,1,1,1,1,5,1,1,1,5,5,5,5,5,1,1,1,1,5,4,5,5,4,4,5,5,5,5,5,1,5,4,4,5,5,5,5,5,5,5,4,2,2,2,1,5,5,5,5,2,3,4,5,5,5,2,5,5,5,5,5,5,5,5,5,5,3,3,5,5,5,5,4,4,4,4,4,4,4,4,6,6,6,6,6,6,6,6","0.000638008117675781","louvain","edit-xhwikibooks.graphml"
"0.29","0.29","0.42","0.400112312352409","1,1,1,2,3,2,3,2,2,2,3,3,2,2,2,2,2,3,3,3,4,1,2,2,2,2,2,2,1,2,3,3,3,3,3,3,2,2,4,4,4,4,1,1,1,1,4,1,1,1,4,4,4,4,4,1,1,1,1,4,2,4,4,2,2,4,4,4,4,4,1,4,2,2,4,4,4,4,4,4,4,2,2,2,2,1,4,4,4,4,2,3,3,4,4,4,2,4,4,4,4,4,4,4,4,4,4,3,3,4,4,4,4,3,3,3,3,3,3,3,3,2,2,2,2,2,2,2,2","0.000576019287109375","louvain","edit-xhwikibooks.graphml"
"0.28","0.3","0.42","0.400036514779342","1,1,1,2,3,2,3,2,2,2,3,3,2,2,2,2,2,3,4,3,5,1,2,2,2,2,2,2,1,2,3,4,3,3,4,4,2,2,5,5,5,5,1,1,1,1,5,1,1,1,5,5,5,5,5,1,1,1,1,5,2,5,5,2,2,5,5,5,5,5,1,5,2,2,5,5,5,5,5,5,5,2,2,2,2,1,5,5,5,5,2,3,4,5,5,5,2,5,5,5,5,5,5,5,5,5,5,3,3,5,5,5,5,4,4,4,4,4,4,4,4,2,2,2,2,2,2,2,2","0.000573873519897461","louvain","edit-xhwikibooks.graphml"
"0.27","0.31","0.42","0.400659025838595","1,1,1,2,3,2,3,2,2,2,3,3,2,2,2,2,2,3,3,3,4,1,2,2,2,2,2,2,1,2,3,3,3,3,3,3,2,2,4,4,4,4,1,1,1,1,4,1,1,1,4,4,4,4,4,1,1,1,1,4,2,4,4,2,2,4,4,4,4,4,1,4,2,2,4,4,4,4,4,4,4,2,2,2,2,1,4,4,4,4,2,3,3,4,4,4,2,4,4,4,4,4,4,4,4,4,4,3,3,4,4,4,4,3,3,3,3,3,3,3,3,2,2,2,2,2,2,2,2","0.000607013702392578","louvain","edit-xhwikibooks.graphml"
"0.26","0.32","0.42","0.401361401036391","1,1,1,2,3,2,3,2,2,2,3,3,2,2,2,2,2,3,4,3,5,1,2,2,2,2,2,2,1,2,3,4,3,3,4,4,2,2,5,5,5,5,1,1,1,1,5,1,1,1,5,5,5,5,5,1,1,1,1,5,2,5,5,2,2,5,5,5,5,5,1,5,2,2,5,5,5,5,5,5,5,2,2,2,2,1,5,5,5,5,2,3,4,5,5,5,2,5,5,5,5,5,5,5,5,5,5,3,3,5,5,5,5,4,4,4,4,4,4,4,4,2,2,2,2,2,2,2,2","0.000581979751586914","louvain","edit-xhwikibooks.graphml"
"0.25","0.33","0.42","0.401202859617446","1,1,1,2,3,2,3,2,2,2,3,3,2,2,2,2,2,3,3,3,4,1,2,2,2,2,2,2,1,2,3,3,3,3,3,3,2,2,4,4,4,4,1,1,1,1,4,1,1,1,4,4,4,4,4,1,1,1,1,4,2,4,4,2,2,4,4,4,4,4,1,4,2,2,4,4,4,4,4,4,4,2,2,2,2,1,4,4,4,4,2,3,3,4,4,4,2,4,4,4,4,4,4,4,4,4,4,3,3,4,4,4,4,3,3,3,3,3,3,3,3,2,2,2,2,2,2,2,2","0.000602006912231445","louvain","edit-xhwikibooks.graphml"
"0.24","0.34","0.42","0.41197400137741","1,1,1,2,3,2,3,2,2,2,3,3,2,2,2,2,2,3,4,3,5,1,2,2,2,2,2,2,1,2,3,4,3,3,4,4,2,2,5,5,5,5,1,1,1,1,5,1,1,1,5,5,5,5,5,1,1,1,1,5,2,5,5,2,2,5,5,5,5,5,1,5,2,2,5,5,5,5,5,5,5,2,2,2,2,1,5,5,5,5,2,3,4,5,5,5,2,5,5,5,5,5,5,5,5,5,5,3,3,5,5,5,5,4,4,4,4,4,4,4,4,2,2,2,2,2,2,2,2","0.000602006912231445","louvain","edit-xhwikibooks.graphml"
"0.23","0.35","0.42","0.41197400137741","1,1,1,2,3,2,3,2,2,2,3,3,2,2,2,2,2,3,4,3,5,1,2,2,2,2,2,2,1,2,3,4,3,3,4,4,2,2,5,5,5,5,1,1,1,1,5,1,1,1,5,5,5,5,5,1,1,1,1,5,2,5,5,2,2,5,5,5,5,5,1,5,2,2,5,5,5,5,5,5,5,2,2,2,2,1,5,5,5,5,2,3,4,5,5,5,2,5,5,5,5,5,5,5,5,5,5,3,3,5,5,5,5,4,4,4,4,4,4,4,4,2,2,2,2,2,2,2,2","0.000723123550415039","louvain","edit-xhwikibooks.graphml"
"0.22","0.36","0.42","0.411732732927192","1,1,1,2,3,2,3,2,2,2,3,3,2,2,2,2,2,3,4,3,5,1,2,2,2,2,2,2,1,2,3,4,3,3,4,4,2,2,5,5,5,5,1,1,1,1,5,1,1,1,5,5,5,5,5,1,1,1,1,5,2,5,5,2,2,5,5,5,5,5,1,5,2,2,5,5,5,5,5,5,5,2,2,2,2,1,5,5,5,5,2,3,4,5,5,5,2,5,5,5,5,5,5,5,5,5,5,3,3,5,5,5,5,4,4,4,4,4,4,4,4,2,2,2,2,2,2,2,2","0.000681877136230469","louvain","edit-xhwikibooks.graphml"
"0.21","0.37","0.42","0.402177204032582","1,1,1,2,3,2,3,2,2,2,3,3,2,2,2,2,2,3,4,3,5,1,2,2,2,2,2,2,1,2,3,4,3,3,4,4,2,2,5,5,5,5,1,1,1,1,5,1,1,1,5,5,5,5,5,1,1,1,1,5,2,5,5,2,2,5,5,5,5,5,1,5,2,2,5,5,5,5,5,5,5,2,2,2,2,1,5,5,5,5,2,3,4,5,5,5,2,5,5,5,5,5,5,5,5,5,5,3,3,5,5,5,5,4,4,4,4,4,4,4,4,2,2,2,2,2,2,2,2","0.000699043273925781","louvain","edit-xhwikibooks.graphml"
"0.2","0.38","0.42","0.401937050950667","1,1,1,2,3,2,3,2,2,2,3,3,2,2,2,2,2,3,4,3,5,1,2,2,2,2,2,2,1,2,3,4,3,3,4,4,2,2,5,5,5,5,1,1,1,1,5,1,1,1,5,5,5,5,5,1,1,1,1,5,2,5,5,2,2,5,5,5,5,5,1,5,2,2,5,5,5,5,5,5,5,2,2,2,2,1,5,5,5,5,2,3,4,5,5,5,2,5,5,5,5,5,5,5,5,5,5,3,3,5,5,5,5,4,4,4,4,4,4,4,4,2,2,2,2,2,2,2,2","0.000607013702392578","louvain","edit-xhwikibooks.graphml"
"0.19","0.39","0.42","0.402712254530622","1,1,1,2,3,2,3,2,2,2,3,3,2,2,2,2,2,3,4,3,5,1,2,2,2,2,2,2,1,2,3,4,3,3,4,4,2,2,5,5,5,5,1,1,1,1,5,1,1,1,5,5,5,5,5,1,1,1,1,5,2,5,5,2,2,5,5,5,5,5,1,5,2,2,5,5,5,5,5,5,5,2,2,2,2,1,5,5,5,5,2,3,4,5,5,5,2,5,5,5,5,5,5,5,5,5,5,3,3,5,5,5,5,4,4,4,4,4,4,4,4,2,2,2,2,2,2,2,2","0.000633955001831055","louvain","edit-xhwikibooks.graphml"
"0.18","0.4","0.42","0.403954769488314","1,1,1,2,3,2,3,2,2,2,3,3,2,2,2,2,2,3,4,3,5,1,2,2,2,2,2,2,1,2,3,4,3,3,4,4,2,2,5,5,5,5,1,1,1,1,5,1,1,1,5,5,5,5,5,1,1,1,1,5,2,5,5,2,2,5,5,5,5,5,1,5,2,2,5,5,5,5,5,5,5,2,2,2,2,1,5,5,5,5,2,3,4,5,5,5,2,5,5,5,5,5,5,5,5,5,5,3,3,5,5,5,5,4,4,4,4,4,4,4,4,2,2,2,2,2,2,2,2","0.000897884368896484","louvain","edit-xhwikibooks.graphml"
"0.17","0.41","0.42","0.403954769488314","1,1,1,2,3,2,3,2,2,2,3,3,2,2,2,2,2,3,4,3,5,1,2,2,2,2,2,2,1,2,3,4,3,3,4,4,2,2,5,5,5,5,1,1,1,1,5,1,1,1,5,5,5,5,5,1,1,1,1,5,2,5,5,2,2,5,5,5,5,5,1,5,2,2,5,5,5,5,5,5,5,2,2,2,2,1,5,5,5,5,2,3,4,5,5,5,2,5,5,5,5,5,5,5,5,5,5,3,3,5,5,5,5,4,4,4,4,4,4,4,4,2,2,2,2,2,2,2,2","0.000679969787597656","louvain","edit-xhwikibooks.graphml"
"0.16","0.42","0.42","0.403714881767362","1,1,1,2,3,2,3,2,2,2,3,3,2,2,2,2,2,3,4,3,5,1,2,2,2,2,2,2,1,2,3,4,3,3,4,4,2,2,5,5,5,5,1,1,1,1,5,1,1,1,5,5,5,5,5,1,1,1,1,5,2,5,5,2,2,5,5,5,5,5,1,5,2,2,5,5,5,5,5,5,5,2,2,2,2,1,5,5,5,5,2,3,4,5,5,5,2,5,5,5,5,5,5,5,5,5,5,3,3,5,5,5,5,4,4,4,4,4,4,4,4,2,2,2,2,2,2,2,2","0.000607967376708984","louvain","edit-xhwikibooks.graphml"
"0.15","0.43","0.42","0.401553522521997","1,1,1,2,3,2,3,2,2,2,3,3,2,2,2,2,2,3,3,4,5,1,2,2,2,2,2,2,1,2,3,3,4,4,3,3,2,2,5,5,5,5,1,1,1,1,5,1,1,1,5,5,5,5,5,1,1,1,1,5,6,5,5,2,2,5,5,5,5,5,1,5,2,2,5,5,5,5,5,5,5,2,2,2,2,7,5,5,5,5,8,9,10,5,5,5,2,5,5,5,5,5,5,5,5,5,5,4,4,5,5,5,5,3,3,3,3,3,3,3,3,2,2,2,2,2,2,2,2","0.00061798095703125","louvain","edit-xhwikibooks.graphml"
"0.14","0.44","0.42","0.401314698546186","1,1,1,2,3,2,3,2,2,2,3,3,2,2,2,2,2,3,3,4,5,1,2,2,2,2,2,2,1,2,3,3,4,4,3,3,2,2,5,5,5,5,1,1,1,1,5,1,1,1,5,5,5,5,5,1,1,1,1,5,6,5,5,2,2,5,5,5,5,5,1,5,2,2,5,5,5,5,5,5,5,2,2,2,2,7,5,5,5,5,8,9,10,5,5,5,2,5,5,5,5,5,5,5,5,5,5,4,4,5,5,5,5,3,3,3,3,3,3,3,3,2,2,2,2,2,2,2,2","0.000615119934082031","louvain","edit-xhwikibooks.graphml"
"0.13","0.45","0.42","0.402823948690493","1,1,1,2,3,2,3,2,2,2,3,3,2,2,2,2,2,3,3,4,5,1,2,2,2,2,2,2,1,2,3,3,4,4,3,3,2,2,5,5,5,5,1,1,1,1,5,1,1,1,5,5,5,5,5,1,1,1,1,5,6,5,5,2,2,5,5,5,5,5,1,5,2,2,5,5,5,5,5,5,5,2,2,2,2,7,5,5,5,5,8,9,10,5,5,5,2,5,5,5,5,5,5,5,5,5,5,4,4,5,5,5,5,3,3,3,3,3,3,3,3,2,2,2,2,2,2,2,2","0.000633955001831055","louvain","edit-xhwikibooks.graphml"
"0.12","0.46","0.42","0.402585202328744","1,1,1,2,3,2,3,2,2,2,3,3,2,2,2,2,2,3,3,4,5,1,2,2,2,2,2,2,1,2,3,3,4,4,3,3,2,2,5,5,5,5,1,1,1,1,5,1,1,1,5,5,5,5,5,1,1,1,1,5,6,5,5,2,2,5,5,5,5,5,1,5,2,2,5,5,5,5,5,5,5,2,2,2,2,7,5,5,5,5,8,9,10,5,5,5,2,5,5,5,5,5,5,5,5,5,5,4,4,5,5,5,5,3,3,3,3,3,3,3,3,2,2,2,2,2,2,2,2","0.000641107559204102","louvain","edit-xhwikibooks.graphml"
"0.11","0.47","0.42","0.403639202532927","1,1,1,2,3,2,3,2,2,2,3,3,2,2,2,2,2,3,4,3,5,1,2,2,2,2,2,2,1,2,3,4,3,3,4,4,2,2,5,5,5,5,1,1,1,1,5,1,1,1,5,5,5,5,5,1,1,1,1,5,6,5,5,2,2,5,5,5,5,5,1,5,2,2,5,5,5,5,5,5,5,2,2,2,2,7,5,5,5,5,8,9,10,5,5,5,2,5,5,5,5,5,5,5,5,5,5,3,3,5,5,5,5,4,4,4,4,4,4,4,4,2,2,2,2,2,2,2,2","0.000633955001831055","louvain","edit-xhwikibooks.graphml"
"0.1","0.48","0.42","0.403120120841456","1,1,1,2,3,2,3,2,2,2,3,3,2,2,2,2,2,3,3,4,5,1,2,2,2,2,2,2,1,2,3,3,4,4,3,3,2,2,5,5,5,5,1,1,1,1,5,1,1,1,5,5,5,5,5,1,1,1,1,5,6,5,5,2,2,5,5,5,5,5,1,5,2,2,5,5,5,5,5,5,5,2,2,2,2,7,5,5,5,5,8,9,10,5,5,5,2,5,5,5,5,5,5,5,5,5,5,4,4,5,5,5,5,3,3,3,3,3,3,3,3,2,2,2,2,2,2,2,2","0.00064396858215332","louvain","edit-xhwikibooks.graphml"
"0.09","0.49","0.42","0.403399589804233","1,1,1,2,3,2,3,2,2,2,3,3,2,2,2,2,2,3,4,3,5,1,2,2,2,2,2,2,1,2,3,4,3,3,4,4,2,2,5,5,5,5,1,1,1,1,5,1,1,1,5,5,5,5,5,1,1,1,1,5,6,5,5,2,2,5,5,5,5,5,1,5,2,2,5,5,5,5,5,5,5,2,2,2,2,7,5,5,5,5,8,9,10,5,5,5,2,5,5,5,5,5,5,5,5,5,5,3,3,5,5,5,5,4,4,4,4,4,4,4,4,2,2,2,2,2,2,2,2","0.000612974166870117","louvain","edit-xhwikibooks.graphml"
"0.08","0.5","0.42","0.434231971672297","1,1,1,2,3,2,3,2,2,2,3,3,2,2,2,2,2,3,4,3,5,1,2,2,2,2,2,2,1,2,3,4,3,3,4,4,2,2,5,5,5,5,1,1,1,1,5,1,1,1,5,5,5,5,5,1,1,1,1,5,6,5,5,2,2,5,5,5,5,5,1,5,2,2,5,5,5,5,5,5,5,2,2,2,2,7,5,5,5,5,8,9,10,5,5,5,2,5,5,5,5,5,5,5,5,5,5,3,3,5,5,5,5,4,4,4,4,4,4,4,4,2,2,2,2,2,2,2,2","0.000663042068481445","louvain","edit-xhwikibooks.graphml"
"0.07","0.51","0.42","0.434231971672297","1,1,1,2,3,2,3,2,2,2,3,3,2,2,2,2,2,3,4,3,5,1,2,2,2,2,2,2,1,2,3,4,3,3,4,4,2,2,5,5,5,5,1,1,1,1,5,1,1,1,5,5,5,5,5,1,1,1,1,5,6,5,5,2,2,5,5,5,5,5,1,5,2,2,5,5,5,5,5,5,5,2,2,2,2,7,5,5,5,5,8,9,10,5,5,5,2,5,5,5,5,5,5,5,5,5,5,3,3,5,5,5,5,4,4,4,4,4,4,4,4,2,2,2,2,2,2,2,2","0.000661134719848633","louvain","edit-xhwikibooks.graphml"
"0.06","0.52","0.42","0.434934157895985","1,1,1,2,3,2,3,2,2,2,3,3,2,2,2,2,2,3,4,3,5,1,2,2,2,2,2,2,1,2,3,4,3,3,4,4,2,2,5,5,5,5,1,1,1,1,5,1,1,1,5,5,5,5,5,1,1,1,1,5,6,5,5,2,2,5,5,5,5,5,1,5,2,2,5,5,5,5,5,5,5,2,2,2,2,7,5,5,5,5,8,9,10,5,5,5,2,5,5,5,5,5,5,5,5,5,5,3,3,5,5,5,5,4,4,4,4,4,4,4,4,2,2,2,2,2,2,2,2","0.000684022903442383","louvain","edit-xhwikibooks.graphml"
"0.05","0.53","0.42","0.433411379561102","1,1,1,2,3,2,3,2,2,2,3,3,2,2,2,2,2,3,4,3,5,1,2,2,2,2,2,2,1,2,3,4,3,3,4,4,2,2,5,5,5,5,1,1,1,1,5,1,1,1,5,5,5,5,5,1,1,1,1,5,6,5,5,2,2,5,5,5,5,5,1,5,2,2,5,5,5,5,5,5,5,2,2,2,2,7,5,5,5,5,8,9,10,5,5,5,2,5,5,5,5,5,5,5,5,5,5,3,3,5,5,5,5,4,4,4,4,4,4,4,4,2,2,2,2,2,2,2,2","0.000708818435668945","louvain","edit-xhwikibooks.graphml"
"0.04","0.54","0.42","0.434112614040422","1,1,1,2,3,2,3,2,2,2,3,3,2,2,2,2,2,3,4,3,5,1,2,2,2,2,2,2,1,2,3,4,3,3,4,4,2,2,5,5,5,5,1,1,1,1,5,1,1,1,5,5,5,5,5,1,1,1,1,5,6,5,5,2,2,5,5,5,5,5,1,5,2,2,5,5,5,5,5,5,5,2,2,2,2,7,5,5,5,5,8,9,10,5,5,5,2,5,5,5,5,5,5,5,5,5,5,3,3,5,5,5,5,4,4,4,4,4,4,4,4,2,2,2,2,2,2,2,2","0.000782966613769531","louvain","edit-xhwikibooks.graphml"
"0.03","0.55","0.42","0.433870411229814","1,1,1,2,3,2,3,2,2,2,3,3,2,2,2,2,2,3,4,3,5,1,2,2,2,2,2,2,1,2,3,4,3,3,4,4,2,2,5,5,5,5,1,1,1,1,5,1,1,1,5,5,5,5,5,1,1,1,1,5,6,5,5,2,2,5,5,5,5,5,1,5,2,2,5,5,5,5,5,5,5,2,2,2,2,7,5,5,5,5,8,9,10,5,5,5,2,5,5,5,5,5,5,5,5,5,5,3,3,5,5,5,5,4,4,4,4,4,4,4,4,2,2,2,2,2,2,2,2","0.000658988952636719","louvain","edit-xhwikibooks.graphml"
"0.02","0.56","0.42","0.435209381583008","1,1,1,2,3,2,3,2,2,2,3,3,2,2,2,2,2,3,4,3,5,1,2,2,2,2,2,2,1,2,3,4,3,3,4,4,2,2,5,5,5,5,1,1,1,1,5,1,1,1,5,5,5,5,5,1,1,1,1,5,6,5,5,2,2,5,5,5,5,5,1,5,2,2,5,5,5,5,5,5,5,2,2,2,2,7,5,5,5,5,8,9,10,5,5,5,2,5,5,5,5,5,5,5,5,5,5,3,3,5,5,5,5,4,4,4,4,4,4,4,4,2,2,2,2,2,2,2,2","0.000648021697998047","louvain","edit-xhwikibooks.graphml"
"0.01","0.57","0.42","0.434967384011199","1,1,1,2,3,2,3,2,2,2,3,3,2,2,2,2,2,3,4,3,5,1,2,2,2,2,2,2,1,2,3,4,3,3,4,4,2,2,5,5,5,5,1,1,1,1,5,1,1,1,5,5,5,5,5,1,1,1,1,5,6,5,5,2,2,5,5,5,5,5,1,5,2,2,5,5,5,5,5,5,5,2,2,2,2,7,5,5,5,5,8,9,10,5,5,5,2,5,5,5,5,5,5,5,5,5,5,3,3,5,5,5,5,4,4,4,4,4,4,4,4,2,2,2,2,2,2,2,2","0.00059199333190918","louvain","edit-xhwikibooks.graphml"
"0","0.58","0.42","0.438237884297521","1,1,1,2,1,2,3,2,2,2,3,3,2,2,2,2,2,3,4,3,5,1,2,2,2,2,2,2,1,2,3,4,3,3,4,4,2,2,5,5,5,5,1,1,1,1,5,1,1,1,5,5,5,5,5,1,1,1,1,5,6,5,5,2,2,5,5,5,5,5,1,5,2,2,5,5,5,5,5,5,5,2,2,2,2,7,5,5,5,5,8,9,10,5,5,5,2,5,5,5,5,5,5,5,5,5,5,3,3,5,5,5,5,4,4,4,4,4,4,4,4,2,2,2,2,2,2,2,2","0.000643014907836914","louvain","edit-xhwikibooks.graphml"
"0.57","0","0.43","0.413931316473445","1,1,2,3,2,3,2,3,3,3,4,2,3,3,3,3,3,4,4,2,5,1,3,3,3,3,3,3,1,3,4,4,2,2,4,4,3,3,5,5,5,5,1,1,1,1,5,1,1,1,5,5,5,5,5,1,1,1,1,5,3,5,5,3,3,5,5,5,5,5,1,5,3,3,5,5,5,5,5,5,5,3,3,3,3,1,5,5,5,5,3,4,4,5,5,5,3,5,5,5,5,5,5,5,5,5,5,2,2,5,5,5,5,4,4,4,4,4,4,4,4,3,3,3,3,3,3,3,3","0.000641822814941406","louvain","edit-xhwikibooks.graphml"
"0.56","0.01","0.43","0.41449559266099","1,1,2,3,2,3,2,3,3,3,2,2,3,3,3,3,3,2,4,2,5,1,3,3,3,3,3,3,1,3,2,4,2,2,4,4,3,3,5,5,5,5,1,1,1,1,5,1,1,1,5,5,5,5,5,1,1,1,1,5,3,5,5,3,3,5,5,5,5,5,1,5,3,3,5,5,5,5,5,5,5,3,3,3,3,1,5,5,5,5,3,2,4,5,5,5,3,5,5,5,5,5,5,5,5,5,5,2,2,5,5,5,5,4,4,4,4,4,4,4,4,3,3,3,3,3,3,3,3","0.000670194625854492","louvain","edit-xhwikibooks.graphml"
"0.55","0.02","0.43","0.411881562766058","1,1,2,3,2,3,2,3,3,3,4,2,3,3,3,3,3,4,4,2,5,1,3,3,3,3,3,3,1,3,4,4,2,2,4,4,3,3,5,5,5,5,1,1,1,1,5,1,1,1,5,5,5,5,5,1,1,1,1,5,3,5,5,3,3,5,5,5,5,5,1,5,3,3,5,5,5,5,5,5,5,3,3,3,3,1,5,5,5,5,3,4,4,5,5,5,3,5,5,5,5,5,5,5,5,5,5,2,2,5,5,5,5,4,4,4,4,4,4,4,4,3,3,3,3,3,3,3,3","0.000610828399658203","louvain","edit-xhwikibooks.graphml"
"0.54","0.03","0.43","0.407108586871883","1,1,2,3,2,3,2,3,3,3,2,2,3,3,3,3,3,2,4,2,5,1,3,3,3,3,3,3,1,3,2,4,2,2,4,4,3,3,5,5,5,5,1,1,1,1,5,1,1,1,5,5,5,5,5,1,1,1,1,5,3,5,5,3,3,5,5,5,5,5,1,5,3,3,5,5,5,5,5,5,5,3,3,3,3,1,5,5,5,5,3,2,4,5,5,5,3,5,5,5,5,5,5,5,5,5,5,2,2,5,5,5,5,4,4,4,4,4,4,4,4,3,3,3,3,3,3,3,3","0.000717878341674805","louvain","edit-xhwikibooks.graphml"
"0.53","0.04","0.43","0.407108586871883","1,1,2,3,2,3,2,3,3,3,2,2,3,3,3,3,3,2,4,2,5,1,3,3,3,3,3,3,1,3,2,4,2,2,4,4,3,3,5,5,5,5,1,1,1,1,5,1,1,1,5,5,5,5,5,1,1,1,1,5,3,5,5,3,3,5,5,5,5,5,1,5,3,3,5,5,5,5,5,5,5,3,3,3,3,1,5,5,5,5,3,2,4,5,5,5,3,5,5,5,5,5,5,5,5,5,5,2,2,5,5,5,5,4,4,4,4,4,4,4,4,3,3,3,3,3,3,3,3","0.000628948211669922","louvain","edit-xhwikibooks.graphml"
"0.52","0.05","0.43","0.40687570016693","1,1,2,3,2,3,2,3,3,3,2,2,3,3,3,3,3,2,4,2,5,1,3,3,3,3,3,3,1,3,2,4,2,2,4,4,3,3,5,5,5,5,1,1,1,1,5,1,1,1,5,5,5,5,5,1,1,1,1,5,3,5,5,3,3,5,5,5,5,5,1,5,3,3,5,5,5,5,5,5,5,3,3,3,3,1,5,5,5,5,3,2,4,5,5,5,3,5,5,5,5,5,5,5,5,5,5,2,2,5,5,5,5,4,4,4,4,4,4,4,4,3,3,3,3,3,3,3,3","0.000657081604003906","louvain","edit-xhwikibooks.graphml"
"0.51","0.06","0.43","0.40687570016693","1,1,2,3,2,3,2,3,3,3,2,2,3,3,3,3,3,2,4,2,5,1,3,3,3,3,3,3,1,3,2,4,2,2,4,4,3,3,5,5,5,5,1,1,1,1,5,1,1,1,5,5,5,5,5,1,1,1,1,5,3,5,5,3,3,5,5,5,5,5,1,5,3,3,5,5,5,5,5,5,5,3,3,3,3,1,5,5,5,5,3,2,4,5,5,5,3,5,5,5,5,5,5,5,5,5,5,2,2,5,5,5,5,4,4,4,4,4,4,4,4,3,3,3,3,3,3,3,3","0.000611066818237305","louvain","edit-xhwikibooks.graphml"
"0.5","0.07","0.43","0.406643057958478","1,1,2,3,2,3,2,3,3,3,2,2,3,3,3,3,3,2,4,2,5,1,3,3,3,3,3,3,1,3,2,4,2,2,4,4,3,3,5,5,5,5,1,1,1,1,5,1,1,1,5,5,5,5,5,1,1,1,1,5,3,5,5,3,3,5,5,5,5,5,1,5,3,3,5,5,5,5,5,5,5,3,3,3,3,1,5,5,5,5,3,2,4,5,5,5,3,5,5,5,5,5,5,5,5,5,5,2,2,5,5,5,5,4,4,4,4,4,4,4,4,3,3,3,3,3,3,3,3","0.00064396858215332","louvain","edit-xhwikibooks.graphml"
"0.49","0.08","0.43","0.406851188319951","1,1,2,3,2,3,2,3,3,3,4,2,3,3,3,3,3,4,4,2,5,1,3,3,3,3,3,3,1,3,4,4,2,2,4,4,3,3,5,5,5,5,1,1,1,1,5,1,1,1,5,5,5,5,5,1,1,1,1,5,3,5,5,3,3,5,5,5,5,5,1,5,3,3,5,5,5,5,5,5,5,3,3,3,3,1,5,5,5,5,3,4,4,5,5,5,3,5,5,5,5,5,5,5,5,5,5,2,2,5,5,5,5,4,4,4,4,4,4,4,4,3,3,3,3,3,3,3,3","0.000645160675048828","louvain","edit-xhwikibooks.graphml"
"0.48","0.09","0.43","0.407149911268951","1,1,2,3,2,3,2,3,3,3,2,2,3,3,3,3,3,2,4,2,5,1,3,3,3,3,3,3,1,3,2,4,2,2,4,4,3,3,5,5,5,5,1,1,1,1,5,1,1,1,5,5,5,5,5,1,1,1,1,5,3,5,5,3,3,5,5,5,5,5,1,5,3,3,5,5,5,5,5,5,5,3,3,3,3,1,5,5,5,5,3,2,4,5,5,5,3,5,5,5,5,5,5,5,5,5,5,2,2,5,5,5,5,4,4,4,4,4,4,4,4,3,3,3,3,3,3,3,3","0.000658988952636719","louvain","edit-xhwikibooks.graphml"
"0.47","0.1","0.43","0.406619465629926","1,1,2,3,2,3,2,3,3,3,4,2,3,3,3,3,3,4,4,2,5,1,3,3,3,3,3,3,1,3,4,4,2,2,4,4,3,3,5,5,5,5,1,1,1,1,5,1,1,1,5,5,5,5,5,1,1,1,1,5,3,5,5,3,3,5,5,5,5,5,1,5,3,3,5,5,5,5,5,5,5,3,3,3,3,1,5,5,5,5,3,4,4,5,5,5,3,5,5,5,5,5,5,5,5,5,5,2,2,5,5,5,5,4,4,4,4,4,4,4,4,3,3,3,3,3,3,3,3","0.000631093978881836","louvain","edit-xhwikibooks.graphml"
"0.46","0.11","0.43","0.406917652302305","1,1,2,3,2,3,2,3,3,3,2,2,3,3,3,3,3,2,4,2,5,1,3,3,3,3,3,3,1,3,2,4,2,2,4,4,3,3,5,5,5,5,1,1,1,1,5,1,1,1,5,5,5,5,5,1,1,1,1,5,3,5,5,3,3,5,5,5,5,5,1,5,3,3,5,5,5,5,5,5,5,3,3,3,3,1,5,5,5,5,3,2,4,5,5,5,3,5,5,5,5,5,5,5,5,5,5,2,2,5,5,5,5,4,4,4,4,4,4,4,4,3,3,3,3,3,3,3,3","0.000633001327514648","louvain","edit-xhwikibooks.graphml"
"0.45","0.12","0.43","0.409092175806932","1,1,2,3,2,3,2,3,3,3,2,2,3,3,3,3,3,2,4,2,5,1,3,3,3,3,3,3,1,3,2,4,2,2,4,4,3,3,5,5,5,5,1,1,1,1,5,1,1,1,5,5,5,5,5,1,1,1,1,5,3,5,5,3,3,5,5,5,5,5,1,5,3,3,5,5,5,5,5,5,5,3,3,3,3,1,5,5,5,5,3,2,4,5,5,5,3,5,5,5,5,5,5,5,5,5,5,2,2,5,5,5,5,4,4,4,4,4,4,4,4,3,3,3,3,3,3,3,3","0.00064396858215332","louvain","edit-xhwikibooks.graphml"
"0.44","0.13","0.43","0.408859901246275","1,1,2,3,2,3,2,3,3,3,2,2,3,3,3,3,3,2,4,2,5,1,3,3,3,3,3,3,1,3,2,4,2,2,4,4,3,3,5,5,5,5,1,1,1,1,5,1,1,1,5,5,5,5,5,1,1,1,1,5,3,5,5,3,3,5,5,5,5,5,1,5,3,3,5,5,5,5,5,5,5,3,3,3,3,1,5,5,5,5,3,2,4,5,5,5,3,5,5,5,5,5,5,5,5,5,5,2,2,5,5,5,5,4,4,4,4,4,4,4,4,3,3,3,3,3,3,3,3","0.000635862350463867","louvain","edit-xhwikibooks.graphml"
"0.43","0.14","0.43","0.409590771519442","1,1,2,3,2,3,2,3,3,3,2,2,3,3,3,3,3,2,4,2,5,1,3,3,3,3,3,3,1,3,2,4,2,2,4,4,3,3,5,5,5,5,1,1,1,1,5,1,1,1,5,5,5,5,5,1,1,1,1,5,3,5,5,3,3,5,5,5,5,5,1,5,3,3,5,5,5,5,5,5,5,3,3,3,3,1,5,5,5,5,3,2,4,5,5,5,3,5,5,5,5,5,5,5,5,5,5,2,2,5,5,5,5,4,4,4,4,4,4,4,4,3,3,3,3,3,3,3,3","0.000648021697998047","louvain","edit-xhwikibooks.graphml"
"0.42","0.15","0.43","0.410785357416656","1,1,2,3,2,3,2,3,3,3,2,2,3,3,3,3,3,2,4,2,5,1,3,3,3,3,3,3,1,3,2,4,2,2,4,4,3,3,5,5,5,5,1,1,1,1,5,1,1,1,5,5,5,5,5,1,1,1,1,5,3,5,5,3,3,5,5,5,5,5,1,5,3,3,5,5,5,5,5,5,5,3,3,3,3,1,5,5,5,5,3,2,4,5,5,5,3,5,5,5,5,5,5,5,5,5,5,2,2,5,5,5,5,4,4,4,4,4,4,4,4,3,3,3,3,3,3,3,3","0.000658988952636719","louvain","edit-xhwikibooks.graphml"
"0.41","0.16","0.43","0.40698816049253","1,1,2,2,2,3,2,3,3,3,4,2,3,3,3,3,3,4,4,2,5,1,3,3,3,3,3,3,1,3,4,4,2,2,4,4,3,3,5,5,5,5,1,1,1,1,5,1,1,1,5,5,5,5,5,1,1,1,1,5,3,5,5,3,3,5,5,5,5,5,1,5,3,3,5,5,5,5,5,5,5,3,3,3,3,1,5,5,5,5,3,4,4,5,5,5,3,5,5,5,5,5,5,5,5,5,5,2,2,5,5,5,5,4,4,4,4,4,4,4,4,3,3,3,3,3,3,3,3","0.000710964202880859","louvain","edit-xhwikibooks.graphml"
"0.4","0.17","0.43","0.393969450505852","1,1,2,2,2,3,2,3,3,3,4,2,3,3,3,3,3,4,4,2,5,1,3,3,3,3,3,3,1,3,4,4,2,2,4,4,3,3,5,5,5,5,1,1,1,1,5,1,1,1,5,5,5,5,5,1,1,1,1,5,3,5,5,3,3,5,5,5,5,5,1,5,3,3,5,5,5,5,5,5,5,3,3,3,3,1,5,5,5,5,3,4,4,5,5,5,3,5,5,5,5,5,5,5,5,5,5,2,2,5,5,5,5,4,4,4,4,4,4,4,4,3,3,3,3,3,3,3,3","0.000692129135131836","louvain","edit-xhwikibooks.graphml"
"0.39","0.18","0.43","0.393469670584861","1,1,1,1,1,2,1,2,2,2,3,1,2,2,2,2,2,3,3,1,4,1,2,2,2,2,2,2,1,2,3,3,1,1,3,3,2,2,4,4,4,4,1,1,1,1,4,1,1,1,4,4,4,4,4,1,1,1,1,4,2,4,4,2,2,4,4,4,4,4,1,4,2,2,4,4,4,4,4,4,4,2,2,2,2,1,4,4,4,4,2,3,3,4,4,4,2,4,4,4,4,4,4,4,4,4,4,1,1,4,4,4,4,3,3,3,3,3,3,3,3,2,2,2,2,2,2,2,2","0.000689029693603516","louvain","edit-xhwikibooks.graphml"
"0.38","0.19","0.43","0.395089636703026","1,1,2,2,2,3,2,3,3,3,2,2,3,3,3,3,3,2,4,2,5,1,3,3,3,3,3,3,1,3,2,4,2,2,4,4,3,3,5,5,5,5,1,1,1,1,5,1,1,1,5,5,5,5,5,1,1,1,1,5,3,5,5,3,3,5,5,5,5,5,1,5,3,3,5,5,5,5,5,5,5,3,3,3,3,1,5,5,5,5,3,2,4,5,5,5,3,5,5,5,5,5,5,5,5,5,5,2,2,5,5,5,5,4,4,4,4,4,4,4,4,3,3,3,3,3,3,3,3","0.000770092010498047","louvain","edit-xhwikibooks.graphml"
"0.37","0.2","0.43","0.396055083308342","1,1,2,2,2,3,2,3,3,3,4,2,3,3,3,3,3,4,4,2,5,1,3,3,3,3,3,3,1,3,4,4,2,2,4,4,3,3,5,5,5,5,1,1,1,1,5,1,1,1,5,5,5,5,5,1,1,1,1,5,3,5,5,3,3,5,5,5,5,5,1,5,3,3,5,5,5,5,5,5,5,3,3,3,3,1,5,5,5,5,3,4,4,5,5,5,3,5,5,5,5,5,5,5,5,5,5,2,2,5,5,5,5,4,4,4,4,4,4,4,4,3,3,3,3,3,3,3,3","0.000678062438964844","louvain","edit-xhwikibooks.graphml"
"0.36","0.21","0.43","0.395825378712671","1,1,2,2,2,3,2,3,3,3,4,2,3,3,3,3,3,4,4,2,5,1,3,3,3,3,3,3,1,3,4,4,2,2,4,4,3,3,5,5,5,5,1,1,1,1,5,1,1,1,5,5,5,5,5,1,1,1,1,5,3,5,5,3,3,5,5,5,5,5,1,5,3,3,5,5,5,5,5,5,5,3,3,3,3,1,5,5,5,5,3,4,4,5,5,5,3,5,5,5,5,5,5,5,5,5,5,2,2,5,5,5,5,4,4,4,4,4,4,4,4,3,3,3,3,3,3,3,3","0.000751018524169922","louvain","edit-xhwikibooks.graphml"
"0.35","0.22","0.43","0.407181985242544","1,1,2,2,2,3,2,3,3,3,2,2,3,3,3,3,3,2,4,2,5,1,3,3,3,3,3,3,1,3,2,4,2,2,4,4,3,3,5,5,5,5,1,1,1,1,5,1,1,1,5,5,5,5,5,1,1,1,1,5,3,5,5,3,3,5,5,5,5,5,1,5,3,3,5,5,5,5,5,5,5,3,3,3,3,1,5,5,5,5,3,2,4,5,5,5,3,5,5,5,5,5,5,5,5,5,5,2,2,5,5,5,5,4,4,4,4,4,4,4,4,3,3,3,3,3,3,3,3","0.000838994979858398","louvain","edit-xhwikibooks.graphml"
"0.34","0.23","0.43","0.408436855080027","1,1,2,2,2,3,2,3,3,3,2,2,3,3,3,3,3,2,4,2,5,1,3,3,3,3,3,3,1,3,2,4,2,2,4,4,3,3,5,5,5,5,1,1,1,1,5,1,1,1,5,5,5,5,5,1,1,1,1,5,3,5,5,3,3,5,5,5,5,5,1,5,3,3,5,5,5,5,5,5,5,3,3,3,3,1,5,5,5,5,3,2,4,5,5,5,3,5,5,5,5,5,5,5,5,5,5,2,2,5,5,5,5,4,4,4,4,4,4,4,4,3,3,3,3,3,3,3,3","0.000615119934082031","louvain","edit-xhwikibooks.graphml"
"0.33","0.24","0.43","0.409206991745985","1,1,2,2,2,3,2,3,3,3,2,2,3,3,3,3,3,2,4,2,5,1,3,3,3,3,3,3,1,3,2,4,2,2,4,4,3,3,5,5,5,5,1,1,1,1,5,1,1,1,5,5,5,5,5,1,1,1,1,5,3,5,5,3,3,5,5,5,5,5,1,5,3,3,5,5,5,5,5,5,5,3,3,3,3,1,5,5,5,5,3,2,4,5,5,5,3,5,5,5,5,5,5,5,5,5,5,2,2,5,5,5,5,4,4,4,4,4,4,4,4,3,3,3,3,3,3,3,3","0.000628948211669922","louvain","edit-xhwikibooks.graphml"
"0.32","0.25","0.43","0.405419965632247","1,1,2,2,2,3,2,3,3,3,2,2,3,3,3,3,3,2,3,2,4,1,3,3,3,3,3,5,1,3,2,3,2,2,3,3,6,3,4,4,4,4,1,1,1,1,4,1,1,1,4,4,4,4,4,1,1,1,1,4,3,4,4,3,3,4,4,4,4,4,1,4,3,3,4,4,4,4,4,4,4,3,5,5,5,1,4,4,4,4,3,2,3,4,4,4,3,4,4,4,4,4,4,4,4,4,4,2,2,4,4,4,4,3,3,3,3,3,3,3,3,6,6,6,6,6,6,6,6","0.000686168670654297","louvain","edit-xhwikibooks.graphml"
"0.31","0.26","0.43","0.410596493010966","1,1,2,2,2,3,2,3,3,3,4,2,3,3,3,3,3,4,4,2,5,1,3,3,3,3,3,3,1,3,4,4,2,2,4,4,3,3,5,5,5,5,1,1,1,1,5,1,1,1,5,5,5,5,5,1,1,1,1,5,3,5,5,3,3,5,5,5,5,5,1,5,3,3,5,5,5,5,5,5,5,3,3,3,3,1,5,5,5,5,3,4,4,5,5,5,3,5,5,5,5,5,5,5,5,5,5,2,2,5,5,5,5,4,4,4,4,4,4,4,4,3,3,3,3,3,3,3,3","0.000725984573364258","louvain","edit-xhwikibooks.graphml"
"0.3","0.27","0.43","0.410596493010966","1,1,2,2,2,3,2,3,3,3,4,2,3,3,3,3,3,4,4,2,5,1,3,3,3,3,3,3,1,3,4,4,2,2,4,4,3,3,5,5,5,5,1,1,1,1,5,1,1,1,5,5,5,5,5,1,1,1,1,5,3,5,5,3,3,5,5,5,5,5,1,5,3,3,5,5,5,5,5,5,5,3,3,3,3,1,5,5,5,5,3,4,4,5,5,5,3,5,5,5,5,5,5,5,5,5,5,2,2,5,5,5,5,4,4,4,4,4,4,4,4,3,3,3,3,3,3,3,3","0.000624895095825195","louvain","edit-xhwikibooks.graphml"
"0.29","0.28","0.43","0.410355441862128","1,1,2,2,2,3,2,3,3,3,4,2,3,3,3,3,3,4,4,2,5,1,3,3,3,3,3,3,1,3,4,4,2,2,4,4,3,3,5,5,5,5,1,1,1,1,5,1,1,1,5,5,5,5,5,1,1,1,1,5,3,5,5,3,3,5,5,5,5,5,1,5,3,3,5,5,5,5,5,5,5,3,3,3,3,1,5,5,5,5,3,4,4,5,5,5,3,5,5,5,5,5,5,5,5,5,5,2,2,5,5,5,5,4,4,4,4,4,4,4,4,3,3,3,3,3,3,3,3","0.00061798095703125","louvain","edit-xhwikibooks.graphml"
"0.28","0.29","0.43","0.412356639791328","1,1,2,2,2,3,2,3,3,3,2,2,3,3,3,3,3,2,4,2,5,1,3,3,3,3,3,3,1,3,2,4,2,2,4,4,3,3,5,5,5,5,1,1,1,1,5,1,1,1,5,5,5,5,5,1,1,1,1,5,3,5,5,3,3,5,5,5,5,5,1,5,3,3,5,5,5,5,5,5,5,3,3,3,3,1,5,5,5,5,3,2,4,5,5,5,3,5,5,5,5,5,5,5,5,5,5,2,2,5,5,5,5,4,4,4,4,4,4,4,4,3,3,3,3,3,3,3,3","0.000711917877197266","louvain","edit-xhwikibooks.graphml"
"0.27","0.3","0.43","0.402066150104712","1,1,1,2,3,2,3,2,2,2,3,3,2,2,2,2,2,3,4,3,5,1,2,2,2,2,2,2,1,2,3,4,3,3,4,4,2,2,5,5,5,5,1,1,1,1,5,1,1,1,5,5,5,5,5,1,1,1,1,5,2,5,5,2,2,5,5,5,5,5,1,5,2,2,5,5,5,5,5,5,5,2,2,2,2,1,5,5,5,5,2,3,4,5,5,5,2,5,5,5,5,5,5,5,5,5,5,3,3,5,5,5,5,4,4,4,4,4,4,4,4,2,2,2,2,2,2,2,2","0.000619888305664062","louvain","edit-xhwikibooks.graphml"
"0.26","0.31","0.43","0.400420544149196","1,1,1,2,3,2,3,2,2,2,3,3,2,2,2,2,2,3,3,3,4,1,2,2,2,2,2,2,1,2,3,3,3,3,3,3,2,2,4,4,4,4,1,1,1,1,4,1,1,1,4,4,4,4,4,1,1,1,1,4,2,4,4,2,2,4,4,4,4,4,1,4,2,2,4,4,4,4,4,4,4,2,2,2,2,1,4,4,4,4,2,3,3,4,4,4,2,4,4,4,4,4,4,4,4,4,4,3,3,4,4,4,4,3,3,3,3,3,3,3,3,2,2,2,2,2,2,2,2","0.000615119934082031","louvain","edit-xhwikibooks.graphml"
"0.25","0.32","0.43","0.400964508253813","1,1,1,2,3,2,3,2,2,2,3,3,2,2,2,2,2,3,3,3,4,1,2,2,2,2,2,2,1,2,3,3,3,3,3,3,2,2,4,4,4,4,1,1,1,1,4,1,1,1,4,4,4,4,4,1,1,1,1,4,2,4,4,2,2,4,4,4,4,4,1,4,2,2,4,4,4,4,4,4,4,2,2,2,2,1,4,4,4,4,2,3,3,4,4,4,2,4,4,4,4,4,4,4,4,4,4,3,3,4,4,4,4,3,3,3,3,3,3,3,3,2,2,2,2,2,2,2,2","0.000669956207275391","louvain","edit-xhwikibooks.graphml"
"0.24","0.33","0.43","0.40112163439327","1,1,1,2,3,2,3,2,2,2,3,3,2,2,2,2,2,3,4,3,5,1,2,2,2,2,2,2,1,2,3,4,3,3,4,4,2,2,5,5,5,5,1,1,1,1,5,1,1,1,5,5,5,5,5,1,1,1,1,5,2,5,5,2,2,5,5,5,5,5,1,5,2,2,5,5,5,5,5,5,5,2,2,2,2,1,5,5,5,5,2,3,4,5,5,5,2,5,5,5,5,5,5,5,5,5,5,3,3,5,5,5,5,4,4,4,4,4,4,4,4,2,2,2,2,2,2,2,2","0.000612974166870117","louvain","edit-xhwikibooks.graphml"
"0.23","0.34","0.43","0.411732732927192","1,1,1,2,3,2,3,2,2,2,3,3,2,2,2,2,2,3,4,3,5,1,2,2,2,2,2,2,1,2,3,4,3,3,4,4,2,2,5,5,5,5,1,1,1,1,5,1,1,1,5,5,5,5,5,1,1,1,1,5,2,5,5,2,2,5,5,5,5,5,1,5,2,2,5,5,5,5,5,5,5,2,2,2,2,1,5,5,5,5,2,3,4,5,5,5,2,5,5,5,5,5,5,5,5,5,5,3,3,5,5,5,5,4,4,4,4,4,4,4,4,2,2,2,2,2,2,2,2","0.000818967819213867","louvain","edit-xhwikibooks.graphml"
"0.22","0.35","0.43","0.411732732927192","1,1,1,2,3,2,3,2,2,2,3,3,2,2,2,2,2,3,4,3,5,1,2,2,2,2,2,2,1,2,3,4,3,3,4,4,2,2,5,5,5,5,1,1,1,1,5,1,1,1,5,5,5,5,5,1,1,1,1,5,2,5,5,2,2,5,5,5,5,5,1,5,2,2,5,5,5,5,5,5,5,2,2,2,2,1,5,5,5,5,2,3,4,5,5,5,2,5,5,5,5,5,5,5,5,5,5,3,3,5,5,5,5,4,4,4,4,4,4,4,4,2,2,2,2,2,2,2,2","0.000641107559204102","louvain","edit-xhwikibooks.graphml"
"0.21","0.36","0.43","0.41149172275995","1,1,1,2,3,2,3,2,2,2,3,3,2,2,2,2,2,3,4,3,5,1,2,2,2,2,2,2,1,2,3,4,3,3,4,4,2,2,5,5,5,5,1,1,1,1,5,1,1,1,5,5,5,5,5,1,1,1,1,5,2,5,5,2,2,5,5,5,5,5,1,5,2,2,5,5,5,5,5,5,5,2,2,2,2,1,5,5,5,5,2,3,4,5,5,5,2,5,5,5,5,5,5,5,5,5,5,3,3,5,5,5,5,4,4,4,4,4,4,4,4,2,2,2,2,2,2,2,2","0.000581026077270508","louvain","edit-xhwikibooks.graphml"
"0.2","0.37","0.43","0.41149172275995","1,1,1,2,3,2,3,2,2,2,3,3,2,2,2,2,2,3,4,3,5,1,2,2,2,2,2,2,1,2,3,4,3,3,4,4,2,2,5,5,5,5,1,1,1,1,5,1,1,1,5,5,5,5,5,1,1,1,1,5,2,5,5,2,2,5,5,5,5,5,1,5,2,2,5,5,5,5,5,5,5,2,2,2,2,1,5,5,5,5,2,3,4,5,5,5,2,5,5,5,5,5,5,5,5,5,5,3,3,5,5,5,5,4,4,4,4,4,4,4,4,2,2,2,2,2,2,2,2","0.000575065612792969","louvain","edit-xhwikibooks.graphml"
"0.19","0.38","0.43","0.411250970531826","1,1,1,2,3,2,3,2,2,2,3,3,2,2,2,2,2,3,4,3,5,1,2,2,2,2,2,2,1,2,3,4,3,3,4,4,2,2,5,5,5,5,1,1,1,1,5,1,1,1,5,5,5,5,5,1,1,1,1,5,2,5,5,2,2,5,5,5,5,5,1,5,2,2,5,5,5,5,5,5,5,2,2,2,2,1,5,5,5,5,2,3,4,5,5,5,2,5,5,5,5,5,5,5,5,5,5,3,3,5,5,5,5,4,4,4,4,4,4,4,4,2,2,2,2,2,2,2,2","0.000573158264160156","louvain","edit-xhwikibooks.graphml"
"0.18","0.39","0.43","0.412005355464079","1,1,1,2,3,2,3,2,2,2,3,3,2,2,2,2,2,3,4,3,5,1,2,2,2,2,2,2,1,2,3,4,3,3,4,4,2,2,5,5,5,5,1,1,1,1,5,1,1,1,5,5,5,5,5,1,1,1,1,5,2,5,5,2,2,5,5,5,5,5,1,5,2,2,5,5,5,5,5,5,5,2,2,2,2,1,5,5,5,5,2,3,4,5,5,5,2,5,5,5,5,5,5,5,5,5,5,3,3,5,5,5,5,4,4,4,4,4,4,4,4,2,2,2,2,2,2,2,2","0.000669956207275391","louvain","edit-xhwikibooks.graphml"
"0.17","0.4","0.43","0.413182189628316","1,1,1,2,3,2,3,2,2,2,3,3,2,2,2,2,2,3,4,3,5,1,2,2,2,2,2,2,1,2,3,4,3,3,4,4,2,2,5,5,5,5,1,1,1,1,5,1,1,1,5,5,5,5,5,1,1,1,1,5,2,5,5,2,2,5,5,5,5,5,1,5,2,2,5,5,5,5,5,5,5,2,2,2,2,1,5,5,5,5,2,3,4,5,5,5,2,5,5,5,5,5,5,5,5,5,5,3,3,5,5,5,5,4,4,4,4,4,4,4,4,2,2,2,2,2,2,2,2","0.000575065612792969","louvain","edit-xhwikibooks.graphml"
"0.16","0.41","0.43","0.413182189628316","1,1,1,2,3,2,3,2,2,2,3,3,2,2,2,2,2,3,4,3,5,1,2,2,2,2,2,2,1,2,3,4,3,3,4,4,2,2,5,5,5,5,1,1,1,1,5,1,1,1,5,5,5,5,5,1,1,1,1,5,2,5,5,2,2,5,5,5,5,5,1,5,2,2,5,5,5,5,5,5,5,2,2,2,2,1,5,5,5,5,2,3,4,5,5,5,2,5,5,5,5,5,5,5,5,5,5,3,3,5,5,5,5,4,4,4,4,4,4,4,4,2,2,2,2,2,2,2,2","0.000637054443359375","louvain","edit-xhwikibooks.graphml"
"0.15","0.42","0.43","0.412941770848454","1,1,1,2,3,2,3,2,2,2,3,3,2,2,2,2,2,3,4,3,5,1,2,2,2,2,2,2,1,2,3,4,3,3,4,4,2,2,5,5,5,5,1,1,1,1,5,1,1,1,5,5,5,5,5,1,1,1,1,5,2,5,5,2,2,5,5,5,5,5,1,5,2,2,5,5,5,5,5,5,5,2,2,2,2,1,5,5,5,5,2,3,4,5,5,5,2,5,5,5,5,5,5,5,5,5,5,3,3,5,5,5,5,4,4,4,4,4,4,4,4,2,2,2,2,2,2,2,2","0.000587940216064453","louvain","edit-xhwikibooks.graphml"
"0.14","0.43","0.43","0.414393973655944","1,1,1,2,3,2,3,2,2,2,3,3,2,2,2,2,2,3,4,3,5,1,2,2,2,2,2,2,1,2,3,4,3,3,4,4,2,2,5,5,5,5,1,1,1,1,5,1,1,1,5,5,5,5,5,1,1,1,1,5,2,5,5,2,2,5,5,5,5,5,1,5,2,2,5,5,5,5,5,5,5,2,2,2,2,1,5,5,5,5,2,3,4,5,5,5,2,5,5,5,5,5,5,5,5,5,5,3,3,5,5,5,5,4,4,4,4,4,4,4,4,2,2,2,2,2,2,2,2","0.000623941421508789","louvain","edit-xhwikibooks.graphml"
"0.13","0.44","0.43","0.410115078633844","1,1,1,2,3,2,3,2,2,2,3,3,2,2,2,2,2,3,3,4,5,1,2,2,2,2,2,2,1,2,3,3,4,4,3,3,2,2,5,5,5,5,1,1,1,1,5,1,1,1,5,5,5,5,5,1,1,1,1,5,6,5,5,2,2,5,5,5,5,5,1,5,2,2,5,5,5,5,5,5,5,2,2,2,2,7,5,5,5,5,8,9,10,5,5,5,2,5,5,5,5,5,5,5,5,5,5,4,4,5,5,5,5,3,3,3,3,3,3,3,3,2,2,2,2,2,2,2,2","0.000639915466308594","louvain","edit-xhwikibooks.graphml"
"0.12","0.45","0.43","0.402092555913776","1,1,1,2,3,2,3,2,2,2,3,3,2,2,2,2,2,3,3,4,5,1,2,2,2,2,2,2,1,2,3,3,4,4,3,3,2,2,5,5,5,5,1,1,1,1,5,1,1,1,5,5,5,5,5,1,1,1,1,5,6,5,5,2,2,5,5,5,5,5,1,5,2,2,5,5,5,5,5,5,5,2,2,2,2,7,5,5,5,5,8,9,10,5,5,5,2,5,5,5,5,5,5,5,5,5,5,4,4,5,5,5,5,3,3,3,3,3,3,3,3,2,2,2,2,2,2,2,2","0.000578880310058594","louvain","edit-xhwikibooks.graphml"
"0.11","0.46","0.43","0.402134184366368","1,1,1,2,3,2,3,2,2,2,3,3,2,2,2,2,2,3,4,3,5,1,2,2,2,2,2,2,1,2,3,4,3,3,4,4,2,2,5,5,5,5,1,1,1,1,5,1,1,1,5,5,5,5,5,1,1,1,1,5,6,5,5,2,2,5,5,5,5,5,1,5,2,2,5,5,5,5,5,5,5,2,2,2,2,7,5,5,5,5,8,9,10,5,5,5,2,5,5,5,5,5,5,5,5,5,5,3,3,5,5,5,5,4,4,4,4,4,4,4,4,2,2,2,2,2,2,2,2","0.00064396858215332","louvain","edit-xhwikibooks.graphml"
"0.1","0.47","0.43","0.402627229114742","1,1,1,2,3,2,3,2,2,2,3,3,2,2,2,2,2,3,3,4,5,1,2,2,2,2,2,2,1,2,3,3,4,4,3,3,2,2,5,5,5,5,1,1,1,1,5,1,1,1,5,5,5,5,5,1,1,1,1,5,6,5,5,2,2,5,5,5,5,5,1,5,2,2,5,5,5,5,5,5,5,2,2,2,2,7,5,5,5,5,8,9,10,5,5,5,2,5,5,5,5,5,5,5,5,5,5,4,4,5,5,5,5,3,3,3,3,3,3,3,3,2,2,2,2,2,2,2,2","0.000725030899047852","louvain","edit-xhwikibooks.graphml"
"0.09","0.48","0.43","0.402666994411453","1,1,1,2,3,2,3,2,2,2,3,3,2,2,2,2,2,3,4,3,5,1,2,2,2,2,2,2,1,2,3,4,3,3,4,4,2,2,5,5,5,5,1,1,1,1,5,1,1,1,5,5,5,5,5,1,1,1,1,5,6,5,5,2,2,5,5,5,5,5,1,5,2,2,5,5,5,5,5,5,5,2,2,2,2,7,5,5,5,5,8,9,10,5,5,5,2,5,5,5,5,5,5,5,5,5,5,3,3,5,5,5,5,4,4,4,4,4,4,4,4,2,2,2,2,2,2,2,2","0.000616788864135742","louvain","edit-xhwikibooks.graphml"
"0.08","0.49","0.43","0.402503505794635","1,1,1,2,3,2,3,2,2,2,3,4,2,2,2,2,2,3,3,4,5,1,2,2,2,2,2,2,1,2,3,3,4,4,3,3,2,2,5,5,5,5,1,1,1,1,5,1,1,1,5,5,5,5,5,1,1,1,1,5,6,5,5,2,2,5,5,5,5,5,1,5,2,2,5,5,5,5,5,5,5,2,2,2,2,7,5,5,5,5,8,9,10,5,5,5,2,5,5,5,5,5,5,5,5,5,5,4,4,5,5,5,5,3,3,3,3,3,3,3,3,2,2,2,2,2,2,2,2","0.000600814819335938","louvain","edit-xhwikibooks.graphml"
"0.07","0.5","0.43","0.433486348410378","1,1,1,2,3,2,3,2,2,2,3,3,2,2,2,2,2,3,4,3,5,1,2,2,2,2,2,2,1,2,3,4,3,3,4,4,2,2,5,5,5,5,1,1,1,1,5,1,1,1,5,5,5,5,5,1,1,1,1,5,6,5,5,2,2,5,5,5,5,5,1,5,2,2,5,5,5,5,5,5,5,2,2,2,2,7,5,5,5,5,8,9,10,5,5,5,2,5,5,5,5,5,5,5,5,5,5,3,3,5,5,5,5,4,4,4,4,4,4,4,4,2,2,2,2,2,2,2,2","0.000875949859619141","louvain","edit-xhwikibooks.graphml"
"0.06","0.51","0.43","0.432531977872384","1,1,1,2,3,2,3,2,2,2,3,3,2,2,2,2,2,3,3,4,5,1,2,2,2,2,2,2,1,2,3,3,4,4,3,3,2,2,5,5,5,5,1,1,1,1,5,1,1,1,5,5,5,5,5,1,1,1,1,5,6,5,5,2,2,5,5,5,5,5,1,5,2,2,5,5,5,5,5,5,5,2,2,2,2,7,5,5,5,5,8,9,10,5,5,5,2,5,5,5,5,5,5,5,5,5,5,4,4,5,5,5,5,3,3,3,3,3,3,3,3,2,2,2,2,2,2,2,2","0.000577926635742188","louvain","edit-xhwikibooks.graphml"
"0.05","0.52","0.43","0.434187711233993","1,1,1,2,3,2,3,2,2,2,3,3,2,2,2,2,2,3,4,3,5,1,2,2,2,2,2,2,1,2,3,4,3,3,4,4,2,2,5,5,5,5,1,1,1,1,5,1,1,1,5,5,5,5,5,1,1,1,1,5,6,5,5,2,2,5,5,5,5,5,1,5,2,2,5,5,5,5,5,5,5,2,2,2,2,7,5,5,5,5,8,9,10,5,5,5,2,5,5,5,5,5,5,5,5,5,5,3,3,5,5,5,5,4,4,4,4,4,4,4,4,2,2,2,2,2,2,2,2","0.000603199005126953","louvain","edit-xhwikibooks.graphml"
"0.04","0.53","0.43","0.434645029143238","1,1,1,2,3,2,3,2,2,2,3,3,2,2,2,2,2,3,4,3,5,1,2,2,2,2,2,2,1,2,3,4,3,3,4,4,2,2,5,5,5,5,1,1,1,1,5,1,1,1,5,5,5,5,5,1,1,1,1,5,6,5,5,2,2,5,5,5,5,5,1,5,2,2,5,5,5,5,5,5,5,2,2,2,2,7,5,5,5,5,8,9,10,5,5,5,2,5,5,5,5,5,5,5,5,5,5,3,3,5,5,5,5,4,4,4,4,4,4,4,4,2,2,2,2,2,2,2,2","0.000650167465209961","louvain","edit-xhwikibooks.graphml"
"0.03","0.54","0.43","0.435341300772895","1,1,1,2,3,2,3,2,2,2,3,3,2,2,2,2,2,3,4,3,5,1,2,2,2,2,2,2,1,2,3,4,3,3,4,4,2,2,5,5,5,5,1,1,1,1,5,1,1,1,5,5,5,5,5,1,1,1,1,5,6,5,5,2,2,5,5,5,5,5,1,5,2,2,5,5,5,5,5,5,5,2,2,2,2,7,5,5,5,5,8,9,10,5,5,5,2,5,5,5,5,5,5,5,5,5,5,3,3,5,5,5,5,4,4,4,4,4,4,4,4,2,2,2,2,2,2,2,2","0.000639915466308594","louvain","edit-xhwikibooks.graphml"
"0.02","0.55","0.43","0.435099955969358","1,1,1,2,3,2,3,2,2,2,3,3,2,2,2,2,2,3,4,3,5,1,2,2,2,2,2,2,1,2,3,4,3,3,4,4,2,2,5,5,5,5,1,1,1,1,5,1,1,1,5,5,5,5,5,1,1,1,1,5,6,5,5,2,2,5,5,5,5,5,1,5,2,2,5,5,5,5,5,5,5,2,2,2,2,7,5,5,5,5,8,9,10,5,5,5,2,5,5,5,5,5,5,5,5,5,5,3,3,5,5,5,5,4,4,4,4,4,4,4,4,2,2,2,2,2,2,2,2","0.00074315071105957","louvain","edit-xhwikibooks.graphml"
"0.01","0.56","0.43","0.436427353615004","1,1,1,2,3,2,3,2,2,2,3,3,2,2,2,2,2,3,4,3,5,1,2,2,2,2,2,2,1,2,3,4,3,3,4,4,2,2,5,5,5,5,1,1,1,1,5,1,1,1,5,5,5,5,5,1,1,1,1,5,6,5,5,2,2,5,5,5,5,5,1,5,2,2,5,5,5,5,5,5,5,2,2,2,2,7,5,5,5,5,8,9,10,5,5,5,2,5,5,5,5,5,5,5,5,5,5,3,3,5,5,5,5,4,4,4,4,4,4,4,4,2,2,2,2,2,2,2,2","0.000635147094726562","louvain","edit-xhwikibooks.graphml"
"0","0.57","0.43","0.437671811442932","1,1,1,2,1,2,3,2,2,2,3,4,2,2,2,2,2,3,3,4,5,1,2,2,2,2,2,2,1,2,3,3,4,4,3,3,2,2,5,5,5,5,1,1,1,1,5,1,1,1,5,5,5,5,5,1,1,1,1,5,6,5,5,2,2,5,5,5,5,5,1,5,2,2,5,5,5,5,5,5,5,2,2,2,2,7,5,5,5,5,8,9,10,5,5,5,2,5,5,5,5,5,5,5,5,5,5,4,4,5,5,5,5,3,3,3,3,3,3,3,3,2,2,2,2,2,2,2,2","0.000690937042236328","louvain","edit-xhwikibooks.graphml"
"0.56","0","0.44","0.414499896522793","1,1,2,3,2,3,2,3,3,3,2,2,3,3,3,3,3,2,4,2,5,1,3,3,3,3,3,3,1,3,2,4,2,2,4,4,3,3,5,5,5,5,1,1,1,1,5,1,1,1,5,5,5,5,5,1,1,1,1,5,3,5,5,3,3,5,5,5,5,5,1,5,3,3,5,5,5,5,5,5,5,3,3,3,3,1,5,5,5,5,3,2,4,5,5,5,3,5,5,5,5,5,5,5,5,5,5,2,2,5,5,5,5,4,4,4,4,4,4,4,4,3,3,3,3,3,3,3,3","0.000715970993041992","louvain","edit-xhwikibooks.graphml"
"0.55","0.01","0.44","0.414499896522793","1,1,2,3,2,3,2,3,3,3,2,2,3,3,3,3,3,2,4,2,5,1,3,3,3,3,3,3,1,3,2,4,2,2,4,4,3,3,5,5,5,5,1,1,1,1,5,1,1,1,5,5,5,5,5,1,1,1,1,5,3,5,5,3,3,5,5,5,5,5,1,5,3,3,5,5,5,5,5,5,5,3,3,3,3,1,5,5,5,5,3,2,4,5,5,5,3,5,5,5,5,5,5,5,5,5,5,2,2,5,5,5,5,4,4,4,4,4,4,4,4,3,3,3,3,3,3,3,3","0.000684976577758789","louvain","edit-xhwikibooks.graphml"
"0.54","0.02","0.44","0.414499896522793","1,1,2,3,2,3,2,3,3,3,2,2,3,3,3,3,3,2,4,2,5,1,3,3,3,3,3,3,1,3,2,4,2,2,4,4,3,3,5,5,5,5,1,1,1,1,5,1,1,1,5,5,5,5,5,1,1,1,1,5,3,5,5,3,3,5,5,5,5,5,1,5,3,3,5,5,5,5,5,5,5,3,3,3,3,1,5,5,5,5,3,2,4,5,5,5,3,5,5,5,5,5,5,5,5,5,5,2,2,5,5,5,5,4,4,4,4,4,4,4,4,3,3,3,3,3,3,3,3","0.000789165496826172","louvain","edit-xhwikibooks.graphml"
"0.53","0.03","0.44","0.414267227090753","1,1,2,3,2,3,2,3,3,3,2,2,3,3,3,3,3,2,4,2,5,1,3,3,3,3,3,3,1,3,2,4,2,2,4,4,3,3,5,5,5,5,1,1,1,1,5,1,1,1,5,5,5,5,5,1,1,1,1,5,3,5,5,3,3,5,5,5,5,5,1,5,3,3,5,5,5,5,5,5,5,3,3,3,3,1,5,5,5,5,3,2,4,5,5,5,3,5,5,5,5,5,5,5,5,5,5,2,2,5,5,5,5,4,4,4,4,4,4,4,4,3,3,3,3,3,3,3,3","0.000735998153686523","louvain","edit-xhwikibooks.graphml"
"0.52","0.04","0.44","0.414267227090753","1,1,2,3,2,3,2,3,3,3,2,2,3,3,3,3,3,2,4,2,5,1,3,3,3,3,3,3,1,3,2,4,2,2,4,4,3,3,5,5,5,5,1,1,1,1,5,1,1,1,5,5,5,5,5,1,1,1,1,5,3,5,5,3,3,5,5,5,5,5,1,5,3,3,5,5,5,5,5,5,5,3,3,3,3,1,5,5,5,5,3,2,4,5,5,5,3,5,5,5,5,5,5,5,5,5,5,2,2,5,5,5,5,4,4,4,4,4,4,4,4,3,3,3,3,3,3,3,3","0.000567913055419922","louvain","edit-xhwikibooks.graphml"
"0.51","0.05","0.44","0.413312586592321","1,1,2,3,2,3,2,3,3,3,2,2,3,3,3,3,3,2,4,2,5,1,3,3,3,3,3,3,1,3,2,4,2,2,4,4,3,3,5,5,5,5,1,1,1,1,5,1,1,1,5,5,5,5,5,1,1,1,1,5,3,5,5,3,3,5,5,5,5,5,1,5,3,3,5,5,5,5,5,5,5,3,3,3,3,1,5,5,5,5,3,2,4,5,5,5,3,5,5,5,5,5,5,5,5,5,5,2,2,5,5,5,5,4,4,4,4,4,4,4,4,3,3,3,3,3,3,3,3","0.000686883926391602","louvain","edit-xhwikibooks.graphml"
"0.5","0.06","0.44","0.412751595848668","1,1,2,3,2,3,2,3,3,3,4,2,3,3,3,3,3,4,4,2,5,1,3,3,3,3,3,3,1,3,4,4,2,2,4,4,3,3,5,5,5,5,1,1,1,1,5,1,1,1,5,5,5,5,5,1,1,1,1,5,3,5,5,3,3,5,5,5,5,5,1,5,3,3,5,5,5,5,5,5,5,3,3,3,3,1,5,5,5,5,3,4,4,5,5,5,3,5,5,5,5,5,5,5,5,5,5,2,2,5,5,5,5,4,4,4,4,4,4,4,4,3,3,3,3,3,3,3,3","0.000620841979980469","louvain","edit-xhwikibooks.graphml"
"0.49","0.07","0.44","0.412520310281153","1,1,2,3,2,3,2,3,3,3,4,2,3,3,3,3,3,4,4,2,5,1,3,3,3,3,3,3,1,3,4,4,2,2,4,4,3,3,5,5,5,5,1,1,1,1,5,1,1,1,5,5,5,5,5,1,1,1,1,5,3,5,5,3,3,5,5,5,5,5,1,5,3,3,5,5,5,5,5,5,5,3,3,3,3,1,5,5,5,5,3,4,4,5,5,5,3,5,5,5,5,5,5,5,5,5,5,2,2,5,5,5,5,4,4,4,4,4,4,4,4,3,3,3,3,3,3,3,3","0.000669002532958984","louvain","edit-xhwikibooks.graphml"
"0.48","0.08","0.44","0.413802601442044","1,1,2,3,2,3,2,3,3,3,2,2,3,3,3,3,3,2,4,2,5,1,3,3,3,3,3,3,1,3,2,4,2,2,4,4,3,3,5,5,5,5,1,1,1,1,5,1,1,1,5,5,5,5,5,1,1,1,1,5,3,5,5,3,3,5,5,5,5,5,1,5,3,3,5,5,5,5,5,5,5,3,3,3,3,1,5,5,5,5,3,2,4,5,5,5,3,5,5,5,5,5,5,5,5,5,5,2,2,5,5,5,5,4,4,4,4,4,4,4,4,3,3,3,3,3,3,3,3","0.000653982162475586","louvain","edit-xhwikibooks.graphml"
"0.47","0.09","0.44","0.410967041046668","1,1,2,3,2,3,2,3,3,3,4,2,3,3,3,3,3,4,4,2,5,1,3,3,3,3,3,3,1,3,4,4,2,2,4,4,3,3,5,5,5,5,1,1,1,1,5,1,1,1,5,5,5,5,5,1,1,1,1,5,3,5,5,3,3,5,5,5,5,5,1,5,3,3,5,5,5,5,5,5,5,3,3,3,3,1,5,5,5,5,3,4,4,5,5,5,3,5,5,5,5,5,5,5,5,5,5,2,2,5,5,5,5,4,4,4,4,4,4,4,4,3,3,3,3,3,3,3,3","0.000590085983276367","louvain","edit-xhwikibooks.graphml"
"0.46","0.1","0.44","0.410507910819141","1,1,1,2,1,2,1,2,2,2,3,1,2,2,2,2,2,3,3,1,4,1,2,2,2,2,2,2,1,2,3,3,1,1,3,3,2,2,4,4,4,4,1,1,1,1,4,1,1,1,4,4,4,4,4,1,1,1,1,4,2,4,4,2,2,4,4,4,4,4,1,4,2,2,4,4,4,4,4,4,4,2,2,2,2,1,4,4,4,4,2,3,3,4,4,4,2,4,4,4,4,4,4,4,4,4,4,1,1,4,4,4,4,3,3,3,3,3,3,3,3,2,2,2,2,2,2,2,2","0.000602960586547852","louvain","edit-xhwikibooks.graphml"
"0.45","0.11","0.44","0.411296791727937","1,1,2,3,2,3,2,3,3,3,2,2,3,3,3,3,3,2,4,2,5,1,3,3,3,3,3,3,1,3,2,4,2,2,4,4,3,3,5,5,5,5,1,1,1,1,5,1,1,1,5,5,5,5,5,1,1,1,1,5,3,5,5,3,3,5,5,5,5,5,1,5,3,3,5,5,5,5,5,5,5,3,3,3,3,1,5,5,5,5,3,2,4,5,5,5,3,5,5,5,5,5,5,5,5,5,5,2,2,5,5,5,5,4,4,4,4,4,4,4,4,3,3,3,3,3,3,3,3","0.000602960586547852","louvain","edit-xhwikibooks.graphml"
"0.44","0.12","0.44","0.413586894520687","1,1,2,3,2,3,2,3,3,3,4,2,3,3,3,3,3,4,4,2,5,1,3,3,3,3,3,3,1,3,4,4,2,2,4,4,3,3,5,5,5,5,1,1,1,1,5,1,1,1,5,5,5,5,5,1,1,1,1,5,3,5,5,3,3,5,5,5,5,5,1,5,3,3,5,5,5,5,5,5,5,3,3,3,3,1,5,5,5,5,3,4,4,5,5,5,3,5,5,5,5,5,5,5,5,5,5,2,2,5,5,5,5,4,4,4,4,4,4,4,4,3,3,3,3,3,3,3,3","0.00062108039855957","louvain","edit-xhwikibooks.graphml"
"0.43","0.13","0.44","0.414150966316252","1,1,2,3,2,3,2,3,3,3,2,2,3,3,3,3,3,2,4,2,5,1,3,3,3,3,3,3,1,3,2,4,2,2,4,4,3,3,5,5,5,5,1,1,1,1,5,1,1,1,5,5,5,5,5,1,1,1,1,5,3,5,5,3,3,5,5,5,5,5,1,5,3,3,5,5,5,5,5,5,5,3,3,3,3,1,5,5,5,5,3,2,4,5,5,5,3,5,5,5,5,5,5,5,5,5,5,2,2,5,5,5,5,4,4,4,4,4,4,4,4,3,3,3,3,3,3,3,3","0.000631093978881836","louvain","edit-xhwikibooks.graphml"
"0.42","0.14","0.44","0.413586894520687","1,1,2,3,2,3,2,3,3,3,4,2,3,3,3,3,3,4,4,2,5,1,3,3,3,3,3,3,1,3,4,4,2,2,4,4,3,3,5,5,5,5,1,1,1,1,5,1,1,1,5,5,5,5,5,1,1,1,1,5,3,5,5,3,3,5,5,5,5,5,1,5,3,3,5,5,5,5,5,5,5,3,3,3,3,1,5,5,5,5,3,4,4,5,5,5,3,5,5,5,5,5,5,5,5,5,5,2,2,5,5,5,5,4,4,4,4,4,4,4,4,3,3,3,3,3,3,3,3","0.000645160675048828","louvain","edit-xhwikibooks.graphml"
"0.41","0.15","0.44","0.415317349594377","1,1,2,3,2,3,2,3,3,3,2,2,3,3,3,3,3,2,4,2,5,1,3,3,3,3,3,3,1,3,2,4,2,2,4,4,3,3,5,5,5,5,1,1,1,1,5,1,1,1,5,5,5,5,5,1,1,1,1,5,3,5,5,3,3,5,5,5,5,5,1,5,3,3,5,5,5,5,5,5,5,3,3,3,3,1,5,5,5,5,3,2,4,5,5,5,3,5,5,5,5,5,5,5,5,5,5,2,2,5,5,5,5,4,4,4,4,4,4,4,4,3,3,3,3,3,3,3,3","0.00072479248046875","louvain","edit-xhwikibooks.graphml"
"0.4","0.16","0.44","0.416031558496114","1,1,2,3,2,3,2,3,3,3,2,2,3,3,3,3,3,2,4,2,5,1,3,3,3,3,3,3,1,3,2,4,2,2,4,4,3,3,5,5,5,5,1,1,1,1,5,1,1,1,5,5,5,5,5,1,1,1,1,5,3,5,5,3,3,5,5,5,5,5,1,5,3,3,5,5,5,5,5,5,5,3,3,3,3,1,5,5,5,5,3,2,4,5,5,5,3,5,5,5,5,5,5,5,5,5,5,2,2,5,5,5,5,4,4,4,4,4,4,4,4,3,3,3,3,3,3,3,3","0.000580072402954102","louvain","edit-xhwikibooks.graphml"
"0.39","0.17","0.44","0.411522909090909","1,1,2,3,2,3,2,3,3,3,2,2,3,3,3,3,3,2,4,2,5,1,3,3,3,3,3,3,1,3,2,4,2,2,4,4,3,3,5,5,5,5,1,1,1,1,5,1,1,1,5,5,5,5,5,1,1,1,1,5,3,5,5,3,3,5,5,5,5,5,1,5,3,3,5,5,5,5,5,5,5,3,3,3,3,1,5,5,5,5,3,2,4,5,5,5,3,5,5,5,5,5,5,5,5,5,5,2,2,5,5,5,5,4,4,4,4,4,4,4,4,3,3,3,3,3,3,3,3","0.000680923461914062","louvain","edit-xhwikibooks.graphml"
"0.38","0.18","0.44","0.411522909090909","1,1,2,3,2,3,2,3,3,3,2,2,3,3,3,3,3,2,4,2,5,1,3,3,3,3,3,3,1,3,2,4,2,2,4,4,3,3,5,5,5,5,1,1,1,1,5,1,1,1,5,5,5,5,5,1,1,1,1,5,3,5,5,3,3,5,5,5,5,5,1,5,3,3,5,5,5,5,5,5,5,3,3,3,3,1,5,5,5,5,3,2,4,5,5,5,3,5,5,5,5,5,5,5,5,5,5,2,2,5,5,5,5,4,4,4,4,4,4,4,4,3,3,3,3,3,3,3,3","0.000649929046630859","louvain","edit-xhwikibooks.graphml"
"0.37","0.19","0.44","0.412098807623321","1,1,2,3,2,3,2,3,3,3,2,2,3,3,3,3,3,2,4,2,5,1,3,3,3,3,3,3,1,3,2,4,2,2,4,4,3,3,5,5,5,5,1,1,1,1,5,1,1,1,5,5,5,5,5,1,1,1,1,5,3,5,5,3,3,5,5,5,5,5,1,5,3,3,5,5,5,5,5,5,5,3,3,3,3,1,5,5,5,5,3,2,4,5,5,5,3,5,5,5,5,5,5,5,5,5,5,2,2,5,5,5,5,4,4,4,4,4,4,4,4,3,3,3,3,3,3,3,3","0.000777006149291992","louvain","edit-xhwikibooks.graphml"
"0.36","0.2","0.44","0.41294045511219","1,1,2,3,2,3,2,3,3,3,4,2,3,3,3,3,3,4,4,2,5,1,3,3,3,3,3,3,1,3,4,4,2,2,4,4,3,3,5,5,5,5,1,1,1,1,5,1,1,1,5,5,5,5,5,1,1,1,1,5,3,5,5,3,3,5,5,5,5,5,1,5,3,3,5,5,5,5,5,5,5,3,3,3,3,1,5,5,5,5,3,4,4,5,5,5,3,5,5,5,5,5,5,5,5,5,5,2,2,5,5,5,5,4,4,4,4,4,4,4,4,3,3,3,3,3,3,3,3","0.000605106353759766","louvain","edit-xhwikibooks.graphml"
"0.35","0.21","0.44","0.40877075613017","1,1,2,2,2,3,2,3,3,3,4,2,3,3,3,3,3,4,4,2,5,1,3,3,3,3,3,3,1,3,4,4,2,2,4,4,3,3,5,5,5,5,1,1,1,1,5,1,1,1,5,5,5,5,5,1,1,1,1,5,3,5,5,3,3,5,5,5,5,5,1,5,3,3,5,5,5,5,5,5,5,3,3,3,3,1,5,5,5,5,3,4,4,5,5,5,3,5,5,5,5,5,5,5,5,5,5,2,2,5,5,5,5,4,4,4,4,4,4,4,4,3,3,3,3,3,3,3,3","0.000617027282714844","louvain","edit-xhwikibooks.graphml"
"0.34","0.22","0.44","0.409291976803561","1,1,2,2,2,3,2,3,3,3,2,2,3,3,3,3,3,2,4,2,5,1,3,3,3,3,3,3,1,3,2,4,2,2,4,4,3,3,5,5,5,5,1,1,1,1,5,1,1,1,5,5,5,5,5,1,1,1,1,5,3,5,5,3,3,5,5,5,5,5,1,5,3,3,5,5,5,5,5,5,5,3,3,3,3,1,5,5,5,5,3,2,4,5,5,5,3,5,5,5,5,5,5,5,5,5,5,2,2,5,5,5,5,4,4,4,4,4,4,4,4,3,3,3,3,3,3,3,3","0.000650882720947266","louvain","edit-xhwikibooks.graphml"
"0.33","0.23","0.44","0.409959185266403","1,1,2,2,2,3,2,3,3,3,4,2,3,3,3,3,3,4,4,2,5,1,3,3,3,3,3,3,1,3,4,4,2,2,4,4,3,3,5,5,5,5,1,1,1,1,5,1,1,1,5,5,5,5,5,1,1,1,1,5,3,5,5,3,3,5,5,5,5,5,1,5,3,3,5,5,5,5,5,5,5,3,3,3,3,1,5,5,5,5,3,4,4,5,5,5,3,5,5,5,5,5,5,5,5,5,5,2,2,5,5,5,5,4,4,4,4,4,4,4,4,3,3,3,3,3,3,3,3","0.000686168670654297","louvain","edit-xhwikibooks.graphml"
"0.32","0.24","0.44","0.411206529730094","1,1,2,2,2,3,2,3,3,3,2,2,3,3,3,3,3,2,4,2,5,1,3,3,3,3,3,3,1,3,2,4,2,2,4,4,3,3,5,5,5,5,1,1,1,1,5,1,1,1,5,5,5,5,5,1,1,1,1,5,3,5,5,3,3,5,5,5,5,5,1,5,3,3,5,5,5,5,5,5,5,3,3,3,3,1,5,5,5,5,3,2,4,5,5,5,3,5,5,5,5,5,5,5,5,5,5,2,2,5,5,5,5,4,4,4,4,4,4,4,4,3,3,3,3,3,3,3,3","0.000654935836791992","louvain","edit-xhwikibooks.graphml"
"0.31","0.25","0.44","0.413044445747579","1,1,2,2,2,3,2,3,3,3,2,2,3,3,3,3,3,2,4,2,5,1,3,3,3,3,3,3,1,3,2,4,2,2,4,4,3,3,5,5,5,5,1,1,1,1,5,1,1,1,5,5,5,5,5,1,1,1,1,5,3,5,5,3,3,5,5,5,5,5,1,5,3,3,5,5,5,5,5,5,5,3,3,3,3,1,5,5,5,5,3,2,4,5,5,5,3,5,5,5,5,5,5,5,5,5,5,2,2,5,5,5,5,4,4,4,4,4,4,4,4,3,3,3,3,3,3,3,3","0.000669956207275391","louvain","edit-xhwikibooks.graphml"
"0.3","0.26","0.44","0.413044445747579","1,1,2,2,2,3,2,3,3,3,2,2,3,3,3,3,3,2,4,2,5,1,3,3,3,3,3,3,1,3,2,4,2,2,4,4,3,3,5,5,5,5,1,1,1,1,5,1,1,1,5,5,5,5,5,1,1,1,1,5,3,5,5,3,3,5,5,5,5,5,1,5,3,3,5,5,5,5,5,5,5,3,3,3,3,1,5,5,5,5,3,2,4,5,5,5,3,5,5,5,5,5,5,5,5,5,5,2,2,5,5,5,5,4,4,4,4,4,4,4,4,3,3,3,3,3,3,3,3","0.000655889511108398","louvain","edit-xhwikibooks.graphml"
"0.29","0.27","0.44","0.412522959028736","1,1,2,2,2,3,2,3,3,3,4,2,3,3,3,3,3,4,4,2,5,1,3,3,3,3,3,3,1,3,4,4,2,2,4,4,3,3,5,5,5,5,1,1,1,1,5,1,1,1,5,5,5,5,5,1,1,1,1,5,3,5,5,3,3,5,5,5,5,5,1,5,3,3,5,5,5,5,5,5,5,3,3,3,3,1,5,5,5,5,3,4,4,5,5,5,3,5,5,5,5,5,5,5,5,5,5,2,2,5,5,5,5,4,4,4,4,4,4,4,4,3,3,3,3,3,3,3,3","0.000663995742797852","louvain","edit-xhwikibooks.graphml"
"0.28","0.28","0.44","0.412292589124526","1,1,2,2,2,3,2,3,3,3,4,2,3,3,3,3,3,4,4,2,5,1,3,3,3,3,3,3,1,3,4,4,2,2,4,4,3,3,5,5,5,5,1,1,1,1,5,1,1,1,5,5,5,5,5,1,1,1,1,5,3,5,5,3,3,5,5,5,5,5,1,5,3,3,5,5,5,5,5,5,5,3,3,3,3,1,5,5,5,5,3,4,4,5,5,5,3,5,5,5,5,5,5,5,5,5,5,2,2,5,5,5,5,4,4,4,4,4,4,4,4,3,3,3,3,3,3,3,3","0.000638961791992188","louvain","edit-xhwikibooks.graphml"
"0.27","0.29","0.44","0.400531148644448","1,1,2,2,2,3,2,3,3,3,4,2,3,3,3,3,3,4,4,2,5,1,3,3,3,3,3,3,1,3,4,4,2,2,4,4,3,3,5,5,5,5,1,1,1,1,5,1,1,1,5,5,5,5,5,1,1,1,1,5,3,5,5,3,3,5,5,5,5,5,1,5,3,3,5,5,5,5,5,5,5,3,3,3,3,1,5,5,5,5,3,4,4,5,5,5,3,5,5,5,5,5,5,5,5,5,5,2,2,5,5,5,5,4,4,4,4,4,4,4,4,3,3,3,3,3,3,3,3","0.000666141510009766","louvain","edit-xhwikibooks.graphml"
"0.26","0.3","0.44","0.400799972601112","1,1,2,2,2,3,2,3,3,3,2,2,3,3,3,3,3,2,4,2,5,1,3,3,3,3,3,3,1,3,2,4,2,2,4,4,3,3,5,5,5,5,1,1,1,1,5,1,1,1,5,5,5,5,5,1,1,1,1,5,3,5,5,3,3,5,5,5,5,5,1,5,3,3,5,5,5,5,5,5,5,3,3,3,3,1,5,5,5,5,3,2,4,5,5,5,3,5,5,5,5,5,5,5,5,5,5,2,2,5,5,5,5,4,4,4,4,4,4,4,4,3,3,3,3,3,3,3,3","0.000733137130737305","louvain","edit-xhwikibooks.graphml"
"0.25","0.31","0.44","0.400390023853493","1,1,1,1,2,3,2,3,3,3,2,2,3,3,3,3,3,2,2,2,4,1,3,3,3,3,3,3,1,3,2,2,2,2,2,2,3,3,4,4,4,4,1,1,1,1,4,1,1,1,4,4,4,4,4,1,1,1,1,4,3,4,4,3,3,4,4,4,4,4,1,4,3,3,4,4,4,4,4,4,4,3,3,3,3,1,4,4,4,4,3,2,2,4,4,4,3,4,4,4,4,4,4,4,4,4,4,2,2,4,4,4,4,2,2,2,2,2,2,2,2,3,3,3,3,3,3,3,3","0.000669956207275391","louvain","edit-xhwikibooks.graphml"
"0.24","0.32","0.44","0.400940646811231","1,1,1,1,1,2,1,2,2,2,3,1,2,2,2,2,2,3,3,1,4,1,2,2,2,2,2,2,1,2,3,3,1,1,3,3,2,2,4,4,4,4,1,1,1,1,4,1,1,1,4,4,4,4,4,1,1,1,1,4,2,4,4,2,2,4,4,4,4,4,1,4,2,2,4,4,4,4,4,4,4,2,2,2,2,1,4,4,4,4,2,3,3,4,4,4,2,4,4,4,4,4,4,4,4,4,4,1,1,4,4,4,4,3,3,3,3,3,3,3,3,2,2,2,2,2,2,2,2","0.00077509880065918","louvain","edit-xhwikibooks.graphml"
"0.23","0.33","0.44","0.392042141993195","1,1,1,2,3,2,3,2,2,2,3,3,2,2,2,2,2,3,3,3,4,1,2,2,2,2,2,2,1,2,3,3,3,3,3,3,2,2,4,4,4,4,1,1,1,1,4,1,1,1,4,4,4,4,4,1,1,1,1,4,2,4,4,2,2,4,4,4,4,4,1,4,2,2,4,4,4,4,4,4,4,2,2,2,2,1,4,4,4,4,2,3,3,4,4,4,2,4,4,4,4,4,4,4,4,4,4,3,3,4,4,4,4,3,3,3,3,3,3,3,3,2,2,2,2,2,2,2,2","0.000677108764648438","louvain","edit-xhwikibooks.graphml"
"0.22","0.34","0.44","0.402598687728135","1,1,1,2,3,2,3,2,2,2,3,3,2,2,2,2,2,3,4,3,5,1,2,2,2,2,2,2,1,2,3,4,3,3,4,4,2,2,5,5,5,5,1,1,1,1,5,1,1,1,5,5,5,5,5,1,1,1,1,5,2,5,5,2,2,5,5,5,5,5,1,5,2,2,5,5,5,5,5,5,5,2,2,2,2,1,5,5,5,5,2,3,4,5,5,5,2,5,5,5,5,5,5,5,5,5,5,3,3,5,5,5,5,4,4,4,4,4,4,4,4,2,2,2,2,2,2,2,2","0.000655174255371094","louvain","edit-xhwikibooks.graphml"
"0.21","0.35","0.44","0.402598687728135","1,1,1,2,3,2,3,2,2,2,3,3,2,2,2,2,2,3,4,3,5,1,2,2,2,2,2,2,1,2,3,4,3,3,4,4,2,2,5,5,5,5,1,1,1,1,5,1,1,1,5,5,5,5,5,1,1,1,1,5,2,5,5,2,2,5,5,5,5,5,1,5,2,2,5,5,5,5,5,5,5,2,2,2,2,1,5,5,5,5,2,3,4,5,5,5,2,5,5,5,5,5,5,5,5,5,5,3,3,5,5,5,5,4,4,4,4,4,4,4,4,2,2,2,2,2,2,2,2","0.00064396858215332","louvain","edit-xhwikibooks.graphml"
"0.2","0.36","0.44","0.402369548402451","1,1,1,2,3,2,3,2,2,2,3,3,2,2,2,2,2,3,4,3,5,1,2,2,2,2,2,2,1,2,3,4,3,3,4,4,2,2,5,5,5,5,1,1,1,1,5,1,1,1,5,5,5,5,5,1,1,1,1,5,2,5,5,2,2,5,5,5,5,5,1,5,2,2,5,5,5,5,5,5,5,2,2,2,2,1,5,5,5,5,2,3,4,5,5,5,2,5,5,5,5,5,5,5,5,5,5,3,3,5,5,5,5,4,4,4,4,4,4,4,4,2,2,2,2,2,2,2,2","0.000631809234619141","louvain","edit-xhwikibooks.graphml"
"0.19","0.37","0.44","0.402369548402451","1,1,1,2,3,2,3,2,2,2,3,3,2,2,2,2,2,3,4,3,5,1,2,2,2,2,2,2,1,2,3,4,3,3,4,4,2,2,5,5,5,5,1,1,1,1,5,1,1,1,5,5,5,5,5,1,1,1,1,5,2,5,5,2,2,5,5,5,5,5,1,5,2,2,5,5,5,5,5,5,5,2,2,2,2,1,5,5,5,5,2,3,4,5,5,5,2,5,5,5,5,5,5,5,5,5,5,3,3,5,5,5,5,4,4,4,4,4,4,4,4,2,2,2,2,2,2,2,2","0.000642061233520508","louvain","edit-xhwikibooks.graphml"
"0.18","0.38","0.44","0.402140649260608","1,1,1,2,3,2,3,2,2,2,3,3,2,2,2,2,2,3,4,3,5,1,2,2,2,2,2,2,1,2,3,4,3,3,4,4,2,2,5,5,5,5,1,1,1,1,5,1,1,1,5,5,5,5,5,1,1,1,1,5,2,5,5,2,2,5,5,5,5,5,1,5,2,2,5,5,5,5,5,5,5,2,2,2,2,1,5,5,5,5,2,3,4,5,5,5,2,5,5,5,5,5,5,5,5,5,5,3,3,5,5,5,5,4,4,4,4,4,4,4,4,2,2,2,2,2,2,2,2","0.000646114349365234","louvain","edit-xhwikibooks.graphml"
"0.17","0.39","0.44","0.402884511482746","1,1,1,2,3,2,3,2,2,2,3,3,2,2,2,2,2,3,4,3,5,1,2,2,2,2,2,2,1,2,3,4,3,3,4,4,2,2,5,5,5,5,1,1,1,1,5,1,1,1,5,5,5,5,5,1,1,1,1,5,2,5,5,2,2,5,5,5,5,5,1,5,2,2,5,5,5,5,5,5,5,2,2,2,2,1,5,5,5,5,2,3,4,5,5,5,2,5,5,5,5,5,5,5,5,5,5,3,3,5,5,5,5,4,4,4,4,4,4,4,4,2,2,2,2,2,2,2,2","0.000685930252075195","louvain","edit-xhwikibooks.graphml"
"0.16","0.4","0.44","0.404055314801894","1,1,1,2,3,2,3,2,2,2,3,3,2,2,2,2,2,3,4,3,5,1,2,2,2,2,2,2,1,2,3,4,3,3,4,4,2,2,5,5,5,5,1,1,1,1,5,1,1,1,5,5,5,5,5,1,1,1,1,5,2,5,5,2,2,5,5,5,5,5,1,5,2,2,5,5,5,5,5,5,5,2,2,2,2,1,5,5,5,5,2,3,4,5,5,5,2,5,5,5,5,5,5,5,5,5,5,3,3,5,5,5,5,4,4,4,4,4,4,4,4,2,2,2,2,2,2,2,2","0.000715017318725586","louvain","edit-xhwikibooks.graphml"
"0.15","0.41","0.44","0.401911989982393","1,1,1,2,3,2,3,2,2,2,3,3,2,2,2,2,2,3,4,3,5,1,2,2,2,2,2,2,1,2,3,4,3,3,4,4,2,2,5,5,5,5,1,1,1,1,5,1,1,1,5,5,5,5,5,1,1,1,1,5,2,5,5,2,2,5,5,5,5,5,1,5,2,2,5,5,5,5,5,5,5,2,2,2,2,1,5,5,5,5,2,3,4,5,5,5,2,5,5,5,5,5,5,5,5,5,5,3,3,5,5,5,5,4,4,4,4,4,4,4,4,2,2,2,2,2,2,2,2","0.000700950622558594","louvain","edit-xhwikibooks.graphml"
"0.14","0.42","0.44","0.401683570247934","1,1,1,2,3,2,3,2,2,2,3,3,2,2,2,2,2,3,4,3,5,1,2,2,2,2,2,2,1,2,3,4,3,3,4,4,2,2,5,5,5,5,1,1,1,1,5,1,1,1,5,5,5,5,5,1,1,1,1,5,2,5,5,2,2,5,5,5,5,5,1,5,2,2,5,5,5,5,5,5,5,2,2,2,2,1,5,5,5,5,2,3,4,5,5,5,2,5,5,5,5,5,5,5,5,5,5,3,3,5,5,5,5,4,4,4,4,4,4,4,4,2,2,2,2,2,2,2,2","0.000631809234619141","louvain","edit-xhwikibooks.graphml"
"0.13","0.43","0.44","0.403128162693572","1,1,1,2,3,2,3,2,2,2,3,3,2,2,2,2,2,3,4,3,5,1,2,2,2,2,2,2,1,2,3,4,3,3,4,4,2,2,5,5,5,5,1,1,1,1,5,1,1,1,5,5,5,5,5,1,1,1,1,5,2,5,5,2,2,5,5,5,5,5,1,5,2,2,5,5,5,5,5,5,5,2,2,2,2,1,5,5,5,5,2,3,4,5,5,5,2,5,5,5,5,5,5,5,5,5,5,3,3,5,5,5,5,4,4,4,4,4,4,4,4,2,2,2,2,2,2,2,2","0.000587940216064453","louvain","edit-xhwikibooks.graphml"
"0.12","0.44","0.44","0.402899808519109","1,1,1,2,3,2,3,2,2,2,3,3,2,2,2,2,2,3,4,3,5,1,2,2,2,2,2,2,1,2,3,4,3,3,4,4,2,2,5,5,5,5,1,1,1,1,5,1,1,1,5,5,5,5,5,1,1,1,1,5,2,5,5,2,2,5,5,5,5,5,1,5,2,2,5,5,5,5,5,5,5,2,2,2,2,1,5,5,5,5,2,3,4,5,5,5,2,5,5,5,5,5,5,5,5,5,5,3,3,5,5,5,5,4,4,4,4,4,4,4,4,2,2,2,2,2,2,2,2","0.000620841979980469","louvain","edit-xhwikibooks.graphml"
"0.11","0.45","0.44","0.401092815417962","1,1,1,2,3,2,3,2,2,2,3,3,2,2,2,2,2,3,4,3,5,1,2,2,2,2,2,2,1,2,3,4,3,3,4,4,2,2,5,5,5,5,1,1,1,1,5,1,1,1,5,5,5,5,5,1,1,1,1,5,6,5,5,2,2,5,5,5,5,5,1,5,2,2,5,5,5,5,5,5,5,2,2,2,2,7,5,5,5,5,8,9,10,5,5,5,2,5,5,5,5,5,5,5,5,5,5,3,3,5,5,5,5,4,4,4,4,4,4,4,4,2,2,2,2,2,2,2,2","0.000756025314331055","louvain","edit-xhwikibooks.graphml"
"0.1","0.46","0.44","0.40086452892562","1,1,1,2,3,2,3,2,2,2,3,3,2,2,2,2,2,3,4,3,5,1,2,2,2,2,2,2,1,2,3,4,3,3,4,4,2,2,5,5,5,5,1,1,1,1,5,1,1,1,5,5,5,5,5,1,1,1,1,5,6,5,5,2,2,5,5,5,5,5,1,5,2,2,5,5,5,5,5,5,5,2,2,2,2,7,5,5,5,5,8,9,10,5,5,5,2,5,5,5,5,5,5,5,5,5,5,3,3,5,5,5,5,4,4,4,4,4,4,4,4,2,2,2,2,2,2,2,2","0.000826835632324219","louvain","edit-xhwikibooks.graphml"
"0.09","0.47","0.44","0.396510254698486","1,1,1,2,3,2,3,4,4,2,3,3,4,4,4,2,2,3,4,3,5,1,4,4,4,4,4,2,1,2,3,4,3,3,4,4,6,4,5,5,5,5,1,1,1,1,5,1,1,1,5,5,5,5,5,1,1,1,1,5,7,5,5,4,4,5,5,5,5,5,1,5,4,4,5,5,5,5,5,5,5,4,2,2,2,8,5,5,5,5,9,10,11,5,5,5,2,5,5,5,5,5,5,5,5,5,5,3,3,5,5,5,5,4,4,4,4,4,4,4,4,6,6,6,6,6,6,6,6","0.000662088394165039","louvain","edit-xhwikibooks.graphml"
"0.08","0.48","0.44","0.40138223717901","1,1,1,2,3,2,3,2,2,2,3,3,2,2,2,2,2,3,4,3,5,1,2,2,2,2,2,2,1,2,3,4,3,3,4,4,2,2,5,5,5,5,1,1,1,1,5,1,1,1,5,5,5,5,5,1,1,1,1,5,6,5,5,2,2,5,5,5,5,5,1,5,2,2,5,5,5,5,5,5,5,2,2,2,2,7,5,5,5,5,8,9,10,5,5,5,2,5,5,5,5,5,5,5,5,5,5,3,3,5,5,5,5,4,4,4,4,4,4,4,4,2,2,2,2,2,2,2,2","0.000673055648803711","louvain","edit-xhwikibooks.graphml"
"0.07","0.49","0.44","0.396287383400602","1,1,1,2,3,2,3,4,4,2,3,3,4,4,4,2,2,3,4,3,5,1,4,4,4,4,4,2,1,2,3,4,3,3,4,4,6,4,5,5,5,5,1,1,1,1,5,1,1,1,5,5,5,5,5,1,1,1,1,5,7,5,5,4,4,5,5,5,5,5,1,5,4,4,5,5,5,5,5,5,5,4,2,2,2,8,5,5,5,5,9,10,11,5,5,5,2,5,5,5,5,5,5,5,5,5,5,3,3,5,5,5,5,4,4,4,4,4,4,4,4,6,6,6,6,6,6,6,6","0.000599145889282227","louvain","edit-xhwikibooks.graphml"
"0.06","0.5","0.44","0.431057018402796","1,1,1,2,3,2,3,2,2,2,3,3,2,2,2,2,2,3,4,3,5,1,2,2,2,2,2,2,1,2,3,4,3,3,4,4,2,2,5,5,5,5,1,1,1,1,5,1,1,1,5,5,5,5,5,1,1,1,1,5,6,5,5,2,2,5,5,5,5,5,1,5,2,2,5,5,5,5,5,5,5,2,2,2,2,7,5,5,5,5,8,9,10,5,5,5,2,5,5,5,5,5,5,5,5,5,5,3,3,5,5,5,5,4,4,4,4,4,4,4,4,2,2,2,2,2,2,2,2","0.000658988952636719","louvain","edit-xhwikibooks.graphml"
"0.05","0.51","0.44","0.431057018402796","1,1,1,2,3,2,3,2,2,2,3,3,2,2,2,2,2,3,4,3,5,1,2,2,2,2,2,2,1,2,3,4,3,3,4,4,2,2,5,5,5,5,1,1,1,1,5,1,1,1,5,5,5,5,5,1,1,1,1,5,6,5,5,2,2,5,5,5,5,5,1,5,2,2,5,5,5,5,5,5,5,2,2,2,2,7,5,5,5,5,8,9,10,5,5,5,2,5,5,5,5,5,5,5,5,5,5,3,3,5,5,5,5,4,4,4,4,4,4,4,4,2,2,2,2,2,2,2,2","0.00068211555480957","louvain","edit-xhwikibooks.graphml"
"0.04","0.52","0.44","0.432416351707486","1,1,1,2,3,2,3,2,2,2,3,3,2,2,2,2,2,3,4,3,5,1,2,2,2,2,2,2,1,2,3,4,3,3,4,4,2,2,5,5,5,5,1,1,1,1,5,1,1,1,5,5,5,5,5,1,1,1,1,5,6,5,5,2,2,5,5,5,5,5,1,5,2,2,5,5,5,5,5,5,5,2,2,2,2,7,5,5,5,5,8,9,10,5,5,5,2,5,5,5,5,5,5,5,5,5,5,3,3,5,5,5,5,4,4,4,4,4,4,4,4,2,2,2,2,2,2,2,2","0.000717878341674805","louvain","edit-xhwikibooks.graphml"
"0.03","0.53","0.44","0.423790867834587","1,1,1,2,3,2,3,2,2,2,3,3,2,2,2,2,2,3,4,3,5,1,2,2,2,2,2,2,1,2,3,4,3,3,4,4,2,2,5,5,5,5,1,1,1,1,5,1,1,1,5,5,5,5,5,1,1,1,1,5,6,5,5,2,2,5,5,5,5,5,1,5,2,2,5,5,5,5,5,5,5,2,2,2,2,7,5,5,5,5,8,9,10,5,5,5,2,5,5,5,5,5,5,5,5,5,5,3,3,5,5,5,5,4,4,4,4,4,4,4,4,2,2,2,2,2,2,2,2","0.000625133514404297","louvain","edit-xhwikibooks.graphml"
"0.02","0.54","0.44","0.424483952220033","1,1,1,2,3,2,3,2,2,2,3,3,2,2,2,2,2,3,4,3,5,1,2,2,2,2,2,2,1,2,3,4,3,3,4,4,2,2,5,5,5,5,1,1,1,1,5,1,1,1,5,5,5,5,5,1,1,1,1,5,6,5,5,2,2,5,5,5,5,5,1,5,2,2,5,5,5,5,5,5,5,2,2,2,2,7,5,5,5,5,8,9,10,5,5,5,2,5,5,5,5,5,5,5,5,5,5,3,3,5,5,5,5,4,4,4,4,4,4,4,4,2,2,2,2,2,2,2,2","0.000686168670654297","louvain","edit-xhwikibooks.graphml"
"0.01","0.55","0.44","0.424253374519105","1,1,1,2,3,2,3,2,2,2,3,3,2,2,2,2,2,3,4,3,5,1,2,2,2,2,2,2,1,2,3,4,3,3,4,4,2,2,5,5,5,5,1,1,1,1,5,1,1,1,5,5,5,5,5,1,1,1,1,5,6,5,5,2,2,5,5,5,5,5,1,5,2,2,5,5,5,5,5,5,5,2,2,2,2,7,5,5,5,5,8,9,10,5,5,5,2,5,5,5,5,5,5,5,5,5,5,3,3,5,5,5,5,4,4,4,4,4,4,4,4,2,2,2,2,2,2,2,2","0.000635862350463867","louvain","edit-xhwikibooks.graphml"
"0","0.56","0.44","0.427577954585074","1,1,1,2,1,2,3,2,2,2,3,3,2,2,2,2,2,3,4,3,5,1,2,2,2,2,2,2,1,2,3,4,3,3,4,4,2,2,5,5,5,5,1,1,1,1,5,1,1,1,5,5,5,5,5,1,1,1,1,5,6,5,5,2,2,5,5,5,5,5,1,5,2,2,5,5,5,5,5,5,5,2,2,2,2,7,5,5,5,5,8,9,10,5,5,5,2,5,5,5,5,5,5,5,5,5,5,3,3,5,5,5,5,4,4,4,4,4,4,4,4,2,2,2,2,2,2,2,2","0.000707149505615234","louvain","edit-xhwikibooks.graphml"
"0.55","0","0.45","0.403803058002988","1,1,1,2,1,2,1,2,2,2,3,1,2,2,2,2,2,3,3,1,4,1,2,2,2,2,2,2,1,2,3,3,1,1,3,3,2,2,4,4,4,4,1,1,1,1,4,1,1,1,4,4,4,4,4,1,1,1,1,4,2,4,4,2,2,4,4,4,4,4,1,4,2,2,4,4,4,4,4,4,4,2,2,2,2,1,4,4,4,4,2,3,3,4,4,4,2,4,4,4,4,4,4,4,4,4,4,1,1,4,4,4,4,3,3,3,3,3,3,3,3,2,2,2,2,2,2,2,2","0.00072789192199707","louvain","edit-xhwikibooks.graphml"
"0.54","0.01","0.45","0.404719394606122","1,1,2,3,2,3,2,3,3,3,2,2,3,3,3,3,3,2,4,2,5,1,3,3,3,3,3,3,1,3,2,4,2,2,4,4,3,3,5,5,5,5,1,1,1,1,5,1,1,1,5,5,5,5,5,1,1,1,1,5,3,5,5,3,3,5,5,5,5,5,1,5,3,3,5,5,5,5,5,5,5,3,3,3,3,1,5,5,5,5,3,2,4,5,5,5,3,5,5,5,5,5,5,5,5,5,5,2,2,5,5,5,5,4,4,4,4,4,4,4,4,3,3,3,3,3,3,3,3","0.00131797790527344","louvain","edit-xhwikibooks.graphml"
"0.53","0.02","0.45","0.404194210642535","1,1,2,3,2,3,2,3,3,3,4,2,3,3,3,3,3,4,4,2,5,1,3,3,3,3,3,3,1,3,4,4,2,2,4,4,3,3,5,5,5,5,1,1,1,1,5,1,1,1,5,5,5,5,5,1,1,1,1,5,3,5,5,3,3,5,5,5,5,5,1,5,3,3,5,5,5,5,5,5,5,3,3,3,3,1,5,5,5,5,3,4,4,5,5,5,3,5,5,5,5,5,5,5,5,5,5,2,2,5,5,5,5,4,4,4,4,4,4,4,4,3,3,3,3,3,3,3,3","0.00101280212402344","louvain","edit-xhwikibooks.graphml"
"0.52","0.03","0.45","0.404497306016555","1,1,2,3,2,3,2,3,3,3,2,2,3,3,3,3,3,2,4,2,5,1,3,3,3,3,3,3,1,3,2,4,2,2,4,4,3,3,5,5,5,5,1,1,1,1,5,1,1,1,5,5,5,5,5,1,1,1,1,5,3,5,5,3,3,5,5,5,5,5,1,5,3,3,5,5,5,5,5,5,5,3,3,3,3,1,5,5,5,5,3,2,4,5,5,5,3,5,5,5,5,5,5,5,5,5,5,2,2,5,5,5,5,4,4,4,4,4,4,4,4,3,3,3,3,3,3,3,3","0.000738859176635742","louvain","edit-xhwikibooks.graphml"
"0.51","0.04","0.45","0.403972862009147","1,1,2,3,2,3,2,3,3,3,4,2,3,3,3,3,3,4,4,2,5,1,3,3,3,3,3,3,1,3,4,4,2,2,4,4,3,3,5,5,5,5,1,1,1,1,5,1,1,1,5,5,5,5,5,1,1,1,1,5,3,5,5,3,3,5,5,5,5,5,1,5,3,3,5,5,5,5,5,5,5,3,3,3,3,1,5,5,5,5,3,4,4,5,5,5,3,5,5,5,5,5,5,5,5,5,5,2,2,5,5,5,5,4,4,4,4,4,4,4,4,3,3,3,3,3,3,3,3","0.000741958618164062","louvain","edit-xhwikibooks.graphml"
"0.5","0.05","0.45","0.403363667923031","1,1,1,2,1,2,1,2,2,2,3,1,2,2,2,2,2,3,3,1,4,1,2,2,2,2,2,2,1,2,3,3,1,1,3,3,2,2,4,4,4,4,1,1,1,1,4,1,1,1,4,4,4,4,4,1,1,1,1,4,2,4,4,2,2,4,4,4,4,4,1,4,2,2,4,4,4,4,4,4,4,2,2,2,2,1,4,4,4,4,2,3,3,4,4,4,2,4,4,4,4,4,4,4,4,4,4,1,1,4,4,4,4,3,3,3,3,3,3,3,3,2,2,2,2,2,2,2,2","0.000752925872802734","louvain","edit-xhwikibooks.graphml"
"0.49","0.06","0.45","0.403594924613657","1,1,2,3,2,3,2,3,3,3,2,2,3,3,3,3,3,2,4,2,5,1,3,3,3,3,3,3,1,3,2,4,2,2,4,4,3,3,5,5,5,5,1,1,1,1,5,1,1,1,5,5,5,5,5,1,1,1,1,5,3,5,5,3,3,5,5,5,5,5,1,5,3,3,5,5,5,5,5,5,5,3,3,3,3,1,5,5,5,5,3,2,4,5,5,5,3,5,5,5,5,5,5,5,5,5,5,2,2,5,5,5,5,4,4,4,4,4,4,4,4,3,3,3,3,3,3,3,3","0.00066685676574707","louvain","edit-xhwikibooks.graphml"
"0.48","0.07","0.45","0.402849633009324","1,1,2,3,2,3,2,3,3,3,4,2,3,3,3,3,3,4,4,2,5,1,3,3,3,3,3,3,1,3,4,4,2,2,4,4,3,3,5,5,5,5,1,1,1,1,5,1,1,1,5,5,5,5,5,1,1,1,1,5,3,5,5,3,3,5,5,5,5,5,1,5,3,3,5,5,5,5,5,5,5,3,3,3,3,1,5,5,5,5,3,4,4,5,5,5,3,5,5,5,5,5,5,5,5,5,5,2,2,5,5,5,5,4,4,4,4,4,4,4,4,3,3,3,3,3,3,3,3","0.000725984573364258","louvain","edit-xhwikibooks.graphml"
"0.47","0.08","0.45","0.404088466904149","1,1,2,3,2,3,2,3,3,3,2,2,3,3,3,3,3,2,4,2,5,1,3,3,3,3,3,3,1,3,2,4,2,2,4,4,3,3,5,5,5,5,1,1,1,1,5,1,1,1,5,5,5,5,5,1,1,1,1,5,3,5,5,3,3,5,5,5,5,5,1,5,3,3,5,5,5,5,5,5,5,3,3,3,3,1,5,5,5,5,3,2,4,5,5,5,3,5,5,5,5,5,5,5,5,5,5,2,2,5,5,5,5,4,4,4,4,4,4,4,4,3,3,3,3,3,3,3,3","0.000721931457519531","louvain","edit-xhwikibooks.graphml"
"0.46","0.09","0.45","0.4038670005796","1,1,2,3,2,3,2,3,3,3,2,2,3,3,3,3,3,2,4,2,5,1,3,3,3,3,3,3,1,3,2,4,2,2,4,4,3,3,5,5,5,5,1,1,1,1,5,1,1,1,5,5,5,5,5,1,1,1,1,5,3,5,5,3,3,5,5,5,5,5,1,5,3,3,5,5,5,5,5,5,5,3,3,3,3,1,5,5,5,5,3,2,4,5,5,5,3,5,5,5,5,5,5,5,5,5,5,2,2,5,5,5,5,4,4,4,4,4,4,4,4,3,3,3,3,3,3,3,3","0.000728130340576172","louvain","edit-xhwikibooks.graphml"
"0.45","0.1","0.45","0.404058117593259","1,1,2,3,2,3,2,3,3,3,4,2,3,3,3,3,3,4,4,2,5,1,3,3,3,3,3,3,1,3,4,4,2,2,4,4,3,3,5,5,5,5,1,1,1,1,5,1,1,1,5,5,5,5,5,1,1,1,1,5,3,5,5,3,3,5,5,5,5,5,1,5,3,3,5,5,5,5,5,5,5,3,3,3,3,1,5,5,5,5,3,4,4,5,5,5,3,5,5,5,5,5,5,5,5,5,5,2,2,5,5,5,5,4,4,4,4,4,4,4,4,3,3,3,3,3,3,3,3","0.000678062438964844","louvain","edit-xhwikibooks.graphml"
"0.44","0.11","0.45","0.40506839027393","1,1,2,3,2,3,2,3,3,3,2,2,3,3,3,3,3,2,4,2,5,1,3,3,3,3,3,3,1,3,2,4,2,2,4,4,3,3,5,5,5,5,1,1,1,1,5,1,1,1,5,5,5,5,5,1,1,1,1,5,3,5,5,3,3,5,5,5,5,5,1,5,3,3,5,5,5,5,5,5,5,3,3,3,3,1,5,5,5,5,3,2,4,5,5,5,3,5,5,5,5,5,5,5,5,5,5,2,2,5,5,5,5,4,4,4,4,4,4,4,4,3,3,3,3,3,3,3,3","0.000803947448730469","louvain","edit-xhwikibooks.graphml"
"0.43","0.12","0.45","0.405927529392353","1,1,2,3,2,3,2,3,3,3,4,2,3,3,3,3,3,4,4,2,5,1,3,3,3,3,3,3,1,3,4,4,2,2,4,4,3,3,5,5,5,5,1,1,1,1,5,1,1,1,5,5,5,5,5,1,1,1,1,5,3,5,5,3,3,5,5,5,5,5,1,5,3,3,5,5,5,5,5,5,5,3,3,3,3,1,5,5,5,5,3,4,4,5,5,5,3,5,5,5,5,5,5,5,5,5,5,2,2,5,5,5,5,4,4,4,4,4,4,4,4,3,3,3,3,3,3,3,3","0.00068211555480957","louvain","edit-xhwikibooks.graphml"
"0.42","0.13","0.45","0.406230629506705","1,1,2,3,2,3,2,3,3,3,2,2,3,3,3,3,3,2,4,2,5,1,3,3,3,3,3,3,1,3,2,4,2,2,4,4,3,3,5,5,5,5,1,1,1,1,5,1,1,1,5,5,5,5,5,1,1,1,1,5,3,5,5,3,3,5,5,5,5,5,1,5,3,3,5,5,5,5,5,5,5,3,3,3,3,1,5,5,5,5,3,2,4,5,5,5,3,5,5,5,5,5,5,5,5,5,5,2,2,5,5,5,5,4,4,4,4,4,4,4,4,3,3,3,3,3,3,3,3","0.000669002532958984","louvain","edit-xhwikibooks.graphml"
"0.41","0.14","0.45","0.406230629506705","1,1,2,3,2,3,2,3,3,3,2,2,3,3,3,3,3,2,4,2,5,1,3,3,3,3,3,3,1,3,2,4,2,2,4,4,3,3,5,5,5,5,1,1,1,1,5,1,1,1,5,5,5,5,5,1,1,1,1,5,3,5,5,3,3,5,5,5,5,5,1,5,3,3,5,5,5,5,5,5,5,3,3,3,3,1,5,5,5,5,3,2,4,5,5,5,3,5,5,5,5,5,5,5,5,5,5,2,2,5,5,5,5,4,4,4,4,4,4,4,4,3,3,3,3,3,3,3,3","0.000726938247680664","louvain","edit-xhwikibooks.graphml"
"0.4","0.15","0.45","0.407385432186666","1,1,2,3,2,3,2,3,3,3,2,2,3,3,3,3,3,2,4,2,5,1,3,3,3,3,3,3,1,3,2,4,2,2,4,4,3,3,5,5,5,5,1,1,1,1,5,1,1,1,5,5,5,5,5,1,1,1,1,5,3,5,5,3,3,5,5,5,5,5,1,5,3,3,5,5,5,5,5,5,5,3,3,3,3,1,5,5,5,5,3,2,4,5,5,5,3,5,5,5,5,5,5,5,5,5,5,2,2,5,5,5,5,4,4,4,4,4,4,4,4,3,3,3,3,3,3,3,3","0.000668048858642578","louvain","edit-xhwikibooks.graphml"
"0.39","0.16","0.45","0.415412341014616","1,1,1,2,1,2,3,2,2,2,3,3,2,2,2,2,2,3,3,3,4,1,2,2,2,2,2,2,1,2,3,3,3,3,3,3,2,2,4,4,4,4,1,1,1,1,4,1,1,1,4,4,4,4,4,1,1,1,1,4,2,4,4,2,2,4,4,4,4,4,1,4,2,2,4,4,4,4,4,4,4,2,2,2,2,1,4,4,4,4,2,3,3,4,4,4,2,4,4,4,4,4,4,4,4,4,4,3,3,4,4,4,4,3,3,3,3,3,3,3,3,2,2,2,2,2,2,2,2","0.000654935836791992","louvain","edit-xhwikibooks.graphml"
"0.38","0.17","0.45","0.416987652026463","1,1,2,3,2,3,2,3,3,3,2,2,3,3,3,3,3,2,4,2,5,1,3,3,3,3,3,3,1,3,2,4,2,2,4,4,3,3,5,5,5,5,1,1,1,1,5,1,1,1,5,5,5,5,5,1,1,1,1,5,3,5,5,3,3,5,5,5,5,5,1,5,3,3,5,5,5,5,5,5,5,3,3,3,3,1,5,5,5,5,3,2,4,5,5,5,3,5,5,5,5,5,5,5,5,5,5,2,2,5,5,5,5,4,4,4,4,4,4,4,4,3,3,3,3,3,3,3,3","0.000661849975585938","louvain","edit-xhwikibooks.graphml"
"0.37","0.18","0.45","0.416987652026463","1,1,2,3,2,3,2,3,3,3,2,2,3,3,3,3,3,2,4,2,5,1,3,3,3,3,3,3,1,3,2,4,2,2,4,4,3,3,5,5,5,5,1,1,1,1,5,1,1,1,5,5,5,5,5,1,1,1,1,5,3,5,5,3,3,5,5,5,5,5,1,5,3,3,5,5,5,5,5,5,5,3,3,3,3,1,5,5,5,5,3,2,4,5,5,5,3,5,5,5,5,5,5,5,5,5,5,2,2,5,5,5,5,4,4,4,4,4,4,4,4,3,3,3,3,3,3,3,3","0.000694990158081055","louvain","edit-xhwikibooks.graphml"
"0.36","0.19","0.45","0.417550322853353","1,1,2,3,2,3,2,3,3,3,2,2,3,3,3,3,3,2,4,2,5,1,3,3,3,3,3,3,1,3,2,4,2,2,4,4,3,3,5,5,5,5,1,1,1,1,5,1,1,1,5,5,5,5,5,1,1,1,1,5,3,5,5,3,3,5,5,5,5,5,1,5,3,3,5,5,5,5,5,5,5,3,3,3,3,1,5,5,5,5,3,2,4,5,5,5,3,5,5,5,5,5,5,5,5,5,5,2,2,5,5,5,5,4,4,4,4,4,4,4,4,3,3,3,3,3,3,3,3","0.000629901885986328","louvain","edit-xhwikibooks.graphml"
"0.35","0.2","0.45","0.418897518042671","1,1,2,3,2,3,2,3,3,3,2,2,3,3,3,3,3,2,4,2,5,1,3,3,3,3,3,3,1,3,2,4,2,2,4,4,3,3,5,5,5,5,1,1,1,1,5,1,1,1,5,5,5,5,5,1,1,1,1,5,3,5,5,3,3,5,5,5,5,5,1,5,3,3,5,5,5,5,5,5,5,3,3,3,3,1,5,5,5,5,3,2,4,5,5,5,3,5,5,5,5,5,5,5,5,5,5,2,2,5,5,5,5,4,4,4,4,4,4,4,4,3,3,3,3,3,3,3,3","0.000684022903442383","louvain","edit-xhwikibooks.graphml"
"0.34","0.21","0.45","0.417399498791618","1,1,2,3,2,3,2,3,3,3,4,2,3,3,3,3,3,4,4,2,5,1,3,3,3,3,3,3,1,3,4,4,2,2,4,4,3,3,5,5,5,5,1,1,1,1,5,1,1,1,5,5,5,5,5,1,1,1,1,5,3,5,5,3,3,5,5,5,5,5,1,5,3,3,5,5,5,5,5,5,5,3,3,3,3,1,5,5,5,5,3,4,4,5,5,5,3,5,5,5,5,5,5,5,5,5,5,2,2,5,5,5,5,4,4,4,4,4,4,4,4,3,3,3,3,3,3,3,3","0.000612974166870117","louvain","edit-xhwikibooks.graphml"
"0.33","0.22","0.45","0.416566660299479","1,1,2,2,2,2,3,2,2,2,3,3,2,2,2,2,2,3,3,3,4,1,2,2,2,2,2,2,1,2,3,3,3,3,3,3,2,2,4,4,4,4,1,1,1,1,4,1,1,1,4,4,4,4,4,1,1,1,1,4,2,4,4,2,2,4,4,4,4,4,1,4,2,2,4,4,4,4,4,4,4,2,2,2,2,1,4,4,4,4,2,3,3,4,4,4,2,4,4,4,4,4,4,4,4,4,4,3,3,4,4,4,4,3,3,3,3,3,3,3,3,2,2,2,2,2,2,2,2","0.000741958618164062","louvain","edit-xhwikibooks.graphml"
"0.32","0.23","0.45","0.419101484794155","1,1,2,3,2,3,2,3,3,3,2,2,3,3,3,3,3,2,4,2,5,1,3,3,3,3,3,3,1,3,2,4,2,2,4,4,3,3,5,5,5,5,1,1,1,1,5,1,1,1,5,5,5,5,5,1,1,1,1,5,3,5,5,3,3,5,5,5,5,5,1,5,3,3,5,5,5,5,5,5,5,3,3,3,3,1,5,5,5,5,3,2,4,5,5,5,3,5,5,5,5,5,5,5,5,5,5,2,2,5,5,5,5,4,4,4,4,4,4,4,4,3,3,3,3,3,3,3,3","0.000670909881591797","louvain","edit-xhwikibooks.graphml"
"0.31","0.24","0.45","0.419804207540626","1,1,2,3,2,3,2,3,3,3,2,2,3,3,3,3,3,2,4,2,5,1,3,3,3,3,3,3,1,3,2,4,2,2,4,4,3,3,5,5,5,5,1,1,1,1,5,1,1,1,5,5,5,5,5,1,1,1,1,5,3,5,5,3,3,5,5,5,5,5,1,5,3,3,5,5,5,5,5,5,5,3,3,3,3,1,5,5,5,5,3,2,4,5,5,5,3,5,5,5,5,5,5,5,5,5,5,2,2,5,5,5,5,4,4,4,4,4,4,4,4,3,3,3,3,3,3,3,3","0.0379869937896729","louvain","edit-xhwikibooks.graphml"
"0.3","0.25","0.45","0.421564426810946","1,1,2,3,2,3,2,3,3,3,2,2,3,3,3,3,3,2,4,2,5,1,3,3,3,3,3,3,1,3,2,4,2,2,4,4,3,3,5,5,5,5,1,1,1,1,5,1,1,1,5,5,5,5,5,1,1,1,1,5,3,5,5,3,3,5,5,5,5,5,1,5,3,3,5,5,5,5,5,5,5,3,3,3,3,1,5,5,5,5,3,2,4,5,5,5,3,5,5,5,5,5,5,5,5,5,5,2,2,5,5,5,5,4,4,4,4,4,4,4,4,3,3,3,3,3,3,3,3","0.00153112411499023","louvain","edit-xhwikibooks.graphml"
"0.29","0.26","0.45","0.416342839397547","1,1,1,1,2,3,2,3,3,3,2,2,3,3,3,3,3,2,2,2,4,1,3,3,3,3,3,3,1,3,2,2,2,2,2,2,3,3,4,4,4,4,1,1,1,1,4,1,1,1,4,4,4,4,4,1,1,1,1,4,3,4,4,3,3,4,4,4,4,4,1,4,3,3,4,4,4,4,4,4,4,3,3,3,3,1,4,4,4,4,3,2,2,4,4,4,3,4,4,4,4,4,4,4,4,4,4,2,2,4,4,4,4,2,2,2,2,2,2,2,2,3,3,3,3,3,3,3,3","0.00156903266906738","louvain","edit-xhwikibooks.graphml"
"0.28","0.27","0.45","0.417205889964287","1,1,2,2,2,3,2,3,3,3,4,2,3,3,3,3,3,4,4,2,5,1,3,3,3,3,3,3,1,3,4,4,2,2,4,4,3,3,5,5,5,5,1,1,1,1,5,1,1,1,5,5,5,5,5,1,1,1,1,5,3,5,5,3,3,5,5,5,5,5,1,5,3,3,5,5,5,5,5,5,5,3,3,3,3,1,5,5,5,5,3,4,4,5,5,5,3,5,5,5,5,5,5,5,5,5,5,2,2,5,5,5,5,4,4,4,4,4,4,4,4,3,3,3,3,3,3,3,3","0.000722169876098633","louvain","edit-xhwikibooks.graphml"
"0.27","0.28","0.45","0.416975255842607","1,1,2,2,2,3,2,3,3,3,4,2,3,3,3,3,3,4,4,2,5,1,3,3,3,3,3,3,1,3,4,4,2,2,4,4,3,3,5,5,5,5,1,1,1,1,5,1,1,1,5,5,5,5,5,1,1,1,1,5,3,5,5,3,3,5,5,5,5,5,1,5,3,3,5,5,5,5,5,5,5,3,3,3,3,1,5,5,5,5,3,4,4,5,5,5,3,5,5,5,5,5,5,5,5,5,5,2,2,5,5,5,5,4,4,4,4,4,4,4,4,3,3,3,3,3,3,3,3","0.000756978988647461","louvain","edit-xhwikibooks.graphml"
"0.26","0.29","0.45","0.418344671774419","1,1,2,2,2,3,2,3,3,3,4,2,3,3,3,3,3,4,4,2,5,1,3,3,3,3,3,3,1,3,4,4,2,2,4,4,3,3,5,5,5,5,1,1,1,1,5,1,1,1,5,5,5,5,5,1,1,1,1,5,3,5,5,3,3,5,5,5,5,5,1,5,3,3,5,5,5,5,5,5,5,3,3,3,3,1,5,5,5,5,3,4,4,5,5,5,3,5,5,5,5,5,5,5,5,5,5,2,2,5,5,5,5,4,4,4,4,4,4,4,4,3,3,3,3,3,3,3,3","0.000730037689208984","louvain","edit-xhwikibooks.graphml"
"0.25","0.3","0.45","0.418669940244005","1,1,2,2,2,3,2,3,3,3,2,2,3,3,3,3,3,2,4,2,5,1,3,3,3,3,3,3,1,3,2,4,2,2,4,4,3,3,5,5,5,5,1,1,1,1,5,1,1,1,5,5,5,5,5,1,1,1,1,5,3,5,5,3,3,5,5,5,5,5,1,5,3,3,5,5,5,5,5,5,5,3,3,3,3,1,5,5,5,5,3,2,4,5,5,5,3,5,5,5,5,5,5,5,5,5,5,2,2,5,5,5,5,4,4,4,4,4,4,4,4,3,3,3,3,3,3,3,3","0.000735044479370117","louvain","edit-xhwikibooks.graphml"
"0.24","0.31","0.45","0.415174302254524","1,1,2,2,2,3,2,3,3,3,2,2,3,3,3,3,3,2,4,2,5,1,3,3,3,3,3,3,1,3,2,4,2,2,4,4,3,3,5,5,5,5,1,1,1,1,5,1,1,1,5,5,5,5,5,1,1,1,1,5,3,5,5,3,3,5,5,5,5,5,1,5,3,3,5,5,5,5,5,5,5,3,3,3,3,1,5,5,5,5,3,2,4,5,5,5,3,5,5,5,5,5,5,5,5,5,5,2,2,5,5,5,5,4,4,4,4,4,4,4,4,3,3,3,3,3,3,3,3","0.000751018524169922","louvain","edit-xhwikibooks.graphml"
"0.23","0.32","0.45","0.414943584700585","1,1,2,2,2,3,2,3,3,3,2,2,3,3,3,3,3,2,4,2,5,1,3,3,3,3,3,3,1,3,2,4,2,2,4,4,3,3,5,5,5,5,1,1,1,1,5,1,1,1,5,5,5,5,5,1,1,1,1,5,3,5,5,3,3,5,5,5,5,5,1,5,3,3,5,5,5,5,5,5,5,3,3,3,3,1,5,5,5,5,3,2,4,5,5,5,3,5,5,5,5,5,5,5,5,5,5,2,2,5,5,5,5,4,4,4,4,4,4,4,4,3,3,3,3,3,3,3,3","0.000790834426879883","louvain","edit-xhwikibooks.graphml"
"0.22","0.33","0.45","0.414943584700585","1,1,2,2,2,3,2,3,3,3,2,2,3,3,3,3,3,2,4,2,5,1,3,3,3,3,3,3,1,3,2,4,2,2,4,4,3,3,5,5,5,5,1,1,1,1,5,1,1,1,5,5,5,5,5,1,1,1,1,5,3,5,5,3,3,5,5,5,5,5,1,5,3,3,5,5,5,5,5,5,5,3,3,3,3,1,5,5,5,5,3,2,4,5,5,5,3,5,5,5,5,5,5,5,5,5,5,2,2,5,5,5,5,4,4,4,4,4,4,4,4,3,3,3,3,3,3,3,3","0.00067901611328125","louvain","edit-xhwikibooks.graphml"
"0.21","0.34","0.45","0.424594166740543","1,1,2,2,2,3,2,3,3,3,2,2,3,3,3,3,3,2,4,2,5,1,3,3,3,3,3,3,1,3,2,4,2,2,4,4,3,3,5,5,5,5,1,1,1,1,5,1,1,1,5,5,5,5,5,1,1,1,1,5,3,5,5,3,3,5,5,5,5,5,1,5,3,3,5,5,5,5,5,5,5,3,3,3,3,1,5,5,5,5,3,2,4,5,5,5,3,5,5,5,5,5,5,5,5,5,5,2,2,5,5,5,5,4,4,4,4,4,4,4,4,3,3,3,3,3,3,3,3","0.000715970993041992","louvain","edit-xhwikibooks.graphml"
"0.2","0.35","0.45","0.422874077076025","1,1,1,1,1,2,3,2,2,2,3,3,2,2,2,2,2,3,3,3,4,1,2,2,2,2,2,2,1,2,3,3,3,3,3,3,2,2,4,4,4,4,1,1,1,1,4,1,1,1,4,4,4,4,4,1,1,1,1,4,2,4,4,2,2,4,4,4,4,4,1,4,2,2,4,4,4,4,4,4,4,2,2,2,2,1,4,4,4,4,2,3,3,4,4,4,2,4,4,4,4,4,4,4,4,4,4,3,3,4,4,4,4,3,3,3,3,3,3,3,3,2,2,2,2,2,2,2,2","0.000644922256469727","louvain","edit-xhwikibooks.graphml"
"0.19","0.36","0.45","0.41518472758951","1,1,1,2,3,2,3,2,2,2,3,3,2,2,2,2,2,3,4,3,5,1,2,2,2,2,2,2,1,2,3,4,3,3,4,4,2,2,5,5,5,5,1,1,1,1,5,1,1,1,5,5,5,5,5,1,1,1,1,5,2,5,5,2,2,5,5,5,5,5,1,5,2,2,5,5,5,5,5,5,5,2,2,2,2,1,5,5,5,5,2,3,4,5,5,5,2,5,5,5,5,5,5,5,5,5,5,3,3,5,5,5,5,4,4,4,4,4,4,4,4,2,2,2,2,2,2,2,2","0.000612974166870117","louvain","edit-xhwikibooks.graphml"
"0.18","0.37","0.45","0.41518472758951","1,1,1,2,3,2,3,2,2,2,3,3,2,2,2,2,2,3,4,3,5,1,2,2,2,2,2,2,1,2,3,4,3,3,4,4,2,2,5,5,5,5,1,1,1,1,5,1,1,1,5,5,5,5,5,1,1,1,1,5,2,5,5,2,2,5,5,5,5,5,1,5,2,2,5,5,5,5,5,5,5,2,2,2,2,1,5,5,5,5,2,3,4,5,5,5,2,5,5,5,5,5,5,5,5,5,5,3,3,5,5,5,5,4,4,4,4,4,4,4,4,2,2,2,2,2,2,2,2","0.000604867935180664","louvain","edit-xhwikibooks.graphml"
"0.17","0.38","0.45","0.414954734703154","1,1,1,2,3,2,3,2,2,2,3,3,2,2,2,2,2,3,4,3,5,1,2,2,2,2,2,2,1,2,3,4,3,3,4,4,2,2,5,5,5,5,1,1,1,1,5,1,1,1,5,5,5,5,5,1,1,1,1,5,2,5,5,2,2,5,5,5,5,5,1,5,2,2,5,5,5,5,5,5,5,2,2,2,2,1,5,5,5,5,2,3,4,5,5,5,2,5,5,5,5,5,5,5,5,5,5,3,3,5,5,5,5,4,4,4,4,4,4,4,4,2,2,2,2,2,2,2,2","0.000624895095825195","louvain","edit-xhwikibooks.graphml"
"0.16","0.39","0.45","0.415658468657435","1,1,1,2,3,2,3,2,2,2,3,3,2,2,2,2,2,3,4,3,5,1,2,2,2,2,2,2,1,2,3,4,3,3,4,4,2,2,5,5,5,5,1,1,1,1,5,1,1,1,5,5,5,5,5,1,1,1,1,5,2,5,5,2,2,5,5,5,5,5,1,5,2,2,5,5,5,5,5,5,5,2,2,2,2,1,5,5,5,5,2,3,4,5,5,5,2,5,5,5,5,5,5,5,5,5,5,3,3,5,5,5,5,4,4,4,4,4,4,4,4,2,2,2,2,2,2,2,2","0.000662088394165039","louvain","edit-xhwikibooks.graphml"
"0.15","0.4","0.45","0.416132278545549","1,1,1,2,3,2,3,2,2,2,3,3,2,2,2,2,2,3,3,3,4,1,2,2,2,2,2,2,1,2,3,3,3,3,3,3,2,2,4,4,4,4,1,1,1,1,4,1,1,1,4,4,4,4,4,1,1,1,1,4,2,4,4,2,2,4,4,4,4,4,1,4,2,2,4,4,4,4,4,4,4,2,2,2,2,1,4,4,4,4,2,3,3,4,4,4,2,4,4,4,4,4,4,4,4,4,4,3,3,4,4,4,4,3,3,3,3,3,3,3,3,2,2,2,2,2,2,2,2","0.00063776969909668","louvain","edit-xhwikibooks.graphml"
"0.14","0.41","0.45","0.403826668716994","1,1,1,2,3,2,3,2,2,2,3,3,2,2,2,2,2,3,4,3,5,1,2,2,2,2,2,2,1,2,3,4,3,3,4,4,2,2,5,5,5,5,1,1,1,1,5,1,1,1,5,5,5,5,5,1,1,1,1,5,2,5,5,2,2,5,5,5,5,5,1,5,2,2,5,5,5,5,5,5,5,2,2,2,2,1,5,5,5,5,2,3,4,5,5,5,2,5,5,5,5,5,5,5,5,5,5,3,3,5,5,5,5,4,4,4,4,4,4,4,4,2,2,2,2,2,2,2,2","0.000693082809448242","louvain","edit-xhwikibooks.graphml"
"0.13","0.42","0.45","0.403598260660135","1,1,1,2,3,2,3,2,2,2,3,3,2,2,2,2,2,3,4,3,5,1,2,2,2,2,2,2,1,2,3,4,3,3,4,4,2,2,5,5,5,5,1,1,1,1,5,1,1,1,5,5,5,5,5,1,1,1,1,5,2,5,5,2,2,5,5,5,5,5,1,5,2,2,5,5,5,5,5,5,5,2,2,2,2,1,5,5,5,5,2,3,4,5,5,5,2,5,5,5,5,5,5,5,5,5,5,3,3,5,5,5,5,4,4,4,4,4,4,4,4,2,2,2,2,2,2,2,2","0.000689029693603516","louvain","edit-xhwikibooks.graphml"
"0.12","0.43","0.45","0.405030828545676","1,1,1,2,3,2,3,2,2,2,3,3,2,2,2,2,2,3,4,3,5,1,2,2,2,2,2,2,1,2,3,4,3,3,4,4,2,2,5,5,5,5,1,1,1,1,5,1,1,1,5,5,5,5,5,1,1,1,1,5,2,5,5,2,2,5,5,5,5,5,1,5,2,2,5,5,5,5,5,5,5,2,2,2,2,1,5,5,5,5,2,3,4,5,5,5,2,5,5,5,5,5,5,5,5,5,5,3,3,5,5,5,5,4,4,4,4,4,4,4,4,2,2,2,2,2,2,2,2","0.000668048858642578","louvain","edit-xhwikibooks.graphml"
"0.11","0.44","0.45","0.404802494758954","1,1,1,2,3,2,3,2,2,2,3,3,2,2,2,2,2,3,4,3,5,1,2,2,2,2,2,2,1,2,3,4,3,3,4,4,2,2,5,5,5,5,1,1,1,1,5,1,1,1,5,5,5,5,5,1,1,1,1,5,2,5,5,2,2,5,5,5,5,5,1,5,2,2,5,5,5,5,5,5,5,2,2,2,2,1,5,5,5,5,2,3,4,5,5,5,2,5,5,5,5,5,5,5,5,5,5,3,3,5,5,5,5,4,4,4,4,4,4,4,4,2,2,2,2,2,2,2,2","0.000694990158081055","louvain","edit-xhwikibooks.graphml"
"0.1","0.45","0.45","0.406227028968559","1,1,1,2,3,2,3,2,2,2,3,3,2,2,2,2,2,3,4,3,5,1,2,2,2,2,2,2,1,2,3,4,3,3,4,4,2,2,5,5,5,5,1,1,1,1,5,1,1,1,5,5,5,5,5,1,1,1,1,5,2,5,5,2,2,5,5,5,5,5,1,5,2,2,5,5,5,5,5,5,5,2,2,2,2,1,5,5,5,5,2,3,4,5,5,5,2,5,5,5,5,5,5,5,5,5,5,3,3,5,5,5,5,4,4,4,4,4,4,4,4,2,2,2,2,2,2,2,2","0.000616073608398438","louvain","edit-xhwikibooks.graphml"
"0.09","0.46","0.45","0.402315689981096","1,1,1,2,3,2,3,2,2,2,3,3,2,2,2,2,2,3,4,3,5,1,2,2,2,2,2,2,1,2,3,4,3,3,4,4,2,2,5,5,5,5,1,1,1,1,5,1,1,1,5,5,5,5,5,1,1,1,1,5,6,5,5,2,2,5,5,5,5,5,1,5,2,2,5,5,5,5,5,5,5,2,2,2,2,7,5,5,5,5,8,9,10,5,5,5,2,5,5,5,5,5,5,5,5,5,5,3,3,5,5,5,5,4,4,4,4,4,4,4,4,2,2,2,2,2,2,2,2","0.000805854797363281","louvain","edit-xhwikibooks.graphml"
"0.08","0.47","0.45","0.403056165682918","1,1,1,2,3,2,3,2,2,2,3,3,2,2,2,2,2,3,4,3,5,1,2,2,2,2,2,2,1,2,3,4,3,3,4,4,2,2,5,5,5,5,1,1,1,1,5,1,1,1,5,5,5,5,5,1,1,1,1,5,6,5,5,2,2,5,5,5,5,5,1,5,2,2,5,5,5,5,5,5,5,2,2,2,2,7,5,5,5,5,8,9,10,5,5,5,2,5,5,5,5,5,5,5,5,5,5,3,3,5,5,5,5,4,4,4,4,4,4,4,4,2,2,2,2,2,2,2,2","0.000620126724243164","louvain","edit-xhwikibooks.graphml"
"0.07","0.48","0.45","0.402578322488225","1,1,1,2,3,2,3,2,2,2,3,3,2,2,2,2,2,3,3,4,5,1,2,2,2,2,2,2,1,2,3,3,4,4,3,3,2,2,5,5,5,5,1,1,1,1,5,1,1,1,5,5,5,5,5,1,1,1,1,5,6,5,5,2,2,5,5,5,5,5,1,5,2,2,5,5,5,5,5,5,5,2,2,2,2,7,5,5,5,5,8,9,10,5,5,5,2,5,5,5,5,5,5,5,5,5,5,4,4,5,5,5,5,3,3,3,3,3,3,3,3,2,2,2,2,2,2,2,2","0.000575065612792969","louvain","edit-xhwikibooks.graphml"
"0.06","0.49","0.45","0.402578322488225","1,1,1,2,3,2,3,2,2,2,3,3,2,2,2,2,2,3,3,4,5,1,2,2,2,2,2,2,1,2,3,3,4,4,3,3,2,2,5,5,5,5,1,1,1,1,5,1,1,1,5,5,5,5,5,1,1,1,1,5,6,5,5,2,2,5,5,5,5,5,1,5,2,2,5,5,5,5,5,5,5,2,2,2,2,7,5,5,5,5,8,9,10,5,5,5,2,5,5,5,5,5,5,5,5,5,5,4,4,5,5,5,5,3,3,3,3,3,3,3,3,2,2,2,2,2,2,2,2","0.000604867935180664","louvain","edit-xhwikibooks.graphml"
"0.05","0.5","0.45","0.43226266482479","1,1,1,2,3,2,3,2,2,2,3,3,2,2,2,2,2,3,4,3,5,1,2,2,2,2,2,2,1,2,3,4,3,3,4,4,2,2,5,5,5,5,1,1,1,1,5,1,1,1,5,5,5,5,5,1,1,1,1,5,6,5,5,2,2,5,5,5,5,5,1,5,2,2,5,5,5,5,5,5,5,2,2,2,2,7,5,5,5,5,8,9,10,5,5,5,2,5,5,5,5,5,5,5,5,5,5,3,3,5,5,5,5,4,4,4,4,4,4,4,4,2,2,2,2,2,2,2,2","0.000855922698974609","louvain","edit-xhwikibooks.graphml"
"0.04","0.51","0.45","0.431029362880887","1,1,1,2,3,2,3,2,2,2,3,3,2,2,2,2,2,3,4,3,5,1,2,2,2,2,2,2,1,2,3,4,3,3,4,4,2,2,5,5,5,5,1,1,1,1,5,1,1,1,5,5,5,5,5,1,1,1,1,5,6,5,5,2,2,5,5,5,5,5,1,5,2,2,5,5,5,5,5,5,5,2,2,2,2,7,5,5,5,5,8,9,10,5,5,5,2,5,5,5,5,5,5,5,5,5,5,3,3,5,5,5,5,4,4,4,4,4,4,4,4,2,2,2,2,2,2,2,2","0.00074315071105957","louvain","edit-xhwikibooks.graphml"
"0.03","0.52","0.45","0.430838623126115","1,1,1,2,3,2,3,2,2,2,3,3,2,2,2,2,2,3,3,4,5,1,2,2,2,2,2,2,1,2,3,3,4,4,3,3,2,2,5,5,5,5,1,1,1,1,5,1,1,1,5,5,5,5,5,1,1,1,1,5,6,5,5,2,2,5,5,5,5,5,1,5,2,2,5,5,5,5,5,5,5,2,2,2,2,7,5,5,5,5,8,9,10,5,5,5,2,5,5,5,5,5,5,5,5,5,5,4,4,5,5,5,5,3,3,3,3,3,3,3,3,2,2,2,2,2,2,2,2","0.000844955444335938","louvain","edit-xhwikibooks.graphml"
"0.02","0.53","0.45","0.43147693717469","1,1,1,2,3,2,3,2,2,2,3,3,2,2,2,2,2,3,4,3,5,1,2,2,2,2,2,2,1,2,3,4,3,3,4,4,2,2,5,5,5,5,1,1,1,1,5,1,1,1,5,5,5,5,5,1,1,1,1,5,6,5,5,2,2,5,5,5,5,5,1,5,2,2,5,5,5,5,5,5,5,2,2,2,2,7,5,5,5,5,8,9,10,5,5,5,2,5,5,5,5,5,5,5,5,5,5,3,3,5,5,5,5,4,4,4,4,4,4,4,4,2,2,2,2,2,2,2,2","0.000671148300170898","louvain","edit-xhwikibooks.graphml"
"0.01","0.54","0.45","0.432152272673775","1,1,1,2,3,2,3,2,2,2,3,3,2,2,2,2,2,3,4,3,5,1,2,2,2,2,2,2,1,2,3,4,3,3,4,4,2,2,5,5,5,5,1,1,1,1,5,1,1,1,5,5,5,5,5,1,1,1,1,5,6,5,5,2,2,5,5,5,5,5,1,5,2,2,5,5,5,5,5,5,5,2,2,2,2,7,5,5,5,5,8,9,10,5,5,5,2,5,5,5,5,5,5,5,5,5,5,3,3,5,5,5,5,4,4,4,4,4,4,4,4,2,2,2,2,2,2,2,2","0.000813961029052734","louvain","edit-xhwikibooks.graphml"
"0","0.55","0.45","0.433838434292099","1,1,1,2,1,2,3,2,2,2,3,3,2,2,2,2,2,3,4,3,5,1,2,2,2,2,2,2,1,2,3,4,3,3,4,4,2,2,5,5,5,5,1,1,1,1,5,1,1,1,5,5,5,5,5,1,1,1,1,5,6,5,5,2,2,5,5,5,5,5,1,5,2,2,5,5,5,5,5,5,5,2,2,2,2,7,5,5,5,5,8,9,10,5,5,5,2,5,5,5,5,5,5,5,5,5,5,3,3,5,5,5,5,4,4,4,4,4,4,4,4,2,2,2,2,2,2,2,2","0.000657081604003906","louvain","edit-xhwikibooks.graphml"
"0.54","0","0.46","0.404194447319562","1,1,2,3,2,3,2,3,3,3,4,2,3,3,3,3,3,4,4,2,5,1,3,3,3,3,3,3,1,3,4,4,2,2,4,4,3,3,5,5,5,5,1,1,1,1,5,1,1,1,5,5,5,5,5,1,1,1,1,5,3,5,5,3,3,5,5,5,5,5,1,5,3,3,5,5,5,5,5,5,5,3,3,3,3,1,5,5,5,5,3,4,4,5,5,5,3,5,5,5,5,5,5,5,5,5,5,2,2,5,5,5,5,4,4,4,4,4,4,4,4,3,3,3,3,3,3,3,3","0.000793933868408203","louvain","edit-xhwikibooks.graphml"
"0.53","0.01","0.46","0.404717416098425","1,1,2,3,2,3,2,3,3,3,2,2,3,3,3,3,3,2,4,2,5,1,3,3,3,3,3,3,1,3,2,4,2,2,4,4,3,3,5,5,5,5,1,1,1,1,5,1,1,1,5,5,5,5,5,1,1,1,1,5,3,5,5,3,3,5,5,5,5,5,1,5,3,3,5,5,5,5,5,5,5,3,3,3,3,1,5,5,5,5,3,2,4,5,5,5,3,5,5,5,5,5,5,5,5,5,5,2,2,5,5,5,5,4,4,4,4,4,4,4,4,3,3,3,3,3,3,3,3","0.000808000564575195","louvain","edit-xhwikibooks.graphml"
"0.52","0.02","0.46","0.404717416098425","1,1,2,3,2,3,2,3,3,3,2,2,3,3,3,3,3,2,4,2,5,1,3,3,3,3,3,3,1,3,2,4,2,2,4,4,3,3,5,5,5,5,1,1,1,1,5,1,1,1,5,5,5,5,5,1,1,1,1,5,3,5,5,3,3,5,5,5,5,5,1,5,3,3,5,5,5,5,5,5,5,3,3,3,3,1,5,5,5,5,3,2,4,5,5,5,3,5,5,5,5,5,5,5,5,5,5,2,2,5,5,5,5,4,4,4,4,4,4,4,4,3,3,3,3,3,3,3,3","0.000835895538330078","louvain","edit-xhwikibooks.graphml"
"0.51","0.03","0.46","0.404496054565488","1,1,2,3,2,3,2,3,3,3,2,2,3,3,3,3,3,2,4,2,5,1,3,3,3,3,3,3,1,3,2,4,2,2,4,4,3,3,5,5,5,5,1,1,1,1,5,1,1,1,5,5,5,5,5,1,1,1,1,5,3,5,5,3,3,5,5,5,5,5,1,5,3,3,5,5,5,5,5,5,5,3,3,3,3,1,5,5,5,5,3,2,4,5,5,5,3,5,5,5,5,5,5,5,5,5,5,2,2,5,5,5,5,4,4,4,4,4,4,4,4,3,3,3,3,3,3,3,3","0.000741958618164062","louvain","edit-xhwikibooks.graphml"
"0.5","0.04","0.46","0.404496054565488","1,1,2,3,2,3,2,3,3,3,2,2,3,3,3,3,3,2,4,2,5,1,3,3,3,3,3,3,1,3,2,4,2,2,4,4,3,3,5,5,5,5,1,1,1,1,5,1,1,1,5,5,5,5,5,1,1,1,1,5,3,5,5,3,3,5,5,5,5,5,1,5,3,3,5,5,5,5,5,5,5,3,3,3,3,1,5,5,5,5,3,2,4,5,5,5,3,5,5,5,5,5,5,5,5,5,5,2,2,5,5,5,5,4,4,4,4,4,4,4,4,3,3,3,3,3,3,3,3","0.000883817672729492","louvain","edit-xhwikibooks.graphml"
"0.49","0.05","0.46","0.404274915318019","1,1,2,3,2,3,2,3,3,3,2,2,3,3,3,3,3,2,4,2,5,1,3,3,3,3,3,3,1,3,2,4,2,2,4,4,3,3,5,5,5,5,1,1,1,1,5,1,1,1,5,5,5,5,5,1,1,1,1,5,3,5,5,3,3,5,5,5,5,5,1,5,3,3,5,5,5,5,5,5,5,3,3,3,3,1,5,5,5,5,3,2,4,5,5,5,3,5,5,5,5,5,5,5,5,5,5,2,2,5,5,5,5,4,4,4,4,4,4,4,4,3,3,3,3,3,3,3,3","0.000726938247680664","louvain","edit-xhwikibooks.graphml"
"0.48","0.06","0.46","0.404274915318019","1,1,2,3,2,3,2,3,3,3,2,2,3,3,3,3,3,2,4,2,5,1,3,3,3,3,3,3,1,3,2,4,2,2,4,4,3,3,5,5,5,5,1,1,1,1,5,1,1,1,5,5,5,5,5,1,1,1,1,5,3,5,5,3,3,5,5,5,5,5,1,5,3,3,5,5,5,5,5,5,5,3,3,3,3,1,5,5,5,5,3,2,4,5,5,5,3,5,5,5,5,5,5,5,5,5,5,2,2,5,5,5,5,4,4,4,4,4,4,4,4,3,3,3,3,3,3,3,3","0.000786066055297852","louvain","edit-xhwikibooks.graphml"
"0.47","0.07","0.46","0.403376118372545","1,1,2,3,2,3,2,3,3,3,2,2,3,3,3,3,3,2,4,2,5,1,3,3,3,3,3,3,1,3,2,4,2,2,4,4,3,3,5,5,5,5,1,1,1,1,5,1,1,1,5,5,5,5,5,1,1,1,1,5,3,5,5,3,3,5,5,5,5,5,1,5,3,3,5,5,5,5,5,5,5,3,3,3,3,1,5,5,5,5,3,2,4,5,5,5,3,5,5,5,5,5,5,5,5,5,5,2,2,5,5,5,5,4,4,4,4,4,4,4,4,3,3,3,3,3,3,3,3","0.000761032104492188","louvain","edit-xhwikibooks.graphml"
"0.46","0.08","0.46","0.404799507540782","1,1,2,3,2,3,2,3,3,3,2,2,3,3,3,3,3,2,4,2,5,1,3,3,3,3,3,3,1,3,2,4,2,2,4,4,3,3,5,5,5,5,1,1,1,1,5,1,1,1,5,5,5,5,5,1,1,1,1,5,3,5,5,3,3,5,5,5,5,5,1,5,3,3,5,5,5,5,5,5,5,3,3,3,3,1,5,5,5,5,3,2,4,5,5,5,3,5,5,5,5,5,5,5,5,5,5,2,2,5,5,5,5,4,4,4,4,4,4,4,4,3,3,3,3,3,3,3,3","0.000844001770019531","louvain","edit-xhwikibooks.graphml"
"0.45","0.09","0.46","0.404799507540782","1,1,2,3,2,3,2,3,3,3,2,2,3,3,3,3,3,2,4,2,5,1,3,3,3,3,3,3,1,3,2,4,2,2,4,4,3,3,5,5,5,5,1,1,1,1,5,1,1,1,5,5,5,5,5,1,1,1,1,5,3,5,5,3,3,5,5,5,5,5,1,5,3,3,5,5,5,5,5,5,5,3,3,3,3,1,5,5,5,5,3,2,4,5,5,5,3,5,5,5,5,5,5,5,5,5,5,2,2,5,5,5,5,4,4,4,4,4,4,4,4,3,3,3,3,3,3,3,3","0.000855207443237305","louvain","edit-xhwikibooks.graphml"
"0.44","0.1","0.46","0.40385595567867","1,1,1,2,1,2,1,2,2,2,3,1,2,2,2,2,2,3,3,1,4,1,2,2,2,2,2,2,1,2,3,3,1,1,3,3,2,2,4,4,4,4,1,1,1,1,4,1,1,1,4,4,4,4,4,1,1,1,1,4,2,4,4,2,2,4,4,4,4,4,1,4,2,2,4,4,4,4,4,4,4,2,2,2,2,1,4,4,4,4,2,3,3,4,4,4,2,4,4,4,4,4,4,4,4,4,4,1,1,4,4,4,4,3,3,3,3,3,3,3,3,2,2,2,2,2,2,2,2","0.000729084014892578","louvain","edit-xhwikibooks.graphml"
"0.43","0.11","0.46","0.404330537943525","1,1,1,2,1,2,1,2,2,2,3,1,2,2,2,2,2,3,3,1,4,1,2,2,2,2,2,2,1,2,3,3,1,1,3,3,2,2,4,4,4,4,1,1,1,1,4,1,1,1,4,4,4,4,4,1,1,1,1,4,2,4,4,2,2,4,4,4,4,4,1,4,2,2,4,4,4,4,4,4,4,2,2,2,2,1,4,4,4,4,2,3,3,4,4,4,2,4,4,4,4,4,4,4,4,4,4,1,1,4,4,4,4,3,3,3,3,3,3,3,3,2,2,2,2,2,2,2,2","0.000797033309936523","louvain","edit-xhwikibooks.graphml"
"0.42","0.12","0.46","0.405708798207284","1,1,1,2,1,2,1,2,2,2,3,1,2,2,2,2,2,3,3,1,4,1,2,2,2,2,2,2,1,2,3,3,1,1,3,3,2,2,4,4,4,4,1,1,1,1,4,1,1,1,4,4,4,4,4,1,1,1,1,4,2,4,4,2,2,4,4,4,4,4,1,4,2,2,4,4,4,4,4,4,4,2,2,2,2,1,4,4,4,4,2,3,3,4,4,4,2,4,4,4,4,4,4,4,4,4,4,1,1,4,4,4,4,3,3,3,3,3,3,3,3,2,2,2,2,2,2,2,2","0.00171899795532227","louvain","edit-xhwikibooks.graphml"
"0.41","0.13","0.46","0.406445302948799","1,1,2,3,2,3,2,3,3,3,2,2,3,3,3,3,3,2,4,2,5,1,3,3,3,3,3,3,1,3,2,4,2,2,4,4,3,3,5,5,5,5,1,1,1,1,5,1,1,1,5,5,5,5,5,1,1,1,1,5,3,5,5,3,3,5,5,5,5,5,1,5,3,3,5,5,5,5,5,5,5,3,3,3,3,1,5,5,5,5,3,2,4,5,5,5,3,5,5,5,5,5,5,5,5,5,5,2,2,5,5,5,5,4,4,4,4,4,4,4,4,3,3,3,3,3,3,3,3","0.00131678581237793","louvain","edit-xhwikibooks.graphml"
"0.4","0.14","0.46","0.406445302948799","1,1,2,3,2,3,2,3,3,3,2,2,3,3,3,3,3,2,4,2,5,1,3,3,3,3,3,3,1,3,2,4,2,2,4,4,3,3,5,5,5,5,1,1,1,1,5,1,1,1,5,5,5,5,5,1,1,1,1,5,3,5,5,3,3,5,5,5,5,5,1,5,3,3,5,5,5,5,5,5,5,3,3,3,3,1,5,5,5,5,3,2,4,5,5,5,3,5,5,5,5,5,5,5,5,5,5,2,2,5,5,5,5,4,4,4,4,4,4,4,4,3,3,3,3,3,3,3,3","0.00133180618286133","louvain","edit-xhwikibooks.graphml"
"0.39","0.15","0.46","0.406927842451859","1,1,2,3,2,3,2,3,3,3,2,2,3,3,3,3,3,2,4,2,5,1,3,3,3,3,3,3,1,3,2,4,2,2,4,4,3,3,5,5,5,5,1,1,1,1,5,1,1,1,5,5,5,5,5,1,1,1,1,5,3,5,5,3,3,5,5,5,5,5,1,5,3,3,5,5,5,5,5,5,5,3,3,3,3,1,5,5,5,5,3,2,4,5,5,5,3,5,5,5,5,5,5,5,5,5,5,2,2,5,5,5,5,4,4,4,4,4,4,4,4,3,3,3,3,3,3,3,3","0.00133299827575684","louvain","edit-xhwikibooks.graphml"
"0.38","0.16","0.46","0.407629161880098","1,1,2,3,2,3,2,3,3,3,2,2,3,3,3,3,3,2,4,2,5,1,3,3,3,3,3,3,1,3,2,4,2,2,4,4,3,3,5,5,5,5,1,1,1,1,5,1,1,1,5,5,5,5,5,1,1,1,1,5,3,5,5,3,3,5,5,5,5,5,1,5,3,3,5,5,5,5,5,5,5,3,3,3,3,1,5,5,5,5,3,2,4,5,5,5,3,5,5,5,5,5,5,5,5,5,5,2,2,5,5,5,5,4,4,4,4,4,4,4,4,3,3,3,3,3,3,3,3","0.00141692161560059","louvain","edit-xhwikibooks.graphml"
"0.37","0.17","0.46","0.408107904672874","1,1,2,3,2,3,2,3,3,3,2,2,3,3,3,3,3,2,4,2,5,1,3,3,3,3,3,3,1,3,2,4,2,2,4,4,3,3,5,5,5,5,1,1,1,1,5,1,1,1,5,5,5,5,5,1,1,1,1,5,3,5,5,3,3,5,5,5,5,5,1,5,3,3,5,5,5,5,5,5,5,3,3,3,3,1,5,5,5,5,3,2,4,5,5,5,3,5,5,5,5,5,5,5,5,5,5,2,2,5,5,5,5,4,4,4,4,4,4,4,4,3,3,3,3,3,3,3,3","0.00142002105712891","louvain","edit-xhwikibooks.graphml"
"0.36","0.18","0.46","0.408887365088725","1,1,2,3,2,3,2,3,3,3,2,2,3,3,3,3,3,2,4,2,5,1,3,3,3,3,3,3,1,3,2,4,2,2,4,4,3,3,5,5,5,5,1,1,1,1,5,1,1,1,5,5,5,5,5,1,1,1,1,5,3,5,5,3,3,5,5,5,5,5,1,5,3,3,5,5,5,5,5,5,5,3,3,3,3,1,5,5,5,5,3,2,4,5,5,5,3,5,5,5,5,5,5,5,5,5,5,2,2,5,5,5,5,4,4,4,4,4,4,4,4,3,3,3,3,3,3,3,3","0.000771999359130859","louvain","edit-xhwikibooks.graphml"
"0.35","0.19","0.46","0.407594254441592","1,1,1,2,1,2,3,2,2,2,3,3,2,2,2,2,2,3,3,3,4,1,2,2,2,2,2,2,1,2,3,3,3,3,3,3,2,2,4,4,4,4,1,1,1,1,4,1,1,1,4,4,4,4,4,1,1,1,1,4,2,4,4,2,2,4,4,4,4,4,1,4,2,2,4,4,4,4,4,4,4,2,2,2,2,1,4,4,4,4,2,3,3,4,4,4,2,4,4,4,4,4,4,4,4,4,4,3,3,4,4,4,4,3,3,3,3,3,3,3,3,2,2,2,2,2,2,2,2","0.00114011764526367","louvain","edit-xhwikibooks.graphml"
"0.34","0.2","0.46","0.409993427410066","1,1,2,3,2,3,2,3,3,3,2,2,3,3,3,3,3,2,4,2,5,1,3,3,3,3,3,3,1,3,2,4,2,2,4,4,3,3,5,5,5,5,1,1,1,1,5,1,1,1,5,5,5,5,5,1,1,1,1,5,3,5,5,3,3,5,5,5,5,5,1,5,3,3,5,5,5,5,5,5,5,3,3,3,3,1,5,5,5,5,3,2,4,5,5,5,3,5,5,5,5,5,5,5,5,5,5,2,2,5,5,5,5,4,4,4,4,4,4,4,4,3,3,3,3,3,3,3,3","0.000950098037719727","louvain","edit-xhwikibooks.graphml"
"0.33","0.21","0.46","0.409252025462963","1,1,2,3,2,3,2,3,3,3,4,2,3,3,3,3,3,4,4,2,5,1,3,3,3,3,3,3,1,3,4,4,2,2,4,4,3,3,5,5,5,5,1,1,1,1,5,1,1,1,5,5,5,5,5,1,1,1,1,5,3,5,5,3,3,5,5,5,5,5,1,5,3,3,5,5,5,5,5,5,5,3,3,3,3,1,5,5,5,5,3,4,4,5,5,5,3,5,5,5,5,5,5,5,5,5,5,2,2,5,5,5,5,4,4,4,4,4,4,4,4,3,3,3,3,3,3,3,3","0.000880002975463867","louvain","edit-xhwikibooks.graphml"
"0.32","0.22","0.46","0.409772858796296","1,1,2,3,2,3,2,3,3,3,2,2,3,3,3,3,3,2,4,2,5,1,3,3,3,3,3,3,1,3,2,4,2,2,4,4,3,3,5,5,5,5,1,1,1,1,5,1,1,1,5,5,5,5,5,1,1,1,1,5,3,5,5,3,3,5,5,5,5,5,1,5,3,3,5,5,5,5,5,5,5,3,3,3,3,1,5,5,5,5,3,2,4,5,5,5,3,5,5,5,5,5,5,5,5,5,5,2,2,5,5,5,5,4,4,4,4,4,4,4,4,3,3,3,3,3,3,3,3","0.000856876373291016","louvain","edit-xhwikibooks.graphml"
"0.31","0.23","0.46","0.408935341844701","1,1,2,3,2,3,2,3,3,3,2,2,3,3,3,3,3,2,4,2,5,1,3,3,3,3,3,3,1,3,2,4,2,2,4,4,3,3,5,5,5,5,1,1,1,1,5,1,1,1,5,5,5,5,5,1,1,1,1,5,3,5,5,3,3,5,5,5,5,5,1,5,3,3,5,5,5,5,5,5,5,3,3,3,3,1,5,5,5,5,3,2,4,5,5,5,3,5,5,5,5,5,5,5,5,5,5,2,2,5,5,5,5,4,4,4,4,4,4,4,4,3,3,3,3,3,3,3,3","0.00133180618286133","louvain","edit-xhwikibooks.graphml"
"0.3","0.24","0.46","0.409631076388889","1,1,2,3,2,3,2,3,3,3,2,2,3,3,3,3,3,2,4,2,5,1,3,3,3,3,3,3,1,3,2,4,2,2,4,4,3,3,5,5,5,5,1,1,1,1,5,1,1,1,5,5,5,5,5,1,1,1,1,5,3,5,5,3,3,5,5,5,5,5,1,5,3,3,5,5,5,5,5,5,5,3,3,3,3,1,5,5,5,5,3,2,4,5,5,5,3,5,5,5,5,5,5,5,5,5,5,2,2,5,5,5,5,4,4,4,4,4,4,4,4,3,3,3,3,3,3,3,3","0.00119400024414062","louvain","edit-xhwikibooks.graphml"
"0.29","0.25","0.46","0.410869123165108","1,1,2,3,2,3,2,3,3,3,4,2,3,3,3,3,3,4,4,2,5,1,3,3,3,3,3,3,1,3,4,4,2,2,4,4,3,3,5,5,5,5,1,1,1,1,5,1,1,1,5,5,5,5,5,1,1,1,1,5,3,5,5,3,3,5,5,5,5,5,1,5,3,3,5,5,5,5,5,5,5,3,3,3,3,1,5,5,5,5,3,4,4,5,5,5,3,5,5,5,5,5,5,5,5,5,5,2,2,5,5,5,5,4,4,4,4,4,4,4,4,3,3,3,3,3,3,3,3","0.00128698348999023","louvain","edit-xhwikibooks.graphml"
"0.28","0.26","0.46","0.411392830012047","1,1,2,3,2,3,2,3,3,3,2,2,3,3,3,3,3,2,4,2,5,1,3,3,3,3,3,3,1,3,2,4,2,2,4,4,3,3,5,5,5,5,1,1,1,1,5,1,1,1,5,5,5,5,5,1,1,1,1,5,3,5,5,3,3,5,5,5,5,5,1,5,3,3,5,5,5,5,5,5,5,3,3,3,3,1,5,5,5,5,3,2,4,5,5,5,3,5,5,5,5,5,5,5,5,5,5,2,2,5,5,5,5,4,4,4,4,4,4,4,4,3,3,3,3,3,3,3,3","0.000861883163452148","louvain","edit-xhwikibooks.graphml"
"0.27","0.27","0.46","0.411392830012047","1,1,2,3,2,3,2,3,3,3,2,2,3,3,3,3,3,2,4,2,5,1,3,3,3,3,3,3,1,3,2,4,2,2,4,4,3,3,5,5,5,5,1,1,1,1,5,1,1,1,5,5,5,5,5,1,1,1,1,5,3,5,5,3,3,5,5,5,5,5,1,5,3,3,5,5,5,5,5,5,5,3,3,3,3,1,5,5,5,5,3,2,4,5,5,5,3,5,5,5,5,5,5,5,5,5,5,2,2,5,5,5,5,4,4,4,4,4,4,4,4,3,3,3,3,3,3,3,3","0.000940084457397461","louvain","edit-xhwikibooks.graphml"
"0.26","0.28","0.46","0.411172280025383","1,1,2,3,2,3,2,3,3,3,2,2,3,3,3,3,3,2,4,2,5,1,3,3,3,3,3,3,1,3,2,4,2,2,4,4,3,3,5,5,5,5,1,1,1,1,5,1,1,1,5,5,5,5,5,1,1,1,1,5,3,5,5,3,3,5,5,5,5,5,1,5,3,3,5,5,5,5,5,5,5,3,3,3,3,1,5,5,5,5,3,2,4,5,5,5,3,5,5,5,5,5,5,5,5,5,5,2,2,5,5,5,5,4,4,4,4,4,4,4,4,3,3,3,3,3,3,3,3","0.00131392478942871","louvain","edit-xhwikibooks.graphml"
"0.25","0.29","0.46","0.412515659260229","1,1,2,3,2,3,2,3,3,3,2,2,3,3,3,3,3,2,4,2,5,1,3,3,3,3,3,3,1,3,2,4,2,2,4,4,3,3,5,5,5,5,1,1,1,1,5,1,1,1,5,5,5,5,5,1,1,1,1,5,3,5,5,3,3,5,5,5,5,5,1,5,3,3,5,5,5,5,5,5,5,3,3,3,3,1,5,5,5,5,3,2,4,5,5,5,3,5,5,5,5,5,5,5,5,5,5,2,2,5,5,5,5,4,4,4,4,4,4,4,4,3,3,3,3,3,3,3,3","0.00120210647583008","louvain","edit-xhwikibooks.graphml"
"0.24","0.3","0.46","0.411211358398706","1,1,1,2,1,2,3,2,2,2,3,3,2,2,2,2,2,3,3,3,4,1,2,2,2,2,2,2,1,2,3,3,3,3,3,3,2,2,4,4,4,4,1,1,1,1,4,1,1,1,4,4,4,4,4,1,1,1,1,4,2,4,4,2,2,4,4,4,4,4,1,4,2,2,4,4,4,4,4,4,4,2,2,2,2,1,4,4,4,4,2,3,3,4,4,4,2,4,4,4,4,4,4,4,4,4,4,3,3,4,4,4,4,3,3,3,3,3,3,3,3,2,2,2,2,2,2,2,2","0.00136804580688477","louvain","edit-xhwikibooks.graphml"
"0.23","0.31","0.46","0.40990707560562","1,1,2,2,2,3,2,3,3,3,2,2,3,3,3,3,3,2,4,2,5,1,3,3,3,3,3,3,1,3,2,4,2,2,4,4,3,3,5,5,5,5,1,1,1,1,5,1,1,1,5,5,5,5,5,1,1,1,1,5,3,5,5,3,3,5,5,5,5,5,1,5,3,3,5,5,5,5,5,5,5,3,3,3,3,1,5,5,5,5,3,2,4,5,5,5,3,5,5,5,5,5,5,5,5,5,5,2,2,5,5,5,5,4,4,4,4,4,4,4,4,3,3,3,3,3,3,3,3","0.00111103057861328","louvain","edit-xhwikibooks.graphml"
"0.22","0.32","0.46","0.409169430442643","1,1,2,2,2,3,2,3,3,3,4,2,3,3,3,3,3,4,4,2,5,1,3,3,3,3,3,3,1,3,4,4,2,2,4,4,3,3,5,5,5,5,1,1,1,1,5,1,1,1,5,5,5,5,5,1,1,1,1,5,3,5,5,3,3,5,5,5,5,5,1,5,3,3,5,5,5,5,5,5,5,3,3,3,3,1,5,5,5,5,3,4,4,5,5,5,3,5,5,5,5,5,5,5,5,5,5,2,2,5,5,5,5,4,4,4,4,4,4,4,4,3,3,3,3,3,3,3,3","0.000722169876098633","louvain","edit-xhwikibooks.graphml"
"0.21","0.33","0.46","0.409169430442643","1,1,2,2,2,3,2,3,3,3,4,2,3,3,3,3,3,4,4,2,5,1,3,3,3,3,3,3,1,3,4,4,2,2,4,4,3,3,5,5,5,5,1,1,1,1,5,1,1,1,5,5,5,5,5,1,1,1,1,5,3,5,5,3,3,5,5,5,5,5,1,5,3,3,5,5,5,5,5,5,5,3,3,3,3,1,5,5,5,5,3,4,4,5,5,5,3,5,5,5,5,5,5,5,5,5,5,2,2,5,5,5,5,4,4,4,4,4,4,4,4,3,3,3,3,3,3,3,3","0.00102710723876953","louvain","edit-xhwikibooks.graphml"
"0.2","0.34","0.46","0.419110058172265","1,1,2,2,2,3,2,3,3,3,2,2,3,3,3,3,3,2,4,2,5,1,3,3,3,3,3,3,1,3,2,4,2,2,4,4,3,3,5,5,5,5,1,1,1,1,5,1,1,1,5,5,5,5,5,1,1,1,1,5,3,5,5,3,3,5,5,5,5,5,1,5,3,3,5,5,5,5,5,5,5,3,3,3,3,1,5,5,5,5,3,2,4,5,5,5,3,5,5,5,5,5,5,5,5,5,5,2,2,5,5,5,5,4,4,4,4,4,4,4,4,3,3,3,3,3,3,3,3","0.000838041305541992","louvain","edit-xhwikibooks.graphml"
"0.19","0.35","0.46","0.419110058172265","1,1,2,2,2,3,2,3,3,3,2,2,3,3,3,3,3,2,4,2,5,1,3,3,3,3,3,3,1,3,2,4,2,2,4,4,3,3,5,5,5,5,1,1,1,1,5,1,1,1,5,5,5,5,5,1,1,1,1,5,3,5,5,3,3,5,5,5,5,5,1,5,3,3,5,5,5,5,5,5,5,3,3,3,3,1,5,5,5,5,3,2,4,5,5,5,3,5,5,5,5,5,5,5,5,5,5,2,2,5,5,5,5,4,4,4,4,4,4,4,4,3,3,3,3,3,3,3,3","0.000952959060668945","louvain","edit-xhwikibooks.graphml"
"0.18","0.36","0.46","0.418888827985295","1,1,2,2,2,3,2,3,3,3,2,2,3,3,3,3,3,2,4,2,5,1,3,3,3,3,3,3,1,3,2,4,2,2,4,4,3,3,5,5,5,5,1,1,1,1,5,1,1,1,5,5,5,5,5,1,1,1,1,5,3,5,5,3,3,5,5,5,5,5,1,5,3,3,5,5,5,5,5,5,5,3,3,3,3,1,5,5,5,5,3,2,4,5,5,5,3,5,5,5,5,5,5,5,5,5,5,2,2,5,5,5,5,4,4,4,4,4,4,4,4,3,3,3,3,3,3,3,3","0.00082707405090332","louvain","edit-xhwikibooks.graphml"
"0.17","0.37","0.46","0.41821495590167","1,1,2,2,2,3,2,3,3,3,2,2,3,3,3,3,3,2,4,2,5,1,3,3,3,3,3,3,1,3,2,4,2,2,4,4,3,3,5,5,5,5,1,1,1,1,5,1,1,1,5,5,5,5,5,1,1,1,1,5,3,5,5,3,3,5,5,5,5,5,1,5,3,3,5,5,5,5,5,5,5,3,3,3,3,1,5,5,5,5,3,2,4,5,5,5,3,5,5,5,5,5,5,5,5,5,5,2,2,5,5,5,5,4,4,4,4,4,4,4,4,3,3,3,3,3,3,3,3","0.00120401382446289","louvain","edit-xhwikibooks.graphml"
"0.16","0.38","0.46","0.417403717274274","1,1,2,2,2,3,2,3,3,3,4,2,3,3,3,3,3,4,4,2,5,1,3,3,3,3,3,3,1,3,4,4,2,2,4,4,3,3,5,5,5,5,1,1,1,1,5,1,1,1,5,5,5,5,5,1,1,1,1,5,3,5,5,3,3,5,5,5,5,5,1,5,3,3,5,5,5,5,5,5,5,3,3,3,3,1,5,5,5,5,3,4,4,5,5,5,3,5,5,5,5,5,5,5,5,5,5,2,2,5,5,5,5,4,4,4,4,4,4,4,4,3,3,3,3,3,3,3,3","0.000817060470581055","louvain","edit-xhwikibooks.graphml"
"0.15","0.39","0.46","0.409710669698727","1,1,1,2,3,2,3,2,2,2,3,3,2,2,2,2,2,3,4,3,5,1,2,2,2,2,2,2,1,2,3,4,3,3,4,4,2,2,5,5,5,5,1,1,1,1,5,1,1,1,5,5,5,5,5,1,1,1,1,5,2,5,5,2,2,5,5,5,5,5,1,5,2,2,5,5,5,5,5,5,5,2,2,2,2,1,5,5,5,5,2,3,4,5,5,5,2,5,5,5,5,5,5,5,5,5,5,3,3,5,5,5,5,4,4,4,4,4,4,4,4,2,2,2,2,2,2,2,2","0.000701904296875","louvain","edit-xhwikibooks.graphml"
"0.14","0.4","0.46","0.410812002084164","1,1,1,2,3,2,3,2,2,2,3,3,2,2,2,2,2,3,4,3,5,1,2,2,2,2,2,2,1,2,3,4,3,3,4,4,2,2,5,5,5,5,1,1,1,1,5,1,1,1,5,5,5,5,5,1,1,1,1,5,2,5,5,2,2,5,5,5,5,5,1,5,2,2,5,5,5,5,5,5,5,2,2,2,2,1,5,5,5,5,2,3,4,5,5,5,2,5,5,5,5,5,5,5,5,5,5,3,3,5,5,5,5,4,4,4,4,4,4,4,4,2,2,2,2,2,2,2,2","0.000676155090332031","louvain","edit-xhwikibooks.graphml"
"0.13","0.41","0.46","0.410812002084164","1,1,1,2,3,2,3,2,2,2,3,3,2,2,2,2,2,3,4,3,5,1,2,2,2,2,2,2,1,2,3,4,3,3,4,4,2,2,5,5,5,5,1,1,1,1,5,1,1,1,5,5,5,5,5,1,1,1,1,5,2,5,5,2,2,5,5,5,5,5,1,5,2,2,5,5,5,5,5,5,5,2,2,2,2,1,5,5,5,5,2,3,4,5,5,5,2,5,5,5,5,5,5,5,5,5,5,3,3,5,5,5,5,4,4,4,4,4,4,4,4,2,2,2,2,2,2,2,2","0.000729084014892578","louvain","edit-xhwikibooks.graphml"
"0.12","0.42","0.46","0.410592590062913","1,1,1,2,3,2,3,2,2,2,3,3,2,2,2,2,2,3,4,3,5,1,2,2,2,2,2,2,1,2,3,4,3,3,4,4,2,2,5,5,5,5,1,1,1,1,5,1,1,1,5,5,5,5,5,1,1,1,1,5,2,5,5,2,2,5,5,5,5,5,1,5,2,2,5,5,5,5,5,5,5,2,2,2,2,1,5,5,5,5,2,3,4,5,5,5,2,5,5,5,5,5,5,5,5,5,5,3,3,5,5,5,5,4,4,4,4,4,4,4,4,2,2,2,2,2,2,2,2","0.00074315071105957","louvain","edit-xhwikibooks.graphml"
"0.11","0.43","0.46","0.411932930832556","1,1,1,2,3,2,3,2,2,2,3,3,2,2,2,2,2,3,4,3,5,1,2,2,2,2,2,2,1,2,3,4,3,3,4,4,2,2,5,5,5,5,1,1,1,1,5,1,1,1,5,5,5,5,5,1,1,1,1,5,2,5,5,2,2,5,5,5,5,5,1,5,2,2,5,5,5,5,5,5,5,2,2,2,2,1,5,5,5,5,2,3,4,5,5,5,2,5,5,5,5,5,5,5,5,5,5,3,3,5,5,5,5,4,4,4,4,4,4,4,4,2,2,2,2,2,2,2,2","0.000674009323120117","louvain","edit-xhwikibooks.graphml"
"0.1","0.44","0.46","0.411713607538881","1,1,1,2,3,2,3,2,2,2,3,3,2,2,2,2,2,3,4,3,5,1,2,2,2,2,2,2,1,2,3,4,3,3,4,4,2,2,5,5,5,5,1,1,1,1,5,1,1,1,5,5,5,5,5,1,1,1,1,5,2,5,5,2,2,5,5,5,5,5,1,5,2,2,5,5,5,5,5,5,5,2,2,2,2,1,5,5,5,5,2,3,4,5,5,5,2,5,5,5,5,5,5,5,5,5,5,3,3,5,5,5,5,4,4,4,4,4,4,4,4,2,2,2,2,2,2,2,2","0.00071406364440918","louvain","edit-xhwikibooks.graphml"
"0.09","0.45","0.46","0.408274910820452","1,1,1,2,3,2,3,2,2,2,3,3,2,2,2,2,2,3,4,3,5,1,2,2,2,2,2,2,1,2,3,4,3,3,4,4,2,2,5,5,5,5,1,1,1,1,5,1,1,1,5,5,5,5,5,1,1,1,1,5,2,5,5,2,2,5,5,5,5,5,1,5,2,2,5,5,5,5,5,5,5,2,2,2,2,1,5,5,5,5,2,3,4,5,5,5,2,5,5,5,5,5,5,5,5,5,5,3,3,5,5,5,5,4,4,4,4,4,4,4,4,2,2,2,2,2,2,2,2","0.000859975814819336","louvain","edit-xhwikibooks.graphml"
"0.08","0.46","0.46","0.408056232518176","1,1,1,2,3,2,3,2,2,2,3,3,2,2,2,2,2,3,4,3,5,1,2,2,2,2,2,2,1,2,3,4,3,3,4,4,2,2,5,5,5,5,1,1,1,1,5,1,1,1,5,5,5,5,5,1,1,1,1,5,2,5,5,2,2,5,5,5,5,5,1,5,2,2,5,5,5,5,5,5,5,2,2,2,2,1,5,5,5,5,2,3,4,5,5,5,2,5,5,5,5,5,5,5,5,5,5,3,3,5,5,5,5,4,4,4,4,4,4,4,4,2,2,2,2,2,2,2,2","0.000815868377685547","louvain","edit-xhwikibooks.graphml"
"0.07","0.47","0.46","0.405701376812842","1,1,1,2,3,2,3,2,2,2,3,3,2,2,2,2,2,3,4,3,5,1,2,2,2,2,2,2,1,2,3,4,3,3,4,4,2,2,5,5,5,5,1,1,1,1,5,1,1,1,5,5,5,5,5,1,1,1,1,5,6,5,5,2,2,5,5,5,5,5,1,5,2,2,5,5,5,5,5,5,5,2,2,2,2,7,5,5,5,5,8,9,10,5,5,5,2,5,5,5,5,5,5,5,5,5,5,3,3,5,5,5,5,4,4,4,4,4,4,4,4,2,2,2,2,2,2,2,2","0.00151896476745605","louvain","edit-xhwikibooks.graphml"
"0.06","0.48","0.46","0.405482782813523","1,1,1,2,3,2,3,2,2,2,3,3,2,2,2,2,2,3,4,3,5,1,2,2,2,2,2,2,1,2,3,4,3,3,4,4,2,2,5,5,5,5,1,1,1,1,5,1,1,1,5,5,5,5,5,1,1,1,1,5,6,5,5,2,2,5,5,5,5,5,1,5,2,2,5,5,5,5,5,5,5,2,2,2,2,7,5,5,5,5,8,9,10,5,5,5,2,5,5,5,5,5,5,5,5,5,5,3,3,5,5,5,5,4,4,4,4,4,4,4,4,2,2,2,2,2,2,2,2","0.00128483772277832","louvain","edit-xhwikibooks.graphml"
"0.05","0.49","0.46","0.405482782813523","1,1,1,2,3,2,3,2,2,2,3,3,2,2,2,2,2,3,4,3,5,1,2,2,2,2,2,2,1,2,3,4,3,3,4,4,2,2,5,5,5,5,1,1,1,1,5,1,1,1,5,5,5,5,5,1,1,1,1,5,6,5,5,2,2,5,5,5,5,5,1,5,2,2,5,5,5,5,5,5,5,2,2,2,2,7,5,5,5,5,8,9,10,5,5,5,2,5,5,5,5,5,5,5,5,5,5,3,3,5,5,5,5,4,4,4,4,4,4,4,4,2,2,2,2,2,2,2,2","0.00121688842773438","louvain","edit-xhwikibooks.graphml"
"0.04","0.5","0.46","0.433565477003357","1,1,1,2,3,2,3,2,2,2,3,3,2,2,2,2,2,3,4,3,5,1,2,2,2,2,2,2,1,2,3,4,3,3,4,4,2,2,5,5,5,5,1,1,1,1,5,1,1,1,5,5,5,5,5,1,1,1,1,5,6,5,5,2,2,5,5,5,5,5,1,5,2,2,5,5,5,5,5,5,5,2,2,2,2,7,5,5,5,5,8,9,10,5,5,5,2,5,5,5,5,5,5,5,5,5,5,3,3,5,5,5,5,4,4,4,4,4,4,4,4,2,2,2,2,2,2,2,2","0.00119590759277344","louvain","edit-xhwikibooks.graphml"
"0.03","0.51","0.46","0.428098485049005","1,1,1,2,3,2,3,4,4,2,3,3,4,4,4,2,2,3,4,3,5,1,4,4,4,4,4,2,1,2,3,4,3,3,4,4,6,4,5,5,5,5,1,1,1,1,5,1,1,1,5,5,5,5,5,1,1,1,1,5,7,5,5,4,4,5,5,5,5,5,1,5,4,4,5,5,5,5,5,5,5,4,2,2,2,8,5,5,5,5,9,10,11,5,5,5,2,5,5,5,5,5,5,5,5,5,5,3,3,5,5,5,5,4,4,4,4,4,4,4,4,6,6,6,6,6,6,6,6","0.00119209289550781","louvain","edit-xhwikibooks.graphml"
"0.02","0.52","0.46","0.434840880702641","1,1,1,2,3,2,3,2,2,2,3,3,2,2,2,2,2,3,4,3,5,1,2,2,2,2,2,2,1,2,3,4,3,3,4,4,2,2,5,5,5,5,1,1,1,1,5,1,1,1,5,5,5,5,5,1,1,1,1,5,6,5,5,2,2,5,5,5,5,5,1,5,2,2,5,5,5,5,5,5,5,2,2,2,2,7,5,5,5,5,8,9,10,5,5,5,2,5,5,5,5,5,5,5,5,5,5,3,3,5,5,5,5,4,4,4,4,4,4,4,4,2,2,2,2,2,2,2,2","0.00158309936523438","louvain","edit-xhwikibooks.graphml"
"0.01","0.53","0.46","0.423027702499247","1,1,1,2,3,2,3,2,2,2,3,3,2,2,2,2,2,3,4,3,5,1,2,2,2,2,2,2,1,2,3,4,3,3,4,4,2,2,5,5,5,5,1,1,1,1,5,1,1,1,5,5,5,5,5,1,1,1,1,5,6,5,5,2,2,5,5,5,5,5,1,5,2,2,5,5,5,5,5,5,5,2,2,2,2,7,5,5,5,5,8,9,10,5,5,5,2,5,5,5,5,5,5,5,5,5,5,3,3,5,5,5,5,4,4,4,4,4,4,4,4,2,2,2,2,2,2,2,2","0.00101399421691895","louvain","edit-xhwikibooks.graphml"
"0","0.54","0.46","0.425653284631759","1,1,1,2,1,2,3,2,2,2,3,3,2,2,2,2,2,3,4,3,5,1,2,2,2,2,2,2,1,2,3,4,3,3,4,4,2,2,5,5,5,5,1,1,1,1,5,1,1,1,5,5,5,5,5,1,1,1,1,5,6,5,5,2,2,5,5,5,5,5,1,5,2,2,5,5,5,5,5,5,5,2,2,2,2,7,5,5,5,5,8,9,10,5,5,5,2,5,5,5,5,5,5,5,5,5,5,3,3,5,5,5,5,4,4,4,4,4,4,4,4,2,2,2,2,2,2,2,2","0.000981807708740234","louvain","edit-xhwikibooks.graphml"
"0.53","0","0.47","0.394760625606097","1,1,2,3,2,3,2,3,3,3,2,2,3,3,3,3,3,2,4,2,5,1,3,3,3,3,3,3,1,3,2,4,2,2,4,4,3,3,5,5,5,5,1,1,1,1,5,1,1,1,5,5,5,5,5,1,1,1,1,5,3,5,5,3,3,5,5,5,5,5,1,5,3,3,5,5,5,5,5,5,5,3,3,3,3,1,5,5,5,5,3,2,4,5,5,5,3,5,5,5,5,5,5,5,5,5,5,2,2,5,5,5,5,4,4,4,4,4,4,4,4,3,3,3,3,3,3,3,3","0.00116896629333496","louvain","edit-xhwikibooks.graphml"
"0.52","0.01","0.47","0.394760625606097","1,1,2,3,2,3,2,3,3,3,2,2,3,3,3,3,3,2,4,2,5,1,3,3,3,3,3,3,1,3,2,4,2,2,4,4,3,3,5,5,5,5,1,1,1,1,5,1,1,1,5,5,5,5,5,1,1,1,1,5,3,5,5,3,3,5,5,5,5,5,1,5,3,3,5,5,5,5,5,5,5,3,3,3,3,1,5,5,5,5,3,2,4,5,5,5,3,5,5,5,5,5,5,5,5,5,5,2,2,5,5,5,5,4,4,4,4,4,4,4,4,3,3,3,3,3,3,3,3","0.00132918357849121","louvain","edit-xhwikibooks.graphml"
"0.51","0.02","0.47","0.393912844682539","1,1,1,2,1,2,3,2,2,2,3,3,2,2,2,2,2,3,3,3,4,1,2,2,2,2,2,2,1,2,3,3,3,3,3,3,2,2,4,4,4,4,1,1,1,1,4,1,1,1,4,4,4,4,4,1,1,1,1,4,2,4,4,2,2,4,4,4,4,4,1,4,2,2,4,4,4,4,4,4,4,2,2,2,2,1,4,4,4,4,2,3,3,4,4,4,2,4,4,4,4,4,4,4,4,4,4,3,3,4,4,4,4,3,3,3,3,3,3,3,3,2,2,2,2,2,2,2,2","0.00077509880065918","louvain","edit-xhwikibooks.graphml"
"0.5","0.03","0.47","0.394549202236263","1,1,2,3,2,3,2,3,3,3,2,2,3,3,3,3,3,2,4,2,5,1,3,3,3,3,3,3,1,3,2,4,2,2,4,4,3,3,5,5,5,5,1,1,1,1,5,1,1,1,5,5,5,5,5,1,1,1,1,5,3,5,5,3,3,5,5,5,5,5,1,5,3,3,5,5,5,5,5,5,5,3,3,3,3,1,5,5,5,5,3,2,4,5,5,5,3,5,5,5,5,5,5,5,5,5,5,2,2,5,5,5,5,4,4,4,4,4,4,4,4,3,3,3,3,3,3,3,3","0.000668048858642578","louvain","edit-xhwikibooks.graphml"
"0.49","0.04","0.47","0.394059184491681","1,1,2,3,2,3,2,3,3,3,4,2,3,3,3,3,3,4,4,2,5,1,3,3,3,3,3,3,1,3,4,4,2,2,4,4,3,3,5,5,5,5,1,1,1,1,5,1,1,1,5,5,5,5,5,1,1,1,1,5,3,5,5,3,3,5,5,5,5,5,1,5,3,3,5,5,5,5,5,5,5,3,3,3,3,1,5,5,5,5,3,4,4,5,5,5,3,5,5,5,5,5,5,5,5,5,5,2,2,5,5,5,5,4,4,4,4,4,4,4,4,3,3,3,3,3,3,3,3","0.000734090805053711","louvain","edit-xhwikibooks.graphml"
"0.48","0.05","0.47","0.394337988499329","1,1,2,3,2,3,2,3,3,3,2,2,3,3,3,3,3,2,4,2,5,1,3,3,3,3,3,3,1,3,2,4,2,2,4,4,3,3,5,5,5,5,1,1,1,1,5,1,1,1,5,5,5,5,5,1,1,1,1,5,3,5,5,3,3,5,5,5,5,5,1,5,3,3,5,5,5,5,5,5,5,3,3,3,3,1,5,5,5,5,3,2,4,5,5,5,3,5,5,5,5,5,5,5,5,5,5,2,2,5,5,5,5,4,4,4,4,4,4,4,4,3,3,3,3,3,3,3,3","0.00114679336547852","louvain","edit-xhwikibooks.graphml"
"0.47","0.06","0.47","0.39504465731871","1,1,2,3,2,3,2,3,3,3,2,2,3,3,3,3,3,2,4,2,5,1,3,3,3,3,3,3,1,3,2,4,2,2,4,4,3,3,5,5,5,5,1,1,1,1,5,1,1,1,5,5,5,5,5,1,1,1,1,5,3,5,5,3,3,5,5,5,5,5,1,5,3,3,5,5,5,5,5,5,5,3,3,3,3,1,5,5,5,5,3,2,4,5,5,5,3,5,5,5,5,5,5,5,5,5,5,2,2,5,5,5,5,4,4,4,4,4,4,4,4,3,3,3,3,3,3,3,3","0.000863075256347656","louvain","edit-xhwikibooks.graphml"
"0.46","0.07","0.47","0.394833539063175","1,1,2,3,2,3,2,3,3,3,2,2,3,3,3,3,3,2,4,2,5,1,3,3,3,3,3,3,1,3,2,4,2,2,4,4,3,3,5,5,5,5,1,1,1,1,5,1,1,1,5,5,5,5,5,1,1,1,1,5,3,5,5,3,3,5,5,5,5,5,1,5,3,3,5,5,5,5,5,5,5,3,3,3,3,1,5,5,5,5,3,2,4,5,5,5,3,5,5,5,5,5,5,5,5,5,5,2,2,5,5,5,5,4,4,4,4,4,4,4,4,3,3,3,3,3,3,3,3","0.000818967819213867","louvain","edit-xhwikibooks.graphml"
"0.45","0.08","0.47","0.39505045265241","1,1,2,3,2,3,2,3,3,3,4,2,3,3,3,3,3,4,4,2,5,1,3,3,3,3,3,3,1,3,4,4,2,2,4,4,3,3,5,5,5,5,1,1,1,1,5,1,1,1,5,5,5,5,5,1,1,1,1,5,3,5,5,3,3,5,5,5,5,5,1,5,3,3,5,5,5,5,5,5,5,3,3,3,3,1,5,5,5,5,3,4,4,5,5,5,3,5,5,5,5,5,5,5,5,5,5,2,2,5,5,5,5,4,4,4,4,4,4,4,4,3,3,3,3,3,3,3,3","0.00124979019165039","louvain","edit-xhwikibooks.graphml"
"0.44","0.09","0.47","0.394840092933265","1,1,2,3,2,3,2,3,3,3,4,2,3,3,3,3,3,4,4,2,5,1,3,3,3,3,3,3,1,3,4,4,2,2,4,4,3,3,5,5,5,5,1,1,1,1,5,1,1,1,5,5,5,5,5,1,1,1,1,5,3,5,5,3,3,5,5,5,5,5,1,5,3,3,5,5,5,5,5,5,5,3,3,3,3,1,5,5,5,5,3,4,4,5,5,5,3,5,5,5,5,5,5,5,5,5,5,2,2,5,5,5,5,4,4,4,4,4,4,4,4,3,3,3,3,3,3,3,3","0.00114798545837402","louvain","edit-xhwikibooks.graphml"
"0.43","0.1","0.47","0.404735187683326","1,1,2,3,2,3,2,3,3,3,4,2,3,3,3,3,3,4,4,2,5,1,3,3,3,3,3,3,1,3,4,4,2,2,4,4,3,3,5,5,5,5,1,1,1,1,5,1,1,1,5,5,5,5,5,1,1,1,1,5,3,5,5,3,3,5,5,5,5,5,1,5,3,3,5,5,5,5,5,5,5,3,3,3,3,1,5,5,5,5,3,4,4,5,5,5,3,5,5,5,5,5,5,5,5,5,5,2,2,5,5,5,5,4,4,4,4,4,4,4,4,3,3,3,3,3,3,3,3","0.00114321708679199","louvain","edit-xhwikibooks.graphml"
"0.42","0.11","0.47","0.405739649693615","1,1,2,3,2,3,2,3,3,3,2,2,3,3,3,3,3,2,4,2,5,1,3,3,3,3,3,3,1,3,2,4,2,2,4,4,3,3,5,5,5,5,1,1,1,1,5,1,1,1,5,5,5,5,5,1,1,1,1,5,3,5,5,3,3,5,5,5,5,5,1,5,3,3,5,5,5,5,5,5,5,3,3,3,3,1,5,5,5,5,3,2,4,5,5,5,3,5,5,5,5,5,5,5,5,5,5,2,2,5,5,5,5,4,4,4,4,4,4,4,4,3,3,3,3,3,3,3,3","0.00078892707824707","louvain","edit-xhwikibooks.graphml"
"0.41","0.12","0.47","0.406156529009001","1,1,1,2,1,2,3,2,2,2,3,3,2,2,2,2,2,3,3,3,4,1,2,2,2,2,2,2,1,2,3,3,3,3,3,3,2,2,4,4,4,4,1,1,1,1,4,1,1,1,4,4,4,4,4,1,1,1,1,4,2,4,4,2,2,4,4,4,4,4,1,4,2,2,4,4,4,4,4,4,4,2,2,2,2,1,4,4,4,4,2,3,3,4,4,4,2,4,4,4,4,4,4,4,4,4,4,3,3,4,4,4,4,3,3,3,3,3,3,3,3,2,2,2,2,2,2,2,2","0.000814199447631836","louvain","edit-xhwikibooks.graphml"
"0.4","0.13","0.47","0.406894681813926","1,1,2,3,2,3,2,3,3,3,2,2,3,3,3,3,3,2,4,2,5,1,3,3,3,3,3,3,1,3,2,4,2,2,4,4,3,3,5,5,5,5,1,1,1,1,5,1,1,1,5,5,5,5,5,1,1,1,1,5,3,5,5,3,3,5,5,5,5,5,1,5,3,3,5,5,5,5,5,5,5,3,3,3,3,1,5,5,5,5,3,2,4,5,5,5,3,5,5,5,5,5,5,5,5,5,5,2,2,5,5,5,5,4,4,4,4,4,4,4,4,3,3,3,3,3,3,3,3","0.000824213027954102","louvain","edit-xhwikibooks.graphml"
"0.39","0.14","0.47","0.406894681813926","1,1,2,3,2,3,2,3,3,3,2,2,3,3,3,3,3,2,4,2,5,1,3,3,3,3,3,3,1,3,2,4,2,2,4,4,3,3,5,5,5,5,1,1,1,1,5,1,1,1,5,5,5,5,5,1,1,1,1,5,3,5,5,3,3,5,5,5,5,5,1,5,3,3,5,5,5,5,5,5,5,3,3,3,3,1,5,5,5,5,3,2,4,5,5,5,3,5,5,5,5,5,5,5,5,5,5,2,2,5,5,5,5,4,4,4,4,4,4,4,4,3,3,3,3,3,3,3,3","0.00116610527038574","louvain","edit-xhwikibooks.graphml"
"0.38","0.15","0.47","0.407517876871153","1,1,2,3,2,3,2,3,3,3,4,2,3,3,3,3,3,4,4,2,5,1,3,3,3,3,3,3,1,3,4,4,2,2,4,4,3,3,5,5,5,5,1,1,1,1,5,1,1,1,5,5,5,5,5,1,1,1,1,5,3,5,5,3,3,5,5,5,5,5,1,5,3,3,5,5,5,5,5,5,5,3,3,3,3,1,5,5,5,5,3,4,4,5,5,5,3,5,5,5,5,5,5,5,5,5,5,2,2,5,5,5,5,4,4,4,4,4,4,4,4,3,3,3,3,3,3,3,3","0.00120210647583008","louvain","edit-xhwikibooks.graphml"
"0.37","0.16","0.47","0.408217173206291","1,1,2,3,2,3,2,3,3,3,4,2,3,3,3,3,3,4,4,2,5,1,3,3,3,3,3,3,1,3,4,4,2,2,4,4,3,3,5,5,5,5,1,1,1,1,5,1,1,1,5,5,5,5,5,1,1,1,1,5,3,5,5,3,3,5,5,5,5,5,1,5,3,3,5,5,5,5,5,5,5,3,3,3,3,1,5,5,5,5,3,4,4,5,5,5,3,5,5,5,5,5,5,5,5,5,5,2,2,5,5,5,5,4,4,4,4,4,4,4,4,3,3,3,3,3,3,3,3","0.000794887542724609","louvain","edit-xhwikibooks.graphml"
"0.36","0.17","0.47","0.408688953325299","1,1,2,3,2,3,2,3,3,3,4,2,3,3,3,3,3,4,4,2,5,1,3,3,3,3,3,3,1,3,4,4,2,2,4,4,3,3,5,5,5,5,1,1,1,1,5,1,1,1,5,5,5,5,5,1,1,1,1,5,3,5,5,3,3,5,5,5,5,5,1,5,3,3,5,5,5,5,5,5,5,3,3,3,3,1,5,5,5,5,3,4,4,5,5,5,3,5,5,5,5,5,5,5,5,5,5,2,2,5,5,5,5,4,4,4,4,4,4,4,4,3,3,3,3,3,3,3,3","0.00163006782531738","louvain","edit-xhwikibooks.graphml"
"0.35","0.18","0.47","0.409331168115196","1,1,2,3,2,3,2,3,3,3,2,2,3,3,3,3,3,2,4,2,5,1,3,3,3,3,3,3,1,3,2,4,2,2,4,4,3,3,5,5,5,5,1,1,1,1,5,1,1,1,5,5,5,5,5,1,1,1,1,5,3,5,5,3,3,5,5,5,5,5,1,5,3,3,5,5,5,5,5,5,5,3,3,3,3,1,5,5,5,5,3,2,4,5,5,5,3,5,5,5,5,5,5,5,5,5,5,2,2,5,5,5,5,4,4,4,4,4,4,4,4,3,3,3,3,3,3,3,3","0.00144600868225098","louvain","edit-xhwikibooks.graphml"
"0.34","0.19","0.47","0.409110643104503","1,1,2,3,2,3,2,3,3,3,2,2,3,3,3,3,3,2,4,2,5,1,3,3,3,3,3,3,1,3,2,4,2,2,4,4,3,3,5,5,5,5,1,1,1,1,5,1,1,1,5,5,5,5,5,1,1,1,1,5,3,5,5,3,3,5,5,5,5,5,1,5,3,3,5,5,5,5,5,5,5,3,3,3,3,1,5,5,5,5,3,2,4,5,5,5,3,5,5,5,5,5,5,5,5,5,5,2,2,5,5,5,5,4,4,4,4,4,4,4,4,3,3,3,3,3,3,3,3","0.00124597549438477","louvain","edit-xhwikibooks.graphml"
"0.33","0.2","0.47","0.410432842872148","1,1,2,3,2,3,2,3,3,3,2,2,3,3,3,3,3,2,4,2,5,1,3,3,3,3,3,3,1,3,2,4,2,2,4,4,3,3,5,5,5,5,1,1,1,1,5,1,1,1,5,5,5,5,5,1,1,1,1,5,3,5,5,3,3,5,5,5,5,5,1,5,3,3,5,5,5,5,5,5,5,3,3,3,3,1,5,5,5,5,3,2,4,5,5,5,3,5,5,5,5,5,5,5,5,5,5,2,2,5,5,5,5,4,4,4,4,4,4,4,4,3,3,3,3,3,3,3,3","0.00134801864624023","louvain","edit-xhwikibooks.graphml"
"0.32","0.21","0.47","0.410212449575928","1,1,2,3,2,3,2,3,3,3,2,2,3,3,3,3,3,2,4,2,5,1,3,3,3,3,3,3,1,3,2,4,2,2,4,4,3,3,5,5,5,5,1,1,1,1,5,1,1,1,5,5,5,5,5,1,1,1,1,5,3,5,5,3,3,5,5,5,5,5,1,5,3,3,5,5,5,5,5,5,5,3,3,3,3,1,5,5,5,5,3,2,4,5,5,5,3,5,5,5,5,5,5,5,5,5,5,2,2,5,5,5,5,4,4,4,4,4,4,4,4,3,3,3,3,3,3,3,3","0.00120806694030762","louvain","edit-xhwikibooks.graphml"
"0.31","0.22","0.47","0.410212449575928","1,1,2,3,2,3,2,3,3,3,2,2,3,3,3,3,3,2,4,2,5,1,3,3,3,3,3,3,1,3,2,4,2,2,4,4,3,3,5,5,5,5,1,1,1,1,5,1,1,1,5,5,5,5,5,1,1,1,1,5,3,5,5,3,3,5,5,5,5,5,1,5,3,3,5,5,5,5,5,5,5,3,3,3,3,1,5,5,5,5,3,2,4,5,5,5,3,5,5,5,5,5,5,5,5,5,5,2,2,5,5,5,5,4,4,4,4,4,4,4,4,3,3,3,3,3,3,3,3","0.00132298469543457","louvain","edit-xhwikibooks.graphml"
"0.3","0.23","0.47","0.410816920295495","1,1,2,3,2,3,2,3,3,3,4,2,3,3,3,3,3,4,4,2,5,1,3,3,3,3,3,3,1,3,4,4,2,2,4,4,3,3,5,5,5,5,1,1,1,1,5,1,1,1,5,5,5,5,5,1,1,1,1,5,3,5,5,3,3,5,5,5,5,5,1,5,3,3,5,5,5,5,5,5,5,3,3,3,3,1,5,5,5,5,3,4,4,5,5,5,3,5,5,5,5,5,5,5,5,5,5,2,2,5,5,5,5,4,4,4,4,4,4,4,4,3,3,3,3,3,3,3,3","0.00119495391845703","louvain","edit-xhwikibooks.graphml"
"0.29","0.24","0.47","0.41137390596377","1,1,2,3,2,3,2,3,3,3,2,2,3,3,3,3,3,2,4,2,5,1,3,3,3,3,3,3,1,3,2,4,2,2,4,4,3,3,5,5,5,5,1,1,1,1,5,1,1,1,5,5,5,5,5,1,1,1,1,5,3,5,5,3,3,5,5,5,5,5,1,5,3,3,5,5,5,5,5,5,5,3,3,3,3,1,5,5,5,5,3,2,4,5,5,5,3,5,5,5,5,5,5,5,5,5,5,2,2,5,5,5,5,4,4,4,4,4,4,4,4,3,3,3,3,3,3,3,3","0.00104618072509766","louvain","edit-xhwikibooks.graphml"
"0.28","0.25","0.47","0.413112300860973","1,1,2,3,2,3,2,3,3,3,2,2,3,3,3,3,3,2,4,2,5,1,3,3,3,3,3,3,1,3,2,4,2,2,4,4,3,3,5,5,5,5,1,1,1,1,5,1,1,1,5,5,5,5,5,1,1,1,1,5,3,5,5,3,3,5,5,5,5,5,1,5,3,3,5,5,5,5,5,5,5,3,3,3,3,1,5,5,5,5,3,2,4,5,5,5,3,5,5,5,5,5,5,5,5,5,5,2,2,5,5,5,5,4,4,4,4,4,4,4,4,3,3,3,3,3,3,3,3","0.000837087631225586","louvain","edit-xhwikibooks.graphml"
"0.27","0.26","0.47","0.413112300860973","1,1,2,3,2,3,2,3,3,3,2,2,3,3,3,3,3,2,4,2,5,1,3,3,3,3,3,3,1,3,2,4,2,2,4,4,3,3,5,5,5,5,1,1,1,1,5,1,1,1,5,5,5,5,5,1,1,1,1,5,3,5,5,3,3,5,5,5,5,5,1,5,3,3,5,5,5,5,5,5,5,3,3,3,3,1,5,5,5,5,3,2,4,5,5,5,3,5,5,5,5,5,5,5,5,5,5,2,2,5,5,5,5,4,4,4,4,4,4,4,4,3,3,3,3,3,3,3,3","0.000760078430175781","louvain","edit-xhwikibooks.graphml"
"0.26","0.27","0.47","0.413112300860973","1,1,2,3,2,3,2,3,3,3,2,2,3,3,3,3,3,2,4,2,5,1,3,3,3,3,3,3,1,3,2,4,2,2,4,4,3,3,5,5,5,5,1,1,1,1,5,1,1,1,5,5,5,5,5,1,1,1,1,5,3,5,5,3,3,5,5,5,5,5,1,5,3,3,5,5,5,5,5,5,5,3,3,3,3,1,5,5,5,5,3,2,4,5,5,5,3,5,5,5,5,5,5,5,5,5,5,2,2,5,5,5,5,4,4,4,4,4,4,4,4,3,3,3,3,3,3,3,3","0.000939846038818359","louvain","edit-xhwikibooks.graphml"
"0.25","0.28","0.47","0.412892271105826","1,1,2,3,2,3,2,3,3,3,2,2,3,3,3,3,3,2,4,2,5,1,3,3,3,3,3,3,1,3,2,4,2,2,4,4,3,3,5,5,5,5,1,1,1,1,5,1,1,1,5,5,5,5,5,1,1,1,1,5,3,5,5,3,3,5,5,5,5,5,1,5,3,3,5,5,5,5,5,5,5,3,3,3,3,1,5,5,5,5,3,2,4,5,5,5,3,5,5,5,5,5,5,5,5,5,5,2,2,5,5,5,5,4,4,4,4,4,4,4,4,3,3,3,3,3,3,3,3","0.00102782249450684","louvain","edit-xhwikibooks.graphml"
"0.24","0.29","0.47","0.414222996304138","1,1,2,3,2,3,2,3,3,3,2,2,3,3,3,3,3,2,4,2,5,1,3,3,3,3,3,3,1,3,2,4,2,2,4,4,3,3,5,5,5,5,1,1,1,1,5,1,1,1,5,5,5,5,5,1,1,1,1,5,3,5,5,3,3,5,5,5,5,5,1,5,3,3,5,5,5,5,5,5,5,3,3,3,3,1,5,5,5,5,3,2,4,5,5,5,3,5,5,5,5,5,5,5,5,5,5,2,2,5,5,5,5,4,4,4,4,4,4,4,4,3,3,3,3,3,3,3,3","0.000790834426879883","louvain","edit-xhwikibooks.graphml"
"0.23","0.3","0.47","0.411549146718829","1,1,2,3,2,3,2,3,3,3,4,2,3,3,3,3,3,4,4,2,5,1,3,3,3,3,3,3,1,3,4,4,2,2,4,4,3,3,5,5,5,5,1,1,1,1,5,1,1,1,5,5,5,5,5,1,1,1,1,5,3,5,5,3,3,5,5,5,5,5,1,5,3,3,5,5,5,5,5,5,5,3,3,3,3,1,5,5,5,5,3,4,4,5,5,5,3,5,5,5,5,5,5,5,5,5,5,2,2,5,5,5,5,4,4,4,4,4,4,4,4,3,3,3,3,3,3,3,3","0.00116896629333496","louvain","edit-xhwikibooks.graphml"
"0.22","0.31","0.47","0.413445704642489","1,1,2,3,2,3,2,3,3,3,2,2,3,3,3,3,3,2,4,2,5,1,3,3,3,3,3,3,1,3,2,4,2,2,4,4,3,3,5,5,5,5,1,1,1,1,5,1,1,1,5,5,5,5,5,1,1,1,1,5,3,5,5,3,3,5,5,5,5,5,1,5,3,3,5,5,5,5,5,5,5,3,3,3,3,1,5,5,5,5,3,2,4,5,5,5,3,5,5,5,5,5,5,5,5,5,5,2,2,5,5,5,5,4,4,4,4,4,4,4,4,3,3,3,3,3,3,3,3","0.00123500823974609","louvain","edit-xhwikibooks.graphml"
"0.21","0.32","0.47","0.413225512070366","1,1,2,3,2,3,2,3,3,3,2,2,3,3,3,3,3,2,4,2,5,1,3,3,3,3,3,3,1,3,2,4,2,2,4,4,3,3,5,5,5,5,1,1,1,1,5,1,1,1,5,5,5,5,5,1,1,1,1,5,3,5,5,3,3,5,5,5,5,5,1,5,3,3,5,5,5,5,5,5,5,3,3,3,3,1,5,5,5,5,3,2,4,5,5,5,3,5,5,5,5,5,5,5,5,5,5,2,2,5,5,5,5,4,4,4,4,4,4,4,4,3,3,3,3,3,3,3,3","0.00153803825378418","louvain","edit-xhwikibooks.graphml"
"0.2","0.33","0.47","0.411949367833102","1,1,2,2,2,2,3,2,2,2,3,3,2,2,2,2,2,3,3,3,4,1,2,2,2,2,2,2,1,2,3,3,3,3,3,3,2,2,4,4,4,4,1,1,1,1,4,1,1,1,4,4,4,4,4,1,1,1,1,4,2,4,4,2,2,4,4,4,4,4,1,4,2,2,4,4,4,4,4,4,4,2,2,2,2,1,4,4,4,4,2,3,3,4,4,4,2,4,4,4,4,4,4,4,4,4,4,3,3,4,4,4,4,3,3,3,3,3,3,3,3,2,2,2,2,2,2,2,2","0.000929117202758789","louvain","edit-xhwikibooks.graphml"
"0.19","0.34","0.47","0.421907272422284","1,1,2,3,2,3,2,3,3,3,4,2,3,3,3,3,3,4,4,2,5,1,3,3,3,3,3,3,1,3,4,4,2,2,4,4,3,3,5,5,5,5,1,1,1,1,5,1,1,1,5,5,5,5,5,1,1,1,1,5,3,5,5,3,3,5,5,5,5,5,1,5,3,3,5,5,5,5,5,5,5,3,3,3,3,1,5,5,5,5,3,4,4,5,5,5,3,5,5,5,5,5,5,5,5,5,5,2,2,5,5,5,5,4,4,4,4,4,4,4,4,3,3,3,3,3,3,3,3","0.000749826431274414","louvain","edit-xhwikibooks.graphml"
"0.18","0.35","0.47","0.422505760681831","1,1,2,3,2,3,2,3,3,3,2,2,3,3,3,3,3,2,4,2,5,1,3,3,3,3,3,3,1,3,2,4,2,2,4,4,3,3,5,5,5,5,1,1,1,1,5,1,1,1,5,5,5,5,5,1,1,1,1,5,3,5,5,3,3,5,5,5,5,5,1,5,3,3,5,5,5,5,5,5,5,3,3,3,3,1,5,5,5,5,3,2,4,5,5,5,3,5,5,5,5,5,5,5,5,5,5,2,2,5,5,5,5,4,4,4,4,4,4,4,4,3,3,3,3,3,3,3,3","0.000823974609375","louvain","edit-xhwikibooks.graphml"
"0.17","0.36","0.47","0.418078321584098","1,1,2,2,2,3,2,3,3,3,4,2,3,3,3,3,3,4,4,2,5,1,3,3,3,3,3,3,1,3,4,4,2,2,4,4,3,3,5,5,5,5,1,1,1,1,5,1,1,1,5,5,5,5,5,1,1,1,1,5,3,5,5,3,3,5,5,5,5,5,1,5,3,3,5,5,5,5,5,5,5,3,3,3,3,1,5,5,5,5,3,4,4,5,5,5,3,5,5,5,5,5,5,5,5,5,5,2,2,5,5,5,5,4,4,4,4,4,4,4,4,3,3,3,3,3,3,3,3","0.000823974609375","louvain","edit-xhwikibooks.graphml"
"0.16","0.37","0.47","0.418667810712234","1,1,2,2,2,3,2,3,3,3,2,2,3,3,3,3,3,2,4,2,5,1,3,3,3,3,3,3,1,3,2,4,2,2,4,4,3,3,5,5,5,5,1,1,1,1,5,1,1,1,5,5,5,5,5,1,1,1,1,5,3,5,5,3,3,5,5,5,5,5,1,5,3,3,5,5,5,5,5,5,5,3,3,3,3,1,5,5,5,5,3,2,4,5,5,5,3,5,5,5,5,5,5,5,5,5,5,2,2,5,5,5,5,4,4,4,4,4,4,4,4,3,3,3,3,3,3,3,3","0.000742912292480469","louvain","edit-xhwikibooks.graphml"
"0.15","0.38","0.47","0.417858322560269","1,1,2,2,2,3,2,3,3,3,4,2,3,3,3,3,3,4,4,2,5,1,3,3,3,3,3,3,1,3,4,4,2,2,4,4,3,3,5,5,5,5,1,1,1,1,5,1,1,1,5,5,5,5,5,1,1,1,1,5,3,5,5,3,3,5,5,5,5,5,1,5,3,3,5,5,5,5,5,5,5,3,3,3,3,1,5,5,5,5,3,4,4,5,5,5,3,5,5,5,5,5,5,5,5,5,5,2,2,5,5,5,5,4,4,4,4,4,4,4,4,3,3,3,3,3,3,3,3","0.000739812850952148","louvain","edit-xhwikibooks.graphml"
"0.14","0.39","0.47","0.418530618262713","1,1,2,2,2,3,2,3,3,3,4,2,3,3,3,3,3,4,4,2,5,1,3,3,3,3,3,3,1,3,4,4,2,2,4,4,3,3,5,5,5,5,1,1,1,1,5,1,1,1,5,5,5,5,5,1,1,1,1,5,3,5,5,3,3,5,5,5,5,5,1,5,3,3,5,5,5,5,5,5,5,3,3,3,3,1,5,5,5,5,3,4,4,5,5,5,3,5,5,5,5,5,5,5,5,5,5,2,2,5,5,5,5,4,4,4,4,4,4,4,4,3,3,3,3,3,3,3,3","0.000723838806152344","louvain","edit-xhwikibooks.graphml"
"0.13","0.4","0.47","0.419586271757348","1,1,2,2,2,3,2,3,3,3,4,2,3,3,3,3,3,4,4,2,5,1,3,3,3,3,3,3,1,3,4,4,2,2,4,4,3,3,5,5,5,5,1,1,1,1,5,1,1,1,5,5,5,5,5,1,1,1,1,5,3,5,5,3,3,5,5,5,5,5,1,5,3,3,5,5,5,5,5,5,5,3,3,3,3,1,5,5,5,5,3,4,4,5,5,5,3,5,5,5,5,5,5,5,5,5,5,2,2,5,5,5,5,4,4,4,4,4,4,4,4,3,3,3,3,3,3,3,3","0.000787019729614258","louvain","edit-xhwikibooks.graphml"
"0.12","0.41","0.47","0.419586271757348","1,1,2,2,2,3,2,3,3,3,4,2,3,3,3,3,3,4,4,2,5,1,3,3,3,3,3,3,1,3,4,4,2,2,4,4,3,3,5,5,5,5,1,1,1,1,5,1,1,1,5,5,5,5,5,1,1,1,1,5,3,5,5,3,3,5,5,5,5,5,1,5,3,3,5,5,5,5,5,5,5,3,3,3,3,1,5,5,5,5,3,4,4,5,5,5,3,5,5,5,5,5,5,5,5,5,5,2,2,5,5,5,5,4,4,4,4,4,4,4,4,3,3,3,3,3,3,3,3","0.000746011734008789","louvain","edit-xhwikibooks.graphml"
"0.11","0.42","0.47","0.411057860590431","1,1,1,2,3,2,3,2,2,2,3,3,2,2,2,2,2,3,4,3,5,1,2,2,2,2,2,2,1,2,3,4,3,3,4,4,2,2,5,5,5,5,1,1,1,1,5,1,1,1,5,5,5,5,5,1,1,1,1,5,2,5,5,2,2,5,5,5,5,5,1,5,2,2,5,5,5,5,5,5,5,2,2,2,2,1,5,5,5,5,2,3,4,5,5,5,2,5,5,5,5,5,5,5,5,5,5,3,3,5,5,5,5,4,4,4,4,4,4,4,4,2,2,2,2,2,2,2,2","0.00102519989013672","louvain","edit-xhwikibooks.graphml"
"0.1","0.43","0.47","0.412395468542446","1,1,1,2,3,2,3,2,2,2,3,3,2,2,2,2,2,3,4,3,5,1,2,2,2,2,2,2,1,2,3,4,3,3,4,4,2,2,5,5,5,5,1,1,1,1,5,1,1,1,5,5,5,5,5,1,1,1,1,5,2,5,5,2,2,5,5,5,5,5,1,5,2,2,5,5,5,5,5,5,5,2,2,2,2,1,5,5,5,5,2,3,4,5,5,5,2,5,5,5,5,5,5,5,5,5,5,3,3,5,5,5,5,4,4,4,4,4,4,4,4,2,2,2,2,2,2,2,2","0.000817060470581055","louvain","edit-xhwikibooks.graphml"
"0.09","0.44","0.47","0.412176278199721","1,1,1,2,3,2,3,2,2,2,3,3,2,2,2,2,2,3,4,3,5,1,2,2,2,2,2,2,1,2,3,4,3,3,4,4,2,2,5,5,5,5,1,1,1,1,5,1,1,1,5,5,5,5,5,1,1,1,1,5,2,5,5,2,2,5,5,5,5,5,1,5,2,2,5,5,5,5,5,5,5,2,2,2,2,1,5,5,5,5,2,3,4,5,5,5,2,5,5,5,5,5,5,5,5,5,5,3,3,5,5,5,5,4,4,4,4,4,4,4,4,2,2,2,2,2,2,2,2","0.000845193862915039","louvain","edit-xhwikibooks.graphml"
"0.08","0.45","0.47","0.413506767805979","1,1,1,2,3,2,3,2,2,2,3,3,2,2,2,2,2,3,4,3,5,1,2,2,2,2,2,2,1,2,3,4,3,3,4,4,2,2,5,5,5,5,1,1,1,1,5,1,1,1,5,5,5,5,5,1,1,1,1,5,2,5,5,2,2,5,5,5,5,5,1,5,2,2,5,5,5,5,5,5,5,2,2,2,2,1,5,5,5,5,2,3,4,5,5,5,2,5,5,5,5,5,5,5,5,5,5,3,3,5,5,5,5,4,4,4,4,4,4,4,4,2,2,2,2,2,2,2,2","0.000782012939453125","louvain","edit-xhwikibooks.graphml"
"0.07","0.46","0.47","0.413287671232877","1,1,1,2,3,2,3,2,2,2,3,3,2,2,2,2,2,3,4,3,5,1,2,2,2,2,2,2,1,2,3,4,3,3,4,4,2,2,5,5,5,5,1,1,1,1,5,1,1,1,5,5,5,5,5,1,1,1,1,5,2,5,5,2,2,5,5,5,5,5,1,5,2,2,5,5,5,5,5,5,5,2,2,2,2,1,5,5,5,5,2,3,4,5,5,5,2,5,5,5,5,5,5,5,5,5,5,3,3,5,5,5,5,4,4,4,4,4,4,4,4,2,2,2,2,2,2,2,2","0.00104594230651855","louvain","edit-xhwikibooks.graphml"
"0.06","0.47","0.47","0.41396453817976","1,1,1,2,3,2,3,2,2,2,3,3,2,2,2,2,2,3,4,3,5,1,2,2,2,2,2,2,1,2,3,4,3,3,4,4,2,2,5,5,5,5,1,1,1,1,5,1,1,1,5,5,5,5,5,1,1,1,1,5,2,5,5,2,2,5,5,5,5,5,1,5,2,2,5,5,5,5,5,5,5,2,2,2,2,1,5,5,5,5,2,3,4,5,5,5,2,5,5,5,5,5,5,5,5,5,5,3,3,5,5,5,5,4,4,4,4,4,4,4,4,2,2,2,2,2,2,2,2","0.00114989280700684","louvain","edit-xhwikibooks.graphml"
"0.05","0.48","0.47","0.410312273741562","1,1,1,2,3,2,3,2,2,2,3,3,2,2,2,2,2,3,4,3,5,1,2,2,2,2,2,2,1,2,3,4,3,3,4,4,2,2,5,5,5,5,1,1,1,1,5,1,1,1,5,5,5,5,5,1,1,1,1,5,6,5,5,2,2,5,5,5,5,5,1,5,2,2,5,5,5,5,5,5,5,2,2,2,2,7,5,5,5,5,8,9,10,5,5,5,2,5,5,5,5,5,5,5,5,5,5,3,3,5,5,5,5,4,4,4,4,4,4,4,4,2,2,2,2,2,2,2,2","0.00134110450744629","louvain","edit-xhwikibooks.graphml"
"0.04","0.49","0.47","0.410004668254784","1,1,1,2,3,2,3,2,2,2,3,3,2,2,2,2,2,3,3,4,5,1,2,2,2,2,2,2,1,2,3,3,4,4,3,3,2,2,5,5,5,5,1,1,1,1,5,1,1,1,5,5,5,5,5,1,1,1,1,5,6,5,5,2,2,5,5,5,5,5,1,5,2,2,5,5,5,5,5,5,5,2,2,2,2,7,5,5,5,5,8,9,10,5,5,5,2,5,5,5,5,5,5,5,5,5,5,4,4,5,5,5,5,3,3,3,3,3,3,3,3,2,2,2,2,2,2,2,2","0.000931978225708008","louvain","edit-xhwikibooks.graphml"
"0.03","0.5","0.47","0.437815713092707","1,1,1,2,3,2,3,2,2,2,3,3,2,2,2,2,2,3,4,3,5,1,2,2,2,2,2,2,1,2,3,4,3,3,4,4,2,2,5,5,5,5,1,1,1,1,5,1,1,1,5,5,5,5,5,1,1,1,1,5,6,5,5,2,2,5,5,5,5,5,1,5,2,2,5,5,5,5,5,5,5,2,2,2,2,7,5,5,5,5,8,9,10,5,5,5,2,5,5,5,5,5,5,5,5,5,5,3,3,5,5,5,5,4,4,4,4,4,4,4,4,2,2,2,2,2,2,2,2","0.0013420581817627","louvain","edit-xhwikibooks.graphml"
"0.02","0.51","0.47","0.439069396502943","1,1,1,2,3,2,3,2,2,2,3,3,2,2,2,2,2,3,4,3,5,1,2,2,2,2,2,2,1,2,3,4,3,3,4,4,2,2,5,5,5,5,1,1,1,1,5,1,1,1,5,5,5,5,5,1,1,1,1,5,6,5,5,2,2,5,5,5,5,5,1,5,2,2,5,5,5,5,5,5,5,2,2,2,2,7,5,5,5,5,8,9,10,5,5,5,2,5,5,5,5,5,5,5,5,5,5,3,3,5,5,5,5,4,4,4,4,4,4,4,4,2,2,2,2,2,2,2,2","0.00108480453491211","louvain","edit-xhwikibooks.graphml"
"0.01","0.52","0.47","0.438156051946582","1,1,1,2,3,2,3,2,2,2,3,3,2,2,2,2,2,3,3,4,5,1,2,2,2,2,2,2,1,2,3,3,4,4,3,3,2,2,5,5,5,5,1,1,1,1,5,1,1,1,5,5,5,5,5,1,1,1,1,5,6,5,5,2,2,5,5,5,5,5,1,5,2,2,5,5,5,5,5,5,5,2,2,2,2,7,5,5,5,5,8,9,10,5,5,5,2,5,5,5,5,5,5,5,5,5,5,4,4,5,5,5,5,3,3,3,3,3,3,3,3,2,2,2,2,2,2,2,2","0.000950098037719727","louvain","edit-xhwikibooks.graphml"
"0","0.53","0.47","0.439953248207169","1,1,1,2,1,2,3,2,2,2,3,3,2,2,2,2,2,3,4,3,5,1,2,2,2,2,2,2,1,2,3,4,3,3,4,4,2,2,5,5,5,5,1,1,1,1,5,1,1,1,5,5,5,5,5,1,1,1,1,5,6,5,5,2,2,5,5,5,5,5,1,5,2,2,5,5,5,5,5,5,5,2,2,2,2,7,5,5,5,5,8,9,10,5,5,5,2,5,5,5,5,5,5,5,5,5,5,3,3,5,5,5,5,4,4,4,4,4,4,4,4,2,2,2,2,2,2,2,2","0.000880002975463867","louvain","edit-xhwikibooks.graphml"
"0.52","0","0.48","0.393270545667878","1,1,1,2,1,2,3,2,2,2,3,3,2,2,2,2,2,3,3,3,4,1,2,2,2,2,2,2,1,2,3,3,3,3,3,3,2,2,4,4,4,4,1,1,1,1,4,1,1,1,4,4,4,4,4,1,1,1,1,4,2,4,4,2,2,4,4,4,4,4,1,4,2,2,4,4,4,4,4,4,4,2,2,2,2,1,4,4,4,4,2,3,3,4,4,4,2,4,4,4,4,4,4,4,4,4,4,3,3,4,4,4,4,3,3,3,3,3,3,3,3,2,2,2,2,2,2,2,2","0.000854969024658203","louvain","edit-xhwikibooks.graphml"
"0.51","0.01","0.48","0.394116483106043","1,1,2,3,2,3,2,3,3,3,2,2,3,3,3,3,3,2,4,2,5,1,3,3,3,3,3,3,1,3,2,4,2,2,4,4,3,3,5,5,5,5,1,1,1,1,5,1,1,1,5,5,5,5,5,1,1,1,1,5,3,5,5,3,3,5,5,5,5,5,1,5,3,3,5,5,5,5,5,5,5,3,3,3,3,1,5,5,5,5,3,2,4,5,5,5,3,5,5,5,5,5,5,5,5,5,5,2,2,5,5,5,5,4,4,4,4,4,4,4,4,3,3,3,3,3,3,3,3","0.000847816467285156","louvain","edit-xhwikibooks.graphml"
"0.5","0.02","0.48","0.393627132279036","1,1,2,3,2,3,2,3,3,3,4,2,3,3,3,3,3,4,4,2,5,1,3,3,3,3,3,3,1,3,4,4,2,2,4,4,3,3,5,5,5,5,1,1,1,1,5,1,1,1,5,5,5,5,5,1,1,1,1,5,3,5,5,3,3,5,5,5,5,5,1,5,3,3,5,5,5,5,5,5,5,3,3,3,3,1,5,5,5,5,3,4,4,5,5,5,3,5,5,5,5,5,5,5,5,5,5,2,2,5,5,5,5,4,4,4,4,4,4,4,4,3,3,3,3,3,3,3,3","0.000806093215942383","louvain","edit-xhwikibooks.graphml"
"0.49","0.03","0.48","0.393417094729048","1,1,2,3,2,3,2,3,3,3,4,2,3,3,3,3,3,4,4,2,5,1,3,3,3,3,3,3,1,3,4,4,2,2,4,4,3,3,5,5,5,5,1,1,1,1,5,1,1,1,5,5,5,5,5,1,1,1,1,5,3,5,5,3,3,5,5,5,5,5,1,5,3,3,5,5,5,5,5,5,5,3,3,3,3,1,5,5,5,5,3,4,4,5,5,5,3,5,5,5,5,5,5,5,5,5,5,2,2,5,5,5,5,4,4,4,4,4,4,4,4,3,3,3,3,3,3,3,3","0.00132989883422852","louvain","edit-xhwikibooks.graphml"
"0.48","0.04","0.48","0.394123690234171","1,1,2,3,2,3,2,3,3,3,4,2,3,3,3,3,3,4,4,2,5,1,3,3,3,3,3,3,1,3,4,4,2,2,4,4,3,3,5,5,5,5,1,1,1,1,5,1,1,1,5,5,5,5,5,1,1,1,1,5,3,5,5,3,3,5,5,5,5,5,1,5,3,3,5,5,5,5,5,5,5,3,3,3,3,1,5,5,5,5,3,4,4,5,5,5,3,5,5,5,5,5,5,5,5,5,5,2,2,5,5,5,5,4,4,4,4,4,4,4,4,3,3,3,3,3,3,3,3","0.00136613845825195","louvain","edit-xhwikibooks.graphml"
"0.47","0.05","0.48","0.394611711304112","1,1,2,3,2,3,2,3,3,3,2,2,3,3,3,3,3,2,4,2,5,1,3,3,3,3,3,3,1,3,2,4,2,2,4,4,3,3,5,5,5,5,1,1,1,1,5,1,1,1,5,5,5,5,5,1,1,1,1,5,3,5,5,3,3,5,5,5,5,5,1,5,3,3,5,5,5,5,5,5,5,3,3,3,3,1,5,5,5,5,3,2,4,5,5,5,3,5,5,5,5,5,5,5,5,5,5,2,2,5,5,5,5,4,4,4,4,4,4,4,4,3,3,3,3,3,3,3,3","0.0015408992767334","louvain","edit-xhwikibooks.graphml"
"0.46","0.06","0.48","0.394123690234171","1,1,2,3,2,3,2,3,3,3,4,2,3,3,3,3,3,4,4,2,5,1,3,3,3,3,3,3,1,3,4,4,2,2,4,4,3,3,5,5,5,5,1,1,1,1,5,1,1,1,5,5,5,5,5,1,1,1,1,5,3,5,5,3,3,5,5,5,5,5,1,5,3,3,5,5,5,5,5,5,5,3,3,3,3,1,5,5,5,5,3,4,4,5,5,5,3,5,5,5,5,5,5,5,5,5,5,2,2,5,5,5,5,4,4,4,4,4,4,4,4,3,3,3,3,3,3,3,3","0.00125885009765625","louvain","edit-xhwikibooks.graphml"
"0.45","0.07","0.48","0.394401103201796","1,1,2,3,2,3,2,3,3,3,2,2,3,3,3,3,3,2,4,2,5,1,3,3,3,3,3,3,1,3,2,4,2,2,4,4,3,3,5,5,5,5,1,1,1,1,5,1,1,1,5,5,5,5,5,1,1,1,1,5,3,5,5,3,3,5,5,5,5,5,1,5,3,3,5,5,5,5,5,5,5,3,3,3,3,1,5,5,5,5,3,2,4,5,5,5,3,5,5,5,5,5,5,5,5,5,5,2,2,5,5,5,5,4,4,4,4,4,4,4,4,3,3,3,3,3,3,3,3","0.00126504898071289","louvain","edit-xhwikibooks.graphml"
"0.44","0.08","0.48","0.395104642100465","1,1,2,3,2,3,2,3,3,3,2,2,3,3,3,3,3,2,4,2,5,1,3,3,3,3,3,3,1,3,2,4,2,2,4,4,3,3,5,5,5,5,1,1,1,1,5,1,1,1,5,5,5,5,5,1,1,1,1,5,3,5,5,3,3,5,5,5,5,5,1,5,3,3,5,5,5,5,5,5,5,3,3,3,3,1,5,5,5,5,3,2,4,5,5,5,3,5,5,5,5,5,5,5,5,5,5,2,2,5,5,5,5,4,4,4,4,4,4,4,4,3,3,3,3,3,3,3,3","0.000818014144897461","louvain","edit-xhwikibooks.graphml"
"0.43","0.09","0.48","0.394049319824953","1,1,1,2,1,2,3,2,2,2,3,3,2,2,2,2,2,3,3,3,4,1,2,2,2,2,2,2,1,2,3,3,3,3,3,3,2,2,4,4,4,4,1,1,1,1,4,1,1,1,4,4,4,4,4,1,1,1,1,4,2,4,4,2,2,4,4,4,4,4,1,4,2,2,4,4,4,4,4,4,4,2,2,2,2,1,4,4,4,4,2,3,3,4,4,4,2,4,4,4,4,4,4,4,4,4,4,3,3,4,4,4,4,3,3,3,3,3,3,3,3,2,2,2,2,2,2,2,2","0.000808954238891602","louvain","edit-xhwikibooks.graphml"
"0.42","0.1","0.48","0.394894130556052","1,1,2,3,2,3,2,3,3,3,2,2,3,3,3,3,3,2,4,2,5,1,3,3,3,3,3,3,1,3,2,4,2,2,4,4,3,3,5,5,5,5,1,1,1,1,5,1,1,1,5,5,5,5,5,1,1,1,1,5,3,5,5,3,3,5,5,5,5,5,1,5,3,3,5,5,5,5,5,5,5,3,3,3,3,1,5,5,5,5,3,2,4,5,5,5,3,5,5,5,5,5,5,5,5,5,5,2,2,5,5,5,5,4,4,4,4,4,4,4,4,3,3,3,3,3,3,3,3","0.000825881958007812","louvain","edit-xhwikibooks.graphml"
"0.41","0.11","0.48","0.394900154963609","1,1,2,3,2,3,2,3,3,3,4,2,3,3,3,3,3,4,4,2,5,1,3,3,3,3,3,3,1,3,4,4,2,2,4,4,3,3,5,5,5,5,1,1,1,1,5,1,1,1,5,5,5,5,5,1,1,1,1,5,3,5,5,3,3,5,5,5,5,5,1,5,3,3,5,5,5,5,5,5,5,3,3,3,3,1,5,5,5,5,3,4,4,5,5,5,3,5,5,5,5,5,5,5,5,5,5,2,2,5,5,5,5,4,4,4,4,4,4,4,4,3,3,3,3,3,3,3,3","0.00110006332397461","louvain","edit-xhwikibooks.graphml"
"0.4","0.12","0.48","0.396263831641706","1,1,2,3,2,3,2,3,3,3,4,2,3,3,3,3,3,4,4,2,5,1,3,3,3,3,3,3,1,3,4,4,2,2,4,4,3,3,5,5,5,5,1,1,1,1,5,1,1,1,5,5,5,5,5,1,1,1,1,5,3,5,5,3,3,5,5,5,5,5,1,5,3,3,5,5,5,5,5,5,5,3,3,3,3,1,5,5,5,5,3,4,4,5,5,5,3,5,5,5,5,5,5,5,5,5,5,2,2,5,5,5,5,4,4,4,4,4,4,4,4,3,3,3,3,3,3,3,3","0.0014338493347168","louvain","edit-xhwikibooks.graphml"
"0.39","0.13","0.48","0.396542352456592","1,1,2,3,2,3,2,3,3,3,2,2,3,3,3,3,3,2,4,2,5,1,3,3,3,3,3,3,1,3,2,4,2,2,4,4,3,3,5,5,5,5,1,1,1,1,5,1,1,1,5,5,5,5,5,1,1,1,1,5,3,5,5,3,3,5,5,5,5,5,1,5,3,3,5,5,5,5,5,5,5,3,3,3,3,1,5,5,5,5,3,2,4,5,5,5,3,5,5,5,5,5,5,5,5,5,5,2,2,5,5,5,5,4,4,4,4,4,4,4,4,3,3,3,3,3,3,3,3","0.00116300582885742","louvain","edit-xhwikibooks.graphml"
"0.38","0.14","0.48","0.395686329368426","1,1,1,2,1,2,3,2,2,2,3,3,2,2,2,2,2,3,3,3,4,1,2,2,2,2,2,2,1,2,3,3,3,3,3,3,2,2,4,4,4,4,1,1,1,1,4,1,1,1,4,4,4,4,4,1,1,1,1,4,2,4,4,2,2,4,4,4,4,4,1,4,2,2,4,4,4,4,4,4,4,2,2,2,2,1,4,4,4,4,2,3,3,4,4,4,2,4,4,4,4,4,4,4,4,4,4,3,3,4,4,4,4,3,3,3,3,3,3,3,3,2,2,2,2,2,2,2,2","0.00135707855224609","louvain","edit-xhwikibooks.graphml"
"0.37","0.15","0.48","0.396837397396741","1,1,1,2,1,2,1,2,2,2,3,1,2,2,2,2,2,3,3,1,4,1,2,2,2,2,2,2,1,2,3,3,1,1,3,3,2,2,4,4,4,4,1,1,1,1,4,1,1,1,4,4,4,4,4,1,1,1,1,4,2,4,4,2,2,4,4,4,4,4,1,4,2,2,4,4,4,4,4,4,4,2,2,2,2,1,4,4,4,4,2,3,3,4,4,4,2,4,4,4,4,4,4,4,4,4,4,1,1,4,4,4,4,3,3,3,3,3,3,3,3,2,2,2,2,2,2,2,2","0.00148892402648926","louvain","edit-xhwikibooks.graphml"
"0.36","0.16","0.48","0.397894956051706","1,1,2,3,2,3,2,3,3,3,4,2,3,3,3,3,3,4,4,2,5,1,3,3,3,3,3,3,1,3,4,4,2,2,4,4,3,3,5,5,5,5,1,1,1,1,5,1,1,1,5,5,5,5,5,1,1,1,1,5,3,5,5,3,3,5,5,5,5,5,1,5,3,3,5,5,5,5,5,5,5,3,3,3,3,1,5,5,5,5,3,4,4,5,5,5,3,5,5,5,5,5,5,5,5,5,5,2,2,5,5,5,5,4,4,4,4,4,4,4,4,3,3,3,3,3,3,3,3","0.00155997276306152","louvain","edit-xhwikibooks.graphml"
"0.35","0.17","0.48","0.39886768923806","1,1,2,3,2,3,2,3,3,3,2,2,3,3,3,3,3,2,4,2,5,1,3,3,3,3,3,3,1,3,2,4,2,2,4,4,3,3,5,5,5,5,1,1,1,1,5,1,1,1,5,5,5,5,5,1,1,1,1,5,3,5,5,3,3,5,5,5,5,5,1,5,3,3,5,5,5,5,5,5,5,3,3,3,3,1,5,5,5,5,3,2,4,5,5,5,3,5,5,5,5,5,5,5,5,5,5,2,2,5,5,5,5,4,4,4,4,4,4,4,4,3,3,3,3,3,3,3,3","0.00147795677185059","louvain","edit-xhwikibooks.graphml"
"0.34","0.18","0.48","0.399634362167126","1,1,2,3,2,3,2,3,3,3,2,2,3,3,3,3,3,2,4,2,5,1,3,3,3,3,3,3,1,3,2,4,2,2,4,4,3,3,5,5,5,5,1,1,1,1,5,1,1,1,5,5,5,5,5,1,1,1,1,5,3,5,5,3,3,5,5,5,5,5,1,5,3,3,5,5,5,5,5,5,5,3,3,3,3,1,5,5,5,5,3,2,4,5,5,5,3,5,5,5,5,5,5,5,5,5,5,2,2,5,5,5,5,4,4,4,4,4,4,4,4,3,3,3,3,3,3,3,3","0.00121307373046875","louvain","edit-xhwikibooks.graphml"
"0.33","0.19","0.48","0.399424015079806","1,1,2,3,2,3,2,3,3,3,2,2,3,3,3,3,3,2,4,2,5,1,3,3,3,3,3,3,1,3,2,4,2,2,4,4,3,3,5,5,5,5,1,1,1,1,5,1,1,1,5,5,5,5,5,1,1,1,1,5,3,5,5,3,3,5,5,5,5,5,1,5,3,3,5,5,5,5,5,5,5,3,3,3,3,1,5,5,5,5,3,2,4,5,5,5,3,5,5,5,5,5,5,5,5,5,5,2,2,5,5,5,5,4,4,4,4,4,4,4,4,3,3,3,3,3,3,3,3","0.00128507614135742","louvain","edit-xhwikibooks.graphml"
"0.32","0.2","0.48","0.40073681138738","1,1,2,3,2,3,2,3,3,3,2,2,3,3,3,3,3,2,4,2,5,1,3,3,3,3,3,3,1,3,2,4,2,2,4,4,3,3,5,5,5,5,1,1,1,1,5,1,1,1,5,5,5,5,5,1,1,1,1,5,3,5,5,3,3,5,5,5,5,5,1,5,3,3,5,5,5,5,5,5,5,3,3,3,3,1,5,5,5,5,3,2,4,5,5,5,3,5,5,5,5,5,5,5,5,5,5,2,2,5,5,5,5,4,4,4,4,4,4,4,4,3,3,3,3,3,3,3,3","0.00145792961120605","louvain","edit-xhwikibooks.graphml"
"0.31","0.21","0.48","0.400526552857979","1,1,2,3,2,3,2,3,3,3,2,2,3,3,3,3,3,2,4,2,5,1,3,3,3,3,3,3,1,3,2,4,2,2,4,4,3,3,5,5,5,5,1,1,1,1,5,1,1,1,5,5,5,5,5,1,1,1,1,5,3,5,5,3,3,5,5,5,5,5,1,5,3,3,5,5,5,5,5,5,5,3,3,3,3,1,5,5,5,5,3,2,4,5,5,5,3,5,5,5,5,5,5,5,5,5,5,2,2,5,5,5,5,4,4,4,4,4,4,4,4,3,3,3,3,3,3,3,3","0.00113701820373535","louvain","edit-xhwikibooks.graphml"
"0.3","0.22","0.48","0.400526552857979","1,1,2,3,2,3,2,3,3,3,2,2,3,3,3,3,3,2,4,2,5,1,3,3,3,3,3,3,1,3,2,4,2,2,4,4,3,3,5,5,5,5,1,1,1,1,5,1,1,1,5,5,5,5,5,1,1,1,1,5,3,5,5,3,3,5,5,5,5,5,1,5,3,3,5,5,5,5,5,5,5,3,3,3,3,1,5,5,5,5,3,2,4,5,5,5,3,5,5,5,5,5,5,5,5,5,5,2,2,5,5,5,5,4,4,4,4,4,4,4,4,3,3,3,3,3,3,3,3","0.000828981399536133","louvain","edit-xhwikibooks.graphml"
"0.29","0.23","0.48","0.401653799445414","1,1,2,3,2,3,2,3,3,3,2,2,3,3,3,3,3,2,4,2,5,1,3,3,3,3,3,3,1,3,2,4,2,2,4,4,3,3,5,5,5,5,1,1,1,1,5,1,1,1,5,5,5,5,5,1,1,1,1,5,3,5,5,3,3,5,5,5,5,5,1,5,3,3,5,5,5,5,5,5,5,3,3,3,3,1,5,5,5,5,3,2,4,5,5,5,3,5,5,5,5,5,5,5,5,5,5,2,2,5,5,5,5,4,4,4,4,4,4,4,4,3,3,3,3,3,3,3,3","0.000883102416992188","louvain","edit-xhwikibooks.graphml"
"0.28","0.24","0.48","0.402336700662534","1,1,2,3,2,3,2,3,3,3,2,2,3,3,3,3,3,2,4,2,5,1,3,3,3,3,3,3,1,3,2,4,2,2,4,4,3,3,5,5,5,5,1,1,1,1,5,1,1,1,5,5,5,5,5,1,1,1,1,5,3,5,5,3,3,5,5,5,5,5,1,5,3,3,5,5,5,5,5,5,5,3,3,3,3,1,5,5,5,5,3,2,4,5,5,5,3,5,5,5,5,5,5,5,5,5,5,2,2,5,5,5,5,4,4,4,4,4,4,4,4,3,3,3,3,3,3,3,3","0.000823974609375","louvain","edit-xhwikibooks.graphml"
"0.27","0.25","0.48","0.40406567902731","1,1,2,3,2,3,2,3,3,3,2,2,3,3,3,3,3,2,4,2,5,1,3,3,3,3,3,3,1,3,2,4,2,2,4,4,3,3,5,5,5,5,1,1,1,1,5,1,1,1,5,5,5,5,5,1,1,1,1,5,3,5,5,3,3,5,5,5,5,5,1,5,3,3,5,5,5,5,5,5,5,3,3,3,3,1,5,5,5,5,3,2,4,5,5,5,3,5,5,5,5,5,5,5,5,5,5,2,2,5,5,5,5,4,4,4,4,4,4,4,4,3,3,3,3,3,3,3,3","0.00078892707824707","louvain","edit-xhwikibooks.graphml"
"0.26","0.26","0.48","0.40406567902731","1,1,2,3,2,3,2,3,3,3,2,2,3,3,3,3,3,2,4,2,5,1,3,3,3,3,3,3,1,3,2,4,2,2,4,4,3,3,5,5,5,5,1,1,1,1,5,1,1,1,5,5,5,5,5,1,1,1,1,5,3,5,5,3,3,5,5,5,5,5,1,5,3,3,5,5,5,5,5,5,5,3,3,3,3,1,5,5,5,5,3,2,4,5,5,5,3,5,5,5,5,5,5,5,5,5,5,2,2,5,5,5,5,4,4,4,4,4,4,4,4,3,3,3,3,3,3,3,3","0.000756978988647461","louvain","edit-xhwikibooks.graphml"
"0.25","0.27","0.48","0.403579048878701","1,1,2,3,2,3,2,3,3,3,4,2,3,3,3,3,3,4,4,2,5,1,3,3,3,3,3,3,1,3,4,4,2,2,4,4,3,3,5,5,5,5,1,1,1,1,5,1,1,1,5,5,5,5,5,1,1,1,1,5,3,5,5,3,3,5,5,5,5,5,1,5,3,3,5,5,5,5,5,5,5,3,3,3,3,1,5,5,5,5,3,4,4,5,5,5,3,5,5,5,5,5,5,5,5,5,5,2,2,5,5,5,5,4,4,4,4,4,4,4,4,3,3,3,3,3,3,3,3","0.00077509880065918","louvain","edit-xhwikibooks.graphml"
"0.24","0.28","0.48","0.403855628012627","1,1,2,3,2,3,2,3,3,3,2,2,3,3,3,3,3,2,4,2,5,1,3,3,3,3,3,3,1,3,2,4,2,2,4,4,3,3,5,5,5,5,1,1,1,1,5,1,1,1,5,5,5,5,5,1,1,1,1,5,3,5,5,3,3,5,5,5,5,5,1,5,3,3,5,5,5,5,5,5,5,3,3,3,3,1,5,5,5,5,3,2,4,5,5,5,3,5,5,5,5,5,5,5,5,5,5,2,2,5,5,5,5,4,4,4,4,4,4,4,4,3,3,3,3,3,3,3,3","0.000978946685791016","louvain","edit-xhwikibooks.graphml"
"0.23","0.29","0.48","0.404532444444444","1,1,2,3,2,3,2,3,3,3,2,2,3,3,3,3,3,2,4,2,5,1,3,3,3,3,3,3,1,3,2,4,2,2,4,4,3,3,5,5,5,5,1,1,1,1,5,1,1,1,5,5,5,5,5,1,1,1,1,5,3,5,5,3,3,5,5,5,5,5,1,5,3,3,5,5,5,5,5,5,5,3,3,3,3,1,5,5,5,5,3,2,4,5,5,5,3,5,5,5,5,5,5,5,5,5,5,2,2,5,5,5,5,4,4,4,4,4,4,4,4,3,3,3,3,3,3,3,3","0.00154495239257812","louvain","edit-xhwikibooks.graphml"
"0.22","0.3","0.48","0.404322501410341","1,1,2,3,2,3,2,3,3,3,2,2,3,3,3,3,3,2,4,2,5,1,3,3,3,3,3,3,1,3,2,4,2,2,4,4,3,3,5,5,5,5,1,1,1,1,5,1,1,1,5,5,5,5,5,1,1,1,1,5,3,5,5,3,3,5,5,5,5,5,1,5,3,3,5,5,5,5,5,5,5,3,3,3,3,1,5,5,5,5,3,2,4,5,5,5,3,5,5,5,5,5,5,5,5,5,5,2,2,5,5,5,5,4,4,4,4,4,4,4,4,3,3,3,3,3,3,3,3","0.00145101547241211","louvain","edit-xhwikibooks.graphml"
"0.21","0.31","0.48","0.404698033518237","1,1,1,2,1,2,3,2,2,2,3,3,2,2,2,2,2,3,3,3,4,1,2,2,2,2,2,2,1,2,3,3,3,3,3,3,2,2,4,4,4,4,1,1,1,1,4,1,1,1,4,4,4,4,4,1,1,1,1,4,2,4,4,2,2,4,4,4,4,4,1,4,2,2,4,4,4,4,4,4,4,2,2,2,2,1,4,4,4,4,2,3,3,4,4,4,2,4,4,4,4,4,4,4,4,4,4,3,3,4,4,4,4,3,3,3,3,3,3,3,3,2,2,2,2,2,2,2,2","0.00143289566040039","louvain","edit-xhwikibooks.graphml"
"0.2","0.32","0.48","0.405461322996831","1,1,2,3,2,3,2,3,3,3,2,2,3,3,3,3,3,2,4,2,5,1,3,3,3,3,3,3,1,3,2,4,2,2,4,4,3,3,5,5,5,5,1,1,1,1,5,1,1,1,5,5,5,5,5,1,1,1,1,5,3,5,5,3,3,5,5,5,5,5,1,5,3,3,5,5,5,5,5,5,5,3,3,3,3,1,5,5,5,5,3,2,4,5,5,5,3,5,5,5,5,5,5,5,5,5,5,2,2,5,5,5,5,4,4,4,4,4,4,4,4,3,3,3,3,3,3,3,3","0.0010218620300293","louvain","edit-xhwikibooks.graphml"
"0.19","0.33","0.48","0.404820874994301","1,1,2,3,2,3,2,3,3,3,2,2,3,3,3,3,3,2,4,2,5,1,3,3,3,3,3,3,1,3,2,4,2,2,4,4,3,3,5,5,5,5,1,1,1,1,5,1,1,1,5,5,5,5,5,1,1,1,1,5,3,5,5,3,3,5,5,5,5,5,1,5,3,3,5,5,5,5,5,5,5,3,3,3,3,1,5,5,5,5,3,2,4,5,5,5,3,5,5,5,5,5,5,5,5,5,5,2,2,5,5,5,5,4,4,4,4,4,4,4,4,3,3,3,3,3,3,3,3","0.00139403343200684","louvain","edit-xhwikibooks.graphml"
"0.18","0.34","0.48","0.413968261407684","1,1,2,3,2,3,2,3,3,3,2,2,3,3,3,3,3,2,4,2,5,1,3,3,3,3,3,3,1,3,2,4,2,2,4,4,3,3,5,5,5,5,1,1,1,1,5,1,1,1,5,5,5,5,5,1,1,1,1,5,3,5,5,3,3,5,5,5,5,5,1,5,3,3,5,5,5,5,5,5,5,3,3,3,3,1,5,5,5,5,3,2,4,5,5,5,3,5,5,5,5,5,5,5,5,5,5,2,2,5,5,5,5,4,4,4,4,4,4,4,4,3,3,3,3,3,3,3,3","0.00147199630737305","louvain","edit-xhwikibooks.graphml"
"0.17","0.35","0.48","0.413409312232134","1,1,2,3,2,3,2,3,3,3,4,2,3,3,3,3,3,4,4,2,5,1,3,3,3,3,3,3,1,3,4,4,2,2,4,4,3,3,5,5,5,5,1,1,1,1,5,1,1,1,5,5,5,5,5,1,1,1,1,5,3,5,5,3,3,5,5,5,5,5,1,5,3,3,5,5,5,5,5,5,5,3,3,3,3,1,5,5,5,5,3,4,4,5,5,5,3,5,5,5,5,5,5,5,5,5,5,2,2,5,5,5,5,4,4,4,4,4,4,4,4,3,3,3,3,3,3,3,3","0.000916957855224609","louvain","edit-xhwikibooks.graphml"
"0.16","0.36","0.48","0.413199321649278","1,1,2,3,2,3,2,3,3,3,4,2,3,3,3,3,3,4,4,2,5,1,3,3,3,3,3,3,1,3,4,4,2,2,4,4,3,3,5,5,5,5,1,1,1,1,5,1,1,1,5,5,5,5,5,1,1,1,1,5,3,5,5,3,3,5,5,5,5,5,1,5,3,3,5,5,5,5,5,5,5,3,3,3,3,1,5,5,5,5,3,4,4,5,5,5,3,5,5,5,5,5,5,5,5,5,5,2,2,5,5,5,5,4,4,4,4,4,4,4,4,3,3,3,3,3,3,3,3","0.00124216079711914","louvain","edit-xhwikibooks.graphml"
"0.15","0.37","0.48","0.4113494319729","1,1,2,3,2,3,2,3,3,3,4,2,3,3,3,3,3,4,4,2,5,1,3,3,3,3,3,3,1,3,4,4,2,2,4,4,3,3,5,5,5,5,1,1,1,1,5,1,1,1,5,5,5,5,5,1,1,1,1,5,3,5,5,3,3,5,5,5,5,5,1,5,3,3,5,5,5,5,5,5,5,3,3,3,3,1,5,5,5,5,3,4,4,5,5,5,3,5,5,5,5,5,5,5,5,5,5,2,2,5,5,5,5,4,4,4,4,4,4,4,4,3,3,3,3,3,3,3,3","0.000852823257446289","louvain","edit-xhwikibooks.graphml"
"0.14","0.38","0.48","0.411699784532271","1,1,2,3,2,3,2,3,3,3,2,2,3,3,3,3,3,2,4,2,5,1,3,3,3,3,3,3,1,3,2,4,2,2,4,4,3,3,5,5,5,5,1,1,1,1,5,1,1,1,5,5,5,5,5,1,1,1,1,5,3,5,5,3,3,5,5,5,5,5,1,5,3,3,5,5,5,5,5,5,5,3,3,3,3,1,5,5,5,5,3,2,4,5,5,5,3,5,5,5,5,5,5,5,5,5,5,2,2,5,5,5,5,4,4,4,4,4,4,4,4,3,3,3,3,3,3,3,3","0.000762939453125","louvain","edit-xhwikibooks.graphml"
"0.13","0.39","0.48","0.4117994306669","1,1,2,3,2,3,2,3,3,3,4,2,3,3,3,3,3,4,4,2,5,1,3,3,3,3,3,3,1,3,4,4,2,2,4,4,3,3,5,5,5,5,1,1,1,1,5,1,1,1,5,5,5,5,5,1,1,1,1,5,3,5,5,3,3,5,5,5,5,5,1,5,3,3,5,5,5,5,5,5,5,3,3,3,3,1,5,5,5,5,3,4,4,5,5,5,3,5,5,5,5,5,5,5,5,5,5,2,2,5,5,5,5,4,4,4,4,4,4,4,4,3,3,3,3,3,3,3,3","0.000798940658569336","louvain","edit-xhwikibooks.graphml"
"0.12","0.4","0.48","0.412835656163435","1,1,2,3,2,3,2,3,3,3,4,2,3,3,3,3,3,4,4,2,5,1,3,3,3,3,3,3,1,3,4,4,2,2,4,4,3,3,5,5,5,5,1,1,1,1,5,1,1,1,5,5,5,5,5,1,1,1,1,5,3,5,5,3,3,5,5,5,5,5,1,5,3,3,5,5,5,5,5,5,5,3,3,3,3,1,5,5,5,5,3,4,4,5,5,5,3,5,5,5,5,5,5,5,5,5,5,2,2,5,5,5,5,4,4,4,4,4,4,4,4,3,3,3,3,3,3,3,3","0.000725030899047852","louvain","edit-xhwikibooks.graphml"
"0.11","0.41","0.48","0.408182153707624","1,1,2,2,2,2,3,4,4,2,3,3,4,4,4,2,2,3,3,3,5,1,4,4,4,4,4,2,1,2,3,3,3,3,3,3,4,4,5,5,5,5,1,1,1,1,5,1,1,1,5,5,5,5,5,1,1,1,1,5,4,5,5,4,4,5,5,5,5,5,1,5,4,4,5,5,5,5,5,5,5,4,2,2,2,1,5,5,5,5,2,3,3,5,5,5,2,5,5,5,5,5,5,5,5,5,5,3,3,5,5,5,5,3,3,3,3,3,3,3,3,4,4,4,4,4,4,4,4","0.00092315673828125","louvain","edit-xhwikibooks.graphml"
"0.1","0.42","0.48","0.40959796969796","1,1,2,2,2,3,2,3,3,3,2,2,3,3,3,3,3,2,4,2,5,1,3,3,3,3,3,3,1,3,2,4,2,2,4,4,3,3,5,5,5,5,1,1,1,1,5,1,1,1,5,5,5,5,5,1,1,1,1,5,3,5,5,3,3,5,5,5,5,5,1,5,3,3,5,5,5,5,5,5,5,3,3,3,3,1,5,5,5,5,3,2,4,5,5,5,3,5,5,5,5,5,5,5,5,5,5,2,2,5,5,5,5,4,4,4,4,4,4,4,4,3,3,3,3,3,3,3,3","0.000853061676025391","louvain","edit-xhwikibooks.graphml"
"0.09","0.43","0.48","0.410335468513516","1,1,2,2,2,3,2,3,3,3,4,2,3,3,3,3,3,4,4,2,5,1,3,3,3,3,3,3,1,3,4,4,2,2,4,4,3,3,5,5,5,5,1,1,1,1,5,1,1,1,5,5,5,5,5,1,1,1,1,5,3,5,5,3,3,5,5,5,5,5,1,5,3,3,5,5,5,5,5,5,5,3,3,3,3,1,5,5,5,5,3,4,4,5,5,5,3,5,5,5,5,5,5,5,5,5,5,2,2,5,5,5,5,4,4,4,4,4,4,4,4,3,3,3,3,3,3,3,3","0.0415809154510498","louvain","edit-xhwikibooks.graphml"
"0.08","0.44","0.48","0.410678576450187","1,1,2,2,2,3,2,3,3,3,2,2,3,3,3,3,3,2,4,2,5,1,3,3,3,3,3,3,1,3,2,4,2,2,4,4,3,3,5,5,5,5,1,1,1,1,5,1,1,1,5,5,5,5,5,1,1,1,1,5,3,5,5,3,3,5,5,5,5,5,1,5,3,3,5,5,5,5,5,5,5,3,3,3,3,1,5,5,5,5,3,2,4,5,5,5,3,5,5,5,5,5,5,5,5,5,5,2,2,5,5,5,5,4,4,4,4,4,4,4,4,3,3,3,3,3,3,3,3","0.000898122787475586","louvain","edit-xhwikibooks.graphml"
"0.07","0.45","0.48","0.403212074235153","1,1,1,2,3,2,3,2,2,2,3,3,2,2,2,2,2,3,4,3,5,1,2,2,2,2,2,2,1,2,3,4,3,3,4,4,2,2,5,5,5,5,1,1,1,1,5,1,1,1,5,5,5,5,5,1,1,1,1,5,2,5,5,2,2,5,5,5,5,5,1,5,2,2,5,5,5,5,5,5,5,2,2,2,2,1,5,5,5,5,2,3,4,5,5,5,2,5,5,5,5,5,5,5,5,5,5,3,3,5,5,5,5,4,4,4,4,4,4,4,4,2,2,2,2,2,2,2,2","0.000735998153686523","louvain","edit-xhwikibooks.graphml"
"0.06","0.46","0.48","0.403002973515763","1,1,1,2,3,2,3,2,2,2,3,3,2,2,2,2,2,3,4,3,5,1,2,2,2,2,2,2,1,2,3,4,3,3,4,4,2,2,5,5,5,5,1,1,1,1,5,1,1,1,5,5,5,5,5,1,1,1,1,5,2,5,5,2,2,5,5,5,5,5,1,5,2,2,5,5,5,5,5,5,5,2,2,2,2,1,5,5,5,5,2,3,4,5,5,5,2,5,5,5,5,5,5,5,5,5,5,3,3,5,5,5,5,4,4,4,4,4,4,4,4,2,2,2,2,2,2,2,2","0.000790834426879883","louvain","edit-xhwikibooks.graphml"
"0.05","0.47","0.48","0.403675314327125","1,1,1,2,3,2,3,2,2,2,3,3,2,2,2,2,2,3,4,3,5,1,2,2,2,2,2,2,1,2,3,4,3,3,4,4,2,2,5,5,5,5,1,1,1,1,5,1,1,1,5,5,5,5,5,1,1,1,1,5,2,5,5,2,2,5,5,5,5,5,1,5,2,2,5,5,5,5,5,5,5,2,2,2,2,1,5,5,5,5,2,3,4,5,5,5,2,5,5,5,5,5,5,5,5,5,5,3,3,5,5,5,5,4,4,4,4,4,4,4,4,2,2,2,2,2,2,2,2","0.000761032104492188","louvain","edit-xhwikibooks.graphml"
"0.04","0.48","0.48","0.40346632377153","1,1,1,2,3,2,3,2,2,2,3,3,2,2,2,2,2,3,4,3,5,1,2,2,2,2,2,2,1,2,3,4,3,3,4,4,2,2,5,5,5,5,1,1,1,1,5,1,1,1,5,5,5,5,5,1,1,1,1,5,2,5,5,2,2,5,5,5,5,5,1,5,2,2,5,5,5,5,5,5,5,2,2,2,2,1,5,5,5,5,2,3,4,5,5,5,2,5,5,5,5,5,5,5,5,5,5,3,3,5,5,5,5,4,4,4,4,4,4,4,4,2,2,2,2,2,2,2,2","0.00077509880065918","louvain","edit-xhwikibooks.graphml"
"0.03","0.49","0.48","0.400486673581203","1,1,1,2,3,2,3,2,2,2,3,3,2,2,2,2,2,3,4,3,5,1,2,2,2,2,2,2,1,2,3,4,3,3,4,4,2,2,5,5,5,5,1,1,1,1,5,1,1,1,5,5,5,5,5,1,1,1,1,5,6,5,5,2,2,5,5,5,5,5,1,5,2,2,5,5,5,5,5,5,5,2,2,2,2,7,5,5,5,5,8,9,10,5,5,5,2,5,5,5,5,5,5,5,5,5,5,3,3,5,5,5,5,4,4,4,4,4,4,4,4,2,2,2,2,2,2,2,2","0.000765085220336914","louvain","edit-xhwikibooks.graphml"
"0.02","0.5","0.48","0.427884775888201","1,1,1,2,3,2,3,2,2,2,3,3,2,2,2,2,2,3,4,3,5,1,2,2,2,2,2,2,1,2,3,4,3,3,4,4,2,2,5,5,5,5,1,1,1,1,5,1,1,1,5,5,5,5,5,1,1,1,1,5,6,5,5,2,2,5,5,5,5,5,1,5,2,2,5,5,5,5,5,5,5,2,2,2,2,7,5,5,5,5,8,9,10,5,5,5,2,5,5,5,5,5,5,5,5,5,5,3,3,5,5,5,5,4,4,4,4,4,4,4,4,2,2,2,2,2,2,2,2","0.000770092010498047","louvain","edit-xhwikibooks.graphml"
"0.01","0.51","0.48","0.429133818938606","1,1,1,2,3,2,3,2,2,2,3,3,2,2,2,2,2,3,4,3,5,1,2,2,2,2,2,2,1,2,3,4,3,3,4,4,2,2,5,5,5,5,1,1,1,1,5,1,1,1,5,5,5,5,5,1,1,1,1,5,6,5,5,2,2,5,5,5,5,5,1,5,2,2,5,5,5,5,5,5,5,2,2,2,2,7,5,5,5,5,8,9,10,5,5,5,2,5,5,5,5,5,5,5,5,5,5,3,3,5,5,5,5,4,4,4,4,4,4,4,4,2,2,2,2,2,2,2,2","0.00121092796325684","louvain","edit-xhwikibooks.graphml"
"0","0.52","0.48","0.430912212400624","1,1,1,2,1,2,3,2,2,2,3,3,2,2,2,2,2,3,4,3,5,1,2,2,2,2,2,2,1,2,3,4,3,3,4,4,2,2,5,5,5,5,1,1,1,1,5,1,1,1,5,5,5,5,5,1,1,1,1,5,6,5,5,2,2,5,5,5,5,5,1,5,2,2,5,5,5,5,5,5,5,2,2,2,2,7,5,5,5,5,8,9,10,5,5,5,2,5,5,5,5,5,5,5,5,5,5,3,3,5,5,5,5,4,4,4,4,4,4,4,4,2,2,2,2,2,2,2,2","0.00102782249450684","louvain","edit-xhwikibooks.graphml"
"0.51","0","0.49","0.384175843326907","1,1,2,3,2,3,2,3,3,3,4,2,3,3,3,3,3,4,4,2,5,1,3,3,3,3,3,3,1,3,4,4,2,2,4,4,3,3,5,5,5,5,1,1,1,1,5,1,1,1,5,5,5,5,5,1,1,1,1,5,3,5,5,3,3,5,5,5,5,5,1,5,3,3,5,5,5,5,5,5,5,3,3,3,3,1,5,5,5,5,3,4,4,5,5,5,3,5,5,5,5,5,5,5,5,5,5,2,2,5,5,5,5,4,4,4,4,4,4,4,4,3,3,3,3,3,3,3,3","0.00101399421691895","louvain","edit-xhwikibooks.graphml"
"0.5","0.01","0.49","0.384635928939429","1,1,2,3,2,3,2,3,3,3,2,2,3,3,3,3,3,2,4,2,5,1,3,3,3,3,3,3,1,3,2,4,2,2,4,4,3,3,5,5,5,5,1,1,1,1,5,1,1,1,5,5,5,5,5,1,1,1,1,5,3,5,5,3,3,5,5,5,5,5,1,5,3,3,5,5,5,5,5,5,5,3,3,3,3,1,5,5,5,5,3,2,4,5,5,5,3,5,5,5,5,5,5,5,5,5,5,2,2,5,5,5,5,4,4,4,4,4,4,4,4,3,3,3,3,3,3,3,3","0.00101804733276367","louvain","edit-xhwikibooks.graphml"
"0.49","0.02","0.49","0.385336533441009","1,1,2,3,2,3,2,3,3,3,2,2,3,3,3,3,3,2,4,2,5,1,3,3,3,3,3,3,1,3,2,4,2,2,4,4,3,3,5,5,5,5,1,1,1,1,5,1,1,1,5,5,5,5,5,1,1,1,1,5,3,5,5,3,3,5,5,5,5,5,1,5,3,3,5,5,5,5,5,5,5,3,3,3,3,1,5,5,5,5,3,2,4,5,5,5,3,5,5,5,5,5,5,5,5,5,5,2,2,5,5,5,5,4,4,4,4,4,4,4,4,3,3,3,3,3,3,3,3","0.00100898742675781","louvain","edit-xhwikibooks.graphml"
"0.48","0.03","0.49","0.384676153234122","1,1,2,3,2,3,2,3,3,3,4,2,3,3,3,3,3,4,4,2,5,1,3,3,3,3,3,3,1,3,4,4,2,2,4,4,3,3,5,5,5,5,1,1,1,1,5,1,1,1,5,5,5,5,5,1,1,1,1,5,3,5,5,3,3,5,5,5,5,5,1,5,3,3,5,5,5,5,5,5,5,3,3,3,3,1,5,5,5,5,3,4,4,5,5,5,3,5,5,5,5,5,5,5,5,5,5,2,2,5,5,5,5,4,4,4,4,4,4,4,4,3,3,3,3,3,3,3,3","0.000946044921875","louvain","edit-xhwikibooks.graphml"
"0.47","0.04","0.49","0.394611711304112","1,1,2,3,2,3,2,3,3,3,2,2,3,3,3,3,3,2,4,2,5,1,3,3,3,3,3,3,1,3,2,4,2,2,4,4,3,3,5,5,5,5,1,1,1,1,5,1,1,1,5,5,5,5,5,1,1,1,1,5,3,5,5,3,3,5,5,5,5,5,1,5,3,3,5,5,5,5,5,5,5,3,3,3,3,1,5,5,5,5,3,2,4,5,5,5,3,5,5,5,5,5,5,5,5,5,5,2,2,5,5,5,5,4,4,4,4,4,4,4,4,3,3,3,3,3,3,3,3","0.000938892364501953","louvain","edit-xhwikibooks.graphml"
"0.46","0.05","0.49","0.394401103201796","1,1,2,3,2,3,2,3,3,3,2,2,3,3,3,3,3,2,4,2,5,1,3,3,3,3,3,3,1,3,2,4,2,2,4,4,3,3,5,5,5,5,1,1,1,1,5,1,1,1,5,5,5,5,5,1,1,1,1,5,3,5,5,3,3,5,5,5,5,5,1,5,3,3,5,5,5,5,5,5,5,3,3,3,3,1,5,5,5,5,3,2,4,5,5,5,3,5,5,5,5,5,5,5,5,5,5,2,2,5,5,5,5,4,4,4,4,4,4,4,4,3,3,3,3,3,3,3,3","0.00100302696228027","louvain","edit-xhwikibooks.graphml"
"0.45","0.06","0.49","0.394401103201796","1,1,2,3,2,3,2,3,3,3,2,2,3,3,3,3,3,2,4,2,5,1,3,3,3,3,3,3,1,3,2,4,2,2,4,4,3,3,5,5,5,5,1,1,1,1,5,1,1,1,5,5,5,5,5,1,1,1,1,5,3,5,5,3,3,5,5,5,5,5,1,5,3,3,5,5,5,5,5,5,5,3,3,3,3,1,5,5,5,5,3,2,4,5,5,5,3,5,5,5,5,5,5,5,5,5,5,2,2,5,5,5,5,4,4,4,4,4,4,4,4,3,3,3,3,3,3,3,3","0.000911951065063477","louvain","edit-xhwikibooks.graphml"
"0.44","0.07","0.49","0.393704006352867","1,1,2,3,2,3,2,3,3,3,4,2,3,3,3,3,3,4,4,2,5,1,3,3,3,3,3,3,1,3,4,4,2,2,4,4,3,3,5,5,5,5,1,1,1,1,5,1,1,1,5,5,5,5,5,1,1,1,1,5,3,5,5,3,3,5,5,5,5,5,1,5,3,3,5,5,5,5,5,5,5,3,3,3,3,1,5,5,5,5,3,4,4,5,5,5,3,5,5,5,5,5,5,5,5,5,5,2,2,5,5,5,5,4,4,4,4,4,4,4,4,3,3,3,3,3,3,3,3","0.000925064086914062","louvain","edit-xhwikibooks.graphml"
"0.43","0.08","0.49","0.394408093981799","1,1,2,3,2,3,2,3,3,3,4,2,3,3,3,3,3,4,4,2,5,1,3,3,3,3,3,3,1,3,4,4,2,2,4,4,3,3,5,5,5,5,1,1,1,1,5,1,1,1,5,5,5,5,5,1,1,1,1,5,3,5,5,3,3,5,5,5,5,5,1,5,3,3,5,5,5,5,5,5,5,3,3,3,3,1,5,5,5,5,3,4,4,5,5,5,3,5,5,5,5,5,5,5,5,5,5,2,2,5,5,5,5,4,4,4,4,4,4,4,4,3,3,3,3,3,3,3,3","0.000991106033325195","louvain","edit-xhwikibooks.graphml"
"0.42","0.09","0.49","0.394683826486642","1,1,2,3,2,3,2,3,3,3,2,2,3,3,3,3,3,2,4,2,5,1,3,3,3,3,3,3,1,3,2,4,2,2,4,4,3,3,5,5,5,5,1,1,1,1,5,1,1,1,5,5,5,5,5,1,1,1,1,5,3,5,5,3,3,5,5,5,5,5,1,5,3,3,5,5,5,5,5,5,5,3,3,3,3,1,5,5,5,5,3,2,4,5,5,5,3,5,5,5,5,5,5,5,5,5,5,2,2,5,5,5,5,4,4,4,4,4,4,4,4,3,3,3,3,3,3,3,3","0.000926017761230469","louvain","edit-xhwikibooks.graphml"
"0.41","0.1","0.49","0.394198448721632","1,1,2,3,2,3,2,3,3,3,4,2,3,3,3,3,3,4,4,2,5,1,3,3,3,3,3,3,1,3,4,4,2,2,4,4,3,3,5,5,5,5,1,1,1,1,5,1,1,1,5,5,5,5,5,1,1,1,1,5,3,5,5,3,3,5,5,5,5,5,1,5,3,3,5,5,5,5,5,5,5,3,3,3,3,1,5,5,5,5,3,4,4,5,5,5,3,5,5,5,5,5,5,5,5,5,5,2,2,5,5,5,5,4,4,4,4,4,4,4,4,3,3,3,3,3,3,3,3","0.000758886337280273","louvain","edit-xhwikibooks.graphml"
"0.4","0.11","0.49","0.395174668775891","1,1,2,3,2,3,2,3,3,3,2,2,3,3,3,3,3,2,4,2,5,1,3,3,3,3,3,3,1,3,2,4,2,2,4,4,3,3,5,5,5,5,1,1,1,1,5,1,1,1,5,5,5,5,5,1,1,1,1,5,3,5,5,3,3,5,5,5,5,5,1,5,3,3,5,5,5,5,5,5,5,3,3,3,3,1,5,5,5,5,3,2,4,5,5,5,3,5,5,5,5,5,5,5,5,5,5,2,2,5,5,5,5,4,4,4,4,4,4,4,4,3,3,3,3,3,3,3,3","0.000768899917602539","louvain","edit-xhwikibooks.graphml"
"0.39","0.12","0.49","0.396542352456592","1,1,2,3,2,3,2,3,3,3,2,2,3,3,3,3,3,2,4,2,5,1,3,3,3,3,3,3,1,3,2,4,2,2,4,4,3,3,5,5,5,5,1,1,1,1,5,1,1,1,5,5,5,5,5,1,1,1,1,5,3,5,5,3,3,5,5,5,5,5,1,5,3,3,5,5,5,5,5,5,5,3,3,3,3,1,5,5,5,5,3,2,4,5,5,5,3,5,5,5,5,5,5,5,5,5,5,2,2,5,5,5,5,4,4,4,4,4,4,4,4,3,3,3,3,3,3,3,3","0.000774145126342773","louvain","edit-xhwikibooks.graphml"
"0.38","0.13","0.49","0.396332176771366","1,1,2,3,2,3,2,3,3,3,2,2,3,3,3,3,3,2,4,2,5,1,3,3,3,3,3,3,1,3,2,4,2,2,4,4,3,3,5,5,5,5,1,1,1,1,5,1,1,1,5,5,5,5,5,1,1,1,1,5,3,5,5,3,3,5,5,5,5,5,1,5,3,3,5,5,5,5,5,5,5,3,3,3,3,1,5,5,5,5,3,2,4,5,5,5,3,5,5,5,5,5,5,5,5,5,5,2,2,5,5,5,5,4,4,4,4,4,4,4,4,3,3,3,3,3,3,3,3","0.000729084014892578","louvain","edit-xhwikibooks.graphml"
"0.37","0.14","0.49","0.396332176771366","1,1,2,3,2,3,2,3,3,3,2,2,3,3,3,3,3,2,4,2,5,1,3,3,3,3,3,3,1,3,2,4,2,2,4,4,3,3,5,5,5,5,1,1,1,1,5,1,1,1,5,5,5,5,5,1,1,1,1,5,3,5,5,3,3,5,5,5,5,5,1,5,3,3,5,5,5,5,5,5,5,3,3,3,3,1,5,5,5,5,3,2,4,5,5,5,3,5,5,5,5,5,5,5,5,5,5,2,2,5,5,5,5,4,4,4,4,4,4,4,4,3,3,3,3,3,3,3,3","0.000780820846557617","louvain","edit-xhwikibooks.graphml"
"0.36","0.15","0.49","0.397482550042309","1,1,2,3,2,3,2,3,3,3,2,2,3,3,3,3,3,2,4,2,5,1,3,3,3,3,3,3,1,3,2,4,2,2,4,4,3,3,5,5,5,5,1,1,1,1,5,1,1,1,5,5,5,5,5,1,1,1,1,5,3,5,5,3,3,5,5,5,5,5,1,5,3,3,5,5,5,5,5,5,5,3,3,3,3,1,5,5,5,5,3,2,4,5,5,5,3,5,5,5,5,5,5,5,5,5,5,2,2,5,5,5,5,4,4,4,4,4,4,4,4,3,3,3,3,3,3,3,3","0.000778913497924805","louvain","edit-xhwikibooks.graphml"
"0.35","0.16","0.49","0.398175779745861","1,1,2,3,2,3,2,3,3,3,2,2,3,3,3,3,3,2,4,2,5,1,3,3,3,3,3,3,1,3,2,4,2,2,4,4,3,3,5,5,5,5,1,1,1,1,5,1,1,1,5,5,5,5,5,1,1,1,1,5,3,5,5,3,3,5,5,5,5,5,1,5,3,3,5,5,5,5,5,5,5,3,3,3,3,1,5,5,5,5,3,2,4,5,5,5,3,5,5,5,5,5,5,5,5,5,5,2,2,5,5,5,5,4,4,4,4,4,4,4,4,3,3,3,3,3,3,3,3","0.000665903091430664","louvain","edit-xhwikibooks.graphml"
"0.34","0.17","0.49","0.399424015079806","1,1,2,3,2,3,2,3,3,3,2,2,3,3,3,3,3,2,4,2,5,1,3,3,3,3,3,3,1,3,2,4,2,2,4,4,3,3,5,5,5,5,1,1,1,1,5,1,1,1,5,5,5,5,5,1,1,1,1,5,3,5,5,3,3,5,5,5,5,5,1,5,3,3,5,5,5,5,5,5,5,3,3,3,3,1,5,5,5,5,3,2,4,5,5,5,3,5,5,5,5,5,5,5,5,5,5,2,2,5,5,5,5,4,4,4,4,4,4,4,4,3,3,3,3,3,3,3,3","0.0006561279296875","louvain","edit-xhwikibooks.graphml"
"0.33","0.18","0.49","0.399424015079806","1,1,2,3,2,3,2,3,3,3,2,2,3,3,3,3,3,2,4,2,5,1,3,3,3,3,3,3,1,3,2,4,2,2,4,4,3,3,5,5,5,5,1,1,1,1,5,1,1,1,5,5,5,5,5,1,1,1,1,5,3,5,5,3,3,5,5,5,5,5,1,5,3,3,5,5,5,5,5,5,5,3,3,3,3,1,5,5,5,5,3,2,4,5,5,5,3,5,5,5,5,5,5,5,5,5,5,2,2,5,5,5,5,4,4,4,4,4,4,4,4,3,3,3,3,3,3,3,3","0.00071406364440918","louvain","edit-xhwikibooks.graphml"
"0.32","0.19","0.49","0.39921387226847","1,1,2,3,2,3,2,3,3,3,2,2,3,3,3,3,3,2,4,2,5,1,3,3,3,3,3,3,1,3,2,4,2,2,4,4,3,3,5,5,5,5,1,1,1,1,5,1,1,1,5,5,5,5,5,1,1,1,1,5,3,5,5,3,3,5,5,5,5,5,1,5,3,3,5,5,5,5,5,5,5,3,3,3,3,1,5,5,5,5,3,2,4,5,5,5,3,5,5,5,5,5,5,5,5,5,5,2,2,5,5,5,5,4,4,4,4,4,4,4,4,3,3,3,3,3,3,3,3","0.000722885131835938","louvain","edit-xhwikibooks.graphml"
"0.31","0.2","0.49","0.400526552857979","1,1,2,3,2,3,2,3,3,3,2,2,3,3,3,3,3,2,4,2,5,1,3,3,3,3,3,3,1,3,2,4,2,2,4,4,3,3,5,5,5,5,1,1,1,1,5,1,1,1,5,5,5,5,5,1,1,1,1,5,3,5,5,3,3,5,5,5,5,5,1,5,3,3,5,5,5,5,5,5,5,3,3,3,3,1,5,5,5,5,3,2,4,5,5,5,3,5,5,5,5,5,5,5,5,5,5,2,2,5,5,5,5,4,4,4,4,4,4,4,4,3,3,3,3,3,3,3,3","0.000779151916503906","louvain","edit-xhwikibooks.graphml"
"0.3","0.21","0.49","0.399830685431615","1,1,2,3,2,3,2,3,3,3,4,2,3,3,3,3,3,4,4,2,5,1,3,3,3,3,3,3,1,3,4,4,2,2,4,4,3,3,5,5,5,5,1,1,1,1,5,1,1,1,5,5,5,5,5,1,1,1,1,5,3,5,5,3,3,5,5,5,5,5,1,5,3,3,5,5,5,5,5,5,5,3,3,3,3,1,5,5,5,5,3,4,4,5,5,5,3,5,5,5,5,5,5,5,5,5,5,2,2,5,5,5,5,4,4,4,4,4,4,4,4,3,3,3,3,3,3,3,3","0.000722885131835938","louvain","edit-xhwikibooks.graphml"
"0.29","0.22","0.49","0.399366239916584","1,1,1,2,1,2,3,2,2,2,3,3,2,2,2,2,2,3,3,3,4,1,2,2,2,2,2,2,1,2,3,3,3,3,3,3,2,2,4,4,4,4,1,1,1,1,4,1,1,1,4,4,4,4,4,1,1,1,1,4,2,4,4,2,2,4,4,4,4,4,1,4,2,2,4,4,4,4,4,4,4,2,2,2,2,1,4,4,4,4,2,3,3,4,4,4,2,4,4,4,4,4,4,4,4,4,4,3,3,4,4,4,4,3,3,3,3,3,3,3,3,2,2,2,2,2,2,2,2","0.000699996948242188","louvain","edit-xhwikibooks.graphml"
"0.28","0.23","0.49","0.400954554496433","1,1,2,3,2,3,2,3,3,3,4,2,3,3,3,3,3,4,4,2,5,1,3,3,3,3,3,3,1,3,4,4,2,2,4,4,3,3,5,5,5,5,1,1,1,1,5,1,1,1,5,5,5,5,5,1,1,1,1,5,3,5,5,3,3,5,5,5,5,5,1,5,3,3,5,5,5,5,5,5,5,3,3,3,3,1,5,5,5,5,3,4,4,5,5,5,3,5,5,5,5,5,5,5,5,5,5,2,2,5,5,5,5,4,4,4,4,4,4,4,4,3,3,3,3,3,3,3,3","0.000723123550415039","louvain","edit-xhwikibooks.graphml"
"0.27","0.24","0.49","0.401638012997617","1,1,2,3,2,3,2,3,3,3,4,2,3,3,3,3,3,4,4,2,5,1,3,3,3,3,3,3,1,3,4,4,2,2,4,4,3,3,5,5,5,5,1,1,1,1,5,1,1,1,5,5,5,5,5,1,1,1,1,5,3,5,5,3,3,5,5,5,5,5,1,5,3,3,5,5,5,5,5,5,5,3,3,3,3,1,5,5,5,5,3,4,4,5,5,5,3,5,5,5,5,5,5,5,5,5,5,2,2,5,5,5,5,4,4,4,4,4,4,4,4,3,3,3,3,3,3,3,3","0.000783920288085938","louvain","edit-xhwikibooks.graphml"
"0.26","0.25","0.49","0.403369646920495","1,1,2,3,2,3,2,3,3,3,4,2,3,3,3,3,3,4,4,2,5,1,3,3,3,3,3,3,1,3,4,4,2,2,4,4,3,3,5,5,5,5,1,1,1,1,5,1,1,1,5,5,5,5,5,1,1,1,1,5,3,5,5,3,3,5,5,5,5,5,1,5,3,3,5,5,5,5,5,5,5,3,3,3,3,1,5,5,5,5,3,4,4,5,5,5,3,5,5,5,5,5,5,5,5,5,5,2,2,5,5,5,5,4,4,4,4,4,4,4,4,3,3,3,3,3,3,3,3","0.000784873962402344","louvain","edit-xhwikibooks.graphml"
"0.25","0.26","0.49","0.403369646920495","1,1,2,3,2,3,2,3,3,3,4,2,3,3,3,3,3,4,4,2,5,1,3,3,3,3,3,3,1,3,4,4,2,2,4,4,3,3,5,5,5,5,1,1,1,1,5,1,1,1,5,5,5,5,5,1,1,1,1,5,3,5,5,3,3,5,5,5,5,5,1,5,3,3,5,5,5,5,5,5,5,3,3,3,3,1,5,5,5,5,3,4,4,5,5,5,3,5,5,5,5,5,5,5,5,5,5,2,2,5,5,5,5,4,4,4,4,4,4,4,4,3,3,3,3,3,3,3,3","0.000782012939453125","louvain","edit-xhwikibooks.graphml"
"0.24","0.27","0.49","0.403855628012627","1,1,2,3,2,3,2,3,3,3,2,2,3,3,3,3,3,2,4,2,5,1,3,3,3,3,3,3,1,3,2,4,2,2,4,4,3,3,5,5,5,5,1,1,1,1,5,1,1,1,5,5,5,5,5,1,1,1,1,5,3,5,5,3,3,5,5,5,5,5,1,5,3,3,5,5,5,5,5,5,5,3,3,3,3,1,5,5,5,5,3,2,4,5,5,5,3,5,5,5,5,5,5,5,5,5,5,2,2,5,5,5,5,4,4,4,4,4,4,4,4,3,3,3,3,3,3,3,3","0.000737190246582031","louvain","edit-xhwikibooks.graphml"
"0.23","0.28","0.49","0.403645777777778","1,1,2,3,2,3,2,3,3,3,2,2,3,3,3,3,3,2,4,2,5,1,3,3,3,3,3,3,1,3,2,4,2,2,4,4,3,3,5,5,5,5,1,1,1,1,5,1,1,1,5,5,5,5,5,1,1,1,1,5,3,5,5,3,3,5,5,5,5,5,1,5,3,3,5,5,5,5,5,5,5,3,3,3,3,1,5,5,5,5,3,2,4,5,5,5,3,5,5,5,5,5,5,5,5,5,5,2,2,5,5,5,5,4,4,4,4,4,4,4,4,3,3,3,3,3,3,3,3","0.000729084014892578","louvain","edit-xhwikibooks.graphml"
"0.22","0.29","0.49","0.404963377724508","1,1,2,3,2,3,2,3,3,3,2,2,3,3,3,3,3,2,4,2,5,1,3,3,3,3,3,3,1,3,2,4,2,2,4,4,3,3,5,5,5,5,1,1,1,1,5,1,1,1,5,5,5,5,5,1,1,1,1,5,3,5,5,3,3,5,5,5,5,5,1,5,3,3,5,5,5,5,5,5,5,3,3,3,3,1,5,5,5,5,3,2,4,5,5,5,3,5,5,5,5,5,5,5,5,5,5,2,2,5,5,5,5,4,4,4,4,4,4,4,4,3,3,3,3,3,3,3,3","0.000795125961303711","louvain","edit-xhwikibooks.graphml"
"0.21","0.3","0.49","0.403790998619306","1,1,1,2,1,2,3,2,2,2,3,3,2,2,2,2,2,3,3,3,4,1,2,2,2,2,2,2,1,2,3,3,3,3,3,3,2,2,4,4,4,4,1,1,1,1,4,1,1,1,4,4,4,4,4,1,1,1,1,4,2,4,4,2,2,4,4,4,4,4,1,4,2,2,4,4,4,4,4,4,4,2,2,2,2,1,4,4,4,4,2,3,3,4,4,4,2,4,4,4,4,4,4,4,4,4,4,3,3,4,4,4,4,3,3,3,3,3,3,3,3,2,2,2,2,2,2,2,2","0.000739097595214844","louvain","edit-xhwikibooks.graphml"
"0.2","0.31","0.49","0.406099711923709","1,1,2,3,2,3,2,3,3,3,2,2,3,3,3,3,3,2,4,2,5,1,3,3,3,3,3,3,1,3,2,4,2,2,4,4,3,3,5,5,5,5,1,1,1,1,5,1,1,1,5,5,5,5,5,1,1,1,1,5,3,5,5,3,3,5,5,5,5,5,1,5,3,3,5,5,5,5,5,5,5,3,3,3,3,1,5,5,5,5,3,2,4,5,5,5,3,5,5,5,5,5,5,5,5,5,5,2,2,5,5,5,5,4,4,4,4,4,4,4,4,3,3,3,3,3,3,3,3","0.000767946243286133","louvain","edit-xhwikibooks.graphml"
"0.19","0.32","0.49","0.405889941782229","1,1,2,3,2,3,2,3,3,3,2,2,3,3,3,3,3,2,4,2,5,1,3,3,3,3,3,3,1,3,2,4,2,2,4,4,3,3,5,5,5,5,1,1,1,1,5,1,1,1,5,5,5,5,5,1,1,1,1,5,3,5,5,3,3,5,5,5,5,5,1,5,3,3,5,5,5,5,5,5,5,3,3,3,3,1,5,5,5,5,3,2,4,5,5,5,3,5,5,5,5,5,5,5,5,5,5,2,2,5,5,5,5,4,4,4,4,4,4,4,4,3,3,3,3,3,3,3,3","0.000726938247680664","louvain","edit-xhwikibooks.graphml"
"0.18","0.33","0.49","0.405889941782229","1,1,2,3,2,3,2,3,3,3,2,2,3,3,3,3,3,2,4,2,5,1,3,3,3,3,3,3,1,3,2,4,2,2,4,4,3,3,5,5,5,5,1,1,1,1,5,1,1,1,5,5,5,5,5,1,1,1,1,5,3,5,5,3,3,5,5,5,5,5,1,5,3,3,5,5,5,5,5,5,5,3,3,3,3,1,5,5,5,5,3,2,4,5,5,5,3,5,5,5,5,5,5,5,5,5,5,2,2,5,5,5,5,4,4,4,4,4,4,4,4,3,3,3,3,3,3,3,3","0.000650882720947266","louvain","edit-xhwikibooks.graphml"
"0.17","0.34","0.49","0.414990483872292","1,1,2,3,2,3,2,3,3,3,2,2,3,3,3,3,3,2,4,2,5,1,3,3,3,3,3,3,1,3,2,4,2,2,4,4,3,3,5,5,5,5,1,1,1,1,5,1,1,1,5,5,5,5,5,1,1,1,1,5,3,5,5,3,3,5,5,5,5,5,1,5,3,3,5,5,5,5,5,5,5,3,3,3,3,1,5,5,5,5,3,2,4,5,5,5,3,5,5,5,5,5,5,5,5,5,5,2,2,5,5,5,5,4,4,4,4,4,4,4,4,3,3,3,3,3,3,3,3","0.000679969787597656","louvain","edit-xhwikibooks.graphml"
"0.16","0.35","0.49","0.414990483872292","1,1,2,3,2,3,2,3,3,3,2,2,3,3,3,3,3,2,4,2,5,1,3,3,3,3,3,3,1,3,2,4,2,2,4,4,3,3,5,5,5,5,1,1,1,1,5,1,1,1,5,5,5,5,5,1,1,1,1,5,3,5,5,3,3,5,5,5,5,5,1,5,3,3,5,5,5,5,5,5,5,3,3,3,3,1,5,5,5,5,3,2,4,5,5,5,3,5,5,5,5,5,5,5,5,5,5,2,2,5,5,5,5,4,4,4,4,4,4,4,4,3,3,3,3,3,3,3,3","0.000730037689208984","louvain","edit-xhwikibooks.graphml"
"0.15","0.36","0.49","0.414779899192051","1,1,2,3,2,3,2,3,3,3,2,2,3,3,3,3,3,2,4,2,5,1,3,3,3,3,3,3,1,3,2,4,2,2,4,4,3,3,5,5,5,5,1,1,1,1,5,1,1,1,5,5,5,5,5,1,1,1,1,5,3,5,5,3,3,5,5,5,5,5,1,5,3,3,5,5,5,5,5,5,5,3,3,3,3,1,5,5,5,5,3,2,4,5,5,5,3,5,5,5,5,5,5,5,5,5,5,2,2,5,5,5,5,4,4,4,4,4,4,4,4,3,3,3,3,3,3,3,3","0.000632047653198242","louvain","edit-xhwikibooks.graphml"
"0.14","0.37","0.49","0.414779899192051","1,1,2,3,2,3,2,3,3,3,2,2,3,3,3,3,3,2,4,2,5,1,3,3,3,3,3,3,1,3,2,4,2,2,4,4,3,3,5,5,5,5,1,1,1,1,5,1,1,1,5,5,5,5,5,1,1,1,1,5,3,5,5,3,3,5,5,5,5,5,1,5,3,3,5,5,5,5,5,5,5,3,3,3,3,1,5,5,5,5,3,2,4,5,5,5,3,5,5,5,5,5,5,5,5,5,5,2,2,5,5,5,5,4,4,4,4,4,4,4,4,3,3,3,3,3,3,3,3","0.000663995742797852","louvain","edit-xhwikibooks.graphml"
"0.13","0.38","0.49","0.414569509585782","1,1,2,3,2,3,2,3,3,3,2,2,3,3,3,3,3,2,4,2,5,1,3,3,3,3,3,3,1,3,2,4,2,2,4,4,3,3,5,5,5,5,1,1,1,1,5,1,1,1,5,5,5,5,5,1,1,1,1,5,3,5,5,3,3,5,5,5,5,5,1,5,3,3,5,5,5,5,5,5,5,3,3,3,3,1,5,5,5,5,3,2,4,5,5,5,3,5,5,5,5,5,5,5,5,5,5,2,2,5,5,5,5,4,4,4,4,4,4,4,4,3,3,3,3,3,3,3,3","0.000667810440063477","louvain","edit-xhwikibooks.graphml"
"0.12","0.39","0.49","0.414667162667659","1,1,2,3,2,3,2,3,3,3,4,2,3,3,3,3,3,4,4,2,5,1,3,3,3,3,3,3,1,3,4,4,2,2,4,4,3,3,5,5,5,5,1,1,1,1,5,1,1,1,5,5,5,5,5,1,1,1,1,5,3,5,5,3,3,5,5,5,5,5,1,5,3,3,5,5,5,5,5,5,5,3,3,3,3,1,5,5,5,5,3,4,4,5,5,5,3,5,5,5,5,5,5,5,5,5,5,2,2,5,5,5,5,4,4,4,4,4,4,4,4,3,3,3,3,3,3,3,3","0.000668048858642578","louvain","edit-xhwikibooks.graphml"
"0.11","0.4","0.49","0.415070623822292","1,1,2,3,2,3,2,3,3,3,4,2,3,3,3,3,3,4,4,2,5,1,3,3,3,3,3,3,1,3,4,4,2,2,4,4,3,3,5,5,5,5,1,1,1,1,5,1,1,1,5,5,5,5,5,1,1,1,1,5,3,5,5,3,3,5,5,5,5,5,1,5,3,3,5,5,5,5,5,5,5,3,3,3,3,1,5,5,5,5,3,4,4,5,5,5,3,5,5,5,5,5,5,5,5,5,5,2,2,5,5,5,5,4,4,4,4,4,4,4,4,3,3,3,3,3,3,3,3","0.000680923461914062","louvain","edit-xhwikibooks.graphml"
"0.1","0.41","0.49","0.415070623822292","1,1,2,3,2,3,2,3,3,3,4,2,3,3,3,3,3,4,4,2,5,1,3,3,3,3,3,3,1,3,4,4,2,2,4,4,3,3,5,5,5,5,1,1,1,1,5,1,1,1,5,5,5,5,5,1,1,1,1,5,3,5,5,3,3,5,5,5,5,5,1,5,3,3,5,5,5,5,5,5,5,3,3,3,3,1,5,5,5,5,3,4,4,5,5,5,3,5,5,5,5,5,5,5,5,5,5,2,2,5,5,5,5,4,4,4,4,4,4,4,4,3,3,3,3,3,3,3,3","0.000734806060791016","louvain","edit-xhwikibooks.graphml"
"0.09","0.42","0.49","0.41480137211016","1,1,2,3,2,3,2,3,3,3,2,2,3,3,3,3,3,2,4,2,5,1,3,3,3,3,3,3,1,3,2,4,2,2,4,4,3,3,5,5,5,5,1,1,1,1,5,1,1,1,5,5,5,5,5,1,1,1,1,5,3,5,5,3,3,5,5,5,5,5,1,5,3,3,5,5,5,5,5,5,5,3,3,3,3,1,5,5,5,5,3,2,4,5,5,5,3,5,5,5,5,5,5,5,5,5,5,2,2,5,5,5,5,4,4,4,4,4,4,4,4,3,3,3,3,3,3,3,3","0.000737190246582031","louvain","edit-xhwikibooks.graphml"
"0.08","0.43","0.49","0.41606161426496","1,1,2,3,2,3,2,3,3,3,2,2,3,3,3,3,3,2,4,2,5,1,3,3,3,3,3,3,1,3,2,4,2,2,4,4,3,3,5,5,5,5,1,1,1,1,5,1,1,1,5,5,5,5,5,1,1,1,1,5,3,5,5,3,3,5,5,5,5,5,1,5,3,3,5,5,5,5,5,5,5,3,3,3,3,1,5,5,5,5,3,2,4,5,5,5,3,5,5,5,5,5,5,5,5,5,5,2,2,5,5,5,5,4,4,4,4,4,4,4,4,3,3,3,3,3,3,3,3","0.000769138336181641","louvain","edit-xhwikibooks.graphml"
"0.07","0.44","0.49","0.414033431873152","1,1,2,3,2,3,2,3,3,3,2,2,3,3,3,3,3,2,4,2,5,1,3,3,3,3,3,3,1,3,2,4,2,2,4,4,3,3,5,5,5,5,1,1,1,1,5,1,1,1,5,5,5,5,5,1,1,1,1,5,3,5,5,3,3,5,5,5,5,5,1,5,3,3,5,5,5,5,5,5,5,3,3,3,3,1,5,5,5,5,3,2,4,5,5,5,3,5,5,5,5,5,5,5,5,5,5,2,2,5,5,5,5,4,4,4,4,4,4,4,4,3,3,3,3,3,3,3,3","0.000617027282714844","louvain","edit-xhwikibooks.graphml"
"0.06","0.45","0.49","0.415298475937813","1,1,2,3,2,3,2,3,3,3,2,2,3,3,3,3,3,2,4,2,5,1,3,3,3,3,3,3,1,3,2,4,2,2,4,4,3,3,5,5,5,5,1,1,1,1,5,1,1,1,5,5,5,5,5,1,1,1,1,5,3,5,5,3,3,5,5,5,5,5,1,5,3,3,5,5,5,5,5,5,5,3,3,3,3,1,5,5,5,5,3,2,4,5,5,5,3,5,5,5,5,5,5,5,5,5,5,2,2,5,5,5,5,4,4,4,4,4,4,4,4,3,3,3,3,3,3,3,3","0.000751018524169922","louvain","edit-xhwikibooks.graphml"
"0.05","0.46","0.49","0.411542449678046","1,1,2,2,2,3,2,3,3,3,2,2,3,3,3,3,3,2,4,2,5,1,3,3,3,3,3,3,1,3,2,4,2,2,4,4,3,3,5,5,5,5,1,1,1,1,5,1,1,1,5,5,5,5,5,1,1,1,1,5,3,5,5,3,3,5,5,5,5,5,1,5,3,3,5,5,5,5,5,5,5,3,3,3,3,1,5,5,5,5,3,2,4,5,5,5,3,5,5,5,5,5,5,5,5,5,5,2,2,5,5,5,5,4,4,4,4,4,4,4,4,3,3,3,3,3,3,3,3","0.000722169876098633","louvain","edit-xhwikibooks.graphml"
"0.04","0.47","0.49","0.412199847469034","1,1,2,2,2,3,2,3,3,3,2,2,3,3,3,3,3,2,4,2,5,1,3,3,3,3,3,3,1,3,2,4,2,2,4,4,3,3,5,5,5,5,1,1,1,1,5,1,1,1,5,5,5,5,5,1,1,1,1,5,3,5,5,3,3,5,5,5,5,5,1,5,3,3,5,5,5,5,5,5,5,3,3,3,3,1,5,5,5,5,3,2,4,5,5,5,3,5,5,5,5,5,5,5,5,5,5,2,2,5,5,5,5,4,4,4,4,4,4,4,4,3,3,3,3,3,3,3,3","0.000743865966796875","louvain","edit-xhwikibooks.graphml"
"0.03","0.48","0.49","0.403257532564361","1,1,1,2,3,2,3,2,2,2,3,3,2,2,2,2,2,3,4,3,5,1,2,2,2,2,2,2,1,2,3,4,3,3,4,4,2,2,5,5,5,5,1,1,1,1,5,1,1,1,5,5,5,5,5,1,1,1,1,5,2,5,5,2,2,5,5,5,5,5,1,5,2,2,5,5,5,5,5,5,5,2,2,2,2,1,5,5,5,5,2,3,4,5,5,5,2,5,5,5,5,5,5,5,5,5,5,3,3,5,5,5,5,4,4,4,4,4,4,4,4,2,2,2,2,2,2,2,2","0.000629901885986328","louvain","edit-xhwikibooks.graphml"
"0.02","0.49","0.49","0.403257532564361","1,1,1,2,3,2,3,2,2,2,3,3,2,2,2,2,2,3,4,3,5,1,2,2,2,2,2,2,1,2,3,4,3,3,4,4,2,2,5,5,5,5,1,1,1,1,5,1,1,1,5,5,5,5,5,1,1,1,1,5,2,5,5,2,2,5,5,5,5,5,1,5,2,2,5,5,5,5,5,5,5,2,2,2,2,1,5,5,5,5,2,3,4,5,5,5,2,5,5,5,5,5,5,5,5,5,5,3,3,5,5,5,5,4,4,4,4,4,4,4,4,2,2,2,2,2,2,2,2","0.000629186630249023","louvain","edit-xhwikibooks.graphml"
"0.01","0.5","0.49","0.427235587929241","1,1,1,2,3,2,3,2,2,2,3,3,2,2,2,2,2,3,4,3,5,1,2,2,2,2,2,2,1,2,3,4,3,3,4,4,2,2,5,5,5,5,1,1,1,1,5,1,1,1,5,5,5,5,5,1,1,1,1,5,6,5,5,2,2,5,5,5,5,5,1,5,2,2,5,5,5,5,5,5,5,2,2,2,2,7,5,5,5,5,8,9,10,5,5,5,2,5,5,5,5,5,5,5,5,5,5,3,3,5,5,5,5,4,4,4,4,4,4,4,4,2,2,2,2,2,2,2,2","0.000699043273925781","louvain","edit-xhwikibooks.graphml"
"0","0.51","0.49","0.430260512219598","1,1,1,2,1,2,3,2,2,2,3,3,2,2,2,2,2,3,4,3,5,1,2,2,2,2,2,2,1,2,3,4,3,3,4,4,2,2,5,5,5,5,1,1,1,1,5,1,1,1,5,5,5,5,5,1,1,1,1,5,6,5,5,2,2,5,5,5,5,5,1,5,2,2,5,5,5,5,5,5,5,2,2,2,2,7,5,5,5,5,8,9,10,5,5,5,2,5,5,5,5,5,5,5,5,5,5,3,3,5,5,5,5,4,4,4,4,4,4,4,4,2,2,2,2,2,2,2,2","0.00076603889465332","louvain","edit-xhwikibooks.graphml"
"0.5","0","0.5","0.434023679880399","1,1,1,2,3,2,3,2,2,2,3,3,2,2,2,2,2,3,4,3,5,1,2,2,2,2,2,2,1,2,3,4,3,3,4,4,2,2,5,5,5,5,1,1,1,1,5,1,1,1,5,5,5,5,5,1,1,1,1,5,2,5,5,2,2,5,5,5,5,5,1,5,2,2,5,5,5,5,5,5,5,2,2,2,2,1,5,5,5,5,2,3,4,5,5,5,2,5,5,5,5,5,5,5,5,5,5,3,3,5,5,5,5,4,4,4,4,4,4,4,4,2,2,2,2,2,2,2,2","0.00071406364440918","louvain","edit-xhwikibooks.graphml"
"0.49","0.01","0.5","0.399898373133354","1,1,1,1,1,2,1,2,2,2,3,1,2,2,2,2,2,3,3,1,4,1,2,2,2,2,2,2,1,2,3,3,1,1,3,3,2,2,4,4,4,4,1,1,1,1,4,1,1,1,4,4,4,4,4,1,1,1,1,4,2,4,4,2,2,4,4,4,4,4,1,4,2,2,4,4,4,4,4,4,4,2,2,2,2,1,4,4,4,4,2,3,3,4,4,4,2,4,4,4,4,4,4,4,4,4,4,1,1,4,4,4,4,3,3,3,3,3,3,3,3,2,2,2,2,2,2,2,2","0.000734090805053711","louvain","edit-xhwikibooks.graphml"
"0.48","0.02","0.5","0.400371153533971","1,1,1,2,3,2,3,2,2,2,3,3,2,2,2,2,2,3,4,3,5,1,2,2,2,2,2,2,1,2,3,4,3,3,4,4,2,2,5,5,5,5,1,1,1,1,5,1,1,1,5,5,5,5,5,1,1,1,1,5,2,5,5,2,2,5,5,5,5,5,1,5,2,2,5,5,5,5,5,5,5,2,2,2,2,1,5,5,5,5,2,3,4,5,5,5,2,5,5,5,5,5,5,5,5,5,5,3,3,5,5,5,5,4,4,4,4,4,4,4,4,2,2,2,2,2,2,2,2","0.000681161880493164","louvain","edit-xhwikibooks.graphml"
"0.47","0.03","0.5","0.399811926162738","1,1,1,1,2,3,2,3,3,3,4,2,3,3,3,3,3,4,4,2,5,1,3,3,3,3,3,3,1,3,4,4,2,2,4,4,3,3,5,5,5,5,1,1,1,1,5,1,1,1,5,5,5,5,5,1,1,1,1,5,3,5,5,3,3,5,5,5,5,5,1,5,3,3,5,5,5,5,5,5,5,3,3,3,3,1,5,5,5,5,3,4,4,5,5,5,3,5,5,5,5,5,5,5,5,5,5,2,2,5,5,5,5,4,4,4,4,4,4,4,4,3,3,3,3,3,3,3,3","0.000686883926391602","louvain","edit-xhwikibooks.graphml"
"0.46","0.04","0.5","0.399811926162738","1,1,1,1,2,3,2,3,3,3,4,2,3,3,3,3,3,4,4,2,5,1,3,3,3,3,3,3,1,3,4,4,2,2,4,4,3,3,5,5,5,5,1,1,1,1,5,1,1,1,5,5,5,5,5,1,1,1,1,5,3,5,5,3,3,5,5,5,5,5,1,5,3,3,5,5,5,5,5,5,5,3,3,3,3,1,5,5,5,5,3,4,4,5,5,5,3,5,5,5,5,5,5,5,5,5,5,2,2,5,5,5,5,4,4,4,4,4,4,4,4,3,3,3,3,3,3,3,3","0.000831127166748047","louvain","edit-xhwikibooks.graphml"
"0.45","0.05","0.5","0.399328507568322","1,1,1,2,1,2,1,2,2,2,1,1,2,2,2,2,2,1,3,1,4,1,2,2,2,2,2,2,1,2,1,3,1,1,3,3,2,2,4,4,4,4,1,1,1,1,4,1,1,1,4,4,4,4,4,1,1,1,1,4,2,4,4,2,2,4,4,4,4,4,1,4,2,2,4,4,4,4,4,4,4,2,2,2,2,1,4,4,4,4,2,1,3,4,4,4,2,4,4,4,4,4,4,4,4,4,4,1,1,4,4,4,4,3,3,3,3,3,3,3,3,2,2,2,2,2,2,2,2","0.000733137130737305","louvain","edit-xhwikibooks.graphml"
"0.44","0.06","0.5","0.399611860598655","1,1,1,1,2,3,2,3,3,3,4,2,3,3,3,3,3,4,4,2,5,1,3,3,3,3,3,3,1,3,4,4,2,2,4,4,3,3,5,5,5,5,1,1,1,1,5,1,1,1,5,5,5,5,5,1,1,1,1,5,3,5,5,3,3,5,5,5,5,5,1,5,3,3,5,5,5,5,5,5,5,3,3,3,3,1,5,5,5,5,3,4,4,5,5,5,3,5,5,5,5,5,5,5,5,5,5,2,2,5,5,5,5,4,4,4,4,4,4,4,4,3,3,3,3,3,3,3,3","0.000823020935058594","louvain","edit-xhwikibooks.graphml"
"0.43","0.07","0.5","0.399313203587062","1,1,1,1,2,3,2,3,3,3,2,2,3,3,3,3,3,2,2,2,4,1,3,3,3,3,3,3,1,3,2,2,2,2,2,2,3,3,4,4,4,4,1,1,1,1,4,1,1,1,4,4,4,4,4,1,1,1,1,4,3,4,4,3,3,4,4,4,4,4,1,4,3,3,4,4,4,4,4,4,4,3,3,3,3,1,4,4,4,4,3,2,2,4,4,4,3,4,4,4,4,4,4,4,4,4,4,2,2,4,4,4,4,2,2,2,2,2,2,2,2,3,3,3,3,3,3,3,3","0.000686168670654297","louvain","edit-xhwikibooks.graphml"
"0.42","0.08","0.5","0.399956087408949","1,1,1,2,3,2,3,2,2,2,4,3,2,2,2,2,2,4,4,3,5,1,2,2,2,2,2,2,1,2,4,4,3,3,4,4,2,2,5,5,5,5,1,1,1,1,5,1,1,1,5,5,5,5,5,1,1,1,1,5,2,5,5,2,2,5,5,5,5,5,1,5,2,2,5,5,5,5,5,5,5,2,2,2,2,1,5,5,5,5,2,4,4,5,5,5,2,5,5,5,5,5,5,5,5,5,5,3,3,5,5,5,5,4,4,4,4,4,4,4,4,2,2,2,2,2,2,2,2","0.00073695182800293","louvain","edit-xhwikibooks.graphml"
"0.41","0.09","0.5","0.399659586107588","1,1,1,2,3,2,3,2,2,2,3,3,2,2,2,2,2,3,3,3,4,1,2,2,2,2,2,2,1,2,3,3,3,3,3,3,2,2,4,4,4,4,1,1,1,1,4,1,1,1,4,4,4,4,4,1,1,1,1,4,2,4,4,2,2,4,4,4,4,4,1,4,2,2,4,4,4,4,4,4,4,2,2,2,2,1,4,4,4,4,2,3,3,4,4,4,2,4,4,4,4,4,4,4,4,4,4,3,3,4,4,4,4,3,3,3,3,3,3,3,3,2,2,2,2,2,2,2,2","0.000741958618164062","louvain","edit-xhwikibooks.graphml"
"0.4","0.1","0.5","0.400413458855883","1,1,1,2,3,2,3,2,2,2,4,3,2,2,2,2,2,4,4,3,5,1,2,2,2,2,2,2,1,2,4,4,3,3,4,4,2,2,5,5,5,5,1,1,1,1,5,1,1,1,5,5,5,5,5,1,1,1,1,5,2,5,5,2,2,5,5,5,5,5,1,5,2,2,5,5,5,5,5,5,5,2,2,2,2,1,5,5,5,5,2,4,4,5,5,5,2,5,5,5,5,5,5,5,5,5,5,3,3,5,5,5,5,4,4,4,4,4,4,4,4,2,2,2,2,2,2,2,2","0.000823020935058594","louvain","edit-xhwikibooks.graphml"
"0.39","0.11","0.5","0.400213905827534","1,1,1,2,3,2,3,2,2,2,4,3,2,2,2,2,2,4,4,3,5,1,2,2,2,2,2,2,1,2,4,4,3,3,4,4,2,2,5,5,5,5,1,1,1,1,5,1,1,1,5,5,5,5,5,1,1,1,1,5,2,5,5,2,2,5,5,5,5,5,1,5,2,2,5,5,5,5,5,5,5,2,2,2,2,1,5,5,5,5,2,4,4,5,5,5,2,5,5,5,5,5,5,5,5,5,5,3,3,5,5,5,5,4,4,4,4,4,4,4,4,2,2,2,2,2,2,2,2","0.000754833221435547","louvain","edit-xhwikibooks.graphml"
"0.38","0.12","0.5","0.401420787626265","1,2,1,1,3,1,3,1,1,1,3,3,1,1,1,1,1,3,4,3,5,2,1,1,1,1,1,1,2,1,3,4,3,3,4,4,1,1,5,5,5,5,2,2,2,2,5,2,2,2,5,5,5,5,5,2,2,2,2,5,1,5,5,1,1,5,5,5,5,5,2,5,1,1,5,5,5,5,5,5,5,1,1,1,1,2,5,5,5,5,1,3,4,5,5,5,1,5,5,5,5,5,5,5,5,5,5,3,3,5,5,5,5,4,4,4,4,4,4,4,4,1,1,1,1,1,1,1,1","0.000690937042236328","louvain","edit-xhwikibooks.graphml"
"0.37","0.13","0.5","0.401395667157896","1,1,1,1,2,3,2,3,3,3,4,2,3,3,3,3,3,4,4,2,5,1,3,3,3,3,3,3,1,3,4,4,2,2,4,4,3,3,5,5,5,5,1,1,1,1,5,1,1,1,5,5,5,5,5,1,1,1,1,5,3,5,5,3,3,5,5,5,5,5,1,5,3,3,5,5,5,5,5,5,5,3,3,3,3,1,5,5,5,5,3,4,4,5,5,5,3,5,5,5,5,5,5,5,5,5,5,2,2,5,5,5,5,4,4,4,4,4,4,4,4,3,3,3,3,3,3,3,3","0.000708103179931641","louvain","edit-xhwikibooks.graphml"
"0.36","0.14","0.5","0.40128414925886","1,1,1,2,3,2,3,2,2,2,4,3,2,2,2,2,2,4,4,3,5,1,2,2,2,2,2,2,1,2,4,4,3,3,4,4,2,2,5,5,5,5,1,1,1,1,5,1,1,1,5,5,5,5,5,1,1,1,1,5,2,5,5,2,2,5,5,5,5,5,1,5,2,2,5,5,5,5,5,5,5,2,2,2,2,1,5,5,5,5,2,4,4,5,5,5,2,5,5,5,5,5,5,5,5,5,5,3,3,5,5,5,5,4,4,4,4,4,4,4,4,2,2,2,2,2,2,2,2","0.000695943832397461","louvain","edit-xhwikibooks.graphml"
"0.35","0.15","0.5","0.402348136027395","1,1,1,2,3,2,3,2,2,2,4,3,2,2,2,2,2,4,4,3,5,1,2,2,2,2,2,2,1,2,4,4,3,3,4,4,2,2,5,5,5,5,1,1,1,1,5,1,1,1,5,5,5,5,5,1,1,1,1,5,2,5,5,2,2,5,5,5,5,5,1,5,2,2,5,5,5,5,5,5,5,2,2,2,2,1,5,5,5,5,2,4,4,5,5,5,2,5,5,5,5,5,5,5,5,5,5,3,3,5,5,5,5,4,4,4,4,4,4,4,4,2,2,2,2,2,2,2,2","0.00082087516784668","louvain","edit-xhwikibooks.graphml"
"0.34","0.16","0.5","0.40310917981591","1,1,1,1,2,3,2,3,3,3,4,2,3,3,3,3,3,4,4,2,5,1,3,3,3,3,3,3,1,3,4,4,2,2,4,4,3,3,5,5,5,5,1,1,1,1,5,1,1,1,5,5,5,5,5,1,1,1,1,5,3,5,5,3,3,5,5,5,5,5,1,5,3,3,5,5,5,5,5,5,5,3,3,3,3,1,5,5,5,5,3,4,4,5,5,5,3,5,5,5,5,5,5,5,5,5,5,2,2,5,5,5,5,4,4,4,4,4,4,4,4,3,3,3,3,3,3,3,3","0.000683069229125977","louvain","edit-xhwikibooks.graphml"
"0.33","0.17","0.5","0.404092929545974","1,1,1,2,3,2,3,2,2,2,4,3,2,2,2,2,2,4,4,3,5,1,2,2,2,2,2,2,1,2,4,4,3,3,4,4,2,2,5,5,5,5,1,1,1,1,5,1,1,1,5,5,5,5,5,1,1,1,1,5,2,5,5,2,2,5,5,5,5,5,1,5,2,2,5,5,5,5,5,5,5,2,2,2,2,1,5,5,5,5,2,4,4,5,5,5,2,5,5,5,5,5,5,5,5,5,5,3,3,5,5,5,5,4,4,4,4,4,4,4,4,2,2,2,2,2,2,2,2","0.00074005126953125","louvain","edit-xhwikibooks.graphml"
"0.32","0.18","0.5","0.403887851217105","1,1,1,2,1,2,1,2,2,2,1,1,2,2,2,2,2,1,3,1,4,1,2,2,2,2,2,2,1,2,1,3,1,1,3,3,2,2,4,4,4,4,1,1,1,1,4,1,1,1,4,4,4,4,4,1,1,1,1,4,2,4,4,2,2,4,4,4,4,4,1,4,2,2,4,4,4,4,4,4,4,2,2,2,2,1,4,4,4,4,2,1,3,4,4,4,2,4,4,4,4,4,4,4,4,4,4,1,1,4,4,4,4,3,3,3,3,3,3,3,3,2,2,2,2,2,2,2,2","0.000694036483764648","louvain","edit-xhwikibooks.graphml"
"0.31","0.19","0.5","0.403881327633911","1,1,1,1,2,3,2,3,3,3,2,2,3,3,3,3,3,2,2,2,4,1,3,3,3,3,3,3,1,3,2,2,2,2,2,2,3,3,4,4,4,4,1,1,1,1,4,1,1,1,4,4,4,4,4,1,1,1,1,4,3,4,4,3,3,4,4,4,4,4,1,4,3,3,4,4,4,4,4,4,4,3,3,3,3,1,4,4,4,4,3,2,2,4,4,4,3,4,4,4,4,4,4,4,4,4,4,2,2,4,4,4,4,2,2,2,2,2,2,2,2,3,3,3,3,3,3,3,3","0.000854015350341797","louvain","edit-xhwikibooks.graphml"
"0.3","0.2","0.5","0.405694156965791","1,1,1,1,2,3,2,3,3,3,2,2,3,3,3,3,3,2,4,2,5,1,3,3,3,3,3,3,1,3,2,4,2,2,4,4,3,3,5,5,5,5,1,1,1,1,5,1,1,1,5,5,5,5,5,1,1,1,1,5,3,5,5,3,3,5,5,5,5,5,1,5,3,3,5,5,5,5,5,5,5,3,3,3,3,1,5,5,5,5,3,2,4,5,5,5,3,5,5,5,5,5,5,5,5,5,5,2,2,5,5,5,5,4,4,4,4,4,4,4,4,3,3,3,3,3,3,3,3","0.000685930252075195","louvain","edit-xhwikibooks.graphml"
"0.29","0.21","0.5","0.405017697085998","1,1,1,1,2,3,2,3,3,3,4,2,3,3,3,3,3,4,4,2,5,1,3,3,3,3,3,3,1,3,4,4,2,2,4,4,3,3,5,5,5,5,1,1,1,1,5,1,1,1,5,5,5,5,5,1,1,1,1,5,3,5,5,3,3,5,5,5,5,5,1,5,3,3,5,5,5,5,5,5,5,3,3,3,3,1,5,5,5,5,3,4,4,5,5,5,3,5,5,5,5,5,5,5,5,5,5,2,2,5,5,5,5,4,4,4,4,4,4,4,4,3,3,3,3,3,3,3,3","0.000849008560180664","louvain","edit-xhwikibooks.graphml"
"0.28","0.22","0.5","0.404704521176841","1,1,1,2,1,2,1,2,2,2,1,1,2,2,2,2,2,1,3,1,4,1,2,2,2,2,2,2,1,2,1,3,1,1,3,3,2,2,4,4,4,4,1,1,1,1,4,1,1,1,4,4,4,4,4,1,1,1,1,4,2,4,4,2,2,4,4,4,4,4,1,4,2,2,4,4,4,4,4,4,4,2,2,2,2,1,4,4,4,4,2,1,3,4,4,4,2,4,4,4,4,4,4,4,4,4,4,1,1,4,4,4,4,3,3,3,3,3,3,3,3,2,2,2,2,2,2,2,2","0.000672817230224609","louvain","edit-xhwikibooks.graphml"
"0.27","0.23","0.5","0.405846687492393","1,1,1,2,1,2,1,2,2,2,3,1,2,2,2,2,2,3,3,1,4,1,2,2,2,2,2,2,1,2,3,3,1,1,3,3,2,2,4,4,4,4,1,1,1,1,4,1,1,1,4,4,4,4,4,1,1,1,1,4,2,4,4,2,2,4,4,4,4,4,1,4,2,2,4,4,4,4,4,4,4,2,2,2,2,1,4,4,4,4,2,3,3,4,4,4,2,4,4,4,4,4,4,4,4,4,4,1,1,4,4,4,4,3,3,3,3,3,3,3,3,2,2,2,2,2,2,2,2","0.000751018524169922","louvain","edit-xhwikibooks.graphml"
"0.26","0.24","0.5","0.406576106312658","1,1,1,1,2,3,2,3,3,3,2,2,3,3,3,3,3,2,2,2,4,1,3,3,3,3,3,3,1,3,2,2,2,2,2,2,3,3,4,4,4,4,1,1,1,1,4,1,1,1,4,4,4,4,4,1,1,1,1,4,3,4,4,3,3,4,4,4,4,4,1,4,3,3,4,4,4,4,4,4,4,3,3,3,3,1,4,4,4,4,3,2,2,4,4,4,3,4,4,4,4,4,4,4,4,4,4,2,2,4,4,4,4,2,2,2,2,2,2,2,2,3,3,3,3,3,3,3,3","0.000755071640014648","louvain","edit-xhwikibooks.graphml"
"0.25","0.25","0.5","0.40818039808516","1,1,1,2,3,2,3,2,2,2,4,3,2,2,2,2,2,4,4,3,5,1,2,2,2,2,2,2,1,2,4,4,3,3,4,4,2,2,5,5,5,5,1,1,1,1,5,1,1,1,5,5,5,5,5,1,1,1,1,5,2,5,5,2,2,5,5,5,5,5,1,5,2,2,5,5,5,5,5,5,5,2,2,2,2,1,5,5,5,5,2,4,4,5,5,5,2,5,5,5,5,5,5,5,5,5,5,3,3,5,5,5,5,4,4,4,4,4,4,4,4,2,2,2,2,2,2,2,2","0.000751018524169922","louvain","edit-xhwikibooks.graphml"
"0.24","0.26","0.5","0.408298916603679","1,1,1,1,2,3,2,3,3,3,4,2,3,3,3,3,3,4,4,2,5,1,3,3,3,3,3,3,1,3,4,4,2,2,4,4,3,3,5,5,5,5,1,1,1,1,5,1,1,1,5,5,5,5,5,1,1,1,1,5,3,5,5,3,3,5,5,5,5,5,1,5,3,3,5,5,5,5,5,5,5,3,3,3,3,1,5,5,5,5,3,4,4,5,5,5,3,5,5,5,5,5,5,5,5,5,5,2,2,5,5,5,5,4,4,4,4,4,4,4,4,3,3,3,3,3,3,3,3","0.00070500373840332","louvain","edit-xhwikibooks.graphml"
"0.23","0.27","0.5","0.40818039808516","1,1,1,2,3,2,3,2,2,2,4,3,2,2,2,2,2,4,4,3,5,1,2,2,2,2,2,2,1,2,4,4,3,3,4,4,2,2,5,5,5,5,1,1,1,1,5,1,1,1,5,5,5,5,5,1,1,1,1,5,2,5,5,2,2,5,5,5,5,5,1,5,2,2,5,5,5,5,5,5,5,2,2,2,2,1,5,5,5,5,2,4,4,5,5,5,2,5,5,5,5,5,5,5,5,5,5,3,3,5,5,5,5,4,4,4,4,4,4,4,4,2,2,2,2,2,2,2,2","0.000926017761230469","louvain","edit-xhwikibooks.graphml"
"0.22","0.28","0.5","0.407979423265222","1,1,1,1,2,3,2,3,3,3,2,2,3,3,3,3,3,2,2,2,4,1,3,3,3,3,3,3,1,3,2,2,2,2,2,2,3,3,4,4,4,4,1,1,1,1,4,1,1,1,4,4,4,4,4,1,1,1,1,4,3,4,4,3,3,4,4,4,4,4,1,4,3,3,4,4,4,4,4,4,4,3,3,3,3,1,4,4,4,4,3,2,2,4,4,4,3,4,4,4,4,4,4,4,4,4,4,2,2,4,4,4,4,2,2,2,2,2,2,2,2,3,3,3,3,3,3,3,3","0.000797033309936523","louvain","edit-xhwikibooks.graphml"
"0.21","0.29","0.5","0.409100456048872","1,1,1,2,1,2,1,2,2,2,3,1,2,2,2,2,2,3,3,1,4,1,2,2,2,2,2,2,1,2,3,3,1,1,3,3,2,2,4,4,4,4,1,1,1,1,4,1,1,1,4,4,4,4,4,1,1,1,1,4,2,4,4,2,2,4,4,4,4,4,1,4,2,2,4,4,4,4,4,4,4,2,2,2,2,1,4,4,4,4,2,3,3,4,4,4,2,4,4,4,4,4,4,4,4,4,4,1,1,4,4,4,4,3,3,3,3,3,3,3,3,2,2,2,2,2,2,2,2","0.000742912292480469","louvain","edit-xhwikibooks.graphml"
"0.2","0.3","0.5","0.409758652459542","1,1,1,1,2,3,2,3,3,3,4,2,3,3,3,3,3,4,4,2,5,1,3,3,3,3,3,3,1,3,4,4,2,2,4,4,3,3,5,5,5,5,1,1,1,1,5,1,1,1,5,5,5,5,5,1,1,1,1,5,3,5,5,3,3,5,5,5,5,5,1,5,3,3,5,5,5,5,5,5,5,3,3,3,3,1,5,5,5,5,3,4,4,5,5,5,3,5,5,5,5,5,5,5,5,5,5,2,2,5,5,5,5,4,4,4,4,4,4,4,4,3,3,3,3,3,3,3,3","0.000683069229125977","louvain","edit-xhwikibooks.graphml"
"0.19","0.31","0.5","0.410749127546797","1,1,1,2,3,2,3,2,2,2,3,3,2,2,2,2,2,3,4,3,5,1,2,2,2,2,2,2,1,2,3,4,3,3,4,4,2,2,5,5,5,5,1,1,1,1,5,1,1,1,5,5,5,5,5,1,1,1,1,5,2,5,5,2,2,5,5,5,5,5,1,5,2,2,5,5,5,5,5,5,5,2,2,2,2,1,5,5,5,5,2,3,4,5,5,5,2,5,5,5,5,5,5,5,5,5,5,3,3,5,5,5,5,4,4,4,4,4,4,4,4,2,2,2,2,2,2,2,2","0.000844955444335938","louvain","edit-xhwikibooks.graphml"
"0.18","0.32","0.5","0.41007258491148","1,1,1,2,3,2,3,2,2,2,4,3,2,2,2,2,2,4,4,3,5,1,2,2,2,2,2,2,1,2,4,4,3,3,4,4,2,2,5,5,5,5,1,1,1,1,5,1,1,1,5,5,5,5,5,1,1,1,1,5,2,5,5,2,2,5,5,5,5,5,1,5,2,2,5,5,5,5,5,5,5,2,2,2,2,1,5,5,5,5,2,4,4,5,5,5,2,5,5,5,5,5,5,5,5,5,5,3,3,5,5,5,5,4,4,4,4,4,4,4,4,2,2,2,2,2,2,2,2","0.00101494789123535","louvain","edit-xhwikibooks.graphml"
"0.17","0.33","0.5","0.41018765952618","1,1,1,1,2,3,2,3,3,3,4,2,3,3,3,3,3,4,4,2,5,1,3,3,3,3,3,3,1,3,4,4,2,2,4,4,3,3,5,5,5,5,1,1,1,1,5,1,1,1,5,5,5,5,5,1,1,1,1,5,3,5,5,3,3,5,5,5,5,5,1,5,3,3,5,5,5,5,5,5,5,3,3,3,3,1,5,5,5,5,3,4,4,5,5,5,3,5,5,5,5,5,5,5,5,5,5,2,2,5,5,5,5,4,4,4,4,4,4,4,4,3,3,3,3,3,3,3,3","0.00113916397094727","louvain","edit-xhwikibooks.graphml"
"0.16","0.34","0.5","0.41851699080422","1,1,1,2,3,2,3,2,2,2,4,3,2,2,2,2,2,4,4,3,5,1,2,2,2,2,2,2,1,2,4,4,3,3,4,4,2,2,5,5,5,5,1,1,1,1,5,1,1,1,5,5,5,5,5,1,1,1,1,5,2,5,5,2,2,5,5,5,5,5,1,5,2,2,5,5,5,5,5,5,5,2,2,2,2,1,5,5,5,5,2,4,4,5,5,5,2,5,5,5,5,5,5,5,5,5,5,3,3,5,5,5,5,4,4,4,4,4,4,4,4,2,2,2,2,2,2,2,2","0.000711202621459961","louvain","edit-xhwikibooks.graphml"
"0.15","0.35","0.5","0.418067651110077","1,1,1,2,3,2,3,2,2,2,3,3,2,2,2,2,2,3,3,3,4,1,2,2,2,2,2,2,1,2,3,3,3,3,3,3,2,2,4,4,4,4,1,1,1,1,4,1,1,1,4,4,4,4,4,1,1,1,1,4,2,4,4,2,2,4,4,4,4,4,1,4,2,2,4,4,4,4,4,4,4,2,2,2,2,1,4,4,4,4,2,3,3,4,4,4,2,4,4,4,4,4,4,4,4,4,4,3,3,4,4,4,4,3,3,3,3,3,3,3,3,2,2,2,2,2,2,2,2","0.000696182250976562","louvain","edit-xhwikibooks.graphml"
"0.14","0.36","0.5","0.417869607033824","1,1,1,2,3,2,3,2,2,2,3,3,2,2,2,2,2,3,3,3,4,1,2,2,2,2,2,2,1,2,3,3,3,3,3,3,2,2,4,4,4,4,1,1,1,1,4,1,1,1,4,4,4,4,4,1,1,1,1,4,2,4,4,2,2,4,4,4,4,4,1,4,2,2,4,4,4,4,4,4,4,2,2,2,2,1,4,4,4,4,2,3,3,4,4,4,2,4,4,4,4,4,4,4,4,4,4,3,3,4,4,4,4,3,3,3,3,3,3,3,3,2,2,2,2,2,2,2,2","0.000707149505615234","louvain","edit-xhwikibooks.graphml"
"0.13","0.37","0.5","0.418446830440429","1,1,1,1,2,3,2,3,3,3,4,2,3,3,3,3,3,4,4,2,5,1,3,3,3,3,3,3,1,3,4,4,2,2,4,4,3,3,5,5,5,5,1,1,1,1,5,1,1,1,5,5,5,5,5,1,1,1,1,5,3,5,5,3,3,5,5,5,5,5,1,5,3,3,5,5,5,5,5,5,5,3,3,3,3,1,5,5,5,5,3,4,4,5,5,5,3,5,5,5,5,5,5,5,5,5,5,2,2,5,5,5,5,4,4,4,4,4,4,4,4,3,3,3,3,3,3,3,3","0.000701189041137695","louvain","edit-xhwikibooks.graphml"
"0.12","0.38","0.5","0.418792272061846","1,1,1,1,2,3,2,3,3,3,2,2,3,3,3,3,3,2,4,2,5,1,3,3,3,3,3,3,1,3,2,4,2,2,4,4,3,3,5,5,5,5,1,1,1,1,5,1,1,1,5,5,5,5,5,1,1,1,1,5,3,5,5,3,3,5,5,5,5,5,1,5,3,3,5,5,5,5,5,5,5,3,3,3,3,1,5,5,5,5,3,2,4,5,5,5,3,5,5,5,5,5,5,5,5,5,5,2,2,5,5,5,5,4,4,4,4,4,4,4,4,3,3,3,3,3,3,3,3","0.000687122344970703","louvain","edit-xhwikibooks.graphml"
"0.11","0.39","0.5","0.4192755859375","1,1,1,2,3,2,3,2,2,2,3,3,2,2,2,2,2,3,4,3,5,1,2,2,2,2,2,2,1,2,3,4,3,3,4,4,2,2,5,5,5,5,1,1,1,1,5,1,1,1,5,5,5,5,5,1,1,1,1,5,2,5,5,2,2,5,5,5,5,5,1,5,2,2,5,5,5,5,5,5,5,2,2,2,2,1,5,5,5,5,2,3,4,5,5,5,2,5,5,5,5,5,5,5,5,5,5,3,3,5,5,5,5,4,4,4,4,4,4,4,4,2,2,2,2,2,2,2,2","0.000753879547119141","louvain","edit-xhwikibooks.graphml"
"0.1","0.4","0.5","0.419794801465904","1,1,1,1,2,3,2,3,3,3,4,2,3,3,3,3,3,4,4,2,5,1,3,3,3,3,3,3,1,3,4,4,2,2,4,4,3,3,5,5,5,5,1,1,1,1,5,1,1,1,5,5,5,5,5,1,1,1,1,5,3,5,5,3,3,5,5,5,5,5,1,5,3,3,5,5,5,5,5,5,5,3,3,3,3,1,5,5,5,5,3,4,4,5,5,5,3,5,5,5,5,5,5,5,5,5,5,2,2,5,5,5,5,4,4,4,4,4,4,4,4,3,3,3,3,3,3,3,3","0.000787973403930664","louvain","edit-xhwikibooks.graphml"
"0.09","0.41","0.5","0.419353489188433","1,1,1,1,2,3,2,3,3,3,2,2,3,3,3,3,3,2,2,2,4,1,3,3,3,3,3,3,1,3,2,2,2,2,2,2,3,3,4,4,4,4,1,1,1,1,4,1,1,1,4,4,4,4,4,1,1,1,1,4,3,4,4,3,3,4,4,4,4,4,1,4,3,3,4,4,4,4,4,4,4,3,3,3,3,1,4,4,4,4,3,2,2,4,4,4,3,4,4,4,4,4,4,4,4,4,4,2,2,4,4,4,4,2,2,2,2,2,2,2,2,3,3,3,3,3,3,3,3","0.000768899917602539","louvain","edit-xhwikibooks.graphml"
"0.08","0.42","0.5","0.419595688148706","1,1,1,1,2,3,2,3,3,3,4,2,3,3,3,3,3,4,4,2,5,1,3,3,3,3,3,3,1,3,4,4,2,2,4,4,3,3,5,5,5,5,1,1,1,1,5,1,1,1,5,5,5,5,5,1,1,1,1,5,3,5,5,3,3,5,5,5,5,5,1,5,3,3,5,5,5,5,5,5,5,3,3,3,3,1,5,5,5,5,3,4,4,5,5,5,3,5,5,5,5,5,5,5,5,5,5,2,2,5,5,5,5,4,4,4,4,4,4,4,4,3,3,3,3,3,3,3,3","0.00101804733276367","louvain","edit-xhwikibooks.graphml"
"0.07","0.43","0.5","0.420766653381079","1,1,1,1,2,3,2,3,3,3,4,2,3,3,3,3,3,4,4,2,5,1,3,3,3,3,3,3,1,3,4,4,2,2,4,4,3,3,5,5,5,5,1,1,1,1,5,1,1,1,5,5,5,5,5,1,1,1,1,5,3,5,5,3,3,5,5,5,5,5,1,5,3,3,5,5,5,5,5,5,5,3,3,3,3,1,5,5,5,5,3,4,4,5,5,5,3,5,5,5,5,5,5,5,5,5,5,2,2,5,5,5,5,4,4,4,4,4,4,4,4,3,3,3,3,3,3,3,3","0.00203990936279297","louvain","edit-xhwikibooks.graphml"
"0.06","0.44","0.5","0.420118073967772","1,1,1,1,2,3,2,3,3,3,2,2,3,3,3,3,3,2,2,2,4,1,3,3,3,3,3,3,1,3,2,2,2,2,2,2,3,3,4,4,4,4,1,1,1,1,4,1,1,1,4,4,4,4,4,1,1,1,1,4,3,4,4,3,3,4,4,4,4,4,1,4,3,3,4,4,4,4,4,4,4,3,3,3,3,1,4,4,4,4,3,2,2,4,4,4,3,4,4,4,4,4,4,4,4,4,4,2,2,4,4,4,4,2,2,2,2,2,2,2,2,3,3,3,3,3,3,3,3","0.00207805633544922","louvain","edit-xhwikibooks.graphml"
"0.05","0.45","0.5","0.421732980388052","1,1,1,1,2,3,2,3,3,3,4,2,3,3,3,3,3,4,4,2,5,1,3,3,3,3,3,3,1,3,4,4,2,2,4,4,3,3,5,5,5,5,1,1,1,1,5,1,1,1,5,5,5,5,5,1,1,1,1,5,3,5,5,3,3,5,5,5,5,5,1,5,3,3,5,5,5,5,5,5,5,3,3,3,3,1,5,5,5,5,3,4,4,5,5,5,3,5,5,5,5,5,5,5,5,5,5,2,2,5,5,5,5,4,4,4,4,4,4,4,4,3,3,3,3,3,3,3,3","0.00139403343200684","louvain","edit-xhwikibooks.graphml"
"0.04","0.46","0.5","0.421534084333166","1,1,1,1,2,3,2,3,3,3,4,2,3,3,3,3,3,4,4,2,5,1,3,3,3,3,3,3,1,3,4,4,2,2,4,4,3,3,5,5,5,5,1,1,1,1,5,1,1,1,5,5,5,5,5,1,1,1,1,5,3,5,5,3,3,5,5,5,5,5,1,5,3,3,5,5,5,5,5,5,5,3,3,3,3,1,5,5,5,5,3,4,4,5,5,5,3,5,5,5,5,5,5,5,5,5,5,2,2,5,5,5,5,4,4,4,4,4,4,4,4,3,3,3,3,3,3,3,3","0.000862836837768555","louvain","edit-xhwikibooks.graphml"
"0.03","0.47","0.5","0.42268393774797","1,1,1,1,2,3,2,3,3,3,2,2,3,3,3,3,3,2,4,2,5,1,3,3,3,3,3,3,1,3,2,4,2,2,4,4,3,3,5,5,5,5,1,1,1,1,5,1,1,1,5,5,5,5,5,1,1,1,1,5,3,5,5,3,3,5,5,5,5,5,1,5,3,3,5,5,5,5,5,5,5,3,3,3,3,1,5,5,5,5,3,2,4,5,5,5,3,5,5,5,5,5,5,5,5,5,5,2,2,5,5,5,5,4,4,4,4,4,4,4,4,3,3,3,3,3,3,3,3","0.000779151916503906","louvain","edit-xhwikibooks.graphml"
"0.02","0.48","0.5","0.421937631227334","1,1,1,1,2,3,2,3,3,3,4,2,3,3,3,3,3,4,4,2,5,1,3,3,3,3,3,3,1,3,4,4,2,2,4,4,3,3,5,5,5,5,1,1,1,1,5,1,1,1,5,5,5,5,5,1,1,1,1,5,3,5,5,3,3,5,5,5,5,5,1,5,3,3,5,5,5,5,5,5,5,3,3,3,3,1,5,5,5,5,3,4,4,5,5,5,3,5,5,5,5,5,5,5,5,5,5,2,2,5,5,5,5,4,4,4,4,4,4,4,4,3,3,3,3,3,3,3,3","0.000725984573364258","louvain","edit-xhwikibooks.graphml"
"0.01","0.49","0.5","0.421937631227334","1,1,1,1,2,3,2,3,3,3,4,2,3,3,3,3,3,4,4,2,5,1,3,3,3,3,3,3,1,3,4,4,2,2,4,4,3,3,5,5,5,5,1,1,1,1,5,1,1,1,5,5,5,5,5,1,1,1,1,5,3,5,5,3,3,5,5,5,5,5,1,5,3,3,5,5,5,5,5,5,5,3,3,3,3,1,5,5,5,5,3,4,4,5,5,5,3,5,5,5,5,5,5,5,5,5,5,2,2,5,5,5,5,4,4,4,4,4,4,4,4,3,3,3,3,3,3,3,3","0.00079798698425293","louvain","edit-xhwikibooks.graphml"
"0","0.5","0.5","0.450383768477258","1,1,1,1,1,2,3,2,2,2,3,3,2,2,2,4,2,3,5,3,6,1,2,2,2,2,2,4,1,2,3,5,3,3,5,5,2,2,6,6,6,6,1,1,1,1,6,1,1,1,6,6,6,6,6,1,1,1,1,6,2,6,6,2,2,6,6,6,6,6,1,6,2,2,6,6,6,6,6,6,6,2,4,4,4,1,6,6,6,6,2,3,5,6,6,6,4,6,6,6,6,6,6,6,6,6,6,3,3,6,6,6,6,5,5,5,5,5,5,5,5,2,2,2,2,2,2,2,2","0.000965118408203125","louvain","edit-xhwikibooks.graphml"
"0.49","0","0.51","0.433044369898495","1,1,1,2,3,2,3,2,2,2,3,4,2,2,2,2,2,3,3,4,5,1,2,2,2,2,2,2,1,2,3,3,4,4,3,3,2,2,5,5,5,5,1,1,1,1,5,1,1,1,5,5,5,5,5,1,1,1,1,5,2,5,5,2,2,5,5,5,5,5,1,5,2,2,5,5,5,5,5,5,5,2,2,2,2,1,5,5,5,5,2,3,3,5,5,5,2,5,5,5,5,5,5,5,5,5,5,4,4,5,5,5,5,3,3,3,3,3,3,3,3,2,2,2,2,2,2,2,2","0.000741958618164062","louvain","edit-xhwikibooks.graphml"
"0.48","0.01","0.51","0.433593073861284","1,1,1,2,3,2,3,2,2,2,3,3,2,2,2,2,2,3,4,3,5,1,2,2,2,2,2,2,1,2,3,4,3,3,4,4,2,2,5,5,5,5,1,1,1,1,5,1,1,1,5,5,5,5,5,1,1,1,1,5,2,5,5,2,2,5,5,5,5,5,1,5,2,2,5,5,5,5,5,5,5,2,2,2,2,1,5,5,5,5,2,3,4,5,5,5,2,5,5,5,5,5,5,5,5,5,5,3,3,5,5,5,5,4,4,4,4,4,4,4,4,2,2,2,2,2,2,2,2","0.000730037689208984","louvain","edit-xhwikibooks.graphml"
"0.47","0.02","0.51","0.426467566364614","1,1,1,2,3,2,3,2,2,2,3,3,2,2,2,2,2,3,2,3,4,1,2,2,2,2,2,2,1,2,3,2,3,3,2,2,5,2,4,4,4,4,1,1,1,1,4,1,1,1,4,4,4,4,4,1,1,1,1,4,2,4,4,2,2,4,4,4,4,4,1,4,2,2,4,4,4,4,4,4,4,2,2,2,2,1,4,4,4,4,2,3,2,4,4,4,2,4,4,4,4,4,4,4,4,4,4,3,3,4,4,4,4,2,2,2,2,2,2,2,2,5,5,5,5,5,5,5,5","0.000748872756958008","louvain","edit-xhwikibooks.graphml"
"0.46","0.03","0.51","0.42854557837586","1,1,1,2,3,2,3,2,2,2,3,3,2,2,2,2,2,3,3,3,4,1,2,2,2,2,2,2,1,2,3,3,3,3,3,3,2,2,4,4,4,4,1,1,1,1,4,1,1,1,4,4,4,4,4,1,1,1,1,4,2,4,4,2,2,4,4,4,4,4,1,4,2,2,4,4,4,4,4,4,4,2,2,2,2,1,4,4,4,4,2,3,3,4,4,4,2,4,4,4,4,4,4,4,4,4,4,3,3,4,4,4,4,3,3,3,3,3,3,3,3,2,2,2,2,2,2,2,2","0.000726938247680664","louvain","edit-xhwikibooks.graphml"
"0.45","0.04","0.51","0.428921596496876","1,1,1,2,3,2,3,2,2,2,3,3,2,2,2,2,2,3,4,3,5,1,2,2,2,2,2,2,1,2,3,4,3,3,4,4,2,2,5,5,5,5,1,1,1,1,5,1,1,1,5,5,5,5,5,1,1,1,1,5,2,5,5,2,2,5,5,5,5,5,1,5,2,2,5,5,5,5,5,5,5,2,2,2,2,1,5,5,5,5,2,3,4,5,5,5,2,5,5,5,5,5,5,5,5,5,5,3,3,5,5,5,5,4,4,4,4,4,4,4,4,2,2,2,2,2,2,2,2","0.000673055648803711","louvain","edit-xhwikibooks.graphml"
"0.44","0.05","0.51","0.426830711176187","1,1,1,2,3,2,3,2,2,2,4,3,2,2,2,2,2,4,4,3,5,1,2,2,2,2,2,2,1,2,4,4,3,3,4,4,2,2,5,5,5,5,1,1,1,1,5,1,1,1,5,5,5,5,5,1,1,1,1,5,2,5,5,2,2,5,5,5,5,5,1,5,2,2,5,5,5,5,5,5,5,2,2,2,2,1,5,5,5,5,2,4,4,5,5,5,2,5,5,5,5,5,5,5,5,5,5,3,3,5,5,5,5,4,4,4,4,4,4,4,4,2,2,2,2,2,2,2,2","0.000720977783203125","louvain","edit-xhwikibooks.graphml"
"0.43","0.06","0.51","0.42664989534301","1,1,2,2,3,2,3,2,2,2,4,3,2,2,2,2,2,4,4,3,5,1,2,2,2,2,2,2,1,2,4,4,3,3,4,4,2,2,5,5,5,5,1,1,1,1,5,1,1,1,5,5,5,5,5,1,1,1,1,5,2,5,5,2,2,5,5,5,5,5,1,5,2,2,5,5,5,5,5,5,5,2,2,2,2,1,5,5,5,5,2,4,4,5,5,5,2,5,5,5,5,5,5,5,5,5,5,3,3,5,5,5,5,4,4,4,4,4,4,4,4,2,2,2,2,2,2,2,2","0.000708818435668945","louvain","edit-xhwikibooks.graphml"
"0.42","0.07","0.51","0.425298376568233","1,1,2,2,3,2,3,2,2,2,3,3,2,2,2,2,2,3,4,3,5,1,2,2,2,2,2,2,1,2,3,4,3,3,4,4,2,2,5,5,5,5,1,1,1,1,5,1,1,1,5,5,5,5,5,1,1,1,1,5,2,5,5,2,2,5,5,5,5,5,1,5,2,2,5,5,5,5,5,5,5,2,2,2,2,1,5,5,5,5,2,3,4,5,5,5,2,5,5,5,5,5,5,5,5,5,5,3,3,5,5,5,5,4,4,4,4,4,4,4,4,2,2,2,2,2,2,2,2","0.000696897506713867","louvain","edit-xhwikibooks.graphml"
"0.41","0.08","0.51","0.425902340804365","1,1,2,2,3,2,3,2,2,2,3,3,2,2,2,2,2,3,4,3,5,1,2,2,2,2,2,2,1,2,3,4,3,3,4,4,2,2,5,5,5,5,1,1,1,1,5,1,1,1,5,5,5,5,5,1,1,1,1,5,2,5,5,2,2,5,5,5,5,5,1,5,2,2,5,5,5,5,5,5,5,2,2,2,2,1,5,5,5,5,2,3,4,5,5,5,2,5,5,5,5,5,5,5,5,5,5,3,3,5,5,5,5,4,4,4,4,4,4,4,4,2,2,2,2,2,2,2,2","0.000670909881591797","louvain","edit-xhwikibooks.graphml"
"0.4","0.09","0.51","0.417584599820036","1,1,1,1,1,2,1,2,2,2,1,1,2,2,2,2,2,1,3,1,4,1,2,2,2,2,2,2,1,2,1,3,1,1,3,3,2,2,4,4,4,4,1,1,1,1,4,1,1,1,4,4,4,4,4,1,1,1,1,4,2,4,4,2,2,4,4,4,4,4,1,4,2,2,4,4,4,4,4,4,4,2,2,2,2,1,4,4,4,4,2,1,3,4,4,4,2,4,4,4,4,4,4,4,4,4,4,1,1,4,4,4,4,3,3,3,3,3,3,3,3,2,2,2,2,2,2,2,2","0.000701189041137695","louvain","edit-xhwikibooks.graphml"
"0.39","0.1","0.51","0.41884456973154","1,1,2,2,3,2,3,2,2,2,3,3,2,2,2,2,2,3,4,3,5,1,2,2,2,2,2,2,1,2,3,4,3,3,4,4,2,2,5,5,5,5,1,1,1,1,5,1,1,1,5,5,5,5,5,1,1,1,1,5,2,5,5,2,2,5,5,5,5,5,1,5,2,2,5,5,5,5,5,5,5,2,2,2,2,1,5,5,5,5,2,3,4,5,5,5,2,5,5,5,5,5,5,5,5,5,5,3,3,5,5,5,5,4,4,4,4,4,4,4,4,2,2,2,2,2,2,2,2","0.00083613395690918","louvain","edit-xhwikibooks.graphml"
"0.38","0.11","0.51","0.416864401388884","1,1,2,2,3,2,3,2,2,2,3,3,2,2,2,2,2,3,4,3,5,1,2,2,2,2,2,2,1,2,3,4,3,3,4,4,2,2,5,5,5,5,1,1,1,1,5,1,1,1,5,5,5,5,5,1,1,1,1,5,2,5,5,2,2,5,5,5,5,5,1,5,2,2,5,5,5,5,5,5,5,2,2,2,2,1,5,5,5,5,2,3,4,5,5,5,2,5,5,5,5,5,5,5,5,5,5,3,3,5,5,5,5,4,4,4,4,4,4,4,4,2,2,2,2,2,2,2,2","0.000873088836669922","louvain","edit-xhwikibooks.graphml"
"0.37","0.12","0.51","0.417776286180274","1,2,1,1,3,1,3,1,1,1,3,3,1,1,1,1,1,3,4,3,5,2,1,1,1,1,1,1,2,1,3,4,3,3,4,4,1,1,5,5,5,5,2,2,2,2,5,2,2,2,5,5,5,5,5,2,2,2,2,5,1,5,5,1,1,5,5,5,5,5,2,5,1,1,5,5,5,5,5,5,5,1,1,1,1,2,5,5,5,5,1,3,4,5,5,5,1,5,5,5,5,5,5,5,5,5,5,3,3,5,5,5,5,4,4,4,4,4,4,4,4,1,1,1,1,1,1,1,1","0.000699043273925781","louvain","edit-xhwikibooks.graphml"
"0.36","0.13","0.51","0.406214823056273","1,1,1,2,3,2,3,2,2,2,4,3,2,2,2,2,2,4,4,3,5,1,2,2,2,2,2,2,1,2,4,4,3,3,4,4,2,2,5,5,5,5,1,1,1,1,5,1,1,1,5,5,5,5,5,1,1,1,1,5,2,5,5,2,2,5,5,5,5,5,1,5,2,2,5,5,5,5,5,5,5,2,2,2,2,1,5,5,5,5,2,4,4,5,5,5,2,5,5,5,5,5,5,5,5,5,5,3,3,5,5,5,5,4,4,4,4,4,4,4,4,2,2,2,2,2,2,2,2","0.000844001770019531","louvain","edit-xhwikibooks.graphml"
"0.35","0.14","0.51","0.406158478702447","1,1,1,1,2,3,2,3,3,3,2,2,3,3,3,3,3,2,2,2,4,1,3,3,3,3,3,3,1,3,2,2,2,2,2,2,3,3,4,4,4,4,1,1,1,1,4,1,1,1,4,4,4,4,4,1,1,1,1,4,3,4,4,3,3,4,4,4,4,4,1,4,3,3,4,4,4,4,4,4,4,3,3,3,3,1,4,4,4,4,3,2,2,4,4,4,3,4,4,4,4,4,4,4,4,4,4,2,2,4,4,4,4,2,2,2,2,2,2,2,2,3,3,3,3,3,3,3,3","0.00090789794921875","louvain","edit-xhwikibooks.graphml"
"0.34","0.15","0.51","0.402798884238286","1,1,1,2,3,2,3,2,2,2,4,3,2,2,2,2,2,4,4,3,5,1,2,2,2,2,2,2,1,2,4,4,3,3,4,4,2,2,5,5,5,5,1,1,1,1,5,1,1,1,5,5,5,5,5,1,1,1,1,5,2,5,5,2,2,5,5,5,5,5,1,5,2,2,5,5,5,5,5,5,5,2,2,2,2,1,5,5,5,5,2,4,4,5,5,5,2,5,5,5,5,5,5,5,5,5,5,3,3,5,5,5,5,4,4,4,4,4,4,4,4,2,2,2,2,2,2,2,2","0.000929117202758789","louvain","edit-xhwikibooks.graphml"
"0.33","0.16","0.51","0.403279676897375","1,1,2,2,3,2,3,2,2,2,4,3,2,2,2,2,2,4,4,3,5,1,2,2,2,2,2,2,1,2,4,4,3,3,4,4,2,2,5,5,5,5,1,1,1,1,5,1,1,1,5,5,5,5,5,1,1,1,1,5,2,5,5,2,2,5,5,5,5,5,1,5,2,2,5,5,5,5,5,5,5,2,2,2,2,1,5,5,5,5,2,4,4,5,5,5,2,5,5,5,5,5,5,5,5,5,5,3,3,5,5,5,5,4,4,4,4,4,4,4,4,2,2,2,2,2,2,2,2","0.000811100006103516","louvain","edit-xhwikibooks.graphml"
"0.32","0.17","0.51","0.403893592074882","1,1,1,2,3,2,3,2,2,2,4,3,2,2,2,2,2,4,4,3,5,1,2,2,2,2,2,2,1,2,4,4,3,3,4,4,2,2,5,5,5,5,1,1,1,1,5,1,1,1,5,5,5,5,5,1,1,1,1,5,2,5,5,2,2,5,5,5,5,5,1,5,2,2,5,5,5,5,5,5,5,2,2,2,2,1,5,5,5,5,2,4,4,5,5,5,2,5,5,5,5,5,5,5,5,5,5,3,3,5,5,5,5,4,4,4,4,4,4,4,4,2,2,2,2,2,2,2,2","0.000790119171142578","louvain","edit-xhwikibooks.graphml"
"0.31","0.18","0.51","0.403893592074882","1,1,1,2,3,2,3,2,2,2,4,3,2,2,2,2,2,4,4,3,5,1,2,2,2,2,2,2,1,2,4,4,3,3,4,4,2,2,5,5,5,5,1,1,1,1,5,1,1,1,5,5,5,5,5,1,1,1,1,5,2,5,5,2,2,5,5,5,5,5,1,5,2,2,5,5,5,5,5,5,5,2,2,2,2,1,5,5,5,5,2,4,4,5,5,5,2,5,5,5,5,5,5,5,5,5,5,3,3,5,5,5,5,4,4,4,4,4,4,4,4,2,2,2,2,2,2,2,2","0.00075221061706543","louvain","edit-xhwikibooks.graphml"
"0.3","0.19","0.51","0.404279925282487","1,1,1,1,2,3,2,3,3,3,2,2,3,3,3,3,3,2,4,2,5,1,3,3,3,3,3,3,1,3,2,4,2,2,4,4,3,3,5,5,5,5,1,1,1,1,5,1,1,1,5,5,5,5,5,1,1,1,1,5,3,5,5,3,3,5,5,5,5,5,1,5,3,3,5,5,5,5,5,5,5,3,3,3,3,1,5,5,5,5,3,2,4,5,5,5,3,5,5,5,5,5,5,5,5,5,5,2,2,5,5,5,5,4,4,4,4,4,4,4,4,3,3,3,3,3,3,3,3","0.000735998153686523","louvain","edit-xhwikibooks.graphml"
"0.29","0.2","0.51","0.405494180588877","1,1,1,1,2,3,2,3,3,3,2,2,3,3,3,3,3,2,4,2,5,1,3,3,3,3,3,3,1,3,2,4,2,2,4,4,3,3,5,5,5,5,1,1,1,1,5,1,1,1,5,5,5,5,5,1,1,1,1,5,3,5,5,3,3,5,5,5,5,5,1,5,3,3,5,5,5,5,5,5,5,3,3,3,3,1,5,5,5,5,3,2,4,5,5,5,3,5,5,5,5,5,5,5,5,5,5,2,2,5,5,5,5,4,4,4,4,4,4,4,4,3,3,3,3,3,3,3,3","0.000700950622558594","louvain","edit-xhwikibooks.graphml"
"0.28","0.21","0.51","0.404706250325385","1,1,1,2,3,2,3,2,2,2,4,3,2,2,2,2,2,4,4,3,5,1,2,2,2,2,2,2,1,2,4,4,3,3,4,4,2,2,5,5,5,5,1,1,1,1,5,1,1,1,5,5,5,5,5,1,1,1,1,5,2,5,5,2,2,5,5,5,5,5,1,5,2,2,5,5,5,5,5,5,5,2,2,2,2,1,5,5,5,5,2,4,4,5,5,5,2,5,5,5,5,5,5,5,5,5,5,3,3,5,5,5,5,4,4,4,4,4,4,4,4,2,2,2,2,2,2,2,2","0.000729084014892578","louvain","edit-xhwikibooks.graphml"
"0.27","0.22","0.51","0.404506545124427","1,1,1,2,1,2,1,2,2,2,1,1,2,2,2,2,2,1,3,1,4,1,2,2,2,2,2,2,1,2,1,3,1,1,3,3,2,2,4,4,4,4,1,1,1,1,4,1,1,1,4,4,4,4,4,1,1,1,1,4,2,4,4,2,2,4,4,4,4,4,1,4,2,2,4,4,4,4,4,4,4,2,2,2,2,1,4,4,4,4,2,1,3,4,4,4,2,4,4,4,4,4,4,4,4,4,4,1,1,4,4,4,4,3,3,3,3,3,3,3,3,2,2,2,2,2,2,2,2","0.000830173492431641","louvain","edit-xhwikibooks.graphml"
"0.26","0.23","0.51","0.405750350176517","1,1,1,2,3,2,3,2,2,2,4,3,2,2,2,2,2,4,4,3,5,1,2,2,2,2,2,2,1,2,4,4,3,3,4,4,2,2,5,5,5,5,1,1,1,1,5,1,1,1,5,5,5,5,5,1,1,1,1,5,2,5,5,2,2,5,5,5,5,5,1,5,2,2,5,5,5,5,5,5,5,2,2,2,2,1,5,5,5,5,2,4,4,5,5,5,2,5,5,5,5,5,5,5,5,5,5,3,3,5,5,5,5,4,4,4,4,4,4,4,4,2,2,2,2,2,2,2,2","0.000771999359130859","louvain","edit-xhwikibooks.graphml"
"0.25","0.24","0.51","0.406502105873136","1,1,1,1,2,3,2,3,3,3,4,2,3,3,3,3,3,4,4,2,5,1,3,3,3,3,3,3,1,3,4,4,2,2,4,4,3,3,5,5,5,5,1,1,1,1,5,1,1,1,5,5,5,5,5,1,1,1,1,5,3,5,5,3,3,5,5,5,5,5,1,5,3,3,5,5,5,5,5,5,5,3,3,3,3,1,5,5,5,5,3,4,4,5,5,5,3,5,5,5,5,5,5,5,5,5,5,2,2,5,5,5,5,4,4,4,4,4,4,4,4,3,3,3,3,3,3,3,3","0.000799894332885742","louvain","edit-xhwikibooks.graphml"
"0.24","0.25","0.51","0.408099804491226","1,1,1,1,2,3,2,3,3,3,4,2,3,3,3,3,3,4,4,2,5,1,3,3,3,3,3,3,1,3,4,4,2,2,4,4,3,3,5,5,5,5,1,1,1,1,5,1,1,1,5,5,5,5,5,1,1,1,1,5,3,5,5,3,3,5,5,5,5,5,1,5,3,3,5,5,5,5,5,5,5,3,3,3,3,1,5,5,5,5,3,4,4,5,5,5,3,5,5,5,5,5,5,5,5,5,5,2,2,5,5,5,5,4,4,4,4,4,4,4,4,3,3,3,3,3,3,3,3","0.000818967819213867","louvain","edit-xhwikibooks.graphml"
"0.23","0.26","0.51","0.407861055103198","1,1,1,2,3,2,3,2,2,2,3,3,2,2,2,2,2,3,3,3,4,1,2,2,2,2,2,2,1,2,3,3,3,3,3,3,2,2,4,4,4,4,1,1,1,1,4,1,1,1,4,4,4,4,4,1,1,1,1,4,2,4,4,2,2,4,4,4,4,4,1,4,2,2,4,4,4,4,4,4,4,2,2,2,2,1,4,4,4,4,2,3,3,4,4,4,2,4,4,4,4,4,4,4,4,4,4,3,3,4,4,4,4,3,3,3,3,3,3,3,3,2,2,2,2,2,2,2,2","0.000731945037841797","louvain","edit-xhwikibooks.graphml"
"0.22","0.27","0.51","0.408099804491226","1,1,1,1,2,3,2,3,3,3,4,2,3,3,3,3,3,4,4,2,5,1,3,3,3,3,3,3,1,3,4,4,2,2,4,4,3,3,5,5,5,5,1,1,1,1,5,1,1,1,5,5,5,5,5,1,1,1,1,5,3,5,5,3,3,5,5,5,5,5,1,5,3,3,5,5,5,5,5,5,5,3,3,3,3,1,5,5,5,5,3,4,4,5,5,5,3,5,5,5,5,5,5,5,5,5,5,2,2,5,5,5,5,4,4,4,4,4,4,4,4,3,3,3,3,3,3,3,3","0.000802993774414062","louvain","edit-xhwikibooks.graphml"
"0.21","0.28","0.51","0.407782650811503","1,1,1,2,3,2,3,2,2,2,4,3,2,2,2,2,2,4,4,3,5,1,2,2,2,2,2,2,1,2,4,4,3,3,4,4,2,2,5,5,5,5,1,1,1,1,5,1,1,1,5,5,5,5,5,1,1,1,1,5,2,5,5,2,2,5,5,5,5,5,1,5,2,2,5,5,5,5,5,5,5,2,2,2,2,1,5,5,5,5,2,4,4,5,5,5,2,5,5,5,5,5,5,5,5,5,5,3,3,5,5,5,5,4,4,4,4,4,4,4,4,2,2,2,2,2,2,2,2","0.000701189041137695","louvain","edit-xhwikibooks.graphml"
"0.2","0.29","0.51","0.409008395096984","1,1,1,2,3,2,3,2,2,2,4,3,2,2,2,2,2,4,4,3,5,1,2,2,2,2,2,2,1,2,4,4,3,3,4,4,2,2,5,5,5,5,1,1,1,1,5,1,1,1,5,5,5,5,5,1,1,1,1,5,2,5,5,2,2,5,5,5,5,5,1,5,2,2,5,5,5,5,5,5,5,2,2,2,2,1,5,5,5,5,2,4,4,5,5,5,2,5,5,5,5,5,5,5,5,5,5,3,3,5,5,5,5,4,4,4,4,4,4,4,4,2,2,2,2,2,2,2,2","0.000699996948242188","louvain","edit-xhwikibooks.graphml"
"0.19","0.3","0.51","0.409442098032414","1,1,1,2,3,2,3,2,2,2,4,3,2,2,2,2,2,4,4,3,5,1,2,2,2,2,2,2,1,2,4,4,3,3,4,4,2,2,5,5,5,5,1,1,1,1,5,1,1,1,5,5,5,5,5,1,1,1,1,5,2,5,5,2,2,5,5,5,5,5,1,5,2,2,5,5,5,5,5,5,5,2,2,2,2,1,5,5,5,5,2,4,4,5,5,5,2,5,5,5,5,5,5,5,5,5,5,3,3,5,5,5,5,4,4,4,4,4,4,4,4,2,2,2,2,2,2,2,2","0.000726938247680664","louvain","edit-xhwikibooks.graphml"
"0.18","0.31","0.51","0.41018765952618","1,1,1,1,2,3,2,3,3,3,4,2,3,3,3,3,3,4,4,2,5,1,3,3,3,3,3,3,1,3,4,4,2,2,4,4,3,3,5,5,5,5,1,1,1,1,5,1,1,1,5,5,5,5,5,1,1,1,1,5,3,5,5,3,3,5,5,5,5,5,1,5,3,3,5,5,5,5,5,5,5,3,3,3,3,1,5,5,5,5,3,4,4,5,5,5,3,5,5,5,5,5,5,5,5,5,5,2,2,5,5,5,5,4,4,4,4,4,4,4,4,3,3,3,3,3,3,3,3","0.000800132751464844","louvain","edit-xhwikibooks.graphml"
"0.17","0.32","0.51","0.410465307920662","1,1,1,1,2,3,2,3,3,3,2,2,3,3,3,3,3,2,4,2,5,1,3,3,3,3,3,3,1,3,2,4,2,2,4,4,3,3,5,5,5,5,1,1,1,1,5,1,1,1,5,5,5,5,5,1,1,1,1,5,3,5,5,3,3,5,5,5,5,5,1,5,3,3,5,5,5,5,5,5,5,3,3,3,3,1,5,5,5,5,3,2,4,5,5,5,3,5,5,5,5,5,5,5,5,5,5,2,2,5,5,5,5,4,4,4,4,4,4,4,4,3,3,3,3,3,3,3,3","0.000858068466186523","louvain","edit-xhwikibooks.graphml"
"0.16","0.33","0.51","0.409746999966878","1,2,1,1,3,1,3,1,1,1,3,3,1,1,1,1,1,3,4,3,5,2,1,1,1,1,1,1,2,1,3,4,3,3,4,4,1,1,5,5,5,5,2,2,2,2,5,2,2,2,5,5,5,5,5,2,2,2,2,5,1,5,5,1,1,5,5,5,5,5,2,5,1,1,5,5,5,5,5,5,5,1,1,1,1,2,5,5,5,5,1,3,4,5,5,5,1,5,5,5,5,5,5,5,5,5,5,3,3,5,5,5,5,4,4,4,4,4,4,4,4,1,1,1,1,1,1,1,1","0.00101780891418457","louvain","edit-xhwikibooks.graphml"
"0.15","0.34","0.51","0.418992333971908","1,1,1,1,2,3,2,3,3,3,2,2,3,3,3,3,3,2,4,2,5,1,3,3,3,3,3,3,1,3,2,4,2,2,4,4,3,3,5,5,5,5,1,1,1,1,5,1,1,1,5,5,5,5,5,1,1,1,1,5,3,5,5,3,3,5,5,5,5,5,1,5,3,3,5,5,5,5,5,5,5,3,3,3,3,1,5,5,5,5,3,2,4,5,5,5,3,5,5,5,5,5,5,5,5,5,5,2,2,5,5,5,5,4,4,4,4,4,4,4,4,3,3,3,3,3,3,3,3","0.000701904296875","louvain","edit-xhwikibooks.graphml"
"0.14","0.35","0.51","0.417869607033824","1,1,1,2,3,2,3,2,2,2,3,3,2,2,2,2,2,3,3,3,4,1,2,2,2,2,2,2,1,2,3,3,3,3,3,3,2,2,4,4,4,4,1,1,1,1,4,1,1,1,4,4,4,4,4,1,1,1,1,4,2,4,4,2,2,4,4,4,4,4,1,4,2,2,4,4,4,4,4,4,4,2,2,2,2,1,4,4,4,4,2,3,3,4,4,4,2,4,4,4,4,4,4,4,4,4,4,3,3,4,4,4,4,3,3,3,3,3,3,3,3,2,2,2,2,2,2,2,2","0.000792980194091797","louvain","edit-xhwikibooks.graphml"
"0.13","0.36","0.51","0.418118383088868","1,1,1,2,3,2,3,2,2,2,4,3,2,2,2,2,2,4,4,3,5,1,2,2,2,2,2,2,1,2,4,4,3,3,4,4,2,2,5,5,5,5,1,1,1,1,5,1,1,1,5,5,5,5,5,1,1,1,1,5,2,5,5,2,2,5,5,5,5,5,1,5,2,2,5,5,5,5,5,5,5,2,2,2,2,1,5,5,5,5,2,4,4,5,5,5,2,5,5,5,5,5,5,5,5,5,5,3,3,5,5,5,5,4,4,4,4,4,4,4,4,2,2,2,2,2,2,2,2","0.00124812126159668","louvain","edit-xhwikibooks.graphml"
"0.12","0.37","0.51","0.418247450622868","1,1,1,1,2,3,2,3,3,3,4,2,3,3,3,3,3,4,4,2,5,1,3,3,3,3,3,3,1,3,4,4,2,2,4,4,3,3,5,5,5,5,1,1,1,1,5,1,1,1,5,5,5,5,5,1,1,1,1,5,3,5,5,3,3,5,5,5,5,5,1,5,3,3,5,5,5,5,5,5,5,3,3,3,3,1,5,5,5,5,3,4,4,5,5,5,3,5,5,5,5,5,5,5,5,5,5,2,2,5,5,5,5,4,4,4,4,4,4,4,4,3,3,3,3,3,3,3,3","0.000773906707763672","louvain","edit-xhwikibooks.graphml"
"0.11","0.38","0.51","0.4180482421875","1,1,1,1,2,3,2,3,3,3,4,2,3,3,3,3,3,4,4,2,5,1,3,3,3,3,3,3,1,3,4,4,2,2,4,4,3,3,5,5,5,5,1,1,1,1,5,1,1,1,5,5,5,5,5,1,1,1,1,5,3,5,5,3,3,5,5,5,5,5,1,5,3,3,5,5,5,5,5,5,5,3,3,3,3,1,5,5,5,5,3,4,4,5,5,5,3,5,5,5,5,5,5,5,5,5,5,2,2,5,5,5,5,4,4,4,4,4,4,4,4,3,3,3,3,3,3,3,3","0.00071406364440918","louvain","edit-xhwikibooks.graphml"
"0.1","0.39","0.51","0.418214763492992","1,1,1,1,2,3,2,3,3,3,2,2,3,3,3,3,3,2,2,2,4,1,3,3,3,3,3,3,1,3,2,2,2,2,2,2,3,3,4,4,4,4,1,1,1,1,4,1,1,1,4,4,4,4,4,1,1,1,1,4,3,4,4,3,3,4,4,4,4,4,1,4,3,3,4,4,4,4,4,4,4,3,3,3,3,1,4,4,4,4,3,2,2,4,4,4,3,4,4,4,4,4,4,4,4,4,4,2,2,4,4,4,4,2,2,2,2,2,2,2,2,3,3,3,3,3,3,3,3","0.000828027725219727","louvain","edit-xhwikibooks.graphml"
"0.09","0.4","0.51","0.419155703322741","1,1,1,1,1,2,1,2,2,2,3,1,2,2,2,2,2,3,3,1,4,1,2,2,2,2,2,2,1,2,3,3,1,1,3,3,2,2,4,4,4,4,1,1,1,1,4,1,1,1,4,4,4,4,4,1,1,1,1,4,2,4,4,2,2,4,4,4,4,4,1,4,2,2,4,4,4,4,4,4,4,2,2,2,2,1,4,4,4,4,2,3,3,4,4,4,2,4,4,4,4,4,4,4,4,4,4,1,1,4,4,4,4,3,3,3,3,3,3,3,3,2,2,2,2,2,2,2,2","0.000817060470581055","louvain","edit-xhwikibooks.graphml"
"0.08","0.41","0.51","0.420137118239314","1,1,1,1,2,3,2,3,3,3,2,2,3,3,3,3,3,2,4,2,5,1,3,3,3,3,3,3,1,3,2,4,2,2,4,4,3,3,5,5,5,5,1,1,1,1,5,1,1,1,5,5,5,5,5,1,1,1,1,5,3,5,5,3,3,5,5,5,5,5,1,5,3,3,5,5,5,5,5,5,5,3,3,3,3,1,5,5,5,5,3,2,4,5,5,5,3,5,5,5,5,5,5,5,5,5,5,2,2,5,5,5,5,4,4,4,4,4,4,4,4,3,3,3,3,3,3,3,3","0.000729084014892578","louvain","edit-xhwikibooks.graphml"
"0.07","0.42","0.51","0.419937500606555","1,1,1,1,2,3,2,3,3,3,2,2,3,3,3,3,3,2,4,2,5,1,3,3,3,3,3,3,1,3,2,4,2,2,4,4,3,3,5,5,5,5,1,1,1,1,5,1,1,1,5,5,5,5,5,1,1,1,1,5,3,5,5,3,3,5,5,5,5,5,1,5,3,3,5,5,5,5,5,5,5,3,3,3,3,1,5,5,5,5,3,2,4,5,5,5,3,5,5,5,5,5,5,5,5,5,5,2,2,5,5,5,5,4,4,4,4,4,4,4,4,3,3,3,3,3,3,3,3","0.000818014144897461","louvain","edit-xhwikibooks.graphml"
"0.06","0.43","0.51","0.420567647221688","1,1,1,1,2,3,2,3,3,3,4,2,3,3,3,3,3,4,4,2,5,1,3,3,3,3,3,3,1,3,4,4,2,2,4,4,3,3,5,5,5,5,1,1,1,1,5,1,1,1,5,5,5,5,5,1,1,1,1,5,3,5,5,3,3,5,5,5,5,5,1,5,3,3,5,5,5,5,5,5,5,3,3,3,3,1,5,5,5,5,3,4,4,5,5,5,3,5,5,5,5,5,5,5,5,5,5,2,2,5,5,5,5,4,4,4,4,4,4,4,4,3,3,3,3,3,3,3,3","0.000778913497924805","louvain","edit-xhwikibooks.graphml"
"0.05","0.44","0.51","0.420368810487364","1,1,1,1,2,3,2,3,3,3,4,2,3,3,3,3,3,4,4,2,5,1,3,3,3,3,3,3,1,3,4,4,2,2,4,4,3,3,5,5,5,5,1,1,1,1,5,1,1,1,5,5,5,5,5,1,1,1,1,5,3,5,5,3,3,5,5,5,5,5,1,5,3,3,5,5,5,5,5,5,5,3,3,3,3,1,5,5,5,5,3,4,4,5,5,5,3,5,5,5,5,5,5,5,5,5,5,2,2,5,5,5,5,4,4,4,4,4,4,4,4,3,3,3,3,3,3,3,3","0.000720024108886719","louvain","edit-xhwikibooks.graphml"
"0.04","0.45","0.51","0.422082288491956","1,1,1,1,2,3,2,3,3,3,2,2,3,3,3,3,3,2,4,2,5,1,3,3,3,3,3,3,1,3,2,4,2,2,4,4,3,3,5,5,5,5,1,1,1,1,5,1,1,1,5,5,5,5,5,1,1,1,1,5,3,5,5,3,3,5,5,5,5,5,1,5,3,3,5,5,5,5,5,5,5,3,3,3,3,1,5,5,5,5,3,2,4,5,5,5,3,5,5,5,5,5,5,5,5,5,5,2,2,5,5,5,5,4,4,4,4,4,4,4,4,3,3,3,3,3,3,3,3","0.000825881958007812","louvain","edit-xhwikibooks.graphml"
"0.03","0.46","0.51","0.420877610129922","1,1,1,1,2,3,2,3,3,3,2,2,3,3,3,3,3,2,2,2,4,1,3,3,3,3,3,3,1,3,2,2,2,2,2,2,3,3,4,4,4,4,1,1,1,1,4,1,1,1,4,4,4,4,4,1,1,1,1,4,3,4,4,3,3,4,4,4,4,4,1,4,3,3,4,4,4,4,4,4,4,3,3,3,3,1,4,4,4,4,3,2,2,4,4,4,3,4,4,4,4,4,4,4,4,4,4,2,2,4,4,4,4,2,2,2,2,2,2,2,2,3,3,3,3,3,3,3,3","0.000858068466186523","louvain","edit-xhwikibooks.graphml"
"0.02","0.47","0.51","0.421937631227334","1,1,1,1,2,3,2,3,3,3,4,2,3,3,3,3,3,4,4,2,5,1,3,3,3,3,3,3,1,3,4,4,2,2,4,4,3,3,5,5,5,5,1,1,1,1,5,1,1,1,5,5,5,5,5,1,1,1,1,5,3,5,5,3,3,5,5,5,5,5,1,5,3,3,5,5,5,5,5,5,5,3,3,3,3,1,5,5,5,5,3,4,4,5,5,5,3,5,5,5,5,5,5,5,5,5,5,2,2,5,5,5,5,4,4,4,4,4,4,4,4,3,3,3,3,3,3,3,3","0.000772953033447266","louvain","edit-xhwikibooks.graphml"
"0.01","0.48","0.51","0.422210437175335","1,1,1,2,3,2,3,2,2,2,4,3,2,2,2,2,2,4,4,3,5,1,2,2,2,2,2,2,1,2,4,4,3,3,4,4,2,2,5,5,5,5,1,1,1,1,5,1,1,1,5,5,5,5,5,1,1,1,1,5,2,5,5,2,2,5,5,5,5,5,1,5,2,2,5,5,5,5,5,5,5,2,2,2,2,1,5,5,5,5,2,4,4,5,5,5,2,5,5,5,5,5,5,5,5,5,5,3,3,5,5,5,5,4,4,4,4,4,4,4,4,2,2,2,2,2,2,2,2","0.000674962997436523","louvain","edit-xhwikibooks.graphml"
"0","0.49","0.51","0.424356614845298","1,1,1,1,1,2,1,2,2,2,1,1,2,2,2,2,2,1,3,1,4,1,2,2,2,2,2,2,1,2,1,3,1,1,3,3,2,2,4,4,4,4,1,1,1,1,4,1,1,1,4,4,4,4,4,1,1,1,1,4,2,4,4,2,2,4,4,4,4,4,1,4,2,2,4,4,4,4,4,4,4,2,2,2,2,1,4,4,4,4,2,1,3,4,4,4,2,4,4,4,4,4,4,4,4,4,4,1,1,4,4,4,4,3,3,3,3,3,3,3,3,2,2,2,2,2,2,2,2","0.000774860382080078","louvain","edit-xhwikibooks.graphml"
"0.48","0","0.52","0.423974961288738","1,1,1,2,3,2,3,2,2,2,3,4,2,2,2,2,2,3,3,4,5,1,2,2,2,2,2,2,1,2,3,3,4,4,3,3,2,2,5,5,5,5,1,1,1,1,5,1,1,1,5,5,5,5,5,1,1,1,1,5,2,5,5,2,2,5,5,5,5,5,1,5,2,2,5,5,5,5,5,5,5,2,2,2,2,1,5,5,5,5,2,3,3,5,5,5,2,5,5,5,5,5,5,5,5,5,5,4,4,5,5,5,5,3,3,3,3,3,3,3,3,2,2,2,2,2,2,2,2","0.00077509880065918","louvain","edit-xhwikibooks.graphml"
"0.47","0.01","0.52","0.424476716333463","1,1,1,2,3,2,3,2,2,2,3,3,2,2,2,2,2,3,4,3,5,1,2,2,2,2,2,2,1,2,3,4,3,3,4,4,2,2,5,5,5,5,1,1,1,1,5,1,1,1,5,5,5,5,5,1,1,1,1,5,2,5,5,2,2,5,5,5,5,5,1,5,2,2,5,5,5,5,5,5,5,2,2,2,2,1,5,5,5,5,2,3,4,5,5,5,2,5,5,5,5,5,5,5,5,5,5,3,3,5,5,5,5,4,4,4,4,4,4,4,4,2,2,2,2,2,2,2,2","0.00079798698425293","louvain","edit-xhwikibooks.graphml"
"0.46","0.02","0.52","0.424476716333463","1,1,1,2,3,2,3,2,2,2,3,3,2,2,2,2,2,3,4,3,5,1,2,2,2,2,2,2,1,2,3,4,3,3,4,4,2,2,5,5,5,5,1,1,1,1,5,1,1,1,5,5,5,5,5,1,1,1,1,5,2,5,5,2,2,5,5,5,5,5,1,5,2,2,5,5,5,5,5,5,5,2,2,2,2,1,5,5,5,5,2,3,4,5,5,5,2,5,5,5,5,5,5,5,5,5,5,3,3,5,5,5,5,4,4,4,4,4,4,4,4,2,2,2,2,2,2,2,2","0.000726938247680664","louvain","edit-xhwikibooks.graphml"
"0.45","0.03","0.52","0.424282345097225","1,1,1,2,3,2,3,2,2,2,3,3,2,2,2,2,2,3,4,3,5,1,2,2,2,2,2,2,1,2,3,4,3,3,4,4,2,2,5,5,5,5,1,1,1,1,5,1,1,1,5,5,5,5,5,1,1,1,1,5,2,5,5,2,2,5,5,5,5,5,1,5,2,2,5,5,5,5,5,5,5,2,2,2,2,1,5,5,5,5,2,3,4,5,5,5,2,5,5,5,5,5,5,5,5,5,5,3,3,5,5,5,5,4,4,4,4,4,4,4,4,2,2,2,2,2,2,2,2","0.000664949417114258","louvain","edit-xhwikibooks.graphml"
"0.44","0.04","0.52","0.424282345097225","1,1,1,2,3,2,3,2,2,2,3,3,2,2,2,2,2,3,4,3,5,1,2,2,2,2,2,2,1,2,3,4,3,3,4,4,2,2,5,5,5,5,1,1,1,1,5,1,1,1,5,5,5,5,5,1,1,1,1,5,2,5,5,2,2,5,5,5,5,5,1,5,2,2,5,5,5,5,5,5,5,2,2,2,2,1,5,5,5,5,2,3,4,5,5,5,2,5,5,5,5,5,5,5,5,5,5,3,3,5,5,5,5,4,4,4,4,4,4,4,4,2,2,2,2,2,2,2,2","0.000741004943847656","louvain","edit-xhwikibooks.graphml"
"0.43","0.05","0.52","0.419189586201162","1,1,1,2,3,2,3,2,2,2,3,3,2,2,2,2,2,3,4,3,5,1,2,2,2,2,2,2,1,2,3,4,3,3,4,4,2,2,5,5,5,5,1,1,1,1,5,1,1,1,5,5,5,5,5,1,1,1,1,5,2,5,5,2,2,5,5,5,5,5,1,5,2,2,5,5,5,5,5,5,5,2,2,2,2,1,5,5,5,5,2,3,4,5,5,5,2,5,5,5,5,5,5,5,5,5,5,3,3,5,5,5,5,4,4,4,4,4,4,4,4,2,2,2,2,2,2,2,2","0.000803947448730469","louvain","edit-xhwikibooks.graphml"
"0.42","0.06","0.52","0.419189586201162","1,1,1,2,3,2,3,2,2,2,3,3,2,2,2,2,2,3,4,3,5,1,2,2,2,2,2,2,1,2,3,4,3,3,4,4,2,2,5,5,5,5,1,1,1,1,5,1,1,1,5,5,5,5,5,1,1,1,1,5,2,5,5,2,2,5,5,5,5,5,1,5,2,2,5,5,5,5,5,5,5,2,2,2,2,1,5,5,5,5,2,3,4,5,5,5,2,5,5,5,5,5,5,5,5,5,5,3,3,5,5,5,5,4,4,4,4,4,4,4,4,2,2,2,2,2,2,2,2","0.000822067260742188","louvain","edit-xhwikibooks.graphml"
"0.41","0.07","0.52","0.418995606271103","1,1,1,2,3,2,3,2,2,2,3,3,2,2,2,2,2,3,4,3,5,1,2,2,2,2,2,2,1,2,3,4,3,3,4,4,2,2,5,5,5,5,1,1,1,1,5,1,1,1,5,5,5,5,5,1,1,1,1,5,2,5,5,2,2,5,5,5,5,5,1,5,2,2,5,5,5,5,5,5,5,2,2,2,2,1,5,5,5,5,2,3,4,5,5,5,2,5,5,5,5,5,5,5,5,5,5,3,3,5,5,5,5,4,4,4,4,4,4,4,4,2,2,2,2,2,2,2,2","0.000694036483764648","louvain","edit-xhwikibooks.graphml"
"0.4","0.08","0.52","0.419587378792889","1,1,1,2,3,2,3,2,2,2,3,3,2,2,2,2,2,3,4,3,5,1,2,2,2,2,2,2,1,2,3,4,3,3,4,4,2,2,5,5,5,5,1,1,1,1,5,1,1,1,5,5,5,5,5,1,1,1,1,5,2,5,5,2,2,5,5,5,5,5,1,5,2,2,5,5,5,5,5,5,5,2,2,2,2,1,5,5,5,5,2,3,4,5,5,5,2,5,5,5,5,5,5,5,5,5,5,3,3,5,5,5,5,4,4,4,4,4,4,4,4,2,2,2,2,2,2,2,2","0.000954866409301758","louvain","edit-xhwikibooks.graphml"
"0.39","0.09","0.52","0.41764876525531","1,1,1,1,2,3,2,3,3,3,4,2,3,3,3,3,3,4,4,2,5,1,3,3,3,3,3,3,1,3,4,4,2,2,4,4,3,3,5,5,5,5,1,1,1,1,5,1,1,1,5,5,5,5,5,1,1,1,1,5,3,5,5,3,3,5,5,5,5,5,1,5,3,3,5,5,5,5,5,5,5,3,3,3,3,1,5,5,5,5,3,4,4,5,5,5,3,5,5,5,5,5,5,5,5,5,5,2,2,5,5,5,5,4,4,4,4,4,4,4,4,3,3,3,3,3,3,3,3","0.000770092010498047","louvain","edit-xhwikibooks.graphml"
"0.38","0.1","0.52","0.41813358057901","1,1,1,2,3,2,3,2,2,2,4,3,2,2,2,2,2,4,4,3,5,1,2,2,2,2,2,2,1,2,4,4,3,3,4,4,2,2,5,5,5,5,1,1,1,1,5,1,1,1,5,5,5,5,5,1,1,1,1,5,2,5,5,2,2,5,5,5,5,5,1,5,2,2,5,5,5,5,5,5,5,2,2,2,2,1,5,5,5,5,2,4,4,5,5,5,2,5,5,5,5,5,5,5,5,5,5,3,3,5,5,5,5,4,4,4,4,4,4,4,4,2,2,2,2,2,2,2,2","0.000735044479370117","louvain","edit-xhwikibooks.graphml"
"0.37","0.11","0.52","0.417940440365714","1,1,1,2,3,2,3,2,2,2,4,3,2,2,2,2,2,4,4,3,5,1,2,2,2,2,2,2,1,2,4,4,3,3,4,4,2,2,5,5,5,5,1,1,1,1,5,1,1,1,5,5,5,5,5,1,1,1,1,5,2,5,5,2,2,5,5,5,5,5,1,5,2,2,5,5,5,5,5,5,5,2,2,2,2,1,5,5,5,5,2,4,4,5,5,5,2,5,5,5,5,5,5,5,5,5,5,3,3,5,5,5,5,4,4,4,4,4,4,4,4,2,2,2,2,2,2,2,2","0.000738143920898438","louvain","edit-xhwikibooks.graphml"
"0.36","0.12","0.52","0.418848955998472","1,1,1,2,1,2,1,2,2,2,1,1,2,2,2,2,2,1,3,1,4,1,2,2,2,2,2,2,1,2,1,3,1,1,3,3,2,2,4,4,4,4,1,1,1,1,4,1,1,1,4,4,4,4,4,1,1,1,1,4,2,4,4,2,2,4,4,4,4,4,1,4,2,2,4,4,4,4,4,4,4,2,2,2,2,1,4,4,4,4,2,1,3,4,4,4,2,4,4,4,4,4,4,4,4,4,4,1,1,4,4,4,4,3,3,3,3,3,3,3,3,2,2,2,2,2,2,2,2","0.000771999359130859","louvain","edit-xhwikibooks.graphml"
"0.35","0.13","0.52","0.417819154916908","1,1,1,1,2,3,2,3,3,3,2,2,3,3,3,3,3,2,4,2,5,1,3,3,3,3,3,3,1,3,2,4,2,2,4,4,3,3,5,5,5,5,1,1,1,1,5,1,1,1,5,5,5,5,5,1,1,1,1,5,3,5,5,3,3,5,5,5,5,5,1,5,3,3,5,5,5,5,5,5,5,3,3,3,3,1,5,5,5,5,3,2,4,5,5,5,3,5,5,5,5,5,5,5,5,5,5,2,2,5,5,5,5,4,4,4,4,4,4,4,4,3,3,3,3,3,3,3,3","0.000816106796264648","louvain","edit-xhwikibooks.graphml"
"0.34","0.14","0.52","0.4170700605948","1,1,2,2,3,2,3,2,2,2,4,3,2,2,2,2,2,4,4,3,5,1,2,2,2,2,2,2,1,2,4,4,3,3,4,4,2,2,5,5,5,5,1,1,1,1,5,1,1,1,5,5,5,5,5,1,1,1,1,5,2,5,5,2,2,5,5,5,5,5,1,5,2,2,5,5,5,5,5,5,5,2,2,2,2,1,5,5,5,5,2,4,4,5,5,5,2,5,5,5,5,5,5,5,5,5,5,3,3,5,5,5,5,4,4,4,4,4,4,4,4,2,2,2,2,2,2,2,2","0.000748157501220703","louvain","edit-xhwikibooks.graphml"
"0.33","0.15","0.52","0.41800826446281","1,1,1,1,1,2,1,2,2,2,1,1,2,2,2,2,2,1,3,1,4,1,2,2,2,2,2,2,1,2,1,3,1,1,3,3,2,2,4,4,4,4,1,1,1,1,4,1,1,1,4,4,4,4,4,1,1,1,1,4,2,4,4,2,2,4,4,4,4,4,1,4,2,2,4,4,4,4,4,4,4,2,2,2,2,1,4,4,4,4,2,1,3,4,4,4,2,4,4,4,4,4,4,4,4,4,4,1,1,4,4,4,4,3,3,3,3,3,3,3,3,2,2,2,2,2,2,2,2","0.000825166702270508","louvain","edit-xhwikibooks.graphml"
"0.32","0.16","0.52","0.419164311803434","1,1,2,2,3,2,3,2,2,2,4,3,2,2,2,2,2,4,4,3,5,1,2,2,2,2,2,2,1,2,4,4,3,3,4,4,2,2,5,5,5,5,1,1,1,1,5,1,1,1,5,5,5,5,5,1,1,1,1,5,2,5,5,2,2,5,5,5,5,5,1,5,2,2,5,5,5,5,5,5,5,2,2,2,2,1,5,5,5,5,2,4,4,5,5,5,2,5,5,5,5,5,5,5,5,5,5,3,3,5,5,5,5,4,4,4,4,4,4,4,4,2,2,2,2,2,2,2,2","0.000865936279296875","louvain","edit-xhwikibooks.graphml"
"0.31","0.17","0.52","0.412463083218308","1,1,1,1,2,3,2,3,3,3,4,2,3,3,3,3,3,4,4,2,5,1,3,3,3,3,3,3,1,3,4,4,2,2,4,4,3,3,5,5,5,5,1,1,1,1,5,1,1,1,5,5,5,5,5,1,1,1,1,5,3,5,5,3,3,5,5,5,5,5,1,5,3,3,5,5,5,5,5,5,5,3,3,3,3,1,5,5,5,5,3,4,4,5,5,5,3,5,5,5,5,5,5,5,5,5,5,2,2,5,5,5,5,4,4,4,4,4,4,4,4,3,3,3,3,3,3,3,3","0.0364360809326172","louvain","edit-xhwikibooks.graphml"
"0.3","0.18","0.52","0.412463083218308","1,1,1,1,2,3,2,3,3,3,4,2,3,3,3,3,3,4,4,2,5,1,3,3,3,3,3,3,1,3,4,4,2,2,4,4,3,3,5,5,5,5,1,1,1,1,5,1,1,1,5,5,5,5,5,1,1,1,1,5,3,5,5,3,3,5,5,5,5,5,1,5,3,3,5,5,5,5,5,5,5,3,3,3,3,1,5,5,5,5,3,4,4,5,5,5,3,5,5,5,5,5,5,5,5,5,5,2,2,5,5,5,5,4,4,4,4,4,4,4,4,3,3,3,3,3,3,3,3","0.00100994110107422","louvain","edit-xhwikibooks.graphml"
"0.29","0.19","0.52","0.41253313967548","1,1,2,2,3,2,3,2,2,2,3,3,2,2,2,2,2,3,4,3,5,1,2,2,2,2,2,2,1,2,3,4,3,3,4,4,2,2,5,5,5,5,1,1,1,1,5,1,1,1,5,5,5,5,5,1,1,1,1,5,2,5,5,2,2,5,5,5,5,5,1,5,2,2,5,5,5,5,5,5,5,2,2,2,2,1,5,5,5,5,2,3,4,5,5,5,2,5,5,5,5,5,5,5,5,5,5,3,3,5,5,5,5,4,4,4,4,4,4,4,4,2,2,2,2,2,2,2,2","0.000858068466186523","louvain","edit-xhwikibooks.graphml"
"0.28","0.2","0.52","0.412978367106517","1,1,2,2,3,2,3,2,2,2,3,3,2,2,2,2,2,3,3,3,4,1,2,2,2,2,2,2,1,2,3,3,3,3,3,3,2,2,4,4,4,4,1,1,1,1,4,1,1,1,4,4,4,4,4,1,1,1,1,4,2,4,4,2,2,4,4,4,4,4,1,4,2,2,4,4,4,4,4,4,4,2,2,2,2,1,4,4,4,4,2,3,3,4,4,4,2,4,4,4,4,4,4,4,4,4,4,3,3,4,4,4,4,3,3,3,3,3,3,3,3,2,2,2,2,2,2,2,2","0.00098109245300293","louvain","edit-xhwikibooks.graphml"
"0.27","0.21","0.52","0.411247238669458","1,1,2,2,3,2,3,2,2,2,4,3,2,2,2,2,2,4,4,3,5,1,2,2,2,2,2,2,1,2,4,4,3,3,4,4,2,2,5,5,5,5,1,1,1,1,5,1,1,1,5,5,5,5,5,1,1,1,1,5,2,5,5,2,2,5,5,5,5,5,1,5,2,2,5,5,5,5,5,5,5,2,2,2,2,1,5,5,5,5,2,4,4,5,5,5,2,5,5,5,5,5,5,5,5,5,5,3,3,5,5,5,5,4,4,4,4,4,4,4,4,2,2,2,2,2,2,2,2","0.0010828971862793","louvain","edit-xhwikibooks.graphml"
"0.26","0.22","0.52","0.411478678596703","1,1,1,1,2,3,2,3,3,3,4,2,3,3,3,3,3,4,4,2,5,1,3,3,3,3,3,3,1,3,4,4,2,2,4,4,3,3,5,5,5,5,1,1,1,1,5,1,1,1,5,5,5,5,5,1,1,1,1,5,3,5,5,3,3,5,5,5,5,5,1,5,3,3,5,5,5,5,5,5,5,3,3,3,3,1,5,5,5,5,3,4,4,5,5,5,3,5,5,5,5,5,5,5,5,5,5,2,2,5,5,5,5,4,4,4,4,4,4,4,4,3,3,3,3,3,3,3,3","0.00120687484741211","louvain","edit-xhwikibooks.graphml"
"0.25","0.23","0.52","0.412222725215029","1,1,2,2,3,2,3,2,2,2,4,3,2,2,2,2,2,4,4,3,5,1,2,2,2,2,2,2,1,2,4,4,3,3,4,4,2,2,5,5,5,5,1,1,1,1,5,1,1,1,5,5,5,5,5,1,1,1,1,5,2,5,5,2,2,5,5,5,5,5,1,5,2,2,5,5,5,5,5,5,5,2,2,2,2,1,5,5,5,5,2,4,4,5,5,5,2,5,5,5,5,5,5,5,5,5,5,3,3,5,5,5,5,4,4,4,4,4,4,4,4,2,2,2,2,2,2,2,2","0.00100016593933105","louvain","edit-xhwikibooks.graphml"
"0.24","0.24","0.52","0.412824122398421","1,1,2,2,3,2,3,2,2,2,4,3,2,2,2,2,2,4,4,3,5,1,2,2,2,2,2,2,1,2,4,4,3,3,4,4,2,2,5,5,5,5,1,1,1,1,5,1,1,1,5,5,5,5,5,1,1,1,1,5,2,5,5,2,2,5,5,5,5,5,1,5,2,2,5,5,5,5,5,5,5,2,2,2,2,1,5,5,5,5,2,4,4,5,5,5,2,5,5,5,5,5,5,5,5,5,5,3,3,5,5,5,5,4,4,4,4,4,4,4,4,2,2,2,2,2,2,2,2","0.00136804580688477","louvain","edit-xhwikibooks.graphml"
"0.23","0.25","0.52","0.403690791647573","1,1,1,1,2,3,2,3,3,3,4,2,3,3,3,3,3,4,4,2,5,1,3,3,3,3,3,3,1,3,4,4,2,2,4,4,3,3,5,5,5,5,1,1,1,1,5,1,1,1,5,5,5,5,5,1,1,1,1,5,3,5,5,3,3,5,5,5,5,5,1,5,3,3,5,5,5,5,5,5,5,3,3,3,3,1,5,5,5,5,3,4,4,5,5,5,3,5,5,5,5,5,5,5,5,5,5,2,2,5,5,5,5,4,4,4,4,4,4,4,4,3,3,3,3,3,3,3,3","0.00164794921875","louvain","edit-xhwikibooks.graphml"
"0.22","0.26","0.52","0.40358139977242","1,1,1,2,3,2,3,2,2,2,4,3,2,2,2,2,2,4,4,3,5,1,2,2,2,2,2,2,1,2,4,4,3,3,4,4,2,2,5,5,5,5,1,1,1,1,5,1,1,1,5,5,5,5,5,1,1,1,1,5,2,5,5,2,2,5,5,5,5,5,1,5,2,2,5,5,5,5,5,5,5,2,2,2,2,1,5,5,5,5,2,4,4,5,5,5,2,5,5,5,5,5,5,5,5,5,5,3,3,5,5,5,5,4,4,4,4,4,4,4,4,2,2,2,2,2,2,2,2","0.00144004821777344","louvain","edit-xhwikibooks.graphml"
"0.21","0.27","0.52","0.40358139977242","1,1,1,2,3,2,3,2,2,2,4,3,2,2,2,2,2,4,4,3,5,1,2,2,2,2,2,2,1,2,4,4,3,3,4,4,2,2,5,5,5,5,1,1,1,1,5,1,1,1,5,5,5,5,5,1,1,1,1,5,2,5,5,2,2,5,5,5,5,5,1,5,2,2,5,5,5,5,5,5,5,2,2,2,2,1,5,5,5,5,2,4,4,5,5,5,2,5,5,5,5,5,5,5,5,5,5,3,3,5,5,5,5,4,4,4,4,4,4,4,4,2,2,2,2,2,2,2,2","0.00104999542236328","louvain","edit-xhwikibooks.graphml"
"0.2","0.28","0.52","0.403364053188678","1,1,1,1,2,3,2,3,3,3,2,2,3,3,3,3,3,2,2,2,4,1,3,3,3,3,3,3,1,3,2,2,2,2,2,2,3,3,4,4,4,4,1,1,1,1,4,1,1,1,4,4,4,4,4,1,1,1,1,4,3,4,4,3,3,4,4,4,4,4,1,4,3,3,4,4,4,4,4,4,4,3,3,3,3,1,4,4,4,4,3,2,2,4,4,4,3,4,4,4,4,4,4,4,4,4,4,2,2,4,4,4,4,2,2,2,2,2,2,2,2,3,3,3,3,3,3,3,3","0.000954866409301758","louvain","edit-xhwikibooks.graphml"
"0.19","0.29","0.52","0.400108192687247","1,1,1,2,1,2,1,2,2,2,1,1,2,2,2,2,2,1,3,1,4,1,2,2,2,2,2,2,1,2,1,3,1,1,3,3,2,2,4,4,4,4,1,1,1,1,4,1,1,1,4,4,4,4,4,1,1,1,1,4,2,4,4,2,2,4,4,4,4,4,1,4,2,2,4,4,4,4,4,4,4,2,2,2,2,1,4,4,4,4,2,1,3,4,4,4,2,4,4,4,4,4,4,4,4,4,4,1,1,4,4,4,4,3,3,3,3,3,3,3,3,2,2,2,2,2,2,2,2","0.00112795829772949","louvain","edit-xhwikibooks.graphml"
"0.18","0.3","0.52","0.400714527699866","1,1,1,2,3,2,3,2,2,2,4,3,2,2,2,2,2,4,4,3,5,1,2,2,2,2,2,2,1,2,4,4,3,3,4,4,2,2,5,5,5,5,1,1,1,1,5,1,1,1,5,5,5,5,5,1,1,1,1,5,2,5,5,2,2,5,5,5,5,5,1,5,2,2,5,5,5,5,5,5,5,2,2,2,2,1,5,5,5,5,2,4,4,5,5,5,2,5,5,5,5,5,5,5,5,5,5,3,3,5,5,5,5,4,4,4,4,4,4,4,4,2,2,2,2,2,2,2,2","0.000988006591796875","louvain","edit-xhwikibooks.graphml"
"0.17","0.31","0.52","0.401199141857051","1,1,1,1,1,2,1,2,2,2,1,1,2,2,2,2,2,1,3,1,4,1,2,2,2,2,2,2,1,2,1,3,1,1,3,3,2,2,4,4,4,4,1,1,1,1,4,1,1,1,4,4,4,4,4,1,1,1,1,4,2,4,4,2,2,4,4,4,4,4,1,4,2,2,4,4,4,4,4,4,4,2,2,2,2,1,4,4,4,4,2,1,3,4,4,4,2,4,4,4,4,4,4,4,4,4,4,1,1,4,4,4,4,3,3,3,3,3,3,3,3,2,2,2,2,2,2,2,2","0.00105190277099609","louvain","edit-xhwikibooks.graphml"
"0.16","0.32","0.52","0.401148464322272","1,1,1,2,3,2,3,2,2,2,4,3,2,2,2,2,2,4,4,3,5,1,2,2,2,2,2,2,1,2,4,4,3,3,4,4,2,2,5,5,5,5,1,1,1,1,5,1,1,1,5,5,5,5,5,1,1,1,1,5,2,5,5,2,2,5,5,5,5,5,1,5,2,2,5,5,5,5,5,5,5,2,2,2,2,1,5,5,5,5,2,4,4,5,5,5,2,5,5,5,5,5,5,5,5,5,5,3,3,5,5,5,5,4,4,4,4,4,4,4,4,2,2,2,2,2,2,2,2","0.00124096870422363","louvain","edit-xhwikibooks.graphml"
"0.15","0.33","0.52","0.400340998908502","1,1,1,2,1,2,1,2,2,2,1,1,2,2,2,2,2,1,3,1,4,1,2,2,2,2,2,2,1,2,1,3,1,1,3,3,2,2,4,4,4,4,1,1,1,1,4,1,1,1,4,4,4,4,4,1,1,1,1,4,2,4,4,2,2,4,4,4,4,4,1,4,2,2,4,4,4,4,4,4,4,2,2,2,2,1,4,4,4,4,2,1,3,4,4,4,2,4,4,4,4,4,4,4,4,4,4,1,1,4,4,4,4,3,3,3,3,3,3,3,3,2,2,2,2,2,2,2,2","0.00134515762329102","louvain","edit-xhwikibooks.graphml"
"0.14","0.34","0.52","0.40854149536682","1,1,1,2,3,2,3,2,2,2,3,3,2,2,2,2,2,3,3,3,4,1,2,2,2,2,2,2,1,2,3,3,3,3,3,3,2,2,4,4,4,4,1,1,1,1,4,1,1,1,4,4,4,4,4,1,1,1,1,4,2,4,4,2,2,4,4,4,4,4,1,4,2,2,4,4,4,4,4,4,4,2,2,2,2,1,4,4,4,4,2,3,3,4,4,4,2,4,4,4,4,4,4,4,4,4,4,3,3,4,4,4,4,3,3,3,3,3,3,3,3,2,2,2,2,2,2,2,2","0.00108718872070312","louvain","edit-xhwikibooks.graphml"
"0.13","0.35","0.52","0.40854149536682","1,1,1,2,3,2,3,2,2,2,3,3,2,2,2,2,2,3,3,3,4,1,2,2,2,2,2,2,1,2,3,3,3,3,3,3,2,2,4,4,4,4,1,1,1,1,4,1,1,1,4,4,4,4,4,1,1,1,1,4,2,4,4,2,2,4,4,4,4,4,1,4,2,2,4,4,4,4,4,4,4,2,2,2,2,1,4,4,4,4,2,3,3,4,4,4,2,4,4,4,4,4,4,4,4,4,4,3,3,4,4,4,4,3,3,3,3,3,3,3,3,2,2,2,2,2,2,2,2","0.000909090042114258","louvain","edit-xhwikibooks.graphml"
"0.12","0.36","0.52","0.409373251403675","1,1,1,1,2,3,2,3,3,3,2,2,3,3,3,3,3,2,4,2,5,1,3,3,3,3,3,3,1,3,2,4,2,2,4,4,3,3,5,5,5,5,1,1,1,1,5,1,1,1,5,5,5,5,5,1,1,1,1,5,3,5,5,3,3,5,5,5,5,5,1,5,3,3,5,5,5,5,5,5,5,3,3,3,3,1,5,5,5,5,3,2,4,5,5,5,3,5,5,5,5,5,5,5,5,5,5,2,2,5,5,5,5,4,4,4,4,4,4,4,4,3,3,3,3,3,3,3,3","0.000925064086914062","louvain","edit-xhwikibooks.graphml"
"0.11","0.37","0.52","0.409252556733877","1,1,1,2,3,2,3,2,2,2,3,3,2,2,2,2,2,3,4,3,5,1,2,2,2,2,2,2,1,2,3,4,3,3,4,4,2,2,5,5,5,5,1,1,1,1,5,1,1,1,5,5,5,5,5,1,1,1,1,5,2,5,5,2,2,5,5,5,5,5,1,5,2,2,5,5,5,5,5,5,5,2,2,2,2,1,5,5,5,5,2,3,4,5,5,5,2,5,5,5,5,5,5,5,5,5,5,3,3,5,5,5,5,4,4,4,4,4,4,4,4,2,2,2,2,2,2,2,2","0.00113296508789062","louvain","edit-xhwikibooks.graphml"
"0.1","0.38","0.52","0.409181529663877","1,1,1,1,2,3,2,3,3,3,2,2,3,3,3,3,3,2,4,2,5,1,3,3,3,3,3,3,1,3,2,4,2,2,4,4,3,3,5,5,5,5,1,1,1,1,5,1,1,1,5,5,5,5,5,1,1,1,1,5,3,5,5,3,3,5,5,5,5,5,1,5,3,3,5,5,5,5,5,5,5,3,3,3,3,1,5,5,5,5,3,2,4,5,5,5,3,5,5,5,5,5,5,5,5,5,5,2,2,5,5,5,5,4,4,4,4,4,4,4,4,3,3,3,3,3,3,3,3","0.00122404098510742","louvain","edit-xhwikibooks.graphml"
"0.09","0.39","0.52","0.409669671682062","1,1,1,2,3,2,3,2,2,2,3,3,2,2,2,2,2,3,4,3,5,1,2,2,2,2,2,2,1,2,3,4,3,3,4,4,2,2,5,5,5,5,1,1,1,1,5,1,1,1,5,5,5,5,5,1,1,1,1,5,2,5,5,2,2,5,5,5,5,5,1,5,2,2,5,5,5,5,5,5,5,2,2,2,2,1,5,5,5,5,2,3,4,5,5,5,2,5,5,5,5,5,5,5,5,5,5,3,3,5,5,5,5,4,4,4,4,4,4,4,4,2,2,2,2,2,2,2,2","0.00116491317749023","louvain","edit-xhwikibooks.graphml"
"0.08","0.4","0.52","0.409702689227864","1,1,1,1,1,2,1,2,2,2,1,1,2,2,2,2,2,1,3,1,4,1,2,2,2,2,2,2,1,2,1,3,1,1,3,3,2,2,4,4,4,4,1,1,1,1,4,1,1,1,4,4,4,4,4,1,1,1,1,4,2,4,4,2,2,4,4,4,4,4,1,4,2,2,4,4,4,4,4,4,4,2,2,2,2,1,4,4,4,4,2,1,3,4,4,4,2,4,4,4,4,4,4,4,4,4,4,1,1,4,4,4,4,3,3,3,3,3,3,3,3,2,2,2,2,2,2,2,2","0.000983953475952148","louvain","edit-xhwikibooks.graphml"
"0.07","0.41","0.52","0.410729359920258","1,1,1,1,2,3,2,3,3,3,2,2,3,3,3,3,3,2,4,2,5,1,3,3,3,3,3,3,1,3,2,4,2,2,4,4,3,3,5,5,5,5,1,1,1,1,5,1,1,1,5,5,5,5,5,1,1,1,1,5,3,5,5,3,3,5,5,5,5,5,1,5,3,3,5,5,5,5,5,5,5,3,3,3,3,1,5,5,5,5,3,2,4,5,5,5,3,5,5,5,5,5,5,5,5,5,5,2,2,5,5,5,5,4,4,4,4,4,4,4,4,3,3,3,3,3,3,3,3","0.00101590156555176","louvain","edit-xhwikibooks.graphml"
"0.06","0.42","0.52","0.410537854182178","1,1,1,1,2,3,2,3,3,3,2,2,3,3,3,3,3,2,4,2,5,1,3,3,3,3,3,3,1,3,2,4,2,2,4,4,3,3,5,5,5,5,1,1,1,1,5,1,1,1,5,5,5,5,5,1,1,1,1,5,3,5,5,3,3,5,5,5,5,5,1,5,3,3,5,5,5,5,5,5,5,3,3,3,3,1,5,5,5,5,3,2,4,5,5,5,3,5,5,5,5,5,5,5,5,5,5,2,2,5,5,5,5,4,4,4,4,4,4,4,4,3,3,3,3,3,3,3,3","0.000961065292358398","louvain","edit-xhwikibooks.graphml"
"0.05","0.43","0.52","0.41068809774114","1,1,1,1,1,2,1,2,2,2,1,1,2,2,2,2,2,1,3,1,4,1,2,2,2,2,2,2,1,2,1,3,1,1,3,3,2,2,4,4,4,4,1,1,1,1,4,1,1,1,4,4,4,4,4,1,1,1,1,4,2,4,4,2,2,4,4,4,4,4,1,4,2,2,4,4,4,4,4,4,4,2,2,2,2,1,4,4,4,4,2,1,3,4,4,4,2,4,4,4,4,4,4,4,4,4,4,1,1,4,4,4,4,3,3,3,3,3,3,3,3,2,2,2,2,2,2,2,2","0.0010230541229248","louvain","edit-xhwikibooks.graphml"
"0.04","0.44","0.52","0.411003733080202","1,1,1,1,2,3,2,3,3,3,4,2,3,3,3,3,3,4,4,2,5,1,3,3,3,3,3,3,1,3,4,4,2,2,4,4,3,3,5,5,5,5,1,1,1,1,5,1,1,1,5,5,5,5,5,1,1,1,1,5,3,5,5,3,3,5,5,5,5,5,1,5,3,3,5,5,5,5,5,5,5,3,3,3,3,1,5,5,5,5,3,4,4,5,5,5,3,5,5,5,5,5,5,5,5,5,5,2,2,5,5,5,5,4,4,4,4,4,4,4,4,3,3,3,3,3,3,3,3","0.000936031341552734","louvain","edit-xhwikibooks.graphml"
"0.03","0.45","0.52","0.421115345654738","1,1,1,1,2,3,2,3,3,3,4,2,3,3,3,3,3,4,4,2,5,1,3,3,3,3,3,3,1,3,4,4,2,2,4,4,3,3,5,5,5,5,1,1,1,1,5,1,1,1,5,5,5,5,5,1,1,1,1,5,3,5,5,3,3,5,5,5,5,5,1,5,3,3,5,5,5,5,5,5,5,3,3,3,3,1,5,5,5,5,3,4,4,5,5,5,3,5,5,5,5,5,5,5,5,5,5,2,2,5,5,5,5,4,4,4,4,4,4,4,4,3,3,3,3,3,3,3,3","0.00117802619934082","louvain","edit-xhwikibooks.graphml"
"0.02","0.46","0.52","0.4220649488867","1,1,1,1,2,3,2,3,3,3,2,2,3,3,3,3,3,2,4,2,5,1,3,3,3,3,3,3,1,3,2,4,2,2,4,4,3,3,5,5,5,5,1,1,1,1,5,1,1,1,5,5,5,5,5,1,1,1,1,5,3,5,5,3,3,5,5,5,5,5,1,5,3,3,5,5,5,5,5,5,5,3,3,3,3,1,5,5,5,5,3,2,4,5,5,5,3,5,5,5,5,5,5,5,5,5,5,2,2,5,5,5,5,4,4,4,4,4,4,4,4,3,3,3,3,3,3,3,3","0.00103211402893066","louvain","edit-xhwikibooks.graphml"
"0.01","0.47","0.52","0.422118690393382","1,1,1,1,2,3,2,3,3,3,4,2,3,3,3,3,3,4,4,2,5,1,3,3,3,3,3,3,1,3,4,4,2,2,4,4,3,3,5,5,5,5,1,1,1,1,5,1,1,1,5,5,5,5,5,1,1,1,1,5,3,5,5,3,3,5,5,5,5,5,1,5,3,3,5,5,5,5,5,5,5,3,3,3,3,1,5,5,5,5,3,4,4,5,5,5,3,5,5,5,5,5,5,5,5,5,5,2,2,5,5,5,5,4,4,4,4,4,4,4,4,3,3,3,3,3,3,3,3","0.000801801681518555","louvain","edit-xhwikibooks.graphml"
"0","0.48","0.52","0.424247895384213","1,1,1,1,1,2,3,2,2,2,4,3,2,2,2,2,2,4,4,3,5,1,2,2,2,2,2,2,1,2,4,4,3,3,4,4,2,2,5,5,5,5,1,1,1,1,5,1,1,1,5,5,5,5,5,1,1,1,1,5,2,5,5,2,2,5,5,5,5,5,1,5,2,2,5,5,5,5,5,5,5,2,2,2,2,1,5,5,5,5,2,4,4,5,5,5,2,5,5,5,5,5,5,5,5,5,5,3,3,5,5,5,5,4,4,4,4,4,4,4,4,2,2,2,2,2,2,2,2","0.000809192657470703","louvain","edit-xhwikibooks.graphml"
"0.47","0","0.53","0.423872545887679","1,1,1,2,3,2,3,2,2,2,3,3,2,2,2,2,2,3,4,3,5,1,2,2,2,2,2,2,1,2,3,4,3,3,4,4,2,2,5,5,5,5,1,1,1,1,5,1,1,1,5,5,5,5,5,1,1,1,1,5,2,5,5,2,2,5,5,5,5,5,1,5,2,2,5,5,5,5,5,5,5,2,2,2,2,1,5,5,5,5,2,3,4,5,5,5,2,5,5,5,5,5,5,5,5,5,5,3,3,5,5,5,5,4,4,4,4,4,4,4,4,2,2,2,2,2,2,2,2","0.000885009765625","louvain","edit-xhwikibooks.graphml"
"0.46","0.01","0.53","0.423872545887679","1,1,1,2,3,2,3,2,2,2,3,3,2,2,2,2,2,3,4,3,5,1,2,2,2,2,2,2,1,2,3,4,3,3,4,4,2,2,5,5,5,5,1,1,1,1,5,1,1,1,5,5,5,5,5,1,1,1,1,5,2,5,5,2,2,5,5,5,5,5,1,5,2,2,5,5,5,5,5,5,5,2,2,2,2,1,5,5,5,5,2,3,4,5,5,5,2,5,5,5,5,5,5,5,5,5,5,3,3,5,5,5,5,4,4,4,4,4,4,4,4,2,2,2,2,2,2,2,2","0.000789880752563477","louvain","edit-xhwikibooks.graphml"
"0.45","0.02","0.53","0.423266490813337","1,1,1,2,3,2,3,2,2,2,3,3,2,2,2,2,2,3,3,3,4,1,2,2,2,2,2,2,1,2,3,3,3,3,3,3,2,2,4,4,4,4,1,1,1,1,4,1,1,1,4,4,4,4,4,1,1,1,1,4,2,4,4,2,2,4,4,4,4,4,1,4,2,2,4,4,4,4,4,4,4,2,2,2,2,1,4,4,4,4,2,3,3,4,4,4,2,4,4,4,4,4,4,4,4,4,4,3,3,4,4,4,4,3,3,3,3,3,3,3,3,2,2,2,2,2,2,2,2","0.000808954238891602","louvain","edit-xhwikibooks.graphml"
"0.44","0.03","0.53","0.423074524784709","1,1,1,2,3,2,3,2,2,2,3,3,2,2,2,2,2,3,3,3,4,1,2,2,2,2,2,2,1,2,3,3,3,3,3,3,2,2,4,4,4,4,1,1,1,1,4,1,1,1,4,4,4,4,4,1,1,1,1,4,2,4,4,2,2,4,4,4,4,4,1,4,2,2,4,4,4,4,4,4,4,2,2,2,2,1,4,4,4,4,2,3,3,4,4,4,2,4,4,4,4,4,4,4,4,4,4,3,3,4,4,4,4,3,3,3,3,3,3,3,3,2,2,2,2,2,2,2,2","0.000830173492431641","louvain","edit-xhwikibooks.graphml"
"0.43","0.04","0.53","0.424088133551172","1,1,1,2,3,2,3,2,2,2,3,3,2,2,2,2,2,3,4,3,5,1,2,2,2,2,2,2,1,2,3,4,3,3,4,4,2,2,5,5,5,5,1,1,1,1,5,1,1,1,5,5,5,5,5,1,1,1,1,5,2,5,5,2,2,5,5,5,5,5,1,5,2,2,5,5,5,5,5,5,5,2,2,2,2,1,5,5,5,5,2,3,4,5,5,5,2,5,5,5,5,5,5,5,5,5,5,3,3,5,5,5,5,4,4,4,4,4,4,4,4,2,2,2,2,2,2,2,2","0.000766992568969727","louvain","edit-xhwikibooks.graphml"
"0.42","0.05","0.53","0.422728287124554","1,2,1,1,3,1,3,1,1,1,3,3,1,1,1,1,1,3,3,3,4,2,1,1,1,1,1,1,2,1,3,3,3,3,3,3,1,1,4,4,4,4,2,2,2,2,4,2,2,2,4,4,4,4,4,2,2,2,2,4,1,4,4,1,1,4,4,4,4,4,2,4,1,1,4,4,4,4,4,4,4,1,1,1,1,2,4,4,4,4,1,3,3,4,4,4,1,4,4,4,4,4,4,4,4,4,4,3,3,4,4,4,4,3,3,3,3,3,3,3,3,1,1,1,1,1,1,1,1","0.000766992568969727","louvain","edit-xhwikibooks.graphml"
"0.41","0.06","0.53","0.422656997537866","1,1,1,2,1,2,1,2,2,2,1,1,2,2,2,2,2,1,3,1,4,1,2,2,2,2,2,2,1,2,1,3,1,1,3,3,2,2,4,4,4,4,1,1,1,1,4,1,1,1,4,4,4,4,4,1,1,1,1,4,2,4,4,2,2,4,4,4,4,4,1,4,2,2,4,4,4,4,4,4,4,2,2,2,2,1,4,4,4,4,2,1,3,4,4,4,2,4,4,4,4,4,4,4,4,4,4,1,1,4,4,4,4,3,3,3,3,3,3,3,3,2,2,2,2,2,2,2,2","0.00084996223449707","louvain","edit-xhwikibooks.graphml"
"0.4","0.07","0.53","0.417930671173029","1,1,1,1,1,2,1,2,2,2,1,1,2,2,2,2,2,1,3,1,4,1,2,2,2,2,2,2,1,2,1,3,1,1,3,3,2,2,4,4,4,4,1,1,1,1,4,1,1,1,4,4,4,4,4,1,1,1,1,4,2,4,4,2,2,4,4,4,4,4,1,4,2,2,4,4,4,4,4,4,4,2,2,2,2,1,4,4,4,4,2,1,3,4,4,4,2,4,4,4,4,4,4,4,4,4,4,1,1,4,4,4,4,3,3,3,3,3,3,3,3,2,2,2,2,2,2,2,2","0.000761985778808594","louvain","edit-xhwikibooks.graphml"
"0.39","0.08","0.53","0.41844759608587","1,1,1,2,1,2,1,2,2,2,1,1,2,2,2,2,2,1,3,1,4,1,2,2,2,2,2,2,1,2,1,3,1,1,3,3,2,2,4,4,4,4,1,1,1,1,4,1,1,1,4,4,4,4,4,1,1,1,1,4,2,4,4,2,2,4,4,4,4,4,1,4,2,2,4,4,4,4,4,4,4,2,2,2,2,1,4,4,4,4,2,1,3,4,4,4,2,4,4,4,4,4,4,4,4,4,4,1,1,4,4,4,4,3,3,3,3,3,3,3,3,2,2,2,2,2,2,2,2","0.000850915908813477","louvain","edit-xhwikibooks.graphml"
"0.38","0.09","0.53","0.419199794351355","1,1,1,2,3,2,3,2,2,2,3,3,2,2,2,2,2,3,4,3,5,1,2,2,2,2,2,2,1,2,3,4,3,3,4,4,2,2,5,5,5,5,1,1,1,1,5,1,1,1,5,5,5,5,5,1,1,1,1,5,2,5,5,2,2,5,5,5,5,5,1,5,2,2,5,5,5,5,5,5,5,2,2,2,2,1,5,5,5,5,2,3,4,5,5,5,2,5,5,5,5,5,5,5,5,5,5,3,3,5,5,5,5,4,4,4,4,4,4,4,4,2,2,2,2,2,2,2,2","0.000787019729614258","louvain","edit-xhwikibooks.graphml"
"0.37","0.1","0.53","0.419495867768595","1,1,1,2,3,2,3,2,2,2,3,3,2,2,2,2,2,3,3,3,4,1,2,2,2,2,2,2,1,2,3,3,3,3,3,3,2,2,4,4,4,4,1,1,1,1,4,1,1,1,4,4,4,4,4,1,1,1,1,4,2,4,4,2,2,4,4,4,4,4,1,4,2,2,4,4,4,4,4,4,4,2,2,2,2,1,4,4,4,4,2,3,3,4,4,4,2,4,4,4,4,4,4,4,4,4,4,3,3,4,4,4,4,3,3,3,3,3,3,3,3,2,2,2,2,2,2,2,2","0.000807046890258789","louvain","edit-xhwikibooks.graphml"
"0.36","0.11","0.53","0.419596111381572","1,1,1,2,3,2,3,2,2,2,3,3,2,2,2,2,2,3,4,3,5,1,2,2,2,2,2,2,1,2,3,4,3,3,4,4,2,2,5,5,5,5,1,1,1,1,5,1,1,1,5,5,5,5,5,1,1,1,1,5,2,5,5,2,2,5,5,5,5,5,1,5,2,2,5,5,5,5,5,5,5,2,2,2,2,1,5,5,5,5,2,3,4,5,5,5,2,5,5,5,5,5,5,5,5,5,5,3,3,5,5,5,5,4,4,4,4,4,4,4,4,2,2,2,2,2,2,2,2","0.000947952270507812","louvain","edit-xhwikibooks.graphml"
"0.35","0.12","0.53","0.420430286973875","1,1,1,2,3,2,3,2,2,2,3,3,2,2,2,2,2,3,3,3,4,1,2,2,2,2,2,2,1,2,3,3,3,3,3,3,2,2,4,4,4,4,1,1,1,1,4,1,1,1,4,4,4,4,4,1,1,1,1,4,2,4,4,2,2,4,4,4,4,4,1,4,2,2,4,4,4,4,4,4,4,2,2,2,2,1,4,4,4,4,2,3,3,4,4,4,2,4,4,4,4,4,4,4,4,4,4,3,3,4,4,4,4,3,3,3,3,3,3,3,3,2,2,2,2,2,2,2,2","0.000772953033447266","louvain","edit-xhwikibooks.graphml"
"0.34","0.13","0.53","0.418697843312846","1,1,1,2,3,2,3,2,2,2,4,3,2,2,2,2,2,4,4,3,5,1,2,2,2,2,2,2,1,2,4,4,3,3,4,4,2,2,5,5,5,5,1,1,1,1,5,1,1,1,5,5,5,5,5,1,1,1,1,5,2,5,5,2,2,5,5,5,5,5,1,5,2,2,5,5,5,5,5,5,5,2,2,2,2,1,5,5,5,5,2,4,4,5,5,5,2,5,5,5,5,5,5,5,5,5,5,3,3,5,5,5,5,4,4,4,4,4,4,4,4,2,2,2,2,2,2,2,2","0.000878095626831055","louvain","edit-xhwikibooks.graphml"
"0.33","0.14","0.53","0.41851019204997","1,1,1,2,3,2,3,2,2,2,3,3,2,2,2,2,2,3,3,3,4,1,2,2,2,2,2,2,1,2,3,3,3,3,3,3,2,2,4,4,4,4,1,1,1,1,4,1,1,1,4,4,4,4,4,1,1,1,1,4,2,4,4,2,2,4,4,4,4,4,1,4,2,2,4,4,4,4,4,4,4,2,2,2,2,1,4,4,4,4,2,3,3,4,4,4,2,4,4,4,4,4,4,4,4,4,4,3,3,4,4,4,4,3,3,3,3,3,3,3,3,2,2,2,2,2,2,2,2","0.000859975814819336","louvain","edit-xhwikibooks.graphml"
"0.32","0.15","0.53","0.419417622297051","1,1,1,2,1,2,1,2,2,2,1,1,2,2,2,2,2,1,3,1,4,1,2,2,2,2,2,2,1,2,1,3,1,1,3,3,2,2,4,4,4,4,1,1,1,1,4,1,1,1,4,4,4,4,4,1,1,1,1,4,2,4,4,2,2,4,4,4,4,4,1,4,2,2,4,4,4,4,4,4,4,2,2,2,2,1,4,4,4,4,2,1,3,4,4,4,2,4,4,4,4,4,4,4,4,4,4,1,1,4,4,4,4,3,3,3,3,3,3,3,3,2,2,2,2,2,2,2,2","0.000813007354736328","louvain","edit-xhwikibooks.graphml"
"0.31","0.16","0.53","0.420563162209153","1,1,1,2,1,2,1,2,2,2,1,1,2,2,2,2,2,1,3,1,4,1,2,2,2,2,2,2,1,2,1,3,1,1,3,3,2,2,4,4,4,4,1,1,1,1,4,1,1,1,4,4,4,4,4,1,1,1,1,4,2,4,4,2,2,4,4,4,4,4,1,4,2,2,4,4,4,4,4,4,4,2,2,2,2,1,4,4,4,4,2,1,3,4,4,4,2,4,4,4,4,4,4,4,4,4,4,1,1,4,4,4,4,3,3,3,3,3,3,3,3,2,2,2,2,2,2,2,2","0.000735998153686523","louvain","edit-xhwikibooks.graphml"
"0.3","0.17","0.53","0.421699593010312","1,1,1,2,3,2,3,2,2,2,3,3,2,2,2,2,2,3,4,3,5,1,2,2,2,2,2,2,1,2,3,4,3,3,4,4,2,2,5,5,5,5,1,1,1,1,5,1,1,1,5,5,5,5,5,1,1,1,1,5,2,5,5,2,2,5,5,5,5,5,1,5,2,2,5,5,5,5,5,5,5,2,2,2,2,1,5,5,5,5,2,3,4,5,5,5,2,5,5,5,5,5,5,5,5,5,5,3,3,5,5,5,5,4,4,4,4,4,4,4,4,2,2,2,2,2,2,2,2","0.00078892707824707","louvain","edit-xhwikibooks.graphml"
"0.29","0.18","0.53","0.42120631627042","1,1,1,2,3,2,3,2,2,2,4,3,2,2,2,2,2,4,4,3,5,1,2,2,2,2,2,2,1,2,4,4,3,3,4,4,2,2,5,5,5,5,1,1,1,1,5,1,1,1,5,5,5,5,5,1,1,1,1,5,2,5,5,2,2,5,5,5,5,5,1,5,2,2,5,5,5,5,5,5,5,2,2,2,2,1,5,5,5,5,2,4,4,5,5,5,2,5,5,5,5,5,5,5,5,5,5,3,3,5,5,5,5,4,4,4,4,4,4,4,4,2,2,2,2,2,2,2,2","0.000776052474975586","louvain","edit-xhwikibooks.graphml"
"0.28","0.19","0.53","0.419667028402063","1,1,2,2,3,2,3,2,2,2,3,3,2,2,2,2,2,3,4,3,5,1,2,2,2,2,2,2,1,2,3,4,3,3,4,4,2,2,5,5,5,5,1,1,1,1,5,1,1,1,5,5,5,5,5,1,1,1,1,5,2,5,5,2,2,5,5,5,5,5,1,5,2,2,5,5,5,5,5,5,5,2,2,2,2,1,5,5,5,5,2,3,4,5,5,5,2,5,5,5,5,5,5,5,5,5,5,3,3,5,5,5,5,4,4,4,4,4,4,4,4,2,2,2,2,2,2,2,2","0.000698089599609375","louvain","edit-xhwikibooks.graphml"
"0.27","0.2","0.53","0.42056862148795","1,1,1,1,2,3,2,3,3,3,4,2,3,3,3,3,3,4,4,2,5,1,3,3,3,3,3,3,1,3,4,4,2,2,4,4,3,3,5,5,5,5,1,1,1,1,5,1,1,1,5,5,5,5,5,1,1,1,1,5,3,5,5,3,3,5,5,5,5,5,1,5,3,3,5,5,5,5,5,5,5,3,3,3,3,1,5,5,5,5,3,4,4,5,5,5,3,5,5,5,5,5,5,5,5,5,5,2,2,5,5,5,5,4,4,4,4,4,4,4,4,3,3,3,3,3,3,3,3","0.000748872756958008","louvain","edit-xhwikibooks.graphml"
"0.26","0.21","0.53","0.420566431988594","1,1,2,2,3,2,3,2,2,2,3,3,2,2,2,2,2,3,4,3,5,1,2,2,2,2,2,2,1,2,3,4,3,3,4,4,2,2,5,5,5,5,1,1,1,1,5,1,1,1,5,5,5,5,5,1,1,1,1,5,2,5,5,2,2,5,5,5,5,5,1,5,2,2,5,5,5,5,5,5,5,2,2,2,2,1,5,5,5,5,2,3,4,5,5,5,2,5,5,5,5,5,5,5,5,5,5,3,3,5,5,5,5,4,4,4,4,4,4,4,4,2,2,2,2,2,2,2,2","0.000835895538330078","louvain","edit-xhwikibooks.graphml"
"0.25","0.22","0.53","0.420273583983612","1,1,1,2,3,2,3,2,2,2,4,3,2,2,2,2,2,4,4,3,5,1,2,2,2,2,2,2,1,2,4,4,3,3,4,4,2,2,5,5,5,5,1,1,1,1,5,1,1,1,5,5,5,5,5,1,1,1,1,5,2,5,5,2,2,5,5,5,5,5,1,5,2,2,5,5,5,5,5,5,5,2,2,2,2,1,5,5,5,5,2,4,4,5,5,5,2,5,5,5,5,5,5,5,5,5,5,3,3,5,5,5,5,4,4,4,4,4,4,4,4,2,2,2,2,2,2,2,2","0.000689029693603516","louvain","edit-xhwikibooks.graphml"
"0.24","0.23","0.53","0.42103105301342","1,1,1,1,1,2,1,2,2,2,1,1,2,2,2,2,2,1,3,1,4,1,2,2,2,2,2,2,1,2,1,3,1,1,3,3,2,2,4,4,4,4,1,1,1,1,4,1,1,1,4,4,4,4,4,1,1,1,1,4,2,4,4,2,2,4,4,4,4,4,1,4,2,2,4,4,4,4,4,4,4,2,2,2,2,1,4,4,4,4,2,1,3,4,4,4,2,4,4,4,4,4,4,4,4,4,4,1,1,4,4,4,4,3,3,3,3,3,3,3,3,2,2,2,2,2,2,2,2","0.000733137130737305","louvain","edit-xhwikibooks.graphml"
"0.23","0.24","0.53","0.421893650095152","1,1,1,1,2,3,2,3,3,3,4,2,3,3,3,3,3,4,4,2,5,1,3,3,3,3,3,3,1,3,4,4,2,2,4,4,3,3,5,5,5,5,1,1,1,1,5,1,1,1,5,5,5,5,5,1,1,1,1,5,3,5,5,3,3,5,5,5,5,5,1,5,3,3,5,5,5,5,5,5,5,3,3,3,3,1,5,5,5,5,3,4,4,5,5,5,3,5,5,5,5,5,5,5,5,5,5,2,2,5,5,5,5,4,4,4,4,4,4,4,4,3,3,3,3,3,3,3,3","0.000758886337280273","louvain","edit-xhwikibooks.graphml"
"0.22","0.25","0.53","0.415839582763708","1,1,2,2,3,2,3,2,2,2,4,3,2,2,2,2,2,4,4,3,5,1,2,2,2,2,2,2,1,2,4,4,3,3,4,4,2,2,5,5,5,5,1,1,1,1,5,1,1,1,5,5,5,5,5,1,1,1,1,5,2,5,5,2,2,5,5,5,5,5,1,5,2,2,5,5,5,5,5,5,5,2,2,2,2,1,5,5,5,5,2,4,4,5,5,5,2,5,5,5,5,5,5,5,5,5,5,3,3,5,5,5,5,4,4,4,4,4,4,4,4,2,2,2,2,2,2,2,2","0.000715970993041992","louvain","edit-xhwikibooks.graphml"
"0.21","0.26","0.53","0.415901540949426","1,1,1,1,2,3,2,3,3,3,2,2,3,3,3,3,3,2,2,2,4,1,3,3,3,3,3,3,1,3,2,2,2,2,2,2,3,3,4,4,4,4,1,1,1,1,4,1,1,1,4,4,4,4,4,1,1,1,1,4,3,4,4,3,3,4,4,4,4,4,1,4,3,3,4,4,4,4,4,4,4,3,3,3,3,1,4,4,4,4,3,2,2,4,4,4,3,4,4,4,4,4,4,4,4,4,4,2,2,4,4,4,4,2,2,2,2,2,2,2,2,3,3,3,3,3,3,3,3","0.000824928283691406","louvain","edit-xhwikibooks.graphml"
"0.2","0.27","0.53","0.416028929903543","1,2,1,1,3,1,3,1,1,1,3,3,1,1,1,1,1,3,4,3,5,2,1,1,1,1,1,1,2,1,3,4,3,3,4,4,1,1,5,5,5,5,2,2,2,2,5,2,2,2,5,5,5,5,5,2,2,2,2,5,1,5,5,1,1,5,5,5,5,5,2,5,1,1,5,5,5,5,5,5,5,1,1,1,1,2,5,5,5,5,1,3,4,5,5,5,1,5,5,5,5,5,5,5,5,5,5,3,3,5,5,5,5,4,4,4,4,4,4,4,4,1,1,1,1,1,1,1,1","0.000809907913208008","louvain","edit-xhwikibooks.graphml"
"0.19","0.28","0.53","0.415647903907412","1,1,2,2,3,2,3,2,2,2,4,3,2,2,2,2,2,4,4,3,5,1,2,2,2,2,2,2,1,2,4,4,3,3,4,4,2,2,5,5,5,5,1,1,1,1,5,1,1,1,5,5,5,5,5,1,1,1,1,5,2,5,5,2,2,5,5,5,5,5,1,5,2,2,5,5,5,5,5,5,5,2,2,2,2,1,5,5,5,5,2,4,4,5,5,5,2,5,5,5,5,5,5,5,5,5,5,3,3,5,5,5,5,4,4,4,4,4,4,4,4,2,2,2,2,2,2,2,2","0.000853061676025391","louvain","edit-xhwikibooks.graphml"
"0.18","0.29","0.53","0.417054037132933","1,1,1,1,2,3,2,3,3,3,4,2,3,3,3,3,3,4,4,2,5,1,3,3,3,3,3,3,1,3,4,4,2,2,4,4,3,3,5,5,5,5,1,1,1,1,5,1,1,1,5,5,5,5,5,1,1,1,1,5,3,5,5,3,3,5,5,5,5,5,1,5,3,3,5,5,5,5,5,5,5,3,3,3,3,1,5,5,5,5,3,4,4,5,5,5,3,5,5,5,5,5,5,5,5,5,5,2,2,5,5,5,5,4,4,4,4,4,4,4,4,3,3,3,3,3,3,3,3","0.00071406364440918","louvain","edit-xhwikibooks.graphml"
"0.17","0.3","0.53","0.417246458482982","1,1,1,1,2,3,2,3,3,3,2,2,3,3,3,3,3,2,2,2,4,1,3,3,3,3,3,3,1,3,2,2,2,2,2,2,3,3,4,4,4,4,1,1,1,1,4,1,1,1,4,4,4,4,4,1,1,1,1,4,3,4,4,3,3,4,4,4,4,4,1,4,3,3,4,4,4,4,4,4,4,3,3,3,3,1,4,4,4,4,3,2,2,4,4,4,3,4,4,4,4,4,4,4,4,4,4,2,2,4,4,4,4,2,2,2,2,2,2,2,2,3,3,3,3,3,3,3,3","0.000751972198486328","louvain","edit-xhwikibooks.graphml"
"0.16","0.31","0.53","0.416575825970472","1,1,2,2,3,2,3,2,2,2,3,3,2,2,2,2,2,3,4,3,5,1,2,2,2,2,2,2,1,2,3,4,3,3,4,4,2,2,5,5,5,5,1,1,1,1,5,1,1,1,5,5,5,5,5,1,1,1,1,5,2,5,5,2,2,5,5,5,5,5,1,5,2,2,5,5,5,5,5,5,5,2,2,2,2,1,5,5,5,5,2,3,4,5,5,5,2,5,5,5,5,5,5,5,5,5,5,3,3,5,5,5,5,4,4,4,4,4,4,4,4,2,2,2,2,2,2,2,2","0.000705957412719727","louvain","edit-xhwikibooks.graphml"
"0.15","0.32","0.53","0.416383772213823","1,1,2,2,3,2,3,2,2,2,3,3,2,2,2,2,2,3,4,3,5,1,2,2,2,2,2,2,1,2,3,4,3,3,4,4,2,2,5,5,5,5,1,1,1,1,5,1,1,1,5,5,5,5,5,1,1,1,1,5,2,5,5,2,2,5,5,5,5,5,1,5,2,2,5,5,5,5,5,5,5,2,2,2,2,1,5,5,5,5,2,3,4,5,5,5,2,5,5,5,5,5,5,5,5,5,5,3,3,5,5,5,5,4,4,4,4,4,4,4,4,2,2,2,2,2,2,2,2","0.000752925872802734","louvain","edit-xhwikibooks.graphml"
"0.14","0.33","0.53","0.416383772213823","1,1,2,2,3,2,3,2,2,2,3,3,2,2,2,2,2,3,4,3,5,1,2,2,2,2,2,2,1,2,3,4,3,3,4,4,2,2,5,5,5,5,1,1,1,1,5,1,1,1,5,5,5,5,5,1,1,1,1,5,2,5,5,2,2,5,5,5,5,5,1,5,2,2,5,5,5,5,5,5,5,2,2,2,2,1,5,5,5,5,2,3,4,5,5,5,2,5,5,5,5,5,5,5,5,5,5,3,3,5,5,5,5,4,4,4,4,4,4,4,4,2,2,2,2,2,2,2,2","0.000716924667358398","louvain","edit-xhwikibooks.graphml"
"0.13","0.34","0.53","0.424412694998694","1,1,2,2,3,2,3,2,2,2,3,3,2,2,2,2,2,3,4,3,5,1,2,2,2,2,2,2,1,2,3,4,3,3,4,4,2,2,5,5,5,5,1,1,1,1,5,1,1,1,5,5,5,5,5,1,1,1,1,5,2,5,5,2,2,5,5,5,5,5,1,5,2,2,5,5,5,5,5,5,5,2,2,2,2,1,5,5,5,5,2,3,4,5,5,5,2,5,5,5,5,5,5,5,5,5,5,3,3,5,5,5,5,4,4,4,4,4,4,4,4,2,2,2,2,2,2,2,2","0.000735998153686523","louvain","edit-xhwikibooks.graphml"
"0.12","0.35","0.53","0.424687085667411","1,1,1,1,2,3,2,3,3,3,2,2,3,3,3,3,3,2,4,2,5,1,3,3,3,3,3,3,1,3,2,4,2,2,4,4,3,3,5,5,5,5,1,1,1,1,5,1,1,1,5,5,5,5,5,1,1,1,1,5,3,5,5,3,3,5,5,5,5,5,1,5,3,3,5,5,5,5,5,5,5,3,3,3,3,1,5,5,5,5,3,2,4,5,5,5,3,5,5,5,5,5,5,5,5,5,5,2,2,5,5,5,5,4,4,4,4,4,4,4,4,3,3,3,3,3,3,3,3","0.000748157501220703","louvain","edit-xhwikibooks.graphml"
"0.11","0.36","0.53","0.423660624435281","1,1,2,2,3,2,3,2,2,2,4,3,2,2,2,2,2,4,4,3,5,1,2,2,2,2,2,2,1,2,4,4,3,3,4,4,2,2,5,5,5,5,1,1,1,1,5,1,1,1,5,5,5,5,5,1,1,1,1,5,2,5,5,2,2,5,5,5,5,5,1,5,2,2,5,5,5,5,5,5,5,2,2,2,2,1,5,5,5,5,2,4,4,5,5,5,2,5,5,5,5,5,5,5,5,5,5,3,3,5,5,5,5,4,4,4,4,4,4,4,4,2,2,2,2,2,2,2,2","0.000764131546020508","louvain","edit-xhwikibooks.graphml"
"0.1","0.37","0.53","0.41298053139347","1,1,1,2,1,2,1,2,2,2,3,1,2,2,2,2,2,3,3,1,4,1,2,2,2,2,2,2,1,2,3,3,1,1,3,3,2,2,4,4,4,4,1,1,1,1,4,1,1,1,4,4,4,4,4,1,1,1,1,4,2,4,4,2,2,4,4,4,4,4,1,4,2,2,4,4,4,4,4,4,4,2,2,2,2,1,4,4,4,4,2,3,3,4,4,4,2,4,4,4,4,4,4,4,4,4,4,1,1,4,4,4,4,3,3,3,3,3,3,3,3,2,2,2,2,2,2,2,2","0.000725984573364258","louvain","edit-xhwikibooks.graphml"
"0.09","0.38","0.53","0.413133365131041","1,1,1,2,3,2,3,2,2,2,4,3,2,2,2,2,2,4,4,3,5,1,2,2,2,2,2,2,1,2,4,4,3,3,4,4,2,2,5,5,5,5,1,1,1,1,5,1,1,1,5,5,5,5,5,1,1,1,1,5,2,5,5,2,2,5,5,5,5,5,1,5,2,2,5,5,5,5,5,5,5,2,2,2,2,1,5,5,5,5,2,4,4,5,5,5,2,5,5,5,5,5,5,5,5,5,5,3,3,5,5,5,5,4,4,4,4,4,4,4,4,2,2,2,2,2,2,2,2","0.000764131546020508","louvain","edit-xhwikibooks.graphml"
"0.08","0.39","0.53","0.413733692835464","1,1,1,2,3,2,3,2,2,2,4,3,2,2,2,2,2,4,4,3,5,1,2,2,2,2,2,2,1,2,4,4,3,3,4,4,2,2,5,5,5,5,1,1,1,1,5,1,1,1,5,5,5,5,5,1,1,1,1,5,2,5,5,2,2,5,5,5,5,5,1,5,2,2,5,5,5,5,5,5,5,2,2,2,2,1,5,5,5,5,2,4,4,5,5,5,2,5,5,5,5,5,5,5,5,5,5,3,3,5,5,5,5,4,4,4,4,4,4,4,4,2,2,2,2,2,2,2,2","0.000752925872802734","louvain","edit-xhwikibooks.graphml"
"0.07","0.4","0.53","0.414387429235012","1,1,1,1,1,2,1,2,2,2,3,1,2,2,2,2,2,3,3,1,4,1,2,2,2,2,2,2,1,2,3,3,1,1,3,3,2,2,4,4,4,4,1,1,1,1,4,1,1,1,4,4,4,4,4,1,1,1,1,4,2,4,4,2,2,4,4,4,4,4,1,4,2,2,4,4,4,4,4,4,4,2,2,2,2,1,4,4,4,4,2,3,3,4,4,4,2,4,4,4,4,4,4,4,4,4,4,1,1,4,4,4,4,3,3,3,3,3,3,3,3,2,2,2,2,2,2,2,2","0.000856161117553711","louvain","edit-xhwikibooks.graphml"
"0.06","0.41","0.53","0.415312636086515","1,1,1,1,2,3,2,3,3,3,2,2,3,3,3,3,3,2,4,2,5,1,3,3,3,3,3,3,1,3,2,4,2,2,4,4,3,3,5,5,5,5,1,1,1,1,5,1,1,1,5,5,5,5,5,1,1,1,1,5,3,5,5,3,3,5,5,5,5,5,1,5,3,3,5,5,5,5,5,5,5,3,3,3,3,1,5,5,5,5,3,2,4,5,5,5,3,5,5,5,5,5,5,5,5,5,5,2,2,5,5,5,5,4,4,4,4,4,4,4,4,3,3,3,3,3,3,3,3","0.000780820846557617","louvain","edit-xhwikibooks.graphml"
"0.05","0.42","0.53","0.414585448441619","1,1,1,1,2,3,2,3,3,3,4,2,3,3,3,3,3,4,4,2,5,1,3,3,3,3,3,3,1,3,4,4,2,2,4,4,3,3,5,5,5,5,1,1,1,1,5,1,1,1,5,5,5,5,5,1,1,1,1,5,3,5,5,3,3,5,5,5,5,5,1,5,3,3,5,5,5,5,5,5,5,3,3,3,3,1,5,5,5,5,3,4,4,5,5,5,3,5,5,5,5,5,5,5,5,5,5,2,2,5,5,5,5,4,4,4,4,4,4,4,4,3,3,3,3,3,3,3,3","0.000811100006103516","louvain","edit-xhwikibooks.graphml"
"0.04","0.43","0.53","0.411210734206166","1,1,1,1,1,2,1,2,2,2,3,1,2,2,2,2,2,3,3,1,4,1,2,2,2,2,2,2,1,2,3,3,1,1,3,3,2,2,4,4,4,4,1,1,1,1,4,1,1,1,4,4,4,4,4,1,1,1,1,4,2,4,4,2,2,4,4,4,4,4,1,4,2,2,4,4,4,4,4,4,4,2,2,2,2,1,4,4,4,4,2,3,3,4,4,4,2,4,4,4,4,4,4,4,4,4,4,1,1,4,4,4,4,3,3,3,3,3,3,3,3,2,2,2,2,2,2,2,2","0.000772953033447266","louvain","edit-xhwikibooks.graphml"
"0.03","0.44","0.53","0.411894262711334","1,1,1,2,3,2,3,2,2,2,4,3,2,2,2,2,2,4,4,3,5,1,2,2,2,2,2,2,1,2,4,4,3,3,4,4,2,2,5,5,5,5,1,1,1,1,5,1,1,1,5,5,5,5,5,1,1,1,1,5,2,5,5,2,2,5,5,5,5,5,1,5,2,2,5,5,5,5,5,5,5,2,2,2,2,1,5,5,5,5,2,4,4,5,5,5,2,5,5,5,5,5,5,5,5,5,5,3,3,5,5,5,5,4,4,4,4,4,4,4,4,2,2,2,2,2,2,2,2","0.000715970993041992","louvain","edit-xhwikibooks.graphml"
"0.02","0.45","0.53","0.413361680729548","1,1,1,1,2,3,2,3,3,3,4,2,3,3,3,3,3,4,4,2,5,1,3,3,3,3,3,3,1,3,4,4,2,2,4,4,3,3,5,5,5,5,1,1,1,1,5,1,1,1,5,5,5,5,5,1,1,1,1,5,3,5,5,3,3,5,5,5,5,5,1,5,3,3,5,5,5,5,5,5,5,3,3,3,3,1,5,5,5,5,3,4,4,5,5,5,3,5,5,5,5,5,5,5,5,5,5,2,2,5,5,5,5,4,4,4,4,4,4,4,4,3,3,3,3,3,3,3,3","0.000717878341674805","louvain","edit-xhwikibooks.graphml"
"0.01","0.46","0.53","0.412775257657135","1,1,1,1,2,3,2,3,3,3,2,2,3,3,3,3,3,2,2,2,4,1,3,3,3,3,3,3,1,3,2,2,2,2,2,2,3,3,4,4,4,4,1,1,1,1,4,1,1,1,4,4,4,4,4,1,1,1,1,4,3,4,4,3,3,4,4,4,4,4,1,4,3,3,4,4,4,4,4,4,4,3,3,3,3,1,4,4,4,4,3,2,2,4,4,4,3,4,4,4,4,4,4,4,4,4,4,2,2,4,4,4,4,2,2,2,2,2,2,2,2,3,3,3,3,3,3,3,3","0.000704050064086914","louvain","edit-xhwikibooks.graphml"
"0","0.47","0.53","0.41590935884386","1,1,1,1,1,2,3,2,2,2,3,3,2,2,2,2,2,3,3,3,4,1,2,2,2,2,2,2,1,2,3,3,3,3,3,3,2,2,4,4,4,4,1,1,1,1,4,1,1,1,4,4,4,4,4,1,1,1,1,4,2,4,4,2,2,4,4,4,4,4,1,4,2,2,4,4,4,4,4,4,4,2,2,2,2,1,4,4,4,4,2,3,3,4,4,4,2,4,4,4,4,4,4,4,4,4,4,3,3,4,4,4,4,3,3,3,3,3,3,3,3,2,2,2,2,2,2,2,2","0.000711917877197266","louvain","edit-xhwikibooks.graphml"
"0.46","0","0.54","0.415120303062037","1,1,1,2,3,2,3,2,2,2,3,3,2,2,2,2,2,3,4,3,5,1,2,2,2,2,2,2,1,2,3,4,3,3,4,4,2,2,5,5,5,5,1,1,1,1,5,1,1,1,5,5,5,5,5,1,1,1,1,5,2,5,5,2,2,5,5,5,5,5,1,5,2,2,5,5,5,5,5,5,5,2,2,2,2,1,5,5,5,5,2,3,4,5,5,5,2,5,5,5,5,5,5,5,5,5,5,3,3,5,5,5,5,4,4,4,4,4,4,4,4,2,2,2,2,2,2,2,2","0.000734090805053711","louvain","edit-xhwikibooks.graphml"
"0.45","0.01","0.54","0.414663055691209","1,1,1,2,3,2,3,2,2,2,3,4,2,2,2,2,2,3,3,4,5,1,2,2,2,2,2,2,1,2,3,3,4,4,3,3,2,2,5,5,5,5,1,1,1,1,5,1,1,1,5,5,5,5,5,1,1,1,1,5,2,5,5,2,2,5,5,5,5,5,1,5,2,2,5,5,5,5,5,5,5,2,2,2,2,1,5,5,5,5,2,3,3,5,5,5,2,5,5,5,5,5,5,5,5,5,5,4,4,5,5,5,5,3,3,3,3,3,3,3,3,2,2,2,2,2,2,2,2","0.000749111175537109","louvain","edit-xhwikibooks.graphml"
"0.44","0.02","0.54","0.415120303062037","1,1,1,2,3,2,3,2,2,2,3,3,2,2,2,2,2,3,4,3,5,1,2,2,2,2,2,2,1,2,3,4,3,3,4,4,2,2,5,5,5,5,1,1,1,1,5,1,1,1,5,5,5,5,5,1,1,1,1,5,2,5,5,2,2,5,5,5,5,5,1,5,2,2,5,5,5,5,5,5,5,2,2,2,2,1,5,5,5,5,2,3,4,5,5,5,2,5,5,5,5,5,5,5,5,5,5,3,3,5,5,5,5,4,4,4,4,4,4,4,4,2,2,2,2,2,2,2,2","0.000739097595214844","louvain","edit-xhwikibooks.graphml"
"0.43","0.03","0.54","0.414933664825097","1,1,1,2,3,2,3,2,2,2,3,3,2,2,2,2,2,3,4,3,5,1,2,2,2,2,2,2,1,2,3,4,3,3,4,4,2,2,5,5,5,5,1,1,1,1,5,1,1,1,5,5,5,5,5,1,1,1,1,5,2,5,5,2,2,5,5,5,5,5,1,5,2,2,5,5,5,5,5,5,5,2,2,2,2,1,5,5,5,5,2,3,4,5,5,5,2,5,5,5,5,5,5,5,5,5,5,3,3,5,5,5,5,4,4,4,4,4,4,4,4,2,2,2,2,2,2,2,2","0.000732898712158203","louvain","edit-xhwikibooks.graphml"
"0.42","0.04","0.54","0.414933664825097","1,1,1,2,3,2,3,2,2,2,3,3,2,2,2,2,2,3,4,3,5,1,2,2,2,2,2,2,1,2,3,4,3,3,4,4,2,2,5,5,5,5,1,1,1,1,5,1,1,1,5,5,5,5,5,1,1,1,1,5,2,5,5,2,2,5,5,5,5,5,1,5,2,2,5,5,5,5,5,5,5,2,2,2,2,1,5,5,5,5,2,3,4,5,5,5,2,5,5,5,5,5,5,5,5,5,5,3,3,5,5,5,5,4,4,4,4,4,4,4,4,2,2,2,2,2,2,2,2","0.000744104385375977","louvain","edit-xhwikibooks.graphml"
"0.41","0.05","0.54","0.414224457616675","1,1,1,2,3,2,3,2,2,2,3,3,2,2,2,2,2,3,3,3,4,1,2,2,2,2,2,2,1,2,3,3,3,3,3,3,2,2,4,4,4,4,1,1,1,1,4,1,1,1,4,4,4,4,4,1,1,1,1,4,2,4,4,2,2,4,4,4,4,4,1,4,2,2,4,4,4,4,4,4,4,2,2,2,2,1,4,4,4,4,2,3,3,4,4,4,2,4,4,4,4,4,4,4,4,4,4,3,3,4,4,4,4,3,3,3,3,3,3,3,3,2,2,2,2,2,2,2,2","0.000782012939453125","louvain","edit-xhwikibooks.graphml"
"0.4","0.06","0.54","0.414224457616675","1,1,1,2,3,2,3,2,2,2,3,3,2,2,2,2,2,3,3,3,4,1,2,2,2,2,2,2,1,2,3,3,3,3,3,3,2,2,4,4,4,4,1,1,1,1,4,1,1,1,4,4,4,4,4,1,1,1,1,4,2,4,4,2,2,4,4,4,4,4,1,4,2,2,4,4,4,4,4,4,4,2,2,2,2,1,4,4,4,4,2,3,3,4,4,4,2,4,4,4,4,4,4,4,4,4,4,3,3,4,4,4,4,3,3,3,3,3,3,3,3,2,2,2,2,2,2,2,2","0.000932931900024414","louvain","edit-xhwikibooks.graphml"
"0.39","0.07","0.54","0.414039769721616","1,1,1,2,3,2,3,2,2,2,3,3,2,2,2,2,2,3,3,3,4,1,2,2,2,2,2,2,1,2,3,3,3,3,3,3,2,2,4,4,4,4,1,1,1,1,4,1,1,1,4,4,4,4,4,1,1,1,1,4,2,4,4,2,2,4,4,4,4,4,1,4,2,2,4,4,4,4,4,4,4,2,2,2,2,1,4,4,4,4,2,3,3,4,4,4,2,4,4,4,4,4,4,4,4,4,4,3,3,4,4,4,4,3,3,3,3,3,3,3,3,2,2,2,2,2,2,2,2","0.000733137130737305","louvain","edit-xhwikibooks.graphml"
"0.38","0.08","0.54","0.415140392669482","1,1,1,2,3,2,3,2,2,2,3,3,2,2,2,2,2,3,4,3,5,1,2,2,2,2,2,2,1,2,3,4,3,3,4,4,2,2,5,5,5,5,1,1,1,1,5,1,1,1,5,5,5,5,5,1,1,1,1,5,2,5,5,2,2,5,5,5,5,5,1,5,2,2,5,5,5,5,5,5,5,2,2,2,2,1,5,5,5,5,2,3,4,5,5,5,2,5,5,5,5,5,5,5,5,5,5,3,3,5,5,5,5,4,4,4,4,4,4,4,4,2,2,2,2,2,2,2,2","0.000761985778808594","louvain","edit-xhwikibooks.graphml"
"0.37","0.09","0.54","0.4100719436966","1,1,1,2,3,2,3,2,2,2,3,3,2,2,2,2,2,3,4,3,5,1,2,2,2,2,2,2,1,2,3,4,3,3,4,4,2,2,5,5,5,5,1,1,1,1,5,1,1,1,5,5,5,5,5,1,1,1,1,5,2,5,5,2,2,5,5,5,5,5,1,5,2,2,5,5,5,5,5,5,5,2,2,2,2,1,5,5,5,5,2,3,4,5,5,5,2,5,5,5,5,5,5,5,5,5,5,3,3,5,5,5,5,4,4,4,4,4,4,4,4,2,2,2,2,2,2,2,2","0.00074315071105957","louvain","edit-xhwikibooks.graphml"
"0.36","0.1","0.54","0.410658658265184","1,1,1,2,3,2,3,2,2,2,3,3,2,2,2,2,2,3,4,3,5,1,2,2,2,2,2,2,1,2,3,4,3,3,4,4,2,2,5,5,5,5,1,1,1,1,5,1,1,1,5,5,5,5,5,1,1,1,1,5,2,5,5,2,2,5,5,5,5,5,1,5,2,2,5,5,5,5,5,5,5,2,2,2,2,1,5,5,5,5,2,3,4,5,5,5,2,5,5,5,5,5,5,5,5,5,5,3,3,5,5,5,5,4,4,4,4,4,4,4,4,2,2,2,2,2,2,2,2","0.000748872756958008","louvain","edit-xhwikibooks.graphml"
"0.35","0.11","0.54","0.410245164754211","1,1,1,2,3,2,3,2,2,2,3,3,2,2,2,2,2,3,3,3,4,1,2,2,2,2,2,2,1,2,3,3,3,3,3,3,2,2,4,4,4,4,1,1,1,1,4,1,1,1,4,4,4,4,4,1,1,1,1,4,2,4,4,2,2,4,4,4,4,4,1,4,2,2,4,4,4,4,4,4,4,2,2,2,2,1,4,4,4,4,2,3,3,4,4,4,2,4,4,4,4,4,4,4,4,4,4,3,3,4,4,4,4,3,3,3,3,3,3,3,3,2,2,2,2,2,2,2,2","0.000738859176635742","louvain","edit-xhwikibooks.graphml"
"0.34","0.12","0.54","0.411215051903114","1,1,2,2,3,2,3,2,2,2,3,3,2,2,2,2,2,3,3,3,4,1,2,2,2,2,2,2,1,2,3,3,3,3,3,3,2,2,4,4,4,4,1,1,1,1,4,1,1,1,4,4,4,4,4,1,1,1,1,4,2,4,4,2,2,4,4,4,4,4,1,4,2,2,4,4,4,4,4,4,4,2,2,2,2,1,4,4,4,4,2,3,3,4,4,4,2,4,4,4,4,4,4,4,4,4,4,3,3,4,4,4,4,3,3,3,3,3,3,3,3,2,2,2,2,2,2,2,2","0.000779867172241211","louvain","edit-xhwikibooks.graphml"
"0.33","0.13","0.54","0.411284678480446","1,1,1,1,2,3,2,3,3,3,2,2,3,3,3,3,3,2,2,2,4,1,3,3,3,3,3,3,1,3,2,2,2,2,2,2,3,3,4,4,4,4,1,1,1,1,4,1,1,1,4,4,4,4,4,1,1,1,1,4,3,4,4,3,3,4,4,4,4,4,1,4,3,3,4,4,4,4,4,4,4,3,3,3,3,1,4,4,4,4,3,2,2,4,4,4,3,4,4,4,4,4,4,4,4,4,4,2,2,4,4,4,4,2,2,2,2,2,2,2,2,3,3,3,3,3,3,3,3","0.000712871551513672","louvain","edit-xhwikibooks.graphml"
"0.32","0.14","0.54","0.411030652163319","1,1,2,2,3,2,3,2,2,2,3,3,2,2,2,2,2,3,3,3,4,1,2,2,2,2,2,2,1,2,3,3,3,3,3,3,2,2,4,4,4,4,1,1,1,1,4,1,1,1,4,4,4,4,4,1,1,1,1,4,2,4,4,2,2,4,4,4,4,4,1,4,2,2,4,4,4,4,4,4,4,2,2,2,2,1,4,4,4,4,2,3,3,4,4,4,2,4,4,4,4,4,4,4,4,4,4,3,3,4,4,4,4,3,3,3,3,3,3,3,3,2,2,2,2,2,2,2,2","0.000977993011474609","louvain","edit-xhwikibooks.graphml"
"0.31","0.15","0.54","0.411962360036589","1,1,2,2,3,2,3,2,2,2,3,3,2,2,2,2,2,3,3,3,4,1,2,2,2,2,2,2,1,2,3,3,3,3,3,3,2,2,4,4,4,4,1,1,1,1,4,1,1,1,4,4,4,4,4,1,1,1,1,4,2,4,4,2,2,4,4,4,4,4,1,4,2,2,4,4,4,4,4,4,4,2,2,2,2,1,4,4,4,4,2,3,3,4,4,4,2,4,4,4,4,4,4,4,4,4,4,3,3,4,4,4,4,3,3,3,3,3,3,3,3,2,2,2,2,2,2,2,2","0.000852108001708984","louvain","edit-xhwikibooks.graphml"
"0.3","0.16","0.54","0.413529965956991","1,1,1,2,3,2,3,2,2,2,3,3,2,2,2,2,2,3,4,3,5,1,2,2,2,2,2,2,1,2,3,4,3,3,4,4,2,2,5,5,5,5,1,1,1,1,5,1,1,1,5,5,5,5,5,1,1,1,1,5,2,5,5,2,2,5,5,5,5,5,1,5,2,2,5,5,5,5,5,5,5,2,2,2,2,1,5,5,5,5,2,3,4,5,5,5,2,5,5,5,5,5,5,5,5,5,5,3,3,5,5,5,5,4,4,4,4,4,4,4,4,2,2,2,2,2,2,2,2","0.000718832015991211","louvain","edit-xhwikibooks.graphml"
"0.29","0.17","0.54","0.411959821466964","1,1,1,2,3,2,3,2,2,2,3,3,2,2,2,2,2,3,3,3,4,1,2,2,2,2,2,2,1,2,3,3,3,3,3,3,2,2,4,4,4,4,1,1,1,1,4,1,1,1,4,4,4,4,4,1,1,1,1,4,2,4,4,2,2,4,4,4,4,4,1,4,2,2,4,4,4,4,4,4,4,2,2,2,2,1,4,4,4,4,2,3,3,4,4,4,2,4,4,4,4,4,4,4,4,4,4,3,3,4,4,4,4,3,3,3,3,3,3,3,3,2,2,2,2,2,2,2,2","0.000720024108886719","louvain","edit-xhwikibooks.graphml"
"0.28","0.18","0.54","0.412118574831658","1,1,1,2,3,2,3,2,2,2,4,3,2,2,2,2,2,4,4,3,5,1,2,2,2,2,2,2,1,2,4,4,3,3,4,4,2,2,5,5,5,5,1,1,1,1,5,1,1,1,5,5,5,5,5,1,1,1,1,5,2,5,5,2,2,5,5,5,5,5,1,5,2,2,5,5,5,5,5,5,5,2,2,2,2,1,5,5,5,5,2,4,4,5,5,5,2,5,5,5,5,5,5,5,5,5,5,3,3,5,5,5,5,4,4,4,4,4,4,4,4,2,2,2,2,2,2,2,2","0.000792980194091797","louvain","edit-xhwikibooks.graphml"
"0.27","0.19","0.54","0.411933469761919","1,1,1,2,3,2,3,2,2,2,4,3,2,2,2,2,2,4,4,3,5,1,2,2,2,2,2,2,1,2,4,4,3,3,4,4,2,2,5,5,5,5,1,1,1,1,5,1,1,1,5,5,5,5,5,1,1,1,1,5,2,5,5,2,2,5,5,5,5,5,1,5,2,2,5,5,5,5,5,5,5,2,2,2,2,1,5,5,5,5,2,4,4,5,5,5,2,5,5,5,5,5,5,5,5,5,5,3,3,5,5,5,5,4,4,4,4,4,4,4,4,2,2,2,2,2,2,2,2","0.000733137130737305","louvain","edit-xhwikibooks.graphml"
"0.26","0.2","0.54","0.413022612968864","1,1,1,2,3,2,3,2,2,2,4,3,2,2,2,2,2,4,4,3,5,1,2,2,2,2,2,2,1,2,4,4,3,3,4,4,2,2,5,5,5,5,1,1,1,1,5,1,1,1,5,5,5,5,5,1,1,1,1,5,2,5,5,2,2,5,5,5,5,5,1,5,2,2,5,5,5,5,5,5,5,2,2,2,2,1,5,5,5,5,2,4,4,5,5,5,2,5,5,5,5,5,5,5,5,5,5,3,3,5,5,5,5,4,4,4,4,4,4,4,4,2,2,2,2,2,2,2,2","0.000792980194091797","louvain","edit-xhwikibooks.graphml"
"0.25","0.21","0.54","0.413301897742341","1,1,1,2,3,2,3,2,2,2,3,3,2,2,2,2,2,3,4,3,5,1,2,2,2,2,2,2,1,2,3,4,3,3,4,4,2,2,5,5,5,5,1,1,1,1,5,1,1,1,5,5,5,5,5,1,1,1,1,5,2,5,5,2,2,5,5,5,5,5,1,5,2,2,5,5,5,5,5,5,5,2,2,2,2,1,5,5,5,5,2,3,4,5,5,5,2,5,5,5,5,5,5,5,5,5,5,3,3,5,5,5,5,4,4,4,4,4,4,4,4,2,2,2,2,2,2,2,2","0.00078582763671875","louvain","edit-xhwikibooks.graphml"
"0.24","0.22","0.54","0.412837622458598","1,1,1,2,3,2,3,2,2,2,4,3,2,2,2,2,2,4,4,3,5,1,2,2,2,2,2,2,1,2,4,4,3,3,4,4,2,2,5,5,5,5,1,1,1,1,5,1,1,1,5,5,5,5,5,1,1,1,1,5,2,5,5,2,2,5,5,5,5,5,1,5,2,2,5,5,5,5,5,5,5,2,2,2,2,1,5,5,5,5,2,4,4,5,5,5,2,5,5,5,5,5,5,5,5,5,5,3,3,5,5,5,5,4,4,4,4,4,4,4,4,2,2,2,2,2,2,2,2","0.000756978988647461","louvain","edit-xhwikibooks.graphml"
"0.23","0.23","0.54","0.414237187745655","1,1,1,2,3,2,3,2,2,2,3,3,2,2,2,2,2,3,4,3,5,1,2,2,2,2,2,2,1,2,3,4,3,3,4,4,2,2,5,5,5,5,1,1,1,1,5,1,1,1,5,5,5,5,5,1,1,1,1,5,2,5,5,2,2,5,5,5,5,5,1,5,2,2,5,5,5,5,5,5,5,2,2,2,2,1,5,5,5,5,2,3,4,5,5,5,2,5,5,5,5,5,5,5,5,5,5,3,3,5,5,5,5,4,4,4,4,4,4,4,4,2,2,2,2,2,2,2,2","0.000748157501220703","louvain","edit-xhwikibooks.graphml"
"0.22","0.24","0.54","0.414346661922887","1,1,1,2,3,2,3,2,2,2,4,3,2,2,2,2,2,4,4,3,5,1,2,2,2,2,2,2,1,2,4,4,3,3,4,4,2,2,5,5,5,5,1,1,1,1,5,1,1,1,5,5,5,5,5,1,1,1,1,5,2,5,5,2,2,5,5,5,5,5,1,5,2,2,5,5,5,5,5,5,5,2,2,2,2,1,5,5,5,5,2,4,4,5,5,5,2,5,5,5,5,5,5,5,5,5,5,3,3,5,5,5,5,4,4,4,4,4,4,4,4,2,2,2,2,2,2,2,2","0.000741004943847656","louvain","edit-xhwikibooks.graphml"
"0.21","0.25","0.54","0.414262937249557","1,1,1,1,2,3,2,3,3,3,4,2,3,3,3,3,3,4,4,2,5,1,3,3,3,3,3,3,1,3,4,4,2,2,4,4,3,3,5,5,5,5,1,1,1,1,5,1,1,1,5,5,5,5,5,1,1,1,1,5,3,5,5,3,3,5,5,5,5,5,1,5,3,3,5,5,5,5,5,5,5,3,3,3,3,1,5,5,5,5,3,4,4,5,5,5,3,5,5,5,5,5,5,5,5,5,5,2,2,5,5,5,5,4,4,4,4,4,4,4,4,3,3,3,3,3,3,3,3","0.000890970230102539","louvain","edit-xhwikibooks.graphml"
"0.2","0.26","0.54","0.414262937249557","1,1,1,1,2,3,2,3,3,3,4,2,3,3,3,3,3,4,4,2,5,1,3,3,3,3,3,3,1,3,4,4,2,2,4,4,3,3,5,5,5,5,1,1,1,1,5,1,1,1,5,5,5,5,5,1,1,1,1,5,3,5,5,3,3,5,5,5,5,5,1,5,3,3,5,5,5,5,5,5,5,3,3,3,3,1,5,5,5,5,3,4,4,5,5,5,3,5,5,5,5,5,5,5,5,5,5,2,2,5,5,5,5,4,4,4,4,4,4,4,4,3,3,3,3,3,3,3,3","0.000782966613769531","louvain","edit-xhwikibooks.graphml"
"0.19","0.27","0.54","0.414431771300662","1,1,2,2,3,2,3,2,2,2,3,3,2,2,2,2,2,3,4,3,5,1,2,2,2,2,2,2,1,2,3,4,3,3,4,4,2,2,5,5,5,5,1,1,1,1,5,1,1,1,5,5,5,5,5,1,1,1,1,5,2,5,5,2,2,5,5,5,5,5,1,5,2,2,5,5,5,5,5,5,5,2,2,2,2,1,5,5,5,5,2,3,4,5,5,5,2,5,5,5,5,5,5,5,5,5,5,3,3,5,5,5,5,4,4,4,4,4,4,4,4,2,2,2,2,2,2,2,2","0.000797033309936523","louvain","edit-xhwikibooks.graphml"
"0.18","0.28","0.54","0.414543260036209","1,1,1,1,2,3,2,3,3,3,2,2,3,3,3,3,3,2,4,2,5,1,3,3,3,3,3,3,1,3,2,4,2,2,4,4,3,3,5,5,5,5,1,1,1,1,5,1,1,1,5,5,5,5,5,1,1,1,1,5,3,5,5,3,3,5,5,5,5,5,1,5,3,3,5,5,5,5,5,5,5,3,3,3,3,1,5,5,5,5,3,2,4,5,5,5,3,5,5,5,5,5,5,5,5,5,5,2,2,5,5,5,5,4,4,4,4,4,4,4,4,3,3,3,3,3,3,3,3","0.000840187072753906","louvain","edit-xhwikibooks.graphml"
"0.17","0.29","0.54","0.414889441940186","1,1,2,2,3,2,3,2,2,2,4,3,2,2,2,2,2,4,4,3,5,1,2,2,2,2,2,2,1,2,4,4,3,3,4,4,2,2,5,5,5,5,1,1,1,1,5,1,1,1,5,5,5,5,5,1,1,1,1,5,2,5,5,2,2,5,5,5,5,5,1,5,2,2,5,5,5,5,5,5,5,2,2,2,2,1,5,5,5,5,2,4,4,5,5,5,2,5,5,5,5,5,5,5,5,5,5,3,3,5,5,5,5,4,4,4,4,4,4,4,4,2,2,2,2,2,2,2,2","0.000747919082641602","louvain","edit-xhwikibooks.graphml"
"0.16","0.3","0.54","0.415114954139835","1,1,2,2,3,2,3,2,2,2,3,3,2,2,2,2,2,3,3,3,4,1,2,2,2,2,2,2,1,2,3,3,3,3,3,3,2,2,4,4,4,4,1,1,1,1,4,1,1,1,4,4,4,4,4,1,1,1,1,4,2,4,4,2,2,4,4,4,4,4,1,4,2,2,4,4,4,4,4,4,4,2,2,2,2,1,4,4,4,4,2,3,3,4,4,4,2,4,4,4,4,4,4,4,4,4,4,3,3,4,4,4,4,3,3,3,3,3,3,3,3,2,2,2,2,2,2,2,2","0.000739812850952148","louvain","edit-xhwikibooks.graphml"
"0.15","0.31","0.54","0.416145213628989","1,1,1,1,2,3,2,3,3,3,4,2,3,3,3,3,3,4,4,2,5,1,3,3,3,3,3,3,1,3,4,4,2,2,4,4,3,3,5,5,5,5,1,1,1,1,5,1,1,1,5,5,5,5,5,1,1,1,1,5,3,5,5,3,3,5,5,5,5,5,1,5,3,3,5,5,5,5,5,5,5,3,3,3,3,1,5,5,5,5,3,4,4,5,5,5,3,5,5,5,5,5,5,5,5,5,5,2,2,5,5,5,5,4,4,4,4,4,4,4,4,3,3,3,3,3,3,3,3","0.00080108642578125","louvain","edit-xhwikibooks.graphml"
"0.14","0.32","0.54","0.415813678046863","1,2,1,1,3,1,3,1,1,1,3,3,1,1,1,1,1,3,4,3,5,2,1,1,1,1,1,1,2,1,3,4,3,3,4,4,1,1,5,5,5,5,2,2,2,2,5,2,2,2,5,5,5,5,5,2,2,2,2,5,1,5,5,1,1,5,5,5,5,5,2,5,1,1,5,5,5,5,5,5,5,1,1,1,1,2,5,5,5,5,1,3,4,5,5,5,1,5,5,5,5,5,5,5,5,5,5,3,3,5,5,5,5,4,4,4,4,4,4,4,4,1,1,1,1,1,1,1,1","0.000756978988647461","louvain","edit-xhwikibooks.graphml"
"0.13","0.33","0.54","0.409027773969034","1,1,2,2,3,2,3,2,2,2,3,3,2,2,2,2,2,3,4,3,5,1,2,2,2,2,2,2,1,2,3,4,3,3,4,4,2,2,5,5,5,5,1,1,1,1,5,1,1,1,5,5,5,5,5,1,1,1,1,5,2,5,5,2,2,5,5,5,5,5,1,5,2,2,5,5,5,5,5,5,5,2,2,2,2,1,5,5,5,5,2,3,4,5,5,5,2,5,5,5,5,5,5,5,5,5,5,3,3,5,5,5,5,4,4,4,4,4,4,4,4,2,2,2,2,2,2,2,2","0.000720024108886719","louvain","edit-xhwikibooks.graphml"
"0.12","0.34","0.54","0.416972044265408","1,1,2,2,3,2,3,2,2,2,3,3,2,2,2,2,2,3,4,3,5,1,2,2,2,2,2,2,1,2,3,4,3,3,4,4,2,2,5,5,5,5,1,1,1,1,5,1,1,1,5,5,5,5,5,1,1,1,1,5,2,5,5,2,2,5,5,5,5,5,1,5,2,2,5,5,5,5,5,5,5,2,2,2,2,1,5,5,5,5,2,3,4,5,5,5,2,5,5,5,5,5,5,5,5,5,5,3,3,5,5,5,5,4,4,4,4,4,4,4,4,2,2,2,2,2,2,2,2","0.00085902214050293","louvain","edit-xhwikibooks.graphml"
"0.11","0.35","0.54","0.4172388250999","1,1,1,1,2,3,2,3,3,3,2,2,3,3,3,3,3,2,4,2,5,1,3,3,3,3,3,3,1,3,2,4,2,2,4,4,3,3,5,5,5,5,1,1,1,1,5,1,1,1,5,5,5,5,5,1,1,1,1,5,3,5,5,3,3,5,5,5,5,5,1,5,3,3,5,5,5,5,5,5,5,3,3,3,3,1,5,5,5,5,3,2,4,5,5,5,3,5,5,5,5,5,5,5,5,5,5,2,2,5,5,5,5,4,4,4,4,4,4,4,4,3,3,3,3,3,3,3,3","0.000737905502319336","louvain","edit-xhwikibooks.graphml"
"0.1","0.36","0.54","0.416521094309355","1,1,1,1,2,3,2,3,3,3,4,2,3,3,3,3,3,4,4,2,5,1,3,3,3,3,3,3,1,3,4,4,2,2,4,4,3,3,5,5,5,5,1,1,1,1,5,1,1,1,5,5,5,5,5,1,1,1,1,5,3,5,5,3,3,5,5,5,5,5,1,5,3,3,5,5,5,5,5,5,5,3,3,3,3,1,5,5,5,5,3,4,4,5,5,5,3,5,5,5,5,5,5,5,5,5,5,2,2,5,5,5,5,4,4,4,4,4,4,4,4,3,3,3,3,3,3,3,3","0.000814914703369141","louvain","edit-xhwikibooks.graphml"
"0.09","0.37","0.54","0.416521094309355","1,1,1,1,2,3,2,3,3,3,4,2,3,3,3,3,3,4,4,2,5,1,3,3,3,3,3,3,1,3,4,4,2,2,4,4,3,3,5,5,5,5,1,1,1,1,5,1,1,1,5,5,5,5,5,1,1,1,1,5,3,5,5,3,3,5,5,5,5,5,1,5,3,3,5,5,5,5,5,5,5,3,3,3,3,1,5,5,5,5,3,4,4,5,5,5,3,5,5,5,5,5,5,5,5,5,5,2,2,5,5,5,5,4,4,4,4,4,4,4,4,3,3,3,3,3,3,3,3","0.000967979431152344","louvain","edit-xhwikibooks.graphml"
"0.08","0.38","0.54","0.416336399915984","1,1,1,1,2,3,2,3,3,3,4,2,3,3,3,3,3,4,4,2,5,1,3,3,3,3,3,3,1,3,4,4,2,2,4,4,3,3,5,5,5,5,1,1,1,1,5,1,1,1,5,5,5,5,5,1,1,1,1,5,3,5,5,3,3,5,5,5,5,5,1,5,3,3,5,5,5,5,5,5,5,3,3,3,3,1,5,5,5,5,3,4,4,5,5,5,3,5,5,5,5,5,5,5,5,5,5,2,2,5,5,5,5,4,4,4,4,4,4,4,4,3,3,3,3,3,3,3,3","0.000787019729614258","louvain","edit-xhwikibooks.graphml"
"0.07","0.39","0.54","0.425280966553288","1,1,2,2,3,2,3,2,2,2,4,3,2,2,2,2,2,4,4,3,5,1,2,2,2,2,2,2,1,2,4,4,3,3,4,4,2,2,5,5,5,5,1,1,1,1,5,1,1,1,5,5,5,5,5,1,1,1,1,5,2,5,5,2,2,5,5,5,5,5,1,5,2,2,5,5,5,5,5,5,5,2,2,2,2,1,5,5,5,5,2,4,4,5,5,5,2,5,5,5,5,5,5,5,5,5,5,3,3,5,5,5,5,4,4,4,4,4,4,4,4,2,2,2,2,2,2,2,2","0.000771045684814453","louvain","edit-xhwikibooks.graphml"
"0.06","0.4","0.54","0.426996186039911","1,1,1,1,2,3,2,3,3,3,2,2,3,3,3,3,3,2,4,2,5,1,3,3,3,3,3,3,1,3,2,4,2,2,4,4,3,3,5,5,5,5,1,1,1,1,5,1,1,1,5,5,5,5,5,1,1,1,1,5,3,5,5,3,3,5,5,5,5,5,1,5,3,3,5,5,5,5,5,5,5,3,3,3,3,1,5,5,5,5,3,2,4,5,5,5,3,5,5,5,5,5,5,5,5,5,5,2,2,5,5,5,5,4,4,4,4,4,4,4,4,3,3,3,3,3,3,3,3","0.000833034515380859","louvain","edit-xhwikibooks.graphml"
"0.05","0.41","0.54","0.425351828231292","1,1,1,1,2,3,2,3,3,3,2,2,3,3,3,3,3,2,4,2,5,1,3,3,3,3,3,3,1,3,2,4,2,2,4,4,3,3,5,5,5,5,1,1,1,1,5,1,1,1,5,5,5,5,5,1,1,1,1,5,3,5,5,3,3,5,5,5,5,5,1,5,3,3,5,5,5,5,5,5,5,3,3,3,3,1,5,5,5,5,3,2,4,5,5,5,3,5,5,5,5,5,5,5,5,5,5,2,2,5,5,5,5,4,4,4,4,4,4,4,4,3,3,3,3,3,3,3,3","0.000747203826904297","louvain","edit-xhwikibooks.graphml"
"0.04","0.42","0.54","0.425635991918346","1,1,1,2,3,2,3,2,2,2,3,3,2,2,2,2,2,3,4,3,5,1,2,2,2,2,2,2,1,2,3,4,3,3,4,4,2,2,5,5,5,5,1,1,1,1,5,1,1,1,5,5,5,5,5,1,1,1,1,5,2,5,5,2,2,5,5,5,5,5,1,5,2,2,5,5,5,5,5,5,5,2,2,2,2,1,5,5,5,5,2,3,4,5,5,5,2,5,5,5,5,5,5,5,5,5,5,3,3,5,5,5,5,4,4,4,4,4,4,4,4,2,2,2,2,2,2,2,2","0.000734806060791016","louvain","edit-xhwikibooks.graphml"
"0.03","0.43","0.54","0.426001884439831","1,1,2,2,3,2,3,2,2,2,4,3,2,2,2,2,2,4,4,3,5,1,2,2,2,2,2,2,1,2,4,4,3,3,4,4,2,2,5,5,5,5,1,1,1,1,5,1,1,1,5,5,5,5,5,1,1,1,1,5,2,5,5,2,2,5,5,5,5,5,1,5,2,2,5,5,5,5,5,5,5,2,2,2,2,1,5,5,5,5,2,4,4,5,5,5,2,5,5,5,5,5,5,5,5,5,5,3,3,5,5,5,5,4,4,4,4,4,4,4,4,2,2,2,2,2,2,2,2","0.000806808471679688","louvain","edit-xhwikibooks.graphml"
"0.02","0.44","0.54","0.425992304237952","1,1,1,2,3,2,3,2,2,2,4,3,2,2,2,2,2,4,4,3,5,1,2,2,2,2,2,2,1,2,4,4,3,3,4,4,2,2,5,5,5,5,1,1,1,1,5,1,1,1,5,5,5,5,5,1,1,1,1,5,2,5,5,2,2,5,5,5,5,5,1,5,2,2,5,5,5,5,5,5,5,2,2,2,2,1,5,5,5,5,2,4,4,5,5,5,2,5,5,5,5,5,5,5,5,5,5,3,3,5,5,5,5,4,4,4,4,4,4,4,4,2,2,2,2,2,2,2,2","0.000754833221435547","louvain","edit-xhwikibooks.graphml"
"0.01","0.45","0.54","0.427088980941114","1,1,1,2,3,2,3,2,2,2,4,3,2,2,2,2,2,4,4,3,5,1,2,2,2,2,2,2,1,2,4,4,3,3,4,4,2,2,5,5,5,5,1,1,1,1,5,1,1,1,5,5,5,5,5,1,1,1,1,5,2,5,5,2,2,5,5,5,5,5,1,5,2,2,5,5,5,5,5,5,5,2,2,2,2,1,5,5,5,5,2,4,4,5,5,5,2,5,5,5,5,5,5,5,5,5,5,3,3,5,5,5,5,4,4,4,4,4,4,4,4,2,2,2,2,2,2,2,2","0.000814914703369141","louvain","edit-xhwikibooks.graphml"
"0","0.46","0.54","0.426670495383785","1,1,1,1,1,1,2,1,1,1,3,2,1,1,1,1,1,3,3,2,4,5,1,1,1,1,1,1,1,1,3,3,2,2,3,3,6,1,4,4,4,4,5,5,5,5,4,5,5,5,4,4,4,4,4,5,5,5,5,4,1,4,4,1,1,4,4,4,4,4,5,4,1,1,4,4,4,4,4,4,4,1,1,1,1,1,4,4,4,4,1,3,3,4,4,4,1,4,4,4,4,4,4,4,4,4,4,2,2,4,4,4,4,3,3,3,3,3,3,3,3,6,6,6,6,6,6,6,6","0.000807046890258789","louvain","edit-xhwikibooks.graphml"
"0.45","0","0.55","0.415082435142939","1,1,1,2,3,2,3,2,2,2,3,3,2,2,2,2,2,3,4,3,5,1,2,2,2,2,2,2,1,2,3,4,3,3,4,4,2,2,5,5,5,5,1,1,1,1,5,1,1,1,5,5,5,5,5,1,1,1,1,5,2,5,5,2,2,5,5,5,5,5,1,5,2,2,5,5,5,5,5,5,5,2,2,2,2,1,5,5,5,5,2,3,4,5,5,5,2,5,5,5,5,5,5,5,5,5,5,3,3,5,5,5,5,4,4,4,4,4,4,4,4,2,2,2,2,2,2,2,2","0.000741958618164062","louvain","edit-xhwikibooks.graphml"
"0.44","0.01","0.55","0.414561360730896","1,1,1,2,3,2,3,2,2,2,3,3,2,2,2,2,2,3,3,3,4,1,2,2,2,2,2,2,1,2,3,3,3,3,3,3,2,2,4,4,4,4,1,1,1,1,4,1,1,1,4,4,4,4,4,1,1,1,1,4,2,4,4,2,2,4,4,4,4,4,1,4,2,2,4,4,4,4,4,4,4,2,2,2,2,1,4,4,4,4,2,3,3,4,4,4,2,4,4,4,4,4,4,4,4,4,4,3,3,4,4,4,4,3,3,3,3,3,3,3,3,2,2,2,2,2,2,2,2","0.0016789436340332","louvain","edit-xhwikibooks.graphml"
"0.43","0.02","0.55","0.415082435142939","1,1,1,2,3,2,3,2,2,2,3,3,2,2,2,2,2,3,4,3,5,1,2,2,2,2,2,2,1,2,3,4,3,3,4,4,2,2,5,5,5,5,1,1,1,1,5,1,1,1,5,5,5,5,5,1,1,1,1,5,2,5,5,2,2,5,5,5,5,5,1,5,2,2,5,5,5,5,5,5,5,2,2,2,2,1,5,5,5,5,2,3,4,5,5,5,2,5,5,5,5,5,5,5,5,5,5,3,3,5,5,5,5,4,4,4,4,4,4,4,4,2,2,2,2,2,2,2,2","0.00116515159606934","louvain","edit-xhwikibooks.graphml"
"0.42","0.03","0.55","0.414376897343504","1,1,1,2,3,2,3,2,2,2,3,3,2,2,2,2,2,3,3,3,4,1,2,2,2,2,2,2,1,2,3,3,3,3,3,3,2,2,4,4,4,4,1,1,1,1,4,1,1,1,4,4,4,4,4,1,1,1,1,4,2,4,4,2,2,4,4,4,4,4,1,4,2,2,4,4,4,4,4,4,4,2,2,2,2,1,4,4,4,4,2,3,3,4,4,4,2,4,4,4,4,4,4,4,4,4,4,3,3,4,4,4,4,3,3,3,3,3,3,3,3,2,2,2,2,2,2,2,2","0.00107598304748535","louvain","edit-xhwikibooks.graphml"
"0.41","0.04","0.55","0.414376897343504","1,1,1,2,3,2,3,2,2,2,3,3,2,2,2,2,2,3,3,3,4,1,2,2,2,2,2,2,1,2,3,3,3,3,3,3,2,2,4,4,4,4,1,1,1,1,4,1,1,1,4,4,4,4,4,1,1,1,1,4,2,4,4,2,2,4,4,4,4,4,1,4,2,2,4,4,4,4,4,4,4,2,2,2,2,1,4,4,4,4,2,3,3,4,4,4,2,4,4,4,4,4,4,4,4,4,4,3,3,4,4,4,4,3,3,3,3,3,3,3,3,2,2,2,2,2,2,2,2","0.000903129577636719","louvain","edit-xhwikibooks.graphml"
"0.4","0.05","0.55","0.41471037329115","1,1,1,2,3,2,3,2,2,2,3,3,2,2,2,2,2,3,4,3,5,1,2,2,2,2,2,2,1,2,3,4,3,3,4,4,2,2,5,5,5,5,1,1,1,1,5,1,1,1,5,5,5,5,5,1,1,1,1,5,2,5,5,2,2,5,5,5,5,5,1,5,2,2,5,5,5,5,5,5,5,2,2,2,2,1,5,5,5,5,2,3,4,5,5,5,2,5,5,5,5,5,5,5,5,5,5,3,3,5,5,5,5,4,4,4,4,4,4,4,4,2,2,2,2,2,2,2,2","0.000878095626831055","louvain","edit-xhwikibooks.graphml"
"0.39","0.06","0.55","0.414106238565981","1,1,1,2,3,2,3,2,2,2,3,4,2,2,2,2,2,3,3,4,5,1,2,2,2,2,2,2,1,2,3,3,4,4,3,3,2,2,5,5,5,5,1,1,1,1,5,1,1,1,5,5,5,5,5,1,1,1,1,5,2,5,5,2,2,5,5,5,5,5,1,5,2,2,5,5,5,5,5,5,5,2,2,2,2,1,5,5,5,5,2,3,3,5,5,5,2,5,5,5,5,5,5,5,5,5,5,4,4,5,5,5,5,3,3,3,3,3,3,3,3,2,2,2,2,2,2,2,2","0.00082087516784668","louvain","edit-xhwikibooks.graphml"
"0.38","0.07","0.55","0.413855230003182","1,1,1,2,3,2,3,2,2,2,3,3,2,2,2,2,2,3,3,3,4,1,2,2,2,2,2,2,1,2,3,3,3,3,3,3,2,2,4,4,4,4,1,1,1,1,4,1,1,1,4,4,4,4,4,1,1,1,1,4,2,4,4,2,2,4,4,4,4,4,1,4,2,2,4,4,4,4,4,4,4,2,2,2,2,1,4,4,4,4,2,3,3,4,4,4,2,4,4,4,4,4,4,4,4,4,4,3,3,4,4,4,4,3,3,3,3,3,3,3,3,2,2,2,2,2,2,2,2","0.000720977783203125","louvain","edit-xhwikibooks.graphml"
"0.37","0.08","0.55","0.414954151199339","1,1,1,2,3,2,3,2,2,2,3,3,2,2,2,2,2,3,4,3,5,1,2,2,2,2,2,2,1,2,3,4,3,3,4,4,2,2,5,5,5,5,1,1,1,1,5,1,1,1,5,5,5,5,5,1,1,1,1,5,2,5,5,2,2,5,5,5,5,5,1,5,2,2,5,5,5,5,5,5,5,2,2,2,2,1,5,5,5,5,2,3,4,5,5,5,2,5,5,5,5,5,5,5,5,5,5,3,3,5,5,5,5,4,4,4,4,4,4,4,4,2,2,2,2,2,2,2,2","0.000838041305541992","louvain","edit-xhwikibooks.graphml"
"0.36","0.09","0.55","0.414831328258258","1,1,1,2,3,2,3,2,2,2,3,3,2,2,2,2,2,3,3,3,4,1,2,2,2,2,2,2,1,2,3,3,3,3,3,3,2,2,4,4,4,4,1,1,1,1,4,1,1,1,4,4,4,4,4,1,1,1,1,4,2,4,4,2,2,4,4,4,4,4,1,4,2,2,4,4,4,4,4,4,4,2,2,2,2,1,4,4,4,4,2,3,3,4,4,4,2,4,4,4,4,4,4,4,4,4,4,3,3,4,4,4,4,3,3,3,3,3,3,3,3,2,2,2,2,2,2,2,2","0.000712156295776367","louvain","edit-xhwikibooks.graphml"
"0.35","0.1","0.55","0.414831328258258","1,1,1,2,3,2,3,2,2,2,3,3,2,2,2,2,2,3,3,3,4,1,2,2,2,2,2,2,1,2,3,3,3,3,3,3,2,2,4,4,4,4,1,1,1,1,4,1,1,1,4,4,4,4,4,1,1,1,1,4,2,4,4,2,2,4,4,4,4,4,1,4,2,2,4,4,4,4,4,4,4,2,2,2,2,1,4,4,4,4,2,3,3,4,4,4,2,4,4,4,4,4,4,4,4,4,4,3,3,4,4,4,4,3,3,3,3,3,3,3,3,2,2,2,2,2,2,2,2","0.000829935073852539","louvain","edit-xhwikibooks.graphml"
"0.34","0.11","0.55","0.410286873731423","1,1,1,2,3,2,3,2,2,2,3,3,2,2,2,2,2,3,4,3,5,1,2,2,2,2,2,2,1,2,3,4,3,3,4,4,2,2,5,5,5,5,1,1,1,1,5,1,1,1,5,5,5,5,5,1,1,1,1,5,2,5,5,2,2,5,5,5,5,5,1,5,2,2,5,5,5,5,5,5,5,2,2,2,2,1,5,5,5,5,2,3,4,5,5,5,2,5,5,5,5,5,5,5,5,5,5,3,3,5,5,5,5,4,4,4,4,4,4,4,4,2,2,2,2,2,2,2,2","0.000780820846557617","louvain","edit-xhwikibooks.graphml"
"0.33","0.12","0.55","0.411423615323282","1,1,1,2,3,2,3,2,2,2,3,3,2,2,2,2,2,3,4,3,5,1,2,2,2,2,2,2,1,2,3,4,3,3,4,4,2,2,5,5,5,5,1,1,1,1,5,1,1,1,5,5,5,5,5,1,1,1,1,5,2,5,5,2,2,5,5,5,5,5,1,5,2,2,5,5,5,5,5,5,5,2,2,2,2,1,5,5,5,5,2,3,4,5,5,5,2,5,5,5,5,5,5,5,5,5,5,3,3,5,5,5,5,4,4,4,4,4,4,4,4,2,2,2,2,2,2,2,2","0.000886917114257812","louvain","edit-xhwikibooks.graphml"
"0.32","0.13","0.55","0.411237867663812","1,1,1,2,3,2,3,2,2,2,3,3,2,2,2,2,2,3,4,3,5,1,2,2,2,2,2,2,1,2,3,4,3,3,4,4,2,2,5,5,5,5,1,1,1,1,5,1,1,1,5,5,5,5,5,1,1,1,1,5,2,5,5,2,2,5,5,5,5,5,1,5,2,2,5,5,5,5,5,5,5,2,2,2,2,1,5,5,5,5,2,3,4,5,5,5,2,5,5,5,5,5,5,5,5,5,5,3,3,5,5,5,5,4,4,4,4,4,4,4,4,2,2,2,2,2,2,2,2","0.000733137130737305","louvain","edit-xhwikibooks.graphml"
"0.31","0.14","0.55","0.41099967412362","1,1,1,2,3,2,3,2,2,2,3,3,2,2,2,2,2,3,3,3,4,1,2,2,2,2,2,2,1,2,3,3,3,3,3,3,2,2,4,4,4,4,1,1,1,1,4,1,1,1,4,4,4,4,4,1,1,1,1,4,2,4,4,2,2,4,4,4,4,4,1,4,2,2,4,4,4,4,4,4,4,2,2,2,2,1,4,4,4,4,2,3,3,4,4,4,2,4,4,4,4,4,4,4,4,4,4,3,3,4,4,4,4,3,3,3,3,3,3,3,3,2,2,2,2,2,2,2,2","0.000741958618164062","louvain","edit-xhwikibooks.graphml"
"0.3","0.15","0.55","0.412764788505914","1,1,1,2,3,2,3,2,2,2,3,3,2,2,2,2,2,3,4,3,5,1,2,2,2,2,2,2,1,2,3,4,3,3,4,4,2,2,5,5,5,5,1,1,1,1,5,1,1,1,5,5,5,5,5,1,1,1,1,5,2,5,5,2,2,5,5,5,5,5,1,5,2,2,5,5,5,5,5,5,5,2,2,2,2,1,5,5,5,5,2,3,4,5,5,5,2,5,5,5,5,5,5,5,5,5,5,3,3,5,5,5,5,4,4,4,4,4,4,4,4,2,2,2,2,2,2,2,2","0.000851154327392578","louvain","edit-xhwikibooks.graphml"
"0.29","0.16","0.55","0.413441980006514","1,1,1,1,2,3,2,3,3,3,2,2,3,3,3,3,3,2,4,2,5,1,3,3,3,3,3,3,1,3,2,4,2,2,4,4,3,3,5,5,5,5,1,1,1,1,5,1,1,1,5,5,5,5,5,1,1,1,1,5,3,5,5,3,3,5,5,5,5,5,1,5,3,3,5,5,5,5,5,5,5,3,3,3,3,1,5,5,5,5,3,2,4,5,5,5,3,5,5,5,5,5,5,5,5,5,5,2,2,5,5,5,5,4,4,4,4,4,4,4,4,3,3,3,3,3,3,3,3","0.000746011734008789","louvain","edit-xhwikibooks.graphml"
"0.28","0.17","0.55","0.413738953346839","1,1,1,2,3,2,3,2,2,2,3,3,2,2,2,2,2,3,4,3,5,1,2,2,2,2,2,2,1,2,3,4,3,3,4,4,2,2,5,5,5,5,1,1,1,1,5,1,1,1,5,5,5,5,5,1,1,1,1,5,2,5,5,2,2,5,5,5,5,5,1,5,2,2,5,5,5,5,5,5,5,2,2,2,2,1,5,5,5,5,2,3,4,5,5,5,2,5,5,5,5,5,5,5,5,5,5,3,3,5,5,5,5,4,4,4,4,4,4,4,4,2,2,2,2,2,2,2,2","0.000733137130737305","louvain","edit-xhwikibooks.graphml"
"0.27","0.18","0.55","0.413288373499194","1,1,2,2,3,2,3,2,2,2,3,3,2,2,2,2,2,3,3,3,4,1,2,2,2,2,2,2,1,2,3,3,3,3,3,3,2,2,4,4,4,4,1,1,1,1,4,1,1,1,4,4,4,4,4,1,1,1,1,4,2,4,4,2,2,4,4,4,4,4,1,4,2,2,4,4,4,4,4,4,4,2,2,2,2,1,4,4,4,4,2,3,3,4,4,4,2,4,4,4,4,4,4,4,4,4,4,3,3,4,4,4,4,3,3,3,3,3,3,3,3,2,2,2,2,2,2,2,2","0.000756025314331055","louvain","edit-xhwikibooks.graphml"
"0.26","0.19","0.55","0.413553401046476","1,1,1,2,3,2,3,2,2,2,3,3,2,2,2,2,2,3,4,3,5,1,2,2,2,2,2,2,1,2,3,4,3,3,4,4,2,2,5,5,5,5,1,1,1,1,5,1,1,1,5,5,5,5,5,1,1,1,1,5,2,5,5,2,2,5,5,5,5,5,1,5,2,2,5,5,5,5,5,5,5,2,2,2,2,1,5,5,5,5,2,3,4,5,5,5,2,5,5,5,5,5,5,5,5,5,5,3,3,5,5,5,5,4,4,4,4,4,4,4,4,2,2,2,2,2,2,2,2","0.000828981399536133","louvain","edit-xhwikibooks.graphml"
"0.25","0.2","0.55","0.414737538485894","1,1,1,1,2,3,2,3,3,3,2,2,3,3,3,3,3,2,4,2,5,1,3,3,3,3,3,3,1,3,2,4,2,2,4,4,3,3,5,5,5,5,1,1,1,1,5,1,1,1,5,5,5,5,5,1,1,1,1,5,3,5,5,3,3,5,5,5,5,5,1,5,3,3,5,5,5,5,5,5,5,3,3,3,3,1,5,5,5,5,3,2,4,5,5,5,3,5,5,5,5,5,5,5,5,5,5,2,2,5,5,5,5,4,4,4,4,4,4,4,4,3,3,3,3,3,3,3,3","0.000671148300170898","louvain","edit-xhwikibooks.graphml"
"0.24","0.21","0.55","0.412449300639513","1,1,1,2,1,2,1,2,2,2,1,1,2,2,2,2,2,1,3,1,4,1,2,2,2,2,2,2,1,2,1,3,1,1,3,3,2,2,4,4,4,4,1,1,1,1,4,1,1,1,4,4,4,4,4,1,1,1,1,4,2,4,4,2,2,4,4,4,4,4,1,4,2,2,4,4,4,4,4,4,4,2,2,2,2,1,4,4,4,4,2,1,3,4,4,4,2,4,4,4,4,4,4,4,4,4,4,1,1,4,4,4,4,3,3,3,3,3,3,3,3,2,2,2,2,2,2,2,2","0.000699043273925781","louvain","edit-xhwikibooks.graphml"
"0.23","0.22","0.55","0.412652782052597","1,1,1,2,3,2,3,2,2,2,4,3,2,2,2,2,2,4,4,3,5,1,2,2,2,2,2,2,1,2,4,4,3,3,4,4,2,2,5,5,5,5,1,1,1,1,5,1,1,1,5,5,5,5,5,1,1,1,1,5,2,5,5,2,2,5,5,5,5,5,1,5,2,2,5,5,5,5,5,5,5,2,2,2,2,1,5,5,5,5,2,4,4,5,5,5,2,5,5,5,5,5,5,5,5,5,5,3,3,5,5,5,5,4,4,4,4,4,4,4,4,2,2,2,2,2,2,2,2","0.000874996185302734","louvain","edit-xhwikibooks.graphml"
"0.22","0.23","0.55","0.413423976330175","1,1,1,2,3,2,3,2,2,2,3,3,2,2,2,2,2,3,3,3,4,1,2,2,2,2,2,2,1,2,3,3,3,3,3,3,2,2,4,4,4,4,1,1,1,1,4,1,1,1,4,4,4,4,4,1,1,1,1,4,2,4,4,2,2,4,4,4,4,4,1,4,2,2,4,4,4,4,4,4,4,2,2,2,2,1,4,4,4,4,2,3,3,4,4,4,2,4,4,4,4,4,4,4,4,4,4,3,3,4,4,4,4,3,3,3,3,3,3,3,3,2,2,2,2,2,2,2,2","0.000754117965698242","louvain","edit-xhwikibooks.graphml"
"0.21","0.24","0.55","0.4146274962591","1,1,1,2,3,2,3,2,2,2,3,3,2,2,2,2,2,3,4,3,5,1,2,2,2,2,2,2,1,2,3,4,3,3,4,4,2,2,5,5,5,5,1,1,1,1,5,1,1,1,5,5,5,5,5,1,1,1,1,5,2,5,5,2,2,5,5,5,5,5,1,5,2,2,5,5,5,5,5,5,5,2,2,2,2,1,5,5,5,5,2,3,4,5,5,5,2,5,5,5,5,5,5,5,5,5,5,3,3,5,5,5,5,4,4,4,4,4,4,4,4,2,2,2,2,2,2,2,2","0.00074315071105957","louvain","edit-xhwikibooks.graphml"
"0.2","0.25","0.55","0.415589031293664","1,1,1,2,3,2,3,2,2,2,4,3,2,2,2,2,2,4,4,3,5,1,2,2,2,2,2,2,1,2,4,4,3,3,4,4,2,2,5,5,5,5,1,1,1,1,5,1,1,1,5,5,5,5,5,1,1,1,1,5,2,5,5,2,2,5,5,5,5,5,1,5,2,2,5,5,5,5,5,5,5,2,2,2,2,1,5,5,5,5,2,4,4,5,5,5,2,5,5,5,5,5,5,5,5,5,5,3,3,5,5,5,5,4,4,4,4,4,4,4,4,2,2,2,2,2,2,2,2","0.000711202621459961","louvain","edit-xhwikibooks.graphml"
"0.19","0.26","0.55","0.414882785977685","1,2,1,1,3,1,3,1,1,1,3,3,1,1,1,1,1,3,3,3,4,2,1,1,1,1,1,1,2,1,3,3,3,3,3,3,1,1,4,4,4,4,2,2,2,2,4,2,2,2,4,4,4,4,4,2,2,2,2,4,1,4,4,1,1,4,4,4,4,4,2,4,1,1,4,4,4,4,4,4,4,1,1,1,1,2,4,4,4,4,1,3,3,4,4,4,1,4,4,4,4,4,4,4,4,4,4,3,3,4,4,4,4,3,3,3,3,3,3,3,3,1,1,1,1,1,1,1,1","0.000742912292480469","louvain","edit-xhwikibooks.graphml"
"0.18","0.27","0.55","0.415431654968755","1,1,1,2,3,2,3,2,2,2,3,3,2,2,2,2,2,3,3,3,4,1,2,2,2,2,2,2,1,2,3,3,3,3,3,3,2,2,4,4,4,4,1,1,1,1,4,1,1,1,4,4,4,4,4,1,1,1,1,4,2,4,4,2,2,4,4,4,4,4,1,4,2,2,4,4,4,4,4,4,4,2,2,2,2,1,4,4,4,4,2,3,3,4,4,4,2,4,4,4,4,4,4,4,4,4,4,3,3,4,4,4,4,3,3,3,3,3,3,3,3,2,2,2,2,2,2,2,2","0.000745058059692383","louvain","edit-xhwikibooks.graphml"
"0.17","0.28","0.55","0.415404467267081","1,1,1,2,3,2,3,2,2,2,4,3,2,2,2,2,2,4,4,3,5,1,2,2,2,2,2,2,1,2,4,4,3,3,4,4,2,2,5,5,5,5,1,1,1,1,5,1,1,1,5,5,5,5,5,1,1,1,1,5,2,5,5,2,2,5,5,5,5,5,1,5,2,2,5,5,5,5,5,5,5,2,2,2,2,1,5,5,5,5,2,4,4,5,5,5,2,5,5,5,5,5,5,5,5,5,5,3,3,5,5,5,5,4,4,4,4,4,4,4,4,2,2,2,2,2,2,2,2","0.000653982162475586","louvain","edit-xhwikibooks.graphml"
"0.16","0.29","0.55","0.417543142579261","1,1,1,2,3,2,3,2,2,2,3,3,2,2,2,2,2,3,4,3,5,1,2,2,2,2,2,2,1,2,3,4,3,3,4,4,2,2,5,5,5,5,1,1,1,1,5,1,1,1,5,5,5,5,5,1,1,1,1,5,2,5,5,2,2,5,5,5,5,5,1,5,2,2,5,5,5,5,5,5,5,2,2,2,2,1,5,5,5,5,2,3,4,5,5,5,2,5,5,5,5,5,5,5,5,5,5,3,3,5,5,5,5,4,4,4,4,4,4,4,4,2,2,2,2,2,2,2,2","0.000787973403930664","louvain","edit-xhwikibooks.graphml"
"0.15","0.3","0.55","0.416682021161244","1,1,1,2,1,2,1,2,2,2,1,1,2,2,2,2,2,1,3,1,4,1,2,2,2,2,2,2,1,2,1,3,1,1,3,3,2,2,4,4,4,4,1,1,1,1,4,1,1,1,4,4,4,4,4,1,1,1,1,4,2,4,4,2,2,4,4,4,4,4,1,4,2,2,4,4,4,4,4,4,4,2,2,2,2,1,4,4,4,4,2,1,3,4,4,4,2,4,4,4,4,4,4,4,4,4,4,1,1,4,4,4,4,3,3,3,3,3,3,3,3,2,2,2,2,2,2,2,2","0.000833988189697266","louvain","edit-xhwikibooks.graphml"
"0.14","0.31","0.55","0.41596054616031","1,1,1,1,2,3,2,3,3,3,4,2,3,3,3,3,3,4,4,2,5,1,3,3,3,3,3,3,1,3,4,4,2,2,4,4,3,3,5,5,5,5,1,1,1,1,5,1,1,1,5,5,5,5,5,1,1,1,1,5,3,5,5,3,3,5,5,5,5,5,1,5,3,3,5,5,5,5,5,5,5,3,3,3,3,1,5,5,5,5,3,4,4,5,5,5,3,5,5,5,5,5,5,5,5,5,5,2,2,5,5,5,5,4,4,4,4,4,4,4,4,3,3,3,3,3,3,3,3","0.000773906707763672","louvain","edit-xhwikibooks.graphml"
"0.13","0.32","0.55","0.415487352982042","1,1,2,2,3,2,3,2,2,2,4,3,2,2,2,2,2,4,4,3,5,1,2,2,2,2,2,2,1,2,4,4,3,3,4,4,2,2,5,5,5,5,1,1,1,1,5,1,1,1,5,5,5,5,5,1,1,1,1,5,2,5,5,2,2,5,5,5,5,5,1,5,2,2,5,5,5,5,5,5,5,2,2,2,2,1,5,5,5,5,2,4,4,5,5,5,2,5,5,5,5,5,5,5,5,5,5,3,3,5,5,5,5,4,4,4,4,4,4,4,4,2,2,2,2,2,2,2,2","0.000746011734008789","louvain","edit-xhwikibooks.graphml"
"0.12","0.33","0.55","0.415776026849368","1,1,1,1,2,3,2,3,3,3,4,2,3,3,3,3,3,4,4,2,5,1,3,3,3,3,3,3,1,3,4,4,2,2,4,4,3,3,5,5,5,5,1,1,1,1,5,1,1,1,5,5,5,5,5,1,1,1,1,5,3,5,5,3,3,5,5,5,5,5,1,5,3,3,5,5,5,5,5,5,5,3,3,3,3,1,5,5,5,5,3,4,4,5,5,5,3,5,5,5,5,5,5,5,5,5,5,2,2,5,5,5,5,4,4,4,4,4,4,4,4,3,3,3,3,3,3,3,3","0.000743865966796875","louvain","edit-xhwikibooks.graphml"
"0.11","0.34","0.55","0.42314335060449","1,1,2,2,3,2,3,2,2,2,4,3,2,2,2,2,2,4,4,3,5,1,2,2,2,2,2,2,1,2,4,4,3,3,4,4,2,2,5,5,5,5,1,1,1,1,5,1,1,1,5,5,5,5,5,1,1,1,1,5,2,5,5,2,2,5,5,5,5,5,1,5,2,2,5,5,5,5,5,5,5,2,2,2,2,1,5,5,5,5,2,4,4,5,5,5,2,5,5,5,5,5,5,5,5,5,5,3,3,5,5,5,5,4,4,4,4,4,4,4,4,2,2,2,2,2,2,2,2","0.000747919082641602","louvain","edit-xhwikibooks.graphml"
"0.1","0.35","0.55","0.423676963405099","1,1,2,2,3,2,3,2,2,2,3,3,2,2,2,2,2,3,4,3,5,1,2,2,2,2,2,2,1,2,3,4,3,3,4,4,2,2,5,5,5,5,1,1,1,1,5,1,1,1,5,5,5,5,5,1,1,1,1,5,2,5,5,2,2,5,5,5,5,5,1,5,2,2,5,5,5,5,5,5,5,2,2,2,2,1,5,5,5,5,2,3,4,5,5,5,2,5,5,5,5,5,5,5,5,5,5,3,3,5,5,5,5,4,4,4,4,4,4,4,4,2,2,2,2,2,2,2,2","0.00133299827575684","louvain","edit-xhwikibooks.graphml"
"0.09","0.36","0.55","0.423141886299743","1,2,1,1,3,1,3,1,1,1,3,3,1,1,1,1,1,3,4,3,5,2,1,1,1,1,1,1,2,1,3,4,3,3,4,4,1,1,5,5,5,5,2,2,2,2,5,2,2,2,5,5,5,5,5,2,2,2,2,5,1,5,5,1,1,5,5,5,5,5,2,5,1,1,5,5,5,5,5,5,5,1,1,1,1,2,5,5,5,5,1,3,4,5,5,5,1,5,5,5,5,5,5,5,5,5,5,3,3,5,5,5,5,4,4,4,4,4,4,4,4,1,1,1,1,1,1,1,1","0.000905036926269531","louvain","edit-xhwikibooks.graphml"
"0.08","0.37","0.55","0.423491811679893","1,1,2,2,3,2,3,2,2,2,3,3,2,2,2,2,2,3,4,3,5,1,2,2,2,2,2,2,1,2,3,4,3,3,4,4,2,2,5,5,5,5,1,1,1,1,5,1,1,1,5,5,5,5,5,1,1,1,1,5,2,5,5,2,2,5,5,5,5,5,1,5,2,2,5,5,5,5,5,5,5,2,2,2,2,1,5,5,5,5,2,3,4,5,5,5,2,5,5,5,5,5,5,5,5,5,5,3,3,5,5,5,5,4,4,4,4,4,4,4,4,2,2,2,2,2,2,2,2","0.000808954238891602","louvain","edit-xhwikibooks.graphml"
"0.07","0.38","0.55","0.422774419409805","1,1,2,2,3,2,3,2,2,2,4,3,2,2,2,2,2,4,4,3,5,1,2,2,2,2,2,2,1,2,4,4,3,3,4,4,2,2,5,5,5,5,1,1,1,1,5,1,1,1,5,5,5,5,5,1,1,1,1,5,2,5,5,2,2,5,5,5,5,5,1,5,2,2,5,5,5,5,5,5,5,2,2,2,2,1,5,5,5,5,2,4,4,5,5,5,2,5,5,5,5,5,5,5,5,5,5,3,3,5,5,5,5,4,4,4,4,4,4,4,4,2,2,2,2,2,2,2,2","0.000892162322998047","louvain","edit-xhwikibooks.graphml"
"0.06","0.39","0.55","0.423648764698111","1,1,1,1,2,3,2,3,3,3,4,2,3,3,3,3,3,4,4,2,5,1,3,3,3,3,3,3,1,3,4,4,2,2,4,4,3,3,5,5,5,5,1,1,1,1,5,1,1,1,5,5,5,5,5,1,1,1,1,5,3,5,5,3,3,5,5,5,5,5,1,5,3,3,5,5,5,5,5,5,5,3,3,3,3,1,5,5,5,5,3,4,4,5,5,5,3,5,5,5,5,5,5,5,5,5,5,2,2,5,5,5,5,4,4,4,4,4,4,4,4,3,3,3,3,3,3,3,3","0.000793933868408203","louvain","edit-xhwikibooks.graphml"
"0.05","0.4","0.55","0.424732766602138","1,1,2,2,3,2,3,2,2,2,4,3,2,2,2,2,2,4,4,3,5,1,2,2,2,2,2,2,1,2,4,4,3,3,4,4,2,2,5,5,5,5,1,1,1,1,5,1,1,1,5,5,5,5,5,1,1,1,1,5,2,5,5,2,2,5,5,5,5,5,1,5,2,2,5,5,5,5,5,5,5,2,2,2,2,1,5,5,5,5,2,4,4,5,5,5,2,5,5,5,5,5,5,5,5,5,5,3,3,5,5,5,5,4,4,4,4,4,4,4,4,2,2,2,2,2,2,2,2","0.00084686279296875","louvain","edit-xhwikibooks.graphml"
"0.04","0.41","0.55","0.418791473153129","1,1,1,2,3,2,3,2,2,2,3,3,2,2,2,2,2,3,4,3,5,1,2,2,2,2,2,2,1,2,3,4,3,3,4,4,2,2,5,5,5,5,1,1,1,1,5,1,1,1,5,5,5,5,5,1,1,1,1,5,2,5,5,2,2,5,5,5,5,5,1,5,2,2,5,5,5,5,5,5,5,2,2,2,2,1,5,5,5,5,2,3,4,5,5,5,2,5,5,5,5,5,5,5,5,5,5,3,3,5,5,5,5,4,4,4,4,4,4,4,4,2,2,2,2,2,2,2,2","0.000828027725219727","louvain","edit-xhwikibooks.graphml"
"0.03","0.42","0.55","0.417903249975554","1,1,2,2,3,2,3,2,2,2,4,3,2,2,2,2,2,4,4,3,5,1,2,2,2,2,2,2,1,2,4,4,3,3,4,4,2,2,5,5,5,5,1,1,1,1,5,1,1,1,5,5,5,5,5,1,1,1,1,5,2,5,5,2,2,5,5,5,5,5,1,5,2,2,5,5,5,5,5,5,5,2,2,2,2,1,5,5,5,5,2,4,4,5,5,5,2,5,5,5,5,5,5,5,5,5,5,3,3,5,5,5,5,4,4,4,4,4,4,4,4,2,2,2,2,2,2,2,2","0.000741958618164062","louvain","edit-xhwikibooks.graphml"
"0.02","0.43","0.55","0.419170449463904","1,1,1,2,3,2,3,2,2,2,4,3,2,2,2,2,2,4,4,3,5,1,2,2,2,2,2,2,1,2,4,4,3,3,4,4,2,2,5,5,5,5,1,1,1,1,5,1,1,1,5,5,5,5,5,1,1,1,1,5,2,5,5,2,2,5,5,5,5,5,1,5,2,2,5,5,5,5,5,5,5,2,2,2,2,1,5,5,5,5,2,4,4,5,5,5,2,5,5,5,5,5,5,5,5,5,5,3,3,5,5,5,5,4,4,4,4,4,4,4,4,2,2,2,2,2,2,2,2","0.000747203826904297","louvain","edit-xhwikibooks.graphml"
"0.01","0.44","0.55","0.419516914575044","1,1,1,2,3,2,3,2,2,2,3,3,2,2,2,2,2,3,4,3,5,1,2,2,2,2,2,2,1,2,3,4,3,3,4,4,2,2,5,5,5,5,1,1,1,1,5,1,1,1,5,5,5,5,5,1,1,1,1,5,2,5,5,2,2,5,5,5,5,5,1,5,2,2,5,5,5,5,5,5,5,2,2,2,2,1,5,5,5,5,2,3,4,5,5,5,2,5,5,5,5,5,5,5,5,5,5,3,3,5,5,5,5,4,4,4,4,4,4,4,4,2,2,2,2,2,2,2,2","0.000737190246582031","louvain","edit-xhwikibooks.graphml"
"0","0.45","0.55","0.422336341513913","1,1,1,1,1,2,3,2,2,2,4,3,2,2,2,2,2,4,4,3,5,1,2,2,2,2,2,2,1,2,4,4,3,3,4,4,2,2,5,5,5,5,1,1,1,1,5,1,1,1,5,5,5,5,5,1,1,1,1,5,2,5,5,2,2,5,5,5,5,5,1,5,2,2,5,5,5,5,5,5,5,2,2,2,2,1,5,5,5,5,2,4,4,5,5,5,2,5,5,5,5,5,5,5,5,5,5,3,3,5,5,5,5,4,4,4,4,4,4,4,4,2,2,2,2,2,2,2,2","0.000792026519775391","louvain","edit-xhwikibooks.graphml"
"0.44","0","0.56","0.406765033670896","1,1,1,2,3,2,3,2,2,2,3,3,2,2,2,2,2,3,3,3,4,1,2,2,2,2,2,2,1,2,3,3,3,3,3,3,2,2,4,4,4,4,1,1,1,1,4,1,1,1,4,4,4,4,4,1,1,1,1,4,2,4,4,2,2,4,4,4,4,4,1,4,2,2,4,4,4,4,4,4,4,2,2,2,2,1,4,4,4,4,2,3,3,4,4,4,2,4,4,4,4,4,4,4,4,4,4,3,3,4,4,4,4,3,3,3,3,3,3,3,3,2,2,2,2,2,2,2,2","0.000864982604980469","louvain","edit-xhwikibooks.graphml"
"0.43","0.01","0.56","0.407212522109419","1,1,1,2,3,2,3,2,2,2,3,3,2,2,2,2,2,3,4,3,5,1,2,2,2,2,2,2,1,2,3,4,3,3,4,4,2,2,5,5,5,5,1,1,1,1,5,1,1,1,5,5,5,5,5,1,1,1,1,5,2,5,5,2,2,5,5,5,5,5,1,5,2,2,5,5,5,5,5,5,5,2,2,2,2,1,5,5,5,5,2,3,4,5,5,5,2,5,5,5,5,5,5,5,5,5,5,3,3,5,5,5,5,4,4,4,4,4,4,4,4,2,2,2,2,2,2,2,2","0.000916004180908203","louvain","edit-xhwikibooks.graphml"
"0.42","0.02","0.56","0.406765033670896","1,1,1,2,3,2,3,2,2,2,3,3,2,2,2,2,2,3,3,3,4,1,2,2,2,2,2,2,1,2,3,3,3,3,3,3,2,2,4,4,4,4,1,1,1,1,4,1,1,1,4,4,4,4,4,1,1,1,1,4,2,4,4,2,2,4,4,4,4,4,1,4,2,2,4,4,4,4,4,4,4,2,2,2,2,1,4,4,4,4,2,3,3,4,4,4,2,4,4,4,4,4,4,4,4,4,4,3,3,4,4,4,4,3,3,3,3,3,3,3,3,2,2,2,2,2,2,2,2","0.000714778900146484","louvain","edit-xhwikibooks.graphml"
"0.41","0.03","0.56","0.407033188423928","1,1,1,2,3,2,3,2,2,2,3,3,2,2,2,2,2,3,4,3,5,1,2,2,2,2,2,2,1,2,3,4,3,3,4,4,2,2,5,5,5,5,1,1,1,1,5,1,1,1,5,5,5,5,5,1,1,1,1,5,2,5,5,2,2,5,5,5,5,5,1,5,2,2,5,5,5,5,5,5,5,2,2,2,2,1,5,5,5,5,2,3,4,5,5,5,2,5,5,5,5,5,5,5,5,5,5,3,3,5,5,5,5,4,4,4,4,4,4,4,4,2,2,2,2,2,2,2,2","0.000715017318725586","louvain","edit-xhwikibooks.graphml"
"0.4","0.04","0.56","0.405973245188799","1,1,1,2,1,2,1,2,2,2,1,1,2,2,2,2,2,1,3,1,4,1,2,2,2,2,2,2,1,2,1,3,1,1,3,3,2,2,4,4,4,4,1,1,1,1,4,1,1,1,4,4,4,4,4,1,1,1,1,4,2,4,4,2,2,4,4,4,4,4,1,4,2,2,4,4,4,4,4,4,4,2,2,2,2,1,4,4,4,4,2,1,3,4,4,4,2,4,4,4,4,4,4,4,4,4,4,1,1,4,4,4,4,3,3,3,3,3,3,3,3,2,2,2,2,2,2,2,2","0.00189399719238281","louvain","edit-xhwikibooks.graphml"
"0.39","0.05","0.56","0.406317111820021","1,1,1,2,3,2,3,2,2,2,3,3,2,2,2,2,2,3,4,3,5,1,2,2,2,2,2,2,1,2,3,4,3,3,4,4,2,2,5,5,5,5,1,1,1,1,5,1,1,1,5,5,5,5,5,1,1,1,1,5,2,5,5,2,2,5,5,5,5,5,1,5,2,2,5,5,5,5,5,5,5,2,2,2,2,1,5,5,5,5,2,3,4,5,5,5,2,5,5,5,5,5,5,5,5,5,5,3,3,5,5,5,5,4,4,4,4,4,4,4,4,2,2,2,2,2,2,2,2","0.00153708457946777","louvain","edit-xhwikibooks.graphml"
"0.38","0.06","0.56","0.405871111423865","1,1,1,2,3,2,3,2,2,2,3,3,2,2,2,2,2,3,3,3,4,1,2,2,2,2,2,2,1,2,3,3,3,3,3,3,2,2,4,4,4,4,1,1,1,1,4,1,1,1,4,4,4,4,4,1,1,1,1,4,2,4,4,2,2,4,4,4,4,4,1,4,2,2,4,4,4,4,4,4,4,2,2,2,2,1,4,4,4,4,2,3,3,4,4,4,2,4,4,4,4,4,4,4,4,4,4,3,3,4,4,4,4,3,3,3,3,3,3,3,3,2,2,2,2,2,2,2,2","0.00152111053466797","louvain","edit-xhwikibooks.graphml"
"0.37","0.07","0.56","0.405693572651431","1,1,1,2,3,2,3,2,2,2,3,3,2,2,2,2,2,3,3,3,4,1,2,2,2,2,2,2,1,2,3,3,3,3,3,3,2,2,4,4,4,4,1,1,1,1,4,1,1,1,4,4,4,4,4,1,1,1,1,4,2,4,4,2,2,4,4,4,4,4,1,4,2,2,4,4,4,4,4,4,4,2,2,2,2,1,4,4,4,4,2,3,3,4,4,4,2,4,4,4,4,4,4,4,4,4,4,3,3,4,4,4,4,3,3,3,3,3,3,3,3,2,2,2,2,2,2,2,2","0.00132513046264648","louvain","edit-xhwikibooks.graphml"
"0.36","0.08","0.56","0.406713308170671","1,1,1,2,3,2,3,2,2,2,3,3,2,2,2,2,2,3,4,3,5,1,2,2,2,2,2,2,1,2,3,4,3,3,4,4,2,2,5,5,5,5,1,1,1,1,5,1,1,1,5,5,5,5,5,1,1,1,1,5,2,5,5,2,2,5,5,5,5,5,1,5,2,2,5,5,5,5,5,5,5,2,2,2,2,1,5,5,5,5,2,3,4,5,5,5,2,5,5,5,5,5,5,5,5,5,5,3,3,5,5,5,5,4,4,4,4,4,4,4,4,2,2,2,2,2,2,2,2","0.00154495239257812","louvain","edit-xhwikibooks.graphml"
"0.35","0.09","0.56","0.407213017782183","1,1,1,1,2,3,2,3,3,3,2,2,3,3,3,3,3,2,4,2,5,1,3,3,3,3,3,3,1,3,2,4,2,2,4,4,3,3,5,5,5,5,1,1,1,1,5,1,1,1,5,5,5,5,5,1,1,1,1,5,3,5,5,3,3,5,5,5,5,5,1,5,3,3,5,5,5,5,5,5,5,3,3,3,3,1,5,5,5,5,3,2,4,5,5,5,3,5,5,5,5,5,5,5,5,5,5,2,2,5,5,5,5,4,4,4,4,4,4,4,4,3,3,3,3,3,3,3,3","0.00156521797180176","louvain","edit-xhwikibooks.graphml"
"0.34","0.1","0.56","0.406667864425776","1,1,1,2,3,2,3,2,2,2,3,3,2,2,2,2,2,3,3,3,4,1,2,2,2,2,2,2,1,2,3,3,3,3,3,3,2,2,4,4,4,4,1,1,1,1,4,1,1,1,4,4,4,4,4,1,1,1,1,4,2,4,4,2,2,4,4,4,4,4,1,4,2,2,4,4,4,4,4,4,4,2,2,2,2,1,4,4,4,4,2,3,3,4,4,4,2,4,4,4,4,4,4,4,4,4,4,3,3,4,4,4,4,3,3,3,3,3,3,3,3,2,2,2,2,2,2,2,2","0.0011899471282959","louvain","edit-xhwikibooks.graphml"
"0.33","0.11","0.56","0.406490470348867","1,1,1,2,3,2,3,2,2,2,3,3,2,2,2,2,2,3,3,3,4,1,2,2,2,2,2,2,1,2,3,3,3,3,3,3,2,2,4,4,4,4,1,1,1,1,4,1,1,1,4,4,4,4,4,1,1,1,1,4,2,4,4,2,2,4,4,4,4,4,1,4,2,2,4,4,4,4,4,4,4,2,2,2,2,1,4,4,4,4,2,3,3,4,4,4,2,4,4,4,4,4,4,4,4,4,4,3,3,4,4,4,4,3,3,3,3,3,3,3,3,2,2,2,2,2,2,2,2","0.00103187561035156","louvain","edit-xhwikibooks.graphml"
"0.32","0.12","0.56","0.407547507644435","1,2,1,1,3,1,3,1,1,1,3,3,1,1,1,1,1,3,4,3,5,2,1,1,1,1,1,1,2,1,3,4,3,3,4,4,1,1,5,5,5,5,2,2,2,2,5,2,2,2,5,5,5,5,5,2,2,2,2,5,1,5,5,1,1,5,5,5,5,5,2,5,1,1,5,5,5,5,5,5,5,1,1,1,1,2,5,5,5,5,1,3,4,5,5,5,1,5,5,5,5,5,5,5,5,5,5,3,3,5,5,5,5,4,4,4,4,4,4,4,4,1,1,1,1,1,1,1,1","0.000941038131713867","louvain","edit-xhwikibooks.graphml"
"0.31","0.13","0.56","0.403031020408163","1,1,1,2,3,2,3,2,2,2,3,3,2,2,2,2,2,3,4,3,5,1,2,2,2,2,2,2,1,2,3,4,3,3,4,4,2,2,5,5,5,5,1,1,1,1,5,1,1,1,5,5,5,5,5,1,1,1,1,5,2,5,5,2,2,5,5,5,5,5,1,5,2,2,5,5,5,5,5,5,5,2,2,2,2,1,5,5,5,5,2,3,4,5,5,5,2,5,5,5,5,5,5,5,5,5,5,3,3,5,5,5,5,4,4,4,4,4,4,4,4,2,2,2,2,2,2,2,2","0.000950098037719727","louvain","edit-xhwikibooks.graphml"
"0.3","0.14","0.56","0.402852734693878","1,1,1,2,3,2,3,2,2,2,3,3,2,2,2,2,2,3,3,3,4,1,2,2,2,2,2,2,1,2,3,3,3,3,3,3,2,2,4,4,4,4,1,1,1,1,4,1,1,1,4,4,4,4,4,1,1,1,1,4,2,4,4,2,2,4,4,4,4,4,1,4,2,2,4,4,4,4,4,4,4,2,2,2,2,1,4,4,4,4,2,3,3,4,4,4,2,4,4,4,4,4,4,4,4,4,4,3,3,4,4,4,4,3,3,3,3,3,3,3,3,2,2,2,2,2,2,2,2","0.000947952270507812","louvain","edit-xhwikibooks.graphml"
"0.29","0.15","0.56","0.404553884978983","1,1,1,2,3,2,3,2,2,2,3,3,2,2,2,2,2,3,4,3,5,1,2,2,2,2,2,2,1,2,3,4,3,3,4,4,2,2,5,5,5,5,1,1,1,1,5,1,1,1,5,5,5,5,5,1,1,1,1,5,2,5,5,2,2,5,5,5,5,5,1,5,2,2,5,5,5,5,5,5,5,2,2,2,2,1,5,5,5,5,2,3,4,5,5,5,2,5,5,5,5,5,5,5,5,5,5,3,3,5,5,5,5,4,4,4,4,4,4,4,4,2,2,2,2,2,2,2,2","0.000948905944824219","louvain","edit-xhwikibooks.graphml"
"0.28","0.16","0.56","0.405129016809929","1,1,1,2,3,2,3,2,2,2,3,3,2,2,2,2,2,3,4,3,5,1,2,2,2,2,2,2,1,2,3,4,3,3,4,4,2,2,5,5,5,5,1,1,1,1,5,1,1,1,5,5,5,5,5,1,1,1,1,5,2,5,5,2,2,5,5,5,5,5,1,5,2,2,5,5,5,5,5,5,5,2,2,2,2,1,5,5,5,5,2,3,4,5,5,5,2,5,5,5,5,5,5,5,5,5,5,3,3,5,5,5,5,4,4,4,4,4,4,4,4,2,2,2,2,2,2,2,2","0.00119400024414062","louvain","edit-xhwikibooks.graphml"
"0.27","0.17","0.56","0.404985866874912","1,1,1,2,3,2,3,2,2,2,3,3,2,2,2,2,2,3,4,3,5,1,2,2,2,2,2,2,1,2,3,4,3,3,4,4,2,2,5,5,5,5,1,1,1,1,5,1,1,1,5,5,5,5,5,1,1,1,1,5,2,5,5,2,2,5,5,5,5,5,1,5,2,2,5,5,5,5,5,5,5,2,2,2,2,1,5,5,5,5,2,3,4,5,5,5,2,5,5,5,5,5,5,5,5,5,5,3,3,5,5,5,5,4,4,4,4,4,4,4,4,2,2,2,2,2,2,2,2","0.00105500221252441","louvain","edit-xhwikibooks.graphml"
"0.26","0.18","0.56","0.404985866874912","1,1,1,2,3,2,3,2,2,2,3,3,2,2,2,2,2,3,4,3,5,1,2,2,2,2,2,2,1,2,3,4,3,3,4,4,2,2,5,5,5,5,1,1,1,1,5,1,1,1,5,5,5,5,5,1,1,1,1,5,2,5,5,2,2,5,5,5,5,5,1,5,2,2,5,5,5,5,5,5,5,2,2,2,2,1,5,5,5,5,2,3,4,5,5,5,2,5,5,5,5,5,5,5,5,5,5,3,3,5,5,5,5,4,4,4,4,4,4,4,4,2,2,2,2,2,2,2,2","0.000851869583129883","louvain","edit-xhwikibooks.graphml"
"0.25","0.19","0.56","0.404807471471946","1,1,1,2,3,2,3,2,2,2,3,3,2,2,2,2,2,3,4,3,5,1,2,2,2,2,2,2,1,2,3,4,3,3,4,4,2,2,5,5,5,5,1,1,1,1,5,1,1,1,5,5,5,5,5,1,1,1,1,5,2,5,5,2,2,5,5,5,5,5,1,5,2,2,5,5,5,5,5,5,5,2,2,2,2,1,5,5,5,5,2,3,4,5,5,5,2,5,5,5,5,5,5,5,5,5,5,3,3,5,5,5,5,4,4,4,4,4,4,4,4,2,2,2,2,2,2,2,2","0.00123214721679688","louvain","edit-xhwikibooks.graphml"
"0.24","0.2","0.56","0.40588804882613","1,1,1,2,3,2,3,2,2,2,3,3,2,2,2,2,2,3,4,3,5,1,2,2,2,2,2,2,1,2,3,4,3,3,4,4,2,2,5,5,5,5,1,1,1,1,5,1,1,1,5,5,5,5,5,1,1,1,1,5,2,5,5,2,2,5,5,5,5,5,1,5,2,2,5,5,5,5,5,5,5,2,2,2,2,1,5,5,5,5,2,3,4,5,5,5,2,5,5,5,5,5,5,5,5,5,5,3,3,5,5,5,5,4,4,4,4,4,4,4,4,2,2,2,2,2,2,2,2","0.000957965850830078","louvain","edit-xhwikibooks.graphml"
"0.23","0.21","0.56","0.405525729597107","1,1,2,2,3,2,3,2,2,2,3,3,2,2,2,2,2,3,4,3,5,1,2,2,2,2,2,2,1,2,3,4,3,3,4,4,2,2,5,5,5,5,1,1,1,1,5,1,1,1,5,5,5,5,5,1,1,1,1,5,2,5,5,2,2,5,5,5,5,5,1,5,2,2,5,5,5,5,5,5,5,2,2,2,2,1,5,5,5,5,2,3,4,5,5,5,2,5,5,5,5,5,5,5,5,5,5,3,3,5,5,5,5,4,4,4,4,4,4,4,4,2,2,2,2,2,2,2,2","0.00086212158203125","louvain","edit-xhwikibooks.graphml"
"0.22","0.22","0.56","0.405709743026859","1,1,1,2,3,2,3,2,2,2,3,3,2,2,2,2,2,3,4,3,5,1,2,2,2,2,2,2,1,2,3,4,3,3,4,4,2,2,5,5,5,5,1,1,1,1,5,1,1,1,5,5,5,5,5,1,1,1,1,5,2,5,5,2,2,5,5,5,5,5,1,5,2,2,5,5,5,5,5,5,5,2,2,2,2,1,5,5,5,5,2,3,4,5,5,5,2,5,5,5,5,5,5,5,5,5,5,3,3,5,5,5,5,4,4,4,4,4,4,4,4,2,2,2,2,2,2,2,2","0.000905036926269531","louvain","edit-xhwikibooks.graphml"
"0.21","0.23","0.56","0.406642463778514","1,1,1,2,3,2,3,2,2,2,3,3,2,2,2,2,2,3,4,3,5,1,2,2,2,2,2,2,1,2,3,4,3,3,4,4,2,2,5,5,5,5,1,1,1,1,5,1,1,1,5,5,5,5,5,1,1,1,1,5,2,5,5,2,2,5,5,5,5,5,1,5,2,2,5,5,5,5,5,5,5,2,2,2,2,1,5,5,5,5,2,3,4,5,5,5,2,5,5,5,5,5,5,5,5,5,5,3,3,5,5,5,5,4,4,4,4,4,4,4,4,2,2,2,2,2,2,2,2","0.000865936279296875","louvain","edit-xhwikibooks.graphml"
"0.2","0.24","0.56","0.407212176253721","1,1,1,2,3,2,3,2,2,2,3,3,2,2,2,2,2,3,4,3,5,1,2,2,2,2,2,2,1,2,3,4,3,3,4,4,2,2,5,5,5,5,1,1,1,1,5,1,1,1,5,5,5,5,5,1,1,1,1,5,2,5,5,2,2,5,5,5,5,5,1,5,2,2,5,5,5,5,5,5,5,2,2,2,2,1,5,5,5,5,2,3,4,5,5,5,2,5,5,5,5,5,5,5,5,5,5,3,3,5,5,5,5,4,4,4,4,4,4,4,4,2,2,2,2,2,2,2,2","0.000905990600585938","louvain","edit-xhwikibooks.graphml"
"0.19","0.25","0.56","0.406686836424335","1,1,2,2,3,2,3,2,2,2,4,3,2,2,2,2,2,4,4,3,5,1,2,2,2,2,2,2,1,2,4,4,3,3,4,4,2,2,5,5,5,5,1,1,1,1,5,1,1,1,5,5,5,5,5,1,1,1,1,5,2,5,5,2,2,5,5,5,5,5,1,5,2,2,5,5,5,5,5,5,5,2,2,2,2,1,5,5,5,5,2,4,4,5,5,5,2,5,5,5,5,5,5,5,5,5,5,3,3,5,5,5,5,4,4,4,4,4,4,4,4,2,2,2,2,2,2,2,2","0.00080108642578125","louvain","edit-xhwikibooks.graphml"
"0.18","0.26","0.56","0.407318572494764","1,1,1,2,3,2,3,2,2,2,3,3,2,2,2,2,2,3,4,3,5,1,2,2,2,2,2,2,1,2,3,4,3,3,4,4,2,2,5,5,5,5,1,1,1,1,5,1,1,1,5,5,5,5,5,1,1,1,1,5,2,5,5,2,2,5,5,5,5,5,1,5,2,2,5,5,5,5,5,5,5,2,2,2,2,1,5,5,5,5,2,3,4,5,5,5,2,5,5,5,5,5,5,5,5,5,5,3,3,5,5,5,5,4,4,4,4,4,4,4,4,2,2,2,2,2,2,2,2","0.00110101699829102","louvain","edit-xhwikibooks.graphml"
"0.17","0.27","0.56","0.406879438884832","1,1,1,2,3,2,3,2,2,2,4,3,2,2,2,2,2,4,4,3,5,1,2,2,2,2,2,2,1,2,4,4,3,3,4,4,2,2,5,5,5,5,1,1,1,1,5,1,1,1,5,5,5,5,5,1,1,1,1,5,2,5,5,2,2,5,5,5,5,5,1,5,2,2,5,5,5,5,5,5,5,2,2,2,2,1,5,5,5,5,2,4,4,5,5,5,2,5,5,5,5,5,5,5,5,5,5,3,3,5,5,5,5,4,4,4,4,4,4,4,4,2,2,2,2,2,2,2,2","0.000867128372192383","louvain","edit-xhwikibooks.graphml"
"0.16","0.28","0.56","0.406531161783737","1,1,1,2,1,2,1,2,2,2,1,1,2,2,2,2,2,1,3,1,4,1,2,2,2,2,2,2,1,2,1,3,1,1,3,3,2,2,4,4,4,4,1,1,1,1,4,1,1,1,4,4,4,4,4,1,1,1,1,4,2,4,4,2,2,4,4,4,4,4,1,4,2,2,4,4,4,4,4,4,4,2,2,2,2,1,4,4,4,4,2,1,3,4,4,4,2,4,4,4,4,4,4,4,4,4,4,1,1,4,4,4,4,3,3,3,3,3,3,3,3,2,2,2,2,2,2,2,2","0.00107693672180176","louvain","edit-xhwikibooks.graphml"
"0.15","0.29","0.56","0.408368353794912","1,1,1,2,3,2,3,2,2,2,4,3,2,2,2,2,2,4,4,3,5,1,2,2,2,2,2,2,1,2,4,4,3,3,4,4,2,2,5,5,5,5,1,1,1,1,5,1,1,1,5,5,5,5,5,1,1,1,1,5,2,5,5,2,2,5,5,5,5,5,1,5,2,2,5,5,5,5,5,5,5,2,2,2,2,1,5,5,5,5,2,4,4,5,5,5,2,5,5,5,5,5,5,5,5,5,5,3,3,5,5,5,5,4,4,4,4,4,4,4,4,2,2,2,2,2,2,2,2","0.00105190277099609","louvain","edit-xhwikibooks.graphml"
"0.14","0.3","0.56","0.408166076159469","1,1,1,1,2,3,2,3,3,3,2,2,3,3,3,3,3,2,2,2,4,1,3,3,3,3,3,3,1,3,2,2,2,2,2,2,3,3,4,4,4,4,1,1,1,1,4,1,1,1,4,4,4,4,4,1,1,1,1,4,3,4,4,3,3,4,4,4,4,4,1,4,3,3,4,4,4,4,4,4,4,3,3,3,3,1,4,4,4,4,3,2,2,4,4,4,3,4,4,4,4,4,4,4,4,4,4,2,2,4,4,4,4,2,2,2,2,2,2,2,2,3,3,3,3,3,3,3,3","0.00110101699829102","louvain","edit-xhwikibooks.graphml"
"0.13","0.31","0.56","0.408755975323623","1,1,1,2,3,2,3,2,2,2,4,3,2,2,2,2,2,4,4,3,5,1,2,2,2,2,2,2,1,2,4,4,3,3,4,4,2,2,5,5,5,5,1,1,1,1,5,1,1,1,5,5,5,5,5,1,1,1,1,5,2,5,5,2,2,5,5,5,5,5,1,5,2,2,5,5,5,5,5,5,5,2,2,2,2,1,5,5,5,5,2,4,4,5,5,5,2,5,5,5,5,5,5,5,5,5,5,3,3,5,5,5,5,4,4,4,4,4,4,4,4,2,2,2,2,2,2,2,2","0.000880002975463867","louvain","edit-xhwikibooks.graphml"
"0.12","0.32","0.56","0.409018007735071","1,1,1,2,3,2,3,2,2,2,3,3,2,2,2,2,2,3,4,3,5,1,2,2,2,2,2,2,1,2,3,4,3,3,4,4,2,2,5,5,5,5,1,1,1,1,5,1,1,1,5,5,5,5,5,1,1,1,1,5,2,5,5,2,2,5,5,5,5,5,1,5,2,2,5,5,5,5,5,5,5,2,2,2,2,1,5,5,5,5,2,3,4,5,5,5,2,5,5,5,5,5,5,5,5,5,5,3,3,5,5,5,5,4,4,4,4,4,4,4,4,2,2,2,2,2,2,2,2","0.000887870788574219","louvain","edit-xhwikibooks.graphml"
"0.11","0.33","0.56","0.41735222599222","1,1,1,2,3,2,3,2,2,2,3,3,2,2,2,2,2,3,4,3,5,1,2,2,2,2,2,2,1,2,3,4,3,3,4,4,2,2,5,5,5,5,1,1,1,1,5,1,1,1,5,5,5,5,5,1,1,1,1,5,2,5,5,2,2,5,5,5,5,5,1,5,2,2,5,5,5,5,5,5,5,2,2,2,2,1,5,5,5,5,2,3,4,5,5,5,2,5,5,5,5,5,5,5,5,5,5,3,3,5,5,5,5,4,4,4,4,4,4,4,4,2,2,2,2,2,2,2,2","0.000870943069458008","louvain","edit-xhwikibooks.graphml"
"0.1","0.34","0.56","0.42451290480195","1,1,1,2,3,2,3,2,2,2,4,3,2,2,2,2,2,4,4,3,5,1,2,2,2,2,2,2,1,2,4,4,3,3,4,4,2,2,5,5,5,5,1,1,1,1,5,1,1,1,5,5,5,5,5,1,1,1,1,5,2,5,5,2,2,5,5,5,5,5,1,5,2,2,5,5,5,5,5,5,5,2,2,2,2,1,5,5,5,5,2,4,4,5,5,5,2,5,5,5,5,5,5,5,5,5,5,3,3,5,5,5,5,4,4,4,4,4,4,4,4,2,2,2,2,2,2,2,2","0.000822067260742188","louvain","edit-xhwikibooks.graphml"
"0.09","0.35","0.56","0.42451290480195","1,1,1,2,3,2,3,2,2,2,4,3,2,2,2,2,2,4,4,3,5,1,2,2,2,2,2,2,1,2,4,4,3,3,4,4,2,2,5,5,5,5,1,1,1,1,5,1,1,1,5,5,5,5,5,1,1,1,1,5,2,5,5,2,2,5,5,5,5,5,1,5,2,2,5,5,5,5,5,5,5,2,2,2,2,1,5,5,5,5,2,4,4,5,5,5,2,5,5,5,5,5,5,5,5,5,5,3,3,5,5,5,5,4,4,4,4,4,4,4,4,2,2,2,2,2,2,2,2","0.00079798698425293","louvain","edit-xhwikibooks.graphml"
"0.08","0.36","0.56","0.424859057182515","1,1,1,2,3,2,3,2,2,2,3,3,2,2,2,2,2,3,4,3,5,1,2,2,2,2,2,2,1,2,3,4,3,3,4,4,2,2,5,5,5,5,1,1,1,1,5,1,1,1,5,5,5,5,5,1,1,1,1,5,2,5,5,2,2,5,5,5,5,5,1,5,2,2,5,5,5,5,5,5,5,2,2,2,2,1,5,5,5,5,2,3,4,5,5,5,2,5,5,5,5,5,5,5,5,5,5,3,3,5,5,5,5,4,4,4,4,4,4,4,4,2,2,2,2,2,2,2,2","0.000718116760253906","louvain","edit-xhwikibooks.graphml"
"0.07","0.37","0.56","0.422889163495773","1,1,1,1,2,3,2,3,3,3,4,2,3,3,3,3,3,4,4,2,5,1,3,3,3,3,3,3,1,3,4,4,2,2,4,4,3,3,5,5,5,5,1,1,1,1,5,1,1,1,5,5,5,5,5,1,1,1,1,5,3,5,5,3,3,5,5,5,5,5,1,5,3,3,5,5,5,5,5,5,5,3,3,3,3,1,5,5,5,5,3,4,4,5,5,5,3,5,5,5,5,5,5,5,5,5,5,2,2,5,5,5,5,4,4,4,4,4,4,4,4,3,3,3,3,3,3,3,3","0.000776052474975586","louvain","edit-xhwikibooks.graphml"
"0.06","0.38","0.56","0.423789730462498","1,1,1,1,2,3,2,3,3,3,2,2,3,3,3,3,3,2,4,2,5,1,3,3,3,3,3,3,1,3,2,4,2,2,4,4,3,3,5,5,5,5,1,1,1,1,5,1,1,1,5,5,5,5,5,1,1,1,1,5,3,5,5,3,3,5,5,5,5,5,1,5,3,3,5,5,5,5,5,5,5,3,3,3,3,1,5,5,5,5,3,2,4,5,5,5,3,5,5,5,5,5,5,5,5,5,5,2,2,5,5,5,5,4,4,4,4,4,4,4,4,3,3,3,3,3,3,3,3","0.000721931457519531","louvain","edit-xhwikibooks.graphml"
"0.05","0.39","0.56","0.423810801156278","1,1,1,1,2,3,2,3,3,3,4,2,3,3,3,3,3,4,4,2,5,1,3,3,3,3,3,3,1,3,4,4,2,2,4,4,3,3,5,5,5,5,1,1,1,1,5,1,1,1,5,5,5,5,5,1,1,1,1,5,3,5,5,3,3,5,5,5,5,5,1,5,3,3,5,5,5,5,5,5,5,3,3,3,3,1,5,5,5,5,3,4,4,5,5,5,3,5,5,5,5,5,5,5,5,5,5,2,2,5,5,5,5,4,4,4,4,4,4,4,4,3,3,3,3,3,3,3,3","0.000956058502197266","louvain","edit-xhwikibooks.graphml"
"0.04","0.4","0.56","0.425080910665758","1,1,1,2,3,2,3,2,2,2,3,3,2,2,2,2,2,3,4,3,5,1,2,2,2,2,2,2,1,2,3,4,3,3,4,4,2,2,5,5,5,5,1,1,1,1,5,1,1,1,5,5,5,5,5,1,1,1,1,5,2,5,5,2,2,5,5,5,5,5,1,5,2,2,5,5,5,5,5,5,5,2,2,2,2,1,5,5,5,5,2,3,4,5,5,5,2,5,5,5,5,5,5,5,5,5,5,3,3,5,5,5,5,4,4,4,4,4,4,4,4,2,2,2,2,2,2,2,2","0.000741958618164062","louvain","edit-xhwikibooks.graphml"
"0.03","0.41","0.56","0.424552179374554","1,1,1,2,3,2,3,2,2,2,4,3,2,2,2,2,2,4,4,3,5,1,2,2,2,2,2,2,1,2,4,4,3,3,4,4,2,2,5,5,5,5,1,1,1,1,5,1,1,1,5,5,5,5,5,1,1,1,1,5,2,5,5,2,2,5,5,5,5,5,1,5,2,2,5,5,5,5,5,5,5,2,2,2,2,1,5,5,5,5,2,4,4,5,5,5,2,5,5,5,5,5,5,5,5,5,5,3,3,5,5,5,5,4,4,4,4,4,4,4,4,2,2,2,2,2,2,2,2","0.00074005126953125","louvain","edit-xhwikibooks.graphml"
"0.02","0.42","0.56","0.424476368173892","1,1,1,1,2,3,2,3,3,3,4,2,3,3,3,3,3,4,4,2,5,1,3,3,3,3,3,3,1,3,4,4,2,2,4,4,3,3,5,5,5,5,1,1,1,1,5,1,1,1,5,5,5,5,5,1,1,1,1,5,3,5,5,3,3,5,5,5,5,5,1,5,3,3,5,5,5,5,5,5,5,3,3,3,3,1,5,5,5,5,3,4,4,5,5,5,3,5,5,5,5,5,5,5,5,5,5,2,2,5,5,5,5,4,4,4,4,4,4,4,4,3,3,3,3,3,3,3,3","0.000861883163452148","louvain","edit-xhwikibooks.graphml"
"0.01","0.43","0.56","0.425429323607497","1,1,1,2,3,2,3,2,2,2,4,3,2,2,2,2,2,4,4,3,5,1,2,2,2,2,2,2,1,2,4,4,3,3,4,4,2,2,5,5,5,5,1,1,1,1,5,1,1,1,5,5,5,5,5,1,1,1,1,5,2,5,5,2,2,5,5,5,5,5,1,5,2,2,5,5,5,5,5,5,5,2,2,2,2,1,5,5,5,5,2,4,4,5,5,5,2,5,5,5,5,5,5,5,5,5,5,3,3,5,5,5,5,4,4,4,4,4,4,4,4,2,2,2,2,2,2,2,2","0.000855922698974609","louvain","edit-xhwikibooks.graphml"
"0","0.44","0.56","0.427469632266333","1,1,1,1,1,2,3,2,2,2,4,3,2,2,2,2,2,4,4,3,5,1,2,2,2,2,2,2,1,2,4,4,3,3,4,4,2,2,5,5,5,5,1,1,1,1,5,1,1,1,5,5,5,5,5,1,1,1,1,5,2,5,5,2,2,5,5,5,5,5,1,5,2,2,5,5,5,5,5,5,5,2,2,2,2,1,5,5,5,5,2,4,4,5,5,5,2,5,5,5,5,5,5,5,5,5,5,3,3,5,5,5,5,4,4,4,4,4,4,4,4,2,2,2,2,2,2,2,2","0.000833988189697266","louvain","edit-xhwikibooks.graphml"
"0.43","0","0.57","0.406791481012938","1,1,1,2,3,2,3,2,2,2,3,3,2,2,2,2,2,3,3,3,4,1,2,2,2,2,2,2,1,2,3,3,3,3,3,3,2,2,4,4,4,4,1,1,1,1,4,1,1,1,4,4,4,4,4,1,1,1,1,4,2,4,4,2,2,4,4,4,4,4,1,4,2,2,4,4,4,4,4,4,4,2,2,2,2,1,4,4,4,4,2,3,3,4,4,4,2,4,4,4,4,4,4,4,4,4,4,3,3,4,4,4,4,3,3,3,3,3,3,3,3,2,2,2,2,2,2,2,2","0.000745058059692383","louvain","edit-xhwikibooks.graphml"
"0.42","0.01","0.57","0.407234514626285","1,1,1,2,3,2,3,2,2,2,3,3,2,2,2,2,2,3,4,3,5,1,2,2,2,2,2,2,1,2,3,4,3,3,4,4,2,2,5,5,5,5,1,1,1,1,5,1,1,1,5,5,5,5,5,1,1,1,1,5,2,5,5,2,2,5,5,5,5,5,1,5,2,2,5,5,5,5,5,5,5,2,2,2,2,1,5,5,5,5,2,3,4,5,5,5,2,5,5,5,5,5,5,5,5,5,5,3,3,5,5,5,5,4,4,4,4,4,4,4,4,2,2,2,2,2,2,2,2","0.000813007354736328","louvain","edit-xhwikibooks.graphml"
"0.41","0.02","0.57","0.406294490261062","1,2,1,1,3,1,3,1,1,1,3,3,1,1,1,1,1,3,3,3,4,2,1,1,1,1,1,1,2,1,3,3,3,3,3,3,1,1,4,4,4,4,2,2,2,2,4,2,2,2,4,4,4,4,4,2,2,2,2,4,1,4,4,1,1,4,4,4,4,4,2,4,1,1,4,4,4,4,4,4,4,1,1,1,1,2,4,4,4,4,1,3,3,4,4,4,1,4,4,4,4,4,4,4,4,4,4,3,3,4,4,4,4,3,3,3,3,3,3,3,3,1,1,1,1,1,1,1,1","0.000713825225830078","louvain","edit-xhwikibooks.graphml"
"0.4","0.03","0.57","0.406614069690993","1,1,1,2,3,2,3,2,2,2,3,3,2,2,2,2,2,3,3,3,4,1,2,2,2,2,2,2,1,2,3,3,3,3,3,3,2,2,4,4,4,4,1,1,1,1,4,1,1,1,4,4,4,4,4,1,1,1,1,4,2,4,4,2,2,4,4,4,4,4,1,4,2,2,4,4,4,4,4,4,4,2,2,2,2,1,4,4,4,4,2,3,3,4,4,4,2,4,4,4,4,4,4,4,4,4,4,3,3,4,4,4,4,3,3,3,3,3,3,3,3,2,2,2,2,2,2,2,2","0.000663995742797852","louvain","edit-xhwikibooks.graphml"
"0.39","0.04","0.57","0.406614069690993","1,1,1,2,3,2,3,2,2,2,3,3,2,2,2,2,2,3,3,3,4,1,2,2,2,2,2,2,1,2,3,3,3,3,3,3,2,2,4,4,4,4,1,1,1,1,4,1,1,1,4,4,4,4,4,1,1,1,1,4,2,4,4,2,2,4,4,4,4,4,1,4,2,2,4,4,4,4,4,4,4,2,2,2,2,1,4,4,4,4,2,3,3,4,4,4,2,4,4,4,4,4,4,4,4,4,4,3,3,4,4,4,4,3,3,3,3,3,3,3,3,2,2,2,2,2,2,2,2","0.000828027725219727","louvain","edit-xhwikibooks.graphml"
"0.38","0.05","0.57","0.406436798532594","1,1,1,2,3,2,3,2,2,2,3,3,2,2,2,2,2,3,3,3,4,1,2,2,2,2,2,2,1,2,3,3,3,3,3,3,2,2,4,4,4,4,1,1,1,1,4,1,1,1,4,4,4,4,4,1,1,1,1,4,2,4,4,2,2,4,4,4,4,4,1,4,2,2,4,4,4,4,4,4,4,2,2,2,2,1,4,4,4,4,2,3,3,4,4,4,2,4,4,4,4,4,4,4,4,4,4,3,3,4,4,4,4,3,3,3,3,3,3,3,3,2,2,2,2,2,2,2,2","0.000828027725219727","louvain","edit-xhwikibooks.graphml"
"0.37","0.06","0.57","0.405798570212898","1,1,1,2,1,2,1,2,2,2,1,1,2,2,2,2,2,1,3,1,4,1,2,2,2,2,2,2,1,2,1,3,1,1,3,3,2,2,4,4,4,4,1,1,1,1,4,1,1,1,4,4,4,4,4,1,1,1,1,4,2,4,4,2,2,4,4,4,4,4,1,4,2,2,4,4,4,4,4,4,4,2,2,2,2,1,4,4,4,4,2,1,3,4,4,4,2,4,4,4,4,4,4,4,4,4,4,1,1,4,4,4,4,3,3,3,3,3,3,3,3,2,2,2,2,2,2,2,2","0.000890016555786133","louvain","edit-xhwikibooks.graphml"
"0.36","0.07","0.57","0.405683712827363","1,1,1,2,1,2,1,2,2,2,1,3,2,2,2,2,2,1,4,3,5,1,2,2,2,2,2,2,1,2,1,4,3,3,4,4,2,2,5,5,5,5,1,1,1,1,5,1,1,1,5,5,5,5,5,1,1,1,1,5,2,5,5,2,2,5,5,5,5,5,1,5,2,2,5,5,5,5,5,5,5,2,2,2,2,1,5,5,5,5,2,1,4,5,5,5,2,5,5,5,5,5,5,5,5,5,5,3,3,5,5,5,5,4,4,4,4,4,4,4,4,2,2,2,2,2,2,2,2","0.00072789192199707","louvain","edit-xhwikibooks.graphml"
"0.35","0.08","0.57","0.407643027370152","1,1,1,2,3,2,3,2,2,2,3,3,2,2,2,2,2,3,4,3,5,1,2,2,2,2,2,2,1,2,3,4,3,3,4,4,2,2,5,5,5,5,1,1,1,1,5,1,1,1,5,5,5,5,5,1,1,1,1,5,2,5,5,2,2,5,5,5,5,5,1,5,2,2,5,5,5,5,5,5,5,2,2,2,2,1,5,5,5,5,2,3,4,5,5,5,2,5,5,5,5,5,5,5,5,5,5,3,3,5,5,5,5,4,4,4,4,4,4,4,4,2,2,2,2,2,2,2,2","0.000785112380981445","louvain","edit-xhwikibooks.graphml"
"0.34","0.09","0.57","0.407599542481273","1,1,1,2,3,2,3,2,2,2,3,3,2,2,2,2,2,3,3,3,4,1,2,2,2,2,2,2,1,2,3,3,3,3,3,3,2,2,4,4,4,4,1,1,1,1,4,1,1,1,4,4,4,4,4,1,1,1,1,4,2,4,4,2,2,4,4,4,4,4,1,4,2,2,4,4,4,4,4,4,4,2,2,2,2,1,4,4,4,4,2,3,3,4,4,4,2,4,4,4,4,4,4,4,4,4,4,3,3,4,4,4,4,3,3,3,3,3,3,3,3,2,2,2,2,2,2,2,2","0.000711202621459961","louvain","edit-xhwikibooks.graphml"
"0.33","0.1","0.57","0.407599542481273","1,1,1,2,3,2,3,2,2,2,3,3,2,2,2,2,2,3,3,3,4,1,2,2,2,2,2,2,1,2,3,3,3,3,3,3,2,2,4,4,4,4,1,1,1,1,4,1,1,1,4,4,4,4,4,1,1,1,1,4,2,4,4,2,2,4,4,4,4,4,1,4,2,2,4,4,4,4,4,4,4,2,2,2,2,1,4,4,4,4,2,3,3,4,4,4,2,4,4,4,4,4,4,4,4,4,4,3,3,4,4,4,4,3,3,3,3,3,3,3,3,2,2,2,2,2,2,2,2","0.000900030136108398","louvain","edit-xhwikibooks.graphml"
"0.32","0.11","0.57","0.407422197830579","1,1,1,2,3,2,3,2,2,2,3,3,2,2,2,2,2,3,3,3,4,1,2,2,2,2,2,2,1,2,3,3,3,3,3,3,2,2,4,4,4,4,1,1,1,1,4,1,1,1,4,4,4,4,4,1,1,1,1,4,2,4,4,2,2,4,4,4,4,4,1,4,2,2,4,4,4,4,4,4,4,2,2,2,2,1,4,4,4,4,2,3,3,4,4,4,2,4,4,4,4,4,4,4,4,4,4,3,3,4,4,4,4,3,3,3,3,3,3,3,3,2,2,2,2,2,2,2,2","0.000738143920898438","louvain","edit-xhwikibooks.graphml"
"0.31","0.12","0.57","0.408619152469655","1,1,1,1,2,3,2,3,3,3,2,2,3,3,3,3,3,2,2,2,4,1,3,3,3,3,3,3,1,3,2,2,2,2,2,2,3,3,4,4,4,4,1,1,1,1,4,1,1,1,4,4,4,4,4,1,1,1,1,4,3,4,4,3,3,4,4,4,4,4,1,4,3,3,4,4,4,4,4,4,4,3,3,3,3,1,4,4,4,4,3,2,2,4,4,4,3,4,4,4,4,4,4,4,4,4,4,2,2,4,4,4,4,2,2,2,2,2,2,2,2,3,3,3,3,3,3,3,3","0.000665903091430664","louvain","edit-xhwikibooks.graphml"
"0.3","0.13","0.57","0.408213308836697","1,1,1,2,3,2,3,2,2,2,3,3,2,2,2,2,2,3,4,3,5,1,2,2,2,2,2,2,1,2,3,4,3,3,4,4,2,2,5,5,5,5,1,1,1,1,5,1,1,1,5,5,5,5,5,1,1,1,1,5,2,5,5,2,2,5,5,5,5,5,1,5,2,2,5,5,5,5,5,5,5,2,2,2,2,1,5,5,5,5,2,3,4,5,5,5,2,5,5,5,5,5,5,5,5,5,5,3,3,5,5,5,5,4,4,4,4,4,4,4,4,2,2,2,2,2,2,2,2","0.000709056854248047","louvain","edit-xhwikibooks.graphml"
"0.29","0.14","0.57","0.407230804602594","1,1,1,2,3,2,3,2,2,2,3,3,2,2,2,2,2,3,3,3,4,1,2,2,2,2,2,2,1,2,3,3,3,3,3,3,2,2,4,4,4,4,1,1,1,1,4,1,1,1,4,4,4,4,4,1,1,1,1,4,2,4,4,2,2,4,4,4,4,4,1,4,2,2,4,4,4,4,4,4,4,2,2,2,2,1,4,4,4,4,2,3,3,4,4,4,2,4,4,4,4,4,4,4,4,4,4,3,3,4,4,4,4,3,3,3,3,3,3,3,3,2,2,2,2,2,2,2,2","0.000735998153686523","louvain","edit-xhwikibooks.graphml"
"0.28","0.15","0.57","0.404188115356207","1,1,1,2,3,2,3,2,2,2,3,3,2,2,2,2,2,3,3,3,4,1,2,2,2,2,2,2,1,2,3,3,3,3,3,3,2,2,4,4,4,4,1,1,1,1,4,1,1,1,4,4,4,4,4,1,1,1,1,4,2,4,4,2,2,4,4,4,4,4,1,4,2,2,4,4,4,4,4,4,4,2,2,2,2,1,4,4,4,4,2,3,3,4,4,4,2,4,4,4,4,4,4,4,4,4,4,3,3,4,4,4,4,3,3,3,3,3,3,3,3,2,2,2,2,2,2,2,2","0.000830888748168945","louvain","edit-xhwikibooks.graphml"
"0.27","0.16","0.57","0.404764367920465","1,1,1,2,3,2,3,2,2,2,3,3,2,2,2,2,2,3,3,3,4,1,2,2,2,2,2,2,1,2,3,3,3,3,3,3,2,2,4,4,4,4,1,1,1,1,4,1,1,1,4,4,4,4,4,1,1,1,1,4,2,4,4,2,2,4,4,4,4,4,1,4,2,2,4,4,4,4,4,4,4,2,2,2,2,1,4,4,4,4,2,3,3,4,4,4,2,4,4,4,4,4,4,4,4,4,4,3,3,4,4,4,4,3,3,3,3,3,3,3,3,2,2,2,2,2,2,2,2","0.000721931457519531","louvain","edit-xhwikibooks.graphml"
"0.26","0.17","0.57","0.40534850596849","1,1,1,2,3,2,3,2,2,2,3,3,2,2,2,2,2,3,4,3,5,1,2,2,2,2,2,2,1,2,3,4,3,3,4,4,2,2,5,5,5,5,1,1,1,1,5,1,1,1,5,5,5,5,5,1,1,1,1,5,2,5,5,2,2,5,5,5,5,5,1,5,2,2,5,5,5,5,5,5,5,2,2,2,2,1,5,5,5,5,2,3,4,5,5,5,2,5,5,5,5,5,5,5,5,5,5,3,3,5,5,5,5,4,4,4,4,4,4,4,4,2,2,2,2,2,2,2,2","0.000781059265136719","louvain","edit-xhwikibooks.graphml"
"0.25","0.18","0.57","0.40534850596849","1,1,1,2,3,2,3,2,2,2,3,3,2,2,2,2,2,3,4,3,5,1,2,2,2,2,2,2,1,2,3,4,3,3,4,4,2,2,5,5,5,5,1,1,1,1,5,1,1,1,5,5,5,5,5,1,1,1,1,5,2,5,5,2,2,5,5,5,5,5,1,5,2,2,5,5,5,5,5,5,5,2,2,2,2,1,5,5,5,5,2,3,4,5,5,5,2,5,5,5,5,5,5,5,5,5,5,3,3,5,5,5,5,4,4,4,4,4,4,4,4,2,2,2,2,2,2,2,2","0.000874996185302734","louvain","edit-xhwikibooks.graphml"
"0.24","0.19","0.57","0.404989235899125","1,1,2,2,3,2,3,2,2,2,3,3,2,2,2,2,2,3,4,3,5,1,2,2,2,2,2,2,1,2,3,4,3,3,4,4,2,2,5,5,5,5,1,1,1,1,5,1,1,1,5,5,5,5,5,1,1,1,1,5,2,5,5,2,2,5,5,5,5,5,1,5,2,2,5,5,5,5,5,5,5,2,2,2,2,1,5,5,5,5,2,3,4,5,5,5,2,5,5,5,5,5,5,5,5,5,5,3,3,5,5,5,5,4,4,4,4,4,4,4,4,2,2,2,2,2,2,2,2","0.000638961791992188","louvain","edit-xhwikibooks.graphml"
"0.23","0.2","0.57","0.406247772982738","1,1,1,2,3,2,3,2,2,2,3,3,2,2,2,2,2,3,4,3,5,1,2,2,2,2,2,2,1,2,3,4,3,3,4,4,2,2,5,5,5,5,1,1,1,1,5,1,1,1,5,5,5,5,5,1,1,1,1,5,2,5,5,2,2,5,5,5,5,5,1,5,2,2,5,5,5,5,5,5,5,2,2,2,2,1,5,5,5,5,2,3,4,5,5,5,2,5,5,5,5,5,5,5,5,5,5,3,3,5,5,5,5,4,4,4,4,4,4,4,4,2,2,2,2,2,2,2,2","0.000659942626953125","louvain","edit-xhwikibooks.graphml"
"0.22","0.21","0.57","0.406069584789754","1,1,1,2,3,2,3,2,2,2,3,3,2,2,2,2,2,3,4,3,5,1,2,2,2,2,2,2,1,2,3,4,3,3,4,4,2,2,5,5,5,5,1,1,1,1,5,1,1,1,5,5,5,5,5,1,1,1,1,5,2,5,5,2,2,5,5,5,5,5,1,5,2,2,5,5,5,5,5,5,5,2,2,2,2,1,5,5,5,5,2,3,4,5,5,5,2,5,5,5,5,5,5,5,5,5,5,3,3,5,5,5,5,4,4,4,4,4,4,4,4,2,2,2,2,2,2,2,2","0.000755071640014648","louvain","edit-xhwikibooks.graphml"
"0.21","0.22","0.57","0.405256287033231","1,1,1,2,1,2,1,2,2,2,1,1,2,2,2,2,2,1,3,1,4,1,2,2,2,2,2,2,1,2,1,3,1,1,3,3,2,2,4,4,4,4,1,1,1,1,4,1,1,1,4,4,4,4,4,1,1,1,1,4,2,4,4,2,2,4,4,4,4,4,1,4,2,2,4,4,4,4,4,4,4,2,2,2,2,1,4,4,4,4,2,1,3,4,4,4,2,4,4,4,4,4,4,4,4,4,4,1,1,4,4,4,4,3,3,3,3,3,3,3,3,2,2,2,2,2,2,2,2","0.000716924667358398","louvain","edit-xhwikibooks.graphml"
"0.2","0.23","0.57","0.406999975924693","1,1,1,2,3,2,3,2,2,2,3,3,2,2,2,2,2,3,4,3,5,1,2,2,2,2,2,2,1,2,3,4,3,3,4,4,2,2,5,5,5,5,1,1,1,1,5,1,1,1,5,5,5,5,5,1,1,1,1,5,2,5,5,2,2,5,5,5,5,5,1,5,2,2,5,5,5,5,5,5,5,2,2,2,2,1,5,5,5,5,2,3,4,5,5,5,2,5,5,5,5,5,5,5,5,5,5,3,3,5,5,5,5,4,4,4,4,4,4,4,4,2,2,2,2,2,2,2,2","0.000699043273925781","louvain","edit-xhwikibooks.graphml"
"0.19","0.24","0.57","0.407568754977946","1,1,1,2,3,2,3,2,2,2,3,3,2,2,2,2,2,3,4,3,5,1,2,2,2,2,2,2,1,2,3,4,3,3,4,4,2,2,5,5,5,5,1,1,1,1,5,1,1,1,5,5,5,5,5,1,1,1,1,5,2,5,5,2,2,5,5,5,5,5,1,5,2,2,5,5,5,5,5,5,5,2,2,2,2,1,5,5,5,5,2,3,4,5,5,5,2,5,5,5,5,5,5,5,5,5,5,3,3,5,5,5,5,4,4,4,4,4,4,4,4,2,2,2,2,2,2,2,2","0.000707864761352539","louvain","edit-xhwikibooks.graphml"
"0.18","0.25","0.57","0.408986083181717","1,1,1,2,3,2,3,2,2,2,3,3,2,2,2,2,2,3,4,3,5,1,2,2,2,2,2,2,1,2,3,4,3,3,4,4,2,2,5,5,5,5,1,1,1,1,5,1,1,1,5,5,5,5,5,1,1,1,1,5,2,5,5,2,2,5,5,5,5,5,1,5,2,2,5,5,5,5,5,5,5,2,2,2,2,1,5,5,5,5,2,3,4,5,5,5,2,5,5,5,5,5,5,5,5,5,5,3,3,5,5,5,5,4,4,4,4,4,4,4,4,2,2,2,2,2,2,2,2","0.000733137130737305","louvain","edit-xhwikibooks.graphml"
"0.17","0.26","0.57","0.408227999616968","1,1,1,1,1,2,1,2,2,2,1,1,2,2,2,2,2,1,3,1,4,1,2,2,2,2,2,2,1,2,1,3,1,1,3,3,2,2,4,4,4,4,1,1,1,1,4,1,1,1,4,4,4,4,4,1,1,1,1,4,2,4,4,2,2,4,4,4,4,4,1,4,2,2,4,4,4,4,4,4,4,2,2,2,2,1,4,4,4,4,2,1,3,4,4,4,2,4,4,4,4,4,4,4,4,4,4,1,1,4,4,4,4,3,3,3,3,3,3,3,3,2,2,2,2,2,2,2,2","0.000706911087036133","louvain","edit-xhwikibooks.graphml"
"0.16","0.27","0.57","0.408265983593476","1,2,1,1,3,1,3,1,1,1,3,3,1,1,1,1,1,3,3,3,4,2,1,1,1,1,1,1,2,1,3,3,3,3,3,3,1,1,4,4,4,4,2,2,2,2,4,2,2,2,4,4,4,4,4,2,2,2,2,4,1,4,4,1,1,4,4,4,4,4,2,4,1,1,4,4,4,4,4,4,4,1,1,1,1,2,4,4,4,4,1,3,3,4,4,4,1,4,4,4,4,4,4,4,4,4,4,3,3,4,4,4,4,3,3,3,3,3,3,3,3,1,1,1,1,1,1,1,1","0.000721931457519531","louvain","edit-xhwikibooks.graphml"
"0.15","0.28","0.57","0.408277793737432","1,1,1,2,3,2,3,2,2,2,3,3,2,2,2,2,2,3,4,3,5,1,2,2,2,2,2,2,1,2,3,4,3,3,4,4,2,2,5,5,5,5,1,1,1,1,5,1,1,1,5,5,5,5,5,1,1,1,1,5,2,5,5,2,2,5,5,5,5,5,1,5,2,2,5,5,5,5,5,5,5,2,2,2,2,1,5,5,5,5,2,3,4,5,5,5,2,5,5,5,5,5,5,5,5,5,5,3,3,5,5,5,5,4,4,4,4,4,4,4,4,2,2,2,2,2,2,2,2","0.000756978988647461","louvain","edit-xhwikibooks.graphml"
"0.14","0.29","0.57","0.408014140253439","1,1,1,2,1,2,1,2,2,2,1,1,2,2,2,2,2,1,3,1,4,1,2,2,2,2,2,2,1,2,1,3,1,1,3,3,2,2,4,4,4,4,1,1,1,1,4,1,1,1,4,4,4,4,4,1,1,1,1,4,2,4,4,2,2,4,4,4,4,4,1,4,2,2,4,4,4,4,4,4,4,2,2,2,2,1,4,4,4,4,2,1,3,4,4,4,2,4,4,4,4,4,4,4,4,4,4,1,1,4,4,4,4,3,3,3,3,3,3,3,3,2,2,2,2,2,2,2,2","0.000722169876098633","louvain","edit-xhwikibooks.graphml"
"0.13","0.3","0.57","0.408013413929993","1,1,1,2,3,2,3,2,2,2,4,3,2,2,2,2,2,4,4,3,5,1,2,2,2,2,2,2,1,2,4,4,3,3,4,4,2,2,5,5,5,5,1,1,1,1,5,1,1,1,5,5,5,5,5,1,1,1,1,5,2,5,5,2,2,5,5,5,5,5,1,5,2,2,5,5,5,5,5,5,5,2,2,2,2,1,5,5,5,5,2,4,4,5,5,5,2,5,5,5,5,5,5,5,5,5,5,3,3,5,5,5,5,4,4,4,4,4,4,4,4,2,2,2,2,2,2,2,2","0.000712871551513672","louvain","edit-xhwikibooks.graphml"
"0.12","0.31","0.57","0.408578515049758","1,1,1,2,3,2,3,2,2,2,4,3,2,2,2,2,2,4,4,3,5,1,2,2,2,2,2,2,1,2,4,4,3,3,4,4,2,2,5,5,5,5,1,1,1,1,5,1,1,1,5,5,5,5,5,1,1,1,1,5,2,5,5,2,2,5,5,5,5,5,1,5,2,2,5,5,5,5,5,5,5,2,2,2,2,1,5,5,5,5,2,4,4,5,5,5,2,5,5,5,5,5,5,5,5,5,5,3,3,5,5,5,5,4,4,4,4,4,4,4,4,2,2,2,2,2,2,2,2","0.000875949859619141","louvain","edit-xhwikibooks.graphml"
"0.11","0.32","0.57","0.407897302681159","1,2,1,1,3,1,3,1,1,1,4,3,1,1,1,1,1,4,4,3,5,2,1,1,1,1,1,1,2,1,4,4,3,3,4,4,1,1,5,5,5,5,2,2,2,2,5,2,2,2,5,5,5,5,5,2,2,2,2,5,1,5,5,1,1,5,5,5,5,5,2,5,1,1,5,5,5,5,5,5,5,1,1,1,1,2,5,5,5,5,1,4,4,5,5,5,1,5,5,5,5,5,5,5,5,5,5,3,3,5,5,5,5,4,4,4,4,4,4,4,4,1,1,1,1,1,1,1,1","0.00071406364440918","louvain","edit-xhwikibooks.graphml"
"0.1","0.33","0.57","0.408840192026223","1,1,1,2,3,2,3,2,2,2,3,3,2,2,2,2,2,3,4,3,5,1,2,2,2,2,2,2,1,2,3,4,3,3,4,4,2,2,5,5,5,5,1,1,1,1,5,1,1,1,5,5,5,5,5,1,1,1,1,5,2,5,5,2,2,5,5,5,5,5,1,5,2,2,5,5,5,5,5,5,5,2,2,2,2,1,5,5,5,5,2,3,4,5,5,5,2,5,5,5,5,5,5,5,5,5,5,3,3,5,5,5,5,4,4,4,4,4,4,4,4,2,2,2,2,2,2,2,2","0.000754833221435547","louvain","edit-xhwikibooks.graphml"
"0.09","0.34","0.57","0.415559828386109","1,1,1,2,1,2,1,2,2,2,1,1,2,2,2,2,2,1,3,1,4,1,2,2,2,2,2,2,1,2,1,3,1,1,3,3,2,2,4,4,4,4,1,1,1,1,4,1,1,1,4,4,4,4,4,1,1,1,1,4,2,4,4,2,2,4,4,4,4,4,1,4,2,2,4,4,4,4,4,4,4,2,2,2,2,1,4,4,4,4,2,1,3,4,4,4,2,4,4,4,4,4,4,4,4,4,4,1,1,4,4,4,4,3,3,3,3,3,3,3,3,2,2,2,2,2,2,2,2","0.000739097595214844","louvain","edit-xhwikibooks.graphml"
"0.08","0.35","0.57","0.415954736773619","1,2,1,1,3,1,3,1,1,1,3,3,1,1,1,1,1,3,4,3,5,2,1,1,1,1,1,1,2,1,3,4,3,3,4,4,1,1,5,5,5,5,2,2,2,2,5,2,2,2,5,5,5,5,5,2,2,2,2,5,1,5,5,1,1,5,5,5,5,5,2,5,1,1,5,5,5,5,5,5,5,1,1,1,1,2,5,5,5,5,1,3,4,5,5,5,1,5,5,5,5,5,5,5,5,5,5,3,3,5,5,5,5,4,4,4,4,4,4,4,4,1,1,1,1,1,1,1,1","0.000737905502319336","louvain","edit-xhwikibooks.graphml"
"0.07","0.36","0.57","0.41637246028526","1,1,1,2,3,2,3,2,2,2,4,3,2,2,2,2,2,4,4,3,5,1,2,2,2,2,2,2,1,2,4,4,3,3,4,4,2,2,5,5,5,5,1,1,1,1,5,1,1,1,5,5,5,5,5,1,1,1,1,5,2,5,5,2,2,5,5,5,5,5,1,5,2,2,5,5,5,5,5,5,5,2,2,2,2,1,5,5,5,5,2,4,4,5,5,5,2,5,5,5,5,5,5,5,5,5,5,3,3,5,5,5,5,4,4,4,4,4,4,4,4,2,2,2,2,2,2,2,2","0.000733852386474609","louvain","edit-xhwikibooks.graphml"
"0.06","0.37","0.57","0.416657163005648","1,1,1,1,2,3,2,3,3,3,4,2,3,3,3,3,3,4,4,2,5,1,3,3,3,3,3,3,1,3,4,4,2,2,4,4,3,3,5,5,5,5,1,1,1,1,5,1,1,1,5,5,5,5,5,1,1,1,1,5,3,5,5,3,3,5,5,5,5,5,1,5,3,3,5,5,5,5,5,5,5,3,3,3,3,1,5,5,5,5,3,4,4,5,5,5,3,5,5,5,5,5,5,5,5,5,5,2,2,5,5,5,5,4,4,4,4,4,4,4,4,3,3,3,3,3,3,3,3","0.000789880752563477","louvain","edit-xhwikibooks.graphml"
"0.05","0.38","0.57","0.416874941481227","1,1,1,2,3,2,3,2,2,2,3,3,2,2,2,2,2,3,4,3,5,1,2,2,2,2,2,2,1,2,3,4,3,3,4,4,2,2,5,5,5,5,1,1,1,1,5,1,1,1,5,5,5,5,5,1,1,1,1,5,2,5,5,2,2,5,5,5,5,5,1,5,2,2,5,5,5,5,5,5,5,2,2,2,2,1,5,5,5,5,2,3,4,5,5,5,2,5,5,5,5,5,5,5,5,5,5,3,3,5,5,5,5,4,4,4,4,4,4,4,4,2,2,2,2,2,2,2,2","0.000717878341674805","louvain","edit-xhwikibooks.graphml"
"0.04","0.39","0.57","0.416922069245664","1,1,1,2,3,2,3,2,2,2,4,3,2,2,2,2,2,4,4,3,5,1,2,2,2,2,2,2,1,2,4,4,3,3,4,4,2,2,5,5,5,5,1,1,1,1,5,1,1,1,5,5,5,5,5,1,1,1,1,5,2,5,5,2,2,5,5,5,5,5,1,5,2,2,5,5,5,5,5,5,5,2,2,2,2,1,5,5,5,5,2,4,4,5,5,5,2,5,5,5,5,5,5,5,5,5,5,3,3,5,5,5,5,4,4,4,4,4,4,4,4,2,2,2,2,2,2,2,2","0.000776052474975586","louvain","edit-xhwikibooks.graphml"
"0.03","0.4","0.57","0.417765647662405","1,1,1,2,3,2,3,2,2,2,4,3,2,2,2,2,2,4,4,3,5,1,2,2,2,2,2,2,1,2,4,4,3,3,4,4,2,2,5,5,5,5,1,1,1,1,5,1,1,1,5,5,5,5,5,1,1,1,1,5,2,5,5,2,2,5,5,5,5,5,1,5,2,2,5,5,5,5,5,5,5,2,2,2,2,1,5,5,5,5,2,4,4,5,5,5,2,5,5,5,5,5,5,5,5,5,5,3,3,5,5,5,5,4,4,4,4,4,4,4,4,2,2,2,2,2,2,2,2","0.000873088836669922","louvain","edit-xhwikibooks.graphml"
"0.02","0.41","0.57","0.417765647662405","1,1,1,2,3,2,3,2,2,2,4,3,2,2,2,2,2,4,4,3,5,1,2,2,2,2,2,2,1,2,4,4,3,3,4,4,2,2,5,5,5,5,1,1,1,1,5,1,1,1,5,5,5,5,5,1,1,1,1,5,2,5,5,2,2,5,5,5,5,5,1,5,2,2,5,5,5,5,5,5,5,2,2,2,2,1,5,5,5,5,2,4,4,5,5,5,2,5,5,5,5,5,5,5,5,5,5,3,3,5,5,5,5,4,4,4,4,4,4,4,4,2,2,2,2,2,2,2,2","0.000769853591918945","louvain","edit-xhwikibooks.graphml"
"0.01","0.42","0.57","0.417588007541841","1,1,1,2,3,2,3,2,2,2,4,3,2,2,2,2,2,4,4,3,5,1,2,2,2,2,2,2,1,2,4,4,3,3,4,4,2,2,5,5,5,5,1,1,1,1,5,1,1,1,5,5,5,5,5,1,1,1,1,5,2,5,5,2,2,5,5,5,5,5,1,5,2,2,5,5,5,5,5,5,5,2,2,2,2,1,5,5,5,5,2,4,4,5,5,5,2,5,5,5,5,5,5,5,5,5,5,3,3,5,5,5,5,4,4,4,4,4,4,4,4,2,2,2,2,2,2,2,2","0.000790834426879883","louvain","edit-xhwikibooks.graphml"
"0","0.43","0.57","0.41936045771351","1,1,1,1,1,2,3,2,2,2,4,3,2,2,2,2,2,4,4,3,5,1,2,2,2,2,2,2,1,2,4,4,3,3,4,4,2,2,5,5,5,5,1,1,1,1,5,1,1,1,5,5,5,5,5,1,1,1,1,5,2,5,5,2,2,5,5,5,5,5,1,5,2,2,5,5,5,5,5,5,5,2,2,2,2,1,5,5,5,5,2,4,4,5,5,5,2,5,5,5,5,5,5,5,5,5,5,3,3,5,5,5,5,4,4,4,4,4,4,4,4,2,2,2,2,2,2,2,2","0.00082707405090332","louvain","edit-xhwikibooks.graphml"
"0.42","0","0.58","0.403700040338797","1,2,1,1,3,1,3,1,1,1,3,3,1,1,1,1,1,3,3,3,4,2,1,1,1,1,1,1,2,1,3,3,3,3,3,3,1,1,4,4,4,4,2,2,2,2,4,2,2,2,4,4,4,4,4,2,2,2,2,4,1,4,4,1,1,4,4,4,4,4,2,4,1,1,4,4,4,4,4,4,4,1,1,1,1,2,4,4,4,4,1,3,3,4,4,4,1,4,4,4,4,4,4,4,4,4,4,3,3,4,4,4,4,3,3,3,3,3,3,3,3,1,1,1,1,1,1,1,1","0.000710964202880859","louvain","edit-xhwikibooks.graphml"
"0.41","0.01","0.58","0.404301920803629","1,1,1,1,2,3,2,3,3,3,2,2,3,3,3,3,3,2,2,2,4,1,3,3,3,3,3,3,1,3,2,2,2,2,2,2,3,3,4,4,4,4,1,1,1,1,4,1,1,1,4,4,4,4,4,1,1,1,1,4,3,4,4,3,3,4,4,4,4,4,1,4,3,3,4,4,4,4,4,4,4,3,3,3,3,1,4,4,4,4,3,2,2,4,4,4,3,4,4,4,4,4,4,4,4,4,4,2,2,4,4,4,4,2,2,2,2,2,2,2,2,3,3,3,3,3,3,3,3","0.000905990600585938","louvain","edit-xhwikibooks.graphml"
"0.4","0.02","0.58","0.404301920803629","1,1,1,1,2,3,2,3,3,3,2,2,3,3,3,3,3,2,2,2,4,1,3,3,3,3,3,3,1,3,2,2,2,2,2,2,3,3,4,4,4,4,1,1,1,1,4,1,1,1,4,4,4,4,4,1,1,1,1,4,3,4,4,3,3,4,4,4,4,4,1,4,3,3,4,4,4,4,4,4,4,3,3,3,3,1,4,4,4,4,3,2,2,4,4,4,3,4,4,4,4,4,4,4,4,4,4,2,2,4,4,4,4,2,2,2,2,2,2,2,2,3,3,3,3,3,3,3,3","0.000782012939453125","louvain","edit-xhwikibooks.graphml"
"0.39","0.03","0.58","0.40398828145939","1,2,1,1,3,1,3,1,1,1,3,3,1,1,1,1,1,3,4,3,5,2,1,1,1,1,1,1,2,1,3,4,3,3,4,4,1,1,5,5,5,5,2,2,2,2,5,2,2,2,5,5,5,5,5,2,2,2,2,5,1,5,5,1,1,5,5,5,5,5,2,5,1,1,5,5,5,5,5,5,5,1,1,1,1,2,5,5,5,5,1,3,4,5,5,5,1,5,5,5,5,5,5,5,5,5,5,3,3,5,5,5,5,4,4,4,4,4,4,4,4,1,1,1,1,1,1,1,1","0.000654935836791992","louvain","edit-xhwikibooks.graphml"
"0.38","0.04","0.58","0.403569805661545","1,2,1,1,3,1,3,1,1,1,3,4,1,1,1,1,1,3,3,4,5,2,1,1,1,1,1,1,2,1,3,3,4,4,3,3,1,1,5,5,5,5,2,2,2,2,5,2,2,2,5,5,5,5,5,2,2,2,2,5,1,5,5,1,1,5,5,5,5,5,2,5,1,1,5,5,5,5,5,5,5,1,1,1,1,2,5,5,5,5,1,3,3,5,5,5,1,5,5,5,5,5,5,5,5,5,5,4,4,5,5,5,5,3,3,3,3,3,3,3,3,1,1,1,1,1,1,1,1","0.000713109970092773","louvain","edit-xhwikibooks.graphml"
"0.37","0.05","0.58","0.403816251385395","1,2,1,1,3,1,3,1,1,1,3,3,1,1,1,1,1,3,4,3,5,2,1,1,1,1,1,1,2,1,3,4,3,3,4,4,1,1,5,5,5,5,2,2,2,2,5,2,2,2,5,5,5,5,5,2,2,2,2,5,1,5,5,1,1,5,5,5,5,5,2,5,1,1,5,5,5,5,5,5,5,1,1,1,1,2,5,5,5,5,1,3,4,5,5,5,1,5,5,5,5,5,5,5,5,5,5,3,3,5,5,5,5,4,4,4,4,4,4,4,4,1,1,1,1,1,1,1,1","0.000792980194091797","louvain","edit-xhwikibooks.graphml"
"0.36","0.06","0.58","0.403890483907819","1,1,1,2,3,2,3,2,2,2,3,4,2,2,2,2,2,3,3,4,5,1,2,2,2,2,2,2,1,2,3,3,4,4,3,3,2,2,5,5,5,5,1,1,1,1,5,1,1,1,5,5,5,5,5,1,1,1,1,5,2,5,5,2,2,5,5,5,5,5,1,5,2,2,5,5,5,5,5,5,5,2,2,2,2,1,5,5,5,5,2,3,3,5,5,5,2,5,5,5,5,5,5,5,5,5,5,4,4,5,5,5,5,3,3,3,3,3,3,3,3,2,2,2,2,2,2,2,2","0.000717878341674805","louvain","edit-xhwikibooks.graphml"
"0.35","0.07","0.58","0.402107841640975","1,1,1,2,3,2,3,2,2,2,3,3,2,2,2,2,2,3,3,3,4,1,2,2,2,2,2,2,1,2,3,3,3,3,3,3,2,2,4,4,4,4,1,1,1,1,4,1,1,1,4,4,4,4,4,1,1,1,1,4,2,4,4,2,2,4,4,4,4,4,1,4,2,2,4,4,4,4,4,4,4,2,2,2,2,1,4,4,4,4,2,3,3,4,4,4,2,4,4,4,4,4,4,4,4,4,4,3,3,4,4,4,4,3,3,3,3,3,3,3,3,2,2,2,2,2,2,2,2","0.00072789192199707","louvain","edit-xhwikibooks.graphml"
"0.34","0.08","0.58","0.40213618780378","1,1,1,2,1,2,1,2,2,2,1,1,2,2,2,2,2,1,3,1,4,1,2,2,2,2,2,2,1,2,1,3,1,1,3,3,2,2,4,4,4,4,1,1,1,1,4,1,1,1,4,4,4,4,4,1,1,1,1,4,2,4,4,2,2,4,4,4,4,4,1,4,2,2,4,4,4,4,4,4,4,2,2,2,2,1,4,4,4,4,2,1,3,4,4,4,2,4,4,4,4,4,4,4,4,4,4,1,1,4,4,4,4,3,3,3,3,3,3,3,3,2,2,2,2,2,2,2,2","0.00070500373840332","louvain","edit-xhwikibooks.graphml"
"0.33","0.09","0.58","0.402512314536584","1,1,1,2,1,2,1,2,2,2,1,1,2,2,2,2,2,1,3,1,4,1,2,2,2,2,2,2,1,2,1,3,1,1,3,3,2,2,4,4,4,4,1,1,1,1,4,1,1,1,4,4,4,4,4,1,1,1,1,4,2,4,4,2,2,4,4,4,4,4,1,4,2,2,4,4,4,4,4,4,4,2,2,2,2,1,4,4,4,4,2,1,3,4,4,4,2,4,4,4,4,4,4,4,4,4,4,1,1,4,4,4,4,3,3,3,3,3,3,3,3,2,2,2,2,2,2,2,2","0.000707864761352539","louvain","edit-xhwikibooks.graphml"
"0.32","0.1","0.58","0.403063886516727","1,1,1,2,3,2,3,2,2,2,3,3,2,2,2,2,2,3,3,3,4,1,2,2,2,2,2,2,1,2,3,3,3,3,3,3,2,2,4,4,4,4,1,1,1,1,4,1,1,1,4,4,4,4,4,1,1,1,1,4,2,4,4,2,2,4,4,4,4,4,1,4,2,2,4,4,4,4,4,4,4,2,2,2,2,1,4,4,4,4,2,3,3,4,4,4,2,4,4,4,4,4,4,4,4,4,4,3,3,4,4,4,4,3,3,3,3,3,3,3,3,2,2,2,2,2,2,2,2","0.000720024108886719","louvain","edit-xhwikibooks.graphml"
"0.31","0.11","0.58","0.403348967785775","1,1,1,2,3,2,3,2,2,2,3,3,2,2,2,2,2,3,4,3,5,1,2,2,2,2,2,2,1,2,3,4,3,3,4,4,2,2,5,5,5,5,1,1,1,1,5,1,1,1,5,5,5,5,5,1,1,1,1,5,2,5,5,2,2,5,5,5,5,5,1,5,2,2,5,5,5,5,5,5,5,2,2,2,2,1,5,5,5,5,2,3,4,5,5,5,2,5,5,5,5,5,5,5,5,5,5,3,3,5,5,5,5,4,4,4,4,4,4,4,4,2,2,2,2,2,2,2,2","0.000725984573364258","louvain","edit-xhwikibooks.graphml"
"0.3","0.12","0.58","0.404432910351453","1,1,1,2,3,2,3,2,2,2,3,3,2,2,2,2,2,3,4,3,5,1,2,2,2,2,2,2,1,2,3,4,3,3,4,4,2,2,5,5,5,5,1,1,1,1,5,1,1,1,5,5,5,5,5,1,1,1,1,5,2,5,5,2,2,5,5,5,5,5,1,5,2,2,5,5,5,5,5,5,5,2,2,2,2,1,5,5,5,5,2,3,4,5,5,5,2,5,5,5,5,5,5,5,5,5,5,3,3,5,5,5,5,4,4,4,4,4,4,4,4,2,2,2,2,2,2,2,2","0.000880002975463867","louvain","edit-xhwikibooks.graphml"
"0.29","0.13","0.58","0.399974512377522","1,1,1,2,3,2,3,2,2,2,3,3,2,2,2,2,2,3,3,3,4,1,2,2,2,2,2,2,1,2,3,3,3,3,3,3,2,2,4,4,4,4,1,1,1,1,4,1,1,1,4,4,4,4,4,1,1,1,1,4,2,4,4,2,2,4,4,4,4,4,1,4,2,2,4,4,4,4,4,4,4,2,2,2,2,1,4,4,4,4,2,3,3,4,4,4,2,4,4,4,4,4,4,4,4,4,4,3,3,4,4,4,4,3,3,3,3,3,3,3,3,2,2,2,2,2,2,2,2","0.000643014907836914","louvain","edit-xhwikibooks.graphml"
"0.28","0.14","0.58","0.400919620906778","1,1,1,2,3,2,3,2,2,2,3,3,2,2,2,2,2,3,4,3,5,1,2,2,2,2,2,2,1,2,3,4,3,3,4,4,2,2,5,5,5,5,1,1,1,1,5,1,1,1,5,5,5,5,5,1,1,1,1,5,2,5,5,2,2,5,5,5,5,5,1,5,2,2,5,5,5,5,5,5,5,2,2,2,2,1,5,5,5,5,2,3,4,5,5,5,2,5,5,5,5,5,5,5,5,5,5,3,3,5,5,5,5,4,4,4,4,4,4,4,4,2,2,2,2,2,2,2,2","0.000792026519775391","louvain","edit-xhwikibooks.graphml"
"0.27","0.15","0.58","0.400817815374479","1,1,1,2,1,2,1,2,2,2,1,1,2,2,2,2,2,1,3,1,4,1,2,2,2,2,2,2,1,2,1,3,1,1,3,3,2,2,4,4,4,4,1,1,1,1,4,1,1,1,4,4,4,4,4,1,1,1,1,4,2,4,4,2,2,4,4,4,4,4,1,4,2,2,4,4,4,4,4,4,4,2,2,2,2,1,4,4,4,4,2,1,3,4,4,4,2,4,4,4,4,4,4,4,4,4,4,1,1,4,4,4,4,3,3,3,3,3,3,3,3,2,2,2,2,2,2,2,2","0.000651121139526367","louvain","edit-xhwikibooks.graphml"
"0.26","0.16","0.58","0.397645352629277","1,1,1,2,3,2,3,2,2,2,3,3,2,2,2,2,2,3,4,3,5,1,2,2,2,2,2,2,1,2,3,4,3,3,4,4,2,2,5,5,5,5,1,1,1,1,5,1,1,1,5,5,5,5,5,1,1,1,1,5,2,5,5,2,2,5,5,5,5,5,1,5,2,2,5,5,5,5,5,5,5,2,2,2,2,1,5,5,5,5,2,3,4,5,5,5,2,5,5,5,5,5,5,5,5,5,5,3,3,5,5,5,5,4,4,4,4,4,4,4,4,2,2,2,2,2,2,2,2","0.000716924667358398","louvain","edit-xhwikibooks.graphml"
"0.25","0.17","0.58","0.398044835171835","1,1,1,2,3,2,3,2,2,2,3,3,2,2,2,2,2,3,4,3,5,1,2,2,2,2,2,2,1,2,3,4,3,3,4,4,2,2,5,5,5,5,1,1,1,1,5,1,1,1,5,5,5,5,5,1,1,1,1,5,2,5,5,2,2,5,5,5,5,5,1,5,2,2,5,5,5,5,5,5,5,2,2,2,2,1,5,5,5,5,2,3,4,5,5,5,2,5,5,5,5,5,5,5,5,5,5,3,3,5,5,5,5,4,4,4,4,4,4,4,4,2,2,2,2,2,2,2,2","0.000735998153686523","louvain","edit-xhwikibooks.graphml"
"0.24","0.18","0.58","0.397901813919857","1,1,1,2,3,2,3,2,2,2,3,3,2,2,2,2,2,3,3,3,4,1,2,2,2,2,2,2,1,2,3,3,3,3,3,3,2,2,4,4,4,4,1,1,1,1,4,1,1,1,4,4,4,4,4,1,1,1,1,4,2,4,4,2,2,4,4,4,4,4,1,4,2,2,4,4,4,4,4,4,4,2,2,2,2,1,4,4,4,4,2,3,3,4,4,4,2,4,4,4,4,4,4,4,4,4,4,3,3,4,4,4,4,3,3,3,3,3,3,3,3,2,2,2,2,2,2,2,2","0.000719070434570312","louvain","edit-xhwikibooks.graphml"
"0.23","0.19","0.58","0.397873236696296","1,1,1,2,3,2,3,2,2,2,3,3,2,2,2,2,2,3,4,3,5,1,2,2,2,2,2,2,1,2,3,4,3,3,4,4,2,2,5,5,5,5,1,1,1,1,5,1,1,1,5,5,5,5,5,1,1,1,1,5,2,5,5,2,2,5,5,5,5,5,1,5,2,2,5,5,5,5,5,5,5,2,2,2,2,1,5,5,5,5,2,3,4,5,5,5,2,5,5,5,5,5,5,5,5,5,5,3,3,5,5,5,5,4,4,4,4,4,4,4,4,2,2,2,2,2,2,2,2","0.000756978988647461","louvain","edit-xhwikibooks.graphml"
"0.22","0.2","0.58","0.398943103079882","1,1,1,2,3,2,3,2,2,2,3,3,2,2,2,2,2,3,4,3,5,1,2,2,2,2,2,2,1,2,3,4,3,3,4,4,2,2,5,5,5,5,1,1,1,1,5,1,1,1,5,5,5,5,5,1,1,1,1,5,2,5,5,2,2,5,5,5,5,5,1,5,2,2,5,5,5,5,5,5,5,2,2,2,2,1,5,5,5,5,2,3,4,5,5,5,2,5,5,5,5,5,5,5,5,5,5,3,3,5,5,5,5,4,4,4,4,4,4,4,4,2,2,2,2,2,2,2,2","0.000826120376586914","louvain","edit-xhwikibooks.graphml"
"0.21","0.21","0.58","0.398771572338013","1,1,1,2,3,2,3,2,2,2,3,3,2,2,2,2,2,3,4,3,5,1,2,2,2,2,2,2,1,2,3,4,3,3,4,4,2,2,5,5,5,5,1,1,1,1,5,1,1,1,5,5,5,5,5,1,1,1,1,5,2,5,5,2,2,5,5,5,5,5,1,5,2,2,5,5,5,5,5,5,5,2,2,2,2,1,5,5,5,5,2,3,4,5,5,5,2,5,5,5,5,5,5,5,5,5,5,3,3,5,5,5,5,4,4,4,4,4,4,4,4,2,2,2,2,2,2,2,2","0.000730037689208984","louvain","edit-xhwikibooks.graphml"
"0.2","0.22","0.58","0.398771572338013","1,1,1,2,3,2,3,2,2,2,3,3,2,2,2,2,2,3,4,3,5,1,2,2,2,2,2,2,1,2,3,4,3,3,4,4,2,2,5,5,5,5,1,1,1,1,5,1,1,1,5,5,5,5,5,1,1,1,1,5,2,5,5,2,2,5,5,5,5,5,1,5,2,2,5,5,5,5,5,5,5,2,2,2,2,1,5,5,5,5,2,3,4,5,5,5,2,5,5,5,5,5,5,5,5,5,5,3,3,5,5,5,5,4,4,4,4,4,4,4,4,2,2,2,2,2,2,2,2","0.000808954238891602","louvain","edit-xhwikibooks.graphml"
"0.19","0.23","0.58","0.399258252815892","1,1,1,1,2,3,2,3,3,3,2,2,3,3,3,3,3,2,4,2,5,1,3,3,3,3,3,3,1,3,2,4,2,2,4,4,3,3,5,5,5,5,1,1,1,1,5,1,1,1,5,5,5,5,5,1,1,1,1,5,3,5,5,3,3,5,5,5,5,5,1,5,3,3,5,5,5,5,5,5,5,3,3,3,3,1,5,5,5,5,3,2,4,5,5,5,3,5,5,5,5,5,5,5,5,5,5,2,2,5,5,5,5,4,4,4,4,4,4,4,4,3,3,3,3,3,3,3,3","0.000778913497924805","louvain","edit-xhwikibooks.graphml"
"0.18","0.24","0.58","0.399559988524875","1,1,2,2,3,2,3,2,2,2,3,3,2,2,2,2,2,3,4,3,5,1,2,2,2,2,2,2,1,2,3,4,3,3,4,4,2,2,5,5,5,5,1,1,1,1,5,1,1,1,5,5,5,5,5,1,1,1,1,5,2,5,5,2,2,5,5,5,5,5,1,5,2,2,5,5,5,5,5,5,5,2,2,2,2,1,5,5,5,5,2,3,4,5,5,5,2,5,5,5,5,5,5,5,5,5,5,3,3,5,5,5,5,4,4,4,4,4,4,4,4,2,2,2,2,2,2,2,2","0.000946044921875","louvain","edit-xhwikibooks.graphml"
"0.17","0.25","0.58","0.401242585754725","1,1,1,1,2,3,2,3,3,3,2,2,3,3,3,3,3,2,4,2,5,1,3,3,3,3,3,3,1,3,2,4,2,2,4,4,3,3,5,5,5,5,1,1,1,1,5,1,1,1,5,5,5,5,5,1,1,1,1,5,3,5,5,3,3,5,5,5,5,5,1,5,3,3,5,5,5,5,5,5,5,3,3,3,3,1,5,5,5,5,3,2,4,5,5,5,3,5,5,5,5,5,5,5,5,5,5,2,2,5,5,5,5,4,4,4,4,4,4,4,4,3,3,3,3,3,3,3,3","0.000767946243286133","louvain","edit-xhwikibooks.graphml"
"0.16","0.26","0.58","0.409178995816539","1,1,1,2,3,2,3,2,2,2,3,3,2,2,2,2,2,3,4,3,5,1,2,2,2,2,2,2,1,2,3,4,3,3,4,4,2,2,5,5,5,5,1,1,1,1,5,1,1,1,5,5,5,5,5,1,1,1,1,5,2,5,5,2,2,5,5,5,5,5,1,5,2,2,5,5,5,5,5,5,5,2,2,2,2,1,5,5,5,5,2,3,4,5,5,5,2,5,5,5,5,5,5,5,5,5,5,3,3,5,5,5,5,4,4,4,4,4,4,4,4,2,2,2,2,2,2,2,2","0.000825881958007812","louvain","edit-xhwikibooks.graphml"
"0.15","0.27","0.58","0.409178995816539","1,1,1,2,3,2,3,2,2,2,3,3,2,2,2,2,2,3,4,3,5,1,2,2,2,2,2,2,1,2,3,4,3,3,4,4,2,2,5,5,5,5,1,1,1,1,5,1,1,1,5,5,5,5,5,1,1,1,1,5,2,5,5,2,2,5,5,5,5,5,1,5,2,2,5,5,5,5,5,5,5,2,2,2,2,1,5,5,5,5,2,3,4,5,5,5,2,5,5,5,5,5,5,5,5,5,5,3,3,5,5,5,5,4,4,4,4,4,4,4,4,2,2,2,2,2,2,2,2","0.000770092010498047","louvain","edit-xhwikibooks.graphml"
"0.14","0.28","0.58","0.402675941593031","1,1,1,2,3,2,3,2,2,2,3,3,2,2,2,2,2,3,2,3,4,1,2,2,2,2,2,2,1,2,3,2,3,3,2,2,5,2,4,4,4,4,1,1,1,1,4,1,1,1,4,4,4,4,4,1,1,1,1,4,2,4,4,2,2,4,4,4,4,4,1,4,2,2,4,4,4,4,4,4,4,2,2,2,2,1,4,4,4,4,2,3,2,4,4,4,2,4,4,4,4,4,4,4,4,4,4,3,3,4,4,4,4,2,2,2,2,2,2,2,2,5,5,5,5,5,5,5,5","0.000758886337280273","louvain","edit-xhwikibooks.graphml"
"0.13","0.29","0.58","0.410094028962507","1,1,1,2,3,2,3,2,2,2,3,3,2,2,2,2,2,3,4,3,5,1,2,2,2,2,2,2,1,2,3,4,3,3,4,4,2,2,5,5,5,5,1,1,1,1,5,1,1,1,5,5,5,5,5,1,1,1,1,5,2,5,5,2,2,5,5,5,5,5,1,5,2,2,5,5,5,5,5,5,5,2,2,2,2,1,5,5,5,5,2,3,4,5,5,5,2,5,5,5,5,5,5,5,5,5,5,3,3,5,5,5,5,4,4,4,4,4,4,4,4,2,2,2,2,2,2,2,2","0.000718116760253906","louvain","edit-xhwikibooks.graphml"
"0.12","0.3","0.58","0.409916409230176","1,1,1,2,3,2,3,2,2,2,3,3,2,2,2,2,2,3,4,3,5,1,2,2,2,2,2,2,1,2,3,4,3,3,4,4,2,2,5,5,5,5,1,1,1,1,5,1,1,1,5,5,5,5,5,1,1,1,1,5,2,5,5,2,2,5,5,5,5,5,1,5,2,2,5,5,5,5,5,5,5,2,2,2,2,1,5,5,5,5,2,3,4,5,5,5,2,5,5,5,5,5,5,5,5,5,5,3,3,5,5,5,5,4,4,4,4,4,4,4,4,2,2,2,2,2,2,2,2","0.00077509880065918","louvain","edit-xhwikibooks.graphml"
"0.11","0.31","0.58","0.41047711820742","1,1,1,2,3,2,3,2,2,2,3,3,2,2,2,2,2,3,4,3,5,1,2,2,2,2,2,2,1,2,3,4,3,3,4,4,2,2,5,5,5,5,1,1,1,1,5,1,1,1,5,5,5,5,5,1,1,1,1,5,2,5,5,2,2,5,5,5,5,5,1,5,2,2,5,5,5,5,5,5,5,2,2,2,2,1,5,5,5,5,2,3,4,5,5,5,2,5,5,5,5,5,5,5,5,5,5,3,3,5,5,5,5,4,4,4,4,4,4,4,4,2,2,2,2,2,2,2,2","0.000921010971069336","louvain","edit-xhwikibooks.graphml"
"0.1","0.32","0.58","0.410095233455773","1,1,1,2,3,2,3,2,2,2,3,3,2,2,2,2,2,3,3,3,4,1,2,2,2,2,2,2,1,2,3,3,3,3,3,3,2,2,4,4,4,4,1,1,1,1,4,1,1,1,4,4,4,4,4,1,1,1,1,4,2,4,4,2,2,4,4,4,4,4,1,4,2,2,4,4,4,4,4,4,4,2,2,2,2,1,4,4,4,4,2,3,3,4,4,4,2,4,4,4,4,4,4,4,4,4,4,3,3,4,4,4,4,3,3,3,3,3,3,3,3,2,2,2,2,2,2,2,2","0.000703096389770508","louvain","edit-xhwikibooks.graphml"
"0.09","0.33","0.58","0.409095973021226","1,1,1,1,2,3,2,3,3,3,2,2,3,3,3,3,3,2,4,2,5,1,3,3,3,3,3,3,1,3,2,4,2,2,4,4,3,3,5,5,5,5,1,1,1,1,5,1,1,1,5,5,5,5,5,1,1,1,1,5,3,5,5,3,3,5,5,5,5,5,1,5,3,3,5,5,5,5,5,5,5,3,3,3,3,1,5,5,5,5,3,2,4,5,5,5,3,5,5,5,5,5,5,5,5,5,5,2,2,5,5,5,5,4,4,4,4,4,4,4,4,3,3,3,3,3,3,3,3","0.000697851181030273","louvain","edit-xhwikibooks.graphml"
"0.08","0.34","0.58","0.41668981423028","1,1,1,2,3,2,3,2,2,2,4,3,2,2,2,2,2,4,4,3,5,1,2,2,2,2,2,2,1,2,4,4,3,3,4,4,2,2,5,5,5,5,1,1,1,1,5,1,1,1,5,5,5,5,5,1,1,1,1,5,2,5,5,2,2,5,5,5,5,5,1,5,2,2,5,5,5,5,5,5,5,2,2,2,2,1,5,5,5,5,2,4,4,5,5,5,2,5,5,5,5,5,5,5,5,5,5,3,3,5,5,5,5,4,4,4,4,4,4,4,4,2,2,2,2,2,2,2,2","0.000713109970092773","louvain","edit-xhwikibooks.graphml"
"0.07","0.35","0.58","0.41628438114638","1,1,1,2,3,2,3,2,2,2,3,3,2,2,2,2,2,3,3,3,4,1,2,2,2,2,2,2,1,2,3,3,3,3,3,3,2,2,4,4,4,4,1,1,1,1,4,1,1,1,4,4,4,4,4,1,1,1,1,4,2,4,4,2,2,4,4,4,4,4,1,4,2,2,4,4,4,4,4,4,4,2,2,2,2,1,4,4,4,4,2,3,3,4,4,4,2,4,4,4,4,4,4,4,4,4,4,3,3,4,4,4,4,3,3,3,3,3,3,3,3,2,2,2,2,2,2,2,2","0.000686168670654297","louvain","edit-xhwikibooks.graphml"
"0.06","0.36","0.58","0.416512314154177","1,1,1,2,3,2,3,2,2,2,4,3,2,2,2,2,2,4,4,3,5,1,2,2,2,2,2,2,1,2,4,4,3,3,4,4,2,2,5,5,5,5,1,1,1,1,5,1,1,1,5,5,5,5,5,1,1,1,1,5,2,5,5,2,2,5,5,5,5,5,1,5,2,2,5,5,5,5,5,5,5,2,2,2,2,1,5,5,5,5,2,4,4,5,5,5,2,5,5,5,5,5,5,5,5,5,5,3,3,5,5,5,5,4,4,4,4,4,4,4,4,2,2,2,2,2,2,2,2","0.000746011734008789","louvain","edit-xhwikibooks.graphml"
"0.05","0.37","0.58","0.416512314154177","1,1,1,2,3,2,3,2,2,2,4,3,2,2,2,2,2,4,4,3,5,1,2,2,2,2,2,2,1,2,4,4,3,3,4,4,2,2,5,5,5,5,1,1,1,1,5,1,1,1,5,5,5,5,5,1,1,1,1,5,2,5,5,2,2,5,5,5,5,5,1,5,2,2,5,5,5,5,5,5,5,2,2,2,2,1,5,5,5,5,2,4,4,5,5,5,2,5,5,5,5,5,5,5,5,5,5,3,3,5,5,5,5,4,4,4,4,4,4,4,4,2,2,2,2,2,2,2,2","0.000715970993041992","louvain","edit-xhwikibooks.graphml"
"0.04","0.38","0.58","0.416324226223693","1,1,1,2,3,2,3,2,2,2,3,3,2,2,2,2,2,3,4,3,5,1,2,2,2,2,2,2,1,2,3,4,3,3,4,4,2,2,5,5,5,5,1,1,1,1,5,1,1,1,5,5,5,5,5,1,1,1,1,5,2,5,5,2,2,5,5,5,5,5,1,5,2,2,5,5,5,5,5,5,5,2,2,2,2,1,5,5,5,5,2,3,4,5,5,5,2,5,5,5,5,5,5,5,5,5,5,3,3,5,5,5,5,4,4,4,4,4,4,4,4,2,2,2,2,2,2,2,2","0.000726222991943359","louvain","edit-xhwikibooks.graphml"
"0.03","0.39","0.58","0.416872767585663","1,1,1,2,3,2,3,2,2,2,3,3,2,2,2,2,2,3,4,3,5,1,2,2,2,2,2,2,1,2,3,4,3,3,4,4,2,2,5,5,5,5,1,1,1,1,5,1,1,1,5,5,5,5,5,1,1,1,1,5,2,5,5,2,2,5,5,5,5,5,1,5,2,2,5,5,5,5,5,5,5,2,2,2,2,1,5,5,5,5,2,3,4,5,5,5,2,5,5,5,5,5,5,5,5,5,5,3,3,5,5,5,5,4,4,4,4,4,4,4,4,2,2,2,2,2,2,2,2","0.000715970993041992","louvain","edit-xhwikibooks.graphml"
"0.02","0.4","0.58","0.416623367443614","1,2,1,1,3,1,3,1,1,1,4,3,1,1,1,1,1,4,4,3,5,2,1,1,1,1,1,1,2,1,4,4,3,3,4,4,1,1,5,5,5,5,2,2,2,2,5,2,2,2,5,5,5,5,5,2,2,2,2,5,1,5,5,1,1,5,5,5,5,5,2,5,1,1,5,5,5,5,5,5,5,1,1,1,1,2,5,5,5,5,1,4,4,5,5,5,1,5,5,5,5,5,5,5,5,5,5,3,3,5,5,5,5,4,4,4,4,4,4,4,4,1,1,1,1,1,1,1,1","0.000731945037841797","louvain","edit-xhwikibooks.graphml"
"0.01","0.41","0.58","0.417714941890169","1,1,1,2,3,2,3,2,2,2,3,3,2,2,2,2,2,3,4,3,5,1,2,2,2,2,2,2,1,2,3,4,3,3,4,4,2,2,5,5,5,5,1,1,1,1,5,1,1,1,5,5,5,5,5,1,1,1,1,5,2,5,5,2,2,5,5,5,5,5,1,5,2,2,5,5,5,5,5,5,5,2,2,2,2,1,5,5,5,5,2,3,4,5,5,5,2,5,5,5,5,5,5,5,5,5,5,3,3,5,5,5,5,4,4,4,4,4,4,4,4,2,2,2,2,2,2,2,2","0.000808954238891602","louvain","edit-xhwikibooks.graphml"
"0","0.42","0.58","0.419282138485061","1,1,1,1,1,2,3,2,2,2,4,3,2,2,2,2,2,4,4,3,5,1,2,2,2,2,2,2,1,2,4,4,3,3,4,4,2,2,5,5,5,5,1,1,1,1,5,1,1,1,5,5,5,5,5,1,1,1,1,5,2,5,5,2,2,5,5,5,5,5,1,5,2,2,5,5,5,5,5,5,5,2,2,2,2,1,5,5,5,5,2,4,4,5,5,5,2,5,5,5,5,5,5,5,5,5,5,3,3,5,5,5,5,4,4,4,4,4,4,4,4,2,2,2,2,2,2,2,2","0.000823974609375","louvain","edit-xhwikibooks.graphml"
"0.41","0","0.59","0.413397764869091","1,1,2,2,3,2,3,2,2,2,3,4,2,2,2,2,2,3,3,4,5,1,2,2,2,2,2,2,1,2,3,3,4,4,3,3,2,2,5,5,5,5,1,1,1,1,5,1,1,1,5,5,5,5,5,1,1,1,1,5,2,5,5,2,2,5,5,5,5,5,1,5,2,2,5,5,5,5,5,5,5,2,2,2,2,1,5,5,5,5,2,3,3,5,5,5,2,5,5,5,5,5,5,5,5,5,5,4,4,5,5,5,5,3,3,3,3,3,3,3,3,2,2,2,2,2,2,2,2","0.00088810920715332","louvain","edit-xhwikibooks.graphml"
"0.4","0.01","0.59","0.413580261627353","1,2,1,1,3,1,3,1,1,1,3,3,1,1,1,1,1,3,4,3,5,2,1,1,1,1,1,1,2,1,3,4,3,3,4,4,1,1,5,5,5,5,2,2,2,2,5,2,2,2,5,5,5,5,5,2,2,2,2,5,1,5,5,1,1,5,5,5,5,5,2,5,1,1,5,5,5,5,5,5,5,1,1,1,1,2,5,5,5,5,1,3,4,5,5,5,1,5,5,5,5,5,5,5,5,5,5,3,3,5,5,5,5,4,4,4,4,4,4,4,4,1,1,1,1,1,1,1,1","0.00073695182800293","louvain","edit-xhwikibooks.graphml"
"0.39","0.02","0.59","0.413580261627353","1,2,1,1,3,1,3,1,1,1,3,3,1,1,1,1,1,3,4,3,5,2,1,1,1,1,1,1,2,1,3,4,3,3,4,4,1,1,5,5,5,5,2,2,2,2,5,2,2,2,5,5,5,5,5,2,2,2,2,5,1,5,5,1,1,5,5,5,5,5,2,5,1,1,5,5,5,5,5,5,5,1,1,1,1,2,5,5,5,5,1,3,4,5,5,5,1,5,5,5,5,5,5,5,5,5,5,3,3,5,5,5,5,4,4,4,4,4,4,4,4,1,1,1,1,1,1,1,1","0.000664949417114258","louvain","edit-xhwikibooks.graphml"
"0.38","0.03","0.59","0.412875395585985","1,2,1,1,3,1,3,1,1,1,3,3,1,1,1,1,1,3,3,3,4,2,1,1,1,1,1,1,2,1,3,3,3,3,3,3,1,1,4,4,4,4,2,2,2,2,4,2,2,2,4,4,4,4,4,2,2,2,2,4,1,4,4,1,1,4,4,4,4,4,2,4,1,1,4,4,4,4,4,4,4,1,1,1,1,2,4,4,4,4,1,3,3,4,4,4,1,4,4,4,4,4,4,4,4,4,4,3,3,4,4,4,4,3,3,3,3,3,3,3,3,1,1,1,1,1,1,1,1","0.000729799270629883","louvain","edit-xhwikibooks.graphml"
"0.37","0.04","0.59","0.41368063052083","1,1,2,2,3,2,3,2,2,2,3,3,2,2,2,2,2,3,4,3,5,1,2,2,2,2,2,2,1,2,3,4,3,3,4,4,2,2,5,5,5,5,1,1,1,1,5,1,1,1,5,5,5,5,5,1,1,1,1,5,2,5,5,2,2,5,5,5,5,5,1,5,2,2,5,5,5,5,5,5,5,2,2,2,2,1,5,5,5,5,2,3,4,5,5,5,2,5,5,5,5,5,5,5,5,5,5,3,3,5,5,5,5,4,4,4,4,4,4,4,4,2,2,2,2,2,2,2,2","0.000741958618164062","louvain","edit-xhwikibooks.graphml"
"0.36","0.05","0.59","0.413235278378002","1,2,1,1,3,1,3,1,1,1,3,3,1,1,1,1,1,3,4,3,5,2,1,1,1,1,1,1,2,1,3,4,3,3,4,4,1,1,5,5,5,5,2,2,2,2,5,2,2,2,5,5,5,5,5,2,2,2,2,5,1,5,5,1,1,5,5,5,5,5,2,5,1,1,5,5,5,5,5,5,5,1,1,1,1,2,5,5,5,5,1,3,4,5,5,5,1,5,5,5,5,5,5,5,5,5,5,3,3,5,5,5,5,4,4,4,4,4,4,4,4,1,1,1,1,1,1,1,1","0.000658035278320312","louvain","edit-xhwikibooks.graphml"
"0.35","0.06","0.59","0.405608082636353","1,2,1,1,3,1,3,1,1,1,3,3,1,1,1,1,1,3,1,3,4,2,1,1,1,1,1,1,2,1,3,1,3,3,1,1,5,1,4,4,4,4,2,2,2,2,4,2,2,2,4,4,4,4,4,2,2,2,2,4,1,4,4,1,1,4,4,4,4,4,2,4,1,1,4,4,4,4,4,4,4,1,1,1,1,2,4,4,4,4,1,3,1,4,4,4,1,4,4,4,4,4,4,4,4,4,4,3,3,4,4,4,4,1,1,1,1,1,1,1,1,5,5,5,5,5,5,5,5","0.000952005386352539","louvain","edit-xhwikibooks.graphml"
"0.34","0.07","0.59","0.413335313203008","1,1,2,2,3,2,3,2,2,2,3,3,2,2,2,2,2,3,4,3,5,1,2,2,2,2,2,2,1,2,3,4,3,3,4,4,2,2,5,5,5,5,1,1,1,1,5,1,1,1,5,5,5,5,5,1,1,1,1,5,2,5,5,2,2,5,5,5,5,5,1,5,2,2,5,5,5,5,5,5,5,2,2,2,2,1,5,5,5,5,2,3,4,5,5,5,2,5,5,5,5,5,5,5,5,5,5,3,3,5,5,5,5,4,4,4,4,4,4,4,4,2,2,2,2,2,2,2,2","0.000731945037841797","louvain","edit-xhwikibooks.graphml"
"0.33","0.08","0.59","0.413078154888196","1,2,1,1,3,1,3,1,1,1,3,3,1,1,1,1,1,3,3,3,4,2,1,1,1,1,1,1,2,1,3,3,3,3,3,3,1,1,4,4,4,4,2,2,2,2,4,2,2,2,4,4,4,4,4,2,2,2,2,4,1,4,4,1,1,4,4,4,4,4,2,4,1,1,4,4,4,4,4,4,4,1,1,1,1,2,4,4,4,4,1,3,3,4,4,4,1,4,4,4,4,4,4,4,4,4,4,3,3,4,4,4,4,3,3,3,3,3,3,3,3,1,1,1,1,1,1,1,1","0.000725030899047852","louvain","edit-xhwikibooks.graphml"
"0.32","0.09","0.59","0.403630089933966","1,2,1,1,3,1,3,1,1,1,3,3,1,1,1,1,1,3,3,3,4,2,1,1,1,1,1,1,2,1,3,3,3,3,3,3,1,1,4,4,4,4,2,2,2,2,4,2,2,2,4,4,4,4,4,2,2,2,2,4,1,4,4,1,1,4,4,4,4,4,2,4,1,1,4,4,4,4,4,4,4,1,1,1,1,2,4,4,4,4,1,3,3,4,4,4,1,4,4,4,4,4,4,4,4,4,4,3,3,4,4,4,4,3,3,3,3,3,3,3,3,1,1,1,1,1,1,1,1","0.000718116760253906","louvain","edit-xhwikibooks.graphml"
"0.31","0.1","0.59","0.404432783762425","1,2,1,1,3,1,3,1,1,1,3,3,1,1,1,1,1,3,4,3,5,2,1,1,1,1,1,1,2,1,3,4,3,3,4,4,1,1,5,5,5,5,2,2,2,2,5,2,2,2,5,5,5,5,5,2,2,2,2,5,1,5,5,1,1,5,5,5,5,5,2,5,1,1,5,5,5,5,5,5,5,1,1,1,1,2,5,5,5,5,1,3,4,5,5,5,1,5,5,5,5,5,5,5,5,5,5,3,3,5,5,5,5,4,4,4,4,4,4,4,4,1,1,1,1,1,1,1,1","0.000790119171142578","louvain","edit-xhwikibooks.graphml"
"0.3","0.11","0.59","0.404261141859445","1,2,1,1,3,1,3,1,1,1,3,3,1,1,1,1,1,3,4,3,5,2,1,1,1,1,1,1,2,1,3,4,3,3,4,4,1,1,5,5,5,5,2,2,2,2,5,2,2,2,5,5,5,5,5,2,2,2,2,5,1,5,5,1,1,5,5,5,5,5,2,5,1,1,5,5,5,5,5,5,5,1,1,1,1,2,5,5,5,5,1,3,4,5,5,5,1,5,5,5,5,5,5,5,5,5,5,3,3,5,5,5,5,4,4,4,4,4,4,4,4,1,1,1,1,1,1,1,1","0.000735044479370117","louvain","edit-xhwikibooks.graphml"
"0.29","0.12","0.59","0.405455933747502","1,1,1,1,2,3,2,3,3,3,2,2,3,3,3,3,3,2,2,2,4,1,3,3,3,3,3,3,1,3,2,2,2,2,2,2,3,3,4,4,4,4,1,1,1,1,4,1,1,1,4,4,4,4,4,1,1,1,1,4,3,4,4,3,3,4,4,4,4,4,1,4,3,3,4,4,4,4,4,4,4,3,3,3,3,1,4,4,4,4,3,2,2,4,4,4,3,4,4,4,4,4,4,4,4,4,4,2,2,4,4,4,4,2,2,2,2,2,2,2,2,3,3,3,3,3,3,3,3","0.000853061676025391","louvain","edit-xhwikibooks.graphml"
"0.28","0.13","0.59","0.404698911101177","1,2,1,1,3,1,3,1,1,1,3,3,1,1,1,1,1,3,3,3,4,2,1,1,1,1,1,1,2,1,3,3,3,3,3,3,1,1,4,4,4,4,2,2,2,2,4,2,2,2,4,4,4,4,4,2,2,2,2,4,1,4,4,1,1,4,4,4,4,4,2,4,1,1,4,4,4,4,4,4,4,1,1,1,1,2,4,4,4,4,1,3,3,4,4,4,1,4,4,4,4,4,4,4,4,4,4,3,3,4,4,4,4,3,3,3,3,3,3,3,3,1,1,1,1,1,1,1,1","0.000674962997436523","louvain","edit-xhwikibooks.graphml"
"0.27","0.14","0.59","0.404646180246926","1,1,1,2,3,2,3,2,2,2,3,3,2,2,2,2,2,3,4,3,5,1,2,2,2,2,2,2,1,2,3,4,3,3,4,4,2,2,5,5,5,5,1,1,1,1,5,1,1,1,5,5,5,5,5,1,1,1,1,5,2,5,5,2,2,5,5,5,5,5,1,5,2,2,5,5,5,5,5,5,5,2,2,2,2,1,5,5,5,5,2,3,4,5,5,5,2,5,5,5,5,5,5,5,5,5,5,3,3,5,5,5,5,4,4,4,4,4,4,4,4,2,2,2,2,2,2,2,2","0.000751972198486328","louvain","edit-xhwikibooks.graphml"
"0.26","0.15","0.59","0.405074549264328","1,1,1,2,3,2,3,2,2,2,3,3,2,2,2,2,2,3,3,3,4,1,2,2,2,2,2,2,1,2,3,3,3,3,3,3,2,2,4,4,4,4,1,1,1,1,4,1,1,1,4,4,4,4,4,1,1,1,1,4,2,4,4,2,2,4,4,4,4,4,1,4,2,2,4,4,4,4,4,4,4,2,2,2,2,1,4,4,4,4,2,3,3,4,4,4,2,4,4,4,4,4,4,4,4,4,4,3,3,4,4,4,4,3,3,3,3,3,3,3,3,2,2,2,2,2,2,2,2","0.000749826431274414","louvain","edit-xhwikibooks.graphml"
"0.25","0.16","0.59","0.405630769628887","1,1,1,2,3,2,3,2,2,2,3,3,2,2,2,2,2,3,3,3,4,1,2,2,2,2,2,2,1,2,3,3,3,3,3,3,2,2,4,4,4,4,1,1,1,1,4,1,1,1,4,4,4,4,4,1,1,1,1,4,2,4,4,2,2,4,4,4,4,4,1,4,2,2,4,4,4,4,4,4,4,2,2,2,2,1,4,4,4,4,2,3,3,4,4,4,2,4,4,4,4,4,4,4,4,4,4,3,3,4,4,4,4,3,3,3,3,3,3,3,3,2,2,2,2,2,2,2,2","0.000721931457519531","louvain","edit-xhwikibooks.graphml"
"0.24","0.17","0.59","0.40599872396322","1,1,1,2,3,2,3,2,2,2,3,3,2,2,2,2,2,3,3,3,4,1,2,2,2,2,2,2,1,2,3,3,3,3,3,3,2,2,4,4,4,4,1,1,1,1,4,1,1,1,4,4,4,4,4,1,1,1,1,4,2,4,4,2,2,4,4,4,4,4,1,4,2,2,4,4,4,4,4,4,4,2,2,2,2,1,4,4,4,4,2,3,3,4,4,4,2,4,4,4,4,4,4,4,4,4,4,3,3,4,4,4,4,3,3,3,3,3,3,3,3,2,2,2,2,2,2,2,2","0.000738859176635742","louvain","edit-xhwikibooks.graphml"
"0.23","0.18","0.59","0.405553462188028","1,2,1,1,3,1,3,1,1,1,3,4,1,1,1,1,1,3,3,4,5,2,1,1,1,1,1,1,2,1,3,3,4,4,3,3,1,1,5,5,5,5,2,2,2,2,5,2,2,2,5,5,5,5,5,2,2,2,2,5,1,5,5,1,1,5,5,5,5,5,2,5,1,1,5,5,5,5,5,5,5,1,1,1,1,2,5,5,5,5,1,3,3,5,5,5,1,5,5,5,5,5,5,5,5,5,5,4,4,5,5,5,5,3,3,3,3,3,3,3,3,1,1,1,1,1,1,1,1","0.000732898712158203","louvain","edit-xhwikibooks.graphml"
"0.22","0.19","0.59","0.401626844834947","1,1,1,2,3,2,3,2,2,2,3,3,2,2,2,2,2,3,4,3,5,1,2,2,2,2,2,2,1,2,3,4,3,3,4,4,2,2,5,5,5,5,1,1,1,1,5,1,1,1,5,5,5,5,5,1,1,1,1,5,2,5,5,2,2,5,5,5,5,5,1,5,2,2,5,5,5,5,5,5,5,2,2,2,2,1,5,5,5,5,2,3,4,5,5,5,2,5,5,5,5,5,5,5,5,5,5,3,3,5,5,5,5,4,4,4,4,4,4,4,4,2,2,2,2,2,2,2,2","0.000711202621459961","louvain","edit-xhwikibooks.graphml"
"0.21","0.2","0.59","0.402683681459455","1,1,1,2,3,2,3,2,2,2,3,3,2,2,2,2,2,3,4,3,5,1,2,2,2,2,2,2,1,2,3,4,3,3,4,4,2,2,5,5,5,5,1,1,1,1,5,1,1,1,5,5,5,5,5,1,1,1,1,5,2,5,5,2,2,5,5,5,5,5,1,5,2,2,5,5,5,5,5,5,5,2,2,2,2,1,5,5,5,5,2,3,4,5,5,5,2,5,5,5,5,5,5,5,5,5,5,3,3,5,5,5,5,4,4,4,4,4,4,4,4,2,2,2,2,2,2,2,2","0.000705957412719727","louvain","edit-xhwikibooks.graphml"
"0.2","0.21","0.59","0.402298171430333","1,1,1,2,3,2,3,2,2,2,3,3,2,2,2,2,2,3,3,3,4,1,2,2,2,2,2,2,1,2,3,3,3,3,3,3,2,2,4,4,4,4,1,1,1,1,4,1,1,1,4,4,4,4,4,1,1,1,1,4,2,4,4,2,2,4,4,4,4,4,1,4,2,2,4,4,4,4,4,4,4,2,2,2,2,1,4,4,4,4,2,3,3,4,4,4,2,4,4,4,4,4,4,4,4,4,4,3,3,4,4,4,4,3,3,3,3,3,3,3,3,2,2,2,2,2,2,2,2","0.000796079635620117","louvain","edit-xhwikibooks.graphml"
"0.19","0.22","0.59","0.401762321303956","1,1,1,2,1,2,1,2,2,2,1,1,2,2,2,2,2,1,3,1,4,1,2,2,2,2,2,2,1,2,1,3,1,1,3,3,2,2,4,4,4,4,1,1,1,1,4,1,1,1,4,4,4,4,4,1,1,1,1,4,2,4,4,2,2,4,4,4,4,4,1,4,2,2,4,4,4,4,4,4,4,2,2,2,2,1,4,4,4,4,2,1,3,4,4,4,2,4,4,4,4,4,4,4,4,4,4,1,1,4,4,4,4,3,3,3,3,3,3,3,3,2,2,2,2,2,2,2,2","0.000854015350341797","louvain","edit-xhwikibooks.graphml"
"0.18","0.23","0.59","0.403423488500713","1,1,1,2,3,2,3,2,2,2,3,3,2,2,2,2,2,3,4,3,5,1,2,2,2,2,2,2,1,2,3,4,3,3,4,4,2,2,5,5,5,5,1,1,1,1,5,1,1,1,5,5,5,5,5,1,1,1,1,5,2,5,5,2,2,5,5,5,5,5,1,5,2,2,5,5,5,5,5,5,5,2,2,2,2,1,5,5,5,5,2,3,4,5,5,5,2,5,5,5,5,5,5,5,5,5,5,3,3,5,5,5,5,4,4,4,4,4,4,4,4,2,2,2,2,2,2,2,2","0.000749111175537109","louvain","edit-xhwikibooks.graphml"
"0.17","0.24","0.59","0.403980316122779","1,1,1,2,3,2,3,2,2,2,3,3,2,2,2,2,2,3,4,3,5,1,2,2,2,2,2,2,1,2,3,4,3,3,4,4,2,2,5,5,5,5,1,1,1,1,5,1,1,1,5,5,5,5,5,1,1,1,1,5,2,5,5,2,2,5,5,5,5,5,1,5,2,2,5,5,5,5,5,5,5,2,2,2,2,1,5,5,5,5,2,3,4,5,5,5,2,5,5,5,5,5,5,5,5,5,5,3,3,5,5,5,5,4,4,4,4,4,4,4,4,2,2,2,2,2,2,2,2","0.000754833221435547","louvain","edit-xhwikibooks.graphml"
"0.16","0.25","0.59","0.405155562026634","1,1,1,2,3,2,3,2,2,2,3,3,2,2,2,2,2,3,3,3,4,1,2,2,2,2,2,2,1,2,3,3,3,3,3,3,2,2,4,4,4,4,1,1,1,1,4,1,1,1,4,4,4,4,4,1,1,1,1,4,2,4,4,2,2,4,4,4,4,4,1,4,2,2,4,4,4,4,4,4,4,2,2,2,2,1,4,4,4,4,2,3,3,4,4,4,2,4,4,4,4,4,4,4,4,4,4,3,3,4,4,4,4,3,3,3,3,3,3,3,3,2,2,2,2,2,2,2,2","0.000785112380981445","louvain","edit-xhwikibooks.graphml"
"0.15","0.26","0.59","0.405373960920079","1,1,1,2,3,2,3,2,2,2,3,3,2,2,2,2,2,3,4,3,5,1,2,2,2,2,2,2,1,2,3,4,3,3,4,4,2,2,5,5,5,5,1,1,1,1,5,1,1,1,5,5,5,5,5,1,1,1,1,5,2,5,5,2,2,5,5,5,5,5,1,5,2,2,5,5,5,5,5,5,5,2,2,2,2,1,5,5,5,5,2,3,4,5,5,5,2,5,5,5,5,5,5,5,5,5,5,3,3,5,5,5,5,4,4,4,4,4,4,4,4,2,2,2,2,2,2,2,2","0.000752925872802734","louvain","edit-xhwikibooks.graphml"
"0.14","0.27","0.59","0.401504498249004","1,1,1,2,3,2,3,2,2,2,3,3,2,2,2,2,2,3,4,3,5,1,2,2,2,2,2,2,1,2,3,4,3,3,4,4,2,2,5,5,5,5,1,1,1,1,5,1,1,1,5,5,5,5,5,1,1,1,1,5,2,5,5,2,2,5,5,5,5,5,1,5,2,2,5,5,5,5,5,5,5,2,2,2,2,1,5,5,5,5,2,3,4,5,5,5,2,5,5,5,5,5,5,5,5,5,5,3,3,5,5,5,5,4,4,4,4,4,4,4,4,2,2,2,2,2,2,2,2","0.000725984573364258","louvain","edit-xhwikibooks.graphml"
"0.13","0.28","0.59","0.401333246482779","1,1,1,2,3,2,3,2,2,2,3,3,2,2,2,2,2,3,4,3,5,1,2,2,2,2,2,2,1,2,3,4,3,3,4,4,2,2,5,5,5,5,1,1,1,1,5,1,1,1,5,5,5,5,5,1,1,1,1,5,2,5,5,2,2,5,5,5,5,5,1,5,2,2,5,5,5,5,5,5,5,2,2,2,2,1,5,5,5,5,2,3,4,5,5,5,2,5,5,5,5,5,5,5,5,5,5,3,3,5,5,5,5,4,4,4,4,4,4,4,4,2,2,2,2,2,2,2,2","0.000717878341674805","louvain","edit-xhwikibooks.graphml"
"0.12","0.29","0.59","0.402206538309865","1,1,1,2,1,2,1,2,2,2,1,1,2,2,2,2,2,1,3,1,4,1,2,2,2,2,2,2,1,2,1,3,1,1,3,3,2,2,4,4,4,4,1,1,1,1,4,1,1,1,4,4,4,4,4,1,1,1,1,4,2,4,4,2,2,4,4,4,4,4,1,4,2,2,4,4,4,4,4,4,4,2,2,2,2,1,4,4,4,4,2,1,3,4,4,4,2,4,4,4,4,4,4,4,4,4,4,1,1,4,4,4,4,3,3,3,3,3,3,3,3,2,2,2,2,2,2,2,2","0.000730991363525391","louvain","edit-xhwikibooks.graphml"
"0.11","0.3","0.59","0.402805329330081","1,1,1,2,3,2,3,2,2,2,3,3,2,2,2,2,2,3,4,3,5,1,2,2,2,2,2,2,1,2,3,4,3,3,4,4,2,2,5,5,5,5,1,1,1,1,5,1,1,1,5,5,5,5,5,1,1,1,1,5,2,5,5,2,2,5,5,5,5,5,1,5,2,2,5,5,5,5,5,5,5,2,2,2,2,1,5,5,5,5,2,3,4,5,5,5,2,5,5,5,5,5,5,5,5,5,5,3,3,5,5,5,5,4,4,4,4,4,4,4,4,2,2,2,2,2,2,2,2","0.000829935073852539","louvain","edit-xhwikibooks.graphml"
"0.1","0.31","0.59","0.40268643272659","1,1,1,2,3,2,3,2,2,2,3,3,2,2,2,2,2,3,3,3,4,1,2,2,2,2,2,2,1,2,3,3,3,3,3,3,2,2,4,4,4,4,1,1,1,1,4,1,1,1,4,4,4,4,4,1,1,1,1,4,2,4,4,2,2,4,4,4,4,4,1,4,2,2,4,4,4,4,4,4,4,2,2,2,2,1,4,4,4,4,2,3,3,4,4,4,2,4,4,4,4,4,4,4,4,4,4,3,3,4,4,4,4,3,3,3,3,3,3,3,3,2,2,2,2,2,2,2,2","0.00086212158203125","louvain","edit-xhwikibooks.graphml"
"0.09","0.32","0.59","0.403221728203326","1,1,1,2,3,2,3,2,2,2,3,3,2,2,2,2,2,3,4,3,5,1,2,2,2,2,2,2,1,2,3,4,3,3,4,4,2,2,5,5,5,5,1,1,1,1,5,1,1,1,5,5,5,5,5,1,1,1,1,5,2,5,5,2,2,5,5,5,5,5,1,5,2,2,5,5,5,5,5,5,5,2,2,2,2,1,5,5,5,5,2,3,4,5,5,5,2,5,5,5,5,5,5,5,5,5,5,3,3,5,5,5,5,4,4,4,4,4,4,4,4,2,2,2,2,2,2,2,2","0.000792026519775391","louvain","edit-xhwikibooks.graphml"
"0.08","0.33","0.59","0.403392970467952","1,1,1,2,3,2,3,2,2,2,3,3,2,2,2,2,2,3,4,3,5,1,2,2,2,2,2,2,1,2,3,4,3,3,4,4,2,2,5,5,5,5,1,1,1,1,5,1,1,1,5,5,5,5,5,1,1,1,1,5,2,5,5,2,2,5,5,5,5,5,1,5,2,2,5,5,5,5,5,5,5,2,2,2,2,1,5,5,5,5,2,3,4,5,5,5,2,5,5,5,5,5,5,5,5,5,5,3,3,5,5,5,5,4,4,4,4,4,4,4,4,2,2,2,2,2,2,2,2","0.00081181526184082","louvain","edit-xhwikibooks.graphml"
"0.07","0.34","0.59","0.410939222802712","1,1,1,2,3,2,3,2,2,2,3,3,2,2,2,2,2,3,4,3,5,1,2,2,2,2,2,2,1,2,3,4,3,3,4,4,2,2,5,5,5,5,1,1,1,1,5,1,1,1,5,5,5,5,5,1,1,1,1,5,2,5,5,2,2,5,5,5,5,5,1,5,2,2,5,5,5,5,5,5,5,2,2,2,2,1,5,5,5,5,2,3,4,5,5,5,2,5,5,5,5,5,5,5,5,5,5,3,3,5,5,5,5,4,4,4,4,4,4,4,4,2,2,2,2,2,2,2,2","0.000803232192993164","louvain","edit-xhwikibooks.graphml"
"0.06","0.35","0.59","0.410939222802712","1,1,1,2,3,2,3,2,2,2,3,3,2,2,2,2,2,3,4,3,5,1,2,2,2,2,2,2,1,2,3,4,3,3,4,4,2,2,5,5,5,5,1,1,1,1,5,1,1,1,5,5,5,5,5,1,1,1,1,5,2,5,5,2,2,5,5,5,5,5,1,5,2,2,5,5,5,5,5,5,5,2,2,2,2,1,5,5,5,5,2,3,4,5,5,5,2,5,5,5,5,5,5,5,5,5,5,3,3,5,5,5,5,4,4,4,4,4,4,4,4,2,2,2,2,2,2,2,2","0.000921010971069336","louvain","edit-xhwikibooks.graphml"
"0.05","0.36","0.59","0.409038827341029","1,1,1,2,3,2,3,2,2,2,4,3,2,2,2,2,2,4,4,3,5,1,2,2,2,2,2,2,1,2,4,4,3,3,4,4,2,2,5,5,5,5,1,1,1,1,5,1,1,1,5,5,5,5,5,1,1,1,1,5,2,5,5,2,2,5,5,5,5,5,1,5,2,2,5,5,5,5,5,5,5,2,2,2,2,1,5,5,5,5,2,4,4,5,5,5,2,5,5,5,5,5,5,5,5,5,5,3,3,5,5,5,5,4,4,4,4,4,4,4,4,2,2,2,2,2,2,2,2","0.000762224197387695","louvain","edit-xhwikibooks.graphml"
"0.04","0.37","0.59","0.409514888136063","1,1,1,2,3,2,3,2,2,2,3,3,2,2,2,2,2,3,4,3,5,1,2,2,2,2,2,2,1,2,3,4,3,3,4,4,2,2,5,5,5,5,1,1,1,1,5,1,1,1,5,5,5,5,5,1,1,1,1,5,2,5,5,2,2,5,5,5,5,5,1,5,2,2,5,5,5,5,5,5,5,2,2,2,2,1,5,5,5,5,2,3,4,5,5,5,2,5,5,5,5,5,5,5,5,5,5,3,3,5,5,5,5,4,4,4,4,4,4,4,4,2,2,2,2,2,2,2,2","0.000764131546020508","louvain","edit-xhwikibooks.graphml"
"0.03","0.38","0.59","0.409343100189036","1,1,1,2,3,2,3,2,2,2,3,3,2,2,2,2,2,3,4,3,5,1,2,2,2,2,2,2,1,2,3,4,3,3,4,4,2,2,5,5,5,5,1,1,1,1,5,1,1,1,5,5,5,5,5,1,1,1,1,5,2,5,5,2,2,5,5,5,5,5,1,5,2,2,5,5,5,5,5,5,5,2,2,2,2,1,5,5,5,5,2,3,4,5,5,5,2,5,5,5,5,5,5,5,5,5,5,3,3,5,5,5,5,4,4,4,4,4,4,4,4,2,2,2,2,2,2,2,2","0.000723838806152344","louvain","edit-xhwikibooks.graphml"
"0.02","0.39","0.59","0.4094119077173","1,1,1,2,3,2,3,2,2,2,4,3,2,2,2,2,2,4,4,3,5,1,2,2,2,2,2,2,1,2,4,4,3,3,4,4,2,2,5,5,5,5,1,1,1,1,5,1,1,1,5,5,5,5,5,1,1,1,1,5,2,5,5,2,2,5,5,5,5,5,1,5,2,2,5,5,5,5,5,5,5,2,2,2,2,1,5,5,5,5,2,4,4,5,5,5,2,5,5,5,5,5,5,5,5,5,5,3,3,5,5,5,5,4,4,4,4,4,4,4,4,2,2,2,2,2,2,2,2","0.000711202621459961","louvain","edit-xhwikibooks.graphml"
"0.01","0.4","0.59","0.410256221738087","1,1,1,2,3,2,3,2,2,2,4,3,2,2,2,2,2,4,4,3,5,1,2,2,2,2,2,2,1,2,4,4,3,3,4,4,2,2,5,5,5,5,1,1,1,1,5,1,1,1,5,5,5,5,5,1,1,1,1,5,2,5,5,2,2,5,5,5,5,5,1,5,2,2,5,5,5,5,5,5,5,2,2,2,2,1,5,5,5,5,2,4,4,5,5,5,2,5,5,5,5,5,5,5,5,5,5,3,3,5,5,5,5,4,4,4,4,4,4,4,4,2,2,2,2,2,2,2,2","0.00069117546081543","louvain","edit-xhwikibooks.graphml"
"0","0.41","0.59","0.412504841368034","1,1,1,1,1,2,3,2,2,2,4,3,2,2,2,2,2,4,4,3,5,1,2,2,2,2,2,2,1,2,4,4,3,3,4,4,2,2,5,5,5,5,1,1,1,1,5,1,1,1,5,5,5,5,5,1,1,1,1,5,2,5,5,2,2,5,5,5,5,5,1,5,2,2,5,5,5,5,5,5,5,2,2,2,2,1,5,5,5,5,2,4,4,5,5,5,2,5,5,5,5,5,5,5,5,5,5,3,3,5,5,5,5,4,4,4,4,4,4,4,4,2,2,2,2,2,2,2,2","0.000756978988647461","louvain","edit-xhwikibooks.graphml"
"0.4","0","0.6","0.406828999584813","1,2,1,1,3,1,3,1,1,1,3,3,1,1,1,1,1,3,3,3,4,2,1,1,1,1,1,1,2,1,3,3,3,3,3,3,1,1,4,4,4,4,2,2,2,2,4,2,2,2,4,4,4,4,4,2,2,2,2,4,1,4,4,1,1,4,4,4,4,4,2,4,1,1,4,4,4,4,4,4,4,1,1,1,1,2,4,4,4,4,1,3,3,4,4,4,1,4,4,4,4,4,4,4,4,4,4,3,3,4,4,4,4,3,3,3,3,3,3,3,3,1,1,1,1,1,1,1,1","0.000762939453125","louvain","edit-xhwikibooks.graphml"
"0.39","0.01","0.6","0.40603575280616","1,1,2,2,3,2,3,2,2,2,3,3,2,2,2,2,2,3,4,3,5,1,2,2,2,2,2,2,1,2,3,4,3,3,4,4,2,2,5,5,5,5,1,1,1,1,5,1,1,1,5,5,5,5,5,1,1,1,1,5,2,5,5,2,2,5,5,5,5,5,1,5,2,2,5,5,5,5,5,5,5,2,2,2,2,1,5,5,5,5,2,3,4,5,5,5,2,5,5,5,5,5,5,5,5,5,5,3,3,5,5,5,5,4,4,4,4,4,4,4,4,2,2,2,2,2,2,2,2","0.000992059707641602","louvain","edit-xhwikibooks.graphml"
"0.38","0.02","0.6","0.40603575280616","1,1,2,2,3,2,3,2,2,2,3,3,2,2,2,2,2,3,4,3,5,1,2,2,2,2,2,2,1,2,3,4,3,3,4,4,2,2,5,5,5,5,1,1,1,1,5,1,1,1,5,5,5,5,5,1,1,1,1,5,2,5,5,2,2,5,5,5,5,5,1,5,2,2,5,5,5,5,5,5,5,2,2,2,2,1,5,5,5,5,2,3,4,5,5,5,2,5,5,5,5,5,5,5,5,5,5,3,3,5,5,5,5,4,4,4,4,4,4,4,4,2,2,2,2,2,2,2,2","0.000720024108886719","louvain","edit-xhwikibooks.graphml"
"0.37","0.03","0.6","0.405141587604064","1,2,1,1,3,1,3,1,1,1,3,3,1,1,1,1,1,3,3,3,4,2,1,1,1,1,1,1,2,1,3,3,3,3,3,3,1,1,4,4,4,4,2,2,2,2,4,2,2,2,4,4,4,4,4,2,2,2,2,4,1,4,4,1,1,4,4,4,4,4,2,4,1,1,4,4,4,4,4,4,4,1,1,1,1,2,4,4,4,4,1,3,3,4,4,4,1,4,4,4,4,4,4,4,4,4,4,3,3,4,4,4,4,3,3,3,3,3,3,3,3,1,1,1,1,1,1,1,1","0.00074315071105957","louvain","edit-xhwikibooks.graphml"
"0.36","0.04","0.6","0.405141587604064","1,2,1,1,3,1,3,1,1,1,3,3,1,1,1,1,1,3,3,3,4,2,1,1,1,1,1,1,2,1,3,3,3,3,3,3,1,1,4,4,4,4,2,2,2,2,4,2,2,2,4,4,4,4,4,2,2,2,2,4,1,4,4,1,1,4,4,4,4,4,2,4,1,1,4,4,4,4,4,4,4,1,1,1,1,2,4,4,4,4,1,3,3,4,4,4,1,4,4,4,4,4,4,4,4,4,4,3,3,4,4,4,4,3,3,3,3,3,3,3,3,1,1,1,1,1,1,1,1","0.0011298656463623","louvain","edit-xhwikibooks.graphml"
"0.35","0.05","0.6","0.405439820054323","1,1,1,1,2,3,2,3,3,3,2,2,3,3,3,3,3,2,2,2,4,1,3,3,3,3,3,3,1,3,2,2,2,2,2,2,3,3,4,4,4,4,1,1,1,1,4,1,1,1,4,4,4,4,4,1,1,1,1,4,3,4,4,3,3,4,4,4,4,4,1,4,3,3,4,4,4,4,4,4,4,3,3,3,3,1,4,4,4,4,3,2,2,4,4,4,3,4,4,4,4,4,4,4,4,4,4,2,2,4,4,4,4,2,2,2,2,2,2,2,2,3,3,3,3,3,3,3,3","0.00103998184204102","louvain","edit-xhwikibooks.graphml"
"0.34","0.06","0.6","0.405442507922137","1,2,1,1,3,1,3,1,1,1,3,3,1,1,1,1,1,3,4,3,5,2,1,1,1,1,1,1,2,1,3,4,3,3,4,4,1,1,5,5,5,5,2,2,2,2,5,2,2,2,5,5,5,5,5,2,2,2,2,5,1,5,5,1,1,5,5,5,5,5,2,5,1,1,5,5,5,5,5,5,5,1,1,1,1,2,5,5,5,5,1,3,4,5,5,5,1,5,5,5,5,5,5,5,5,5,5,3,3,5,5,5,5,4,4,4,4,4,4,4,4,1,1,1,1,1,1,1,1","0.000908136367797852","louvain","edit-xhwikibooks.graphml"
"0.33","0.07","0.6","0.405276074209173","1,2,1,1,3,1,3,1,1,1,3,3,1,1,1,1,1,3,4,3,5,2,1,1,1,1,1,1,2,1,3,4,3,3,4,4,1,1,5,5,5,5,2,2,2,2,5,2,2,2,5,5,5,5,5,2,2,2,2,5,1,5,5,1,1,5,5,5,5,5,2,5,1,1,5,5,5,5,5,5,5,1,1,1,1,2,5,5,5,5,1,3,4,5,5,5,1,5,5,5,5,5,5,5,5,5,5,3,3,5,5,5,5,4,4,4,4,4,4,4,4,1,1,1,1,1,1,1,1","0.000928163528442383","louvain","edit-xhwikibooks.graphml"
"0.32","0.08","0.6","0.406339501292979","1,1,1,1,2,3,2,3,3,3,2,2,3,3,3,3,3,2,2,2,4,1,3,3,3,3,3,3,1,3,2,2,2,2,2,2,3,3,4,4,4,4,1,1,1,1,4,1,1,1,4,4,4,4,4,1,1,1,1,4,3,4,4,3,3,4,4,4,4,4,1,4,3,3,4,4,4,4,4,4,4,3,3,3,3,1,4,4,4,4,3,2,2,4,4,4,3,4,4,4,4,4,4,4,4,4,4,2,2,4,4,4,4,2,2,2,2,2,2,2,2,3,3,3,3,3,3,3,3","0.000900983810424805","louvain","edit-xhwikibooks.graphml"
"0.31","0.09","0.6","0.405728229903399","1,2,1,1,3,1,3,1,1,1,3,3,1,1,1,1,1,3,3,3,4,2,1,1,1,1,1,1,2,1,3,3,3,3,3,3,1,1,4,4,4,4,2,2,2,2,4,2,2,2,4,4,4,4,4,2,2,2,2,4,1,4,4,1,1,4,4,4,4,4,2,4,1,1,4,4,4,4,4,4,4,1,1,1,1,2,4,4,4,4,1,3,3,4,4,4,1,4,4,4,4,4,4,4,4,4,4,3,3,4,4,4,4,3,3,3,3,3,3,3,3,1,1,1,1,1,1,1,1","0.000982999801635742","louvain","edit-xhwikibooks.graphml"
"0.3","0.1","0.6","0.406439465653328","1,1,2,2,3,2,3,2,2,2,3,3,2,2,2,2,2,3,4,3,5,1,2,2,2,2,2,2,1,2,3,4,3,3,4,4,2,2,5,5,5,5,1,1,1,1,5,1,1,1,5,5,5,5,5,1,1,1,1,5,2,5,5,2,2,5,5,5,5,5,1,5,2,2,5,5,5,5,5,5,5,2,2,2,2,1,5,5,5,5,2,3,4,5,5,5,2,5,5,5,5,5,5,5,5,5,5,3,3,5,5,5,5,4,4,4,4,4,4,4,4,2,2,2,2,2,2,2,2","0.00096583366394043","louvain","edit-xhwikibooks.graphml"
"0.29","0.11","0.6","0.405563255915401","1,2,1,1,3,1,3,1,1,1,3,3,1,1,1,1,1,3,3,3,4,2,1,1,1,1,1,1,2,1,3,3,3,3,3,3,1,1,4,4,4,4,2,2,2,2,4,2,2,2,4,4,4,4,4,2,2,2,2,4,1,4,4,1,1,4,4,4,4,4,2,4,1,1,4,4,4,4,4,4,4,1,1,1,1,2,4,4,4,4,1,3,3,4,4,4,1,4,4,4,4,4,4,4,4,4,4,3,3,4,4,4,4,3,3,3,3,3,3,3,3,1,1,1,1,1,1,1,1","0.000936985015869141","louvain","edit-xhwikibooks.graphml"
"0.28","0.12","0.6","0.40730836513124","1,1,2,2,3,2,3,2,2,2,3,3,2,2,2,2,2,3,4,3,5,1,2,2,2,2,2,2,1,2,3,4,3,3,4,4,2,2,5,5,5,5,1,1,1,1,5,1,1,1,5,5,5,5,5,1,1,1,1,5,2,5,5,2,2,5,5,5,5,5,1,5,2,2,5,5,5,5,5,5,5,2,2,2,2,1,5,5,5,5,2,3,4,5,5,5,2,5,5,5,5,5,5,5,5,5,5,3,3,5,5,5,5,4,4,4,4,4,4,4,4,2,2,2,2,2,2,2,2","0.000979900360107422","louvain","edit-xhwikibooks.graphml"
"0.27","0.13","0.6","0.407141839180551","1,1,2,2,3,2,3,2,2,2,3,3,2,2,2,2,2,3,4,3,5,1,2,2,2,2,2,2,1,2,3,4,3,3,4,4,2,2,5,5,5,5,1,1,1,1,5,1,1,1,5,5,5,5,5,1,1,1,1,5,2,5,5,2,2,5,5,5,5,5,1,5,2,2,5,5,5,5,5,5,5,2,2,2,2,1,5,5,5,5,2,3,4,5,5,5,2,5,5,5,5,5,5,5,5,5,5,3,3,5,5,5,5,4,4,4,4,4,4,4,4,2,2,2,2,2,2,2,2","0.000935077667236328","louvain","edit-xhwikibooks.graphml"
"0.26","0.14","0.6","0.407398745796693","1,1,1,1,2,3,2,3,3,3,2,2,3,3,3,3,3,2,2,2,4,1,3,3,3,3,3,3,1,3,2,2,2,2,2,2,3,3,4,4,4,4,1,1,1,1,4,1,1,1,4,4,4,4,4,1,1,1,1,4,3,4,4,3,3,4,4,4,4,4,1,4,3,3,4,4,4,4,4,4,4,3,3,3,3,1,4,4,4,4,3,2,2,4,4,4,3,4,4,4,4,4,4,4,4,4,4,2,2,4,4,4,4,2,2,2,2,2,2,2,2,3,3,3,3,3,3,3,3","0.000908851623535156","louvain","edit-xhwikibooks.graphml"
"0.25","0.15","0.6","0.407764108586728","1,2,1,1,3,1,3,1,1,1,3,3,1,1,1,1,1,3,3,3,4,2,1,1,1,1,1,1,2,1,3,3,3,3,3,3,1,1,4,4,4,4,2,2,2,2,4,2,2,2,4,4,4,4,4,2,2,2,2,4,1,4,4,1,1,4,4,4,4,4,2,4,1,1,4,4,4,4,4,4,4,1,1,1,1,2,4,4,4,4,1,3,3,4,4,4,1,4,4,4,4,4,4,4,4,4,4,3,3,4,4,4,4,3,3,3,3,3,3,3,3,1,1,1,1,1,1,1,1","0.000913858413696289","louvain","edit-xhwikibooks.graphml"
"0.24","0.16","0.6","0.408298960024267","1,2,1,1,3,1,3,1,1,1,3,3,1,1,1,1,1,3,3,3,4,2,1,1,1,1,1,1,2,1,3,3,3,3,3,3,1,1,4,4,4,4,2,2,2,2,4,2,2,2,4,4,4,4,4,2,2,2,2,4,1,4,4,1,1,4,4,4,4,4,2,4,1,1,4,4,4,4,4,4,4,1,1,1,1,2,4,4,4,4,1,3,3,4,4,4,1,4,4,4,4,4,4,4,4,4,4,3,3,4,4,4,4,3,3,3,3,3,3,3,3,1,1,1,1,1,1,1,1","0.000922918319702148","louvain","edit-xhwikibooks.graphml"
"0.23","0.17","0.6","0.408905117619621","1,1,2,2,3,2,3,2,2,2,3,3,2,2,2,2,2,3,3,3,4,1,2,2,2,2,2,2,1,2,3,3,3,3,3,3,2,2,4,4,4,4,1,1,1,1,4,1,1,1,4,4,4,4,4,1,1,1,1,4,2,4,4,2,2,4,4,4,4,4,1,4,2,2,4,4,4,4,4,4,4,2,2,2,2,1,4,4,4,4,2,3,3,4,4,4,2,4,4,4,4,4,4,4,4,4,4,3,3,4,4,4,4,3,3,3,3,3,3,3,3,2,2,2,2,2,2,2,2","0.00104784965515137","louvain","edit-xhwikibooks.graphml"
"0.22","0.18","0.6","0.409140287243893","1,2,1,1,3,1,3,1,1,1,3,3,1,1,1,1,1,3,4,3,5,2,1,1,1,1,1,1,2,1,3,4,3,3,4,4,1,1,5,5,5,5,2,2,2,2,5,2,2,2,5,5,5,5,5,2,2,2,2,5,1,5,5,1,1,5,5,5,5,5,2,5,1,1,5,5,5,5,5,5,5,1,1,1,1,2,5,5,5,5,1,3,4,5,5,5,1,5,5,5,5,5,5,5,5,5,5,3,3,5,5,5,5,4,4,4,4,4,4,4,4,1,1,1,1,1,1,1,1","0.0011451244354248","louvain","edit-xhwikibooks.graphml"
"0.21","0.19","0.6","0.409229290177856","1,1,2,2,3,2,3,2,2,2,3,3,2,2,2,2,2,3,4,3,5,1,2,2,2,2,2,2,1,2,3,4,3,3,4,4,2,2,5,5,5,5,1,1,1,1,5,1,1,1,5,5,5,5,5,1,1,1,1,5,2,5,5,2,2,5,5,5,5,5,1,5,2,2,5,5,5,5,5,5,5,2,2,2,2,1,5,5,5,5,2,3,4,5,5,5,2,5,5,5,5,5,5,5,5,5,5,3,3,5,5,5,5,4,4,4,4,4,4,4,4,2,2,2,2,2,2,2,2","0.00103497505187988","louvain","edit-xhwikibooks.graphml"
"0.2","0.2","0.6","0.413281278551732","1,2,1,1,3,1,3,1,1,1,3,3,1,1,1,1,1,3,4,3,5,2,1,1,1,1,1,1,2,1,3,4,3,3,4,4,1,1,5,5,5,5,2,2,2,2,5,2,2,2,5,5,5,5,5,2,2,2,2,5,1,5,5,1,1,5,5,5,5,5,2,5,1,1,5,5,5,5,5,5,5,1,1,1,1,2,5,5,5,5,1,3,4,5,5,5,1,5,5,5,5,5,5,5,5,5,5,3,3,5,5,5,5,4,4,4,4,4,4,4,4,1,1,1,1,1,1,1,1","0.000866174697875977","louvain","edit-xhwikibooks.graphml"
"0.19","0.21","0.6","0.402155989614781","1,1,1,2,3,2,3,2,2,2,3,3,2,2,2,2,2,3,4,3,5,1,2,2,2,2,2,2,1,2,3,4,3,3,4,4,2,2,5,5,5,5,1,1,1,1,5,1,1,1,5,5,5,5,5,1,1,1,1,5,2,5,5,2,2,5,5,5,5,5,1,5,2,2,5,5,5,5,5,5,5,2,2,2,2,1,5,5,5,5,2,3,4,5,5,5,2,5,5,5,5,5,5,5,5,5,5,3,3,5,5,5,5,4,4,4,4,4,4,4,4,2,2,2,2,2,2,2,2","0.00111508369445801","louvain","edit-xhwikibooks.graphml"
"0.18","0.22","0.6","0.402034023668639","1,1,1,1,2,3,2,3,3,3,2,2,3,3,3,3,3,2,2,2,4,1,3,3,3,3,3,3,1,3,2,2,2,2,2,2,3,3,4,4,4,4,1,1,1,1,4,1,1,1,4,4,4,4,4,1,1,1,1,4,3,4,4,3,3,4,4,4,4,4,1,4,3,3,4,4,4,4,4,4,4,3,3,3,3,1,4,4,4,4,3,2,2,4,4,4,3,4,4,4,4,4,4,4,4,4,4,2,2,4,4,4,4,2,2,2,2,2,2,2,2,3,3,3,3,3,3,3,3","0.000883817672729492","louvain","edit-xhwikibooks.graphml"
"0.17","0.23","0.6","0.403067677019037","1,1,1,2,3,2,3,2,2,2,3,3,2,2,2,2,2,3,4,3,5,1,2,2,2,2,2,2,1,2,3,4,3,3,4,4,2,2,5,5,5,5,1,1,1,1,5,1,1,1,5,5,5,5,5,1,1,1,1,5,2,5,5,2,2,5,5,5,5,5,1,5,2,2,5,5,5,5,5,5,5,2,2,2,2,1,5,5,5,5,2,3,4,5,5,5,2,5,5,5,5,5,5,5,5,5,5,3,3,5,5,5,5,4,4,4,4,4,4,4,4,2,2,2,2,2,2,2,2","0.000874996185302734","louvain","edit-xhwikibooks.graphml"
"0.16","0.24","0.6","0.403624041772468","1,1,1,2,3,2,3,2,2,2,3,3,2,2,2,2,2,3,4,3,5,1,2,2,2,2,2,2,1,2,3,4,3,3,4,4,2,2,5,5,5,5,1,1,1,1,5,1,1,1,5,5,5,5,5,1,1,1,1,5,2,5,5,2,2,5,5,5,5,5,1,5,2,2,5,5,5,5,5,5,5,2,2,2,2,1,5,5,5,5,2,3,4,5,5,5,2,5,5,5,5,5,5,5,5,5,5,3,3,5,5,5,5,4,4,4,4,4,4,4,4,2,2,2,2,2,2,2,2","0.000988006591796875","louvain","edit-xhwikibooks.graphml"
"0.15","0.25","0.6","0.404800388079426","1,1,1,2,3,2,3,2,2,2,3,3,2,2,2,2,2,3,3,3,4,1,2,2,2,2,2,2,1,2,3,3,3,3,3,3,2,2,4,4,4,4,1,1,1,1,4,1,1,1,4,4,4,4,4,1,1,1,1,4,2,4,4,2,2,4,4,4,4,4,1,4,2,2,4,4,4,4,4,4,4,2,2,2,2,1,4,4,4,4,2,3,3,4,4,4,2,4,4,4,4,4,4,4,4,4,4,3,3,4,4,4,4,3,3,3,3,3,3,3,3,2,2,2,2,2,2,2,2","0.000917911529541016","louvain","edit-xhwikibooks.graphml"
"0.14","0.26","0.6","0.404617839922624","1,1,2,2,3,2,3,2,2,2,3,3,2,2,2,2,2,3,3,3,4,1,2,2,2,2,2,2,1,2,3,3,3,3,3,3,2,2,4,4,4,4,1,1,1,1,4,1,1,1,4,4,4,4,4,1,1,1,1,4,2,4,4,2,2,4,4,4,4,4,1,4,2,2,4,4,4,4,4,4,4,2,2,2,2,1,4,4,4,4,2,3,3,4,4,4,2,4,4,4,4,4,4,4,4,4,4,3,3,4,4,4,4,3,3,3,3,3,3,3,3,2,2,2,2,2,2,2,2","0.000957012176513672","louvain","edit-xhwikibooks.graphml"
"0.13","0.27","0.6","0.405017650311948","1,1,1,2,3,2,3,2,2,2,3,3,2,2,2,2,2,3,4,3,5,1,2,2,2,2,2,2,1,2,3,4,3,3,4,4,2,2,5,5,5,5,1,1,1,1,5,1,1,1,5,5,5,5,5,1,1,1,1,5,2,5,5,2,2,5,5,5,5,5,1,5,2,2,5,5,5,5,5,5,5,2,2,2,2,1,5,5,5,5,2,3,4,5,5,5,2,5,5,5,5,5,5,5,5,5,5,3,3,5,5,5,5,4,4,4,4,4,4,4,4,2,2,2,2,2,2,2,2","0.000926017761230469","louvain","edit-xhwikibooks.graphml"
"0.12","0.28","0.6","0.405398638358864","1,1,1,2,3,2,3,2,2,2,3,3,2,2,2,2,2,3,4,3,5,1,2,2,2,2,2,2,1,2,3,4,3,3,4,4,2,2,5,5,5,5,1,1,1,1,5,1,1,1,5,5,5,5,5,1,1,1,1,5,2,5,5,2,2,5,5,5,5,5,1,5,2,2,5,5,5,5,5,5,5,2,2,2,2,1,5,5,5,5,2,3,4,5,5,5,2,5,5,5,5,5,5,5,5,5,5,3,3,5,5,5,5,4,4,4,4,4,4,4,4,2,2,2,2,2,2,2,2","0.000912904739379883","louvain","edit-xhwikibooks.graphml"
"0.11","0.29","0.6","0.405701615863542","1,1,1,2,1,2,1,2,2,2,1,1,2,2,2,2,2,1,3,1,4,1,2,2,2,2,2,2,1,2,1,3,1,1,3,3,2,2,4,4,4,4,1,1,1,1,4,1,1,1,4,4,4,4,4,1,1,1,1,4,2,4,4,2,2,4,4,4,4,4,1,4,2,2,4,4,4,4,4,4,4,2,2,2,2,1,4,4,4,4,2,1,3,4,4,4,2,4,4,4,4,4,4,4,4,4,4,1,1,4,4,4,4,3,3,3,3,3,3,3,3,2,2,2,2,2,2,2,2","0.000923871994018555","louvain","edit-xhwikibooks.graphml"
"0.1","0.3","0.6","0.406620701424326","1,1,1,2,3,2,3,2,2,2,3,3,2,2,2,2,2,3,3,3,4,1,2,2,2,2,2,2,1,2,3,3,3,3,3,3,2,2,4,4,4,4,1,1,1,1,4,1,1,1,4,4,4,4,4,1,1,1,1,4,2,4,4,2,2,4,4,4,4,4,1,4,2,2,4,4,4,4,4,4,4,2,2,2,2,1,4,4,4,4,2,3,3,4,4,4,2,4,4,4,4,4,4,4,4,4,4,3,3,4,4,4,4,3,3,3,3,3,3,3,3,2,2,2,2,2,2,2,2","0.000995874404907227","louvain","edit-xhwikibooks.graphml"
"0.09","0.31","0.6","0.407392585883034","1,1,1,2,3,2,3,2,2,2,3,3,2,2,2,2,2,3,4,3,5,1,2,2,2,2,2,2,1,2,3,4,3,3,4,4,2,2,5,5,5,5,1,1,1,1,5,1,1,1,5,5,5,5,5,1,1,1,1,5,2,5,5,2,2,5,5,5,5,5,1,5,2,2,5,5,5,5,5,5,5,2,2,2,2,1,5,5,5,5,2,3,4,5,5,5,2,5,5,5,5,5,5,5,5,5,5,3,3,5,5,5,5,4,4,4,4,4,4,4,4,2,2,2,2,2,2,2,2","0.00113415718078613","louvain","edit-xhwikibooks.graphml"
"0.08","0.32","0.6","0.4072212551203","1,1,1,2,3,2,3,2,2,2,3,3,2,2,2,2,2,3,4,3,5,1,2,2,2,2,2,2,1,2,3,4,3,3,4,4,2,2,5,5,5,5,1,1,1,1,5,1,1,1,5,5,5,5,5,1,1,1,1,5,2,5,5,2,2,5,5,5,5,5,1,5,2,2,5,5,5,5,5,5,5,2,2,2,2,1,5,5,5,5,2,3,4,5,5,5,2,5,5,5,5,5,5,5,5,5,5,3,3,5,5,5,5,4,4,4,4,4,4,4,4,2,2,2,2,2,2,2,2","0.000889062881469727","louvain","edit-xhwikibooks.graphml"
"0.07","0.33","0.6","0.4072212551203","1,1,1,2,3,2,3,2,2,2,3,3,2,2,2,2,2,3,4,3,5,1,2,2,2,2,2,2,1,2,3,4,3,3,4,4,2,2,5,5,5,5,1,1,1,1,5,1,1,1,5,5,5,5,5,1,1,1,1,5,2,5,5,2,2,5,5,5,5,5,1,5,2,2,5,5,5,5,5,5,5,2,2,2,2,1,5,5,5,5,2,3,4,5,5,5,2,5,5,5,5,5,5,5,5,5,5,3,3,5,5,5,5,4,4,4,4,4,4,4,4,2,2,2,2,2,2,2,2","0.00103092193603516","louvain","edit-xhwikibooks.graphml"
"0.06","0.34","0.6","0.414652701344726","1,1,1,2,3,2,3,2,2,2,3,3,2,2,2,2,2,3,4,3,5,1,2,2,2,2,2,2,1,2,3,4,3,3,4,4,2,2,5,5,5,5,1,1,1,1,5,1,1,1,5,5,5,5,5,1,1,1,1,5,2,5,5,2,2,5,5,5,5,5,1,5,2,2,5,5,5,5,5,5,5,2,2,2,2,1,5,5,5,5,2,3,4,5,5,5,2,5,5,5,5,5,5,5,5,5,5,3,3,5,5,5,5,4,4,4,4,4,4,4,4,2,2,2,2,2,2,2,2","0.000951051712036133","louvain","edit-xhwikibooks.graphml"
"0.05","0.35","0.6","0.414652701344726","1,1,1,2,3,2,3,2,2,2,3,3,2,2,2,2,2,3,4,3,5,1,2,2,2,2,2,2,1,2,3,4,3,3,4,4,2,2,5,5,5,5,1,1,1,1,5,1,1,1,5,5,5,5,5,1,1,1,1,5,2,5,5,2,2,5,5,5,5,5,1,5,2,2,5,5,5,5,5,5,5,2,2,2,2,1,5,5,5,5,2,3,4,5,5,5,2,5,5,5,5,5,5,5,5,5,5,3,3,5,5,5,5,4,4,4,4,4,4,4,4,2,2,2,2,2,2,2,2","0.000937938690185547","louvain","edit-xhwikibooks.graphml"
"0.04","0.36","0.6","0.414480842612505","1,1,1,2,3,2,3,2,2,2,3,3,2,2,2,2,2,3,4,3,5,1,2,2,2,2,2,2,1,2,3,4,3,3,4,4,2,2,5,5,5,5,1,1,1,1,5,1,1,1,5,5,5,5,5,1,1,1,1,5,2,5,5,2,2,5,5,5,5,5,1,5,2,2,5,5,5,5,5,5,5,2,2,2,2,1,5,5,5,5,2,3,4,5,5,5,2,5,5,5,5,5,5,5,5,5,5,3,3,5,5,5,5,4,4,4,4,4,4,4,4,2,2,2,2,2,2,2,2","0.00098109245300293","louvain","edit-xhwikibooks.graphml"
"0.03","0.37","0.6","0.41395123595296","1,1,1,2,3,2,3,2,2,2,3,4,2,2,2,2,2,3,3,4,5,1,2,2,2,2,2,2,1,2,3,3,4,4,3,3,2,2,5,5,5,5,1,1,1,1,5,1,1,1,5,5,5,5,5,1,1,1,1,5,2,5,5,2,2,5,5,5,5,5,1,5,2,2,5,5,5,5,5,5,5,2,2,2,2,1,5,5,5,5,2,3,3,5,5,5,2,5,5,5,5,5,5,5,5,5,5,4,4,5,5,5,5,3,3,3,3,3,3,3,3,2,2,2,2,2,2,2,2","0.000860929489135742","louvain","edit-xhwikibooks.graphml"
"0.02","0.38","0.6","0.41430911323916","1,1,1,2,3,2,3,2,2,2,3,3,2,2,2,2,2,3,4,3,5,1,2,2,2,2,2,2,1,2,3,4,3,3,4,4,2,2,5,5,5,5,1,1,1,1,5,1,1,1,5,5,5,5,5,1,1,1,1,5,2,5,5,2,2,5,5,5,5,5,1,5,2,2,5,5,5,5,5,5,5,2,2,2,2,1,5,5,5,5,2,3,4,5,5,5,2,5,5,5,5,5,5,5,5,5,5,3,3,5,5,5,5,4,4,4,4,4,4,4,4,2,2,2,2,2,2,2,2","0.000885963439941406","louvain","edit-xhwikibooks.graphml"
"0.01","0.39","0.6","0.414843587264016","1,1,1,2,3,2,3,2,2,2,3,3,2,2,2,2,2,3,4,3,5,1,2,2,2,2,2,2,1,2,3,4,3,3,4,4,2,2,5,5,5,5,1,1,1,1,5,1,1,1,5,5,5,5,5,1,1,1,1,5,2,5,5,2,2,5,5,5,5,5,1,5,2,2,5,5,5,5,5,5,5,2,2,2,2,1,5,5,5,5,2,3,4,5,5,5,2,5,5,5,5,5,5,5,5,5,5,3,3,5,5,5,5,4,4,4,4,4,4,4,4,2,2,2,2,2,2,2,2","0.000877141952514648","louvain","edit-xhwikibooks.graphml"
"0","0.4","0.6","0.417873412431616","1,1,1,1,1,2,3,2,2,2,3,3,2,2,2,2,2,3,4,3,5,1,2,2,2,2,2,2,1,2,3,4,3,3,4,4,2,2,5,5,5,5,1,1,1,1,5,1,1,1,5,5,5,5,5,1,1,1,1,5,2,5,5,2,2,5,5,5,5,5,1,5,2,2,5,5,5,5,5,5,5,2,2,2,2,1,5,5,5,5,2,3,4,5,5,5,2,5,5,5,5,5,5,5,5,5,5,3,3,5,5,5,5,4,4,4,4,4,4,4,4,2,2,2,2,2,2,2,2","0.000979900360107422","louvain","edit-xhwikibooks.graphml"
"0.39","0","0.61","0.409607627789092","1,1,2,2,3,2,3,2,2,2,3,3,2,2,2,2,2,3,3,3,4,1,2,2,2,2,2,2,1,2,3,3,3,3,3,3,2,2,4,4,4,4,1,1,1,1,4,1,1,1,4,4,4,4,4,1,1,1,1,4,2,4,4,2,2,4,4,4,4,4,1,4,2,2,4,4,4,4,4,4,4,2,2,2,2,1,4,4,4,4,2,3,3,4,4,4,2,4,4,4,4,4,4,4,4,4,4,3,3,4,4,4,4,3,3,3,3,3,3,3,3,2,2,2,2,2,2,2,2","0.00115203857421875","louvain","edit-xhwikibooks.graphml"
"0.38","0.01","0.61","0.409607627789092","1,1,2,2,3,2,3,2,2,2,3,3,2,2,2,2,2,3,3,3,4,1,2,2,2,2,2,2,1,2,3,3,3,3,3,3,2,2,4,4,4,4,1,1,1,1,4,1,1,1,4,4,4,4,4,1,1,1,1,4,2,4,4,2,2,4,4,4,4,4,1,4,2,2,4,4,4,4,4,4,4,2,2,2,2,1,4,4,4,4,2,3,3,4,4,4,2,4,4,4,4,4,4,4,4,4,4,3,3,4,4,4,4,3,3,3,3,3,3,3,3,2,2,2,2,2,2,2,2","0.000908136367797852","louvain","edit-xhwikibooks.graphml"
"0.37","0.02","0.61","0.409656390218257","1,1,2,2,3,2,3,2,2,2,3,4,2,2,2,2,2,3,3,4,5,1,2,2,2,2,2,2,1,2,3,3,4,4,3,3,2,2,5,5,5,5,1,1,1,1,5,1,1,1,5,5,5,5,5,1,1,1,1,5,2,5,5,2,2,5,5,5,5,5,1,5,2,2,5,5,5,5,5,5,5,2,2,2,2,1,5,5,5,5,2,3,3,5,5,5,2,5,5,5,5,5,5,5,5,5,5,4,4,5,5,5,5,3,3,3,3,3,3,3,3,2,2,2,2,2,2,2,2","0.000975131988525391","louvain","edit-xhwikibooks.graphml"
"0.36","0.03","0.61","0.409909856946894","1,1,2,2,3,2,3,2,2,2,3,3,2,2,2,2,2,3,4,3,5,1,2,2,2,2,2,2,1,2,3,4,3,3,4,4,2,2,5,5,5,5,1,1,1,1,5,1,1,1,5,5,5,5,5,1,1,1,1,5,2,5,5,2,2,5,5,5,5,5,1,5,2,2,5,5,5,5,5,5,5,2,2,2,2,1,5,5,5,5,2,3,4,5,5,5,2,5,5,5,5,5,5,5,5,5,5,3,3,5,5,5,5,4,4,4,4,4,4,4,4,2,2,2,2,2,2,2,2","0.00092315673828125","louvain","edit-xhwikibooks.graphml"
"0.35","0.04","0.61","0.409442204865485","1,1,2,2,3,2,3,2,2,2,3,3,2,2,2,2,2,3,3,3,4,1,2,2,2,2,2,2,1,2,3,3,3,3,3,3,2,2,4,4,4,4,1,1,1,1,4,1,1,1,4,4,4,4,4,1,1,1,1,4,2,4,4,2,2,4,4,4,4,4,1,4,2,2,4,4,4,4,4,4,4,2,2,2,2,1,4,4,4,4,2,3,3,4,4,4,2,4,4,4,4,4,4,4,4,4,4,3,3,4,4,4,4,3,3,3,3,3,3,3,3,2,2,2,2,2,2,2,2","0.000931978225708008","louvain","edit-xhwikibooks.graphml"
"0.34","0.05","0.61","0.409743221320844","1,1,2,2,3,2,3,2,2,2,3,3,2,2,2,2,2,3,4,3,5,1,2,2,2,2,2,2,1,2,3,4,3,3,4,4,2,2,5,5,5,5,1,1,1,1,5,1,1,1,5,5,5,5,5,1,1,1,1,5,2,5,5,2,2,5,5,5,5,5,1,5,2,2,5,5,5,5,5,5,5,2,2,2,2,1,5,5,5,5,2,3,4,5,5,5,2,5,5,5,5,5,5,5,5,5,5,3,3,5,5,5,5,4,4,4,4,4,4,4,4,2,2,2,2,2,2,2,2","0.000885963439941406","louvain","edit-xhwikibooks.graphml"
"0.33","0.06","0.61","0.406464268375912","1,2,1,1,3,1,3,1,1,1,3,3,1,1,1,1,1,3,4,3,5,2,1,1,1,1,1,1,2,1,3,4,3,3,4,4,1,1,5,5,5,5,2,2,2,2,5,2,2,2,5,5,5,5,5,2,2,2,2,5,1,5,5,1,1,5,5,5,5,5,2,5,1,1,5,5,5,5,5,5,5,1,1,1,1,2,5,5,5,5,1,3,4,5,5,5,1,5,5,5,5,5,5,5,5,5,5,3,3,5,5,5,5,4,4,4,4,4,4,4,4,1,1,1,1,1,1,1,1","0.000957012176513672","louvain","edit-xhwikibooks.graphml"
"0.32","0.07","0.61","0.405825168203731","1,2,1,1,3,1,3,1,1,1,3,3,1,1,1,1,1,3,3,3,4,2,1,1,1,1,1,1,2,1,3,3,3,3,3,3,1,1,4,4,4,4,2,2,2,2,4,2,2,2,4,4,4,4,4,2,2,2,2,4,1,4,4,1,1,4,4,4,4,4,2,4,1,1,4,4,4,4,4,4,4,1,1,1,1,2,4,4,4,4,1,3,3,4,4,4,1,4,4,4,4,4,4,4,4,4,4,3,3,4,4,4,4,3,3,3,3,3,3,3,3,1,1,1,1,1,1,1,1","0.00109601020812988","louvain","edit-xhwikibooks.graphml"
"0.31","0.08","0.61","0.40715684811297","1,1,2,2,3,2,3,2,2,2,3,3,2,2,2,2,2,3,3,3,4,1,2,2,2,2,2,2,1,2,3,3,3,3,3,3,2,2,4,4,4,4,1,1,1,1,4,1,1,1,4,4,4,4,4,1,1,1,1,4,2,4,4,2,2,4,4,4,4,4,1,4,2,2,4,4,4,4,4,4,4,2,2,2,2,1,4,4,4,4,2,3,3,4,4,4,2,4,4,4,4,4,4,4,4,4,4,3,3,4,4,4,4,3,3,3,3,3,3,3,3,2,2,2,2,2,2,2,2","0.00093388557434082","louvain","edit-xhwikibooks.graphml"
"0.3","0.09","0.61","0.407205797908876","1,2,1,1,3,1,3,1,1,1,3,3,1,1,1,1,1,3,4,3,5,2,1,1,1,1,1,1,2,1,3,4,3,3,4,4,1,1,5,5,5,5,2,2,2,2,5,2,2,2,5,5,5,5,5,2,2,2,2,5,1,5,5,1,1,5,5,5,5,5,2,5,1,1,5,5,5,5,5,5,5,1,1,1,1,2,5,5,5,5,1,3,4,5,5,5,1,5,5,5,5,5,5,5,5,5,5,3,3,5,5,5,5,4,4,4,4,4,4,4,4,1,1,1,1,1,1,1,1","0.000889062881469727","louvain","edit-xhwikibooks.graphml"
"0.29","0.1","0.61","0.406736809832972","1,2,1,1,3,1,3,1,1,1,3,3,1,1,1,1,1,3,3,3,4,2,1,1,1,1,1,1,2,1,3,3,3,3,3,3,1,1,4,4,4,4,2,2,2,2,4,2,2,2,4,4,4,4,4,2,2,2,2,4,1,4,4,1,1,4,4,4,4,4,2,4,1,1,4,4,4,4,4,4,4,1,1,1,1,2,4,4,4,4,1,3,3,4,4,4,1,4,4,4,4,4,4,4,4,4,4,3,3,4,4,4,4,3,3,3,3,3,3,3,3,1,1,1,1,1,1,1,1","0.00114202499389648","louvain","edit-xhwikibooks.graphml"
"0.28","0.11","0.61","0.405346008123526","1,1,2,2,3,2,3,2,2,2,3,4,2,2,2,2,2,3,3,4,5,1,2,2,2,2,2,2,1,2,3,3,4,4,3,3,2,2,5,5,5,5,1,1,1,1,5,1,1,1,5,5,5,5,5,1,1,1,1,5,2,5,5,2,2,5,5,5,5,5,1,5,2,2,5,5,5,5,5,5,5,2,2,2,2,1,5,5,5,5,2,3,3,5,5,5,2,5,5,5,5,5,5,5,5,5,5,4,4,5,5,5,5,3,3,3,3,3,3,3,3,2,2,2,2,2,2,2,2","0.00117707252502441","louvain","edit-xhwikibooks.graphml"
"0.27","0.12","0.61","0.407141839180551","1,1,2,2,3,2,3,2,2,2,3,3,2,2,2,2,2,3,4,3,5,1,2,2,2,2,2,2,1,2,3,4,3,3,4,4,2,2,5,5,5,5,1,1,1,1,5,1,1,1,5,5,5,5,5,1,1,1,1,5,2,5,5,2,2,5,5,5,5,5,1,5,2,2,5,5,5,5,5,5,5,2,2,2,2,1,5,5,5,5,2,3,4,5,5,5,2,5,5,5,5,5,5,5,5,5,5,3,3,5,5,5,5,4,4,4,4,4,4,4,4,2,2,2,2,2,2,2,2","0.000889062881469727","louvain","edit-xhwikibooks.graphml"
"0.26","0.13","0.61","0.407007222642143","1,1,2,2,3,2,3,2,2,2,3,3,2,2,2,2,2,3,3,3,4,1,2,2,2,2,2,2,1,2,3,3,3,3,3,3,2,2,4,4,4,4,1,1,1,1,4,1,1,1,4,4,4,4,4,1,1,1,1,4,2,4,4,2,2,4,4,4,4,4,1,4,2,2,4,4,4,4,4,4,4,2,2,2,2,1,4,4,4,4,2,3,3,4,4,4,2,4,4,4,4,4,4,4,4,4,4,3,3,4,4,4,4,3,3,3,3,3,3,3,3,2,2,2,2,2,2,2,2","0.00101399421691895","louvain","edit-xhwikibooks.graphml"
"0.25","0.14","0.61","0.407701072198427","1,1,1,1,2,3,2,3,3,3,2,2,3,3,3,3,3,2,4,2,5,1,3,3,3,3,3,3,1,3,2,4,2,2,4,4,3,3,5,5,5,5,1,1,1,1,5,1,1,1,5,5,5,5,5,1,1,1,1,5,3,5,5,3,3,5,5,5,5,5,1,5,3,3,5,5,5,5,5,5,5,3,3,3,3,1,5,5,5,5,3,2,4,5,5,5,3,5,5,5,5,5,5,5,5,5,5,2,2,5,5,5,5,4,4,4,4,4,4,4,4,3,3,3,3,3,3,3,3","0.000882863998413086","louvain","edit-xhwikibooks.graphml"
"0.24","0.15","0.61","0.408077804372268","1,2,1,1,3,1,3,1,1,1,3,3,1,1,1,1,1,3,4,3,5,2,1,1,1,1,1,1,2,1,3,4,3,3,4,4,1,1,5,5,5,5,2,2,2,2,5,2,2,2,5,5,5,5,5,2,2,2,2,5,1,5,5,1,1,5,5,5,5,5,2,5,1,1,5,5,5,5,5,5,5,1,1,1,1,2,5,5,5,5,1,3,4,5,5,5,1,5,5,5,5,5,5,5,5,5,5,3,3,5,5,5,5,4,4,4,4,4,4,4,4,1,1,1,1,1,1,1,1","0.000864028930664062","louvain","edit-xhwikibooks.graphml"
"0.23","0.16","0.61","0.408615017244475","1,1,1,1,2,3,2,3,3,3,2,2,3,3,3,3,3,2,2,2,4,1,3,3,3,3,3,3,1,3,2,2,2,2,2,2,3,3,4,4,4,4,1,1,1,1,4,1,1,1,4,4,4,4,4,1,1,1,1,4,3,4,4,3,3,4,4,4,4,4,1,4,3,3,4,4,4,4,4,4,4,3,3,3,3,1,4,4,4,4,3,2,2,4,4,4,3,4,4,4,4,4,4,4,4,4,4,2,2,4,4,4,4,2,2,2,2,2,2,2,2,3,3,3,3,3,3,3,3","0.000892162322998047","louvain","edit-xhwikibooks.graphml"
"0.22","0.17","0.61","0.408485023990101","1,2,1,1,3,1,3,1,1,1,3,3,1,1,1,1,1,3,3,3,4,2,1,1,1,1,1,1,2,1,3,3,3,3,3,3,1,1,4,4,4,4,2,2,2,2,4,2,2,2,4,4,4,4,4,2,2,2,2,4,1,4,4,1,1,4,4,4,4,4,2,4,1,1,4,4,4,4,4,4,4,1,1,1,1,2,4,4,4,4,1,3,3,4,4,4,1,4,4,4,4,4,4,4,4,4,4,3,3,4,4,4,4,3,3,3,3,3,3,3,3,1,1,1,1,1,1,1,1","0.000902891159057617","louvain","edit-xhwikibooks.graphml"
"0.21","0.18","0.61","0.408740113541277","1,1,2,2,3,2,3,2,2,2,3,3,2,2,2,2,2,3,3,3,4,1,2,2,2,2,2,2,1,2,3,3,3,3,3,3,2,2,4,4,4,4,1,1,1,1,4,1,1,1,4,4,4,4,4,1,1,1,1,4,2,4,4,2,2,4,4,4,4,4,1,4,2,2,4,4,4,4,4,4,4,2,2,2,2,1,4,4,4,4,2,3,3,4,4,4,2,4,4,4,4,4,4,4,4,4,4,3,3,4,4,4,4,3,3,3,3,3,3,3,3,2,2,2,2,2,2,2,2","0.000941038131713867","louvain","edit-xhwikibooks.graphml"
"0.2","0.19","0.61","0.408575230040274","1,1,2,2,3,2,3,2,2,2,3,3,2,2,2,2,2,3,3,3,4,1,2,2,2,2,2,2,1,2,3,3,3,3,3,3,2,2,4,4,4,4,1,1,1,1,4,1,1,1,4,4,4,4,4,1,1,1,1,4,2,4,4,2,2,4,4,4,4,4,1,4,2,2,4,4,4,4,4,4,4,2,2,2,2,1,4,4,4,4,2,3,3,4,4,4,2,4,4,4,4,4,4,4,4,4,4,3,3,4,4,4,4,3,3,3,3,3,3,3,3,2,2,2,2,2,2,2,2","0.000912904739379883","louvain","edit-xhwikibooks.graphml"
"0.19","0.2","0.61","0.409788860909306","1,2,1,1,3,1,3,1,1,1,3,3,1,1,1,1,1,3,4,3,5,2,1,1,1,1,1,1,2,1,3,4,3,3,4,4,1,1,5,5,5,5,2,2,2,2,5,2,2,2,5,5,5,5,5,2,2,2,2,5,1,5,5,1,1,5,5,5,5,5,2,5,1,1,5,5,5,5,5,5,5,1,1,1,1,2,5,5,5,5,1,3,4,5,5,5,1,5,5,5,5,5,5,5,5,5,5,3,3,5,5,5,5,4,4,4,4,4,4,4,4,1,1,1,1,1,1,1,1","0.00105881690979004","louvain","edit-xhwikibooks.graphml"
"0.18","0.21","0.61","0.4091391966759","1,2,1,1,3,1,3,1,1,1,3,3,1,1,1,1,1,3,3,3,4,2,1,1,1,1,1,1,2,1,3,3,3,3,3,3,1,1,4,4,4,4,2,2,2,2,4,2,2,2,4,4,4,4,4,2,2,2,2,4,1,4,4,1,1,4,4,4,4,4,2,4,1,1,4,4,4,4,4,4,4,1,1,1,1,2,4,4,4,4,1,3,3,4,4,4,1,4,4,4,4,4,4,4,4,4,4,3,3,4,4,4,4,3,3,3,3,3,3,3,3,1,1,1,1,1,1,1,1","0.0010380744934082","louvain","edit-xhwikibooks.graphml"
"0.17","0.22","0.61","0.409400969529086","1,1,2,2,3,2,3,2,2,2,3,3,2,2,2,2,2,3,3,3,4,1,2,2,2,2,2,2,1,2,3,3,3,3,3,3,2,2,4,4,4,4,1,1,1,1,4,1,1,1,4,4,4,4,4,1,1,1,1,4,2,4,4,2,2,4,4,4,4,4,1,4,2,2,4,4,4,4,4,4,4,2,2,2,2,1,4,4,4,4,2,3,3,4,4,4,2,4,4,4,4,4,4,4,4,4,4,3,3,4,4,4,4,3,3,3,3,3,3,3,3,2,2,2,2,2,2,2,2","0.000951051712036133","louvain","edit-xhwikibooks.graphml"
"0.16","0.23","0.61","0.406296699073993","1,1,2,2,3,2,3,2,2,2,3,3,2,2,2,2,2,3,4,3,5,1,2,2,2,2,2,2,1,2,3,4,3,3,4,4,2,2,5,5,5,5,1,1,1,1,5,1,1,1,5,5,5,5,5,1,1,1,1,5,2,5,5,2,2,5,5,5,5,5,1,5,2,2,5,5,5,5,5,5,5,2,2,2,2,1,5,5,5,5,2,3,4,5,5,5,2,5,5,5,5,5,5,5,5,5,5,3,3,5,5,5,5,4,4,4,4,4,4,4,4,2,2,2,2,2,2,2,2","0.000961065292358398","louvain","edit-xhwikibooks.graphml"
"0.15","0.24","0.61","0.406587829738551","1,2,1,1,3,1,3,1,1,1,3,3,1,1,1,1,1,3,4,3,5,2,1,1,1,1,1,1,2,1,3,4,3,3,4,4,1,1,5,5,5,5,2,2,2,2,5,2,2,2,5,5,5,5,5,2,2,2,2,5,1,5,5,1,1,5,5,5,5,5,2,5,1,1,5,5,5,5,5,5,5,1,1,1,1,2,5,5,5,5,1,3,4,5,5,5,1,5,5,5,5,5,5,5,5,5,5,3,3,5,5,5,5,4,4,4,4,4,4,4,4,1,1,1,1,1,1,1,1","0.000906944274902344","louvain","edit-xhwikibooks.graphml"
"0.14","0.25","0.61","0.407905804013098","1,2,1,1,3,1,3,1,1,1,3,3,1,1,1,1,1,3,4,3,5,2,1,1,1,1,1,1,2,1,3,4,3,3,4,4,1,1,5,5,5,5,2,2,2,2,5,2,2,2,5,5,5,5,5,2,2,2,2,5,1,5,5,1,1,5,5,5,5,5,2,5,1,1,5,5,5,5,5,5,5,1,1,1,1,2,5,5,5,5,1,3,4,5,5,5,1,5,5,5,5,5,5,5,5,5,5,3,3,5,5,5,5,4,4,4,4,4,4,4,4,1,1,1,1,1,1,1,1","0.000898122787475586","louvain","edit-xhwikibooks.graphml"
"0.13","0.26","0.61","0.407905804013098","1,2,1,1,3,1,3,1,1,1,3,3,1,1,1,1,1,3,4,3,5,2,1,1,1,1,1,1,2,1,3,4,3,3,4,4,1,1,5,5,5,5,2,2,2,2,5,2,2,2,5,5,5,5,5,2,2,2,2,5,1,5,5,1,1,5,5,5,5,5,2,5,1,1,5,5,5,5,5,5,5,1,1,1,1,2,5,5,5,5,1,3,4,5,5,5,1,5,5,5,5,5,5,5,5,5,5,3,3,5,5,5,5,4,4,4,4,4,4,4,4,1,1,1,1,1,1,1,1","0.000947952270507812","louvain","edit-xhwikibooks.graphml"
"0.12","0.27","0.61","0.408156469957284","1,1,2,2,3,2,3,2,2,2,3,3,2,2,2,2,2,3,4,3,5,1,2,2,2,2,2,2,1,2,3,4,3,3,4,4,2,2,5,5,5,5,1,1,1,1,5,1,1,1,5,5,5,5,5,1,1,1,1,5,2,5,5,2,2,5,5,5,5,5,1,5,2,2,5,5,5,5,5,5,5,2,2,2,2,1,5,5,5,5,2,3,4,5,5,5,2,5,5,5,5,5,5,5,5,5,5,3,3,5,5,5,5,4,4,4,4,4,4,4,4,2,2,2,2,2,2,2,2","0.000898122787475586","louvain","edit-xhwikibooks.graphml"
"0.11","0.28","0.61","0.407699891819311","1,1,1,2,3,2,3,2,2,2,3,3,2,2,2,2,2,3,4,3,5,1,2,2,2,2,2,2,1,2,3,4,3,3,4,4,2,2,5,5,5,5,1,1,1,1,5,1,1,1,5,5,5,5,5,1,1,1,1,5,2,5,5,2,2,5,5,5,5,5,1,5,2,2,5,5,5,5,5,5,5,2,2,2,2,1,5,5,5,5,2,3,4,5,5,5,2,5,5,5,5,5,5,5,5,5,5,3,3,5,5,5,5,4,4,4,4,4,4,4,4,2,2,2,2,2,2,2,2","0.000876188278198242","louvain","edit-xhwikibooks.graphml"
"0.1","0.29","0.61","0.408656413883618","1,1,1,2,3,2,3,2,2,2,3,3,2,2,2,2,2,3,3,3,4,1,2,2,2,2,2,2,1,2,3,3,3,3,3,3,2,2,4,4,4,4,1,1,1,1,4,1,1,1,4,4,4,4,4,1,1,1,1,4,2,4,4,2,2,4,4,4,4,4,1,4,2,2,4,4,4,4,4,4,4,2,2,2,2,1,4,4,4,4,2,3,3,4,4,4,2,4,4,4,4,4,4,4,4,4,4,3,3,4,4,4,4,3,3,3,3,3,3,3,3,2,2,2,2,2,2,2,2","0.0010077953338623","louvain","edit-xhwikibooks.graphml"
"0.09","0.3","0.61","0.408729158468982","1,1,1,2,3,2,3,2,2,2,3,3,2,2,2,2,2,3,4,3,5,1,2,2,2,2,2,2,1,2,3,4,3,3,4,4,2,2,5,5,5,5,1,1,1,1,5,1,1,1,5,5,5,5,5,1,1,1,1,5,2,5,5,2,2,5,5,5,5,5,1,5,2,2,5,5,5,5,5,5,5,2,2,2,2,1,5,5,5,5,2,3,4,5,5,5,2,5,5,5,5,5,5,5,5,5,5,3,3,5,5,5,5,4,4,4,4,4,4,4,4,2,2,2,2,2,2,2,2","0.00101995468139648","louvain","edit-xhwikibooks.graphml"
"0.08","0.31","0.61","0.409015650969529","1,1,1,2,3,2,3,2,2,2,3,3,2,2,2,2,2,3,3,3,4,1,2,2,2,2,2,2,1,2,3,3,3,3,3,3,2,2,4,4,4,4,1,1,1,1,4,1,1,1,4,4,4,4,4,1,1,1,1,4,2,4,4,2,2,4,4,4,4,4,1,4,2,2,4,4,4,4,4,4,4,2,2,2,2,1,4,4,4,4,2,3,3,4,4,4,2,4,4,4,4,4,4,4,4,4,4,3,3,4,4,4,4,3,3,3,3,3,3,3,3,2,2,2,2,2,2,2,2","0.000910043716430664","louvain","edit-xhwikibooks.graphml"
"0.07","0.32","0.61","0.409086305527061","1,1,1,2,3,2,3,2,2,2,3,3,2,2,2,2,2,3,4,3,5,1,2,2,2,2,2,2,1,2,3,4,3,3,4,4,2,2,5,5,5,5,1,1,1,1,5,1,1,1,5,5,5,5,5,1,1,1,1,5,2,5,5,2,2,5,5,5,5,5,1,5,2,2,5,5,5,5,5,5,5,2,2,2,2,1,5,5,5,5,2,3,4,5,5,5,2,5,5,5,5,5,5,5,5,5,5,3,3,5,5,5,5,4,4,4,4,4,4,4,4,2,2,2,2,2,2,2,2","0.000899076461791992","louvain","edit-xhwikibooks.graphml"
"0.06","0.33","0.61","0.398757144422071","1,1,1,2,1,2,1,2,2,2,1,1,2,2,2,2,2,1,3,1,4,1,2,2,2,2,2,2,1,2,1,3,1,1,3,3,2,2,4,4,4,4,1,1,1,1,4,1,1,1,4,4,4,4,4,1,1,1,1,4,2,4,4,2,2,4,4,4,4,4,1,4,2,2,4,4,4,4,4,4,4,2,2,2,2,1,4,4,4,4,2,1,3,4,4,4,2,4,4,4,4,4,4,4,4,4,4,1,1,4,4,4,4,3,3,3,3,3,3,3,3,2,2,2,2,2,2,2,2","0.000973939895629883","louvain","edit-xhwikibooks.graphml"
"0.05","0.34","0.61","0.406879296972802","1,1,1,2,3,2,3,2,2,2,3,3,2,2,2,2,2,3,4,3,5,1,2,2,2,2,2,2,1,2,3,4,3,3,4,4,2,2,5,5,5,5,1,1,1,1,5,1,1,1,5,5,5,5,5,1,1,1,1,5,2,5,5,2,2,5,5,5,5,5,1,5,2,2,5,5,5,5,5,5,5,2,2,2,2,1,5,5,5,5,2,3,4,5,5,5,2,5,5,5,5,5,5,5,5,5,5,3,3,5,5,5,5,4,4,4,4,4,4,4,4,2,2,2,2,2,2,2,2","0.000892877578735352","louvain","edit-xhwikibooks.graphml"
"0.04","0.35","0.61","0.406879296972802","1,1,1,2,3,2,3,2,2,2,3,3,2,2,2,2,2,3,4,3,5,1,2,2,2,2,2,2,1,2,3,4,3,3,4,4,2,2,5,5,5,5,1,1,1,1,5,1,1,1,5,5,5,5,5,1,1,1,1,5,2,5,5,2,2,5,5,5,5,5,1,5,2,2,5,5,5,5,5,5,5,2,2,2,2,1,5,5,5,5,2,3,4,5,5,5,2,5,5,5,5,5,5,5,5,5,5,3,3,5,5,5,5,4,4,4,4,4,4,4,4,2,2,2,2,2,2,2,2","0.000958919525146484","louvain","edit-xhwikibooks.graphml"
"0.03","0.36","0.61","0.406713267029462","1,1,1,2,3,2,3,2,2,2,3,3,2,2,2,2,2,3,4,3,5,1,2,2,2,2,2,2,1,2,3,4,3,3,4,4,2,2,5,5,5,5,1,1,1,1,5,1,1,1,5,5,5,5,5,1,1,1,1,5,2,5,5,2,2,5,5,5,5,5,1,5,2,2,5,5,5,5,5,5,5,2,2,2,2,1,5,5,5,5,2,3,4,5,5,5,2,5,5,5,5,5,5,5,5,5,5,3,3,5,5,5,5,4,4,4,4,4,4,4,4,2,2,2,2,2,2,2,2","0.00108003616333008","louvain","edit-xhwikibooks.graphml"
"0.02","0.37","0.61","0.406221789671564","1,1,1,2,3,2,3,2,2,2,3,4,2,2,2,2,2,3,3,4,5,1,2,2,2,2,2,2,1,2,3,3,4,4,3,3,2,2,5,5,5,5,1,1,1,1,5,1,1,1,5,5,5,5,5,1,1,1,1,5,2,5,5,2,2,5,5,5,5,5,1,5,2,2,5,5,5,5,5,5,5,2,2,2,2,1,5,5,5,5,2,3,3,5,5,5,2,5,5,5,5,5,5,5,5,5,5,4,4,5,5,5,5,3,3,3,3,3,3,3,3,2,2,2,2,2,2,2,2","0.000927925109863281","louvain","edit-xhwikibooks.graphml"
"0.01","0.38","0.61","0.406547361059464","1,1,1,2,3,2,3,2,2,2,3,3,2,2,2,2,2,3,4,3,5,1,2,2,2,2,2,2,1,2,3,4,3,3,4,4,2,2,5,5,5,5,1,1,1,1,5,1,1,1,5,5,5,5,5,1,1,1,1,5,2,5,5,2,2,5,5,5,5,5,1,5,2,2,5,5,5,5,5,5,5,2,2,2,2,1,5,5,5,5,2,3,4,5,5,5,2,5,5,5,5,5,5,5,5,5,5,3,3,5,5,5,5,4,4,4,4,4,4,4,4,2,2,2,2,2,2,2,2","0.00088810920715332","louvain","edit-xhwikibooks.graphml"
"0","0.39","0.61","0.409308267033744","1,1,1,1,1,2,3,2,2,2,3,3,2,2,2,2,2,3,4,3,5,1,2,2,2,2,2,2,1,2,3,4,3,3,4,4,2,2,5,5,5,5,1,1,1,1,5,1,1,1,5,5,5,5,5,1,1,1,1,5,2,5,5,2,2,5,5,5,5,5,1,5,2,2,5,5,5,5,5,5,5,2,2,2,2,1,5,5,5,5,2,3,4,5,5,5,2,5,5,5,5,5,5,5,5,5,5,3,3,5,5,5,5,4,4,4,4,4,4,4,4,2,2,2,2,2,2,2,2","0.00106596946716309","louvain","edit-xhwikibooks.graphml"
"0.38","0","0.62","0.402121533828763","1,1,2,2,3,2,3,2,2,2,3,3,2,2,2,2,2,3,3,3,4,1,2,2,2,2,2,2,1,2,3,3,3,3,3,3,2,2,4,4,4,4,1,1,1,1,4,1,1,1,4,4,4,4,4,1,1,1,1,4,2,4,4,2,2,4,4,4,4,4,1,4,2,2,4,4,4,4,4,4,4,2,2,2,2,1,4,4,4,4,2,3,3,4,4,4,2,4,4,4,4,4,4,4,4,4,4,3,3,4,4,4,4,3,3,3,3,3,3,3,3,2,2,2,2,2,2,2,2","0.000967979431152344","louvain","edit-xhwikibooks.graphml"
"0.37","0.01","0.62","0.402531632046685","1,1,2,2,3,2,3,2,2,2,3,3,2,2,2,2,2,3,4,3,5,1,2,2,2,2,2,2,1,2,3,4,3,3,4,4,2,2,5,5,5,5,1,1,1,1,5,1,1,1,5,5,5,5,5,1,1,1,1,5,2,5,5,2,2,5,5,5,5,5,1,5,2,2,5,5,5,5,5,5,5,2,2,2,2,1,5,5,5,5,2,3,4,5,5,5,2,5,5,5,5,5,5,5,5,5,5,3,3,5,5,5,5,4,4,4,4,4,4,4,4,2,2,2,2,2,2,2,2","0.000893115997314453","louvain","edit-xhwikibooks.graphml"
"0.36","0.02","0.62","0.402121533828763","1,1,2,2,3,2,3,2,2,2,3,3,2,2,2,2,2,3,3,3,4,1,2,2,2,2,2,2,1,2,3,3,3,3,3,3,2,2,4,4,4,4,1,1,1,1,4,1,1,1,4,4,4,4,4,1,1,1,1,4,2,4,4,2,2,4,4,4,4,4,1,4,2,2,4,4,4,4,4,4,4,2,2,2,2,1,4,4,4,4,2,3,3,4,4,4,2,4,4,4,4,4,4,4,4,4,4,3,3,4,4,4,4,3,3,3,3,3,3,3,3,2,2,2,2,2,2,2,2","0.00103497505187988","louvain","edit-xhwikibooks.graphml"
"0.35","0.03","0.62","0.40208962097022","1,1,1,2,3,2,3,2,2,2,3,3,2,2,2,2,2,3,3,3,4,1,2,2,2,2,2,2,1,2,3,3,3,3,3,3,2,2,4,4,4,4,1,1,1,1,4,1,1,1,4,4,4,4,4,1,1,1,1,4,2,4,4,2,2,4,4,4,4,4,1,4,2,2,4,4,4,4,4,4,4,2,2,2,2,1,4,4,4,4,2,3,3,4,4,4,2,4,4,4,4,4,4,4,4,4,4,3,3,4,4,4,4,3,3,3,3,3,3,3,3,2,2,2,2,2,2,2,2","0.000890016555786133","louvain","edit-xhwikibooks.graphml"
"0.34","0.04","0.62","0.40196155594734","1,1,2,2,3,2,3,2,2,2,3,3,2,2,2,2,2,3,3,3,4,1,2,2,2,2,2,2,1,2,3,3,3,3,3,3,2,2,4,4,4,4,1,1,1,1,4,1,1,1,4,4,4,4,4,1,1,1,1,4,2,4,4,2,2,4,4,4,4,4,1,4,2,2,4,4,4,4,4,4,4,2,2,2,2,1,4,4,4,4,2,3,3,4,4,4,2,4,4,4,4,4,4,4,4,4,4,3,3,4,4,4,4,3,3,3,3,3,3,3,3,2,2,2,2,2,2,2,2","0.00102400779724121","louvain","edit-xhwikibooks.graphml"
"0.33","0.05","0.62","0.401801693990542","1,1,2,2,3,2,3,2,2,2,3,3,2,2,2,2,2,3,3,3,4,1,2,2,2,2,2,2,1,2,3,3,3,3,3,3,2,2,4,4,4,4,1,1,1,1,4,1,1,1,4,4,4,4,4,1,1,1,1,4,2,4,4,2,2,4,4,4,4,4,1,4,2,2,4,4,4,4,4,4,4,2,2,2,2,1,4,4,4,4,2,3,3,4,4,4,2,4,4,4,4,4,4,4,4,4,4,3,3,4,4,4,4,3,3,3,3,3,3,3,3,2,2,2,2,2,2,2,2","0.000898838043212891","louvain","edit-xhwikibooks.graphml"
"0.32","0.06","0.62","0.401929626817279","1,1,1,2,3,2,3,2,2,2,3,3,2,2,2,2,2,3,3,3,4,1,2,2,2,2,2,2,1,2,3,3,3,3,3,3,2,2,4,4,4,4,1,1,1,1,4,1,1,1,4,4,4,4,4,1,1,1,1,4,2,4,4,2,2,4,4,4,4,4,1,4,2,2,4,4,4,4,4,4,4,2,2,2,2,1,4,4,4,4,2,3,3,4,4,4,2,4,4,4,4,4,4,4,4,4,4,3,3,4,4,4,4,3,3,3,3,3,3,3,3,2,2,2,2,2,2,2,2","0.00091099739074707","louvain","edit-xhwikibooks.graphml"
"0.31","0.07","0.62","0.401397528757851","1,2,1,1,3,1,3,1,1,1,3,4,1,1,1,1,1,3,3,4,5,2,1,1,1,1,1,1,2,1,3,3,4,4,3,3,1,1,5,5,5,5,2,2,2,2,5,2,2,2,5,5,5,5,5,2,2,2,2,5,1,5,5,1,1,5,5,5,5,5,2,5,1,1,5,5,5,5,5,5,5,1,1,1,1,2,5,5,5,5,1,3,3,5,5,5,1,5,5,5,5,5,5,5,5,5,5,4,4,5,5,5,5,3,3,3,3,3,3,3,3,1,1,1,1,1,1,1,1","0.00098419189453125","louvain","edit-xhwikibooks.graphml"
"0.3","0.08","0.62","0.398197204803911","1,1,1,1,2,1,2,1,3,1,2,2,3,3,3,1,1,2,4,2,5,1,3,3,3,3,3,1,1,1,2,4,2,2,4,4,3,3,5,5,5,5,1,1,1,1,5,1,1,1,5,5,5,5,5,1,1,1,1,5,3,5,5,3,3,5,5,5,5,5,1,5,3,3,5,5,5,5,5,5,5,3,1,1,1,1,5,5,5,5,1,2,4,5,5,5,1,5,5,5,5,5,5,5,5,5,5,2,2,5,5,5,5,4,4,4,4,4,4,4,4,3,3,3,3,3,3,3,3","0.000876188278198242","louvain","edit-xhwikibooks.graphml"
"0.29","0.09","0.62","0.403060559562211","1,1,1,2,3,2,3,2,2,2,3,3,2,2,2,2,2,3,4,3,5,1,2,2,2,2,2,2,1,2,3,4,3,3,4,4,2,2,5,5,5,5,1,1,1,1,5,1,1,1,5,5,5,5,5,1,1,1,1,5,2,5,5,2,2,5,5,5,5,5,1,5,2,2,5,5,5,5,5,5,5,2,2,2,2,1,5,5,5,5,2,3,4,5,5,5,2,5,5,5,5,5,5,5,5,5,5,3,3,5,5,5,5,4,4,4,4,4,4,4,4,2,2,2,2,2,2,2,2","0.00104379653930664","louvain","edit-xhwikibooks.graphml"
"0.28","0.1","0.62","0.403060559562211","1,1,1,2,3,2,3,2,2,2,3,3,2,2,2,2,2,3,4,3,5,1,2,2,2,2,2,2,1,2,3,4,3,3,4,4,2,2,5,5,5,5,1,1,1,1,5,1,1,1,5,5,5,5,5,1,1,1,1,5,2,5,5,2,2,5,5,5,5,5,1,5,2,2,5,5,5,5,5,5,5,2,2,2,2,1,5,5,5,5,2,3,4,5,5,5,2,5,5,5,5,5,5,5,5,5,5,3,3,5,5,5,5,4,4,4,4,4,4,4,4,2,2,2,2,2,2,2,2","0.0010521411895752","louvain","edit-xhwikibooks.graphml"
"0.27","0.11","0.62","0.399370907255311","1,1,2,2,3,2,3,2,2,2,3,3,2,2,2,2,2,3,3,3,4,1,2,2,2,2,2,2,1,2,3,3,3,3,3,3,2,2,4,4,4,4,1,1,1,1,4,1,1,1,4,4,4,4,4,1,1,1,1,4,2,4,4,2,2,4,4,4,4,4,1,4,2,2,4,4,4,4,4,4,4,2,2,2,2,1,4,4,4,4,2,3,3,4,4,4,2,4,4,4,4,4,4,4,4,4,4,3,3,4,4,4,4,3,3,3,3,3,3,3,3,2,2,2,2,2,2,2,2","0.00102901458740234","louvain","edit-xhwikibooks.graphml"
"0.26","0.12","0.62","0.40080498551058","1,1,2,2,3,2,3,2,2,2,3,3,2,2,2,2,2,3,4,3,5,1,2,2,2,2,2,2,1,2,3,4,3,3,4,4,2,2,5,5,5,5,1,1,1,1,5,1,1,1,5,5,5,5,5,1,1,1,1,5,2,5,5,2,2,5,5,5,5,5,1,5,2,2,5,5,5,5,5,5,5,2,2,2,2,1,5,5,5,5,2,3,4,5,5,5,2,5,5,5,5,5,5,5,5,5,5,3,3,5,5,5,5,4,4,4,4,4,4,4,4,2,2,2,2,2,2,2,2","0.000955104827880859","louvain","edit-xhwikibooks.graphml"
"0.25","0.13","0.62","0.400498060367733","1,2,1,1,3,1,3,1,1,1,3,4,1,1,1,1,1,3,3,4,5,2,1,1,1,1,1,1,2,1,3,3,4,4,3,3,1,1,5,5,5,5,2,2,2,2,5,2,2,2,5,5,5,5,5,2,2,2,2,5,1,5,5,1,1,5,5,5,5,5,2,5,1,1,5,5,5,5,5,5,5,1,1,1,1,2,5,5,5,5,1,3,3,5,5,5,1,5,5,5,5,5,5,5,5,5,5,4,4,5,5,5,5,3,3,3,3,3,3,3,3,1,1,1,1,1,1,1,1","0.000895023345947266","louvain","edit-xhwikibooks.graphml"
"0.24","0.14","0.62","0.408391864934451","1,2,1,1,3,1,3,1,1,1,3,3,1,1,1,1,1,3,4,3,5,2,1,1,1,1,1,1,2,1,3,4,3,3,4,4,1,1,5,5,5,5,2,2,2,2,5,2,2,2,5,5,5,5,5,2,2,2,2,5,1,5,5,1,1,5,5,5,5,5,2,5,1,1,5,5,5,5,5,5,5,1,1,1,1,2,5,5,5,5,1,3,4,5,5,5,1,5,5,5,5,5,5,5,5,5,5,3,3,5,5,5,5,4,4,4,4,4,4,4,4,1,1,1,1,1,1,1,1","0.000880956649780273","louvain","edit-xhwikibooks.graphml"
"0.23","0.15","0.62","0.408815878579751","1,2,1,1,3,1,3,1,1,1,3,4,1,1,1,1,1,3,3,4,5,2,1,1,1,1,1,1,2,1,3,3,4,4,3,3,1,1,5,5,5,5,2,2,2,2,5,2,2,2,5,5,5,5,5,2,2,2,2,5,1,5,5,1,1,5,5,5,5,5,2,5,1,1,5,5,5,5,5,5,5,1,1,1,1,2,5,5,5,5,1,3,3,5,5,5,1,5,5,5,5,5,5,5,5,5,5,4,4,5,5,5,5,3,3,3,3,3,3,3,3,1,1,1,1,1,1,1,1","0.00088810920715332","louvain","edit-xhwikibooks.graphml"
"0.22","0.16","0.62","0.409776082860223","1,2,1,1,3,1,3,1,1,1,3,3,1,1,1,1,1,3,4,3,5,2,1,1,1,1,1,1,2,1,3,4,3,3,4,4,1,1,5,5,5,5,2,2,2,2,5,2,2,2,5,5,5,5,5,2,2,2,2,5,1,5,5,1,1,5,5,5,5,5,2,5,1,1,5,5,5,5,5,5,5,1,1,1,1,2,5,5,5,5,1,3,4,5,5,5,1,5,5,5,5,5,5,5,5,5,5,3,3,5,5,5,5,4,4,4,4,4,4,4,4,1,1,1,1,1,1,1,1","0.000885009765625","louvain","edit-xhwikibooks.graphml"
"0.21","0.17","0.62","0.409637811634349","1,2,1,1,3,1,3,1,1,1,3,3,1,1,1,1,1,3,3,3,4,2,1,1,1,1,1,1,2,1,3,3,3,3,3,3,1,1,4,4,4,4,2,2,2,2,4,2,2,2,4,4,4,4,4,2,2,2,2,4,1,4,4,1,1,4,4,4,4,4,2,4,1,1,4,4,4,4,4,4,4,1,1,1,1,2,4,4,4,4,1,3,3,4,4,4,1,4,4,4,4,4,4,4,4,4,4,3,3,4,4,4,4,3,3,3,3,3,3,3,3,1,1,1,1,1,1,1,1","0.000901937484741211","louvain","edit-xhwikibooks.graphml"
"0.2","0.18","0.62","0.40996135734072","1,1,2,2,3,2,3,2,2,2,3,4,2,2,2,2,2,3,3,4,5,1,2,2,2,2,2,2,1,2,3,3,4,4,3,3,2,2,5,5,5,5,1,1,1,1,5,1,1,1,5,5,5,5,5,1,1,1,1,5,2,5,5,2,2,5,5,5,5,5,1,5,2,2,5,5,5,5,5,5,5,2,2,2,2,1,5,5,5,5,2,3,3,5,5,5,2,5,5,5,5,5,5,5,5,5,5,4,4,5,5,5,5,3,3,3,3,3,3,3,3,2,2,2,2,2,2,2,2","0.0010530948638916","louvain","edit-xhwikibooks.graphml"
"0.19","0.19","0.62","0.408657394250541","1,1,1,1,2,1,2,1,1,1,2,2,1,1,1,1,1,2,3,2,4,5,1,1,1,1,1,1,1,1,2,3,2,2,3,3,1,1,4,4,4,4,5,5,5,5,4,5,5,5,4,4,4,4,4,5,5,5,5,4,1,4,4,1,1,4,4,4,4,4,5,4,1,1,4,4,4,4,4,4,4,1,1,1,1,1,4,4,4,4,1,2,3,4,4,4,1,4,4,4,4,4,4,4,4,4,4,2,2,4,4,4,4,3,3,3,3,3,3,3,3,1,1,1,1,1,1,1,1","0.000998973846435547","louvain","edit-xhwikibooks.graphml"
"0.18","0.2","0.62","0.410874192890116","1,1,1,2,3,2,3,2,2,2,3,3,2,2,2,2,2,3,3,3,4,1,2,2,2,2,2,2,1,2,3,3,3,3,3,3,2,2,4,4,4,4,1,1,1,1,4,1,1,1,4,4,4,4,4,1,1,1,1,4,2,4,4,2,2,4,4,4,4,4,1,4,2,2,4,4,4,4,4,4,4,2,2,2,2,1,4,4,4,4,2,3,3,4,4,4,2,4,4,4,4,4,4,4,4,4,4,3,3,4,4,4,4,3,3,3,3,3,3,3,3,2,2,2,2,2,2,2,2","0.000891923904418945","louvain","edit-xhwikibooks.graphml"
"0.17","0.21","0.62","0.407483422579162","1,1,1,1,2,1,2,1,1,1,2,2,1,1,1,1,1,2,2,2,3,4,1,1,1,1,1,1,1,1,2,2,2,2,2,2,1,1,3,3,3,3,4,4,4,4,3,4,4,4,3,3,3,3,3,4,4,4,4,3,1,3,3,1,1,3,3,3,3,3,4,3,1,1,3,3,3,3,3,3,3,1,1,1,1,1,3,3,3,3,1,2,2,3,3,3,1,3,3,3,3,3,3,3,3,3,3,2,2,3,3,3,3,2,2,2,2,2,2,2,2,1,1,1,1,1,1,1,1","0.000886917114257812","louvain","edit-xhwikibooks.graphml"
"0.16","0.22","0.62","0.409768827890634","1,1,1,1,2,3,2,3,3,3,2,2,3,3,3,3,3,2,4,2,5,1,3,3,3,3,3,3,1,3,2,4,2,2,4,4,3,3,5,5,5,5,1,1,1,1,5,1,1,1,5,5,5,5,5,1,1,1,1,5,3,5,5,3,3,5,5,5,5,5,1,5,3,3,5,5,5,5,5,5,5,3,3,3,3,1,5,5,5,5,3,2,4,5,5,5,3,5,5,5,5,5,5,5,5,5,5,2,2,5,5,5,5,4,4,4,4,4,4,4,4,3,3,3,3,3,3,3,3","0.0010230541229248","louvain","edit-xhwikibooks.graphml"
"0.15","0.23","0.62","0.409896541337123","1,1,2,2,3,2,3,2,2,2,3,3,2,2,2,2,2,3,3,3,4,1,2,2,2,2,2,2,1,2,3,3,3,3,3,3,2,2,4,4,4,4,1,1,1,1,4,1,1,1,4,4,4,4,4,1,1,1,1,4,2,4,4,2,2,4,4,4,4,4,1,4,2,2,4,4,4,4,4,4,4,2,2,2,2,1,4,4,4,4,2,3,3,4,4,4,2,4,4,4,4,4,4,4,4,4,4,3,3,4,4,4,4,3,3,3,3,3,3,3,3,2,2,2,2,2,2,2,2","0.000936985015869141","louvain","edit-xhwikibooks.graphml"
"0.14","0.24","0.62","0.410162922548067","1,2,1,1,3,1,3,1,1,1,3,3,1,1,1,1,1,3,3,3,4,2,1,1,1,1,1,1,2,1,3,3,3,3,3,3,1,1,4,4,4,4,2,2,2,2,4,2,2,2,4,4,4,4,4,2,2,2,2,4,1,4,4,1,1,4,4,4,4,4,2,4,1,1,4,4,4,4,4,4,4,1,1,1,1,2,4,4,4,4,1,3,3,4,4,4,1,4,4,4,4,4,4,4,4,4,4,3,3,4,4,4,4,3,3,3,3,3,3,3,3,1,1,1,1,1,1,1,1","0.000892162322998047","louvain","edit-xhwikibooks.graphml"
"0.13","0.25","0.62","0.407729907456628","1,1,1,2,3,2,3,2,2,2,3,3,2,2,2,2,2,3,3,3,4,1,2,2,2,2,2,2,1,2,3,3,3,3,3,3,2,2,4,4,4,4,1,1,1,1,4,1,1,1,4,4,4,4,4,1,1,1,1,4,2,4,4,2,2,4,4,4,4,4,1,4,2,2,4,4,4,4,4,4,4,2,2,2,2,1,4,4,4,4,2,3,3,4,4,4,2,4,4,4,4,4,4,4,4,4,4,3,3,4,4,4,4,3,3,3,3,3,3,3,3,2,2,2,2,2,2,2,2","0.00101304054260254","louvain","edit-xhwikibooks.graphml"
"0.12","0.26","0.62","0.408479224376731","1,1,1,2,3,2,3,2,2,2,3,3,2,2,2,2,2,3,4,3,5,1,2,2,2,2,2,2,1,2,3,4,3,3,4,4,2,2,5,5,5,5,1,1,1,1,5,1,1,1,5,5,5,5,5,1,1,1,1,5,2,5,5,2,2,5,5,5,5,5,1,5,2,2,5,5,5,5,5,5,5,2,2,2,2,1,5,5,5,5,2,3,4,5,5,5,2,5,5,5,5,5,5,5,5,5,5,3,3,5,5,5,5,4,4,4,4,4,4,4,4,2,2,2,2,2,2,2,2","0.000929117202758789","louvain","edit-xhwikibooks.graphml"
"0.11","0.27","0.62","0.408479224376731","1,1,1,2,3,2,3,2,2,2,3,3,2,2,2,2,2,3,4,3,5,1,2,2,2,2,2,2,1,2,3,4,3,3,4,4,2,2,5,5,5,5,1,1,1,1,5,1,1,1,5,5,5,5,5,1,1,1,1,5,2,5,5,2,2,5,5,5,5,5,1,5,2,2,5,5,5,5,5,5,5,2,2,2,2,1,5,5,5,5,2,3,4,5,5,5,2,5,5,5,5,5,5,5,5,5,5,3,3,5,5,5,5,4,4,4,4,4,4,4,4,2,2,2,2,2,2,2,2","0.000892877578735352","louvain","edit-xhwikibooks.graphml"
"0.1","0.28","0.62","0.40819752521282","1,2,1,1,3,1,3,1,1,1,3,3,1,1,1,1,1,3,3,3,4,2,1,1,1,1,1,1,2,1,3,3,3,3,3,3,1,1,4,4,4,4,2,2,2,2,4,2,2,2,4,4,4,4,4,2,2,2,2,4,1,4,4,1,1,4,4,4,4,4,2,4,1,1,4,4,4,4,4,4,4,1,1,1,1,2,4,4,4,4,1,3,3,4,4,4,1,4,4,4,4,4,4,4,4,4,4,3,3,4,4,4,4,3,3,3,3,3,3,3,3,1,1,1,1,1,1,1,1","0.00088191032409668","louvain","edit-xhwikibooks.graphml"
"0.09","0.29","0.62","0.409858060871407","1,1,1,2,3,2,3,2,2,2,3,3,2,2,2,2,2,3,4,3,5,1,2,2,2,2,2,2,1,2,3,4,3,3,4,4,2,2,5,5,5,5,1,1,1,1,5,1,1,1,5,5,5,5,5,1,1,1,1,5,2,5,5,2,2,5,5,5,5,5,1,5,2,2,5,5,5,5,5,5,5,2,2,2,2,1,5,5,5,5,2,3,4,5,5,5,2,5,5,5,5,5,5,5,5,5,5,3,3,5,5,5,5,4,4,4,4,4,4,4,4,2,2,2,2,2,2,2,2","0.00104212760925293","louvain","edit-xhwikibooks.graphml"
"0.08","0.3","0.62","0.409692410495932","1,1,1,2,3,2,3,2,2,2,3,3,2,2,2,2,2,3,4,3,5,1,2,2,2,2,2,2,1,2,3,4,3,3,4,4,2,2,5,5,5,5,1,1,1,1,5,1,1,1,5,5,5,5,5,1,1,1,1,5,2,5,5,2,2,5,5,5,5,5,1,5,2,2,5,5,5,5,5,5,5,2,2,2,2,1,5,5,5,5,2,3,4,5,5,5,2,5,5,5,5,5,5,5,5,5,5,3,3,5,5,5,5,4,4,4,4,4,4,4,4,2,2,2,2,2,2,2,2","0.000887870788574219","louvain","edit-xhwikibooks.graphml"
"0.07","0.31","0.62","0.41021229694927","1,1,1,2,3,2,3,2,2,2,3,3,2,2,2,2,2,3,4,3,5,1,2,2,2,2,2,2,1,2,3,4,3,3,4,4,2,2,5,5,5,5,1,1,1,1,5,1,1,1,5,5,5,5,5,1,1,1,1,5,2,5,5,2,2,5,5,5,5,5,1,5,2,2,5,5,5,5,5,5,5,2,2,2,2,1,5,5,5,5,2,3,4,5,5,5,2,5,5,5,5,5,5,5,5,5,5,3,3,5,5,5,5,4,4,4,4,4,4,4,4,2,2,2,2,2,2,2,2","0.00088810920715332","louvain","edit-xhwikibooks.graphml"
"0.06","0.32","0.62","0.409817389580353","1,1,1,2,3,2,3,2,2,2,3,3,2,2,2,2,2,3,3,3,4,1,2,2,2,2,2,2,1,2,3,3,3,3,3,3,2,2,4,4,4,4,1,1,1,1,4,1,1,1,4,4,4,4,4,1,1,1,1,4,2,4,4,2,2,4,4,4,4,4,1,4,2,2,4,4,4,4,4,4,4,2,2,2,2,1,4,4,4,4,2,3,3,4,4,4,2,4,4,4,4,4,4,4,4,4,4,3,3,4,4,4,4,3,3,3,3,3,3,3,3,2,2,2,2,2,2,2,2","0.000882863998413086","louvain","edit-xhwikibooks.graphml"
"0.05","0.33","0.62","0.409909232372989","1,1,2,2,3,2,3,2,2,2,3,3,2,2,2,2,2,3,4,3,5,1,2,2,2,2,2,2,1,2,3,4,3,3,4,4,2,2,5,5,5,5,1,1,1,1,5,1,1,1,5,5,5,5,5,1,1,1,1,5,2,5,5,2,2,5,5,5,5,5,1,5,2,2,5,5,5,5,5,5,5,2,2,2,2,1,5,5,5,5,2,3,4,5,5,5,2,5,5,5,5,5,5,5,5,5,5,3,3,5,5,5,5,4,4,4,4,4,4,4,4,2,2,2,2,2,2,2,2","0.000952959060668945","louvain","edit-xhwikibooks.graphml"
"0.04","0.34","0.62","0.417173513109068","1,1,1,2,3,2,3,2,2,2,3,3,2,2,2,2,2,3,4,3,5,1,2,2,2,2,2,2,1,2,3,4,3,3,4,4,2,2,5,5,5,5,1,1,1,1,5,1,1,1,5,5,5,5,5,1,1,1,1,5,2,5,5,2,2,5,5,5,5,5,1,5,2,2,5,5,5,5,5,5,5,2,2,2,2,1,5,5,5,5,2,3,4,5,5,5,2,5,5,5,5,5,5,5,5,5,5,3,3,5,5,5,5,4,4,4,4,4,4,4,4,2,2,2,2,2,2,2,2","0.000900983810424805","louvain","edit-xhwikibooks.graphml"
"0.03","0.35","0.62","0.415750542851271","1,1,1,2,3,2,3,2,2,2,3,3,2,2,2,2,2,3,4,3,5,1,2,2,2,2,2,2,1,2,3,4,3,3,4,4,2,2,5,5,5,5,1,1,1,1,5,1,1,1,5,5,5,5,5,1,1,1,1,5,2,5,5,2,2,5,5,5,5,5,1,5,2,2,5,5,5,5,5,5,5,2,2,2,2,1,5,5,5,5,2,3,4,5,5,5,2,5,5,5,5,5,5,5,5,5,5,3,3,5,5,5,5,4,4,4,4,4,4,4,4,2,2,2,2,2,2,2,2","0.000882863998413086","louvain","edit-xhwikibooks.graphml"
"0.02","0.36","0.62","0.415584290389216","1,1,1,2,3,2,3,2,2,2,3,3,2,2,2,2,2,3,4,3,5,1,2,2,2,2,2,2,1,2,3,4,3,3,4,4,2,2,5,5,5,5,1,1,1,1,5,1,1,1,5,5,5,5,5,1,1,1,1,5,2,5,5,2,2,5,5,5,5,5,1,5,2,2,5,5,5,5,5,5,5,2,2,2,2,1,5,5,5,5,2,3,4,5,5,5,2,5,5,5,5,5,5,5,5,5,5,3,3,5,5,5,5,4,4,4,4,4,4,4,4,2,2,2,2,2,2,2,2","0.000941991806030273","louvain","edit-xhwikibooks.graphml"
"0.01","0.37","0.62","0.415584290389216","1,1,1,2,3,2,3,2,2,2,3,3,2,2,2,2,2,3,4,3,5,1,2,2,2,2,2,2,1,2,3,4,3,3,4,4,2,2,5,5,5,5,1,1,1,1,5,1,1,1,5,5,5,5,5,1,1,1,1,5,2,5,5,2,2,5,5,5,5,5,1,5,2,2,5,5,5,5,5,5,5,2,2,2,2,1,5,5,5,5,2,3,4,5,5,5,2,5,5,5,5,5,5,5,5,5,5,3,3,5,5,5,5,4,4,4,4,4,4,4,4,2,2,2,2,2,2,2,2","0.00112700462341309","louvain","edit-xhwikibooks.graphml"
"0","0.38","0.62","0.417502866026684","1,1,1,1,1,2,3,2,2,2,3,3,2,2,2,2,2,3,4,3,5,1,2,2,2,2,2,2,1,2,3,4,3,3,4,4,2,2,5,5,5,5,1,1,1,1,5,1,1,1,5,5,5,5,5,1,1,1,1,5,2,5,5,2,2,5,5,5,5,5,1,5,2,2,5,5,5,5,5,5,5,2,2,2,2,1,5,5,5,5,2,3,4,5,5,5,2,5,5,5,5,5,5,5,5,5,5,3,3,5,5,5,5,4,4,4,4,4,4,4,4,2,2,2,2,2,2,2,2","0.000908136367797852","louvain","edit-xhwikibooks.graphml"
"0.37","0","0.63","0.409073557935698","1,1,1,2,3,2,3,2,2,2,3,3,2,2,2,2,2,3,4,3,5,1,2,2,2,2,2,2,1,2,3,4,3,3,4,4,2,2,5,5,5,5,1,1,1,1,5,1,1,1,5,5,5,5,5,1,1,1,1,5,2,5,5,2,2,5,5,5,5,5,1,5,2,2,5,5,5,5,5,5,5,2,2,2,2,1,5,5,5,5,2,3,4,5,5,5,2,5,5,5,5,5,5,5,5,5,5,3,3,5,5,5,5,4,4,4,4,4,4,4,4,2,2,2,2,2,2,2,2","0.00117206573486328","louvain","edit-xhwikibooks.graphml"
"0.36","0.01","0.63","0.408654921013314","1,1,1,2,3,2,3,2,2,2,3,3,2,2,2,2,2,3,3,3,4,1,2,2,2,2,2,2,1,2,3,3,3,3,3,3,2,2,4,4,4,4,1,1,1,1,4,1,1,1,4,4,4,4,4,1,1,1,1,4,2,4,4,2,2,4,4,4,4,4,1,4,2,2,4,4,4,4,4,4,4,2,2,2,2,1,4,4,4,4,2,3,3,4,4,4,2,4,4,4,4,4,4,4,4,4,4,3,3,4,4,4,4,3,3,3,3,3,3,3,3,2,2,2,2,2,2,2,2","0.00091099739074707","louvain","edit-xhwikibooks.graphml"
"0.35","0.02","0.63","0.408508851274471","1,1,2,2,3,2,3,2,2,2,3,3,2,2,2,2,2,3,3,3,4,1,2,2,2,2,2,2,1,2,3,3,3,3,3,3,2,2,4,4,4,4,1,1,1,1,4,1,1,1,4,4,4,4,4,1,1,1,1,4,2,4,4,2,2,4,4,4,4,4,1,4,2,2,4,4,4,4,4,4,4,2,2,2,2,1,4,4,4,4,2,3,3,4,4,4,2,4,4,4,4,4,4,4,4,4,4,3,3,4,4,4,4,3,3,3,3,3,3,3,3,2,2,2,2,2,2,2,2","0.000971794128417969","louvain","edit-xhwikibooks.graphml"
"0.34","0.03","0.63","0.408766334654663","1,1,2,2,3,2,3,2,2,2,3,3,2,2,2,2,2,3,4,3,5,1,2,2,2,2,2,2,1,2,3,4,3,3,4,4,2,2,5,5,5,5,1,1,1,1,5,1,1,1,5,5,5,5,5,1,1,1,1,5,2,5,5,2,2,5,5,5,5,5,1,5,2,2,5,5,5,5,5,5,5,2,2,2,2,1,5,5,5,5,2,3,4,5,5,5,2,5,5,5,5,5,5,5,5,5,5,3,3,5,5,5,5,4,4,4,4,4,4,4,4,2,2,2,2,2,2,2,2","0.000832080841064453","louvain","edit-xhwikibooks.graphml"
"0.33","0.04","0.63","0.408912254770223","1,1,1,2,3,2,3,2,2,2,3,3,2,2,2,2,2,3,4,3,5,1,2,2,2,2,2,2,1,2,3,4,3,3,4,4,2,2,5,5,5,5,1,1,1,1,5,1,1,1,5,5,5,5,5,1,1,1,1,5,2,5,5,2,2,5,5,5,5,5,1,5,2,2,5,5,5,5,5,5,5,2,2,2,2,1,5,5,5,5,2,3,4,5,5,5,2,5,5,5,5,5,5,5,5,5,5,3,3,5,5,5,5,4,4,4,4,4,4,4,4,2,2,2,2,2,2,2,2","0.000998973846435547","louvain","edit-xhwikibooks.graphml"
"0.32","0.05","0.63","0.401836406631948","1,1,2,2,3,2,3,2,2,2,3,3,2,2,2,2,2,3,3,3,4,1,2,2,2,2,2,2,1,2,3,3,3,3,3,3,2,2,4,4,4,4,1,1,1,1,4,1,1,1,4,4,4,4,4,1,1,1,1,4,2,4,4,2,2,4,4,4,4,4,1,4,2,2,4,4,4,4,4,4,4,2,2,2,2,1,4,4,4,4,2,3,3,4,4,4,2,4,4,4,4,4,4,4,4,4,4,3,3,4,4,4,4,3,3,3,3,3,3,3,3,2,2,2,2,2,2,2,2","0.000984907150268555","louvain","edit-xhwikibooks.graphml"
"0.31","0.06","0.63","0.402364757147412","1,1,1,2,3,2,3,2,2,2,3,3,2,2,2,2,2,3,4,3,5,1,2,2,2,2,2,2,1,2,3,4,3,3,4,4,2,2,5,5,5,5,1,1,1,1,5,1,1,1,5,5,5,5,5,1,1,1,1,5,2,5,5,2,2,5,5,5,5,5,1,5,2,2,5,5,5,5,5,5,5,2,2,2,2,1,5,5,5,5,2,3,4,5,5,5,2,5,5,5,5,5,5,5,5,5,5,3,3,5,5,5,5,4,4,4,4,4,4,4,4,2,2,2,2,2,2,2,2","0.000917911529541016","louvain","edit-xhwikibooks.graphml"
"0.3","0.07","0.63","0.401677009120948","1,1,2,2,3,2,3,2,2,2,3,3,2,2,2,2,2,3,3,3,4,1,2,2,2,2,2,2,1,2,3,3,3,3,3,3,2,2,4,4,4,4,1,1,1,1,4,1,1,1,4,4,4,4,4,1,1,1,1,4,2,4,4,2,2,4,4,4,4,4,1,4,2,2,4,4,4,4,4,4,4,2,2,2,2,1,4,4,4,4,2,3,3,4,4,4,2,4,4,4,4,4,4,4,4,4,4,3,3,4,4,4,4,3,3,3,3,3,3,3,3,2,2,2,2,2,2,2,2","0.000894069671630859","louvain","edit-xhwikibooks.graphml"
"0.29","0.08","0.63","0.402845613627075","1,1,1,2,3,2,3,2,2,2,3,3,2,2,2,2,2,3,3,3,4,1,2,2,2,2,2,2,1,2,3,3,3,3,3,3,2,2,4,4,4,4,1,1,1,1,4,1,1,1,4,4,4,4,4,1,1,1,1,4,2,4,4,2,2,4,4,4,4,4,1,4,2,2,4,4,4,4,4,4,4,2,2,2,2,1,4,4,4,4,2,3,3,4,4,4,2,4,4,4,4,4,4,4,4,4,4,3,3,4,4,4,4,3,3,3,3,3,3,3,3,2,2,2,2,2,2,2,2","0.000901937484741211","louvain","edit-xhwikibooks.graphml"
"0.28","0.09","0.63","0.402042752676711","1,1,2,2,3,2,3,2,2,2,3,3,2,2,2,2,2,3,3,3,4,1,2,2,2,2,2,2,1,2,3,3,3,3,3,3,2,2,4,4,4,4,1,1,1,1,4,1,1,1,4,4,4,4,4,1,1,1,1,4,2,4,4,2,2,4,4,4,4,4,1,4,2,2,4,4,4,4,4,4,4,2,2,2,2,1,4,4,4,4,2,3,3,4,4,4,2,4,4,4,4,4,4,4,4,4,4,3,3,4,4,4,4,3,3,3,3,3,3,3,3,2,2,2,2,2,2,2,2","0.00097203254699707","louvain","edit-xhwikibooks.graphml"
"0.27","0.1","0.63","0.402443123619131","1,1,2,2,3,2,3,2,2,2,3,3,2,2,2,2,2,3,4,3,5,1,2,2,2,2,2,2,1,2,3,4,3,3,4,4,2,2,5,5,5,5,1,1,1,1,5,1,1,1,5,5,5,5,5,1,1,1,1,5,2,5,5,2,2,5,5,5,5,5,1,5,2,2,5,5,5,5,5,5,5,2,2,2,2,1,5,5,5,5,2,3,4,5,5,5,2,5,5,5,5,5,5,5,5,5,5,3,3,5,5,5,5,4,4,4,4,4,4,4,4,2,2,2,2,2,2,2,2","0.00103497505187988","louvain","edit-xhwikibooks.graphml"
"0.26","0.11","0.63","0.402282691070128","1,1,2,2,3,2,3,2,2,2,3,3,2,2,2,2,2,3,4,3,5,1,2,2,2,2,2,2,1,2,3,4,3,3,4,4,2,2,5,5,5,5,1,1,1,1,5,1,1,1,5,5,5,5,5,1,1,1,1,5,2,5,5,2,2,5,5,5,5,5,1,5,2,2,5,5,5,5,5,5,5,2,2,2,2,1,5,5,5,5,2,3,4,5,5,5,2,5,5,5,5,5,5,5,5,5,5,3,3,5,5,5,5,4,4,4,4,4,4,4,4,2,2,2,2,2,2,2,2","0.000900983810424805","louvain","edit-xhwikibooks.graphml"
"0.25","0.12","0.63","0.403296244226172","1,1,2,2,3,2,3,2,2,2,3,3,2,2,2,2,2,3,4,3,5,1,2,2,2,2,2,2,1,2,3,4,3,3,4,4,2,2,5,5,5,5,1,1,1,1,5,1,1,1,5,5,5,5,5,1,1,1,1,5,2,5,5,2,2,5,5,5,5,5,1,5,2,2,5,5,5,5,5,5,5,2,2,2,2,1,5,5,5,5,2,3,4,5,5,5,2,5,5,5,5,5,5,5,5,5,5,3,3,5,5,5,5,4,4,4,4,4,4,4,4,2,2,2,2,2,2,2,2","0.000916957855224609","louvain","edit-xhwikibooks.graphml"
"0.24","0.13","0.63","0.403778002184097","1,1,1,2,3,2,3,2,2,2,3,3,2,2,2,2,2,3,4,3,5,1,2,2,2,2,2,2,1,2,3,4,3,3,4,4,2,2,5,5,5,5,1,1,1,1,5,1,1,1,5,5,5,5,5,1,1,1,1,5,2,5,5,2,2,5,5,5,5,5,1,5,2,2,5,5,5,5,5,5,5,2,2,2,2,1,5,5,5,5,2,3,4,5,5,5,2,5,5,5,5,5,5,5,5,5,5,3,3,5,5,5,5,4,4,4,4,4,4,4,4,2,2,2,2,2,2,2,2","0.000902891159057617","louvain","edit-xhwikibooks.graphml"
"0.23","0.14","0.63","0.403091661964504","1,1,1,2,1,2,1,2,2,2,1,1,2,2,2,2,2,1,3,1,4,1,2,2,2,2,2,2,1,2,1,3,1,1,3,3,2,2,4,4,4,4,1,1,1,1,4,1,1,1,4,4,4,4,4,1,1,1,1,4,2,4,4,2,2,4,4,4,4,4,1,4,2,2,4,4,4,4,4,4,4,2,2,2,2,1,4,4,4,4,2,1,3,4,4,4,2,4,4,4,4,4,4,4,4,4,4,1,1,4,4,4,4,3,3,3,3,3,3,3,3,2,2,2,2,2,2,2,2","0.00101613998413086","louvain","edit-xhwikibooks.graphml"
"0.22","0.15","0.63","0.404804207758054","1,1,2,2,3,2,3,2,2,2,3,3,2,2,2,2,2,3,4,3,5,1,2,2,2,2,2,2,1,2,3,4,3,3,4,4,2,2,5,5,5,5,1,1,1,1,5,1,1,1,5,5,5,5,5,1,1,1,1,5,2,5,5,2,2,5,5,5,5,5,1,5,2,2,5,5,5,5,5,5,5,2,2,2,2,1,5,5,5,5,2,3,4,5,5,5,2,5,5,5,5,5,5,5,5,5,5,3,3,5,5,5,5,4,4,4,4,4,4,4,4,2,2,2,2,2,2,2,2","0.0009918212890625","louvain","edit-xhwikibooks.graphml"
"0.21","0.16","0.63","0.401687406242359","1,2,1,1,3,1,3,1,1,1,3,3,1,1,1,1,1,3,3,3,4,2,1,1,1,1,1,1,2,1,3,3,3,3,3,3,1,1,4,4,4,4,2,2,2,2,4,2,2,2,4,4,4,4,4,2,2,2,2,4,1,4,4,1,1,4,4,4,4,4,2,4,1,1,4,4,4,4,4,4,4,1,1,1,1,2,4,4,4,4,1,3,3,4,4,4,1,4,4,4,4,4,4,4,4,4,4,3,3,4,4,4,4,3,3,3,3,3,3,3,3,1,1,1,1,1,1,1,1","0.00092315673828125","louvain","edit-xhwikibooks.graphml"
"0.2","0.17","0.63","0.402039116188655","1,2,1,1,3,1,3,1,1,1,3,3,1,1,1,1,1,3,3,3,4,2,1,1,1,1,1,1,2,1,3,3,3,3,3,3,1,1,4,4,4,4,2,2,2,2,4,2,2,2,4,4,4,4,4,2,2,2,2,4,1,4,4,1,1,4,4,4,4,4,2,4,1,1,4,4,4,4,4,4,4,1,1,1,1,2,4,4,4,4,1,3,3,4,4,4,1,4,4,4,4,4,4,4,4,4,4,3,3,4,4,4,4,3,3,3,3,3,3,3,3,1,1,1,1,1,1,1,1","0.00101113319396973","louvain","edit-xhwikibooks.graphml"
"0.19","0.18","0.63","0.402286556774557","1,1,2,2,3,2,3,2,2,2,3,3,2,2,2,2,2,3,3,3,4,1,2,2,2,2,2,2,1,2,3,3,3,3,3,3,2,2,4,4,4,4,1,1,1,1,4,1,1,1,4,4,4,4,4,1,1,1,1,4,2,4,4,2,2,4,4,4,4,4,1,4,2,2,4,4,4,4,4,4,4,2,2,2,2,1,4,4,4,4,2,3,3,4,4,4,2,4,4,4,4,4,4,4,4,4,4,3,3,4,4,4,4,3,3,3,3,3,3,3,3,2,2,2,2,2,2,2,2","0.000997066497802734","louvain","edit-xhwikibooks.graphml"
"0.18","0.19","0.63","0.402162724681556","1,1,2,2,3,2,3,2,2,2,3,4,2,2,2,2,2,3,3,4,5,1,2,2,2,2,2,2,1,2,3,3,4,4,3,3,2,2,5,5,5,5,1,1,1,1,5,1,1,1,5,5,5,5,5,1,1,1,1,5,2,5,5,2,2,5,5,5,5,5,1,5,2,2,5,5,5,5,5,5,5,2,2,2,2,1,5,5,5,5,2,3,3,5,5,5,2,5,5,5,5,5,5,5,5,5,5,4,4,5,5,5,5,3,3,3,3,3,3,3,3,2,2,2,2,2,2,2,2","0.00123715400695801","louvain","edit-xhwikibooks.graphml"
"0.17","0.2","0.63","0.403288888888889","1,2,1,1,3,1,3,1,1,1,3,3,1,1,1,1,1,3,4,3,5,2,1,1,1,1,1,1,2,1,3,4,3,3,4,4,1,1,5,5,5,5,2,2,2,2,5,2,2,2,5,5,5,5,5,2,2,2,2,5,1,5,5,1,1,5,5,5,5,5,2,5,1,1,5,5,5,5,5,5,5,1,1,1,1,2,5,5,5,5,1,3,4,5,5,5,1,5,5,5,5,5,5,5,5,5,5,3,3,5,5,5,5,4,4,4,4,4,4,4,4,1,1,1,1,1,1,1,1","0.00119495391845703","louvain","edit-xhwikibooks.graphml"
"0.16","0.21","0.63","0.402950057022368","1,1,2,2,3,2,3,2,2,2,3,3,2,2,2,2,2,3,3,3,4,1,2,2,2,2,2,2,1,2,3,3,3,3,3,3,2,2,4,4,4,4,1,1,1,1,4,1,1,1,4,4,4,4,4,1,1,1,1,4,2,4,4,2,2,4,4,4,4,4,1,4,2,2,4,4,4,4,4,4,4,2,2,2,2,1,4,4,4,4,2,3,3,4,4,4,2,4,4,4,4,4,4,4,4,4,4,3,3,4,4,4,4,3,3,3,3,3,3,3,3,2,2,2,2,2,2,2,2","0.00102591514587402","louvain","edit-xhwikibooks.graphml"
"0.15","0.22","0.63","0.403128834823236","1,2,1,1,3,1,3,1,1,1,3,3,1,1,1,1,1,3,4,3,5,2,1,1,1,1,1,1,2,1,3,4,3,3,4,4,1,1,5,5,5,5,2,2,2,2,5,2,2,2,5,5,5,5,5,2,2,2,2,5,1,5,5,1,1,5,5,5,5,5,2,5,1,1,5,5,5,5,5,5,5,1,1,1,1,2,5,5,5,5,1,3,4,5,5,5,1,5,5,5,5,5,5,5,5,5,5,3,3,5,5,5,5,4,4,4,4,4,4,4,4,1,1,1,1,1,1,1,1","0.000900983810424805","louvain","edit-xhwikibooks.graphml"
"0.14","0.23","0.63","0.404017452586564","1,1,1,1,2,3,2,3,3,3,2,2,3,3,3,3,3,2,2,2,4,1,3,3,3,3,3,3,1,3,2,2,2,2,2,2,3,3,4,4,4,4,1,1,1,1,4,1,1,1,4,4,4,4,4,1,1,1,1,4,3,4,4,3,3,4,4,4,4,4,1,4,3,3,4,4,4,4,4,4,4,3,3,3,3,1,4,4,4,4,3,2,2,4,4,4,3,4,4,4,4,4,4,4,4,4,4,2,2,4,4,4,4,2,2,2,2,2,2,2,2,3,3,3,3,3,3,3,3","0.000983953475952148","louvain","edit-xhwikibooks.graphml"
"0.13","0.24","0.63","0.404537216513815","1,2,1,1,3,1,3,1,1,1,3,3,1,1,1,1,1,3,3,3,4,2,1,1,1,1,1,1,2,1,3,3,3,3,3,3,1,1,4,4,4,4,2,2,2,2,4,2,2,2,4,4,4,4,4,2,2,2,2,4,1,4,4,1,1,4,4,4,4,4,2,4,1,1,4,4,4,4,4,4,4,1,1,1,1,2,4,4,4,4,1,3,3,4,4,4,1,4,4,4,4,4,4,4,4,4,4,3,3,4,4,4,4,3,3,3,3,3,3,3,3,1,1,1,1,1,1,1,1","0.000916957855224609","louvain","edit-xhwikibooks.graphml"
"0.12","0.25","0.63","0.406869408895633","1,1,1,2,3,2,3,2,2,2,3,3,2,2,2,2,2,3,4,3,5,1,2,2,2,2,2,2,1,2,3,4,3,3,4,4,2,2,5,5,5,5,1,1,1,1,5,1,1,1,5,5,5,5,5,1,1,1,1,5,2,5,5,2,2,5,5,5,5,5,1,5,2,2,5,5,5,5,5,5,5,2,2,2,2,1,5,5,5,5,2,3,4,5,5,5,2,5,5,5,5,5,5,5,5,5,5,3,3,5,5,5,5,4,4,4,4,4,4,4,4,2,2,2,2,2,2,2,2","0.00088191032409668","louvain","edit-xhwikibooks.graphml"
"0.11","0.26","0.63","0.406279078433043","1,1,2,2,3,2,3,2,2,2,3,3,2,2,2,2,2,3,3,3,4,1,2,2,2,2,2,2,1,2,3,3,3,3,3,3,2,2,4,4,4,4,1,1,1,1,4,1,1,1,4,4,4,4,4,1,1,1,1,4,2,4,4,2,2,4,4,4,4,4,1,4,2,2,4,4,4,4,4,4,4,2,2,2,2,1,4,4,4,4,2,3,3,4,4,4,2,4,4,4,4,4,4,4,4,4,4,3,3,4,4,4,4,3,3,3,3,3,3,3,3,2,2,2,2,2,2,2,2","0.000931978225708008","louvain","edit-xhwikibooks.graphml"
"0.1","0.27","0.63","0.402498182883646","1,1,1,2,3,2,3,2,2,2,3,3,2,2,2,2,2,3,4,3,5,1,2,2,2,2,2,2,1,2,3,4,3,3,4,4,2,2,5,5,5,5,1,1,1,1,5,1,1,1,5,5,5,5,5,1,1,1,1,5,2,5,5,2,2,5,5,5,5,5,1,5,2,2,5,5,5,5,5,5,5,2,2,2,2,1,5,5,5,5,2,3,4,5,5,5,2,5,5,5,5,5,5,5,5,5,5,3,3,5,5,5,5,4,4,4,4,4,4,4,4,2,2,2,2,2,2,2,2","0.000930070877075195","louvain","edit-xhwikibooks.graphml"
"0.09","0.28","0.63","0.402856136282015","1,1,1,2,3,2,3,2,2,2,3,3,2,2,2,2,2,3,4,3,5,1,2,2,2,2,2,2,1,2,3,4,3,3,4,4,2,2,5,5,5,5,1,1,1,1,5,1,1,1,5,5,5,5,5,1,1,1,1,5,2,5,5,2,2,5,5,5,5,5,1,5,2,2,5,5,5,5,5,5,5,2,2,2,2,1,5,5,5,5,2,3,4,5,5,5,2,5,5,5,5,5,5,5,5,5,5,3,3,5,5,5,5,4,4,4,4,4,4,4,4,2,2,2,2,2,2,2,2","0.000966072082519531","louvain","edit-xhwikibooks.graphml"
"0.08","0.29","0.63","0.403452458950204","1,2,1,1,3,1,3,1,1,1,3,3,1,1,1,1,1,3,4,3,5,2,1,1,1,1,1,1,2,1,3,4,3,3,4,4,1,1,5,5,5,5,2,2,2,2,5,2,2,2,5,5,5,5,5,2,2,2,2,5,1,5,5,1,1,5,5,5,5,5,2,5,1,1,5,5,5,5,5,5,5,1,1,1,1,2,5,5,5,5,1,3,4,5,5,5,1,5,5,5,5,5,5,5,5,5,5,3,3,5,5,5,5,4,4,4,4,4,4,4,4,1,1,1,1,1,1,1,1","0.000941991806030273","louvain","edit-xhwikibooks.graphml"
"0.07","0.3","0.63","0.403708006776117","1,1,1,2,3,2,3,2,2,2,3,3,2,2,2,2,2,3,4,3,5,1,2,2,2,2,2,2,1,2,3,4,3,3,4,4,2,2,5,5,5,5,1,1,1,1,5,1,1,1,5,5,5,5,5,1,1,1,1,5,2,5,5,2,2,5,5,5,5,5,1,5,2,2,5,5,5,5,5,5,5,2,2,2,2,1,5,5,5,5,2,3,4,5,5,5,2,5,5,5,5,5,5,5,5,5,5,3,3,5,5,5,5,4,4,4,4,4,4,4,4,2,2,2,2,2,2,2,2","0.000905990600585938","louvain","edit-xhwikibooks.graphml"
"0.06","0.31","0.63","0.402720097923945","1,1,1,2,3,2,3,2,2,2,3,3,2,2,2,2,2,3,4,3,5,1,2,2,2,2,2,2,1,2,3,4,3,3,4,4,2,2,5,5,5,5,1,1,1,1,5,1,1,1,5,5,5,5,5,1,1,1,1,5,2,5,5,2,2,5,5,5,5,5,1,5,2,2,5,5,5,5,5,5,5,2,2,2,2,1,5,5,5,5,2,3,4,5,5,5,2,5,5,5,5,5,5,5,5,5,5,3,3,5,5,5,5,4,4,4,4,4,4,4,4,2,2,2,2,2,2,2,2","0.000790119171142578","louvain","edit-xhwikibooks.graphml"
"0.05","0.32","0.63","0.402377530963825","1,1,1,2,3,2,3,2,2,2,3,3,2,2,2,2,2,3,3,3,4,1,2,2,2,2,2,2,1,2,3,3,3,3,3,3,2,2,4,4,4,4,1,1,1,1,4,1,1,1,4,4,4,4,4,1,1,1,1,4,2,4,4,2,2,4,4,4,4,4,1,4,2,2,4,4,4,4,4,4,4,2,2,2,2,1,4,4,4,4,2,3,3,4,4,4,2,4,4,4,4,4,4,4,4,4,4,3,3,4,4,4,4,3,3,3,3,3,3,3,3,2,2,2,2,2,2,2,2","0.00075984001159668","louvain","edit-xhwikibooks.graphml"
"0.04","0.33","0.63","0.402428917765125","1,1,2,2,3,2,3,2,2,2,3,3,2,2,2,2,2,3,4,3,5,1,2,2,2,2,2,2,1,2,3,4,3,3,4,4,2,2,5,5,5,5,1,1,1,1,5,1,1,1,5,5,5,5,5,1,1,1,1,5,2,5,5,2,2,5,5,5,5,5,1,5,2,2,5,5,5,5,5,5,5,2,2,2,2,1,5,5,5,5,2,3,4,5,5,5,2,5,5,5,5,5,5,5,5,5,5,3,3,5,5,5,5,4,4,4,4,4,4,4,4,2,2,2,2,2,2,2,2","0.000839948654174805","louvain","edit-xhwikibooks.graphml"
"0.03","0.34","0.63","0.40873358905083","1,2,1,1,3,1,3,1,1,1,3,4,1,1,1,1,1,3,3,4,5,2,1,1,1,1,1,1,2,1,3,3,4,4,3,3,1,1,5,5,5,5,2,2,2,2,5,2,2,2,5,5,5,5,5,2,2,2,2,5,1,5,5,1,1,5,5,5,5,5,2,5,1,1,5,5,5,5,5,5,5,1,1,1,1,2,5,5,5,5,1,3,3,5,5,5,1,5,5,5,5,5,5,5,5,5,5,4,4,5,5,5,5,3,3,3,3,3,3,3,3,1,1,1,1,1,1,1,1","0.000863075256347656","louvain","edit-xhwikibooks.graphml"
"0.02","0.35","0.63","0.409657673177342","1,1,1,2,3,2,3,2,2,2,3,3,2,2,2,2,2,3,4,3,5,1,2,2,2,2,2,2,1,2,3,4,3,3,4,4,2,2,5,5,5,5,1,1,1,1,5,1,1,1,5,5,5,5,5,1,1,1,1,5,2,5,5,2,2,5,5,5,5,5,1,5,2,2,5,5,5,5,5,5,5,2,2,2,2,1,5,5,5,5,2,3,4,5,5,5,2,5,5,5,5,5,5,5,5,5,5,3,3,5,5,5,5,4,4,4,4,4,4,4,4,2,2,2,2,2,2,2,2","0.000796794891357422","louvain","edit-xhwikibooks.graphml"
"0.01","0.36","0.63","0.409061117715654","1,2,1,1,3,1,3,1,1,1,3,3,1,1,1,1,1,3,4,3,5,2,1,1,1,1,1,1,2,1,3,4,3,3,4,4,1,1,5,5,5,5,2,2,2,2,5,2,2,2,5,5,5,5,5,2,2,2,2,5,1,5,5,1,1,5,5,5,5,5,2,5,1,1,5,5,5,5,5,5,5,1,1,1,1,2,5,5,5,5,1,3,4,5,5,5,1,5,5,5,5,5,5,5,5,5,5,3,3,5,5,5,5,4,4,4,4,4,4,4,4,1,1,1,1,1,1,1,1","0.000778913497924805","louvain","edit-xhwikibooks.graphml"
"0","0.37","0.63","0.411587455334459","1,1,1,1,1,2,3,2,2,2,3,3,2,2,2,2,2,3,4,3,5,1,2,2,2,2,2,2,1,2,3,4,3,3,4,4,2,2,5,5,5,5,1,1,1,1,5,1,1,1,5,5,5,5,5,1,1,1,1,5,2,5,5,2,2,5,5,5,5,5,1,5,2,2,5,5,5,5,5,5,5,2,2,2,2,1,5,5,5,5,2,3,4,5,5,5,2,5,5,5,5,5,5,5,5,5,5,3,3,5,5,5,5,4,4,4,4,4,4,4,4,2,2,2,2,2,2,2,2","0.000828981399536133","louvain","edit-xhwikibooks.graphml"
"0.36","0","0.64","0.402107813519225","1,1,2,2,3,2,3,2,2,2,3,3,2,2,2,2,2,3,4,3,5,1,2,2,2,2,2,2,1,2,3,4,3,3,4,4,2,2,5,5,5,5,1,1,1,1,5,1,1,1,5,5,5,5,5,1,1,1,1,5,2,5,5,2,2,5,5,5,5,5,1,5,2,2,5,5,5,5,5,5,5,2,2,2,2,1,5,5,5,5,2,3,4,5,5,5,2,5,5,5,5,5,5,5,5,5,5,3,3,5,5,5,5,4,4,4,4,4,4,4,4,2,2,2,2,2,2,2,2","0.000778913497924805","louvain","edit-xhwikibooks.graphml"
"0.35","0.01","0.64","0.402107813519225","1,1,2,2,3,2,3,2,2,2,3,3,2,2,2,2,2,3,4,3,5,1,2,2,2,2,2,2,1,2,3,4,3,3,4,4,2,2,5,5,5,5,1,1,1,1,5,1,1,1,5,5,5,5,5,1,1,1,1,5,2,5,5,2,2,5,5,5,5,5,1,5,2,2,5,5,5,5,5,5,5,2,2,2,2,1,5,5,5,5,2,3,4,5,5,5,2,5,5,5,5,5,5,5,5,5,5,3,3,5,5,5,5,4,4,4,4,4,4,4,4,2,2,2,2,2,2,2,2","0.000849008560180664","louvain","edit-xhwikibooks.graphml"
"0.34","0.02","0.64","0.401743961178396","1,1,2,2,3,2,3,2,2,2,3,3,2,2,2,2,2,3,3,3,4,1,2,2,2,2,2,2,1,2,3,3,3,3,3,3,2,2,4,4,4,4,1,1,1,1,4,1,1,1,4,4,4,4,4,1,1,1,1,4,2,4,4,2,2,4,4,4,4,4,1,4,2,2,4,4,4,4,4,4,4,2,2,2,2,1,4,4,4,4,2,3,3,4,4,4,2,4,4,4,4,4,4,4,4,4,4,3,3,4,4,4,4,3,3,3,3,3,3,3,3,2,2,2,2,2,2,2,2","0.00074005126953125","louvain","edit-xhwikibooks.graphml"
"0.33","0.03","0.64","0.401951851363401","1,1,2,2,3,2,3,2,2,2,3,3,2,2,2,2,2,3,4,3,5,1,2,2,2,2,2,2,1,2,3,4,3,3,4,4,2,2,5,5,5,5,1,1,1,1,5,1,1,1,5,5,5,5,5,1,1,1,1,5,2,5,5,2,2,5,5,5,5,5,1,5,2,2,5,5,5,5,5,5,5,2,2,2,2,1,5,5,5,5,2,3,4,5,5,5,2,5,5,5,5,5,5,5,5,5,5,3,3,5,5,5,5,4,4,4,4,4,4,4,4,2,2,2,2,2,2,2,2","0.000910043716430664","louvain","edit-xhwikibooks.graphml"
"0.32","0.04","0.64","0.401730254822259","1,1,1,2,3,2,3,2,2,2,3,3,2,2,2,2,2,3,3,3,4,1,2,2,2,2,2,2,1,2,3,3,3,3,3,3,2,2,4,4,4,4,1,1,1,1,4,1,1,1,4,4,4,4,4,1,1,1,1,4,2,4,4,2,2,4,4,4,4,4,1,4,2,2,4,4,4,4,4,4,4,2,2,2,2,1,4,4,4,4,2,3,3,4,4,4,2,4,4,4,4,4,4,4,4,4,4,3,3,4,4,4,4,3,3,3,3,3,3,3,3,2,2,2,2,2,2,2,2","0.00100994110107422","louvain","edit-xhwikibooks.graphml"
"0.31","0.05","0.64","0.40132072039021","1,1,2,2,3,2,3,2,2,2,3,3,2,2,2,2,2,3,4,3,5,1,2,2,2,2,2,2,1,2,3,4,3,3,4,4,2,2,5,5,5,5,1,1,1,1,5,1,1,1,5,5,5,5,5,1,1,1,1,5,2,5,5,2,2,5,5,5,5,5,1,5,2,2,5,5,5,5,5,5,5,2,2,2,2,1,5,5,5,5,2,3,4,5,5,5,2,5,5,5,5,5,5,5,5,5,5,3,3,5,5,5,5,4,4,4,4,4,4,4,4,2,2,2,2,2,2,2,2","0.000841140747070312","louvain","edit-xhwikibooks.graphml"
"0.3","0.06","0.64","0.400957982743248","1,1,2,2,3,2,3,2,2,2,3,3,2,2,2,2,2,3,3,3,4,1,2,2,2,2,2,2,1,2,3,3,3,3,3,3,2,2,4,4,4,4,1,1,1,1,4,1,1,1,4,4,4,4,4,1,1,1,1,4,2,4,4,2,2,4,4,4,4,4,1,4,2,2,4,4,4,4,4,4,4,2,2,2,2,1,4,4,4,4,2,3,3,4,4,4,2,4,4,4,4,4,4,4,4,4,4,3,3,4,4,4,4,3,3,3,3,3,3,3,3,2,2,2,2,2,2,2,2","0.000839948654174805","louvain","edit-xhwikibooks.graphml"
"0.29","0.07","0.64","0.40038275","1,1,1,2,1,2,1,2,2,2,1,1,2,2,2,2,2,1,3,1,4,1,2,2,2,2,2,2,1,2,1,3,1,1,3,3,2,2,4,4,4,4,1,1,1,1,4,1,1,1,4,4,4,4,4,1,1,1,1,4,2,4,4,2,2,4,4,4,4,4,1,4,2,2,4,4,4,4,4,4,4,2,2,2,2,1,4,4,4,4,2,1,3,4,4,4,2,4,4,4,4,4,4,4,4,4,4,1,1,4,4,4,4,3,3,3,3,3,3,3,3,2,2,2,2,2,2,2,2","0.000838994979858398","louvain","edit-xhwikibooks.graphml"
"0.28","0.08","0.64","0.401828316538606","1,1,2,2,3,2,3,2,2,2,3,3,2,2,2,2,2,3,3,3,4,1,2,2,2,2,2,2,1,2,3,3,3,3,3,3,2,2,4,4,4,4,1,1,1,1,4,1,1,1,4,4,4,4,4,1,1,1,1,4,2,4,4,2,2,4,4,4,4,4,1,4,2,2,4,4,4,4,4,4,4,2,2,2,2,1,4,4,4,4,2,3,3,4,4,4,2,4,4,4,4,4,4,4,4,4,4,3,3,4,4,4,4,3,3,3,3,3,3,3,3,2,2,2,2,2,2,2,2","0.000831127166748047","louvain","edit-xhwikibooks.graphml"
"0.27","0.09","0.64","0.408899802577073","1,1,2,2,3,2,3,2,2,2,3,3,2,2,2,2,2,3,3,3,4,1,2,2,2,2,2,2,1,2,3,3,3,3,3,3,2,2,4,4,4,4,1,1,1,1,4,1,1,1,4,4,4,4,4,1,1,1,1,4,2,4,4,2,2,4,4,4,4,4,1,4,2,2,4,4,4,4,4,4,4,2,2,2,2,1,4,4,4,4,2,3,3,4,4,4,2,4,4,4,4,4,4,4,4,4,4,3,3,4,4,4,4,3,3,3,3,3,3,3,3,2,2,2,2,2,2,2,2","0.000863075256347656","louvain","edit-xhwikibooks.graphml"
"0.26","0.1","0.64","0.409311176498081","1,1,2,2,3,2,3,2,2,2,3,3,2,2,2,2,2,3,4,3,5,1,2,2,2,2,2,2,1,2,3,4,3,3,4,4,2,2,5,5,5,5,1,1,1,1,5,1,1,1,5,5,5,5,5,1,1,1,1,5,2,5,5,2,2,5,5,5,5,5,1,5,2,2,5,5,5,5,5,5,5,2,2,2,2,1,5,5,5,5,2,3,4,5,5,5,2,5,5,5,5,5,5,5,5,5,5,3,3,5,5,5,5,4,4,4,4,4,4,4,4,2,2,2,2,2,2,2,2","0.000945091247558594","louvain","edit-xhwikibooks.graphml"
"0.25","0.11","0.64","0.409150380670276","1,1,2,2,3,2,3,2,2,2,3,3,2,2,2,2,2,3,4,3,5,1,2,2,2,2,2,2,1,2,3,4,3,3,4,4,2,2,5,5,5,5,1,1,1,1,5,1,1,1,5,5,5,5,5,1,1,1,1,5,2,5,5,2,2,5,5,5,5,5,1,5,2,2,5,5,5,5,5,5,5,2,2,2,2,1,5,5,5,5,2,3,4,5,5,5,2,5,5,5,5,5,5,5,5,5,5,3,3,5,5,5,5,4,4,4,4,4,4,4,4,2,2,2,2,2,2,2,2","0.000837802886962891","louvain","edit-xhwikibooks.graphml"
"0.24","0.12","0.64","0.410788291105418","1,1,1,2,3,2,3,2,2,2,3,3,2,2,2,2,2,3,4,3,5,1,2,2,2,2,2,2,1,2,3,4,3,3,4,4,2,2,5,5,5,5,1,1,1,1,5,1,1,1,5,5,5,5,5,1,1,1,1,5,2,5,5,2,2,5,5,5,5,5,1,5,2,2,5,5,5,5,5,5,5,2,2,2,2,1,5,5,5,5,2,3,4,5,5,5,2,5,5,5,5,5,5,5,5,5,5,3,3,5,5,5,5,4,4,4,4,4,4,4,4,2,2,2,2,2,2,2,2","0.000754833221435547","louvain","edit-xhwikibooks.graphml"
"0.23","0.13","0.64","0.403736928411276","1,1,2,2,3,2,3,2,2,2,3,3,2,2,2,2,2,3,3,3,4,1,2,2,2,2,2,2,1,2,3,3,3,3,3,3,2,2,4,4,4,4,1,1,1,1,4,1,1,1,4,4,4,4,4,1,1,1,1,4,2,4,4,2,2,4,4,4,4,4,1,4,2,2,4,4,4,4,4,4,4,2,2,2,2,1,4,4,4,4,2,3,3,4,4,4,2,4,4,4,4,4,4,4,4,4,4,3,3,4,4,4,4,3,3,3,3,3,3,3,3,2,2,2,2,2,2,2,2","0.000751018524169922","louvain","edit-xhwikibooks.graphml"
"0.22","0.14","0.64","0.403736928411276","1,1,2,2,3,2,3,2,2,2,3,3,2,2,2,2,2,3,3,3,4,1,2,2,2,2,2,2,1,2,3,3,3,3,3,3,2,2,4,4,4,4,1,1,1,1,4,1,1,1,4,4,4,4,4,1,1,1,1,4,2,4,4,2,2,4,4,4,4,4,1,4,2,2,4,4,4,4,4,4,4,2,2,2,2,1,4,4,4,4,2,3,3,4,4,4,2,4,4,4,4,4,4,4,4,4,4,3,3,4,4,4,4,3,3,3,3,3,3,3,3,2,2,2,2,2,2,2,2","0.00117015838623047","louvain","edit-xhwikibooks.graphml"
"0.21","0.15","0.64","0.404989733102661","1,1,2,2,3,2,3,2,2,2,3,3,2,2,2,2,2,3,4,3,5,1,2,2,2,2,2,2,1,2,3,4,3,3,4,4,2,2,5,5,5,5,1,1,1,1,5,1,1,1,5,5,5,5,5,1,1,1,1,5,2,5,5,2,2,5,5,5,5,5,1,5,2,2,5,5,5,5,5,5,5,2,2,2,2,1,5,5,5,5,2,3,4,5,5,5,2,5,5,5,5,5,5,5,5,5,5,3,3,5,5,5,5,4,4,4,4,4,4,4,4,2,2,2,2,2,2,2,2","0.000880002975463867","louvain","edit-xhwikibooks.graphml"
"0.2","0.16","0.64","0.405507144469535","1,1,2,2,3,2,3,2,2,2,3,3,2,2,2,2,2,3,4,3,5,1,2,2,2,2,2,2,1,2,3,4,3,3,4,4,2,2,5,5,5,5,1,1,1,1,5,1,1,1,5,5,5,5,5,1,1,1,1,5,2,5,5,2,2,5,5,5,5,5,1,5,2,2,5,5,5,5,5,5,5,2,2,2,2,1,5,5,5,5,2,3,4,5,5,5,2,5,5,5,5,5,5,5,5,5,5,3,3,5,5,5,5,4,4,4,4,4,4,4,4,2,2,2,2,2,2,2,2","0.00132918357849121","louvain","edit-xhwikibooks.graphml"
"0.19","0.17","0.64","0.405618880043956","1,1,1,2,3,2,3,2,2,2,3,4,2,2,2,2,2,3,3,4,5,1,2,2,2,2,2,2,1,2,3,3,4,4,3,3,2,2,5,5,5,5,1,1,1,1,5,1,1,1,5,5,5,5,5,1,1,1,1,5,2,5,5,2,2,5,5,5,5,5,1,5,2,2,5,5,5,5,5,5,5,2,2,2,2,1,5,5,5,5,2,3,3,5,5,5,2,5,5,5,5,5,5,5,5,5,5,4,4,5,5,5,5,3,3,3,3,3,3,3,3,2,2,2,2,2,2,2,2","0.000955104827880859","louvain","edit-xhwikibooks.graphml"
"0.18","0.18","0.64","0.406015135955416","1,1,1,2,3,2,3,2,2,2,3,3,2,2,2,2,2,3,4,3,5,1,2,2,2,2,2,2,1,2,3,4,3,3,4,4,2,2,5,5,5,5,1,1,1,1,5,1,1,1,5,5,5,5,5,1,1,1,1,5,2,5,5,2,2,5,5,5,5,5,1,5,2,2,5,5,5,5,5,5,5,2,2,2,2,1,5,5,5,5,2,3,4,5,5,5,2,5,5,5,5,5,5,5,5,5,5,3,3,5,5,5,5,4,4,4,4,4,4,4,4,2,2,2,2,2,2,2,2","0.000894069671630859","louvain","edit-xhwikibooks.graphml"
"0.17","0.19","0.64","0.405428240305117","1,1,1,2,3,2,3,2,2,2,3,3,2,2,2,2,2,3,3,3,4,1,2,2,2,2,2,2,1,2,3,3,3,3,3,3,2,2,4,4,4,4,1,1,1,1,4,1,1,1,4,4,4,4,4,1,1,1,1,4,2,4,4,2,2,4,4,4,4,4,1,4,2,2,4,4,4,4,4,4,4,2,2,2,2,1,4,4,4,4,2,3,3,4,4,4,2,4,4,4,4,4,4,4,4,4,4,3,3,4,4,4,4,3,3,3,3,3,3,3,3,2,2,2,2,2,2,2,2","0.000793933868408203","louvain","edit-xhwikibooks.graphml"
"0.16","0.2","0.64","0.405785280471099","1,1,1,2,1,2,1,2,2,2,1,1,2,2,2,2,2,1,3,1,4,1,2,2,2,2,2,2,1,2,1,3,1,1,3,3,2,2,4,4,4,4,1,1,1,1,4,1,1,1,4,4,4,4,4,1,1,1,1,4,2,4,4,2,2,4,4,4,4,4,1,4,2,2,4,4,4,4,4,4,4,2,2,2,2,1,4,4,4,4,2,1,3,4,4,4,2,4,4,4,4,4,4,4,4,4,4,1,1,4,4,4,4,3,3,3,3,3,3,3,3,2,2,2,2,2,2,2,2","0.000800132751464844","louvain","edit-xhwikibooks.graphml"
"0.15","0.21","0.64","0.403322681059166","1,2,1,1,3,1,3,1,1,1,3,3,1,1,1,1,1,3,4,3,5,2,1,1,1,1,1,1,2,1,3,4,3,3,4,4,1,1,5,5,5,5,2,2,2,2,5,2,2,2,5,5,5,5,5,2,2,2,2,5,1,5,5,1,1,5,5,5,5,5,2,5,1,1,5,5,5,5,5,5,5,1,1,1,1,2,5,5,5,5,1,3,4,5,5,5,1,5,5,5,5,5,5,5,5,5,5,3,3,5,5,5,5,4,4,4,4,4,4,4,4,1,1,1,1,1,1,1,1","0.000793933868408203","louvain","edit-xhwikibooks.graphml"
"0.14","0.22","0.64","0.403802948888928","1,1,1,2,3,2,3,2,2,2,3,3,2,2,2,2,2,3,3,3,4,1,2,2,2,2,2,2,1,2,3,3,3,3,3,3,2,2,4,4,4,4,1,1,1,1,4,1,1,1,4,4,4,4,4,1,1,1,1,4,2,4,4,2,2,4,4,4,4,4,1,4,2,2,4,4,4,4,4,4,4,2,2,2,2,1,4,4,4,4,2,3,3,4,4,4,2,4,4,4,4,4,4,4,4,4,4,3,3,4,4,4,4,3,3,3,3,3,3,3,3,2,2,2,2,2,2,2,2","0.000758171081542969","louvain","edit-xhwikibooks.graphml"
"0.13","0.23","0.64","0.404676137362073","1,1,1,2,3,2,3,2,2,2,3,4,2,2,2,2,2,3,3,4,5,1,2,2,2,2,2,2,1,2,3,3,4,4,3,3,2,2,5,5,5,5,1,1,1,1,5,1,1,1,5,5,5,5,5,1,1,1,1,5,2,5,5,2,2,5,5,5,5,5,1,5,2,2,5,5,5,5,5,5,5,2,2,2,2,1,5,5,5,5,2,3,3,5,5,5,2,5,5,5,5,5,5,5,5,5,5,4,4,5,5,5,5,3,3,3,3,3,3,3,3,2,2,2,2,2,2,2,2","0.000779151916503906","louvain","edit-xhwikibooks.graphml"
"0.12","0.24","0.64","0.405153394940325","1,1,1,2,3,2,3,2,2,2,3,3,2,2,2,2,2,3,3,3,4,1,2,2,2,2,2,2,1,2,3,3,3,3,3,3,2,2,4,4,4,4,1,1,1,1,4,1,1,1,4,4,4,4,4,1,1,1,1,4,2,4,4,2,2,4,4,4,4,4,1,4,2,2,4,4,4,4,4,4,4,2,2,2,2,1,4,4,4,4,2,3,3,4,4,4,2,4,4,4,4,4,4,4,4,4,4,3,3,4,4,4,4,3,3,3,3,3,3,3,3,2,2,2,2,2,2,2,2","0.000828027725219727","louvain","edit-xhwikibooks.graphml"
"0.11","0.25","0.64","0.406374584874195","1,1,1,2,3,2,3,2,2,2,3,3,2,2,2,2,2,3,4,3,5,1,2,2,2,2,2,2,1,2,3,4,3,3,4,4,2,2,5,5,5,5,1,1,1,1,5,1,1,1,5,5,5,5,5,1,1,1,1,5,2,5,5,2,2,5,5,5,5,5,1,5,2,2,5,5,5,5,5,5,5,2,2,2,2,1,5,5,5,5,2,3,4,5,5,5,2,5,5,5,5,5,5,5,5,5,5,3,3,5,5,5,5,4,4,4,4,4,4,4,4,2,2,2,2,2,2,2,2","0.000928878784179688","louvain","edit-xhwikibooks.graphml"
"0.1","0.26","0.64","0.406374584874195","1,1,1,2,3,2,3,2,2,2,3,3,2,2,2,2,2,3,4,3,5,1,2,2,2,2,2,2,1,2,3,4,3,3,4,4,2,2,5,5,5,5,1,1,1,1,5,1,1,1,5,5,5,5,5,1,1,1,1,5,2,5,5,2,2,5,5,5,5,5,1,5,2,2,5,5,5,5,5,5,5,2,2,2,2,1,5,5,5,5,2,3,4,5,5,5,2,5,5,5,5,5,5,5,5,5,5,3,3,5,5,5,5,4,4,4,4,4,4,4,4,2,2,2,2,2,2,2,2","0.000790119171142578","louvain","edit-xhwikibooks.graphml"
"0.09","0.27","0.64","0.405924970894711","1,2,1,1,3,1,3,1,1,1,3,3,1,1,1,1,1,3,4,3,5,2,1,1,1,1,1,1,2,1,3,4,3,3,4,4,1,1,5,5,5,5,2,2,2,2,5,2,2,2,5,5,5,5,5,2,2,2,2,5,1,5,5,1,1,5,5,5,5,5,2,5,1,1,5,5,5,5,5,5,5,1,1,1,1,2,5,5,5,5,1,3,4,5,5,5,1,5,5,5,5,5,5,5,5,5,5,3,3,5,5,5,5,4,4,4,4,4,4,4,4,1,1,1,1,1,1,1,1","0.000703096389770508","louvain","edit-xhwikibooks.graphml"
"0.08","0.28","0.64","0.405885473205395","1,2,1,1,3,1,3,1,1,1,3,4,1,1,1,1,1,3,3,4,5,2,1,1,1,1,1,1,2,1,3,3,4,4,3,3,1,1,5,5,5,5,2,2,2,2,5,2,2,2,5,5,5,5,5,2,2,2,2,5,1,5,5,1,1,5,5,5,5,5,2,5,1,1,5,5,5,5,5,5,5,1,1,1,1,2,5,5,5,5,1,3,3,5,5,5,1,5,5,5,5,5,5,5,5,5,5,4,4,5,5,5,5,3,3,3,3,3,3,3,3,1,1,1,1,1,1,1,1","0.000777006149291992","louvain","edit-xhwikibooks.graphml"
"0.07","0.29","0.64","0.402962696476344","1,2,1,1,3,1,3,1,1,1,3,3,1,1,1,1,1,3,4,3,5,2,1,1,1,1,1,1,2,1,3,4,3,3,4,4,1,1,5,5,5,5,2,2,2,2,5,2,2,2,5,5,5,5,5,2,2,2,2,5,1,5,5,1,1,5,5,5,5,5,2,5,1,1,5,5,5,5,5,5,5,1,1,1,1,2,5,5,5,5,1,3,4,5,5,5,1,5,5,5,5,5,5,5,5,5,5,3,3,5,5,5,5,4,4,4,4,4,4,4,4,1,1,1,1,1,1,1,1","0.000806093215942383","louvain","edit-xhwikibooks.graphml"
"0.06","0.3","0.64","0.403214402959171","1,1,1,2,3,2,3,2,2,2,3,3,2,2,2,2,2,3,4,3,5,1,2,2,2,2,2,2,1,2,3,4,3,3,4,4,2,2,5,5,5,5,1,1,1,1,5,1,1,1,5,5,5,5,5,1,1,1,1,5,2,5,5,2,2,5,5,5,5,5,1,5,2,2,5,5,5,5,5,5,5,2,2,2,2,1,5,5,5,5,2,3,4,5,5,5,2,5,5,5,5,5,5,5,5,5,5,3,3,5,5,5,5,4,4,4,4,4,4,4,4,2,2,2,2,2,2,2,2","0.000806808471679688","louvain","edit-xhwikibooks.graphml"
"0.05","0.31","0.64","0.403729363742539","1,1,1,2,3,2,3,2,2,2,3,3,2,2,2,2,2,3,4,3,5,1,2,2,2,2,2,2,1,2,3,4,3,3,4,4,2,2,5,5,5,5,1,1,1,1,5,1,1,1,5,5,5,5,5,1,1,1,1,5,2,5,5,2,2,5,5,5,5,5,1,5,2,2,5,5,5,5,5,5,5,2,2,2,2,1,5,5,5,5,2,3,4,5,5,5,2,5,5,5,5,5,5,5,5,5,5,3,3,5,5,5,5,4,4,4,4,4,4,4,4,2,2,2,2,2,2,2,2","0.000805139541625977","louvain","edit-xhwikibooks.graphml"
"0.04","0.32","0.64","0.403569572879291","1,1,1,2,3,2,3,2,2,2,3,3,2,2,2,2,2,3,4,3,5,1,2,2,2,2,2,2,1,2,3,4,3,3,4,4,2,2,5,5,5,5,1,1,1,1,5,1,1,1,5,5,5,5,5,1,1,1,1,5,2,5,5,2,2,5,5,5,5,5,1,5,2,2,5,5,5,5,5,5,5,2,2,2,2,1,5,5,5,5,2,3,4,5,5,5,2,5,5,5,5,5,5,5,5,5,5,3,3,5,5,5,5,4,4,4,4,4,4,4,4,2,2,2,2,2,2,2,2","0.000811100006103516","louvain","edit-xhwikibooks.graphml"
"0.03","0.33","0.64","0.403166052996481","1,2,1,1,3,1,3,1,1,1,3,3,1,1,1,1,1,3,4,3,5,2,1,1,1,1,1,1,2,1,3,4,3,3,4,4,1,1,5,5,5,5,2,2,2,2,5,2,2,2,5,5,5,5,5,2,2,2,2,5,1,5,5,1,1,5,5,5,5,5,2,5,1,1,5,5,5,5,5,5,5,1,1,1,1,2,5,5,5,5,1,3,4,5,5,5,1,5,5,5,5,5,5,5,5,5,5,3,3,5,5,5,5,4,4,4,4,4,4,4,4,1,1,1,1,1,1,1,1","0.000833988189697266","louvain","edit-xhwikibooks.graphml"
"0.02","0.34","0.64","0.410625681880244","1,1,1,2,3,2,3,2,2,2,3,3,2,2,2,2,2,3,4,3,5,1,2,2,2,2,2,2,1,2,3,4,3,3,4,4,2,2,5,5,5,5,1,1,1,1,5,1,1,1,5,5,5,5,5,1,1,1,1,5,2,5,5,2,2,5,5,5,5,5,1,5,2,2,5,5,5,5,5,5,5,2,2,2,2,1,5,5,5,5,2,3,4,5,5,5,2,5,5,5,5,5,5,5,5,5,5,3,3,5,5,5,5,4,4,4,4,4,4,4,4,2,2,2,2,2,2,2,2","0.000792980194091797","louvain","edit-xhwikibooks.graphml"
"0.01","0.35","0.64","0.410625681880244","1,1,1,2,3,2,3,2,2,2,3,3,2,2,2,2,2,3,4,3,5,1,2,2,2,2,2,2,1,2,3,4,3,3,4,4,2,2,5,5,5,5,1,1,1,1,5,1,1,1,5,5,5,5,5,1,1,1,1,5,2,5,5,2,2,5,5,5,5,5,1,5,2,2,5,5,5,5,5,5,5,2,2,2,2,1,5,5,5,5,2,3,4,5,5,5,2,5,5,5,5,5,5,5,5,5,5,3,3,5,5,5,5,4,4,4,4,4,4,4,4,2,2,2,2,2,2,2,2","0.00091099739074707","louvain","edit-xhwikibooks.graphml"
"0","0.36","0.64","0.412543978497391","1,1,1,1,1,2,3,2,2,2,3,3,2,2,2,2,2,3,4,3,5,1,2,2,2,2,2,2,1,2,3,4,3,3,4,4,2,2,5,5,5,5,1,1,1,1,5,1,1,1,5,5,5,5,5,1,1,1,1,5,2,5,5,2,2,5,5,5,5,5,1,5,2,2,5,5,5,5,5,5,5,2,2,2,2,1,5,5,5,5,2,3,4,5,5,5,2,5,5,5,5,5,5,5,5,5,5,3,3,5,5,5,5,4,4,4,4,4,4,4,4,2,2,2,2,2,2,2,2","0.000891923904418945","louvain","edit-xhwikibooks.graphml"
"0.35","0","0.65","0.404858654897197","1,1,1,2,3,2,3,2,2,2,3,3,2,2,2,2,2,3,3,3,4,1,2,2,2,2,2,2,1,2,3,3,3,3,3,3,2,2,4,4,4,4,1,1,1,1,4,1,1,1,4,4,4,4,4,1,1,1,1,4,2,4,4,2,2,4,4,4,4,4,1,4,2,2,4,4,4,4,4,4,4,2,2,2,2,1,4,4,4,4,2,3,3,4,4,4,2,4,4,4,4,4,4,4,4,4,4,3,3,4,4,4,4,3,3,3,3,3,3,3,3,2,2,2,2,2,2,2,2","0.00111699104309082","louvain","edit-xhwikibooks.graphml"
"0.34","0.01","0.65","0.404717643702944","1,1,2,2,3,2,3,2,2,2,3,3,2,2,2,2,2,3,3,3,4,1,2,2,2,2,2,2,1,2,3,3,3,3,3,3,2,2,4,4,4,4,1,1,1,1,4,1,1,1,4,4,4,4,4,1,1,1,1,4,2,4,4,2,2,4,4,4,4,4,1,4,2,2,4,4,4,4,4,4,4,2,2,2,2,1,4,4,4,4,2,3,3,4,4,4,2,4,4,4,4,4,4,4,4,4,4,3,3,4,4,4,4,3,3,3,3,3,3,3,3,2,2,2,2,2,2,2,2","0.000905990600585938","louvain","edit-xhwikibooks.graphml"
"0.33","0.02","0.65","0.404717643702944","1,1,2,2,3,2,3,2,2,2,3,3,2,2,2,2,2,3,3,3,4,1,2,2,2,2,2,2,1,2,3,3,3,3,3,3,2,2,4,4,4,4,1,1,1,1,4,1,1,1,4,4,4,4,4,1,1,1,1,4,2,4,4,2,2,4,4,4,4,4,1,4,2,2,4,4,4,4,4,4,4,2,2,2,2,1,4,4,4,4,2,3,3,4,4,4,2,4,4,4,4,4,4,4,4,4,4,3,3,4,4,4,4,3,3,3,3,3,3,3,3,2,2,2,2,2,2,2,2","0.000918149948120117","louvain","edit-xhwikibooks.graphml"
"0.32","0.03","0.65","0.404703769583023","1,1,1,2,3,2,3,2,2,2,3,3,2,2,2,2,2,3,3,3,4,1,2,2,2,2,2,2,1,2,3,3,3,3,3,3,2,2,4,4,4,4,1,1,1,1,4,1,1,1,4,4,4,4,4,1,1,1,1,4,2,4,4,2,2,4,4,4,4,4,1,4,2,2,4,4,4,4,4,4,4,2,2,2,2,1,4,4,4,4,2,3,3,4,4,4,2,4,4,4,4,4,4,4,4,4,4,3,3,4,4,4,4,3,3,3,3,3,3,3,3,2,2,2,2,2,2,2,2","0.000967979431152344","louvain","edit-xhwikibooks.graphml"
"0.31","0.04","0.65","0.404994563578356","1,1,2,2,3,2,3,2,2,2,3,3,2,2,2,2,2,3,4,3,5,1,2,2,2,2,2,2,1,2,3,4,3,3,4,4,2,2,5,5,5,5,1,1,1,1,5,1,1,1,5,5,5,5,5,1,1,1,1,5,2,5,5,2,2,5,5,5,5,5,1,5,2,2,5,5,5,5,5,5,5,2,2,2,2,1,5,5,5,5,2,3,4,5,5,5,2,5,5,5,5,5,5,5,5,5,5,3,3,5,5,5,5,4,4,4,4,4,4,4,4,2,2,2,2,2,2,2,2","0.000818967819213867","louvain","edit-xhwikibooks.graphml"
"0.3","0.05","0.65","0.404408261380284","1,1,2,2,3,2,3,2,2,2,3,3,2,2,2,2,2,3,3,3,4,1,2,2,2,2,2,2,1,2,3,3,3,3,3,3,2,2,4,4,4,4,1,1,1,1,4,1,1,1,4,4,4,4,4,1,1,1,1,4,2,4,4,2,2,4,4,4,4,4,1,4,2,2,4,4,4,4,4,4,4,2,2,2,2,1,4,4,4,4,2,3,3,4,4,4,2,4,4,4,4,4,4,4,4,4,4,3,3,4,4,4,4,3,3,3,3,3,3,3,3,2,2,2,2,2,2,2,2","0.000926017761230469","louvain","edit-xhwikibooks.graphml"
"0.29","0.06","0.65","0.404408261380284","1,1,2,2,3,2,3,2,2,2,3,3,2,2,2,2,2,3,3,3,4,1,2,2,2,2,2,2,1,2,3,3,3,3,3,3,2,2,4,4,4,4,1,1,1,1,4,1,1,1,4,4,4,4,4,1,1,1,1,4,2,4,4,2,2,4,4,4,4,4,1,4,2,2,4,4,4,4,4,4,4,2,2,2,2,1,4,4,4,4,2,3,3,4,4,4,2,4,4,4,4,4,4,4,4,4,4,3,3,4,4,4,4,3,3,3,3,3,3,3,3,2,2,2,2,2,2,2,2","0.000838041305541992","louvain","edit-xhwikibooks.graphml"
"0.28","0.07","0.65","0.405327387583111","1,1,1,2,3,2,3,2,2,2,3,3,2,2,2,2,2,3,4,3,5,1,2,2,2,2,2,2,1,2,3,4,3,3,4,4,2,2,5,5,5,5,1,1,1,1,5,1,1,1,5,5,5,5,5,1,1,1,1,5,2,5,5,2,2,5,5,5,5,5,1,5,2,2,5,5,5,5,5,5,5,2,2,2,2,1,5,5,5,5,2,3,4,5,5,5,2,5,5,5,5,5,5,5,5,5,5,3,3,5,5,5,5,4,4,4,4,4,4,4,4,2,2,2,2,2,2,2,2","0.000791072845458984","louvain","edit-xhwikibooks.graphml"
"0.27","0.08","0.65","0.405266586366493","1,1,2,2,3,2,3,2,2,2,3,3,2,2,2,2,2,3,3,3,4,1,2,2,2,2,2,2,1,2,3,3,3,3,3,3,2,2,4,4,4,4,1,1,1,1,4,1,1,1,4,4,4,4,4,1,1,1,1,4,2,4,4,2,2,4,4,4,4,4,1,4,2,2,4,4,4,4,4,4,4,2,2,2,2,1,4,4,4,4,2,3,3,4,4,4,2,4,4,4,4,4,4,4,4,4,4,3,3,4,4,4,4,3,3,3,3,3,3,3,3,2,2,2,2,2,2,2,2","0.000823020935058594","louvain","edit-xhwikibooks.graphml"
"0.26","0.09","0.65","0.405248275676558","1,1,1,2,3,2,3,2,2,2,3,3,2,2,2,2,2,3,3,3,4,1,2,2,2,2,2,2,1,2,3,3,3,3,3,3,2,2,4,4,4,4,1,1,1,1,4,1,1,1,4,4,4,4,4,1,1,1,1,4,2,4,4,2,2,4,4,4,4,4,1,4,2,2,4,4,4,4,4,4,4,2,2,2,2,1,4,4,4,4,2,3,3,4,4,4,2,4,4,4,4,4,4,4,4,4,4,3,3,4,4,4,4,3,3,3,3,3,3,3,3,2,2,2,2,2,2,2,2","0.000772953033447266","louvain","edit-xhwikibooks.graphml"
"0.25","0.1","0.65","0.405674097008294","1,1,1,2,3,2,3,2,2,2,3,3,2,2,2,2,2,3,4,3,5,1,2,2,2,2,2,2,1,2,3,4,3,3,4,4,2,2,5,5,5,5,1,1,1,1,5,1,1,1,5,5,5,5,5,1,1,1,1,5,2,5,5,2,2,5,5,5,5,5,1,5,2,2,5,5,5,5,5,5,5,2,2,2,2,1,5,5,5,5,2,3,4,5,5,5,2,5,5,5,5,5,5,5,5,5,5,3,3,5,5,5,5,4,4,4,4,4,4,4,4,2,2,2,2,2,2,2,2","0.000983953475952148","louvain","edit-xhwikibooks.graphml"
"0.24","0.11","0.65","0.401519321140334","1,1,2,2,3,2,3,2,2,2,3,3,2,2,2,2,2,3,3,3,4,1,2,2,2,2,2,2,1,2,3,3,3,3,3,3,2,2,4,4,4,4,1,1,1,1,4,1,1,1,4,4,4,4,4,1,1,1,1,4,2,4,4,2,2,4,4,4,4,4,1,4,2,2,4,4,4,4,4,4,4,2,2,2,2,1,4,4,4,4,2,3,3,4,4,4,2,4,4,4,4,4,4,4,4,4,4,3,3,4,4,4,4,3,3,3,3,3,3,3,3,2,2,2,2,2,2,2,2","0.000892162322998047","louvain","edit-xhwikibooks.graphml"
"0.23","0.12","0.65","0.403325660255934","1,1,2,2,3,2,3,2,2,2,3,3,2,2,2,2,2,3,4,3,5,1,2,2,2,2,2,2,1,2,3,4,3,3,4,4,2,2,5,5,5,5,1,1,1,1,5,1,1,1,5,5,5,5,5,1,1,1,1,5,2,5,5,2,2,5,5,5,5,5,1,5,2,2,5,5,5,5,5,5,5,2,2,2,2,1,5,5,5,5,2,3,4,5,5,5,2,5,5,5,5,5,5,5,5,5,5,3,3,5,5,5,5,4,4,4,4,4,4,4,4,2,2,2,2,2,2,2,2","0.000828027725219727","louvain","edit-xhwikibooks.graphml"
"0.22","0.13","0.65","0.40280780421753","1,1,2,2,3,2,3,2,2,2,3,3,2,2,2,2,2,3,3,3,4,1,2,2,2,2,2,2,1,2,3,3,3,3,3,3,2,2,4,4,4,4,1,1,1,1,4,1,1,1,4,4,4,4,4,1,1,1,1,4,2,4,4,2,2,4,4,4,4,4,1,4,2,2,4,4,4,4,4,4,4,2,2,2,2,1,4,4,4,4,2,3,3,4,4,4,2,4,4,4,4,4,4,4,4,4,4,3,3,4,4,4,4,3,3,3,3,3,3,3,3,2,2,2,2,2,2,2,2","0.000922918319702148","louvain","edit-xhwikibooks.graphml"
"0.21","0.14","0.65","0.40280780421753","1,1,2,2,3,2,3,2,2,2,3,3,2,2,2,2,2,3,3,3,4,1,2,2,2,2,2,2,1,2,3,3,3,3,3,3,2,2,4,4,4,4,1,1,1,1,4,1,1,1,4,4,4,4,4,1,1,1,1,4,2,4,4,2,2,4,4,4,4,4,1,4,2,2,4,4,4,4,4,4,4,2,2,2,2,1,4,4,4,4,2,3,3,4,4,4,2,4,4,4,4,4,4,4,4,4,4,3,3,4,4,4,4,3,3,3,3,3,3,3,3,2,2,2,2,2,2,2,2","0.000848054885864258","louvain","edit-xhwikibooks.graphml"
"0.2","0.15","0.65","0.403991325862951","1,1,2,2,3,2,3,2,2,2,3,3,2,2,2,2,2,3,4,3,5,1,2,2,2,2,2,2,1,2,3,4,3,3,4,4,2,2,5,5,5,5,1,1,1,1,5,1,1,1,5,5,5,5,5,1,1,1,1,5,2,5,5,2,2,5,5,5,5,5,1,5,2,2,5,5,5,5,5,5,5,2,2,2,2,1,5,5,5,5,2,3,4,5,5,5,2,5,5,5,5,5,5,5,5,5,5,3,3,5,5,5,5,4,4,4,4,4,4,4,4,2,2,2,2,2,2,2,2","0.000799894332885742","louvain","edit-xhwikibooks.graphml"
"0.19","0.16","0.65","0.404349621153511","1,1,2,2,3,2,3,2,2,2,3,3,2,2,2,2,2,3,4,3,5,1,2,2,2,2,2,2,1,2,3,4,3,3,4,4,2,2,5,5,5,5,1,1,1,1,5,1,1,1,5,5,5,5,5,1,1,1,1,5,2,5,5,2,2,5,5,5,5,5,1,5,2,2,5,5,5,5,5,5,5,2,2,2,2,1,5,5,5,5,2,3,4,5,5,5,2,5,5,5,5,5,5,5,5,5,5,3,3,5,5,5,5,4,4,4,4,4,4,4,4,2,2,2,2,2,2,2,2","0.000787973403930664","louvain","edit-xhwikibooks.graphml"
"0.18","0.17","0.65","0.404315154948309","1,1,2,2,3,2,3,2,2,2,3,3,2,2,2,2,2,3,3,3,4,1,2,2,2,2,2,2,1,2,3,3,3,3,3,3,2,2,4,4,4,4,1,1,1,1,4,1,1,1,4,4,4,4,4,1,1,1,1,4,2,4,4,2,2,4,4,4,4,4,1,4,2,2,4,4,4,4,4,4,4,2,2,2,2,1,4,4,4,4,2,3,3,4,4,4,2,4,4,4,4,4,4,4,4,4,4,3,3,4,4,4,4,3,3,3,3,3,3,3,3,2,2,2,2,2,2,2,2","0.000818967819213867","louvain","edit-xhwikibooks.graphml"
"0.17","0.18","0.65","0.404699493254684","1,1,2,2,3,2,3,2,2,2,3,3,2,2,2,2,2,3,4,3,5,1,2,2,2,2,2,2,1,2,3,4,3,3,4,4,2,2,5,5,5,5,1,1,1,1,5,1,1,1,5,5,5,5,5,1,1,1,1,5,2,5,5,2,2,5,5,5,5,5,1,5,2,2,5,5,5,5,5,5,5,2,2,2,2,1,5,5,5,5,2,3,4,5,5,5,2,5,5,5,5,5,5,5,5,5,5,3,3,5,5,5,5,4,4,4,4,4,4,4,4,2,2,2,2,2,2,2,2","0.000856161117553711","louvain","edit-xhwikibooks.graphml"
"0.16","0.19","0.65","0.404160933760078","1,1,2,2,3,2,3,2,2,2,3,3,2,2,2,2,2,3,3,3,4,1,2,2,2,2,2,2,1,2,3,3,3,3,3,3,2,2,4,4,4,4,1,1,1,1,4,1,1,1,4,4,4,4,4,1,1,1,1,4,2,4,4,2,2,4,4,4,4,4,1,4,2,2,4,4,4,4,4,4,4,2,2,2,2,1,4,4,4,4,2,3,3,4,4,4,2,4,4,4,4,4,4,4,4,4,4,3,3,4,4,4,4,3,3,3,3,3,3,3,3,2,2,2,2,2,2,2,2","0.000918149948120117","louvain","edit-xhwikibooks.graphml"
"0.15","0.2","0.65","0.406151221641067","1,1,1,2,3,2,3,2,2,2,3,3,2,2,2,2,2,3,4,3,5,1,2,2,2,2,2,2,1,2,3,4,3,3,4,4,2,2,5,5,5,5,1,1,1,1,5,1,1,1,5,5,5,5,5,1,1,1,1,5,2,5,5,2,2,5,5,5,5,5,1,5,2,2,5,5,5,5,5,5,5,2,2,2,2,1,5,5,5,5,2,3,4,5,5,5,2,5,5,5,5,5,5,5,5,5,5,3,3,5,5,5,5,4,4,4,4,4,4,4,4,2,2,2,2,2,2,2,2","0.000855922698974609","louvain","edit-xhwikibooks.graphml"
"0.14","0.21","0.65","0.399917147858518","1,1,1,2,3,2,3,2,2,2,3,3,2,2,2,2,2,3,4,3,5,1,2,2,2,2,2,2,1,2,3,4,3,3,4,4,2,2,5,5,5,5,1,1,1,1,5,1,1,1,5,5,5,5,5,1,1,1,1,5,2,5,5,2,2,5,5,5,5,5,1,5,2,2,5,5,5,5,5,5,5,2,2,2,2,1,5,5,5,5,2,3,4,5,5,5,2,5,5,5,5,5,5,5,5,5,5,3,3,5,5,5,5,4,4,4,4,4,4,4,4,2,2,2,2,2,2,2,2","0.00104284286499023","louvain","edit-xhwikibooks.graphml"
"0.13","0.22","0.65","0.399771771425504","1,1,2,2,3,2,3,2,2,2,3,3,2,2,2,2,2,3,4,3,5,1,2,2,2,2,2,2,1,2,3,4,3,3,4,4,2,2,5,5,5,5,1,1,1,1,5,1,1,1,5,5,5,5,5,1,1,1,1,5,2,5,5,2,2,5,5,5,5,5,1,5,2,2,5,5,5,5,5,5,5,2,2,2,2,1,5,5,5,5,2,3,4,5,5,5,2,5,5,5,5,5,5,5,5,5,5,3,3,5,5,5,5,4,4,4,4,4,4,4,4,2,2,2,2,2,2,2,2","0.00080108642578125","louvain","edit-xhwikibooks.graphml"
"0.12","0.23","0.65","0.400375884428484","1,1,1,2,3,2,3,2,2,2,3,3,2,2,2,2,2,3,3,3,4,1,2,2,2,2,2,2,1,2,3,3,3,3,3,3,2,2,4,4,4,4,1,1,1,1,4,1,1,1,4,4,4,4,4,1,1,1,1,4,2,4,4,2,2,4,4,4,4,4,1,4,2,2,4,4,4,4,4,4,4,2,2,2,2,1,4,4,4,4,2,3,3,4,4,4,2,4,4,4,4,4,4,4,4,4,4,3,3,4,4,4,4,3,3,3,3,3,3,3,3,2,2,2,2,2,2,2,2","0.000797033309936523","louvain","edit-xhwikibooks.graphml"
"0.11","0.24","0.65","0.400883022697458","1,1,1,2,3,2,3,2,2,2,3,3,2,2,2,2,2,3,3,3,4,1,2,2,2,2,2,2,1,2,3,3,3,3,3,3,2,2,4,4,4,4,1,1,1,1,4,1,1,1,4,4,4,4,4,1,1,1,1,4,2,4,4,2,2,4,4,4,4,4,1,4,2,2,4,4,4,4,4,4,4,2,2,2,2,1,4,4,4,4,2,3,3,4,4,4,2,4,4,4,4,4,4,4,4,4,4,3,3,4,4,4,4,3,3,3,3,3,3,3,3,2,2,2,2,2,2,2,2","0.000869035720825195","louvain","edit-xhwikibooks.graphml"
"0.1","0.25","0.65","0.402384648079136","1,1,2,2,3,2,3,2,2,2,3,3,2,2,2,2,2,3,4,3,5,1,2,2,2,2,2,2,1,2,3,4,3,3,4,4,2,2,5,5,5,5,1,1,1,1,5,1,1,1,5,5,5,5,5,1,1,1,1,5,2,5,5,2,2,5,5,5,5,5,1,5,2,2,5,5,5,5,5,5,5,2,2,2,2,1,5,5,5,5,2,3,4,5,5,5,2,5,5,5,5,5,5,5,5,5,5,3,3,5,5,5,5,4,4,4,4,4,4,4,4,2,2,2,2,2,2,2,2","0.000919818878173828","louvain","edit-xhwikibooks.graphml"
"0.09","0.26","0.65","0.399258171497278","1,1,1,2,3,2,3,2,2,2,3,3,2,2,2,2,2,3,3,3,4,1,2,2,2,2,2,2,1,2,3,3,3,3,3,3,2,2,4,4,4,4,1,1,1,1,4,1,1,1,4,4,4,4,4,1,1,1,1,4,2,4,4,2,2,4,4,4,4,4,1,4,2,2,4,4,4,4,4,4,4,2,2,2,2,1,4,4,4,4,2,3,3,4,4,4,2,4,4,4,4,4,4,4,4,4,4,3,3,4,4,4,4,3,3,3,3,3,3,3,3,2,2,2,2,2,2,2,2","0.000841140747070312","louvain","edit-xhwikibooks.graphml"
"0.08","0.27","0.65","0.399766630055244","1,1,1,2,3,2,3,2,2,2,3,3,2,2,2,2,2,3,3,3,4,1,2,2,2,2,2,2,1,2,3,3,3,3,3,3,2,2,4,4,4,4,1,1,1,1,4,1,1,1,4,4,4,4,4,1,1,1,1,4,2,4,4,2,2,4,4,4,4,4,1,4,2,2,4,4,4,4,4,4,4,2,2,2,2,1,4,4,4,4,2,3,3,4,4,4,2,4,4,4,4,4,4,4,4,4,4,3,3,4,4,4,4,3,3,3,3,3,3,3,3,2,2,2,2,2,2,2,2","0.000738859176635742","louvain","edit-xhwikibooks.graphml"
"0.07","0.28","0.65","0.399612757109973","1,1,1,2,3,2,3,2,2,2,3,3,2,2,2,2,2,3,3,3,4,1,2,2,2,2,2,2,1,2,3,3,3,3,3,3,2,2,4,4,4,4,1,1,1,1,4,1,1,1,4,4,4,4,4,1,1,1,1,4,2,4,4,2,2,4,4,4,4,4,1,4,2,2,4,4,4,4,4,4,4,2,2,2,2,1,4,4,4,4,2,3,3,4,4,4,2,4,4,4,4,4,4,4,4,4,4,3,3,4,4,4,4,3,3,3,3,3,3,3,3,2,2,2,2,2,2,2,2","0.000734090805053711","louvain","edit-xhwikibooks.graphml"
"0.06","0.29","0.65","0.400979807042437","1,1,1,2,3,2,3,2,2,2,3,3,2,2,2,2,2,3,4,3,5,1,2,2,2,2,2,2,1,2,3,4,3,3,4,4,2,2,5,5,5,5,1,1,1,1,5,1,1,1,5,5,5,5,5,1,1,1,1,5,2,5,5,2,2,5,5,5,5,5,1,5,2,2,5,5,5,5,5,5,5,2,2,2,2,1,5,5,5,5,2,3,4,5,5,5,2,5,5,5,5,5,5,5,5,5,5,3,3,5,5,5,5,4,4,4,4,4,4,4,4,2,2,2,2,2,2,2,2","0.000951051712036133","louvain","edit-xhwikibooks.graphml"
"0.05","0.3","0.65","0.40001799036516","1,2,1,1,3,1,3,1,1,1,3,3,1,1,1,1,1,3,3,3,4,2,1,1,1,1,1,1,2,1,3,3,3,3,3,3,1,1,4,4,4,4,2,2,2,2,4,2,2,2,4,4,4,4,4,2,2,2,2,4,1,4,4,1,1,4,4,4,4,4,2,4,1,1,4,4,4,4,4,4,4,1,1,1,1,2,4,4,4,4,1,3,3,4,4,4,1,4,4,4,4,4,4,4,4,4,4,3,3,4,4,4,4,3,3,3,3,3,3,3,3,1,1,1,1,1,1,1,1","0.000777006149291992","louvain","edit-xhwikibooks.graphml"
"0.04","0.31","0.65","0.396861840191872","1,1,1,2,3,2,3,2,2,2,3,3,2,2,2,2,2,3,3,3,4,1,2,2,2,2,2,2,1,2,3,3,3,3,3,3,2,2,4,4,4,4,1,1,1,1,4,1,1,1,4,4,4,4,4,1,1,1,1,4,2,4,4,2,2,4,4,4,4,4,1,4,2,2,4,4,4,4,4,4,4,2,2,2,2,1,4,4,4,4,2,3,3,4,4,4,2,4,4,4,4,4,4,4,4,4,4,3,3,4,4,4,4,3,3,3,3,3,3,3,3,2,2,2,2,2,2,2,2","0.000777006149291992","louvain","edit-xhwikibooks.graphml"
"0.03","0.32","0.65","0.396728254177524","1,1,2,2,3,2,3,2,2,2,3,3,2,2,2,2,2,3,4,3,5,1,2,2,2,2,2,2,1,2,3,4,3,3,4,4,2,2,5,5,5,5,1,1,1,1,5,1,1,1,5,5,5,5,5,1,1,1,1,5,2,5,5,2,2,5,5,5,5,5,1,5,2,2,5,5,5,5,5,5,5,2,2,2,2,1,5,5,5,5,2,3,4,5,5,5,2,5,5,5,5,5,5,5,5,5,5,3,3,5,5,5,5,4,4,4,4,4,4,4,4,2,2,2,2,2,2,2,2","0.00087285041809082","louvain","edit-xhwikibooks.graphml"
"0.02","0.33","0.65","0.396582483939777","1,1,2,2,3,2,3,2,2,2,3,3,2,2,2,2,2,3,3,3,4,1,2,2,2,2,2,2,1,2,3,3,3,3,3,3,2,2,4,4,4,4,1,1,1,1,4,1,1,1,4,4,4,4,4,1,1,1,1,4,2,4,4,2,2,4,4,4,4,4,1,4,2,2,4,4,4,4,4,4,4,2,2,2,2,1,4,4,4,4,2,3,3,4,4,4,2,4,4,4,4,4,4,4,4,4,4,3,3,4,4,4,4,3,3,3,3,3,3,3,3,2,2,2,2,2,2,2,2","0.000782012939453125","louvain","edit-xhwikibooks.graphml"
"0.01","0.34","0.65","0.403451009704931","1,2,1,1,3,1,3,1,1,1,3,3,1,1,1,1,1,3,4,3,5,2,1,1,1,1,1,1,2,1,3,4,3,3,4,4,1,1,5,5,5,5,2,2,2,2,5,2,2,2,5,5,5,5,5,2,2,2,2,5,1,5,5,1,1,5,5,5,5,5,2,5,1,1,5,5,5,5,5,5,5,1,1,1,1,2,5,5,5,5,1,3,4,5,5,5,1,5,5,5,5,5,5,5,5,5,5,3,3,5,5,5,5,4,4,4,4,4,4,4,4,1,1,1,1,1,1,1,1","0.000699043273925781","louvain","edit-xhwikibooks.graphml"
"0","0.35","0.65","0.403289314043345","1,1,1,1,1,1,2,1,1,1,2,2,1,1,1,1,1,2,3,2,4,5,1,1,1,1,1,1,1,1,2,3,2,2,3,3,1,1,4,4,4,4,5,5,5,5,4,5,5,5,4,4,4,4,4,5,5,5,5,4,1,4,4,1,1,4,4,4,4,4,5,4,1,1,4,4,4,4,4,4,4,1,1,1,1,1,4,4,4,4,1,2,3,4,4,4,1,4,4,4,4,4,4,4,4,4,4,2,2,4,4,4,4,3,3,3,3,3,3,3,3,1,1,1,1,1,1,1,1","0.000865936279296875","louvain","edit-xhwikibooks.graphml"
"0.34","0","0.66","0.397709243764071","1,1,2,2,3,2,3,2,2,2,3,3,2,2,2,2,2,3,3,3,4,1,2,2,2,2,2,2,1,2,3,3,3,3,3,3,2,2,4,4,4,4,1,1,1,1,4,1,1,1,4,4,4,4,4,1,1,1,1,4,2,4,4,2,2,4,4,4,4,4,1,4,2,2,4,4,4,4,4,4,4,2,2,2,2,1,4,4,4,4,2,3,3,4,4,4,2,4,4,4,4,4,4,4,4,4,4,3,3,4,4,4,4,3,3,3,3,3,3,3,3,2,2,2,2,2,2,2,2","0.000882148742675781","louvain","edit-xhwikibooks.graphml"
"0.33","0.01","0.66","0.397709243764071","1,1,2,2,3,2,3,2,2,2,3,3,2,2,2,2,2,3,3,3,4,1,2,2,2,2,2,2,1,2,3,3,3,3,3,3,2,2,4,4,4,4,1,1,1,1,4,1,1,1,4,4,4,4,4,1,1,1,1,4,2,4,4,2,2,4,4,4,4,4,1,4,2,2,4,4,4,4,4,4,4,2,2,2,2,1,4,4,4,4,2,3,3,4,4,4,2,4,4,4,4,4,4,4,4,4,4,3,3,4,4,4,4,3,3,3,3,3,3,3,3,2,2,2,2,2,2,2,2","0.000929117202758789","louvain","edit-xhwikibooks.graphml"
"0.32","0.02","0.66","0.397709243764071","1,1,2,2,3,2,3,2,2,2,3,3,2,2,2,2,2,3,3,3,4,1,2,2,2,2,2,2,1,2,3,3,3,3,3,3,2,2,4,4,4,4,1,1,1,1,4,1,1,1,4,4,4,4,4,1,1,1,1,4,2,4,4,2,2,4,4,4,4,4,1,4,2,2,4,4,4,4,4,4,4,2,2,2,2,1,4,4,4,4,2,3,3,4,4,4,2,4,4,4,4,4,4,4,4,4,4,3,3,4,4,4,4,3,3,3,3,3,3,3,3,2,2,2,2,2,2,2,2","0.000869989395141602","louvain","edit-xhwikibooks.graphml"
"0.31","0.03","0.66","0.404994563578356","1,1,2,2,3,2,3,2,2,2,3,3,2,2,2,2,2,3,4,3,5,1,2,2,2,2,2,2,1,2,3,4,3,3,4,4,2,2,5,5,5,5,1,1,1,1,5,1,1,1,5,5,5,5,5,1,1,1,1,5,2,5,5,2,2,5,5,5,5,5,1,5,2,2,5,5,5,5,5,5,5,2,2,2,2,1,5,5,5,5,2,3,4,5,5,5,2,5,5,5,5,5,5,5,5,5,5,3,3,5,5,5,5,4,4,4,4,4,4,4,4,2,2,2,2,2,2,2,2","0.000914812088012695","louvain","edit-xhwikibooks.graphml"
"0.3","0.04","0.66","0.404739483301852","1,1,1,2,3,2,3,2,2,2,3,4,2,2,2,2,2,3,3,4,5,1,2,2,2,2,2,2,1,2,3,3,4,4,3,3,2,2,5,5,5,5,1,1,1,1,5,1,1,1,5,5,5,5,5,1,1,1,1,5,2,5,5,2,2,5,5,5,5,5,1,5,2,2,5,5,5,5,5,5,5,2,2,2,2,1,5,5,5,5,2,3,3,5,5,5,2,5,5,5,5,5,5,5,5,5,5,4,4,5,5,5,5,3,3,3,3,3,3,3,3,2,2,2,2,2,2,2,2","0.000923871994018555","louvain","edit-xhwikibooks.graphml"
"0.29","0.05","0.66","0.404979483811152","1,1,1,2,3,2,3,2,2,2,3,3,2,2,2,2,2,3,4,3,5,1,2,2,2,2,2,2,1,2,3,4,3,3,4,4,2,2,5,5,5,5,1,1,1,1,5,1,1,1,5,5,5,5,5,1,1,1,1,5,2,5,5,2,2,5,5,5,5,5,1,5,2,2,5,5,5,5,5,5,5,2,2,2,2,1,5,5,5,5,2,3,4,5,5,5,2,5,5,5,5,5,5,5,5,5,5,3,3,5,5,5,5,4,4,4,4,4,4,4,4,2,2,2,2,2,2,2,2","0.000751972198486328","louvain","edit-xhwikibooks.graphml"
"0.28","0.06","0.66","0.404548991955315","1,1,1,2,3,2,3,2,2,2,3,3,2,2,2,2,2,3,3,3,4,1,2,2,2,2,2,2,1,2,3,3,3,3,3,3,2,2,4,4,4,4,1,1,1,1,4,1,1,1,4,4,4,4,4,1,1,1,1,4,2,4,4,2,2,4,4,4,4,4,1,4,2,2,4,4,4,4,4,4,4,2,2,2,2,1,4,4,4,4,2,3,3,4,4,4,2,4,4,4,4,4,4,4,4,4,4,3,3,4,4,4,4,3,3,3,3,3,3,3,3,2,2,2,2,2,2,2,2","0.000841140747070312","louvain","edit-xhwikibooks.graphml"
"0.27","0.07","0.66","0.405188914970645","1,1,2,2,3,2,3,2,2,2,3,3,2,2,2,2,2,3,4,3,5,1,2,2,2,2,2,2,1,2,3,4,3,3,4,4,2,2,5,5,5,5,1,1,1,1,5,1,1,1,5,5,5,5,5,1,1,1,1,5,2,5,5,2,2,5,5,5,5,5,1,5,2,2,5,5,5,5,5,5,5,2,2,2,2,1,5,5,5,5,2,3,4,5,5,5,2,5,5,5,5,5,5,5,5,5,5,3,3,5,5,5,5,4,4,4,4,4,4,4,4,2,2,2,2,2,2,2,2","0.000847101211547852","louvain","edit-xhwikibooks.graphml"
"0.26","0.08","0.66","0.405266586366493","1,1,2,2,3,2,3,2,2,2,3,3,2,2,2,2,2,3,3,3,4,1,2,2,2,2,2,2,1,2,3,3,3,3,3,3,2,2,4,4,4,4,1,1,1,1,4,1,1,1,4,4,4,4,4,1,1,1,1,4,2,4,4,2,2,4,4,4,4,4,1,4,2,2,4,4,4,4,4,4,4,2,2,2,2,1,4,4,4,4,2,3,3,4,4,4,2,4,4,4,4,4,4,4,4,4,4,3,3,4,4,4,4,3,3,3,3,3,3,3,3,2,2,2,2,2,2,2,2","0.000873088836669922","louvain","edit-xhwikibooks.graphml"
"0.25","0.09","0.66","0.405537873667165","1,1,2,2,3,2,3,2,2,2,3,3,2,2,2,2,2,3,4,3,5,1,2,2,2,2,2,2,1,2,3,4,3,3,4,4,2,2,5,5,5,5,1,1,1,1,5,1,1,1,5,5,5,5,5,1,1,1,1,5,2,5,5,2,2,5,5,5,5,5,1,5,2,2,5,5,5,5,5,5,5,2,2,2,2,1,5,5,5,5,2,3,4,5,5,5,2,5,5,5,5,5,5,5,5,5,5,3,3,5,5,5,5,4,4,4,4,4,4,4,4,2,2,2,2,2,2,2,2","0.000807046890258789","louvain","edit-xhwikibooks.graphml"
"0.24","0.1","0.66","0.405537873667165","1,1,2,2,3,2,3,2,2,2,3,3,2,2,2,2,2,3,4,3,5,1,2,2,2,2,2,2,1,2,3,4,3,3,4,4,2,2,5,5,5,5,1,1,1,1,5,1,1,1,5,5,5,5,5,1,1,1,1,5,2,5,5,2,2,5,5,5,5,5,1,5,2,2,5,5,5,5,5,5,5,2,2,2,2,1,5,5,5,5,2,3,4,5,5,5,2,5,5,5,5,5,5,5,5,5,5,3,3,5,5,5,5,4,4,4,4,4,4,4,4,2,2,2,2,2,2,2,2","0.000695943832397461","louvain","edit-xhwikibooks.graphml"
"0.23","0.11","0.66","0.405518372386344","1,1,1,2,3,2,3,2,2,2,3,3,2,2,2,2,2,3,4,3,5,1,2,2,2,2,2,2,1,2,3,4,3,3,4,4,2,2,5,5,5,5,1,1,1,1,5,1,1,1,5,5,5,5,5,1,1,1,1,5,2,5,5,2,2,5,5,5,5,5,1,5,2,2,5,5,5,5,5,5,5,2,2,2,2,1,5,5,5,5,2,3,4,5,5,5,2,5,5,5,5,5,5,5,5,5,5,3,3,5,5,5,5,4,4,4,4,4,4,4,4,2,2,2,2,2,2,2,2","0.000762939453125","louvain","edit-xhwikibooks.graphml"
"0.22","0.12","0.66","0.406419627514171","1,1,2,2,3,2,3,2,2,2,3,4,2,2,2,2,2,3,3,4,5,1,2,2,2,2,2,2,1,2,3,3,4,4,3,3,2,2,5,5,5,5,1,1,1,1,5,1,1,1,5,5,5,5,5,1,1,1,1,5,2,5,5,2,2,5,5,5,5,5,1,5,2,2,5,5,5,5,5,5,5,2,2,2,2,1,5,5,5,5,2,3,3,5,5,5,2,5,5,5,5,5,5,5,5,5,5,4,4,5,5,5,5,3,3,3,3,3,3,3,3,2,2,2,2,2,2,2,2","0.000832080841064453","louvain","edit-xhwikibooks.graphml"
"0.21","0.13","0.66","0.406660914013718","1,1,2,2,3,2,3,2,2,2,3,3,2,2,2,2,2,3,4,3,5,1,2,2,2,2,2,2,1,2,3,4,3,3,4,4,2,2,5,5,5,5,1,1,1,1,5,1,1,1,5,5,5,5,5,1,1,1,1,5,2,5,5,2,2,5,5,5,5,5,1,5,2,2,5,5,5,5,5,5,5,2,2,2,2,1,5,5,5,5,2,3,4,5,5,5,2,5,5,5,5,5,5,5,5,5,5,3,3,5,5,5,5,4,4,4,4,4,4,4,4,2,2,2,2,2,2,2,2","0.000772953033447266","louvain","edit-xhwikibooks.graphml"
"0.2","0.14","0.66","0.406227868902376","1,1,2,2,3,2,3,2,2,2,3,3,2,2,2,2,2,3,3,3,4,1,2,2,2,2,2,2,1,2,3,3,3,3,3,3,2,2,4,4,4,4,1,1,1,1,4,1,1,1,4,4,4,4,4,1,1,1,1,4,2,4,4,2,2,4,4,4,4,4,1,4,2,2,4,4,4,4,4,4,4,2,2,2,2,1,4,4,4,4,2,3,3,4,4,4,2,4,4,4,4,4,4,4,4,4,4,3,3,4,4,4,4,3,3,3,3,3,3,3,3,2,2,2,2,2,2,2,2","0.000857114791870117","louvain","edit-xhwikibooks.graphml"
"0.19","0.15","0.66","0.407025955326567","1,1,2,2,3,2,3,2,2,2,3,3,2,2,2,2,2,3,3,3,4,1,2,2,2,2,2,2,1,2,3,3,3,3,3,3,2,2,4,4,4,4,1,1,1,1,4,1,1,1,4,4,4,4,4,1,1,1,1,4,2,4,4,2,2,4,4,4,4,4,1,4,2,2,4,4,4,4,4,4,4,2,2,2,2,1,4,4,4,4,2,3,3,4,4,4,2,4,4,4,4,4,4,4,4,4,4,3,3,4,4,4,4,3,3,3,3,3,3,3,3,2,2,2,2,2,2,2,2","0.000909090042114258","louvain","edit-xhwikibooks.graphml"
"0.18","0.16","0.66","0.407968332516405","1,1,2,2,3,2,3,2,2,2,3,3,2,2,2,2,2,3,4,3,5,1,2,2,2,2,2,2,1,2,3,4,3,3,4,4,2,2,5,5,5,5,1,1,1,1,5,1,1,1,5,5,5,5,5,1,1,1,1,5,2,5,5,2,2,5,5,5,5,5,1,5,2,2,5,5,5,5,5,5,5,2,2,2,2,1,5,5,5,5,2,3,4,5,5,5,2,5,5,5,5,5,5,5,5,5,5,3,3,5,5,5,5,4,4,4,4,4,4,4,4,2,2,2,2,2,2,2,2","0.000760078430175781","louvain","edit-xhwikibooks.graphml"
"0.17","0.17","0.66","0.408309524832445","1,1,2,2,3,2,3,2,2,2,3,3,2,2,2,2,2,3,4,3,5,1,2,2,2,2,2,2,1,2,3,4,3,3,4,4,2,2,5,5,5,5,1,1,1,1,5,1,1,1,5,5,5,5,5,1,1,1,1,5,2,5,5,2,2,5,5,5,5,5,1,5,2,2,5,5,5,5,5,5,5,2,2,2,2,1,5,5,5,5,2,3,4,5,5,5,2,5,5,5,5,5,5,5,5,5,5,3,3,5,5,5,5,4,4,4,4,4,4,4,4,2,2,2,2,2,2,2,2","0.000866174697875977","louvain","edit-xhwikibooks.graphml"
"0.16","0.18","0.66","0.40852491998171","1,1,1,2,3,2,3,2,2,2,3,3,2,2,2,2,2,3,3,3,4,1,2,2,2,2,2,2,1,2,3,3,3,3,3,3,2,2,4,4,4,4,1,1,1,1,4,1,1,1,4,4,4,4,4,1,1,1,1,4,2,4,4,2,2,4,4,4,4,4,1,4,2,2,4,4,4,4,4,4,4,2,2,2,2,1,4,4,4,4,2,3,3,4,4,4,2,4,4,4,4,4,4,4,4,4,4,3,3,4,4,4,4,3,3,3,3,3,3,3,3,2,2,2,2,2,2,2,2","0.000789880752563477","louvain","edit-xhwikibooks.graphml"
"0.15","0.19","0.66","0.408370477962207","1,1,1,2,3,2,3,2,2,2,3,3,2,2,2,2,2,3,3,3,4,1,2,2,2,2,2,2,1,2,3,3,3,3,3,3,2,2,4,4,4,4,1,1,1,1,4,1,1,1,4,4,4,4,4,1,1,1,1,4,2,4,4,2,2,4,4,4,4,4,1,4,2,2,4,4,4,4,4,4,4,2,2,2,2,1,4,4,4,4,2,3,3,4,4,4,2,4,4,4,4,4,4,4,4,4,4,3,3,4,4,4,4,3,3,3,3,3,3,3,3,2,2,2,2,2,2,2,2","0.000824213027954102","louvain","edit-xhwikibooks.graphml"
"0.14","0.2","0.66","0.409341822959825","1,1,1,2,3,2,3,2,2,2,3,4,2,2,2,2,2,3,3,4,5,1,2,2,2,2,2,2,1,2,3,3,4,4,3,3,2,2,5,5,5,5,1,1,1,1,5,1,1,1,5,5,5,5,5,1,1,1,1,5,2,5,5,2,2,5,5,5,5,5,1,5,2,2,5,5,5,5,5,5,5,2,2,2,2,1,5,5,5,5,2,3,3,5,5,5,2,5,5,5,5,5,5,5,5,5,5,4,4,5,5,5,5,3,3,3,3,3,3,3,3,2,2,2,2,2,2,2,2","0.000777006149291992","louvain","edit-xhwikibooks.graphml"
"0.13","0.21","0.66","0.409589294315714","1,1,1,2,3,2,3,2,2,2,3,3,2,2,2,2,2,3,4,3,5,1,2,2,2,2,2,2,1,2,3,4,3,3,4,4,2,2,5,5,5,5,1,1,1,1,5,1,1,1,5,5,5,5,5,1,1,1,1,5,2,5,5,2,2,5,5,5,5,5,1,5,2,2,5,5,5,5,5,5,5,2,2,2,2,1,5,5,5,5,2,3,4,5,5,5,2,5,5,5,5,5,5,5,5,5,5,3,3,5,5,5,5,4,4,4,4,4,4,4,4,2,2,2,2,2,2,2,2","0.000914812088012695","louvain","edit-xhwikibooks.graphml"
"0.12","0.22","0.66","0.409143199846678","1,1,1,2,3,2,3,2,2,2,3,3,2,2,2,2,2,3,3,3,4,1,2,2,2,2,2,2,1,2,3,3,3,3,3,3,2,2,4,4,4,4,1,1,1,1,4,1,1,1,4,4,4,4,4,1,1,1,1,4,2,4,4,2,2,4,4,4,4,4,1,4,2,2,4,4,4,4,4,4,4,2,2,2,2,1,4,4,4,4,2,3,3,4,4,4,2,4,4,4,4,4,4,4,4,4,4,3,3,4,4,4,4,3,3,3,3,3,3,3,3,2,2,2,2,2,2,2,2","0.000889062881469727","louvain","edit-xhwikibooks.graphml"
"0.11","0.23","0.66","0.409931620644491","1,1,1,2,3,2,3,2,2,2,3,3,2,2,2,2,2,3,3,3,4,1,2,2,2,2,2,2,1,2,3,3,3,3,3,3,2,2,4,4,4,4,1,1,1,1,4,1,1,1,4,4,4,4,4,1,1,1,1,4,2,4,4,2,2,4,4,4,4,4,1,4,2,2,4,4,4,4,4,4,4,2,2,2,2,1,4,4,4,4,2,3,3,4,4,4,2,4,4,4,4,4,4,4,4,4,4,3,3,4,4,4,4,3,3,3,3,3,3,3,3,2,2,2,2,2,2,2,2","0.000783920288085938","louvain","edit-xhwikibooks.graphml"
"0.1","0.24","0.66","0.410878401118389","1,1,1,2,3,2,3,2,2,2,3,3,2,2,2,2,2,3,4,3,5,1,2,2,2,2,2,2,1,2,3,4,3,3,4,4,2,2,5,5,5,5,1,1,1,1,5,1,1,1,5,5,5,5,5,1,1,1,1,5,2,5,5,2,2,5,5,5,5,5,1,5,2,2,5,5,5,5,5,5,5,2,2,2,2,1,5,5,5,5,2,3,4,5,5,5,2,5,5,5,5,5,5,5,5,5,5,3,3,5,5,5,5,4,4,4,4,4,4,4,4,2,2,2,2,2,2,2,2","0.000853061676025391","louvain","edit-xhwikibooks.graphml"
"0.09","0.25","0.66","0.408308985901138","1,1,1,2,3,2,3,2,2,2,3,4,2,2,2,2,2,3,3,4,5,1,2,2,2,2,2,2,1,2,3,3,4,4,3,3,2,2,5,5,5,5,1,1,1,1,5,1,1,1,5,5,5,5,5,1,1,1,1,5,2,5,5,2,2,5,5,5,5,5,1,5,2,2,5,5,5,5,5,5,5,2,2,2,2,1,5,5,5,5,2,3,3,5,5,5,2,5,5,5,5,5,5,5,5,5,5,4,4,5,5,5,5,3,3,3,3,3,3,3,3,2,2,2,2,2,2,2,2","0.000875949859619141","louvain","edit-xhwikibooks.graphml"
"0.08","0.26","0.66","0.408677958698343","1,1,1,2,3,2,3,2,2,2,3,3,2,2,2,2,2,3,4,3,5,1,2,2,2,2,2,2,1,2,3,4,3,3,4,4,2,2,5,5,5,5,1,1,1,1,5,1,1,1,5,5,5,5,5,1,1,1,1,5,2,5,5,2,2,5,5,5,5,5,1,5,2,2,5,5,5,5,5,5,5,2,2,2,2,1,5,5,5,5,2,3,4,5,5,5,2,5,5,5,5,5,5,5,5,5,5,3,3,5,5,5,5,4,4,4,4,4,4,4,4,2,2,2,2,2,2,2,2","0.000833988189697266","louvain","edit-xhwikibooks.graphml"
"0.07","0.27","0.66","0.408538183406537","1,1,2,2,3,2,3,2,2,2,3,3,2,2,2,2,2,3,4,3,5,1,2,2,2,2,2,2,1,2,3,4,3,3,4,4,2,2,5,5,5,5,1,1,1,1,5,1,1,1,5,5,5,5,5,1,1,1,1,5,2,5,5,2,2,5,5,5,5,5,1,5,2,2,5,5,5,5,5,5,5,2,2,2,2,1,5,5,5,5,2,3,4,5,5,5,2,5,5,5,5,5,5,5,5,5,5,3,3,5,5,5,5,4,4,4,4,4,4,4,4,2,2,2,2,2,2,2,2","0.000837802886962891","louvain","edit-xhwikibooks.graphml"
"0.06","0.28","0.66","0.408175859117213","1,1,1,2,3,2,3,2,2,2,3,3,2,2,2,2,2,3,3,3,4,1,2,2,2,2,2,2,1,2,3,3,3,3,3,3,2,2,4,4,4,4,1,1,1,1,4,1,1,1,4,4,4,4,4,1,1,1,1,4,2,4,4,2,2,4,4,4,4,4,1,4,2,2,4,4,4,4,4,4,4,2,2,2,2,1,4,4,4,4,2,3,3,4,4,4,2,4,4,4,4,4,4,4,4,4,4,3,3,4,4,4,4,3,3,3,3,3,3,3,3,2,2,2,2,2,2,2,2","0.000834941864013672","louvain","edit-xhwikibooks.graphml"
"0.05","0.29","0.66","0.402567517890403","1,2,1,1,3,1,3,1,1,1,3,3,1,1,1,1,1,3,3,3,4,2,1,1,1,1,1,1,2,1,3,3,3,3,3,3,1,1,4,4,4,4,2,2,2,2,4,2,2,2,4,4,4,4,4,2,2,2,2,4,1,4,4,1,1,4,4,4,4,4,2,4,1,1,4,4,4,4,4,4,4,1,1,1,1,2,4,4,4,4,1,3,3,4,4,4,1,4,4,4,4,4,4,4,4,4,4,3,3,4,4,4,4,3,3,3,3,3,3,3,3,1,1,1,1,1,1,1,1","0.000720977783203125","louvain","edit-xhwikibooks.graphml"
"0.04","0.3","0.66","0.403231188796704","1,1,1,2,3,2,3,2,2,2,3,3,2,2,2,2,2,3,4,3,5,1,2,2,2,2,2,2,1,2,3,4,3,3,4,4,2,2,5,5,5,5,1,1,1,1,5,1,1,1,5,5,5,5,5,1,1,1,1,5,2,5,5,2,2,5,5,5,5,5,1,5,2,2,5,5,5,5,5,5,5,2,2,2,2,1,5,5,5,5,2,3,4,5,5,5,2,5,5,5,5,5,5,5,5,5,5,3,3,5,5,5,5,4,4,4,4,4,4,4,4,2,2,2,2,2,2,2,2","0.000842094421386719","louvain","edit-xhwikibooks.graphml"
"0.03","0.31","0.66","0.400469729269023","1,1,1,2,3,2,3,2,2,2,3,3,2,2,2,2,2,3,3,3,4,1,2,2,2,2,2,2,1,2,3,3,3,3,3,3,2,2,4,4,4,4,1,1,1,1,4,1,1,1,4,4,4,4,4,1,1,1,1,4,2,4,4,2,2,4,4,4,4,4,1,4,2,2,4,4,4,4,4,4,4,2,2,2,2,1,4,4,4,4,2,3,3,4,4,4,2,4,4,4,4,4,4,4,4,4,4,3,3,4,4,4,4,3,3,3,3,3,3,3,3,2,2,2,2,2,2,2,2","0.000880002975463867","louvain","edit-xhwikibooks.graphml"
"0.02","0.32","0.66","0.400316324626889","1,1,1,2,3,2,3,2,2,2,3,3,2,2,2,2,2,3,3,3,4,1,2,2,2,2,2,2,1,2,3,3,3,3,3,3,2,2,4,4,4,4,1,1,1,1,4,1,1,1,4,4,4,4,4,1,1,1,1,4,2,4,4,2,2,4,4,4,4,4,1,4,2,2,4,4,4,4,4,4,4,2,2,2,2,1,4,4,4,4,2,3,3,4,4,4,2,4,4,4,4,4,4,4,4,4,4,3,3,4,4,4,4,3,3,3,3,3,3,3,3,2,2,2,2,2,2,2,2","0.000746011734008789","louvain","edit-xhwikibooks.graphml"
"0.01","0.33","0.66","0.396378991417433","1,1,1,2,3,2,3,2,2,2,3,3,2,2,2,2,2,3,4,3,5,1,2,2,2,2,2,2,1,2,3,4,3,3,4,4,2,2,5,5,5,5,1,1,1,1,5,1,1,1,5,5,5,5,5,1,1,1,1,5,2,5,5,2,2,5,5,5,5,5,1,5,2,2,5,5,5,5,5,5,5,2,2,2,2,1,5,5,5,5,2,3,4,5,5,5,2,5,5,5,5,5,5,5,5,5,5,3,3,5,5,5,5,4,4,4,4,4,4,4,4,2,2,2,2,2,2,2,2","0.000767946243286133","louvain","edit-xhwikibooks.graphml"
"0","0.34","0.66","0.405473152837333","1,1,1,1,1,2,3,2,2,2,3,3,2,2,2,2,2,3,4,3,5,1,2,2,2,2,2,2,1,2,3,4,3,3,4,4,2,2,5,5,5,5,1,1,1,1,5,1,1,1,5,5,5,5,5,1,1,1,1,5,2,5,5,2,2,5,5,5,5,5,1,5,2,2,5,5,5,5,5,5,5,2,2,2,2,1,5,5,5,5,2,3,4,5,5,5,2,5,5,5,5,5,5,5,5,5,5,3,3,5,5,5,5,4,4,4,4,4,4,4,4,2,2,2,2,2,2,2,2","0.000771045684814453","louvain","edit-xhwikibooks.graphml"
"0.33","0","0.67","0.417734602479588","1,1,2,3,2,3,2,3,3,3,2,2,3,3,3,3,3,2,4,2,5,1,3,3,3,3,3,3,1,3,2,4,2,2,4,4,3,3,5,5,5,5,1,1,1,1,5,1,1,1,5,5,5,5,5,1,1,1,1,5,3,5,5,3,3,5,5,5,5,5,1,5,3,3,5,5,5,5,5,5,5,3,3,3,3,1,5,5,5,5,3,2,4,5,5,5,3,5,5,5,5,5,5,5,5,5,5,2,2,5,5,5,5,4,4,4,4,4,4,4,4,3,3,3,3,3,3,3,3","0.00082087516784668","louvain","edit-xhwikibooks.graphml"
"0.32","0.01","0.67","0.416904780729287","1,1,2,2,3,2,3,2,2,2,3,3,2,2,2,2,2,3,3,3,4,1,2,2,2,2,2,2,1,2,3,3,3,3,3,3,2,2,4,4,4,4,1,1,1,1,4,1,1,1,4,4,4,4,4,1,1,1,1,4,2,4,4,2,2,4,4,4,4,4,1,4,2,2,4,4,4,4,4,4,4,2,2,2,2,1,4,4,4,4,2,3,3,4,4,4,2,4,4,4,4,4,4,4,4,4,4,3,3,4,4,4,4,3,3,3,3,3,3,3,3,2,2,2,2,2,2,2,2","0.000853061676025391","louvain","edit-xhwikibooks.graphml"
"0.31","0.02","0.67","0.411091983619132","1,1,2,2,3,2,3,2,2,2,3,3,2,2,2,2,2,3,3,3,4,1,2,2,2,2,2,2,1,2,3,3,3,3,3,3,2,2,4,4,4,4,1,1,1,1,4,1,1,1,4,4,4,4,4,1,1,1,1,4,2,4,4,2,2,4,4,4,4,4,1,4,2,2,4,4,4,4,4,4,4,2,2,2,2,1,4,4,4,4,2,3,3,4,4,4,2,4,4,4,4,4,4,4,4,4,4,3,3,4,4,4,4,3,3,3,3,3,3,3,3,2,2,2,2,2,2,2,2","0.000912904739379883","louvain","edit-xhwikibooks.graphml"
"0.3","0.03","0.67","0.409598882045443","1,1,2,2,3,2,3,2,2,2,3,3,2,2,2,2,2,3,3,3,4,1,2,2,2,2,2,2,1,2,3,3,3,3,3,3,2,2,4,4,4,4,1,1,1,1,4,1,1,1,4,4,4,4,4,1,1,1,1,4,2,4,4,2,2,4,4,4,4,4,1,4,2,2,4,4,4,4,4,4,4,2,2,2,2,1,4,4,4,4,2,3,3,4,4,4,2,4,4,4,4,4,4,4,4,4,4,3,3,4,4,4,4,3,3,3,3,3,3,3,3,2,2,2,2,2,2,2,2","0.00078892707824707","louvain","edit-xhwikibooks.graphml"
"0.29","0.04","0.67","0.409149110672301","1,1,2,2,3,2,3,2,2,2,3,3,2,2,2,2,2,3,3,3,4,1,2,2,2,2,2,2,1,2,3,3,3,3,3,3,2,2,4,4,4,4,1,1,1,1,4,1,1,1,4,4,4,4,4,1,1,1,1,4,2,4,4,2,2,4,4,4,4,4,1,4,2,2,4,4,4,4,4,4,4,2,2,2,2,1,4,4,4,4,2,3,3,4,4,4,2,4,4,4,4,4,4,4,4,4,4,3,3,4,4,4,4,3,3,3,3,3,3,3,3,2,2,2,2,2,2,2,2","0.000850915908813477","louvain","edit-xhwikibooks.graphml"
"0.28","0.05","0.67","0.400428525643128","1,1,1,2,3,2,3,2,2,2,3,3,2,2,2,2,2,3,3,3,4,1,2,2,2,2,2,2,1,2,3,3,3,3,3,3,2,2,4,4,4,4,1,1,1,1,4,1,1,1,4,4,4,4,4,1,1,1,1,4,2,4,4,2,2,4,4,4,4,4,1,4,2,2,4,4,4,4,4,4,4,2,2,2,2,1,4,4,4,4,2,3,3,4,4,4,2,4,4,4,4,4,4,4,4,4,4,3,3,4,4,4,4,3,3,3,3,3,3,3,3,2,2,2,2,2,2,2,2","0.000802040100097656","louvain","edit-xhwikibooks.graphml"
"0.27","0.06","0.67","0.400845196604969","1,1,1,2,3,2,3,2,2,2,3,3,2,2,2,2,2,3,4,3,5,1,2,2,2,2,2,2,1,2,3,4,3,3,4,4,2,2,5,5,5,5,1,1,1,1,5,1,1,1,5,5,5,5,5,1,1,1,1,5,2,5,5,2,2,5,5,5,5,5,1,5,2,2,5,5,5,5,5,5,5,2,2,2,2,1,5,5,5,5,2,3,4,5,5,5,2,5,5,5,5,5,5,5,5,5,5,3,3,5,5,5,5,4,4,4,4,4,4,4,4,2,2,2,2,2,2,2,2","0.000841140747070312","louvain","edit-xhwikibooks.graphml"
"0.26","0.07","0.67","0.400775120749451","1,1,1,2,3,2,3,2,2,2,3,3,2,2,2,2,2,3,3,3,4,1,2,2,2,2,2,2,1,2,3,3,3,3,3,3,2,2,4,4,4,4,1,1,1,1,4,1,1,1,4,4,4,4,4,1,1,1,1,4,2,4,4,2,2,4,4,4,4,4,1,4,2,2,4,4,4,4,4,4,4,2,2,2,2,1,4,4,4,4,2,3,3,4,4,4,2,4,4,4,4,4,4,4,4,4,4,3,3,4,4,4,4,3,3,3,3,3,3,3,3,2,2,2,2,2,2,2,2","0.000844955444335938","louvain","edit-xhwikibooks.graphml"
"0.25","0.08","0.67","0.401549631011869","1,1,2,2,3,2,3,2,2,2,3,3,2,2,2,2,2,3,4,3,5,1,2,2,2,2,2,2,1,2,3,4,3,3,4,4,2,2,5,5,5,5,1,1,1,1,5,1,1,1,5,5,5,5,5,1,1,1,1,5,2,5,5,2,2,5,5,5,5,5,1,5,2,2,5,5,5,5,5,5,5,2,2,2,2,1,5,5,5,5,2,3,4,5,5,5,2,5,5,5,5,5,5,5,5,5,5,3,3,5,5,5,5,4,4,4,4,4,4,4,4,2,2,2,2,2,2,2,2","0.000772953033447266","louvain","edit-xhwikibooks.graphml"
"0.24","0.09","0.67","0.4009870708768","1,1,2,2,3,2,3,2,2,2,3,3,2,2,2,2,2,3,3,3,4,1,2,2,2,2,2,2,1,2,3,3,3,3,3,3,2,2,4,4,4,4,1,1,1,1,4,1,1,1,4,4,4,4,4,1,1,1,1,4,2,4,4,2,2,4,4,4,4,4,1,4,2,2,4,4,4,4,4,4,4,2,2,2,2,1,4,4,4,4,2,3,3,4,4,4,2,4,4,4,4,4,4,4,4,4,4,3,3,4,4,4,4,3,3,3,3,3,3,3,3,2,2,2,2,2,2,2,2","0.000814914703369141","louvain","edit-xhwikibooks.graphml"
"0.23","0.1","0.67","0.401532824570002","1,1,1,2,3,2,3,2,2,2,3,3,2,2,2,2,2,3,4,3,5,1,2,2,2,2,2,2,1,2,3,4,3,3,4,4,2,2,5,5,5,5,1,1,1,1,5,1,1,1,5,5,5,5,5,1,1,1,1,5,2,5,5,2,2,5,5,5,5,5,1,5,2,2,5,5,5,5,5,5,5,2,2,2,2,1,5,5,5,5,2,3,4,5,5,5,2,5,5,5,5,5,5,5,5,5,5,3,3,5,5,5,5,4,4,4,4,4,4,4,4,2,2,2,2,2,2,2,2","0.00078582763671875","louvain","edit-xhwikibooks.graphml"
"0.22","0.11","0.67","0.401298313792281","1,1,2,2,3,2,3,2,2,2,3,3,2,2,2,2,2,3,3,3,4,1,2,2,2,2,2,2,1,2,3,3,3,3,3,3,2,2,4,4,4,4,1,1,1,1,4,1,1,1,4,4,4,4,4,1,1,1,1,4,2,4,4,2,2,4,4,4,4,4,1,4,2,2,4,4,4,4,4,4,4,2,2,2,2,1,4,4,4,4,2,3,3,4,4,4,2,4,4,4,4,4,4,4,4,4,4,3,3,4,4,4,4,3,3,3,3,3,3,3,3,2,2,2,2,2,2,2,2","0.00077509880065918","louvain","edit-xhwikibooks.graphml"
"0.21","0.12","0.67","0.402236929835247","1,1,2,2,3,2,3,2,2,2,3,3,2,2,2,2,2,3,3,3,4,1,2,2,2,2,2,2,1,2,3,3,3,3,3,3,2,2,4,4,4,4,1,1,1,1,4,1,1,1,4,4,4,4,4,1,1,1,1,4,2,4,4,2,2,4,4,4,4,4,1,4,2,2,4,4,4,4,4,4,4,2,2,2,2,1,4,4,4,4,2,3,3,4,4,4,2,4,4,4,4,4,4,4,4,4,4,3,3,4,4,4,4,3,3,3,3,3,3,3,3,2,2,2,2,2,2,2,2","0.000773906707763672","louvain","edit-xhwikibooks.graphml"
"0.2","0.13","0.67","0.402087850195964","1,1,2,2,3,2,3,2,2,2,3,3,2,2,2,2,2,3,3,3,4,1,2,2,2,2,2,2,1,2,3,3,3,3,3,3,2,2,4,4,4,4,1,1,1,1,4,1,1,1,4,4,4,4,4,1,1,1,1,4,2,4,4,2,2,4,4,4,4,4,1,4,2,2,4,4,4,4,4,4,4,2,2,2,2,1,4,4,4,4,2,3,3,4,4,4,2,4,4,4,4,4,4,4,4,4,4,3,3,4,4,4,4,3,3,3,3,3,3,3,3,2,2,2,2,2,2,2,2","0.000853061676025391","louvain","edit-xhwikibooks.graphml"
"0.19","0.14","0.67","0.402506953113659","1,1,2,2,3,2,3,2,2,2,3,3,2,2,2,2,2,3,4,3,5,1,2,2,2,2,2,2,1,2,3,4,3,3,4,4,2,2,5,5,5,5,1,1,1,1,5,1,1,1,5,5,5,5,5,1,1,1,1,5,2,5,5,2,2,5,5,5,5,5,1,5,2,2,5,5,5,5,5,5,5,2,2,2,2,1,5,5,5,5,2,3,4,5,5,5,2,5,5,5,5,5,5,5,5,5,5,3,3,5,5,5,5,4,4,4,4,4,4,4,4,2,2,2,2,2,2,2,2","0.000842094421386719","louvain","edit-xhwikibooks.graphml"
"0.18","0.15","0.67","0.403044151063296","1,1,1,2,3,2,3,2,2,2,3,3,2,2,2,2,2,3,3,3,4,1,2,2,2,2,2,2,1,2,3,3,3,3,3,3,2,2,4,4,4,4,1,1,1,1,4,1,1,1,4,4,4,4,4,1,1,1,1,4,2,4,4,2,2,4,4,4,4,4,1,4,2,2,4,4,4,4,4,4,4,2,2,2,2,1,4,4,4,4,2,3,3,4,4,4,2,4,4,4,4,4,4,4,4,4,4,3,3,4,4,4,4,3,3,3,3,3,3,3,3,2,2,2,2,2,2,2,2","0.000869989395141602","louvain","edit-xhwikibooks.graphml"
"0.17","0.16","0.67","0.403857132951184","1,1,2,2,3,2,3,2,2,2,3,3,2,2,2,2,2,3,3,3,4,1,2,2,2,2,2,2,1,2,3,3,3,3,3,3,2,2,4,4,4,4,1,1,1,1,4,1,1,1,4,4,4,4,4,1,1,1,1,4,2,4,4,2,2,4,4,4,4,4,1,4,2,2,4,4,4,4,4,4,4,2,2,2,2,1,4,4,4,4,2,3,3,4,4,4,2,4,4,4,4,4,4,4,4,4,4,3,3,4,4,4,4,3,3,3,3,3,3,3,3,2,2,2,2,2,2,2,2","0.00091099739074707","louvain","edit-xhwikibooks.graphml"
"0.16","0.17","0.67","0.404332256259639","1,1,2,2,3,2,3,2,2,2,3,3,2,2,2,2,2,3,3,3,4,1,2,2,2,2,2,2,1,2,3,3,3,3,3,3,2,2,4,4,4,4,1,1,1,1,4,1,1,1,4,4,4,4,4,1,1,1,1,4,2,4,4,2,2,4,4,4,4,4,1,4,2,2,4,4,4,4,4,4,4,2,2,2,2,1,4,4,4,4,2,3,3,4,4,4,2,4,4,4,4,4,4,4,4,4,4,3,3,4,4,4,4,3,3,3,3,3,3,3,3,2,2,2,2,2,2,2,2","0.000849008560180664","louvain","edit-xhwikibooks.graphml"
"0.15","0.18","0.67","0.404808963572485","1,1,1,2,3,2,3,2,2,2,3,3,2,2,2,2,2,3,3,3,4,1,2,2,2,2,2,2,1,2,3,3,3,3,3,3,2,2,4,4,4,4,1,1,1,1,4,1,1,1,4,4,4,4,4,1,1,1,1,4,2,4,4,2,2,4,4,4,4,4,1,4,2,2,4,4,4,4,4,4,4,2,2,2,2,1,4,4,4,4,2,3,3,4,4,4,2,4,4,4,4,4,4,4,4,4,4,3,3,4,4,4,4,3,3,3,3,3,3,3,3,2,2,2,2,2,2,2,2","0.000782966613769531","louvain","edit-xhwikibooks.graphml"
"0.14","0.19","0.67","0.404493205383783","1,1,2,2,3,2,3,2,2,2,3,3,2,2,2,2,2,3,3,3,4,1,2,2,2,2,2,2,1,2,3,3,3,3,3,3,2,2,4,4,4,4,1,1,1,1,4,1,1,1,4,4,4,4,4,1,1,1,1,4,2,4,4,2,2,4,4,4,4,4,1,4,2,2,4,4,4,4,4,4,4,2,2,2,2,1,4,4,4,4,2,3,3,4,4,4,2,4,4,4,4,4,4,4,4,4,4,3,3,4,4,4,4,3,3,3,3,3,3,3,3,2,2,2,2,2,2,2,2","0.00105094909667969","louvain","edit-xhwikibooks.graphml"
"0.13","0.2","0.67","0.406005546581164","1,1,1,2,3,2,3,2,2,2,3,3,2,2,2,2,2,3,4,3,5,1,2,2,2,2,2,2,1,2,3,4,3,3,4,4,2,2,5,5,5,5,1,1,1,1,5,1,1,1,5,5,5,5,5,1,1,1,1,5,2,5,5,2,2,5,5,5,5,5,1,5,2,2,5,5,5,5,5,5,5,2,2,2,2,1,5,5,5,5,2,3,4,5,5,5,2,5,5,5,5,5,5,5,5,5,5,3,3,5,5,5,5,4,4,4,4,4,4,4,4,2,2,2,2,2,2,2,2","0.000895977020263672","louvain","edit-xhwikibooks.graphml"
"0.12","0.21","0.67","0.405855001639399","1,1,1,2,3,2,3,2,2,2,3,3,2,2,2,2,2,3,4,3,5,1,2,2,2,2,2,2,1,2,3,4,3,3,4,4,2,2,5,5,5,5,1,1,1,1,5,1,1,1,5,5,5,5,5,1,1,1,1,5,2,5,5,2,2,5,5,5,5,5,1,5,2,2,5,5,5,5,5,5,5,2,2,2,2,1,5,5,5,5,2,3,4,5,5,5,2,5,5,5,5,5,5,5,5,5,5,3,3,5,5,5,5,4,4,4,4,4,4,4,4,2,2,2,2,2,2,2,2","0.000917196273803711","louvain","edit-xhwikibooks.graphml"
"0.11","0.22","0.67","0.405461384794486","1,1,1,2,3,2,3,2,2,2,3,4,2,2,2,2,2,3,3,4,5,1,2,2,2,2,2,2,1,2,3,3,4,4,3,3,2,2,5,5,5,5,1,1,1,1,5,1,1,1,5,5,5,5,5,1,1,1,1,5,2,5,5,2,2,5,5,5,5,5,1,5,2,2,5,5,5,5,5,5,5,2,2,2,2,1,5,5,5,5,2,3,3,5,5,5,2,5,5,5,5,5,5,5,5,5,5,4,4,5,5,5,5,3,3,3,3,3,3,3,3,2,2,2,2,2,2,2,2","0.000764131546020508","louvain","edit-xhwikibooks.graphml"
"0.1","0.23","0.67","0.406640556032978","1,1,1,2,3,2,3,2,2,2,3,3,2,2,2,2,2,3,4,3,5,1,2,2,2,2,2,2,1,2,3,4,3,3,4,4,2,2,5,5,5,5,1,1,1,1,5,1,1,1,5,5,5,5,5,1,1,1,1,5,2,5,5,2,2,5,5,5,5,5,1,5,2,2,5,5,5,5,5,5,5,2,2,2,2,1,5,5,5,5,2,3,4,5,5,5,2,5,5,5,5,5,5,5,5,5,5,3,3,5,5,5,5,4,4,4,4,4,4,4,4,2,2,2,2,2,2,2,2","0.000774860382080078","louvain","edit-xhwikibooks.graphml"
"0.09","0.24","0.67","0.406682479521733","1,1,1,2,3,2,3,2,2,2,3,3,2,2,2,2,2,3,3,3,4,1,2,2,2,2,2,2,1,2,3,3,3,3,3,3,2,2,4,4,4,4,1,1,1,1,4,1,1,1,4,4,4,4,4,1,1,1,1,4,2,4,4,2,2,4,4,4,4,4,1,4,2,2,4,4,4,4,4,4,4,2,2,2,2,1,4,4,4,4,2,3,3,4,4,4,2,4,4,4,4,4,4,4,4,4,4,3,3,4,4,4,4,3,3,3,3,3,3,3,3,2,2,2,2,2,2,2,2","0.00076603889465332","louvain","edit-xhwikibooks.graphml"
"0.08","0.25","0.67","0.408322106613924","1,1,1,2,3,2,3,2,2,2,3,3,2,2,2,2,2,3,4,3,5,1,2,2,2,2,2,2,1,2,3,4,3,3,4,4,2,2,5,5,5,5,1,1,1,1,5,1,1,1,5,5,5,5,5,1,1,1,1,5,2,5,5,2,2,5,5,5,5,5,1,5,2,2,5,5,5,5,5,5,5,2,2,2,2,1,5,5,5,5,2,3,4,5,5,5,2,5,5,5,5,5,5,5,5,5,5,3,3,5,5,5,5,4,4,4,4,4,4,4,4,2,2,2,2,2,2,2,2","0.00073695182800293","louvain","edit-xhwikibooks.graphml"
"0.07","0.26","0.67","0.407885109988338","1,1,1,2,3,2,3,2,2,2,3,3,2,2,2,2,2,3,3,3,4,1,2,2,2,2,2,2,1,2,3,3,3,3,3,3,2,2,4,4,4,4,1,1,1,1,4,1,1,1,4,4,4,4,4,1,1,1,1,4,2,4,4,2,2,4,4,4,4,4,1,4,2,2,4,4,4,4,4,4,4,2,2,2,2,1,4,4,4,4,2,3,3,4,4,4,2,4,4,4,4,4,4,4,4,4,4,3,3,4,4,4,4,3,3,3,3,3,3,3,3,2,2,2,2,2,2,2,2","0.000774145126342773","louvain","edit-xhwikibooks.graphml"
"0.06","0.27","0.67","0.408802440003753","1,1,1,2,3,2,3,2,2,2,3,3,2,2,2,2,2,3,4,3,5,1,2,2,2,2,2,2,1,2,3,4,3,3,4,4,2,2,5,5,5,5,1,1,1,1,5,1,1,1,5,5,5,5,5,1,1,1,1,5,2,5,5,2,2,5,5,5,5,5,1,5,2,2,5,5,5,5,5,5,5,2,2,2,2,1,5,5,5,5,2,3,4,5,5,5,2,5,5,5,5,5,5,5,5,5,5,3,3,5,5,5,5,4,4,4,4,4,4,4,4,2,2,2,2,2,2,2,2","0.000798940658569336","louvain","edit-xhwikibooks.graphml"
"0.05","0.28","0.67","0.408217205843046","1,1,1,2,3,2,3,2,2,2,3,3,2,2,2,2,2,3,3,3,4,1,2,2,2,2,2,2,1,2,3,3,3,3,3,3,2,2,4,4,4,4,1,1,1,1,4,1,1,1,4,4,4,4,4,1,1,1,1,4,2,4,4,2,2,4,4,4,4,4,1,4,2,2,4,4,4,4,4,4,4,2,2,2,2,1,4,4,4,4,2,3,3,4,4,4,2,4,4,4,4,4,4,4,4,4,4,3,3,4,4,4,4,3,3,3,3,3,3,3,3,2,2,2,2,2,2,2,2","0.000864028930664062","louvain","edit-xhwikibooks.graphml"
"0.04","0.29","0.67","0.408957014633471","1,1,2,2,3,2,3,2,2,2,3,3,2,2,2,2,2,3,3,3,4,1,2,2,2,2,2,2,1,2,3,3,3,3,3,3,2,2,4,4,4,4,1,1,1,1,4,1,1,1,4,4,4,4,4,1,1,1,1,4,2,4,4,2,2,4,4,4,4,4,1,4,2,2,4,4,4,4,4,4,4,2,2,2,2,1,4,4,4,4,2,3,3,4,4,4,2,4,4,4,4,4,4,4,4,4,4,3,3,4,4,4,4,3,3,3,3,3,3,3,3,2,2,2,2,2,2,2,2","0.000718116760253906","louvain","edit-xhwikibooks.graphml"
"0.03","0.3","0.67","0.409426550953073","1,1,1,2,3,2,3,2,2,2,3,3,2,2,2,2,2,3,4,3,5,1,2,2,2,2,2,2,1,2,3,4,3,3,4,4,2,2,5,5,5,5,1,1,1,1,5,1,1,1,5,5,5,5,5,1,1,1,1,5,2,5,5,2,2,5,5,5,5,5,1,5,2,2,5,5,5,5,5,5,5,2,2,2,2,1,5,5,5,5,2,3,4,5,5,5,2,5,5,5,5,5,5,5,5,5,5,3,3,5,5,5,5,4,4,4,4,4,4,4,4,2,2,2,2,2,2,2,2","0.000854015350341797","louvain","edit-xhwikibooks.graphml"
"0.02","0.31","0.67","0.409289318166741","1,1,2,2,3,2,3,2,2,2,3,3,2,2,2,2,2,3,3,3,4,1,2,2,2,2,2,2,1,2,3,3,3,3,3,3,2,2,4,4,4,4,1,1,1,1,4,1,1,1,4,4,4,4,4,1,1,1,1,4,2,4,4,2,2,4,4,4,4,4,1,4,2,2,4,4,4,4,4,4,4,2,2,2,2,1,4,4,4,4,2,3,3,4,4,4,2,4,4,4,4,4,4,4,4,4,4,3,3,4,4,4,4,3,3,3,3,3,3,3,3,2,2,2,2,2,2,2,2","0.000823020935058594","louvain","edit-xhwikibooks.graphml"
"0.01","0.32","0.67","0.409312744719973","1,1,1,2,3,2,3,2,2,2,3,3,2,2,2,2,2,3,3,3,4,1,2,2,2,2,2,2,1,2,3,3,3,3,3,3,2,2,4,4,4,4,1,1,1,1,4,1,1,1,4,4,4,4,4,1,1,1,1,4,2,4,4,2,2,4,4,4,4,4,1,4,2,2,4,4,4,4,4,4,4,2,2,2,2,1,4,4,4,4,2,3,3,4,4,4,2,4,4,4,4,4,4,4,4,4,4,3,3,4,4,4,4,3,3,3,3,3,3,3,3,2,2,2,2,2,2,2,2","0.000852108001708984","louvain","edit-xhwikibooks.graphml"
"0","0.33","0.67","0.410341862304509","1,1,1,2,1,2,1,2,2,2,1,1,2,2,2,2,2,1,3,1,4,1,2,2,2,2,2,2,1,2,1,3,1,1,3,3,2,2,4,4,4,4,1,1,1,1,4,1,1,1,4,4,4,4,4,1,1,1,1,4,2,4,4,2,2,4,4,4,4,4,1,4,2,2,4,4,4,4,4,4,4,2,2,2,2,1,4,4,4,4,2,1,3,4,4,4,2,4,4,4,4,4,4,4,4,4,4,1,1,4,4,4,4,3,3,3,3,3,3,3,3,2,2,2,2,2,2,2,2","0.00079798698425293","louvain","edit-xhwikibooks.graphml"
"0.32","0","0.68","0.417734602479588","1,1,2,3,2,3,2,3,3,3,2,2,3,3,3,3,3,2,4,2,5,1,3,3,3,3,3,3,1,3,2,4,2,2,4,4,3,3,5,5,5,5,1,1,1,1,5,1,1,1,5,5,5,5,5,1,1,1,1,5,3,5,5,3,3,5,5,5,5,5,1,5,3,3,5,5,5,5,5,5,5,3,3,3,3,1,5,5,5,5,3,2,4,5,5,5,3,5,5,5,5,5,5,5,5,5,5,2,2,5,5,5,5,4,4,4,4,4,4,4,4,3,3,3,3,3,3,3,3","0.000816106796264648","louvain","edit-xhwikibooks.graphml"
"0.31","0.01","0.68","0.417734602479588","1,1,2,3,2,3,2,3,3,3,2,2,3,3,3,3,3,2,4,2,5,1,3,3,3,3,3,3,1,3,2,4,2,2,4,4,3,3,5,5,5,5,1,1,1,1,5,1,1,1,5,5,5,5,5,1,1,1,1,5,3,5,5,3,3,5,5,5,5,5,1,5,3,3,5,5,5,5,5,5,5,3,3,3,3,1,5,5,5,5,3,2,4,5,5,5,3,5,5,5,5,5,5,5,5,5,5,2,2,5,5,5,5,4,4,4,4,4,4,4,4,3,3,3,3,3,3,3,3","0.000823974609375","louvain","edit-xhwikibooks.graphml"
"0.3","0.02","0.68","0.417734602479588","1,1,2,3,2,3,2,3,3,3,2,2,3,3,3,3,3,2,4,2,5,1,3,3,3,3,3,3,1,3,2,4,2,2,4,4,3,3,5,5,5,5,1,1,1,1,5,1,1,1,5,5,5,5,5,1,1,1,1,5,3,5,5,3,3,5,5,5,5,5,1,5,3,3,5,5,5,5,5,5,5,3,3,3,3,1,5,5,5,5,3,2,4,5,5,5,3,5,5,5,5,5,5,5,5,5,5,2,2,5,5,5,5,4,4,4,4,4,4,4,4,3,3,3,3,3,3,3,3","0.000734090805053711","louvain","edit-xhwikibooks.graphml"
"0.29","0.03","0.68","0.41761606679697","1,1,2,2,3,2,3,2,2,2,3,3,2,2,2,2,2,3,4,3,5,1,2,2,2,2,2,2,1,2,3,4,3,3,4,4,2,2,5,5,5,5,1,1,1,1,5,1,1,1,5,5,5,5,5,1,1,1,1,5,2,5,5,2,2,5,5,5,5,5,1,5,2,2,5,5,5,5,5,5,5,2,2,2,2,1,5,5,5,5,2,3,4,5,5,5,2,5,5,5,5,5,5,5,5,5,5,3,3,5,5,5,5,4,4,4,4,4,4,4,4,2,2,2,2,2,2,2,2","0.000879049301147461","louvain","edit-xhwikibooks.graphml"
"0.28","0.04","0.68","0.417582796865112","1,1,2,3,2,3,2,3,3,3,2,2,3,3,3,3,3,2,4,2,5,1,3,3,3,3,3,3,1,3,2,4,2,2,4,4,3,3,5,5,5,5,1,1,1,1,5,1,1,1,5,5,5,5,5,1,1,1,1,5,3,5,5,3,3,5,5,5,5,5,1,5,3,3,5,5,5,5,5,5,5,3,3,3,3,1,5,5,5,5,3,2,4,5,5,5,3,5,5,5,5,5,5,5,5,5,5,2,2,5,5,5,5,4,4,4,4,4,4,4,4,3,3,3,3,3,3,3,3","0.000779151916503906","louvain","edit-xhwikibooks.graphml"
"0.27","0.05","0.68","0.41138359287439","1,1,1,2,3,2,3,2,2,2,3,3,2,2,2,2,2,3,4,3,5,1,2,2,2,2,2,2,1,2,3,4,3,3,4,4,2,2,5,5,5,5,1,1,1,1,5,1,1,1,5,5,5,5,5,1,1,1,1,5,2,5,5,2,2,5,5,5,5,5,1,5,2,2,5,5,5,5,5,5,5,2,2,2,2,1,5,5,5,5,2,3,4,5,5,5,2,5,5,5,5,5,5,5,5,5,5,3,3,5,5,5,5,4,4,4,4,4,4,4,4,2,2,2,2,2,2,2,2","0.000815153121948242","louvain","edit-xhwikibooks.graphml"
"0.26","0.06","0.68","0.41138359287439","1,1,1,2,3,2,3,2,2,2,3,3,2,2,2,2,2,3,4,3,5,1,2,2,2,2,2,2,1,2,3,4,3,3,4,4,2,2,5,5,5,5,1,1,1,1,5,1,1,1,5,5,5,5,5,1,1,1,1,5,2,5,5,2,2,5,5,5,5,5,1,5,2,2,5,5,5,5,5,5,5,2,2,2,2,1,5,5,5,5,2,3,4,5,5,5,2,5,5,5,5,5,5,5,5,5,5,3,3,5,5,5,5,4,4,4,4,4,4,4,4,2,2,2,2,2,2,2,2","0.000867843627929688","louvain","edit-xhwikibooks.graphml"
"0.25","0.07","0.68","0.411706955705729","1,1,1,2,3,2,3,2,2,2,3,3,2,2,2,2,2,3,4,3,5,1,2,2,2,2,2,2,1,2,3,4,3,3,4,4,2,2,5,5,5,5,1,1,1,1,5,1,1,1,5,5,5,5,5,1,1,1,1,5,2,5,5,2,2,5,5,5,5,5,1,5,2,2,5,5,5,5,5,5,5,2,2,2,2,1,5,5,5,5,2,3,4,5,5,5,2,5,5,5,5,5,5,5,5,5,5,3,3,5,5,5,5,4,4,4,4,4,4,4,4,2,2,2,2,2,2,2,2","0.000766992568969727","louvain","edit-xhwikibooks.graphml"
"0.24","0.08","0.68","0.412180358389787","1,1,1,2,3,2,3,2,2,2,3,3,2,2,2,2,2,3,4,3,5,1,2,2,2,2,2,2,1,2,3,4,3,3,4,4,2,2,5,5,5,5,1,1,1,1,5,1,1,1,5,5,5,5,5,1,1,1,1,5,2,5,5,2,2,5,5,5,5,5,1,5,2,2,5,5,5,5,5,5,5,2,2,2,2,1,5,5,5,5,2,3,4,5,5,5,2,5,5,5,5,5,5,5,5,5,5,3,3,5,5,5,5,4,4,4,4,4,4,4,4,2,2,2,2,2,2,2,2","0.000798940658569336","louvain","edit-xhwikibooks.graphml"
"0.23","0.09","0.68","0.410576566470548","1,1,2,2,3,2,3,2,2,2,3,3,2,2,2,2,2,3,4,3,5,1,2,2,2,2,2,2,1,2,3,4,3,3,4,4,2,2,5,5,5,5,1,1,1,1,5,1,1,1,5,5,5,5,5,1,1,1,1,5,2,5,5,2,2,5,5,5,5,5,1,5,2,2,5,5,5,5,5,5,5,2,2,2,2,1,5,5,5,5,2,3,4,5,5,5,2,5,5,5,5,5,5,5,5,5,5,3,3,5,5,5,5,4,4,4,4,4,4,4,4,2,2,2,2,2,2,2,2","0.000978946685791016","louvain","edit-xhwikibooks.graphml"
"0.22","0.1","0.68","0.410576566470548","1,1,2,2,3,2,3,2,2,2,3,3,2,2,2,2,2,3,4,3,5,1,2,2,2,2,2,2,1,2,3,4,3,3,4,4,2,2,5,5,5,5,1,1,1,1,5,1,1,1,5,5,5,5,5,1,1,1,1,5,2,5,5,2,2,5,5,5,5,5,1,5,2,2,5,5,5,5,5,5,5,2,2,2,2,1,5,5,5,5,2,3,4,5,5,5,2,5,5,5,5,5,5,5,5,5,5,3,3,5,5,5,5,4,4,4,4,4,4,4,4,2,2,2,2,2,2,2,2","0.00083613395690918","louvain","edit-xhwikibooks.graphml"
"0.21","0.11","0.68","0.411011378135408","1,1,1,2,3,2,3,2,2,2,3,3,2,2,2,2,2,3,4,3,5,1,2,2,2,2,2,2,1,2,3,4,3,3,4,4,2,2,5,5,5,5,1,1,1,1,5,1,1,1,5,5,5,5,5,1,1,1,1,5,2,5,5,2,2,5,5,5,5,5,1,5,2,2,5,5,5,5,5,5,5,2,2,2,2,1,5,5,5,5,2,3,4,5,5,5,2,5,5,5,5,5,5,5,5,5,5,3,3,5,5,5,5,4,4,4,4,4,4,4,4,2,2,2,2,2,2,2,2","0.000838994979858398","louvain","edit-xhwikibooks.graphml"
"0.2","0.12","0.68","0.411314927171735","1,1,2,2,3,2,3,2,2,2,3,3,2,2,2,2,2,3,3,3,4,1,2,2,2,2,2,2,1,2,3,3,3,3,3,3,2,2,4,4,4,4,1,1,1,1,4,1,1,1,4,4,4,4,4,1,1,1,1,4,2,4,4,2,2,4,4,4,4,4,1,4,2,2,4,4,4,4,4,4,4,2,2,2,2,1,4,4,4,4,2,3,3,4,4,4,2,4,4,4,4,4,4,4,4,4,4,3,3,4,4,4,4,3,3,3,3,3,3,3,3,2,2,2,2,2,2,2,2","0.000767946243286133","louvain","edit-xhwikibooks.graphml"
"0.19","0.13","0.68","0.410858581712064","1,1,1,2,3,2,3,2,2,2,3,3,2,2,2,2,2,3,3,3,4,1,2,2,2,2,2,2,1,2,3,3,3,3,3,3,2,2,4,4,4,4,1,1,1,1,4,1,1,1,4,4,4,4,4,1,1,1,1,4,2,4,4,2,2,4,4,4,4,4,1,4,2,2,4,4,4,4,4,4,4,2,2,2,2,1,4,4,4,4,2,3,3,4,4,4,2,4,4,4,4,4,4,4,4,4,4,3,3,4,4,4,4,3,3,3,3,3,3,3,3,2,2,2,2,2,2,2,2","0.000755071640014648","louvain","edit-xhwikibooks.graphml"
"0.18","0.14","0.68","0.411256600269992","1,1,2,2,3,2,3,2,2,2,3,4,2,2,2,2,2,3,3,4,5,1,2,2,2,2,2,2,1,2,3,3,4,4,3,3,2,2,5,5,5,5,1,1,1,1,5,1,1,1,5,5,5,5,5,1,1,1,1,5,2,5,5,2,2,5,5,5,5,5,1,5,2,2,5,5,5,5,5,5,5,2,2,2,2,1,5,5,5,5,2,3,3,5,5,5,2,5,5,5,5,5,5,5,5,5,5,4,4,5,5,5,5,3,3,3,3,3,3,3,3,2,2,2,2,2,2,2,2","0.000773906707763672","louvain","edit-xhwikibooks.graphml"
"0.17","0.15","0.68","0.411952892627324","1,1,2,2,3,2,3,2,2,2,3,3,2,2,2,2,2,3,3,3,4,1,2,2,2,2,2,2,1,2,3,3,3,3,3,3,2,2,4,4,4,4,1,1,1,1,4,1,1,1,4,4,4,4,4,1,1,1,1,4,2,4,4,2,2,4,4,4,4,4,1,4,2,2,4,4,4,4,4,4,4,2,2,2,2,1,4,4,4,4,2,3,3,4,4,4,2,4,4,4,4,4,4,4,4,4,4,3,3,4,4,4,4,3,3,3,3,3,3,3,3,2,2,2,2,2,2,2,2","0.000848770141601562","louvain","edit-xhwikibooks.graphml"
"0.16","0.16","0.68","0.412909820484402","1,1,2,2,3,2,3,2,2,2,3,3,2,2,2,2,2,3,4,3,5,1,2,2,2,2,2,2,1,2,3,4,3,3,4,4,2,2,5,5,5,5,1,1,1,1,5,1,1,1,5,5,5,5,5,1,1,1,1,5,2,5,5,2,2,5,5,5,5,5,1,5,2,2,5,5,5,5,5,5,5,2,2,2,2,1,5,5,5,5,2,3,4,5,5,5,2,5,5,5,5,5,5,5,5,5,5,3,3,5,5,5,5,4,4,4,4,4,4,4,4,2,2,2,2,2,2,2,2","0.000802040100097656","louvain","edit-xhwikibooks.graphml"
"0.15","0.17","0.68","0.404619071479522","1,1,2,2,3,2,3,2,2,2,3,3,2,2,2,2,2,3,4,3,5,1,2,2,2,2,2,2,1,2,3,4,3,3,4,4,2,2,5,5,5,5,1,1,1,1,5,1,1,1,5,5,5,5,5,1,1,1,1,5,2,5,5,2,2,5,5,5,5,5,1,5,2,2,5,5,5,5,5,5,5,2,2,2,2,1,5,5,5,5,2,3,4,5,5,5,2,5,5,5,5,5,5,5,5,5,5,3,3,5,5,5,5,4,4,4,4,4,4,4,4,2,2,2,2,2,2,2,2","0.000874996185302734","louvain","edit-xhwikibooks.graphml"
"0.14","0.18","0.68","0.404784018544203","1,1,1,2,3,2,3,2,2,2,3,3,2,2,2,2,2,3,4,3,5,1,2,2,2,2,2,2,1,2,3,4,3,3,4,4,2,2,5,5,5,5,1,1,1,1,5,1,1,1,5,5,5,5,5,1,1,1,1,5,2,5,5,2,2,5,5,5,5,5,1,5,2,2,5,5,5,5,5,5,5,2,2,2,2,1,5,5,5,5,2,3,4,5,5,5,2,5,5,5,5,5,5,5,5,5,5,3,3,5,5,5,5,4,4,4,4,4,4,4,4,2,2,2,2,2,2,2,2","0.000792980194091797","louvain","edit-xhwikibooks.graphml"
"0.13","0.19","0.68","0.404034189397332","1,1,2,2,3,2,3,2,2,2,3,3,2,2,2,2,2,3,3,3,4,1,2,2,2,2,2,2,1,2,3,3,3,3,3,3,2,2,4,4,4,4,1,1,1,1,4,1,1,1,4,4,4,4,4,1,1,1,1,4,2,4,4,2,2,4,4,4,4,4,1,4,2,2,4,4,4,4,4,4,4,2,2,2,2,1,4,4,4,4,2,3,3,4,4,4,2,4,4,4,4,4,4,4,4,4,4,3,3,4,4,4,4,3,3,3,3,3,3,3,3,2,2,2,2,2,2,2,2","0.000877857208251953","louvain","edit-xhwikibooks.graphml"
"0.12","0.2","0.68","0.405542616266699","1,1,1,2,3,2,3,2,2,2,3,3,2,2,2,2,2,3,4,3,5,1,2,2,2,2,2,2,1,2,3,4,3,3,4,4,2,2,5,5,5,5,1,1,1,1,5,1,1,1,5,5,5,5,5,1,1,1,1,5,2,5,5,2,2,5,5,5,5,5,1,5,2,2,5,5,5,5,5,5,5,2,2,2,2,1,5,5,5,5,2,3,4,5,5,5,2,5,5,5,5,5,5,5,5,5,5,3,3,5,5,5,5,4,4,4,4,4,4,4,4,2,2,2,2,2,2,2,2","0.000970840454101562","louvain","edit-xhwikibooks.graphml"
"0.11","0.21","0.68","0.405392430383261","1,1,1,2,3,2,3,2,2,2,3,3,2,2,2,2,2,3,4,3,5,1,2,2,2,2,2,2,1,2,3,4,3,3,4,4,2,2,5,5,5,5,1,1,1,1,5,1,1,1,5,5,5,5,5,1,1,1,1,5,2,5,5,2,2,5,5,5,5,5,1,5,2,2,5,5,5,5,5,5,5,2,2,2,2,1,5,5,5,5,2,3,4,5,5,5,2,5,5,5,5,5,5,5,5,5,5,3,3,5,5,5,5,4,4,4,4,4,4,4,4,2,2,2,2,2,2,2,2","0.000790119171142578","louvain","edit-xhwikibooks.graphml"
"0.1","0.22","0.68","0.405392430383261","1,1,1,2,3,2,3,2,2,2,3,3,2,2,2,2,2,3,4,3,5,1,2,2,2,2,2,2,1,2,3,4,3,3,4,4,2,2,5,5,5,5,1,1,1,1,5,1,1,1,5,5,5,5,5,1,1,1,1,5,2,5,5,2,2,5,5,5,5,5,1,5,2,2,5,5,5,5,5,5,5,2,2,2,2,1,5,5,5,5,2,3,4,5,5,5,2,5,5,5,5,5,5,5,5,5,5,3,3,5,5,5,5,4,4,4,4,4,4,4,4,2,2,2,2,2,2,2,2","0.00100183486938477","louvain","edit-xhwikibooks.graphml"
"0.09","0.23","0.68","0.406178067843116","1,1,1,2,3,2,3,2,2,2,3,3,2,2,2,2,2,3,4,3,5,1,2,2,2,2,2,2,1,2,3,4,3,3,4,4,2,2,5,5,5,5,1,1,1,1,5,1,1,1,5,5,5,5,5,1,1,1,1,5,2,5,5,2,2,5,5,5,5,5,1,5,2,2,5,5,5,5,5,5,5,2,2,2,2,1,5,5,5,5,2,3,4,5,5,5,2,5,5,5,5,5,5,5,5,5,5,3,3,5,5,5,5,4,4,4,4,4,4,4,4,2,2,2,2,2,2,2,2","0.000869035720825195","louvain","edit-xhwikibooks.graphml"
"0.08","0.24","0.68","0.406264851995147","1,1,1,2,3,2,3,2,2,2,3,4,2,2,2,2,2,3,3,4,5,1,2,2,2,2,2,2,1,2,3,3,4,4,3,3,2,2,5,5,5,5,1,1,1,1,5,1,1,1,5,5,5,5,5,1,1,1,1,5,2,5,5,2,2,5,5,5,5,5,1,5,2,2,5,5,5,5,5,5,5,2,2,2,2,1,5,5,5,5,2,3,3,5,5,5,2,5,5,5,5,5,5,5,5,5,5,4,4,5,5,5,5,3,3,3,3,3,3,3,3,2,2,2,2,2,2,2,2","0.00078582763671875","louvain","edit-xhwikibooks.graphml"
"0.07","0.25","0.68","0.40742447380016","1,1,1,2,3,2,3,2,2,2,3,3,2,2,2,2,2,3,3,3,4,1,2,2,2,2,2,2,1,2,3,3,3,3,3,3,2,2,4,4,4,4,1,1,1,1,4,1,1,1,4,4,4,4,4,1,1,1,1,4,2,4,4,2,2,4,4,4,4,4,1,4,2,2,4,4,4,4,4,4,4,2,2,2,2,1,4,4,4,4,2,3,3,4,4,4,2,4,4,4,4,4,4,4,4,4,4,3,3,4,4,4,4,3,3,3,3,3,3,3,3,2,2,2,2,2,2,2,2","0.000805854797363281","louvain","edit-xhwikibooks.graphml"
"0.06","0.26","0.68","0.407859267712635","1,1,1,2,3,2,3,2,2,2,3,3,2,2,2,2,2,3,4,3,5,1,2,2,2,2,2,2,1,2,3,4,3,3,4,4,2,2,5,5,5,5,1,1,1,1,5,1,1,1,5,5,5,5,5,1,1,1,1,5,2,5,5,2,2,5,5,5,5,5,1,5,2,2,5,5,5,5,5,5,5,2,2,2,2,1,5,5,5,5,2,3,4,5,5,5,2,5,5,5,5,5,5,5,5,5,5,3,3,5,5,5,5,4,4,4,4,4,4,4,4,2,2,2,2,2,2,2,2","0.000908136367797852","louvain","edit-xhwikibooks.graphml"
"0.05","0.27","0.68","0.408339209733369","1,1,1,2,3,2,3,2,2,2,3,3,2,2,2,2,2,3,4,3,5,1,2,2,2,2,2,2,1,2,3,4,3,3,4,4,2,2,5,5,5,5,1,1,1,1,5,1,1,1,5,5,5,5,5,1,1,1,1,5,2,5,5,2,2,5,5,5,5,5,1,5,2,2,5,5,5,5,5,5,5,2,2,2,2,1,5,5,5,5,2,3,4,5,5,5,2,5,5,5,5,5,5,5,5,5,5,3,3,5,5,5,5,4,4,4,4,4,4,4,4,2,2,2,2,2,2,2,2","0.000815153121948242","louvain","edit-xhwikibooks.graphml"
"0.04","0.28","0.68","0.408189126143581","1,1,1,2,3,2,3,2,2,2,3,3,2,2,2,2,2,3,4,3,5,1,2,2,2,2,2,2,1,2,3,4,3,3,4,4,2,2,5,5,5,5,1,1,1,1,5,1,1,1,5,5,5,5,5,1,1,1,1,5,2,5,5,2,2,5,5,5,5,5,1,5,2,2,5,5,5,5,5,5,5,2,2,2,2,1,5,5,5,5,2,3,4,5,5,5,2,5,5,5,5,5,5,5,5,5,5,3,3,5,5,5,5,4,4,4,4,4,4,4,4,2,2,2,2,2,2,2,2","0.000880002975463867","louvain","edit-xhwikibooks.graphml"
"0.03","0.29","0.68","0.409113813964182","1,1,1,2,3,2,3,2,2,2,3,3,2,2,2,2,2,3,4,3,5,1,2,2,2,2,2,2,1,2,3,4,3,3,4,4,2,2,5,5,5,5,1,1,1,1,5,1,1,1,5,5,5,5,5,1,1,1,1,5,2,5,5,2,2,5,5,5,5,5,1,5,2,2,5,5,5,5,5,5,5,2,2,2,2,1,5,5,5,5,2,3,4,5,5,5,2,5,5,5,5,5,5,5,5,5,5,3,3,5,5,5,5,4,4,4,4,4,4,4,4,2,2,2,2,2,2,2,2","0.000958919525146484","louvain","edit-xhwikibooks.graphml"
"0.02","0.3","0.68","0.408522423050882","1,1,1,2,3,2,3,2,2,2,3,3,2,2,2,2,2,3,3,3,4,1,2,2,2,2,2,2,1,2,3,3,3,3,3,3,2,2,4,4,4,4,1,1,1,1,4,1,1,1,4,4,4,4,4,1,1,1,1,4,2,4,4,2,2,4,4,4,4,4,1,4,2,2,4,4,4,4,4,4,4,2,2,2,2,1,4,4,4,4,2,3,3,4,4,4,2,4,4,4,4,4,4,4,4,4,4,3,3,4,4,4,4,3,3,3,3,3,3,3,3,2,2,2,2,2,2,2,2","0.000952005386352539","louvain","edit-xhwikibooks.graphml"
"0.01","0.31","0.68","0.40944126984127","1,1,1,2,3,2,3,2,2,2,3,3,2,2,2,2,2,3,4,3,5,1,2,2,2,2,2,2,1,2,3,4,3,3,4,4,2,2,5,5,5,5,1,1,1,1,5,1,1,1,5,5,5,5,5,1,1,1,1,5,2,5,5,2,2,5,5,5,5,5,1,5,2,2,5,5,5,5,5,5,5,2,2,2,2,1,5,5,5,5,2,3,4,5,5,5,2,5,5,5,5,5,5,5,5,5,5,3,3,5,5,5,5,4,4,4,4,4,4,4,4,2,2,2,2,2,2,2,2","0.00107312202453613","louvain","edit-xhwikibooks.graphml"
"0","0.32","0.68","0.410534752402522","1,1,1,1,1,2,3,2,2,2,3,3,2,2,2,2,2,3,3,3,4,1,2,2,2,2,2,2,1,2,3,3,3,3,3,3,2,2,4,4,4,4,1,1,1,1,4,1,1,1,4,4,4,4,4,1,1,1,1,4,2,4,4,2,2,4,4,4,4,4,1,4,2,2,4,4,4,4,4,4,4,2,2,2,2,1,4,4,4,4,2,3,3,4,4,4,2,4,4,4,4,4,4,4,4,4,4,3,3,4,4,4,4,3,3,3,3,3,3,3,3,2,2,2,2,2,2,2,2","0.000881195068359375","louvain","edit-xhwikibooks.graphml"
"0.31","0","0.69","0.410865873445106","1,1,2,3,2,3,2,3,3,3,2,2,3,3,3,3,3,2,4,2,5,1,3,3,3,3,3,3,1,3,2,4,2,2,4,4,3,3,5,5,5,5,1,1,1,1,5,1,1,1,5,5,5,5,5,1,1,1,1,5,3,5,5,3,3,5,5,5,5,5,1,5,3,3,5,5,5,5,5,5,5,3,3,3,3,1,5,5,5,5,3,2,4,5,5,5,3,5,5,5,5,5,5,5,5,5,5,2,2,5,5,5,5,4,4,4,4,4,4,4,4,3,3,3,3,3,3,3,3","0.000908136367797852","louvain","edit-xhwikibooks.graphml"
"0.3","0.01","0.69","0.410865873445106","1,1,2,3,2,3,2,3,3,3,2,2,3,3,3,3,3,2,4,2,5,1,3,3,3,3,3,3,1,3,2,4,2,2,4,4,3,3,5,5,5,5,1,1,1,1,5,1,1,1,5,5,5,5,5,1,1,1,1,5,3,5,5,3,3,5,5,5,5,5,1,5,3,3,5,5,5,5,5,5,5,3,3,3,3,1,5,5,5,5,3,2,4,5,5,5,3,5,5,5,5,5,5,5,5,5,5,2,2,5,5,5,5,4,4,4,4,4,4,4,4,3,3,3,3,3,3,3,3","0.000828981399536133","louvain","edit-xhwikibooks.graphml"
"0.29","0.02","0.69","0.410865873445106","1,1,2,3,2,3,2,3,3,3,2,2,3,3,3,3,3,2,4,2,5,1,3,3,3,3,3,3,1,3,2,4,2,2,4,4,3,3,5,5,5,5,1,1,1,1,5,1,1,1,5,5,5,5,5,1,1,1,1,5,3,5,5,3,3,5,5,5,5,5,1,5,3,3,5,5,5,5,5,5,5,3,3,3,3,1,5,5,5,5,3,2,4,5,5,5,3,5,5,5,5,5,5,5,5,5,5,2,2,5,5,5,5,4,4,4,4,4,4,4,4,3,3,3,3,3,3,3,3","0.000806093215942383","louvain","edit-xhwikibooks.graphml"
"0.28","0.03","0.69","0.410718874660916","1,1,2,3,2,3,2,3,3,3,2,2,3,3,3,3,3,2,4,2,5,1,3,3,3,3,3,3,1,3,2,4,2,2,4,4,3,3,5,5,5,5,1,1,1,1,5,1,1,1,5,5,5,5,5,1,1,1,1,5,3,5,5,3,3,5,5,5,5,5,1,5,3,3,5,5,5,5,5,5,5,3,3,3,3,1,5,5,5,5,3,2,4,5,5,5,3,5,5,5,5,5,5,5,5,5,5,2,2,5,5,5,5,4,4,4,4,4,4,4,4,3,3,3,3,3,3,3,3","0.000790119171142578","louvain","edit-xhwikibooks.graphml"
"0.27","0.04","0.69","0.410718874660916","1,1,2,3,2,3,2,3,3,3,2,2,3,3,3,3,3,2,4,2,5,1,3,3,3,3,3,3,1,3,2,4,2,2,4,4,3,3,5,5,5,5,1,1,1,1,5,1,1,1,5,5,5,5,5,1,1,1,1,5,3,5,5,3,3,5,5,5,5,5,1,5,3,3,5,5,5,5,5,5,5,3,3,3,3,1,5,5,5,5,3,2,4,5,5,5,3,5,5,5,5,5,5,5,5,5,5,2,2,5,5,5,5,4,4,4,4,4,4,4,4,3,3,3,3,3,3,3,3","0.000959157943725586","louvain","edit-xhwikibooks.graphml"
"0.26","0.05","0.69","0.410106572554126","1,1,2,3,2,3,2,3,3,3,2,2,3,3,3,3,3,2,4,2,5,1,3,3,3,3,3,3,1,3,2,4,2,2,4,4,3,3,5,5,5,5,1,1,1,1,5,1,1,1,5,5,5,5,5,1,1,1,1,5,3,5,5,3,3,5,5,5,5,5,1,5,3,3,5,5,5,5,5,5,5,3,3,3,3,1,5,5,5,5,3,2,4,5,5,5,3,5,5,5,5,5,5,5,5,5,5,2,2,5,5,5,5,4,4,4,4,4,4,4,4,3,3,3,3,3,3,3,3","0.00105500221252441","louvain","edit-xhwikibooks.graphml"
"0.25","0.06","0.69","0.410106572554126","1,1,2,3,2,3,2,3,3,3,2,2,3,3,3,3,3,2,4,2,5,1,3,3,3,3,3,3,1,3,2,4,2,2,4,4,3,3,5,5,5,5,1,1,1,1,5,1,1,1,5,5,5,5,5,1,1,1,1,5,3,5,5,3,3,5,5,5,5,5,1,5,3,3,5,5,5,5,5,5,5,3,3,3,3,1,5,5,5,5,3,2,4,5,5,5,3,5,5,5,5,5,5,5,5,5,5,2,2,5,5,5,5,4,4,4,4,4,4,4,4,3,3,3,3,3,3,3,3","0.00106477737426758","louvain","edit-xhwikibooks.graphml"
"0.24","0.07","0.69","0.410425164208811","1,1,2,3,2,3,2,3,3,3,2,2,3,3,3,3,3,2,4,2,5,1,3,3,3,3,3,3,1,3,2,4,2,2,4,4,3,3,5,5,5,5,1,1,1,1,5,1,1,1,5,5,5,5,5,1,1,1,1,5,3,5,5,3,3,5,5,5,5,5,1,5,3,3,5,5,5,5,5,5,5,3,3,3,3,1,5,5,5,5,3,2,4,5,5,5,3,5,5,5,5,5,5,5,5,5,5,2,2,5,5,5,5,4,4,4,4,4,4,4,4,3,3,3,3,3,3,3,3","0.00102710723876953","louvain","edit-xhwikibooks.graphml"
"0.23","0.08","0.69","0.404880229714385","1,1,1,2,3,2,3,2,2,2,3,3,2,2,2,2,2,3,4,3,5,1,2,2,2,2,2,2,1,2,3,4,3,3,4,4,2,2,5,5,5,5,1,1,1,1,5,1,1,1,5,5,5,5,5,1,1,1,1,5,2,5,5,2,2,5,5,5,5,5,1,5,2,2,5,5,5,5,5,5,5,2,2,2,2,1,5,5,5,5,2,3,4,5,5,5,2,5,5,5,5,5,5,5,5,5,5,3,3,5,5,5,5,4,4,4,4,4,4,4,4,2,2,2,2,2,2,2,2","0.00104212760925293","louvain","edit-xhwikibooks.graphml"
"0.22","0.09","0.69","0.404209118866742","1,1,2,2,3,2,3,2,2,2,3,3,2,2,2,2,2,3,3,3,4,1,2,2,2,2,2,2,1,2,3,3,3,3,3,3,2,2,4,4,4,4,1,1,1,1,4,1,1,1,4,4,4,4,4,1,1,1,1,4,2,4,4,2,2,4,4,4,4,4,1,4,2,2,4,4,4,4,4,4,4,2,2,2,2,1,4,4,4,4,2,3,3,4,4,4,2,4,4,4,4,4,4,4,4,4,4,3,3,4,4,4,4,3,3,3,3,3,3,3,3,2,2,2,2,2,2,2,2","0.000967025756835938","louvain","edit-xhwikibooks.graphml"
"0.21","0.1","0.69","0.404319941988023","1,1,1,2,3,2,3,2,2,2,3,3,2,2,2,2,2,3,3,3,4,1,2,2,2,2,2,2,1,2,3,3,3,3,3,3,2,2,4,4,4,4,1,1,1,1,4,1,1,1,4,4,4,4,4,1,1,1,1,4,2,4,4,2,2,4,4,4,4,4,1,4,2,2,4,4,4,4,4,4,4,2,2,2,2,1,4,4,4,4,2,3,3,4,4,4,2,4,4,4,4,4,4,4,4,4,4,3,3,4,4,4,4,3,3,3,3,3,3,3,3,2,2,2,2,2,2,2,2","0.000893115997314453","louvain","edit-xhwikibooks.graphml"
"0.2","0.11","0.69","0.404645865419518","1,1,1,2,3,2,3,2,2,2,3,3,2,2,2,2,2,3,3,3,4,1,2,2,2,2,2,2,1,2,3,3,3,3,3,3,2,2,4,4,4,4,1,1,1,1,4,1,1,1,4,4,4,4,4,1,1,1,1,4,2,4,4,2,2,4,4,4,4,4,1,4,2,2,4,4,4,4,4,4,4,2,2,2,2,1,4,4,4,4,2,3,3,4,4,4,2,4,4,4,4,4,4,4,4,4,4,3,3,4,4,4,4,3,3,3,3,3,3,3,3,2,2,2,2,2,2,2,2","0.000902175903320312","louvain","edit-xhwikibooks.graphml"
"0.19","0.12","0.69","0.406019369789174","1,1,1,2,3,2,3,2,2,2,3,3,2,2,2,2,2,3,3,3,4,1,2,2,2,2,2,2,1,2,3,3,3,3,3,3,2,2,4,4,4,4,1,1,1,1,4,1,1,1,4,4,4,4,4,1,1,1,1,4,2,4,4,2,2,4,4,4,4,4,1,4,2,2,4,4,4,4,4,4,4,2,2,2,2,1,4,4,4,4,2,3,3,4,4,4,2,4,4,4,4,4,4,4,4,4,4,3,3,4,4,4,4,3,3,3,3,3,3,3,3,2,2,2,2,2,2,2,2","0.000855207443237305","louvain","edit-xhwikibooks.graphml"
"0.18","0.13","0.69","0.406439753536999","1,1,1,2,3,2,3,2,2,2,3,3,2,2,2,2,2,3,4,3,5,1,2,2,2,2,2,2,1,2,3,4,3,3,4,4,2,2,5,5,5,5,1,1,1,1,5,1,1,1,5,5,5,5,5,1,1,1,1,5,2,5,5,2,2,5,5,5,5,5,1,5,2,2,5,5,5,5,5,5,5,2,2,2,2,1,5,5,5,5,2,3,4,5,5,5,2,5,5,5,5,5,5,5,5,5,5,3,3,5,5,5,5,4,4,4,4,4,4,4,4,2,2,2,2,2,2,2,2","0.000839948654174805","louvain","edit-xhwikibooks.graphml"
"0.17","0.14","0.69","0.405490090147994","1,1,1,2,1,2,1,2,2,2,1,1,2,2,2,2,2,1,3,1,4,1,2,2,2,2,2,2,1,2,1,3,1,1,3,3,2,2,4,4,4,4,1,1,1,1,4,1,1,1,4,4,4,4,4,1,1,1,1,4,2,4,4,2,2,4,4,4,4,4,1,4,2,2,4,4,4,4,4,4,4,2,2,2,2,1,4,4,4,4,2,1,3,4,4,4,2,4,4,4,4,4,4,4,4,4,4,1,1,4,4,4,4,3,3,3,3,3,3,3,3,2,2,2,2,2,2,2,2","0.000833034515380859","louvain","edit-xhwikibooks.graphml"
"0.16","0.15","0.69","0.405446336364323","1,1,1,2,3,2,3,2,2,2,3,3,2,2,2,2,2,3,3,3,4,1,2,2,2,2,2,2,1,2,3,3,3,3,3,3,2,2,4,4,4,4,1,1,1,1,4,1,1,1,4,4,4,4,4,1,1,1,1,4,2,4,4,2,2,4,4,4,4,4,1,4,2,2,4,4,4,4,4,4,4,2,2,2,2,1,4,4,4,4,2,3,3,4,4,4,2,4,4,4,4,4,4,4,4,4,4,3,3,4,4,4,4,3,3,3,3,3,3,3,3,2,2,2,2,2,2,2,2","0.000746011734008789","louvain","edit-xhwikibooks.graphml"
"0.15","0.16","0.69","0.405783332165483","1,1,2,2,3,2,3,2,2,2,3,3,2,2,2,2,2,3,3,3,4,1,2,2,2,2,2,2,1,2,3,3,3,3,3,3,2,2,4,4,4,4,1,1,1,1,4,1,1,1,4,4,4,4,4,1,1,1,1,4,2,4,4,2,2,4,4,4,4,4,1,4,2,2,4,4,4,4,4,4,4,2,2,2,2,1,4,4,4,4,2,3,3,4,4,4,2,4,4,4,4,4,4,4,4,4,4,3,3,4,4,4,4,3,3,3,3,3,3,3,3,2,2,2,2,2,2,2,2","0.000950098037719727","louvain","edit-xhwikibooks.graphml"
"0.14","0.17","0.69","0.406227554842243","1,1,1,2,3,2,3,2,2,2,3,3,2,2,2,2,2,3,3,3,4,1,2,2,2,2,2,2,1,2,3,3,3,3,3,3,2,2,4,4,4,4,1,1,1,1,4,1,1,1,4,4,4,4,4,1,1,1,1,4,2,4,4,2,2,4,4,4,4,4,1,4,2,2,4,4,4,4,4,4,4,2,2,2,2,1,4,4,4,4,2,3,3,4,4,4,2,4,4,4,4,4,4,4,4,4,4,3,3,4,4,4,4,3,3,3,3,3,3,3,3,2,2,2,2,2,2,2,2","0.000904083251953125","louvain","edit-xhwikibooks.graphml"
"0.13","0.18","0.69","0.406142673305038","1,1,2,2,3,2,3,2,2,2,3,4,2,2,2,2,2,3,3,4,5,1,2,2,2,2,2,2,1,2,3,3,4,4,3,3,2,2,5,5,5,5,1,1,1,1,5,1,1,1,5,5,5,5,5,1,1,1,1,5,2,5,5,2,2,5,5,5,5,5,1,5,2,2,5,5,5,5,5,5,5,2,2,2,2,1,5,5,5,5,2,3,3,5,5,5,2,5,5,5,5,5,5,5,5,5,5,4,4,5,5,5,5,3,3,3,3,3,3,3,3,2,2,2,2,2,2,2,2","0.000983953475952148","louvain","edit-xhwikibooks.graphml"
"0.12","0.19","0.69","0.405951649540292","1,1,2,2,3,2,3,2,2,2,3,3,2,2,2,2,2,3,3,3,4,1,2,2,2,2,2,2,1,2,3,3,3,3,3,3,2,2,4,4,4,4,1,1,1,1,4,1,1,1,4,4,4,4,4,1,1,1,1,4,2,4,4,2,2,4,4,4,4,4,1,4,2,2,4,4,4,4,4,4,4,2,2,2,2,1,4,4,4,4,2,3,3,4,4,4,2,4,4,4,4,4,4,4,4,4,4,3,3,4,4,4,4,3,3,3,3,3,3,3,3,2,2,2,2,2,2,2,2","0.000813007354736328","louvain","edit-xhwikibooks.graphml"
"0.11","0.2","0.69","0.407709019687685","1,1,1,2,3,2,3,2,2,2,3,3,2,2,2,2,2,3,4,3,5,1,2,2,2,2,2,2,1,2,3,4,3,3,4,4,2,2,5,5,5,5,1,1,1,1,5,1,1,1,5,5,5,5,5,1,1,1,1,5,2,5,5,2,2,5,5,5,5,5,1,5,2,2,5,5,5,5,5,5,5,2,2,2,2,1,5,5,5,5,2,3,4,5,5,5,2,5,5,5,5,5,5,5,5,5,5,3,3,5,5,5,5,4,4,4,4,4,4,4,4,2,2,2,2,2,2,2,2","0.000962018966674805","louvain","edit-xhwikibooks.graphml"
"0.1","0.21","0.69","0.401417782887191","1,1,1,2,3,2,3,2,2,2,3,3,2,2,2,4,2,3,2,3,5,1,2,2,2,2,2,4,1,2,3,2,3,3,2,2,6,2,5,5,5,5,1,1,1,1,5,1,1,1,5,5,5,5,5,1,1,1,1,5,2,5,5,2,2,5,5,5,5,5,1,5,2,2,5,5,5,5,5,5,5,2,4,4,4,1,5,5,5,5,2,3,2,5,5,5,4,5,5,5,5,5,5,5,5,5,5,3,3,5,5,5,5,2,2,2,2,2,2,2,2,6,6,6,6,6,6,6,6","0.000833034515380859","louvain","edit-xhwikibooks.graphml"
"0.09","0.22","0.69","0.406988219290175","1,1,2,2,3,2,3,2,2,2,3,3,2,2,2,2,2,3,4,3,5,1,2,2,2,2,2,2,1,2,3,4,3,3,4,4,2,2,5,5,5,5,1,1,1,1,5,1,1,1,5,5,5,5,5,1,1,1,1,5,2,5,5,2,2,5,5,5,5,5,1,5,2,2,5,5,5,5,5,5,5,2,2,2,2,1,5,5,5,5,2,3,4,5,5,5,2,5,5,5,5,5,5,5,5,5,5,3,3,5,5,5,5,4,4,4,4,4,4,4,4,2,2,2,2,2,2,2,2","0.000854969024658203","louvain","edit-xhwikibooks.graphml"
"0.08","0.23","0.69","0.407747047448594","1,1,2,2,3,2,3,2,2,2,3,3,2,2,2,2,2,3,4,3,5,1,2,2,2,2,2,2,1,2,3,4,3,3,4,4,2,2,5,5,5,5,1,1,1,1,5,1,1,1,5,5,5,5,5,1,1,1,1,5,2,5,5,2,2,5,5,5,5,5,1,5,2,2,5,5,5,5,5,5,5,2,2,2,2,1,5,5,5,5,2,3,4,5,5,5,2,5,5,5,5,5,5,5,5,5,5,3,3,5,5,5,5,4,4,4,4,4,4,4,4,2,2,2,2,2,2,2,2","0.000833034515380859","louvain","edit-xhwikibooks.graphml"
"0.07","0.24","0.69","0.407767938372425","1,1,2,2,3,2,3,2,2,2,3,3,2,2,2,2,2,3,3,3,4,1,2,2,2,2,2,2,1,2,3,3,3,3,3,3,2,2,4,4,4,4,1,1,1,1,4,1,1,1,4,4,4,4,4,1,1,1,1,4,2,4,4,2,2,4,4,4,4,4,1,4,2,2,4,4,4,4,4,4,4,2,2,2,2,1,4,4,4,4,2,3,3,4,4,4,2,4,4,4,4,4,4,4,4,4,4,3,3,4,4,4,4,3,3,3,3,3,3,3,3,2,2,2,2,2,2,2,2","0.000918865203857422","louvain","edit-xhwikibooks.graphml"
"0.06","0.25","0.69","0.409071562087761","1,1,1,2,3,2,3,2,2,2,3,3,2,2,2,2,2,3,3,3,4,1,2,2,2,2,2,2,1,2,3,3,3,3,3,3,2,2,4,4,4,4,1,1,1,1,4,1,1,1,4,4,4,4,4,1,1,1,1,4,2,4,4,2,2,4,4,4,4,4,1,4,2,2,4,4,4,4,4,4,4,2,2,2,2,1,4,4,4,4,2,3,3,4,4,4,2,4,4,4,4,4,4,4,4,4,4,3,3,4,4,4,4,3,3,3,3,3,3,3,3,2,2,2,2,2,2,2,2","0.000777006149291992","louvain","edit-xhwikibooks.graphml"
"0.05","0.26","0.69","0.408562903630997","1,1,1,2,1,2,1,2,2,2,1,1,2,2,2,2,2,1,3,1,4,1,2,2,2,2,2,2,1,2,1,3,1,1,3,3,2,2,4,4,4,4,1,1,1,1,4,1,1,1,4,4,4,4,4,1,1,1,1,4,2,4,4,2,2,4,4,4,4,4,1,4,2,2,4,4,4,4,4,4,4,2,2,2,2,1,4,4,4,4,2,1,3,4,4,4,2,4,4,4,4,4,4,4,4,4,4,1,1,4,4,4,4,3,3,3,3,3,3,3,3,2,2,2,2,2,2,2,2","0.000890016555786133","louvain","edit-xhwikibooks.graphml"
"0.04","0.27","0.69","0.409533714849108","1,1,1,2,3,2,3,2,2,2,3,3,2,2,2,2,2,3,3,3,4,1,2,2,2,2,2,2,1,2,3,3,3,3,3,3,2,2,4,4,4,4,1,1,1,1,4,1,1,1,4,4,4,4,4,1,1,1,1,4,2,4,4,2,2,4,4,4,4,4,1,4,2,2,4,4,4,4,4,4,4,2,2,2,2,1,4,4,4,4,2,3,3,4,4,4,2,4,4,4,4,4,4,4,4,4,4,3,3,4,4,4,4,3,3,3,3,3,3,3,3,2,2,2,2,2,2,2,2","0.000974893569946289","louvain","edit-xhwikibooks.graphml"
"0.03","0.28","0.69","0.409388617066541","1,1,1,2,3,2,3,2,2,2,3,3,2,2,2,2,2,3,3,3,4,1,2,2,2,2,2,2,1,2,3,3,3,3,3,3,2,2,4,4,4,4,1,1,1,1,4,1,1,1,4,4,4,4,4,1,1,1,1,4,2,4,4,2,2,4,4,4,4,4,1,4,2,2,4,4,4,4,4,4,4,2,2,2,2,1,4,4,4,4,2,3,3,4,4,4,2,4,4,4,4,4,4,4,4,4,4,3,3,4,4,4,4,3,3,3,3,3,3,3,3,2,2,2,2,2,2,2,2","0.000909090042114258","louvain","edit-xhwikibooks.graphml"
"0.02","0.29","0.69","0.401920732450156","1,1,1,2,3,2,3,2,2,2,3,3,2,2,2,2,2,3,3,3,4,1,2,2,2,2,2,2,1,2,3,3,3,3,3,3,2,2,4,4,4,4,1,1,1,1,4,1,1,1,4,4,4,4,4,1,1,1,1,4,2,4,4,2,2,4,4,4,4,4,1,4,2,2,4,4,4,4,4,4,4,2,2,2,2,1,4,4,4,4,2,3,3,4,4,4,2,4,4,4,4,4,4,4,4,4,4,3,3,4,4,4,4,3,3,3,3,3,3,3,3,2,2,2,2,2,2,2,2","0.00113797187805176","louvain","edit-xhwikibooks.graphml"
"0.01","0.3","0.69","0.402168864546487","1,1,1,2,3,2,3,2,2,2,3,3,2,2,2,2,2,3,4,3,5,1,2,2,2,2,2,2,1,2,3,4,3,3,4,4,2,2,5,5,5,5,1,1,1,1,5,1,1,1,5,5,5,5,5,1,1,1,1,5,2,5,5,2,2,5,5,5,5,5,1,5,2,2,5,5,5,5,5,5,5,2,2,2,2,1,5,5,5,5,2,3,4,5,5,5,2,5,5,5,5,5,5,5,5,5,5,3,3,5,5,5,5,4,4,4,4,4,4,4,4,2,2,2,2,2,2,2,2","0.00125408172607422","louvain","edit-xhwikibooks.graphml"
"0","0.31","0.69","0.403846456698859","1,1,1,2,1,2,3,2,2,2,3,3,2,2,2,2,2,3,3,3,4,1,2,2,2,2,2,2,1,2,3,3,3,3,3,3,2,2,4,4,4,4,1,1,1,1,4,1,1,1,4,4,4,4,4,1,1,1,1,4,2,4,4,2,2,4,4,4,4,4,1,4,2,2,4,4,4,4,4,4,4,2,2,2,2,1,4,4,4,4,2,3,3,4,4,4,2,4,4,4,4,4,4,4,4,4,4,3,3,4,4,4,4,3,3,3,3,3,3,3,3,2,2,2,2,2,2,2,2","0.000869035720825195","louvain","edit-xhwikibooks.graphml"
"0.3","0","0.7","0.412233418884936","1,1,2,2,3,2,3,2,2,2,3,3,2,2,2,2,2,3,4,3,5,1,2,2,2,2,2,2,1,2,3,4,3,3,4,4,2,2,5,5,5,5,1,1,1,1,5,1,1,1,5,5,5,5,5,1,1,1,1,5,2,5,5,2,2,5,5,5,5,5,1,5,2,2,5,5,5,5,5,5,5,2,2,2,2,1,5,5,5,5,2,3,4,5,5,5,2,5,5,5,5,5,5,5,5,5,5,3,3,5,5,5,5,4,4,4,4,4,4,4,4,2,2,2,2,2,2,2,2","0.000776052474975586","louvain","edit-xhwikibooks.graphml"
"0.29","0.01","0.7","0.410865873445106","1,1,2,3,2,3,2,3,3,3,2,2,3,3,3,3,3,2,4,2,5,1,3,3,3,3,3,3,1,3,2,4,2,2,4,4,3,3,5,5,5,5,1,1,1,1,5,1,1,1,5,5,5,5,5,1,1,1,1,5,3,5,5,3,3,5,5,5,5,5,1,5,3,3,5,5,5,5,5,5,5,3,3,3,3,1,5,5,5,5,3,2,4,5,5,5,3,5,5,5,5,5,5,5,5,5,5,2,2,5,5,5,5,4,4,4,4,4,4,4,4,3,3,3,3,3,3,3,3","0.000793933868408203","louvain","edit-xhwikibooks.graphml"
"0.28","0.02","0.7","0.410115846403461","1,1,2,2,3,2,3,2,2,2,3,3,2,2,2,2,2,3,3,3,4,1,2,2,2,2,2,2,1,2,3,3,3,3,3,3,2,2,4,4,4,4,1,1,1,1,4,1,1,1,4,4,4,4,4,1,1,1,1,4,2,4,4,2,2,4,4,4,4,4,1,4,2,2,4,4,4,4,4,4,4,2,2,2,2,1,4,4,4,4,2,3,3,4,4,4,2,4,4,4,4,4,4,4,4,4,4,3,3,4,4,4,4,3,3,3,3,3,3,3,3,2,2,2,2,2,2,2,2","0.000845193862915039","louvain","edit-xhwikibooks.graphml"
"0.27","0.03","0.7","0.410718874660916","1,1,2,3,2,3,2,3,3,3,2,2,3,3,3,3,3,2,4,2,5,1,3,3,3,3,3,3,1,3,2,4,2,2,4,4,3,3,5,5,5,5,1,1,1,1,5,1,1,1,5,5,5,5,5,1,1,1,1,5,3,5,5,3,3,5,5,5,5,5,1,5,3,3,5,5,5,5,5,5,5,3,3,3,3,1,5,5,5,5,3,2,4,5,5,5,3,5,5,5,5,5,5,5,5,5,5,2,2,5,5,5,5,4,4,4,4,4,4,4,4,3,3,3,3,3,3,3,3","0.000798940658569336","louvain","edit-xhwikibooks.graphml"
"0.26","0.04","0.7","0.410718874660916","1,1,2,3,2,3,2,3,3,3,2,2,3,3,3,3,3,2,4,2,5,1,3,3,3,3,3,3,1,3,2,4,2,2,4,4,3,3,5,5,5,5,1,1,1,1,5,1,1,1,5,5,5,5,5,1,1,1,1,5,3,5,5,3,3,5,5,5,5,5,1,5,3,3,5,5,5,5,5,5,5,3,3,3,3,1,5,5,5,5,3,2,4,5,5,5,3,5,5,5,5,5,5,5,5,5,5,2,2,5,5,5,5,4,4,4,4,4,4,4,4,3,3,3,3,3,3,3,3","0.000880956649780273","louvain","edit-xhwikibooks.graphml"
"0.25","0.05","0.7","0.410571971607634","1,1,2,3,2,3,2,3,3,3,2,2,3,3,3,3,3,2,4,2,5,1,3,3,3,3,3,3,1,3,2,4,2,2,4,4,3,3,5,5,5,5,1,1,1,1,5,1,1,1,5,5,5,5,5,1,1,1,1,5,3,5,5,3,3,5,5,5,5,5,1,5,3,3,5,5,5,5,5,5,5,3,3,3,3,1,5,5,5,5,3,2,4,5,5,5,3,5,5,5,5,5,5,5,5,5,5,2,2,5,5,5,5,4,4,4,4,4,4,4,4,3,3,3,3,3,3,3,3","0.000864982604980469","louvain","edit-xhwikibooks.graphml"
"0.24","0.06","0.7","0.411079043941969","1,1,2,2,3,2,3,2,2,2,3,3,2,2,2,2,2,3,4,3,5,1,2,2,2,2,2,2,1,2,3,4,3,3,4,4,2,2,5,5,5,5,1,1,1,1,5,1,1,1,5,5,5,5,5,1,1,1,1,5,2,5,5,2,2,5,5,5,5,5,1,5,2,2,5,5,5,5,5,5,5,2,2,2,2,1,5,5,5,5,2,3,4,5,5,5,2,5,5,5,5,5,5,5,5,5,5,3,3,5,5,5,5,4,4,4,4,4,4,4,4,2,2,2,2,2,2,2,2","0.00092315673828125","louvain","edit-xhwikibooks.graphml"
"0.23","0.07","0.7","0.41088948116652","1,1,2,3,2,3,2,3,3,3,2,2,3,3,3,3,3,2,4,2,5,1,3,3,3,3,3,3,1,3,2,4,2,2,4,4,3,3,5,5,5,5,1,1,1,1,5,1,1,1,5,5,5,5,5,1,1,1,1,5,3,5,5,3,3,5,5,5,5,5,1,5,3,3,5,5,5,5,5,5,5,3,3,3,3,1,5,5,5,5,3,2,4,5,5,5,3,5,5,5,5,5,5,5,5,5,5,2,2,5,5,5,5,4,4,4,4,4,4,4,4,3,3,3,3,3,3,3,3","0.000908136367797852","louvain","edit-xhwikibooks.graphml"
"0.22","0.08","0.7","0.411352759728899","1,1,2,3,2,3,2,3,3,3,2,2,3,3,3,3,3,2,4,2,5,1,3,3,3,3,3,3,1,3,2,4,2,2,4,4,3,3,5,5,5,5,1,1,1,1,5,1,1,1,5,5,5,5,5,1,1,1,1,5,3,5,5,3,3,5,5,5,5,5,1,5,3,3,5,5,5,5,5,5,5,3,3,3,3,1,5,5,5,5,3,2,4,5,5,5,3,5,5,5,5,5,5,5,5,5,5,2,2,5,5,5,5,4,4,4,4,4,4,4,4,3,3,3,3,3,3,3,3","0.000726938247680664","louvain","edit-xhwikibooks.graphml"
"0.21","0.09","0.7","0.411205967038527","1,1,2,3,2,3,2,3,3,3,2,2,3,3,3,3,3,2,4,2,5,1,3,3,3,3,3,3,1,3,2,4,2,2,4,4,3,3,5,5,5,5,1,1,1,1,5,1,1,1,5,5,5,5,5,1,1,1,1,5,3,5,5,3,3,5,5,5,5,5,1,5,3,3,5,5,5,5,5,5,5,3,3,3,3,1,5,5,5,5,3,2,4,5,5,5,3,5,5,5,5,5,5,5,5,5,5,2,2,5,5,5,5,4,4,4,4,4,4,4,4,3,3,3,3,3,3,3,3","0.000799894332885742","louvain","edit-xhwikibooks.graphml"
"0.2","0.1","0.7","0.405822870866084","1,1,2,3,2,3,2,3,3,3,2,2,3,3,3,3,3,2,3,2,4,1,3,3,3,3,3,3,1,3,2,3,2,2,3,3,5,3,4,4,4,4,1,1,1,1,4,1,1,1,4,4,4,4,4,1,1,1,1,4,3,4,4,3,3,4,4,4,4,4,1,4,3,3,4,4,4,4,4,4,4,3,3,3,3,1,4,4,4,4,3,2,3,4,4,4,3,4,4,4,4,4,4,4,4,4,4,2,2,4,4,4,4,3,3,3,3,3,3,3,3,5,5,5,5,5,5,5,5","0.000890970230102539","louvain","edit-xhwikibooks.graphml"
"0.19","0.11","0.7","0.405860976630207","1,1,2,2,3,2,3,2,2,2,3,3,2,2,2,2,2,3,4,3,5,1,2,2,2,2,2,2,1,2,3,4,3,3,4,4,2,2,5,5,5,5,1,1,1,1,5,1,1,1,5,5,5,5,5,1,1,1,1,5,2,5,5,2,2,5,5,5,5,5,1,5,2,2,5,5,5,5,5,5,5,2,2,2,2,1,5,5,5,5,2,3,4,5,5,5,2,5,5,5,5,5,5,5,5,5,5,3,3,5,5,5,5,4,4,4,4,4,4,4,4,2,2,2,2,2,2,2,2","0.00091099739074707","louvain","edit-xhwikibooks.graphml"
"0.18","0.12","0.7","0.406770834576208","1,1,2,2,3,2,3,2,2,2,3,3,2,2,2,2,2,3,4,3,5,1,2,2,2,2,2,2,1,2,3,4,3,3,4,4,2,2,5,5,5,5,1,1,1,1,5,1,1,1,5,5,5,5,5,1,1,1,1,5,2,5,5,2,2,5,5,5,5,5,1,5,2,2,5,5,5,5,5,5,5,2,2,2,2,1,5,5,5,5,2,3,4,5,5,5,2,5,5,5,5,5,5,5,5,5,5,3,3,5,5,5,5,4,4,4,4,4,4,4,4,2,2,2,2,2,2,2,2","0.000808954238891602","louvain","edit-xhwikibooks.graphml"
"0.17","0.13","0.7","0.406760197004532","1,1,1,2,3,2,3,2,2,2,3,3,2,2,2,2,2,3,4,3,5,1,2,2,2,2,2,2,1,2,3,4,3,3,4,4,2,2,5,5,5,5,1,1,1,1,5,1,1,1,5,5,5,5,5,1,1,1,1,5,2,5,5,2,2,5,5,5,5,5,1,5,2,2,5,5,5,5,5,5,5,2,2,2,2,1,5,5,5,5,2,3,4,5,5,5,2,5,5,5,5,5,5,5,5,5,5,3,3,5,5,5,5,4,4,4,4,4,4,4,4,2,2,2,2,2,2,2,2","0.000874996185302734","louvain","edit-xhwikibooks.graphml"
"0.16","0.14","0.7","0.406241764024566","1,1,2,2,3,2,3,2,2,2,3,4,2,2,2,2,2,3,3,4,5,1,2,2,2,2,2,2,1,2,3,3,4,4,3,3,2,2,5,5,5,5,1,1,1,1,5,1,1,1,5,5,5,5,5,1,1,1,1,5,2,5,5,2,2,5,5,5,5,5,1,5,2,2,5,5,5,5,5,5,5,2,2,2,2,1,5,5,5,5,2,3,3,5,5,5,2,5,5,5,5,5,5,5,5,5,5,4,4,5,5,5,5,3,3,3,3,3,3,3,3,2,2,2,2,2,2,2,2","0.000808000564575195","louvain","edit-xhwikibooks.graphml"
"0.15","0.15","0.7","0.40752249772575","1,1,1,2,3,2,3,2,2,2,3,3,2,2,2,2,2,3,4,3,5,1,2,2,2,2,2,2,1,2,3,4,3,3,4,4,2,2,5,5,5,5,1,1,1,1,5,1,1,1,5,5,5,5,5,1,1,1,1,5,2,5,5,2,2,5,5,5,5,5,1,5,2,2,5,5,5,5,5,5,5,2,2,2,2,1,5,5,5,5,2,3,4,5,5,5,2,5,5,5,5,5,5,5,5,5,5,3,3,5,5,5,5,4,4,4,4,4,4,4,4,2,2,2,2,2,2,2,2","0.000930070877075195","louvain","edit-xhwikibooks.graphml"
"0.14","0.16","0.7","0.407022170091624","1,1,1,2,1,2,1,2,2,2,1,1,2,2,2,2,2,1,3,1,4,1,2,2,2,2,2,2,1,2,1,3,1,1,3,3,2,2,4,4,4,4,1,1,1,1,4,1,1,1,4,4,4,4,4,1,1,1,1,4,2,4,4,2,2,4,4,4,4,4,1,4,2,2,4,4,4,4,4,4,4,2,2,2,2,1,4,4,4,4,2,1,3,4,4,4,2,4,4,4,4,4,4,4,4,4,4,1,1,4,4,4,4,3,3,3,3,3,3,3,3,2,2,2,2,2,2,2,2","0.000942230224609375","louvain","edit-xhwikibooks.graphml"
"0.13","0.17","0.7","0.407871839569491","1,1,1,2,3,2,3,2,2,2,3,3,2,2,2,2,2,3,3,3,4,1,2,2,2,2,2,2,1,2,3,3,3,3,3,3,2,2,4,4,4,4,1,1,1,1,4,1,1,1,4,4,4,4,4,1,1,1,1,4,2,4,4,2,2,4,4,4,4,4,1,4,2,2,4,4,4,4,4,4,4,2,2,2,2,1,4,4,4,4,2,3,3,4,4,4,2,4,4,4,4,4,4,4,4,4,4,3,3,4,4,4,4,3,3,3,3,3,3,3,3,2,2,2,2,2,2,2,2","0.00131988525390625","louvain","edit-xhwikibooks.graphml"
"0.12","0.18","0.7","0.408306779983947","1,1,1,2,3,2,3,2,2,2,3,3,2,2,2,2,2,3,4,3,5,1,2,2,2,2,2,2,1,2,3,4,3,3,4,4,2,2,5,5,5,5,1,1,1,1,5,1,1,1,5,5,5,5,5,1,1,1,1,5,2,5,5,2,2,5,5,5,5,5,1,5,2,2,5,5,5,5,5,5,5,2,2,2,2,1,5,5,5,5,2,3,4,5,5,5,2,5,5,5,5,5,5,5,5,5,5,3,3,5,5,5,5,4,4,4,4,4,4,4,4,2,2,2,2,2,2,2,2","0.00137495994567871","louvain","edit-xhwikibooks.graphml"
"0.11","0.19","0.7","0.407726810256189","1,1,1,2,3,2,3,2,2,2,3,3,2,2,2,2,2,3,3,3,4,1,2,2,2,2,2,2,1,2,3,3,3,3,3,3,2,2,4,4,4,4,1,1,1,1,4,1,1,1,4,4,4,4,4,1,1,1,1,4,2,4,4,2,2,4,4,4,4,4,1,4,2,2,4,4,4,4,4,4,4,2,2,2,2,1,4,4,4,4,2,3,3,4,4,4,2,4,4,4,4,4,4,4,4,4,4,3,3,4,4,4,4,3,3,3,3,3,3,3,3,2,2,2,2,2,2,2,2","0.00081181526184082","louvain","edit-xhwikibooks.graphml"
"0.1","0.2","0.7","0.409035476349065","1,1,1,2,3,2,3,2,2,2,3,3,2,2,2,2,2,3,4,3,5,1,2,2,2,2,2,2,1,2,3,4,3,3,4,4,2,2,5,5,5,5,1,1,1,1,5,1,1,1,5,5,5,5,5,1,1,1,1,5,2,5,5,2,2,5,5,5,5,5,1,5,2,2,5,5,5,5,5,5,5,2,2,2,2,1,5,5,5,5,2,3,4,5,5,5,2,5,5,5,5,5,5,5,5,5,5,3,3,5,5,5,5,4,4,4,4,4,4,4,4,2,2,2,2,2,2,2,2","0.00086212158203125","louvain","edit-xhwikibooks.graphml"
"0.09","0.21","0.7","0.406976957210312","1,1,2,2,3,2,3,2,2,2,3,3,2,2,2,2,2,3,4,3,5,1,2,2,2,2,2,2,1,2,3,4,3,3,4,4,2,2,5,5,5,5,1,1,1,1,5,1,1,1,5,5,5,5,5,1,1,1,1,5,2,5,5,2,2,5,5,5,5,5,1,5,2,2,5,5,5,5,5,5,5,2,2,2,2,1,5,5,5,5,2,3,4,5,5,5,2,5,5,5,5,5,5,5,5,5,5,3,3,5,5,5,5,4,4,4,4,4,4,4,4,2,2,2,2,2,2,2,2","0.000839948654174805","louvain","edit-xhwikibooks.graphml"
"0.08","0.22","0.7","0.407111663731142","1,1,1,2,3,2,3,2,2,2,3,3,2,2,2,2,2,3,4,3,5,1,2,2,2,2,2,2,1,2,3,4,3,3,4,4,2,2,5,5,5,5,1,1,1,1,5,1,1,1,5,5,5,5,5,1,1,1,1,5,2,5,5,2,2,5,5,5,5,5,1,5,2,2,5,5,5,5,5,5,5,2,2,2,2,1,5,5,5,5,2,3,4,5,5,5,2,5,5,5,5,5,5,5,5,5,5,3,3,5,5,5,5,4,4,4,4,4,4,4,4,2,2,2,2,2,2,2,2","0.000765085220336914","louvain","edit-xhwikibooks.graphml"
"0.07","0.23","0.7","0.407291093740362","1,1,2,2,3,2,3,2,2,2,3,3,2,2,2,2,2,3,3,3,4,1,2,2,2,2,2,2,1,2,3,3,3,3,3,3,2,2,4,4,4,4,1,1,1,1,4,1,1,1,4,4,4,4,4,1,1,1,1,4,2,4,4,2,2,4,4,4,4,4,1,4,2,2,4,4,4,4,4,4,4,2,2,2,2,1,4,4,4,4,2,3,3,4,4,4,2,4,4,4,4,4,4,4,4,4,4,3,3,4,4,4,4,3,3,3,3,3,3,3,3,2,2,2,2,2,2,2,2","0.000772953033447266","louvain","edit-xhwikibooks.graphml"
"0.06","0.24","0.7","0.407757393013989","1,1,2,2,3,2,3,2,2,2,3,3,2,2,2,2,2,3,3,3,4,1,2,2,2,2,2,2,1,2,3,3,3,3,3,3,2,2,4,4,4,4,1,1,1,1,4,1,1,1,4,4,4,4,4,1,1,1,1,4,2,4,4,2,2,4,4,4,4,4,1,4,2,2,4,4,4,4,4,4,4,2,2,2,2,1,4,4,4,4,2,3,3,4,4,4,2,4,4,4,4,4,4,4,4,4,4,3,3,4,4,4,4,3,3,3,3,3,3,3,3,2,2,2,2,2,2,2,2","0.000830173492431641","louvain","edit-xhwikibooks.graphml"
"0.05","0.25","0.7","0.408918640105223","1,1,2,2,3,2,3,2,2,2,3,3,2,2,2,2,2,3,3,3,4,1,2,2,2,2,2,2,1,2,3,3,3,3,3,3,2,2,4,4,4,4,1,1,1,1,4,1,1,1,4,4,4,4,4,1,1,1,1,4,2,4,4,2,2,4,4,4,4,4,1,4,2,2,4,4,4,4,4,4,4,2,2,2,2,1,4,4,4,4,2,3,3,4,4,4,2,4,4,4,4,4,4,4,4,4,4,3,3,4,4,4,4,3,3,3,3,3,3,3,3,2,2,2,2,2,2,2,2","0.00078892707824707","louvain","edit-xhwikibooks.graphml"
"0.04","0.26","0.7","0.409819006623607","1,1,2,2,3,2,3,2,2,2,3,3,2,2,2,2,2,3,4,3,5,1,2,2,2,2,2,2,1,2,3,4,3,3,4,4,2,2,5,5,5,5,1,1,1,1,5,1,1,1,5,5,5,5,5,1,1,1,1,5,2,5,5,2,2,5,5,5,5,5,1,5,2,2,5,5,5,5,5,5,5,2,2,2,2,1,5,5,5,5,2,3,4,5,5,5,2,5,5,5,5,5,5,5,5,5,5,3,3,5,5,5,5,4,4,4,4,4,4,4,4,2,2,2,2,2,2,2,2","0.000841856002807617","louvain","edit-xhwikibooks.graphml"
"0.03","0.27","0.7","0.409819006623607","1,1,2,2,3,2,3,2,2,2,3,3,2,2,2,2,2,3,4,3,5,1,2,2,2,2,2,2,1,2,3,4,3,3,4,4,2,2,5,5,5,5,1,1,1,1,5,1,1,1,5,5,5,5,5,1,1,1,1,5,2,5,5,2,2,5,5,5,5,5,1,5,2,2,5,5,5,5,5,5,5,2,2,2,2,1,5,5,5,5,2,3,4,5,5,5,2,5,5,5,5,5,5,5,5,5,5,3,3,5,5,5,5,4,4,4,4,4,4,4,4,2,2,2,2,2,2,2,2","0.000914096832275391","louvain","edit-xhwikibooks.graphml"
"0.02","0.28","0.7","0.409673308995118","1,1,2,2,3,2,3,2,2,2,3,3,2,2,2,2,2,3,4,3,5,1,2,2,2,2,2,2,1,2,3,4,3,3,4,4,2,2,5,5,5,5,1,1,1,1,5,1,1,1,5,5,5,5,5,1,1,1,1,5,2,5,5,2,2,5,5,5,5,5,1,5,2,2,5,5,5,5,5,5,5,2,2,2,2,1,5,5,5,5,2,3,4,5,5,5,2,5,5,5,5,5,5,5,5,5,5,3,3,5,5,5,5,4,4,4,4,4,4,4,4,2,2,2,2,2,2,2,2","0.000835895538330078","louvain","edit-xhwikibooks.graphml"
"0.01","0.29","0.7","0.410120970526623","1,1,2,2,3,2,3,2,2,2,3,3,2,2,2,2,2,3,3,3,4,1,2,2,2,2,2,2,1,2,3,3,3,3,3,3,2,2,4,4,4,4,1,1,1,1,4,1,1,1,4,4,4,4,4,1,1,1,1,4,2,4,4,2,2,4,4,4,4,4,1,4,2,2,4,4,4,4,4,4,4,2,2,2,2,1,4,4,4,4,2,3,3,4,4,4,2,4,4,4,4,4,4,4,4,4,4,3,3,4,4,4,4,3,3,3,3,3,3,3,3,2,2,2,2,2,2,2,2","0.000957965850830078","louvain","edit-xhwikibooks.graphml"
"0","0.3","0.7","0.411033020500707","1,1,1,2,1,2,1,2,2,2,1,1,2,2,2,2,2,1,3,1,4,1,2,2,2,2,2,2,1,2,1,3,1,1,3,3,2,2,4,4,4,4,1,1,1,1,4,1,1,1,4,4,4,4,4,1,1,1,1,4,2,4,4,2,2,4,4,4,4,4,1,4,2,2,4,4,4,4,4,4,4,2,2,2,2,1,4,4,4,4,2,1,3,4,4,4,2,4,4,4,4,4,4,4,4,4,4,1,1,4,4,4,4,3,3,3,3,3,3,3,3,2,2,2,2,2,2,2,2","0.0014190673828125","louvain","edit-xhwikibooks.graphml"
"0.29","0","0.71","0.405089813993515","1,1,2,3,2,3,2,3,3,3,2,2,3,3,3,3,3,2,4,2,5,1,3,3,3,3,3,3,1,3,2,4,2,2,4,4,3,3,5,5,5,5,1,1,1,1,5,1,1,1,5,5,5,5,5,1,1,1,1,5,3,5,5,3,3,5,5,5,5,5,1,5,3,3,5,5,5,5,5,5,5,3,3,3,3,1,5,5,5,5,3,2,4,5,5,5,3,5,5,5,5,5,5,5,5,5,5,2,2,5,5,5,5,4,4,4,4,4,4,4,4,3,3,3,3,3,3,3,3","0.000844955444335938","louvain","edit-xhwikibooks.graphml"
"0.28","0.01","0.71","0.40513646578803","1,1,2,2,3,2,3,2,2,2,3,3,2,2,2,2,2,3,4,3,5,1,2,2,2,2,2,2,1,2,3,4,3,3,4,4,2,2,5,5,5,5,1,1,1,1,5,1,1,1,5,5,5,5,5,1,1,1,1,5,2,5,5,2,2,5,5,5,5,5,1,5,2,2,5,5,5,5,5,5,5,2,2,2,2,1,5,5,5,5,2,3,4,5,5,5,2,5,5,5,5,5,5,5,5,5,5,3,3,5,5,5,5,4,4,4,4,4,4,4,4,2,2,2,2,2,2,2,2","0.000929117202758789","louvain","edit-xhwikibooks.graphml"
"0.27","0.02","0.71","0.405089813993515","1,1,2,3,2,3,2,3,3,3,2,2,3,3,3,3,3,2,4,2,5,1,3,3,3,3,3,3,1,3,2,4,2,2,4,4,3,3,5,5,5,5,1,1,1,1,5,1,1,1,5,5,5,5,5,1,1,1,1,5,3,5,5,3,3,5,5,5,5,5,1,5,3,3,5,5,5,5,5,5,5,3,3,3,3,1,5,5,5,5,3,2,4,5,5,5,3,5,5,5,5,5,5,5,5,5,5,2,2,5,5,5,5,4,4,4,4,4,4,4,4,3,3,3,3,3,3,3,3","0.000792980194091797","louvain","edit-xhwikibooks.graphml"
"0.26","0.03","0.71","0.404947384963385","1,1,2,3,2,3,2,3,3,3,2,2,3,3,3,3,3,2,4,2,5,1,3,3,3,3,3,3,1,3,2,4,2,2,4,4,3,3,5,5,5,5,1,1,1,1,5,1,1,1,5,5,5,5,5,1,1,1,1,5,3,5,5,3,3,5,5,5,5,5,1,5,3,3,5,5,5,5,5,5,5,3,3,3,3,1,5,5,5,5,3,2,4,5,5,5,3,5,5,5,5,5,5,5,5,5,5,2,2,5,5,5,5,4,4,4,4,4,4,4,4,3,3,3,3,3,3,3,3","0.000864028930664062","louvain","edit-xhwikibooks.graphml"
"0.25","0.04","0.71","0.404947384963385","1,1,2,3,2,3,2,3,3,3,2,2,3,3,3,3,3,2,4,2,5,1,3,3,3,3,3,3,1,3,2,4,2,2,4,4,3,3,5,5,5,5,1,1,1,1,5,1,1,1,5,5,5,5,5,1,1,1,1,5,3,5,5,3,3,5,5,5,5,5,1,5,3,3,5,5,5,5,5,5,5,3,3,3,3,1,5,5,5,5,3,2,4,5,5,5,3,5,5,5,5,5,5,5,5,5,5,2,2,5,5,5,5,4,4,4,4,4,4,4,4,3,3,3,3,3,3,3,3","0.000793933868408203","louvain","edit-xhwikibooks.graphml"
"0.24","0.05","0.71","0.404805047546891","1,1,2,3,2,3,2,3,3,3,2,2,3,3,3,3,3,2,4,2,5,1,3,3,3,3,3,3,1,3,2,4,2,2,4,4,3,3,5,5,5,5,1,1,1,1,5,1,1,1,5,5,5,5,5,1,1,1,1,5,3,5,5,3,3,5,5,5,5,5,1,5,3,3,5,5,5,5,5,5,5,3,3,3,3,1,5,5,5,5,3,2,4,5,5,5,3,5,5,5,5,5,5,5,5,5,5,2,2,5,5,5,5,4,4,4,4,4,4,4,4,3,3,3,3,3,3,3,3","0.000799894332885742","louvain","edit-xhwikibooks.graphml"
"0.23","0.06","0.71","0.405265360621342","1,1,2,3,2,3,2,3,3,3,2,2,3,3,3,3,3,2,4,2,5,1,3,3,3,3,3,3,1,3,2,4,2,2,4,4,3,3,5,5,5,5,1,1,1,1,5,1,1,1,5,5,5,5,5,1,1,1,1,5,3,5,5,3,3,5,5,5,5,5,1,5,3,3,5,5,5,5,5,5,5,3,3,3,3,1,5,5,5,5,3,2,4,5,5,5,3,5,5,5,5,5,5,5,5,5,5,2,2,5,5,5,5,4,4,4,4,4,4,4,4,3,3,3,3,3,3,3,3","0.000769853591918945","louvain","edit-xhwikibooks.graphml"
"0.22","0.07","0.71","0.405123071148338","1,1,2,3,2,3,2,3,3,3,2,2,3,3,3,3,3,2,4,2,5,1,3,3,3,3,3,3,1,3,2,4,2,2,4,4,3,3,5,5,5,5,1,1,1,1,5,1,1,1,5,5,5,5,5,1,1,1,1,5,3,5,5,3,3,5,5,5,5,5,1,5,3,3,5,5,5,5,5,5,5,3,3,3,3,1,5,5,5,5,3,2,4,5,5,5,3,5,5,5,5,5,5,5,5,5,5,2,2,5,5,5,5,4,4,4,4,4,4,4,4,3,3,3,3,3,3,3,3","0.00124788284301758","louvain","edit-xhwikibooks.graphml"
"0.21","0.08","0.71","0.405076301893161","1,1,1,2,1,2,1,2,2,2,3,1,2,2,2,2,2,3,3,1,4,1,2,2,2,2,2,2,1,2,3,3,1,1,3,3,2,2,4,4,4,4,1,1,1,1,4,1,1,1,4,4,4,4,4,1,1,1,1,4,2,4,4,2,2,4,4,4,4,4,1,4,2,2,4,4,4,4,4,4,4,2,2,2,2,1,4,4,4,4,2,3,3,4,4,4,2,4,4,4,4,4,4,4,4,4,4,1,1,4,4,4,4,3,3,3,3,3,3,3,3,2,2,2,2,2,2,2,2","0.00144290924072266","louvain","edit-xhwikibooks.graphml"
"0.2","0.09","0.71","0.406040610168782","1,1,2,3,2,3,2,3,3,3,2,2,3,3,3,3,3,2,4,2,5,1,3,3,3,3,3,3,1,3,2,4,2,2,4,4,3,3,5,5,5,5,1,1,1,1,5,1,1,1,5,5,5,5,5,1,1,1,1,5,3,5,5,3,3,5,5,5,5,5,1,5,3,3,5,5,5,5,5,5,5,3,3,3,3,1,5,5,5,5,3,2,4,5,5,5,3,5,5,5,5,5,5,5,5,5,5,2,2,5,5,5,5,4,4,4,4,4,4,4,4,3,3,3,3,3,3,3,3","0.00121212005615234","louvain","edit-xhwikibooks.graphml"
"0.19","0.1","0.71","0.406548342817948","1,1,2,3,2,3,2,3,3,3,2,2,3,3,3,3,3,2,4,2,5,1,3,3,3,3,3,3,1,3,2,4,2,2,4,4,3,3,5,5,5,5,1,1,1,1,5,1,1,1,5,5,5,5,5,1,1,1,1,5,3,5,5,3,3,5,5,5,5,5,1,5,3,3,5,5,5,5,5,5,5,3,3,3,3,1,5,5,5,5,3,2,4,5,5,5,3,5,5,5,5,5,5,5,5,5,5,2,2,5,5,5,5,4,4,4,4,4,4,4,4,3,3,3,3,3,3,3,3","0.000881195068359375","louvain","edit-xhwikibooks.graphml"
"0.18","0.11","0.71","0.405087727445712","1,1,2,3,2,3,2,3,3,3,2,2,3,3,3,3,3,2,4,2,5,1,3,3,3,3,3,3,1,3,2,4,2,2,4,4,3,3,5,5,5,5,1,1,1,1,5,1,1,1,5,5,5,5,5,1,1,1,1,5,3,5,5,3,3,5,5,5,5,5,1,5,3,3,5,5,5,5,5,5,5,3,3,3,3,1,5,5,5,5,3,2,4,5,5,5,3,5,5,5,5,5,5,5,5,5,5,2,2,5,5,5,5,4,4,4,4,4,4,4,4,3,3,3,3,3,3,3,3","0.000826120376586914","louvain","edit-xhwikibooks.graphml"
"0.17","0.12","0.71","0.405976886585014","1,1,2,3,2,3,2,3,3,3,2,2,3,3,3,3,3,2,4,2,5,1,3,3,3,3,3,3,1,3,2,4,2,2,4,4,3,3,5,5,5,5,1,1,1,1,5,1,1,1,5,5,5,5,5,1,1,1,1,5,3,5,5,3,3,5,5,5,5,5,1,5,3,3,5,5,5,5,5,5,5,3,3,3,3,1,5,5,5,5,3,2,4,5,5,5,3,5,5,5,5,5,5,5,5,5,5,2,2,5,5,5,5,4,4,4,4,4,4,4,4,3,3,3,3,3,3,3,3","0.000809907913208008","louvain","edit-xhwikibooks.graphml"
"0.16","0.13","0.71","0.405804088422993","1,1,2,2,3,2,3,2,2,2,3,3,2,2,2,2,2,3,4,3,5,1,2,2,2,2,2,2,1,2,3,4,3,3,4,4,2,2,5,5,5,5,1,1,1,1,5,1,1,1,5,5,5,5,5,1,1,1,1,5,2,5,5,2,2,5,5,5,5,5,1,5,2,2,5,5,5,5,5,5,5,2,2,2,2,1,5,5,5,5,2,3,4,5,5,5,2,5,5,5,5,5,5,5,5,5,5,3,3,5,5,5,5,4,4,4,4,4,4,4,4,2,2,2,2,2,2,2,2","0.000864028930664062","louvain","edit-xhwikibooks.graphml"
"0.15","0.14","0.71","0.399470426160097","1,1,1,2,3,2,3,2,2,2,3,3,2,2,2,2,2,3,3,3,4,1,2,2,2,2,2,2,1,2,3,3,3,3,3,3,2,2,4,4,4,4,1,1,1,1,4,1,1,1,4,4,4,4,4,1,1,1,1,4,2,4,4,2,2,4,4,4,4,4,1,4,2,2,4,4,4,4,4,4,4,2,2,2,2,1,4,4,4,4,2,3,3,4,4,4,2,4,4,4,4,4,4,4,4,4,4,3,3,4,4,4,4,3,3,3,3,3,3,3,3,2,2,2,2,2,2,2,2","0.000879049301147461","louvain","edit-xhwikibooks.graphml"
"0.14","0.15","0.71","0.400475016165743","1,1,2,2,3,2,3,2,2,2,3,3,2,2,2,2,2,3,4,3,5,1,2,2,2,2,2,2,1,2,3,4,3,3,4,4,2,2,5,5,5,5,1,1,1,1,5,1,1,1,5,5,5,5,5,1,1,1,1,5,2,5,5,2,2,5,5,5,5,5,1,5,2,2,5,5,5,5,5,5,5,2,2,2,2,1,5,5,5,5,2,3,4,5,5,5,2,5,5,5,5,5,5,5,5,5,5,3,3,5,5,5,5,4,4,4,4,4,4,4,4,2,2,2,2,2,2,2,2","0.000828027725219727","louvain","edit-xhwikibooks.graphml"
"0.13","0.16","0.71","0.401067519838796","1,1,1,2,3,2,3,2,2,2,3,3,2,2,2,2,2,3,4,3,5,1,2,2,2,2,2,2,1,2,3,4,3,3,4,4,2,2,5,5,5,5,1,1,1,1,5,1,1,1,5,5,5,5,5,1,1,1,1,5,2,5,5,2,2,5,5,5,5,5,1,5,2,2,5,5,5,5,5,5,5,2,2,2,2,1,5,5,5,5,2,3,4,5,5,5,2,5,5,5,5,5,5,5,5,5,5,3,3,5,5,5,5,4,4,4,4,4,4,4,4,2,2,2,2,2,2,2,2","0.000762939453125","louvain","edit-xhwikibooks.graphml"
"0.12","0.17","0.71","0.401261889756855","1,1,2,2,3,2,3,2,2,2,3,3,2,2,2,2,2,3,4,3,5,1,2,2,2,2,2,2,1,2,3,4,3,3,4,4,2,2,5,5,5,5,1,1,1,1,5,1,1,1,5,5,5,5,5,1,1,1,1,5,2,5,5,2,2,5,5,5,5,5,1,5,2,2,5,5,5,5,5,5,5,2,2,2,2,1,5,5,5,5,2,3,4,5,5,5,2,5,5,5,5,5,5,5,5,5,5,3,3,5,5,5,5,4,4,4,4,4,4,4,4,2,2,2,2,2,2,2,2","0.000792026519775391","louvain","edit-xhwikibooks.graphml"
"0.11","0.18","0.71","0.400482433225491","1,1,1,2,1,2,1,2,2,2,1,1,2,2,2,2,2,1,3,1,4,1,2,2,2,2,2,2,1,2,1,3,1,1,3,3,2,2,4,4,4,4,1,1,1,1,4,1,1,1,4,4,4,4,4,1,1,1,1,4,2,4,4,2,2,4,4,4,4,4,1,4,2,2,4,4,4,4,4,4,4,2,2,2,2,1,4,4,4,4,2,1,3,4,4,4,2,4,4,4,4,4,4,4,4,4,4,1,1,4,4,4,4,3,3,3,3,3,3,3,3,2,2,2,2,2,2,2,2","0.000782966613769531","louvain","edit-xhwikibooks.graphml"
"0.1","0.19","0.71","0.400342125604582","1,1,1,2,1,2,1,2,2,2,1,1,2,2,2,2,2,1,3,1,4,1,2,2,2,2,2,2,1,2,1,3,1,1,3,3,2,2,4,4,4,4,1,1,1,1,4,1,1,1,4,4,4,4,4,1,1,1,1,4,2,4,4,2,2,4,4,4,4,4,1,4,2,2,4,4,4,4,4,4,4,2,2,2,2,1,4,4,4,4,2,1,3,4,4,4,2,4,4,4,4,4,4,4,4,4,4,1,1,4,4,4,4,3,3,3,3,3,3,3,3,2,2,2,2,2,2,2,2","0.000922918319702148","louvain","edit-xhwikibooks.graphml"
"0.09","0.2","0.71","0.4019894738489","1,1,2,2,3,2,3,2,2,2,3,3,2,2,2,2,2,3,4,3,5,1,2,2,2,2,2,2,1,2,3,4,3,3,4,4,2,2,5,5,5,5,1,1,1,1,5,1,1,1,5,5,5,5,5,1,1,1,1,5,2,5,5,2,2,5,5,5,5,5,1,5,2,2,5,5,5,5,5,5,5,2,2,2,2,1,5,5,5,5,2,3,4,5,5,5,2,5,5,5,5,5,5,5,5,5,5,3,3,5,5,5,5,4,4,4,4,4,4,4,4,2,2,2,2,2,2,2,2","0.000777959823608398","louvain","edit-xhwikibooks.graphml"
"0.08","0.21","0.71","0.401596145638906","1,1,1,2,3,2,3,2,2,2,3,3,2,2,2,2,2,3,3,3,4,1,2,2,2,2,2,2,1,2,3,3,3,3,3,3,2,2,4,4,4,4,1,1,1,1,4,1,1,1,4,4,4,4,4,1,1,1,1,4,2,4,4,2,2,4,4,4,4,4,1,4,2,2,4,4,4,4,4,4,4,2,2,2,2,1,4,4,4,4,2,3,3,4,4,4,2,4,4,4,4,4,4,4,4,4,4,3,3,4,4,4,4,3,3,3,3,3,3,3,3,2,2,2,2,2,2,2,2","0.000822067260742188","louvain","edit-xhwikibooks.graphml"
"0.07","0.22","0.71","0.401910834450479","1,1,1,2,3,2,3,2,2,2,3,4,2,2,2,2,2,3,3,4,5,1,2,2,2,2,2,2,1,2,3,3,4,4,3,3,2,2,5,5,5,5,1,1,1,1,5,1,1,1,5,5,5,5,5,1,1,1,1,5,2,5,5,2,2,5,5,5,5,5,1,5,2,2,5,5,5,5,5,5,5,2,2,2,2,1,5,5,5,5,2,3,3,5,5,5,2,5,5,5,5,5,5,5,5,5,5,4,4,5,5,5,5,3,3,3,3,3,3,3,3,2,2,2,2,2,2,2,2","0.000800132751464844","louvain","edit-xhwikibooks.graphml"
"0.06","0.23","0.71","0.402894341417687","1,1,2,2,3,2,3,2,2,2,3,3,2,2,2,2,2,3,4,3,5,1,2,2,2,2,2,2,1,2,3,4,3,3,4,4,2,2,5,5,5,5,1,1,1,1,5,1,1,1,5,5,5,5,5,1,1,1,1,5,2,5,5,2,2,5,5,5,5,5,1,5,2,2,5,5,5,5,5,5,5,2,2,2,2,1,5,5,5,5,2,3,4,5,5,5,2,5,5,5,5,5,5,5,5,5,5,3,3,5,5,5,5,4,4,4,4,4,4,4,4,2,2,2,2,2,2,2,2","0.00079798698425293","louvain","edit-xhwikibooks.graphml"
"0.05","0.24","0.71","0.403120425888731","1,1,1,2,3,2,3,2,2,2,3,4,2,2,2,2,2,3,3,4,5,1,2,2,2,2,2,2,1,2,3,3,4,4,3,3,2,2,5,5,5,5,1,1,1,1,5,1,1,1,5,5,5,5,5,1,1,1,1,5,2,5,5,2,2,5,5,5,5,5,1,5,2,2,5,5,5,5,5,5,5,2,2,2,2,1,5,5,5,5,2,3,3,5,5,5,2,5,5,5,5,5,5,5,5,5,5,4,4,5,5,5,5,3,3,3,3,3,3,3,3,2,2,2,2,2,2,2,2","0.000710964202880859","louvain","edit-xhwikibooks.graphml"
"0.04","0.25","0.71","0.404276954733183","1,1,1,2,3,2,3,2,2,2,3,4,2,2,2,2,2,3,3,4,5,1,2,2,2,2,2,2,1,2,3,3,4,4,3,3,2,2,5,5,5,5,1,1,1,1,5,1,1,1,5,5,5,5,5,1,1,1,1,5,2,5,5,2,2,5,5,5,5,5,1,5,2,2,5,5,5,5,5,5,5,2,2,2,2,1,5,5,5,5,2,3,3,5,5,5,2,5,5,5,5,5,5,5,5,5,5,4,4,5,5,5,5,3,3,3,3,3,3,3,3,2,2,2,2,2,2,2,2","0.000874042510986328","louvain","edit-xhwikibooks.graphml"
"0.03","0.26","0.71","0.40457468081331","1,1,2,2,3,2,3,2,2,2,3,3,2,2,2,2,2,3,3,3,4,1,2,2,2,2,2,2,1,2,3,3,3,3,3,3,2,2,4,4,4,4,1,1,1,1,4,1,1,1,4,4,4,4,4,1,1,1,1,4,2,4,4,2,2,4,4,4,4,4,1,4,2,2,4,4,4,4,4,4,4,2,2,2,2,1,4,4,4,4,2,3,3,4,4,4,2,4,4,4,4,4,4,4,4,4,4,3,3,4,4,4,4,3,3,3,3,3,3,3,3,2,2,2,2,2,2,2,2","0.000889062881469727","louvain","edit-xhwikibooks.graphml"
"0.02","0.27","0.71","0.403283204684589","1,1,2,2,3,2,3,2,2,2,3,3,2,2,2,2,2,3,3,3,4,1,2,2,2,2,2,2,1,2,3,3,3,3,3,3,2,2,4,4,4,4,1,1,1,1,4,1,1,1,4,4,4,4,4,1,1,1,1,4,2,4,4,2,2,4,4,4,4,4,1,4,2,2,4,4,4,4,4,4,4,2,2,2,2,1,4,4,4,4,2,3,3,4,4,4,2,4,4,4,4,4,4,4,4,4,4,3,3,4,4,4,4,3,3,3,3,3,3,3,3,2,2,2,2,2,2,2,2","0.000737905502319336","louvain","edit-xhwikibooks.graphml"
"0.01","0.28","0.71","0.403142688760057","1,1,2,2,3,2,3,2,2,2,3,3,2,2,2,2,2,3,3,3,4,1,2,2,2,2,2,2,1,2,3,3,3,3,3,3,2,2,4,4,4,4,1,1,1,1,4,1,1,1,4,4,4,4,4,1,1,1,1,4,2,4,4,2,2,4,4,4,4,4,1,4,2,2,4,4,4,4,4,4,4,2,2,2,2,1,4,4,4,4,2,3,3,4,4,4,2,4,4,4,4,4,4,4,4,4,4,3,3,4,4,4,4,3,3,3,3,3,3,3,3,2,2,2,2,2,2,2,2","0.000795125961303711","louvain","edit-xhwikibooks.graphml"
"0","0.29","0.71","0.405928191705219","1,1,1,2,1,2,3,2,2,2,3,3,2,2,2,2,2,3,4,3,5,1,2,2,2,2,2,2,1,2,3,4,3,3,4,4,2,2,5,5,5,5,1,1,1,1,5,1,1,1,5,5,5,5,5,1,1,1,1,5,2,5,5,2,2,5,5,5,5,5,1,5,2,2,5,5,5,5,5,5,5,2,2,2,2,1,5,5,5,5,2,3,4,5,5,5,2,5,5,5,5,5,5,5,5,5,5,3,3,5,5,5,5,4,4,4,4,4,4,4,4,2,2,2,2,2,2,2,2","0.000863075256347656","louvain","edit-xhwikibooks.graphml"
"0.28","0","0.72","0.408571914986152","1,1,1,2,1,2,1,2,2,2,3,1,2,2,2,2,2,3,3,1,4,1,2,2,2,2,2,2,1,2,3,3,1,1,3,3,2,2,4,4,4,4,1,1,1,1,4,1,1,1,4,4,4,4,4,1,1,1,1,4,2,4,4,2,2,4,4,4,4,4,1,4,2,2,4,4,4,4,4,4,4,2,2,2,2,1,4,4,4,4,2,3,3,4,4,4,2,4,4,4,4,4,4,4,4,4,4,1,1,4,4,4,4,3,3,3,3,3,3,3,3,2,2,2,2,2,2,2,2","0.000988006591796875","louvain","edit-xhwikibooks.graphml"
"0.27","0.01","0.72","0.408571914986152","1,1,1,2,1,2,1,2,2,2,3,1,2,2,2,2,2,3,3,1,4,1,2,2,2,2,2,2,1,2,3,3,1,1,3,3,2,2,4,4,4,4,1,1,1,1,4,1,1,1,4,4,4,4,4,1,1,1,1,4,2,4,4,2,2,4,4,4,4,4,1,4,2,2,4,4,4,4,4,4,4,2,2,2,2,1,4,4,4,4,2,3,3,4,4,4,2,4,4,4,4,4,4,4,4,4,4,1,1,4,4,4,4,3,3,3,3,3,3,3,3,2,2,2,2,2,2,2,2","0.000871896743774414","louvain","edit-xhwikibooks.graphml"
"0.26","0.02","0.72","0.409522263079242","1,1,2,3,2,3,2,3,3,3,2,2,3,3,3,3,3,2,4,2,5,1,3,3,3,3,3,3,1,3,2,4,2,2,4,4,3,3,5,5,5,5,1,1,1,1,5,1,1,1,5,5,5,5,5,1,1,1,1,5,3,5,5,3,3,5,5,5,5,5,1,5,3,3,5,5,5,5,5,5,5,3,3,3,3,1,5,5,5,5,3,2,4,5,5,5,3,5,5,5,5,5,5,5,5,5,5,2,2,5,5,5,5,4,4,4,4,4,4,4,4,3,3,3,3,3,3,3,3","0.000777959823608398","louvain","edit-xhwikibooks.graphml"
"0.25","0.03","0.72","0.409419118714559","1,1,2,2,3,2,3,2,2,2,3,3,2,2,2,2,2,3,4,3,5,1,2,2,2,2,2,2,1,2,3,4,3,3,4,4,2,2,5,5,5,5,1,1,1,1,5,1,1,1,5,5,5,5,5,1,1,1,1,5,2,5,5,2,2,5,5,5,5,5,1,5,2,2,5,5,5,5,5,5,5,2,2,2,2,1,5,5,5,5,2,3,4,5,5,5,2,5,5,5,5,5,5,5,5,5,5,3,3,5,5,5,5,4,4,4,4,4,4,4,4,2,2,2,2,2,2,2,2","0.000791072845458984","louvain","edit-xhwikibooks.graphml"
"0.24","0.04","0.72","0.409379709799282","1,1,2,3,2,3,2,3,3,3,2,2,3,3,3,3,3,2,4,2,5,1,3,3,3,3,3,3,1,3,2,4,2,2,4,4,3,3,5,5,5,5,1,1,1,1,5,1,1,1,5,5,5,5,5,1,1,1,1,5,3,5,5,3,3,5,5,5,5,5,1,5,3,3,5,5,5,5,5,5,5,3,3,3,3,1,5,5,5,5,3,2,4,5,5,5,3,5,5,5,5,5,5,5,5,5,5,2,2,5,5,5,5,4,4,4,4,4,4,4,4,3,3,3,3,3,3,3,3","0.000890970230102539","louvain","edit-xhwikibooks.graphml"
"0.23","0.05","0.72","0.407974140578612","1,1,2,3,2,3,2,3,3,3,2,2,3,3,3,3,3,2,4,2,5,1,3,3,3,3,3,3,1,3,2,4,2,2,4,4,3,3,5,5,5,5,1,1,1,1,5,1,1,1,5,5,5,5,5,1,1,1,1,5,3,5,5,3,3,5,5,5,5,5,1,5,3,3,5,5,5,5,5,5,5,3,3,3,3,1,5,5,5,5,3,2,4,5,5,5,3,5,5,5,5,5,5,5,5,5,5,2,2,5,5,5,5,4,4,4,4,4,4,4,4,3,3,3,3,3,3,3,3","0.000842809677124023","louvain","edit-xhwikibooks.graphml"
"0.22","0.06","0.72","0.408430382113527","1,1,2,3,2,3,2,3,3,3,2,2,3,3,3,3,3,2,4,2,5,1,3,3,3,3,3,3,1,3,2,4,2,2,4,4,3,3,5,5,5,5,1,1,1,1,5,1,1,1,5,5,5,5,5,1,1,1,1,5,3,5,5,3,3,5,5,5,5,5,1,5,3,3,5,5,5,5,5,5,5,3,3,3,3,1,5,5,5,5,3,2,4,5,5,5,3,5,5,5,5,5,5,5,5,5,5,2,2,5,5,5,5,4,4,4,4,4,4,4,4,3,3,3,3,3,3,3,3","0.000892162322998047","louvain","edit-xhwikibooks.graphml"
"0.21","0.07","0.72","0.408743041416728","1,1,2,3,2,3,2,3,3,3,2,2,3,3,3,3,3,2,4,2,5,1,3,3,3,3,3,3,1,3,2,4,2,2,4,4,3,3,5,5,5,5,1,1,1,1,5,1,1,1,5,5,5,5,5,1,1,1,1,5,3,5,5,3,3,5,5,5,5,5,1,5,3,3,5,5,5,5,5,5,5,3,3,3,3,1,5,5,5,5,3,2,4,5,5,5,3,5,5,5,5,5,5,5,5,5,5,2,2,5,5,5,5,4,4,4,4,4,4,4,4,3,3,3,3,3,3,3,3","0.000753879547119141","louvain","edit-xhwikibooks.graphml"
"0.2","0.08","0.72","0.405358388239915","1,1,2,2,3,2,3,2,2,2,3,3,2,2,2,2,2,3,3,3,4,1,2,2,2,2,2,2,1,2,3,3,3,3,3,3,2,2,4,4,4,4,1,1,1,1,4,1,1,1,4,4,4,4,4,1,1,1,1,4,2,4,4,2,2,4,4,4,4,4,1,4,2,2,4,4,4,4,4,4,4,2,2,2,2,1,4,4,4,4,2,3,3,4,4,4,2,4,4,4,4,4,4,4,4,4,4,3,3,4,4,4,4,3,3,3,3,3,3,3,3,2,2,2,2,2,2,2,2","0.00084996223449707","louvain","edit-xhwikibooks.graphml"
"0.19","0.09","0.72","0.405898326736768","1,1,2,3,2,3,2,3,3,3,2,2,3,3,3,3,3,2,4,2,5,1,3,3,3,3,3,3,1,3,2,4,2,2,4,4,3,3,5,5,5,5,1,1,1,1,5,1,1,1,5,5,5,5,5,1,1,1,1,5,3,5,5,3,3,5,5,5,5,5,1,5,3,3,5,5,5,5,5,5,5,3,3,3,3,1,5,5,5,5,3,2,4,5,5,5,3,5,5,5,5,5,5,5,5,5,5,2,2,5,5,5,5,4,4,4,4,4,4,4,4,3,3,3,3,3,3,3,3","0.000843048095703125","louvain","edit-xhwikibooks.graphml"
"0.18","0.1","0.72","0.406405972029729","1,1,2,3,2,3,2,3,3,3,2,2,3,3,3,3,3,2,4,2,5,1,3,3,3,3,3,3,1,3,2,4,2,2,4,4,3,3,5,5,5,5,1,1,1,1,5,1,1,1,5,5,5,5,5,1,1,1,1,5,3,5,5,3,3,5,5,5,5,5,1,5,3,3,5,5,5,5,5,5,5,3,3,3,3,1,5,5,5,5,3,2,4,5,5,5,3,5,5,5,5,5,5,5,5,5,5,2,2,5,5,5,5,4,4,4,4,4,4,4,4,3,3,3,3,3,3,3,3","0.000796079635620117","louvain","edit-xhwikibooks.graphml"
"0.17","0.11","0.72","0.405242009786859","1,1,1,2,1,2,1,2,2,2,3,1,2,2,2,2,2,3,3,1,4,1,2,2,2,2,2,2,1,2,3,3,1,1,3,3,2,2,4,4,4,4,1,1,1,1,4,1,1,1,4,4,4,4,4,1,1,1,1,4,2,4,4,2,2,4,4,4,4,4,1,4,2,2,4,4,4,4,4,4,4,2,2,2,2,1,4,4,4,4,2,3,3,4,4,4,2,4,4,4,4,4,4,4,4,4,4,1,1,4,4,4,4,3,3,3,3,3,3,3,3,2,2,2,2,2,2,2,2","0.000889062881469727","louvain","edit-xhwikibooks.graphml"
"0.16","0.12","0.72","0.407148232229921","1,1,2,3,2,3,2,3,3,3,2,2,3,3,3,3,3,2,4,2,5,1,3,3,3,3,3,3,1,3,2,4,2,2,4,4,3,3,5,5,5,5,1,1,1,1,5,1,1,1,5,5,5,5,5,1,1,1,1,5,3,5,5,3,3,5,5,5,5,5,1,5,3,3,5,5,5,5,5,5,5,3,3,3,3,1,5,5,5,5,3,2,4,5,5,5,3,5,5,5,5,5,5,5,5,5,5,2,2,5,5,5,5,4,4,4,4,4,4,4,4,3,3,3,3,3,3,3,3","0.000996112823486328","louvain","edit-xhwikibooks.graphml"
"0.15","0.13","0.72","0.406971477950712","1,1,2,2,3,2,3,2,2,2,3,3,2,2,2,2,2,3,4,3,5,1,2,2,2,2,2,2,1,2,3,4,3,3,4,4,2,2,5,5,5,5,1,1,1,1,5,1,1,1,5,5,5,5,5,1,1,1,1,5,2,5,5,2,2,5,5,5,5,5,1,5,2,2,5,5,5,5,5,5,5,2,2,2,2,1,5,5,5,5,2,3,4,5,5,5,2,5,5,5,5,5,5,5,5,5,5,3,3,5,5,5,5,4,4,4,4,4,4,4,4,2,2,2,2,2,2,2,2","0.000811100006103516","louvain","edit-xhwikibooks.graphml"
"0.14","0.14","0.72","0.407005986275488","1,1,2,3,2,3,2,3,3,3,2,2,3,3,3,3,3,2,4,2,5,1,3,3,3,3,3,3,1,3,2,4,2,2,4,4,3,3,5,5,5,5,1,1,1,1,5,1,1,1,5,5,5,5,5,1,1,1,1,5,3,5,5,3,3,5,5,5,5,5,1,5,3,3,5,5,5,5,5,5,5,3,3,3,3,1,5,5,5,5,3,2,4,5,5,5,3,5,5,5,5,5,5,5,5,5,5,2,2,5,5,5,5,4,4,4,4,4,4,4,4,3,3,3,3,3,3,3,3","0.000863075256347656","louvain","edit-xhwikibooks.graphml"
"0.13","0.15","0.72","0.407745217746875","1,1,2,3,2,3,2,3,3,3,2,2,3,3,3,3,3,2,4,2,5,1,3,3,3,3,3,3,1,3,2,4,2,2,4,4,3,3,5,5,5,5,1,1,1,1,5,1,1,1,5,5,5,5,5,1,1,1,1,5,3,5,5,3,3,5,5,5,5,5,1,5,3,3,5,5,5,5,5,5,5,3,3,3,3,1,5,5,5,5,3,2,4,5,5,5,3,5,5,5,5,5,5,5,5,5,5,2,2,5,5,5,5,4,4,4,4,4,4,4,4,3,3,3,3,3,3,3,3","0.000824928283691406","louvain","edit-xhwikibooks.graphml"
"0.12","0.16","0.72","0.408199424262714","1,1,2,3,2,3,2,3,3,3,2,2,3,3,3,3,3,2,4,2,5,1,3,3,3,3,3,3,1,3,2,4,2,2,4,4,3,3,5,5,5,5,1,1,1,1,5,1,1,1,5,5,5,5,5,1,1,1,1,5,3,5,5,3,3,5,5,5,5,5,1,5,3,3,5,5,5,5,5,5,5,3,3,3,3,1,5,5,5,5,3,2,4,5,5,5,3,5,5,5,5,5,5,5,5,5,5,2,2,5,5,5,5,4,4,4,4,4,4,4,4,3,3,3,3,3,3,3,3","0.000826120376586914","louvain","edit-xhwikibooks.graphml"
"0.11","0.17","0.72","0.402214612224331","1,1,1,2,3,2,3,2,2,2,3,4,2,2,2,2,2,3,3,4,5,1,2,2,2,2,2,2,1,2,3,3,4,4,3,3,2,2,5,5,5,5,1,1,1,1,5,1,1,1,5,5,5,5,5,1,1,1,1,5,2,5,5,2,2,5,5,5,5,5,1,5,2,2,5,5,5,5,5,5,5,2,2,2,2,1,5,5,5,5,2,3,3,5,5,5,2,5,5,5,5,5,5,5,5,5,5,4,4,5,5,5,5,3,3,3,3,3,3,3,3,2,2,2,2,2,2,2,2","0.000974178314208984","louvain","edit-xhwikibooks.graphml"
"0.1","0.18","0.72","0.402582977257419","1,1,1,2,3,2,3,2,2,2,3,3,2,2,2,2,2,3,4,3,5,1,2,2,2,2,2,2,1,2,3,4,3,3,4,4,2,2,5,5,5,5,1,1,1,1,5,1,1,1,5,5,5,5,5,1,1,1,1,5,2,5,5,2,2,5,5,5,5,5,1,5,2,2,5,5,5,5,5,5,5,2,2,2,2,1,5,5,5,5,2,3,4,5,5,5,2,5,5,5,5,5,5,5,5,5,5,3,3,5,5,5,5,4,4,4,4,4,4,4,4,2,2,2,2,2,2,2,2","0.000916957855224609","louvain","edit-xhwikibooks.graphml"
"0.09","0.19","0.72","0.402047925833197","1,1,1,2,3,2,3,2,2,2,3,3,2,2,2,2,2,3,3,3,4,1,2,2,2,2,2,2,1,2,3,3,3,3,3,3,2,2,4,4,4,4,1,1,1,1,4,1,1,1,4,4,4,4,4,1,1,1,1,4,2,4,4,2,2,4,4,4,4,4,1,4,2,2,4,4,4,4,4,4,4,2,2,2,2,1,4,4,4,4,2,3,3,4,4,4,2,4,4,4,4,4,4,4,4,4,4,3,3,4,4,4,4,3,3,3,3,3,3,3,3,2,2,2,2,2,2,2,2","0.000833988189697266","louvain","edit-xhwikibooks.graphml"
"0.08","0.2","0.72","0.403309338735297","1,1,1,2,3,2,3,2,2,2,3,3,2,2,2,2,2,3,4,3,5,1,2,2,2,2,2,2,1,2,3,4,3,3,4,4,2,2,5,5,5,5,1,1,1,1,5,1,1,1,5,5,5,5,5,1,1,1,1,5,2,5,5,2,2,5,5,5,5,5,1,5,2,2,5,5,5,5,5,5,5,2,2,2,2,1,5,5,5,5,2,3,4,5,5,5,2,5,5,5,5,5,5,5,5,5,5,3,3,5,5,5,5,4,4,4,4,4,4,4,4,2,2,2,2,2,2,2,2","0.000818967819213867","louvain","edit-xhwikibooks.graphml"
"0.07","0.21","0.72","0.401838326857684","1,1,1,2,3,2,3,2,2,2,3,3,2,2,2,2,2,3,4,3,5,1,2,2,2,2,2,2,1,2,3,4,3,3,4,4,2,2,5,5,5,5,1,1,1,1,5,1,1,1,5,5,5,5,5,1,1,1,1,5,2,5,5,2,2,5,5,5,5,5,1,5,2,2,5,5,5,5,5,5,5,2,2,2,2,1,5,5,5,5,2,3,4,5,5,5,2,5,5,5,5,5,5,5,5,5,5,3,3,5,5,5,5,4,4,4,4,4,4,4,4,2,2,2,2,2,2,2,2","0.000782012939453125","louvain","edit-xhwikibooks.graphml"
"0.06","0.22","0.72","0.401455705982777","1,1,1,2,3,2,3,2,2,2,3,3,2,2,2,2,2,3,3,3,4,1,2,2,2,2,2,2,1,2,3,3,3,3,3,3,2,2,4,4,4,4,1,1,1,1,4,1,1,1,4,4,4,4,4,1,1,1,1,4,2,4,4,2,2,4,4,4,4,4,1,4,2,2,4,4,4,4,4,4,4,2,2,2,2,1,4,4,4,4,2,3,3,4,4,4,2,4,4,4,4,4,4,4,4,4,4,3,3,4,4,4,4,3,3,3,3,3,3,3,3,2,2,2,2,2,2,2,2","0.000901937484741211","louvain","edit-xhwikibooks.graphml"
"0.05","0.23","0.72","0.40206921313094","1,1,2,2,3,2,3,2,2,2,3,3,2,2,2,2,2,3,3,3,4,1,2,2,2,2,2,2,1,2,3,3,3,3,3,3,2,2,4,4,4,4,1,1,1,1,4,1,1,1,4,4,4,4,4,1,1,1,1,4,2,4,4,2,2,4,4,4,4,4,1,4,2,2,4,4,4,4,4,4,4,2,2,2,2,1,4,4,4,4,2,3,3,4,4,4,2,4,4,4,4,4,4,4,4,4,4,3,3,4,4,4,4,3,3,3,3,3,3,3,3,2,2,2,2,2,2,2,2","0.00100803375244141","louvain","edit-xhwikibooks.graphml"
"0.04","0.24","0.72","0.403051022706333","1,1,1,2,3,2,3,2,2,2,3,3,2,2,2,2,2,3,4,3,5,1,2,2,2,2,2,2,1,2,3,4,3,3,4,4,2,2,5,5,5,5,1,1,1,1,5,1,1,1,5,5,5,5,5,1,1,1,1,5,2,5,5,2,2,5,5,5,5,5,1,5,2,2,5,5,5,5,5,5,5,2,2,2,2,1,5,5,5,5,2,3,4,5,5,5,2,5,5,5,5,5,5,5,5,5,5,3,3,5,5,5,5,4,4,4,4,4,4,4,4,2,2,2,2,2,2,2,2","0.000869989395141602","louvain","edit-xhwikibooks.graphml"
"0.03","0.25","0.72","0.403819640801045","1,1,1,2,3,2,3,2,2,2,3,3,2,2,2,2,2,3,3,3,4,1,2,2,2,2,2,2,1,2,3,3,3,3,3,3,2,2,4,4,4,4,1,1,1,1,4,1,1,1,4,4,4,4,4,1,1,1,1,4,2,4,4,2,2,4,4,4,4,4,1,4,2,2,4,4,4,4,4,4,4,2,2,2,2,1,4,4,4,4,2,3,3,4,4,4,2,4,4,4,4,4,4,4,4,4,4,3,3,4,4,4,4,3,3,3,3,3,3,3,3,2,2,2,2,2,2,2,2","0.000818967819213867","louvain","edit-xhwikibooks.graphml"
"0.02","0.26","0.72","0.404275894399462","1,1,1,2,3,2,3,2,2,2,3,3,2,2,2,2,2,3,3,3,4,1,2,2,2,2,2,2,1,2,3,3,3,3,3,3,2,2,4,4,4,4,1,1,1,1,4,1,1,1,4,4,4,4,4,1,1,1,1,4,2,4,4,2,2,4,4,4,4,4,1,4,2,2,4,4,4,4,4,4,4,2,2,2,2,1,4,4,4,4,2,3,3,4,4,4,2,4,4,4,4,4,4,4,4,4,4,3,3,4,4,4,4,3,3,3,3,3,3,3,3,2,2,2,2,2,2,2,2","0.000805139541625977","louvain","edit-xhwikibooks.graphml"
"0.01","0.27","0.72","0.404275894399462","1,1,1,2,3,2,3,2,2,2,3,3,2,2,2,2,2,3,3,3,4,1,2,2,2,2,2,2,1,2,3,3,3,3,3,3,2,2,4,4,4,4,1,1,1,1,4,1,1,1,4,4,4,4,4,1,1,1,1,4,2,4,4,2,2,4,4,4,4,4,1,4,2,2,4,4,4,4,4,4,4,2,2,2,2,1,4,4,4,4,2,3,3,4,4,4,2,4,4,4,4,4,4,4,4,4,4,3,3,4,4,4,4,3,3,3,3,3,3,3,3,2,2,2,2,2,2,2,2","0.000838994979858398","louvain","edit-xhwikibooks.graphml"
"0","0.28","0.72","0.405644360506211","1,1,1,2,1,2,3,2,2,2,3,3,2,2,2,2,2,3,3,3,4,1,2,2,2,2,2,2,1,2,3,3,3,3,3,3,2,2,4,4,4,4,1,1,1,1,4,1,1,1,4,4,4,4,4,1,1,1,1,4,2,4,4,2,2,4,4,4,4,4,1,4,2,2,4,4,4,4,4,4,4,2,2,2,2,1,4,4,4,4,2,3,3,4,4,4,2,4,4,4,4,4,4,4,4,4,4,3,3,4,4,4,4,3,3,3,3,3,3,3,3,2,2,2,2,2,2,2,2","0.000873804092407227","louvain","edit-xhwikibooks.graphml"
"0.27","0","0.73","0.403100591711346","1,1,2,2,3,2,3,2,2,2,3,3,2,2,2,2,2,3,4,3,5,1,2,2,2,2,2,2,1,2,3,4,3,3,4,4,2,2,5,5,5,5,1,1,1,1,5,1,1,1,5,5,5,5,5,1,1,1,1,5,2,5,5,2,2,5,5,5,5,5,1,5,2,2,5,5,5,5,5,5,5,2,2,2,2,1,5,5,5,5,2,3,4,5,5,5,2,5,5,5,5,5,5,5,5,5,5,3,3,5,5,5,5,4,4,4,4,4,4,4,4,2,2,2,2,2,2,2,2","0.000840902328491211","louvain","edit-xhwikibooks.graphml"
"0.26","0.01","0.73","0.403100591711346","1,1,2,2,3,2,3,2,2,2,3,3,2,2,2,2,2,3,4,3,5,1,2,2,2,2,2,2,1,2,3,4,3,3,4,4,2,2,5,5,5,5,1,1,1,1,5,1,1,1,5,5,5,5,5,1,1,1,1,5,2,5,5,2,2,5,5,5,5,5,1,5,2,2,5,5,5,5,5,5,5,2,2,2,2,1,5,5,5,5,2,3,4,5,5,5,2,5,5,5,5,5,5,5,5,5,5,3,3,5,5,5,5,4,4,4,4,4,4,4,4,2,2,2,2,2,2,2,2","0.000828027725219727","louvain","edit-xhwikibooks.graphml"
"0.25","0.02","0.73","0.403100591711346","1,1,2,2,3,2,3,2,2,2,3,3,2,2,2,2,2,3,4,3,5,1,2,2,2,2,2,2,1,2,3,4,3,3,4,4,2,2,5,5,5,5,1,1,1,1,5,1,1,1,5,5,5,5,5,1,1,1,1,5,2,5,5,2,2,5,5,5,5,5,1,5,2,2,5,5,5,5,5,5,5,2,2,2,2,1,5,5,5,5,2,3,4,5,5,5,2,5,5,5,5,5,5,5,5,5,5,3,3,5,5,5,5,4,4,4,4,4,4,4,4,2,2,2,2,2,2,2,2","0.000908136367797852","louvain","edit-xhwikibooks.graphml"
"0.24","0.03","0.73","0.402962566870003","1,1,2,2,3,2,3,2,2,2,3,3,2,2,2,2,2,3,4,3,5,1,2,2,2,2,2,2,1,2,3,4,3,3,4,4,2,2,5,5,5,5,1,1,1,1,5,1,1,1,5,5,5,5,5,1,1,1,1,5,2,5,5,2,2,5,5,5,5,5,1,5,2,2,5,5,5,5,5,5,5,2,2,2,2,1,5,5,5,5,2,3,4,5,5,5,2,5,5,5,5,5,5,5,5,5,5,3,3,5,5,5,5,4,4,4,4,4,4,4,4,2,2,2,2,2,2,2,2","0.000843048095703125","louvain","edit-xhwikibooks.graphml"
"0.23","0.04","0.73","0.40313228110211","1,1,2,2,3,2,3,2,2,2,3,3,2,2,2,2,2,3,4,3,5,1,2,2,2,2,2,2,1,2,3,4,3,3,4,4,2,2,5,5,5,5,1,1,1,1,5,1,1,1,5,5,5,5,5,1,1,1,1,5,2,5,5,2,2,5,5,5,5,5,1,5,2,2,5,5,5,5,5,5,5,2,2,2,2,1,5,5,5,5,2,3,4,5,5,5,2,5,5,5,5,5,5,5,5,5,5,3,3,5,5,5,5,4,4,4,4,4,4,4,4,2,2,2,2,2,2,2,2","0.000894069671630859","louvain","edit-xhwikibooks.graphml"
"0.22","0.05","0.73","0.402051031887307","1,1,1,2,1,2,1,2,2,2,3,1,2,2,2,2,2,3,3,1,4,1,2,2,2,2,2,2,1,2,3,3,1,1,3,3,2,2,4,4,4,4,1,1,1,1,4,1,1,1,4,4,4,4,4,1,1,1,1,4,2,4,4,2,2,4,4,4,4,4,1,4,2,2,4,4,4,4,4,4,4,2,2,2,2,1,4,4,4,4,2,3,3,4,4,4,2,4,4,4,4,4,4,4,4,4,4,1,1,4,4,4,4,3,3,3,3,3,3,3,3,2,2,2,2,2,2,2,2","0.000815868377685547","louvain","edit-xhwikibooks.graphml"
"0.21","0.06","0.73","0.403397739851975","1,1,2,3,2,3,2,3,3,3,2,2,3,3,3,3,3,2,4,2,5,1,3,3,3,3,3,3,1,3,2,4,2,2,4,4,3,3,5,5,5,5,1,1,1,1,5,1,1,1,5,5,5,5,5,1,1,1,1,5,3,5,5,3,3,5,5,5,5,5,1,5,3,3,5,5,5,5,5,5,5,3,3,3,3,1,5,5,5,5,3,2,4,5,5,5,3,5,5,5,5,5,5,5,5,5,5,2,2,5,5,5,5,4,4,4,4,4,4,4,4,3,3,3,3,3,3,3,3","0.000903129577636719","louvain","edit-xhwikibooks.graphml"
"0.2","0.07","0.73","0.403259576845759","1,1,2,3,2,3,2,3,3,3,2,2,3,3,3,3,3,2,4,2,5,1,3,3,3,3,3,3,1,3,2,4,2,2,4,4,3,3,5,5,5,5,1,1,1,1,5,1,1,1,5,5,5,5,5,1,1,1,1,5,3,5,5,3,3,5,5,5,5,5,1,5,3,3,5,5,5,5,5,5,5,3,3,3,3,1,5,5,5,5,3,2,4,5,5,5,3,5,5,5,5,5,5,5,5,5,5,2,2,5,5,5,5,4,4,4,4,4,4,4,4,3,3,3,3,3,3,3,3","0.000831842422485352","louvain","edit-xhwikibooks.graphml"
"0.19","0.08","0.73","0.403709388964422","1,1,2,3,2,3,2,3,3,3,2,2,3,3,3,3,3,2,4,2,5,1,3,3,3,3,3,3,1,3,2,4,2,2,4,4,3,3,5,5,5,5,1,1,1,1,5,1,1,1,5,5,5,5,5,1,1,1,1,5,3,5,5,3,3,5,5,5,5,5,1,5,3,3,5,5,5,5,5,5,5,3,3,3,3,1,5,5,5,5,3,2,4,5,5,5,3,5,5,5,5,5,5,5,5,5,5,2,2,5,5,5,5,4,4,4,4,4,4,4,4,3,3,3,3,3,3,3,3","0.000793933868408203","louvain","edit-xhwikibooks.graphml"
"0.18","0.09","0.73","0.40406834486249","1,1,2,3,2,3,2,3,3,3,2,2,3,3,3,3,3,2,4,2,5,1,3,3,3,3,3,3,1,3,2,4,2,2,4,4,3,3,5,5,5,5,1,1,1,1,5,1,1,1,5,5,5,5,5,1,1,1,1,5,3,5,5,3,3,5,5,5,5,5,1,5,3,3,5,5,5,5,5,5,5,3,3,3,3,1,5,5,5,5,3,2,4,5,5,5,3,5,5,5,5,5,5,5,5,5,5,2,2,5,5,5,5,4,4,4,4,4,4,4,4,3,3,3,3,3,3,3,3","0.000844955444335938","louvain","edit-xhwikibooks.graphml"
"0.17","0.1","0.73","0.404037795889665","1,1,2,2,3,2,3,2,2,2,3,3,2,2,2,2,2,3,4,3,5,1,2,2,2,2,2,2,1,2,3,4,3,3,4,4,2,2,5,5,5,5,1,1,1,1,5,1,1,1,5,5,5,5,5,1,1,1,1,5,2,5,5,2,2,5,5,5,5,5,1,5,2,2,5,5,5,5,5,5,5,2,2,2,2,1,5,5,5,5,2,3,4,5,5,5,2,5,5,5,5,5,5,5,5,5,5,3,3,5,5,5,5,4,4,4,4,4,4,4,4,2,2,2,2,2,2,2,2","0.00087285041809082","louvain","edit-xhwikibooks.graphml"
"0.16","0.11","0.73","0.403899900152105","1,1,2,2,3,2,3,2,2,2,3,3,2,2,2,2,2,3,4,3,5,1,2,2,2,2,2,2,1,2,3,4,3,3,4,4,2,2,5,5,5,5,1,1,1,1,5,1,1,1,5,5,5,5,5,1,1,1,1,5,2,5,5,2,2,5,5,5,5,5,1,5,2,2,5,5,5,5,5,5,5,2,2,2,2,1,5,5,5,5,2,3,4,5,5,5,2,5,5,5,5,5,5,5,5,5,5,3,3,5,5,5,5,4,4,4,4,4,4,4,4,2,2,2,2,2,2,2,2","0.000962972640991211","louvain","edit-xhwikibooks.graphml"
"0.15","0.12","0.73","0.403541180924663","1,1,2,3,2,3,2,3,3,3,2,2,3,3,3,3,3,2,4,2,5,1,3,3,3,3,3,3,1,3,2,4,2,2,4,4,3,3,5,5,5,5,1,1,1,1,5,1,1,1,5,5,5,5,5,1,1,1,1,5,3,5,5,3,3,5,5,5,5,5,1,5,3,3,5,5,5,5,5,5,5,3,3,3,3,1,5,5,5,5,3,2,4,5,5,5,3,5,5,5,5,5,5,5,5,5,5,2,2,5,5,5,5,4,4,4,4,4,4,4,4,3,3,3,3,3,3,3,3","0.000910043716430664","louvain","edit-xhwikibooks.graphml"
"0.14","0.13","0.73","0.403402980451187","1,1,2,3,2,3,2,3,3,3,2,2,3,3,3,3,3,2,4,2,5,1,3,3,3,3,3,3,1,3,2,4,2,2,4,4,3,3,5,5,5,5,1,1,1,1,5,1,1,1,5,5,5,5,5,1,1,1,1,5,3,5,5,3,3,5,5,5,5,5,1,5,3,3,5,5,5,5,5,5,5,3,3,3,3,1,5,5,5,5,3,2,4,5,5,5,3,5,5,5,5,5,5,5,5,5,5,2,2,5,5,5,5,4,4,4,4,4,4,4,4,3,3,3,3,3,3,3,3","0.000843048095703125","louvain","edit-xhwikibooks.graphml"
"0.13","0.14","0.73","0.403402980451187","1,1,2,3,2,3,2,3,3,3,2,2,3,3,3,3,3,2,4,2,5,1,3,3,3,3,3,3,1,3,2,4,2,2,4,4,3,3,5,5,5,5,1,1,1,1,5,1,1,1,5,5,5,5,5,1,1,1,1,5,3,5,5,3,3,5,5,5,5,5,1,5,3,3,5,5,5,5,5,5,5,3,3,3,3,1,5,5,5,5,3,2,4,5,5,5,3,5,5,5,5,5,5,5,5,5,5,2,2,5,5,5,5,4,4,4,4,4,4,4,4,3,3,3,3,3,3,3,3","0.000921010971069336","louvain","edit-xhwikibooks.graphml"
"0.12","0.15","0.73","0.404106522540705","1,1,2,2,3,2,3,2,2,2,3,3,2,2,2,2,2,3,4,3,5,1,2,2,2,2,2,2,1,2,3,4,3,3,4,4,2,2,5,5,5,5,1,1,1,1,5,1,1,1,5,5,5,5,5,1,1,1,1,5,2,5,5,2,2,5,5,5,5,5,1,5,2,2,5,5,5,5,5,5,5,2,2,2,2,1,5,5,5,5,2,3,4,5,5,5,2,5,5,5,5,5,5,5,5,5,5,3,3,5,5,5,5,4,4,4,4,4,4,4,4,2,2,2,2,2,2,2,2","0.00100803375244141","louvain","edit-xhwikibooks.graphml"
"0.11","0.16","0.73","0.404580973393588","1,1,2,3,2,3,2,3,3,3,2,2,3,3,3,3,3,2,4,2,5,1,3,3,3,3,3,3,1,3,2,4,2,2,4,4,3,3,5,5,5,5,1,1,1,1,5,1,1,1,5,5,5,5,5,1,1,1,1,5,3,5,5,3,3,5,5,5,5,5,1,5,3,3,5,5,5,5,5,5,5,3,3,3,3,1,5,5,5,5,3,2,4,5,5,5,3,5,5,5,5,5,5,5,5,5,5,2,2,5,5,5,5,4,4,4,4,4,4,4,4,3,3,3,3,3,3,3,3","0.000821113586425781","louvain","edit-xhwikibooks.graphml"
"0.1","0.17","0.73","0.404887788300424","1,1,2,3,2,3,2,3,3,3,2,2,3,3,3,3,3,2,4,2,5,1,3,3,3,3,3,3,1,3,2,4,2,2,4,4,3,3,5,5,5,5,1,1,1,1,5,1,1,1,5,5,5,5,5,1,1,1,1,5,3,5,5,3,3,5,5,5,5,5,1,5,3,3,5,5,5,5,5,5,5,3,3,3,3,1,5,5,5,5,3,2,4,5,5,5,3,5,5,5,5,5,5,5,5,5,5,2,2,5,5,5,5,4,4,4,4,4,4,4,4,3,3,3,3,3,3,3,3","0.000905990600585938","louvain","edit-xhwikibooks.graphml"
"0.09","0.18","0.73","0.404887788300424","1,1,2,3,2,3,2,3,3,3,2,2,3,3,3,3,3,2,4,2,5,1,3,3,3,3,3,3,1,3,2,4,2,2,4,4,3,3,5,5,5,5,1,1,1,1,5,1,1,1,5,5,5,5,5,1,1,1,1,5,3,5,5,3,3,5,5,5,5,5,1,5,3,3,5,5,5,5,5,5,5,3,3,3,3,1,5,5,5,5,3,2,4,5,5,5,3,5,5,5,5,5,5,5,5,5,5,2,2,5,5,5,5,4,4,4,4,4,4,4,4,3,3,3,3,3,3,3,3","0.00082087516784668","louvain","edit-xhwikibooks.graphml"
"0.08","0.19","0.73","0.404749707797758","1,1,2,3,2,3,2,3,3,3,2,2,3,3,3,3,3,2,4,2,5,1,3,3,3,3,3,3,1,3,2,4,2,2,4,4,3,3,5,5,5,5,1,1,1,1,5,1,1,1,5,5,5,5,5,1,1,1,1,5,3,5,5,3,3,5,5,5,5,5,1,5,3,3,5,5,5,5,5,5,5,3,3,3,3,1,5,5,5,5,3,2,4,5,5,5,3,5,5,5,5,5,5,5,5,5,5,2,2,5,5,5,5,4,4,4,4,4,4,4,4,3,3,3,3,3,3,3,3","0.000853061676025391","louvain","edit-xhwikibooks.graphml"
"0.07","0.2","0.73","0.399767601576346","1,1,1,2,3,2,3,2,2,2,3,3,2,2,2,2,2,3,4,3,5,1,2,2,2,2,2,2,1,2,3,4,3,3,4,4,2,2,5,5,5,5,1,1,1,1,5,1,1,1,5,5,5,5,5,1,1,1,1,5,2,5,5,2,2,5,5,5,5,5,1,5,2,2,5,5,5,5,5,5,5,2,2,2,2,1,5,5,5,5,2,3,4,5,5,5,2,5,5,5,5,5,5,5,5,5,5,3,3,5,5,5,5,4,4,4,4,4,4,4,4,2,2,2,2,2,2,2,2","0.000753879547119141","louvain","edit-xhwikibooks.graphml"
"0.06","0.21","0.73","0.393002457056192","1,1,1,2,3,2,3,2,2,2,3,3,2,2,2,2,2,3,2,3,4,1,2,2,2,2,2,2,1,2,3,2,3,3,2,2,5,2,4,4,4,4,1,1,1,1,4,1,1,1,4,4,4,4,4,1,1,1,1,4,2,4,4,2,2,4,4,4,4,4,1,4,2,2,4,4,4,4,4,4,4,2,2,2,2,1,4,4,4,4,2,3,2,4,4,4,2,4,4,4,4,4,4,4,4,4,4,3,3,4,4,4,4,2,2,2,2,2,2,2,2,5,5,5,5,5,5,5,5","0.000774860382080078","louvain","edit-xhwikibooks.graphml"
"0.05","0.22","0.73","0.398790783901097","1,1,1,2,1,2,1,2,2,2,1,1,2,2,2,2,2,1,3,1,4,1,2,2,2,2,2,2,1,2,1,3,1,1,3,3,2,2,4,4,4,4,1,1,1,1,4,1,1,1,4,4,4,4,4,1,1,1,1,4,2,4,4,2,2,4,4,4,4,4,1,4,2,2,4,4,4,4,4,4,4,2,2,2,2,1,4,4,4,4,2,1,3,4,4,4,2,4,4,4,4,4,4,4,4,4,4,1,1,4,4,4,4,3,3,3,3,3,3,3,3,2,2,2,2,2,2,2,2","0.000870227813720703","louvain","edit-xhwikibooks.graphml"
"0.04","0.23","0.73","0.397223461669529","1,1,1,2,3,2,3,2,2,2,3,3,2,2,2,2,2,3,4,3,5,1,2,2,2,2,2,2,1,2,3,4,3,3,4,4,2,2,5,5,5,5,1,1,1,1,5,1,1,1,5,5,5,5,5,1,1,1,1,5,2,5,5,2,2,5,5,5,5,5,1,5,2,2,5,5,5,5,5,5,5,2,2,2,2,1,5,5,5,5,2,3,4,5,5,5,2,5,5,5,5,5,5,5,5,5,5,3,3,5,5,5,5,4,4,4,4,4,4,4,4,2,2,2,2,2,2,2,2","0.000871896743774414","louvain","edit-xhwikibooks.graphml"
"0.03","0.24","0.73","0.397607347404441","1,1,1,2,3,2,3,2,2,2,3,3,2,2,2,2,2,3,3,3,4,1,2,2,2,2,2,2,1,2,3,3,3,3,3,3,2,2,4,4,4,4,1,1,1,1,4,1,1,1,4,4,4,4,4,1,1,1,1,4,2,4,4,2,2,4,4,4,4,4,1,4,2,2,4,4,4,4,4,4,4,2,2,2,2,1,4,4,4,4,2,3,3,4,4,4,2,4,4,4,4,4,4,4,4,4,4,3,3,4,4,4,4,3,3,3,3,3,3,3,3,2,2,2,2,2,2,2,2","0.000847101211547852","louvain","edit-xhwikibooks.graphml"
"0.02","0.25","0.73","0.399110144578318","1,1,1,2,3,2,3,2,2,2,3,3,2,2,2,2,2,3,4,3,5,1,2,2,2,2,2,2,1,2,3,4,3,3,4,4,2,2,5,5,5,5,1,1,1,1,5,1,1,1,5,5,5,5,5,1,1,1,1,5,2,5,5,2,2,5,5,5,5,5,1,5,2,2,5,5,5,5,5,5,5,2,2,2,2,1,5,5,5,5,2,3,4,5,5,5,2,5,5,5,5,5,5,5,5,5,5,3,3,5,5,5,5,4,4,4,4,4,4,4,4,2,2,2,2,2,2,2,2","0.000787019729614258","louvain","edit-xhwikibooks.graphml"
"0.01","0.26","0.73","0.399561835114685","1,1,1,2,3,2,3,2,2,2,3,3,2,2,2,2,2,3,4,3,5,1,2,2,2,2,2,2,1,2,3,4,3,3,4,4,2,2,5,5,5,5,1,1,1,1,5,1,1,1,5,5,5,5,5,1,1,1,1,5,2,5,5,2,2,5,5,5,5,5,1,5,2,2,5,5,5,5,5,5,5,2,2,2,2,1,5,5,5,5,2,3,4,5,5,5,2,5,5,5,5,5,5,5,5,5,5,3,3,5,5,5,5,4,4,4,4,4,4,4,4,2,2,2,2,2,2,2,2","0.000850915908813477","louvain","edit-xhwikibooks.graphml"
"0","0.27","0.73","0.40072886922022","1,1,1,2,1,2,3,2,2,2,3,3,2,2,2,2,2,3,3,3,4,1,2,2,2,2,2,2,1,2,3,3,3,3,3,3,2,2,4,4,4,4,1,1,1,1,4,1,1,1,4,4,4,4,4,1,1,1,1,4,2,4,4,2,2,4,4,4,4,4,1,4,2,2,4,4,4,4,4,4,4,2,2,2,2,1,4,4,4,4,2,3,3,4,4,4,2,4,4,4,4,4,4,4,4,4,4,3,3,4,4,4,4,3,3,3,3,3,3,3,3,2,2,2,2,2,2,2,2","0.000861883163452148","louvain","edit-xhwikibooks.graphml"
"0.26","0","0.74","0.40305540498748","1,1,2,3,2,3,2,3,3,3,2,2,3,3,3,3,3,2,4,2,5,1,3,3,3,3,3,3,1,3,2,4,2,2,4,4,3,3,5,5,5,5,1,1,1,1,5,1,1,1,5,5,5,5,5,1,1,1,1,5,3,5,5,3,3,5,5,5,5,5,1,5,3,3,5,5,5,5,5,5,5,3,3,3,3,1,5,5,5,5,3,2,4,5,5,5,3,5,5,5,5,5,5,5,5,5,5,2,2,5,5,5,5,4,4,4,4,4,4,4,4,3,3,3,3,3,3,3,3","0.00112819671630859","louvain","edit-xhwikibooks.graphml"
"0.25","0.01","0.74","0.40305540498748","1,1,2,3,2,3,2,3,3,3,2,2,3,3,3,3,3,2,4,2,5,1,3,3,3,3,3,3,1,3,2,4,2,2,4,4,3,3,5,5,5,5,1,1,1,1,5,1,1,1,5,5,5,5,5,1,1,1,1,5,3,5,5,3,3,5,5,5,5,5,1,5,3,3,5,5,5,5,5,5,5,3,3,3,3,1,5,5,5,5,3,2,4,5,5,5,3,5,5,5,5,5,5,5,5,5,5,2,2,5,5,5,5,4,4,4,4,4,4,4,4,3,3,3,3,3,3,3,3","0.000835895538330078","louvain","edit-xhwikibooks.graphml"
"0.24","0.02","0.74","0.403506673514905","1,1,2,3,2,3,2,3,3,3,2,2,3,3,3,3,3,2,4,2,5,1,3,3,3,3,3,3,1,3,2,4,2,2,4,4,3,3,5,5,5,5,1,1,1,1,5,1,1,1,5,5,5,5,5,1,1,1,1,5,3,5,5,3,3,5,5,5,5,5,1,5,3,3,5,5,5,5,5,5,5,3,3,3,3,1,5,5,5,5,3,2,4,5,5,5,3,5,5,5,5,5,5,5,5,5,5,2,2,5,5,5,5,4,4,4,4,4,4,4,4,3,3,3,3,3,3,3,3","0.000852823257446289","louvain","edit-xhwikibooks.graphml"
"0.23","0.03","0.74","0.40336844966452","1,1,2,3,2,3,2,3,3,3,2,2,3,3,3,3,3,2,4,2,5,1,3,3,3,3,3,3,1,3,2,4,2,2,4,4,3,3,5,5,5,5,1,1,1,1,5,1,1,1,5,5,5,5,5,1,1,1,1,5,3,5,5,3,3,5,5,5,5,5,1,5,3,3,5,5,5,5,5,5,5,3,3,3,3,1,5,5,5,5,3,2,4,5,5,5,3,5,5,5,5,5,5,5,5,5,5,2,2,5,5,5,5,4,4,4,4,4,4,4,4,3,3,3,3,3,3,3,3","0.000945091247558594","louvain","edit-xhwikibooks.graphml"
"0.22","0.04","0.74","0.40336844966452","1,1,2,3,2,3,2,3,3,3,2,2,3,3,3,3,3,2,4,2,5,1,3,3,3,3,3,3,1,3,2,4,2,2,4,4,3,3,5,5,5,5,1,1,1,1,5,1,1,1,5,5,5,5,5,1,1,1,1,5,3,5,5,3,3,5,5,5,5,5,1,5,3,3,5,5,5,5,5,5,5,3,3,3,3,1,5,5,5,5,3,2,4,5,5,5,3,5,5,5,5,5,5,5,5,5,5,2,2,5,5,5,5,4,4,4,4,4,4,4,4,3,3,3,3,3,3,3,3","0.000998020172119141","louvain","edit-xhwikibooks.graphml"
"0.21","0.05","0.74","0.402540845184732","1,1,2,2,3,2,3,2,2,2,3,3,2,2,2,2,2,3,3,3,4,1,2,2,2,2,2,2,1,2,3,3,3,3,3,3,2,2,4,4,4,4,1,1,1,1,4,1,1,1,4,4,4,4,4,1,1,1,1,4,2,4,4,2,2,4,4,4,4,4,1,4,2,2,4,4,4,4,4,4,4,2,2,2,2,1,4,4,4,4,2,3,3,4,4,4,2,4,4,4,4,4,4,4,4,4,4,3,3,4,4,4,4,3,3,3,3,3,3,3,3,2,2,2,2,2,2,2,2","0.000858068466186523","louvain","edit-xhwikibooks.graphml"
"0.2","0.06","0.74","0.403680540327179","1,1,2,3,2,3,2,3,3,3,2,2,3,3,3,3,3,2,4,2,5,1,3,3,3,3,3,3,1,3,2,4,2,2,4,4,3,3,5,5,5,5,1,1,1,1,5,1,1,1,5,5,5,5,5,1,1,1,1,5,3,5,5,3,3,5,5,5,5,5,1,5,3,3,5,5,5,5,5,5,5,3,3,3,3,1,5,5,5,5,3,2,4,5,5,5,3,5,5,5,5,5,5,5,5,5,5,2,2,5,5,5,5,4,4,4,4,4,4,4,4,3,3,3,3,3,3,3,3","0.000860929489135742","louvain","edit-xhwikibooks.graphml"
"0.19","0.07","0.74","0.402855754002722","1,1,2,2,3,2,3,2,2,2,3,3,2,2,2,2,2,3,3,3,4,1,2,2,2,2,2,2,1,2,3,3,3,3,3,3,2,2,4,4,4,4,1,1,1,1,4,1,1,1,4,4,4,4,4,1,1,1,1,4,2,4,4,2,2,4,4,4,4,4,1,4,2,2,4,4,4,4,4,4,4,2,2,2,2,1,4,4,4,4,2,3,3,4,4,4,2,4,4,4,4,4,4,4,4,4,4,3,3,4,4,4,4,3,3,3,3,3,3,3,3,2,2,2,2,2,2,2,2","0.000853061676025391","louvain","edit-xhwikibooks.graphml"
"0.18","0.08","0.74","0.404037795889665","1,1,2,2,3,2,3,2,2,2,3,3,2,2,2,2,2,3,4,3,5,1,2,2,2,2,2,2,1,2,3,4,3,3,4,4,2,2,5,5,5,5,1,1,1,1,5,1,1,1,5,5,5,5,5,1,1,1,1,5,2,5,5,2,2,5,5,5,5,5,1,5,2,2,5,5,5,5,5,5,5,2,2,2,2,1,5,5,5,5,2,3,4,5,5,5,2,5,5,5,5,5,5,5,5,5,5,3,3,5,5,5,5,4,4,4,4,4,4,4,4,2,2,2,2,2,2,2,2","0.000826835632324219","louvain","edit-xhwikibooks.graphml"
"0.17","0.09","0.74","0.404317607098648","1,1,2,2,3,2,3,2,2,2,3,3,2,2,2,2,2,3,4,3,5,1,2,2,2,2,2,2,1,2,3,4,3,3,4,4,2,2,5,5,5,5,1,1,1,1,5,1,1,1,5,5,5,5,5,1,1,1,1,5,2,5,5,2,2,5,5,5,5,5,1,5,2,2,5,5,5,5,5,5,5,2,2,2,2,1,5,5,5,5,2,3,4,5,5,5,2,5,5,5,5,5,5,5,5,5,5,3,3,5,5,5,5,4,4,4,4,4,4,4,4,2,2,2,2,2,2,2,2","0.000837087631225586","louvain","edit-xhwikibooks.graphml"
"0.16","0.1","0.74","0.404317607098648","1,1,2,2,3,2,3,2,2,2,3,3,2,2,2,2,2,3,4,3,5,1,2,2,2,2,2,2,1,2,3,4,3,3,4,4,2,2,5,5,5,5,1,1,1,1,5,1,1,1,5,5,5,5,5,1,1,1,1,5,2,5,5,2,2,5,5,5,5,5,1,5,2,2,5,5,5,5,5,5,5,2,2,2,2,1,5,5,5,5,2,3,4,5,5,5,2,5,5,5,5,5,5,5,5,5,5,3,3,5,5,5,5,4,4,4,4,4,4,4,4,2,2,2,2,2,2,2,2","0.000862836837768555","louvain","edit-xhwikibooks.graphml"
"0.15","0.11","0.74","0.404179782258534","1,1,2,2,3,2,3,2,2,2,3,3,2,2,2,2,2,3,4,3,5,1,2,2,2,2,2,2,1,2,3,4,3,3,4,4,2,2,5,5,5,5,1,1,1,1,5,1,1,1,5,5,5,5,5,1,1,1,1,5,2,5,5,2,2,5,5,5,5,5,1,5,2,2,5,5,5,5,5,5,5,2,2,2,2,1,5,5,5,5,2,3,4,5,5,5,2,5,5,5,5,5,5,5,5,5,5,3,3,5,5,5,5,4,4,4,4,4,4,4,4,2,2,2,2,2,2,2,2","0.00100207328796387","louvain","edit-xhwikibooks.graphml"
"0.14","0.12","0.74","0.405042324811545","1,1,2,2,3,2,3,2,2,2,3,3,2,2,2,2,2,3,4,3,5,1,2,2,2,2,2,2,1,2,3,4,3,3,4,4,2,2,5,5,5,5,1,1,1,1,5,1,1,1,5,5,5,5,5,1,1,1,1,5,2,5,5,2,2,5,5,5,5,5,1,5,2,2,5,5,5,5,5,5,5,2,2,2,2,1,5,5,5,5,2,3,4,5,5,5,2,5,5,5,5,5,5,5,5,5,5,3,3,5,5,5,5,4,4,4,4,4,4,4,4,2,2,2,2,2,2,2,2","0.000948190689086914","louvain","edit-xhwikibooks.graphml"
"0.13","0.13","0.74","0.404904530682011","1,1,2,2,3,2,3,2,2,2,3,3,2,2,2,2,2,3,4,3,5,1,2,2,2,2,2,2,1,2,3,4,3,3,4,4,2,2,5,5,5,5,1,1,1,1,5,1,1,1,5,5,5,5,5,1,1,1,1,5,2,5,5,2,2,5,5,5,5,5,1,5,2,2,5,5,5,5,5,5,5,2,2,2,2,1,5,5,5,5,2,3,4,5,5,5,2,5,5,5,5,5,5,5,5,5,5,3,3,5,5,5,5,4,4,4,4,4,4,4,4,2,2,2,2,2,2,2,2","0.00092005729675293","louvain","edit-xhwikibooks.graphml"
"0.12","0.14","0.74","0.404520045005951","1,1,2,3,2,3,2,3,3,3,2,2,3,3,3,3,3,2,4,2,5,1,3,3,3,3,3,3,1,3,2,4,2,2,4,4,3,3,5,5,5,5,1,1,1,1,5,1,1,1,5,5,5,5,5,1,1,1,1,5,3,5,5,3,3,5,5,5,5,5,1,5,3,3,5,5,5,5,5,5,5,3,3,3,3,1,5,5,5,5,3,2,4,5,5,5,3,5,5,5,5,5,5,5,5,5,5,2,2,5,5,5,5,4,4,4,4,4,4,4,4,3,3,3,3,3,3,3,3","0.000850915908813477","louvain","edit-xhwikibooks.graphml"
"0.11","0.15","0.74","0.404411834319527","1,1,2,2,2,2,3,2,2,2,3,3,2,2,2,2,2,3,3,3,4,1,2,2,2,2,2,2,1,2,3,3,3,3,3,3,2,2,4,4,4,4,1,1,1,1,4,1,1,1,4,4,4,4,4,1,1,1,1,4,2,4,4,2,2,4,4,4,4,4,1,4,2,2,4,4,4,4,4,4,4,2,2,2,2,1,4,4,4,4,2,3,3,4,4,4,2,4,4,4,4,4,4,4,4,4,4,3,3,4,4,4,4,3,3,3,3,3,3,3,3,2,2,2,2,2,2,2,2","0.000823020935058594","louvain","edit-xhwikibooks.graphml"
"0.1","0.16","0.74","0.404912497181563","1,1,2,2,3,2,3,2,2,2,3,3,2,2,2,2,2,3,3,3,4,1,2,2,2,2,2,2,1,2,3,3,3,3,3,3,2,2,4,4,4,4,1,1,1,1,4,1,1,1,4,4,4,4,4,1,1,1,1,4,2,4,4,2,2,4,4,4,4,4,1,4,2,2,4,4,4,4,4,4,4,2,2,2,2,1,4,4,4,4,2,3,3,4,4,4,2,4,4,4,4,4,4,4,4,4,4,3,3,4,4,4,4,3,3,3,3,3,3,3,3,2,2,2,2,2,2,2,2","0.000996112823486328","louvain","edit-xhwikibooks.graphml"
"0.09","0.17","0.74","0.405995894616676","1,1,2,3,2,3,2,3,3,3,2,2,3,3,3,3,3,2,4,2,5,1,3,3,3,3,3,3,1,3,2,4,2,2,4,4,3,3,5,5,5,5,1,1,1,1,5,1,1,1,5,5,5,5,5,1,1,1,1,5,3,5,5,3,3,5,5,5,5,5,1,5,3,3,5,5,5,5,5,5,5,3,3,3,3,1,5,5,5,5,3,2,4,5,5,5,3,5,5,5,5,5,5,5,5,5,5,2,2,5,5,5,5,4,4,4,4,4,4,4,4,3,3,3,3,3,3,3,3","0.00104618072509766","louvain","edit-xhwikibooks.graphml"
"0.08","0.18","0.74","0.405963134798558","1,1,2,2,3,2,3,2,2,2,3,3,2,2,2,2,2,3,4,3,5,1,2,2,2,2,2,2,1,2,3,4,3,3,4,4,2,2,5,5,5,5,1,1,1,1,5,1,1,1,5,5,5,5,5,1,1,1,1,5,2,5,5,2,2,5,5,5,5,5,1,5,2,2,5,5,5,5,5,5,5,2,2,2,2,1,5,5,5,5,2,3,4,5,5,5,2,5,5,5,5,5,5,5,5,5,5,3,3,5,5,5,5,4,4,4,4,4,4,4,4,2,2,2,2,2,2,2,2","0.00105595588684082","louvain","edit-xhwikibooks.graphml"
"0.07","0.19","0.74","0.404611713561164","1,1,2,3,2,3,2,3,3,3,2,2,3,3,3,3,3,2,4,2,5,1,3,3,3,3,3,3,1,3,2,4,2,2,4,4,3,3,5,5,5,5,1,1,1,1,5,1,1,1,5,5,5,5,5,1,1,1,1,5,3,5,5,3,3,5,5,5,5,5,1,5,3,3,5,5,5,5,5,5,5,3,3,3,3,1,5,5,5,5,3,2,4,5,5,5,3,5,5,5,5,5,5,5,5,5,5,2,2,5,5,5,5,4,4,4,4,4,4,4,4,3,3,3,3,3,3,3,3","0.00102806091308594","louvain","edit-xhwikibooks.graphml"
"0.06","0.2","0.74","0.405448867240699","1,1,2,3,2,3,2,3,3,3,2,2,3,3,3,3,3,2,4,2,5,1,3,3,3,3,3,3,1,3,2,4,2,2,4,4,3,3,5,5,5,5,1,1,1,1,5,1,1,1,5,5,5,5,5,1,1,1,1,5,3,5,5,3,3,5,5,5,5,5,1,5,3,3,5,5,5,5,5,5,5,3,3,3,3,1,5,5,5,5,3,2,4,5,5,5,3,5,5,5,5,5,5,5,5,5,5,2,2,5,5,5,5,4,4,4,4,4,4,4,4,3,3,3,3,3,3,3,3","0.00123310089111328","louvain","edit-xhwikibooks.graphml"
"0.05","0.21","0.74","0.405310925360801","1,1,2,3,2,3,2,3,3,3,2,2,3,3,3,3,3,2,4,2,5,1,3,3,3,3,3,3,1,3,2,4,2,2,4,4,3,3,5,5,5,5,1,1,1,1,5,1,1,1,5,5,5,5,5,1,1,1,1,5,3,5,5,3,3,5,5,5,5,5,1,5,3,3,5,5,5,5,5,5,5,3,3,3,3,1,5,5,5,5,3,2,4,5,5,5,3,5,5,5,5,5,5,5,5,5,5,2,2,5,5,5,5,4,4,4,4,4,4,4,4,3,3,3,3,3,3,3,3","0.0334510803222656","louvain","edit-xhwikibooks.graphml"
"0.04","0.22","0.74","0.405310925360801","1,1,2,3,2,3,2,3,3,3,2,2,3,3,3,3,3,2,4,2,5,1,3,3,3,3,3,3,1,3,2,4,2,2,4,4,3,3,5,5,5,5,1,1,1,1,5,1,1,1,5,5,5,5,5,1,1,1,1,5,3,5,5,3,3,5,5,5,5,5,1,5,3,3,5,5,5,5,5,5,5,3,3,3,3,1,5,5,5,5,3,2,4,5,5,5,3,5,5,5,5,5,5,5,5,5,5,2,2,5,5,5,5,4,4,4,4,4,4,4,4,3,3,3,3,3,3,3,3","0.000984907150268555","louvain","edit-xhwikibooks.graphml"
"0.03","0.23","0.74","0.399823886144562","1,1,1,2,3,2,3,2,2,2,3,3,2,2,2,2,2,3,3,3,4,1,2,2,2,2,2,2,1,2,3,3,3,3,3,3,2,2,4,4,4,4,1,1,1,1,4,1,1,1,4,4,4,4,4,1,1,1,1,4,2,4,4,2,2,4,4,4,4,4,1,4,2,2,4,4,4,4,4,4,4,2,2,2,2,1,4,4,4,4,2,3,3,4,4,4,2,4,4,4,4,4,4,4,4,4,4,3,3,4,4,4,4,3,3,3,3,3,3,3,3,2,2,2,2,2,2,2,2","0.00102496147155762","louvain","edit-xhwikibooks.graphml"
"0.02","0.24","0.74","0.400683129904911","1,1,1,2,3,2,3,2,2,2,3,3,2,2,2,2,2,3,4,3,5,1,2,2,2,2,2,2,1,2,3,4,3,3,4,4,2,2,5,5,5,5,1,1,1,1,5,1,1,1,5,5,5,5,5,1,1,1,1,5,2,5,5,2,2,5,5,5,5,5,1,5,2,2,5,5,5,5,5,5,5,2,2,2,2,1,5,5,5,5,2,3,4,5,5,5,2,5,5,5,5,5,5,5,5,5,5,3,3,5,5,5,5,4,4,4,4,4,4,4,4,2,2,2,2,2,2,2,2","0.000919818878173828","louvain","edit-xhwikibooks.graphml"
"0.01","0.25","0.74","0.401684023042303","1,1,2,2,3,2,3,2,2,2,3,3,2,2,2,2,2,3,4,3,5,1,2,2,2,2,2,2,1,2,3,4,3,3,4,4,2,2,5,5,5,5,1,1,1,1,5,1,1,1,5,5,5,5,5,1,1,1,1,5,2,5,5,2,2,5,5,5,5,5,1,5,2,2,5,5,5,5,5,5,5,2,2,2,2,1,5,5,5,5,2,3,4,5,5,5,2,5,5,5,5,5,5,5,5,5,5,3,3,5,5,5,5,4,4,4,4,4,4,4,4,2,2,2,2,2,2,2,2","0.00101399421691895","louvain","edit-xhwikibooks.graphml"
"0","0.26","0.74","0.402908491074177","1,1,1,2,1,2,1,2,2,2,1,3,2,2,2,2,2,1,4,3,5,1,2,2,2,2,2,2,1,2,1,4,3,3,4,4,2,2,5,5,5,5,1,1,1,1,5,1,1,1,5,5,5,5,5,1,1,1,1,5,2,5,5,2,2,5,5,5,5,5,1,5,2,2,5,5,5,5,5,5,5,2,2,2,2,1,5,5,5,5,2,1,4,5,5,5,2,5,5,5,5,5,5,5,5,5,5,3,3,5,5,5,5,4,4,4,4,4,4,4,4,2,2,2,2,2,2,2,2","0.00102496147155762","louvain","edit-xhwikibooks.graphml"
"0.25","0","0.75","0.412280725600652","1,1,1,2,1,2,3,2,2,2,3,3,2,2,2,2,2,3,4,3,5,1,2,2,2,2,2,2,1,2,3,4,3,3,4,4,2,2,5,5,5,5,1,1,1,1,5,1,1,1,5,5,5,5,5,1,1,1,1,5,2,5,5,2,2,5,5,5,5,5,1,5,2,2,5,5,5,5,5,5,5,2,2,2,2,1,5,5,5,5,2,3,4,5,5,5,2,5,5,5,5,5,5,5,5,5,5,3,3,5,5,5,5,4,4,4,4,4,4,4,4,2,2,2,2,2,2,2,2","0.00124502182006836","louvain","edit-xhwikibooks.graphml"
"0.24","0.01","0.75","0.398006096520635","1,1,1,2,3,2,3,2,2,2,3,3,2,2,2,2,2,3,4,3,5,1,2,2,2,2,2,2,1,2,3,4,3,3,4,4,2,2,5,5,5,5,1,1,1,1,5,1,1,1,5,5,5,5,5,1,1,1,1,5,2,5,5,2,2,5,5,5,5,5,1,5,2,2,5,5,5,5,5,5,5,2,2,2,2,1,5,5,5,5,2,3,4,5,5,5,2,5,5,5,5,5,5,5,5,5,5,3,3,5,5,5,5,4,4,4,4,4,4,4,4,2,2,2,2,2,2,2,2","0.00082707405090332","louvain","edit-xhwikibooks.graphml"
"0.23","0.02","0.75","0.397539522245902","1,2,1,1,3,1,3,1,1,1,3,3,1,1,1,1,1,3,4,3,5,2,1,1,1,1,1,1,2,1,3,4,3,3,4,4,1,1,5,5,5,5,2,2,2,2,5,2,2,2,5,5,5,5,5,2,2,2,2,5,1,5,5,1,1,5,5,5,5,5,2,5,1,1,5,5,5,5,5,5,5,1,1,1,1,2,5,5,5,5,1,3,4,5,5,5,1,5,5,5,5,5,5,5,5,5,5,3,3,5,5,5,5,4,4,4,4,4,4,4,4,1,1,1,1,1,1,1,1","0.000875949859619141","louvain","edit-xhwikibooks.graphml"
"0.22","0.03","0.75","0.397405947585865","1,2,1,1,3,1,3,1,1,1,3,3,1,1,1,1,1,3,4,3,5,2,1,1,1,1,1,1,2,1,3,4,3,3,4,4,1,1,5,5,5,5,2,2,2,2,5,2,2,2,5,5,5,5,5,2,2,2,2,5,1,5,5,1,1,5,5,5,5,5,2,5,1,1,5,5,5,5,5,5,5,1,1,1,1,2,5,5,5,5,1,3,4,5,5,5,1,5,5,5,5,5,5,5,5,5,5,3,3,5,5,5,5,4,4,4,4,4,4,4,4,1,1,1,1,1,1,1,1","0.000889062881469727","louvain","edit-xhwikibooks.graphml"
"0.21","0.04","0.75","0.397872118511341","1,1,1,2,3,2,3,2,2,2,3,3,2,2,2,2,2,3,4,3,5,1,2,2,2,2,2,2,1,2,3,4,3,3,4,4,2,2,5,5,5,5,1,1,1,1,5,1,1,1,5,5,5,5,5,1,1,1,1,5,2,5,5,2,2,5,5,5,5,5,1,5,2,2,5,5,5,5,5,5,5,2,2,2,2,1,5,5,5,5,2,3,4,5,5,5,2,5,5,5,5,5,5,5,5,5,5,3,3,5,5,5,5,4,4,4,4,4,4,4,4,2,2,2,2,2,2,2,2","0.000905990600585938","louvain","edit-xhwikibooks.graphml"
"0.2","0.05","0.75","0.398182479742873","1,1,1,2,3,2,3,2,2,2,3,3,2,2,2,2,2,3,4,3,5,1,2,2,2,2,2,2,1,2,3,4,3,3,4,4,2,2,5,5,5,5,1,1,1,1,5,1,1,1,5,5,5,5,5,1,1,1,1,5,2,5,5,2,2,5,5,5,5,5,1,5,2,2,5,5,5,5,5,5,5,2,2,2,2,1,5,5,5,5,2,3,4,5,5,5,2,5,5,5,5,5,5,5,5,5,5,3,3,5,5,5,5,4,4,4,4,4,4,4,4,2,2,2,2,2,2,2,2","0.000808954238891602","louvain","edit-xhwikibooks.graphml"
"0.19","0.06","0.75","0.397722525178547","1,2,1,1,3,1,3,1,1,1,3,3,1,1,1,1,1,3,4,3,5,2,1,1,1,1,1,1,2,1,3,4,3,3,4,4,1,1,5,5,5,5,2,2,2,2,5,2,2,2,5,5,5,5,5,2,2,2,2,5,1,5,5,1,1,5,5,5,5,5,2,5,1,1,5,5,5,5,5,5,5,1,1,1,1,2,5,5,5,5,1,3,4,5,5,5,1,5,5,5,5,5,5,5,5,5,5,3,3,5,5,5,5,4,4,4,4,4,4,4,4,1,1,1,1,1,1,1,1","0.000874996185302734","louvain","edit-xhwikibooks.graphml"
"0.18","0.07","0.75","0.398048623974991","1,1,1,2,3,2,3,2,2,2,3,3,2,2,2,2,2,3,4,3,5,1,2,2,2,2,2,2,1,2,3,4,3,3,4,4,2,2,5,5,5,5,1,1,1,1,5,1,1,1,5,5,5,5,5,1,1,1,1,5,2,5,5,2,2,5,5,5,5,5,1,5,2,2,5,5,5,5,5,5,5,2,2,2,2,1,5,5,5,5,2,3,4,5,5,5,2,5,5,5,5,5,5,5,5,5,5,3,3,5,5,5,5,4,4,4,4,4,4,4,4,2,2,2,2,2,2,2,2","0.000885963439941406","louvain","edit-xhwikibooks.graphml"
"0.17","0.08","0.75","0.398491922028712","1,1,1,2,3,2,3,2,2,2,3,3,2,2,2,2,2,3,4,3,5,1,2,2,2,2,2,2,1,2,3,4,3,3,4,4,2,2,5,5,5,5,1,1,1,1,5,1,1,1,5,5,5,5,5,1,1,1,1,5,2,5,5,2,2,5,5,5,5,5,1,5,2,2,5,5,5,5,5,5,5,2,2,2,2,1,5,5,5,5,2,3,4,5,5,5,2,5,5,5,5,5,5,5,5,5,5,3,3,5,5,5,5,4,4,4,4,4,4,4,4,2,2,2,2,2,2,2,2","0.00105690956115723","louvain","edit-xhwikibooks.graphml"
"0.16","0.09","0.75","0.398800448736937","1,1,1,2,3,2,3,2,2,2,3,3,2,2,2,2,2,3,4,3,5,1,2,2,2,2,2,2,1,2,3,4,3,3,4,4,2,2,5,5,5,5,1,1,1,1,5,1,1,1,5,5,5,5,5,1,1,1,1,5,2,5,5,2,2,5,5,5,5,5,1,5,2,2,5,5,5,5,5,5,5,2,2,2,2,1,5,5,5,5,2,3,4,5,5,5,2,5,5,5,5,5,5,5,5,5,5,3,3,5,5,5,5,4,4,4,4,4,4,4,4,2,2,2,2,2,2,2,2","0.000778913497924805","louvain","edit-xhwikibooks.graphml"
"0.15","0.1","0.75","0.398800448736937","1,1,1,2,3,2,3,2,2,2,3,3,2,2,2,2,2,3,4,3,5,1,2,2,2,2,2,2,1,2,3,4,3,3,4,4,2,2,5,5,5,5,1,1,1,1,5,1,1,1,5,5,5,5,5,1,1,1,1,5,2,5,5,2,2,5,5,5,5,5,1,5,2,2,5,5,5,5,5,5,5,2,2,2,2,1,5,5,5,5,2,3,4,5,5,5,2,5,5,5,5,5,5,5,5,5,5,3,3,5,5,5,5,4,4,4,4,4,4,4,4,2,2,2,2,2,2,2,2","0.000903129577636719","louvain","edit-xhwikibooks.graphml"
"0.14","0.11","0.75","0.398666672859691","1,1,1,2,3,2,3,2,2,2,3,3,2,2,2,2,2,3,4,3,5,1,2,2,2,2,2,2,1,2,3,4,3,3,4,4,2,2,5,5,5,5,1,1,1,1,5,1,1,1,5,5,5,5,5,1,1,1,1,5,2,5,5,2,2,5,5,5,5,5,1,5,2,2,5,5,5,5,5,5,5,2,2,2,2,1,5,5,5,5,2,3,4,5,5,5,2,5,5,5,5,5,5,5,5,5,5,3,3,5,5,5,5,4,4,4,4,4,4,4,4,2,2,2,2,2,2,2,2","0.00113010406494141","louvain","edit-xhwikibooks.graphml"
"0.13","0.12","0.75","0.399524805237102","1,1,1,2,3,2,3,2,2,2,3,3,2,2,2,2,2,3,4,3,5,1,2,2,2,2,2,2,1,2,3,4,3,3,4,4,2,2,5,5,5,5,1,1,1,1,5,1,1,1,5,5,5,5,5,1,1,1,1,5,2,5,5,2,2,5,5,5,5,5,1,5,2,2,5,5,5,5,5,5,5,2,2,2,2,1,5,5,5,5,2,3,4,5,5,5,2,5,5,5,5,5,5,5,5,5,5,3,3,5,5,5,5,4,4,4,4,4,4,4,4,2,2,2,2,2,2,2,2","0.000911951065063477","louvain","edit-xhwikibooks.graphml"
"0.12","0.13","0.75","0.399391048989044","1,1,1,2,3,2,3,2,2,2,3,3,2,2,2,2,2,3,4,3,5,1,2,2,2,2,2,2,1,2,3,4,3,3,4,4,2,2,5,5,5,5,1,1,1,1,5,1,1,1,5,5,5,5,5,1,1,1,1,5,2,5,5,2,2,5,5,5,5,5,1,5,2,2,5,5,5,5,5,5,5,2,2,2,2,1,5,5,5,5,2,3,4,5,5,5,2,5,5,5,5,5,5,5,5,5,5,3,3,5,5,5,5,4,4,4,4,4,4,4,4,2,2,2,2,2,2,2,2","0.000844001770019531","louvain","edit-xhwikibooks.graphml"
"0.11","0.14","0.75","0.399391048989044","1,1,1,2,3,2,3,2,2,2,3,3,2,2,2,2,2,3,4,3,5,1,2,2,2,2,2,2,1,2,3,4,3,3,4,4,2,2,5,5,5,5,1,1,1,1,5,1,1,1,5,5,5,5,5,1,1,1,1,5,2,5,5,2,2,5,5,5,5,5,1,5,2,2,5,5,5,5,5,5,5,2,2,2,2,1,5,5,5,5,2,3,4,5,5,5,2,5,5,5,5,5,5,5,5,5,5,3,3,5,5,5,5,4,4,4,4,4,4,4,4,2,2,2,2,2,2,2,2","0.000825881958007812","louvain","edit-xhwikibooks.graphml"
"0.1","0.15","0.75","0.400112582056812","1,1,1,2,3,2,3,2,2,2,3,3,2,2,2,2,2,3,4,3,5,1,2,2,2,2,2,2,1,2,3,4,3,3,4,4,2,2,5,5,5,5,1,1,1,1,5,1,1,1,5,5,5,5,5,1,1,1,1,5,2,5,5,2,2,5,5,5,5,5,1,5,2,2,5,5,5,5,5,5,5,2,2,2,2,1,5,5,5,5,2,3,4,5,5,5,2,5,5,5,5,5,5,5,5,5,5,3,3,5,5,5,5,4,4,4,4,4,4,4,4,2,2,2,2,2,2,2,2","0.000761985778808594","louvain","edit-xhwikibooks.graphml"
"0.09","0.16","0.75","0.400551789321707","1,1,1,2,3,2,3,2,2,2,3,3,2,2,2,2,2,3,4,3,5,1,2,2,2,2,2,2,1,2,3,4,3,3,4,4,2,2,5,5,5,5,1,1,1,1,5,1,1,1,5,5,5,5,5,1,1,1,1,5,2,5,5,2,2,5,5,5,5,5,1,5,2,2,5,5,5,5,5,5,5,2,2,2,2,1,5,5,5,5,2,3,4,5,5,5,2,5,5,5,5,5,5,5,5,5,5,3,3,5,5,5,5,4,4,4,4,4,4,4,4,2,2,2,2,2,2,2,2","0.000867843627929688","louvain","edit-xhwikibooks.graphml"
"0.08","0.17","0.75","0.40016317490318","1,1,1,2,3,2,3,2,2,2,3,3,2,2,2,2,2,3,3,3,4,1,2,2,2,2,2,2,1,2,3,3,3,3,3,3,2,2,4,4,4,4,1,1,1,1,4,1,1,1,4,4,4,4,4,1,1,1,1,4,2,4,4,2,2,4,4,4,4,4,1,4,2,2,4,4,4,4,4,4,4,2,2,2,2,1,4,4,4,4,2,3,3,4,4,4,2,4,4,4,4,4,4,4,4,4,4,3,3,4,4,4,4,3,3,3,3,3,3,3,3,2,2,2,2,2,2,2,2","0.000929117202758789","louvain","edit-xhwikibooks.graphml"
"0.07","0.18","0.75","0.40016317490318","1,1,1,2,3,2,3,2,2,2,3,3,2,2,2,2,2,3,3,3,4,1,2,2,2,2,2,2,1,2,3,3,3,3,3,3,2,2,4,4,4,4,1,1,1,1,4,1,1,1,4,4,4,4,4,1,1,1,1,4,2,4,4,2,2,4,4,4,4,4,1,4,2,2,4,4,4,4,4,4,4,2,2,2,2,1,4,4,4,4,2,3,3,4,4,4,2,4,4,4,4,4,4,4,4,4,4,3,3,4,4,4,4,3,3,3,3,3,3,3,3,2,2,2,2,2,2,2,2","0.000845909118652344","louvain","edit-xhwikibooks.graphml"
"0.06","0.19","0.75","0.40072362725414","1,1,1,2,3,2,3,2,2,2,3,3,2,2,2,2,2,3,4,3,5,1,2,2,2,2,2,2,1,2,3,4,3,3,4,4,2,2,5,5,5,5,1,1,1,1,5,1,1,1,5,5,5,5,5,1,1,1,1,5,2,5,5,2,2,5,5,5,5,5,1,5,2,2,5,5,5,5,5,5,5,2,2,2,2,1,5,5,5,5,2,3,4,5,5,5,2,5,5,5,5,5,5,5,5,5,5,3,3,5,5,5,5,4,4,4,4,4,4,4,4,2,2,2,2,2,2,2,2","0.000822067260742188","louvain","edit-xhwikibooks.graphml"
"0.05","0.2","0.75","0.400856327359815","1,1,1,2,3,2,3,2,2,2,3,3,2,2,2,2,2,3,3,3,4,1,2,2,2,2,2,2,1,2,3,3,3,3,3,3,2,2,4,4,4,4,1,1,1,1,4,1,1,1,4,4,4,4,4,1,1,1,1,4,2,4,4,2,2,4,4,4,4,4,1,4,2,2,4,4,4,4,4,4,4,2,2,2,2,1,4,4,4,4,2,3,3,4,4,4,2,4,4,4,4,4,4,4,4,4,4,3,3,4,4,4,4,3,3,3,3,3,3,3,3,2,2,2,2,2,2,2,2","0.000864028930664062","louvain","edit-xhwikibooks.graphml"
"0.04","0.21","0.75","0.401413385428216","1,1,1,2,3,2,3,2,2,2,3,3,2,2,2,2,2,3,4,3,5,1,2,2,2,2,2,2,1,2,3,4,3,3,4,4,2,2,5,5,5,5,1,1,1,1,5,1,1,1,5,5,5,5,5,1,1,1,1,5,2,5,5,2,2,5,5,5,5,5,1,5,2,2,5,5,5,5,5,5,5,2,2,2,2,1,5,5,5,5,2,3,4,5,5,5,2,5,5,5,5,5,5,5,5,5,5,3,3,5,5,5,5,4,4,4,4,4,4,4,4,2,2,2,2,2,2,2,2","0.000973939895629883","louvain","edit-xhwikibooks.graphml"
"0.03","0.22","0.75","0.400723861904955","1,1,1,2,3,2,3,2,2,2,3,3,2,2,2,2,2,3,3,3,4,1,2,2,2,2,2,2,1,2,3,3,3,3,3,3,2,2,4,4,4,4,1,1,1,1,4,1,1,1,4,4,4,4,4,1,1,1,1,4,2,4,4,2,2,4,4,4,4,4,1,4,2,2,4,4,4,4,4,4,4,2,2,2,2,1,4,4,4,4,2,3,3,4,4,4,2,4,4,4,4,4,4,4,4,4,4,3,3,4,4,4,4,3,3,3,3,3,3,3,3,2,2,2,2,2,2,2,2","0.000937938690185547","louvain","edit-xhwikibooks.graphml"
"0.02","0.23","0.75","0.402126868461484","1,1,1,2,3,2,3,2,2,2,3,3,2,2,2,2,2,3,4,3,5,1,2,2,2,2,2,2,1,2,3,4,3,3,4,4,2,2,5,5,5,5,1,1,1,1,5,1,1,1,5,5,5,5,5,1,1,1,1,5,2,5,5,2,2,5,5,5,5,5,1,5,2,2,5,5,5,5,5,5,5,2,2,2,2,1,5,5,5,5,2,3,4,5,5,5,2,5,5,5,5,5,5,5,5,5,5,3,3,5,5,5,5,4,4,4,4,4,4,4,4,2,2,2,2,2,2,2,2","0.000943899154663086","louvain","edit-xhwikibooks.graphml"
"0.01","0.24","0.75","0.402562432150907","1,1,1,2,3,2,3,2,2,2,3,3,2,2,2,2,2,3,4,3,5,1,2,2,2,2,2,2,1,2,3,4,3,3,4,4,2,2,5,5,5,5,1,1,1,1,5,1,1,1,5,5,5,5,5,1,1,1,1,5,2,5,5,2,2,5,5,5,5,5,1,5,2,2,5,5,5,5,5,5,5,2,2,2,2,1,5,5,5,5,2,3,4,5,5,5,2,5,5,5,5,5,5,5,5,5,5,3,3,5,5,5,5,4,4,4,4,4,4,4,4,2,2,2,2,2,2,2,2","0.000864028930664062","louvain","edit-xhwikibooks.graphml"
"0","0.25","0.75","0.405875184697672","1,1,1,1,1,2,3,2,2,2,3,3,2,2,2,2,2,3,4,3,5,1,2,2,2,2,2,2,1,2,3,4,3,3,4,4,2,2,5,5,5,5,1,1,1,1,5,1,1,1,5,5,5,5,5,1,1,1,1,5,2,5,5,2,2,5,5,5,5,5,1,5,2,2,5,5,5,5,5,5,5,2,2,2,2,1,5,5,5,5,2,3,4,5,5,5,2,5,5,5,5,5,5,5,5,5,5,3,3,5,5,5,5,4,4,4,4,4,4,4,4,2,2,2,2,2,2,2,2","0.000872135162353516","louvain","edit-xhwikibooks.graphml"
"0.24","0","0.76","0.412280725600652","1,1,1,2,1,2,3,2,2,2,3,3,2,2,2,2,2,3,4,3,5,1,2,2,2,2,2,2,1,2,3,4,3,3,4,4,2,2,5,5,5,5,1,1,1,1,5,1,1,1,5,5,5,5,5,1,1,1,1,5,2,5,5,2,2,5,5,5,5,5,1,5,2,2,5,5,5,5,5,5,5,2,2,2,2,1,5,5,5,5,2,3,4,5,5,5,2,5,5,5,5,5,5,5,5,5,5,3,3,5,5,5,5,4,4,4,4,4,4,4,4,2,2,2,2,2,2,2,2","0.000870943069458008","louvain","edit-xhwikibooks.graphml"
"0.23","0.01","0.76","0.412280725600652","1,1,1,2,1,2,3,2,2,2,3,3,2,2,2,2,2,3,4,3,5,1,2,2,2,2,2,2,1,2,3,4,3,3,4,4,2,2,5,5,5,5,1,1,1,1,5,1,1,1,5,5,5,5,5,1,1,1,1,5,2,5,5,2,2,5,5,5,5,5,1,5,2,2,5,5,5,5,5,5,5,2,2,2,2,1,5,5,5,5,2,3,4,5,5,5,2,5,5,5,5,5,5,5,5,5,5,3,3,5,5,5,5,4,4,4,4,4,4,4,4,2,2,2,2,2,2,2,2","0.00109004974365234","louvain","edit-xhwikibooks.graphml"
"0.22","0.02","0.76","0.412280725600652","1,1,1,2,1,2,3,2,2,2,3,3,2,2,2,2,2,3,4,3,5,1,2,2,2,2,2,2,1,2,3,4,3,3,4,4,2,2,5,5,5,5,1,1,1,1,5,1,1,1,5,5,5,5,5,1,1,1,1,5,2,5,5,2,2,5,5,5,5,5,1,5,2,2,5,5,5,5,5,5,5,2,2,2,2,1,5,5,5,5,2,3,4,5,5,5,2,5,5,5,5,5,5,5,5,5,5,3,3,5,5,5,5,4,4,4,4,4,4,4,4,2,2,2,2,2,2,2,2","0.000895977020263672","louvain","edit-xhwikibooks.graphml"
"0.21","0.03","0.76","0.411862109551833","1,2,1,1,3,1,3,1,1,1,3,3,1,1,1,1,1,3,4,3,5,2,1,1,1,1,1,1,2,1,3,4,3,3,4,4,1,1,5,5,5,5,2,2,2,2,5,2,2,2,5,5,5,5,5,2,2,2,2,5,1,5,5,1,1,5,5,5,5,5,2,5,1,1,5,5,5,5,5,5,5,1,1,1,1,2,5,5,5,5,1,3,4,5,5,5,1,5,5,5,5,5,5,5,5,5,5,3,3,5,5,5,5,4,4,4,4,4,4,4,4,1,1,1,1,1,1,1,1","0.000867128372192383","louvain","edit-xhwikibooks.graphml"
"0.2","0.04","0.76","0.412146129470349","1,1,1,2,1,2,3,2,2,2,3,3,2,2,2,2,2,3,4,3,5,1,2,2,2,2,2,2,1,2,3,4,3,3,4,4,2,2,5,5,5,5,1,1,1,1,5,1,1,1,5,5,5,5,5,1,1,1,1,5,2,5,5,2,2,5,5,5,5,5,1,5,2,2,5,5,5,5,5,5,5,2,2,2,2,1,5,5,5,5,2,3,4,5,5,5,2,5,5,5,5,5,5,5,5,5,5,3,3,5,5,5,5,4,4,4,4,4,4,4,4,2,2,2,2,2,2,2,2","0.000941038131713867","louvain","edit-xhwikibooks.graphml"
"0.19","0.05","0.76","0.411620136355044","1,1,1,2,3,2,3,2,2,2,3,3,2,2,2,2,2,3,4,3,5,1,2,2,2,2,2,2,1,2,3,4,3,3,4,4,2,2,5,5,5,5,1,1,1,1,5,1,1,1,5,5,5,5,5,1,1,1,1,5,2,5,5,2,2,5,5,5,5,5,1,5,2,2,5,5,5,5,5,5,5,2,2,2,2,1,5,5,5,5,2,3,4,5,5,5,2,5,5,5,5,5,5,5,5,5,5,3,3,5,5,5,5,4,4,4,4,4,4,4,4,2,2,2,2,2,2,2,2","0.000944137573242188","louvain","edit-xhwikibooks.graphml"
"0.18","0.06","0.76","0.411620136355044","1,1,1,2,3,2,3,2,2,2,3,3,2,2,2,2,2,3,4,3,5,1,2,2,2,2,2,2,1,2,3,4,3,3,4,4,2,2,5,5,5,5,1,1,1,1,5,1,1,1,5,5,5,5,5,1,1,1,1,5,2,5,5,2,2,5,5,5,5,5,1,5,2,2,5,5,5,5,5,5,5,2,2,2,2,1,5,5,5,5,2,3,4,5,5,5,2,5,5,5,5,5,5,5,5,5,5,3,3,5,5,5,5,4,4,4,4,4,4,4,4,2,2,2,2,2,2,2,2","0.000936031341552734","louvain","edit-xhwikibooks.graphml"
"0.17","0.07","0.76","0.411047080126754","1,2,1,1,3,1,3,1,1,1,3,3,1,1,1,1,1,3,4,3,5,2,1,1,1,1,1,1,2,1,3,4,3,3,4,4,1,1,5,5,5,5,2,2,2,2,5,2,2,2,5,5,5,5,5,2,2,2,2,5,1,5,5,1,1,5,5,5,5,5,2,5,1,1,5,5,5,5,5,5,5,1,1,1,1,2,5,5,5,5,1,3,4,5,5,5,1,5,5,5,5,5,5,5,5,5,5,3,3,5,5,5,5,4,4,4,4,4,4,4,4,1,1,1,1,1,1,1,1","0.000861883163452148","louvain","edit-xhwikibooks.graphml"
"0.16","0.08","0.76","0.41232801581517","1,1,1,2,3,2,3,2,2,2,3,3,2,2,2,2,2,3,4,3,5,1,2,2,2,2,2,2,1,2,3,4,3,3,4,4,2,2,5,5,5,5,1,1,1,1,5,1,1,1,5,5,5,5,5,1,1,1,1,5,2,5,5,2,2,5,5,5,5,5,1,5,2,2,5,5,5,5,5,5,5,2,2,2,2,1,5,5,5,5,2,3,4,5,5,5,2,5,5,5,5,5,5,5,5,5,5,3,3,5,5,5,5,4,4,4,4,4,4,4,4,2,2,2,2,2,2,2,2","0.000993013381958008","louvain","edit-xhwikibooks.graphml"
"0.15","0.09","0.76","0.40692691211922","1,1,1,2,3,2,3,2,2,2,3,3,2,2,2,2,2,3,4,3,5,1,2,2,2,2,2,2,1,2,3,4,3,3,4,4,2,2,5,5,5,5,1,1,1,1,5,1,1,1,5,5,5,5,5,1,1,1,1,5,2,5,5,2,2,5,5,5,5,5,1,5,2,2,5,5,5,5,5,5,5,2,2,2,2,1,5,5,5,5,2,3,4,5,5,5,2,5,5,5,5,5,5,5,5,5,5,3,3,5,5,5,5,4,4,4,4,4,4,4,4,2,2,2,2,2,2,2,2","0.000767946243286133","louvain","edit-xhwikibooks.graphml"
"0.14","0.1","0.76","0.406204434217255","1,1,1,2,3,2,3,2,2,2,3,3,2,2,2,2,2,3,3,3,4,1,2,2,2,2,2,2,1,2,3,3,3,3,3,3,2,2,4,4,4,4,1,1,1,1,4,1,1,1,4,4,4,4,4,1,1,1,1,4,2,4,4,2,2,4,4,4,4,4,1,4,2,2,4,4,4,4,4,4,4,2,2,2,2,1,4,4,4,4,2,3,3,4,4,4,2,4,4,4,4,4,4,4,4,4,4,3,3,4,4,4,4,3,3,3,3,3,3,3,3,2,2,2,2,2,2,2,2","0.000767946243286133","louvain","edit-xhwikibooks.graphml"
"0.13","0.11","0.76","0.406792644391775","1,1,1,2,3,2,3,2,2,2,3,3,2,2,2,2,2,3,4,3,5,1,2,2,2,2,2,2,1,2,3,4,3,3,4,4,2,2,5,5,5,5,1,1,1,1,5,1,1,1,5,5,5,5,5,1,1,1,1,5,2,5,5,2,2,5,5,5,5,5,1,5,2,2,5,5,5,5,5,5,5,2,2,2,2,1,5,5,5,5,2,3,4,5,5,5,2,5,5,5,5,5,5,5,5,5,5,3,3,5,5,5,5,4,4,4,4,4,4,4,4,2,2,2,2,2,2,2,2","0.000936985015869141","louvain","edit-xhwikibooks.graphml"
"0.12","0.12","0.76","0.407627882948436","1,1,1,2,3,2,3,2,2,2,3,3,2,2,2,2,2,3,4,3,5,1,2,2,2,2,2,2,1,2,3,4,3,3,4,4,2,2,5,5,5,5,1,1,1,1,5,1,1,1,5,5,5,5,5,1,1,1,1,5,2,5,5,2,2,5,5,5,5,5,1,5,2,2,5,5,5,5,5,5,5,2,2,2,2,1,5,5,5,5,2,3,4,5,5,5,2,5,5,5,5,5,5,5,5,5,5,3,3,5,5,5,5,4,4,4,4,4,4,4,4,2,2,2,2,2,2,2,2","0.000865936279296875","louvain","edit-xhwikibooks.graphml"
"0.11","0.13","0.76","0.39969762978379","1,1,1,2,3,2,3,2,2,2,3,3,2,2,2,2,2,3,4,3,5,1,2,2,2,2,2,2,1,2,3,4,3,3,4,4,2,2,5,5,5,5,1,1,1,1,5,1,1,1,5,5,5,5,5,1,1,1,1,5,2,5,5,2,2,5,5,5,5,5,1,5,2,2,5,5,5,5,5,5,5,2,2,2,2,1,5,5,5,5,2,3,4,5,5,5,2,5,5,5,5,5,5,5,5,5,5,3,3,5,5,5,5,4,4,4,4,4,4,4,4,2,2,2,2,2,2,2,2","0.000910043716430664","louvain","edit-xhwikibooks.graphml"
"0.1","0.14","0.76","0.39969762978379","1,1,1,2,3,2,3,2,2,2,3,3,2,2,2,2,2,3,4,3,5,1,2,2,2,2,2,2,1,2,3,4,3,3,4,4,2,2,5,5,5,5,1,1,1,1,5,1,1,1,5,5,5,5,5,1,1,1,1,5,2,5,5,2,2,5,5,5,5,5,1,5,2,2,5,5,5,5,5,5,5,2,2,2,2,1,5,5,5,5,2,3,4,5,5,5,2,5,5,5,5,5,5,5,5,5,5,3,3,5,5,5,5,4,4,4,4,4,4,4,4,2,2,2,2,2,2,2,2","0.000857830047607422","louvain","edit-xhwikibooks.graphml"
"0.09","0.15","0.76","0.400418094820562","1,1,1,2,3,2,3,2,2,2,3,3,2,2,2,2,2,3,4,3,5,1,2,2,2,2,2,2,1,2,3,4,3,3,4,4,2,2,5,5,5,5,1,1,1,1,5,1,1,1,5,5,5,5,5,1,1,1,1,5,2,5,5,2,2,5,5,5,5,5,1,5,2,2,5,5,5,5,5,5,5,2,2,2,2,1,5,5,5,5,2,3,4,5,5,5,2,5,5,5,5,5,5,5,5,5,5,3,3,5,5,5,5,4,4,4,4,4,4,4,4,2,2,2,2,2,2,2,2","0.000859975814819336","louvain","edit-xhwikibooks.graphml"
"0.08","0.16","0.76","0.400174052001008","1,1,1,2,3,2,3,2,2,2,3,3,2,2,2,2,2,3,3,3,4,1,2,2,2,2,2,2,1,2,3,3,3,3,3,3,2,2,4,4,4,4,1,1,1,1,4,1,1,1,4,4,4,4,4,1,1,1,1,4,2,4,4,2,2,4,4,4,4,4,1,4,2,2,4,4,4,4,4,4,4,2,2,2,2,1,4,4,4,4,2,3,3,4,4,4,2,4,4,4,4,4,4,4,4,4,4,3,3,4,4,4,4,3,3,3,3,3,3,3,3,2,2,2,2,2,2,2,2","0.000872135162353516","louvain","edit-xhwikibooks.graphml"
"0.07","0.17","0.76","0.40072362725414","1,1,1,2,3,2,3,2,2,2,3,3,2,2,2,2,2,3,4,3,5,1,2,2,2,2,2,2,1,2,3,4,3,3,4,4,2,2,5,5,5,5,1,1,1,1,5,1,1,1,5,5,5,5,5,1,1,1,1,5,2,5,5,2,2,5,5,5,5,5,1,5,2,2,5,5,5,5,5,5,5,2,2,2,2,1,5,5,5,5,2,3,4,5,5,5,2,5,5,5,5,5,5,5,5,5,5,3,3,5,5,5,5,4,4,4,4,4,4,4,4,2,2,2,2,2,2,2,2","0.000984907150268555","louvain","edit-xhwikibooks.graphml"
"0.06","0.18","0.76","0.40072362725414","1,1,1,2,3,2,3,2,2,2,3,3,2,2,2,2,2,3,4,3,5,1,2,2,2,2,2,2,1,2,3,4,3,3,4,4,2,2,5,5,5,5,1,1,1,1,5,1,1,1,5,5,5,5,5,1,1,1,1,5,2,5,5,2,2,5,5,5,5,5,1,5,2,2,5,5,5,5,5,5,5,2,2,2,2,1,5,5,5,5,2,3,4,5,5,5,2,5,5,5,5,5,5,5,5,5,5,3,3,5,5,5,5,4,4,4,4,4,4,4,4,2,2,2,2,2,2,2,2","0.000849008560180664","louvain","edit-xhwikibooks.graphml"
"0.05","0.19","0.76","0.399898243527587","1,1,1,2,3,2,3,2,2,2,3,3,2,2,2,2,2,3,3,3,4,1,2,2,2,2,2,2,1,2,3,3,3,3,3,3,2,2,4,4,4,4,1,1,1,1,4,1,1,1,4,4,4,4,4,1,1,1,1,4,2,4,4,2,2,4,4,4,4,4,1,4,2,2,4,4,4,4,4,4,4,2,2,2,2,1,4,4,4,4,2,3,3,4,4,4,2,4,4,4,4,4,4,4,4,4,4,3,3,4,4,4,4,3,3,3,3,3,3,3,3,2,2,2,2,2,2,2,2","0.000813961029052734","louvain","edit-xhwikibooks.graphml"
"0.04","0.2","0.76","0.401413385428216","1,1,1,2,3,2,3,2,2,2,3,3,2,2,2,2,2,3,4,3,5,1,2,2,2,2,2,2,1,2,3,4,3,3,4,4,2,2,5,5,5,5,1,1,1,1,5,1,1,1,5,5,5,5,5,1,1,1,1,5,2,5,5,2,2,5,5,5,5,5,1,5,2,2,5,5,5,5,5,5,5,2,2,2,2,1,5,5,5,5,2,3,4,5,5,5,2,5,5,5,5,5,5,5,5,5,5,3,3,5,5,5,5,4,4,4,4,4,4,4,4,2,2,2,2,2,2,2,2","0.000868082046508789","louvain","edit-xhwikibooks.graphml"
"0.03","0.21","0.76","0.401279858343815","1,1,1,2,3,2,3,2,2,2,3,3,2,2,2,2,2,3,4,3,5,1,2,2,2,2,2,2,1,2,3,4,3,3,4,4,2,2,5,5,5,5,1,1,1,1,5,1,1,1,5,5,5,5,5,1,1,1,1,5,2,5,5,2,2,5,5,5,5,5,1,5,2,2,5,5,5,5,5,5,5,2,2,2,2,1,5,5,5,5,2,3,4,5,5,5,2,5,5,5,5,5,5,5,5,5,5,3,3,5,5,5,5,4,4,4,4,4,4,4,4,2,2,2,2,2,2,2,2","0.00096893310546875","louvain","edit-xhwikibooks.graphml"
"0.02","0.22","0.76","0.401279858343815","1,1,1,2,3,2,3,2,2,2,3,3,2,2,2,2,2,3,4,3,5,1,2,2,2,2,2,2,1,2,3,4,3,3,4,4,2,2,5,5,5,5,1,1,1,1,5,1,1,1,5,5,5,5,5,1,1,1,1,5,2,5,5,2,2,5,5,5,5,5,1,5,2,2,5,5,5,5,5,5,5,2,2,2,2,1,5,5,5,5,2,3,4,5,5,5,2,5,5,5,5,5,5,5,5,5,5,3,3,5,5,5,5,4,4,4,4,4,4,4,4,2,2,2,2,2,2,2,2","0.000832080841064453","louvain","edit-xhwikibooks.graphml"
"0.01","0.23","0.76","0.40199336491034","1,1,1,2,3,2,3,2,2,2,3,3,2,2,2,2,2,3,4,3,5,1,2,2,2,2,2,2,1,2,3,4,3,3,4,4,2,2,5,5,5,5,1,1,1,1,5,1,1,1,5,5,5,5,5,1,1,1,1,5,2,5,5,2,2,5,5,5,5,5,1,5,2,2,5,5,5,5,5,5,5,2,2,2,2,1,5,5,5,5,2,3,4,5,5,5,2,5,5,5,5,5,5,5,5,5,5,3,3,5,5,5,5,4,4,4,4,4,4,4,4,2,2,2,2,2,2,2,2","0.000864982604980469","louvain","edit-xhwikibooks.graphml"
"0","0.24","0.76","0.404231386473057","1,1,1,1,1,2,3,2,2,2,3,3,2,2,2,2,2,3,4,3,5,1,2,2,2,2,2,2,1,2,3,4,3,3,4,4,2,2,5,5,5,5,1,1,1,1,5,1,1,1,5,5,5,5,5,1,1,1,1,5,2,5,5,2,2,5,5,5,5,5,1,5,2,2,5,5,5,5,5,5,5,2,2,2,2,1,5,5,5,5,2,3,4,5,5,5,2,5,5,5,5,5,5,5,5,5,5,3,3,5,5,5,5,4,4,4,4,4,4,4,4,2,2,2,2,2,2,2,2","0.00084686279296875","louvain","edit-xhwikibooks.graphml"
"0.23","0","0.77","0.405629879097327","1,1,1,2,3,2,3,2,2,2,3,3,2,2,2,2,2,3,3,3,4,1,2,2,2,2,2,2,1,2,3,3,3,3,3,3,2,2,4,4,4,4,1,1,1,1,4,1,1,1,4,4,4,4,4,1,1,1,1,4,2,4,4,2,2,4,4,4,4,4,1,4,2,2,4,4,4,4,4,4,4,2,2,2,2,1,4,4,4,4,2,3,3,4,4,4,2,4,4,4,4,4,4,4,4,4,4,3,3,4,4,4,4,3,3,3,3,3,3,3,3,2,2,2,2,2,2,2,2","0.000903844833374023","louvain","edit-xhwikibooks.graphml"
"0.22","0.01","0.77","0.405897611071318","1,1,1,2,1,2,3,2,2,2,3,3,2,2,2,2,2,3,4,3,5,1,2,2,2,2,2,2,1,2,3,4,3,3,4,4,2,2,5,5,5,5,1,1,1,1,5,1,1,1,5,5,5,5,5,1,1,1,1,5,2,5,5,2,2,5,5,5,5,5,1,5,2,2,5,5,5,5,5,5,5,2,2,2,2,1,5,5,5,5,2,3,4,5,5,5,2,5,5,5,5,5,5,5,5,5,5,3,3,5,5,5,5,4,4,4,4,4,4,4,4,2,2,2,2,2,2,2,2","0.000874996185302734","louvain","edit-xhwikibooks.graphml"
"0.21","0.02","0.77","0.405897611071318","1,1,1,2,1,2,3,2,2,2,3,3,2,2,2,2,2,3,4,3,5,1,2,2,2,2,2,2,1,2,3,4,3,3,4,4,2,2,5,5,5,5,1,1,1,1,5,1,1,1,5,5,5,5,5,1,1,1,1,5,2,5,5,2,2,5,5,5,5,5,1,5,2,2,5,5,5,5,5,5,5,2,2,2,2,1,5,5,5,5,2,3,4,5,5,5,2,5,5,5,5,5,5,5,5,5,5,3,3,5,5,5,5,4,4,4,4,4,4,4,4,2,2,2,2,2,2,2,2","0.000858068466186523","louvain","edit-xhwikibooks.graphml"
"0.2","0.03","0.77","0.405496875962148","1,2,1,1,3,1,3,1,1,1,3,3,1,1,1,1,1,3,4,3,5,2,1,1,1,1,1,1,2,1,3,4,3,3,4,4,1,1,5,5,5,5,2,2,2,2,5,2,2,2,5,5,5,5,5,2,2,2,2,5,1,5,5,1,1,5,5,5,5,5,2,5,1,1,5,5,5,5,5,5,5,1,1,1,1,2,5,5,5,5,1,3,4,5,5,5,1,5,5,5,5,5,5,5,5,5,5,3,3,5,5,5,5,4,4,4,4,4,4,4,4,1,1,1,1,1,1,1,1","0.000874996185302734","louvain","edit-xhwikibooks.graphml"
"0.19","0.04","0.77","0.405766821236879","1,1,1,2,1,2,3,2,2,2,3,3,2,2,2,2,2,3,4,3,5,1,2,2,2,2,2,2,1,2,3,4,3,3,4,4,2,2,5,5,5,5,1,1,1,1,5,1,1,1,5,5,5,5,5,1,1,1,1,5,2,5,5,2,2,5,5,5,5,5,1,5,2,2,5,5,5,5,5,5,5,2,2,2,2,1,5,5,5,5,2,3,4,5,5,5,2,5,5,5,5,5,5,5,5,5,5,3,3,5,5,5,5,4,4,4,4,4,4,4,4,2,2,2,2,2,2,2,2","0.000867843627929688","louvain","edit-xhwikibooks.graphml"
"0.18","0.05","0.77","0.405817190398737","1,1,1,2,1,2,3,2,2,2,3,3,2,2,2,2,2,3,3,3,4,1,2,2,2,2,2,2,1,2,3,3,3,3,3,3,2,2,4,4,4,4,1,1,1,1,4,1,1,1,4,4,4,4,4,1,1,1,1,4,2,4,4,2,2,4,4,4,4,4,1,4,2,2,4,4,4,4,4,4,4,2,2,2,2,1,4,4,4,4,2,3,3,4,4,4,2,4,4,4,4,4,4,4,4,4,4,3,3,4,4,4,4,3,3,3,3,3,3,3,3,2,2,2,2,2,2,2,2","0.000858068466186523","louvain","edit-xhwikibooks.graphml"
"0.17","0.06","0.77","0.39987639006874","1,2,1,1,1,1,1,3,3,1,1,1,3,3,3,1,1,1,3,1,4,2,3,3,3,3,3,1,2,1,1,3,1,1,3,3,5,3,4,4,4,4,2,2,2,2,4,2,2,2,4,4,4,4,4,2,2,2,2,4,3,4,4,3,3,4,4,4,4,4,2,4,3,3,4,4,4,4,4,4,4,3,1,1,1,2,4,4,4,4,1,1,3,4,4,4,1,4,4,4,4,4,4,4,4,4,4,1,1,4,4,4,4,3,3,3,3,3,3,3,3,5,5,5,5,5,5,5,5","0.000901937484741211","louvain","edit-xhwikibooks.graphml"
"0.16","0.07","0.77","0.406078559027778","1,1,1,2,3,2,3,2,2,2,3,3,2,2,2,2,2,3,4,3,5,1,2,2,2,2,2,2,1,2,3,4,3,3,4,4,2,2,5,5,5,5,1,1,1,1,5,1,1,1,5,5,5,5,5,1,1,1,1,5,2,5,5,2,2,5,5,5,5,5,1,5,2,2,5,5,5,5,5,5,5,2,2,2,2,1,5,5,5,5,2,3,4,5,5,5,2,5,5,5,5,5,5,5,5,5,5,3,3,5,5,5,5,4,4,4,4,4,4,4,4,2,2,2,2,2,2,2,2","0.000912904739379883","louvain","edit-xhwikibooks.graphml"
"0.15","0.08","0.77","0.406914668667035","1,1,1,2,3,2,3,2,2,2,3,3,2,2,2,2,2,3,4,3,5,1,2,2,2,2,2,2,1,2,3,4,3,3,4,4,2,2,5,5,5,5,1,1,1,1,5,1,1,1,5,5,5,5,5,1,1,1,1,5,2,5,5,2,2,5,5,5,5,5,1,5,2,2,5,5,5,5,5,5,5,2,2,2,2,1,5,5,5,5,2,3,4,5,5,5,2,5,5,5,5,5,5,5,5,5,5,3,3,5,5,5,5,4,4,4,4,4,4,4,4,2,2,2,2,2,2,2,2","0.000852823257446289","louvain","edit-xhwikibooks.graphml"
"0.14","0.09","0.77","0.405816232638889","1,1,1,2,3,2,3,2,2,2,3,3,2,2,2,2,2,3,4,3,5,1,2,2,2,2,2,2,1,2,3,4,3,3,4,4,2,2,5,5,5,5,1,1,1,1,5,1,1,1,5,5,5,5,5,1,1,1,1,5,2,5,5,2,2,5,5,5,5,5,1,5,2,2,5,5,5,5,5,5,5,2,2,2,2,1,5,5,5,5,2,3,4,5,5,5,2,5,5,5,5,5,5,5,5,5,5,3,3,5,5,5,5,4,4,4,4,4,4,4,4,2,2,2,2,2,2,2,2","0.000849008560180664","louvain","edit-xhwikibooks.graphml"
"0.13","0.1","0.77","0.405816232638889","1,1,1,2,3,2,3,2,2,2,3,3,2,2,2,2,2,3,4,3,5,1,2,2,2,2,2,2,1,2,3,4,3,3,4,4,2,2,5,5,5,5,1,1,1,1,5,1,1,1,5,5,5,5,5,1,1,1,1,5,2,5,5,2,2,5,5,5,5,5,1,5,2,2,5,5,5,5,5,5,5,2,2,2,2,1,5,5,5,5,2,3,4,5,5,5,2,5,5,5,5,5,5,5,5,5,5,3,3,5,5,5,5,4,4,4,4,4,4,4,4,2,2,2,2,2,2,2,2","0.00102400779724121","louvain","edit-xhwikibooks.graphml"
"0.12","0.11","0.77","0.405008863272123","1,1,1,2,3,2,3,2,2,2,3,3,2,2,2,2,2,3,3,3,4,1,2,2,2,2,2,2,1,2,3,3,3,3,3,3,2,2,4,4,4,4,1,1,1,1,4,1,1,1,4,4,4,4,4,1,1,1,1,4,2,4,4,2,2,4,4,4,4,4,1,4,2,2,4,4,4,4,4,4,4,2,2,2,2,1,4,4,4,4,2,3,3,4,4,4,2,4,4,4,4,4,4,4,4,4,4,3,3,4,4,4,4,3,3,3,3,3,3,3,3,2,2,2,2,2,2,2,2","0.000797033309936523","louvain","edit-xhwikibooks.graphml"
"0.11","0.12","0.77","0.406501254067732","1,1,1,2,3,2,3,2,2,2,3,3,2,2,2,2,2,3,4,3,5,1,2,2,2,2,2,2,1,2,3,4,3,3,4,4,2,2,5,5,5,5,1,1,1,1,5,1,1,1,5,5,5,5,5,1,1,1,1,5,2,5,5,2,2,5,5,5,5,5,1,5,2,2,5,5,5,5,5,5,5,2,2,2,2,1,5,5,5,5,2,3,4,5,5,5,2,5,5,5,5,5,5,5,5,5,5,3,3,5,5,5,5,4,4,4,4,4,4,4,4,2,2,2,2,2,2,2,2","0.000854969024658203","louvain","edit-xhwikibooks.graphml"
"0.1","0.13","0.77","0.406370604594118","1,1,1,2,3,2,3,2,2,2,3,3,2,2,2,2,2,3,4,3,5,1,2,2,2,2,2,2,1,2,3,4,3,3,4,4,2,2,5,5,5,5,1,1,1,1,5,1,1,1,5,5,5,5,5,1,1,1,1,5,2,5,5,2,2,5,5,5,5,5,1,5,2,2,5,5,5,5,5,5,5,2,2,2,2,1,5,5,5,5,2,3,4,5,5,5,2,5,5,5,5,5,5,5,5,5,5,3,3,5,5,5,5,4,4,4,4,4,4,4,4,2,2,2,2,2,2,2,2","0.000879049301147461","louvain","edit-xhwikibooks.graphml"
"0.09","0.14","0.77","0.406370604594118","1,1,1,2,3,2,3,2,2,2,3,3,2,2,2,2,2,3,4,3,5,1,2,2,2,2,2,2,1,2,3,4,3,3,4,4,2,2,5,5,5,5,1,1,1,1,5,1,1,1,5,5,5,5,5,1,1,1,1,5,2,5,5,2,2,5,5,5,5,5,1,5,2,2,5,5,5,5,5,5,5,2,2,2,2,1,5,5,5,5,2,3,4,5,5,5,2,5,5,5,5,5,5,5,5,5,5,3,3,5,5,5,5,4,4,4,4,4,4,4,4,2,2,2,2,2,2,2,2","0.00101613998413086","louvain","edit-xhwikibooks.graphml"
"0.08","0.15","0.77","0.407053050676698","1,1,1,2,3,2,3,2,2,2,3,3,2,2,2,2,2,3,4,3,5,1,2,2,2,2,2,2,1,2,3,4,3,3,4,4,2,2,5,5,5,5,1,1,1,1,5,1,1,1,5,5,5,5,5,1,1,1,1,5,2,5,5,2,2,5,5,5,5,5,1,5,2,2,5,5,5,5,5,5,5,2,2,2,2,1,5,5,5,5,2,3,4,5,5,5,2,5,5,5,5,5,5,5,5,5,5,3,3,5,5,5,5,4,4,4,4,4,4,4,4,2,2,2,2,2,2,2,2","0.000958919525146484","louvain","edit-xhwikibooks.graphml"
"0.07","0.16","0.77","0.407556811597002","1,1,1,1,2,3,2,3,3,3,2,2,3,3,3,3,3,2,4,2,5,1,3,3,3,3,3,3,1,3,2,4,2,2,4,4,3,3,5,5,5,5,1,1,1,1,5,1,1,1,5,5,5,5,5,1,1,1,1,5,3,5,5,3,3,5,5,5,5,5,1,5,3,3,5,5,5,5,5,5,5,3,3,3,3,1,5,5,5,5,3,2,4,5,5,5,3,5,5,5,5,5,5,5,5,5,5,2,2,5,5,5,5,4,4,4,4,4,4,4,4,3,3,3,3,3,3,3,3","0.000940084457397461","louvain","edit-xhwikibooks.graphml"
"0.06","0.17","0.77","0.402549581776275","1,1,1,2,3,2,3,2,2,2,3,3,2,2,2,2,2,3,4,3,5,1,2,2,2,2,2,2,1,2,3,4,3,3,4,4,2,2,5,5,5,5,1,1,1,1,5,1,1,1,5,5,5,5,5,1,1,1,1,5,2,5,5,2,2,5,5,5,5,5,1,5,2,2,5,5,5,5,5,5,5,2,2,2,2,1,5,5,5,5,2,3,4,5,5,5,2,5,5,5,5,5,5,5,5,5,5,3,3,5,5,5,5,4,4,4,4,4,4,4,4,2,2,2,2,2,2,2,2","0.000874042510986328","louvain","edit-xhwikibooks.graphml"
"0.05","0.18","0.77","0.402549581776275","1,1,1,2,3,2,3,2,2,2,3,3,2,2,2,2,2,3,4,3,5,1,2,2,2,2,2,2,1,2,3,4,3,3,4,4,2,2,5,5,5,5,1,1,1,1,5,1,1,1,5,5,5,5,5,1,1,1,1,5,2,5,5,2,2,5,5,5,5,5,1,5,2,2,5,5,5,5,5,5,5,2,2,2,2,1,5,5,5,5,2,3,4,5,5,5,2,5,5,5,5,5,5,5,5,5,5,3,3,5,5,5,5,4,4,4,4,4,4,4,4,2,2,2,2,2,2,2,2","0.000867843627929688","louvain","edit-xhwikibooks.graphml"
"0.04","0.19","0.77","0.402419290888084","1,1,1,2,3,2,3,2,2,2,3,3,2,2,2,2,2,3,4,3,5,1,2,2,2,2,2,2,1,2,3,4,3,3,4,4,2,2,5,5,5,5,1,1,1,1,5,1,1,1,5,5,5,5,5,1,1,1,1,5,2,5,5,2,2,5,5,5,5,5,1,5,2,2,5,5,5,5,5,5,5,2,2,2,2,1,5,5,5,5,2,3,4,5,5,5,2,5,5,5,5,5,5,5,5,5,5,3,3,5,5,5,5,4,4,4,4,4,4,4,4,2,2,2,2,2,2,2,2","0.000845193862915039","louvain","edit-xhwikibooks.graphml"
"0.03","0.2","0.77","0.409296907088497","1,1,1,2,3,2,3,2,2,2,3,3,2,2,2,2,2,3,4,3,5,1,2,2,2,2,2,2,1,2,3,4,3,3,4,4,2,2,5,5,5,5,1,1,1,1,5,1,1,1,5,5,5,5,5,1,1,1,1,5,2,5,5,2,2,5,5,5,5,5,1,5,2,2,5,5,5,5,5,5,5,2,2,2,2,1,5,5,5,5,2,3,4,5,5,5,2,5,5,5,5,5,5,5,5,5,5,3,3,5,5,5,5,4,4,4,4,4,4,4,4,2,2,2,2,2,2,2,2","0.000873088836669922","louvain","edit-xhwikibooks.graphml"
"0.02","0.21","0.77","0.409163049210921","1,1,1,2,3,2,3,2,2,2,3,3,2,2,2,2,2,3,4,3,5,1,2,2,2,2,2,2,1,2,3,4,3,3,4,4,2,2,5,5,5,5,1,1,1,1,5,1,1,1,5,5,5,5,5,1,1,1,1,5,2,5,5,2,2,5,5,5,5,5,1,5,2,2,5,5,5,5,5,5,5,2,2,2,2,1,5,5,5,5,2,3,4,5,5,5,2,5,5,5,5,5,5,5,5,5,5,3,3,5,5,5,5,4,4,4,4,4,4,4,4,2,2,2,2,2,2,2,2","0.000882148742675781","louvain","edit-xhwikibooks.graphml"
"0.01","0.22","0.77","0.408427387182712","1,1,1,2,1,2,1,2,2,2,3,1,2,2,2,2,2,3,3,1,4,1,2,2,2,2,2,2,1,2,3,3,1,1,3,3,2,2,4,4,4,4,1,1,1,1,4,1,1,1,4,4,4,4,4,1,1,1,1,4,2,4,4,2,2,4,4,4,4,4,1,4,2,2,4,4,4,4,4,4,4,2,2,2,2,1,4,4,4,4,2,3,3,4,4,4,2,4,4,4,4,4,4,4,4,4,4,1,1,4,4,4,4,3,3,3,3,3,3,3,3,2,2,2,2,2,2,2,2","0.000964879989624023","louvain","edit-xhwikibooks.graphml"
"0","0.23","0.77","0.411544591894658","1,1,1,1,1,2,3,2,2,2,3,3,2,2,2,2,2,3,4,3,5,1,2,2,2,2,2,2,1,2,3,4,3,3,4,4,2,2,5,5,5,5,1,1,1,1,5,1,1,1,5,5,5,5,5,1,1,1,1,5,2,5,5,2,2,5,5,5,5,5,1,5,2,2,5,5,5,5,5,5,5,2,2,2,2,1,5,5,5,5,2,3,4,5,5,5,2,5,5,5,5,5,5,5,5,5,5,3,3,5,5,5,5,4,4,4,4,4,4,4,4,2,2,2,2,2,2,2,2","0.000926971435546875","louvain","edit-xhwikibooks.graphml"
"0.22","0","0.78","0.405896263984235","1,1,1,2,3,2,3,2,2,2,3,3,2,2,2,2,2,3,3,3,4,1,2,2,2,2,2,2,1,2,3,3,3,3,3,3,2,2,4,4,4,4,1,1,1,1,4,1,1,1,4,4,4,4,4,1,1,1,1,4,2,4,4,2,2,4,4,4,4,4,1,4,2,2,4,4,4,4,4,4,4,2,2,2,2,1,4,4,4,4,2,3,3,4,4,4,2,4,4,4,4,4,4,4,4,4,4,3,3,4,4,4,4,3,3,3,3,3,3,3,3,2,2,2,2,2,2,2,2","0.000881195068359375","louvain","edit-xhwikibooks.graphml"
"0.21","0.01","0.78","0.406162158345744","1,1,1,2,1,2,3,2,2,2,3,3,2,2,2,2,2,3,4,3,5,1,2,2,2,2,2,2,1,2,3,4,3,3,4,4,2,2,5,5,5,5,1,1,1,1,5,1,1,1,5,5,5,5,5,1,1,1,1,5,2,5,5,2,2,5,5,5,5,5,1,5,2,2,5,5,5,5,5,5,5,2,2,2,2,1,5,5,5,5,2,3,4,5,5,5,2,5,5,5,5,5,5,5,5,5,5,3,3,5,5,5,5,4,4,4,4,4,4,4,4,2,2,2,2,2,2,2,2","0.00105404853820801","louvain","edit-xhwikibooks.graphml"
"0.2","0.02","0.78","0.406162158345744","1,1,1,2,1,2,3,2,2,2,3,3,2,2,2,2,2,3,4,3,5,1,2,2,2,2,2,2,1,2,3,4,3,3,4,4,2,2,5,5,5,5,1,1,1,1,5,1,1,1,5,5,5,5,5,1,1,1,1,5,2,5,5,2,2,5,5,5,5,5,1,5,2,2,5,5,5,5,5,5,5,2,2,2,2,1,5,5,5,5,2,3,4,5,5,5,2,5,5,5,5,5,5,5,5,5,5,3,3,5,5,5,5,4,4,4,4,4,4,4,4,2,2,2,2,2,2,2,2","0.000931024551391602","louvain","edit-xhwikibooks.graphml"
"0.19","0.03","0.78","0.405636108349952","1,1,1,2,1,2,3,2,2,2,3,3,2,2,2,2,2,3,4,3,5,1,2,2,2,2,2,2,1,2,3,4,3,3,4,4,2,2,5,5,5,5,1,1,1,1,5,1,1,1,5,5,5,5,5,1,1,1,1,5,2,5,5,2,2,5,5,5,5,5,1,5,2,2,5,5,5,5,5,5,5,2,2,2,2,1,5,5,5,5,2,3,4,5,5,5,2,5,5,5,5,5,5,5,5,5,5,3,3,5,5,5,5,4,4,4,4,4,4,4,4,2,2,2,2,2,2,2,2","0.000935077667236328","louvain","edit-xhwikibooks.graphml"
"0.18","0.04","0.78","0.405636108349952","1,1,1,2,1,2,3,2,2,2,3,3,2,2,2,2,2,3,4,3,5,1,2,2,2,2,2,2,1,2,3,4,3,3,4,4,2,2,5,5,5,5,1,1,1,1,5,1,1,1,5,5,5,5,5,1,1,1,1,5,2,5,5,2,2,5,5,5,5,5,1,5,2,2,5,5,5,5,5,5,5,2,2,2,2,1,5,5,5,5,2,3,4,5,5,5,2,5,5,5,5,5,5,5,5,5,5,3,3,5,5,5,5,4,4,4,4,4,4,4,4,2,2,2,2,2,2,2,2","0.000795125961303711","louvain","edit-xhwikibooks.graphml"
"0.17","0.05","0.78","0.405923871527778","1,1,1,2,1,2,3,2,2,2,3,3,2,2,2,2,2,3,4,3,5,1,2,2,2,2,2,2,1,2,3,4,3,3,4,4,2,2,5,5,5,5,1,1,1,1,5,1,1,1,5,5,5,5,5,1,1,1,1,5,2,5,5,2,2,5,5,5,5,5,1,5,2,2,5,5,5,5,5,5,5,2,2,2,2,1,5,5,5,5,2,3,4,5,5,5,2,5,5,5,5,5,5,5,5,5,5,3,3,5,5,5,5,4,4,4,4,4,4,4,4,2,2,2,2,2,2,2,2","0.000838994979858398","louvain","edit-xhwikibooks.graphml"
"0.16","0.06","0.78","0.405923871527778","1,1,1,2,1,2,3,2,2,2,3,3,2,2,2,2,2,3,4,3,5,1,2,2,2,2,2,2,1,2,3,4,3,3,4,4,2,2,5,5,5,5,1,1,1,1,5,1,1,1,5,5,5,5,5,1,1,1,1,5,2,5,5,2,2,5,5,5,5,5,1,5,2,2,5,5,5,5,5,5,5,2,2,2,2,1,5,5,5,5,2,3,4,5,5,5,2,5,5,5,5,5,5,5,5,5,5,3,3,5,5,5,5,4,4,4,4,4,4,4,4,2,2,2,2,2,2,2,2","0.00084996223449707","louvain","edit-xhwikibooks.graphml"
"0.15","0.07","0.78","0.405793278900694","1,1,1,2,1,2,3,2,2,2,3,3,2,2,2,2,2,3,4,3,5,1,2,2,2,2,2,2,1,2,3,4,3,3,4,4,2,2,5,5,5,5,1,1,1,1,5,1,1,1,5,5,5,5,5,1,1,1,1,5,2,5,5,2,2,5,5,5,5,5,1,5,2,2,5,5,5,5,5,5,5,2,2,2,2,1,5,5,5,5,2,3,4,5,5,5,2,5,5,5,5,5,5,5,5,5,5,3,3,5,5,5,5,4,4,4,4,4,4,4,4,2,2,2,2,2,2,2,2","0.000947952270507812","louvain","edit-xhwikibooks.graphml"
"0.14","0.08","0.78","0.405857551829114","1,1,1,2,1,2,1,2,2,2,1,1,2,2,2,2,2,1,3,1,4,1,2,2,2,2,2,2,1,2,1,3,1,1,3,3,2,2,4,4,4,4,1,1,1,1,4,1,1,1,4,4,4,4,4,1,1,1,1,4,2,4,4,2,2,4,4,4,4,4,1,4,2,2,4,4,4,4,4,4,4,2,2,2,2,1,4,4,4,4,2,1,3,4,4,4,2,4,4,4,4,4,4,4,4,4,4,1,1,4,4,4,4,3,3,3,3,3,3,3,3,2,2,2,2,2,2,2,2","0.000871181488037109","louvain","edit-xhwikibooks.graphml"
"0.13","0.09","0.78","0.405799765919806","1,2,1,1,3,1,3,1,1,1,3,3,1,1,1,1,1,3,3,3,4,2,1,1,1,1,1,1,2,1,3,3,3,3,3,3,1,1,4,4,4,4,2,2,2,2,4,2,2,2,4,4,4,4,4,2,2,2,2,4,1,4,4,1,1,4,4,4,4,4,2,4,1,1,4,4,4,4,4,4,4,1,1,1,1,2,4,4,4,4,1,3,3,4,4,4,1,4,4,4,4,4,4,4,4,4,4,3,3,4,4,4,4,3,3,3,3,3,3,3,3,1,1,1,1,1,1,1,1","0.000887155532836914","louvain","edit-xhwikibooks.graphml"
"0.12","0.1","0.78","0.406213316823597","1,2,1,1,3,1,3,1,1,1,3,3,1,1,1,1,1,3,4,3,5,2,1,1,1,1,1,1,2,1,3,4,3,3,4,4,1,1,5,5,5,5,2,2,2,2,5,2,2,2,5,5,5,5,5,2,2,2,2,5,1,5,5,1,1,5,5,5,5,5,2,5,1,1,5,5,5,5,5,5,5,1,1,1,1,2,5,5,5,5,1,3,4,5,5,5,1,5,5,5,5,5,5,5,5,5,5,3,3,5,5,5,5,4,4,4,4,4,4,4,4,1,1,1,1,1,1,1,1","0.000854015350341797","louvain","edit-xhwikibooks.graphml"
"0.11","0.11","0.78","0.406522534048521","1,1,1,2,3,2,3,2,2,2,3,3,2,2,2,2,2,3,4,3,5,1,2,2,2,2,2,2,1,2,3,4,3,3,4,4,2,2,5,5,5,5,1,1,1,1,5,1,1,1,5,5,5,5,5,1,1,1,1,5,2,5,5,2,2,5,5,5,5,5,1,5,2,2,5,5,5,5,5,5,5,2,2,2,2,1,5,5,5,5,2,3,4,5,5,5,2,5,5,5,5,5,5,5,5,5,5,3,3,5,5,5,5,4,4,4,4,4,4,4,4,2,2,2,2,2,2,2,2","0.000878810882568359","louvain","edit-xhwikibooks.graphml"
"0.1","0.12","0.78","0.407335256243518","1,1,1,2,3,2,3,2,2,2,3,3,2,2,2,2,2,3,4,3,5,1,2,2,2,2,2,2,1,2,3,4,3,3,4,4,2,2,5,5,5,5,1,1,1,1,5,1,1,1,5,5,5,5,5,1,1,1,1,5,2,5,5,2,2,5,5,5,5,5,1,5,2,2,5,5,5,5,5,5,5,2,2,2,2,1,5,5,5,5,2,3,4,5,5,5,2,5,5,5,5,5,5,5,5,5,5,3,3,5,5,5,5,4,4,4,4,4,4,4,4,2,2,2,2,2,2,2,2","0.00122404098510742","louvain","edit-xhwikibooks.graphml"
"0.09","0.13","0.78","0.406240031811757","1,1,1,2,3,2,3,2,2,2,3,3,2,2,2,2,2,3,4,3,5,1,2,2,2,2,2,2,1,2,3,4,3,3,4,4,2,2,5,5,5,5,1,1,1,1,5,1,1,1,5,5,5,5,5,1,1,1,1,5,2,5,5,2,2,5,5,5,5,5,1,5,2,2,5,5,5,5,5,5,5,2,2,2,2,1,5,5,5,5,2,3,4,5,5,5,2,5,5,5,5,5,5,5,5,5,5,3,3,5,5,5,5,4,4,4,4,4,4,4,4,2,2,2,2,2,2,2,2","0.00094294548034668","louvain","edit-xhwikibooks.graphml"
"0.08","0.14","0.78","0.405568527106989","1,1,1,2,1,2,1,2,2,2,3,1,2,2,2,2,2,3,3,1,4,1,2,2,2,2,2,2,1,2,3,3,1,1,3,3,2,2,4,4,4,4,1,1,1,1,4,1,1,1,4,4,4,4,4,1,1,1,1,4,2,4,4,2,2,4,4,4,4,4,1,4,2,2,4,4,4,4,4,4,4,2,2,2,2,1,4,4,4,4,2,3,3,4,4,4,2,4,4,4,4,4,4,4,4,4,4,1,1,4,4,4,4,3,3,3,3,3,3,3,3,2,2,2,2,2,2,2,2","0.000961065292358398","louvain","edit-xhwikibooks.graphml"
"0.07","0.15","0.78","0.406922505684264","1,1,1,2,3,2,3,2,2,2,3,3,2,2,2,2,2,3,4,3,5,1,2,2,2,2,2,2,1,2,3,4,3,3,4,4,2,2,5,5,5,5,1,1,1,1,5,1,1,1,5,5,5,5,5,1,1,1,1,5,2,5,5,2,2,5,5,5,5,5,1,5,2,2,5,5,5,5,5,5,5,2,2,2,2,1,5,5,5,5,2,3,4,5,5,5,2,5,5,5,5,5,5,5,5,5,5,3,3,5,5,5,5,4,4,4,4,4,4,4,4,2,2,2,2,2,2,2,2","0.000780105590820312","louvain","edit-xhwikibooks.graphml"
"0.06","0.16","0.78","0.407338624478118","1,1,1,2,3,2,3,2,2,2,3,3,2,2,2,2,2,3,4,3,5,1,2,2,2,2,2,2,1,2,3,4,3,3,4,4,2,2,5,5,5,5,1,1,1,1,5,1,1,1,5,5,5,5,5,1,1,1,1,5,2,5,5,2,2,5,5,5,5,5,1,5,2,2,5,5,5,5,5,5,5,2,2,2,2,1,5,5,5,5,2,3,4,5,5,5,2,5,5,5,5,5,5,5,5,5,5,3,3,5,5,5,5,4,4,4,4,4,4,4,4,2,2,2,2,2,2,2,2","0.000880002975463867","louvain","edit-xhwikibooks.graphml"
"0.05","0.17","0.78","0.407183324872297","1,2,1,1,3,1,3,1,1,1,3,3,1,1,1,1,1,3,4,3,5,2,1,1,1,1,1,1,2,1,3,4,3,3,4,4,1,1,5,5,5,5,2,2,2,2,5,2,2,2,5,5,5,5,5,2,2,2,2,5,1,5,5,1,1,5,5,5,5,5,2,5,1,1,5,5,5,5,5,5,5,1,1,1,1,2,5,5,5,5,1,3,4,5,5,5,1,5,5,5,5,5,5,5,5,5,5,3,3,5,5,5,5,4,4,4,4,4,4,4,4,1,1,1,1,1,1,1,1","0.00079798698425293","louvain","edit-xhwikibooks.graphml"
"0.04","0.18","0.78","0.407183324872297","1,2,1,1,3,1,3,1,1,1,3,3,1,1,1,1,1,3,4,3,5,2,1,1,1,1,1,1,2,1,3,4,3,3,4,4,1,1,5,5,5,5,2,2,2,2,5,2,2,2,5,5,5,5,5,2,2,2,2,5,1,5,5,1,1,5,5,5,5,5,2,5,1,1,5,5,5,5,5,5,5,1,1,1,1,2,5,5,5,5,1,3,4,5,5,5,1,5,5,5,5,5,5,5,5,5,5,3,3,5,5,5,5,4,4,4,4,4,4,4,4,1,1,1,1,1,1,1,1","0.000869035720825195","louvain","edit-xhwikibooks.graphml"
"0.03","0.19","0.78","0.407495499973873","1,1,1,2,3,2,3,2,2,2,3,3,2,2,2,2,2,3,4,3,5,1,2,2,2,2,2,2,1,2,3,4,3,3,4,4,2,2,5,5,5,5,1,1,1,1,5,1,1,1,5,5,5,5,5,1,1,1,1,5,2,5,5,2,2,5,5,5,5,5,1,5,2,2,5,5,5,5,5,5,5,2,2,2,2,1,5,5,5,5,2,3,4,5,5,5,2,5,5,5,5,5,5,5,5,5,5,3,3,5,5,5,5,4,4,4,4,4,4,4,4,2,2,2,2,2,2,2,2","0.000974178314208984","louvain","edit-xhwikibooks.graphml"
"0.02","0.2","0.78","0.408277813966993","1,1,1,2,3,2,3,2,2,2,3,3,2,2,2,2,2,3,4,3,5,1,2,2,2,2,2,2,1,2,3,4,3,3,4,4,2,2,5,5,5,5,1,1,1,1,5,1,1,1,5,5,5,5,5,1,1,1,1,5,2,5,5,2,2,5,5,5,5,5,1,5,2,2,5,5,5,5,5,5,5,2,2,2,2,1,5,5,5,5,2,3,4,5,5,5,2,5,5,5,5,5,5,5,5,5,5,3,3,5,5,5,5,4,4,4,4,4,4,4,4,2,2,2,2,2,2,2,2","0.00100302696228027","louvain","edit-xhwikibooks.graphml"
"0.01","0.21","0.78","0.408147405149836","1,1,1,2,3,2,3,2,2,2,3,3,2,2,2,2,2,3,4,3,5,1,2,2,2,2,2,2,1,2,3,4,3,3,4,4,2,2,5,5,5,5,1,1,1,1,5,1,1,1,5,5,5,5,5,1,1,1,1,5,2,5,5,2,2,5,5,5,5,5,1,5,2,2,5,5,5,5,5,5,5,2,2,2,2,1,5,5,5,5,2,3,4,5,5,5,2,5,5,5,5,5,5,5,5,5,5,3,3,5,5,5,5,4,4,4,4,4,4,4,4,2,2,2,2,2,2,2,2","0.000911951065063477","louvain","edit-xhwikibooks.graphml"
"0","0.22","0.78","0.409834482424732","1,1,1,1,1,2,3,2,2,2,3,3,2,2,2,2,2,3,4,3,5,1,2,2,2,2,2,2,1,2,3,4,3,3,4,4,2,2,5,5,5,5,1,1,1,1,5,1,1,1,5,5,5,5,5,1,1,1,1,5,2,5,5,2,2,5,5,5,5,5,1,5,2,2,5,5,5,5,5,5,5,2,2,2,2,1,5,5,5,5,2,3,4,5,5,5,2,5,5,5,5,5,5,5,5,5,5,3,3,5,5,5,5,4,4,4,4,4,4,4,4,2,2,2,2,2,2,2,2","0.0010678768157959","louvain","edit-xhwikibooks.graphml"
"0.21","0","0.79","0.402855710556219","1,1,1,2,1,2,3,2,2,2,3,3,2,2,2,2,2,3,4,3,5,1,2,2,2,2,2,2,1,2,3,4,3,3,4,4,2,2,5,5,5,5,1,1,1,1,5,1,1,1,5,5,5,5,5,1,1,1,1,5,2,5,5,2,2,5,5,5,5,5,1,5,2,2,5,5,5,5,5,5,5,2,2,2,2,1,5,5,5,5,2,3,4,5,5,5,2,5,5,5,5,5,5,5,5,5,5,3,3,5,5,5,5,4,4,4,4,4,4,4,4,2,2,2,2,2,2,2,2","0.000962972640991211","louvain","edit-xhwikibooks.graphml"
"0.2","0.01","0.79","0.402855710556219","1,1,1,2,1,2,3,2,2,2,3,3,2,2,2,2,2,3,4,3,5,1,2,2,2,2,2,2,1,2,3,4,3,3,4,4,2,2,5,5,5,5,1,1,1,1,5,1,1,1,5,5,5,5,5,1,1,1,1,5,2,5,5,2,2,5,5,5,5,5,1,5,2,2,5,5,5,5,5,5,5,2,2,2,2,1,5,5,5,5,2,3,4,5,5,5,2,5,5,5,5,5,5,5,5,5,5,3,3,5,5,5,5,4,4,4,4,4,4,4,4,2,2,2,2,2,2,2,2","0.000853061676025391","louvain","edit-xhwikibooks.graphml"
"0.19","0.02","0.79","0.402166873132164","1,1,1,2,1,2,1,2,2,2,1,1,2,2,2,2,2,1,3,1,4,1,2,2,2,2,2,2,1,2,1,3,1,1,3,3,2,2,4,4,4,4,1,1,1,1,4,1,1,1,4,4,4,4,4,1,1,1,1,4,2,4,4,2,2,4,4,4,4,4,1,4,2,2,4,4,4,4,4,4,4,2,2,2,2,1,4,4,4,4,2,1,3,4,4,4,2,4,4,4,4,4,4,4,4,4,4,1,1,4,4,4,4,3,3,3,3,3,3,3,3,2,2,2,2,2,2,2,2","0.000761032104492188","louvain","edit-xhwikibooks.graphml"
"0.18","0.03","0.79","0.402728407805014","1,1,1,2,1,2,3,2,2,2,3,3,2,2,2,2,2,3,4,3,5,1,2,2,2,2,2,2,1,2,3,4,3,3,4,4,2,2,5,5,5,5,1,1,1,1,5,1,1,1,5,5,5,5,5,1,1,1,1,5,2,5,5,2,2,5,5,5,5,5,1,5,2,2,5,5,5,5,5,5,5,2,2,2,2,1,5,5,5,5,2,3,4,5,5,5,2,5,5,5,5,5,5,5,5,5,5,3,3,5,5,5,5,4,4,4,4,4,4,4,4,2,2,2,2,2,2,2,2","0.000863075256347656","louvain","edit-xhwikibooks.graphml"
"0.17","0.04","0.79","0.402728407805014","1,1,1,2,1,2,3,2,2,2,3,3,2,2,2,2,2,3,4,3,5,1,2,2,2,2,2,2,1,2,3,4,3,3,4,4,2,2,5,5,5,5,1,1,1,1,5,1,1,1,5,5,5,5,5,1,1,1,1,5,2,5,5,2,2,5,5,5,5,5,1,5,2,2,5,5,5,5,5,5,5,2,2,2,2,1,5,5,5,5,2,3,4,5,5,5,2,5,5,5,5,5,5,5,5,5,5,3,3,5,5,5,5,4,4,4,4,4,4,4,4,2,2,2,2,2,2,2,2","0.000892877578735352","louvain","edit-xhwikibooks.graphml"
"0.16","0.05","0.79","0.403013924780468","1,1,1,2,1,2,3,2,2,2,3,3,2,2,2,2,2,3,4,3,5,1,2,2,2,2,2,2,1,2,3,4,3,3,4,4,2,2,5,5,5,5,1,1,1,1,5,1,1,1,5,5,5,5,5,1,1,1,1,5,2,5,5,2,2,5,5,5,5,5,1,5,2,2,5,5,5,5,5,5,5,2,2,2,2,1,5,5,5,5,2,3,4,5,5,5,2,5,5,5,5,5,5,5,5,5,5,3,3,5,5,5,5,4,4,4,4,4,4,4,4,2,2,2,2,2,2,2,2","0.00088810920715332","louvain","edit-xhwikibooks.graphml"
"0.15","0.06","0.79","0.403013924780468","1,1,1,2,1,2,3,2,2,2,3,3,2,2,2,2,2,3,4,3,5,1,2,2,2,2,2,2,1,2,3,4,3,3,4,4,2,2,5,5,5,5,1,1,1,1,5,1,1,1,5,5,5,5,5,1,1,1,1,5,2,5,5,2,2,5,5,5,5,5,1,5,2,2,5,5,5,5,5,5,5,2,2,2,2,1,5,5,5,5,2,3,4,5,5,5,2,5,5,5,5,5,5,5,5,5,5,3,3,5,5,5,5,4,4,4,4,4,4,4,4,2,2,2,2,2,2,2,2","0.000905036926269531","louvain","edit-xhwikibooks.graphml"
"0.14","0.07","0.79","0.400563265306122","1,1,1,2,3,2,3,2,2,2,3,3,2,2,2,2,2,3,4,3,5,1,2,2,2,2,2,2,1,2,3,4,3,3,4,4,2,2,5,5,5,5,1,1,1,1,5,1,1,1,5,5,5,5,5,1,1,1,1,5,2,5,5,2,2,5,5,5,5,5,1,5,2,2,5,5,5,5,5,5,5,2,2,2,2,1,5,5,5,5,2,3,4,5,5,5,2,5,5,5,5,5,5,5,5,5,5,3,3,5,5,5,5,4,4,4,4,4,4,4,4,2,2,2,2,2,2,2,2","0.000862836837768555","louvain","edit-xhwikibooks.graphml"
"0.13","0.08","0.79","0.400106385440226","1,1,1,2,1,2,1,2,2,2,1,1,2,2,2,2,2,1,3,1,4,1,2,2,2,2,2,2,1,2,1,3,1,1,3,3,2,2,4,4,4,4,1,1,1,1,4,1,1,1,4,4,4,4,4,1,1,1,1,4,2,4,4,2,2,4,4,4,4,4,1,4,2,2,4,4,4,4,4,4,4,2,2,2,2,1,4,4,4,4,2,1,3,4,4,4,2,4,4,4,4,4,4,4,4,4,4,1,1,4,4,4,4,3,3,3,3,3,3,3,3,2,2,2,2,2,2,2,2","0.000786066055297852","louvain","edit-xhwikibooks.graphml"
"0.12","0.09","0.79","0.40085148721688","1,1,1,2,3,2,3,2,2,2,3,3,2,2,2,2,2,3,4,3,5,1,2,2,2,2,2,2,1,2,3,4,3,3,4,4,2,2,5,5,5,5,1,1,1,1,5,1,1,1,5,5,5,5,5,1,1,1,1,5,2,5,5,2,2,5,5,5,5,5,1,5,2,2,5,5,5,5,5,5,5,2,2,2,2,1,5,5,5,5,2,3,4,5,5,5,2,5,5,5,5,5,5,5,5,5,5,3,3,5,5,5,5,4,4,4,4,4,4,4,4,2,2,2,2,2,2,2,2","0.000908136367797852","louvain","edit-xhwikibooks.graphml"
"0.11","0.1","0.79","0.40085148721688","1,1,1,2,3,2,3,2,2,2,3,3,2,2,2,2,2,3,4,3,5,1,2,2,2,2,2,2,1,2,3,4,3,3,4,4,2,2,5,5,5,5,1,1,1,1,5,1,1,1,5,5,5,5,5,1,1,1,1,5,2,5,5,2,2,5,5,5,5,5,1,5,2,2,5,5,5,5,5,5,5,2,2,2,2,1,5,5,5,5,2,3,4,5,5,5,2,5,5,5,5,5,5,5,5,5,5,3,3,5,5,5,5,4,4,4,4,4,4,4,4,2,2,2,2,2,2,2,2","0.000895023345947266","louvain","edit-xhwikibooks.graphml"
"0.1","0.11","0.79","0.400724488712292","1,1,1,2,3,2,3,2,2,2,3,3,2,2,2,2,2,3,4,3,5,1,2,2,2,2,2,2,1,2,3,4,3,3,4,4,2,2,5,5,5,5,1,1,1,1,5,1,1,1,5,5,5,5,5,1,1,1,1,5,2,5,5,2,2,5,5,5,5,5,1,5,2,2,5,5,5,5,5,5,5,2,2,2,2,1,5,5,5,5,2,3,4,5,5,5,2,5,5,5,5,5,5,5,5,5,5,3,3,5,5,5,5,4,4,4,4,4,4,4,4,2,2,2,2,2,2,2,2","0.00115180015563965","louvain","edit-xhwikibooks.graphml"
"0.09","0.12","0.79","0.401141724935222","1,1,1,2,3,2,3,2,2,2,3,3,2,2,2,2,2,3,4,3,5,1,2,2,2,2,2,2,1,2,3,4,3,3,4,4,2,2,5,5,5,5,1,1,1,1,5,1,1,1,5,5,5,5,5,1,1,1,1,5,2,5,5,2,2,5,5,5,5,5,1,5,2,2,5,5,5,5,5,5,5,2,2,2,2,1,5,5,5,5,2,3,4,5,5,5,2,5,5,5,5,5,5,5,5,5,5,3,3,5,5,5,5,4,4,4,4,4,4,4,4,2,2,2,2,2,2,2,2","0.000889062881469727","louvain","edit-xhwikibooks.graphml"
"0.08","0.13","0.79","0.401014762673127","1,1,1,2,3,2,3,2,2,2,3,3,2,2,2,2,2,3,4,3,5,1,2,2,2,2,2,2,1,2,3,4,3,3,4,4,2,2,5,5,5,5,1,1,1,1,5,1,1,1,5,5,5,5,5,1,1,1,1,5,2,5,5,2,2,5,5,5,5,5,1,5,2,2,5,5,5,5,5,5,5,2,2,2,2,1,5,5,5,5,2,3,4,5,5,5,2,5,5,5,5,5,5,5,5,5,5,3,3,5,5,5,5,4,4,4,4,4,4,4,4,2,2,2,2,2,2,2,2","0.000922203063964844","louvain","edit-xhwikibooks.graphml"
"0.07","0.14","0.79","0.406511936954285","1,1,1,2,3,2,3,2,2,2,3,3,2,2,2,2,2,3,3,3,4,1,2,2,2,2,2,2,1,2,3,3,3,3,3,3,2,2,4,4,4,4,1,1,1,1,4,1,1,1,4,4,4,4,4,1,1,1,1,4,2,4,4,2,2,4,4,4,4,4,1,4,2,2,4,4,4,4,4,4,4,2,2,2,2,1,4,4,4,4,2,3,3,4,4,4,2,4,4,4,4,4,4,4,4,4,4,3,3,4,4,4,4,3,3,3,3,3,3,3,3,2,2,2,2,2,2,2,2","0.000889062881469727","louvain","edit-xhwikibooks.graphml"
"0.06","0.15","0.79","0.407611782161608","1,1,1,2,3,2,3,2,2,2,3,3,2,2,2,2,2,3,4,3,5,1,2,2,2,2,2,2,1,2,3,4,3,3,4,4,2,2,5,5,5,5,1,1,1,1,5,1,1,1,5,5,5,5,5,1,1,1,1,5,2,5,5,2,2,5,5,5,5,5,1,5,2,2,5,5,5,5,5,5,5,2,2,2,2,1,5,5,5,5,2,3,4,5,5,5,2,5,5,5,5,5,5,5,5,5,5,3,3,5,5,5,5,4,4,4,4,4,4,4,4,2,2,2,2,2,2,2,2","0.000892877578735352","louvain","edit-xhwikibooks.graphml"
"0.05","0.16","0.79","0.408026250955549","1,1,1,2,3,2,3,2,2,2,3,3,2,2,2,2,2,3,4,3,5,1,2,2,2,2,2,2,1,2,3,4,3,3,4,4,2,2,5,5,5,5,1,1,1,1,5,1,1,1,5,5,5,5,5,1,1,1,1,5,2,5,5,2,2,5,5,5,5,5,1,5,2,2,5,5,5,5,5,5,5,2,2,2,2,1,5,5,5,5,2,3,4,5,5,5,2,5,5,5,5,5,5,5,5,5,5,3,3,5,5,5,5,4,4,4,4,4,4,4,4,2,2,2,2,2,2,2,2","0.000896930694580078","louvain","edit-xhwikibooks.graphml"
"0.04","0.17","0.79","0.407353606483888","1,1,1,2,3,2,3,2,2,2,3,3,2,2,2,2,2,3,4,3,5,1,2,2,2,2,2,2,1,2,3,4,3,3,4,4,2,2,5,5,5,5,1,1,1,1,5,1,1,1,5,5,5,5,5,1,1,1,1,5,2,5,5,2,2,5,5,5,5,5,1,5,2,2,5,5,5,5,5,5,5,2,2,2,2,1,5,5,5,5,2,3,4,5,5,5,2,5,5,5,5,5,5,5,5,5,5,3,3,5,5,5,5,4,4,4,4,4,4,4,4,2,2,2,2,2,2,2,2","0.00100183486938477","louvain","edit-xhwikibooks.graphml"
"0.03","0.18","0.79","0.407353606483888","1,1,1,2,3,2,3,2,2,2,3,3,2,2,2,2,2,3,4,3,5,1,2,2,2,2,2,2,1,2,3,4,3,3,4,4,2,2,5,5,5,5,1,1,1,1,5,1,1,1,5,5,5,5,5,1,1,1,1,5,2,5,5,2,2,5,5,5,5,5,1,5,2,2,5,5,5,5,5,5,5,2,2,2,2,1,5,5,5,5,2,3,4,5,5,5,2,5,5,5,5,5,5,5,5,5,5,3,3,5,5,5,5,4,4,4,4,4,4,4,4,2,2,2,2,2,2,2,2","0.000925779342651367","louvain","edit-xhwikibooks.graphml"
"0.02","0.19","0.79","0.407223340762471","1,1,1,2,3,2,3,2,2,2,3,3,2,2,2,2,2,3,4,3,5,1,2,2,2,2,2,2,1,2,3,4,3,3,4,4,2,2,5,5,5,5,1,1,1,1,5,1,1,1,5,5,5,5,5,1,1,1,1,5,2,5,5,2,2,5,5,5,5,5,1,5,2,2,5,5,5,5,5,5,5,2,2,2,2,1,5,5,5,5,2,3,4,5,5,5,2,5,5,5,5,5,5,5,5,5,5,3,3,5,5,5,5,4,4,4,4,4,4,4,4,2,2,2,2,2,2,2,2","0.000946998596191406","louvain","edit-xhwikibooks.graphml"
"0.01","0.2","0.79","0.408005521048999","1,1,1,2,3,2,3,2,2,2,3,3,2,2,2,2,2,3,4,3,5,1,2,2,2,2,2,2,1,2,3,4,3,3,4,4,2,2,5,5,5,5,1,1,1,1,5,1,1,1,5,5,5,5,5,1,1,1,1,5,2,5,5,2,2,5,5,5,5,5,1,5,2,2,5,5,5,5,5,5,5,2,2,2,2,1,5,5,5,5,2,3,4,5,5,5,2,5,5,5,5,5,5,5,5,5,5,3,3,5,5,5,5,4,4,4,4,4,4,4,4,2,2,2,2,2,2,2,2","0.000890016555786133","louvain","edit-xhwikibooks.graphml"
"0","0.21","0.79","0.409560139460041","1,1,1,1,1,2,3,2,2,2,3,3,2,2,2,2,2,3,4,3,5,1,2,2,2,2,2,2,1,2,3,4,3,3,4,4,2,2,5,5,5,5,1,1,1,1,5,1,1,1,5,5,5,5,5,1,1,1,1,5,2,5,5,2,2,5,5,5,5,5,1,5,2,2,5,5,5,5,5,5,5,2,2,2,2,1,5,5,5,5,2,3,4,5,5,5,2,5,5,5,5,5,5,5,5,5,5,3,3,5,5,5,5,4,4,4,4,4,4,4,4,2,2,2,2,2,2,2,2","0.000985145568847656","louvain","edit-xhwikibooks.graphml"
"0.2","0","0.8","0.406263260041667","1,1,1,2,1,2,3,2,2,2,3,3,2,2,2,2,2,3,4,3,5,1,2,2,2,2,2,2,1,2,3,4,3,3,4,4,2,2,5,5,5,5,1,1,1,1,5,1,1,1,5,5,5,5,5,1,1,1,1,5,2,5,5,2,2,5,5,5,5,5,1,5,2,2,5,5,5,5,5,5,5,2,2,2,2,1,5,5,5,5,2,3,4,5,5,5,2,5,5,5,5,5,5,5,5,5,5,3,3,5,5,5,5,4,4,4,4,4,4,4,4,2,2,2,2,2,2,2,2","0.00113081932067871","louvain","edit-xhwikibooks.graphml"
"0.19","0.01","0.8","0.402728407805014","1,1,1,2,1,2,3,2,2,2,3,3,2,2,2,2,2,3,4,3,5,1,2,2,2,2,2,2,1,2,3,4,3,3,4,4,2,2,5,5,5,5,1,1,1,1,5,1,1,1,5,5,5,5,5,1,1,1,1,5,2,5,5,2,2,5,5,5,5,5,1,5,2,2,5,5,5,5,5,5,5,2,2,2,2,1,5,5,5,5,2,3,4,5,5,5,2,5,5,5,5,5,5,5,5,5,5,3,3,5,5,5,5,4,4,4,4,4,4,4,4,2,2,2,2,2,2,2,2","0.00104188919067383","louvain","edit-xhwikibooks.graphml"
"0.18","0.02","0.8","0.402728407805014","1,1,1,2,1,2,3,2,2,2,3,3,2,2,2,2,2,3,4,3,5,1,2,2,2,2,2,2,1,2,3,4,3,3,4,4,2,2,5,5,5,5,1,1,1,1,5,1,1,1,5,5,5,5,5,1,1,1,1,5,2,5,5,2,2,5,5,5,5,5,1,5,2,2,5,5,5,5,5,5,5,2,2,2,2,1,5,5,5,5,2,3,4,5,5,5,2,5,5,5,5,5,5,5,5,5,5,3,3,5,5,5,5,4,4,4,4,4,4,4,4,2,2,2,2,2,2,2,2","0.000873088836669922","louvain","edit-xhwikibooks.graphml"
"0.17","0.03","0.8","0.402601178721898","1,1,1,2,1,2,3,2,2,2,3,3,2,2,2,2,2,3,4,3,5,1,2,2,2,2,2,2,1,2,3,4,3,3,4,4,2,2,5,5,5,5,1,1,1,1,5,1,1,1,5,5,5,5,5,1,1,1,1,5,2,5,5,2,2,5,5,5,5,5,1,5,2,2,5,5,5,5,5,5,5,2,2,2,2,1,5,5,5,5,2,3,4,5,5,5,2,5,5,5,5,5,5,5,5,5,5,3,3,5,5,5,5,4,4,4,4,4,4,4,4,2,2,2,2,2,2,2,2","0.000905036926269531","louvain","edit-xhwikibooks.graphml"
"0.16","0.04","0.8","0.403013924780468","1,1,1,2,1,2,3,2,2,2,3,3,2,2,2,2,2,3,4,3,5,1,2,2,2,2,2,2,1,2,3,4,3,3,4,4,2,2,5,5,5,5,1,1,1,1,5,1,1,1,5,5,5,5,5,1,1,1,1,5,2,5,5,2,2,5,5,5,5,5,1,5,2,2,5,5,5,5,5,5,5,2,2,2,2,1,5,5,5,5,2,3,4,5,5,5,2,5,5,5,5,5,5,5,5,5,5,3,3,5,5,5,5,4,4,4,4,4,4,4,4,2,2,2,2,2,2,2,2","0.000959157943725586","louvain","edit-xhwikibooks.graphml"
"0.15","0.05","0.8","0.402886734872519","1,1,1,2,1,2,3,2,2,2,3,3,2,2,2,2,2,3,4,3,5,1,2,2,2,2,2,2,1,2,3,4,3,3,4,4,2,2,5,5,5,5,1,1,1,1,5,1,1,1,5,5,5,5,5,1,1,1,1,5,2,5,5,2,2,5,5,5,5,5,1,5,2,2,5,5,5,5,5,5,5,2,2,2,2,1,5,5,5,5,2,3,4,5,5,5,2,5,5,5,5,5,5,5,5,5,5,3,3,5,5,5,5,4,4,4,4,4,4,4,4,2,2,2,2,2,2,2,2","0.000899076461791992","louvain","edit-xhwikibooks.graphml"
"0.14","0.06","0.8","0.402628691683731","1,2,1,1,3,1,3,1,1,1,3,3,1,1,1,1,1,3,4,3,5,2,1,1,1,1,1,1,2,1,3,4,3,3,4,4,1,1,5,5,5,5,2,2,2,2,5,2,2,2,5,5,5,5,5,2,2,2,2,5,1,5,5,1,1,5,5,5,5,5,2,5,1,1,5,5,5,5,5,5,5,1,1,1,1,2,5,5,5,5,1,3,4,5,5,5,1,5,5,5,5,5,5,5,5,5,5,3,3,5,5,5,5,4,4,4,4,4,4,4,4,1,1,1,1,1,1,1,1","0.000975847244262695","louvain","edit-xhwikibooks.graphml"
"0.13","0.07","0.8","0.402892102372751","1,1,1,2,3,2,3,2,2,2,3,3,2,2,2,2,2,3,3,3,4,1,2,2,2,2,2,2,1,2,3,3,3,3,3,3,2,2,4,4,4,4,1,1,1,1,4,1,1,1,4,4,4,4,4,1,1,1,1,4,2,4,4,2,2,4,4,4,4,4,1,4,2,2,4,4,4,4,4,4,4,2,2,2,2,1,4,4,4,4,2,3,3,4,4,4,2,4,4,4,4,4,4,4,4,4,4,3,3,4,4,4,4,3,3,3,3,3,3,3,3,2,2,2,2,2,2,2,2","0.000901937484741211","louvain","edit-xhwikibooks.graphml"
"0.12","0.08","0.8","0.403732394680652","1,1,1,2,3,2,3,2,2,2,3,3,2,2,2,2,2,3,4,3,5,1,2,2,2,2,2,2,1,2,3,4,3,3,4,4,2,2,5,5,5,5,1,1,1,1,5,1,1,1,5,5,5,5,5,1,1,1,1,5,2,5,5,2,2,5,5,5,5,5,1,5,2,2,5,5,5,5,5,5,5,2,2,2,2,1,5,5,5,5,2,3,4,5,5,5,2,5,5,5,5,5,5,5,5,5,5,3,3,5,5,5,5,4,4,4,4,4,4,4,4,2,2,2,2,2,2,2,2","0.00092315673828125","louvain","edit-xhwikibooks.graphml"
"0.11","0.09","0.8","0.403605162271135","1,1,1,2,3,2,3,2,2,2,3,3,2,2,2,2,2,3,4,3,5,1,2,2,2,2,2,2,1,2,3,4,3,3,4,4,2,2,5,5,5,5,1,1,1,1,5,1,1,1,5,5,5,5,5,1,1,1,1,5,2,5,5,2,2,5,5,5,5,5,1,5,2,2,5,5,5,5,5,5,5,2,2,2,2,1,5,5,5,5,2,3,4,5,5,5,2,5,5,5,5,5,5,5,5,5,5,3,3,5,5,5,5,4,4,4,4,4,4,4,4,2,2,2,2,2,2,2,2","0.00108098983764648","louvain","edit-xhwikibooks.graphml"
"0.1","0.1","0.8","0.403605162271135","1,1,1,2,3,2,3,2,2,2,3,3,2,2,2,2,2,3,4,3,5,1,2,2,2,2,2,2,1,2,3,4,3,3,4,4,2,2,5,5,5,5,1,1,1,1,5,1,1,1,5,5,5,5,5,1,1,1,1,5,2,5,5,2,2,5,5,5,5,5,1,5,2,2,5,5,5,5,5,5,5,2,2,2,2,1,5,5,5,5,2,3,4,5,5,5,2,5,5,5,5,5,5,5,5,5,5,3,3,5,5,5,5,4,4,4,4,4,4,4,4,2,2,2,2,2,2,2,2","0.000916957855224609","louvain","edit-xhwikibooks.graphml"
"0.09","0.11","0.8","0.403478003295952","1,1,1,2,3,2,3,2,2,2,3,3,2,2,2,2,2,3,4,3,5,1,2,2,2,2,2,2,1,2,3,4,3,3,4,4,2,2,5,5,5,5,1,1,1,1,5,1,1,1,5,5,5,5,5,1,1,1,1,5,2,5,5,2,2,5,5,5,5,5,1,5,2,2,5,5,5,5,5,5,5,2,2,2,2,1,5,5,5,5,2,3,4,5,5,5,2,5,5,5,5,5,5,5,5,5,5,3,3,5,5,5,5,4,4,4,4,4,4,4,4,2,2,2,2,2,2,2,2","0.00086212158203125","louvain","edit-xhwikibooks.graphml"
"0.08","0.12","0.8","0.403420316172656","1,1,1,2,1,2,1,2,2,2,1,1,2,2,2,2,2,1,3,1,4,1,2,2,2,2,2,2,1,2,1,3,1,1,3,3,2,2,4,4,4,4,1,1,1,1,4,1,1,1,4,4,4,4,4,1,1,1,1,4,2,4,4,2,2,4,4,4,4,4,1,4,2,2,4,4,4,4,4,4,4,2,2,2,2,1,4,4,4,4,2,1,3,4,4,4,2,4,4,4,4,4,4,4,4,4,4,1,1,4,4,4,4,3,3,3,3,3,3,3,3,2,2,2,2,2,2,2,2","0.000945806503295898","louvain","edit-xhwikibooks.graphml"
"0.07","0.13","0.8","0.404150942401754","1,1,1,2,3,2,3,2,2,2,3,3,2,2,2,2,2,3,4,3,5,1,2,2,2,2,2,2,1,2,3,4,3,3,4,4,2,2,5,5,5,5,1,1,1,1,5,1,1,1,5,5,5,5,5,1,1,1,1,5,2,5,5,2,2,5,5,5,5,5,1,5,2,2,5,5,5,5,5,5,5,2,2,2,2,1,5,5,5,5,2,3,4,5,5,5,2,5,5,5,5,5,5,5,5,5,5,3,3,5,5,5,5,4,4,4,4,4,4,4,4,2,2,2,2,2,2,2,2","0.00091099739074707","louvain","edit-xhwikibooks.graphml"
"0.06","0.14","0.8","0.404150942401754","1,1,1,2,3,2,3,2,2,2,3,3,2,2,2,2,2,3,4,3,5,1,2,2,2,2,2,2,1,2,3,4,3,3,4,4,2,2,5,5,5,5,1,1,1,1,5,1,1,1,5,5,5,5,5,1,1,1,1,5,2,5,5,2,2,5,5,5,5,5,1,5,2,2,5,5,5,5,5,5,5,2,2,2,2,1,5,5,5,5,2,3,4,5,5,5,2,5,5,5,5,5,5,5,5,5,5,3,3,5,5,5,5,4,4,4,4,4,4,4,4,2,2,2,2,2,2,2,2","0.000916004180908203","louvain","edit-xhwikibooks.graphml"
"0.05","0.15","0.8","0.404821388579759","1,1,1,2,3,2,3,2,2,2,3,3,2,2,2,2,2,3,4,3,5,1,2,2,2,2,2,2,1,2,3,4,3,3,4,4,2,2,5,5,5,5,1,1,1,1,5,1,1,1,5,5,5,5,5,1,1,1,1,5,2,5,5,2,2,5,5,5,5,5,1,5,2,2,5,5,5,5,5,5,5,2,2,2,2,1,5,5,5,5,2,3,4,5,5,5,2,5,5,5,5,5,5,5,5,5,5,3,3,5,5,5,5,4,4,4,4,4,4,4,4,2,2,2,2,2,2,2,2","0.000950098037719727","louvain","edit-xhwikibooks.graphml"
"0.04","0.16","0.8","0.405230549083373","1,1,1,2,3,2,3,2,2,2,3,3,2,2,2,2,2,3,4,3,5,1,2,2,2,2,2,2,1,2,3,4,3,3,4,4,2,2,5,5,5,5,1,1,1,1,5,1,1,1,5,5,5,5,5,1,1,1,1,5,2,5,5,2,2,5,5,5,5,5,1,5,2,2,5,5,5,5,5,5,5,2,2,2,2,1,5,5,5,5,2,3,4,5,5,5,2,5,5,5,5,5,5,5,5,5,5,3,3,5,5,5,5,4,4,4,4,4,4,4,4,2,2,2,2,2,2,2,2","0.000916957855224609","louvain","edit-xhwikibooks.graphml"
"0.03","0.17","0.8","0.405512301463719","1,1,1,2,3,2,3,2,2,2,3,3,2,2,2,2,2,3,4,3,5,1,2,2,2,2,2,2,1,2,3,4,3,3,4,4,2,2,5,5,5,5,1,1,1,1,5,1,1,1,5,5,5,5,5,1,1,1,1,5,2,5,5,2,2,5,5,5,5,5,1,5,2,2,5,5,5,5,5,5,5,2,2,2,2,1,5,5,5,5,2,3,4,5,5,5,2,5,5,5,5,5,5,5,5,5,5,3,3,5,5,5,5,4,4,4,4,4,4,4,4,2,2,2,2,2,2,2,2","0.000947952270507812","louvain","edit-xhwikibooks.graphml"
"0.02","0.18","0.8","0.405062040026881","1,1,1,2,3,2,3,2,2,2,3,3,2,2,2,2,2,3,3,3,4,1,2,2,2,2,2,2,1,2,3,3,3,3,3,3,2,2,4,4,4,4,1,1,1,1,4,1,1,1,4,4,4,4,4,1,1,1,1,4,2,4,4,2,2,4,4,4,4,4,1,4,2,2,4,4,4,4,4,4,4,2,2,2,2,1,4,4,4,4,2,3,3,4,4,4,2,4,4,4,4,4,4,4,4,4,4,3,3,4,4,4,4,3,3,3,3,3,3,3,3,2,2,2,2,2,2,2,2","0.000866174697875977","louvain","edit-xhwikibooks.graphml"
"0.01","0.19","0.8","0.405385269613146","1,1,1,2,3,2,3,2,2,2,3,3,2,2,2,2,2,3,4,3,5,1,2,2,2,2,2,2,1,2,3,4,3,3,4,4,2,2,5,5,5,5,1,1,1,1,5,1,1,1,5,5,5,5,5,1,1,1,1,5,2,5,5,2,2,5,5,5,5,5,1,5,2,2,5,5,5,5,5,5,5,2,2,2,2,1,5,5,5,5,2,3,4,5,5,5,2,5,5,5,5,5,5,5,5,5,5,3,3,5,5,5,5,4,4,4,4,4,4,4,4,2,2,2,2,2,2,2,2","0.00094294548034668","louvain","edit-xhwikibooks.graphml"
"0","0.2","0.8","0.407827377081166","1,1,1,1,1,2,3,2,2,2,3,3,2,2,2,2,2,3,4,3,5,1,2,2,2,2,2,2,1,2,3,4,3,3,4,4,2,2,5,5,5,5,1,1,1,1,5,1,1,1,5,5,5,5,5,1,1,1,1,5,2,5,5,2,2,5,5,5,5,5,1,5,2,2,5,5,5,5,5,5,5,2,2,2,2,1,5,5,5,5,2,3,4,5,5,5,2,5,5,5,5,5,5,5,5,5,5,3,3,5,5,5,5,4,4,4,4,4,4,4,4,2,2,2,2,2,2,2,2","0.00125598907470703","louvain","edit-xhwikibooks.graphml"
"0.19","0","0.81","0.40022050550263","1,1,1,2,1,2,3,2,2,2,3,3,2,2,2,2,2,3,4,3,5,1,2,2,2,2,2,2,1,2,3,4,3,3,4,4,2,2,5,5,5,5,1,1,1,1,5,1,1,1,5,5,5,5,5,1,1,1,1,5,2,5,5,2,2,5,5,5,5,5,1,5,2,2,5,5,5,5,5,5,5,2,2,2,2,1,5,5,5,5,2,3,4,5,5,5,2,5,5,5,5,5,5,5,5,5,5,3,3,5,5,5,5,4,4,4,4,4,4,4,4,2,2,2,2,2,2,2,2","0.00103402137756348","louvain","edit-xhwikibooks.graphml"
"0.18","0.01","0.81","0.400362997712023","1,1,1,2,3,2,3,2,2,2,3,3,2,2,2,2,2,3,4,3,5,1,2,2,2,2,2,2,1,2,3,4,3,3,4,4,2,2,5,5,5,5,1,1,1,1,5,1,1,1,5,5,5,5,5,1,1,1,1,5,2,5,5,2,2,5,5,5,5,5,1,5,2,2,5,5,5,5,5,5,5,2,2,2,2,1,5,5,5,5,2,3,4,5,5,5,2,5,5,5,5,5,5,5,5,5,5,3,3,5,5,5,5,4,4,4,4,4,4,4,4,2,2,2,2,2,2,2,2","0.000929117202758789","louvain","edit-xhwikibooks.graphml"
"0.17","0.02","0.81","0.399574763215914","1,1,1,2,1,2,1,2,2,2,1,1,2,2,2,2,2,1,3,1,4,1,2,2,2,2,2,2,1,2,1,3,1,1,3,3,2,2,4,4,4,4,1,1,1,1,4,1,1,1,4,4,4,4,4,1,1,1,1,4,2,4,4,2,2,4,4,4,4,4,1,4,2,2,4,4,4,4,4,4,4,2,2,2,2,1,4,4,4,4,2,1,3,4,4,4,2,4,4,4,4,4,4,4,4,4,4,1,1,4,4,4,4,3,3,3,3,3,3,3,3,2,2,2,2,2,2,2,2","0.000900030136108398","louvain","edit-xhwikibooks.graphml"
"0.16","0.03","0.81","0.40009658576848","1,1,1,2,1,2,3,2,2,2,3,3,2,2,2,2,2,3,4,3,5,1,2,2,2,2,2,2,1,2,3,4,3,3,4,4,2,2,5,5,5,5,1,1,1,1,5,1,1,1,5,5,5,5,5,1,1,1,1,5,2,5,5,2,2,5,5,5,5,5,1,5,2,2,5,5,5,5,5,5,5,2,2,2,2,1,5,5,5,5,2,3,4,5,5,5,2,5,5,5,5,5,5,5,5,5,5,3,3,5,5,5,5,4,4,4,4,4,4,4,4,2,2,2,2,2,2,2,2","0.00093388557434082","louvain","edit-xhwikibooks.graphml"
"0.15","0.04","0.81","0.400503098988901","1,1,1,2,1,2,3,2,2,2,3,3,2,2,2,2,2,3,4,3,5,1,2,2,2,2,2,2,1,2,3,4,3,3,4,4,2,2,5,5,5,5,1,1,1,1,5,1,1,1,5,5,5,5,5,1,1,1,1,5,2,5,5,2,2,5,5,5,5,5,1,5,2,2,5,5,5,5,5,5,5,2,2,2,2,1,5,5,5,5,2,3,4,5,5,5,2,5,5,5,5,5,5,5,5,5,5,3,3,5,5,5,5,4,4,4,4,4,4,4,4,2,2,2,2,2,2,2,2","0.000931978225708008","louvain","edit-xhwikibooks.graphml"
"0.14","0.05","0.81","0.400379214800803","1,1,1,2,1,2,3,2,2,2,3,3,2,2,2,2,2,3,4,3,5,1,2,2,2,2,2,2,1,2,3,4,3,3,4,4,2,2,5,5,5,5,1,1,1,1,5,1,1,1,5,5,5,5,5,1,1,1,1,5,2,5,5,2,2,5,5,5,5,5,1,5,2,2,5,5,5,5,5,5,5,2,2,2,2,1,5,5,5,5,2,3,4,5,5,5,2,5,5,5,5,5,5,5,5,5,5,3,3,5,5,5,5,4,4,4,4,4,4,4,4,2,2,2,2,2,2,2,2","0.000999212265014648","louvain","edit-xhwikibooks.graphml"
"0.13","0.06","0.81","0.398045727763344","1,1,1,2,1,2,3,2,2,2,3,3,2,2,2,2,2,3,4,3,5,1,2,2,2,2,2,2,1,2,3,4,3,3,4,4,2,2,5,5,5,5,1,1,1,1,5,1,1,1,5,5,5,5,5,1,1,1,1,5,2,5,5,2,2,5,5,5,5,5,1,5,2,2,5,5,5,5,5,5,5,2,2,2,2,1,5,5,5,5,2,3,4,5,5,5,2,5,5,5,5,5,5,5,5,5,5,3,3,5,5,5,5,4,4,4,4,4,4,4,4,2,2,2,2,2,2,2,2","0.000919103622436523","louvain","edit-xhwikibooks.graphml"
"0.12","0.07","0.81","0.398474244459198","1,1,1,2,3,2,3,2,2,2,3,3,2,2,2,2,2,3,4,3,5,1,2,2,2,2,2,2,1,2,3,4,3,3,4,4,2,2,5,5,5,5,1,1,1,1,5,1,1,1,5,5,5,5,5,1,1,1,1,5,2,5,5,2,2,5,5,5,5,5,1,5,2,2,5,5,5,5,5,5,5,2,2,2,2,1,5,5,5,5,2,3,4,5,5,5,2,5,5,5,5,5,5,5,5,5,5,3,3,5,5,5,5,4,4,4,4,4,4,4,4,2,2,2,2,2,2,2,2","0.000921010971069336","louvain","edit-xhwikibooks.graphml"
"0.11","0.08","0.81","0.404655321824307","1,1,1,2,3,2,3,2,2,2,3,3,2,2,2,2,2,3,4,3,5,1,2,2,2,2,2,2,1,2,3,4,3,3,4,4,2,2,5,5,5,5,1,1,1,1,5,1,1,1,5,5,5,5,5,1,1,1,1,5,2,5,5,2,2,5,5,5,5,5,1,5,2,2,5,5,5,5,5,5,5,2,2,2,2,1,5,5,5,5,2,3,4,5,5,5,2,5,5,5,5,5,5,5,5,5,5,3,3,5,5,5,5,4,4,4,4,4,4,4,4,2,2,2,2,2,2,2,2","0.000871181488037109","louvain","edit-xhwikibooks.graphml"
"0.1","0.09","0.81","0.404528209463021","1,1,1,2,3,2,3,2,2,2,3,3,2,2,2,2,2,3,4,3,5,1,2,2,2,2,2,2,1,2,3,4,3,3,4,4,2,2,5,5,5,5,1,1,1,1,5,1,1,1,5,5,5,5,5,1,1,1,1,5,2,5,5,2,2,5,5,5,5,5,1,5,2,2,5,5,5,5,5,5,5,2,2,2,2,1,5,5,5,5,2,3,4,5,5,5,2,5,5,5,5,5,5,5,5,5,5,3,3,5,5,5,5,4,4,4,4,4,4,4,4,2,2,2,2,2,2,2,2","0.00106000900268555","louvain","edit-xhwikibooks.graphml"
"0.09","0.1","0.81","0.404528209463021","1,1,1,2,3,2,3,2,2,2,3,3,2,2,2,2,2,3,4,3,5,1,2,2,2,2,2,2,1,2,3,4,3,3,4,4,2,2,5,5,5,5,1,1,1,1,5,1,1,1,5,5,5,5,5,1,1,1,1,5,2,5,5,2,2,5,5,5,5,5,1,5,2,2,5,5,5,5,5,5,5,2,2,2,2,1,5,5,5,5,2,3,4,5,5,5,2,5,5,5,5,5,5,5,5,5,5,3,3,5,5,5,5,4,4,4,4,4,4,4,4,2,2,2,2,2,2,2,2","0.000970840454101562","louvain","edit-xhwikibooks.graphml"
"0.08","0.11","0.81","0.403213904145613","1,1,1,2,3,2,3,2,2,2,3,3,2,2,2,2,2,3,4,3,5,1,2,2,2,2,2,2,1,2,3,4,3,3,4,4,2,2,5,5,5,5,1,1,1,1,5,1,1,1,5,5,5,5,5,1,1,1,1,5,2,5,5,2,2,5,5,5,5,5,1,5,2,2,5,5,5,5,5,5,5,2,2,2,2,1,5,5,5,5,2,3,4,5,5,5,2,5,5,5,5,5,5,5,5,5,5,3,3,5,5,5,5,4,4,4,4,4,4,4,4,2,2,2,2,2,2,2,2","0.000935077667236328","louvain","edit-xhwikibooks.graphml"
"0.07","0.12","0.81","0.403580141702859","1,1,1,2,3,2,3,2,2,2,3,3,2,2,2,2,2,3,3,3,4,1,2,2,2,2,2,2,1,2,3,3,3,3,3,3,2,2,4,4,4,4,1,1,1,1,4,1,1,1,4,4,4,4,4,1,1,1,1,4,2,4,4,2,2,4,4,4,4,4,1,4,2,2,4,4,4,4,4,4,4,2,2,2,2,1,4,4,4,4,2,3,3,4,4,4,2,4,4,4,4,4,4,4,4,4,4,3,3,4,4,4,4,3,3,3,3,3,3,3,3,2,2,2,2,2,2,2,2","0.00102090835571289","louvain","edit-xhwikibooks.graphml"
"0.06","0.13","0.81","0.403454200593296","1,1,1,2,3,2,3,2,2,2,3,3,2,2,2,2,2,3,3,3,4,1,2,2,2,2,2,2,1,2,3,3,3,3,3,3,2,2,4,4,4,4,1,1,1,1,4,1,1,1,4,4,4,4,4,1,1,1,1,4,2,4,4,2,2,4,4,4,4,4,1,4,2,2,4,4,4,4,4,4,4,2,2,2,2,1,4,4,4,4,2,3,3,4,4,4,2,4,4,4,4,4,4,4,4,4,4,3,3,4,4,4,4,3,3,3,3,3,3,3,3,2,2,2,2,2,2,2,2","0.0311820507049561","louvain","edit-xhwikibooks.graphml"
"0.05","0.14","0.81","0.403886870548737","1,1,1,2,3,2,3,2,2,2,3,3,2,2,2,2,2,3,4,3,5,1,2,2,2,2,2,2,1,2,3,4,3,3,4,4,2,2,5,5,5,5,1,1,1,1,5,1,1,1,5,5,5,5,5,1,1,1,1,5,2,5,5,2,2,5,5,5,5,5,1,5,2,2,5,5,5,5,5,5,5,2,2,2,2,1,5,5,5,5,2,3,4,5,5,5,2,5,5,5,5,5,5,5,5,5,5,3,3,5,5,5,5,4,4,4,4,4,4,4,4,2,2,2,2,2,2,2,2","0.00103306770324707","louvain","edit-xhwikibooks.graphml"
"0.04","0.15","0.81","0.404116368610598","1,1,1,2,3,2,3,2,2,2,3,3,2,2,2,2,2,3,3,3,4,1,2,2,2,2,2,2,1,2,3,3,3,3,3,3,2,2,4,4,4,4,1,1,1,1,4,1,1,1,4,4,4,4,4,1,1,1,1,4,2,4,4,2,2,4,4,4,4,4,1,4,2,2,4,4,4,4,4,4,4,2,2,2,2,1,4,4,4,4,2,3,3,4,4,4,2,4,4,4,4,4,4,4,4,4,4,3,3,4,4,4,4,3,3,3,3,3,3,3,3,2,2,2,2,2,2,2,2","0.000986814498901367","louvain","edit-xhwikibooks.graphml"
"0.03","0.16","0.81","0.404526292080937","1,1,1,2,3,2,3,2,2,2,3,3,2,2,2,2,2,3,3,3,4,1,2,2,2,2,2,2,1,2,3,3,3,3,3,3,2,2,4,4,4,4,1,1,1,1,4,1,1,1,4,4,4,4,4,1,1,1,1,4,2,4,4,2,2,4,4,4,4,4,1,4,2,2,4,4,4,4,4,4,4,2,2,2,2,1,4,4,4,4,2,3,3,4,4,4,2,4,4,4,4,4,4,4,4,4,4,3,3,4,4,4,4,3,3,3,3,3,3,3,3,2,2,2,2,2,2,2,2","0.000883102416992188","louvain","edit-xhwikibooks.graphml"
"0.02","0.17","0.81","0.405248105871083","1,1,1,2,3,2,3,2,2,2,3,3,2,2,2,2,2,3,4,3,5,1,2,2,2,2,2,2,1,2,3,4,3,3,4,4,2,2,5,5,5,5,1,1,1,1,5,1,1,1,5,5,5,5,5,1,1,1,1,5,2,5,5,2,2,5,5,5,5,5,1,5,2,2,5,5,5,5,5,5,5,2,2,2,2,1,5,5,5,5,2,3,4,5,5,5,2,5,5,5,5,5,5,5,5,5,5,3,3,5,5,5,5,4,4,4,4,4,4,4,4,2,2,2,2,2,2,2,2","0.00106382369995117","louvain","edit-xhwikibooks.graphml"
"0.01","0.18","0.81","0.404798863907527","1,1,1,2,3,2,3,2,2,2,3,3,2,2,2,2,2,3,3,3,4,1,2,2,2,2,2,2,1,2,3,3,3,3,3,3,2,2,4,4,4,4,1,1,1,1,4,1,1,1,4,4,4,4,4,1,1,1,1,4,2,4,4,2,2,4,4,4,4,4,1,4,2,2,4,4,4,4,4,4,4,2,2,2,2,1,4,4,4,4,2,3,3,4,4,4,2,4,4,4,4,4,4,4,4,4,4,3,3,4,4,4,4,3,3,3,3,3,3,3,3,2,2,2,2,2,2,2,2","0.000864982604980469","louvain","edit-xhwikibooks.graphml"
"0","0.19","0.81","0.406794158466414","1,1,1,1,1,2,3,2,2,2,3,3,2,2,2,2,2,3,4,3,5,1,2,2,2,2,2,2,1,2,3,4,3,3,4,4,2,2,5,5,5,5,1,1,1,1,5,1,1,1,5,5,5,5,5,1,1,1,1,5,2,5,5,2,2,5,5,5,5,5,1,5,2,2,5,5,5,5,5,5,5,2,2,2,2,1,5,5,5,5,2,3,4,5,5,5,2,5,5,5,5,5,5,5,5,5,5,3,3,5,5,5,5,4,4,4,4,4,4,4,4,2,2,2,2,2,2,2,2","0.001007080078125","louvain","edit-xhwikibooks.graphml"
"0.18","0","0.82","0.40023310086109","1,1,1,2,1,2,1,2,2,2,1,1,2,2,2,2,2,1,3,1,4,1,2,2,2,2,2,2,1,2,1,3,1,1,3,3,2,2,4,4,4,4,1,1,1,1,4,1,1,1,4,4,4,4,4,1,1,1,1,4,2,4,4,2,2,4,4,4,4,4,1,4,2,2,4,4,4,4,4,4,4,2,2,2,2,1,4,4,4,4,2,1,3,4,4,4,2,4,4,4,4,4,4,4,4,4,4,1,1,4,4,4,4,3,3,3,3,3,3,3,3,2,2,2,2,2,2,2,2","0.00102996826171875","louvain","edit-xhwikibooks.graphml"
"0.17","0.01","0.82","0.400885859340135","1,1,1,2,1,2,3,2,2,2,3,3,2,2,2,2,2,3,4,3,5,1,2,2,2,2,2,2,1,2,3,4,3,3,4,4,2,2,5,5,5,5,1,1,1,1,5,1,1,1,5,5,5,5,5,1,1,1,1,5,2,5,5,2,2,5,5,5,5,5,1,5,2,2,5,5,5,5,5,5,5,2,2,2,2,1,5,5,5,5,2,3,4,5,5,5,2,5,5,5,5,5,5,5,5,5,5,3,3,5,5,5,5,4,4,4,4,4,4,4,4,2,2,2,2,2,2,2,2","0.00103592872619629","louvain","edit-xhwikibooks.graphml"
"0.16","0.02","0.82","0.400885859340135","1,1,1,2,1,2,3,2,2,2,3,3,2,2,2,2,2,3,4,3,5,1,2,2,2,2,2,2,1,2,3,4,3,3,4,4,2,2,5,5,5,5,1,1,1,1,5,1,1,1,5,5,5,5,5,1,1,1,1,5,2,5,5,2,2,5,5,5,5,5,1,5,2,2,5,5,5,5,5,5,5,2,2,2,2,1,5,5,5,5,2,3,4,5,5,5,2,5,5,5,5,5,5,5,5,5,5,3,3,5,5,5,5,4,4,4,4,4,4,4,4,2,2,2,2,2,2,2,2","0.000917196273803711","louvain","edit-xhwikibooks.graphml"
"0.15","0.03","0.82","0.400379214800803","1,1,1,2,1,2,3,2,2,2,3,3,2,2,2,2,2,3,4,3,5,1,2,2,2,2,2,2,1,2,3,4,3,3,4,4,2,2,5,5,5,5,1,1,1,1,5,1,1,1,5,5,5,5,5,1,1,1,1,5,2,5,5,2,2,5,5,5,5,5,1,5,2,2,5,5,5,5,5,5,5,2,2,2,2,1,5,5,5,5,2,3,4,5,5,5,2,5,5,5,5,5,5,5,5,5,5,3,3,5,5,5,5,4,4,4,4,4,4,4,4,2,2,2,2,2,2,2,2","0.00107502937316895","louvain","edit-xhwikibooks.graphml"
"0.14","0.04","0.82","0.400789511729615","1,1,2,2,3,2,3,2,2,2,3,3,2,2,2,2,2,3,4,3,5,1,2,2,2,2,2,2,1,2,3,4,3,3,4,4,2,2,5,5,5,5,1,1,1,1,5,1,1,1,5,5,5,5,5,1,1,1,1,5,2,5,5,2,2,5,5,5,5,5,1,5,2,2,5,5,5,5,5,5,5,2,2,2,2,1,5,5,5,5,2,3,4,5,5,5,2,5,5,5,5,5,5,5,5,5,5,3,3,5,5,5,5,4,4,4,4,4,4,4,4,2,2,2,2,2,2,2,2","0.000890970230102539","louvain","edit-xhwikibooks.graphml"
"0.13","0.05","0.82","0.400804895924114","1,1,1,2,3,2,3,2,2,2,3,3,2,2,2,2,2,3,4,3,5,1,2,2,2,2,2,2,1,2,3,4,3,3,4,4,2,2,5,5,5,5,1,1,1,1,5,1,1,1,5,5,5,5,5,1,1,1,1,5,2,5,5,2,2,5,5,5,5,5,1,5,2,2,5,5,5,5,5,5,5,2,2,2,2,1,5,5,5,5,2,3,4,5,5,5,2,5,5,5,5,5,5,5,5,5,5,3,3,5,5,5,5,4,4,4,4,4,4,4,4,2,2,2,2,2,2,2,2","0.00106501579284668","louvain","edit-xhwikibooks.graphml"
"0.12","0.06","0.82","0.40121062887091","1,1,1,2,3,2,3,2,2,2,3,3,2,2,2,2,2,3,4,3,5,1,2,2,2,2,2,2,1,2,3,4,3,3,4,4,2,2,5,5,5,5,1,1,1,1,5,1,1,1,5,5,5,5,5,1,1,1,1,5,2,5,5,2,2,5,5,5,5,5,1,5,2,2,5,5,5,5,5,5,5,2,2,2,2,1,5,5,5,5,2,3,4,5,5,5,2,5,5,5,5,5,5,5,5,5,5,3,3,5,5,5,5,4,4,4,4,4,4,4,4,2,2,2,2,2,2,2,2","0.000988960266113281","louvain","edit-xhwikibooks.graphml"
"0.11","0.07","0.82","0.40108670170685","1,1,1,2,3,2,3,2,2,2,3,3,2,2,2,2,2,3,4,3,5,1,2,2,2,2,2,2,1,2,3,4,3,3,4,4,2,2,5,5,5,5,1,1,1,1,5,1,1,1,5,5,5,5,5,1,1,1,1,5,2,5,5,2,2,5,5,5,5,5,1,5,2,2,5,5,5,5,5,5,5,2,2,2,2,1,5,5,5,5,2,3,4,5,5,5,2,5,5,5,5,5,5,5,5,5,5,3,3,5,5,5,5,4,4,4,4,4,4,4,4,2,2,2,2,2,2,2,2","0.000973939895629883","louvain","edit-xhwikibooks.graphml"
"0.1","0.08","0.82","0.401109483718896","1,1,1,2,3,2,3,2,2,2,3,3,2,2,2,2,2,3,3,3,4,1,2,2,2,2,2,2,1,2,3,3,3,3,3,3,2,2,4,4,4,4,1,1,1,1,4,1,1,1,4,4,4,4,4,1,1,1,1,4,2,4,4,2,2,4,4,4,4,4,1,4,2,2,4,4,4,4,4,4,4,2,2,2,2,1,4,4,4,4,2,3,3,4,4,4,2,4,4,4,4,4,4,4,4,4,4,3,3,4,4,4,4,3,3,3,3,3,3,3,3,2,2,2,2,2,2,2,2","0.00106000900268555","louvain","edit-xhwikibooks.graphml"
"0.09","0.09","0.82","0.401367737673974","1,1,1,2,3,2,3,2,2,2,3,3,2,2,2,2,2,3,4,3,5,1,2,2,2,2,2,2,1,2,3,4,3,3,4,4,2,2,5,5,5,5,1,1,1,1,5,1,1,1,5,5,5,5,5,1,1,1,1,5,2,5,5,2,2,5,5,5,5,5,1,5,2,2,5,5,5,5,5,5,5,2,2,2,2,1,5,5,5,5,2,3,4,5,5,5,2,5,5,5,5,5,5,5,5,5,5,3,3,5,5,5,5,4,4,4,4,4,4,4,4,2,2,2,2,2,2,2,2","0.000975847244262695","louvain","edit-xhwikibooks.graphml"
"0.08","0.1","0.82","0.400986526871497","1,1,1,2,3,2,3,2,2,2,3,3,2,2,2,2,2,3,3,3,4,1,2,2,2,2,2,2,1,2,3,3,3,3,3,3,2,2,4,4,4,4,1,1,1,1,4,1,1,1,4,4,4,4,4,1,1,1,1,4,2,4,4,2,2,4,4,4,4,4,1,4,2,2,4,4,4,4,4,4,4,2,2,2,2,1,4,4,4,4,2,3,3,4,4,4,2,4,4,4,4,4,4,4,4,4,4,3,3,4,4,4,4,3,3,3,3,3,3,3,3,2,2,2,2,2,2,2,2","0.000922918319702148","louvain","edit-xhwikibooks.graphml"
"0.07","0.11","0.82","0.398533673445635","1,1,1,2,3,2,3,2,2,2,3,3,2,2,2,2,2,3,3,3,4,1,2,2,2,2,2,2,1,2,3,3,3,3,3,3,2,2,4,4,4,4,1,1,1,1,4,1,1,1,4,4,4,4,4,1,1,1,1,4,2,4,4,2,2,4,4,4,4,4,1,4,2,2,4,4,4,4,4,4,4,2,2,2,2,1,4,4,4,4,2,3,3,4,4,4,2,4,4,4,4,4,4,4,4,4,4,3,3,4,4,4,4,3,3,3,3,3,3,3,3,2,2,2,2,2,2,2,2","0.00086212158203125","louvain","edit-xhwikibooks.graphml"
"0.06","0.12","0.82","0.399712500345837","1,1,1,2,3,2,3,2,2,2,3,3,2,2,2,2,2,3,4,3,5,1,2,2,2,2,2,2,1,2,3,4,3,3,4,4,2,2,5,5,5,5,1,1,1,1,5,1,1,1,5,5,5,5,5,1,1,1,1,5,2,5,5,2,2,5,5,5,5,5,1,5,2,2,5,5,5,5,5,5,5,2,2,2,2,1,5,5,5,5,2,3,4,5,5,5,2,5,5,5,5,5,5,5,5,5,5,3,3,5,5,5,5,4,4,4,4,4,4,4,4,2,2,2,2,2,2,2,2","0.000895977020263672","louvain","edit-xhwikibooks.graphml"
"0.05","0.13","0.82","0.399181926334636","1,1,1,2,3,2,3,2,2,2,3,3,2,2,2,2,2,3,4,3,5,1,2,2,2,2,2,2,1,2,3,4,3,3,4,4,2,2,5,5,5,5,1,1,1,1,5,1,1,1,5,5,5,5,5,1,1,1,1,5,2,5,5,2,2,5,5,5,5,5,1,5,2,2,5,5,5,5,5,5,5,2,2,2,2,1,5,5,5,5,2,3,4,5,5,5,2,5,5,5,5,5,5,5,5,5,5,3,3,5,5,5,5,4,4,4,4,4,4,4,4,2,2,2,2,2,2,2,2","0.00100994110107422","louvain","edit-xhwikibooks.graphml"
"0.04","0.14","0.82","0.399181926334636","1,1,1,2,3,2,3,2,2,2,3,3,2,2,2,2,2,3,4,3,5,1,2,2,2,2,2,2,1,2,3,4,3,3,4,4,2,2,5,5,5,5,1,1,1,1,5,1,1,1,5,5,5,5,5,1,1,1,1,5,2,5,5,2,2,5,5,5,5,5,1,5,2,2,5,5,5,5,5,5,5,2,2,2,2,1,5,5,5,5,2,3,4,5,5,5,2,5,5,5,5,5,5,5,5,5,5,3,3,5,5,5,5,4,4,4,4,4,4,4,4,2,2,2,2,2,2,2,2","0.000977993011474609","louvain","edit-xhwikibooks.graphml"
"0.03","0.15","0.82","0.399049559612411","1,1,1,2,1,2,1,2,2,2,1,1,2,2,2,2,2,1,3,1,4,1,2,2,2,2,2,2,1,2,1,3,1,1,3,3,2,2,4,4,4,4,1,1,1,1,4,1,1,1,4,4,4,4,4,1,1,1,1,4,2,4,4,2,2,4,4,4,4,4,1,4,2,2,4,4,4,4,4,4,4,2,2,2,2,1,4,4,4,4,2,1,3,4,4,4,2,4,4,4,4,4,4,4,4,4,4,1,1,4,4,4,4,3,3,3,3,3,3,3,3,2,2,2,2,2,2,2,2","0.000901937484741211","louvain","edit-xhwikibooks.graphml"
"0.02","0.16","0.82","0.400255635573768","1,1,1,2,3,2,3,2,2,2,3,3,2,2,2,2,2,3,4,3,5,1,2,2,2,2,2,2,1,2,3,4,3,3,4,4,2,2,5,5,5,5,1,1,1,1,5,1,1,1,5,5,5,5,5,1,1,1,1,5,2,5,5,2,2,5,5,5,5,5,1,5,2,2,5,5,5,5,5,5,5,2,2,2,2,1,5,5,5,5,2,3,4,5,5,5,2,5,5,5,5,5,5,5,5,5,5,3,3,5,5,5,5,4,4,4,4,4,4,4,4,2,2,2,2,2,2,2,2","0.000885963439941406","louvain","edit-xhwikibooks.graphml"
"0.01","0.17","0.82","0.400537507940047","1,1,1,2,3,2,3,2,2,2,3,3,2,2,2,2,2,3,4,3,5,1,2,2,2,2,2,2,1,2,3,4,3,3,4,4,2,2,5,5,5,5,1,1,1,1,5,1,1,1,5,5,5,5,5,1,1,1,1,5,2,5,5,2,2,5,5,5,5,5,1,5,2,2,5,5,5,5,5,5,5,2,2,2,2,1,5,5,5,5,2,3,4,5,5,5,2,5,5,5,5,5,5,5,5,5,5,3,3,5,5,5,5,4,4,4,4,4,4,4,4,2,2,2,2,2,2,2,2","0.000973939895629883","louvain","edit-xhwikibooks.graphml"
"0","0.18","0.82","0.401459742654422","1,1,1,1,1,2,1,2,2,2,1,1,2,2,2,2,2,1,3,1,4,1,2,2,2,2,2,2,1,2,1,3,1,1,3,3,2,2,4,4,4,4,1,1,1,1,4,1,1,1,4,4,4,4,4,1,1,1,1,4,2,4,4,2,2,4,4,4,4,4,1,4,2,2,4,4,4,4,4,4,4,2,2,2,2,1,4,4,4,4,2,1,3,4,4,4,2,4,4,4,4,4,4,4,4,4,4,1,1,4,4,4,4,3,3,3,3,3,3,3,3,2,2,2,2,2,2,2,2","0.000912904739379883","louvain","edit-xhwikibooks.graphml"
"0.17","0","0.83","0.395009163193724","1,1,1,2,1,2,3,2,2,2,3,3,2,2,2,2,2,3,4,3,5,1,2,2,2,2,2,2,1,2,3,4,3,3,4,4,2,2,5,5,5,5,1,1,1,1,5,1,1,1,5,5,5,5,5,1,1,1,1,5,2,5,5,2,2,5,5,5,5,5,1,5,2,2,5,5,5,5,5,5,5,2,2,2,2,1,5,5,5,5,2,3,4,5,5,5,2,5,5,5,5,5,5,5,5,5,5,3,3,5,5,5,5,4,4,4,4,4,4,4,4,2,2,2,2,2,2,2,2","0.000896930694580078","louvain","edit-xhwikibooks.graphml"
"0.16","0.01","0.83","0.395009163193724","1,1,1,2,1,2,3,2,2,2,3,3,2,2,2,2,2,3,4,3,5,1,2,2,2,2,2,2,1,2,3,4,3,3,4,4,2,2,5,5,5,5,1,1,1,1,5,1,1,1,5,5,5,5,5,1,1,1,1,5,2,5,5,2,2,5,5,5,5,5,1,5,2,2,5,5,5,5,5,5,5,2,2,2,2,1,5,5,5,5,2,3,4,5,5,5,2,5,5,5,5,5,5,5,5,5,5,3,3,5,5,5,5,4,4,4,4,4,4,4,4,2,2,2,2,2,2,2,2","0.000910043716430664","louvain","edit-xhwikibooks.graphml"
"0.15","0.02","0.83","0.400414779081922","1,1,1,2,1,2,3,2,2,2,3,3,2,2,2,2,2,3,3,3,4,1,2,2,2,2,2,2,1,2,3,3,3,3,3,3,2,2,4,4,4,4,1,1,1,1,4,1,1,1,4,4,4,4,4,1,1,1,1,4,2,4,4,2,2,4,4,4,4,4,1,4,2,2,4,4,4,4,4,4,4,2,2,2,2,1,4,4,4,4,2,3,3,4,4,4,2,4,4,4,4,4,4,4,4,4,4,3,3,4,4,4,4,3,3,3,3,3,3,3,3,2,2,2,2,2,2,2,2","0.00112199783325195","louvain","edit-xhwikibooks.graphml"
"0.14","0.03","0.83","0.400504984339093","1,1,1,2,1,2,3,2,2,2,3,3,2,2,2,2,2,3,4,3,5,1,2,2,2,2,2,2,1,2,3,4,3,3,4,4,2,2,5,5,5,5,1,1,1,1,5,1,1,1,5,5,5,5,5,1,1,1,1,5,2,5,5,2,2,5,5,5,5,5,1,5,2,2,5,5,5,5,5,5,5,2,2,2,2,1,5,5,5,5,2,3,4,5,5,5,2,5,5,5,5,5,5,5,5,5,5,3,3,5,5,5,5,4,4,4,4,4,4,4,4,2,2,2,2,2,2,2,2","0.00106501579284668","louvain","edit-xhwikibooks.graphml"
"0.13","0.04","0.83","0.400910007153896","1,1,1,2,1,2,3,2,2,2,3,3,2,2,2,2,2,3,4,3,5,1,2,2,2,2,2,2,1,2,3,4,3,3,4,4,2,2,5,5,5,5,1,1,1,1,5,1,1,1,5,5,5,5,5,1,1,1,1,5,2,5,5,2,2,5,5,5,5,5,1,5,2,2,5,5,5,5,5,5,5,2,2,2,2,1,5,5,5,5,2,3,4,5,5,5,2,5,5,5,5,5,5,5,5,5,5,3,3,5,5,5,5,4,4,4,4,4,4,4,4,2,2,2,2,2,2,2,2","0.000927925109863281","louvain","edit-xhwikibooks.graphml"
"0.12","0.05","0.83","0.400786318910325","1,1,1,2,1,2,3,2,2,2,3,3,2,2,2,2,2,3,4,3,5,1,2,2,2,2,2,2,1,2,3,4,3,3,4,4,2,2,5,5,5,5,1,1,1,1,5,1,1,1,5,5,5,5,5,1,1,1,1,5,2,5,5,2,2,5,5,5,5,5,1,5,2,2,5,5,5,5,5,5,5,2,2,2,2,1,5,5,5,5,2,3,4,5,5,5,2,5,5,5,5,5,5,5,5,5,5,3,3,5,5,5,5,4,4,4,4,4,4,4,4,2,2,2,2,2,2,2,2","0.000975131988525391","louvain","edit-xhwikibooks.graphml"
"0.11","0.06","0.83","0.401170254427225","1,1,2,2,3,2,3,2,2,2,3,3,2,2,2,2,2,3,4,3,5,1,2,2,2,2,2,2,1,2,3,4,3,3,4,4,2,2,5,5,5,5,1,1,1,1,5,1,1,1,5,5,5,5,5,1,1,1,1,5,2,5,5,2,2,5,5,5,5,5,1,5,2,2,5,5,5,5,5,5,5,2,2,2,2,1,5,5,5,5,2,3,4,5,5,5,2,5,5,5,5,5,5,5,5,5,5,3,3,5,5,5,5,4,4,4,4,4,4,4,4,2,2,2,2,2,2,2,2","0.000945091247558594","louvain","edit-xhwikibooks.graphml"
"0.1","0.07","0.83","0.401211673094309","1,1,1,2,3,2,3,2,2,2,3,3,2,2,2,2,2,3,4,3,5,1,2,2,2,2,2,2,1,2,3,4,3,3,4,4,2,2,5,5,5,5,1,1,1,1,5,1,1,1,5,5,5,5,5,1,1,1,1,5,2,5,5,2,2,5,5,5,5,5,1,5,2,2,5,5,5,5,5,5,5,2,2,2,2,1,5,5,5,5,2,3,4,5,5,5,2,5,5,5,5,5,5,5,5,5,5,3,3,5,5,5,5,4,4,4,4,4,4,4,4,2,2,2,2,2,2,2,2","0.000977039337158203","louvain","edit-xhwikibooks.graphml"
"0.09","0.08","0.83","0.401615920670234","1,1,1,2,3,2,3,2,2,2,3,3,2,2,2,2,2,3,4,3,5,1,2,2,2,2,2,2,1,2,3,4,3,3,4,4,2,2,5,5,5,5,1,1,1,1,5,1,1,1,5,5,5,5,5,1,1,1,1,5,2,5,5,2,2,5,5,5,5,5,1,5,2,2,5,5,5,5,5,5,5,2,2,2,2,1,5,5,5,5,2,3,4,5,5,5,2,5,5,5,5,5,5,5,5,5,5,3,3,5,5,5,5,4,4,4,4,4,4,4,4,2,2,2,2,2,2,2,2","0.00091099739074707","louvain","edit-xhwikibooks.graphml"
"0.08","0.09","0.83","0.400667123330814","1,1,1,2,1,2,1,2,2,2,1,1,2,2,2,2,2,1,3,1,4,1,2,2,2,2,2,2,1,2,1,3,1,1,3,3,2,2,4,4,4,4,1,1,1,1,4,1,1,1,4,4,4,4,4,1,1,1,1,4,2,4,4,2,2,4,4,4,4,4,1,4,2,2,4,4,4,4,4,4,4,2,2,2,2,1,4,4,4,4,2,1,3,4,4,4,2,4,4,4,4,4,4,4,4,4,4,1,1,4,4,4,4,3,3,3,3,3,3,3,3,2,2,2,2,2,2,2,2","0.00115203857421875","louvain","edit-xhwikibooks.graphml"
"0.07","0.1","0.83","0.401112843285462","1,1,1,2,3,2,3,2,2,2,3,3,2,2,2,2,2,3,3,3,4,1,2,2,2,2,2,2,1,2,3,3,3,3,3,3,2,2,4,4,4,4,1,1,1,1,4,1,1,1,4,4,4,4,4,1,1,1,1,4,2,4,4,2,2,4,4,4,4,4,1,4,2,2,4,4,4,4,4,4,4,2,2,2,2,1,4,4,4,4,2,3,3,4,4,4,2,4,4,4,4,4,4,4,4,4,4,3,3,4,4,4,4,3,3,3,3,3,3,3,3,2,2,2,2,2,2,2,2","0.000953912734985352","louvain","edit-xhwikibooks.graphml"
"0.06","0.11","0.83","0.401368528163506","1,1,1,2,3,2,3,2,2,2,3,3,2,2,2,2,2,3,4,3,5,1,2,2,2,2,2,2,1,2,3,4,3,3,4,4,2,2,5,5,5,5,1,1,1,1,5,1,1,1,5,5,5,5,5,1,1,1,1,5,2,5,5,2,2,5,5,5,5,5,1,5,2,2,5,5,5,5,5,5,5,2,2,2,2,1,5,5,5,5,2,3,4,5,5,5,2,5,5,5,5,5,5,5,5,5,5,3,3,5,5,5,5,4,4,4,4,4,4,4,4,2,2,2,2,2,2,2,2","0.000950098037719727","louvain","edit-xhwikibooks.graphml"
"0.05","0.12","0.83","0.402153379554158","1,1,1,2,3,2,3,2,2,2,3,3,2,2,2,2,2,3,4,3,5,1,2,2,2,2,2,2,1,2,3,4,3,3,4,4,2,2,5,5,5,5,1,1,1,1,5,1,1,1,5,5,5,5,5,1,1,1,1,5,2,5,5,2,2,5,5,5,5,5,1,5,2,2,5,5,5,5,5,5,5,2,2,2,2,1,5,5,5,5,2,3,4,5,5,5,2,5,5,5,5,5,5,5,5,5,5,3,3,5,5,5,5,4,4,4,4,4,4,4,4,2,2,2,2,2,2,2,2","0.000787973403930664","louvain","edit-xhwikibooks.graphml"
"0.04","0.13","0.83","0.40164327370084","1,1,1,2,3,2,3,2,2,2,3,3,2,2,2,2,2,3,3,3,4,1,2,2,2,2,2,2,1,2,3,3,3,3,3,3,2,2,4,4,4,4,1,1,1,1,4,1,1,1,4,4,4,4,4,1,1,1,1,4,2,4,4,2,2,4,4,4,4,4,1,4,2,2,4,4,4,4,4,4,4,2,2,2,2,1,4,4,4,4,2,3,3,4,4,4,2,4,4,4,4,4,4,4,4,4,4,3,3,4,4,4,4,3,3,3,3,3,3,3,3,2,2,2,2,2,2,2,2","0.000975131988525391","louvain","edit-xhwikibooks.graphml"
"0.03","0.14","0.83","0.401487370491911","1,1,2,2,3,2,3,2,2,2,3,3,2,2,2,2,2,3,4,3,5,1,2,2,2,2,2,2,1,2,3,4,3,3,4,4,2,2,5,5,5,5,1,1,1,1,5,1,1,1,5,5,5,5,5,1,1,1,1,5,2,5,5,2,2,5,5,5,5,5,1,5,2,2,5,5,5,5,5,5,5,2,2,2,2,1,5,5,5,5,2,3,4,5,5,5,2,5,5,5,5,5,5,5,5,5,5,3,3,5,5,5,5,4,4,4,4,4,4,4,4,2,2,2,2,2,2,2,2","0.000893115997314453","louvain","edit-xhwikibooks.graphml"
"0.02","0.15","0.83","0.402309723922669","1,1,1,2,3,2,3,2,2,2,3,3,2,2,2,2,2,3,4,3,5,1,2,2,2,2,2,2,1,2,3,4,3,3,4,4,2,2,5,5,5,5,1,1,1,1,5,1,1,1,5,5,5,5,5,1,1,1,1,5,2,5,5,2,2,5,5,5,5,5,1,5,2,2,5,5,5,5,5,5,5,2,2,2,2,1,5,5,5,5,2,3,4,5,5,5,2,5,5,5,5,5,5,5,5,5,5,3,3,5,5,5,5,4,4,4,4,4,4,4,4,2,2,2,2,2,2,2,2","0.000985145568847656","louvain","edit-xhwikibooks.graphml"
"0.01","0.16","0.83","0.40040462967086","1,1,1,2,3,2,3,2,2,2,3,3,2,2,2,2,2,3,4,3,5,1,2,2,2,2,2,2,1,2,3,4,3,3,4,4,2,2,5,5,5,5,1,1,1,1,5,1,1,1,5,5,5,5,5,1,1,1,1,5,2,5,5,2,2,5,5,5,5,5,1,5,2,2,5,5,5,5,5,5,5,2,2,2,2,1,5,5,5,5,2,3,4,5,5,5,2,5,5,5,5,5,5,5,5,5,5,3,3,5,5,5,5,4,4,4,4,4,4,4,4,2,2,2,2,2,2,2,2","0.000814199447631836","louvain","edit-xhwikibooks.graphml"
"0","0.17","0.83","0.402354903216735","1,1,1,1,1,2,3,2,2,2,3,3,2,2,2,2,2,3,4,3,5,1,2,2,2,2,2,2,1,2,3,4,3,3,4,4,2,2,5,5,5,5,1,1,1,1,5,1,1,1,5,5,5,5,5,1,1,1,1,5,2,5,5,2,2,5,5,5,5,5,1,5,2,2,5,5,5,5,5,5,5,2,2,2,2,1,5,5,5,5,2,3,4,5,5,5,2,5,5,5,5,5,5,5,5,5,5,3,3,5,5,5,5,4,4,4,4,4,4,4,4,2,2,2,2,2,2,2,2","0.000876903533935547","louvain","edit-xhwikibooks.graphml"
"0.16","0","0.84","0.404887570079591","1,1,1,2,3,2,3,2,2,2,3,3,2,2,2,2,2,3,4,3,5,1,2,2,2,2,2,2,1,2,3,4,3,3,4,4,2,2,5,5,5,5,1,1,1,1,5,1,1,1,5,5,5,5,5,1,1,1,1,5,2,5,5,2,2,5,5,5,5,5,1,5,2,2,5,5,5,5,5,5,5,2,2,2,2,1,5,5,5,5,2,3,4,5,5,5,2,5,5,5,5,5,5,5,5,5,5,3,3,5,5,5,5,4,4,4,4,4,4,4,4,2,2,2,2,2,2,2,2","0.000977993011474609","louvain","edit-xhwikibooks.graphml"
"0.15","0.01","0.84","0.398802612270415","1,1,1,2,3,2,3,2,2,2,3,3,2,2,2,2,2,3,2,3,4,1,2,2,2,2,2,2,1,2,3,2,3,3,2,2,5,2,4,4,4,4,1,1,1,1,4,1,1,1,4,4,4,4,4,1,1,1,1,4,2,4,4,2,2,4,4,4,4,4,1,4,2,2,4,4,4,4,4,4,4,2,2,2,2,1,4,4,4,4,2,3,2,4,4,4,2,4,4,4,4,4,4,4,4,4,4,3,3,4,4,4,4,2,2,2,2,2,2,2,2,5,5,5,5,5,5,5,5","0.000932931900024414","louvain","edit-xhwikibooks.graphml"
"0.14","0.02","0.84","0.404887570079591","1,1,1,2,3,2,3,2,2,2,3,3,2,2,2,2,2,3,4,3,5,1,2,2,2,2,2,2,1,2,3,4,3,3,4,4,2,2,5,5,5,5,1,1,1,1,5,1,1,1,5,5,5,5,5,1,1,1,1,5,2,5,5,2,2,5,5,5,5,5,1,5,2,2,5,5,5,5,5,5,5,2,2,2,2,1,5,5,5,5,2,3,4,5,5,5,2,5,5,5,5,5,5,5,5,5,5,3,3,5,5,5,5,4,4,4,4,4,4,4,4,2,2,2,2,2,2,2,2","0.000892162322998047","louvain","edit-xhwikibooks.graphml"
"0.13","0.03","0.84","0.404344358339166","1,1,1,2,3,2,3,2,2,2,3,3,2,2,2,2,2,3,3,3,4,1,2,2,2,2,2,2,1,2,3,3,3,3,3,3,2,2,4,4,4,4,1,1,1,1,4,1,1,1,4,4,4,4,4,1,1,1,1,4,2,4,4,2,2,4,4,4,4,4,1,4,2,2,4,4,4,4,4,4,4,2,2,2,2,1,4,4,4,4,2,3,3,4,4,4,2,4,4,4,4,4,4,4,4,4,4,3,3,4,4,4,4,3,3,3,3,3,3,3,3,2,2,2,2,2,2,2,2","0.000998973846435547","louvain","edit-xhwikibooks.graphml"
"0.12","0.04","0.84","0.405037967775541","1,1,2,2,3,2,3,2,2,2,3,3,2,2,2,2,2,3,4,3,5,1,2,2,2,2,2,2,1,2,3,4,3,3,4,4,2,2,5,5,5,5,1,1,1,1,5,1,1,1,5,5,5,5,5,1,1,1,1,5,2,5,5,2,2,5,5,5,5,5,1,5,2,2,5,5,5,5,5,5,5,2,2,2,2,1,5,5,5,5,2,3,4,5,5,5,2,5,5,5,5,5,5,5,5,5,5,3,3,5,5,5,5,4,4,4,4,4,4,4,4,2,2,2,2,2,2,2,2","0.000822782516479492","louvain","edit-xhwikibooks.graphml"
"0.11","0.05","0.84","0.403812123565704","1,1,2,2,3,2,3,2,2,2,3,3,2,2,2,2,2,3,4,3,5,1,2,2,2,2,2,2,1,2,3,4,3,3,4,4,2,2,5,5,5,5,1,1,1,1,5,1,1,1,5,5,5,5,5,1,1,1,1,5,2,5,5,2,2,5,5,5,5,5,1,5,2,2,5,5,5,5,5,5,5,2,2,2,2,1,5,5,5,5,2,3,4,5,5,5,2,5,5,5,5,5,5,5,5,5,5,3,3,5,5,5,5,4,4,4,4,4,4,4,4,2,2,2,2,2,2,2,2","0.000974893569946289","louvain","edit-xhwikibooks.graphml"
"0.1","0.06","0.84","0.403438605596153","1,1,1,2,1,2,1,2,2,2,1,1,2,2,2,2,2,1,3,1,4,1,2,2,2,2,2,2,1,2,1,3,1,1,3,3,2,2,4,4,4,4,1,1,1,1,4,1,1,1,4,4,4,4,4,1,1,1,1,4,2,4,4,2,2,4,4,4,4,4,1,4,2,2,4,4,4,4,4,4,4,2,2,2,2,1,4,4,4,4,2,1,3,4,4,4,2,4,4,4,4,4,4,4,4,4,4,1,1,4,4,4,4,3,3,3,3,3,3,3,3,2,2,2,2,2,2,2,2","0.00108695030212402","louvain","edit-xhwikibooks.graphml"
"0.09","0.07","0.84","0.404193037632399","1,1,1,2,3,2,3,2,2,2,3,3,2,2,2,2,2,3,4,3,5,1,2,2,2,2,2,2,1,2,3,4,3,3,4,4,2,2,5,5,5,5,1,1,1,1,5,1,1,1,5,5,5,5,5,1,1,1,1,5,2,5,5,2,2,5,5,5,5,5,1,5,2,2,5,5,5,5,5,5,5,2,2,2,2,1,5,5,5,5,2,3,4,5,5,5,2,5,5,5,5,5,5,5,5,5,5,3,3,5,5,5,5,4,4,4,4,4,4,4,4,2,2,2,2,2,2,2,2","0.000864982604980469","louvain","edit-xhwikibooks.graphml"
"0.08","0.08","0.84","0.404581625199386","1,1,1,2,3,2,3,2,2,2,3,3,2,2,2,2,2,3,4,3,5,1,2,2,2,2,2,2,1,2,3,4,3,3,4,4,2,2,5,5,5,5,1,1,1,1,5,1,1,1,5,5,5,5,5,1,1,1,1,5,2,5,5,2,2,5,5,5,5,5,1,5,2,2,5,5,5,5,5,5,5,2,2,2,2,1,5,5,5,5,2,3,4,5,5,5,2,5,5,5,5,5,5,5,5,5,5,3,3,5,5,5,5,4,4,4,4,4,4,4,4,2,2,2,2,2,2,2,2","0.000909090042114258","louvain","edit-xhwikibooks.graphml"
"0.07","0.09","0.84","0.397363096778563","1,1,1,2,3,2,3,2,2,2,3,3,2,2,2,2,2,3,4,3,5,1,2,2,2,2,2,2,1,2,3,4,3,3,4,4,2,2,5,5,5,5,1,1,1,1,5,1,1,1,5,5,5,5,5,1,1,1,1,5,2,5,5,2,2,5,5,5,5,5,1,5,2,2,5,5,5,5,5,5,5,2,2,2,2,1,5,5,5,5,2,3,4,5,5,5,2,5,5,5,5,5,5,5,5,5,5,3,3,5,5,5,5,4,4,4,4,4,4,4,4,2,2,2,2,2,2,2,2","0.00107312202453613","louvain","edit-xhwikibooks.graphml"
"0.06","0.1","0.84","0.397207847884503","1,1,2,2,3,2,3,2,2,2,3,3,2,2,2,2,2,3,4,3,5,1,2,2,2,2,2,2,1,2,3,4,3,3,4,4,2,2,5,5,5,5,1,1,1,1,5,1,1,1,5,5,5,5,5,1,1,1,1,5,2,5,5,2,2,5,5,5,5,5,1,5,2,2,5,5,5,5,5,5,5,2,2,2,2,1,5,5,5,5,2,3,4,5,5,5,2,5,5,5,5,5,5,5,5,5,5,3,3,5,5,5,5,4,4,4,4,4,4,4,4,2,2,2,2,2,2,2,2","0.000926017761230469","louvain","edit-xhwikibooks.graphml"
"0.05","0.11","0.84","0.396719181176646","1,1,2,2,3,2,3,2,2,2,3,3,2,2,2,2,2,3,3,3,4,1,2,2,2,2,2,2,1,2,3,3,3,3,3,3,2,2,4,4,4,4,1,1,1,1,4,1,1,1,4,4,4,4,4,1,1,1,1,4,2,4,4,2,2,4,4,4,4,4,1,4,2,2,4,4,4,4,4,4,4,2,2,2,2,1,4,4,4,4,2,3,3,4,4,4,2,4,4,4,4,4,4,4,4,4,4,3,3,4,4,4,4,3,3,3,3,3,3,3,3,2,2,2,2,2,2,2,2","0.00106000900268555","louvain","edit-xhwikibooks.graphml"
"0.04","0.12","0.84","0.397862946554812","1,1,2,2,3,2,3,2,2,2,3,3,2,2,2,2,2,3,4,3,5,1,2,2,2,2,2,2,1,2,3,4,3,3,4,4,2,2,5,5,5,5,1,1,1,1,5,1,1,1,5,5,5,5,5,1,1,1,1,5,2,5,5,2,2,5,5,5,5,5,1,5,2,2,5,5,5,5,5,5,5,2,2,2,2,1,5,5,5,5,2,3,4,5,5,5,2,5,5,5,5,5,5,5,5,5,5,3,3,5,5,5,5,4,4,4,4,4,4,4,4,2,2,2,2,2,2,2,2","0.00113201141357422","louvain","edit-xhwikibooks.graphml"
"0.03","0.13","0.84","0.397899356458084","1,1,1,2,3,2,3,2,2,2,3,3,2,2,2,2,2,3,4,3,5,1,2,2,2,2,2,2,1,2,3,4,3,3,4,4,2,2,5,5,5,5,1,1,1,1,5,1,1,1,5,5,5,5,5,1,1,1,1,5,2,5,5,2,2,5,5,5,5,5,1,5,2,2,5,5,5,5,5,5,5,2,2,2,2,1,5,5,5,5,2,3,4,5,5,5,2,5,5,5,5,5,5,5,5,5,5,3,3,5,5,5,5,4,4,4,4,4,4,4,4,2,2,2,2,2,2,2,2","0.0010828971862793","louvain","edit-xhwikibooks.graphml"
"0.02","0.14","0.84","0.397742630251533","1,1,2,2,3,2,3,2,2,2,3,3,2,2,2,2,2,3,4,3,5,1,2,2,2,2,2,2,1,2,3,4,3,3,4,4,2,2,5,5,5,5,1,1,1,1,5,1,1,1,5,5,5,5,5,1,1,1,1,5,2,5,5,2,2,5,5,5,5,5,1,5,2,2,5,5,5,5,5,5,5,2,2,2,2,1,5,5,5,5,2,3,4,5,5,5,2,5,5,5,5,5,5,5,5,5,5,3,3,5,5,5,5,4,4,4,4,4,4,4,4,2,2,2,2,2,2,2,2","0.0009918212890625","louvain","edit-xhwikibooks.graphml"
"0.01","0.15","0.84","0.398395427259364","1,1,2,2,3,2,3,2,2,2,3,3,2,2,2,2,2,3,4,3,5,1,2,2,2,2,2,2,1,2,3,4,3,3,4,4,2,2,5,5,5,5,1,1,1,1,5,1,1,1,5,5,5,5,5,1,1,1,1,5,2,5,5,2,2,5,5,5,5,5,1,5,2,2,5,5,5,5,5,5,5,2,2,2,2,1,5,5,5,5,2,3,4,5,5,5,2,5,5,5,5,5,5,5,5,5,5,3,3,5,5,5,5,4,4,4,4,4,4,4,4,2,2,2,2,2,2,2,2","0.000927925109863281","louvain","edit-xhwikibooks.graphml"
"0","0.16","0.84","0.399923706427233","1,1,1,2,1,2,3,2,2,2,3,3,2,2,2,2,2,3,3,3,4,1,2,2,2,2,2,2,1,2,3,3,3,3,3,3,2,2,4,4,4,4,1,1,1,1,4,1,1,1,4,4,4,4,4,1,1,1,1,4,2,4,4,2,2,4,4,4,4,4,1,4,2,2,4,4,4,4,4,4,4,2,2,2,2,1,4,4,4,4,2,3,3,4,4,4,2,4,4,4,4,4,4,4,4,4,4,3,3,4,4,4,4,3,3,3,3,3,3,3,3,2,2,2,2,2,2,2,2","0.000906944274902344","louvain","edit-xhwikibooks.graphml"
"0.15","0","0.85","0.404635127887838","1,1,1,2,3,2,3,2,2,2,3,3,2,2,2,2,2,3,4,3,5,1,2,2,2,2,2,2,1,2,3,4,3,3,4,4,2,2,5,5,5,5,1,1,1,1,5,1,1,1,5,5,5,5,5,1,1,1,1,5,2,5,5,2,2,5,5,5,5,5,1,5,2,2,5,5,5,5,5,5,5,2,2,2,2,1,5,5,5,5,2,3,4,5,5,5,2,5,5,5,5,5,5,5,5,5,5,3,3,5,5,5,5,4,4,4,4,4,4,4,4,2,2,2,2,2,2,2,2","0.000928163528442383","louvain","edit-xhwikibooks.graphml"
"0.14","0.01","0.85","0.404635127887838","1,1,1,2,3,2,3,2,2,2,3,3,2,2,2,2,2,3,4,3,5,1,2,2,2,2,2,2,1,2,3,4,3,3,4,4,2,2,5,5,5,5,1,1,1,1,5,1,1,1,5,5,5,5,5,1,1,1,1,5,2,5,5,2,2,5,5,5,5,5,1,5,2,2,5,5,5,5,5,5,5,2,2,2,2,1,5,5,5,5,2,3,4,5,5,5,2,5,5,5,5,5,5,5,5,5,5,3,3,5,5,5,5,4,4,4,4,4,4,4,4,2,2,2,2,2,2,2,2","0.00107693672180176","louvain","edit-xhwikibooks.graphml"
"0.13","0.02","0.85","0.404635127887838","1,1,1,2,3,2,3,2,2,2,3,3,2,2,2,2,2,3,4,3,5,1,2,2,2,2,2,2,1,2,3,4,3,3,4,4,2,2,5,5,5,5,1,1,1,1,5,1,1,1,5,5,5,5,5,1,1,1,1,5,2,5,5,2,2,5,5,5,5,5,1,5,2,2,5,5,5,5,5,5,5,2,2,2,2,1,5,5,5,5,2,3,4,5,5,5,2,5,5,5,5,5,5,5,5,5,5,3,3,5,5,5,5,4,4,4,4,4,4,4,4,2,2,2,2,2,2,2,2","0.00091099739074707","louvain","edit-xhwikibooks.graphml"
"0.12","0.03","0.85","0.404482565853222","1,1,1,2,3,2,3,2,2,2,3,3,2,2,2,2,2,3,3,3,4,1,2,2,2,2,2,2,1,2,3,3,3,3,3,3,2,2,4,4,4,4,1,1,1,1,4,1,1,1,4,4,4,4,4,1,1,1,1,4,2,4,4,2,2,4,4,4,4,4,1,4,2,2,4,4,4,4,4,4,4,2,2,2,2,1,4,4,4,4,2,3,3,4,4,4,2,4,4,4,4,4,4,4,4,4,4,3,3,4,4,4,4,3,3,3,3,3,3,3,3,2,2,2,2,2,2,2,2","0.000818014144897461","louvain","edit-xhwikibooks.graphml"
"0.11","0.04","0.85","0.404902804072688","1,1,1,2,3,2,3,2,2,2,3,3,2,2,2,2,2,3,4,3,5,1,2,2,2,2,2,2,1,2,3,4,3,3,4,4,2,2,5,5,5,5,1,1,1,1,5,1,1,1,5,5,5,5,5,1,1,1,1,5,2,5,5,2,2,5,5,5,5,5,1,5,2,2,5,5,5,5,5,5,5,2,2,2,2,1,5,5,5,5,2,3,4,5,5,5,2,5,5,5,5,5,5,5,5,5,5,3,3,5,5,5,5,4,4,4,4,4,4,4,4,2,2,2,2,2,2,2,2","0.000911951065063477","louvain","edit-xhwikibooks.graphml"
"0.1","0.05","0.85","0.405169767970774","1,1,1,2,3,2,3,2,2,2,3,3,2,2,2,2,2,3,4,3,5,1,2,2,2,2,2,2,1,2,3,4,3,3,4,4,2,2,5,5,5,5,1,1,1,1,5,1,1,1,5,5,5,5,5,1,1,1,1,5,2,5,5,2,2,5,5,5,5,5,1,5,2,2,5,5,5,5,5,5,5,2,2,2,2,1,5,5,5,5,2,3,4,5,5,5,2,5,5,5,5,5,5,5,5,5,5,3,3,5,5,5,5,4,4,4,4,4,4,4,4,2,2,2,2,2,2,2,2","0.00115680694580078","louvain","edit-xhwikibooks.graphml"
"0.09","0.06","0.85","0.405169767970774","1,1,1,2,3,2,3,2,2,2,3,3,2,2,2,2,2,3,4,3,5,1,2,2,2,2,2,2,1,2,3,4,3,3,4,4,2,2,5,5,5,5,1,1,1,1,5,1,1,1,5,5,5,5,5,1,1,1,1,5,2,5,5,2,2,5,5,5,5,5,1,5,2,2,5,5,5,5,5,5,5,2,2,2,2,1,5,5,5,5,2,3,4,5,5,5,2,5,5,5,5,5,5,5,5,5,5,3,3,5,5,5,5,4,4,4,4,4,4,4,4,2,2,2,2,2,2,2,2","0.000959157943725586","louvain","edit-xhwikibooks.graphml"
"0.08","0.07","0.85","0.405048880451671","1,1,1,2,3,2,3,2,2,2,3,3,2,2,2,2,2,3,4,3,5,1,2,2,2,2,2,2,1,2,3,4,3,3,4,4,2,2,5,5,5,5,1,1,1,1,5,1,1,1,5,5,5,5,5,1,1,1,1,5,2,5,5,2,2,5,5,5,5,5,1,5,2,2,5,5,5,5,5,5,5,2,2,2,2,1,5,5,5,5,2,3,4,5,5,5,2,5,5,5,5,5,5,5,5,5,5,3,3,5,5,5,5,4,4,4,4,4,4,4,4,2,2,2,2,2,2,2,2","0.000915050506591797","louvain","edit-xhwikibooks.graphml"
"0.07","0.08","0.85","0.40488421771611","1,1,2,2,3,2,3,2,2,2,3,3,2,2,2,2,2,3,3,3,4,1,2,2,2,2,2,2,1,2,3,3,3,3,3,3,2,2,4,4,4,4,1,1,1,1,4,1,1,1,4,4,4,4,4,1,1,1,1,4,2,4,4,2,2,4,4,4,4,4,1,4,2,2,4,4,4,4,4,4,4,2,2,2,2,1,4,4,4,4,2,3,3,4,4,4,2,4,4,4,4,4,4,4,4,4,4,3,3,4,4,4,4,3,3,3,3,3,3,3,3,2,2,2,2,2,2,2,2","0.000944137573242188","louvain","edit-xhwikibooks.graphml"
"0.06","0.09","0.85","0.405315171832597","1,1,1,2,3,2,3,2,2,2,3,3,2,2,2,2,2,3,4,3,5,1,2,2,2,2,2,2,1,2,3,4,3,3,4,4,2,2,5,5,5,5,1,1,1,1,5,1,1,1,5,5,5,5,5,1,1,1,1,5,2,5,5,2,2,5,5,5,5,5,1,5,2,2,5,5,5,5,5,5,5,2,2,2,2,1,5,5,5,5,2,3,4,5,5,5,2,5,5,5,5,5,5,5,5,5,5,3,3,5,5,5,5,4,4,4,4,4,4,4,4,2,2,2,2,2,2,2,2","0.000912189483642578","louvain","edit-xhwikibooks.graphml"
"0.05","0.1","0.85","0.405315171832597","1,1,1,2,3,2,3,2,2,2,3,3,2,2,2,2,2,3,4,3,5,1,2,2,2,2,2,2,1,2,3,4,3,3,4,4,2,2,5,5,5,5,1,1,1,1,5,1,1,1,5,5,5,5,5,1,1,1,1,5,2,5,5,2,2,5,5,5,5,5,1,5,2,2,5,5,5,5,5,5,5,2,2,2,2,1,5,5,5,5,2,3,4,5,5,5,2,5,5,5,5,5,5,5,5,5,5,3,3,5,5,5,5,4,4,4,4,4,4,4,4,2,2,2,2,2,2,2,2","0.000930070877075195","louvain","edit-xhwikibooks.graphml"
"0.04","0.11","0.85","0.404087646455072","1,1,1,2,3,2,3,2,2,2,3,3,2,2,2,2,2,3,4,3,5,1,2,2,2,2,2,2,1,2,3,4,3,3,4,4,2,2,5,5,5,5,1,1,1,1,5,1,1,1,5,5,5,5,5,1,1,1,1,5,2,5,5,2,2,5,5,5,5,5,1,5,2,2,5,5,5,5,5,5,5,2,2,2,2,1,5,5,5,5,2,3,4,5,5,5,2,5,5,5,5,5,5,5,5,5,5,3,3,5,5,5,5,4,4,4,4,4,4,4,4,2,2,2,2,2,2,2,2","0.000902891159057617","louvain","edit-xhwikibooks.graphml"
"0.03","0.12","0.85","0.404846804103044","1,1,1,2,3,2,3,2,2,2,3,3,2,2,2,2,2,3,4,3,5,1,2,2,2,2,2,2,1,2,3,4,3,3,4,4,2,2,5,5,5,5,1,1,1,1,5,1,1,1,5,5,5,5,5,1,1,1,1,5,2,5,5,2,2,5,5,5,5,5,1,5,2,2,5,5,5,5,5,5,5,2,2,2,2,1,5,5,5,5,2,3,4,5,5,5,2,5,5,5,5,5,5,5,5,5,5,3,3,5,5,5,5,4,4,4,4,4,4,4,4,2,2,2,2,2,2,2,2","0.000816106796264648","louvain","edit-xhwikibooks.graphml"
"0.02","0.13","0.85","0.404726083864948","1,1,1,2,3,2,3,2,2,2,3,3,2,2,2,2,2,3,4,3,5,1,2,2,2,2,2,2,1,2,3,4,3,3,4,4,2,2,5,5,5,5,1,1,1,1,5,1,1,1,5,5,5,5,5,1,1,1,1,5,2,5,5,2,2,5,5,5,5,5,1,5,2,2,5,5,5,5,5,5,5,2,2,2,2,1,5,5,5,5,2,3,4,5,5,5,2,5,5,5,5,5,5,5,5,5,5,3,3,5,5,5,5,4,4,4,4,4,4,4,4,2,2,2,2,2,2,2,2","0.000993013381958008","louvain","edit-xhwikibooks.graphml"
"0.01","0.14","0.85","0.404594911336868","1,1,2,2,3,2,3,2,2,2,3,3,2,2,2,2,2,3,4,3,5,1,2,2,2,2,2,2,1,2,3,4,3,3,4,4,2,2,5,5,5,5,1,1,1,1,5,1,1,1,5,5,5,5,5,1,1,1,1,5,2,5,5,2,2,5,5,5,5,5,1,5,2,2,5,5,5,5,5,5,5,2,2,2,2,1,5,5,5,5,2,3,4,5,5,5,2,5,5,5,5,5,5,5,5,5,5,3,3,5,5,5,5,4,4,4,4,4,4,4,4,2,2,2,2,2,2,2,2","0.000941038131713867","louvain","edit-xhwikibooks.graphml"
"0","0.15","0.85","0.40647652356655","1,1,1,2,1,2,3,2,2,2,3,3,2,2,2,2,2,3,4,3,5,1,2,2,2,2,2,2,1,2,3,4,3,3,4,4,2,2,5,5,5,5,1,1,1,1,5,1,1,1,5,5,5,5,5,1,1,1,1,5,2,5,5,2,2,5,5,5,5,5,1,5,2,2,5,5,5,5,5,5,5,2,2,2,2,1,5,5,5,5,2,3,4,5,5,5,2,5,5,5,5,5,5,5,5,5,5,3,3,5,5,5,5,4,4,4,4,4,4,4,4,2,2,2,2,2,2,2,2","0.000937938690185547","louvain","edit-xhwikibooks.graphml"
"0.14","0","0.86","0.402676939592499","1,1,2,2,3,2,3,2,2,2,3,3,2,2,2,2,2,3,4,3,5,1,2,2,2,2,2,2,1,2,3,4,3,3,4,4,2,2,5,5,5,5,1,1,1,1,5,1,1,1,5,5,5,5,5,1,1,1,1,5,2,5,5,2,2,5,5,5,5,5,1,5,2,2,5,5,5,5,5,5,5,2,2,2,2,1,5,5,5,5,2,3,4,5,5,5,2,5,5,5,5,5,5,5,5,5,5,3,3,5,5,5,5,4,4,4,4,4,4,4,4,2,2,2,2,2,2,2,2","0.000823020935058594","louvain","edit-xhwikibooks.graphml"
"0.13","0.01","0.86","0.402796345715577","1,1,1,2,3,2,3,2,2,2,3,3,2,2,2,2,2,3,4,3,5,1,2,2,2,2,2,2,1,2,3,4,3,3,4,4,2,2,5,5,5,5,1,1,1,1,5,1,1,1,5,5,5,5,5,1,1,1,1,5,2,5,5,2,2,5,5,5,5,5,1,5,2,2,5,5,5,5,5,5,5,2,2,2,2,1,5,5,5,5,2,3,4,5,5,5,2,5,5,5,5,5,5,5,5,5,5,3,3,5,5,5,5,4,4,4,4,4,4,4,4,2,2,2,2,2,2,2,2","0.000926017761230469","louvain","edit-xhwikibooks.graphml"
"0.12","0.02","0.86","0.402676939592499","1,1,2,2,3,2,3,2,2,2,3,3,2,2,2,2,2,3,4,3,5,1,2,2,2,2,2,2,1,2,3,4,3,3,4,4,2,2,5,5,5,5,1,1,1,1,5,1,1,1,5,5,5,5,5,1,1,1,1,5,2,5,5,2,2,5,5,5,5,5,1,5,2,2,5,5,5,5,5,5,5,2,2,2,2,1,5,5,5,5,2,3,4,5,5,5,2,5,5,5,5,5,5,5,5,5,5,3,3,5,5,5,5,4,4,4,4,4,4,4,4,2,2,2,2,2,2,2,2","0.000945091247558594","louvain","edit-xhwikibooks.graphml"
"0.11","0.03","0.86","0.401974198424887","1,1,1,2,3,2,3,2,2,2,3,3,2,2,2,2,2,3,4,3,5,1,2,2,2,2,2,2,1,2,3,4,3,3,4,4,2,2,5,5,5,5,1,1,1,1,5,1,1,1,5,5,5,5,5,1,1,1,1,5,2,5,5,2,2,5,5,5,5,5,1,5,2,2,5,5,5,5,5,5,5,2,2,2,2,1,5,5,5,5,2,3,4,5,5,5,2,5,5,5,5,5,5,5,5,5,5,3,3,5,5,5,5,4,4,4,4,4,4,4,4,2,2,2,2,2,2,2,2","0.000936985015869141","louvain","edit-xhwikibooks.graphml"
"0.1","0.04","0.86","0.401974198424887","1,1,1,2,3,2,3,2,2,2,3,3,2,2,2,2,2,3,4,3,5,1,2,2,2,2,2,2,1,2,3,4,3,3,4,4,2,2,5,5,5,5,1,1,1,1,5,1,1,1,5,5,5,5,5,1,1,1,1,5,2,5,5,2,2,5,5,5,5,5,1,5,2,2,5,5,5,5,5,5,5,2,2,2,2,1,5,5,5,5,2,3,4,5,5,5,2,5,5,5,5,5,5,5,5,5,5,3,3,5,5,5,5,4,4,4,4,4,4,4,4,2,2,2,2,2,2,2,2","0.000934123992919922","louvain","edit-xhwikibooks.graphml"
"0.09","0.05","0.86","0.393369504363742","1,1,2,2,3,2,3,2,2,2,3,3,2,2,2,2,2,3,2,3,4,1,2,2,2,2,2,2,1,2,3,2,3,3,2,2,5,2,4,4,4,4,1,1,1,1,4,1,1,1,4,4,4,4,4,1,1,1,1,4,2,4,4,2,2,4,4,4,4,4,1,4,2,2,4,4,4,4,4,4,4,2,2,2,2,1,4,4,4,4,2,3,2,4,4,4,2,4,4,4,4,4,4,4,4,4,4,3,3,4,4,4,4,2,2,2,2,2,2,2,2,5,5,5,5,5,5,5,5","0.00100302696228027","louvain","edit-xhwikibooks.graphml"
"0.08","0.06","0.86","0.399558621723496","1,1,1,2,3,2,3,2,2,2,3,3,2,2,2,2,2,3,4,3,5,1,2,2,2,2,2,2,1,2,3,4,3,3,4,4,2,2,5,5,5,5,1,1,1,1,5,1,1,1,5,5,5,5,5,1,1,1,1,5,2,5,5,2,2,5,5,5,5,5,1,5,2,2,5,5,5,5,5,5,5,2,2,2,2,1,5,5,5,5,2,3,4,5,5,5,2,5,5,5,5,5,5,5,5,5,5,3,3,5,5,5,5,4,4,4,4,4,4,4,4,2,2,2,2,2,2,2,2","0.00086522102355957","louvain","edit-xhwikibooks.graphml"
"0.07","0.07","0.86","0.399440785697888","1,1,1,2,3,2,3,2,2,2,3,3,2,2,2,2,2,3,4,3,5,1,2,2,2,2,2,2,1,2,3,4,3,3,4,4,2,2,5,5,5,5,1,1,1,1,5,1,1,1,5,5,5,5,5,1,1,1,1,5,2,5,5,2,2,5,5,5,5,5,1,5,2,2,5,5,5,5,5,5,5,2,2,2,2,1,5,5,5,5,2,3,4,5,5,5,2,5,5,5,5,5,5,5,5,5,5,3,3,5,5,5,5,4,4,4,4,4,4,4,4,2,2,2,2,2,2,2,2","0.0010371208190918","louvain","edit-xhwikibooks.graphml"
"0.06","0.08","0.86","0.399451617884234","1,1,1,2,3,2,3,2,2,2,3,3,2,2,2,2,2,3,3,3,4,1,2,2,2,2,2,2,1,2,3,3,3,3,3,3,2,2,4,4,4,4,1,1,1,1,4,1,1,1,4,4,4,4,4,1,1,1,1,4,2,4,4,2,2,4,4,4,4,4,1,4,2,2,4,4,4,4,4,4,4,2,2,2,2,1,4,4,4,4,2,3,3,4,4,4,2,4,4,4,4,4,4,4,4,4,4,3,3,4,4,4,4,3,3,3,3,3,3,3,3,2,2,2,2,2,2,2,2","0.000937938690185547","louvain","edit-xhwikibooks.graphml"
"0.05","0.09","0.86","0.399708731771918","1,1,1,2,3,2,3,2,2,2,3,3,2,2,2,2,2,3,4,3,5,1,2,2,2,2,2,2,1,2,3,4,3,3,4,4,2,2,5,5,5,5,1,1,1,1,5,1,1,1,5,5,5,5,5,1,1,1,1,5,2,5,5,2,2,5,5,5,5,5,1,5,2,2,5,5,5,5,5,5,5,2,2,2,2,1,5,5,5,5,2,3,4,5,5,5,2,5,5,5,5,5,5,5,5,5,5,3,3,5,5,5,5,4,4,4,4,4,4,4,4,2,2,2,2,2,2,2,2","0.000962018966674805","louvain","edit-xhwikibooks.graphml"
"0.04","0.1","0.86","0.399708731771918","1,1,1,2,3,2,3,2,2,2,3,3,2,2,2,2,2,3,4,3,5,1,2,2,2,2,2,2,1,2,3,4,3,3,4,4,2,2,5,5,5,5,1,1,1,1,5,1,1,1,5,5,5,5,5,1,1,1,1,5,2,5,5,2,2,5,5,5,5,5,1,5,2,2,5,5,5,5,5,5,5,2,2,2,2,1,5,5,5,5,2,3,4,5,5,5,2,5,5,5,5,5,5,5,5,5,5,3,3,5,5,5,5,4,4,4,4,4,4,4,4,2,2,2,2,2,2,2,2","0.00118494033813477","louvain","edit-xhwikibooks.graphml"
"0.03","0.11","0.86","0.399590992647717","1,1,1,2,3,2,3,2,2,2,3,3,2,2,2,2,2,3,4,3,5,1,2,2,2,2,2,2,1,2,3,4,3,3,4,4,2,2,5,5,5,5,1,1,1,1,5,1,1,1,5,5,5,5,5,1,1,1,1,5,2,5,5,2,2,5,5,5,5,5,1,5,2,2,5,5,5,5,5,5,5,2,2,2,2,1,5,5,5,5,2,3,4,5,5,5,2,5,5,5,5,5,5,5,5,5,5,3,3,5,5,5,5,4,4,4,4,4,4,4,4,2,2,2,2,2,2,2,2","0.000895977020263672","louvain","edit-xhwikibooks.graphml"
"0.02","0.12","0.86","0.399831404261706","1,1,2,2,3,2,3,2,2,2,3,3,2,2,2,2,2,3,3,3,4,1,2,2,2,2,2,2,1,2,3,3,3,3,3,3,2,2,4,4,4,4,1,1,1,1,4,1,1,1,4,4,4,4,4,1,1,1,1,4,2,4,4,2,2,4,4,4,4,4,1,4,2,2,4,4,4,4,4,4,4,2,2,2,2,1,4,4,4,4,2,3,3,4,4,4,2,4,4,4,4,4,4,4,4,4,4,3,3,4,4,4,4,3,3,3,3,3,3,3,3,2,2,2,2,2,2,2,2","0.000921010971069336","louvain","edit-xhwikibooks.graphml"
"0.01","0.13","0.86","0.399714639362086","1,1,2,2,3,2,3,2,2,2,3,3,2,2,2,2,2,3,3,3,4,1,2,2,2,2,2,2,1,2,3,3,3,3,3,3,2,2,4,4,4,4,1,1,1,1,4,1,1,1,4,4,4,4,4,1,1,1,1,4,2,4,4,2,2,4,4,4,4,4,1,4,2,2,4,4,4,4,4,4,4,2,2,2,2,1,4,4,4,4,2,3,3,4,4,4,2,4,4,4,4,4,4,4,4,4,4,3,3,4,4,4,4,3,3,3,3,3,3,3,3,2,2,2,2,2,2,2,2","0.000985145568847656","louvain","edit-xhwikibooks.graphml"
"0","0.14","0.86","0.401431488280945","1,1,1,1,1,2,3,2,2,2,3,3,2,2,2,2,2,3,4,3,5,1,2,2,2,2,2,2,1,2,3,4,3,3,4,4,2,2,5,5,5,5,1,1,1,1,5,1,1,1,5,5,5,5,5,1,1,1,1,5,2,5,5,2,2,5,5,5,5,5,1,5,2,2,5,5,5,5,5,5,5,2,2,2,2,1,5,5,5,5,2,3,4,5,5,5,2,5,5,5,5,5,5,5,5,5,5,3,3,5,5,5,5,4,4,4,4,4,4,4,4,2,2,2,2,2,2,2,2","0.000931978225708008","louvain","edit-xhwikibooks.graphml"
"0.13","0","0.87","0.402003594035289","1,1,2,2,3,2,3,2,2,2,3,3,2,2,2,2,2,3,3,3,4,1,2,2,2,2,2,2,1,2,3,3,3,3,3,3,2,2,4,4,4,4,1,1,1,1,4,1,1,1,4,4,4,4,4,1,1,1,1,4,2,4,4,2,2,4,4,4,4,4,1,4,2,2,4,4,4,4,4,4,4,2,2,2,2,1,4,4,4,4,2,3,3,4,4,4,2,4,4,4,4,4,4,4,4,4,4,3,3,4,4,4,4,3,3,3,3,3,3,3,3,2,2,2,2,2,2,2,2","0.000941991806030273","louvain","edit-xhwikibooks.graphml"
"0.12","0.01","0.87","0.40243247482484","1,1,2,2,3,2,3,2,2,2,3,3,2,2,2,2,2,3,4,3,5,1,2,2,2,2,2,2,1,2,3,4,3,3,4,4,2,2,5,5,5,5,1,1,1,1,5,1,1,1,5,5,5,5,5,1,1,1,1,5,2,5,5,2,2,5,5,5,5,5,1,5,2,2,5,5,5,5,5,5,5,2,2,2,2,1,5,5,5,5,2,3,4,5,5,5,2,5,5,5,5,5,5,5,5,5,5,3,3,5,5,5,5,4,4,4,4,4,4,4,4,2,2,2,2,2,2,2,2","0.000928878784179688","louvain","edit-xhwikibooks.graphml"
"0.11","0.02","0.87","0.402551005771836","1,1,1,2,3,2,3,2,2,2,3,3,2,2,2,2,2,3,4,3,5,1,2,2,2,2,2,2,1,2,3,4,3,3,4,4,2,2,5,5,5,5,1,1,1,1,5,1,1,1,5,5,5,5,5,1,1,1,1,5,2,5,5,2,2,5,5,5,5,5,1,5,2,2,5,5,5,5,5,5,5,2,2,2,2,1,5,5,5,5,2,3,4,5,5,5,2,5,5,5,5,5,5,5,5,5,5,3,3,5,5,5,5,4,4,4,4,4,4,4,4,2,2,2,2,2,2,2,2","0.000931024551391602","louvain","edit-xhwikibooks.graphml"
"0.1","0.03","0.87","0.402815666816442","1,1,1,2,3,2,3,2,2,2,3,3,2,2,2,2,2,3,4,3,5,1,2,2,2,2,2,2,1,2,3,4,3,3,4,4,2,2,5,5,5,5,1,1,1,1,5,1,1,1,5,5,5,5,5,1,1,1,1,5,2,5,5,2,2,5,5,5,5,5,1,5,2,2,5,5,5,5,5,5,5,2,2,2,2,1,5,5,5,5,2,3,4,5,5,5,2,5,5,5,5,5,5,5,5,5,5,3,3,5,5,5,5,4,4,4,4,4,4,4,4,2,2,2,2,2,2,2,2","0.00101089477539062","louvain","edit-xhwikibooks.graphml"
"0.09","0.04","0.87","0.402815666816442","1,1,1,2,3,2,3,2,2,2,3,3,2,2,2,2,2,3,4,3,5,1,2,2,2,2,2,2,1,2,3,4,3,3,4,4,2,2,5,5,5,5,1,1,1,1,5,1,1,1,5,5,5,5,5,1,1,1,1,5,2,5,5,2,2,5,5,5,5,5,1,5,2,2,5,5,5,5,5,5,5,2,2,2,2,1,5,5,5,5,2,3,4,5,5,5,2,5,5,5,5,5,5,5,5,5,5,3,3,5,5,5,5,4,4,4,4,4,4,4,4,2,2,2,2,2,2,2,2","0.0010378360748291","louvain","edit-xhwikibooks.graphml"
"0.08","0.05","0.87","0.402941830595374","1,1,2,2,3,2,3,2,2,2,3,3,2,2,2,2,2,3,4,3,5,1,2,2,2,2,2,2,1,2,3,4,3,3,4,4,2,2,5,5,5,5,1,1,1,1,5,1,1,1,5,5,5,5,5,1,1,1,1,5,2,5,5,2,2,5,5,5,5,5,1,5,2,2,5,5,5,5,5,5,5,2,2,2,2,1,5,5,5,5,2,3,4,5,5,5,2,5,5,5,5,5,5,5,5,5,5,3,3,5,5,5,5,4,4,4,4,4,4,4,4,2,2,2,2,2,2,2,2","0.00105381011962891","louvain","edit-xhwikibooks.graphml"
"0.07","0.06","0.87","0.402941830595374","1,1,2,2,3,2,3,2,2,2,3,3,2,2,2,2,2,3,4,3,5,1,2,2,2,2,2,2,1,2,3,4,3,3,4,4,2,2,5,5,5,5,1,1,1,1,5,1,1,1,5,5,5,5,5,1,1,1,1,5,2,5,5,2,2,5,5,5,5,5,1,5,2,2,5,5,5,5,5,5,5,2,2,2,2,1,5,5,5,5,2,3,4,5,5,5,2,5,5,5,5,5,5,5,5,5,5,3,3,5,5,5,5,4,4,4,4,4,4,4,4,2,2,2,2,2,2,2,2","0.00113296508789062","louvain","edit-xhwikibooks.graphml"
"0.06","0.07","0.87","0.402824130000068","1,1,2,2,3,2,3,2,2,2,3,3,2,2,2,2,2,3,4,3,5,1,2,2,2,2,2,2,1,2,3,4,3,3,4,4,2,2,5,5,5,5,1,1,1,1,5,1,1,1,5,5,5,5,5,1,1,1,1,5,2,5,5,2,2,5,5,5,5,5,1,5,2,2,5,5,5,5,5,5,5,2,2,2,2,1,5,5,5,5,2,3,4,5,5,5,2,5,5,5,5,5,5,5,5,5,5,3,3,5,5,5,5,4,4,4,4,4,4,4,4,2,2,2,2,2,2,2,2","0.0010838508605957","louvain","edit-xhwikibooks.graphml"
"0.05","0.08","0.87","0.403342928778365","1,1,1,2,3,2,3,2,2,2,3,3,2,2,2,2,2,3,4,3,5,1,2,2,2,2,2,2,1,2,3,4,3,3,4,4,2,2,5,5,5,5,1,1,1,1,5,1,1,1,5,5,5,5,5,1,1,1,1,5,2,5,5,2,2,5,5,5,5,5,1,5,2,2,5,5,5,5,5,5,5,2,2,2,2,1,5,5,5,5,2,3,4,5,5,5,2,5,5,5,5,5,5,5,5,5,5,3,3,5,5,5,5,4,4,4,4,4,4,4,4,2,2,2,2,2,2,2,2","0.000952005386352539","louvain","edit-xhwikibooks.graphml"
"0.04","0.09","0.87","0.4032251584249","1,1,1,2,3,2,3,2,2,2,3,3,2,2,2,2,2,3,4,3,5,1,2,2,2,2,2,2,1,2,3,4,3,3,4,4,2,2,5,5,5,5,1,1,1,1,5,1,1,1,5,5,5,5,5,1,1,1,1,5,2,5,5,2,2,5,5,5,5,5,1,5,2,2,5,5,5,5,5,5,5,2,2,2,2,1,5,5,5,5,2,3,4,5,5,5,2,5,5,5,5,5,5,5,5,5,5,3,3,5,5,5,5,4,4,4,4,4,4,4,4,2,2,2,2,2,2,2,2","0.000935077667236328","louvain","edit-xhwikibooks.graphml"
"0.03","0.1","0.87","0.402010893556426","1,1,2,2,3,2,3,2,2,2,3,3,2,2,2,2,2,3,4,3,5,1,2,2,2,2,2,2,1,2,3,4,3,3,4,4,2,2,5,5,5,5,1,1,1,1,5,1,1,1,5,5,5,5,5,1,1,1,1,5,2,5,5,2,2,5,5,5,5,5,1,5,2,2,5,5,5,5,5,5,5,2,2,2,2,1,5,5,5,5,2,3,4,5,5,5,2,5,5,5,5,5,5,5,5,5,5,3,3,5,5,5,5,4,4,4,4,4,4,4,4,2,2,2,2,2,2,2,2","0.000933170318603516","louvain","edit-xhwikibooks.graphml"
"0.02","0.11","0.87","0.402023620190725","1,1,1,2,3,2,3,2,2,2,3,3,2,2,2,2,2,3,4,3,5,1,2,2,2,2,2,2,1,2,3,4,3,3,4,4,2,2,5,5,5,5,1,1,1,1,5,1,1,1,5,5,5,5,5,1,1,1,1,5,2,5,5,2,2,5,5,5,5,5,1,5,2,2,5,5,5,5,5,5,5,2,2,2,2,1,5,5,5,5,2,3,4,5,5,5,2,5,5,5,5,5,5,5,5,5,5,3,3,5,5,5,5,4,4,4,4,4,4,4,4,2,2,2,2,2,2,2,2","0.00110387802124023","louvain","edit-xhwikibooks.graphml"
"0.01","0.12","0.87","0.402637513676741","1,1,2,2,3,2,3,2,2,2,3,3,2,2,2,2,2,3,4,3,5,1,2,2,2,2,2,2,1,2,3,4,3,3,4,4,2,2,5,5,5,5,1,1,1,1,5,1,1,1,5,5,5,5,5,1,1,1,1,5,2,5,5,2,2,5,5,5,5,5,1,5,2,2,5,5,5,5,5,5,5,2,2,2,2,1,5,5,5,5,2,3,4,5,5,5,2,5,5,5,5,5,5,5,5,5,5,3,3,5,5,5,5,4,4,4,4,4,4,4,4,2,2,2,2,2,2,2,2","0.00102400779724121","louvain","edit-xhwikibooks.graphml"
"0","0.13","0.87","0.403766473316112","1,1,1,2,1,2,3,2,2,2,3,3,2,2,2,2,2,3,4,3,5,1,2,2,2,2,2,2,1,2,3,4,3,3,4,4,2,2,5,5,5,5,1,1,1,1,5,1,1,1,5,5,5,5,5,1,1,1,1,5,2,5,5,2,2,5,5,5,5,5,1,5,2,2,5,5,5,5,5,5,5,2,2,2,2,1,5,5,5,5,2,3,4,5,5,5,2,5,5,5,5,5,5,5,5,5,5,3,3,5,5,5,5,4,4,4,4,4,4,4,4,2,2,2,2,2,2,2,2","0.000946998596191406","louvain","edit-xhwikibooks.graphml"
"0.12","0","0.88","0.402153052174311","1,1,1,2,3,2,3,2,2,2,3,3,2,2,2,2,2,3,4,3,5,1,2,2,2,2,2,2,1,2,3,4,3,3,4,4,2,2,5,5,5,5,1,1,1,1,5,1,1,1,5,5,5,5,5,1,1,1,1,5,2,5,5,2,2,5,5,5,5,5,1,5,2,2,5,5,5,5,5,5,5,2,2,2,2,1,5,5,5,5,2,3,4,5,5,5,2,5,5,5,5,5,5,5,5,5,5,3,3,5,5,5,5,4,4,4,4,4,4,4,4,2,2,2,2,2,2,2,2","0.000944852828979492","louvain","edit-xhwikibooks.graphml"
"0.11","0.01","0.88","0.402153052174311","1,1,1,2,3,2,3,2,2,2,3,3,2,2,2,2,2,3,4,3,5,1,2,2,2,2,2,2,1,2,3,4,3,3,4,4,2,2,5,5,5,5,1,1,1,1,5,1,1,1,5,5,5,5,5,1,1,1,1,5,2,5,5,2,2,5,5,5,5,5,1,5,2,2,5,5,5,5,5,5,5,2,2,2,2,1,5,5,5,5,2,3,4,5,5,5,2,5,5,5,5,5,5,5,5,5,5,3,3,5,5,5,5,4,4,4,4,4,4,4,4,2,2,2,2,2,2,2,2","0.00140714645385742","louvain","edit-xhwikibooks.graphml"
"0.1","0.02","0.88","0.402024800961755","1,1,2,2,3,2,3,2,2,2,3,3,2,2,2,2,2,3,4,3,5,1,2,2,2,2,2,2,1,2,3,4,3,3,4,4,2,2,5,5,5,5,1,1,1,1,5,1,1,1,5,5,5,5,5,1,1,1,1,5,2,5,5,2,2,5,5,5,5,5,1,5,2,2,5,5,5,5,5,5,5,2,2,2,2,1,5,5,5,5,2,3,4,5,5,5,2,5,5,5,5,5,5,5,5,5,5,3,3,5,5,5,5,4,4,4,4,4,4,4,4,2,2,2,2,2,2,2,2","0.000977039337158203","louvain","edit-xhwikibooks.graphml"
"0.09","0.03","0.88","0.402286733568443","1,1,2,2,3,2,3,2,2,2,3,3,2,2,2,2,2,3,4,3,5,1,2,2,2,2,2,2,1,2,3,4,3,3,4,4,2,2,5,5,5,5,1,1,1,1,5,1,1,1,5,5,5,5,5,1,1,1,1,5,2,5,5,2,2,5,5,5,5,5,1,5,2,2,5,5,5,5,5,5,5,2,2,2,2,1,5,5,5,5,2,3,4,5,5,5,2,5,5,5,5,5,5,5,5,5,5,3,3,5,5,5,5,4,4,4,4,4,4,4,4,2,2,2,2,2,2,2,2","0.000938177108764648","louvain","edit-xhwikibooks.graphml"
"0.08","0.04","0.88","0.402788086461689","1,1,1,2,3,2,3,2,2,2,3,3,2,2,2,2,2,3,4,3,5,1,2,2,2,2,2,2,1,2,3,4,3,3,4,4,2,2,5,5,5,5,1,1,1,1,5,1,1,1,5,5,5,5,5,1,1,1,1,5,2,5,5,2,2,5,5,5,5,5,1,5,2,2,5,5,5,5,5,5,5,2,2,2,2,1,5,5,5,5,2,3,4,5,5,5,2,5,5,5,5,5,5,5,5,5,5,3,3,5,5,5,5,4,4,4,4,4,4,4,4,2,2,2,2,2,2,2,2","0.000946044921875","louvain","edit-xhwikibooks.graphml"
"0.07","0.05","0.88","0.397858853216532","1,1,2,2,3,2,3,2,2,2,3,3,2,2,2,2,2,3,4,3,5,1,2,2,2,2,2,2,1,2,3,4,3,3,4,4,2,2,5,5,5,5,1,1,1,1,5,1,1,1,5,5,5,5,5,1,1,1,1,5,2,5,5,2,2,5,5,5,5,5,1,5,2,2,5,5,5,5,5,5,5,2,2,2,2,1,5,5,5,5,2,3,4,5,5,5,2,5,5,5,5,5,5,5,5,5,5,3,3,5,5,5,5,4,4,4,4,4,4,4,4,2,2,2,2,2,2,2,2","0.000947952270507812","louvain","edit-xhwikibooks.graphml"
"0.06","0.06","0.88","0.397990020318203","1,1,1,2,3,2,3,2,2,2,3,3,2,2,2,2,2,3,4,3,5,1,2,2,2,2,2,2,1,2,3,4,3,3,4,4,2,2,5,5,5,5,1,1,1,1,5,1,1,1,5,5,5,5,5,1,1,1,1,5,2,5,5,2,2,5,5,5,5,5,1,5,2,2,5,5,5,5,5,5,5,2,2,2,2,1,5,5,5,5,2,3,4,5,5,5,2,5,5,5,5,5,5,5,5,5,5,3,3,5,5,5,5,4,4,4,4,4,4,4,4,2,2,2,2,2,2,2,2","0.000958919525146484","louvain","edit-xhwikibooks.graphml"
"0.05","0.07","0.88","0.397875102880659","1,1,1,2,3,2,3,2,2,2,3,3,2,2,2,2,2,3,4,3,5,1,2,2,2,2,2,2,1,2,3,4,3,3,4,4,2,2,5,5,5,5,1,1,1,1,5,1,1,1,5,5,5,5,5,1,1,1,1,5,2,5,5,2,2,5,5,5,5,5,1,5,2,2,5,5,5,5,5,5,5,2,2,2,2,1,5,5,5,5,2,3,4,5,5,5,2,5,5,5,5,5,5,5,5,5,5,3,3,5,5,5,5,4,4,4,4,4,4,4,4,2,2,2,2,2,2,2,2","0.00106692314147949","louvain","edit-xhwikibooks.graphml"
"0.04","0.08","0.88","0.398124928293866","1,1,2,2,3,2,3,2,2,2,3,3,2,2,2,2,2,3,4,3,5,1,2,2,2,2,2,2,1,2,3,4,3,3,4,4,2,2,5,5,5,5,1,1,1,1,5,1,1,1,5,5,5,5,5,1,1,1,1,5,2,5,5,2,2,5,5,5,5,5,1,5,2,2,5,5,5,5,5,5,5,2,2,2,2,1,5,5,5,5,2,3,4,5,5,5,2,5,5,5,5,5,5,5,5,5,5,3,3,5,5,5,5,4,4,4,4,4,4,4,4,2,2,2,2,2,2,2,2","0.000997066497802734","louvain","edit-xhwikibooks.graphml"
"0.03","0.09","0.88","0.397025948265215","1,2,1,1,3,1,3,1,1,1,3,3,1,1,1,1,1,3,4,3,5,2,1,1,1,1,1,1,2,1,3,4,3,3,4,4,1,1,5,5,5,5,2,2,2,2,5,2,2,2,5,5,5,5,5,2,2,2,2,5,1,5,5,1,1,5,5,5,5,5,2,5,1,1,5,5,5,5,5,5,5,1,1,1,1,2,5,5,5,5,1,3,4,5,5,5,1,5,5,5,5,5,5,5,5,5,5,3,3,5,5,5,5,4,4,4,4,4,4,4,4,1,1,1,1,1,1,1,1","0.000988960266113281","louvain","edit-xhwikibooks.graphml"
"0.02","0.1","0.88","0.397629273565634","1,1,2,2,3,2,3,2,2,2,3,3,2,2,2,2,2,3,4,3,5,1,2,2,2,2,2,2,1,2,3,4,3,3,4,4,2,2,5,5,5,5,1,1,1,1,5,1,1,1,5,5,5,5,5,1,1,1,1,5,2,5,5,2,2,5,5,5,5,5,1,5,2,2,5,5,5,5,5,5,5,2,2,2,2,1,5,5,5,5,2,3,4,5,5,5,2,5,5,5,5,5,5,5,5,5,5,3,3,5,5,5,5,4,4,4,4,4,4,4,4,2,2,2,2,2,2,2,2","0.00115704536437988","louvain","edit-xhwikibooks.graphml"
"0.01","0.11","0.88","0.397645451103741","1,1,1,2,3,2,3,2,2,2,3,3,2,2,2,2,2,3,4,3,5,1,2,2,2,2,2,2,1,2,3,4,3,3,4,4,2,2,5,5,5,5,1,1,1,1,5,1,1,1,5,5,5,5,5,1,1,1,1,5,2,5,5,2,2,5,5,5,5,5,1,5,2,2,5,5,5,5,5,5,5,2,2,2,2,1,5,5,5,5,2,3,4,5,5,5,2,5,5,5,5,5,5,5,5,5,5,3,3,5,5,5,5,4,4,4,4,4,4,4,4,2,2,2,2,2,2,2,2","0.00107789039611816","louvain","edit-xhwikibooks.graphml"
"0","0.12","0.88","0.39950855300638","1,1,1,2,1,2,3,2,2,2,3,3,2,2,2,2,2,3,4,3,5,1,2,2,2,2,2,2,1,2,3,4,3,3,4,4,2,2,5,5,5,5,1,1,1,1,5,1,1,1,5,5,5,5,5,1,1,1,1,5,2,5,5,2,2,5,5,5,5,5,1,5,2,2,5,5,5,5,5,5,5,2,2,2,2,1,5,5,5,5,2,3,4,5,5,5,2,5,5,5,5,5,5,5,5,5,5,3,3,5,5,5,5,4,4,4,4,4,4,4,4,2,2,2,2,2,2,2,2","0.00107717514038086","louvain","edit-xhwikibooks.graphml"
"0.11","0","0.89","0.402267738729048","1,1,1,2,3,2,3,2,2,2,3,3,2,2,2,2,2,3,4,3,5,1,2,2,2,2,2,2,1,2,3,4,3,3,4,4,2,2,5,5,5,5,1,1,1,1,5,1,1,1,5,5,5,5,5,1,1,1,1,5,2,5,5,2,2,5,5,5,5,5,1,5,2,2,5,5,5,5,5,5,5,2,2,2,2,1,5,5,5,5,2,3,4,5,5,5,2,5,5,5,5,5,5,5,5,5,5,3,3,5,5,5,5,4,4,4,4,4,4,4,4,2,2,2,2,2,2,2,2","0.000965118408203125","louvain","edit-xhwikibooks.graphml"
"0.1","0.01","0.89","0.402267738729048","1,1,1,2,3,2,3,2,2,2,3,3,2,2,2,2,2,3,4,3,5,1,2,2,2,2,2,2,1,2,3,4,3,3,4,4,2,2,5,5,5,5,1,1,1,1,5,1,1,1,5,5,5,5,5,1,1,1,1,5,2,5,5,2,2,5,5,5,5,5,1,5,2,2,5,5,5,5,5,5,5,2,2,2,2,1,5,5,5,5,2,3,4,5,5,5,2,5,5,5,5,5,5,5,5,5,5,3,3,5,5,5,5,4,4,4,4,4,4,4,4,2,2,2,2,2,2,2,2","0.00101709365844727","louvain","edit-xhwikibooks.graphml"
"0.09","0.02","0.89","0.40178671071818","1,1,2,2,3,2,3,2,2,2,3,3,2,2,2,2,2,3,4,3,5,1,2,2,2,2,2,2,1,2,3,4,3,3,4,4,2,2,5,5,5,5,1,1,1,1,5,1,1,1,5,5,5,5,5,1,1,1,1,5,2,5,5,2,2,5,5,5,5,5,1,5,2,2,5,5,5,5,5,5,5,2,2,2,2,1,5,5,5,5,2,3,4,5,5,5,2,5,5,5,5,5,5,5,5,5,5,3,3,5,5,5,5,4,4,4,4,4,4,4,4,2,2,2,2,2,2,2,2","0.00109004974365234","louvain","edit-xhwikibooks.graphml"
"0.08","0.03","0.89","0.401781490249501","1,1,1,2,3,2,3,2,2,2,3,3,2,2,2,2,2,3,3,3,4,1,2,2,2,2,2,2,1,2,3,3,3,3,3,3,2,2,4,4,4,4,1,1,1,1,4,1,1,1,4,4,4,4,4,1,1,1,1,4,2,4,4,2,2,4,4,4,4,4,1,4,2,2,4,4,4,4,4,4,4,2,2,2,2,1,4,4,4,4,2,3,3,4,4,4,2,4,4,4,4,4,4,4,4,4,4,3,3,4,4,4,4,3,3,3,3,3,3,3,3,2,2,2,2,2,2,2,2","0.000977993011474609","louvain","edit-xhwikibooks.graphml"
"0.07","0.04","0.89","0.402400412566024","1,1,2,2,3,2,3,2,2,2,3,3,2,2,2,2,2,3,4,3,5,1,2,2,2,2,2,2,1,2,3,4,3,3,4,4,2,2,5,5,5,5,1,1,1,1,5,1,1,1,5,5,5,5,5,1,1,1,1,5,2,5,5,2,2,5,5,5,5,5,1,5,2,2,5,5,5,5,5,5,5,2,2,2,2,1,5,5,5,5,2,3,4,5,5,5,2,5,5,5,5,5,5,5,5,5,5,3,3,5,5,5,5,4,4,4,4,4,4,4,4,2,2,2,2,2,2,2,2","0.00103402137756348","louvain","edit-xhwikibooks.graphml"
"0.06","0.05","0.89","0.402433831782075","1,1,1,2,3,2,3,2,2,2,3,3,2,2,2,2,2,3,4,3,5,1,2,2,2,2,2,2,1,2,3,4,3,3,4,4,2,2,5,5,5,5,1,1,1,1,5,1,1,1,5,5,5,5,5,1,1,1,1,5,2,5,5,2,2,5,5,5,5,5,1,5,2,2,5,5,5,5,5,5,5,2,2,2,2,1,5,5,5,5,2,3,4,5,5,5,2,5,5,5,5,5,5,5,5,5,5,3,3,5,5,5,5,4,4,4,4,4,4,4,4,2,2,2,2,2,2,2,2","0.00108981132507324","louvain","edit-xhwikibooks.graphml"
"0.05","0.06","0.89","0.402285469655122","1,1,2,2,3,2,3,2,2,2,3,3,2,2,2,2,2,3,4,3,5,1,2,2,2,2,2,2,1,2,3,4,3,3,4,4,2,2,5,5,5,5,1,1,1,1,5,1,1,1,5,5,5,5,5,1,1,1,1,5,2,5,5,2,2,5,5,5,5,5,1,5,2,2,5,5,5,5,5,5,5,2,2,2,2,1,5,5,5,5,2,3,4,5,5,5,2,5,5,5,5,5,5,5,5,5,5,3,3,5,5,5,5,4,4,4,4,4,4,4,4,2,2,2,2,2,2,2,2","0.00102114677429199","louvain","edit-xhwikibooks.graphml"
"0.04","0.07","0.89","0.402318839674626","1,1,1,2,3,2,3,2,2,2,3,3,2,2,2,2,2,3,4,3,5,1,2,2,2,2,2,2,1,2,3,4,3,3,4,4,2,2,5,5,5,5,1,1,1,1,5,1,1,1,5,5,5,5,5,1,1,1,1,5,2,5,5,2,2,5,5,5,5,5,1,5,2,2,5,5,5,5,5,5,5,2,2,2,2,1,5,5,5,5,2,3,4,5,5,5,2,5,5,5,5,5,5,5,5,5,5,3,3,5,5,5,5,4,4,4,4,4,4,4,4,2,2,2,2,2,2,2,2","0.00116801261901855","louvain","edit-xhwikibooks.graphml"
"0.03","0.08","0.89","0.402692700331356","1,1,1,2,3,2,3,2,2,2,3,3,2,2,2,2,2,3,4,3,5,1,2,2,2,2,2,2,1,2,3,4,3,3,4,4,2,2,5,5,5,5,1,1,1,1,5,1,1,1,5,5,5,5,5,1,1,1,1,5,2,5,5,2,2,5,5,5,5,5,1,5,2,2,5,5,5,5,5,5,5,2,2,2,2,1,5,5,5,5,2,3,4,5,5,5,2,5,5,5,5,5,5,5,5,5,5,3,3,5,5,5,5,4,4,4,4,4,4,4,4,2,2,2,2,2,2,2,2","0.00115203857421875","louvain","edit-xhwikibooks.graphml"
"0.02","0.09","0.89","0.402577739832249","1,1,1,2,3,2,3,2,2,2,3,3,2,2,2,2,2,3,4,3,5,1,2,2,2,2,2,2,1,2,3,4,3,3,4,4,2,2,5,5,5,5,1,1,1,1,5,1,1,1,5,5,5,5,5,1,1,1,1,5,2,5,5,2,2,5,5,5,5,5,1,5,2,2,5,5,5,5,5,5,5,2,2,2,2,1,5,5,5,5,2,3,4,5,5,5,2,5,5,5,5,5,5,5,5,5,5,3,3,5,5,5,5,4,4,4,4,4,4,4,4,2,2,2,2,2,2,2,2","0.000940799713134766","louvain","edit-xhwikibooks.graphml"
"0.01","0.1","0.89","0.402431467591819","1,1,2,2,3,2,3,2,2,2,3,3,2,2,2,2,2,3,4,3,5,1,2,2,2,2,2,2,1,2,3,4,3,3,4,4,2,2,5,5,5,5,1,1,1,1,5,1,1,1,5,5,5,5,5,1,1,1,1,5,2,5,5,2,2,5,5,5,5,5,1,5,2,2,5,5,5,5,5,5,5,2,2,2,2,1,5,5,5,5,2,3,4,5,5,5,2,5,5,5,5,5,5,5,5,5,5,3,3,5,5,5,5,4,4,4,4,4,4,4,4,2,2,2,2,2,2,2,2","0.000961065292358398","louvain","edit-xhwikibooks.graphml"
"0","0.11","0.89","0.403556667658557","1,1,1,2,1,2,3,2,2,2,3,3,2,2,2,2,2,3,4,3,5,1,2,2,2,2,2,2,1,2,3,4,3,3,4,4,2,2,5,5,5,5,1,1,1,1,5,1,1,1,5,5,5,5,5,1,1,1,1,5,2,5,5,2,2,5,5,5,5,5,1,5,2,2,5,5,5,5,5,5,5,2,2,2,2,1,5,5,5,5,2,3,4,5,5,5,2,5,5,5,5,5,5,5,5,5,5,3,3,5,5,5,5,4,4,4,4,4,4,4,4,2,2,2,2,2,2,2,2","0.00094294548034668","louvain","edit-xhwikibooks.graphml"
"0.1","0","0.9","0.392019664986347","1,1,1,2,3,2,3,2,2,2,3,3,2,2,2,2,2,3,2,3,4,1,2,2,2,2,2,2,1,2,3,2,3,3,2,2,5,2,4,4,4,4,1,1,1,1,4,1,1,1,4,4,4,4,4,1,1,1,1,4,2,4,4,2,2,4,4,4,4,4,1,4,2,2,4,4,4,4,4,4,4,2,2,2,2,1,4,4,4,4,2,3,2,4,4,4,2,4,4,4,4,4,4,4,4,4,4,3,3,4,4,4,4,2,2,2,2,2,2,2,2,5,5,5,5,5,5,5,5","0.000987052917480469","louvain","edit-xhwikibooks.graphml"
"0.09","0.01","0.9","0.396924095608382","1,1,1,2,3,2,3,2,2,2,3,3,2,2,2,2,2,3,4,3,5,1,2,2,2,2,2,2,1,2,3,4,3,3,4,4,2,2,5,5,5,5,1,1,1,1,5,1,1,1,5,5,5,5,5,1,1,1,1,5,2,5,5,2,2,5,5,5,5,5,1,5,2,2,5,5,5,5,5,5,5,2,2,2,2,1,5,5,5,5,2,3,4,5,5,5,2,5,5,5,5,5,5,5,5,5,5,3,3,5,5,5,5,4,4,4,4,4,4,4,4,2,2,2,2,2,2,2,2","0.00108003616333008","louvain","edit-xhwikibooks.graphml"
"0.08","0.02","0.9","0.397174663882405","1,1,2,2,3,2,3,2,2,2,3,3,2,2,2,2,2,3,4,3,5,1,2,2,2,2,2,2,1,2,3,4,3,3,4,4,2,2,5,5,5,5,1,1,1,1,5,1,1,1,5,5,5,5,5,1,1,1,1,5,2,5,5,2,2,5,5,5,5,5,1,5,2,2,5,5,5,5,5,5,5,2,2,2,2,1,5,5,5,5,2,3,4,5,5,5,2,5,5,5,5,5,5,5,5,5,5,3,3,5,5,5,5,4,4,4,4,4,4,4,4,2,2,2,2,2,2,2,2","0.00101590156555176","louvain","edit-xhwikibooks.graphml"
"0.07","0.03","0.9","0.397185276930185","1,1,1,2,3,2,3,2,2,2,3,3,2,2,2,2,2,3,4,3,5,1,2,2,2,2,2,2,1,2,3,4,3,3,4,4,2,2,5,5,5,5,1,1,1,1,5,1,1,1,5,5,5,5,5,1,1,1,1,5,2,5,5,2,2,5,5,5,5,5,1,5,2,2,5,5,5,5,5,5,5,2,2,2,2,1,5,5,5,5,2,3,4,5,5,5,2,5,5,5,5,5,5,5,5,5,5,3,3,5,5,5,5,4,4,4,4,4,4,4,4,2,2,2,2,2,2,2,2","0.00102090835571289","louvain","edit-xhwikibooks.graphml"
"0.06","0.04","0.9","0.397413030350767","1,1,2,2,3,2,3,2,2,2,3,3,2,2,2,2,2,3,4,3,5,1,2,2,2,2,2,2,1,2,3,4,3,3,4,4,2,2,5,5,5,5,1,1,1,1,5,1,1,1,5,5,5,5,5,1,1,1,1,5,2,5,5,2,2,5,5,5,5,5,1,5,2,2,5,5,5,5,5,5,5,2,2,2,2,1,5,5,5,5,2,3,4,5,5,5,2,5,5,5,5,5,5,5,5,5,5,3,3,5,5,5,5,4,4,4,4,4,4,4,4,2,2,2,2,2,2,2,2","0.00107288360595703","louvain","edit-xhwikibooks.graphml"
"0.05","0.05","0.9","0.397445809924833","1,1,1,2,3,2,3,2,2,2,3,3,2,2,2,2,2,3,4,3,5,1,2,2,2,2,2,2,1,2,3,4,3,3,4,4,2,2,5,5,5,5,1,1,1,1,5,1,1,1,5,5,5,5,5,1,1,1,1,5,2,5,5,2,2,5,5,5,5,5,1,5,2,2,5,5,5,5,5,5,5,2,2,2,2,1,5,5,5,5,2,3,4,5,5,5,2,5,5,5,5,5,5,5,5,5,5,3,3,5,5,5,5,4,4,4,4,4,4,4,4,2,2,2,2,2,2,2,2","0.00118494033813477","louvain","edit-xhwikibooks.graphml"
"0.04","0.06","0.9","0.397300856171639","1,1,2,2,3,2,3,2,2,2,3,3,2,2,2,2,2,3,4,3,5,1,2,2,2,2,2,2,1,2,3,4,3,3,4,4,2,2,5,5,5,5,1,1,1,1,5,1,1,1,5,5,5,5,5,1,1,1,1,5,2,5,5,2,2,5,5,5,5,5,1,5,2,2,5,5,5,5,5,5,5,2,2,2,2,1,5,5,5,5,2,3,4,5,5,5,2,5,5,5,5,5,5,5,5,5,5,3,3,5,5,5,5,4,4,4,4,4,4,4,4,2,2,2,2,2,2,2,2","0.00116920471191406","louvain","edit-xhwikibooks.graphml"
"0.03","0.07","0.9","0.397188740226966","1,1,2,2,3,2,3,2,2,2,3,3,2,2,2,2,2,3,4,3,5,1,2,2,2,2,2,2,1,2,3,4,3,3,4,4,2,2,5,5,5,5,1,1,1,1,5,1,1,1,5,5,5,5,5,1,1,1,1,5,2,5,5,2,2,5,5,5,5,5,1,5,2,2,5,5,5,5,5,5,5,2,2,2,2,1,5,5,5,5,2,3,4,5,5,5,2,5,5,5,5,5,5,5,5,5,5,3,3,5,5,5,5,4,4,4,4,4,4,4,4,2,2,2,2,2,2,2,2","0.000993013381958008","louvain","edit-xhwikibooks.graphml"
"0.02","0.08","0.9","0.397705696585968","1,1,1,2,3,2,3,2,2,2,3,3,2,2,2,2,2,3,4,3,5,1,2,2,2,2,2,2,1,2,3,4,3,3,4,4,2,2,5,5,5,5,1,1,1,1,5,1,1,1,5,5,5,5,5,1,1,1,1,5,2,5,5,2,2,5,5,5,5,5,1,5,2,2,5,5,5,5,5,5,5,2,2,2,2,1,5,5,5,5,2,3,4,5,5,5,2,5,5,5,5,5,5,5,5,5,5,3,3,5,5,5,5,4,4,4,4,4,4,4,4,2,2,2,2,2,2,2,2","0.00116395950317383","louvain","edit-xhwikibooks.graphml"
"0.01","0.09","0.9","0.397450566095824","1,1,2,2,3,2,3,2,2,2,3,3,2,2,2,2,2,3,4,3,5,1,2,2,2,2,2,2,1,2,3,4,3,3,4,4,2,2,5,5,5,5,1,1,1,1,5,1,1,1,5,5,5,5,5,1,1,1,1,5,2,5,5,2,2,5,5,5,5,5,1,5,2,2,5,5,5,5,5,5,5,2,2,2,2,1,5,5,5,5,2,3,4,5,5,5,2,5,5,5,5,5,5,5,5,5,5,3,3,5,5,5,5,4,4,4,4,4,4,4,4,2,2,2,2,2,2,2,2","0.00100207328796387","louvain","edit-xhwikibooks.graphml"
"0","0.1","0.9","0.398512471476957","1,1,1,2,1,2,3,2,2,2,3,3,2,2,2,2,2,3,3,3,4,1,2,2,2,2,2,2,1,2,3,3,3,3,3,3,2,2,4,4,4,4,1,1,1,1,4,1,1,1,4,4,4,4,4,1,1,1,1,4,2,4,4,2,2,4,4,4,4,4,1,4,2,2,4,4,4,4,4,4,4,2,2,2,2,1,4,4,4,4,2,3,3,4,4,4,2,4,4,4,4,4,4,4,4,4,4,3,3,4,4,4,4,3,3,3,3,3,3,3,3,2,2,2,2,2,2,2,2","0.0010368824005127","louvain","edit-xhwikibooks.graphml"
"0.09","0","0.91","0.398119311898681","1,1,1,2,3,2,3,2,2,2,3,3,2,2,2,2,2,3,4,3,5,1,2,2,2,2,2,2,1,2,3,4,3,3,4,4,2,2,5,5,5,5,1,1,1,1,5,1,1,1,5,5,5,5,5,1,1,1,1,5,2,5,5,2,2,5,5,5,5,5,1,5,2,2,5,5,5,5,5,5,5,2,2,2,2,1,5,5,5,5,2,3,4,5,5,5,2,5,5,5,5,5,5,5,5,5,5,3,3,5,5,5,5,4,4,4,4,4,4,4,4,2,2,2,2,2,2,2,2","0.00110602378845215","louvain","edit-xhwikibooks.graphml"
"0.08","0.01","0.91","0.398119311898681","1,1,1,2,3,2,3,2,2,2,3,3,2,2,2,2,2,3,4,3,5,1,2,2,2,2,2,2,1,2,3,4,3,3,4,4,2,2,5,5,5,5,1,1,1,1,5,1,1,1,5,5,5,5,5,1,1,1,1,5,2,5,5,2,2,5,5,5,5,5,1,5,2,2,5,5,5,5,5,5,5,2,2,2,2,1,5,5,5,5,2,3,4,5,5,5,2,5,5,5,5,5,5,5,5,5,5,3,3,5,5,5,5,4,4,4,4,4,4,4,4,2,2,2,2,2,2,2,2","0.00100398063659668","louvain","edit-xhwikibooks.graphml"
"0.07","0.02","0.91","0.39814080982151","1,1,1,2,3,2,3,2,2,2,3,3,2,2,2,2,2,3,4,3,5,1,2,2,2,2,2,2,1,2,3,4,3,3,4,4,2,2,5,5,5,5,1,1,1,1,5,1,1,1,5,5,5,5,5,1,1,1,1,5,2,5,5,2,2,5,5,5,5,5,1,5,2,2,5,5,5,5,5,5,5,2,2,2,2,1,5,5,5,5,2,3,4,5,5,5,2,5,5,5,5,5,5,5,5,5,5,3,3,5,5,5,5,4,4,4,4,4,4,4,4,2,2,2,2,2,2,2,2","0.00116991996765137","louvain","edit-xhwikibooks.graphml"
"0.06","0.03","0.91","0.398252888596614","1,1,2,2,3,2,3,2,2,2,3,3,2,2,2,2,2,3,4,3,5,1,2,2,2,2,2,2,1,2,3,4,3,3,4,4,2,2,5,5,5,5,1,1,1,1,5,1,1,1,5,5,5,5,5,1,1,1,1,5,2,5,5,2,2,5,5,5,5,5,1,5,2,2,5,5,5,5,5,5,5,2,2,2,2,1,5,5,5,5,2,3,4,5,5,5,2,5,5,5,5,5,5,5,5,5,5,3,3,5,5,5,5,4,4,4,4,4,4,4,4,2,2,2,2,2,2,2,2","0.00101613998413086","louvain","edit-xhwikibooks.graphml"
"0.05","0.04","0.91","0.398400080317332","1,1,1,2,3,2,3,2,2,2,3,3,2,2,2,2,2,3,4,3,5,1,2,2,2,2,2,2,1,2,3,4,3,3,4,4,2,2,5,5,5,5,1,1,1,1,5,1,1,1,5,5,5,5,5,1,1,1,1,5,2,5,5,2,2,5,5,5,5,5,1,5,2,2,5,5,5,5,5,5,5,2,2,2,2,1,5,5,5,5,2,3,4,5,5,5,2,5,5,5,5,5,5,5,5,5,5,3,3,5,5,5,5,4,4,4,4,4,4,4,4,2,2,2,2,2,2,2,2","0.000946044921875","louvain","edit-xhwikibooks.graphml"
"0.04","0.05","0.91","0.398287885575637","1,1,1,2,3,2,3,2,2,2,3,3,2,2,2,2,2,3,4,3,5,1,2,2,2,2,2,2,1,2,3,4,3,3,4,4,2,2,5,5,5,5,1,1,1,1,5,1,1,1,5,5,5,5,5,1,1,1,1,5,2,5,5,2,2,5,5,5,5,5,1,5,2,2,5,5,5,5,5,5,5,2,2,2,2,1,5,5,5,5,2,3,4,5,5,5,2,5,5,5,5,5,5,5,5,5,5,3,3,5,5,5,5,4,4,4,4,4,4,4,4,2,2,2,2,2,2,2,2","0.000983953475952148","louvain","edit-xhwikibooks.graphml"
"0.03","0.06","0.91","0.398140800303457","1,1,2,2,3,2,3,2,2,2,3,3,2,2,2,2,2,3,4,3,5,1,2,2,2,2,2,2,1,2,3,4,3,3,4,4,2,2,5,5,5,5,1,1,1,1,5,1,1,1,5,5,5,5,5,1,1,1,1,5,2,5,5,2,2,5,5,5,5,5,1,5,2,2,5,5,5,5,5,5,5,2,2,2,2,1,5,5,5,5,2,3,4,5,5,5,2,5,5,5,5,5,5,5,5,5,5,3,3,5,5,5,5,4,4,4,4,4,4,4,4,2,2,2,2,2,2,2,2","0.000978946685791016","louvain","edit-xhwikibooks.graphml"
"0.02","0.07","0.91","0.398028769967308","1,1,2,2,3,2,3,2,2,2,3,3,2,2,2,2,2,3,4,3,5,1,2,2,2,2,2,2,1,2,3,4,3,3,4,4,2,2,5,5,5,5,1,1,1,1,5,1,1,1,5,5,5,5,5,1,1,1,1,5,2,5,5,2,2,5,5,5,5,5,1,5,2,2,5,5,5,5,5,5,5,2,2,2,2,1,5,5,5,5,2,3,4,5,5,5,2,5,5,5,5,5,5,5,5,5,5,3,3,5,5,5,5,4,4,4,4,4,4,4,4,2,2,2,2,2,2,2,2","0.00101804733276367","louvain","edit-xhwikibooks.graphml"
"0.01","0.08","0.91","0.398044535675181","1,1,2,2,3,2,3,2,2,2,3,3,2,2,2,2,2,3,3,3,4,1,2,2,2,2,2,2,1,2,3,3,3,3,3,3,2,2,4,4,4,4,1,1,1,1,4,1,1,1,4,4,4,4,4,1,1,1,1,4,2,4,4,2,2,4,4,4,4,4,1,4,2,2,4,4,4,4,4,4,4,2,2,2,2,1,4,4,4,4,2,3,3,4,4,4,2,4,4,4,4,4,4,4,4,4,4,3,3,4,4,4,4,3,3,3,3,3,3,3,3,2,2,2,2,2,2,2,2","0.000977039337158203","louvain","edit-xhwikibooks.graphml"
"0","0.09","0.91","0.399535427319211","1,1,1,2,1,2,3,2,2,2,3,3,2,2,2,2,2,3,4,3,5,1,2,2,2,2,2,2,1,2,3,4,3,3,4,4,2,2,5,5,5,5,1,1,1,1,5,1,1,1,5,5,5,5,5,1,1,1,1,5,2,5,5,2,2,5,5,5,5,5,1,5,2,2,5,5,5,5,5,5,5,2,2,2,2,1,5,5,5,5,2,3,4,5,5,5,2,5,5,5,5,5,5,5,5,5,5,3,3,5,5,5,5,4,4,4,4,4,4,4,4,2,2,2,2,2,2,2,2","0.000963926315307617","louvain","edit-xhwikibooks.graphml"
"0.08","0","0.92","0.399494397307987","1,1,1,2,3,2,3,2,2,2,3,3,2,2,2,2,2,3,4,3,5,1,2,2,2,2,2,2,1,2,3,4,3,3,4,4,2,2,5,5,5,5,1,1,1,1,5,1,1,1,5,5,5,5,5,1,1,1,1,5,2,5,5,2,2,5,5,5,5,5,1,5,2,2,5,5,5,5,5,5,5,2,2,2,2,1,5,5,5,5,2,3,4,5,5,5,2,5,5,5,5,5,5,5,5,5,5,3,3,5,5,5,5,4,4,4,4,4,4,4,4,2,2,2,2,2,2,2,2","0.000983953475952148","louvain","edit-xhwikibooks.graphml"
"0.07","0.01","0.92","0.399021316937715","1,1,2,2,3,2,3,2,2,2,3,3,2,2,2,2,2,3,3,3,4,1,2,2,2,2,2,2,1,2,3,3,3,3,3,3,2,2,4,4,4,4,1,1,1,1,4,1,1,1,4,4,4,4,4,1,1,1,1,4,2,4,4,2,2,4,4,4,4,4,1,4,2,2,4,4,4,4,4,4,4,2,2,2,2,1,4,4,4,4,2,3,3,4,4,4,2,4,4,4,4,4,4,4,4,4,4,3,3,4,4,4,4,3,3,3,3,3,3,3,3,2,2,2,2,2,2,2,2","0.0010068416595459","louvain","edit-xhwikibooks.graphml"
"0.06","0.02","0.92","0.399854883790204","1,1,1,2,3,2,3,2,2,2,3,3,2,2,2,2,2,3,4,3,5,1,2,2,2,2,2,2,1,2,3,4,3,3,4,4,2,2,5,5,5,5,1,1,1,1,5,1,1,1,5,5,5,5,5,1,1,1,1,5,2,5,5,2,2,5,5,5,5,5,1,5,2,2,5,5,5,5,5,5,5,2,2,2,2,1,5,5,5,5,2,3,4,5,5,5,2,5,5,5,5,5,5,5,5,5,5,3,3,5,5,5,5,4,4,4,4,4,4,4,4,2,2,2,2,2,2,2,2","0.00100302696228027","louvain","edit-xhwikibooks.graphml"
"0.05","0.03","0.92","0.399616585362567","1,1,2,2,3,2,3,2,2,2,3,3,2,2,2,2,2,3,3,3,4,1,2,2,2,2,2,2,1,2,3,3,3,3,3,3,2,2,4,4,4,4,1,1,1,1,4,1,1,1,4,4,4,4,4,1,1,1,1,4,2,4,4,2,2,4,4,4,4,4,1,4,2,2,4,4,4,4,4,4,4,2,2,2,2,1,4,4,4,4,2,3,3,4,4,4,2,4,4,4,4,4,4,4,4,4,4,3,3,4,4,4,4,3,3,3,3,3,3,3,3,2,2,2,2,2,2,2,2","0.00116515159606934","louvain","edit-xhwikibooks.graphml"
"0.04","0.04","0.92","0.399981483701977","1,1,2,2,3,2,3,2,2,2,3,3,2,2,2,2,2,3,4,3,5,1,2,2,2,2,2,2,1,2,3,4,3,3,4,4,2,2,5,5,5,5,1,1,1,1,5,1,1,1,5,5,5,5,5,1,1,1,1,5,2,5,5,2,2,5,5,5,5,5,1,5,2,2,5,5,5,5,5,5,5,2,2,2,2,1,5,5,5,5,2,3,4,5,5,5,2,5,5,5,5,5,5,5,5,5,5,3,3,5,5,5,5,4,4,4,4,4,4,4,4,2,2,2,2,2,2,2,2","0.00100302696228027","louvain","edit-xhwikibooks.graphml"
"0.03","0.05","0.92","0.393284998336276","1,1,2,2,3,2,3,2,2,2,3,3,2,2,2,2,2,3,4,3,5,1,2,2,2,2,2,2,1,2,3,4,3,3,4,4,2,2,5,5,5,5,1,1,1,1,5,1,1,1,5,5,5,5,5,1,1,1,1,5,2,5,5,2,2,5,5,5,5,5,1,5,2,2,5,5,5,5,5,5,5,2,2,2,2,1,5,5,5,5,2,3,4,5,5,5,2,5,5,5,5,5,5,5,5,5,5,3,3,5,5,5,5,4,4,4,4,4,4,4,4,2,2,2,2,2,2,2,2","0.00116586685180664","louvain","edit-xhwikibooks.graphml"
"0.02","0.06","0.92","0.393428749689276","1,1,1,2,3,2,3,2,2,2,3,3,2,2,2,2,2,3,4,3,5,1,2,2,2,2,2,2,1,2,3,4,3,3,4,4,2,2,5,5,5,5,1,1,1,1,5,1,1,1,5,5,5,5,5,1,1,1,1,5,2,5,5,2,2,5,5,5,5,5,1,5,2,2,5,5,5,5,5,5,5,2,2,2,2,1,5,5,5,5,2,3,4,5,5,5,2,5,5,5,5,5,5,5,5,5,5,3,3,5,5,5,5,4,4,4,4,4,4,4,4,2,2,2,2,2,2,2,2","0.00800609588623047","louvain","edit-xhwikibooks.graphml"
"0.01","0.07","0.92","0.387553551159827","1,1,1,2,3,2,3,2,2,2,3,3,2,2,2,2,2,3,2,3,4,1,2,2,2,2,2,2,1,2,3,2,3,3,2,2,5,2,4,4,4,4,1,1,1,1,4,1,1,1,4,4,4,4,4,1,1,1,1,4,2,4,4,2,2,4,4,4,4,4,1,4,2,2,4,4,4,4,4,4,4,2,2,2,2,1,4,4,4,4,2,3,2,4,4,4,2,4,4,4,4,4,4,4,4,4,4,3,3,4,4,4,4,2,2,2,2,2,2,2,2,5,5,5,5,5,5,5,5","0.00118494033813477","louvain","edit-xhwikibooks.graphml"
"0","0.08","0.92","0.394802392962855","1,1,1,2,1,2,3,2,2,2,3,3,2,2,2,2,2,3,4,3,5,1,2,2,2,2,2,2,1,2,3,4,3,3,4,4,2,2,5,5,5,5,1,1,1,1,5,1,1,1,5,5,5,5,5,1,1,1,1,5,2,5,5,2,2,5,5,5,5,5,1,5,2,2,5,5,5,5,5,5,5,2,2,2,2,1,5,5,5,5,2,3,4,5,5,5,2,5,5,5,5,5,5,5,5,5,5,3,3,5,5,5,5,4,4,4,4,4,4,4,4,2,2,2,2,2,2,2,2","0.000978946685791016","louvain","edit-xhwikibooks.graphml"
"0.07","0","0.93","0.401660856984847","1,1,2,2,3,2,3,2,2,2,3,3,2,2,2,2,2,3,4,3,5,1,2,2,2,2,2,2,1,2,3,4,3,3,4,4,2,2,5,5,5,5,1,1,1,1,5,1,1,1,5,5,5,5,5,1,1,1,1,5,2,5,5,2,2,5,5,5,5,5,1,5,2,2,5,5,5,5,5,5,5,2,2,2,2,1,5,5,5,5,2,3,4,5,5,5,2,5,5,5,5,5,5,5,5,5,5,3,3,5,5,5,5,4,4,4,4,4,4,4,4,2,2,2,2,2,2,2,2","0.000955820083618164","louvain","edit-xhwikibooks.graphml"
"0.06","0.01","0.93","0.401766851144165","1,1,1,2,3,2,3,2,2,2,3,3,2,2,2,2,2,3,4,3,5,1,2,2,2,2,2,2,1,2,3,4,3,3,4,4,2,2,5,5,5,5,1,1,1,1,5,1,1,1,5,5,5,5,5,1,1,1,1,5,2,5,5,2,2,5,5,5,5,5,1,5,2,2,5,5,5,5,5,5,5,2,2,2,2,1,5,5,5,5,2,3,4,5,5,5,2,5,5,5,5,5,5,5,5,5,5,3,3,5,5,5,5,4,4,4,4,4,4,4,4,2,2,2,2,2,2,2,2","0.0010371208190918","louvain","edit-xhwikibooks.graphml"
"0.05","0.02","0.93","0.401608285895294","1,1,2,2,3,2,3,2,2,2,3,3,2,2,2,2,2,3,3,3,4,1,2,2,2,2,2,2,1,2,3,3,3,3,3,3,2,2,4,4,4,4,1,1,1,1,4,1,1,1,4,4,4,4,4,1,1,1,1,4,2,4,4,2,2,4,4,4,4,4,1,4,2,2,4,4,4,4,4,4,4,2,2,2,2,1,4,4,4,4,2,3,3,4,4,4,2,4,4,4,4,4,4,4,4,4,4,3,3,4,4,4,4,3,3,3,3,3,3,3,3,2,2,2,2,2,2,2,2","0.00112390518188477","louvain","edit-xhwikibooks.graphml"
"0.04","0.03","0.93","0.399098890504804","1,1,1,2,1,2,1,2,2,2,1,1,2,2,2,2,2,1,3,1,4,1,2,2,2,2,2,2,1,2,1,3,1,1,3,3,2,2,4,4,4,4,1,1,1,1,4,1,1,1,4,4,4,4,4,1,1,1,1,4,2,4,4,2,2,4,4,4,4,4,1,4,2,2,4,4,4,4,4,4,4,2,2,2,2,1,4,4,4,4,2,1,3,4,4,4,2,4,4,4,4,4,4,4,4,4,4,1,1,4,4,4,4,3,3,3,3,3,3,3,3,2,2,2,2,2,2,2,2","0.000925064086914062","louvain","edit-xhwikibooks.graphml"
"0.03","0.04","0.93","0.399753984427368","1,1,2,2,3,2,3,2,2,2,3,3,2,2,2,2,2,3,4,3,5,1,2,2,2,2,2,2,1,2,3,4,3,3,4,4,2,2,5,5,5,5,1,1,1,1,5,1,1,1,5,5,5,5,5,1,1,1,1,5,2,5,5,2,2,5,5,5,5,5,1,5,2,2,5,5,5,5,5,5,5,2,2,2,2,1,5,5,5,5,2,3,4,5,5,5,2,5,5,5,5,5,5,5,5,5,5,3,3,5,5,5,5,4,4,4,4,4,4,4,4,2,2,2,2,2,2,2,2","0.00093388557434082","louvain","edit-xhwikibooks.graphml"
"0.02","0.05","0.93","0.399766555455726","1,1,1,2,3,2,3,2,2,2,3,3,2,2,2,2,2,3,4,3,5,1,2,2,2,2,2,2,1,2,3,4,3,3,4,4,2,2,5,5,5,5,1,1,1,1,5,1,1,1,5,5,5,5,5,1,1,1,1,5,2,5,5,2,2,5,5,5,5,5,1,5,2,2,5,5,5,5,5,5,5,2,2,2,2,1,5,5,5,5,2,3,4,5,5,5,2,5,5,5,5,5,5,5,5,5,5,3,3,5,5,5,5,4,4,4,4,4,4,4,4,2,2,2,2,2,2,2,2","0.000972986221313477","louvain","edit-xhwikibooks.graphml"
"0.01","0.06","0.93","0.399644263707111","1,1,2,2,3,2,3,2,2,2,3,3,2,2,2,2,2,3,4,3,5,1,2,2,2,2,2,2,1,2,3,4,3,3,4,4,2,2,5,5,5,5,1,1,1,1,5,1,1,1,5,5,5,5,5,1,1,1,1,5,2,5,5,2,2,5,5,5,5,5,1,5,2,2,5,5,5,5,5,5,5,2,2,2,2,1,5,5,5,5,2,3,4,5,5,5,2,5,5,5,5,5,5,5,5,5,5,3,3,5,5,5,5,4,4,4,4,4,4,4,4,2,2,2,2,2,2,2,2","0.000967025756835938","louvain","edit-xhwikibooks.graphml"
"0","0.07","0.93","0.400713467911723","1,1,1,2,1,2,3,2,2,2,3,3,2,2,2,2,2,3,4,3,5,1,2,2,2,2,2,2,1,2,3,4,3,3,4,4,2,2,5,5,5,5,1,1,1,1,5,1,1,1,5,5,5,5,5,1,1,1,1,5,2,5,5,2,2,5,5,5,5,5,1,5,2,2,5,5,5,5,5,5,5,2,2,2,2,1,5,5,5,5,2,3,4,5,5,5,2,5,5,5,5,5,5,5,5,5,5,3,3,5,5,5,5,4,4,4,4,4,4,4,4,2,2,2,2,2,2,2,2","0.00108790397644043","louvain","edit-xhwikibooks.graphml"
"0.06","0","0.94","0.396912048587934","1,1,2,2,3,2,3,2,2,2,3,3,2,2,2,2,2,3,4,3,5,1,2,2,2,2,2,2,1,2,3,4,3,3,4,4,2,2,5,5,5,5,1,1,1,1,5,1,1,1,5,5,5,5,5,1,1,1,1,5,2,5,5,2,2,5,5,5,5,5,1,5,2,2,5,5,5,5,5,5,5,2,2,2,2,1,5,5,5,5,2,3,4,5,5,5,2,5,5,5,5,5,5,5,5,5,5,3,3,5,5,5,5,4,4,4,4,4,4,4,4,2,2,2,2,2,2,2,2","0.00103402137756348","louvain","edit-xhwikibooks.graphml"
"0.05","0.01","0.94","0.397013221350375","1,1,1,2,3,2,3,2,2,2,3,3,2,2,2,2,2,3,4,3,5,1,2,2,2,2,2,2,1,2,3,4,3,3,4,4,2,2,5,5,5,5,1,1,1,1,5,1,1,1,5,5,5,5,5,1,1,1,1,5,2,5,5,2,2,5,5,5,5,5,1,5,2,2,5,5,5,5,5,5,5,2,2,2,2,1,5,5,5,5,2,3,4,5,5,5,2,5,5,5,5,5,5,5,5,5,5,3,3,5,5,5,5,4,4,4,4,4,4,4,4,2,2,2,2,2,2,2,2","0.000980138778686523","louvain","edit-xhwikibooks.graphml"
"0.04","0.02","0.94","0.397350112786703","1,1,1,2,3,2,3,2,2,2,3,3,2,2,2,2,2,3,3,3,4,1,2,2,2,2,2,2,1,2,3,3,3,3,3,3,2,2,4,4,4,4,1,1,1,1,4,1,1,1,4,4,4,4,4,1,1,1,1,4,2,4,4,2,2,4,4,4,4,4,1,4,2,2,4,4,4,4,4,4,4,2,2,2,2,1,4,4,4,4,2,3,3,4,4,4,2,4,4,4,4,4,4,4,4,4,4,3,3,4,4,4,4,3,3,3,3,3,3,3,3,2,2,2,2,2,2,2,2","0.00098109245300293","louvain","edit-xhwikibooks.graphml"
"0.03","0.03","0.94","0.397125583204526","1,1,2,2,3,2,3,2,2,2,3,3,2,2,2,2,2,3,3,3,4,1,2,2,2,2,2,2,1,2,3,3,3,3,3,3,2,2,4,4,4,4,1,1,1,1,4,1,1,1,4,4,4,4,4,1,1,1,1,4,2,4,4,2,2,4,4,4,4,4,1,4,2,2,4,4,4,4,4,4,4,2,2,2,2,1,4,4,4,4,2,3,3,4,4,4,2,4,4,4,4,4,4,4,4,4,4,3,3,4,4,4,4,3,3,3,3,3,3,3,3,2,2,2,2,2,2,2,2","0.00107502937316895","louvain","edit-xhwikibooks.graphml"
"0.02","0.04","0.94","0.397617018540046","1,1,1,2,3,2,3,2,2,2,3,3,2,2,2,2,2,3,4,3,5,1,2,2,2,2,2,2,1,2,3,4,3,3,4,4,2,2,5,5,5,5,1,1,1,1,5,1,1,1,5,5,5,5,5,1,1,1,1,5,2,5,5,2,2,5,5,5,5,5,1,5,2,2,5,5,5,5,5,5,5,2,2,2,2,1,5,5,5,5,2,3,4,5,5,5,2,5,5,5,5,5,5,5,5,5,5,3,3,5,5,5,5,4,4,4,4,4,4,4,4,2,2,2,2,2,2,2,2","0.00104808807373047","louvain","edit-xhwikibooks.graphml"
"0.01","0.05","0.94","0.397154258264386","1,1,1,2,3,2,3,2,2,2,3,3,2,2,2,2,2,3,4,3,5,1,2,2,2,2,2,2,1,2,3,4,3,3,4,4,2,2,5,5,5,5,1,1,1,1,5,1,1,1,5,5,5,5,5,1,1,1,1,5,2,5,5,2,2,5,5,5,5,5,1,5,2,2,5,5,5,5,5,5,5,2,2,2,2,1,5,5,5,5,2,3,4,5,5,5,2,5,5,5,5,5,5,5,5,5,5,3,3,5,5,5,5,4,4,4,4,4,4,4,4,2,2,2,2,2,2,2,2","0.000984907150268555","louvain","edit-xhwikibooks.graphml"
"0","0.06","0.94","0.398213136919366","1,1,1,2,1,2,3,2,2,2,3,3,2,2,2,2,2,3,4,3,5,1,2,2,2,2,2,2,1,2,3,4,3,3,4,4,2,2,5,5,5,5,1,1,1,1,5,1,1,1,5,5,5,5,5,1,1,1,1,5,2,5,5,2,2,5,5,5,5,5,1,5,2,2,5,5,5,5,5,5,5,2,2,2,2,1,5,5,5,5,2,3,4,5,5,5,2,5,5,5,5,5,5,5,5,5,5,3,3,5,5,5,5,4,4,4,4,4,4,4,4,2,2,2,2,2,2,2,2","0.000894069671630859","louvain","edit-xhwikibooks.graphml"
"0.05","0","0.95","0.396690465534694","1,1,2,2,3,2,3,2,2,2,3,3,2,2,2,2,2,3,4,3,5,1,2,2,2,2,2,2,1,2,3,4,3,3,4,4,2,2,5,5,5,5,1,1,1,1,5,1,1,1,5,5,5,5,5,1,1,1,1,5,2,5,5,2,2,5,5,5,5,5,1,5,2,2,5,5,5,5,5,5,5,2,2,2,2,1,5,5,5,5,2,3,4,5,5,5,2,5,5,5,5,5,5,5,5,5,5,3,3,5,5,5,5,4,4,4,4,4,4,4,4,2,2,2,2,2,2,2,2","0.0010077953338623","louvain","edit-xhwikibooks.graphml"
"0.04","0.01","0.95","0.397047615342834","1,1,2,2,3,2,3,2,2,2,3,3,2,2,2,2,2,3,4,3,5,1,2,2,2,2,2,2,1,2,3,4,3,3,4,4,2,2,5,5,5,5,1,1,1,1,5,1,1,1,5,5,5,5,5,1,1,1,1,5,2,5,5,2,2,5,5,5,5,5,1,5,2,2,5,5,5,5,5,5,5,2,2,2,2,1,5,5,5,5,2,3,4,5,5,5,2,5,5,5,5,5,5,5,5,5,5,3,3,5,5,5,5,4,4,4,4,4,4,4,4,2,2,2,2,2,2,2,2","0.000979900360107422","louvain","edit-xhwikibooks.graphml"
"0.03","0.02","0.95","0.397501838383283","1,1,1,2,3,2,3,2,2,2,3,3,2,2,2,2,2,3,4,3,5,1,2,2,2,2,2,2,1,2,3,4,3,3,4,4,2,2,5,5,5,5,1,1,1,1,5,1,1,1,5,5,5,5,5,1,1,1,1,5,2,5,5,2,2,5,5,5,5,5,1,5,2,2,5,5,5,5,5,5,5,2,2,2,2,1,5,5,5,5,2,3,4,5,5,5,2,5,5,5,5,5,5,5,5,5,5,3,3,5,5,5,5,4,4,4,4,4,4,4,4,2,2,2,2,2,2,2,2","0.000985860824584961","louvain","edit-xhwikibooks.graphml"
"0.02","0.03","0.95","0.397277563669708","1,1,2,2,3,2,3,2,2,2,3,3,2,2,2,2,2,3,4,3,5,1,2,2,2,2,2,2,1,2,3,4,3,3,4,4,2,2,5,5,5,5,1,1,1,1,5,1,1,1,5,5,5,5,5,1,1,1,1,5,2,5,5,2,2,5,5,5,5,5,1,5,2,2,5,5,5,5,5,5,5,2,2,2,2,1,5,5,5,5,2,3,4,5,5,5,2,5,5,5,5,5,5,5,5,5,5,3,3,5,5,5,5,4,4,4,4,4,4,4,4,2,2,2,2,2,2,2,2","0.00108599662780762","louvain","edit-xhwikibooks.graphml"
"0.01","0.04","0.95","0.397394462519471","1,1,1,2,3,2,3,2,2,2,3,3,2,2,2,2,2,3,4,3,5,1,2,2,2,2,2,2,1,2,3,4,3,3,4,4,2,2,5,5,5,5,1,1,1,1,5,1,1,1,5,5,5,5,5,1,1,1,1,5,2,5,5,2,2,5,5,5,5,5,1,5,2,2,5,5,5,5,5,5,5,2,2,2,2,1,5,5,5,5,2,3,4,5,5,5,2,5,5,5,5,5,5,5,5,5,5,3,3,5,5,5,5,4,4,4,4,4,4,4,4,2,2,2,2,2,2,2,2","0.0009918212890625","louvain","edit-xhwikibooks.graphml"
"0","0.05","0.95","0.398341277547999","1,1,1,2,1,2,3,2,2,2,3,3,2,2,2,2,2,3,4,3,5,1,2,2,2,2,2,2,1,2,3,4,3,3,4,4,2,2,5,5,5,5,1,1,1,1,5,1,1,1,5,5,5,5,5,1,1,1,1,5,2,5,5,2,2,5,5,5,5,5,1,5,2,2,5,5,5,5,5,5,5,2,2,2,2,1,5,5,5,5,2,3,4,5,5,5,2,5,5,5,5,5,5,5,5,5,5,3,3,5,5,5,5,4,4,4,4,4,4,4,4,2,2,2,2,2,2,2,2","0.00097203254699707","louvain","edit-xhwikibooks.graphml"
"0.04","0","0.96","0.39170679094491","1,1,2,2,3,2,3,2,2,2,3,3,2,2,2,2,2,3,4,3,5,1,2,2,2,2,2,2,1,2,3,4,3,3,4,4,2,2,5,5,5,5,1,1,1,1,5,1,1,1,5,5,5,5,5,1,1,1,1,5,2,5,5,2,2,5,5,5,5,5,1,5,2,2,5,5,5,5,5,5,5,2,2,2,2,1,5,5,5,5,2,3,4,5,5,5,2,5,5,5,5,5,5,5,5,5,5,3,3,5,5,5,5,4,4,4,4,4,4,4,4,2,2,2,2,2,2,2,2","0.00101685523986816","louvain","edit-xhwikibooks.graphml"
"0.03","0.01","0.96","0.392062576307857","1,1,2,2,3,2,3,2,2,2,3,3,2,2,2,2,2,3,4,3,5,1,2,2,2,2,2,2,1,2,3,4,3,3,4,4,2,2,5,5,5,5,1,1,1,1,5,1,1,1,5,5,5,5,5,1,1,1,1,5,2,5,5,2,2,5,5,5,5,5,1,5,2,2,5,5,5,5,5,5,5,2,2,2,2,1,5,5,5,5,2,3,4,5,5,5,2,5,5,5,5,5,5,5,5,5,5,3,3,5,5,5,5,4,4,4,4,4,4,4,4,2,2,2,2,2,2,2,2","0.00106000900268555","louvain","edit-xhwikibooks.graphml"
"0.02","0.02","0.96","0.391811514300756","1,1,1,2,1,2,1,2,2,2,1,1,2,2,2,2,2,1,3,1,4,1,2,2,2,2,2,2,1,2,1,3,1,1,3,3,2,2,4,4,4,4,1,1,1,1,4,1,1,1,4,4,4,4,4,1,1,1,1,4,2,4,4,2,2,4,4,4,4,4,1,4,2,2,4,4,4,4,4,4,4,2,2,2,2,1,4,4,4,4,2,1,3,4,4,4,2,4,4,4,4,4,4,4,4,4,4,1,1,4,4,4,4,3,3,3,3,3,3,3,3,2,2,2,2,2,2,2,2","0.000982046127319336","louvain","edit-xhwikibooks.graphml"
"0.01","0.03","0.96","0.392294257463672","1,1,2,2,3,2,3,2,2,2,3,3,2,2,2,2,2,3,4,3,5,1,2,2,2,2,2,2,1,2,3,4,3,3,4,4,2,2,5,5,5,5,1,1,1,1,5,1,1,1,5,5,5,5,5,1,1,1,1,5,2,5,5,2,2,5,5,5,5,5,1,5,2,2,5,5,5,5,5,5,5,2,2,2,2,1,5,5,5,5,2,3,4,5,5,5,2,5,5,5,5,5,5,5,5,5,5,3,3,5,5,5,5,4,4,4,4,4,4,4,4,2,2,2,2,2,2,2,2","0.000982046127319336","louvain","edit-xhwikibooks.graphml"
"0","0.04","0.96","0.393475652785949","1,1,1,2,1,2,3,2,2,2,3,3,2,2,2,2,2,3,4,3,5,1,2,2,2,2,2,2,1,2,3,4,3,3,4,4,2,2,5,5,5,5,1,1,1,1,5,1,1,1,5,5,5,5,5,1,1,1,1,5,2,5,5,2,2,5,5,5,5,5,1,5,2,2,5,5,5,5,5,5,5,2,2,2,2,1,5,5,5,5,2,3,4,5,5,5,2,5,5,5,5,5,5,5,5,5,5,3,3,5,5,5,5,4,4,4,4,4,4,4,4,2,2,2,2,2,2,2,2","0.00104618072509766","louvain","edit-xhwikibooks.graphml"
"0.03","0","0.97","0.39158794623277","1,1,1,2,3,2,3,2,2,2,3,3,2,2,2,2,2,3,4,3,5,1,2,2,2,2,2,2,1,2,3,4,3,3,4,4,2,2,5,5,5,5,1,1,1,1,5,1,1,1,5,5,5,5,5,1,1,1,1,5,2,5,5,2,2,5,5,5,5,5,1,5,2,2,5,5,5,5,5,5,5,2,2,2,2,1,5,5,5,5,2,3,4,5,5,5,2,5,5,5,5,5,5,5,5,5,5,3,3,5,5,5,5,4,4,4,4,4,4,4,4,2,2,2,2,2,2,2,2","0.000983953475952148","louvain","edit-xhwikibooks.graphml"
"0.02","0.01","0.97","0.392183452370933","1,1,2,2,3,2,3,2,2,2,3,3,2,2,2,2,2,3,4,3,5,1,2,2,2,2,2,2,1,2,3,4,3,3,4,4,2,2,5,5,5,5,1,1,1,1,5,1,1,1,5,5,5,5,5,1,1,1,1,5,2,5,5,2,2,5,5,5,5,5,1,5,2,2,5,5,5,5,5,5,5,2,2,2,2,1,5,5,5,5,2,3,4,5,5,5,2,5,5,5,5,5,5,5,5,5,5,3,3,5,5,5,5,4,4,4,4,4,4,4,4,2,2,2,2,2,2,2,2","0.00127601623535156","louvain","edit-xhwikibooks.graphml"
"0.01","0.02","0.97","0.392183452370933","1,1,2,2,3,2,3,2,2,2,3,3,2,2,2,2,2,3,4,3,5,1,2,2,2,2,2,2,1,2,3,4,3,3,4,4,2,2,5,5,5,5,1,1,1,1,5,1,1,1,5,5,5,5,5,1,1,1,1,5,2,5,5,2,2,5,5,5,5,5,1,5,2,2,5,5,5,5,5,5,5,2,2,2,2,1,5,5,5,5,2,3,4,5,5,5,2,5,5,5,5,5,5,5,5,5,5,3,3,5,5,5,5,4,4,4,4,4,4,4,4,2,2,2,2,2,2,2,2","0.000991106033325195","louvain","edit-xhwikibooks.graphml"
"0","0.03","0.97","0.39325840880455","1,1,1,2,1,2,3,2,2,2,3,3,2,2,2,2,2,3,4,3,5,1,2,2,2,2,2,2,1,2,3,4,3,3,4,4,2,2,5,5,5,5,1,1,1,1,5,1,1,1,5,5,5,5,5,1,1,1,1,5,2,5,5,2,2,5,5,5,5,5,1,5,2,2,5,5,5,5,5,5,5,2,2,2,2,1,5,5,5,5,2,3,4,5,5,5,2,5,5,5,5,5,5,5,5,5,5,3,3,5,5,5,5,4,4,4,4,4,4,4,4,2,2,2,2,2,2,2,2","0.000983953475952148","louvain","edit-xhwikibooks.graphml"
"0.02","0","0.98","0.386628136119995","1,1,2,2,3,2,3,2,2,2,3,3,2,2,2,2,2,3,4,3,5,1,2,2,2,2,2,2,1,2,3,4,3,3,4,4,2,2,5,5,5,5,1,1,1,1,5,1,1,1,5,5,5,5,5,1,1,1,1,5,2,5,5,2,2,5,5,5,5,5,1,5,2,2,5,5,5,5,5,5,5,2,2,2,2,1,5,5,5,5,2,3,4,5,5,5,2,5,5,5,5,5,5,5,5,5,5,3,3,5,5,5,5,4,4,4,4,4,4,4,4,2,2,2,2,2,2,2,2","0.00102400779724121","louvain","edit-xhwikibooks.graphml"
"0.01","0.01","0.98","0.386760705075524","1,1,1,2,1,2,1,2,2,2,1,1,2,2,2,2,2,1,3,1,4,1,2,2,2,2,2,2,1,2,1,3,1,1,3,3,2,2,4,4,4,4,1,1,1,1,4,1,1,1,4,4,4,4,4,1,1,1,1,4,2,4,4,2,2,4,4,4,4,4,1,4,2,2,4,4,4,4,4,4,4,2,2,2,2,1,4,4,4,4,2,1,3,4,4,4,2,4,4,4,4,4,4,4,4,4,4,1,1,4,4,4,4,3,3,3,3,3,3,3,3,2,2,2,2,2,2,2,2","0.000989198684692383","louvain","edit-xhwikibooks.graphml"
"0","0.02","0.98","0.388507050665645","1,1,1,2,1,2,3,2,2,2,3,3,2,2,2,2,2,3,4,3,5,1,2,2,2,2,2,2,1,2,3,4,3,3,4,4,2,2,5,5,5,5,1,1,1,1,5,1,1,1,5,5,5,5,5,1,1,1,1,5,2,5,5,2,2,5,5,5,5,5,1,5,2,2,5,5,5,5,5,5,5,2,2,2,2,1,5,5,5,5,2,3,4,5,5,5,2,5,5,5,5,5,5,5,5,5,5,3,3,5,5,5,5,4,4,4,4,4,4,4,4,2,2,2,2,2,2,2,2","0.0012061595916748","louvain","edit-xhwikibooks.graphml"
"0.01","0","0.99","0.385856257696486","1,1,1,2,1,2,1,2,2,2,1,1,2,2,2,2,2,1,3,1,4,1,2,2,2,2,2,2,1,2,1,3,1,1,3,3,2,2,4,4,4,4,1,1,1,1,4,1,1,1,4,4,4,4,4,1,1,1,1,4,2,4,4,2,2,4,4,4,4,4,1,4,2,2,4,4,4,4,4,4,4,2,2,2,2,1,4,4,4,4,2,1,3,4,4,4,2,4,4,4,4,4,4,4,4,4,4,1,1,4,4,4,4,3,3,3,3,3,3,3,3,2,2,2,2,2,2,2,2","0.0010828971862793","louvain","edit-xhwikibooks.graphml"
"0","0.01","0.99","0.388135982818984","1,1,1,2,1,2,3,2,2,2,3,3,2,2,2,2,2,3,3,3,4,1,2,2,2,2,2,2,1,2,3,3,3,3,3,3,2,2,4,4,4,4,1,1,1,1,4,1,1,1,4,4,4,4,4,1,1,1,1,4,2,4,4,2,2,4,4,4,4,4,1,4,2,2,4,4,4,4,4,4,4,2,2,2,2,1,4,4,4,4,2,3,3,4,4,4,2,4,4,4,4,4,4,4,4,4,4,3,3,4,4,4,4,3,3,3,3,3,3,3,3,2,2,2,2,2,2,2,2","0.00110697746276855","louvain","edit-xhwikibooks.graphml"
"0","0","1","0.408238403693226","1,1,2,2,3,2,3,2,2,2,3,3,2,2,2,2,2,3,3,3,4,1,2,2,2,2,2,2,1,2,3,3,3,4,3,3,2,2,4,4,4,4,1,1,1,1,4,1,1,1,4,4,4,4,4,1,1,1,1,4,2,4,4,2,2,4,4,4,4,4,1,4,2,2,4,4,4,4,4,4,4,2,2,2,2,1,4,4,4,4,2,3,3,4,4,4,2,4,4,4,4,4,4,4,4,4,4,3,3,4,4,4,4,3,3,3,3,3,3,3,3,2,2,2,2,2,2,2,2","0.0013420581817627","louvain","edit-xhwikibooks.graphml"
"1","0","0","0.740329963281525","1,1,1,1,1,2,3,2,2,4,3,3,2,2,2,5,4,3,3,3,6,7,2,2,2,2,2,5,1,4,3,3,3,3,8,8,9,2,6,6,6,6,7,7,7,7,6,7,7,7,6,6,6,6,6,7,7,7,7,6,2,6,6,2,2,6,6,6,6,6,7,6,2,2,6,6,6,6,6,6,6,2,5,5,5,1,6,6,6,6,4,3,3,6,6,6,5,6,6,6,6,6,6,6,6,6,6,3,3,3,6,6,6,8,8,8,8,8,8,8,8,9,9,9,9,9,9,9,9","0.000771045684814453","leiden","edit-xhwikibooks.graphml"
"0.99","0.01","0","0","1,1,1,2,3,4,5,6,7,8,9,10,11,12,13,14,15,16,17,18,19,20,21,22,23,24,25,26,27,28,29,30,31,32,33,34,35,36,37,38,39,40,41,42,43,44,45,46,47,48,49,50,51,52,53,54,55,56,57,58,59,60,61,62,63,64,65,66,67,68,69,70,71,72,73,74,75,76,77,78,79,80,81,82,83,84,85,86,87,88,89,90,91,92,93,94,95,96,97,98,99,100,101,102,103,104,105,106,107,108,109,110,111,112,113,114,115,116,117,118,119,120,121,122,123,124,125,126,127","0.000971078872680664","leiden","edit-xhwikibooks.graphml"
"0.98","0.02","0","0","1,1,1,2,3,4,5,6,7,8,9,10,11,12,13,14,15,16,17,18,19,20,21,22,23,24,25,26,27,28,29,30,31,32,33,34,35,36,37,38,39,40,41,42,43,44,45,46,47,48,49,50,51,52,53,54,55,56,57,58,59,60,61,62,63,64,65,66,67,68,69,70,71,72,73,74,75,76,77,78,79,80,81,82,83,84,85,86,87,88,89,90,91,92,93,94,95,96,97,98,99,100,101,102,103,104,105,106,107,108,109,110,111,112,113,114,115,116,117,118,119,120,121,122,123,124,125,126,127","0.000974893569946289","leiden","edit-xhwikibooks.graphml"
"0.97","0.03","0","0.375","1,1,1,2,3,4,5,6,7,8,9,10,11,12,13,14,15,16,17,18,19,20,21,22,23,24,25,26,27,28,29,30,31,32,33,34,35,36,37,38,39,40,41,42,43,44,45,46,47,48,49,50,51,52,53,54,55,56,57,58,59,60,61,62,63,64,65,66,67,68,69,70,71,72,73,74,75,76,77,78,79,80,81,82,83,84,85,86,87,88,89,90,91,92,93,94,95,96,97,98,99,100,101,102,103,104,105,106,107,108,109,110,111,112,113,114,115,116,117,118,119,120,121,122,123,124,125,126,127","0.000962018966674805","leiden","edit-xhwikibooks.graphml"
"0.96","0.04","0","0.375","1,1,1,2,3,4,5,6,7,8,9,10,11,12,13,14,15,16,17,18,19,20,21,22,23,24,25,26,27,28,29,30,31,32,33,34,35,36,37,38,39,40,41,42,43,44,45,46,47,48,49,50,51,52,53,54,55,56,57,58,59,60,61,62,63,64,65,66,67,68,69,70,71,72,73,74,75,76,77,78,79,80,81,82,83,84,85,86,87,88,89,90,91,92,93,94,95,96,97,98,99,100,101,102,103,104,105,106,107,108,109,110,111,112,113,114,115,116,117,118,119,120,121,122,123,124,125,126,127","0.000952005386352539","leiden","edit-xhwikibooks.graphml"
"0.95","0.05","0","0.48","1,1,1,2,3,4,5,6,7,8,9,10,11,12,13,14,15,16,17,18,19,20,21,22,23,24,25,26,27,28,29,30,31,32,33,34,35,36,37,38,39,40,41,42,43,44,45,46,47,48,49,50,51,52,53,54,55,56,57,58,59,60,61,62,63,64,65,66,67,68,69,70,71,72,73,74,75,76,77,78,79,80,81,82,83,84,85,86,87,88,89,90,91,92,93,94,95,96,97,98,99,100,101,102,103,104,105,106,107,108,109,110,111,112,113,114,115,116,117,118,119,120,121,122,123,124,125,126,127","0.000946044921875","leiden","edit-xhwikibooks.graphml"
"0.94","0.06","0","0.48","1,1,1,2,3,4,5,6,7,8,9,10,11,12,13,14,15,16,17,18,19,20,21,22,23,24,25,26,27,28,29,30,31,32,33,34,35,36,37,38,39,40,41,42,43,44,45,46,47,48,49,50,51,52,53,54,55,56,57,58,59,60,61,62,63,64,65,66,67,68,69,70,71,72,73,74,75,76,77,78,79,80,81,82,83,84,85,86,87,88,89,90,91,92,93,94,95,96,97,98,99,100,101,102,103,104,105,106,107,108,109,110,111,112,113,114,115,116,117,118,119,120,121,122,123,124,125,126,127","0.00105595588684082","leiden","edit-xhwikibooks.graphml"
"0.93","0.07","0","0.5","1,1,1,2,3,4,5,6,7,8,9,10,11,12,13,14,15,16,17,18,19,20,21,22,23,24,25,26,27,28,29,30,31,32,33,34,35,36,37,38,39,40,41,42,43,44,45,46,47,48,49,50,51,52,53,54,55,56,57,58,59,60,61,62,63,64,65,66,67,68,69,70,71,72,73,74,75,76,77,78,79,80,81,82,83,84,85,86,87,88,89,90,91,92,93,94,95,96,97,98,99,100,101,102,103,104,105,106,107,108,109,110,111,112,113,114,115,116,117,118,119,120,121,122,123,124,125,126,127","0.000924110412597656","leiden","edit-xhwikibooks.graphml"
"0.92","0.08","0","0.612244897959184","1,1,1,2,3,4,5,6,7,8,9,10,11,12,13,14,15,16,17,18,19,20,21,22,23,24,25,26,27,28,29,30,31,32,33,34,35,36,37,38,39,40,41,42,43,44,45,46,47,48,49,50,51,52,53,54,55,56,57,58,59,60,61,62,63,64,65,66,67,68,69,70,71,72,73,74,75,76,77,78,79,80,81,82,83,84,85,86,87,88,89,90,91,92,93,94,95,96,97,98,99,100,101,102,103,104,105,106,107,108,109,110,111,112,113,114,115,116,117,118,119,120,121,122,123,124,125,126,127","0.000926971435546875","leiden","edit-xhwikibooks.graphml"
"0.91","0.09","0","0.59375","1,1,1,2,3,4,5,6,7,8,9,10,11,12,13,14,15,16,17,18,19,20,21,22,23,24,25,26,27,28,29,30,31,32,33,34,35,36,37,38,39,40,41,42,43,44,45,46,47,48,49,50,51,52,53,54,55,56,57,58,59,60,61,62,63,64,65,66,67,68,69,70,71,72,73,74,75,76,77,78,79,80,81,82,83,84,85,86,87,88,89,90,91,92,93,94,95,96,97,98,99,100,101,102,103,104,105,106,107,108,109,110,111,112,113,114,115,116,117,118,119,120,121,122,123,124,125,126,127","0.000940084457397461","leiden","edit-xhwikibooks.graphml"
"0.9","0.1","0","0.59375","1,1,1,2,3,4,5,6,7,8,9,10,11,12,13,14,15,16,17,18,19,20,21,22,23,24,25,26,27,28,29,30,31,32,33,34,35,36,37,38,39,40,41,42,43,44,45,46,47,48,49,50,51,52,53,54,55,56,57,58,59,60,61,62,63,64,65,66,67,68,69,70,71,72,73,74,75,76,77,78,79,80,81,82,83,84,85,86,87,88,89,90,91,92,93,94,95,96,97,98,99,100,101,102,103,104,105,106,107,108,109,110,111,112,113,114,115,116,117,118,119,120,121,122,123,124,125,126,127","0.000960111618041992","leiden","edit-xhwikibooks.graphml"
"0.89","0.11","0","0.567901234567901","1,1,1,2,3,4,5,6,7,8,9,10,11,12,13,14,15,16,17,18,19,20,21,22,23,24,25,26,27,28,29,30,31,32,33,34,35,36,37,38,39,40,41,42,43,44,45,46,47,48,49,50,51,52,53,54,55,56,57,58,59,60,61,62,63,64,65,66,67,68,69,70,71,72,73,74,75,76,77,78,79,80,81,82,83,84,85,86,87,88,89,90,91,92,93,94,95,96,97,98,99,100,101,102,103,104,105,106,107,108,109,110,111,112,113,114,115,116,117,118,119,120,121,122,123,124,125,126,127","0.00112700462341309","leiden","edit-xhwikibooks.graphml"
"0.88","0.12","0","0.694214876033058","1,1,1,2,3,4,5,6,7,8,9,10,11,12,13,14,15,16,17,18,19,20,21,22,23,24,25,26,27,28,29,30,31,32,33,34,35,36,37,38,39,40,41,42,43,44,45,46,47,48,49,50,51,52,53,54,55,56,57,58,59,60,61,62,63,64,65,66,67,68,69,70,71,72,73,74,75,76,77,78,79,80,81,82,83,84,85,86,87,88,89,90,91,92,93,94,95,96,97,98,99,100,101,102,103,104,105,106,107,108,109,110,111,112,113,114,115,116,117,118,119,120,121,122,123,124,125,126,127","0.00153994560241699","leiden","edit-xhwikibooks.graphml"
"0.87","0.13","0","0.666666666666667","1,1,1,2,3,4,5,6,7,8,9,10,11,12,13,14,15,16,17,18,19,20,21,22,23,24,25,26,27,28,29,30,31,32,33,34,35,36,37,38,39,40,41,42,43,44,45,46,47,48,49,50,51,52,53,54,55,56,57,58,59,60,61,62,63,64,65,66,67,68,69,70,71,72,73,74,75,76,77,78,79,80,81,82,83,84,85,86,87,88,89,90,91,92,93,94,95,96,97,98,99,100,101,102,103,104,105,106,107,108,109,110,111,112,113,114,115,116,117,118,119,120,121,122,123,124,125,126,127","0.000952005386352539","leiden","edit-xhwikibooks.graphml"
"0.86","0.14","0","0.666666666666667","1,1,1,2,3,4,5,6,7,8,9,10,11,12,13,14,15,16,17,18,19,20,21,22,23,24,25,26,27,28,29,30,31,32,33,34,35,36,37,38,39,40,41,42,43,44,45,46,47,48,49,50,51,52,53,54,55,56,57,58,59,60,61,62,63,64,65,66,67,68,69,70,71,72,73,74,75,76,77,78,79,80,81,82,83,84,85,86,87,88,89,90,91,92,93,94,95,96,97,98,99,100,101,102,103,104,105,106,107,108,109,110,111,112,113,114,115,116,117,118,119,120,121,122,123,124,125,126,127","0.00125598907470703","leiden","edit-xhwikibooks.graphml"
"0.85","0.15","0","0.72","1,1,1,2,3,4,5,6,7,8,9,10,11,12,13,14,15,16,17,18,19,20,21,22,23,24,25,26,27,28,29,30,31,32,33,34,35,36,37,38,39,40,41,42,43,44,45,46,47,48,49,50,51,52,53,54,55,56,57,58,59,60,61,62,63,64,65,66,67,68,69,70,71,72,73,74,75,76,77,78,79,80,81,82,83,84,85,86,87,88,89,90,91,92,93,94,95,96,97,98,99,100,101,102,103,104,105,106,107,108,109,110,111,112,113,114,115,116,117,118,119,120,121,122,123,124,125,126,127","0.00119209289550781","leiden","edit-xhwikibooks.graphml"
"0.84","0.16","0","0.7421875","1,1,1,2,3,4,5,6,7,8,9,10,11,12,13,14,15,16,17,18,19,20,21,22,23,24,25,26,27,28,29,30,31,32,33,34,35,36,37,38,39,40,41,42,43,44,45,46,47,48,49,50,51,52,53,54,55,56,57,58,59,60,61,62,63,64,65,66,67,68,69,70,71,72,73,74,75,76,77,78,79,80,81,82,83,84,85,86,87,88,89,90,91,92,93,94,95,96,97,98,99,100,101,102,103,104,105,106,107,108,109,110,111,112,113,114,115,116,117,118,119,120,121,122,123,124,125,126,127","0.000952005386352539","leiden","edit-xhwikibooks.graphml"
"0.83","0.17","0","0.728395061728395","1,1,1,2,3,4,5,6,7,8,9,10,11,12,13,14,15,16,17,18,19,20,21,22,23,24,25,26,27,28,29,30,31,32,33,33,34,35,36,37,38,39,40,41,42,43,44,45,46,47,48,49,50,51,52,53,54,55,56,57,58,59,60,61,62,63,64,65,66,67,68,69,70,71,72,73,74,75,76,77,78,79,80,81,82,83,84,85,86,87,88,89,90,91,92,93,94,95,96,97,98,99,100,101,102,103,104,105,106,107,108,109,110,111,112,113,114,115,116,117,118,119,120,121,122,123,124,125,126","0.000936985015869141","leiden","edit-xhwikibooks.graphml"
"0.82","0.18","0","0.728395061728395","1,1,1,2,3,4,5,6,7,8,9,10,11,12,13,14,15,16,17,18,19,20,21,22,23,24,25,26,27,28,29,30,31,32,33,33,34,35,36,37,38,39,40,41,42,43,44,45,46,47,48,49,50,51,52,53,54,55,56,57,58,59,60,61,62,63,64,65,66,67,68,69,70,71,72,73,74,75,76,77,78,79,80,81,82,83,84,85,86,87,88,89,90,91,92,93,94,95,96,97,98,99,100,101,102,103,104,105,106,107,108,109,110,111,112,113,114,115,116,117,118,119,120,121,122,123,124,125,126","0.000937938690185547","leiden","edit-xhwikibooks.graphml"
"0.81","0.19","0","0.709141274238227","1,1,1,2,3,4,5,6,7,8,9,10,11,12,13,14,15,16,17,18,19,20,21,22,23,24,25,26,27,28,29,30,31,32,33,33,34,35,36,37,38,39,40,41,42,43,44,45,46,47,48,49,50,51,52,53,54,55,56,57,58,59,60,61,62,63,64,65,66,67,68,69,70,71,72,73,74,75,76,77,78,79,80,81,82,83,84,85,86,87,88,89,90,91,92,93,94,95,96,97,98,99,100,101,102,103,104,105,106,107,108,109,110,111,112,113,114,115,116,117,118,119,120,121,122,123,124,125,126","0.00102400779724121","leiden","edit-xhwikibooks.graphml"
"0.8","0.2","0","0.764462809917355","1,1,1,2,3,4,5,6,7,8,9,10,11,12,13,14,15,16,17,18,19,20,21,22,23,24,25,26,27,28,29,30,31,32,33,33,34,35,36,37,38,39,40,41,42,43,44,45,46,47,48,49,50,51,52,53,54,55,56,57,58,59,60,61,62,63,64,65,66,67,68,69,70,71,72,73,74,75,76,77,78,79,80,81,82,83,84,85,86,87,88,89,90,91,92,93,94,95,96,97,98,99,100,101,102,103,104,105,106,107,108,109,110,111,112,113,114,115,116,117,118,119,120,121,122,123,124,125,126","0.00092005729675293","leiden","edit-xhwikibooks.graphml"
"0.79","0.21","0","0.748582230623818","1,1,1,2,3,4,5,6,7,8,9,10,11,12,13,14,15,16,17,18,19,20,21,22,23,24,25,26,27,28,29,30,31,32,33,33,34,35,36,37,38,39,40,41,42,43,44,45,46,47,48,49,50,51,52,53,54,55,56,57,58,59,60,61,62,63,64,65,66,67,68,69,70,71,72,73,74,75,76,77,78,79,80,81,82,83,84,85,86,87,88,89,90,91,92,93,94,95,96,97,98,99,100,101,102,103,104,105,106,107,108,109,110,111,112,113,114,115,116,117,118,119,120,121,122,123,124,125,126","0.000937938690185547","leiden","edit-xhwikibooks.graphml"
"0.78","0.22","0","0.748582230623818","1,1,1,2,3,4,5,6,7,8,9,10,11,12,13,14,15,16,17,18,19,20,21,22,23,24,25,26,27,28,29,30,31,32,33,33,34,35,36,37,38,39,40,41,42,43,44,45,46,47,48,49,50,51,52,53,54,55,56,57,58,59,60,61,62,63,64,65,66,67,68,69,70,71,72,73,74,75,76,77,78,79,80,81,82,83,84,85,86,87,88,89,90,91,92,93,94,95,96,97,98,99,100,101,102,103,104,105,106,107,108,109,110,111,112,113,114,115,116,117,118,119,120,121,122,123,124,125,126","0.000936031341552734","leiden","edit-xhwikibooks.graphml"
"0.77","0.23","0","0.757396449704142","1,1,1,2,3,4,5,6,7,8,9,10,11,12,13,14,15,16,17,18,19,20,21,22,23,24,25,26,27,28,29,30,31,32,33,33,34,35,36,37,38,39,40,41,42,43,44,45,46,47,48,49,50,51,52,53,54,55,56,57,58,59,60,61,62,63,64,65,66,67,68,69,70,71,72,73,74,75,76,77,78,79,80,81,82,83,84,85,86,87,88,89,90,91,92,93,94,95,96,97,98,99,100,101,102,103,104,105,106,107,108,109,110,111,112,113,114,115,116,117,118,119,120,121,122,123,124,125,126","0.000948905944824219","leiden","edit-xhwikibooks.graphml"
"0.76","0.24","0","0.768175582990398","1,1,1,2,3,4,5,6,7,8,9,10,11,12,13,14,15,16,17,18,19,20,21,22,23,24,25,26,27,28,29,30,31,32,33,33,34,35,36,37,38,39,40,41,42,43,44,45,46,47,48,49,50,51,52,53,54,55,56,57,58,59,60,61,62,63,64,65,66,67,68,69,70,71,72,73,74,75,76,77,78,79,80,81,82,83,84,85,86,87,88,89,90,91,92,93,94,95,96,97,98,99,100,101,102,103,104,105,106,107,108,109,110,111,112,113,114,115,116,117,118,119,120,121,122,123,124,125,126","0.000943899154663086","leiden","edit-xhwikibooks.graphml"
"0.75","0.25","0","0.797086368366285","1,1,1,2,3,4,5,6,7,8,9,10,11,12,13,14,15,16,17,18,19,20,21,22,23,24,25,26,27,28,29,30,31,32,33,33,34,35,36,37,38,39,40,41,42,43,44,45,46,47,48,49,50,51,52,53,54,55,56,57,58,59,60,61,62,63,64,65,66,67,68,69,70,71,72,73,74,75,76,77,78,79,80,81,82,83,84,85,86,87,88,89,90,91,92,93,94,95,96,97,98,99,100,101,102,103,104,105,106,107,108,109,110,111,112,113,114,115,116,117,118,119,120,121,122,123,124,125,126","0.00102519989013672","leiden","edit-xhwikibooks.graphml"
"0.74","0.26","0","0.797086368366285","1,1,1,2,3,4,5,6,7,8,9,10,11,12,13,14,15,16,17,18,19,20,21,22,23,24,25,26,27,28,29,30,31,32,33,33,34,35,36,37,38,39,40,41,42,43,44,45,46,47,48,49,50,51,52,53,54,55,56,57,58,59,60,61,62,63,64,65,66,67,68,69,70,71,72,73,74,75,76,77,78,79,80,81,82,83,84,85,86,87,88,89,90,91,92,93,94,95,96,97,98,99,100,101,102,103,104,105,106,107,108,109,110,111,112,113,114,115,116,117,118,119,120,121,122,123,124,125,126","0.0013420581817627","leiden","edit-xhwikibooks.graphml"
"0.73","0.27","0","0.797086368366285","1,1,1,2,3,4,5,6,7,8,9,10,11,12,13,14,15,16,17,18,19,20,21,22,23,24,25,26,27,28,29,30,31,32,33,33,34,35,36,37,38,39,40,41,42,43,44,45,46,47,48,49,50,51,52,53,54,55,56,57,58,59,60,61,62,63,64,65,66,67,68,69,70,71,72,73,74,75,76,77,78,79,80,81,82,83,84,85,86,87,88,89,90,91,92,93,94,95,96,97,98,99,100,101,102,103,104,105,106,107,108,109,110,111,112,113,114,115,116,117,118,119,120,121,122,123,124,125,126","0.00143313407897949","leiden","edit-xhwikibooks.graphml"
"0.72","0.28","0","0.78515625","1,1,1,2,3,4,5,6,7,8,9,10,11,12,13,14,15,16,17,18,19,20,21,22,23,24,25,26,27,28,29,30,31,32,33,33,34,35,36,37,38,39,40,41,42,43,44,45,46,47,48,49,50,51,52,53,54,55,56,57,58,59,60,61,62,63,64,65,66,67,68,69,70,71,72,73,74,75,76,77,78,79,80,81,82,83,84,85,86,87,88,89,90,91,92,93,94,95,96,97,98,99,100,101,102,103,104,105,106,107,108,109,110,111,112,113,114,115,116,117,118,119,120,121,122,123,124,125,126","0.00156402587890625","leiden","edit-xhwikibooks.graphml"
"0.71","0.29","0","0.799307958477509","1,1,1,2,3,4,5,6,7,8,9,10,11,12,13,14,15,16,17,18,19,20,21,22,23,24,25,26,27,28,29,30,31,32,33,33,34,35,36,37,38,39,40,41,42,43,44,45,46,47,48,49,50,51,52,53,54,55,56,57,58,59,60,61,62,63,64,65,66,67,68,69,70,71,72,73,74,75,76,77,78,79,80,81,82,83,84,85,86,87,88,89,90,91,92,93,94,95,96,97,98,99,100,101,102,103,104,105,106,107,108,109,110,111,112,113,114,115,116,117,118,119,120,121,122,123,124,125,126","0.00112700462341309","leiden","edit-xhwikibooks.graphml"
"0.7","0.3","0","0.788571428571428","1,1,1,2,3,4,5,6,7,8,9,10,11,12,13,14,15,16,17,18,19,20,21,22,23,24,25,26,27,28,29,30,31,32,33,33,34,35,36,37,38,39,40,41,42,43,44,45,46,47,48,49,50,51,52,53,54,55,56,57,58,59,60,61,62,63,64,65,66,67,68,69,70,71,72,73,74,75,76,77,78,79,80,81,82,83,84,85,86,87,88,89,90,91,92,93,94,95,96,97,98,99,100,101,102,103,104,105,106,107,108,109,110,111,112,113,114,115,116,117,118,119,120,121,122,123,124,125,126","0.00122594833374023","leiden","edit-xhwikibooks.graphml"
"0.69","0.31","0","0.794753086419753","1,1,1,2,3,4,5,6,7,8,9,10,11,12,13,14,15,16,17,18,19,20,21,22,23,24,25,26,27,28,29,30,31,32,33,33,34,35,36,37,38,39,40,41,42,43,44,45,46,47,48,49,50,51,52,53,54,55,56,57,58,59,60,61,62,63,64,65,66,67,68,69,70,71,72,73,74,75,76,77,78,79,80,81,82,83,84,85,86,87,88,89,90,91,92,93,94,95,96,97,98,99,100,101,102,103,104,105,106,107,108,109,110,111,112,113,114,115,116,117,118,119,120,121,122,123,124,125,126","0.000955104827880859","leiden","edit-xhwikibooks.graphml"
"0.68","0.32","0","0.784514243973703","1,1,1,2,3,4,5,6,7,8,9,10,11,12,13,14,15,16,17,18,19,20,21,22,23,24,25,26,27,28,29,30,31,32,33,33,34,35,36,37,38,39,40,41,42,43,44,45,46,47,48,49,50,51,52,53,54,55,56,57,58,59,60,61,62,63,64,65,66,67,68,69,70,71,72,73,74,75,76,77,78,79,80,81,82,83,84,85,86,87,88,89,90,91,92,93,94,95,96,97,98,99,100,101,102,103,104,105,106,107,108,109,110,111,112,113,114,115,116,117,118,119,120,121,122,123,124,125,126","0.000936985015869141","leiden","edit-xhwikibooks.graphml"
"0.67","0.33","0","0.784514243973703","1,1,1,2,3,4,5,6,7,8,9,10,11,12,13,14,15,16,17,18,19,20,21,22,23,24,25,26,27,28,29,30,31,32,33,33,34,35,36,37,38,39,40,41,42,43,44,45,46,47,48,49,50,51,52,53,54,55,56,57,58,59,60,61,62,63,64,65,66,67,68,69,70,71,72,73,74,75,76,77,78,79,80,81,82,83,84,85,86,87,88,89,90,91,92,93,94,95,96,97,98,99,100,101,102,103,104,105,106,107,108,109,110,111,112,113,114,115,116,117,118,119,120,121,122,123,124,125,126","0.000937938690185547","leiden","edit-xhwikibooks.graphml"
"0.66","0.34","0","0.862940548237807","1,1,1,2,3,4,5,6,7,8,9,10,11,12,12,13,14,15,16,17,18,19,20,21,22,23,24,25,26,27,28,29,30,31,32,32,33,34,35,36,37,38,39,40,41,42,43,44,45,46,47,48,49,50,51,52,53,54,55,56,57,58,59,60,61,62,63,64,65,66,67,68,69,70,71,72,73,74,75,76,77,78,79,80,81,82,83,84,85,86,87,88,89,90,91,92,93,94,95,96,97,98,99,100,101,102,103,104,105,106,107,108,109,110,111,112,113,114,115,116,117,118,119,120,121,122,123,124,125","0.000954151153564453","leiden","edit-xhwikibooks.graphml"
"0.65","0.35","0","0.862940548237807","1,1,1,2,3,4,5,6,7,8,9,10,11,12,12,13,14,15,16,17,18,19,20,21,22,23,24,25,26,27,28,29,30,31,32,32,33,34,35,36,37,38,39,40,41,42,43,44,45,46,47,48,49,50,51,52,53,54,55,56,57,58,59,60,61,62,63,64,65,66,67,68,69,70,71,72,73,74,75,76,77,78,79,80,81,82,83,84,85,86,87,88,89,90,91,92,93,94,95,96,97,98,99,100,101,102,103,104,105,106,107,108,109,110,111,112,113,114,115,116,117,118,119,120,121,122,123,124,125","0.000957012176513672","leiden","edit-xhwikibooks.graphml"
"0.64","0.36","0","0.856652949245542","1,1,1,2,3,4,5,6,7,8,9,10,11,12,12,13,14,15,16,17,18,19,20,21,22,23,24,25,26,27,28,29,30,31,32,32,33,34,35,36,37,38,39,40,41,42,43,44,45,46,47,48,49,50,51,52,53,54,55,56,57,58,59,60,61,62,63,64,65,66,67,68,69,70,71,72,73,74,75,76,77,78,79,80,81,82,83,84,85,86,87,88,89,90,91,92,93,94,95,96,97,98,99,100,101,102,103,104,105,106,107,108,109,110,111,112,113,114,115,116,117,118,119,120,121,122,123,124,125","0.000965118408203125","leiden","edit-xhwikibooks.graphml"
"0.63","0.37","0","0.856652949245542","1,1,1,2,3,4,5,6,7,8,9,10,11,12,12,13,14,15,16,17,18,19,20,21,22,23,24,25,26,27,28,29,30,31,32,32,33,34,35,36,37,38,39,40,41,42,43,44,45,46,47,48,49,50,51,52,53,54,55,56,57,58,59,60,61,62,63,64,65,66,67,68,69,70,71,72,73,74,75,76,77,78,79,80,81,82,83,84,85,86,87,88,89,90,91,92,93,94,95,96,97,98,99,100,101,102,103,104,105,106,107,108,109,110,111,112,113,114,115,116,117,118,119,120,121,122,123,124,125","0.000936031341552734","leiden","edit-xhwikibooks.graphml"
"0.62","0.38","0","0.850247933884298","1,1,1,2,3,4,5,6,7,8,9,10,11,12,12,13,14,15,16,17,18,19,20,21,22,23,24,25,26,27,28,29,30,31,32,32,33,34,35,36,37,38,39,40,41,42,43,44,45,46,47,48,49,50,51,52,53,54,55,56,57,58,59,60,61,62,63,64,65,66,67,68,69,70,71,72,73,74,75,76,77,78,79,80,81,82,83,84,85,86,87,88,89,90,91,92,93,94,95,96,97,98,99,100,101,102,103,104,105,106,107,108,109,110,111,112,113,114,115,116,117,118,119,120,121,122,123,124,125","0.000947952270507812","leiden","edit-xhwikibooks.graphml"
"0.61","0.39","0","0.852678571428572","1,1,1,2,3,4,5,6,7,8,9,10,11,12,12,13,14,15,16,17,18,19,20,21,22,23,24,25,26,27,28,29,30,31,32,32,33,34,35,36,37,38,39,40,41,42,43,44,45,46,47,48,49,50,51,52,53,54,55,56,57,58,59,60,61,62,63,64,65,66,67,68,69,70,71,72,73,74,75,76,77,78,79,80,81,82,83,84,85,86,87,88,89,90,91,92,93,94,95,96,97,98,99,100,101,102,103,104,105,106,107,108,109,110,111,112,113,114,115,116,117,118,119,120,121,122,123,124,125","0.000934123992919922","leiden","edit-xhwikibooks.graphml"
"0.6","0.4","0","0.855","1,1,1,2,3,4,5,6,7,8,9,10,11,12,12,13,14,15,16,17,18,19,20,21,22,23,24,25,26,27,28,29,30,31,32,32,33,34,35,36,37,38,39,40,41,42,43,44,45,46,47,48,49,50,51,52,53,54,55,56,57,58,59,60,61,62,63,64,65,66,67,68,69,70,71,72,73,74,75,76,77,78,79,80,81,82,83,84,85,86,87,88,89,90,91,92,93,94,95,96,97,98,99,100,101,102,103,104,105,106,107,108,109,110,111,112,113,114,115,116,117,118,119,120,121,122,123,124,125","0.00094294548034668","leiden","edit-xhwikibooks.graphml"
"0.59","0.41","0","0.855","1,1,1,2,3,4,5,6,7,8,9,10,11,12,12,13,14,15,16,17,18,19,20,21,22,23,24,25,26,27,28,29,30,31,32,32,33,34,35,36,37,38,39,40,41,42,43,44,45,46,47,48,49,50,51,52,53,54,55,56,57,58,59,60,61,62,63,64,65,66,67,68,69,70,71,72,73,74,75,76,77,78,79,80,81,82,83,84,85,86,87,88,89,90,91,92,93,94,95,96,97,98,99,100,101,102,103,104,105,106,107,108,109,110,111,112,113,114,115,116,117,118,119,120,121,122,123,124,125","0.000952005386352539","leiden","edit-xhwikibooks.graphml"
"0.58","0.42","0","0.849234076861059","1,1,1,2,3,4,5,6,7,8,9,10,11,12,12,13,14,15,16,17,18,19,20,21,22,23,24,25,26,27,28,29,30,31,32,32,33,34,35,36,37,38,39,40,41,42,43,44,45,46,47,48,49,50,51,52,53,54,55,56,57,58,59,60,61,62,63,64,65,66,67,68,69,70,71,72,73,74,75,76,77,78,79,80,81,82,83,84,85,86,87,88,89,90,91,92,93,94,95,96,97,98,99,100,101,102,103,104,105,106,107,108,109,110,111,112,113,114,115,116,117,118,119,120,121,122,123,124,125","0.000954866409301758","leiden","edit-xhwikibooks.graphml"
"0.57","0.43","0","0.852103804484756","1,1,1,2,3,4,5,6,7,8,9,10,11,12,12,13,14,15,16,17,18,19,20,21,22,23,24,25,26,27,28,29,30,31,32,32,33,34,35,36,37,38,39,40,41,42,43,44,45,46,47,48,49,50,51,52,53,54,55,56,57,58,59,60,61,62,63,64,65,66,67,68,69,70,71,72,73,74,75,76,77,78,79,80,81,82,83,84,85,86,87,88,89,90,91,92,93,94,95,96,97,98,99,100,101,102,103,104,105,106,107,108,109,110,111,112,113,114,115,116,117,118,119,120,121,122,123,124,125","0.000946998596191406","leiden","edit-xhwikibooks.graphml"
"0.56","0.44","0","0.8466796875","1,1,1,2,3,4,5,6,7,8,9,10,11,12,12,13,14,15,16,17,18,19,20,21,22,23,24,25,26,27,28,29,30,31,32,32,33,34,35,36,37,38,39,40,41,42,43,44,45,46,47,48,49,50,51,52,53,54,55,56,57,58,59,60,61,62,63,64,65,66,67,68,69,70,71,72,73,74,75,76,77,78,79,80,81,82,83,84,85,86,87,88,89,90,91,92,93,94,95,96,97,98,99,100,101,102,103,104,105,106,107,108,109,110,111,112,113,114,115,116,117,118,119,120,121,122,123,124,125","0.000986099243164062","leiden","edit-xhwikibooks.graphml"
"0.55","0.45","0","0.850321395775941","1,1,1,2,3,4,5,6,7,8,9,10,11,12,12,13,14,15,16,17,18,19,20,21,22,23,24,25,26,27,28,29,30,31,32,32,33,34,35,36,37,38,39,40,41,42,43,44,45,46,47,48,49,50,51,52,53,54,55,56,57,58,59,60,61,62,63,64,65,66,67,68,69,70,71,72,73,74,75,76,77,78,79,80,81,82,83,84,85,86,87,88,89,90,91,92,93,94,95,96,97,98,99,100,101,102,103,104,105,106,107,108,109,110,111,112,113,114,115,116,117,118,119,120,121,122,123,124,125","0.000988960266113281","leiden","edit-xhwikibooks.graphml"
"0.54","0.46","0","0.845177099576744","1,1,1,2,3,4,5,6,7,8,9,10,11,12,12,13,14,15,16,17,18,19,20,21,22,23,24,25,26,27,28,29,30,31,32,32,33,34,35,36,37,38,39,40,41,42,43,44,45,46,47,48,49,50,51,52,53,54,55,56,57,58,59,60,61,62,63,64,65,66,67,68,69,70,71,72,73,74,75,76,77,78,79,80,81,82,83,84,85,86,87,88,89,90,91,92,93,94,95,96,97,98,99,100,101,102,103,104,105,106,107,108,109,110,111,112,113,114,115,116,117,118,119,120,121,122,123,124,125","0.000958919525146484","leiden","edit-xhwikibooks.graphml"
"0.53","0.47","0","0.847318339100346","1,1,1,2,3,4,5,6,7,8,9,10,11,12,12,13,14,15,16,17,18,19,20,21,22,23,24,25,26,27,28,29,30,31,32,32,33,34,35,36,37,38,39,40,41,42,43,44,45,46,47,48,49,50,51,52,53,54,55,56,57,58,59,60,61,62,63,64,65,66,67,68,69,70,71,72,73,74,75,76,77,78,79,80,81,82,83,84,85,86,87,88,89,90,91,92,93,94,95,96,97,98,99,100,101,102,103,104,105,106,107,108,109,110,111,112,113,114,115,116,117,118,119,120,121,122,123,124,125","0.000951051712036133","leiden","edit-xhwikibooks.graphml"
"0.52","0.48","0","0.842260029405587","1,1,1,2,3,4,5,6,7,8,9,10,11,12,12,13,14,15,16,17,18,19,20,21,22,23,24,25,26,27,28,29,30,31,32,32,33,34,35,36,37,38,39,40,41,42,43,44,45,46,47,48,49,50,51,52,53,54,55,56,57,58,59,60,61,62,63,64,65,66,67,68,69,70,71,72,73,74,75,76,77,78,79,80,81,82,83,84,85,86,87,88,89,90,91,92,93,94,95,96,97,98,99,100,101,102,103,104,105,106,107,108,109,110,111,112,113,114,115,116,117,118,119,120,121,122,123,124,125","0.000971078872680664","leiden","edit-xhwikibooks.graphml"
"0.51","0.49","0","0.842260029405587","1,1,1,2,3,4,5,6,7,8,9,10,11,12,12,13,14,15,16,17,18,19,20,21,22,23,24,25,26,27,28,29,30,31,32,32,33,34,35,36,37,38,39,40,41,42,43,44,45,46,47,48,49,50,51,52,53,54,55,56,57,58,59,60,61,62,63,64,65,66,67,68,69,70,71,72,73,74,75,76,77,78,79,80,81,82,83,84,85,86,87,88,89,90,91,92,93,94,95,96,97,98,99,100,101,102,103,104,105,106,107,108,109,110,111,112,113,114,115,116,117,118,119,120,121,122,123,124,125","0.00098109245300293","leiden","edit-xhwikibooks.graphml"
"0.5","0.5","0","0.896030245746692","1,1,1,2,3,4,5,6,7,8,9,10,11,11,11,12,13,14,15,16,17,18,19,6,20,20,20,21,22,23,24,25,26,27,28,28,29,30,31,32,33,34,35,36,37,38,39,40,41,42,43,44,45,46,47,48,49,50,51,52,53,54,55,56,57,58,59,60,61,62,63,64,65,66,67,68,69,70,71,72,73,74,75,76,77,78,79,80,81,82,83,84,85,86,87,88,89,90,91,92,93,94,95,96,97,98,99,100,101,102,103,104,105,106,107,108,106,106,106,106,106,109,110,111,112,113,114,115,116","0.000926971435546875","leiden","edit-xhwikibooks.graphml"
"0.49","0.51","0","0.896030245746692","1,1,1,2,3,4,5,6,7,8,9,10,11,11,11,12,13,14,15,16,17,18,19,6,20,20,20,21,22,23,24,25,26,27,28,28,29,30,31,32,33,34,35,36,37,38,39,40,41,42,43,44,45,46,47,48,49,50,51,52,53,54,55,56,57,58,59,60,61,62,63,64,65,66,67,68,69,70,71,72,73,74,75,76,77,78,79,80,81,82,83,84,85,86,87,88,89,90,91,92,93,94,95,96,97,98,99,100,101,102,103,104,105,106,107,108,106,106,106,106,106,109,110,111,112,113,114,115,116","0.000957012176513672","leiden","edit-xhwikibooks.graphml"
"0.48","0.52","0","0.896030245746692","1,1,1,2,3,4,5,6,7,8,9,10,11,11,11,12,13,14,15,16,17,18,19,6,20,20,20,21,22,23,24,25,26,27,28,28,29,30,31,32,33,34,35,36,37,38,39,40,41,42,43,44,45,46,47,48,49,50,51,52,53,54,55,56,57,58,59,60,61,62,63,64,65,66,67,68,69,70,71,72,73,74,75,76,77,78,79,80,81,82,83,84,85,86,87,88,89,90,91,92,93,94,95,96,97,98,99,100,101,102,103,104,105,106,107,108,106,106,106,106,106,109,110,111,112,113,114,115,116","0.000962018966674805","leiden","edit-xhwikibooks.graphml"
"0.47","0.53","0","0.894173602853745","1,1,1,2,3,4,5,6,7,8,9,10,11,11,11,12,13,14,15,16,17,18,19,6,20,20,20,21,22,23,24,25,26,27,28,28,29,30,31,32,33,34,35,36,37,38,39,40,41,42,43,44,45,46,47,48,49,50,51,52,53,54,55,56,57,58,59,60,61,62,63,64,65,66,67,68,69,70,71,72,73,74,75,76,77,78,79,80,81,82,83,84,85,86,87,88,89,90,91,92,93,94,95,96,97,98,99,100,101,102,103,104,105,106,107,108,106,106,106,106,106,109,110,111,112,113,114,115,116","0.000931978225708008","leiden","edit-xhwikibooks.graphml"
"0.46","0.54","0","0.895025202717511","1,1,1,2,3,4,5,6,7,8,9,10,11,11,11,12,13,14,15,16,17,18,19,6,20,20,20,21,22,23,24,25,26,27,28,28,29,30,31,32,33,34,35,36,37,38,39,40,41,42,43,44,45,46,47,48,49,50,51,52,53,54,55,56,57,58,59,60,61,62,63,64,65,66,67,68,69,70,71,72,73,74,75,76,77,78,79,80,81,82,83,84,85,86,87,88,89,90,91,92,93,94,95,96,97,98,99,100,101,102,103,104,105,106,107,108,106,106,106,106,106,109,110,111,112,113,114,115,116","0.000945091247558594","leiden","edit-xhwikibooks.graphml"
"0.45","0.55","0","0.89313415685148","1,1,1,2,3,4,5,6,7,8,9,10,11,11,11,12,13,14,15,16,17,18,19,6,20,20,20,21,22,23,24,25,26,27,28,28,29,30,31,32,33,34,35,36,37,38,39,40,41,42,43,44,45,46,47,48,49,50,51,52,53,54,55,56,57,58,59,60,61,62,63,64,65,66,67,68,69,70,71,72,73,74,75,76,77,78,79,80,81,82,83,84,85,86,87,88,89,90,91,92,93,94,95,96,97,98,99,100,101,102,103,104,105,106,107,108,106,106,106,106,106,109,110,111,112,113,114,115,116","0.000931024551391602","leiden","edit-xhwikibooks.graphml"
"0.44","0.56","0","0.894583333333333","1,1,1,2,3,4,5,6,7,8,9,10,11,11,11,12,13,14,15,16,17,18,19,6,20,20,20,21,22,23,24,25,26,27,28,28,29,30,31,32,33,34,35,36,37,38,39,40,41,42,43,44,45,46,47,48,49,50,51,52,53,54,55,56,57,58,59,60,61,62,63,64,65,66,67,68,69,70,71,72,73,74,75,76,77,78,79,80,81,82,83,84,85,86,87,88,89,90,91,92,93,94,95,96,97,98,99,100,101,102,103,104,105,106,107,108,106,106,106,106,106,109,110,111,112,113,114,115,116","0.00102496147155762","leiden","edit-xhwikibooks.graphml"
"0.43","0.57","0","0.892698586162148","1,1,1,2,3,4,5,6,7,8,9,10,11,11,11,12,13,14,15,16,17,18,19,6,20,20,20,21,22,23,24,25,26,27,28,28,29,30,31,32,33,34,35,36,37,38,39,40,41,42,43,44,45,46,47,48,49,50,51,52,53,54,55,56,57,58,59,60,61,62,63,64,65,66,67,68,69,70,71,72,73,74,75,76,77,78,79,80,81,82,83,84,85,86,87,88,89,90,91,92,93,94,95,96,97,98,99,100,101,102,103,104,105,106,107,108,106,106,106,106,106,109,110,111,112,113,114,115,116","0.00116276741027832","leiden","edit-xhwikibooks.graphml"
"0.42","0.58","0","0.893515764425937","1,1,1,2,3,4,5,6,7,8,9,10,11,11,11,12,13,14,15,16,17,18,19,6,20,20,20,21,22,23,24,25,26,27,28,28,29,30,31,32,33,34,35,36,37,38,39,40,41,42,43,44,45,46,47,48,49,50,51,52,53,54,55,56,57,58,59,60,61,62,63,64,65,66,67,68,69,70,71,72,73,74,75,76,77,78,79,80,81,82,83,84,85,86,87,88,89,90,91,92,93,94,95,96,97,98,99,100,101,102,103,104,105,106,107,108,106,106,106,106,106,109,110,111,112,113,114,115,116","0.00092315673828125","leiden","edit-xhwikibooks.graphml"
"0.41","0.59","0","0.891649323621227","1,1,1,2,3,4,5,6,7,8,9,10,11,11,11,12,13,14,15,16,17,18,19,6,20,20,20,21,22,23,24,25,26,27,28,28,29,30,31,32,33,34,35,36,37,38,39,40,41,42,43,44,45,46,47,48,49,50,51,52,53,54,55,56,57,58,59,60,61,62,63,64,65,66,67,68,69,70,71,72,73,74,75,76,77,78,79,80,81,82,83,84,85,86,87,88,89,90,91,92,93,94,95,96,97,98,99,100,101,102,103,104,105,106,107,108,106,106,106,106,106,109,110,111,112,113,114,115,116","0.000926017761230469","leiden","edit-xhwikibooks.graphml"
"0.4","0.6","0","0.894289788579577","1,1,1,2,3,4,5,6,7,8,9,10,11,11,11,12,13,14,15,16,17,18,19,6,20,20,20,21,22,23,24,25,26,27,28,28,29,30,31,32,33,34,35,36,37,38,39,40,41,42,43,44,45,46,47,48,49,50,51,52,53,54,55,56,57,58,59,60,61,62,63,64,65,66,67,68,69,70,71,72,73,74,75,76,77,78,79,80,81,82,83,84,85,86,87,88,89,90,91,92,93,94,95,96,97,98,99,100,101,102,103,104,105,106,107,108,106,106,106,106,106,109,110,111,112,113,114,115,116","0.000947952270507812","leiden","edit-xhwikibooks.graphml"
"0.39","0.61","0","0.8924560546875","1,1,1,2,3,4,5,6,7,8,9,10,11,11,11,12,13,14,15,16,17,18,19,6,20,20,20,21,22,23,24,25,26,27,28,28,29,30,31,32,33,34,35,36,37,38,39,40,41,42,43,44,45,46,47,48,49,50,51,52,53,54,55,56,57,58,59,60,61,62,63,64,65,66,67,68,69,70,71,72,73,74,75,76,77,78,79,80,81,82,83,84,85,86,87,88,89,90,91,92,93,94,95,96,97,98,99,100,101,102,103,104,105,106,107,108,106,106,106,106,106,109,110,111,112,113,114,115,116","0.000947952270507812","leiden","edit-xhwikibooks.graphml"
"0.38","0.62","0","0.893215551950003","1,1,1,2,3,4,5,6,7,8,9,10,11,11,11,12,13,14,15,16,17,18,19,6,20,20,20,21,22,23,24,25,26,27,28,28,29,30,31,32,33,34,35,36,37,38,39,40,41,42,43,44,45,46,47,48,49,50,51,52,53,54,55,56,57,58,59,60,61,62,63,64,65,66,67,68,69,70,71,72,73,74,75,76,77,78,79,80,81,82,83,84,85,86,87,88,89,90,91,92,93,94,95,96,97,98,99,100,101,102,103,104,105,106,107,108,106,106,106,106,106,109,110,111,112,113,114,115,116","0.000946044921875","leiden","edit-xhwikibooks.graphml"
"0.37","0.63","0","0.891360946745562","1,1,1,2,3,4,5,6,7,8,9,10,11,11,11,12,13,14,15,16,17,18,19,6,20,20,20,21,22,23,24,25,26,27,28,28,29,30,31,32,33,34,35,36,37,38,39,40,41,42,43,44,45,46,47,48,49,50,51,52,53,54,55,56,57,58,59,60,61,62,63,64,65,66,67,68,69,70,71,72,73,74,75,76,77,78,79,80,81,82,83,84,85,86,87,88,89,90,91,92,93,94,95,96,97,98,99,100,101,102,103,104,105,106,107,108,106,106,106,106,106,109,110,111,112,113,114,115,116","0.000946998596191406","leiden","edit-xhwikibooks.graphml"
"0.36","0.64","0","0.891360946745562","1,1,1,2,3,4,5,6,7,8,9,10,11,11,11,12,13,14,15,16,17,18,19,6,20,20,20,21,22,23,24,25,26,27,28,28,29,30,31,32,33,34,35,36,37,38,39,40,41,42,43,44,45,46,47,48,49,50,51,52,53,54,55,56,57,58,59,60,61,62,63,64,65,66,67,68,69,70,71,72,73,74,75,76,77,78,79,80,81,82,83,84,85,86,87,88,89,90,91,92,93,94,95,96,97,98,99,100,101,102,103,104,105,106,107,108,106,106,106,106,106,109,110,111,112,113,114,115,116","0.000960111618041992","leiden","edit-xhwikibooks.graphml"
"0.35","0.65","0","0.889458656255463","1,1,1,2,3,4,5,6,7,8,9,10,11,11,11,12,13,14,15,16,17,18,19,6,20,20,20,21,22,23,24,25,26,27,28,28,29,30,31,32,33,34,35,36,37,38,39,40,41,42,43,44,45,46,47,48,49,50,51,52,53,54,55,56,57,58,59,60,61,62,63,64,65,66,67,68,69,70,71,72,73,74,75,76,77,78,79,80,81,82,83,84,85,86,87,88,89,90,91,92,93,94,95,96,97,98,99,100,101,102,103,104,105,106,107,108,106,106,106,106,106,109,110,111,112,113,114,115,116","0.000978946685791016","leiden","edit-xhwikibooks.graphml"
"0.34","0.66","0","0.889458656255463","1,1,1,2,3,4,5,6,7,8,9,10,11,11,11,12,13,14,15,16,17,18,19,6,20,20,20,21,22,23,24,25,26,27,28,28,29,30,31,32,33,34,35,36,37,38,39,40,41,42,43,44,45,46,47,48,49,50,51,52,53,54,55,56,57,58,59,60,61,62,63,64,65,66,67,68,69,70,71,72,73,74,75,76,77,78,79,80,81,82,83,84,85,86,87,88,89,90,91,92,93,94,95,96,97,98,99,100,101,102,103,104,105,106,107,108,106,106,106,106,106,109,110,111,112,113,114,115,116","0.00094294548034668","leiden","edit-xhwikibooks.graphml"
"0.33","0.67","0","0.900828358554306","1,1,1,2,3,4,5,6,7,8,9,10,11,11,11,12,13,14,15,16,17,18,19,6,20,20,20,21,22,23,24,25,26,27,28,28,29,30,31,32,33,34,35,36,37,38,39,40,41,42,43,44,45,46,47,48,49,50,51,52,53,54,55,56,57,58,59,60,61,62,63,64,65,66,67,68,69,70,71,72,73,74,75,76,77,78,79,80,81,82,83,84,85,86,87,88,89,90,91,92,93,94,95,96,97,98,99,100,101,102,103,104,105,106,107,108,106,106,106,106,106,109,110,111,112,113,114,115,116","0.000983953475952148","leiden","edit-xhwikibooks.graphml"
"0.32","0.68","0","0.900828358554306","1,1,1,2,3,4,5,6,7,8,9,10,11,11,11,12,13,14,15,16,17,18,19,6,20,20,20,21,22,23,24,25,26,27,28,28,29,30,31,32,33,34,35,36,37,38,39,40,41,42,43,44,45,46,47,48,49,50,51,52,53,54,55,56,57,58,59,60,61,62,63,64,65,66,67,68,69,70,71,72,73,74,75,76,77,78,79,80,81,82,83,84,85,86,87,88,89,90,91,92,93,94,95,96,97,98,99,100,101,102,103,104,105,106,107,108,106,106,106,106,106,109,110,111,112,113,114,115,116","0.000970840454101562","leiden","edit-xhwikibooks.graphml"
"0.31","0.69","0","0.899196493791089","1,1,1,2,3,4,5,6,7,8,9,10,11,11,11,12,13,14,15,16,17,18,19,6,20,20,20,21,22,23,24,25,26,27,28,28,29,30,31,32,33,34,35,36,37,38,39,40,41,42,43,44,45,46,47,48,49,50,51,52,53,54,55,56,57,58,59,60,61,62,63,64,65,66,67,68,69,70,71,72,73,74,75,76,77,78,79,80,81,82,83,84,85,86,87,88,89,90,91,92,93,94,95,96,97,98,99,100,101,102,103,104,105,106,107,108,106,106,106,106,106,109,110,111,112,113,114,115,116","0.00102686882019043","leiden","edit-xhwikibooks.graphml"
"0.3","0.7","0","0.899779289221206","1,1,1,2,3,4,5,6,7,8,9,10,11,11,11,12,13,14,15,16,17,18,19,6,20,20,20,21,22,23,24,25,26,27,28,28,29,30,31,32,33,34,35,36,37,38,39,40,41,42,43,44,45,46,47,48,49,50,51,52,53,54,55,56,57,58,59,60,61,62,63,64,65,66,67,68,69,70,71,72,73,74,75,76,77,78,79,80,81,82,83,84,85,86,87,88,89,90,91,92,93,94,95,96,97,98,99,100,101,102,103,104,105,106,107,108,106,106,106,106,106,109,110,111,112,113,114,115,116","0.00114297866821289","leiden","edit-xhwikibooks.graphml"
"0.29","0.71","0","0.898133333333334","1,1,1,2,3,4,5,6,7,8,9,10,11,11,11,12,13,14,15,16,17,18,19,6,20,20,20,21,22,23,24,25,26,27,28,28,29,30,31,32,33,34,35,36,37,38,39,40,41,42,43,44,45,46,47,48,49,50,51,52,53,54,55,56,57,58,59,60,61,62,63,64,65,66,67,68,69,70,71,72,73,74,75,76,77,78,79,80,81,82,83,84,85,86,87,88,89,90,91,92,93,94,95,96,97,98,99,100,101,102,103,104,105,106,107,108,106,106,106,106,106,109,110,111,112,113,114,115,116","0.000909805297851562","leiden","edit-xhwikibooks.graphml"
"0.28","0.72","0","0.898459141274238","1,1,1,2,3,4,5,6,7,8,9,10,11,11,11,12,13,14,15,16,17,18,19,6,20,20,20,21,22,23,24,25,26,27,28,28,29,30,31,32,33,34,35,36,37,38,39,40,41,42,43,44,45,46,47,48,49,50,51,52,53,54,55,56,57,58,59,60,61,62,63,64,65,66,67,68,69,70,71,72,73,74,75,76,77,78,79,80,81,82,83,84,85,86,87,88,89,90,91,92,93,94,95,96,97,98,99,100,101,102,103,104,105,106,107,108,106,106,106,106,106,109,110,111,112,113,114,115,116","0.000935077667236328","leiden","edit-xhwikibooks.graphml"
"0.27","0.73","0","0.896834550813789","1,1,1,2,3,4,5,6,7,8,9,10,11,11,11,12,13,14,15,16,17,18,19,6,20,20,20,21,22,23,24,25,26,27,28,28,29,30,31,32,33,34,35,36,37,38,39,40,41,42,43,44,45,46,47,48,49,50,51,52,53,54,55,56,57,58,59,60,61,62,63,64,65,66,67,68,69,70,71,72,73,74,75,76,77,78,79,80,81,82,83,84,85,86,87,88,89,90,91,92,93,94,95,96,97,98,99,100,101,102,103,104,105,106,107,108,106,106,106,106,106,109,110,111,112,113,114,115,116","0.000934123992919922","leiden","edit-xhwikibooks.graphml"
"0.26","0.74","0","0.896834550813789","1,1,1,2,3,4,5,6,7,8,9,10,11,11,11,12,13,14,15,16,17,18,19,6,20,20,20,21,22,23,24,25,26,27,28,28,29,30,31,32,33,34,35,36,37,38,39,40,41,42,43,44,45,46,47,48,49,50,51,52,53,54,55,56,57,58,59,60,61,62,63,64,65,66,67,68,69,70,71,72,73,74,75,76,77,78,79,80,81,82,83,84,85,86,87,88,89,90,91,92,93,94,95,96,97,98,99,100,101,102,103,104,105,106,107,108,106,106,106,106,106,109,110,111,112,113,114,115,116","0.000931978225708008","leiden","edit-xhwikibooks.graphml"
"0.25","0.75","0","0.897724045600227","1,1,1,2,3,4,5,6,7,8,9,10,11,11,11,12,13,14,15,16,17,18,19,6,20,20,20,21,22,23,24,25,26,27,28,28,29,30,31,32,33,34,35,36,37,38,39,40,41,42,43,44,45,46,47,48,49,50,51,52,53,54,55,56,57,58,59,60,61,62,63,64,65,66,67,68,69,70,71,72,73,74,75,76,77,78,79,80,81,82,83,84,85,86,87,88,89,90,91,92,93,94,95,96,97,98,99,100,101,102,103,104,105,106,107,108,106,106,106,106,106,109,110,111,112,113,114,115,116","0.000952959060668945","leiden","edit-xhwikibooks.graphml"
"0.24","0.76","0","0.897724045600227","1,1,1,2,3,4,5,6,7,8,9,10,11,11,11,12,13,14,15,16,17,18,19,6,20,20,20,21,22,23,24,25,26,27,28,28,29,30,31,32,33,34,35,36,37,38,39,40,41,42,43,44,45,46,47,48,49,50,51,52,53,54,55,56,57,58,59,60,61,62,63,64,65,66,67,68,69,70,71,72,73,74,75,76,77,78,79,80,81,82,83,84,85,86,87,88,89,90,91,92,93,94,95,96,97,98,99,100,101,102,103,104,105,106,107,108,106,106,106,106,106,109,110,111,112,113,114,115,116","0.000937938690185547","leiden","edit-xhwikibooks.graphml"
"0.23","0.77","0","0.898253485018427","1,1,1,2,3,4,5,6,7,8,9,10,11,11,11,12,13,14,15,16,17,18,19,6,20,20,20,21,22,23,24,25,26,27,28,28,29,30,31,32,33,34,35,36,37,38,39,40,41,42,43,44,45,46,47,48,49,50,51,52,53,54,55,56,57,58,59,60,61,62,63,64,65,66,67,68,69,70,71,72,73,74,75,76,77,78,79,80,81,82,83,84,85,86,87,88,89,90,91,92,93,94,95,96,97,98,99,100,101,102,103,104,105,106,107,108,106,106,106,106,106,109,110,111,112,113,114,115,116","0.000946044921875","leiden","edit-xhwikibooks.graphml"
"0.22","0.78","0","0.897496238571043","1,1,1,2,3,4,5,6,7,8,9,10,11,11,11,12,13,14,15,16,17,18,19,6,20,20,20,21,22,23,24,25,26,27,28,28,29,30,31,32,33,34,35,36,37,38,39,40,41,42,43,44,45,46,47,48,49,50,51,52,53,54,55,56,57,58,59,60,61,62,63,64,65,66,67,68,69,70,71,72,73,74,75,76,77,78,79,80,81,82,83,84,85,86,87,88,89,90,91,92,93,94,95,96,97,98,99,100,101,102,103,104,105,106,107,108,106,106,106,106,106,109,110,111,112,113,114,115,116","0.000939130783081055","leiden","edit-xhwikibooks.graphml"
"0.21","0.79","0","0.897496238571043","1,1,1,2,3,4,5,6,7,8,9,10,11,11,11,12,13,14,15,16,17,18,19,6,20,20,20,21,22,23,24,25,26,27,28,28,29,30,31,32,33,34,35,36,37,38,39,40,41,42,43,44,45,46,47,48,49,50,51,52,53,54,55,56,57,58,59,60,61,62,63,64,65,66,67,68,69,70,71,72,73,74,75,76,77,78,79,80,81,82,83,84,85,86,87,88,89,90,91,92,93,94,95,96,97,98,99,100,101,102,103,104,105,106,107,108,106,106,106,106,106,109,110,111,112,113,114,115,116","0.000949859619140625","leiden","edit-xhwikibooks.graphml"
"0.2","0.8","0","0.897704315886134","1,1,1,2,3,4,5,6,7,8,9,10,11,11,11,12,13,14,15,16,17,18,19,6,20,20,20,21,22,23,24,25,26,27,28,28,29,30,31,32,33,34,35,36,37,38,39,40,41,42,43,44,45,46,47,48,49,50,51,52,53,54,55,56,57,58,59,60,61,62,63,64,65,66,67,68,69,70,71,72,73,74,75,76,77,78,79,80,81,82,83,84,85,86,87,88,89,90,91,92,93,94,95,96,97,98,99,100,101,102,103,104,105,106,107,108,106,106,106,106,106,109,110,111,112,113,114,115,116","0.000943899154663086","leiden","edit-xhwikibooks.graphml"
"0.19","0.81","0","0.897704315886134","1,1,1,2,3,4,5,6,7,8,9,10,11,11,11,12,13,14,15,16,17,18,19,6,20,20,20,21,22,23,24,25,26,27,28,28,29,30,31,32,33,34,35,36,37,38,39,40,41,42,43,44,45,46,47,48,49,50,51,52,53,54,55,56,57,58,59,60,61,62,63,64,65,66,67,68,69,70,71,72,73,74,75,76,77,78,79,80,81,82,83,84,85,86,87,88,89,90,91,92,93,94,95,96,97,98,99,100,101,102,103,104,105,106,107,108,106,106,106,106,106,109,110,111,112,113,114,115,116","0.000930070877075195","leiden","edit-xhwikibooks.graphml"
"0.18","0.82","0","0.896138771955291","1,1,1,2,3,4,5,6,7,8,9,10,11,11,11,12,13,14,15,16,17,18,19,6,20,20,20,21,22,23,24,25,26,27,28,28,29,30,31,32,33,34,35,36,37,38,39,40,41,42,43,44,45,46,47,48,49,50,51,52,53,54,55,56,57,58,59,60,61,62,63,64,65,66,67,68,69,70,71,72,73,74,75,76,77,78,79,80,81,82,83,84,85,86,87,88,89,90,91,92,93,94,95,96,97,98,99,100,101,102,103,104,105,106,107,108,106,106,106,106,106,109,110,111,112,113,114,115,116","0.0209259986877441","leiden","edit-xhwikibooks.graphml"
"0.17","0.83","0","0.896138771955291","1,1,1,2,3,4,5,6,7,8,9,10,11,11,11,12,13,14,15,16,17,18,19,6,20,20,20,21,22,23,24,25,26,27,28,28,29,30,31,32,33,34,35,36,37,38,39,40,41,42,43,44,45,46,47,48,49,50,51,52,53,54,55,56,57,58,59,60,61,62,63,64,65,66,67,68,69,70,71,72,73,74,75,76,77,78,79,80,81,82,83,84,85,86,87,88,89,90,91,92,93,94,95,96,97,98,99,100,101,102,103,104,105,106,107,108,106,106,106,106,106,109,110,111,112,113,114,115,116","0.00115299224853516","leiden","edit-xhwikibooks.graphml"
"0.16","0.84","0","0.894628684807256","1,1,1,2,3,4,5,6,7,8,9,10,11,11,11,12,13,14,15,16,17,18,19,6,20,20,20,21,22,23,24,25,26,27,28,28,29,30,31,32,33,34,35,36,37,38,39,40,41,42,43,44,45,46,47,48,49,50,51,52,53,54,55,56,57,58,59,60,61,62,63,64,65,66,67,68,69,70,71,72,73,74,75,76,77,78,79,80,81,82,83,84,85,86,87,88,89,90,91,92,93,94,95,96,97,98,99,100,101,102,103,104,105,106,107,108,106,106,106,106,106,109,110,111,112,113,114,115,116","0.00101709365844727","leiden","edit-xhwikibooks.graphml"
"0.15","0.85","0","0.89513672490459","1,1,1,2,3,4,5,6,7,8,9,10,11,11,11,12,13,14,15,16,17,18,19,6,20,20,20,21,22,23,24,25,26,27,28,28,29,30,31,32,33,34,35,36,37,38,39,40,41,42,43,44,45,46,47,48,49,50,51,52,53,54,55,56,57,58,59,60,61,62,63,64,65,66,67,68,69,70,71,72,73,74,75,76,77,78,79,80,81,82,83,84,85,86,87,88,89,90,91,92,93,94,95,96,97,98,99,100,101,102,103,104,105,106,107,108,106,106,106,106,106,109,110,111,112,113,114,115,116","0.000974893569946289","leiden","edit-xhwikibooks.graphml"
"0.14","0.86","0","0.893861546782045","1,1,1,2,3,4,5,6,7,8,9,10,11,11,11,12,13,14,15,16,17,18,19,6,20,20,20,21,22,23,24,25,26,27,28,28,29,30,31,32,33,34,35,36,37,38,39,40,41,42,43,44,45,46,47,48,49,50,51,52,53,54,55,56,57,58,59,60,61,62,63,64,65,66,67,68,69,70,71,72,73,74,75,76,77,78,79,80,81,82,83,84,85,86,87,88,89,90,91,92,93,94,95,96,97,98,99,100,101,102,103,104,105,106,107,108,106,106,106,106,106,109,110,111,112,113,114,115,116","0.000973939895629883","leiden","edit-xhwikibooks.graphml"
"0.13","0.87","0","0.893861546782045","1,1,1,2,3,4,5,6,7,8,9,10,11,11,11,12,13,14,15,16,17,18,19,6,20,20,20,21,22,23,24,25,26,27,28,28,29,30,31,32,33,34,35,36,37,38,39,40,41,42,43,44,45,46,47,48,49,50,51,52,53,54,55,56,57,58,59,60,61,62,63,64,65,66,67,68,69,70,71,72,73,74,75,76,77,78,79,80,81,82,83,84,85,86,87,88,89,90,91,92,93,94,95,96,97,98,99,100,101,102,103,104,105,106,107,108,106,106,106,106,106,109,110,111,112,113,114,115,116","0.000982999801635742","leiden","edit-xhwikibooks.graphml"
"0.12","0.88","0","0.89231180460423","1,1,1,2,3,4,5,6,7,8,9,10,11,11,11,12,13,14,15,16,17,18,19,6,20,20,20,21,22,23,24,25,26,27,28,28,29,30,31,32,33,34,35,36,37,38,39,40,41,42,43,44,45,46,47,48,49,50,51,52,53,54,55,56,57,58,59,60,61,62,63,64,65,66,67,68,69,70,71,72,73,74,75,76,77,78,79,80,81,82,83,84,85,86,87,88,89,90,91,92,93,94,95,96,97,98,99,100,101,102,103,104,105,106,107,108,106,106,106,106,106,109,110,111,112,113,114,115,116","0.00103282928466797","leiden","edit-xhwikibooks.graphml"
"0.11","0.89","0","0.893061224489796","1,1,1,2,3,4,5,6,7,8,9,10,11,11,11,12,13,14,15,16,17,18,19,6,20,20,20,21,22,23,24,25,26,27,28,28,29,30,31,32,33,34,35,36,37,38,39,40,41,42,43,44,45,46,47,48,49,50,51,52,53,54,55,56,57,58,59,60,61,62,63,64,65,66,67,68,69,70,71,72,73,74,75,76,77,78,79,80,81,82,83,84,85,86,87,88,89,90,91,92,93,94,95,96,97,98,99,100,101,102,103,104,105,106,107,108,106,106,106,106,106,109,110,111,112,113,114,115,116","0.000982046127319336","leiden","edit-xhwikibooks.graphml"
"0.1","0.9","0","0.891528925619835","1,1,1,2,3,4,5,6,7,8,9,10,11,11,11,12,13,14,15,16,17,18,19,6,20,20,20,21,22,23,24,25,26,27,28,28,29,30,31,32,33,34,35,36,37,38,39,40,41,42,43,44,45,46,47,48,49,50,51,52,53,54,55,56,57,58,59,60,61,62,63,64,65,66,67,68,69,70,71,72,73,74,75,76,77,78,79,80,81,82,83,84,85,86,87,88,89,90,91,92,93,94,95,96,97,98,99,100,101,102,103,104,105,106,107,108,106,106,106,106,106,109,110,111,112,113,114,115,116","0.00109696388244629","leiden","edit-xhwikibooks.graphml"
"0.09","0.91","0","0.891528925619835","1,1,1,2,3,4,5,6,7,8,9,10,11,11,11,12,13,14,15,16,17,18,19,6,20,20,20,21,22,23,24,25,26,27,28,28,29,30,31,32,33,34,35,36,37,38,39,40,41,42,43,44,45,46,47,48,49,50,51,52,53,54,55,56,57,58,59,60,61,62,63,64,65,66,67,68,69,70,71,72,73,74,75,76,77,78,79,80,81,82,83,84,85,86,87,88,89,90,91,92,93,94,95,96,97,98,99,100,101,102,103,104,105,106,107,108,106,106,106,106,106,109,110,111,112,113,114,115,116","0.000962018966674805","leiden","edit-xhwikibooks.graphml"
"0.08","0.92","0","0.889974145360528","1,1,1,2,3,4,5,6,7,8,9,10,11,11,11,12,13,14,15,16,17,18,19,6,20,20,20,21,22,23,24,25,26,27,28,28,29,30,31,32,33,34,35,36,37,38,39,40,41,42,43,44,45,46,47,48,49,50,51,52,53,54,55,56,57,58,59,60,61,62,63,64,65,66,67,68,69,70,71,72,73,74,75,76,77,78,79,80,81,82,83,84,85,86,87,88,89,90,91,92,93,94,95,96,97,98,99,100,101,102,103,104,105,106,107,108,106,106,106,106,106,109,110,111,112,113,114,115,116","0.00096893310546875","leiden","edit-xhwikibooks.graphml"
"0.07","0.93","0","0.890480999873754","1,1,1,2,3,4,5,6,7,8,9,10,11,11,11,12,13,14,15,16,17,18,19,6,20,20,20,21,22,23,24,25,26,27,28,28,29,30,31,32,33,34,35,36,37,38,39,40,41,42,43,44,45,46,47,48,49,50,51,52,53,54,55,56,57,58,59,60,61,62,63,64,65,66,67,68,69,70,71,72,73,74,75,76,77,78,79,80,81,82,83,84,85,86,87,88,89,90,91,92,93,94,95,96,97,98,99,100,101,102,103,104,105,106,107,108,106,106,106,106,106,109,110,111,112,113,114,115,116","0.00104498863220215","leiden","edit-xhwikibooks.graphml"
"0.06","0.94","0","0.888923566680192","1,1,1,2,3,4,5,6,7,8,9,10,11,11,11,12,13,14,15,16,17,18,19,6,20,20,20,21,22,23,24,25,26,27,28,28,29,30,31,32,33,34,35,36,37,38,39,40,41,42,43,44,45,46,47,48,49,50,51,52,53,54,55,56,57,58,59,60,61,62,63,64,65,66,67,68,69,70,71,72,73,74,75,76,77,78,79,80,81,82,83,84,85,86,87,88,89,90,91,92,93,94,95,96,97,98,99,100,101,102,103,104,105,106,107,108,106,106,106,106,106,109,110,111,112,113,114,115,116","0.0012519359588623","leiden","edit-xhwikibooks.graphml"
"0.05","0.95","0","0.888923566680192","1,1,1,2,3,4,5,6,7,8,9,10,11,11,11,12,13,14,15,16,17,18,19,6,20,20,20,21,22,23,24,25,26,27,28,28,29,30,31,32,33,34,35,36,37,38,39,40,41,42,43,44,45,46,47,48,49,50,51,52,53,54,55,56,57,58,59,60,61,62,63,64,65,66,67,68,69,70,71,72,73,74,75,76,77,78,79,80,81,82,83,84,85,86,87,88,89,90,91,92,93,94,95,96,97,98,99,100,101,102,103,104,105,106,107,108,106,106,106,106,106,109,110,111,112,113,114,115,116","0.00127601623535156","leiden","edit-xhwikibooks.graphml"
"0.04","0.96","0","0.887345679012346","1,1,1,2,3,4,5,6,7,8,9,10,11,11,11,12,13,14,15,16,17,18,19,6,20,20,20,21,22,23,24,25,26,27,28,28,29,30,31,32,33,34,35,36,37,38,39,40,41,42,43,44,45,46,47,48,49,50,51,52,53,54,55,56,57,58,59,60,61,62,63,64,65,66,67,68,69,70,71,72,73,74,75,76,77,78,79,80,81,82,83,84,85,86,87,88,89,90,91,92,93,94,95,96,97,98,99,100,101,102,103,104,105,106,107,108,106,106,106,106,106,109,110,111,112,113,114,115,116","0.00107097625732422","leiden","edit-xhwikibooks.graphml"
"0.03","0.97","0","0.887345679012346","1,1,1,2,3,4,5,6,7,8,9,10,11,11,11,12,13,14,15,16,17,18,19,6,20,20,20,21,22,23,24,25,26,27,28,28,29,30,31,32,33,34,35,36,37,38,39,40,41,42,43,44,45,46,47,48,49,50,51,52,53,54,55,56,57,58,59,60,61,62,63,64,65,66,67,68,69,70,71,72,73,74,75,76,77,78,79,80,81,82,83,84,85,86,87,88,89,90,91,92,93,94,95,96,97,98,99,100,101,102,103,104,105,106,107,108,106,106,106,106,106,109,110,111,112,113,114,115,116","0.000946998596191406","leiden","edit-xhwikibooks.graphml"
"0.02","0.98","0","0.885748298281493","1,1,1,2,3,4,5,6,7,8,9,10,11,11,11,12,13,14,15,16,17,18,19,6,20,20,20,21,22,23,24,25,26,27,28,28,29,30,31,32,33,34,35,36,37,38,39,40,41,42,43,44,45,46,47,48,49,50,51,52,53,54,55,56,57,58,59,60,61,62,63,64,65,66,67,68,69,70,71,72,73,74,75,76,77,78,79,80,81,82,83,84,85,86,87,88,89,90,91,92,93,94,95,96,97,98,99,100,101,102,103,104,105,106,107,108,106,106,106,106,106,109,110,111,112,113,114,115,116","0.000941991806030273","leiden","edit-xhwikibooks.graphml"
"0.01","0.99","0","0.885748298281493","1,1,1,2,3,4,5,6,7,8,9,10,11,11,11,12,13,14,15,16,17,18,19,6,20,20,20,21,22,23,24,25,26,27,28,28,29,30,31,32,33,34,35,36,37,38,39,40,41,42,43,44,45,46,47,48,49,50,51,52,53,54,55,56,57,58,59,60,61,62,63,64,65,66,67,68,69,70,71,72,73,74,75,76,77,78,79,80,81,82,83,84,85,86,87,88,89,90,91,92,93,94,95,96,97,98,99,100,101,102,103,104,105,106,107,108,106,106,106,106,106,109,110,111,112,113,114,115,116","0.000955104827880859","leiden","edit-xhwikibooks.graphml"
"0","1","0","0.48136892527584","1,2,3,4,5,6,3,4,4,4,5,5,6,6,6,4,6,3,7,3,1,1,4,4,4,4,4,6,1,4,5,5,5,5,4,4,4,4,8,8,8,8,2,2,2,2,8,2,2,2,8,8,8,8,8,2,2,2,2,8,6,8,8,6,6,8,8,8,8,8,2,8,6,6,8,8,8,8,8,8,8,6,4,4,4,2,8,8,8,8,6,3,7,8,8,8,6,8,8,8,8,8,8,8,8,8,8,3,3,8,8,8,8,7,7,7,7,7,7,7,7,6,6,6,6,6,6,6,6","0.00108003616333008","leiden","edit-xhwikibooks.graphml"
"0.99","0","0.01","0.742442533071777","1,1,1,1,1,2,3,4,2,2,3,3,4,4,4,2,2,3,3,3,6,7,4,4,4,4,4,2,1,2,3,3,3,3,8,8,5,4,6,6,6,6,7,7,7,7,6,7,7,7,6,6,6,6,6,7,7,7,7,6,4,6,6,4,4,6,6,6,6,6,7,6,4,4,6,6,6,6,6,6,6,4,2,2,2,1,6,6,6,6,2,3,3,6,6,6,2,6,6,6,6,6,6,6,6,6,6,3,3,3,6,6,6,8,8,8,8,8,8,8,8,5,5,5,5,5,5,5,5","0.000786066055297852","leiden","edit-xhwikibooks.graphml"
"0.98","0.01","0.01","0.740329963281525","1,1,1,1,1,2,3,2,2,4,3,3,2,2,2,5,4,3,3,3,6,7,2,2,2,2,2,5,1,4,3,3,3,3,8,8,9,2,6,6,6,6,7,7,7,7,6,7,7,7,6,6,6,6,6,7,7,7,7,6,2,6,6,2,2,6,6,6,6,6,7,6,2,2,6,6,6,6,6,6,6,2,5,5,5,1,6,6,6,6,4,3,3,6,6,6,5,6,6,6,6,6,6,6,6,6,6,3,3,3,6,6,6,8,8,8,8,8,8,8,8,9,9,9,9,9,9,9,9","0.000965118408203125","leiden","edit-xhwikibooks.graphml"
"0.97","0.02","0.01","0.733699178200692","1,1,1,1,1,2,3,4,2,2,3,3,4,4,4,2,2,3,3,3,5,6,4,4,4,4,4,2,1,2,3,3,3,3,7,7,8,4,5,5,5,5,6,6,6,6,5,6,6,6,5,5,5,5,5,6,6,6,6,5,9,5,5,4,4,5,5,5,5,5,6,5,4,4,5,5,5,5,5,5,5,4,2,2,2,10,5,5,5,5,11,12,13,5,5,5,2,5,5,5,5,5,5,5,5,5,5,3,3,3,5,5,5,7,7,7,7,7,7,7,7,8,8,8,8,8,8,8,8","0.000803947448730469","leiden","edit-xhwikibooks.graphml"
"0.96","0.03","0.01","0.716039432078864","1,1,1,1,3,1,3,2,2,1,3,3,2,2,2,1,4,3,3,3,5,6,2,2,2,2,2,1,1,7,8,3,3,3,9,9,10,2,5,5,5,5,6,6,6,6,5,6,6,6,5,5,5,5,5,6,6,6,6,5,11,5,5,12,13,5,5,5,5,5,6,5,2,2,5,5,5,5,5,5,5,14,1,1,1,15,5,5,5,5,16,17,18,5,5,5,19,5,5,5,5,5,5,5,5,5,5,20,21,5,5,5,5,9,9,9,9,9,9,9,9,10,10,10,10,10,10,10,10","0.00087285041809082","leiden","edit-xhwikibooks.graphml"
"0.95","0.04","0.01","0.697431278878534","1,1,1,2,3,2,4,2,2,2,4,5,2,2,2,2,6,7,4,8,9,10,11,2,2,2,2,2,1,12,13,14,8,15,4,4,16,2,9,9,9,9,10,10,10,10,9,10,10,10,9,9,9,9,9,10,10,10,10,9,17,9,9,18,19,9,9,9,9,9,10,9,20,21,9,9,9,9,9,9,9,22,23,24,25,26,9,9,9,9,27,28,29,9,9,9,30,9,9,9,9,9,9,9,9,9,9,31,32,9,9,9,9,4,4,4,4,4,4,4,4,16,16,16,16,16,16,16,16","0.000918865203857422","leiden","edit-xhwikibooks.graphml"
"0.94","0.05","0.01","0.684725265806347","1,1,1,2,3,2,4,2,2,2,5,6,2,2,2,2,7,8,9,10,11,12,13,2,2,2,2,2,1,14,15,16,17,18,9,9,19,2,11,11,11,11,12,12,12,12,11,12,12,12,11,11,11,11,11,12,12,12,12,11,20,11,11,21,22,11,11,11,11,11,12,11,23,24,11,11,11,11,11,11,11,25,26,27,28,29,11,11,11,11,30,31,32,11,11,11,33,11,11,11,11,11,11,11,11,11,11,34,35,11,11,11,11,9,9,9,9,9,9,9,9,19,19,19,19,19,19,19,19","0.0013267993927002","leiden","edit-xhwikibooks.graphml"
"0.93","0.06","0.01","0.671065759637188","1,1,1,2,3,1,4,1,5,6,7,8,1,5,5,1,9,10,11,12,13,14,15,5,5,5,5,16,17,18,19,20,21,22,11,11,23,5,13,13,13,13,14,14,14,14,13,14,14,14,13,13,13,13,13,14,14,14,14,13,24,13,13,25,26,13,13,13,13,13,14,13,27,28,13,13,13,13,13,13,13,29,30,31,32,33,13,13,13,13,34,35,36,13,13,13,37,13,13,13,13,13,13,13,13,13,13,38,39,13,13,13,13,11,11,11,11,11,11,11,11,23,23,23,23,23,23,23,23","0.000878095626831055","leiden","edit-xhwikibooks.graphml"
"0.92","0.07","0.01","0.654397209916109","1,1,1,2,3,1,4,1,5,6,7,8,9,5,5,10,11,12,13,14,15,16,17,5,5,5,5,18,19,20,21,22,23,24,13,13,25,26,15,15,15,15,16,16,16,16,15,16,16,16,15,15,15,15,15,16,16,16,16,15,27,15,15,28,29,15,15,15,15,15,16,15,30,31,15,15,15,15,15,15,15,32,33,34,35,36,15,15,15,15,37,38,39,15,15,15,40,15,15,15,15,15,15,15,15,15,15,41,42,15,15,15,15,13,13,13,13,13,13,13,13,25,25,25,25,25,25,25,25","0.000912189483642578","leiden","edit-xhwikibooks.graphml"
"0.91","0.08","0.01","0.6475","1,1,1,2,3,4,5,6,7,8,9,10,11,6,6,12,13,14,15,16,17,18,19,20,6,6,6,21,22,23,24,25,26,27,15,15,28,29,17,17,17,17,18,18,18,18,17,18,18,18,17,17,17,17,17,18,18,18,18,17,30,17,17,31,32,17,17,17,17,17,18,17,33,34,17,17,17,17,17,17,17,35,36,37,38,39,17,17,17,17,40,41,42,17,17,17,43,17,17,17,17,17,17,17,17,17,17,44,45,17,17,17,17,15,15,15,15,15,15,15,15,28,28,28,28,28,28,28,28","0.000915050506591797","leiden","edit-xhwikibooks.graphml"
"0.9","0.09","0.01","0.570377066115703","1,1,1,2,3,4,5,6,7,8,9,10,11,12,12,13,14,15,16,17,18,19,20,21,12,12,12,22,23,24,25,26,27,28,16,16,12,29,18,18,18,18,19,19,19,19,18,19,19,19,18,18,18,18,18,19,19,19,19,18,30,18,18,31,32,18,18,18,18,18,19,18,33,34,18,18,18,18,18,18,18,35,36,37,38,39,18,18,18,18,40,41,42,18,18,18,43,18,18,18,18,18,18,18,18,18,18,44,45,18,18,18,18,16,46,47,16,16,16,16,16,48,49,50,51,52,53,54,55","0.000996112823486328","leiden","edit-xhwikibooks.graphml"
"0.89","0.1","0.01","0.562161448011626","1,1,1,2,3,4,5,6,7,8,9,10,11,12,13,14,15,16,17,18,19,20,21,22,13,13,13,23,24,25,26,27,28,29,17,17,13,30,19,19,19,19,20,20,20,20,19,20,20,20,19,19,19,19,19,20,20,20,20,19,31,19,19,32,33,19,19,19,19,19,20,19,34,35,19,19,19,19,19,19,19,36,37,38,39,40,19,19,19,19,41,42,43,19,19,19,44,19,19,19,19,19,19,19,19,19,19,45,46,19,19,19,19,17,47,48,17,17,17,17,17,49,50,51,52,53,54,55,56","0.000987052917480469","leiden","edit-xhwikibooks.graphml"
"0.88","0.11","0.01","0.536401384083045","1,1,1,2,3,4,5,6,7,8,9,10,11,12,13,14,15,16,17,18,19,20,21,22,23,13,24,25,26,27,28,29,30,31,13,13,13,32,19,19,19,19,20,20,20,20,19,20,20,20,19,19,19,19,19,20,20,20,20,19,33,19,19,34,35,19,19,19,19,19,20,19,36,37,19,19,19,19,19,19,19,38,39,40,41,42,19,19,19,19,43,44,45,19,19,19,46,19,19,19,19,19,19,19,19,19,19,47,48,19,19,19,19,13,49,50,13,13,13,13,13,51,52,53,54,55,56,57,58","0.00100302696228027","leiden","edit-xhwikibooks.graphml"
"0.87","0.12","0.01","0.542658193618172","1,1,1,2,3,4,5,6,7,8,9,10,11,12,13,14,15,16,17,18,19,20,21,22,23,24,25,26,27,28,29,30,31,32,13,13,13,33,19,19,19,19,20,20,20,20,19,20,20,20,19,19,19,19,19,20,20,20,20,19,34,19,19,35,36,19,19,19,19,19,20,19,37,38,19,19,19,19,19,19,19,39,40,41,42,43,19,19,19,19,44,45,46,19,19,19,47,19,19,19,19,19,19,19,19,19,19,48,49,19,19,19,19,13,50,51,13,13,13,13,13,52,53,54,55,56,57,58,59","0.00100994110107422","leiden","edit-xhwikibooks.graphml"
"0.86","0.13","0.01","0.34829152249135","1,1,1,2,3,4,5,6,7,8,9,10,11,12,13,14,15,16,17,18,19,1,20,21,22,23,24,25,26,27,28,29,30,31,32,33,13,34,19,19,19,19,35,36,37,38,19,39,40,41,19,19,19,19,19,42,43,44,45,19,46,19,19,47,48,19,19,19,19,19,49,19,50,51,19,19,19,19,19,19,19,52,53,54,55,56,19,19,19,19,57,58,59,19,19,19,60,19,19,19,19,19,19,19,19,19,19,61,62,19,19,19,19,32,63,64,32,32,32,32,32,65,66,67,68,69,70,71,72","0.00109291076660156","leiden","edit-xhwikibooks.graphml"
"0.85","0.14","0.01","0.34829152249135","1,1,1,2,3,4,5,6,7,8,9,10,11,12,13,14,15,16,17,18,19,1,20,21,22,23,24,25,26,27,28,29,30,31,32,33,13,34,19,19,19,19,35,36,37,38,19,39,40,41,19,19,19,19,19,42,43,44,45,19,46,19,19,47,48,19,19,19,19,19,49,19,50,51,19,19,19,19,19,19,19,52,53,54,55,56,19,19,19,19,57,58,59,19,19,19,60,19,19,19,19,19,19,19,19,19,19,61,62,19,19,19,19,32,63,64,32,32,32,32,32,65,66,67,68,69,70,71,72","0.00110387802124023","leiden","edit-xhwikibooks.graphml"
"0.84","0.15","0.01","0.2508544921875","1,1,1,2,3,4,5,6,7,8,9,10,11,12,13,14,15,16,17,18,19,1,20,21,22,23,24,25,26,27,28,29,30,31,32,33,34,35,19,19,19,19,36,37,38,39,19,40,41,42,19,19,19,19,19,43,44,45,46,19,47,19,19,48,49,19,19,19,19,19,50,19,51,52,19,19,19,19,19,19,19,53,54,55,56,57,19,19,19,19,58,59,60,19,19,19,61,19,19,19,19,19,19,19,19,19,19,62,63,19,19,19,19,64,65,66,67,68,69,70,71,72,73,74,75,76,77,78,79","0.00116205215454102","leiden","edit-xhwikibooks.graphml"
"0.83","0.16","0.01","0.270650887573964","1,1,1,2,3,4,5,6,7,8,9,10,11,12,13,14,15,16,17,18,19,1,20,21,22,23,24,25,26,27,28,29,30,31,32,33,34,35,19,19,19,19,36,37,38,39,19,40,41,42,19,19,19,19,19,43,44,45,46,19,47,19,19,48,49,19,19,19,19,19,50,19,51,52,19,19,19,19,19,19,19,53,54,55,56,57,19,19,19,19,58,59,60,19,19,19,61,19,19,19,19,19,19,19,19,19,19,62,63,19,19,19,19,64,65,66,67,68,69,70,71,72,73,74,75,76,77,78,79","0.0011451244354248","leiden","edit-xhwikibooks.graphml"
"0.82","0.17","0.01","0.271464646464646","1,1,1,2,3,4,5,6,7,8,9,10,11,12,13,14,15,16,17,18,19,20,21,22,23,24,25,26,27,28,29,30,31,32,33,33,34,35,19,19,19,19,36,37,38,39,19,40,41,42,19,19,19,19,19,43,44,45,46,19,47,19,19,48,49,19,19,19,19,19,50,19,51,52,19,19,19,19,19,19,19,53,54,55,56,57,19,19,19,19,58,59,60,19,19,19,61,19,19,19,19,19,19,19,19,19,19,62,63,19,19,19,19,64,65,66,67,68,69,70,71,72,73,74,75,76,77,78,79","0.000874042510986328","leiden","edit-xhwikibooks.graphml"
"0.81","0.18","0.01","0.271464646464646","1,1,1,2,3,4,5,6,7,8,9,10,11,12,13,14,15,16,17,18,19,20,21,22,23,24,25,26,27,28,29,30,31,32,33,33,34,35,19,19,19,19,36,37,38,39,19,40,41,42,19,19,19,19,19,43,44,45,46,19,47,19,19,48,49,19,19,19,19,19,50,19,51,52,19,19,19,19,19,19,19,53,54,55,56,57,19,19,19,19,58,59,60,19,19,19,61,19,19,19,19,19,19,19,19,19,19,62,63,19,19,19,19,64,65,66,67,68,69,70,71,72,73,74,75,76,77,78,79","0.000956058502197266","leiden","edit-xhwikibooks.graphml"
"0.8","0.19","0.01","0.267877032746714","1,1,1,2,3,4,5,6,7,8,9,10,11,12,13,14,15,16,17,18,19,20,21,22,23,24,25,26,27,28,29,30,31,32,33,33,34,35,19,19,19,19,36,37,38,39,19,40,41,42,19,19,19,19,19,43,44,45,46,19,47,19,19,48,49,19,19,19,19,19,50,19,51,52,19,19,19,19,19,19,19,53,54,55,56,57,19,19,19,19,58,59,60,19,19,19,61,19,19,19,19,19,19,19,19,19,19,62,63,19,19,19,19,64,65,66,67,68,69,70,71,72,73,74,75,76,77,78,79","0.000833034515380859","leiden","edit-xhwikibooks.graphml"
"0.79","0.2","0.01","0.326632653061224","1,1,1,2,3,4,5,6,7,8,9,10,11,12,13,14,15,16,17,18,19,20,21,22,23,24,25,26,27,28,29,30,31,32,33,33,34,35,19,19,19,19,36,37,38,39,19,40,41,42,19,19,19,19,19,43,44,45,46,19,47,19,19,48,49,19,19,19,19,19,50,19,51,52,19,19,19,19,19,19,19,53,54,55,56,57,19,19,19,19,58,59,60,19,19,19,61,19,19,19,19,19,19,19,19,19,19,62,63,19,19,19,19,64,65,66,67,68,69,70,71,72,73,74,75,76,77,78,79","0.00082707405090332","leiden","edit-xhwikibooks.graphml"
"0.78","0.21","0.01","0.32265423527078","1,1,1,2,3,4,5,6,7,8,9,10,11,12,13,14,15,16,17,18,19,20,21,22,23,24,25,26,27,28,29,30,31,32,33,33,34,35,19,19,19,19,36,37,38,39,19,40,41,42,19,19,19,19,19,43,44,45,46,19,47,19,19,48,49,19,19,19,19,19,50,19,51,52,19,19,19,19,19,19,19,53,54,55,56,57,19,19,19,19,58,59,60,19,19,19,61,19,19,19,19,19,19,19,19,19,19,62,63,19,19,19,19,64,65,66,67,68,69,70,71,72,73,74,75,76,77,78,79","0.000843048095703125","leiden","edit-xhwikibooks.graphml"
"0.77","0.22","0.01","0.32265423527078","1,1,1,2,3,4,5,6,7,8,9,10,11,12,13,14,15,16,17,18,19,20,21,22,23,24,25,26,27,28,29,30,31,32,33,33,34,35,19,19,19,19,36,37,38,39,19,40,41,42,19,19,19,19,19,43,44,45,46,19,47,19,19,48,49,19,19,19,19,19,50,19,51,52,19,19,19,19,19,19,19,53,54,55,56,57,19,19,19,19,58,59,60,19,19,19,61,19,19,19,19,19,19,19,19,19,19,62,63,19,19,19,19,64,65,66,67,68,69,70,71,72,73,74,75,76,77,78,79","0.000880002975463867","leiden","edit-xhwikibooks.graphml"
"0.76","0.23","0.01","0.352903579254931","1,1,1,2,3,4,5,6,7,8,9,10,11,12,13,14,15,16,17,18,19,20,21,22,23,24,25,26,27,28,29,30,31,32,33,33,34,35,19,19,19,19,36,37,38,39,19,40,41,42,19,19,19,19,19,43,44,45,46,19,47,19,19,48,49,19,19,19,19,19,50,19,51,52,19,19,19,19,19,19,19,53,54,55,56,57,19,19,19,19,58,59,60,19,19,19,61,19,19,19,19,19,19,19,19,19,19,62,63,19,19,19,19,64,65,66,67,68,69,70,71,72,73,74,75,76,77,78,79","0.000848054885864258","leiden","edit-xhwikibooks.graphml"
"0.75","0.24","0.01","0.368977777777778","1,1,1,2,3,4,5,6,7,8,9,10,11,12,13,14,15,16,17,18,19,20,21,22,23,24,25,26,27,28,29,30,31,32,33,33,34,35,19,19,19,19,36,37,38,39,19,40,41,42,19,19,19,19,19,43,44,45,46,19,47,19,19,48,49,19,19,19,19,19,50,19,51,52,19,19,19,19,19,19,19,53,54,55,56,57,19,19,19,19,58,59,60,19,19,19,61,19,19,19,19,19,19,19,19,19,19,62,63,19,19,19,19,64,65,66,67,68,69,70,71,72,73,74,75,76,77,78,79","0.000835180282592773","leiden","edit-xhwikibooks.graphml"
"0.74","0.25","0.01","0.411232174331037","1,1,1,2,3,4,5,6,7,8,9,10,11,12,13,14,15,16,17,18,19,20,21,22,23,24,25,26,27,28,29,30,31,32,33,33,34,35,19,19,19,19,36,37,38,39,19,40,41,42,19,19,19,19,19,43,44,45,46,19,47,19,19,48,49,19,19,19,19,19,50,19,51,52,19,19,19,19,19,19,19,53,54,55,56,57,19,19,19,19,58,59,60,19,19,19,61,19,19,19,19,19,19,19,19,19,19,62,63,19,19,19,19,64,65,66,67,68,69,70,71,72,73,74,75,76,77,78,79","0.000859975814819336","leiden","edit-xhwikibooks.graphml"
"0.73","0.26","0.01","0.411232174331037","1,1,1,2,3,4,5,6,7,8,9,10,11,12,13,14,15,16,17,18,19,20,21,22,23,24,25,26,27,28,29,30,31,32,33,33,34,35,19,19,19,19,36,37,38,39,19,40,41,42,19,19,19,19,19,43,44,45,46,19,47,19,19,48,49,19,19,19,19,19,50,19,51,52,19,19,19,19,19,19,19,53,54,55,56,57,19,19,19,19,58,59,60,19,19,19,61,19,19,19,19,19,19,19,19,19,19,62,63,19,19,19,19,64,65,66,67,68,69,70,71,72,73,74,75,76,77,78,79","0.000848054885864258","leiden","edit-xhwikibooks.graphml"
"0.72","0.27","0.01","0.411232174331037","1,1,1,2,3,4,5,6,7,8,9,10,11,12,13,14,15,16,17,18,19,20,21,22,23,24,25,26,27,28,29,30,31,32,33,33,34,35,19,19,19,19,36,37,38,39,19,40,41,42,19,19,19,19,19,43,44,45,46,19,47,19,19,48,49,19,19,19,19,19,50,19,51,52,19,19,19,19,19,19,19,53,54,55,56,57,19,19,19,19,58,59,60,19,19,19,61,19,19,19,19,19,19,19,19,19,19,62,63,19,19,19,19,64,65,66,67,68,69,70,71,72,73,74,75,76,77,78,79","0.000846147537231445","leiden","edit-xhwikibooks.graphml"
"0.71","0.28","0.01","0.406953125","1,1,1,2,3,4,5,6,7,8,9,10,11,12,13,14,15,16,17,18,19,20,21,22,23,24,25,26,27,28,29,30,31,32,33,33,34,35,19,19,19,19,36,37,38,39,19,40,41,42,19,19,19,19,19,43,44,45,46,19,47,19,19,48,49,19,19,19,19,19,50,19,51,52,19,19,19,19,19,19,19,53,54,55,56,57,19,19,19,19,58,59,60,19,19,19,61,19,19,19,19,19,19,19,19,19,19,62,63,19,19,19,19,64,65,66,67,68,69,70,71,72,73,74,75,76,77,78,79","0.000828981399536133","leiden","edit-xhwikibooks.graphml"
"0.7","0.29","0.01","0.433447352766211","1,1,1,2,3,4,5,6,7,8,9,10,11,12,13,14,15,16,17,18,19,20,21,22,23,24,25,26,27,28,29,30,31,32,33,33,34,35,19,19,19,19,36,37,38,39,19,40,41,42,19,19,19,19,19,43,44,45,46,19,47,19,19,48,49,19,19,19,19,19,50,19,51,52,19,19,19,19,19,19,19,53,54,55,56,57,19,19,19,19,58,59,60,19,19,19,61,19,19,19,19,19,19,19,19,19,19,62,63,19,19,19,19,64,65,66,67,68,69,70,71,72,73,74,75,76,77,78,79","0.000845909118652344","leiden","edit-xhwikibooks.graphml"
"0.69","0.3","0.01","0.429162432863986","1,1,1,2,3,4,5,6,7,8,9,10,11,12,13,14,15,16,17,18,19,20,21,22,23,24,25,26,27,28,29,30,31,32,33,33,34,35,19,19,19,19,36,37,38,39,19,40,41,42,19,19,19,19,19,43,44,45,46,19,47,19,19,48,49,19,19,19,19,19,50,19,51,52,19,19,19,19,19,19,19,53,54,55,56,57,19,19,19,19,58,59,60,19,19,19,61,19,19,19,19,19,19,19,19,19,19,62,63,19,19,19,19,64,65,66,67,68,69,70,71,72,73,74,75,76,77,78,79","0.000859975814819336","leiden","edit-xhwikibooks.graphml"
"0.68","0.31","0.01","0.441539115646258","1,1,1,2,3,4,5,6,7,8,9,10,11,12,13,14,15,16,17,18,19,20,21,22,23,24,25,26,27,28,29,30,31,32,33,33,34,35,19,19,19,19,36,37,38,39,19,40,41,42,19,19,19,19,19,43,44,45,46,19,47,19,19,48,49,19,19,19,19,19,50,19,51,52,19,19,19,19,19,19,19,53,54,55,56,57,19,19,19,19,58,59,60,19,19,19,61,19,19,19,19,19,19,19,19,19,19,62,63,19,19,19,19,64,65,66,67,68,69,70,71,72,73,74,75,76,77,78,79","0.00091099739074707","leiden","edit-xhwikibooks.graphml"
"0.67","0.32","0.01","0.437301038062284","1,1,1,2,3,4,5,6,7,8,9,10,11,12,13,14,15,16,17,18,19,20,21,22,23,24,25,26,27,28,29,30,31,32,33,33,34,35,19,19,19,19,36,37,38,39,19,40,41,42,19,19,19,19,19,43,44,45,46,19,47,19,19,48,49,19,19,19,19,19,50,19,51,52,19,19,19,19,19,19,19,53,54,55,56,57,19,19,19,19,58,59,60,19,19,19,61,19,19,19,19,19,19,19,19,19,19,62,63,19,19,19,19,64,65,66,67,68,69,70,71,72,73,74,75,76,77,78,79","0.00106310844421387","leiden","edit-xhwikibooks.graphml"
"0.66","0.33","0.01","0.448823688480259","1,1,1,2,3,4,5,6,7,8,9,10,11,12,13,14,15,16,17,18,19,20,21,22,23,24,25,26,27,28,29,30,31,32,33,33,34,35,19,19,19,19,36,37,38,39,19,40,41,42,19,19,19,19,19,43,44,45,46,19,47,19,19,48,49,19,19,19,19,19,50,19,51,52,19,19,19,19,19,19,19,53,54,55,56,57,19,19,19,19,58,59,60,19,19,19,61,19,19,19,19,19,19,19,19,19,19,62,63,19,19,19,19,64,65,66,67,68,69,70,71,72,73,74,75,76,77,78,79","0.000863075256347656","leiden","edit-xhwikibooks.graphml"
"0.65","0.34","0.01","0.581658660915597","1,1,1,2,3,4,5,6,7,8,9,10,11,12,12,13,14,15,16,17,18,19,20,21,22,23,24,25,26,27,28,29,30,31,32,32,33,34,18,18,18,18,35,36,37,38,18,39,40,41,18,18,18,18,18,42,43,44,45,18,46,18,18,47,48,18,18,18,18,18,49,18,50,51,18,18,18,18,18,18,18,52,53,54,55,56,18,18,18,18,57,58,59,18,18,18,60,18,18,18,18,18,18,18,18,18,18,61,62,18,18,18,18,63,64,65,66,67,68,69,70,71,72,73,74,75,76,77,78","0.000858068466186523","leiden","edit-xhwikibooks.graphml"
"0.64","0.35","0.01","0.581658660915597","1,1,1,2,3,4,5,6,7,8,9,10,11,12,12,13,14,15,16,17,18,19,20,21,22,23,24,25,26,27,28,29,30,31,32,32,33,34,18,18,18,18,35,36,37,38,18,39,40,41,18,18,18,18,18,42,43,44,45,18,46,18,18,47,48,18,18,18,18,18,49,18,50,51,18,18,18,18,18,18,18,52,53,54,55,56,18,18,18,18,57,58,59,18,18,18,60,18,18,18,18,18,18,18,18,18,18,61,62,18,18,18,18,63,64,65,66,67,68,69,70,71,72,73,74,75,76,77,78","0.000869989395141602","leiden","edit-xhwikibooks.graphml"
"0.63","0.36","0.01","0.57742214532872","1,1,1,2,3,4,5,6,7,8,9,10,11,12,12,13,14,15,16,17,18,19,20,21,22,23,24,25,26,27,28,29,30,31,32,32,33,34,18,18,18,18,35,36,37,38,18,39,40,41,18,18,18,18,18,42,43,44,45,18,46,18,18,47,48,18,18,18,18,18,49,18,50,51,18,18,18,18,18,18,18,52,53,54,55,56,18,18,18,18,57,58,59,18,18,18,60,18,18,18,18,18,18,18,18,18,18,61,62,18,18,18,18,63,64,65,66,67,68,69,70,71,72,73,74,75,76,77,78","0.000859975814819336","leiden","edit-xhwikibooks.graphml"
"0.62","0.37","0.01","0.57742214532872","1,1,1,2,3,4,5,6,7,8,9,10,11,12,12,13,14,15,16,17,18,19,20,21,22,23,24,25,26,27,28,29,30,31,32,32,33,34,18,18,18,18,35,36,37,38,18,39,40,41,18,18,18,18,18,42,43,44,45,18,46,18,18,47,48,18,18,18,18,18,49,18,50,51,18,18,18,18,18,18,18,52,53,54,55,56,18,18,18,18,57,58,59,18,18,18,60,18,18,18,18,18,18,18,18,18,18,61,62,18,18,18,18,63,64,65,66,67,68,69,70,71,72,73,74,75,76,77,78","0.000847816467285156","leiden","edit-xhwikibooks.graphml"
"0.61","0.38","0.01","0.573239702139693","1,1,1,2,3,4,5,6,7,8,9,10,11,12,12,13,14,15,16,17,18,19,20,21,22,23,24,25,26,27,28,29,30,31,32,32,33,34,18,18,18,18,35,36,37,38,18,39,40,41,18,18,18,18,18,42,43,44,45,18,46,18,18,47,48,18,18,18,18,18,49,18,50,51,18,18,18,18,18,18,18,52,53,54,55,56,18,18,18,18,57,58,59,18,18,18,60,18,18,18,18,18,18,18,18,18,18,61,62,18,18,18,18,63,64,65,66,67,68,69,70,71,72,73,74,75,76,77,78","0.000859975814819336","leiden","edit-xhwikibooks.graphml"
"0.6","0.39","0.01","0.580482618343195","1,1,1,2,3,4,5,6,7,8,9,10,11,12,12,13,14,15,16,17,18,19,20,21,22,23,24,25,26,27,28,29,30,31,32,32,33,34,18,18,18,18,35,36,37,38,18,39,40,41,18,18,18,18,18,42,43,44,45,18,46,18,18,47,48,18,18,18,18,18,49,18,50,51,18,18,18,18,18,18,18,52,53,54,55,56,18,18,18,18,57,58,59,18,18,18,60,18,18,18,18,18,18,18,18,18,18,61,62,18,18,18,18,63,64,65,66,67,68,69,70,71,72,73,74,75,76,77,78","0.000880956649780273","leiden","edit-xhwikibooks.graphml"
"0.59","0.4","0.01","0.597265089163237","1,1,1,2,3,4,5,6,7,8,9,10,11,12,12,13,14,15,16,17,18,19,20,21,22,23,24,25,26,27,28,29,30,31,32,32,33,34,18,18,18,18,35,36,37,38,18,39,40,41,18,18,18,18,18,42,43,44,45,18,46,18,18,47,48,18,18,18,18,18,49,18,50,51,18,18,18,18,18,18,18,52,53,54,55,56,18,18,18,18,57,58,59,18,18,18,60,18,18,18,18,18,18,18,18,18,18,61,62,18,18,18,18,63,64,65,66,67,68,69,70,71,72,73,74,75,76,77,78","0.000889062881469727","leiden","edit-xhwikibooks.graphml"
"0.58","0.41","0.01","0.597265089163237","1,1,1,2,3,4,5,6,7,8,9,10,11,12,12,13,14,15,16,17,18,19,20,21,22,23,24,25,26,27,28,29,30,31,32,32,33,34,18,18,18,18,35,36,37,38,18,39,40,41,18,18,18,18,18,42,43,44,45,18,46,18,18,47,48,18,18,18,18,18,49,18,50,51,18,18,18,18,18,18,18,52,53,54,55,56,18,18,18,18,57,58,59,18,18,18,60,18,18,18,18,18,18,18,18,18,18,61,62,18,18,18,18,63,64,65,66,67,68,69,70,71,72,73,74,75,76,77,78","0.00084686279296875","leiden","edit-xhwikibooks.graphml"
"0.57","0.42","0.01","0.593258143253935","1,1,1,2,3,4,5,6,7,8,9,10,11,12,12,13,14,15,16,17,18,19,20,21,22,23,24,25,26,27,28,29,30,31,32,32,33,34,18,18,18,18,35,36,37,38,18,39,40,41,18,18,18,18,18,42,43,44,45,18,46,18,18,47,48,18,18,18,18,18,49,18,50,51,18,18,18,18,18,18,18,52,53,54,55,56,18,18,18,18,57,58,59,18,18,18,60,18,18,18,18,18,18,18,18,18,18,61,62,18,18,18,18,63,64,65,66,67,68,69,70,71,72,73,74,75,76,77,78","0.000854969024658203","leiden","edit-xhwikibooks.graphml"
"0.56","0.43","0.01","0.605510916321727","1,1,1,2,3,4,5,6,7,8,9,10,11,12,12,13,14,15,16,17,18,19,20,21,22,23,24,25,26,27,28,29,30,31,32,32,33,34,18,18,18,18,35,36,37,38,18,39,40,41,18,18,18,18,18,42,43,44,45,18,46,18,18,47,48,18,18,18,18,18,49,18,50,51,18,18,18,18,18,18,18,52,53,54,55,56,18,18,18,18,57,58,59,18,18,18,60,18,18,18,18,18,18,18,18,18,18,61,62,18,18,18,18,63,64,65,66,67,68,69,70,71,72,73,74,75,76,77,78","0.000879049301147461","leiden","edit-xhwikibooks.graphml"
"0.55","0.44","0.01","0.601602359693878","1,1,1,2,3,4,5,6,7,8,9,10,11,12,12,13,14,15,16,17,18,19,20,21,22,23,24,25,26,27,28,29,30,31,32,32,33,34,18,18,18,18,35,36,37,38,18,39,40,41,18,18,18,18,18,42,43,44,45,18,46,18,18,47,48,18,18,18,18,18,49,18,50,51,18,18,18,18,18,18,18,52,53,54,55,56,18,18,18,18,57,58,59,18,18,18,60,18,18,18,18,18,18,18,18,18,18,61,62,18,18,18,18,63,64,65,66,67,68,69,70,71,72,73,74,75,76,77,78","0.000864028930664062","leiden","edit-xhwikibooks.graphml"
"0.54","0.45","0.01","0.613457987072945","1,1,1,2,3,4,5,6,7,8,9,10,11,12,12,13,14,15,16,17,18,19,20,21,22,23,24,25,26,27,28,29,30,31,32,32,33,34,18,18,18,18,35,36,37,38,18,39,40,41,18,18,18,18,18,42,43,44,45,18,46,18,18,47,48,18,18,18,18,18,49,18,50,51,18,18,18,18,18,18,18,52,53,54,55,56,18,18,18,18,57,58,59,18,18,18,60,18,18,18,18,18,18,18,18,18,18,61,62,18,18,18,18,63,64,65,66,67,68,69,70,71,72,73,74,75,76,77,78","0.000873088836669922","leiden","edit-xhwikibooks.graphml"
"0.53","0.46","0.01","0.609640831758034","1,1,1,2,3,4,5,6,7,8,9,10,11,12,12,13,14,15,16,17,18,19,20,21,22,23,24,25,26,27,28,29,30,31,32,32,33,34,18,18,18,18,35,36,37,38,18,39,40,41,18,18,18,18,18,42,43,44,45,18,46,18,18,47,48,18,18,18,18,18,49,18,50,51,18,18,18,18,18,18,18,52,53,54,55,56,18,18,18,18,57,58,59,18,18,18,60,18,18,18,18,18,18,18,18,18,18,61,62,18,18,18,18,63,64,65,66,67,68,69,70,71,72,73,74,75,76,77,78","0.00106215476989746","leiden","edit-xhwikibooks.graphml"
"0.52","0.47","0.01","0.615450356718193","1,1,1,2,3,4,5,6,7,8,9,10,11,12,12,13,14,15,16,17,18,19,20,21,22,23,24,25,26,27,28,29,30,31,32,32,33,34,18,18,18,18,35,36,37,38,18,39,40,41,18,18,18,18,18,42,43,44,45,18,46,18,18,47,48,18,18,18,18,18,49,18,50,51,18,18,18,18,18,18,18,52,53,54,55,56,18,18,18,18,57,58,59,18,18,18,60,18,18,18,18,18,18,18,18,18,18,61,62,18,18,18,18,63,64,65,66,67,68,69,70,71,72,73,74,75,76,77,78","0.000844001770019531","leiden","edit-xhwikibooks.graphml"
"0.51","0.48","0.01","0.823591820987654","1,1,1,2,3,4,5,6,7,8,9,10,11,12,12,13,14,15,16,17,18,19,20,21,22,23,24,25,26,27,28,29,30,31,32,32,33,34,35,36,37,38,39,40,41,42,43,44,45,46,47,48,49,50,51,52,53,54,55,56,57,58,59,60,61,62,63,64,65,66,67,68,69,70,71,72,73,74,75,76,77,78,79,80,81,82,83,84,85,86,87,88,89,90,91,92,93,94,95,96,97,98,99,100,101,102,103,104,105,18,106,107,108,109,110,111,112,113,114,115,116,117,118,119,120,121,122,123,124","0.000990867614746094","leiden","edit-xhwikibooks.graphml"
"0.5","0.49","0.01","0.828307875421543","1,1,1,2,3,4,5,6,7,8,9,10,11,12,12,13,14,15,16,17,18,19,20,21,22,23,24,25,26,27,28,29,30,31,32,32,33,34,35,36,37,38,39,40,41,42,43,44,45,46,47,48,49,50,51,52,53,54,55,56,57,58,59,60,61,62,63,64,65,66,67,68,69,70,71,72,73,74,75,76,77,78,79,80,81,82,83,84,85,86,87,88,89,90,91,92,93,94,95,96,97,98,99,100,101,102,103,104,105,106,107,108,109,110,111,112,113,114,115,116,117,118,119,120,121,122,123,124,125","0.000993967056274414","leiden","edit-xhwikibooks.graphml"
"0.49","0.5","0.01","0.886853448275862","1,1,1,2,3,4,5,6,7,8,9,10,11,11,11,12,13,14,15,16,17,18,19,6,20,20,20,21,22,23,24,25,26,27,28,28,29,30,31,32,33,34,35,36,37,38,39,40,41,42,43,44,45,46,47,48,49,50,51,52,53,54,55,56,57,58,59,60,61,62,63,64,65,66,67,68,69,70,71,72,73,74,75,76,77,78,79,80,81,82,83,84,85,86,87,88,89,90,91,92,93,94,95,96,97,98,99,100,101,102,103,104,105,106,107,108,106,106,106,106,106,109,110,111,112,113,114,115,116","0.00099492073059082","leiden","edit-xhwikibooks.graphml"
"0.48","0.51","0.01","0.886853448275862","1,1,1,2,3,4,5,6,7,8,9,10,11,11,11,12,13,14,15,16,17,18,19,6,20,20,20,21,22,23,24,25,26,27,28,28,29,30,31,32,33,34,35,36,37,38,39,40,41,42,43,44,45,46,47,48,49,50,51,52,53,54,55,56,57,58,59,60,61,62,63,64,65,66,67,68,69,70,71,72,73,74,75,76,77,78,79,80,81,82,83,84,85,86,87,88,89,90,91,92,93,94,95,96,97,98,99,100,101,102,103,104,105,106,107,108,106,106,106,106,106,109,110,111,112,113,114,115,116","0.000996112823486328","leiden","edit-xhwikibooks.graphml"
"0.47","0.52","0.01","0.896030245746692","1,1,1,2,3,4,5,6,7,8,9,10,11,11,11,12,13,14,15,16,17,18,19,6,20,20,20,21,22,23,24,25,26,27,28,28,29,30,31,32,33,34,35,36,37,38,39,40,41,42,43,44,45,46,47,48,49,50,51,52,53,54,55,56,57,58,59,60,61,62,63,64,65,66,67,68,69,70,71,72,73,74,75,76,77,78,79,80,81,82,83,84,85,86,87,88,89,90,91,92,93,94,95,96,97,98,99,100,101,102,103,104,105,106,107,108,106,106,106,106,106,109,110,111,112,113,114,115,116","0.00100111961364746","leiden","edit-xhwikibooks.graphml"
"0.46","0.53","0.01","0.894173602853745","1,1,1,2,3,4,5,6,7,8,9,10,11,11,11,12,13,14,15,16,17,18,19,6,20,20,20,21,22,23,24,25,26,27,28,28,29,30,31,32,33,34,35,36,37,38,39,40,41,42,43,44,45,46,47,48,49,50,51,52,53,54,55,56,57,58,59,60,61,62,63,64,65,66,67,68,69,70,71,72,73,74,75,76,77,78,79,80,81,82,83,84,85,86,87,88,89,90,91,92,93,94,95,96,97,98,99,100,101,102,103,104,105,106,107,108,106,106,106,106,106,109,110,111,112,113,114,115,116","0.00103306770324707","leiden","edit-xhwikibooks.graphml"
"0.45","0.54","0.01","0.895025202717511","1,1,1,2,3,4,5,6,7,8,9,10,11,11,11,12,13,14,15,16,17,18,19,6,20,20,20,21,22,23,24,25,26,27,28,28,29,30,31,32,33,34,35,36,37,38,39,40,41,42,43,44,45,46,47,48,49,50,51,52,53,54,55,56,57,58,59,60,61,62,63,64,65,66,67,68,69,70,71,72,73,74,75,76,77,78,79,80,81,82,83,84,85,86,87,88,89,90,91,92,93,94,95,96,97,98,99,100,101,102,103,104,105,106,107,108,106,106,106,106,106,109,110,111,112,113,114,115,116","0.00101709365844727","leiden","edit-xhwikibooks.graphml"
"0.44","0.55","0.01","0.89313415685148","1,1,1,2,3,4,5,6,7,8,9,10,11,11,11,12,13,14,15,16,17,18,19,6,20,20,20,21,22,23,24,25,26,27,28,28,29,30,31,32,33,34,35,36,37,38,39,40,41,42,43,44,45,46,47,48,49,50,51,52,53,54,55,56,57,58,59,60,61,62,63,64,65,66,67,68,69,70,71,72,73,74,75,76,77,78,79,80,81,82,83,84,85,86,87,88,89,90,91,92,93,94,95,96,97,98,99,100,101,102,103,104,105,106,107,108,106,106,106,106,106,109,110,111,112,113,114,115,116","0.000982046127319336","leiden","edit-xhwikibooks.graphml"
"0.43","0.56","0.01","0.894583333333333","1,1,1,2,3,4,5,6,7,8,9,10,11,11,11,12,13,14,15,16,17,18,19,6,20,20,20,21,22,23,24,25,26,27,28,28,29,30,31,32,33,34,35,36,37,38,39,40,41,42,43,44,45,46,47,48,49,50,51,52,53,54,55,56,57,58,59,60,61,62,63,64,65,66,67,68,69,70,71,72,73,74,75,76,77,78,79,80,81,82,83,84,85,86,87,88,89,90,91,92,93,94,95,96,97,98,99,100,101,102,103,104,105,106,107,108,106,106,106,106,106,109,110,111,112,113,114,115,116","0.00098419189453125","leiden","edit-xhwikibooks.graphml"
"0.42","0.57","0.01","0.892698586162148","1,1,1,2,3,4,5,6,7,8,9,10,11,11,11,12,13,14,15,16,17,18,19,6,20,20,20,21,22,23,24,25,26,27,28,28,29,30,31,32,33,34,35,36,37,38,39,40,41,42,43,44,45,46,47,48,49,50,51,52,53,54,55,56,57,58,59,60,61,62,63,64,65,66,67,68,69,70,71,72,73,74,75,76,77,78,79,80,81,82,83,84,85,86,87,88,89,90,91,92,93,94,95,96,97,98,99,100,101,102,103,104,105,106,107,108,106,106,106,106,106,109,110,111,112,113,114,115,116","0.000978946685791016","leiden","edit-xhwikibooks.graphml"
"0.41","0.58","0.01","0.893515764425937","1,1,1,2,3,4,5,6,7,8,9,10,11,11,11,12,13,14,15,16,17,18,19,6,20,20,20,21,22,23,24,25,26,27,28,28,29,30,31,32,33,34,35,36,37,38,39,40,41,42,43,44,45,46,47,48,49,50,51,52,53,54,55,56,57,58,59,60,61,62,63,64,65,66,67,68,69,70,71,72,73,74,75,76,77,78,79,80,81,82,83,84,85,86,87,88,89,90,91,92,93,94,95,96,97,98,99,100,101,102,103,104,105,106,107,108,106,106,106,106,106,109,110,111,112,113,114,115,116","0.00110101699829102","leiden","edit-xhwikibooks.graphml"
"0.4","0.59","0.01","0.891649323621227","1,1,1,2,3,4,5,6,7,8,9,10,11,11,11,12,13,14,15,16,17,18,19,6,20,20,20,21,22,23,24,25,26,27,28,28,29,30,31,32,33,34,35,36,37,38,39,40,41,42,43,44,45,46,47,48,49,50,51,52,53,54,55,56,57,58,59,60,61,62,63,64,65,66,67,68,69,70,71,72,73,74,75,76,77,78,79,80,81,82,83,84,85,86,87,88,89,90,91,92,93,94,95,96,97,98,99,100,101,102,103,104,105,106,107,108,106,106,106,106,106,109,110,111,112,113,114,115,116","0.00117897987365723","leiden","edit-xhwikibooks.graphml"
"0.39","0.6","0.01","0.894289788579577","1,1,1,2,3,4,5,6,7,8,9,10,11,11,11,12,13,14,15,16,17,18,19,6,20,20,20,21,22,23,24,25,26,27,28,28,29,30,31,32,33,34,35,36,37,38,39,40,41,42,43,44,45,46,47,48,49,50,51,52,53,54,55,56,57,58,59,60,61,62,63,64,65,66,67,68,69,70,71,72,73,74,75,76,77,78,79,80,81,82,83,84,85,86,87,88,89,90,91,92,93,94,95,96,97,98,99,100,101,102,103,104,105,106,107,108,106,106,106,106,106,109,110,111,112,113,114,115,116","0.000970125198364258","leiden","edit-xhwikibooks.graphml"
"0.38","0.61","0.01","0.8924560546875","1,1,1,2,3,4,5,6,7,8,9,10,11,11,11,12,13,14,15,16,17,18,19,6,20,20,20,21,22,23,24,25,26,27,28,28,29,30,31,32,33,34,35,36,37,38,39,40,41,42,43,44,45,46,47,48,49,50,51,52,53,54,55,56,57,58,59,60,61,62,63,64,65,66,67,68,69,70,71,72,73,74,75,76,77,78,79,80,81,82,83,84,85,86,87,88,89,90,91,92,93,94,95,96,97,98,99,100,101,102,103,104,105,106,107,108,106,106,106,106,106,109,110,111,112,113,114,115,116","0.000959873199462891","leiden","edit-xhwikibooks.graphml"
"0.37","0.62","0.01","0.893215551950003","1,1,1,2,3,4,5,6,7,8,9,10,11,11,11,12,13,14,15,16,17,18,19,6,20,20,20,21,22,23,24,25,26,27,28,28,29,30,31,32,33,34,35,36,37,38,39,40,41,42,43,44,45,46,47,48,49,50,51,52,53,54,55,56,57,58,59,60,61,62,63,64,65,66,67,68,69,70,71,72,73,74,75,76,77,78,79,80,81,82,83,84,85,86,87,88,89,90,91,92,93,94,95,96,97,98,99,100,101,102,103,104,105,106,107,108,106,106,106,106,106,109,110,111,112,113,114,115,116","0.000983953475952148","leiden","edit-xhwikibooks.graphml"
"0.36","0.63","0.01","0.891360946745562","1,1,1,2,3,4,5,6,7,8,9,10,11,11,11,12,13,14,15,16,17,18,19,6,20,20,20,21,22,23,24,25,26,27,28,28,29,30,31,32,33,34,35,36,37,38,39,40,41,42,43,44,45,46,47,48,49,50,51,52,53,54,55,56,57,58,59,60,61,62,63,64,65,66,67,68,69,70,71,72,73,74,75,76,77,78,79,80,81,82,83,84,85,86,87,88,89,90,91,92,93,94,95,96,97,98,99,100,101,102,103,104,105,106,107,108,106,106,106,106,106,109,110,111,112,113,114,115,116","0.00097203254699707","leiden","edit-xhwikibooks.graphml"
"0.35","0.64","0.01","0.891360946745562","1,1,1,2,3,4,5,6,7,8,9,10,11,11,11,12,13,14,15,16,17,18,19,6,20,20,20,21,22,23,24,25,26,27,28,28,29,30,31,32,33,34,35,36,37,38,39,40,41,42,43,44,45,46,47,48,49,50,51,52,53,54,55,56,57,58,59,60,61,62,63,64,65,66,67,68,69,70,71,72,73,74,75,76,77,78,79,80,81,82,83,84,85,86,87,88,89,90,91,92,93,94,95,96,97,98,99,100,101,102,103,104,105,106,107,108,106,106,106,106,106,109,110,111,112,113,114,115,116","0.00102710723876953","leiden","edit-xhwikibooks.graphml"
"0.34","0.65","0.01","0.889458656255463","1,1,1,2,3,4,5,6,7,8,9,10,11,11,11,12,13,14,15,16,17,18,19,6,20,20,20,21,22,23,24,25,26,27,28,28,29,30,31,32,33,34,35,36,37,38,39,40,41,42,43,44,45,46,47,48,49,50,51,52,53,54,55,56,57,58,59,60,61,62,63,64,65,66,67,68,69,70,71,72,73,74,75,76,77,78,79,80,81,82,83,84,85,86,87,88,89,90,91,92,93,94,95,96,97,98,99,100,101,102,103,104,105,106,107,108,106,106,106,106,106,109,110,111,112,113,114,115,116","0.00101804733276367","leiden","edit-xhwikibooks.graphml"
"0.33","0.66","0.01","0.889458656255463","1,1,1,2,3,4,5,6,7,8,9,10,11,11,11,12,13,14,15,16,17,18,19,6,20,20,20,21,22,23,24,25,26,27,28,28,29,30,31,32,33,34,35,36,37,38,39,40,41,42,43,44,45,46,47,48,49,50,51,52,53,54,55,56,57,58,59,60,61,62,63,64,65,66,67,68,69,70,71,72,73,74,75,76,77,78,79,80,81,82,83,84,85,86,87,88,89,90,91,92,93,94,95,96,97,98,99,100,101,102,103,104,105,106,107,108,106,106,106,106,106,109,110,111,112,113,114,115,116","0.0010371208190918","leiden","edit-xhwikibooks.graphml"
"0.32","0.67","0.01","0.900828358554306","1,1,1,2,3,4,5,6,7,8,9,10,11,11,11,12,13,14,15,16,17,18,19,6,20,20,20,21,22,23,24,25,26,27,28,28,29,30,31,32,33,34,35,36,37,38,39,40,41,42,43,44,45,46,47,48,49,50,51,52,53,54,55,56,57,58,59,60,61,62,63,64,65,66,67,68,69,70,71,72,73,74,75,76,77,78,79,80,81,82,83,84,85,86,87,88,89,90,91,92,93,94,95,96,97,98,99,100,101,102,103,104,105,106,107,108,106,106,106,106,106,109,110,111,112,113,114,115,116","0.00106596946716309","leiden","edit-xhwikibooks.graphml"
"0.31","0.68","0.01","0.900828358554306","1,1,1,2,3,4,5,6,7,8,9,10,11,11,11,12,13,14,15,16,17,18,19,6,20,20,20,21,22,23,24,25,26,27,28,28,29,30,31,32,33,34,35,36,37,38,39,40,41,42,43,44,45,46,47,48,49,50,51,52,53,54,55,56,57,58,59,60,61,62,63,64,65,66,67,68,69,70,71,72,73,74,75,76,77,78,79,80,81,82,83,84,85,86,87,88,89,90,91,92,93,94,95,96,97,98,99,100,101,102,103,104,105,106,107,108,106,106,106,106,106,109,110,111,112,113,114,115,116","0.00104188919067383","leiden","edit-xhwikibooks.graphml"
"0.3","0.69","0.01","0.899196493791089","1,1,1,2,3,4,5,6,7,8,9,10,11,11,11,12,13,14,15,16,17,18,19,6,20,20,20,21,22,23,24,25,26,27,28,28,29,30,31,32,33,34,35,36,37,38,39,40,41,42,43,44,45,46,47,48,49,50,51,52,53,54,55,56,57,58,59,60,61,62,63,64,65,66,67,68,69,70,71,72,73,74,75,76,77,78,79,80,81,82,83,84,85,86,87,88,89,90,91,92,93,94,95,96,97,98,99,100,101,102,103,104,105,106,107,108,106,106,106,106,106,109,110,111,112,113,114,115,116","0.00106406211853027","leiden","edit-xhwikibooks.graphml"
"0.29","0.7","0.01","0.899779289221206","1,1,1,2,3,4,5,6,7,8,9,10,11,11,11,12,13,14,15,16,17,18,19,6,20,20,20,21,22,23,24,25,26,27,28,28,29,30,31,32,33,34,35,36,37,38,39,40,41,42,43,44,45,46,47,48,49,50,51,52,53,54,55,56,57,58,59,60,61,62,63,64,65,66,67,68,69,70,71,72,73,74,75,76,77,78,79,80,81,82,83,84,85,86,87,88,89,90,91,92,93,94,95,96,97,98,99,100,101,102,103,104,105,106,107,108,106,106,106,106,106,109,110,111,112,113,114,115,116","0.00113010406494141","leiden","edit-xhwikibooks.graphml"
"0.28","0.71","0.01","0.898133333333334","1,1,1,2,3,4,5,6,7,8,9,10,11,11,11,12,13,14,15,16,17,18,19,6,20,20,20,21,22,23,24,25,26,27,28,28,29,30,31,32,33,34,35,36,37,38,39,40,41,42,43,44,45,46,47,48,49,50,51,52,53,54,55,56,57,58,59,60,61,62,63,64,65,66,67,68,69,70,71,72,73,74,75,76,77,78,79,80,81,82,83,84,85,86,87,88,89,90,91,92,93,94,95,96,97,98,99,100,101,102,103,104,105,106,107,108,106,106,106,106,106,109,110,111,112,113,114,115,116","0.000998973846435547","leiden","edit-xhwikibooks.graphml"
"0.27","0.72","0.01","0.898459141274238","1,1,1,2,3,4,5,6,7,8,9,10,11,11,11,12,13,14,15,16,17,18,19,6,20,20,20,21,22,23,24,25,26,27,28,28,29,30,31,32,33,34,35,36,37,38,39,40,41,42,43,44,45,46,47,48,49,50,51,52,53,54,55,56,57,58,59,60,61,62,63,64,65,66,67,68,69,70,71,72,73,74,75,76,77,78,79,80,81,82,83,84,85,86,87,88,89,90,91,92,93,94,95,96,97,98,99,100,101,102,103,104,105,106,107,108,106,106,106,106,106,109,110,111,112,113,114,115,116","0.0011899471282959","leiden","edit-xhwikibooks.graphml"
"0.26","0.73","0.01","0.896834550813789","1,1,1,2,3,4,5,6,7,8,9,10,11,11,11,12,13,14,15,16,17,18,19,6,20,20,20,21,22,23,24,25,26,27,28,28,29,30,31,32,33,34,35,36,37,38,39,40,41,42,43,44,45,46,47,48,49,50,51,52,53,54,55,56,57,58,59,60,61,62,63,64,65,66,67,68,69,70,71,72,73,74,75,76,77,78,79,80,81,82,83,84,85,86,87,88,89,90,91,92,93,94,95,96,97,98,99,100,101,102,103,104,105,106,107,108,106,106,106,106,106,109,110,111,112,113,114,115,116","0.000974893569946289","leiden","edit-xhwikibooks.graphml"
"0.25","0.74","0.01","0.896834550813789","1,1,1,2,3,4,5,6,7,8,9,10,11,11,11,12,13,14,15,16,17,18,19,6,20,20,20,21,22,23,24,25,26,27,28,28,29,30,31,32,33,34,35,36,37,38,39,40,41,42,43,44,45,46,47,48,49,50,51,52,53,54,55,56,57,58,59,60,61,62,63,64,65,66,67,68,69,70,71,72,73,74,75,76,77,78,79,80,81,82,83,84,85,86,87,88,89,90,91,92,93,94,95,96,97,98,99,100,101,102,103,104,105,106,107,108,106,106,106,106,106,109,110,111,112,113,114,115,116","0.00098109245300293","leiden","edit-xhwikibooks.graphml"
"0.24","0.75","0.01","0.897724045600227","1,1,1,2,3,4,5,6,7,8,9,10,11,11,11,12,13,14,15,16,17,18,19,6,20,20,20,21,22,23,24,25,26,27,28,28,29,30,31,32,33,34,35,36,37,38,39,40,41,42,43,44,45,46,47,48,49,50,51,52,53,54,55,56,57,58,59,60,61,62,63,64,65,66,67,68,69,70,71,72,73,74,75,76,77,78,79,80,81,82,83,84,85,86,87,88,89,90,91,92,93,94,95,96,97,98,99,100,101,102,103,104,105,106,107,108,106,106,106,106,106,109,110,111,112,113,114,115,116","0.000993967056274414","leiden","edit-xhwikibooks.graphml"
"0.23","0.76","0.01","0.897724045600227","1,1,1,2,3,4,5,6,7,8,9,10,11,11,11,12,13,14,15,16,17,18,19,6,20,20,20,21,22,23,24,25,26,27,28,28,29,30,31,32,33,34,35,36,37,38,39,40,41,42,43,44,45,46,47,48,49,50,51,52,53,54,55,56,57,58,59,60,61,62,63,64,65,66,67,68,69,70,71,72,73,74,75,76,77,78,79,80,81,82,83,84,85,86,87,88,89,90,91,92,93,94,95,96,97,98,99,100,101,102,103,104,105,106,107,108,106,106,106,106,106,109,110,111,112,113,114,115,116","0.000999927520751953","leiden","edit-xhwikibooks.graphml"
"0.22","0.77","0.01","0.898253485018427","1,1,1,2,3,4,5,6,7,8,9,10,11,11,11,12,13,14,15,16,17,18,19,6,20,20,20,21,22,23,24,25,26,27,28,28,29,30,31,32,33,34,35,36,37,38,39,40,41,42,43,44,45,46,47,48,49,50,51,52,53,54,55,56,57,58,59,60,61,62,63,64,65,66,67,68,69,70,71,72,73,74,75,76,77,78,79,80,81,82,83,84,85,86,87,88,89,90,91,92,93,94,95,96,97,98,99,100,101,102,103,104,105,106,107,108,106,106,106,106,106,109,110,111,112,113,114,115,116","0.0010380744934082","leiden","edit-xhwikibooks.graphml"
"0.21","0.78","0.01","0.897496238571043","1,1,1,2,3,4,5,6,7,8,9,10,11,11,11,12,13,14,15,16,17,18,19,6,20,20,20,21,22,23,24,25,26,27,28,28,29,30,31,32,33,34,35,36,37,38,39,40,41,42,43,44,45,46,47,48,49,50,51,52,53,54,55,56,57,58,59,60,61,62,63,64,65,66,67,68,69,70,71,72,73,74,75,76,77,78,79,80,81,82,83,84,85,86,87,88,89,90,91,92,93,94,95,96,97,98,99,100,101,102,103,104,105,106,107,108,106,106,106,106,106,109,110,111,112,113,114,115,116","0.000988006591796875","leiden","edit-xhwikibooks.graphml"
"0.2","0.79","0.01","0.897496238571043","1,1,1,2,3,4,5,6,7,8,9,10,11,11,11,12,13,14,15,16,17,18,19,6,20,20,20,21,22,23,24,25,26,27,28,28,29,30,31,32,33,34,35,36,37,38,39,40,41,42,43,44,45,46,47,48,49,50,51,52,53,54,55,56,57,58,59,60,61,62,63,64,65,66,67,68,69,70,71,72,73,74,75,76,77,78,79,80,81,82,83,84,85,86,87,88,89,90,91,92,93,94,95,96,97,98,99,100,101,102,103,104,105,106,107,108,106,106,106,106,106,109,110,111,112,113,114,115,116","0.00100588798522949","leiden","edit-xhwikibooks.graphml"
"0.19","0.8","0.01","0.897704315886134","1,1,1,2,3,4,5,6,7,8,9,10,11,11,11,12,13,14,15,16,17,18,19,6,20,20,20,21,22,23,24,25,26,27,28,28,29,30,31,32,33,34,35,36,37,38,39,40,41,42,43,44,45,46,47,48,49,50,51,52,53,54,55,56,57,58,59,60,61,62,63,64,65,66,67,68,69,70,71,72,73,74,75,76,77,78,79,80,81,82,83,84,85,86,87,88,89,90,91,92,93,94,95,96,97,98,99,100,101,102,103,104,105,106,107,108,106,106,106,106,106,109,110,111,112,113,114,115,116","0.000997066497802734","leiden","edit-xhwikibooks.graphml"
"0.18","0.81","0.01","0.897704315886134","1,1,1,2,3,4,5,6,7,8,9,10,11,11,11,12,13,14,15,16,17,18,19,6,20,20,20,21,22,23,24,25,26,27,28,28,29,30,31,32,33,34,35,36,37,38,39,40,41,42,43,44,45,46,47,48,49,50,51,52,53,54,55,56,57,58,59,60,61,62,63,64,65,66,67,68,69,70,71,72,73,74,75,76,77,78,79,80,81,82,83,84,85,86,87,88,89,90,91,92,93,94,95,96,97,98,99,100,101,102,103,104,105,106,107,108,106,106,106,106,106,109,110,111,112,113,114,115,116","0.00103592872619629","leiden","edit-xhwikibooks.graphml"
"0.17","0.82","0.01","0.896138771955291","1,1,1,2,3,4,5,6,7,8,9,10,11,11,11,12,13,14,15,16,17,18,19,6,20,20,20,21,22,23,24,25,26,27,28,28,29,30,31,32,33,34,35,36,37,38,39,40,41,42,43,44,45,46,47,48,49,50,51,52,53,54,55,56,57,58,59,60,61,62,63,64,65,66,67,68,69,70,71,72,73,74,75,76,77,78,79,80,81,82,83,84,85,86,87,88,89,90,91,92,93,94,95,96,97,98,99,100,101,102,103,104,105,106,107,108,106,106,106,106,106,109,110,111,112,113,114,115,116","0.00112509727478027","leiden","edit-xhwikibooks.graphml"
"0.16","0.83","0.01","0.896138771955291","1,1,1,2,3,4,5,6,7,8,9,10,11,11,11,12,13,14,15,16,17,18,19,6,20,20,20,21,22,23,24,25,26,27,28,28,29,30,31,32,33,34,35,36,37,38,39,40,41,42,43,44,45,46,47,48,49,50,51,52,53,54,55,56,57,58,59,60,61,62,63,64,65,66,67,68,69,70,71,72,73,74,75,76,77,78,79,80,81,82,83,84,85,86,87,88,89,90,91,92,93,94,95,96,97,98,99,100,101,102,103,104,105,106,107,108,106,106,106,106,106,109,110,111,112,113,114,115,116","0.000998020172119141","leiden","edit-xhwikibooks.graphml"
"0.15","0.84","0.01","0.894628684807256","1,1,1,2,3,4,5,6,7,8,9,10,11,11,11,12,13,14,15,16,17,18,19,6,20,20,20,21,22,23,24,25,26,27,28,28,29,30,31,32,33,34,35,36,37,38,39,40,41,42,43,44,45,46,47,48,49,50,51,52,53,54,55,56,57,58,59,60,61,62,63,64,65,66,67,68,69,70,71,72,73,74,75,76,77,78,79,80,81,82,83,84,85,86,87,88,89,90,91,92,93,94,95,96,97,98,99,100,101,102,103,104,105,106,107,108,106,106,106,106,106,109,110,111,112,113,114,115,116","0.00111603736877441","leiden","edit-xhwikibooks.graphml"
"0.14","0.85","0.01","0.89513672490459","1,1,1,2,3,4,5,6,7,8,9,10,11,11,11,12,13,14,15,16,17,18,19,6,20,20,20,21,22,23,24,25,26,27,28,28,29,30,31,32,33,34,35,36,37,38,39,40,41,42,43,44,45,46,47,48,49,50,51,52,53,54,55,56,57,58,59,60,61,62,63,64,65,66,67,68,69,70,71,72,73,74,75,76,77,78,79,80,81,82,83,84,85,86,87,88,89,90,91,92,93,94,95,96,97,98,99,100,101,102,103,104,105,106,107,108,106,106,106,106,106,109,110,111,112,113,114,115,116","0.00101017951965332","leiden","edit-xhwikibooks.graphml"
"0.13","0.86","0.01","0.893861546782045","1,1,1,2,3,4,5,6,7,8,9,10,11,11,11,12,13,14,15,16,17,18,19,6,20,20,20,21,22,23,24,25,26,27,28,28,29,30,31,32,33,34,35,36,37,38,39,40,41,42,43,44,45,46,47,48,49,50,51,52,53,54,55,56,57,58,59,60,61,62,63,64,65,66,67,68,69,70,71,72,73,74,75,76,77,78,79,80,81,82,83,84,85,86,87,88,89,90,91,92,93,94,95,96,97,98,99,100,101,102,103,104,105,106,107,108,106,106,106,106,106,109,110,111,112,113,114,115,116","0.00100898742675781","leiden","edit-xhwikibooks.graphml"
"0.12","0.87","0.01","0.893861546782045","1,1,1,2,3,4,5,6,7,8,9,10,11,11,11,12,13,14,15,16,17,18,19,6,20,20,20,21,22,23,24,25,26,27,28,28,29,30,31,32,33,34,35,36,37,38,39,40,41,42,43,44,45,46,47,48,49,50,51,52,53,54,55,56,57,58,59,60,61,62,63,64,65,66,67,68,69,70,71,72,73,74,75,76,77,78,79,80,81,82,83,84,85,86,87,88,89,90,91,92,93,94,95,96,97,98,99,100,101,102,103,104,105,106,107,108,106,106,106,106,106,109,110,111,112,113,114,115,116","0.00101399421691895","leiden","edit-xhwikibooks.graphml"
"0.11","0.88","0.01","0.89231180460423","1,1,1,2,3,4,5,6,7,8,9,10,11,11,11,12,13,14,15,16,17,18,19,6,20,20,20,21,22,23,24,25,26,27,28,28,29,30,31,32,33,34,35,36,37,38,39,40,41,42,43,44,45,46,47,48,49,50,51,52,53,54,55,56,57,58,59,60,61,62,63,64,65,66,67,68,69,70,71,72,73,74,75,76,77,78,79,80,81,82,83,84,85,86,87,88,89,90,91,92,93,94,95,96,97,98,99,100,101,102,103,104,105,106,107,108,106,106,106,106,106,109,110,111,112,113,114,115,116","0.00101590156555176","leiden","edit-xhwikibooks.graphml"
"0.1","0.89","0.01","0.893061224489796","1,1,1,2,3,4,5,6,7,8,9,10,11,11,11,12,13,14,15,16,17,18,19,6,20,20,20,21,22,23,24,25,26,27,28,28,29,30,31,32,33,34,35,36,37,38,39,40,41,42,43,44,45,46,47,48,49,50,51,52,53,54,55,56,57,58,59,60,61,62,63,64,65,66,67,68,69,70,71,72,73,74,75,76,77,78,79,80,81,82,83,84,85,86,87,88,89,90,91,92,93,94,95,96,97,98,99,100,101,102,103,104,105,106,107,108,106,106,106,106,106,109,110,111,112,113,114,115,116","0.00100207328796387","leiden","edit-xhwikibooks.graphml"
"0.09","0.9","0.01","0.891528925619835","1,1,1,2,3,4,5,6,7,8,9,10,11,11,11,12,13,14,15,16,17,18,19,6,20,20,20,21,22,23,24,25,26,27,28,28,29,30,31,32,33,34,35,36,37,38,39,40,41,42,43,44,45,46,47,48,49,50,51,52,53,54,55,56,57,58,59,60,61,62,63,64,65,66,67,68,69,70,71,72,73,74,75,76,77,78,79,80,81,82,83,84,85,86,87,88,89,90,91,92,93,94,95,96,97,98,99,100,101,102,103,104,105,106,107,108,106,106,106,106,106,109,110,111,112,113,114,115,116","0.00102591514587402","leiden","edit-xhwikibooks.graphml"
"0.08","0.91","0.01","0.891528925619835","1,1,1,2,3,4,5,6,7,8,9,10,11,11,11,12,13,14,15,16,17,18,19,6,20,20,20,21,22,23,24,25,26,27,28,28,29,30,31,32,33,34,35,36,37,38,39,40,41,42,43,44,45,46,47,48,49,50,51,52,53,54,55,56,57,58,59,60,61,62,63,64,65,66,67,68,69,70,71,72,73,74,75,76,77,78,79,80,81,82,83,84,85,86,87,88,89,90,91,92,93,94,95,96,97,98,99,100,101,102,103,104,105,106,107,108,106,106,106,106,106,109,110,111,112,113,114,115,116","0.00106000900268555","leiden","edit-xhwikibooks.graphml"
"0.07","0.92","0.01","0.889974145360528","1,1,1,2,3,4,5,6,7,8,9,10,11,11,11,12,13,14,15,16,17,18,19,6,20,20,20,21,22,23,24,25,26,27,28,28,29,30,31,32,33,34,35,36,37,38,39,40,41,42,43,44,45,46,47,48,49,50,51,52,53,54,55,56,57,58,59,60,61,62,63,64,65,66,67,68,69,70,71,72,73,74,75,76,77,78,79,80,81,82,83,84,85,86,87,88,89,90,91,92,93,94,95,96,97,98,99,100,101,102,103,104,105,106,107,108,106,106,106,106,106,109,110,111,112,113,114,115,116","0.00104498863220215","leiden","edit-xhwikibooks.graphml"
"0.06","0.93","0.01","0.890480999873754","1,1,1,2,3,4,5,6,7,8,9,10,11,11,11,12,13,14,15,16,17,18,19,6,20,20,20,21,22,23,24,25,26,27,28,28,29,30,31,32,33,34,35,36,37,38,39,40,41,42,43,44,45,46,47,48,49,50,51,52,53,54,55,56,57,58,59,60,61,62,63,64,65,66,67,68,69,70,71,72,73,74,75,76,77,78,79,80,81,82,83,84,85,86,87,88,89,90,91,92,93,94,95,96,97,98,99,100,101,102,103,104,105,106,107,108,106,106,106,106,106,109,110,111,112,113,114,115,116","0.00105118751525879","leiden","edit-xhwikibooks.graphml"
"0.05","0.94","0.01","0.888923566680192","1,1,1,2,3,4,5,6,7,8,9,10,11,11,11,12,13,14,15,16,17,18,19,6,20,20,20,21,22,23,24,25,26,27,28,28,29,30,31,32,33,34,35,36,37,38,39,40,41,42,43,44,45,46,47,48,49,50,51,52,53,54,55,56,57,58,59,60,61,62,63,64,65,66,67,68,69,70,71,72,73,74,75,76,77,78,79,80,81,82,83,84,85,86,87,88,89,90,91,92,93,94,95,96,97,98,99,100,101,102,103,104,105,106,107,108,106,106,106,106,106,109,110,111,112,113,114,115,116","0.000995874404907227","leiden","edit-xhwikibooks.graphml"
"0.04","0.95","0.01","0.888923566680192","1,1,1,2,3,4,5,6,7,8,9,10,11,11,11,12,13,14,15,16,17,18,19,6,20,20,20,21,22,23,24,25,26,27,28,28,29,30,31,32,33,34,35,36,37,38,39,40,41,42,43,44,45,46,47,48,49,50,51,52,53,54,55,56,57,58,59,60,61,62,63,64,65,66,67,68,69,70,71,72,73,74,75,76,77,78,79,80,81,82,83,84,85,86,87,88,89,90,91,92,93,94,95,96,97,98,99,100,101,102,103,104,105,106,107,108,106,106,106,106,106,109,110,111,112,113,114,115,116","0.000979185104370117","leiden","edit-xhwikibooks.graphml"
"0.03","0.96","0.01","0.887345679012346","1,1,1,2,3,4,5,6,7,8,9,10,11,11,11,12,13,14,15,16,17,18,19,6,20,20,20,21,22,23,24,25,26,27,28,28,29,30,31,32,33,34,35,36,37,38,39,40,41,42,43,44,45,46,47,48,49,50,51,52,53,54,55,56,57,58,59,60,61,62,63,64,65,66,67,68,69,70,71,72,73,74,75,76,77,78,79,80,81,82,83,84,85,86,87,88,89,90,91,92,93,94,95,96,97,98,99,100,101,102,103,104,105,106,107,108,106,106,106,106,106,109,110,111,112,113,114,115,116","0.00100088119506836","leiden","edit-xhwikibooks.graphml"
"0.02","0.97","0.01","0.887345679012346","1,1,1,2,3,4,5,6,7,8,9,10,11,11,11,12,13,14,15,16,17,18,19,6,20,20,20,21,22,23,24,25,26,27,28,28,29,30,31,32,33,34,35,36,37,38,39,40,41,42,43,44,45,46,47,48,49,50,51,52,53,54,55,56,57,58,59,60,61,62,63,64,65,66,67,68,69,70,71,72,73,74,75,76,77,78,79,80,81,82,83,84,85,86,87,88,89,90,91,92,93,94,95,96,97,98,99,100,101,102,103,104,105,106,107,108,106,106,106,106,106,109,110,111,112,113,114,115,116","0.00120115280151367","leiden","edit-xhwikibooks.graphml"
"0.01","0.98","0.01","0.885748298281493","1,1,1,2,3,4,5,6,7,8,9,10,11,11,11,12,13,14,15,16,17,18,19,6,20,20,20,21,22,23,24,25,26,27,28,28,29,30,31,32,33,34,35,36,37,38,39,40,41,42,43,44,45,46,47,48,49,50,51,52,53,54,55,56,57,58,59,60,61,62,63,64,65,66,67,68,69,70,71,72,73,74,75,76,77,78,79,80,81,82,83,84,85,86,87,88,89,90,91,92,93,94,95,96,97,98,99,100,101,102,103,104,105,106,107,108,106,106,106,106,106,109,110,111,112,113,114,115,116","0.000987052917480469","leiden","edit-xhwikibooks.graphml"
"0","0.99","0.01","0.869740488788108","1,1,1,1,1,2,3,4,5,6,7,8,9,9,9,10,11,12,13,14,15,16,17,4,18,18,18,19,1,20,21,22,23,24,25,25,26,27,28,29,30,31,32,33,34,35,36,37,38,39,40,41,42,43,44,45,46,47,48,49,50,51,52,53,54,55,56,57,58,59,60,61,62,63,64,65,66,67,68,69,70,71,72,73,74,75,76,77,78,79,80,81,82,83,84,85,86,87,88,89,90,91,92,93,94,95,96,97,98,99,100,101,102,103,104,105,103,103,103,103,103,106,107,108,109,110,111,112,113","0.00142192840576172","leiden","edit-xhwikibooks.graphml"
"0.98","0","0.02","0.732915096211069","1,1,1,1,1,1,4,1,2,1,4,4,3,2,2,5,1,4,4,4,6,7,3,3,2,2,2,5,1,1,4,4,4,4,8,8,9,2,6,6,6,6,7,7,7,7,6,7,7,7,6,6,6,6,6,7,7,7,7,6,3,6,6,3,2,6,6,6,6,6,7,6,2,2,6,6,6,6,6,6,6,2,5,5,5,1,6,6,6,6,1,4,4,6,6,6,5,6,6,6,6,6,6,6,6,6,6,4,4,4,6,6,6,8,8,8,8,8,8,8,8,9,9,9,9,9,9,9,9","0.000840902328491211","leiden","edit-xhwikibooks.graphml"
"0.97","0.01","0.02","0.734551676254711","1,1,1,3,4,3,4,2,3,3,4,4,2,2,2,3,3,4,4,4,7,8,2,2,2,2,2,3,1,3,4,4,4,4,6,6,5,2,7,7,7,7,8,8,8,8,7,8,8,8,7,7,7,7,7,8,8,8,8,7,2,7,7,2,2,7,7,7,7,7,8,7,2,2,7,7,7,7,7,7,7,2,3,3,3,1,7,7,7,7,3,4,4,7,7,7,3,7,7,7,7,7,7,7,7,7,7,4,4,4,7,7,7,6,6,6,6,6,6,6,6,5,5,5,5,5,5,5,5","0.000798940658569336","leiden","edit-xhwikibooks.graphml"
"0.96","0.02","0.02","0.735642729617139","1,1,1,1,1,2,3,4,2,2,3,3,4,4,4,2,2,3,3,3,6,7,4,4,4,4,4,2,1,2,3,3,3,3,8,8,5,4,6,6,6,6,7,7,7,7,6,7,7,7,6,6,6,6,6,7,7,7,7,6,4,6,6,4,4,6,6,6,6,6,7,6,4,4,6,6,6,6,6,6,6,4,2,2,2,1,6,6,6,6,2,3,3,6,6,6,2,6,6,6,6,6,6,6,6,6,6,3,3,3,6,6,6,8,8,8,8,8,8,8,8,5,5,5,5,5,5,5,5","0.183382034301758","leiden","edit-xhwikibooks.graphml"
"0.95","0.03","0.02","0.731152432202035","1,1,1,2,1,2,1,3,2,2,1,4,3,3,3,2,2,1,1,4,5,6,3,3,3,3,3,2,1,2,1,1,4,4,7,7,8,3,5,5,5,5,6,6,6,6,5,6,6,6,5,5,5,5,5,6,6,6,6,5,9,5,5,3,3,5,5,5,5,5,6,5,3,3,5,5,5,5,5,5,5,3,2,2,2,10,5,5,5,5,11,12,13,5,5,5,2,5,5,5,5,5,5,5,5,5,5,4,4,4,5,5,5,7,7,7,7,7,7,7,7,8,8,8,8,8,8,8,8","0.000938177108764648","leiden","edit-xhwikibooks.graphml"
"0.94","0.04","0.02","0.731924982684213","1,1,1,1,1,2,3,4,2,2,3,3,4,4,4,2,2,3,3,3,6,7,4,4,4,4,4,2,1,2,3,3,3,3,8,8,5,4,6,6,6,6,7,7,7,7,6,7,7,7,6,6,6,6,6,7,7,7,7,6,9,6,6,4,4,6,6,6,6,6,7,6,4,4,6,6,6,6,6,6,6,4,2,2,2,10,6,6,6,6,11,12,13,6,6,6,2,6,6,6,6,6,6,6,6,6,6,3,3,3,6,6,6,8,8,8,8,8,8,8,8,5,5,5,5,5,5,5,5","0.000841856002807617","leiden","edit-xhwikibooks.graphml"
"0.93","0.05","0.02","0.716217041015625","1,1,1,1,1,2,3,2,2,2,3,3,2,2,2,4,5,3,3,3,6,7,2,2,2,2,2,4,1,8,9,3,3,3,10,10,11,2,6,6,6,6,7,7,7,7,6,7,7,7,6,6,6,6,6,7,7,7,7,6,12,6,6,13,14,6,6,6,6,6,7,6,2,2,6,6,6,6,6,6,6,15,4,4,4,16,6,6,6,6,17,18,19,6,6,6,20,6,6,6,6,6,6,6,6,6,6,21,22,6,6,6,6,10,10,10,10,10,10,10,10,11,11,11,11,11,11,11,11","0.000884056091308594","leiden","edit-xhwikibooks.graphml"
"0.92","0.06","0.02","0.716217041015625","1,1,1,1,1,2,3,2,2,2,3,3,2,2,2,4,5,3,3,3,6,7,2,2,2,2,2,4,1,8,9,3,3,3,10,10,11,2,6,6,6,6,7,7,7,7,6,7,7,7,6,6,6,6,6,7,7,7,7,6,12,6,6,13,14,6,6,6,6,6,7,6,2,2,6,6,6,6,6,6,6,15,4,4,4,16,6,6,6,6,17,18,19,6,6,6,20,6,6,6,6,6,6,6,6,6,6,21,22,6,6,6,6,10,10,10,10,10,10,10,10,11,11,11,11,11,11,11,11","0.000858068466186523","leiden","edit-xhwikibooks.graphml"
"0.91","0.07","0.02","0.692136105860113","1,1,1,2,3,2,4,2,2,2,4,5,2,2,2,2,6,7,4,8,9,10,11,2,2,2,2,2,1,12,13,14,8,15,4,4,16,2,9,9,9,9,10,10,10,10,9,10,10,10,9,9,9,9,9,10,10,10,10,9,17,9,9,18,19,9,9,9,9,9,10,9,20,21,9,9,9,9,9,9,9,22,23,24,25,26,9,9,9,9,27,28,29,9,9,9,30,9,9,9,9,9,9,9,9,9,9,31,32,9,9,9,9,4,4,4,4,4,4,4,4,16,16,16,16,16,16,16,16","0.0012819766998291","leiden","edit-xhwikibooks.graphml"
"0.9","0.08","0.02","0.695117419738406","1,1,1,2,3,2,4,2,2,2,4,5,2,2,2,2,6,7,4,8,9,10,11,2,2,2,2,2,1,12,13,14,8,15,4,4,16,2,9,9,9,9,10,10,10,10,9,10,10,10,9,9,9,9,9,10,10,10,10,9,17,9,9,18,19,9,9,9,9,9,10,9,20,21,9,9,9,9,9,9,9,22,23,24,25,26,9,9,9,9,27,28,29,9,9,9,30,9,9,9,9,9,9,9,9,9,9,31,32,9,9,9,9,4,4,4,4,4,4,4,4,16,16,16,16,16,16,16,16","0.000930070877075195","leiden","edit-xhwikibooks.graphml"
"0.89","0.09","0.02","0.682402277623884","1,1,1,2,3,2,4,2,2,2,5,6,2,2,2,2,7,8,9,10,11,12,13,2,2,2,2,2,1,14,15,16,17,18,9,9,19,2,11,11,11,11,12,12,12,12,11,12,12,12,11,11,11,11,11,12,12,12,12,11,20,11,11,21,22,11,11,11,11,11,12,11,23,24,11,11,11,11,11,11,11,25,26,27,28,29,11,11,11,11,30,31,32,11,11,11,33,11,11,11,11,11,11,11,11,11,11,34,35,11,11,11,11,9,9,9,9,9,9,9,9,19,19,19,19,19,19,19,19","0.000972986221313477","leiden","edit-xhwikibooks.graphml"
"0.88","0.1","0.02","0.682402277623884","1,1,1,2,3,2,4,2,2,2,5,6,2,2,2,2,7,8,9,10,11,12,13,2,2,2,2,2,1,14,15,16,17,18,9,9,19,2,11,11,11,11,12,12,12,12,11,12,12,12,11,11,11,11,11,12,12,12,12,11,20,11,11,21,22,11,11,11,11,11,12,11,23,24,11,11,11,11,11,11,11,25,26,27,28,29,11,11,11,11,30,31,32,11,11,11,33,11,11,11,11,11,11,11,11,11,11,34,35,11,11,11,11,9,9,9,9,9,9,9,9,19,19,19,19,19,19,19,19","0.00100302696228027","leiden","edit-xhwikibooks.graphml"
"0.87","0.11","0.02","0.665137614678899","1,1,1,2,3,1,4,1,5,6,7,8,1,5,5,1,9,10,11,12,13,14,15,5,5,5,5,16,17,18,19,20,21,22,11,11,23,5,13,13,13,13,14,14,14,14,13,14,14,14,13,13,13,13,13,14,14,14,14,13,24,13,13,25,26,13,13,13,13,13,14,13,27,28,13,13,13,13,13,13,13,29,30,31,32,33,13,13,13,13,34,35,36,13,13,13,37,13,13,13,13,13,13,13,13,13,13,38,39,13,13,13,13,11,11,11,11,11,11,11,11,23,23,23,23,23,23,23,23","0.000874996185302734","leiden","edit-xhwikibooks.graphml"
"0.86","0.12","0.02","0.672226280334388","1,1,1,2,3,1,4,1,5,6,7,8,1,5,5,1,9,10,11,12,13,14,15,5,5,5,5,16,17,18,19,20,21,22,11,11,23,5,13,13,13,13,14,14,14,14,13,14,14,14,13,13,13,13,13,14,14,14,14,13,24,13,13,25,26,13,13,13,13,13,14,13,27,28,13,13,13,13,13,13,13,29,30,31,32,33,13,13,13,13,34,35,36,13,13,13,37,13,13,13,13,13,13,13,13,13,13,38,39,13,13,13,13,11,11,11,11,11,11,11,11,23,23,23,23,23,23,23,23","0.000841856002807617","leiden","edit-xhwikibooks.graphml"
"0.85","0.13","0.02","0.656215806750273","1,1,1,2,3,1,4,1,5,6,7,8,9,5,5,10,11,12,13,14,15,16,17,5,5,5,5,18,19,20,21,22,23,24,13,13,25,26,15,15,15,15,16,16,16,16,15,16,16,16,15,15,15,15,15,16,16,16,16,15,27,15,15,28,29,15,15,15,15,15,16,15,30,31,15,15,15,15,15,15,15,32,33,34,35,36,15,15,15,15,37,38,39,15,15,15,40,15,15,15,15,15,15,15,15,15,15,41,42,15,15,15,15,13,13,13,13,13,13,13,13,25,25,25,25,25,25,25,25","0.000869989395141602","leiden","edit-xhwikibooks.graphml"
"0.84","0.14","0.02","0.656215806750273","1,1,1,2,3,1,4,1,5,6,7,8,9,5,5,10,11,12,13,14,15,16,17,5,5,5,5,18,19,20,21,22,23,24,13,13,25,26,15,15,15,15,16,16,16,16,15,16,16,16,15,15,15,15,15,16,16,16,16,15,27,15,15,28,29,15,15,15,15,15,16,15,30,31,15,15,15,15,15,15,15,32,33,34,35,36,15,15,15,15,37,38,39,15,15,15,40,15,15,15,15,15,15,15,15,15,15,41,42,15,15,15,15,13,13,13,13,13,13,13,13,25,25,25,25,25,25,25,25","0.000885009765625","leiden","edit-xhwikibooks.graphml"
"0.83","0.15","0.02","0.650377229080933","1,1,1,2,3,4,5,6,7,8,9,10,11,6,6,12,13,14,15,16,17,18,19,20,6,6,6,21,22,23,24,25,26,27,15,15,28,29,17,17,17,17,18,18,18,18,17,18,18,18,17,17,17,17,17,18,18,18,18,17,30,17,17,31,32,17,17,17,17,17,18,17,33,34,17,17,17,17,17,17,17,35,36,37,38,39,17,17,17,17,40,41,42,17,17,17,43,17,17,17,17,17,17,17,17,17,17,44,45,17,17,17,17,15,15,15,15,15,15,15,15,28,28,28,28,28,28,28,28","0.000916957855224609","leiden","edit-xhwikibooks.graphml"
"0.82","0.16","0.02","0.654069522767444","1,1,1,2,3,4,5,6,7,8,9,10,11,6,6,12,13,14,15,16,17,18,19,20,6,6,6,21,22,23,24,25,26,27,15,15,28,29,17,17,17,17,18,18,18,18,17,18,18,18,17,17,17,17,17,18,18,18,18,17,30,17,17,31,32,17,17,17,17,17,18,17,33,34,17,17,17,17,17,17,17,35,36,37,38,39,17,17,17,17,40,41,42,17,17,17,43,17,17,17,17,17,17,17,17,17,17,44,45,17,17,17,17,15,15,15,15,15,15,15,15,28,28,28,28,28,28,28,28","0.000892877578735352","leiden","edit-xhwikibooks.graphml"
"0.81","0.17","0.02","0.590899625156185","1,1,1,2,3,4,5,6,7,8,9,10,11,12,12,13,14,15,16,17,18,19,20,21,12,12,12,22,23,24,25,26,27,28,16,16,12,29,18,18,18,18,19,19,19,19,18,19,19,19,18,18,18,18,18,19,19,19,19,18,30,18,18,31,32,18,18,18,18,18,19,18,33,34,18,18,18,18,18,18,18,35,36,37,38,39,18,18,18,18,40,41,42,18,18,18,43,18,18,18,18,18,18,18,18,18,18,44,45,18,18,18,18,16,46,47,16,16,16,16,16,48,49,50,51,52,53,54,55","0.00104212760925293","leiden","edit-xhwikibooks.graphml"
"0.8","0.18","0.02","0.590899625156185","1,1,1,2,3,4,5,6,7,8,9,10,11,12,12,13,14,15,16,17,18,19,20,21,12,12,12,22,23,24,25,26,27,28,16,16,12,29,18,18,18,18,19,19,19,19,18,19,19,19,18,18,18,18,18,19,19,19,19,18,30,18,18,31,32,18,18,18,18,18,19,18,33,34,18,18,18,18,18,18,18,35,36,37,38,39,18,18,18,18,40,41,42,18,18,18,43,18,18,18,18,18,18,18,18,18,18,44,45,18,18,18,18,16,46,47,16,16,16,16,16,48,49,50,51,52,53,54,55","0.000940084457397461","leiden","edit-xhwikibooks.graphml"
"0.79","0.19","0.02","0.580695543523532","1,1,1,2,3,4,5,6,7,8,9,10,11,12,13,14,15,16,17,18,19,20,21,22,13,13,13,23,24,25,26,27,28,29,17,17,13,30,19,19,19,19,20,20,20,20,19,20,20,20,19,19,19,19,19,20,20,20,20,19,31,19,19,32,33,19,19,19,19,19,20,19,34,35,19,19,19,19,19,19,19,36,37,38,39,40,19,19,19,19,41,42,43,19,19,19,44,19,19,19,19,19,19,19,19,19,19,45,46,19,19,19,19,17,47,48,17,17,17,17,17,49,50,51,52,53,54,55,56","0.000839948654174805","leiden","edit-xhwikibooks.graphml"
"0.78","0.2","0.02","0.603274188805019","1,1,1,2,3,4,5,6,7,8,9,10,11,12,13,14,15,16,17,18,19,20,21,22,13,13,13,23,24,25,26,27,28,29,17,17,13,30,19,19,19,19,20,20,20,20,19,20,20,20,19,19,19,19,19,20,20,20,20,19,31,19,19,32,33,19,19,19,19,19,20,19,34,35,19,19,19,19,19,19,19,36,37,38,39,40,19,19,19,19,41,42,43,19,19,19,44,19,19,19,19,19,19,19,19,19,19,45,46,19,19,19,19,17,47,48,17,17,17,17,17,49,50,51,52,53,54,55,56","0.000959873199462891","leiden","edit-xhwikibooks.graphml"
"0.77","0.21","0.02","0.581573308846036","1,1,1,2,3,4,5,6,7,8,9,10,11,12,13,14,15,16,17,18,19,20,21,22,23,13,24,25,26,27,28,29,30,31,32,32,13,33,19,19,19,19,20,20,20,20,19,20,20,20,19,19,19,19,19,20,20,20,20,19,34,19,19,35,36,19,19,19,19,19,20,19,37,38,19,19,19,19,19,19,19,39,40,41,42,43,19,19,19,19,44,45,46,19,19,19,47,19,19,19,19,19,19,19,19,19,19,48,49,19,19,19,19,32,50,51,32,32,32,32,32,52,53,54,55,56,57,58,59","0.000987052917480469","leiden","edit-xhwikibooks.graphml"
"0.76","0.22","0.02","0.581573308846036","1,1,1,2,3,4,5,6,7,8,9,10,11,12,13,14,15,16,17,18,19,20,21,22,23,13,24,25,26,27,28,29,30,31,32,32,13,33,19,19,19,19,20,20,20,20,19,20,20,20,19,19,19,19,19,20,20,20,20,19,34,19,19,35,36,19,19,19,19,19,20,19,37,38,19,19,19,19,19,19,19,39,40,41,42,43,19,19,19,19,44,45,46,19,19,19,47,19,19,19,19,19,19,19,19,19,19,48,49,19,19,19,19,32,50,51,32,32,32,32,32,52,53,54,55,56,57,58,59","0.000984907150268555","leiden","edit-xhwikibooks.graphml"
"0.75","0.23","0.02","0.582884030977355","1,1,1,2,3,4,5,6,7,8,9,10,11,12,13,14,15,16,17,18,19,20,21,22,23,24,25,26,27,28,29,30,31,32,33,33,13,34,19,19,19,19,20,20,20,20,19,20,20,20,19,19,19,19,19,20,20,20,20,19,35,19,19,36,37,19,19,19,19,19,20,19,38,39,19,19,19,19,19,19,19,40,41,42,43,44,19,19,19,19,45,46,47,19,19,19,48,19,19,19,19,19,19,19,19,19,19,49,50,19,19,19,19,33,51,52,33,33,33,33,33,53,54,55,56,57,58,59,60","0.0010221004486084","leiden","edit-xhwikibooks.graphml"
"0.74","0.24","0.02","0.587850826605152","1,1,1,2,3,4,5,6,7,8,9,10,11,12,13,14,15,16,17,18,19,20,21,22,23,24,25,26,27,28,29,30,31,32,33,33,13,34,19,19,19,19,20,20,20,20,19,20,20,20,19,19,19,19,19,20,20,20,20,19,35,19,19,36,37,19,19,19,19,19,20,19,38,39,19,19,19,19,19,19,19,40,41,42,43,44,19,19,19,19,45,46,47,19,19,19,48,19,19,19,19,19,19,19,19,19,19,49,50,19,19,19,19,33,51,52,33,33,33,33,33,53,54,55,56,57,58,59,60","0.001129150390625","leiden","edit-xhwikibooks.graphml"
"0.73","0.25","0.02","0.495243757431629","1,1,1,2,3,4,5,6,7,8,9,10,11,12,13,14,15,16,17,18,19,1,20,21,22,23,24,25,26,27,28,29,30,31,32,32,13,33,19,19,19,19,34,35,36,37,19,38,39,40,19,19,19,19,19,41,42,43,44,19,45,19,19,46,47,19,19,19,19,19,48,19,49,50,19,19,19,19,19,19,19,51,52,53,54,55,19,19,19,19,56,57,58,19,19,19,59,19,19,19,19,19,19,19,19,19,19,60,61,19,19,19,19,32,62,63,32,32,32,32,32,64,65,66,67,68,69,70,71","0.00104808807373047","leiden","edit-xhwikibooks.graphml"
"0.72","0.26","0.02","0.495243757431629","1,1,1,2,3,4,5,6,7,8,9,10,11,12,13,14,15,16,17,18,19,1,20,21,22,23,24,25,26,27,28,29,30,31,32,32,13,33,19,19,19,19,34,35,36,37,19,38,39,40,19,19,19,19,19,41,42,43,44,19,45,19,19,46,47,19,19,19,19,19,48,19,49,50,19,19,19,19,19,19,19,51,52,53,54,55,19,19,19,19,56,57,58,19,19,19,59,19,19,19,19,19,19,19,19,19,19,60,61,19,19,19,19,32,62,63,32,32,32,32,32,64,65,66,67,68,69,70,71","0.000927925109863281","leiden","edit-xhwikibooks.graphml"
"0.71","0.27","0.02","0.495243757431629","1,1,1,2,3,4,5,6,7,8,9,10,11,12,13,14,15,16,17,18,19,1,20,21,22,23,24,25,26,27,28,29,30,31,32,32,13,33,19,19,19,19,34,35,36,37,19,38,39,40,19,19,19,19,19,41,42,43,44,19,45,19,19,46,47,19,19,19,19,19,48,19,49,50,19,19,19,19,19,19,19,51,52,53,54,55,19,19,19,19,56,57,58,19,19,19,59,19,19,19,19,19,19,19,19,19,19,60,61,19,19,19,19,32,62,63,32,32,32,32,32,64,65,66,67,68,69,70,71","0.000930070877075195","leiden","edit-xhwikibooks.graphml"
"0.7","0.28","0.02","0.491025309917355","1,1,1,2,3,4,5,6,7,8,9,10,11,12,13,14,15,16,17,18,19,1,20,21,22,23,24,25,26,27,28,29,30,31,32,32,13,33,19,19,19,19,34,35,36,37,19,38,39,40,19,19,19,19,19,41,42,43,44,19,45,19,19,46,47,19,19,19,19,19,48,19,49,50,19,19,19,19,19,19,19,51,52,53,54,55,19,19,19,19,56,57,58,19,19,19,59,19,19,19,19,19,19,19,19,19,19,60,61,19,19,19,19,32,62,63,32,32,32,32,32,64,65,66,67,68,69,70,71","0.000949859619140625","leiden","edit-xhwikibooks.graphml"
"0.69","0.29","0.02","0.440629989838873","1,1,1,2,3,4,5,6,7,8,9,10,11,12,13,14,15,16,17,18,19,1,20,21,22,23,24,25,26,27,28,29,30,31,32,32,33,34,19,19,19,19,35,36,37,38,19,39,40,41,19,19,19,19,19,42,43,44,45,19,46,19,19,47,48,19,19,19,19,19,49,19,50,51,19,19,19,19,19,19,19,52,53,54,55,56,19,19,19,19,57,58,59,19,19,19,60,19,19,19,19,19,19,19,19,19,19,61,62,19,19,19,19,63,64,65,66,67,68,69,70,71,72,73,74,75,76,77,78","0.00122308731079102","leiden","edit-xhwikibooks.graphml"
"0.68","0.3","0.02","0.436437074829932","1,1,1,2,3,4,5,6,7,8,9,10,11,12,13,14,15,16,17,18,19,1,20,21,22,23,24,25,26,27,28,29,30,31,32,32,33,34,19,19,19,19,35,36,37,38,19,39,40,41,19,19,19,19,19,42,43,44,45,19,46,19,19,47,48,19,19,19,19,19,49,19,50,51,19,19,19,19,19,19,19,52,53,54,55,56,19,19,19,19,57,58,59,19,19,19,60,19,19,19,19,19,19,19,19,19,19,61,62,19,19,19,19,63,64,65,66,67,68,69,70,71,72,73,74,75,76,77,78","0.0010988712310791","leiden","edit-xhwikibooks.graphml"
"0.67","0.31","0.02","0.446989619377163","1,1,1,2,3,4,5,6,7,8,9,10,11,12,13,14,15,16,17,18,19,1,20,21,22,23,24,25,26,27,28,29,30,31,32,32,33,34,19,19,19,19,35,36,37,38,19,39,40,41,19,19,19,19,19,42,43,44,45,19,46,19,19,47,48,19,19,19,19,19,49,19,50,51,19,19,19,19,19,19,19,52,53,54,55,56,19,19,19,19,57,58,59,19,19,19,60,19,19,19,19,19,19,19,19,19,19,61,62,19,19,19,19,63,64,65,66,67,68,69,70,71,72,73,74,75,76,77,78","0.000972986221313477","leiden","edit-xhwikibooks.graphml"
"0.66","0.32","0.02","0.442874526771228","1,1,1,2,3,4,5,6,7,8,9,10,11,12,13,14,15,16,17,18,19,1,20,21,22,23,24,25,26,27,28,29,30,31,32,32,33,34,19,19,19,19,35,36,37,38,19,39,40,41,19,19,19,19,19,42,43,44,45,19,46,19,19,47,48,19,19,19,19,19,49,19,50,51,19,19,19,19,19,19,19,52,53,54,55,56,19,19,19,19,57,58,59,19,19,19,60,19,19,19,19,19,19,19,19,19,19,61,62,19,19,19,19,63,64,65,66,67,68,69,70,71,72,73,74,75,76,77,78","0.001129150390625","leiden","edit-xhwikibooks.graphml"
"0.65","0.33","0.02","0.448823688480259","1,1,1,2,3,4,5,6,7,8,9,10,11,12,13,14,15,16,17,18,19,20,21,22,23,24,25,26,27,28,29,30,31,32,33,33,34,35,19,19,19,19,36,37,38,39,19,40,41,42,19,19,19,19,19,43,44,45,46,19,47,19,19,48,49,19,19,19,19,19,50,19,51,52,19,19,19,19,19,19,19,53,54,55,56,57,19,19,19,19,58,59,60,19,19,19,61,19,19,19,19,19,19,19,19,19,19,62,63,19,19,19,19,64,65,66,67,68,69,70,71,72,73,74,75,76,77,78,79","0.000850200653076172","leiden","edit-xhwikibooks.graphml"
"0.64","0.34","0.02","0.581658660915597","1,1,1,2,3,4,5,6,7,8,9,10,11,12,12,13,14,15,16,17,18,19,20,21,22,23,24,25,26,27,28,29,30,31,32,32,33,34,18,18,18,18,35,36,37,38,18,39,40,41,18,18,18,18,18,42,43,44,45,18,46,18,18,47,48,18,18,18,18,18,49,18,50,51,18,18,18,18,18,18,18,52,53,54,55,56,18,18,18,18,57,58,59,18,18,18,60,18,18,18,18,18,18,18,18,18,18,61,62,18,18,18,18,63,64,65,66,67,68,69,70,71,72,73,74,75,76,77,78","0.000843048095703125","leiden","edit-xhwikibooks.graphml"
"0.63","0.35","0.02","0.581658660915597","1,1,1,2,3,4,5,6,7,8,9,10,11,12,12,13,14,15,16,17,18,19,20,21,22,23,24,25,26,27,28,29,30,31,32,32,33,34,18,18,18,18,35,36,37,38,18,39,40,41,18,18,18,18,18,42,43,44,45,18,46,18,18,47,48,18,18,18,18,18,49,18,50,51,18,18,18,18,18,18,18,52,53,54,55,56,18,18,18,18,57,58,59,18,18,18,60,18,18,18,18,18,18,18,18,18,18,61,62,18,18,18,18,63,64,65,66,67,68,69,70,71,72,73,74,75,76,77,78","0.000859975814819336","leiden","edit-xhwikibooks.graphml"
"0.62","0.36","0.02","0.57742214532872","1,1,1,2,3,4,5,6,7,8,9,10,11,12,12,13,14,15,16,17,18,19,20,21,22,23,24,25,26,27,28,29,30,31,32,32,33,34,18,18,18,18,35,36,37,38,18,39,40,41,18,18,18,18,18,42,43,44,45,18,46,18,18,47,48,18,18,18,18,18,49,18,50,51,18,18,18,18,18,18,18,52,53,54,55,56,18,18,18,18,57,58,59,18,18,18,60,18,18,18,18,18,18,18,18,18,18,61,62,18,18,18,18,63,64,65,66,67,68,69,70,71,72,73,74,75,76,77,78","0.000838041305541992","leiden","edit-xhwikibooks.graphml"
"0.61","0.37","0.02","0.57742214532872","1,1,1,2,3,4,5,6,7,8,9,10,11,12,12,13,14,15,16,17,18,19,20,21,22,23,24,25,26,27,28,29,30,31,32,32,33,34,18,18,18,18,35,36,37,38,18,39,40,41,18,18,18,18,18,42,43,44,45,18,46,18,18,47,48,18,18,18,18,18,49,18,50,51,18,18,18,18,18,18,18,52,53,54,55,56,18,18,18,18,57,58,59,18,18,18,60,18,18,18,18,18,18,18,18,18,18,61,62,18,18,18,18,63,64,65,66,67,68,69,70,71,72,73,74,75,76,77,78","0.0010378360748291","leiden","edit-xhwikibooks.graphml"
"0.6","0.38","0.02","0.573239702139693","1,1,1,2,3,4,5,6,7,8,9,10,11,12,12,13,14,15,16,17,18,19,20,21,22,23,24,25,26,27,28,29,30,31,32,32,33,34,18,18,18,18,35,36,37,38,18,39,40,41,18,18,18,18,18,42,43,44,45,18,46,18,18,47,48,18,18,18,18,18,49,18,50,51,18,18,18,18,18,18,18,52,53,54,55,56,18,18,18,18,57,58,59,18,18,18,60,18,18,18,18,18,18,18,18,18,18,61,62,18,18,18,18,63,64,65,66,67,68,69,70,71,72,73,74,75,76,77,78","0.00082707405090332","leiden","edit-xhwikibooks.graphml"
"0.59","0.39","0.02","0.580482618343195","1,1,1,2,3,4,5,6,7,8,9,10,11,12,12,13,14,15,16,17,18,19,20,21,22,23,24,25,26,27,28,29,30,31,32,32,33,34,18,18,18,18,35,36,37,38,18,39,40,41,18,18,18,18,18,42,43,44,45,18,46,18,18,47,48,18,18,18,18,18,49,18,50,51,18,18,18,18,18,18,18,52,53,54,55,56,18,18,18,18,57,58,59,18,18,18,60,18,18,18,18,18,18,18,18,18,18,61,62,18,18,18,18,63,64,65,66,67,68,69,70,71,72,73,74,75,76,77,78","0.00082707405090332","leiden","edit-xhwikibooks.graphml"
"0.58","0.4","0.02","0.597265089163237","1,1,1,2,3,4,5,6,7,8,9,10,11,12,12,13,14,15,16,17,18,19,20,21,22,23,24,25,26,27,28,29,30,31,32,32,33,34,18,18,18,18,35,36,37,38,18,39,40,41,18,18,18,18,18,42,43,44,45,18,46,18,18,47,48,18,18,18,18,18,49,18,50,51,18,18,18,18,18,18,18,52,53,54,55,56,18,18,18,18,57,58,59,18,18,18,60,18,18,18,18,18,18,18,18,18,18,61,62,18,18,18,18,63,64,65,66,67,68,69,70,71,72,73,74,75,76,77,78","0.000847101211547852","leiden","edit-xhwikibooks.graphml"
"0.57","0.41","0.02","0.597265089163237","1,1,1,2,3,4,5,6,7,8,9,10,11,12,12,13,14,15,16,17,18,19,20,21,22,23,24,25,26,27,28,29,30,31,32,32,33,34,18,18,18,18,35,36,37,38,18,39,40,41,18,18,18,18,18,42,43,44,45,18,46,18,18,47,48,18,18,18,18,18,49,18,50,51,18,18,18,18,18,18,18,52,53,54,55,56,18,18,18,18,57,58,59,18,18,18,60,18,18,18,18,18,18,18,18,18,18,61,62,18,18,18,18,63,64,65,66,67,68,69,70,71,72,73,74,75,76,77,78","0.000854015350341797","leiden","edit-xhwikibooks.graphml"
"0.56","0.42","0.02","0.593258143253935","1,1,1,2,3,4,5,6,7,8,9,10,11,12,12,13,14,15,16,17,18,19,20,21,22,23,24,25,26,27,28,29,30,31,32,32,33,34,18,18,18,18,35,36,37,38,18,39,40,41,18,18,18,18,18,42,43,44,45,18,46,18,18,47,48,18,18,18,18,18,49,18,50,51,18,18,18,18,18,18,18,52,53,54,55,56,18,18,18,18,57,58,59,18,18,18,60,18,18,18,18,18,18,18,18,18,18,61,62,18,18,18,18,63,64,65,66,67,68,69,70,71,72,73,74,75,76,77,78","0.001007080078125","leiden","edit-xhwikibooks.graphml"
"0.55","0.43","0.02","0.605510916321727","1,1,1,2,3,4,5,6,7,8,9,10,11,12,12,13,14,15,16,17,18,19,20,21,22,23,24,25,26,27,28,29,30,31,32,32,33,34,18,18,18,18,35,36,37,38,18,39,40,41,18,18,18,18,18,42,43,44,45,18,46,18,18,47,48,18,18,18,18,18,49,18,50,51,18,18,18,18,18,18,18,52,53,54,55,56,18,18,18,18,57,58,59,18,18,18,60,18,18,18,18,18,18,18,18,18,18,61,62,18,18,18,18,63,64,65,66,67,68,69,70,71,72,73,74,75,76,77,78","0.000858068466186523","leiden","edit-xhwikibooks.graphml"
"0.54","0.44","0.02","0.601602359693878","1,1,1,2,3,4,5,6,7,8,9,10,11,12,12,13,14,15,16,17,18,19,20,21,22,23,24,25,26,27,28,29,30,31,32,32,33,34,18,18,18,18,35,36,37,38,18,39,40,41,18,18,18,18,18,42,43,44,45,18,46,18,18,47,48,18,18,18,18,18,49,18,50,51,18,18,18,18,18,18,18,52,53,54,55,56,18,18,18,18,57,58,59,18,18,18,60,18,18,18,18,18,18,18,18,18,18,61,62,18,18,18,18,63,64,65,66,67,68,69,70,71,72,73,74,75,76,77,78","0.00084686279296875","leiden","edit-xhwikibooks.graphml"
"0.53","0.45","0.02","0.613457987072945","1,1,1,2,3,4,5,6,7,8,9,10,11,12,12,13,14,15,16,17,18,19,20,21,22,23,24,25,26,27,28,29,30,31,32,32,33,34,18,18,18,18,35,36,37,38,18,39,40,41,18,18,18,18,18,42,43,44,45,18,46,18,18,47,48,18,18,18,18,18,49,18,50,51,18,18,18,18,18,18,18,52,53,54,55,56,18,18,18,18,57,58,59,18,18,18,60,18,18,18,18,18,18,18,18,18,18,61,62,18,18,18,18,63,64,65,66,67,68,69,70,71,72,73,74,75,76,77,78","0.000883102416992188","leiden","edit-xhwikibooks.graphml"
"0.52","0.46","0.02","0.6152274078478","1,1,1,2,3,4,5,6,7,8,9,10,11,12,12,13,14,15,16,17,18,19,20,21,22,23,24,25,26,27,28,29,30,31,32,32,33,34,18,18,18,18,35,36,37,38,18,39,40,41,18,18,18,18,18,42,43,44,45,18,46,18,18,47,48,18,18,18,18,18,49,18,50,51,18,18,18,18,18,18,18,52,53,54,55,56,18,18,18,18,57,58,59,18,18,18,60,18,18,18,18,18,18,18,18,18,18,61,62,18,18,18,18,63,64,65,66,67,68,69,70,71,72,73,74,75,76,77,78","0.000861883163452148","leiden","edit-xhwikibooks.graphml"
"0.51","0.47","0.02","0.620899992694864","1,1,1,2,3,4,5,6,7,8,9,10,11,12,12,13,14,15,16,17,18,19,20,21,22,23,24,25,26,27,28,29,30,31,32,32,33,34,18,18,18,18,35,36,37,38,18,39,40,41,18,18,18,18,18,42,43,44,45,18,46,18,18,47,48,18,18,18,18,18,49,18,50,51,18,18,18,18,18,18,18,52,53,54,55,56,18,18,18,18,57,58,59,18,18,18,60,18,18,18,18,18,18,18,18,18,18,61,62,18,18,18,18,63,64,65,66,67,68,69,70,71,72,73,74,75,76,77,78","0.000863075256347656","leiden","edit-xhwikibooks.graphml"
"0.5","0.48","0.02","0.617171789715599","1,1,1,2,3,4,5,6,7,8,9,10,11,12,12,13,14,15,16,17,18,19,20,21,22,23,24,25,26,27,28,29,30,31,32,32,33,34,18,18,18,18,35,36,37,38,18,39,40,41,18,18,18,18,18,42,43,44,45,18,46,18,18,47,48,18,18,18,18,18,49,18,50,51,18,18,18,18,18,18,18,52,53,54,55,56,18,18,18,18,57,58,59,18,18,18,60,18,18,18,18,18,18,18,18,18,18,61,62,18,18,18,18,63,64,65,66,67,68,69,70,71,72,73,74,75,76,77,78","0.000883102416992188","leiden","edit-xhwikibooks.graphml"
"0.49","0.49","0.02","0.617171789715599","1,1,1,2,3,4,5,6,7,8,9,10,11,12,12,13,14,15,16,17,18,19,20,21,22,23,24,25,26,27,28,29,30,31,32,32,33,34,18,18,18,18,35,36,37,38,18,39,40,41,18,18,18,18,18,42,43,44,45,18,46,18,18,47,48,18,18,18,18,18,49,18,50,51,18,18,18,18,18,18,18,52,53,54,55,56,18,18,18,18,57,58,59,18,18,18,60,18,18,18,18,18,18,18,18,18,18,61,62,18,18,18,18,63,64,65,66,67,68,69,70,71,72,73,74,75,76,77,78","0.000883102416992188","leiden","edit-xhwikibooks.graphml"
"0.48","0.5","0.02","0.767605103692273","1,1,1,2,3,4,5,6,7,8,9,10,11,11,11,12,13,14,15,16,17,18,19,6,20,20,20,21,22,23,24,25,26,27,28,28,29,30,17,17,17,17,31,32,33,34,17,35,36,37,17,17,17,17,17,38,39,40,41,17,42,17,17,43,44,17,17,17,17,17,45,17,46,47,17,17,17,17,17,17,17,48,49,50,51,52,17,17,17,17,53,54,55,17,17,17,56,17,17,17,17,17,17,17,17,17,17,57,58,59,17,17,17,60,61,62,60,60,60,60,60,63,64,65,66,67,68,69,70","0.000901937484741211","leiden","edit-xhwikibooks.graphml"
"0.47","0.51","0.02","0.767605103692273","1,1,1,2,3,4,5,6,7,8,9,10,11,11,11,12,13,14,15,16,17,18,19,6,20,20,20,21,22,23,24,25,26,27,28,28,29,30,17,17,17,17,31,32,33,34,17,35,36,37,17,17,17,17,17,38,39,40,41,17,42,17,17,43,44,17,17,17,17,17,45,17,46,47,17,17,17,17,17,17,17,48,49,50,51,52,17,17,17,17,53,54,55,17,17,17,56,17,17,17,17,17,17,17,17,17,17,57,58,59,17,17,17,60,61,62,60,60,60,60,60,63,64,65,66,67,68,69,70","0.00111293792724609","leiden","edit-xhwikibooks.graphml"
"0.46","0.52","0.02","0.767605103692273","1,1,1,2,3,4,5,6,7,8,9,10,11,11,11,12,13,14,15,16,17,18,19,6,20,20,20,21,22,23,24,25,26,27,28,28,29,30,17,17,17,17,31,32,33,34,17,35,36,37,17,17,17,17,17,38,39,40,41,17,42,17,17,43,44,17,17,17,17,17,45,17,46,47,17,17,17,17,17,17,17,48,49,50,51,52,17,17,17,17,53,54,55,17,17,17,56,17,17,17,17,17,17,17,17,17,17,57,58,59,17,17,17,60,61,62,60,60,60,60,60,63,64,65,66,67,68,69,70","0.000860929489135742","leiden","edit-xhwikibooks.graphml"
"0.45","0.53","0.02","0.765039411064842","1,1,1,2,3,4,5,6,7,8,9,10,11,11,11,12,13,14,15,16,17,18,19,6,20,20,20,21,22,23,24,25,26,27,28,28,29,30,17,17,17,17,31,32,33,34,17,35,36,37,17,17,17,17,17,38,39,40,41,17,42,17,17,43,44,17,17,17,17,17,45,17,46,47,17,17,17,17,17,17,17,48,49,50,51,52,17,17,17,17,53,54,55,17,17,17,56,17,17,17,17,17,17,17,17,17,17,57,58,59,17,17,17,60,61,62,60,60,60,60,60,63,64,65,66,67,68,69,70","0.000848054885864258","leiden","edit-xhwikibooks.graphml"
"0.44","0.54","0.02","0.76732782369146","1,1,1,2,3,4,5,6,7,8,9,10,11,11,11,12,13,14,15,16,17,18,19,6,20,20,20,21,22,23,24,25,26,27,28,28,29,30,17,17,17,17,31,32,33,34,17,35,36,37,17,17,17,17,17,38,39,40,41,17,42,17,17,43,44,17,17,17,17,17,45,17,46,47,17,17,17,17,17,17,17,48,49,50,51,52,17,17,17,17,53,54,55,17,17,17,56,17,17,17,17,17,17,17,17,17,17,57,58,59,17,17,17,60,61,62,60,60,60,60,60,63,64,65,66,67,68,69,70","0.000851869583129883","leiden","edit-xhwikibooks.graphml"
"0.43","0.55","0.02","0.764788067934388","1,1,1,2,3,4,5,6,7,8,9,10,11,11,11,12,13,14,15,16,17,18,19,6,20,20,20,21,22,23,24,25,26,27,28,28,29,30,17,17,17,17,31,32,33,34,17,35,36,37,17,17,17,17,17,38,39,40,41,17,42,17,17,43,44,17,17,17,17,17,45,17,46,47,17,17,17,17,17,17,17,48,49,50,51,52,17,17,17,17,53,54,55,17,17,17,56,17,17,17,17,17,17,17,17,17,17,57,58,59,17,17,17,60,61,62,60,60,60,60,60,63,64,65,66,67,68,69,70","0.000919103622436523","leiden","edit-xhwikibooks.graphml"
"0.42","0.56","0.02","0.769150368480725","1,1,1,2,3,4,5,6,7,8,9,10,11,11,11,12,13,14,15,16,17,18,19,6,20,20,20,21,22,23,24,25,26,27,28,28,29,30,17,17,17,17,31,32,33,34,17,35,36,37,17,17,17,17,17,38,39,40,41,17,42,17,17,43,44,17,17,17,17,17,45,17,46,47,17,17,17,17,17,17,17,48,49,50,51,52,17,17,17,17,53,54,55,17,17,17,56,17,17,17,17,17,17,17,17,17,17,57,58,59,17,17,17,60,61,62,60,60,60,60,60,63,64,65,66,67,68,69,70","0.00082707405090332","leiden","edit-xhwikibooks.graphml"
"0.41","0.57","0.02","0.766657329925423","1,1,1,2,3,4,5,6,7,8,9,10,11,11,11,12,13,14,15,16,17,18,19,6,20,20,20,21,22,23,24,25,26,27,28,28,29,30,17,17,17,17,31,32,33,34,17,35,36,37,17,17,17,17,17,38,39,40,41,17,42,17,17,43,44,17,17,17,17,17,45,17,46,47,17,17,17,17,17,17,17,48,49,50,51,52,17,17,17,17,53,54,55,17,17,17,56,17,17,17,17,17,17,17,17,17,17,57,58,59,17,17,17,60,61,62,60,60,60,60,60,63,64,65,66,67,68,69,70","0.000828981399536133","leiden","edit-xhwikibooks.graphml"
"0.4","0.58","0.02","0.770578981566978","1,1,1,2,3,4,5,6,7,8,9,10,11,11,11,12,13,14,15,16,17,18,19,6,20,20,20,21,22,23,24,25,26,27,28,28,29,30,17,17,17,17,31,32,33,34,17,35,36,37,17,17,17,17,17,38,39,40,41,17,42,17,17,43,44,17,17,17,17,17,45,17,46,47,17,17,17,17,17,17,17,48,49,50,51,52,17,17,17,17,53,54,55,17,17,17,56,17,17,17,17,17,17,17,17,17,17,57,58,59,17,17,17,60,61,62,60,60,60,60,60,63,64,65,66,67,68,69,70","0.000833988189697266","leiden","edit-xhwikibooks.graphml"
"0.39","0.59","0.02","0.768134802595998","1,1,1,2,3,4,5,6,7,8,9,10,11,11,11,12,13,14,15,16,17,18,19,6,20,20,20,21,22,23,24,25,26,27,28,28,29,30,17,17,17,17,31,32,33,34,17,35,36,37,17,17,17,17,17,38,39,40,41,17,42,17,17,43,44,17,17,17,17,17,45,17,46,47,17,17,17,17,17,17,17,48,49,50,51,52,17,17,17,17,53,54,55,17,17,17,56,17,17,17,17,17,17,17,17,17,17,57,58,59,17,17,17,60,61,62,60,60,60,60,60,63,64,65,66,67,68,69,70","0.000843048095703125","leiden","edit-xhwikibooks.graphml"
"0.38","0.6","0.02","0.774514285714286","1,1,1,2,3,4,5,6,7,8,9,10,11,11,11,12,13,14,15,16,17,18,19,6,20,20,20,21,22,23,24,25,26,27,28,28,29,30,17,17,17,17,31,32,33,34,17,35,36,37,17,17,17,17,17,38,39,40,41,17,42,17,17,43,44,17,17,17,17,17,45,17,46,47,17,17,17,17,17,17,17,48,49,50,51,52,17,17,17,17,53,54,55,17,17,17,56,17,17,17,17,17,17,17,17,17,17,57,58,59,17,17,17,60,61,62,60,60,60,60,60,63,64,65,66,67,68,69,70","0.000863075256347656","leiden","edit-xhwikibooks.graphml"
"0.37","0.61","0.02","0.772130036157025","1,1,1,2,3,4,5,6,7,8,9,10,11,11,11,12,13,14,15,16,17,18,19,6,20,20,20,21,22,23,24,25,26,27,28,28,29,30,17,17,17,17,31,32,33,34,17,35,36,37,17,17,17,17,17,38,39,40,41,17,42,17,17,43,44,17,17,17,17,17,45,17,46,47,17,17,17,17,17,17,17,48,49,50,51,52,17,17,17,17,53,54,55,17,17,17,56,17,17,17,17,17,17,17,17,17,17,57,58,59,17,17,17,60,61,62,60,60,60,60,60,63,64,65,66,67,68,69,70","0.000858783721923828","leiden","edit-xhwikibooks.graphml"
"0.36","0.62","0.02","0.77415493632098","1,1,1,2,3,4,5,6,7,8,9,10,11,11,11,12,13,14,15,16,17,18,19,6,20,20,20,21,22,23,24,25,26,27,28,28,29,30,17,17,17,17,31,32,33,34,17,35,36,37,17,17,17,17,17,38,39,40,41,17,42,17,17,43,44,17,17,17,17,17,45,17,46,47,17,17,17,17,17,17,17,48,49,50,51,52,17,17,17,17,53,54,55,17,17,17,56,17,17,17,17,17,17,17,17,17,17,57,58,59,17,17,17,60,61,62,60,60,60,60,60,63,64,65,66,67,68,69,70","0.000835180282592773","leiden","edit-xhwikibooks.graphml"
"0.35","0.63","0.02","0.771793334174978","1,1,1,2,3,4,5,6,7,8,9,10,11,11,11,12,13,14,15,16,17,18,19,6,20,20,20,21,22,23,24,25,26,27,28,28,29,30,17,17,17,17,31,32,33,34,17,35,36,37,17,17,17,17,17,38,39,40,41,17,42,17,17,43,44,17,17,17,17,17,45,17,46,47,17,17,17,17,17,17,17,48,49,50,51,52,17,17,17,17,53,54,55,17,17,17,56,17,17,17,17,17,17,17,17,17,17,57,58,59,17,17,17,60,61,62,60,60,60,60,60,63,64,65,66,67,68,69,70","0.000861883163452148","leiden","edit-xhwikibooks.graphml"
"0.34","0.64","0.02","0.771793334174978","1,1,1,2,3,4,5,6,7,8,9,10,11,11,11,12,13,14,15,16,17,18,19,6,20,20,20,21,22,23,24,25,26,27,28,28,29,30,17,17,17,17,31,32,33,34,17,35,36,37,17,17,17,17,17,38,39,40,41,17,42,17,17,43,44,17,17,17,17,17,45,17,46,47,17,17,17,17,17,17,17,48,49,50,51,52,17,17,17,17,53,54,55,17,17,17,56,17,17,17,17,17,17,17,17,17,17,57,58,59,17,17,17,60,61,62,60,60,60,60,60,63,64,65,66,67,68,69,70","0.000880002975463867","leiden","edit-xhwikibooks.graphml"
"0.33","0.65","0.02","0.769436035080054","1,1,1,2,3,4,5,6,7,8,9,10,11,11,11,12,13,14,15,16,17,18,19,6,20,20,20,21,22,23,24,25,26,27,28,28,29,30,17,17,17,17,31,32,33,34,17,35,36,37,17,17,17,17,17,38,39,40,41,17,42,17,17,43,44,17,17,17,17,17,45,17,46,47,17,17,17,17,17,17,17,48,49,50,51,52,17,17,17,17,53,54,55,17,17,17,56,17,17,17,17,17,17,17,17,17,17,57,58,59,17,17,17,60,61,62,60,60,60,60,60,63,64,65,66,67,68,69,70","0.000837087631225586","leiden","edit-xhwikibooks.graphml"
"0.32","0.66","0.02","0.771373456790123","1,1,1,2,3,4,5,6,7,8,9,10,11,11,11,12,13,14,15,16,17,18,19,6,20,20,20,21,22,23,24,25,26,27,28,28,29,30,17,17,17,17,31,32,33,34,17,35,36,37,17,17,17,17,17,38,39,40,41,17,42,17,17,43,44,17,17,17,17,17,45,17,46,47,17,17,17,17,17,17,17,48,49,50,51,52,17,17,17,17,53,54,55,17,17,17,56,17,17,17,17,17,17,17,17,17,17,57,58,59,17,17,17,60,61,62,60,60,60,60,60,63,64,65,66,67,68,69,70","0.00109982490539551","leiden","edit-xhwikibooks.graphml"
"0.31","0.67","0.02","0.795910585141354","1,1,1,2,3,4,5,6,7,8,9,10,11,11,11,12,13,14,15,16,17,18,19,6,20,20,20,21,22,23,24,25,26,27,28,28,29,30,17,17,17,17,31,32,33,34,17,35,36,37,17,17,17,17,17,38,39,40,41,17,42,17,17,43,44,17,17,17,17,17,45,17,46,47,17,17,17,17,17,17,17,48,49,50,51,52,17,17,17,17,53,54,55,17,17,17,56,17,17,17,17,17,17,17,17,17,17,57,58,59,17,17,17,60,61,62,60,60,60,60,60,63,64,65,66,67,68,69,70","0.00110602378845215","leiden","edit-xhwikibooks.graphml"
"0.3","0.68","0.02","0.795910585141354","1,1,1,2,3,4,5,6,7,8,9,10,11,11,11,12,13,14,15,16,17,18,19,6,20,20,20,21,22,23,24,25,26,27,28,28,29,30,17,17,17,17,31,32,33,34,17,35,36,37,17,17,17,17,17,38,39,40,41,17,42,17,17,43,44,17,17,17,17,17,45,17,46,47,17,17,17,17,17,17,17,48,49,50,51,52,17,17,17,17,53,54,55,17,17,17,56,17,17,17,17,17,17,17,17,17,17,57,58,59,17,17,17,60,61,62,60,60,60,60,60,63,64,65,66,67,68,69,70","0.000890970230102539","leiden","edit-xhwikibooks.graphml"
"0.29","0.69","0.02","0.793796855476884","1,1,1,2,3,4,5,6,7,8,9,10,11,11,11,12,13,14,15,16,17,18,19,6,20,20,20,21,22,23,24,25,26,27,28,28,29,30,17,17,17,17,31,32,33,34,17,35,36,37,17,17,17,17,17,38,39,40,41,17,42,17,17,43,44,17,17,17,17,17,45,17,46,47,17,17,17,17,17,17,17,48,49,50,51,52,17,17,17,17,53,54,55,17,17,17,56,17,17,17,17,17,17,17,17,17,17,57,58,59,17,17,17,60,61,62,60,60,60,60,60,63,64,65,66,67,68,69,70","0.000976085662841797","leiden","edit-xhwikibooks.graphml"
"0.28","0.7","0.02","0.795395397974696","1,1,1,2,3,4,5,6,7,8,9,10,11,11,11,12,13,14,15,16,17,18,19,6,20,20,20,21,22,23,24,25,26,27,28,28,29,30,17,17,17,17,31,32,33,34,17,35,36,37,17,17,17,17,17,38,39,40,41,17,42,17,17,43,44,17,17,17,17,17,45,17,46,47,17,17,17,17,17,17,17,48,49,50,51,52,17,17,17,17,53,54,55,17,17,17,56,17,17,17,17,17,17,17,17,17,17,57,58,59,17,17,17,60,61,62,60,60,60,60,60,63,64,65,66,67,68,69,70","0.000829935073852539","leiden","edit-xhwikibooks.graphml"
"0.27","0.71","0.02","0.793299153147638","1,1,1,2,3,4,5,6,7,8,9,10,11,11,11,12,13,14,15,16,17,18,19,6,20,20,20,21,22,23,24,25,26,27,28,28,29,30,17,17,17,17,31,32,33,34,17,35,36,37,17,17,17,17,17,38,39,40,41,17,42,17,17,43,44,17,17,17,17,17,45,17,46,47,17,17,17,17,17,17,17,48,49,50,51,52,17,17,17,17,53,54,55,17,17,17,56,17,17,17,17,17,17,17,17,17,17,57,58,59,17,17,17,60,61,62,60,60,60,60,60,63,64,65,66,67,68,69,70","0.00084686279296875","leiden","edit-xhwikibooks.graphml"
"0.26","0.72","0.02","0.7959625","1,1,1,2,3,4,5,6,7,8,9,10,11,11,11,12,13,14,15,16,17,18,19,6,20,20,20,21,22,23,24,25,26,27,28,28,29,30,17,17,17,17,31,32,33,34,17,35,36,37,17,17,17,17,17,38,39,40,41,17,42,17,17,43,44,17,17,17,17,17,45,17,46,47,17,17,17,17,17,17,17,48,49,50,51,52,17,17,17,17,53,54,55,17,17,17,56,17,17,17,17,17,17,17,17,17,17,57,58,59,17,17,17,60,61,62,60,60,60,60,60,63,64,65,66,67,68,69,70","0.000844955444335938","leiden","edit-xhwikibooks.graphml"
"0.25","0.73","0.02","0.793903616247122","1,1,1,2,3,4,5,6,7,8,9,10,11,11,11,12,13,14,15,16,17,18,19,6,20,20,20,21,22,23,24,25,26,27,28,28,29,30,17,17,17,17,31,32,33,34,17,35,36,37,17,17,17,17,17,38,39,40,41,17,42,17,17,43,44,17,17,17,17,17,45,17,46,47,17,17,17,17,17,17,17,48,49,50,51,52,17,17,17,17,53,54,55,17,17,17,56,17,17,17,17,17,17,17,17,17,17,57,58,59,17,17,17,60,61,62,60,60,60,60,60,63,64,65,66,67,68,69,70","0.000855922698974609","leiden","edit-xhwikibooks.graphml"
"0.24","0.74","0.02","0.793903616247122","1,1,1,2,3,4,5,6,7,8,9,10,11,11,11,12,13,14,15,16,17,18,19,6,20,20,20,21,22,23,24,25,26,27,28,28,29,30,17,17,17,17,31,32,33,34,17,35,36,37,17,17,17,17,17,38,39,40,41,17,42,17,17,43,44,17,17,17,17,17,45,17,46,47,17,17,17,17,17,17,17,48,49,50,51,52,17,17,17,17,53,54,55,17,17,17,56,17,17,17,17,17,17,17,17,17,17,57,58,59,17,17,17,60,61,62,60,60,60,60,60,63,64,65,66,67,68,69,70","0.000869989395141602","leiden","edit-xhwikibooks.graphml"
"0.23","0.75","0.02","0.796918500892326","1,1,1,2,3,4,5,6,7,8,9,10,11,11,11,12,13,14,15,16,17,18,19,6,20,20,20,21,22,23,24,25,26,27,28,28,29,30,17,17,17,17,31,32,33,34,17,35,36,37,17,17,17,17,17,38,39,40,41,17,42,17,17,43,44,17,17,17,17,17,45,17,46,47,17,17,17,17,17,17,17,48,49,50,51,52,17,17,17,17,53,54,55,17,17,17,56,17,17,17,17,17,17,17,17,17,17,57,58,59,17,17,17,60,61,62,60,60,60,60,60,63,64,65,66,67,68,69,70","0.000882148742675781","leiden","edit-xhwikibooks.graphml"
"0.22","0.76","0.02","0.796918500892326","1,1,1,2,3,4,5,6,7,8,9,10,11,11,11,12,13,14,15,16,17,18,19,6,20,20,20,21,22,23,24,25,26,27,28,28,29,30,17,17,17,17,31,32,33,34,17,35,36,37,17,17,17,17,17,38,39,40,41,17,42,17,17,43,44,17,17,17,17,17,45,17,46,47,17,17,17,17,17,17,17,48,49,50,51,52,17,17,17,17,53,54,55,17,17,17,56,17,17,17,17,17,17,17,17,17,17,57,58,59,17,17,17,60,61,62,60,60,60,60,60,63,64,65,66,67,68,69,70","0.00087285041809082","leiden","edit-xhwikibooks.graphml"
"0.21","0.77","0.02","0.798390517485154","1,1,1,2,3,4,5,6,7,8,9,10,11,11,11,12,13,14,15,16,17,18,19,6,20,20,20,21,22,23,24,25,26,27,28,28,29,30,17,17,17,17,31,32,33,34,17,35,36,37,17,17,17,17,17,38,39,40,41,17,42,17,17,43,44,17,17,17,17,17,45,17,46,47,17,17,17,17,17,17,17,48,49,50,51,52,17,17,17,17,53,54,55,17,17,17,56,17,17,17,17,17,17,17,17,17,17,57,58,59,17,17,17,60,61,62,60,60,60,60,60,63,64,65,66,67,68,69,70","0.000849008560180664","leiden","edit-xhwikibooks.graphml"
"0.2","0.78","0.02","0.799168975069252","1,1,1,2,3,4,5,6,7,8,9,10,11,11,11,12,13,14,15,16,17,18,19,6,20,20,20,21,22,23,24,25,26,27,28,28,29,30,17,17,17,17,31,32,33,34,17,35,36,37,17,17,17,17,17,38,39,40,41,17,42,17,17,43,44,17,17,17,17,17,45,17,46,47,17,17,17,17,17,17,17,48,49,50,51,52,17,17,17,17,53,54,55,17,17,17,56,17,17,17,17,17,17,17,17,17,17,57,58,59,17,17,17,60,61,62,60,60,60,60,60,63,64,65,66,67,68,69,70","0.000860929489135742","leiden","edit-xhwikibooks.graphml"
"0.19","0.79","0.02","0.799168975069252","1,1,1,2,3,4,5,6,7,8,9,10,11,11,11,12,13,14,15,16,17,18,19,6,20,20,20,21,22,23,24,25,26,27,28,28,29,30,17,17,17,17,31,32,33,34,17,35,36,37,17,17,17,17,17,38,39,40,41,17,42,17,17,43,44,17,17,17,17,17,45,17,46,47,17,17,17,17,17,17,17,48,49,50,51,52,17,17,17,17,53,54,55,17,17,17,56,17,17,17,17,17,17,17,17,17,17,57,58,59,17,17,17,60,61,62,60,60,60,60,60,63,64,65,66,67,68,69,70","0.00102114677429199","leiden","edit-xhwikibooks.graphml"
"0.18","0.8","0.02","0.801549516189468","1,1,1,2,3,4,5,6,7,8,9,10,11,11,11,12,13,14,15,16,17,18,19,6,20,20,20,21,22,23,24,25,26,27,28,28,29,30,17,17,17,17,31,32,33,34,17,35,36,37,17,17,17,17,17,38,39,40,41,17,42,17,17,43,44,17,17,17,17,17,45,17,46,47,17,17,17,17,17,17,17,48,49,50,51,52,17,17,17,17,53,54,55,17,17,17,56,17,17,17,17,17,17,17,17,17,17,57,58,59,17,17,17,60,61,62,60,60,60,60,60,63,64,65,66,67,68,69,70","0.000861883163452148","leiden","edit-xhwikibooks.graphml"
"0.17","0.81","0.02","0.801549516189468","1,1,1,2,3,4,5,6,7,8,9,10,11,11,11,12,13,14,15,16,17,18,19,6,20,20,20,21,22,23,24,25,26,27,28,28,29,30,17,17,17,17,31,32,33,34,17,35,36,37,17,17,17,17,17,38,39,40,41,17,42,17,17,43,44,17,17,17,17,17,45,17,46,47,17,17,17,17,17,17,17,48,49,50,51,52,17,17,17,17,53,54,55,17,17,17,56,17,17,17,17,17,17,17,17,17,17,57,58,59,17,17,17,60,61,62,60,60,60,60,60,63,64,65,66,67,68,69,70","0.000855207443237305","leiden","edit-xhwikibooks.graphml"
"0.16","0.82","0.02","0.799622237750022","1,1,1,2,3,4,5,6,7,8,9,10,11,11,11,12,13,14,15,16,17,18,19,6,20,20,20,21,22,23,24,25,26,27,28,28,29,30,17,17,17,17,31,32,33,34,17,35,36,37,17,17,17,17,17,38,39,40,41,17,42,17,17,43,44,17,17,17,17,17,45,17,46,47,17,17,17,17,17,17,17,48,49,50,51,52,17,17,17,17,53,54,55,17,17,17,56,17,17,17,17,17,17,17,17,17,17,57,58,59,17,17,17,60,61,62,60,60,60,60,60,63,64,65,66,67,68,69,70","0.000841140747070312","leiden","edit-xhwikibooks.graphml"
"0.15","0.83","0.02","0.799622237750022","1,1,1,2,3,4,5,6,7,8,9,10,11,11,11,12,13,14,15,16,17,18,19,6,20,20,20,21,22,23,24,25,26,27,28,28,29,30,17,17,17,17,31,32,33,34,17,35,36,37,17,17,17,17,17,38,39,40,41,17,42,17,17,43,44,17,17,17,17,17,45,17,46,47,17,17,17,17,17,17,17,48,49,50,51,52,17,17,17,17,53,54,55,17,17,17,56,17,17,17,17,17,17,17,17,17,17,57,58,59,17,17,17,60,61,62,60,60,60,60,60,63,64,65,66,67,68,69,70","0.000869989395141602","leiden","edit-xhwikibooks.graphml"
"0.14","0.84","0.02","0.798814729080933","1,1,1,2,3,4,5,6,7,8,9,10,11,11,11,12,13,14,15,16,17,18,19,6,20,20,20,21,22,23,24,25,26,27,28,28,29,30,17,17,17,17,31,32,33,34,17,35,36,37,17,17,17,17,17,38,39,40,41,17,42,17,17,43,44,17,17,17,17,17,45,17,46,47,17,17,17,17,17,17,17,48,49,50,51,52,17,17,17,17,53,54,55,17,17,17,56,17,17,17,17,17,17,17,17,17,17,57,58,59,17,17,17,60,61,62,60,60,60,60,60,63,64,65,66,67,68,69,70","0.000856876373291016","leiden","edit-xhwikibooks.graphml"
"0.13","0.85","0.02","0.800176261972011","1,1,1,2,3,4,5,6,7,8,9,10,11,11,11,12,13,14,15,16,17,18,19,6,20,20,20,21,22,23,24,25,26,27,28,28,29,30,17,17,17,17,31,32,33,34,17,35,36,37,17,17,17,17,17,38,39,40,41,17,42,17,17,43,44,17,17,17,17,17,45,17,46,47,17,17,17,17,17,17,17,48,49,50,51,52,17,17,17,17,53,54,55,17,17,17,56,17,17,17,17,17,17,17,17,17,17,57,58,59,17,17,17,60,61,62,60,60,60,60,60,63,64,65,66,67,68,69,70","0.000871181488037109","leiden","edit-xhwikibooks.graphml"
"0.12","0.86","0.02","0.800526859504132","1,1,1,2,3,4,5,6,7,8,9,10,11,11,11,12,13,14,15,16,17,18,19,6,20,20,20,21,22,23,24,25,26,27,28,28,29,30,17,17,17,17,31,32,33,34,17,35,36,37,17,17,17,17,17,38,39,40,41,17,42,17,17,43,44,17,17,17,17,17,45,17,46,47,17,17,17,17,17,17,17,48,49,50,51,52,17,17,17,17,53,54,55,17,17,17,56,17,17,17,17,17,17,17,17,17,17,57,58,59,17,17,17,60,61,62,60,60,60,60,60,63,64,65,66,67,68,69,70","0.000845909118652344","leiden","edit-xhwikibooks.graphml"
"0.11","0.87","0.02","0.800526859504132","1,1,1,2,3,4,5,6,7,8,9,10,11,11,11,12,13,14,15,16,17,18,19,6,20,20,20,21,22,23,24,25,26,27,28,28,29,30,17,17,17,17,31,32,33,34,17,35,36,37,17,17,17,17,17,38,39,40,41,17,42,17,17,43,44,17,17,17,17,17,45,17,46,47,17,17,17,17,17,17,17,48,49,50,51,52,17,17,17,17,53,54,55,17,17,17,56,17,17,17,17,17,17,17,17,17,17,57,58,59,17,17,17,60,61,62,60,60,60,60,60,63,64,65,66,67,68,69,70","0.000847101211547852","leiden","edit-xhwikibooks.graphml"
"0.1","0.88","0.02","0.798663008537909","1,1,1,2,3,4,5,6,7,8,9,10,11,11,11,12,13,14,15,16,17,18,19,6,20,20,20,21,22,23,24,25,26,27,28,28,29,30,17,17,17,17,31,32,33,34,17,35,36,37,17,17,17,17,17,38,39,40,41,17,42,17,17,43,44,17,17,17,17,17,45,17,46,47,17,17,17,17,17,17,17,48,49,50,51,52,17,17,17,17,53,54,55,17,17,17,56,17,17,17,17,17,17,17,17,17,17,57,58,59,17,17,17,60,61,62,60,60,60,60,60,63,64,65,66,67,68,69,70","0.000859975814819336","leiden","edit-xhwikibooks.graphml"
"0.09","0.89","0.02","0.801132136178085","1,1,1,2,3,4,5,6,7,8,9,10,11,11,11,12,13,14,15,16,17,18,19,6,20,20,20,21,22,23,24,25,26,27,28,28,29,30,17,17,17,17,31,32,33,34,17,35,36,37,17,17,17,17,17,38,39,40,41,17,42,17,17,43,44,17,17,17,17,17,45,17,46,47,17,17,17,17,17,17,17,48,49,50,51,52,17,17,17,17,53,54,55,17,17,17,56,17,17,17,17,17,17,17,17,17,17,57,58,59,17,17,17,60,61,62,60,60,60,60,60,63,64,65,66,67,68,69,70","0.000844955444335938","leiden","edit-xhwikibooks.graphml"
"0.08","0.9","0.02","0.799296476403061","1,1,1,2,3,4,5,6,7,8,9,10,11,11,11,12,13,14,15,16,17,18,19,6,20,20,20,21,22,23,24,25,26,27,28,28,29,30,17,17,17,17,31,32,33,34,17,35,36,37,17,17,17,17,17,38,39,40,41,17,42,17,17,43,44,17,17,17,17,17,45,17,46,47,17,17,17,17,17,17,17,48,49,50,51,52,17,17,17,17,53,54,55,17,17,17,56,17,17,17,17,17,17,17,17,17,17,57,58,59,17,17,17,60,61,62,60,60,60,60,60,63,64,65,66,67,68,69,70","0.000889062881469727","leiden","edit-xhwikibooks.graphml"
"0.07","0.91","0.02","0.799296476403061","1,1,1,2,3,4,5,6,7,8,9,10,11,11,11,12,13,14,15,16,17,18,19,6,20,20,20,21,22,23,24,25,26,27,28,28,29,30,17,17,17,17,31,32,33,34,17,35,36,37,17,17,17,17,17,38,39,40,41,17,42,17,17,43,44,17,17,17,17,17,45,17,46,47,17,17,17,17,17,17,17,48,49,50,51,52,17,17,17,17,53,54,55,17,17,17,56,17,17,17,17,17,17,17,17,17,17,57,58,59,17,17,17,60,61,62,60,60,60,60,60,63,64,65,66,67,68,69,70","0.00085902214050293","leiden","edit-xhwikibooks.graphml"
"0.06","0.92","0.02","0.797461728395062","1,1,1,2,3,4,5,6,7,8,9,10,11,11,11,12,13,14,15,16,17,18,19,6,20,20,20,21,22,23,24,25,26,27,28,28,29,30,17,17,17,17,31,32,33,34,17,35,36,37,17,17,17,17,17,38,39,40,41,17,42,17,17,43,44,17,17,17,17,17,45,17,46,47,17,17,17,17,17,17,17,48,49,50,51,52,17,17,17,17,53,54,55,17,17,17,56,17,17,17,17,17,17,17,17,17,17,57,58,59,17,17,17,60,61,62,60,60,60,60,60,63,64,65,66,67,68,69,70","0.000832796096801758","leiden","edit-xhwikibooks.graphml"
"0.05","0.93","0.02","0.798760670373561","1,1,1,2,3,4,5,6,7,8,9,10,11,11,11,12,13,14,15,16,17,18,19,6,20,20,20,21,22,23,24,25,26,27,28,28,29,30,17,17,17,17,31,32,33,34,17,35,36,37,17,17,17,17,17,38,39,40,41,17,42,17,17,43,44,17,17,17,17,17,45,17,46,47,17,17,17,17,17,17,17,48,49,50,51,52,17,17,17,17,53,54,55,17,17,17,56,17,17,17,17,17,17,17,17,17,17,57,58,59,17,17,17,60,61,62,60,60,60,60,60,63,64,65,66,67,68,69,70","0.000916004180908203","leiden","edit-xhwikibooks.graphml"
"0.04","0.94","0.02","0.796939587416795","1,1,1,2,3,4,5,6,7,8,9,10,11,11,11,12,13,14,15,16,17,18,19,6,20,20,20,21,22,23,24,25,26,27,28,28,29,30,17,17,17,17,31,32,33,34,17,35,36,37,17,17,17,17,17,38,39,40,41,17,42,17,17,43,44,17,17,17,17,17,45,17,46,47,17,17,17,17,17,17,17,48,49,50,51,52,17,17,17,17,53,54,55,17,17,17,56,17,17,17,17,17,17,17,17,17,17,57,58,59,17,17,17,60,61,62,60,60,60,60,60,63,64,65,66,67,68,69,70","0.000850915908813477","leiden","edit-xhwikibooks.graphml"
"0.03","0.95","0.02","0.878498824822197","1,1,1,2,3,4,5,6,7,8,9,10,11,11,11,12,13,14,15,16,17,18,19,6,20,20,20,21,22,23,24,25,26,27,28,28,29,30,31,32,33,34,35,36,37,38,39,40,41,42,43,44,45,46,47,48,49,50,51,52,53,54,55,56,57,58,59,60,61,62,63,64,65,66,67,68,69,70,71,72,73,74,75,76,77,78,79,80,81,82,83,84,85,86,87,88,89,90,91,92,93,94,95,96,97,98,99,100,101,17,102,103,104,105,106,107,105,105,105,105,105,108,109,110,111,112,113,114,115","0.0010228157043457","leiden","edit-xhwikibooks.graphml"
"0.02","0.96","0.02","0.877556809698707","1,1,1,2,3,4,5,6,7,8,9,10,11,11,11,12,13,14,15,16,17,18,19,6,20,20,20,21,22,23,24,25,26,27,28,28,29,30,31,32,33,34,35,36,37,38,39,40,41,42,43,44,45,46,47,48,49,50,51,52,53,54,55,56,57,58,59,60,61,62,63,64,65,66,67,68,69,70,71,72,73,74,75,76,77,78,79,80,81,82,83,84,85,86,87,88,89,90,91,92,93,94,95,96,97,98,99,100,101,17,102,103,104,105,106,107,105,105,105,105,105,108,109,110,111,112,113,114,115","0.00102114677429199","leiden","edit-xhwikibooks.graphml"
"0.01","0.97","0.02","0.881943605844704","1,1,1,2,3,4,5,6,7,8,9,10,11,11,11,12,13,14,15,16,17,18,19,6,20,20,20,21,22,23,24,25,26,27,28,28,29,30,31,32,33,34,35,36,37,38,39,40,41,42,43,44,45,46,47,48,49,50,51,52,53,54,55,56,57,58,59,60,61,62,63,64,65,66,67,68,69,70,71,72,73,74,75,76,77,78,79,80,81,82,83,84,85,86,87,88,89,90,91,92,93,94,95,96,97,98,99,100,101,102,103,104,105,106,107,108,106,106,106,106,106,109,110,111,112,113,114,115,116","0.00102400779724121","leiden","edit-xhwikibooks.graphml"
"0","0.98","0.02","0.863891966759003","1,1,1,1,1,2,3,4,5,6,7,8,9,9,9,10,11,12,13,14,15,16,17,4,18,18,18,19,1,20,21,22,23,24,25,25,26,27,28,29,30,31,32,33,34,35,36,37,38,39,40,41,42,43,44,45,46,47,48,49,50,51,52,53,54,55,56,57,58,59,60,61,62,63,64,65,66,67,68,69,70,71,72,73,74,75,76,77,78,79,80,81,82,83,84,85,86,87,88,89,90,91,92,93,94,95,96,97,98,99,100,101,102,103,104,105,103,103,103,103,103,106,107,108,109,110,111,112,113","0.00144815444946289","leiden","edit-xhwikibooks.graphml"
"0.97","0","0.03","0.644102908653173","1,2,1,3,1,3,1,4,3,3,6,1,4,4,4,3,3,6,6,1,7,2,4,4,4,4,4,3,2,3,6,6,1,1,8,8,5,4,7,7,7,7,2,2,2,2,7,2,2,2,7,7,7,7,7,2,2,2,2,7,4,7,7,4,4,7,7,7,7,7,2,7,4,4,7,7,7,7,7,7,7,4,3,3,3,2,7,7,7,7,3,6,6,7,7,7,3,7,7,7,7,7,7,7,7,7,7,1,1,1,7,7,7,8,8,8,8,8,8,8,8,5,5,5,5,5,5,5,5","0.00084996223449707","leiden","edit-xhwikibooks.graphml"
"0.96","0.01","0.03","0.645054729710814","1,1,1,1,1,2,3,4,2,2,3,3,4,4,4,2,2,3,3,3,6,7,4,4,4,4,4,2,1,2,3,3,3,3,8,8,5,4,6,6,6,6,7,7,7,7,6,7,7,7,6,6,6,6,6,7,7,7,7,6,4,6,6,4,4,6,6,6,6,6,7,6,4,4,6,6,6,6,6,6,6,4,2,2,2,1,6,6,6,6,2,3,3,6,6,6,2,6,6,6,6,6,6,6,6,6,6,3,3,3,6,6,6,8,8,8,8,8,8,8,8,5,5,5,5,5,5,5,5","0.000805139541625977","leiden","edit-xhwikibooks.graphml"
"0.95","0.02","0.03","0.643571008650374","1,1,1,1,3,1,3,1,1,1,3,3,4,4,4,2,1,3,3,3,6,7,4,4,4,4,4,2,1,1,3,3,3,3,8,8,5,4,6,6,6,6,7,7,7,7,6,7,7,7,6,6,6,6,6,7,7,7,7,6,4,6,6,4,4,6,6,6,6,6,7,6,4,4,6,6,6,6,6,6,6,4,2,2,2,1,6,6,6,6,1,3,3,6,6,6,2,6,6,6,6,6,6,6,6,6,6,3,3,3,6,6,6,8,8,8,8,8,8,8,8,5,5,5,5,5,5,5,5","0.000807046890258789","leiden","edit-xhwikibooks.graphml"
"0.94","0.03","0.03","0.642271468144044","1,2,1,5,1,5,1,3,5,5,1,1,3,3,3,5,5,1,1,1,6,2,3,3,3,3,3,5,2,5,1,1,1,1,7,7,4,3,6,6,6,6,2,2,2,2,6,2,2,2,6,6,6,6,6,2,2,2,2,6,3,6,6,3,3,6,6,6,6,6,2,6,3,3,6,6,6,6,6,6,6,3,5,5,5,2,6,6,6,6,5,1,1,6,6,6,5,6,6,6,6,6,6,6,6,6,6,1,1,1,6,6,6,7,7,7,7,7,7,7,7,4,4,4,4,4,4,4,4","0.000808954238891602","leiden","edit-xhwikibooks.graphml"
"0.93","0.04","0.03","0.628750913075237","1,1,1,1,3,1,3,1,1,1,3,3,1,1,1,2,1,3,3,3,5,6,1,1,1,1,1,2,1,1,3,3,3,3,7,7,4,1,5,5,5,5,6,6,6,6,5,6,6,6,5,5,5,5,5,6,6,6,6,5,8,5,5,1,1,5,5,5,5,5,6,5,1,1,5,5,5,5,5,5,5,1,2,2,2,9,5,5,5,5,10,11,12,5,5,5,2,5,5,5,5,5,5,5,5,5,5,3,3,3,5,5,5,7,7,7,7,7,7,7,7,4,4,4,4,4,4,4,4","0.000844001770019531","leiden","edit-xhwikibooks.graphml"
"0.92","0.05","0.03","0.626575326627356","1,1,1,1,2,1,2,1,1,1,2,2,1,3,3,1,1,2,2,2,5,6,1,3,3,3,3,1,1,1,2,2,2,2,7,7,4,3,5,5,5,5,6,6,6,6,5,6,6,6,5,5,5,5,5,6,6,6,6,5,8,5,5,3,3,5,5,5,5,5,6,5,3,3,5,5,5,5,5,5,5,3,1,1,1,9,5,5,5,5,10,11,12,5,5,5,1,5,5,5,5,5,5,5,5,5,5,2,2,2,5,5,5,7,7,7,7,7,7,7,7,4,4,4,4,4,4,4,4","0.00083613395690918","leiden","edit-xhwikibooks.graphml"
"0.91","0.06","0.03","0.628309631171234","1,1,1,1,1,2,4,2,2,2,4,4,2,2,2,3,2,4,4,4,5,6,2,2,2,2,2,3,1,2,4,4,4,4,7,7,8,2,5,5,5,5,6,6,6,6,5,6,6,6,5,5,5,5,5,6,6,6,6,5,9,5,5,2,2,5,5,5,5,5,6,5,2,2,5,5,5,5,5,5,5,2,3,3,3,10,5,5,5,5,11,12,13,5,5,5,3,5,5,5,5,5,5,5,5,5,5,4,4,4,5,5,5,7,7,7,7,7,7,7,7,8,8,8,8,8,8,8,8","0.000844001770019531","leiden","edit-xhwikibooks.graphml"
"0.9","0.07","0.03","0.604168661623416","1,2,1,1,1,3,1,3,3,3,1,1,3,3,3,4,5,1,1,1,6,2,3,3,3,3,3,4,2,7,8,1,1,1,9,9,10,3,6,6,6,6,2,2,2,2,6,2,2,2,6,6,6,6,6,2,2,2,2,6,11,6,6,12,13,6,6,6,6,6,2,6,3,3,6,6,6,6,6,6,6,14,4,4,4,15,6,6,6,6,16,17,18,6,6,6,19,6,6,6,6,6,6,6,6,6,6,20,21,6,6,6,6,9,9,9,9,9,9,9,9,10,10,10,10,10,10,10,10","0.000966072082519531","leiden","edit-xhwikibooks.graphml"
"0.89","0.08","0.03","0.60737280646383","1,1,1,1,2,1,2,1,1,1,2,2,1,1,1,3,4,2,2,2,5,6,1,1,1,1,1,3,1,7,8,2,2,2,9,9,10,1,5,5,5,5,6,6,6,6,5,6,6,6,5,5,5,5,5,6,6,6,6,5,11,5,5,12,13,5,5,5,5,5,6,5,1,1,5,5,5,5,5,5,5,14,3,3,3,15,5,5,5,5,16,17,18,5,5,5,19,5,5,5,5,5,5,5,5,5,5,20,21,5,5,5,5,9,9,9,9,9,9,9,9,10,10,10,10,10,10,10,10","0.00110292434692383","leiden","edit-xhwikibooks.graphml"
"0.88","0.09","0.03","0.605224556037577","1,2,1,1,1,3,1,3,3,3,1,1,3,3,3,4,5,1,1,1,6,2,3,3,3,3,3,4,2,7,8,1,1,1,9,9,10,3,6,6,6,6,2,2,2,2,6,2,2,2,6,6,6,6,6,2,2,2,2,6,11,6,6,12,13,6,6,6,6,6,2,6,3,3,6,6,6,6,6,6,6,14,4,4,4,15,6,6,6,6,16,17,18,6,6,6,19,6,6,6,6,6,6,6,6,6,6,20,21,6,6,6,6,9,9,9,9,9,9,9,9,10,10,10,10,10,10,10,10","0.000916957855224609","leiden","edit-xhwikibooks.graphml"
"0.87","0.1","0.03","0.567823691460055","1,1,1,2,3,2,4,2,2,2,4,5,2,2,2,2,6,7,4,8,9,1,10,2,2,2,2,2,1,11,12,13,8,14,4,4,15,2,9,9,9,9,1,1,1,1,9,1,1,1,9,9,9,9,9,1,1,1,1,9,16,9,9,17,18,9,9,9,9,9,1,9,19,20,9,9,9,9,9,9,9,21,22,23,24,25,9,9,9,9,26,27,28,9,9,9,29,9,9,9,9,9,9,9,9,9,9,30,31,9,9,9,9,4,4,4,4,4,4,4,4,15,15,15,15,15,15,15,15","0.000993967056274414","leiden","edit-xhwikibooks.graphml"
"0.86","0.11","0.03","0.565611844970242","1,1,1,2,3,2,4,2,2,2,4,5,2,2,2,2,6,7,4,8,9,1,10,2,2,2,2,2,1,11,12,13,8,14,4,4,15,2,9,9,9,9,1,1,1,1,9,1,1,1,9,9,9,9,9,1,1,1,1,9,16,9,9,17,18,9,9,9,9,9,1,9,19,20,9,9,9,9,9,9,9,21,22,23,24,25,9,9,9,9,26,27,28,9,9,9,29,9,9,9,9,9,9,9,9,9,9,30,31,9,9,9,9,4,4,4,4,4,4,4,4,15,15,15,15,15,15,15,15","0.00100922584533691","leiden","edit-xhwikibooks.graphml"
"0.85","0.12","0.03","0.573625283446712","1,1,1,2,3,2,4,2,2,2,4,5,2,2,2,2,6,7,4,8,9,1,10,2,2,2,2,2,1,11,12,13,8,14,4,4,15,2,9,9,9,9,1,1,1,1,9,1,1,1,9,9,9,9,9,1,1,1,1,9,16,9,9,17,18,9,9,9,9,9,1,9,19,20,9,9,9,9,9,9,9,21,22,23,24,25,9,9,9,9,26,27,28,9,9,9,29,9,9,9,9,9,9,9,9,9,9,30,31,9,9,9,9,4,4,4,4,4,4,4,4,15,15,15,15,15,15,15,15","0.00100398063659668","leiden","edit-xhwikibooks.graphml"
"0.84","0.13","0.03","0.558934533313979","1,1,1,2,3,2,4,2,2,2,5,6,2,2,2,2,7,8,9,10,11,1,12,2,2,2,2,2,1,13,14,15,16,17,9,9,18,2,11,11,11,11,1,1,1,1,11,1,1,1,11,11,11,11,11,1,1,1,1,11,19,11,11,20,21,11,11,11,11,11,1,11,22,23,11,11,11,11,11,11,11,24,25,26,27,28,11,11,11,11,29,30,31,11,11,11,32,11,11,11,11,11,11,11,11,11,11,33,34,11,11,11,11,9,9,9,9,9,9,9,9,18,18,18,18,18,18,18,18","0.00103402137756348","leiden","edit-xhwikibooks.graphml"
"0.83","0.14","0.03","0.558934533313979","1,1,1,2,3,2,4,2,2,2,5,6,2,2,2,2,7,8,9,10,11,1,12,2,2,2,2,2,1,13,14,15,16,17,9,9,18,2,11,11,11,11,1,1,1,1,11,1,1,1,11,11,11,11,11,1,1,1,1,11,19,11,11,20,21,11,11,11,11,11,1,11,22,23,11,11,11,11,11,11,11,24,25,26,27,28,11,11,11,11,29,30,31,11,11,11,32,11,11,11,11,11,11,11,11,11,11,33,34,11,11,11,11,9,9,9,9,9,9,9,9,18,18,18,18,18,18,18,18","0.00106906890869141","leiden","edit-xhwikibooks.graphml"
"0.82","0.15","0.03","0.564230944294668","1,1,1,2,3,2,4,2,2,2,5,6,2,2,2,2,7,8,9,10,11,1,12,2,2,2,2,2,1,13,14,15,16,17,9,9,18,2,11,11,11,11,1,1,1,1,11,1,1,1,11,11,11,11,11,1,1,1,1,11,19,11,11,20,21,11,11,11,11,11,1,11,22,23,11,11,11,11,11,11,11,24,25,26,27,28,11,11,11,11,29,30,31,11,11,11,32,11,11,11,11,11,11,11,11,11,11,33,34,11,11,11,11,9,9,9,9,9,9,9,9,18,18,18,18,18,18,18,18","0.00106501579284668","leiden","edit-xhwikibooks.graphml"
"0.81","0.16","0.03","0.546103509815586","1,1,1,2,3,1,4,1,5,6,7,8,1,5,5,1,9,10,11,12,13,14,15,5,5,5,5,16,17,18,19,20,21,22,11,11,23,5,13,13,13,13,14,14,14,14,13,14,14,14,13,13,13,13,13,14,14,14,14,13,24,13,13,25,26,13,13,13,13,13,14,13,27,28,13,13,13,13,13,13,13,29,30,31,32,33,13,13,13,13,34,35,36,13,13,13,37,13,13,13,13,13,13,13,13,13,13,38,39,13,13,13,13,11,11,11,11,11,11,11,11,23,23,23,23,23,23,23,23","0.000948905944824219","leiden","edit-xhwikibooks.graphml"
"0.8","0.17","0.03","0.547793583974452","1,1,1,2,3,1,4,1,5,6,7,8,1,5,5,1,9,10,11,12,13,14,15,5,5,5,5,16,17,18,19,20,21,22,11,11,23,5,13,13,13,13,14,14,14,14,13,14,14,14,13,13,13,13,13,14,14,14,14,13,24,13,13,25,26,13,13,13,13,13,14,13,27,28,13,13,13,13,13,13,13,29,30,31,32,33,13,13,13,13,34,35,36,13,13,13,37,13,13,13,13,13,13,13,13,13,13,38,39,13,13,13,13,11,11,11,11,11,11,11,11,23,23,23,23,23,23,23,23","0.000952005386352539","leiden","edit-xhwikibooks.graphml"
"0.79","0.18","0.03","0.547793583974452","1,1,1,2,3,1,4,1,5,6,7,8,1,5,5,1,9,10,11,12,13,14,15,5,5,5,5,16,17,18,19,20,21,22,11,11,23,5,13,13,13,13,14,14,14,14,13,14,14,14,13,13,13,13,13,14,14,14,14,13,24,13,13,25,26,13,13,13,13,13,14,13,27,28,13,13,13,13,13,13,13,29,30,31,32,33,13,13,13,13,34,35,36,13,13,13,37,13,13,13,13,13,13,13,13,13,13,38,39,13,13,13,13,11,11,11,11,11,11,11,11,23,23,23,23,23,23,23,23","0.00094294548034668","leiden","edit-xhwikibooks.graphml"
"0.78","0.19","0.03","0.532086555621654","1,1,1,2,3,1,4,1,1,5,6,7,8,1,1,9,10,11,12,13,14,15,16,1,1,1,1,17,18,19,20,21,22,23,12,12,24,25,14,14,14,14,15,15,15,15,14,15,15,15,14,14,14,14,14,15,15,15,15,14,26,14,14,27,28,14,14,14,14,14,15,14,29,30,14,14,14,14,14,14,14,31,32,33,34,35,14,14,14,14,36,37,38,14,14,14,39,14,14,14,14,14,14,14,14,14,14,40,41,14,14,14,14,12,12,12,12,12,12,12,12,24,24,24,24,24,24,24,24","0.00113391876220703","leiden","edit-xhwikibooks.graphml"
"0.77","0.2","0.03","0.545555595396034","1,1,1,2,3,1,4,1,5,6,7,8,9,5,5,10,11,12,13,14,15,16,17,5,5,5,5,18,19,20,21,22,23,24,13,13,25,26,15,15,15,15,16,16,16,16,15,16,16,16,15,15,15,15,15,16,16,16,16,15,27,15,15,28,29,15,15,15,15,15,16,15,30,31,15,15,15,15,15,15,15,32,33,34,35,36,15,15,15,15,37,38,39,15,15,15,40,15,15,15,15,15,15,15,15,15,15,41,42,15,15,15,15,13,13,13,13,13,13,13,13,25,25,25,25,25,25,25,25","0.00106501579284668","leiden","edit-xhwikibooks.graphml"
"0.76","0.21","0.03","0.543331916099773","1,1,1,2,3,1,4,1,5,6,7,8,9,5,5,10,11,12,13,14,15,16,17,5,5,5,5,18,19,20,21,22,23,24,13,13,25,26,15,15,15,15,16,16,16,16,15,16,16,16,15,15,15,15,15,16,16,16,16,15,27,15,15,28,29,15,15,15,15,15,16,15,30,31,15,15,15,15,15,15,15,32,33,34,35,36,15,15,15,15,37,38,39,15,15,15,40,15,15,15,15,15,15,15,15,15,15,41,42,15,15,15,15,13,13,13,13,13,13,13,13,25,25,25,25,25,25,25,25","0.00106692314147949","leiden","edit-xhwikibooks.graphml"
"0.75","0.22","0.03","0.530989738251041","1,1,1,2,3,4,5,6,7,8,9,10,11,6,6,12,13,14,15,16,17,1,18,19,6,6,6,20,21,22,23,24,25,26,15,15,27,28,17,17,17,17,1,1,1,1,17,1,1,1,17,17,17,17,17,1,1,1,1,17,29,17,17,30,31,17,17,17,17,17,1,17,32,33,17,17,17,17,17,17,17,34,35,36,37,38,17,17,17,17,39,40,41,17,17,17,42,17,17,17,17,17,17,17,17,17,17,43,44,17,17,17,17,15,15,15,15,15,15,15,15,27,27,27,27,27,27,27,27","0.000931978225708008","leiden","edit-xhwikibooks.graphml"
"0.74","0.23","0.03","0.537613395962566","1,1,1,2,3,4,5,6,7,8,9,10,11,6,6,12,13,14,15,16,17,1,18,19,6,6,6,20,21,22,23,24,25,26,15,15,27,28,17,17,17,17,1,1,1,1,17,1,1,1,17,17,17,17,17,1,1,1,1,17,29,17,17,30,31,17,17,17,17,17,1,17,32,33,17,17,17,17,17,17,17,34,35,36,37,38,17,17,17,17,39,40,41,17,17,17,42,17,17,17,17,17,17,17,17,17,17,43,44,17,17,17,17,15,15,15,15,15,15,15,15,27,27,27,27,27,27,27,27","0.000931024551391602","leiden","edit-xhwikibooks.graphml"
"0.73","0.24","0.03","0.541595804988662","1,1,1,2,3,4,5,6,7,8,9,10,11,6,6,12,13,14,15,16,17,18,19,20,6,6,6,21,22,23,24,25,26,27,15,15,28,29,17,17,17,17,18,18,18,18,17,18,18,18,17,17,17,17,17,18,18,18,18,17,30,17,17,31,32,17,17,17,17,17,18,17,33,34,17,17,17,17,17,17,17,35,36,37,38,39,17,17,17,17,40,41,42,17,17,17,43,17,17,17,17,17,17,17,17,17,17,44,45,17,17,17,17,15,15,15,15,15,15,15,15,28,28,28,28,28,28,28,28","0.000934839248657227","leiden","edit-xhwikibooks.graphml"
"0.72","0.25","0.03","0.494679799058582","1,1,1,2,3,4,5,6,7,8,9,10,11,12,12,13,14,15,16,17,18,19,20,21,12,12,12,22,23,24,25,26,27,28,16,16,12,29,18,18,18,18,19,19,19,19,18,19,19,19,18,18,18,18,18,19,19,19,19,18,30,18,18,31,32,18,18,18,18,18,19,18,33,34,18,18,18,18,18,18,18,35,36,37,38,39,18,18,18,18,40,41,42,18,18,18,43,18,18,18,18,18,18,18,18,18,18,44,45,18,18,18,18,16,46,47,16,16,16,16,16,48,49,50,51,52,53,54,55","0.00102519989013672","leiden","edit-xhwikibooks.graphml"
"0.71","0.26","0.03","0.494679799058582","1,1,1,2,3,4,5,6,7,8,9,10,11,12,12,13,14,15,16,17,18,19,20,21,12,12,12,22,23,24,25,26,27,28,16,16,12,29,18,18,18,18,19,19,19,19,18,19,19,19,18,18,18,18,18,19,19,19,19,18,30,18,18,31,32,18,18,18,18,18,19,18,33,34,18,18,18,18,18,18,18,35,36,37,38,39,18,18,18,18,40,41,42,18,18,18,43,18,18,18,18,18,18,18,18,18,18,44,45,18,18,18,18,16,46,47,16,16,16,16,16,48,49,50,51,52,53,54,55","0.00102806091308594","leiden","edit-xhwikibooks.graphml"
"0.7","0.27","0.03","0.494679799058582","1,1,1,2,3,4,5,6,7,8,9,10,11,12,12,13,14,15,16,17,18,19,20,21,12,12,12,22,23,24,25,26,27,28,16,16,12,29,18,18,18,18,19,19,19,19,18,19,19,19,18,18,18,18,18,19,19,19,19,18,30,18,18,31,32,18,18,18,18,18,19,18,33,34,18,18,18,18,18,18,18,35,36,37,38,39,18,18,18,18,40,41,42,18,18,18,43,18,18,18,18,18,18,18,18,18,18,44,45,18,18,18,18,16,46,47,16,16,16,16,16,48,49,50,51,52,53,54,55","0.0010371208190918","leiden","edit-xhwikibooks.graphml"
"0.69","0.28","0.03","0.487638938333136","1,1,1,2,3,4,5,6,7,8,9,10,11,12,13,14,15,16,17,18,19,20,21,22,13,13,13,23,24,25,26,27,28,29,17,17,13,30,19,19,19,19,20,20,20,20,19,20,20,20,19,19,19,19,19,20,20,20,20,19,31,19,19,32,33,19,19,19,19,19,20,19,34,35,19,19,19,19,19,19,19,36,37,38,39,40,19,19,19,19,41,42,43,19,19,19,44,19,19,19,19,19,19,19,19,19,19,45,46,19,19,19,19,17,47,48,17,17,17,17,17,49,50,51,52,53,54,55,56","0.00107097625732422","leiden","edit-xhwikibooks.graphml"
"0.68","0.29","0.03","0.497897457659812","1,1,1,2,3,4,5,6,7,8,9,10,11,12,13,14,15,16,17,18,19,20,21,22,13,13,13,23,24,25,26,27,28,29,17,17,13,30,19,19,19,19,20,20,20,20,19,20,20,20,19,19,19,19,19,20,20,20,20,19,31,19,19,32,33,19,19,19,19,19,20,19,34,35,19,19,19,19,19,19,19,36,37,38,39,40,19,19,19,19,41,42,43,19,19,19,44,19,19,19,19,19,19,19,19,19,19,45,46,19,19,19,19,17,47,48,17,17,17,17,17,49,50,51,52,53,54,55,56","0.00105094909667969","leiden","edit-xhwikibooks.graphml"
"0.67","0.3","0.03","0.495656149977138","1,1,1,2,3,4,5,6,7,8,9,10,11,12,13,14,15,16,17,18,19,20,21,22,13,13,13,23,24,25,26,27,28,29,17,17,13,30,19,19,19,19,20,20,20,20,19,20,20,20,19,19,19,19,19,20,20,20,20,19,31,19,19,32,33,19,19,19,19,19,20,19,34,35,19,19,19,19,19,19,19,36,37,38,39,40,19,19,19,19,41,42,43,19,19,19,44,19,19,19,19,19,19,19,19,19,19,45,46,19,19,19,19,17,47,48,17,17,17,17,17,49,50,51,52,53,54,55,56","0.00107097625732422","leiden","edit-xhwikibooks.graphml"
"0.66","0.31","0.03","0.484765625","1,1,1,2,3,4,5,6,7,8,9,10,11,12,13,14,15,16,17,18,19,20,21,22,23,13,24,25,26,27,28,29,30,31,32,32,13,33,19,19,19,19,20,20,20,20,19,20,20,20,19,19,19,19,19,20,20,20,20,19,34,19,19,35,36,19,19,19,19,19,20,19,37,38,19,19,19,19,19,19,19,39,40,41,42,43,19,19,19,19,44,45,46,19,19,19,47,19,19,19,19,19,19,19,19,19,19,48,49,19,19,19,19,32,50,51,32,32,32,32,32,52,53,54,55,56,57,58,59","0.000967025756835938","leiden","edit-xhwikibooks.graphml"
"0.65","0.32","0.03","0.482543111762664","1,1,1,2,3,4,5,6,7,8,9,10,11,12,13,14,15,16,17,18,19,20,21,22,23,13,24,25,26,27,28,29,30,31,32,32,13,33,19,19,19,19,20,20,20,20,19,20,20,20,19,19,19,19,19,20,20,20,20,19,34,19,19,35,36,19,19,19,19,19,20,19,37,38,19,19,19,19,19,19,19,39,40,41,42,43,19,19,19,19,44,45,46,19,19,19,47,19,19,19,19,19,19,19,19,19,19,48,49,19,19,19,19,32,50,51,32,32,32,32,32,52,53,54,55,56,57,58,59","0.00109386444091797","leiden","edit-xhwikibooks.graphml"
"0.64","0.33","0.03","0.488302088096327","1,1,1,2,3,4,5,6,7,8,9,10,11,12,13,14,15,16,17,18,19,20,21,22,23,13,24,25,26,27,28,29,30,31,32,32,13,33,19,19,19,19,20,20,20,20,19,20,20,20,19,19,19,19,19,20,20,20,20,19,34,19,19,35,36,19,19,19,19,19,20,19,37,38,19,19,19,19,19,19,19,39,40,41,42,43,19,19,19,19,44,45,46,19,19,19,47,19,19,19,19,19,19,19,19,19,19,48,49,19,19,19,19,32,50,51,32,32,32,32,32,52,53,54,55,56,57,58,59","0.00127601623535156","leiden","edit-xhwikibooks.graphml"
"0.63","0.34","0.03","0.554300103305785","1,1,1,2,3,4,5,6,7,8,9,10,11,12,12,13,14,15,16,17,18,19,20,21,22,23,24,25,26,27,28,29,30,31,32,32,12,33,18,18,18,18,19,19,19,19,18,19,19,19,18,18,18,18,18,19,19,19,19,18,34,18,18,35,36,18,18,18,18,18,19,18,37,38,18,18,18,18,18,18,18,39,40,41,42,43,18,18,18,18,44,45,46,18,18,18,47,18,18,18,18,18,18,18,18,18,18,48,49,18,18,18,18,32,50,51,32,32,32,32,32,52,53,54,55,56,57,58,59","0.00103902816772461","leiden","edit-xhwikibooks.graphml"
"0.62","0.35","0.03","0.554300103305785","1,1,1,2,3,4,5,6,7,8,9,10,11,12,12,13,14,15,16,17,18,19,20,21,22,23,24,25,26,27,28,29,30,31,32,32,12,33,18,18,18,18,19,19,19,19,18,19,19,19,18,18,18,18,18,19,19,19,19,18,34,18,18,35,36,18,18,18,18,18,19,18,37,38,18,18,18,18,18,18,18,39,40,41,42,43,18,18,18,18,44,45,46,18,18,18,47,18,18,18,18,18,18,18,18,18,18,48,49,18,18,18,18,32,50,51,32,32,32,32,32,52,53,54,55,56,57,58,59","0.000818967819213867","leiden","edit-xhwikibooks.graphml"
"0.61","0.36","0.03","0.552076350984711","1,1,1,2,3,4,5,6,7,8,9,10,11,12,12,13,14,15,16,17,18,19,20,21,22,23,24,25,26,27,28,29,30,31,32,32,12,33,18,18,18,18,19,19,19,19,18,19,19,19,18,18,18,18,18,19,19,19,19,18,34,18,18,35,36,18,18,18,18,18,19,18,37,38,18,18,18,18,18,18,18,39,40,41,42,43,18,18,18,18,44,45,46,18,18,18,47,18,18,18,18,18,18,18,18,18,18,48,49,18,18,18,18,32,50,51,32,32,32,32,32,52,53,54,55,56,57,58,59","0.00105500221252441","leiden","edit-xhwikibooks.graphml"
"0.6","0.37","0.03","0.470116968434546","1,1,1,2,3,4,5,6,7,8,9,10,11,12,12,13,14,15,16,17,18,1,19,20,21,22,23,24,25,26,27,28,29,30,31,31,12,32,18,18,18,18,33,34,35,36,18,37,38,39,18,18,18,18,18,40,41,42,43,18,44,18,18,45,46,18,18,18,18,18,47,18,48,49,18,18,18,18,18,18,18,50,51,52,53,54,18,18,18,18,55,56,57,18,18,18,58,18,18,18,18,18,18,18,18,18,18,59,60,18,18,18,18,31,61,62,31,31,31,31,31,63,64,65,66,67,68,69,70","0.000858068466186523","leiden","edit-xhwikibooks.graphml"
"0.59","0.38","0.03","0.467782128871484","1,1,1,2,3,4,5,6,7,8,9,10,11,12,12,13,14,15,16,17,18,1,19,20,21,22,23,24,25,26,27,28,29,30,31,31,12,32,18,18,18,18,33,34,35,36,18,37,38,39,18,18,18,18,18,40,41,42,43,18,44,18,18,45,46,18,18,18,18,18,47,18,48,49,18,18,18,18,18,18,18,50,51,52,53,54,18,18,18,18,55,56,57,18,18,18,58,18,18,18,18,18,18,18,18,18,18,59,60,18,18,18,18,31,61,62,31,31,31,31,31,63,64,65,66,67,68,69,70","0.000878095626831055","leiden","edit-xhwikibooks.graphml"
"0.58","0.39","0.03","0.4734375","1,1,1,2,3,4,5,6,7,8,9,10,11,12,12,13,14,15,16,17,18,1,19,20,21,22,23,24,25,26,27,28,29,30,31,31,12,32,18,18,18,18,33,34,35,36,18,37,38,39,18,18,18,18,18,40,41,42,43,18,44,18,18,45,46,18,18,18,18,18,47,18,48,49,18,18,18,18,18,18,18,50,51,52,53,54,18,18,18,18,55,56,57,18,18,18,58,18,18,18,18,18,18,18,18,18,18,59,60,18,18,18,18,31,61,62,31,31,31,31,31,63,64,65,66,67,68,69,70","0.00115513801574707","leiden","edit-xhwikibooks.graphml"
"0.57","0.4","0.03","0.488399762046401","1,1,1,2,3,4,5,6,7,8,9,10,11,12,12,13,14,15,16,17,18,1,19,20,21,22,23,24,25,26,27,28,29,30,31,31,12,32,18,18,18,18,33,34,35,36,18,37,38,39,18,18,18,18,18,40,41,42,43,18,44,18,18,45,46,18,18,18,18,18,47,18,48,49,18,18,18,18,18,18,18,50,51,52,53,54,18,18,18,18,55,56,57,18,18,18,58,18,18,18,18,18,18,18,18,18,18,59,60,18,18,18,18,31,61,62,31,31,31,31,31,63,64,65,66,67,68,69,70","0.0216271877288818","leiden","edit-xhwikibooks.graphml"
"0.56","0.41","0.03","0.488399762046401","1,1,1,2,3,4,5,6,7,8,9,10,11,12,12,13,14,15,16,17,18,1,19,20,21,22,23,24,25,26,27,28,29,30,31,31,12,32,18,18,18,18,33,34,35,36,18,37,38,39,18,18,18,18,18,40,41,42,43,18,44,18,18,45,46,18,18,18,18,18,47,18,48,49,18,18,18,18,18,18,18,50,51,52,53,54,18,18,18,18,55,56,57,18,18,18,58,18,18,18,18,18,18,18,18,18,18,59,60,18,18,18,18,31,61,62,31,31,31,31,31,63,64,65,66,67,68,69,70","0.00101613998413086","leiden","edit-xhwikibooks.graphml"
"0.55","0.42","0.03","0.616199420944848","1,1,1,2,3,4,5,6,7,8,9,10,11,12,12,13,14,15,16,17,18,1,19,20,21,22,23,24,25,26,27,28,29,30,31,31,12,32,18,18,18,18,33,34,35,36,18,37,38,39,18,18,18,18,18,40,41,42,43,18,44,18,18,45,46,18,18,18,18,18,47,18,48,49,18,18,18,18,18,18,18,50,51,52,53,54,18,18,18,18,55,56,57,18,18,18,58,18,18,18,18,18,18,18,18,18,18,59,60,18,18,18,18,31,61,62,31,31,31,31,31,63,64,65,66,67,68,69,70","0.000838994979858398","leiden","edit-xhwikibooks.graphml"
"0.54","0.43","0.03","0.593413357956294","1,1,1,2,3,4,5,6,7,8,9,10,11,12,12,13,14,15,16,17,18,1,19,20,21,22,23,24,25,26,27,28,29,30,31,31,32,33,18,18,18,18,34,35,36,37,18,38,39,40,18,18,18,18,18,41,42,43,44,18,45,18,18,46,47,18,18,18,18,18,48,18,49,50,18,18,18,18,18,18,18,51,52,53,54,55,18,18,18,18,56,57,58,18,18,18,59,18,18,18,18,18,18,18,18,18,18,60,61,18,18,18,18,62,63,64,65,66,67,68,69,70,71,72,73,74,75,76,77","0.00107884407043457","leiden","edit-xhwikibooks.graphml"
"0.53","0.44","0.03","0.594678953626635","1,1,1,2,3,4,5,6,7,8,9,10,11,12,12,13,14,15,16,17,18,1,19,20,21,22,23,24,25,26,27,28,29,30,31,31,32,33,18,18,18,18,34,35,36,37,18,38,39,40,18,18,18,18,18,41,42,43,44,18,45,18,18,46,47,18,18,18,18,18,48,18,49,50,18,18,18,18,18,18,18,51,52,53,54,55,18,18,18,18,56,57,58,18,18,18,59,18,18,18,18,18,18,18,18,18,18,60,61,18,18,18,18,62,63,64,65,66,67,68,69,70,71,72,73,74,75,76,77","0.000955104827880859","leiden","edit-xhwikibooks.graphml"
"0.52","0.45","0.03","0.609832712396815","1,1,1,2,3,4,5,6,7,8,9,10,11,12,12,13,14,15,16,17,18,1,19,20,21,22,23,24,25,26,27,28,29,30,31,31,32,33,18,18,18,18,34,35,36,37,18,38,39,40,18,18,18,18,18,41,42,43,44,18,45,18,18,46,47,18,18,18,18,18,48,18,49,50,18,18,18,18,18,18,18,51,52,53,54,55,18,18,18,18,56,57,58,18,18,18,59,18,18,18,18,18,18,18,18,18,18,60,61,18,18,18,18,62,63,64,65,66,67,68,69,70,71,72,73,74,75,76,77","0.00108599662780762","leiden","edit-xhwikibooks.graphml"
"0.51","0.46","0.03","0.606291295604711","1,1,1,2,3,4,5,6,7,8,9,10,11,12,12,13,14,15,16,17,18,1,19,20,21,22,23,24,25,26,27,28,29,30,31,31,32,33,18,18,18,18,34,35,36,37,18,38,39,40,18,18,18,18,18,41,42,43,44,18,45,18,18,46,47,18,18,18,18,18,48,18,49,50,18,18,18,18,18,18,18,51,52,53,54,55,18,18,18,18,56,57,58,18,18,18,59,18,18,18,18,18,18,18,18,18,18,60,61,18,18,18,18,62,63,64,65,66,67,68,69,70,71,72,73,74,75,76,77","0.00107192993164062","leiden","edit-xhwikibooks.graphml"
"0.5","0.47","0.03","0.610691335357672","1,1,1,2,3,4,5,6,7,8,9,10,11,12,12,13,14,15,16,17,18,1,19,20,21,22,23,24,25,26,27,28,29,30,31,31,32,33,18,18,18,18,34,35,36,37,18,38,39,40,18,18,18,18,18,41,42,43,44,18,45,18,18,46,47,18,18,18,18,18,48,18,49,50,18,18,18,18,18,18,18,51,52,53,54,55,18,18,18,18,56,57,58,18,18,18,59,18,18,18,18,18,18,18,18,18,18,60,61,18,18,18,18,62,63,64,65,66,67,68,69,70,71,72,73,74,75,76,77","0.000840902328491211","leiden","edit-xhwikibooks.graphml"
"0.49","0.48","0.03","0.607222222222222","1,1,1,2,3,4,5,6,7,8,9,10,11,12,12,13,14,15,16,17,18,1,19,20,21,22,23,24,25,26,27,28,29,30,31,31,32,33,18,18,18,18,34,35,36,37,18,38,39,40,18,18,18,18,18,41,42,43,44,18,45,18,18,46,47,18,18,18,18,18,48,18,49,50,18,18,18,18,18,18,18,51,52,53,54,55,18,18,18,18,56,57,58,18,18,18,59,18,18,18,18,18,18,18,18,18,18,60,61,18,18,18,18,62,63,64,65,66,67,68,69,70,71,72,73,74,75,76,77","0.00111794471740723","leiden","edit-xhwikibooks.graphml"
"0.48","0.49","0.03","0.609561471647483","1,1,1,2,3,4,5,6,7,8,9,10,11,12,12,13,14,15,16,17,18,19,20,21,22,23,24,25,26,27,28,29,30,31,32,32,33,34,18,18,18,18,35,36,37,38,18,39,40,41,18,18,18,18,18,42,43,44,45,18,46,18,18,47,48,18,18,18,18,18,49,18,50,51,18,18,18,18,18,18,18,52,53,54,55,56,18,18,18,18,57,58,59,18,18,18,60,18,18,18,18,18,18,18,18,18,18,61,62,18,18,18,18,63,64,65,66,67,68,69,70,71,72,73,74,75,76,77,78","0.000882863998413086","leiden","edit-xhwikibooks.graphml"
"0.47","0.5","0.03","0.761321386079714","1,1,1,2,3,4,5,6,7,8,9,10,11,11,11,12,13,14,15,16,17,18,19,6,20,20,20,21,22,23,24,25,26,27,28,28,29,30,17,17,17,17,31,32,33,34,17,35,36,37,17,17,17,17,17,38,39,40,41,17,42,17,17,43,44,17,17,17,17,17,45,17,46,47,17,17,17,17,17,17,17,48,49,50,51,52,17,17,17,17,53,54,55,17,17,17,56,17,17,17,17,17,17,17,17,17,17,57,58,59,17,17,17,60,61,62,60,60,60,60,60,63,64,65,66,67,68,69,70","0.000869989395141602","leiden","edit-xhwikibooks.graphml"
"0.46","0.51","0.03","0.761321386079714","1,1,1,2,3,4,5,6,7,8,9,10,11,11,11,12,13,14,15,16,17,18,19,6,20,20,20,21,22,23,24,25,26,27,28,28,29,30,17,17,17,17,31,32,33,34,17,35,36,37,17,17,17,17,17,38,39,40,41,17,42,17,17,43,44,17,17,17,17,17,45,17,46,47,17,17,17,17,17,17,17,48,49,50,51,52,17,17,17,17,53,54,55,17,17,17,56,17,17,17,17,17,17,17,17,17,17,57,58,59,17,17,17,60,61,62,60,60,60,60,60,63,64,65,66,67,68,69,70","0.000845193862915039","leiden","edit-xhwikibooks.graphml"
"0.45","0.52","0.03","0.761321386079714","1,1,1,2,3,4,5,6,7,8,9,10,11,11,11,12,13,14,15,16,17,18,19,6,20,20,20,21,22,23,24,25,26,27,28,28,29,30,17,17,17,17,31,32,33,34,17,35,36,37,17,17,17,17,17,38,39,40,41,17,42,17,17,43,44,17,17,17,17,17,45,17,46,47,17,17,17,17,17,17,17,48,49,50,51,52,17,17,17,17,53,54,55,17,17,17,56,17,17,17,17,17,17,17,17,17,17,57,58,59,17,17,17,60,61,62,60,60,60,60,60,63,64,65,66,67,68,69,70","0.000854015350341797","leiden","edit-xhwikibooks.graphml"
"0.44","0.53","0.03","0.75880624426079","1,1,1,2,3,4,5,6,7,8,9,10,11,11,11,12,13,14,15,16,17,18,19,6,20,20,20,21,22,23,24,25,26,27,28,28,29,30,17,17,17,17,31,32,33,34,17,35,36,37,17,17,17,17,17,38,39,40,41,17,42,17,17,43,44,17,17,17,17,17,45,17,46,47,17,17,17,17,17,17,17,48,49,50,51,52,17,17,17,17,53,54,55,17,17,17,56,17,17,17,17,17,17,17,17,17,17,57,58,59,17,17,17,60,61,62,60,60,60,60,60,63,64,65,66,67,68,69,70","0.000951051712036133","leiden","edit-xhwikibooks.graphml"
"0.43","0.54","0.03","0.76732782369146","1,1,1,2,3,4,5,6,7,8,9,10,11,11,11,12,13,14,15,16,17,18,19,6,20,20,20,21,22,23,24,25,26,27,28,28,29,30,17,17,17,17,31,32,33,34,17,35,36,37,17,17,17,17,17,38,39,40,41,17,42,17,17,43,44,17,17,17,17,17,45,17,46,47,17,17,17,17,17,17,17,48,49,50,51,52,17,17,17,17,53,54,55,17,17,17,56,17,17,17,17,17,17,17,17,17,17,57,58,59,17,17,17,60,61,62,60,60,60,60,60,63,64,65,66,67,68,69,70","0.000795125961303711","leiden","edit-xhwikibooks.graphml"
"0.42","0.55","0.03","0.764788067934388","1,1,1,2,3,4,5,6,7,8,9,10,11,11,11,12,13,14,15,16,17,18,19,6,20,20,20,21,22,23,24,25,26,27,28,28,29,30,17,17,17,17,31,32,33,34,17,35,36,37,17,17,17,17,17,38,39,40,41,17,42,17,17,43,44,17,17,17,17,17,45,17,46,47,17,17,17,17,17,17,17,48,49,50,51,52,17,17,17,17,53,54,55,17,17,17,56,17,17,17,17,17,17,17,17,17,17,57,58,59,17,17,17,60,61,62,60,60,60,60,60,63,64,65,66,67,68,69,70","0.000786066055297852","leiden","edit-xhwikibooks.graphml"
"0.41","0.56","0.03","0.769150368480725","1,1,1,2,3,4,5,6,7,8,9,10,11,11,11,12,13,14,15,16,17,18,19,6,20,20,20,21,22,23,24,25,26,27,28,28,29,30,17,17,17,17,31,32,33,34,17,35,36,37,17,17,17,17,17,38,39,40,41,17,42,17,17,43,44,17,17,17,17,17,45,17,46,47,17,17,17,17,17,17,17,48,49,50,51,52,17,17,17,17,53,54,55,17,17,17,56,17,17,17,17,17,17,17,17,17,17,57,58,59,17,17,17,60,61,62,60,60,60,60,60,63,64,65,66,67,68,69,70","0.00103116035461426","leiden","edit-xhwikibooks.graphml"
"0.4","0.57","0.03","0.766657329925423","1,1,1,2,3,4,5,6,7,8,9,10,11,11,11,12,13,14,15,16,17,18,19,6,20,20,20,21,22,23,24,25,26,27,28,28,29,30,17,17,17,17,31,32,33,34,17,35,36,37,17,17,17,17,17,38,39,40,41,17,42,17,17,43,44,17,17,17,17,17,45,17,46,47,17,17,17,17,17,17,17,48,49,50,51,52,17,17,17,17,53,54,55,17,17,17,56,17,17,17,17,17,17,17,17,17,17,57,58,59,17,17,17,60,61,62,60,60,60,60,60,63,64,65,66,67,68,69,70","0.000791072845458984","leiden","edit-xhwikibooks.graphml"
"0.39","0.58","0.03","0.770578981566978","1,1,1,2,3,4,5,6,7,8,9,10,11,11,11,12,13,14,15,16,17,18,19,6,20,20,20,21,22,23,24,25,26,27,28,28,29,30,17,17,17,17,31,32,33,34,17,35,36,37,17,17,17,17,17,38,39,40,41,17,42,17,17,43,44,17,17,17,17,17,45,17,46,47,17,17,17,17,17,17,17,48,49,50,51,52,17,17,17,17,53,54,55,17,17,17,56,17,17,17,17,17,17,17,17,17,17,57,58,59,17,17,17,60,61,62,60,60,60,60,60,63,64,65,66,67,68,69,70","0.000802040100097656","leiden","edit-xhwikibooks.graphml"
"0.38","0.59","0.03","0.768134802595998","1,1,1,2,3,4,5,6,7,8,9,10,11,11,11,12,13,14,15,16,17,18,19,6,20,20,20,21,22,23,24,25,26,27,28,28,29,30,17,17,17,17,31,32,33,34,17,35,36,37,17,17,17,17,17,38,39,40,41,17,42,17,17,43,44,17,17,17,17,17,45,17,46,47,17,17,17,17,17,17,17,48,49,50,51,52,17,17,17,17,53,54,55,17,17,17,56,17,17,17,17,17,17,17,17,17,17,57,58,59,17,17,17,60,61,62,60,60,60,60,60,63,64,65,66,67,68,69,70","0.000818014144897461","leiden","edit-xhwikibooks.graphml"
"0.37","0.6","0.03","0.774514285714286","1,1,1,2,3,4,5,6,7,8,9,10,11,11,11,12,13,14,15,16,17,18,19,6,20,20,20,21,22,23,24,25,26,27,28,28,29,30,17,17,17,17,31,32,33,34,17,35,36,37,17,17,17,17,17,38,39,40,41,17,42,17,17,43,44,17,17,17,17,17,45,17,46,47,17,17,17,17,17,17,17,48,49,50,51,52,17,17,17,17,53,54,55,17,17,17,56,17,17,17,17,17,17,17,17,17,17,57,58,59,17,17,17,60,61,62,60,60,60,60,60,63,64,65,66,67,68,69,70","0.000829935073852539","leiden","edit-xhwikibooks.graphml"
"0.36","0.61","0.03","0.772130036157025","1,1,1,2,3,4,5,6,7,8,9,10,11,11,11,12,13,14,15,16,17,18,19,6,20,20,20,21,22,23,24,25,26,27,28,28,29,30,17,17,17,17,31,32,33,34,17,35,36,37,17,17,17,17,17,38,39,40,41,17,42,17,17,43,44,17,17,17,17,17,45,17,46,47,17,17,17,17,17,17,17,48,49,50,51,52,17,17,17,17,53,54,55,17,17,17,56,17,17,17,17,17,17,17,17,17,17,57,58,59,17,17,17,60,61,62,60,60,60,60,60,63,64,65,66,67,68,69,70","0.000845909118652344","leiden","edit-xhwikibooks.graphml"
"0.35","0.62","0.03","0.77415493632098","1,1,1,2,3,4,5,6,7,8,9,10,11,11,11,12,13,14,15,16,17,18,19,6,20,20,20,21,22,23,24,25,26,27,28,28,29,30,17,17,17,17,31,32,33,34,17,35,36,37,17,17,17,17,17,38,39,40,41,17,42,17,17,43,44,17,17,17,17,17,45,17,46,47,17,17,17,17,17,17,17,48,49,50,51,52,17,17,17,17,53,54,55,17,17,17,56,17,17,17,17,17,17,17,17,17,17,57,58,59,17,17,17,60,61,62,60,60,60,60,60,63,64,65,66,67,68,69,70","0.000839948654174805","leiden","edit-xhwikibooks.graphml"
"0.34","0.63","0.03","0.771793334174978","1,1,1,2,3,4,5,6,7,8,9,10,11,11,11,12,13,14,15,16,17,18,19,6,20,20,20,21,22,23,24,25,26,27,28,28,29,30,17,17,17,17,31,32,33,34,17,35,36,37,17,17,17,17,17,38,39,40,41,17,42,17,17,43,44,17,17,17,17,17,45,17,46,47,17,17,17,17,17,17,17,48,49,50,51,52,17,17,17,17,53,54,55,17,17,17,56,17,17,17,17,17,17,17,17,17,17,57,58,59,17,17,17,60,61,62,60,60,60,60,60,63,64,65,66,67,68,69,70","0.000861167907714844","leiden","edit-xhwikibooks.graphml"
"0.33","0.64","0.03","0.771793334174978","1,1,1,2,3,4,5,6,7,8,9,10,11,11,11,12,13,14,15,16,17,18,19,6,20,20,20,21,22,23,24,25,26,27,28,28,29,30,17,17,17,17,31,32,33,34,17,35,36,37,17,17,17,17,17,38,39,40,41,17,42,17,17,43,44,17,17,17,17,17,45,17,46,47,17,17,17,17,17,17,17,48,49,50,51,52,17,17,17,17,53,54,55,17,17,17,56,17,17,17,17,17,17,17,17,17,17,57,58,59,17,17,17,60,61,62,60,60,60,60,60,63,64,65,66,67,68,69,70","0.000846147537231445","leiden","edit-xhwikibooks.graphml"
"0.32","0.65","0.03","0.769436035080054","1,1,1,2,3,4,5,6,7,8,9,10,11,11,11,12,13,14,15,16,17,18,19,6,20,20,20,21,22,23,24,25,26,27,28,28,29,30,17,17,17,17,31,32,33,34,17,35,36,37,17,17,17,17,17,38,39,40,41,17,42,17,17,43,44,17,17,17,17,17,45,17,46,47,17,17,17,17,17,17,17,48,49,50,51,52,17,17,17,17,53,54,55,17,17,17,56,17,17,17,17,17,17,17,17,17,17,57,58,59,17,17,17,60,61,62,60,60,60,60,60,63,64,65,66,67,68,69,70","0.000858068466186523","leiden","edit-xhwikibooks.graphml"
"0.31","0.66","0.03","0.771373456790123","1,1,1,2,3,4,5,6,7,8,9,10,11,11,11,12,13,14,15,16,17,18,19,6,20,20,20,21,22,23,24,25,26,27,28,28,29,30,17,17,17,17,31,32,33,34,17,35,36,37,17,17,17,17,17,38,39,40,41,17,42,17,17,43,44,17,17,17,17,17,45,17,46,47,17,17,17,17,17,17,17,48,49,50,51,52,17,17,17,17,53,54,55,17,17,17,56,17,17,17,17,17,17,17,17,17,17,57,58,59,17,17,17,60,61,62,60,60,60,60,60,63,64,65,66,67,68,69,70","0.000925064086914062","leiden","edit-xhwikibooks.graphml"
"0.3","0.67","0.03","0.795910585141354","1,1,1,2,3,4,5,6,7,8,9,10,11,11,11,12,13,14,15,16,17,18,19,6,20,20,20,21,22,23,24,25,26,27,28,28,29,30,17,17,17,17,31,32,33,34,17,35,36,37,17,17,17,17,17,38,39,40,41,17,42,17,17,43,44,17,17,17,17,17,45,17,46,47,17,17,17,17,17,17,17,48,49,50,51,52,17,17,17,17,53,54,55,17,17,17,56,17,17,17,17,17,17,17,17,17,17,57,58,59,17,17,17,60,61,62,60,60,60,60,60,63,64,65,66,67,68,69,70","0.00082087516784668","leiden","edit-xhwikibooks.graphml"
"0.29","0.68","0.03","0.795910585141354","1,1,1,2,3,4,5,6,7,8,9,10,11,11,11,12,13,14,15,16,17,18,19,6,20,20,20,21,22,23,24,25,26,27,28,28,29,30,17,17,17,17,31,32,33,34,17,35,36,37,17,17,17,17,17,38,39,40,41,17,42,17,17,43,44,17,17,17,17,17,45,17,46,47,17,17,17,17,17,17,17,48,49,50,51,52,17,17,17,17,53,54,55,17,17,17,56,17,17,17,17,17,17,17,17,17,17,57,58,59,17,17,17,60,61,62,60,60,60,60,60,63,64,65,66,67,68,69,70","0.000823974609375","leiden","edit-xhwikibooks.graphml"
"0.28","0.69","0.03","0.793796855476884","1,1,1,2,3,4,5,6,7,8,9,10,11,11,11,12,13,14,15,16,17,18,19,6,20,20,20,21,22,23,24,25,26,27,28,28,29,30,17,17,17,17,31,32,33,34,17,35,36,37,17,17,17,17,17,38,39,40,41,17,42,17,17,43,44,17,17,17,17,17,45,17,46,47,17,17,17,17,17,17,17,48,49,50,51,52,17,17,17,17,53,54,55,17,17,17,56,17,17,17,17,17,17,17,17,17,17,57,58,59,17,17,17,60,61,62,60,60,60,60,60,63,64,65,66,67,68,69,70","0.000843048095703125","leiden","edit-xhwikibooks.graphml"
"0.27","0.7","0.03","0.795395397974696","1,1,1,2,3,4,5,6,7,8,9,10,11,11,11,12,13,14,15,16,17,18,19,6,20,20,20,21,22,23,24,25,26,27,28,28,29,30,17,17,17,17,31,32,33,34,17,35,36,37,17,17,17,17,17,38,39,40,41,17,42,17,17,43,44,17,17,17,17,17,45,17,46,47,17,17,17,17,17,17,17,48,49,50,51,52,17,17,17,17,53,54,55,17,17,17,56,17,17,17,17,17,17,17,17,17,17,57,58,59,17,17,17,60,61,62,60,60,60,60,60,63,64,65,66,67,68,69,70","0.000936985015869141","leiden","edit-xhwikibooks.graphml"
"0.26","0.71","0.03","0.793299153147638","1,1,1,2,3,4,5,6,7,8,9,10,11,11,11,12,13,14,15,16,17,18,19,6,20,20,20,21,22,23,24,25,26,27,28,28,29,30,17,17,17,17,31,32,33,34,17,35,36,37,17,17,17,17,17,38,39,40,41,17,42,17,17,43,44,17,17,17,17,17,45,17,46,47,17,17,17,17,17,17,17,48,49,50,51,52,17,17,17,17,53,54,55,17,17,17,56,17,17,17,17,17,17,17,17,17,17,57,58,59,17,17,17,60,61,62,60,60,60,60,60,63,64,65,66,67,68,69,70","0.000844001770019531","leiden","edit-xhwikibooks.graphml"
"0.25","0.72","0.03","0.7959625","1,1,1,2,3,4,5,6,7,8,9,10,11,11,11,12,13,14,15,16,17,18,19,6,20,20,20,21,22,23,24,25,26,27,28,28,29,30,17,17,17,17,31,32,33,34,17,35,36,37,17,17,17,17,17,38,39,40,41,17,42,17,17,43,44,17,17,17,17,17,45,17,46,47,17,17,17,17,17,17,17,48,49,50,51,52,17,17,17,17,53,54,55,17,17,17,56,17,17,17,17,17,17,17,17,17,17,57,58,59,17,17,17,60,61,62,60,60,60,60,60,63,64,65,66,67,68,69,70","0.000831842422485352","leiden","edit-xhwikibooks.graphml"
"0.24","0.73","0.03","0.793903616247122","1,1,1,2,3,4,5,6,7,8,9,10,11,11,11,12,13,14,15,16,17,18,19,6,20,20,20,21,22,23,24,25,26,27,28,28,29,30,17,17,17,17,31,32,33,34,17,35,36,37,17,17,17,17,17,38,39,40,41,17,42,17,17,43,44,17,17,17,17,17,45,17,46,47,17,17,17,17,17,17,17,48,49,50,51,52,17,17,17,17,53,54,55,17,17,17,56,17,17,17,17,17,17,17,17,17,17,57,58,59,17,17,17,60,61,62,60,60,60,60,60,63,64,65,66,67,68,69,70","0.000838994979858398","leiden","edit-xhwikibooks.graphml"
"0.23","0.74","0.03","0.793903616247122","1,1,1,2,3,4,5,6,7,8,9,10,11,11,11,12,13,14,15,16,17,18,19,6,20,20,20,21,22,23,24,25,26,27,28,28,29,30,17,17,17,17,31,32,33,34,17,35,36,37,17,17,17,17,17,38,39,40,41,17,42,17,17,43,44,17,17,17,17,17,45,17,46,47,17,17,17,17,17,17,17,48,49,50,51,52,17,17,17,17,53,54,55,17,17,17,56,17,17,17,17,17,17,17,17,17,17,57,58,59,17,17,17,60,61,62,60,60,60,60,60,63,64,65,66,67,68,69,70","0.000843048095703125","leiden","edit-xhwikibooks.graphml"
"0.22","0.75","0.03","0.796918500892326","1,1,1,2,3,4,5,6,7,8,9,10,11,11,11,12,13,14,15,16,17,18,19,6,20,20,20,21,22,23,24,25,26,27,28,28,29,30,17,17,17,17,31,32,33,34,17,35,36,37,17,17,17,17,17,38,39,40,41,17,42,17,17,43,44,17,17,17,17,17,45,17,46,47,17,17,17,17,17,17,17,48,49,50,51,52,17,17,17,17,53,54,55,17,17,17,56,17,17,17,17,17,17,17,17,17,17,57,58,59,17,17,17,60,61,62,60,60,60,60,60,63,64,65,66,67,68,69,70","0.000844955444335938","leiden","edit-xhwikibooks.graphml"
"0.21","0.76","0.03","0.796918500892326","1,1,1,2,3,4,5,6,7,8,9,10,11,11,11,12,13,14,15,16,17,18,19,6,20,20,20,21,22,23,24,25,26,27,28,28,29,30,17,17,17,17,31,32,33,34,17,35,36,37,17,17,17,17,17,38,39,40,41,17,42,17,17,43,44,17,17,17,17,17,45,17,46,47,17,17,17,17,17,17,17,48,49,50,51,52,17,17,17,17,53,54,55,17,17,17,56,17,17,17,17,17,17,17,17,17,17,57,58,59,17,17,17,60,61,62,60,60,60,60,60,63,64,65,66,67,68,69,70","0.000869989395141602","leiden","edit-xhwikibooks.graphml"
"0.2","0.77","0.03","0.798390517485154","1,1,1,2,3,4,5,6,7,8,9,10,11,11,11,12,13,14,15,16,17,18,19,6,20,20,20,21,22,23,24,25,26,27,28,28,29,30,17,17,17,17,31,32,33,34,17,35,36,37,17,17,17,17,17,38,39,40,41,17,42,17,17,43,44,17,17,17,17,17,45,17,46,47,17,17,17,17,17,17,17,48,49,50,51,52,17,17,17,17,53,54,55,17,17,17,56,17,17,17,17,17,17,17,17,17,17,57,58,59,17,17,17,60,61,62,60,60,60,60,60,63,64,65,66,67,68,69,70","0.000870943069458008","leiden","edit-xhwikibooks.graphml"
"0.19","0.78","0.03","0.799168975069252","1,1,1,2,3,4,5,6,7,8,9,10,11,11,11,12,13,14,15,16,17,18,19,6,20,20,20,21,22,23,24,25,26,27,28,28,29,30,17,17,17,17,31,32,33,34,17,35,36,37,17,17,17,17,17,38,39,40,41,17,42,17,17,43,44,17,17,17,17,17,45,17,46,47,17,17,17,17,17,17,17,48,49,50,51,52,17,17,17,17,53,54,55,17,17,17,56,17,17,17,17,17,17,17,17,17,17,57,58,59,17,17,17,60,61,62,60,60,60,60,60,63,64,65,66,67,68,69,70","0.000897884368896484","leiden","edit-xhwikibooks.graphml"
"0.18","0.79","0.03","0.799168975069252","1,1,1,2,3,4,5,6,7,8,9,10,11,11,11,12,13,14,15,16,17,18,19,6,20,20,20,21,22,23,24,25,26,27,28,28,29,30,17,17,17,17,31,32,33,34,17,35,36,37,17,17,17,17,17,38,39,40,41,17,42,17,17,43,44,17,17,17,17,17,45,17,46,47,17,17,17,17,17,17,17,48,49,50,51,52,17,17,17,17,53,54,55,17,17,17,56,17,17,17,17,17,17,17,17,17,17,57,58,59,17,17,17,60,61,62,60,60,60,60,60,63,64,65,66,67,68,69,70","0.00088191032409668","leiden","edit-xhwikibooks.graphml"
"0.17","0.8","0.03","0.801549516189468","1,1,1,2,3,4,5,6,7,8,9,10,11,11,11,12,13,14,15,16,17,18,19,6,20,20,20,21,22,23,24,25,26,27,28,28,29,30,17,17,17,17,31,32,33,34,17,35,36,37,17,17,17,17,17,38,39,40,41,17,42,17,17,43,44,17,17,17,17,17,45,17,46,47,17,17,17,17,17,17,17,48,49,50,51,52,17,17,17,17,53,54,55,17,17,17,56,17,17,17,17,17,17,17,17,17,17,57,58,59,17,17,17,60,61,62,60,60,60,60,60,63,64,65,66,67,68,69,70","0.000908136367797852","leiden","edit-xhwikibooks.graphml"
"0.16","0.81","0.03","0.801549516189468","1,1,1,2,3,4,5,6,7,8,9,10,11,11,11,12,13,14,15,16,17,18,19,6,20,20,20,21,22,23,24,25,26,27,28,28,29,30,17,17,17,17,31,32,33,34,17,35,36,37,17,17,17,17,17,38,39,40,41,17,42,17,17,43,44,17,17,17,17,17,45,17,46,47,17,17,17,17,17,17,17,48,49,50,51,52,17,17,17,17,53,54,55,17,17,17,56,17,17,17,17,17,17,17,17,17,17,57,58,59,17,17,17,60,61,62,60,60,60,60,60,63,64,65,66,67,68,69,70","0.000847101211547852","leiden","edit-xhwikibooks.graphml"
"0.15","0.82","0.03","0.799622237750022","1,1,1,2,3,4,5,6,7,8,9,10,11,11,11,12,13,14,15,16,17,18,19,6,20,20,20,21,22,23,24,25,26,27,28,28,29,30,17,17,17,17,31,32,33,34,17,35,36,37,17,17,17,17,17,38,39,40,41,17,42,17,17,43,44,17,17,17,17,17,45,17,46,47,17,17,17,17,17,17,17,48,49,50,51,52,17,17,17,17,53,54,55,17,17,17,56,17,17,17,17,17,17,17,17,17,17,57,58,59,17,17,17,60,61,62,60,60,60,60,60,63,64,65,66,67,68,69,70","0.000852108001708984","leiden","edit-xhwikibooks.graphml"
"0.14","0.83","0.03","0.799622237750022","1,1,1,2,3,4,5,6,7,8,9,10,11,11,11,12,13,14,15,16,17,18,19,6,20,20,20,21,22,23,24,25,26,27,28,28,29,30,17,17,17,17,31,32,33,34,17,35,36,37,17,17,17,17,17,38,39,40,41,17,42,17,17,43,44,17,17,17,17,17,45,17,46,47,17,17,17,17,17,17,17,48,49,50,51,52,17,17,17,17,53,54,55,17,17,17,56,17,17,17,17,17,17,17,17,17,17,57,58,59,17,17,17,60,61,62,60,60,60,60,60,63,64,65,66,67,68,69,70","0.000870943069458008","leiden","edit-xhwikibooks.graphml"
"0.13","0.84","0.03","0.798814729080933","1,1,1,2,3,4,5,6,7,8,9,10,11,11,11,12,13,14,15,16,17,18,19,6,20,20,20,21,22,23,24,25,26,27,28,28,29,30,17,17,17,17,31,32,33,34,17,35,36,37,17,17,17,17,17,38,39,40,41,17,42,17,17,43,44,17,17,17,17,17,45,17,46,47,17,17,17,17,17,17,17,48,49,50,51,52,17,17,17,17,53,54,55,17,17,17,56,17,17,17,17,17,17,17,17,17,17,57,58,59,17,17,17,60,61,62,60,60,60,60,60,63,64,65,66,67,68,69,70","0.000951051712036133","leiden","edit-xhwikibooks.graphml"
"0.12","0.85","0.03","0.800176261972011","1,1,1,2,3,4,5,6,7,8,9,10,11,11,11,12,13,14,15,16,17,18,19,6,20,20,20,21,22,23,24,25,26,27,28,28,29,30,17,17,17,17,31,32,33,34,17,35,36,37,17,17,17,17,17,38,39,40,41,17,42,17,17,43,44,17,17,17,17,17,45,17,46,47,17,17,17,17,17,17,17,48,49,50,51,52,17,17,17,17,53,54,55,17,17,17,56,17,17,17,17,17,17,17,17,17,17,57,58,59,17,17,17,60,61,62,60,60,60,60,60,63,64,65,66,67,68,69,70","0.000871896743774414","leiden","edit-xhwikibooks.graphml"
"0.11","0.86","0.03","0.800526859504132","1,1,1,2,3,4,5,6,7,8,9,10,11,11,11,12,13,14,15,16,17,18,19,6,20,20,20,21,22,23,24,25,26,27,28,28,29,30,17,17,17,17,31,32,33,34,17,35,36,37,17,17,17,17,17,38,39,40,41,17,42,17,17,43,44,17,17,17,17,17,45,17,46,47,17,17,17,17,17,17,17,48,49,50,51,52,17,17,17,17,53,54,55,17,17,17,56,17,17,17,17,17,17,17,17,17,17,57,58,59,17,17,17,60,61,62,60,60,60,60,60,63,64,65,66,67,68,69,70","0.000838994979858398","leiden","edit-xhwikibooks.graphml"
"0.1","0.87","0.03","0.800526859504132","1,1,1,2,3,4,5,6,7,8,9,10,11,11,11,12,13,14,15,16,17,18,19,6,20,20,20,21,22,23,24,25,26,27,28,28,29,30,17,17,17,17,31,32,33,34,17,35,36,37,17,17,17,17,17,38,39,40,41,17,42,17,17,43,44,17,17,17,17,17,45,17,46,47,17,17,17,17,17,17,17,48,49,50,51,52,17,17,17,17,53,54,55,17,17,17,56,17,17,17,17,17,17,17,17,17,17,57,58,59,17,17,17,60,61,62,60,60,60,60,60,63,64,65,66,67,68,69,70","0.000853061676025391","leiden","edit-xhwikibooks.graphml"
"0.09","0.88","0.03","0.798663008537909","1,1,1,2,3,4,5,6,7,8,9,10,11,11,11,12,13,14,15,16,17,18,19,6,20,20,20,21,22,23,24,25,26,27,28,28,29,30,17,17,17,17,31,32,33,34,17,35,36,37,17,17,17,17,17,38,39,40,41,17,42,17,17,43,44,17,17,17,17,17,45,17,46,47,17,17,17,17,17,17,17,48,49,50,51,52,17,17,17,17,53,54,55,17,17,17,56,17,17,17,17,17,17,17,17,17,17,57,58,59,17,17,17,60,61,62,60,60,60,60,60,63,64,65,66,67,68,69,70","0.000861883163452148","leiden","edit-xhwikibooks.graphml"
"0.08","0.89","0.03","0.801132136178085","1,1,1,2,3,4,5,6,7,8,9,10,11,11,11,12,13,14,15,16,17,18,19,6,20,20,20,21,22,23,24,25,26,27,28,28,29,30,17,17,17,17,31,32,33,34,17,35,36,37,17,17,17,17,17,38,39,40,41,17,42,17,17,43,44,17,17,17,17,17,45,17,46,47,17,17,17,17,17,17,17,48,49,50,51,52,17,17,17,17,53,54,55,17,17,17,56,17,17,17,17,17,17,17,17,17,17,57,58,59,17,17,17,60,61,62,60,60,60,60,60,63,64,65,66,67,68,69,70","0.000864028930664062","leiden","edit-xhwikibooks.graphml"
"0.07","0.9","0.03","0.799296476403061","1,1,1,2,3,4,5,6,7,8,9,10,11,11,11,12,13,14,15,16,17,18,19,6,20,20,20,21,22,23,24,25,26,27,28,28,29,30,17,17,17,17,31,32,33,34,17,35,36,37,17,17,17,17,17,38,39,40,41,17,42,17,17,43,44,17,17,17,17,17,45,17,46,47,17,17,17,17,17,17,17,48,49,50,51,52,17,17,17,17,53,54,55,17,17,17,56,17,17,17,17,17,17,17,17,17,17,57,58,59,17,17,17,60,61,62,60,60,60,60,60,63,64,65,66,67,68,69,70","0.000888824462890625","leiden","edit-xhwikibooks.graphml"
"0.06","0.91","0.03","0.799296476403061","1,1,1,2,3,4,5,6,7,8,9,10,11,11,11,12,13,14,15,16,17,18,19,6,20,20,20,21,22,23,24,25,26,27,28,28,29,30,17,17,17,17,31,32,33,34,17,35,36,37,17,17,17,17,17,38,39,40,41,17,42,17,17,43,44,17,17,17,17,17,45,17,46,47,17,17,17,17,17,17,17,48,49,50,51,52,17,17,17,17,53,54,55,17,17,17,56,17,17,17,17,17,17,17,17,17,17,57,58,59,17,17,17,60,61,62,60,60,60,60,60,63,64,65,66,67,68,69,70","0.000859975814819336","leiden","edit-xhwikibooks.graphml"
"0.05","0.92","0.03","0.797461728395062","1,1,1,2,3,4,5,6,7,8,9,10,11,11,11,12,13,14,15,16,17,18,19,6,20,20,20,21,22,23,24,25,26,27,28,28,29,30,17,17,17,17,31,32,33,34,17,35,36,37,17,17,17,17,17,38,39,40,41,17,42,17,17,43,44,17,17,17,17,17,45,17,46,47,17,17,17,17,17,17,17,48,49,50,51,52,17,17,17,17,53,54,55,17,17,17,56,17,17,17,17,17,17,17,17,17,17,57,58,59,17,17,17,60,61,62,60,60,60,60,60,63,64,65,66,67,68,69,70","0.000863075256347656","leiden","edit-xhwikibooks.graphml"
"0.04","0.93","0.03","0.798760670373561","1,1,1,2,3,4,5,6,7,8,9,10,11,11,11,12,13,14,15,16,17,18,19,6,20,20,20,21,22,23,24,25,26,27,28,28,29,30,17,17,17,17,31,32,33,34,17,35,36,37,17,17,17,17,17,38,39,40,41,17,42,17,17,43,44,17,17,17,17,17,45,17,46,47,17,17,17,17,17,17,17,48,49,50,51,52,17,17,17,17,53,54,55,17,17,17,56,17,17,17,17,17,17,17,17,17,17,57,58,59,17,17,17,60,61,62,60,60,60,60,60,63,64,65,66,67,68,69,70","0.00103998184204102","leiden","edit-xhwikibooks.graphml"
"0.03","0.94","0.03","0.798255232379193","1,1,1,2,3,4,5,6,7,8,9,10,11,11,11,12,13,14,15,16,17,18,19,6,20,20,20,21,22,23,24,25,26,27,28,28,29,30,17,17,17,17,31,32,33,34,17,35,36,37,17,17,17,17,17,38,39,40,41,17,42,17,17,43,44,17,17,17,17,17,45,17,46,47,17,17,17,17,17,17,17,48,49,50,51,52,17,17,17,17,53,54,55,17,17,17,56,17,17,17,17,17,17,17,17,17,17,57,58,59,17,17,17,60,61,62,60,60,60,60,60,63,64,65,66,67,68,69,70","0.00108194351196289","leiden","edit-xhwikibooks.graphml"
"0.02","0.95","0.03","0.798255232379193","1,1,1,2,3,4,5,6,7,8,9,10,11,11,11,12,13,14,15,16,17,18,19,6,20,20,20,21,22,23,24,25,26,27,28,28,29,30,17,17,17,17,31,32,33,34,17,35,36,37,17,17,17,17,17,38,39,40,41,17,42,17,17,43,44,17,17,17,17,17,45,17,46,47,17,17,17,17,17,17,17,48,49,50,51,52,17,17,17,17,53,54,55,17,17,17,56,17,17,17,17,17,17,17,17,17,17,57,58,59,17,17,17,60,61,62,60,60,60,60,60,63,64,65,66,67,68,69,70","0.000900030136108398","leiden","edit-xhwikibooks.graphml"
"0.01","0.96","0.03","0.796447436166359","1,1,1,2,3,4,5,6,7,8,9,10,11,11,11,12,13,14,15,16,17,18,19,6,20,20,20,21,22,23,24,25,26,27,28,28,29,30,17,17,17,17,31,32,33,34,17,35,36,37,17,17,17,17,17,38,39,40,41,17,42,17,17,43,44,17,17,17,17,17,45,17,46,47,17,17,17,17,17,17,17,48,49,50,51,52,17,17,17,17,53,54,55,17,17,17,56,17,17,17,17,17,17,17,17,17,17,57,58,59,17,17,17,60,61,62,60,60,60,60,60,63,64,65,66,67,68,69,70","0.00124788284301758","leiden","edit-xhwikibooks.graphml"
"0","0.97","0.03","0.788620367710428","1,1,1,1,1,2,3,4,5,6,7,8,9,9,9,10,11,12,13,14,15,16,17,4,18,18,18,19,1,20,21,22,23,24,25,25,26,27,15,15,15,15,28,29,30,31,15,32,33,34,15,15,15,15,15,35,36,37,38,15,39,15,15,40,41,15,15,15,15,15,42,15,43,44,15,15,15,15,15,15,15,45,46,47,48,49,15,15,15,15,50,51,52,15,15,15,53,15,15,15,15,15,15,15,15,15,15,54,55,56,15,15,15,57,58,59,57,57,57,57,57,60,61,62,63,64,65,66,67","0.0013117790222168","leiden","edit-xhwikibooks.graphml"
"0.96","0","0.04","0.640263157894737","1,1,1,1,1,2,3,4,2,2,3,3,4,4,4,2,2,3,3,3,6,7,4,4,4,4,4,2,1,2,3,3,3,3,8,8,5,4,6,6,6,6,7,7,7,7,6,7,7,7,6,6,6,6,6,7,7,7,7,6,4,6,6,4,4,6,6,6,6,6,7,6,4,4,6,6,6,6,6,6,6,4,2,2,2,1,6,6,6,6,2,3,3,6,6,6,2,6,6,6,6,6,6,6,6,6,6,3,3,3,6,6,6,8,8,8,8,8,8,8,8,5,5,5,5,5,5,5,5","0.000931978225708008","leiden","edit-xhwikibooks.graphml"
"0.95","0.01","0.04","0.640263157894737","1,1,1,1,1,2,3,4,2,2,3,3,4,4,4,2,2,3,3,3,5,6,4,4,4,4,4,2,1,2,3,3,3,3,7,7,8,4,5,5,5,5,6,6,6,6,5,6,6,6,5,5,5,5,5,6,6,6,6,5,4,5,5,4,4,5,5,5,5,5,6,5,4,4,5,5,5,5,5,5,5,4,2,2,2,1,5,5,5,5,2,3,3,5,5,5,2,5,5,5,5,5,5,5,5,5,5,3,3,3,5,5,5,7,7,7,7,7,7,7,7,8,8,8,8,8,8,8,8","0.000837087631225586","leiden","edit-xhwikibooks.graphml"
"0.94","0.02","0.04","0.640263157894737","1,1,1,1,1,2,3,4,2,2,3,3,4,4,4,2,2,3,3,3,6,7,4,4,4,4,4,2,1,2,3,3,3,3,8,8,5,4,6,6,6,6,7,7,7,7,6,7,7,7,6,6,6,6,6,7,7,7,7,6,4,6,6,4,4,6,6,6,6,6,7,6,4,4,6,6,6,6,6,6,6,4,2,2,2,1,6,6,6,6,2,3,3,6,6,6,2,6,6,6,6,6,6,6,6,6,6,3,3,3,6,6,6,8,8,8,8,8,8,8,8,5,5,5,5,5,5,5,5","0.000867128372192383","leiden","edit-xhwikibooks.graphml"
"0.93","0.03","0.04","0.637359173268277","1,2,1,3,1,3,1,4,3,3,1,1,4,4,4,3,3,1,1,1,6,2,4,4,4,4,4,3,2,3,1,1,1,1,7,7,5,4,6,6,6,6,2,2,2,2,6,2,2,2,6,6,6,6,6,2,2,2,2,6,4,6,6,4,4,6,6,6,6,6,2,6,4,4,6,6,6,6,6,6,6,4,3,3,3,2,6,6,6,6,3,1,1,6,6,6,3,6,6,6,6,6,6,6,6,6,6,1,1,1,6,6,6,7,7,7,7,7,7,7,7,5,5,5,5,5,5,5,5","0.0010221004486084","leiden","edit-xhwikibooks.graphml"
"0.92","0.04","0.04","0.638428222910556","1,1,1,1,1,2,3,4,2,2,3,3,4,4,4,2,2,3,3,3,6,7,4,4,4,4,4,2,1,2,3,3,3,3,8,8,5,4,6,6,6,6,7,7,7,7,6,7,7,7,6,6,6,6,6,7,7,7,7,6,4,6,6,4,4,6,6,6,6,6,7,6,4,4,6,6,6,6,6,6,6,4,2,2,2,1,6,6,6,6,2,3,3,6,6,6,2,6,6,6,6,6,6,6,6,6,6,3,3,3,6,6,6,8,8,8,8,8,8,8,8,5,5,5,5,5,5,5,5","0.000937938690185547","leiden","edit-xhwikibooks.graphml"
"0.91","0.05","0.04","0.628208463406174","1,2,1,1,3,1,3,4,1,1,3,3,4,4,4,1,1,3,3,3,6,2,4,4,4,4,4,1,2,1,3,3,3,3,7,7,5,4,6,6,6,6,2,2,2,2,6,2,2,2,6,6,6,6,6,2,2,2,2,6,8,6,6,4,4,6,6,6,6,6,2,6,4,4,6,6,6,6,6,6,6,4,1,1,1,9,6,6,6,6,10,11,12,6,6,6,1,6,6,6,6,6,6,6,6,6,6,3,3,3,6,6,6,7,7,7,7,7,7,7,7,5,5,5,5,5,5,5,5","0.00108098983764648","leiden","edit-xhwikibooks.graphml"
"0.9","0.06","0.04","0.627702624580877","1,2,1,3,1,3,1,4,3,3,1,1,4,4,4,3,3,1,1,1,7,2,4,4,4,4,4,3,2,3,1,1,1,1,6,6,5,4,7,7,7,7,2,2,2,2,7,2,2,2,7,7,7,7,7,2,2,2,2,7,8,7,7,4,4,7,7,7,7,7,2,7,4,4,7,7,7,7,7,7,7,4,3,3,3,9,7,7,7,7,10,11,12,7,7,7,3,7,7,7,7,7,7,7,7,7,7,1,1,1,7,7,7,6,6,6,6,6,6,6,6,5,5,5,5,5,5,5,5","0.00156688690185547","leiden","edit-xhwikibooks.graphml"
"0.89","0.07","0.04","0.625096514055306","1,1,1,1,3,1,3,1,1,1,3,3,1,1,1,2,1,3,3,3,5,6,1,1,1,1,1,2,1,1,3,3,3,3,7,7,4,1,5,5,5,5,6,6,6,6,5,6,6,6,5,5,5,5,5,6,6,6,6,5,8,5,5,1,1,5,5,5,5,5,6,5,1,1,5,5,5,5,5,5,5,1,2,2,2,9,5,5,5,5,10,11,12,5,5,5,2,5,5,5,5,5,5,5,5,5,5,3,3,3,5,5,5,7,7,7,7,7,7,7,7,4,4,4,4,4,4,4,4","0.00101685523986816","leiden","edit-xhwikibooks.graphml"
"0.88","0.08","0.04","0.628961068356722","1,1,1,1,4,2,4,2,2,2,4,4,2,2,2,3,2,4,4,4,6,7,2,2,2,2,2,3,1,2,4,4,4,4,8,8,5,2,6,6,6,6,7,7,7,7,6,7,7,7,6,6,6,6,6,7,7,7,7,6,9,6,6,2,2,6,6,6,6,6,7,6,2,2,6,6,6,6,6,6,6,2,3,3,3,10,6,6,6,6,11,12,13,6,6,6,3,6,6,6,6,6,6,6,6,6,6,4,4,4,6,6,6,8,8,8,8,8,8,8,8,5,5,5,5,5,5,5,5","0.000838994979858398","leiden","edit-xhwikibooks.graphml"
"0.87","0.09","0.04","0.605349396086264","1,1,1,1,2,1,2,1,1,1,2,2,1,1,1,3,4,2,2,2,5,6,1,1,1,1,1,3,1,7,8,2,2,2,9,9,10,1,5,5,5,5,6,6,6,6,5,6,6,6,5,5,5,5,5,6,6,6,6,5,11,5,5,12,13,5,5,5,5,5,6,5,1,1,5,5,5,5,5,5,5,14,3,3,3,15,5,5,5,5,16,17,18,5,5,5,19,5,5,5,5,5,5,5,5,5,5,20,21,5,5,5,5,9,9,9,9,9,9,9,9,10,10,10,10,10,10,10,10","0.000913143157958984","leiden","edit-xhwikibooks.graphml"
"0.86","0.1","0.04","0.605349396086264","1,1,1,1,2,1,2,1,1,1,2,2,1,1,1,3,4,2,2,2,5,6,1,1,1,1,1,3,1,7,8,2,2,2,9,9,10,1,5,5,5,5,6,6,6,6,5,6,6,6,5,5,5,5,5,6,6,6,6,5,11,5,5,12,13,5,5,5,5,5,6,5,1,1,5,5,5,5,5,5,5,14,3,3,3,15,5,5,5,5,16,17,18,5,5,5,19,5,5,5,5,5,5,5,5,5,5,20,21,5,5,5,5,9,9,9,9,9,9,9,9,10,10,10,10,10,10,10,10","0.000903129577636719","leiden","edit-xhwikibooks.graphml"
"0.85","0.11","0.04","0.603179012345679","1,2,1,1,1,3,1,3,3,3,1,1,3,3,3,4,5,1,1,1,6,2,3,3,3,3,3,4,2,7,8,1,1,1,9,9,10,3,6,6,6,6,2,2,2,2,6,2,2,2,6,6,6,6,6,2,2,2,2,6,11,6,6,12,13,6,6,6,6,6,2,6,3,3,6,6,6,6,6,6,6,14,4,4,4,15,6,6,6,6,16,17,18,6,6,6,19,6,6,6,6,6,6,6,6,6,6,20,21,6,6,6,6,9,9,9,9,9,9,9,9,10,10,10,10,10,10,10,10","0.000967979431152344","leiden","edit-xhwikibooks.graphml"
"0.84","0.12","0.04","0.609829730708852","1,2,1,1,1,3,1,3,3,3,1,1,3,3,3,4,5,1,1,1,6,2,3,3,3,3,3,4,2,7,8,1,1,1,9,9,10,3,6,6,6,6,2,2,2,2,6,2,2,2,6,6,6,6,6,2,2,2,2,6,11,6,6,12,13,6,6,6,6,6,2,6,3,3,6,6,6,6,6,6,6,14,4,4,4,15,6,6,6,6,16,17,18,6,6,6,19,6,6,6,6,6,6,6,6,6,6,20,21,6,6,6,6,9,9,9,9,9,9,9,9,10,10,10,10,10,10,10,10","0.000890970230102539","leiden","edit-xhwikibooks.graphml"
"0.83","0.13","0.04","0.571443576905571","1,1,1,2,3,2,4,2,2,2,4,5,2,2,2,2,6,7,4,8,9,1,10,2,2,2,2,2,1,11,12,13,8,14,4,4,15,2,9,9,9,9,1,1,1,1,9,1,1,1,9,9,9,9,9,1,1,1,1,9,16,9,9,17,18,9,9,9,9,9,1,9,19,20,9,9,9,9,9,9,9,21,22,23,24,25,9,9,9,9,26,27,28,9,9,9,29,9,9,9,9,9,9,9,9,9,9,30,31,9,9,9,9,4,4,4,4,4,4,4,4,15,15,15,15,15,15,15,15","0.00094294548034668","leiden","edit-xhwikibooks.graphml"
"0.82","0.14","0.04","0.571443576905571","1,1,1,2,3,2,4,2,2,2,4,5,2,2,2,2,6,7,4,8,9,1,10,2,2,2,2,2,1,11,12,13,8,14,4,4,15,2,9,9,9,9,1,1,1,1,9,1,1,1,9,9,9,9,9,1,1,1,1,9,16,9,9,17,18,9,9,9,9,9,1,9,19,20,9,9,9,9,9,9,9,21,22,23,24,25,9,9,9,9,26,27,28,9,9,9,29,9,9,9,9,9,9,9,9,9,9,30,31,9,9,9,9,4,4,4,4,4,4,4,4,15,15,15,15,15,15,15,15","0.000978946685791016","leiden","edit-xhwikibooks.graphml"
"0.81","0.15","0.04","0.576257436452136","1,1,1,2,3,2,4,2,2,2,4,5,2,2,2,2,6,7,4,8,9,1,10,2,2,2,2,2,1,11,12,13,8,14,4,4,15,2,9,9,9,9,1,1,1,1,9,1,1,1,9,9,9,9,9,1,1,1,1,9,16,9,9,17,18,9,9,9,9,9,1,9,19,20,9,9,9,9,9,9,9,21,22,23,24,25,9,9,9,9,26,27,28,9,9,9,29,9,9,9,9,9,9,9,9,9,9,30,31,9,9,9,9,4,4,4,4,4,4,4,4,15,15,15,15,15,15,15,15","0.000925779342651367","leiden","edit-xhwikibooks.graphml"
"0.8","0.16","0.04","0.579671890139998","1,1,1,2,3,2,4,2,2,2,4,5,2,2,2,2,6,7,4,8,9,10,11,2,2,2,2,2,1,12,13,14,8,15,4,4,16,2,9,9,9,9,10,10,10,10,9,10,10,10,9,9,9,9,9,10,10,10,10,9,17,9,9,18,19,9,9,9,9,9,10,9,20,21,9,9,9,9,9,9,9,22,23,24,25,26,9,9,9,9,27,28,29,9,9,9,30,9,9,9,9,9,9,9,9,9,9,31,32,9,9,9,9,4,4,4,4,4,4,4,4,16,16,16,16,16,16,16,16","0.000978946685791016","leiden","edit-xhwikibooks.graphml"
"0.79","0.17","0.04","0.569361817198486","1,1,1,2,3,2,4,2,2,2,5,6,2,2,2,2,7,8,9,10,11,12,13,2,2,2,2,2,1,14,15,16,17,18,9,9,19,2,11,11,11,11,12,12,12,12,11,12,12,12,11,11,11,11,11,12,12,12,12,11,20,11,11,21,22,11,11,11,11,11,12,11,23,24,11,11,11,11,11,11,11,25,26,27,28,29,11,11,11,11,30,31,32,11,11,11,33,11,11,11,11,11,11,11,11,11,11,34,35,11,11,11,11,9,9,9,9,9,9,9,9,19,19,19,19,19,19,19,19","0.00105190277099609","leiden","edit-xhwikibooks.graphml"
"0.78","0.18","0.04","0.569361817198486","1,1,1,2,3,2,4,2,2,2,5,6,2,2,2,2,7,8,9,10,11,12,13,2,2,2,2,2,1,14,15,16,17,18,9,9,19,2,11,11,11,11,12,12,12,12,11,12,12,12,11,11,11,11,11,12,12,12,12,11,20,11,11,21,22,11,11,11,11,11,12,11,23,24,11,11,11,11,11,11,11,25,26,27,28,29,11,11,11,11,30,31,32,11,11,11,33,11,11,11,11,11,11,11,11,11,11,34,35,11,11,11,11,9,9,9,9,9,9,9,9,19,19,19,19,19,19,19,19","0.00102806091308594","leiden","edit-xhwikibooks.graphml"
"0.77","0.19","0.04","0.567209061445421","1,1,1,2,3,2,4,2,2,2,5,6,2,2,2,2,7,8,9,10,11,12,13,2,2,2,2,2,1,14,15,16,17,18,9,9,19,2,11,11,11,11,12,12,12,12,11,12,12,12,11,11,11,11,11,12,12,12,12,11,20,11,11,21,22,11,11,11,11,11,12,11,23,24,11,11,11,11,11,11,11,25,26,27,28,29,11,11,11,11,30,31,32,11,11,11,33,11,11,11,11,11,11,11,11,11,11,34,35,11,11,11,11,9,9,9,9,9,9,9,9,19,19,19,19,19,19,19,19","0.00102591514587402","leiden","edit-xhwikibooks.graphml"
"0.76","0.2","0.04","0.578060433884298","1,1,1,2,3,2,4,2,2,2,5,6,2,2,2,2,7,8,9,10,11,12,13,2,2,2,2,2,1,14,15,16,17,18,9,9,19,2,11,11,11,11,12,12,12,12,11,12,12,12,11,11,11,11,11,12,12,12,12,11,20,11,11,21,22,11,11,11,11,11,12,11,23,24,11,11,11,11,11,11,11,25,26,27,28,29,11,11,11,11,30,31,32,11,11,11,33,11,11,11,11,11,11,11,11,11,11,34,35,11,11,11,11,9,9,9,9,9,9,9,9,19,19,19,19,19,19,19,19","0.00103306770324707","leiden","edit-xhwikibooks.graphml"
"0.75","0.21","0.04","0.556410519476078","1,1,1,2,3,1,4,1,5,6,7,8,1,5,5,1,9,10,11,12,13,14,15,5,5,5,5,16,17,18,19,20,21,22,11,11,23,5,13,13,13,13,14,14,14,14,13,14,14,14,13,13,13,13,13,14,14,14,14,13,24,13,13,25,26,13,13,13,13,13,14,13,27,28,13,13,13,13,13,13,13,29,30,31,32,33,13,13,13,13,34,35,36,13,13,13,37,13,13,13,13,13,13,13,13,13,13,38,39,13,13,13,13,11,11,11,11,11,11,11,11,23,23,23,23,23,23,23,23","0.000910043716430664","leiden","edit-xhwikibooks.graphml"
"0.74","0.22","0.04","0.556410519476078","1,1,1,2,3,1,4,1,5,6,7,8,1,5,5,1,9,10,11,12,13,14,15,5,5,5,5,16,17,18,19,20,21,22,11,11,23,5,13,13,13,13,14,14,14,14,13,14,14,14,13,13,13,13,13,14,14,14,14,13,24,13,13,25,26,13,13,13,13,13,14,13,27,28,13,13,13,13,13,13,13,29,30,31,32,33,13,13,13,13,34,35,36,13,13,13,37,13,13,13,13,13,13,13,13,13,13,38,39,13,13,13,13,11,11,11,11,11,11,11,11,23,23,23,23,23,23,23,23","0.000916957855224609","leiden","edit-xhwikibooks.graphml"
"0.73","0.23","0.04","0.562095389087066","1,1,1,2,3,1,4,1,5,6,7,8,1,5,5,1,9,10,11,12,13,14,15,5,5,5,5,16,17,18,19,20,21,22,11,11,23,5,13,13,13,13,14,14,14,14,13,14,14,14,13,13,13,13,13,14,14,14,14,13,24,13,13,25,26,13,13,13,13,13,14,13,27,28,13,13,13,13,13,13,13,29,30,31,32,33,13,13,13,13,34,35,36,13,13,13,37,13,13,13,13,13,13,13,13,13,13,38,39,13,13,13,13,11,11,11,11,11,11,11,11,23,23,23,23,23,23,23,23","0.000967979431152344","leiden","edit-xhwikibooks.graphml"
"0.72","0.24","0.04","0.565910204081633","1,1,1,2,3,1,4,1,5,6,7,8,1,5,5,1,9,10,11,12,13,14,15,5,5,5,5,16,17,18,19,20,21,22,11,11,23,5,13,13,13,13,14,14,14,14,13,14,14,14,13,13,13,13,13,14,14,14,14,13,24,13,13,25,26,13,13,13,13,13,14,13,27,28,13,13,13,13,13,13,13,29,30,31,32,33,13,13,13,13,34,35,36,13,13,13,37,13,13,13,13,13,13,13,13,13,13,38,39,13,13,13,13,11,11,11,11,11,11,11,11,23,23,23,23,23,23,23,23","0.00104999542236328","leiden","edit-xhwikibooks.graphml"
"0.71","0.25","0.04","0.564404700413223","1,1,1,2,3,1,4,1,5,6,7,8,9,5,5,10,11,12,13,14,15,16,17,5,5,5,5,18,19,20,21,22,23,24,13,13,25,26,15,15,15,15,16,16,16,16,15,16,16,16,15,15,15,15,15,16,16,16,16,15,27,15,15,28,29,15,15,15,15,15,16,15,30,31,15,15,15,15,15,15,15,32,33,34,35,36,15,15,15,15,37,38,39,15,15,15,40,15,15,15,15,15,15,15,15,15,15,41,42,15,15,15,15,13,13,13,13,13,13,13,13,25,25,25,25,25,25,25,25","0.000932931900024414","leiden","edit-xhwikibooks.graphml"
"0.7","0.26","0.04","0.564404700413223","1,1,1,2,3,1,4,1,5,6,7,8,9,5,5,10,11,12,13,14,15,16,17,5,5,5,5,18,19,20,21,22,23,24,13,13,25,26,15,15,15,15,16,16,16,16,15,16,16,16,15,15,15,15,15,16,16,16,16,15,27,15,15,28,29,15,15,15,15,15,16,15,30,31,15,15,15,15,15,15,15,32,33,34,35,36,15,15,15,15,37,38,39,15,15,15,40,15,15,15,15,15,15,15,15,15,15,41,42,15,15,15,15,13,13,13,13,13,13,13,13,25,25,25,25,25,25,25,25","0.000928163528442383","leiden","edit-xhwikibooks.graphml"
"0.69","0.27","0.04","0.564404700413223","1,1,1,2,3,1,4,1,5,6,7,8,9,5,5,10,11,12,13,14,15,16,17,5,5,5,5,18,19,20,21,22,23,24,13,13,25,26,15,15,15,15,16,16,16,16,15,16,16,16,15,15,15,15,15,16,16,16,16,15,27,15,15,28,29,15,15,15,15,15,16,15,30,31,15,15,15,15,15,15,15,32,33,34,35,36,15,15,15,15,37,38,39,15,15,15,40,15,15,15,15,15,15,15,15,15,15,41,42,15,15,15,15,13,13,13,13,13,13,13,13,25,25,25,25,25,25,25,25","0.000925064086914062","leiden","edit-xhwikibooks.graphml"
"0.68","0.28","0.04","0.56225861023333","1,1,1,2,3,1,4,1,5,6,7,8,9,5,5,10,11,12,13,14,15,16,17,5,5,5,5,18,19,20,21,22,23,24,13,13,25,26,15,15,15,15,16,16,16,16,15,16,16,16,15,15,15,15,15,16,16,16,16,15,27,15,15,28,29,15,15,15,15,15,16,15,30,31,15,15,15,15,15,15,15,32,33,34,35,36,15,15,15,15,37,38,39,15,15,15,40,15,15,15,15,15,15,15,15,15,15,41,42,15,15,15,15,13,13,13,13,13,13,13,13,25,25,25,25,25,25,25,25","0.000929117202758789","leiden","edit-xhwikibooks.graphml"
"0.67","0.29","0.04","0.558971428571429","1,1,1,2,3,4,5,6,7,8,9,10,11,6,6,12,13,14,15,16,17,1,18,19,6,6,6,20,21,22,23,24,25,26,15,15,27,28,17,17,17,17,1,1,1,1,17,1,1,1,17,17,17,17,17,1,1,1,1,17,29,17,17,30,31,17,17,17,17,17,1,17,32,33,17,17,17,17,17,17,17,34,35,36,37,38,17,17,17,17,39,40,41,17,17,17,42,17,17,17,17,17,17,17,17,17,17,43,44,17,17,17,17,15,15,15,15,15,15,15,15,27,27,27,27,27,27,27,27","0.00093388557434082","leiden","edit-xhwikibooks.graphml"
"0.66","0.3","0.04","0.556834323347107","1,1,1,2,3,4,5,6,7,8,9,10,11,6,6,12,13,14,15,16,17,1,18,19,6,6,6,20,21,22,23,24,25,26,15,15,27,28,17,17,17,17,1,1,1,1,17,1,1,1,17,17,17,17,17,1,1,1,1,17,29,17,17,30,31,17,17,17,17,17,1,17,32,33,17,17,17,17,17,17,17,34,35,36,37,38,17,17,17,17,39,40,41,17,17,17,42,17,17,17,17,17,17,17,17,17,17,43,44,17,17,17,17,15,15,15,15,15,15,15,15,27,27,27,27,27,27,27,27","0.000955104827880859","leiden","edit-xhwikibooks.graphml"
"0.65","0.31","0.04","0.560471128985924","1,1,1,2,3,4,5,6,7,8,9,10,11,6,6,12,13,14,15,16,17,18,19,20,6,6,6,21,22,23,24,25,26,27,15,15,28,29,17,17,17,17,18,18,18,18,17,18,18,18,17,17,17,17,17,18,18,18,18,17,30,17,17,31,32,17,17,17,17,17,18,17,33,34,17,17,17,17,17,17,17,35,36,37,38,39,17,17,17,17,40,41,42,17,17,17,43,17,17,17,17,17,17,17,17,17,17,44,45,17,17,17,17,15,15,15,15,15,15,15,15,28,28,28,28,28,28,28,28","0.000962972640991211","leiden","edit-xhwikibooks.graphml"
"0.64","0.32","0.04","0.562716519459443","1,1,1,2,3,4,5,6,7,8,9,10,11,6,6,12,13,14,15,16,17,18,19,20,6,6,6,21,22,23,24,25,26,27,15,15,28,29,17,17,17,17,18,18,18,18,17,18,18,18,17,17,17,17,17,18,18,18,18,17,30,17,17,31,32,17,17,17,17,17,18,17,33,34,17,17,17,17,17,17,17,35,36,37,38,39,17,17,17,17,40,41,42,17,17,17,43,17,17,17,17,17,17,17,17,17,17,44,45,17,17,17,17,15,15,15,15,15,15,15,15,28,28,28,28,28,28,28,28","0.000938892364501953","leiden","edit-xhwikibooks.graphml"
"0.63","0.33","0.04","0.508056321672231","1,1,1,2,3,4,5,6,7,8,9,10,11,12,12,13,14,15,16,17,18,19,20,21,12,12,12,22,23,24,25,26,27,28,16,16,12,29,18,18,18,18,19,19,19,19,18,19,19,19,18,18,18,18,18,19,19,19,19,18,30,18,18,31,32,18,18,18,18,18,19,18,33,34,18,18,18,18,18,18,18,35,36,37,38,39,18,18,18,18,40,41,42,18,18,18,43,18,18,18,18,18,18,18,18,18,18,44,45,18,18,18,18,16,46,47,16,16,16,16,16,48,49,50,51,52,53,54,55","0.00104999542236328","leiden","edit-xhwikibooks.graphml"
"0.62","0.34","0.04","0.570464882024358","1,1,1,2,3,4,5,6,7,8,9,10,11,12,12,13,14,15,16,17,18,19,20,21,12,12,12,22,23,24,25,26,27,28,16,16,12,29,18,18,18,18,19,19,19,19,18,19,19,19,18,18,18,18,18,19,19,19,19,18,30,18,18,31,32,18,18,18,18,18,19,18,33,34,18,18,18,18,18,18,18,35,36,37,38,39,18,18,18,18,40,41,42,18,18,18,43,18,18,18,18,18,18,18,18,18,18,44,45,18,18,18,18,16,46,47,16,16,16,16,16,48,49,50,51,52,53,54,55","0.00102519989013672","leiden","edit-xhwikibooks.graphml"
"0.61","0.35","0.04","0.570464882024358","1,1,1,2,3,4,5,6,7,8,9,10,11,12,12,13,14,15,16,17,18,19,20,21,12,12,12,22,23,24,25,26,27,28,16,16,12,29,18,18,18,18,19,19,19,19,18,19,19,19,18,18,18,18,18,19,19,19,19,18,30,18,18,31,32,18,18,18,18,18,19,18,33,34,18,18,18,18,18,18,18,35,36,37,38,39,18,18,18,18,40,41,42,18,18,18,43,18,18,18,18,18,18,18,18,18,18,44,45,18,18,18,18,16,46,47,16,16,16,16,16,48,49,50,51,52,53,54,55","0.0010530948638916","leiden","edit-xhwikibooks.graphml"
"0.6","0.36","0.04","0.568319043593769","1,1,1,2,3,4,5,6,7,8,9,10,11,12,12,13,14,15,16,17,18,19,20,21,12,12,12,22,23,24,25,26,27,28,16,16,12,29,18,18,18,18,19,19,19,19,18,19,19,19,18,18,18,18,18,19,19,19,19,18,30,18,18,31,32,18,18,18,18,18,19,18,33,34,18,18,18,18,18,18,18,35,36,37,38,39,18,18,18,18,40,41,42,18,18,18,43,18,18,18,18,18,18,18,18,18,18,44,45,18,18,18,18,16,46,47,16,16,16,16,16,48,49,50,51,52,53,54,55","0.00102901458740234","leiden","edit-xhwikibooks.graphml"
"0.59","0.37","0.04","0.564573730960593","1,1,1,2,3,4,5,6,7,8,9,10,11,12,12,13,14,15,16,17,18,19,20,21,12,12,12,22,23,24,25,26,27,28,16,16,12,29,18,18,18,18,19,19,19,19,18,19,19,19,18,18,18,18,18,19,19,19,19,18,30,18,18,31,32,18,18,18,18,18,19,18,33,34,18,18,18,18,18,18,18,35,36,37,38,39,18,18,18,18,40,41,42,18,18,18,43,18,18,18,18,18,18,18,18,18,18,44,45,18,18,18,18,16,46,47,16,16,16,16,16,48,49,50,51,52,53,54,55","0.0012969970703125","leiden","edit-xhwikibooks.graphml"
"0.58","0.38","0.04","0.562432073421084","1,1,1,2,3,4,5,6,7,8,9,10,11,12,12,13,14,15,16,17,18,19,20,21,12,12,12,22,23,24,25,26,27,28,16,16,12,29,18,18,18,18,19,19,19,19,18,19,19,19,18,18,18,18,18,19,19,19,19,18,30,18,18,31,32,18,18,18,18,18,19,18,33,34,18,18,18,18,18,18,18,35,36,37,38,39,18,18,18,18,40,41,42,18,18,18,43,18,18,18,18,18,18,18,18,18,18,44,45,18,18,18,18,16,46,47,16,16,16,16,16,48,49,50,51,52,53,54,55","0.000798225402832031","leiden","edit-xhwikibooks.graphml"
"0.57","0.39","0.04","0.566066469587029","1,1,1,2,3,4,5,6,7,8,9,10,11,12,12,13,14,15,16,17,18,19,20,21,12,12,12,22,23,24,25,26,27,28,16,16,12,29,18,18,18,18,19,19,19,19,18,19,19,19,18,18,18,18,18,19,19,19,19,18,30,18,18,31,32,18,18,18,18,18,19,18,33,34,18,18,18,18,18,18,18,35,36,37,38,39,18,18,18,18,40,41,42,18,18,18,43,18,18,18,18,18,18,18,18,18,18,44,45,18,18,18,18,16,46,47,16,16,16,16,16,48,49,50,51,52,53,54,55","0.00100302696228027","leiden","edit-xhwikibooks.graphml"
"0.56","0.4","0.04","0.576138865852612","1,1,1,2,3,4,5,6,7,8,9,10,11,12,12,13,14,15,16,17,18,19,20,21,12,12,12,22,23,24,25,26,27,28,16,16,12,29,18,18,18,18,19,19,19,19,18,19,19,19,18,18,18,18,18,19,19,19,19,18,30,18,18,31,32,18,18,18,18,18,19,18,33,34,18,18,18,18,18,18,18,35,36,37,38,39,18,18,18,18,40,41,42,18,18,18,43,18,18,18,18,18,18,18,18,18,18,44,45,18,18,18,18,16,46,47,16,16,16,16,16,48,49,50,51,52,53,54,55","0.000823020935058594","leiden","edit-xhwikibooks.graphml"
"0.55","0.41","0.04","0.568082466918714","1,1,1,2,3,4,5,6,7,8,9,10,11,12,12,13,14,15,16,17,18,19,20,21,22,12,23,24,25,26,27,28,29,30,31,31,12,32,18,18,18,18,19,19,19,19,18,19,19,19,18,18,18,18,18,19,19,19,19,18,33,18,18,34,35,18,18,18,18,18,19,18,36,37,18,18,18,18,18,18,18,38,39,40,41,42,18,18,18,18,43,44,45,18,18,18,46,18,18,18,18,18,18,18,18,18,18,47,48,18,18,18,18,31,49,50,31,31,31,31,31,51,52,53,54,55,56,57,58","0.00106596946716309","leiden","edit-xhwikibooks.graphml"
"0.54","0.42","0.04","0.570008093421205","1,1,1,2,3,4,5,6,7,8,9,10,11,12,12,13,14,15,16,17,18,19,20,21,22,12,23,24,25,26,27,28,29,30,31,31,12,32,18,18,18,18,19,19,19,19,18,19,19,19,18,18,18,18,18,19,19,19,19,18,33,18,18,34,35,18,18,18,18,18,19,18,36,37,18,18,18,18,18,18,18,38,39,40,41,42,18,18,18,18,43,44,45,18,18,18,46,18,18,18,18,18,18,18,18,18,18,47,48,18,18,18,18,31,49,50,31,31,31,31,31,51,52,53,54,55,56,57,58","0.000973939895629883","leiden","edit-xhwikibooks.graphml"
"0.53","0.43","0.04","0.577071072883658","1,1,1,2,3,4,5,6,7,8,9,10,11,12,12,13,14,15,16,17,18,19,20,21,22,12,23,24,25,26,27,28,29,30,31,31,12,32,18,18,18,18,19,19,19,19,18,19,19,19,18,18,18,18,18,19,19,19,19,18,33,18,18,34,35,18,18,18,18,18,19,18,36,37,18,18,18,18,18,18,18,38,39,40,41,42,18,18,18,18,43,44,45,18,18,18,46,18,18,18,18,18,18,18,18,18,18,47,48,18,18,18,18,31,49,50,31,31,31,31,31,51,52,53,54,55,56,57,58","0.00109195709228516","leiden","edit-xhwikibooks.graphml"
"0.52","0.44","0.04","0.574955908289242","1,1,1,2,3,4,5,6,7,8,9,10,11,12,12,13,14,15,16,17,18,19,20,21,22,12,23,24,25,26,27,28,29,30,31,31,12,32,18,18,18,18,19,19,19,19,18,19,19,19,18,18,18,18,18,19,19,19,19,18,33,18,18,34,35,18,18,18,18,18,19,18,36,37,18,18,18,18,18,18,18,38,39,40,41,42,18,18,18,18,43,44,45,18,18,18,46,18,18,18,18,18,18,18,18,18,18,47,48,18,18,18,18,31,49,50,31,31,31,31,31,51,52,53,54,55,56,57,58","0.000975847244262695","leiden","edit-xhwikibooks.graphml"
"0.51","0.45","0.04","0.578781163434903","1,1,1,2,3,4,5,6,7,8,9,10,11,12,12,13,14,15,16,17,18,19,20,21,22,23,24,25,26,27,28,29,30,31,32,32,12,33,18,18,18,18,19,19,19,19,18,19,19,19,18,18,18,18,18,19,19,19,19,18,34,18,18,35,36,18,18,18,18,18,19,18,37,38,18,18,18,18,18,18,18,39,40,41,42,43,18,18,18,18,44,45,46,18,18,18,47,18,18,18,18,18,18,18,18,18,18,48,49,18,18,18,18,32,50,51,32,32,32,32,32,52,53,54,55,56,57,58,59","0.00104689598083496","leiden","edit-xhwikibooks.graphml"
"0.5","0.46","0.04","0.57668375318659","1,1,1,2,3,4,5,6,7,8,9,10,11,12,12,13,14,15,16,17,18,19,20,21,22,23,24,25,26,27,28,29,30,31,32,32,12,33,18,18,18,18,19,19,19,19,18,19,19,19,18,18,18,18,18,19,19,19,19,18,34,18,18,35,36,18,18,18,18,18,19,18,37,38,18,18,18,18,18,18,18,39,40,41,42,43,18,18,18,18,44,45,46,18,18,18,47,18,18,18,18,18,18,18,18,18,18,48,49,18,18,18,18,32,50,51,32,32,32,32,32,52,53,54,55,56,57,58,59","0.00104498863220215","leiden","edit-xhwikibooks.graphml"
"0.49","0.47","0.04","0.579996744791667","1,1,1,2,3,4,5,6,7,8,9,10,11,12,12,13,14,15,16,17,18,19,20,21,22,23,24,25,26,27,28,29,30,31,32,32,12,33,18,18,18,18,19,19,19,19,18,19,19,19,18,18,18,18,18,19,19,19,19,18,34,18,18,35,36,18,18,18,18,18,19,18,37,38,18,18,18,18,18,18,18,39,40,41,42,43,18,18,18,18,44,45,46,18,18,18,47,18,18,18,18,18,18,18,18,18,18,48,49,18,18,18,18,32,50,51,32,32,32,32,32,52,53,54,55,56,57,58,59","0.0010230541229248","leiden","edit-xhwikibooks.graphml"
"0.48","0.48","0.04","0.577921554941072","1,1,1,2,3,4,5,6,7,8,9,10,11,12,12,13,14,15,16,17,18,19,20,21,22,23,24,25,26,27,28,29,30,31,32,32,12,33,18,18,18,18,19,19,19,19,18,19,19,19,18,18,18,18,18,19,19,19,19,18,34,18,18,35,36,18,18,18,18,18,19,18,37,38,18,18,18,18,18,18,18,39,40,41,42,43,18,18,18,18,44,45,46,18,18,18,47,18,18,18,18,18,18,18,18,18,18,48,49,18,18,18,18,32,50,51,32,32,32,32,32,52,53,54,55,56,57,58,59","0.00103402137756348","leiden","edit-xhwikibooks.graphml"
"0.47","0.49","0.04","0.509182190513939","1,1,1,2,3,4,5,6,7,8,9,10,11,12,12,13,14,15,16,17,18,1,19,20,21,22,23,24,25,26,27,28,29,30,31,31,12,32,18,18,18,18,33,34,35,36,18,37,38,39,18,18,18,18,18,40,41,42,43,18,44,18,18,45,46,18,18,18,18,18,47,18,48,49,18,18,18,18,18,18,18,50,51,52,53,54,18,18,18,18,55,56,57,18,18,18,58,18,18,18,18,18,18,18,18,18,18,59,60,18,18,18,18,31,61,62,31,31,31,31,31,63,64,65,66,67,68,69,70","0.000955104827880859","leiden","edit-xhwikibooks.graphml"
"0.46","0.5","0.04","0.652655282416964","1,1,1,2,3,4,5,6,7,8,9,10,11,11,11,12,13,14,15,16,17,1,18,6,19,19,19,20,21,22,23,24,25,26,27,27,11,28,17,17,17,17,29,30,31,32,17,33,34,35,17,17,17,17,17,36,37,38,39,17,40,17,17,41,42,17,17,17,17,17,43,17,44,45,17,17,17,17,17,17,17,46,47,48,49,50,17,17,17,17,51,52,53,17,17,17,54,17,17,17,17,17,17,17,17,17,17,55,56,57,17,17,17,27,58,59,27,27,27,27,27,60,61,62,63,64,65,66,67","0.00122690200805664","leiden","edit-xhwikibooks.graphml"
"0.45","0.51","0.04","0.652655282416964","1,1,1,2,3,4,5,6,7,8,9,10,11,11,11,12,13,14,15,16,17,1,18,6,19,19,19,20,21,22,23,24,25,26,27,27,11,28,17,17,17,17,29,30,31,32,17,33,34,35,17,17,17,17,17,36,37,38,39,17,40,17,17,41,42,17,17,17,17,17,43,17,44,45,17,17,17,17,17,17,17,46,47,48,49,50,17,17,17,17,51,52,53,17,17,17,54,17,17,17,17,17,17,17,17,17,17,55,56,57,17,17,17,27,58,59,27,27,27,27,27,60,61,62,63,64,65,66,67","0.00109100341796875","leiden","edit-xhwikibooks.graphml"
"0.44","0.52","0.04","0.652655282416964","1,1,1,2,3,4,5,6,7,8,9,10,11,11,11,12,13,14,15,16,17,1,18,6,19,19,19,20,21,22,23,24,25,26,27,27,11,28,17,17,17,17,29,30,31,32,17,33,34,35,17,17,17,17,17,36,37,38,39,17,40,17,17,41,42,17,17,17,17,17,43,17,44,45,17,17,17,17,17,17,17,46,47,48,49,50,17,17,17,17,51,52,53,17,17,17,54,17,17,17,17,17,17,17,17,17,17,55,56,57,17,17,17,27,58,59,27,27,27,27,27,60,61,62,63,64,65,66,67","0.00113296508789062","leiden","edit-xhwikibooks.graphml"
"0.43","0.53","0.04","0.650826446280992","1,1,1,2,3,4,5,6,7,8,9,10,11,11,11,12,13,14,15,16,17,1,18,6,19,19,19,20,21,22,23,24,25,26,27,27,11,28,17,17,17,17,29,30,31,32,17,33,34,35,17,17,17,17,17,36,37,38,39,17,40,17,17,41,42,17,17,17,17,17,43,17,44,45,17,17,17,17,17,17,17,46,47,48,49,50,17,17,17,17,51,52,53,17,17,17,54,17,17,17,17,17,17,17,17,17,17,55,56,57,17,17,17,27,58,59,27,27,27,27,27,60,61,62,63,64,65,66,67","0.00110197067260742","leiden","edit-xhwikibooks.graphml"
"0.42","0.54","0.04","0.653262627710325","1,1,1,2,3,4,5,6,7,8,9,10,11,11,11,12,13,14,15,16,17,1,18,6,19,19,19,20,21,22,23,24,25,26,27,27,11,28,17,17,17,17,29,30,31,32,17,33,34,35,17,17,17,17,17,36,37,38,39,17,40,17,17,41,42,17,17,17,17,17,43,17,44,45,17,17,17,17,17,17,17,46,47,48,49,50,17,17,17,17,51,52,53,17,17,17,54,17,17,17,17,17,17,17,17,17,17,55,56,57,17,17,17,27,58,59,27,27,27,27,27,60,61,62,63,64,65,66,67","0.00114703178405762","leiden","edit-xhwikibooks.graphml"
"0.41","0.55","0.04","0.651448746043341","1,1,1,2,3,4,5,6,7,8,9,10,11,11,11,12,13,14,15,16,17,1,18,6,19,19,19,20,21,22,23,24,25,26,27,27,11,28,17,17,17,17,29,30,31,32,17,33,34,35,17,17,17,17,17,36,37,38,39,17,40,17,17,41,42,17,17,17,17,17,43,17,44,45,17,17,17,17,17,17,17,46,47,48,49,50,17,17,17,17,51,52,53,17,17,17,54,17,17,17,17,17,17,17,17,17,17,55,56,57,17,17,17,27,58,59,27,27,27,27,27,60,61,62,63,64,65,66,67","0.00113296508789062","leiden","edit-xhwikibooks.graphml"
"0.4","0.56","0.04","0.655452806122449","1,1,1,2,3,4,5,6,7,8,9,10,11,11,11,12,13,14,15,16,17,1,18,6,19,19,19,20,21,22,23,24,25,26,27,27,11,28,17,17,17,17,29,30,31,32,17,33,34,35,17,17,17,17,17,36,37,38,39,17,40,17,17,41,42,17,17,17,17,17,43,17,44,45,17,17,17,17,17,17,17,46,47,48,49,50,17,17,17,17,51,52,53,17,17,17,54,17,17,17,17,17,17,17,17,17,17,55,56,57,17,17,17,27,58,59,27,27,27,27,27,60,61,62,63,64,65,66,67","0.00111699104309082","leiden","edit-xhwikibooks.graphml"
"0.39","0.57","0.04","0.652470330780237","1,1,1,2,3,4,5,6,7,8,9,10,11,11,11,12,13,14,15,16,17,1,18,6,19,19,19,20,21,22,23,24,25,26,27,27,28,29,17,17,17,17,30,31,32,33,17,34,35,36,17,17,17,17,17,37,38,39,40,17,41,17,17,42,43,17,17,17,17,17,44,17,45,46,17,17,17,17,17,17,17,47,48,49,50,51,17,17,17,17,52,53,54,17,17,17,55,17,17,17,17,17,17,17,17,17,17,56,57,58,17,17,17,59,60,61,59,59,59,59,59,62,63,64,65,66,67,68,69","0.00102901458740234","leiden","edit-xhwikibooks.graphml"
"0.38","0.58","0.04","0.657768595041322","1,1,1,2,3,4,5,6,7,8,9,10,11,11,11,12,13,14,15,16,17,1,18,6,19,19,19,20,21,22,23,24,25,26,27,27,28,29,17,17,17,17,30,31,32,33,17,34,35,36,17,17,17,17,17,37,38,39,40,17,41,17,17,42,43,17,17,17,17,17,44,17,45,46,17,17,17,17,17,17,17,47,48,49,50,51,17,17,17,17,52,53,54,17,17,17,55,17,17,17,17,17,17,17,17,17,17,56,57,58,17,17,17,59,60,61,59,59,59,59,59,62,63,64,65,66,67,68,69","0.00115680694580078","leiden","edit-xhwikibooks.graphml"
"0.37","0.59","0.04","0.655801478266211","1,1,1,2,3,4,5,6,7,8,9,10,11,11,11,12,13,14,15,16,17,1,18,6,19,19,19,20,21,22,23,24,25,26,27,27,28,29,17,17,17,17,30,31,32,33,17,34,35,36,17,17,17,17,17,37,38,39,40,17,41,17,17,42,43,17,17,17,17,17,44,17,45,46,17,17,17,17,17,17,17,47,48,49,50,51,17,17,17,17,52,53,54,17,17,17,55,17,17,17,17,17,17,17,17,17,17,56,57,58,17,17,17,59,60,61,59,59,59,59,59,62,63,64,65,66,67,68,69","0.00103211402893066","leiden","edit-xhwikibooks.graphml"
"0.36","0.6","0.04","0.66358418367347","1,1,1,2,3,4,5,6,7,8,9,10,11,11,11,12,13,14,15,16,17,1,18,6,19,19,19,20,21,22,23,24,25,26,27,27,28,29,17,17,17,17,30,31,32,33,17,34,35,36,17,17,17,17,17,37,38,39,40,17,41,17,17,42,43,17,17,17,17,17,44,17,45,46,17,17,17,17,17,17,17,47,48,49,50,51,17,17,17,17,52,53,54,17,17,17,55,17,17,17,17,17,17,17,17,17,17,56,57,58,17,17,17,59,60,61,59,59,59,59,59,62,63,64,65,66,67,68,69","0.000952959060668945","leiden","edit-xhwikibooks.graphml"
"0.35","0.61","0.04","0.661649382716049","1,1,1,2,3,4,5,6,7,8,9,10,11,11,11,12,13,14,15,16,17,1,18,6,19,19,19,20,21,22,23,24,25,26,27,27,28,29,17,17,17,17,30,31,32,33,17,34,35,36,17,17,17,17,17,37,38,39,40,17,41,17,17,42,43,17,17,17,17,17,44,17,45,46,17,17,17,17,17,17,17,47,48,49,50,51,17,17,17,17,52,53,54,17,17,17,55,17,17,17,17,17,17,17,17,17,17,56,57,58,17,17,17,59,60,61,59,59,59,59,59,62,63,64,65,66,67,68,69","0.000885963439941406","leiden","edit-xhwikibooks.graphml"
"0.34","0.62","0.04","0.663873443495967","1,1,1,2,3,4,5,6,7,8,9,10,11,11,11,12,13,14,15,16,17,1,18,6,19,19,19,20,21,22,23,24,25,26,27,27,28,29,17,17,17,17,30,31,32,33,17,34,35,36,17,17,17,17,17,37,38,39,40,17,41,17,17,42,43,17,17,17,17,17,44,17,45,46,17,17,17,17,17,17,17,47,48,49,50,51,17,17,17,17,52,53,54,17,17,17,55,17,17,17,17,17,17,17,17,17,17,56,57,58,17,17,17,59,60,61,59,59,59,59,59,62,63,64,65,66,67,68,69","0.000973939895629883","leiden","edit-xhwikibooks.graphml"
"0.33","0.63","0.04","0.661957344408003","1,1,1,2,3,4,5,6,7,8,9,10,11,11,11,12,13,14,15,16,17,1,18,6,19,19,19,20,21,22,23,24,25,26,27,27,28,29,17,17,17,17,30,31,32,33,17,34,35,36,17,17,17,17,17,37,38,39,40,17,41,17,17,42,43,17,17,17,17,17,44,17,45,46,17,17,17,17,17,17,17,47,48,49,50,51,17,17,17,17,52,53,54,17,17,17,55,17,17,17,17,17,17,17,17,17,17,56,57,58,17,17,17,59,60,61,59,59,59,59,59,62,63,64,65,66,67,68,69","0.000980854034423828","leiden","edit-xhwikibooks.graphml"
"0.32","0.64","0.04","0.661957344408003","1,1,1,2,3,4,5,6,7,8,9,10,11,11,11,12,13,14,15,16,17,1,18,6,19,19,19,20,21,22,23,24,25,26,27,27,28,29,17,17,17,17,30,31,32,33,17,34,35,36,17,17,17,17,17,37,38,39,40,17,41,17,17,42,43,17,17,17,17,17,44,17,45,46,17,17,17,17,17,17,17,47,48,49,50,51,17,17,17,17,52,53,54,17,17,17,55,17,17,17,17,17,17,17,17,17,17,56,57,58,17,17,17,59,60,61,59,59,59,59,59,62,63,64,65,66,67,68,69","0.00111508369445801","leiden","edit-xhwikibooks.graphml"
"0.31","0.65","0.04","0.660598886064158","1,1,1,2,3,4,5,6,7,8,9,10,11,11,11,12,13,14,15,16,17,18,19,6,20,20,20,21,22,23,24,25,26,27,28,28,29,30,17,17,17,17,31,32,33,34,17,35,36,37,17,17,17,17,17,38,39,40,41,17,42,17,17,43,44,17,17,17,17,17,45,17,46,47,17,17,17,17,17,17,17,48,49,50,51,52,17,17,17,17,53,54,55,17,17,17,56,17,17,17,17,17,17,17,17,17,17,57,58,59,17,17,17,60,61,62,60,60,60,60,60,63,64,65,66,67,68,69,70","0.000865936279296875","leiden","edit-xhwikibooks.graphml"
"0.3","0.66","0.04","0.663127116035703","1,1,1,2,3,4,5,6,7,8,9,10,11,11,11,12,13,14,15,16,17,18,19,6,20,20,20,21,22,23,24,25,26,27,28,28,29,30,17,17,17,17,31,32,33,34,17,35,36,37,17,17,17,17,17,38,39,40,41,17,42,17,17,43,44,17,17,17,17,17,45,17,46,47,17,17,17,17,17,17,17,48,49,50,51,52,17,17,17,17,53,54,55,17,17,17,56,17,17,17,17,17,17,17,17,17,17,57,58,59,17,17,17,60,61,62,60,60,60,60,60,63,64,65,66,67,68,69,70","0.000894784927368164","leiden","edit-xhwikibooks.graphml"
"0.29","0.67","0.04","0.695354705414148","1,1,1,2,3,4,5,6,7,8,9,10,11,11,11,12,13,14,15,16,17,18,19,6,20,20,20,21,22,23,24,25,26,27,28,28,29,30,17,17,17,17,31,32,33,34,17,35,36,37,17,17,17,17,17,38,39,40,41,17,42,17,17,43,44,17,17,17,17,17,45,17,46,47,17,17,17,17,17,17,17,48,49,50,51,52,17,17,17,17,53,54,55,17,17,17,56,17,17,17,17,17,17,17,17,17,17,57,58,59,17,17,17,60,61,62,60,60,60,60,60,63,64,65,66,67,68,69,70","0.000875949859619141","leiden","edit-xhwikibooks.graphml"
"0.28","0.68","0.04","0.695354705414148","1,1,1,2,3,4,5,6,7,8,9,10,11,11,11,12,13,14,15,16,17,18,19,6,20,20,20,21,22,23,24,25,26,27,28,28,29,30,17,17,17,17,31,32,33,34,17,35,36,37,17,17,17,17,17,38,39,40,41,17,42,17,17,43,44,17,17,17,17,17,45,17,46,47,17,17,17,17,17,17,17,48,49,50,51,52,17,17,17,17,53,54,55,17,17,17,56,17,17,17,17,17,17,17,17,17,17,57,58,59,17,17,17,60,61,62,60,60,60,60,60,63,64,65,66,67,68,69,70","0.000902891159057617","leiden","edit-xhwikibooks.graphml"
"0.27","0.69","0.04","0.693529965063155","1,1,1,2,3,4,5,6,7,8,9,10,11,11,11,12,13,14,15,16,17,18,19,6,20,20,20,21,22,23,24,25,26,27,28,28,29,30,17,17,17,17,31,32,33,34,17,35,36,37,17,17,17,17,17,38,39,40,41,17,42,17,17,43,44,17,17,17,17,17,45,17,46,47,17,17,17,17,17,17,17,48,49,50,51,52,17,17,17,17,53,54,55,17,17,17,56,17,17,17,17,17,17,17,17,17,17,57,58,59,17,17,17,60,61,62,60,60,60,60,60,63,64,65,66,67,68,69,70","0.000869035720825195","leiden","edit-xhwikibooks.graphml"
"0.26","0.7","0.04","0.695676801332779","1,1,1,2,3,4,5,6,7,8,9,10,11,11,11,12,13,14,15,16,17,18,19,6,20,20,20,21,22,23,24,25,26,27,28,28,29,30,17,17,17,17,31,32,33,34,17,35,36,37,17,17,17,17,17,38,39,40,41,17,42,17,17,43,44,17,17,17,17,17,45,17,46,47,17,17,17,17,17,17,17,48,49,50,51,52,17,17,17,17,53,54,55,17,17,17,56,17,17,17,17,17,17,17,17,17,17,57,58,59,17,17,17,60,61,62,60,60,60,60,60,63,64,65,66,67,68,69,70","0.000873088836669922","leiden","edit-xhwikibooks.graphml"
"0.25","0.71","0.04","0.693866085002313","1,1,1,2,3,4,5,6,7,8,9,10,11,11,11,12,13,14,15,16,17,18,19,6,20,20,20,21,22,23,24,25,26,27,28,28,29,30,17,17,17,17,31,32,33,34,17,35,36,37,17,17,17,17,17,38,39,40,41,17,42,17,17,43,44,17,17,17,17,17,45,17,46,47,17,17,17,17,17,17,17,48,49,50,51,52,17,17,17,17,53,54,55,17,17,17,56,17,17,17,17,17,17,17,17,17,17,57,58,59,17,17,17,60,61,62,60,60,60,60,60,63,64,65,66,67,68,69,70","0.000880002975463867","leiden","edit-xhwikibooks.graphml"
"0.24","0.72","0.04","0.697775754422477","1,1,1,2,3,4,5,6,7,8,9,10,11,11,11,12,13,14,15,16,17,18,19,6,20,20,20,21,22,23,24,25,26,27,28,28,29,30,17,17,17,17,31,32,33,34,17,35,36,37,17,17,17,17,17,38,39,40,41,17,42,17,17,43,44,17,17,17,17,17,45,17,46,47,17,17,17,17,17,17,17,48,49,50,51,52,17,17,17,17,53,54,55,17,17,17,56,17,17,17,17,17,17,17,17,17,17,57,58,59,17,17,17,60,61,62,60,60,60,60,60,63,64,65,66,67,68,69,70","0.00100398063659668","leiden","edit-xhwikibooks.graphml"
"0.23","0.73","0.04","0.695988774374607","1,1,1,2,3,4,5,6,7,8,9,10,11,11,11,12,13,14,15,16,17,18,19,6,20,20,20,21,22,23,24,25,26,27,28,28,29,30,17,17,17,17,31,32,33,34,17,35,36,37,17,17,17,17,17,38,39,40,41,17,42,17,17,43,44,17,17,17,17,17,45,17,46,47,17,17,17,17,17,17,17,48,49,50,51,52,17,17,17,17,53,54,55,17,17,17,56,17,17,17,17,17,17,17,17,17,17,57,58,59,17,17,17,60,61,62,60,60,60,60,60,63,64,65,66,67,68,69,70","0.000861167907714844","leiden","edit-xhwikibooks.graphml"
"0.22","0.74","0.04","0.695988774374607","1,1,1,2,3,4,5,6,7,8,9,10,11,11,11,12,13,14,15,16,17,18,19,6,20,20,20,21,22,23,24,25,26,27,28,28,29,30,17,17,17,17,31,32,33,34,17,35,36,37,17,17,17,17,17,38,39,40,41,17,42,17,17,43,44,17,17,17,17,17,45,17,46,47,17,17,17,17,17,17,17,48,49,50,51,52,17,17,17,17,53,54,55,17,17,17,56,17,17,17,17,17,17,17,17,17,17,57,58,59,17,17,17,60,61,62,60,60,60,60,60,63,64,65,66,67,68,69,70","0.000871181488037109","leiden","edit-xhwikibooks.graphml"
"0.21","0.75","0.04","0.700682716492993","1,1,1,2,3,4,5,6,7,8,9,10,11,11,11,12,13,14,15,16,17,18,19,6,20,20,20,21,22,23,24,25,26,27,28,28,29,30,17,17,17,17,31,32,33,34,17,35,36,37,17,17,17,17,17,38,39,40,41,17,42,17,17,43,44,17,17,17,17,17,45,17,46,47,17,17,17,17,17,17,17,48,49,50,51,52,17,17,17,17,53,54,55,17,17,17,56,17,17,17,17,17,17,17,17,17,17,57,58,59,17,17,17,60,61,62,60,60,60,60,60,63,64,65,66,67,68,69,70","0.0010991096496582","leiden","edit-xhwikibooks.graphml"
"0.2","0.76","0.04","0.700682716492993","1,1,1,2,3,4,5,6,7,8,9,10,11,11,11,12,13,14,15,16,17,18,19,6,20,20,20,21,22,23,24,25,26,27,28,28,29,30,17,17,17,17,31,32,33,34,17,35,36,37,17,17,17,17,17,38,39,40,41,17,42,17,17,43,44,17,17,17,17,17,45,17,46,47,17,17,17,17,17,17,17,48,49,50,51,52,17,17,17,17,53,54,55,17,17,17,56,17,17,17,17,17,17,17,17,17,17,57,58,59,17,17,17,60,61,62,60,60,60,60,60,63,64,65,66,67,68,69,70","0.000864982604980469","leiden","edit-xhwikibooks.graphml"
"0.19","0.77","0.04","0.70267840535681","1,1,1,2,3,4,5,6,7,8,9,10,11,11,11,12,13,14,15,16,17,18,19,6,20,20,20,21,22,23,24,25,26,27,28,28,29,30,17,17,17,17,31,32,33,34,17,35,36,37,17,17,17,17,17,38,39,40,41,17,42,17,17,43,44,17,17,17,17,17,45,17,46,47,17,17,17,17,17,17,17,48,49,50,51,52,17,17,17,17,53,54,55,17,17,17,56,17,17,17,17,17,17,17,17,17,17,57,58,59,17,17,17,60,61,62,60,60,60,60,60,63,64,65,66,67,68,69,70","0.000869035720825195","leiden","edit-xhwikibooks.graphml"
"0.18","0.78","0.04","0.704779784705295","1,1,1,2,3,4,5,6,7,8,9,10,11,11,11,12,13,14,15,16,17,18,19,6,20,20,20,21,22,23,24,25,26,27,28,28,29,30,17,17,17,17,31,32,33,34,17,35,36,37,17,17,17,17,17,38,39,40,41,17,42,17,17,43,44,17,17,17,17,17,45,17,46,47,17,17,17,17,17,17,17,48,49,50,51,52,17,17,17,17,53,54,55,17,17,17,56,17,17,17,17,17,17,17,17,17,17,57,58,59,17,17,17,60,61,62,60,60,60,60,60,63,64,65,66,67,68,69,70","0.0200469493865967","leiden","edit-xhwikibooks.graphml"
"0.17","0.79","0.04","0.704779784705295","1,1,1,2,3,4,5,6,7,8,9,10,11,11,11,12,13,14,15,16,17,18,19,6,20,20,20,21,22,23,24,25,26,27,28,28,29,30,17,17,17,17,31,32,33,34,17,35,36,37,17,17,17,17,17,38,39,40,41,17,42,17,17,43,44,17,17,17,17,17,45,17,46,47,17,17,17,17,17,17,17,48,49,50,51,52,17,17,17,17,53,54,55,17,17,17,56,17,17,17,17,17,17,17,17,17,17,57,58,59,17,17,17,60,61,62,60,60,60,60,60,63,64,65,66,67,68,69,70","0.00109195709228516","leiden","edit-xhwikibooks.graphml"
"0.16","0.8","0.04","0.708856299819439","1,1,1,2,3,4,5,6,7,8,9,10,11,11,11,12,13,14,15,16,17,18,19,6,20,20,20,21,22,23,24,25,26,27,28,28,29,30,17,17,17,17,31,32,33,34,17,35,36,37,17,17,17,17,17,38,39,40,41,17,42,17,17,43,44,17,17,17,17,17,45,17,46,47,17,17,17,17,17,17,17,48,49,50,51,52,17,17,17,17,53,54,55,17,17,17,56,17,17,17,17,17,17,17,17,17,17,57,58,59,17,17,17,60,61,62,60,60,60,60,60,63,64,65,66,67,68,69,70","0.000932931900024414","leiden","edit-xhwikibooks.graphml"
"0.15","0.81","0.04","0.708856299819439","1,1,1,2,3,4,5,6,7,8,9,10,11,11,11,12,13,14,15,16,17,18,19,6,20,20,20,21,22,23,24,25,26,27,28,28,29,30,17,17,17,17,31,32,33,34,17,35,36,37,17,17,17,17,17,38,39,40,41,17,42,17,17,43,44,17,17,17,17,17,45,17,46,47,17,17,17,17,17,17,17,48,49,50,51,52,17,17,17,17,53,54,55,17,17,17,56,17,17,17,17,17,17,17,17,17,17,57,58,59,17,17,17,60,61,62,60,60,60,60,60,63,64,65,66,67,68,69,70","0.000868082046508789","leiden","edit-xhwikibooks.graphml"
"0.14","0.82","0.04","0.707155760153837","1,1,1,2,3,4,5,6,7,8,9,10,11,11,11,12,13,14,15,16,17,18,19,6,20,20,20,21,22,23,24,25,26,27,28,28,29,30,17,17,17,17,31,32,33,34,17,35,36,37,17,17,17,17,17,38,39,40,41,17,42,17,17,43,44,17,17,17,17,17,45,17,46,47,17,17,17,17,17,17,17,48,49,50,51,52,17,17,17,17,53,54,55,17,17,17,56,17,17,17,17,17,17,17,17,17,17,57,58,59,17,17,17,60,61,62,60,60,60,60,60,63,64,65,66,67,68,69,70","0.00115203857421875","leiden","edit-xhwikibooks.graphml"
"0.13","0.83","0.04","0.707155760153837","1,1,1,2,3,4,5,6,7,8,9,10,11,11,11,12,13,14,15,16,17,18,19,6,20,20,20,21,22,23,24,25,26,27,28,28,29,30,17,17,17,17,31,32,33,34,17,35,36,37,17,17,17,17,17,38,39,40,41,17,42,17,17,43,44,17,17,17,17,17,45,17,46,47,17,17,17,17,17,17,17,48,49,50,51,52,17,17,17,17,53,54,55,17,17,17,56,17,17,17,17,17,17,17,17,17,17,57,58,59,17,17,17,60,61,62,60,60,60,60,60,63,64,65,66,67,68,69,70","0.000832080841064453","leiden","edit-xhwikibooks.graphml"
"0.12","0.84","0.04","0.707156795224977","1,1,1,2,3,4,5,6,7,8,9,10,11,11,11,12,13,14,15,16,17,18,19,6,20,20,20,21,22,23,24,25,26,27,28,28,29,30,17,17,17,17,31,32,33,34,17,35,36,37,17,17,17,17,17,38,39,40,41,17,42,17,17,43,44,17,17,17,17,17,45,17,46,47,17,17,17,17,17,17,17,48,49,50,51,52,17,17,17,17,53,54,55,17,17,17,56,17,17,17,17,17,17,17,17,17,17,57,58,59,17,17,17,60,61,62,60,60,60,60,60,63,64,65,66,67,68,69,70","0.000812053680419922","leiden","edit-xhwikibooks.graphml"
"0.11","0.85","0.04","0.709006763972944","1,1,1,2,3,4,5,6,7,8,9,10,11,11,11,12,13,14,15,16,17,18,19,6,20,20,20,21,22,23,24,25,26,27,28,28,29,30,17,17,17,17,31,32,33,34,17,35,36,37,17,17,17,17,17,38,39,40,41,17,42,17,17,43,44,17,17,17,17,17,45,17,46,47,17,17,17,17,17,17,17,48,49,50,51,52,17,17,17,17,53,54,55,17,17,17,56,17,17,17,17,17,17,17,17,17,17,57,58,59,17,17,17,60,61,62,60,60,60,60,60,63,64,65,66,67,68,69,70","0.000966072082519531","leiden","edit-xhwikibooks.graphml"
"0.1","0.86","0.04","0.710681666295388","1,1,1,2,3,4,5,6,7,8,9,10,11,11,11,12,13,14,15,16,17,18,19,6,20,20,20,21,22,23,24,25,26,27,28,28,29,30,17,17,17,17,31,32,33,34,17,35,36,37,17,17,17,17,17,38,39,40,41,17,42,17,17,43,44,17,17,17,17,17,45,17,46,47,17,17,17,17,17,17,17,48,49,50,51,52,17,17,17,17,53,54,55,17,17,17,56,17,17,17,17,17,17,17,17,17,17,57,58,59,17,17,17,60,61,62,60,60,60,60,60,63,64,65,66,67,68,69,70","0.000991106033325195","leiden","edit-xhwikibooks.graphml"
"0.09","0.87","0.04","0.710681666295388","1,1,1,2,3,4,5,6,7,8,9,10,11,11,11,12,13,14,15,16,17,18,19,6,20,20,20,21,22,23,24,25,26,27,28,28,29,30,17,17,17,17,31,32,33,34,17,35,36,37,17,17,17,17,17,38,39,40,41,17,42,17,17,43,44,17,17,17,17,17,45,17,46,47,17,17,17,17,17,17,17,48,49,50,51,52,17,17,17,17,53,54,55,17,17,17,56,17,17,17,17,17,17,17,17,17,17,57,58,59,17,17,17,60,61,62,60,60,60,60,60,63,64,65,66,67,68,69,70","0.000818967819213867","leiden","edit-xhwikibooks.graphml"
"0.08","0.88","0.04","0.709028343997458","1,1,1,2,3,4,5,6,7,8,9,10,11,11,11,12,13,14,15,16,17,18,19,6,20,20,20,21,22,23,24,25,26,27,28,28,29,30,17,17,17,17,31,32,33,34,17,35,36,37,17,17,17,17,17,38,39,40,41,17,42,17,17,43,44,17,17,17,17,17,45,17,46,47,17,17,17,17,17,17,17,48,49,50,51,52,17,17,17,17,53,54,55,17,17,17,56,17,17,17,17,17,17,17,17,17,17,57,58,59,17,17,17,60,61,62,60,60,60,60,60,63,64,65,66,67,68,69,70","0.000812053680419922","leiden","edit-xhwikibooks.graphml"
"0.07","0.89","0.04","0.793679012345679","1,1,1,2,3,4,5,6,7,8,9,10,11,11,11,12,13,14,15,16,17,18,19,6,20,20,20,21,22,23,24,25,26,27,28,28,29,30,17,17,17,17,31,32,33,34,17,35,36,37,17,17,17,17,17,38,39,40,41,17,42,17,17,43,44,17,17,17,17,17,45,17,46,47,17,17,17,17,17,17,17,48,49,50,51,52,17,17,17,17,53,54,55,17,17,17,56,17,17,17,17,17,17,17,17,17,17,57,58,17,17,17,17,59,60,61,59,59,59,59,59,62,63,64,65,66,67,68,69","0.000833034515380859","leiden","edit-xhwikibooks.graphml"
"0.06","0.9","0.04","0.791839611559245","1,1,1,2,3,4,5,6,7,8,9,10,11,11,11,12,13,14,15,16,17,18,19,6,20,20,20,21,22,23,24,25,26,27,28,28,29,30,17,17,17,17,31,32,33,34,17,35,36,37,17,17,17,17,17,38,39,40,41,17,42,17,17,43,44,17,17,17,17,17,45,17,46,47,17,17,17,17,17,17,17,48,49,50,51,52,17,17,17,17,53,54,55,17,17,17,56,17,17,17,17,17,17,17,17,17,17,57,58,17,17,17,17,59,60,61,59,59,59,59,59,62,63,64,65,66,67,68,69","0.000834941864013672","leiden","edit-xhwikibooks.graphml"
"0.05","0.91","0.04","0.791839611559245","1,1,1,2,3,4,5,6,7,8,9,10,11,11,11,12,13,14,15,16,17,18,19,6,20,20,20,21,22,23,24,25,26,27,28,28,29,30,17,17,17,17,31,32,33,34,17,35,36,37,17,17,17,17,17,38,39,40,41,17,42,17,17,43,44,17,17,17,17,17,45,17,46,47,17,17,17,17,17,17,17,48,49,50,51,52,17,17,17,17,53,54,55,17,17,17,56,17,17,17,17,17,17,17,17,17,17,57,58,17,17,17,17,59,60,61,59,59,59,59,59,62,63,64,65,66,67,68,69","0.000845909118652344","leiden","edit-xhwikibooks.graphml"
"0.04","0.92","0.04","0.791358879655278","1,1,1,2,3,4,5,6,7,8,9,10,11,11,11,12,13,14,15,16,17,18,19,6,20,20,20,21,22,23,24,25,26,27,28,28,29,30,17,17,17,17,31,32,33,34,17,35,36,37,17,17,17,17,17,38,39,40,41,17,42,17,17,43,44,17,17,17,17,17,45,17,46,47,17,17,17,17,17,17,17,48,49,50,51,52,17,17,17,17,53,54,55,17,17,17,56,17,17,17,17,17,17,17,17,17,17,57,58,17,17,17,17,59,60,61,59,59,59,59,59,62,63,64,65,66,67,68,69","0.000847816467285156","leiden","edit-xhwikibooks.graphml"
"0.03","0.93","0.04","0.795408202523853","1,1,1,2,3,4,5,6,7,8,9,10,11,11,11,12,13,14,15,16,17,18,19,6,20,20,20,21,22,23,24,25,26,27,28,28,29,30,17,17,17,17,31,32,33,34,17,35,36,37,17,17,17,17,17,38,39,40,41,17,42,17,17,43,44,17,17,17,17,17,45,17,46,47,17,17,17,17,17,17,17,48,49,50,51,52,17,17,17,17,53,54,55,17,17,17,56,17,17,17,17,17,17,17,17,17,17,57,58,59,17,17,17,60,61,62,60,60,60,60,60,63,64,65,66,67,68,69,70","0.000854969024658203","leiden","edit-xhwikibooks.graphml"
"0.02","0.94","0.04","0.793625216910433","1,1,1,2,3,4,5,6,7,8,9,10,11,11,11,12,13,14,15,16,17,18,19,6,20,20,20,21,22,23,24,25,26,27,28,28,29,30,17,17,17,17,31,32,33,34,17,35,36,37,17,17,17,17,17,38,39,40,41,17,42,17,17,43,44,17,17,17,17,17,45,17,46,47,17,17,17,17,17,17,17,48,49,50,51,52,17,17,17,17,53,54,55,17,17,17,56,17,17,17,17,17,17,17,17,17,17,57,58,59,17,17,17,60,61,62,60,60,60,60,60,63,64,65,66,67,68,69,70","0.00084996223449707","leiden","edit-xhwikibooks.graphml"
"0.01","0.95","0.04","0.793625216910433","1,1,1,2,3,4,5,6,7,8,9,10,11,11,11,12,13,14,15,16,17,18,19,6,20,20,20,21,22,23,24,25,26,27,28,28,29,30,17,17,17,17,31,32,33,34,17,35,36,37,17,17,17,17,17,38,39,40,41,17,42,17,17,43,44,17,17,17,17,17,45,17,46,47,17,17,17,17,17,17,17,48,49,50,51,52,17,17,17,17,53,54,55,17,17,17,56,17,17,17,17,17,17,17,17,17,17,57,58,59,17,17,17,60,61,62,60,60,60,60,60,63,64,65,66,67,68,69,70","0.000852823257446289","leiden","edit-xhwikibooks.graphml"
"0","0.96","0.04","0.784062383165091","1,1,1,1,1,2,3,4,5,6,7,8,9,9,9,10,11,12,13,14,15,16,17,4,18,18,18,19,1,20,21,22,23,24,25,25,26,27,15,15,15,15,28,29,30,31,15,32,33,34,15,15,15,15,15,35,36,37,38,15,39,15,15,40,41,15,15,15,15,15,42,15,43,44,15,15,15,15,15,15,15,45,46,47,48,49,15,15,15,15,50,51,52,15,15,15,53,15,15,15,15,15,15,15,15,15,15,54,55,56,15,15,15,57,58,59,57,57,57,57,57,60,61,62,63,64,65,66,67","0.00112009048461914","leiden","edit-xhwikibooks.graphml"
"0.95","0","0.05","0.557976819954067","1,3,1,6,1,6,1,4,6,6,1,1,4,4,4,6,6,1,2,1,7,3,4,4,4,4,4,6,3,6,1,2,1,1,2,2,5,4,7,7,7,7,3,3,3,3,7,3,3,3,7,7,7,7,7,3,3,3,3,7,4,7,7,4,4,7,7,7,7,7,3,7,4,4,7,7,7,7,7,7,7,4,6,6,6,3,7,7,7,7,6,1,2,7,7,7,6,7,7,7,7,7,7,7,7,7,7,1,1,1,7,7,7,2,2,2,2,2,2,2,2,5,5,5,5,5,5,5,5","0.00082087516784668","leiden","edit-xhwikibooks.graphml"
"0.94","0.01","0.05","0.558012426783457","1,1,2,2,2,3,2,3,3,3,2,2,3,3,3,4,3,2,2,2,5,1,3,3,3,3,3,4,1,3,2,2,2,2,6,6,7,3,5,5,5,5,1,1,1,1,5,1,1,1,5,5,5,5,5,1,1,1,1,5,3,5,5,3,3,5,5,5,5,5,1,5,3,3,5,5,5,5,5,5,5,3,4,4,4,1,5,5,5,5,3,2,2,5,5,5,4,5,5,5,5,5,5,5,5,5,5,2,2,2,5,5,5,6,6,6,6,6,6,6,6,7,7,7,7,7,7,7,7","0.000816822052001953","leiden","edit-xhwikibooks.graphml"
"0.93","0.02","0.05","0.557611849952821","1,1,1,1,1,2,3,4,2,2,3,3,4,4,4,2,2,3,3,3,6,7,4,4,4,4,4,2,1,2,3,3,3,3,8,8,5,4,6,6,6,6,7,7,7,7,6,7,7,7,6,6,6,6,6,7,7,7,7,6,4,6,6,4,4,6,6,6,6,6,7,6,4,4,6,6,6,6,6,6,6,4,2,2,2,1,6,6,6,6,2,3,3,6,6,6,2,6,6,6,6,6,6,6,6,6,6,3,3,3,6,6,6,8,8,8,8,8,8,8,8,5,5,5,5,5,5,5,5","0.00103592872619629","leiden","edit-xhwikibooks.graphml"
"0.92","0.03","0.05","0.556554974931149","1,1,1,1,1,2,3,2,2,2,3,3,2,2,2,4,2,3,3,3,5,6,2,2,2,2,2,4,1,2,3,3,3,3,7,7,8,2,5,5,5,5,6,6,6,6,5,6,6,6,5,5,5,5,5,6,6,6,6,5,2,5,5,2,2,5,5,5,5,5,6,5,2,2,5,5,5,5,5,5,5,2,4,4,4,1,5,5,5,5,2,3,3,5,5,5,4,5,5,5,5,5,5,5,5,5,5,3,3,3,5,5,5,7,7,7,7,7,7,7,7,8,8,8,8,8,8,8,8","0.000799179077148438","leiden","edit-xhwikibooks.graphml"
"0.91","0.04","0.05","0.556122448979592","1,2,1,5,1,5,1,3,5,5,1,1,3,3,3,5,5,1,1,1,7,2,3,3,3,3,3,5,2,5,1,1,1,1,6,6,4,3,7,7,7,7,2,2,2,2,7,2,2,2,7,7,7,7,7,2,2,2,2,7,3,7,7,3,3,7,7,7,7,7,2,7,3,3,7,7,7,7,7,7,7,3,5,5,5,2,7,7,7,7,5,1,1,7,7,7,5,7,7,7,7,7,7,7,7,7,7,1,1,1,7,7,7,6,6,6,6,6,6,6,6,4,4,4,4,4,4,4,4","0.000768899917602539","leiden","edit-xhwikibooks.graphml"
"0.9","0.05","0.05","0.555032299854694","1,4,1,1,2,1,2,5,1,1,2,2,5,5,5,1,1,2,3,2,7,4,5,5,5,5,5,1,4,1,2,3,2,2,3,3,6,5,7,7,7,7,4,4,4,4,7,4,4,4,7,7,7,7,7,4,4,4,4,7,5,7,7,5,5,7,7,7,7,7,4,7,5,5,7,7,7,7,7,7,7,5,1,1,1,4,7,7,7,7,1,2,3,7,7,7,1,7,7,7,7,7,7,7,7,7,7,2,2,2,7,7,7,3,3,3,3,3,3,3,3,6,6,6,6,6,6,6,6","0.000764131546020508","leiden","edit-xhwikibooks.graphml"
"0.89","0.06","0.05","0.540927021696253","1,1,1,1,3,1,3,1,1,1,3,3,1,1,1,2,1,3,3,3,5,6,1,1,1,1,1,2,1,1,3,3,3,3,7,7,4,1,5,5,5,5,6,6,6,6,5,6,6,6,5,5,5,5,5,6,6,6,6,5,8,5,5,1,1,5,5,5,5,5,6,5,1,1,5,5,5,5,5,5,5,1,2,2,2,9,5,5,5,5,10,11,12,5,5,5,2,5,5,5,5,5,5,5,5,5,5,3,3,3,5,5,5,7,7,7,7,7,7,7,7,4,4,4,4,4,4,4,4","0.000829935073852539","leiden","edit-xhwikibooks.graphml"
"0.88","0.07","0.05","0.53923042100498","1,3,1,4,1,4,1,4,4,4,1,1,4,4,4,6,4,1,2,1,7,3,4,4,4,4,4,6,3,4,1,2,1,1,2,2,5,4,7,7,7,7,3,3,3,3,7,3,3,3,7,7,7,7,7,3,3,3,3,7,8,7,7,4,4,7,7,7,7,7,3,7,4,4,7,7,7,7,7,7,7,4,6,6,6,9,7,7,7,7,10,11,12,7,7,7,6,7,7,7,7,7,7,7,7,7,7,1,1,1,7,7,7,2,2,2,2,2,2,2,2,5,5,5,5,5,5,5,5","0.000864028930664062","leiden","edit-xhwikibooks.graphml"
"0.87","0.08","0.05","0.541259695489802","1,1,1,1,2,1,2,1,1,1,2,2,3,3,3,1,1,2,2,2,5,6,3,3,3,3,3,1,1,1,2,2,2,2,7,7,4,3,5,5,5,5,6,6,6,6,5,6,6,6,5,5,5,5,5,6,6,6,6,5,8,5,5,3,3,5,5,5,5,5,6,5,3,3,5,5,5,5,5,5,5,3,1,1,1,9,5,5,5,5,10,11,12,5,5,5,1,5,5,5,5,5,5,5,5,5,5,2,2,2,5,5,5,7,7,7,7,7,7,7,7,4,4,4,4,4,4,4,4","0.000822067260742188","leiden","edit-xhwikibooks.graphml"
"0.86","0.09","0.05","0.540209012088518","1,3,1,1,1,1,2,4,1,1,2,2,4,4,4,1,1,2,2,2,6,3,4,4,4,4,4,1,3,1,2,2,2,2,7,7,5,4,6,6,6,6,3,3,3,3,6,3,3,3,6,6,6,6,6,3,3,3,3,6,8,6,6,4,4,6,6,6,6,6,3,6,4,4,6,6,6,6,6,6,6,4,1,1,1,9,6,6,6,6,10,11,12,6,6,6,1,6,6,6,6,6,6,6,6,6,6,2,2,2,6,6,6,7,7,7,7,7,7,7,7,5,5,5,5,5,5,5,5","0.000843048095703125","leiden","edit-xhwikibooks.graphml"
"0.85","0.1","0.05","0.53988855062401","1,1,1,2,1,2,1,2,2,2,1,5,2,2,2,3,2,1,1,5,6,7,2,2,2,2,2,3,1,2,1,1,5,5,8,8,4,2,6,6,6,6,7,7,7,7,6,7,7,7,6,6,6,6,6,7,7,7,7,6,9,6,6,2,2,6,6,6,6,6,7,6,2,2,6,6,6,6,6,6,6,2,3,3,3,10,6,6,6,6,11,12,13,6,6,6,3,6,6,6,6,6,6,6,6,6,6,5,5,5,6,6,6,8,8,8,8,8,8,8,8,4,4,4,4,4,4,4,4","0.000869035720825195","leiden","edit-xhwikibooks.graphml"
"0.84","0.11","0.05","0.514331332717759","1,2,1,1,1,3,1,3,3,3,1,1,3,3,3,3,4,1,1,1,5,2,3,3,3,3,3,3,2,6,7,1,1,1,8,8,9,3,5,5,5,5,2,2,2,2,5,2,2,2,5,5,5,5,5,2,2,2,2,5,10,5,5,11,12,5,5,5,5,5,2,5,3,3,5,5,5,5,5,5,5,13,3,3,3,14,5,5,5,5,15,16,17,5,5,5,18,5,5,5,5,5,5,5,5,5,5,19,20,5,5,5,5,8,8,8,8,8,8,8,8,9,9,9,9,9,9,9,9","0.000953912734985352","leiden","edit-xhwikibooks.graphml"
"0.83","0.12","0.05","0.521361058601134","1,1,1,1,1,3,1,3,3,3,1,1,3,3,3,3,4,1,2,1,5,6,3,3,3,3,3,3,1,7,8,2,1,1,2,2,9,3,5,5,5,5,6,6,6,6,5,6,6,6,5,5,5,5,5,6,6,6,6,5,10,5,5,11,12,5,5,5,5,5,6,5,3,3,5,5,5,5,5,5,5,13,3,3,3,14,5,5,5,5,15,16,17,5,5,5,18,5,5,5,5,5,5,5,5,5,5,19,20,5,5,5,5,2,2,2,2,2,2,2,2,9,9,9,9,9,9,9,9","0.000903129577636719","leiden","edit-xhwikibooks.graphml"
"0.82","0.13","0.05","0.519780363936208","1,1,1,1,1,3,1,3,3,3,1,1,3,3,3,3,4,1,2,1,5,6,3,3,3,3,3,3,1,7,8,2,1,1,2,2,9,3,5,5,5,5,6,6,6,6,5,6,6,6,5,5,5,5,5,6,6,6,6,5,10,5,5,11,12,5,5,5,5,5,6,5,3,3,5,5,5,5,5,5,5,13,3,3,3,14,5,5,5,5,15,16,17,5,5,5,18,5,5,5,5,5,5,5,5,5,5,19,20,5,5,5,5,2,2,2,2,2,2,2,2,9,9,9,9,9,9,9,9","0.000902891159057617","leiden","edit-xhwikibooks.graphml"
"0.81","0.14","0.05","0.519892805607091","1,2,1,1,1,3,1,3,3,3,1,1,3,3,3,3,4,1,1,1,5,2,3,3,3,3,3,3,2,6,7,1,1,1,8,8,9,3,5,5,5,5,2,2,2,2,5,2,2,2,5,5,5,5,5,2,2,2,2,5,10,5,5,11,12,5,5,5,5,5,2,5,3,3,5,5,5,5,5,5,5,13,3,3,3,14,5,5,5,5,15,16,17,5,5,5,18,5,5,5,5,5,5,5,5,5,5,19,20,5,5,5,5,8,8,8,8,8,8,8,8,9,9,9,9,9,9,9,9","0.000917911529541016","leiden","edit-xhwikibooks.graphml"
"0.8","0.15","0.05","0.52465483234714","1,2,1,1,1,3,1,3,3,3,1,1,3,3,3,3,4,1,1,1,5,2,3,3,3,3,3,3,2,6,7,1,1,1,8,8,9,3,5,5,5,5,2,2,2,2,5,2,2,2,5,5,5,5,5,2,2,2,2,5,10,5,5,11,12,5,5,5,5,5,2,5,3,3,5,5,5,5,5,5,5,13,3,3,3,14,5,5,5,5,15,16,17,5,5,5,18,5,5,5,5,5,5,5,5,5,5,19,20,5,5,5,5,8,8,8,8,8,8,8,8,9,9,9,9,9,9,9,9","0.000964164733886719","leiden","edit-xhwikibooks.graphml"
"0.79","0.16","0.05","0.487950697160173","1,1,1,2,3,2,4,2,2,2,4,5,2,2,2,2,6,7,4,8,9,1,10,2,2,2,2,2,1,11,12,13,8,14,4,4,15,2,9,9,9,9,1,1,1,1,9,1,1,1,9,9,9,9,9,1,1,1,1,9,16,9,9,17,18,9,9,9,9,9,1,9,19,20,9,9,9,9,9,9,9,21,22,23,24,25,9,9,9,9,26,27,28,9,9,9,29,9,9,9,9,9,9,9,9,9,9,30,31,9,9,9,9,4,4,4,4,4,4,4,4,15,15,15,15,15,15,15,15","0.00121402740478516","leiden","edit-xhwikibooks.graphml"
"0.78","0.17","0.05","0.490015886102677","1,1,1,2,3,2,4,2,2,2,4,5,2,2,2,2,6,7,4,8,9,1,10,2,2,2,2,2,1,11,12,13,8,14,4,4,15,2,9,9,9,9,1,1,1,1,9,1,1,1,9,9,9,9,9,1,1,1,1,9,16,9,9,17,18,9,9,9,9,9,1,9,19,20,9,9,9,9,9,9,9,21,22,23,24,25,9,9,9,9,26,27,28,9,9,9,29,9,9,9,9,9,9,9,9,9,9,30,31,9,9,9,9,4,4,4,4,4,4,4,4,15,15,15,15,15,15,15,15","0.00098419189453125","leiden","edit-xhwikibooks.graphml"
"0.77","0.18","0.05","0.490015886102677","1,1,1,2,3,2,4,2,2,2,4,5,2,2,2,2,6,7,4,8,9,1,10,2,2,2,2,2,1,11,12,13,8,14,4,4,15,2,9,9,9,9,1,1,1,1,9,1,1,1,9,9,9,9,9,1,1,1,1,9,16,9,9,17,18,9,9,9,9,9,1,9,19,20,9,9,9,9,9,9,9,21,22,23,24,25,9,9,9,9,26,27,28,9,9,9,29,9,9,9,9,9,9,9,9,9,9,30,31,9,9,9,9,4,4,4,4,4,4,4,4,15,15,15,15,15,15,15,15","0.00100302696228027","leiden","edit-xhwikibooks.graphml"
"0.76","0.19","0.05","0.49199012345679","1,1,1,2,3,2,4,2,2,2,4,5,2,2,2,2,6,7,4,8,9,1,10,2,2,2,2,2,1,11,12,13,8,14,4,4,15,2,9,9,9,9,1,1,1,1,9,1,1,1,9,9,9,9,9,1,1,1,1,9,16,9,9,17,18,9,9,9,9,9,1,9,19,20,9,9,9,9,9,9,9,21,22,23,24,25,9,9,9,9,26,27,28,9,9,9,29,9,9,9,9,9,9,9,9,9,9,30,31,9,9,9,9,4,4,4,4,4,4,4,4,15,15,15,15,15,15,15,15","0.00103497505187988","leiden","edit-xhwikibooks.graphml"
"0.75","0.2","0.05","0.499000562789885","1,1,1,2,3,2,4,2,2,2,4,5,2,2,2,2,6,7,4,8,9,1,10,2,2,2,2,2,1,11,12,13,8,14,4,4,15,2,9,9,9,9,1,1,1,1,9,1,1,1,9,9,9,9,9,1,1,1,1,9,16,9,9,17,18,9,9,9,9,9,1,9,19,20,9,9,9,9,9,9,9,21,22,23,24,25,9,9,9,9,26,27,28,9,9,9,29,9,9,9,9,9,9,9,9,9,9,30,31,9,9,9,9,4,4,4,4,4,4,4,4,15,15,15,15,15,15,15,15","0.00105905532836914","leiden","edit-xhwikibooks.graphml"
"0.74","0.21","0.05","0.485846913580247","1,1,1,2,3,2,4,2,2,2,5,6,2,2,2,2,7,8,9,10,11,1,12,2,2,2,2,2,1,13,14,15,16,17,9,9,18,2,11,11,11,11,1,1,1,1,11,1,1,1,11,11,11,11,11,1,1,1,1,11,19,11,11,20,21,11,11,11,11,11,1,11,22,23,11,11,11,11,11,11,11,24,25,26,27,28,11,11,11,11,29,30,31,11,11,11,32,11,11,11,11,11,11,11,11,11,11,33,34,11,11,11,11,9,9,9,9,9,9,9,9,18,18,18,18,18,18,18,18","0.00109410285949707","leiden","edit-xhwikibooks.graphml"
"0.73","0.22","0.05","0.485846913580247","1,1,1,2,3,2,4,2,2,2,5,6,2,2,2,2,7,8,9,10,11,1,12,2,2,2,2,2,1,13,14,15,16,17,9,9,18,2,11,11,11,11,1,1,1,1,11,1,1,1,11,11,11,11,11,1,1,1,1,11,19,11,11,20,21,11,11,11,11,11,1,11,22,23,11,11,11,11,11,11,11,24,25,26,27,28,11,11,11,11,29,30,31,11,11,11,32,11,11,11,11,11,11,11,11,11,11,33,34,11,11,11,11,9,9,9,9,9,9,9,9,18,18,18,18,18,18,18,18","0.00102019309997559","leiden","edit-xhwikibooks.graphml"
"0.72","0.23","0.05","0.491939827639274","1,1,1,2,3,2,4,2,2,2,5,6,2,2,2,2,7,8,9,10,11,1,12,2,2,2,2,2,1,13,14,15,16,17,9,9,18,2,11,11,11,11,1,1,1,1,11,1,1,1,11,11,11,11,11,1,1,1,1,11,19,11,11,20,21,11,11,11,11,11,1,11,22,23,11,11,11,11,11,11,11,24,25,26,27,28,11,11,11,11,29,30,31,11,11,11,32,11,11,11,11,11,11,11,11,11,11,33,34,11,11,11,11,9,9,9,9,9,9,9,9,18,18,18,18,18,18,18,18","0.00097203254699707","leiden","edit-xhwikibooks.graphml"
"0.71","0.24","0.05","0.495461566331687","1,1,1,2,3,2,4,2,2,2,5,6,2,2,2,2,7,8,9,10,11,12,13,2,2,2,2,2,1,14,15,16,17,18,9,9,19,2,11,11,11,11,12,12,12,12,11,12,12,12,11,11,11,11,11,12,12,12,12,11,20,11,11,21,22,11,11,11,11,11,12,11,23,24,11,11,11,11,11,11,11,25,26,27,28,29,11,11,11,11,30,31,32,11,11,11,33,11,11,11,11,11,11,11,11,11,11,34,35,11,11,11,11,9,9,9,9,9,9,9,9,19,19,19,19,19,19,19,19","0.00111699104309082","leiden","edit-xhwikibooks.graphml"
"0.7","0.25","0.05","0.503803717143436","1,1,1,2,3,2,4,2,2,2,5,6,2,2,2,2,7,8,9,10,11,1,12,2,2,2,2,2,1,13,14,15,16,17,9,9,18,2,11,11,11,11,1,1,1,1,11,1,1,1,11,11,11,11,11,1,1,1,1,11,19,11,11,20,21,11,11,11,11,11,1,11,22,23,11,11,11,11,11,11,11,24,25,26,27,28,11,11,11,11,29,30,31,11,11,11,32,11,11,11,11,11,11,11,11,11,11,33,34,11,11,11,11,9,9,9,9,9,9,9,9,18,18,18,18,18,18,18,18","0.00110602378845215","leiden","edit-xhwikibooks.graphml"
"0.69","0.26","0.05","0.485153990956549","1,1,1,2,3,1,4,1,5,6,7,8,1,5,5,1,9,10,11,12,13,14,15,5,5,5,5,16,17,18,19,20,21,22,11,11,23,5,13,13,13,13,14,14,14,14,13,14,14,14,13,13,13,13,13,14,14,14,14,13,24,13,13,25,26,13,13,13,13,13,14,13,27,28,13,13,13,13,13,13,13,29,30,31,32,33,13,13,13,13,34,35,36,13,13,13,37,13,13,13,13,13,13,13,13,13,13,38,39,13,13,13,13,11,11,11,11,11,11,11,11,23,23,23,23,23,23,23,23","0.000972986221313477","leiden","edit-xhwikibooks.graphml"
"0.68","0.27","0.05","0.485153990956549","1,1,1,2,3,1,4,1,5,7,8,9,1,5,5,1,10,11,12,13,14,15,16,5,5,5,5,17,18,19,20,21,22,23,12,12,6,5,14,14,14,14,15,15,15,15,14,15,15,15,14,14,14,14,14,15,15,15,15,14,24,14,14,25,26,14,14,14,14,14,15,14,27,28,14,14,14,14,14,14,14,29,30,31,32,33,14,14,14,14,34,35,36,14,14,14,37,14,14,14,14,14,14,14,14,14,14,38,39,14,14,14,14,12,12,12,12,12,12,12,12,6,6,6,6,6,6,6,6","0.00092315673828125","leiden","edit-xhwikibooks.graphml"
"0.67","0.28","0.05","0.483562249923053","1,1,1,2,3,1,4,1,5,6,7,8,1,5,5,1,9,10,11,12,13,14,15,5,5,5,5,16,17,18,19,20,21,22,11,11,23,5,13,13,13,13,14,14,14,14,13,14,14,14,13,13,13,13,13,14,14,14,14,13,24,13,13,25,26,13,13,13,13,13,14,13,27,28,13,13,13,13,13,13,13,29,30,31,32,33,13,13,13,13,34,35,36,13,13,13,37,13,13,13,13,13,13,13,13,13,13,38,39,13,13,13,13,11,11,11,11,11,11,11,11,23,23,23,23,23,23,23,23","0.00110721588134766","leiden","edit-xhwikibooks.graphml"
"0.66","0.29","0.05","0.490954631379962","1,1,1,2,3,1,4,1,5,6,7,8,1,5,5,1,9,10,11,12,13,14,15,5,5,5,5,16,17,18,19,20,21,22,11,11,23,5,13,13,13,13,14,14,14,14,13,14,14,14,13,13,13,13,13,14,14,14,14,13,24,13,13,25,26,13,13,13,13,13,14,13,27,28,13,13,13,13,13,13,13,29,30,31,32,33,13,13,13,13,34,35,36,13,13,13,37,13,13,13,13,13,13,13,13,13,13,38,39,13,13,13,13,11,11,11,11,11,11,11,11,23,23,23,23,23,23,23,23","0.000923871994018555","leiden","edit-xhwikibooks.graphml"
"0.65","0.3","0.05","0.489374262101535","1,1,1,2,3,1,4,1,5,6,7,8,1,5,5,1,9,10,11,12,13,14,15,5,5,5,5,16,17,18,19,20,21,22,11,11,23,5,13,13,13,13,14,14,14,14,13,14,14,14,13,13,13,13,13,14,14,14,14,13,24,13,13,25,26,13,13,13,13,13,14,13,27,28,13,13,13,13,13,13,13,29,30,31,32,33,13,13,13,13,34,35,36,13,13,13,37,13,13,13,13,13,13,13,13,13,13,38,39,13,13,13,13,11,11,11,11,11,11,11,11,23,23,23,23,23,23,23,23","0.00092315673828125","leiden","edit-xhwikibooks.graphml"
"0.64","0.31","0.05","0.481483953395244","1,1,1,2,3,1,4,1,5,6,7,8,9,5,5,10,11,12,13,14,15,16,17,5,5,5,5,18,19,20,21,22,23,24,13,13,25,26,15,15,15,15,16,16,16,16,15,16,16,16,15,15,15,15,15,16,16,16,16,15,27,15,15,28,29,15,15,15,15,15,16,15,30,31,15,15,15,15,15,15,15,32,33,34,35,36,15,15,15,15,37,38,39,15,15,15,40,15,15,15,15,15,15,15,15,15,15,41,42,15,15,15,15,13,13,13,13,13,13,13,13,25,25,25,25,25,25,25,25","0.000945806503295898","leiden","edit-xhwikibooks.graphml"
"0.63","0.32","0.05","0.483864620228257","1,1,1,2,3,1,4,1,5,6,7,8,9,5,5,10,11,12,13,14,15,16,17,5,5,5,5,18,19,20,21,22,23,24,13,13,25,26,15,15,15,15,16,16,16,16,15,16,16,16,15,15,15,15,15,16,16,16,16,15,27,15,15,28,29,15,15,15,15,15,16,15,30,31,15,15,15,15,15,15,15,32,33,34,35,36,15,15,15,15,37,38,39,15,15,15,40,15,15,15,15,15,15,15,15,15,15,41,42,15,15,15,15,13,13,13,13,13,13,13,13,25,25,25,25,25,25,25,25","0.000951051712036133","leiden","edit-xhwikibooks.graphml"
"0.62","0.33","0.05","0.483864620228257","1,1,1,2,3,1,4,1,5,6,7,8,9,5,5,10,11,12,13,14,15,16,17,5,5,5,5,18,19,20,21,22,23,24,13,13,25,26,15,15,15,15,16,16,16,16,15,16,16,16,15,15,15,15,15,16,16,16,16,15,27,15,15,28,29,15,15,15,15,15,16,15,30,31,15,15,15,15,15,15,15,32,33,34,35,36,15,15,15,15,37,38,39,15,15,15,40,15,15,15,15,15,15,15,15,15,15,41,42,15,15,15,15,13,13,13,13,13,13,13,13,25,25,25,25,25,25,25,25","0.000959873199462891","leiden","edit-xhwikibooks.graphml"
"0.61","0.34","0.05","0.533239143367043","1,1,1,2,3,1,4,1,5,6,7,8,9,5,5,10,11,12,13,14,15,16,17,5,5,5,5,18,19,20,21,22,23,24,13,13,25,26,15,15,15,15,16,16,16,16,15,16,16,16,15,15,15,15,15,16,16,16,16,15,27,15,15,28,29,15,15,15,15,15,16,15,30,31,15,15,15,15,15,15,15,32,33,34,35,36,15,15,15,15,37,38,39,15,15,15,40,15,15,15,15,15,15,15,15,15,15,41,42,15,15,15,15,13,13,13,13,13,13,13,13,25,25,25,25,25,25,25,25","0.000988960266113281","leiden","edit-xhwikibooks.graphml"
"0.6","0.35","0.05","0.533239143367043","1,1,1,2,3,1,4,1,5,6,7,8,9,5,5,10,11,12,13,14,15,16,17,5,5,5,5,18,19,20,21,22,23,24,13,13,25,26,15,15,15,15,16,16,16,16,15,16,16,16,15,15,15,15,15,16,16,16,16,15,27,15,15,28,29,15,15,15,15,15,16,15,30,31,15,15,15,15,15,15,15,32,33,34,35,36,15,15,15,15,37,38,39,15,15,15,40,15,15,15,15,15,15,15,15,15,15,41,42,15,15,15,15,13,13,13,13,13,13,13,13,25,25,25,25,25,25,25,25","0.000982999801635742","leiden","edit-xhwikibooks.graphml"
"0.59","0.36","0.05","0.604859697492849","1,1,1,2,3,4,5,6,7,8,9,10,11,6,6,12,13,14,15,16,17,18,19,20,6,6,6,21,22,23,24,25,26,27,15,15,28,29,17,17,17,17,18,18,18,18,17,18,18,18,17,17,17,17,17,18,18,18,18,17,30,17,17,31,32,17,17,17,17,17,18,17,33,34,17,17,17,17,17,17,17,35,36,37,38,39,17,17,17,17,40,41,42,17,17,17,43,17,17,17,17,17,17,17,17,17,17,44,45,17,17,17,17,15,15,15,15,15,15,15,15,28,28,28,28,28,28,28,28","0.000977993011474609","leiden","edit-xhwikibooks.graphml"
"0.58","0.37","0.05","0.604859697492849","1,1,1,2,3,4,5,6,7,8,9,10,11,6,6,12,13,14,15,16,17,18,19,20,6,6,6,21,22,23,24,25,26,27,15,15,28,29,17,17,17,17,18,18,18,18,17,18,18,18,17,17,17,17,17,18,18,18,18,17,30,17,17,31,32,17,17,17,17,17,18,17,33,34,17,17,17,17,17,17,17,35,36,37,38,39,17,17,17,17,40,41,42,17,17,17,43,17,17,17,17,17,17,17,17,17,17,44,45,17,17,17,17,15,15,15,15,15,15,15,15,28,28,28,28,28,28,28,28","0.00099492073059082","leiden","edit-xhwikibooks.graphml"
"0.57","0.38","0.05","0.602872155902459","1,1,1,2,3,4,5,6,7,8,9,10,11,6,6,12,13,14,15,16,17,18,19,20,6,6,6,21,22,23,24,25,26,27,15,15,28,29,17,17,17,17,18,18,18,18,17,18,18,18,17,17,17,17,17,18,18,18,18,17,30,17,17,31,32,17,17,17,17,17,18,17,33,34,17,17,17,17,17,17,17,35,36,37,38,39,17,17,17,17,40,41,42,17,17,17,43,17,17,17,17,17,17,17,17,17,17,44,45,17,17,17,17,15,15,15,15,15,15,15,15,28,28,28,28,28,28,28,28","0.000969886779785156","leiden","edit-xhwikibooks.graphml"
"0.56","0.39","0.05","0.60925","1,1,1,2,3,4,5,6,7,8,9,10,11,6,6,12,13,14,15,16,17,18,19,20,6,6,6,21,22,23,24,25,26,27,15,15,28,29,17,17,17,17,18,18,18,18,17,18,18,18,17,17,17,17,17,18,18,18,18,17,30,17,17,31,32,17,17,17,17,17,18,17,33,34,17,17,17,17,17,17,17,35,36,37,38,39,17,17,17,17,40,41,42,17,17,17,43,17,17,17,17,17,17,17,17,17,17,44,45,17,17,17,17,15,15,15,15,15,15,15,15,28,28,28,28,28,28,28,28","0.000931024551391602","leiden","edit-xhwikibooks.graphml"
"0.55","0.4","0.05","0.617046328335256","1,1,1,2,3,4,5,6,7,8,9,10,11,6,6,12,13,14,15,16,17,18,19,20,6,6,6,21,22,23,24,25,26,27,15,15,28,29,17,17,17,17,18,18,18,18,17,18,18,18,17,17,17,17,17,18,18,18,18,17,30,17,17,31,32,17,17,17,17,17,18,17,33,34,17,17,17,17,17,17,17,35,36,37,38,39,17,17,17,17,40,41,42,17,17,17,43,17,17,17,17,17,17,17,17,17,17,44,45,17,17,17,17,15,15,15,15,15,15,15,15,28,28,28,28,28,28,28,28","0.000869989395141602","leiden","edit-xhwikibooks.graphml"
"0.54","0.41","0.05","0.579085872576177","1,1,1,2,3,4,5,6,7,8,9,10,11,12,12,13,14,15,16,17,18,19,20,21,12,12,12,22,23,24,25,26,27,28,16,16,12,29,18,18,18,18,19,19,19,19,18,19,19,19,18,18,18,18,18,19,19,19,19,18,30,18,18,31,32,18,18,18,18,18,19,18,33,34,18,18,18,18,18,18,18,35,36,37,38,39,18,18,18,18,40,41,42,18,18,18,43,18,18,18,18,18,18,18,18,18,18,44,45,18,18,18,18,16,46,47,16,16,16,16,16,48,49,50,51,52,53,54,55","0.00124096870422363","leiden","edit-xhwikibooks.graphml"
"0.53","0.42","0.05","0.57704010306735","1,1,1,2,3,4,5,6,7,8,9,10,11,12,12,13,14,15,16,17,18,19,20,21,12,12,12,22,23,24,25,26,27,28,16,16,12,29,18,18,18,18,19,19,19,19,18,19,19,19,18,18,18,18,18,19,19,19,19,18,30,18,18,31,32,18,18,18,18,18,19,18,33,34,18,18,18,18,18,18,18,35,36,37,38,39,18,18,18,18,40,41,42,18,18,18,43,18,18,18,18,18,18,18,18,18,18,44,45,18,18,18,18,16,46,47,16,16,16,16,16,48,49,50,51,52,53,54,55","0.000988960266113281","leiden","edit-xhwikibooks.graphml"
"0.52","0.43","0.05","0.583398212032538","1,1,1,2,3,4,5,6,7,8,9,10,11,12,12,13,14,15,16,17,18,19,20,21,12,12,12,22,23,24,25,26,27,28,16,16,12,29,18,18,18,18,19,19,19,19,18,19,19,19,18,18,18,18,18,19,19,19,19,18,30,18,18,31,32,18,18,18,18,18,19,18,33,34,18,18,18,18,18,18,18,35,36,37,38,39,18,18,18,18,40,41,42,18,18,18,43,18,18,18,18,18,18,18,18,18,18,44,45,18,18,18,18,16,46,47,16,16,16,16,16,48,49,50,51,52,53,54,55","0.000908136367797852","leiden","edit-xhwikibooks.graphml"
"0.51","0.44","0.05","0.581384844298013","1,1,1,2,3,4,5,6,7,8,9,10,11,12,12,13,14,15,16,17,18,19,20,21,12,12,12,22,23,24,25,26,27,28,16,16,12,29,18,18,18,18,19,19,19,19,18,19,19,19,18,18,18,18,18,19,19,19,19,18,30,18,18,31,32,18,18,18,18,18,19,18,33,34,18,18,18,18,18,18,18,35,36,37,38,39,18,18,18,18,40,41,42,18,18,18,43,18,18,18,18,18,18,18,18,18,18,44,45,18,18,18,18,16,46,47,16,16,16,16,16,48,49,50,51,52,53,54,55","0.00101113319396973","leiden","edit-xhwikibooks.graphml"
"0.5","0.45","0.05","0.587489587671803","1,1,1,2,3,4,5,6,7,8,9,10,11,12,12,13,14,15,16,17,18,19,20,21,12,12,12,22,23,24,25,26,27,28,16,16,12,29,18,18,18,18,19,19,19,19,18,19,19,19,18,18,18,18,18,19,19,19,19,18,30,18,18,31,32,18,18,18,18,18,19,18,33,34,18,18,18,18,18,18,18,35,36,37,38,39,18,18,18,18,40,41,42,18,18,18,43,18,18,18,18,18,18,18,18,18,18,44,45,18,18,18,18,16,46,47,16,16,16,16,16,48,49,50,51,52,53,54,55","0.00103592872619629","leiden","edit-xhwikibooks.graphml"
"0.49","0.46","0.05","0.582335485214494","1,1,1,2,3,4,5,6,7,8,9,10,11,12,12,13,14,15,16,17,18,19,20,21,12,12,12,22,23,24,25,26,27,28,16,16,12,29,18,18,18,18,19,19,19,19,18,19,19,19,18,18,18,18,18,19,19,19,19,18,30,18,18,31,32,18,18,18,18,18,19,18,33,34,18,18,18,18,18,18,18,35,36,37,38,39,18,18,18,18,40,41,42,18,18,18,43,18,18,18,18,18,18,18,18,18,18,44,45,18,18,18,18,16,46,47,16,16,16,16,16,48,49,50,51,52,53,54,55","0.000931978225708008","leiden","edit-xhwikibooks.graphml"
"0.48","0.47","0.05","0.585508516065861","1,1,1,2,3,4,5,6,7,8,9,10,11,12,12,13,14,15,16,17,18,19,20,21,12,12,12,22,23,24,25,26,27,28,16,16,12,29,18,18,18,18,19,19,19,19,18,19,19,19,18,18,18,18,18,19,19,19,19,18,30,18,18,31,32,18,18,18,18,18,19,18,33,34,18,18,18,18,18,18,18,35,36,37,38,39,18,18,18,18,40,41,42,18,18,18,43,18,18,18,18,18,18,18,18,18,18,44,45,18,18,18,18,16,46,47,16,16,16,16,16,48,49,50,51,52,53,54,55","0.000944137573242188","leiden","edit-xhwikibooks.graphml"
"0.47","0.48","0.05","0.583537394143455","1,1,1,2,3,4,5,6,7,8,9,10,11,12,12,13,14,15,16,17,18,19,20,21,12,12,12,22,23,24,25,26,27,28,16,16,12,29,18,18,18,18,19,19,19,19,18,19,19,19,18,18,18,18,18,19,19,19,19,18,30,18,18,31,32,18,18,18,18,18,19,18,33,34,18,18,18,18,18,18,18,35,36,37,38,39,18,18,18,18,40,41,42,18,18,18,43,18,18,18,18,18,18,18,18,18,18,44,45,18,18,18,18,16,46,47,16,16,16,16,16,48,49,50,51,52,53,54,55","0.00103211402893066","leiden","edit-xhwikibooks.graphml"
"0.46","0.49","0.05","0.583537394143455","1,1,1,2,3,4,5,6,7,8,9,10,11,12,12,13,14,15,16,17,18,19,20,21,12,12,12,22,23,24,25,26,27,28,16,16,12,29,18,18,18,18,19,19,19,19,18,19,19,19,18,18,18,18,18,19,19,19,19,18,30,18,18,31,32,18,18,18,18,18,19,18,33,34,18,18,18,18,18,18,18,35,36,37,38,39,18,18,18,18,40,41,42,18,18,18,43,18,18,18,18,18,18,18,18,18,18,44,45,18,18,18,18,16,46,47,16,16,16,16,16,48,49,50,51,52,53,54,55","0.000952005386352539","leiden","edit-xhwikibooks.graphml"
"0.45","0.5","0.05","0.681230842181917","1,1,1,2,3,4,5,6,7,8,9,10,11,11,11,12,13,14,15,16,17,18,19,6,11,11,11,20,21,22,23,24,25,26,15,15,11,27,17,17,17,17,18,18,18,18,17,18,18,18,17,17,17,17,17,18,18,18,18,17,28,17,17,29,30,17,17,17,17,17,18,17,31,32,17,17,17,17,17,17,17,33,34,35,36,37,17,17,17,17,38,39,40,17,17,17,41,17,17,17,17,17,17,17,17,17,17,42,43,17,17,17,17,15,44,45,15,15,15,15,15,46,47,48,49,50,51,52,53","0.00118708610534668","leiden","edit-xhwikibooks.graphml"
"0.44","0.51","0.05","0.678107638888889","1,1,1,2,3,4,5,6,7,8,9,10,11,11,11,12,13,14,15,16,17,18,19,6,11,11,11,20,21,22,23,24,25,26,27,27,11,28,17,17,17,17,18,18,18,18,17,18,18,18,17,17,17,17,17,18,18,18,18,17,29,17,17,30,31,17,17,17,17,17,18,17,32,33,17,17,17,17,17,17,17,34,35,36,37,38,17,17,17,17,39,40,41,17,17,17,42,17,17,17,17,17,17,17,17,17,17,43,44,17,17,17,17,27,45,46,27,27,27,27,27,47,48,49,50,51,52,53,54","0.00100898742675781","leiden","edit-xhwikibooks.graphml"
"0.43","0.52","0.05","0.678107638888889","1,1,1,2,3,4,5,6,7,8,9,10,11,11,11,12,13,14,15,16,17,18,19,6,11,11,11,20,21,22,23,24,25,26,27,27,11,28,17,17,17,17,18,18,18,18,17,18,18,18,17,17,17,17,17,18,18,18,18,17,29,17,17,30,31,17,17,17,17,17,18,17,32,33,17,17,17,17,17,17,17,34,35,36,37,38,17,17,17,17,39,40,41,17,17,17,42,17,17,17,17,17,17,17,17,17,17,43,44,17,17,17,17,27,45,46,27,27,27,27,27,47,48,49,50,51,52,53,54","0.00101900100708008","leiden","edit-xhwikibooks.graphml"
"0.42","0.53","0.05","0.676520721061965","1,1,1,2,3,4,5,6,7,8,9,10,11,11,11,12,13,14,15,16,17,18,19,6,11,11,11,20,21,22,23,24,25,26,27,27,11,28,17,17,17,17,18,18,18,18,17,18,18,18,17,17,17,17,17,18,18,18,18,17,29,17,17,30,31,17,17,17,17,17,18,17,32,33,17,17,17,17,17,17,17,34,35,36,37,38,17,17,17,17,39,40,41,17,17,17,42,17,17,17,17,17,17,17,17,17,17,43,44,17,17,17,17,27,45,46,27,27,27,27,27,47,48,49,50,51,52,53,54","0.00119805335998535","leiden","edit-xhwikibooks.graphml"
"0.41","0.54","0.05","0.678454340550508","1,1,1,2,3,4,5,6,7,8,9,10,11,11,11,12,13,14,15,16,17,18,19,6,11,11,11,20,21,22,23,24,25,26,27,27,11,28,17,17,17,17,18,18,18,18,17,18,18,18,17,17,17,17,17,18,18,18,18,17,29,17,17,30,31,17,17,17,17,17,18,17,32,33,17,17,17,17,17,17,17,34,35,36,37,38,17,17,17,17,39,40,41,17,17,17,42,17,17,17,17,17,17,17,17,17,17,43,44,17,17,17,17,27,45,46,27,27,27,27,27,47,48,49,50,51,52,53,54","0.00101494789123535","leiden","edit-xhwikibooks.graphml"
"0.4","0.55","0.05","0.67687852461515","1,1,1,2,3,4,5,6,7,8,9,10,11,11,11,12,13,14,15,16,17,18,19,6,11,11,11,20,21,22,23,24,25,26,27,27,11,28,17,17,17,17,18,18,18,18,17,18,18,18,17,17,17,17,17,18,18,18,18,17,29,17,17,30,31,17,17,17,17,17,18,17,32,33,17,17,17,17,17,17,17,34,35,36,37,38,17,17,17,17,39,40,41,17,17,17,42,17,17,17,17,17,17,17,17,17,17,43,44,17,17,17,17,27,45,46,27,27,27,27,27,47,48,49,50,51,52,53,54","0.00101208686828613","leiden","edit-xhwikibooks.graphml"
"0.39","0.56","0.05","0.685159782553473","1,1,1,2,3,4,5,6,7,8,9,10,11,11,11,12,13,14,15,16,17,18,19,6,20,20,20,21,22,23,24,25,26,27,28,28,11,29,17,17,17,17,18,18,18,18,17,18,18,18,17,17,17,17,17,18,18,18,18,17,30,17,17,31,32,17,17,17,17,17,18,17,33,34,17,17,17,17,17,17,17,35,36,37,38,39,17,17,17,17,40,41,42,17,17,17,43,17,17,17,17,17,17,17,17,17,17,44,45,17,17,17,17,28,46,47,28,28,28,28,28,48,49,50,51,52,53,54,55","0.00102090835571289","leiden","edit-xhwikibooks.graphml"
"0.38","0.57","0.05","0.683552808384843","1,1,1,2,3,4,5,6,7,8,9,10,11,11,11,12,13,14,15,16,17,18,19,6,20,20,20,21,22,23,24,25,26,27,28,28,11,29,17,17,17,17,18,18,18,18,17,18,18,18,17,17,17,17,17,18,18,18,18,17,30,17,17,31,32,17,17,17,17,17,18,17,33,34,17,17,17,17,17,17,17,35,36,37,38,39,17,17,17,17,40,41,42,17,17,17,43,17,17,17,17,17,17,17,17,17,17,44,45,17,17,17,17,28,46,47,28,28,28,28,28,48,49,50,51,52,53,54,55","0.001007080078125","leiden","edit-xhwikibooks.graphml"
"0.37","0.58","0.05","0.686562231475973","1,1,1,2,3,4,5,6,7,8,9,10,11,11,11,12,13,14,15,16,17,18,19,6,20,20,20,21,22,23,24,25,26,27,28,28,11,29,17,17,17,17,18,18,18,18,17,18,18,18,17,17,17,17,17,18,18,18,18,17,30,17,17,31,32,17,17,17,17,17,18,17,33,34,17,17,17,17,17,17,17,35,36,37,38,39,17,17,17,17,40,41,42,17,17,17,43,17,17,17,17,17,17,17,17,17,17,44,45,17,17,17,17,28,46,47,28,28,28,28,28,48,49,50,51,52,53,54,55","0.00104498863220215","leiden","edit-xhwikibooks.graphml"
"0.36","0.59","0.05","0.68498090445672","1,1,1,2,3,4,5,6,7,8,9,10,11,11,11,12,13,14,15,16,17,18,19,6,20,20,20,21,22,23,24,25,26,27,28,28,11,29,17,17,17,17,18,18,18,18,17,18,18,18,17,17,17,17,17,18,18,18,18,17,30,17,17,31,32,17,17,17,17,17,18,17,33,34,17,17,17,17,17,17,17,35,36,37,38,39,17,17,17,17,40,41,42,17,17,17,43,17,17,17,17,17,17,17,17,17,17,44,45,17,17,17,17,28,46,47,28,28,28,28,28,48,49,50,51,52,53,54,55","0.00104308128356934","leiden","edit-xhwikibooks.graphml"
"0.35","0.6","0.05","0.691424","1,1,1,2,3,4,5,6,7,8,9,10,11,11,11,12,13,14,15,16,17,18,19,6,20,20,20,21,22,23,24,25,26,27,28,28,11,29,17,17,17,17,18,18,18,18,17,18,18,18,17,17,17,17,17,18,18,18,18,17,30,17,17,31,32,17,17,17,17,17,18,17,33,34,17,17,17,17,17,17,17,35,36,37,38,39,17,17,17,17,40,41,42,17,17,17,43,17,17,17,17,17,17,17,17,17,17,44,45,17,17,17,17,28,46,47,28,28,28,28,28,48,49,50,51,52,53,54,55","0.000952005386352539","leiden","edit-xhwikibooks.graphml"
"0.34","0.61","0.05","0.661414982164091","1,1,1,2,3,4,5,6,7,8,9,10,11,11,11,12,13,14,15,16,17,1,18,6,19,19,19,20,21,22,23,24,25,26,27,27,11,28,17,17,17,17,29,30,31,32,17,33,34,35,17,17,17,17,17,36,37,38,39,17,40,17,17,41,42,17,17,17,17,17,43,17,44,45,17,17,17,17,17,17,17,46,47,48,49,50,17,17,17,17,51,52,53,17,17,17,54,17,17,17,17,17,17,17,17,17,17,55,56,57,17,17,17,27,58,59,27,27,27,27,27,60,61,62,63,64,65,66,67","0.00115013122558594","leiden","edit-xhwikibooks.graphml"
"0.33","0.62","0.05","0.663596677043231","1,1,1,2,3,4,5,6,7,8,9,10,11,11,11,12,13,14,15,16,17,1,18,6,19,19,19,20,21,22,23,24,25,26,27,27,11,28,17,17,17,17,29,30,31,32,17,33,34,35,17,17,17,17,17,36,37,38,39,17,40,17,17,41,42,17,17,17,17,17,43,17,44,45,17,17,17,17,17,17,17,46,47,48,49,50,17,17,17,17,51,52,53,17,17,17,54,17,17,17,17,17,17,17,17,17,17,55,56,57,17,17,17,27,58,59,27,27,27,27,27,60,61,62,63,64,65,66,67","0.00123000144958496","leiden","edit-xhwikibooks.graphml"
"0.32","0.63","0.05","0.661881802907444","1,1,1,2,3,4,5,6,7,8,9,10,11,11,11,12,13,14,15,16,17,1,18,6,19,19,19,20,21,22,23,24,25,26,27,27,11,28,17,17,17,17,29,30,31,32,17,33,34,35,17,17,17,17,17,36,37,38,39,17,40,17,17,41,42,17,17,17,17,17,43,17,44,45,17,17,17,17,17,17,17,46,47,48,49,50,17,17,17,17,51,52,53,17,17,17,54,17,17,17,17,17,17,17,17,17,17,55,56,57,17,17,17,27,58,59,27,27,27,27,27,60,61,62,63,64,65,66,67","0.00110387802124023","leiden","edit-xhwikibooks.graphml"
"0.31","0.64","0.05","0.661881802907444","1,1,1,2,3,4,5,6,7,8,9,10,11,11,11,12,13,14,15,16,17,1,18,6,19,19,19,20,21,22,23,24,25,26,27,27,11,28,17,17,17,17,29,30,31,32,17,33,34,35,17,17,17,17,17,36,37,38,39,17,40,17,17,41,42,17,17,17,17,17,43,17,44,45,17,17,17,17,17,17,17,46,47,48,49,50,17,17,17,17,51,52,53,17,17,17,54,17,17,17,17,17,17,17,17,17,17,55,56,57,17,17,17,27,58,59,27,27,27,27,27,60,61,62,63,64,65,66,67","0.00108504295349121","leiden","edit-xhwikibooks.graphml"
"0.3","0.65","0.05","0.662309681126113","1,1,1,2,3,4,5,6,7,8,9,10,11,11,11,12,13,14,15,16,17,1,18,6,19,19,19,20,21,22,23,24,25,26,27,27,11,28,17,17,17,17,29,30,31,32,17,33,34,35,17,17,17,17,17,36,37,38,39,17,40,17,17,41,42,17,17,17,17,17,43,17,44,45,17,17,17,17,17,17,17,46,47,48,49,50,17,17,17,17,51,52,53,17,17,17,54,17,17,17,17,17,17,17,17,17,17,55,56,57,17,17,17,27,58,59,27,27,27,27,27,60,61,62,63,64,65,66,67","0.0013120174407959","leiden","edit-xhwikibooks.graphml"
"0.29","0.66","0.05","0.662309681126113","1,1,1,2,3,4,5,6,7,8,9,10,11,11,11,12,13,14,15,16,17,1,18,6,19,19,19,20,21,22,23,24,25,26,27,27,11,28,17,17,17,17,29,30,31,32,17,33,34,35,17,17,17,17,17,36,37,38,39,17,40,17,17,41,42,17,17,17,17,17,43,17,44,45,17,17,17,17,17,17,17,46,47,48,49,50,17,17,17,17,51,52,53,17,17,17,54,17,17,17,17,17,17,17,17,17,17,55,56,57,17,17,17,27,58,59,27,27,27,27,27,60,61,62,63,64,65,66,67","0.00108504295349121","leiden","edit-xhwikibooks.graphml"
"0.28","0.67","0.05","0.691385851018238","1,1,1,2,3,4,5,6,7,8,9,10,11,11,11,12,13,14,15,16,17,1,18,6,19,19,19,20,21,22,23,24,25,26,27,27,11,28,17,17,17,17,29,30,31,32,17,33,34,35,17,17,17,17,17,36,37,38,39,17,40,17,17,41,42,17,17,17,17,17,43,17,44,45,17,17,17,17,17,17,17,46,47,48,49,50,17,17,17,17,51,52,53,17,17,17,54,17,17,17,17,17,17,17,17,17,17,55,56,57,17,17,17,27,58,59,27,27,27,27,27,60,61,62,63,64,65,66,67","0.0010838508605957","leiden","edit-xhwikibooks.graphml"
"0.27","0.68","0.05","0.691385851018238","1,1,1,2,3,4,5,6,7,8,9,10,11,11,11,12,13,14,15,16,17,1,18,6,19,19,19,20,21,22,23,24,25,26,27,27,11,28,17,17,17,17,29,30,31,32,17,33,34,35,17,17,17,17,17,36,37,38,39,17,40,17,17,41,42,17,17,17,17,17,43,17,44,45,17,17,17,17,17,17,17,46,47,48,49,50,17,17,17,17,51,52,53,17,17,17,54,17,17,17,17,17,17,17,17,17,17,55,56,57,17,17,17,27,58,59,27,27,27,27,27,60,61,62,63,64,65,66,67","0.00111913681030273","leiden","edit-xhwikibooks.graphml"
"0.26","0.69","0.05","0.689783320735701","1,1,1,2,3,4,5,6,7,8,9,10,11,11,11,12,13,14,15,16,17,1,18,6,19,19,19,20,21,22,23,24,25,26,27,27,11,28,17,17,17,17,29,30,31,32,17,33,34,35,17,17,17,17,17,36,37,38,39,17,40,17,17,41,42,17,17,17,17,17,43,17,44,45,17,17,17,17,17,17,17,46,47,48,49,50,17,17,17,17,51,52,53,17,17,17,54,17,17,17,17,17,17,17,17,17,17,55,56,57,17,17,17,27,58,59,27,27,27,27,27,60,61,62,63,64,65,66,67","0.00111484527587891","leiden","edit-xhwikibooks.graphml"
"0.25","0.7","0.05","0.691558999515693","1,1,1,2,3,4,5,6,7,8,9,10,11,11,11,12,13,14,15,16,17,1,18,6,19,19,19,20,21,22,23,24,25,26,27,27,11,28,17,17,17,17,29,30,31,32,17,33,34,35,17,17,17,17,17,36,37,38,39,17,40,17,17,41,42,17,17,17,17,17,43,17,44,45,17,17,17,17,17,17,17,46,47,48,49,50,17,17,17,17,51,52,53,17,17,17,54,17,17,17,17,17,17,17,17,17,17,55,56,57,17,17,17,27,58,59,27,27,27,27,27,60,61,62,63,64,65,66,67","0.00114202499389648","leiden","edit-xhwikibooks.graphml"
"0.24","0.71","0.05","0.69268468586602","1,1,1,2,3,4,5,6,7,8,9,10,11,11,11,12,13,14,15,16,17,1,18,6,19,19,19,20,21,22,23,24,25,26,27,27,28,29,17,17,17,17,30,31,32,33,17,34,35,36,17,17,17,17,17,37,38,39,40,17,41,17,17,42,43,17,17,17,17,17,44,17,45,46,17,17,17,17,17,17,17,47,48,49,50,51,17,17,17,17,52,53,54,17,17,17,55,17,17,17,17,17,17,17,17,17,17,56,57,58,17,17,17,59,60,61,59,59,59,59,59,62,63,64,65,66,67,68,69","0.00106620788574219","leiden","edit-xhwikibooks.graphml"
"0.23","0.72","0.05","0.696601667715038","1,1,1,2,3,4,5,6,7,8,9,10,11,11,11,12,13,14,15,16,17,1,18,6,19,19,19,20,21,22,23,24,25,26,27,27,28,29,17,17,17,17,30,31,32,33,17,34,35,36,17,17,17,17,17,37,38,39,40,17,41,17,17,42,43,17,17,17,17,17,44,17,45,46,17,17,17,17,17,17,17,47,48,49,50,51,17,17,17,17,52,53,54,17,17,17,55,17,17,17,17,17,17,17,17,17,17,56,57,58,17,17,17,59,60,61,59,59,59,59,59,62,63,64,65,66,67,68,69","0.00105714797973633","leiden","edit-xhwikibooks.graphml"
"0.22","0.73","0.05","0.694848","1,1,1,2,3,4,5,6,7,8,9,10,11,11,11,12,13,14,15,16,17,1,18,6,19,19,19,20,21,22,23,24,25,26,27,27,28,29,17,17,17,17,30,31,32,33,17,34,35,36,17,17,17,17,17,37,38,39,40,17,41,17,17,42,43,17,17,17,17,17,44,17,45,46,17,17,17,17,17,17,17,47,48,49,50,51,17,17,17,17,52,53,54,17,17,17,55,17,17,17,17,17,17,17,17,17,17,56,57,58,17,17,17,59,60,61,59,59,59,59,59,62,63,64,65,66,67,68,69","0.00112104415893555","leiden","edit-xhwikibooks.graphml"
"0.21","0.74","0.05","0.694848","1,1,1,2,3,4,5,6,7,8,9,10,11,11,11,12,13,14,15,16,17,1,18,6,19,19,19,20,21,22,23,24,25,26,27,27,28,29,17,17,17,17,30,31,32,33,17,34,35,36,17,17,17,17,17,37,38,39,40,17,41,17,17,42,43,17,17,17,17,17,44,17,45,46,17,17,17,17,17,17,17,47,48,49,50,51,17,17,17,17,52,53,54,17,17,17,55,17,17,17,17,17,17,17,17,17,17,56,57,58,17,17,17,59,60,61,59,59,59,59,59,62,63,64,65,66,67,68,69","0.000977039337158203","leiden","edit-xhwikibooks.graphml"
"0.2","0.75","0.05","0.699578399156798","1,1,1,2,3,4,5,6,7,8,9,10,11,11,11,12,13,14,15,16,17,1,18,6,19,19,19,20,21,22,23,24,25,26,27,27,28,29,17,17,17,17,30,31,32,33,17,34,35,36,17,17,17,17,17,37,38,39,40,17,41,17,17,42,43,17,17,17,17,17,44,17,45,46,17,17,17,17,17,17,17,47,48,49,50,51,17,17,17,17,52,53,54,17,17,17,55,17,17,17,17,17,17,17,17,17,17,56,57,58,17,17,17,59,60,61,59,59,59,59,59,62,63,64,65,66,67,68,69","0.000977993011474609","leiden","edit-xhwikibooks.graphml"
"0.19","0.76","0.05","0.699578399156798","1,1,1,2,3,4,5,6,7,8,9,10,11,11,11,12,13,14,15,16,17,1,18,6,19,19,19,20,21,22,23,24,25,26,27,27,28,29,17,17,17,17,30,31,32,33,17,34,35,36,17,17,17,17,17,37,38,39,40,17,41,17,17,42,43,17,17,17,17,17,44,17,45,46,17,17,17,17,17,17,17,47,48,49,50,51,17,17,17,17,52,53,54,17,17,17,55,17,17,17,17,17,17,17,17,17,17,56,57,58,17,17,17,59,60,61,59,59,59,59,59,62,63,64,65,66,67,68,69","0.00100398063659668","leiden","edit-xhwikibooks.graphml"
"0.18","0.77","0.05","0.701237985390234","1,1,1,2,3,4,5,6,7,8,9,10,11,11,11,12,13,14,15,16,17,1,18,6,19,19,19,20,21,22,23,24,25,26,27,27,28,29,17,17,17,17,30,31,32,33,17,34,35,36,17,17,17,17,17,37,38,39,40,17,41,17,17,42,43,17,17,17,17,17,44,17,45,46,17,17,17,17,17,17,17,47,48,49,50,51,17,17,17,17,52,53,54,17,17,17,55,17,17,17,17,17,17,17,17,17,17,56,57,58,17,17,17,59,60,61,59,59,59,59,59,62,63,64,65,66,67,68,69","0.00122284889221191","leiden","edit-xhwikibooks.graphml"
"0.17","0.78","0.05","0.703383210143621","1,1,1,2,3,4,5,6,7,8,9,10,11,11,11,12,13,14,15,16,17,1,18,6,19,19,19,20,21,22,23,24,25,26,27,27,28,29,17,17,17,17,30,31,32,33,17,34,35,36,17,17,17,17,17,37,38,39,40,17,41,17,17,42,43,17,17,17,17,17,44,17,45,46,17,17,17,17,17,17,17,47,48,49,50,51,17,17,17,17,52,53,54,17,17,17,55,17,17,17,17,17,17,17,17,17,17,56,57,58,17,17,17,59,60,61,59,59,59,59,59,62,63,64,65,66,67,68,69","0.00098109245300293","leiden","edit-xhwikibooks.graphml"
"0.16","0.79","0.05","0.704968620026535","1,1,1,2,3,4,5,6,7,8,9,10,11,11,11,12,13,14,15,16,17,1,18,6,19,19,19,20,21,22,23,24,25,26,27,27,28,29,17,17,17,17,30,31,32,33,17,34,35,36,17,17,17,17,17,37,38,39,40,17,41,17,17,42,43,17,17,17,17,17,44,17,45,46,17,17,17,17,17,17,17,47,48,49,50,51,17,17,17,17,52,53,54,17,17,17,55,17,17,17,17,17,17,17,17,17,17,56,57,58,17,17,17,59,60,61,59,59,59,59,59,62,63,64,65,66,67,68,69","0.000988960266113281","leiden","edit-xhwikibooks.graphml"
"0.15","0.8","0.05","0.707184895985082","1,1,1,2,3,4,5,6,7,8,9,10,11,11,11,12,13,14,15,16,17,1,18,6,19,19,19,20,21,22,23,24,25,26,27,27,28,29,17,17,17,17,30,31,32,33,17,34,35,36,17,17,17,17,17,37,38,39,40,17,41,17,17,42,43,17,17,17,17,17,44,17,45,46,17,17,17,17,17,17,17,47,48,49,50,51,17,17,17,17,52,53,54,17,17,17,55,17,17,17,17,17,17,17,17,17,17,56,57,58,17,17,17,59,60,61,59,59,59,59,59,62,63,64,65,66,67,68,69","0.000875949859619141","leiden","edit-xhwikibooks.graphml"
"0.14","0.81","0.05","0.708856299819439","1,1,1,2,3,4,5,6,7,8,9,10,11,11,11,12,13,14,15,16,17,18,19,6,20,20,20,21,22,23,24,25,26,27,28,28,29,30,17,17,17,17,31,32,33,34,17,35,36,37,17,17,17,17,17,38,39,40,41,17,42,17,17,43,44,17,17,17,17,17,45,17,46,47,17,17,17,17,17,17,17,48,49,50,51,52,17,17,17,17,53,54,55,17,17,17,56,17,17,17,17,17,17,17,17,17,17,57,58,59,17,17,17,60,61,62,60,60,60,60,60,63,64,65,66,67,68,69,70","0.000884771347045898","leiden","edit-xhwikibooks.graphml"
"0.13","0.82","0.05","0.707155760153837","1,1,1,2,3,4,5,6,7,8,9,10,11,11,11,12,13,14,15,16,17,18,19,6,20,20,20,21,22,23,24,25,26,27,28,28,29,30,17,17,17,17,31,32,33,34,17,35,36,37,17,17,17,17,17,38,39,40,41,17,42,17,17,43,44,17,17,17,17,17,45,17,46,47,17,17,17,17,17,17,17,48,49,50,51,52,17,17,17,17,53,54,55,17,17,17,56,17,17,17,17,17,17,17,17,17,17,57,58,59,17,17,17,60,61,62,60,60,60,60,60,63,64,65,66,67,68,69,70","0.00085902214050293","leiden","edit-xhwikibooks.graphml"
"0.12","0.83","0.05","0.707155760153837","1,1,1,2,3,4,5,6,7,8,9,10,11,11,11,12,13,14,15,16,17,18,19,6,20,20,20,21,22,23,24,25,26,27,28,28,29,30,17,17,17,17,31,32,33,34,17,35,36,37,17,17,17,17,17,38,39,40,41,17,42,17,17,43,44,17,17,17,17,17,45,17,46,47,17,17,17,17,17,17,17,48,49,50,51,52,17,17,17,17,53,54,55,17,17,17,56,17,17,17,17,17,17,17,17,17,17,57,58,59,17,17,17,60,61,62,60,60,60,60,60,63,64,65,66,67,68,69,70","0.000898122787475586","leiden","edit-xhwikibooks.graphml"
"0.11","0.84","0.05","0.707156795224977","1,1,1,2,3,4,5,6,7,8,9,10,11,11,11,12,13,14,15,16,17,18,19,6,20,20,20,21,22,23,24,25,26,27,28,28,29,30,17,17,17,17,31,32,33,34,17,35,36,37,17,17,17,17,17,38,39,40,41,17,42,17,17,43,44,17,17,17,17,17,45,17,46,47,17,17,17,17,17,17,17,48,49,50,51,52,17,17,17,17,53,54,55,17,17,17,56,17,17,17,17,17,17,17,17,17,17,57,58,59,17,17,17,60,61,62,60,60,60,60,60,63,64,65,66,67,68,69,70","0.000894069671630859","leiden","edit-xhwikibooks.graphml"
"0.1","0.85","0.05","0.709006763972944","1,1,1,2,3,4,5,6,7,8,9,10,11,11,11,12,13,14,15,16,17,18,19,6,20,20,20,21,22,23,24,25,26,27,28,28,29,30,17,17,17,17,31,32,33,34,17,35,36,37,17,17,17,17,17,38,39,40,41,17,42,17,17,43,44,17,17,17,17,17,45,17,46,47,17,17,17,17,17,17,17,48,49,50,51,52,17,17,17,17,53,54,55,17,17,17,56,17,17,17,17,17,17,17,17,17,17,57,58,59,17,17,17,60,61,62,60,60,60,60,60,63,64,65,66,67,68,69,70","0.000946998596191406","leiden","edit-xhwikibooks.graphml"
"0.09","0.86","0.05","0.710681666295388","1,1,1,2,3,4,5,6,7,8,9,10,11,11,11,12,13,14,15,16,17,18,19,6,20,20,20,21,22,23,24,25,26,27,28,28,29,30,17,17,17,17,31,32,33,34,17,35,36,37,17,17,17,17,17,38,39,40,41,17,42,17,17,43,44,17,17,17,17,17,45,17,46,47,17,17,17,17,17,17,17,48,49,50,51,52,17,17,17,17,53,54,55,17,17,17,56,17,17,17,17,17,17,17,17,17,17,57,58,59,17,17,17,60,61,62,60,60,60,60,60,63,64,65,66,67,68,69,70","0.000855922698974609","leiden","edit-xhwikibooks.graphml"
"0.08","0.87","0.05","0.710681666295388","1,1,1,2,3,4,5,6,7,8,9,10,11,11,11,12,13,14,15,16,17,18,19,6,20,20,20,21,22,23,24,25,26,27,28,28,29,30,17,17,17,17,31,32,33,34,17,35,36,37,17,17,17,17,17,38,39,40,41,17,42,17,17,43,44,17,17,17,17,17,45,17,46,47,17,17,17,17,17,17,17,48,49,50,51,52,17,17,17,17,53,54,55,17,17,17,56,17,17,17,17,17,17,17,17,17,17,57,58,59,17,17,17,60,61,62,60,60,60,60,60,63,64,65,66,67,68,69,70","0.000871896743774414","leiden","edit-xhwikibooks.graphml"
"0.07","0.88","0.05","0.709028343997458","1,1,1,2,3,4,5,6,7,8,9,10,11,11,11,12,13,14,15,16,17,18,19,6,20,20,20,21,22,23,24,25,26,27,28,28,29,30,17,17,17,17,31,32,33,34,17,35,36,37,17,17,17,17,17,38,39,40,41,17,42,17,17,43,44,17,17,17,17,17,45,17,46,47,17,17,17,17,17,17,17,48,49,50,51,52,17,17,17,17,53,54,55,17,17,17,56,17,17,17,17,17,17,17,17,17,17,57,58,59,17,17,17,60,61,62,60,60,60,60,60,63,64,65,66,67,68,69,70","0.00084996223449707","leiden","edit-xhwikibooks.graphml"
"0.06","0.89","0.05","0.712490298334717","1,1,1,2,3,4,5,6,7,8,9,10,11,11,11,12,13,14,15,16,17,18,19,6,20,20,20,21,22,23,24,25,26,27,28,28,29,30,17,17,17,17,31,32,33,34,17,35,36,37,17,17,17,17,17,38,39,40,41,17,42,17,17,43,44,17,17,17,17,17,45,17,46,47,17,17,17,17,17,17,17,48,49,50,51,52,17,17,17,17,53,54,55,17,17,17,56,17,17,17,17,17,17,17,17,17,17,57,58,59,17,17,17,60,61,62,60,60,60,60,60,63,64,65,66,67,68,69,70","0.000877857208251953","leiden","edit-xhwikibooks.graphml"
"0.05","0.9","0.05","0.712608514806317","1,1,1,2,3,4,5,6,7,8,9,10,11,11,11,12,13,14,15,16,17,18,19,6,20,20,20,21,22,23,24,25,26,27,28,28,29,30,17,17,17,17,31,32,33,34,17,35,36,37,17,17,17,17,17,38,39,40,41,17,42,17,17,43,44,17,17,17,17,17,45,17,46,47,17,17,17,17,17,17,17,48,49,50,51,52,17,17,17,17,53,54,55,17,17,17,56,17,17,17,17,17,17,17,17,17,17,57,58,59,17,17,17,60,61,62,60,60,60,60,60,63,64,65,66,67,68,69,70","0.000916004180908203","leiden","edit-xhwikibooks.graphml"
"0.04","0.91","0.05","0.712608514806317","1,1,1,2,3,4,5,6,7,8,9,10,11,11,11,12,13,14,15,16,17,18,19,6,20,20,20,21,22,23,24,25,26,27,28,28,29,30,17,17,17,17,31,32,33,34,17,35,36,37,17,17,17,17,17,38,39,40,41,17,42,17,17,43,44,17,17,17,17,17,45,17,46,47,17,17,17,17,17,17,17,48,49,50,51,52,17,17,17,17,53,54,55,17,17,17,56,17,17,17,17,17,17,17,17,17,17,57,58,59,17,17,17,60,61,62,60,60,60,60,60,63,64,65,66,67,68,69,70","0.000861883163452148","leiden","edit-xhwikibooks.graphml"
"0.03","0.92","0.05","0.710986200650008","1,1,1,2,3,4,5,6,7,8,9,10,11,11,11,12,13,14,15,16,17,18,19,6,20,20,20,21,22,23,24,25,26,27,28,28,29,30,17,17,17,17,31,32,33,34,17,35,36,37,17,17,17,17,17,38,39,40,41,17,42,17,17,43,44,17,17,17,17,17,45,17,46,47,17,17,17,17,17,17,17,48,49,50,51,52,17,17,17,17,53,54,55,17,17,17,56,17,17,17,17,17,17,17,17,17,17,57,58,59,17,17,17,60,61,62,60,60,60,60,60,63,64,65,66,67,68,69,70","0.000852108001708984","leiden","edit-xhwikibooks.graphml"
"0.02","0.93","0.05","0.712727272727273","1,1,1,2,3,4,5,6,7,8,9,10,11,11,11,12,13,14,15,16,17,18,19,6,20,20,20,21,22,23,24,25,26,27,28,28,29,30,17,17,17,17,31,32,33,34,17,35,36,37,17,17,17,17,17,38,39,40,41,17,42,17,17,43,44,17,17,17,17,17,45,17,46,47,17,17,17,17,17,17,17,48,49,50,51,52,17,17,17,17,53,54,55,17,17,17,56,17,17,17,17,17,17,17,17,17,17,57,58,59,17,17,17,60,61,62,60,60,60,60,60,63,64,65,66,67,68,69,70","0.000847101211547852","leiden","edit-xhwikibooks.graphml"
"0.01","0.94","0.05","0.711116362108801","1,1,1,2,3,4,5,6,7,8,9,10,11,11,11,12,13,14,15,16,17,18,19,6,20,20,20,21,22,23,24,25,26,27,28,28,29,30,17,17,17,17,31,32,33,34,17,35,36,37,17,17,17,17,17,38,39,40,41,17,42,17,17,43,44,17,17,17,17,17,45,17,46,47,17,17,17,17,17,17,17,48,49,50,51,52,17,17,17,17,53,54,55,17,17,17,56,17,17,17,17,17,17,17,17,17,17,57,58,59,17,17,17,60,61,62,60,60,60,60,60,63,64,65,66,67,68,69,70","0.000865936279296875","leiden","edit-xhwikibooks.graphml"
"0","0.95","0.05","0.709204759704829","1,1,1,1,1,2,3,1,4,5,6,7,8,8,8,9,10,11,12,13,14,15,16,1,17,17,17,18,1,19,20,21,22,23,24,24,25,26,14,14,14,14,27,28,29,30,14,31,32,33,14,14,14,14,14,34,35,36,37,14,38,14,14,39,40,14,14,14,14,14,41,14,42,43,14,14,14,14,14,14,14,44,45,46,47,48,14,14,14,14,49,50,51,14,14,14,52,14,14,14,14,14,14,14,14,14,14,53,54,14,14,14,14,55,56,57,55,55,55,55,55,58,59,60,61,62,63,64,65","0.00110888481140137","leiden","edit-xhwikibooks.graphml"
"0.94","0","0.06","0.554109879245816","1,2,1,3,1,3,1,4,3,3,1,1,4,4,4,3,3,1,1,1,6,2,4,4,4,4,4,3,2,3,1,1,1,1,7,7,5,4,6,6,6,6,2,2,2,2,6,2,2,2,6,6,6,6,6,2,2,2,2,6,4,6,6,4,4,6,6,6,6,6,2,6,4,4,6,6,6,6,6,6,6,4,3,3,3,2,6,6,6,6,3,1,1,6,6,6,3,6,6,6,6,6,6,6,6,6,6,1,1,1,6,6,6,7,7,7,7,7,7,7,7,5,5,5,5,5,5,5,5","0.000826120376586914","leiden","edit-xhwikibooks.graphml"
"0.93","0.01","0.06","0.554604194619024","1,2,1,1,3,1,3,4,1,1,3,3,4,4,4,1,1,3,3,3,6,2,4,4,4,4,4,1,2,1,3,3,3,3,7,7,5,4,6,6,6,6,2,2,2,2,6,2,2,2,6,6,6,6,6,2,2,2,2,6,4,6,6,4,4,6,6,6,6,6,2,6,4,4,6,6,6,6,6,6,6,4,1,1,1,2,6,6,6,6,1,3,3,6,6,6,1,6,6,6,6,6,6,6,6,6,6,3,3,3,6,6,6,7,7,7,7,7,7,7,7,5,5,5,5,5,5,5,5","0.000791072845458984","leiden","edit-xhwikibooks.graphml"
"0.92","0.02","0.06","0.554665984040675","1,1,1,1,1,2,4,2,2,2,4,4,2,2,2,3,2,4,4,4,6,7,2,2,2,2,2,3,1,2,4,4,4,4,8,8,5,2,6,6,6,6,7,7,7,7,6,7,7,7,6,6,6,6,6,7,7,7,7,6,2,6,6,2,2,6,6,6,6,6,7,6,2,2,6,6,6,6,6,6,6,2,3,3,3,1,6,6,6,6,2,4,4,6,6,6,3,6,6,6,6,6,6,6,6,6,6,4,4,4,6,6,6,8,8,8,8,8,8,8,8,5,5,5,5,5,5,5,5","0.000931978225708008","leiden","edit-xhwikibooks.graphml"
"0.91","0.03","0.06","0.552808949423154","1,2,1,1,1,3,1,3,3,3,5,1,3,3,3,4,3,5,5,1,6,2,3,3,3,3,3,4,2,3,5,5,1,1,5,5,7,3,6,6,6,6,2,2,2,2,6,2,2,2,6,6,6,6,6,2,2,2,2,6,3,6,6,3,3,6,6,6,6,6,2,6,3,3,6,6,6,6,6,6,6,3,4,4,4,2,6,6,6,6,3,5,5,6,6,6,4,6,6,6,6,6,6,6,6,6,6,1,1,1,6,6,6,5,5,5,5,5,5,5,5,7,7,7,7,7,7,7,7","0.000792026519775391","leiden","edit-xhwikibooks.graphml"
"0.9","0.04","0.06","0.553089056564136","1,2,1,1,5,1,5,3,1,1,5,5,3,3,3,1,1,5,5,5,6,2,3,3,3,3,3,1,2,1,5,5,5,5,7,7,4,3,6,6,6,6,2,2,2,2,6,2,2,2,6,6,6,6,6,2,2,2,2,6,3,6,6,3,3,6,6,6,6,6,2,6,3,3,6,6,6,6,6,6,6,3,1,1,1,2,6,6,6,6,1,5,5,6,6,6,1,6,6,6,6,6,6,6,6,6,6,5,5,5,6,6,6,7,7,7,7,7,7,7,7,4,4,4,4,4,4,4,4","0.000793933868408203","leiden","edit-xhwikibooks.graphml"
"0.89","0.05","0.06","0.551640625","1,1,1,1,1,2,3,2,2,2,3,3,2,2,2,4,2,3,3,3,5,6,2,2,2,2,2,4,1,2,3,3,3,3,7,7,8,2,5,5,5,5,6,6,6,6,5,6,6,6,5,5,5,5,5,6,6,6,6,5,2,5,5,2,2,5,5,5,5,5,6,5,2,2,5,5,5,5,5,5,5,2,4,4,4,1,5,5,5,5,2,3,3,5,5,5,4,5,5,5,5,5,5,5,5,5,5,3,3,3,5,5,5,7,7,7,7,7,7,7,7,8,8,8,8,8,8,8,8","0.000822067260742188","leiden","edit-xhwikibooks.graphml"
"0.88","0.06","0.06","0.550329861111111","1,1,1,1,3,2,3,2,2,2,3,3,2,2,2,2,2,3,3,3,5,6,2,2,2,2,2,2,1,2,3,3,3,3,7,7,4,2,5,5,5,5,6,6,6,6,5,6,6,6,5,5,5,5,5,6,6,6,6,5,2,5,5,2,2,5,5,5,5,5,6,5,2,2,5,5,5,5,5,5,5,2,2,2,2,1,5,5,5,5,2,3,3,5,5,5,2,5,5,5,5,5,5,5,5,5,5,3,3,3,5,5,5,7,7,7,7,7,7,7,7,4,4,4,4,4,4,4,4","0.000800132751464844","leiden","edit-xhwikibooks.graphml"
"0.87","0.07","0.06","0.539085559076505","1,2,1,3,1,3,1,3,3,3,1,1,3,3,3,4,3,1,1,1,7,2,3,3,3,3,3,4,2,3,1,1,1,1,6,6,5,3,7,7,7,7,2,2,2,2,7,2,2,2,7,7,7,7,7,2,2,2,2,7,8,7,7,3,3,7,7,7,7,7,2,7,3,3,7,7,7,7,7,7,7,3,4,4,4,9,7,7,7,7,10,11,12,7,7,7,4,7,7,7,7,7,7,7,7,7,7,1,1,1,7,7,7,6,6,6,6,6,6,6,6,5,5,5,5,5,5,5,5","0.00086212158203125","leiden","edit-xhwikibooks.graphml"
"0.86","0.08","0.06","0.541259695489802","1,1,1,1,2,1,2,1,1,1,2,2,3,3,3,1,1,2,2,2,5,6,3,3,3,3,3,1,1,1,2,2,2,2,7,7,4,3,5,5,5,5,6,6,6,6,5,6,6,6,5,5,5,5,5,6,6,6,6,5,8,5,5,3,3,5,5,5,5,5,6,5,3,3,5,5,5,5,5,5,5,3,1,1,1,9,5,5,5,5,10,11,12,5,5,5,1,5,5,5,5,5,5,5,5,5,5,2,2,2,5,5,5,7,7,7,7,7,7,7,7,4,4,4,4,4,4,4,4","0.000856876373291016","leiden","edit-xhwikibooks.graphml"
"0.85","0.09","0.06","0.540422653064858","1,1,1,1,1,1,2,1,1,1,2,2,1,1,1,3,1,2,2,2,5,6,1,1,1,1,1,3,1,1,2,2,2,2,7,7,4,1,5,5,5,5,6,6,6,6,5,6,6,6,5,5,5,5,5,6,6,6,6,5,8,5,5,1,1,5,5,5,5,5,6,5,1,1,5,5,5,5,5,5,5,1,3,3,3,9,5,5,5,5,10,11,12,5,5,5,3,5,5,5,5,5,5,5,5,5,5,2,2,2,5,5,5,7,7,7,7,7,7,7,7,4,4,4,4,4,4,4,4","0.000883102416992188","leiden","edit-xhwikibooks.graphml"
"0.84","0.1","0.06","0.539728319891755","1,1,1,1,2,1,2,1,1,1,2,2,3,3,3,1,1,2,2,2,5,6,3,3,3,3,3,1,1,1,2,2,2,2,7,7,4,3,5,5,5,5,6,6,6,6,5,6,6,6,5,5,5,5,5,6,6,6,6,5,8,5,5,3,3,5,5,5,5,5,6,5,3,3,5,5,5,5,5,5,5,3,1,1,1,9,5,5,5,5,10,11,12,5,5,5,1,5,5,5,5,5,5,5,5,5,5,2,2,2,5,5,5,7,7,7,7,7,7,7,7,4,4,4,4,4,4,4,4","0.000828027725219727","leiden","edit-xhwikibooks.graphml"
"0.83","0.11","0.06","0.538733140314949","1,2,1,1,5,1,5,3,1,1,5,5,3,3,3,1,1,5,5,5,6,2,3,3,3,3,3,1,2,1,5,5,5,5,7,7,4,3,6,6,6,6,2,2,2,2,6,2,2,2,6,6,6,6,6,2,2,2,2,6,8,6,6,3,3,6,6,6,6,6,2,6,3,3,6,6,6,6,6,6,6,3,1,1,1,9,6,6,6,6,10,11,12,6,6,6,1,6,6,6,6,6,6,6,6,6,6,5,5,5,6,6,6,7,7,7,7,7,7,7,7,4,4,4,4,4,4,4,4","0.000832080841064453","leiden","edit-xhwikibooks.graphml"
"0.82","0.12","0.06","0.544895833333333","1,2,1,1,4,1,4,3,3,1,4,4,3,3,3,1,1,4,4,4,5,2,3,3,3,3,3,1,2,1,4,4,4,4,6,6,7,3,5,5,5,5,2,2,2,2,5,2,2,2,5,5,5,5,5,2,2,2,2,5,8,5,5,3,3,5,5,5,5,5,2,5,3,3,5,5,5,5,5,5,5,3,1,1,1,9,5,5,5,5,10,11,12,5,5,5,1,5,5,5,5,5,5,5,5,5,5,4,4,4,5,5,5,6,6,6,6,6,6,6,6,7,7,7,7,7,7,7,7","0.000859975814819336","leiden","edit-xhwikibooks.graphml"
"0.81","0.13","0.06","0.519780363936208","1,1,1,1,1,3,1,3,3,3,1,1,3,3,3,3,4,1,2,1,5,6,3,3,3,3,3,3,1,7,8,2,1,1,2,2,9,3,5,5,5,5,6,6,6,6,5,6,6,6,5,5,5,5,5,6,6,6,6,5,10,5,5,11,12,5,5,5,5,5,6,5,3,3,5,5,5,5,5,5,5,13,3,3,3,14,5,5,5,5,15,16,17,5,5,5,18,5,5,5,5,5,5,5,5,5,5,19,20,5,5,5,5,2,2,2,2,2,2,2,2,9,9,9,9,9,9,9,9","0.00093388557434082","leiden","edit-xhwikibooks.graphml"
"0.8","0.14","0.06","0.519892805607091","1,2,1,1,1,3,1,3,3,3,1,1,3,3,3,3,4,1,1,1,5,2,3,3,3,3,3,3,2,6,7,1,1,1,8,8,9,3,5,5,5,5,2,2,2,2,5,2,2,2,5,5,5,5,5,2,2,2,2,5,10,5,5,11,12,5,5,5,5,5,2,5,3,3,5,5,5,5,5,5,5,13,3,3,3,14,5,5,5,5,15,16,17,5,5,5,18,5,5,5,5,5,5,5,5,5,5,19,20,5,5,5,5,8,8,8,8,8,8,8,8,9,9,9,9,9,9,9,9","0.000931024551391602","leiden","edit-xhwikibooks.graphml"
"0.79","0.15","0.06","0.524508729636935","1,1,1,1,1,2,1,2,2,2,1,1,2,2,2,2,3,1,1,1,4,5,2,2,2,2,2,2,1,6,7,1,1,1,8,8,9,2,4,4,4,4,5,5,5,5,4,5,5,5,4,4,4,4,4,5,5,5,5,4,10,4,4,11,12,4,4,4,4,4,5,4,2,2,4,4,4,4,4,4,4,13,2,2,2,14,4,4,4,4,15,16,17,4,4,4,18,4,4,4,4,4,4,4,4,4,4,19,20,4,4,4,4,8,8,8,8,8,8,8,8,9,9,9,9,9,9,9,9","0.0010828971862793","leiden","edit-xhwikibooks.graphml"
"0.78","0.16","0.06","0.527876867360797","1,1,1,1,1,2,1,2,2,2,1,1,2,2,2,2,3,1,1,1,4,5,2,2,2,2,2,2,1,6,7,1,1,1,8,8,9,2,4,4,4,4,5,5,5,5,4,5,5,5,4,4,4,4,4,5,5,5,5,4,10,4,4,11,12,4,4,4,4,4,5,4,2,2,4,4,4,4,4,4,4,13,2,2,2,14,4,4,4,4,15,16,17,4,4,4,18,4,4,4,4,4,4,4,4,4,4,19,20,4,4,4,4,8,8,8,8,8,8,8,8,9,9,9,9,9,9,9,9","0.000921964645385742","leiden","edit-xhwikibooks.graphml"
"0.77","0.17","0.06","0.529526963271556","1,1,1,1,1,2,1,2,2,2,1,1,2,2,2,2,3,1,1,1,4,5,2,2,2,2,2,2,1,6,7,1,1,1,8,8,9,2,4,4,4,4,5,5,5,5,4,5,5,5,4,4,4,4,4,5,5,5,5,4,10,4,4,11,12,4,4,4,4,4,5,4,2,2,4,4,4,4,4,4,4,13,2,2,2,14,4,4,4,4,15,16,17,4,4,4,18,4,4,4,4,4,4,4,4,4,4,19,20,4,4,4,4,8,8,8,8,8,8,8,8,9,9,9,9,9,9,9,9","0.000904083251953125","leiden","edit-xhwikibooks.graphml"
"0.76","0.18","0.06","0.529526963271556","1,1,1,1,1,2,1,2,2,2,1,1,2,2,2,2,3,1,1,1,4,5,2,2,2,2,2,2,1,6,7,1,1,1,8,8,9,2,4,4,4,4,5,5,5,5,4,5,5,5,4,4,4,4,4,5,5,5,5,4,10,4,4,11,12,4,4,4,4,4,5,4,2,2,4,4,4,4,4,4,4,13,2,2,2,14,4,4,4,4,15,16,17,4,4,4,18,4,4,4,4,4,4,4,4,4,4,19,20,4,4,4,4,8,8,8,8,8,8,8,8,9,9,9,9,9,9,9,9","0.000923871994018555","leiden","edit-xhwikibooks.graphml"
"0.75","0.19","0.06","0.49199012345679","1,1,1,2,3,2,4,2,2,2,4,5,2,2,2,2,6,7,4,8,9,1,10,2,2,2,2,2,1,11,12,13,8,14,4,4,15,2,9,9,9,9,1,1,1,1,9,1,1,1,9,9,9,9,9,1,1,1,1,9,16,9,9,17,18,9,9,9,9,9,1,9,19,20,9,9,9,9,9,9,9,21,22,23,24,25,9,9,9,9,26,27,28,9,9,9,29,9,9,9,9,9,9,9,9,9,9,30,31,9,9,9,9,4,4,4,4,4,4,4,4,15,15,15,15,15,15,15,15","0.00102400779724121","leiden","edit-xhwikibooks.graphml"
"0.74","0.2","0.06","0.499000562789885","1,1,1,2,3,2,4,2,2,2,4,5,2,2,2,2,6,7,4,8,9,1,10,2,2,2,2,2,1,11,12,13,8,14,4,4,15,2,9,9,9,9,1,1,1,1,9,1,1,1,9,9,9,9,9,1,1,1,1,9,16,9,9,17,18,9,9,9,9,9,1,9,19,20,9,9,9,9,9,9,9,21,22,23,24,25,9,9,9,9,26,27,28,9,9,9,29,9,9,9,9,9,9,9,9,9,9,30,31,9,9,9,9,4,4,4,4,4,4,4,4,15,15,15,15,15,15,15,15","0.00106000900268555","leiden","edit-xhwikibooks.graphml"
"0.73","0.21","0.06","0.497422283779625","1,1,1,2,3,2,4,2,2,2,4,5,2,2,2,2,6,7,4,8,9,1,10,2,2,2,2,2,1,11,12,13,8,14,4,4,15,2,9,9,9,9,1,1,1,1,9,1,1,1,9,9,9,9,9,1,1,1,1,9,16,9,9,17,18,9,9,9,9,9,1,9,19,20,9,9,9,9,9,9,9,21,22,23,24,25,9,9,9,9,26,27,28,9,9,9,29,9,9,9,9,9,9,9,9,9,9,30,31,9,9,9,9,4,4,4,4,4,4,4,4,15,15,15,15,15,15,15,15","0.0010688304901123","leiden","edit-xhwikibooks.graphml"
"0.72","0.22","0.06","0.497422283779625","1,1,1,2,3,2,4,2,2,2,4,5,2,2,2,2,6,7,4,8,9,1,10,2,2,2,2,2,1,11,12,13,8,14,4,4,15,2,9,9,9,9,1,1,1,1,9,1,1,1,9,9,9,9,9,1,1,1,1,9,16,9,9,17,18,9,9,9,9,9,1,9,19,20,9,9,9,9,9,9,9,21,22,23,24,25,9,9,9,9,26,27,28,9,9,9,29,9,9,9,9,9,9,9,9,9,9,30,31,9,9,9,9,4,4,4,4,4,4,4,4,15,15,15,15,15,15,15,15","0.0207130908966064","leiden","edit-xhwikibooks.graphml"
"0.71","0.23","0.06","0.503157736923971","1,1,1,2,3,2,4,2,2,2,4,5,2,2,2,2,6,7,4,8,9,1,10,2,2,2,2,2,1,11,12,13,8,14,4,4,15,2,9,9,9,9,1,1,1,1,9,1,1,1,9,9,9,9,9,1,1,1,1,9,16,9,9,17,18,9,9,9,9,9,1,9,19,20,9,9,9,9,9,9,9,21,22,23,24,25,9,9,9,9,26,27,28,9,9,9,29,9,9,9,9,9,9,9,9,9,9,30,31,9,9,9,9,4,4,4,4,4,4,4,4,15,15,15,15,15,15,15,15","0.00129985809326172","leiden","edit-xhwikibooks.graphml"
"0.7","0.24","0.06","0.506493385850178","1,1,1,2,3,2,4,2,2,2,4,5,2,2,2,2,6,7,4,8,9,10,11,2,2,2,2,2,1,12,13,14,8,15,4,4,16,2,9,9,9,9,10,10,10,10,9,10,10,10,9,9,9,9,9,10,10,10,10,9,17,9,9,18,19,9,9,9,9,9,10,9,20,21,9,9,9,9,9,9,9,22,23,24,25,26,9,9,9,9,27,28,29,9,9,9,30,9,9,9,9,9,9,9,9,9,9,31,32,9,9,9,9,4,4,4,4,4,4,4,4,16,16,16,16,16,16,16,16","0.00103998184204102","leiden","edit-xhwikibooks.graphml"
"0.69","0.25","0.06","0.503803717143436","1,1,1,2,3,2,4,2,2,2,5,6,2,2,2,2,7,8,9,10,11,1,12,2,2,2,2,2,1,13,14,15,16,17,9,9,18,2,11,11,11,11,1,1,1,1,11,1,1,1,11,11,11,11,11,1,1,1,1,11,19,11,11,20,21,11,11,11,11,11,1,11,22,23,11,11,11,11,11,11,11,24,25,26,27,28,11,11,11,11,29,30,31,11,11,11,32,11,11,11,11,11,11,11,11,11,11,33,34,11,11,11,11,9,9,9,9,9,9,9,9,18,18,18,18,18,18,18,18","0.00103497505187988","leiden","edit-xhwikibooks.graphml"
"0.68","0.26","0.06","0.503803717143436","1,1,1,2,3,2,4,2,2,2,5,6,2,2,2,2,7,8,9,10,11,1,12,2,2,2,2,2,1,13,14,15,16,17,9,9,18,2,11,11,11,11,1,1,1,1,11,1,1,1,11,11,11,11,11,1,1,1,1,11,19,11,11,20,21,11,11,11,11,11,1,11,22,23,11,11,11,11,11,11,11,24,25,26,27,28,11,11,11,11,29,30,31,11,11,11,32,11,11,11,11,11,11,11,11,11,11,33,34,11,11,11,11,9,9,9,9,9,9,9,9,18,18,18,18,18,18,18,18","0.000948905944824219","leiden","edit-xhwikibooks.graphml"
"0.67","0.27","0.06","0.503803717143436","1,1,1,2,3,2,4,2,2,2,5,6,2,2,2,2,7,8,9,10,11,1,12,2,2,2,2,2,1,13,14,15,16,17,9,9,18,2,11,11,11,11,1,1,1,1,11,1,1,1,11,11,11,11,11,1,1,1,1,11,19,11,11,20,21,11,11,11,11,11,1,11,22,23,11,11,11,11,11,11,11,24,25,26,27,28,11,11,11,11,29,30,31,11,11,11,32,11,11,11,11,11,11,11,11,11,11,33,34,11,11,11,11,9,9,9,9,9,9,9,9,18,18,18,18,18,18,18,18","0.00100207328796387","leiden","edit-xhwikibooks.graphml"
"0.66","0.28","0.06","0.502264592008182","1,1,1,2,3,2,4,2,2,2,5,6,2,2,2,2,7,8,9,10,11,1,12,2,2,2,2,2,1,13,14,15,16,17,9,9,18,2,11,11,11,11,1,1,1,1,11,1,1,1,11,11,11,11,11,1,1,1,1,11,19,11,11,20,21,11,11,11,11,11,1,11,22,23,11,11,11,11,11,11,11,24,25,26,27,28,11,11,11,11,29,30,31,11,11,11,32,11,11,11,11,11,11,11,11,11,11,33,34,11,11,11,11,9,9,9,9,9,9,9,9,18,18,18,18,18,18,18,18","0.00100398063659668","leiden","edit-xhwikibooks.graphml"
"0.65","0.29","0.06","0.508797759264579","1,1,1,2,3,2,4,2,2,2,5,6,2,2,2,2,7,8,9,10,11,1,12,2,2,2,2,2,1,13,14,15,16,17,9,9,18,2,11,11,11,11,1,1,1,1,11,1,1,1,11,11,11,11,11,1,1,1,1,11,19,11,11,20,21,11,11,11,11,11,1,11,22,23,11,11,11,11,11,11,11,24,25,26,27,28,11,11,11,11,29,30,31,11,11,11,32,11,11,11,11,11,11,11,11,11,11,33,34,11,11,11,11,9,9,9,9,9,9,9,9,18,18,18,18,18,18,18,18","0.00103998184204102","leiden","edit-xhwikibooks.graphml"
"0.64","0.3","0.06","0.507272694902882","1,1,1,2,3,2,4,2,2,2,5,6,2,2,2,2,7,8,9,10,11,1,12,2,2,2,2,2,1,13,14,15,16,17,9,9,18,2,11,11,11,11,1,1,1,1,11,1,1,1,11,11,11,11,11,1,1,1,1,11,19,11,11,20,21,11,11,11,11,11,1,11,22,23,11,11,11,11,11,11,11,24,25,26,27,28,11,11,11,11,29,30,31,11,11,11,32,11,11,11,11,11,11,11,11,11,11,33,34,11,11,11,11,9,9,9,9,9,9,9,9,18,18,18,18,18,18,18,18","0.000973939895629883","leiden","edit-xhwikibooks.graphml"
"0.63","0.31","0.06","0.493042137336504","1,1,1,2,3,1,4,1,5,6,7,8,1,5,5,1,9,10,11,12,13,14,15,5,5,5,5,16,17,18,19,20,21,22,11,11,23,5,13,13,13,13,14,14,14,14,13,14,14,14,13,13,13,13,13,14,14,14,14,13,24,13,13,25,26,13,13,13,13,13,14,13,27,28,13,13,13,13,13,13,13,29,30,31,32,33,13,13,13,13,34,35,36,13,13,13,37,13,13,13,13,13,13,13,13,13,13,38,39,13,13,13,13,11,11,11,11,11,11,11,11,23,23,23,23,23,23,23,23","0.000998020172119141","leiden","edit-xhwikibooks.graphml"
"0.62","0.32","0.06","0.495206004821389","1,1,1,2,3,1,4,1,5,6,7,8,1,5,5,1,9,10,11,12,13,14,15,5,5,5,5,16,17,18,19,20,21,22,11,11,23,5,13,13,13,13,14,14,14,14,13,14,14,14,13,13,13,13,13,14,14,14,14,13,24,13,13,25,26,13,13,13,13,13,14,13,27,28,13,13,13,13,13,13,13,29,30,31,32,33,13,13,13,13,34,35,36,13,13,13,37,13,13,13,13,13,13,13,13,13,13,38,39,13,13,13,13,11,11,11,11,11,11,11,11,23,23,23,23,23,23,23,23","0.000883102416992188","leiden","edit-xhwikibooks.graphml"
"0.61","0.33","0.06","0.495206004821389","1,1,1,2,3,1,4,1,5,6,7,8,1,5,5,1,9,10,11,12,13,14,15,5,5,5,5,16,17,18,19,20,21,22,11,11,23,5,13,13,13,13,14,14,14,14,13,14,14,14,13,13,13,13,13,14,14,14,14,13,24,13,13,25,26,13,13,13,13,13,14,13,27,28,13,13,13,13,13,13,13,29,30,31,32,33,13,13,13,13,34,35,36,13,13,13,37,13,13,13,13,13,13,13,13,13,13,38,39,13,13,13,13,11,11,11,11,11,11,11,11,23,23,23,23,23,23,23,23","0.000896930694580078","leiden","edit-xhwikibooks.graphml"
"0.6","0.34","0.06","0.541789648554056","1,1,1,2,3,1,4,1,5,6,7,8,1,5,5,1,9,10,11,12,13,14,15,5,5,5,5,16,17,18,19,20,21,22,11,11,23,5,13,13,13,13,14,14,14,14,13,14,14,14,13,13,13,13,13,14,14,14,14,13,24,13,13,25,26,13,13,13,13,13,14,13,27,28,13,13,13,13,13,13,13,29,30,31,32,33,13,13,13,13,34,35,36,13,13,13,37,13,13,13,13,13,13,13,13,13,13,38,39,13,13,13,13,11,11,11,11,11,11,11,11,23,23,23,23,23,23,23,23","0.000912189483642578","leiden","edit-xhwikibooks.graphml"
"0.59","0.35","0.06","0.541789648554056","1,1,1,2,3,1,4,1,5,6,7,8,1,5,5,1,9,10,11,12,13,14,15,5,5,5,5,16,17,18,19,20,21,22,11,11,23,5,13,13,13,13,14,14,14,14,13,14,14,14,13,13,13,13,13,14,14,14,14,13,24,13,13,25,26,13,13,13,13,13,14,13,27,28,13,13,13,13,13,13,13,29,30,31,32,33,13,13,13,13,34,35,36,13,13,13,37,13,13,13,13,13,13,13,13,13,13,38,39,13,13,13,13,11,11,11,11,11,11,11,11,23,23,23,23,23,23,23,23","0.000999927520751953","leiden","edit-xhwikibooks.graphml"
"0.58","0.36","0.06","0.540248","1,1,1,2,3,1,4,1,5,7,8,9,1,5,5,1,10,11,12,13,14,15,16,5,5,5,5,17,18,19,20,21,22,23,12,12,6,5,14,14,14,14,15,15,15,15,14,15,15,15,14,14,14,14,14,15,15,15,15,14,24,14,14,25,26,14,14,14,14,14,15,14,27,28,14,14,14,14,14,14,14,29,30,31,32,33,14,14,14,14,34,35,36,14,14,14,37,14,14,14,14,14,14,14,14,14,14,38,39,14,14,14,14,12,12,12,12,12,12,12,12,6,6,6,6,6,6,6,6","0.000859975814819336","leiden","edit-xhwikibooks.graphml"
"0.57","0.37","0.06","0.531683849923782","1,1,1,2,3,1,4,1,5,6,7,8,9,5,5,10,11,12,13,14,15,16,17,5,5,5,5,18,19,20,21,22,23,24,13,13,25,26,15,15,15,15,16,16,16,16,15,16,16,16,15,15,15,15,15,16,16,16,16,15,27,15,15,28,29,15,15,15,15,15,16,15,30,31,15,15,15,15,15,15,15,32,33,34,35,36,15,15,15,15,37,38,39,15,15,15,40,15,15,15,15,15,15,15,15,15,15,41,42,15,15,15,15,13,13,13,13,13,13,13,13,25,25,25,25,25,25,25,25","0.000874996185302734","leiden","edit-xhwikibooks.graphml"
"0.56","0.38","0.06","0.533402687053435","1,1,1,2,3,1,4,1,5,6,7,8,9,5,5,10,11,12,13,14,15,16,17,5,5,5,5,18,19,20,21,22,23,24,13,13,25,26,15,15,15,15,16,16,16,16,15,16,16,16,15,15,15,15,15,16,16,16,16,15,27,15,15,28,29,15,15,15,15,15,16,15,30,31,15,15,15,15,15,15,15,32,33,34,35,36,15,15,15,15,37,38,39,15,15,15,40,15,15,15,15,15,15,15,15,15,15,41,42,15,15,15,15,13,13,13,13,13,13,13,13,25,25,25,25,25,25,25,25","0.000880002975463867","leiden","edit-xhwikibooks.graphml"
"0.55","0.39","0.06","0.539634291519182","1,1,1,2,3,1,4,1,5,6,7,8,9,5,5,10,11,12,13,14,15,16,17,5,5,5,5,18,19,20,21,22,23,24,13,13,25,26,15,15,15,15,16,16,16,16,15,16,16,16,15,15,15,15,15,16,16,16,16,15,27,15,15,28,29,15,15,15,15,15,16,15,30,31,15,15,15,15,15,15,15,32,33,34,35,36,15,15,15,15,37,38,39,15,15,15,40,15,15,15,15,15,15,15,15,15,15,41,42,15,15,15,15,13,13,13,13,13,13,13,13,25,25,25,25,25,25,25,25","0.000893115997314453","leiden","edit-xhwikibooks.graphml"
"0.54","0.4","0.06","0.544136338272677","1,1,1,2,3,1,4,1,5,6,7,8,9,5,5,10,11,12,13,14,15,16,17,5,5,5,5,18,19,20,21,22,23,24,13,13,25,26,15,15,15,15,16,16,16,16,15,16,16,16,15,15,15,15,15,16,16,16,16,15,27,15,15,28,29,15,15,15,15,15,16,15,30,31,15,15,15,15,15,15,15,32,33,34,35,36,15,15,15,15,37,38,39,15,15,15,40,15,15,15,15,15,15,15,15,15,15,41,42,15,15,15,15,13,13,13,13,13,13,13,13,25,25,25,25,25,25,25,25","0.00089716911315918","leiden","edit-xhwikibooks.graphml"
"0.53","0.41","0.06","0.544136338272677","1,1,1,2,3,1,4,1,5,6,7,8,9,5,5,10,11,12,13,14,15,16,17,5,5,5,5,18,19,20,21,22,23,24,13,13,25,26,15,15,15,15,16,16,16,16,15,16,16,16,15,15,15,15,15,16,16,16,16,15,27,15,15,28,29,15,15,15,15,15,16,15,30,31,15,15,15,15,15,15,15,32,33,34,35,36,15,15,15,15,37,38,39,15,15,15,40,15,15,15,15,15,15,15,15,15,15,41,42,15,15,15,15,13,13,13,13,13,13,13,13,25,25,25,25,25,25,25,25","0.000908851623535156","leiden","edit-xhwikibooks.graphml"
"0.52","0.42","0.06","0.542614379084967","1,1,1,2,3,1,4,1,5,6,7,8,9,5,5,10,11,12,13,14,15,16,17,5,5,5,5,18,19,20,21,22,23,24,13,13,25,26,15,15,15,15,16,16,16,16,15,16,16,16,15,15,15,15,15,16,16,16,16,15,27,15,15,28,29,15,15,15,15,15,16,15,30,31,15,15,15,15,15,15,15,32,33,34,35,36,15,15,15,15,37,38,39,15,15,15,40,15,15,15,15,15,15,15,15,15,15,41,42,15,15,15,15,13,13,13,13,13,13,13,13,25,25,25,25,25,25,25,25","0.000937938690185547","leiden","edit-xhwikibooks.graphml"
"0.51","0.43","0.06","0.541002046587199","1,1,1,2,3,4,5,6,7,8,9,10,11,6,6,12,13,14,15,16,17,18,19,20,6,6,6,21,22,23,24,25,26,27,15,15,28,29,17,17,17,17,18,18,18,18,17,18,18,18,17,17,17,17,17,18,18,18,18,17,30,17,17,31,32,17,17,17,17,17,18,17,33,34,17,17,17,17,17,17,17,35,36,37,38,39,17,17,17,17,40,41,42,17,17,17,43,17,17,17,17,17,17,17,17,17,17,44,45,17,17,17,17,15,15,15,15,15,15,15,15,28,28,28,28,28,28,28,28","0.000861883163452148","leiden","edit-xhwikibooks.graphml"
"0.5","0.44","0.06","0.539463078926158","1,1,1,2,3,4,5,6,7,8,9,10,11,6,6,12,13,14,15,16,17,18,19,20,6,6,6,21,22,23,24,25,26,27,15,15,28,29,17,17,17,17,18,18,18,18,17,18,18,18,17,17,17,17,17,18,18,18,18,17,30,17,17,31,32,17,17,17,17,17,18,17,33,34,17,17,17,17,17,17,17,35,36,37,38,39,17,17,17,17,40,41,42,17,17,17,43,17,17,17,17,17,17,17,17,17,17,44,45,17,17,17,17,15,15,15,15,15,15,15,15,28,28,28,28,28,28,28,28","0.0011138916015625","leiden","edit-xhwikibooks.graphml"
"0.49","0.45","0.06","0.545318603515625","1,1,1,2,3,4,5,6,7,8,9,10,11,6,6,12,13,14,15,16,17,18,19,20,6,6,6,21,22,23,24,25,26,27,15,15,28,29,17,17,17,17,18,18,18,18,17,18,18,18,17,17,17,17,17,18,18,18,18,17,30,17,17,31,32,17,17,17,17,17,18,17,33,34,17,17,17,17,17,17,17,35,36,37,38,39,17,17,17,17,40,41,42,17,17,17,43,17,17,17,17,17,17,17,17,17,17,44,45,17,17,17,17,15,15,15,15,15,15,15,15,28,28,28,28,28,28,28,28","0.000916957855224609","leiden","edit-xhwikibooks.graphml"
"0.48","0.46","0.06","0.543793244409453","1,1,1,2,3,4,5,6,7,8,9,10,11,6,6,12,13,14,15,16,17,18,19,20,6,6,6,21,22,23,24,25,26,27,15,15,28,29,17,17,17,17,18,18,18,18,17,18,18,18,17,17,17,17,17,18,18,18,18,17,30,17,17,31,32,17,17,17,17,17,18,17,33,34,17,17,17,17,17,17,17,35,36,37,38,39,17,17,17,17,40,41,42,17,17,17,43,17,17,17,17,17,17,17,17,17,17,44,45,17,17,17,17,15,15,15,15,15,15,15,15,28,28,28,28,28,28,28,28","0.000902891159057617","leiden","edit-xhwikibooks.graphml"
"0.47","0.47","0.06","0.546691905534523","1,1,1,2,3,4,5,6,7,8,9,10,11,6,6,12,13,14,15,16,17,18,19,20,6,6,6,21,22,23,24,25,26,27,15,15,28,29,17,17,17,17,18,18,18,18,17,18,18,18,17,17,17,17,17,18,18,18,18,17,30,17,17,31,32,17,17,17,17,17,18,17,33,34,17,17,17,17,17,17,17,35,36,37,38,39,17,17,17,17,40,41,42,17,17,17,43,17,17,17,17,17,17,17,17,17,17,44,45,17,17,17,17,15,15,15,15,15,15,15,15,28,28,28,28,28,28,28,28","0.000931024551391602","leiden","edit-xhwikibooks.graphml"
"0.46","0.48","0.06","0.545176726643908","1,1,1,2,3,4,5,6,7,8,9,10,11,6,6,12,13,14,15,16,17,18,19,20,6,6,6,21,22,23,24,25,26,27,15,15,28,29,17,17,17,17,18,18,18,18,17,18,18,18,17,17,17,17,17,18,18,18,18,17,30,17,17,31,32,17,17,17,17,17,18,17,33,34,17,17,17,17,17,17,17,35,36,37,38,39,17,17,17,17,40,41,42,17,17,17,43,17,17,17,17,17,17,17,17,17,17,44,45,17,17,17,17,15,15,15,15,15,15,15,15,28,28,28,28,28,28,28,28","0.000914096832275391","leiden","edit-xhwikibooks.graphml"
"0.45","0.49","0.06","0.505073038535263","1,1,1,2,3,4,5,6,7,8,9,10,11,12,12,13,14,15,16,17,18,19,20,21,12,12,12,22,23,24,25,26,27,28,16,16,12,29,18,18,18,18,19,19,19,19,18,19,19,19,18,18,18,18,18,19,19,19,19,18,30,18,18,31,32,18,18,18,18,18,19,18,33,34,18,18,18,18,18,18,18,35,36,37,38,39,18,18,18,18,40,41,42,18,18,18,43,18,18,18,18,18,18,18,18,18,18,44,45,18,18,18,18,16,46,47,16,16,16,16,16,48,49,50,51,52,53,54,55","0.000982046127319336","leiden","edit-xhwikibooks.graphml"
"0.44","0.5","0.06","0.614470778568982","1,1,1,2,3,4,5,6,7,8,9,10,11,11,11,12,13,14,15,16,17,18,19,6,11,11,11,20,21,22,23,24,25,26,15,15,11,27,17,17,17,17,18,18,18,18,17,18,18,18,17,17,17,17,17,18,18,18,18,17,28,17,17,29,30,17,17,17,17,17,18,17,31,32,17,17,17,17,17,17,17,33,34,35,36,37,17,17,17,17,38,39,40,17,17,17,41,17,17,17,17,17,17,17,17,17,17,42,43,17,17,17,17,15,44,45,15,15,15,15,15,46,47,48,49,50,51,52,53","0.00100111961364746","leiden","edit-xhwikibooks.graphml"
"0.43","0.51","0.06","0.614470778568982","1,1,1,2,3,4,5,6,7,8,9,10,11,11,11,12,13,14,15,16,17,18,19,6,11,11,11,20,21,22,23,24,25,26,15,15,11,27,17,17,17,17,18,18,18,18,17,18,18,18,17,17,17,17,17,18,18,18,18,17,28,17,17,29,30,17,17,17,17,17,18,17,31,32,17,17,17,17,17,17,17,33,34,35,36,37,17,17,17,17,38,39,40,17,17,17,41,17,17,17,17,17,17,17,17,17,17,42,43,17,17,17,17,15,44,45,15,15,15,15,15,46,47,48,49,50,51,52,53","0.000988006591796875","leiden","edit-xhwikibooks.graphml"
"0.42","0.52","0.06","0.614470778568982","1,1,1,2,3,4,5,6,7,8,9,10,11,11,11,12,13,14,15,16,17,18,19,6,11,11,11,20,21,22,23,24,25,26,15,15,11,27,17,17,17,17,18,18,18,18,17,18,18,18,17,17,17,17,17,18,18,18,18,17,28,17,17,29,30,17,17,17,17,17,18,17,31,32,17,17,17,17,17,17,17,33,34,35,36,37,17,17,17,17,38,39,40,17,17,17,41,17,17,17,17,17,17,17,17,17,17,42,43,17,17,17,17,15,44,45,15,15,15,15,15,46,47,48,49,50,51,52,53","0.000996112823486328","leiden","edit-xhwikibooks.graphml"
"0.41","0.53","0.06","0.613107524863952","1,1,1,2,3,4,5,6,7,8,9,10,11,11,11,12,13,14,15,16,17,18,19,6,11,11,11,20,21,22,23,24,25,26,15,15,11,27,17,17,17,17,18,18,18,18,17,18,18,18,17,17,17,17,17,18,18,18,18,17,28,17,17,29,30,17,17,17,17,17,18,17,31,32,17,17,17,17,17,17,17,33,34,35,36,37,17,17,17,17,38,39,40,17,17,17,41,17,17,17,17,17,17,17,17,17,17,42,43,17,17,17,17,15,44,45,15,15,15,15,15,46,47,48,49,50,51,52,53","0.00101113319396973","leiden","edit-xhwikibooks.graphml"
"0.4","0.54","0.06","0.615243043017392","1,1,1,2,3,4,5,6,7,8,9,10,11,11,11,12,13,14,15,16,17,18,19,6,11,11,11,20,21,22,23,24,25,26,15,15,11,27,17,17,17,17,18,18,18,18,17,18,18,18,17,17,17,17,17,18,18,18,18,17,28,17,17,29,30,17,17,17,17,17,18,17,31,32,17,17,17,17,17,17,17,33,34,35,36,37,17,17,17,17,38,39,40,17,17,17,41,17,17,17,17,17,17,17,17,17,17,42,43,17,17,17,17,15,44,45,15,15,15,15,15,46,47,48,49,50,51,52,53","0.00101804733276367","leiden","edit-xhwikibooks.graphml"
"0.39","0.55","0.06","0.611865018812101","1,1,1,2,3,4,5,6,7,8,9,10,11,11,11,12,13,14,15,16,17,18,19,6,11,11,11,20,21,22,23,24,25,26,15,15,11,27,17,17,17,17,18,18,18,18,17,18,18,18,17,17,17,17,17,18,18,18,18,17,28,17,17,29,30,17,17,17,17,17,18,17,31,32,17,17,17,17,17,17,17,33,34,35,36,37,17,17,17,17,38,39,40,17,17,17,41,17,17,17,17,17,17,17,17,17,17,42,43,17,17,17,17,15,44,45,15,15,15,15,15,46,47,48,49,50,51,52,53","0.00105094909667969","leiden","edit-xhwikibooks.graphml"
"0.38","0.56","0.06","0.615386383223212","1,1,1,2,3,4,5,6,7,8,9,10,11,11,11,12,13,14,15,16,17,18,19,6,11,11,11,20,21,22,23,24,25,26,15,15,11,27,17,17,17,17,18,18,18,18,17,18,18,18,17,17,17,17,17,18,18,18,18,17,28,17,17,29,30,17,17,17,17,17,18,17,31,32,17,17,17,17,17,17,17,33,34,35,36,37,17,17,17,17,38,39,40,17,17,17,41,17,17,17,17,17,17,17,17,17,17,42,43,17,17,17,17,15,44,45,15,15,15,15,15,46,47,48,49,50,51,52,53","0.0010380744934082","leiden","edit-xhwikibooks.graphml"
"0.37","0.57","0.06","0.614043097151205","1,1,1,2,3,4,5,6,7,8,9,10,11,11,11,12,13,14,15,16,17,18,19,6,11,11,11,20,21,22,23,24,25,26,15,15,11,27,17,17,17,17,18,18,18,18,17,18,18,18,17,17,17,17,17,18,18,18,18,17,28,17,17,29,30,17,17,17,17,17,18,17,31,32,17,17,17,17,17,17,17,33,34,35,36,37,17,17,17,17,38,39,40,17,17,17,41,17,17,17,17,17,17,17,17,17,17,42,43,17,17,17,17,15,44,45,15,15,15,15,15,46,47,48,49,50,51,52,53","0.00113201141357422","leiden","edit-xhwikibooks.graphml"
"0.36","0.58","0.06","0.61747218593757","1,1,1,2,3,4,5,6,7,8,9,10,11,11,11,12,13,14,15,16,17,18,19,6,11,11,11,20,21,22,23,24,25,26,15,15,11,27,17,17,17,17,18,18,18,18,17,18,18,18,17,17,17,17,17,18,18,18,18,17,28,17,17,29,30,17,17,17,17,17,18,17,31,32,17,17,17,17,17,17,17,33,34,35,36,37,17,17,17,17,38,39,40,17,17,17,41,17,17,17,17,17,17,17,17,17,17,42,43,17,17,17,17,15,44,45,15,15,15,15,15,46,47,48,49,50,51,52,53","0.000979900360107422","leiden","edit-xhwikibooks.graphml"
"0.35","0.59","0.06","0.618433333333333","1,1,1,2,3,4,5,6,7,8,9,10,11,11,11,12,13,14,15,16,17,18,19,6,11,11,11,20,21,22,23,24,25,26,15,15,11,27,17,17,17,17,18,18,18,18,17,18,18,18,17,17,17,17,17,18,18,18,18,17,28,17,17,29,30,17,17,17,17,17,18,17,31,32,17,17,17,17,17,17,17,33,34,35,36,37,17,17,17,17,38,39,40,17,17,17,41,17,17,17,17,17,17,17,17,17,17,42,43,17,17,17,17,15,44,45,15,15,15,15,15,46,47,48,49,50,51,52,53","0.0012359619140625","leiden","edit-xhwikibooks.graphml"
"0.34","0.6","0.06","0.622735844919083","1,1,1,2,3,4,5,6,7,8,9,10,11,11,11,12,13,14,15,16,17,18,19,6,11,11,11,20,21,22,23,24,25,26,15,15,11,27,17,17,17,17,18,18,18,18,17,18,18,18,17,17,17,17,17,18,18,18,18,17,28,17,17,29,30,17,17,17,17,17,18,17,31,32,17,17,17,17,17,17,17,33,34,35,36,37,17,17,17,17,38,39,40,17,17,17,41,17,17,17,17,17,17,17,17,17,17,42,43,17,17,17,17,15,44,45,15,15,15,15,15,46,47,48,49,50,51,52,53","0.00100302696228027","leiden","edit-xhwikibooks.graphml"
"0.33","0.61","0.06","0.617166666666667","1,1,1,2,3,4,5,6,7,8,9,10,11,11,11,12,13,14,15,16,17,18,19,6,11,11,11,20,21,22,23,24,25,26,27,27,11,28,17,17,17,17,18,18,18,18,17,18,18,18,17,17,17,17,17,18,18,18,18,17,29,17,17,30,31,17,17,17,17,17,18,17,32,33,17,17,17,17,17,17,17,34,35,36,37,38,17,17,17,17,39,40,41,17,17,17,42,17,17,17,17,17,17,17,17,17,17,43,44,17,17,17,17,27,45,46,27,27,27,27,27,47,48,49,50,51,52,53,54","0.00100088119506836","leiden","edit-xhwikibooks.graphml"
"0.32","0.62","0.06","0.619209500998885","1,1,1,2,3,4,5,6,7,8,9,10,11,11,11,12,13,14,15,16,17,18,19,6,11,11,11,20,21,22,23,24,25,26,27,27,11,28,17,17,17,17,18,18,18,18,17,18,18,18,17,17,17,17,17,18,18,18,18,17,29,17,17,30,31,17,17,17,17,17,18,17,32,33,17,17,17,17,17,17,17,34,35,36,37,38,17,17,17,17,39,40,41,17,17,17,42,17,17,17,17,17,17,17,17,17,17,43,44,17,17,17,17,27,45,46,27,27,27,27,27,47,48,49,50,51,52,53,54","0.00102114677429199","leiden","edit-xhwikibooks.graphml"
"0.31","0.63","0.06","0.61787860181571","1,1,1,2,3,4,5,6,7,8,9,10,11,11,11,12,13,14,15,16,17,18,19,6,11,11,11,20,21,22,23,24,25,26,27,27,11,28,17,17,17,17,18,18,18,18,17,18,18,18,17,17,17,17,17,18,18,18,18,17,29,17,17,30,31,17,17,17,17,17,18,17,32,33,17,17,17,17,17,17,17,34,35,36,37,38,17,17,17,17,39,40,41,17,17,17,42,17,17,17,17,17,17,17,17,17,17,43,44,17,17,17,17,27,45,46,27,27,27,27,27,47,48,49,50,51,52,53,54","0.00102591514587402","leiden","edit-xhwikibooks.graphml"
"0.3","0.64","0.06","0.61787860181571","1,1,1,2,3,4,5,6,7,8,9,10,11,11,11,12,13,14,15,16,17,18,19,6,11,11,11,20,21,22,23,24,25,26,27,27,11,28,17,17,17,17,18,18,18,18,17,18,18,18,17,17,17,17,17,18,18,18,18,17,29,17,17,30,31,17,17,17,17,17,18,17,32,33,17,17,17,17,17,17,17,34,35,36,37,38,17,17,17,17,39,40,41,17,17,17,42,17,17,17,17,17,17,17,17,17,17,43,44,17,17,17,17,27,45,46,27,27,27,27,27,47,48,49,50,51,52,53,54","0.00103402137756348","leiden","edit-xhwikibooks.graphml"
"0.29","0.65","0.06","0.618788954293629","1,1,1,2,3,4,5,6,7,8,9,10,11,11,11,12,13,14,15,16,17,18,19,6,11,11,11,20,21,22,23,24,25,26,27,27,11,28,17,17,17,17,18,18,18,18,17,18,18,18,17,17,17,17,17,18,18,18,18,17,29,17,17,30,31,17,17,17,17,17,18,17,32,33,17,17,17,17,17,17,17,34,35,36,37,38,17,17,17,17,39,40,41,17,17,17,42,17,17,17,17,17,17,17,17,17,17,43,44,17,17,17,17,27,45,46,27,27,27,27,27,47,48,49,50,51,52,53,54","0.00100588798522949","leiden","edit-xhwikibooks.graphml"
"0.28","0.66","0.06","0.618788954293629","1,1,1,2,3,4,5,6,7,8,9,10,11,11,11,12,13,14,15,16,17,18,19,6,11,11,11,20,21,22,23,24,25,26,27,27,11,28,17,17,17,17,18,18,18,18,17,18,18,18,17,17,17,17,17,18,18,18,18,17,29,17,17,30,31,17,17,17,17,17,18,17,32,33,17,17,17,17,17,17,17,34,35,36,37,38,17,17,17,17,39,40,41,17,17,17,42,17,17,17,17,17,17,17,17,17,17,43,44,17,17,17,17,27,45,46,27,27,27,27,27,47,48,49,50,51,52,53,54","0.00103116035461426","leiden","edit-xhwikibooks.graphml"
"0.27","0.67","0.06","0.646730746410348","1,1,1,2,3,4,5,6,7,8,9,10,11,11,11,12,13,14,15,16,17,18,19,6,20,20,20,21,22,23,24,25,26,27,28,28,11,29,17,17,17,17,18,18,18,18,17,18,18,18,17,17,17,17,17,18,18,18,18,17,30,17,17,31,32,17,17,17,17,17,18,17,33,34,17,17,17,17,17,17,17,35,36,37,38,39,17,17,17,17,40,41,42,17,17,17,43,17,17,17,17,17,17,17,17,17,17,44,45,17,17,17,17,28,46,47,28,28,28,28,28,48,49,50,51,52,53,54,55","0.0010378360748291","leiden","edit-xhwikibooks.graphml"
"0.26","0.68","0.06","0.646730746410348","1,1,1,2,3,4,5,6,7,8,9,10,11,11,11,12,13,14,15,16,17,18,19,6,20,20,20,21,22,23,24,25,26,27,28,28,11,29,17,17,17,17,18,18,18,18,17,18,18,18,17,17,17,17,17,18,18,18,18,17,30,17,17,31,32,17,17,17,17,17,18,17,33,34,17,17,17,17,17,17,17,35,36,37,38,39,17,17,17,17,40,41,42,17,17,17,43,17,17,17,17,17,17,17,17,17,17,44,45,17,17,17,17,28,46,47,28,28,28,28,28,48,49,50,51,52,53,54,55","0.0010528564453125","leiden","edit-xhwikibooks.graphml"
"0.25","0.69","0.06","0.645433908864889","1,1,1,2,3,4,5,6,7,8,9,10,11,11,11,12,13,14,15,16,17,18,19,6,20,20,20,21,22,23,24,25,26,27,28,28,11,29,17,17,17,17,18,18,18,18,17,18,18,18,17,17,17,17,17,18,18,18,18,17,30,17,17,31,32,17,17,17,17,17,18,17,33,34,17,17,17,17,17,17,17,35,36,37,38,39,17,17,17,17,40,41,42,17,17,17,43,17,17,17,17,17,17,17,17,17,17,44,45,17,17,17,17,28,46,47,28,28,28,28,28,48,49,50,51,52,53,54,55","0.00131893157958984","leiden","edit-xhwikibooks.graphml"
"0.24","0.7","0.06","0.6471875","1,1,1,2,3,4,5,6,7,8,9,10,11,11,11,12,13,14,15,16,17,18,19,6,20,20,20,21,22,23,24,25,26,27,28,28,11,29,17,17,17,17,18,18,18,18,17,18,18,18,17,17,17,17,17,18,18,18,18,17,30,17,17,31,32,17,17,17,17,17,18,17,33,34,17,17,17,17,17,17,17,35,36,37,38,39,17,17,17,17,40,41,42,17,17,17,43,17,17,17,17,17,17,17,17,17,17,44,45,17,17,17,17,28,46,47,28,28,28,28,28,48,49,50,51,52,53,54,55","0.00149416923522949","leiden","edit-xhwikibooks.graphml"
"0.23","0.71","0.06","0.645898234683281","1,1,1,2,3,4,5,6,7,8,9,10,11,11,11,12,13,14,15,16,17,18,19,6,20,20,20,21,22,23,24,25,26,27,28,28,11,29,17,17,17,17,18,18,18,18,17,18,18,18,17,17,17,17,17,18,18,18,18,17,30,17,17,31,32,17,17,17,17,17,18,17,33,34,17,17,17,17,17,17,17,35,36,37,38,39,17,17,17,17,40,41,42,17,17,17,43,17,17,17,17,17,17,17,17,17,17,44,45,17,17,17,17,28,46,47,28,28,28,28,28,48,49,50,51,52,53,54,55","0.00129103660583496","leiden","edit-xhwikibooks.graphml"
"0.22","0.72","0.06","0.648870400368067","1,1,1,2,3,4,5,6,7,8,9,10,11,11,11,12,13,14,15,16,17,18,19,6,20,20,20,21,22,23,24,25,26,27,28,28,11,29,17,17,17,17,18,18,18,18,17,18,18,18,17,17,17,17,17,18,18,18,18,17,30,17,17,31,32,17,17,17,17,17,18,17,33,34,17,17,17,17,17,17,17,35,36,37,38,39,17,17,17,17,40,41,42,17,17,17,43,17,17,17,17,17,17,17,17,17,17,44,45,17,17,17,17,28,46,47,28,28,28,28,28,48,49,50,51,52,53,54,55","0.00107312202453613","leiden","edit-xhwikibooks.graphml"
"0.21","0.73","0.06","0.618194033861865","1,1,1,2,3,4,5,6,7,8,9,10,11,11,11,12,13,14,15,16,17,1,18,6,19,19,19,20,21,22,23,24,25,26,27,27,11,28,17,17,17,17,29,30,31,32,17,33,34,35,17,17,17,17,17,36,37,38,39,17,40,17,17,41,42,17,17,17,17,17,43,17,44,45,17,17,17,17,17,17,17,46,47,48,49,50,17,17,17,17,51,52,53,17,17,17,54,17,17,17,17,17,17,17,17,17,17,55,56,17,17,17,17,27,57,58,27,27,27,27,27,59,60,61,62,63,64,65,66","0.00111484527587891","leiden","edit-xhwikibooks.graphml"
"0.2","0.74","0.06","0.618194033861865","1,1,1,2,3,4,5,6,7,8,9,10,11,11,11,12,13,14,15,16,17,1,18,6,19,19,19,20,21,22,23,24,25,26,27,27,11,28,17,17,17,17,29,30,31,32,17,33,34,35,17,17,17,17,17,36,37,38,39,17,40,17,17,41,42,17,17,17,17,17,43,17,44,45,17,17,17,17,17,17,17,46,47,48,49,50,17,17,17,17,51,52,53,17,17,17,54,17,17,17,17,17,17,17,17,17,17,55,56,17,17,17,17,27,57,58,27,27,27,27,27,59,60,61,62,63,64,65,66","0.00112223625183105","leiden","edit-xhwikibooks.graphml"
"0.19","0.75","0.06","0.623773316157141","1,1,1,2,3,4,5,6,7,8,9,10,11,11,11,12,13,14,15,16,17,1,18,6,19,19,19,20,21,22,23,24,25,26,27,27,11,28,17,17,17,17,29,30,31,32,17,33,34,35,17,17,17,17,17,36,37,38,39,17,40,17,17,41,42,17,17,17,17,17,43,17,44,45,17,17,17,17,17,17,17,46,47,48,49,50,17,17,17,17,51,52,53,17,17,17,54,17,17,17,17,17,17,17,17,17,17,55,56,17,17,17,17,27,57,58,27,27,27,27,27,59,60,61,62,63,64,65,66","0.00109720230102539","leiden","edit-xhwikibooks.graphml"
"0.18","0.76","0.06","0.623773316157141","1,1,1,2,3,4,5,6,7,8,9,10,11,11,11,12,13,14,15,16,17,1,18,6,19,19,19,20,21,22,23,24,25,26,27,27,11,28,17,17,17,17,29,30,31,32,17,33,34,35,17,17,17,17,17,36,37,38,39,17,40,17,17,41,42,17,17,17,17,17,43,17,44,45,17,17,17,17,17,17,17,46,47,48,49,50,17,17,17,17,51,52,53,17,17,17,54,17,17,17,17,17,17,17,17,17,17,55,56,17,17,17,17,27,57,58,27,27,27,27,27,59,60,61,62,63,64,65,66","0.00111103057861328","leiden","edit-xhwikibooks.graphml"
"0.17","0.77","0.06","0.625728407908429","1,1,1,2,3,4,5,6,7,8,9,10,11,11,11,12,13,14,15,16,17,1,18,6,19,19,19,20,21,22,23,24,25,26,27,27,11,28,17,17,17,17,29,30,31,32,17,33,34,35,17,17,17,17,17,36,37,38,39,17,40,17,17,41,42,17,17,17,17,17,43,17,44,45,17,17,17,17,17,17,17,46,47,48,49,50,17,17,17,17,51,52,53,17,17,17,54,17,17,17,17,17,17,17,17,17,17,55,56,17,17,17,17,27,57,58,27,27,27,27,27,59,60,61,62,63,64,65,66","0.00110220909118652","leiden","edit-xhwikibooks.graphml"
"0.16","0.78","0.06","0.627815941777501","1,1,1,2,3,4,5,6,7,8,9,10,11,11,11,12,13,14,15,16,17,1,18,6,19,19,19,20,21,22,23,24,25,26,27,27,11,28,17,17,17,17,29,30,31,32,17,33,34,35,17,17,17,17,17,36,37,38,39,17,40,17,17,41,42,17,17,17,17,17,43,17,44,45,17,17,17,17,17,17,17,46,47,48,49,50,17,17,17,17,51,52,53,17,17,17,54,17,17,17,17,17,17,17,17,17,17,55,56,17,17,17,17,27,57,58,27,27,27,27,27,59,60,61,62,63,64,65,66","0.00113797187805176","leiden","edit-xhwikibooks.graphml"
"0.15","0.79","0.06","0.629706073268692","1,1,1,2,3,4,5,6,7,8,9,10,11,11,11,12,13,14,15,16,17,1,18,6,19,19,19,20,21,22,23,24,25,26,27,27,11,28,17,17,17,17,29,30,31,32,17,33,34,35,17,17,17,17,17,36,37,38,39,17,40,17,17,41,42,17,17,17,17,17,43,17,44,45,17,17,17,17,17,17,17,46,47,48,49,50,17,17,17,17,51,52,53,17,17,17,54,17,17,17,17,17,17,17,17,17,17,55,56,17,17,17,17,27,57,58,27,27,27,27,27,59,60,61,62,63,64,65,66","0.00133085250854492","leiden","edit-xhwikibooks.graphml"
"0.14","0.8","0.06","0.632492113564669","1,1,1,2,3,4,5,6,7,8,9,10,11,11,11,12,13,14,15,16,17,1,18,6,19,19,19,20,21,22,23,24,25,26,27,27,11,28,17,17,17,17,29,30,31,32,17,33,34,35,17,17,17,17,17,36,37,38,39,17,40,17,17,41,42,17,17,17,17,17,43,17,44,45,17,17,17,17,17,17,17,46,47,48,49,50,17,17,17,17,51,52,53,17,17,17,54,17,17,17,17,17,17,17,17,17,17,55,56,17,17,17,17,27,57,58,27,27,27,27,27,59,60,61,62,63,64,65,66","0.000970840454101562","leiden","edit-xhwikibooks.graphml"
"0.13","0.81","0.06","0.632492113564669","1,1,1,2,3,4,5,6,7,8,9,10,11,11,11,12,13,14,15,16,17,1,18,6,19,19,19,20,21,22,23,24,25,26,27,27,11,28,17,17,17,17,29,30,31,32,17,33,34,35,17,17,17,17,17,36,37,38,39,17,40,17,17,41,42,17,17,17,17,17,43,17,44,45,17,17,17,17,17,17,17,46,47,48,49,50,17,17,17,17,51,52,53,17,17,17,54,17,17,17,17,17,17,17,17,17,17,55,56,17,17,17,17,27,57,58,27,27,27,27,27,59,60,61,62,63,64,65,66","0.00106501579284668","leiden","edit-xhwikibooks.graphml"
"0.12","0.82","0.06","0.631170641984099","1,1,1,2,3,4,5,6,7,8,9,10,11,11,11,12,13,14,15,16,17,1,18,6,19,19,19,20,21,22,23,24,25,26,27,27,11,28,17,17,17,17,29,30,31,32,17,33,34,35,17,17,17,17,17,36,37,38,39,17,40,17,17,41,42,17,17,17,17,17,43,17,44,45,17,17,17,17,17,17,17,46,47,48,49,50,17,17,17,17,51,52,53,17,17,17,54,17,17,17,17,17,17,17,17,17,17,55,56,17,17,17,17,27,57,58,27,27,27,27,27,59,60,61,62,63,64,65,66","0.00109505653381348","leiden","edit-xhwikibooks.graphml"
"0.11","0.83","0.06","0.696076178633218","1,1,1,2,3,4,5,6,7,8,9,10,11,11,11,12,13,14,15,16,17,1,18,6,19,19,19,20,21,22,23,24,25,26,27,27,11,28,17,17,17,17,29,30,31,32,17,33,34,35,17,17,17,17,17,36,37,38,39,17,40,17,17,41,42,17,17,17,17,17,43,17,44,45,17,17,17,17,17,17,17,46,47,48,49,50,17,17,17,17,51,52,53,17,17,17,54,17,17,17,17,17,17,17,17,17,17,55,56,17,17,17,17,27,57,58,27,27,27,27,27,59,60,61,62,63,64,65,66","0.000956058502197266","leiden","edit-xhwikibooks.graphml"
"0.1","0.84","0.06","0.700002805481912","1,1,1,2,3,4,5,6,7,8,9,10,11,11,11,12,13,14,15,16,17,1,18,6,19,19,19,20,21,22,23,24,25,26,27,27,28,29,17,17,17,17,30,31,32,33,17,34,35,36,17,17,17,17,17,37,38,39,40,17,41,17,17,42,43,17,17,17,17,17,44,17,45,46,17,17,17,17,17,17,17,47,48,49,50,51,17,17,17,17,52,53,54,17,17,17,55,17,17,17,17,17,17,17,17,17,17,56,57,17,17,17,17,58,59,60,58,58,58,58,58,61,62,63,64,65,66,67,68","0.000979900360107422","leiden","edit-xhwikibooks.graphml"
"0.09","0.85","0.06","0.701666573847182","1,1,1,2,3,4,5,6,7,8,9,10,11,11,11,12,13,14,15,16,17,18,19,6,20,20,20,21,22,23,24,25,26,27,28,28,29,30,17,17,17,17,31,32,33,34,17,35,36,37,17,17,17,17,17,38,39,40,41,17,42,17,17,43,44,17,17,17,17,17,45,17,46,47,17,17,17,17,17,17,17,48,49,50,51,52,17,17,17,17,53,54,55,17,17,17,56,17,17,17,17,17,17,17,17,17,17,57,58,17,17,17,17,59,60,61,59,59,59,59,59,62,63,64,65,66,67,68,69","0.000866889953613281","leiden","edit-xhwikibooks.graphml"
"0.08","0.86","0.06","0.703442218924034","1,1,1,2,3,4,5,6,7,8,9,10,11,11,11,12,13,14,15,16,17,18,19,6,20,20,20,21,22,23,24,25,26,27,28,28,29,30,17,17,17,17,31,32,33,34,17,35,36,37,17,17,17,17,17,38,39,40,41,17,42,17,17,43,44,17,17,17,17,17,45,17,46,47,17,17,17,17,17,17,17,48,49,50,51,52,17,17,17,17,53,54,55,17,17,17,56,17,17,17,17,17,17,17,17,17,17,57,58,17,17,17,17,59,60,61,59,59,59,59,59,62,63,64,65,66,67,68,69","0.000895023345947266","leiden","edit-xhwikibooks.graphml"
"0.07","0.87","0.06","0.703442218924034","1,1,1,2,3,4,5,6,7,8,9,10,11,11,11,12,13,14,15,16,17,18,19,6,20,20,20,21,22,23,24,25,26,27,28,28,29,30,17,17,17,17,31,32,33,34,17,35,36,37,17,17,17,17,17,38,39,40,41,17,42,17,17,43,44,17,17,17,17,17,45,17,46,47,17,17,17,17,17,17,17,48,49,50,51,52,17,17,17,17,53,54,55,17,17,17,56,17,17,17,17,17,17,17,17,17,17,57,58,17,17,17,17,59,60,61,59,59,59,59,59,62,63,64,65,66,67,68,69","0.000869989395141602","leiden","edit-xhwikibooks.graphml"
"0.06","0.88","0.06","0.703598599202995","1,1,1,2,3,4,5,6,7,8,9,10,11,11,11,12,13,14,15,16,17,18,19,6,20,20,20,21,22,23,24,25,26,27,28,28,29,30,17,17,17,17,31,32,33,34,17,35,36,37,17,17,17,17,17,38,39,40,41,17,42,17,17,43,44,17,17,17,17,17,45,17,46,47,17,17,17,17,17,17,17,48,49,50,51,52,17,17,17,17,53,54,55,17,17,17,56,17,17,17,17,17,17,17,17,17,17,57,58,17,17,17,17,59,60,61,59,59,59,59,59,62,63,64,65,66,67,68,69","0.000884056091308594","leiden","edit-xhwikibooks.graphml"
"0.05","0.89","0.06","0.708715168629123","1,1,1,2,3,4,5,6,7,8,9,10,11,11,11,12,13,14,15,16,17,18,19,6,20,20,20,21,22,23,24,25,26,27,28,28,29,30,17,17,17,17,31,32,33,34,17,35,36,37,17,17,17,17,17,38,39,40,41,17,42,17,17,43,44,17,17,17,17,17,45,17,46,47,17,17,17,17,17,17,17,48,49,50,51,52,17,17,17,17,53,54,55,17,17,17,56,17,17,17,17,17,17,17,17,17,17,57,58,17,17,17,17,59,60,61,59,59,59,59,59,62,63,64,65,66,67,68,69","0.000885963439941406","leiden","edit-xhwikibooks.graphml"
"0.04","0.9","0.06","0.707100826446281","1,1,1,2,3,4,5,6,7,8,9,10,11,11,11,12,13,14,15,16,17,18,19,6,20,20,20,21,22,23,24,25,26,27,28,28,29,30,17,17,17,17,31,32,33,34,17,35,36,37,17,17,17,17,17,38,39,40,41,17,42,17,17,43,44,17,17,17,17,17,45,17,46,47,17,17,17,17,17,17,17,48,49,50,51,52,17,17,17,17,53,54,55,17,17,17,56,17,17,17,17,17,17,17,17,17,17,57,58,17,17,17,17,59,60,61,59,59,59,59,59,62,63,64,65,66,67,68,69","0.000876903533935547","leiden","edit-xhwikibooks.graphml"
"0.03","0.91","0.06","0.707100826446281","1,1,1,2,3,4,5,6,7,8,9,10,11,11,11,12,13,14,15,16,17,18,19,6,20,20,20,21,22,23,24,25,26,27,28,28,29,30,17,17,17,17,31,32,33,34,17,35,36,37,17,17,17,17,17,38,39,40,41,17,42,17,17,43,44,17,17,17,17,17,45,17,46,47,17,17,17,17,17,17,17,48,49,50,51,52,17,17,17,17,53,54,55,17,17,17,56,17,17,17,17,17,17,17,17,17,17,57,58,17,17,17,17,59,60,61,59,59,59,59,59,62,63,64,65,66,67,68,69","0.000926971435546875","leiden","edit-xhwikibooks.graphml"
"0.02","0.92","0.06","0.705517485822307","1,1,1,2,3,4,5,6,7,8,9,10,11,11,11,12,13,14,15,16,17,18,19,6,20,20,20,21,22,23,24,25,26,27,28,28,29,30,17,17,17,17,31,32,33,34,17,35,36,37,17,17,17,17,17,38,39,40,41,17,42,17,17,43,44,17,17,17,17,17,45,17,46,47,17,17,17,17,17,17,17,48,49,50,51,52,17,17,17,17,53,54,55,17,17,17,56,17,17,17,17,17,17,17,17,17,17,57,58,59,17,17,17,60,61,62,60,60,60,60,60,63,64,65,66,67,68,69,70","0.000952005386352539","leiden","edit-xhwikibooks.graphml"
"0.01","0.93","0.06","0.707248888946813","1,1,1,2,3,4,5,6,7,8,9,10,11,11,11,12,13,14,15,16,17,18,19,6,20,20,20,21,22,23,24,25,26,27,28,28,29,30,17,17,17,17,31,32,33,34,17,35,36,37,17,17,17,17,17,38,39,40,41,17,42,17,17,43,44,17,17,17,17,17,45,17,46,47,17,17,17,17,17,17,17,48,49,50,51,52,17,17,17,17,53,54,55,17,17,17,56,17,17,17,17,17,17,17,17,17,17,57,58,17,17,17,17,59,60,61,59,59,59,59,59,62,63,64,65,66,67,68,69","0.000981807708740234","leiden","edit-xhwikibooks.graphml"
"0","0.94","0.06","0.703644198214835","1,1,1,1,1,2,3,4,5,6,7,8,9,9,9,10,11,12,13,14,15,1,16,4,17,17,17,18,1,19,20,21,22,23,24,24,25,26,15,15,15,15,27,28,29,30,15,31,32,33,15,15,15,15,15,34,35,36,37,15,38,15,15,39,40,15,15,15,15,15,41,15,42,43,15,15,15,15,15,15,15,44,45,46,47,48,15,15,15,15,49,50,51,15,15,15,52,15,15,15,15,15,15,15,15,15,15,53,54,15,15,15,15,55,56,57,55,55,55,55,55,58,59,60,61,62,63,64,65","0.00130701065063477","leiden","edit-xhwikibooks.graphml"
"0.93","0","0.07","0.491277079563793","1,2,1,1,1,1,3,4,1,1,3,3,4,4,4,1,1,3,3,3,6,2,4,4,4,4,4,1,2,1,3,3,3,3,7,7,5,4,6,6,6,6,2,2,2,2,6,2,2,2,6,6,6,6,6,2,2,2,2,6,4,6,6,4,4,6,6,6,6,6,2,6,4,4,6,6,6,6,6,6,6,4,1,1,1,2,6,6,6,6,1,3,3,6,6,6,1,6,6,6,6,6,6,6,6,6,6,3,3,3,6,6,6,7,7,7,7,7,7,7,7,5,5,5,5,5,5,5,5","0.000855922698974609","leiden","edit-xhwikibooks.graphml"
"0.92","0.01","0.07","0.491222064648638","1,3,1,1,2,1,2,4,1,1,2,2,4,4,4,1,1,2,2,2,6,3,4,4,4,4,4,1,3,1,2,2,2,2,7,7,5,4,6,6,6,6,3,3,3,3,6,3,3,3,6,6,6,6,6,3,3,3,3,6,4,6,6,4,4,6,6,6,6,6,3,6,4,4,6,6,6,6,6,6,6,4,1,1,1,3,6,6,6,6,1,2,2,6,6,6,1,6,6,6,6,6,6,6,6,6,6,2,2,6,6,6,6,7,7,7,7,7,7,7,7,5,5,5,5,5,5,5,5","0.00079798698425293","leiden","edit-xhwikibooks.graphml"
"0.91","0.02","0.07","0.491686635043278","1,2,1,1,1,3,1,3,3,3,4,1,3,3,3,5,3,4,4,1,6,2,3,3,3,3,3,5,2,3,4,4,1,1,4,4,7,3,6,6,6,6,2,2,2,2,6,2,2,2,6,6,6,6,6,2,2,2,2,6,3,6,6,3,3,6,6,6,6,6,2,6,3,3,6,6,6,6,6,6,6,3,5,5,5,2,6,6,6,6,3,4,4,6,6,6,5,6,6,6,6,6,6,6,6,6,6,1,1,1,6,6,6,4,4,4,4,4,4,4,4,7,7,7,7,7,7,7,7","0.000776052474975586","leiden","edit-xhwikibooks.graphml"
"0.9","0.03","0.07","0.489905182775073","1,2,1,1,1,1,3,5,1,1,3,3,5,5,5,1,1,3,3,3,7,2,5,5,5,5,5,1,2,1,3,3,3,3,4,4,6,5,7,7,7,7,2,2,2,2,7,2,2,2,7,7,7,7,7,2,2,2,2,7,5,7,7,5,5,7,7,7,7,7,2,7,5,5,7,7,7,7,7,7,7,5,1,1,1,2,7,7,7,7,1,3,3,7,7,7,1,7,7,7,7,7,7,7,7,7,7,3,3,7,7,7,7,4,4,4,4,4,4,4,4,6,6,6,6,6,6,6,6","0.000782012939453125","leiden","edit-xhwikibooks.graphml"
"0.89","0.04","0.07","0.490718595588146","1,3,1,1,1,4,1,4,4,4,1,1,4,4,4,5,4,1,2,1,6,3,4,4,4,4,4,5,3,4,1,2,1,1,2,2,7,4,6,6,6,6,3,3,3,3,6,3,3,3,6,6,6,6,6,3,3,3,3,6,4,6,6,4,4,6,6,6,6,6,3,6,4,4,6,6,6,6,6,6,6,4,5,5,5,3,6,6,6,6,4,1,2,6,6,6,5,6,6,6,6,6,6,6,6,6,6,1,1,6,6,6,6,2,2,2,2,2,2,2,2,7,7,7,7,7,7,7,7","0.000777959823608398","leiden","edit-xhwikibooks.graphml"
"0.88","0.05","0.07","0.488817756558642","1,2,1,1,3,1,3,4,1,1,3,3,4,4,4,1,1,3,3,3,6,2,4,4,4,4,4,1,2,1,3,3,3,3,7,7,5,4,6,6,6,6,2,2,2,2,6,2,2,2,6,6,6,6,6,2,2,2,2,6,4,6,6,4,4,6,6,6,6,6,2,6,4,4,6,6,6,6,6,6,6,4,1,1,1,2,6,6,6,6,1,3,3,6,6,6,1,6,6,6,6,6,6,6,6,6,6,3,3,3,6,6,6,7,7,7,7,7,7,7,7,5,5,5,5,5,5,5,5","0.000782966613769531","leiden","edit-xhwikibooks.graphml"
"0.87","0.06","0.07","0.488715277777778","1,3,1,1,2,1,2,4,1,1,2,2,4,4,4,1,1,2,2,2,6,3,4,4,4,4,4,1,3,1,2,2,2,2,7,7,5,4,6,6,6,6,3,3,3,3,6,3,3,3,6,6,6,6,6,3,3,3,3,6,4,6,6,4,4,6,6,6,6,6,3,6,4,4,6,6,6,6,6,6,6,4,1,1,1,3,6,6,6,6,1,2,2,6,6,6,1,6,6,6,6,6,6,6,6,6,6,2,2,6,6,6,6,7,7,7,7,7,7,7,7,5,5,5,5,5,5,5,5","0.000813961029052734","leiden","edit-xhwikibooks.graphml"
"0.86","0.07","0.07","0.487595933956729","1,2,1,1,3,1,3,4,1,1,3,3,4,4,4,1,1,3,3,3,6,2,4,4,4,4,4,1,2,1,3,3,3,3,7,7,5,4,6,6,6,6,2,2,2,2,6,2,2,2,6,6,6,6,6,2,2,2,2,6,4,6,6,4,4,6,6,6,6,6,2,6,4,4,6,6,6,6,6,6,6,4,1,1,1,2,6,6,6,6,1,3,3,6,6,6,1,6,6,6,6,6,6,6,6,6,6,3,3,3,6,6,6,7,7,7,7,7,7,7,7,5,5,5,5,5,5,5,5","0.00080108642578125","leiden","edit-xhwikibooks.graphml"
"0.85","0.08","0.07","0.476805170821791","1,3,1,1,1,4,1,4,4,4,1,1,4,4,4,4,4,1,2,1,6,3,4,4,4,4,4,4,3,4,1,2,1,1,2,2,5,4,6,6,6,6,3,3,3,3,6,3,3,3,6,6,6,6,6,3,3,3,3,6,7,6,6,4,4,6,6,6,6,6,3,6,4,4,6,6,6,6,6,6,6,4,4,4,4,8,6,6,6,6,9,10,11,6,6,6,4,6,6,6,6,6,6,6,6,6,6,1,1,1,6,6,6,2,2,2,2,2,2,2,2,5,5,5,5,5,5,5,5","0.000864028930664062","leiden","edit-xhwikibooks.graphml"
"0.84","0.09","0.07","0.475493911682723","1,2,1,1,1,3,1,3,3,3,5,1,3,3,3,3,3,5,5,1,6,2,3,3,3,3,3,3,2,3,5,5,1,1,5,5,4,3,6,6,6,6,2,2,2,2,6,2,2,2,6,6,6,6,6,2,2,2,2,6,7,6,6,3,3,6,6,6,6,6,2,6,3,3,6,6,6,6,6,6,6,3,3,3,3,8,6,6,6,6,9,10,11,6,6,6,3,6,6,6,6,6,6,6,6,6,6,1,1,1,6,6,6,5,5,5,5,5,5,5,5,4,4,4,4,4,4,4,4","0.000998020172119141","leiden","edit-xhwikibooks.graphml"
"0.83","0.1","0.07","0.475493911682723","1,2,1,1,1,3,1,3,3,3,5,1,3,3,3,3,3,5,5,1,6,2,3,3,3,3,3,3,2,3,5,5,1,1,5,5,4,3,6,6,6,6,2,2,2,2,6,2,2,2,6,6,6,6,6,2,2,2,2,6,7,6,6,3,3,6,6,6,6,6,2,6,3,3,6,6,6,6,6,6,6,3,3,3,3,8,6,6,6,6,9,10,11,6,6,6,3,6,6,6,6,6,6,6,6,6,6,1,1,1,6,6,6,5,5,5,5,5,5,5,5,4,4,4,4,4,4,4,4","0.000835895538330078","leiden","edit-xhwikibooks.graphml"
"0.82","0.11","0.07","0.473205939127584","1,3,1,1,2,1,2,4,1,1,2,2,4,4,4,1,1,2,2,2,6,3,4,4,4,4,4,1,3,1,2,2,2,2,7,7,5,4,6,6,6,6,3,3,3,3,6,3,3,3,6,6,6,6,6,3,3,3,3,6,8,6,6,4,4,6,6,6,6,6,3,6,4,4,6,6,6,6,6,6,6,4,1,1,1,9,6,6,6,6,10,11,12,6,6,6,1,6,6,6,6,6,6,6,6,6,6,2,2,2,6,6,6,7,7,7,7,7,7,7,7,5,5,5,5,5,5,5,5","0.00118899345397949","leiden","edit-xhwikibooks.graphml"
"0.81","0.12","0.07","0.480687491768537","1,3,1,1,1,4,1,4,4,4,1,1,4,4,4,4,4,1,2,1,6,3,4,4,4,4,4,4,3,4,1,2,1,1,2,2,5,4,6,6,6,6,3,3,3,3,6,3,3,3,6,6,6,6,6,3,3,3,3,6,7,6,6,4,4,6,6,6,6,6,3,6,4,4,6,6,6,6,6,6,6,4,4,4,4,8,6,6,6,6,9,10,11,6,6,6,4,6,6,6,6,6,6,6,6,6,6,1,1,1,6,6,6,2,2,2,2,2,2,2,2,5,5,5,5,5,5,5,5","0.00115299224853516","leiden","edit-xhwikibooks.graphml"
"0.8","0.13","0.07","0.476377198548868","1,2,1,1,1,3,1,3,3,3,1,1,3,3,3,3,3,1,1,1,4,2,3,3,3,3,3,3,2,3,1,1,1,1,5,5,6,3,4,4,4,4,2,2,2,2,4,2,2,2,4,4,4,4,4,2,2,2,2,4,7,4,4,3,3,4,4,4,4,4,2,4,3,3,4,4,4,4,4,4,4,3,3,3,3,8,4,4,4,4,9,10,11,4,4,4,3,4,4,4,4,4,4,4,4,4,4,1,1,1,4,4,4,5,5,5,5,5,5,5,5,6,6,6,6,6,6,6,6","0.00115513801574707","leiden","edit-xhwikibooks.graphml"
"0.79","0.14","0.07","0.476173656924606","1,3,1,4,1,4,1,4,4,4,1,1,4,4,4,4,4,1,2,1,6,3,4,4,4,4,4,4,3,4,1,2,1,1,2,2,5,4,6,6,6,6,3,3,3,3,6,3,3,3,6,6,6,6,6,3,3,3,3,6,7,6,6,4,4,6,6,6,6,6,3,6,4,4,6,6,6,6,6,6,6,4,4,4,4,8,6,6,6,6,9,10,11,6,6,6,4,6,6,6,6,6,6,6,6,6,6,1,1,1,6,6,6,2,2,2,2,2,2,2,2,5,5,5,5,5,5,5,5","0.00109100341796875","leiden","edit-xhwikibooks.graphml"
"0.78","0.15","0.07","0.456535134047583","1,2,1,1,1,3,1,3,3,3,1,1,3,3,3,3,4,1,1,1,5,2,3,3,3,3,3,3,2,6,7,1,1,1,8,8,9,3,5,5,5,5,2,2,2,2,5,2,2,2,5,5,5,5,5,2,2,2,2,5,10,5,5,11,12,5,5,5,5,5,2,5,3,3,5,5,5,5,5,5,5,13,3,3,3,14,5,5,5,5,15,16,17,5,5,5,18,5,5,5,5,5,5,5,5,5,5,19,20,5,5,5,5,8,8,8,8,8,8,8,8,9,9,9,9,9,9,9,9","0.00114202499389648","leiden","edit-xhwikibooks.graphml"
"0.77","0.16","0.07","0.456710659391427","1,1,1,1,2,1,2,1,1,1,2,2,1,3,3,1,4,2,2,2,5,6,1,1,3,3,3,1,1,7,8,2,2,2,9,9,3,3,5,5,5,5,6,6,6,6,5,6,6,6,5,5,5,5,5,6,6,6,6,5,10,5,5,11,12,5,5,5,5,5,6,5,3,3,5,5,5,5,5,5,5,13,1,1,1,14,5,5,5,5,15,16,17,5,5,5,18,5,5,5,5,5,5,5,5,5,5,19,20,5,5,5,5,9,9,9,9,9,9,9,9,3,3,3,3,3,3,3,3","0.00110888481140137","leiden","edit-xhwikibooks.graphml"
"0.76","0.17","0.07","0.461797476146507","1,1,1,1,1,2,1,2,2,2,1,1,2,2,2,2,3,1,1,1,4,5,2,2,2,2,2,2,1,6,7,1,1,1,8,8,9,2,4,4,4,4,5,5,5,5,4,5,5,5,4,4,4,4,4,5,5,5,5,4,10,4,4,11,12,4,4,4,4,4,5,4,2,2,4,4,4,4,4,4,4,13,2,2,2,14,4,4,4,4,15,16,17,4,4,4,18,4,4,4,4,4,4,4,4,4,4,19,20,4,4,4,4,8,8,8,8,8,8,8,8,9,9,9,9,9,9,9,9","0.00088191032409668","leiden","edit-xhwikibooks.graphml"
"0.75","0.18","0.07","0.461797476146507","1,1,1,1,1,2,1,2,2,2,1,1,2,2,2,2,3,1,1,1,4,5,2,2,2,2,2,2,1,6,7,1,1,1,8,8,9,2,4,4,4,4,5,5,5,5,4,5,5,5,4,4,4,4,4,5,5,5,5,4,10,4,4,11,12,4,4,4,4,4,5,4,2,2,4,4,4,4,4,4,4,13,2,2,2,14,4,4,4,4,15,16,17,4,4,4,18,4,4,4,4,4,4,4,4,4,4,19,20,4,4,4,4,8,8,8,8,8,8,8,8,9,9,9,9,9,9,9,9","0.000876188278198242","leiden","edit-xhwikibooks.graphml"
"0.74","0.19","0.07","0.463335720962984","1,1,1,1,2,1,2,1,1,1,2,2,1,1,1,1,4,2,2,2,5,6,1,1,1,1,1,1,1,7,8,2,2,2,3,3,9,1,5,5,5,5,6,6,6,6,5,6,6,6,5,5,5,5,5,6,6,6,6,5,10,5,5,11,12,5,5,5,5,5,6,5,1,1,5,5,5,5,5,5,5,13,1,1,1,14,5,5,5,5,15,16,17,5,5,5,18,5,5,5,5,5,5,5,5,5,5,19,20,5,5,5,5,3,3,3,3,3,3,3,3,9,9,9,9,9,9,9,9","0.000890016555786133","leiden","edit-xhwikibooks.graphml"
"0.73","0.2","0.07","0.46960045976461","1,1,1,1,1,2,1,2,2,2,1,1,2,2,2,2,3,1,1,1,4,5,2,2,2,2,2,2,1,6,7,1,1,1,8,8,9,2,4,4,4,4,5,5,5,5,4,5,5,5,4,4,4,4,4,5,5,5,5,4,10,4,4,11,12,4,4,4,4,4,5,4,2,2,4,4,4,4,4,4,4,13,2,2,2,14,4,4,4,4,15,16,17,4,4,4,18,4,4,4,4,4,4,4,4,4,4,19,20,4,4,4,4,8,8,8,8,8,8,8,8,9,9,9,9,9,9,9,9","0.000880956649780273","leiden","edit-xhwikibooks.graphml"
"0.72","0.21","0.07","0.468388822829964","1,1,1,1,1,2,1,2,2,2,1,1,2,2,2,2,3,1,1,1,4,5,2,2,2,2,2,2,1,6,7,1,1,1,8,8,9,2,4,4,4,4,5,5,5,5,4,5,5,5,4,4,4,4,4,5,5,5,5,4,10,4,4,11,12,4,4,4,4,4,5,4,2,2,4,4,4,4,4,4,4,13,2,2,2,14,4,4,4,4,15,16,17,4,4,4,18,4,4,4,4,4,4,4,4,4,4,19,20,4,4,4,4,8,8,8,8,8,8,8,8,9,9,9,9,9,9,9,9","0.000890016555786133","leiden","edit-xhwikibooks.graphml"
"0.71","0.22","0.07","0.429531611006091","1,1,1,2,3,2,4,2,2,2,4,5,2,2,2,2,6,7,4,8,9,1,10,2,2,2,2,2,1,11,12,13,8,14,4,4,15,2,9,9,9,9,1,1,1,1,9,1,1,1,9,9,9,9,9,1,1,1,1,9,16,9,9,17,18,9,9,9,9,9,1,9,19,20,9,9,9,9,9,9,9,21,22,23,24,25,9,9,9,9,26,27,28,9,9,9,29,9,9,9,9,9,9,9,9,9,9,30,31,9,9,9,9,4,4,4,4,4,4,4,4,15,15,15,15,15,15,15,15","0.00107312202453613","leiden","edit-xhwikibooks.graphml"
"0.7","0.23","0.07","0.435515987718554","1,1,1,2,3,2,4,2,2,2,4,5,2,2,2,2,6,7,4,8,9,1,10,2,2,2,2,2,1,11,12,13,8,14,4,4,15,2,9,9,9,9,1,1,1,1,9,1,1,1,9,9,9,9,9,1,1,1,1,9,16,9,9,17,18,9,9,9,9,9,1,9,19,20,9,9,9,9,9,9,9,21,22,23,24,25,9,9,9,9,26,27,28,9,9,9,29,9,9,9,9,9,9,9,9,9,9,30,31,9,9,9,9,4,4,4,4,4,4,4,4,15,15,15,15,15,15,15,15","0.00113010406494141","leiden","edit-xhwikibooks.graphml"
"0.69","0.24","0.07","0.438864795918367","1,1,1,2,3,2,4,2,2,2,4,5,2,2,2,2,6,7,4,8,9,1,10,2,2,2,2,2,1,11,12,13,8,14,4,4,15,2,9,9,9,9,1,1,1,1,9,1,1,1,9,9,9,9,9,1,1,1,1,9,16,9,9,17,18,9,9,9,9,9,1,9,19,20,9,9,9,9,9,9,9,21,22,23,24,25,9,9,9,9,26,27,28,9,9,9,29,9,9,9,9,9,9,9,9,9,9,30,31,9,9,9,9,4,4,4,4,4,4,4,4,15,15,15,15,15,15,15,15","0.000963211059570312","leiden","edit-xhwikibooks.graphml"
"0.68","0.25","0.07","0.447431065264828","1,1,1,2,3,2,4,2,2,2,4,5,2,2,2,2,6,7,4,8,9,1,10,2,2,2,2,2,1,11,12,13,8,14,4,4,15,2,9,9,9,9,1,1,1,1,9,1,1,1,9,9,9,9,9,1,1,1,1,9,16,9,9,17,18,9,9,9,9,9,1,9,19,20,9,9,9,9,9,9,9,21,22,23,24,25,9,9,9,9,26,27,28,9,9,9,29,9,9,9,9,9,9,9,9,9,9,30,31,9,9,9,9,4,4,4,4,4,4,4,4,15,15,15,15,15,15,15,15","0.000996112823486328","leiden","edit-xhwikibooks.graphml"
"0.67","0.26","0.07","0.447431065264828","1,1,1,2,3,2,4,2,2,2,4,5,2,2,2,2,6,7,4,8,9,1,10,2,2,2,2,2,1,11,12,13,8,14,4,4,15,2,9,9,9,9,1,1,1,1,9,1,1,1,9,9,9,9,9,1,1,1,1,9,16,9,9,17,18,9,9,9,9,9,1,9,19,20,9,9,9,9,9,9,9,21,22,23,24,25,9,9,9,9,26,27,28,9,9,9,29,9,9,9,9,9,9,9,9,9,9,30,31,9,9,9,9,4,4,4,4,4,4,4,4,15,15,15,15,15,15,15,15","0.000967979431152344","leiden","edit-xhwikibooks.graphml"
"0.66","0.27","0.07","0.447431065264828","1,1,1,2,3,2,4,2,2,2,4,5,2,2,2,2,6,7,4,8,9,1,10,2,2,2,2,2,1,11,12,13,8,14,4,4,15,2,9,9,9,9,1,1,1,1,9,1,1,1,9,9,9,9,9,1,1,1,1,9,16,9,9,17,18,9,9,9,9,9,1,9,19,20,9,9,9,9,9,9,9,21,22,23,24,25,9,9,9,9,26,27,28,9,9,9,29,9,9,9,9,9,9,9,9,9,9,30,31,9,9,9,9,4,4,4,4,4,4,4,4,15,15,15,15,15,15,15,15","0.000980854034423828","leiden","edit-xhwikibooks.graphml"
"0.65","0.28","0.07","0.446229609110496","1,1,1,2,3,2,4,2,2,2,4,5,2,2,2,2,6,7,4,8,9,1,10,2,2,2,2,2,1,11,12,13,8,14,4,4,15,2,9,9,9,9,1,1,1,1,9,1,1,1,9,9,9,9,9,1,1,1,1,9,16,9,9,17,18,9,9,9,9,9,1,9,19,20,9,9,9,9,9,9,9,21,22,23,24,25,9,9,9,9,26,27,28,9,9,9,29,9,9,9,9,9,9,9,9,9,9,30,31,9,9,9,9,4,4,4,4,4,4,4,4,15,15,15,15,15,15,15,15","0.000986099243164062","leiden","edit-xhwikibooks.graphml"
"0.64","0.29","0.07","0.442298155127951","1,1,1,2,3,2,4,2,2,2,5,6,2,2,2,2,7,8,9,10,11,1,12,2,2,2,2,2,1,13,14,15,16,17,9,9,18,2,11,11,11,11,1,1,1,1,11,1,1,1,11,11,11,11,11,1,1,1,1,11,19,11,11,20,21,11,11,11,11,11,1,11,22,23,11,11,11,11,11,11,11,24,25,26,27,28,11,11,11,11,29,30,31,11,11,11,32,11,11,11,11,11,11,11,11,11,11,33,34,11,11,11,11,9,9,9,9,9,9,9,9,18,18,18,18,18,18,18,18","0.00100302696228027","leiden","edit-xhwikibooks.graphml"
"0.63","0.3","0.07","0.502582237705922","1,1,1,2,3,2,4,2,2,2,5,6,2,2,2,2,7,8,9,10,11,12,13,2,2,2,2,2,1,14,15,16,17,18,9,9,19,2,11,11,11,11,12,12,12,12,11,12,12,12,11,11,11,11,11,12,12,12,12,11,20,11,11,21,22,11,11,11,11,11,12,11,23,24,11,11,11,11,11,11,11,25,26,27,28,29,11,11,11,11,30,31,32,11,11,11,33,11,11,11,11,11,11,11,11,11,11,34,35,11,11,11,11,9,9,9,9,9,9,9,9,19,19,19,19,19,19,19,19","0.00104594230651855","leiden","edit-xhwikibooks.graphml"
"0.62","0.31","0.07","0.509684750606911","1,1,1,2,3,2,4,2,2,2,5,6,2,2,2,2,7,8,9,10,11,12,13,2,2,2,2,2,1,14,15,16,17,18,9,9,19,2,11,11,11,11,12,12,12,12,11,12,12,12,11,11,11,11,11,12,12,12,12,11,20,11,11,21,22,11,11,11,11,11,12,11,23,24,11,11,11,11,11,11,11,25,26,27,28,29,11,11,11,11,30,31,32,11,11,11,33,11,11,11,11,11,11,11,11,11,11,34,35,11,11,11,11,9,9,9,9,9,9,9,9,19,19,19,19,19,19,19,19","0.000977993011474609","leiden","edit-xhwikibooks.graphml"
"0.61","0.32","0.07","0.508179086127997","1,1,1,2,3,2,4,2,2,2,5,6,2,2,2,2,7,8,9,10,11,12,13,2,2,2,2,2,1,14,15,16,17,18,9,9,19,2,11,11,11,11,12,12,12,12,11,12,12,12,11,11,11,11,11,12,12,12,12,11,20,11,11,21,22,11,11,11,11,11,12,11,23,24,11,11,11,11,11,11,11,25,26,27,28,29,11,11,11,11,30,31,32,11,11,11,33,11,11,11,11,11,11,11,11,11,11,34,35,11,11,11,11,9,9,9,9,9,9,9,9,19,19,19,19,19,19,19,19","0.001068115234375","leiden","edit-xhwikibooks.graphml"
"0.6","0.33","0.07","0.508179086127997","1,1,1,2,3,2,4,2,2,2,5,6,2,2,2,2,7,8,9,10,11,12,13,2,2,2,2,2,1,14,15,16,17,18,9,9,19,2,11,11,11,11,12,12,12,12,11,12,12,12,11,11,11,11,11,12,12,12,12,11,20,11,11,21,22,11,11,11,11,11,12,11,23,24,11,11,11,11,11,11,11,25,26,27,28,29,11,11,11,11,30,31,32,11,11,11,33,11,11,11,11,11,11,11,11,11,11,34,35,11,11,11,11,9,9,9,9,9,9,9,9,19,19,19,19,19,19,19,19","0.0010831356048584","leiden","edit-xhwikibooks.graphml"
"0.59","0.34","0.07","0.549516268225106","1,1,1,2,3,2,4,2,2,2,5,6,2,2,2,2,7,8,9,10,11,12,13,2,2,2,2,2,1,14,15,16,17,18,9,9,19,2,11,11,11,11,12,12,12,12,11,12,12,12,11,11,11,11,11,12,12,12,12,11,20,11,11,21,22,11,11,11,11,11,12,11,23,24,11,11,11,11,11,11,11,25,26,27,28,29,11,11,11,11,30,31,32,11,11,11,33,11,11,11,11,11,11,11,11,11,11,34,35,11,11,11,11,9,9,9,9,9,9,9,9,19,19,19,19,19,19,19,19","0.000962972640991211","leiden","edit-xhwikibooks.graphml"
"0.58","0.35","0.07","0.549516268225106","1,1,1,2,3,2,4,2,2,2,5,6,2,2,2,2,7,8,9,10,11,12,13,2,2,2,2,2,1,14,15,16,17,18,9,9,19,2,11,11,11,11,12,12,12,12,11,12,12,12,11,11,11,11,11,12,12,12,12,11,20,11,11,21,22,11,11,11,11,11,12,11,23,24,11,11,11,11,11,11,11,25,26,27,28,29,11,11,11,11,30,31,32,11,11,11,33,11,11,11,11,11,11,11,11,11,11,34,35,11,11,11,11,9,9,9,9,9,9,9,9,19,19,19,19,19,19,19,19","0.00106096267700195","leiden","edit-xhwikibooks.graphml"
"0.57","0.36","0.07","0.538533643706354","1,1,1,2,3,1,4,1,5,6,7,8,1,5,5,1,9,10,11,12,13,14,15,5,5,5,5,16,17,18,19,20,21,22,11,11,23,5,13,13,13,13,14,14,14,14,13,14,14,14,13,13,13,13,13,14,14,14,14,13,24,13,13,25,26,13,13,13,13,13,14,13,27,28,13,13,13,13,13,13,13,29,30,31,32,33,13,13,13,13,34,35,36,13,13,13,37,13,13,13,13,13,13,13,13,13,13,38,39,13,13,13,13,11,11,11,11,11,11,11,11,23,23,23,23,23,23,23,23","0.000891923904418945","leiden","edit-xhwikibooks.graphml"
"0.56","0.37","0.07","0.540044721592341","1,1,1,2,3,1,4,1,5,6,7,8,1,5,5,1,9,10,11,12,13,14,15,5,5,5,5,16,17,18,19,20,21,22,11,11,23,5,13,13,13,13,14,14,14,14,13,14,14,14,13,13,13,13,13,14,14,14,14,13,24,13,13,25,26,13,13,13,13,13,14,13,27,28,13,13,13,13,13,13,13,29,30,31,32,33,13,13,13,13,34,35,36,13,13,13,37,13,13,13,13,13,13,13,13,13,13,38,39,13,13,13,13,11,11,11,11,11,11,11,11,23,23,23,23,23,23,23,23","0.000902891159057617","leiden","edit-xhwikibooks.graphml"
"0.55","0.38","0.07","0.538533643706354","1,1,1,2,3,1,4,1,5,6,7,8,1,5,5,1,9,10,11,12,13,14,15,5,5,5,5,16,17,18,19,20,21,22,11,11,23,5,13,13,13,13,14,14,14,14,13,14,14,14,13,13,13,13,13,14,14,14,14,13,24,13,13,25,26,13,13,13,13,13,14,13,27,28,13,13,13,13,13,13,13,29,30,31,32,33,13,13,13,13,34,35,36,13,13,13,37,13,13,13,13,13,13,13,13,13,13,38,39,13,13,13,13,11,11,11,11,11,11,11,11,23,23,23,23,23,23,23,23","0.00090789794921875","leiden","edit-xhwikibooks.graphml"
"0.54","0.39","0.07","0.544436755094194","1,1,1,2,3,1,4,1,5,6,7,8,1,5,5,1,9,10,11,12,13,14,15,5,5,5,5,16,17,18,19,20,21,22,11,11,23,5,13,13,13,13,14,14,14,14,13,14,14,14,13,13,13,13,13,14,14,14,14,13,24,13,13,25,26,13,13,13,13,13,14,13,27,28,13,13,13,13,13,13,13,29,30,31,32,33,13,13,13,13,34,35,36,13,13,13,37,13,13,13,13,13,13,13,13,13,13,38,39,13,13,13,13,11,11,11,11,11,11,11,11,23,23,23,23,23,23,23,23","0.000917911529541016","leiden","edit-xhwikibooks.graphml"
"0.53","0.4","0.07","0.548629890030647","1,1,1,2,3,1,4,1,5,6,7,8,1,5,5,1,9,10,11,12,13,14,15,5,5,5,5,16,17,18,19,20,21,22,11,11,23,5,13,13,13,13,14,14,14,14,13,14,14,14,13,13,13,13,13,14,14,14,14,13,24,13,13,25,26,13,13,13,13,13,14,13,27,28,13,13,13,13,13,13,13,29,30,31,32,33,13,13,13,13,34,35,36,13,13,13,37,13,13,13,13,13,13,13,13,13,13,38,39,13,13,13,13,11,11,11,11,11,11,11,11,23,23,23,23,23,23,23,23","0.000905990600585938","leiden","edit-xhwikibooks.graphml"
"0.52","0.41","0.07","0.548629890030647","1,1,1,2,3,1,4,1,5,6,7,8,1,5,5,1,9,10,11,12,13,14,15,5,5,5,5,16,17,18,19,20,21,22,11,11,23,5,13,13,13,13,14,14,14,14,13,14,14,14,13,13,13,13,13,14,14,14,14,13,24,13,13,25,26,13,13,13,13,13,14,13,27,28,13,13,13,13,13,13,13,29,30,31,32,33,13,13,13,13,34,35,36,13,13,13,37,13,13,13,13,13,13,13,13,13,13,38,39,13,13,13,13,11,11,11,11,11,11,11,11,23,23,23,23,23,23,23,23","0.000922918319702148","leiden","edit-xhwikibooks.graphml"
"0.51","0.42","0.07","0.547144496951447","1,1,1,2,3,1,4,1,5,6,7,8,1,5,5,1,9,10,11,12,13,14,15,5,5,5,5,16,17,18,19,20,21,22,11,11,23,5,13,13,13,13,14,14,14,14,13,14,14,14,13,13,13,13,13,14,14,14,14,13,24,13,13,25,26,13,13,13,13,13,14,13,27,28,13,13,13,13,13,13,13,29,30,31,32,33,13,13,13,13,34,35,36,13,13,13,37,13,13,13,13,13,13,13,13,13,13,38,39,13,13,13,13,11,11,11,11,11,11,11,11,23,23,23,23,23,23,23,23","0.000929832458496094","leiden","edit-xhwikibooks.graphml"
"0.5","0.43","0.07","0.545039360615348","1,1,1,2,3,1,4,1,5,6,7,8,9,5,5,10,11,12,13,14,15,16,17,5,5,5,5,18,19,20,21,22,23,24,13,13,25,26,15,15,15,15,16,16,16,16,15,16,16,16,15,15,15,15,15,16,16,16,16,15,27,15,15,28,29,15,15,15,15,15,16,15,30,31,15,15,15,15,15,15,15,32,33,34,35,36,15,15,15,15,37,38,39,15,15,15,40,15,15,15,15,15,15,15,15,15,15,41,42,15,15,15,15,13,13,13,13,13,13,13,13,25,25,25,25,25,25,25,25","0.00097203254699707","leiden","edit-xhwikibooks.graphml"
"0.49","0.44","0.07","0.543551825405107","1,1,1,2,3,1,4,1,5,6,7,8,9,5,5,10,11,12,13,14,15,16,17,5,5,5,5,18,19,20,21,22,23,24,13,13,25,26,15,15,15,15,16,16,16,16,15,16,16,16,15,15,15,15,15,16,16,16,16,15,27,15,15,28,29,15,15,15,15,15,16,15,30,31,15,15,15,15,15,15,15,32,33,34,35,36,15,15,15,15,37,38,39,15,15,15,40,15,15,15,15,15,15,15,15,15,15,41,42,15,15,15,15,13,13,13,13,13,13,13,13,25,25,25,25,25,25,25,25","0.000977039337158203","leiden","edit-xhwikibooks.graphml"
"0.48","0.45","0.07","0.549199219036714","1,1,1,2,3,1,4,1,5,6,7,8,9,5,5,10,11,12,13,14,15,16,17,5,5,5,5,18,19,20,21,22,23,24,13,13,25,26,15,15,15,15,16,16,16,16,15,16,16,16,15,15,15,15,15,16,16,16,16,15,27,15,15,28,29,15,15,15,15,15,16,15,30,31,15,15,15,15,15,15,15,32,33,34,35,36,15,15,15,15,37,38,39,15,15,15,40,15,15,15,15,15,15,15,15,15,15,41,42,15,15,15,15,13,13,13,13,13,13,13,13,25,25,25,25,25,25,25,25","0.000956058502197266","leiden","edit-xhwikibooks.graphml"
"0.47","0.46","0.07","0.547724491579745","1,1,1,2,3,1,4,1,5,6,7,8,9,5,5,10,11,12,13,14,15,16,17,5,5,5,5,18,19,20,21,22,23,24,13,13,25,26,15,15,15,15,16,16,16,16,15,16,16,16,15,15,15,15,15,16,16,16,16,15,27,15,15,28,29,15,15,15,15,15,16,15,30,31,15,15,15,15,15,15,15,32,33,34,35,36,15,15,15,15,37,38,39,15,15,15,40,15,15,15,15,15,15,15,15,15,15,41,42,15,15,15,15,13,13,13,13,13,13,13,13,25,25,25,25,25,25,25,25","0.000936985015869141","leiden","edit-xhwikibooks.graphml"
"0.46","0.47","0.07","0.550521187237057","1,1,1,2,3,1,4,1,5,6,7,8,9,5,5,10,11,12,13,14,15,16,17,5,5,5,5,18,19,20,21,22,23,24,13,13,25,26,15,15,15,15,16,16,16,16,15,16,16,16,15,15,15,15,15,16,16,16,16,15,27,15,15,28,29,15,15,15,15,15,16,15,30,31,15,15,15,15,15,15,15,32,33,34,35,36,15,15,15,15,37,38,39,15,15,15,40,15,15,15,15,15,15,15,15,15,15,41,42,15,15,15,15,13,13,13,13,13,13,13,13,25,25,25,25,25,25,25,25","0.000924110412597656","leiden","edit-xhwikibooks.graphml"
"0.45","0.48","0.07","0.549055899908172","1,1,1,2,3,1,4,1,5,6,7,8,9,5,5,10,11,12,13,14,15,16,17,5,5,5,5,18,19,20,21,22,23,24,13,13,25,26,15,15,15,15,16,16,16,16,15,16,16,16,15,15,15,15,15,16,16,16,16,15,27,15,15,28,29,15,15,15,15,15,16,15,30,31,15,15,15,15,15,15,15,32,33,34,35,36,15,15,15,15,37,38,39,15,15,15,40,15,15,15,15,15,15,15,15,15,15,41,42,15,15,15,15,13,13,13,13,13,13,13,13,25,25,25,25,25,25,25,25","0.00110697746276855","leiden","edit-xhwikibooks.graphml"
"0.44","0.49","0.07","0.549055899908172","1,1,1,2,3,1,4,1,5,6,7,8,9,5,5,10,11,12,13,14,15,16,17,5,5,5,5,18,19,20,21,22,23,24,13,13,25,26,15,15,15,15,16,16,16,16,15,16,16,16,15,15,15,15,15,16,16,16,16,15,27,15,15,28,29,15,15,15,15,15,16,15,30,31,15,15,15,15,15,15,15,32,33,34,35,36,15,15,15,15,37,38,39,15,15,15,40,15,15,15,15,15,15,15,15,15,15,41,42,15,15,15,15,13,13,13,13,13,13,13,13,25,25,25,25,25,25,25,25","0.000931024551391602","leiden","edit-xhwikibooks.graphml"
"0.43","0.5","0.07","0.634947594732598","1,1,1,2,3,4,5,6,7,8,9,10,6,6,6,11,12,13,14,15,16,17,18,6,6,6,6,19,20,21,22,23,24,25,14,14,26,27,16,16,16,16,17,17,17,17,16,17,17,17,16,16,16,16,16,17,17,17,17,16,28,16,16,29,30,16,16,16,16,16,17,16,31,32,16,16,16,16,16,16,16,33,34,35,36,37,16,16,16,16,38,39,40,16,16,16,41,16,16,16,16,16,16,16,16,16,16,42,43,16,16,16,16,14,14,14,14,14,14,14,14,26,26,26,26,26,26,26,26","0.000940799713134766","leiden","edit-xhwikibooks.graphml"
"0.42","0.51","0.07","0.634947594732598","1,1,1,2,3,4,5,6,7,8,9,10,6,6,6,11,12,13,14,15,16,17,18,6,6,6,6,19,20,21,22,23,24,25,14,14,26,27,16,16,16,16,17,17,17,17,16,17,17,17,16,16,16,16,16,17,17,17,17,16,28,16,16,29,30,16,16,16,16,16,17,16,31,32,16,16,16,16,16,16,16,33,34,35,36,37,16,16,16,16,38,39,40,16,16,16,41,16,16,16,16,16,16,16,16,16,16,42,43,16,16,16,16,14,14,14,14,14,14,14,14,26,26,26,26,26,26,26,26","0.000957965850830078","leiden","edit-xhwikibooks.graphml"
"0.41","0.52","0.07","0.634947594732598","1,1,1,2,3,4,5,6,7,8,9,10,6,6,6,11,12,13,14,15,16,17,18,6,6,6,6,19,20,21,22,23,24,25,14,14,26,27,16,16,16,16,17,17,17,17,16,17,17,17,16,16,16,16,16,17,17,17,17,16,28,16,16,29,30,16,16,16,16,16,17,16,31,32,16,16,16,16,16,16,16,33,34,35,36,37,16,16,16,16,38,39,40,16,16,16,41,16,16,16,16,16,16,16,16,16,16,42,43,16,16,16,16,14,14,14,14,14,14,14,14,26,26,26,26,26,26,26,26","0.000952005386352539","leiden","edit-xhwikibooks.graphml"
"0.4","0.53","0.07","0.633655858857704","1,1,1,2,3,4,5,6,7,8,9,10,6,6,6,11,12,13,14,15,16,17,18,6,6,6,6,19,20,21,22,23,24,25,14,14,26,27,16,16,16,16,17,17,17,17,16,17,17,17,16,16,16,16,16,17,17,17,17,16,28,16,16,29,30,16,16,16,16,16,17,16,31,32,16,16,16,16,16,16,16,33,34,35,36,37,16,16,16,16,38,39,40,16,16,16,41,16,16,16,16,16,16,16,16,16,16,42,43,16,16,16,16,14,14,14,14,14,14,14,14,26,26,26,26,26,26,26,26","0.000963926315307617","leiden","edit-xhwikibooks.graphml"
"0.39","0.54","0.07","0.635561120011884","1,1,1,2,3,4,5,6,7,8,9,10,6,6,6,11,12,13,14,15,16,17,18,6,6,6,6,19,20,21,22,23,24,25,14,14,26,27,16,16,16,16,17,17,17,17,16,17,17,17,16,16,16,16,16,17,17,17,17,16,28,16,16,29,30,16,16,16,16,16,17,16,31,32,16,16,16,16,16,16,16,33,34,35,36,37,16,16,16,16,38,39,40,16,16,16,41,16,16,16,16,16,16,16,16,16,16,42,43,16,16,16,16,14,14,14,14,14,14,14,14,26,26,26,26,26,26,26,26","0.000977993011474609","leiden","edit-xhwikibooks.graphml"
"0.38","0.55","0.07","0.634276437847867","1,1,1,2,3,4,5,6,7,8,9,10,6,6,6,11,12,13,14,15,16,17,18,6,6,6,6,19,20,21,22,23,24,25,14,14,26,27,16,16,16,16,17,17,17,17,16,17,17,17,16,16,16,16,16,17,17,17,17,16,28,16,16,29,30,16,16,16,16,16,17,16,31,32,16,16,16,16,16,16,16,33,34,35,36,37,16,16,16,16,38,39,40,16,16,16,41,16,16,16,16,16,16,16,16,16,16,42,43,16,16,16,16,14,14,14,14,14,14,14,14,26,26,26,26,26,26,26,26","0.000984907150268555","leiden","edit-xhwikibooks.graphml"
"0.37","0.56","0.07","0.637565036420395","1,1,1,2,3,4,5,6,7,8,9,10,6,6,6,11,12,13,14,15,16,17,18,6,6,6,6,19,20,21,22,23,24,25,14,14,26,27,16,16,16,16,17,17,17,17,16,17,17,17,16,16,16,16,16,17,17,17,17,16,28,16,16,29,30,16,16,16,16,16,17,16,31,32,16,16,16,16,16,16,16,33,34,35,36,37,16,16,16,16,38,39,40,16,16,16,41,16,16,16,16,16,16,16,16,16,16,42,43,16,16,16,16,14,14,14,14,14,14,14,14,26,26,26,26,26,26,26,26","0.000998020172119141","leiden","edit-xhwikibooks.graphml"
"0.36","0.57","0.07","0.613148056393856","1,1,1,2,3,4,5,6,7,8,9,10,11,11,11,12,13,14,15,16,17,18,19,6,11,11,11,20,21,22,23,24,25,26,15,15,11,27,17,17,17,17,18,18,18,18,17,18,18,18,17,17,17,17,17,18,18,18,18,17,28,17,17,29,30,17,17,17,17,17,18,17,31,32,17,17,17,17,17,17,17,33,34,35,36,37,17,17,17,17,38,39,40,17,17,17,41,17,17,17,17,17,17,17,17,17,17,42,43,17,17,17,17,15,44,45,15,15,15,15,15,46,47,48,49,50,51,52,53","0.0211820602416992","leiden","edit-xhwikibooks.graphml"
"0.35","0.58","0.07","0.61938904486527","1,1,1,2,3,4,5,6,7,8,9,10,11,11,11,12,13,14,15,16,17,18,19,6,11,11,11,20,21,22,23,24,25,26,15,15,11,27,17,17,17,17,18,18,18,18,17,18,18,18,17,17,17,17,17,18,18,18,18,17,28,17,17,29,30,17,17,17,17,17,18,17,31,32,17,17,17,17,17,17,17,33,34,35,36,37,17,17,17,17,38,39,40,17,17,17,41,17,17,17,17,17,17,17,17,17,17,42,43,17,17,17,17,15,44,45,15,15,15,15,15,46,47,48,49,50,51,52,53","0.00153708457946777","leiden","edit-xhwikibooks.graphml"
"0.34","0.59","0.07","0.620335316387237","1,1,1,2,3,4,5,6,7,8,9,10,11,11,11,12,13,14,15,16,17,18,19,6,11,11,11,20,21,22,23,24,25,26,15,15,11,27,17,17,17,17,18,18,18,18,17,18,18,18,17,17,17,17,17,18,18,18,18,17,28,17,17,29,30,17,17,17,17,17,18,17,31,32,17,17,17,17,17,17,17,33,34,35,36,37,17,17,17,17,38,39,40,17,17,17,41,17,17,17,17,17,17,17,17,17,17,42,43,17,17,17,17,15,44,45,15,15,15,15,15,46,47,48,49,50,51,52,53","0.00105905532836914","leiden","edit-xhwikibooks.graphml"
"0.33","0.6","0.07","0.62457928961213","1,1,1,2,3,4,5,6,7,8,9,10,11,11,11,12,13,14,15,16,17,18,19,6,11,11,11,20,21,22,23,24,25,26,15,15,11,27,17,17,17,17,18,18,18,18,17,18,18,18,17,17,17,17,17,18,18,18,18,17,28,17,17,29,30,17,17,17,17,17,18,17,31,32,17,17,17,17,17,17,17,33,34,35,36,37,17,17,17,17,38,39,40,17,17,17,41,17,17,17,17,17,17,17,17,17,17,42,43,17,17,17,17,15,44,45,15,15,15,15,15,46,47,48,49,50,51,52,53","0.00101208686828613","leiden","edit-xhwikibooks.graphml"
"0.32","0.61","0.07","0.623268698060942","1,1,1,2,3,4,5,6,7,8,9,10,11,11,11,12,13,14,15,16,17,18,19,6,11,11,11,20,21,22,23,24,25,26,15,15,11,27,17,17,17,17,18,18,18,18,17,18,18,18,17,17,17,17,17,18,18,18,18,17,28,17,17,29,30,17,17,17,17,17,18,17,31,32,17,17,17,17,17,17,17,33,34,35,36,37,17,17,17,17,38,39,40,17,17,17,41,17,17,17,17,17,17,17,17,17,17,42,43,17,17,17,17,15,44,45,15,15,15,15,15,46,47,48,49,50,51,52,53","0.000975847244262695","leiden","edit-xhwikibooks.graphml"
"0.31","0.62","0.07","0.625251276538564","1,1,1,2,3,4,5,6,7,8,9,10,11,11,11,12,13,14,15,16,17,18,19,6,11,11,11,20,21,22,23,24,25,26,15,15,11,27,17,17,17,17,18,18,18,18,17,18,18,18,17,17,17,17,17,18,18,18,18,17,28,17,17,29,30,17,17,17,17,17,18,17,31,32,17,17,17,17,17,17,17,33,34,35,36,37,17,17,17,17,38,39,40,17,17,17,41,17,17,17,17,17,17,17,17,17,17,42,43,17,17,17,17,15,44,45,15,15,15,15,15,46,47,48,49,50,51,52,53","0.000977993011474609","leiden","edit-xhwikibooks.graphml"
"0.3","0.63","0.07","0.623948054167201","1,1,1,2,3,4,5,6,7,8,9,10,11,11,11,12,13,14,15,16,17,18,19,6,11,11,11,20,21,22,23,24,25,26,15,15,11,27,17,17,17,17,18,18,18,18,17,18,18,18,17,17,17,17,17,18,18,18,18,17,28,17,17,29,30,17,17,17,17,17,18,17,31,32,17,17,17,17,17,17,17,33,34,35,36,37,17,17,17,17,38,39,40,17,17,17,41,17,17,17,17,17,17,17,17,17,17,42,43,17,17,17,17,15,44,45,15,15,15,15,15,46,47,48,49,50,51,52,53","0.000962018966674805","leiden","edit-xhwikibooks.graphml"
"0.29","0.64","0.07","0.622112335393711","1,1,1,2,3,4,5,6,7,8,9,10,11,11,11,12,13,14,15,16,17,18,19,6,11,11,11,20,21,22,23,24,25,26,15,15,11,27,17,17,17,17,18,18,18,18,17,18,18,18,17,17,17,17,17,18,18,18,18,17,28,17,17,29,30,17,17,17,17,17,18,17,31,32,17,17,17,17,17,17,17,33,34,35,36,37,17,17,17,17,38,39,40,17,17,17,41,17,17,17,17,17,17,17,17,17,17,42,43,17,17,17,17,15,44,45,15,15,15,15,15,46,47,48,49,50,51,52,53","0.00100493431091309","leiden","edit-xhwikibooks.graphml"
"0.28","0.65","0.07","0.622998652505597","1,1,1,2,3,4,5,6,7,8,9,10,11,11,11,12,13,14,15,16,17,18,19,6,11,11,11,20,21,22,23,24,25,26,15,15,11,27,17,17,17,17,18,18,18,18,17,18,18,18,17,17,17,17,17,18,18,18,18,17,28,17,17,29,30,17,17,17,17,17,18,17,31,32,17,17,17,17,17,17,17,33,34,35,36,37,17,17,17,17,38,39,40,17,17,17,41,17,17,17,17,17,17,17,17,17,17,42,43,17,17,17,17,15,44,45,15,15,15,15,15,46,47,48,49,50,51,52,53","0.00103998184204102","leiden","edit-xhwikibooks.graphml"
"0.27","0.66","0.07","0.622998652505597","1,1,1,2,3,4,5,6,7,8,9,10,11,11,11,12,13,14,15,16,17,18,19,6,11,11,11,20,21,22,23,24,25,26,15,15,11,27,17,17,17,17,18,18,18,18,17,18,18,18,17,17,17,17,17,18,18,18,18,17,28,17,17,29,30,17,17,17,17,17,18,17,31,32,17,17,17,17,17,17,17,33,34,35,36,37,17,17,17,17,38,39,40,17,17,17,41,17,17,17,17,17,17,17,17,17,17,42,43,17,17,17,17,15,44,45,15,15,15,15,15,46,47,48,49,50,51,52,53","0.00101304054260254","leiden","edit-xhwikibooks.graphml"
"0.26","0.67","0.07","0.647370857605802","1,1,1,2,3,4,5,6,7,8,9,10,11,11,11,12,13,14,15,16,17,18,19,6,11,11,11,20,21,22,23,24,25,26,15,15,27,28,17,17,17,17,18,18,18,18,17,18,18,18,17,17,17,17,17,18,18,18,18,17,29,17,17,30,31,17,17,17,17,17,18,17,32,33,17,17,17,17,17,17,17,34,35,36,37,38,17,17,17,17,39,40,41,17,17,17,42,17,17,17,17,17,17,17,17,17,17,43,44,17,17,17,17,15,45,46,15,15,15,15,15,47,48,49,50,51,52,53,54","0.00104188919067383","leiden","edit-xhwikibooks.graphml"
"0.25","0.68","0.07","0.647370857605802","1,1,1,2,3,4,5,6,7,8,9,10,11,11,11,12,13,14,15,16,17,18,19,6,11,11,11,20,21,22,23,24,25,26,15,15,27,28,17,17,17,17,18,18,18,18,17,18,18,18,17,17,17,17,17,18,18,18,18,17,29,17,17,30,31,17,17,17,17,17,18,17,32,33,17,17,17,17,17,17,17,34,35,36,37,38,17,17,17,17,39,40,41,17,17,17,42,17,17,17,17,17,17,17,17,17,17,43,44,17,17,17,17,15,45,46,15,15,15,15,15,47,48,49,50,51,52,53,54","0.00102615356445312","leiden","edit-xhwikibooks.graphml"
"0.24","0.69","0.07","0.64611948739085","1,1,1,2,3,4,5,6,7,8,9,10,11,11,11,12,13,14,15,16,17,18,19,6,11,11,11,20,21,22,23,24,25,26,15,15,27,28,17,17,17,17,18,18,18,18,17,18,18,18,17,17,17,17,17,18,18,18,18,17,29,17,17,30,31,17,17,17,17,17,18,17,32,33,17,17,17,17,17,17,17,34,35,36,37,38,17,17,17,17,39,40,41,17,17,17,42,17,17,17,17,17,17,17,17,17,17,43,44,17,17,17,17,15,45,46,15,15,15,15,15,47,48,49,50,51,52,53,54","0.000995874404907227","leiden","edit-xhwikibooks.graphml"
"0.23","0.7","0.07","0.647843316567597","1,1,1,2,3,4,5,6,7,8,9,10,11,11,11,12,13,14,15,16,17,18,19,6,11,11,11,20,21,22,23,24,25,26,15,15,27,28,17,17,17,17,18,18,18,18,17,18,18,18,17,17,17,17,17,18,18,18,18,17,29,17,17,30,31,17,17,17,17,17,18,17,32,33,17,17,17,17,17,17,17,34,35,36,37,38,17,17,17,17,39,40,41,17,17,17,42,17,17,17,17,17,17,17,17,17,17,43,44,17,17,17,17,15,45,46,15,15,15,15,15,47,48,49,50,51,52,53,54","0.00122499465942383","leiden","edit-xhwikibooks.graphml"
"0.22","0.71","0.07","0.644660699818679","1,1,1,2,3,4,5,6,7,8,9,10,11,11,11,12,13,14,15,16,17,18,19,6,20,20,20,21,22,23,24,25,26,27,28,28,11,29,17,17,17,17,18,18,18,18,17,18,18,18,17,17,17,17,17,18,18,18,18,17,30,17,17,31,32,17,17,17,17,17,18,17,33,34,17,17,17,17,17,17,17,35,36,37,38,39,17,17,17,17,40,41,42,17,17,17,43,17,17,17,17,17,17,17,17,17,17,44,45,17,17,17,17,28,46,47,28,28,28,28,28,48,49,50,51,52,53,54,55","0.000979900360107422","leiden","edit-xhwikibooks.graphml"
"0.21","0.72","0.07","0.647614692882183","1,1,1,2,3,4,5,6,7,8,9,10,11,11,11,12,13,14,15,16,17,18,19,6,20,20,20,21,22,23,24,25,26,27,28,28,11,29,17,17,17,17,18,18,18,18,17,18,18,18,17,17,17,17,17,18,18,18,18,17,30,17,17,31,32,17,17,17,17,17,18,17,33,34,17,17,17,17,17,17,17,35,36,37,38,39,17,17,17,17,40,41,42,17,17,17,43,17,17,17,17,17,17,17,17,17,17,44,45,17,17,17,17,28,46,47,28,28,28,28,28,48,49,50,51,52,53,54,55","0.000874042510986328","leiden","edit-xhwikibooks.graphml"
"0.2","0.73","0.07","0.646352662721894","1,1,1,2,3,4,5,6,7,8,9,10,11,11,11,12,13,14,15,16,17,18,19,6,20,20,20,21,22,23,24,25,26,27,28,28,11,29,17,17,17,17,18,18,18,18,17,18,18,18,17,17,17,17,17,18,18,18,18,17,30,17,17,31,32,17,17,17,17,17,18,17,33,34,17,17,17,17,17,17,17,35,36,37,38,39,17,17,17,17,40,41,42,17,17,17,43,17,17,17,17,17,17,17,17,17,17,44,45,17,17,17,17,28,46,47,28,28,28,28,28,48,49,50,51,52,53,54,55","0.000976085662841797","leiden","edit-xhwikibooks.graphml"
"0.19","0.74","0.07","0.646352662721894","1,1,1,2,3,4,5,6,7,8,9,10,11,11,11,12,13,14,15,16,17,18,19,6,20,20,20,21,22,23,24,25,26,27,28,28,11,29,17,17,17,17,18,18,18,18,17,18,18,18,17,17,17,17,17,18,18,18,18,17,30,17,17,31,32,17,17,17,17,17,18,17,33,34,17,17,17,17,17,17,17,35,36,37,38,39,17,17,17,17,40,41,42,17,17,17,43,17,17,17,17,17,17,17,17,17,17,44,45,17,17,17,17,28,46,47,28,28,28,28,28,48,49,50,51,52,53,54,55","0.000998020172119141","leiden","edit-xhwikibooks.graphml"
"0.18","0.75","0.07","0.65103796158572","1,1,1,2,3,4,5,6,7,8,9,10,11,11,11,12,13,14,15,16,17,18,19,6,20,20,20,21,22,23,24,25,26,27,28,28,11,29,17,17,17,17,18,18,18,18,17,18,18,18,17,17,17,17,17,18,18,18,18,17,30,17,17,31,32,17,17,17,17,17,18,17,33,34,17,17,17,17,17,17,17,35,36,37,38,39,17,17,17,17,40,41,42,17,17,17,43,17,17,17,17,17,17,17,17,17,17,44,45,17,17,17,17,28,46,47,28,28,28,28,28,48,49,50,51,52,53,54,55","0.00100183486938477","leiden","edit-xhwikibooks.graphml"
"0.17","0.76","0.07","0.65103796158572","1,1,1,2,3,4,5,6,7,8,9,10,11,11,11,12,13,14,15,16,17,18,19,6,20,20,20,21,22,23,24,25,26,27,28,28,11,29,17,17,17,17,18,18,18,18,17,18,18,18,17,17,17,17,17,18,18,18,18,17,30,17,17,31,32,17,17,17,17,17,18,17,33,34,17,17,17,17,17,17,17,35,36,37,38,39,17,17,17,17,40,41,42,17,17,17,43,17,17,17,17,17,17,17,17,17,17,44,45,17,17,17,17,28,46,47,28,28,28,28,28,48,49,50,51,52,53,54,55","0.00102806091308594","leiden","edit-xhwikibooks.graphml"
"0.16","0.77","0.07","0.652690541781451","1,1,1,2,3,4,5,6,7,8,9,10,11,11,11,12,13,14,15,16,17,18,19,6,20,20,20,21,22,23,24,25,26,27,28,28,11,29,17,17,17,17,18,18,18,18,17,18,18,18,17,17,17,17,17,18,18,18,18,17,30,17,17,31,32,17,17,17,17,17,18,17,33,34,17,17,17,17,17,17,17,35,36,37,38,39,17,17,17,17,40,41,42,17,17,17,43,17,17,17,17,17,17,17,17,17,17,44,45,17,17,17,17,28,46,47,28,28,28,28,28,48,49,50,51,52,53,54,55","0.000922918319702148","leiden","edit-xhwikibooks.graphml"
"0.15","0.78","0.07","0.655510596603281","1,1,1,2,3,4,5,6,7,8,9,10,11,11,11,12,13,14,15,16,17,18,19,6,20,20,20,21,22,23,24,25,26,27,28,28,11,29,17,17,17,17,18,18,18,18,17,18,18,18,17,17,17,17,17,18,18,18,18,17,30,17,17,31,32,17,17,17,17,17,18,17,33,34,17,17,17,17,17,17,17,35,36,37,38,39,17,17,17,17,40,41,42,17,17,17,43,17,17,17,17,17,17,17,17,17,17,44,45,17,17,17,17,28,46,47,28,28,28,28,28,48,49,50,51,52,53,54,55","0.0010230541229248","leiden","edit-xhwikibooks.graphml"
"0.14","0.79","0.07","0.657323990657324","1,1,1,2,3,4,5,6,7,8,9,10,11,11,11,12,13,14,15,16,17,18,19,6,20,20,20,21,22,23,24,25,26,27,28,28,11,29,17,17,17,17,18,18,18,18,17,18,18,18,17,17,17,17,17,18,18,18,18,17,30,17,17,31,32,17,17,17,17,17,18,17,33,34,17,17,17,17,17,17,17,35,36,37,38,39,17,17,17,17,40,41,42,17,17,17,43,17,17,17,17,17,17,17,17,17,17,44,45,17,17,17,17,28,46,47,28,28,28,28,28,48,49,50,51,52,53,54,55","0.0011441707611084","leiden","edit-xhwikibooks.graphml"
"0.13","0.8","0.07","0.659624787414966","1,1,1,2,3,4,5,6,7,8,9,10,11,11,11,12,13,14,15,16,17,18,19,6,20,20,20,21,22,23,24,25,26,27,28,28,11,29,17,17,17,17,18,18,18,18,17,18,18,18,17,17,17,17,17,18,18,18,18,17,30,17,17,31,32,17,17,17,17,17,18,17,33,34,17,17,17,17,17,17,17,35,36,37,38,39,17,17,17,17,40,41,42,17,17,17,43,17,17,17,17,17,17,17,17,17,17,44,45,17,17,17,17,28,46,47,28,28,28,28,28,48,49,50,51,52,53,54,55","0.000976085662841797","leiden","edit-xhwikibooks.graphml"
"0.12","0.81","0.07","0.659624787414966","1,1,1,2,3,4,5,6,7,8,9,10,11,11,11,12,13,14,15,16,17,18,19,6,20,20,20,21,22,23,24,25,26,27,28,28,11,29,17,17,17,17,18,18,18,18,17,18,18,18,17,17,17,17,17,18,18,18,18,17,30,17,17,31,32,17,17,17,17,17,18,17,33,34,17,17,17,17,17,17,17,35,36,37,38,39,17,17,17,17,40,41,42,17,17,17,43,17,17,17,17,17,17,17,17,17,17,44,45,17,17,17,17,28,46,47,28,28,28,28,28,48,49,50,51,52,53,54,55","0.00101113319396973","leiden","edit-xhwikibooks.graphml"
"0.11","0.82","0.07","0.658392695189709","1,1,1,2,3,4,5,6,7,8,9,10,11,11,11,12,13,14,15,16,17,18,19,6,20,20,20,21,22,23,24,25,26,27,28,28,11,29,17,17,17,17,18,18,18,18,17,18,18,18,17,17,17,17,17,18,18,18,18,17,30,17,17,31,32,17,17,17,17,17,18,17,33,34,17,17,17,17,17,17,17,35,36,37,38,39,17,17,17,17,40,41,42,17,17,17,43,17,17,17,17,17,17,17,17,17,17,44,45,17,17,17,17,28,46,47,28,28,28,28,28,48,49,50,51,52,53,54,55","0.000941991806030273","leiden","edit-xhwikibooks.graphml"
"0.1","0.83","0.07","0.658392695189709","1,1,1,2,3,4,5,6,7,8,9,10,11,11,11,12,13,14,15,16,17,18,19,6,20,20,20,21,22,23,24,25,26,27,28,28,11,29,17,17,17,17,18,18,18,18,17,18,18,18,17,17,17,17,17,18,18,18,18,17,30,17,17,31,32,17,17,17,17,17,18,17,33,34,17,17,17,17,17,17,17,35,36,37,38,39,17,17,17,17,40,41,42,17,17,17,43,17,17,17,17,17,17,17,17,17,17,44,45,17,17,17,17,28,46,47,28,28,28,28,28,48,49,50,51,52,53,54,55","0.000900983810424805","leiden","edit-xhwikibooks.graphml"
"0.09","0.84","0.07","0.658269593894937","1,1,1,2,3,4,5,6,7,8,9,10,11,11,11,12,13,14,15,16,17,18,19,6,20,20,20,21,22,23,24,25,26,27,28,28,11,29,17,17,17,17,18,18,18,18,17,18,18,18,17,17,17,17,17,18,18,18,18,17,30,17,17,31,32,17,17,17,17,17,18,17,33,34,17,17,17,17,17,17,17,35,36,37,38,39,17,17,17,17,40,41,42,17,17,17,43,17,17,17,17,17,17,17,17,17,17,44,45,17,17,17,17,28,46,47,28,28,28,28,28,48,49,50,51,52,53,54,55","0.000998973846435547","leiden","edit-xhwikibooks.graphml"
"0.08","0.85","0.07","0.633102357314079","1,1,1,2,3,4,5,6,7,8,9,10,11,11,11,12,13,14,15,16,17,1,18,6,19,19,19,20,21,22,23,24,25,26,27,27,11,28,17,17,17,17,29,30,31,32,17,33,34,35,17,17,17,17,17,36,37,38,39,17,40,17,17,41,42,17,17,17,17,17,43,17,44,45,17,17,17,17,17,17,17,46,47,48,49,50,17,17,17,17,51,52,53,17,17,17,54,17,17,17,17,17,17,17,17,17,17,55,56,17,17,17,17,27,57,58,27,27,27,27,27,59,60,61,62,63,64,65,66","0.00108790397644043","leiden","edit-xhwikibooks.graphml"
"0.07","0.86","0.07","0.636757396449704","1,1,1,2,3,4,5,6,7,8,9,10,11,11,11,12,13,14,15,16,17,1,18,6,19,19,19,20,21,22,23,24,25,26,27,27,11,28,17,17,17,17,29,30,31,32,17,33,34,35,17,17,17,17,17,36,37,38,39,17,40,17,17,41,42,17,17,17,17,17,43,17,44,45,17,17,17,17,17,17,17,46,47,48,49,50,17,17,17,17,51,52,53,17,17,17,54,17,17,17,17,17,17,17,17,17,17,55,56,17,17,17,17,27,57,58,27,27,27,27,27,59,60,61,62,63,64,65,66","0.0010979175567627","leiden","edit-xhwikibooks.graphml"
"0.06","0.87","0.07","0.636757396449704","1,1,1,2,3,4,5,6,7,8,9,10,11,11,11,12,13,14,15,16,17,1,18,6,19,19,19,20,21,22,23,24,25,26,27,27,11,28,17,17,17,17,29,30,31,32,17,33,34,35,17,17,17,17,17,36,37,38,39,17,40,17,17,41,42,17,17,17,17,17,43,17,44,45,17,17,17,17,17,17,17,46,47,48,49,50,17,17,17,17,51,52,53,17,17,17,54,17,17,17,17,17,17,17,17,17,17,55,56,17,17,17,17,27,57,58,27,27,27,27,27,59,60,61,62,63,64,65,66","0.00110101699829102","leiden","edit-xhwikibooks.graphml"
"0.05","0.88","0.07","0.635472731378674","1,1,1,2,3,4,5,6,7,8,9,10,11,11,11,12,13,14,15,16,17,1,18,6,19,19,19,20,21,22,23,24,25,26,27,27,11,28,17,17,17,17,29,30,31,32,17,33,34,35,17,17,17,17,17,36,37,38,39,17,40,17,17,41,42,17,17,17,17,17,43,17,44,45,17,17,17,17,17,17,17,46,47,48,49,50,17,17,17,17,51,52,53,17,17,17,54,17,17,17,17,17,17,17,17,17,17,55,56,17,17,17,17,27,57,58,27,27,27,27,27,59,60,61,62,63,64,65,66","0.00113582611083984","leiden","edit-xhwikibooks.graphml"
"0.04","0.89","0.07","0.638566143664485","1,1,1,2,3,4,5,6,7,8,9,10,11,11,11,12,13,14,15,16,17,1,18,6,19,19,19,20,21,22,23,24,25,26,27,27,11,28,17,17,17,17,29,30,31,32,17,33,34,35,17,17,17,17,17,36,37,38,39,17,40,17,17,41,42,17,17,17,17,17,43,17,44,45,17,17,17,17,17,17,17,46,47,48,49,50,17,17,17,17,51,52,53,17,17,17,54,17,17,17,17,17,17,17,17,17,17,55,56,17,17,17,17,27,57,58,27,27,27,27,27,59,60,61,62,63,64,65,66","0.00113201141357422","leiden","edit-xhwikibooks.graphml"
"0.03","0.9","0.07","0.637295479531785","1,1,1,2,3,4,5,6,7,8,9,10,11,11,11,12,13,14,15,16,17,1,18,6,19,19,19,20,21,22,23,24,25,26,27,27,11,28,17,17,17,17,29,30,31,32,17,33,34,35,17,17,17,17,17,36,37,38,39,17,40,17,17,41,42,17,17,17,17,17,43,17,44,45,17,17,17,17,17,17,17,46,47,48,49,50,17,17,17,17,51,52,53,17,17,17,54,17,17,17,17,17,17,17,17,17,17,55,56,17,17,17,17,27,57,58,27,27,27,27,27,59,60,61,62,63,64,65,66","0.00119113922119141","leiden","edit-xhwikibooks.graphml"
"0.02","0.91","0.07","0.637295479531785","1,1,1,2,3,4,5,6,7,8,9,10,11,11,11,12,13,14,15,16,17,1,18,6,19,19,19,20,21,22,23,24,25,26,27,27,11,28,17,17,17,17,29,30,31,32,17,33,34,35,17,17,17,17,17,36,37,38,39,17,40,17,17,41,42,17,17,17,17,17,43,17,44,45,17,17,17,17,17,17,17,46,47,48,49,50,17,17,17,17,51,52,53,17,17,17,54,17,17,17,17,17,17,17,17,17,17,55,56,17,17,17,17,27,57,58,27,27,27,27,27,59,60,61,62,63,64,65,66","0.00107312202453613","leiden","edit-xhwikibooks.graphml"
"0.01","0.92","0.07","0.636028466483012","1,1,1,2,3,4,5,6,7,8,9,10,11,11,11,12,13,14,15,16,17,1,18,6,19,19,19,20,21,22,23,24,25,26,27,27,11,28,17,17,17,17,29,30,31,32,17,33,34,35,17,17,17,17,17,36,37,38,39,17,40,17,17,41,42,17,17,17,17,17,43,17,44,45,17,17,17,17,17,17,17,46,47,48,49,50,17,17,17,17,51,52,53,17,17,17,54,17,17,17,17,17,17,17,17,17,17,55,56,17,17,17,17,27,57,58,27,27,27,27,27,59,60,61,62,63,64,65,66","0.00108599662780762","leiden","edit-xhwikibooks.graphml"
"0","0.93","0.07","0.640090508035433","1,1,1,1,1,2,3,4,5,6,7,8,9,9,9,10,11,12,13,14,15,1,16,4,17,17,17,18,1,19,20,21,22,23,24,24,9,25,15,15,15,15,26,27,28,29,15,30,31,32,15,15,15,15,15,33,34,35,36,15,37,15,15,38,39,15,15,15,15,15,40,15,41,42,15,15,15,15,15,15,15,43,44,45,46,47,15,15,15,15,48,49,50,15,15,15,51,15,15,15,15,15,15,15,15,15,15,52,53,15,15,15,15,24,54,55,24,24,24,24,24,56,57,58,59,60,61,62,63","0.0010838508605957","leiden","edit-xhwikibooks.graphml"
"0.92","0","0.08","0.507687768985145","1,3,1,1,2,1,2,4,1,1,2,2,4,4,4,1,1,2,2,2,5,3,4,4,4,4,4,1,3,1,2,2,2,2,6,6,4,4,5,5,5,5,3,3,3,3,5,3,3,3,5,5,5,5,5,3,3,3,3,5,4,5,5,4,4,5,5,5,5,5,3,5,4,4,5,5,5,5,5,5,5,4,1,1,1,3,5,5,5,5,1,2,2,5,5,5,1,5,5,5,5,5,5,5,5,5,5,2,2,5,5,5,5,6,6,6,6,6,6,6,6,4,4,4,4,4,4,4,4","0.00100088119506836","leiden","edit-xhwikibooks.graphml"
"0.91","0.01","0.08","0.506739090193901","1,1,2,2,2,3,2,3,3,3,2,2,3,3,3,4,3,2,2,2,5,1,3,3,3,3,3,4,1,3,2,2,2,2,6,6,3,3,5,5,5,5,1,1,1,1,5,1,1,1,5,5,5,5,5,1,1,1,1,5,3,5,5,3,3,5,5,5,5,5,1,5,3,3,5,5,5,5,5,5,5,3,4,4,4,1,5,5,5,5,3,2,2,5,5,5,4,5,5,5,5,5,5,5,5,5,5,2,2,5,5,5,5,6,6,6,6,6,6,6,6,3,3,3,3,3,3,3,3","0.000779151916503906","leiden","edit-xhwikibooks.graphml"
"0.9","0.02","0.08","0.506947336757832","1,2,1,1,1,3,1,4,4,3,1,1,4,4,4,3,3,1,1,1,5,2,4,4,4,4,4,3,2,3,1,1,1,1,6,6,4,4,5,5,5,5,2,2,2,2,5,2,2,2,5,5,5,5,5,2,2,2,2,5,4,5,5,4,4,5,5,5,5,5,2,5,4,4,5,5,5,5,5,5,5,4,3,3,3,2,5,5,5,5,3,1,1,5,5,5,3,5,5,5,5,5,5,5,5,5,5,1,1,5,5,5,5,6,6,6,6,6,6,6,6,4,4,4,4,4,4,4,4","0.000782012939453125","leiden","edit-xhwikibooks.graphml"
"0.89","0.03","0.08","0.506090203964378","1,1,2,2,2,3,2,4,3,3,2,2,4,4,4,3,3,2,2,2,5,1,4,4,4,4,4,3,1,3,2,2,2,2,6,6,4,4,5,5,5,5,1,1,1,1,5,1,1,1,5,5,5,5,5,1,1,1,1,5,4,5,5,4,4,5,5,5,5,5,1,5,4,4,5,5,5,5,5,5,5,4,3,3,3,1,5,5,5,5,3,2,2,5,5,5,3,5,5,5,5,5,5,5,5,5,5,2,2,5,5,5,5,6,6,6,6,6,6,6,6,4,4,4,4,4,4,4,4","0.000787019729614258","leiden","edit-xhwikibooks.graphml"
"0.88","0.04","0.08","0.504872163171502","1,2,1,1,1,3,1,4,3,3,5,1,4,4,4,3,3,5,5,1,6,2,4,4,4,4,4,3,2,3,5,5,1,1,5,5,4,4,6,6,6,6,2,2,2,2,6,2,2,2,6,6,6,6,6,2,2,2,2,6,4,6,6,4,4,6,6,6,6,6,2,6,4,4,6,6,6,6,6,6,6,4,3,3,3,2,6,6,6,6,3,5,5,6,6,6,3,6,6,6,6,6,6,6,6,6,6,1,1,6,6,6,6,5,5,5,5,5,5,5,5,4,4,4,4,4,4,4,4","0.000802993774414062","leiden","edit-xhwikibooks.graphml"
"0.87","0.05","0.08","0.504947726442659","1,2,1,1,1,3,1,4,3,3,1,1,4,4,4,3,3,1,1,1,6,2,4,4,4,4,4,3,2,3,1,1,1,1,5,5,4,4,6,6,6,6,2,2,2,2,6,2,2,2,6,6,6,6,6,2,2,2,2,6,4,6,6,4,4,6,6,6,6,6,2,6,4,4,6,6,6,6,6,6,6,4,3,3,3,2,6,6,6,6,3,1,1,6,6,6,3,6,6,6,6,6,6,6,6,6,6,1,1,6,6,6,6,5,5,5,5,5,5,5,5,4,4,4,4,4,4,4,4","0.000792980194091797","leiden","edit-xhwikibooks.graphml"
"0.86","0.06","0.08","0.504879245799854","1,1,2,2,2,3,2,4,3,3,2,2,4,4,4,3,3,2,2,2,5,1,4,4,4,4,4,3,1,3,2,2,2,2,6,6,4,4,5,5,5,5,1,1,1,1,5,1,1,1,5,5,5,5,5,1,1,1,1,5,4,5,5,4,4,5,5,5,5,5,1,5,4,4,5,5,5,5,5,5,5,4,3,3,3,1,5,5,5,5,3,2,2,5,5,5,3,5,5,5,5,5,5,5,5,5,5,2,2,5,5,5,5,6,6,6,6,6,6,6,6,4,4,4,4,4,4,4,4","0.000811100006103516","leiden","edit-xhwikibooks.graphml"
"0.85","0.07","0.08","0.503990522509041","1,3,1,1,1,1,2,4,1,1,2,2,4,4,4,1,1,2,2,2,5,3,4,4,4,4,4,1,3,1,2,2,2,2,6,6,4,4,5,5,5,5,3,3,3,3,5,3,3,3,5,5,5,5,5,3,3,3,3,5,4,5,5,4,4,5,5,5,5,5,3,5,4,4,5,5,5,5,5,5,5,4,1,1,1,3,5,5,5,5,1,2,2,5,5,5,1,5,5,5,5,5,5,5,5,5,5,2,2,5,5,5,5,6,6,6,6,6,6,6,6,4,4,4,4,4,4,4,4","0.000816106796264648","leiden","edit-xhwikibooks.graphml"
"0.84","0.08","0.08","0.506717039772983","1,3,1,1,1,1,2,4,1,1,2,2,4,4,4,1,1,2,2,2,5,3,4,4,4,4,4,1,3,1,2,2,2,2,6,6,4,4,5,5,5,5,3,3,3,3,5,3,3,3,5,5,5,5,5,3,3,3,3,5,4,5,5,4,4,5,5,5,5,5,3,5,4,4,5,5,5,5,5,5,5,4,1,1,1,3,5,5,5,5,1,2,2,5,5,5,1,5,5,5,5,5,5,5,5,5,5,2,2,5,5,5,5,6,6,6,6,6,6,6,6,4,4,4,4,4,4,4,4","0.000815868377685547","leiden","edit-xhwikibooks.graphml"
"0.83","0.09","0.08","0.49405933674242","1,2,1,1,1,3,1,3,3,3,1,1,3,3,3,4,3,1,1,1,5,2,3,3,3,3,3,4,2,3,1,1,1,1,6,6,3,3,5,5,5,5,2,2,2,2,5,2,2,2,5,5,5,5,5,2,2,2,2,5,7,5,5,3,3,5,5,5,5,5,2,5,3,3,5,5,5,5,5,5,5,3,4,4,4,8,5,5,5,5,9,10,11,5,5,5,4,5,5,5,5,5,5,5,5,5,5,1,1,5,5,5,5,6,6,6,6,6,6,6,6,3,3,3,3,3,3,3,3","0.000982999801635742","leiden","edit-xhwikibooks.graphml"
"0.82","0.1","0.08","0.49405933674242","1,2,1,1,1,3,1,3,3,3,1,1,3,3,3,4,3,1,1,1,5,2,3,3,3,3,3,4,2,3,1,1,1,1,6,6,3,3,5,5,5,5,2,2,2,2,5,2,2,2,5,5,5,5,5,2,2,2,2,5,7,5,5,3,3,5,5,5,5,5,2,5,3,3,5,5,5,5,5,5,5,3,4,4,4,8,5,5,5,5,9,10,11,5,5,5,4,5,5,5,5,5,5,5,5,5,5,1,1,5,5,5,5,6,6,6,6,6,6,6,6,3,3,3,3,3,3,3,3","0.000819921493530273","leiden","edit-xhwikibooks.graphml"
"0.81","0.11","0.08","0.492925401453098","1,3,1,1,2,1,2,4,1,1,2,2,4,4,4,1,1,2,2,2,5,3,4,4,4,4,4,1,3,1,2,2,2,2,6,6,4,4,5,5,5,5,3,3,3,3,5,3,3,3,5,5,5,5,5,3,3,3,3,5,7,5,5,4,4,5,5,5,5,5,3,5,4,4,5,5,5,5,5,5,5,4,1,1,1,8,5,5,5,5,9,10,11,5,5,5,1,5,5,5,5,5,5,5,5,5,5,2,2,5,5,5,5,6,6,6,6,6,6,6,6,4,4,4,4,4,4,4,4","0.000817060470581055","leiden","edit-xhwikibooks.graphml"
"0.8","0.12","0.08","0.498133902483565","1,2,1,1,1,3,1,3,3,3,1,1,3,3,3,4,3,1,1,1,5,2,3,3,3,3,3,4,2,3,1,1,1,1,6,6,3,3,5,5,5,5,2,2,2,2,5,2,2,2,5,5,5,5,5,2,2,2,2,5,7,5,5,3,3,5,5,5,5,5,2,5,3,3,5,5,5,5,5,5,5,3,4,4,4,8,5,5,5,5,9,10,11,5,5,5,4,5,5,5,5,5,5,5,5,5,5,1,1,5,5,5,5,6,6,6,6,6,6,6,6,3,3,3,3,3,3,3,3","0.000844001770019531","leiden","edit-xhwikibooks.graphml"
"0.79","0.13","0.08","0.479375743162901","1,2,1,1,1,3,1,3,3,3,1,1,3,3,3,3,3,1,1,1,5,2,3,3,3,3,3,3,2,3,1,1,1,1,6,6,4,3,5,5,5,5,2,2,2,2,5,2,2,2,5,5,5,5,5,2,2,2,2,5,7,5,5,3,3,5,5,5,5,5,2,5,3,3,5,5,5,5,5,5,5,3,3,3,3,8,5,5,5,5,9,10,11,5,5,5,3,5,5,5,5,5,5,5,5,5,5,1,1,1,5,5,5,6,6,6,6,6,6,6,6,4,4,4,4,4,4,4,4","0.000888824462890625","leiden","edit-xhwikibooks.graphml"
"0.78","0.14","0.08","0.479494649227111","1,3,1,1,1,4,1,4,4,4,1,1,4,4,4,4,4,1,2,1,6,3,4,4,4,4,4,4,3,4,1,2,1,1,2,2,5,4,6,6,6,6,3,3,3,3,6,3,3,3,6,6,6,6,6,3,3,3,3,6,7,6,6,4,4,6,6,6,6,6,3,6,4,4,6,6,6,6,6,6,6,4,4,4,4,8,6,6,6,6,9,10,11,6,6,6,4,6,6,6,6,6,6,6,6,6,6,1,1,1,6,6,6,2,2,2,2,2,2,2,2,5,5,5,5,5,5,5,5","0.00101184844970703","leiden","edit-xhwikibooks.graphml"
"0.77","0.15","0.08","0.482958450302275","1,3,1,1,1,1,2,4,1,1,2,2,4,4,4,1,1,2,2,2,6,3,4,4,4,4,4,1,3,1,2,2,2,2,7,7,5,4,6,6,6,6,3,3,3,3,6,3,3,3,6,6,6,6,6,3,3,3,3,6,8,6,6,4,4,6,6,6,6,6,3,6,4,4,6,6,6,6,6,6,6,4,1,1,1,9,6,6,6,6,10,11,12,6,6,6,1,6,6,6,6,6,6,6,6,6,6,2,2,2,6,6,6,7,7,7,7,7,7,7,7,5,5,5,5,5,5,5,5","0.000850915908813477","leiden","edit-xhwikibooks.graphml"
"0.76","0.16","0.08","0.485856587532972","1,3,1,1,2,1,2,4,1,1,2,2,4,4,4,1,1,2,2,2,6,3,4,4,4,4,4,1,3,1,2,2,2,2,7,7,5,4,6,6,6,6,3,3,3,3,6,3,3,3,6,6,6,6,6,3,3,3,3,6,8,6,6,4,4,6,6,6,6,6,3,6,4,4,6,6,6,6,6,6,6,4,1,1,1,9,6,6,6,6,10,11,12,6,6,6,1,6,6,6,6,6,6,6,6,6,6,2,2,2,6,6,6,7,7,7,7,7,7,7,7,5,5,5,5,5,5,5,5","0.000830888748168945","leiden","edit-xhwikibooks.graphml"
"0.75","0.17","0.08","0.464955499046408","1,2,1,1,1,3,1,3,3,3,1,1,3,3,3,3,4,1,1,1,5,2,3,3,3,3,3,3,2,6,7,1,1,1,8,8,9,3,5,5,5,5,2,2,2,2,5,2,2,2,5,5,5,5,5,2,2,2,2,5,10,5,5,11,12,5,5,5,5,5,2,5,3,3,5,5,5,5,5,5,5,13,3,3,3,14,5,5,5,5,15,16,17,5,5,5,18,5,5,5,5,5,5,5,5,5,5,19,20,5,5,5,5,8,8,8,8,8,8,8,8,9,9,9,9,9,9,9,9","0.000916957855224609","leiden","edit-xhwikibooks.graphml"
"0.74","0.18","0.08","0.464955499046408","1,2,1,1,1,3,1,3,3,3,1,1,3,3,3,3,4,1,1,1,5,2,3,3,3,3,3,3,2,6,7,1,1,1,8,8,9,3,5,5,5,5,2,2,2,2,5,2,2,2,5,5,5,5,5,2,2,2,2,5,10,5,5,11,12,5,5,5,5,5,2,5,3,3,5,5,5,5,5,5,5,13,3,3,3,14,5,5,5,5,15,16,17,5,5,5,18,5,5,5,5,5,5,5,5,5,5,19,20,5,5,5,5,8,8,8,8,8,8,8,8,9,9,9,9,9,9,9,9","0.000890016555786133","leiden","edit-xhwikibooks.graphml"
"0.73","0.19","0.08","0.466839072145062","1,2,1,1,1,3,1,3,3,3,1,1,3,3,3,3,5,1,1,1,6,2,3,3,3,3,3,3,2,7,8,1,1,1,4,4,9,3,6,6,6,6,2,2,2,2,6,2,2,2,6,6,6,6,6,2,2,2,2,6,10,6,6,11,12,6,6,6,6,6,2,6,3,3,6,6,6,6,6,6,6,13,3,3,3,14,6,6,6,6,15,16,17,6,6,6,18,6,6,6,6,6,6,6,6,6,6,19,20,6,6,6,6,4,4,4,4,4,4,4,4,9,9,9,9,9,9,9,9","0.000902175903320312","leiden","edit-xhwikibooks.graphml"
"0.72","0.2","0.08","0.472645659928656","1,2,1,1,1,3,1,3,3,3,1,1,3,3,3,3,4,1,1,1,5,2,3,3,3,3,3,3,2,6,7,1,1,1,8,8,9,3,5,5,5,5,2,2,2,2,5,2,2,2,5,5,5,5,5,2,2,2,2,5,10,5,5,11,12,5,5,5,5,5,2,5,3,3,5,5,5,5,5,5,5,13,3,3,3,14,5,5,5,5,15,16,17,5,5,5,18,5,5,5,5,5,5,5,5,5,5,19,20,5,5,5,5,8,8,8,8,8,8,8,8,9,9,9,9,9,9,9,9","0.000914096832275391","leiden","edit-xhwikibooks.graphml"
"0.71","0.21","0.08","0.471433969839752","1,2,1,1,1,3,1,3,3,3,1,1,3,3,3,3,4,1,1,1,5,2,3,3,3,3,3,3,2,6,7,1,1,1,8,8,9,3,5,5,5,5,2,2,2,2,5,2,2,2,5,5,5,5,5,2,2,2,2,5,10,5,5,11,12,5,5,5,5,5,2,5,3,3,5,5,5,5,5,5,5,13,3,3,3,14,5,5,5,5,15,16,17,5,5,5,18,5,5,5,5,5,5,5,5,5,5,19,20,5,5,5,5,8,8,8,8,8,8,8,8,9,9,9,9,9,9,9,9","0.000870943069458008","leiden","edit-xhwikibooks.graphml"
"0.7","0.22","0.08","0.471433969839752","1,2,1,1,1,3,1,3,3,3,1,1,3,3,3,3,4,1,1,1,5,2,3,3,3,3,3,3,2,6,7,1,1,1,8,8,9,3,5,5,5,5,2,2,2,2,5,2,2,2,5,5,5,5,5,2,2,2,2,5,10,5,5,11,12,5,5,5,5,5,2,5,3,3,5,5,5,5,5,5,5,13,3,3,3,14,5,5,5,5,15,16,17,5,5,5,18,5,5,5,5,5,5,5,5,5,5,19,20,5,5,5,5,8,8,8,8,8,8,8,8,9,9,9,9,9,9,9,9","0.00101113319396973","leiden","edit-xhwikibooks.graphml"
"0.69","0.23","0.08","0.476520199916701","1,2,1,1,1,3,1,3,3,3,1,1,3,3,3,3,4,1,1,1,5,2,3,3,3,3,3,3,2,6,7,1,1,1,8,8,9,3,5,5,5,5,2,2,2,2,5,2,2,2,5,5,5,5,5,2,2,2,2,5,10,5,5,11,12,5,5,5,5,5,2,5,3,3,5,5,5,5,5,5,5,13,3,3,3,14,5,5,5,5,15,16,17,5,5,5,18,5,5,5,5,5,5,5,5,5,5,19,20,5,5,5,5,8,8,8,8,8,8,8,8,9,9,9,9,9,9,9,9","0.000900983810424805","leiden","edit-xhwikibooks.graphml"
"0.68","0.24","0.08","0.479454179833381","1,2,1,1,1,3,1,3,3,3,1,1,3,3,3,3,4,1,1,1,5,2,3,3,3,3,3,3,2,6,7,1,1,1,8,8,9,3,5,5,5,5,2,2,2,2,5,2,2,2,5,5,5,5,5,2,2,2,2,5,10,5,5,11,12,5,5,5,5,5,2,5,3,3,5,5,5,5,5,5,5,13,3,3,3,14,5,5,5,5,15,16,17,5,5,5,18,5,5,5,5,5,5,5,5,5,5,19,20,5,5,5,5,8,8,8,8,8,8,8,8,9,9,9,9,9,9,9,9","0.000891923904418945","leiden","edit-xhwikibooks.graphml"
"0.67","0.25","0.08","0.450624807633118","1,1,1,2,3,2,4,2,2,2,4,5,2,2,2,2,6,7,4,8,9,1,10,2,2,2,2,2,1,11,12,13,8,14,4,4,15,2,9,9,9,9,1,1,1,1,9,1,1,1,9,9,9,9,9,1,1,1,1,9,16,9,9,17,18,9,9,9,9,9,1,9,19,20,9,9,9,9,9,9,9,21,22,23,24,25,9,9,9,9,26,27,28,9,9,9,29,9,9,9,9,9,9,9,9,9,9,30,31,9,9,9,9,4,4,4,4,4,4,4,4,15,15,15,15,15,15,15,15","0.001007080078125","leiden","edit-xhwikibooks.graphml"
"0.66","0.26","0.08","0.450624807633118","1,1,1,2,3,2,4,2,2,2,4,5,2,2,2,2,6,7,4,8,9,1,10,2,2,2,2,2,1,11,12,13,8,14,4,4,15,2,9,9,9,9,1,1,1,1,9,1,1,1,9,9,9,9,9,1,1,1,1,9,16,9,9,17,18,9,9,9,9,9,1,9,19,20,9,9,9,9,9,9,9,21,22,23,24,25,9,9,9,9,26,27,28,9,9,9,29,9,9,9,9,9,9,9,9,9,9,30,31,9,9,9,9,4,4,4,4,4,4,4,4,15,15,15,15,15,15,15,15","0.0010068416595459","leiden","edit-xhwikibooks.graphml"
"0.65","0.27","0.08","0.450624807633118","1,1,1,2,3,2,4,2,2,2,4,5,2,2,2,2,6,7,4,8,9,1,10,2,2,2,2,2,1,11,12,13,8,14,4,4,15,2,9,9,9,9,1,1,1,1,9,1,1,1,9,9,9,9,9,1,1,1,1,9,16,9,9,17,18,9,9,9,9,9,1,9,19,20,9,9,9,9,9,9,9,21,22,23,24,25,9,9,9,9,26,27,28,9,9,9,29,9,9,9,9,9,9,9,9,9,9,30,31,9,9,9,9,4,4,4,4,4,4,4,4,15,15,15,15,15,15,15,15","0.0010530948638916","leiden","edit-xhwikibooks.graphml"
"0.64","0.28","0.08","0.44942295466771","1,1,1,2,3,2,4,2,2,2,4,5,2,2,2,2,6,7,4,8,9,1,10,2,2,2,2,2,1,11,12,13,8,14,4,4,15,2,9,9,9,9,1,1,1,1,9,1,1,1,9,9,9,9,9,1,1,1,1,9,16,9,9,17,18,9,9,9,9,9,1,9,19,20,9,9,9,9,9,9,9,21,22,23,24,25,9,9,9,9,26,27,28,9,9,9,29,9,9,9,9,9,9,9,9,9,9,30,31,9,9,9,9,4,4,4,4,4,4,4,4,15,15,15,15,15,15,15,15","0.000993967056274414","leiden","edit-xhwikibooks.graphml"
"0.63","0.29","0.08","0.4525853172917","1,1,1,2,3,2,4,2,2,2,4,5,2,2,2,2,6,7,4,8,9,1,10,2,2,2,2,2,1,11,12,13,8,14,4,4,15,2,9,9,9,9,1,1,1,1,9,1,1,1,9,9,9,9,9,1,1,1,1,9,16,9,9,17,18,9,9,9,9,9,1,9,19,20,9,9,9,9,9,9,9,21,22,23,24,25,9,9,9,9,26,27,28,9,9,9,29,9,9,9,9,9,9,9,9,9,9,30,31,9,9,9,9,4,4,4,4,4,4,4,4,15,15,15,15,15,15,15,15","0.00099492073059082","leiden","edit-xhwikibooks.graphml"
"0.62","0.3","0.08","0.451388888888889","1,1,1,2,3,2,4,2,2,2,4,5,2,2,2,2,6,7,4,8,9,1,10,2,2,2,2,2,1,11,12,13,8,14,4,4,15,2,9,9,9,9,1,1,1,1,9,1,1,1,9,9,9,9,9,1,1,1,1,9,16,9,9,17,18,9,9,9,9,9,1,9,19,20,9,9,9,9,9,9,9,21,22,23,24,25,9,9,9,9,26,27,28,9,9,9,29,9,9,9,9,9,9,9,9,9,9,30,31,9,9,9,9,4,4,4,4,4,4,4,4,15,15,15,15,15,15,15,15","0.000977993011474609","leiden","edit-xhwikibooks.graphml"
"0.61","0.31","0.08","0.457681331747919","1,1,1,2,3,2,4,2,2,2,4,5,2,2,2,2,6,7,4,8,9,10,11,2,2,2,2,2,1,12,13,14,8,15,4,4,16,2,9,9,9,9,10,10,10,10,9,10,10,10,9,9,9,9,9,10,10,10,10,9,17,9,9,18,19,9,9,9,9,9,10,9,20,21,9,9,9,9,9,9,9,22,23,24,25,26,9,9,9,9,27,28,29,9,9,9,30,9,9,9,9,9,9,9,9,9,9,31,32,9,9,9,9,4,4,4,4,4,4,4,4,16,16,16,16,16,16,16,16","0.00103592872619629","leiden","edit-xhwikibooks.graphml"
"0.6","0.32","0.08","0.456477840365608","1,1,1,2,3,2,4,2,2,2,4,5,2,2,2,2,6,7,4,8,9,10,11,2,2,2,2,2,1,12,13,14,8,15,4,4,16,2,9,9,9,9,10,10,10,10,9,10,10,10,9,9,9,9,9,10,10,10,10,9,17,9,9,18,19,9,9,9,9,9,10,9,20,21,9,9,9,9,9,9,9,22,23,24,25,26,9,9,9,9,27,28,29,9,9,9,30,9,9,9,9,9,9,9,9,9,9,31,32,9,9,9,9,4,4,4,4,4,4,4,4,16,16,16,16,16,16,16,16","0.00102400779724121","leiden","edit-xhwikibooks.graphml"
"0.59","0.33","0.08","0.446433738425926","1,1,1,2,3,2,4,2,2,2,5,6,2,2,2,2,7,8,9,10,11,12,13,2,2,2,2,2,1,14,15,16,17,18,9,9,19,2,11,11,11,11,12,12,12,12,11,12,12,12,11,11,11,11,11,12,12,12,12,11,20,11,11,21,22,11,11,11,11,11,12,11,23,24,11,11,11,11,11,11,11,25,26,27,28,29,11,11,11,11,30,31,32,11,11,11,33,11,11,11,11,11,11,11,11,11,11,34,35,11,11,11,11,9,9,9,9,9,9,9,9,19,19,19,19,19,19,19,19","0.00109004974365234","leiden","edit-xhwikibooks.graphml"
"0.58","0.34","0.08","0.491592364958449","1,1,1,2,3,2,4,2,2,2,5,6,2,2,2,2,7,8,9,10,11,12,13,2,2,2,2,2,1,14,15,16,17,18,9,9,19,2,11,11,11,11,12,12,12,12,11,12,12,12,11,11,11,11,11,12,12,12,12,11,20,11,11,21,22,11,11,11,11,11,12,11,23,24,11,11,11,11,11,11,11,25,26,27,28,29,11,11,11,11,30,31,32,11,11,11,33,11,11,11,11,11,11,11,11,11,11,34,35,11,11,11,11,9,9,9,9,9,9,9,9,19,19,19,19,19,19,19,19","0.00102591514587402","leiden","edit-xhwikibooks.graphml"
"0.57","0.35","0.08","0.491592364958449","1,1,1,2,3,2,4,2,2,2,5,6,2,2,2,2,7,8,9,10,11,12,13,2,2,2,2,2,1,14,15,16,17,18,9,9,19,2,11,11,11,11,12,12,12,12,11,12,12,12,11,11,11,11,11,12,12,12,12,11,20,11,11,21,22,11,11,11,11,11,12,11,23,24,11,11,11,11,11,11,11,25,26,27,28,29,11,11,11,11,30,31,32,11,11,11,33,11,11,11,11,11,11,11,11,11,11,34,35,11,11,11,11,9,9,9,9,9,9,9,9,19,19,19,19,19,19,19,19","0.00108194351196289","leiden","edit-xhwikibooks.graphml"
"0.56","0.36","0.08","0.490395055092717","1,1,1,2,3,2,4,2,2,2,5,6,2,2,2,2,7,8,9,10,11,12,13,2,2,2,2,2,1,14,15,16,17,18,9,9,19,2,11,11,11,11,12,12,12,12,11,12,12,12,11,11,11,11,11,12,12,12,12,11,20,11,11,21,22,11,11,11,11,11,12,11,23,24,11,11,11,11,11,11,11,25,26,27,28,29,11,11,11,11,30,31,32,11,11,11,33,11,11,11,11,11,11,11,11,11,11,34,35,11,11,11,11,9,9,9,9,9,9,9,9,19,19,19,19,19,19,19,19","0.00103998184204102","leiden","edit-xhwikibooks.graphml"
"0.55","0.37","0.08","0.490395055092717","1,1,1,2,3,2,4,2,2,2,5,6,2,2,2,2,7,8,9,10,11,12,13,2,2,2,2,2,1,14,15,16,17,18,9,9,19,2,11,11,11,11,12,12,12,12,11,12,12,12,11,11,11,11,11,12,12,12,12,11,20,11,11,21,22,11,11,11,11,11,12,11,23,24,11,11,11,11,11,11,11,25,26,27,28,29,11,11,11,11,30,31,32,11,11,11,33,11,11,11,11,11,11,11,11,11,11,34,35,11,11,11,11,9,9,9,9,9,9,9,9,19,19,19,19,19,19,19,19","0.00108885765075684","leiden","edit-xhwikibooks.graphml"
"0.54","0.38","0.08","0.48920287069076","1,1,1,2,3,2,4,2,2,2,5,6,2,2,2,2,7,8,9,10,11,12,13,2,2,2,2,2,1,14,15,16,17,18,9,9,19,2,11,11,11,11,12,12,12,12,11,12,12,12,11,11,11,11,11,12,12,12,12,11,20,11,11,21,22,11,11,11,11,11,12,11,23,24,11,11,11,11,11,11,11,25,26,27,28,29,11,11,11,11,30,31,32,11,11,11,33,11,11,11,11,11,11,11,11,11,11,34,35,11,11,11,11,9,9,9,9,9,9,9,9,19,19,19,19,19,19,19,19","0.00106692314147949","leiden","edit-xhwikibooks.graphml"
"0.53","0.39","0.08","0.495066621689998","1,1,1,2,3,2,4,2,2,2,5,6,2,2,2,2,7,8,9,10,11,12,13,2,2,2,2,2,1,14,15,16,17,18,9,9,19,2,11,11,11,11,12,12,12,12,11,12,12,12,11,11,11,11,11,12,12,12,12,11,20,11,11,21,22,11,11,11,11,11,12,11,23,24,11,11,11,11,11,11,11,25,26,27,28,29,11,11,11,11,30,31,32,11,11,11,33,11,11,11,11,11,11,11,11,11,11,34,35,11,11,11,11,9,9,9,9,9,9,9,9,19,19,19,19,19,19,19,19","0.00113892555236816","leiden","edit-xhwikibooks.graphml"
"0.52","0.4","0.08","0.498816182628385","1,1,1,2,3,2,4,2,2,2,5,6,2,2,2,2,7,8,9,10,11,12,13,2,2,2,2,2,1,14,15,16,17,18,9,9,19,2,11,11,11,11,12,12,12,12,11,12,12,12,11,11,11,11,11,12,12,12,12,11,20,11,11,21,22,11,11,11,11,11,12,11,23,24,11,11,11,11,11,11,11,25,26,27,28,29,11,11,11,11,30,31,32,11,11,11,33,11,11,11,11,11,11,11,11,11,11,34,35,11,11,11,11,9,9,9,9,9,9,9,9,19,19,19,19,19,19,19,19","0.0010530948638916","leiden","edit-xhwikibooks.graphml"
"0.51","0.41","0.08","0.485536146197259","1,1,1,2,3,1,4,1,5,6,7,8,1,5,5,1,9,10,11,12,13,14,15,5,5,5,5,16,17,18,19,20,21,22,11,11,23,5,13,13,13,13,14,14,14,14,13,14,14,14,13,13,13,13,13,14,14,14,14,13,24,13,13,25,26,13,13,13,13,13,14,13,27,28,13,13,13,13,13,13,13,29,30,31,32,33,13,13,13,13,34,35,36,13,13,13,37,13,13,13,13,13,13,13,13,13,13,38,39,13,13,13,13,11,11,11,11,11,11,11,11,23,23,23,23,23,23,23,23","0.000974178314208984","leiden","edit-xhwikibooks.graphml"
"0.5","0.42","0.08","0.484332948865821","1,1,1,2,3,1,4,1,5,6,7,8,1,5,5,1,9,10,11,12,13,14,15,5,5,5,5,16,17,18,19,20,21,22,11,11,23,5,13,13,13,13,14,14,14,14,13,14,14,14,13,13,13,13,13,14,14,14,14,13,24,13,13,25,26,13,13,13,13,13,14,13,27,28,13,13,13,13,13,13,13,29,30,31,32,33,13,13,13,13,34,35,36,13,13,13,37,13,13,13,13,13,13,13,13,13,13,38,39,13,13,13,13,11,11,11,11,11,11,11,11,23,23,23,23,23,23,23,23","0.000991106033325195","leiden","edit-xhwikibooks.graphml"
"0.49","0.43","0.08","0.489911873840445","1,1,1,2,3,1,4,1,5,6,7,8,1,5,5,1,9,10,11,12,13,14,15,5,5,5,5,16,17,18,19,20,21,22,11,11,23,5,13,13,13,13,14,14,14,14,13,14,14,14,13,13,13,13,13,14,14,14,14,13,24,13,13,25,26,13,13,13,13,13,14,13,27,28,13,13,13,13,13,13,13,29,30,31,32,33,13,13,13,13,34,35,36,13,13,13,37,13,13,13,13,13,13,13,13,13,13,38,39,13,13,13,13,11,11,11,11,11,11,11,11,23,23,23,23,23,23,23,23","0.000998973846435547","leiden","edit-xhwikibooks.graphml"
"0.48","0.44","0.08","0.488715032310093","1,1,1,2,3,1,4,1,5,6,7,8,1,5,5,1,9,10,11,12,13,14,15,5,5,5,5,16,17,18,19,20,21,22,11,11,23,5,13,13,13,13,14,14,14,14,13,14,14,14,13,13,13,13,13,14,14,14,14,13,24,13,13,25,26,13,13,13,13,13,14,13,27,28,13,13,13,13,13,13,13,29,30,31,32,33,13,13,13,13,34,35,36,13,13,13,37,13,13,13,13,13,13,13,13,13,13,38,39,13,13,13,13,11,11,11,11,11,11,11,11,23,23,23,23,23,23,23,23","0.00101709365844727","leiden","edit-xhwikibooks.graphml"
"0.47","0.45","0.08","0.494339388550573","1,1,1,2,3,1,4,1,5,6,7,8,1,5,5,1,9,10,11,12,13,14,15,5,5,5,5,16,17,18,19,20,21,22,11,11,23,5,13,13,13,13,14,14,14,14,13,14,14,14,13,13,13,13,13,14,14,14,14,13,24,13,13,25,26,13,13,13,13,13,14,13,27,28,13,13,13,13,13,13,13,29,30,31,32,33,13,13,13,13,34,35,36,13,13,13,37,13,13,13,13,13,13,13,13,13,13,38,39,13,13,13,13,11,11,11,11,11,11,11,11,23,23,23,23,23,23,23,23","0.00103116035461426","leiden","edit-xhwikibooks.graphml"
"0.46","0.46","0.08","0.493148011176857","1,1,1,2,3,1,4,1,5,6,7,8,1,5,5,1,9,10,11,12,13,14,15,5,5,5,5,16,17,18,19,20,21,22,11,11,23,5,13,13,13,13,14,14,14,14,13,14,14,14,13,13,13,13,13,14,14,14,14,13,24,13,13,25,26,13,13,13,13,13,14,13,27,28,13,13,13,13,13,13,13,29,30,31,32,33,13,13,13,13,34,35,36,13,13,13,37,13,13,13,13,13,13,13,13,13,13,38,39,13,13,13,13,11,11,11,11,11,11,11,11,23,23,23,23,23,23,23,23","0.000950098037719727","leiden","edit-xhwikibooks.graphml"
"0.45","0.47","0.08","0.495932386775409","1,1,1,2,3,1,4,1,5,6,7,8,1,5,5,1,9,10,11,12,13,14,15,5,5,5,5,16,17,18,19,20,21,22,11,11,23,5,13,13,13,13,14,14,14,14,13,14,14,14,13,13,13,13,13,14,14,14,14,13,24,13,13,25,26,13,13,13,13,13,14,13,27,28,13,13,13,13,13,13,13,29,30,31,32,33,13,13,13,13,34,35,36,13,13,13,37,13,13,13,13,13,13,13,13,13,13,38,39,13,13,13,13,11,11,11,11,11,11,11,11,23,23,23,23,23,23,23,23","0.000945806503295898","leiden","edit-xhwikibooks.graphml"
"0.44","0.48","0.08","0.494746237169865","1,1,1,2,3,1,4,1,5,6,7,8,1,5,5,1,9,10,11,12,13,14,15,5,5,5,5,16,17,18,19,20,21,22,11,11,23,5,13,13,13,13,14,14,14,14,13,14,14,14,13,13,13,13,13,14,14,14,14,13,24,13,13,25,26,13,13,13,13,13,14,13,27,28,13,13,13,13,13,13,13,29,30,31,32,33,13,13,13,13,34,35,36,13,13,13,37,13,13,13,13,13,13,13,13,13,13,38,39,13,13,13,13,11,11,11,11,11,11,11,11,23,23,23,23,23,23,23,23","0.000917196273803711","leiden","edit-xhwikibooks.graphml"
"0.43","0.49","0.08","0.486998686944924","1,1,1,2,3,1,4,1,5,6,7,8,9,5,5,10,11,12,13,14,15,16,17,5,5,5,5,18,19,20,21,22,23,24,13,13,25,26,15,15,15,15,16,16,16,16,15,16,16,16,15,15,15,15,15,16,16,16,16,15,27,15,15,28,29,15,15,15,15,15,16,15,30,31,15,15,15,15,15,15,15,32,33,34,35,36,15,15,15,15,37,38,39,15,15,15,40,15,15,15,15,15,15,15,15,15,15,41,42,15,15,15,15,13,13,13,13,13,13,13,13,25,25,25,25,25,25,25,25","0.000970125198364258","leiden","edit-xhwikibooks.graphml"
"0.42","0.5","0.08","0.581247632874637","1,1,1,2,3,4,5,4,4,6,7,8,4,4,4,9,10,11,12,13,14,15,16,4,4,4,4,17,18,19,20,21,22,23,12,12,24,25,14,14,14,14,15,15,15,15,14,15,15,15,14,14,14,14,14,15,15,15,15,14,26,14,14,27,28,14,14,14,14,14,15,14,29,30,14,14,14,14,14,14,14,31,32,33,34,35,14,14,14,14,36,37,38,14,14,14,39,14,14,14,14,14,14,14,14,14,14,40,41,14,14,14,14,12,12,12,12,12,12,12,12,24,24,24,24,24,24,24,24","0.0010530948638916","leiden","edit-xhwikibooks.graphml"
"0.41","0.51","0.08","0.581247632874637","1,1,1,2,3,4,5,4,4,6,7,8,4,4,4,9,10,11,12,13,14,15,16,4,4,4,4,17,18,19,20,21,22,23,12,12,24,25,14,14,14,14,15,15,15,15,14,15,15,15,14,14,14,14,14,15,15,15,15,14,26,14,14,27,28,14,14,14,14,14,15,14,29,30,14,14,14,14,14,14,14,31,32,33,34,35,14,14,14,14,36,37,38,14,14,14,39,14,14,14,14,14,14,14,14,14,14,40,41,14,14,14,14,12,12,12,12,12,12,12,12,24,24,24,24,24,24,24,24","0.0010371208190918","leiden","edit-xhwikibooks.graphml"
"0.4","0.52","0.08","0.581247632874637","1,1,1,2,3,4,5,4,4,6,7,8,4,4,4,9,10,11,12,13,14,15,16,4,4,4,4,17,18,19,20,21,22,23,12,12,24,25,14,14,14,14,15,15,15,15,14,15,15,15,14,14,14,14,14,15,15,15,15,14,26,14,14,27,28,14,14,14,14,14,15,14,29,30,14,14,14,14,14,14,14,31,32,33,34,35,14,14,14,14,36,37,38,14,14,14,39,14,14,14,14,14,14,14,14,14,14,40,41,14,14,14,14,12,12,12,12,12,12,12,12,24,24,24,24,24,24,24,24","0.00109505653381348","leiden","edit-xhwikibooks.graphml"
"0.39","0.53","0.08","0.580145783803717","1,1,1,2,3,4,5,4,4,6,7,8,4,4,4,9,10,11,12,13,14,15,16,4,4,4,4,17,18,19,20,21,22,23,12,12,24,25,14,14,14,14,15,15,15,15,14,15,15,15,14,14,14,14,14,15,15,15,15,14,26,14,14,27,28,14,14,14,14,14,15,14,29,30,14,14,14,14,14,14,14,31,32,33,34,35,14,14,14,14,36,37,38,14,14,14,39,14,14,14,14,14,14,14,14,14,14,40,41,14,14,14,14,12,12,12,12,12,12,12,12,24,24,24,24,24,24,24,24","0.000997066497802734","leiden","edit-xhwikibooks.graphml"
"0.38","0.54","0.08","0.582129147030367","1,1,1,2,3,4,5,4,4,6,7,8,4,4,4,9,10,11,12,13,14,15,16,4,4,4,4,17,18,19,20,21,22,23,12,12,24,25,14,14,14,14,15,15,15,15,14,15,15,15,14,14,14,14,14,15,15,15,15,14,26,14,14,27,28,14,14,14,14,14,15,14,29,30,14,14,14,14,14,14,14,31,32,33,34,35,14,14,14,14,36,37,38,14,14,14,39,14,14,14,14,14,14,14,14,14,14,40,41,14,14,14,14,12,12,12,12,12,12,12,12,24,24,24,24,24,24,24,24","0.00092005729675293","leiden","edit-xhwikibooks.graphml"
"0.37","0.55","0.08","0.581032114896687","1,1,1,2,3,4,5,4,4,6,7,8,4,4,4,9,10,11,12,13,14,15,16,4,4,4,4,17,18,19,20,21,22,23,12,12,24,25,14,14,14,14,15,15,15,15,14,15,15,15,14,14,14,14,14,15,15,15,15,14,26,14,14,27,28,14,14,14,14,14,15,14,29,30,14,14,14,14,14,14,14,31,32,33,34,35,14,14,14,14,36,37,38,14,14,14,39,14,14,14,14,14,14,14,14,14,14,40,41,14,14,14,14,12,12,12,12,12,12,12,12,24,24,24,24,24,24,24,24","0.00102400779724121","leiden","edit-xhwikibooks.graphml"
"0.36","0.56","0.08","0.584602635031959","1,1,1,2,3,4,5,4,4,6,7,8,4,4,4,9,10,11,12,13,14,15,16,4,4,4,4,17,18,19,20,21,22,23,12,12,24,25,14,14,14,14,15,15,15,15,14,15,15,15,14,14,14,14,14,15,15,15,15,14,26,14,14,27,28,14,14,14,14,14,15,14,29,30,14,14,14,14,14,14,14,31,32,33,34,35,14,14,14,14,36,37,38,14,14,14,39,14,14,14,14,14,14,14,14,14,14,40,41,14,14,14,14,12,12,12,12,12,12,12,12,24,24,24,24,24,24,24,24","0.00102901458740234","leiden","edit-xhwikibooks.graphml"
"0.35","0.57","0.08","0.580303361318311","1,1,1,2,3,4,5,6,7,8,9,10,6,6,6,11,12,13,14,15,16,17,18,6,6,6,6,19,20,21,22,23,24,25,14,14,26,27,16,16,16,16,17,17,17,17,16,17,17,17,16,16,16,16,16,17,17,17,17,16,28,16,16,29,30,16,16,16,16,16,17,16,31,32,16,16,16,16,16,16,16,33,34,35,36,37,16,16,16,16,38,39,40,16,16,16,41,16,16,16,16,16,16,16,16,16,16,42,43,16,16,16,16,14,14,14,14,14,14,14,14,26,26,26,26,26,26,26,26","0.000952959060668945","leiden","edit-xhwikibooks.graphml"
"0.34","0.58","0.08","0.58366512345679","1,1,1,2,3,4,5,6,7,8,9,10,6,6,6,11,12,13,14,15,16,17,18,6,6,6,6,19,20,21,22,23,24,25,14,14,26,27,16,16,16,16,17,17,17,17,16,17,17,17,16,16,16,16,16,17,17,17,17,16,28,16,16,29,30,16,16,16,16,16,17,16,31,32,16,16,16,16,16,16,16,33,34,35,36,37,16,16,16,16,38,39,40,16,16,16,41,16,16,16,16,16,16,16,16,16,16,42,43,16,16,16,16,14,14,14,14,14,14,14,14,26,26,26,26,26,26,26,26","0.00094294548034668","leiden","edit-xhwikibooks.graphml"
"0.33","0.59","0.08","0.584658587955191","1,1,1,2,3,4,5,6,7,8,9,10,6,6,6,11,12,13,14,15,16,17,18,6,6,6,6,19,20,21,22,23,24,25,14,14,26,27,16,16,16,16,17,17,17,17,16,17,17,17,16,16,16,16,16,17,17,17,17,16,28,16,16,29,30,16,16,16,16,16,17,16,31,32,16,16,16,16,16,16,16,33,34,35,36,37,16,16,16,16,38,39,40,16,16,16,41,16,16,16,16,16,16,16,16,16,16,42,43,16,16,16,16,14,14,14,14,14,14,14,14,26,26,26,26,26,26,26,26","0.00095820426940918","leiden","edit-xhwikibooks.graphml"
"0.32","0.6","0.08","0.588636638087187","1,1,1,2,3,4,5,6,7,8,9,10,6,6,6,11,12,13,14,15,16,17,18,6,6,6,6,19,20,21,22,23,24,25,14,14,26,27,16,16,16,16,17,17,17,17,16,17,17,17,16,16,16,16,16,17,17,17,17,16,28,16,16,29,30,16,16,16,16,16,17,16,31,32,16,16,16,16,16,16,16,33,34,35,36,37,16,16,16,16,38,39,40,16,16,16,41,16,16,16,16,16,16,16,16,16,16,42,43,16,16,16,16,14,14,14,14,14,14,14,14,26,26,26,26,26,26,26,26","0.000971078872680664","leiden","edit-xhwikibooks.graphml"
"0.31","0.61","0.08","0.587539876149372","1,1,1,2,3,4,5,6,7,8,9,10,6,6,6,11,12,13,14,15,16,17,18,6,6,6,6,19,20,21,22,23,24,25,14,14,26,27,16,16,16,16,17,17,17,17,16,17,17,17,16,16,16,16,16,17,17,17,17,16,28,16,16,29,30,16,16,16,16,16,17,16,31,32,16,16,16,16,16,16,16,33,34,35,36,37,16,16,16,16,38,39,40,16,16,16,41,16,16,16,16,16,16,16,16,16,16,42,43,16,16,16,16,14,14,14,14,14,14,14,14,26,26,26,26,26,26,26,26","0.00097203254699707","leiden","edit-xhwikibooks.graphml"
"0.3","0.62","0.08","0.589439816059004","1,1,1,2,3,4,5,6,7,8,9,10,6,6,6,11,12,13,14,15,16,17,18,6,6,6,6,19,20,21,22,23,24,25,14,14,26,27,16,16,16,16,17,17,17,17,16,17,17,17,16,16,16,16,16,17,17,17,17,16,28,16,16,29,30,16,16,16,16,16,17,16,31,32,16,16,16,16,16,16,16,33,34,35,36,37,16,16,16,16,38,39,40,16,16,16,41,16,16,16,16,16,16,16,16,16,16,42,43,16,16,16,16,14,14,14,14,14,14,14,14,26,26,26,26,26,26,26,26","0.00099492073059082","leiden","edit-xhwikibooks.graphml"
"0.29","0.63","0.08","0.588347971994744","1,1,1,2,3,4,5,6,7,8,9,10,6,6,6,11,12,13,14,15,16,17,18,6,6,6,6,19,20,21,22,23,24,25,14,14,26,27,16,16,16,16,17,17,17,17,16,17,17,17,16,16,16,16,16,17,17,17,17,16,28,16,16,29,30,16,16,16,16,16,17,16,31,32,16,16,16,16,16,16,16,33,34,35,36,37,16,16,16,16,38,39,40,16,16,16,41,16,16,16,16,16,16,16,16,16,16,42,43,16,16,16,16,14,14,14,14,14,14,14,14,26,26,26,26,26,26,26,26","0.00101685523986816","leiden","edit-xhwikibooks.graphml"
"0.28","0.64","0.08","0.590368029300567","1,1,1,2,3,4,5,6,7,8,9,10,6,6,6,11,12,13,14,15,16,17,18,6,6,6,6,19,20,21,22,23,24,25,14,14,26,27,16,16,16,16,17,17,17,17,16,17,17,17,16,16,16,16,16,17,17,17,17,16,28,16,16,29,30,16,16,16,16,16,17,16,31,32,16,16,16,16,16,16,16,33,34,35,36,37,16,16,16,16,38,39,40,16,16,16,41,16,16,16,16,16,16,16,16,16,16,42,43,16,16,16,16,14,14,14,14,14,14,14,14,26,26,26,26,26,26,26,26","0.00123190879821777","leiden","edit-xhwikibooks.graphml"
"0.27","0.65","0.08","0.56577452341876","1,1,1,2,3,4,5,6,7,8,9,10,11,11,11,12,13,14,15,16,17,18,19,6,11,11,11,20,21,22,23,24,25,26,15,15,11,27,17,17,17,17,18,18,18,18,17,18,18,18,17,17,17,17,17,18,18,18,18,17,28,17,17,29,30,17,17,17,17,17,18,17,31,32,17,17,17,17,17,17,17,33,34,35,36,37,17,17,17,17,38,39,40,17,17,17,41,17,17,17,17,17,17,17,17,17,17,42,43,17,17,17,17,15,44,45,15,15,15,15,15,46,47,48,49,50,51,52,53","0.00101780891418457","leiden","edit-xhwikibooks.graphml"
"0.26","0.66","0.08","0.56577452341876","1,1,1,2,3,4,5,6,7,8,9,10,11,11,11,12,13,14,15,16,17,18,19,6,11,11,11,20,21,22,23,24,25,26,15,15,11,27,17,17,17,17,18,18,18,18,17,18,18,18,17,17,17,17,17,18,18,18,18,17,28,17,17,29,30,17,17,17,17,17,18,17,31,32,17,17,17,17,17,17,17,33,34,35,36,37,17,17,17,17,38,39,40,17,17,17,41,17,17,17,17,17,17,17,17,17,17,42,43,17,17,17,17,15,44,45,15,15,15,15,15,46,47,48,49,50,51,52,53","0.00101089477539062","leiden","edit-xhwikibooks.graphml"
"0.25","0.67","0.08","0.591800408308571","1,1,1,2,3,4,5,6,7,8,9,10,11,11,11,12,13,14,15,16,17,18,19,6,11,11,11,20,21,22,23,24,25,26,15,15,11,27,17,17,17,17,18,18,18,18,17,18,18,18,17,17,17,17,17,18,18,18,18,17,28,17,17,29,30,17,17,17,17,17,18,17,31,32,17,17,17,17,17,17,17,33,34,35,36,37,17,17,17,17,38,39,40,17,17,17,41,17,17,17,17,17,17,17,17,17,17,42,43,17,17,17,17,15,44,45,15,15,15,15,15,46,47,48,49,50,51,52,53","0.00104594230651855","leiden","edit-xhwikibooks.graphml"
"0.24","0.68","0.08","0.591800408308571","1,1,1,2,3,4,5,6,7,8,9,10,11,11,11,12,13,14,15,16,17,18,19,6,11,11,11,20,21,22,23,24,25,26,15,15,11,27,17,17,17,17,18,18,18,18,17,18,18,18,17,17,17,17,17,18,18,18,18,17,28,17,17,29,30,17,17,17,17,17,18,17,31,32,17,17,17,17,17,17,17,33,34,35,36,37,17,17,17,17,38,39,40,17,17,17,41,17,17,17,17,17,17,17,17,17,17,42,43,17,17,17,17,15,44,45,15,15,15,15,15,46,47,48,49,50,51,52,53","0.00110507011413574","leiden","edit-xhwikibooks.graphml"
"0.23","0.69","0.08","0.59071858018268","1,1,1,2,3,4,5,6,7,8,9,10,11,11,11,12,13,14,15,16,17,18,19,6,11,11,11,20,21,22,23,24,25,26,15,15,11,27,17,17,17,17,18,18,18,18,17,18,18,18,17,17,17,17,17,18,18,18,18,17,28,17,17,29,30,17,17,17,17,17,18,17,31,32,17,17,17,17,17,17,17,33,34,35,36,37,17,17,17,17,38,39,40,17,17,17,41,17,17,17,17,17,17,17,17,17,17,42,43,17,17,17,17,15,44,45,15,15,15,15,15,46,47,48,49,50,51,52,53","0.00102782249450684","leiden","edit-xhwikibooks.graphml"
"0.22","0.7","0.08","0.59256517332835","1,1,1,2,3,4,5,6,7,8,9,10,11,11,11,12,13,14,15,16,17,18,19,6,11,11,11,20,21,22,23,24,25,26,15,15,11,27,17,17,17,17,18,18,18,18,17,18,18,18,17,17,17,17,17,18,18,18,18,17,28,17,17,29,30,17,17,17,17,17,18,17,31,32,17,17,17,17,17,17,17,33,34,35,36,37,17,17,17,17,38,39,40,17,17,17,41,17,17,17,17,17,17,17,17,17,17,42,43,17,17,17,17,15,44,45,15,15,15,15,15,46,47,48,49,50,51,52,53","0.00101709365844727","leiden","edit-xhwikibooks.graphml"
"0.21","0.71","0.08","0.591488175240928","1,1,1,2,3,4,5,6,7,8,9,10,11,11,11,12,13,14,15,16,17,18,19,6,11,11,11,20,21,22,23,24,25,26,15,15,11,27,17,17,17,17,18,18,18,18,17,18,18,18,17,17,17,17,17,18,18,18,18,17,28,17,17,29,30,17,17,17,17,17,18,17,31,32,17,17,17,17,17,17,17,33,34,35,36,37,17,17,17,17,38,39,40,17,17,17,41,17,17,17,17,17,17,17,17,17,17,42,43,17,17,17,17,15,44,45,15,15,15,15,15,46,47,48,49,50,51,52,53","0.00104308128356934","leiden","edit-xhwikibooks.graphml"
"0.2","0.72","0.08","0.594549287007696","1,1,1,2,3,4,5,6,7,8,9,10,11,11,11,12,13,14,15,16,17,18,19,6,11,11,11,20,21,22,23,24,25,26,15,15,11,27,17,17,17,17,18,18,18,18,17,18,18,18,17,17,17,17,17,18,18,18,18,17,28,17,17,29,30,17,17,17,17,17,18,17,31,32,17,17,17,17,17,17,17,33,34,35,36,37,17,17,17,17,38,39,40,17,17,17,41,17,17,17,17,17,17,17,17,17,17,42,43,17,17,17,17,15,44,45,15,15,15,15,15,46,47,48,49,50,51,52,53","0.000936031341552734","leiden","edit-xhwikibooks.graphml"
"0.19","0.73","0.08","0.591826052512449","1,1,1,2,3,4,5,6,7,8,9,10,11,11,11,12,13,14,15,16,17,18,19,6,11,11,11,20,21,22,23,24,25,26,15,15,11,27,17,17,17,17,18,18,18,18,17,18,18,18,17,17,17,17,17,18,18,18,18,17,28,17,17,29,30,17,17,17,17,17,18,17,31,32,17,17,17,17,17,17,17,33,34,35,36,37,17,17,17,17,38,39,40,17,17,17,41,17,17,17,17,17,17,17,17,17,17,42,43,17,17,17,17,15,44,45,15,15,15,15,15,46,47,48,49,50,51,52,53","0.00106716156005859","leiden","edit-xhwikibooks.graphml"
"0.18","0.74","0.08","0.591826052512449","1,1,1,2,3,4,5,6,7,8,9,10,11,11,11,12,13,14,15,16,17,18,19,6,11,11,11,20,21,22,23,24,25,26,15,15,11,27,17,17,17,17,18,18,18,18,17,18,18,18,17,17,17,17,17,18,18,18,18,17,28,17,17,29,30,17,17,17,17,17,18,17,31,32,17,17,17,17,17,17,17,33,34,35,36,37,17,17,17,17,38,39,40,17,17,17,41,17,17,17,17,17,17,17,17,17,17,42,43,17,17,17,17,15,44,45,15,15,15,15,15,46,47,48,49,50,51,52,53","0.00106000900268555","leiden","edit-xhwikibooks.graphml"
"0.17","0.75","0.08","0.596502770083102","1,1,1,2,3,4,5,6,7,8,9,10,11,11,11,12,13,14,15,16,17,18,19,6,11,11,11,20,21,22,23,24,25,26,15,15,11,27,17,17,17,17,18,18,18,18,17,18,18,18,17,17,17,17,17,18,18,18,18,17,28,17,17,29,30,17,17,17,17,17,18,17,31,32,17,17,17,17,17,17,17,33,34,35,36,37,17,17,17,17,38,39,40,17,17,17,41,17,17,17,17,17,17,17,17,17,17,42,43,17,17,17,17,15,44,45,15,15,15,15,15,46,47,48,49,50,51,52,53","0.00107717514038086","leiden","edit-xhwikibooks.graphml"
"0.16","0.76","0.08","0.596502770083102","1,1,1,2,3,4,5,6,7,8,9,10,11,11,11,12,13,14,15,16,17,18,19,6,11,11,11,20,21,22,23,24,25,26,15,15,11,27,17,17,17,17,18,18,18,18,17,18,18,18,17,17,17,17,17,18,18,18,18,17,28,17,17,29,30,17,17,17,17,17,18,17,31,32,17,17,17,17,17,17,17,33,34,35,36,37,17,17,17,17,38,39,40,17,17,17,41,17,17,17,17,17,17,17,17,17,17,42,43,17,17,17,17,15,44,45,15,15,15,15,15,46,47,48,49,50,51,52,53","0.00141477584838867","leiden","edit-xhwikibooks.graphml"
"0.15","0.77","0.08","0.650211628425039","1,1,1,2,3,4,5,6,7,8,9,10,11,11,11,12,13,14,15,16,17,18,19,6,11,11,11,20,21,22,23,24,25,26,15,15,27,28,17,17,17,17,18,18,18,18,17,18,18,18,17,17,17,17,17,18,18,18,18,17,29,17,17,30,31,17,17,17,17,17,18,17,32,33,17,17,17,17,17,17,17,34,35,36,37,38,17,17,17,17,39,40,41,17,17,17,42,17,17,17,17,17,17,17,17,17,17,43,44,17,17,17,17,15,45,46,15,15,15,15,15,47,48,49,50,51,52,53,54","0.00105500221252441","leiden","edit-xhwikibooks.graphml"
"0.14","0.78","0.08","0.651999229718848","1,1,1,2,3,4,5,6,7,8,9,10,11,11,11,12,13,14,15,16,17,18,19,6,11,11,11,20,21,22,23,24,25,26,15,15,27,28,17,17,17,17,18,18,18,18,17,18,18,18,17,17,17,17,17,18,18,18,18,17,29,17,17,30,31,17,17,17,17,17,18,17,32,33,17,17,17,17,17,17,17,34,35,36,37,38,17,17,17,17,39,40,41,17,17,17,42,17,17,17,17,17,17,17,17,17,17,43,44,17,17,17,17,15,45,46,15,15,15,15,15,47,48,49,50,51,52,53,54","0.00102901458740234","leiden","edit-xhwikibooks.graphml"
"0.13","0.79","0.08","0.65377955291026","1,1,1,2,3,4,5,6,7,8,9,10,11,11,11,12,13,14,15,16,17,18,19,6,11,11,11,20,21,22,23,24,25,26,15,15,27,28,17,17,17,17,18,18,18,18,17,18,18,18,17,17,17,17,17,18,18,18,18,17,29,17,17,30,31,17,17,17,17,17,18,17,32,33,17,17,17,17,17,17,17,34,35,36,37,38,17,17,17,17,39,40,41,17,17,17,42,17,17,17,17,17,17,17,17,17,17,43,44,17,17,17,17,15,45,46,15,15,15,15,15,47,48,49,50,51,52,53,54","0.00103497505187988","leiden","edit-xhwikibooks.graphml"
"0.12","0.8","0.08","0.655996716938545","1,1,1,2,3,4,5,6,7,8,9,10,11,11,11,12,13,14,15,16,17,18,19,6,11,11,11,20,21,22,23,24,25,26,15,15,27,28,17,17,17,17,18,18,18,18,17,18,18,18,17,17,17,17,17,18,18,18,18,17,29,17,17,30,31,17,17,17,17,17,18,17,32,33,17,17,17,17,17,17,17,34,35,36,37,38,17,17,17,17,39,40,41,17,17,17,42,17,17,17,17,17,17,17,17,17,17,43,44,17,17,17,17,15,45,46,15,15,15,15,15,47,48,49,50,51,52,53,54","0.00105404853820801","leiden","edit-xhwikibooks.graphml"
"0.11","0.81","0.08","0.65444087677622","1,1,1,2,3,4,5,6,7,8,9,10,11,11,11,12,13,14,15,16,17,18,19,6,20,20,20,21,22,23,24,25,26,27,28,28,11,29,17,17,17,17,18,18,18,18,17,18,18,18,17,17,17,17,17,18,18,18,18,17,30,17,17,31,32,17,17,17,17,17,18,17,33,34,17,17,17,17,17,17,17,35,36,37,38,39,17,17,17,17,40,41,42,17,17,17,43,17,17,17,17,17,17,17,17,17,17,44,45,17,17,17,17,28,46,47,28,28,28,28,28,48,49,50,51,52,53,54,55","0.00104689598083496","leiden","edit-xhwikibooks.graphml"
"0.1","0.82","0.08","0.653235294117647","1,1,1,2,3,4,5,6,7,8,9,10,11,11,11,12,13,14,15,16,17,18,19,6,20,20,20,21,22,23,24,25,26,27,28,28,11,29,17,17,17,17,18,18,18,18,17,18,18,18,17,17,17,17,17,18,18,18,18,17,30,17,17,31,32,17,17,17,17,17,18,17,33,34,17,17,17,17,17,17,17,35,36,37,38,39,17,17,17,17,40,41,42,17,17,17,43,17,17,17,17,17,17,17,17,17,17,44,45,17,17,17,17,28,46,47,28,28,28,28,28,48,49,50,51,52,53,54,55","0.00105905532836914","leiden","edit-xhwikibooks.graphml"
"0.09","0.83","0.08","0.653235294117647","1,1,1,2,3,4,5,6,7,8,9,10,11,11,11,12,13,14,15,16,17,18,19,6,20,20,20,21,22,23,24,25,26,27,28,28,11,29,17,17,17,17,18,18,18,18,17,18,18,18,17,17,17,17,17,18,18,18,18,17,30,17,17,31,32,17,17,17,17,17,18,17,33,34,17,17,17,17,17,17,17,35,36,37,38,39,17,17,17,17,40,41,42,17,17,17,43,17,17,17,17,17,17,17,17,17,17,44,45,17,17,17,17,28,46,47,28,28,28,28,28,48,49,50,51,52,53,54,55","0.000904083251953125","leiden","edit-xhwikibooks.graphml"
"0.08","0.84","0.08","0.654888694336544","1,1,1,2,3,4,5,6,7,8,9,10,11,11,11,12,13,14,15,16,17,18,19,6,20,20,20,21,22,23,24,25,26,27,28,28,11,29,17,17,17,17,18,18,18,18,17,18,18,18,17,17,17,17,17,18,18,18,18,17,30,17,17,31,32,17,17,17,17,17,18,17,33,34,17,17,17,17,17,17,17,35,36,37,38,39,17,17,17,17,40,41,42,17,17,17,43,17,17,17,17,17,17,17,17,17,17,44,45,17,17,17,17,28,46,47,28,28,28,28,28,48,49,50,51,52,53,54,55","0.00103306770324707","leiden","edit-xhwikibooks.graphml"
"0.07","0.85","0.08","0.657634149036541","1,1,1,2,3,4,5,6,7,8,9,10,11,11,11,12,13,14,15,16,17,18,19,6,20,20,20,21,22,23,24,25,26,27,28,28,11,29,17,17,17,17,18,18,18,18,17,18,18,18,17,17,17,17,17,18,18,18,18,17,30,17,17,31,32,17,17,17,17,17,18,17,33,34,17,17,17,17,17,17,17,35,36,37,38,39,17,17,17,17,40,41,42,17,17,17,43,17,17,17,17,17,17,17,17,17,17,44,45,17,17,17,17,28,46,47,28,28,28,28,28,48,49,50,51,52,53,54,55","0.00104904174804688","leiden","edit-xhwikibooks.graphml"
"0.06","0.86","0.08","0.659043068595676","1,1,1,2,3,4,5,6,7,8,9,10,11,11,11,12,13,14,15,16,17,18,19,6,20,20,20,21,22,23,24,25,26,27,28,28,11,29,17,17,17,17,18,18,18,18,17,18,18,18,17,17,17,17,17,18,18,18,18,17,30,17,17,31,32,17,17,17,17,17,18,17,33,34,17,17,17,17,17,17,17,35,36,37,38,39,17,17,17,17,40,41,42,17,17,17,43,17,17,17,17,17,17,17,17,17,17,44,45,17,17,17,17,28,46,47,28,28,28,28,28,48,49,50,51,52,53,54,55","0.000927925109863281","leiden","edit-xhwikibooks.graphml"
"0.05","0.87","0.08","0.659043068595676","1,1,1,2,3,4,5,6,7,8,9,10,11,11,11,12,13,14,15,16,17,18,19,6,20,20,20,21,22,23,24,25,26,27,28,28,11,29,17,17,17,17,18,18,18,18,17,18,18,18,17,17,17,17,17,18,18,18,18,17,30,17,17,31,32,17,17,17,17,17,18,17,33,34,17,17,17,17,17,17,17,35,36,37,38,39,17,17,17,17,40,41,42,17,17,17,43,17,17,17,17,17,17,17,17,17,17,44,45,17,17,17,17,28,46,47,28,28,28,28,28,48,49,50,51,52,53,54,55","0.000844001770019531","leiden","edit-xhwikibooks.graphml"
"0.04","0.88","0.08","0.657866106354176","1,1,1,2,3,4,5,6,7,8,9,10,11,11,11,12,13,14,15,16,17,18,19,6,20,20,20,21,22,23,24,25,26,27,28,28,11,29,17,17,17,17,18,18,18,18,17,18,18,18,17,17,17,17,17,18,18,18,18,17,30,17,17,31,32,17,17,17,17,17,18,17,33,34,17,17,17,17,17,17,17,35,36,37,38,39,17,17,17,17,40,41,42,17,17,17,43,17,17,17,17,17,17,17,17,17,17,44,45,17,17,17,17,28,46,47,28,28,28,28,28,48,49,50,51,52,53,54,55","0.00114202499389648","leiden","edit-xhwikibooks.graphml"
"0.03","0.89","0.08","0.661670960496763","1,1,1,2,3,4,5,6,7,8,9,10,11,11,11,12,13,14,15,16,17,18,19,6,20,20,20,21,22,23,24,25,26,27,28,28,11,29,17,17,17,17,18,18,18,18,17,18,18,18,17,17,17,17,17,18,18,18,18,17,30,17,17,31,32,17,17,17,17,17,18,17,33,34,17,17,17,17,17,17,17,35,36,37,38,39,17,17,17,17,40,41,42,17,17,17,43,17,17,17,17,17,17,17,17,17,17,44,45,17,17,17,17,28,46,47,28,28,28,28,28,48,49,50,51,52,53,54,55","0.00102591514587402","leiden","edit-xhwikibooks.graphml"
"0.02","0.9","0.08","0.660495398231541","1,1,1,2,3,4,5,6,7,8,9,10,11,11,11,12,13,14,15,16,17,18,19,6,20,20,20,21,22,23,24,25,26,27,28,28,11,29,17,17,17,17,18,18,18,18,17,18,18,18,17,17,17,17,17,18,18,18,18,17,30,17,17,31,32,17,17,17,17,17,18,17,33,34,17,17,17,17,17,17,17,35,36,37,38,39,17,17,17,17,40,41,42,17,17,17,43,17,17,17,17,17,17,17,17,17,17,44,45,17,17,17,17,28,46,47,28,28,28,28,28,48,49,50,51,52,53,54,55","0.0206000804901123","leiden","edit-xhwikibooks.graphml"
"0.01","0.91","0.08","0.660495398231541","1,1,1,2,3,4,5,6,7,8,9,10,11,11,11,12,13,14,15,16,17,18,19,6,20,20,20,21,22,23,24,25,26,27,28,28,11,29,17,17,17,17,18,18,18,18,17,18,18,18,17,17,17,17,17,18,18,18,18,17,30,17,17,31,32,17,17,17,17,17,18,17,33,34,17,17,17,17,17,17,17,35,36,37,38,39,17,17,17,17,40,41,42,17,17,17,43,17,17,17,17,17,17,17,17,17,17,44,45,17,17,17,17,28,46,47,28,28,28,28,28,48,49,50,51,52,53,54,55","0.00115585327148438","leiden","edit-xhwikibooks.graphml"
"0","0.92","0.08","0.660319029572613","1,1,1,1,1,2,3,1,4,5,6,7,8,8,8,9,10,11,12,13,14,15,16,1,17,17,17,18,1,19,20,21,22,23,24,24,8,25,14,14,14,14,15,15,15,15,14,15,15,15,14,14,14,14,14,15,15,15,15,14,26,14,14,27,28,14,14,14,14,14,15,14,29,30,14,14,14,14,14,14,14,31,32,33,34,35,14,14,14,14,36,37,38,14,14,14,39,14,14,14,14,14,14,14,14,14,14,40,41,14,14,14,14,24,42,43,24,24,24,24,24,44,45,46,47,48,49,50,51","0.00104999542236328","leiden","edit-xhwikibooks.graphml"
"0.91","0","0.09","0.499158950617284","1,2,1,1,1,3,1,3,3,3,1,1,3,3,3,4,3,1,1,1,5,2,3,3,3,3,3,4,2,3,1,1,1,1,6,6,3,3,5,5,5,5,2,2,2,2,5,2,2,2,5,5,5,5,5,2,2,2,2,5,3,5,5,3,3,5,5,5,5,5,2,5,3,3,5,5,5,5,5,5,5,3,4,4,4,2,5,5,5,5,3,1,1,5,5,5,4,5,5,5,5,5,5,5,5,5,5,1,1,5,5,5,5,6,6,6,6,6,6,6,6,3,3,3,3,3,3,3,3","0.000809907913208008","leiden","edit-xhwikibooks.graphml"
"0.9","0.01","0.09","0.49929012345679","1,2,1,1,3,1,3,4,1,1,3,3,4,4,4,1,1,3,3,3,5,2,4,4,4,4,4,1,2,1,3,3,3,3,6,6,4,4,5,5,5,5,2,2,2,2,5,2,2,2,5,5,5,5,5,2,2,2,2,5,4,5,5,4,4,5,5,5,5,5,2,5,4,4,5,5,5,5,5,5,5,4,1,1,1,2,5,5,5,5,1,3,3,5,5,5,1,5,5,5,5,5,5,5,5,5,5,3,3,5,5,5,5,6,6,6,6,6,6,6,6,4,4,4,4,4,4,4,4","0.000789880752563477","leiden","edit-xhwikibooks.graphml"
"0.89","0.02","0.09","0.499158950617284","1,2,1,1,1,3,1,3,3,3,1,1,3,3,3,4,3,1,1,1,5,2,3,3,3,3,3,4,2,3,1,1,1,1,6,6,3,3,5,5,5,5,2,2,2,2,5,2,2,2,5,5,5,5,5,2,2,2,2,5,3,5,5,3,3,5,5,5,5,5,2,5,3,3,5,5,5,5,5,5,5,3,4,4,4,2,5,5,5,5,3,1,1,5,5,5,4,5,5,5,5,5,5,5,5,5,5,1,1,5,5,5,5,6,6,6,6,6,6,6,6,3,3,3,3,3,3,3,3","0.000802993774414062","leiden","edit-xhwikibooks.graphml"
"0.88","0.03","0.09","0.49816990354586","1,2,1,1,1,3,1,3,3,3,1,1,3,3,3,4,3,1,1,1,5,2,3,3,3,3,3,4,2,3,1,1,1,1,6,6,3,3,5,5,5,5,2,2,2,2,5,2,2,2,5,5,5,5,5,2,2,2,2,5,3,5,5,3,3,5,5,5,5,5,2,5,3,3,5,5,5,5,5,5,5,3,4,4,4,2,5,5,5,5,3,1,1,5,5,5,4,5,5,5,5,5,5,5,5,5,5,1,1,5,5,5,5,6,6,6,6,6,6,6,6,3,3,3,3,3,3,3,3","0.000787019729614258","leiden","edit-xhwikibooks.graphml"
"0.87","0.04","0.09","0.498254310510202","1,3,1,1,1,1,2,4,1,1,2,2,4,4,4,1,1,2,2,2,5,3,4,4,4,4,4,1,3,1,2,2,2,2,6,6,4,4,5,5,5,5,3,3,3,3,5,3,3,3,5,5,5,5,5,3,3,3,3,5,4,5,5,4,4,5,5,5,5,5,3,5,4,4,5,5,5,5,5,5,5,4,1,1,1,3,5,5,5,5,1,2,2,5,5,5,1,5,5,5,5,5,5,5,5,5,5,2,2,5,5,5,5,6,6,6,6,6,6,6,6,4,4,4,4,4,4,4,4","0.000844955444335938","leiden","edit-xhwikibooks.graphml"
"0.86","0.05","0.09","0.497184151887915","1,2,1,1,1,3,1,3,3,3,1,1,3,3,3,4,3,1,1,1,5,2,3,3,3,3,3,4,2,3,1,1,1,1,6,6,3,3,5,5,5,5,2,2,2,2,5,2,2,2,5,5,5,5,5,2,2,2,2,5,3,5,5,3,3,5,5,5,5,5,2,5,3,3,5,5,5,5,5,5,5,3,4,4,4,2,5,5,5,5,3,1,1,5,5,5,4,5,5,5,5,5,5,5,5,5,5,1,1,5,5,5,5,6,6,6,6,6,6,6,6,3,3,3,3,3,3,3,3","0.000843048095703125","leiden","edit-xhwikibooks.graphml"
"0.85","0.06","0.09","0.497184151887915","1,2,1,1,1,3,1,3,3,3,1,1,3,3,3,4,3,1,1,1,5,2,3,3,3,3,3,4,2,3,1,1,1,1,6,6,3,3,5,5,5,5,2,2,2,2,5,2,2,2,5,5,5,5,5,2,2,2,2,5,3,5,5,3,3,5,5,5,5,5,2,5,3,3,5,5,5,5,5,5,5,3,4,4,4,2,5,5,5,5,3,1,1,5,5,5,4,5,5,5,5,5,5,5,5,5,5,1,1,5,5,5,5,6,6,6,6,6,6,6,6,3,3,3,3,3,3,3,3","0.000753164291381836","leiden","edit-xhwikibooks.graphml"
"0.84","0.07","0.09","0.496201686284331","1,2,1,1,1,3,1,3,3,3,1,1,3,3,3,4,3,1,1,1,5,2,3,3,3,3,3,4,2,3,1,1,1,1,6,6,3,3,5,5,5,5,2,2,2,2,5,2,2,2,5,5,5,5,5,2,2,2,2,5,3,5,5,3,3,5,5,5,5,5,2,5,3,3,5,5,5,5,5,5,5,3,4,4,4,2,5,5,5,5,3,1,1,5,5,5,4,5,5,5,5,5,5,5,5,5,5,1,1,5,5,5,5,6,6,6,6,6,6,6,6,3,3,3,3,3,3,3,3","0.000760078430175781","leiden","edit-xhwikibooks.graphml"
"0.83","0.08","0.09","0.49838485690134","1,2,1,1,1,3,1,3,3,3,1,1,3,3,3,4,3,1,1,1,5,2,3,3,3,3,3,4,2,3,1,1,1,1,6,6,3,3,5,5,5,5,2,2,2,2,5,2,2,2,5,5,5,5,5,2,2,2,2,5,3,5,5,3,3,5,5,5,5,5,2,5,3,3,5,5,5,5,5,5,5,3,4,4,4,2,5,5,5,5,3,1,1,5,5,5,4,5,5,5,5,5,5,5,5,5,5,1,1,5,5,5,5,6,6,6,6,6,6,6,6,3,3,3,3,3,3,3,3","0.00075221061706543","leiden","edit-xhwikibooks.graphml"
"0.82","0.09","0.09","0.453218450332454","1,1,2,2,2,2,2,3,2,2,4,2,3,3,3,2,2,4,4,2,5,1,3,3,3,3,3,2,1,2,4,4,2,2,4,4,3,3,5,5,5,5,1,1,1,1,5,1,1,1,5,5,5,5,5,1,1,1,1,5,3,5,5,3,3,5,5,5,5,5,1,5,3,3,5,5,5,5,5,5,5,3,2,2,2,1,5,5,5,5,2,4,4,5,5,5,2,5,5,5,5,5,5,5,5,5,5,2,2,5,5,5,5,4,4,4,4,4,4,4,4,3,3,3,3,3,3,3,3","0.000787973403930664","leiden","edit-xhwikibooks.graphml"
"0.81","0.1","0.09","0.440523387311771","1,2,1,1,1,3,1,3,3,3,1,1,3,3,3,4,3,1,1,1,5,2,3,3,3,3,3,4,2,3,1,1,1,1,6,6,3,3,5,5,5,5,2,2,2,2,5,2,2,2,5,5,5,5,5,2,2,2,2,5,7,5,5,3,3,5,5,5,5,5,2,5,3,3,5,5,5,5,5,5,5,3,4,4,4,8,5,5,5,5,9,10,11,5,5,5,4,5,5,5,5,5,5,5,5,5,5,1,1,5,5,5,5,6,6,6,6,6,6,6,6,3,3,3,3,3,3,3,3","0.000828027725219727","leiden","edit-xhwikibooks.graphml"
"0.8","0.11","0.09","0.439182141513628","1,2,1,1,3,1,3,4,1,1,3,3,4,4,4,1,1,3,3,3,5,2,4,4,4,4,4,1,2,1,3,3,3,3,6,6,4,4,5,5,5,5,2,2,2,2,5,2,2,2,5,5,5,5,5,2,2,2,2,5,7,5,5,4,4,5,5,5,5,5,2,5,4,4,5,5,5,5,5,5,5,4,1,1,1,8,5,5,5,5,9,10,11,5,5,5,1,5,5,5,5,5,5,5,5,5,5,3,3,5,5,5,5,6,6,6,6,6,6,6,6,4,4,4,4,4,4,4,4","0.000798940658569336","leiden","edit-xhwikibooks.graphml"
"0.79","0.12","0.09","0.444501250676041","1,2,1,1,1,3,1,3,3,3,1,1,3,3,3,5,3,1,1,1,6,2,3,3,3,3,3,5,2,3,1,1,1,1,4,4,3,3,6,6,6,6,2,2,2,2,6,2,2,2,6,6,6,6,6,2,2,2,2,6,7,6,6,3,3,6,6,6,6,6,2,6,3,3,6,6,6,6,6,6,6,3,5,5,5,8,6,6,6,6,9,10,11,6,6,6,5,6,6,6,6,6,6,6,6,6,6,1,1,1,6,6,6,4,4,4,4,4,4,4,4,3,3,3,3,3,3,3,3","0.000802040100097656","leiden","edit-xhwikibooks.graphml"
"0.78","0.13","0.09","0.44361688720857","1,2,1,1,3,1,3,4,1,1,3,3,4,4,4,1,1,3,3,3,5,2,4,4,4,4,4,1,2,1,3,3,3,3,6,6,4,4,5,5,5,5,2,2,2,2,5,2,2,2,5,5,5,5,5,2,2,2,2,5,7,5,5,4,4,5,5,5,5,5,2,5,4,4,5,5,5,5,5,5,5,4,1,1,1,8,5,5,5,5,9,10,11,5,5,5,1,5,5,5,5,5,5,5,5,5,5,3,3,5,5,5,5,6,6,6,6,6,6,6,6,4,4,4,4,4,4,4,4","0.000824928283691406","leiden","edit-xhwikibooks.graphml"
"0.77","0.14","0.09","0.443894139886578","1,2,1,1,1,3,1,3,3,3,1,1,3,3,3,4,3,1,1,1,5,2,3,3,3,3,3,4,2,3,1,1,1,1,6,6,3,3,5,5,5,5,2,2,2,2,5,2,2,2,5,5,5,5,5,2,2,2,2,5,7,5,5,3,3,5,5,5,5,5,2,5,3,3,5,5,5,5,5,5,5,3,4,4,4,8,5,5,5,5,9,10,11,5,5,5,4,5,5,5,5,5,5,5,5,5,5,1,1,5,5,5,5,6,6,6,6,6,6,6,6,3,3,3,3,3,3,3,3","0.000872135162353516","leiden","edit-xhwikibooks.graphml"
"0.76","0.15","0.09","0.447933181397807","1,3,1,1,2,1,2,4,1,1,2,2,4,4,4,1,1,2,2,2,5,3,4,4,4,4,4,1,3,1,2,2,2,2,6,6,4,4,5,5,5,5,3,3,3,3,5,3,3,3,5,5,5,5,5,3,3,3,3,5,7,5,5,4,4,5,5,5,5,5,3,5,4,4,5,5,5,5,5,5,5,4,1,1,1,8,5,5,5,5,9,10,11,5,5,5,1,5,5,5,5,5,5,5,5,5,5,2,2,5,5,5,5,6,6,6,6,6,6,6,6,4,4,4,4,4,4,4,4","0.000825881958007812","leiden","edit-xhwikibooks.graphml"
"0.75","0.16","0.09","0.450657219563058","1,2,1,1,3,1,3,4,1,1,3,3,4,4,4,1,1,3,3,3,5,2,4,4,4,4,4,1,2,1,3,3,3,3,6,6,4,4,5,5,5,5,2,2,2,2,5,2,2,2,5,5,5,5,5,2,2,2,2,5,7,5,5,4,4,5,5,5,5,5,2,5,4,4,5,5,5,5,5,5,5,4,1,1,1,8,5,5,5,5,9,10,11,5,5,5,1,5,5,5,5,5,5,5,5,5,5,3,3,5,5,5,5,6,6,6,6,6,6,6,6,4,4,4,4,4,4,4,4","0.000838041305541992","leiden","edit-xhwikibooks.graphml"
"0.74","0.17","0.09","0.452321815569679","1,2,1,1,3,1,3,4,1,1,3,3,4,4,4,1,1,3,3,3,5,2,4,4,4,4,4,1,2,1,3,3,3,3,6,6,4,4,5,5,5,5,2,2,2,2,5,2,2,2,5,5,5,5,5,2,2,2,2,5,7,5,5,4,4,5,5,5,5,5,2,5,4,4,5,5,5,5,5,5,5,4,1,1,1,8,5,5,5,5,9,10,11,5,5,5,1,5,5,5,5,5,5,5,5,5,5,3,3,5,5,5,5,6,6,6,6,6,6,6,6,4,4,4,4,4,4,4,4","0.000836849212646484","leiden","edit-xhwikibooks.graphml"
"0.73","0.18","0.09","0.451875390621829","1,2,1,3,1,3,1,4,3,3,1,1,4,4,4,3,3,1,1,1,6,2,4,4,4,4,4,3,2,3,1,1,1,1,5,5,4,4,6,6,6,6,2,2,2,2,6,2,2,2,6,6,6,6,6,2,2,2,2,6,7,6,6,4,4,6,6,6,6,6,2,6,4,4,6,6,6,6,6,6,6,4,3,3,3,8,6,6,6,6,9,10,11,6,6,6,3,6,6,6,6,6,6,6,6,6,6,1,1,1,6,6,6,5,5,5,5,5,5,5,5,4,4,4,4,4,4,4,4","0.000853061676025391","leiden","edit-xhwikibooks.graphml"
"0.72","0.19","0.09","0.432438864758732","1,2,1,1,1,3,1,3,3,3,1,1,3,3,3,3,5,1,1,1,6,2,3,3,3,3,3,3,2,7,8,1,1,1,4,4,3,3,6,6,6,6,2,2,2,2,6,2,2,2,6,6,6,6,6,2,2,2,2,6,9,6,6,10,11,6,6,6,6,6,2,6,3,3,6,6,6,6,6,6,6,12,3,3,3,13,6,6,6,6,14,15,16,6,6,6,17,6,6,6,6,6,6,6,6,6,6,18,19,6,6,6,6,4,4,4,4,4,4,4,4,3,3,3,3,3,3,3,3","0.000864982604980469","leiden","edit-xhwikibooks.graphml"
"0.71","0.2","0.09","0.437571938668347","1,2,1,1,1,3,1,3,3,3,1,1,3,3,3,3,5,1,1,1,6,2,3,3,3,3,3,3,2,7,8,1,1,1,4,4,3,3,6,6,6,6,2,2,2,2,6,2,2,2,6,6,6,6,6,2,2,2,2,6,9,6,6,10,11,6,6,6,6,6,2,6,3,3,6,6,6,6,6,6,6,12,3,3,3,13,6,6,6,6,14,15,16,6,6,6,17,6,6,6,6,6,6,6,6,6,6,18,19,6,6,6,6,4,4,4,4,4,4,4,4,3,3,3,3,3,3,3,3","0.000931024551391602","leiden","edit-xhwikibooks.graphml"
"0.7","0.21","0.09","0.436036118814528","1,1,2,2,2,2,2,3,2,2,2,2,3,3,3,2,4,2,2,2,5,1,3,3,3,3,3,2,1,6,7,2,2,2,8,8,3,3,5,5,5,5,1,1,1,1,5,1,1,1,5,5,5,5,5,1,1,1,1,5,9,5,5,10,11,5,5,5,5,5,1,5,3,3,5,5,5,5,5,5,5,12,2,2,2,13,5,5,5,5,14,15,16,5,5,5,17,5,5,5,5,5,5,5,5,5,5,18,19,5,5,5,5,8,8,8,8,8,8,8,8,3,3,3,3,3,3,3,3","0.000878810882568359","leiden","edit-xhwikibooks.graphml"
"0.69","0.22","0.09","0.436608306324969","1,2,1,1,1,3,1,3,3,3,1,1,3,3,3,3,4,1,1,1,5,2,3,3,3,3,3,3,2,6,7,1,1,1,8,8,3,3,5,5,5,5,2,2,2,2,5,2,2,2,5,5,5,5,5,2,2,2,2,5,9,5,5,10,11,5,5,5,5,5,2,5,3,3,5,5,5,5,5,5,5,12,3,3,3,13,5,5,5,5,14,15,16,5,5,5,17,5,5,5,5,5,5,5,5,5,5,18,19,5,5,5,5,8,8,8,8,8,8,8,8,3,3,3,3,3,3,3,3","0.000864982604980469","leiden","edit-xhwikibooks.graphml"
"0.68","0.23","0.09","0.440891289890887","1,2,1,1,1,3,1,3,3,3,1,1,3,3,3,3,5,1,1,1,6,2,3,3,3,3,3,3,2,7,8,1,1,1,4,4,3,3,6,6,6,6,2,2,2,2,6,2,2,2,6,6,6,6,6,2,2,2,2,6,9,6,6,10,11,6,6,6,6,6,2,6,3,3,6,6,6,6,6,6,6,12,3,3,3,13,6,6,6,6,14,15,16,6,6,6,17,6,6,6,6,6,6,6,6,6,6,18,19,6,6,6,6,4,4,4,4,4,4,4,4,3,3,3,3,3,3,3,3","0.000883817672729492","leiden","edit-xhwikibooks.graphml"
"0.67","0.24","0.09","0.491889932479224","1,2,1,1,1,1,1,3,1,1,1,1,3,3,3,1,4,1,1,1,5,2,3,3,3,3,3,1,2,6,7,1,1,1,8,8,3,3,5,5,5,5,2,2,2,2,5,2,2,2,5,5,5,5,5,2,2,2,2,5,9,5,5,10,11,5,5,5,5,5,2,5,3,3,5,5,5,5,5,5,5,12,1,1,1,13,5,5,5,5,14,15,16,5,5,5,17,5,5,5,5,5,5,5,5,5,5,18,19,5,5,5,5,8,8,8,8,8,8,8,8,3,3,3,3,3,3,3,3","0.000876188278198242","leiden","edit-xhwikibooks.graphml"
"0.66","0.25","0.09","0.498850986675662","1,2,1,1,1,3,1,3,3,3,1,1,3,3,3,5,6,1,1,1,7,2,3,3,3,3,3,5,2,8,9,1,1,1,4,4,3,3,7,7,7,7,2,2,2,2,7,2,2,2,7,7,7,7,7,2,2,2,2,7,10,7,7,11,12,7,7,7,7,7,2,7,3,3,7,7,7,7,7,7,7,13,5,5,5,14,7,7,7,7,15,16,17,7,7,7,18,7,7,7,7,7,7,7,7,7,7,19,20,7,7,7,7,4,4,4,4,4,4,4,4,3,3,3,3,3,3,3,3","0.000859975814819336","leiden","edit-xhwikibooks.graphml"
"0.65","0.26","0.09","0.498455683926463","1,1,2,2,2,2,2,3,2,2,2,2,3,3,3,2,4,2,2,2,5,1,3,3,3,3,3,2,1,6,7,2,2,2,8,8,3,3,5,5,5,5,1,1,1,1,5,1,1,1,5,5,5,5,5,1,1,1,1,5,9,5,5,10,11,5,5,5,5,5,1,5,3,3,5,5,5,5,5,5,5,12,2,2,2,13,5,5,5,5,14,15,16,5,5,5,17,5,5,5,5,5,5,5,5,5,5,18,19,5,5,5,5,8,8,8,8,8,8,8,8,3,3,3,3,3,3,3,3","0.00092315673828125","leiden","edit-xhwikibooks.graphml"
"0.64","0.27","0.09","0.482654716835355","1,2,1,1,1,3,1,3,3,3,1,1,3,3,3,3,4,1,1,1,5,2,3,3,3,3,3,3,2,6,7,1,1,1,8,8,9,3,5,5,5,5,2,2,2,2,5,2,2,2,5,5,5,5,5,2,2,2,2,5,10,5,5,11,12,5,5,5,5,5,2,5,3,3,5,5,5,5,5,5,5,13,3,3,3,14,5,5,5,5,15,16,17,5,5,5,18,5,5,5,5,5,5,5,5,5,5,19,20,5,5,5,5,8,8,8,8,8,8,8,8,9,9,9,9,9,9,9,9","0.000959157943725586","leiden","edit-xhwikibooks.graphml"
"0.63","0.28","0.09","0.445734471450617","1,1,1,2,3,2,4,2,2,2,4,5,2,2,2,2,6,7,4,8,9,1,10,2,2,2,2,2,1,11,12,13,8,14,4,4,15,2,9,9,9,9,1,1,1,1,9,1,1,1,9,9,9,9,9,1,1,1,1,9,16,9,9,17,18,9,9,9,9,9,1,9,19,20,9,9,9,9,9,9,9,21,22,23,24,25,9,9,9,9,26,27,28,9,9,9,29,9,9,9,9,9,9,9,9,9,9,30,31,9,9,9,9,4,4,4,4,4,4,4,4,15,15,15,15,15,15,15,15","0.00101995468139648","leiden","edit-xhwikibooks.graphml"
"0.62","0.29","0.09","0.452021403091558","1,1,1,2,3,2,4,2,2,2,4,5,2,2,2,2,6,7,4,8,9,1,10,2,2,2,2,2,1,11,12,13,8,14,4,4,15,2,9,9,9,9,1,1,1,1,9,1,1,1,9,9,9,9,9,1,1,1,1,9,16,9,9,17,18,9,9,9,9,9,1,9,19,20,9,9,9,9,9,9,9,21,22,23,24,25,9,9,9,9,26,27,28,9,9,9,29,9,9,9,9,9,9,9,9,9,9,30,31,9,9,9,9,4,4,4,4,4,4,4,4,15,15,15,15,15,15,15,15","0.00101017951965332","leiden","edit-xhwikibooks.graphml"
"0.61","0.3","0.09","0.450844935699862","1,1,1,2,3,2,4,2,2,2,4,5,2,2,2,2,6,7,4,8,9,1,10,2,2,2,2,2,1,11,12,13,8,14,4,4,15,2,9,9,9,9,1,1,1,1,9,1,1,1,9,9,9,9,9,1,1,1,1,9,16,9,9,17,18,9,9,9,9,9,1,9,19,20,9,9,9,9,9,9,9,21,22,23,24,25,9,9,9,9,26,27,28,9,9,9,29,9,9,9,9,9,9,9,9,9,9,30,31,9,9,9,9,4,4,4,4,4,4,4,4,15,15,15,15,15,15,15,15","0.00107717514038086","leiden","edit-xhwikibooks.graphml"
"0.6","0.31","0.09","0.456918543023215","1,1,1,2,3,2,4,2,2,2,4,5,2,2,2,2,6,7,4,8,9,1,10,2,2,2,2,2,1,11,12,13,8,14,4,4,15,2,9,9,9,9,1,1,1,1,9,1,1,1,9,9,9,9,9,1,1,1,1,9,16,9,9,17,18,9,9,9,9,9,1,9,19,20,9,9,9,9,9,9,9,21,22,23,24,25,9,9,9,9,26,27,28,9,9,9,29,9,9,9,9,9,9,9,9,9,9,30,31,9,9,9,9,4,4,4,4,4,4,4,4,15,15,15,15,15,15,15,15","0.000971794128417969","leiden","edit-xhwikibooks.graphml"
"0.59","0.32","0.09","0.455747605164515","1,1,1,2,3,2,4,2,2,2,4,5,2,2,2,2,6,7,4,8,9,1,10,2,2,2,2,2,1,11,12,13,8,14,4,4,15,2,9,9,9,9,1,1,1,1,9,1,1,1,9,9,9,9,9,1,1,1,1,9,16,9,9,17,18,9,9,9,9,9,1,9,19,20,9,9,9,9,9,9,9,21,22,23,24,25,9,9,9,9,26,27,28,9,9,9,29,9,9,9,9,9,9,9,9,9,9,30,31,9,9,9,9,4,4,4,4,4,4,4,4,15,15,15,15,15,15,15,15","0.00110507011413574","leiden","edit-xhwikibooks.graphml"
"0.58","0.33","0.09","0.459877828682493","1,1,1,2,3,2,4,2,2,2,4,5,2,2,2,2,6,7,4,8,9,1,10,2,2,2,2,2,1,11,12,13,8,14,4,4,15,2,9,9,9,9,1,1,1,1,9,1,1,1,9,9,9,9,9,1,1,1,1,9,16,9,9,17,18,9,9,9,9,9,1,9,19,20,9,9,9,9,9,9,9,21,22,23,24,25,9,9,9,9,26,27,28,9,9,9,29,9,9,9,9,9,9,9,9,9,9,30,31,9,9,9,9,4,4,4,4,4,4,4,4,15,15,15,15,15,15,15,15","0.00100207328796387","leiden","edit-xhwikibooks.graphml"
"0.57","0.34","0.09","0.498832228401462","1,1,1,2,3,2,4,2,2,2,4,5,2,2,2,2,6,7,4,8,9,1,10,2,2,2,2,2,1,11,12,13,8,14,4,4,15,2,9,9,9,9,1,1,1,1,9,1,1,1,9,9,9,9,9,1,1,1,1,9,16,9,9,17,18,9,9,9,9,9,1,9,19,20,9,9,9,9,9,9,9,21,22,23,24,25,9,9,9,9,26,27,28,9,9,9,29,9,9,9,9,9,9,9,9,9,9,30,31,9,9,9,9,4,4,4,4,4,4,4,4,15,15,15,15,15,15,15,15","0.00093388557434082","leiden","edit-xhwikibooks.graphml"
"0.56","0.35","0.09","0.498832228401462","1,1,1,2,3,2,4,2,2,2,4,5,2,2,2,2,6,7,4,8,9,1,10,2,2,2,2,2,1,11,12,13,8,14,4,4,15,2,9,9,9,9,1,1,1,1,9,1,1,1,9,9,9,9,9,1,1,1,1,9,16,9,9,17,18,9,9,9,9,9,1,9,19,20,9,9,9,9,9,9,9,21,22,23,24,25,9,9,9,9,26,27,28,9,9,9,29,9,9,9,9,9,9,9,9,9,9,30,31,9,9,9,9,4,4,4,4,4,4,4,4,15,15,15,15,15,15,15,15","0.000936031341552734","leiden","edit-xhwikibooks.graphml"
"0.55","0.36","0.09","0.497669094693028","1,1,1,2,3,2,4,2,2,2,4,5,2,2,2,2,6,7,4,8,9,1,10,2,2,2,2,2,1,11,12,13,8,14,4,4,15,2,9,9,9,9,1,1,1,1,9,1,1,1,9,9,9,9,9,1,1,1,1,9,16,9,9,17,18,9,9,9,9,9,1,9,19,20,9,9,9,9,9,9,9,21,22,23,24,25,9,9,9,9,26,27,28,9,9,9,29,9,9,9,9,9,9,9,9,9,9,30,31,9,9,9,9,4,4,4,4,4,4,4,4,15,15,15,15,15,15,15,15","0.00102496147155762","leiden","edit-xhwikibooks.graphml"
"0.54","0.37","0.09","0.490275758893994","1,1,1,2,3,2,4,2,2,2,5,6,2,2,2,2,7,8,9,10,11,1,12,2,2,2,2,2,1,13,14,15,16,17,9,9,18,2,11,11,11,11,1,1,1,1,11,1,1,1,11,11,11,11,11,1,1,1,1,11,19,11,11,20,21,11,11,11,11,11,1,11,22,23,11,11,11,11,11,11,11,24,25,26,27,28,11,11,11,11,29,30,31,11,11,11,32,11,11,11,11,11,11,11,11,11,11,33,34,11,11,11,11,9,9,9,9,9,9,9,9,18,18,18,18,18,18,18,18","0.000995159149169922","leiden","edit-xhwikibooks.graphml"
"0.53","0.38","0.09","0.489110726935402","1,1,1,2,3,2,4,2,2,2,5,6,2,2,2,2,7,8,9,10,11,1,12,2,2,2,2,2,1,13,14,15,16,17,9,9,18,2,11,11,11,11,1,1,1,1,11,1,1,1,11,11,11,11,11,1,1,1,1,11,19,11,11,20,21,11,11,11,11,11,1,11,22,23,11,11,11,11,11,11,11,24,25,26,27,28,11,11,11,11,29,30,31,11,11,11,32,11,11,11,11,11,11,11,11,11,11,33,34,11,11,11,11,9,9,9,9,9,9,9,9,18,18,18,18,18,18,18,18","0.00107097625732422","leiden","edit-xhwikibooks.graphml"
"0.52","0.39","0.09","0.494308012486993","1,1,1,2,3,2,4,2,2,2,5,6,2,2,2,2,7,8,9,10,11,1,12,2,2,2,2,2,1,13,14,15,16,17,9,9,18,2,11,11,11,11,1,1,1,1,11,1,1,1,11,11,11,11,11,1,1,1,1,11,19,11,11,20,21,11,11,11,11,11,1,11,22,23,11,11,11,11,11,11,11,24,25,26,27,28,11,11,11,11,29,30,31,11,11,11,32,11,11,11,11,11,11,11,11,11,11,33,34,11,11,11,11,9,9,9,9,9,9,9,9,18,18,18,18,18,18,18,18","0.000986099243164062","leiden","edit-xhwikibooks.graphml"
"0.51","0.4","0.09","0.498075921975319","1,1,1,2,3,2,4,2,2,2,5,6,2,2,2,2,7,8,9,10,11,1,12,2,2,2,2,2,1,13,14,15,16,17,9,9,18,2,11,11,11,11,1,1,1,1,11,1,1,1,11,11,11,11,11,1,1,1,1,11,19,11,11,20,21,11,11,11,11,11,1,11,22,23,11,11,11,11,11,11,11,24,25,26,27,28,11,11,11,11,29,30,31,11,11,11,32,11,11,11,11,11,11,11,11,11,11,33,34,11,11,11,11,9,9,9,9,9,9,9,9,18,18,18,18,18,18,18,18","0.00089716911315918","leiden","edit-xhwikibooks.graphml"
"0.5","0.41","0.09","0.498075921975319","1,1,1,2,3,2,4,2,2,2,5,6,2,2,2,2,7,8,9,10,11,1,12,2,2,2,2,2,1,13,14,15,16,17,9,9,18,2,11,11,11,11,1,1,1,1,11,1,1,1,11,11,11,11,11,1,1,1,1,11,19,11,11,20,21,11,11,11,11,11,1,11,22,23,11,11,11,11,11,11,11,24,25,26,27,28,11,11,11,11,29,30,31,11,11,11,32,11,11,11,11,11,11,11,11,11,11,33,34,11,11,11,11,9,9,9,9,9,9,9,9,18,18,18,18,18,18,18,18","0.00105690956115723","leiden","edit-xhwikibooks.graphml"
"0.49","0.42","0.09","0.49692685301635","1,1,1,2,3,2,4,2,2,2,5,6,2,2,2,2,7,8,9,10,11,1,12,2,2,2,2,2,1,13,14,15,16,17,9,9,18,2,11,11,11,11,1,1,1,1,11,1,1,1,11,11,11,11,11,1,1,1,1,11,19,11,11,20,21,11,11,11,11,11,1,11,22,23,11,11,11,11,11,11,11,24,25,26,27,28,11,11,11,11,29,30,31,11,11,11,32,11,11,11,11,11,11,11,11,11,11,33,34,11,11,11,11,9,9,9,9,9,9,9,9,18,18,18,18,18,18,18,18","0.00101900100708008","leiden","edit-xhwikibooks.graphml"
"0.48","0.43","0.09","0.501932783207819","1,1,1,2,3,2,4,2,2,2,5,6,2,2,2,2,7,8,9,10,11,1,12,2,2,2,2,2,1,13,14,15,16,17,9,9,18,2,11,11,11,11,1,1,1,1,11,1,1,1,11,11,11,11,11,1,1,1,1,11,19,11,11,20,21,11,11,11,11,11,1,11,22,23,11,11,11,11,11,11,11,24,25,26,27,28,11,11,11,11,29,30,31,11,11,11,32,11,11,11,11,11,11,11,11,11,11,33,34,11,11,11,11,9,9,9,9,9,9,9,9,18,18,18,18,18,18,18,18","0.0010530948638916","leiden","edit-xhwikibooks.graphml"
"0.47","0.44","0.09","0.500791131367612","1,1,1,2,3,2,4,2,2,2,5,6,2,2,2,2,7,8,9,10,11,1,12,2,2,2,2,2,1,13,14,15,16,17,9,9,18,2,11,11,11,11,1,1,1,1,11,1,1,1,11,11,11,11,11,1,1,1,1,11,19,11,11,20,21,11,11,11,11,11,1,11,22,23,11,11,11,11,11,11,11,24,25,26,27,28,11,11,11,11,29,30,31,11,11,11,32,11,11,11,11,11,11,11,11,11,11,33,34,11,11,11,11,9,9,9,9,9,9,9,9,18,18,18,18,18,18,18,18","0.000966072082519531","leiden","edit-xhwikibooks.graphml"
"0.46","0.45","0.09","0.504534037419406","1,1,1,2,3,2,4,2,2,2,5,6,2,2,2,2,7,8,9,10,11,12,13,2,2,2,2,2,1,14,15,16,17,18,9,9,19,2,11,11,11,11,12,12,12,12,11,12,12,12,11,11,11,11,11,12,12,12,12,11,20,11,11,21,22,11,11,11,11,11,12,11,23,24,11,11,11,11,11,11,11,25,26,27,28,29,11,11,11,11,30,31,32,11,11,11,33,11,11,11,11,11,11,11,11,11,11,34,35,11,11,11,11,9,9,9,9,9,9,9,9,19,19,19,19,19,19,19,19","0.0011289119720459","leiden","edit-xhwikibooks.graphml"
"0.45","0.46","0.09","0.490741969398483","1,1,1,2,3,1,4,1,5,6,7,8,1,5,5,1,9,10,11,12,13,14,15,5,5,5,5,16,17,18,19,20,21,22,11,11,23,5,13,13,13,13,14,14,14,14,13,14,14,14,13,13,13,13,13,14,14,14,14,13,24,13,13,25,26,13,13,13,13,13,14,13,27,28,13,13,13,13,13,13,13,29,30,31,32,33,13,13,13,13,34,35,36,13,13,13,37,13,13,13,13,13,13,13,13,13,13,38,39,13,13,13,13,11,11,11,11,11,11,11,11,23,23,23,23,23,23,23,23","0.000930070877075195","leiden","edit-xhwikibooks.graphml"
"0.44","0.47","0.09","0.493524078055905","1,1,1,2,3,1,4,1,5,6,7,8,1,5,5,1,9,10,11,12,13,14,15,5,5,5,5,16,17,18,19,20,21,22,11,11,23,5,13,13,13,13,14,14,14,14,13,14,14,14,13,13,13,13,13,14,14,14,14,13,24,13,13,25,26,13,13,13,13,13,14,13,27,28,13,13,13,13,13,13,13,29,30,31,32,33,13,13,13,13,34,35,36,13,13,13,37,13,13,13,13,13,13,13,13,13,13,38,39,13,13,13,13,11,11,11,11,11,11,11,11,23,23,23,23,23,23,23,23","0.000932931900024414","leiden","edit-xhwikibooks.graphml"
"0.43","0.48","0.09","0.492350718065004","1,1,1,2,3,1,4,1,5,6,7,8,1,5,5,1,9,10,11,12,13,14,15,5,5,5,5,16,17,18,19,20,21,22,11,11,23,5,13,13,13,13,14,14,14,14,13,14,14,14,13,13,13,13,13,14,14,14,14,13,24,13,13,25,26,13,13,13,13,13,14,13,27,28,13,13,13,13,13,13,13,29,30,31,32,33,13,13,13,13,34,35,36,13,13,13,37,13,13,13,13,13,13,13,13,13,13,38,39,13,13,13,13,11,11,11,11,11,11,11,11,23,23,23,23,23,23,23,23","0.000960111618041992","leiden","edit-xhwikibooks.graphml"
"0.42","0.49","0.09","0.492350718065004","1,1,1,2,3,1,4,1,5,6,7,8,1,5,5,1,9,10,11,12,13,14,15,5,5,5,5,16,17,18,19,20,21,22,11,11,23,5,13,13,13,13,14,14,14,14,13,14,14,14,13,13,13,13,13,14,14,14,14,13,24,13,13,25,26,13,13,13,13,13,14,13,27,28,13,13,13,13,13,13,13,29,30,31,32,33,13,13,13,13,34,35,36,13,13,13,37,13,13,13,13,13,13,13,13,13,13,38,39,13,13,13,13,11,11,11,11,11,11,11,11,23,23,23,23,23,23,23,23","0.000940799713134766","leiden","edit-xhwikibooks.graphml"
"0.41","0.5","0.09","0.58355324074074","1,1,1,2,3,4,5,4,4,6,7,8,4,4,4,4,9,10,11,12,13,14,15,4,4,4,4,16,17,18,19,20,21,22,11,11,23,4,13,13,13,13,14,14,14,14,13,14,14,14,13,13,13,13,13,14,14,14,14,13,24,13,13,25,26,13,13,13,13,13,14,13,27,28,13,13,13,13,13,13,13,29,30,31,32,33,13,13,13,13,34,35,36,13,13,13,37,13,13,13,13,13,13,13,13,13,13,38,39,13,13,13,13,11,11,11,11,11,11,11,11,23,23,23,23,23,23,23,23","0.000965118408203125","leiden","edit-xhwikibooks.graphml"
"0.4","0.51","0.09","0.58355324074074","1,1,1,2,3,4,5,4,4,6,7,8,4,4,4,4,9,10,11,12,13,14,15,4,4,4,4,16,17,18,19,20,21,22,11,11,23,4,13,13,13,13,14,14,14,14,13,14,14,14,13,13,13,13,13,14,14,14,14,13,24,13,13,25,26,13,13,13,13,13,14,13,27,28,13,13,13,13,13,13,13,29,30,31,32,33,13,13,13,13,34,35,36,13,13,13,37,13,13,13,13,13,13,13,13,13,13,38,39,13,13,13,13,11,11,11,11,11,11,11,11,23,23,23,23,23,23,23,23","0.00100183486938477","leiden","edit-xhwikibooks.graphml"
"0.39","0.52","0.09","0.58355324074074","1,1,1,2,3,4,5,4,4,6,7,8,4,4,4,4,9,10,11,12,13,14,15,4,4,4,4,16,17,18,19,20,21,22,11,11,23,4,13,13,13,13,14,14,14,14,13,14,14,14,13,13,13,13,13,14,14,14,14,13,24,13,13,25,26,13,13,13,13,13,14,13,27,28,13,13,13,13,13,13,13,29,30,31,32,33,13,13,13,13,34,35,36,13,13,13,37,13,13,13,13,13,13,13,13,13,13,38,39,13,13,13,13,11,11,11,11,11,11,11,11,23,23,23,23,23,23,23,23","0.00118303298950195","leiden","edit-xhwikibooks.graphml"
"0.38","0.53","0.09","0.582473277522425","1,1,1,2,3,4,5,4,4,6,7,8,4,4,4,4,9,10,11,12,13,14,15,4,4,4,4,16,17,18,19,20,21,22,11,11,23,4,13,13,13,13,14,14,14,14,13,14,14,14,13,13,13,13,13,14,14,14,14,13,24,13,13,25,26,13,13,13,13,13,14,13,27,28,13,13,13,13,13,13,13,29,30,31,32,33,13,13,13,13,34,35,36,13,13,13,37,13,13,13,13,13,13,13,13,13,13,38,39,13,13,13,13,11,11,11,11,11,11,11,11,23,23,23,23,23,23,23,23","0.00106000900268555","leiden","edit-xhwikibooks.graphml"
"0.37","0.54","0.09","0.58441821067733","1,1,1,2,3,4,5,4,4,6,7,8,4,4,4,4,9,10,11,12,13,14,15,4,4,4,4,16,17,18,19,20,21,22,11,11,23,4,13,13,13,13,14,14,14,14,13,14,14,14,13,13,13,13,13,14,14,14,14,13,24,13,13,25,26,13,13,13,13,13,14,13,27,28,13,13,13,13,13,13,13,29,30,31,32,33,13,13,13,13,34,35,36,13,13,13,37,13,13,13,13,13,13,13,13,13,13,38,39,13,13,13,13,11,11,11,11,11,11,11,11,23,23,23,23,23,23,23,23","0.000997066497802734","leiden","edit-xhwikibooks.graphml"
"0.36","0.55","0.09","0.578761574074074","1,1,1,2,3,4,5,4,4,6,7,8,4,4,4,9,10,11,12,13,14,15,16,4,4,4,4,17,18,19,20,21,22,23,12,12,24,25,14,14,14,14,15,15,15,15,14,15,15,15,14,14,14,14,14,15,15,15,15,14,26,14,14,27,28,14,14,14,14,14,15,14,29,30,14,14,14,14,14,14,14,31,32,33,34,35,14,14,14,14,36,37,38,14,14,14,39,14,14,14,14,14,14,14,14,14,14,40,41,14,14,14,14,12,12,12,12,12,12,12,12,24,24,24,24,24,24,24,24","0.000938177108764648","leiden","edit-xhwikibooks.graphml"
"0.35","0.56","0.09","0.582334940935869","1,1,1,2,3,4,5,4,4,6,7,8,4,4,4,9,10,11,12,13,14,15,16,4,4,4,4,17,18,19,20,21,22,23,12,12,24,25,14,14,14,14,15,15,15,15,14,15,15,15,14,14,14,14,14,15,15,15,15,14,26,14,14,27,28,14,14,14,14,14,15,14,29,30,14,14,14,14,14,14,14,31,32,33,34,35,14,14,14,14,36,37,38,14,14,14,39,14,14,14,14,14,14,14,14,14,14,40,41,14,14,14,14,12,12,12,12,12,12,12,12,24,24,24,24,24,24,24,24","0.000964879989624023","leiden","edit-xhwikibooks.graphml"
"0.34","0.57","0.09","0.581255834073265","1,1,1,2,3,4,5,4,4,6,7,8,4,4,4,9,10,11,12,13,14,15,16,4,4,4,4,17,18,19,20,21,22,23,12,12,24,25,14,14,14,14,15,15,15,15,14,15,15,15,14,14,14,14,14,15,15,15,15,14,26,14,14,27,28,14,14,14,14,14,15,14,29,30,14,14,14,14,14,14,14,31,32,33,34,35,14,14,14,14,36,37,38,14,14,14,39,14,14,14,14,14,14,14,14,14,14,40,41,14,14,14,14,12,12,12,12,12,12,12,12,24,24,24,24,24,24,24,24","0.00122904777526855","leiden","edit-xhwikibooks.graphml"
"0.33","0.58","0.09","0.584451116532183","1,1,1,2,3,4,5,4,4,6,7,8,4,4,4,9,10,11,12,13,14,15,16,4,4,4,4,17,18,19,20,21,22,23,12,12,24,25,14,14,14,14,15,15,15,15,14,15,15,15,14,14,14,14,14,15,15,15,15,14,26,14,14,27,28,14,14,14,14,14,15,14,29,30,14,14,14,14,14,14,14,31,32,33,34,35,14,14,14,14,36,37,38,14,14,14,39,14,14,14,14,14,14,14,14,14,14,40,41,14,14,14,14,12,12,12,12,12,12,12,12,24,24,24,24,24,24,24,24","0.00100302696228027","leiden","edit-xhwikibooks.graphml"
"0.32","0.59","0.09","0.585419002294174","1,1,1,2,3,4,5,4,4,6,7,8,4,4,4,9,10,11,12,13,14,15,16,4,4,4,4,17,18,19,20,21,22,23,12,12,24,25,14,14,14,14,15,15,15,15,14,15,15,15,14,14,14,14,14,15,15,15,15,14,26,14,14,27,28,14,14,14,14,14,15,14,29,30,14,14,14,14,14,14,14,31,32,33,34,35,14,14,14,14,36,37,38,14,14,14,39,14,14,14,14,14,14,14,14,14,14,40,41,14,14,14,14,12,12,12,12,12,12,12,12,24,24,24,24,24,24,24,24","0.000915050506591797","leiden","edit-xhwikibooks.graphml"
"0.31","0.6","0.09","0.590973534971644","1,1,1,2,3,4,5,4,4,6,7,8,4,4,4,9,10,11,12,13,14,15,16,4,4,4,4,17,18,19,20,21,22,23,12,12,24,25,14,14,14,14,15,15,15,15,14,15,15,15,14,14,14,14,14,15,15,15,15,14,26,14,14,27,28,14,14,14,14,14,15,14,29,30,14,14,14,14,14,14,14,31,32,33,34,35,14,14,14,14,36,37,38,14,14,14,39,14,14,14,14,14,14,14,14,14,14,40,41,14,14,14,14,12,12,12,12,12,12,12,12,24,24,24,24,24,24,24,24","0.000955104827880859","leiden","edit-xhwikibooks.graphml"
"0.3","0.61","0.09","0.589904598232974","1,1,1,2,3,4,5,4,4,6,7,8,4,4,4,9,10,11,12,13,14,15,16,4,4,4,4,17,18,19,20,21,22,23,12,12,24,25,14,14,14,14,15,15,15,15,14,15,15,15,14,14,14,14,14,15,15,15,15,14,26,14,14,27,28,14,14,14,14,14,15,14,29,30,14,14,14,14,14,14,14,31,32,33,34,35,14,14,14,14,36,37,38,14,14,14,39,14,14,14,14,14,14,14,14,14,14,40,41,14,14,14,14,12,12,12,12,12,12,12,12,24,24,24,24,24,24,24,24","0.00103402137756348","leiden","edit-xhwikibooks.graphml"
"0.29","0.62","0.09","0.591767713659605","1,1,1,2,3,4,5,4,4,6,7,8,4,4,4,9,10,11,12,13,14,15,16,4,4,4,4,17,18,19,20,21,22,23,12,12,24,25,14,14,14,14,15,15,15,15,14,15,15,15,14,14,14,14,14,15,15,15,15,14,26,14,14,27,28,14,14,14,14,14,15,14,29,30,14,14,14,14,14,14,14,31,32,33,34,35,14,14,14,14,36,37,38,14,14,14,39,14,14,14,14,14,14,14,14,14,14,40,41,14,14,14,14,12,12,12,12,12,12,12,12,24,24,24,24,24,24,24,24","0.000978946685791016","leiden","edit-xhwikibooks.graphml"
"0.28","0.63","0.09","0.590703351472309","1,1,1,2,3,4,5,4,4,6,7,8,4,4,4,9,10,11,12,13,14,15,16,4,4,4,4,17,18,19,20,21,22,23,12,12,24,25,14,14,14,14,15,15,15,15,14,15,15,15,14,14,14,14,14,15,15,15,15,14,26,14,14,27,28,14,14,14,14,14,15,14,29,30,14,14,14,14,14,14,14,31,32,33,34,35,14,14,14,14,36,37,38,14,14,14,39,14,14,14,14,14,14,14,14,14,14,40,41,14,14,14,14,12,12,12,12,12,12,12,12,24,24,24,24,24,24,24,24","0.000989913940429688","leiden","edit-xhwikibooks.graphml"
"0.27","0.64","0.09","0.590368029300567","1,1,1,2,3,4,5,6,7,8,9,10,6,6,6,11,12,13,14,15,16,17,18,6,6,6,6,19,20,21,22,23,24,25,14,14,26,27,16,16,16,16,17,17,17,17,16,17,17,17,16,16,16,16,16,17,17,17,17,16,28,16,16,29,30,16,16,16,16,16,17,16,31,32,16,16,16,16,16,16,16,33,34,35,36,37,16,16,16,16,38,39,40,16,16,16,41,16,16,16,16,16,16,16,16,16,16,42,43,16,16,16,16,14,14,14,14,14,14,14,14,26,26,26,26,26,26,26,26","0.00100493431091309","leiden","edit-xhwikibooks.graphml"
"0.26","0.65","0.09","0.589280337247817","1,1,1,2,3,4,5,6,7,8,9,10,6,6,6,11,12,13,14,15,16,17,18,6,6,6,6,19,20,21,22,23,24,25,14,14,26,27,16,16,16,16,17,17,17,17,16,17,17,17,16,16,16,16,16,17,17,17,17,16,28,16,16,29,30,16,16,16,16,16,17,16,31,32,16,16,16,16,16,16,16,33,34,35,36,37,16,16,16,16,38,39,40,16,16,16,41,16,16,16,16,16,16,16,16,16,16,42,43,16,16,16,16,14,14,14,14,14,14,14,14,26,26,26,26,26,26,26,26","0.00093388557434082","leiden","edit-xhwikibooks.graphml"
"0.25","0.66","0.09","0.589280337247817","1,1,1,2,3,4,5,6,7,8,9,10,6,6,6,11,12,13,14,15,16,17,18,6,6,6,6,19,20,21,22,23,24,25,14,14,26,27,16,16,16,16,17,17,17,17,16,17,17,17,16,16,16,16,16,17,17,17,17,16,28,16,16,29,30,16,16,16,16,16,17,16,31,32,16,16,16,16,16,16,16,33,34,35,36,37,16,16,16,16,38,39,40,16,16,16,41,16,16,16,16,16,16,16,16,16,16,42,43,16,16,16,16,14,14,14,14,14,14,14,14,26,26,26,26,26,26,26,26","0.000954151153564453","leiden","edit-xhwikibooks.graphml"
"0.24","0.67","0.09","0.612508138020833","1,1,1,2,3,4,5,6,7,8,9,10,6,6,6,11,12,13,14,15,16,17,18,6,6,6,6,19,20,21,22,23,24,25,14,14,26,27,16,16,16,16,17,17,17,17,16,17,17,17,16,16,16,16,16,17,17,17,17,16,28,16,16,29,30,16,16,16,16,16,17,16,31,32,16,16,16,16,16,16,16,33,34,35,36,37,16,16,16,16,38,39,40,16,16,16,41,16,16,16,16,16,16,16,16,16,16,42,43,16,16,16,16,14,14,14,14,14,14,14,14,26,26,26,26,26,26,26,26","0.000954866409301758","leiden","edit-xhwikibooks.graphml"
"0.23","0.68","0.09","0.612508138020833","1,1,1,2,3,4,5,6,7,8,9,10,6,6,6,11,12,13,14,15,16,17,18,6,6,6,6,19,20,21,22,23,24,25,14,14,26,27,16,16,16,16,17,17,17,17,16,17,17,17,16,16,16,16,16,17,17,17,17,16,28,16,16,29,30,16,16,16,16,16,17,16,31,32,16,16,16,16,16,16,16,33,34,35,36,37,16,16,16,16,38,39,40,16,16,16,41,16,16,16,16,16,16,16,16,16,16,42,43,16,16,16,16,14,14,14,14,14,14,14,14,26,26,26,26,26,26,26,26","0.000960111618041992","leiden","edit-xhwikibooks.graphml"
"0.22","0.69","0.09","0.611455557429583","1,1,1,2,3,4,5,6,7,8,9,10,6,6,6,11,12,13,14,15,16,17,18,6,6,6,6,19,20,21,22,23,24,25,14,14,26,27,16,16,16,16,17,17,17,17,16,17,17,17,16,16,16,16,16,17,17,17,17,16,28,16,16,29,30,16,16,16,16,16,17,16,31,32,16,16,16,16,16,16,16,33,34,35,36,37,16,16,16,16,38,39,40,16,16,16,41,16,16,16,16,16,16,16,16,16,16,42,43,16,16,16,16,14,14,14,14,14,14,14,14,26,26,26,26,26,26,26,26","0.00104594230651855","leiden","edit-xhwikibooks.graphml"
"0.21","0.7","0.09","0.613137265429944","1,1,1,2,3,4,5,6,7,8,9,10,6,6,6,11,12,13,14,15,16,17,18,6,6,6,6,19,20,21,22,23,24,25,14,14,26,27,16,16,16,16,17,17,17,17,16,17,17,17,16,16,16,16,16,17,17,17,17,16,28,16,16,29,30,16,16,16,16,16,17,16,31,32,16,16,16,16,16,16,16,33,34,35,36,37,16,16,16,16,38,39,40,16,16,16,41,16,16,16,16,16,16,16,16,16,16,42,43,16,16,16,16,14,14,14,14,14,14,14,14,26,26,26,26,26,26,26,26","0.000957012176513672","leiden","edit-xhwikibooks.graphml"
"0.2","0.71","0.09","0.61208928416428","1,1,1,2,3,4,5,6,7,8,9,10,6,6,6,11,12,13,14,15,16,17,18,6,6,6,6,19,20,21,22,23,24,25,14,14,26,27,16,16,16,16,17,17,17,17,16,17,17,17,16,16,16,16,16,17,17,17,17,16,28,16,16,29,30,16,16,16,16,16,17,16,31,32,16,16,16,16,16,16,16,33,34,35,36,37,16,16,16,16,38,39,40,16,16,16,41,16,16,16,16,16,16,16,16,16,16,42,43,16,16,16,16,14,14,14,14,14,14,14,14,26,26,26,26,26,26,26,26","0.000938177108764648","leiden","edit-xhwikibooks.graphml"
"0.19","0.72","0.09","0.614818828847285","1,1,1,2,3,4,5,6,7,8,9,10,6,6,6,11,12,13,14,15,16,17,18,6,6,6,6,19,20,21,22,23,24,25,14,14,26,27,16,16,16,16,17,17,17,17,16,17,17,17,16,16,16,16,16,17,17,17,17,16,28,16,16,29,30,16,16,16,16,16,17,16,31,32,16,16,16,16,16,16,16,33,34,35,36,37,16,16,16,16,38,39,40,16,16,16,41,16,16,16,16,16,16,16,16,16,16,42,43,16,16,16,16,14,14,14,14,14,14,14,14,26,26,26,26,26,26,26,26","0.000946044921875","leiden","edit-xhwikibooks.graphml"
"0.18","0.73","0.09","0.593481977640032","1,1,1,2,3,4,5,6,7,8,9,10,11,11,11,12,13,14,15,16,17,18,19,6,11,11,11,20,21,22,23,24,25,26,15,15,11,27,17,17,17,17,18,18,18,18,17,18,18,18,17,17,17,17,17,18,18,18,18,17,28,17,17,29,30,17,17,17,17,17,18,17,31,32,17,17,17,17,17,17,17,33,34,35,36,37,17,17,17,17,38,39,40,17,17,17,41,17,17,17,17,17,17,17,17,17,17,42,43,17,17,17,17,15,44,45,15,15,15,15,15,46,47,48,49,50,51,52,53","0.00103211402893066","leiden","edit-xhwikibooks.graphml"
"0.17","0.74","0.09","0.593481977640032","1,1,1,2,3,4,5,6,7,8,9,10,11,11,11,12,13,14,15,16,17,18,19,6,11,11,11,20,21,22,23,24,25,26,15,15,11,27,17,17,17,17,18,18,18,18,17,18,18,18,17,17,17,17,17,18,18,18,18,17,28,17,17,29,30,17,17,17,17,17,18,17,31,32,17,17,17,17,17,17,17,33,34,35,36,37,17,17,17,17,38,39,40,17,17,17,41,17,17,17,17,17,17,17,17,17,17,42,43,17,17,17,17,15,44,45,15,15,15,15,15,46,47,48,49,50,51,52,53","0.00104904174804688","leiden","edit-xhwikibooks.graphml"
"0.16","0.75","0.09","0.598108307327726","1,1,1,2,3,4,5,6,7,8,9,10,11,11,11,12,13,14,15,16,17,18,19,6,11,11,11,20,21,22,23,24,25,26,15,15,11,27,17,17,17,17,18,18,18,18,17,18,18,18,17,17,17,17,17,18,18,18,18,17,28,17,17,29,30,17,17,17,17,17,18,17,31,32,17,17,17,17,17,17,17,33,34,35,36,37,17,17,17,17,38,39,40,17,17,17,41,17,17,17,17,17,17,17,17,17,17,42,43,17,17,17,17,15,44,45,15,15,15,15,15,46,47,48,49,50,51,52,53","0.00105810165405273","leiden","edit-xhwikibooks.graphml"
"0.15","0.76","0.09","0.598108307327726","1,1,1,2,3,4,5,6,7,8,9,10,11,11,11,12,13,14,15,16,17,18,19,6,11,11,11,20,21,22,23,24,25,26,15,15,11,27,17,17,17,17,18,18,18,18,17,18,18,18,17,17,17,17,17,18,18,18,18,17,28,17,17,29,30,17,17,17,17,17,18,17,31,32,17,17,17,17,17,17,17,33,34,35,36,37,17,17,17,17,38,39,40,17,17,17,41,17,17,17,17,17,17,17,17,17,17,42,43,17,17,17,17,15,44,45,15,15,15,15,15,46,47,48,49,50,51,52,53","0.00105404853820801","leiden","edit-xhwikibooks.graphml"
"0.14","0.77","0.09","0.599867054082947","1,1,1,2,3,4,5,6,7,8,9,10,11,11,11,12,13,14,15,16,17,18,19,6,11,11,11,20,21,22,23,24,25,26,15,15,11,27,17,17,17,17,18,18,18,18,17,18,18,18,17,17,17,17,17,18,18,18,18,17,28,17,17,29,30,17,17,17,17,17,18,17,31,32,17,17,17,17,17,17,17,33,34,35,36,37,17,17,17,17,38,39,40,17,17,17,41,17,17,17,17,17,17,17,17,17,17,42,43,17,17,17,17,15,44,45,15,15,15,15,15,46,47,48,49,50,51,52,53","0.00103902816772461","leiden","edit-xhwikibooks.graphml"
"0.13","0.78","0.09","0.601949738573115","1,1,1,2,3,4,5,6,7,8,9,10,11,11,11,12,13,14,15,16,17,18,19,6,11,11,11,20,21,22,23,24,25,26,15,15,27,28,17,17,17,17,18,18,18,18,17,18,18,18,17,17,17,17,17,18,18,18,18,17,29,17,17,30,31,17,17,17,17,17,18,17,32,33,17,17,17,17,17,17,17,34,35,36,37,38,17,17,17,17,39,40,41,17,17,17,42,17,17,17,17,17,17,17,17,17,17,43,44,17,17,17,17,15,45,46,15,15,15,15,15,47,48,49,50,51,52,53,54","0.0010380744934082","leiden","edit-xhwikibooks.graphml"
"0.12","0.79","0.09","0.603801444334076","1,1,1,2,3,4,5,6,7,8,9,10,11,11,11,12,13,14,15,16,17,18,19,6,11,11,11,20,21,22,23,24,25,26,15,15,27,28,17,17,17,17,18,18,18,18,17,18,18,18,17,17,17,17,17,18,18,18,18,17,29,17,17,30,31,17,17,17,17,17,18,17,32,33,17,17,17,17,17,17,17,34,35,36,37,38,17,17,17,17,39,40,41,17,17,17,42,17,17,17,17,17,17,17,17,17,17,43,44,17,17,17,17,15,45,46,15,15,15,15,15,47,48,49,50,51,52,53,54","0.00105381011962891","leiden","edit-xhwikibooks.graphml"
"0.11","0.8","0.09","0.606307121946062","1,1,1,2,3,4,5,6,7,8,9,10,11,11,11,12,13,14,15,16,17,18,19,6,11,11,11,20,21,22,23,24,25,26,15,15,27,28,17,17,17,17,18,18,18,18,17,18,18,18,17,17,17,17,17,18,18,18,18,17,29,17,17,30,31,17,17,17,17,17,18,17,32,33,17,17,17,17,17,17,17,34,35,36,37,38,17,17,17,17,39,40,41,17,17,17,42,17,17,17,17,17,17,17,17,17,17,43,44,17,17,17,17,15,45,46,15,15,15,15,15,47,48,49,50,51,52,53,54","0.000941991806030273","leiden","edit-xhwikibooks.graphml"
"0.1","0.81","0.09","0.604700286959294","1,1,1,2,3,4,5,6,7,8,9,10,11,11,11,12,13,14,15,16,17,18,19,6,11,11,11,20,21,22,23,24,25,26,15,15,27,28,17,17,17,17,18,18,18,18,17,18,18,18,17,17,17,17,17,18,18,18,18,17,29,17,17,30,31,17,17,17,17,17,18,17,32,33,17,17,17,17,17,17,17,34,35,36,37,38,17,17,17,17,39,40,41,17,17,17,42,17,17,17,17,17,17,17,17,17,17,43,44,17,17,17,17,15,45,46,15,15,15,15,15,47,48,49,50,51,52,53,54","0.00107312202453613","leiden","edit-xhwikibooks.graphml"
"0.09","0.82","0.09","0.605463510848126","1,1,1,2,3,4,5,6,7,8,9,10,11,11,11,12,13,14,15,16,17,18,19,6,11,11,11,20,21,22,23,24,25,26,15,15,27,28,17,17,17,17,18,18,18,18,17,18,18,18,17,17,17,17,17,18,18,18,18,17,29,17,17,30,31,17,17,17,17,17,18,17,32,33,17,17,17,17,17,17,17,34,35,36,37,38,17,17,17,17,39,40,41,17,17,17,42,17,17,17,17,17,17,17,17,17,17,43,44,17,17,17,17,15,45,46,15,15,15,15,15,47,48,49,50,51,52,53,54","0.00128698348999023","leiden","edit-xhwikibooks.graphml"
"0.08","0.83","0.09","0.605463510848126","1,1,1,2,3,4,5,6,7,8,9,10,11,11,11,12,13,14,15,16,17,18,19,6,11,11,11,20,21,22,23,24,25,26,15,15,27,28,17,17,17,17,18,18,18,18,17,18,18,18,17,17,17,17,17,18,18,18,18,17,29,17,17,30,31,17,17,17,17,17,18,17,32,33,17,17,17,17,17,17,17,34,35,36,37,38,17,17,17,17,39,40,41,17,17,17,42,17,17,17,17,17,17,17,17,17,17,43,44,17,17,17,17,15,45,46,15,15,15,15,15,47,48,49,50,51,52,53,54","0.00118708610534668","leiden","edit-xhwikibooks.graphml"
"0.07","0.84","0.09","0.605698146605581","1,1,1,2,3,4,5,6,7,8,9,10,11,11,11,12,13,14,15,16,17,18,19,6,11,11,11,20,21,22,23,24,25,26,15,15,27,28,17,17,17,17,18,18,18,18,17,18,18,18,17,17,17,17,17,18,18,18,18,17,29,17,17,30,31,17,17,17,17,17,18,17,32,33,17,17,17,17,17,17,17,34,35,36,37,38,17,17,17,17,39,40,41,17,17,17,42,17,17,17,17,17,17,17,17,17,17,43,44,17,17,17,17,15,45,46,15,15,15,15,15,47,48,49,50,51,52,53,54","0.00107192993164062","leiden","edit-xhwikibooks.graphml"
"0.06","0.85","0.09","0.607359063509637","1,1,1,2,3,4,5,6,7,8,9,10,11,11,11,12,13,14,15,16,17,18,19,6,11,11,11,20,21,22,23,24,25,26,15,15,27,28,17,17,17,17,18,18,18,18,17,18,18,18,17,17,17,17,17,18,18,18,18,17,29,17,17,30,31,17,17,17,17,17,18,17,32,33,17,17,17,17,17,17,17,34,35,36,37,38,17,17,17,17,39,40,41,17,17,17,42,17,17,17,17,17,17,17,17,17,17,43,44,17,17,17,17,15,45,46,15,15,15,15,15,47,48,49,50,51,52,53,54","0.00101494789123535","leiden","edit-xhwikibooks.graphml"
"0.05","0.86","0.09","0.609147025813693","1,1,1,2,3,4,5,6,7,8,9,10,11,11,11,12,13,14,15,16,17,18,19,6,11,11,11,20,21,22,23,24,25,26,15,15,27,28,17,17,17,17,18,18,18,18,17,18,18,18,17,17,17,17,17,18,18,18,18,17,29,17,17,30,31,17,17,17,17,17,18,17,32,33,17,17,17,17,17,17,17,34,35,36,37,38,17,17,17,17,39,40,41,17,17,17,42,17,17,17,17,17,17,17,17,17,17,43,44,17,17,17,17,15,45,46,15,15,15,15,15,47,48,49,50,51,52,53,54","0.00102019309997559","leiden","edit-xhwikibooks.graphml"
"0.04","0.87","0.09","0.609147025813693","1,1,1,2,3,4,5,6,7,8,9,10,11,11,11,12,13,14,15,16,17,18,19,6,11,11,11,20,21,22,23,24,25,26,15,15,27,28,17,17,17,17,18,18,18,18,17,18,18,18,17,17,17,17,17,18,18,18,18,17,29,17,17,30,31,17,17,17,17,17,18,17,32,33,17,17,17,17,17,17,17,34,35,36,37,38,17,17,17,17,39,40,41,17,17,17,42,17,17,17,17,17,17,17,17,17,17,43,44,17,17,17,17,15,45,46,15,15,15,15,15,47,48,49,50,51,52,53,54","0.00131916999816895","leiden","edit-xhwikibooks.graphml"
"0.03","0.88","0.09","0.608118825701578","1,1,1,2,3,4,5,6,7,8,9,10,11,11,11,12,13,14,15,16,17,18,19,6,11,11,11,20,21,22,23,24,25,26,15,15,27,28,17,17,17,17,18,18,18,18,17,18,18,18,17,17,17,17,17,18,18,18,18,17,29,17,17,30,31,17,17,17,17,17,18,17,32,33,17,17,17,17,17,17,17,34,35,36,37,38,17,17,17,17,39,40,41,17,17,17,42,17,17,17,17,17,17,17,17,17,17,43,44,17,17,17,17,15,45,46,15,15,15,15,15,47,48,49,50,51,52,53,54","0.00104808807373047","leiden","edit-xhwikibooks.graphml"
"0.02","0.89","0.09","0.611158221367957","1,1,1,2,3,4,5,6,7,8,9,10,11,11,11,12,13,14,15,16,17,18,19,6,11,11,11,20,21,22,23,24,25,26,15,15,27,28,17,17,17,17,18,18,18,18,17,18,18,18,17,17,17,17,17,18,18,18,18,17,29,17,17,30,31,17,17,17,17,17,18,17,32,33,17,17,17,17,17,17,17,34,35,36,37,38,17,17,17,17,39,40,41,17,17,17,42,17,17,17,17,17,17,17,17,17,17,43,44,17,17,17,17,15,45,46,15,15,15,15,15,47,48,49,50,51,52,53,54","0.00103998184204102","leiden","edit-xhwikibooks.graphml"
"0.01","0.9","0.09","0.6101375","1,1,1,2,3,4,5,6,7,8,9,10,11,11,11,12,13,14,15,16,17,18,19,6,11,11,11,20,21,22,23,24,25,26,15,15,27,28,17,17,17,17,18,18,18,18,17,18,18,18,17,17,17,17,17,18,18,18,18,17,29,17,17,30,31,17,17,17,17,17,18,17,32,33,17,17,17,17,17,17,17,34,35,36,37,38,17,17,17,17,39,40,41,17,17,17,42,17,17,17,17,17,17,17,17,17,17,43,44,17,17,17,17,15,45,46,15,15,15,15,15,47,48,49,50,51,52,53,54","0.00104689598083496","leiden","edit-xhwikibooks.graphml"
"0","0.91","0.09","0.610546760121557","1,1,1,1,1,2,3,1,4,5,6,7,8,8,8,9,10,11,12,13,14,15,16,1,17,17,17,18,1,19,20,21,22,23,24,24,8,25,14,14,14,14,15,15,15,15,14,15,15,15,14,14,14,14,14,15,15,15,15,14,26,14,14,27,28,14,14,14,14,14,15,14,29,30,14,14,14,14,14,14,14,31,32,33,34,35,14,14,14,14,36,37,38,14,14,14,39,14,14,14,14,14,14,14,14,14,14,40,41,14,14,14,14,24,42,43,24,24,24,24,24,44,45,46,47,48,49,50,51","0.0010530948638916","leiden","edit-xhwikibooks.graphml"
"0.9","0","0.1","0.505092887971477","1,2,1,3,1,3,1,4,3,3,1,1,4,4,4,3,3,1,5,1,6,2,4,4,4,4,4,3,2,3,1,5,1,1,5,5,4,4,6,6,6,6,2,2,2,2,6,2,2,2,6,6,6,6,6,2,2,2,2,6,4,6,6,4,4,6,6,6,6,6,2,6,4,4,6,6,6,6,6,6,6,4,3,3,3,2,6,6,6,6,3,1,5,6,6,6,3,6,6,6,6,6,6,6,6,6,6,1,1,6,6,6,6,5,5,5,5,5,5,5,5,4,4,4,4,4,4,4,4","0.000833034515380859","leiden","edit-xhwikibooks.graphml"
"0.89","0.01","0.1","0.499091908061414","1,2,1,1,1,3,1,4,3,3,1,1,4,4,4,3,3,1,1,1,5,2,4,4,4,4,4,3,2,3,1,1,1,1,6,6,4,4,5,5,5,5,2,2,2,2,5,2,2,2,5,5,5,5,5,2,2,2,2,5,4,5,5,4,4,5,5,5,5,5,2,5,4,4,5,5,5,5,5,5,5,4,3,3,3,2,5,5,5,5,3,1,1,5,5,5,3,5,5,5,5,5,5,5,5,5,5,1,1,5,5,5,5,6,6,6,6,6,6,6,6,4,4,4,4,4,4,4,4","0.00116801261901855","leiden","edit-xhwikibooks.graphml"
"0.88","0.02","0.1","0.499297945728152","1,2,1,1,3,1,3,4,1,1,3,3,4,4,4,1,1,3,3,3,5,2,4,4,4,4,4,1,2,1,3,3,3,3,6,6,4,4,5,5,5,5,2,2,2,2,5,2,2,2,5,5,5,5,5,2,2,2,2,5,4,5,5,4,4,5,5,5,5,5,2,5,4,4,5,5,5,5,5,5,5,4,1,1,1,2,5,5,5,5,1,3,3,5,5,5,1,5,5,5,5,5,5,5,5,5,5,3,3,5,5,5,5,6,6,6,6,6,6,6,6,4,4,4,4,4,4,4,4","0.000818967819213867","leiden","edit-xhwikibooks.graphml"
"0.87","0.03","0.1","0.49831143895757","1,2,1,1,3,1,3,4,1,1,3,3,4,4,4,1,1,3,3,3,5,2,4,4,4,4,4,1,2,1,3,3,3,3,6,6,4,4,5,5,5,5,2,2,2,2,5,2,2,2,5,5,5,5,5,2,2,2,2,5,4,5,5,4,4,5,5,5,5,5,2,5,4,4,5,5,5,5,5,5,5,4,1,1,1,2,5,5,5,5,1,3,3,5,5,5,1,5,5,5,5,5,5,5,5,5,5,3,3,5,5,5,5,6,6,6,6,6,6,6,6,4,4,4,4,4,4,4,4","0.000837087631225586","leiden","edit-xhwikibooks.graphml"
"0.86","0.04","0.1","0.498098945882567","1,2,1,1,1,3,1,3,3,3,1,1,3,3,3,4,3,1,1,1,5,2,3,3,3,3,3,4,2,3,1,1,1,1,6,6,3,3,5,5,5,5,2,2,2,2,5,2,2,2,5,5,5,5,5,2,2,2,2,5,3,5,5,3,3,5,5,5,5,5,2,5,3,3,5,5,5,5,5,5,5,3,4,4,4,2,5,5,5,5,3,1,1,5,5,5,4,5,5,5,5,5,5,5,5,5,5,1,1,5,5,5,5,6,6,6,6,6,6,6,6,3,3,3,3,3,3,3,3","0.000831842422485352","leiden","edit-xhwikibooks.graphml"
"0.85","0.05","0.1","0.49732822122932","1,2,1,1,3,1,3,4,1,1,3,3,4,4,4,1,1,3,3,3,5,2,4,4,4,4,4,1,2,1,3,3,3,3,6,6,4,4,5,5,5,5,2,2,2,2,5,2,2,2,5,5,5,5,5,2,2,2,2,5,4,5,5,4,4,5,5,5,5,5,2,5,4,4,5,5,5,5,5,5,5,4,1,1,1,2,5,5,5,5,1,3,3,5,5,5,1,5,5,5,5,5,5,5,5,5,5,3,3,5,5,5,5,6,6,6,6,6,6,6,6,4,4,4,4,4,4,4,4","0.000781059265136719","leiden","edit-xhwikibooks.graphml"
"0.84","0.06","0.1","0.49732822122932","1,2,1,1,3,1,3,4,1,1,3,3,4,4,4,1,1,3,3,3,5,2,4,4,4,4,4,1,2,1,3,3,3,3,6,6,4,4,5,5,5,5,2,2,2,2,5,2,2,2,5,5,5,5,5,2,2,2,2,5,4,5,5,4,4,5,5,5,5,5,2,5,4,4,5,5,5,5,5,5,5,4,1,1,1,2,5,5,5,5,1,3,3,5,5,5,1,5,5,5,5,5,5,5,5,5,5,3,3,5,5,5,5,6,6,6,6,6,6,6,6,4,4,4,4,4,4,4,4","0.000808000564575195","leiden","edit-xhwikibooks.graphml"
"0.83","0.07","0.1","0.496153124413586","1,2,1,1,1,3,1,3,3,3,1,1,3,3,3,4,3,1,1,1,5,2,3,3,3,3,3,4,2,3,1,1,1,1,6,6,3,3,5,5,5,5,2,2,2,2,5,2,2,2,5,5,5,5,5,2,2,2,2,5,3,5,5,3,3,5,5,5,5,5,2,5,3,3,5,5,5,5,5,5,5,3,4,4,4,2,5,5,5,5,3,1,1,5,5,5,4,5,5,5,5,5,5,5,5,5,5,1,1,5,5,5,5,6,6,6,6,6,6,6,6,3,3,3,3,3,3,3,3","0.000803947448730469","leiden","edit-xhwikibooks.graphml"
"0.82","0.08","0.1","0.498499507300905","1,2,1,1,3,1,3,4,1,1,3,3,4,4,4,1,1,3,3,3,5,2,4,4,4,4,4,1,2,1,3,3,3,3,6,6,4,4,5,5,5,5,2,2,2,2,5,2,2,2,5,5,5,5,5,2,2,2,2,5,4,5,5,4,4,5,5,5,5,5,2,5,4,4,5,5,5,5,5,5,5,4,1,1,1,2,5,5,5,5,1,3,3,5,5,5,1,5,5,5,5,5,5,5,5,5,5,3,3,5,5,5,5,6,6,6,6,6,6,6,6,4,4,4,4,4,4,4,4","0.000799179077148438","leiden","edit-xhwikibooks.graphml"
"0.81","0.09","0.1","0.497523925487605","1,2,1,1,3,1,3,4,1,1,3,3,4,4,4,1,1,3,3,3,5,2,4,4,4,4,4,1,2,1,3,3,3,3,6,6,4,4,5,5,5,5,2,2,2,2,5,2,2,2,5,5,5,5,5,2,2,2,2,5,4,5,5,4,4,5,5,5,5,5,2,5,4,4,5,5,5,5,5,5,5,4,1,1,1,2,5,5,5,5,1,3,3,5,5,5,1,5,5,5,5,5,5,5,5,5,5,3,3,5,5,5,5,6,6,6,6,6,6,6,6,4,4,4,4,4,4,4,4","0.000815868377685547","leiden","edit-xhwikibooks.graphml"
"0.8","0.1","0.1","0.497345737216848","1,2,1,1,1,3,1,3,3,3,1,1,3,3,3,4,3,1,1,1,5,2,3,3,3,3,3,4,2,3,1,1,1,1,6,6,3,3,5,5,5,5,2,2,2,2,5,2,2,2,5,5,5,5,5,2,2,2,2,5,3,5,5,3,3,5,5,5,5,5,2,5,3,3,5,5,5,5,5,5,5,3,4,4,4,2,5,5,5,5,3,1,1,5,5,5,4,5,5,5,5,5,5,5,5,5,5,1,1,5,5,5,5,6,6,6,6,6,6,6,6,3,3,3,3,3,3,3,3","0.000822067260742188","leiden","edit-xhwikibooks.graphml"
"0.79","0.11","0.1","0.484112307302737","1,2,1,1,1,1,1,3,1,1,1,1,3,3,3,1,1,1,1,1,4,2,3,3,3,3,3,1,2,1,1,1,1,1,5,5,3,3,4,4,4,4,2,2,2,2,4,2,2,2,4,4,4,4,4,2,2,2,2,4,6,4,4,3,3,4,4,4,4,4,2,4,3,3,4,4,4,4,4,4,4,3,1,1,1,7,4,4,4,4,8,9,10,4,4,4,1,4,4,4,4,4,4,4,4,4,4,1,1,4,4,4,4,5,5,5,5,5,5,5,5,3,3,3,3,3,3,3,3","0.000826120376586914","leiden","edit-xhwikibooks.graphml"
"0.78","0.12","0.1","0.489568866728897","1,2,1,1,1,3,1,3,3,3,1,1,3,3,3,4,3,1,1,1,5,2,3,3,3,3,3,4,2,3,1,1,1,1,6,6,3,3,5,5,5,5,2,2,2,2,5,2,2,2,5,5,5,5,5,2,2,2,2,5,7,5,5,3,3,5,5,5,5,5,2,5,3,3,5,5,5,5,5,5,5,3,4,4,4,8,5,5,5,5,9,10,11,5,5,5,4,5,5,5,5,5,5,5,5,5,5,1,1,5,5,5,5,6,6,6,6,6,6,6,6,3,3,3,3,3,3,3,3","0.000887870788574219","leiden","edit-xhwikibooks.graphml"
"0.77","0.13","0.1","0.488595882139838","1,2,1,1,1,3,1,3,3,3,1,1,3,3,3,4,3,1,1,1,5,2,3,3,3,3,3,4,2,3,1,1,1,1,6,6,3,3,5,5,5,5,2,2,2,2,5,2,2,2,5,5,5,5,5,2,2,2,2,5,7,5,5,3,3,5,5,5,5,5,2,5,3,3,5,5,5,5,5,5,5,3,4,4,4,8,5,5,5,5,9,10,11,5,5,5,4,5,5,5,5,5,5,5,5,5,5,1,1,5,5,5,5,6,6,6,6,6,6,6,6,3,3,3,3,3,3,3,3","0.000855922698974609","leiden","edit-xhwikibooks.graphml"
"0.76","0.14","0.1","0.488248701847603","1,2,1,1,3,1,3,4,1,1,3,3,4,4,4,1,1,3,3,3,5,2,4,4,4,4,4,1,2,1,3,3,3,3,6,6,4,4,5,5,5,5,2,2,2,2,5,2,2,2,5,5,5,5,5,2,2,2,2,5,7,5,5,4,4,5,5,5,5,5,2,5,4,4,5,5,5,5,5,5,5,4,1,1,1,8,5,5,5,5,9,10,11,5,5,5,1,5,5,5,5,5,5,5,5,5,5,3,3,5,5,5,5,6,6,6,6,6,6,6,6,4,4,4,4,4,4,4,4","0.000842809677124023","leiden","edit-xhwikibooks.graphml"
"0.75","0.15","0.1","0.49202236262798","1,2,1,1,1,3,1,3,3,3,1,1,3,3,3,4,3,1,1,1,5,2,3,3,3,3,3,4,2,3,1,1,1,1,6,6,3,3,5,5,5,5,2,2,2,2,5,2,2,2,5,5,5,5,5,2,2,2,2,5,7,5,5,3,3,5,5,5,5,5,2,5,3,3,5,5,5,5,5,5,5,3,4,4,4,8,5,5,5,5,9,10,11,5,5,5,4,5,5,5,5,5,5,5,5,5,5,1,1,5,5,5,5,6,6,6,6,6,6,6,6,3,3,3,3,3,3,3,3","0.00106596946716309","leiden","edit-xhwikibooks.graphml"
"0.74","0.16","0.1","0.494210775047259","1,2,1,1,1,3,1,3,3,3,1,1,3,3,3,4,3,1,1,1,5,2,3,3,3,3,3,4,2,3,1,1,1,1,6,6,3,3,5,5,5,5,2,2,2,2,5,2,2,2,5,5,5,5,5,2,2,2,2,5,7,5,5,3,3,5,5,5,5,5,2,5,3,3,5,5,5,5,5,5,5,3,4,4,4,8,5,5,5,5,9,10,11,5,5,5,4,5,5,5,5,5,5,5,5,5,5,1,1,5,5,5,5,6,6,6,6,6,6,6,6,3,3,3,3,3,3,3,3","0.000818967819213867","leiden","edit-xhwikibooks.graphml"
"0.73","0.17","0.1","0.4954492330168","1,2,1,1,1,3,1,3,3,3,1,1,3,3,3,4,3,1,1,1,5,2,3,3,3,3,3,4,2,3,1,1,1,1,6,6,3,3,5,5,5,5,2,2,2,2,5,2,2,2,5,5,5,5,5,2,2,2,2,5,7,5,5,3,3,5,5,5,5,5,2,5,3,3,5,5,5,5,5,5,5,3,4,4,4,8,5,5,5,5,9,10,11,5,5,5,4,5,5,5,5,5,5,5,5,5,5,1,1,5,5,5,5,6,6,6,6,6,6,6,6,3,3,3,3,3,3,3,3","0.00082707405090332","leiden","edit-xhwikibooks.graphml"
"0.72","0.18","0.1","0.4954492330168","1,2,1,1,1,3,1,3,3,3,1,1,3,3,3,4,3,1,1,1,5,2,3,3,3,3,3,4,2,3,1,1,1,1,6,6,3,3,5,5,5,5,2,2,2,2,5,2,2,2,5,5,5,5,5,2,2,2,2,5,7,5,5,3,3,5,5,5,5,5,2,5,3,3,5,5,5,5,5,5,5,3,4,4,4,8,5,5,5,5,9,10,11,5,5,5,4,5,5,5,5,5,5,5,5,5,5,1,1,5,5,5,5,6,6,6,6,6,6,6,6,3,3,3,3,3,3,3,3","0.000852823257446289","leiden","edit-xhwikibooks.graphml"
"0.71","0.19","0.1","0.495895479246156","1,2,1,1,1,1,1,3,1,1,1,1,3,3,3,1,1,1,1,1,5,2,3,3,3,3,3,1,2,1,1,1,1,1,4,4,3,3,5,5,5,5,2,2,2,2,5,2,2,2,5,5,5,5,5,2,2,2,2,5,6,5,5,3,3,5,5,5,5,5,2,5,3,3,5,5,5,5,5,5,5,3,1,1,1,7,5,5,5,5,8,9,10,5,5,5,1,5,5,5,5,5,5,5,5,5,5,1,1,5,5,5,5,4,4,4,4,4,4,4,4,3,3,3,3,3,3,3,3","0.000858068466186523","leiden","edit-xhwikibooks.graphml"
"0.7","0.2","0.1","0.500743515685321","1,3,1,1,1,2,1,4,2,2,1,1,4,4,4,2,2,1,1,1,5,3,4,4,4,4,4,2,3,2,1,1,1,1,6,6,4,4,5,5,5,5,3,3,3,3,5,3,3,3,5,5,5,5,5,3,3,3,3,5,7,5,5,4,4,5,5,5,5,5,3,5,4,4,5,5,5,5,5,5,5,4,2,2,2,8,5,5,5,5,9,10,11,5,5,5,2,5,5,5,5,5,5,5,5,5,5,1,1,5,5,5,5,6,6,6,6,6,6,6,6,4,4,4,4,4,4,4,4","0.000858068466186523","leiden","edit-xhwikibooks.graphml"
"0.69","0.21","0.1","0.436608306324969","1,2,1,1,1,3,1,3,3,3,1,1,3,3,3,3,4,1,1,1,5,2,3,3,3,3,3,3,2,6,7,1,1,1,8,8,3,3,5,5,5,5,2,2,2,2,5,2,2,2,5,5,5,5,5,2,2,2,2,5,9,5,5,10,11,5,5,5,5,5,2,5,3,3,5,5,5,5,5,5,5,12,3,3,3,13,5,5,5,5,14,15,16,5,5,5,17,5,5,5,5,5,5,5,5,5,5,18,19,5,5,5,5,8,8,8,8,8,8,8,8,3,3,3,3,3,3,3,3","0.000939846038818359","leiden","edit-xhwikibooks.graphml"
"0.68","0.22","0.1","0.436307594640649","1,1,2,2,2,3,2,3,3,3,2,2,3,3,3,3,4,2,2,2,5,1,3,3,3,3,3,3,1,6,7,2,2,2,8,8,3,3,5,5,5,5,1,1,1,1,5,1,1,1,5,5,5,5,5,1,1,1,1,5,9,5,5,10,11,5,5,5,5,5,1,5,3,3,5,5,5,5,5,5,5,12,3,3,3,13,5,5,5,5,14,15,16,5,5,5,17,5,5,5,5,5,5,5,5,5,5,18,19,5,5,5,5,8,8,8,8,8,8,8,8,3,3,3,3,3,3,3,3","0.000957965850830078","leiden","edit-xhwikibooks.graphml"
"0.67","0.23","0.1","0.440595725815059","1,1,2,2,2,3,2,3,3,3,2,2,3,3,3,3,4,2,2,2,5,1,3,3,3,3,3,3,1,6,7,2,2,2,8,8,3,3,5,5,5,5,1,1,1,1,5,1,1,1,5,5,5,5,5,1,1,1,1,5,9,5,5,10,11,5,5,5,5,5,1,5,3,3,5,5,5,5,5,5,5,12,3,3,3,13,5,5,5,5,14,15,16,5,5,5,17,5,5,5,5,5,5,5,5,5,5,18,19,5,5,5,5,8,8,8,8,8,8,8,8,3,3,3,3,3,3,3,3","0.000953912734985352","leiden","edit-xhwikibooks.graphml"
"0.66","0.24","0.1","0.443216326530612","1,3,1,2,1,2,1,2,2,2,1,1,2,2,2,2,5,1,1,1,6,3,2,2,2,2,2,2,3,7,8,1,1,1,4,4,2,2,6,6,6,6,3,3,3,3,6,3,3,3,6,6,6,6,6,3,3,3,3,6,9,6,6,10,11,6,6,6,6,6,3,6,2,2,6,6,6,6,6,6,6,12,2,2,2,13,6,6,6,6,14,15,16,6,6,6,17,6,6,6,6,6,6,6,6,6,6,18,19,6,6,6,6,4,4,4,4,4,4,4,4,2,2,2,2,2,2,2,2","0.000971794128417969","leiden","edit-xhwikibooks.graphml"
"0.65","0.25","0.1","0.450309617287497","1,2,1,1,1,3,1,3,3,3,1,1,3,3,3,4,5,1,1,1,6,2,3,3,3,3,3,4,2,7,8,1,1,1,9,9,3,3,6,6,6,6,2,2,2,2,6,2,2,2,6,6,6,6,6,2,2,2,2,6,10,6,6,11,12,6,6,6,6,6,2,6,3,3,6,6,6,6,6,6,6,13,4,4,4,14,6,6,6,6,15,16,17,6,6,6,18,6,6,6,6,6,6,6,6,6,6,19,20,6,6,6,6,9,9,9,9,9,9,9,9,3,3,3,3,3,3,3,3","0.000987052917480469","leiden","edit-xhwikibooks.graphml"
"0.64","0.26","0.1","0.450309617287497","1,2,1,1,1,3,1,3,3,3,1,1,3,3,3,5,6,1,1,1,7,2,3,3,3,3,3,5,2,8,9,1,1,1,4,4,3,3,7,7,7,7,2,2,2,2,7,2,2,2,7,7,7,7,7,2,2,2,2,7,10,7,7,11,12,7,7,7,7,7,2,7,3,3,7,7,7,7,7,7,7,13,5,5,5,14,7,7,7,7,15,16,17,7,7,7,18,7,7,7,7,7,7,7,7,7,7,19,20,7,7,7,7,4,4,4,4,4,4,4,4,3,3,3,3,3,3,3,3","0.000884056091308594","leiden","edit-xhwikibooks.graphml"
"0.63","0.27","0.1","0.450309617287497","1,2,1,1,1,3,1,3,3,3,1,1,3,3,3,5,6,1,1,1,7,2,3,3,3,3,3,5,2,8,9,1,1,1,4,4,3,3,7,7,7,7,2,2,2,2,7,2,2,2,7,7,7,7,7,2,2,2,2,7,10,7,7,11,12,7,7,7,7,7,2,7,3,3,7,7,7,7,7,7,7,13,5,5,5,14,7,7,7,7,15,16,17,7,7,7,18,7,7,7,7,7,7,7,7,7,7,19,20,7,7,7,7,4,4,4,4,4,4,4,4,3,3,3,3,3,3,3,3","0.00104117393493652","leiden","edit-xhwikibooks.graphml"
"0.62","0.28","0.1","0.449347351715929","1,2,1,1,1,3,1,3,3,3,1,1,3,3,3,5,6,1,1,1,7,2,3,3,3,3,3,5,2,8,9,1,1,1,4,4,3,3,7,7,7,7,2,2,2,2,7,2,2,2,7,7,7,7,7,2,2,2,2,7,10,7,7,11,12,7,7,7,7,7,2,7,3,3,7,7,7,7,7,7,7,13,5,5,5,14,7,7,7,7,15,16,17,7,7,7,18,7,7,7,7,7,7,7,7,7,7,19,20,7,7,7,7,4,4,4,4,4,4,4,4,3,3,3,3,3,3,3,3","0.0010521411895752","leiden","edit-xhwikibooks.graphml"
"0.61","0.29","0.1","0.454338598184372","1,2,1,1,1,3,1,3,3,3,1,1,3,3,3,4,5,1,1,1,6,2,3,3,3,3,3,4,2,7,8,1,1,1,9,9,3,3,6,6,6,6,2,2,2,2,6,2,2,2,6,6,6,6,6,2,2,2,2,6,10,6,6,11,12,6,6,6,6,6,2,6,3,3,6,6,6,6,6,6,6,13,4,4,4,14,6,6,6,6,15,16,17,6,6,6,18,6,6,6,6,6,6,6,6,6,6,19,20,6,6,6,6,9,9,9,9,9,9,9,9,3,3,3,3,3,3,3,3","0.000903844833374023","leiden","edit-xhwikibooks.graphml"
"0.6","0.3","0.1","0.456102916644036","1,2,1,1,1,3,1,3,3,3,1,1,3,3,3,5,6,1,1,1,7,2,3,3,3,3,3,5,2,8,9,1,1,1,4,4,3,3,7,7,7,7,2,2,2,2,7,2,2,2,7,7,7,7,7,2,2,2,2,7,10,7,7,11,12,7,7,7,7,7,2,7,3,3,7,7,7,7,7,7,7,13,5,5,5,14,7,7,7,7,15,16,17,7,7,7,18,7,7,7,7,7,7,7,7,7,7,19,20,7,7,7,7,4,4,4,4,4,4,4,4,3,3,3,3,3,3,3,3","0.000871181488037109","leiden","edit-xhwikibooks.graphml"
"0.59","0.31","0.1","0.429257779734073","1,1,1,2,3,2,4,2,2,2,4,5,2,2,2,2,6,7,4,8,9,1,10,2,2,2,2,2,1,11,12,13,8,14,4,4,2,2,9,9,9,9,1,1,1,1,9,1,1,1,9,9,9,9,9,1,1,1,1,9,15,9,9,16,17,9,9,9,9,9,1,9,18,19,9,9,9,9,9,9,9,20,21,22,23,24,9,9,9,9,25,26,27,9,9,9,28,9,9,9,9,9,9,9,9,9,9,29,30,9,9,9,9,4,4,4,4,4,4,4,4,2,2,2,2,2,2,2,2","0.00101518630981445","leiden","edit-xhwikibooks.graphml"
"0.58","0.32","0.1","0.428313680803276","1,1,1,2,3,2,4,2,2,2,4,5,2,2,2,2,6,7,4,8,9,1,10,2,2,2,2,2,1,11,12,13,8,14,4,4,2,2,9,9,9,9,1,1,1,1,9,1,1,1,9,9,9,9,9,1,1,1,1,9,15,9,9,16,17,9,9,9,9,9,1,9,18,19,9,9,9,9,9,9,9,20,21,22,23,24,9,9,9,9,25,26,27,9,9,9,28,9,9,9,9,9,9,9,9,9,9,29,30,9,9,9,9,4,4,4,4,4,4,4,4,2,2,2,2,2,2,2,2","0.00101208686828613","leiden","edit-xhwikibooks.graphml"
"0.57","0.33","0.1","0.428313680803276","1,1,1,2,3,2,4,2,2,2,4,5,2,2,2,2,6,7,4,8,9,1,10,2,2,2,2,2,1,11,12,13,8,14,4,4,2,2,9,9,9,9,1,1,1,1,9,1,1,1,9,9,9,9,9,1,1,1,1,9,15,9,9,16,17,9,9,9,9,9,1,9,18,19,9,9,9,9,9,9,9,20,21,22,23,24,9,9,9,9,25,26,27,9,9,9,28,9,9,9,9,9,9,9,9,9,9,29,30,9,9,9,9,4,4,4,4,4,4,4,4,2,2,2,2,2,2,2,2","0.0010218620300293","leiden","edit-xhwikibooks.graphml"
"0.56","0.34","0.1","0.463625738982614","1,1,1,2,3,2,4,2,2,2,4,5,2,2,2,2,6,7,4,8,9,1,10,2,2,2,2,2,1,11,12,13,8,14,4,4,15,2,9,9,9,9,1,1,1,1,9,1,1,1,9,9,9,9,9,1,1,1,1,9,16,9,9,17,18,9,9,9,9,9,1,9,19,20,9,9,9,9,9,9,9,21,22,23,24,25,9,9,9,9,26,27,28,9,9,9,29,9,9,9,9,9,9,9,9,9,9,30,31,9,9,9,9,4,4,4,4,4,4,4,4,15,15,15,15,15,15,15,15","0.00100493431091309","leiden","edit-xhwikibooks.graphml"
"0.55","0.35","0.1","0.463625738982614","1,1,1,2,3,2,4,2,2,2,4,5,2,2,2,2,6,7,4,8,9,1,10,2,2,2,2,2,1,11,12,13,8,14,4,4,15,2,9,9,9,9,1,1,1,1,9,1,1,1,9,9,9,9,9,1,1,1,1,9,16,9,9,17,18,9,9,9,9,9,1,9,19,20,9,9,9,9,9,9,9,21,22,23,24,25,9,9,9,9,26,27,28,9,9,9,29,9,9,9,9,9,9,9,9,9,9,30,31,9,9,9,9,4,4,4,4,4,4,4,4,15,15,15,15,15,15,15,15","0.00110197067260742","leiden","edit-xhwikibooks.graphml"
"0.54","0.36","0.1","0.462666797488226","1,1,1,2,3,2,4,2,2,2,4,5,2,2,2,2,6,7,4,8,9,1,10,2,2,2,2,2,1,11,12,13,8,14,4,4,15,2,9,9,9,9,1,1,1,1,9,1,1,1,9,9,9,9,9,1,1,1,1,9,16,9,9,17,18,9,9,9,9,9,1,9,19,20,9,9,9,9,9,9,9,21,22,23,24,25,9,9,9,9,26,27,28,9,9,9,29,9,9,9,9,9,9,9,9,9,9,30,31,9,9,9,9,4,4,4,4,4,4,4,4,15,15,15,15,15,15,15,15","0.00107288360595703","leiden","edit-xhwikibooks.graphml"
"0.53","0.37","0.1","0.46218376403816","1,1,1,2,3,2,4,2,2,2,4,5,2,2,2,2,6,7,4,8,9,1,10,2,2,2,2,2,1,11,12,13,8,14,4,4,2,2,9,9,9,9,1,1,1,1,9,1,1,1,9,9,9,9,9,1,1,1,1,9,15,9,9,16,17,9,9,9,9,9,1,9,18,19,9,9,9,9,9,9,9,20,21,22,23,24,9,9,9,9,25,26,27,9,9,9,28,9,9,9,9,9,9,9,9,9,9,29,30,9,9,9,9,4,4,4,4,4,4,4,4,2,2,2,2,2,2,2,2","0.00107812881469727","leiden","edit-xhwikibooks.graphml"
"0.52","0.38","0.1","0.464156140822359","1,1,1,2,3,2,4,2,2,2,4,5,2,2,2,2,6,7,4,8,9,1,10,2,2,2,2,2,1,11,12,13,8,14,4,4,15,2,9,9,9,9,1,1,1,1,9,1,1,1,9,9,9,9,9,1,1,1,1,9,16,9,9,17,18,9,9,9,9,9,1,9,19,20,9,9,9,9,9,9,9,21,22,23,24,25,9,9,9,9,26,27,28,9,9,9,29,9,9,9,9,9,9,9,9,9,9,30,31,9,9,9,9,4,4,4,4,4,4,4,4,15,15,15,15,15,15,15,15","0.00108790397644043","leiden","edit-xhwikibooks.graphml"
"0.51","0.39","0.1","0.466567425699203","1,1,1,2,3,2,4,2,2,2,4,5,2,2,2,2,6,7,4,8,9,1,10,2,2,2,2,2,1,11,12,13,8,14,4,4,15,2,9,9,9,9,1,1,1,1,9,1,1,1,9,9,9,9,9,1,1,1,1,9,16,9,9,17,18,9,9,9,9,9,1,9,19,20,9,9,9,9,9,9,9,21,22,23,24,25,9,9,9,9,26,27,28,9,9,9,29,9,9,9,9,9,9,9,9,9,9,30,31,9,9,9,9,4,4,4,4,4,4,4,4,15,15,15,15,15,15,15,15","0.00102400779724121","leiden","edit-xhwikibooks.graphml"
"0.5","0.4","0.1","0.469521548575603","1,1,1,2,3,2,4,5,2,2,4,6,5,5,5,2,7,8,4,9,10,1,11,5,5,5,5,2,1,12,13,14,9,15,4,4,5,5,10,10,10,10,1,1,1,1,10,1,1,1,10,10,10,10,10,1,1,1,1,10,16,10,10,17,18,10,10,10,10,10,1,10,19,20,10,10,10,10,10,10,10,21,22,23,24,25,10,10,10,10,26,27,28,10,10,10,29,10,10,10,10,10,10,10,10,10,10,30,31,10,10,10,10,4,4,4,4,4,4,4,4,5,5,5,5,5,5,5,5","0.00104618072509766","leiden","edit-xhwikibooks.graphml"
"0.49","0.41","0.1","0.448680555555556","1,1,1,2,3,2,4,2,2,2,5,6,2,2,2,2,7,8,9,10,11,1,12,2,2,2,2,2,1,13,14,15,16,17,9,9,18,2,11,11,11,11,1,1,1,1,11,1,1,1,11,11,11,11,11,1,1,1,1,11,19,11,11,20,21,11,11,11,11,11,1,11,22,23,11,11,11,11,11,11,11,24,25,26,27,28,11,11,11,11,29,30,31,11,11,11,32,11,11,11,11,11,11,11,11,11,11,33,34,11,11,11,11,9,9,9,9,9,9,9,9,18,18,18,18,18,18,18,18","0.00105714797973633","leiden","edit-xhwikibooks.graphml"
"0.48","0.42","0.1","0.447725232310986","1,1,1,2,3,2,4,2,2,2,5,6,2,2,2,2,7,8,9,10,11,1,12,2,2,2,2,2,1,13,14,15,16,17,9,9,18,2,11,11,11,11,1,1,1,1,11,1,1,1,11,11,11,11,11,1,1,1,1,11,19,11,11,20,21,11,11,11,11,11,1,11,22,23,11,11,11,11,11,11,11,24,25,26,27,28,11,11,11,11,29,30,31,11,11,11,32,11,11,11,11,11,11,11,11,11,11,33,34,11,11,11,11,9,9,9,9,9,9,9,9,18,18,18,18,18,18,18,18","0.00107693672180176","leiden","edit-xhwikibooks.graphml"
"0.47","0.43","0.1","0.452777208599898","1,1,1,2,3,2,4,2,2,2,5,6,2,2,2,2,7,8,9,10,11,1,12,2,2,2,2,2,1,13,14,15,16,17,9,9,18,2,11,11,11,11,1,1,1,1,11,1,1,1,11,11,11,11,11,1,1,1,1,11,19,11,11,20,21,11,11,11,11,11,1,11,22,23,11,11,11,11,11,11,11,24,25,26,27,28,11,11,11,11,29,30,31,11,11,11,32,11,11,11,11,11,11,11,11,11,11,33,34,11,11,11,11,9,9,9,9,9,9,9,9,18,18,18,18,18,18,18,18","0.0200221538543701","leiden","edit-xhwikibooks.graphml"
"0.46","0.44","0.1","0.451824960753532","1,1,1,2,3,2,4,2,2,2,5,6,2,2,2,2,7,8,9,10,11,1,12,2,2,2,2,2,1,13,14,15,16,17,9,9,18,2,11,11,11,11,1,1,1,1,11,1,1,1,11,11,11,11,11,1,1,1,1,11,19,11,11,20,21,11,11,11,11,11,1,11,22,23,11,11,11,11,11,11,11,24,25,26,27,28,11,11,11,11,29,30,31,11,11,11,32,11,11,11,11,11,11,11,11,11,11,33,34,11,11,11,11,9,9,9,9,9,9,9,9,18,18,18,18,18,18,18,18","0.00128388404846191","leiden","edit-xhwikibooks.graphml"
"0.45","0.45","0.1","0.457127713577593","1,1,1,2,3,2,4,2,2,2,5,6,2,2,2,2,7,8,9,10,11,1,12,2,2,2,2,2,1,13,14,15,16,17,9,9,18,2,11,11,11,11,1,1,1,1,11,1,1,1,11,11,11,11,11,1,1,1,1,11,19,11,11,20,21,11,11,11,11,11,1,11,22,23,11,11,11,11,11,11,11,24,25,26,27,28,11,11,11,11,29,30,31,11,11,11,32,11,11,11,11,11,11,11,11,11,11,33,34,11,11,11,11,9,9,9,9,9,9,9,9,18,18,18,18,18,18,18,18","0.00109696388244629","leiden","edit-xhwikibooks.graphml"
"0.44","0.46","0.1","0.456176822160681","1,1,1,2,3,2,4,2,2,2,5,6,2,2,2,2,7,8,9,10,11,1,12,2,2,2,2,2,1,13,14,15,16,17,9,9,18,2,11,11,11,11,1,1,1,1,11,1,1,1,11,11,11,11,11,1,1,1,1,11,19,11,11,20,21,11,11,11,11,11,1,11,22,23,11,11,11,11,11,11,11,24,25,26,27,28,11,11,11,11,29,30,31,11,11,11,32,11,11,11,11,11,11,11,11,11,11,33,34,11,11,11,11,9,9,9,9,9,9,9,9,18,18,18,18,18,18,18,18","0.00106287002563477","leiden","edit-xhwikibooks.graphml"
"0.43","0.47","0.1","0.458618856332703","1,1,1,2,3,2,4,2,2,2,5,6,2,2,2,2,7,8,9,10,11,1,12,2,2,2,2,2,1,13,14,15,16,17,9,9,18,2,11,11,11,11,1,1,1,1,11,1,1,1,11,11,11,11,11,1,1,1,1,11,19,11,11,20,21,11,11,11,11,11,1,11,22,23,11,11,11,11,11,11,11,24,25,26,27,28,11,11,11,11,29,30,31,11,11,11,32,11,11,11,11,11,11,11,11,11,11,33,34,11,11,11,11,9,9,9,9,9,9,9,9,18,18,18,18,18,18,18,18","0.00105810165405273","leiden","edit-xhwikibooks.graphml"
"0.42","0.48","0.1","0.457671433082895","1,1,1,2,3,2,4,2,2,2,5,6,2,2,2,2,7,8,9,10,11,1,12,2,2,2,2,2,1,13,14,15,16,17,9,9,18,2,11,11,11,11,1,1,1,1,11,1,1,1,11,11,11,11,11,1,1,1,1,11,19,11,11,20,21,11,11,11,11,11,1,11,22,23,11,11,11,11,11,11,11,24,25,26,27,28,11,11,11,11,29,30,31,11,11,11,32,11,11,11,11,11,11,11,11,11,11,33,34,11,11,11,11,9,9,9,9,9,9,9,9,18,18,18,18,18,18,18,18","0.00107002258300781","leiden","edit-xhwikibooks.graphml"
"0.41","0.49","0.1","0.457671433082895","1,1,1,2,3,2,4,2,2,2,5,6,2,2,2,2,7,8,9,10,11,1,12,2,2,2,2,2,1,13,14,15,16,17,9,9,18,2,11,11,11,11,1,1,1,1,11,1,1,1,11,11,11,11,11,1,1,1,1,11,19,11,11,20,21,11,11,11,11,11,1,11,22,23,11,11,11,11,11,11,11,24,25,26,27,28,11,11,11,11,29,30,31,11,11,11,32,11,11,11,11,11,11,11,11,11,11,33,34,11,11,11,11,9,9,9,9,9,9,9,9,18,18,18,18,18,18,18,18","0.00118684768676758","leiden","edit-xhwikibooks.graphml"
"0.4","0.5","0.1","0.546383812924456","1,1,1,2,3,2,4,5,2,2,6,7,5,5,5,2,8,9,10,11,12,1,13,5,5,5,5,2,1,14,15,16,17,18,10,10,19,5,12,12,12,12,1,1,1,1,12,1,1,1,12,12,12,12,12,1,1,1,1,12,20,12,12,21,22,12,12,12,12,12,1,12,23,24,12,12,12,12,12,12,12,25,26,27,28,29,12,12,12,12,30,31,32,12,12,12,33,12,12,12,12,12,12,12,12,12,12,34,35,12,12,12,12,10,10,10,10,10,10,10,10,19,19,19,19,19,19,19,19","0.000884056091308594","leiden","edit-xhwikibooks.graphml"
"0.39","0.51","0.1","0.537984188773548","1,1,1,2,3,4,5,4,4,6,7,8,4,4,4,4,9,10,11,12,13,1,14,4,4,4,4,15,16,17,18,19,20,21,11,11,22,4,13,13,13,13,1,1,1,1,13,1,1,1,13,13,13,13,13,1,1,1,1,13,23,13,13,24,25,13,13,13,13,13,1,13,26,27,13,13,13,13,13,13,13,28,29,30,31,32,13,13,13,13,33,34,35,13,13,13,36,13,13,13,13,13,13,13,13,13,13,37,38,13,13,13,13,11,11,11,11,11,11,11,11,22,22,22,22,22,22,22,22","0.00104904174804688","leiden","edit-xhwikibooks.graphml"
"0.38","0.52","0.1","0.537984188773548","1,1,1,2,3,4,5,4,4,6,7,8,4,4,4,4,9,10,11,12,13,1,14,4,4,4,4,15,16,17,18,19,20,21,11,11,22,4,13,13,13,13,1,1,1,1,13,1,1,1,13,13,13,13,13,1,1,1,1,13,23,13,13,24,25,13,13,13,13,13,1,13,26,27,13,13,13,13,13,13,13,28,29,30,31,32,13,13,13,13,33,34,35,13,13,13,36,13,13,13,13,13,13,13,13,13,13,37,38,13,13,13,13,11,11,11,11,11,11,11,11,22,22,22,22,22,22,22,22","0.000993013381958008","leiden","edit-xhwikibooks.graphml"
"0.37","0.53","0.1","0.53704843945218","1,1,1,2,3,4,5,4,4,6,7,8,4,4,4,4,9,10,11,12,13,1,14,4,4,4,4,15,16,17,18,19,20,21,11,11,22,4,13,13,13,13,1,1,1,1,13,1,1,1,13,13,13,13,13,1,1,1,1,13,23,13,13,24,25,13,13,13,13,13,1,13,26,27,13,13,13,13,13,13,13,28,29,30,31,32,13,13,13,13,33,34,35,13,13,13,36,13,13,13,13,13,13,13,13,13,13,37,38,13,13,13,13,11,11,11,11,11,11,11,11,22,22,22,22,22,22,22,22","0.000977039337158203","leiden","edit-xhwikibooks.graphml"
"0.36","0.54","0.1","0.538893515764426","1,1,1,2,3,4,5,4,4,6,7,8,4,4,4,4,9,10,11,12,13,1,14,4,4,4,4,15,16,17,18,19,20,21,11,11,22,4,13,13,13,13,1,1,1,1,13,1,1,1,13,13,13,13,13,1,1,1,1,13,23,13,13,24,25,13,13,13,13,13,1,13,26,27,13,13,13,13,13,13,13,28,29,30,31,32,13,13,13,13,33,34,35,13,13,13,36,13,13,13,13,13,13,13,13,13,13,37,38,13,13,13,13,11,11,11,11,11,11,11,11,22,22,22,22,22,22,22,22","0.00102901458740234","leiden","edit-xhwikibooks.graphml"
"0.35","0.55","0.1","0.537961532313922","1,1,1,2,3,4,5,4,4,6,7,8,4,4,4,4,9,10,11,12,13,1,14,4,4,4,4,15,16,17,18,19,20,21,11,11,22,4,13,13,13,13,1,1,1,1,13,1,1,1,13,13,13,13,13,1,1,1,1,13,23,13,13,24,25,13,13,13,13,13,1,13,26,27,13,13,13,13,13,13,13,28,29,30,31,32,13,13,13,13,33,34,35,13,13,13,36,13,13,13,13,13,13,13,13,13,13,37,38,13,13,13,13,11,11,11,11,11,11,11,11,22,22,22,22,22,22,22,22","0.0010221004486084","leiden","edit-xhwikibooks.graphml"
"0.34","0.56","0.1","0.541616589180918","1,1,1,2,3,4,5,4,4,6,7,8,4,4,4,4,9,10,11,12,13,1,14,4,4,4,4,15,16,17,18,19,20,21,11,11,22,4,13,13,13,13,1,1,1,1,13,1,1,1,13,13,13,13,13,1,1,1,1,13,23,13,13,24,25,13,13,13,13,13,1,13,26,27,13,13,13,13,13,13,13,28,29,30,31,32,13,13,13,13,33,34,35,13,13,13,36,13,13,13,13,13,13,13,13,13,13,37,38,13,13,13,13,11,11,11,11,11,11,11,11,22,22,22,22,22,22,22,22","0.00106596946716309","leiden","edit-xhwikibooks.graphml"
"0.33","0.57","0.1","0.540689397652221","1,1,1,2,3,4,5,4,4,6,7,8,4,4,4,4,9,10,11,12,13,1,14,4,4,4,4,15,16,17,18,19,20,21,11,11,22,4,13,13,13,13,1,1,1,1,13,1,1,1,13,13,13,13,13,1,1,1,1,13,23,13,13,24,25,13,13,13,13,13,1,13,26,27,13,13,13,13,13,13,13,28,29,30,31,32,13,13,13,13,33,34,35,13,13,13,36,13,13,13,13,13,13,13,13,13,13,37,38,13,13,13,13,11,11,11,11,11,11,11,11,22,22,22,22,22,22,22,22","0.00102090835571289","leiden","edit-xhwikibooks.graphml"
"0.32","0.58","0.1","0.545773453179902","1,1,1,2,3,4,5,4,4,6,7,8,4,4,4,4,9,10,11,12,13,1,14,4,4,4,4,15,16,17,18,19,20,21,11,11,22,4,13,13,13,13,1,1,1,1,13,1,1,1,13,13,13,13,13,1,1,1,1,13,23,13,13,24,25,13,13,13,13,13,1,13,26,27,13,13,13,13,13,13,13,28,29,30,31,32,13,13,13,13,33,34,35,13,13,13,36,13,13,13,13,13,13,13,13,13,13,37,38,13,13,13,13,11,11,11,11,11,11,11,11,22,22,22,22,22,22,22,22","0.0010981559753418","leiden","edit-xhwikibooks.graphml"
"0.31","0.59","0.1","0.544853597674045","1,1,1,2,3,4,5,4,4,6,7,8,4,4,4,4,9,10,11,12,13,1,14,4,4,4,4,15,16,17,18,19,20,21,11,11,22,4,13,13,13,13,1,1,1,1,13,1,1,1,13,13,13,13,13,1,1,1,1,13,23,13,13,24,25,13,13,13,13,13,1,13,26,27,13,13,13,13,13,13,13,28,29,30,31,32,13,13,13,13,33,34,35,13,13,13,36,13,13,13,13,13,13,13,13,13,13,37,38,13,13,13,13,11,11,11,11,11,11,11,11,22,22,22,22,22,22,22,22","0.000948905944824219","leiden","edit-xhwikibooks.graphml"
"0.3","0.6","0.1","0.548191609977324","1,1,1,2,3,4,5,4,4,6,7,8,4,4,4,4,9,10,11,12,13,1,14,4,4,4,4,15,16,17,18,19,20,21,11,11,22,4,13,13,13,13,1,1,1,1,13,1,1,1,13,13,13,13,13,1,1,1,1,13,23,13,13,24,25,13,13,13,13,13,1,13,26,27,13,13,13,13,13,13,13,28,29,30,31,32,13,13,13,13,33,34,35,13,13,13,36,13,13,13,13,13,13,13,13,13,13,37,38,13,13,13,13,11,11,11,11,11,11,11,11,22,22,22,22,22,22,22,22","0.00112795829772949","leiden","edit-xhwikibooks.graphml"
"0.29","0.61","0.1","0.541043424253403","1,1,1,2,3,4,5,4,4,6,7,8,4,4,4,9,10,11,12,13,14,15,16,4,4,4,4,17,18,19,20,21,22,23,12,12,24,25,14,14,14,14,15,15,15,15,14,15,15,15,14,14,14,14,14,15,15,15,15,14,26,14,14,27,28,14,14,14,14,14,15,14,29,30,14,14,14,14,14,14,14,31,32,33,34,35,14,14,14,14,36,37,38,14,14,14,39,14,14,14,14,14,14,14,14,14,14,40,41,14,14,14,14,12,12,12,12,12,12,12,12,24,24,24,24,24,24,24,24","0.00114989280700684","leiden","edit-xhwikibooks.graphml"
"0.28","0.62","0.1","0.542956319681325","1,1,1,2,3,4,5,4,4,6,7,8,4,4,4,9,10,11,12,13,14,15,16,4,4,4,4,17,18,19,20,21,22,23,12,12,24,25,14,14,14,14,15,15,15,15,14,15,15,15,14,14,14,14,14,15,15,15,15,14,26,14,14,27,28,14,14,14,14,14,15,14,29,30,14,14,14,14,14,14,14,31,32,33,34,35,14,14,14,14,36,37,38,14,14,14,39,14,14,14,14,14,14,14,14,14,14,40,41,14,14,14,14,12,12,12,12,12,12,12,12,24,24,24,24,24,24,24,24","0.000917911529541016","leiden","edit-xhwikibooks.graphml"
"0.27","0.63","0.1","0.542030974988751","1,1,1,2,3,4,5,4,4,6,7,8,4,4,4,9,10,11,12,13,14,15,16,4,4,4,4,17,18,19,20,21,22,23,12,12,24,25,14,14,14,14,15,15,15,15,14,15,15,15,14,14,14,14,14,15,15,15,15,14,26,14,14,27,28,14,14,14,14,14,15,14,29,30,14,14,14,14,14,14,14,31,32,33,34,35,14,14,14,14,36,37,38,14,14,14,39,14,14,14,14,14,14,14,14,14,14,40,41,14,14,14,14,12,12,12,12,12,12,12,12,24,24,24,24,24,24,24,24","0.000902891159057617","leiden","edit-xhwikibooks.graphml"
"0.26","0.64","0.1","0.544022108843537","1,1,1,2,3,4,5,4,4,6,7,8,4,4,4,9,10,11,12,13,14,15,16,4,4,4,4,17,18,19,20,21,22,23,12,12,24,25,14,14,14,14,15,15,15,15,14,15,15,15,14,14,14,14,14,15,15,15,15,14,26,14,14,27,28,14,14,14,14,14,15,14,29,30,14,14,14,14,14,14,14,31,32,33,34,35,14,14,14,14,36,37,38,14,14,14,39,14,14,14,14,14,14,14,14,14,14,40,41,14,14,14,14,12,12,12,12,12,12,12,12,24,24,24,24,24,24,24,24","0.000936985015869141","leiden","edit-xhwikibooks.graphml"
"0.25","0.65","0.1","0.543099508578715","1,1,1,2,3,4,5,4,4,6,7,8,4,4,4,9,10,11,12,13,14,15,16,4,4,4,4,17,18,19,20,21,22,23,12,12,24,25,14,14,14,14,15,15,15,15,14,15,15,15,14,14,14,14,14,15,15,15,15,14,26,14,14,27,28,14,14,14,14,14,15,14,29,30,14,14,14,14,14,14,14,31,32,33,34,35,14,14,14,14,36,37,38,14,14,14,39,14,14,14,14,14,14,14,14,14,14,40,41,14,14,14,14,12,12,12,12,12,12,12,12,24,24,24,24,24,24,24,24","0.00100517272949219","leiden","edit-xhwikibooks.graphml"
"0.24","0.66","0.1","0.543099508578715","1,1,1,2,3,4,5,4,4,6,7,8,4,4,4,9,10,11,12,13,14,15,16,4,4,4,4,17,18,19,20,21,22,23,12,12,24,25,14,14,14,14,15,15,15,15,14,15,15,15,14,14,14,14,14,15,15,15,15,14,26,14,14,27,28,14,14,14,14,14,15,14,29,30,14,14,14,14,14,14,14,31,32,33,34,35,14,14,14,14,36,37,38,14,14,14,39,14,14,14,14,14,14,14,14,14,14,40,41,14,14,14,14,12,12,12,12,12,12,12,12,24,24,24,24,24,24,24,24","0.000952959060668945","leiden","edit-xhwikibooks.graphml"
"0.23","0.67","0.1","0.566558475717532","1,1,1,2,3,4,5,4,4,6,7,8,4,4,4,9,10,11,12,13,14,15,16,4,4,4,4,17,18,19,20,21,22,23,12,12,24,25,14,14,14,14,15,15,15,15,14,15,15,15,14,14,14,14,14,15,15,15,15,14,26,14,14,27,28,14,14,14,14,14,15,14,29,30,14,14,14,14,14,14,14,31,32,33,34,35,14,14,14,14,36,37,38,14,14,14,39,14,14,14,14,14,14,14,14,14,14,40,41,14,14,14,14,12,12,12,12,12,12,12,12,24,24,24,24,24,24,24,24","0.00104594230651855","leiden","edit-xhwikibooks.graphml"
"0.22","0.68","0.1","0.566558475717532","1,1,1,2,3,4,5,4,4,6,7,8,4,4,4,9,10,11,12,13,14,15,16,4,4,4,4,17,18,19,20,21,22,23,12,12,24,25,14,14,14,14,15,15,15,15,14,15,15,15,14,14,14,14,14,15,15,15,15,14,26,14,14,27,28,14,14,14,14,14,15,14,29,30,14,14,14,14,14,14,14,31,32,33,34,35,14,14,14,14,36,37,38,14,14,14,39,14,14,14,14,14,14,14,14,14,14,40,41,14,14,14,14,12,12,12,12,12,12,12,12,24,24,24,24,24,24,24,24","0.00100111961364746","leiden","edit-xhwikibooks.graphml"
"0.21","0.69","0.1","0.565654635045479","1,1,1,2,3,4,5,4,4,6,7,8,4,4,4,9,10,11,12,13,14,15,16,4,4,4,4,17,18,19,20,21,22,23,12,12,24,25,14,14,14,14,15,15,15,15,14,15,15,15,14,14,14,14,14,15,15,15,15,14,26,14,14,27,28,14,14,14,14,14,15,14,29,30,14,14,14,14,14,14,14,31,32,33,34,35,14,14,14,14,36,37,38,14,14,14,39,14,14,14,14,14,14,14,14,14,14,40,41,14,14,14,14,12,12,12,12,12,12,12,12,24,24,24,24,24,24,24,24","0.000985860824584961","leiden","edit-xhwikibooks.graphml"
"0.2","0.7","0.1","0.567369842163425","1,1,1,2,3,4,5,4,4,6,7,8,4,4,4,9,10,11,12,13,14,15,16,4,4,4,4,17,18,19,20,21,22,23,12,12,24,25,14,14,14,14,15,15,15,15,14,15,15,15,14,14,14,14,14,15,15,15,15,14,26,14,14,27,28,14,14,14,14,14,15,14,29,30,14,14,14,14,14,14,14,31,32,33,34,35,14,14,14,14,36,37,38,14,14,14,39,14,14,14,14,14,14,14,14,14,14,40,41,14,14,14,14,12,12,12,12,12,12,12,12,24,24,24,24,24,24,24,24","0.00108885765075684","leiden","edit-xhwikibooks.graphml"
"0.19","0.71","0.1","0.608851382161102","1,1,1,2,3,4,5,6,7,8,9,10,6,6,6,11,12,13,14,15,16,17,18,6,6,6,6,19,20,21,22,23,24,25,14,14,26,27,16,16,16,16,17,17,17,17,16,17,17,17,16,16,16,16,16,17,17,17,17,16,28,16,16,29,30,16,16,16,16,16,17,16,31,32,16,16,16,16,16,16,16,33,34,35,36,37,16,16,16,16,38,39,40,16,16,16,41,16,16,16,16,16,16,16,16,16,16,42,43,16,16,16,16,14,14,14,14,14,14,14,14,26,26,26,26,26,26,26,26","0.00105619430541992","leiden","edit-xhwikibooks.graphml"
"0.18","0.72","0.1","0.611593330760526","1,1,1,2,3,4,5,6,7,8,9,10,6,6,6,11,12,13,14,15,16,17,18,6,6,6,6,19,20,21,22,23,24,25,14,14,26,27,16,16,16,16,17,17,17,17,16,17,17,17,16,16,16,16,16,17,17,17,17,16,28,16,16,29,30,16,16,16,16,16,17,16,31,32,16,16,16,16,16,16,16,33,34,35,36,37,16,16,16,16,38,39,40,16,16,16,41,16,16,16,16,16,16,16,16,16,16,42,43,16,16,16,16,14,14,14,14,14,14,14,14,26,26,26,26,26,26,26,26","0.00115418434143066","leiden","edit-xhwikibooks.graphml"
"0.17","0.73","0.1","0.610565910037484","1,1,1,2,3,4,5,6,7,8,9,10,6,6,6,11,12,13,14,15,16,17,18,6,6,6,6,19,20,21,22,23,24,25,14,14,26,27,16,16,16,16,17,17,17,17,16,17,17,17,16,16,16,16,16,17,17,17,17,16,28,16,16,29,30,16,16,16,16,16,17,16,31,32,16,16,16,16,16,16,16,33,34,35,36,37,16,16,16,16,38,39,40,16,16,16,41,16,16,16,16,16,16,16,16,16,16,42,43,16,16,16,16,14,14,14,14,14,14,14,14,26,26,26,26,26,26,26,26","0.00118803977966309","leiden","edit-xhwikibooks.graphml"
"0.16","0.74","0.1","0.610565910037484","1,1,1,2,3,4,5,6,7,8,9,10,6,6,6,11,12,13,14,15,16,17,18,6,6,6,6,19,20,21,22,23,24,25,14,14,26,27,16,16,16,16,17,17,17,17,16,17,17,17,16,16,16,16,16,17,17,17,17,16,28,16,16,29,30,16,16,16,16,16,17,16,31,32,16,16,16,16,16,16,16,33,34,35,36,37,16,16,16,16,38,39,40,16,16,16,41,16,16,16,16,16,16,16,16,16,16,42,43,16,16,16,16,14,14,14,14,14,14,14,14,26,26,26,26,26,26,26,26","0.000978946685791016","leiden","edit-xhwikibooks.graphml"
"0.15","0.75","0.1","0.614334634220998","1,1,1,2,3,4,5,6,7,8,9,10,11,11,11,12,13,14,15,16,17,18,19,6,11,11,11,20,21,22,23,24,25,26,15,15,27,28,17,17,17,17,18,18,18,18,17,18,18,18,17,17,17,17,17,18,18,18,18,17,29,17,17,30,31,17,17,17,17,17,18,17,32,33,17,17,17,17,17,17,17,34,35,36,37,38,17,17,17,17,39,40,41,17,17,17,42,17,17,17,17,17,17,17,17,17,17,43,44,17,17,17,17,15,15,15,15,15,15,15,15,27,27,27,27,27,27,27,27","0.000863075256347656","leiden","edit-xhwikibooks.graphml"
"0.14","0.76","0.1","0.614334634220998","1,1,1,2,3,4,5,6,7,8,9,10,11,11,11,12,13,14,15,16,17,18,19,6,11,11,11,20,21,22,23,24,25,26,15,15,27,28,17,17,17,17,18,18,18,18,17,18,18,18,17,17,17,17,17,18,18,18,18,17,29,17,17,30,31,17,17,17,17,17,18,17,32,33,17,17,17,17,17,17,17,34,35,36,37,38,17,17,17,17,39,40,41,17,17,17,42,17,17,17,17,17,17,17,17,17,17,43,44,17,17,17,17,15,15,15,15,15,15,15,15,27,27,27,27,27,27,27,27","0.000941991806030273","leiden","edit-xhwikibooks.graphml"
"0.13","0.77","0.1","0.615941983008584","1,1,1,2,3,4,5,6,7,8,9,10,6,6,6,11,12,13,14,15,16,17,18,6,6,6,6,19,20,21,22,23,24,25,14,14,26,27,16,16,16,16,17,17,17,17,16,17,17,17,16,16,16,16,16,17,17,17,17,16,28,16,16,29,30,16,16,16,16,16,17,16,31,32,16,16,16,16,16,16,16,33,34,35,36,37,16,16,16,16,38,39,40,16,16,16,41,16,16,16,16,16,16,16,16,16,16,42,43,16,16,16,16,14,14,14,14,14,14,14,14,26,26,26,26,26,26,26,26","0.00102782249450684","leiden","edit-xhwikibooks.graphml"
"0.12","0.78","0.1","0.619504853825536","1,1,1,2,3,4,5,6,7,8,9,10,6,6,6,11,12,13,14,15,16,17,18,6,6,6,6,19,20,21,22,23,24,25,14,14,26,27,16,16,16,16,17,17,17,17,16,17,17,17,16,16,16,16,16,17,17,17,17,16,28,16,16,29,30,16,16,16,16,16,17,16,31,32,16,16,16,16,16,16,16,33,34,35,36,37,16,16,16,16,38,39,40,16,16,16,41,16,16,16,16,16,16,16,16,16,16,42,43,16,16,16,16,14,14,14,14,14,14,14,14,26,26,26,26,26,26,26,26","0.000970125198364258","leiden","edit-xhwikibooks.graphml"
"0.11","0.79","0.1","0.619504853825536","1,1,1,2,3,4,5,6,7,8,9,10,6,6,6,11,12,13,14,15,16,17,18,6,6,6,6,19,20,21,22,23,24,25,14,14,26,27,16,16,16,16,17,17,17,17,16,17,17,17,16,16,16,16,16,17,17,17,17,16,28,16,16,29,30,16,16,16,16,16,17,16,31,32,16,16,16,16,16,16,16,33,34,35,36,37,16,16,16,16,38,39,40,16,16,16,41,16,16,16,16,16,16,16,16,16,16,42,43,16,16,16,16,14,14,14,14,14,14,14,14,26,26,26,26,26,26,26,26","0.00096893310546875","leiden","edit-xhwikibooks.graphml"
"0.1","0.8","0.1","0.623347050754458","1,1,1,2,3,4,5,6,7,8,9,10,11,11,11,12,13,14,15,16,17,18,19,6,11,11,11,20,21,22,23,24,25,26,15,15,27,28,17,17,17,17,18,18,18,18,17,18,18,18,17,17,17,17,17,18,18,18,18,17,29,17,17,30,31,17,17,17,17,17,18,17,32,33,17,17,17,17,17,17,17,34,35,36,37,38,17,17,17,17,39,40,41,17,17,17,42,17,17,17,17,17,17,17,17,17,17,43,44,17,17,17,17,15,15,15,15,15,15,15,15,27,27,27,27,27,27,27,27","0.00102019309997559","leiden","edit-xhwikibooks.graphml"
"0.09","0.81","0.1","0.605915712220616","1,1,1,2,3,4,5,6,7,8,9,10,11,11,11,12,13,14,15,16,17,18,19,6,11,11,11,20,21,22,23,24,25,26,15,15,27,28,17,17,17,17,18,18,18,18,17,18,18,18,17,17,17,17,17,18,18,18,18,17,29,17,17,30,31,17,17,17,17,17,18,17,32,33,17,17,17,17,17,17,17,34,35,36,37,38,17,17,17,17,39,40,41,17,17,17,42,17,17,17,17,17,17,17,17,17,17,43,44,17,17,17,17,15,45,46,15,15,15,15,15,47,48,49,50,51,52,53,54","0.00126910209655762","leiden","edit-xhwikibooks.graphml"
"0.08","0.82","0.1","0.6048781757601","1,1,1,2,3,4,5,6,7,8,9,10,11,11,11,12,13,14,15,16,17,18,19,6,11,11,11,20,21,22,23,24,25,26,15,15,27,28,17,17,17,17,18,18,18,18,17,18,18,18,17,17,17,17,17,18,18,18,18,17,29,17,17,30,31,17,17,17,17,17,18,17,32,33,17,17,17,17,17,17,17,34,35,36,37,38,17,17,17,17,39,40,41,17,17,17,42,17,17,17,17,17,17,17,17,17,17,43,44,17,17,17,17,15,45,46,15,15,15,15,15,47,48,49,50,51,52,53,54","0.00110602378845215","leiden","edit-xhwikibooks.graphml"
"0.07","0.83","0.1","0.6048781757601","1,1,1,2,3,4,5,6,7,8,9,10,11,11,11,12,13,14,15,16,17,18,19,6,11,11,11,20,21,22,23,24,25,26,15,15,27,28,17,17,17,17,18,18,18,18,17,18,18,18,17,17,17,17,17,18,18,18,18,17,29,17,17,30,31,17,17,17,17,17,18,17,32,33,17,17,17,17,17,17,17,34,35,36,37,38,17,17,17,17,39,40,41,17,17,17,42,17,17,17,17,17,17,17,17,17,17,43,44,17,17,17,17,15,45,46,15,15,15,15,15,47,48,49,50,51,52,53,54","0.001007080078125","leiden","edit-xhwikibooks.graphml"
"0.06","0.84","0.1","0.60511736968229","1,1,1,2,3,4,5,6,7,8,9,10,11,11,11,12,13,14,15,16,17,18,19,6,11,11,11,20,21,22,23,24,25,26,15,15,27,28,17,17,17,17,18,18,18,18,17,18,18,18,17,17,17,17,17,18,18,18,18,17,29,17,17,30,31,17,17,17,17,17,18,17,32,33,17,17,17,17,17,17,17,34,35,36,37,38,17,17,17,17,39,40,41,17,17,17,42,17,17,17,17,17,17,17,17,17,17,43,44,17,17,17,17,15,45,46,15,15,15,15,15,47,48,49,50,51,52,53,54","0.00103592872619629","leiden","edit-xhwikibooks.graphml"
"0.05","0.85","0.1","0.606768146130428","1,1,1,2,3,4,5,6,7,8,9,10,11,11,11,12,13,14,15,16,17,18,19,6,11,11,11,20,21,22,23,24,25,26,15,15,27,28,17,17,17,17,18,18,18,18,17,18,18,18,17,17,17,17,17,18,18,18,18,17,29,17,17,30,31,17,17,17,17,17,18,17,32,33,17,17,17,17,17,17,17,34,35,36,37,38,17,17,17,17,39,40,41,17,17,17,42,17,17,17,17,17,17,17,17,17,17,43,44,17,17,17,17,15,45,46,15,15,15,15,15,47,48,49,50,51,52,53,54","0.00114989280700684","leiden","edit-xhwikibooks.graphml"
"0.04","0.86","0.1","0.608538925784702","1,1,1,2,3,4,5,6,7,8,9,10,11,11,11,12,13,14,15,16,17,18,19,6,11,11,11,20,21,22,23,24,25,26,15,15,27,28,17,17,17,17,18,18,18,18,17,18,18,18,17,17,17,17,17,18,18,18,18,17,29,17,17,30,31,17,17,17,17,17,18,17,32,33,17,17,17,17,17,17,17,34,35,36,37,38,17,17,17,17,39,40,41,17,17,17,42,17,17,17,17,17,17,17,17,17,17,43,44,17,17,17,17,15,45,46,15,15,15,15,15,47,48,49,50,51,52,53,54","0.00102806091308594","leiden","edit-xhwikibooks.graphml"
"0.03","0.87","0.1","0.608538925784702","1,1,1,2,3,4,5,6,7,8,9,10,11,11,11,12,13,14,15,16,17,18,19,6,11,11,11,20,21,22,23,24,25,26,15,15,27,28,17,17,17,17,18,18,18,18,17,18,18,18,17,17,17,17,17,18,18,18,18,17,29,17,17,30,31,17,17,17,17,17,18,17,32,33,17,17,17,17,17,17,17,34,35,36,37,38,17,17,17,17,39,40,41,17,17,17,42,17,17,17,17,17,17,17,17,17,17,43,44,17,17,17,17,15,45,46,15,15,15,15,15,47,48,49,50,51,52,53,54","0.00101590156555176","leiden","edit-xhwikibooks.graphml"
"0.02","0.88","0.1","0.607521309539513","1,1,1,2,3,4,5,6,7,8,9,10,11,11,11,12,13,14,15,16,17,18,19,6,11,11,11,20,21,22,23,24,25,26,15,15,27,28,17,17,17,17,18,18,18,18,17,18,18,18,17,17,17,17,17,18,18,18,18,17,29,17,17,30,31,17,17,17,17,17,18,17,32,33,17,17,17,17,17,17,17,34,35,36,37,38,17,17,17,17,39,40,41,17,17,17,42,17,17,17,17,17,17,17,17,17,17,43,44,17,17,17,17,15,45,46,15,15,15,15,15,47,48,49,50,51,52,53,54","0.00104498863220215","leiden","edit-xhwikibooks.graphml"
"0.01","0.89","0.1","0.610543466769485","1,1,1,2,3,4,5,6,7,8,9,10,11,11,11,12,13,14,15,16,17,18,19,6,11,11,11,20,21,22,23,24,25,26,15,15,27,28,17,17,17,17,18,18,18,18,17,18,18,18,17,17,17,17,17,18,18,18,18,17,29,17,17,30,31,17,17,17,17,17,18,17,32,33,17,17,17,17,17,17,17,34,35,36,37,38,17,17,17,17,39,40,41,17,17,17,42,17,17,17,17,17,17,17,17,17,17,43,44,17,17,17,17,15,45,46,15,15,15,15,15,47,48,49,50,51,52,53,54","0.00104594230651855","leiden","edit-xhwikibooks.graphml"
"0","0.9","0.1","0.612391724104949","1,1,1,1,1,2,3,1,4,5,6,7,8,8,8,9,10,11,12,13,14,15,16,1,8,8,8,17,1,18,19,20,21,22,12,12,23,24,14,14,14,14,15,15,15,15,14,15,15,15,14,14,14,14,14,15,15,15,15,14,25,14,14,26,27,14,14,14,14,14,15,14,28,29,14,14,14,14,14,14,14,30,31,32,33,34,14,14,14,14,35,36,37,14,14,14,38,14,14,14,14,14,14,14,14,14,14,39,40,14,14,14,14,12,41,42,12,12,12,12,12,43,44,45,46,47,48,49,50","0.00104403495788574","leiden","edit-xhwikibooks.graphml"
"0.89","0","0.11","0.462402205674427","1,2,1,1,1,3,1,3,3,3,1,1,3,3,3,4,3,1,5,1,6,2,3,3,3,3,3,4,2,3,1,5,1,1,5,5,3,3,6,6,6,6,2,2,2,2,6,2,2,2,6,6,6,6,6,2,2,2,2,6,3,6,6,3,3,6,6,6,6,6,2,6,3,3,6,6,6,6,6,6,6,3,4,4,4,2,6,6,6,6,3,1,5,6,6,6,4,6,6,6,6,6,6,6,6,6,6,1,1,6,6,6,6,5,5,5,5,5,5,5,5,3,3,3,3,3,3,3,3","0.000839948654174805","leiden","edit-xhwikibooks.graphml"
"0.88","0.01","0.11","0.46232561975681","1,2,1,3,1,3,1,4,3,3,1,1,4,4,4,3,3,1,5,1,6,2,4,4,4,4,4,3,2,3,1,5,1,1,5,5,4,4,6,6,6,6,2,2,2,2,6,2,2,2,6,6,6,6,6,2,2,2,2,6,4,6,6,4,4,6,6,6,6,6,2,6,4,4,6,6,6,6,6,6,6,4,3,3,3,2,6,6,6,6,3,1,5,6,6,6,3,6,6,6,6,6,6,6,6,6,6,1,1,6,6,6,6,5,5,5,5,5,5,5,5,4,4,4,4,4,4,4,4","0.000863075256347656","leiden","edit-xhwikibooks.graphml"
"0.87","0.02","0.11","0.462402205674427","1,2,1,1,1,3,1,3,3,3,1,1,3,3,3,4,3,1,5,1,6,2,3,3,3,3,3,4,2,3,1,5,1,1,5,5,3,3,6,6,6,6,2,2,2,2,6,2,2,2,6,6,6,6,6,2,2,2,2,6,3,6,6,3,3,6,6,6,6,6,2,6,3,3,6,6,6,6,6,6,6,3,4,4,4,2,6,6,6,6,3,1,5,6,6,6,4,6,6,6,6,6,6,6,6,6,6,1,1,6,6,6,6,5,5,5,5,5,5,5,5,3,3,3,3,3,3,3,3","0.000846147537231445","leiden","edit-xhwikibooks.graphml"
"0.86","0.03","0.11","0.461484795009644","1,2,1,3,1,3,1,4,3,3,1,1,4,4,4,3,3,1,5,1,6,2,4,4,4,4,4,3,2,3,1,5,1,1,5,5,4,4,6,6,6,6,2,2,2,2,6,2,2,2,6,6,6,6,6,2,2,2,2,6,4,6,6,4,4,6,6,6,6,6,2,6,4,4,6,6,6,6,6,6,6,4,3,3,3,2,6,6,6,6,3,1,5,6,6,6,3,6,6,6,6,6,6,6,6,6,6,1,1,6,6,6,6,5,5,5,5,5,5,5,5,4,4,4,4,4,4,4,4","0.000906944274902344","leiden","edit-xhwikibooks.graphml"
"0.85","0.04","0.11","0.461566873230188","1,2,1,1,1,3,1,3,3,3,1,1,3,3,3,4,3,1,5,1,6,2,3,3,3,3,3,4,2,3,1,5,1,1,5,5,3,3,6,6,6,6,2,2,2,2,6,2,2,2,6,6,6,6,6,2,2,2,2,6,3,6,6,3,3,6,6,6,6,6,2,6,3,3,6,6,6,6,6,6,6,3,4,4,4,2,6,6,6,6,3,1,5,6,6,6,4,6,6,6,6,6,6,6,6,6,6,1,1,6,6,6,6,5,5,5,5,5,5,5,5,3,3,3,3,3,3,3,3","0.000808000564575195","leiden","edit-xhwikibooks.graphml"
"0.84","0.05","0.11","0.460646689537679","1,3,1,2,1,2,1,4,2,2,1,1,4,4,4,2,2,1,5,1,6,3,4,4,4,4,4,2,3,2,1,5,1,1,5,5,4,4,6,6,6,6,3,3,3,3,6,3,3,3,6,6,6,6,6,3,3,3,3,6,4,6,6,4,4,6,6,6,6,6,3,6,4,4,6,6,6,6,6,6,6,4,2,2,2,3,6,6,6,6,2,1,5,6,6,6,2,6,6,6,6,6,6,6,6,6,6,1,1,6,6,6,6,5,5,5,5,5,5,5,5,4,4,4,4,4,4,4,4","0.00080418586730957","leiden","edit-xhwikibooks.graphml"
"0.83","0.06","0.11","0.460734206165838","1,2,1,1,1,3,1,3,3,3,1,1,3,3,3,4,3,1,5,1,6,2,3,3,3,3,3,4,2,3,1,5,1,1,5,5,3,3,6,6,6,6,2,2,2,2,6,2,2,2,6,6,6,6,6,2,2,2,2,6,3,6,6,3,3,6,6,6,6,6,2,6,3,3,6,6,6,6,6,6,6,3,4,4,4,2,6,6,6,6,3,1,5,6,6,6,4,6,6,6,6,6,6,6,6,6,6,1,1,6,6,6,6,5,5,5,5,5,5,5,5,3,3,3,3,3,3,3,3","0.000808000564575195","leiden","edit-xhwikibooks.graphml"
"0.82","0.07","0.11","0.459904195093628","1,2,1,1,1,3,1,3,3,3,1,1,3,3,3,4,3,1,5,1,6,2,3,3,3,3,3,4,2,3,1,5,1,1,5,5,3,3,6,6,6,6,2,2,2,2,6,2,2,2,6,6,6,6,6,2,2,2,2,6,3,6,6,3,3,6,6,6,6,6,2,6,3,3,6,6,6,6,6,6,6,3,4,4,4,2,6,6,6,6,3,1,5,6,6,6,4,6,6,6,6,6,6,6,6,6,6,1,1,6,6,6,6,5,5,5,5,5,5,5,5,3,3,3,3,3,3,3,3","0.0010368824005127","leiden","edit-xhwikibooks.graphml"
"0.81","0.08","0.11","0.46204118897929","1,2,1,1,1,3,1,3,3,3,1,1,3,3,3,4,3,1,5,1,6,2,3,3,3,3,3,4,2,3,1,5,1,1,5,5,3,3,6,6,6,6,2,2,2,2,6,2,2,2,6,6,6,6,6,2,2,2,2,6,3,6,6,3,3,6,6,6,6,6,2,6,3,3,6,6,6,6,6,6,6,3,4,4,4,2,6,6,6,6,3,1,5,6,6,6,4,6,6,6,6,6,6,6,6,6,6,1,1,6,6,6,6,5,5,5,5,5,5,5,5,3,3,3,3,3,3,3,3","0.000785112380981445","leiden","edit-xhwikibooks.graphml"
"0.8","0.09","0.11","0.461213762802708","1,2,1,1,1,3,1,3,3,3,1,1,3,3,3,4,3,1,5,1,6,2,3,3,3,3,3,4,2,3,1,5,1,1,5,5,3,3,6,6,6,6,2,2,2,2,6,2,2,2,6,6,6,6,6,2,2,2,2,6,3,6,6,3,3,6,6,6,6,6,2,6,3,3,6,6,6,6,6,6,6,3,4,4,4,2,6,6,6,6,3,1,5,6,6,6,4,6,6,6,6,6,6,6,6,6,6,1,1,6,6,6,6,5,5,5,5,5,5,5,5,3,3,3,3,3,3,3,3","0.000787973403930664","leiden","edit-xhwikibooks.graphml"
"0.79","0.1","0.11","0.461110248491854","1,3,1,2,1,2,1,4,2,2,1,1,4,4,4,2,2,1,5,1,6,3,4,4,4,4,4,2,3,2,1,5,1,1,5,5,4,4,6,6,6,6,3,3,3,3,6,3,3,3,6,6,6,6,6,3,3,3,3,6,4,6,6,4,4,6,6,6,6,6,3,6,4,4,6,6,6,6,6,6,6,4,2,2,2,3,6,6,6,6,2,1,5,6,6,6,2,6,6,6,6,6,6,6,6,6,6,1,1,6,6,6,6,5,5,5,5,5,5,5,5,4,4,4,4,4,4,4,4","0.000809907913208008","leiden","edit-xhwikibooks.graphml"
"0.78","0.11","0.11","0.4543968645667","1,2,1,1,1,3,1,3,3,3,1,1,3,3,3,3,3,1,1,1,4,2,3,3,3,3,3,3,2,3,1,1,1,1,5,5,3,3,4,4,4,4,2,2,2,2,4,2,2,2,4,4,4,4,4,2,2,2,2,4,3,4,4,3,3,4,4,4,4,4,2,4,3,3,4,4,4,4,4,4,4,3,3,3,3,2,4,4,4,4,3,1,1,4,4,4,3,4,4,4,4,4,4,4,4,4,4,1,1,4,4,4,4,5,5,5,5,5,5,5,5,3,3,3,3,3,3,3,3","0.000783205032348633","leiden","edit-xhwikibooks.graphml"
"0.77","0.12","0.11","0.44766825336978","1,2,1,1,1,3,1,3,3,3,1,1,3,3,3,4,3,1,1,1,5,2,3,3,3,3,3,4,2,3,1,1,1,1,6,6,3,3,5,5,5,5,2,2,2,2,5,2,2,2,5,5,5,5,5,2,2,2,2,5,7,5,5,3,3,5,5,5,5,5,2,5,3,3,5,5,5,5,5,5,5,3,4,4,4,8,5,5,5,5,9,10,11,5,5,5,4,5,5,5,5,5,5,5,5,5,5,1,1,5,5,5,5,6,6,6,6,6,6,6,6,3,3,3,3,3,3,3,3","0.000863790512084961","leiden","edit-xhwikibooks.graphml"
"0.76","0.13","0.11","0.446848489467605","1,2,1,1,1,3,1,3,3,3,1,1,3,3,3,3,3,1,1,1,4,2,3,3,3,3,3,3,2,3,1,1,1,1,5,5,3,3,4,4,4,4,2,2,2,2,4,2,2,2,4,4,4,4,4,2,2,2,2,4,6,4,4,3,3,4,4,4,4,4,2,4,3,3,4,4,4,4,4,4,4,3,3,3,3,7,4,4,4,4,8,9,10,4,4,4,3,4,4,4,4,4,4,4,4,4,4,1,1,4,4,4,4,5,5,5,5,5,5,5,5,3,3,3,3,3,3,3,3","0.000888824462890625","leiden","edit-xhwikibooks.graphml"
"0.75","0.14","0.11","0.44635895150936","1,2,1,1,3,1,3,4,1,1,3,3,4,4,4,1,1,3,3,3,5,2,4,4,4,4,4,1,2,1,3,3,3,3,6,6,4,4,5,5,5,5,2,2,2,2,5,2,2,2,5,5,5,5,5,2,2,2,2,5,7,5,5,4,4,5,5,5,5,5,2,5,4,4,5,5,5,5,5,5,5,4,1,1,1,8,5,5,5,5,9,10,11,5,5,5,1,5,5,5,5,5,5,5,5,5,5,3,3,5,5,5,5,6,6,6,6,6,6,6,6,4,4,4,4,4,4,4,4","0.000910043716430664","leiden","edit-xhwikibooks.graphml"
"0.74","0.15","0.11","0.450403337647929","1,2,1,1,1,3,1,3,3,3,1,1,3,3,3,4,3,1,1,1,5,2,3,3,3,3,3,4,2,3,1,1,1,1,6,6,3,3,5,5,5,5,2,2,2,2,5,2,2,2,5,5,5,5,5,2,2,2,2,5,7,5,5,3,3,5,5,5,5,5,2,5,3,3,5,5,5,5,5,5,5,3,4,4,4,8,5,5,5,5,9,10,11,5,5,5,4,5,5,5,5,5,5,5,5,5,5,1,1,5,5,5,5,6,6,6,6,6,6,6,6,3,3,3,3,3,3,3,3","0.000858068466186523","leiden","edit-xhwikibooks.graphml"
"0.73","0.16","0.11","0.452581819436537","1,2,1,1,1,3,1,3,3,3,1,1,3,3,3,4,3,1,1,1,5,2,3,3,3,3,3,4,2,3,1,1,1,1,6,6,3,3,5,5,5,5,2,2,2,2,5,2,2,2,5,5,5,5,5,2,2,2,2,5,7,5,5,3,3,5,5,5,5,5,2,5,3,3,5,5,5,5,5,5,5,3,4,4,4,8,5,5,5,5,9,10,11,5,5,5,4,5,5,5,5,5,5,5,5,5,5,1,1,5,5,5,5,6,6,6,6,6,6,6,6,3,3,3,3,3,3,3,3","0.000948905944824219","leiden","edit-xhwikibooks.graphml"
"0.72","0.17","0.11","0.453956174776858","1,2,1,1,1,3,1,3,3,3,1,1,3,3,3,4,3,1,1,1,5,2,3,3,3,3,3,4,2,3,1,1,1,1,6,6,3,3,5,5,5,5,2,2,2,2,5,2,2,2,5,5,5,5,5,2,2,2,2,5,7,5,5,3,3,5,5,5,5,5,2,5,3,3,5,5,5,5,5,5,5,3,4,4,4,8,5,5,5,5,9,10,11,5,5,5,4,5,5,5,5,5,5,5,5,5,5,1,1,5,5,5,5,6,6,6,6,6,6,6,6,3,3,3,3,3,3,3,3","0.000829935073852539","leiden","edit-xhwikibooks.graphml"
"0.71","0.18","0.11","0.496589836712517","1,2,1,1,1,3,1,3,3,3,1,1,3,3,3,4,3,1,1,1,5,2,3,3,3,3,3,4,2,3,1,1,1,1,6,6,3,3,5,5,5,5,2,2,2,2,5,2,2,2,5,5,5,5,5,2,2,2,2,5,7,5,5,3,3,5,5,5,5,5,2,5,3,3,5,5,5,5,5,5,5,3,4,4,4,8,5,5,5,5,9,10,11,5,5,5,4,5,5,5,5,5,5,5,5,5,5,1,1,5,5,5,5,6,6,6,6,6,6,6,6,3,3,3,3,3,3,3,3","0.000828981399536133","leiden","edit-xhwikibooks.graphml"
"0.7","0.19","0.11","0.495644444444444","1,2,1,1,1,3,1,3,3,3,1,1,3,3,3,4,3,1,1,1,5,2,3,3,3,3,3,4,2,3,1,1,1,1,6,6,3,3,5,5,5,5,2,2,2,2,5,2,2,2,5,5,5,5,5,2,2,2,2,5,7,5,5,3,3,5,5,5,5,5,2,5,3,3,5,5,5,5,5,5,5,3,4,4,4,8,5,5,5,5,9,10,11,5,5,5,4,5,5,5,5,5,5,5,5,5,5,1,1,5,5,5,5,6,6,6,6,6,6,6,6,3,3,3,3,3,3,3,3","0.000842094421386719","leiden","edit-xhwikibooks.graphml"
"0.69","0.2","0.11","0.49984169310978","1,2,1,3,1,3,1,4,3,3,1,1,4,4,4,3,3,1,1,1,5,2,4,4,4,4,4,3,2,3,1,1,1,1,6,6,4,4,5,5,5,5,2,2,2,2,5,2,2,2,5,5,5,5,5,2,2,2,2,5,7,5,5,4,4,5,5,5,5,5,2,5,4,4,5,5,5,5,5,5,5,4,3,3,3,8,5,5,5,5,9,10,11,5,5,5,3,5,5,5,5,5,5,5,5,5,5,1,1,5,5,5,5,6,6,6,6,6,6,6,6,4,4,4,4,4,4,4,4","0.000854015350341797","leiden","edit-xhwikibooks.graphml"
"0.68","0.21","0.11","0.498894207888917","1,2,1,3,1,3,1,4,3,3,1,1,4,4,4,3,3,1,1,1,5,2,4,4,4,4,4,3,2,3,1,1,1,1,6,6,4,4,5,5,5,5,2,2,2,2,5,2,2,2,5,5,5,5,5,2,2,2,2,5,7,5,5,4,4,5,5,5,5,5,2,5,4,4,5,5,5,5,5,5,5,4,3,3,3,8,5,5,5,5,9,10,11,5,5,5,3,5,5,5,5,5,5,5,5,5,5,1,1,5,5,5,5,6,6,6,6,6,6,6,6,4,4,4,4,4,4,4,4","0.00102400779724121","leiden","edit-xhwikibooks.graphml"
"0.67","0.22","0.11","0.49622526015099","1,2,1,1,1,1,1,3,1,1,1,1,3,3,3,1,1,1,1,1,5,2,3,3,3,3,3,1,2,1,1,1,1,1,4,4,3,3,5,5,5,5,2,2,2,2,5,2,2,2,5,5,5,5,5,2,2,2,2,5,6,5,5,3,3,5,5,5,5,5,2,5,3,3,5,5,5,5,5,5,5,3,1,1,1,7,5,5,5,5,8,9,10,5,5,5,1,5,5,5,5,5,5,5,5,5,5,1,1,5,5,5,5,4,4,4,4,4,4,4,4,3,3,3,3,3,3,3,3","0.000844001770019531","leiden","edit-xhwikibooks.graphml"
"0.66","0.23","0.11","0.482114682249818","1,2,1,1,1,3,1,3,3,3,1,1,3,3,3,3,4,1,1,1,5,2,3,3,3,3,3,3,2,6,7,1,1,1,8,8,3,3,5,5,5,5,2,2,2,2,5,2,2,2,5,5,5,5,5,2,2,2,2,5,9,5,5,10,11,5,5,5,5,5,2,5,3,3,5,5,5,5,5,5,5,12,3,3,3,13,5,5,5,5,14,15,16,5,5,5,17,5,5,5,5,5,5,5,5,5,5,18,19,5,5,5,5,8,8,8,8,8,8,8,8,3,3,3,3,3,3,3,3","0.000895023345947266","leiden","edit-xhwikibooks.graphml"
"0.65","0.24","0.11","0.484314266824565","1,3,1,1,1,2,1,2,2,2,1,1,2,2,2,2,4,1,1,1,5,3,2,2,2,2,2,2,3,6,7,1,1,1,8,8,2,2,5,5,5,5,3,3,3,3,5,3,3,3,5,5,5,5,5,3,3,3,3,5,9,5,5,10,11,5,5,5,5,5,3,5,2,2,5,5,5,5,5,5,5,12,2,2,2,13,5,5,5,5,14,15,16,5,5,5,17,5,5,5,5,5,5,5,5,5,5,18,19,5,5,5,5,8,8,8,8,8,8,8,8,2,2,2,2,2,2,2,2","0.000917911529541016","leiden","edit-xhwikibooks.graphml"
"0.64","0.25","0.11","0.489848888888889","1,2,1,1,1,3,1,3,3,3,1,1,3,3,3,4,5,1,1,1,6,2,3,3,3,3,3,4,2,7,8,1,1,1,9,9,3,3,6,6,6,6,2,2,2,2,6,2,2,2,6,6,6,6,6,2,2,2,2,6,10,6,6,11,12,6,6,6,6,6,2,6,3,3,6,6,6,6,6,6,6,13,4,4,4,14,6,6,6,6,15,16,17,6,6,6,18,6,6,6,6,6,6,6,6,6,6,19,20,6,6,6,6,9,9,9,9,9,9,9,9,3,3,3,3,3,3,3,3","0.000924110412597656","leiden","edit-xhwikibooks.graphml"
"0.63","0.26","0.11","0.489848888888889","1,2,1,1,1,3,1,3,3,3,1,1,3,3,3,4,5,1,1,1,6,2,3,3,3,3,3,4,2,7,8,1,1,1,9,9,3,3,6,6,6,6,2,2,2,2,6,2,2,2,6,6,6,6,6,2,2,2,2,6,10,6,6,11,12,6,6,6,6,6,2,6,3,3,6,6,6,6,6,6,6,13,4,4,4,14,6,6,6,6,15,16,17,6,6,6,18,6,6,6,6,6,6,6,6,6,6,19,20,6,6,6,6,9,9,9,9,9,9,9,9,3,3,3,3,3,3,3,3","0.00094914436340332","leiden","edit-xhwikibooks.graphml"
"0.62","0.27","0.11","0.489603555555556","1,2,1,1,1,1,1,3,1,1,1,1,3,3,3,1,4,1,1,1,5,2,3,3,3,3,3,1,2,6,7,1,1,1,8,8,3,3,5,5,5,5,2,2,2,2,5,2,2,2,5,5,5,5,5,2,2,2,2,5,9,5,5,10,11,5,5,5,5,5,2,5,3,3,5,5,5,5,5,5,5,12,1,1,1,13,5,5,5,5,14,15,16,5,5,5,17,5,5,5,5,5,5,5,5,5,5,18,19,5,5,5,5,8,8,8,8,8,8,8,8,3,3,3,3,3,3,3,3","0.000897884368896484","leiden","edit-xhwikibooks.graphml"
"0.61","0.28","0.11","0.491314228623293","1,2,1,1,1,3,1,3,3,3,1,1,3,3,3,4,5,1,1,1,6,2,3,3,3,3,3,4,2,7,8,1,1,1,9,9,3,3,6,6,6,6,2,2,2,2,6,2,2,2,6,6,6,6,6,2,2,2,2,6,10,6,6,11,12,6,6,6,6,6,2,6,3,3,6,6,6,6,6,6,6,13,4,4,4,14,6,6,6,6,15,16,17,6,6,6,18,6,6,6,6,6,6,6,6,6,6,19,20,6,6,6,6,9,9,9,9,9,9,9,9,3,3,3,3,3,3,3,3","0.00102114677429199","leiden","edit-xhwikibooks.graphml"
"0.6","0.29","0.11","0.496451667086588","1,2,1,1,1,3,1,3,3,3,1,1,3,3,3,4,5,1,1,1,6,2,3,3,3,3,3,4,2,7,8,1,1,1,9,9,3,3,6,6,6,6,2,2,2,2,6,2,2,2,6,6,6,6,6,2,2,2,2,6,10,6,6,11,12,6,6,6,6,6,2,6,3,3,6,6,6,6,6,6,6,13,4,4,4,14,6,6,6,6,15,16,17,6,6,6,18,6,6,6,6,6,6,6,6,6,6,19,20,6,6,6,6,9,9,9,9,9,9,9,9,3,3,3,3,3,3,3,3","0.000910043716430664","leiden","edit-xhwikibooks.graphml"
"0.59","0.3","0.11","0.497392659279779","1,2,1,1,1,1,1,3,1,1,1,1,3,3,3,1,4,1,1,1,5,2,3,3,3,3,3,1,2,6,7,1,1,1,8,8,3,3,5,5,5,5,2,2,2,2,5,2,2,2,5,5,5,5,5,2,2,2,2,5,9,5,5,10,11,5,5,5,5,5,2,5,3,3,5,5,5,5,5,5,5,12,1,1,1,13,5,5,5,5,14,15,16,5,5,5,17,5,5,5,5,5,5,5,5,5,5,18,19,5,5,5,5,8,8,8,8,8,8,8,8,3,3,3,3,3,3,3,3","0.000900983810424805","leiden","edit-xhwikibooks.graphml"
"0.58","0.31","0.11","0.499906999814","1,2,1,1,1,3,1,3,3,3,1,1,3,3,3,4,5,1,1,1,6,2,3,3,3,3,3,4,2,7,8,1,1,1,9,9,3,3,6,6,6,6,2,2,2,2,6,2,2,2,6,6,6,6,6,2,2,2,2,6,10,6,6,11,12,6,6,6,6,6,2,6,3,3,6,6,6,6,6,6,6,13,4,4,4,14,6,6,6,6,15,16,17,6,6,6,18,6,6,6,6,6,6,6,6,6,6,19,20,6,6,6,6,9,9,9,9,9,9,9,9,3,3,3,3,3,3,3,3","0.000870943069458008","leiden","edit-xhwikibooks.graphml"
"0.57","0.32","0.11","0.498516350977221","1,2,1,1,1,1,1,3,1,1,1,1,3,3,3,1,4,1,1,1,5,2,3,3,3,3,3,1,2,6,7,1,1,1,8,8,3,3,5,5,5,5,2,2,2,2,5,2,2,2,5,5,5,5,5,2,2,2,2,5,9,5,5,10,11,5,5,5,5,5,2,5,3,3,5,5,5,5,5,5,5,12,1,1,1,13,5,5,5,5,14,15,16,5,5,5,17,5,5,5,5,5,5,5,5,5,5,18,19,5,5,5,5,8,8,8,8,8,8,8,8,3,3,3,3,3,3,3,3","0.00090789794921875","leiden","edit-xhwikibooks.graphml"
"0.56","0.33","0.11","0.457877042399958","1,2,1,1,1,1,1,3,1,1,1,1,3,3,3,1,4,1,1,1,5,2,3,3,3,3,3,1,2,6,7,1,1,1,8,8,3,3,5,5,5,5,2,2,2,2,5,2,2,2,5,5,5,5,5,2,2,2,2,5,9,5,5,10,11,5,5,5,5,5,2,5,3,3,5,5,5,5,5,5,5,12,1,1,1,13,5,5,5,5,14,15,16,5,5,5,17,5,5,5,5,5,5,5,5,5,5,18,19,5,5,5,5,8,8,8,8,8,8,8,8,3,3,3,3,3,3,3,3","0.000932931900024414","leiden","edit-xhwikibooks.graphml"
"0.55","0.34","0.11","0.46162525661152","1,1,1,2,3,2,4,2,2,2,4,5,2,2,2,2,6,7,4,8,9,1,10,2,2,2,2,2,1,11,12,13,8,14,4,4,15,2,9,9,9,9,1,1,1,1,9,1,1,1,9,9,9,9,9,1,1,1,1,9,16,9,9,17,18,9,9,9,9,9,1,9,19,20,9,9,9,9,9,9,9,21,22,23,24,25,9,9,9,9,26,27,28,9,9,9,29,9,9,9,9,9,9,9,9,9,9,30,31,9,9,9,9,4,4,4,4,4,4,4,4,15,15,15,15,15,15,15,15","0.00124192237854004","leiden","edit-xhwikibooks.graphml"
"0.54","0.35","0.11","0.461142223161454","1,1,1,2,3,2,4,2,2,2,4,5,2,2,2,2,6,7,4,8,9,1,10,2,2,2,2,2,1,11,12,13,8,14,4,4,2,2,9,9,9,9,1,1,1,1,9,1,1,1,9,9,9,9,9,1,1,1,1,9,15,9,9,16,17,9,9,9,9,9,1,9,18,19,9,9,9,9,9,9,9,20,21,22,23,24,9,9,9,9,25,26,27,9,9,9,28,9,9,9,9,9,9,9,9,9,9,29,30,9,9,9,9,4,4,4,4,4,4,4,4,2,2,2,2,2,2,2,2","0.000926971435546875","leiden","edit-xhwikibooks.graphml"
"0.53","0.36","0.11","0.460675548883468","1,1,1,2,3,2,4,2,2,2,4,5,2,2,2,2,6,7,4,8,9,1,10,2,2,2,2,2,1,11,12,13,8,14,4,4,15,2,9,9,9,9,1,1,1,1,9,1,1,1,9,9,9,9,9,1,1,1,1,9,16,9,9,17,18,9,9,9,9,9,1,9,19,20,9,9,9,9,9,9,9,21,22,23,24,25,9,9,9,9,26,27,28,9,9,9,29,9,9,9,9,9,9,9,9,9,9,30,31,9,9,9,9,4,4,4,4,4,4,4,4,15,15,15,15,15,15,15,15","0.000992059707641602","leiden","edit-xhwikibooks.graphml"
"0.52","0.37","0.11","0.460675548883468","1,1,1,2,3,2,4,2,2,2,4,5,2,2,2,2,6,7,4,8,9,1,10,2,2,2,2,2,1,11,12,13,8,14,4,4,15,2,9,9,9,9,1,1,1,1,9,1,1,1,9,9,9,9,9,1,1,1,1,9,16,9,9,17,18,9,9,9,9,9,1,9,19,20,9,9,9,9,9,9,9,21,22,23,24,25,9,9,9,9,26,27,28,9,9,9,29,9,9,9,9,9,9,9,9,9,9,30,31,9,9,9,9,4,4,4,4,4,4,4,4,15,15,15,15,15,15,15,15","0.000952959060668945","leiden","edit-xhwikibooks.graphml"
"0.51","0.38","0.11","0.462164690509247","1,1,1,2,3,2,4,2,2,2,4,5,2,2,2,2,6,7,4,8,9,1,10,2,2,2,2,2,1,11,12,13,8,14,4,4,15,2,9,9,9,9,1,1,1,1,9,1,1,1,9,9,9,9,9,1,1,1,1,9,16,9,9,17,18,9,9,9,9,9,1,9,19,20,9,9,9,9,9,9,9,21,22,23,24,25,9,9,9,9,26,27,28,9,9,9,29,9,9,9,9,9,9,9,9,9,9,30,31,9,9,9,9,4,4,4,4,4,4,4,4,15,15,15,15,15,15,15,15","0.00101709365844727","leiden","edit-xhwikibooks.graphml"
"0.5","0.39","0.11","0.464566841918715","1,1,1,2,3,2,4,2,2,2,4,5,2,2,2,2,6,7,4,8,9,1,10,2,2,2,2,2,1,11,12,13,8,14,4,4,15,2,9,9,9,9,1,1,1,1,9,1,1,1,9,9,9,9,9,1,1,1,1,9,16,9,9,17,18,9,9,9,9,9,1,9,19,20,9,9,9,9,9,9,9,21,22,23,24,25,9,9,9,9,26,27,28,9,9,9,29,9,9,9,9,9,9,9,9,9,9,30,31,9,9,9,9,4,4,4,4,4,4,4,4,15,15,15,15,15,15,15,15","0.00102710723876953","leiden","edit-xhwikibooks.graphml"
"0.49","0.4","0.11","0.468258004519002","1,1,1,2,3,2,4,2,2,2,4,5,2,2,2,2,6,7,4,8,9,1,10,2,2,2,2,2,1,11,12,13,8,14,4,4,15,2,9,9,9,9,1,1,1,1,9,1,1,1,9,9,9,9,9,1,1,1,1,9,16,9,9,17,18,9,9,9,9,9,1,9,19,20,9,9,9,9,9,9,9,21,22,23,24,25,9,9,9,9,26,27,28,9,9,9,29,9,9,9,9,9,9,9,9,9,9,30,31,9,9,9,9,4,4,4,4,4,4,4,4,15,15,15,15,15,15,15,15","0.00118613243103027","leiden","edit-xhwikibooks.graphml"
"0.48","0.41","0.11","0.468258004519002","1,1,1,2,4,2,5,2,2,2,5,6,2,2,2,2,7,8,5,9,10,1,11,2,2,2,2,2,1,12,13,14,9,15,5,5,3,2,10,10,10,10,1,1,1,1,10,1,1,1,10,10,10,10,10,1,1,1,1,10,16,10,10,17,18,10,10,10,10,10,1,10,19,20,10,10,10,10,10,10,10,21,22,23,24,25,10,10,10,10,26,27,28,10,10,10,29,10,10,10,10,10,10,10,10,10,10,30,31,10,10,10,10,5,5,5,5,5,5,5,5,3,3,3,3,3,3,3,3","0.00100421905517578","leiden","edit-xhwikibooks.graphml"
"0.47","0.42","0.11","0.467319198751301","1,1,1,2,4,2,5,2,2,2,5,6,2,2,2,2,7,8,5,9,10,1,11,2,2,2,2,2,1,12,13,14,9,15,5,5,3,2,10,10,10,10,1,1,1,1,10,1,1,1,10,10,10,10,10,1,1,1,1,10,16,10,10,17,18,10,10,10,10,10,1,10,19,20,10,10,10,10,10,10,10,21,22,23,24,25,10,10,10,10,26,27,28,10,10,10,29,10,10,10,10,10,10,10,10,10,10,30,31,10,10,10,10,5,5,5,5,5,5,5,5,3,3,3,3,3,3,3,3","0.0010068416595459","leiden","edit-xhwikibooks.graphml"
"0.46","0.43","0.11","0.471120849895622","1,1,1,2,3,2,4,5,2,2,4,6,5,5,5,2,7,8,4,9,10,1,11,5,5,5,5,2,1,12,13,14,9,15,4,4,5,5,10,10,10,10,1,1,1,1,10,1,1,1,10,10,10,10,10,1,1,1,1,10,16,10,10,17,18,10,10,10,10,10,1,10,19,20,10,10,10,10,10,10,10,21,22,23,24,25,10,10,10,10,26,27,28,10,10,10,29,10,10,10,10,10,10,10,10,10,10,30,31,10,10,10,10,4,4,4,4,4,4,4,4,5,5,5,5,5,5,5,5","0.000958919525146484","leiden","edit-xhwikibooks.graphml"
"0.45","0.44","0.11","0.470929777777778","1,1,1,2,3,2,4,2,2,2,4,5,2,2,2,2,6,7,4,8,9,1,10,2,2,2,2,2,1,11,12,13,8,14,4,4,15,2,9,9,9,9,1,1,1,1,9,1,1,1,9,9,9,9,9,1,1,1,1,9,16,9,9,17,18,9,9,9,9,9,1,9,19,20,9,9,9,9,9,9,9,21,22,23,24,25,9,9,9,9,26,27,28,9,9,9,29,9,9,9,9,9,9,9,9,9,9,30,31,9,9,9,9,4,4,4,4,4,4,4,4,15,15,15,15,15,15,15,15","0.00100994110107422","leiden","edit-xhwikibooks.graphml"
"0.44","0.45","0.11","0.468325516886385","1,1,1,2,3,2,4,5,2,2,6,7,5,5,5,2,8,9,10,11,12,1,13,5,5,5,5,2,1,14,15,16,17,18,10,10,5,5,12,12,12,12,1,1,1,1,12,1,1,1,12,12,12,12,12,1,1,1,1,12,19,12,12,20,21,12,12,12,12,12,1,12,22,23,12,12,12,12,12,12,12,24,25,26,27,28,12,12,12,12,29,30,31,12,12,12,32,12,12,12,12,12,12,12,12,12,12,33,34,12,12,12,12,10,10,10,10,10,10,10,10,5,5,5,5,5,5,5,5","0.00101613998413086","leiden","edit-xhwikibooks.graphml"
"0.43","0.46","0.11","0.467395555555556","1,1,1,2,3,2,4,5,2,2,6,7,5,5,5,2,8,9,10,11,12,1,13,5,5,5,5,2,1,14,15,16,17,18,10,10,5,5,12,12,12,12,1,1,1,1,12,1,1,1,12,12,12,12,12,1,1,1,1,12,19,12,12,20,21,12,12,12,12,12,1,12,22,23,12,12,12,12,12,12,12,24,25,26,27,28,12,12,12,12,29,30,31,12,12,12,32,12,12,12,12,12,12,12,12,12,12,33,34,12,12,12,12,10,10,10,10,10,10,10,10,5,5,5,5,5,5,5,5","0.00108194351196289","leiden","edit-xhwikibooks.graphml"
"0.42","0.47","0.11","0.470818950882752","1,1,1,2,3,2,4,2,2,2,5,6,2,2,2,2,7,8,9,10,11,1,12,2,2,2,2,2,1,13,14,15,16,17,9,9,18,2,11,11,11,11,1,1,1,1,11,1,1,1,11,11,11,11,11,1,1,1,1,11,19,11,11,20,21,11,11,11,11,11,1,11,22,23,11,11,11,11,11,11,11,24,25,26,27,28,11,11,11,11,29,30,31,11,11,11,32,11,11,11,11,11,11,11,11,11,11,33,34,11,11,11,11,9,9,9,9,9,9,9,9,18,18,18,18,18,18,18,18","0.00104188919067383","leiden","edit-xhwikibooks.graphml"
"0.41","0.48","0.11","0.469886511549367","1,1,1,2,3,2,4,2,2,2,5,6,2,2,2,2,7,8,9,10,11,1,12,2,2,2,2,2,1,13,14,15,16,17,9,9,18,2,11,11,11,11,1,1,1,1,11,1,1,1,11,11,11,11,11,1,1,1,1,11,19,11,11,20,21,11,11,11,11,11,1,11,22,23,11,11,11,11,11,11,11,24,25,26,27,28,11,11,11,11,29,30,31,11,11,11,32,11,11,11,11,11,11,11,11,11,11,33,34,11,11,11,11,9,9,9,9,9,9,9,9,18,18,18,18,18,18,18,18","0.00103902816772461","leiden","edit-xhwikibooks.graphml"
"0.4","0.49","0.11","0.468788917110512","1,1,1,2,3,2,4,5,2,2,6,7,5,5,5,2,8,9,10,11,12,1,13,5,5,5,5,2,1,14,15,16,17,18,10,10,5,5,12,12,12,12,1,1,1,1,12,1,1,1,12,12,12,12,12,1,1,1,1,12,19,12,12,20,21,12,12,12,12,12,1,12,22,23,12,12,12,12,12,12,12,24,25,26,27,28,12,12,12,12,29,30,31,12,12,12,32,12,12,12,12,12,12,12,12,12,12,33,34,12,12,12,12,10,10,10,10,10,10,10,10,5,5,5,5,5,5,5,5","0.000936031341552734","leiden","edit-xhwikibooks.graphml"
"0.39","0.5","0.11","0.552916039621751","1,1,1,2,3,2,4,5,2,2,6,7,5,5,5,2,8,9,10,11,12,1,13,5,5,5,5,2,1,14,15,16,17,18,10,10,19,5,12,12,12,12,1,1,1,1,12,1,1,1,12,12,12,12,12,1,1,1,1,12,20,12,12,21,22,12,12,12,12,12,1,12,23,24,12,12,12,12,12,12,12,25,26,27,28,29,12,12,12,12,30,31,32,12,12,12,33,12,12,12,12,12,12,12,12,12,12,34,35,12,12,12,12,10,10,10,10,10,10,10,10,19,19,19,19,19,19,19,19","0.000944137573242188","leiden","edit-xhwikibooks.graphml"
"0.38","0.51","0.11","0.552916039621751","1,1,1,2,3,2,4,5,2,2,6,7,5,5,5,2,8,9,10,11,12,1,13,5,5,5,5,2,1,14,15,16,17,18,10,10,19,5,12,12,12,12,1,1,1,1,12,1,1,1,12,12,12,12,12,1,1,1,1,12,20,12,12,21,22,12,12,12,12,12,1,12,23,24,12,12,12,12,12,12,12,25,26,27,28,29,12,12,12,12,30,31,32,12,12,12,33,12,12,12,12,12,12,12,12,12,12,34,35,12,12,12,12,10,10,10,10,10,10,10,10,19,19,19,19,19,19,19,19","0.000949859619140625","leiden","edit-xhwikibooks.graphml"
"0.37","0.52","0.11","0.552837425035376","1,1,1,2,3,2,4,5,2,2,6,7,5,5,5,2,8,9,10,11,12,1,13,5,5,5,5,2,1,14,15,16,17,18,10,10,5,5,12,12,12,12,1,1,1,1,12,1,1,1,12,12,12,12,12,1,1,1,1,12,19,12,12,20,21,12,12,12,12,12,1,12,22,23,12,12,12,12,12,12,12,24,25,26,27,28,12,12,12,12,29,30,31,12,12,12,32,12,12,12,12,12,12,12,12,12,12,33,34,12,12,12,12,10,10,10,10,10,10,10,10,5,5,5,5,5,5,5,5","0.00105500221252441","leiden","edit-xhwikibooks.graphml"
"0.36","0.53","0.11","0.551947979366117","1,1,1,2,3,2,4,5,2,2,6,7,5,5,5,2,8,9,10,11,12,1,13,5,5,5,5,2,1,14,15,16,17,18,10,10,5,5,12,12,12,12,1,1,1,1,12,1,1,1,12,12,12,12,12,1,1,1,1,12,19,12,12,20,21,12,12,12,12,12,1,12,22,23,12,12,12,12,12,12,12,24,25,26,27,28,12,12,12,12,29,30,31,12,12,12,32,12,12,12,12,12,12,12,12,12,12,33,34,12,12,12,12,10,10,10,10,10,10,10,10,5,5,5,5,5,5,5,5","0.000919103622436523","leiden","edit-xhwikibooks.graphml"
"0.35","0.54","0.11","0.553691816482734","1,1,1,2,3,2,4,5,2,2,7,8,5,5,5,2,9,10,11,12,13,1,14,5,5,5,5,2,1,15,16,17,18,19,11,11,6,5,13,13,13,13,1,1,1,1,13,1,1,1,13,13,13,13,13,1,1,1,1,13,20,13,13,21,22,13,13,13,13,13,1,13,23,24,13,13,13,13,13,13,13,25,26,27,28,29,13,13,13,13,30,31,32,13,13,13,33,13,13,13,13,13,13,13,13,13,13,34,35,13,13,13,13,11,11,11,11,11,11,11,11,6,6,6,6,6,6,6,6","0.000944137573242188","leiden","edit-xhwikibooks.graphml"
"0.34","0.55","0.11","0.544292713078913","1,1,1,2,3,2,4,5,2,2,6,7,5,5,5,2,8,9,10,11,12,1,13,5,5,5,5,2,1,14,15,16,17,18,10,10,19,5,12,12,12,12,1,1,1,1,12,1,1,1,12,12,12,12,12,1,1,1,1,12,20,12,12,21,22,12,12,12,12,12,1,12,23,24,12,12,12,12,12,12,12,25,26,27,28,29,12,12,12,12,30,31,32,12,12,12,33,12,12,12,12,12,12,12,12,12,12,34,35,12,12,12,12,10,10,10,10,10,10,10,10,19,19,19,19,19,19,19,19","0.000957012176513672","leiden","edit-xhwikibooks.graphml"
"0.33","0.56","0.11","0.539639198114308","1,1,1,2,3,4,5,4,4,6,7,8,4,4,4,4,9,10,11,12,13,1,14,4,4,4,4,15,16,17,18,19,20,21,11,11,22,4,13,13,13,13,1,1,1,1,13,1,1,1,13,13,13,13,13,1,1,1,1,13,23,13,13,24,25,13,13,13,13,13,1,13,26,27,13,13,13,13,13,13,13,28,29,30,31,32,13,13,13,13,33,34,35,13,13,13,36,13,13,13,13,13,13,13,13,13,13,37,38,13,13,13,13,11,11,11,11,11,11,11,11,22,22,22,22,22,22,22,22","0.000960111618041992","leiden","edit-xhwikibooks.graphml"
"0.32","0.57","0.11","0.538719698069386","1,1,1,2,3,4,5,4,4,6,7,8,4,4,4,4,9,10,11,12,13,1,14,4,4,4,4,15,16,17,18,19,20,21,11,11,22,4,13,13,13,13,1,1,1,1,13,1,1,1,13,13,13,13,13,1,1,1,1,13,23,13,13,24,25,13,13,13,13,13,1,13,26,27,13,13,13,13,13,13,13,28,29,30,31,32,13,13,13,13,33,34,35,13,13,13,36,13,13,13,13,13,13,13,13,13,13,37,38,13,13,13,13,11,11,11,11,11,11,11,11,22,22,22,22,22,22,22,22","0.00112700462341309","leiden","edit-xhwikibooks.graphml"
"0.31","0.58","0.11","0.543800508230122","1,1,1,2,3,4,5,4,4,6,7,8,4,4,4,4,9,10,11,12,13,1,14,4,4,4,4,15,16,17,18,19,20,21,11,11,22,4,13,13,13,13,1,1,1,1,13,1,1,1,13,13,13,13,13,1,1,1,1,13,23,13,13,24,25,13,13,13,13,13,1,13,26,27,13,13,13,13,13,13,13,28,29,30,31,32,13,13,13,13,33,34,35,13,13,13,36,13,13,13,13,13,13,13,13,13,13,37,38,13,13,13,13,11,11,11,11,11,11,11,11,22,22,22,22,22,22,22,22","0.00117611885070801","leiden","edit-xhwikibooks.graphml"
"0.3","0.59","0.11","0.542888226884103","1,1,1,2,3,4,5,4,4,6,7,8,4,4,4,4,9,10,11,12,13,1,14,4,4,4,4,15,16,17,18,19,20,21,11,11,22,4,13,13,13,13,1,1,1,1,13,1,1,1,13,13,13,13,13,1,1,1,1,13,23,13,13,24,25,13,13,13,13,13,1,13,26,27,13,13,13,13,13,13,13,28,29,30,31,32,13,13,13,13,33,34,35,13,13,13,36,13,13,13,13,13,13,13,13,13,13,37,38,13,13,13,13,11,11,11,11,11,11,11,11,22,22,22,22,22,22,22,22","0.00101399421691895","leiden","edit-xhwikibooks.graphml"
"0.29","0.6","0.11","0.546228017219492","1,1,1,2,3,4,5,4,4,6,7,8,4,4,4,4,9,10,11,12,13,1,14,4,4,4,4,15,16,17,18,19,20,21,11,11,22,4,13,13,13,13,1,1,1,1,13,1,1,1,13,13,13,13,13,1,1,1,1,13,23,13,13,24,25,13,13,13,13,13,1,13,26,27,13,13,13,13,13,13,13,28,29,30,31,32,13,13,13,13,33,34,35,13,13,13,36,13,13,13,13,13,13,13,13,13,13,37,38,13,13,13,13,11,11,11,11,11,11,11,11,22,22,22,22,22,22,22,22","0.00108599662780762","leiden","edit-xhwikibooks.graphml"
"0.28","0.61","0.11","0.54532130904517","1,1,1,2,3,4,5,4,4,6,7,8,4,4,4,4,9,10,11,12,13,1,14,4,4,4,4,15,16,17,18,19,20,21,11,11,22,4,13,13,13,13,1,1,1,1,13,1,1,1,13,13,13,13,13,1,1,1,1,13,23,13,13,24,25,13,13,13,13,13,1,13,26,27,13,13,13,13,13,13,13,28,29,30,31,32,13,13,13,13,33,34,35,13,13,13,36,13,13,13,13,13,13,13,13,13,13,37,38,13,13,13,13,11,11,11,11,11,11,11,11,22,22,22,22,22,22,22,22","0.0010528564453125","leiden","edit-xhwikibooks.graphml"
"0.27","0.62","0.11","0.549010579277195","1,1,1,2,3,4,5,4,4,6,7,8,4,4,4,4,9,10,11,12,13,1,14,4,4,4,4,15,16,17,18,19,20,21,11,11,22,4,13,13,13,13,1,1,1,1,13,1,1,1,13,13,13,13,13,1,1,1,1,13,23,13,13,24,25,13,13,13,13,13,1,13,26,27,13,13,13,13,13,13,13,28,29,30,31,32,13,13,13,13,33,34,35,13,13,13,36,13,13,13,13,13,13,13,13,13,13,37,38,13,13,13,13,11,11,11,11,11,11,11,11,22,22,22,22,22,22,22,22","0.00109410285949707","leiden","edit-xhwikibooks.graphml"
"0.26","0.63","0.11","0.549811988252048","1,1,1,2,3,4,5,4,4,6,7,8,4,4,4,4,9,10,11,12,13,1,14,4,4,4,4,15,16,17,18,19,20,21,11,11,22,4,13,13,13,13,1,1,1,1,13,1,1,1,13,13,13,13,13,1,1,1,1,13,23,13,13,24,25,13,13,13,13,13,1,13,26,27,13,13,13,13,13,13,13,28,29,30,31,32,13,13,13,13,33,34,35,13,13,13,36,13,13,13,13,13,13,13,13,13,13,37,38,13,13,13,13,11,11,11,11,11,11,11,11,22,22,22,22,22,22,22,22","0.00119996070861816","leiden","edit-xhwikibooks.graphml"
"0.25","0.64","0.11","0.549811988252048","1,1,1,2,3,4,5,4,4,6,7,8,4,4,4,4,9,10,11,12,13,1,14,4,4,4,4,15,16,17,18,19,20,21,11,11,22,4,13,13,13,13,1,1,1,1,13,1,1,1,13,13,13,13,13,1,1,1,1,13,23,13,13,24,25,13,13,13,13,13,1,13,26,27,13,13,13,13,13,13,13,28,29,30,31,32,13,13,13,13,33,34,35,13,13,13,36,13,13,13,13,13,13,13,13,13,13,37,38,13,13,13,13,11,11,11,11,11,11,11,11,22,22,22,22,22,22,22,22","0.00107789039611816","leiden","edit-xhwikibooks.graphml"
"0.24","0.65","0.11","0.548905190311419","1,1,1,2,3,4,5,4,4,6,7,8,4,4,4,4,9,10,11,12,13,1,14,4,4,4,4,15,16,17,18,19,20,21,11,11,22,4,13,13,13,13,1,1,1,1,13,1,1,1,13,13,13,13,13,1,1,1,1,13,23,13,13,24,25,13,13,13,13,13,1,13,26,27,13,13,13,13,13,13,13,28,29,30,31,32,13,13,13,13,33,34,35,13,13,13,36,13,13,13,13,13,13,13,13,13,13,37,38,13,13,13,13,11,11,11,11,11,11,11,11,22,22,22,22,22,22,22,22","0.00101685523986816","leiden","edit-xhwikibooks.graphml"
"0.23","0.66","0.11","0.548905190311419","1,1,1,2,3,4,5,4,4,6,7,8,4,4,4,4,9,10,11,12,13,1,14,4,4,4,4,15,16,17,18,19,20,21,11,11,22,4,13,13,13,13,1,1,1,1,13,1,1,1,13,13,13,13,13,1,1,1,1,13,23,13,13,24,25,13,13,13,13,13,1,13,26,27,13,13,13,13,13,13,13,28,29,30,31,32,13,13,13,13,33,34,35,13,13,13,36,13,13,13,13,13,13,13,13,13,13,37,38,13,13,13,13,11,11,11,11,11,11,11,11,22,22,22,22,22,22,22,22","0.00102615356445312","leiden","edit-xhwikibooks.graphml"
"0.22","0.67","0.11","0.56774659761532","1,1,1,2,3,4,5,4,4,6,7,8,4,4,4,9,10,11,12,13,14,1,15,4,4,4,4,16,17,18,19,20,21,22,12,12,23,24,14,14,14,14,1,1,1,1,14,1,1,1,14,14,14,14,14,1,1,1,1,14,25,14,14,26,27,14,14,14,14,14,1,14,28,29,14,14,14,14,14,14,14,30,31,32,33,34,14,14,14,14,35,36,37,14,14,14,38,14,14,14,14,14,14,14,14,14,14,39,40,14,14,14,14,12,12,12,12,12,12,12,12,23,23,23,23,23,23,23,23","0.000970125198364258","leiden","edit-xhwikibooks.graphml"
"0.21","0.68","0.11","0.56774659761532","1,1,1,2,3,4,5,4,4,6,7,8,4,4,4,9,10,11,12,13,14,1,15,4,4,4,4,16,17,18,19,20,21,22,12,12,23,24,14,14,14,14,1,1,1,1,14,1,1,1,14,14,14,14,14,1,1,1,1,14,25,14,14,26,27,14,14,14,14,14,1,14,28,29,14,14,14,14,14,14,14,30,31,32,33,34,14,14,14,14,35,36,37,14,14,14,38,14,14,14,14,14,14,14,14,14,14,39,40,14,14,14,14,12,12,12,12,12,12,12,12,23,23,23,23,23,23,23,23","0.000951051712036133","leiden","edit-xhwikibooks.graphml"
"0.2","0.69","0.11","0.56685119159317","1,1,1,2,3,4,5,4,4,6,7,8,4,4,4,9,10,11,12,13,14,1,15,4,4,4,4,16,17,18,19,20,21,22,12,12,23,24,14,14,14,14,1,1,1,1,14,1,1,1,14,14,14,14,14,1,1,1,1,14,25,14,14,26,27,14,14,14,14,14,1,14,28,29,14,14,14,14,14,14,14,30,31,32,33,34,14,14,14,14,35,36,37,14,14,14,38,14,14,14,14,14,14,14,14,14,14,39,40,14,14,14,14,12,12,12,12,12,12,12,12,23,23,23,23,23,23,23,23","0.00104594230651855","leiden","edit-xhwikibooks.graphml"
"0.19","0.7","0.11","0.568422745834652","1,1,1,2,3,4,5,4,4,6,7,8,4,4,4,9,10,11,12,13,14,1,15,4,4,4,4,16,17,18,19,20,21,22,12,12,23,24,14,14,14,14,1,1,1,1,14,1,1,1,14,14,14,14,14,1,1,1,1,14,25,14,14,26,27,14,14,14,14,14,1,14,28,29,14,14,14,14,14,14,14,30,31,32,33,34,14,14,14,14,35,36,37,14,14,14,38,14,14,14,14,14,14,14,14,14,14,39,40,14,14,14,14,12,12,12,12,12,12,12,12,23,23,23,23,23,23,23,23","0.00112199783325195","leiden","edit-xhwikibooks.graphml"
"0.18","0.71","0.11","0.567530991735537","1,1,1,2,3,4,5,4,4,6,7,8,4,4,4,9,10,11,12,13,14,1,15,4,4,4,4,16,17,18,19,20,21,22,12,12,23,24,14,14,14,14,1,1,1,1,14,1,1,1,14,14,14,14,14,1,1,1,1,14,25,14,14,26,27,14,14,14,14,14,1,14,28,29,14,14,14,14,14,14,14,30,31,32,33,34,14,14,14,14,35,36,37,14,14,14,38,14,14,14,14,14,14,14,14,14,14,39,40,14,14,14,14,12,12,12,12,12,12,12,12,23,23,23,23,23,23,23,23","0.000946044921875","leiden","edit-xhwikibooks.graphml"
"0.17","0.72","0.11","0.570381441821421","1,1,1,2,3,4,5,4,4,6,7,8,4,4,4,9,10,11,12,13,14,1,15,4,4,4,4,16,17,18,19,20,21,22,12,12,23,24,14,14,14,14,1,1,1,1,14,1,1,1,14,14,14,14,14,1,1,1,1,14,25,14,14,26,27,14,14,14,14,14,1,14,28,29,14,14,14,14,14,14,14,30,31,32,33,34,14,14,14,14,35,36,37,14,14,14,38,14,14,14,14,14,14,14,14,14,14,39,40,14,14,14,14,12,12,12,12,12,12,12,12,23,23,23,23,23,23,23,23","0.000970125198364258","leiden","edit-xhwikibooks.graphml"
"0.16","0.73","0.11","0.569495895520487","1,1,1,2,3,4,5,4,4,6,7,8,4,4,4,9,10,11,12,13,14,1,15,4,4,4,4,16,17,18,19,20,21,22,12,12,23,24,14,14,14,14,1,1,1,1,14,1,1,1,14,14,14,14,14,1,1,1,1,14,25,14,14,26,27,14,14,14,14,14,1,14,28,29,14,14,14,14,14,14,14,30,31,32,33,34,14,14,14,14,35,36,37,14,14,14,38,14,14,14,14,14,14,14,14,14,14,39,40,14,14,14,14,12,12,12,12,12,12,12,12,23,23,23,23,23,23,23,23","0.00104689598083496","leiden","edit-xhwikibooks.graphml"
"0.15","0.74","0.11","0.569495895520487","1,1,1,2,3,4,5,4,4,6,7,8,4,4,4,9,10,11,12,13,14,1,15,4,4,4,4,16,17,18,19,20,21,22,12,12,23,24,14,14,14,14,1,1,1,1,14,1,1,1,14,14,14,14,14,1,1,1,1,14,25,14,14,26,27,14,14,14,14,14,1,14,28,29,14,14,14,14,14,14,14,30,31,32,33,34,14,14,14,14,35,36,37,14,14,14,38,14,14,14,14,14,14,14,14,14,14,39,40,14,14,14,14,12,12,12,12,12,12,12,12,23,23,23,23,23,23,23,23","0.00117301940917969","leiden","edit-xhwikibooks.graphml"
"0.14","0.75","0.11","0.573367566025555","1,1,1,2,3,4,5,4,4,6,7,8,4,4,4,9,10,11,12,13,14,1,15,4,4,4,4,16,17,18,19,20,21,22,12,12,23,24,14,14,14,14,1,1,1,1,14,1,1,1,14,14,14,14,14,1,1,1,1,14,25,14,14,26,27,14,14,14,14,14,1,14,28,29,14,14,14,14,14,14,14,30,31,32,33,34,14,14,14,14,35,36,37,14,14,14,38,14,14,14,14,14,14,14,14,14,14,39,40,14,14,14,14,12,12,12,12,12,12,12,12,23,23,23,23,23,23,23,23","0.00104689598083496","leiden","edit-xhwikibooks.graphml"
"0.13","0.76","0.11","0.573367566025555","1,1,1,2,3,4,5,4,4,6,7,8,4,4,4,9,10,11,12,13,14,1,15,4,4,4,4,16,17,18,19,20,21,22,12,12,23,24,14,14,14,14,1,1,1,1,14,1,1,1,14,14,14,14,14,1,1,1,1,14,25,14,14,26,27,14,14,14,14,14,1,14,28,29,14,14,14,14,14,14,14,30,31,32,33,34,14,14,14,14,35,36,37,14,14,14,38,14,14,14,14,14,14,14,14,14,14,39,40,14,14,14,14,12,12,12,12,12,12,12,12,23,23,23,23,23,23,23,23","0.000952005386352539","leiden","edit-xhwikibooks.graphml"
"0.12","0.77","0.11","0.574068235164583","1,1,1,2,3,1,4,1,5,6,7,8,5,5,5,9,10,11,12,13,14,15,16,1,5,5,5,17,18,19,20,21,22,23,12,12,24,25,14,14,14,14,15,15,15,15,14,15,15,15,14,14,14,14,14,15,15,15,15,14,26,14,14,27,28,14,14,14,14,14,15,14,29,30,14,14,14,14,14,14,14,31,32,33,34,35,14,14,14,14,36,37,38,14,14,14,39,14,14,14,14,14,14,14,14,14,14,40,41,14,14,14,14,12,12,12,12,12,12,12,12,24,24,24,24,24,24,24,24","0.000967025756835938","leiden","edit-xhwikibooks.graphml"
"0.11","0.78","0.11","0.577402543048469","1,1,1,2,3,4,5,6,7,8,9,10,6,6,6,11,12,13,14,15,16,17,18,6,6,6,6,19,20,21,22,23,24,25,14,14,26,27,16,16,16,16,17,17,17,17,16,17,17,17,16,16,16,16,16,17,17,17,17,16,28,16,16,29,30,16,16,16,16,16,17,16,31,32,16,16,16,16,16,16,16,33,34,35,36,37,16,16,16,16,38,39,40,16,16,16,41,16,16,16,16,16,16,16,16,16,16,42,43,16,16,16,16,14,14,14,14,14,14,14,14,26,26,26,26,26,26,26,26","0.000973939895629883","leiden","edit-xhwikibooks.graphml"
"0.1","0.79","0.11","0.577402543048469","1,1,1,2,3,4,5,6,7,8,9,10,6,6,6,11,12,13,14,15,16,17,18,6,6,6,6,19,20,21,22,23,24,25,14,14,26,27,16,16,16,16,17,17,17,17,16,17,17,17,16,16,16,16,16,17,17,17,17,16,28,16,16,29,30,16,16,16,16,16,17,16,31,32,16,16,16,16,16,16,16,33,34,35,36,37,16,16,16,16,38,39,40,16,16,16,41,16,16,16,16,16,16,16,16,16,16,42,43,16,16,16,16,14,14,14,14,14,14,14,14,26,26,26,26,26,26,26,26","0.000996828079223633","leiden","edit-xhwikibooks.graphml"
"0.09","0.8","0.11","0.579770994242899","1,1,1,2,3,4,5,6,7,8,9,10,6,6,6,11,12,13,14,15,16,17,18,6,6,6,6,19,20,21,22,23,24,25,14,14,26,27,16,16,16,16,17,17,17,17,16,17,17,17,16,16,16,16,16,17,17,17,17,16,28,16,16,29,30,16,16,16,16,16,17,16,31,32,16,16,16,16,16,16,16,33,34,35,36,37,16,16,16,16,38,39,40,16,16,16,41,16,16,16,16,16,16,16,16,16,16,42,43,16,16,16,16,14,14,14,14,14,14,14,14,26,26,26,26,26,26,26,26","0.00100398063659668","leiden","edit-xhwikibooks.graphml"
"0.08","0.81","0.11","0.579770994242899","1,1,1,2,3,4,5,6,7,8,9,10,6,6,6,11,12,13,14,15,16,17,18,6,6,6,6,19,20,21,22,23,24,25,14,14,26,27,16,16,16,16,17,17,17,17,16,17,17,17,16,16,16,16,16,17,17,17,17,16,28,16,16,29,30,16,16,16,16,16,17,16,31,32,16,16,16,16,16,16,16,33,34,35,36,37,16,16,16,16,38,39,40,16,16,16,41,16,16,16,16,16,16,16,16,16,16,42,43,16,16,16,16,14,14,14,14,14,14,14,14,26,26,26,26,26,26,26,26","0.000999927520751953","leiden","edit-xhwikibooks.graphml"
"0.07","0.82","0.11","0.578877555016054","1,1,1,2,3,4,5,6,7,8,9,10,6,6,6,11,12,13,14,15,16,17,18,6,6,6,6,19,20,21,22,23,24,25,14,14,26,27,16,16,16,16,17,17,17,17,16,17,17,17,16,16,16,16,16,17,17,17,17,16,28,16,16,29,30,16,16,16,16,16,17,16,31,32,16,16,16,16,16,16,16,33,34,35,36,37,16,16,16,16,38,39,40,16,16,16,41,16,16,16,16,16,16,16,16,16,16,42,43,16,16,16,16,14,14,14,14,14,14,14,14,26,26,26,26,26,26,26,26","0.00117111206054688","leiden","edit-xhwikibooks.graphml"
"0.06","0.83","0.11","0.578877555016054","1,1,1,2,3,4,5,6,7,8,9,10,6,6,6,11,12,13,14,15,16,17,18,6,6,6,6,19,20,21,22,23,24,25,14,14,26,27,16,16,16,16,17,17,17,17,16,17,17,17,16,16,16,16,16,17,17,17,17,16,28,16,16,29,30,16,16,16,16,16,17,16,31,32,16,16,16,16,16,16,16,33,34,35,36,37,16,16,16,16,38,39,40,16,16,16,41,16,16,16,16,16,16,16,16,16,16,42,43,16,16,16,16,14,14,14,14,14,14,14,14,26,26,26,26,26,26,26,26","0.0197172164916992","leiden","edit-xhwikibooks.graphml"
"0.05","0.84","0.11","0.579270896000311","1,1,1,2,3,4,5,6,7,8,9,10,6,6,6,11,12,13,14,15,16,17,18,6,6,6,6,19,20,21,22,23,24,25,14,14,26,27,16,16,16,16,17,17,17,17,16,17,17,17,16,16,16,16,16,17,17,17,17,16,28,16,16,29,30,16,16,16,16,16,17,16,31,32,16,16,16,16,16,16,16,33,34,35,36,37,16,16,16,16,38,39,40,16,16,16,41,16,16,16,16,16,16,16,16,16,16,42,43,16,16,16,16,14,14,14,14,14,14,14,14,26,26,26,26,26,26,26,26","0.00115489959716797","leiden","edit-xhwikibooks.graphml"
"0.04","0.85","0.11","0.580857384373867","1,1,1,2,3,4,5,6,7,8,9,10,6,6,6,11,12,13,14,15,16,17,18,6,6,6,6,19,20,21,22,23,24,25,14,14,26,27,16,16,16,16,17,17,17,17,16,17,17,17,16,16,16,16,16,17,17,17,17,16,28,16,16,29,30,16,16,16,16,16,17,16,31,32,16,16,16,16,16,16,16,33,34,35,36,37,16,16,16,16,38,39,40,16,16,16,41,16,16,16,16,16,16,16,16,16,16,42,43,16,16,16,16,14,14,14,14,14,14,14,14,26,26,26,26,26,26,26,26","0.000982046127319336","leiden","edit-xhwikibooks.graphml"
"0.03","0.86","0.11","0.582654793005473","1,1,1,2,3,4,5,6,7,8,9,10,6,6,6,11,12,13,14,15,16,17,18,6,6,6,6,19,20,21,22,23,24,25,14,14,26,27,16,16,16,16,17,17,17,17,16,17,17,17,16,16,16,16,16,17,17,17,17,16,28,16,16,29,30,16,16,16,16,16,17,16,31,32,16,16,16,16,16,16,16,33,34,35,36,37,16,16,16,16,38,39,40,16,16,16,41,16,16,16,16,16,16,16,16,16,16,42,43,16,16,16,16,14,14,14,14,14,14,14,14,26,26,26,26,26,26,26,26","0.000932216644287109","leiden","edit-xhwikibooks.graphml"
"0.02","0.87","0.11","0.582654793005473","1,1,1,2,3,4,5,6,7,8,9,10,6,6,6,11,12,13,14,15,16,17,18,6,6,6,6,19,20,21,22,23,24,25,14,14,26,27,16,16,16,16,17,17,17,17,16,17,17,17,16,16,16,16,16,17,17,17,17,16,28,16,16,29,30,16,16,16,16,16,17,16,31,32,16,16,16,16,16,16,16,33,34,35,36,37,16,16,16,16,38,39,40,16,16,16,41,16,16,16,16,16,16,16,16,16,16,42,43,16,16,16,16,14,14,14,14,14,14,14,14,26,26,26,26,26,26,26,26","0.000946998596191406","leiden","edit-xhwikibooks.graphml"
"0.01","0.88","0.11","0.581775290605228","1,1,1,2,3,4,5,6,7,8,9,10,6,6,6,11,12,13,14,15,16,17,18,6,6,6,6,19,20,21,22,23,24,25,14,14,26,27,16,16,16,16,17,17,17,17,16,17,17,17,16,16,16,16,16,17,17,17,17,16,28,16,16,29,30,16,16,16,16,16,17,16,31,32,16,16,16,16,16,16,16,33,34,35,36,37,16,16,16,16,38,39,40,16,16,16,41,16,16,16,16,16,16,16,16,16,16,42,43,16,16,16,16,14,14,14,14,14,14,14,14,26,26,26,26,26,26,26,26","0.000964164733886719","leiden","edit-xhwikibooks.graphml"
"0","0.89","0.11","0.569928752566115","1,1,1,1,1,2,3,1,4,5,6,7,8,8,8,9,10,11,12,13,14,15,16,1,8,8,8,17,1,18,19,20,21,22,12,12,23,24,14,14,14,14,15,15,15,15,14,15,15,15,14,14,14,14,14,15,15,15,15,14,25,14,14,26,27,14,14,14,14,14,15,14,28,29,14,14,14,14,14,14,14,30,31,32,33,34,14,14,14,14,35,36,37,14,14,14,38,14,14,14,14,14,14,14,14,14,14,39,40,14,14,14,14,12,41,42,12,12,12,12,12,43,44,45,46,47,48,49,50","0.0010380744934082","leiden","edit-xhwikibooks.graphml"
"0.88","0","0.12","0.462665406427221","1,2,1,3,1,3,1,4,3,3,1,1,4,4,4,3,3,1,5,1,6,2,4,4,4,4,4,3,2,3,1,5,1,1,5,5,4,4,6,6,6,6,2,2,2,2,6,2,2,2,6,6,6,6,6,2,2,2,2,6,4,6,6,4,4,6,6,6,6,6,2,6,4,4,6,6,6,6,6,6,6,4,3,3,3,2,6,6,6,6,3,1,5,6,6,6,3,6,6,6,6,6,6,6,6,6,6,1,1,6,6,6,6,5,5,5,5,5,5,5,5,4,4,4,4,4,4,4,4","0.000808954238891602","leiden","edit-xhwikibooks.graphml"
"0.87","0.01","0.12","0.462665406427221","1,2,1,3,1,3,1,4,3,3,1,1,4,4,4,3,3,1,5,1,6,2,4,4,4,4,4,3,2,3,1,5,1,1,5,5,4,4,6,6,6,6,2,2,2,2,6,2,2,2,6,6,6,6,6,2,2,2,2,6,4,6,6,4,4,6,6,6,6,6,2,6,4,4,6,6,6,6,6,6,6,4,3,3,3,2,6,6,6,6,3,1,5,6,6,6,3,6,6,6,6,6,6,6,6,6,6,1,1,6,6,6,6,5,5,5,5,5,5,5,5,4,4,4,4,4,4,4,4","0.000786066055297852","leiden","edit-xhwikibooks.graphml"
"0.86","0.02","0.12","0.462671240869098","1,2,1,1,1,3,1,3,3,3,1,1,3,3,3,4,3,1,5,1,6,2,3,3,3,3,3,4,2,3,1,5,1,1,5,5,3,3,6,6,6,6,2,2,2,2,6,2,2,2,6,6,6,6,6,2,2,2,2,6,3,6,6,3,3,6,6,6,6,6,2,6,3,3,6,6,6,6,6,6,6,3,4,4,4,2,6,6,6,6,3,1,5,6,6,6,4,6,6,6,6,6,6,6,6,6,6,1,1,6,6,6,6,5,5,5,5,5,5,5,5,3,3,3,3,3,3,3,3","0.000973939895629883","leiden","edit-xhwikibooks.graphml"
"0.85","0.03","0.12","0.461831905937001","1,3,1,2,1,2,1,4,2,2,1,1,4,4,4,2,2,1,5,1,6,3,4,4,4,4,4,2,3,2,1,5,1,1,5,5,4,4,6,6,6,6,3,3,3,3,6,3,3,3,6,6,6,6,6,3,3,3,3,6,4,6,6,4,4,6,6,6,6,6,3,6,4,4,6,6,6,6,6,6,6,4,2,2,2,3,6,6,6,6,2,1,5,6,6,6,2,6,6,6,6,6,6,6,6,6,6,1,1,6,6,6,6,5,5,5,5,5,5,5,5,4,4,4,4,4,4,4,4","0.000761985778808594","leiden","edit-xhwikibooks.graphml"
"0.84","0.04","0.12","0.461831905937001","1,3,1,2,1,2,1,4,2,2,1,1,4,4,4,2,2,1,5,1,6,3,4,4,4,4,4,2,3,2,1,5,1,1,5,5,4,4,6,6,6,6,3,3,3,3,6,3,3,3,6,6,6,6,6,3,3,3,3,6,4,6,6,4,4,6,6,6,6,6,3,6,4,4,6,6,6,6,6,6,6,4,2,2,2,3,6,6,6,6,2,1,5,6,6,6,2,6,6,6,6,6,6,6,6,6,6,1,1,6,6,6,6,5,5,5,5,5,5,5,5,4,4,4,4,4,4,4,4","0.000755071640014648","leiden","edit-xhwikibooks.graphml"
"0.83","0.05","0.12","0.461018398668639","1,2,1,1,1,3,1,3,3,3,1,1,3,3,3,4,3,1,5,1,6,2,3,3,3,3,3,4,2,3,1,5,1,1,5,5,3,3,6,6,6,6,2,2,2,2,6,2,2,2,6,6,6,6,6,2,2,2,2,6,3,6,6,3,3,6,6,6,6,6,2,6,3,3,6,6,6,6,6,6,6,3,4,4,4,2,6,6,6,6,3,1,5,6,6,6,4,6,6,6,6,6,6,6,6,6,6,1,1,6,6,6,6,5,5,5,5,5,5,5,5,3,3,3,3,3,3,3,3","0.000768899917602539","leiden","edit-xhwikibooks.graphml"
"0.82","0.06","0.12","0.461001063239645","1,2,1,3,1,3,1,4,3,3,1,1,4,4,4,3,3,1,5,1,6,2,4,4,4,4,4,3,2,3,1,5,1,1,5,5,4,4,6,6,6,6,2,2,2,2,6,2,2,2,6,6,6,6,6,2,2,2,2,6,4,6,6,4,4,6,6,6,6,6,2,6,4,4,6,6,6,6,6,6,6,4,3,3,3,2,6,6,6,6,3,1,5,6,6,6,3,6,6,6,6,6,6,6,6,6,6,1,1,6,6,6,6,5,5,5,5,5,5,5,5,4,4,4,4,4,4,4,4","0.000751972198486328","leiden","edit-xhwikibooks.graphml"
"0.81","0.07","0.12","0.460195872079315","1,2,1,1,1,3,1,3,3,3,1,1,3,3,3,4,3,1,5,1,6,2,3,3,3,3,3,4,2,3,1,5,1,1,5,5,3,3,6,6,6,6,2,2,2,2,6,2,2,2,6,6,6,6,6,2,2,2,2,6,3,6,6,3,3,6,6,6,6,6,2,6,3,3,6,6,6,6,6,6,6,3,4,4,4,2,6,6,6,6,3,1,5,6,6,6,4,6,6,6,6,6,6,6,6,6,6,1,1,6,6,6,6,5,5,5,5,5,5,5,5,3,3,3,3,3,3,3,3","0.000741958618164062","leiden","edit-xhwikibooks.graphml"
"0.8","0.08","0.12","0.46228337263341","1,3,1,2,1,2,1,4,2,2,1,1,4,4,4,2,2,1,5,1,6,3,4,4,4,4,4,2,3,2,1,5,1,1,5,5,4,4,6,6,6,6,3,3,3,3,6,3,3,3,6,6,6,6,6,3,3,3,3,6,4,6,6,4,4,6,6,6,6,6,3,6,4,4,6,6,6,6,6,6,6,4,2,2,2,3,6,6,6,6,2,1,5,6,6,6,2,6,6,6,6,6,6,6,6,6,6,1,1,6,6,6,6,5,5,5,5,5,5,5,5,4,4,4,4,4,4,4,4","0.000733852386474609","leiden","edit-xhwikibooks.graphml"
"0.79","0.09","0.12","0.459358760101646","1,3,1,2,1,2,1,4,2,2,1,1,4,4,4,2,2,1,5,1,6,3,4,4,4,4,4,2,3,2,1,5,1,1,5,5,4,4,6,6,6,6,3,3,3,3,6,3,3,3,6,6,6,6,6,3,3,3,3,6,4,6,6,4,4,6,6,6,6,6,3,6,4,4,6,6,6,6,6,6,6,4,2,2,2,3,6,6,6,6,2,1,5,6,6,6,2,6,6,6,6,6,6,6,6,6,6,1,1,6,6,6,6,5,5,5,5,5,5,5,5,4,4,4,4,4,4,4,4","0.00077509880065918","leiden","edit-xhwikibooks.graphml"
"0.78","0.1","0.12","0.459467503033356","1,2,1,1,1,3,1,3,3,3,1,1,3,3,3,4,3,1,5,1,6,2,3,3,3,3,3,4,2,3,1,5,1,1,5,5,3,3,6,6,6,6,2,2,2,2,6,2,2,2,6,6,6,6,6,2,2,2,2,6,3,6,6,3,3,6,6,6,6,6,2,6,3,3,6,6,6,6,6,6,6,3,4,4,4,2,6,6,6,6,3,1,5,6,6,6,4,6,6,6,6,6,6,6,6,6,6,1,1,6,6,6,6,5,5,5,5,5,5,5,5,3,3,3,3,3,3,3,3","0.000764131546020508","leiden","edit-xhwikibooks.graphml"
"0.77","0.11","0.12","0.458649700104237","1,2,1,1,1,3,1,3,3,3,1,1,3,3,3,4,3,1,5,1,6,2,3,3,3,3,3,4,2,3,1,5,1,1,5,5,3,3,6,6,6,6,2,2,2,2,6,2,2,2,6,6,6,6,6,2,2,2,2,6,3,6,6,3,3,6,6,6,6,6,2,6,3,3,6,6,6,6,6,6,6,3,4,4,4,2,6,6,6,6,3,1,5,6,6,6,4,6,6,6,6,6,6,6,6,6,6,1,1,6,6,6,6,5,5,5,5,5,5,5,5,3,3,3,3,3,3,3,3","0.000782966613769531","leiden","edit-xhwikibooks.graphml"
"0.76","0.12","0.12","0.462787955382784","1,2,1,1,1,3,1,3,3,3,1,1,3,3,3,4,3,1,5,1,6,2,3,3,3,3,3,4,2,3,1,5,1,1,5,5,3,3,6,6,6,6,2,2,2,2,6,2,2,2,6,6,6,6,6,2,2,2,2,6,3,6,6,3,3,6,6,6,6,6,2,6,3,3,6,6,6,6,6,6,6,3,4,4,4,2,6,6,6,6,3,1,5,6,6,6,4,6,6,6,6,6,6,6,6,6,6,1,1,6,6,6,6,5,5,5,5,5,5,5,5,3,3,3,3,3,3,3,3","0.000808954238891602","leiden","edit-xhwikibooks.graphml"
"0.75","0.13","0.12","0.453015208949704","1,2,1,1,1,3,1,3,3,3,1,1,3,3,3,4,3,1,5,1,6,2,3,3,3,3,3,4,2,3,1,5,1,1,5,5,3,3,6,6,6,6,2,2,2,2,6,2,2,2,6,6,6,6,6,2,2,2,2,6,7,6,6,3,3,6,6,6,6,6,2,6,3,3,6,6,6,6,6,6,6,3,4,4,4,8,6,6,6,6,9,10,11,6,6,6,4,6,6,6,6,6,6,6,6,6,6,1,1,6,6,6,6,5,5,5,5,5,5,5,5,3,3,3,3,3,3,3,3","0.000844001770019531","leiden","edit-xhwikibooks.graphml"
"0.74","0.14","0.12","0.452830297707101","1,2,1,1,1,1,1,3,1,1,1,1,3,3,3,1,1,1,4,1,5,2,3,3,3,3,3,1,2,1,1,4,1,1,4,4,3,3,5,5,5,5,2,2,2,2,5,2,2,2,5,5,5,5,5,2,2,2,2,5,6,5,5,3,3,5,5,5,5,5,2,5,3,3,5,5,5,5,5,5,5,3,1,1,1,7,5,5,5,5,8,9,10,5,5,5,1,5,5,5,5,5,5,5,5,5,5,1,1,5,5,5,5,4,4,4,4,4,4,4,4,3,3,3,3,3,3,3,3","0.000902891159057617","leiden","edit-xhwikibooks.graphml"
"0.73","0.15","0.12","0.456320025518196","1,2,1,1,1,1,1,3,1,1,1,1,3,3,3,1,1,1,4,1,5,2,3,3,3,3,3,1,2,1,1,4,1,1,4,4,3,3,5,5,5,5,2,2,2,2,5,2,2,2,5,5,5,5,5,2,2,2,2,5,6,5,5,3,3,5,5,5,5,5,2,5,3,3,5,5,5,5,5,5,5,3,1,1,1,7,5,5,5,5,8,9,10,5,5,5,1,5,5,5,5,5,5,5,5,5,5,1,1,5,5,5,5,4,4,4,4,4,4,4,4,3,3,3,3,3,3,3,3","0.000879049301147461","leiden","edit-xhwikibooks.graphml"
"0.72","0.16","0.12","0.458458049886621","1,2,1,1,1,1,1,3,1,1,1,1,3,3,3,1,1,1,4,1,5,2,3,3,3,3,3,1,2,1,1,4,1,1,4,4,3,3,5,5,5,5,2,2,2,2,5,2,2,2,5,5,5,5,5,2,2,2,2,5,6,5,5,3,3,5,5,5,5,5,2,5,3,3,5,5,5,5,5,5,5,3,1,1,1,7,5,5,5,5,8,9,10,5,5,5,1,5,5,5,5,5,5,5,5,5,5,1,1,5,5,5,5,4,4,4,4,4,4,4,4,3,3,3,3,3,3,3,3","0.00108218193054199","leiden","edit-xhwikibooks.graphml"
"0.71","0.17","0.12","0.459760562431212","1,2,1,1,1,1,1,3,1,1,1,1,3,3,3,1,1,1,4,1,5,2,3,3,3,3,3,1,2,1,1,4,1,1,4,4,3,3,5,5,5,5,2,2,2,2,5,2,2,2,5,5,5,5,5,2,2,2,2,5,6,5,5,3,3,5,5,5,5,5,2,5,3,3,5,5,5,5,5,5,5,3,1,1,1,7,5,5,5,5,8,9,10,5,5,5,1,5,5,5,5,5,5,5,5,5,5,1,1,5,5,5,5,4,4,4,4,4,4,4,4,3,3,3,3,3,3,3,3","0.000828981399536133","leiden","edit-xhwikibooks.graphml"
"0.7","0.18","0.12","0.461859173191601","1,2,1,1,1,1,1,3,1,1,1,1,3,3,3,1,1,1,4,1,5,2,3,3,3,3,3,1,2,1,1,4,1,1,4,4,3,3,5,5,5,5,2,2,2,2,5,2,2,2,5,5,5,5,5,2,2,2,2,5,6,5,5,3,3,5,5,5,5,5,2,5,3,3,5,5,5,5,5,5,5,3,1,1,1,7,5,5,5,5,8,9,10,5,5,5,1,5,5,5,5,5,5,5,5,5,5,1,1,5,5,5,5,4,4,4,4,4,4,4,4,3,3,3,3,3,3,3,3","0.000957012176513672","leiden","edit-xhwikibooks.graphml"
"0.69","0.19","0.12","0.461045968316127","1,2,1,1,1,1,1,3,1,1,1,1,3,3,3,1,1,1,4,1,5,2,3,3,3,3,3,1,2,1,1,4,1,1,4,4,3,3,5,5,5,5,2,2,2,2,5,2,2,2,5,5,5,5,5,2,2,2,2,5,6,5,5,3,3,5,5,5,5,5,2,5,3,3,5,5,5,5,5,5,5,3,1,1,1,7,5,5,5,5,8,9,10,5,5,5,1,5,5,5,5,5,5,5,5,5,5,1,1,5,5,5,5,4,4,4,4,4,4,4,4,3,3,3,3,3,3,3,3","0.000809907913208008","leiden","edit-xhwikibooks.graphml"
"0.68","0.2","0.12","0.465246093147303","1,2,1,1,1,1,1,3,1,1,1,1,3,3,3,1,1,1,4,1,5,2,3,3,3,3,3,1,2,1,1,4,1,1,4,4,3,3,5,5,5,5,2,2,2,2,5,2,2,2,5,5,5,5,5,2,2,2,2,5,6,5,5,3,3,5,5,5,5,5,2,5,3,3,5,5,5,5,5,5,5,3,1,1,1,7,5,5,5,5,8,9,10,5,5,5,1,5,5,5,5,5,5,5,5,5,5,1,1,5,5,5,5,4,4,4,4,4,4,4,4,3,3,3,3,3,3,3,3","0.000859975814819336","leiden","edit-xhwikibooks.graphml"
"0.67","0.21","0.12","0.458565103239587","1,2,1,1,1,3,1,3,3,3,1,1,3,3,3,4,3,1,1,1,5,2,3,3,3,3,3,4,2,3,1,1,1,1,6,6,3,3,5,5,5,5,2,2,2,2,5,2,2,2,5,5,5,5,5,2,2,2,2,5,7,5,5,3,3,5,5,5,5,5,2,5,3,3,5,5,5,5,5,5,5,3,4,4,4,8,5,5,5,5,9,10,11,5,5,5,4,5,5,5,5,5,5,5,5,5,5,1,1,5,5,5,5,6,6,6,6,6,6,6,6,3,3,3,3,3,3,3,3","0.000845193862915039","leiden","edit-xhwikibooks.graphml"
"0.66","0.22","0.12","0.458437166251335","1,2,1,1,3,1,3,4,1,1,3,3,4,4,4,1,1,3,3,3,5,2,4,4,4,4,4,1,2,1,3,3,3,3,6,6,4,4,5,5,5,5,2,2,2,2,5,2,2,2,5,5,5,5,5,2,2,2,2,5,7,5,5,4,4,5,5,5,5,5,2,5,4,4,5,5,5,5,5,5,5,4,1,1,1,8,5,5,5,5,9,10,11,5,5,5,1,5,5,5,5,5,5,5,5,5,5,3,3,5,5,5,5,6,6,6,6,6,6,6,6,4,4,4,4,4,4,4,4","0.000864982604980469","leiden","edit-xhwikibooks.graphml"
"0.65","0.23","0.12","0.46187934996627","1,2,1,1,1,3,1,3,3,3,1,1,3,3,3,4,3,1,1,1,5,2,3,3,3,3,3,4,2,3,1,1,1,1,6,6,3,3,5,5,5,5,2,2,2,2,5,2,2,2,5,5,5,5,5,2,2,2,2,5,7,5,5,3,3,5,5,5,5,5,2,5,3,3,5,5,5,5,5,5,5,3,4,4,4,8,5,5,5,5,9,10,11,5,5,5,4,5,5,5,5,5,5,5,5,5,5,1,1,5,5,5,5,6,6,6,6,6,6,6,6,3,3,3,3,3,3,3,3","0.000871896743774414","leiden","edit-xhwikibooks.graphml"
"0.64","0.24","0.12","0.46393789850642","1,2,1,1,1,3,1,3,3,3,1,1,3,3,3,4,3,1,1,1,5,2,3,3,3,3,3,4,2,3,1,1,1,1,6,6,3,3,5,5,5,5,2,2,2,2,5,2,2,2,5,5,5,5,5,2,2,2,2,5,7,5,5,3,3,5,5,5,5,5,2,5,3,3,5,5,5,5,5,5,5,3,4,4,4,8,5,5,5,5,9,10,11,5,5,5,4,5,5,5,5,5,5,5,5,5,5,1,1,5,5,5,5,6,6,6,6,6,6,6,6,3,3,3,3,3,3,3,3","0.000873088836669922","leiden","edit-xhwikibooks.graphml"
"0.63","0.25","0.12","0.451609914422407","1,2,1,1,1,1,1,3,1,1,1,1,3,3,3,1,4,1,1,1,5,2,3,3,3,3,3,1,2,6,7,1,1,1,8,8,3,3,5,5,5,5,2,2,2,2,5,2,2,2,5,5,5,5,5,2,2,2,2,5,9,5,5,10,11,5,5,5,5,5,2,5,3,3,5,5,5,5,5,5,5,12,1,1,1,13,5,5,5,5,14,15,16,5,5,5,17,5,5,5,5,5,5,5,5,5,5,18,19,5,5,5,5,8,8,8,8,8,8,8,8,3,3,3,3,3,3,3,3","0.000962972640991211","leiden","edit-xhwikibooks.graphml"
"0.62","0.26","0.12","0.45409631753377","1,2,1,1,1,3,1,3,3,3,1,1,3,3,3,4,5,1,1,1,6,2,3,3,3,3,3,4,2,7,8,1,1,1,9,9,3,3,6,6,6,6,2,2,2,2,6,2,2,2,6,6,6,6,6,2,2,2,2,6,10,6,6,11,12,6,6,6,6,6,2,6,3,3,6,6,6,6,6,6,6,13,4,4,4,14,6,6,6,6,15,16,17,6,6,6,18,6,6,6,6,6,6,6,6,6,6,19,20,6,6,6,6,9,9,9,9,9,9,9,9,3,3,3,3,3,3,3,3","0.000952959060668945","leiden","edit-xhwikibooks.graphml"
"0.61","0.27","0.12","0.45409631753377","1,2,1,1,1,3,1,3,3,3,1,1,3,3,3,4,5,1,1,1,6,2,3,3,3,3,3,4,2,7,8,1,1,1,9,9,3,3,6,6,6,6,2,2,2,2,6,2,2,2,6,6,6,6,6,2,2,2,2,6,10,6,6,11,12,6,6,6,6,6,2,6,3,3,6,6,6,6,6,6,6,13,4,4,4,14,6,6,6,6,15,16,17,6,6,6,18,6,6,6,6,6,6,6,6,6,6,19,20,6,6,6,6,9,9,9,9,9,9,9,9,3,3,3,3,3,3,3,3","0.000953912734985352","leiden","edit-xhwikibooks.graphml"
"0.6","0.28","0.12","0.453289093093627","1,2,1,1,1,3,1,3,3,3,1,1,3,3,3,3,4,1,1,1,5,2,3,3,3,3,3,3,2,6,7,1,1,1,8,8,3,3,5,5,5,5,2,2,2,2,5,2,2,2,5,5,5,5,5,2,2,2,2,5,9,5,5,10,11,5,5,5,5,5,2,5,3,3,5,5,5,5,5,5,5,12,3,3,3,13,5,5,5,5,14,15,16,5,5,5,17,5,5,5,5,5,5,5,5,5,5,18,19,5,5,5,5,8,8,8,8,8,8,8,8,3,3,3,3,3,3,3,3","0.000941038131713867","leiden","edit-xhwikibooks.graphml"
"0.59","0.29","0.12","0.457435142939011","1,2,1,1,1,3,1,3,3,3,1,1,3,3,3,3,4,1,1,1,5,2,3,3,3,3,3,3,2,6,7,1,1,1,8,8,3,3,5,5,5,5,2,2,2,2,5,2,2,2,5,5,5,5,5,2,2,2,2,5,9,5,5,10,11,5,5,5,5,5,2,5,3,3,5,5,5,5,5,5,5,12,3,3,3,13,5,5,5,5,14,15,16,5,5,5,17,5,5,5,5,5,5,5,5,5,5,18,19,5,5,5,5,8,8,8,8,8,8,8,8,3,3,3,3,3,3,3,3","0.00109410285949707","leiden","edit-xhwikibooks.graphml"
"0.58","0.3","0.12","0.458964756747314","1,2,1,1,1,3,1,3,3,3,1,1,3,3,3,4,5,1,1,1,6,2,3,3,3,3,3,4,2,7,8,1,1,1,9,9,3,3,6,6,6,6,2,2,2,2,6,2,2,2,6,6,6,6,6,2,2,2,2,6,10,6,6,11,12,6,6,6,6,6,2,6,3,3,6,6,6,6,6,6,6,13,4,4,4,14,6,6,6,6,15,16,17,6,6,6,18,6,6,6,6,6,6,6,6,6,6,19,20,6,6,6,6,9,9,9,9,9,9,9,9,3,3,3,3,3,3,3,3","0.000976085662841797","leiden","edit-xhwikibooks.graphml"
"0.57","0.31","0.12","0.46102770578295","1,2,1,1,1,3,1,3,3,3,1,1,3,3,3,4,5,1,1,1,6,2,3,3,3,3,3,4,2,7,8,1,1,1,9,9,3,3,6,6,6,6,2,2,2,2,6,2,2,2,6,6,6,6,6,2,2,2,2,6,10,6,6,11,12,6,6,6,6,6,2,6,3,3,6,6,6,6,6,6,6,13,4,4,4,14,6,6,6,6,15,16,17,6,6,6,18,6,6,6,6,6,6,6,6,6,6,19,20,6,6,6,6,9,9,9,9,9,9,9,9,3,3,3,3,3,3,3,3","0.00085902214050293","leiden","edit-xhwikibooks.graphml"
"0.56","0.32","0.12","0.460221741481882","1,2,1,1,1,3,1,3,3,3,1,1,3,3,3,4,5,1,1,1,6,2,3,3,3,3,3,4,2,7,8,1,1,1,9,9,3,3,6,6,6,6,2,2,2,2,6,2,2,2,6,6,6,6,6,2,2,2,2,6,10,6,6,11,12,6,6,6,6,6,2,6,3,3,6,6,6,6,6,6,6,13,4,4,4,14,6,6,6,6,15,16,17,6,6,6,18,6,6,6,6,6,6,6,6,6,6,19,20,6,6,6,6,9,9,9,9,9,9,9,9,3,3,3,3,3,3,3,3","0.00085902214050293","leiden","edit-xhwikibooks.graphml"
"0.55","0.33","0.12","0.458226699485441","1,2,1,1,1,3,1,3,3,3,1,1,3,3,3,3,4,1,1,1,5,2,3,3,3,3,3,3,2,6,7,1,1,1,8,8,3,3,5,5,5,5,2,2,2,2,5,2,2,2,5,5,5,5,5,2,2,2,2,5,9,5,5,10,11,5,5,5,5,5,2,5,3,3,5,5,5,5,5,5,5,12,3,3,3,13,5,5,5,5,14,15,16,5,5,5,17,5,5,5,5,5,5,5,5,5,5,18,19,5,5,5,5,8,8,8,8,8,8,8,8,3,3,3,3,3,3,3,3","0.000911951065063477","leiden","edit-xhwikibooks.graphml"
"0.54","0.34","0.12","0.485918350783216","1,2,1,1,1,3,1,3,3,3,1,1,3,3,3,4,5,1,1,1,6,2,3,3,3,3,3,4,2,7,8,1,1,1,9,9,3,3,6,6,6,6,2,2,2,2,6,2,2,2,6,6,6,6,6,2,2,2,2,6,10,6,6,11,12,6,6,6,6,6,2,6,3,3,6,6,6,6,6,6,6,13,4,4,4,14,6,6,6,6,15,16,17,6,6,6,18,6,6,6,6,6,6,6,6,6,6,19,20,6,6,6,6,9,9,9,9,9,9,9,9,3,3,3,3,3,3,3,3","0.000927209854125977","leiden","edit-xhwikibooks.graphml"
"0.53","0.35","0.12","0.485918350783216","1,2,1,1,1,3,1,3,3,3,1,1,3,3,3,4,5,1,1,1,6,2,3,3,3,3,3,4,2,7,8,1,1,1,9,9,3,3,6,6,6,6,2,2,2,2,6,2,2,2,6,6,6,6,6,2,2,2,2,6,10,6,6,11,12,6,6,6,6,6,2,6,3,3,6,6,6,6,6,6,6,13,4,4,4,14,6,6,6,6,15,16,17,6,6,6,18,6,6,6,6,6,6,6,6,6,6,19,20,6,6,6,6,9,9,9,9,9,9,9,9,3,3,3,3,3,3,3,3","0.000931024551391602","leiden","edit-xhwikibooks.graphml"
"0.52","0.36","0.12","0.484724150991036","1,3,1,1,1,1,2,4,1,1,2,2,4,4,4,1,5,2,2,2,6,3,4,4,4,4,4,1,3,7,8,2,2,2,9,9,4,4,6,6,6,6,3,3,3,3,6,3,3,3,6,6,6,6,6,3,3,3,3,6,10,6,6,11,12,6,6,6,6,6,3,6,4,4,6,6,6,6,6,6,6,13,1,1,1,14,6,6,6,6,15,16,17,6,6,6,18,6,6,6,6,6,6,6,6,6,6,19,20,6,6,6,6,9,9,9,9,9,9,9,9,4,4,4,4,4,4,4,4","0.000975131988525391","leiden","edit-xhwikibooks.graphml"
"0.51","0.37","0.12","0.45950710859653","1,1,1,2,3,2,4,2,2,2,4,5,2,2,2,2,6,7,4,8,9,1,10,2,2,2,2,2,1,11,12,13,8,14,4,4,2,2,9,9,9,9,1,1,1,1,9,1,1,1,9,9,9,9,9,1,1,1,1,9,15,9,9,16,17,9,9,9,9,9,1,9,18,19,9,9,9,9,9,9,9,20,21,22,23,24,9,9,9,9,25,26,27,9,9,9,28,9,9,9,9,9,9,9,9,9,9,29,30,9,9,9,9,4,4,4,4,4,4,4,4,2,2,2,2,2,2,2,2","0.00108003616333008","leiden","edit-xhwikibooks.graphml"
"0.5","0.38","0.12","0.460728362730613","1,1,1,2,3,2,4,2,2,2,4,5,2,2,2,2,6,7,4,8,9,1,10,2,2,2,2,2,1,11,12,13,8,14,4,4,2,2,9,9,9,9,1,1,1,1,9,1,1,1,9,9,9,9,9,1,1,1,1,9,15,9,9,16,17,9,9,9,9,9,1,9,18,19,9,9,9,9,9,9,9,20,21,22,23,24,9,9,9,9,25,26,27,9,9,9,28,9,9,9,9,9,9,9,9,9,9,29,30,9,9,9,9,4,4,4,4,4,4,4,4,2,2,2,2,2,2,2,2","0.0010368824005127","leiden","edit-xhwikibooks.graphml"
"0.49","0.39","0.12","0.46271687655291","1,1,1,2,3,2,4,2,2,2,4,5,2,2,2,2,6,7,4,8,9,1,10,2,2,2,2,2,1,11,12,13,8,14,4,4,2,2,9,9,9,9,1,1,1,1,9,1,1,1,9,9,9,9,9,1,1,1,1,9,15,9,9,16,17,9,9,9,9,9,1,9,18,19,9,9,9,9,9,9,9,20,21,22,23,24,9,9,9,9,25,26,27,9,9,9,28,9,9,9,9,9,9,9,9,9,9,29,30,9,9,9,9,4,4,4,4,4,4,4,4,2,2,2,2,2,2,2,2","0.00106287002563477","leiden","edit-xhwikibooks.graphml"
"0.48","0.4","0.12","0.46577454979604","1,1,1,2,3,2,4,2,2,2,4,5,2,2,2,2,6,7,4,8,9,1,10,2,2,2,2,2,1,11,12,13,8,14,4,4,2,2,9,9,9,9,1,1,1,1,9,1,1,1,9,9,9,9,9,1,1,1,1,9,15,9,9,16,17,9,9,9,9,9,1,9,18,19,9,9,9,9,9,9,9,20,21,22,23,24,9,9,9,9,25,26,27,9,9,9,28,9,9,9,9,9,9,9,9,9,9,29,30,9,9,9,9,4,4,4,4,4,4,4,4,2,2,2,2,2,2,2,2","0.00108003616333008","leiden","edit-xhwikibooks.graphml"
"0.47","0.41","0.12","0.46577454979604","1,1,1,2,3,2,4,2,2,2,4,5,2,2,2,2,6,7,4,8,9,1,10,2,2,2,2,2,1,11,12,13,8,14,4,4,2,2,9,9,9,9,1,1,1,1,9,1,1,1,9,9,9,9,9,1,1,1,1,9,15,9,9,16,17,9,9,9,9,9,1,9,18,19,9,9,9,9,9,9,9,20,21,22,23,24,9,9,9,9,25,26,27,9,9,9,28,9,9,9,9,9,9,9,9,9,9,29,30,9,9,9,9,4,4,4,4,4,4,4,4,2,2,2,2,2,2,2,2","0.0016639232635498","leiden","edit-xhwikibooks.graphml"
"0.46","0.42","0.12","0.464989783365651","1,1,1,2,3,2,4,2,2,2,4,5,2,2,2,2,6,7,4,8,9,1,10,2,2,2,2,2,1,11,12,13,8,14,4,4,2,2,9,9,9,9,1,1,1,1,9,1,1,1,9,9,9,9,9,1,1,1,1,9,15,9,9,16,17,9,9,9,9,9,1,9,18,19,9,9,9,9,9,9,9,20,21,22,23,24,9,9,9,9,25,26,27,9,9,9,28,9,9,9,9,9,9,9,9,9,9,29,30,9,9,9,9,4,4,4,4,4,4,4,4,2,2,2,2,2,2,2,2","0.00176692008972168","leiden","edit-xhwikibooks.graphml"
"0.45","0.43","0.12","0.468835227272727","1,1,1,2,3,2,4,2,2,2,4,5,2,2,2,2,6,7,4,8,9,1,10,2,2,2,2,2,1,11,12,13,8,14,4,4,2,2,9,9,9,9,1,1,1,1,9,1,1,1,9,9,9,9,9,1,1,1,1,9,15,9,9,16,17,9,9,9,9,9,1,9,18,19,9,9,9,9,9,9,9,20,21,22,23,24,9,9,9,9,25,26,27,9,9,9,28,9,9,9,9,9,9,9,9,9,9,29,30,9,9,9,9,4,4,4,4,4,4,4,4,2,2,2,2,2,2,2,2","0.00179290771484375","leiden","edit-xhwikibooks.graphml"
"0.44","0.44","0.12","0.468053434525738","1,1,1,2,3,2,4,2,2,2,4,5,2,2,2,2,6,7,4,8,9,1,10,2,2,2,2,2,1,11,12,13,8,14,4,4,2,2,9,9,9,9,1,1,1,1,9,1,1,1,9,9,9,9,9,1,1,1,1,9,15,9,9,16,17,9,9,9,9,9,1,9,18,19,9,9,9,9,9,9,9,20,21,22,23,24,9,9,9,9,25,26,27,9,9,9,28,9,9,9,9,9,9,9,9,9,9,29,30,9,9,9,9,4,4,4,4,4,4,4,4,2,2,2,2,2,2,2,2","0.00183701515197754","leiden","edit-xhwikibooks.graphml"
"0.43","0.45","0.12","0.435183228017088","1,1,1,2,4,2,5,2,2,2,5,6,2,2,2,2,7,8,5,9,10,1,11,2,2,2,2,2,1,12,13,14,9,15,5,5,3,2,10,10,10,10,1,1,1,1,10,1,1,1,10,10,10,10,10,1,1,1,1,10,16,10,10,17,18,10,10,10,10,10,1,10,19,20,10,10,10,10,10,10,10,21,22,23,24,25,10,10,10,10,26,27,28,10,10,10,29,10,10,10,10,10,10,10,10,10,10,30,31,10,10,10,10,5,5,5,5,5,5,5,5,3,3,3,3,3,3,3,3","0.00189709663391113","leiden","edit-xhwikibooks.graphml"
"0.42","0.46","0.12","0.43438892733564","1,1,1,2,4,2,5,2,2,2,5,6,2,2,2,2,7,8,5,9,10,1,11,2,2,2,2,2,1,12,13,14,9,15,5,5,3,2,10,10,10,10,1,1,1,1,10,1,1,1,10,10,10,10,10,1,1,1,1,10,16,10,10,17,18,10,10,10,10,10,1,10,19,20,10,10,10,10,10,10,10,21,22,23,24,25,10,10,10,10,26,27,28,10,10,10,29,10,10,10,10,10,10,10,10,10,10,30,31,10,10,10,10,5,5,5,5,5,5,5,5,3,3,3,3,3,3,3,3","0.00189614295959473","leiden","edit-xhwikibooks.graphml"
"0.41","0.47","0.12","0.436644514977187","1,1,1,2,3,2,4,2,2,2,4,5,2,2,2,2,6,7,4,8,9,1,10,2,2,2,2,2,1,11,12,13,8,14,4,4,15,2,9,9,9,9,1,1,1,1,9,1,1,1,9,9,9,9,9,1,1,1,1,9,16,9,9,17,18,9,9,9,9,9,1,9,19,20,9,9,9,9,9,9,9,21,22,23,24,25,9,9,9,9,26,27,28,9,9,9,29,9,9,9,9,9,9,9,9,9,9,30,31,9,9,9,9,4,4,4,4,4,4,4,4,15,15,15,15,15,15,15,15","0.00116300582885742","leiden","edit-xhwikibooks.graphml"
"0.4","0.48","0.12","0.435852223178979","1,1,1,2,4,2,5,2,2,2,5,6,2,2,2,2,7,8,5,9,10,1,11,2,2,2,2,2,1,12,13,14,9,15,5,5,3,2,10,10,10,10,1,1,1,1,10,1,1,1,10,10,10,10,10,1,1,1,1,10,16,10,10,17,18,10,10,10,10,10,1,10,19,20,10,10,10,10,10,10,10,21,22,23,24,25,10,10,10,10,26,27,28,10,10,10,29,10,10,10,10,10,10,10,10,10,10,30,31,10,10,10,10,5,5,5,5,5,5,5,5,3,3,3,3,3,3,3,3","0.00134778022766113","leiden","edit-xhwikibooks.graphml"
"0.39","0.49","0.12","0.429526188145247","1,1,1,2,4,2,5,2,2,2,6,7,2,2,2,2,8,9,10,11,12,1,13,2,2,2,2,2,1,14,15,16,17,18,10,10,3,2,12,12,12,12,1,1,1,1,12,1,1,1,12,12,12,12,12,1,1,1,1,12,19,12,12,20,21,12,12,12,12,12,1,12,22,23,12,12,12,12,12,12,12,24,25,26,27,28,12,12,12,12,29,30,31,12,12,12,32,12,12,12,12,12,12,12,12,12,12,33,34,12,12,12,12,10,10,10,10,10,10,10,10,3,3,3,3,3,3,3,3","0.00160789489746094","leiden","edit-xhwikibooks.graphml"
"0.38","0.5","0.12","0.51339782961525","1,1,1,2,3,2,4,5,2,2,6,7,5,5,5,2,8,9,10,11,12,1,13,5,5,5,5,2,1,14,15,16,17,18,10,10,5,5,12,12,12,12,1,1,1,1,12,1,1,1,12,12,12,12,12,1,1,1,1,12,19,12,12,20,21,12,12,12,12,12,1,12,22,23,12,12,12,12,12,12,12,24,25,26,27,28,12,12,12,12,29,30,31,12,12,12,32,12,12,12,12,12,12,12,12,12,12,33,34,12,12,12,12,10,10,10,10,10,10,10,10,5,5,5,5,5,5,5,5","0.00106501579284668","leiden","edit-xhwikibooks.graphml"
"0.37","0.51","0.12","0.51339782961525","1,1,1,2,3,2,4,5,2,2,6,7,5,5,5,2,8,9,10,11,12,1,13,5,5,5,5,2,1,14,15,16,17,18,10,10,5,5,12,12,12,12,1,1,1,1,12,1,1,1,12,12,12,12,12,1,1,1,1,12,19,12,12,20,21,12,12,12,12,12,1,12,22,23,12,12,12,12,12,12,12,24,25,26,27,28,12,12,12,12,29,30,31,12,12,12,32,12,12,12,12,12,12,12,12,12,12,33,34,12,12,12,12,10,10,10,10,10,10,10,10,5,5,5,5,5,5,5,5","0.00101399421691895","leiden","edit-xhwikibooks.graphml"
"0.36","0.52","0.12","0.51339782961525","1,1,1,2,3,2,4,5,2,2,6,7,5,5,5,2,8,9,10,11,12,1,13,5,5,5,5,2,1,14,15,16,17,18,10,10,5,5,12,12,12,12,1,1,1,1,12,1,1,1,12,12,12,12,12,1,1,1,1,12,19,12,12,20,21,12,12,12,12,12,1,12,22,23,12,12,12,12,12,12,12,24,25,26,27,28,12,12,12,12,29,30,31,12,12,12,32,12,12,12,12,12,12,12,12,12,12,33,34,12,12,12,12,10,10,10,10,10,10,10,10,5,5,5,5,5,5,5,5","0.000977039337158203","leiden","edit-xhwikibooks.graphml"
"0.35","0.53","0.12","0.512609778180172","1,1,1,2,3,2,4,5,2,2,6,7,5,5,5,2,8,9,10,11,12,1,13,5,5,5,5,2,1,14,15,16,17,18,10,10,5,5,12,12,12,12,1,1,1,1,12,1,1,1,12,12,12,12,12,1,1,1,1,12,19,12,12,20,21,12,12,12,12,12,1,12,22,23,12,12,12,12,12,12,12,24,25,26,27,28,12,12,12,12,29,30,31,12,12,12,32,12,12,12,12,12,12,12,12,12,12,33,34,12,12,12,12,10,10,10,10,10,10,10,10,5,5,5,5,5,5,5,5","0.000916004180908203","leiden","edit-xhwikibooks.graphml"
"0.34","0.54","0.12","0.514334590990845","1,1,1,2,3,2,4,5,2,2,6,7,5,5,5,2,8,9,10,11,12,1,13,5,5,5,5,2,1,14,15,16,17,18,10,10,5,5,12,12,12,12,1,1,1,1,12,1,1,1,12,12,12,12,12,1,1,1,1,12,19,12,12,20,21,12,12,12,12,12,1,12,22,23,12,12,12,12,12,12,12,24,25,26,27,28,12,12,12,12,29,30,31,12,12,12,32,12,12,12,12,12,12,12,12,12,12,33,34,12,12,12,12,10,10,10,10,10,10,10,10,5,5,5,5,5,5,5,5","0.000927925109863281","leiden","edit-xhwikibooks.graphml"
"0.33","0.55","0.12","0.513548998132721","1,1,1,2,3,2,4,5,2,2,6,7,5,5,5,2,8,9,10,11,12,1,13,5,5,5,5,2,1,14,15,16,17,18,10,10,5,5,12,12,12,12,1,1,1,1,12,1,1,1,12,12,12,12,12,1,1,1,1,12,19,12,12,20,21,12,12,12,12,12,1,12,22,23,12,12,12,12,12,12,12,24,25,26,27,28,12,12,12,12,29,30,31,12,12,12,32,12,12,12,12,12,12,12,12,12,12,33,34,12,12,12,12,10,10,10,10,10,10,10,10,5,5,5,5,5,5,5,5","0.000928878784179688","leiden","edit-xhwikibooks.graphml"
"0.32","0.56","0.12","0.516661770727625","1,1,1,2,3,2,4,5,2,2,6,7,5,5,5,2,8,9,10,11,12,1,13,5,5,5,5,2,1,14,15,16,17,18,10,10,5,5,12,12,12,12,1,1,1,1,12,1,1,1,12,12,12,12,12,1,1,1,1,12,19,12,12,20,21,12,12,12,12,12,1,12,22,23,12,12,12,12,12,12,12,24,25,26,27,28,12,12,12,12,29,30,31,12,12,12,32,12,12,12,12,12,12,12,12,12,12,33,34,12,12,12,12,10,10,10,10,10,10,10,10,5,5,5,5,5,5,5,5","0.00101208686828613","leiden","edit-xhwikibooks.graphml"
"0.31","0.57","0.12","0.515880332409972","1,1,1,2,3,2,4,5,2,2,6,7,5,5,5,2,8,9,10,11,12,1,13,5,5,5,5,2,1,14,15,16,17,18,10,10,5,5,12,12,12,12,1,1,1,1,12,1,1,1,12,12,12,12,12,1,1,1,1,12,19,12,12,20,21,12,12,12,12,12,1,12,22,23,12,12,12,12,12,12,12,24,25,26,27,28,12,12,12,12,29,30,31,12,12,12,32,12,12,12,12,12,12,12,12,12,12,33,34,12,12,12,12,10,10,10,10,10,10,10,10,5,5,5,5,5,5,5,5","0.0010368824005127","leiden","edit-xhwikibooks.graphml"
"0.3","0.58","0.12","0.520611946569563","1,1,1,2,3,2,4,5,2,2,6,7,5,5,5,2,8,9,10,11,12,1,13,5,5,5,5,2,1,14,15,16,17,18,10,10,5,5,12,12,12,12,1,1,1,1,12,1,1,1,12,12,12,12,12,1,1,1,1,12,19,12,12,20,21,12,12,12,12,12,1,12,22,23,12,12,12,12,12,12,12,24,25,26,27,28,12,12,12,12,29,30,31,12,12,12,32,12,12,12,12,12,12,12,12,12,12,33,34,12,12,12,12,10,10,10,10,10,10,10,10,5,5,5,5,5,5,5,5","0.0010380744934082","leiden","edit-xhwikibooks.graphml"
"0.29","0.59","0.12","0.519835164595691","1,1,1,2,3,2,4,5,2,2,6,7,5,5,5,2,8,9,10,11,12,1,13,5,5,5,5,2,1,14,15,16,17,18,10,10,5,5,12,12,12,12,1,1,1,1,12,1,1,1,12,12,12,12,12,1,1,1,1,12,19,12,12,20,21,12,12,12,12,12,1,12,22,23,12,12,12,12,12,12,12,24,25,26,27,28,12,12,12,12,29,30,31,12,12,12,32,12,12,12,12,12,12,12,12,12,12,33,34,12,12,12,12,10,10,10,10,10,10,10,10,5,5,5,5,5,5,5,5","0.00102114677429199","leiden","edit-xhwikibooks.graphml"
"0.28","0.6","0.12","0.523266669836317","1,1,1,2,3,2,4,5,2,2,7,8,5,5,5,2,9,10,11,12,13,1,14,5,5,5,5,2,1,15,16,17,18,19,11,11,6,5,13,13,13,13,1,1,1,1,13,1,1,1,13,13,13,13,13,1,1,1,1,13,20,13,13,21,22,13,13,13,13,13,1,13,23,24,13,13,13,13,13,13,13,25,26,27,28,29,13,13,13,13,30,31,32,13,13,13,33,13,13,13,13,13,13,13,13,13,13,34,35,13,13,13,13,11,11,11,11,11,11,11,11,6,6,6,6,6,6,6,6","0.00160813331604004","leiden","edit-xhwikibooks.graphml"
"0.27","0.61","0.12","0.514430036720571","1,1,1,2,3,4,5,4,4,6,7,8,4,4,4,4,9,10,11,12,13,1,14,4,4,4,4,15,16,17,18,19,20,21,11,11,22,4,13,13,13,13,1,1,1,1,13,1,1,1,13,13,13,13,13,1,1,1,1,13,23,13,13,24,25,13,13,13,13,13,1,13,26,27,13,13,13,13,13,13,13,28,29,30,31,32,13,13,13,13,33,34,35,13,13,13,36,13,13,13,13,13,13,13,13,13,13,37,38,13,13,13,13,11,11,11,11,11,11,11,11,22,22,22,22,22,22,22,22","0.00165200233459473","leiden","edit-xhwikibooks.graphml"
"0.26","0.62","0.12","0.516129812023962","1,1,1,2,3,4,5,4,4,6,7,8,4,4,4,4,9,10,11,12,13,1,14,4,4,4,4,15,16,17,18,19,20,21,11,11,22,4,13,13,13,13,1,1,1,1,13,1,1,1,13,13,13,13,13,1,1,1,1,13,23,13,13,24,25,13,13,13,13,13,1,13,26,27,13,13,13,13,13,13,13,28,29,30,31,32,13,13,13,13,33,34,35,13,13,13,36,13,13,13,13,13,13,13,13,13,13,37,38,13,13,13,13,11,11,11,11,11,11,11,11,22,22,22,22,22,22,22,22","0.00178790092468262","leiden","edit-xhwikibooks.graphml"
"0.25","0.63","0.12","0.517028342798367","1,1,1,2,3,4,5,4,4,6,7,8,4,4,4,4,9,10,11,12,13,1,14,4,4,4,4,15,16,17,18,19,20,21,11,11,22,4,13,13,13,13,1,1,1,1,13,1,1,1,13,13,13,13,13,1,1,1,1,13,23,13,13,24,25,13,13,13,13,13,1,13,26,27,13,13,13,13,13,13,13,28,29,30,31,32,13,13,13,13,33,34,35,13,13,13,36,13,13,13,13,13,13,13,13,13,13,37,38,13,13,13,13,11,11,11,11,11,11,11,11,22,22,22,22,22,22,22,22","0.00198698043823242","leiden","edit-xhwikibooks.graphml"
"0.24","0.64","0.12","0.517028342798367","1,1,1,2,3,4,5,4,4,6,7,8,4,4,4,4,9,10,11,12,13,1,14,4,4,4,4,15,16,17,18,19,20,21,11,11,22,4,13,13,13,13,1,1,1,1,13,1,1,1,13,13,13,13,13,1,1,1,1,13,23,13,13,24,25,13,13,13,13,13,1,13,26,27,13,13,13,13,13,13,13,28,29,30,31,32,13,13,13,13,33,34,35,13,13,13,36,13,13,13,13,13,13,13,13,13,13,37,38,13,13,13,13,11,11,11,11,11,11,11,11,22,22,22,22,22,22,22,22","0.00165295600891113","leiden","edit-xhwikibooks.graphml"
"0.23","0.65","0.12","0.554309392851834","1,1,1,2,3,4,5,4,4,6,7,8,4,4,4,4,9,10,11,12,13,1,14,4,4,4,4,15,16,17,18,19,20,21,11,11,22,4,13,13,13,13,1,1,1,1,13,1,1,1,13,13,13,13,13,1,1,1,1,13,23,13,13,24,25,13,13,13,13,13,1,13,26,27,13,13,13,13,13,13,13,28,29,30,31,32,13,13,13,13,33,34,35,13,13,13,36,13,13,13,13,13,13,13,13,13,13,37,38,13,13,13,13,11,11,11,11,11,11,11,11,22,22,22,22,22,22,22,22","0.00195407867431641","leiden","edit-xhwikibooks.graphml"
"0.22","0.66","0.12","0.554309392851834","1,1,1,2,3,4,5,4,4,6,7,8,4,4,4,4,9,10,11,12,13,1,14,4,4,4,4,15,16,17,18,19,20,21,11,11,22,4,13,13,13,13,1,1,1,1,13,1,1,1,13,13,13,13,13,1,1,1,1,13,23,13,13,24,25,13,13,13,13,13,1,13,26,27,13,13,13,13,13,13,13,28,29,30,31,32,13,13,13,13,33,34,35,13,13,13,36,13,13,13,13,13,13,13,13,13,13,37,38,13,13,13,13,11,11,11,11,11,11,11,11,22,22,22,22,22,22,22,22","0.00201296806335449","leiden","edit-xhwikibooks.graphml"
"0.21","0.67","0.12","0.57601896815988","1,1,1,2,3,4,5,6,6,7,8,9,6,6,6,4,10,11,12,13,14,1,15,6,6,6,6,16,17,18,19,20,21,22,12,12,23,6,14,14,14,14,1,1,1,1,14,1,1,1,14,14,14,14,14,1,1,1,1,14,24,14,14,25,26,14,14,14,14,14,1,14,27,28,14,14,14,14,14,14,14,29,30,31,32,33,14,14,14,14,34,35,36,14,14,14,37,14,14,14,14,14,14,14,14,14,14,38,39,14,14,14,14,12,12,12,12,12,12,12,12,23,23,23,23,23,23,23,23","0.00170207023620605","leiden","edit-xhwikibooks.graphml"
"0.2","0.68","0.12","0.568830490776192","1,1,1,2,3,4,5,6,6,7,8,9,6,6,6,4,10,11,12,13,14,1,15,6,6,6,6,16,17,18,19,20,21,22,12,12,23,6,14,14,14,14,1,1,1,1,14,1,1,1,14,14,14,14,14,1,1,1,1,14,24,14,14,25,26,14,14,14,14,14,1,14,27,28,14,14,14,14,14,14,14,29,30,31,32,33,14,14,14,14,34,35,36,14,14,14,37,14,14,14,14,14,14,14,14,14,14,38,39,14,14,14,14,12,12,12,12,12,12,12,12,23,23,23,23,23,23,23,23","0.00165700912475586","leiden","edit-xhwikibooks.graphml"
"0.19","0.69","0.12","0.567946843041238","1,1,1,2,3,4,5,6,6,7,8,9,6,6,6,4,10,11,12,13,14,1,15,6,6,6,6,16,17,18,19,20,21,22,12,12,23,6,14,14,14,14,1,1,1,1,14,1,1,1,14,14,14,14,14,1,1,1,1,14,24,14,14,25,26,14,14,14,14,14,1,14,27,28,14,14,14,14,14,14,14,29,30,31,32,33,14,14,14,14,34,35,36,14,14,14,37,14,14,14,14,14,14,14,14,14,14,38,39,14,14,14,14,12,12,12,12,12,12,12,12,23,23,23,23,23,23,23,23","0.00165009498596191","leiden","edit-xhwikibooks.graphml"
"0.18","0.7","0.12","0.569485025566106","1,1,1,2,3,4,5,6,6,7,8,9,6,6,6,4,10,11,12,13,14,1,15,6,6,6,6,16,17,18,19,20,21,22,12,12,23,6,14,14,14,14,1,1,1,1,14,1,1,1,14,14,14,14,14,1,1,1,1,14,24,14,14,25,26,14,14,14,14,14,1,14,27,28,14,14,14,14,14,14,14,29,30,31,32,33,14,14,14,14,34,35,36,14,14,14,37,14,14,14,14,14,14,14,14,14,14,38,39,14,14,14,14,12,12,12,12,12,12,12,12,23,23,23,23,23,23,23,23","0.00169801712036133","leiden","edit-xhwikibooks.graphml"
"0.17","0.71","0.12","0.568604974119429","1,1,1,2,3,4,5,6,6,7,8,9,6,6,6,4,10,11,12,13,14,1,15,6,6,6,6,16,17,18,19,20,21,22,12,12,23,6,14,14,14,14,1,1,1,1,14,1,1,1,14,14,14,14,14,1,1,1,1,14,24,14,14,25,26,14,14,14,14,14,1,14,27,28,14,14,14,14,14,14,14,29,30,31,32,33,14,14,14,14,34,35,36,14,14,14,37,14,14,14,14,14,14,14,14,14,14,38,39,14,14,14,14,12,12,12,12,12,12,12,12,23,23,23,23,23,23,23,23","0.0016789436340332","leiden","edit-xhwikibooks.graphml"
"0.16","0.72","0.12","0.571420706774971","1,1,1,2,3,4,5,6,6,7,8,9,6,6,6,4,10,11,12,13,14,1,15,6,6,6,6,16,17,18,19,20,21,22,12,12,23,6,14,14,14,14,1,1,1,1,14,1,1,1,14,14,14,14,14,1,1,1,1,14,24,14,14,25,26,14,14,14,14,14,1,14,27,28,14,14,14,14,14,14,14,29,30,31,32,33,14,14,14,14,34,35,36,14,14,14,37,14,14,14,14,14,14,14,14,14,14,38,39,14,14,14,14,12,12,12,12,12,12,12,12,23,23,23,23,23,23,23,23","0.00246405601501465","leiden","edit-xhwikibooks.graphml"
"0.15","0.73","0.12","0.566696124226739","1,1,1,2,3,4,5,4,4,6,7,8,4,4,4,9,10,11,12,13,14,1,15,4,4,4,4,16,17,18,19,20,21,22,12,12,23,24,14,14,14,14,1,1,1,1,14,1,1,1,14,14,14,14,14,1,1,1,1,14,25,14,14,26,27,14,14,14,14,14,1,14,28,29,14,14,14,14,14,14,14,30,31,32,33,34,14,14,14,14,35,36,37,14,14,14,38,14,14,14,14,14,14,14,14,14,14,39,40,14,14,14,14,12,12,12,12,12,12,12,12,23,23,23,23,23,23,23,23","0.0013730525970459","leiden","edit-xhwikibooks.graphml"
"0.14","0.74","0.12","0.566696124226739","1,1,1,2,3,4,5,4,4,6,7,8,4,4,4,9,10,11,12,13,14,1,15,4,4,4,4,16,17,18,19,20,21,22,12,12,23,24,14,14,14,14,1,1,1,1,14,1,1,1,14,14,14,14,14,1,1,1,1,14,25,14,14,26,27,14,14,14,14,14,1,14,28,29,14,14,14,14,14,14,14,30,31,32,33,34,14,14,14,14,35,36,37,14,14,14,38,14,14,14,14,14,14,14,14,14,14,39,40,14,14,14,14,12,12,12,12,12,12,12,12,23,23,23,23,23,23,23,23","0.00119709968566895","leiden","edit-xhwikibooks.graphml"
"0.13","0.75","0.12","0.570582487190044","1,1,1,2,3,4,5,4,4,6,7,8,4,4,4,9,10,11,12,13,14,1,15,4,4,4,4,16,17,18,19,20,21,22,12,12,23,24,14,14,14,14,1,1,1,1,14,1,1,1,14,14,14,14,14,1,1,1,1,14,25,14,14,26,27,14,14,14,14,14,1,14,28,29,14,14,14,14,14,14,14,30,31,32,33,34,14,14,14,14,35,36,37,14,14,14,38,14,14,14,14,14,14,14,14,14,14,39,40,14,14,14,14,12,12,12,12,12,12,12,12,23,23,23,23,23,23,23,23","0.00108003616333008","leiden","edit-xhwikibooks.graphml"
"0.12","0.76","0.12","0.572088888888889","1,1,1,2,3,4,5,4,4,6,7,8,4,4,4,9,10,11,12,13,14,1,15,4,4,4,4,16,17,18,19,20,21,22,12,12,23,24,14,14,14,14,1,1,1,1,14,1,1,1,14,14,14,14,14,1,1,1,1,14,25,14,14,26,27,14,14,14,14,14,1,14,28,29,14,14,14,14,14,14,14,30,31,32,33,34,14,14,14,14,35,36,37,14,14,14,38,14,14,14,14,14,14,14,14,14,14,39,40,14,14,14,14,12,12,12,12,12,12,12,12,23,23,23,23,23,23,23,23","0.00099492073059082","leiden","edit-xhwikibooks.graphml"
"0.11","0.77","0.12","0.574444444444444","1,1,1,2,3,4,5,4,4,6,7,8,4,4,4,9,10,11,12,13,14,1,15,4,4,4,4,16,17,18,19,20,21,22,12,12,23,24,14,14,14,14,1,1,1,1,14,1,1,1,14,14,14,14,14,1,1,1,1,14,25,14,14,26,27,14,14,14,14,14,1,14,28,29,14,14,14,14,14,14,14,30,31,32,33,34,14,14,14,14,35,36,37,14,14,14,38,14,14,14,14,14,14,14,14,14,14,39,40,14,14,14,14,12,12,12,12,12,12,12,12,23,23,23,23,23,23,23,23","0.000998973846435547","leiden","edit-xhwikibooks.graphml"
"0.1","0.78","0.12","0.578024025306138","1,1,1,2,3,4,5,4,4,6,7,8,4,4,4,9,10,11,12,13,14,1,15,4,4,4,4,16,17,18,19,20,21,22,12,12,23,24,14,14,14,14,1,1,1,1,14,1,1,1,14,14,14,14,14,1,1,1,1,14,25,14,14,26,27,14,14,14,14,14,1,14,28,29,14,14,14,14,14,14,14,30,31,32,33,34,14,14,14,14,35,36,37,14,14,14,38,14,14,14,14,14,14,14,14,14,14,39,40,14,14,14,14,12,12,12,12,12,12,12,12,23,23,23,23,23,23,23,23","0.000988006591796875","leiden","edit-xhwikibooks.graphml"
"0.09","0.79","0.12","0.578024025306138","1,1,1,2,3,4,5,4,4,6,7,8,4,4,4,9,10,11,12,13,14,1,15,4,4,4,4,16,17,18,19,20,21,22,12,12,23,24,14,14,14,14,1,1,1,1,14,1,1,1,14,14,14,14,14,1,1,1,1,14,25,14,14,26,27,14,14,14,14,14,1,14,28,29,14,14,14,14,14,14,14,30,31,32,33,34,14,14,14,14,35,36,37,14,14,14,38,14,14,14,14,14,14,14,14,14,14,39,40,14,14,14,14,12,12,12,12,12,12,12,12,23,23,23,23,23,23,23,23","0.00102686882019043","leiden","edit-xhwikibooks.graphml"
"0.08","0.8","0.12","0.579897437861804","1,1,1,2,3,4,5,4,4,6,7,8,4,4,4,9,10,11,12,13,14,1,15,4,4,4,4,16,17,18,19,20,21,22,12,12,23,24,14,14,14,14,1,1,1,1,14,1,1,1,14,14,14,14,14,1,1,1,1,14,25,14,14,26,27,14,14,14,14,14,1,14,28,29,14,14,14,14,14,14,14,30,31,32,33,34,14,14,14,14,35,36,37,14,14,14,38,14,14,14,14,14,14,14,14,14,14,39,40,14,14,14,14,12,12,12,12,12,12,12,12,23,23,23,23,23,23,23,23","0.00112485885620117","leiden","edit-xhwikibooks.graphml"
"0.07","0.81","0.12","0.579897437861804","1,1,1,2,3,4,5,4,4,6,7,8,4,4,4,9,10,11,12,13,14,1,15,4,4,4,4,16,17,18,19,20,21,22,12,12,23,24,14,14,14,14,1,1,1,1,14,1,1,1,14,14,14,14,14,1,1,1,1,14,25,14,14,26,27,14,14,14,14,14,1,14,28,29,14,14,14,14,14,14,14,30,31,32,33,34,14,14,14,14,35,36,37,14,14,14,38,14,14,14,14,14,14,14,14,14,14,39,40,14,14,14,14,12,12,12,12,12,12,12,12,23,23,23,23,23,23,23,23","0.00105118751525879","leiden","edit-xhwikibooks.graphml"
"0.06","0.82","0.12","0.579041208214946","1,1,1,2,3,4,5,4,4,6,7,8,4,4,4,9,10,11,12,13,14,1,15,4,4,4,4,16,17,18,19,20,21,22,12,12,23,24,14,14,14,14,1,1,1,1,14,1,1,1,14,14,14,14,14,1,1,1,1,14,25,14,14,26,27,14,14,14,14,14,1,14,28,29,14,14,14,14,14,14,14,30,31,32,33,34,14,14,14,14,35,36,37,14,14,14,38,14,14,14,14,14,14,14,14,14,14,39,40,14,14,14,14,12,12,12,12,12,12,12,12,23,23,23,23,23,23,23,23","0.0010371208190918","leiden","edit-xhwikibooks.graphml"
"0.05","0.83","0.12","0.579041208214946","1,1,1,2,3,4,5,4,4,6,7,8,4,4,4,9,10,11,12,13,14,1,15,4,4,4,4,16,17,18,19,20,21,22,12,12,23,24,14,14,14,14,1,1,1,1,14,1,1,1,14,14,14,14,14,1,1,1,1,14,25,14,14,26,27,14,14,14,14,14,1,14,28,29,14,14,14,14,14,14,14,30,31,32,33,34,14,14,14,14,35,36,37,14,14,14,38,14,14,14,14,14,14,14,14,14,14,39,40,14,14,14,14,12,12,12,12,12,12,12,12,23,23,23,23,23,23,23,23","0.00106692314147949","leiden","edit-xhwikibooks.graphml"
"0.04","0.84","0.12","0.579456521739131","1,1,1,2,3,4,5,4,4,6,7,8,4,4,4,9,10,11,12,13,14,1,15,4,4,4,4,16,17,18,19,20,21,22,12,12,23,24,14,14,14,14,1,1,1,1,14,1,1,1,14,14,14,14,14,1,1,1,1,14,25,14,14,26,27,14,14,14,14,14,1,14,28,29,14,14,14,14,14,14,14,30,31,32,33,34,14,14,14,14,35,36,37,14,14,14,38,14,14,14,14,14,14,14,14,14,14,39,40,14,14,14,14,12,12,12,12,12,12,12,12,23,23,23,23,23,23,23,23","0.00106596946716309","leiden","edit-xhwikibooks.graphml"
"0.03","0.85","0.12","0.579406652653352","1,1,1,2,3,4,5,6,7,8,9,10,6,6,6,11,12,13,14,15,16,1,17,6,6,6,6,18,19,20,21,22,23,24,14,14,25,26,16,16,16,16,1,1,1,1,16,1,1,1,16,16,16,16,16,1,1,1,1,16,27,16,16,28,29,16,16,16,16,16,1,16,30,31,16,16,16,16,16,16,16,32,33,34,35,36,16,16,16,16,37,38,39,16,16,16,40,16,16,16,16,16,16,16,16,16,16,41,42,16,16,16,16,14,14,14,14,14,14,14,14,25,25,25,25,25,25,25,25","0.00101113319396973","leiden","edit-xhwikibooks.graphml"
"0.02","0.86","0.12","0.581226370510397","1,1,1,2,3,4,5,6,7,8,9,10,6,6,6,11,12,13,14,15,16,1,17,6,6,6,6,18,19,20,21,22,23,24,14,14,25,26,16,16,16,16,1,1,1,1,16,1,1,1,16,16,16,16,16,1,1,1,1,16,27,16,16,28,29,16,16,16,16,16,1,16,30,31,16,16,16,16,16,16,16,32,33,34,35,36,16,16,16,16,37,38,39,16,16,16,40,16,16,16,16,16,16,16,16,16,16,41,42,16,16,16,16,14,14,14,14,14,14,14,14,25,25,25,25,25,25,25,25","0.000998973846435547","leiden","edit-xhwikibooks.graphml"
"0.01","0.87","0.12","0.581226370510397","1,1,1,2,3,4,5,6,7,8,9,10,6,6,6,11,12,13,14,15,16,1,17,6,6,6,6,18,19,20,21,22,23,24,14,14,25,26,16,16,16,16,1,1,1,1,16,1,1,1,16,16,16,16,16,1,1,1,1,16,27,16,16,28,29,16,16,16,16,16,1,16,30,31,16,16,16,16,16,16,16,32,33,34,35,36,16,16,16,16,37,38,39,16,16,16,40,16,16,16,16,16,16,16,16,16,16,41,42,16,16,16,16,14,14,14,14,14,14,14,14,25,25,25,25,25,25,25,25","0.00101995468139648","leiden","edit-xhwikibooks.graphml"
"0","0.88","0.12","0.583269413397619","1,1,1,1,1,3,4,2,5,6,7,8,2,2,2,9,10,11,12,13,14,1,15,2,2,2,2,16,1,17,18,19,20,21,12,12,22,23,14,14,14,14,1,1,1,1,14,1,1,1,14,14,14,14,14,1,1,1,1,14,24,14,14,25,26,14,14,14,14,14,1,14,27,28,14,14,14,14,14,14,14,29,30,31,32,33,14,14,14,14,34,35,36,14,14,14,37,14,14,14,14,14,14,14,14,14,14,38,39,14,14,14,14,12,12,12,12,12,12,12,12,22,22,22,22,22,22,22,22","0.00103592872619629","leiden","edit-xhwikibooks.graphml"
"0.87","0","0.13","0.454880886426593","1,2,1,1,1,3,1,3,3,3,1,1,3,3,3,3,3,1,4,1,5,2,3,3,3,3,3,3,2,3,1,4,1,1,4,4,6,3,5,5,5,5,2,2,2,2,5,2,2,2,5,5,5,5,5,2,2,2,2,5,3,5,5,3,3,5,5,5,5,5,2,5,3,3,5,5,5,5,5,5,5,3,3,3,3,2,5,5,5,5,3,1,4,5,5,5,3,5,5,5,5,5,5,5,5,5,5,1,1,5,5,5,5,4,4,4,4,4,4,4,4,6,6,6,6,6,6,6,6","0.000875949859619141","leiden","edit-xhwikibooks.graphml"
"0.86","0.01","0.13","0.454880886426593","1,2,1,1,1,3,1,3,3,3,1,1,3,3,3,3,3,1,5,1,6,2,3,3,3,3,3,3,2,3,1,5,1,1,5,5,4,3,6,6,6,6,2,2,2,2,6,2,2,2,6,6,6,6,6,2,2,2,2,6,3,6,6,3,3,6,6,6,6,6,2,6,3,3,6,6,6,6,6,6,6,3,3,3,3,2,6,6,6,6,3,1,5,6,6,6,3,6,6,6,6,6,6,6,6,6,6,1,1,6,6,6,6,5,5,5,5,5,5,5,5,4,4,4,4,4,4,4,4","0.000886917114257812","leiden","edit-xhwikibooks.graphml"
"0.85","0.02","0.13","0.454880886426593","1,2,1,1,1,3,1,3,3,3,1,1,3,3,3,3,3,1,5,1,6,2,3,3,3,3,3,3,2,3,1,5,1,1,5,5,4,3,6,6,6,6,2,2,2,2,6,2,2,2,6,6,6,6,6,2,2,2,2,6,3,6,6,3,3,6,6,6,6,6,2,6,3,3,6,6,6,6,6,6,6,3,3,3,3,2,6,6,6,6,3,1,5,6,6,6,3,6,6,6,6,6,6,6,6,6,6,1,1,6,6,6,6,5,5,5,5,5,5,5,5,4,4,4,4,4,4,4,4","0.000885963439941406","leiden","edit-xhwikibooks.graphml"
"0.84","0.03","0.13","0.454154455900007","1,2,1,1,1,3,1,3,3,3,1,1,3,3,3,3,3,1,5,1,6,2,3,3,3,3,3,3,2,3,1,5,1,1,5,5,4,3,6,6,6,6,2,2,2,2,6,2,2,2,6,6,6,6,6,2,2,2,2,6,3,6,6,3,3,6,6,6,6,6,2,6,3,3,6,6,6,6,6,6,6,3,3,3,3,2,6,6,6,6,3,1,5,6,6,6,3,6,6,6,6,6,6,6,6,6,6,1,1,6,6,6,6,5,5,5,5,5,5,5,5,4,4,4,4,4,4,4,4","0.000904083251953125","leiden","edit-xhwikibooks.graphml"
"0.83","0.04","0.13","0.454154455900007","1,2,1,1,1,3,1,3,3,3,1,1,3,3,3,3,3,1,5,1,6,2,3,3,3,3,3,3,2,3,1,5,1,1,5,5,4,3,6,6,6,6,2,2,2,2,6,2,2,2,6,6,6,6,6,2,2,2,2,6,3,6,6,3,3,6,6,6,6,6,2,6,3,3,6,6,6,6,6,6,6,3,3,3,3,2,6,6,6,6,3,1,5,6,6,6,3,6,6,6,6,6,6,6,6,6,6,1,1,6,6,6,6,5,5,5,5,5,5,5,5,4,4,4,4,4,4,4,4","0.000916004180908203","leiden","edit-xhwikibooks.graphml"
"0.82","0.05","0.13","0.427144489447087","1,2,1,1,1,3,1,3,3,3,1,1,3,3,3,3,3,1,4,1,5,2,3,3,3,3,3,3,2,3,1,4,1,1,4,4,3,3,5,5,5,5,2,2,2,2,5,2,2,2,5,5,5,5,5,2,2,2,2,5,3,5,5,3,3,5,5,5,5,5,2,5,3,3,5,5,5,5,5,5,5,3,3,3,3,2,5,5,5,5,3,1,4,5,5,5,3,5,5,5,5,5,5,5,5,5,5,1,1,5,5,5,5,4,4,4,4,4,4,4,4,3,3,3,3,3,3,3,3","0.000931024551391602","leiden","edit-xhwikibooks.graphml"
"0.81","0.06","0.13","0.427144489447087","1,3,1,1,1,2,1,2,2,2,1,1,2,2,2,2,2,1,4,1,5,3,2,2,2,2,2,2,3,2,1,4,1,1,4,4,2,2,5,5,5,5,3,3,3,3,5,3,3,3,5,5,5,5,5,3,3,3,3,5,2,5,5,2,2,5,5,5,5,5,3,5,2,2,5,5,5,5,5,5,5,2,2,2,2,3,5,5,5,5,2,1,4,5,5,5,2,5,5,5,5,5,5,5,5,5,5,1,1,5,5,5,5,4,4,4,4,4,4,4,4,2,2,2,2,2,2,2,2","0.000980138778686523","leiden","edit-xhwikibooks.graphml"
"0.8","0.07","0.13","0.426310556133657","1,2,1,1,1,1,1,3,1,1,1,1,3,3,3,1,1,1,4,1,5,2,3,3,3,3,3,1,2,1,1,4,1,1,4,4,3,3,5,5,5,5,2,2,2,2,5,2,2,2,5,5,5,5,5,2,2,2,2,5,3,5,5,3,3,5,5,5,5,5,2,5,3,3,5,5,5,5,5,5,5,3,1,1,1,2,5,5,5,5,1,1,4,5,5,5,1,5,5,5,5,5,5,5,5,5,5,1,1,5,5,5,5,4,4,4,4,4,4,4,4,3,3,3,3,3,3,3,3","0.000857114791870117","leiden","edit-xhwikibooks.graphml"
"0.79","0.08","0.13","0.428519129105344","1,2,1,1,1,3,1,3,3,3,1,1,3,3,3,3,3,1,4,1,5,2,3,3,3,3,3,3,2,3,1,4,1,1,4,4,3,3,5,5,5,5,2,2,2,2,5,2,2,2,5,5,5,5,5,2,2,2,2,5,3,5,5,3,3,5,5,5,5,5,2,5,3,3,5,5,5,5,5,5,5,3,3,3,3,2,5,5,5,5,3,1,4,5,5,5,3,5,5,5,5,5,5,5,5,5,5,1,1,5,5,5,5,4,4,4,4,4,4,4,4,3,3,3,3,3,3,3,3","0.00091099739074707","leiden","edit-xhwikibooks.graphml"
"0.78","0.09","0.13","0.425733113522076","1,2,1,1,1,3,1,3,3,3,1,1,3,3,3,3,3,1,4,1,5,2,3,3,3,3,3,3,2,3,1,4,1,1,4,4,3,3,5,5,5,5,2,2,2,2,5,2,2,2,5,5,5,5,5,2,2,2,2,5,3,5,5,3,3,5,5,5,5,5,2,5,3,3,5,5,5,5,5,5,5,3,3,3,3,2,5,5,5,5,3,1,4,5,5,5,3,5,5,5,5,5,5,5,5,5,5,1,1,5,5,5,5,4,4,4,4,4,4,4,4,3,3,3,3,3,3,3,3","0.000852823257446289","leiden","edit-xhwikibooks.graphml"
"0.77","0.1","0.13","0.425601871465675","1,2,1,1,1,1,1,3,1,1,1,1,3,3,3,1,1,1,4,1,5,2,3,3,3,3,3,1,2,1,1,4,1,1,4,4,3,3,5,5,5,5,2,2,2,2,5,2,2,2,5,5,5,5,5,2,2,2,2,5,3,5,5,3,3,5,5,5,5,5,2,5,3,3,5,5,5,5,5,5,5,3,1,1,1,2,5,5,5,5,1,1,4,5,5,5,1,5,5,5,5,5,5,5,5,5,5,1,1,5,5,5,5,4,4,4,4,4,4,4,4,3,3,3,3,3,3,3,3","0.000849008560180664","leiden","edit-xhwikibooks.graphml"
"0.76","0.11","0.13","0.424895340892938","1,2,1,1,1,1,1,3,1,1,1,1,3,3,3,1,1,1,4,1,5,2,3,3,3,3,3,1,2,1,1,4,1,1,4,4,3,3,5,5,5,5,2,2,2,2,5,2,2,2,5,5,5,5,5,2,2,2,2,5,3,5,5,3,3,5,5,5,5,5,2,5,3,3,5,5,5,5,5,5,5,3,1,1,1,2,5,5,5,5,1,1,4,5,5,5,1,5,5,5,5,5,5,5,5,5,5,1,1,5,5,5,5,4,4,4,4,4,4,4,4,3,3,3,3,3,3,3,3","0.000885009765625","leiden","edit-xhwikibooks.graphml"
"0.75","0.12","0.13","0.463943798937009","1,2,1,1,3,1,3,4,1,1,3,3,4,4,4,1,1,3,5,3,6,2,4,4,4,4,4,1,2,1,3,5,3,3,5,5,4,4,6,6,6,6,2,2,2,2,6,2,2,2,6,6,6,6,6,2,2,2,2,6,4,6,6,4,4,6,6,6,6,6,2,6,4,4,6,6,6,6,6,6,6,4,1,1,1,2,6,6,6,6,1,3,5,6,6,6,1,6,6,6,6,6,6,6,6,6,6,3,3,6,6,6,6,5,5,5,5,5,5,5,5,4,4,4,4,4,4,4,4","0.000853061676025391","leiden","edit-xhwikibooks.graphml"
"0.74","0.13","0.13","0.46314858490566","1,2,1,1,1,3,1,3,3,3,1,1,3,3,3,4,3,1,5,1,6,2,3,3,3,3,3,4,2,3,1,5,1,1,5,5,3,3,6,6,6,6,2,2,2,2,6,2,2,2,6,6,6,6,6,2,2,2,2,6,3,6,6,3,3,6,6,6,6,6,2,6,3,3,6,6,6,6,6,6,6,3,4,4,4,2,6,6,6,6,3,1,5,6,6,6,4,6,6,6,6,6,6,6,6,6,6,1,1,6,6,6,6,5,5,5,5,5,5,5,5,3,3,3,3,3,3,3,3","0.000854969024658203","leiden","edit-xhwikibooks.graphml"
"0.73","0.14","0.13","0.452446727917932","1,2,1,1,1,1,1,3,1,1,1,1,3,3,3,1,1,1,4,1,5,2,3,3,3,3,3,1,2,1,1,4,1,1,4,4,3,3,5,5,5,5,2,2,2,2,5,2,2,2,5,5,5,5,5,2,2,2,2,5,6,5,5,3,3,5,5,5,5,5,2,5,3,3,5,5,5,5,5,5,5,3,1,1,1,7,5,5,5,5,8,9,10,5,5,5,1,5,5,5,5,5,5,5,5,5,5,1,1,5,5,5,5,4,4,4,4,4,4,4,4,3,3,3,3,3,3,3,3","0.000914096832275391","leiden","edit-xhwikibooks.graphml"
"0.72","0.15","0.13","0.455902832371241","1,2,1,1,1,1,1,3,1,1,1,1,3,3,3,1,1,1,4,1,5,2,3,3,3,3,3,1,2,1,1,4,1,1,4,4,3,3,5,5,5,5,2,2,2,2,5,2,2,2,5,5,5,5,5,2,2,2,2,5,6,5,5,3,3,5,5,5,5,5,2,5,3,3,5,5,5,5,5,5,5,3,1,1,1,7,5,5,5,5,8,9,10,5,5,5,1,5,5,5,5,5,5,5,5,5,5,1,1,5,5,5,5,4,4,4,4,4,4,4,4,3,3,3,3,3,3,3,3","0.000906944274902344","leiden","edit-xhwikibooks.graphml"
"0.71","0.16","0.13","0.458019661429953","1,2,1,1,1,1,1,3,1,1,1,1,3,3,3,1,1,1,4,1,5,2,3,3,3,3,3,1,2,1,1,4,1,1,4,4,3,3,5,5,5,5,2,2,2,2,5,2,2,2,5,5,5,5,5,2,2,2,2,5,6,5,5,3,3,5,5,5,5,5,2,5,3,3,5,5,5,5,5,5,5,3,1,1,1,7,5,5,5,5,8,9,10,5,5,5,1,5,5,5,5,5,5,5,5,5,5,1,1,5,5,5,5,4,4,4,4,4,4,4,4,3,3,3,3,3,3,3,3","0.000938177108764648","leiden","edit-xhwikibooks.graphml"
"0.7","0.17","0.13","0.459360553633218","1,2,1,1,1,3,1,3,3,3,1,1,3,3,3,4,3,1,5,1,6,2,3,3,3,3,3,4,2,3,1,5,1,1,5,5,3,3,6,6,6,6,2,2,2,2,6,2,2,2,6,6,6,6,6,2,2,2,2,6,7,6,6,3,3,6,6,6,6,6,2,6,3,3,6,6,6,6,6,6,6,3,4,4,4,8,6,6,6,6,9,10,11,6,6,6,4,6,6,6,6,6,6,6,6,6,6,1,1,6,6,6,6,5,5,5,5,5,5,5,5,3,3,3,3,3,3,3,3","0.00090789794921875","leiden","edit-xhwikibooks.graphml"
"0.69","0.18","0.13","0.459438062283737","1,2,1,1,1,3,1,3,3,3,1,1,3,3,3,4,3,1,5,1,6,2,3,3,3,3,3,4,2,3,1,5,1,1,5,5,3,3,6,6,6,6,2,2,2,2,6,2,2,2,6,6,6,6,6,2,2,2,2,6,7,6,6,3,3,6,6,6,6,6,2,6,3,3,6,6,6,6,6,6,6,3,4,4,4,8,6,6,6,6,9,10,11,6,6,6,4,6,6,6,6,6,6,6,6,6,6,1,1,6,6,6,6,5,5,5,5,5,5,5,5,3,3,3,3,3,3,3,3","0.000905990600585938","leiden","edit-xhwikibooks.graphml"
"0.68","0.19","0.13","0.458526196301439","1,3,1,1,1,2,1,2,2,2,1,1,2,2,2,2,2,1,4,1,5,3,2,2,2,2,2,2,3,2,1,4,1,1,4,4,2,2,5,5,5,5,3,3,3,3,5,3,3,3,5,5,5,5,5,3,3,3,3,5,6,5,5,2,2,5,5,5,5,5,3,5,2,2,5,5,5,5,5,5,5,2,2,2,2,7,5,5,5,5,8,9,10,5,5,5,2,5,5,5,5,5,5,5,5,5,5,1,1,5,5,5,5,4,4,4,4,4,4,4,4,2,2,2,2,2,2,2,2","0.000899076461791992","leiden","edit-xhwikibooks.graphml"
"0.67","0.2","0.13","0.461939907415495","1,4,1,1,1,2,1,2,2,2,5,1,2,2,2,3,2,5,5,1,6,4,2,2,2,2,2,3,4,2,5,5,1,1,5,5,2,2,6,6,6,6,4,4,4,4,6,4,4,4,6,6,6,6,6,4,4,4,4,6,7,6,6,2,2,6,6,6,6,6,4,6,2,2,6,6,6,6,6,6,6,2,3,3,3,8,6,6,6,6,9,10,11,6,6,6,3,6,6,6,6,6,6,6,6,6,6,1,1,6,6,6,6,5,5,5,5,5,5,5,5,2,2,2,2,2,2,2,2","0.000869989395141602","leiden","edit-xhwikibooks.graphml"
"0.66","0.21","0.13","0.461810140131818","1,2,1,1,1,3,1,3,3,3,1,1,3,3,3,4,3,1,5,1,6,2,3,3,3,3,3,4,2,3,1,5,1,1,5,5,3,3,6,6,6,6,2,2,2,2,6,2,2,2,6,6,6,6,6,2,2,2,2,6,7,6,6,3,3,6,6,6,6,6,2,6,3,3,6,6,6,6,6,6,6,3,4,4,4,8,6,6,6,6,9,10,11,6,6,6,4,6,6,6,6,6,6,6,6,6,6,1,1,6,6,6,6,5,5,5,5,5,5,5,5,3,3,3,3,3,3,3,3","0.000953197479248047","leiden","edit-xhwikibooks.graphml"
"0.65","0.22","0.13","0.461810140131818","1,2,1,1,1,3,1,3,3,3,1,1,3,3,3,4,3,1,5,1,6,2,3,3,3,3,3,4,2,3,1,5,1,1,5,5,3,3,6,6,6,6,2,2,2,2,6,2,2,2,6,6,6,6,6,2,2,2,2,6,7,6,6,3,3,6,6,6,6,6,2,6,3,3,6,6,6,6,6,6,6,3,4,4,4,8,6,6,6,6,9,10,11,6,6,6,4,6,6,6,6,6,6,6,6,6,6,1,1,6,6,6,6,5,5,5,5,5,5,5,5,3,3,3,3,3,3,3,3","0.000809907913208008","leiden","edit-xhwikibooks.graphml"
"0.64","0.23","0.13","0.465186685528121","1,2,1,1,1,1,1,3,1,1,1,1,3,3,3,1,1,1,4,1,5,2,3,3,3,3,3,1,2,1,1,4,1,1,4,4,3,3,5,5,5,5,2,2,2,2,5,2,2,2,5,5,5,5,5,2,2,2,2,5,6,5,5,3,3,5,5,5,5,5,2,5,3,3,5,5,5,5,5,5,5,3,1,1,1,7,5,5,5,5,8,9,10,5,5,5,1,5,5,5,5,5,5,5,5,5,5,1,1,5,5,5,5,4,4,4,4,4,4,4,4,3,3,3,3,3,3,3,3","0.000847101211547852","leiden","edit-xhwikibooks.graphml"
"0.63","0.24","0.13","0.469265645904564","1,2,1,1,1,1,1,3,1,1,1,1,3,3,3,1,1,1,4,1,5,2,3,3,3,3,3,1,2,1,1,4,1,1,4,4,3,3,5,5,5,5,2,2,2,2,5,2,2,2,5,5,5,5,5,2,2,2,2,5,6,5,5,3,3,5,5,5,5,5,2,5,3,3,5,5,5,5,5,5,5,3,1,1,1,7,5,5,5,5,8,9,10,5,5,5,1,5,5,5,5,5,5,5,5,5,5,1,1,5,5,5,5,4,4,4,4,4,4,4,4,3,3,3,3,3,3,3,3","0.000813007354736328","leiden","edit-xhwikibooks.graphml"
"0.62","0.25","0.13","0.475333692903037","1,2,1,3,1,3,1,4,3,3,1,1,4,4,4,3,3,1,5,1,6,2,4,4,4,4,4,3,2,3,1,5,1,1,5,5,4,4,6,6,6,6,2,2,2,2,6,2,2,2,6,6,6,6,6,2,2,2,2,6,7,6,6,4,4,6,6,6,6,6,2,6,4,4,6,6,6,6,6,6,6,4,3,3,3,8,6,6,6,6,9,10,11,6,6,6,3,6,6,6,6,6,6,6,6,6,6,1,1,6,6,6,6,5,5,5,5,5,5,5,5,4,4,4,4,4,4,4,4","0.000834941864013672","leiden","edit-xhwikibooks.graphml"
"0.61","0.26","0.13","0.475333692903037","1,2,1,3,1,3,1,4,3,3,1,1,4,4,4,3,3,1,5,1,6,2,4,4,4,4,4,3,2,3,1,5,1,1,5,5,4,4,6,6,6,6,2,2,2,2,6,2,2,2,6,6,6,6,6,2,2,2,2,6,7,6,6,4,4,6,6,6,6,6,2,6,4,4,6,6,6,6,6,6,6,4,3,3,3,8,6,6,6,6,9,10,11,6,6,6,3,6,6,6,6,6,6,6,6,6,6,1,1,6,6,6,6,5,5,5,5,5,5,5,5,4,4,4,4,4,4,4,4","0.000854015350341797","leiden","edit-xhwikibooks.graphml"
"0.6","0.27","0.13","0.458281458243066","1,2,1,1,1,1,1,3,1,1,1,1,3,3,3,1,4,1,5,1,6,2,3,3,3,3,3,1,2,7,8,5,1,1,5,5,3,3,6,6,6,6,2,2,2,2,6,2,2,2,6,6,6,6,6,2,2,2,2,6,9,6,6,10,11,6,6,6,6,6,2,6,3,3,6,6,6,6,6,6,6,12,1,1,1,13,6,6,6,6,14,15,16,6,6,6,17,6,6,6,6,6,6,6,6,6,6,18,19,6,6,6,6,5,5,5,5,5,5,5,5,3,3,3,3,3,3,3,3","0.000921964645385742","leiden","edit-xhwikibooks.graphml"
"0.59","0.28","0.13","0.45747991090925","1,2,1,1,1,1,1,3,1,1,1,1,3,3,3,1,4,1,5,1,6,2,3,3,3,3,3,1,2,7,8,5,1,1,5,5,3,3,6,6,6,6,2,2,2,2,6,2,2,2,6,6,6,6,6,2,2,2,2,6,9,6,6,10,11,6,6,6,6,6,2,6,3,3,6,6,6,6,6,6,6,12,1,1,1,13,6,6,6,6,14,15,16,6,6,6,17,6,6,6,6,6,6,6,6,6,6,18,19,6,6,6,6,5,5,5,5,5,5,5,5,3,3,3,3,3,3,3,3","0.000969886779785156","leiden","edit-xhwikibooks.graphml"
"0.58","0.29","0.13","0.461452136289886","1,2,1,1,1,3,1,3,3,3,1,1,3,3,3,4,5,1,6,1,7,2,3,3,3,3,3,4,2,8,9,6,1,1,6,6,3,3,7,7,7,7,2,2,2,2,7,2,2,2,7,7,7,7,7,2,2,2,2,7,10,7,7,11,12,7,7,7,7,7,2,7,3,3,7,7,7,7,7,7,7,13,4,4,4,14,7,7,7,7,15,16,17,7,7,7,18,7,7,7,7,7,7,7,7,7,7,19,20,7,7,7,7,6,6,6,6,6,6,6,6,3,3,3,3,3,3,3,3","0.00086212158203125","leiden","edit-xhwikibooks.graphml"
"0.57","0.3","0.13","0.462922775205761","1,2,1,1,1,3,1,3,3,3,1,1,3,3,3,4,5,1,6,1,7,2,3,3,3,3,3,4,2,8,9,6,1,1,6,6,3,3,7,7,7,7,2,2,2,2,7,2,2,2,7,7,7,7,7,2,2,2,2,7,10,7,7,11,12,7,7,7,7,7,2,7,3,3,7,7,7,7,7,7,7,13,4,4,4,14,7,7,7,7,15,16,17,7,7,7,18,7,7,7,7,7,7,7,7,7,7,19,20,7,7,7,7,6,6,6,6,6,6,6,6,3,3,3,3,3,3,3,3","0.000861883163452148","leiden","edit-xhwikibooks.graphml"
"0.56","0.31","0.13","0.459321254732288","1,2,1,1,1,3,1,3,3,3,1,1,3,3,3,4,5,1,1,1,6,2,3,3,3,3,3,4,2,7,8,1,1,1,9,9,3,3,6,6,6,6,2,2,2,2,6,2,2,2,6,6,6,6,6,2,2,2,2,6,10,6,6,11,12,6,6,6,6,6,2,6,3,3,6,6,6,6,6,6,6,13,4,4,4,14,6,6,6,6,15,16,17,6,6,6,18,6,6,6,6,6,6,6,6,6,6,19,20,6,6,6,6,9,9,9,9,9,9,9,9,3,3,3,3,3,3,3,3","0.00103378295898438","leiden","edit-xhwikibooks.graphml"
"0.55","0.32","0.13","0.458521971780944","1,2,1,1,1,3,1,3,3,3,1,1,3,3,3,4,5,1,1,1,6,2,3,3,3,3,3,4,2,7,8,1,1,1,9,9,3,3,6,6,6,6,2,2,2,2,6,2,2,2,6,6,6,6,6,2,2,2,2,6,10,6,6,11,12,6,6,6,6,6,2,6,3,3,6,6,6,6,6,6,6,13,4,4,4,14,6,6,6,6,15,16,17,6,6,6,18,6,6,6,6,6,6,6,6,6,6,19,20,6,6,6,6,9,9,9,9,9,9,9,9,3,3,3,3,3,3,3,3","0.000892877578735352","leiden","edit-xhwikibooks.graphml"
"0.54","0.33","0.13","0.458217817518209","1,2,1,1,1,1,1,3,1,1,1,1,3,3,3,1,4,1,1,1,5,2,3,3,3,3,3,1,2,6,7,1,1,1,8,8,3,3,5,5,5,5,2,2,2,2,5,2,2,2,5,5,5,5,5,2,2,2,2,5,9,5,5,10,11,5,5,5,5,5,2,5,3,3,5,5,5,5,5,5,5,12,1,1,1,13,5,5,5,5,14,15,16,5,5,5,17,5,5,5,5,5,5,5,5,5,5,18,19,5,5,5,5,8,8,8,8,8,8,8,8,3,3,3,3,3,3,3,3","0.00091099739074707","leiden","edit-xhwikibooks.graphml"
"0.53","0.34","0.13","0.485996601580567","1,2,1,1,1,3,1,3,3,3,1,1,3,3,3,4,5,1,1,1,6,2,3,3,3,3,3,4,2,7,8,1,1,1,9,9,3,3,6,6,6,6,2,2,2,2,6,2,2,2,6,6,6,6,6,2,2,2,2,6,10,6,6,11,12,6,6,6,6,6,2,6,3,3,6,6,6,6,6,6,6,13,4,4,4,14,6,6,6,6,15,16,17,6,6,6,18,6,6,6,6,6,6,6,6,6,6,19,20,6,6,6,6,9,9,9,9,9,9,9,9,3,3,3,3,3,3,3,3","0.00107002258300781","leiden","edit-xhwikibooks.graphml"
"0.52","0.35","0.13","0.485996601580567","1,2,1,1,1,3,1,3,3,3,1,1,3,3,3,4,5,1,1,1,6,2,3,3,3,3,3,4,2,7,8,1,1,1,9,9,3,3,6,6,6,6,2,2,2,2,6,2,2,2,6,6,6,6,6,2,2,2,2,6,10,6,6,11,12,6,6,6,6,6,2,6,3,3,6,6,6,6,6,6,6,13,4,4,4,14,6,6,6,6,15,16,17,6,6,6,18,6,6,6,6,6,6,6,6,6,6,19,20,6,6,6,6,9,9,9,9,9,9,9,9,3,3,3,3,3,3,3,3","0.000906944274902344","leiden","edit-xhwikibooks.graphml"
"0.51","0.36","0.13","0.484853034648089","1,3,1,1,1,1,2,4,1,1,2,2,4,4,4,1,5,2,2,2,6,3,4,4,4,4,4,1,3,7,8,2,2,2,9,9,4,4,6,6,6,6,3,3,3,3,6,3,3,3,6,6,6,6,6,3,3,3,3,6,10,6,6,11,12,6,6,6,6,6,3,6,4,4,6,6,6,6,6,6,6,13,1,1,1,14,6,6,6,6,15,16,17,6,6,6,18,6,6,6,6,6,6,6,6,6,6,19,20,6,6,6,6,9,9,9,9,9,9,9,9,4,4,4,4,4,4,4,4","0.000922918319702148","leiden","edit-xhwikibooks.graphml"
"0.5","0.37","0.13","0.485200866827821","1,2,1,1,1,3,1,3,3,3,1,1,3,3,3,4,5,1,1,1,6,2,3,3,3,3,3,4,2,7,8,1,1,1,9,9,3,3,6,6,6,6,2,2,2,2,6,2,2,2,6,6,6,6,6,2,2,2,2,6,10,6,6,11,12,6,6,6,6,6,2,6,3,3,6,6,6,6,6,6,6,13,4,4,4,14,6,6,6,6,15,16,17,6,6,6,18,6,6,6,6,6,6,6,6,6,6,19,20,6,6,6,6,9,9,9,9,9,9,9,9,3,3,3,3,3,3,3,3","0.000901937484741211","leiden","edit-xhwikibooks.graphml"
"0.49","0.38","0.13","0.486264949082594","1,2,1,1,1,3,1,3,3,3,1,1,3,3,3,4,5,1,1,1,6,2,3,3,3,3,3,4,2,7,8,1,1,1,9,9,3,3,6,6,6,6,2,2,2,2,6,2,2,2,6,6,6,6,6,2,2,2,2,6,10,6,6,11,12,6,6,6,6,6,2,6,3,3,6,6,6,6,6,6,6,13,4,4,4,14,6,6,6,6,15,16,17,6,6,6,18,6,6,6,6,6,6,6,6,6,6,19,20,6,6,6,6,9,9,9,9,9,9,9,9,3,3,3,3,3,3,3,3","0.000929117202758789","leiden","edit-xhwikibooks.graphml"
"0.48","0.39","0.13","0.487698765432099","1,2,1,1,1,3,1,3,3,3,1,1,3,3,3,3,4,1,1,1,5,2,3,3,3,3,3,3,2,6,7,1,1,1,8,8,9,3,5,5,5,5,2,2,2,2,5,2,2,2,5,5,5,5,5,2,2,2,2,5,10,5,5,11,12,5,5,5,5,5,2,5,3,3,5,5,5,5,5,5,5,13,3,3,3,14,5,5,5,5,15,16,17,5,5,5,18,5,5,5,5,5,5,5,5,5,5,19,20,5,5,5,5,8,8,8,8,8,8,8,8,9,9,9,9,9,9,9,9","0.000916004180908203","leiden","edit-xhwikibooks.graphml"
"0.47","0.4","0.13","0.465961156282917","1,1,1,2,3,2,4,2,2,2,4,5,2,2,2,2,6,7,4,8,9,1,10,2,2,2,2,2,1,11,12,13,8,14,4,4,2,2,9,9,9,9,1,1,1,1,9,1,1,1,9,9,9,9,9,1,1,1,1,9,15,9,9,16,17,9,9,9,9,9,1,9,18,19,9,9,9,9,9,9,9,20,21,22,23,24,9,9,9,9,25,26,27,9,9,9,28,9,9,9,9,9,9,9,9,9,9,29,30,9,9,9,9,4,4,4,4,4,4,4,4,2,2,2,2,2,2,2,2","0.00111293792724609","leiden","edit-xhwikibooks.graphml"
"0.46","0.41","0.13","0.465961156282917","1,1,1,2,3,2,4,2,2,2,4,5,2,2,2,2,6,7,4,8,9,1,10,2,2,2,2,2,1,11,12,13,8,14,4,4,2,2,9,9,9,9,1,1,1,1,9,1,1,1,9,9,9,9,9,1,1,1,1,9,15,9,9,16,17,9,9,9,9,9,1,9,18,19,9,9,9,9,9,9,9,20,21,22,23,24,9,9,9,9,25,26,27,9,9,9,28,9,9,9,9,9,9,9,9,9,9,29,30,9,9,9,9,4,4,4,4,4,4,4,4,2,2,2,2,2,2,2,2","0.00109601020812988","leiden","edit-xhwikibooks.graphml"
"0.45","0.42","0.13","0.465183367768595","1,1,1,2,3,2,4,2,2,2,4,5,2,2,2,2,6,7,4,8,9,1,10,2,2,2,2,2,1,11,12,13,8,14,4,4,2,2,9,9,9,9,1,1,1,1,9,1,1,1,9,9,9,9,9,1,1,1,1,9,15,9,9,16,17,9,9,9,9,9,1,9,18,19,9,9,9,9,9,9,9,20,21,22,23,24,9,9,9,9,25,26,27,9,9,9,28,9,9,9,9,9,9,9,9,9,9,29,30,9,9,9,9,4,4,4,4,4,4,4,4,2,2,2,2,2,2,2,2","0.00109696388244629","leiden","edit-xhwikibooks.graphml"
"0.44","0.43","0.13","0.469075674126246","1,1,1,2,4,2,5,2,2,2,5,6,2,2,2,2,7,8,5,9,10,1,11,2,2,2,2,2,1,12,13,14,9,15,5,5,3,2,10,10,10,10,1,1,1,1,10,1,1,1,10,10,10,10,10,1,1,1,1,10,16,10,10,17,18,10,10,10,10,10,1,10,19,20,10,10,10,10,10,10,10,21,22,23,24,25,10,10,10,10,26,27,28,10,10,10,29,10,10,10,10,10,10,10,10,10,10,30,31,10,10,10,10,5,5,5,5,5,5,5,5,3,3,3,3,3,3,3,3","0.00102591514587402","leiden","edit-xhwikibooks.graphml"
"0.43","0.44","0.13","0.466362789459675","1,1,1,2,3,2,4,2,2,2,4,5,2,2,2,2,6,7,4,8,9,1,10,2,2,2,2,2,1,11,12,13,8,14,4,4,2,2,9,9,9,9,1,1,1,1,9,1,1,1,9,9,9,9,9,1,1,1,1,9,15,9,9,16,17,9,9,9,9,9,1,9,18,19,9,9,9,9,9,9,9,20,21,22,23,24,9,9,9,9,25,26,27,9,9,9,28,9,9,9,9,9,9,9,9,9,9,29,30,9,9,9,9,4,4,4,4,4,4,4,4,2,2,2,2,2,2,2,2","0.00100898742675781","leiden","edit-xhwikibooks.graphml"
"0.42","0.45","0.13","0.470449334469605","1,1,1,2,4,2,5,2,2,2,5,6,2,2,2,2,7,8,5,9,10,1,11,2,2,2,2,2,1,12,13,14,9,15,5,5,3,2,10,10,10,10,1,1,1,1,10,1,1,1,10,10,10,10,10,1,1,1,1,10,16,10,10,17,18,10,10,10,10,10,1,10,19,20,10,10,10,10,10,10,10,21,22,23,24,25,10,10,10,10,26,27,28,10,10,10,29,10,10,10,10,10,10,10,10,10,10,30,31,10,10,10,10,5,5,5,5,5,5,5,5,3,3,3,3,3,3,3,3","0.00102591514587402","leiden","edit-xhwikibooks.graphml"
"0.41","0.46","0.13","0.469665446282035","1,1,1,2,4,2,5,2,2,2,5,6,2,2,2,2,7,8,5,9,10,1,11,2,2,2,2,2,1,12,13,14,9,15,5,5,3,2,10,10,10,10,1,1,1,1,10,1,1,1,10,10,10,10,10,1,1,1,1,10,16,10,10,17,18,10,10,10,10,10,1,10,19,20,10,10,10,10,10,10,10,21,22,23,24,25,10,10,10,10,26,27,28,10,10,10,29,10,10,10,10,10,10,10,10,10,10,30,31,10,10,10,10,5,5,5,5,5,5,5,5,3,3,3,3,3,3,3,3","0.00118398666381836","leiden","edit-xhwikibooks.graphml"
"0.4","0.47","0.13","0.471543264493555","1,1,1,2,3,2,4,2,2,2,4,5,2,2,2,2,6,7,4,8,9,1,10,2,2,2,2,2,1,11,12,13,8,14,4,4,15,2,9,9,9,9,1,1,1,1,9,1,1,1,9,9,9,9,9,1,1,1,1,9,16,9,9,17,18,9,9,9,9,9,1,9,19,20,9,9,9,9,9,9,9,21,22,23,24,25,9,9,9,9,26,27,28,9,9,9,29,9,9,9,9,9,9,9,9,9,9,30,31,9,9,9,9,4,4,4,4,4,4,4,4,15,15,15,15,15,15,15,15","0.0196678638458252","leiden","edit-xhwikibooks.graphml"
"0.39","0.48","0.13","0.470762077784284","1,1,1,2,3,2,4,2,2,2,4,5,2,2,2,2,6,7,4,8,9,1,10,2,2,2,2,2,1,11,12,13,8,14,4,4,15,2,9,9,9,9,1,1,1,1,9,1,1,1,9,9,9,9,9,1,1,1,1,9,16,9,9,17,18,9,9,9,9,9,1,9,19,20,9,9,9,9,9,9,9,21,22,23,24,25,9,9,9,9,26,27,28,9,9,9,29,9,9,9,9,9,9,9,9,9,9,30,31,9,9,9,9,4,4,4,4,4,4,4,4,15,15,15,15,15,15,15,15","0.00124192237854004","leiden","edit-xhwikibooks.graphml"
"0.38","0.49","0.13","0.470762077784284","1,1,1,2,4,2,5,2,2,2,5,6,2,2,2,2,7,8,5,9,10,1,11,2,2,2,2,2,1,12,13,14,9,15,5,5,3,2,10,10,10,10,1,1,1,1,10,1,1,1,10,10,10,10,10,1,1,1,1,10,16,10,10,17,18,10,10,10,10,10,1,10,19,20,10,10,10,10,10,10,10,21,22,23,24,25,10,10,10,10,26,27,28,10,10,10,29,10,10,10,10,10,10,10,10,10,10,30,31,10,10,10,10,5,5,5,5,5,5,5,5,3,3,3,3,3,3,3,3","0.00108098983764648","leiden","edit-xhwikibooks.graphml"
"0.37","0.5","0.13","0.542848172384163","1,1,1,2,3,2,4,5,2,2,4,6,5,5,5,2,7,8,4,9,10,1,11,5,5,5,5,2,1,12,13,14,9,15,16,16,5,5,10,10,10,10,1,1,1,1,10,1,1,1,10,10,10,10,10,1,1,1,1,10,17,10,10,18,19,10,10,10,10,10,1,10,20,21,10,10,10,10,10,10,10,22,23,24,25,26,10,10,10,10,27,28,29,10,10,10,30,10,10,10,10,10,10,10,10,10,10,31,32,10,10,10,10,16,16,16,16,16,16,16,16,5,5,5,5,5,5,5,5","0.000946044921875","leiden","edit-xhwikibooks.graphml"
"0.36","0.51","0.13","0.542848172384163","1,1,1,2,3,2,4,5,2,2,4,6,5,5,5,2,7,8,4,9,10,1,11,5,5,5,5,2,1,12,13,14,9,15,16,16,5,5,10,10,10,10,1,1,1,1,10,1,1,1,10,10,10,10,10,1,1,1,1,10,17,10,10,18,19,10,10,10,10,10,1,10,20,21,10,10,10,10,10,10,10,22,23,24,25,26,10,10,10,10,27,28,29,10,10,10,30,10,10,10,10,10,10,10,10,10,10,31,32,10,10,10,10,16,16,16,16,16,16,16,16,5,5,5,5,5,5,5,5","0.000875949859619141","leiden","edit-xhwikibooks.graphml"
"0.35","0.52","0.13","0.542848172384163","1,1,1,2,3,2,4,5,2,2,4,6,5,5,5,2,7,8,4,9,10,1,11,5,5,5,5,2,1,12,13,14,9,15,16,16,5,5,10,10,10,10,1,1,1,1,10,1,1,1,10,10,10,10,10,1,1,1,1,10,17,10,10,18,19,10,10,10,10,10,1,10,20,21,10,10,10,10,10,10,10,22,23,24,25,26,10,10,10,10,27,28,29,10,10,10,30,10,10,10,10,10,10,10,10,10,10,31,32,10,10,10,10,16,16,16,16,16,16,16,16,5,5,5,5,5,5,5,5","0.000940084457397461","leiden","edit-xhwikibooks.graphml"
"0.34","0.53","0.13","0.538073719283632","1,1,1,2,3,2,4,5,2,2,6,7,5,5,5,2,8,9,10,11,12,1,13,5,5,5,5,2,1,14,15,16,17,18,10,10,5,5,12,12,12,12,1,1,1,1,12,1,1,1,12,12,12,12,12,1,1,1,1,12,19,12,12,20,21,12,12,12,12,12,1,12,22,23,12,12,12,12,12,12,12,24,25,26,27,28,12,12,12,12,29,30,31,12,12,12,32,12,12,12,12,12,12,12,12,12,12,33,34,12,12,12,12,10,10,10,10,10,10,10,10,5,5,5,5,5,5,5,5","0.000885963439941406","leiden","edit-xhwikibooks.graphml"
"0.33","0.54","0.13","0.539526134369777","1,1,1,2,3,2,4,5,2,2,6,7,5,5,5,2,8,9,10,11,12,1,13,5,5,5,5,2,1,14,15,16,17,18,10,10,5,5,12,12,12,12,1,1,1,1,12,1,1,1,12,12,12,12,12,1,1,1,1,12,19,12,12,20,21,12,12,12,12,12,1,12,22,23,12,12,12,12,12,12,12,24,25,26,27,28,12,12,12,12,29,30,31,12,12,12,32,12,12,12,12,12,12,12,12,12,12,33,34,12,12,12,12,10,10,10,10,10,10,10,10,5,5,5,5,5,5,5,5","0.000893115997314453","leiden","edit-xhwikibooks.graphml"
"0.32","0.55","0.13","0.538768672747704","1,1,1,2,3,2,4,5,2,2,6,7,5,5,5,2,8,9,10,11,12,1,13,5,5,5,5,2,1,14,15,16,17,18,10,10,5,5,12,12,12,12,1,1,1,1,12,1,1,1,12,12,12,12,12,1,1,1,1,12,19,12,12,20,21,12,12,12,12,12,1,12,22,23,12,12,12,12,12,12,12,24,25,26,27,28,12,12,12,12,29,30,31,12,12,12,32,12,12,12,12,12,12,12,12,12,12,33,34,12,12,12,12,10,10,10,10,10,10,10,10,5,5,5,5,5,5,5,5","0.000900983810424805","leiden","edit-xhwikibooks.graphml"
"0.31","0.56","0.13","0.541516415610811","1,1,1,2,3,2,4,5,2,2,6,7,5,5,5,2,8,9,10,11,12,1,13,5,5,5,5,2,1,14,15,16,17,18,10,10,5,5,12,12,12,12,1,1,1,1,12,1,1,1,12,12,12,12,12,1,1,1,1,12,19,12,12,20,21,12,12,12,12,12,1,12,22,23,12,12,12,12,12,12,12,24,25,26,27,28,12,12,12,12,29,30,31,12,12,12,32,12,12,12,12,12,12,12,12,12,12,33,34,12,12,12,12,10,10,10,10,10,10,10,10,5,5,5,5,5,5,5,5","0.00112295150756836","leiden","edit-xhwikibooks.graphml"
"0.3","0.57","0.13","0.514235841395382","1,1,1,2,3,2,4,5,2,2,6,7,5,5,5,2,8,9,10,11,12,1,13,5,5,5,5,2,1,14,15,16,17,18,10,10,5,5,12,12,12,12,1,1,1,1,12,1,1,1,12,12,12,12,12,1,1,1,1,12,19,12,12,20,21,12,12,12,12,12,1,12,22,23,12,12,12,12,12,12,12,24,25,26,27,28,12,12,12,12,29,30,31,12,12,12,32,12,12,12,12,12,12,12,12,12,12,33,34,12,12,12,12,10,10,10,10,10,10,10,10,5,5,5,5,5,5,5,5","0.00101590156555176","leiden","edit-xhwikibooks.graphml"
"0.29","0.58","0.13","0.518963480807702","1,1,1,2,3,2,4,5,2,2,6,7,5,5,5,2,8,9,10,11,12,1,13,5,5,5,5,2,1,14,15,16,17,18,10,10,5,5,12,12,12,12,1,1,1,1,12,1,1,1,12,12,12,12,12,1,1,1,1,12,19,12,12,20,21,12,12,12,12,12,1,12,22,23,12,12,12,12,12,12,12,24,25,26,27,28,12,12,12,12,29,30,31,12,12,12,32,12,12,12,12,12,12,12,12,12,12,33,34,12,12,12,12,10,10,10,10,10,10,10,10,5,5,5,5,5,5,5,5","0.000875949859619141","leiden","edit-xhwikibooks.graphml"
"0.28","0.59","0.13","0.518192274305556","1,1,1,2,3,2,4,5,2,2,6,7,5,5,5,2,8,9,10,11,12,1,13,5,5,5,5,2,1,14,15,16,17,18,10,10,5,5,12,12,12,12,1,1,1,1,12,1,1,1,12,12,12,12,12,1,1,1,1,12,19,12,12,20,21,12,12,12,12,12,1,12,22,23,12,12,12,12,12,12,12,24,25,26,27,28,12,12,12,12,29,30,31,12,12,12,32,12,12,12,12,12,12,12,12,12,12,33,34,12,12,12,12,10,10,10,10,10,10,10,10,5,5,5,5,5,5,5,5","0.000891208648681641","leiden","edit-xhwikibooks.graphml"
"0.27","0.6","0.13","0.521614211187824","1,1,1,2,3,2,4,5,2,2,6,7,5,5,5,2,8,9,10,11,12,1,13,5,5,5,5,2,1,14,15,16,17,18,10,10,19,5,12,12,12,12,1,1,1,1,12,1,1,1,12,12,12,12,12,1,1,1,1,12,20,12,12,21,22,12,12,12,12,12,1,12,23,24,12,12,12,12,12,12,12,25,26,27,28,29,12,12,12,12,30,31,32,12,12,12,33,12,12,12,12,12,12,12,12,12,12,34,35,12,12,12,12,10,10,10,10,10,10,10,10,19,19,19,19,19,19,19,19","0.000916957855224609","leiden","edit-xhwikibooks.graphml"
"0.26","0.61","0.13","0.520836816137923","1,1,1,2,3,2,4,5,2,2,6,7,5,5,5,2,8,9,10,11,12,1,13,5,5,5,5,2,1,14,15,16,17,18,10,10,19,5,12,12,12,12,1,1,1,1,12,1,1,1,12,12,12,12,12,1,1,1,1,12,20,12,12,21,22,12,12,12,12,12,1,12,23,24,12,12,12,12,12,12,12,25,26,27,28,29,12,12,12,12,30,31,32,12,12,12,33,12,12,12,12,12,12,12,12,12,12,34,35,12,12,12,12,10,10,10,10,10,10,10,10,19,19,19,19,19,19,19,19","0.000885963439941406","leiden","edit-xhwikibooks.graphml"
"0.25","0.62","0.13","0.522456201762175","1,1,1,2,3,2,4,5,2,2,6,7,5,5,5,2,8,9,10,11,12,1,13,5,5,5,5,2,1,14,15,16,17,18,10,10,19,5,12,12,12,12,1,1,1,1,12,1,1,1,12,12,12,12,12,1,1,1,1,12,20,12,12,21,22,12,12,12,12,12,1,12,23,24,12,12,12,12,12,12,12,25,26,27,28,29,12,12,12,12,30,31,32,12,12,12,33,12,12,12,12,12,12,12,12,12,12,34,35,12,12,12,12,10,10,10,10,10,10,10,10,19,19,19,19,19,19,19,19","0.000908851623535156","leiden","edit-xhwikibooks.graphml"
"0.24","0.63","0.13","0.523283628850615","1,1,1,2,3,2,4,5,2,2,6,7,5,5,5,2,8,9,10,11,12,1,13,5,5,5,5,2,1,14,15,16,17,18,10,10,19,5,12,12,12,12,1,1,1,1,12,1,1,1,12,12,12,12,12,1,1,1,1,12,20,12,12,21,22,12,12,12,12,12,1,12,23,24,12,12,12,12,12,12,12,25,26,27,28,29,12,12,12,12,30,31,32,12,12,12,33,12,12,12,12,12,12,12,12,12,12,34,35,12,12,12,12,10,10,10,10,10,10,10,10,19,19,19,19,19,19,19,19","0.000869035720825195","leiden","edit-xhwikibooks.graphml"
"0.23","0.64","0.13","0.524933574237432","1,1,1,2,3,2,4,5,2,2,6,7,5,5,5,2,8,9,10,11,12,1,13,5,5,5,5,2,1,14,15,16,17,18,10,10,19,5,12,12,12,12,1,1,1,1,12,1,1,1,12,12,12,12,12,1,1,1,1,12,20,12,12,21,22,12,12,12,12,12,1,12,23,24,12,12,12,12,12,12,12,25,26,27,28,29,12,12,12,12,30,31,32,12,12,12,33,12,12,12,12,12,12,12,12,12,12,34,35,12,12,12,12,10,10,10,10,10,10,10,10,19,19,19,19,19,19,19,19","0.00088810920715332","leiden","edit-xhwikibooks.graphml"
"0.22","0.65","0.13","0.52415578587275","1,1,1,2,3,2,4,5,2,2,7,8,5,5,5,2,9,10,11,12,13,1,14,5,5,5,5,2,1,15,16,17,18,19,11,11,6,5,13,13,13,13,1,1,1,1,13,1,1,1,13,13,13,13,13,1,1,1,1,13,20,13,13,21,22,13,13,13,13,13,1,13,23,24,13,13,13,13,13,13,13,25,26,27,28,29,13,13,13,13,30,31,32,13,13,13,33,13,13,13,13,13,13,13,13,13,13,34,35,13,13,13,13,11,11,11,11,11,11,11,11,6,6,6,6,6,6,6,6","0.000868082046508789","leiden","edit-xhwikibooks.graphml"
"0.21","0.66","0.13","0.516247829861111","1,1,1,2,3,4,5,4,4,6,7,8,4,4,4,4,9,10,11,12,13,1,14,4,4,4,4,15,16,17,18,19,20,21,11,11,22,4,13,13,13,13,1,1,1,1,13,1,1,1,13,13,13,13,13,1,1,1,1,13,23,13,13,24,25,13,13,13,13,13,1,13,26,27,13,13,13,13,13,13,13,28,29,30,31,32,13,13,13,13,33,34,35,13,13,13,36,13,13,13,13,13,13,13,13,13,13,37,38,13,13,13,13,11,11,11,11,11,11,11,11,22,22,22,22,22,22,22,22","0.000977993011474609","leiden","edit-xhwikibooks.graphml"
"0.2","0.67","0.13","0.538328741965106","1,1,1,2,3,4,5,6,6,7,8,9,6,6,6,4,10,11,12,13,14,1,15,6,6,6,6,16,17,18,19,20,21,22,12,12,23,6,14,14,14,14,1,1,1,1,14,1,1,1,14,14,14,14,14,1,1,1,1,14,24,14,14,25,26,14,14,14,14,14,1,14,27,28,14,14,14,14,14,14,14,29,30,31,32,33,14,14,14,14,34,35,36,14,14,14,37,14,14,14,14,14,14,14,14,14,14,38,39,14,14,14,14,12,12,12,12,12,12,12,12,23,23,23,23,23,23,23,23","0.000912904739379883","leiden","edit-xhwikibooks.graphml"
"0.19","0.68","0.13","0.538328741965106","1,1,1,2,3,4,5,6,6,7,8,9,6,6,6,4,10,11,12,13,14,1,15,6,6,6,6,16,17,18,19,20,21,22,12,12,23,6,14,14,14,14,1,1,1,1,14,1,1,1,14,14,14,14,14,1,1,1,1,14,24,14,14,25,26,14,14,14,14,14,1,14,27,28,14,14,14,14,14,14,14,29,30,31,32,33,14,14,14,14,34,35,36,14,14,14,37,14,14,14,14,14,14,14,14,14,14,38,39,14,14,14,14,12,12,12,12,12,12,12,12,23,23,23,23,23,23,23,23","0.000929117202758789","leiden","edit-xhwikibooks.graphml"
"0.18","0.69","0.13","0.537554468002081","1,1,1,2,3,4,5,6,6,7,8,9,6,6,6,4,10,11,12,13,14,1,15,6,6,6,6,16,17,18,19,20,21,22,12,12,23,6,14,14,14,14,1,1,1,1,14,1,1,1,14,14,14,14,14,1,1,1,1,14,24,14,14,25,26,14,14,14,14,14,1,14,27,28,14,14,14,14,14,14,14,29,30,31,32,33,14,14,14,14,34,35,36,14,14,14,37,14,14,14,14,14,14,14,14,14,14,38,39,14,14,14,14,12,12,12,12,12,12,12,12,23,23,23,23,23,23,23,23","0.000993967056274414","leiden","edit-xhwikibooks.graphml"
"0.17","0.7","0.13","0.539085620362012","1,1,1,2,3,4,5,6,6,8,9,10,6,6,6,4,11,12,13,14,15,1,16,6,6,6,6,17,18,19,20,21,22,23,13,13,7,6,15,15,15,15,1,1,1,1,15,1,1,1,15,15,15,15,15,1,1,1,1,15,24,15,15,25,26,15,15,15,15,15,1,15,27,28,15,15,15,15,15,15,15,29,30,31,32,33,15,15,15,15,34,35,36,15,15,15,37,15,15,15,15,15,15,15,15,15,15,38,39,15,15,15,15,13,13,13,13,13,13,13,13,7,7,7,7,7,7,7,7","0.00088810920715332","leiden","edit-xhwikibooks.graphml"
"0.16","0.71","0.13","0.538313898162933","1,1,1,2,3,4,5,6,6,8,9,10,6,6,6,4,11,12,13,14,15,1,16,6,6,6,6,17,18,19,20,21,22,23,13,13,7,6,15,15,15,15,1,1,1,1,15,1,1,1,15,15,15,15,15,1,1,1,1,15,24,15,15,25,26,15,15,15,15,15,1,15,27,28,15,15,15,15,15,15,15,29,30,31,32,33,15,15,15,15,34,35,36,15,15,15,37,15,15,15,15,15,15,15,15,15,15,38,39,15,15,15,15,13,13,13,13,13,13,13,13,7,7,7,7,7,7,7,7","0.000894069671630859","leiden","edit-xhwikibooks.graphml"
"0.15","0.72","0.13","0.541112","1,1,1,2,3,4,5,6,6,8,9,10,6,6,6,4,11,12,13,14,15,1,16,6,6,6,6,17,18,19,20,21,22,23,13,13,7,6,15,15,15,15,1,1,1,1,15,1,1,1,15,15,15,15,15,1,1,1,1,15,24,15,15,25,26,15,15,15,15,15,1,15,27,28,15,15,15,15,15,15,15,29,30,31,32,33,15,15,15,15,34,35,36,15,15,15,37,15,15,15,15,15,15,15,15,15,15,38,39,15,15,15,15,13,13,13,13,13,13,13,13,7,7,7,7,7,7,7,7","0.000914096832275391","leiden","edit-xhwikibooks.graphml"
"0.14","0.73","0.13","0.540344460779041","1,1,1,2,3,4,5,6,6,7,8,9,6,6,6,4,10,11,12,13,14,1,15,6,6,6,6,16,17,18,19,20,21,22,12,12,23,6,14,14,14,14,1,1,1,1,14,1,1,1,14,14,14,14,14,1,1,1,1,14,24,14,14,25,26,14,14,14,14,14,1,14,27,28,14,14,14,14,14,14,14,29,30,31,32,33,14,14,14,14,34,35,36,14,14,14,37,14,14,14,14,14,14,14,14,14,14,38,39,14,14,14,14,12,12,12,12,12,12,12,12,23,23,23,23,23,23,23,23","0.000921964645385742","leiden","edit-xhwikibooks.graphml"
"0.13","0.74","0.13","0.540344460779041","1,1,1,2,3,4,5,6,6,7,8,9,6,6,6,4,10,11,12,13,14,1,15,6,6,6,6,16,17,18,19,20,21,22,12,12,23,6,14,14,14,14,1,1,1,1,14,1,1,1,14,14,14,14,14,1,1,1,1,14,24,14,14,25,26,14,14,14,14,14,1,14,27,28,14,14,14,14,14,14,14,29,30,31,32,33,14,14,14,14,34,35,36,14,14,14,37,14,14,14,14,14,14,14,14,14,14,38,39,14,14,14,14,12,12,12,12,12,12,12,12,23,23,23,23,23,23,23,23","0.000928878784179688","leiden","edit-xhwikibooks.graphml"
"0.12","0.75","0.13","0.545692793200956","1,1,1,2,3,4,5,6,6,8,9,10,6,6,6,4,11,12,13,14,15,1,16,6,6,6,6,17,18,19,20,21,22,23,13,13,7,6,15,15,15,15,1,1,1,1,15,1,1,1,15,15,15,15,15,1,1,1,1,15,24,15,15,25,26,15,15,15,15,15,1,15,27,28,15,15,15,15,15,15,15,29,30,31,32,33,15,15,15,15,34,35,36,15,15,15,37,15,15,15,15,15,15,15,15,15,15,38,39,15,15,15,15,13,13,13,13,13,13,13,13,7,7,7,7,7,7,7,7","0.000910043716430664","leiden","edit-xhwikibooks.graphml"
"0.11","0.76","0.13","0.545692793200956","1,1,1,2,3,4,5,6,6,8,9,10,6,6,6,4,11,12,13,14,15,1,16,6,6,6,6,17,18,19,20,21,22,23,13,13,7,6,15,15,15,15,1,1,1,1,15,1,1,1,15,15,15,15,15,1,1,1,1,15,24,15,15,25,26,15,15,15,15,15,1,15,27,28,15,15,15,15,15,15,15,29,30,31,32,33,15,15,15,15,34,35,36,15,15,15,37,15,15,15,15,15,15,15,15,15,15,38,39,15,15,15,15,13,13,13,13,13,13,13,13,7,7,7,7,7,7,7,7","0.000900030136108398","leiden","edit-xhwikibooks.graphml"
"0.1","0.77","0.13","0.547152488436057","1,1,1,2,3,4,5,6,6,7,8,9,6,6,6,4,10,11,12,13,14,1,15,6,6,6,6,16,17,18,19,20,21,22,12,12,23,6,14,14,14,14,1,1,1,1,14,1,1,1,14,14,14,14,14,1,1,1,1,14,24,14,14,25,26,14,14,14,14,14,1,14,27,28,14,14,14,14,14,14,14,29,30,31,32,33,14,14,14,14,34,35,36,14,14,14,37,14,14,14,14,14,14,14,14,14,14,38,39,14,14,14,14,12,12,12,12,12,12,12,12,23,23,23,23,23,23,23,23","0.000998973846435547","leiden","edit-xhwikibooks.graphml"
"0.09","0.78","0.13","0.550706377503149","1,1,1,2,3,4,5,6,6,7,8,9,6,6,6,4,10,11,12,13,14,1,15,6,6,6,6,16,17,18,19,20,21,22,12,12,23,6,14,14,14,14,1,1,1,1,14,1,1,1,14,14,14,14,14,1,1,1,1,14,24,14,14,25,26,14,14,14,14,14,1,14,27,28,14,14,14,14,14,14,14,29,30,31,32,33,14,14,14,14,34,35,36,14,14,14,37,14,14,14,14,14,14,14,14,14,14,38,39,14,14,14,14,12,12,12,12,12,12,12,12,23,23,23,23,23,23,23,23","0.000921010971069336","leiden","edit-xhwikibooks.graphml"
"0.08","0.79","0.13","0.547114281728564","1,1,1,2,3,4,5,4,4,6,7,8,4,4,4,9,10,11,12,13,14,1,15,4,4,4,4,16,17,18,19,20,21,22,12,12,23,24,14,14,14,14,1,1,1,1,14,1,1,1,14,14,14,14,14,1,1,1,1,14,25,14,14,26,27,14,14,14,14,14,1,14,28,29,14,14,14,14,14,14,14,30,31,32,33,34,14,14,14,14,35,36,37,14,14,14,38,14,14,14,14,14,14,14,14,14,14,39,40,14,14,14,14,12,12,12,12,12,12,12,12,23,23,23,23,23,23,23,23","0.000943899154663086","leiden","edit-xhwikibooks.graphml"
"0.07","0.8","0.13","0.549118990812688","1,1,1,2,3,4,5,4,4,6,7,8,4,4,4,9,10,11,12,13,14,1,15,4,4,4,4,16,17,18,19,20,21,22,12,12,23,24,14,14,14,14,1,1,1,1,14,1,1,1,14,14,14,14,14,1,1,1,1,14,25,14,14,26,27,14,14,14,14,14,1,14,28,29,14,14,14,14,14,14,14,30,31,32,33,34,14,14,14,14,35,36,37,14,14,14,38,14,14,14,14,14,14,14,14,14,14,39,40,14,14,14,14,12,12,12,12,12,12,12,12,23,23,23,23,23,23,23,23","0.000936985015869141","leiden","edit-xhwikibooks.graphml"
"0.06","0.81","0.13","0.549118990812688","1,1,1,2,3,4,5,4,4,6,7,8,4,4,4,9,10,11,12,13,14,1,15,4,4,4,4,16,17,18,19,20,21,22,12,12,23,24,14,14,14,14,1,1,1,1,14,1,1,1,14,14,14,14,14,1,1,1,1,14,25,14,14,26,27,14,14,14,14,14,1,14,28,29,14,14,14,14,14,14,14,30,31,32,33,34,14,14,14,14,35,36,37,14,14,14,38,14,14,14,14,14,14,14,14,14,14,39,40,14,14,14,14,12,12,12,12,12,12,12,12,23,23,23,23,23,23,23,23","0.00116586685180664","leiden","edit-xhwikibooks.graphml"
"0.05","0.82","0.13","0.548364639282227","1,1,1,2,3,4,5,4,4,6,7,8,4,4,4,9,10,11,12,13,14,1,15,4,4,4,4,16,17,18,19,20,21,22,12,12,23,24,14,14,14,14,1,1,1,1,14,1,1,1,14,14,14,14,14,1,1,1,1,14,25,14,14,26,27,14,14,14,14,14,1,14,28,29,14,14,14,14,14,14,14,30,31,32,33,34,14,14,14,14,35,36,37,14,14,14,38,14,14,14,14,14,14,14,14,14,14,39,40,14,14,14,14,12,12,12,12,12,12,12,12,23,23,23,23,23,23,23,23","0.000928878784179688","leiden","edit-xhwikibooks.graphml"
"0.04","0.83","0.13","0.540962650720518","1,1,1,2,3,4,5,4,4,6,7,8,4,4,4,9,10,11,12,13,14,1,15,4,4,4,4,16,17,18,19,20,21,22,12,12,23,24,14,14,14,14,1,1,1,1,14,1,1,1,14,14,14,14,14,1,1,1,1,14,25,14,14,26,27,14,14,14,14,14,1,14,28,29,14,14,14,14,14,14,14,30,31,32,33,34,14,14,14,14,35,36,37,14,14,14,38,14,14,14,14,14,14,14,14,14,14,39,40,14,14,14,14,12,12,12,12,12,12,12,12,23,23,23,23,23,23,23,23","0.000919818878173828","leiden","edit-xhwikibooks.graphml"
"0.03","0.84","0.13","0.541546553380873","1,1,1,2,3,4,5,4,4,6,7,8,4,4,4,9,10,11,12,13,14,1,15,4,4,4,4,16,17,18,19,20,21,22,12,12,23,24,14,14,14,14,1,1,1,1,14,1,1,1,14,14,14,14,14,1,1,1,1,14,25,14,14,26,27,14,14,14,14,14,1,14,28,29,14,14,14,14,14,14,14,30,31,32,33,34,14,14,14,14,35,36,37,14,14,14,38,14,14,14,14,14,14,14,14,14,14,39,40,14,14,14,14,12,12,12,12,12,12,12,12,23,23,23,23,23,23,23,23","0.000935792922973633","leiden","edit-xhwikibooks.graphml"
"0.02","0.85","0.13","0.543012586025172","1,1,1,2,3,4,5,4,4,6,7,8,4,4,4,9,10,11,12,13,14,1,15,4,4,4,4,16,17,18,19,20,21,22,12,12,23,24,14,14,14,14,1,1,1,1,14,1,1,1,14,14,14,14,14,1,1,1,1,14,25,14,14,26,27,14,14,14,14,14,1,14,28,29,14,14,14,14,14,14,14,30,31,32,33,34,14,14,14,14,35,36,37,14,14,14,38,14,14,14,14,14,14,14,14,14,14,39,40,14,14,14,14,12,12,12,12,12,12,12,12,23,23,23,23,23,23,23,23","0.000940084457397461","leiden","edit-xhwikibooks.graphml"
"0.01","0.86","0.13","0.544969573492748","1,1,1,2,3,4,5,4,4,6,7,8,4,4,4,9,10,11,12,13,14,1,15,4,4,4,4,16,17,18,19,20,21,22,12,12,23,24,14,14,14,14,1,1,1,1,14,1,1,1,14,14,14,14,14,1,1,1,1,14,25,14,14,26,27,14,14,14,14,14,1,14,28,29,14,14,14,14,14,14,14,30,31,32,33,34,14,14,14,14,35,36,37,14,14,14,38,14,14,14,14,14,14,14,14,14,14,39,40,14,14,14,14,12,12,12,12,12,12,12,12,23,23,23,23,23,23,23,23","0.00117182731628418","leiden","edit-xhwikibooks.graphml"
"0","0.87","0.13","0.548407894932992","1,1,1,1,1,1,2,1,3,4,5,6,3,3,3,7,8,9,10,11,12,13,14,1,3,3,3,15,1,16,17,18,19,20,10,10,21,22,12,12,12,12,13,13,13,13,12,13,13,13,12,12,12,12,12,13,13,13,13,12,23,12,12,24,25,12,12,12,12,12,13,12,26,27,12,12,12,12,12,12,12,28,29,30,31,32,12,12,12,12,33,34,35,12,12,12,36,12,12,12,12,12,12,12,12,12,12,37,38,12,12,12,12,10,10,10,10,10,10,10,10,21,21,21,21,21,21,21,21","0.00169682502746582","leiden","edit-xhwikibooks.graphml"
"0.86","0","0.14","0.453377674599252","1,2,1,1,1,3,1,3,3,3,1,1,3,3,3,3,3,1,5,1,6,2,3,3,3,3,3,3,2,3,1,5,1,1,5,5,4,3,6,6,6,6,2,2,2,2,6,2,2,2,6,6,6,6,6,2,2,2,2,6,3,6,6,3,3,6,6,6,6,6,2,6,3,3,6,6,6,6,6,6,6,3,3,3,3,2,6,6,6,6,3,1,5,6,6,6,3,6,6,6,6,6,6,6,6,6,6,1,1,6,6,6,6,5,5,5,5,5,5,5,5,4,4,4,4,4,4,4,4","0.000909805297851562","leiden","edit-xhwikibooks.graphml"
"0.85","0.01","0.14","0.453377674599252","1,2,1,1,1,3,1,3,3,3,1,1,3,3,3,3,3,1,5,1,6,2,3,3,3,3,3,3,2,3,1,5,1,1,5,5,4,3,6,6,6,6,2,2,2,2,6,2,2,2,6,6,6,6,6,2,2,2,2,6,3,6,6,3,3,6,6,6,6,6,2,6,3,3,6,6,6,6,6,6,6,3,3,3,3,2,6,6,6,6,3,1,5,6,6,6,3,6,6,6,6,6,6,6,6,6,6,1,1,6,6,6,6,5,5,5,5,5,5,5,5,4,4,4,4,4,4,4,4","0.000843048095703125","leiden","edit-xhwikibooks.graphml"
"0.84","0.02","0.14","0.453377674599252","1,2,1,1,1,3,1,3,3,3,1,1,3,3,3,3,3,1,5,1,6,2,3,3,3,3,3,3,2,3,1,5,1,1,5,5,4,3,6,6,6,6,2,2,2,2,6,2,2,2,6,6,6,6,6,2,2,2,2,6,3,6,6,3,3,6,6,6,6,6,2,6,3,3,6,6,6,6,6,6,6,3,3,3,3,2,6,6,6,6,3,1,5,6,6,6,3,6,6,6,6,6,6,6,6,6,6,1,1,6,6,6,6,5,5,5,5,5,5,5,5,4,4,4,4,4,4,4,4","0.000852823257446289","leiden","edit-xhwikibooks.graphml"
"0.83","0.03","0.14","0.452656584435391","1,2,1,1,1,3,1,3,3,3,1,1,3,3,3,3,3,1,5,1,6,2,3,3,3,3,3,3,2,3,1,5,1,1,5,5,4,3,6,6,6,6,2,2,2,2,6,2,2,2,6,6,6,6,6,2,2,2,2,6,3,6,6,3,3,6,6,6,6,6,2,6,3,3,6,6,6,6,6,6,6,3,3,3,3,2,6,6,6,6,3,1,5,6,6,6,3,6,6,6,6,6,6,6,6,6,6,1,1,6,6,6,6,5,5,5,5,5,5,5,5,4,4,4,4,4,4,4,4","0.000846147537231445","leiden","edit-xhwikibooks.graphml"
"0.82","0.04","0.14","0.452656584435391","1,2,1,1,1,3,1,3,3,3,1,1,3,3,3,3,3,1,5,1,6,2,3,3,3,3,3,3,2,3,1,5,1,1,5,5,4,3,6,6,6,6,2,2,2,2,6,2,2,2,6,6,6,6,6,2,2,2,2,6,3,6,6,3,3,6,6,6,6,6,2,6,3,3,6,6,6,6,6,6,6,3,3,3,3,2,6,6,6,6,3,1,5,6,6,6,3,6,6,6,6,6,6,6,6,6,6,1,1,6,6,6,6,5,5,5,5,5,5,5,5,4,4,4,4,4,4,4,4","0.000841140747070312","leiden","edit-xhwikibooks.graphml"
"0.81","0.05","0.14","0.451937553614258","1,2,1,1,1,3,1,3,3,3,1,1,3,3,3,3,3,1,5,1,6,2,3,3,3,3,3,3,2,3,1,5,1,1,5,5,4,3,6,6,6,6,2,2,2,2,6,2,2,2,6,6,6,6,6,2,2,2,2,6,3,6,6,3,3,6,6,6,6,6,2,6,3,3,6,6,6,6,6,6,6,3,3,3,3,2,6,6,6,6,3,1,5,6,6,6,3,6,6,6,6,6,6,6,6,6,6,1,1,6,6,6,6,5,5,5,5,5,5,5,5,4,4,4,4,4,4,4,4","0.0010521411895752","leiden","edit-xhwikibooks.graphml"
"0.8","0.06","0.14","0.451937553614258","1,2,1,1,1,3,1,3,3,3,1,1,3,3,3,3,3,1,5,1,6,2,3,3,3,3,3,3,2,3,1,5,1,1,5,5,4,3,6,6,6,6,2,2,2,2,6,2,2,2,6,6,6,6,6,2,2,2,2,6,3,6,6,3,3,6,6,6,6,6,2,6,3,3,6,6,6,6,6,6,6,3,3,3,3,2,6,6,6,6,3,1,5,6,6,6,3,6,6,6,6,6,6,6,6,6,6,1,1,6,6,6,6,5,5,5,5,5,5,5,5,4,4,4,4,4,4,4,4","0.00114917755126953","leiden","edit-xhwikibooks.graphml"
"0.79","0.07","0.14","0.451220575224132","1,2,1,1,1,3,1,3,3,3,1,1,3,3,3,3,3,1,5,1,6,2,3,3,3,3,3,3,2,3,1,5,1,1,5,5,4,3,6,6,6,6,2,2,2,2,6,2,2,2,6,6,6,6,6,2,2,2,2,6,3,6,6,3,3,6,6,6,6,6,2,6,3,3,6,6,6,6,6,6,6,3,3,3,3,2,6,6,6,6,3,1,5,6,6,6,3,6,6,6,6,6,6,6,6,6,6,1,1,6,6,6,6,5,5,5,5,5,5,5,5,4,4,4,4,4,4,4,4","0.00108695030212402","leiden","edit-xhwikibooks.graphml"
"0.78","0.08","0.14","0.453131510416667","1,2,1,1,1,3,1,3,3,3,1,1,3,3,3,3,3,1,5,1,6,2,3,3,3,3,3,3,2,3,1,5,1,1,5,5,4,3,6,6,6,6,2,2,2,2,6,2,2,2,6,6,6,6,6,2,2,2,2,6,3,6,6,3,3,6,6,6,6,6,2,6,3,3,6,6,6,6,6,6,6,3,3,3,3,2,6,6,6,6,3,1,5,6,6,6,3,6,6,6,6,6,6,6,6,6,6,1,1,6,6,6,6,5,5,5,5,5,5,5,5,4,4,4,4,4,4,4,4","0.00110888481140137","leiden","edit-xhwikibooks.graphml"
"0.77","0.09","0.14","0.452416353663755","1,2,1,1,1,3,1,3,3,3,1,1,3,3,3,3,3,1,5,1,6,2,3,3,3,3,3,3,2,3,1,5,1,1,5,5,4,3,6,6,6,6,2,2,2,2,6,2,2,2,6,6,6,6,6,2,2,2,2,6,3,6,6,3,3,6,6,6,6,6,2,6,3,3,6,6,6,6,6,6,6,3,3,3,3,2,6,6,6,6,3,1,5,6,6,6,3,6,6,6,6,6,6,6,6,6,6,1,1,6,6,6,6,5,5,5,5,5,5,5,5,4,4,4,4,4,4,4,4","0.00107002258300781","leiden","edit-xhwikibooks.graphml"
"0.76","0.1","0.14","0.452416353663755","1,2,1,1,1,3,1,3,3,3,1,1,3,3,3,3,3,1,5,1,6,2,3,3,3,3,3,3,2,3,1,5,1,1,5,5,4,3,6,6,6,6,2,2,2,2,6,2,2,2,6,6,6,6,6,2,2,2,2,6,3,6,6,3,3,6,6,6,6,6,2,6,3,3,6,6,6,6,6,6,6,3,3,3,3,2,6,6,6,6,3,1,5,6,6,6,3,6,6,6,6,6,6,6,6,6,6,1,1,6,6,6,6,5,5,5,5,5,5,5,5,4,4,4,4,4,4,4,4","0.000804901123046875","leiden","edit-xhwikibooks.graphml"
"0.75","0.11","0.14","0.451703224806736","1,2,1,1,1,3,1,3,3,3,1,1,3,3,3,3,3,1,5,1,6,2,3,3,3,3,3,3,2,3,1,5,1,1,5,5,4,3,6,6,6,6,2,2,2,2,6,2,2,2,6,6,6,6,6,2,2,2,2,6,3,6,6,3,3,6,6,6,6,6,2,6,3,3,6,6,6,6,6,6,6,3,3,3,3,2,6,6,6,6,3,1,5,6,6,6,3,6,6,6,6,6,6,6,6,6,6,1,1,6,6,6,6,5,5,5,5,5,5,5,5,4,4,4,4,4,4,4,4","0.000802040100097656","leiden","edit-xhwikibooks.graphml"
"0.74","0.12","0.14","0.455640410491087","1,2,1,1,1,3,1,3,3,3,1,1,3,3,3,3,3,1,4,1,5,2,3,3,3,3,3,3,2,3,1,4,1,1,4,4,6,3,5,5,5,5,2,2,2,2,5,2,2,2,5,5,5,5,5,2,2,2,2,5,3,5,5,3,3,5,5,5,5,5,2,5,3,3,5,5,5,5,5,5,5,3,3,3,3,2,5,5,5,5,3,1,4,5,5,5,3,5,5,5,5,5,5,5,5,5,5,1,1,5,5,5,5,4,4,4,4,4,4,4,4,6,6,6,6,6,6,6,6","0.000794887542724609","leiden","edit-xhwikibooks.graphml"
"0.73","0.13","0.14","0.42897829287561","1,3,1,1,1,2,1,2,2,2,1,1,2,2,2,2,2,1,4,1,5,3,2,2,2,2,2,2,3,2,1,4,1,1,4,4,2,2,5,5,5,5,3,3,3,3,5,3,3,3,5,5,5,5,5,3,3,3,3,5,2,5,5,2,2,5,5,5,5,5,3,5,2,2,5,5,5,5,5,5,5,2,2,2,2,3,5,5,5,5,2,1,4,5,5,5,2,5,5,5,5,5,5,5,5,5,5,1,1,5,5,5,5,4,4,4,4,4,4,4,4,2,2,2,2,2,2,2,2","0.000818967819213867","leiden","edit-xhwikibooks.graphml"
"0.72","0.14","0.14","0.428935650675093","1,2,1,1,1,1,1,3,1,1,1,1,3,3,3,1,1,1,4,1,5,2,3,3,3,3,3,1,2,1,1,4,1,1,4,4,3,3,5,5,5,5,2,2,2,2,5,2,2,2,5,5,5,5,5,2,2,2,2,5,3,5,5,3,3,5,5,5,5,5,2,5,3,3,5,5,5,5,5,5,5,3,1,1,1,2,5,5,5,5,1,1,4,5,5,5,1,5,5,5,5,5,5,5,5,5,5,1,1,5,5,5,5,4,4,4,4,4,4,4,4,3,3,3,3,3,3,3,3","0.000782966613769531","leiden","edit-xhwikibooks.graphml"
"0.71","0.15","0.14","0.423490982492351","1,3,1,1,1,2,1,2,2,2,1,1,2,2,2,2,2,1,4,1,5,3,2,2,2,2,2,2,3,2,1,4,1,1,4,4,2,2,5,5,5,5,3,3,3,3,5,3,3,3,5,5,5,5,5,3,3,3,3,5,6,5,5,2,2,5,5,5,5,5,3,5,2,2,5,5,5,5,5,5,5,2,2,2,2,7,5,5,5,5,8,9,10,5,5,5,2,5,5,5,5,5,5,5,5,5,5,1,1,5,5,5,5,4,4,4,4,4,4,4,4,2,2,2,2,2,2,2,2","0.000866174697875977","leiden","edit-xhwikibooks.graphml"
"0.7","0.16","0.14","0.425570393843368","1,2,1,1,1,3,1,3,3,3,1,1,3,3,3,3,3,1,4,1,5,2,3,3,3,3,3,3,2,3,1,4,1,1,4,4,3,3,5,5,5,5,2,2,2,2,5,2,2,2,5,5,5,5,5,2,2,2,2,5,6,5,5,3,3,5,5,5,5,5,2,5,3,3,5,5,5,5,5,5,5,3,3,3,3,7,5,5,5,5,8,9,10,5,5,5,3,5,5,5,5,5,5,5,5,5,5,1,1,5,5,5,5,4,4,4,4,4,4,4,4,3,3,3,3,3,3,3,3","0.000890970230102539","leiden","edit-xhwikibooks.graphml"
"0.69","0.17","0.14","0.426843938523413","1,2,1,1,1,1,1,3,1,1,1,1,3,3,3,1,1,1,4,1,5,2,3,3,3,3,3,1,2,1,1,4,1,1,4,4,3,3,5,5,5,5,2,2,2,2,5,2,2,2,5,5,5,5,5,2,2,2,2,5,6,5,5,3,3,5,5,5,5,5,2,5,3,3,5,5,5,5,5,5,5,3,1,1,1,7,5,5,5,5,8,9,10,5,5,5,1,5,5,5,5,5,5,5,5,5,5,1,1,5,5,5,5,4,4,4,4,4,4,4,4,3,3,3,3,3,3,3,3","0.00119400024414062","leiden","edit-xhwikibooks.graphml"
"0.68","0.18","0.14","0.428994453110683","1,3,1,1,1,2,1,2,2,2,1,1,2,2,2,2,2,1,4,1,5,3,2,2,2,2,2,2,3,2,1,4,1,1,4,4,2,2,5,5,5,5,3,3,3,3,5,3,3,3,5,5,5,5,5,3,3,3,3,5,6,5,5,2,2,5,5,5,5,5,3,5,2,2,5,5,5,5,5,5,5,2,2,2,2,7,5,5,5,5,8,9,10,5,5,5,2,5,5,5,5,5,5,5,5,5,5,1,1,5,5,5,5,4,4,4,4,4,4,4,4,2,2,2,2,2,2,2,2","0.00166797637939453","leiden","edit-xhwikibooks.graphml"
"0.67","0.19","0.14","0.428185475974292","1,2,1,1,1,1,1,3,1,1,1,1,3,3,3,1,1,1,4,1,5,2,3,3,3,3,3,1,2,1,1,4,1,1,4,4,3,3,5,5,5,5,2,2,2,2,5,2,2,2,5,5,5,5,5,2,2,2,2,5,6,5,5,3,3,5,5,5,5,5,2,5,3,3,5,5,5,5,5,5,5,3,1,1,1,7,5,5,5,5,8,9,10,5,5,5,1,5,5,5,5,5,5,5,5,5,5,1,1,5,5,5,5,4,4,4,4,4,4,4,4,3,3,3,3,3,3,3,3","0.000954151153564453","leiden","edit-xhwikibooks.graphml"
"0.66","0.2","0.14","0.432133147376598","1,2,1,1,1,3,1,3,3,3,1,1,3,3,3,4,3,1,5,1,6,2,3,3,3,3,3,4,2,3,1,5,1,1,5,5,3,3,6,6,6,6,2,2,2,2,6,2,2,2,6,6,6,6,6,2,2,2,2,6,7,6,6,3,3,6,6,6,6,6,2,6,3,3,6,6,6,6,6,6,6,3,4,4,4,8,6,6,6,6,9,10,11,6,6,6,4,6,6,6,6,6,6,6,6,6,6,1,1,6,6,6,6,5,5,5,5,5,5,5,5,3,3,3,3,3,3,3,3","0.00084996223449707","leiden","edit-xhwikibooks.graphml"
"0.65","0.21","0.14","0.431584545266757","1,2,1,1,1,1,1,3,1,1,1,1,3,3,3,1,1,1,4,1,5,2,3,3,3,3,3,1,2,1,1,4,1,1,4,4,3,3,5,5,5,5,2,2,2,2,5,2,2,2,5,5,5,5,5,2,2,2,2,5,6,5,5,3,3,5,5,5,5,5,2,5,3,3,5,5,5,5,5,5,5,3,1,1,1,7,5,5,5,5,8,9,10,5,5,5,1,5,5,5,5,5,5,5,5,5,5,1,1,5,5,5,5,4,4,4,4,4,4,4,4,3,3,3,3,3,3,3,3","0.000845909118652344","leiden","edit-xhwikibooks.graphml"
"0.64","0.22","0.14","0.433601477565169","1,2,1,1,1,3,1,3,3,3,1,1,3,3,3,4,3,1,5,1,6,2,3,3,3,3,3,4,2,3,1,5,1,1,5,5,3,3,6,6,6,6,2,2,2,2,6,2,2,2,6,6,6,6,6,2,2,2,2,6,7,6,6,3,3,6,6,6,6,6,2,6,3,3,6,6,6,6,6,6,6,3,4,4,4,8,6,6,6,6,9,10,11,6,6,6,4,6,6,6,6,6,6,6,6,6,6,1,1,6,6,6,6,5,5,5,5,5,5,5,5,3,3,3,3,3,3,3,3","0.000847101211547852","leiden","edit-xhwikibooks.graphml"
"0.63","0.23","0.14","0.436806549072661","1,2,1,1,1,3,1,3,3,3,1,1,3,3,3,4,3,1,5,1,6,2,3,3,3,3,3,4,2,3,1,5,1,1,5,5,3,3,6,6,6,6,2,2,2,2,6,2,2,2,6,6,6,6,6,2,2,2,2,6,7,6,6,3,3,6,6,6,6,6,2,6,3,3,6,6,6,6,6,6,6,3,4,4,4,8,6,6,6,6,9,10,11,6,6,6,4,6,6,6,6,6,6,6,6,6,6,1,1,6,6,6,6,5,5,5,5,5,5,5,5,3,3,3,3,3,3,3,3","0.000843048095703125","leiden","edit-xhwikibooks.graphml"
"0.62","0.24","0.14","0.438865549835574","1,2,1,1,1,1,1,3,1,1,1,1,3,3,3,1,1,1,4,1,5,2,3,3,3,3,3,1,2,1,1,4,1,1,4,4,3,3,5,5,5,5,2,2,2,2,5,2,2,2,5,5,5,5,5,2,2,2,2,5,6,5,5,3,3,5,5,5,5,5,2,5,3,3,5,5,5,5,5,5,5,3,1,1,1,7,5,5,5,5,8,9,10,5,5,5,1,5,5,5,5,5,5,5,5,5,5,1,1,5,5,5,5,4,4,4,4,4,4,4,4,3,3,3,3,3,3,3,3","0.000897884368896484","leiden","edit-xhwikibooks.graphml"
"0.61","0.25","0.14","0.44204910192369","1,2,1,1,1,3,1,3,3,3,1,1,3,3,3,4,3,1,5,1,6,2,3,3,3,3,3,4,2,3,1,5,1,1,5,5,3,3,6,6,6,6,2,2,2,2,6,2,2,2,6,6,6,6,6,2,2,2,2,6,7,6,6,3,3,6,6,6,6,6,2,6,3,3,6,6,6,6,6,6,6,3,4,4,4,8,6,6,6,6,9,10,11,6,6,6,4,6,6,6,6,6,6,6,6,6,6,1,1,6,6,6,6,5,5,5,5,5,5,5,5,3,3,3,3,3,3,3,3","0.000869989395141602","leiden","edit-xhwikibooks.graphml"
"0.6","0.26","0.14","0.44204910192369","1,2,1,1,1,3,1,3,3,3,1,1,3,3,3,4,3,1,5,1,6,2,3,3,3,3,3,4,2,3,1,5,1,1,5,5,3,3,6,6,6,6,2,2,2,2,6,2,2,2,6,6,6,6,6,2,2,2,2,6,7,6,6,3,3,6,6,6,6,6,2,6,3,3,6,6,6,6,6,6,6,3,4,4,4,8,6,6,6,6,9,10,11,6,6,6,4,6,6,6,6,6,6,6,6,6,6,1,1,6,6,6,6,5,5,5,5,5,5,5,5,3,3,3,3,3,3,3,3","0.000873088836669922","leiden","edit-xhwikibooks.graphml"
"0.59","0.27","0.14","0.440150945973636","1,2,1,1,1,1,1,3,1,1,1,1,3,3,3,1,1,1,4,1,5,2,3,3,3,3,3,1,2,1,1,4,1,1,4,4,3,3,5,5,5,5,2,2,2,2,5,2,2,2,5,5,5,5,5,2,2,2,2,5,6,5,5,3,3,5,5,5,5,5,2,5,3,3,5,5,5,5,5,5,5,3,1,1,1,7,5,5,5,5,8,9,10,5,5,5,1,5,5,5,5,5,5,5,5,5,5,1,1,5,5,5,5,4,4,4,4,4,4,4,4,3,3,3,3,3,3,3,3","0.000909090042114258","leiden","edit-xhwikibooks.graphml"
"0.58","0.28","0.14","0.439502603889893","1,2,1,1,1,3,1,3,3,3,1,1,3,3,3,4,3,1,5,1,6,2,3,3,3,3,3,4,2,3,1,5,1,1,5,5,3,3,6,6,6,6,2,2,2,2,6,2,2,2,6,6,6,6,6,2,2,2,2,6,7,6,6,3,3,6,6,6,6,6,2,6,3,3,6,6,6,6,6,6,6,3,4,4,4,8,6,6,6,6,9,10,11,6,6,6,4,6,6,6,6,6,6,6,6,6,6,1,1,6,6,6,6,5,5,5,5,5,5,5,5,3,3,3,3,3,3,3,3","0.000883817672729492","leiden","edit-xhwikibooks.graphml"
"0.57","0.29","0.14","0.428738992664694","1,2,1,1,1,3,1,3,3,3,1,1,3,3,3,3,4,1,5,1,6,2,3,3,3,3,3,3,2,7,8,5,1,1,5,5,3,3,6,6,6,6,2,2,2,2,6,2,2,2,6,6,6,6,6,2,2,2,2,6,9,6,6,10,11,6,6,6,6,6,2,6,3,3,6,6,6,6,6,6,6,12,3,3,3,13,6,6,6,6,14,15,16,6,6,6,17,6,6,6,6,6,6,6,6,6,6,18,19,6,6,6,6,5,5,5,5,5,5,5,5,3,3,3,3,3,3,3,3","0.000980854034423828","leiden","edit-xhwikibooks.graphml"
"0.56","0.3","0.14","0.428049040929912","1,2,1,1,1,3,1,3,3,3,1,1,3,3,3,3,4,1,5,1,6,2,3,3,3,3,3,3,2,7,8,5,1,1,5,5,3,3,6,6,6,6,2,2,2,2,6,2,2,2,6,6,6,6,6,2,2,2,2,6,9,6,6,10,11,6,6,6,6,6,2,6,3,3,6,6,6,6,6,6,6,12,3,3,3,13,6,6,6,6,14,15,16,6,6,6,17,6,6,6,6,6,6,6,6,6,6,18,19,6,6,6,6,5,5,5,5,5,5,5,5,3,3,3,3,3,3,3,3","0.000965118408203125","leiden","edit-xhwikibooks.graphml"
"0.55","0.31","0.14","0.430060763888889","1,2,1,1,1,3,1,3,3,3,1,1,3,3,3,3,4,1,5,1,6,2,3,3,3,3,3,3,2,7,8,5,1,1,5,5,3,3,6,6,6,6,2,2,2,2,6,2,2,2,6,6,6,6,6,2,2,2,2,6,9,6,6,10,11,6,6,6,6,6,2,6,3,3,6,6,6,6,6,6,6,12,3,3,3,13,6,6,6,6,14,15,16,6,6,6,17,6,6,6,6,6,6,6,6,6,6,18,19,6,6,6,6,5,5,5,5,5,5,5,5,3,3,3,3,3,3,3,3","0.000878810882568359","leiden","edit-xhwikibooks.graphml"
"0.54","0.32","0.14","0.42937227968413","1,2,1,1,1,3,1,3,3,3,1,1,3,3,3,3,4,1,5,1,6,2,3,3,3,3,3,3,2,7,8,5,1,1,5,5,3,3,6,6,6,6,2,2,2,2,6,2,2,2,6,6,6,6,6,2,2,2,2,6,9,6,6,10,11,6,6,6,6,6,2,6,3,3,6,6,6,6,6,6,6,12,3,3,3,13,6,6,6,6,14,15,16,6,6,6,17,6,6,6,6,6,6,6,6,6,6,18,19,6,6,6,6,5,5,5,5,5,5,5,5,3,3,3,3,3,3,3,3","0.000913858413696289","leiden","edit-xhwikibooks.graphml"
"0.53","0.33","0.14","0.42937227968413","1,2,1,1,1,3,1,3,3,3,1,1,3,3,3,3,4,1,5,1,6,2,3,3,3,3,3,3,2,7,8,5,1,1,5,5,3,3,6,6,6,6,2,2,2,2,6,2,2,2,6,6,6,6,6,2,2,2,2,6,9,6,6,10,11,6,6,6,6,6,2,6,3,3,6,6,6,6,6,6,6,12,3,3,3,13,6,6,6,6,14,15,16,6,6,6,17,6,6,6,6,6,6,6,6,6,6,18,19,6,6,6,6,5,5,5,5,5,5,5,5,3,3,3,3,3,3,3,3","0.000907182693481445","leiden","edit-xhwikibooks.graphml"
"0.52","0.34","0.14","0.45592359846514","1,2,1,1,1,3,1,3,3,3,1,1,3,3,3,4,5,1,6,1,7,2,3,3,3,3,3,4,2,8,9,6,1,1,6,6,3,3,7,7,7,7,2,2,2,2,7,2,2,2,7,7,7,7,7,2,2,2,2,7,10,7,7,11,12,7,7,7,7,7,2,7,3,3,7,7,7,7,7,7,7,13,4,4,4,14,7,7,7,7,15,16,17,7,7,7,18,7,7,7,7,7,7,7,7,7,7,19,20,7,7,7,7,6,6,6,6,6,6,6,6,3,3,3,3,3,3,3,3","0.000817060470581055","leiden","edit-xhwikibooks.graphml"
"0.51","0.35","0.14","0.45592359846514","1,2,1,1,1,3,1,3,3,3,1,1,3,3,3,4,5,1,6,1,7,2,3,3,3,3,3,4,2,8,9,6,1,1,6,6,3,3,7,7,7,7,2,2,2,2,7,2,2,2,7,7,7,7,7,2,2,2,2,7,10,7,7,11,12,7,7,7,7,7,2,7,3,3,7,7,7,7,7,7,7,13,4,4,4,14,7,7,7,7,15,16,17,7,7,7,18,7,7,7,7,7,7,7,7,7,7,19,20,7,7,7,7,6,6,6,6,6,6,6,6,3,3,3,3,3,3,3,3","0.000875949859619141","leiden","edit-xhwikibooks.graphml"
"0.5","0.36","0.14","0.45496317947929","1,2,1,1,1,1,1,3,1,1,1,1,3,3,3,1,4,1,5,1,6,2,3,3,3,3,3,1,2,7,8,5,1,1,5,5,3,3,6,6,6,6,2,2,2,2,6,2,2,2,6,6,6,6,6,2,2,2,2,6,9,6,6,10,11,6,6,6,6,6,2,6,3,3,6,6,6,6,6,6,6,12,1,1,1,13,6,6,6,6,14,15,16,6,6,6,17,6,6,6,6,6,6,6,6,6,6,18,19,6,6,6,6,5,5,5,5,5,5,5,5,3,3,3,3,3,3,3,3","0.000902175903320312","leiden","edit-xhwikibooks.graphml"
"0.49","0.37","0.14","0.455228352003368","1,2,1,1,1,3,1,3,3,3,1,1,3,3,3,4,5,1,6,1,7,2,3,3,3,3,3,4,2,8,9,6,1,1,6,6,3,3,7,7,7,7,2,2,2,2,7,2,2,2,7,7,7,7,7,2,2,2,2,7,10,7,7,11,12,7,7,7,7,7,2,7,3,3,7,7,7,7,7,7,7,13,4,4,4,14,7,7,7,7,15,16,17,7,7,7,18,7,7,7,7,7,7,7,7,7,7,19,20,7,7,7,7,6,6,6,6,6,6,6,6,3,3,3,3,3,3,3,3","0.000867128372192383","leiden","edit-xhwikibooks.graphml"
"0.48","0.38","0.14","0.455929895863872","1,2,1,1,1,3,1,3,3,3,1,1,3,3,3,3,4,1,5,1,6,2,3,3,3,3,3,3,2,7,8,5,1,1,5,5,9,3,6,6,6,6,2,2,2,2,6,2,2,2,6,6,6,6,6,2,2,2,2,6,10,6,6,11,12,6,6,6,6,6,2,6,3,3,6,6,6,6,6,6,6,13,3,3,3,14,6,6,6,6,15,16,17,6,6,6,18,6,6,6,6,6,6,6,6,6,6,19,20,6,6,6,6,5,5,5,5,5,5,5,5,9,9,9,9,9,9,9,9","0.000935077667236328","leiden","edit-xhwikibooks.graphml"
"0.47","0.39","0.14","0.457916","1,2,1,1,1,1,1,3,1,1,1,1,3,3,3,1,4,1,5,1,6,2,3,3,3,3,3,1,2,7,8,5,1,1,5,5,3,3,6,6,6,6,2,2,2,2,6,2,2,2,6,6,6,6,6,2,2,2,2,6,9,6,6,10,11,6,6,6,6,6,2,6,3,3,6,6,6,6,6,6,6,12,1,1,1,13,6,6,6,6,14,15,16,6,6,6,17,6,6,6,6,6,6,6,6,6,6,18,19,6,6,6,6,5,5,5,5,5,5,5,5,3,3,3,3,3,3,3,3","0.000995159149169922","leiden","edit-xhwikibooks.graphml"
"0.46","0.4","0.14","0.460914433873894","1,2,1,1,1,3,1,3,3,3,1,1,3,3,3,4,5,1,6,1,7,2,3,3,3,3,3,4,2,8,9,6,1,1,6,6,3,3,7,7,7,7,2,2,2,2,7,2,2,2,7,7,7,7,7,2,2,2,2,7,10,7,7,11,12,7,7,7,7,7,2,7,3,3,7,7,7,7,7,7,7,13,4,4,4,14,7,7,7,7,15,16,17,7,7,7,18,7,7,7,7,7,7,7,7,7,7,19,20,7,7,7,7,6,6,6,6,6,6,6,6,3,3,3,3,3,3,3,3","0.000890016555786133","leiden","edit-xhwikibooks.graphml"
"0.45","0.41","0.14","0.455868","1,2,1,1,3,1,3,4,1,1,3,3,4,4,4,1,5,3,3,3,6,2,4,4,4,4,4,1,2,7,8,3,3,3,9,9,4,4,6,6,6,6,2,2,2,2,6,2,2,2,6,6,6,6,6,2,2,2,2,6,10,6,6,11,12,6,6,6,6,6,2,6,4,4,6,6,6,6,6,6,6,13,1,1,1,14,6,6,6,6,15,16,17,6,6,6,18,6,6,6,6,6,6,6,6,6,6,19,20,6,6,6,6,9,9,9,9,9,9,9,9,4,4,4,4,4,4,4,4","0.000918865203857422","leiden","edit-xhwikibooks.graphml"
"0.44","0.42","0.14","0.455366711686408","1,2,1,1,1,3,1,3,3,3,1,1,3,3,3,4,5,1,1,1,6,2,3,3,3,3,3,4,2,7,8,1,1,1,9,9,3,3,6,6,6,6,2,2,2,2,6,2,2,2,6,6,6,6,6,2,2,2,2,6,10,6,6,11,12,6,6,6,6,6,2,6,3,3,6,6,6,6,6,6,6,13,4,4,4,14,6,6,6,6,15,16,17,6,6,6,18,6,6,6,6,6,6,6,6,6,6,19,20,6,6,6,6,9,9,9,9,9,9,9,9,3,3,3,3,3,3,3,3","0.00164198875427246","leiden","edit-xhwikibooks.graphml"
"0.43","0.43","0.14","0.434865611970509","1,1,1,2,3,2,4,2,2,2,4,5,2,2,2,2,6,7,4,8,9,1,10,2,2,2,2,2,1,11,12,13,8,14,4,4,2,2,9,9,9,9,1,1,1,1,9,1,1,1,9,9,9,9,9,1,1,1,1,9,15,9,9,16,17,9,9,9,9,9,1,9,18,19,9,9,9,9,9,9,9,20,21,22,23,24,9,9,9,9,25,26,27,9,9,9,28,9,9,9,9,9,9,9,9,9,9,29,30,9,9,9,9,4,4,4,4,4,4,4,4,2,2,2,2,2,2,2,2","0.00172805786132812","leiden","edit-xhwikibooks.graphml"
"0.42","0.44","0.14","0.434187838400666","1,1,1,2,3,2,4,2,2,2,4,5,2,2,2,2,6,7,4,8,9,1,10,2,2,2,2,2,1,11,12,13,8,14,4,4,2,2,9,9,9,9,1,1,1,1,9,1,1,1,9,9,9,9,9,1,1,1,1,9,15,9,9,16,17,9,9,9,9,9,1,9,18,19,9,9,9,9,9,9,9,20,21,22,23,24,9,9,9,9,25,26,27,9,9,9,28,9,9,9,9,9,9,9,9,9,9,29,30,9,9,9,9,4,4,4,4,4,4,4,4,2,2,2,2,2,2,2,2","0.00171208381652832","leiden","edit-xhwikibooks.graphml"
"0.41","0.45","0.14","0.437939966289907","1,1,1,2,3,2,4,2,2,2,4,5,2,2,2,2,6,7,4,8,9,1,10,2,2,2,2,2,1,11,12,13,8,14,4,4,2,2,9,9,9,9,1,1,1,1,9,1,1,1,9,9,9,9,9,1,1,1,1,9,15,9,9,16,17,9,9,9,9,9,1,9,18,19,9,9,9,9,9,9,9,20,21,22,23,24,9,9,9,9,25,26,27,9,9,9,28,9,9,9,9,9,9,9,9,9,9,29,30,9,9,9,9,4,4,4,4,4,4,4,4,2,2,2,2,2,2,2,2","0.00173783302307129","leiden","edit-xhwikibooks.graphml"
"0.4","0.46","0.14","0.43726367934038","1,1,1,2,3,2,4,2,2,2,4,5,2,2,2,2,6,7,4,8,9,1,10,2,2,2,2,2,1,11,12,13,8,14,4,4,2,2,9,9,9,9,1,1,1,1,9,1,1,1,9,9,9,9,9,1,1,1,1,9,15,9,9,16,17,9,9,9,9,9,1,9,18,19,9,9,9,9,9,9,9,20,21,22,23,24,9,9,9,9,25,26,27,9,9,9,28,9,9,9,9,9,9,9,9,9,9,29,30,9,9,9,9,4,4,4,4,4,4,4,4,2,2,2,2,2,2,2,2","0.00183296203613281","leiden","edit-xhwikibooks.graphml"
"0.39","0.47","0.14","0.439142175744562","1,1,1,2,3,2,4,2,2,2,4,5,2,2,2,2,6,7,4,8,9,1,10,2,2,2,2,2,1,11,12,13,8,14,4,4,2,2,9,9,9,9,1,1,1,1,9,1,1,1,9,9,9,9,9,1,1,1,1,9,15,9,9,16,17,9,9,9,9,9,1,9,18,19,9,9,9,9,9,9,9,20,21,22,23,24,9,9,9,9,25,26,27,9,9,9,28,9,9,9,9,9,9,9,9,9,9,29,30,9,9,9,9,4,4,4,4,4,4,4,4,2,2,2,2,2,2,2,2","0.00187993049621582","leiden","edit-xhwikibooks.graphml"
"0.38","0.48","0.14","0.438467503315988","1,1,1,2,3,2,4,2,2,2,4,5,2,2,2,2,6,7,4,8,9,1,10,2,2,2,2,2,1,11,12,13,8,14,4,4,2,2,9,9,9,9,1,1,1,1,9,1,1,1,9,9,9,9,9,1,1,1,1,9,15,9,9,16,17,9,9,9,9,9,1,9,18,19,9,9,9,9,9,9,9,20,21,22,23,24,9,9,9,9,25,26,27,9,9,9,28,9,9,9,9,9,9,9,9,9,9,29,30,9,9,9,9,4,4,4,4,4,4,4,4,2,2,2,2,2,2,2,2","0.00156998634338379","leiden","edit-xhwikibooks.graphml"
"0.37","0.49","0.14","0.438467503315988","1,1,1,2,3,2,4,2,2,2,4,5,2,2,2,2,6,7,4,8,9,1,10,2,2,2,2,2,1,11,12,13,8,14,4,4,2,2,9,9,9,9,1,1,1,1,9,1,1,1,9,9,9,9,9,1,1,1,1,9,15,9,9,16,17,9,9,9,9,9,1,9,18,19,9,9,9,9,9,9,9,20,21,22,23,24,9,9,9,9,25,26,27,9,9,9,28,9,9,9,9,9,9,9,9,9,9,29,30,9,9,9,9,4,4,4,4,4,4,4,4,2,2,2,2,2,2,2,2","0.00229597091674805","leiden","edit-xhwikibooks.graphml"
"0.36","0.5","0.14","0.510377229080933","1,1,1,2,3,2,4,5,2,2,4,6,5,5,5,2,7,8,4,9,10,1,11,5,5,5,5,2,1,12,13,14,9,15,16,16,5,5,10,10,10,10,1,1,1,1,10,1,1,1,10,10,10,10,10,1,1,1,1,10,17,10,10,18,19,10,10,10,10,10,1,10,20,21,10,10,10,10,10,10,10,22,23,24,25,26,10,10,10,10,27,28,29,10,10,10,30,10,10,10,10,10,10,10,10,10,10,31,32,10,10,10,10,16,16,16,16,16,16,16,16,5,5,5,5,5,5,5,5","0.00210785865783691","leiden","edit-xhwikibooks.graphml"
"0.35","0.51","0.14","0.510377229080933","1,1,1,2,3,2,4,5,2,2,4,6,5,5,5,2,7,8,4,9,10,1,11,5,5,5,5,2,1,12,13,14,9,15,16,16,5,5,10,10,10,10,1,1,1,1,10,1,1,1,10,10,10,10,10,1,1,1,1,10,17,10,10,18,19,10,10,10,10,10,1,10,20,21,10,10,10,10,10,10,10,22,23,24,25,26,10,10,10,10,27,28,29,10,10,10,30,10,10,10,10,10,10,10,10,10,10,31,32,10,10,10,10,16,16,16,16,16,16,16,16,5,5,5,5,5,5,5,5","0.00158810615539551","leiden","edit-xhwikibooks.graphml"
"0.34","0.52","0.14","0.510377229080933","1,1,1,2,3,2,4,5,2,2,4,6,5,5,5,2,7,8,4,9,10,1,11,5,5,5,5,2,1,12,13,14,9,15,16,16,5,5,10,10,10,10,1,1,1,1,10,1,1,1,10,10,10,10,10,1,1,1,1,10,17,10,10,18,19,10,10,10,10,10,1,10,20,21,10,10,10,10,10,10,10,22,23,24,25,26,10,10,10,10,27,28,29,10,10,10,30,10,10,10,10,10,10,10,10,10,10,31,32,10,10,10,10,16,16,16,16,16,16,16,16,5,5,5,5,5,5,5,5","0.00104308128356934","leiden","edit-xhwikibooks.graphml"
"0.33","0.53","0.14","0.509694855491132","1,1,1,2,3,2,4,5,2,2,4,6,5,5,5,2,7,8,4,9,10,1,11,5,5,5,5,2,1,12,13,14,9,15,16,16,5,5,10,10,10,10,1,1,1,1,10,1,1,1,10,10,10,10,10,1,1,1,1,10,17,10,10,18,19,10,10,10,10,10,1,10,20,21,10,10,10,10,10,10,10,22,23,24,25,26,10,10,10,10,27,28,29,10,10,10,30,10,10,10,10,10,10,10,10,10,10,31,32,10,10,10,10,16,16,16,16,16,16,16,16,5,5,5,5,5,5,5,5","0.000982999801635742","leiden","edit-xhwikibooks.graphml"
"0.32","0.54","0.14","0.511148404841982","1,1,1,2,3,2,4,5,2,2,4,6,5,5,5,2,7,8,4,9,10,1,11,5,5,5,5,2,1,12,13,14,9,15,16,16,5,5,10,10,10,10,1,1,1,1,10,1,1,1,10,10,10,10,10,1,1,1,1,10,17,10,10,18,19,10,10,10,10,10,1,10,20,21,10,10,10,10,10,10,10,22,23,24,25,26,10,10,10,10,27,28,29,10,10,10,30,10,10,10,10,10,10,10,10,10,10,31,32,10,10,10,10,16,16,16,16,16,16,16,16,5,5,5,5,5,5,5,5","0.000885963439941406","leiden","edit-xhwikibooks.graphml"
"0.31","0.55","0.14","0.509024250759113","1,1,1,2,3,2,4,5,2,2,4,6,5,5,5,2,7,8,4,9,10,1,11,5,5,5,5,2,1,12,13,14,9,15,16,16,5,5,10,10,10,10,1,1,1,1,10,1,1,1,10,10,10,10,10,1,1,1,1,10,17,10,10,18,19,10,10,10,10,10,1,10,20,21,10,10,10,10,10,10,10,22,23,24,25,26,10,10,10,10,27,28,29,10,10,10,30,10,10,10,10,10,10,10,10,10,10,31,32,10,10,10,10,16,16,16,16,16,16,16,16,5,5,5,5,5,5,5,5","0.000993013381958008","leiden","edit-xhwikibooks.graphml"
"0.3","0.56","0.14","0.511823502378893","1,1,1,2,3,2,4,5,2,2,4,6,5,5,5,2,7,8,4,9,10,1,11,5,5,5,5,2,1,12,13,14,9,15,16,16,5,5,10,10,10,10,1,1,1,1,10,1,1,1,10,10,10,10,10,1,1,1,1,10,17,10,10,18,19,10,10,10,10,10,1,10,20,21,10,10,10,10,10,10,10,22,23,24,25,26,10,10,10,10,27,28,29,10,10,10,30,10,10,10,10,10,10,10,10,10,10,31,32,10,10,10,10,16,16,16,16,16,16,16,16,5,5,5,5,5,5,5,5","0.000977039337158203","leiden","edit-xhwikibooks.graphml"
"0.29","0.57","0.14","0.507201358913958","1,1,1,2,3,2,4,5,2,2,6,7,5,5,5,2,8,9,10,11,12,1,13,5,5,5,5,2,1,14,15,16,17,18,10,10,5,5,12,12,12,12,1,1,1,1,12,1,1,1,12,12,12,12,12,1,1,1,1,12,19,12,12,20,21,12,12,12,12,12,1,12,22,23,12,12,12,12,12,12,12,24,25,26,27,28,12,12,12,12,29,30,31,12,12,12,32,12,12,12,12,12,12,12,12,12,12,33,34,12,12,12,12,10,10,10,10,10,10,10,10,5,5,5,5,5,5,5,5","0.0010077953338623","leiden","edit-xhwikibooks.graphml"
"0.28","0.58","0.14","0.511440114468479","1,1,1,2,3,2,4,5,2,2,6,7,5,5,5,2,8,9,10,11,12,1,13,5,5,5,5,2,1,14,15,16,17,18,10,10,5,5,12,12,12,12,1,1,1,1,12,1,1,1,12,12,12,12,12,1,1,1,1,12,19,12,12,20,21,12,12,12,12,12,1,12,22,23,12,12,12,12,12,12,12,24,25,26,27,28,12,12,12,12,29,30,31,12,12,12,32,12,12,12,12,12,12,12,12,12,12,33,34,12,12,12,12,10,10,10,10,10,10,10,10,5,5,5,5,5,5,5,5","0.00135612487792969","leiden","edit-xhwikibooks.graphml"
"0.27","0.59","0.14","0.543382","1,1,1,2,3,2,4,5,2,2,6,7,5,5,5,2,8,9,10,11,12,1,13,5,5,5,5,2,1,14,15,16,17,18,10,10,5,5,12,12,12,12,1,1,1,1,12,1,1,1,12,12,12,12,12,1,1,1,1,12,19,12,12,20,21,12,12,12,12,12,1,12,22,23,12,12,12,12,12,12,12,24,25,26,27,28,12,12,12,12,29,30,31,12,12,12,32,12,12,12,12,12,12,12,12,12,12,33,34,12,12,12,12,10,10,10,10,10,10,10,10,5,5,5,5,5,5,5,5","0.000919818878173828","leiden","edit-xhwikibooks.graphml"
"0.26","0.6","0.14","0.546413945810384","1,1,1,2,3,2,4,5,2,2,6,7,5,5,5,2,8,9,10,11,12,1,13,5,5,5,5,2,1,14,15,16,17,18,10,10,5,5,12,12,12,12,1,1,1,1,12,1,1,1,12,12,12,12,12,1,1,1,1,12,19,12,12,20,21,12,12,12,12,12,1,12,22,23,12,12,12,12,12,12,12,24,25,26,27,28,12,12,12,12,29,30,31,12,12,12,32,12,12,12,12,12,12,12,12,12,12,33,34,12,12,12,12,10,10,10,10,10,10,10,10,5,5,5,5,5,5,5,5","0.000964879989624023","leiden","edit-xhwikibooks.graphml"
"0.25","0.61","0.14","0.545670312123284","1,1,1,2,3,2,4,5,2,2,6,7,5,5,5,2,8,9,10,11,12,1,13,5,5,5,5,2,1,14,15,16,17,18,10,10,5,5,12,12,12,12,1,1,1,1,12,1,1,1,12,12,12,12,12,1,1,1,1,12,19,12,12,20,21,12,12,12,12,12,1,12,22,23,12,12,12,12,12,12,12,24,25,26,27,28,12,12,12,12,29,30,31,12,12,12,32,12,12,12,12,12,12,12,12,12,12,33,34,12,12,12,12,10,10,10,10,10,10,10,10,5,5,5,5,5,5,5,5","0.00104117393493652","leiden","edit-xhwikibooks.graphml"
"0.24","0.62","0.14","0.5485952357612","1,1,1,2,3,2,4,5,2,2,6,7,5,5,5,2,8,9,10,11,12,13,14,5,5,5,5,2,1,15,16,17,18,19,10,10,5,5,12,12,12,12,13,13,13,13,12,13,13,13,12,12,12,12,12,13,13,13,13,12,20,12,12,21,22,12,12,12,12,12,13,12,23,24,12,12,12,12,12,12,12,25,26,27,28,29,12,12,12,12,30,31,32,12,12,12,33,12,12,12,12,12,12,12,12,12,12,34,35,12,12,12,12,10,10,10,10,10,10,10,10,5,5,5,5,5,5,5,5","0.000978946685791016","leiden","edit-xhwikibooks.graphml"
"0.23","0.63","0.14","0.547846787170554","1,1,1,2,3,2,4,5,2,2,6,7,5,5,5,2,8,9,10,11,12,13,14,5,5,5,5,2,1,15,16,17,18,19,10,10,5,5,12,12,12,12,13,13,13,13,12,13,13,13,12,12,12,12,12,13,13,13,13,12,20,12,12,21,22,12,12,12,12,12,13,12,23,24,12,12,12,12,12,12,12,25,26,27,28,29,12,12,12,12,30,31,32,12,12,12,33,12,12,12,12,12,12,12,12,12,12,34,35,12,12,12,12,10,10,10,10,10,10,10,10,5,5,5,5,5,5,5,5","0.00100803375244141","leiden","edit-xhwikibooks.graphml"
"0.22","0.64","0.14","0.547846787170554","1,1,1,2,3,2,4,5,2,2,6,7,5,5,5,2,8,9,10,11,12,13,14,5,5,5,5,2,1,15,16,17,18,19,10,10,5,5,12,12,12,12,13,13,13,13,12,13,13,13,12,12,12,12,12,13,13,13,13,12,20,12,12,21,22,12,12,12,12,12,13,12,23,24,12,12,12,12,12,12,12,25,26,27,28,29,12,12,12,12,30,31,32,12,12,12,33,12,12,12,12,12,12,12,12,12,12,34,35,12,12,12,12,10,10,10,10,10,10,10,10,5,5,5,5,5,5,5,5","0.00101804733276367","leiden","edit-xhwikibooks.graphml"
"0.21","0.65","0.14","0.54709996926656","1,1,1,3,4,3,5,6,3,3,7,8,6,6,6,3,9,10,11,12,13,2,14,6,6,6,6,3,1,15,16,17,18,19,11,11,6,6,13,13,13,13,2,2,2,2,13,2,2,2,13,13,13,13,13,2,2,2,2,13,20,13,13,21,22,13,13,13,13,13,2,13,23,24,13,13,13,13,13,13,13,25,26,27,28,29,13,13,13,13,30,31,32,13,13,13,33,13,13,13,13,13,13,13,13,13,13,34,35,13,13,13,13,11,11,11,11,11,11,11,11,6,6,6,6,6,6,6,6","0.000948905944824219","leiden","edit-xhwikibooks.graphml"
"0.2","0.66","0.14","0.54709996926656","1,1,1,2,3,2,4,5,2,2,6,7,5,5,5,2,8,9,10,11,12,13,14,5,5,5,5,2,1,15,16,17,18,19,10,10,5,5,12,12,12,12,13,13,13,13,12,13,13,13,12,12,12,12,12,13,13,13,13,12,20,12,12,21,22,12,12,12,12,12,13,12,23,24,12,12,12,12,12,12,12,25,26,27,28,29,12,12,12,12,30,31,32,12,12,12,33,12,12,12,12,12,12,12,12,12,12,34,35,12,12,12,12,10,10,10,10,10,10,10,10,5,5,5,5,5,5,5,5","0.000962972640991211","leiden","edit-xhwikibooks.graphml"
"0.19","0.67","0.14","0.566358024691358","1,1,1,2,3,2,4,5,2,2,6,7,5,5,5,2,8,9,10,11,12,1,13,5,5,5,5,2,1,14,15,16,17,18,10,10,19,5,12,12,12,12,1,1,1,1,12,1,1,1,12,12,12,12,12,1,1,1,1,12,20,12,12,21,22,12,12,12,12,12,1,12,23,24,12,12,12,12,12,12,12,25,26,27,28,29,12,12,12,12,30,31,32,12,12,12,33,12,12,12,12,12,12,12,12,12,12,34,35,12,12,12,12,10,10,10,10,10,10,10,10,19,19,19,19,19,19,19,19","0.00094914436340332","leiden","edit-xhwikibooks.graphml"
"0.18","0.68","0.14","0.566402063974399","1,1,1,2,3,2,4,5,2,2,6,7,5,5,5,2,8,9,10,11,12,13,14,5,5,5,5,2,1,15,16,17,18,19,10,10,20,5,12,12,12,12,13,13,13,13,12,13,13,13,12,12,12,12,12,13,13,13,13,12,21,12,12,22,23,12,12,12,12,12,13,12,24,25,12,12,12,12,12,12,12,26,27,28,29,30,12,12,12,12,31,32,33,12,12,12,34,12,12,12,12,12,12,12,12,12,12,35,36,12,12,12,12,10,10,10,10,10,10,10,10,20,20,20,20,20,20,20,20","0.000909090042114258","leiden","edit-xhwikibooks.graphml"
"0.17","0.69","0.14","0.542668572058453","1,1,1,2,3,2,4,5,2,2,7,8,5,5,5,2,9,10,11,12,13,1,14,5,5,5,5,2,1,15,16,17,18,19,11,11,6,5,13,13,13,13,1,1,1,1,13,1,1,1,13,13,13,13,13,1,1,1,1,13,20,13,13,21,22,13,13,13,13,13,1,13,23,24,13,13,13,13,13,13,13,25,26,27,28,29,13,13,13,13,30,31,32,13,13,13,33,13,13,13,13,13,13,13,13,13,13,34,35,13,13,13,13,11,11,11,11,11,11,11,11,6,6,6,6,6,6,6,6","0.00102806091308594","leiden","edit-xhwikibooks.graphml"
"0.16","0.7","0.14","0.544132928144299","1,1,1,2,3,2,4,5,2,2,6,7,5,5,5,2,8,9,10,11,12,1,13,5,5,5,5,2,1,14,15,16,17,18,10,10,19,5,12,12,12,12,1,1,1,1,12,1,1,1,12,12,12,12,12,1,1,1,1,12,20,12,12,21,22,12,12,12,12,12,1,12,23,24,12,12,12,12,12,12,12,25,26,27,28,29,12,12,12,12,30,31,32,12,12,12,33,12,12,12,12,12,12,12,12,12,12,34,35,12,12,12,12,10,10,10,10,10,10,10,10,19,19,19,19,19,19,19,19","0.000892877578735352","leiden","edit-xhwikibooks.graphml"
"0.15","0.71","0.14","0.53592","1,1,1,2,3,4,5,6,6,8,9,10,6,6,6,4,11,12,13,14,15,1,16,6,6,6,6,17,18,19,20,21,22,23,13,13,7,6,15,15,15,15,1,1,1,1,15,1,1,1,15,15,15,15,15,1,1,1,1,15,24,15,15,25,26,15,15,15,15,15,1,15,27,28,15,15,15,15,15,15,15,29,30,31,32,33,15,15,15,15,34,35,36,15,15,15,37,15,15,15,15,15,15,15,15,15,15,38,39,15,15,15,15,13,13,13,13,13,13,13,13,7,7,7,7,7,7,7,7","0.00100898742675781","leiden","edit-xhwikibooks.graphml"
"0.14","0.72","0.14","0.540217936911335","1,1,1,2,3,4,5,6,6,8,9,10,6,6,6,4,11,12,13,14,15,1,16,6,6,6,6,17,18,19,20,21,22,23,13,13,7,6,15,15,15,15,1,1,1,1,15,1,1,1,15,15,15,15,15,1,1,1,1,15,24,15,15,25,26,15,15,15,15,15,1,15,27,28,15,15,15,15,15,15,15,29,30,31,32,33,15,15,15,15,34,35,36,15,15,15,37,15,15,15,15,15,15,15,15,15,15,38,39,15,15,15,15,13,13,13,13,13,13,13,13,7,7,7,7,7,7,7,7","0.00100016593933105","leiden","edit-xhwikibooks.graphml"
"0.13","0.73","0.14","0.540217936911335","1,1,1,2,3,4,5,6,6,8,9,10,6,6,6,4,11,12,13,14,15,1,16,6,6,6,6,17,18,19,20,21,22,23,13,13,7,6,15,15,15,15,1,1,1,1,15,1,1,1,15,15,15,15,15,1,1,1,1,15,24,15,15,25,26,15,15,15,15,15,1,15,27,28,15,15,15,15,15,15,15,29,30,31,32,33,15,15,15,15,34,35,36,15,15,15,37,15,15,15,15,15,15,15,15,15,15,38,39,15,15,15,15,13,13,13,13,13,13,13,13,7,7,7,7,7,7,7,7","0.000915050506591797","leiden","edit-xhwikibooks.graphml"
"0.12","0.74","0.14","0.540217936911335","1,1,1,2,3,4,6,5,5,7,8,9,5,5,5,4,10,11,12,13,14,1,15,5,5,5,5,16,17,18,19,20,21,22,12,12,23,5,14,14,14,14,1,1,1,1,14,1,1,1,14,14,14,14,14,1,1,1,1,14,24,14,14,25,26,14,14,14,14,14,1,14,27,28,14,14,14,14,14,14,14,29,30,31,32,33,14,14,14,14,34,35,36,14,14,14,37,14,14,14,14,14,14,14,14,14,14,38,39,14,14,14,14,12,12,12,12,12,12,12,12,23,23,23,23,23,23,23,23","0.000918149948120117","leiden","edit-xhwikibooks.graphml"
"0.11","0.75","0.14","0.544071363825574","1,1,1,2,3,4,5,6,6,7,8,9,6,6,6,4,10,11,12,13,14,1,15,6,6,6,6,16,17,18,19,20,21,22,12,12,23,6,14,14,14,14,1,1,1,1,14,1,1,1,14,14,14,14,14,1,1,1,1,14,24,14,14,25,26,14,14,14,14,14,1,14,27,28,14,14,14,14,14,14,14,29,30,31,32,33,14,14,14,14,34,35,36,14,14,14,37,14,14,14,14,14,14,14,14,14,14,38,39,14,14,14,14,12,12,12,12,12,12,12,12,23,23,23,23,23,23,23,23","0.000953912734985352","leiden","edit-xhwikibooks.graphml"
"0.1","0.76","0.14","0.544071363825574","1,1,1,2,3,4,5,6,6,7,8,9,6,6,6,4,10,11,12,13,14,1,15,6,6,6,6,16,17,18,19,20,21,22,12,12,23,6,14,14,14,14,1,1,1,1,14,1,1,1,14,14,14,14,14,1,1,1,1,14,24,14,14,25,26,14,14,14,14,14,1,14,27,28,14,14,14,14,14,14,14,29,30,31,32,33,14,14,14,14,34,35,36,14,14,14,37,14,14,14,14,14,14,14,14,14,14,38,39,14,14,14,14,12,12,12,12,12,12,12,12,23,23,23,23,23,23,23,23","0.000971078872680664","leiden","edit-xhwikibooks.graphml"
"0.09","0.77","0.14","0.545527466054932","1,1,1,2,3,4,5,6,6,7,8,9,6,6,6,4,10,11,12,13,14,1,15,6,6,6,6,16,17,18,19,20,21,22,12,12,23,6,14,14,14,14,1,1,1,1,14,1,1,1,14,14,14,14,14,1,1,1,1,14,24,14,14,25,26,14,14,14,14,14,1,14,27,28,14,14,14,14,14,14,14,29,30,31,32,33,14,14,14,14,34,35,36,14,14,14,37,14,14,14,14,14,14,14,14,14,14,38,39,14,14,14,14,12,12,12,12,12,12,12,12,23,23,23,23,23,23,23,23","0.000957965850830078","leiden","edit-xhwikibooks.graphml"
"0.08","0.78","0.14","0.549083709716797","1,1,1,2,3,4,5,6,6,7,8,9,6,6,6,4,10,11,12,13,14,1,15,6,6,6,6,16,17,18,19,20,21,22,12,12,23,6,14,14,14,14,1,1,1,1,14,1,1,1,14,14,14,14,14,1,1,1,1,14,24,14,14,25,26,14,14,14,14,14,1,14,27,28,14,14,14,14,14,14,14,29,30,31,32,33,14,14,14,14,34,35,36,14,14,14,37,14,14,14,14,14,14,14,14,14,14,38,39,14,14,14,14,12,12,12,12,12,12,12,12,23,23,23,23,23,23,23,23","0.001007080078125","leiden","edit-xhwikibooks.graphml"
"0.07","0.79","0.14","0.549083709716797","1,1,1,2,3,4,5,6,6,7,8,9,6,6,6,4,10,11,12,13,14,1,15,6,6,6,6,16,17,18,19,20,21,22,12,12,23,6,14,14,14,14,1,1,1,1,14,1,1,1,14,14,14,14,14,1,1,1,1,14,24,14,14,25,26,14,14,14,14,14,1,14,27,28,14,14,14,14,14,14,14,29,30,31,32,33,14,14,14,14,34,35,36,14,14,14,37,14,14,14,14,14,14,14,14,14,14,38,39,14,14,14,14,12,12,12,12,12,12,12,12,23,23,23,23,23,23,23,23","0.000988006591796875","leiden","edit-xhwikibooks.graphml"
"0.06","0.8","0.14","0.551358280705062","1,1,1,2,3,4,5,6,6,7,8,9,6,6,6,4,10,11,12,13,14,1,15,6,6,6,6,16,17,18,19,20,21,22,12,12,23,6,14,14,14,14,1,1,1,1,14,1,1,1,14,14,14,14,14,1,1,1,1,14,24,14,14,25,26,14,14,14,14,14,1,14,27,28,14,14,14,14,14,14,14,29,30,31,32,33,14,14,14,14,34,35,36,14,14,14,37,14,14,14,14,14,14,14,14,14,14,38,39,14,14,14,14,12,12,12,12,12,12,12,12,23,23,23,23,23,23,23,23","0.00103402137756348","leiden","edit-xhwikibooks.graphml"
"0.05","0.81","0.14","0.551358280705062","1,1,1,2,3,4,5,6,6,7,8,9,6,6,6,4,10,11,12,13,14,1,15,6,6,6,6,16,17,18,19,20,21,22,12,12,23,6,14,14,14,14,1,1,1,1,14,1,1,1,14,14,14,14,14,1,1,1,1,14,24,14,14,25,26,14,14,14,14,14,1,14,27,28,14,14,14,14,14,14,14,29,30,31,32,33,14,14,14,14,34,35,36,14,14,14,37,14,14,14,14,14,14,14,14,14,14,38,39,14,14,14,14,12,12,12,12,12,12,12,12,23,23,23,23,23,23,23,23","0.000952959060668945","leiden","edit-xhwikibooks.graphml"
"0.04","0.82","0.14","0.550609188149751","1,1,1,2,3,4,5,6,6,7,8,9,6,6,6,4,10,11,12,13,14,1,15,6,6,6,6,16,17,18,19,20,21,22,12,12,23,6,14,14,14,14,1,1,1,1,14,1,1,1,14,14,14,14,14,1,1,1,1,14,24,14,14,25,26,14,14,14,14,14,1,14,27,28,14,14,14,14,14,14,14,29,30,31,32,33,14,14,14,14,34,35,36,14,14,14,37,14,14,14,14,14,14,14,14,14,14,38,39,14,14,14,14,12,12,12,12,12,12,12,12,23,23,23,23,23,23,23,23","0.000936985015869141","leiden","edit-xhwikibooks.graphml"
"0.03","0.83","0.14","0.550609188149751","1,1,1,2,3,4,5,6,6,7,8,9,6,6,6,4,10,11,12,13,14,1,15,6,6,6,6,16,17,18,19,20,21,22,12,12,23,6,14,14,14,14,1,1,1,1,14,1,1,1,14,14,14,14,14,1,1,1,1,14,24,14,14,25,26,14,14,14,14,14,1,14,27,28,14,14,14,14,14,14,14,29,30,31,32,33,14,14,14,14,34,35,36,14,14,14,37,14,14,14,14,14,14,14,14,14,14,38,39,14,14,14,14,12,12,12,12,12,12,12,12,23,23,23,23,23,23,23,23","0.00119304656982422","leiden","edit-xhwikibooks.graphml"
"0.02","0.84","0.14","0.551098671755043","1,1,1,2,3,4,5,6,6,7,8,9,6,6,6,4,10,11,12,13,14,1,15,6,6,6,6,16,17,18,19,20,21,22,12,12,23,6,14,14,14,14,1,1,1,1,14,1,1,1,14,14,14,14,14,1,1,1,1,14,24,14,14,25,26,14,14,14,14,14,1,14,27,28,14,14,14,14,14,14,14,29,30,31,32,33,14,14,14,14,34,35,36,14,14,14,37,14,14,14,14,14,14,14,14,14,14,38,39,14,14,14,14,12,12,12,12,12,12,12,12,23,23,23,23,23,23,23,23","0.000954866409301758","leiden","edit-xhwikibooks.graphml"
"0.01","0.85","0.14","0.548680593113395","1,1,1,2,3,4,5,4,4,6,7,8,4,4,4,9,10,11,12,13,14,1,15,4,4,4,4,16,17,18,19,20,21,22,12,12,23,24,14,14,14,14,1,1,1,1,14,1,1,1,14,14,14,14,14,1,1,1,1,14,25,14,14,26,27,14,14,14,14,14,1,14,28,29,14,14,14,14,14,14,14,30,31,32,33,34,14,14,14,14,35,36,37,14,14,14,38,14,14,14,14,14,14,14,14,14,14,39,40,14,14,14,14,12,12,12,12,12,12,12,12,23,23,23,23,23,23,23,23","0.000937938690185547","leiden","edit-xhwikibooks.graphml"
"0","0.86","0.14","0.553748789197473","1,1,1,1,1,1,2,1,3,4,5,6,3,3,3,7,8,9,10,11,12,13,14,1,3,3,3,15,1,16,17,18,19,20,10,10,21,22,12,12,12,12,13,13,13,13,12,13,13,13,12,12,12,12,12,13,13,13,13,12,23,12,12,24,25,12,12,12,12,12,13,12,26,27,12,12,12,12,12,12,12,28,29,30,31,32,12,12,12,12,33,34,35,12,12,12,36,12,12,12,12,12,12,12,12,12,12,37,38,12,12,12,12,10,10,10,10,10,10,10,10,21,21,21,21,21,21,21,21","0.000921010971069336","leiden","edit-xhwikibooks.graphml"
"0.85","0","0.15","0.438282904795971","1,2,1,1,1,3,1,3,3,3,1,1,3,3,3,4,3,1,5,1,6,2,3,3,3,3,3,4,2,3,1,5,1,1,5,5,3,3,6,6,6,6,2,2,2,2,6,2,2,2,6,6,6,6,6,2,2,2,2,6,3,6,6,3,3,6,6,6,6,6,2,6,3,3,6,6,6,6,6,6,6,3,4,4,4,2,6,6,6,6,3,1,5,6,6,6,4,6,6,6,6,6,6,6,6,6,6,1,1,6,6,6,6,5,5,5,5,5,5,5,5,3,3,3,3,3,3,3,3","0.00081181526184082","leiden","edit-xhwikibooks.graphml"
"0.84","0.01","0.15","0.438282904795971","1,2,1,1,1,3,1,3,3,3,1,1,3,3,3,4,3,1,5,1,6,2,3,3,3,3,3,4,2,3,1,5,1,1,5,5,3,3,6,6,6,6,2,2,2,2,6,2,2,2,6,6,6,6,6,2,2,2,2,6,3,6,6,3,3,6,6,6,6,6,2,6,3,3,6,6,6,6,6,6,6,3,4,4,4,2,6,6,6,6,3,1,5,6,6,6,4,6,6,6,6,6,6,6,6,6,6,1,1,6,6,6,6,5,5,5,5,5,5,5,5,3,3,3,3,3,3,3,3","0.000805139541625977","leiden","edit-xhwikibooks.graphml"
"0.83","0.02","0.15","0.438282904795971","1,2,1,1,1,3,1,3,3,3,1,1,3,3,3,4,3,1,5,1,6,2,3,3,3,3,3,4,2,3,1,5,1,1,5,5,3,3,6,6,6,6,2,2,2,2,6,2,2,2,6,6,6,6,6,2,2,2,2,6,3,6,6,3,3,6,6,6,6,6,2,6,3,3,6,6,6,6,6,6,6,3,4,4,4,2,6,6,6,6,3,1,5,6,6,6,4,6,6,6,6,6,6,6,6,6,6,1,1,6,6,6,6,5,5,5,5,5,5,5,5,3,3,3,3,3,3,3,3","0.000866889953613281","leiden","edit-xhwikibooks.graphml"
"0.82","0.03","0.15","0.437659184208228","1,2,1,1,1,3,1,3,3,3,1,1,3,3,3,4,3,1,5,1,6,2,3,3,3,3,3,4,2,3,1,5,1,1,5,5,3,3,6,6,6,6,2,2,2,2,6,2,2,2,6,6,6,6,6,2,2,2,2,6,3,6,6,3,3,6,6,6,6,6,2,6,3,3,6,6,6,6,6,6,6,3,4,4,4,2,6,6,6,6,3,1,5,6,6,6,4,6,6,6,6,6,6,6,6,6,6,1,1,6,6,6,6,5,5,5,5,5,5,5,5,3,3,3,3,3,3,3,3","0.000870943069458008","leiden","edit-xhwikibooks.graphml"
"0.81","0.04","0.15","0.437659184208228","1,2,1,1,1,3,1,3,3,3,1,1,3,3,3,4,3,1,5,1,6,2,3,3,3,3,3,4,2,3,1,5,1,1,5,5,3,3,6,6,6,6,2,2,2,2,6,2,2,2,6,6,6,6,6,2,2,2,2,6,3,6,6,3,3,6,6,6,6,6,2,6,3,3,6,6,6,6,6,6,6,3,4,4,4,2,6,6,6,6,3,1,5,6,6,6,4,6,6,6,6,6,6,6,6,6,6,1,1,6,6,6,6,5,5,5,5,5,5,5,5,3,3,3,3,3,3,3,3","0.000865936279296875","leiden","edit-xhwikibooks.graphml"
"0.8","0.05","0.15","0.467384423157018","1,2,1,1,1,3,1,3,3,3,1,1,3,3,3,4,3,1,5,1,6,2,3,3,3,3,3,4,2,3,1,5,1,1,5,5,3,3,6,6,6,6,2,2,2,2,6,2,2,2,6,6,6,6,6,2,2,2,2,6,3,6,6,3,3,6,6,6,6,6,2,6,3,3,6,6,6,6,6,6,6,3,4,4,4,2,6,6,6,6,3,1,5,6,6,6,4,6,6,6,6,6,6,6,6,6,6,1,1,6,6,6,6,5,5,5,5,5,5,5,5,3,3,3,3,3,3,3,3","0.000874042510986328","leiden","edit-xhwikibooks.graphml"
"0.79","0.06","0.15","0.463339768666701","1,2,1,1,1,1,1,3,1,1,1,1,3,3,3,1,1,1,4,1,5,2,3,3,3,3,3,1,2,1,1,4,1,1,4,4,3,3,5,5,5,5,2,2,2,2,5,2,2,2,5,5,5,5,5,2,2,2,2,5,3,5,5,3,3,5,5,5,5,5,2,5,3,3,5,5,5,5,5,5,5,3,1,1,1,2,5,5,5,5,1,1,4,5,5,5,1,5,5,5,5,5,5,5,5,5,5,1,1,5,5,5,5,4,4,4,4,4,4,4,4,3,3,3,3,3,3,3,3","0.00102710723876953","leiden","edit-xhwikibooks.graphml"
"0.78","0.07","0.15","0.462480341022646","1,2,1,1,1,1,1,3,3,1,1,1,3,3,3,1,1,1,4,1,5,2,3,3,3,3,3,1,2,1,1,4,1,1,4,4,3,3,5,5,5,5,2,2,2,2,5,2,2,2,5,5,5,5,5,2,2,2,2,5,3,5,5,3,3,5,5,5,5,5,2,5,3,3,5,5,5,5,5,5,5,3,1,1,1,2,5,5,5,5,1,1,4,5,5,5,1,5,5,5,5,5,5,5,5,5,5,1,1,5,5,5,5,4,4,4,4,4,4,4,4,3,3,3,3,3,3,3,3","0.000826120376586914","leiden","edit-xhwikibooks.graphml"
"0.77","0.08","0.15","0.464475275463585","1,2,1,1,1,1,1,3,1,1,1,1,3,3,3,1,1,1,4,1,5,2,3,3,3,3,3,1,2,1,1,4,1,1,4,4,3,3,5,5,5,5,2,2,2,2,5,2,2,2,5,5,5,5,5,2,2,2,2,5,3,5,5,3,3,5,5,5,5,5,2,5,3,3,5,5,5,5,5,5,5,3,1,1,1,2,5,5,5,5,1,1,4,5,5,5,1,5,5,5,5,5,5,5,5,5,5,1,1,5,5,5,5,4,4,4,4,4,4,4,4,3,3,3,3,3,3,3,3","0.000834941864013672","leiden","edit-xhwikibooks.graphml"
"0.76","0.09","0.15","0.463769388719519","1,2,1,1,1,1,1,3,1,1,1,1,3,3,3,1,1,1,4,1,5,2,3,3,3,3,3,1,2,1,1,4,1,1,4,4,3,3,5,5,5,5,2,2,2,2,5,2,2,2,5,5,5,5,5,2,2,2,2,5,3,5,5,3,3,5,5,5,5,5,2,5,3,3,5,5,5,5,5,5,5,3,1,1,1,2,5,5,5,5,1,1,4,5,5,5,1,5,5,5,5,5,5,5,5,5,5,1,1,5,5,5,5,4,4,4,4,4,4,4,4,3,3,3,3,3,3,3,3","0.00104498863220215","leiden","edit-xhwikibooks.graphml"
"0.75","0.1","0.15","0.463769388719519","1,2,1,1,1,1,1,3,1,1,1,1,3,3,3,1,1,1,4,1,5,2,3,3,3,3,3,1,2,1,1,4,1,1,4,4,3,3,5,5,5,5,2,2,2,2,5,2,2,2,5,5,5,5,5,2,2,2,2,5,3,5,5,3,3,5,5,5,5,5,2,5,3,3,5,5,5,5,5,5,5,3,1,1,1,2,5,5,5,5,1,1,4,5,5,5,1,5,5,5,5,5,5,5,5,5,5,1,1,5,5,5,5,4,4,4,4,4,4,4,4,3,3,3,3,3,3,3,3","0.000806093215942383","leiden","edit-xhwikibooks.graphml"
"0.74","0.11","0.15","0.450992117073673","1,2,1,1,1,3,1,3,3,3,1,1,3,3,3,3,3,1,5,1,6,2,3,3,3,3,3,3,2,3,1,5,1,1,5,5,4,3,6,6,6,6,2,2,2,2,6,2,2,2,6,6,6,6,6,2,2,2,2,6,3,6,6,3,3,6,6,6,6,6,2,6,3,3,6,6,6,6,6,6,6,3,3,3,3,2,6,6,6,6,3,1,5,6,6,6,3,6,6,6,6,6,6,6,6,6,6,1,1,6,6,6,6,5,5,5,5,5,5,5,5,4,4,4,4,4,4,4,4","0.00079798698425293","leiden","edit-xhwikibooks.graphml"
"0.73","0.12","0.15","0.454928260176427","1,2,1,1,1,3,1,3,3,3,1,1,3,3,3,3,3,1,4,1,5,2,3,3,3,3,3,3,2,3,1,4,1,1,4,4,6,3,5,5,5,5,2,2,2,2,5,2,2,2,5,5,5,5,5,2,2,2,2,5,3,5,5,3,3,5,5,5,5,5,2,5,3,3,5,5,5,5,5,5,5,3,3,3,3,2,5,5,5,5,3,1,4,5,5,5,3,5,5,5,5,5,5,5,5,5,5,1,1,5,5,5,5,4,4,4,4,4,4,4,4,6,6,6,6,6,6,6,6","0.000849008560180664","leiden","edit-xhwikibooks.graphml"
"0.72","0.13","0.15","0.454218106995885","1,2,1,1,1,3,1,3,3,3,1,1,3,3,3,3,3,1,5,1,6,2,3,3,3,3,3,3,2,3,1,5,1,1,5,5,4,3,6,6,6,6,2,2,2,2,6,2,2,2,6,6,6,6,6,2,2,2,2,6,3,6,6,3,3,6,6,6,6,6,2,6,3,3,6,6,6,6,6,6,6,3,3,3,3,2,6,6,6,6,3,1,5,6,6,6,3,6,6,6,6,6,6,6,6,6,6,1,1,6,6,6,6,5,5,5,5,5,5,5,5,4,4,4,4,4,4,4,4","0.000850915908813477","leiden","edit-xhwikibooks.graphml"
"0.71","0.14","0.15","0.454218106995885","1,2,1,1,1,3,1,3,3,3,1,1,3,3,3,3,3,1,4,1,5,2,3,3,3,3,3,3,2,3,1,4,1,1,4,4,6,3,5,5,5,5,2,2,2,2,5,2,2,2,5,5,5,5,5,2,2,2,2,5,3,5,5,3,3,5,5,5,5,5,2,5,3,3,5,5,5,5,5,5,5,3,3,3,3,2,5,5,5,5,3,1,4,5,5,5,3,5,5,5,5,5,5,5,5,5,5,1,1,5,5,5,5,4,4,4,4,4,4,4,4,6,6,6,6,6,6,6,6","0.0193178653717041","leiden","edit-xhwikibooks.graphml"
"0.7","0.15","0.15","0.457189038185688","1,2,1,1,1,3,1,3,3,3,1,1,3,3,3,3,3,1,4,1,5,2,3,3,3,3,3,3,2,3,1,4,1,1,4,4,6,3,5,5,5,5,2,2,2,2,5,2,2,2,5,5,5,5,5,2,2,2,2,5,3,5,5,3,3,5,5,5,5,5,2,5,3,3,5,5,5,5,5,5,5,3,3,3,3,2,5,5,5,5,3,1,4,5,5,5,3,5,5,5,5,5,5,5,5,5,5,1,1,5,5,5,5,4,4,4,4,4,4,4,4,6,6,6,6,6,6,6,6","0.0010981559753418","leiden","edit-xhwikibooks.graphml"
"0.69","0.16","0.15","0.449622701668615","1,2,1,1,1,3,1,3,3,3,1,1,3,3,3,3,3,1,4,1,5,2,3,3,3,3,3,3,2,3,1,4,1,1,4,4,6,3,5,5,5,5,2,2,2,2,5,2,2,2,5,5,5,5,5,2,2,2,2,5,7,5,5,3,3,5,5,5,5,5,2,5,3,3,5,5,5,5,5,5,5,3,3,3,3,8,5,5,5,5,9,10,11,5,5,5,3,5,5,5,5,5,5,5,5,5,5,1,1,5,5,5,5,4,4,4,4,4,4,4,4,6,6,6,6,6,6,6,6","0.00092005729675293","leiden","edit-xhwikibooks.graphml"
"0.68","0.17","0.15","0.452690389008331","1,2,1,1,1,3,1,3,3,3,1,1,3,3,3,3,3,1,5,1,6,2,3,3,3,3,3,3,2,3,1,5,1,1,5,5,4,3,6,6,6,6,2,2,2,2,6,2,2,2,6,6,6,6,6,2,2,2,2,6,7,6,6,3,3,6,6,6,6,6,2,6,3,3,6,6,6,6,6,6,6,3,3,3,3,8,6,6,6,6,9,10,11,6,6,6,3,6,6,6,6,6,6,6,6,6,6,1,1,6,6,6,6,5,5,5,5,5,5,5,5,4,4,4,4,4,4,4,4","0.000818014144897461","leiden","edit-xhwikibooks.graphml"
"0.67","0.18","0.15","0.452690389008331","1,2,1,1,1,3,1,3,3,3,1,1,3,3,3,3,3,1,4,1,5,2,3,3,3,3,3,3,2,3,1,4,1,1,4,4,6,3,5,5,5,5,2,2,2,2,5,2,2,2,5,5,5,5,5,2,2,2,2,5,7,5,5,3,3,5,5,5,5,5,2,5,3,3,5,5,5,5,5,5,5,3,3,3,3,8,5,5,5,5,9,10,11,5,5,5,3,5,5,5,5,5,5,5,5,5,5,1,1,5,5,5,5,4,4,4,4,4,4,4,4,6,6,6,6,6,6,6,6","0.00080108642578125","leiden","edit-xhwikibooks.graphml"
"0.66","0.19","0.15","0.451986651109689","1,3,1,1,1,2,1,2,2,2,1,1,2,2,2,2,2,1,5,1,6,3,2,2,2,2,2,2,3,2,1,5,1,1,5,5,4,2,6,6,6,6,3,3,3,3,6,3,3,3,6,6,6,6,6,3,3,3,3,6,7,6,6,2,2,6,6,6,6,6,3,6,2,2,6,6,6,6,6,6,6,2,2,2,2,8,6,6,6,6,9,10,11,6,6,6,2,6,6,6,6,6,6,6,6,6,6,1,1,6,6,6,6,5,5,5,5,5,5,5,5,4,4,4,4,4,4,4,4","0.000852108001708984","leiden","edit-xhwikibooks.graphml"
"0.65","0.2","0.15","0.457624843016723","1,2,1,1,1,3,1,3,3,3,1,1,3,3,3,3,3,1,4,1,5,2,3,3,3,3,3,3,2,3,1,4,1,1,4,4,6,3,5,5,5,5,2,2,2,2,5,2,2,2,5,5,5,5,5,2,2,2,2,5,7,5,5,3,3,5,5,5,5,5,2,5,3,3,5,5,5,5,5,5,5,3,3,3,3,8,5,5,5,5,9,10,11,5,5,5,3,5,5,5,5,5,5,5,5,5,5,1,1,5,5,5,5,4,4,4,4,4,4,4,4,6,6,6,6,6,6,6,6","0.00102710723876953","leiden","edit-xhwikibooks.graphml"
"0.64","0.21","0.15","0.43219825576074","1,2,1,1,1,1,1,3,1,1,1,1,3,3,3,1,1,1,4,1,5,2,3,3,3,3,3,1,2,1,1,4,1,1,4,4,3,3,5,5,5,5,2,2,2,2,5,2,2,2,5,5,5,5,5,2,2,2,2,5,6,5,5,3,3,5,5,5,5,5,2,5,3,3,5,5,5,5,5,5,5,3,1,1,1,7,5,5,5,5,8,9,10,5,5,5,1,5,5,5,5,5,5,5,5,5,5,1,1,5,5,5,5,4,4,4,4,4,4,4,4,3,3,3,3,3,3,3,3","0.000810861587524414","leiden","edit-xhwikibooks.graphml"
"0.63","0.22","0.15","0.43219825576074","1,2,1,1,1,1,1,3,1,1,1,1,3,3,3,1,1,1,4,1,5,2,3,3,3,3,3,1,2,1,1,4,1,1,4,4,3,3,5,5,5,5,2,2,2,2,5,2,2,2,5,5,5,5,5,2,2,2,2,5,6,5,5,3,3,5,5,5,5,5,2,5,3,3,5,5,5,5,5,5,5,3,1,1,1,7,5,5,5,5,8,9,10,5,5,5,1,5,5,5,5,5,5,5,5,5,5,1,1,5,5,5,5,4,4,4,4,4,4,4,4,3,3,3,3,3,3,3,3","0.000806093215942383","leiden","edit-xhwikibooks.graphml"
"0.62","0.23","0.15","0.435465126289148","1,2,1,1,1,1,1,3,1,1,1,1,3,3,3,1,1,1,4,1,5,2,3,3,3,3,3,1,2,1,1,4,1,1,4,4,3,3,5,5,5,5,2,2,2,2,5,2,2,2,5,5,5,5,5,2,2,2,2,5,6,5,5,3,3,5,5,5,5,5,2,5,3,3,5,5,5,5,5,5,5,3,1,1,1,7,5,5,5,5,8,9,10,5,5,5,1,5,5,5,5,5,5,5,5,5,5,1,1,5,5,5,5,4,4,4,4,4,4,4,4,3,3,3,3,3,3,3,3","0.000790119171142578","leiden","edit-xhwikibooks.graphml"
"0.61","0.24","0.15","0.437418823862248","1,2,1,1,1,1,1,3,1,1,1,1,3,3,3,1,1,1,4,1,5,2,3,3,3,3,3,1,2,1,1,4,1,1,4,4,3,3,5,5,5,5,2,2,2,2,5,2,2,2,5,5,5,5,5,2,2,2,2,5,6,5,5,3,3,5,5,5,5,5,2,5,3,3,5,5,5,5,5,5,5,3,1,1,1,7,5,5,5,5,8,9,10,5,5,5,1,5,5,5,5,5,5,5,5,5,5,1,1,5,5,5,5,4,4,4,4,4,4,4,4,3,3,3,3,3,3,3,3","0.000877141952514648","leiden","edit-xhwikibooks.graphml"
"0.6","0.25","0.15","0.442528323684799","1,2,1,1,1,3,1,3,3,3,1,1,3,3,3,4,3,1,5,1,6,2,3,3,3,3,3,4,2,3,1,5,1,1,5,5,3,3,6,6,6,6,2,2,2,2,6,2,2,2,6,6,6,6,6,2,2,2,2,6,7,6,6,3,3,6,6,6,6,6,2,6,3,3,6,6,6,6,6,6,6,3,4,4,4,8,6,6,6,6,9,10,11,6,6,6,4,6,6,6,6,6,6,6,6,6,6,1,1,6,6,6,6,5,5,5,5,5,5,5,5,3,3,3,3,3,3,3,3","0.000831127166748047","leiden","edit-xhwikibooks.graphml"
"0.59","0.26","0.15","0.442528323684799","1,2,1,1,1,3,1,3,3,3,1,1,3,3,3,4,3,1,5,1,6,2,3,3,3,3,3,4,2,3,1,5,1,1,5,5,3,3,6,6,6,6,2,2,2,2,6,2,2,2,6,6,6,6,6,2,2,2,2,6,7,6,6,3,3,6,6,6,6,6,2,6,3,3,6,6,6,6,6,6,6,3,4,4,4,8,6,6,6,6,9,10,11,6,6,6,4,6,6,6,6,6,6,6,6,6,6,1,1,6,6,6,6,5,5,5,5,5,5,5,5,3,3,3,3,3,3,3,3","0.000854015350341797","leiden","edit-xhwikibooks.graphml"
"0.58","0.27","0.15","0.442528323684799","1,2,1,1,1,3,1,3,3,3,1,1,3,3,3,4,3,1,5,1,6,2,3,3,3,3,3,4,2,3,1,5,1,1,5,5,3,3,6,6,6,6,2,2,2,2,6,2,2,2,6,6,6,6,6,2,2,2,2,6,7,6,6,3,3,6,6,6,6,6,2,6,3,3,6,6,6,6,6,6,6,3,4,4,4,8,6,6,6,6,9,10,11,6,6,6,4,6,6,6,6,6,6,6,6,6,6,1,1,6,6,6,6,5,5,5,5,5,5,5,5,3,3,3,3,3,3,3,3","0.000865936279296875","leiden","edit-xhwikibooks.graphml"
"0.57","0.28","0.15","0.441837711636657","1,2,1,1,1,3,1,3,3,3,1,1,3,3,3,4,3,1,5,1,6,2,3,3,3,3,3,4,2,3,1,5,1,1,5,5,3,3,6,6,6,6,2,2,2,2,6,2,2,2,6,6,6,6,6,2,2,2,2,6,7,6,6,3,3,6,6,6,6,6,2,6,3,3,6,6,6,6,6,6,6,3,4,4,4,8,6,6,6,6,9,10,11,6,6,6,4,6,6,6,6,6,6,6,6,6,6,1,1,6,6,6,6,5,5,5,5,5,5,5,5,3,3,3,3,3,3,3,3","0.000883102416992188","leiden","edit-xhwikibooks.graphml"
"0.56","0.29","0.15","0.447579859051522","1,2,1,3,1,3,1,4,3,3,1,1,4,4,4,3,3,1,5,1,6,2,4,4,4,4,4,3,2,3,1,5,1,1,5,5,4,4,6,6,6,6,2,2,2,2,6,2,2,2,6,6,6,6,6,2,2,2,2,6,7,6,6,4,4,6,6,6,6,6,2,6,4,4,6,6,6,6,6,6,6,4,3,3,3,8,6,6,6,6,9,10,11,6,6,6,3,6,6,6,6,6,6,6,6,6,6,1,1,6,6,6,6,5,5,5,5,5,5,5,5,4,4,4,4,4,4,4,4","0.000770092010498047","leiden","edit-xhwikibooks.graphml"
"0.55","0.3","0.15","0.446885947518012","1,2,1,3,1,3,1,4,3,3,1,1,4,4,4,3,3,1,5,1,6,2,4,4,4,4,4,3,2,3,1,5,1,1,5,5,4,4,6,6,6,6,2,2,2,2,6,2,2,2,6,6,6,6,6,2,2,2,2,6,7,6,6,4,4,6,6,6,6,6,2,6,4,4,6,6,6,6,6,6,6,4,3,3,3,8,6,6,6,6,9,10,11,6,6,6,3,6,6,6,6,6,6,6,6,6,6,1,1,6,6,6,6,5,5,5,5,5,5,5,5,4,4,4,4,4,4,4,4","0.000810146331787109","leiden","edit-xhwikibooks.graphml"
"0.54","0.31","0.15","0.432508605206418","1,2,1,1,1,1,1,3,1,1,1,1,3,3,3,1,4,1,5,1,6,2,3,3,3,3,3,1,2,7,8,5,1,1,5,5,3,3,6,6,6,6,2,2,2,2,6,2,2,2,6,6,6,6,6,2,2,2,2,6,9,6,6,10,11,6,6,6,6,6,2,6,3,3,6,6,6,6,6,6,6,12,1,1,1,13,6,6,6,6,14,15,16,6,6,6,17,6,6,6,6,6,6,6,6,6,6,18,19,6,6,6,6,5,5,5,5,5,5,5,5,3,3,3,3,3,3,3,3","0.00086522102355957","leiden","edit-xhwikibooks.graphml"
"0.53","0.32","0.15","0.431824585069326","1,2,1,1,1,3,1,3,3,3,1,1,3,3,3,3,4,1,5,1,6,2,3,3,3,3,3,3,2,7,8,5,1,1,5,5,3,3,6,6,6,6,2,2,2,2,6,2,2,2,6,6,6,6,6,2,2,2,2,6,9,6,6,10,11,6,6,6,6,6,2,6,3,3,6,6,6,6,6,6,6,12,3,3,3,13,6,6,6,6,14,15,16,6,6,6,17,6,6,6,6,6,6,6,6,6,6,18,19,6,6,6,6,5,5,5,5,5,5,5,5,3,3,3,3,3,3,3,3","0.000843048095703125","leiden","edit-xhwikibooks.graphml"
"0.52","0.33","0.15","0.431824585069326","1,2,1,1,1,3,1,3,3,3,1,1,3,3,3,3,4,1,5,1,6,2,3,3,3,3,3,3,2,7,8,5,1,1,5,5,3,3,6,6,6,6,2,2,2,2,6,2,2,2,6,6,6,6,6,2,2,2,2,6,9,6,6,10,11,6,6,6,6,6,2,6,3,3,6,6,6,6,6,6,6,12,3,3,3,13,6,6,6,6,14,15,16,6,6,6,17,6,6,6,6,6,6,6,6,6,6,18,19,6,6,6,6,5,5,5,5,5,5,5,5,3,3,3,3,3,3,3,3","0.0011289119720459","leiden","edit-xhwikibooks.graphml"
"0.51","0.34","0.15","0.45803832113124","1,2,1,1,1,3,1,3,3,3,1,1,3,3,3,4,5,1,6,1,7,2,3,3,3,3,3,4,2,8,9,6,1,1,6,6,3,3,7,7,7,7,2,2,2,2,7,2,2,2,7,7,7,7,7,2,2,2,2,7,10,7,7,11,12,7,7,7,7,7,2,7,3,3,7,7,7,7,7,7,7,13,4,4,4,14,7,7,7,7,15,16,17,7,7,7,18,7,7,7,7,7,7,7,7,7,7,19,20,7,7,7,7,6,6,6,6,6,6,6,6,3,3,3,3,3,3,3,3","0.000853061676025391","leiden","edit-xhwikibooks.graphml"
"0.5","0.35","0.15","0.457815430460119","1,2,1,1,1,1,1,3,1,1,1,1,3,3,3,1,4,1,5,1,6,2,3,3,3,3,3,1,2,7,8,5,1,1,5,5,3,3,6,6,6,6,2,2,2,2,6,2,2,2,6,6,6,6,6,2,2,2,2,6,9,6,6,10,11,6,6,6,6,6,2,6,3,3,6,6,6,6,6,6,6,12,1,1,1,13,6,6,6,6,14,15,16,6,6,6,17,6,6,6,6,6,6,6,6,6,6,18,19,6,6,6,6,5,5,5,5,5,5,5,5,3,3,3,3,3,3,3,3","0.00082707405090332","leiden","edit-xhwikibooks.graphml"
"0.49","0.36","0.15","0.455616644109863","1,2,1,1,1,3,1,3,3,3,1,1,3,3,3,4,5,1,6,1,7,2,3,3,3,3,3,4,2,8,9,6,1,1,6,6,3,3,7,7,7,7,2,2,2,2,7,2,2,2,7,7,7,7,7,2,2,2,2,7,10,7,7,11,12,7,7,7,7,7,2,7,3,3,7,7,7,7,7,7,7,13,4,4,4,14,7,7,7,7,15,16,17,7,7,7,18,7,7,7,7,7,7,7,7,7,7,19,20,7,7,7,7,6,6,6,6,6,6,6,6,3,3,3,3,3,3,3,3","0.00080418586730957","leiden","edit-xhwikibooks.graphml"
"0.48","0.37","0.15","0.457162","1,2,1,1,1,1,1,3,1,1,1,1,3,3,3,1,4,1,5,1,6,2,3,3,3,3,3,1,2,7,8,5,1,1,5,5,3,3,6,6,6,6,2,2,2,2,6,2,2,2,6,6,6,6,6,2,2,2,2,6,9,6,6,10,11,6,6,6,6,6,2,6,3,3,6,6,6,6,6,6,6,12,1,1,1,13,6,6,6,6,14,15,16,6,6,6,17,6,6,6,6,6,6,6,6,6,6,18,19,6,6,6,6,5,5,5,5,5,5,5,5,3,3,3,3,3,3,3,3","0.000870943069458008","leiden","edit-xhwikibooks.graphml"
"0.47","0.38","0.15","0.456474276994912","1,2,1,1,1,1,1,3,1,1,1,1,3,3,3,1,4,1,5,1,6,2,3,3,3,3,3,1,2,7,8,5,1,1,5,5,3,3,6,6,6,6,2,2,2,2,6,2,2,2,6,6,6,6,6,2,2,2,2,6,9,6,6,10,11,6,6,6,6,6,2,6,3,3,6,6,6,6,6,6,6,12,1,1,1,13,6,6,6,6,14,15,16,6,6,6,17,6,6,6,6,6,6,6,6,6,6,18,19,6,6,6,6,5,5,5,5,5,5,5,5,3,3,3,3,3,3,3,3","0.000900983810424805","leiden","edit-xhwikibooks.graphml"
"0.46","0.39","0.15","0.458264551356328","1,2,1,1,1,1,1,3,1,1,1,1,3,3,3,1,4,1,5,1,6,2,3,3,3,3,3,1,2,7,8,5,1,1,5,5,3,3,6,6,6,6,2,2,2,2,6,2,2,2,6,6,6,6,6,2,2,2,2,6,9,6,6,10,11,6,6,6,6,6,2,6,3,3,6,6,6,6,6,6,6,12,1,1,1,13,6,6,6,6,14,15,16,6,6,6,17,6,6,6,6,6,6,6,6,6,6,18,19,6,6,6,6,5,5,5,5,5,5,5,5,3,3,3,3,3,3,3,3","0.000903129577636719","leiden","edit-xhwikibooks.graphml"
"0.45","0.4","0.15","0.461244975982747","1,2,1,1,1,3,1,3,3,3,1,1,3,3,3,4,5,1,6,1,7,2,3,3,3,3,3,4,2,8,9,6,1,1,6,6,3,3,7,7,7,7,2,2,2,2,7,2,2,2,7,7,7,7,7,2,2,2,2,7,10,7,7,11,12,7,7,7,7,7,2,7,3,3,7,7,7,7,7,7,7,13,4,4,4,14,7,7,7,7,15,16,17,7,7,7,18,7,7,7,7,7,7,7,7,7,7,19,20,7,7,7,7,6,6,6,6,6,6,6,6,3,3,3,3,3,3,3,3","0.00101709365844727","leiden","edit-xhwikibooks.graphml"
"0.44","0.41","0.15","0.459474993701184","1,2,1,1,1,3,1,3,3,3,1,1,3,3,3,4,5,1,6,1,7,2,3,3,3,3,3,4,2,8,9,6,1,1,6,6,3,3,7,7,7,7,2,2,2,2,7,2,2,2,7,7,7,7,7,2,2,2,2,7,10,7,7,11,12,7,7,7,7,7,2,7,3,3,7,7,7,7,7,7,7,13,4,4,4,14,7,7,7,7,15,16,17,7,7,7,18,7,7,7,7,7,7,7,7,7,7,19,20,7,7,7,7,6,6,6,6,6,6,6,6,3,3,3,3,3,3,3,3","0.000835180282592773","leiden","edit-xhwikibooks.graphml"
"0.43","0.42","0.15","0.458790314675032","1,2,1,1,1,3,1,3,3,3,1,1,3,3,3,4,5,1,6,1,7,2,3,3,3,3,3,4,2,8,9,6,1,1,6,6,3,3,7,7,7,7,2,2,2,2,7,2,2,2,7,7,7,7,7,2,2,2,2,7,10,7,7,11,12,7,7,7,7,7,2,7,3,3,7,7,7,7,7,7,7,13,4,4,4,14,7,7,7,7,15,16,17,7,7,7,18,7,7,7,7,7,7,7,7,7,7,19,20,7,7,7,7,6,6,6,6,6,6,6,6,3,3,3,3,3,3,3,3","0.000822067260742188","leiden","edit-xhwikibooks.graphml"
"0.42","0.43","0.15","0.462217320433069","1,2,1,1,1,1,1,3,1,1,1,1,3,3,3,1,4,1,5,1,6,2,3,3,3,3,3,1,2,7,8,5,1,1,5,5,3,3,6,6,6,6,2,2,2,2,6,2,2,2,6,6,6,6,6,2,2,2,2,6,9,6,6,10,11,6,6,6,6,6,2,6,3,3,6,6,6,6,6,6,6,12,1,1,1,13,6,6,6,6,14,15,16,6,6,6,17,6,6,6,6,6,6,6,6,6,6,18,19,6,6,6,6,5,5,5,5,5,5,5,5,3,3,3,3,3,3,3,3","0.000943183898925781","leiden","edit-xhwikibooks.graphml"
"0.41","0.44","0.15","0.461559923119846","1,2,1,1,1,3,1,3,3,3,1,1,3,3,3,4,5,1,6,1,7,2,3,3,3,3,3,4,2,8,9,6,1,1,6,6,3,3,7,7,7,7,2,2,2,2,7,2,2,2,7,7,7,7,7,2,2,2,2,7,10,7,7,11,12,7,7,7,7,7,2,7,3,3,7,7,7,7,7,7,7,13,4,4,4,14,7,7,7,7,15,16,17,7,7,7,18,7,7,7,7,7,7,7,7,7,7,19,20,7,7,7,7,6,6,6,6,6,6,6,6,3,3,3,3,3,3,3,3","0.000891923904418945","leiden","edit-xhwikibooks.graphml"
"0.4","0.45","0.15","0.464980776624375","1,2,1,1,1,1,1,3,1,1,1,1,3,3,3,1,4,1,5,1,6,2,3,3,3,3,3,1,2,7,8,5,1,1,5,5,3,3,6,6,6,6,2,2,2,2,6,2,2,2,6,6,6,6,6,2,2,2,2,6,9,6,6,10,11,6,6,6,6,6,2,6,3,3,6,6,6,6,6,6,6,12,1,1,1,13,6,6,6,6,14,15,16,6,6,6,17,6,6,6,6,6,6,6,6,6,6,18,19,6,6,6,6,5,5,5,5,5,5,5,5,3,3,3,3,3,3,3,3","0.000885009765625","leiden","edit-xhwikibooks.graphml"
"0.39","0.46","0.15","0.441455574493237","1,1,1,2,4,2,5,2,2,2,5,6,2,2,2,2,7,8,5,9,10,1,11,2,2,2,2,2,1,12,13,14,9,15,5,5,3,2,10,10,10,10,1,1,1,1,10,1,1,1,10,10,10,10,10,1,1,1,1,10,16,10,10,17,18,10,10,10,10,10,1,10,19,20,10,10,10,10,10,10,10,21,22,23,24,25,10,10,10,10,26,27,28,10,10,10,29,10,10,10,10,10,10,10,10,10,10,30,31,10,10,10,10,5,5,5,5,5,5,5,5,3,3,3,3,3,3,3,3","0.00126004219055176","leiden","edit-xhwikibooks.graphml"
"0.38","0.47","0.15","0.443289221141594","1,1,1,2,4,2,5,2,2,2,5,6,2,2,2,2,7,8,5,9,10,1,11,2,2,2,2,2,1,12,13,14,9,15,5,5,3,2,10,10,10,10,1,1,1,1,10,1,1,1,10,10,10,10,10,1,1,1,1,10,16,10,10,17,18,10,10,10,10,10,1,10,19,20,10,10,10,10,10,10,10,21,22,23,24,25,10,10,10,10,26,27,28,10,10,10,29,10,10,10,10,10,10,10,10,10,10,30,31,10,10,10,10,5,5,5,5,5,5,5,5,3,3,3,3,3,3,3,3","0.000999927520751953","leiden","edit-xhwikibooks.graphml"
"0.37","0.48","0.15","0.442610672246296","1,1,1,2,4,2,5,2,2,2,5,6,2,2,2,2,7,8,5,9,10,1,11,2,2,2,2,2,1,12,13,14,9,15,5,5,3,2,10,10,10,10,1,1,1,1,10,1,1,1,10,10,10,10,10,1,1,1,1,10,16,10,10,17,18,10,10,10,10,10,1,10,19,20,10,10,10,10,10,10,10,21,22,23,24,25,10,10,10,10,26,27,28,10,10,10,29,10,10,10,10,10,10,10,10,10,10,30,31,10,10,10,10,5,5,5,5,5,5,5,5,3,3,3,3,3,3,3,3","0.000864028930664062","leiden","edit-xhwikibooks.graphml"
"0.36","0.49","0.15","0.442610672246296","1,1,1,2,4,2,5,2,2,2,5,6,2,2,2,2,7,8,5,9,10,1,11,2,2,2,2,2,1,12,13,14,9,15,5,5,3,2,10,10,10,10,1,1,1,1,10,1,1,1,10,10,10,10,10,1,1,1,1,10,16,10,10,17,18,10,10,10,10,10,1,10,19,20,10,10,10,10,10,10,10,21,22,23,24,25,10,10,10,10,26,27,28,10,10,10,29,10,10,10,10,10,10,10,10,10,10,30,31,10,10,10,10,5,5,5,5,5,5,5,5,3,3,3,3,3,3,3,3","0.000952005386352539","leiden","edit-xhwikibooks.graphml"
"0.35","0.5","0.15","0.512747688689447","1,1,1,2,3,2,4,5,2,2,4,6,5,5,5,2,7,8,4,9,10,1,11,5,5,5,5,2,1,12,13,14,9,15,4,4,5,5,10,10,10,10,1,1,1,1,10,1,1,1,10,10,10,10,10,1,1,1,1,10,16,10,10,17,18,10,10,10,10,10,1,10,19,20,10,10,10,10,10,10,10,21,22,23,24,25,10,10,10,10,26,27,28,10,10,10,29,10,10,10,10,10,10,10,10,10,10,30,31,10,10,10,10,4,4,4,4,4,4,4,4,5,5,5,5,5,5,5,5","0.000914096832275391","leiden","edit-xhwikibooks.graphml"
"0.34","0.51","0.15","0.508915850362682","1,1,1,2,3,2,4,5,2,2,4,6,5,5,5,2,7,8,4,9,10,1,11,5,5,5,5,2,1,12,13,14,9,15,16,16,5,5,10,10,10,10,1,1,1,1,10,1,1,1,10,10,10,10,10,1,1,1,1,10,17,10,10,18,19,10,10,10,10,10,1,10,20,21,10,10,10,10,10,10,10,22,23,24,25,26,10,10,10,10,27,28,29,10,10,10,30,10,10,10,10,10,10,10,10,10,10,31,32,10,10,10,10,16,16,16,16,16,16,16,16,5,5,5,5,5,5,5,5","0.000997066497802734","leiden","edit-xhwikibooks.graphml"
"0.33","0.52","0.15","0.508915850362682","1,1,1,2,3,2,4,5,2,2,4,6,5,5,5,2,7,8,4,9,10,1,11,5,5,5,5,2,1,12,13,14,9,15,16,16,5,5,10,10,10,10,1,1,1,1,10,1,1,1,10,10,10,10,10,1,1,1,1,10,17,10,10,18,19,10,10,10,10,10,1,10,20,21,10,10,10,10,10,10,10,22,23,24,25,26,10,10,10,10,27,28,29,10,10,10,30,10,10,10,10,10,10,10,10,10,10,31,32,10,10,10,10,16,16,16,16,16,16,16,16,5,5,5,5,5,5,5,5","0.00102710723876953","leiden","edit-xhwikibooks.graphml"
"0.32","0.53","0.15","0.508237905257281","1,1,1,2,3,2,4,5,2,2,4,6,5,5,5,2,7,8,4,9,10,1,11,5,5,5,5,2,1,12,13,14,9,15,16,16,5,5,10,10,10,10,1,1,1,1,10,1,1,1,10,10,10,10,10,1,1,1,1,10,17,10,10,18,19,10,10,10,10,10,1,10,20,21,10,10,10,10,10,10,10,22,23,24,25,26,10,10,10,10,27,28,29,10,10,10,30,10,10,10,10,10,10,10,10,10,10,31,32,10,10,10,10,16,16,16,16,16,16,16,16,5,5,5,5,5,5,5,5","0.000897884368896484","leiden","edit-xhwikibooks.graphml"
"0.31","0.54","0.15","0.509688009794844","1,1,1,2,3,2,4,5,2,2,4,6,5,5,5,2,7,8,4,9,10,1,11,5,5,5,5,2,1,12,13,14,9,15,16,16,5,5,10,10,10,10,1,1,1,1,10,1,1,1,10,10,10,10,10,1,1,1,1,10,17,10,10,18,19,10,10,10,10,10,1,10,20,21,10,10,10,10,10,10,10,22,23,24,25,26,10,10,10,10,27,28,29,10,10,10,30,10,10,10,10,10,10,10,10,10,10,31,32,10,10,10,10,16,16,16,16,16,16,16,16,5,5,5,5,5,5,5,5","0.000913143157958984","leiden","edit-xhwikibooks.graphml"
"0.3","0.55","0.15","0.509012083693771","1,1,1,2,3,2,4,5,2,2,4,6,5,5,5,2,7,8,4,9,10,1,11,5,5,5,5,2,1,12,13,14,9,15,16,16,5,5,10,10,10,10,1,1,1,1,10,1,1,1,10,10,10,10,10,1,1,1,1,10,17,10,10,18,19,10,10,10,10,10,1,10,20,21,10,10,10,10,10,10,10,22,23,24,25,26,10,10,10,10,27,28,29,10,10,10,30,10,10,10,10,10,10,10,10,10,10,31,32,10,10,10,10,16,16,16,16,16,16,16,16,5,5,5,5,5,5,5,5","0.000902891159057617","leiden","edit-xhwikibooks.graphml"
"0.29","0.56","0.15","0.511790712340163","1,1,1,2,3,2,4,5,2,2,4,6,5,5,5,2,7,8,4,9,10,1,11,5,5,5,5,2,1,12,13,14,9,15,16,16,5,5,10,10,10,10,1,1,1,1,10,1,1,1,10,10,10,10,10,1,1,1,1,10,17,10,10,18,19,10,10,10,10,10,1,10,20,21,10,10,10,10,10,10,10,22,23,24,25,26,10,10,10,10,27,28,29,10,10,10,30,10,10,10,10,10,10,10,10,10,10,31,32,10,10,10,10,16,16,16,16,16,16,16,16,5,5,5,5,5,5,5,5","0.000919818878173828","leiden","edit-xhwikibooks.graphml"
"0.28","0.57","0.15","0.512540625499494","1,1,1,2,3,2,4,5,2,2,4,6,5,5,5,2,7,8,4,9,10,1,11,5,5,5,5,2,1,12,13,14,9,15,16,16,5,5,10,10,10,10,1,1,1,1,10,1,1,1,10,10,10,10,10,1,1,1,1,10,17,10,10,18,19,10,10,10,10,10,1,10,20,21,10,10,10,10,10,10,10,22,23,24,25,26,10,10,10,10,27,28,29,10,10,10,30,10,10,10,10,10,10,10,10,10,10,31,32,10,10,10,10,16,16,16,16,16,16,16,16,5,5,5,5,5,5,5,5","0.00100612640380859","leiden","edit-xhwikibooks.graphml"
"0.27","0.58","0.15","0.515266115702479","1,1,1,2,3,2,4,5,2,2,4,6,5,5,5,2,7,8,4,9,10,1,11,5,5,5,5,2,1,12,13,14,9,15,16,16,5,5,10,10,10,10,1,1,1,1,10,1,1,1,10,10,10,10,10,1,1,1,1,10,17,10,10,18,19,10,10,10,10,10,1,10,20,21,10,10,10,10,10,10,10,22,23,24,25,26,10,10,10,10,27,28,29,10,10,10,30,10,10,10,10,10,10,10,10,10,10,31,32,10,10,10,10,16,16,16,16,16,16,16,16,5,5,5,5,5,5,5,5","0.00115680694580078","leiden","edit-xhwikibooks.graphml"
"0.26","0.59","0.15","0.514596460485967","1,1,1,2,3,2,4,5,2,2,4,6,5,5,5,2,7,8,4,9,10,1,11,5,5,5,5,2,1,12,13,14,9,15,16,16,5,5,10,10,10,10,1,1,1,1,10,1,1,1,10,10,10,10,10,1,1,1,1,10,17,10,10,18,19,10,10,10,10,10,1,10,20,21,10,10,10,10,10,10,10,22,23,24,25,26,10,10,10,10,27,28,29,10,10,10,30,10,10,10,10,10,10,10,10,10,10,31,32,10,10,10,10,16,16,16,16,16,16,16,16,5,5,5,5,5,5,5,5","0.000916004180908203","leiden","edit-xhwikibooks.graphml"
"0.25","0.6","0.15","0.517587775376133","1,1,1,2,3,2,4,5,2,2,4,6,5,5,5,2,7,8,4,9,10,1,11,5,5,5,5,2,1,12,13,14,9,15,16,16,5,5,10,10,10,10,1,1,1,1,10,1,1,1,10,10,10,10,10,1,1,1,1,10,17,10,10,18,19,10,10,10,10,10,1,10,20,21,10,10,10,10,10,10,10,22,23,24,25,26,10,10,10,10,27,28,29,10,10,10,30,10,10,10,10,10,10,10,10,10,10,31,32,10,10,10,10,16,16,16,16,16,16,16,16,5,5,5,5,5,5,5,5","0.000977993011474609","leiden","edit-xhwikibooks.graphml"
"0.24","0.61","0.15","0.513109311234153","1,1,1,2,3,2,4,5,2,2,6,7,5,5,5,2,8,9,10,11,12,1,13,5,5,5,5,2,1,14,15,16,17,18,10,10,5,5,12,12,12,12,1,1,1,1,12,1,1,1,12,12,12,12,12,1,1,1,1,12,19,12,12,20,21,12,12,12,12,12,1,12,22,23,12,12,12,12,12,12,12,24,25,26,27,28,12,12,12,12,29,30,31,12,12,12,32,12,12,12,12,12,12,12,12,12,12,33,34,12,12,12,12,10,10,10,10,10,10,10,10,5,5,5,5,5,5,5,5","0.0010068416595459","leiden","edit-xhwikibooks.graphml"
"0.23","0.62","0.15","0.515905352687462","1,1,1,2,3,2,4,5,2,2,6,7,5,5,5,2,8,9,10,11,12,1,13,5,5,5,5,2,1,14,15,16,17,18,10,10,5,5,12,12,12,12,1,1,1,1,12,1,1,1,12,12,12,12,12,1,1,1,1,12,19,12,12,20,21,12,12,12,12,12,1,12,22,23,12,12,12,12,12,12,12,24,25,26,27,28,12,12,12,12,29,30,31,12,12,12,32,12,12,12,12,12,12,12,12,12,12,33,34,12,12,12,12,10,10,10,10,10,10,10,10,5,5,5,5,5,5,5,5","0.000932931900024414","leiden","edit-xhwikibooks.graphml"
"0.22","0.63","0.15","0.515240326343364","1,1,1,2,3,2,4,5,2,2,6,7,5,5,5,2,8,9,10,11,12,1,13,5,5,5,5,2,1,14,15,16,17,18,10,10,5,5,12,12,12,12,1,1,1,1,12,1,1,1,12,12,12,12,12,1,1,1,1,12,19,12,12,20,21,12,12,12,12,12,1,12,22,23,12,12,12,12,12,12,12,24,25,26,27,28,12,12,12,12,29,30,31,12,12,12,32,12,12,12,12,12,12,12,12,12,12,33,34,12,12,12,12,10,10,10,10,10,10,10,10,5,5,5,5,5,5,5,5","0.000998020172119141","leiden","edit-xhwikibooks.graphml"
"0.21","0.64","0.15","0.515240326343364","1,1,1,2,3,2,4,5,2,2,6,7,5,5,5,2,8,9,10,11,12,1,13,5,5,5,5,2,1,14,15,16,17,18,10,10,5,5,12,12,12,12,1,1,1,1,12,1,1,1,12,12,12,12,12,1,1,1,1,12,19,12,12,20,21,12,12,12,12,12,1,12,22,23,12,12,12,12,12,12,12,24,25,26,27,28,12,12,12,12,29,30,31,12,12,12,32,12,12,12,12,12,12,12,12,12,12,33,34,12,12,12,12,10,10,10,10,10,10,10,10,5,5,5,5,5,5,5,5","0.00103306770324707","leiden","edit-xhwikibooks.graphml"
"0.2","0.65","0.15","0.513190905654968","1,1,1,2,3,2,4,5,2,2,6,7,5,5,5,2,8,9,10,11,12,1,13,5,5,5,5,2,1,14,15,16,17,18,10,10,5,5,12,12,12,12,1,1,1,1,12,1,1,1,12,12,12,12,12,1,1,1,1,12,19,12,12,20,21,12,12,12,12,12,1,12,22,23,12,12,12,12,12,12,12,24,25,26,27,28,12,12,12,12,29,30,31,12,12,12,32,12,12,12,12,12,12,12,12,12,12,33,34,12,12,12,12,10,10,10,10,10,10,10,10,5,5,5,5,5,5,5,5","0.000936985015869141","leiden","edit-xhwikibooks.graphml"
"0.19","0.66","0.15","0.514633316874259","1,1,1,2,3,2,4,5,2,2,6,7,5,5,5,2,8,9,10,11,12,1,13,5,5,5,5,2,1,14,15,16,17,18,10,10,5,5,12,12,12,12,1,1,1,1,12,1,1,1,12,12,12,12,12,1,1,1,1,12,19,12,12,20,21,12,12,12,12,12,1,12,22,23,12,12,12,12,12,12,12,24,25,26,27,28,12,12,12,12,29,30,31,12,12,12,32,12,12,12,12,12,12,12,12,12,12,33,34,12,12,12,12,10,10,10,10,10,10,10,10,5,5,5,5,5,5,5,5","0.000921964645385742","leiden","edit-xhwikibooks.graphml"
"0.18","0.67","0.15","0.534087668617338","1,1,1,2,3,2,4,5,2,2,6,7,5,5,5,2,8,9,10,11,12,1,13,5,5,5,5,2,1,14,15,16,17,18,10,10,19,5,12,12,12,12,1,1,1,1,12,1,1,1,12,12,12,12,12,1,1,1,1,12,20,12,12,21,22,12,12,12,12,12,1,12,23,24,12,12,12,12,12,12,12,25,26,27,28,29,12,12,12,12,30,31,32,12,12,12,33,12,12,12,12,12,12,12,12,12,12,34,35,12,12,12,12,10,10,10,10,10,10,10,10,19,19,19,19,19,19,19,19","0.000954866409301758","leiden","edit-xhwikibooks.graphml"
"0.17","0.68","0.15","0.534087668617338","1,1,1,2,3,2,4,5,2,2,7,8,5,5,5,2,9,10,11,12,13,1,14,5,5,5,5,2,1,15,16,17,18,19,11,11,6,5,13,13,13,13,1,1,1,1,13,1,1,1,13,13,13,13,13,1,1,1,1,13,20,13,13,21,22,13,13,13,13,13,1,13,23,24,13,13,13,13,13,13,13,25,26,27,28,29,13,13,13,13,30,31,32,13,13,13,33,13,13,13,13,13,13,13,13,13,13,34,35,13,13,13,13,11,11,11,11,11,11,11,11,6,6,6,6,6,6,6,6","0.000941038131713867","leiden","edit-xhwikibooks.graphml"
"0.16","0.69","0.15","0.533419713924778","1,1,1,2,3,2,4,5,2,2,6,7,5,5,5,2,8,9,10,11,12,1,13,5,5,5,5,2,1,14,15,16,17,18,10,10,19,5,12,12,12,12,1,1,1,1,12,1,1,1,12,12,12,12,12,1,1,1,1,12,20,12,12,21,22,12,12,12,12,12,1,12,23,24,12,12,12,12,12,12,12,25,26,27,28,29,12,12,12,12,30,31,32,12,12,12,33,12,12,12,12,12,12,12,12,12,12,34,35,12,12,12,12,10,10,10,10,10,10,10,10,19,19,19,19,19,19,19,19","0.000949859619140625","leiden","edit-xhwikibooks.graphml"
"0.15","0.7","0.15","0.536026143951221","1,1,1,3,4,3,5,6,3,3,7,8,6,6,6,3,9,10,11,12,13,2,14,6,6,6,6,3,1,15,16,17,18,19,11,11,20,6,13,13,13,13,2,2,2,2,13,2,2,2,13,13,13,13,13,2,2,2,2,13,21,13,13,22,23,13,13,13,13,13,2,13,24,25,13,13,13,13,13,13,13,26,27,28,29,30,13,13,13,13,31,32,33,13,13,13,34,13,13,13,13,13,13,13,13,13,13,35,36,13,13,13,13,11,11,11,11,11,11,11,11,20,20,20,20,20,20,20,20","0.000951051712036133","leiden","edit-xhwikibooks.graphml"
"0.14","0.71","0.15","0.535337913834417","1,2,1,3,4,3,5,6,3,3,8,9,6,6,6,3,10,11,12,13,14,2,15,6,6,6,6,3,2,16,17,18,19,20,12,12,7,6,14,14,14,14,2,2,2,2,14,2,2,2,14,14,14,14,14,2,2,2,2,14,21,14,14,22,23,14,14,14,14,14,2,14,24,25,14,14,14,14,14,14,14,26,27,28,29,30,14,14,14,14,31,32,33,14,14,14,34,14,14,14,14,14,14,14,14,14,14,35,36,14,14,14,14,12,12,12,12,12,12,12,12,7,7,7,7,7,7,7,7","0.000984907150268555","leiden","edit-xhwikibooks.graphml"
"0.13","0.72","0.15","0.537843424103728","1,1,1,2,3,2,4,5,2,2,7,8,5,5,5,2,9,10,11,12,13,14,15,5,5,5,5,2,1,16,17,18,19,20,11,11,6,5,13,13,13,13,14,14,14,14,13,14,14,14,13,13,13,13,13,14,14,14,14,13,21,13,13,22,23,13,13,13,13,13,14,13,24,25,13,13,13,13,13,13,13,26,27,28,29,30,13,13,13,13,31,32,33,13,13,13,34,13,13,13,13,13,13,13,13,13,13,35,36,13,13,13,13,11,11,11,11,11,11,11,11,6,6,6,6,6,6,6,6","0.000921010971069336","leiden","edit-xhwikibooks.graphml"
"0.12","0.73","0.15","0.537167485822306","1,2,1,3,4,3,5,6,3,3,7,8,6,6,6,3,9,10,11,12,13,2,14,6,6,6,6,3,2,15,16,17,18,19,11,11,20,6,13,13,13,13,2,2,2,2,13,2,2,2,13,13,13,13,13,2,2,2,2,13,21,13,13,22,23,13,13,13,13,13,2,13,24,25,13,13,13,13,13,13,13,26,27,28,29,30,13,13,13,13,31,32,33,13,13,13,34,13,13,13,13,13,13,13,13,13,13,35,36,13,13,13,13,11,11,11,11,11,11,11,11,20,20,20,20,20,20,20,20","0.000946998596191406","leiden","edit-xhwikibooks.graphml"
"0.11","0.74","0.15","0.536880151228733","1,2,1,3,4,3,5,6,3,3,7,8,6,6,6,3,9,10,11,12,13,2,14,6,6,6,6,3,2,15,16,17,18,19,11,11,6,6,13,13,13,13,2,2,2,2,13,2,2,2,13,13,13,13,13,2,2,2,2,13,20,13,13,21,22,13,13,13,13,13,2,13,23,24,13,13,13,13,13,13,13,25,26,27,28,29,13,13,13,13,30,31,32,13,13,13,33,13,13,13,13,13,13,13,13,13,13,34,35,13,13,13,13,11,11,11,11,11,11,11,11,6,6,6,6,6,6,6,6","0.000934123992919922","leiden","edit-xhwikibooks.graphml"
"0.1","0.75","0.15","0.534078622357452","1,1,1,2,3,4,5,4,4,6,7,8,4,4,4,4,9,10,11,12,13,1,14,4,4,4,4,15,16,17,18,19,20,21,11,11,22,4,13,13,13,13,1,1,1,1,13,1,1,1,13,13,13,13,13,1,1,1,1,13,23,13,13,24,25,13,13,13,13,13,1,13,26,27,13,13,13,13,13,13,13,28,29,30,31,32,13,13,13,13,33,34,35,13,13,13,36,13,13,13,13,13,13,13,13,13,13,37,38,13,13,13,13,11,11,11,11,11,11,11,11,22,22,22,22,22,22,22,22","0.0011899471282959","leiden","edit-xhwikibooks.graphml"
"0.09","0.76","0.15","0.534078622357452","1,1,1,2,3,4,5,4,4,6,7,8,4,4,4,4,9,10,11,12,13,1,14,4,4,4,4,15,16,17,18,19,20,21,11,11,22,4,13,13,13,13,1,1,1,1,13,1,1,1,13,13,13,13,13,1,1,1,1,13,23,13,13,24,25,13,13,13,13,13,1,13,26,27,13,13,13,13,13,13,13,28,29,30,31,32,13,13,13,13,33,34,35,13,13,13,36,13,13,13,13,13,13,13,13,13,13,37,38,13,13,13,13,11,11,11,11,11,11,11,11,22,22,22,22,22,22,22,22","0.00101590156555176","leiden","edit-xhwikibooks.graphml"
"0.08","0.77","0.15","0.536647258979206","1,2,1,3,4,5,6,5,5,7,8,9,5,5,5,5,10,11,12,13,14,2,15,5,5,5,5,16,17,18,19,20,21,22,12,12,23,5,14,14,14,14,2,2,2,2,14,2,2,2,14,14,14,14,14,2,2,2,2,14,24,14,14,25,26,14,14,14,14,14,2,14,27,28,14,14,14,14,14,14,14,29,30,31,32,33,14,14,14,14,34,35,36,14,14,14,37,14,14,14,14,14,14,14,14,14,14,38,39,14,14,14,14,12,12,12,12,12,12,12,12,23,23,23,23,23,23,23,23","0.00102019309997559","leiden","edit-xhwikibooks.graphml"
"0.07","0.78","0.15","0.538622023203746","1,2,1,3,4,5,6,5,5,7,8,9,5,5,5,5,10,11,12,13,14,2,15,5,5,5,5,16,17,18,19,20,21,22,12,12,23,5,14,14,14,14,2,2,2,2,14,2,2,2,14,14,14,14,14,2,2,2,2,14,24,14,14,25,26,14,14,14,14,14,2,14,27,28,14,14,14,14,14,14,14,29,30,31,32,33,14,14,14,14,34,35,36,14,14,14,37,14,14,14,14,14,14,14,14,14,14,38,39,14,14,14,14,12,12,12,12,12,12,12,12,23,23,23,23,23,23,23,23","0.00113511085510254","leiden","edit-xhwikibooks.graphml"
"0.06","0.79","0.15","0.538622023203746","1,2,1,3,4,5,6,5,5,7,8,9,5,5,5,5,10,11,12,13,14,2,15,5,5,5,5,16,17,18,19,20,21,22,12,12,23,5,14,14,14,14,2,2,2,2,14,2,2,2,14,14,14,14,14,2,2,2,2,14,24,14,14,25,26,14,14,14,14,14,2,14,27,28,14,14,14,14,14,14,14,29,30,31,32,33,14,14,14,14,34,35,36,14,14,14,37,14,14,14,14,14,14,14,14,14,14,38,39,14,14,14,14,12,12,12,12,12,12,12,12,23,23,23,23,23,23,23,23","0.00104308128356934","leiden","edit-xhwikibooks.graphml"
"0.05","0.8","0.15","0.540736340987259","1,1,1,2,3,4,5,6,6,7,8,9,6,6,6,4,10,11,12,13,14,1,15,6,6,6,6,16,17,18,19,20,21,22,12,12,23,6,14,14,14,14,1,1,1,1,14,1,1,1,14,14,14,14,14,1,1,1,1,14,24,14,14,25,26,14,14,14,14,14,1,14,27,28,14,14,14,14,14,14,14,29,30,31,32,33,14,14,14,14,34,35,36,14,14,14,37,14,14,14,14,14,14,14,14,14,14,38,39,14,14,14,14,12,12,12,12,12,12,12,12,23,23,23,23,23,23,23,23","0.00105714797973633","leiden","edit-xhwikibooks.graphml"
"0.04","0.81","0.15","0.517904408505464","1,1,1,2,3,4,5,6,6,7,8,9,6,6,6,4,10,11,12,13,14,1,15,6,6,6,6,16,17,18,19,20,21,22,12,12,23,6,14,14,14,14,1,1,1,1,14,1,1,1,14,14,14,14,14,1,1,1,1,14,24,14,14,25,26,14,14,14,14,14,1,14,27,28,14,14,14,14,14,14,14,29,30,31,32,33,14,14,14,14,34,35,36,14,14,14,37,14,14,14,14,14,14,14,14,14,14,38,39,14,14,14,14,12,12,12,12,12,12,12,12,23,23,23,23,23,23,23,23","0.000988006591796875","leiden","edit-xhwikibooks.graphml"
"0.03","0.82","0.15","0.517230391615584","1,1,1,2,3,4,5,6,6,7,8,9,6,6,6,4,10,11,12,13,14,1,15,6,6,6,6,16,17,18,19,20,21,22,12,12,23,6,14,14,14,14,1,1,1,1,14,1,1,1,14,14,14,14,14,1,1,1,1,14,24,14,14,25,26,14,14,14,14,14,1,14,27,28,14,14,14,14,14,14,14,29,30,31,32,33,14,14,14,14,34,35,36,14,14,14,37,14,14,14,14,14,14,14,14,14,14,38,39,14,14,14,14,12,12,12,12,12,12,12,12,23,23,23,23,23,23,23,23","0.00133085250854492","leiden","edit-xhwikibooks.graphml"
"0.02","0.83","0.15","0.517230391615584","1,1,1,2,3,4,5,6,6,8,9,10,6,6,6,4,11,12,13,14,15,1,16,6,6,6,6,17,18,19,20,21,22,23,13,13,7,6,15,15,15,15,1,1,1,1,15,1,1,1,15,15,15,15,15,1,1,1,1,15,24,15,15,25,26,15,15,15,15,15,1,15,27,28,15,15,15,15,15,15,15,29,30,31,32,33,15,15,15,15,34,35,36,15,15,15,37,15,15,15,15,15,15,15,15,15,15,38,39,15,15,15,15,13,13,13,13,13,13,13,13,7,7,7,7,7,7,7,7","0.000946998596191406","leiden","edit-xhwikibooks.graphml"
"0.01","0.84","0.15","0.517847912914089","1,1,1,2,3,4,5,6,6,7,8,9,6,6,6,4,10,11,12,13,14,1,15,6,6,6,6,16,17,18,19,20,21,22,12,12,23,6,14,14,14,14,1,1,1,1,14,1,1,1,14,14,14,14,14,1,1,1,1,14,24,14,14,25,26,14,14,14,14,14,1,14,27,28,14,14,14,14,14,14,14,29,30,31,32,33,14,14,14,14,34,35,36,14,14,14,37,14,14,14,14,14,14,14,14,14,14,38,39,14,14,14,14,12,12,12,12,12,12,12,12,23,23,23,23,23,23,23,23","0.000940084457397461","leiden","edit-xhwikibooks.graphml"
"0","0.85","0.15","0.523488634875384","1,1,1,1,1,2,3,4,4,5,6,7,4,4,4,2,8,9,10,11,12,1,13,4,4,4,4,14,1,15,16,17,18,19,10,10,20,4,12,12,12,12,1,1,1,1,12,1,1,1,12,12,12,12,12,1,1,1,1,12,21,12,12,22,23,12,12,12,12,12,1,12,24,25,12,12,12,12,12,12,12,26,27,28,29,30,12,12,12,12,31,32,33,12,12,12,34,12,12,12,12,12,12,12,12,12,12,35,36,12,12,12,12,10,10,10,10,10,10,10,10,20,20,20,20,20,20,20,20","0.00100111961364746","leiden","edit-xhwikibooks.graphml"
"0.84","0","0.16","0.436259935365534","1,2,1,1,1,3,1,3,3,3,4,1,3,3,3,5,3,4,4,1,6,2,3,3,3,3,3,5,2,3,4,4,1,1,4,4,3,3,6,6,6,6,2,2,2,2,6,2,2,2,6,6,6,6,6,2,2,2,2,6,3,6,6,3,3,6,6,6,6,6,2,6,3,3,6,6,6,6,6,6,6,3,5,5,5,2,6,6,6,6,3,4,4,6,6,6,5,6,6,6,6,6,6,6,6,6,6,1,1,6,6,6,6,4,4,4,4,4,4,4,4,3,3,3,3,3,3,3,3","0.000882863998413086","leiden","edit-xhwikibooks.graphml"
"0.83","0.01","0.16","0.43700061140711","1,2,1,1,1,3,1,3,3,3,1,1,3,3,3,4,3,1,5,1,6,2,3,3,3,3,3,4,2,3,1,5,1,1,5,5,3,3,6,6,6,6,2,2,2,2,6,2,2,2,6,6,6,6,6,2,2,2,2,6,3,6,6,3,3,6,6,6,6,6,2,6,3,3,6,6,6,6,6,6,6,3,4,4,4,2,6,6,6,6,3,1,5,6,6,6,4,6,6,6,6,6,6,6,6,6,6,1,1,6,6,6,6,5,5,5,5,5,5,5,5,3,3,3,3,3,3,3,3","0.000792980194091797","leiden","edit-xhwikibooks.graphml"
"0.82","0.02","0.16","0.43700061140711","1,2,1,1,1,3,1,3,3,3,1,1,3,3,3,4,3,1,5,1,6,2,3,3,3,3,3,4,2,3,1,5,1,1,5,5,3,3,6,6,6,6,2,2,2,2,6,2,2,2,6,6,6,6,6,2,2,2,2,6,3,6,6,3,3,6,6,6,6,6,2,6,3,3,6,6,6,6,6,6,6,3,4,4,4,2,6,6,6,6,3,1,5,6,6,6,4,6,6,6,6,6,6,6,6,6,6,1,1,6,6,6,6,5,5,5,5,5,5,5,5,3,3,3,3,3,3,3,3","0.000783920288085938","leiden","edit-xhwikibooks.graphml"
"0.81","0.03","0.16","0.436380945087993","1,2,1,1,1,3,1,3,3,3,1,1,3,3,3,4,3,1,5,1,6,2,3,3,3,3,3,4,2,3,1,5,1,1,5,5,3,3,6,6,6,6,2,2,2,2,6,2,2,2,6,6,6,6,6,2,2,2,2,6,3,6,6,3,3,6,6,6,6,6,2,6,3,3,6,6,6,6,6,6,6,3,4,4,4,2,6,6,6,6,3,1,5,6,6,6,4,6,6,6,6,6,6,6,6,6,6,1,1,6,6,6,6,5,5,5,5,5,5,5,5,3,3,3,3,3,3,3,3","0.00078892707824707","leiden","edit-xhwikibooks.graphml"
"0.8","0.04","0.16","0.436380945087993","1,2,1,1,1,3,1,3,3,3,1,1,3,3,3,4,3,1,5,1,6,2,3,3,3,3,3,4,2,3,1,5,1,1,5,5,3,3,6,6,6,6,2,2,2,2,6,2,2,2,6,6,6,6,6,2,2,2,2,6,3,6,6,3,3,6,6,6,6,6,2,6,3,3,6,6,6,6,6,6,6,3,4,4,4,2,6,6,6,6,3,1,5,6,6,6,4,6,6,6,6,6,6,6,6,6,6,1,1,6,6,6,6,5,5,5,5,5,5,5,5,3,3,3,3,3,3,3,3","0.000800132751464844","leiden","edit-xhwikibooks.graphml"
"0.79","0.05","0.16","0.4337186035947","1,1,1,1,3,1,3,1,2,1,3,3,2,2,2,4,1,3,5,3,6,1,2,2,2,2,2,4,1,1,3,5,3,3,5,5,2,2,6,6,6,6,1,1,1,1,6,1,1,1,6,6,6,6,6,1,1,1,1,6,2,6,6,2,2,6,6,6,6,6,1,6,2,2,6,6,6,6,6,6,6,2,4,4,4,1,6,6,6,6,1,3,5,6,6,6,4,6,6,6,6,6,6,6,6,6,6,3,3,6,6,6,6,5,5,5,5,5,5,5,5,2,2,2,2,2,2,2,2","0.000793933868408203","leiden","edit-xhwikibooks.graphml"
"0.78","0.06","0.16","0.43576285939196","1,2,1,1,1,3,1,3,3,3,1,1,3,3,3,4,3,1,5,1,6,2,3,3,3,3,3,4,2,3,1,5,1,1,5,5,3,3,6,6,6,6,2,2,2,2,6,2,2,2,6,6,6,6,6,2,2,2,2,6,3,6,6,3,3,6,6,6,6,6,2,6,3,3,6,6,6,6,6,6,6,3,4,4,4,2,6,6,6,6,3,1,5,6,6,6,4,6,6,6,6,6,6,6,6,6,6,1,1,6,6,6,6,5,5,5,5,5,5,5,5,3,3,3,3,3,3,3,3","0.000843048095703125","leiden","edit-xhwikibooks.graphml"
"0.77","0.07","0.16","0.435146349552936","1,2,1,1,1,3,1,3,3,3,1,1,3,3,3,4,3,1,5,1,6,2,3,3,3,3,3,4,2,3,1,5,1,1,5,5,3,3,6,6,6,6,2,2,2,2,6,2,2,2,6,6,6,6,6,2,2,2,2,6,3,6,6,3,3,6,6,6,6,6,2,6,3,3,6,6,6,6,6,6,6,3,4,4,4,2,6,6,6,6,3,1,5,6,6,6,4,6,6,6,6,6,6,6,6,6,6,1,1,6,6,6,6,5,5,5,5,5,5,5,5,3,3,3,3,3,3,3,3","0.000854015350341797","leiden","edit-xhwikibooks.graphml"
"0.76","0.08","0.16","0.436933991002372","1,2,1,1,1,3,1,3,3,3,1,1,3,3,3,4,3,1,5,1,6,2,3,3,3,3,3,4,2,3,1,5,1,1,5,5,3,3,6,6,6,6,2,2,2,2,6,2,2,2,6,6,6,6,6,2,2,2,2,6,3,6,6,3,3,6,6,6,6,6,2,6,3,3,6,6,6,6,6,6,6,3,4,4,4,2,6,6,6,6,3,1,5,6,6,6,4,6,6,6,6,6,6,6,6,6,6,1,1,6,6,6,6,5,5,5,5,5,5,5,5,3,3,3,3,3,3,3,3","0.000854015350341797","leiden","edit-xhwikibooks.graphml"
"0.75","0.09","0.16","0.436318587105624","1,2,1,1,1,3,1,3,3,3,1,1,3,3,3,4,3,1,5,1,6,2,3,3,3,3,3,4,2,3,1,5,1,1,5,5,3,3,6,6,6,6,2,2,2,2,6,2,2,2,6,6,6,6,6,2,2,2,2,6,3,6,6,3,3,6,6,6,6,6,2,6,3,3,6,6,6,6,6,6,6,3,4,4,4,2,6,6,6,6,3,1,5,6,6,6,4,6,6,6,6,6,6,6,6,6,6,1,1,6,6,6,6,5,5,5,5,5,5,5,5,3,3,3,3,3,3,3,3","0.000883102416992188","leiden","edit-xhwikibooks.graphml"
"0.74","0.1","0.16","0.436318587105624","1,2,1,1,1,3,1,3,3,3,1,1,3,3,3,4,3,1,5,1,6,2,3,3,3,3,3,4,2,3,1,5,1,1,5,5,3,3,6,6,6,6,2,2,2,2,6,2,2,2,6,6,6,6,6,2,2,2,2,6,3,6,6,3,3,6,6,6,6,6,2,6,3,3,6,6,6,6,6,6,6,3,4,4,4,2,6,6,6,6,3,1,5,6,6,6,4,6,6,6,6,6,6,6,6,6,6,1,1,6,6,6,6,5,5,5,5,5,5,5,5,3,3,3,3,3,3,3,3","0.000792026519775391","leiden","edit-xhwikibooks.graphml"
"0.73","0.11","0.16","0.435704743389561","1,2,1,1,1,3,1,3,3,3,1,1,3,3,3,4,3,1,5,1,6,2,3,3,3,3,3,4,2,3,1,5,1,1,5,5,3,3,6,6,6,6,2,2,2,2,6,2,2,2,6,6,6,6,6,2,2,2,2,6,3,6,6,3,3,6,6,6,6,6,2,6,3,3,6,6,6,6,6,6,6,3,4,4,4,2,6,6,6,6,3,1,5,6,6,6,4,6,6,6,6,6,6,6,6,6,6,1,1,6,6,6,6,5,5,5,5,5,5,5,5,3,3,3,3,3,3,3,3","0.000779151916503906","leiden","edit-xhwikibooks.graphml"
"0.72","0.12","0.16","0.439070507276606","1,2,1,1,1,3,1,3,3,3,1,1,3,3,3,4,3,1,5,1,6,2,3,3,3,3,3,4,2,3,1,5,1,1,5,5,3,3,6,6,6,6,2,2,2,2,6,2,2,2,6,6,6,6,6,2,2,2,2,6,3,6,6,3,3,6,6,6,6,6,2,6,3,3,6,6,6,6,6,6,6,3,4,4,4,2,6,6,6,6,3,1,5,6,6,6,4,6,6,6,6,6,6,6,6,6,6,1,1,6,6,6,6,5,5,5,5,5,5,5,5,3,3,3,3,3,3,3,3","0.000782966613769531","leiden","edit-xhwikibooks.graphml"
"0.71","0.13","0.16","0.434238683127572","1,2,1,1,1,1,1,3,1,1,1,1,3,3,3,1,1,1,4,1,5,2,3,3,3,3,3,1,2,1,1,4,1,1,4,4,3,3,5,5,5,5,2,2,2,2,5,2,2,2,5,5,5,5,5,2,2,2,2,5,3,5,5,3,3,5,5,5,5,5,2,5,3,3,5,5,5,5,5,5,5,3,1,1,1,2,5,5,5,5,1,1,4,5,5,5,1,5,5,5,5,5,5,5,5,5,5,1,1,5,5,5,5,4,4,4,4,4,4,4,4,3,3,3,3,3,3,3,3","0.000864028930664062","leiden","edit-xhwikibooks.graphml"
"0.7","0.14","0.16","0.434238683127572","1,2,1,1,1,1,1,3,1,1,1,1,3,3,3,1,1,1,4,1,5,2,3,3,3,3,3,1,2,1,1,4,1,1,4,4,3,3,5,5,5,5,2,2,2,2,5,2,2,2,5,5,5,5,5,2,2,2,2,5,3,5,5,3,3,5,5,5,5,5,2,5,3,3,5,5,5,5,5,5,5,3,1,1,1,2,5,5,5,5,1,1,4,5,5,5,1,5,5,5,5,5,5,5,5,5,5,1,1,5,5,5,5,4,4,4,4,4,4,4,4,3,3,3,3,3,3,3,3","0.000792980194091797","leiden","edit-xhwikibooks.graphml"
"0.69","0.15","0.16","0.437067787240248","1,2,1,1,1,1,1,3,1,1,1,1,3,3,3,1,1,1,4,1,5,2,3,3,3,3,3,1,2,1,1,4,1,1,4,4,3,3,5,5,5,5,2,2,2,2,5,2,2,2,5,5,5,5,5,2,2,2,2,5,3,5,5,3,3,5,5,5,5,5,2,5,3,3,5,5,5,5,5,5,5,3,1,1,1,2,5,5,5,5,1,1,4,5,5,5,1,5,5,5,5,5,5,5,5,5,5,1,1,5,5,5,5,4,4,4,4,4,4,4,4,3,3,3,3,3,3,3,3","0.000799179077148438","leiden","edit-xhwikibooks.graphml"
"0.68","0.16","0.16","0.438834748053633","1,2,1,1,1,1,1,3,1,1,1,1,3,3,3,1,1,1,4,1,5,2,3,3,3,3,3,1,2,1,1,4,1,1,4,4,3,3,5,5,5,5,2,2,2,2,5,2,2,2,5,5,5,5,5,2,2,2,2,5,3,5,5,3,3,5,5,5,5,5,2,5,3,3,5,5,5,5,5,5,5,3,1,1,1,2,5,5,5,5,1,1,4,5,5,5,1,5,5,5,5,5,5,5,5,5,5,1,1,5,5,5,5,4,4,4,4,4,4,4,4,3,3,3,3,3,3,3,3","0.00082087516784668","leiden","edit-xhwikibooks.graphml"
"0.67","0.17","0.16","0.433666688305698","1,2,1,1,1,3,1,3,3,3,1,1,3,3,3,4,3,1,5,1,6,2,3,3,3,3,3,4,2,3,1,5,1,1,5,5,3,3,6,6,6,6,2,2,2,2,6,2,2,2,6,6,6,6,6,2,2,2,2,6,7,6,6,3,3,6,6,6,6,6,2,6,3,3,6,6,6,6,6,6,6,3,4,4,4,8,6,6,6,6,9,10,11,6,6,6,4,6,6,6,6,6,6,6,6,6,6,1,1,6,6,6,6,5,5,5,5,5,5,5,5,3,3,3,3,3,3,3,3","0.000838994979858398","leiden","edit-xhwikibooks.graphml"
"0.66","0.18","0.16","0.435972413229667","1,2,1,1,1,1,1,3,1,1,1,1,3,3,3,1,1,1,4,1,5,2,3,3,3,3,3,1,2,1,1,4,1,1,4,4,3,3,5,5,5,5,2,2,2,2,5,2,2,2,5,5,5,5,5,2,2,2,2,5,6,5,5,3,3,5,5,5,5,5,2,5,3,3,5,5,5,5,5,5,5,3,1,1,1,7,5,5,5,5,8,9,10,5,5,5,1,5,5,5,5,5,5,5,5,5,5,1,1,5,5,5,5,4,4,4,4,4,4,4,4,3,3,3,3,3,3,3,3","0.000884056091308594","leiden","edit-xhwikibooks.graphml"
"0.65","0.19","0.16","0.435355046142263","1,2,1,1,1,1,1,3,1,1,1,1,3,3,3,1,1,1,4,1,5,2,3,3,3,3,3,1,2,1,1,4,1,1,4,4,3,3,5,5,5,5,2,2,2,2,5,2,2,2,5,5,5,5,5,2,2,2,2,5,6,5,5,3,3,5,5,5,5,5,2,5,3,3,5,5,5,5,5,5,5,3,1,1,1,7,5,5,5,5,8,9,10,5,5,5,1,5,5,5,5,5,5,5,5,5,5,1,1,5,5,5,5,4,4,4,4,4,4,4,4,3,3,3,3,3,3,3,3","0.000885009765625","leiden","edit-xhwikibooks.graphml"
"0.64","0.2","0.16","0.438865415369077","1,2,1,1,1,1,1,3,1,1,1,1,3,3,3,1,1,1,4,1,5,2,3,3,3,3,3,1,2,1,1,4,1,1,4,4,3,3,5,5,5,5,2,2,2,2,5,2,2,2,5,5,5,5,5,2,2,2,2,5,6,5,5,3,3,5,5,5,5,5,2,5,3,3,5,5,5,5,5,5,5,3,1,1,1,7,5,5,5,5,8,9,10,5,5,5,1,5,5,5,5,5,5,5,5,5,5,1,1,5,5,5,5,4,4,4,4,4,4,4,4,3,3,3,3,3,3,3,3","0.000961065292358398","leiden","edit-xhwikibooks.graphml"
"0.63","0.21","0.16","0.438248869567551","1,2,1,1,1,1,1,3,1,1,1,1,3,3,3,1,1,1,4,1,5,2,3,3,3,3,3,1,2,1,1,4,1,1,4,4,3,3,5,5,5,5,2,2,2,2,5,2,2,2,5,5,5,5,5,2,2,2,2,5,6,5,5,3,3,5,5,5,5,5,2,5,3,3,5,5,5,5,5,5,5,3,1,1,1,7,5,5,5,5,8,9,10,5,5,5,1,5,5,5,5,5,5,5,5,5,5,1,1,5,5,5,5,4,4,4,4,4,4,4,4,3,3,3,3,3,3,3,3","0.000932931900024414","leiden","edit-xhwikibooks.graphml"
"0.62","0.22","0.16","0.438248869567551","1,2,1,1,1,1,1,3,1,1,1,1,3,3,3,1,1,1,4,1,5,2,3,3,3,3,3,1,2,1,1,4,1,1,4,4,3,3,5,5,5,5,2,2,2,2,5,2,2,2,5,5,5,5,5,2,2,2,2,5,6,5,5,3,3,5,5,5,5,5,2,5,3,3,5,5,5,5,5,5,5,3,1,1,1,7,5,5,5,5,8,9,10,5,5,5,1,5,5,5,5,5,5,5,5,5,5,1,1,5,5,5,5,4,4,4,4,4,4,4,4,3,3,3,3,3,3,3,3","0.000952005386352539","leiden","edit-xhwikibooks.graphml"
"0.61","0.23","0.16","0.441013798892505","1,2,1,1,1,1,1,3,1,1,1,1,3,3,3,1,1,1,4,1,5,2,3,3,3,3,3,1,2,1,1,4,1,1,4,4,3,3,5,5,5,5,2,2,2,2,5,2,2,2,5,5,5,5,5,2,2,2,2,5,6,5,5,3,3,5,5,5,5,5,2,5,3,3,5,5,5,5,5,5,5,3,1,1,1,7,5,5,5,5,8,9,10,5,5,5,1,5,5,5,5,5,5,5,5,5,5,1,1,5,5,5,5,4,4,4,4,4,4,4,4,3,3,3,3,3,3,3,3","0.00102496147155762","leiden","edit-xhwikibooks.graphml"
"0.6","0.24","0.16","0.442750413223141","1,2,1,1,1,1,1,3,1,1,1,1,3,3,3,1,1,1,4,1,5,2,3,3,3,3,3,1,2,1,1,4,1,1,4,4,3,3,5,5,5,5,2,2,2,2,5,2,2,2,5,5,5,5,5,2,2,2,2,5,6,5,5,3,3,5,5,5,5,5,2,5,3,3,5,5,5,5,5,5,5,3,1,1,1,7,5,5,5,5,8,9,10,5,5,5,1,5,5,5,5,5,5,5,5,5,5,1,1,5,5,5,5,4,4,4,4,4,4,4,4,3,3,3,3,3,3,3,3","0.000864982604980469","leiden","edit-xhwikibooks.graphml"
"0.59","0.25","0.16","0.436074783846743","1,2,1,1,1,3,1,3,3,3,1,1,3,3,3,3,3,1,4,1,5,2,3,3,3,3,3,3,2,3,1,4,1,1,4,4,6,3,5,5,5,5,2,2,2,2,5,2,2,2,5,5,5,5,5,2,2,2,2,5,7,5,5,3,3,5,5,5,5,5,2,5,3,3,5,5,5,5,5,5,5,3,3,3,3,8,5,5,5,5,9,10,11,5,5,5,3,5,5,5,5,5,5,5,5,5,5,1,1,5,5,5,5,4,4,4,4,4,4,4,4,6,6,6,6,6,6,6,6","0.000959873199462891","leiden","edit-xhwikibooks.graphml"
"0.58","0.26","0.16","0.436074783846743","1,2,1,1,1,3,1,3,3,3,1,1,3,3,3,3,3,1,4,1,5,2,3,3,3,3,3,3,2,3,1,4,1,1,4,4,6,3,5,5,5,5,2,2,2,2,5,2,2,2,5,5,5,5,5,2,2,2,2,5,7,5,5,3,3,5,5,5,5,5,2,5,3,3,5,5,5,5,5,5,5,3,3,3,3,8,5,5,5,5,9,10,11,5,5,5,3,5,5,5,5,5,5,5,5,5,5,1,1,5,5,5,5,4,4,4,4,4,4,4,4,6,6,6,6,6,6,6,6","0.000892877578735352","leiden","edit-xhwikibooks.graphml"
"0.57","0.27","0.16","0.436074783846743","1,2,1,1,1,3,1,3,3,3,1,1,3,3,3,3,3,1,4,1,5,2,3,3,3,3,3,3,2,3,1,4,1,1,4,4,6,3,5,5,5,5,2,2,2,2,5,2,2,2,5,5,5,5,5,2,2,2,2,5,7,5,5,3,3,5,5,5,5,5,2,5,3,3,5,5,5,5,5,5,5,3,3,3,3,8,5,5,5,5,9,10,11,5,5,5,3,5,5,5,5,5,5,5,5,5,5,1,1,5,5,5,5,4,4,4,4,4,4,4,4,6,6,6,6,6,6,6,6","0.000916004180908203","leiden","edit-xhwikibooks.graphml"
"0.56","0.28","0.16","0.437339292172222","1,3,1,1,1,2,1,2,2,2,1,1,2,2,2,2,2,1,5,1,6,3,2,2,2,2,2,2,3,2,1,5,1,1,5,5,4,2,6,6,6,6,3,3,3,3,6,3,3,3,6,6,6,6,6,3,3,3,3,6,7,6,6,2,2,6,6,6,6,6,3,6,2,2,6,6,6,6,6,6,6,2,2,2,2,8,6,6,6,6,9,10,11,6,6,6,2,6,6,6,6,6,6,6,6,6,6,1,1,6,6,6,6,5,5,5,5,5,5,5,5,4,4,4,4,4,4,4,4","0.000907182693481445","leiden","edit-xhwikibooks.graphml"
"0.55","0.29","0.16","0.417151504263346","1,2,1,1,1,3,1,3,3,3,1,1,3,3,3,4,3,1,5,1,6,2,3,3,3,3,3,4,2,3,1,5,1,1,5,5,3,3,6,6,6,6,2,2,2,2,6,2,2,2,6,6,6,6,6,2,2,2,2,6,7,6,6,3,3,6,6,6,6,6,2,6,3,3,6,6,6,6,6,6,6,3,4,4,4,8,6,6,6,6,9,10,11,6,6,6,4,6,6,6,6,6,6,6,6,6,6,1,1,6,6,6,6,5,5,5,5,5,5,5,5,3,3,3,3,3,3,3,3","0.000880002975463867","leiden","edit-xhwikibooks.graphml"
"0.54","0.3","0.16","0.416510338323219","1,2,1,1,1,1,1,3,1,1,1,1,3,3,3,1,1,1,4,1,5,2,3,3,3,3,3,1,2,1,1,4,1,1,4,4,3,3,5,5,5,5,2,2,2,2,5,2,2,2,5,5,5,5,5,2,2,2,2,5,6,5,5,3,3,5,5,5,5,5,2,5,3,3,5,5,5,5,5,5,5,3,1,1,1,7,5,5,5,5,8,9,10,5,5,5,1,5,5,5,5,5,5,5,5,5,5,1,1,5,5,5,5,4,4,4,4,4,4,4,4,3,3,3,3,3,3,3,3","0.000917911529541016","leiden","edit-xhwikibooks.graphml"
"0.53","0.31","0.16","0.418357338820302","1,2,1,1,1,1,1,3,1,1,1,1,3,3,3,1,1,1,4,1,5,2,3,3,3,3,3,1,2,1,1,4,1,1,4,4,3,3,5,5,5,5,2,2,2,2,5,2,2,2,5,5,5,5,5,2,2,2,2,5,6,5,5,3,3,5,5,5,5,5,2,5,3,3,5,5,5,5,5,5,5,3,1,1,1,7,5,5,5,5,8,9,10,5,5,5,1,5,5,5,5,5,5,5,5,5,5,1,1,5,5,5,5,4,4,4,4,4,4,4,4,3,3,3,3,3,3,3,3","0.000909090042114258","leiden","edit-xhwikibooks.graphml"
"0.52","0.32","0.16","0.417751750199022","1,2,1,1,1,1,1,3,1,1,1,1,3,3,3,1,1,1,4,1,5,2,3,3,3,3,3,1,2,1,1,4,1,1,4,4,3,3,5,5,5,5,2,2,2,2,5,2,2,2,5,5,5,5,5,2,2,2,2,5,6,5,5,3,3,5,5,5,5,5,2,5,3,3,5,5,5,5,5,5,5,3,1,1,1,7,5,5,5,5,8,9,10,5,5,5,1,5,5,5,5,5,5,5,5,5,5,1,1,5,5,5,5,4,4,4,4,4,4,4,4,3,3,3,3,3,3,3,3","0.000925064086914062","leiden","edit-xhwikibooks.graphml"
"0.51","0.33","0.16","0.401770102957501","1,2,1,1,1,3,1,3,3,3,1,1,3,3,3,3,4,1,5,1,6,2,3,3,3,3,3,3,2,7,8,5,1,1,5,5,3,3,6,6,6,6,2,2,2,2,6,2,2,2,6,6,6,6,6,2,2,2,2,6,9,6,6,10,11,6,6,6,6,6,2,6,3,3,6,6,6,6,6,6,6,12,3,3,3,13,6,6,6,6,14,15,16,6,6,6,17,6,6,6,6,6,6,6,6,6,6,18,19,6,6,6,6,5,5,5,5,5,5,5,5,3,3,3,3,3,3,3,3","0.000939846038818359","leiden","edit-xhwikibooks.graphml"
"0.5","0.34","0.16","0.427321914959278","1,2,1,1,1,1,1,3,1,1,1,1,3,3,3,1,4,1,5,1,6,2,3,3,3,3,3,1,2,7,8,5,1,1,5,5,3,3,6,6,6,6,2,2,2,2,6,2,2,2,6,6,6,6,6,2,2,2,2,6,9,6,6,10,11,6,6,6,6,6,2,6,3,3,6,6,6,6,6,6,6,12,1,1,1,13,6,6,6,6,14,15,16,6,6,6,17,6,6,6,6,6,6,6,6,6,6,18,19,6,6,6,6,5,5,5,5,5,5,5,5,3,3,3,3,3,3,3,3","0.000917911529541016","leiden","edit-xhwikibooks.graphml"
"0.49","0.35","0.16","0.427321914959278","1,2,1,1,1,1,1,3,1,1,1,1,3,3,3,1,4,1,5,1,6,2,3,3,3,3,3,1,2,7,8,5,1,1,5,5,3,3,6,6,6,6,2,2,2,2,6,2,2,2,6,6,6,6,6,2,2,2,2,6,9,6,6,10,11,6,6,6,6,6,2,6,3,3,6,6,6,6,6,6,6,12,1,1,1,13,6,6,6,6,14,15,16,6,6,6,17,6,6,6,6,6,6,6,6,6,6,18,19,6,6,6,6,5,5,5,5,5,5,5,5,3,3,3,3,3,3,3,3","0.0010528564453125","leiden","edit-xhwikibooks.graphml"
"0.48","0.36","0.16","0.426898923494948","1,2,1,1,1,3,1,3,3,3,1,1,3,3,3,4,5,1,6,1,7,2,3,3,3,3,3,4,2,8,9,6,1,1,6,6,3,3,7,7,7,7,2,2,2,2,7,2,2,2,7,7,7,7,7,2,2,2,2,7,10,7,7,11,12,7,7,7,7,7,2,7,3,3,7,7,7,7,7,7,7,13,4,4,4,14,7,7,7,7,15,16,17,7,7,7,18,7,7,7,7,7,7,7,7,7,7,19,20,7,7,7,7,6,6,6,6,6,6,6,6,3,3,3,3,3,3,3,3","0.000916004180908203","leiden","edit-xhwikibooks.graphml"
"0.47","0.37","0.16","0.42868226863445","1,2,1,1,1,3,1,3,3,3,1,1,3,3,3,4,5,1,6,1,7,2,3,3,3,3,3,4,2,8,9,6,1,1,6,6,3,3,7,7,7,7,2,2,2,2,7,2,2,2,7,7,7,7,7,2,2,2,2,7,10,7,7,11,12,7,7,7,7,7,2,7,3,3,7,7,7,7,7,7,7,13,4,4,4,14,7,7,7,7,15,16,17,7,7,7,18,7,7,7,7,7,7,7,7,7,7,19,20,7,7,7,7,6,6,6,6,6,6,6,6,3,3,3,3,3,3,3,3","0.00134515762329102","leiden","edit-xhwikibooks.graphml"
"0.46","0.38","0.16","0.427890086628777","1,2,1,1,1,1,1,3,1,1,1,1,3,3,3,1,4,1,5,1,6,2,3,3,3,3,3,1,2,7,8,5,1,1,5,5,3,3,6,6,6,6,2,2,2,2,6,2,2,2,6,6,6,6,6,2,2,2,2,6,9,6,6,10,11,6,6,6,6,6,2,6,3,3,6,6,6,6,6,6,6,12,1,1,1,13,6,6,6,6,14,15,16,6,6,6,17,6,6,6,6,6,6,6,6,6,6,18,19,6,6,6,6,5,5,5,5,5,5,5,5,3,3,3,3,3,3,3,3","0.00154995918273926","leiden","edit-xhwikibooks.graphml"
"0.45","0.39","0.16","0.429657851239669","1,2,1,1,1,1,1,3,1,1,1,1,3,3,3,1,4,1,5,1,6,2,3,3,3,3,3,1,2,7,8,5,1,1,5,5,3,3,6,6,6,6,2,2,2,2,6,2,2,2,6,6,6,6,6,2,2,2,2,6,9,6,6,10,11,6,6,6,6,6,2,6,3,3,6,6,6,6,6,6,6,12,1,1,1,13,6,6,6,6,14,15,16,6,6,6,17,6,6,6,6,6,6,6,6,6,6,18,19,6,6,6,6,5,5,5,5,5,5,5,5,3,3,3,3,3,3,3,3","0.00157308578491211","leiden","edit-xhwikibooks.graphml"
"0.44","0.4","0.16","0.432588641930094","1,2,1,1,1,1,1,3,1,1,1,1,3,3,3,1,4,1,5,1,6,2,3,3,3,3,3,1,2,7,8,5,1,1,5,5,3,3,6,6,6,6,2,2,2,2,6,2,2,2,6,6,6,6,6,2,2,2,2,6,9,6,6,10,11,6,6,6,6,6,2,6,3,3,6,6,6,6,6,6,6,12,1,1,1,13,6,6,6,6,14,15,16,6,6,6,17,6,6,6,6,6,6,6,6,6,6,18,19,6,6,6,6,5,5,5,5,5,5,5,5,3,3,3,3,3,3,3,3","0.00162887573242188","leiden","edit-xhwikibooks.graphml"
"0.43","0.41","0.16","0.43260989702723","1,2,1,1,1,3,1,3,3,3,1,1,3,3,3,4,5,1,6,1,7,2,3,3,3,3,3,4,2,8,9,6,1,1,6,6,3,3,7,7,7,7,2,2,2,2,7,2,2,2,7,7,7,7,7,2,2,2,2,7,10,7,7,11,12,7,7,7,7,7,2,7,3,3,7,7,7,7,7,7,7,13,4,4,4,14,7,7,7,7,15,16,17,7,7,7,18,7,7,7,7,7,7,7,7,7,7,19,20,7,7,7,7,6,6,6,6,6,6,6,6,3,3,3,3,3,3,3,3","0.0016930103302002","leiden","edit-xhwikibooks.graphml"
"0.42","0.42","0.16","0.432004196587991","1,2,1,1,1,3,1,3,3,3,1,1,3,3,3,4,5,1,6,1,7,2,3,3,3,3,3,4,2,8,9,6,1,1,6,6,3,3,7,7,7,7,2,2,2,2,7,2,2,2,7,7,7,7,7,2,2,2,2,7,10,7,7,11,12,7,7,7,7,7,2,7,3,3,7,7,7,7,7,7,7,13,4,4,4,14,7,7,7,7,15,16,17,7,7,7,18,7,7,7,7,7,7,7,7,7,7,19,20,7,7,7,7,6,6,6,6,6,6,6,6,3,3,3,3,3,3,3,3","0.00151801109313965","leiden","edit-xhwikibooks.graphml"
"0.41","0.43","0.16","0.435403835205217","1,2,1,1,1,3,1,3,3,3,1,1,3,3,3,4,5,1,6,1,7,2,3,3,3,3,3,4,2,8,9,6,1,1,6,6,3,3,7,7,7,7,2,2,2,2,7,2,2,2,7,7,7,7,7,2,2,2,2,7,10,7,7,11,12,7,7,7,7,7,2,7,3,3,7,7,7,7,7,7,7,13,4,4,4,14,7,7,7,7,15,16,17,7,7,7,18,7,7,7,7,7,7,7,7,7,7,19,20,7,7,7,7,6,6,6,6,6,6,6,6,3,3,3,3,3,3,3,3","0.00168895721435547","leiden","edit-xhwikibooks.graphml"
"0.4","0.44","0.16","0.434799145202724","1,2,1,1,1,3,1,3,3,3,1,1,3,3,3,4,5,1,6,1,7,2,3,3,3,3,3,4,2,8,9,6,1,1,6,6,3,3,7,7,7,7,2,2,2,2,7,2,2,2,7,7,7,7,7,2,2,2,2,7,10,7,7,11,12,7,7,7,7,7,2,7,3,3,7,7,7,7,7,7,7,13,4,4,4,14,7,7,7,7,15,16,17,7,7,7,18,7,7,7,7,7,7,7,7,7,7,19,20,7,7,7,7,6,6,6,6,6,6,6,6,3,3,3,3,3,3,3,3","0.00156116485595703","leiden","edit-xhwikibooks.graphml"
"0.39","0.45","0.16","0.436518030343906","1,2,1,1,1,3,1,3,3,3,1,1,3,3,3,4,5,1,6,1,7,2,3,3,3,3,3,4,2,8,9,6,1,1,6,6,3,3,7,7,7,7,2,2,2,2,7,2,2,2,7,7,7,7,7,2,2,2,2,7,10,7,7,11,12,7,7,7,7,7,2,7,3,3,7,7,7,7,7,7,7,13,4,4,4,14,7,7,7,7,15,16,17,7,7,7,18,7,7,7,7,7,7,7,7,7,7,19,20,7,7,7,7,6,6,6,6,6,6,6,6,3,3,3,3,3,3,3,3","0.00156092643737793","leiden","edit-xhwikibooks.graphml"
"0.38","0.46","0.16","0.435914503601819","1,2,1,1,1,3,1,3,3,3,1,1,3,3,3,4,5,1,6,1,7,2,3,3,3,3,3,4,2,8,9,6,1,1,6,6,3,3,7,7,7,7,2,2,2,2,7,2,2,2,7,7,7,7,7,2,2,2,2,7,10,7,7,11,12,7,7,7,7,7,2,7,3,3,7,7,7,7,7,7,7,13,4,4,4,14,7,7,7,7,15,16,17,7,7,7,18,7,7,7,7,7,7,7,7,7,7,19,20,7,7,7,7,6,6,6,6,6,6,6,6,3,3,3,3,3,3,3,3","0.00145983695983887","leiden","edit-xhwikibooks.graphml"
"0.37","0.47","0.16","0.437621173469388","1,2,1,1,1,3,1,3,3,3,1,1,3,3,3,4,5,1,6,1,7,2,3,3,3,3,3,4,2,8,9,6,1,1,6,6,3,3,7,7,7,7,2,2,2,2,7,2,2,2,7,7,7,7,7,2,2,2,2,7,10,7,7,11,12,7,7,7,7,7,2,7,3,3,7,7,7,7,7,7,7,13,4,4,4,14,7,7,7,7,15,16,17,7,7,7,18,7,7,7,7,7,7,7,7,7,7,19,20,7,7,7,7,6,6,6,6,6,6,6,6,3,3,3,3,3,3,3,3","0.00157618522644043","leiden","edit-xhwikibooks.graphml"
"0.36","0.48","0.16","0.437018819843608","1,2,1,1,1,3,1,3,3,3,1,1,3,3,3,4,5,1,6,1,7,2,3,3,3,3,3,4,2,8,9,6,1,1,6,6,3,3,7,7,7,7,2,2,2,2,7,2,2,2,7,7,7,7,7,2,2,2,2,7,10,7,7,11,12,7,7,7,7,7,2,7,3,3,7,7,7,7,7,7,7,13,4,4,4,14,7,7,7,7,15,16,17,7,7,7,18,7,7,7,7,7,7,7,7,7,7,19,20,7,7,7,7,6,6,6,6,6,6,6,6,3,3,3,3,3,3,3,3","0.00153279304504395","leiden","edit-xhwikibooks.graphml"
"0.35","0.49","0.16","0.414755237977467","1,1,1,2,3,2,4,2,2,2,4,5,2,2,2,2,6,7,4,8,9,1,10,2,2,2,2,2,1,11,12,13,8,14,4,4,2,2,9,9,9,9,1,1,1,1,9,1,1,1,9,9,9,9,9,1,1,1,1,9,15,9,9,16,17,9,9,9,9,9,1,9,18,19,9,9,9,9,9,9,9,20,21,22,23,24,9,9,9,9,25,26,27,9,9,9,28,9,9,9,9,9,9,9,9,9,9,29,30,9,9,9,9,4,4,4,4,4,4,4,4,2,2,2,2,2,2,2,2","0.0018467903137207","leiden","edit-xhwikibooks.graphml"
"0.34","0.5","0.16","0.484190958272462","1,1,1,2,3,2,4,5,2,2,4,6,5,5,5,2,7,8,4,9,10,1,11,5,5,5,5,2,1,12,13,14,9,15,4,4,5,5,10,10,10,10,1,1,1,1,10,1,1,1,10,10,10,10,10,1,1,1,1,10,16,10,10,17,18,10,10,10,10,10,1,10,19,20,10,10,10,10,10,10,10,21,22,23,24,25,10,10,10,10,26,27,28,10,10,10,29,10,10,10,10,10,10,10,10,10,10,30,31,10,10,10,10,4,4,4,4,4,4,4,4,5,5,5,5,5,5,5,5","0.00222682952880859","leiden","edit-xhwikibooks.graphml"
"0.33","0.51","0.16","0.484190958272462","1,1,1,2,3,2,4,5,2,2,4,6,5,5,5,2,7,8,4,9,10,1,11,5,5,5,5,2,1,12,13,14,9,15,4,4,5,5,10,10,10,10,1,1,1,1,10,1,1,1,10,10,10,10,10,1,1,1,1,10,16,10,10,17,18,10,10,10,10,10,1,10,19,20,10,10,10,10,10,10,10,21,22,23,24,25,10,10,10,10,26,27,28,10,10,10,29,10,10,10,10,10,10,10,10,10,10,30,31,10,10,10,10,4,4,4,4,4,4,4,4,5,5,5,5,5,5,5,5","0.00146794319152832","leiden","edit-xhwikibooks.graphml"
"0.32","0.52","0.16","0.484190958272462","1,1,1,2,3,2,4,5,2,2,4,6,5,5,5,2,7,8,4,9,10,1,11,5,5,5,5,2,1,12,13,14,9,15,4,4,5,5,10,10,10,10,1,1,1,1,10,1,1,1,10,10,10,10,10,1,1,1,1,10,16,10,10,17,18,10,10,10,10,10,1,10,19,20,10,10,10,10,10,10,10,21,22,23,24,25,10,10,10,10,26,27,28,10,10,10,29,10,10,10,10,10,10,10,10,10,10,30,31,10,10,10,10,4,4,4,4,4,4,4,4,5,5,5,5,5,5,5,5","0.000987052917480469","leiden","edit-xhwikibooks.graphml"
"0.31","0.53","0.16","0.512840522845235","1,1,1,2,3,2,4,5,2,2,4,6,5,5,5,2,7,8,4,9,10,1,11,5,5,5,5,2,1,12,13,14,9,15,4,4,5,5,10,10,10,10,1,1,1,1,10,1,1,1,10,10,10,10,10,1,1,1,1,10,16,10,10,17,18,10,10,10,10,10,1,10,19,20,10,10,10,10,10,10,10,21,22,23,24,25,10,10,10,10,26,27,28,10,10,10,29,10,10,10,10,10,10,10,10,10,10,30,31,10,10,10,10,4,4,4,4,4,4,4,4,5,5,5,5,5,5,5,5","0.000967979431152344","leiden","edit-xhwikibooks.graphml"
"0.3","0.54","0.16","0.514260549310033","1,1,1,2,3,2,4,5,2,2,4,6,5,5,5,2,7,8,4,9,10,1,11,5,5,5,5,2,1,12,13,14,9,15,4,4,5,5,10,10,10,10,1,1,1,1,10,1,1,1,10,10,10,10,10,1,1,1,1,10,16,10,10,17,18,10,10,10,10,10,1,10,19,20,10,10,10,10,10,10,10,21,22,23,24,25,10,10,10,10,26,27,28,10,10,10,29,10,10,10,10,10,10,10,10,10,10,30,31,10,10,10,10,4,4,4,4,4,4,4,4,5,5,5,5,5,5,5,5","0.000988006591796875","leiden","edit-xhwikibooks.graphml"
"0.29","0.55","0.16","0.513593186485778","1,1,1,2,3,2,4,5,2,2,4,6,5,5,5,2,7,8,4,9,10,1,11,5,5,5,5,2,1,12,13,14,9,15,4,4,5,5,10,10,10,10,1,1,1,1,10,1,1,1,10,10,10,10,10,1,1,1,1,10,16,10,10,17,18,10,10,10,10,10,1,10,19,20,10,10,10,10,10,10,10,21,22,23,24,25,10,10,10,10,26,27,28,10,10,10,29,10,10,10,10,10,10,10,10,10,10,30,31,10,10,10,10,4,4,4,4,4,4,4,4,5,5,5,5,5,5,5,5","0.000987052917480469","leiden","edit-xhwikibooks.graphml"
"0.28","0.56","0.16","0.516271356154953","1,1,1,2,3,2,4,5,2,2,4,6,5,5,5,2,7,8,4,9,10,1,11,5,5,5,5,2,1,12,13,14,9,15,4,4,5,5,10,10,10,10,1,1,1,1,10,1,1,1,10,10,10,10,10,1,1,1,1,10,16,10,10,17,18,10,10,10,10,10,1,10,19,20,10,10,10,10,10,10,10,21,22,23,24,25,10,10,10,10,26,27,28,10,10,10,29,10,10,10,10,10,10,10,10,10,10,30,31,10,10,10,10,4,4,4,4,4,4,4,4,5,5,5,5,5,5,5,5","0.000985860824584961","leiden","edit-xhwikibooks.graphml"
"0.27","0.57","0.16","0.515606949695442","1,1,1,2,3,2,4,5,2,2,4,6,5,5,5,2,7,8,4,9,10,1,11,5,5,5,5,2,1,12,13,14,9,15,4,4,5,5,10,10,10,10,1,1,1,1,10,1,1,1,10,10,10,10,10,1,1,1,1,10,16,10,10,17,18,10,10,10,10,10,1,10,19,20,10,10,10,10,10,10,10,21,22,23,24,25,10,10,10,10,26,27,28,10,10,10,29,10,10,10,10,10,10,10,10,10,10,30,31,10,10,10,10,4,4,4,4,4,4,4,4,5,5,5,5,5,5,5,5","0.000972986221313477","leiden","edit-xhwikibooks.graphml"
"0.26","0.58","0.16","0.518247663855909","1,1,1,2,3,2,4,5,2,2,4,6,5,5,5,2,7,8,4,9,10,1,11,5,5,5,5,2,1,12,13,14,9,15,4,4,5,5,10,10,10,10,1,1,1,1,10,1,1,1,10,10,10,10,10,1,1,1,1,10,16,10,10,17,18,10,10,10,10,10,1,10,19,20,10,10,10,10,10,10,10,21,22,23,24,25,10,10,10,10,26,27,28,10,10,10,29,10,10,10,10,10,10,10,10,10,10,30,31,10,10,10,10,4,4,4,4,4,4,4,4,5,5,5,5,5,5,5,5","0.000998020172119141","leiden","edit-xhwikibooks.graphml"
"0.25","0.59","0.16","0.517586234883532","1,1,1,2,3,2,4,5,2,2,4,6,5,5,5,2,7,8,4,9,10,1,11,5,5,5,5,2,1,12,13,14,9,15,4,4,5,5,10,10,10,10,1,1,1,1,10,1,1,1,10,10,10,10,10,1,1,1,1,10,16,10,10,17,18,10,10,10,10,10,1,10,19,20,10,10,10,10,10,10,10,21,22,23,24,25,10,10,10,10,26,27,28,10,10,10,29,10,10,10,10,10,10,10,10,10,10,30,31,10,10,10,10,4,4,4,4,4,4,4,4,5,5,5,5,5,5,5,5","0.000989913940429688","leiden","edit-xhwikibooks.graphml"
"0.24","0.6","0.16","0.520531895348575","1,1,1,2,3,2,4,5,2,2,4,6,5,5,5,2,7,8,4,9,10,1,11,5,5,5,5,2,1,12,13,14,9,15,4,4,5,5,10,10,10,10,1,1,1,1,10,1,1,1,10,10,10,10,10,1,1,1,1,10,16,10,10,17,18,10,10,10,10,10,1,10,19,20,10,10,10,10,10,10,10,21,22,23,24,25,10,10,10,10,26,27,28,10,10,10,29,10,10,10,10,10,10,10,10,10,10,30,31,10,10,10,10,4,4,4,4,4,4,4,4,5,5,5,5,5,5,5,5","0.00102615356445312","leiden","edit-xhwikibooks.graphml"
"0.23","0.61","0.16","0.516253550848145","1,1,1,2,3,2,4,5,2,2,4,6,5,5,5,2,7,8,4,9,10,1,11,5,5,5,5,2,1,12,13,14,9,15,16,16,5,5,10,10,10,10,1,1,1,1,10,1,1,1,10,10,10,10,10,1,1,1,1,10,17,10,10,18,19,10,10,10,10,10,1,10,20,21,10,10,10,10,10,10,10,22,23,24,25,26,10,10,10,10,27,28,29,10,10,10,30,10,10,10,10,10,10,10,10,10,10,31,32,10,10,10,10,16,16,16,16,16,16,16,16,5,5,5,5,5,5,5,5","0.00111293792724609","leiden","edit-xhwikibooks.graphml"
"0.22","0.62","0.16","0.519005701871722","1,1,1,2,3,2,4,5,2,2,4,6,5,5,5,2,7,8,4,9,10,1,11,5,5,5,5,2,1,12,13,14,9,15,16,16,5,5,10,10,10,10,1,1,1,1,10,1,1,1,10,10,10,10,10,1,1,1,1,10,17,10,10,18,19,10,10,10,10,10,1,10,20,21,10,10,10,10,10,10,10,22,23,24,25,26,10,10,10,10,27,28,29,10,10,10,30,10,10,10,10,10,10,10,10,10,10,31,32,10,10,10,10,16,16,16,16,16,16,16,16,5,5,5,5,5,5,5,5","0.000988960266113281","leiden","edit-xhwikibooks.graphml"
"0.21","0.63","0.16","0.518341876389049","1,1,1,2,3,2,4,5,2,2,4,6,5,5,5,2,7,8,4,9,10,1,11,5,5,5,5,2,1,12,13,14,9,15,16,16,5,5,10,10,10,10,1,1,1,1,10,1,1,1,10,10,10,10,10,1,1,1,1,10,17,10,10,18,19,10,10,10,10,10,1,10,20,21,10,10,10,10,10,10,10,22,23,24,25,26,10,10,10,10,27,28,29,10,10,10,30,10,10,10,10,10,10,10,10,10,10,31,32,10,10,10,10,16,16,16,16,16,16,16,16,5,5,5,5,5,5,5,5","0.0010380744934082","leiden","edit-xhwikibooks.graphml"
"0.2","0.64","0.16","0.518341876389049","1,1,1,2,3,2,4,5,2,2,4,6,5,5,5,2,7,8,4,9,10,1,11,5,5,5,5,2,1,12,13,14,9,15,16,16,5,5,10,10,10,10,1,1,1,1,10,1,1,1,10,10,10,10,10,1,1,1,1,10,17,10,10,18,19,10,10,10,10,10,1,10,20,21,10,10,10,10,10,10,10,22,23,24,25,26,10,10,10,10,27,28,29,10,10,10,30,10,10,10,10,10,10,10,10,10,10,31,32,10,10,10,10,16,16,16,16,16,16,16,16,5,5,5,5,5,5,5,5","0.00107312202453613","leiden","edit-xhwikibooks.graphml"
"0.19","0.65","0.16","0.513914587754257","1,1,1,2,3,2,4,5,2,2,6,7,5,5,5,2,8,9,10,11,12,1,13,5,5,5,5,2,1,14,15,16,17,18,10,10,5,5,12,12,12,12,1,1,1,1,12,1,1,1,12,12,12,12,12,1,1,1,1,12,19,12,12,20,21,12,12,12,12,12,1,12,22,23,12,12,12,12,12,12,12,24,25,26,27,28,12,12,12,12,29,30,31,12,12,12,32,12,12,12,12,12,12,12,12,12,12,33,34,12,12,12,12,10,10,10,10,10,10,10,10,5,5,5,5,5,5,5,5","0.00100588798522949","leiden","edit-xhwikibooks.graphml"
"0.18","0.66","0.16","0.513914587754257","1,1,1,2,3,2,4,5,2,2,6,7,5,5,5,2,8,9,10,11,12,1,13,5,5,5,5,2,1,14,15,16,17,18,10,10,5,5,12,12,12,12,1,1,1,1,12,1,1,1,12,12,12,12,12,1,1,1,1,12,19,12,12,20,21,12,12,12,12,12,1,12,22,23,12,12,12,12,12,12,12,24,25,26,27,28,12,12,12,12,29,30,31,12,12,12,32,12,12,12,12,12,12,12,12,12,12,33,34,12,12,12,12,10,10,10,10,10,10,10,10,5,5,5,5,5,5,5,5","0.00104188919067383","leiden","edit-xhwikibooks.graphml"
"0.17","0.67","0.16","0.533317895602087","1,1,1,2,3,2,4,5,2,2,7,8,5,5,5,2,9,10,11,12,13,1,14,5,5,5,5,2,1,15,16,17,18,19,11,11,6,5,13,13,13,13,1,1,1,1,13,1,1,1,13,13,13,13,13,1,1,1,1,13,20,13,13,21,22,13,13,13,13,13,1,13,23,24,13,13,13,13,13,13,13,25,26,27,28,29,13,13,13,13,30,31,32,13,13,13,33,13,13,13,13,13,13,13,13,13,13,34,35,13,13,13,13,11,11,11,11,11,11,11,11,6,6,6,6,6,6,6,6","0.00101113319396973","leiden","edit-xhwikibooks.graphml"
"0.16","0.68","0.16","0.534630360897843","1,1,1,2,3,2,4,5,2,2,6,7,5,5,5,2,8,9,10,11,12,13,14,5,5,5,5,2,1,15,16,17,18,19,10,10,20,5,12,12,12,12,13,13,13,13,12,13,13,13,12,12,12,12,12,13,13,13,13,12,21,12,12,22,23,12,12,12,12,12,13,12,24,25,12,12,12,12,12,12,12,26,27,28,29,30,12,12,12,12,31,32,33,12,12,12,34,12,12,12,12,12,12,12,12,12,12,35,36,12,12,12,12,10,10,10,10,10,10,10,10,20,20,20,20,20,20,20,20","0.00102591514587402","leiden","edit-xhwikibooks.graphml"
"0.15","0.69","0.16","0.534630360897843","1,1,1,2,3,2,4,5,2,2,7,8,5,5,5,2,9,10,11,12,13,14,15,5,5,5,5,2,1,16,17,18,19,20,11,11,6,5,13,13,13,13,14,14,14,14,13,14,14,14,13,13,13,13,13,14,14,14,14,13,21,13,13,22,23,13,13,13,13,13,14,13,24,25,13,13,13,13,13,13,13,26,27,28,29,30,13,13,13,13,31,32,33,13,13,13,34,13,13,13,13,13,13,13,13,13,13,35,36,13,13,13,13,11,11,11,11,11,11,11,11,6,6,6,6,6,6,6,6","0.00102901458740234","leiden","edit-xhwikibooks.graphml"
"0.14","0.7","0.16","0.535695902585516","1,1,1,2,3,2,4,5,2,2,6,7,5,5,5,2,8,9,10,11,12,13,14,5,5,5,5,2,1,15,16,17,18,19,10,10,5,5,12,12,12,12,13,13,13,13,12,13,13,13,12,12,12,12,12,13,13,13,13,12,20,12,12,21,22,12,12,12,12,12,13,12,23,24,12,12,12,12,12,12,12,25,26,27,28,29,12,12,12,12,30,31,32,12,12,12,33,12,12,12,12,12,12,12,12,12,12,34,35,12,12,12,12,10,10,10,10,10,10,10,10,5,5,5,5,5,5,5,5","0.00104308128356934","leiden","edit-xhwikibooks.graphml"
"0.13","0.71","0.16","0.535330342726026","1,1,1,2,3,2,4,5,2,2,6,7,5,5,5,2,8,9,10,11,12,13,14,5,5,5,5,2,1,15,16,17,18,19,10,10,20,5,12,12,12,12,13,13,13,13,12,13,13,13,12,12,12,12,12,13,13,13,13,12,21,12,12,22,23,12,12,12,12,12,13,12,24,25,12,12,12,12,12,12,12,26,27,28,29,30,12,12,12,12,31,32,33,12,12,12,34,12,12,12,12,12,12,12,12,12,12,35,36,12,12,12,12,10,10,10,10,10,10,10,10,20,20,20,20,20,20,20,20","0.00107002258300781","leiden","edit-xhwikibooks.graphml"
"0.12","0.72","0.16","0.537801106770833","1,1,1,2,3,2,4,5,2,2,6,7,5,5,5,2,8,9,10,11,12,13,14,5,5,5,5,2,1,15,16,17,18,19,10,10,20,5,12,12,12,12,13,13,13,13,12,13,13,13,12,12,12,12,12,13,13,13,13,12,21,12,12,22,23,12,12,12,12,12,13,12,24,25,12,12,12,12,12,12,12,26,27,28,29,30,12,12,12,12,31,32,33,12,12,12,34,12,12,12,12,12,12,12,12,12,12,35,36,12,12,12,12,10,10,10,10,10,10,10,10,20,20,20,20,20,20,20,20","0.000926971435546875","leiden","edit-xhwikibooks.graphml"
"0.11","0.73","0.16","0.5371370472383","1,1,1,2,3,2,4,5,2,2,6,7,5,5,5,2,8,9,10,11,12,13,14,5,5,5,5,2,1,15,16,17,18,19,10,10,20,5,12,12,12,12,13,13,13,13,12,13,13,13,12,12,12,12,12,13,13,13,13,12,21,12,12,22,23,12,12,12,12,12,13,12,24,25,12,12,12,12,12,12,12,26,27,28,29,30,12,12,12,12,31,32,33,12,12,12,34,12,12,12,12,12,12,12,12,12,12,35,36,12,12,12,12,10,10,10,10,10,10,10,10,20,20,20,20,20,20,20,20","0.0207550525665283","leiden","edit-xhwikibooks.graphml"
"0.1","0.74","0.16","0.5371370472383","1,1,1,2,3,2,4,5,2,2,6,7,5,5,5,2,8,9,10,11,12,13,14,5,5,5,5,2,1,15,16,17,18,19,10,10,20,5,12,12,12,12,13,13,13,13,12,13,13,13,12,12,12,12,12,13,13,13,13,12,21,12,12,22,23,12,12,12,12,12,13,12,24,25,12,12,12,12,12,12,12,26,27,28,29,30,12,12,12,12,31,32,33,12,12,12,34,12,12,12,12,12,12,12,12,12,12,35,36,12,12,12,12,10,10,10,10,10,10,10,10,20,20,20,20,20,20,20,20","0.00107192993164062","leiden","edit-xhwikibooks.graphml"
"0.09","0.75","0.16","0.540484534647071","1,1,1,3,4,3,5,6,3,3,7,8,6,6,6,3,9,10,11,12,13,2,14,6,6,6,6,3,1,15,16,17,18,19,11,11,20,6,13,13,13,13,2,2,2,2,13,2,2,2,13,13,13,13,13,2,2,2,2,13,21,13,13,22,23,13,13,13,13,13,2,13,24,25,13,13,13,13,13,13,13,26,27,28,29,30,13,13,13,13,31,32,33,13,13,13,34,13,13,13,13,13,13,13,13,13,13,35,36,13,13,13,13,11,11,11,11,11,11,11,11,20,20,20,20,20,20,20,20","0.000970125198364258","leiden","edit-xhwikibooks.graphml"
"0.08","0.76","0.16","0.540484534647071","1,1,1,2,3,2,4,5,2,2,6,7,5,5,5,2,8,9,10,11,12,13,14,5,5,5,5,2,1,15,16,17,18,19,10,10,20,5,12,12,12,12,13,13,13,13,12,13,13,13,12,12,12,12,12,13,13,13,13,12,21,12,12,22,23,12,12,12,12,12,13,12,24,25,12,12,12,12,12,12,12,26,27,28,29,30,12,12,12,12,31,32,33,12,12,12,34,12,12,12,12,12,12,12,12,12,12,35,36,12,12,12,12,10,10,10,10,10,10,10,10,20,20,20,20,20,20,20,20","0.000967025756835938","leiden","edit-xhwikibooks.graphml"
"0.07","0.77","0.16","0.541961892278079","1,1,1,2,3,2,4,5,2,2,7,8,5,5,5,2,9,10,11,12,13,14,15,5,5,5,5,2,1,16,17,18,19,20,11,11,6,5,13,13,13,13,14,14,14,14,13,14,14,14,13,13,13,13,13,14,14,14,14,13,21,13,13,22,23,13,13,13,13,13,14,13,24,25,13,13,13,13,13,13,13,26,27,28,29,30,13,13,13,13,31,32,33,13,13,13,34,13,13,13,13,13,13,13,13,13,13,35,36,13,13,13,13,11,11,11,11,11,11,11,11,6,6,6,6,6,6,6,6","0.000957012176513672","leiden","edit-xhwikibooks.graphml"
"0.06","0.78","0.16","0.543854189495215","1,1,1,3,4,3,5,6,3,3,7,8,6,6,6,3,9,10,11,12,13,2,14,6,6,6,6,3,1,15,16,17,18,19,11,11,20,6,13,13,13,13,2,2,2,2,13,2,2,2,13,13,13,13,13,2,2,2,2,13,21,13,13,22,23,13,13,13,13,13,2,13,24,25,13,13,13,13,13,13,13,26,27,28,29,30,13,13,13,13,31,32,33,13,13,13,34,13,13,13,13,13,13,13,13,13,13,35,36,13,13,13,13,11,11,11,11,11,11,11,11,20,20,20,20,20,20,20,20","0.000939130783081055","leiden","edit-xhwikibooks.graphml"
"0.05","0.79","0.16","0.543854189495215","1,1,1,2,3,2,4,5,2,2,7,8,5,5,5,2,9,10,11,12,13,14,15,5,5,5,5,2,1,16,17,18,19,20,11,11,6,5,13,13,13,13,14,14,14,14,13,14,14,14,13,13,13,13,13,14,14,14,14,13,21,13,13,22,23,13,13,13,13,13,14,13,24,25,13,13,13,13,13,13,13,26,27,28,29,30,13,13,13,13,31,32,33,13,13,13,34,13,13,13,13,13,13,13,13,13,13,35,36,13,13,13,13,11,11,11,11,11,11,11,11,6,6,6,6,6,6,6,6","0.000973939895629883","leiden","edit-xhwikibooks.graphml"
"0.04","0.8","0.16","0.545844613355546","1,1,1,2,3,2,4,5,2,2,7,8,5,5,5,2,9,10,11,12,13,14,15,5,5,5,5,2,1,16,17,18,19,20,11,11,6,5,13,13,13,13,14,14,14,14,13,14,14,14,13,13,13,13,13,14,14,14,14,13,21,13,13,22,23,13,13,13,13,13,14,13,24,25,13,13,13,13,13,13,13,26,27,28,29,30,13,13,13,13,31,32,33,13,13,13,34,13,13,13,13,13,13,13,13,13,13,35,36,13,13,13,13,11,11,11,11,11,11,11,11,6,6,6,6,6,6,6,6","0.000919103622436523","leiden","edit-xhwikibooks.graphml"
"0.03","0.81","0.16","0.539316670799825","1,2,1,3,4,5,6,7,7,9,10,11,7,7,7,5,12,13,14,15,16,2,17,7,7,7,7,18,19,20,21,22,23,24,14,14,8,7,16,16,16,16,2,2,2,2,16,2,2,2,16,16,16,16,16,2,2,2,2,16,25,16,16,26,27,16,16,16,16,16,2,16,28,29,16,16,16,16,16,16,16,30,31,32,33,34,16,16,16,16,35,36,37,16,16,16,38,16,16,16,16,16,16,16,16,16,16,39,40,16,16,16,16,14,14,14,14,14,14,14,14,8,8,8,8,8,8,8,8","0.000910043716430664","leiden","edit-xhwikibooks.graphml"
"0.02","0.82","0.16","0.538659680072023","1,2,1,3,4,5,7,6,6,8,9,10,6,6,6,5,11,12,13,14,15,2,16,6,6,6,6,17,18,19,20,21,22,23,13,13,24,6,15,15,15,15,2,2,2,2,15,2,2,2,15,15,15,15,15,2,2,2,2,15,25,15,15,26,27,15,15,15,15,15,2,15,28,29,15,15,15,15,15,15,15,30,31,32,33,34,15,15,15,15,35,36,37,15,15,15,38,15,15,15,15,15,15,15,15,15,15,39,40,15,15,15,15,13,13,13,13,13,13,13,13,24,24,24,24,24,24,24,24","0.0010530948638916","leiden","edit-xhwikibooks.graphml"
"0.01","0.83","0.16","0.538659680072024","1,2,1,3,4,5,6,7,7,8,9,10,7,7,7,5,11,12,13,14,15,2,16,7,7,7,7,17,18,19,20,21,22,23,13,13,24,7,15,15,15,15,2,2,2,2,15,2,2,2,15,15,15,15,15,2,2,2,2,15,25,15,15,26,27,15,15,15,15,15,2,15,28,29,15,15,15,15,15,15,15,30,31,32,33,34,15,15,15,15,35,36,37,15,15,15,38,15,15,15,15,15,15,15,15,15,15,39,40,15,15,15,15,13,13,13,13,13,13,13,13,24,24,24,24,24,24,24,24","0.000931978225708008","leiden","edit-xhwikibooks.graphml"
"0","0.84","0.16","0.542255409970781","1,1,1,1,1,2,3,4,4,6,7,8,4,4,4,2,9,10,11,12,13,1,14,4,4,4,4,15,1,16,17,18,19,20,11,11,5,4,13,13,13,13,1,1,1,1,13,1,1,1,13,13,13,13,13,1,1,1,1,13,21,13,13,22,23,13,13,13,13,13,1,13,24,25,13,13,13,13,13,13,13,26,27,28,29,30,13,13,13,13,31,32,33,13,13,13,34,13,13,13,13,13,13,13,13,13,13,35,36,13,13,13,13,11,11,11,11,11,11,11,11,5,5,5,5,5,5,5,5","0.00092005729675293","leiden","edit-xhwikibooks.graphml"
"0.83","0","0.17","0.475682164501891","1,1,2,2,2,3,2,3,3,3,2,2,3,3,3,3,3,2,5,2,6,1,3,3,3,3,3,3,1,3,2,5,2,2,5,5,4,3,6,6,6,6,1,1,1,1,6,1,1,1,6,6,6,6,6,1,1,1,1,6,3,6,6,3,3,6,6,6,6,6,1,6,3,3,6,6,6,6,6,6,6,3,3,3,3,1,6,6,6,6,3,2,5,6,6,6,3,6,6,6,6,6,6,6,6,6,6,2,2,6,6,6,6,5,5,5,5,5,5,5,5,4,4,4,4,4,4,4,4","0.000782012939453125","leiden","edit-xhwikibooks.graphml"
"0.82","0.01","0.17","0.475682164501891","1,1,2,2,2,3,2,3,3,3,2,2,3,3,3,3,3,2,5,2,6,1,3,3,3,3,3,3,1,3,2,5,2,2,5,5,4,3,6,6,6,6,1,1,1,1,6,1,1,1,6,6,6,6,6,1,1,1,1,6,3,6,6,3,3,6,6,6,6,6,1,6,3,3,6,6,6,6,6,6,6,3,3,3,3,1,6,6,6,6,3,2,5,6,6,6,3,6,6,6,6,6,6,6,6,6,6,2,2,6,6,6,6,5,5,5,5,5,5,5,5,4,4,4,4,4,4,4,4","0.000761985778808594","leiden","edit-xhwikibooks.graphml"
"0.81","0.02","0.17","0.475682164501891","1,1,2,2,2,3,2,3,3,3,2,2,3,3,3,3,3,2,5,2,6,1,3,3,3,3,3,3,1,3,2,5,2,2,5,5,4,3,6,6,6,6,1,1,1,1,6,1,1,1,6,6,6,6,6,1,1,1,1,6,3,6,6,3,3,6,6,6,6,6,1,6,3,3,6,6,6,6,6,6,6,3,3,3,3,1,6,6,6,6,3,2,5,6,6,6,3,6,6,6,6,6,6,6,6,6,6,2,2,6,6,6,6,5,5,5,5,5,5,5,5,4,4,4,4,4,4,4,4","0.000777959823608398","leiden","edit-xhwikibooks.graphml"
"0.8","0.03","0.17","0.471028307612139","1,1,2,2,2,3,2,3,3,3,2,2,3,3,3,4,3,2,5,2,6,1,3,3,3,3,3,4,1,3,2,5,2,2,5,5,3,3,6,6,6,6,1,1,1,1,6,1,1,1,6,6,6,6,6,1,1,1,1,6,3,6,6,3,3,6,6,6,6,6,1,6,3,3,6,6,6,6,6,6,6,3,4,4,4,1,6,6,6,6,3,2,5,6,6,6,4,6,6,6,6,6,6,6,6,6,6,2,2,6,6,6,6,5,5,5,5,5,5,5,5,3,3,3,3,3,3,3,3","0.000816822052001953","leiden","edit-xhwikibooks.graphml"
"0.79","0.04","0.17","0.471028307612139","1,1,2,2,2,3,2,3,3,3,2,2,3,3,3,4,3,2,5,2,6,1,3,3,3,3,3,4,1,3,2,5,2,2,5,5,3,3,6,6,6,6,1,1,1,1,6,1,1,1,6,6,6,6,6,1,1,1,1,6,3,6,6,3,3,6,6,6,6,6,1,6,3,3,6,6,6,6,6,6,6,3,4,4,4,1,6,6,6,6,3,2,5,6,6,6,4,6,6,6,6,6,6,6,6,6,6,2,2,6,6,6,6,5,5,5,5,5,5,5,5,3,3,3,3,3,3,3,3","0.00082707405090332","leiden","edit-xhwikibooks.graphml"
"0.78","0.05","0.17","0.441654880972973","1,1,2,2,2,3,2,3,3,3,2,2,3,3,3,4,3,2,5,2,6,1,3,3,3,3,3,4,1,3,2,5,2,2,5,5,3,3,6,6,6,6,1,1,1,1,6,1,1,1,6,6,6,6,6,1,1,1,1,6,3,6,6,3,3,6,6,6,6,6,1,6,3,3,6,6,6,6,6,6,6,3,4,4,4,1,6,6,6,6,3,2,5,6,6,6,4,6,6,6,6,6,6,6,6,6,6,2,2,6,6,6,6,5,5,5,5,5,5,5,5,3,3,3,3,3,3,3,3","0.000833034515380859","leiden","edit-xhwikibooks.graphml"
"0.77","0.06","0.17","0.441654880972973","1,1,2,2,2,3,2,3,3,3,2,2,3,3,3,4,3,2,5,2,6,1,3,3,3,3,3,4,1,3,2,5,2,2,5,5,3,3,6,6,6,6,1,1,1,1,6,1,1,1,6,6,6,6,6,1,1,1,1,6,3,6,6,3,3,6,6,6,6,6,1,6,3,3,6,6,6,6,6,6,6,3,4,4,4,1,6,6,6,6,3,2,5,6,6,6,4,6,6,6,6,6,6,6,6,6,6,2,2,6,6,6,6,5,5,5,5,5,5,5,5,3,3,3,3,3,3,3,3","0.000823020935058594","leiden","edit-xhwikibooks.graphml"
"0.76","0.07","0.17","0.441042995782872","1,1,2,2,2,3,2,3,3,3,2,2,3,3,3,4,3,2,5,2,6,1,3,3,3,3,3,4,1,3,2,5,2,2,5,5,3,3,6,6,6,6,1,1,1,1,6,1,1,1,6,6,6,6,6,1,1,1,1,6,3,6,6,3,3,6,6,6,6,6,1,6,3,3,6,6,6,6,6,6,6,3,4,4,4,1,6,6,6,6,3,2,5,6,6,6,4,6,6,6,6,6,6,6,6,6,6,2,2,6,6,6,6,5,5,5,5,5,5,5,5,3,3,3,3,3,3,3,3","0.000821113586425781","leiden","edit-xhwikibooks.graphml"
"0.75","0.08","0.17","0.442769127177847","1,1,2,2,2,3,2,3,3,3,2,2,3,3,3,4,3,2,5,2,6,1,3,3,3,3,3,4,1,3,2,5,2,2,5,5,3,3,6,6,6,6,1,1,1,1,6,1,1,1,6,6,6,6,6,1,1,1,1,6,3,6,6,3,3,6,6,6,6,6,1,6,3,3,6,6,6,6,6,6,6,3,4,4,4,1,6,6,6,6,3,2,5,6,6,6,4,6,6,6,6,6,6,6,6,6,6,2,2,6,6,6,6,5,5,5,5,5,5,5,5,3,3,3,3,3,3,3,3","0.000747919082641602","leiden","edit-xhwikibooks.graphml"
"0.74","0.09","0.17","0.442158421554026","1,1,2,2,2,3,2,3,3,3,2,2,3,3,3,4,3,2,5,2,6,1,3,3,3,3,3,4,1,3,2,5,2,2,5,5,3,3,6,6,6,6,1,1,1,1,6,1,1,1,6,6,6,6,6,1,1,1,1,6,3,6,6,3,3,6,6,6,6,6,1,6,3,3,6,6,6,6,6,6,6,3,4,4,4,1,6,6,6,6,3,2,5,6,6,6,4,6,6,6,6,6,6,6,6,6,6,2,2,6,6,6,6,5,5,5,5,5,5,5,5,3,3,3,3,3,3,3,3","0.000746965408325195","leiden","edit-xhwikibooks.graphml"
"0.73","0.1","0.17","0.442158421554026","1,1,2,2,2,3,2,3,3,3,2,2,3,3,3,4,3,2,5,2,6,1,3,3,3,3,3,4,1,3,2,5,2,2,5,5,3,3,6,6,6,6,1,1,1,1,6,1,1,1,6,6,6,6,6,1,1,1,1,6,3,6,6,3,3,6,6,6,6,6,1,6,3,3,6,6,6,6,6,6,6,3,4,4,4,1,6,6,6,6,3,2,5,6,6,6,4,6,6,6,6,6,6,6,6,6,6,2,2,6,6,6,6,5,5,5,5,5,5,5,5,3,3,3,3,3,3,3,3","0.000764131546020508","leiden","edit-xhwikibooks.graphml"
"0.72","0.11","0.17","0.44154921810507","1,1,2,2,2,3,2,3,3,3,2,2,3,3,3,4,3,2,5,2,6,1,3,3,3,3,3,4,1,3,2,5,2,2,5,5,3,3,6,6,6,6,1,1,1,1,6,1,1,1,6,6,6,6,6,1,1,1,1,6,3,6,6,3,3,6,6,6,6,6,1,6,3,3,6,6,6,6,6,6,6,3,4,4,4,1,6,6,6,6,3,2,5,6,6,6,4,6,6,6,6,6,6,6,6,6,6,2,2,6,6,6,6,5,5,5,5,5,5,5,5,3,3,3,3,3,3,3,3","0.00100207328796387","leiden","edit-xhwikibooks.graphml"
"0.71","0.12","0.17","0.444811065656717","1,1,2,2,2,3,2,3,3,3,2,2,3,3,3,4,3,2,5,2,6,1,3,3,3,3,3,4,1,3,2,5,2,2,5,5,3,3,6,6,6,6,1,1,1,1,6,1,1,1,6,6,6,6,6,1,1,1,1,6,3,6,6,3,3,6,6,6,6,6,1,6,3,3,6,6,6,6,6,6,6,3,4,4,4,1,6,6,6,6,3,2,5,6,6,6,4,6,6,6,6,6,6,6,6,6,6,2,2,6,6,6,6,5,5,5,5,5,5,5,5,3,3,3,3,3,3,3,3","0.00108790397644043","leiden","edit-xhwikibooks.graphml"
"0.7","0.13","0.17","0.444203305785124","1,1,2,2,2,3,2,3,3,3,2,2,3,3,3,4,3,2,5,2,6,1,3,3,3,3,3,4,1,3,2,5,2,2,5,5,3,3,6,6,6,6,1,1,1,1,6,1,1,1,6,6,6,6,6,1,1,1,1,6,3,6,6,3,3,6,6,6,6,6,1,6,3,3,6,6,6,6,6,6,6,3,4,4,4,1,6,6,6,6,3,2,5,6,6,6,4,6,6,6,6,6,6,6,6,6,6,2,2,6,6,6,6,5,5,5,5,5,5,5,5,3,3,3,3,3,3,3,3","0.000890016555786133","leiden","edit-xhwikibooks.graphml"
"0.69","0.14","0.17","0.444203305785124","1,1,2,2,2,3,2,3,3,3,2,2,3,3,3,4,3,2,5,2,6,1,3,3,3,3,3,4,1,3,2,5,2,2,5,5,3,3,6,6,6,6,1,1,1,1,6,1,1,1,6,6,6,6,6,1,1,1,1,6,3,6,6,3,3,6,6,6,6,6,1,6,3,3,6,6,6,6,6,6,6,3,4,4,4,1,6,6,6,6,3,2,5,6,6,6,4,6,6,6,6,6,6,6,6,6,6,2,2,6,6,6,6,5,5,5,5,5,5,5,5,3,3,3,3,3,3,3,3","0.000787973403930664","leiden","edit-xhwikibooks.graphml"
"0.68","0.15","0.17","0.446813206936356","1,1,2,2,2,3,2,3,3,3,2,2,3,3,3,4,3,2,5,2,6,1,3,3,3,3,3,4,1,3,2,5,2,2,5,5,3,3,6,6,6,6,1,1,1,1,6,1,1,1,6,6,6,6,6,1,1,1,1,6,3,6,6,3,3,6,6,6,6,6,1,6,3,3,6,6,6,6,6,6,6,3,4,4,4,1,6,6,6,6,3,2,5,6,6,6,4,6,6,6,6,6,6,6,6,6,6,2,2,6,6,6,6,5,5,5,5,5,5,5,5,3,3,3,3,3,3,3,3","0.00076603889465332","leiden","edit-xhwikibooks.graphml"
"0.67","0.16","0.17","0.45015015015015","1,1,2,2,2,3,2,3,3,3,2,2,3,3,3,4,3,2,5,2,6,1,3,3,3,3,3,4,1,3,2,5,2,2,5,5,3,3,6,6,6,6,1,1,1,1,6,1,1,1,6,6,6,6,6,1,1,1,1,6,3,6,6,3,3,6,6,6,6,6,1,6,3,3,6,6,6,6,6,6,6,3,4,4,4,1,6,6,6,6,3,2,5,6,6,6,4,6,6,6,6,6,6,6,6,6,6,2,2,6,6,6,6,5,5,5,5,5,5,5,5,3,3,3,3,3,3,3,3","0.000781059265136719","leiden","edit-xhwikibooks.graphml"
"0.66","0.17","0.17","0.453408391324388","1,1,2,2,2,3,2,3,3,3,2,2,3,3,3,4,3,2,5,2,6,1,3,3,3,3,3,4,1,3,2,5,2,2,5,5,3,3,6,6,6,6,1,1,1,1,6,1,1,1,6,6,6,6,6,1,1,1,1,6,3,6,6,3,3,6,6,6,6,6,1,6,3,3,6,6,6,6,6,6,6,3,4,4,4,1,6,6,6,6,3,2,5,6,6,6,4,6,6,6,6,6,6,6,6,6,6,2,2,6,6,6,6,5,5,5,5,5,5,5,5,3,3,3,3,3,3,3,3","0.000778913497924805","leiden","edit-xhwikibooks.graphml"
"0.65","0.18","0.17","0.445207480046209","1,1,2,2,2,3,2,3,3,3,2,2,3,3,3,4,3,2,5,2,6,1,3,3,3,3,3,4,1,3,2,5,2,2,5,5,3,3,6,6,6,6,1,1,1,1,6,1,1,1,6,6,6,6,6,1,1,1,1,6,7,6,6,3,3,6,6,6,6,6,1,6,3,3,6,6,6,6,6,6,6,3,4,4,4,8,6,6,6,6,9,10,11,6,6,6,4,6,6,6,6,6,6,6,6,6,6,2,2,6,6,6,6,5,5,5,5,5,5,5,5,3,3,3,3,3,3,3,3","0.000836849212646484","leiden","edit-xhwikibooks.graphml"
"0.64","0.19","0.17","0.444602676834233","1,1,2,2,2,3,2,3,3,3,2,2,3,3,3,4,3,2,5,2,6,1,3,3,3,3,3,4,1,3,2,5,2,2,5,5,3,3,6,6,6,6,1,1,1,1,6,1,1,1,6,6,6,6,6,1,1,1,1,6,7,6,6,3,3,6,6,6,6,6,1,6,3,3,6,6,6,6,6,6,6,3,4,4,4,8,6,6,6,6,9,10,11,6,6,6,4,6,6,6,6,6,6,6,6,6,6,2,2,6,6,6,6,5,5,5,5,5,5,5,5,3,3,3,3,3,3,3,3","0.000851869583129883","leiden","edit-xhwikibooks.graphml"
"0.63","0.2","0.17","0.444051567682583","1,1,2,2,2,2,2,3,2,2,2,2,3,3,3,2,2,2,4,2,5,1,3,3,3,3,3,2,1,2,2,4,2,2,4,4,3,3,5,5,5,5,1,1,1,1,5,1,1,1,5,5,5,5,5,1,1,1,1,5,6,5,5,3,3,5,5,5,5,5,1,5,3,3,5,5,5,5,5,5,5,3,2,2,2,7,5,5,5,5,8,9,10,5,5,5,2,5,5,5,5,5,5,5,5,5,5,2,2,5,5,5,5,4,4,4,4,4,4,4,4,3,3,3,3,3,3,3,3","0.000917196273803711","leiden","edit-xhwikibooks.graphml"
"0.62","0.21","0.17","0.443441832073094","1,1,2,2,2,2,2,3,2,2,2,2,3,3,3,2,2,2,4,2,5,1,3,3,3,3,3,2,1,2,2,4,2,2,4,4,3,3,5,5,5,5,1,1,1,1,5,1,1,1,5,5,5,5,5,1,1,1,1,5,6,5,5,3,3,5,5,5,5,5,1,5,3,3,5,5,5,5,5,5,5,3,2,2,2,7,5,5,5,5,8,9,10,5,5,5,2,5,5,5,5,5,5,5,5,5,5,2,2,5,5,5,5,4,4,4,4,4,4,4,4,3,3,3,3,3,3,3,3","0.000837087631225586","leiden","edit-xhwikibooks.graphml"
"0.61","0.22","0.17","0.443441832073094","1,1,2,2,2,2,2,3,2,2,2,2,3,3,3,2,2,2,4,2,5,1,3,3,3,3,3,2,1,2,2,4,2,2,4,4,3,3,5,5,5,5,1,1,1,1,5,1,1,1,5,5,5,5,5,1,1,1,1,5,6,5,5,3,3,5,5,5,5,5,1,5,3,3,5,5,5,5,5,5,5,3,2,2,2,7,5,5,5,5,8,9,10,5,5,5,2,5,5,5,5,5,5,5,5,5,5,2,2,5,5,5,5,4,4,4,4,4,4,4,4,3,3,3,3,3,3,3,3","0.000847101211547852","leiden","edit-xhwikibooks.graphml"
"0.6","0.23","0.17","0.446108270432595","1,1,2,2,2,2,2,3,2,2,2,2,3,3,3,2,2,2,4,2,5,1,3,3,3,3,3,2,1,2,2,4,2,2,4,4,3,3,5,5,5,5,1,1,1,1,5,1,1,1,5,5,5,5,5,1,1,1,1,5,6,5,5,3,3,5,5,5,5,5,1,5,3,3,5,5,5,5,5,5,5,3,2,2,2,7,5,5,5,5,8,9,10,5,5,5,2,5,5,5,5,5,5,5,5,5,5,2,2,5,5,5,5,4,4,4,4,4,4,4,4,3,3,3,3,3,3,3,3","0.000840902328491211","leiden","edit-xhwikibooks.graphml"
"0.59","0.24","0.17","0.447775412763314","1,1,2,2,2,2,2,3,2,2,2,2,3,3,3,2,2,2,4,2,5,1,3,3,3,3,3,2,1,2,2,4,2,2,4,4,3,3,5,5,5,5,1,1,1,1,5,1,1,1,5,5,5,5,5,1,1,1,1,5,6,5,5,3,3,5,5,5,5,5,1,5,3,3,5,5,5,5,5,5,5,3,2,2,2,7,5,5,5,5,8,9,10,5,5,5,2,5,5,5,5,5,5,5,5,5,5,2,2,5,5,5,5,4,4,4,4,4,4,4,4,3,3,3,3,3,3,3,3","0.00120902061462402","leiden","edit-xhwikibooks.graphml"
"0.58","0.25","0.17","0.452080676020408","1,1,2,2,2,2,2,3,2,2,2,2,3,3,3,2,2,2,4,2,5,1,3,3,3,3,3,2,1,2,2,4,2,2,4,4,3,3,5,5,5,5,1,1,1,1,5,1,1,1,5,5,5,5,5,1,1,1,1,5,6,5,5,3,3,5,5,5,5,5,1,5,3,3,5,5,5,5,5,5,5,3,2,2,2,7,5,5,5,5,8,9,10,5,5,5,2,5,5,5,5,5,5,5,5,5,5,2,2,5,5,5,5,4,4,4,4,4,4,4,4,3,3,3,3,3,3,3,3","0.000866889953613281","leiden","edit-xhwikibooks.graphml"
"0.57","0.26","0.17","0.452080676020408","1,1,2,2,2,2,2,3,2,2,2,2,3,3,3,2,2,2,4,2,5,1,3,3,3,3,3,2,1,2,2,4,2,2,4,4,3,3,5,5,5,5,1,1,1,1,5,1,1,1,5,5,5,5,5,1,1,1,1,5,6,5,5,3,3,5,5,5,5,5,1,5,3,3,5,5,5,5,5,5,5,3,2,2,2,7,5,5,5,5,8,9,10,5,5,5,2,5,5,5,5,5,5,5,5,5,5,2,2,5,5,5,5,4,4,4,4,4,4,4,4,3,3,3,3,3,3,3,3","0.00088191032409668","leiden","edit-xhwikibooks.graphml"
"0.56","0.27","0.17","0.452080676020408","1,1,2,2,2,2,2,3,2,2,2,2,3,3,3,2,2,2,4,2,5,1,3,3,3,3,3,2,1,2,2,4,2,2,4,4,3,3,5,5,5,5,1,1,1,1,5,1,1,1,5,5,5,5,5,1,1,1,1,5,6,5,5,3,3,5,5,5,5,5,1,5,3,3,5,5,5,5,5,5,5,3,2,2,2,7,5,5,5,5,8,9,10,5,5,5,2,5,5,5,5,5,5,5,5,5,5,2,2,5,5,5,5,4,4,4,4,4,4,4,4,3,3,3,3,3,3,3,3","0.000850915908813477","leiden","edit-xhwikibooks.graphml"
"0.55","0.28","0.17","0.453190499107154","1,1,2,2,2,2,2,3,2,2,2,2,3,3,3,2,2,2,4,2,5,1,3,3,3,3,3,2,1,2,2,4,2,2,4,4,3,3,5,5,5,5,1,1,1,1,5,1,1,1,5,5,5,5,5,1,1,1,1,5,6,5,5,3,3,5,5,5,5,5,1,5,3,3,5,5,5,5,5,5,5,3,2,2,2,7,5,5,5,5,8,9,10,5,5,5,2,5,5,5,5,5,5,5,5,5,5,2,2,5,5,5,5,4,4,4,4,4,4,4,4,3,3,3,3,3,3,3,3","0.000854969024658203","leiden","edit-xhwikibooks.graphml"
"0.54","0.29","0.17","0.456326077662089","1,1,2,2,2,2,2,3,2,2,2,2,3,3,3,2,2,2,4,2,5,1,3,3,3,3,3,2,1,2,2,4,2,2,4,4,3,3,5,5,5,5,1,1,1,1,5,1,1,1,5,5,5,5,5,1,1,1,1,5,6,5,5,3,3,5,5,5,5,5,1,5,3,3,5,5,5,5,5,5,5,3,2,2,2,7,5,5,5,5,8,9,10,5,5,5,2,5,5,5,5,5,5,5,5,5,5,2,2,5,5,5,5,4,4,4,4,4,4,4,4,3,3,3,3,3,3,3,3","0.000903129577636719","leiden","edit-xhwikibooks.graphml"
"0.53","0.3","0.17","0.455720886522046","1,1,2,2,2,2,2,3,2,2,2,2,3,3,3,2,2,2,4,2,5,1,3,3,3,3,3,2,1,2,2,4,2,2,4,4,3,3,5,5,5,5,1,1,1,1,5,1,1,1,5,5,5,5,5,1,1,1,1,5,6,5,5,3,3,5,5,5,5,5,1,5,3,3,5,5,5,5,5,5,5,3,2,2,2,7,5,5,5,5,8,9,10,5,5,5,2,5,5,5,5,5,5,5,5,5,5,2,2,5,5,5,5,4,4,4,4,4,4,4,4,3,3,3,3,3,3,3,3","0.000844955444335938","leiden","edit-xhwikibooks.graphml"
"0.52","0.31","0.17","0.45732403950605","1,1,2,2,2,2,2,3,2,2,2,2,3,3,3,2,2,2,4,2,5,1,3,3,3,3,3,2,1,2,2,4,2,2,4,4,3,3,5,5,5,5,1,1,1,1,5,1,1,1,5,5,5,5,5,1,1,1,1,5,6,5,5,3,3,5,5,5,5,5,1,5,3,3,5,5,5,5,5,5,5,3,2,2,2,7,5,5,5,5,8,9,10,5,5,5,2,5,5,5,5,5,5,5,5,5,5,2,2,5,5,5,5,4,4,4,4,4,4,4,4,3,3,3,3,3,3,3,3","0.000861883163452148","leiden","edit-xhwikibooks.graphml"
"0.51","0.32","0.17","0.456720136614317","1,1,2,2,2,2,2,3,2,2,2,2,3,3,3,2,2,2,4,2,5,1,3,3,3,3,3,2,1,2,2,4,2,2,4,4,3,3,5,5,5,5,1,1,1,1,5,1,1,1,5,5,5,5,5,1,1,1,1,5,6,5,5,3,3,5,5,5,5,5,1,5,3,3,5,5,5,5,5,5,5,3,2,2,2,7,5,5,5,5,8,9,10,5,5,5,2,5,5,5,5,5,5,5,5,5,5,2,2,5,5,5,5,4,4,4,4,4,4,4,4,3,3,3,3,3,3,3,3","0.000846147537231445","leiden","edit-xhwikibooks.graphml"
"0.5","0.33","0.17","0.456720136614317","1,1,2,2,2,2,2,3,2,2,2,2,3,3,3,2,2,2,4,2,5,1,3,3,3,3,3,2,1,2,2,4,2,2,4,4,3,3,5,5,5,5,1,1,1,1,5,1,1,1,5,5,5,5,5,1,1,1,1,5,6,5,5,3,3,5,5,5,5,5,1,5,3,3,5,5,5,5,5,5,5,3,2,2,2,7,5,5,5,5,8,9,10,5,5,5,2,5,5,5,5,5,5,5,5,5,5,2,2,5,5,5,5,4,4,4,4,4,4,4,4,3,3,3,3,3,3,3,3","0.000869035720825195","leiden","edit-xhwikibooks.graphml"
"0.49","0.34","0.17","0.477466905208961","1,1,2,2,2,2,2,3,2,2,2,2,3,3,3,2,2,2,4,2,5,1,3,3,3,3,3,2,1,2,2,4,2,2,4,4,3,3,5,5,5,5,1,1,1,1,5,1,1,1,5,5,5,5,5,1,1,1,1,5,6,5,5,3,3,5,5,5,5,5,1,5,3,3,5,5,5,5,5,5,5,3,2,2,2,7,5,5,5,5,8,9,10,5,5,5,2,5,5,5,5,5,5,5,5,5,5,2,2,5,5,5,5,4,4,4,4,4,4,4,4,3,3,3,3,3,3,3,3","0.000919103622436523","leiden","edit-xhwikibooks.graphml"
"0.48","0.35","0.17","0.464350334979706","1,1,2,2,2,3,2,3,3,3,2,2,3,3,3,3,4,2,5,2,6,1,3,3,3,3,3,3,1,7,8,5,2,2,5,5,9,3,6,6,6,6,1,1,1,1,6,1,1,1,6,6,6,6,6,1,1,1,1,6,10,6,6,11,12,6,6,6,6,6,1,6,3,3,6,6,6,6,6,6,6,13,3,3,3,14,6,6,6,6,15,16,17,6,6,6,18,6,6,6,6,6,6,6,6,6,6,19,20,6,6,6,6,5,5,5,5,5,5,5,5,9,9,9,9,9,9,9,9","0.000946998596191406","leiden","edit-xhwikibooks.graphml"
"0.47","0.36","0.17","0.463742161064055","1,1,2,2,2,3,2,3,3,3,2,2,3,3,3,3,5,2,6,2,7,1,3,3,3,3,3,3,1,8,9,6,2,2,6,6,4,3,7,7,7,7,1,1,1,1,7,1,1,1,7,7,7,7,7,1,1,1,1,7,10,7,7,11,12,7,7,7,7,7,1,7,3,3,7,7,7,7,7,7,7,13,3,3,3,14,7,7,7,7,15,16,17,7,7,7,18,7,7,7,7,7,7,7,7,7,7,19,20,7,7,7,7,6,6,6,6,6,6,6,6,4,4,4,4,4,4,4,4","0.000894069671630859","leiden","edit-xhwikibooks.graphml"
"0.46","0.37","0.17","0.445561306681156","1,1,2,2,2,2,2,3,2,2,2,2,3,3,3,2,4,2,5,2,6,1,3,3,3,3,3,2,1,7,8,5,2,2,5,5,3,3,6,6,6,6,1,1,1,1,6,1,1,1,6,6,6,6,6,1,1,1,1,6,9,6,6,10,11,6,6,6,6,6,1,6,3,3,6,6,6,6,6,6,6,12,2,2,2,13,6,6,6,6,14,15,16,6,6,6,17,6,6,6,6,6,6,6,6,6,6,18,19,6,6,6,6,5,5,5,5,5,5,5,5,3,3,3,3,3,3,3,3","0.00118589401245117","leiden","edit-xhwikibooks.graphml"
"0.45","0.38","0.17","0.444958587150619","1,1,2,2,2,2,2,3,2,2,2,2,3,3,3,2,4,2,5,2,6,1,3,3,3,3,3,2,1,7,8,5,2,2,5,5,3,3,6,6,6,6,1,1,1,1,6,1,1,1,6,6,6,6,6,1,1,1,1,6,9,6,6,10,11,6,6,6,6,6,1,6,3,3,6,6,6,6,6,6,6,12,2,2,2,13,6,6,6,6,14,15,16,6,6,6,17,6,6,6,6,6,6,6,6,6,6,18,19,6,6,6,6,5,5,5,5,5,5,5,5,3,3,3,3,3,3,3,3","0.000902891159057617","leiden","edit-xhwikibooks.graphml"
"0.44","0.39","0.17","0.434994630195125","1,1,2,2,2,2,2,3,2,2,2,2,3,3,3,2,4,2,5,2,6,1,3,3,3,3,3,2,1,7,8,5,2,2,5,5,3,3,6,6,6,6,1,1,1,1,6,1,1,1,6,6,6,6,6,1,1,1,1,6,9,6,6,10,11,6,6,6,6,6,1,6,3,3,6,6,6,6,6,6,6,12,2,2,2,13,6,6,6,6,14,15,16,6,6,6,17,6,6,6,6,6,6,6,6,6,6,18,19,6,6,6,6,5,5,5,5,5,5,5,5,3,3,3,3,3,3,3,3","0.000910043716430664","leiden","edit-xhwikibooks.graphml"
"0.43","0.4","0.17","0.437626607697748","1,1,2,2,2,3,2,3,3,3,2,2,3,3,3,4,5,2,6,2,7,1,3,3,3,3,3,4,1,8,9,6,2,2,6,6,3,3,7,7,7,7,1,1,1,1,7,1,1,1,7,7,7,7,7,1,1,1,1,7,10,7,7,11,12,7,7,7,7,7,1,7,3,3,7,7,7,7,7,7,7,13,4,4,4,14,7,7,7,7,15,16,17,7,7,7,18,7,7,7,7,7,7,7,7,7,7,19,20,7,7,7,7,6,6,6,6,6,6,6,6,3,3,3,3,3,3,3,3","0.000914096832275391","leiden","edit-xhwikibooks.graphml"
"0.42","0.41","0.17","0.437626607697748","1,1,2,2,2,3,2,3,3,3,2,2,3,3,3,4,5,2,6,2,7,1,3,3,3,3,3,4,1,8,9,6,2,2,6,6,3,3,7,7,7,7,1,1,1,1,7,1,1,1,7,7,7,7,7,1,1,1,1,7,10,7,7,11,12,7,7,7,7,7,1,7,3,3,7,7,7,7,7,7,7,13,4,4,4,14,7,7,7,7,15,16,17,7,7,7,18,7,7,7,7,7,7,7,7,7,7,19,20,7,7,7,7,6,6,6,6,6,6,6,6,3,3,3,3,3,3,3,3","0.000917911529541016","leiden","edit-xhwikibooks.graphml"
"0.41","0.42","0.17","0.43702806122449","1,1,2,2,2,3,2,3,3,3,2,2,3,3,3,4,5,2,6,2,7,1,3,3,3,3,3,4,1,8,9,6,2,2,6,6,3,3,7,7,7,7,1,1,1,1,7,1,1,1,7,7,7,7,7,1,1,1,1,7,10,7,7,11,12,7,7,7,7,7,1,7,3,3,7,7,7,7,7,7,7,13,4,4,4,14,7,7,7,7,15,16,17,7,7,7,18,7,7,7,7,7,7,7,7,7,7,19,20,7,7,7,7,6,6,6,6,6,6,6,6,3,3,3,3,3,3,3,3","0.000854015350341797","leiden","edit-xhwikibooks.graphml"
"0.4","0.43","0.17","0.440598839933638","1,1,2,2,2,2,2,3,2,2,2,2,3,3,3,2,4,2,5,2,6,1,3,3,3,3,3,2,1,7,8,5,2,2,5,5,3,3,6,6,6,6,1,1,1,1,6,1,1,1,6,6,6,6,6,1,1,1,1,6,9,6,6,10,11,6,6,6,6,6,1,6,3,3,6,6,6,6,6,6,6,12,2,2,2,13,6,6,6,6,14,15,16,6,6,6,17,6,6,6,6,6,6,6,6,6,6,18,19,6,6,6,6,5,5,5,5,5,5,5,5,3,3,3,3,3,3,3,3","0.000919818878173828","leiden","edit-xhwikibooks.graphml"
"0.39","0.44","0.17","0.439727544333988","1,1,2,2,2,3,2,3,3,3,2,2,3,3,3,4,5,2,6,2,7,1,3,3,3,3,3,4,1,8,9,6,2,2,6,6,3,3,7,7,7,7,1,1,1,1,7,1,1,1,7,7,7,7,7,1,1,1,1,7,10,7,7,11,12,7,7,7,7,7,1,7,3,3,7,7,7,7,7,7,7,13,4,4,4,14,7,7,7,7,15,16,17,7,7,7,18,7,7,7,7,7,7,7,7,7,7,19,20,7,7,7,7,6,6,6,6,6,6,6,6,3,3,3,3,3,3,3,3","0.000943183898925781","leiden","edit-xhwikibooks.graphml"
"0.38","0.45","0.17","0.443287649776803","1,1,2,2,2,2,2,3,2,2,2,2,3,3,3,2,4,2,5,2,6,1,3,3,3,3,3,2,1,7,8,5,2,2,5,5,3,3,6,6,6,6,1,1,1,1,6,1,1,1,6,6,6,6,6,1,1,1,1,6,9,6,6,10,11,6,6,6,6,6,1,6,3,3,6,6,6,6,6,6,6,12,2,2,2,13,6,6,6,6,14,15,16,6,6,6,17,6,6,6,6,6,6,6,6,6,6,18,19,6,6,6,6,5,5,5,5,5,5,5,5,3,3,3,3,3,3,3,3","0.000937938690185547","leiden","edit-xhwikibooks.graphml"
"0.37","0.46","0.17","0.442382849080398","1,1,2,2,2,3,2,3,3,3,2,2,3,3,3,4,5,2,6,2,7,1,3,3,3,3,3,4,1,8,9,6,2,2,6,6,3,3,7,7,7,7,1,1,1,1,7,1,1,1,7,7,7,7,7,1,1,1,1,7,10,7,7,11,12,7,7,7,7,7,1,7,3,3,7,7,7,7,7,7,7,13,4,4,4,14,7,7,7,7,15,16,17,7,7,7,18,7,7,7,7,7,7,7,7,7,7,19,20,7,7,7,7,6,6,6,6,6,6,6,6,3,3,3,3,3,3,3,3","0.000897884368896484","leiden","edit-xhwikibooks.graphml"
"0.36","0.47","0.17","0.444015191810606","1,1,2,2,2,3,2,3,3,3,2,2,3,3,3,4,5,2,6,2,7,1,3,3,3,3,3,4,1,8,9,6,2,2,6,6,3,3,7,7,7,7,1,1,1,1,7,1,1,1,7,7,7,7,7,1,1,1,1,7,10,7,7,11,12,7,7,7,7,7,1,7,3,3,7,7,7,7,7,7,7,13,4,4,4,14,7,7,7,7,15,16,17,7,7,7,18,7,7,7,7,7,7,7,7,7,7,19,20,7,7,7,7,6,6,6,6,6,6,6,6,3,3,3,3,3,3,3,3","0.000863075256347656","leiden","edit-xhwikibooks.graphml"
"0.35","0.48","0.17","0.443420204324539","1,1,2,2,2,3,2,3,3,3,2,2,3,3,3,4,5,2,6,2,7,1,3,3,3,3,3,4,1,8,9,6,2,2,6,6,3,3,7,7,7,7,1,1,1,1,7,1,1,1,7,7,7,7,7,1,1,1,1,7,10,7,7,11,12,7,7,7,7,7,1,7,3,3,7,7,7,7,7,7,7,13,4,4,4,14,7,7,7,7,15,16,17,7,7,7,18,7,7,7,7,7,7,7,7,7,7,19,20,7,7,7,7,6,6,6,6,6,6,6,6,3,3,3,3,3,3,3,3","0.00105881690979004","leiden","edit-xhwikibooks.graphml"
"0.34","0.49","0.17","0.443420204324539","1,1,2,2,2,3,2,3,3,3,2,2,3,3,3,4,5,2,6,2,7,1,3,3,3,3,3,4,1,8,9,6,2,2,6,6,3,3,7,7,7,7,1,1,1,1,7,1,1,1,7,7,7,7,7,1,1,1,1,7,10,7,7,11,12,7,7,7,7,7,1,7,3,3,7,7,7,7,7,7,7,13,4,4,4,14,7,7,7,7,15,16,17,7,7,7,18,7,7,7,7,7,7,7,7,7,7,19,20,7,7,7,7,6,6,6,6,6,6,6,6,3,3,3,3,3,3,3,3","0.000936031341552734","leiden","edit-xhwikibooks.graphml"
"0.33","0.5","0.17","0.505568580697184","1,1,2,3,2,3,2,4,3,3,2,2,4,4,4,3,5,2,6,2,7,1,4,4,4,4,4,3,1,8,9,6,2,2,6,6,4,4,7,7,7,7,1,1,1,1,7,1,1,1,7,7,7,7,7,1,1,1,1,7,10,7,7,11,12,7,7,7,7,7,1,7,4,4,7,7,7,7,7,7,7,13,3,3,3,14,7,7,7,7,15,16,17,7,7,7,18,7,7,7,7,7,7,7,7,7,7,19,20,7,7,7,7,6,6,6,6,6,6,6,6,4,4,4,4,4,4,4,4","0.000808954238891602","leiden","edit-xhwikibooks.graphml"
"0.32","0.51","0.17","0.505568580697184","1,1,2,3,2,3,2,4,3,3,2,2,4,4,4,3,5,2,6,2,7,1,4,4,4,4,4,3,1,8,9,6,2,2,6,6,4,4,7,7,7,7,1,1,1,1,7,1,1,1,7,7,7,7,7,1,1,1,1,7,10,7,7,11,12,7,7,7,7,7,1,7,4,4,7,7,7,7,7,7,7,13,3,3,3,14,7,7,7,7,15,16,17,7,7,7,18,7,7,7,7,7,7,7,7,7,7,19,20,7,7,7,7,6,6,6,6,6,6,6,6,4,4,4,4,4,4,4,4","0.000850915908813477","leiden","edit-xhwikibooks.graphml"
"0.31","0.52","0.17","0.48933670753426","1,1,1,2,3,2,4,5,2,2,4,6,5,5,5,2,7,8,4,9,10,1,11,5,5,5,5,2,1,12,13,14,9,15,4,4,5,5,10,10,10,10,1,1,1,1,10,1,1,1,10,10,10,10,10,1,1,1,1,10,16,10,10,17,18,10,10,10,10,10,1,10,19,20,10,10,10,10,10,10,10,21,22,23,24,25,10,10,10,10,26,27,28,10,10,10,29,10,10,10,10,10,10,10,10,10,10,30,31,10,10,10,10,4,4,4,4,4,4,4,4,5,5,5,5,5,5,5,5","0.000874996185302734","leiden","edit-xhwikibooks.graphml"
"0.3","0.53","0.17","0.488740277777778","1,1,1,2,3,2,4,5,2,2,4,6,5,5,5,2,7,8,4,9,10,1,11,5,5,5,5,2,1,12,13,14,9,15,4,4,5,5,10,10,10,10,1,1,1,1,10,1,1,1,10,10,10,10,10,1,1,1,1,10,16,10,10,17,18,10,10,10,10,10,1,10,19,20,10,10,10,10,10,10,10,21,22,23,24,25,10,10,10,10,26,27,28,10,10,10,29,10,10,10,10,10,10,10,10,10,10,30,31,10,10,10,10,4,4,4,4,4,4,4,4,5,5,5,5,5,5,5,5","0.000883102416992188","leiden","edit-xhwikibooks.graphml"
"0.29","0.54","0.17","0.488751388888889","1,1,1,2,3,2,4,5,2,2,4,6,5,5,5,2,7,8,4,9,10,1,11,5,5,5,5,2,1,12,13,14,9,15,4,4,5,5,10,10,10,10,1,1,1,1,10,1,1,1,10,10,10,10,10,1,1,1,1,10,16,10,10,17,18,10,10,10,10,10,1,10,19,20,10,10,10,10,10,10,10,21,22,23,24,25,10,10,10,10,26,27,28,10,10,10,29,10,10,10,10,10,10,10,10,10,10,30,31,10,10,10,10,4,4,4,4,4,4,4,4,5,5,5,5,5,5,5,5","0.000885963439941406","leiden","edit-xhwikibooks.graphml"
"0.28","0.55","0.17","0.488156178969604","1,1,1,2,3,2,4,5,2,2,4,6,5,5,5,2,7,8,4,9,10,1,11,5,5,5,5,2,1,12,13,14,9,15,4,4,5,5,10,10,10,10,1,1,1,1,10,1,1,1,10,10,10,10,10,1,1,1,1,10,16,10,10,17,18,10,10,10,10,10,1,10,19,20,10,10,10,10,10,10,10,21,22,23,24,25,10,10,10,10,26,27,28,10,10,10,29,10,10,10,10,10,10,10,10,10,10,30,31,10,10,10,10,4,4,4,4,4,4,4,4,5,5,5,5,5,5,5,5","0.000898122787475586","leiden","edit-xhwikibooks.graphml"
"0.27","0.56","0.17","0.490806058155876","1,1,1,2,3,2,4,5,2,2,4,6,5,5,5,2,7,8,4,9,10,1,11,5,5,5,5,2,1,12,13,14,9,15,4,4,5,5,10,10,10,10,1,1,1,1,10,1,1,1,10,10,10,10,10,1,1,1,1,10,16,10,10,17,18,10,10,10,10,10,1,10,19,20,10,10,10,10,10,10,10,21,22,23,24,25,10,10,10,10,26,27,28,10,10,10,29,10,10,10,10,10,10,10,10,10,10,30,31,10,10,10,10,4,4,4,4,4,4,4,4,5,5,5,5,5,5,5,5","0.000911951065063477","leiden","edit-xhwikibooks.graphml"
"0.26","0.57","0.17","0.491585274229902","1,1,1,2,3,2,4,5,2,2,4,6,5,5,5,2,7,8,4,9,10,1,11,5,5,5,5,2,1,12,13,14,9,15,4,4,5,5,10,10,10,10,1,1,1,1,10,1,1,1,10,10,10,10,10,1,1,1,1,10,16,10,10,17,18,10,10,10,10,10,1,10,19,20,10,10,10,10,10,10,10,21,22,23,24,25,10,10,10,10,26,27,28,10,10,10,29,10,10,10,10,10,10,10,10,10,10,30,31,10,10,10,10,4,4,4,4,4,4,4,4,5,5,5,5,5,5,5,5","0.000948905944824219","leiden","edit-xhwikibooks.graphml"
"0.25","0.58","0.17","0.494189155079808","1,1,1,2,3,2,4,5,2,2,4,6,5,5,5,2,7,8,4,9,10,1,11,5,5,5,5,2,1,12,13,14,9,15,4,4,5,5,10,10,10,10,1,1,1,1,10,1,1,1,10,10,10,10,10,1,1,1,1,10,16,10,10,17,18,10,10,10,10,10,1,10,19,20,10,10,10,10,10,10,10,21,22,23,24,25,10,10,10,10,26,27,28,10,10,10,29,10,10,10,10,10,10,10,10,10,10,30,31,10,10,10,10,4,4,4,4,4,4,4,4,5,5,5,5,5,5,5,5","0.000931024551391602","leiden","edit-xhwikibooks.graphml"
"0.24","0.59","0.17","0.493598240564404","1,1,1,2,3,2,4,5,2,2,4,6,5,5,5,2,7,8,4,9,10,1,11,5,5,5,5,2,1,12,13,14,9,15,4,4,5,5,10,10,10,10,1,1,1,1,10,1,1,1,10,10,10,10,10,1,1,1,1,10,16,10,10,17,18,10,10,10,10,10,1,10,19,20,10,10,10,10,10,10,10,21,22,23,24,25,10,10,10,10,26,27,28,10,10,10,29,10,10,10,10,10,10,10,10,10,10,30,31,10,10,10,10,4,4,4,4,4,4,4,4,5,5,5,5,5,5,5,5","0.000988960266113281","leiden","edit-xhwikibooks.graphml"
"0.23","0.6","0.17","0.496472722386455","1,1,1,2,3,2,4,5,2,2,4,6,5,5,5,2,7,8,4,9,10,1,11,5,5,5,5,2,1,12,13,14,9,15,4,4,5,5,10,10,10,10,1,1,1,1,10,1,1,1,10,10,10,10,10,1,1,1,1,10,16,10,10,17,18,10,10,10,10,10,1,10,19,20,10,10,10,10,10,10,10,21,22,23,24,25,10,10,10,10,26,27,28,10,10,10,29,10,10,10,10,10,10,10,10,10,10,30,31,10,10,10,10,4,4,4,4,4,4,4,4,5,5,5,5,5,5,5,5","0.000919103622436523","leiden","edit-xhwikibooks.graphml"
"0.22","0.61","0.17","0.497219285317613","1,1,1,2,3,2,4,5,2,2,4,6,5,5,5,2,7,8,4,9,10,1,11,5,5,5,5,2,1,12,13,14,9,15,4,4,5,5,10,10,10,10,1,1,1,1,10,1,1,1,10,10,10,10,10,1,1,1,1,10,16,10,10,17,18,10,10,10,10,10,1,10,19,20,10,10,10,10,10,10,10,21,22,23,24,25,10,10,10,10,26,27,28,10,10,10,29,10,10,10,10,10,10,10,10,10,10,30,31,10,10,10,10,4,4,4,4,4,4,4,4,5,5,5,5,5,5,5,5","0.000952959060668945","leiden","edit-xhwikibooks.graphml"
"0.21","0.62","0.17","0.498544318450963","1,1,1,2,3,2,4,5,2,2,4,6,5,5,5,2,7,8,4,9,10,1,11,5,5,5,5,2,1,12,13,14,9,15,4,4,5,5,10,10,10,10,1,1,1,1,10,1,1,1,10,10,10,10,10,1,1,1,1,10,16,10,10,17,18,10,10,10,10,10,1,10,19,20,10,10,10,10,10,10,10,21,22,23,24,25,10,10,10,10,26,27,28,10,10,10,29,10,10,10,10,10,10,10,10,10,10,30,31,10,10,10,10,4,4,4,4,4,4,4,4,5,5,5,5,5,5,5,5","0.00107693672180176","leiden","edit-xhwikibooks.graphml"
"0.2","0.63","0.17","0.497956211736994","1,1,1,2,3,2,4,5,2,2,4,6,5,5,5,2,7,8,4,9,10,1,11,5,5,5,5,2,1,12,13,14,9,15,4,4,5,5,10,10,10,10,1,1,1,1,10,1,1,1,10,10,10,10,10,1,1,1,1,10,16,10,10,17,18,10,10,10,10,10,1,10,19,20,10,10,10,10,10,10,10,21,22,23,24,25,10,10,10,10,26,27,28,10,10,10,29,10,10,10,10,10,10,10,10,10,10,30,31,10,10,10,10,4,4,4,4,4,4,4,4,5,5,5,5,5,5,5,5","0.000876903533935547","leiden","edit-xhwikibooks.graphml"
"0.19","0.64","0.17","0.497956211736994","1,1,1,2,3,2,4,5,2,2,4,6,5,5,5,2,7,8,4,9,10,1,11,5,5,5,5,2,1,12,13,14,9,15,4,4,5,5,10,10,10,10,1,1,1,1,10,1,1,1,10,10,10,10,10,1,1,1,1,10,16,10,10,17,18,10,10,10,10,10,1,10,19,20,10,10,10,10,10,10,10,21,22,23,24,25,10,10,10,10,26,27,28,10,10,10,29,10,10,10,10,10,10,10,10,10,10,30,31,10,10,10,10,4,4,4,4,4,4,4,4,5,5,5,5,5,5,5,5","0.000854015350341797","leiden","edit-xhwikibooks.graphml"
"0.18","0.65","0.17","0.497369290766078","1,1,1,2,3,2,4,5,2,2,4,6,5,5,5,2,7,8,4,9,10,1,11,5,5,5,5,2,1,12,13,14,9,15,4,4,5,5,10,10,10,10,1,1,1,1,10,1,1,1,10,10,10,10,10,1,1,1,1,10,16,10,10,17,18,10,10,10,10,10,1,10,19,20,10,10,10,10,10,10,10,21,22,23,24,25,10,10,10,10,26,27,28,10,10,10,29,10,10,10,10,10,10,10,10,10,10,30,31,10,10,10,10,4,4,4,4,4,4,4,4,5,5,5,5,5,5,5,5","0.000879049301147461","leiden","edit-xhwikibooks.graphml"
"0.17","0.66","0.17","0.498683641845168","1,1,1,2,3,2,4,5,2,2,4,6,5,5,5,2,7,8,4,9,10,1,11,5,5,5,5,2,1,12,13,14,9,15,4,4,5,5,10,10,10,10,1,1,1,1,10,1,1,1,10,10,10,10,10,1,1,1,1,10,16,10,10,17,18,10,10,10,10,10,1,10,19,20,10,10,10,10,10,10,10,21,22,23,24,25,10,10,10,10,26,27,28,10,10,10,29,10,10,10,10,10,10,10,10,10,10,30,31,10,10,10,10,4,4,4,4,4,4,4,4,5,5,5,5,5,5,5,5","0.000877141952514648","leiden","edit-xhwikibooks.graphml"
"0.16","0.67","0.17","0.516450631779607","1,1,1,2,3,2,4,5,2,2,4,6,5,5,5,2,7,8,9,10,11,1,12,5,5,5,5,2,1,13,14,15,10,16,9,9,17,5,11,11,11,11,1,1,1,1,11,1,1,1,11,11,11,11,11,1,1,1,1,11,18,11,11,19,20,11,11,11,11,11,1,11,21,22,11,11,11,11,11,11,11,23,24,25,26,27,11,11,11,11,28,29,30,11,11,11,31,11,11,11,11,11,11,11,11,11,11,32,33,11,11,11,11,9,9,9,9,9,9,9,9,17,17,17,17,17,17,17,17","0.000931024551391602","leiden","edit-xhwikibooks.graphml"
"0.15","0.68","0.17","0.517721088435374","1,1,1,2,3,2,4,5,2,2,4,6,5,5,5,2,7,8,9,10,11,1,12,5,5,5,5,2,1,13,14,15,10,16,9,9,17,5,11,11,11,11,1,1,1,1,11,1,1,1,11,11,11,11,11,1,1,1,1,11,18,11,11,19,20,11,11,11,11,11,1,11,21,22,11,11,11,11,11,11,11,23,24,25,26,27,11,11,11,11,28,29,30,11,11,11,31,11,11,11,11,11,11,11,11,11,11,32,33,11,11,11,11,9,9,9,9,9,9,9,9,17,17,17,17,17,17,17,17","0.000937938690185547","leiden","edit-xhwikibooks.graphml"
"0.14","0.69","0.17","0.514502363179034","1,1,1,2,3,2,4,5,2,2,7,8,5,5,5,2,9,10,11,12,13,1,14,5,5,5,5,2,1,15,16,17,18,19,11,11,6,5,13,13,13,13,1,1,1,1,13,1,1,1,13,13,13,13,13,1,1,1,1,13,20,13,13,21,22,13,13,13,13,13,1,13,23,24,13,13,13,13,13,13,13,25,26,27,28,29,13,13,13,13,30,31,32,13,13,13,33,13,13,13,13,13,13,13,13,13,13,34,35,13,13,13,13,11,11,11,11,11,11,11,11,6,6,6,6,6,6,6,6","0.00097203254699707","leiden","edit-xhwikibooks.graphml"
"0.13","0.7","0.17","0.515736488382144","1,1,1,2,3,2,4,5,2,2,6,7,5,5,5,2,8,9,10,11,12,1,13,5,5,5,5,2,1,14,15,16,17,18,10,10,19,5,12,12,12,12,1,1,1,1,12,1,1,1,12,12,12,12,12,1,1,1,1,12,20,12,12,21,22,12,12,12,12,12,1,12,23,24,12,12,12,12,12,12,12,25,26,27,28,29,12,12,12,12,30,31,32,12,12,12,33,12,12,12,12,12,12,12,12,12,12,34,35,12,12,12,12,10,10,10,10,10,10,10,10,19,19,19,19,19,19,19,19","0.000955104827880859","leiden","edit-xhwikibooks.graphml"
"0.12","0.71","0.17","0.511403381587215","1,1,1,2,3,2,4,5,2,2,7,8,5,5,5,2,9,10,11,12,13,1,14,5,5,5,5,2,1,15,16,17,18,19,11,11,6,5,13,13,13,13,1,1,1,1,13,1,1,1,13,13,13,13,13,1,1,1,1,13,20,13,13,21,22,13,13,13,13,13,1,13,23,24,13,13,13,13,13,13,13,25,26,27,28,29,13,13,13,13,30,31,32,13,13,13,33,13,13,13,13,13,13,13,13,13,13,34,35,13,13,13,13,11,11,11,11,11,11,11,11,6,6,6,6,6,6,6,6","0.000991106033325195","leiden","edit-xhwikibooks.graphml"
"0.11","0.72","0.17","0.513861050801105","1,1,1,2,3,2,4,5,2,2,7,8,5,5,5,2,9,10,11,12,13,1,14,5,5,5,5,2,1,15,16,17,18,19,11,11,6,5,13,13,13,13,1,1,1,1,13,1,1,1,13,13,13,13,13,1,1,1,1,13,20,13,13,21,22,13,13,13,13,13,1,13,23,24,13,13,13,13,13,13,13,25,26,27,28,29,13,13,13,13,30,31,32,13,13,13,33,13,13,13,13,13,13,13,13,13,13,34,35,13,13,13,13,11,11,11,11,11,11,11,11,6,6,6,6,6,6,6,6","0.00096893310546875","leiden","edit-xhwikibooks.graphml"
"0.1","0.73","0.17","0.512028581466532","1,1,1,2,3,2,4,5,2,2,6,7,5,5,5,2,8,9,10,11,12,13,14,5,5,5,5,2,1,15,16,17,18,19,10,10,20,5,12,12,12,12,13,13,13,13,12,13,13,13,12,12,12,12,12,13,13,13,13,12,21,12,12,22,23,12,12,12,12,12,13,12,24,25,12,12,12,12,12,12,12,26,27,28,29,30,12,12,12,12,31,32,33,12,12,12,34,12,12,12,12,12,12,12,12,12,12,35,36,12,12,12,12,10,10,10,10,10,10,10,10,20,20,20,20,20,20,20,20","0.00104999542236328","leiden","edit-xhwikibooks.graphml"
"0.09","0.74","0.17","0.512028581466532","1,1,1,2,3,2,4,5,2,2,6,7,5,5,5,2,8,9,10,11,12,13,14,5,5,5,5,2,1,15,16,17,18,19,10,10,20,5,12,12,12,12,13,13,13,13,12,13,13,13,12,12,12,12,12,13,13,13,13,12,21,12,12,22,23,12,12,12,12,12,13,12,24,25,12,12,12,12,12,12,12,26,27,28,29,30,12,12,12,12,31,32,33,12,12,12,34,12,12,12,12,12,12,12,12,12,12,35,36,12,12,12,12,10,10,10,10,10,10,10,10,20,20,20,20,20,20,20,20","0.000917911529541016","leiden","edit-xhwikibooks.graphml"
"0.08","0.75","0.17","0.515415946032958","1,1,1,2,3,2,4,5,2,2,7,8,5,5,5,2,9,10,11,12,13,1,14,5,5,5,5,2,1,15,16,17,18,19,11,11,6,5,13,13,13,13,1,1,1,1,13,1,1,1,13,13,13,13,13,1,1,1,1,13,20,13,13,21,22,13,13,13,13,13,1,13,23,24,13,13,13,13,13,13,13,25,26,27,28,29,13,13,13,13,30,31,32,13,13,13,33,13,13,13,13,13,13,13,13,13,13,34,35,13,13,13,13,11,11,11,11,11,11,11,11,6,6,6,6,6,6,6,6","0.00103616714477539","leiden","edit-xhwikibooks.graphml"
"0.07","0.76","0.17","0.515415946032958","1,1,1,2,3,2,4,5,2,2,6,7,5,5,5,2,8,9,10,11,12,1,13,5,5,5,5,2,1,14,15,16,17,18,10,10,19,5,12,12,12,12,1,1,1,1,12,1,1,1,12,12,12,12,12,1,1,1,1,12,20,12,12,21,22,12,12,12,12,12,1,12,23,24,12,12,12,12,12,12,12,25,26,27,28,29,12,12,12,12,30,31,32,12,12,12,33,12,12,12,12,12,12,12,12,12,12,34,35,12,12,12,12,10,10,10,10,10,10,10,10,19,19,19,19,19,19,19,19","0.000914096832275391","leiden","edit-xhwikibooks.graphml"
"0.06","0.77","0.17","0.518089156178312","1,1,1,2,3,2,4,5,2,2,7,8,5,5,5,2,9,10,11,12,13,14,15,5,5,5,5,2,1,16,17,18,19,20,11,11,6,5,13,13,13,13,14,14,14,14,13,14,14,14,13,13,13,13,13,14,14,14,14,13,21,13,13,22,23,13,13,13,13,13,14,13,24,25,13,13,13,13,13,13,13,26,27,28,29,30,13,13,13,13,31,32,33,13,13,13,34,13,13,13,13,13,13,13,13,13,13,35,36,13,13,13,13,11,11,11,11,11,11,11,11,6,6,6,6,6,6,6,6","0.000934123992919922","leiden","edit-xhwikibooks.graphml"
"0.05","0.78","0.17","0.519603531804915","1,1,1,2,3,2,4,5,2,2,6,7,5,5,5,2,8,9,10,11,12,13,14,5,5,5,5,2,1,15,16,17,18,19,10,10,5,5,12,12,12,12,13,13,13,13,12,13,13,13,12,12,12,12,12,13,13,13,13,12,20,12,12,21,22,12,12,12,12,12,13,12,23,24,12,12,12,12,12,12,12,25,26,27,28,29,12,12,12,12,30,31,32,12,12,12,33,12,12,12,12,12,12,12,12,12,12,34,35,12,12,12,12,10,10,10,10,10,10,10,10,5,5,5,5,5,5,5,5","0.00092315673828125","leiden","edit-xhwikibooks.graphml"
"0.04","0.79","0.17","0.520006436650583","1,1,1,2,3,2,4,5,2,2,6,7,5,5,5,2,8,9,10,11,12,13,14,5,5,5,5,2,1,15,16,17,18,19,10,10,20,5,12,12,12,12,13,13,13,13,12,13,13,13,12,12,12,12,12,13,13,13,13,12,21,12,12,22,23,12,12,12,12,12,13,12,24,25,12,12,12,12,12,12,12,26,27,28,29,30,12,12,12,12,31,32,33,12,12,12,34,12,12,12,12,12,12,12,12,12,12,35,36,12,12,12,12,10,10,10,10,10,10,10,10,20,20,20,20,20,20,20,20","0.000931024551391602","leiden","edit-xhwikibooks.graphml"
"0.03","0.8","0.17","0.522013673058623","1,1,1,2,3,2,4,5,2,2,6,7,5,5,5,2,8,9,10,11,12,13,14,5,5,5,5,2,1,15,16,17,18,19,10,10,20,5,12,12,12,12,13,13,13,13,12,13,13,13,12,12,12,12,12,13,13,13,13,12,21,12,12,22,23,12,12,12,12,12,13,12,24,25,12,12,12,12,12,12,12,26,27,28,29,30,12,12,12,12,31,32,33,12,12,12,34,12,12,12,12,12,12,12,12,12,12,35,36,12,12,12,12,10,10,10,10,10,10,10,10,20,20,20,20,20,20,20,20","0.000947952270507812","leiden","edit-xhwikibooks.graphml"
"0.02","0.81","0.17","0.522013673058623","1,1,1,2,3,2,4,5,2,2,6,7,5,5,5,2,8,9,10,11,12,13,14,5,5,5,5,2,1,15,16,17,18,19,10,10,20,5,12,12,12,12,13,13,13,13,12,13,13,13,12,12,12,12,12,13,13,13,13,12,21,12,12,22,23,12,12,12,12,12,13,12,24,25,12,12,12,12,12,12,12,26,27,28,29,30,12,12,12,12,31,32,33,12,12,12,34,12,12,12,12,12,12,12,12,12,12,35,36,12,12,12,12,10,10,10,10,10,10,10,10,20,20,20,20,20,20,20,20","0.000966072082519531","leiden","edit-xhwikibooks.graphml"
"0.01","0.82","0.17","0.521422297920245","1,1,1,2,3,2,4,5,2,2,6,7,5,5,5,2,8,9,10,11,12,13,14,5,5,5,5,2,1,15,16,17,18,19,10,10,20,5,12,12,12,12,13,13,13,13,12,13,13,13,12,12,12,12,12,13,13,13,13,12,21,12,12,22,23,12,12,12,12,12,13,12,24,25,12,12,12,12,12,12,12,26,27,28,29,30,12,12,12,12,31,32,33,12,12,12,34,12,12,12,12,12,12,12,12,12,12,35,36,12,12,12,12,10,10,10,10,10,10,10,10,20,20,20,20,20,20,20,20","0.000970840454101562","leiden","edit-xhwikibooks.graphml"
"0","0.83","0.17","0.523678718711494","1,1,1,2,1,2,3,4,2,2,6,7,4,4,4,2,8,9,10,11,12,1,13,4,4,4,4,2,1,14,15,16,17,18,10,10,5,4,12,12,12,12,1,1,1,1,12,1,1,1,12,12,12,12,12,1,1,1,1,12,19,12,12,20,21,12,12,12,12,12,1,12,22,23,12,12,12,12,12,12,12,24,25,26,27,28,12,12,12,12,29,30,31,12,12,12,32,12,12,12,12,12,12,12,12,12,12,33,34,12,12,12,12,10,10,10,10,10,10,10,10,5,5,5,5,5,5,5,5","0.000944137573242188","leiden","edit-xhwikibooks.graphml"
"0.82","0","0.18","0.447836603063693","1,1,2,2,2,3,2,3,3,3,2,2,3,3,3,3,3,2,4,2,5,1,3,3,3,3,3,3,1,3,2,4,2,2,4,4,3,3,5,5,5,5,1,1,1,1,5,1,1,1,5,5,5,5,5,1,1,1,1,5,3,5,5,3,3,5,5,5,5,5,1,5,3,3,5,5,5,5,5,5,5,3,3,3,3,1,5,5,5,5,3,2,4,5,5,5,3,5,5,5,5,5,5,5,5,5,5,2,2,5,5,5,5,4,4,4,4,4,4,4,4,3,3,3,3,3,3,3,3","0.000833034515380859","leiden","edit-xhwikibooks.graphml"
"0.81","0.01","0.18","0.447836603063693","1,1,2,2,2,3,2,3,3,3,2,2,3,3,3,3,3,2,4,2,5,1,3,3,3,3,3,3,1,3,2,4,2,2,4,4,3,3,5,5,5,5,1,1,1,1,5,1,1,1,5,5,5,5,5,1,1,1,1,5,3,5,5,3,3,5,5,5,5,5,1,5,3,3,5,5,5,5,5,5,5,3,3,3,3,1,5,5,5,5,3,2,4,5,5,5,3,5,5,5,5,5,5,5,5,5,5,2,2,5,5,5,5,4,4,4,4,4,4,4,4,3,3,3,3,3,3,3,3","0.000833034515380859","leiden","edit-xhwikibooks.graphml"
"0.8","0.02","0.18","0.447836603063693","1,1,2,2,2,3,2,3,3,3,2,2,3,3,3,3,3,2,4,2,5,1,3,3,3,3,3,3,1,3,2,4,2,2,4,4,3,3,5,5,5,5,1,1,1,1,5,1,1,1,5,5,5,5,5,1,1,1,1,5,3,5,5,3,3,5,5,5,5,5,1,5,3,3,5,5,5,5,5,5,5,3,3,3,3,1,5,5,5,5,3,2,4,5,5,5,3,5,5,5,5,5,5,5,5,5,5,2,2,5,5,5,5,4,4,4,4,4,4,4,4,3,3,3,3,3,3,3,3","0.000842094421386719","leiden","edit-xhwikibooks.graphml"
"0.79","0.03","0.18","0.447290669423901","1,1,2,2,2,3,2,3,3,3,2,2,3,3,3,3,3,2,4,2,5,1,3,3,3,3,3,3,1,3,2,4,2,2,4,4,3,3,5,5,5,5,1,1,1,1,5,1,1,1,5,5,5,5,5,1,1,1,1,5,3,5,5,3,3,5,5,5,5,5,1,5,3,3,5,5,5,5,5,5,5,3,3,3,3,1,5,5,5,5,3,2,4,5,5,5,3,5,5,5,5,5,5,5,5,5,5,2,2,5,5,5,5,4,4,4,4,4,4,4,4,3,3,3,3,3,3,3,3","0.00105619430541992","leiden","edit-xhwikibooks.graphml"
"0.78","0.04","0.18","0.447290669423901","1,1,2,2,2,3,2,3,3,3,2,2,3,3,3,3,3,2,4,2,5,1,3,3,3,3,3,3,1,3,2,4,2,2,4,4,3,3,5,5,5,5,1,1,1,1,5,1,1,1,5,5,5,5,5,1,1,1,1,5,3,5,5,3,3,5,5,5,5,5,1,5,3,3,5,5,5,5,5,5,5,3,3,3,3,1,5,5,5,5,3,2,4,5,5,5,3,5,5,5,5,5,5,5,5,5,5,2,2,5,5,5,5,4,4,4,4,4,4,4,4,3,3,3,3,3,3,3,3","0.00078892707824707","leiden","edit-xhwikibooks.graphml"
"0.77","0.05","0.18","0.446745909692853","1,1,2,2,2,3,2,3,3,3,2,2,3,3,3,3,3,2,4,2,5,1,3,3,3,3,3,3,1,3,2,4,2,2,4,4,3,3,5,5,5,5,1,1,1,1,5,1,1,1,5,5,5,5,5,1,1,1,1,5,3,5,5,3,3,5,5,5,5,5,1,5,3,3,5,5,5,5,5,5,5,3,3,3,3,1,5,5,5,5,3,2,4,5,5,5,3,5,5,5,5,5,5,5,5,5,5,2,2,5,5,5,5,4,4,4,4,4,4,4,4,3,3,3,3,3,3,3,3","0.000814199447631836","leiden","edit-xhwikibooks.graphml"
"0.76","0.06","0.18","0.446745909692853","1,1,2,2,2,3,2,3,3,3,2,2,3,3,3,3,3,2,4,2,5,1,3,3,3,3,3,3,1,3,2,4,2,2,4,4,3,3,5,5,5,5,1,1,1,1,5,1,1,1,5,5,5,5,5,1,1,1,1,5,3,5,5,3,3,5,5,5,5,5,1,5,3,3,5,5,5,5,5,5,5,3,3,3,3,1,5,5,5,5,3,2,4,5,5,5,3,5,5,5,5,5,5,5,5,5,5,2,2,5,5,5,5,4,4,4,4,4,4,4,4,3,3,3,3,3,3,3,3","0.000787019729614258","leiden","edit-xhwikibooks.graphml"
"0.75","0.07","0.18","0.44620232110685","1,1,2,2,2,3,2,3,3,3,2,2,3,3,3,3,3,2,4,2,5,1,3,3,3,3,3,3,1,3,2,4,2,2,4,4,3,3,5,5,5,5,1,1,1,1,5,1,1,1,5,5,5,5,5,1,1,1,1,5,3,5,5,3,3,5,5,5,5,5,1,5,3,3,5,5,5,5,5,5,5,3,3,3,3,1,5,5,5,5,3,2,4,5,5,5,3,5,5,5,5,5,5,5,5,5,5,2,2,5,5,5,5,4,4,4,4,4,4,4,4,3,3,3,3,3,3,3,3","0.000780105590820312","leiden","edit-xhwikibooks.graphml"
"0.74","0.08","0.18","0.447681142505491","1,1,2,2,2,3,2,3,3,3,2,2,3,3,3,3,3,2,4,2,5,1,3,3,3,3,3,3,1,3,2,4,2,2,4,4,3,3,5,5,5,5,1,1,1,1,5,1,1,1,5,5,5,5,5,1,1,1,1,5,3,5,5,3,3,5,5,5,5,5,1,5,3,3,5,5,5,5,5,5,5,3,3,3,3,1,5,5,5,5,3,2,4,5,5,5,3,5,5,5,5,5,5,5,5,5,5,2,2,5,5,5,5,4,4,4,4,4,4,4,4,3,3,3,3,3,3,3,3","0.000779867172241211","leiden","edit-xhwikibooks.graphml"
"0.73","0.09","0.18","0.442975992139775","1,1,2,2,2,3,2,3,3,3,2,2,3,3,3,4,3,2,5,2,6,1,3,3,3,3,3,4,1,3,2,5,2,2,5,5,3,3,6,6,6,6,1,1,1,1,6,1,1,1,6,6,6,6,6,1,1,1,1,6,3,6,6,3,3,6,6,6,6,6,1,6,3,3,6,6,6,6,6,6,6,3,4,4,4,1,6,6,6,6,3,2,5,6,6,6,4,6,6,6,6,6,6,6,6,6,6,2,2,6,6,6,6,5,5,5,5,5,5,5,5,3,3,3,3,3,3,3,3","0.000803947448730469","leiden","edit-xhwikibooks.graphml"
"0.72","0.1","0.18","0.441950745439788","1,1,1,1,2,1,2,1,3,1,2,2,1,3,3,1,1,2,4,2,5,6,1,3,3,3,3,1,1,1,2,4,2,2,4,4,3,3,5,5,5,5,6,6,6,6,5,6,6,6,5,5,5,5,5,6,6,6,6,5,1,5,5,3,3,5,5,5,5,5,6,5,3,3,5,5,5,5,5,5,5,3,1,1,1,1,5,5,5,5,1,2,4,5,5,5,1,5,5,5,5,5,5,5,5,5,5,2,2,5,5,5,5,4,4,4,4,4,4,4,4,3,3,3,3,3,3,3,3","0.000825166702270508","leiden","edit-xhwikibooks.graphml"
"0.71","0.11","0.18","0.442431387368303","1,1,2,2,2,3,2,3,3,3,2,2,3,3,3,4,3,2,5,2,6,1,3,3,3,3,3,4,1,3,2,5,2,2,5,5,3,3,6,6,6,6,1,1,1,1,6,1,1,1,6,6,6,6,6,1,1,1,1,6,3,6,6,3,3,6,6,6,6,6,1,6,3,3,6,6,6,6,6,6,6,3,4,4,4,1,6,6,6,6,3,2,5,6,6,6,4,6,6,6,6,6,6,6,6,6,6,2,2,6,6,6,6,5,5,5,5,5,5,5,5,3,3,3,3,3,3,3,3","0.000834941864013672","leiden","edit-xhwikibooks.graphml"
"0.7","0.12","0.18","0.445367175622976","1,1,2,2,2,3,2,3,3,3,2,2,3,3,3,4,3,2,5,2,6,1,3,3,3,3,3,4,1,3,2,5,2,2,5,5,3,3,6,6,6,6,1,1,1,1,6,1,1,1,6,6,6,6,6,1,1,1,1,6,3,6,6,3,3,6,6,6,6,6,1,6,3,3,6,6,6,6,6,6,6,3,4,4,4,1,6,6,6,6,3,2,5,6,6,6,4,6,6,6,6,6,6,6,6,6,6,2,2,6,6,6,6,5,5,5,5,5,5,5,5,3,3,3,3,3,3,3,3","0.000823974609375","leiden","edit-xhwikibooks.graphml"
"0.69","0.13","0.18","0.444823642266824","1,1,2,2,2,3,2,3,3,3,2,2,3,3,3,4,3,2,5,2,6,1,3,3,3,3,3,4,1,3,2,5,2,2,5,5,3,3,6,6,6,6,1,1,1,1,6,1,1,1,6,6,6,6,6,1,1,1,1,6,3,6,6,3,3,6,6,6,6,6,1,6,3,3,6,6,6,6,6,6,6,3,4,4,4,1,6,6,6,6,3,2,5,6,6,6,4,6,6,6,6,6,6,6,6,6,6,2,2,6,6,6,6,5,5,5,5,5,5,5,5,3,3,3,3,3,3,3,3","0.000814914703369141","leiden","edit-xhwikibooks.graphml"
"0.68","0.14","0.18","0.446293431120941","1,1,2,2,2,3,2,3,3,3,2,2,3,3,3,4,3,2,5,2,6,1,3,3,3,3,3,4,1,3,2,5,2,2,5,5,3,3,6,6,6,6,1,1,1,1,6,1,1,1,6,6,6,6,6,1,1,1,1,6,3,6,6,3,3,6,6,6,6,6,1,6,3,3,6,6,6,6,6,6,6,3,4,4,4,1,6,6,6,6,3,2,5,6,6,6,4,6,6,6,6,6,6,6,6,6,6,2,2,6,6,6,6,5,5,5,5,5,5,5,5,3,3,3,3,3,3,3,3","0.000810146331787109","leiden","edit-xhwikibooks.graphml"
"0.67","0.15","0.18","0.448636836628512","1,1,2,2,2,3,2,3,3,3,2,2,3,3,3,4,3,2,5,2,6,1,3,3,3,3,3,4,1,3,2,5,2,2,5,5,3,3,6,6,6,6,1,1,1,1,6,1,1,1,6,6,6,6,6,1,1,1,1,6,3,6,6,3,3,6,6,6,6,6,1,6,3,3,6,6,6,6,6,6,6,3,4,4,4,1,6,6,6,6,3,2,5,6,6,6,4,6,6,6,6,6,6,6,6,6,6,2,2,6,6,6,6,5,5,5,5,5,5,5,5,3,3,3,3,3,3,3,3","0.000800132751464844","leiden","edit-xhwikibooks.graphml"
"0.66","0.16","0.18","0.450081811840546","1,1,2,2,2,3,2,3,3,3,2,2,3,3,3,4,3,2,5,2,6,1,3,3,3,3,3,4,1,3,2,5,2,2,5,5,3,3,6,6,6,6,1,1,1,1,6,1,1,1,6,6,6,6,6,1,1,1,1,6,3,6,6,3,3,6,6,6,6,6,1,6,3,3,6,6,6,6,6,6,6,3,4,4,4,1,6,6,6,6,3,2,5,6,6,6,4,6,6,6,6,6,6,6,6,6,6,2,2,6,6,6,6,5,5,5,5,5,5,5,5,3,3,3,3,3,3,3,3","0.000859975814819336","leiden","edit-xhwikibooks.graphml"
"0.65","0.17","0.18","0.42531247865583","1,1,2,2,2,3,2,3,3,3,2,2,3,3,3,4,3,2,5,2,6,1,3,3,3,3,3,4,1,3,2,5,2,2,5,5,3,3,6,6,6,6,1,1,1,1,6,1,1,1,6,6,6,6,6,1,1,1,1,6,3,6,6,3,3,6,6,6,6,6,1,6,3,3,6,6,6,6,6,6,6,3,4,4,4,1,6,6,6,6,3,2,5,6,6,6,4,6,6,6,6,6,6,6,6,6,6,2,2,6,6,6,6,5,5,5,5,5,5,5,5,3,3,3,3,3,3,3,3","0.00102114677429199","leiden","edit-xhwikibooks.graphml"
"0.64","0.18","0.18","0.42531247865583","1,1,2,2,2,3,2,3,3,3,2,2,3,3,3,4,3,2,5,2,6,1,3,3,3,3,3,4,1,3,2,5,2,2,5,5,3,3,6,6,6,6,1,1,1,1,6,1,1,1,6,6,6,6,6,1,1,1,1,6,3,6,6,3,3,6,6,6,6,6,1,6,3,3,6,6,6,6,6,6,6,3,4,4,4,1,6,6,6,6,3,2,5,6,6,6,4,6,6,6,6,6,6,6,6,6,6,2,2,6,6,6,6,5,5,5,5,5,5,5,5,3,3,3,3,3,3,3,3","0.000775814056396484","leiden","edit-xhwikibooks.graphml"
"0.63","0.19","0.18","0.417756944444444","1,1,2,2,2,3,2,3,3,3,2,2,3,3,3,4,3,2,5,2,6,1,3,3,3,3,3,4,1,3,2,5,2,2,5,5,3,3,6,6,6,6,1,1,1,1,6,1,1,1,6,6,6,6,6,1,1,1,1,6,7,6,6,3,3,6,6,6,6,6,1,6,3,3,6,6,6,6,6,6,6,3,4,4,4,8,6,6,6,6,9,10,11,6,6,6,4,6,6,6,6,6,6,6,6,6,6,2,2,6,6,6,6,5,5,5,5,5,5,5,5,3,3,3,3,3,3,3,3","0.000837087631225586","leiden","edit-xhwikibooks.graphml"
"0.62","0.2","0.18","0.420868699020982","1,1,2,2,2,3,2,3,3,3,2,2,3,3,3,4,3,2,5,2,6,1,3,3,3,3,3,4,1,3,2,5,2,2,5,5,3,3,6,6,6,6,1,1,1,1,6,1,1,1,6,6,6,6,6,1,1,1,1,6,7,6,6,3,3,6,6,6,6,6,1,6,3,3,6,6,6,6,6,6,6,3,4,4,4,8,6,6,6,6,9,10,11,6,6,6,4,6,6,6,6,6,6,6,6,6,6,2,2,6,6,6,6,5,5,5,5,5,5,5,5,3,3,3,3,3,3,3,3","0.000829935073852539","leiden","edit-xhwikibooks.graphml"
"0.61","0.21","0.18","0.419742085591941","1,1,1,1,1,2,3,2,2,2,3,3,2,2,2,5,2,3,4,3,6,1,2,2,2,2,2,5,1,2,3,4,3,3,4,4,2,2,6,6,6,6,1,1,1,1,6,1,1,1,6,6,6,6,6,1,1,1,1,6,7,6,6,2,2,6,6,6,6,6,1,6,2,2,6,6,6,6,6,6,6,2,5,5,5,8,6,6,6,6,9,10,11,6,6,6,5,6,6,6,6,6,6,6,6,6,6,3,3,6,6,6,6,4,4,4,4,4,4,4,4,2,2,2,2,2,2,2,2","0.00084686279296875","leiden","edit-xhwikibooks.graphml"
"0.6","0.22","0.18","0.420329254776422","1,1,2,2,2,3,2,3,3,3,2,2,3,3,3,4,3,2,5,2,6,1,3,3,3,3,3,4,1,3,2,5,2,2,5,5,3,3,6,6,6,6,1,1,1,1,6,1,1,1,6,6,6,6,6,1,1,1,1,6,7,6,6,3,3,6,6,6,6,6,1,6,3,3,6,6,6,6,6,6,6,3,4,4,4,8,6,6,6,6,9,10,11,6,6,6,4,6,6,6,6,6,6,6,6,6,6,2,2,6,6,6,6,5,5,5,5,5,5,5,5,3,3,3,3,3,3,3,3","0.000889062881469727","leiden","edit-xhwikibooks.graphml"
"0.59","0.23","0.18","0.422936476815998","1,1,2,2,2,3,2,3,3,3,2,2,3,3,3,4,3,2,5,2,6,1,3,3,3,3,3,4,1,3,2,5,2,2,5,5,3,3,6,6,6,6,1,1,1,1,6,1,1,1,6,6,6,6,6,1,1,1,1,6,7,6,6,3,3,6,6,6,6,6,1,6,3,3,6,6,6,6,6,6,6,3,4,4,4,8,6,6,6,6,9,10,11,6,6,6,4,6,6,6,6,6,6,6,6,6,6,2,2,6,6,6,6,5,5,5,5,5,5,5,5,3,3,3,3,3,3,3,3","0.000879049301147461","leiden","edit-xhwikibooks.graphml"
"0.58","0.24","0.18","0.42455943699128","1,1,2,2,2,3,2,3,3,3,2,2,3,3,3,4,3,2,5,2,6,1,3,3,3,3,3,4,1,3,2,5,2,2,5,5,3,3,6,6,6,6,1,1,1,1,6,1,1,1,6,6,6,6,6,1,1,1,1,6,7,6,6,3,3,6,6,6,6,6,1,6,3,3,6,6,6,6,6,6,6,3,4,4,4,8,6,6,6,6,9,10,11,6,6,6,4,6,6,6,6,6,6,6,6,6,6,2,2,6,6,6,6,5,5,5,5,5,5,5,5,3,3,3,3,3,3,3,3","0.000906944274902344","leiden","edit-xhwikibooks.graphml"
"0.57","0.25","0.18","0.428819969945436","1,1,2,2,2,3,2,3,3,3,2,2,3,3,3,4,3,2,5,2,6,1,3,3,3,3,3,4,1,3,2,5,2,2,5,5,3,3,6,6,6,6,1,1,1,1,6,1,1,1,6,6,6,6,6,1,1,1,1,6,7,6,6,3,3,6,6,6,6,6,1,6,3,3,6,6,6,6,6,6,6,3,4,4,4,8,6,6,6,6,9,10,11,6,6,6,4,6,6,6,6,6,6,6,6,6,6,2,2,6,6,6,6,5,5,5,5,5,5,5,5,3,3,3,3,3,3,3,3","0.000890970230102539","leiden","edit-xhwikibooks.graphml"
"0.56","0.26","0.18","0.428819969945436","1,1,2,2,2,3,2,3,3,3,2,2,3,3,3,4,3,2,5,2,6,1,3,3,3,3,3,4,1,3,2,5,2,2,5,5,3,3,6,6,6,6,1,1,1,1,6,1,1,1,6,6,6,6,6,1,1,1,1,6,7,6,6,3,3,6,6,6,6,6,1,6,3,3,6,6,6,6,6,6,6,3,4,4,4,8,6,6,6,6,9,10,11,6,6,6,4,6,6,6,6,6,6,6,6,6,6,2,2,6,6,6,6,5,5,5,5,5,5,5,5,3,3,3,3,3,3,3,3","0.000905036926269531","leiden","edit-xhwikibooks.graphml"
"0.55","0.27","0.18","0.425091396638341","1,1,2,2,2,2,2,3,2,2,2,2,3,3,3,2,2,2,4,2,5,1,3,3,3,3,3,2,1,2,2,4,2,2,4,4,3,3,5,5,5,5,1,1,1,1,5,1,1,1,5,5,5,5,5,1,1,1,1,5,6,5,5,3,3,5,5,5,5,5,1,5,3,3,5,5,5,5,5,5,5,3,2,2,2,7,5,5,5,5,8,9,10,5,5,5,2,5,5,5,5,5,5,5,5,5,5,2,2,5,5,5,5,4,4,4,4,4,4,4,4,3,3,3,3,3,3,3,3","0.000924825668334961","leiden","edit-xhwikibooks.graphml"
"0.54","0.28","0.18","0.425612258379372","1,1,2,2,2,3,2,3,3,3,2,2,3,3,3,4,3,2,5,2,6,1,3,3,3,3,3,4,1,3,2,5,2,2,5,5,3,3,6,6,6,6,1,1,1,1,6,1,1,1,6,6,6,6,6,1,1,1,1,6,7,6,6,3,3,6,6,6,6,6,1,6,3,3,6,6,6,6,6,6,6,3,4,4,4,8,6,6,6,6,9,10,11,6,6,6,4,6,6,6,6,6,6,6,6,6,6,2,2,6,6,6,6,5,5,5,5,5,5,5,5,3,3,3,3,3,3,3,3","0.0010068416595459","leiden","edit-xhwikibooks.graphml"
"0.53","0.29","0.18","0.429361059249279","1,1,2,2,2,2,2,3,2,2,2,2,3,3,3,2,2,2,4,2,5,1,3,3,3,3,3,2,1,2,2,4,2,2,4,4,3,3,5,5,5,5,1,1,1,1,5,1,1,1,5,5,5,5,5,1,1,1,1,5,6,5,5,3,3,5,5,5,5,5,1,5,3,3,5,5,5,5,5,5,5,3,2,2,2,7,5,5,5,5,8,9,10,5,5,5,2,5,5,5,5,5,5,5,5,5,5,2,2,5,5,5,5,4,4,4,4,4,4,4,4,3,3,3,3,3,3,3,3","0.00166988372802734","leiden","edit-xhwikibooks.graphml"
"0.52","0.3","0.18","0.428161978298945","1,1,2,2,2,3,2,3,3,3,2,2,3,3,3,4,3,2,5,2,6,1,3,3,3,3,3,4,1,3,2,5,2,2,5,5,3,3,6,6,6,6,1,1,1,1,6,1,1,1,6,6,6,6,6,1,1,1,1,6,7,6,6,3,3,6,6,6,6,6,1,6,3,3,6,6,6,6,6,6,6,3,4,4,4,8,6,6,6,6,9,10,11,6,6,6,4,6,6,6,6,6,6,6,6,6,6,2,2,6,6,6,6,5,5,5,5,5,5,5,5,3,3,3,3,3,3,3,3","0.00142693519592285","leiden","edit-xhwikibooks.graphml"
"0.51","0.31","0.18","0.429754716328383","1,1,2,2,2,3,2,3,3,3,2,2,3,3,3,4,3,2,5,2,6,1,3,3,3,3,3,4,1,3,2,5,2,2,5,5,3,3,6,6,6,6,1,1,1,1,6,1,1,1,6,6,6,6,6,1,1,1,1,6,7,6,6,3,3,6,6,6,6,6,1,6,3,3,6,6,6,6,6,6,6,3,4,4,4,8,6,6,6,6,9,10,11,6,6,6,4,6,6,6,6,6,6,6,6,6,6,2,2,6,6,6,6,5,5,5,5,5,5,5,5,3,3,3,3,3,3,3,3","0.00147008895874023","leiden","edit-xhwikibooks.graphml"
"0.5","0.32","0.18","0.429867956158686","1,1,2,2,2,2,2,3,2,2,2,2,3,3,3,2,2,2,4,2,5,1,3,3,3,3,3,2,1,2,2,4,2,2,4,4,3,3,5,5,5,5,1,1,1,1,5,1,1,1,5,5,5,5,5,1,1,1,1,5,6,5,5,3,3,5,5,5,5,5,1,5,3,3,5,5,5,5,5,5,5,3,2,2,2,7,5,5,5,5,8,9,10,5,5,5,2,5,5,5,5,5,5,5,5,5,5,2,2,5,5,5,5,4,4,4,4,4,4,4,4,3,3,3,3,3,3,3,3","0.00149703025817871","leiden","edit-xhwikibooks.graphml"
"0.49","0.33","0.18","0.429867956158686","1,1,2,2,2,2,2,3,2,2,2,2,3,3,3,2,2,2,4,2,5,1,3,3,3,3,3,2,1,2,2,4,2,2,4,4,3,3,5,5,5,5,1,1,1,1,5,1,1,1,5,5,5,5,5,1,1,1,1,5,6,5,5,3,3,5,5,5,5,5,1,5,3,3,5,5,5,5,5,5,5,3,2,2,2,7,5,5,5,5,8,9,10,5,5,5,2,5,5,5,5,5,5,5,5,5,5,2,2,5,5,5,5,4,4,4,4,4,4,4,4,3,3,3,3,3,3,3,3","0.00161910057067871","leiden","edit-xhwikibooks.graphml"
"0.48","0.34","0.18","0.450594099195988","1,1,2,2,2,2,2,3,2,2,2,2,3,3,3,2,2,2,4,2,5,1,3,3,3,3,3,2,1,2,2,4,2,2,4,4,3,3,5,5,5,5,1,1,1,1,5,1,1,1,5,5,5,5,5,1,1,1,1,5,6,5,5,3,3,5,5,5,5,5,1,5,3,3,5,5,5,5,5,5,5,3,2,2,2,7,5,5,5,5,8,9,10,5,5,5,2,5,5,5,5,5,5,5,5,5,5,2,2,5,5,5,5,4,4,4,4,4,4,4,4,3,3,3,3,3,3,3,3","0.00157308578491211","leiden","edit-xhwikibooks.graphml"
"0.47","0.35","0.18","0.450594099195988","1,1,2,2,2,2,2,3,2,2,2,2,3,3,3,2,2,2,4,2,5,1,3,3,3,3,3,2,1,2,2,4,2,2,4,4,3,3,5,5,5,5,1,1,1,1,5,1,1,1,5,5,5,5,5,1,1,1,1,5,6,5,5,3,3,5,5,5,5,5,1,5,3,3,5,5,5,5,5,5,5,3,2,2,2,7,5,5,5,5,8,9,10,5,5,5,2,5,5,5,5,5,5,5,5,5,5,2,2,5,5,5,5,4,4,4,4,4,4,4,4,3,3,3,3,3,3,3,3","0.00161194801330566","leiden","edit-xhwikibooks.graphml"
"0.46","0.36","0.18","0.450051650289745","1,1,2,2,2,2,2,3,2,2,2,2,3,3,3,2,2,2,4,2,5,1,3,3,3,3,3,2,1,2,2,4,2,2,4,4,3,3,5,5,5,5,1,1,1,1,5,1,1,1,5,5,5,5,5,1,1,1,1,5,6,5,5,3,3,5,5,5,5,5,1,5,3,3,5,5,5,5,5,5,5,3,2,2,2,7,5,5,5,5,8,9,10,5,5,5,2,5,5,5,5,5,5,5,5,5,5,2,2,5,5,5,5,4,4,4,4,4,4,4,4,3,3,3,3,3,3,3,3","0.00152587890625","leiden","edit-xhwikibooks.graphml"
"0.45","0.37","0.18","0.43851146532656","1,1,2,2,2,3,2,3,3,3,2,2,3,3,3,4,5,2,6,2,7,1,3,3,3,3,3,4,1,8,9,6,2,2,6,6,3,3,7,7,7,7,1,1,1,1,7,1,1,1,7,7,7,7,7,1,1,1,1,7,10,7,7,11,12,7,7,7,7,7,1,7,3,3,7,7,7,7,7,7,7,13,4,4,4,14,7,7,7,7,15,16,17,7,7,7,18,7,7,7,7,7,7,7,7,7,7,19,20,7,7,7,7,6,6,6,6,6,6,6,6,3,3,3,3,3,3,3,3","0.00152492523193359","leiden","edit-xhwikibooks.graphml"
"0.44","0.38","0.18","0.438329059873244","1,1,2,2,2,2,2,3,2,2,2,2,3,3,3,2,4,2,5,2,6,1,3,3,3,3,3,2,1,7,8,5,2,2,5,5,3,3,6,6,6,6,1,1,1,1,6,1,1,1,6,6,6,6,6,1,1,1,1,6,9,6,6,10,11,6,6,6,6,6,1,6,3,3,6,6,6,6,6,6,6,12,2,2,2,13,6,6,6,6,14,15,16,6,6,6,17,6,6,6,6,6,6,6,6,6,6,18,19,6,6,6,6,5,5,5,5,5,5,5,5,3,3,3,3,3,3,3,3","0.00163412094116211","leiden","edit-xhwikibooks.graphml"
"0.43","0.39","0.18","0.4398602011187","1,1,2,2,2,2,2,3,2,2,2,2,3,3,3,2,4,2,5,2,6,1,3,3,3,3,3,2,1,7,8,5,2,2,5,5,3,3,6,6,6,6,1,1,1,1,6,1,1,1,6,6,6,6,6,1,1,1,1,6,9,6,6,10,11,6,6,6,6,6,1,6,3,3,6,6,6,6,6,6,6,12,2,2,2,13,6,6,6,6,14,15,16,6,6,6,17,6,6,6,6,6,6,6,6,6,6,18,19,6,6,6,6,5,5,5,5,5,5,5,5,3,3,3,3,3,3,3,3","0.00163817405700684","leiden","edit-xhwikibooks.graphml"
"0.42","0.4","0.18","0.442381008278129","1,1,2,2,2,2,2,3,2,2,2,2,3,3,3,2,4,2,5,2,6,1,3,3,3,3,3,2,1,7,8,5,2,2,5,5,3,3,6,6,6,6,1,1,1,1,6,1,1,1,6,6,6,6,6,1,1,1,1,6,9,6,6,10,11,6,6,6,6,6,1,6,3,3,6,6,6,6,6,6,6,12,2,2,2,13,6,6,6,6,14,15,16,6,6,6,17,6,6,6,6,6,6,6,6,6,6,18,19,6,6,6,6,5,5,5,5,5,5,5,5,3,3,3,3,3,3,3,3","0.00168490409851074","leiden","edit-xhwikibooks.graphml"
"0.41","0.41","0.18","0.44182343394339","1,1,2,2,2,3,2,3,3,3,2,2,3,3,3,4,5,2,6,2,7,1,3,3,3,3,3,4,1,8,9,6,2,2,6,6,3,3,7,7,7,7,1,1,1,1,7,1,1,1,7,7,7,7,7,1,1,1,1,7,10,7,7,11,12,7,7,7,7,7,1,7,3,3,7,7,7,7,7,7,7,13,4,4,4,14,7,7,7,7,15,16,17,7,7,7,18,7,7,7,7,7,7,7,7,7,7,19,20,7,7,7,7,6,6,6,6,6,6,6,6,3,3,3,3,3,3,3,3","0.00153017044067383","leiden","edit-xhwikibooks.graphml"
"0.4","0.42","0.18","0.44184097331919","1,1,2,2,2,2,2,3,2,2,2,2,3,3,3,2,4,2,5,2,6,1,3,3,3,3,3,2,1,7,8,5,2,2,5,5,3,3,6,6,6,6,1,1,1,1,6,1,1,1,6,6,6,6,6,1,1,1,1,6,9,6,6,10,11,6,6,6,6,6,1,6,3,3,6,6,6,6,6,6,6,12,2,2,2,13,6,6,6,6,14,15,16,6,6,6,17,6,6,6,6,6,6,6,6,6,6,18,19,6,6,6,6,5,5,5,5,5,5,5,5,3,3,3,3,3,3,3,3","0.00127196311950684","leiden","edit-xhwikibooks.graphml"
"0.39","0.43","0.18","0.444170346349342","1,1,2,2,2,3,2,3,3,3,2,2,3,3,3,4,5,2,6,2,7,1,3,3,3,3,3,4,1,8,9,6,2,2,6,6,3,3,7,7,7,7,1,1,1,1,7,1,1,1,7,7,7,7,7,1,1,1,1,7,10,7,7,11,12,7,7,7,7,7,1,7,3,3,7,7,7,7,7,7,7,13,4,4,4,14,7,7,7,7,15,16,17,7,7,7,18,7,7,7,7,7,7,7,7,7,7,19,20,7,7,7,7,6,6,6,6,6,6,6,6,3,3,3,3,3,3,3,3","0.000926017761230469","leiden","edit-xhwikibooks.graphml"
"0.38","0.44","0.18","0.44363315696649","1,1,2,2,2,3,2,3,3,3,2,2,3,3,3,4,5,2,6,2,7,1,3,3,3,3,3,4,1,8,9,6,2,2,6,6,3,3,7,7,7,7,1,1,1,1,7,1,1,1,7,7,7,7,7,1,1,1,1,7,10,7,7,11,12,7,7,7,7,7,1,7,3,3,7,7,7,7,7,7,7,13,4,4,4,14,7,7,7,7,15,16,17,7,7,7,18,7,7,7,7,7,7,7,7,7,7,19,20,7,7,7,7,6,6,6,6,6,6,6,6,3,3,3,3,3,3,3,3","0.000863790512084961","leiden","edit-xhwikibooks.graphml"
"0.37","0.45","0.18","0.427514804481667","1,1,2,2,2,3,2,3,3,3,2,2,3,3,3,4,5,2,6,2,7,1,3,3,3,3,3,4,1,8,9,6,2,2,6,6,3,3,7,7,7,7,1,1,1,1,7,1,1,1,7,7,7,7,7,1,1,1,1,7,10,7,7,11,12,7,7,7,7,7,1,7,3,3,7,7,7,7,7,7,7,13,4,4,4,14,7,7,7,7,15,16,17,7,7,7,18,7,7,7,7,7,7,7,7,7,7,19,20,7,7,7,7,6,6,6,6,6,6,6,6,3,3,3,3,3,3,3,3","0.00118207931518555","leiden","edit-xhwikibooks.graphml"
"0.36","0.46","0.18","0.426979708636837","1,1,2,2,2,3,2,3,3,3,2,2,3,3,3,4,5,2,6,2,7,1,3,3,3,3,3,4,1,8,9,6,2,2,6,6,3,3,7,7,7,7,1,1,1,1,7,1,1,1,7,7,7,7,7,1,1,1,1,7,10,7,7,11,12,7,7,7,7,7,1,7,3,3,7,7,7,7,7,7,7,13,4,4,4,14,7,7,7,7,15,16,17,7,7,7,18,7,7,7,7,7,7,7,7,7,7,19,20,7,7,7,7,6,6,6,6,6,6,6,6,3,3,3,3,3,3,3,3","0.000962018966674805","leiden","edit-xhwikibooks.graphml"
"0.35","0.47","0.18","0.454834026465028","1,1,2,2,2,2,2,3,2,2,2,2,3,3,3,2,4,2,5,2,6,1,3,3,3,3,3,2,1,7,8,5,2,2,5,5,3,3,6,6,6,6,1,1,1,1,6,1,1,1,6,6,6,6,6,1,1,1,1,6,9,6,6,10,11,6,6,6,6,6,1,6,3,3,6,6,6,6,6,6,6,12,2,2,2,13,6,6,6,6,14,15,16,6,6,6,17,6,6,6,6,6,6,6,6,6,6,18,19,6,6,6,6,5,5,5,5,5,5,5,5,3,3,3,3,3,3,3,3","0.000929117202758789","leiden","edit-xhwikibooks.graphml"
"0.34","0.48","0.18","0.453905647183642","1,1,2,2,2,3,2,3,3,3,2,2,3,3,3,4,5,2,6,2,7,1,3,3,3,3,3,4,1,8,9,6,2,2,6,6,3,3,7,7,7,7,1,1,1,1,7,1,1,1,7,7,7,7,7,1,1,1,1,7,10,7,7,11,12,7,7,7,7,7,1,7,3,3,7,7,7,7,7,7,7,13,4,4,4,14,7,7,7,7,15,16,17,7,7,7,18,7,7,7,7,7,7,7,7,7,7,19,20,7,7,7,7,6,6,6,6,6,6,6,6,3,3,3,3,3,3,3,3","0.000912904739379883","leiden","edit-xhwikibooks.graphml"
"0.33","0.49","0.18","0.453905647183642","1,1,2,2,2,3,2,3,3,3,2,2,3,3,3,4,5,2,6,2,7,1,3,3,3,3,3,4,1,8,9,6,2,2,6,6,3,3,7,7,7,7,1,1,1,1,7,1,1,1,7,7,7,7,7,1,1,1,1,7,10,7,7,11,12,7,7,7,7,7,1,7,3,3,7,7,7,7,7,7,7,13,4,4,4,14,7,7,7,7,15,16,17,7,7,7,18,7,7,7,7,7,7,7,7,7,7,19,20,7,7,7,7,6,6,6,6,6,6,6,6,3,3,3,3,3,3,3,3","0.000874996185302734","leiden","edit-xhwikibooks.graphml"
"0.32","0.5","0.18","0.513280486255351","1,1,2,3,2,3,2,4,3,3,2,2,4,4,4,3,5,2,6,2,7,1,4,4,4,4,4,3,1,8,9,6,2,2,6,6,4,4,7,7,7,7,1,1,1,1,7,1,1,1,7,7,7,7,7,1,1,1,1,7,10,7,7,11,12,7,7,7,7,7,1,7,4,4,7,7,7,7,7,7,7,13,3,3,3,14,7,7,7,7,15,16,17,7,7,7,18,7,7,7,7,7,7,7,7,7,7,19,20,7,7,7,7,6,6,6,6,6,6,6,6,4,4,4,4,4,4,4,4","0.000978946685791016","leiden","edit-xhwikibooks.graphml"
"0.31","0.51","0.18","0.513280486255351","1,1,2,3,2,3,2,4,3,3,2,2,4,4,4,3,5,2,6,2,7,1,4,4,4,4,4,3,1,8,9,6,2,2,6,6,4,4,7,7,7,7,1,1,1,1,7,1,1,1,7,7,7,7,7,1,1,1,1,7,10,7,7,11,12,7,7,7,7,7,1,7,4,4,7,7,7,7,7,7,7,13,3,3,3,14,7,7,7,7,15,16,17,7,7,7,18,7,7,7,7,7,7,7,7,7,7,19,20,7,7,7,7,6,6,6,6,6,6,6,6,4,4,4,4,4,4,4,4","0.00100398063659668","leiden","edit-xhwikibooks.graphml"
"0.3","0.52","0.18","0.504976180118622","1,1,2,3,2,3,2,4,3,3,2,2,4,4,4,3,5,2,6,2,7,1,4,4,4,4,4,3,1,8,9,6,2,2,6,6,4,4,7,7,7,7,1,1,1,1,7,1,1,1,7,7,7,7,7,1,1,1,1,7,10,7,7,11,12,7,7,7,7,7,1,7,4,4,7,7,7,7,7,7,7,13,3,3,3,14,7,7,7,7,15,16,17,7,7,7,18,7,7,7,7,7,7,7,7,7,7,19,20,7,7,7,7,6,6,6,6,6,6,6,6,4,4,4,4,4,4,4,4","0.000838994979858398","leiden","edit-xhwikibooks.graphml"
"0.29","0.53","0.18","0.504384956044682","1,1,2,3,2,3,2,4,3,3,2,2,4,4,4,3,5,2,6,2,7,1,4,4,4,4,4,3,1,8,9,6,2,2,6,6,4,4,7,7,7,7,1,1,1,1,7,1,1,1,7,7,7,7,7,1,1,1,1,7,10,7,7,11,12,7,7,7,7,7,1,7,4,4,7,7,7,7,7,7,7,13,3,3,3,14,7,7,7,7,15,16,17,7,7,7,18,7,7,7,7,7,7,7,7,7,7,19,20,7,7,7,7,6,6,6,6,6,6,6,6,4,4,4,4,4,4,4,4","0.000865936279296875","leiden","edit-xhwikibooks.graphml"
"0.28","0.54","0.18","0.505697630291786","1,1,2,3,2,3,2,4,3,3,2,2,4,4,4,3,5,2,6,2,7,1,4,4,4,4,4,3,1,8,9,6,2,2,6,6,4,4,7,7,7,7,1,1,1,1,7,1,1,1,7,7,7,7,7,1,1,1,1,7,10,7,7,11,12,7,7,7,7,7,1,7,4,4,7,7,7,7,7,7,7,13,3,3,3,14,7,7,7,7,15,16,17,7,7,7,18,7,7,7,7,7,7,7,7,7,7,19,20,7,7,7,7,6,6,6,6,6,6,6,6,4,4,4,4,4,4,4,4","0.000847101211547852","leiden","edit-xhwikibooks.graphml"
"0.27","0.55","0.18","0.488941417841693","1,1,1,2,3,2,4,5,2,2,4,6,5,5,5,2,7,8,4,9,10,1,11,5,5,5,5,2,1,12,13,14,9,15,4,4,5,5,10,10,10,10,1,1,1,1,10,1,1,1,10,10,10,10,10,1,1,1,1,10,16,10,10,17,18,10,10,10,10,10,1,10,19,20,10,10,10,10,10,10,10,21,22,23,24,25,10,10,10,10,26,27,28,10,10,10,29,10,10,10,10,10,10,10,10,10,10,30,31,10,10,10,10,4,4,4,4,4,4,4,4,5,5,5,5,5,5,5,5","0.0207891464233398","leiden","edit-xhwikibooks.graphml"
"0.26","0.56","0.18","0.491574346014617","1,1,1,2,3,2,4,5,2,2,4,6,5,5,5,2,7,8,4,9,10,1,11,5,5,5,5,2,1,12,13,14,9,15,4,4,5,5,10,10,10,10,1,1,1,1,10,1,1,1,10,10,10,10,10,1,1,1,1,10,16,10,10,17,18,10,10,10,10,10,1,10,19,20,10,10,10,10,10,10,10,21,22,23,24,25,10,10,10,10,26,27,28,10,10,10,29,10,10,10,10,10,10,10,10,10,10,30,31,10,10,10,10,4,4,4,4,4,4,4,4,5,5,5,5,5,5,5,5","0.00108194351196289","leiden","edit-xhwikibooks.graphml"
"0.25","0.57","0.18","0.49234900895375","1,1,1,2,3,2,4,5,2,2,4,6,5,5,5,2,7,8,4,9,10,1,11,5,5,5,5,2,1,12,13,14,9,15,4,4,5,5,10,10,10,10,1,1,1,1,10,1,1,1,10,10,10,10,10,1,1,1,1,10,16,10,10,17,18,10,10,10,10,10,1,10,19,20,10,10,10,10,10,10,10,21,22,23,24,25,10,10,10,10,26,27,28,10,10,10,29,10,10,10,10,10,10,10,10,10,10,30,31,10,10,10,10,4,4,4,4,4,4,4,4,5,5,5,5,5,5,5,5","0.000919103622436523","leiden","edit-xhwikibooks.graphml"
"0.24","0.58","0.18","0.494936381211224","1,1,1,2,3,2,4,5,2,2,4,6,5,5,5,2,7,8,4,9,10,1,11,5,5,5,5,2,1,12,13,14,9,15,4,4,5,5,10,10,10,10,1,1,1,1,10,1,1,1,10,10,10,10,10,1,1,1,1,10,16,10,10,17,18,10,10,10,10,10,1,10,19,20,10,10,10,10,10,10,10,21,22,23,24,25,10,10,10,10,26,27,28,10,10,10,29,10,10,10,10,10,10,10,10,10,10,30,31,10,10,10,10,4,4,4,4,4,4,4,4,5,5,5,5,5,5,5,5","0.000864982604980469","leiden","edit-xhwikibooks.graphml"
"0.23","0.59","0.18","0.494346949744692","1,1,1,2,3,2,4,5,2,2,4,6,5,5,5,2,7,8,4,9,10,1,11,5,5,5,5,2,1,12,13,14,9,15,4,4,5,5,10,10,10,10,1,1,1,1,10,1,1,1,10,10,10,10,10,1,1,1,1,10,16,10,10,17,18,10,10,10,10,10,1,10,19,20,10,10,10,10,10,10,10,21,22,23,24,25,10,10,10,10,26,27,28,10,10,10,29,10,10,10,10,10,10,10,10,10,10,30,31,10,10,10,10,4,4,4,4,4,4,4,4,5,5,5,5,5,5,5,5","0.000863075256347656","leiden","edit-xhwikibooks.graphml"
"0.22","0.6","0.18","0.497203265837925","1,1,1,2,3,2,4,5,2,2,4,6,5,5,5,2,7,8,4,9,10,1,11,5,5,5,5,2,1,12,13,14,9,15,4,4,5,5,10,10,10,10,1,1,1,1,10,1,1,1,10,10,10,10,10,1,1,1,1,10,16,10,10,17,18,10,10,10,10,10,1,10,19,20,10,10,10,10,10,10,10,21,22,23,24,25,10,10,10,10,26,27,28,10,10,10,29,10,10,10,10,10,10,10,10,10,10,30,31,10,10,10,10,4,4,4,4,4,4,4,4,5,5,5,5,5,5,5,5","0.000855922698974609","leiden","edit-xhwikibooks.graphml"
"0.21","0.61","0.18","0.497945601544844","1,1,1,2,3,2,4,5,2,2,4,6,5,5,5,2,7,8,4,9,10,1,11,5,5,5,5,2,1,12,13,14,9,15,4,4,5,5,10,10,10,10,1,1,1,1,10,1,1,1,10,10,10,10,10,1,1,1,1,10,16,10,10,17,18,10,10,10,10,10,1,10,19,20,10,10,10,10,10,10,10,21,22,23,24,25,10,10,10,10,26,27,28,10,10,10,29,10,10,10,10,10,10,10,10,10,10,30,31,10,10,10,10,4,4,4,4,4,4,4,4,5,5,5,5,5,5,5,5","0.000873088836669922","leiden","edit-xhwikibooks.graphml"
"0.2","0.62","0.18","0.497956211736994","1,1,1,2,3,2,4,5,2,2,4,6,5,5,5,2,7,8,4,9,10,1,11,5,5,5,5,2,1,12,13,14,9,15,4,4,5,5,10,10,10,10,1,1,1,1,10,1,1,1,10,10,10,10,10,1,1,1,1,10,16,10,10,17,18,10,10,10,10,10,1,10,19,20,10,10,10,10,10,10,10,21,22,23,24,25,10,10,10,10,26,27,28,10,10,10,29,10,10,10,10,10,10,10,10,10,10,30,31,10,10,10,10,4,4,4,4,4,4,4,4,5,5,5,5,5,5,5,5","0.00108098983764648","leiden","edit-xhwikibooks.graphml"
"0.19","0.63","0.18","0.497369290766078","1,1,1,2,3,2,4,5,2,2,4,6,5,5,5,2,7,8,4,9,10,1,11,5,5,5,5,2,1,12,13,14,9,15,4,4,5,5,10,10,10,10,1,1,1,1,10,1,1,1,10,10,10,10,10,1,1,1,1,10,16,10,10,17,18,10,10,10,10,10,1,10,19,20,10,10,10,10,10,10,10,21,22,23,24,25,10,10,10,10,26,27,28,10,10,10,29,10,10,10,10,10,10,10,10,10,10,30,31,10,10,10,10,4,4,4,4,4,4,4,4,5,5,5,5,5,5,5,5","0.0015108585357666","leiden","edit-xhwikibooks.graphml"
"0.18","0.64","0.18","0.498683641845168","1,1,1,2,3,2,4,5,2,2,4,6,5,5,5,2,7,8,4,9,10,1,11,5,5,5,5,2,1,12,13,14,9,15,4,4,5,5,10,10,10,10,1,1,1,1,10,1,1,1,10,10,10,10,10,1,1,1,1,10,16,10,10,17,18,10,10,10,10,10,1,10,19,20,10,10,10,10,10,10,10,21,22,23,24,25,10,10,10,10,26,27,28,10,10,10,29,10,10,10,10,10,10,10,10,10,10,30,31,10,10,10,10,4,4,4,4,4,4,4,4,5,5,5,5,5,5,5,5","0.00153207778930664","leiden","edit-xhwikibooks.graphml"
"0.17","0.65","0.18","0.498683641845168","1,1,1,2,3,2,4,5,2,2,4,6,5,5,5,2,7,8,4,9,10,1,11,5,5,5,5,2,1,12,13,14,9,15,4,4,5,5,10,10,10,10,1,1,1,1,10,1,1,1,10,10,10,10,10,1,1,1,1,10,16,10,10,17,18,10,10,10,10,10,1,10,19,20,10,10,10,10,10,10,10,21,22,23,24,25,10,10,10,10,26,27,28,10,10,10,29,10,10,10,10,10,10,10,10,10,10,30,31,10,10,10,10,4,4,4,4,4,4,4,4,5,5,5,5,5,5,5,5","0.00167012214660645","leiden","edit-xhwikibooks.graphml"
"0.16","0.66","0.18","0.498683641845168","1,1,1,2,3,2,4,5,2,2,4,6,5,5,5,2,7,8,4,9,10,1,11,5,5,5,5,2,1,12,13,14,9,15,4,4,5,5,10,10,10,10,1,1,1,1,10,1,1,1,10,10,10,10,10,1,1,1,1,10,16,10,10,17,18,10,10,10,10,10,1,10,19,20,10,10,10,10,10,10,10,21,22,23,24,25,10,10,10,10,26,27,28,10,10,10,29,10,10,10,10,10,10,10,10,10,10,30,31,10,10,10,10,4,4,4,4,4,4,4,4,5,5,5,5,5,5,5,5","0.00154399871826172","leiden","edit-xhwikibooks.graphml"
"0.15","0.67","0.18","0.516450631779607","1,1,1,2,3,2,4,5,2,2,4,6,5,5,5,2,7,8,9,10,11,1,12,5,5,5,5,2,1,13,14,15,10,16,9,9,17,5,11,11,11,11,1,1,1,1,11,1,1,1,11,11,11,11,11,1,1,1,1,11,18,11,11,19,20,11,11,11,11,11,1,11,21,22,11,11,11,11,11,11,11,23,24,25,26,27,11,11,11,11,28,29,30,11,11,11,31,11,11,11,11,11,11,11,11,11,11,32,33,11,11,11,11,9,9,9,9,9,9,9,9,17,17,17,17,17,17,17,17","0.00160312652587891","leiden","edit-xhwikibooks.graphml"
"0.14","0.68","0.18","0.516450631779607","1,1,1,2,3,2,4,5,2,2,4,6,5,5,5,2,7,8,9,10,11,1,12,5,5,5,5,2,1,13,14,15,10,16,9,9,17,5,11,11,11,11,1,1,1,1,11,1,1,1,11,11,11,11,11,1,1,1,1,11,18,11,11,19,20,11,11,11,11,11,1,11,21,22,11,11,11,11,11,11,11,23,24,25,26,27,11,11,11,11,28,29,30,11,11,11,31,11,11,11,11,11,11,11,11,11,11,32,33,11,11,11,11,9,9,9,9,9,9,9,9,17,17,17,17,17,17,17,17","0.0016639232635498","leiden","edit-xhwikibooks.graphml"
"0.13","0.69","0.18","0.515861590690595","1,1,1,2,3,2,4,5,2,2,4,7,5,5,5,2,8,9,10,11,12,1,13,5,5,5,5,2,1,14,15,16,11,17,10,10,6,5,12,12,12,12,1,1,1,1,12,1,1,1,12,12,12,12,12,1,1,1,1,12,18,12,12,19,20,12,12,12,12,12,1,12,21,22,12,12,12,12,12,12,12,23,24,25,26,27,12,12,12,12,28,29,30,12,12,12,31,12,12,12,12,12,12,12,12,12,12,32,33,12,12,12,12,10,10,10,10,10,10,10,10,6,6,6,6,6,6,6,6","0.0016939640045166","leiden","edit-xhwikibooks.graphml"
"0.12","0.7","0.18","0.517078083002029","1,1,1,2,3,2,4,5,2,2,4,6,5,5,5,2,7,8,9,10,11,1,12,5,5,5,5,2,1,13,14,15,10,16,9,9,17,5,11,11,11,11,1,1,1,1,11,1,1,1,11,11,11,11,11,1,1,1,1,11,18,11,11,19,20,11,11,11,11,11,1,11,21,22,11,11,11,11,11,11,11,23,24,25,26,27,11,11,11,11,28,29,30,11,11,11,31,11,11,11,11,11,11,11,11,11,11,32,33,11,11,11,11,9,9,9,9,9,9,9,9,17,17,17,17,17,17,17,17","0.0015711784362793","leiden","edit-xhwikibooks.graphml"
"0.11","0.71","0.18","0.516490610912637","1,1,1,2,3,2,4,5,2,2,4,6,5,5,5,2,7,8,9,10,11,1,12,5,5,5,5,2,1,13,14,15,10,16,9,9,17,5,11,11,11,11,1,1,1,1,11,1,1,1,11,11,11,11,11,1,1,1,1,11,18,11,11,19,20,11,11,11,11,11,1,11,21,22,11,11,11,11,11,11,11,23,24,25,26,27,11,11,11,11,28,29,30,11,11,11,31,11,11,11,11,11,11,11,11,11,11,32,33,11,11,11,11,9,9,9,9,9,9,9,9,17,17,17,17,17,17,17,17","0.00158309936523438","leiden","edit-xhwikibooks.graphml"
"0.1","0.72","0.18","0.51628694573597","1,1,1,2,3,2,4,5,2,2,6,7,5,5,5,2,8,9,10,11,12,1,13,5,5,5,5,2,1,14,15,16,17,18,10,10,19,5,12,12,12,12,1,1,1,1,12,1,1,1,12,12,12,12,12,1,1,1,1,12,20,12,12,21,22,12,12,12,12,12,1,12,23,24,12,12,12,12,12,12,12,25,26,27,28,29,12,12,12,12,30,31,32,12,12,12,33,12,12,12,12,12,12,12,12,12,12,34,35,12,12,12,12,10,10,10,10,10,10,10,10,19,19,19,19,19,19,19,19","0.00171709060668945","leiden","edit-xhwikibooks.graphml"
"0.09","0.73","0.18","0.515699479545024","1,1,1,2,3,2,4,5,2,2,6,7,5,5,5,2,8,9,10,11,12,1,13,5,5,5,5,2,1,14,15,16,17,18,10,10,19,5,12,12,12,12,1,1,1,1,12,1,1,1,12,12,12,12,12,1,1,1,1,12,20,12,12,21,22,12,12,12,12,12,1,12,23,24,12,12,12,12,12,12,12,25,26,27,28,29,12,12,12,12,30,31,32,12,12,12,33,12,12,12,12,12,12,12,12,12,12,34,35,12,12,12,12,10,10,10,10,10,10,10,10,19,19,19,19,19,19,19,19","0.00160312652587891","leiden","edit-xhwikibooks.graphml"
"0.08","0.74","0.18","0.515699479545024","1,1,1,2,3,2,4,5,2,2,6,7,5,5,5,2,8,9,10,11,12,1,13,5,5,5,5,2,1,14,15,16,17,18,10,10,19,5,12,12,12,12,1,1,1,1,12,1,1,1,12,12,12,12,12,1,1,1,1,12,20,12,12,21,22,12,12,12,12,12,1,12,23,24,12,12,12,12,12,12,12,25,26,27,28,29,12,12,12,12,30,31,32,12,12,12,33,12,12,12,12,12,12,12,12,12,12,34,35,12,12,12,12,10,10,10,10,10,10,10,10,19,19,19,19,19,19,19,19","0.00161600112915039","leiden","edit-xhwikibooks.graphml"
"0.07","0.75","0.18","0.519004088010141","1,1,1,2,3,2,4,5,2,2,6,7,5,5,5,2,8,9,10,11,12,1,13,5,5,5,5,2,1,14,15,16,17,18,10,10,19,5,12,12,12,12,1,1,1,1,12,1,1,1,12,12,12,12,12,1,1,1,1,12,20,12,12,21,22,12,12,12,12,12,1,12,23,24,12,12,12,12,12,12,12,25,26,27,28,29,12,12,12,12,30,31,32,12,12,12,33,12,12,12,12,12,12,12,12,12,12,34,35,12,12,12,12,10,10,10,10,10,10,10,10,19,19,19,19,19,19,19,19","0.00162696838378906","leiden","edit-xhwikibooks.graphml"
"0.06","0.76","0.18","0.519004088010141","1,1,1,2,3,2,4,5,2,2,6,7,5,5,5,2,8,9,10,11,12,1,13,5,5,5,5,2,1,14,15,16,17,18,10,10,19,5,12,12,12,12,1,1,1,1,12,1,1,1,12,12,12,12,12,1,1,1,1,12,20,12,12,21,22,12,12,12,12,12,1,12,23,24,12,12,12,12,12,12,12,25,26,27,28,29,12,12,12,12,30,31,32,12,12,12,33,12,12,12,12,12,12,12,12,12,12,34,35,12,12,12,12,10,10,10,10,10,10,10,10,19,19,19,19,19,19,19,19","0.000936031341552734","leiden","edit-xhwikibooks.graphml"
"0.05","0.77","0.18","0.521385498046875","1,1,1,2,3,2,4,5,2,2,6,7,5,5,5,2,8,9,10,11,12,1,13,5,5,5,5,2,1,14,15,16,17,18,10,10,19,5,12,12,12,12,1,1,1,1,12,1,1,1,12,12,12,12,12,1,1,1,1,12,20,12,12,21,22,12,12,12,12,12,1,12,23,24,12,12,12,12,12,12,12,25,26,27,28,29,12,12,12,12,30,31,32,12,12,12,33,12,12,12,12,12,12,12,12,12,12,34,35,12,12,12,12,10,10,10,10,10,10,10,10,19,19,19,19,19,19,19,19","0.000931024551391602","leiden","edit-xhwikibooks.graphml"
"0.04","0.78","0.18","0.523277357062177","1,1,1,2,3,2,4,5,2,2,6,7,5,5,5,2,8,9,10,11,12,1,13,5,5,5,5,2,1,14,15,16,17,18,10,10,19,5,12,12,12,12,1,1,1,1,12,1,1,1,12,12,12,12,12,1,1,1,1,12,20,12,12,21,22,12,12,12,12,12,1,12,23,24,12,12,12,12,12,12,12,25,26,27,28,29,12,12,12,12,30,31,32,12,12,12,33,12,12,12,12,12,12,12,12,12,12,34,35,12,12,12,12,10,10,10,10,10,10,10,10,19,19,19,19,19,19,19,19","0.000916957855224609","leiden","edit-xhwikibooks.graphml"
"0.03","0.79","0.18","0.523277357062177","1,1,1,2,3,2,4,5,2,2,6,7,5,5,5,2,8,9,10,11,12,1,13,5,5,5,5,2,1,14,15,16,17,18,10,10,19,5,12,12,12,12,1,1,1,1,12,1,1,1,12,12,12,12,12,1,1,1,1,12,20,12,12,21,22,12,12,12,12,12,1,12,23,24,12,12,12,12,12,12,12,25,26,27,28,29,12,12,12,12,30,31,32,12,12,12,33,12,12,12,12,12,12,12,12,12,12,34,35,12,12,12,12,10,10,10,10,10,10,10,10,19,19,19,19,19,19,19,19","0.000936985015869141","leiden","edit-xhwikibooks.graphml"
"0.02","0.8","0.18","0.525253045653653","1,1,1,2,3,2,4,5,2,2,6,7,5,5,5,2,8,9,10,11,12,1,13,5,5,5,5,2,1,14,15,16,17,18,10,10,19,5,12,12,12,12,1,1,1,1,12,1,1,1,12,12,12,12,12,1,1,1,1,12,20,12,12,21,22,12,12,12,12,12,1,12,23,24,12,12,12,12,12,12,12,25,26,27,28,29,12,12,12,12,30,31,32,12,12,12,33,12,12,12,12,12,12,12,12,12,12,34,35,12,12,12,12,10,10,10,10,10,10,10,10,19,19,19,19,19,19,19,19","0.000950098037719727","leiden","edit-xhwikibooks.graphml"
"0.01","0.81","0.18","0.521734240498828","1,1,1,2,3,2,4,5,2,2,6,7,5,5,5,2,8,9,10,11,12,1,13,5,5,5,5,2,1,14,15,16,17,18,10,10,19,5,12,12,12,12,1,1,1,1,12,1,1,1,12,12,12,12,12,1,1,1,1,12,20,12,12,21,22,12,12,12,12,12,1,12,23,24,12,12,12,12,12,12,12,25,26,27,28,29,12,12,12,12,30,31,32,12,12,12,33,12,12,12,12,12,12,12,12,12,12,34,35,12,12,12,12,10,10,10,10,10,10,10,10,19,19,19,19,19,19,19,19","0.000958919525146484","leiden","edit-xhwikibooks.graphml"
"0","0.82","0.18","0.523545248831409","1,1,1,2,1,2,3,4,2,2,6,7,4,4,4,2,8,9,10,11,12,1,13,4,4,4,4,2,1,14,15,16,17,18,10,10,5,4,12,12,12,12,1,1,1,1,12,1,1,1,12,12,12,12,12,1,1,1,1,12,19,12,12,20,21,12,12,12,12,12,1,12,22,23,12,12,12,12,12,12,12,24,25,26,27,28,12,12,12,12,29,30,31,12,12,12,32,12,12,12,12,12,12,12,12,12,12,33,34,12,12,12,12,10,10,10,10,10,10,10,10,5,5,5,5,5,5,5,5","0.00119900703430176","leiden","edit-xhwikibooks.graphml"
"0.81","0","0.19","0.45015687829491","1,1,2,2,2,3,2,3,3,3,2,2,3,3,3,3,3,2,4,2,5,1,3,3,3,3,3,3,1,3,2,4,2,2,4,4,3,3,5,5,5,5,1,1,1,1,5,1,1,1,5,5,5,5,5,1,1,1,1,5,3,5,5,3,3,5,5,5,5,5,1,5,3,3,5,5,5,5,5,5,5,3,3,3,3,1,5,5,5,5,3,2,4,5,5,5,3,5,5,5,5,5,5,5,5,5,5,2,2,5,5,5,5,4,4,4,4,4,4,4,4,3,3,3,3,3,3,3,3","0.000804901123046875","leiden","edit-xhwikibooks.graphml"
"0.8","0.01","0.19","0.45015687829491","1,1,2,2,2,3,2,3,3,3,2,2,3,3,3,3,3,2,4,2,5,1,3,3,3,3,3,3,1,3,2,4,2,2,4,4,3,3,5,5,5,5,1,1,1,1,5,1,1,1,5,5,5,5,5,1,1,1,1,5,3,5,5,3,3,5,5,5,5,5,1,5,3,3,5,5,5,5,5,5,5,3,3,3,3,1,5,5,5,5,3,2,4,5,5,5,3,5,5,5,5,5,5,5,5,5,5,2,2,5,5,5,5,4,4,4,4,4,4,4,4,3,3,3,3,3,3,3,3","0.000797033309936523","leiden","edit-xhwikibooks.graphml"
"0.79","0.02","0.19","0.45015687829491","1,1,2,2,2,3,2,3,3,3,2,2,3,3,3,3,3,2,4,2,5,1,3,3,3,3,3,3,1,3,2,4,2,2,4,4,3,3,5,5,5,5,1,1,1,1,5,1,1,1,5,5,5,5,5,1,1,1,1,5,3,5,5,3,3,5,5,5,5,5,1,5,3,3,5,5,5,5,5,5,5,3,3,3,3,1,5,5,5,5,3,2,4,5,5,5,3,5,5,5,5,5,5,5,5,5,5,2,2,5,5,5,5,4,4,4,4,4,4,4,4,3,3,3,3,3,3,3,3","0.000782966613769531","leiden","edit-xhwikibooks.graphml"
"0.78","0.03","0.19","0.449612197476896","1,1,2,2,2,3,2,3,3,3,2,2,3,3,3,3,3,2,4,2,5,1,3,3,3,3,3,3,1,3,2,4,2,2,4,4,3,3,5,5,5,5,1,1,1,1,5,1,1,1,5,5,5,5,5,1,1,1,1,5,3,5,5,3,3,5,5,5,5,5,1,5,3,3,5,5,5,5,5,5,5,3,3,3,3,1,5,5,5,5,3,2,4,5,5,5,3,5,5,5,5,5,5,5,5,5,5,2,2,5,5,5,5,4,4,4,4,4,4,4,4,3,3,3,3,3,3,3,3","0.000795841217041016","leiden","edit-xhwikibooks.graphml"
"0.77","0.04","0.19","0.449612197476896","1,1,2,2,2,3,2,3,3,3,2,2,3,3,3,3,3,2,4,2,5,1,3,3,3,3,3,3,1,3,2,4,2,2,4,4,3,3,5,5,5,5,1,1,1,1,5,1,1,1,5,5,5,5,5,1,1,1,1,5,3,5,5,3,3,5,5,5,5,5,1,5,3,3,5,5,5,5,5,5,5,3,3,3,3,1,5,5,5,5,3,2,4,5,5,5,3,5,5,5,5,5,5,5,5,5,5,2,2,5,5,5,5,4,4,4,4,4,4,4,4,3,3,3,3,3,3,3,3","0.000795125961303711","leiden","edit-xhwikibooks.graphml"
"0.76","0.05","0.19","0.447596260968286","1,1,2,2,2,3,2,3,3,3,2,2,3,3,3,3,3,2,4,2,5,1,3,3,3,3,3,3,1,3,2,4,2,2,4,4,3,3,5,5,5,5,1,1,1,1,5,1,1,1,5,5,5,5,5,1,1,1,1,5,3,5,5,3,3,5,5,5,5,5,1,5,3,3,5,5,5,5,5,5,5,3,3,3,3,1,5,5,5,5,3,2,4,5,5,5,3,5,5,5,5,5,5,5,5,5,5,2,2,5,5,5,5,4,4,4,4,4,4,4,4,3,3,3,3,3,3,3,3","0.000803947448730469","leiden","edit-xhwikibooks.graphml"
"0.75","0.06","0.19","0.447086971745058","1,1,1,1,2,1,2,1,3,1,2,2,1,3,3,1,1,2,4,2,5,6,1,3,3,3,3,1,1,1,2,4,2,2,4,4,3,3,5,5,5,5,6,6,6,6,5,6,6,6,5,5,5,5,5,6,6,6,6,5,1,5,5,3,3,5,5,5,5,5,6,5,3,3,5,5,5,5,5,5,5,3,1,1,1,1,5,5,5,5,1,2,4,5,5,5,1,5,5,5,5,5,5,5,5,5,5,2,2,5,5,5,5,4,4,4,4,4,4,4,4,3,3,3,3,3,3,3,3","0.000787973403930664","leiden","edit-xhwikibooks.graphml"
"0.74","0.07","0.19","0.44705400224734","1,1,2,2,2,3,2,3,3,3,2,2,3,3,3,3,3,2,4,2,5,1,3,3,3,3,3,3,1,3,2,4,2,2,4,4,3,3,5,5,5,5,1,1,1,1,5,1,1,1,5,5,5,5,5,1,1,1,1,5,3,5,5,3,3,5,5,5,5,5,1,5,3,3,5,5,5,5,5,5,5,3,3,3,3,1,5,5,5,5,3,2,4,5,5,5,3,5,5,5,5,5,5,5,5,5,5,2,2,5,5,5,5,4,4,4,4,4,4,4,4,3,3,3,3,3,3,3,3","0.000791072845458984","leiden","edit-xhwikibooks.graphml"
"0.73","0.08","0.19","0.448526311350987","1,1,2,2,2,3,2,3,3,3,2,2,3,3,3,3,3,2,4,2,5,1,3,3,3,3,3,3,1,3,2,4,2,2,4,4,3,3,5,5,5,5,1,1,1,1,5,1,1,1,5,5,5,5,5,1,1,1,1,5,3,5,5,3,3,5,5,5,5,5,1,5,3,3,5,5,5,5,5,5,5,3,3,3,3,1,5,5,5,5,3,2,4,5,5,5,3,5,5,5,5,5,5,5,5,5,5,2,2,5,5,5,5,4,4,4,4,4,4,4,4,3,3,3,3,3,3,3,3","0.000802993774414062","leiden","edit-xhwikibooks.graphml"
"0.72","0.09","0.19","0.447985100698996","1,1,2,2,2,3,2,3,3,3,2,2,3,3,3,3,3,2,4,2,5,1,3,3,3,3,3,3,1,3,2,4,2,2,4,4,3,3,5,5,5,5,1,1,1,1,5,1,1,1,5,5,5,5,5,1,1,1,1,5,3,5,5,3,3,5,5,5,5,5,1,5,3,3,5,5,5,5,5,5,5,3,3,3,3,1,5,5,5,5,3,2,4,5,5,5,3,5,5,5,5,5,5,5,5,5,5,2,2,5,5,5,5,4,4,4,4,4,4,4,4,3,3,3,3,3,3,3,3","0.000803947448730469","leiden","edit-xhwikibooks.graphml"
"0.71","0.1","0.19","0.446597233934896","1,1,2,2,2,3,2,3,3,3,2,2,3,3,3,3,3,2,4,2,5,1,3,3,3,3,3,3,1,3,2,4,2,2,4,4,3,3,5,5,5,5,1,1,1,1,5,1,1,1,5,5,5,5,5,1,1,1,1,5,3,5,5,3,3,5,5,5,5,5,1,5,3,3,5,5,5,5,5,5,5,3,3,3,3,1,5,5,5,5,3,2,4,5,5,5,3,5,5,5,5,5,5,5,5,5,5,2,2,5,5,5,5,4,4,4,4,4,4,4,4,3,3,3,3,3,3,3,3","0.000813007354736328","leiden","edit-xhwikibooks.graphml"
"0.7","0.11","0.19","0.446057017670592","1,1,2,2,2,3,2,3,3,3,2,2,3,3,3,3,3,2,4,2,5,1,3,3,3,3,3,3,1,3,2,4,2,2,4,4,3,3,5,5,5,5,1,1,1,1,5,1,1,1,5,5,5,5,5,1,1,1,1,5,3,5,5,3,3,5,5,5,5,5,1,5,3,3,5,5,5,5,5,5,5,3,3,3,3,1,5,5,5,5,3,2,4,5,5,5,3,5,5,5,5,5,5,5,5,5,5,2,2,5,5,5,5,4,4,4,4,4,4,4,4,3,3,3,3,3,3,3,3","0.00082087516784668","leiden","edit-xhwikibooks.graphml"
"0.69","0.12","0.19","0.450369406867846","1,1,2,2,2,3,2,3,3,3,2,2,3,3,3,3,3,2,4,2,5,1,3,3,3,3,3,3,1,3,2,4,2,2,4,4,3,3,5,5,5,5,1,1,1,1,5,1,1,1,5,5,5,5,5,1,1,1,1,5,3,5,5,3,3,5,5,5,5,5,1,5,3,3,5,5,5,5,5,5,5,3,3,3,3,1,5,5,5,5,3,2,4,5,5,5,3,5,5,5,5,5,5,5,5,5,5,2,2,5,5,5,5,4,4,4,4,4,4,4,4,3,3,3,3,3,3,3,3","0.000894069671630859","leiden","edit-xhwikibooks.graphml"
"0.68","0.13","0.19","0.450369406867846","1,1,2,2,2,3,2,3,3,3,2,2,3,3,3,3,3,2,4,2,5,1,3,3,3,3,3,3,1,3,2,4,2,2,4,4,3,3,5,5,5,5,1,1,1,1,5,1,1,1,5,5,5,5,5,1,1,1,1,5,3,5,5,3,3,5,5,5,5,5,1,5,3,3,5,5,5,5,5,5,5,3,3,3,3,1,5,5,5,5,3,2,4,5,5,5,3,5,5,5,5,5,5,5,5,5,5,2,2,5,5,5,5,4,4,4,4,4,4,4,4,3,3,3,3,3,3,3,3","0.00080108642578125","leiden","edit-xhwikibooks.graphml"
"0.67","0.14","0.19","0.450369406867846","1,1,2,2,2,3,2,3,3,3,2,2,3,3,3,3,3,2,4,2,5,1,3,3,3,3,3,3,1,3,2,4,2,2,4,4,3,3,5,5,5,5,1,1,1,1,5,1,1,1,5,5,5,5,5,1,1,1,1,5,3,5,5,3,3,5,5,5,5,5,1,5,3,3,5,5,5,5,5,5,5,3,3,3,3,1,5,5,5,5,3,2,4,5,5,5,3,5,5,5,5,5,5,5,5,5,5,2,2,5,5,5,5,4,4,4,4,4,4,4,4,3,3,3,3,3,3,3,3","0.000817060470581055","leiden","edit-xhwikibooks.graphml"
"0.66","0.15","0.19","0.448636836628512","1,1,2,2,2,3,2,3,3,3,2,2,3,3,3,4,3,2,5,2,6,1,3,3,3,3,3,4,1,3,2,5,2,2,5,5,3,3,6,6,6,6,1,1,1,1,6,1,1,1,6,6,6,6,6,1,1,1,1,6,3,6,6,3,3,6,6,6,6,6,1,6,3,3,6,6,6,6,6,6,6,3,4,4,4,1,6,6,6,6,3,2,5,6,6,6,4,6,6,6,6,6,6,6,6,6,6,2,2,6,6,6,6,5,5,5,5,5,5,5,5,3,3,3,3,3,3,3,3","0.000810146331787109","leiden","edit-xhwikibooks.graphml"
"0.65","0.16","0.19","0.450081811840546","1,1,2,2,2,3,2,3,3,3,2,2,3,3,3,4,3,2,5,2,6,1,3,3,3,3,3,4,1,3,2,5,2,2,5,5,3,3,6,6,6,6,1,1,1,1,6,1,1,1,6,6,6,6,6,1,1,1,1,6,3,6,6,3,3,6,6,6,6,6,1,6,3,3,6,6,6,6,6,6,6,3,4,4,4,1,6,6,6,6,3,2,5,6,6,6,4,6,6,6,6,6,6,6,6,6,6,2,2,6,6,6,6,5,5,5,5,5,5,5,5,3,3,3,3,3,3,3,3","0.000818014144897461","leiden","edit-xhwikibooks.graphml"
"0.64","0.17","0.19","0.451722756410256","1,1,1,1,2,1,2,1,3,1,2,2,1,3,3,1,1,2,4,2,5,6,1,3,3,3,3,1,1,1,2,4,2,2,4,4,3,3,5,5,5,5,6,6,6,6,5,6,6,6,5,5,5,5,5,6,6,6,6,5,1,5,5,3,3,5,5,5,5,5,6,5,3,3,5,5,5,5,5,5,5,3,1,1,1,1,5,5,5,5,1,2,4,5,5,5,1,5,5,5,5,5,5,5,5,5,5,2,2,5,5,5,5,4,4,4,4,4,4,4,4,3,3,3,3,3,3,3,3","0.00110197067260742","leiden","edit-xhwikibooks.graphml"
"0.63","0.18","0.19","0.451722756410256","1,1,1,1,2,1,2,1,3,1,2,2,1,3,3,1,1,2,4,2,5,6,1,3,3,3,3,1,1,1,2,4,2,2,4,4,3,3,5,5,5,5,6,6,6,6,5,6,6,6,5,5,5,5,5,6,6,6,6,5,1,5,5,3,3,5,5,5,5,5,6,5,3,3,5,5,5,5,5,5,5,3,1,1,1,1,5,5,5,5,1,2,4,5,5,5,1,5,5,5,5,5,5,5,5,5,5,2,2,5,5,5,5,4,4,4,4,4,4,4,4,3,3,3,3,3,3,3,3","0.00084686279296875","leiden","edit-xhwikibooks.graphml"
"0.62","0.19","0.19","0.45117696","1,1,1,1,2,1,2,1,3,1,2,2,1,3,3,1,1,2,4,2,5,6,1,3,3,3,3,1,1,1,2,4,2,2,4,4,3,3,5,5,5,5,6,6,6,6,5,6,6,6,5,5,5,5,5,6,6,6,6,5,1,5,5,3,3,5,5,5,5,5,6,5,3,3,5,5,5,5,5,5,5,3,1,1,1,1,5,5,5,5,1,2,4,5,5,5,1,5,5,5,5,5,5,5,5,5,5,2,2,5,5,5,5,4,4,4,4,4,4,4,4,3,3,3,3,3,3,3,3","0.000831127166748047","leiden","edit-xhwikibooks.graphml"
"0.61","0.2","0.19","0.447356313520332","1,1,2,2,2,3,2,3,3,3,2,2,3,3,3,4,3,2,5,2,6,1,3,3,3,3,3,4,1,3,2,5,2,2,5,5,3,3,6,6,6,6,1,1,1,1,6,1,1,1,6,6,6,6,6,1,1,1,1,6,7,6,6,3,3,6,6,6,6,6,1,6,3,3,6,6,6,6,6,6,6,3,4,4,4,8,6,6,6,6,9,10,11,6,6,6,4,6,6,6,6,6,6,6,6,6,6,2,2,6,6,6,6,5,5,5,5,5,5,5,5,3,3,3,3,3,3,3,3","0.000854969024658203","leiden","edit-xhwikibooks.graphml"
"0.6","0.21","0.19","0.445550319610233","1,1,1,1,1,1,1,1,2,1,1,1,1,2,2,1,1,1,3,1,4,5,1,2,2,2,2,1,1,1,1,3,1,1,3,3,2,2,4,4,4,4,5,5,5,5,4,5,5,5,4,4,4,4,4,5,5,5,5,4,6,4,4,2,2,4,4,4,4,4,5,4,2,2,4,4,4,4,4,4,4,2,1,1,1,7,4,4,4,4,8,9,10,4,4,4,1,4,4,4,4,4,4,4,4,4,4,1,1,4,4,4,4,3,3,3,3,3,3,3,3,2,2,2,2,2,2,2,2","0.000854969024658203","leiden","edit-xhwikibooks.graphml"
"0.59","0.22","0.19","0.445959977224067","1,1,1,1,2,1,2,1,3,1,2,2,1,3,3,1,1,2,4,2,5,6,1,3,3,3,3,1,1,1,2,4,2,2,4,4,3,3,5,5,5,5,6,6,6,6,5,6,6,6,5,5,5,5,5,6,6,6,6,5,7,5,5,3,3,5,5,5,5,5,6,5,3,3,5,5,5,5,5,5,5,3,1,1,1,8,5,5,5,5,9,10,11,5,5,5,1,5,5,5,5,5,5,5,5,5,5,2,2,5,5,5,5,4,4,4,4,4,4,4,4,3,3,3,3,3,3,3,3","0.000825166702270508","leiden","edit-xhwikibooks.graphml"
"0.58","0.23","0.19","0.449131868244037","1,1,2,2,2,3,2,3,3,3,2,2,3,3,3,4,3,2,5,2,6,1,3,3,3,3,3,4,1,3,2,5,2,2,5,5,3,3,6,6,6,6,1,1,1,1,6,1,1,1,6,6,6,6,6,1,1,1,1,6,7,6,6,3,3,6,6,6,6,6,1,6,3,3,6,6,6,6,6,6,6,3,4,4,4,8,6,6,6,6,9,10,11,6,6,6,4,6,6,6,6,6,6,6,6,6,6,2,2,6,6,6,6,5,5,5,5,5,5,5,5,3,3,3,3,3,3,3,3","0.000867128372192383","leiden","edit-xhwikibooks.graphml"
"0.57","0.24","0.19","0.450559485563263","1,1,2,2,2,3,2,3,3,3,2,2,3,3,3,4,3,2,5,2,6,1,3,3,3,3,3,4,1,3,2,5,2,2,5,5,3,3,6,6,6,6,1,1,1,1,6,1,1,1,6,6,6,6,6,1,1,1,1,6,7,6,6,3,3,6,6,6,6,6,1,6,3,3,6,6,6,6,6,6,6,3,4,4,4,8,6,6,6,6,9,10,11,6,6,6,4,6,6,6,6,6,6,6,6,6,6,2,2,6,6,6,6,5,5,5,5,5,5,5,5,3,3,3,3,3,3,3,3","0.00088191032409668","leiden","edit-xhwikibooks.graphml"
"0.56","0.25","0.19","0.453715959122064","1,1,1,1,2,1,2,1,3,1,2,2,1,3,3,1,1,2,4,2,5,6,1,3,3,3,3,1,1,1,2,4,2,2,4,4,3,3,5,5,5,5,6,6,6,6,5,6,6,6,5,5,5,5,5,6,6,6,6,5,7,5,5,3,3,5,5,5,5,5,6,5,3,3,5,5,5,5,5,5,5,3,1,1,1,8,5,5,5,5,9,10,11,5,5,5,1,5,5,5,5,5,5,5,5,5,5,2,2,5,5,5,5,4,4,4,4,4,4,4,4,3,3,3,3,3,3,3,3","0.000951051712036133","leiden","edit-xhwikibooks.graphml"
"0.55","0.26","0.19","0.453715959122064","1,1,1,1,2,1,2,1,3,1,2,2,1,3,3,1,1,2,4,2,5,6,1,3,3,3,3,1,1,1,2,4,2,2,4,4,3,3,5,5,5,5,6,6,6,6,5,6,6,6,5,5,5,5,5,6,6,6,6,5,7,5,5,3,3,5,5,5,5,5,6,5,3,3,5,5,5,5,5,5,5,3,1,1,1,8,5,5,5,5,9,10,11,5,5,5,1,5,5,5,5,5,5,5,5,5,5,2,2,5,5,5,5,4,4,4,4,4,4,4,4,3,3,3,3,3,3,3,3","0.000860929489135742","leiden","edit-xhwikibooks.graphml"
"0.54","0.27","0.19","0.455200488703733","1,1,1,1,2,1,2,1,3,1,2,2,1,3,3,1,1,2,4,2,5,6,1,3,3,3,3,1,1,1,2,4,2,2,4,4,3,3,5,5,5,5,6,6,6,6,5,6,6,6,5,5,5,5,5,6,6,6,6,5,7,5,5,3,3,5,5,5,5,5,6,5,3,3,5,5,5,5,5,5,5,3,1,1,1,8,5,5,5,5,9,10,11,5,5,5,1,5,5,5,5,5,5,5,5,5,5,2,2,5,5,5,5,4,4,4,4,4,4,4,4,3,3,3,3,3,3,3,3","0.000811100006103516","leiden","edit-xhwikibooks.graphml"
"0.53","0.28","0.19","0.455492913456571","1,1,2,2,2,3,2,3,3,3,2,2,3,3,3,4,3,2,5,2,6,1,3,3,3,3,3,4,1,3,2,5,2,2,5,5,3,3,6,6,6,6,1,1,1,1,6,1,1,1,6,6,6,6,6,1,1,1,1,6,7,6,6,3,3,6,6,6,6,6,1,6,3,3,6,6,6,6,6,6,6,3,4,4,4,8,6,6,6,6,9,10,11,6,6,6,4,6,6,6,6,6,6,6,6,6,6,2,2,6,6,6,6,5,5,5,5,5,5,5,5,3,3,3,3,3,3,3,3","0.000844001770019531","leiden","edit-xhwikibooks.graphml"
"0.52","0.29","0.19","0.431931501939619","1,1,2,2,2,3,2,3,3,3,2,2,3,3,3,4,3,2,5,2,6,1,3,3,3,3,3,4,1,3,2,5,2,2,5,5,3,3,6,6,6,6,1,1,1,1,6,1,1,1,6,6,6,6,6,1,1,1,1,6,7,6,6,3,3,6,6,6,6,6,1,6,3,3,6,6,6,6,6,6,6,3,4,4,4,8,6,6,6,6,9,10,11,6,6,6,4,6,6,6,6,6,6,6,6,6,6,2,2,6,6,6,6,5,5,5,5,5,5,5,5,3,3,3,3,3,3,3,3","0.000929832458496094","leiden","edit-xhwikibooks.graphml"
"0.51","0.3","0.19","0.431396756932824","1,1,2,2,2,3,2,3,3,3,2,2,3,3,3,4,3,2,5,2,6,1,3,3,3,3,3,4,1,3,2,5,2,2,5,5,3,3,6,6,6,6,1,1,1,1,6,1,1,1,6,6,6,6,6,1,1,1,1,6,7,6,6,3,3,6,6,6,6,6,1,6,3,3,6,6,6,6,6,6,6,3,4,4,4,8,6,6,6,6,9,10,11,6,6,6,4,6,6,6,6,6,6,6,6,6,6,2,2,6,6,6,6,5,5,5,5,5,5,5,5,3,3,3,3,3,3,3,3","0.000843048095703125","leiden","edit-xhwikibooks.graphml"
"0.5","0.31","0.19","0.432957865962862","1,1,2,2,2,3,2,3,3,3,2,2,3,3,3,4,3,2,5,2,6,1,3,3,3,3,3,4,1,3,2,5,2,2,5,5,3,3,6,6,6,6,1,1,1,1,6,1,1,1,6,6,6,6,6,1,1,1,1,6,7,6,6,3,3,6,6,6,6,6,1,6,3,3,6,6,6,6,6,6,6,3,4,4,4,8,6,6,6,6,9,10,11,6,6,6,4,6,6,6,6,6,6,6,6,6,6,2,2,6,6,6,6,5,5,5,5,5,5,5,5,3,3,3,3,3,3,3,3","0.00082707405090332","leiden","edit-xhwikibooks.graphml"
"0.49","0.32","0.19","0.432423967992567","1,1,2,2,2,3,2,3,3,3,2,2,3,3,3,4,3,2,5,2,6,1,3,3,3,3,3,4,1,3,2,5,2,2,5,5,3,3,6,6,6,6,1,1,1,1,6,1,1,1,6,6,6,6,6,1,1,1,1,6,7,6,6,3,3,6,6,6,6,6,1,6,3,3,6,6,6,6,6,6,6,3,4,4,4,8,6,6,6,6,9,10,11,6,6,6,4,6,6,6,6,6,6,6,6,6,6,2,2,6,6,6,6,5,5,5,5,5,5,5,5,3,3,3,3,3,3,3,3","0.000840187072753906","leiden","edit-xhwikibooks.graphml"
"0.48","0.33","0.19","0.43217864031047","1,1,2,2,2,3,2,3,3,3,2,2,3,3,3,3,3,2,5,2,6,1,3,3,3,3,3,3,1,3,2,5,2,2,5,5,4,3,6,6,6,6,1,1,1,1,6,1,1,1,6,6,6,6,6,1,1,1,1,6,7,6,6,3,3,6,6,6,6,6,1,6,3,3,6,6,6,6,6,6,6,3,3,3,3,8,6,6,6,6,9,10,11,6,6,6,3,6,6,6,6,6,6,6,6,6,6,2,2,6,6,6,6,5,5,5,5,5,5,5,5,4,4,4,4,4,4,4,4","0.000853061676025391","leiden","edit-xhwikibooks.graphml"
"0.47","0.34","0.19","0.449477198286722","1,1,2,2,2,2,2,3,2,2,2,2,3,3,3,2,2,2,4,2,5,1,3,3,3,3,3,2,1,2,2,4,2,2,4,4,3,3,5,5,5,5,1,1,1,1,5,1,1,1,5,5,5,5,5,1,1,1,1,5,6,5,5,3,3,5,5,5,5,5,1,5,3,3,5,5,5,5,5,5,5,3,2,2,2,7,5,5,5,5,8,9,10,5,5,5,2,5,5,5,5,5,5,5,5,5,5,2,2,5,5,5,5,4,4,4,4,4,4,4,4,3,3,3,3,3,3,3,3","0.000899076461791992","leiden","edit-xhwikibooks.graphml"
"0.46","0.35","0.19","0.449477198286722","1,1,2,2,2,2,2,3,2,2,2,2,3,3,3,2,2,2,4,2,5,1,3,3,3,3,3,2,1,2,2,4,2,2,4,4,3,3,5,5,5,5,1,1,1,1,5,1,1,1,5,5,5,5,5,1,1,1,1,5,6,5,5,3,3,5,5,5,5,5,1,5,3,3,5,5,5,5,5,5,5,3,2,2,2,7,5,5,5,5,8,9,10,5,5,5,2,5,5,5,5,5,5,5,5,5,5,2,2,5,5,5,5,4,4,4,4,4,4,4,4,3,3,3,3,3,3,3,3","0.000873088836669922","leiden","edit-xhwikibooks.graphml"
"0.45","0.36","0.19","0.448937741265468","1,1,2,2,2,2,2,3,2,2,2,2,3,3,3,2,2,2,4,2,5,1,3,3,3,3,3,2,1,2,2,4,2,2,4,4,3,3,5,5,5,5,1,1,1,1,5,1,1,1,5,5,5,5,5,1,1,1,1,5,6,5,5,3,3,5,5,5,5,5,1,5,3,3,5,5,5,5,5,5,5,3,2,2,2,7,5,5,5,5,8,9,10,5,5,5,2,5,5,5,5,5,5,5,5,5,5,2,2,5,5,5,5,4,4,4,4,4,4,4,4,3,3,3,3,3,3,3,3","0.000961065292358398","leiden","edit-xhwikibooks.graphml"
"0.44","0.37","0.19","0.450414847380227","1,1,2,2,2,2,2,3,2,2,2,2,3,3,3,2,2,2,4,2,5,1,3,3,3,3,3,2,1,2,2,4,2,2,4,4,3,3,5,5,5,5,1,1,1,1,5,1,1,1,5,5,5,5,5,1,1,1,1,5,6,5,5,3,3,5,5,5,5,5,1,5,3,3,5,5,5,5,5,5,5,3,2,2,2,7,5,5,5,5,8,9,10,5,5,5,2,5,5,5,5,5,5,5,5,5,5,2,2,5,5,5,5,4,4,4,4,4,4,4,4,3,3,3,3,3,3,3,3","0.000919103622436523","leiden","edit-xhwikibooks.graphml"
"0.43","0.38","0.19","0.449876338007782","1,1,2,2,2,2,2,3,2,2,2,2,3,3,3,2,2,2,4,2,5,1,3,3,3,3,3,2,1,2,2,4,2,2,4,4,3,3,5,5,5,5,1,1,1,1,5,1,1,1,5,5,5,5,5,1,1,1,1,5,6,5,5,3,3,5,5,5,5,5,1,5,3,3,5,5,5,5,5,5,5,3,2,2,2,7,5,5,5,5,8,9,10,5,5,5,2,5,5,5,5,5,5,5,5,5,5,2,2,5,5,5,5,4,4,4,4,4,4,4,4,3,3,3,3,3,3,3,3","0.00118899345397949","leiden","edit-xhwikibooks.graphml"
"0.42","0.39","0.19","0.438392453566732","1,1,2,2,2,3,2,3,3,3,2,2,3,3,3,4,5,2,6,2,7,1,3,3,3,3,3,4,1,8,9,6,2,2,6,6,3,3,7,7,7,7,1,1,1,1,7,1,1,1,7,7,7,7,7,1,1,1,1,7,10,7,7,11,12,7,7,7,7,7,1,7,3,3,7,7,7,7,7,7,7,13,4,4,4,14,7,7,7,7,15,16,17,7,7,7,18,7,7,7,7,7,7,7,7,7,7,19,20,7,7,7,7,6,6,6,6,6,6,6,6,3,3,3,3,3,3,3,3","0.000874996185302734","leiden","edit-xhwikibooks.graphml"
"0.41","0.4","0.19","0.441269913946821","1,1,2,2,2,2,2,3,2,2,2,2,3,3,3,2,4,2,5,2,6,1,3,3,3,3,3,2,1,7,8,5,2,2,5,5,3,3,6,6,6,6,1,1,1,1,6,1,1,1,6,6,6,6,6,1,1,1,1,6,9,6,6,10,11,6,6,6,6,6,1,6,3,3,6,6,6,6,6,6,6,12,2,2,2,13,6,6,6,6,14,15,16,6,6,6,17,6,6,6,6,6,6,6,6,6,6,18,19,6,6,6,6,5,5,5,5,5,5,5,5,3,3,3,3,3,3,3,3","0.000927925109863281","leiden","edit-xhwikibooks.graphml"
"0.4","0.41","0.19","0.441269913946821","1,1,2,2,2,2,2,3,2,2,2,2,3,3,3,2,4,2,5,2,6,1,3,3,3,3,3,2,1,7,8,5,2,2,5,5,3,3,6,6,6,6,1,1,1,1,6,1,1,1,6,6,6,6,6,1,1,1,1,6,9,6,6,10,11,6,6,6,6,6,1,6,3,3,6,6,6,6,6,6,6,12,2,2,2,13,6,6,6,6,14,15,16,6,6,6,17,6,6,6,6,6,6,6,6,6,6,18,19,6,6,6,6,5,5,5,5,5,5,5,5,3,3,3,3,3,3,3,3","0.00120997428894043","leiden","edit-xhwikibooks.graphml"
"0.39","0.42","0.19","0.440732889772405","1,1,2,2,2,2,2,3,2,2,2,2,3,3,3,2,4,2,5,2,6,1,3,3,3,3,3,2,1,7,8,5,2,2,5,5,3,3,6,6,6,6,1,1,1,1,6,1,1,1,6,6,6,6,6,1,1,1,1,6,9,6,6,10,11,6,6,6,6,6,1,6,3,3,6,6,6,6,6,6,6,12,2,2,2,13,6,6,6,6,14,15,16,6,6,6,17,6,6,6,6,6,6,6,6,6,6,18,19,6,6,6,6,5,5,5,5,5,5,5,5,3,3,3,3,3,3,3,3","0.00155782699584961","leiden","edit-xhwikibooks.graphml"
"0.38","0.43","0.19","0.44306248425296","1,1,2,2,2,3,2,3,3,3,2,2,3,3,3,4,5,2,6,2,7,1,3,3,3,3,3,4,1,8,9,6,2,2,6,6,3,3,7,7,7,7,1,1,1,1,7,1,1,1,7,7,7,7,7,1,1,1,1,7,10,7,7,11,12,7,7,7,7,7,1,7,3,3,7,7,7,7,7,7,7,13,4,4,4,14,7,7,7,7,15,16,17,7,7,7,18,7,7,7,7,7,7,7,7,7,7,19,20,7,7,7,7,6,6,6,6,6,6,6,6,3,3,3,3,3,3,3,3","0.00143599510192871","leiden","edit-xhwikibooks.graphml"
"0.37","0.44","0.19","0.443107185284345","1,1,2,2,2,2,2,3,2,2,2,2,3,3,3,2,4,2,5,2,6,1,3,3,3,3,3,2,1,7,8,5,2,2,5,5,3,3,6,6,6,6,1,1,1,1,6,1,1,1,6,6,6,6,6,1,1,1,1,6,9,6,6,10,11,6,6,6,6,6,1,6,3,3,6,6,6,6,6,6,6,12,2,2,2,13,6,6,6,6,14,15,16,6,6,6,17,6,6,6,6,6,6,6,6,6,6,18,19,6,6,6,6,5,5,5,5,5,5,5,5,3,3,3,3,3,3,3,3","0.0016019344329834","leiden","edit-xhwikibooks.graphml"
"0.36","0.45","0.19","0.445981796355777","1,1,2,2,2,2,2,3,2,2,2,2,3,3,3,2,4,2,5,2,6,1,3,3,3,3,3,2,1,7,8,5,2,2,5,5,3,3,6,6,6,6,1,1,1,1,6,1,1,1,6,6,6,6,6,1,1,1,1,6,9,6,6,10,11,6,6,6,6,6,1,6,3,3,6,6,6,6,6,6,6,12,2,2,2,13,6,6,6,6,14,15,16,6,6,6,17,6,6,6,6,6,6,6,6,6,6,18,19,6,6,6,6,5,5,5,5,5,5,5,5,3,3,3,3,3,3,3,3","0.00166916847229004","leiden","edit-xhwikibooks.graphml"
"0.35","0.46","0.19","0.44484346545393","1,1,2,2,2,3,2,3,3,3,2,2,3,3,3,4,5,2,6,2,7,1,3,3,3,3,3,4,1,8,9,6,2,2,6,6,3,3,7,7,7,7,1,1,1,1,7,1,1,1,7,7,7,7,7,1,1,1,1,7,10,7,7,11,12,7,7,7,7,7,1,7,3,3,7,7,7,7,7,7,7,13,4,4,4,14,7,7,7,7,15,16,17,7,7,7,18,7,7,7,7,7,7,7,7,7,7,19,20,7,7,7,7,6,6,6,6,6,6,6,6,3,3,3,3,3,3,3,3","0.00151300430297852","leiden","edit-xhwikibooks.graphml"
"0.34","0.47","0.19","0.446320292640585","1,1,2,2,2,3,2,3,3,3,2,2,3,3,3,4,5,2,6,2,7,1,3,3,3,3,3,4,1,8,9,6,2,2,6,6,3,3,7,7,7,7,1,1,1,1,7,1,1,1,7,7,7,7,7,1,1,1,1,7,10,7,7,11,12,7,7,7,7,7,1,7,3,3,7,7,7,7,7,7,7,13,4,4,4,14,7,7,7,7,15,16,17,7,7,7,18,7,7,7,7,7,7,7,7,7,7,19,20,7,7,7,7,6,6,6,6,6,6,6,6,3,3,3,3,3,3,3,3","0.00162482261657715","leiden","edit-xhwikibooks.graphml"
"0.33","0.48","0.19","0.445788091847633","1,1,2,2,2,3,2,3,3,3,2,2,3,3,3,4,5,2,6,2,7,1,3,3,3,3,3,4,1,8,9,6,2,2,6,6,3,3,7,7,7,7,1,1,1,1,7,1,1,1,7,7,7,7,7,1,1,1,1,7,10,7,7,11,12,7,7,7,7,7,1,7,3,3,7,7,7,7,7,7,7,13,4,4,4,14,7,7,7,7,15,16,17,7,7,7,18,7,7,7,7,7,7,7,7,7,7,19,20,7,7,7,7,6,6,6,6,6,6,6,6,3,3,3,3,3,3,3,3","0.00107693672180176","leiden","edit-xhwikibooks.graphml"
"0.32","0.49","0.19","0.446387603338476","1,1,2,2,2,2,2,3,2,2,2,2,3,3,3,2,4,2,5,2,6,1,3,3,3,3,3,2,1,7,8,5,2,2,5,5,3,3,6,6,6,6,1,1,1,1,6,1,1,1,6,6,6,6,6,1,1,1,1,6,9,6,6,10,11,6,6,6,6,6,1,6,3,3,6,6,6,6,6,6,6,12,2,2,2,13,6,6,6,6,14,15,16,6,6,6,17,6,6,6,6,6,6,6,6,6,6,18,19,6,6,6,6,5,5,5,5,5,5,5,5,3,3,3,3,3,3,3,3","0.000962972640991211","leiden","edit-xhwikibooks.graphml"
"0.31","0.5","0.19","0.501706698062149","1,1,2,2,2,2,2,3,2,2,2,2,3,3,3,2,4,2,5,2,6,1,3,3,3,3,3,2,1,7,8,5,2,2,5,5,3,3,6,6,6,6,1,1,1,1,6,1,1,1,6,6,6,6,6,1,1,1,1,6,9,6,6,10,11,6,6,6,6,6,1,6,3,3,6,6,6,6,6,6,6,12,2,2,2,13,6,6,6,6,14,15,16,6,6,6,17,6,6,6,6,6,6,6,6,6,6,18,19,6,6,6,6,5,5,5,5,5,5,5,5,3,3,3,3,3,3,3,3","0.0010218620300293","leiden","edit-xhwikibooks.graphml"
"0.3","0.51","0.19","0.501706698062149","1,1,2,2,2,2,2,3,2,2,2,2,3,3,3,2,4,2,5,2,6,1,3,3,3,3,3,2,1,7,8,5,2,2,5,5,3,3,6,6,6,6,1,1,1,1,6,1,1,1,6,6,6,6,6,1,1,1,1,6,9,6,6,10,11,6,6,6,6,6,1,6,3,3,6,6,6,6,6,6,6,12,2,2,2,13,6,6,6,6,14,15,16,6,6,6,17,6,6,6,6,6,6,6,6,6,6,18,19,6,6,6,6,5,5,5,5,5,5,5,5,3,3,3,3,3,3,3,3","0.000932931900024414","leiden","edit-xhwikibooks.graphml"
"0.29","0.52","0.19","0.501579477360106","1,1,2,2,2,3,2,3,3,3,2,2,3,3,3,4,5,2,6,2,7,1,3,3,3,3,3,4,1,8,9,6,2,2,6,6,10,3,7,7,7,7,1,1,1,1,7,1,1,1,7,7,7,7,7,1,1,1,1,7,11,7,7,12,13,7,7,7,7,7,1,7,3,3,7,7,7,7,7,7,7,14,4,4,4,15,7,7,7,7,16,17,18,7,7,7,19,7,7,7,7,7,7,7,7,7,7,20,21,7,7,7,7,6,6,6,6,6,6,6,6,10,10,10,10,10,10,10,10","0.000909805297851562","leiden","edit-xhwikibooks.graphml"
"0.28","0.53","0.19","0.485810872707854","1,1,2,2,2,2,2,3,2,2,2,2,3,3,3,2,4,2,5,2,6,1,3,3,3,3,3,2,1,7,8,5,2,2,5,5,3,3,6,6,6,6,1,1,1,1,6,1,1,1,6,6,6,6,6,1,1,1,1,6,9,6,6,10,11,6,6,6,6,6,1,6,3,3,6,6,6,6,6,6,6,12,2,2,2,13,6,6,6,6,14,15,16,6,6,6,17,6,6,6,6,6,6,6,6,6,6,18,19,6,6,6,6,5,5,5,5,5,5,5,5,3,3,3,3,3,3,3,3","0.000988006591796875","leiden","edit-xhwikibooks.graphml"
"0.27","0.54","0.19","0.487092893740254","1,1,2,2,2,2,2,3,2,2,2,2,3,3,3,2,4,2,5,2,6,1,3,3,3,3,3,2,1,7,8,5,2,2,5,5,3,3,6,6,6,6,1,1,1,1,6,1,1,1,6,6,6,6,6,1,1,1,1,6,9,6,6,10,11,6,6,6,6,6,1,6,3,3,6,6,6,6,6,6,6,12,2,2,2,13,6,6,6,6,14,15,16,6,6,6,17,6,6,6,6,6,6,6,6,6,6,18,19,6,6,6,6,5,5,5,5,5,5,5,5,3,3,3,3,3,3,3,3","0.000941038131713867","leiden","edit-xhwikibooks.graphml"
"0.26","0.55","0.19","0.486561641432033","1,1,2,2,2,2,2,3,2,2,2,2,3,3,3,2,4,2,5,2,6,1,3,3,3,3,3,2,1,7,8,5,2,2,5,5,3,3,6,6,6,6,1,1,1,1,6,1,1,1,6,6,6,6,6,1,1,1,1,6,9,6,6,10,11,6,6,6,6,6,1,6,3,3,6,6,6,6,6,6,6,12,2,2,2,13,6,6,6,6,14,15,16,6,6,6,17,6,6,6,6,6,6,6,6,6,6,18,19,6,6,6,6,5,5,5,5,5,5,5,5,3,3,3,3,3,3,3,3","0.000916957855224609","leiden","edit-xhwikibooks.graphml"
"0.25","0.56","0.19","0.488955222562477","1,1,2,2,2,2,2,3,2,2,2,2,3,3,3,2,4,2,5,2,6,1,3,3,3,3,3,2,1,7,8,5,2,2,5,5,3,3,6,6,6,6,1,1,1,1,6,1,1,1,6,6,6,6,6,1,1,1,1,6,9,6,6,10,11,6,6,6,6,6,1,6,3,3,6,6,6,6,6,6,6,12,2,2,2,13,6,6,6,6,14,15,16,6,6,6,17,6,6,6,6,6,6,6,6,6,6,18,19,6,6,6,6,5,5,5,5,5,5,5,5,3,3,3,3,3,3,3,3","0.000943899154663086","leiden","edit-xhwikibooks.graphml"
"0.24","0.57","0.19","0.489687791495199","1,1,2,2,2,2,2,3,2,2,2,2,3,3,3,2,4,2,5,2,6,1,3,3,3,3,3,2,1,7,8,5,2,2,5,5,3,3,6,6,6,6,1,1,1,1,6,1,1,1,6,6,6,6,6,1,1,1,1,6,9,6,6,10,11,6,6,6,6,6,1,6,3,3,6,6,6,6,6,6,6,12,2,2,2,13,6,6,6,6,14,15,16,6,6,6,17,6,6,6,6,6,6,6,6,6,6,18,19,6,6,6,6,5,5,5,5,5,5,5,5,3,3,3,3,3,3,3,3","0.000928878784179688","leiden","edit-xhwikibooks.graphml"
"0.23","0.58","0.19","0.476586155984612","1,1,1,2,3,2,4,5,2,2,4,6,5,5,5,2,7,8,4,9,10,1,11,5,5,5,5,2,1,12,13,14,9,15,4,4,5,5,10,10,10,10,1,1,1,1,10,1,1,1,10,10,10,10,10,1,1,1,1,10,16,10,10,17,18,10,10,10,10,10,1,10,19,20,10,10,10,10,10,10,10,21,22,23,24,25,10,10,10,10,26,27,28,10,10,10,29,10,10,10,10,10,10,10,10,10,10,30,31,10,10,10,10,4,4,4,4,4,4,4,4,5,5,5,5,5,5,5,5","0.00118017196655273","leiden","edit-xhwikibooks.graphml"
"0.22","0.59","0.19","0.476054443678328","1,1,1,2,3,2,4,5,2,2,4,6,5,5,5,2,7,8,4,9,10,1,11,5,5,5,5,2,1,12,13,14,9,15,4,4,5,5,10,10,10,10,1,1,1,1,10,1,1,1,10,10,10,10,10,1,1,1,1,10,16,10,10,17,18,10,10,10,10,10,1,10,19,20,10,10,10,10,10,10,10,21,22,23,24,25,10,10,10,10,26,27,28,10,10,10,29,10,10,10,10,10,10,10,10,10,10,30,31,10,10,10,10,4,4,4,4,4,4,4,4,5,5,5,5,5,5,5,5","0.000916957855224609","leiden","edit-xhwikibooks.graphml"
"0.21","0.6","0.19","0.478813272732192","1,1,1,2,3,2,4,5,2,2,4,6,5,5,5,2,7,8,4,9,10,1,11,5,5,5,5,2,1,12,13,14,9,15,4,4,5,5,10,10,10,10,1,1,1,1,10,1,1,1,10,10,10,10,10,1,1,1,1,10,16,10,10,17,18,10,10,10,10,10,1,10,19,20,10,10,10,10,10,10,10,21,22,23,24,25,10,10,10,10,26,27,28,10,10,10,29,10,10,10,10,10,10,10,10,10,10,30,31,10,10,10,10,4,4,4,4,4,4,4,4,5,5,5,5,5,5,5,5","0.000905990600585938","leiden","edit-xhwikibooks.graphml"
"0.2","0.61","0.19","0.479578642116963","1,1,1,2,3,2,4,5,2,2,4,6,5,5,5,2,7,8,4,9,10,1,11,5,5,5,5,2,1,12,13,14,9,15,4,4,5,5,10,10,10,10,1,1,1,1,10,1,1,1,10,10,10,10,10,1,1,1,1,10,16,10,10,17,18,10,10,10,10,10,1,10,19,20,10,10,10,10,10,10,10,21,22,23,24,25,10,10,10,10,26,27,28,10,10,10,29,10,10,10,10,10,10,10,10,10,10,30,31,10,10,10,10,4,4,4,4,4,4,4,4,5,5,5,5,5,5,5,5","0.000926971435546875","leiden","edit-xhwikibooks.graphml"
"0.19","0.62","0.19","0.482141902428158","1,1,1,2,3,2,4,5,2,2,4,6,5,5,5,2,7,8,4,9,10,1,11,5,5,5,5,2,1,12,13,14,9,15,4,4,5,5,10,10,10,10,1,1,1,1,10,1,1,1,10,10,10,10,10,1,1,1,1,10,16,10,10,17,18,10,10,10,10,10,1,10,19,20,10,10,10,10,10,10,10,21,22,23,24,25,10,10,10,10,26,27,28,10,10,10,29,10,10,10,10,10,10,10,10,10,10,30,31,10,10,10,10,4,4,4,4,4,4,4,4,5,5,5,5,5,5,5,5","0.000921010971069336","leiden","edit-xhwikibooks.graphml"
"0.18","0.63","0.19","0.4816120699803","1,1,1,2,3,2,4,5,2,2,4,6,5,5,5,2,7,8,4,9,10,1,11,5,5,5,5,2,1,12,13,14,9,15,4,4,5,5,10,10,10,10,1,1,1,1,10,1,1,1,10,10,10,10,10,1,1,1,1,10,16,10,10,17,18,10,10,10,10,10,1,10,19,20,10,10,10,10,10,10,10,21,22,23,24,25,10,10,10,10,26,27,28,10,10,10,29,10,10,10,10,10,10,10,10,10,10,30,31,10,10,10,10,4,4,4,4,4,4,4,4,5,5,5,5,5,5,5,5","0.000926971435546875","leiden","edit-xhwikibooks.graphml"
"0.17","0.64","0.19","0.4816120699803","1,1,1,2,3,2,4,5,2,2,4,6,5,5,5,2,7,8,4,9,10,1,11,5,5,5,5,2,1,12,13,14,9,15,4,4,5,5,10,10,10,10,1,1,1,1,10,1,1,1,10,10,10,10,10,1,1,1,1,10,16,10,10,17,18,10,10,10,10,10,1,10,19,20,10,10,10,10,10,10,10,21,22,23,24,25,10,10,10,10,26,27,28,10,10,10,29,10,10,10,10,10,10,10,10,10,10,30,31,10,10,10,10,4,4,4,4,4,4,4,4,5,5,5,5,5,5,5,5","0.000964164733886719","leiden","edit-xhwikibooks.graphml"
"0.16","0.65","0.19","0.481083253613945","1,1,1,2,3,2,4,5,2,2,4,6,5,5,5,2,7,8,4,9,10,1,11,5,5,5,5,2,1,12,13,14,9,15,4,4,5,5,10,10,10,10,1,1,1,1,10,1,1,1,10,10,10,10,10,1,1,1,1,10,16,10,10,17,18,10,10,10,10,10,1,10,19,20,10,10,10,10,10,10,10,21,22,23,24,25,10,10,10,10,26,27,28,10,10,10,29,10,10,10,10,10,10,10,10,10,10,30,31,10,10,10,10,4,4,4,4,4,4,4,4,5,5,5,5,5,5,5,5","0.000947952270507812","leiden","edit-xhwikibooks.graphml"
"0.15","0.66","0.19","0.481083253613945","1,1,1,2,3,2,4,5,2,2,4,6,5,5,5,2,7,8,4,9,10,1,11,5,5,5,5,2,1,12,13,14,9,15,4,4,5,5,10,10,10,10,1,1,1,1,10,1,1,1,10,10,10,10,10,1,1,1,1,10,16,10,10,17,18,10,10,10,10,10,1,10,19,20,10,10,10,10,10,10,10,21,22,23,24,25,10,10,10,10,26,27,28,10,10,10,29,10,10,10,10,10,10,10,10,10,10,30,31,10,10,10,10,4,4,4,4,4,4,4,4,5,5,5,5,5,5,5,5","0.000970840454101562","leiden","edit-xhwikibooks.graphml"
"0.14","0.67","0.19","0.490130839100346","1,1,1,2,3,2,4,5,2,2,4,6,5,5,5,2,7,8,9,10,11,1,12,5,5,5,5,2,1,13,14,15,10,16,9,9,5,5,11,11,11,11,1,1,1,1,11,1,1,1,11,11,11,11,11,1,1,1,1,11,17,11,11,18,19,11,11,11,11,11,1,11,20,21,11,11,11,11,11,11,11,22,23,24,25,26,11,11,11,11,27,28,29,11,11,11,30,11,11,11,11,11,11,11,11,11,11,31,32,11,11,11,11,9,9,9,9,9,9,9,9,5,5,5,5,5,5,5,5","0.00102996826171875","leiden","edit-xhwikibooks.graphml"
"0.13","0.68","0.19","0.490130839100346","1,1,1,2,3,2,4,5,2,2,4,6,5,5,5,2,7,8,9,10,11,1,12,5,5,5,5,2,1,13,14,15,10,16,9,9,5,5,11,11,11,11,1,1,1,1,11,1,1,1,11,11,11,11,11,1,1,1,1,11,17,11,11,18,19,11,11,11,11,11,1,11,20,21,11,11,11,11,11,11,11,22,23,24,25,26,11,11,11,11,27,28,29,11,11,11,30,11,11,11,11,11,11,11,11,11,11,31,32,11,11,11,11,9,9,9,9,9,9,9,9,5,5,5,5,5,5,5,5","0.000977993011474609","leiden","edit-xhwikibooks.graphml"
"0.12","0.69","0.19","0.489600246678785","1,1,1,2,3,2,4,5,2,2,4,6,5,5,5,2,7,8,9,10,11,1,12,5,5,5,5,2,1,13,14,15,10,16,9,9,5,5,11,11,11,11,1,1,1,1,11,1,1,1,11,11,11,11,11,1,1,1,1,11,17,11,11,18,19,11,11,11,11,11,1,11,20,21,11,11,11,11,11,11,11,22,23,24,25,26,11,11,11,11,27,28,29,11,11,11,30,11,11,11,11,11,11,11,11,11,11,31,32,11,11,11,11,9,9,9,9,9,9,9,9,5,5,5,5,5,5,5,5","0.00097203254699707","leiden","edit-xhwikibooks.graphml"
"0.11","0.7","0.19","0.49194843895886","1,1,1,2,3,2,4,5,2,2,4,6,5,5,5,2,7,8,9,10,11,1,12,5,5,5,5,2,1,13,14,15,10,16,9,9,5,5,11,11,11,11,1,1,1,1,11,1,1,1,11,11,11,11,11,1,1,1,1,11,17,11,11,18,19,11,11,11,11,11,1,11,20,21,11,11,11,11,11,11,11,22,23,24,25,26,11,11,11,11,27,28,29,11,11,11,30,11,11,11,11,11,11,11,11,11,11,31,32,11,11,11,11,9,9,9,9,9,9,9,9,5,5,5,5,5,5,5,5","0.00120306015014648","leiden","edit-xhwikibooks.graphml"
"0.1","0.71","0.19","0.49141626748996","1,1,1,2,3,2,4,5,2,2,4,6,5,5,5,2,7,8,9,10,11,1,12,5,5,5,5,2,1,13,14,15,10,16,9,9,5,5,11,11,11,11,1,1,1,1,11,1,1,1,11,11,11,11,11,1,1,1,1,11,17,11,11,18,19,11,11,11,11,11,1,11,20,21,11,11,11,11,11,11,11,22,23,24,25,26,11,11,11,11,27,28,29,11,11,11,30,11,11,11,11,11,11,11,11,11,11,31,32,11,11,11,11,9,9,9,9,9,9,9,9,5,5,5,5,5,5,5,5","0.000978946685791016","leiden","edit-xhwikibooks.graphml"
"0.09","0.72","0.19","0.492567884773275","1,1,1,2,3,2,4,5,2,2,4,6,5,5,5,2,7,8,9,10,11,1,12,5,5,5,5,2,1,13,14,15,10,16,9,9,5,5,11,11,11,11,1,1,1,1,11,1,1,1,11,11,11,11,11,1,1,1,1,11,17,11,11,18,19,11,11,11,11,11,1,11,20,21,11,11,11,11,11,11,11,22,23,24,25,26,11,11,11,11,27,28,29,11,11,11,30,11,11,11,11,11,11,11,11,11,11,31,32,11,11,11,11,9,9,9,9,9,9,9,9,5,5,5,5,5,5,5,5","0.000910043716430664","leiden","edit-xhwikibooks.graphml"
"0.08","0.73","0.19","0.492037079785233","1,1,1,2,3,2,4,5,2,2,4,6,5,5,5,2,7,8,9,10,11,1,12,5,5,5,5,2,1,13,14,15,10,16,9,9,5,5,11,11,11,11,1,1,1,1,11,1,1,1,11,11,11,11,11,1,1,1,1,11,17,11,11,18,19,11,11,11,11,11,1,11,20,21,11,11,11,11,11,11,11,22,23,24,25,26,11,11,11,11,27,28,29,11,11,11,30,11,11,11,11,11,11,11,11,11,11,31,32,11,11,11,11,9,9,9,9,9,9,9,9,5,5,5,5,5,5,5,5","0.000938177108764648","leiden","edit-xhwikibooks.graphml"
"0.07","0.74","0.19","0.492037079785233","1,1,1,2,3,2,4,5,2,2,4,6,5,5,5,2,7,8,9,10,11,1,12,5,5,5,5,2,1,13,14,15,10,16,9,9,5,5,11,11,11,11,1,1,1,1,11,1,1,1,11,11,11,11,11,1,1,1,1,11,17,11,11,18,19,11,11,11,11,11,1,11,20,21,11,11,11,11,11,11,11,22,23,24,25,26,11,11,11,11,27,28,29,11,11,11,30,11,11,11,11,11,11,11,11,11,11,31,32,11,11,11,11,9,9,9,9,9,9,9,9,5,5,5,5,5,5,5,5","0.000941991806030273","leiden","edit-xhwikibooks.graphml"
"0.06","0.75","0.19","0.49531735904543","1,1,1,2,3,2,4,5,2,2,4,7,5,5,5,2,8,9,10,11,12,1,13,5,5,5,5,2,1,14,15,16,11,17,10,10,6,5,12,12,12,12,1,1,1,1,12,1,1,1,12,12,12,12,12,1,1,1,1,12,18,12,12,19,20,12,12,12,12,12,1,12,21,22,12,12,12,12,12,12,12,23,24,25,26,27,12,12,12,12,28,29,30,12,12,12,31,12,12,12,12,12,12,12,12,12,12,32,33,12,12,12,12,10,10,10,10,10,10,10,10,6,6,6,6,6,6,6,6","0.000937938690185547","leiden","edit-xhwikibooks.graphml"
"0.05","0.76","0.19","0.49531735904543","1,1,1,2,3,2,4,5,2,2,4,6,5,5,5,2,7,8,9,10,11,1,12,5,5,5,5,2,1,13,14,15,10,16,9,9,17,5,11,11,11,11,1,1,1,1,11,1,1,1,11,11,11,11,11,1,1,1,1,11,18,11,11,19,20,11,11,11,11,11,1,11,21,22,11,11,11,11,11,11,11,23,24,25,26,27,11,11,11,11,28,29,30,11,11,11,31,11,11,11,11,11,11,11,11,11,11,32,33,11,11,11,11,9,9,9,9,9,9,9,9,17,17,17,17,17,17,17,17","0.000952005386352539","leiden","edit-xhwikibooks.graphml"
"0.04","0.77","0.19","0.495107729533084","1,1,1,2,3,2,4,5,2,2,6,7,5,5,5,2,8,9,10,11,12,1,13,5,5,5,5,2,1,14,15,16,17,18,10,10,19,5,12,12,12,12,1,1,1,1,12,1,1,1,12,12,12,12,12,1,1,1,1,12,20,12,12,21,22,12,12,12,12,12,1,12,23,24,12,12,12,12,12,12,12,25,26,27,28,29,12,12,12,12,30,31,32,12,12,12,33,12,12,12,12,12,12,12,12,12,12,34,35,12,12,12,12,10,10,10,10,10,10,10,10,19,19,19,19,19,19,19,19","0.000982046127319336","leiden","edit-xhwikibooks.graphml"
"0.03","0.78","0.19","0.497064692291535","1,1,1,2,3,2,4,5,2,2,6,7,5,5,5,2,8,9,10,11,12,1,13,5,5,5,5,2,1,14,15,16,17,18,10,10,19,5,12,12,12,12,1,1,1,1,12,1,1,1,12,12,12,12,12,1,1,1,1,12,20,12,12,21,22,12,12,12,12,12,1,12,23,24,12,12,12,12,12,12,12,25,26,27,28,29,12,12,12,12,30,31,32,12,12,12,33,12,12,12,12,12,12,12,12,12,12,34,35,12,12,12,12,10,10,10,10,10,10,10,10,19,19,19,19,19,19,19,19","0.000997781753540039","leiden","edit-xhwikibooks.graphml"
"0.02","0.79","0.19","0.497064692291535","1,1,1,2,3,2,4,5,2,2,6,7,5,5,5,2,8,9,10,11,12,1,13,5,5,5,5,2,1,14,15,16,17,18,10,10,19,5,12,12,12,12,1,1,1,1,12,1,1,1,12,12,12,12,12,1,1,1,1,12,20,12,12,21,22,12,12,12,12,12,1,12,23,24,12,12,12,12,12,12,12,25,26,27,28,29,12,12,12,12,30,31,32,12,12,12,33,12,12,12,12,12,12,12,12,12,12,34,35,12,12,12,12,10,10,10,10,10,10,10,10,19,19,19,19,19,19,19,19","0.000948190689086914","leiden","edit-xhwikibooks.graphml"
"0.01","0.8","0.19","0.499092137620276","1,1,1,2,3,2,4,5,2,2,7,8,5,5,5,2,9,10,11,12,13,1,14,5,5,5,5,2,1,15,16,17,18,19,11,11,6,5,13,13,13,13,1,1,1,1,13,1,1,1,13,13,13,13,13,1,1,1,1,13,20,13,13,21,22,13,13,13,13,13,1,13,23,24,13,13,13,13,13,13,13,25,26,27,28,29,13,13,13,13,30,31,32,13,13,13,33,13,13,13,13,13,13,13,13,13,13,34,35,13,13,13,13,11,11,11,11,11,11,11,11,6,6,6,6,6,6,6,6","0.00094294548034668","leiden","edit-xhwikibooks.graphml"
"0","0.81","0.19","0.501873469387755","1,1,1,2,1,2,3,4,2,2,5,6,4,4,4,2,7,8,9,10,11,1,12,4,4,4,4,2,1,13,14,15,16,17,9,9,18,4,11,11,11,11,1,1,1,1,11,1,1,1,11,11,11,11,11,1,1,1,1,11,19,11,11,20,21,11,11,11,11,11,1,11,22,23,11,11,11,11,11,11,11,24,25,26,27,28,11,11,11,11,29,30,31,11,11,11,32,11,11,11,11,11,11,11,11,11,11,33,34,11,11,11,11,9,9,9,9,9,9,9,9,18,18,18,18,18,18,18,18","0.000961065292358398","leiden","edit-xhwikibooks.graphml"
"0.8","0","0.2","0.437215262277098","1,1,2,3,2,3,2,3,3,3,2,2,3,3,3,3,3,2,4,2,5,1,3,3,3,3,3,3,1,3,2,4,2,2,4,4,3,3,5,5,5,5,1,1,1,1,5,1,1,1,5,5,5,5,5,1,1,1,1,5,3,5,5,3,3,5,5,5,5,5,1,5,3,3,5,5,5,5,5,5,5,3,3,3,3,1,5,5,5,5,3,2,4,5,5,5,3,5,5,5,5,5,5,5,5,5,5,2,2,5,5,5,5,4,4,4,4,4,4,4,4,3,3,3,3,3,3,3,3","0.00119113922119141","leiden","edit-xhwikibooks.graphml"
"0.79","0.01","0.2","0.425226124885216","1,1,2,2,2,3,2,3,3,3,2,2,3,3,3,3,3,2,4,2,5,1,3,3,3,3,3,3,1,3,2,4,2,2,4,4,3,3,5,5,5,5,1,1,1,1,5,1,1,1,5,5,5,5,5,1,1,1,1,5,3,5,5,3,3,5,5,5,5,5,1,5,3,3,5,5,5,5,5,5,5,3,3,3,3,1,5,5,5,5,3,2,4,5,5,5,3,5,5,5,5,5,5,5,5,5,5,2,2,5,5,5,5,4,4,4,4,4,4,4,4,3,3,3,3,3,3,3,3","0.00083613395690918","leiden","edit-xhwikibooks.graphml"
"0.78","0.02","0.2","0.425226124885216","1,1,2,2,2,3,2,3,3,3,2,2,3,3,3,3,3,2,4,2,5,1,3,3,3,3,3,3,1,3,2,4,2,2,4,4,3,3,5,5,5,5,1,1,1,1,5,1,1,1,5,5,5,5,5,1,1,1,1,5,3,5,5,3,3,5,5,5,5,5,1,5,3,3,5,5,5,5,5,5,5,3,3,3,3,1,5,5,5,5,3,2,4,5,5,5,3,5,5,5,5,5,5,5,5,5,5,2,2,5,5,5,5,4,4,4,4,4,4,4,4,3,3,3,3,3,3,3,3","0.000783920288085938","leiden","edit-xhwikibooks.graphml"
"0.77","0.03","0.2","0.424734677435966","1,1,2,2,2,3,2,3,3,3,2,2,3,3,3,3,3,2,4,2,5,1,3,3,3,3,3,3,1,3,2,4,2,2,4,4,3,3,5,5,5,5,1,1,1,1,5,1,1,1,5,5,5,5,5,1,1,1,1,5,3,5,5,3,3,5,5,5,5,5,1,5,3,3,5,5,5,5,5,5,5,3,3,3,3,1,5,5,5,5,3,2,4,5,5,5,3,5,5,5,5,5,5,5,5,5,5,2,2,5,5,5,5,4,4,4,4,4,4,4,4,3,3,3,3,3,3,3,3","0.000843048095703125","leiden","edit-xhwikibooks.graphml"
"0.76","0.04","0.2","0.424734677435966","1,1,2,2,2,3,2,3,3,3,2,2,3,3,3,3,3,2,4,2,5,1,3,3,3,3,3,3,1,3,2,4,2,2,4,4,3,3,5,5,5,5,1,1,1,1,5,1,1,1,5,5,5,5,5,1,1,1,1,5,3,5,5,3,3,5,5,5,5,5,1,5,3,3,5,5,5,5,5,5,5,3,3,3,3,1,5,5,5,5,3,2,4,5,5,5,3,5,5,5,5,5,5,5,5,5,5,2,2,5,5,5,5,4,4,4,4,4,4,4,4,3,3,3,3,3,3,3,3","0.000813961029052734","leiden","edit-xhwikibooks.graphml"
"0.75","0.05","0.2","0.424244256624164","1,1,2,2,2,3,2,3,3,3,2,2,3,3,3,3,3,2,4,2,5,1,3,3,3,3,3,3,1,3,2,4,2,2,4,4,3,3,5,5,5,5,1,1,1,1,5,1,1,1,5,5,5,5,5,1,1,1,1,5,3,5,5,3,3,5,5,5,5,5,1,5,3,3,5,5,5,5,5,5,5,3,3,3,3,1,5,5,5,5,3,2,4,5,5,5,3,5,5,5,5,5,5,5,5,5,5,2,2,5,5,5,5,4,4,4,4,4,4,4,4,3,3,3,3,3,3,3,3","0.00082087516784668","leiden","edit-xhwikibooks.graphml"
"0.74","0.06","0.2","0.424244256624164","1,1,2,2,2,3,2,3,3,3,2,2,3,3,3,3,3,2,4,2,5,1,3,3,3,3,3,3,1,3,2,4,2,2,4,4,3,3,5,5,5,5,1,1,1,1,5,1,1,1,5,5,5,5,5,1,1,1,1,5,3,5,5,3,3,5,5,5,5,5,1,5,3,3,5,5,5,5,5,5,5,3,3,3,3,1,5,5,5,5,3,2,4,5,5,5,3,5,5,5,5,5,5,5,5,5,5,2,2,5,5,5,5,4,4,4,4,4,4,4,4,3,3,3,3,3,3,3,3","0.000835180282592773","leiden","edit-xhwikibooks.graphml"
"0.73","0.07","0.2","0.423754859874104","1,1,2,2,2,3,2,3,3,3,2,2,3,3,3,3,3,2,4,2,5,1,3,3,3,3,3,3,1,3,2,4,2,2,4,4,3,3,5,5,5,5,1,1,1,1,5,1,1,1,5,5,5,5,5,1,1,1,1,5,3,5,5,3,3,5,5,5,5,5,1,5,3,3,5,5,5,5,5,5,5,3,3,3,3,1,5,5,5,5,3,2,4,5,5,5,3,5,5,5,5,5,5,5,5,5,5,2,2,5,5,5,5,4,4,4,4,4,4,4,4,3,3,3,3,3,3,3,3","0.000819921493530273","leiden","edit-xhwikibooks.graphml"
"0.72","0.08","0.2","0.424504871897227","1,1,2,2,2,3,2,3,3,3,4,2,3,3,3,3,3,4,4,2,5,1,3,3,3,3,3,3,1,3,4,4,2,2,4,4,3,3,5,5,5,5,1,1,1,1,5,1,1,1,5,5,5,5,5,1,1,1,1,5,3,5,5,3,3,5,5,5,5,5,1,5,3,3,5,5,5,5,5,5,5,3,3,3,3,1,5,5,5,5,3,4,4,5,5,5,3,5,5,5,5,5,5,5,5,5,5,2,2,5,5,5,5,4,4,4,4,4,4,4,4,3,3,3,3,3,3,3,3","0.000838994979858398","leiden","edit-xhwikibooks.graphml"
"0.71","0.09","0.2","0.424714794505059","1,1,2,2,2,3,2,3,3,3,2,2,3,3,3,3,3,2,4,2,5,1,3,3,3,3,3,3,1,3,2,4,2,2,4,4,3,3,5,5,5,5,1,1,1,1,5,1,1,1,5,5,5,5,5,1,1,1,1,5,3,5,5,3,3,5,5,5,5,5,1,5,3,3,5,5,5,5,5,5,5,3,3,3,3,1,5,5,5,5,3,2,4,5,5,5,3,5,5,5,5,5,5,5,5,5,5,2,2,5,5,5,5,4,4,4,4,4,4,4,4,3,3,3,3,3,3,3,3","0.000821113586425781","leiden","edit-xhwikibooks.graphml"
"0.7","0.1","0.2","0.426152503855207","1,1,2,2,2,3,2,3,3,3,2,2,3,3,3,3,3,2,4,2,5,1,3,3,3,3,3,3,1,3,2,4,2,2,4,4,3,3,5,5,5,5,1,1,1,1,5,1,1,1,5,5,5,5,5,1,1,1,1,5,3,5,5,3,3,5,5,5,5,5,1,5,3,3,5,5,5,5,5,5,5,3,3,3,3,1,5,5,5,5,3,2,4,5,5,5,3,5,5,5,5,5,5,5,5,5,5,2,2,5,5,5,5,4,4,4,4,4,4,4,4,3,3,3,3,3,3,3,3","0.000847101211547852","leiden","edit-xhwikibooks.graphml"
"0.69","0.11","0.2","0.424995897853172","1,1,1,1,1,3,2,3,3,3,2,2,3,3,3,3,3,2,4,2,5,1,3,3,3,3,3,3,1,3,2,4,2,2,4,4,3,3,5,5,5,5,1,1,1,1,5,1,1,1,5,5,5,5,5,1,1,1,1,5,3,5,5,3,3,5,5,5,5,5,1,5,3,3,5,5,5,5,5,5,5,3,3,3,3,1,5,5,5,5,3,2,4,5,5,5,3,5,5,5,5,5,5,5,5,5,5,2,2,5,5,5,5,4,4,4,4,4,4,4,4,3,3,3,3,3,3,3,3","0.00085902214050293","leiden","edit-xhwikibooks.graphml"
"0.68","0.12","0.2","0.42847231997426","1,1,2,2,2,3,2,3,3,3,2,2,3,3,3,3,3,2,4,2,5,1,3,3,3,3,3,3,1,3,2,4,2,2,4,4,3,3,5,5,5,5,1,1,1,1,5,1,1,1,5,5,5,5,5,1,1,1,1,5,3,5,5,3,3,5,5,5,5,5,1,5,3,3,5,5,5,5,5,5,5,3,3,3,3,1,5,5,5,5,3,2,4,5,5,5,3,5,5,5,5,5,5,5,5,5,5,2,2,5,5,5,5,4,4,4,4,4,4,4,4,3,3,3,3,3,3,3,3","0.000880002975463867","leiden","edit-xhwikibooks.graphml"
"0.67","0.13","0.2","0.427985074626866","1,1,2,2,2,3,2,3,3,3,2,2,3,3,3,3,3,2,4,2,5,1,3,3,3,3,3,3,1,3,2,4,2,2,4,4,3,3,5,5,5,5,1,1,1,1,5,1,1,1,5,5,5,5,5,1,1,1,1,5,3,5,5,3,3,5,5,5,5,5,1,5,3,3,5,5,5,5,5,5,5,3,3,3,3,1,5,5,5,5,3,2,4,5,5,5,3,5,5,5,5,5,5,5,5,5,5,2,2,5,5,5,5,4,4,4,4,4,4,4,4,3,3,3,3,3,3,3,3","0.0010228157043457","leiden","edit-xhwikibooks.graphml"
"0.66","0.14","0.2","0.427985074626866","1,1,2,2,2,3,2,3,3,3,2,2,3,3,3,3,3,2,4,2,5,1,3,3,3,3,3,3,1,3,2,4,2,2,4,4,3,3,5,5,5,5,1,1,1,1,5,1,1,1,5,5,5,5,5,1,1,1,1,5,3,5,5,3,3,5,5,5,5,5,1,5,3,3,5,5,5,5,5,5,5,3,3,3,3,1,5,5,5,5,3,2,4,5,5,5,3,5,5,5,5,5,5,5,5,5,5,2,2,5,5,5,5,4,4,4,4,4,4,4,4,3,3,3,3,3,3,3,3","0.000818014144897461","leiden","edit-xhwikibooks.graphml"
"0.65","0.15","0.2","0.430273839829201","1,1,2,2,2,3,2,3,3,3,2,2,3,3,3,3,3,2,4,2,5,1,3,3,3,3,3,3,1,3,2,4,2,2,4,4,3,3,5,5,5,5,1,1,1,1,5,1,1,1,5,5,5,5,5,1,1,1,1,5,3,5,5,3,3,5,5,5,5,5,1,5,3,3,5,5,5,5,5,5,5,3,3,3,3,1,5,5,5,5,3,2,4,5,5,5,3,5,5,5,5,5,5,5,5,5,5,2,2,5,5,5,5,4,4,4,4,4,4,4,4,3,3,3,3,3,3,3,3","0.000808000564575195","leiden","edit-xhwikibooks.graphml"
"0.64","0.16","0.2","0.433069958847737","1,1,2,2,2,3,2,3,3,3,2,2,3,3,3,3,3,2,4,2,5,1,3,3,3,3,3,3,1,3,2,4,2,2,4,4,3,3,5,5,5,5,1,1,1,1,5,1,1,1,5,5,5,5,5,1,1,1,1,5,3,5,5,3,3,5,5,5,5,5,1,5,3,3,5,5,5,5,5,5,5,3,3,3,3,1,5,5,5,5,3,2,4,5,5,5,3,5,5,5,5,5,5,5,5,5,5,2,2,5,5,5,5,4,4,4,4,4,4,4,4,3,3,3,3,3,3,3,3","0.000834941864013672","leiden","edit-xhwikibooks.graphml"
"0.63","0.17","0.2","0.43398628496124","1,1,2,2,2,3,2,3,3,3,2,2,3,3,3,3,3,2,4,2,5,1,3,3,3,3,3,3,1,3,2,4,2,2,4,4,3,3,5,5,5,5,1,1,1,1,5,1,1,1,5,5,5,5,5,1,1,1,1,5,3,5,5,3,3,5,5,5,5,5,1,5,3,3,5,5,5,5,5,5,5,3,3,3,3,1,5,5,5,5,3,2,4,5,5,5,3,5,5,5,5,5,5,5,5,5,5,2,2,5,5,5,5,4,4,4,4,4,4,4,4,3,3,3,3,3,3,3,3","0.000805854797363281","leiden","edit-xhwikibooks.graphml"
"0.62","0.18","0.2","0.43398628496124","1,1,2,2,2,3,2,3,3,3,2,2,3,3,3,3,3,2,4,2,5,1,3,3,3,3,3,3,1,3,2,4,2,2,4,4,3,3,5,5,5,5,1,1,1,1,5,1,1,1,5,5,5,5,5,1,1,1,1,5,3,5,5,3,3,5,5,5,5,5,1,5,3,3,5,5,5,5,5,5,5,3,3,3,3,1,5,5,5,5,3,2,4,5,5,5,3,5,5,5,5,5,5,5,5,5,5,2,2,5,5,5,5,4,4,4,4,4,4,4,4,3,3,3,3,3,3,3,3","0.000850915908813477","leiden","edit-xhwikibooks.graphml"
"0.61","0.19","0.2","0.433501057248023","1,1,2,2,2,3,2,3,3,3,2,2,3,3,3,3,3,2,4,2,5,1,3,3,3,3,3,3,1,3,2,4,2,2,4,4,3,3,5,5,5,5,1,1,1,1,5,1,1,1,5,5,5,5,5,1,1,1,1,5,3,5,5,3,3,5,5,5,5,5,1,5,3,3,5,5,5,5,5,5,5,3,3,3,3,1,5,5,5,5,3,2,4,5,5,5,3,5,5,5,5,5,5,5,5,5,5,2,2,5,5,5,5,4,4,4,4,4,4,4,4,3,3,3,3,3,3,3,3","0.000842094421386719","leiden","edit-xhwikibooks.graphml"
"0.6","0.2","0.2","0.436127811418685","1,1,2,2,2,3,2,3,3,3,2,2,3,3,3,3,3,2,4,2,5,1,3,3,3,3,3,3,1,3,2,4,2,2,4,4,3,3,5,5,5,5,1,1,1,1,5,1,1,1,5,5,5,5,5,1,1,1,1,5,3,5,5,3,3,5,5,5,5,5,1,5,3,3,5,5,5,5,5,5,5,3,3,3,3,1,5,5,5,5,3,2,4,5,5,5,3,5,5,5,5,5,5,5,5,5,5,2,2,5,5,5,5,4,4,4,4,4,4,4,4,3,3,3,3,3,3,3,3","0.000856161117553711","leiden","edit-xhwikibooks.graphml"
"0.59","0.21","0.2","0.422786812207619","1,1,2,2,2,3,2,3,3,3,2,2,3,3,3,3,3,2,4,2,5,1,3,3,3,3,3,3,1,3,2,4,2,2,4,4,3,3,5,5,5,5,1,1,1,1,5,1,1,1,5,5,5,5,5,1,1,1,1,5,6,5,5,3,3,5,5,5,5,5,1,5,3,3,5,5,5,5,5,5,5,3,3,3,3,7,5,5,5,5,8,9,10,5,5,5,3,5,5,5,5,5,5,5,5,5,5,2,2,5,5,5,5,4,4,4,4,4,4,4,4,3,3,3,3,3,3,3,3","0.000915050506591797","leiden","edit-xhwikibooks.graphml"
"0.58","0.22","0.2","0.422786812207619","1,1,2,2,2,3,2,3,3,3,2,2,3,3,3,3,3,2,4,2,5,1,3,3,3,3,3,3,1,3,2,4,2,2,4,4,3,3,5,5,5,5,1,1,1,1,5,1,1,1,5,5,5,5,5,1,1,1,1,5,6,5,5,3,3,5,5,5,5,5,1,5,3,3,5,5,5,5,5,5,5,3,3,3,3,7,5,5,5,5,8,9,10,5,5,5,3,5,5,5,5,5,5,5,5,5,5,2,2,5,5,5,5,4,4,4,4,4,4,4,4,3,3,3,3,3,3,3,3","0.000945806503295898","leiden","edit-xhwikibooks.graphml"
"0.57","0.23","0.2","0.425121818209918","1,1,2,2,2,3,2,3,3,3,2,2,3,3,3,3,3,2,4,2,5,1,3,3,3,3,3,3,1,3,2,4,2,2,4,4,3,3,5,5,5,5,1,1,1,1,5,1,1,1,5,5,5,5,5,1,1,1,1,5,6,5,5,3,3,5,5,5,5,5,1,5,3,3,5,5,5,5,5,5,5,3,3,3,3,7,5,5,5,5,8,9,10,5,5,5,3,5,5,5,5,5,5,5,5,5,5,2,2,5,5,5,5,4,4,4,4,4,4,4,4,3,3,3,3,3,3,3,3","0.000930070877075195","leiden","edit-xhwikibooks.graphml"
"0.56","0.24","0.2","0.426544655671882","1,1,2,2,2,3,2,3,3,3,2,2,3,3,3,3,3,2,4,2,5,1,3,3,3,3,3,3,1,3,2,4,2,2,4,4,3,3,5,5,5,5,1,1,1,1,5,1,1,1,5,5,5,5,5,1,1,1,1,5,6,5,5,3,3,5,5,5,5,5,1,5,3,3,5,5,5,5,5,5,5,3,3,3,3,7,5,5,5,5,8,9,10,5,5,5,3,5,5,5,5,5,5,5,5,5,5,2,2,5,5,5,5,4,4,4,4,4,4,4,4,3,3,3,3,3,3,3,3","0.000927925109863281","leiden","edit-xhwikibooks.graphml"
"0.55","0.25","0.2","0.430417417182238","1,1,2,2,2,3,2,3,3,3,2,2,3,3,3,4,3,2,5,2,6,1,3,3,3,3,3,4,1,3,2,5,2,2,5,5,3,3,6,6,6,6,1,1,1,1,6,1,1,1,6,6,6,6,6,1,1,1,1,6,7,6,6,3,3,6,6,6,6,6,1,6,3,3,6,6,6,6,6,6,6,3,4,4,4,8,6,6,6,6,9,10,11,6,6,6,4,6,6,6,6,6,6,6,6,6,6,2,2,6,6,6,6,5,5,5,5,5,5,5,5,3,3,3,3,3,3,3,3","0.000874996185302734","leiden","edit-xhwikibooks.graphml"
"0.54","0.26","0.2","0.430417417182238","1,1,2,2,2,3,2,3,3,3,2,2,3,3,3,4,3,2,5,2,6,1,3,3,3,3,3,4,1,3,2,5,2,2,5,5,3,3,6,6,6,6,1,1,1,1,6,1,1,1,6,6,6,6,6,1,1,1,1,6,7,6,6,3,3,6,6,6,6,6,1,6,3,3,6,6,6,6,6,6,6,3,4,4,4,8,6,6,6,6,9,10,11,6,6,6,4,6,6,6,6,6,6,6,6,6,6,2,2,6,6,6,6,5,5,5,5,5,5,5,5,3,3,3,3,3,3,3,3","0.00104808807373047","leiden","edit-xhwikibooks.graphml"
"0.53","0.27","0.2","0.427230983795368","1,1,2,2,2,3,2,3,3,3,2,2,3,3,3,4,3,2,3,2,5,1,3,3,3,3,3,4,1,3,2,3,2,2,3,3,6,3,5,5,5,5,1,1,1,1,5,1,1,1,5,5,5,5,5,1,1,1,1,5,7,5,5,3,3,5,5,5,5,5,1,5,3,3,5,5,5,5,5,5,5,3,4,4,4,8,5,5,5,5,9,10,11,5,5,5,4,5,5,5,5,5,5,5,5,5,5,2,2,5,5,5,5,3,3,3,3,3,3,3,3,6,6,6,6,6,6,6,6","0.00086212158203125","leiden","edit-xhwikibooks.graphml"
"0.52","0.28","0.2","0.431498702422145","1,1,2,2,2,3,2,3,3,3,2,2,3,3,3,4,3,2,5,2,6,1,3,3,3,3,3,4,1,3,2,5,2,2,5,5,3,3,6,6,6,6,1,1,1,1,6,1,1,1,6,6,6,6,6,1,1,1,1,6,7,6,6,3,3,6,6,6,6,6,1,6,3,3,6,6,6,6,6,6,6,3,4,4,4,8,6,6,6,6,9,10,11,6,6,6,4,6,6,6,6,6,6,6,6,6,6,2,2,6,6,6,6,5,5,5,5,5,5,5,5,3,3,3,3,3,3,3,3","0.000906944274902344","leiden","edit-xhwikibooks.graphml"
"0.51","0.29","0.2","0.434236891667598","1,1,2,2,2,3,2,3,3,3,2,2,3,3,3,4,3,2,5,2,6,1,3,3,3,3,3,4,1,3,2,5,2,2,5,5,3,3,6,6,6,6,1,1,1,1,6,1,1,1,6,6,6,6,6,1,1,1,1,6,7,6,6,3,3,6,6,6,6,6,1,6,3,3,6,6,6,6,6,6,6,3,4,4,4,8,6,6,6,6,9,10,11,6,6,6,4,6,6,6,6,6,6,6,6,6,6,2,2,6,6,6,6,5,5,5,5,5,5,5,5,3,3,3,3,3,3,3,3","0.000844001770019531","leiden","edit-xhwikibooks.graphml"
"0.5","0.3","0.2","0.432769047072921","1,1,1,1,2,1,2,1,3,1,2,2,1,3,3,1,1,2,4,2,5,6,1,3,3,3,3,1,1,1,2,4,2,2,4,4,3,3,5,5,5,5,6,6,6,6,5,6,6,6,5,5,5,5,5,6,6,6,6,5,7,5,5,3,3,5,5,5,5,5,6,5,3,3,5,5,5,5,5,5,5,3,1,1,1,8,5,5,5,5,9,10,11,5,5,5,1,5,5,5,5,5,5,5,5,5,5,2,2,5,5,5,5,4,4,4,4,4,4,4,4,3,3,3,3,3,3,3,3","0.000875949859619141","leiden","edit-xhwikibooks.graphml"
"0.49","0.31","0.2","0.435125337710749","1,1,2,2,2,3,2,3,3,3,2,2,3,3,3,4,3,2,5,2,6,1,3,3,3,3,3,4,1,3,2,5,2,2,5,5,3,3,6,6,6,6,1,1,1,1,6,1,1,1,6,6,6,6,6,1,1,1,1,6,7,6,6,3,3,6,6,6,6,6,1,6,3,3,6,6,6,6,6,6,6,3,4,4,4,8,6,6,6,6,9,10,11,6,6,6,4,6,6,6,6,6,6,6,6,6,6,2,2,6,6,6,6,5,5,5,5,5,5,5,5,3,3,3,3,3,3,3,3","0.000863075256347656","leiden","edit-xhwikibooks.graphml"
"0.48","0.32","0.2","0.434640098033992","1,1,2,2,2,3,2,3,3,3,2,2,3,3,3,4,3,2,5,2,6,1,3,3,3,3,3,4,1,3,2,5,2,2,5,5,3,3,6,6,6,6,1,1,1,1,6,1,1,1,6,6,6,6,6,1,1,1,1,6,7,6,6,3,3,6,6,6,6,6,1,6,3,3,6,6,6,6,6,6,6,3,4,4,4,8,6,6,6,6,9,10,11,6,6,6,4,6,6,6,6,6,6,6,6,6,6,2,2,6,6,6,6,5,5,5,5,5,5,5,5,3,3,3,3,3,3,3,3","0.000885963439941406","leiden","edit-xhwikibooks.graphml"
"0.47","0.33","0.2","0.433710906281635","1,1,1,1,2,1,2,1,3,1,2,2,1,3,3,1,1,2,4,2,5,6,1,3,3,3,3,1,1,1,2,4,2,2,4,4,3,3,5,5,5,5,6,6,6,6,5,6,6,6,5,5,5,5,5,6,6,6,6,5,7,5,5,3,3,5,5,5,5,5,6,5,3,3,5,5,5,5,5,5,5,3,1,1,1,8,5,5,5,5,9,10,11,5,5,5,1,5,5,5,5,5,5,5,5,5,5,2,2,5,5,5,5,4,4,4,4,4,4,4,4,3,3,3,3,3,3,3,3","0.00088191032409668","leiden","edit-xhwikibooks.graphml"
"0.46","0.34","0.2","0.452685714285714","1,1,1,1,2,1,2,1,3,1,2,2,1,3,3,1,1,2,4,2,5,6,1,3,3,3,3,1,1,1,2,4,2,2,4,4,3,3,5,5,5,5,6,6,6,6,5,6,6,6,5,5,5,5,5,6,6,6,6,5,7,5,5,3,3,5,5,5,5,5,6,5,3,3,5,5,5,5,5,5,5,3,1,1,1,8,5,5,5,5,9,10,11,5,5,5,1,5,5,5,5,5,5,5,5,5,5,2,2,5,5,5,5,4,4,4,4,4,4,4,4,3,3,3,3,3,3,3,3","0.000864982604980469","leiden","edit-xhwikibooks.graphml"
"0.45","0.35","0.2","0.452685714285714","1,1,1,1,2,1,2,1,3,1,2,2,1,3,3,1,1,2,4,2,5,6,1,3,3,3,3,1,1,1,2,4,2,2,4,4,3,3,5,5,5,5,6,6,6,6,5,6,6,6,5,5,5,5,5,6,6,6,6,5,7,5,5,3,3,5,5,5,5,5,6,5,3,3,5,5,5,5,5,5,5,3,1,1,1,8,5,5,5,5,9,10,11,5,5,5,1,5,5,5,5,5,5,5,5,5,5,2,2,5,5,5,5,4,4,4,4,4,4,4,4,3,3,3,3,3,3,3,3","0.000936985015869141","leiden","edit-xhwikibooks.graphml"
"0.44","0.36","0.2","0.452194846978333","1,1,1,1,2,1,2,1,3,1,2,2,1,3,3,1,1,2,4,2,5,6,1,3,3,3,3,1,1,1,2,4,2,2,4,4,3,3,5,5,5,5,6,6,6,6,5,6,6,6,5,5,5,5,5,6,6,6,6,5,7,5,5,3,3,5,5,5,5,5,6,5,3,3,5,5,5,5,5,5,5,3,1,1,1,8,5,5,5,5,9,10,11,5,5,5,1,5,5,5,5,5,5,5,5,5,5,2,2,5,5,5,5,4,4,4,4,4,4,4,4,3,3,3,3,3,3,3,3","0.000921010971069336","leiden","edit-xhwikibooks.graphml"
"0.43","0.37","0.2","0.454144041038628","1,1,2,2,2,3,2,3,3,3,2,2,3,3,3,4,3,2,5,2,6,1,3,3,3,3,3,4,1,3,2,5,2,2,5,5,3,3,6,6,6,6,1,1,1,1,6,1,1,1,6,6,6,6,6,1,1,1,1,6,7,6,6,3,3,6,6,6,6,6,1,6,3,3,6,6,6,6,6,6,6,3,4,4,4,8,6,6,6,6,9,10,11,6,6,6,4,6,6,6,6,6,6,6,6,6,6,2,2,6,6,6,6,5,5,5,5,5,5,5,5,3,3,3,3,3,3,3,3","0.00146389007568359","leiden","edit-xhwikibooks.graphml"
"0.42","0.38","0.2","0.45305528632623","1,1,1,1,2,1,2,1,3,1,2,2,1,3,3,1,1,2,4,2,5,6,1,3,3,3,3,1,1,1,2,4,2,2,4,4,3,3,5,5,5,5,6,6,6,6,5,6,6,6,5,5,5,5,5,6,6,6,6,5,7,5,5,3,3,5,5,5,5,5,6,5,3,3,5,5,5,5,5,5,5,3,1,1,1,8,5,5,5,5,9,10,11,5,5,5,1,5,5,5,5,5,5,5,5,5,5,2,2,5,5,5,5,4,4,4,4,4,4,4,4,3,3,3,3,3,3,3,3","0.00161099433898926","leiden","edit-xhwikibooks.graphml"
"0.41","0.39","0.2","0.454936886621901","1,1,2,2,2,3,2,3,3,3,2,2,3,3,3,4,3,2,5,2,6,1,3,3,3,3,3,4,1,3,2,5,2,2,5,5,3,3,6,6,6,6,1,1,1,1,6,1,1,1,6,6,6,6,6,1,1,1,1,6,7,6,6,3,3,6,6,6,6,6,1,6,3,3,6,6,6,6,6,6,6,3,4,4,4,8,6,6,6,6,9,10,11,6,6,6,4,6,6,6,6,6,6,6,6,6,6,2,2,6,6,6,6,5,5,5,5,5,5,5,5,3,3,3,3,3,3,3,3","0.00146603584289551","leiden","edit-xhwikibooks.graphml"
"0.4","0.4","0.2","0.456501863562796","1,1,1,1,2,1,2,1,3,1,2,2,1,3,3,1,1,2,4,2,5,6,1,3,3,3,3,1,1,1,2,4,2,2,4,4,3,3,5,5,5,5,6,6,6,6,5,6,6,6,5,5,5,5,5,6,6,6,6,5,7,5,5,3,3,5,5,5,5,5,6,5,3,3,5,5,5,5,5,5,5,3,1,1,1,8,5,5,5,5,9,10,11,5,5,5,1,5,5,5,5,5,5,5,5,5,5,2,2,5,5,5,5,4,4,4,4,4,4,4,4,3,3,3,3,3,3,3,3","0.00148797035217285","leiden","edit-xhwikibooks.graphml"
"0.39","0.41","0.2","0.440732889772405","1,1,2,2,2,2,2,3,2,2,2,2,3,3,3,2,4,2,5,2,6,1,3,3,3,3,3,2,1,7,8,5,2,2,5,5,3,3,6,6,6,6,1,1,1,1,6,1,1,1,6,6,6,6,6,1,1,1,1,6,9,6,6,10,11,6,6,6,6,6,1,6,3,3,6,6,6,6,6,6,6,12,2,2,2,13,6,6,6,6,14,15,16,6,6,6,17,6,6,6,6,6,6,6,6,6,6,18,19,6,6,6,6,5,5,5,5,5,5,5,5,3,3,3,3,3,3,3,3","0.00167298316955566","leiden","edit-xhwikibooks.graphml"
"0.38","0.42","0.2","0.439644778978923","1,1,2,2,2,3,2,3,3,3,2,2,3,3,3,4,5,2,6,2,7,1,3,3,3,3,3,4,1,8,9,6,2,2,6,6,3,3,7,7,7,7,1,1,1,1,7,1,1,1,7,7,7,7,7,1,1,1,1,7,10,7,7,11,12,7,7,7,7,7,1,7,3,3,7,7,7,7,7,7,7,13,4,4,4,14,7,7,7,7,15,16,17,7,7,7,18,7,7,7,7,7,7,7,7,7,7,19,20,7,7,7,7,6,6,6,6,6,6,6,6,3,3,3,3,3,3,3,3","0.00116086006164551","leiden","edit-xhwikibooks.graphml"
"0.37","0.43","0.2","0.442528273738513","1,1,2,2,2,3,2,3,3,3,2,2,3,3,3,4,5,2,6,2,7,1,3,3,3,3,3,4,1,8,9,6,2,2,6,6,3,3,7,7,7,7,1,1,1,1,7,1,1,1,7,7,7,7,7,1,1,1,1,7,10,7,7,11,12,7,7,7,7,7,1,7,3,3,7,7,7,7,7,7,7,13,4,4,4,14,7,7,7,7,15,16,17,7,7,7,18,7,7,7,7,7,7,7,7,7,7,19,20,7,7,7,7,6,6,6,6,6,6,6,6,3,3,3,3,3,3,3,3","0.00115394592285156","leiden","edit-xhwikibooks.graphml"
"0.36","0.44","0.2","0.44257230411793","1,1,2,2,2,2,2,3,2,2,2,2,3,3,3,2,4,2,5,2,6,1,3,3,3,3,3,2,1,7,8,5,2,2,5,5,3,3,6,6,6,6,1,1,1,1,6,1,1,1,6,6,6,6,6,1,1,1,1,6,9,6,6,10,11,6,6,6,6,6,1,6,3,3,6,6,6,6,6,6,6,12,2,2,2,13,6,6,6,6,14,15,16,6,6,6,17,6,6,6,6,6,6,6,6,6,6,18,19,6,6,6,6,5,5,5,5,5,5,5,5,3,3,3,3,3,3,3,3","0.000927209854125977","leiden","edit-xhwikibooks.graphml"
"0.35","0.45","0.2","0.44484346545393","1,1,2,2,2,3,2,3,3,3,2,2,3,3,3,4,5,2,6,2,7,1,3,3,3,3,3,4,1,8,9,6,2,2,6,6,3,3,7,7,7,7,1,1,1,1,7,1,1,1,7,7,7,7,7,1,1,1,1,7,10,7,7,11,12,7,7,7,7,7,1,7,3,3,7,7,7,7,7,7,7,13,4,4,4,14,7,7,7,7,15,16,17,7,7,7,18,7,7,7,7,7,7,7,7,7,7,19,20,7,7,7,7,6,6,6,6,6,6,6,6,3,3,3,3,3,3,3,3","0.000864982604980469","leiden","edit-xhwikibooks.graphml"
"0.34","0.46","0.2","0.444311488622977","1,1,2,2,2,3,2,3,3,3,2,2,3,3,3,4,5,2,6,2,7,1,3,3,3,3,3,4,1,8,9,6,2,2,6,6,3,3,7,7,7,7,1,1,1,1,7,1,1,1,7,7,7,7,7,1,1,1,1,7,10,7,7,11,12,7,7,7,7,7,1,7,3,3,7,7,7,7,7,7,7,13,4,4,4,14,7,7,7,7,15,16,17,7,7,7,18,7,7,7,7,7,7,7,7,7,7,19,20,7,7,7,7,6,6,6,6,6,6,6,6,3,3,3,3,3,3,3,3","0.000812053680419922","leiden","edit-xhwikibooks.graphml"
"0.33","0.47","0.2","0.445788091847633","1,1,2,2,2,3,2,3,3,3,2,2,3,3,3,4,5,2,6,2,7,1,3,3,3,3,3,4,1,8,9,6,2,2,6,6,3,3,7,7,7,7,1,1,1,1,7,1,1,1,7,7,7,7,7,1,1,1,1,7,10,7,7,11,12,7,7,7,7,7,1,7,3,3,7,7,7,7,7,7,7,13,4,4,4,14,7,7,7,7,15,16,17,7,7,7,18,7,7,7,7,7,7,7,7,7,7,19,20,7,7,7,7,6,6,6,6,6,6,6,6,3,3,3,3,3,3,3,3","0.000880002975463867","leiden","edit-xhwikibooks.graphml"
"0.32","0.48","0.2","0.44585466114957","1,1,2,2,2,2,2,3,2,2,2,2,3,3,3,2,4,2,5,2,6,1,3,3,3,3,3,2,1,7,8,5,2,2,5,5,3,3,6,6,6,6,1,1,1,1,6,1,1,1,6,6,6,6,6,1,1,1,1,6,9,6,6,10,11,6,6,6,6,6,1,6,3,3,6,6,6,6,6,6,6,12,2,2,2,13,6,6,6,6,14,15,16,6,6,6,17,6,6,6,6,6,6,6,6,6,6,18,19,6,6,6,6,5,5,5,5,5,5,5,5,3,3,3,3,3,3,3,3","0.000854969024658203","leiden","edit-xhwikibooks.graphml"
"0.31","0.49","0.2","0.445257030477932","1,1,2,2,2,3,2,3,3,3,2,2,3,3,3,4,5,2,6,2,7,1,3,3,3,3,3,4,1,8,9,6,2,2,6,6,3,3,7,7,7,7,1,1,1,1,7,1,1,1,7,7,7,7,7,1,1,1,1,7,10,7,7,11,12,7,7,7,7,7,1,7,3,3,7,7,7,7,7,7,7,13,4,4,4,14,7,7,7,7,15,16,17,7,7,7,18,7,7,7,7,7,7,7,7,7,7,19,20,7,7,7,7,6,6,6,6,6,6,6,6,3,3,3,3,3,3,3,3","0.000817060470581055","leiden","edit-xhwikibooks.graphml"
"0.3","0.5","0.2","0.501178180442205","1,1,2,2,2,2,2,3,2,2,2,2,3,3,3,2,4,2,5,2,6,1,3,3,3,3,3,2,1,7,8,5,2,2,5,5,3,3,6,6,6,6,1,1,1,1,6,1,1,1,6,6,6,6,6,1,1,1,1,6,9,6,6,10,11,6,6,6,6,6,1,6,3,3,6,6,6,6,6,6,6,12,2,2,2,13,6,6,6,6,14,15,16,6,6,6,17,6,6,6,6,6,6,6,6,6,6,18,19,6,6,6,6,5,5,5,5,5,5,5,5,3,3,3,3,3,3,3,3","0.000913858413696289","leiden","edit-xhwikibooks.graphml"
"0.29","0.51","0.2","0.501178180442205","1,1,2,2,2,2,2,3,2,2,2,2,3,3,3,2,4,2,5,2,6,1,3,3,3,3,3,2,1,7,8,5,2,2,5,5,3,3,6,6,6,6,1,1,1,1,6,1,1,1,6,6,6,6,6,1,1,1,1,6,9,6,6,10,11,6,6,6,6,6,1,6,3,3,6,6,6,6,6,6,6,12,2,2,2,13,6,6,6,6,14,15,16,6,6,6,17,6,6,6,6,6,6,6,6,6,6,18,19,6,6,6,6,5,5,5,5,5,5,5,5,3,3,3,3,3,3,3,3","0.000896930694580078","leiden","edit-xhwikibooks.graphml"
"0.28","0.52","0.2","0.501178180442205","1,1,2,2,2,2,2,3,2,2,2,2,3,3,3,2,4,2,5,2,6,1,3,3,3,3,3,2,1,7,8,5,2,2,5,5,3,3,6,6,6,6,1,1,1,1,6,1,1,1,6,6,6,6,6,1,1,1,1,6,9,6,6,10,11,6,6,6,6,6,1,6,3,3,6,6,6,6,6,6,6,12,2,2,2,13,6,6,6,6,14,15,16,6,6,6,17,6,6,6,6,6,6,6,6,6,6,18,19,6,6,6,6,5,5,5,5,5,5,5,5,3,3,3,3,3,3,3,3","0.000932931900024414","leiden","edit-xhwikibooks.graphml"
"0.27","0.53","0.2","0.500650604837413","1,1,2,2,2,2,2,3,2,2,2,2,3,3,3,2,4,2,5,2,6,1,3,3,3,3,3,2,1,7,8,5,2,2,5,5,3,3,6,6,6,6,1,1,1,1,6,1,1,1,6,6,6,6,6,1,1,1,1,6,9,6,6,10,11,6,6,6,6,6,1,6,3,3,6,6,6,6,6,6,6,12,2,2,2,13,6,6,6,6,14,15,16,6,6,6,17,6,6,6,6,6,6,6,6,6,6,18,19,6,6,6,6,5,5,5,5,5,5,5,5,3,3,3,3,3,3,3,3","0.000967979431152344","leiden","edit-xhwikibooks.graphml"
"0.26","0.54","0.2","0.501868096166342","1,1,2,2,2,2,2,3,2,2,2,2,3,3,3,2,4,2,5,2,6,1,3,3,3,3,3,2,1,7,8,5,2,2,5,5,3,3,6,6,6,6,1,1,1,1,6,1,1,1,6,6,6,6,6,1,1,1,1,6,9,6,6,10,11,6,6,6,6,6,1,6,3,3,6,6,6,6,6,6,6,12,2,2,2,13,6,6,6,6,14,15,16,6,6,6,17,6,6,6,6,6,6,6,6,6,6,18,19,6,6,6,6,5,5,5,5,5,5,5,5,3,3,3,3,3,3,3,3","0.00101280212402344","leiden","edit-xhwikibooks.graphml"
"0.25","0.55","0.2","0.50134157387181","1,1,2,2,2,2,2,3,2,2,2,2,3,3,3,2,4,2,5,2,6,1,3,3,3,3,3,2,1,7,8,5,2,2,5,5,3,3,6,6,6,6,1,1,1,1,6,1,1,1,6,6,6,6,6,1,1,1,1,6,9,6,6,10,11,6,6,6,6,6,1,6,3,3,6,6,6,6,6,6,6,12,2,2,2,13,6,6,6,6,14,15,16,6,6,6,17,6,6,6,6,6,6,6,6,6,6,18,19,6,6,6,6,5,5,5,5,5,5,5,5,3,3,3,3,3,3,3,3","0.000998973846435547","leiden","edit-xhwikibooks.graphml"
"0.24","0.56","0.2","0.504780878177393","1,1,2,2,2,3,2,3,3,3,2,2,3,3,3,4,5,2,6,2,7,1,3,3,3,3,3,4,1,8,9,6,2,2,6,6,10,3,7,7,7,7,1,1,1,1,7,1,1,1,7,7,7,7,7,1,1,1,1,7,11,7,7,12,13,7,7,7,7,7,1,7,3,3,7,7,7,7,7,7,7,14,4,4,4,15,7,7,7,7,16,17,18,7,7,7,19,7,7,7,7,7,7,7,7,7,7,20,21,7,7,7,7,6,6,6,6,6,6,6,6,10,10,10,10,10,10,10,10","0.000893115997314453","leiden","edit-xhwikibooks.graphml"
"0.23","0.57","0.2","0.504233012653748","1,1,2,2,2,2,2,3,2,2,2,2,3,3,3,2,4,2,5,2,6,1,3,3,3,3,3,2,1,7,8,5,2,2,5,5,3,3,6,6,6,6,1,1,1,1,6,1,1,1,6,6,6,6,6,1,1,1,1,6,9,6,6,10,11,6,6,6,6,6,1,6,3,3,6,6,6,6,6,6,6,12,2,2,2,13,6,6,6,6,14,15,16,6,6,6,17,6,6,6,6,6,6,6,6,6,6,18,19,6,6,6,6,5,5,5,5,5,5,5,5,3,3,3,3,3,3,3,3","0.00088810920715332","leiden","edit-xhwikibooks.graphml"
"0.22","0.58","0.2","0.506480886150444","1,1,2,2,2,3,2,3,3,3,2,2,3,3,3,4,5,2,6,2,7,1,3,3,3,3,3,4,1,8,9,6,2,2,6,6,10,3,7,7,7,7,1,1,1,1,7,1,1,1,7,7,7,7,7,1,1,1,1,7,11,7,7,12,13,7,7,7,7,7,1,7,3,3,7,7,7,7,7,7,7,14,4,4,4,15,7,7,7,7,16,17,18,7,7,7,19,7,7,7,7,7,7,7,7,7,7,20,21,7,7,7,7,6,6,6,6,6,6,6,6,10,10,10,10,10,10,10,10","0.000905990600585938","leiden","edit-xhwikibooks.graphml"
"0.21","0.59","0.2","0.505951585418825","1,1,2,2,2,3,2,3,3,3,2,2,3,3,3,4,5,2,6,2,7,1,3,3,3,3,3,4,1,8,9,6,2,2,6,6,10,3,7,7,7,7,1,1,1,1,7,1,1,1,7,7,7,7,7,1,1,1,1,7,11,7,7,12,13,7,7,7,7,7,1,7,3,3,7,7,7,7,7,7,7,14,4,4,4,15,7,7,7,7,16,17,18,7,7,7,19,7,7,7,7,7,7,7,7,7,7,20,21,7,7,7,7,6,6,6,6,6,6,6,6,10,10,10,10,10,10,10,10","0.000813961029052734","leiden","edit-xhwikibooks.graphml"
"0.2","0.6","0.2","0.509502613736349","1,1,2,2,2,2,2,3,2,2,2,2,3,3,3,2,4,2,5,2,6,1,3,3,3,3,3,2,1,7,8,5,2,2,5,5,9,3,6,6,6,6,1,1,1,1,6,1,1,1,6,6,6,6,6,1,1,1,1,6,10,6,6,11,12,6,6,6,6,6,1,6,3,3,6,6,6,6,6,6,6,13,2,2,2,14,6,6,6,6,15,16,17,6,6,6,18,6,6,6,6,6,6,6,6,6,6,19,20,6,6,6,6,5,5,5,5,5,5,5,5,9,9,9,9,9,9,9,9","0.000931024551391602","leiden","edit-xhwikibooks.graphml"
"0.19","0.61","0.2","0.480865178154487","1,1,1,2,3,2,4,5,2,2,4,6,5,5,5,2,7,8,4,9,10,1,11,5,5,5,5,2,1,12,13,14,9,15,4,4,5,5,10,10,10,10,1,1,1,1,10,1,1,1,10,10,10,10,10,1,1,1,1,10,16,10,10,17,18,10,10,10,10,10,1,10,19,20,10,10,10,10,10,10,10,21,22,23,24,25,10,10,10,10,26,27,28,10,10,10,29,10,10,10,10,10,10,10,10,10,10,30,31,10,10,10,10,4,4,4,4,4,4,4,4,5,5,5,5,5,5,5,5","0.000908851623535156","leiden","edit-xhwikibooks.graphml"
"0.18","0.62","0.2","0.482141902428158","1,1,1,2,3,2,4,5,2,2,4,6,5,5,5,2,7,8,4,9,10,1,11,5,5,5,5,2,1,12,13,14,9,15,4,4,5,5,10,10,10,10,1,1,1,1,10,1,1,1,10,10,10,10,10,1,1,1,1,10,16,10,10,17,18,10,10,10,10,10,1,10,19,20,10,10,10,10,10,10,10,21,22,23,24,25,10,10,10,10,26,27,28,10,10,10,29,10,10,10,10,10,10,10,10,10,10,30,31,10,10,10,10,4,4,4,4,4,4,4,4,5,5,5,5,5,5,5,5","0.00101804733276367","leiden","edit-xhwikibooks.graphml"
"0.17","0.63","0.2","0.4816120699803","1,1,1,2,3,2,4,5,2,2,4,6,5,5,5,2,7,8,4,9,10,1,11,5,5,5,5,2,1,12,13,14,9,15,4,4,5,5,10,10,10,10,1,1,1,1,10,1,1,1,10,10,10,10,10,1,1,1,1,10,16,10,10,17,18,10,10,10,10,10,1,10,19,20,10,10,10,10,10,10,10,21,22,23,24,25,10,10,10,10,26,27,28,10,10,10,29,10,10,10,10,10,10,10,10,10,10,30,31,10,10,10,10,4,4,4,4,4,4,4,4,5,5,5,5,5,5,5,5","0.000962018966674805","leiden","edit-xhwikibooks.graphml"
"0.16","0.64","0.2","0.4816120699803","1,1,1,2,3,2,4,5,2,2,4,6,5,5,5,2,7,8,4,9,10,1,11,5,5,5,5,2,1,12,13,14,9,15,4,4,5,5,10,10,10,10,1,1,1,1,10,1,1,1,10,10,10,10,10,1,1,1,1,10,16,10,10,17,18,10,10,10,10,10,1,10,19,20,10,10,10,10,10,10,10,21,22,23,24,25,10,10,10,10,26,27,28,10,10,10,29,10,10,10,10,10,10,10,10,10,10,30,31,10,10,10,10,4,4,4,4,4,4,4,4,5,5,5,5,5,5,5,5","0.000936031341552734","leiden","edit-xhwikibooks.graphml"
"0.15","0.65","0.2","0.481083253613945","1,1,1,2,3,2,4,5,2,2,4,6,5,5,5,2,7,8,4,9,10,1,11,5,5,5,5,2,1,12,13,14,9,15,4,4,5,5,10,10,10,10,1,1,1,1,10,1,1,1,10,10,10,10,10,1,1,1,1,10,16,10,10,17,18,10,10,10,10,10,1,10,19,20,10,10,10,10,10,10,10,21,22,23,24,25,10,10,10,10,26,27,28,10,10,10,29,10,10,10,10,10,10,10,10,10,10,30,31,10,10,10,10,4,4,4,4,4,4,4,4,5,5,5,5,5,5,5,5","0.000929117202758789","leiden","edit-xhwikibooks.graphml"
"0.14","0.66","0.2","0.481083253613945","1,1,1,2,3,2,4,5,2,2,4,6,5,5,5,2,7,8,4,9,10,1,11,5,5,5,5,2,1,12,13,14,9,15,4,4,5,5,10,10,10,10,1,1,1,1,10,1,1,1,10,10,10,10,10,1,1,1,1,10,16,10,10,17,18,10,10,10,10,10,1,10,19,20,10,10,10,10,10,10,10,21,22,23,24,25,10,10,10,10,26,27,28,10,10,10,29,10,10,10,10,10,10,10,10,10,10,30,31,10,10,10,10,4,4,4,4,4,4,4,4,5,5,5,5,5,5,5,5","0.000931978225708008","leiden","edit-xhwikibooks.graphml"
"0.13","0.67","0.2","0.498103689013473","1,1,1,2,3,2,4,5,2,2,4,6,5,5,5,2,7,8,9,10,11,1,12,5,5,5,5,2,1,13,14,15,10,16,9,9,5,5,11,11,11,11,1,1,1,1,11,1,1,1,11,11,11,11,11,1,1,1,1,11,17,11,11,18,19,11,11,11,11,11,1,11,20,21,11,11,11,11,11,11,11,22,23,24,25,26,11,11,11,11,27,28,29,11,11,11,30,11,11,11,11,11,11,11,11,11,11,31,32,11,11,11,11,9,9,9,9,9,9,9,9,5,5,5,5,5,5,5,5","0.000905036926269531","leiden","edit-xhwikibooks.graphml"
"0.12","0.68","0.2","0.498103689013473","1,1,1,2,3,2,4,5,2,2,4,6,5,5,5,2,7,8,9,10,11,1,12,5,5,5,5,2,1,13,14,15,10,16,9,9,5,5,11,11,11,11,1,1,1,1,11,1,1,1,11,11,11,11,11,1,1,1,1,11,17,11,11,18,19,11,11,11,11,11,1,11,20,21,11,11,11,11,11,11,11,22,23,24,25,26,11,11,11,11,27,28,29,11,11,11,30,11,11,11,11,11,11,11,11,11,11,31,32,11,11,11,11,9,9,9,9,9,9,9,9,5,5,5,5,5,5,5,5","0.00114297866821289","leiden","edit-xhwikibooks.graphml"
"0.11","0.69","0.2","0.497575758856139","1,1,1,2,3,2,4,5,2,2,4,6,5,5,5,2,7,8,9,10,11,1,12,5,5,5,5,2,1,13,14,15,10,16,9,9,5,5,11,11,11,11,1,1,1,1,11,1,1,1,11,11,11,11,11,1,1,1,1,11,17,11,11,18,19,11,11,11,11,11,1,11,20,21,11,11,11,11,11,11,11,22,23,24,25,26,11,11,11,11,27,28,29,11,11,11,30,11,11,11,11,11,11,11,11,11,11,31,32,11,11,11,11,9,9,9,9,9,9,9,9,5,5,5,5,5,5,5,5","0.000879049301147461","leiden","edit-xhwikibooks.graphml"
"0.1","0.7","0.2","0.498769803737353","1,1,1,2,3,2,4,5,2,2,4,6,5,5,5,2,7,8,9,10,11,1,12,5,5,5,5,2,1,13,14,15,10,16,9,9,5,5,11,11,11,11,1,1,1,1,11,1,1,1,11,11,11,11,11,1,1,1,1,11,17,11,11,18,19,11,11,11,11,11,1,11,20,21,11,11,11,11,11,11,11,22,23,24,25,26,11,11,11,11,27,28,29,11,11,11,30,11,11,11,11,11,11,11,11,11,11,31,32,11,11,11,11,9,9,9,9,9,9,9,9,5,5,5,5,5,5,5,5","0.00090789794921875","leiden","edit-xhwikibooks.graphml"
"0.09","0.71","0.2","0.498243016173073","1,1,1,2,3,2,4,5,2,2,4,6,5,5,5,2,7,8,9,10,11,1,12,5,5,5,5,2,1,13,14,15,10,16,9,9,5,5,11,11,11,11,1,1,1,1,11,1,1,1,11,11,11,11,11,1,1,1,1,11,17,11,11,18,19,11,11,11,11,11,1,11,20,21,11,11,11,11,11,11,11,22,23,24,25,26,11,11,11,11,27,28,29,11,11,11,30,11,11,11,11,11,11,11,11,11,11,31,32,11,11,11,11,9,9,9,9,9,9,9,9,5,5,5,5,5,5,5,5","0.000905036926269531","leiden","edit-xhwikibooks.graphml"
"0.08","0.72","0.2","0.500491788900398","1,1,1,2,3,2,4,5,2,2,4,6,5,5,5,2,7,8,9,10,11,1,12,5,5,5,5,2,1,13,14,15,10,16,9,9,5,5,11,11,11,11,1,1,1,1,11,1,1,1,11,11,11,11,11,1,1,1,1,11,17,11,11,18,19,11,11,11,11,11,1,11,20,21,11,11,11,11,11,11,11,22,23,24,25,26,11,11,11,11,27,28,29,11,11,11,30,11,11,11,11,11,11,11,11,11,11,31,32,11,11,11,11,9,9,9,9,9,9,9,9,5,5,5,5,5,5,5,5","0.000919103622436523","leiden","edit-xhwikibooks.graphml"
"0.07","0.73","0.2","0.499966683949368","1,1,1,2,3,2,4,5,2,2,4,6,5,5,5,2,7,8,9,10,11,1,12,5,5,5,5,2,1,13,14,15,10,16,9,9,5,5,11,11,11,11,1,1,1,1,11,1,1,1,11,11,11,11,11,1,1,1,1,11,17,11,11,18,19,11,11,11,11,11,1,11,20,21,11,11,11,11,11,11,11,22,23,24,25,26,11,11,11,11,27,28,29,11,11,11,30,11,11,11,11,11,11,11,11,11,11,31,32,11,11,11,11,9,9,9,9,9,9,9,9,5,5,5,5,5,5,5,5","0.000939130783081055","leiden","edit-xhwikibooks.graphml"
"0.06","0.74","0.2","0.499966683949368","1,1,1,2,3,2,4,5,2,2,4,6,5,5,5,2,7,8,9,10,11,1,12,5,5,5,5,2,1,13,14,15,10,16,9,9,5,5,11,11,11,11,1,1,1,1,11,1,1,1,11,11,11,11,11,1,1,1,1,11,17,11,11,18,19,11,11,11,11,11,1,11,20,21,11,11,11,11,11,11,11,22,23,24,25,26,11,11,11,11,27,28,29,11,11,11,30,11,11,11,11,11,11,11,11,11,11,31,32,11,11,11,11,9,9,9,9,9,9,9,9,5,5,5,5,5,5,5,5","0.000903844833374023","leiden","edit-xhwikibooks.graphml"
"0.05","0.75","0.2","0.503050581607175","1,1,1,2,3,2,4,5,2,2,4,6,5,5,5,2,7,8,9,10,11,1,12,5,5,5,5,2,1,13,14,15,10,16,9,9,5,5,11,11,11,11,1,1,1,1,11,1,1,1,11,11,11,11,11,1,1,1,1,11,17,11,11,18,19,11,11,11,11,11,1,11,20,21,11,11,11,11,11,11,11,22,23,24,25,26,11,11,11,11,27,28,29,11,11,11,30,11,11,11,11,11,11,11,11,11,11,31,32,11,11,11,11,9,9,9,9,9,9,9,9,5,5,5,5,5,5,5,5","0.000906944274902344","leiden","edit-xhwikibooks.graphml"
"0.04","0.76","0.2","0.50421281434471","1,1,1,2,3,2,4,5,2,2,4,6,5,5,5,2,7,8,9,10,11,1,12,5,5,5,5,2,1,13,14,15,10,16,9,9,5,5,11,11,11,11,1,1,1,1,11,1,1,1,11,11,11,11,11,1,1,1,1,11,17,11,11,18,19,11,11,11,11,11,1,11,20,21,11,11,11,11,11,11,11,22,23,24,25,26,11,11,11,11,27,28,29,11,11,11,30,11,11,11,11,11,11,11,11,11,11,31,32,11,11,11,11,9,9,9,9,9,9,9,9,5,5,5,5,5,5,5,5","0.000941038131713867","leiden","edit-xhwikibooks.graphml"
"0.03","0.77","0.2","0.505366341861764","1,1,1,2,3,2,4,5,2,2,4,6,5,5,5,2,7,8,9,10,11,1,12,5,5,5,5,2,1,13,14,15,10,16,9,9,5,5,11,11,11,11,1,1,1,1,11,1,1,1,11,11,11,11,11,1,1,1,1,11,17,11,11,18,19,11,11,11,11,11,1,11,20,21,11,11,11,11,11,11,11,22,23,24,25,26,11,11,11,11,27,28,29,11,11,11,30,11,11,11,11,11,11,11,11,11,11,31,32,11,11,11,11,9,9,9,9,9,9,9,9,5,5,5,5,5,5,5,5","0.000946998596191406","leiden","edit-xhwikibooks.graphml"
"0.02","0.78","0.2","0.507015973896316","1,1,1,2,3,2,4,5,2,2,4,6,5,5,5,2,7,8,9,10,11,1,12,5,5,5,5,2,1,13,14,15,10,16,9,9,5,5,11,11,11,11,1,1,1,1,11,1,1,1,11,11,11,11,11,1,1,1,1,11,17,11,11,18,19,11,11,11,11,11,1,11,20,21,11,11,11,11,11,11,11,22,23,24,25,26,11,11,11,11,27,28,29,11,11,11,30,11,11,11,11,11,11,11,11,11,11,31,32,11,11,11,11,9,9,9,9,9,9,9,9,5,5,5,5,5,5,5,5","0.00097203254699707","leiden","edit-xhwikibooks.graphml"
"0.01","0.79","0.2","0.507015973896316","1,1,1,2,3,2,4,5,2,2,4,6,5,5,5,2,7,8,9,10,11,1,12,5,5,5,5,2,1,13,14,15,10,16,9,9,5,5,11,11,11,11,1,1,1,1,11,1,1,1,11,11,11,11,11,1,1,1,1,11,17,11,11,18,19,11,11,11,11,11,1,11,20,21,11,11,11,11,11,11,11,22,23,24,25,26,11,11,11,11,27,28,29,11,11,11,30,11,11,11,11,11,11,11,11,11,11,31,32,11,11,11,11,9,9,9,9,9,9,9,9,5,5,5,5,5,5,5,5","0.000962972640991211","leiden","edit-xhwikibooks.graphml"
"0","0.8","0.2","0.511431242898624","1,1,1,2,1,2,3,4,2,2,3,5,4,4,4,2,6,7,8,9,10,1,11,4,4,4,4,2,1,12,13,14,9,15,8,8,4,4,10,10,10,10,1,1,1,1,10,1,1,1,10,10,10,10,10,1,1,1,1,10,16,10,10,17,18,10,10,10,10,10,1,10,19,20,10,10,10,10,10,10,10,21,22,23,24,25,10,10,10,10,26,27,28,10,10,10,29,10,10,10,10,10,10,10,10,10,10,30,31,10,10,10,10,8,8,8,8,8,8,8,8,4,4,4,4,4,4,4,4","0.00118899345397949","leiden","edit-xhwikibooks.graphml"
"0.79","0","0.21","0.4367687680998","1,1,2,3,2,3,2,3,3,3,2,2,3,3,3,3,3,2,5,2,6,1,3,3,3,3,3,3,1,3,2,5,2,2,5,5,4,3,6,6,6,6,1,1,1,1,6,1,1,1,6,6,6,6,6,1,1,1,1,6,3,6,6,3,3,6,6,6,6,6,1,6,3,3,6,6,6,6,6,6,6,3,3,3,3,1,6,6,6,6,3,2,5,6,6,6,3,6,6,6,6,6,6,6,6,6,6,2,2,6,6,6,6,5,5,5,5,5,5,5,5,4,4,4,4,4,4,4,4","0.000829935073852539","leiden","edit-xhwikibooks.graphml"
"0.78","0.01","0.21","0.43672421474716","1,1,2,3,2,3,2,3,3,3,2,2,3,3,3,3,3,2,4,2,5,1,3,3,3,3,3,3,1,3,2,4,2,2,4,4,3,3,5,5,5,5,1,1,1,1,5,1,1,1,5,5,5,5,5,1,1,1,1,5,3,5,5,3,3,5,5,5,5,5,1,5,3,3,5,5,5,5,5,5,5,3,3,3,3,1,5,5,5,5,3,2,4,5,5,5,3,5,5,5,5,5,5,5,5,5,5,2,2,5,5,5,5,4,4,4,4,4,4,4,4,3,3,3,3,3,3,3,3","0.000831127166748047","leiden","edit-xhwikibooks.graphml"
"0.77","0.02","0.21","0.4367687680998","1,1,2,3,2,3,2,3,3,3,2,2,3,3,3,3,3,2,5,2,6,1,3,3,3,3,3,3,1,3,2,5,2,2,5,5,4,3,6,6,6,6,1,1,1,1,6,1,1,1,6,6,6,6,6,1,1,1,1,6,3,6,6,3,3,6,6,6,6,6,1,6,3,3,6,6,6,6,6,6,6,3,3,3,3,1,6,6,6,6,3,2,5,6,6,6,3,6,6,6,6,6,6,6,6,6,6,2,2,6,6,6,6,5,5,5,5,5,5,5,5,4,4,4,4,4,4,4,4","0.000822067260742188","leiden","edit-xhwikibooks.graphml"
"0.76","0.03","0.21","0.436271907711648","1,1,2,3,2,3,2,3,3,3,2,2,3,3,3,3,3,2,5,2,6,1,3,3,3,3,3,3,1,3,2,5,2,2,5,5,4,3,6,6,6,6,1,1,1,1,6,1,1,1,6,6,6,6,6,1,1,1,1,6,3,6,6,3,3,6,6,6,6,6,1,6,3,3,6,6,6,6,6,6,6,3,3,3,3,1,6,6,6,6,3,2,5,6,6,6,3,6,6,6,6,6,6,6,6,6,6,2,2,6,6,6,6,5,5,5,5,5,5,5,5,4,4,4,4,4,4,4,4","0.000819921493530273","leiden","edit-xhwikibooks.graphml"
"0.75","0.04","0.21","0.436271907711648","1,1,2,3,2,3,2,3,3,3,2,2,3,3,3,3,3,2,5,2,6,1,3,3,3,3,3,3,1,3,2,5,2,2,5,5,4,3,6,6,6,6,1,1,1,1,6,1,1,1,6,6,6,6,6,1,1,1,1,6,3,6,6,3,3,6,6,6,6,6,1,6,3,3,6,6,6,6,6,6,6,3,3,3,3,1,6,6,6,6,3,2,5,6,6,6,3,6,6,6,6,6,6,6,6,6,6,2,2,6,6,6,6,5,5,5,5,5,5,5,5,4,4,4,4,4,4,4,4","0.000814914703369141","leiden","edit-xhwikibooks.graphml"
"0.74","0.05","0.21","0.435776068239796","1,1,2,3,2,3,2,3,3,3,2,2,3,3,3,3,3,2,5,2,6,1,3,3,3,3,3,3,1,3,2,5,2,2,5,5,4,3,6,6,6,6,1,1,1,1,6,1,1,1,6,6,6,6,6,1,1,1,1,6,3,6,6,3,3,6,6,6,6,6,1,6,3,3,6,6,6,6,6,6,6,3,3,3,3,1,6,6,6,6,3,2,5,6,6,6,3,6,6,6,6,6,6,6,6,6,6,2,2,6,6,6,6,5,5,5,5,5,5,5,5,4,4,4,4,4,4,4,4","0.000838994979858398","leiden","edit-xhwikibooks.graphml"
"0.73","0.06","0.21","0.427949345742139","1,1,2,2,2,3,2,3,3,3,2,2,3,3,3,3,3,2,4,2,5,1,3,3,3,3,3,3,1,3,2,4,2,2,4,4,3,3,5,5,5,5,1,1,1,1,5,1,1,1,5,5,5,5,5,1,1,1,1,5,3,5,5,3,3,5,5,5,5,5,1,5,3,3,5,5,5,5,5,5,5,3,3,3,3,1,5,5,5,5,3,2,4,5,5,5,3,5,5,5,5,5,5,5,5,5,5,2,2,5,5,5,5,4,4,4,4,4,4,4,4,3,3,3,3,3,3,3,3","0.000796079635620117","leiden","edit-xhwikibooks.graphml"
"0.72","0.07","0.21","0.427460557577283","1,1,2,2,2,3,2,3,3,3,2,2,3,3,3,3,3,2,4,2,5,1,3,3,3,3,3,3,1,3,2,4,2,2,4,4,3,3,5,5,5,5,1,1,1,1,5,1,1,1,5,5,5,5,5,1,1,1,1,5,3,5,5,3,3,5,5,5,5,5,1,5,3,3,5,5,5,5,5,5,5,3,3,3,3,1,5,5,5,5,3,2,4,5,5,5,3,5,5,5,5,5,5,5,5,5,5,2,2,5,5,5,5,4,4,4,4,4,4,4,4,3,3,3,3,3,3,3,3","0.000826120376586914","leiden","edit-xhwikibooks.graphml"
"0.71","0.08","0.21","0.430311175459881","1,1,2,2,2,3,2,3,3,3,2,2,3,3,3,3,3,2,4,2,5,1,3,3,3,3,3,3,1,3,2,4,2,2,4,4,3,3,5,5,5,5,1,1,1,1,5,1,1,1,5,5,5,5,5,1,1,1,1,5,3,5,5,3,3,5,5,5,5,5,1,5,3,3,5,5,5,5,5,5,5,3,3,3,3,1,5,5,5,5,3,2,4,5,5,5,3,5,5,5,5,5,5,5,5,5,5,2,2,5,5,5,5,4,4,4,4,4,4,4,4,3,3,3,3,3,3,3,3","0.000816106796264648","leiden","edit-xhwikibooks.graphml"
"0.7","0.09","0.21","0.430311175459881","1,1,2,2,2,3,2,3,3,3,2,2,3,3,3,3,3,2,4,2,5,1,3,3,3,3,3,3,1,3,2,4,2,2,4,4,3,3,5,5,5,5,1,1,1,1,5,1,1,1,5,5,5,5,5,1,1,1,1,5,3,5,5,3,3,5,5,5,5,5,1,5,3,3,5,5,5,5,5,5,5,3,3,3,3,1,5,5,5,5,3,2,4,5,5,5,3,5,5,5,5,5,5,5,5,5,5,2,2,5,5,5,5,4,4,4,4,4,4,4,4,3,3,3,3,3,3,3,3","0.000876188278198242","leiden","edit-xhwikibooks.graphml"
"0.69","0.1","0.21","0.430311175459881","1,1,2,2,2,3,2,3,3,3,2,2,3,3,3,3,3,2,4,2,5,1,3,3,3,3,3,3,1,3,2,4,2,2,4,4,3,3,5,5,5,5,1,1,1,1,5,1,1,1,5,5,5,5,5,1,1,1,1,5,3,5,5,3,3,5,5,5,5,5,1,5,3,3,5,5,5,5,5,5,5,3,3,3,3,1,5,5,5,5,3,2,4,5,5,5,3,5,5,5,5,5,5,5,5,5,5,2,2,5,5,5,5,4,4,4,4,4,4,4,4,3,3,3,3,3,3,3,3","0.000880956649780273","leiden","edit-xhwikibooks.graphml"
"0.68","0.11","0.21","0.425664603979869","1,1,2,2,2,3,2,3,3,3,2,2,3,3,3,3,3,2,4,2,5,1,3,3,3,3,3,3,1,3,2,4,2,2,4,4,3,3,5,5,5,5,1,1,1,1,5,1,1,1,5,5,5,5,5,1,1,1,1,5,3,5,5,3,3,5,5,5,5,5,1,5,3,3,5,5,5,5,5,5,5,3,3,3,3,1,5,5,5,5,3,2,4,5,5,5,3,5,5,5,5,5,5,5,5,5,5,2,2,5,5,5,5,4,4,4,4,4,4,4,4,3,3,3,3,3,3,3,3","0.000927925109863281","leiden","edit-xhwikibooks.graphml"
"0.67","0.12","0.21","0.42847231997426","1,1,2,2,2,3,2,3,3,3,2,2,3,3,3,3,3,2,4,2,5,1,3,3,3,3,3,3,1,3,2,4,2,2,4,4,3,3,5,5,5,5,1,1,1,1,5,1,1,1,5,5,5,5,5,1,1,1,1,5,3,5,5,3,3,5,5,5,5,5,1,5,3,3,5,5,5,5,5,5,5,3,3,3,3,1,5,5,5,5,3,2,4,5,5,5,3,5,5,5,5,5,5,5,5,5,5,2,2,5,5,5,5,4,4,4,4,4,4,4,4,3,3,3,3,3,3,3,3","0.00102019309997559","leiden","edit-xhwikibooks.graphml"
"0.66","0.13","0.21","0.427985074626866","1,1,2,2,2,3,2,3,3,3,2,2,3,3,3,3,3,2,4,2,5,1,3,3,3,3,3,3,1,3,2,4,2,2,4,4,3,3,5,5,5,5,1,1,1,1,5,1,1,1,5,5,5,5,5,1,1,1,1,5,3,5,5,3,3,5,5,5,5,5,1,5,3,3,5,5,5,5,5,5,5,3,3,3,3,1,5,5,5,5,3,2,4,5,5,5,3,5,5,5,5,5,5,5,5,5,5,2,2,5,5,5,5,4,4,4,4,4,4,4,4,3,3,3,3,3,3,3,3","0.000826120376586914","leiden","edit-xhwikibooks.graphml"
"0.65","0.14","0.21","0.427985074626866","1,1,2,2,2,3,2,3,3,3,2,2,3,3,3,3,3,2,4,2,5,1,3,3,3,3,3,3,1,3,2,4,2,2,4,4,3,3,5,5,5,5,1,1,1,1,5,1,1,1,5,5,5,5,5,1,1,1,1,5,3,5,5,3,3,5,5,5,5,5,1,5,3,3,5,5,5,5,5,5,5,3,3,3,3,1,5,5,5,5,3,2,4,5,5,5,3,5,5,5,5,5,5,5,5,5,5,2,2,5,5,5,5,4,4,4,4,4,4,4,4,3,3,3,3,3,3,3,3","0.000811100006103516","leiden","edit-xhwikibooks.graphml"
"0.64","0.15","0.21","0.430273839829201","1,1,2,2,2,3,2,3,3,3,2,2,3,3,3,3,3,2,4,2,5,1,3,3,3,3,3,3,1,3,2,4,2,2,4,4,3,3,5,5,5,5,1,1,1,1,5,1,1,1,5,5,5,5,5,1,1,1,1,5,3,5,5,3,3,5,5,5,5,5,1,5,3,3,5,5,5,5,5,5,5,3,3,3,3,1,5,5,5,5,3,2,4,5,5,5,3,5,5,5,5,5,5,5,5,5,5,2,2,5,5,5,5,4,4,4,4,4,4,4,4,3,3,3,3,3,3,3,3","0.000808954238891602","leiden","edit-xhwikibooks.graphml"
"0.63","0.16","0.21","0.433069958847737","1,1,2,2,2,3,2,3,3,3,2,2,3,3,3,3,3,2,4,2,5,1,3,3,3,3,3,3,1,3,2,4,2,2,4,4,3,3,5,5,5,5,1,1,1,1,5,1,1,1,5,5,5,5,5,1,1,1,1,5,3,5,5,3,3,5,5,5,5,5,1,5,3,3,5,5,5,5,5,5,5,3,3,3,3,1,5,5,5,5,3,2,4,5,5,5,3,5,5,5,5,5,5,5,5,5,5,2,2,5,5,5,5,4,4,4,4,4,4,4,4,3,3,3,3,3,3,3,3","0.000833034515380859","leiden","edit-xhwikibooks.graphml"
"0.62","0.17","0.21","0.43398628496124","1,1,2,2,2,3,2,3,3,3,2,2,3,3,3,3,3,2,4,2,5,1,3,3,3,3,3,3,1,3,2,4,2,2,4,4,3,3,5,5,5,5,1,1,1,1,5,1,1,1,5,5,5,5,5,1,1,1,1,5,3,5,5,3,3,5,5,5,5,5,1,5,3,3,5,5,5,5,5,5,5,3,3,3,3,1,5,5,5,5,3,2,4,5,5,5,3,5,5,5,5,5,5,5,5,5,5,2,2,5,5,5,5,4,4,4,4,4,4,4,4,3,3,3,3,3,3,3,3","0.00083613395690918","leiden","edit-xhwikibooks.graphml"
"0.61","0.18","0.21","0.43398628496124","1,1,2,2,2,3,2,3,3,3,2,2,3,3,3,3,3,2,4,2,5,1,3,3,3,3,3,3,1,3,2,4,2,2,4,4,3,3,5,5,5,5,1,1,1,1,5,1,1,1,5,5,5,5,5,1,1,1,1,5,3,5,5,3,3,5,5,5,5,5,1,5,3,3,5,5,5,5,5,5,5,3,3,3,3,1,5,5,5,5,3,2,4,5,5,5,3,5,5,5,5,5,5,5,5,5,5,2,2,5,5,5,5,4,4,4,4,4,4,4,4,3,3,3,3,3,3,3,3","0.000825881958007812","leiden","edit-xhwikibooks.graphml"
"0.6","0.19","0.21","0.433501057248023","1,1,2,2,2,3,2,3,3,3,2,2,3,3,3,3,3,2,4,2,5,1,3,3,3,3,3,3,1,3,2,4,2,2,4,4,3,3,5,5,5,5,1,1,1,1,5,1,1,1,5,5,5,5,5,1,1,1,1,5,3,5,5,3,3,5,5,5,5,5,1,5,3,3,5,5,5,5,5,5,5,3,3,3,3,1,5,5,5,5,3,2,4,5,5,5,3,5,5,5,5,5,5,5,5,5,5,2,2,5,5,5,5,4,4,4,4,4,4,4,4,3,3,3,3,3,3,3,3","0.000854969024658203","leiden","edit-xhwikibooks.graphml"
"0.59","0.2","0.21","0.434896193771626","1,1,1,1,2,3,2,3,3,3,4,2,3,3,3,3,3,4,4,2,5,1,3,3,3,3,3,3,1,3,4,4,2,2,4,4,3,3,5,5,5,5,1,1,1,1,5,1,1,1,5,5,5,5,5,1,1,1,1,5,3,5,5,3,3,5,5,5,5,5,1,5,3,3,5,5,5,5,5,5,5,3,3,3,3,1,5,5,5,5,3,4,4,5,5,5,3,5,5,5,5,5,5,5,5,5,5,2,2,5,5,5,5,4,4,4,4,4,4,4,4,3,3,3,3,3,3,3,3","0.000828027725219727","leiden","edit-xhwikibooks.graphml"
"0.58","0.21","0.21","0.435643575031104","1,1,2,2,2,3,2,3,3,3,2,2,3,3,3,3,3,2,4,2,5,1,3,3,3,3,3,3,1,3,2,4,2,2,4,4,3,3,5,5,5,5,1,1,1,1,5,1,1,1,5,5,5,5,5,1,1,1,1,5,3,5,5,3,3,5,5,5,5,5,1,5,3,3,5,5,5,5,5,5,5,3,3,3,3,1,5,5,5,5,3,2,4,5,5,5,3,5,5,5,5,5,5,5,5,5,5,2,2,5,5,5,5,4,4,4,4,4,4,4,4,3,3,3,3,3,3,3,3","0.00080418586730957","leiden","edit-xhwikibooks.graphml"
"0.57","0.22","0.21","0.428645049192955","1,1,2,2,2,3,2,3,3,3,2,2,3,3,3,3,3,2,4,2,5,1,3,3,3,3,3,3,1,3,2,4,2,2,4,4,3,3,5,5,5,5,1,1,1,1,5,1,1,1,5,5,5,5,5,1,1,1,1,5,6,5,5,3,3,5,5,5,5,5,1,5,3,3,5,5,5,5,5,5,5,3,3,3,3,7,5,5,5,5,8,9,10,5,5,5,3,5,5,5,5,5,5,5,5,5,5,2,2,5,5,5,5,4,4,4,4,4,4,4,4,3,3,3,3,3,3,3,3","0.000869989395141602","leiden","edit-xhwikibooks.graphml"
"0.56","0.23","0.21","0.430906361907076","1,1,2,2,2,3,2,3,3,3,2,2,3,3,3,3,3,2,4,2,5,1,3,3,3,3,3,3,1,3,2,4,2,2,4,4,3,3,5,5,5,5,1,1,1,1,5,1,1,1,5,5,5,5,5,1,1,1,1,5,6,5,5,3,3,5,5,5,5,5,1,5,3,3,5,5,5,5,5,5,5,3,3,3,3,7,5,5,5,5,8,9,10,5,5,5,3,5,5,5,5,5,5,5,5,5,5,2,2,5,5,5,5,4,4,4,4,4,4,4,4,3,3,3,3,3,3,3,3","0.00101995468139648","leiden","edit-xhwikibooks.graphml"
"0.55","0.24","0.21","0.432293468858131","1,1,2,2,2,3,2,3,3,3,2,2,3,3,3,3,3,2,4,2,5,1,3,3,3,3,3,3,1,3,2,4,2,2,4,4,3,3,5,5,5,5,1,1,1,1,5,1,1,1,5,5,5,5,5,1,1,1,1,5,6,5,5,3,3,5,5,5,5,5,1,5,3,3,5,5,5,5,5,5,5,3,3,3,3,7,5,5,5,5,8,9,10,5,5,5,3,5,5,5,5,5,5,5,5,5,5,2,2,5,5,5,5,4,4,4,4,4,4,4,4,3,3,3,3,3,3,3,3","0.0013580322265625","leiden","edit-xhwikibooks.graphml"
"0.54","0.25","0.21","0.435526102048494","1,1,2,2,2,2,2,3,3,2,2,2,3,3,3,2,2,2,4,2,5,1,3,3,3,3,3,2,1,2,2,4,2,2,4,4,3,3,5,5,5,5,1,1,1,1,5,1,1,1,5,5,5,5,5,1,1,1,1,5,6,5,5,3,3,5,5,5,5,5,1,5,3,3,5,5,5,5,5,5,5,3,2,2,2,7,5,5,5,5,8,9,10,5,5,5,2,5,5,5,5,5,5,5,5,5,5,2,2,5,5,5,5,4,4,4,4,4,4,4,4,3,3,3,3,3,3,3,3","0.00141406059265137","leiden","edit-xhwikibooks.graphml"
"0.53","0.26","0.21","0.435842438699087","1,1,2,2,2,3,2,3,3,3,2,2,3,3,3,3,3,2,5,2,6,1,3,3,3,3,3,3,1,3,2,5,2,2,5,5,4,3,6,6,6,6,1,1,1,1,6,1,1,1,6,6,6,6,6,1,1,1,1,6,7,6,6,3,3,6,6,6,6,6,1,6,3,3,6,6,6,6,6,6,6,3,3,3,3,8,6,6,6,6,9,10,11,6,6,6,3,6,6,6,6,6,6,6,6,6,6,2,2,6,6,6,6,5,5,5,5,5,5,5,5,4,4,4,4,4,4,4,4","0.00145101547241211","leiden","edit-xhwikibooks.graphml"
"0.52","0.27","0.21","0.433691875714863","1,1,2,2,2,3,2,3,3,3,2,2,3,3,3,4,3,2,5,2,6,1,3,3,3,3,3,4,1,3,2,5,2,2,5,5,3,3,6,6,6,6,1,1,1,1,6,1,1,1,6,6,6,6,6,1,1,1,1,6,7,6,6,3,3,6,6,6,6,6,1,6,3,3,6,6,6,6,6,6,6,3,4,4,4,8,6,6,6,6,9,10,11,6,6,6,4,6,6,6,6,6,6,6,6,6,6,2,2,6,6,6,6,5,5,5,5,5,5,5,5,3,3,3,3,3,3,3,3","0.00147914886474609","leiden","edit-xhwikibooks.graphml"
"0.51","0.28","0.21","0.433207428256615","1,1,2,2,2,3,2,3,3,3,2,2,3,3,3,4,3,2,5,2,6,1,3,3,3,3,3,4,1,3,2,5,2,2,5,5,3,3,6,6,6,6,1,1,1,1,6,1,1,1,6,6,6,6,6,1,1,1,1,6,7,6,6,3,3,6,6,6,6,6,1,6,3,3,6,6,6,6,6,6,6,3,4,4,4,8,6,6,6,6,9,10,11,6,6,6,4,6,6,6,6,6,6,6,6,6,6,2,2,6,6,6,6,5,5,5,5,5,5,5,5,3,3,3,3,3,3,3,3","0.00150585174560547","leiden","edit-xhwikibooks.graphml"
"0.5","0.29","0.21","0.435917736693484","1,1,2,2,2,3,2,3,3,3,2,2,3,3,3,4,3,2,5,2,6,1,3,3,3,3,3,4,1,3,2,5,2,2,5,5,3,3,6,6,6,6,1,1,1,1,6,1,1,1,6,6,6,6,6,1,1,1,1,6,7,6,6,3,3,6,6,6,6,6,1,6,3,3,6,6,6,6,6,6,6,3,4,4,4,8,6,6,6,6,9,10,11,6,6,6,4,6,6,6,6,6,6,6,6,6,6,2,2,6,6,6,6,5,5,5,5,5,5,5,5,3,3,3,3,3,3,3,3","0.00151395797729492","leiden","edit-xhwikibooks.graphml"
"0.49","0.3","0.21","0.435434002838953","1,1,2,2,2,3,2,3,3,3,2,2,3,3,3,4,3,2,5,2,6,1,3,3,3,3,3,4,1,3,2,5,2,2,5,5,3,3,6,6,6,6,1,1,1,1,6,1,1,1,6,6,6,6,6,1,1,1,1,6,7,6,6,3,3,6,6,6,6,6,1,6,3,3,6,6,6,6,6,6,6,3,4,4,4,8,6,6,6,6,9,10,11,6,6,6,4,6,6,6,6,6,6,6,6,6,6,2,2,6,6,6,6,5,5,5,5,5,5,5,5,3,3,3,3,3,3,3,3","0.00161504745483398","leiden","edit-xhwikibooks.graphml"
"0.48","0.31","0.21","0.43679034004352","1,1,2,2,2,3,2,3,3,3,2,2,3,3,3,4,3,2,5,2,6,1,3,3,3,3,3,4,1,3,2,5,2,2,5,5,3,3,6,6,6,6,1,1,1,1,6,1,1,1,6,6,6,6,6,1,1,1,1,6,7,6,6,3,3,6,6,6,6,6,1,6,3,3,6,6,6,6,6,6,6,3,4,4,4,8,6,6,6,6,9,10,11,6,6,6,4,6,6,6,6,6,6,6,6,6,6,2,2,6,6,6,6,5,5,5,5,5,5,5,5,3,3,3,3,3,3,3,3","0.00147485733032227","leiden","edit-xhwikibooks.graphml"
"0.47","0.32","0.21","0.434985136735675","1,1,2,2,2,3,2,3,3,3,2,2,3,3,3,4,3,2,5,2,6,1,3,3,3,3,3,4,1,3,2,5,2,2,5,5,3,3,6,6,6,6,1,1,1,1,6,1,1,1,6,6,6,6,6,1,1,1,1,6,7,6,6,3,3,6,6,6,6,6,1,6,3,3,6,6,6,6,6,6,6,3,4,4,4,8,6,6,6,6,9,10,11,6,6,6,4,6,6,6,6,6,6,6,6,6,6,2,2,6,6,6,6,5,5,5,5,5,5,5,5,3,3,3,3,3,3,3,3","0.00163578987121582","leiden","edit-xhwikibooks.graphml"
"0.46","0.33","0.21","0.434985136735675","1,1,2,2,2,3,2,3,3,3,2,2,3,3,3,4,3,2,5,2,6,1,3,3,3,3,3,4,1,3,2,5,2,2,5,5,3,3,6,6,6,6,1,1,1,1,6,1,1,1,6,6,6,6,6,1,1,1,1,6,7,6,6,3,3,6,6,6,6,6,1,6,3,3,6,6,6,6,6,6,6,3,4,4,4,8,6,6,6,6,9,10,11,6,6,6,4,6,6,6,6,6,6,6,6,6,6,2,2,6,6,6,6,5,5,5,5,5,5,5,5,3,3,3,3,3,3,3,3","0.00214099884033203","leiden","edit-xhwikibooks.graphml"
"0.45","0.34","0.21","0.453603258090438","1,1,2,2,2,3,2,3,3,3,2,2,3,3,3,4,3,2,5,2,6,1,3,3,3,3,3,4,1,3,2,5,2,2,5,5,3,3,6,6,6,6,1,1,1,1,6,1,1,1,6,6,6,6,6,1,1,1,1,6,7,6,6,3,3,6,6,6,6,6,1,6,3,3,6,6,6,6,6,6,6,3,4,4,4,8,6,6,6,6,9,10,11,6,6,6,4,6,6,6,6,6,6,6,6,6,6,2,2,6,6,6,6,5,5,5,5,5,5,5,5,3,3,3,3,3,3,3,3","0.00127100944519043","leiden","edit-xhwikibooks.graphml"
"0.44","0.35","0.21","0.453603258090438","1,1,2,2,2,3,2,3,3,3,2,2,3,3,3,4,3,2,5,2,6,1,3,3,3,3,3,4,1,3,2,5,2,2,5,5,3,3,6,6,6,6,1,1,1,1,6,1,1,1,6,6,6,6,6,1,1,1,1,6,7,6,6,3,3,6,6,6,6,6,1,6,3,3,6,6,6,6,6,6,6,3,4,4,4,8,6,6,6,6,9,10,11,6,6,6,4,6,6,6,6,6,6,6,6,6,6,2,2,6,6,6,6,5,5,5,5,5,5,5,5,3,3,3,3,3,3,3,3","0.00118684768676758","leiden","edit-xhwikibooks.graphml"
"0.43","0.36","0.21","0.454395136557335","1,1,2,2,2,3,2,3,3,3,2,2,3,3,3,4,3,2,5,2,6,1,3,3,3,3,3,4,1,3,2,5,2,2,5,5,3,3,6,6,6,6,1,1,1,1,6,1,1,1,6,6,6,6,6,1,1,1,1,6,7,6,6,3,3,6,6,6,6,6,1,6,3,3,6,6,6,6,6,6,6,3,4,4,4,8,6,6,6,6,9,10,11,6,6,6,4,6,6,6,6,6,6,6,6,6,6,2,2,6,6,6,6,5,5,5,5,5,5,5,5,3,3,3,3,3,3,3,3","0.000826835632324219","leiden","edit-xhwikibooks.graphml"
"0.42","0.37","0.21","0.453119024542248","1,1,2,2,2,3,2,3,3,3,2,2,3,3,3,4,3,2,5,2,6,1,3,3,3,3,3,4,1,3,2,5,2,2,5,5,3,3,6,6,6,6,1,1,1,1,6,1,1,1,6,6,6,6,6,1,1,1,1,6,7,6,6,3,3,6,6,6,6,6,1,6,3,3,6,6,6,6,6,6,6,3,4,4,4,8,6,6,6,6,9,10,11,6,6,6,4,6,6,6,6,6,6,6,6,6,6,2,2,6,6,6,6,5,5,5,5,5,5,5,5,3,3,3,3,3,3,3,3","0.000834941864013672","leiden","edit-xhwikibooks.graphml"
"0.41","0.38","0.21","0.452061676782025","1,1,1,1,2,1,2,1,3,1,2,2,1,3,3,1,1,2,4,2,5,6,1,3,3,3,3,1,1,1,2,4,2,2,4,4,3,3,5,5,5,5,6,6,6,6,5,6,6,6,5,5,5,5,5,6,6,6,6,5,7,5,5,3,3,5,5,5,5,5,6,5,3,3,5,5,5,5,5,5,5,3,1,1,1,8,5,5,5,5,9,10,11,5,5,5,1,5,5,5,5,5,5,5,5,5,5,2,2,5,5,5,5,4,4,4,4,4,4,4,4,3,3,3,3,3,3,3,3","0.000948190689086914","leiden","edit-xhwikibooks.graphml"
"0.4","0.39","0.21","0.453911775061617","1,1,2,2,2,3,2,3,3,3,2,2,3,3,3,4,3,2,5,2,6,1,3,3,3,3,3,4,1,3,2,5,2,2,5,5,3,3,6,6,6,6,1,1,1,1,6,1,1,1,6,6,6,6,6,1,1,1,1,6,7,6,6,3,3,6,6,6,6,6,1,6,3,3,6,6,6,6,6,6,6,3,4,4,4,8,6,6,6,6,9,10,11,6,6,6,4,6,6,6,6,6,6,6,6,6,6,2,2,6,6,6,6,5,5,5,5,5,5,5,5,3,3,3,3,3,3,3,3","0.000807046890258789","leiden","edit-xhwikibooks.graphml"
"0.39","0.4","0.21","0.45585858948578","1,1,2,2,2,3,2,3,3,3,2,2,3,3,3,4,3,2,5,2,6,1,3,3,3,3,3,4,1,3,2,5,2,2,5,5,3,3,6,6,6,6,1,1,1,1,6,1,1,1,6,6,6,6,6,1,1,1,1,6,7,6,6,3,3,6,6,6,6,6,1,6,3,3,6,6,6,6,6,6,6,3,4,4,4,8,6,6,6,6,9,10,11,6,6,6,4,6,6,6,6,6,6,6,6,6,6,2,2,6,6,6,6,5,5,5,5,5,5,5,5,3,3,3,3,3,3,3,3","0.000835895538330078","leiden","edit-xhwikibooks.graphml"
"0.38","0.41","0.21","0.455506479619522","1,1,1,1,2,1,2,1,3,1,2,2,1,3,3,1,1,2,4,2,5,6,1,3,3,3,3,1,1,1,2,4,2,2,4,4,3,3,5,5,5,5,6,6,6,6,5,6,6,6,5,5,5,5,5,6,6,6,6,5,7,5,5,3,3,5,5,5,5,5,6,5,3,3,5,5,5,5,5,5,5,3,1,1,1,8,5,5,5,5,9,10,11,5,5,5,1,5,5,5,5,5,5,5,5,5,5,2,2,5,5,5,5,4,4,4,4,4,4,4,4,3,3,3,3,3,3,3,3","0.000833034515380859","leiden","edit-xhwikibooks.graphml"
"0.37","0.42","0.21","0.455020181785267","1,1,1,1,2,1,2,1,3,1,2,2,1,3,3,1,1,2,4,2,5,6,1,3,3,3,3,1,1,1,2,4,2,2,4,4,3,3,5,5,5,5,6,6,6,6,5,6,6,6,5,5,5,5,5,6,6,6,6,5,7,5,5,3,3,5,5,5,5,5,6,5,3,3,5,5,5,5,5,5,5,3,1,1,1,8,5,5,5,5,9,10,11,5,5,5,1,5,5,5,5,5,5,5,5,5,5,2,2,5,5,5,5,4,4,4,4,4,4,4,4,3,3,3,3,3,3,3,3","0.00106501579284668","leiden","edit-xhwikibooks.graphml"
"0.36","0.43","0.21","0.446260793120079","1,1,1,1,2,1,2,1,3,1,2,2,1,3,3,1,4,2,5,2,6,7,1,3,3,3,3,1,1,8,9,5,2,2,5,5,3,3,6,6,6,6,7,7,7,7,6,7,7,7,6,6,6,6,6,7,7,7,7,6,10,6,6,11,12,6,6,6,6,6,7,6,3,3,6,6,6,6,6,6,6,13,1,1,1,14,6,6,6,6,15,16,17,6,6,6,18,6,6,6,6,6,6,6,6,6,6,19,20,6,6,6,6,5,5,5,5,5,5,5,5,3,3,3,3,3,3,3,3","0.000871181488037109","leiden","edit-xhwikibooks.graphml"
"0.35","0.44","0.21","0.445775602470759","1,1,1,1,2,1,2,1,3,1,2,2,1,3,3,1,4,2,5,2,6,7,1,3,3,3,3,1,1,8,9,5,2,2,5,5,3,3,6,6,6,6,7,7,7,7,6,7,7,7,6,6,6,6,6,7,7,7,7,6,10,6,6,11,12,6,6,6,6,6,7,6,3,3,6,6,6,6,6,6,6,13,1,1,1,14,6,6,6,6,15,16,17,6,6,6,18,6,6,6,6,6,6,6,6,6,6,19,20,6,6,6,6,5,5,5,5,5,5,5,5,3,3,3,3,3,3,3,3","0.000855922698974609","leiden","edit-xhwikibooks.graphml"
"0.34","0.45","0.21","0.448916096332645","1,1,2,2,2,3,2,3,3,3,2,2,3,3,3,4,5,2,6,2,7,1,3,3,3,3,3,4,1,8,9,6,2,2,6,6,3,3,7,7,7,7,1,1,1,1,7,1,1,1,7,7,7,7,7,1,1,1,1,7,10,7,7,11,12,7,7,7,7,7,1,7,3,3,7,7,7,7,7,7,7,13,4,4,4,14,7,7,7,7,15,16,17,7,7,7,18,7,7,7,7,7,7,7,7,7,7,19,20,7,7,7,7,6,6,6,6,6,6,6,6,3,3,3,3,3,3,3,3","0.000912904739379883","leiden","edit-xhwikibooks.graphml"
"0.33","0.46","0.21","0.448466374930838","1,1,2,2,2,3,2,3,3,3,2,2,3,3,3,3,4,2,5,2,6,1,3,3,3,3,3,3,1,7,8,5,2,2,5,5,9,3,6,6,6,6,1,1,1,1,6,1,1,1,6,6,6,6,6,1,1,1,1,6,10,6,6,11,12,6,6,6,6,6,1,6,3,3,6,6,6,6,6,6,6,13,3,3,3,14,6,6,6,6,15,16,17,6,6,6,18,6,6,6,6,6,6,6,6,6,6,19,20,6,6,6,6,5,5,5,5,5,5,5,5,9,9,9,9,9,9,9,9","0.000863075256347656","leiden","edit-xhwikibooks.graphml"
"0.32","0.47","0.21","0.449223170075998","1,1,1,1,2,1,2,1,3,1,2,2,1,3,3,1,4,2,5,2,6,7,1,3,3,3,3,1,1,8,9,5,2,2,5,5,3,3,6,6,6,6,7,7,7,7,6,7,7,7,6,6,6,6,6,7,7,7,7,6,10,6,6,11,12,6,6,6,6,6,7,6,3,3,6,6,6,6,6,6,6,13,1,1,1,14,6,6,6,6,15,16,17,6,6,6,18,6,6,6,6,6,6,6,6,6,6,19,20,6,6,6,6,5,5,5,5,5,5,5,5,3,3,3,3,3,3,3,3","0.000843048095703125","leiden","edit-xhwikibooks.graphml"
"0.31","0.48","0.21","0.446122996545996","1,1,2,2,2,2,2,3,2,2,2,2,3,3,3,2,4,2,5,2,6,1,3,3,3,3,3,2,1,7,8,5,2,2,5,5,3,3,6,6,6,6,1,1,1,1,6,1,1,1,6,6,6,6,6,1,1,1,1,6,9,6,6,10,11,6,6,6,6,6,1,6,3,3,6,6,6,6,6,6,6,12,2,2,2,13,6,6,6,6,14,15,16,6,6,6,17,6,6,6,6,6,6,6,6,6,6,18,19,6,6,6,6,5,5,5,5,5,5,5,5,3,3,3,3,3,3,3,3","0.000934123992919922","leiden","edit-xhwikibooks.graphml"
"0.3","0.49","0.21","0.445620172841854","1,1,2,2,2,3,2,3,3,3,2,2,3,3,3,4,5,2,6,2,7,1,3,3,3,3,3,4,1,8,9,6,2,2,6,6,3,3,7,7,7,7,1,1,1,1,7,1,1,1,7,7,7,7,7,1,1,1,1,7,10,7,7,11,12,7,7,7,7,7,1,7,3,3,7,7,7,7,7,7,7,13,4,4,4,14,7,7,7,7,15,16,17,7,7,7,18,7,7,7,7,7,7,7,7,7,7,19,20,7,7,7,7,6,6,6,6,6,6,6,6,3,3,3,3,3,3,3,3","0.000859975814819336","leiden","edit-xhwikibooks.graphml"
"0.29","0.5","0.21","0.496879378878435","1,1,2,2,2,2,2,3,2,2,2,2,3,3,3,2,4,2,5,2,6,1,3,3,3,3,3,2,1,7,8,5,2,2,5,5,3,3,6,6,6,6,1,1,1,1,6,1,1,1,6,6,6,6,6,1,1,1,1,6,9,6,6,10,11,6,6,6,6,6,1,6,3,3,6,6,6,6,6,6,6,12,2,2,2,13,6,6,6,6,14,15,16,6,6,6,17,6,6,6,6,6,6,6,6,6,6,18,19,6,6,6,6,5,5,5,5,5,5,5,5,3,3,3,3,3,3,3,3","0.00102996826171875","leiden","edit-xhwikibooks.graphml"
"0.28","0.51","0.21","0.496438810088936","1,1,2,2,2,3,2,3,3,3,2,2,3,3,3,4,5,2,6,2,7,1,3,3,3,3,3,4,1,8,9,6,2,2,6,6,10,3,7,7,7,7,1,1,1,1,7,1,1,1,7,7,7,7,7,1,1,1,1,7,11,7,7,12,13,7,7,7,7,7,1,7,3,3,7,7,7,7,7,7,7,14,4,4,4,15,7,7,7,7,16,17,18,7,7,7,19,7,7,7,7,7,7,7,7,7,7,20,21,7,7,7,7,6,6,6,6,6,6,6,6,10,10,10,10,10,10,10,10","0.00157403945922852","leiden","edit-xhwikibooks.graphml"
"0.27","0.52","0.21","0.496879378878435","1,1,2,2,2,2,2,3,2,2,2,2,3,3,3,2,4,2,5,2,6,1,3,3,3,3,3,2,1,7,8,5,2,2,5,5,3,3,6,6,6,6,1,1,1,1,6,1,1,1,6,6,6,6,6,1,1,1,1,6,9,6,6,10,11,6,6,6,6,6,1,6,3,3,6,6,6,6,6,6,6,12,2,2,2,13,6,6,6,6,14,15,16,6,6,6,17,6,6,6,6,6,6,6,6,6,6,18,19,6,6,6,6,5,5,5,5,5,5,5,5,3,3,3,3,3,3,3,3","0.00106215476989746","leiden","edit-xhwikibooks.graphml"
"0.26","0.53","0.21","0.476371739538375","1,1,2,2,2,2,2,3,2,2,2,2,3,3,3,2,4,2,5,2,6,1,3,3,3,3,3,2,1,7,8,5,2,2,5,5,3,3,6,6,6,6,1,1,1,1,6,1,1,1,6,6,6,6,6,1,1,1,1,6,9,6,6,10,11,6,6,6,6,6,1,6,3,3,6,6,6,6,6,6,6,12,2,2,2,13,6,6,6,6,14,15,16,6,6,6,17,6,6,6,6,6,6,6,6,6,6,18,19,6,6,6,6,5,5,5,5,5,5,5,5,3,3,3,3,3,3,3,3","0.000973939895629883","leiden","edit-xhwikibooks.graphml"
"0.25","0.54","0.21","0.477588184766478","1,1,2,2,2,2,2,3,2,2,2,2,3,3,3,2,4,2,5,2,6,1,3,3,3,3,3,2,1,7,8,5,2,2,5,5,3,3,6,6,6,6,1,1,1,1,6,1,1,1,6,6,6,6,6,1,1,1,1,6,9,6,6,10,11,6,6,6,6,6,1,6,3,3,6,6,6,6,6,6,6,12,2,2,2,13,6,6,6,6,14,15,16,6,6,6,17,6,6,6,6,6,6,6,6,6,6,18,19,6,6,6,6,5,5,5,5,5,5,5,5,3,3,3,3,3,3,3,3","0.000991106033325195","leiden","edit-xhwikibooks.graphml"
"0.24","0.55","0.21","0.477105355489862","1,1,2,2,2,2,2,3,2,2,2,2,3,3,3,2,4,2,5,2,6,1,3,3,3,3,3,2,1,7,8,5,2,2,5,5,3,3,6,6,6,6,1,1,1,1,6,1,1,1,6,6,6,6,6,1,1,1,1,6,9,6,6,10,11,6,6,6,6,6,1,6,3,3,6,6,6,6,6,6,6,12,2,2,2,13,6,6,6,6,14,15,16,6,6,6,17,6,6,6,6,6,6,6,6,6,6,18,19,6,6,6,6,5,5,5,5,5,5,5,5,3,3,3,3,3,3,3,3","0.000974893569946289","leiden","edit-xhwikibooks.graphml"
"0.23","0.56","0.21","0.480308204914619","1,1,2,2,2,3,2,3,3,3,2,2,3,3,3,4,5,2,6,2,7,1,3,3,3,3,3,4,1,8,9,6,2,2,6,6,10,3,7,7,7,7,1,1,1,1,7,1,1,1,7,7,7,7,7,1,1,1,1,7,11,7,7,12,13,7,7,7,7,7,1,7,3,3,7,7,7,7,7,7,7,14,4,4,4,15,7,7,7,7,16,17,18,7,7,7,19,7,7,7,7,7,7,7,7,7,7,20,21,7,7,7,7,6,6,6,6,6,6,6,6,10,10,10,10,10,10,10,10","0.000926017761230469","leiden","edit-xhwikibooks.graphml"
"0.22","0.57","0.21","0.480067233282136","1,1,2,2,2,2,2,3,2,2,2,2,3,3,3,2,4,2,5,2,6,1,3,3,3,3,3,2,1,7,8,5,2,2,5,5,3,3,6,6,6,6,1,1,1,1,6,1,1,1,6,6,6,6,6,1,1,1,1,6,9,6,6,10,11,6,6,6,6,6,1,6,3,3,6,6,6,6,6,6,6,12,2,2,2,13,6,6,6,6,14,15,16,6,6,6,17,6,6,6,6,6,6,6,6,6,6,18,19,6,6,6,6,5,5,5,5,5,5,5,5,3,3,3,3,3,3,3,3","0.00091099739074707","leiden","edit-xhwikibooks.graphml"
"0.21","0.58","0.21","0.483461540574342","1,1,2,2,2,2,2,3,2,2,2,2,3,3,3,2,4,2,5,2,6,1,3,3,3,3,3,2,1,7,8,5,2,2,5,5,3,3,6,6,6,6,1,1,1,1,6,1,1,1,6,6,6,6,6,1,1,1,1,6,9,6,6,10,11,6,6,6,6,6,1,6,3,3,6,6,6,6,6,6,6,12,2,2,2,13,6,6,6,6,14,15,16,6,6,6,17,6,6,6,6,6,6,6,6,6,6,18,19,6,6,6,6,5,5,5,5,5,5,5,5,3,3,3,3,3,3,3,3","0.000917911529541016","leiden","edit-xhwikibooks.graphml"
"0.2","0.59","0.21","0.482769357195033","1,1,2,2,2,3,2,3,3,3,2,2,3,3,3,4,5,2,6,2,7,1,3,3,3,3,3,4,1,8,9,6,2,2,6,6,10,3,7,7,7,7,1,1,1,1,7,1,1,1,7,7,7,7,7,1,1,1,1,7,11,7,7,12,13,7,7,7,7,7,1,7,3,3,7,7,7,7,7,7,7,14,4,4,4,15,7,7,7,7,16,17,18,7,7,7,19,7,7,7,7,7,7,7,7,7,7,20,21,7,7,7,7,6,6,6,6,6,6,6,6,10,10,10,10,10,10,10,10","0.000828981399536133","leiden","edit-xhwikibooks.graphml"
"0.19","0.6","0.21","0.486524746897468","1,1,2,2,2,2,2,3,2,2,2,2,3,3,3,2,4,2,5,2,6,1,3,3,3,3,3,2,1,7,8,5,2,2,5,5,3,3,6,6,6,6,1,1,1,1,6,1,1,1,6,6,6,6,6,1,1,1,1,6,9,6,6,10,11,6,6,6,6,6,1,6,3,3,6,6,6,6,6,6,6,12,2,2,2,13,6,6,6,6,14,15,16,6,6,6,17,6,6,6,6,6,6,6,6,6,6,18,19,6,6,6,6,5,5,5,5,5,5,5,5,3,3,3,3,3,3,3,3","0.000913858413696289","leiden","edit-xhwikibooks.graphml"
"0.18","0.61","0.21","0.486045171407099","1,1,2,2,2,2,2,3,2,2,2,2,3,3,3,2,4,2,5,2,6,1,3,3,3,3,3,2,1,7,8,5,2,2,5,5,3,3,6,6,6,6,1,1,1,1,6,1,1,1,6,6,6,6,6,1,1,1,1,6,9,6,6,10,11,6,6,6,6,6,1,6,3,3,6,6,6,6,6,6,6,12,2,2,2,13,6,6,6,6,14,15,16,6,6,6,17,6,6,6,6,6,6,6,6,6,6,18,19,6,6,6,6,5,5,5,5,5,5,5,5,3,3,3,3,3,3,3,3","0.00116705894470215","leiden","edit-xhwikibooks.graphml"
"0.17","0.62","0.21","0.487205981712535","1,1,2,2,2,2,2,3,2,2,2,2,3,3,3,2,4,2,5,2,6,1,3,3,3,3,3,2,1,7,8,5,2,2,5,5,3,3,6,6,6,6,1,1,1,1,6,1,1,1,6,6,6,6,6,1,1,1,1,6,9,6,6,10,11,6,6,6,6,6,1,6,3,3,6,6,6,6,6,6,6,12,2,2,2,13,6,6,6,6,14,15,16,6,6,6,17,6,6,6,6,6,6,6,6,6,6,18,19,6,6,6,6,5,5,5,5,5,5,5,5,3,3,3,3,3,3,3,3","0.00094914436340332","leiden","edit-xhwikibooks.graphml"
"0.16","0.63","0.21","0.486727245937224","1,1,2,2,2,2,2,3,2,2,2,2,3,3,3,2,4,2,5,2,6,1,3,3,3,3,3,2,1,7,8,5,2,2,5,5,3,3,6,6,6,6,1,1,1,1,6,1,1,1,6,6,6,6,6,1,1,1,1,6,9,6,6,10,11,6,6,6,6,6,1,6,3,3,6,6,6,6,6,6,6,12,2,2,2,13,6,6,6,6,14,15,16,6,6,6,17,6,6,6,6,6,6,6,6,6,6,18,19,6,6,6,6,5,5,5,5,5,5,5,5,3,3,3,3,3,3,3,3","0.00089716911315918","leiden","edit-xhwikibooks.graphml"
"0.15","0.64","0.21","0.472469504912061","1,1,1,2,3,2,4,5,2,2,4,6,5,5,5,2,7,8,4,9,10,1,11,5,5,5,5,2,1,12,13,14,9,15,4,4,5,5,10,10,10,10,1,1,1,1,10,1,1,1,10,10,10,10,10,1,1,1,1,10,16,10,10,17,18,10,10,10,10,10,1,10,19,20,10,10,10,10,10,10,10,21,22,23,24,25,10,10,10,10,26,27,28,10,10,10,29,10,10,10,10,10,10,10,10,10,10,30,31,10,10,10,10,4,4,4,4,4,4,4,4,5,5,5,5,5,5,5,5","0.000889062881469727","leiden","edit-xhwikibooks.graphml"
"0.14","0.65","0.21","0.471989004055546","1,1,1,2,3,2,4,5,2,2,4,6,5,5,5,2,7,8,4,9,10,1,11,5,5,5,5,2,1,12,13,14,9,15,4,4,5,5,10,10,10,10,1,1,1,1,10,1,1,1,10,10,10,10,10,1,1,1,1,10,16,10,10,17,18,10,10,10,10,10,1,10,19,20,10,10,10,10,10,10,10,21,22,23,24,25,10,10,10,10,26,27,28,10,10,10,29,10,10,10,10,10,10,10,10,10,10,30,31,10,10,10,10,4,4,4,4,4,4,4,4,5,5,5,5,5,5,5,5","0.000885009765625","leiden","edit-xhwikibooks.graphml"
"0.13","0.66","0.21","0.471989004055546","1,1,1,2,3,2,4,5,2,2,4,6,5,5,5,2,7,8,4,9,10,1,11,5,5,5,5,2,1,12,13,14,9,15,4,4,5,5,10,10,10,10,1,1,1,1,10,1,1,1,10,10,10,10,10,1,1,1,1,10,16,10,10,17,18,10,10,10,10,10,1,10,19,20,10,10,10,10,10,10,10,21,22,23,24,25,10,10,10,10,26,27,28,10,10,10,29,10,10,10,10,10,10,10,10,10,10,30,31,10,10,10,10,4,4,4,4,4,4,4,4,5,5,5,5,5,5,5,5","0.00196194648742676","leiden","edit-xhwikibooks.graphml"
"0.12","0.67","0.21","0.487930381194772","1,1,1,2,3,2,4,5,2,2,4,7,5,5,5,2,8,9,10,11,12,1,13,5,5,5,5,2,1,14,15,16,11,17,10,10,6,5,12,12,12,12,1,1,1,1,12,1,1,1,12,12,12,12,12,1,1,1,1,12,18,12,12,19,20,12,12,12,12,12,1,12,21,22,12,12,12,12,12,12,12,23,24,25,26,27,12,12,12,12,28,29,30,12,12,12,31,12,12,12,12,12,12,12,12,12,12,32,33,12,12,12,12,10,10,10,10,10,10,10,10,6,6,6,6,6,6,6,6","0.00178790092468262","leiden","edit-xhwikibooks.graphml"
"0.11","0.68","0.21","0.487930381194773","1,1,1,2,3,2,4,5,2,2,4,6,5,5,5,2,7,8,9,10,11,1,12,5,5,5,5,2,1,13,14,15,10,16,9,9,17,5,11,11,11,11,1,1,1,1,11,1,1,1,11,11,11,11,11,1,1,1,1,11,18,11,11,19,20,11,11,11,11,11,1,11,21,22,11,11,11,11,11,11,11,23,24,25,26,27,11,11,11,11,28,29,30,11,11,11,31,11,11,11,11,11,11,11,11,11,11,32,33,11,11,11,11,9,9,9,9,9,9,9,9,17,17,17,17,17,17,17,17","0.00118279457092285","leiden","edit-xhwikibooks.graphml"
"0.1","0.69","0.21","0.472819625767958","1,1,1,2,3,2,4,5,2,2,4,6,5,5,5,2,7,8,9,10,11,1,12,5,5,5,5,2,1,13,14,15,10,16,9,9,5,5,11,11,11,11,1,1,1,1,11,1,1,1,11,11,11,11,11,1,1,1,1,11,17,11,11,18,19,11,11,11,11,11,1,11,20,21,11,11,11,11,11,11,11,22,23,24,25,26,11,11,11,11,27,28,29,11,11,11,30,11,11,11,11,11,11,11,11,11,11,31,32,11,11,11,11,9,9,9,9,9,9,9,9,5,5,5,5,5,5,5,5","0.000921010971069336","leiden","edit-xhwikibooks.graphml"
"0.09","0.7","0.21","0.474015453753804","1,1,1,2,3,2,4,5,2,2,4,6,5,5,5,2,7,8,9,10,11,1,12,5,5,5,5,2,1,13,14,15,10,16,9,9,5,5,11,11,11,11,1,1,1,1,11,1,1,1,11,11,11,11,11,1,1,1,1,11,17,11,11,18,19,11,11,11,11,11,1,11,20,21,11,11,11,11,11,11,11,22,23,24,25,26,11,11,11,11,27,28,29,11,11,11,30,11,11,11,11,11,11,11,11,11,11,31,32,11,11,11,11,9,9,9,9,9,9,9,9,5,5,5,5,5,5,5,5","0.000957012176513672","leiden","edit-xhwikibooks.graphml"
"0.08","0.71","0.21","0.473534088321913","1,1,1,2,3,2,4,5,2,2,4,6,5,5,5,2,7,8,9,10,11,1,12,5,5,5,5,2,1,13,14,15,10,16,9,9,5,5,11,11,11,11,1,1,1,1,11,1,1,1,11,11,11,11,11,1,1,1,1,11,17,11,11,18,19,11,11,11,11,11,1,11,20,21,11,11,11,11,11,11,11,22,23,24,25,26,11,11,11,11,27,28,29,11,11,11,30,11,11,11,11,11,11,11,11,11,11,31,32,11,11,11,11,9,9,9,9,9,9,9,9,5,5,5,5,5,5,5,5","0.000889062881469727","leiden","edit-xhwikibooks.graphml"
"0.07","0.72","0.21","0.476807337568048","1,1,1,2,3,2,4,5,2,2,4,6,5,5,5,2,7,8,9,10,11,1,12,5,5,5,5,2,1,13,14,15,10,16,9,9,5,5,11,11,11,11,1,1,1,1,11,1,1,1,11,11,11,11,11,1,1,1,1,11,17,11,11,18,19,11,11,11,11,11,1,11,20,21,11,11,11,11,11,11,11,22,23,24,25,26,11,11,11,11,27,28,29,11,11,11,30,11,11,11,11,11,11,11,11,11,11,31,32,11,11,11,11,9,9,9,9,9,9,9,9,5,5,5,5,5,5,5,5","0.000894069671630859","leiden","edit-xhwikibooks.graphml"
"0.06","0.73","0.21","0.476324872169467","1,1,1,2,3,2,4,5,2,2,4,6,5,5,5,2,7,8,9,10,11,1,12,5,5,5,5,2,1,13,14,15,10,16,9,9,5,5,11,11,11,11,1,1,1,1,11,1,1,1,11,11,11,11,11,1,1,1,1,11,17,11,11,18,19,11,11,11,11,11,1,11,20,21,11,11,11,11,11,11,11,22,23,24,25,26,11,11,11,11,27,28,29,11,11,11,30,11,11,11,11,11,11,11,11,11,11,31,32,11,11,11,11,9,9,9,9,9,9,9,9,5,5,5,5,5,5,5,5","0.000903129577636719","leiden","edit-xhwikibooks.graphml"
"0.05","0.74","0.21","0.476324872169467","1,1,1,2,3,2,4,5,2,2,4,6,5,5,5,2,7,8,9,10,11,1,12,5,5,5,5,2,1,13,14,15,10,16,9,9,5,5,11,11,11,11,1,1,1,1,11,1,1,1,11,11,11,11,11,1,1,1,1,11,17,11,11,18,19,11,11,11,11,11,1,11,20,21,11,11,11,11,11,11,11,22,23,24,25,26,11,11,11,11,27,28,29,11,11,11,30,11,11,11,11,11,11,11,11,11,11,31,32,11,11,11,11,9,9,9,9,9,9,9,9,5,5,5,5,5,5,5,5","0.000935077667236328","leiden","edit-xhwikibooks.graphml"
"0.04","0.75","0.21","0.479454814140363","1,1,1,2,3,2,4,5,2,2,4,6,5,5,5,2,7,8,9,10,11,1,12,5,5,5,5,2,1,13,14,15,10,16,9,9,5,5,11,11,11,11,1,1,1,1,11,1,1,1,11,11,11,11,11,1,1,1,1,11,17,11,11,18,19,11,11,11,11,11,1,11,20,21,11,11,11,11,11,11,11,22,23,24,25,26,11,11,11,11,27,28,29,11,11,11,30,11,11,11,11,11,11,11,11,11,11,31,32,11,11,11,11,9,9,9,9,9,9,9,9,5,5,5,5,5,5,5,5","0.000936031341552734","leiden","edit-xhwikibooks.graphml"
"0.03","0.76","0.21","0.48062249448223","1,1,1,2,3,2,4,5,2,2,4,6,5,5,5,2,7,8,9,10,11,1,12,5,5,5,5,2,1,13,14,15,10,16,9,9,5,5,11,11,11,11,1,1,1,1,11,1,1,1,11,11,11,11,11,1,1,1,1,11,17,11,11,18,19,11,11,11,11,11,1,11,20,21,11,11,11,11,11,11,11,22,23,24,25,26,11,11,11,11,27,28,29,11,11,11,30,11,11,11,11,11,11,11,11,11,11,31,32,11,11,11,11,9,9,9,9,9,9,9,9,5,5,5,5,5,5,5,5","0.00117278099060059","leiden","edit-xhwikibooks.graphml"
"0.02","0.77","0.21","0.481782194941385","1,1,1,2,3,2,4,5,2,2,4,6,5,5,5,2,7,8,9,10,11,1,12,5,5,5,5,2,1,13,14,15,10,16,9,9,5,5,11,11,11,11,1,1,1,1,11,1,1,1,11,11,11,11,11,1,1,1,1,11,17,11,11,18,19,11,11,11,11,11,1,11,20,21,11,11,11,11,11,11,11,22,23,24,25,26,11,11,11,11,27,28,29,11,11,11,30,11,11,11,11,11,11,11,11,11,11,31,32,11,11,11,11,9,9,9,9,9,9,9,9,5,5,5,5,5,5,5,5","0.000900983810424805","leiden","edit-xhwikibooks.graphml"
"0.01","0.78","0.21","0.483500920675721","1,1,1,2,3,2,4,5,2,2,4,6,5,5,5,2,7,8,9,10,11,1,12,5,5,5,5,2,1,13,14,15,10,16,9,9,5,5,11,11,11,11,1,1,1,1,11,1,1,1,11,11,11,11,11,1,1,1,1,11,17,11,11,18,19,11,11,11,11,11,1,11,20,21,11,11,11,11,11,11,11,22,23,24,25,26,11,11,11,11,27,28,29,11,11,11,30,11,11,11,11,11,11,11,11,11,11,31,32,11,11,11,11,9,9,9,9,9,9,9,9,5,5,5,5,5,5,5,5","0.000879049301147461","leiden","edit-xhwikibooks.graphml"
"0","0.79","0.21","0.486445298283922","1,1,1,2,1,2,3,4,2,2,3,5,4,4,4,2,6,7,8,9,10,1,11,4,4,4,4,2,1,12,13,14,9,15,8,8,4,4,10,10,10,10,1,1,1,1,10,1,1,1,10,10,10,10,10,1,1,1,1,10,16,10,10,17,18,10,10,10,10,10,1,10,19,20,10,10,10,10,10,10,10,21,22,23,24,25,10,10,10,10,26,27,28,10,10,10,29,10,10,10,10,10,10,10,10,10,10,30,31,10,10,10,10,8,8,8,8,8,8,8,8,4,4,4,4,4,4,4,4","0.000898122787475586","leiden","edit-xhwikibooks.graphml"
"0.78","0","0.22","0.423699291840908","1,1,2,3,2,3,2,3,3,3,2,2,3,3,3,3,3,2,4,2,5,1,3,3,3,3,3,3,1,3,2,4,2,2,4,4,3,3,5,5,5,5,1,1,1,1,5,1,1,1,5,5,5,5,5,1,1,1,1,5,3,5,5,3,3,5,5,5,5,5,1,5,3,3,5,5,5,5,5,5,5,3,3,3,3,1,5,5,5,5,3,2,4,5,5,5,3,5,5,5,5,5,5,5,5,5,5,2,2,5,5,5,5,4,4,4,4,4,4,4,4,3,3,3,3,3,3,3,3","0.000771045684814453","leiden","edit-xhwikibooks.graphml"
"0.77","0.01","0.22","0.423699291840908","1,1,2,3,2,3,2,3,3,3,2,2,3,3,3,3,3,2,4,2,5,1,3,3,3,3,3,3,1,3,2,4,2,2,4,4,3,3,5,5,5,5,1,1,1,1,5,1,1,1,5,5,5,5,5,1,1,1,1,5,3,5,5,3,3,5,5,5,5,5,1,5,3,3,5,5,5,5,5,5,5,3,3,3,3,1,5,5,5,5,3,2,4,5,5,5,3,5,5,5,5,5,5,5,5,5,5,2,2,5,5,5,5,4,4,4,4,4,4,4,4,3,3,3,3,3,3,3,3","0.000760078430175781","leiden","edit-xhwikibooks.graphml"
"0.76","0.02","0.22","0.422989606544367","1,1,2,3,2,3,2,3,3,3,4,2,3,3,3,3,3,4,4,2,5,1,3,3,3,3,3,3,1,3,4,4,2,2,4,4,3,3,5,5,5,5,1,1,1,1,5,1,1,1,5,5,5,5,5,1,1,1,1,5,3,5,5,3,3,5,5,5,5,5,1,5,3,3,5,5,5,5,5,5,5,3,3,3,3,1,5,5,5,5,3,4,4,5,5,5,3,5,5,5,5,5,5,5,5,5,5,2,2,5,5,5,5,4,4,4,4,4,4,4,4,3,3,3,3,3,3,3,3","0.000767946243286133","leiden","edit-xhwikibooks.graphml"
"0.75","0.03","0.22","0.423252318668252","1,1,2,3,2,3,2,3,3,3,2,2,3,3,3,3,3,2,4,2,5,1,3,3,3,3,3,3,1,3,2,4,2,2,4,4,3,3,5,5,5,5,1,1,1,1,5,1,1,1,5,5,5,5,5,1,1,1,1,5,3,5,5,3,3,5,5,5,5,5,1,5,3,3,5,5,5,5,5,5,5,3,3,3,3,1,5,5,5,5,3,2,4,5,5,5,3,5,5,5,5,5,5,5,5,5,5,2,2,5,5,5,5,4,4,4,4,4,4,4,4,3,3,3,3,3,3,3,3","0.000812053680419922","leiden","edit-xhwikibooks.graphml"
"0.74","0.04","0.22","0.423252318668252","1,1,2,3,2,3,2,3,3,3,2,2,3,3,3,3,3,2,4,2,5,1,3,3,3,3,3,3,1,3,2,4,2,2,4,4,3,3,5,5,5,5,1,1,1,1,5,1,1,1,5,5,5,5,5,1,1,1,1,5,3,5,5,3,3,5,5,5,5,5,1,5,3,3,5,5,5,5,5,5,5,3,3,3,3,1,5,5,5,5,3,2,4,5,5,5,3,5,5,5,5,5,5,5,5,5,5,2,2,5,5,5,5,4,4,4,4,4,4,4,4,3,3,3,3,3,3,3,3","0.000771999359130859","leiden","edit-xhwikibooks.graphml"
"0.73","0.05","0.22","0.422806198726559","1,1,2,3,2,3,2,3,3,3,2,2,3,3,3,3,3,2,4,2,5,1,3,3,3,3,3,3,1,3,2,4,2,2,4,4,3,3,5,5,5,5,1,1,1,1,5,1,1,1,5,5,5,5,5,1,1,1,1,5,3,5,5,3,3,5,5,5,5,5,1,5,3,3,5,5,5,5,5,5,5,3,3,3,3,1,5,5,5,5,3,2,4,5,5,5,3,5,5,5,5,5,5,5,5,5,5,2,2,5,5,5,5,4,4,4,4,4,4,4,4,3,3,3,3,3,3,3,3","0.000807046890258789","leiden","edit-xhwikibooks.graphml"
"0.72","0.06","0.22","0.424147019368852","1,1,2,3,2,3,2,3,3,3,2,2,3,3,3,3,3,2,4,2,5,1,3,3,3,3,3,3,1,3,2,4,2,2,4,4,3,3,5,5,5,5,1,1,1,1,5,1,1,1,5,5,5,5,5,1,1,1,1,5,3,5,5,3,3,5,5,5,5,5,1,5,3,3,5,5,5,5,5,5,5,3,3,3,3,1,5,5,5,5,3,2,4,5,5,5,3,5,5,5,5,5,5,5,5,5,5,2,2,5,5,5,5,4,4,4,4,4,4,4,4,3,3,3,3,3,3,3,3","0.000814914703369141","leiden","edit-xhwikibooks.graphml"
"0.71","0.07","0.22","0.423701470233064","1,1,3,2,3,2,3,2,2,2,3,3,2,2,2,2,2,3,4,3,5,1,2,2,2,2,2,2,1,2,3,4,3,3,4,4,2,2,5,5,5,5,1,1,1,1,5,1,1,1,5,5,5,5,5,1,1,1,1,5,2,5,5,2,2,5,5,5,5,5,1,5,2,2,5,5,5,5,5,5,5,2,2,2,2,1,5,5,5,5,2,3,4,5,5,5,2,5,5,5,5,5,5,5,5,5,5,3,3,5,5,5,5,4,4,4,4,4,4,4,4,2,2,2,2,2,2,2,2","0.000802993774414062","leiden","edit-xhwikibooks.graphml"
"0.7","0.08","0.22","0.425033070463137","1,1,2,3,2,3,2,3,3,3,2,2,3,3,3,3,3,2,4,2,5,1,3,3,3,3,3,3,1,3,2,4,2,2,4,4,3,3,5,5,5,5,1,1,1,1,5,1,1,1,5,5,5,5,5,1,1,1,1,5,3,5,5,3,3,5,5,5,5,5,1,5,3,3,5,5,5,5,5,5,5,3,3,3,3,1,5,5,5,5,3,2,4,5,5,5,3,5,5,5,5,5,5,5,5,5,5,2,2,5,5,5,5,4,4,4,4,4,4,4,4,3,3,3,3,3,3,3,3","0.000852108001708984","leiden","edit-xhwikibooks.graphml"
"0.69","0.09","0.22","0.414585760499226","1,1,2,3,2,3,2,3,3,3,4,2,3,3,3,3,3,4,4,2,5,1,3,3,3,3,3,3,1,3,4,4,2,2,4,4,3,3,5,5,5,5,1,1,1,1,5,1,1,1,5,5,5,5,5,1,1,1,1,5,3,5,5,3,3,5,5,5,5,5,1,5,3,3,5,5,5,5,5,5,5,3,3,3,3,1,5,5,5,5,3,4,4,5,5,5,3,5,5,5,5,5,5,5,5,5,5,2,2,5,5,5,5,4,4,4,4,4,4,4,4,3,3,3,3,3,3,3,3","0.00143313407897949","leiden","edit-xhwikibooks.graphml"
"0.68","0.1","0.22","0.415205584538068","1,1,2,3,2,3,2,3,3,3,2,2,3,3,3,3,3,2,4,2,5,1,3,3,3,3,3,3,1,3,2,4,2,2,4,4,3,3,5,5,5,5,1,1,1,1,5,1,1,1,5,5,5,5,5,1,1,1,1,5,3,5,5,3,3,5,5,5,5,5,1,5,3,3,5,5,5,5,5,5,5,3,3,3,3,1,5,5,5,5,3,2,4,5,5,5,3,5,5,5,5,5,5,5,5,5,5,2,2,5,5,5,5,4,4,4,4,4,4,4,4,3,3,3,3,3,3,3,3","0.0012969970703125","leiden","edit-xhwikibooks.graphml"
"0.67","0.11","0.22","0.407042155166394","1,1,2,2,2,3,2,3,3,3,2,2,3,3,3,3,3,2,4,2,5,1,3,3,3,3,3,3,1,3,2,4,2,2,4,4,3,3,5,5,5,5,1,1,1,1,5,1,1,1,5,5,5,5,5,1,1,1,1,5,3,5,5,3,3,5,5,5,5,5,1,5,3,3,5,5,5,5,5,5,5,3,3,3,3,1,5,5,5,5,3,2,4,5,5,5,3,5,5,5,5,5,5,5,5,5,5,2,2,5,5,5,5,4,4,4,4,4,4,4,4,3,3,3,3,3,3,3,3","0.00129604339599609","leiden","edit-xhwikibooks.graphml"
"0.66","0.12","0.22","0.409220679012346","1,1,2,2,3,2,3,2,2,2,3,3,2,2,2,2,2,3,4,3,5,1,2,2,2,2,2,2,1,2,3,4,3,3,4,4,2,2,5,5,5,5,1,1,1,1,5,1,1,1,5,5,5,5,5,1,1,1,1,5,2,5,5,2,2,5,5,5,5,5,1,5,2,2,5,5,5,5,5,5,5,2,2,2,2,1,5,5,5,5,2,3,4,5,5,5,2,5,5,5,5,5,5,5,5,5,5,3,3,5,5,5,5,4,4,4,4,4,4,4,4,2,2,2,2,2,2,2,2","0.00134706497192383","leiden","edit-xhwikibooks.graphml"
"0.65","0.13","0.22","0.409338624694859","1,1,2,2,2,3,2,3,3,3,2,2,3,3,3,3,3,2,4,2,5,1,3,3,3,3,3,3,1,3,2,4,2,2,4,4,3,3,5,5,5,5,1,1,1,1,5,1,1,1,5,5,5,5,5,1,1,1,1,5,3,5,5,3,3,5,5,5,5,5,1,5,3,3,5,5,5,5,5,5,5,3,3,3,3,1,5,5,5,5,3,2,4,5,5,5,3,5,5,5,5,5,5,5,5,5,5,2,2,5,5,5,5,4,4,4,4,4,4,4,4,3,3,3,3,3,3,3,3","0.00142598152160645","leiden","edit-xhwikibooks.graphml"
"0.64","0.14","0.22","0.409338624694859","1,1,2,2,2,3,2,3,3,3,2,2,3,3,3,3,3,2,4,2,5,1,3,3,3,3,3,3,1,3,2,4,2,2,4,4,3,3,5,5,5,5,1,1,1,1,5,1,1,1,5,5,5,5,5,1,1,1,1,5,3,5,5,3,3,5,5,5,5,5,1,5,3,3,5,5,5,5,5,5,5,3,3,3,3,1,5,5,5,5,3,2,4,5,5,5,3,5,5,5,5,5,5,5,5,5,5,2,2,5,5,5,5,4,4,4,4,4,4,4,4,3,3,3,3,3,3,3,3","0.00143599510192871","leiden","edit-xhwikibooks.graphml"
"0.63","0.15","0.22","0.411606025457098","1,1,2,2,2,3,2,3,3,3,2,2,3,3,3,3,3,2,4,2,5,1,3,3,3,3,3,3,1,3,2,4,2,2,4,4,3,3,5,5,5,5,1,1,1,1,5,1,1,1,5,5,5,5,5,1,1,1,1,5,3,5,5,3,3,5,5,5,5,5,1,5,3,3,5,5,5,5,5,5,5,3,3,3,3,1,5,5,5,5,3,2,4,5,5,5,3,5,5,5,5,5,5,5,5,5,5,2,2,5,5,5,5,4,4,4,4,4,4,4,4,3,3,3,3,3,3,3,3","0.00146198272705078","leiden","edit-xhwikibooks.graphml"
"0.62","0.16","0.22","0.414338729139631","1,1,2,2,2,3,2,3,3,3,2,2,3,3,3,3,3,2,4,2,5,1,3,3,3,3,3,3,1,3,2,4,2,2,4,4,3,3,5,5,5,5,1,1,1,1,5,1,1,1,5,5,5,5,5,1,1,1,1,5,3,5,5,3,3,5,5,5,5,5,1,5,3,3,5,5,5,5,5,5,5,3,3,3,3,1,5,5,5,5,3,2,4,5,5,5,3,5,5,5,5,5,5,5,5,5,5,2,2,5,5,5,5,4,4,4,4,4,4,4,4,3,3,3,3,3,3,3,3","0.000943899154663086","leiden","edit-xhwikibooks.graphml"
"0.61","0.17","0.22","0.41526536650163","1,1,2,2,2,3,2,3,3,3,2,2,3,3,3,3,3,2,4,2,5,1,3,3,3,3,3,3,1,3,2,4,2,2,4,4,3,3,5,5,5,5,1,1,1,1,5,1,1,1,5,5,5,5,5,1,1,1,1,5,3,5,5,3,3,5,5,5,5,5,1,5,3,3,5,5,5,5,5,5,5,3,3,3,3,1,5,5,5,5,3,2,4,5,5,5,3,5,5,5,5,5,5,5,5,5,5,2,2,5,5,5,5,4,4,4,4,4,4,4,4,3,3,3,3,3,3,3,3","0.000849008560180664","leiden","edit-xhwikibooks.graphml"
"0.6","0.18","0.22","0.41526536650163","1,1,2,2,2,3,2,3,3,3,2,2,3,3,3,3,3,2,4,2,5,1,3,3,3,3,3,3,1,3,2,4,2,2,4,4,3,3,5,5,5,5,1,1,1,1,5,1,1,1,5,5,5,5,5,1,1,1,1,5,3,5,5,3,3,5,5,5,5,5,1,5,3,3,5,5,5,5,5,5,5,3,3,3,3,1,5,5,5,5,3,2,4,5,5,5,3,5,5,5,5,5,5,5,5,5,5,2,2,5,5,5,5,4,4,4,4,4,4,4,4,3,3,3,3,3,3,3,3","0.00077509880065918","leiden","edit-xhwikibooks.graphml"
"0.59","0.19","0.22","0.4148249758675","1,1,2,2,2,3,2,3,3,3,2,2,3,3,3,3,3,2,4,2,5,1,3,3,3,3,3,3,1,3,2,4,2,2,4,4,3,3,5,5,5,5,1,1,1,1,5,1,1,1,5,5,5,5,5,1,1,1,1,5,3,5,5,3,3,5,5,5,5,5,1,5,3,3,5,5,5,5,5,5,5,3,3,3,3,1,5,5,5,5,3,2,4,5,5,5,3,5,5,5,5,5,5,5,5,5,5,2,2,5,5,5,5,4,4,4,4,4,4,4,4,3,3,3,3,3,3,3,3","0.000786066055297852","leiden","edit-xhwikibooks.graphml"
"0.58","0.2","0.22","0.417397601995655","1,1,2,2,2,3,2,3,3,3,2,2,3,3,3,3,3,2,4,2,5,1,3,3,3,3,3,3,1,3,2,4,2,2,4,4,3,3,5,5,5,5,1,1,1,1,5,1,1,1,5,5,5,5,5,1,1,1,1,5,3,5,5,3,3,5,5,5,5,5,1,5,3,3,5,5,5,5,5,5,5,3,3,3,3,1,5,5,5,5,3,2,4,5,5,5,3,5,5,5,5,5,5,5,5,5,5,2,2,5,5,5,5,4,4,4,4,4,4,4,4,3,3,3,3,3,3,3,3","0.000791072845458984","leiden","edit-xhwikibooks.graphml"
"0.57","0.21","0.22","0.413018566501267","1,1,2,2,2,3,2,3,3,3,2,2,3,3,3,3,3,2,4,2,5,1,3,3,3,3,3,3,1,3,2,4,2,2,4,4,3,3,5,5,5,5,1,1,1,1,5,1,1,1,5,5,5,5,5,1,1,1,1,5,3,5,5,3,3,5,5,5,5,5,1,5,3,3,5,5,5,5,5,5,5,3,3,3,3,1,5,5,5,5,3,2,4,5,5,5,3,5,5,5,5,5,5,5,5,5,5,2,2,5,5,5,5,4,4,4,4,4,4,4,4,3,3,3,3,3,3,3,3","0.00078582763671875","leiden","edit-xhwikibooks.graphml"
"0.56","0.22","0.22","0.413018566501267","1,1,2,2,2,3,2,3,3,3,2,2,3,3,3,3,3,2,4,2,5,1,3,3,3,3,3,3,1,3,2,4,2,2,4,4,3,3,5,5,5,5,1,1,1,1,5,1,1,1,5,5,5,5,5,1,1,1,1,5,3,5,5,3,3,5,5,5,5,5,1,5,3,3,5,5,5,5,5,5,5,3,3,3,3,1,5,5,5,5,3,2,4,5,5,5,3,5,5,5,5,5,5,5,5,5,5,2,2,5,5,5,5,4,4,4,4,4,4,4,4,3,3,3,3,3,3,3,3","0.000803947448730469","leiden","edit-xhwikibooks.graphml"
"0.55","0.23","0.22","0.409289172718925","1,1,2,2,2,3,2,3,3,3,2,2,3,3,3,3,3,2,4,2,5,1,3,3,3,3,3,3,1,3,2,4,2,2,4,4,3,3,5,5,5,5,1,1,1,1,5,1,1,1,5,5,5,5,5,1,1,1,1,5,6,5,5,3,3,5,5,5,5,5,1,5,3,3,5,5,5,5,5,5,5,3,3,3,3,7,5,5,5,5,8,9,10,5,5,5,3,5,5,5,5,5,5,5,5,5,5,2,2,5,5,5,5,4,4,4,4,4,4,4,4,3,3,3,3,3,3,3,3","0.000819921493530273","leiden","edit-xhwikibooks.graphml"
"0.54","0.24","0.22","0.410663369465063","1,1,2,2,2,3,2,3,3,3,2,2,3,3,3,3,3,2,4,2,5,1,3,3,3,3,3,3,1,3,2,4,2,2,4,4,3,3,5,5,5,5,1,1,1,1,5,1,1,1,5,5,5,5,5,1,1,1,1,5,6,5,5,3,3,5,5,5,5,5,1,5,3,3,5,5,5,5,5,5,5,3,3,3,3,7,5,5,5,5,8,9,10,5,5,5,3,5,5,5,5,5,5,5,5,5,5,2,2,5,5,5,5,4,4,4,4,4,4,4,4,3,3,3,3,3,3,3,3","0.000856161117553711","leiden","edit-xhwikibooks.graphml"
"0.53","0.25","0.22","0.414129212274099","1,1,2,2,2,3,2,3,3,3,2,2,3,3,3,3,3,2,4,2,5,1,3,3,3,3,3,3,1,3,2,4,2,2,4,4,3,3,5,5,5,5,1,1,1,1,5,1,1,1,5,5,5,5,5,1,1,1,1,5,6,5,5,3,3,5,5,5,5,5,1,5,3,3,5,5,5,5,5,5,5,3,3,3,3,7,5,5,5,5,8,9,10,5,5,5,3,5,5,5,5,5,5,5,5,5,5,2,2,5,5,5,5,4,4,4,4,4,4,4,4,3,3,3,3,3,3,3,3","0.000848054885864258","leiden","edit-xhwikibooks.graphml"
"0.52","0.26","0.22","0.415635544507152","1,1,2,2,2,3,2,3,3,3,2,2,3,3,3,3,3,2,4,2,5,1,3,3,3,3,3,3,1,3,2,4,2,2,4,4,3,3,5,5,5,5,1,1,1,1,5,1,1,1,5,5,5,5,5,1,1,1,1,5,6,5,5,3,3,5,5,5,5,5,1,5,3,3,5,5,5,5,5,5,5,3,3,3,3,7,5,5,5,5,8,9,10,5,5,5,3,5,5,5,5,5,5,5,5,5,5,2,2,5,5,5,5,4,4,4,4,4,4,4,4,3,3,3,3,3,3,3,3","0.000873088836669922","leiden","edit-xhwikibooks.graphml"
"0.51","0.27","0.22","0.415635544507152","1,1,2,2,2,3,2,3,3,3,2,2,3,3,3,3,3,2,4,2,5,1,3,3,3,3,3,3,1,3,2,4,2,2,4,4,3,3,5,5,5,5,1,1,1,1,5,1,1,1,5,5,5,5,5,1,1,1,1,5,6,5,5,3,3,5,5,5,5,5,1,5,3,3,5,5,5,5,5,5,5,3,3,3,3,7,5,5,5,5,8,9,10,5,5,5,3,5,5,5,5,5,5,5,5,5,5,2,2,5,5,5,5,4,4,4,4,4,4,4,4,3,3,3,3,3,3,3,3","0.00087285041809082","leiden","edit-xhwikibooks.graphml"
"0.5","0.28","0.22","0.415196477128696","1,1,2,2,2,3,2,3,3,3,2,2,3,3,3,3,3,2,4,2,5,1,3,3,3,3,3,3,1,3,2,4,2,2,4,4,3,3,5,5,5,5,1,1,1,1,5,1,1,1,5,5,5,5,5,1,1,1,1,5,6,5,5,3,3,5,5,5,5,5,1,5,3,3,5,5,5,5,5,5,5,3,3,3,3,7,5,5,5,5,8,9,10,5,5,5,3,5,5,5,5,5,5,5,5,5,5,2,2,5,5,5,5,4,4,4,4,4,4,4,4,3,3,3,3,3,3,3,3","0.000854015350341797","leiden","edit-xhwikibooks.graphml"
"0.49","0.29","0.22","0.417826831412837","1,1,2,2,2,3,2,3,3,3,2,2,3,3,3,3,3,2,4,2,5,1,3,3,3,3,3,3,1,3,2,4,2,2,4,4,3,3,5,5,5,5,1,1,1,1,5,1,1,1,5,5,5,5,5,1,1,1,1,5,6,5,5,3,3,5,5,5,5,5,1,5,3,3,5,5,5,5,5,5,5,3,3,3,3,7,5,5,5,5,8,9,10,5,5,5,3,5,5,5,5,5,5,5,5,5,5,2,2,5,5,5,5,4,4,4,4,4,4,4,4,3,3,3,3,3,3,3,3","0.000898122787475586","leiden","edit-xhwikibooks.graphml"
"0.48","0.3","0.22","0.417388166056238","1,1,2,2,2,3,2,3,3,3,2,2,3,3,3,3,3,2,4,2,5,1,3,3,3,3,3,3,1,3,2,4,2,2,4,4,3,3,5,5,5,5,1,1,1,1,5,1,1,1,5,5,5,5,5,1,1,1,1,5,6,5,5,3,3,5,5,5,5,5,1,5,3,3,5,5,5,5,5,5,5,3,3,3,3,7,5,5,5,5,8,9,10,5,5,5,3,5,5,5,5,5,5,5,5,5,5,2,2,5,5,5,5,4,4,4,4,4,4,4,4,3,3,3,3,3,3,3,3","0.000799894332885742","leiden","edit-xhwikibooks.graphml"
"0.47","0.31","0.22","0.418721429242096","1,1,2,2,2,3,2,3,3,3,2,2,3,3,3,3,3,2,4,2,5,1,3,3,3,3,3,3,1,3,2,4,2,2,4,4,3,3,5,5,5,5,1,1,1,1,5,1,1,1,5,5,5,5,5,1,1,1,1,5,6,5,5,3,3,5,5,5,5,5,1,5,3,3,5,5,5,5,5,5,5,3,3,3,3,7,5,5,5,5,8,9,10,5,5,5,3,5,5,5,5,5,5,5,5,5,5,2,2,5,5,5,5,4,4,4,4,4,4,4,4,3,3,3,3,3,3,3,3","0.0190529823303223","leiden","edit-xhwikibooks.graphml"
"0.46","0.32","0.22","0.418283319012052","1,1,2,2,2,3,2,3,3,3,2,2,3,3,3,3,3,2,4,2,5,1,3,3,3,3,3,3,1,3,2,4,2,2,4,4,3,3,5,5,5,5,1,1,1,1,5,1,1,1,5,5,5,5,5,1,1,1,1,5,6,5,5,3,3,5,5,5,5,5,1,5,3,3,5,5,5,5,5,5,5,3,3,3,3,7,5,5,5,5,8,9,10,5,5,5,3,5,5,5,5,5,5,5,5,5,5,2,2,5,5,5,5,4,4,4,4,4,4,4,4,3,3,3,3,3,3,3,3","0.00101613998413086","leiden","edit-xhwikibooks.graphml"
"0.45","0.33","0.22","0.414655930399371","1,1,2,2,2,3,2,3,3,3,2,2,3,3,3,4,3,2,5,2,6,1,3,3,3,3,3,4,1,3,2,5,2,2,5,5,3,3,6,6,6,6,1,1,1,1,6,1,1,1,6,6,6,6,6,1,1,1,1,6,7,6,6,3,3,6,6,6,6,6,1,6,3,3,6,6,6,6,6,6,6,3,4,4,4,8,6,6,6,6,9,10,11,6,6,6,4,6,6,6,6,6,6,6,6,6,6,2,2,6,6,6,6,5,5,5,5,5,5,5,5,3,3,3,3,3,3,3,3","0.00088191032409668","leiden","edit-xhwikibooks.graphml"
"0.44","0.34","0.22","0.433030222222222","1,1,2,2,2,3,2,3,3,3,2,2,3,3,3,4,3,2,5,2,6,1,3,3,3,3,3,4,1,3,2,5,2,2,5,5,3,3,6,6,6,6,1,1,1,1,6,1,1,1,6,6,6,6,6,1,1,1,1,6,7,6,6,3,3,6,6,6,6,6,1,6,3,3,6,6,6,6,6,6,6,3,4,4,4,8,6,6,6,6,9,10,11,6,6,6,4,6,6,6,6,6,6,6,6,6,6,2,2,6,6,6,6,5,5,5,5,5,5,5,5,3,3,3,3,3,3,3,3","0.000835895538330078","leiden","edit-xhwikibooks.graphml"
"0.43","0.35","0.22","0.454342676588326","1,1,2,2,2,3,2,3,3,3,2,2,3,3,3,4,3,2,5,2,6,1,3,3,3,3,3,4,1,3,2,5,2,2,5,5,3,3,6,6,6,6,1,1,1,1,6,1,1,1,6,6,6,6,6,1,1,1,1,6,7,6,6,3,3,6,6,6,6,6,1,6,3,3,6,6,6,6,6,6,6,3,4,4,4,8,6,6,6,6,9,10,11,6,6,6,4,6,6,6,6,6,6,6,6,6,6,2,2,6,6,6,6,5,5,5,5,5,5,5,5,3,3,3,3,3,3,3,3","0.000824928283691406","leiden","edit-xhwikibooks.graphml"
"0.42","0.36","0.22","0.455130648669037","1,1,2,2,2,3,2,3,3,3,2,2,3,3,3,4,3,2,5,2,6,1,3,3,3,3,3,4,1,3,2,5,2,2,5,5,3,3,6,6,6,6,1,1,1,1,6,1,1,1,6,6,6,6,6,1,1,1,1,6,7,6,6,3,3,6,6,6,6,6,1,6,3,3,6,6,6,6,6,6,6,3,4,4,4,8,6,6,6,6,9,10,11,6,6,6,4,6,6,6,6,6,6,6,6,6,6,2,2,6,6,6,6,5,5,5,5,5,5,5,5,3,3,3,3,3,3,3,3","0.000817060470581055","leiden","edit-xhwikibooks.graphml"
"0.41","0.37","0.22","0.455130648669037","1,1,2,2,2,3,2,3,3,3,2,2,3,3,3,4,3,2,5,2,6,1,3,3,3,3,3,4,1,3,2,5,2,2,5,5,3,3,6,6,6,6,1,1,1,1,6,1,1,1,6,6,6,6,6,1,1,1,1,6,7,6,6,3,3,6,6,6,6,6,1,6,3,3,6,6,6,6,6,6,6,3,4,4,4,8,6,6,6,6,9,10,11,6,6,6,4,6,6,6,6,6,6,6,6,6,6,2,2,6,6,6,6,5,5,5,5,5,5,5,5,3,3,3,3,3,3,3,3","0.000854969024658203","leiden","edit-xhwikibooks.graphml"
"0.4","0.38","0.22","0.454648303787744","1,1,2,2,2,3,2,3,3,3,2,2,3,3,3,4,3,2,5,2,6,1,3,3,3,3,3,4,1,3,2,5,2,2,5,5,3,3,6,6,6,6,1,1,1,1,6,1,1,1,6,6,6,6,6,1,1,1,1,6,7,6,6,3,3,6,6,6,6,6,1,6,3,3,6,6,6,6,6,6,6,3,4,4,4,8,6,6,6,6,9,10,11,6,6,6,4,6,6,6,6,6,6,6,6,6,6,2,2,6,6,6,6,5,5,5,5,5,5,5,5,3,3,3,3,3,3,3,3","0.000937938690185547","leiden","edit-xhwikibooks.graphml"
"0.39","0.39","0.22","0.455910458361263","1,1,2,2,2,3,2,3,3,3,2,2,3,3,3,4,3,2,5,2,6,1,3,3,3,3,3,4,1,3,2,5,2,2,5,5,3,3,6,6,6,6,1,1,1,1,6,1,1,1,6,6,6,6,6,1,1,1,1,6,7,6,6,3,3,6,6,6,6,6,1,6,3,3,6,6,6,6,6,6,6,3,4,4,4,8,6,6,6,6,9,10,11,6,6,6,4,6,6,6,6,6,6,6,6,6,6,2,2,6,6,6,6,5,5,5,5,5,5,5,5,3,3,3,3,3,3,3,3","0.00154399871826172","leiden","edit-xhwikibooks.graphml"
"0.38","0.4","0.22","0.457870197281616","1,1,2,2,2,3,2,3,3,3,2,2,3,3,3,4,3,2,5,2,6,1,3,3,3,3,3,4,1,3,2,5,2,2,5,5,7,3,6,6,6,6,1,1,1,1,6,1,1,1,6,6,6,6,6,1,1,1,1,6,8,6,6,3,3,6,6,6,6,6,1,6,3,3,6,6,6,6,6,6,6,3,4,4,4,9,6,6,6,6,10,11,12,6,6,6,4,6,6,6,6,6,6,6,6,6,6,2,2,6,6,6,6,5,5,5,5,5,5,5,5,7,7,7,7,7,7,7,7","0.00194883346557617","leiden","edit-xhwikibooks.graphml"
"0.37","0.41","0.22","0.457870197281616","1,1,2,2,2,3,2,3,3,3,2,2,3,3,3,4,3,2,5,2,6,1,3,3,3,3,3,4,1,3,2,5,2,2,5,5,7,3,6,6,6,6,1,1,1,1,6,1,1,1,6,6,6,6,6,1,1,1,1,6,8,6,6,3,3,6,6,6,6,6,1,6,3,3,6,6,6,6,6,6,6,3,4,4,4,9,6,6,6,6,10,11,12,6,6,6,4,6,6,6,6,6,6,6,6,6,6,2,2,6,6,6,6,5,5,5,5,5,5,5,5,7,7,7,7,7,7,7,7","0.0010840892791748","leiden","edit-xhwikibooks.graphml"
"0.36","0.42","0.22","0.457383853048857","1,1,2,2,2,3,2,3,3,3,2,2,3,3,3,4,3,2,5,2,6,1,3,3,3,3,3,4,1,3,2,5,2,2,5,5,7,3,6,6,6,6,1,1,1,1,6,1,1,1,6,6,6,6,6,1,1,1,1,6,8,6,6,3,3,6,6,6,6,6,1,6,3,3,6,6,6,6,6,6,6,3,4,4,4,9,6,6,6,6,10,11,12,6,6,6,4,6,6,6,6,6,6,6,6,6,6,2,2,6,6,6,6,5,5,5,5,5,5,5,5,7,7,7,7,7,7,7,7","0.00109195709228516","leiden","edit-xhwikibooks.graphml"
"0.35","0.43","0.22","0.458631427171995","1,1,2,2,2,3,2,3,3,3,2,2,3,3,3,4,3,2,5,2,6,1,3,3,3,3,3,4,1,3,2,5,2,2,5,5,7,3,6,6,6,6,1,1,1,1,6,1,1,1,6,6,6,6,6,1,1,1,1,6,8,6,6,3,3,6,6,6,6,6,1,6,3,3,6,6,6,6,6,6,6,3,4,4,4,9,6,6,6,6,10,11,12,6,6,6,4,6,6,6,6,6,6,6,6,6,6,2,2,6,6,6,6,5,5,5,5,5,5,5,5,7,7,7,7,7,7,7,7","0.000853061676025391","leiden","edit-xhwikibooks.graphml"
"0.34","0.44","0.22","0.458146003499439","1,1,2,2,2,3,2,3,3,3,2,2,3,3,3,4,3,2,5,2,6,1,3,3,3,3,3,4,1,3,2,5,2,2,5,5,7,3,6,6,6,6,1,1,1,1,6,1,1,1,6,6,6,6,6,1,1,1,1,6,8,6,6,3,3,6,6,6,6,6,1,6,3,3,6,6,6,6,6,6,6,3,4,4,4,9,6,6,6,6,10,11,12,6,6,6,4,6,6,6,6,6,6,6,6,6,6,2,2,6,6,6,6,5,5,5,5,5,5,5,5,7,7,7,7,7,7,7,7","0.000845909118652344","leiden","edit-xhwikibooks.graphml"
"0.33","0.45","0.22","0.44972072643228","1,1,2,2,2,3,2,3,3,3,2,2,3,3,3,4,5,2,6,2,7,1,3,3,3,3,3,4,1,8,9,6,2,2,6,6,3,3,7,7,7,7,1,1,1,1,7,1,1,1,7,7,7,7,7,1,1,1,1,7,10,7,7,11,12,7,7,7,7,7,1,7,3,3,7,7,7,7,7,7,7,13,4,4,4,14,7,7,7,7,15,16,17,7,7,7,18,7,7,7,7,7,7,7,7,7,7,19,20,7,7,7,7,6,6,6,6,6,6,6,6,3,3,3,3,3,3,3,3","0.000832796096801758","leiden","edit-xhwikibooks.graphml"
"0.32","0.46","0.22","0.449241670984637","1,1,2,2,2,3,2,3,3,3,2,2,3,3,3,4,5,2,6,2,7,1,3,3,3,3,3,4,1,8,9,6,2,2,6,6,3,3,7,7,7,7,1,1,1,1,7,1,1,1,7,7,7,7,7,1,1,1,1,7,10,7,7,11,12,7,7,7,7,7,1,7,3,3,7,7,7,7,7,7,7,13,4,4,4,14,7,7,7,7,15,16,17,7,7,7,18,7,7,7,7,7,7,7,7,7,7,19,20,7,7,7,7,6,6,6,6,6,6,6,6,3,3,3,3,3,3,3,3","0.000848054885864258","leiden","edit-xhwikibooks.graphml"
"0.31","0.47","0.22","0.450535047400172","1,1,2,2,2,3,2,3,3,3,2,2,3,3,3,3,4,2,5,2,6,1,3,3,3,3,3,3,1,7,8,5,2,2,5,5,9,3,6,6,6,6,1,1,1,1,6,1,1,1,6,6,6,6,6,1,1,1,1,6,10,6,6,11,12,6,6,6,6,6,1,6,3,3,6,6,6,6,6,6,6,13,3,3,3,14,6,6,6,6,15,16,17,6,6,6,18,6,6,6,6,6,6,6,6,6,6,19,20,6,6,6,6,5,5,5,5,5,5,5,5,9,9,9,9,9,9,9,9","0.000869989395141602","leiden","edit-xhwikibooks.graphml"
"0.3","0.48","0.22","0.450052816796338","1,1,2,2,2,3,2,3,3,3,2,2,3,3,3,3,4,2,5,2,6,1,3,3,3,3,3,3,1,7,8,5,2,2,5,5,9,3,6,6,6,6,1,1,1,1,6,1,1,1,6,6,6,6,6,1,1,1,1,6,10,6,6,11,12,6,6,6,6,6,1,6,3,3,6,6,6,6,6,6,6,13,3,3,3,14,6,6,6,6,15,16,17,6,6,6,18,6,6,6,6,6,6,6,6,6,6,19,20,6,6,6,6,5,5,5,5,5,5,5,5,9,9,9,9,9,9,9,9","0.000968217849731445","leiden","edit-xhwikibooks.graphml"
"0.29","0.49","0.22","0.45003889146397","1,1,2,2,2,3,2,3,3,3,2,2,3,3,3,4,5,2,6,2,7,1,3,3,3,3,3,4,1,8,9,6,2,2,6,6,3,3,7,7,7,7,1,1,1,1,7,1,1,1,7,7,7,7,7,1,1,1,1,7,10,7,7,11,12,7,7,7,7,7,1,7,3,3,7,7,7,7,7,7,7,13,4,4,4,14,7,7,7,7,15,16,17,7,7,7,18,7,7,7,7,7,7,7,7,7,7,19,20,7,7,7,7,6,6,6,6,6,6,6,6,3,3,3,3,3,3,3,3","0.000871896743774414","leiden","edit-xhwikibooks.graphml"
"0.28","0.5","0.22","0.500085309824174","1,1,2,2,2,3,2,3,3,3,2,2,3,3,3,4,5,2,6,2,7,1,3,3,3,3,3,4,1,8,9,6,2,2,6,6,10,3,7,7,7,7,1,1,1,1,7,1,1,1,7,7,7,7,7,1,1,1,1,7,11,7,7,12,13,7,7,7,7,7,1,7,3,3,7,7,7,7,7,7,7,14,4,4,4,15,7,7,7,7,16,17,18,7,7,7,19,7,7,7,7,7,7,7,7,7,7,20,21,7,7,7,7,6,6,6,6,6,6,6,6,10,10,10,10,10,10,10,10","0.000783920288085938","leiden","edit-xhwikibooks.graphml"
"0.27","0.51","0.22","0.500085309824174","1,1,2,2,2,3,2,3,3,3,2,2,3,3,3,4,5,2,6,2,7,1,3,3,3,3,3,4,1,8,9,6,2,2,6,6,10,3,7,7,7,7,1,1,1,1,7,1,1,1,7,7,7,7,7,1,1,1,1,7,11,7,7,12,13,7,7,7,7,7,1,7,3,3,7,7,7,7,7,7,7,14,4,4,4,15,7,7,7,7,16,17,18,7,7,7,19,7,7,7,7,7,7,7,7,7,7,20,21,7,7,7,7,6,6,6,6,6,6,6,6,10,10,10,10,10,10,10,10","0.000808000564575195","leiden","edit-xhwikibooks.graphml"
"0.26","0.52","0.22","0.500085309824174","1,1,2,2,2,3,2,3,3,3,2,2,3,3,3,4,5,2,6,2,7,1,3,3,3,3,3,4,1,8,9,6,2,2,6,6,10,3,7,7,7,7,1,1,1,1,7,1,1,1,7,7,7,7,7,1,1,1,1,7,11,7,7,12,13,7,7,7,7,7,1,7,3,3,7,7,7,7,7,7,7,14,4,4,4,15,7,7,7,7,16,17,18,7,7,7,19,7,7,7,7,7,7,7,7,7,7,20,21,7,7,7,7,6,6,6,6,6,6,6,6,10,10,10,10,10,10,10,10","0.000849008560180664","leiden","edit-xhwikibooks.graphml"
"0.25","0.53","0.22","0.498532143334576","1,1,2,2,2,3,2,3,3,3,2,2,3,3,3,4,5,2,6,2,7,1,3,3,3,3,3,4,1,8,9,6,2,2,6,6,10,3,7,7,7,7,1,1,1,1,7,1,1,1,7,7,7,7,7,1,1,1,1,7,11,7,7,12,13,7,7,7,7,7,1,7,3,3,7,7,7,7,7,7,7,14,4,4,4,15,7,7,7,7,16,17,18,7,7,7,19,7,7,7,7,7,7,7,7,7,7,20,21,7,7,7,7,6,6,6,6,6,6,6,6,10,10,10,10,10,10,10,10","0.00078892707824707","leiden","edit-xhwikibooks.graphml"
"0.24","0.54","0.22","0.499605280470155","1,1,2,2,2,3,2,3,3,3,2,2,3,3,3,4,5,2,6,2,7,1,3,3,3,3,3,4,1,8,9,6,2,2,6,6,10,3,7,7,7,7,1,1,1,1,7,1,1,1,7,7,7,7,7,1,1,1,1,7,11,7,7,12,13,7,7,7,7,7,1,7,3,3,7,7,7,7,7,7,7,14,4,4,4,15,7,7,7,7,16,17,18,7,7,7,19,7,7,7,7,7,7,7,7,7,7,20,21,7,7,7,7,6,6,6,6,6,6,6,6,10,10,10,10,10,10,10,10","0.000791072845458984","leiden","edit-xhwikibooks.graphml"
"0.23","0.55","0.22","0.496537601856043","1,1,2,2,2,2,2,3,2,2,2,2,3,3,3,2,4,2,5,2,6,1,3,3,3,3,3,2,1,7,8,5,2,2,5,5,3,3,6,6,6,6,1,1,1,1,6,1,1,1,6,6,6,6,6,1,1,1,1,6,9,6,6,10,11,6,6,6,6,6,1,6,3,3,6,6,6,6,6,6,6,12,2,2,2,13,6,6,6,6,14,15,16,6,6,6,17,6,6,6,6,6,6,6,6,6,6,18,19,6,6,6,6,5,5,5,5,5,5,5,5,3,3,3,3,3,3,3,3","0.000880002975463867","leiden","edit-xhwikibooks.graphml"
"0.22","0.56","0.22","0.500755857898715","1,1,2,2,2,2,2,3,2,2,2,2,3,3,3,2,4,2,5,2,6,1,3,3,3,3,3,2,1,7,8,5,2,2,5,5,3,3,6,6,6,6,1,1,1,1,6,1,1,1,6,6,6,6,6,1,1,1,1,6,9,6,6,10,11,6,6,6,6,6,1,6,3,3,6,6,6,6,6,6,6,12,2,2,2,13,6,6,6,6,14,15,16,6,6,6,17,6,6,6,6,6,6,6,6,6,6,18,19,6,6,6,6,5,5,5,5,5,5,5,5,3,3,3,3,3,3,3,3","0.000876188278198242","leiden","edit-xhwikibooks.graphml"
"0.21","0.57","0.22","0.500755857898715","1,1,2,2,2,2,2,3,2,2,2,2,3,3,3,2,4,2,5,2,6,1,3,3,3,3,3,2,1,7,8,5,2,2,5,5,3,3,6,6,6,6,1,1,1,1,6,1,1,1,6,6,6,6,6,1,1,1,1,6,9,6,6,10,11,6,6,6,6,6,1,6,3,3,6,6,6,6,6,6,6,12,2,2,2,13,6,6,6,6,14,15,16,6,6,6,17,6,6,6,6,6,6,6,6,6,6,18,19,6,6,6,6,5,5,5,5,5,5,5,5,3,3,3,3,3,3,3,3","0.00092005729675293","leiden","edit-xhwikibooks.graphml"
"0.2","0.58","0.22","0.502517561142014","1,1,2,2,2,3,2,3,3,3,2,2,3,3,3,4,5,2,6,2,7,1,3,3,3,3,3,4,1,8,9,6,2,2,6,6,10,3,7,7,7,7,1,1,1,1,7,1,1,1,7,7,7,7,7,1,1,1,1,7,11,7,7,12,13,7,7,7,7,7,1,7,3,3,7,7,7,7,7,7,7,14,4,4,4,15,7,7,7,7,16,17,18,7,7,7,19,7,7,7,7,7,7,7,7,7,7,20,21,7,7,7,7,6,6,6,6,6,6,6,6,10,10,10,10,10,10,10,10","0.000925064086914062","leiden","edit-xhwikibooks.graphml"
"0.19","0.59","0.22","0.502313042783914","1,1,2,2,2,2,2,3,2,2,2,2,3,3,3,2,4,2,5,2,6,1,3,3,3,3,3,2,1,7,8,5,2,2,5,5,3,3,6,6,6,6,1,1,1,1,6,1,1,1,6,6,6,6,6,1,1,1,1,6,9,6,6,10,11,6,6,6,6,6,1,6,3,3,6,6,6,6,6,6,6,12,2,2,2,13,6,6,6,6,14,15,16,6,6,6,17,6,6,6,6,6,6,6,6,6,6,18,19,6,6,6,6,5,5,5,5,5,5,5,5,3,3,3,3,3,3,3,3","0.000891923904418945","leiden","edit-xhwikibooks.graphml"
"0.18","0.6","0.22","0.505624789027356","1,1,2,2,2,2,2,3,2,2,2,2,3,3,3,2,4,2,5,2,6,1,3,3,3,3,3,2,1,7,8,5,2,2,5,5,3,3,6,6,6,6,1,1,1,1,6,1,1,1,6,6,6,6,6,1,1,1,1,6,9,6,6,10,11,6,6,6,6,6,1,6,3,3,6,6,6,6,6,6,6,12,2,2,2,13,6,6,6,6,14,15,16,6,6,6,17,6,6,6,6,6,6,6,6,6,6,18,19,6,6,6,6,5,5,5,5,5,5,5,5,3,3,3,3,3,3,3,3","0.00111103057861328","leiden","edit-xhwikibooks.graphml"
"0.17","0.61","0.22","0.50515056624451","1,1,2,2,2,2,2,3,2,2,2,2,3,3,3,2,4,2,5,2,6,1,3,3,3,3,3,2,1,7,8,5,2,2,5,5,3,3,6,6,6,6,1,1,1,1,6,1,1,1,6,6,6,6,6,1,1,1,1,6,9,6,6,10,11,6,6,6,6,6,1,6,3,3,6,6,6,6,6,6,6,12,2,2,2,13,6,6,6,6,14,15,16,6,6,6,17,6,6,6,6,6,6,6,6,6,6,18,19,6,6,6,6,5,5,5,5,5,5,5,5,3,3,3,3,3,3,3,3","0.000866889953613281","leiden","edit-xhwikibooks.graphml"
"0.16","0.62","0.22","0.506195005619364","1,1,2,2,2,2,2,3,2,2,2,2,3,3,3,2,4,2,5,2,6,1,3,3,3,3,3,2,1,7,8,5,2,2,5,5,3,3,6,6,6,6,1,1,1,1,6,1,1,1,6,6,6,6,6,1,1,1,1,6,9,6,6,10,11,6,6,6,6,6,1,6,3,3,6,6,6,6,6,6,6,12,2,2,2,13,6,6,6,6,14,15,16,6,6,6,17,6,6,6,6,6,6,6,6,6,6,18,19,6,6,6,6,5,5,5,5,5,5,5,5,3,3,3,3,3,3,3,3","0.000869989395141602","leiden","edit-xhwikibooks.graphml"
"0.15","0.63","0.22","0.505457729932932","1,1,2,2,2,3,2,3,3,3,2,2,3,3,3,4,5,2,6,2,7,1,3,3,3,3,3,4,1,8,9,6,2,2,6,6,10,3,7,7,7,7,1,1,1,1,7,1,1,1,7,7,7,7,7,1,1,1,1,7,11,7,7,12,13,7,7,7,7,7,1,7,3,3,7,7,7,7,7,7,7,14,4,4,4,15,7,7,7,7,16,17,18,7,7,7,19,7,7,7,7,7,7,7,7,7,7,20,21,7,7,7,7,6,6,6,6,6,6,6,6,10,10,10,10,10,10,10,10","0.000790119171142578","leiden","edit-xhwikibooks.graphml"
"0.14","0.64","0.22","0.505721730958178","1,1,2,2,2,2,2,3,2,2,2,2,3,3,3,2,4,2,5,2,6,1,3,3,3,3,3,2,1,7,8,5,2,2,5,5,3,3,6,6,6,6,1,1,1,1,6,1,1,1,6,6,6,6,6,1,1,1,1,6,9,6,6,10,11,6,6,6,6,6,1,6,3,3,6,6,6,6,6,6,6,12,2,2,2,13,6,6,6,6,14,15,16,6,6,6,17,6,6,6,6,6,6,6,6,6,6,18,19,6,6,6,6,5,5,5,5,5,5,5,5,3,3,3,3,3,3,3,3","0.0010988712310791","leiden","edit-xhwikibooks.graphml"
"0.13","0.65","0.22","0.486249325727721","1,1,2,2,2,2,2,3,2,2,2,2,3,3,3,2,4,2,5,2,6,1,3,3,3,3,3,2,1,7,8,5,2,2,5,5,3,3,6,6,6,6,1,1,1,1,6,1,1,1,6,6,6,6,6,1,1,1,1,6,9,6,6,10,11,6,6,6,6,6,1,6,3,3,6,6,6,6,6,6,6,12,2,2,2,13,6,6,6,6,14,15,16,6,6,6,17,6,6,6,6,6,6,6,6,6,6,18,19,6,6,6,6,5,5,5,5,5,5,5,5,3,3,3,3,3,3,3,3","0.000869035720825195","leiden","edit-xhwikibooks.graphml"
"0.12","0.66","0.22","0.486249325727721","1,1,2,2,2,2,2,3,2,2,2,2,3,3,3,2,4,2,5,2,6,1,3,3,3,3,3,2,1,7,8,5,2,2,5,5,3,3,6,6,6,6,1,1,1,1,6,1,1,1,6,6,6,6,6,1,1,1,1,6,9,6,6,10,11,6,6,6,6,6,1,6,3,3,6,6,6,6,6,6,6,12,2,2,2,13,6,6,6,6,14,15,16,6,6,6,17,6,6,6,6,6,6,6,6,6,6,18,19,6,6,6,6,5,5,5,5,5,5,5,5,3,3,3,3,3,3,3,3","0.000859975814819336","leiden","edit-xhwikibooks.graphml"
"0.11","0.67","0.22","0.487930381194773","1,1,1,2,4,2,5,3,2,2,5,6,3,3,3,2,7,8,9,10,11,1,12,3,3,3,3,2,1,13,14,15,10,16,9,9,17,3,11,11,11,11,1,1,1,1,11,1,1,1,11,11,11,11,11,1,1,1,1,11,18,11,11,19,20,11,11,11,11,11,1,11,21,22,11,11,11,11,11,11,11,23,24,25,26,27,11,11,11,11,28,29,30,11,11,11,31,11,11,11,11,11,11,11,11,11,11,32,33,11,11,11,11,9,9,9,9,9,9,9,9,17,17,17,17,17,17,17,17","0.00087285041809082","leiden","edit-xhwikibooks.graphml"
"0.1","0.68","0.22","0.487930381194773","1,1,1,2,3,2,4,5,2,2,4,6,5,5,5,2,7,8,9,10,11,1,12,5,5,5,5,2,1,13,14,15,10,16,9,9,17,5,11,11,11,11,1,1,1,1,11,1,1,1,11,11,11,11,11,1,1,1,1,11,18,11,11,19,20,11,11,11,11,11,1,11,21,22,11,11,11,11,11,11,11,23,24,25,26,27,11,11,11,11,28,29,30,11,11,11,31,11,11,11,11,11,11,11,11,11,11,32,33,11,11,11,11,9,9,9,9,9,9,9,9,17,17,17,17,17,17,17,17","0.00086212158203125","leiden","edit-xhwikibooks.graphml"
"0.09","0.69","0.22","0.487444763913077","1,1,1,2,3,2,4,5,2,2,4,6,5,5,5,2,7,8,9,10,11,1,12,5,5,5,5,2,1,13,14,15,10,16,9,9,17,5,11,11,11,11,1,1,1,1,11,1,1,1,11,11,11,11,11,1,1,1,1,11,18,11,11,19,20,11,11,11,11,11,1,11,21,22,11,11,11,11,11,11,11,23,24,25,26,27,11,11,11,11,28,29,30,11,11,11,31,11,11,11,11,11,11,11,11,11,11,32,33,11,11,11,11,9,9,9,9,9,9,9,9,17,17,17,17,17,17,17,17","0.000885963439941406","leiden","edit-xhwikibooks.graphml"
"0.08","0.7","0.22","0.488579555555556","1,1,1,2,3,2,4,5,2,2,4,7,5,5,5,2,8,9,10,11,12,1,13,5,5,5,5,2,1,14,15,16,11,17,10,10,6,5,12,12,12,12,1,1,1,1,12,1,1,1,12,12,12,12,12,1,1,1,1,12,18,12,12,19,20,12,12,12,12,12,1,12,21,22,12,12,12,12,12,12,12,23,24,25,26,27,12,12,12,12,28,29,30,12,12,12,31,12,12,12,12,12,12,12,12,12,12,32,33,12,12,12,12,10,10,10,10,10,10,10,10,6,6,6,6,6,6,6,6","0.000865936279296875","leiden","edit-xhwikibooks.graphml"
"0.07","0.71","0.22","0.488094879264399","1,1,1,2,3,2,4,5,2,2,4,6,5,5,5,2,7,8,9,10,11,1,12,5,5,5,5,2,1,13,14,15,10,16,9,9,17,5,11,11,11,11,1,1,1,1,11,1,1,1,11,11,11,11,11,1,1,1,1,11,18,11,11,19,20,11,11,11,11,11,1,11,21,22,11,11,11,11,11,11,11,23,24,25,26,27,11,11,11,11,28,29,30,11,11,11,31,11,11,11,11,11,11,11,11,11,11,32,33,11,11,11,11,9,9,9,9,9,9,9,9,17,17,17,17,17,17,17,17","0.000940084457397461","leiden","edit-xhwikibooks.graphml"
"0.06","0.72","0.22","0.490286750298496","1,1,1,2,3,2,4,5,2,2,4,6,5,5,5,2,7,8,9,10,11,1,12,5,5,5,5,2,1,13,14,15,10,16,9,9,17,5,11,11,11,11,1,1,1,1,11,1,1,1,11,11,11,11,11,1,1,1,1,11,18,11,11,19,20,11,11,11,11,11,1,11,21,22,11,11,11,11,11,11,11,23,24,25,26,27,11,11,11,11,28,29,30,11,11,11,31,11,11,11,11,11,11,11,11,11,11,32,33,11,11,11,11,9,9,9,9,9,9,9,9,17,17,17,17,17,17,17,17","0.000926017761230469","leiden","edit-xhwikibooks.graphml"
"0.05","0.73","0.22","0.489803277304421","1,1,1,2,3,2,4,5,2,2,4,6,5,5,5,2,7,8,9,10,11,1,12,5,5,5,5,2,1,13,14,15,10,16,9,9,17,5,11,11,11,11,1,1,1,1,11,1,1,1,11,11,11,11,11,1,1,1,1,11,18,11,11,19,20,11,11,11,11,11,1,11,21,22,11,11,11,11,11,11,11,23,24,25,26,27,11,11,11,11,28,29,30,11,11,11,31,11,11,11,11,11,11,11,11,11,11,32,33,11,11,11,11,9,9,9,9,9,9,9,9,17,17,17,17,17,17,17,17","0.000880956649780273","leiden","edit-xhwikibooks.graphml"
"0.04","0.74","0.22","0.489803277304421","1,1,1,2,3,2,4,5,2,2,4,6,5,5,5,2,7,8,9,10,11,1,12,5,5,5,5,2,1,13,14,15,10,16,9,9,17,5,11,11,11,11,1,1,1,1,11,1,1,1,11,11,11,11,11,1,1,1,1,11,18,11,11,19,20,11,11,11,11,11,1,11,21,22,11,11,11,11,11,11,11,23,24,25,26,27,11,11,11,11,28,29,30,11,11,11,31,11,11,11,11,11,11,11,11,11,11,32,33,11,11,11,11,9,9,9,9,9,9,9,9,17,17,17,17,17,17,17,17","0.000927925109863281","leiden","edit-xhwikibooks.graphml"
"0.03","0.75","0.22","0.49283630718249","1,1,1,2,3,2,4,5,2,2,4,7,5,5,5,2,8,9,10,11,12,1,13,5,5,5,5,2,1,14,15,16,11,17,10,10,6,5,12,12,12,12,1,1,1,1,12,1,1,1,12,12,12,12,12,1,1,1,1,12,18,12,12,19,20,12,12,12,12,12,1,12,21,22,12,12,12,12,12,12,12,23,24,25,26,27,12,12,12,12,28,29,30,12,12,12,31,12,12,12,12,12,12,12,12,12,12,32,33,12,12,12,12,10,10,10,10,10,10,10,10,6,6,6,6,6,6,6,6","0.000890970230102539","leiden","edit-xhwikibooks.graphml"
"0.02","0.76","0.22","0.493942692086703","1,1,1,2,3,2,4,5,2,2,4,6,5,5,5,2,7,8,9,10,11,1,12,5,5,5,5,2,1,13,14,15,10,16,9,9,17,5,11,11,11,11,1,1,1,1,11,1,1,1,11,11,11,11,11,1,1,1,1,11,18,11,11,19,20,11,11,11,11,11,1,11,21,22,11,11,11,11,11,11,11,23,24,25,26,27,11,11,11,11,28,29,30,11,11,11,31,11,11,11,11,11,11,11,11,11,11,32,33,11,11,11,11,9,9,9,9,9,9,9,9,17,17,17,17,17,17,17,17","0.000866889953613281","leiden","edit-xhwikibooks.graphml"
"0.01","0.77","0.22","0.48077987989441","1,1,1,2,3,2,4,5,2,2,4,6,5,5,5,2,7,8,9,10,11,1,12,5,5,5,5,2,1,13,14,15,10,16,9,9,5,5,11,11,11,11,1,1,1,1,11,1,1,1,11,11,11,11,11,1,1,1,1,11,17,11,11,18,19,11,11,11,11,11,1,11,20,21,11,11,11,11,11,11,11,22,23,24,25,26,11,11,11,11,27,28,29,11,11,11,30,11,11,11,11,11,11,11,11,11,11,31,32,11,11,11,11,9,9,9,9,9,9,9,9,5,5,5,5,5,5,5,5","0.00101113319396973","leiden","edit-xhwikibooks.graphml"
"0","0.78","0.22","0.485438418006139","1,1,1,2,1,2,3,4,2,2,3,5,4,4,4,2,6,7,8,9,10,1,11,4,4,4,4,2,1,12,13,14,9,15,8,8,4,4,10,10,10,10,1,1,1,1,10,1,1,1,10,10,10,10,10,1,1,1,1,10,16,10,10,17,18,10,10,10,10,10,1,10,19,20,10,10,10,10,10,10,10,21,22,23,24,25,10,10,10,10,26,27,28,10,10,10,29,10,10,10,10,10,10,10,10,10,10,30,31,10,10,10,10,8,8,8,8,8,8,8,8,4,4,4,4,4,4,4,4","0.000844001770019531","leiden","edit-xhwikibooks.graphml"
"0.77","0","0.23","0.424506143326579","1,1,2,3,2,3,2,3,3,3,2,2,3,3,3,3,3,2,4,2,5,1,3,3,3,3,3,3,1,3,2,4,2,2,4,4,3,3,5,5,5,5,1,1,1,1,5,1,1,1,5,5,5,5,5,1,1,1,1,5,3,5,5,3,3,5,5,5,5,5,1,5,3,3,5,5,5,5,5,5,5,3,3,3,3,1,5,5,5,5,3,2,4,5,5,5,3,5,5,5,5,5,5,5,5,5,5,2,2,5,5,5,5,4,4,4,4,4,4,4,4,3,3,3,3,3,3,3,3","0.000746965408325195","leiden","edit-xhwikibooks.graphml"
"0.76","0.01","0.23","0.424506143326579","1,1,2,3,2,3,2,3,3,3,2,2,3,3,3,3,3,2,4,2,5,1,3,3,3,3,3,3,1,3,2,4,2,2,4,4,3,3,5,5,5,5,1,1,1,1,5,1,1,1,5,5,5,5,5,1,1,1,1,5,3,5,5,3,3,5,5,5,5,5,1,5,3,3,5,5,5,5,5,5,5,3,3,3,3,1,5,5,5,5,3,2,4,5,5,5,3,5,5,5,5,5,5,5,5,5,5,2,2,5,5,5,5,4,4,4,4,4,4,4,4,3,3,3,3,3,3,3,3","0.000751018524169922","leiden","edit-xhwikibooks.graphml"
"0.75","0.02","0.23","0.424506143326579","1,1,2,3,2,3,2,3,3,3,2,2,3,3,3,3,3,2,4,2,5,1,3,3,3,3,3,3,1,3,2,4,2,2,4,4,3,3,5,5,5,5,1,1,1,1,5,1,1,1,5,5,5,5,5,1,1,1,1,5,3,5,5,3,3,5,5,5,5,5,1,5,3,3,5,5,5,5,5,5,5,3,3,3,3,1,5,5,5,5,3,2,4,5,5,5,3,5,5,5,5,5,5,5,5,5,5,2,2,5,5,5,5,4,4,4,4,4,4,4,4,3,3,3,3,3,3,3,3","0.000752925872802734","leiden","edit-xhwikibooks.graphml"
"0.74","0.03","0.23","0.424059985355581","1,1,2,3,2,3,2,3,3,3,2,2,3,3,3,3,3,2,4,2,5,1,3,3,3,3,3,3,1,3,2,4,2,2,4,4,3,3,5,5,5,5,1,1,1,1,5,1,1,1,5,5,5,5,5,1,1,1,1,5,3,5,5,3,3,5,5,5,5,5,1,5,3,3,5,5,5,5,5,5,5,3,3,3,3,1,5,5,5,5,3,2,4,5,5,5,3,5,5,5,5,5,5,5,5,5,5,2,2,5,5,5,5,4,4,4,4,4,4,4,4,3,3,3,3,3,3,3,3","0.00073695182800293","leiden","edit-xhwikibooks.graphml"
"0.73","0.04","0.23","0.425395861007125","1,1,2,3,2,3,2,3,3,3,2,2,3,3,3,3,3,2,4,2,5,1,3,3,3,3,3,3,1,3,2,4,2,2,4,4,3,3,5,5,5,5,1,1,1,1,5,1,1,1,5,5,5,5,5,1,1,1,1,5,3,5,5,3,3,5,5,5,5,5,1,5,3,3,5,5,5,5,5,5,5,3,3,3,3,1,5,5,5,5,3,2,4,5,5,5,3,5,5,5,5,5,5,5,5,5,5,2,2,5,5,5,5,4,4,4,4,4,4,4,4,3,3,3,3,3,3,3,3","0.000758886337280273","leiden","edit-xhwikibooks.graphml"
"0.72","0.05","0.23","0.425395861007125","1,1,2,3,2,3,2,3,3,3,2,2,3,3,3,3,3,2,4,2,5,1,3,3,3,3,3,3,1,3,2,4,2,2,4,4,3,3,5,5,5,5,1,1,1,1,5,1,1,1,5,5,5,5,5,1,1,1,1,5,3,5,5,3,3,5,5,5,5,5,1,5,3,3,5,5,5,5,5,5,5,3,3,3,3,1,5,5,5,5,3,2,4,5,5,5,3,5,5,5,5,5,5,5,5,5,5,2,2,5,5,5,5,4,4,4,4,4,4,4,4,3,3,3,3,3,3,3,3","0.000753879547119141","leiden","edit-xhwikibooks.graphml"
"0.71","0.06","0.23","0.425395861007125","1,1,2,3,2,3,2,3,3,3,2,2,3,3,3,3,3,2,4,2,5,1,3,3,3,3,3,3,1,3,2,4,2,2,4,4,3,3,5,5,5,5,1,1,1,1,5,1,1,1,5,5,5,5,5,1,1,1,1,5,3,5,5,3,3,5,5,5,5,5,1,5,3,3,5,5,5,5,5,5,5,3,3,3,3,1,5,5,5,5,3,2,4,5,5,5,3,5,5,5,5,5,5,5,5,5,5,2,2,5,5,5,5,4,4,4,4,4,4,4,4,3,3,3,3,3,3,3,3","0.000862836837768555","leiden","edit-xhwikibooks.graphml"
"0.7","0.07","0.23","0.424950276700518","1,1,2,3,2,3,2,3,3,3,2,2,3,3,3,3,3,2,4,2,5,1,3,3,3,3,3,3,1,3,2,4,2,2,4,4,3,3,5,5,5,5,1,1,1,1,5,1,1,1,5,5,5,5,5,1,1,1,1,5,3,5,5,3,3,5,5,5,5,5,1,5,3,3,5,5,5,5,5,5,5,3,3,3,3,1,5,5,5,5,3,2,4,5,5,5,3,5,5,5,5,5,5,5,5,5,5,2,2,5,5,5,5,4,4,4,4,4,4,4,4,3,3,3,3,3,3,3,3","0.000717878341674805","leiden","edit-xhwikibooks.graphml"
"0.69","0.08","0.23","0.425033070463137","1,1,2,3,2,3,2,3,3,3,2,2,3,3,3,3,3,2,4,2,5,1,3,3,3,3,3,3,1,3,2,4,2,2,4,4,3,3,5,5,5,5,1,1,1,1,5,1,1,1,5,5,5,5,5,1,1,1,1,5,3,5,5,3,3,5,5,5,5,5,1,5,3,3,5,5,5,5,5,5,5,3,3,3,3,1,5,5,5,5,3,2,4,5,5,5,3,5,5,5,5,5,5,5,5,5,5,2,2,5,5,5,5,4,4,4,4,4,4,4,4,3,3,3,3,3,3,3,3","0.000733852386474609","leiden","edit-xhwikibooks.graphml"
"0.68","0.09","0.23","0.424588102833552","1,1,2,3,2,3,2,3,3,3,2,2,3,3,3,3,3,2,4,2,5,1,3,3,3,3,3,3,1,3,2,4,2,2,4,4,3,3,5,5,5,5,1,1,1,1,5,1,1,1,5,5,5,5,5,1,1,1,1,5,3,5,5,3,3,5,5,5,5,5,1,5,3,3,5,5,5,5,5,5,5,3,3,3,3,1,5,5,5,5,3,2,4,5,5,5,3,5,5,5,5,5,5,5,5,5,5,2,2,5,5,5,5,4,4,4,4,4,4,4,4,3,3,3,3,3,3,3,3","0.000746965408325195","leiden","edit-xhwikibooks.graphml"
"0.67","0.1","0.23","0.424588102833552","1,1,2,3,2,3,2,3,3,3,2,2,3,3,3,3,3,2,4,2,5,1,3,3,3,3,3,3,1,3,2,4,2,2,4,4,3,3,5,5,5,5,1,1,1,1,5,1,1,1,5,5,5,5,5,1,1,1,1,5,3,5,5,3,3,5,5,5,5,5,1,5,3,3,5,5,5,5,5,5,5,3,3,3,3,1,5,5,5,5,3,2,4,5,5,5,3,5,5,5,5,5,5,5,5,5,5,2,2,5,5,5,5,4,4,4,4,4,4,4,4,3,3,3,3,3,3,3,3","0.000741958618164062","leiden","edit-xhwikibooks.graphml"
"0.66","0.11","0.23","0.424143977573214","1,1,2,3,2,3,2,3,3,3,2,2,3,3,3,3,3,2,4,2,5,1,3,3,3,3,3,3,1,3,2,4,2,2,4,4,3,3,5,5,5,5,1,1,1,1,5,1,1,1,5,5,5,5,5,1,1,1,1,5,3,5,5,3,3,5,5,5,5,5,1,5,3,3,5,5,5,5,5,5,5,3,3,3,3,1,5,5,5,5,3,2,4,5,5,5,3,5,5,5,5,5,5,5,5,5,5,2,2,5,5,5,5,4,4,4,4,4,4,4,4,3,3,3,3,3,3,3,3","0.000780105590820312","leiden","edit-xhwikibooks.graphml"
"0.65","0.12","0.23","0.426701458619104","1,1,2,3,2,3,2,3,3,3,2,2,3,3,3,3,3,2,4,2,5,1,3,3,3,3,3,3,1,3,2,4,2,2,4,4,3,3,5,5,5,5,1,1,1,1,5,1,1,1,5,5,5,5,5,1,1,1,1,5,3,5,5,3,3,5,5,5,5,5,1,5,3,3,5,5,5,5,5,5,5,3,3,3,3,1,5,5,5,5,3,2,4,5,5,5,3,5,5,5,5,5,5,5,5,5,5,2,2,5,5,5,5,4,4,4,4,4,4,4,4,3,3,3,3,3,3,3,3","0.000871896743774414","leiden","edit-xhwikibooks.graphml"
"0.64","0.13","0.23","0.426257897823876","1,1,2,3,2,3,2,3,3,3,2,2,3,3,3,3,3,2,4,2,5,1,3,3,3,3,3,3,1,3,2,4,2,2,4,4,3,3,5,5,5,5,1,1,1,1,5,1,1,1,5,5,5,5,5,1,1,1,1,5,3,5,5,3,3,5,5,5,5,5,1,5,3,3,5,5,5,5,5,5,5,3,3,3,3,1,5,5,5,5,3,2,4,5,5,5,3,5,5,5,5,5,5,5,5,5,5,2,2,5,5,5,5,4,4,4,4,4,4,4,4,3,3,3,3,3,3,3,3","0.000725030899047852","leiden","edit-xhwikibooks.graphml"
"0.63","0.14","0.23","0.426257897823876","1,1,2,3,2,3,2,3,3,3,2,2,3,3,3,3,3,2,4,2,5,1,3,3,3,3,3,3,1,3,2,4,2,2,4,4,3,3,5,5,5,5,1,1,1,1,5,1,1,1,5,5,5,5,5,1,1,1,1,5,3,5,5,3,3,5,5,5,5,5,1,5,3,3,5,5,5,5,5,5,5,3,3,3,3,1,5,5,5,5,3,2,4,5,5,5,3,5,5,5,5,5,5,5,5,5,5,2,2,5,5,5,5,4,4,4,4,4,4,4,4,3,3,3,3,3,3,3,3","0.000730991363525391","leiden","edit-xhwikibooks.graphml"
"0.62","0.15","0.23","0.428345505726579","1,1,2,3,2,3,2,3,3,3,2,2,3,3,3,3,3,2,4,2,5,1,3,3,3,3,3,3,1,3,2,4,2,2,4,4,3,3,5,5,5,5,1,1,1,1,5,1,1,1,5,5,5,5,5,1,1,1,1,5,3,5,5,3,3,5,5,5,5,5,1,5,3,3,5,5,5,5,5,5,5,3,3,3,3,1,5,5,5,5,3,2,4,5,5,5,3,5,5,5,5,5,5,5,5,5,5,2,2,5,5,5,5,4,4,4,4,4,4,4,4,3,3,3,3,3,3,3,3","0.000746011734008789","leiden","edit-xhwikibooks.graphml"
"0.61","0.16","0.23","0.423677015535401","1,1,2,2,2,3,2,3,3,3,2,2,3,3,3,3,3,2,4,2,5,1,3,3,3,3,3,3,1,3,2,4,2,2,4,4,3,3,5,5,5,5,1,1,1,1,5,1,1,1,5,5,5,5,5,1,1,1,1,5,3,5,5,3,3,5,5,5,5,5,1,5,3,3,5,5,5,5,5,5,5,3,3,3,3,1,5,5,5,5,3,2,4,5,5,5,3,5,5,5,5,5,5,5,5,5,5,2,2,5,5,5,5,4,4,4,4,4,4,4,4,3,3,3,3,3,3,3,3","0.000739097595214844","leiden","edit-xhwikibooks.graphml"
"0.6","0.17","0.23","0.424543477254847","1,1,2,2,2,3,2,3,3,3,2,2,3,3,3,3,3,2,4,2,5,1,3,3,3,3,3,3,1,3,2,4,2,2,4,4,3,3,5,5,5,5,1,1,1,1,5,1,1,1,5,5,5,5,5,1,1,1,1,5,3,5,5,3,3,5,5,5,5,5,1,5,3,3,5,5,5,5,5,5,5,3,3,3,3,1,5,5,5,5,3,2,4,5,5,5,3,5,5,5,5,5,5,5,5,5,5,2,2,5,5,5,5,4,4,4,4,4,4,4,4,3,3,3,3,3,3,3,3","0.000761985778808594","leiden","edit-xhwikibooks.graphml"
"0.59","0.18","0.23","0.424543477254847","1,1,2,2,2,3,2,3,3,3,2,2,3,3,3,3,3,2,4,2,5,1,3,3,3,3,3,3,1,3,2,4,2,2,4,4,3,3,5,5,5,5,1,1,1,1,5,1,1,1,5,5,5,5,5,1,1,1,1,5,3,5,5,3,3,5,5,5,5,5,1,5,3,3,5,5,5,5,5,5,5,3,3,3,3,1,5,5,5,5,3,2,4,5,5,5,3,5,5,5,5,5,5,5,5,5,5,2,2,5,5,5,5,4,4,4,4,4,4,4,4,3,3,3,3,3,3,3,3","0.000756025314331055","leiden","edit-xhwikibooks.graphml"
"0.58","0.19","0.23","0.424101340973535","1,1,2,2,2,3,2,3,3,3,2,2,3,3,3,3,3,2,4,2,5,1,3,3,3,3,3,3,1,3,2,4,2,2,4,4,3,3,5,5,5,5,1,1,1,1,5,1,1,1,5,5,5,5,5,1,1,1,1,5,3,5,5,3,3,5,5,5,5,5,1,5,3,3,5,5,5,5,5,5,5,3,3,3,3,1,5,5,5,5,3,2,4,5,5,5,3,5,5,5,5,5,5,5,5,5,5,2,2,5,5,5,5,4,4,4,4,4,4,4,4,3,3,3,3,3,3,3,3","0.000877857208251953","leiden","edit-xhwikibooks.graphml"
"0.57","0.2","0.23","0.426597924515831","1,1,2,2,2,3,2,3,3,3,2,2,3,3,3,3,3,2,4,2,5,1,3,3,3,3,3,3,1,3,2,4,2,2,4,4,3,3,5,5,5,5,1,1,1,1,5,1,1,1,5,5,5,5,5,1,1,1,1,5,3,5,5,3,3,5,5,5,5,5,1,5,3,3,5,5,5,5,5,5,5,3,3,3,3,1,5,5,5,5,3,2,4,5,5,5,3,5,5,5,5,5,5,5,5,5,5,2,2,5,5,5,5,4,4,4,4,4,4,4,4,3,3,3,3,3,3,3,3","0.000746011734008789","leiden","edit-xhwikibooks.graphml"
"0.56","0.21","0.23","0.42615647448093","1,1,2,2,2,3,2,3,3,3,2,2,3,3,3,3,3,2,4,2,5,1,3,3,3,3,3,3,1,3,2,4,2,2,4,4,3,3,5,5,5,5,1,1,1,1,5,1,1,1,5,5,5,5,5,1,1,1,1,5,3,5,5,3,3,5,5,5,5,5,1,5,3,3,5,5,5,5,5,5,5,3,3,3,3,1,5,5,5,5,3,2,4,5,5,5,3,5,5,5,5,5,5,5,5,5,5,2,2,5,5,5,5,4,4,4,4,4,4,4,4,3,3,3,3,3,3,3,3","0.000720024108886719","leiden","edit-xhwikibooks.graphml"
"0.55","0.22","0.23","0.42615647448093","1,1,2,2,2,3,2,3,3,3,2,2,3,3,3,3,3,2,4,2,5,1,3,3,3,3,3,3,1,3,2,4,2,2,4,4,3,3,5,5,5,5,1,1,1,1,5,1,1,1,5,5,5,5,5,1,1,1,1,5,3,5,5,3,3,5,5,5,5,5,1,5,3,3,5,5,5,5,5,5,5,3,3,3,3,1,5,5,5,5,3,2,4,5,5,5,3,5,5,5,5,5,5,5,5,5,5,2,2,5,5,5,5,4,4,4,4,4,4,4,4,3,3,3,3,3,3,3,3","0.000776052474975586","leiden","edit-xhwikibooks.graphml"
"0.54","0.23","0.23","0.419134619834328","1,1,2,2,2,3,2,3,3,3,2,2,3,3,3,3,3,2,4,2,5,1,3,3,3,3,3,3,1,3,2,4,2,2,4,4,3,3,5,5,5,5,1,1,1,1,5,1,1,1,5,5,5,5,5,1,1,1,1,5,3,5,5,3,3,5,5,5,5,5,1,5,3,3,5,5,5,5,5,5,5,3,3,3,3,1,5,5,5,5,3,2,4,5,5,5,3,5,5,5,5,5,5,5,5,5,5,2,2,5,5,5,5,4,4,4,4,4,4,4,4,3,3,3,3,3,3,3,3","0.00074315071105957","leiden","edit-xhwikibooks.graphml"
"0.53","0.24","0.23","0.413731541036864","1,1,2,2,2,3,2,3,3,3,2,2,3,3,3,3,3,2,4,2,5,1,3,3,3,3,3,3,1,3,2,4,2,2,4,4,3,3,5,5,5,5,1,1,1,1,5,1,1,1,5,5,5,5,5,1,1,1,1,5,6,5,5,3,3,5,5,5,5,5,1,5,3,3,5,5,5,5,5,5,5,3,3,3,3,7,5,5,5,5,8,9,10,5,5,5,3,5,5,5,5,5,5,5,5,5,5,2,2,5,5,5,5,4,4,4,4,4,4,4,4,3,3,3,3,3,3,3,3","0.00079798698425293","leiden","edit-xhwikibooks.graphml"
"0.52","0.25","0.23","0.417129899578879","1,1,2,2,2,3,2,3,3,3,2,2,3,3,3,3,3,2,4,2,5,1,3,3,3,3,3,3,1,3,2,4,2,2,4,4,3,3,5,5,5,5,1,1,1,1,5,1,1,1,5,5,5,5,5,1,1,1,1,5,6,5,5,3,3,5,5,5,5,5,1,5,3,3,5,5,5,5,5,5,5,3,3,3,3,7,5,5,5,5,8,9,10,5,5,5,3,5,5,5,5,5,5,5,5,5,5,2,2,5,5,5,5,4,4,4,4,4,4,4,4,3,3,3,3,3,3,3,3","0.000808000564575195","leiden","edit-xhwikibooks.graphml"
"0.51","0.26","0.23","0.418618560964083","1,1,2,2,2,3,2,3,3,3,2,2,3,3,3,3,3,2,4,2,5,1,3,3,3,3,3,3,1,3,2,4,2,2,4,4,3,3,5,5,5,5,1,1,1,1,5,1,1,1,5,5,5,5,5,1,1,1,1,5,6,5,5,3,3,5,5,5,5,5,1,5,3,3,5,5,5,5,5,5,5,3,3,3,3,7,5,5,5,5,8,9,10,5,5,5,3,5,5,5,5,5,5,5,5,5,5,2,2,5,5,5,5,4,4,4,4,4,4,4,4,3,3,3,3,3,3,3,3","0.000819921493530273","leiden","edit-xhwikibooks.graphml"
"0.5","0.27","0.23","0.418618560964083","1,1,2,2,2,3,2,3,3,3,2,2,3,3,3,3,3,2,4,2,5,1,3,3,3,3,3,3,1,3,2,4,2,2,4,4,3,3,5,5,5,5,1,1,1,1,5,1,1,1,5,5,5,5,5,1,1,1,1,5,6,5,5,3,3,5,5,5,5,5,1,5,3,3,5,5,5,5,5,5,5,3,3,3,3,7,5,5,5,5,8,9,10,5,5,5,3,5,5,5,5,5,5,5,5,5,5,2,2,5,5,5,5,4,4,4,4,4,4,4,4,3,3,3,3,3,3,3,3","0.000777006149291992","leiden","edit-xhwikibooks.graphml"
"0.49","0.28","0.23","0.418181081762766","1,1,2,2,2,3,2,3,3,3,2,2,3,3,3,3,3,2,4,2,5,1,3,3,3,3,3,3,1,3,2,4,2,2,4,4,3,3,5,5,5,5,1,1,1,1,5,1,1,1,5,5,5,5,5,1,1,1,1,5,6,5,5,3,3,5,5,5,5,5,1,5,3,3,5,5,5,5,5,5,5,3,3,3,3,7,5,5,5,5,8,9,10,5,5,5,3,5,5,5,5,5,5,5,5,5,5,2,2,5,5,5,5,4,4,4,4,4,4,4,4,3,3,3,3,3,3,3,3","0.000773906707763672","leiden","edit-xhwikibooks.graphml"
"0.48","0.29","0.23","0.420780376509967","1,1,2,2,2,3,2,3,3,3,2,2,3,3,3,3,3,2,4,2,5,1,3,3,3,3,3,3,1,3,2,4,2,2,4,4,6,3,5,5,5,5,1,1,1,1,5,1,1,1,5,5,5,5,5,1,1,1,1,5,7,5,5,3,3,5,5,5,5,5,1,5,3,3,5,5,5,5,5,5,5,3,3,3,3,8,5,5,5,5,9,10,11,5,5,5,3,5,5,5,5,5,5,5,5,5,5,2,2,5,5,5,5,4,4,4,4,4,4,4,4,6,6,6,6,6,6,6,6","0.000790834426879883","leiden","edit-xhwikibooks.graphml"
"0.47","0.3","0.23","0.420337837837838","1,1,2,2,2,3,2,3,3,3,2,2,3,3,3,3,3,2,5,2,6,1,3,3,3,3,3,3,1,3,2,5,2,2,5,5,4,3,6,6,6,6,1,1,1,1,6,1,1,1,6,6,6,6,6,1,1,1,1,6,7,6,6,3,3,6,6,6,6,6,1,6,3,3,6,6,6,6,6,6,6,3,3,3,3,8,6,6,6,6,9,10,11,6,6,6,3,6,6,6,6,6,6,6,6,6,6,2,2,6,6,6,6,5,5,5,5,5,5,5,5,4,4,4,4,4,4,4,4","0.000834941864013672","leiden","edit-xhwikibooks.graphml"
"0.46","0.31","0.23","0.417810533118881","1,1,2,2,2,3,2,3,3,3,2,2,3,3,3,3,3,2,4,2,5,1,3,3,3,3,3,3,1,3,2,4,2,2,4,4,3,3,5,5,5,5,1,1,1,1,5,1,1,1,5,5,5,5,5,1,1,1,1,5,6,5,5,3,3,5,5,5,5,5,1,5,3,3,5,5,5,5,5,5,5,3,3,3,3,7,5,5,5,5,8,9,10,5,5,5,3,5,5,5,5,5,5,5,5,5,5,2,2,5,5,5,5,4,4,4,4,4,4,4,4,3,3,3,3,3,3,3,3","0.000826835632324219","leiden","edit-xhwikibooks.graphml"
"0.45","0.32","0.23","0.417374537877137","1,1,2,2,2,3,2,3,3,3,2,2,3,3,3,3,3,2,4,2,5,1,3,3,3,3,3,3,1,3,2,4,2,2,4,4,3,3,5,5,5,5,1,1,1,1,5,1,1,1,5,5,5,5,5,1,1,1,1,5,6,5,5,3,3,5,5,5,5,5,1,5,3,3,5,5,5,5,5,5,5,3,3,3,3,7,5,5,5,5,8,9,10,5,5,5,3,5,5,5,5,5,5,5,5,5,5,2,2,5,5,5,5,4,4,4,4,4,4,4,4,3,3,3,3,3,3,3,3","0.000874996185302734","leiden","edit-xhwikibooks.graphml"
"0.44","0.33","0.23","0.417374537877137","1,1,2,2,2,3,2,3,3,3,2,2,3,3,3,3,3,2,4,2,5,1,3,3,3,3,3,3,1,3,2,4,2,2,4,4,3,3,5,5,5,5,1,1,1,1,5,1,1,1,5,5,5,5,5,1,1,1,1,5,6,5,5,3,3,5,5,5,5,5,1,5,3,3,5,5,5,5,5,5,5,3,3,3,3,7,5,5,5,5,8,9,10,5,5,5,3,5,5,5,5,5,5,5,5,5,5,2,2,5,5,5,5,4,4,4,4,4,4,4,4,3,3,3,3,3,3,3,3","0.000781059265136719","leiden","edit-xhwikibooks.graphml"
"0.43","0.34","0.23","0.435528639475406","1,1,2,2,2,3,2,3,3,3,2,2,3,3,3,3,3,2,5,2,6,1,3,3,3,3,3,3,1,3,2,5,2,2,5,5,4,3,6,6,6,6,1,1,1,1,6,1,1,1,6,6,6,6,6,1,1,1,1,6,7,6,6,3,3,6,6,6,6,6,1,6,3,3,6,6,6,6,6,6,6,3,3,3,3,8,6,6,6,6,9,10,11,6,6,6,3,6,6,6,6,6,6,6,6,6,6,2,2,6,6,6,6,5,5,5,5,5,5,5,5,4,4,4,4,4,4,4,4","0.000792026519775391","leiden","edit-xhwikibooks.graphml"
"0.42","0.35","0.23","0.435108246733601","1,1,2,2,2,3,2,3,3,3,2,2,3,3,3,3,3,2,4,2,5,1,3,3,3,3,3,3,1,3,2,4,2,2,4,4,3,3,5,5,5,5,1,1,1,1,5,1,1,1,5,5,5,5,5,1,1,1,1,5,6,5,5,3,3,5,5,5,5,5,1,5,3,3,5,5,5,5,5,5,5,3,3,3,3,7,5,5,5,5,8,9,10,5,5,5,3,5,5,5,5,5,5,5,5,5,5,2,2,5,5,5,5,4,4,4,4,4,4,4,4,3,3,3,3,3,3,3,3","0.000787973403930664","leiden","edit-xhwikibooks.graphml"
"0.41","0.36","0.23","0.436331219730691","1,1,2,2,2,3,2,3,3,3,2,2,3,3,3,3,3,2,4,2,5,1,3,3,3,3,3,3,1,3,2,4,2,2,4,4,6,3,5,5,5,5,1,1,1,1,5,1,1,1,5,5,5,5,5,1,1,1,1,5,7,5,5,3,3,5,5,5,5,5,1,5,3,3,5,5,5,5,5,5,5,3,3,3,3,8,5,5,5,5,9,10,11,5,5,5,3,5,5,5,5,5,5,5,5,5,5,2,2,5,5,5,5,4,4,4,4,4,4,4,4,6,6,6,6,6,6,6,6","0.000792026519775391","leiden","edit-xhwikibooks.graphml"
"0.4","0.37","0.23","0.435923546373282","1,1,2,2,2,3,2,3,3,3,2,2,3,3,3,3,3,2,4,2,5,1,3,3,3,3,3,3,1,3,2,4,2,2,4,4,3,3,5,5,5,5,1,1,1,1,5,1,1,1,5,5,5,5,5,1,1,1,1,5,6,5,5,3,3,5,5,5,5,5,1,5,3,3,5,5,5,5,5,5,5,3,3,3,3,7,5,5,5,5,8,9,10,5,5,5,3,5,5,5,5,5,5,5,5,5,5,2,2,5,5,5,5,4,4,4,4,4,4,4,4,3,3,3,3,3,3,3,3","0.000793933868408203","leiden","edit-xhwikibooks.graphml"
"0.39","0.38","0.23","0.435887681507166","1,1,2,2,2,3,2,3,3,3,2,2,3,3,3,3,3,2,5,2,6,1,3,3,3,3,3,3,1,3,2,5,2,2,5,5,4,3,6,6,6,6,1,1,1,1,6,1,1,1,6,6,6,6,6,1,1,1,1,6,7,6,6,3,3,6,6,6,6,6,1,6,3,3,6,6,6,6,6,6,6,3,3,3,3,8,6,6,6,6,9,10,11,6,6,6,3,6,6,6,6,6,6,6,6,6,6,2,2,6,6,6,6,5,5,5,5,5,5,5,5,4,4,4,4,4,4,4,4","0.000790119171142578","leiden","edit-xhwikibooks.graphml"
"0.38","0.39","0.23","0.433747642647252","1,1,2,2,2,3,2,3,3,3,2,2,3,3,3,4,3,2,5,2,6,1,3,3,3,3,3,4,1,3,2,5,2,2,5,5,3,3,6,6,6,6,1,1,1,1,6,1,1,1,6,6,6,6,6,1,1,1,1,6,7,6,6,3,3,6,6,6,6,6,1,6,3,3,6,6,6,6,6,6,6,3,4,4,4,8,6,6,6,6,9,10,11,6,6,6,4,6,6,6,6,6,6,6,6,6,6,2,2,6,6,6,6,5,5,5,5,5,5,5,5,3,3,3,3,3,3,3,3","0.00104093551635742","leiden","edit-xhwikibooks.graphml"
"0.37","0.4","0.23","0.43571299280846","1,1,2,2,2,3,2,3,3,3,2,2,3,3,3,4,3,2,5,2,6,1,3,3,3,3,3,4,1,3,2,5,2,2,5,5,3,3,6,6,6,6,1,1,1,1,6,1,1,1,6,6,6,6,6,1,1,1,1,6,7,6,6,3,3,6,6,6,6,6,1,6,3,3,6,6,6,6,6,6,6,3,4,4,4,8,6,6,6,6,9,10,11,6,6,6,4,6,6,6,6,6,6,6,6,6,6,2,2,6,6,6,6,5,5,5,5,5,5,5,5,3,3,3,3,3,3,3,3","0.000785112380981445","leiden","edit-xhwikibooks.graphml"
"0.36","0.41","0.23","0.43571299280846","1,1,2,2,2,3,2,3,3,3,2,2,3,3,3,4,3,2,5,2,6,1,3,3,3,3,3,4,1,3,2,5,2,2,5,5,3,3,6,6,6,6,1,1,1,1,6,1,1,1,6,6,6,6,6,1,1,1,1,6,7,6,6,3,3,6,6,6,6,6,1,6,3,3,6,6,6,6,6,6,6,3,4,4,4,8,6,6,6,6,9,10,11,6,6,6,4,6,6,6,6,6,6,6,6,6,6,2,2,6,6,6,6,5,5,5,5,5,5,5,5,3,3,3,3,3,3,3,3","0.00078582763671875","leiden","edit-xhwikibooks.graphml"
"0.35","0.42","0.23","0.435273859058014","1,1,2,2,2,3,2,3,3,3,2,2,3,3,3,4,3,2,5,2,6,1,3,3,3,3,3,4,1,3,2,5,2,2,5,5,3,3,6,6,6,6,1,1,1,1,6,1,1,1,6,6,6,6,6,1,1,1,1,6,7,6,6,3,3,6,6,6,6,6,1,6,3,3,6,6,6,6,6,6,6,3,4,4,4,8,6,6,6,6,9,10,11,6,6,6,4,6,6,6,6,6,6,6,6,6,6,2,2,6,6,6,6,5,5,5,5,5,5,5,5,3,3,3,3,3,3,3,3","0.000815868377685547","leiden","edit-xhwikibooks.graphml"
"0.34","0.43","0.23","0.437708181882543","1,1,2,2,2,3,2,3,3,3,2,2,3,3,3,4,3,2,5,2,6,1,3,3,3,3,3,4,1,3,2,5,2,2,5,5,3,3,6,6,6,6,1,1,1,1,6,1,1,1,6,6,6,6,6,1,1,1,1,6,7,6,6,3,3,6,6,6,6,6,1,6,3,3,6,6,6,6,6,6,6,3,4,4,4,8,6,6,6,6,9,10,11,6,6,6,4,6,6,6,6,6,6,6,6,6,6,2,2,6,6,6,6,5,5,5,5,5,5,5,5,3,3,3,3,3,3,3,3","0.000784158706665039","leiden","edit-xhwikibooks.graphml"
"0.33","0.44","0.23","0.437269652317082","1,1,2,2,2,3,2,3,3,3,2,2,3,3,3,4,3,2,5,2,6,1,3,3,3,3,3,4,1,3,2,5,2,2,5,5,3,3,6,6,6,6,1,1,1,1,6,1,1,1,6,6,6,6,6,1,1,1,1,6,7,6,6,3,3,6,6,6,6,6,1,6,3,3,6,6,6,6,6,6,6,3,4,4,4,8,6,6,6,6,9,10,11,6,6,6,4,6,6,6,6,6,6,6,6,6,6,2,2,6,6,6,6,5,5,5,5,5,5,5,5,3,3,3,3,3,3,3,3","0.000796079635620117","leiden","edit-xhwikibooks.graphml"
"0.32","0.45","0.23","0.439693778953428","1,1,2,2,2,3,2,3,3,3,2,2,3,3,3,4,3,2,5,2,6,1,3,3,3,3,3,4,1,3,2,5,2,2,5,5,7,3,6,6,6,6,1,1,1,1,6,1,1,1,6,6,6,6,6,1,1,1,1,6,8,6,6,3,3,6,6,6,6,6,1,6,3,3,6,6,6,6,6,6,6,3,4,4,4,9,6,6,6,6,10,11,12,6,6,6,4,6,6,6,6,6,6,6,6,6,6,2,2,6,6,6,6,5,5,5,5,5,5,5,5,7,7,7,7,7,7,7,7","0.000889062881469727","leiden","edit-xhwikibooks.graphml"
"0.31","0.46","0.23","0.439241317442009","1,1,2,2,2,3,2,3,3,3,2,2,3,3,3,4,3,2,5,2,6,1,3,3,3,3,3,4,1,3,2,5,2,2,5,5,3,3,6,6,6,6,1,1,1,1,6,1,1,1,6,6,6,6,6,1,1,1,1,6,7,6,6,3,3,6,6,6,6,6,1,6,3,3,6,6,6,6,6,6,6,3,4,4,4,8,6,6,6,6,9,10,11,6,6,6,4,6,6,6,6,6,6,6,6,6,6,2,2,6,6,6,6,5,5,5,5,5,5,5,5,3,3,3,3,3,3,3,3","0.000783920288085938","leiden","edit-xhwikibooks.graphml"
"0.3","0.47","0.23","0.429743708182862","1,1,2,2,2,3,2,3,3,3,2,2,3,3,3,4,5,2,6,2,7,1,3,3,3,3,3,4,1,8,9,6,2,2,6,6,3,3,7,7,7,7,1,1,1,1,7,1,1,1,7,7,7,7,7,1,1,1,1,7,10,7,7,11,12,7,7,7,7,7,1,7,3,3,7,7,7,7,7,7,7,13,4,4,4,14,7,7,7,7,15,16,17,7,7,7,18,7,7,7,7,7,7,7,7,7,7,19,20,7,7,7,7,6,6,6,6,6,6,6,6,3,3,3,3,3,3,3,3","0.000819921493530273","leiden","edit-xhwikibooks.graphml"
"0.29","0.48","0.23","0.429204134375943","1,1,2,2,2,3,2,3,3,3,2,2,3,3,3,3,4,2,5,2,6,1,3,3,3,3,3,3,1,7,8,5,2,2,5,5,9,3,6,6,6,6,1,1,1,1,6,1,1,1,6,6,6,6,6,1,1,1,1,6,10,6,6,11,12,6,6,6,6,6,1,6,3,3,6,6,6,6,6,6,6,13,3,3,3,14,6,6,6,6,15,16,17,6,6,6,18,6,6,6,6,6,6,6,6,6,6,19,20,6,6,6,6,5,5,5,5,5,5,5,5,9,9,9,9,9,9,9,9","0.000834941864013672","leiden","edit-xhwikibooks.graphml"
"0.28","0.49","0.23","0.429307092412691","1,1,2,2,2,3,2,3,3,3,2,2,3,3,3,4,5,2,6,2,7,1,3,3,3,3,3,4,1,8,9,6,2,2,6,6,3,3,7,7,7,7,1,1,1,1,7,1,1,1,7,7,7,7,7,1,1,1,1,7,10,7,7,11,12,7,7,7,7,7,1,7,3,3,7,7,7,7,7,7,7,13,4,4,4,14,7,7,7,7,15,16,17,7,7,7,18,7,7,7,7,7,7,7,7,7,7,19,20,7,7,7,7,6,6,6,6,6,6,6,6,3,3,3,3,3,3,3,3","0.000830888748168945","leiden","edit-xhwikibooks.graphml"
"0.27","0.5","0.23","0.478948358530109","1,1,2,2,2,3,2,3,3,3,2,2,3,3,3,4,5,2,6,2,7,1,3,3,3,3,3,4,1,8,9,6,2,2,6,6,10,3,7,7,7,7,1,1,1,1,7,1,1,1,7,7,7,7,7,1,1,1,1,7,11,7,7,12,13,7,7,7,7,7,1,7,3,3,7,7,7,7,7,7,7,14,4,4,4,15,7,7,7,7,16,17,18,7,7,7,19,7,7,7,7,7,7,7,7,7,7,20,21,7,7,7,7,6,6,6,6,6,6,6,6,10,10,10,10,10,10,10,10","0.000809907913208008","leiden","edit-xhwikibooks.graphml"
"0.26","0.51","0.23","0.478948358530109","1,1,2,2,2,3,2,3,3,3,2,2,3,3,3,4,5,2,6,2,7,1,3,3,3,3,3,4,1,8,9,6,2,2,6,6,10,3,7,7,7,7,1,1,1,1,7,1,1,1,7,7,7,7,7,1,1,1,1,7,11,7,7,12,13,7,7,7,7,7,1,7,3,3,7,7,7,7,7,7,7,14,4,4,4,15,7,7,7,7,16,17,18,7,7,7,19,7,7,7,7,7,7,7,7,7,7,20,21,7,7,7,7,6,6,6,6,6,6,6,6,10,10,10,10,10,10,10,10","0.000797033309936523","leiden","edit-xhwikibooks.graphml"
"0.25","0.52","0.23","0.478948358530109","1,1,2,2,2,3,2,3,3,3,2,2,3,3,3,4,5,2,6,2,7,1,3,3,3,3,3,4,1,8,9,6,2,2,6,6,10,3,7,7,7,7,1,1,1,1,7,1,1,1,7,7,7,7,7,1,1,1,1,7,11,7,7,12,13,7,7,7,7,7,1,7,3,3,7,7,7,7,7,7,7,14,4,4,4,15,7,7,7,7,16,17,18,7,7,7,19,7,7,7,7,7,7,7,7,7,7,20,21,7,7,7,7,6,6,6,6,6,6,6,6,10,10,10,10,10,10,10,10","0.000821828842163086","leiden","edit-xhwikibooks.graphml"
"0.24","0.53","0.23","0.478505262798751","1,1,2,2,2,3,2,3,3,3,2,2,3,3,3,4,5,2,6,2,7,1,3,3,3,3,3,4,1,8,9,6,2,2,6,6,10,3,7,7,7,7,1,1,1,1,7,1,1,1,7,7,7,7,7,1,1,1,1,7,11,7,7,12,13,7,7,7,7,7,1,7,3,3,7,7,7,7,7,7,7,14,4,4,4,15,7,7,7,7,16,17,18,7,7,7,19,7,7,7,7,7,7,7,7,7,7,20,21,7,7,7,7,6,6,6,6,6,6,6,6,10,10,10,10,10,10,10,10","0.000848054885864258","leiden","edit-xhwikibooks.graphml"
"0.23","0.54","0.23","0.479555735006559","1,1,2,2,2,3,2,3,3,3,2,2,3,3,3,4,5,2,6,2,7,1,3,3,3,3,3,4,1,8,9,6,2,2,6,6,10,3,7,7,7,7,1,1,1,1,7,1,1,1,7,7,7,7,7,1,1,1,1,7,11,7,7,12,13,7,7,7,7,7,1,7,3,3,7,7,7,7,7,7,7,14,4,4,4,15,7,7,7,7,16,17,18,7,7,7,19,7,7,7,7,7,7,7,7,7,7,20,21,7,7,7,7,6,6,6,6,6,6,6,6,10,10,10,10,10,10,10,10","0.000782012939453125","leiden","edit-xhwikibooks.graphml"
"0.22","0.55","0.23","0.479113460128853","1,1,2,2,2,3,2,3,3,3,2,2,3,3,3,5,6,2,7,2,8,1,3,3,3,3,3,5,1,9,10,7,2,2,7,7,4,3,8,8,8,8,1,1,1,1,8,1,1,1,8,8,8,8,8,1,1,1,1,8,11,8,8,12,13,8,8,8,8,8,1,8,3,3,8,8,8,8,8,8,8,14,5,5,5,15,8,8,8,8,16,17,18,8,8,8,19,8,8,8,8,8,8,8,8,8,8,20,21,8,8,8,8,7,7,7,7,7,7,7,7,4,4,4,4,4,4,4,4","0.000809907913208008","leiden","edit-xhwikibooks.graphml"
"0.21","0.56","0.23","0.482344714978924","1,1,2,2,2,3,2,3,3,3,2,2,3,3,3,4,5,2,6,2,7,1,3,3,3,3,3,4,1,8,9,6,2,2,6,6,10,3,7,7,7,7,1,1,1,1,7,1,1,1,7,7,7,7,7,1,1,1,1,7,11,7,7,12,13,7,7,7,7,7,1,7,3,3,7,7,7,7,7,7,7,14,4,4,4,15,7,7,7,7,16,17,18,7,7,7,19,7,7,7,7,7,7,7,7,7,7,20,21,7,7,7,7,6,6,6,6,6,6,6,6,10,10,10,10,10,10,10,10","0.000802993774414062","leiden","edit-xhwikibooks.graphml"
"0.2","0.57","0.23","0.481903217969658","1,1,2,2,2,3,2,3,3,3,2,2,3,3,3,4,5,2,6,2,7,1,3,3,3,3,3,4,1,8,9,6,2,2,6,6,10,3,7,7,7,7,1,1,1,1,7,1,1,1,7,7,7,7,7,1,1,1,1,7,11,7,7,12,13,7,7,7,7,7,1,7,3,3,7,7,7,7,7,7,7,14,4,4,4,15,7,7,7,7,16,17,18,7,7,7,19,7,7,7,7,7,7,7,7,7,7,20,21,7,7,7,7,6,6,6,6,6,6,6,6,10,10,10,10,10,10,10,10","0.000791788101196289","leiden","edit-xhwikibooks.graphml"
"0.19","0.58","0.23","0.483950641685456","1,1,2,2,2,3,2,3,3,3,2,2,3,3,3,4,5,2,6,2,7,1,3,3,3,3,3,4,1,8,9,6,2,2,6,6,10,3,7,7,7,7,1,1,1,1,7,1,1,1,7,7,7,7,7,1,1,1,1,7,11,7,7,12,13,7,7,7,7,7,1,7,3,3,7,7,7,7,7,7,7,14,4,4,4,15,7,7,7,7,16,17,18,7,7,7,19,7,7,7,7,7,7,7,7,7,7,20,21,7,7,7,7,6,6,6,6,6,6,6,6,10,10,10,10,10,10,10,10","0.000854969024658203","leiden","edit-xhwikibooks.graphml"
"0.18","0.59","0.23","0.484678555272638","1,1,2,2,2,3,2,3,3,3,2,2,3,3,3,4,5,2,6,2,7,1,3,3,3,3,3,4,1,8,9,6,2,2,6,6,10,3,7,7,7,7,1,1,1,1,7,1,1,1,7,7,7,7,7,1,1,1,1,7,11,7,7,12,13,7,7,7,7,7,1,7,3,3,7,7,7,7,7,7,7,14,4,4,4,15,7,7,7,7,16,17,18,7,7,7,19,7,7,7,7,7,7,7,7,7,7,20,21,7,7,7,7,6,6,6,6,6,6,6,6,10,10,10,10,10,10,10,10","0.000811100006103516","leiden","edit-xhwikibooks.graphml"
"0.17","0.6","0.23","0.486771048966841","1,1,2,2,2,3,2,3,3,3,2,2,3,3,3,4,5,2,6,2,7,1,3,3,3,3,3,4,1,8,9,6,2,2,6,6,10,3,7,7,7,7,1,1,1,1,7,1,1,1,7,7,7,7,7,1,1,1,1,7,11,7,7,12,13,7,7,7,7,7,1,7,3,3,7,7,7,7,7,7,7,14,4,4,4,15,7,7,7,7,16,17,18,7,7,7,19,7,7,7,7,7,7,7,7,7,7,20,21,7,7,7,7,6,6,6,6,6,6,6,6,10,10,10,10,10,10,10,10","0.000803947448730469","leiden","edit-xhwikibooks.graphml"
"0.16","0.61","0.23","0.486331128652441","1,1,2,2,2,3,2,3,3,3,2,2,3,3,3,4,5,2,6,2,7,1,3,3,3,3,3,4,1,8,9,6,2,2,6,6,10,3,7,7,7,7,1,1,1,1,7,1,1,1,7,7,7,7,7,1,1,1,1,7,11,7,7,12,13,7,7,7,7,7,1,7,3,3,7,7,7,7,7,7,7,14,4,4,4,15,7,7,7,7,16,17,18,7,7,7,19,7,7,7,7,7,7,7,7,7,7,20,21,7,7,7,7,6,6,6,6,6,6,6,6,10,10,10,10,10,10,10,10","0.000792980194091797","leiden","edit-xhwikibooks.graphml"
"0.15","0.62","0.23","0.484400932570211","1,1,2,2,2,3,2,3,3,3,2,2,3,3,3,4,5,2,6,2,7,1,3,3,3,3,3,4,1,8,9,6,2,2,6,6,10,3,7,7,7,7,1,1,1,1,7,1,1,1,7,7,7,7,7,1,1,1,1,7,11,7,7,12,13,7,7,7,7,7,1,7,3,3,7,7,7,7,7,7,7,14,4,4,4,15,7,7,7,7,16,17,18,7,7,7,19,7,7,7,7,7,7,7,7,7,7,20,21,7,7,7,7,6,6,6,6,6,6,6,6,10,10,10,10,10,10,10,10","0.000809907913208008","leiden","edit-xhwikibooks.graphml"
"0.14","0.63","0.23","0.483960060127136","1,1,2,2,2,3,2,3,3,3,2,2,3,3,3,4,5,2,6,2,7,1,3,3,3,3,3,4,1,8,9,6,2,2,6,6,10,3,7,7,7,7,1,1,1,1,7,1,1,1,7,7,7,7,7,1,1,1,1,7,11,7,7,12,13,7,7,7,7,7,1,7,3,3,7,7,7,7,7,7,7,14,4,4,4,15,7,7,7,7,16,17,18,7,7,7,19,7,7,7,7,7,7,7,7,7,7,20,21,7,7,7,7,6,6,6,6,6,6,6,6,10,10,10,10,10,10,10,10","0.000857114791870117","leiden","edit-xhwikibooks.graphml"
"0.13","0.64","0.23","0.484415088530568","1,1,2,2,2,2,2,3,2,2,2,2,3,3,3,2,4,2,5,2,6,1,3,3,3,3,3,2,1,7,8,5,2,2,5,5,3,3,6,6,6,6,1,1,1,1,6,1,1,1,6,6,6,6,6,1,1,1,1,6,9,6,6,10,11,6,6,6,6,6,1,6,3,3,6,6,6,6,6,6,6,12,2,2,2,13,6,6,6,6,14,15,16,6,6,6,17,6,6,6,6,6,6,6,6,6,6,18,19,6,6,6,6,5,5,5,5,5,5,5,5,3,3,3,3,3,3,3,3","0.000936985015869141","leiden","edit-xhwikibooks.graphml"
"0.12","0.65","0.23","0.483519891602996","1,1,2,2,2,3,2,3,3,3,2,2,3,3,3,4,5,2,6,2,7,1,3,3,3,3,3,4,1,8,9,6,2,2,6,6,10,3,7,7,7,7,1,1,1,1,7,1,1,1,7,7,7,7,7,1,1,1,1,7,11,7,7,12,13,7,7,7,7,7,1,7,3,3,7,7,7,7,7,7,7,14,4,4,4,15,7,7,7,7,16,17,18,7,7,7,19,7,7,7,7,7,7,7,7,7,7,20,21,7,7,7,7,6,6,6,6,6,6,6,6,10,10,10,10,10,10,10,10","0.000864028930664062","leiden","edit-xhwikibooks.graphml"
"0.11","0.66","0.23","0.483519891602996","1,1,2,2,2,3,2,3,3,3,2,2,3,3,3,4,5,2,6,2,7,1,3,3,3,3,3,4,1,8,9,6,2,2,6,6,10,3,7,7,7,7,1,1,1,1,7,1,1,1,7,7,7,7,7,1,1,1,1,7,11,7,7,12,13,7,7,7,7,7,1,7,3,3,7,7,7,7,7,7,7,14,4,4,4,15,7,7,7,7,16,17,18,7,7,7,19,7,7,7,7,7,7,7,7,7,7,20,21,7,7,7,7,6,6,6,6,6,6,6,6,10,10,10,10,10,10,10,10","0.000809907913208008","leiden","edit-xhwikibooks.graphml"
"0.1","0.67","0.23","0.497916969081144","1,1,2,2,2,3,2,3,3,3,2,2,3,3,3,4,5,2,6,2,7,1,3,3,3,3,3,4,1,8,9,6,2,2,6,6,10,3,7,7,7,7,1,1,1,1,7,1,1,1,7,7,7,7,7,1,1,1,1,7,11,7,7,12,13,7,7,7,7,7,1,7,3,3,7,7,7,7,7,7,7,14,4,4,4,15,7,7,7,7,16,17,18,7,7,7,19,7,7,7,7,7,7,7,7,7,7,20,21,7,7,7,7,6,6,6,6,6,6,6,6,10,10,10,10,10,10,10,10","0.000784158706665039","leiden","edit-xhwikibooks.graphml"
"0.09","0.68","0.23","0.497916969081144","1,1,2,2,2,3,2,3,3,3,2,2,3,3,3,4,5,2,6,2,7,1,3,3,3,3,3,4,1,8,9,6,2,2,6,6,10,3,7,7,7,7,1,1,1,1,7,1,1,1,7,7,7,7,7,1,1,1,1,7,11,7,7,12,13,7,7,7,7,7,1,7,3,3,7,7,7,7,7,7,7,14,4,4,4,15,7,7,7,7,16,17,18,7,7,7,19,7,7,7,7,7,7,7,7,7,7,20,21,7,7,7,7,6,6,6,6,6,6,6,6,10,10,10,10,10,10,10,10","0.000811100006103516","leiden","edit-xhwikibooks.graphml"
"0.08","0.69","0.23","0.496486427638264","1,1,2,2,3,2,3,4,2,2,3,3,4,4,4,2,5,3,6,3,7,1,4,4,4,4,4,2,1,8,9,6,3,3,6,6,10,4,7,7,7,7,1,1,1,1,7,1,1,1,7,7,7,7,7,1,1,1,1,7,11,7,7,12,13,7,7,7,7,7,1,7,4,4,7,7,7,7,7,7,7,14,2,2,2,15,7,7,7,7,16,17,18,7,7,7,19,7,7,7,7,7,7,7,7,7,7,20,21,7,7,7,7,6,6,6,6,6,6,6,6,10,10,10,10,10,10,10,10","0.000783920288085938","leiden","edit-xhwikibooks.graphml"
"0.07","0.7","0.23","0.484842446841821","1,1,1,2,3,2,4,5,2,2,4,6,5,5,5,2,7,8,9,10,11,1,12,5,5,5,5,2,1,13,14,15,10,16,9,9,5,5,11,11,11,11,1,1,1,1,11,1,1,1,11,11,11,11,11,1,1,1,1,11,17,11,11,18,19,11,11,11,11,11,1,11,20,21,11,11,11,11,11,11,11,22,23,24,25,26,11,11,11,11,27,28,29,11,11,11,30,11,11,11,11,11,11,11,11,11,11,31,32,11,11,11,11,9,9,9,9,9,9,9,9,5,5,5,5,5,5,5,5","0.000931978225708008","leiden","edit-xhwikibooks.graphml"
"0.06","0.71","0.23","0.484404983231808","1,1,1,2,3,2,4,5,2,2,4,6,5,5,5,2,7,8,9,10,11,1,12,5,5,5,5,2,1,13,14,15,10,16,9,9,5,5,11,11,11,11,1,1,1,1,11,1,1,1,11,11,11,11,11,1,1,1,1,11,17,11,11,18,19,11,11,11,11,11,1,11,20,21,11,11,11,11,11,11,11,22,23,24,25,26,11,11,11,11,27,28,29,11,11,11,30,11,11,11,11,11,11,11,11,11,11,31,32,11,11,11,11,9,9,9,9,9,9,9,9,5,5,5,5,5,5,5,5","0.000855922698974609","leiden","edit-xhwikibooks.graphml"
"0.05","0.72","0.23","0.48638756692445","1,1,1,2,3,2,4,5,2,2,4,6,5,5,5,2,7,8,9,10,11,1,12,5,5,5,5,2,1,13,14,15,10,16,9,9,5,5,11,11,11,11,1,1,1,1,11,1,1,1,11,11,11,11,11,1,1,1,1,11,17,11,11,18,19,11,11,11,11,11,1,11,20,21,11,11,11,11,11,11,11,22,23,24,25,26,11,11,11,11,27,28,29,11,11,11,30,11,11,11,11,11,11,11,11,11,11,31,32,11,11,11,11,9,9,9,9,9,9,9,9,5,5,5,5,5,5,5,5","0.000866889953613281","leiden","edit-xhwikibooks.graphml"
"0.04","0.73","0.23","0.485951151339458","1,1,1,2,3,2,4,5,2,2,4,6,5,5,5,2,7,8,9,10,11,1,12,5,5,5,5,2,1,13,14,15,10,16,9,9,5,5,11,11,11,11,1,1,1,1,11,1,1,1,11,11,11,11,11,1,1,1,1,11,17,11,11,18,19,11,11,11,11,11,1,11,20,21,11,11,11,11,11,11,11,22,23,24,25,26,11,11,11,11,27,28,29,11,11,11,30,11,11,11,11,11,11,11,11,11,11,31,32,11,11,11,11,9,9,9,9,9,9,9,9,5,5,5,5,5,5,5,5","0.000844001770019531","leiden","edit-xhwikibooks.graphml"
"0.03","0.74","0.23","0.486876859012493","1,1,1,2,3,2,4,5,2,2,4,6,5,5,5,2,7,8,9,10,11,1,12,5,5,5,5,2,1,13,14,15,10,16,9,9,5,5,11,11,11,11,1,1,1,1,11,1,1,1,11,11,11,11,11,1,1,1,1,11,17,11,11,18,19,11,11,11,11,11,1,11,20,21,11,11,11,11,11,11,11,22,23,24,25,26,11,11,11,11,27,28,29,11,11,11,30,11,11,11,11,11,11,11,11,11,11,31,32,11,11,11,11,9,9,9,9,9,9,9,9,5,5,5,5,5,5,5,5","0.000963926315307617","leiden","edit-xhwikibooks.graphml"
"0.02","0.75","0.23","0.48960051607126","1,1,1,2,3,2,4,5,2,2,4,6,5,5,5,2,7,8,9,10,11,1,12,5,5,5,5,2,1,13,14,15,10,16,9,9,5,5,11,11,11,11,1,1,1,1,11,1,1,1,11,11,11,11,11,1,1,1,1,11,17,11,11,18,19,11,11,11,11,11,1,11,20,21,11,11,11,11,11,11,11,22,23,24,25,26,11,11,11,11,27,28,29,11,11,11,30,11,11,11,11,11,11,11,11,11,11,31,32,11,11,11,11,9,9,9,9,9,9,9,9,5,5,5,5,5,5,5,5","0.00091099739074707","leiden","edit-xhwikibooks.graphml"
"0.01","0.76","0.23","0.490610835629017","1,1,1,2,3,2,4,5,2,2,4,6,5,5,5,2,7,8,9,10,11,1,12,5,5,5,5,2,1,13,14,15,10,16,9,9,5,5,11,11,11,11,1,1,1,1,11,1,1,1,11,11,11,11,11,1,1,1,1,11,17,11,11,18,19,11,11,11,11,11,1,11,20,21,11,11,11,11,11,11,11,22,23,24,25,26,11,11,11,11,27,28,29,11,11,11,30,11,11,11,11,11,11,11,11,11,11,31,32,11,11,11,11,9,9,9,9,9,9,9,9,5,5,5,5,5,5,5,5","0.000984907150268555","leiden","edit-xhwikibooks.graphml"
"0","0.77","0.23","0.476249479320732","1,1,1,2,1,2,3,4,2,2,3,5,4,4,4,2,6,7,8,9,10,1,11,4,4,4,4,2,1,12,13,14,9,15,8,8,16,4,10,10,10,10,1,1,1,1,10,1,1,1,10,10,10,10,10,1,1,1,1,10,17,10,10,18,19,10,10,10,10,10,1,10,20,21,10,10,10,10,10,10,10,22,23,24,25,26,10,10,10,10,27,28,29,10,10,10,30,10,10,10,10,10,10,10,10,10,10,31,32,10,10,10,10,8,8,8,8,8,8,8,8,16,16,16,16,16,16,16,16","0.000900030136108398","leiden","edit-xhwikibooks.graphml"
"0.76","0","0.24","0.403994617834448","1,1,2,3,2,3,2,3,3,3,2,2,3,3,3,3,3,2,4,2,5,1,3,3,3,3,3,3,1,3,2,4,2,2,4,4,3,3,5,5,5,5,1,1,1,1,5,1,1,1,5,5,5,5,5,1,1,1,1,5,3,5,5,3,3,5,5,5,5,5,1,5,3,3,5,5,5,5,5,5,5,3,3,3,3,1,5,5,5,5,3,2,4,5,5,5,3,5,5,5,5,5,5,5,5,5,5,2,2,5,5,5,5,4,4,4,4,4,4,4,4,3,3,3,3,3,3,3,3","0.000854015350341797","leiden","edit-xhwikibooks.graphml"
"0.75","0.01","0.24","0.403994617834448","1,1,2,3,2,3,2,3,3,3,2,2,3,3,3,3,3,2,4,2,5,1,3,3,3,3,3,3,1,3,2,4,2,2,4,4,3,3,5,5,5,5,1,1,1,1,5,1,1,1,5,5,5,5,5,1,1,1,1,5,3,5,5,3,3,5,5,5,5,5,1,5,3,3,5,5,5,5,5,5,5,3,3,3,3,1,5,5,5,5,3,2,4,5,5,5,3,5,5,5,5,5,5,5,5,5,5,2,2,5,5,5,5,4,4,4,4,4,4,4,4,3,3,3,3,3,3,3,3","0.000750064849853516","leiden","edit-xhwikibooks.graphml"
"0.74","0.02","0.24","0.405313349224472","1,1,2,3,2,3,2,3,3,3,2,2,3,3,3,3,3,2,4,2,5,1,3,3,3,3,3,3,1,3,2,4,2,2,4,4,3,3,5,5,5,5,1,1,1,1,5,1,1,1,5,5,5,5,5,1,1,1,1,5,3,5,5,3,3,5,5,5,5,5,1,5,3,3,5,5,5,5,5,5,5,3,3,3,3,1,5,5,5,5,3,2,4,5,5,5,3,5,5,5,5,5,5,5,5,5,5,2,2,5,5,5,5,4,4,4,4,4,4,4,4,3,3,3,3,3,3,3,3","0.000715017318725586","leiden","edit-xhwikibooks.graphml"
"0.73","0.03","0.24","0.404905723204995","1,1,2,3,2,3,2,3,3,3,2,2,3,3,3,3,3,2,4,2,5,1,3,3,3,3,3,3,1,3,2,4,2,2,4,4,3,3,5,5,5,5,1,1,1,1,5,1,1,1,5,5,5,5,5,1,1,1,1,5,3,5,5,3,3,5,5,5,5,5,1,5,3,3,5,5,5,5,5,5,5,3,3,3,3,1,5,5,5,5,3,2,4,5,5,5,3,5,5,5,5,5,5,5,5,5,5,2,2,5,5,5,5,4,4,4,4,4,4,4,4,3,3,3,3,3,3,3,3","0.000713825225830078","leiden","edit-xhwikibooks.graphml"
"0.72","0.04","0.24","0.404905723204995","1,1,2,3,2,3,2,3,3,3,2,2,3,3,3,3,3,2,4,2,5,1,3,3,3,3,3,3,1,3,2,4,2,2,4,4,3,3,5,5,5,5,1,1,1,1,5,1,1,1,5,5,5,5,5,1,1,1,1,5,3,5,5,3,3,5,5,5,5,5,1,5,3,3,5,5,5,5,5,5,5,3,3,3,3,1,5,5,5,5,3,2,4,5,5,5,3,5,5,5,5,5,5,5,5,5,5,2,2,5,5,5,5,4,4,4,4,4,4,4,4,3,3,3,3,3,3,3,3","0.000720977783203125","leiden","edit-xhwikibooks.graphml"
"0.71","0.05","0.24","0.404498850834307","1,1,2,3,2,3,2,3,3,3,2,2,3,3,3,3,3,2,4,2,5,1,3,3,3,3,3,3,1,3,2,4,2,2,4,4,3,3,5,5,5,5,1,1,1,1,5,1,1,1,5,5,5,5,5,1,1,1,1,5,3,5,5,3,3,5,5,5,5,5,1,5,3,3,5,5,5,5,5,5,5,3,3,3,3,1,5,5,5,5,3,2,4,5,5,5,3,5,5,5,5,5,5,5,5,5,5,2,2,5,5,5,5,4,4,4,4,4,4,4,4,3,3,3,3,3,3,3,3","0.000715970993041992","leiden","edit-xhwikibooks.graphml"
"0.7","0.06","0.24","0.404498850834307","1,1,2,3,2,3,2,3,3,3,2,2,3,3,3,3,3,2,4,2,5,1,3,3,3,3,3,3,1,3,2,4,2,2,4,4,3,3,5,5,5,5,1,1,1,1,5,1,1,1,5,5,5,5,5,1,1,1,1,5,3,5,5,3,3,5,5,5,5,5,1,5,3,3,5,5,5,5,5,5,5,3,3,3,3,1,5,5,5,5,3,2,4,5,5,5,3,5,5,5,5,5,5,5,5,5,5,2,2,5,5,5,5,4,4,4,4,4,4,4,4,3,3,3,3,3,3,3,3","0.000731945037841797","leiden","edit-xhwikibooks.graphml"
"0.69","0.07","0.24","0.404092730347557","1,1,2,3,2,3,2,3,3,3,2,2,3,3,3,3,3,2,4,2,5,1,3,3,3,3,3,3,1,3,2,4,2,2,4,4,3,3,5,5,5,5,1,1,1,1,5,1,1,1,5,5,5,5,5,1,1,1,1,5,3,5,5,3,3,5,5,5,5,5,1,5,3,3,5,5,5,5,5,5,5,3,3,3,3,1,5,5,5,5,3,2,4,5,5,5,3,5,5,5,5,5,5,5,5,5,5,2,2,5,5,5,5,4,4,4,4,4,4,4,4,3,3,3,3,3,3,3,3","0.000741958618164062","leiden","edit-xhwikibooks.graphml"
"0.68","0.08","0.24","0.4054022574527","1,1,2,3,2,3,2,3,3,3,2,2,3,3,3,3,3,2,4,2,5,1,3,3,3,3,3,3,1,3,2,4,2,2,4,4,3,3,5,5,5,5,1,1,1,1,5,1,1,1,5,5,5,5,5,1,1,1,1,5,3,5,5,3,3,5,5,5,5,5,1,5,3,3,5,5,5,5,5,5,5,3,3,3,3,1,5,5,5,5,3,2,4,5,5,5,3,5,5,5,5,5,5,5,5,5,5,2,2,5,5,5,5,4,4,4,4,4,4,4,4,3,3,3,3,3,3,3,3","0.000742912292480469","leiden","edit-xhwikibooks.graphml"
"0.67","0.09","0.24","0.404996531216579","1,1,2,3,2,3,2,3,3,3,2,2,3,3,3,3,3,2,4,2,5,1,3,3,3,3,3,3,1,3,2,4,2,2,4,4,3,3,5,5,5,5,1,1,1,1,5,1,1,1,5,5,5,5,5,1,1,1,1,5,3,5,5,3,3,5,5,5,5,5,1,5,3,3,5,5,5,5,5,5,5,3,3,3,3,1,5,5,5,5,3,2,4,5,5,5,3,5,5,5,5,5,5,5,5,5,5,2,2,5,5,5,5,4,4,4,4,4,4,4,4,3,3,3,3,3,3,3,3","0.000746965408325195","leiden","edit-xhwikibooks.graphml"
"0.66","0.1","0.24","0.404996531216579","1,1,2,3,2,3,2,3,3,3,2,2,3,3,3,3,3,2,4,2,5,1,3,3,3,3,3,3,1,3,2,4,2,2,4,4,3,3,5,5,5,5,1,1,1,1,5,1,1,1,5,5,5,5,5,1,1,1,1,5,3,5,5,3,3,5,5,5,5,5,1,5,3,3,5,5,5,5,5,5,5,3,3,3,3,1,5,5,5,5,3,2,4,5,5,5,3,5,5,5,5,5,5,5,5,5,5,2,2,5,5,5,5,4,4,4,4,4,4,4,4,3,3,3,3,3,3,3,3","0.000730037689208984","leiden","edit-xhwikibooks.graphml"
"0.65","0.11","0.24","0.404591551610782","1,1,2,3,2,3,2,3,3,3,2,2,3,3,3,3,3,2,4,2,5,1,3,3,3,3,3,3,1,3,2,4,2,2,4,4,3,3,5,5,5,5,1,1,1,1,5,1,1,1,5,5,5,5,5,1,1,1,1,5,3,5,5,3,3,5,5,5,5,5,1,5,3,3,5,5,5,5,5,5,5,3,3,3,3,1,5,5,5,5,3,2,4,5,5,5,3,5,5,5,5,5,5,5,5,5,5,2,2,5,5,5,5,4,4,4,4,4,4,4,4,3,3,3,3,3,3,3,3","0.000741958618164062","leiden","edit-xhwikibooks.graphml"
"0.64","0.12","0.24","0.407116482754561","1,1,2,3,2,3,2,3,3,3,2,2,3,3,3,3,3,2,4,2,5,1,3,3,3,3,3,3,1,3,2,4,2,2,4,4,3,3,5,5,5,5,1,1,1,1,5,1,1,1,5,5,5,5,5,1,1,1,1,5,3,5,5,3,3,5,5,5,5,5,1,5,3,3,5,5,5,5,5,5,5,3,3,3,3,1,5,5,5,5,3,2,4,5,5,5,3,5,5,5,5,5,5,5,5,5,5,2,2,5,5,5,5,4,4,4,4,4,4,4,4,3,3,3,3,3,3,3,3","0.000713109970092773","leiden","edit-xhwikibooks.graphml"
"0.63","0.13","0.24","0.406711749843824","1,1,2,3,2,3,2,3,3,3,2,2,3,3,3,3,3,2,4,2,5,1,3,3,3,3,3,3,1,3,2,4,2,2,4,4,3,3,5,5,5,5,1,1,1,1,5,1,1,1,5,5,5,5,5,1,1,1,1,5,3,5,5,3,3,5,5,5,5,5,1,5,3,3,5,5,5,5,5,5,5,3,3,3,3,1,5,5,5,5,3,2,4,5,5,5,3,5,5,5,5,5,5,5,5,5,5,2,2,5,5,5,5,4,4,4,4,4,4,4,4,3,3,3,3,3,3,3,3","0.000735998153686523","leiden","edit-xhwikibooks.graphml"
"0.62","0.14","0.24","0.406711749843824","1,1,2,3,2,3,2,3,3,3,2,2,3,3,3,3,3,2,4,2,5,1,3,3,3,3,3,3,1,3,2,4,2,2,4,4,3,3,5,5,5,5,1,1,1,1,5,1,1,1,5,5,5,5,5,1,1,1,1,5,3,5,5,3,3,5,5,5,5,5,1,5,3,3,5,5,5,5,5,5,5,3,3,3,3,1,5,5,5,5,3,2,4,5,5,5,3,5,5,5,5,5,5,5,5,5,5,2,2,5,5,5,5,4,4,4,4,4,4,4,4,3,3,3,3,3,3,3,3","0.000720977783203125","leiden","edit-xhwikibooks.graphml"
"0.61","0.15","0.24","0.408807276188256","1,1,2,3,2,3,2,3,3,3,2,2,3,3,3,3,3,2,4,2,5,1,3,3,3,3,3,3,1,3,2,4,2,2,4,4,3,3,5,5,5,5,1,1,1,1,5,1,1,1,5,5,5,5,5,1,1,1,1,5,3,5,5,3,3,5,5,5,5,5,1,5,3,3,5,5,5,5,5,5,5,3,3,3,3,1,5,5,5,5,3,2,4,5,5,5,3,5,5,5,5,5,5,5,5,5,5,2,2,5,5,5,5,4,4,4,4,4,4,4,4,3,3,3,3,3,3,3,3","0.000720977783203125","leiden","edit-xhwikibooks.graphml"
"0.6","0.16","0.24","0.411363182509212","1,1,2,3,2,3,2,3,3,3,2,2,3,3,3,3,3,2,4,2,5,1,3,3,3,3,3,3,1,3,2,4,2,2,4,4,3,3,5,5,5,5,1,1,1,1,5,1,1,1,5,5,5,5,5,1,1,1,1,5,3,5,5,3,3,5,5,5,5,5,1,5,3,3,5,5,5,5,5,5,5,3,3,3,3,1,5,5,5,5,3,2,4,5,5,5,3,5,5,5,5,5,5,5,5,5,5,2,2,5,5,5,5,4,4,4,4,4,4,4,4,3,3,3,3,3,3,3,3","0.000710010528564453","leiden","edit-xhwikibooks.graphml"
"0.59","0.17","0.24","0.411023081952255","1,1,2,3,2,3,2,3,3,3,2,2,3,3,3,3,3,2,4,2,5,1,3,3,3,3,3,3,1,3,2,4,2,2,4,4,3,3,5,5,5,5,1,1,1,1,5,1,1,1,5,5,5,5,5,1,1,1,1,5,3,5,5,3,3,5,5,5,5,5,1,5,3,3,5,5,5,5,5,5,5,3,3,3,3,1,5,5,5,5,3,2,4,5,5,5,3,5,5,5,5,5,5,5,5,5,5,2,2,5,5,5,5,4,4,4,4,4,4,4,4,3,3,3,3,3,3,3,3","0.000726222991943359","leiden","edit-xhwikibooks.graphml"
"0.58","0.18","0.24","0.411023081952255","1,1,2,3,2,3,2,3,3,3,2,2,3,3,3,3,3,2,4,2,5,1,3,3,3,3,3,3,1,3,2,4,2,2,4,4,3,3,5,5,5,5,1,1,1,1,5,1,1,1,5,5,5,5,5,1,1,1,1,5,3,5,5,3,3,5,5,5,5,5,1,5,3,3,5,5,5,5,5,5,5,3,3,3,3,1,5,5,5,5,3,2,4,5,5,5,3,5,5,5,5,5,5,5,5,5,5,2,2,5,5,5,5,4,4,4,4,4,4,4,4,3,3,3,3,3,3,3,3","0.000744104385375977","leiden","edit-xhwikibooks.graphml"
"0.57","0.19","0.24","0.410619291780163","1,1,2,3,2,3,2,3,3,3,2,2,3,3,3,3,3,2,4,2,5,1,3,3,3,3,3,3,1,3,2,4,2,2,4,4,3,3,5,5,5,5,1,1,1,1,5,1,1,1,5,5,5,5,5,1,1,1,1,5,3,5,5,3,3,5,5,5,5,5,1,5,3,3,5,5,5,5,5,5,5,3,3,3,3,1,5,5,5,5,3,2,4,5,5,5,3,5,5,5,5,5,5,5,5,5,5,2,2,5,5,5,5,4,4,4,4,4,4,4,4,3,3,3,3,3,3,3,3","0.000745058059692383","leiden","edit-xhwikibooks.graphml"
"0.56","0.2","0.24","0.41301190567289","1,1,2,3,2,3,2,3,3,3,2,2,3,3,3,3,3,2,4,2,5,1,3,3,3,3,3,3,1,3,2,4,2,2,4,4,3,3,5,5,5,5,1,1,1,1,5,1,1,1,5,5,5,5,5,1,1,1,1,5,3,5,5,3,3,5,5,5,5,5,1,5,3,3,5,5,5,5,5,5,5,3,3,3,3,1,5,5,5,5,3,2,4,5,5,5,3,5,5,5,5,5,5,5,5,5,5,2,2,5,5,5,5,4,4,4,4,4,4,4,4,3,3,3,3,3,3,3,3","0.000756025314331055","leiden","edit-xhwikibooks.graphml"
"0.55","0.21","0.24","0.405481223632439","1,1,2,2,2,3,2,3,3,3,2,2,3,3,3,3,3,2,4,2,5,1,3,3,3,3,3,3,1,3,2,4,2,2,4,4,3,3,5,5,5,5,1,1,1,1,5,1,1,1,5,5,5,5,5,1,1,1,1,5,3,5,5,3,3,5,5,5,5,5,1,5,3,3,5,5,5,5,5,5,5,3,3,3,3,1,5,5,5,5,3,2,4,5,5,5,3,5,5,5,5,5,5,5,5,5,5,2,2,5,5,5,5,4,4,4,4,4,4,4,4,3,3,3,3,3,3,3,3","0.000787973403930664","leiden","edit-xhwikibooks.graphml"
"0.54","0.22","0.24","0.405481223632439","1,1,2,2,2,3,2,3,3,3,2,2,3,3,3,3,3,2,4,2,5,1,3,3,3,3,3,3,1,3,2,4,2,2,4,4,3,3,5,5,5,5,1,1,1,1,5,1,1,1,5,5,5,5,5,1,1,1,1,5,3,5,5,3,3,5,5,5,5,5,1,5,3,3,5,5,5,5,5,5,5,3,3,3,3,1,5,5,5,5,3,2,4,5,5,5,3,5,5,5,5,5,5,5,5,5,5,2,2,5,5,5,5,4,4,4,4,4,4,4,4,3,3,3,3,3,3,3,3","0.000785112380981445","leiden","edit-xhwikibooks.graphml"
"0.53","0.23","0.24","0.407581317096619","1,1,2,2,2,3,2,3,3,3,2,2,3,3,3,3,3,2,4,2,5,1,3,3,3,3,3,3,1,3,2,4,2,2,4,4,3,3,5,5,5,5,1,1,1,1,5,1,1,1,5,5,5,5,5,1,1,1,1,5,3,5,5,3,3,5,5,5,5,5,1,5,3,3,5,5,5,5,5,5,5,3,3,3,3,1,5,5,5,5,3,2,4,5,5,5,3,5,5,5,5,5,5,5,5,5,5,2,2,5,5,5,5,4,4,4,4,4,4,4,4,3,3,3,3,3,3,3,3","0.00080418586730957","leiden","edit-xhwikibooks.graphml"
"0.52","0.24","0.24","0.408857708640665","1,1,2,2,2,3,2,3,3,3,2,2,3,3,3,3,3,2,4,2,5,1,3,3,3,3,3,3,1,3,2,4,2,2,4,4,3,3,5,5,5,5,1,1,1,1,5,1,1,1,5,5,5,5,5,1,1,1,1,5,3,5,5,3,3,5,5,5,5,5,1,5,3,3,5,5,5,5,5,5,5,3,3,3,3,1,5,5,5,5,3,2,4,5,5,5,3,5,5,5,5,5,5,5,5,5,5,2,2,5,5,5,5,4,4,4,4,4,4,4,4,3,3,3,3,3,3,3,3","0.000733137130737305","leiden","edit-xhwikibooks.graphml"
"0.51","0.25","0.24","0.406534076762069","1,1,2,2,2,3,2,3,3,3,2,2,3,3,3,3,3,2,4,2,5,1,3,3,3,3,3,3,1,3,2,4,2,2,4,4,3,3,5,5,5,5,1,1,1,1,5,1,1,1,5,5,5,5,5,1,1,1,1,5,6,5,5,3,3,5,5,5,5,5,1,5,3,3,5,5,5,5,5,5,5,3,3,3,3,7,5,5,5,5,8,9,10,5,5,5,3,5,5,5,5,5,5,5,5,5,5,2,2,5,5,5,5,4,4,4,4,4,4,4,4,3,3,3,3,3,3,3,3","0.000776052474975586","leiden","edit-xhwikibooks.graphml"
"0.5","0.26","0.24","0.407953853549111","1,1,2,2,2,3,2,3,3,3,2,2,3,3,3,3,3,2,4,2,5,1,3,3,3,3,3,3,1,3,2,4,2,2,4,4,3,3,5,5,5,5,1,1,1,1,5,1,1,1,5,5,5,5,5,1,1,1,1,5,6,5,5,3,3,5,5,5,5,5,1,5,3,3,5,5,5,5,5,5,5,3,3,3,3,7,5,5,5,5,8,9,10,5,5,5,3,5,5,5,5,5,5,5,5,5,5,2,2,5,5,5,5,4,4,4,4,4,4,4,4,3,3,3,3,3,3,3,3","0.000813007354736328","leiden","edit-xhwikibooks.graphml"
"0.49","0.27","0.24","0.407953853549111","1,1,2,2,2,3,2,3,3,3,2,2,3,3,3,3,3,2,4,2,5,1,3,3,3,3,3,3,1,3,2,4,2,2,4,4,3,3,5,5,5,5,1,1,1,1,5,1,1,1,5,5,5,5,5,1,1,1,1,5,6,5,5,3,3,5,5,5,5,5,1,5,3,3,5,5,5,5,5,5,5,3,3,3,3,7,5,5,5,5,8,9,10,5,5,5,3,5,5,5,5,5,5,5,5,5,5,2,2,5,5,5,5,4,4,4,4,4,4,4,4,3,3,3,3,3,3,3,3","0.000777006149291992","leiden","edit-xhwikibooks.graphml"
"0.48","0.28","0.24","0.407551132286261","1,1,2,2,2,3,2,3,3,3,2,2,3,3,3,3,3,2,4,2,5,1,3,3,3,3,3,3,1,3,2,4,2,2,4,4,3,3,5,5,5,5,1,1,1,1,5,1,1,1,5,5,5,5,5,1,1,1,1,5,6,5,5,3,3,5,5,5,5,5,1,5,3,3,5,5,5,5,5,5,5,3,3,3,3,7,5,5,5,5,8,9,10,5,5,5,3,5,5,5,5,5,5,5,5,5,5,2,2,5,5,5,5,4,4,4,4,4,4,4,4,3,3,3,3,3,3,3,3","0.00111198425292969","leiden","edit-xhwikibooks.graphml"
"0.47","0.29","0.24","0.42935687417228","1,1,2,2,2,3,2,3,3,3,2,2,3,3,3,3,3,2,4,2,5,1,3,3,3,3,3,3,1,3,2,4,2,2,4,4,3,3,5,5,5,5,1,1,1,1,5,1,1,1,5,5,5,5,5,1,1,1,1,5,6,5,5,3,3,5,5,5,5,5,1,5,3,3,5,5,5,5,5,5,5,3,3,3,3,7,5,5,5,5,8,9,10,5,5,5,3,5,5,5,5,5,5,5,5,5,5,2,2,5,5,5,5,4,4,4,4,4,4,4,4,3,3,3,3,3,3,3,3","0.000904083251953125","leiden","edit-xhwikibooks.graphml"
"0.46","0.3","0.24","0.428919185564357","1,1,2,2,2,3,2,3,3,3,2,2,3,3,3,3,3,2,4,2,5,1,3,3,3,3,3,3,1,3,2,4,2,2,4,4,3,3,5,5,5,5,1,1,1,1,5,1,1,1,5,5,5,5,5,1,1,1,1,5,6,5,5,3,3,5,5,5,5,5,1,5,3,3,5,5,5,5,5,5,5,3,3,3,3,7,5,5,5,5,8,9,10,5,5,5,3,5,5,5,5,5,5,5,5,5,5,2,2,5,5,5,5,4,4,4,4,4,4,4,4,3,3,3,3,3,3,3,3","0.000823020935058594","leiden","edit-xhwikibooks.graphml"
"0.45","0.31","0.24","0.430200659178861","1,1,2,2,2,3,2,3,3,3,2,2,3,3,3,3,3,2,4,2,5,1,3,3,3,3,3,3,1,3,2,4,2,2,4,4,3,3,5,5,5,5,1,1,1,1,5,1,1,1,5,5,5,5,5,1,1,1,1,5,6,5,5,3,3,5,5,5,5,5,1,5,3,3,5,5,5,5,5,5,5,3,3,3,3,7,5,5,5,5,8,9,10,5,5,5,3,5,5,5,5,5,5,5,5,5,5,2,2,5,5,5,5,4,4,4,4,4,4,4,4,3,3,3,3,3,3,3,3","0.00079798698425293","leiden","edit-xhwikibooks.graphml"
"0.44","0.32","0.24","0.429763555555556","1,1,2,2,2,3,2,3,3,3,2,2,3,3,3,3,3,2,4,2,5,1,3,3,3,3,3,3,1,3,2,4,2,2,4,4,3,3,5,5,5,5,1,1,1,1,5,1,1,1,5,5,5,5,5,1,1,1,1,5,6,5,5,3,3,5,5,5,5,5,1,5,3,3,5,5,5,5,5,5,5,3,3,3,3,7,5,5,5,5,8,9,10,5,5,5,3,5,5,5,5,5,5,5,5,5,5,2,2,5,5,5,5,4,4,4,4,4,4,4,4,3,3,3,3,3,3,3,3","0.000833034515380859","leiden","edit-xhwikibooks.graphml"
"0.43","0.33","0.24","0.429763555555556","1,1,2,2,2,3,2,3,3,3,2,2,3,3,3,3,3,2,4,2,5,1,3,3,3,3,3,3,1,3,2,4,2,2,4,4,3,3,5,5,5,5,1,1,1,1,5,1,1,1,5,5,5,5,5,1,1,1,1,5,6,5,5,3,3,5,5,5,5,5,1,5,3,3,5,5,5,5,5,5,5,3,3,3,3,7,5,5,5,5,8,9,10,5,5,5,3,5,5,5,5,5,5,5,5,5,5,2,2,5,5,5,5,4,4,4,4,4,4,4,4,3,3,3,3,3,3,3,3","0.000857114791870117","leiden","edit-xhwikibooks.graphml"
"0.42","0.34","0.24","0.446691443461916","1,1,2,2,2,3,2,3,3,3,2,2,3,3,3,3,3,2,4,2,5,1,3,3,3,3,3,3,1,3,2,4,2,2,4,4,3,3,5,5,5,5,1,1,1,1,5,1,1,1,5,5,5,5,5,1,1,1,1,5,6,5,5,3,3,5,5,5,5,5,1,5,3,3,5,5,5,5,5,5,5,3,3,3,3,7,5,5,5,5,8,9,10,5,5,5,3,5,5,5,5,5,5,5,5,5,5,2,2,5,5,5,5,4,4,4,4,4,4,4,4,3,3,3,3,3,3,3,3","0.000868082046508789","leiden","edit-xhwikibooks.graphml"
"0.41","0.35","0.24","0.446691443461916","1,1,2,2,2,3,2,3,3,3,2,2,3,3,3,3,3,2,4,2,5,1,3,3,3,3,3,3,1,3,2,4,2,2,4,4,3,3,5,5,5,5,1,1,1,1,5,1,1,1,5,5,5,5,5,1,1,1,1,5,6,5,5,3,3,5,5,5,5,5,1,5,3,3,5,5,5,5,5,5,5,3,3,3,3,7,5,5,5,5,8,9,10,5,5,5,3,5,5,5,5,5,5,5,5,5,5,2,2,5,5,5,5,4,4,4,4,4,4,4,4,3,3,3,3,3,3,3,3","0.000941038131713867","leiden","edit-xhwikibooks.graphml"
"0.4","0.36","0.24","0.439575831024931","1,1,2,2,2,3,2,3,3,3,2,2,3,3,3,3,3,2,5,2,6,1,3,3,3,3,3,3,1,3,2,5,2,2,5,5,4,3,6,6,6,6,1,1,1,1,6,1,1,1,6,6,6,6,6,1,1,1,1,6,7,6,6,3,3,6,6,6,6,6,1,6,3,3,6,6,6,6,6,6,6,3,3,3,3,8,6,6,6,6,9,10,11,6,6,6,3,6,6,6,6,6,6,6,6,6,6,2,2,6,6,6,6,5,5,5,5,5,5,5,5,4,4,4,4,4,4,4,4","0.000888824462890625","leiden","edit-xhwikibooks.graphml"
"0.39","0.37","0.24","0.439575831024931","1,1,2,2,2,3,2,3,3,3,2,2,3,3,3,3,3,2,4,2,5,1,3,3,3,3,3,3,1,3,2,4,2,2,4,4,6,3,5,5,5,5,1,1,1,1,5,1,1,1,5,5,5,5,5,1,1,1,1,5,7,5,5,3,3,5,5,5,5,5,1,5,3,3,5,5,5,5,5,5,5,3,3,3,3,8,5,5,5,5,9,10,11,5,5,5,3,5,5,5,5,5,5,5,5,5,5,2,2,5,5,5,5,4,4,4,4,4,4,4,4,6,6,6,6,6,6,6,6","0.00079798698425293","leiden","edit-xhwikibooks.graphml"
"0.38","0.38","0.24","0.438614728182884","1,1,2,2,2,3,2,3,3,3,2,2,3,3,3,3,3,2,4,2,5,1,3,3,3,3,3,3,1,3,2,4,2,2,4,4,3,3,5,5,5,5,1,1,1,1,5,1,1,1,5,5,5,5,5,1,1,1,1,5,6,5,5,3,3,5,5,5,5,5,1,5,3,3,5,5,5,5,5,5,5,3,3,3,3,7,5,5,5,5,8,9,10,5,5,5,3,5,5,5,5,5,5,5,5,5,5,2,2,5,5,5,5,4,4,4,4,4,4,4,4,3,3,3,3,3,3,3,3","0.000790119171142578","leiden","edit-xhwikibooks.graphml"
"0.37","0.39","0.24","0.439846101914426","1,1,2,2,2,3,2,3,3,3,2,2,3,3,3,3,3,2,4,2,5,1,3,3,3,3,3,3,1,3,2,4,2,2,4,4,3,3,5,5,5,5,1,1,1,1,5,1,1,1,5,5,5,5,5,1,1,1,1,5,6,5,5,3,3,5,5,5,5,5,1,5,3,3,5,5,5,5,5,5,5,3,3,3,3,7,5,5,5,5,8,9,10,5,5,5,3,5,5,5,5,5,5,5,5,5,5,2,2,5,5,5,5,4,4,4,4,4,4,4,4,3,3,3,3,3,3,3,3","0.000807046890258789","leiden","edit-xhwikibooks.graphml"
"0.36","0.4","0.24","0.438683599589421","1,1,2,2,2,3,2,3,3,3,2,2,3,3,3,3,3,2,5,2,6,1,3,3,3,3,3,3,1,3,2,5,2,2,5,5,4,3,6,6,6,6,1,1,1,1,6,1,1,1,6,6,6,6,6,1,1,1,1,6,7,6,6,3,3,6,6,6,6,6,1,6,3,3,6,6,6,6,6,6,6,3,3,3,3,8,6,6,6,6,9,10,11,6,6,6,3,6,6,6,6,6,6,6,6,6,6,2,2,6,6,6,6,5,5,5,5,5,5,5,5,4,4,4,4,4,4,4,4","0.000830173492431641","leiden","edit-xhwikibooks.graphml"
"0.35","0.41","0.24","0.438220320885086","1,1,2,2,2,2,2,3,3,2,2,2,3,3,3,2,2,2,4,2,5,1,3,3,3,3,3,2,1,2,2,4,2,2,4,4,3,3,5,5,5,5,1,1,1,1,5,1,1,1,5,5,5,5,5,1,1,1,1,5,6,5,5,3,3,5,5,5,5,5,1,5,3,3,5,5,5,5,5,5,5,3,2,2,2,7,5,5,5,5,8,9,10,5,5,5,2,5,5,5,5,5,5,5,5,5,5,2,2,5,5,5,5,4,4,4,4,4,4,4,4,3,3,3,3,3,3,3,3","0.000809192657470703","leiden","edit-xhwikibooks.graphml"
"0.34","0.42","0.24","0.437781812497745","1,1,2,2,2,2,2,3,3,2,2,2,3,3,3,2,2,2,4,2,5,1,3,3,3,3,3,2,1,2,2,4,2,2,4,4,3,3,5,5,5,5,1,1,1,1,5,1,1,1,5,5,5,5,5,1,1,1,1,5,6,5,5,3,3,5,5,5,5,5,1,5,3,3,5,5,5,5,5,5,5,3,2,2,2,7,5,5,5,5,8,9,10,5,5,5,2,5,5,5,5,5,5,5,5,5,5,2,2,5,5,5,5,4,4,4,4,4,4,4,4,3,3,3,3,3,3,3,3","0.000804901123046875","leiden","edit-xhwikibooks.graphml"
"0.33","0.43","0.24","0.440208466828997","1,1,2,2,2,2,2,3,3,2,2,2,3,3,3,2,2,2,4,2,5,1,3,3,3,3,3,2,1,2,2,4,2,2,4,4,3,3,5,5,5,5,1,1,1,1,5,1,1,1,5,5,5,5,5,1,1,1,1,5,6,5,5,3,3,5,5,5,5,5,1,5,3,3,5,5,5,5,5,5,5,3,2,2,2,7,5,5,5,5,8,9,10,5,5,5,2,5,5,5,5,5,5,5,5,5,5,2,2,5,5,5,5,4,4,4,4,4,4,4,4,3,3,3,3,3,3,3,3","0.000839948654174805","leiden","edit-xhwikibooks.graphml"
"0.32","0.44","0.24","0.43977053494127","1,1,2,2,2,2,2,3,3,2,2,2,3,3,3,2,2,2,4,2,5,1,3,3,3,3,3,2,1,2,2,4,2,2,4,4,3,3,5,5,5,5,1,1,1,1,5,1,1,1,5,5,5,5,5,1,1,1,1,5,6,5,5,3,3,5,5,5,5,5,1,5,3,3,5,5,5,5,5,5,5,3,2,2,2,7,5,5,5,5,8,9,10,5,5,5,2,5,5,5,5,5,5,5,5,5,5,2,2,5,5,5,5,4,4,4,4,4,4,4,4,3,3,3,3,3,3,3,3","0.000890970230102539","leiden","edit-xhwikibooks.graphml"
"0.31","0.45","0.24","0.439250715536759","1,1,2,2,2,3,2,3,3,3,2,2,3,3,3,4,3,2,5,2,6,1,3,3,3,3,3,4,1,3,2,5,2,2,5,5,7,3,6,6,6,6,1,1,1,1,6,1,1,1,6,6,6,6,6,1,1,1,1,6,8,6,6,3,3,6,6,6,6,6,1,6,3,3,6,6,6,6,6,6,6,3,4,4,4,9,6,6,6,6,10,11,12,6,6,6,4,6,6,6,6,6,6,6,6,6,6,2,2,6,6,6,6,5,5,5,5,5,5,5,5,7,7,7,7,7,7,7,7","0.00085902214050293","leiden","edit-xhwikibooks.graphml"
"0.3","0.46","0.24","0.438808465529112","1,1,2,2,2,3,2,3,3,3,2,2,3,3,3,5,3,2,6,2,7,1,3,3,3,3,3,5,1,3,2,6,2,2,6,6,4,3,7,7,7,7,1,1,1,1,7,1,1,1,7,7,7,7,7,1,1,1,1,7,8,7,7,3,3,7,7,7,7,7,1,7,3,3,7,7,7,7,7,7,7,3,5,5,5,9,7,7,7,7,10,11,12,7,7,7,5,7,7,7,7,7,7,7,7,7,7,2,2,7,7,7,7,6,6,6,6,6,6,6,6,4,4,4,4,4,4,4,4","0.000869035720825195","leiden","edit-xhwikibooks.graphml"
"0.29","0.47","0.24","0.44002352585209","1,1,2,2,2,3,2,3,3,3,2,2,3,3,3,4,3,2,5,2,6,1,3,3,3,3,3,4,1,3,2,5,2,2,5,5,3,3,6,6,6,6,1,1,1,1,6,1,1,1,6,6,6,6,6,1,1,1,1,6,7,6,6,3,3,6,6,6,6,6,1,6,3,3,6,6,6,6,6,6,6,3,4,4,4,8,6,6,6,6,9,10,11,6,6,6,4,6,6,6,6,6,6,6,6,6,6,2,2,6,6,6,6,5,5,5,5,5,5,5,5,3,3,3,3,3,3,3,3","0.000835180282592773","leiden","edit-xhwikibooks.graphml"
"0.28","0.48","0.24","0.439587063259549","1,1,2,2,2,3,2,3,3,3,2,2,3,3,3,4,3,2,5,2,6,1,3,3,3,3,3,4,1,3,2,5,2,2,5,5,3,3,6,6,6,6,1,1,1,1,6,1,1,1,6,6,6,6,6,1,1,1,1,6,7,6,6,3,3,6,6,6,6,6,1,6,3,3,6,6,6,6,6,6,6,3,4,4,4,8,6,6,6,6,9,10,11,6,6,6,4,6,6,6,6,6,6,6,6,6,6,2,2,6,6,6,6,5,5,5,5,5,5,5,5,3,3,3,3,3,3,3,3","0.000978946685791016","leiden","edit-xhwikibooks.graphml"
"0.27","0.49","0.24","0.428765115809553","1,1,2,2,2,3,2,3,3,3,2,2,3,3,3,3,5,2,6,2,7,1,3,3,3,3,3,3,1,8,9,6,2,2,6,6,4,3,7,7,7,7,1,1,1,1,7,1,1,1,7,7,7,7,7,1,1,1,1,7,10,7,7,11,12,7,7,7,7,7,1,7,3,3,7,7,7,7,7,7,7,13,3,3,3,14,7,7,7,7,15,16,17,7,7,7,18,7,7,7,7,7,7,7,7,7,7,19,20,7,7,7,7,6,6,6,6,6,6,6,6,4,4,4,4,4,4,4,4","0.000879049301147461","leiden","edit-xhwikibooks.graphml"
"0.26","0.5","0.24","0.478505262798751","1,1,2,2,2,3,2,3,3,3,2,2,3,3,3,4,5,2,6,2,7,1,3,3,3,3,3,4,1,8,9,6,2,2,6,6,10,3,7,7,7,7,1,1,1,1,7,1,1,1,7,7,7,7,7,1,1,1,1,7,11,7,7,12,13,7,7,7,7,7,1,7,3,3,7,7,7,7,7,7,7,14,4,4,4,15,7,7,7,7,16,17,18,7,7,7,19,7,7,7,7,7,7,7,7,7,7,20,21,7,7,7,7,6,6,6,6,6,6,6,6,10,10,10,10,10,10,10,10","0.000816822052001953","leiden","edit-xhwikibooks.graphml"
"0.25","0.51","0.24","0.478505262798751","1,1,2,2,2,3,2,3,3,3,2,2,3,3,3,4,5,2,6,2,7,1,3,3,3,3,3,4,1,8,9,6,2,2,6,6,10,3,7,7,7,7,1,1,1,1,7,1,1,1,7,7,7,7,7,1,1,1,1,7,11,7,7,12,13,7,7,7,7,7,1,7,3,3,7,7,7,7,7,7,7,14,4,4,4,15,7,7,7,7,16,17,18,7,7,7,19,7,7,7,7,7,7,7,7,7,7,20,21,7,7,7,7,6,6,6,6,6,6,6,6,10,10,10,10,10,10,10,10","0.000822067260742188","leiden","edit-xhwikibooks.graphml"
"0.24","0.52","0.24","0.47957120492067","1,1,2,2,2,3,2,3,3,3,2,2,3,3,3,4,5,2,6,2,7,1,3,3,3,3,3,4,1,8,9,6,2,2,6,6,10,3,7,7,7,7,1,1,1,1,7,1,1,1,7,7,7,7,7,1,1,1,1,7,11,7,7,12,13,7,7,7,7,7,1,7,3,3,7,7,7,7,7,7,7,14,4,4,4,15,7,7,7,7,16,17,18,7,7,7,19,7,7,7,7,7,7,7,7,7,7,20,21,7,7,7,7,6,6,6,6,6,6,6,6,10,10,10,10,10,10,10,10","0.000828981399536133","leiden","edit-xhwikibooks.graphml"
"0.23","0.53","0.24","0.479411091309621","1,1,2,2,2,3,2,3,3,3,2,2,3,3,3,4,5,2,6,2,7,1,3,3,3,3,3,4,1,8,9,6,2,2,6,6,3,3,7,7,7,7,1,1,1,1,7,1,1,1,7,7,7,7,7,1,1,1,1,7,10,7,7,11,12,7,7,7,7,7,1,7,3,3,7,7,7,7,7,7,7,13,4,4,4,14,7,7,7,7,15,16,17,7,7,7,18,7,7,7,7,7,7,7,7,7,7,19,20,7,7,7,7,6,6,6,6,6,6,6,6,3,3,3,3,3,3,3,3","0.000844001770019531","leiden","edit-xhwikibooks.graphml"
"0.22","0.54","0.24","0.480630376914471","1,1,2,2,2,3,2,3,3,3,2,2,3,3,3,4,5,2,6,2,7,1,3,3,3,3,3,4,1,8,9,6,2,2,6,6,10,3,7,7,7,7,1,1,1,1,7,1,1,1,7,7,7,7,7,1,1,1,1,7,11,7,7,12,13,7,7,7,7,7,1,7,3,3,7,7,7,7,7,7,7,14,4,4,4,15,7,7,7,7,16,17,18,7,7,7,19,7,7,7,7,7,7,7,7,7,7,20,21,7,7,7,7,6,6,6,6,6,6,6,6,10,10,10,10,10,10,10,10","0.000912904739379883","leiden","edit-xhwikibooks.graphml"
"0.21","0.55","0.24","0.480188136125461","1,1,2,2,2,3,2,3,3,3,2,2,3,3,3,4,5,2,6,2,7,1,3,3,3,3,3,4,1,8,9,6,2,2,6,6,10,3,7,7,7,7,1,1,1,1,7,1,1,1,7,7,7,7,7,1,1,1,1,7,11,7,7,12,13,7,7,7,7,7,1,7,3,3,7,7,7,7,7,7,7,14,4,4,4,15,7,7,7,7,16,17,18,7,7,7,19,7,7,7,7,7,7,7,7,7,7,20,21,7,7,7,7,6,6,6,6,6,6,6,6,10,10,10,10,10,10,10,10","0.000875949859619141","leiden","edit-xhwikibooks.graphml"
"0.2","0.56","0.24","0.483408227282381","1,1,2,2,2,3,2,3,3,3,2,2,3,3,3,4,5,2,6,2,7,1,3,3,3,3,3,4,1,8,9,6,2,2,6,6,10,3,7,7,7,7,1,1,1,1,7,1,1,1,7,7,7,7,7,1,1,1,1,7,11,7,7,12,13,7,7,7,7,7,1,7,3,3,7,7,7,7,7,7,7,14,4,4,4,15,7,7,7,7,16,17,18,7,7,7,19,7,7,7,7,7,7,7,7,7,7,20,21,7,7,7,7,6,6,6,6,6,6,6,6,10,10,10,10,10,10,10,10","0.000854015350341797","leiden","edit-xhwikibooks.graphml"
"0.19","0.57","0.24","0.48296677335772","1,1,2,2,2,3,2,3,3,3,2,2,3,3,3,4,5,2,6,2,7,1,3,3,3,3,3,4,1,8,9,6,2,2,6,6,10,3,7,7,7,7,1,1,1,1,7,1,1,1,7,7,7,7,7,1,1,1,1,7,11,7,7,12,13,7,7,7,7,7,1,7,3,3,7,7,7,7,7,7,7,14,4,4,4,15,7,7,7,7,16,17,18,7,7,7,19,7,7,7,7,7,7,7,7,7,7,20,21,7,7,7,7,6,6,6,6,6,6,6,6,10,10,10,10,10,10,10,10","0.000847101211547852","leiden","edit-xhwikibooks.graphml"
"0.18","0.58","0.24","0.485004034312893","1,1,2,2,2,3,2,3,3,3,2,2,3,3,3,4,5,2,6,2,7,1,3,3,3,3,3,4,1,8,9,6,2,2,6,6,10,3,7,7,7,7,1,1,1,1,7,1,1,1,7,7,7,7,7,1,1,1,1,7,11,7,7,12,13,7,7,7,7,7,1,7,3,3,7,7,7,7,7,7,7,14,4,4,4,15,7,7,7,7,16,17,18,7,7,7,19,7,7,7,7,7,7,7,7,7,7,20,21,7,7,7,7,6,6,6,6,6,6,6,6,10,10,10,10,10,10,10,10","0.000900983810424805","leiden","edit-xhwikibooks.graphml"
"0.17","0.59","0.24","0.485728105814101","1,1,2,2,2,3,2,3,3,3,2,2,3,3,3,4,5,2,6,2,7,1,3,3,3,3,3,4,1,8,9,6,2,2,6,6,10,3,7,7,7,7,1,1,1,1,7,1,1,1,7,7,7,7,7,1,1,1,1,7,11,7,7,12,13,7,7,7,7,7,1,7,3,3,7,7,7,7,7,7,7,14,4,4,4,15,7,7,7,7,16,17,18,7,7,7,19,7,7,7,7,7,7,7,7,7,7,20,21,7,7,7,7,6,6,6,6,6,6,6,6,10,10,10,10,10,10,10,10","0.000903844833374023","leiden","edit-xhwikibooks.graphml"
"0.16","0.6","0.24","0.487807423827374","1,1,2,2,2,3,2,3,3,3,2,2,3,3,3,4,5,2,6,2,7,1,3,3,3,3,3,4,1,8,9,6,2,2,6,6,10,3,7,7,7,7,1,1,1,1,7,1,1,1,7,7,7,7,7,1,1,1,1,7,11,7,7,12,13,7,7,7,7,7,1,7,3,3,7,7,7,7,7,7,7,14,4,4,4,15,7,7,7,7,16,17,18,7,7,7,19,7,7,7,7,7,7,7,7,7,7,20,21,7,7,7,7,6,6,6,6,6,6,6,6,10,10,10,10,10,10,10,10","0.00096583366394043","leiden","edit-xhwikibooks.graphml"
"0.15","0.61","0.24","0.487367582087495","1,1,2,2,2,3,2,3,3,3,2,2,3,3,3,4,5,2,6,2,7,1,3,3,3,3,3,4,1,8,9,6,2,2,6,6,10,3,7,7,7,7,1,1,1,1,7,1,1,1,7,7,7,7,7,1,1,1,1,7,11,7,7,12,13,7,7,7,7,7,1,7,3,3,7,7,7,7,7,7,7,14,4,4,4,15,7,7,7,7,16,17,18,7,7,7,19,7,7,7,7,7,7,7,7,7,7,20,21,7,7,7,7,6,6,6,6,6,6,6,6,10,10,10,10,10,10,10,10","0.00106406211853027","leiden","edit-xhwikibooks.graphml"
"0.14","0.62","0.24","0.488388549805417","1,1,2,2,2,3,2,3,3,3,2,2,3,3,3,5,6,2,7,2,8,1,3,3,3,3,3,5,1,9,10,7,2,2,7,7,4,3,8,8,8,8,1,1,1,1,8,1,1,1,8,8,8,8,8,1,1,1,1,8,11,8,8,12,13,8,8,8,8,8,1,8,3,3,8,8,8,8,8,8,8,14,5,5,5,15,8,8,8,8,16,17,18,8,8,8,19,8,8,8,8,8,8,8,8,8,8,20,21,8,8,8,8,7,7,7,7,7,7,7,7,4,4,4,4,4,4,4,4","0.000805139541625977","leiden","edit-xhwikibooks.graphml"
"0.13","0.63","0.24","0.487949508096028","1,1,2,2,2,3,2,3,3,3,2,2,3,3,3,4,5,2,6,2,7,1,3,3,3,3,3,4,1,8,9,6,2,2,6,6,10,3,7,7,7,7,1,1,1,1,7,1,1,1,7,7,7,7,7,1,1,1,1,7,11,7,7,12,13,7,7,7,7,7,1,7,3,3,7,7,7,7,7,7,7,14,4,4,4,15,7,7,7,7,16,17,18,7,7,7,19,7,7,7,7,7,7,7,7,7,7,20,21,7,7,7,7,6,6,6,6,6,6,6,6,10,10,10,10,10,10,10,10","0.000816106796264648","leiden","edit-xhwikibooks.graphml"
"0.12","0.64","0.24","0.487949508096028","1,1,2,2,2,3,2,3,3,3,2,2,3,3,3,4,5,2,6,2,7,1,3,3,3,3,3,4,1,8,9,6,2,2,6,6,10,3,7,7,7,7,1,1,1,1,7,1,1,1,7,7,7,7,7,1,1,1,1,7,11,7,7,12,13,7,7,7,7,7,1,7,3,3,7,7,7,7,7,7,7,14,4,4,4,15,7,7,7,7,16,17,18,7,7,7,19,7,7,7,7,7,7,7,7,7,7,20,21,7,7,7,7,6,6,6,6,6,6,6,6,10,10,10,10,10,10,10,10","0.000844955444335938","leiden","edit-xhwikibooks.graphml"
"0.11","0.65","0.24","0.486478045086103","1,1,2,2,2,3,2,3,3,3,2,2,3,3,3,4,5,2,6,2,7,1,3,3,3,3,3,4,1,8,9,6,2,2,6,6,10,3,7,7,7,7,1,1,1,1,7,1,1,1,7,7,7,7,7,1,1,1,1,7,11,7,7,12,13,7,7,7,7,7,1,7,3,3,7,7,7,7,7,7,7,14,4,4,4,15,7,7,7,7,16,17,18,7,7,7,19,7,7,7,7,7,7,7,7,7,7,20,21,7,7,7,7,6,6,6,6,6,6,6,6,10,10,10,10,10,10,10,10","0.000899791717529297","leiden","edit-xhwikibooks.graphml"
"0.1","0.66","0.24","0.486478045086103","1,1,2,2,2,3,2,3,3,3,2,2,3,3,3,4,5,2,6,2,7,1,3,3,3,3,3,4,1,8,9,6,2,2,6,6,10,3,7,7,7,7,1,1,1,1,7,1,1,1,7,7,7,7,7,1,1,1,1,7,11,7,7,12,13,7,7,7,7,7,1,7,3,3,7,7,7,7,7,7,7,14,4,4,4,15,7,7,7,7,16,17,18,7,7,7,19,7,7,7,7,7,7,7,7,7,7,20,21,7,7,7,7,6,6,6,6,6,6,6,6,10,10,10,10,10,10,10,10","0.000808954238891602","leiden","edit-xhwikibooks.graphml"
"0.09","0.67","0.24","0.500649120990977","1,1,2,2,2,3,2,3,3,3,2,2,3,3,3,4,5,2,6,2,7,1,3,3,3,3,3,4,1,8,9,6,2,2,6,6,10,3,7,7,7,7,1,1,1,1,7,1,1,1,7,7,7,7,7,1,1,1,1,7,11,7,7,12,13,7,7,7,7,7,1,7,3,3,7,7,7,7,7,7,7,14,4,4,4,15,7,7,7,7,16,17,18,7,7,7,19,7,7,7,7,7,7,7,7,7,7,20,21,7,7,7,7,6,6,6,6,6,6,6,6,10,10,10,10,10,10,10,10","0.000815153121948242","leiden","edit-xhwikibooks.graphml"
"0.08","0.68","0.24","0.500649120990977","1,1,2,2,2,3,2,3,3,3,2,2,3,3,3,4,5,2,6,2,7,1,3,3,3,3,3,4,1,8,9,6,2,2,6,6,10,3,7,7,7,7,1,1,1,1,7,1,1,1,7,7,7,7,7,1,1,1,1,7,11,7,7,12,13,7,7,7,7,7,1,7,3,3,7,7,7,7,7,7,7,14,4,4,4,15,7,7,7,7,16,17,18,7,7,7,19,7,7,7,7,7,7,7,7,7,7,20,21,7,7,7,7,6,6,6,6,6,6,6,6,10,10,10,10,10,10,10,10","0.000819921493530273","leiden","edit-xhwikibooks.graphml"
"0.07","0.69","0.24","0.497477413291512","1,1,2,2,3,2,3,4,2,2,3,3,4,4,4,2,5,3,6,3,7,1,4,4,4,4,4,2,1,8,9,6,3,3,6,6,4,4,7,7,7,7,1,1,1,1,7,1,1,1,7,7,7,7,7,1,1,1,1,7,10,7,7,11,12,7,7,7,7,7,1,7,4,4,7,7,7,7,7,7,7,13,2,2,2,14,7,7,7,7,15,16,17,7,7,7,18,7,7,7,7,7,7,7,7,7,7,19,20,7,7,7,7,6,6,6,6,6,6,6,6,4,4,4,4,4,4,4,4","0.000809907913208008","leiden","edit-xhwikibooks.graphml"
"0.06","0.7","0.24","0.498461480676775","1,1,2,2,2,3,2,3,3,3,2,2,3,3,3,4,5,2,6,2,7,1,3,3,3,3,3,4,1,8,9,6,2,2,6,6,10,3,7,7,7,7,1,1,1,1,7,1,1,1,7,7,7,7,7,1,1,1,1,7,11,7,7,12,13,7,7,7,7,7,1,7,3,3,7,7,7,7,7,7,7,14,4,4,4,15,7,7,7,7,16,17,18,7,7,7,19,7,7,7,7,7,7,7,7,7,7,20,21,7,7,7,7,6,6,6,6,6,6,6,6,10,10,10,10,10,10,10,10","0.000871181488037109","leiden","edit-xhwikibooks.graphml"
"0.05","0.71","0.24","0.498028503117934","1,1,2,2,3,2,3,4,2,2,3,3,4,4,4,2,5,3,6,3,7,1,4,4,4,4,4,2,1,8,9,6,3,3,6,6,4,4,7,7,7,7,1,1,1,1,7,1,1,1,7,7,7,7,7,1,1,1,1,7,10,7,7,11,12,7,7,7,7,7,1,7,4,4,7,7,7,7,7,7,7,13,2,2,2,14,7,7,7,7,15,16,17,7,7,7,18,7,7,7,7,7,7,7,7,7,7,19,20,7,7,7,7,6,6,6,6,6,6,6,6,4,4,4,4,4,4,4,4","0.000844001770019531","leiden","edit-xhwikibooks.graphml"
"0.04","0.72","0.24","0.499927570009681","1,1,2,2,2,3,2,3,3,3,2,2,3,3,3,4,5,2,6,2,7,1,3,3,3,3,3,4,1,8,9,6,2,2,6,6,10,3,7,7,7,7,1,1,1,1,7,1,1,1,7,7,7,7,7,1,1,1,1,7,11,7,7,12,13,7,7,7,7,7,1,7,3,3,7,7,7,7,7,7,7,14,4,4,4,15,7,7,7,7,16,17,18,7,7,7,19,7,7,7,7,7,7,7,7,7,7,20,21,7,7,7,7,6,6,6,6,6,6,6,6,10,10,10,10,10,10,10,10","0.000890016555786133","leiden","edit-xhwikibooks.graphml"
"0.03","0.73","0.24","0.486970240526637","1,1,1,2,3,2,4,5,2,2,4,6,5,5,5,2,7,8,9,10,11,1,12,5,5,5,5,2,1,13,14,15,10,16,9,9,5,5,11,11,11,11,1,1,1,1,11,1,1,1,11,11,11,11,11,1,1,1,1,11,17,11,11,18,19,11,11,11,11,11,1,11,20,21,11,11,11,11,11,11,11,22,23,24,25,26,11,11,11,11,27,28,29,11,11,11,30,11,11,11,11,11,11,11,11,11,11,31,32,11,11,11,11,9,9,9,9,9,9,9,9,5,5,5,5,5,5,5,5","0.00125908851623535","leiden","edit-xhwikibooks.graphml"
"0.02","0.74","0.24","0.486970240526637","1,1,1,2,3,2,4,5,2,2,4,6,5,5,5,2,7,8,9,10,11,1,12,5,5,5,5,2,1,13,14,15,10,16,9,9,5,5,11,11,11,11,1,1,1,1,11,1,1,1,11,11,11,11,11,1,1,1,1,11,17,11,11,18,19,11,11,11,11,11,1,11,20,21,11,11,11,11,11,11,11,22,23,24,25,26,11,11,11,11,27,28,29,11,11,11,30,11,11,11,11,11,11,11,11,11,11,31,32,11,11,11,11,9,9,9,9,9,9,9,9,5,5,5,5,5,5,5,5","0.00105714797973633","leiden","edit-xhwikibooks.graphml"
"0.01","0.75","0.24","0.489684526496609","1,1,1,2,3,2,4,5,2,2,4,6,5,5,5,2,7,8,9,10,11,1,12,5,5,5,5,2,1,13,14,15,10,16,9,9,5,5,11,11,11,11,1,1,1,1,11,1,1,1,11,11,11,11,11,1,1,1,1,11,17,11,11,18,19,11,11,11,11,11,1,11,20,21,11,11,11,11,11,11,11,22,23,24,25,26,11,11,11,11,27,28,29,11,11,11,30,11,11,11,11,11,11,11,11,11,11,31,32,11,11,11,11,9,9,9,9,9,9,9,9,5,5,5,5,5,5,5,5","0.000946998596191406","leiden","edit-xhwikibooks.graphml"
"0","0.76","0.24","0.493104796738149","1,1,1,2,1,2,3,4,2,2,3,5,4,4,4,2,6,7,8,9,10,1,11,4,4,4,4,2,1,12,13,14,9,15,8,8,4,4,10,10,10,10,1,1,1,1,10,1,1,1,10,10,10,10,10,1,1,1,1,10,16,10,10,17,18,10,10,10,10,10,1,10,19,20,10,10,10,10,10,10,10,21,22,23,24,25,10,10,10,10,26,27,28,10,10,10,29,10,10,10,10,10,10,10,10,10,10,30,31,10,10,10,10,8,8,8,8,8,8,8,8,4,4,4,4,4,4,4,4","0.000880956649780273","leiden","edit-xhwikibooks.graphml"
"0.75","0","0.25","0.448691963126853","1,1,1,2,1,2,4,2,2,2,4,5,2,2,2,2,2,4,4,5,6,1,2,2,2,2,2,2,1,2,4,4,5,5,4,4,3,2,6,6,6,6,1,1,1,1,6,1,1,1,6,6,6,6,6,1,1,1,1,6,2,6,6,2,2,6,6,6,6,6,1,6,2,2,6,6,6,6,6,6,6,2,2,2,2,1,6,6,6,6,2,4,4,6,6,6,2,6,6,6,6,6,6,6,6,6,6,5,5,6,6,6,6,4,4,4,4,4,4,4,4,3,3,3,3,3,3,3,3","0.000748157501220703","leiden","edit-xhwikibooks.graphml"
"0.74","0.01","0.25","0.4088622544221","1,1,1,2,3,2,3,2,2,2,3,3,2,2,2,2,2,3,4,3,5,1,2,2,2,2,2,2,1,2,3,4,3,3,4,4,2,2,5,5,5,5,1,1,1,1,5,1,1,1,5,5,5,5,5,1,1,1,1,5,2,5,5,2,2,5,5,5,5,5,1,5,2,2,5,5,5,5,5,5,5,2,2,2,2,1,5,5,5,5,2,3,4,5,5,5,2,5,5,5,5,5,5,5,5,5,5,3,3,5,5,5,5,4,4,4,4,4,4,4,4,2,2,2,2,2,2,2,2","0.000744819641113281","leiden","edit-xhwikibooks.graphml"
"0.73","0.02","0.25","0.408709868169328","1,1,1,2,1,2,3,2,2,2,3,3,2,2,2,2,2,3,4,3,5,1,2,2,2,2,2,2,1,2,3,4,3,3,4,4,2,2,5,5,5,5,1,1,1,1,5,1,1,1,5,5,5,5,5,1,1,1,1,5,2,5,5,2,2,5,5,5,5,5,1,5,2,2,5,5,5,5,5,5,5,2,2,2,2,1,5,5,5,5,2,3,4,5,5,5,2,5,5,5,5,5,5,5,5,5,5,3,3,5,5,5,5,4,4,4,4,4,4,4,4,2,2,2,2,2,2,2,2","0.000746011734008789","leiden","edit-xhwikibooks.graphml"
"0.72","0.03","0.25","0.408454543652236","1,1,1,2,3,2,3,2,2,2,3,3,2,2,2,2,2,3,4,3,5,1,2,2,2,2,2,2,1,2,3,4,3,3,4,4,2,2,5,5,5,5,1,1,1,1,5,1,1,1,5,5,5,5,5,1,1,1,1,5,2,5,5,2,2,5,5,5,5,5,1,5,2,2,5,5,5,5,5,5,5,2,2,2,2,1,5,5,5,5,2,3,4,5,5,5,2,5,5,5,5,5,5,5,5,5,5,3,3,5,5,5,5,4,4,4,4,4,4,4,4,2,2,2,2,2,2,2,2","0.000731945037841797","leiden","edit-xhwikibooks.graphml"
"0.71","0.04","0.25","0.408454543652236","1,1,1,2,3,2,3,2,2,2,3,3,2,2,2,2,2,3,4,3,5,1,2,2,2,2,2,2,1,2,3,4,3,3,4,4,2,2,5,5,5,5,1,1,1,1,5,1,1,1,5,5,5,5,5,1,1,1,1,5,2,5,5,2,2,5,5,5,5,5,1,5,2,2,5,5,5,5,5,5,5,2,2,2,2,1,5,5,5,5,2,3,4,5,5,5,2,5,5,5,5,5,5,5,5,5,5,3,3,5,5,5,5,4,4,4,4,4,4,4,4,2,2,2,2,2,2,2,2","0.000723123550415039","leiden","edit-xhwikibooks.graphml"
"0.7","0.05","0.25","0.408047577536785","1,1,1,2,3,2,3,2,2,2,3,3,2,2,2,2,2,3,4,3,5,1,2,2,2,2,2,2,1,2,3,4,3,3,4,4,2,2,5,5,5,5,1,1,1,1,5,1,1,1,5,5,5,5,5,1,1,1,1,5,2,5,5,2,2,5,5,5,5,5,1,5,2,2,5,5,5,5,5,5,5,2,2,2,2,1,5,5,5,5,2,3,4,5,5,5,2,5,5,5,5,5,5,5,5,5,5,3,3,5,5,5,5,4,4,4,4,4,4,4,4,2,2,2,2,2,2,2,2","0.000732898712158203","leiden","edit-xhwikibooks.graphml"
"0.69","0.06","0.25","0.408047577536785","1,1,1,2,3,2,3,2,2,2,3,3,2,2,2,2,2,3,4,3,5,1,2,2,2,2,2,2,1,2,3,4,3,3,4,4,2,2,5,5,5,5,1,1,1,1,5,1,1,1,5,5,5,5,5,1,1,1,1,5,2,5,5,2,2,5,5,5,5,5,1,5,2,2,5,5,5,5,5,5,5,2,2,2,2,1,5,5,5,5,2,3,4,5,5,5,2,5,5,5,5,5,5,5,5,5,5,3,3,5,5,5,5,4,4,4,4,4,4,4,4,2,2,2,2,2,2,2,2","0.000751018524169922","leiden","edit-xhwikibooks.graphml"
"0.68","0.07","0.25","0.407641354372124","1,1,1,2,3,2,3,2,2,2,3,3,2,2,2,2,2,3,4,3,5,1,2,2,2,2,2,2,1,2,3,4,3,3,4,4,2,2,5,5,5,5,1,1,1,1,5,1,1,1,5,5,5,5,5,1,1,1,1,5,2,5,5,2,2,5,5,5,5,5,1,5,2,2,5,5,5,5,5,5,5,2,2,2,2,1,5,5,5,5,2,3,4,5,5,5,2,5,5,5,5,5,5,5,5,5,5,3,3,5,5,5,5,4,4,4,4,4,4,4,4,2,2,2,2,2,2,2,2","0.000759124755859375","leiden","edit-xhwikibooks.graphml"
"0.67","0.08","0.25","0.408929423356575","1,1,1,2,3,2,3,2,2,2,3,3,2,2,2,2,2,3,4,3,5,1,2,2,2,2,2,2,1,2,3,4,3,3,4,4,2,2,5,5,5,5,1,1,1,1,5,1,1,1,5,5,5,5,5,1,1,1,1,5,2,5,5,2,2,5,5,5,5,5,1,5,2,2,5,5,5,5,5,5,5,2,2,2,2,1,5,5,5,5,2,3,4,5,5,5,2,5,5,5,5,5,5,5,5,5,5,3,3,5,5,5,5,4,4,4,4,4,4,4,4,2,2,2,2,2,2,2,2","0.000730037689208984","leiden","edit-xhwikibooks.graphml"
"0.66","0.09","0.25","0.408523622948568","1,1,1,2,3,2,3,2,2,2,3,3,2,2,2,2,2,3,4,3,5,1,2,2,2,2,2,2,1,2,3,4,3,3,4,4,2,2,5,5,5,5,1,1,1,1,5,1,1,1,5,5,5,5,5,1,1,1,1,5,2,5,5,2,2,5,5,5,5,5,1,5,2,2,5,5,5,5,5,5,5,2,2,2,2,1,5,5,5,5,2,3,4,5,5,5,2,5,5,5,5,5,5,5,5,5,5,3,3,5,5,5,5,4,4,4,4,4,4,4,4,2,2,2,2,2,2,2,2","0.000895023345947266","leiden","edit-xhwikibooks.graphml"
"0.65","0.1","0.25","0.408523622948568","1,1,1,2,3,2,3,2,2,2,3,3,2,2,2,2,2,3,4,3,5,1,2,2,2,2,2,2,1,2,3,4,3,3,4,4,2,2,5,5,5,5,1,1,1,1,5,1,1,1,5,5,5,5,5,1,1,1,1,5,2,5,5,2,2,5,5,5,5,5,1,5,2,2,5,5,5,5,5,5,5,2,2,2,2,1,5,5,5,5,2,3,4,5,5,5,2,5,5,5,5,5,5,5,5,5,5,3,3,5,5,5,5,4,4,4,4,4,4,4,4,2,2,2,2,2,2,2,2","0.000735998153686523","leiden","edit-xhwikibooks.graphml"
"0.64","0.11","0.25","0.408118560274283","1,1,1,2,3,2,3,2,2,2,3,3,2,2,2,2,2,3,4,3,5,1,2,2,2,2,2,2,1,2,3,4,3,3,4,4,2,2,5,5,5,5,1,1,1,1,5,1,1,1,5,5,5,5,5,1,1,1,1,5,2,5,5,2,2,5,5,5,5,5,1,5,2,2,5,5,5,5,5,5,5,2,2,2,2,1,5,5,5,5,2,3,4,5,5,5,2,5,5,5,5,5,5,5,5,5,5,3,3,5,5,5,5,4,4,4,4,4,4,4,4,2,2,2,2,2,2,2,2","0.000731945037841797","leiden","edit-xhwikibooks.graphml"
"0.63","0.12","0.25","0.410611383828959","1,1,1,2,3,2,3,2,2,2,3,3,2,2,2,2,2,3,4,3,5,1,2,2,2,2,2,2,1,2,3,4,3,3,4,4,2,2,5,5,5,5,1,1,1,1,5,1,1,1,5,5,5,5,5,1,1,1,1,5,2,5,5,2,2,5,5,5,5,5,1,5,2,2,5,5,5,5,5,5,5,2,2,2,2,1,5,5,5,5,2,3,4,5,5,5,2,5,5,5,5,5,5,5,5,5,5,3,3,5,5,5,5,4,4,4,4,4,4,4,4,2,2,2,2,2,2,2,2","0.000718832015991211","leiden","edit-xhwikibooks.graphml"
"0.62","0.13","0.25","0.410206605416675","1,1,1,2,3,2,3,2,2,2,3,3,2,2,2,2,2,3,4,3,5,1,2,2,2,2,2,2,1,2,3,4,3,3,4,4,2,2,5,5,5,5,1,1,1,1,5,1,1,1,5,5,5,5,5,1,1,1,1,5,2,5,5,2,2,5,5,5,5,5,1,5,2,2,5,5,5,5,5,5,5,2,2,2,2,1,5,5,5,5,2,3,4,5,5,5,2,5,5,5,5,5,5,5,5,5,5,3,3,5,5,5,5,4,4,4,4,4,4,4,4,2,2,2,2,2,2,2,2","0.000760078430175781","leiden","edit-xhwikibooks.graphml"
"0.61","0.14","0.25","0.410206605416675","1,1,1,2,3,2,3,2,2,2,3,3,2,2,2,2,2,3,4,3,5,1,2,2,2,2,2,2,1,2,3,4,3,3,4,4,2,2,5,5,5,5,1,1,1,1,5,1,1,1,5,5,5,5,5,1,1,1,1,5,2,5,5,2,2,5,5,5,5,5,1,5,2,2,5,5,5,5,5,5,5,2,2,2,2,1,5,5,5,5,2,3,4,5,5,5,2,5,5,5,5,5,5,5,5,5,5,3,3,5,5,5,5,4,4,4,4,4,4,4,4,2,2,2,2,2,2,2,2","0.000737905502319336","leiden","edit-xhwikibooks.graphml"
"0.6","0.15","0.25","0.413531485338888","1,1,1,2,3,2,3,2,2,2,3,3,2,2,2,2,2,3,4,3,5,1,2,2,2,2,2,2,1,2,3,4,3,3,4,4,2,2,5,5,5,5,1,1,1,1,5,1,1,1,5,5,5,5,5,1,1,1,1,5,2,5,5,2,2,5,5,5,5,5,1,5,2,2,5,5,5,5,5,5,5,2,2,2,2,1,5,5,5,5,2,3,4,5,5,5,2,5,5,5,5,5,5,5,5,5,5,3,3,5,5,5,5,4,4,4,4,4,4,4,4,2,2,2,2,2,2,2,2","0.000772953033447266","leiden","edit-xhwikibooks.graphml"
"0.59","0.16","0.25","0.414784850426975","1,1,1,2,3,2,3,2,2,2,3,3,2,2,2,2,2,3,4,3,5,1,2,2,2,2,2,2,1,2,3,4,3,3,4,4,2,2,5,5,5,5,1,1,1,1,5,1,1,1,5,5,5,5,5,1,1,1,1,5,2,5,5,2,2,5,5,5,5,5,1,5,2,2,5,5,5,5,5,5,5,2,2,2,2,1,5,5,5,5,2,3,4,5,5,5,2,5,5,5,5,5,5,5,5,5,5,3,3,5,5,5,5,4,4,4,4,4,4,4,4,2,2,2,2,2,2,2,2","0.00078582763671875","leiden","edit-xhwikibooks.graphml"
"0.58","0.17","0.25","0.415632369614963","1,1,1,2,3,2,3,2,2,2,3,3,2,2,2,2,2,3,4,3,5,1,2,2,2,2,2,2,1,2,3,4,3,3,4,4,2,2,5,5,5,5,1,1,1,1,5,1,1,1,5,5,5,5,5,1,1,1,1,5,2,5,5,2,2,5,5,5,5,5,1,5,2,2,5,5,5,5,5,5,5,2,2,2,2,1,5,5,5,5,2,3,4,5,5,5,2,5,5,5,5,5,5,5,5,5,5,3,3,5,5,5,5,4,4,4,4,4,4,4,4,2,2,2,2,2,2,2,2","0.000767946243286133","leiden","edit-xhwikibooks.graphml"
"0.57","0.18","0.25","0.415632369614963","1,1,1,2,3,2,3,2,2,2,3,3,2,2,2,2,2,3,4,3,5,1,2,2,2,2,2,2,1,2,3,4,3,3,4,4,2,2,5,5,5,5,1,1,1,1,5,1,1,1,5,5,5,5,5,1,1,1,1,5,2,5,5,2,2,5,5,5,5,5,1,5,2,2,5,5,5,5,5,5,5,2,2,2,2,1,5,5,5,5,2,3,4,5,5,5,2,5,5,5,5,5,5,5,5,5,5,3,3,5,5,5,5,4,4,4,4,4,4,4,4,2,2,2,2,2,2,2,2","0.000778913497924805","leiden","edit-xhwikibooks.graphml"
"0.56","0.19","0.25","0.415228508524259","1,1,1,2,3,2,3,2,2,2,3,3,2,2,2,2,2,3,4,3,5,1,2,2,2,2,2,2,1,2,3,4,3,3,4,4,2,2,5,5,5,5,1,1,1,1,5,1,1,1,5,5,5,5,5,1,1,1,1,5,2,5,5,2,2,5,5,5,5,5,1,5,2,2,5,5,5,5,5,5,5,2,2,2,2,1,5,5,5,5,2,3,4,5,5,5,2,5,5,5,5,5,5,5,5,5,5,3,3,5,5,5,5,4,4,4,4,4,4,4,4,2,2,2,2,2,2,2,2","0.00077509880065918","leiden","edit-xhwikibooks.graphml"
"0.55","0.2","0.25","0.417569947728593","1,1,1,2,3,2,3,2,2,2,3,3,2,2,2,2,2,3,4,3,5,1,2,2,2,2,2,2,1,2,3,4,3,3,4,4,2,2,5,5,5,5,1,1,1,1,5,1,1,1,5,5,5,5,5,1,1,1,1,5,2,5,5,2,2,5,5,5,5,5,1,5,2,2,5,5,5,5,5,5,5,2,2,2,2,1,5,5,5,5,2,3,4,5,5,5,2,5,5,5,5,5,5,5,5,5,5,3,3,5,5,5,5,4,4,4,4,4,4,4,4,2,2,2,2,2,2,2,2","0.000766992568969727","leiden","edit-xhwikibooks.graphml"
"0.54","0.21","0.25","0.417166633344301","1,1,1,2,3,2,3,2,2,2,3,3,2,2,2,2,2,3,4,3,5,1,2,2,2,2,2,2,1,2,3,4,3,3,4,4,2,2,5,5,5,5,1,1,1,1,5,1,1,1,5,5,5,5,5,1,1,1,1,5,2,5,5,2,2,5,5,5,5,5,1,5,2,2,5,5,5,5,5,5,5,2,2,2,2,1,5,5,5,5,2,3,4,5,5,5,2,5,5,5,5,5,5,5,5,5,5,3,3,5,5,5,5,4,4,4,4,4,4,4,4,2,2,2,2,2,2,2,2","0.000772953033447266","leiden","edit-xhwikibooks.graphml"
"0.53","0.22","0.25","0.417166633344301","1,1,1,2,3,2,3,2,2,2,3,3,2,2,2,2,2,3,4,3,5,1,2,2,2,2,2,2,1,2,3,4,3,3,4,4,2,2,5,5,5,5,1,1,1,1,5,1,1,1,5,5,5,5,5,1,1,1,1,5,2,5,5,2,2,5,5,5,5,5,1,5,2,2,5,5,5,5,5,5,5,2,2,2,2,1,5,5,5,5,2,3,4,5,5,5,2,5,5,5,5,5,5,5,5,5,5,3,3,5,5,5,5,4,4,4,4,4,4,4,4,2,2,2,2,2,2,2,2","0.000754117965698242","leiden","edit-xhwikibooks.graphml"
"0.52","0.23","0.25","0.4191546875","1,1,1,2,3,2,3,2,2,2,3,3,2,2,2,2,2,3,4,3,5,1,2,2,2,2,2,2,1,2,3,4,3,3,4,4,2,2,5,5,5,5,1,1,1,1,5,1,1,1,5,5,5,5,5,1,1,1,1,5,2,5,5,2,2,5,5,5,5,5,1,5,2,2,5,5,5,5,5,5,5,2,2,2,2,1,5,5,5,5,2,3,4,5,5,5,2,5,5,5,5,5,5,5,5,5,5,3,3,5,5,5,5,4,4,4,4,4,4,4,4,2,2,2,2,2,2,2,2","0.00088810920715332","leiden","edit-xhwikibooks.graphml"
"0.51","0.24","0.25","0.420378085445627","1,1,1,2,3,2,3,2,2,2,3,3,2,2,2,2,2,3,4,3,5,1,2,2,2,2,2,2,1,2,3,4,3,3,4,4,2,2,5,5,5,5,1,1,1,1,5,1,1,1,5,5,5,5,5,1,1,1,1,5,2,5,5,2,2,5,5,5,5,5,1,5,2,2,5,5,5,5,5,5,5,2,2,2,2,1,5,5,5,5,2,3,4,5,5,5,2,5,5,5,5,5,5,5,5,5,5,3,3,5,5,5,5,4,4,4,4,4,4,4,4,2,2,2,2,2,2,2,2","0.000962018966674805","leiden","edit-xhwikibooks.graphml"
"0.5","0.25","0.25","0.424591617459623","1,1,1,2,3,2,3,2,2,2,3,3,2,2,2,2,2,3,4,3,5,1,2,2,2,2,2,2,1,2,3,4,3,3,4,4,2,2,5,5,5,5,1,1,1,1,5,1,1,1,5,5,5,5,5,1,1,1,1,5,2,5,5,2,2,5,5,5,5,5,1,5,2,2,5,5,5,5,5,5,5,2,2,2,2,1,5,5,5,5,2,3,4,5,5,5,2,5,5,5,5,5,5,5,5,5,5,3,3,5,5,5,5,4,4,4,4,4,4,4,4,2,2,2,2,2,2,2,2","0.000841856002807617","leiden","edit-xhwikibooks.graphml"
"0.49","0.26","0.25","0.410300173213459","1,1,1,1,2,3,2,3,3,3,2,2,3,3,3,3,3,2,4,2,5,1,3,3,3,3,3,3,1,3,2,4,2,2,4,4,3,3,5,5,5,5,1,1,1,1,5,1,1,1,5,5,5,5,5,1,1,1,1,5,6,5,5,3,3,5,5,5,5,5,1,5,3,3,5,5,5,5,5,5,5,3,3,3,3,7,5,5,5,5,8,9,10,5,5,5,3,5,5,5,5,5,5,5,5,5,5,2,2,5,5,5,5,4,4,4,4,4,4,4,4,3,3,3,3,3,3,3,3","0.000789165496826172","leiden","edit-xhwikibooks.graphml"
"0.48","0.27","0.25","0.410300173213459","1,1,1,1,2,3,2,3,3,3,2,2,3,3,3,3,3,2,4,2,5,1,3,3,3,3,3,3,1,3,2,4,2,2,4,4,3,3,5,5,5,5,1,1,1,1,5,1,1,1,5,5,5,5,5,1,1,1,1,5,6,5,5,3,3,5,5,5,5,5,1,5,3,3,5,5,5,5,5,5,5,3,3,3,3,7,5,5,5,5,8,9,10,5,5,5,3,5,5,5,5,5,5,5,5,5,5,2,2,5,5,5,5,4,4,4,4,4,4,4,4,3,3,3,3,3,3,3,3","0.000772953033447266","leiden","edit-xhwikibooks.graphml"
"0.47","0.28","0.25","0.409899924844745","1,1,1,1,2,3,2,3,3,3,2,2,3,3,3,3,3,2,4,2,5,1,3,3,3,3,3,3,1,3,2,4,2,2,4,4,3,3,5,5,5,5,1,1,1,1,5,1,1,1,5,5,5,5,5,1,1,1,1,5,6,5,5,3,3,5,5,5,5,5,1,5,3,3,5,5,5,5,5,5,5,3,3,3,3,7,5,5,5,5,8,9,10,5,5,5,3,5,5,5,5,5,5,5,5,5,5,2,2,5,5,5,5,4,4,4,4,4,4,4,4,3,3,3,3,3,3,3,3","0.000768899917602539","leiden","edit-xhwikibooks.graphml"
"0.46","0.29","0.25","0.412347746962024","1,1,1,1,2,3,2,3,3,3,2,2,3,3,3,3,3,2,4,2,5,1,3,3,3,3,3,3,1,3,2,4,2,2,4,4,3,3,5,5,5,5,1,1,1,1,5,1,1,1,5,5,5,5,5,1,1,1,1,5,6,5,5,3,3,5,5,5,5,5,1,5,3,3,5,5,5,5,5,5,5,3,3,3,3,7,5,5,5,5,8,9,10,5,5,5,3,5,5,5,5,5,5,5,5,5,5,2,2,5,5,5,5,4,4,4,4,4,4,4,4,3,3,3,3,3,3,3,3","0.000782966613769531","leiden","edit-xhwikibooks.graphml"
"0.45","0.3","0.25","0.41194778927268","1,1,1,1,2,3,2,3,3,3,2,2,3,3,3,3,3,2,4,2,5,1,3,3,3,3,3,3,1,3,2,4,2,2,4,4,3,3,5,5,5,5,1,1,1,1,5,1,1,1,5,5,5,5,5,1,1,1,1,5,6,5,5,3,3,5,5,5,5,5,1,5,3,3,5,5,5,5,5,5,5,3,3,3,3,7,5,5,5,5,8,9,10,5,5,5,3,5,5,5,5,5,5,5,5,5,5,2,2,5,5,5,5,4,4,4,4,4,4,4,4,3,3,3,3,3,3,3,3","0.000783920288085938","leiden","edit-xhwikibooks.graphml"
"0.44","0.31","0.25","0.413188575832431","1,1,1,1,2,3,2,3,3,3,2,2,3,3,3,3,3,2,4,2,5,1,3,3,3,3,3,3,1,3,2,4,2,2,4,4,3,3,5,5,5,5,1,1,1,1,5,1,1,1,5,5,5,5,5,1,1,1,1,5,6,5,5,3,3,5,5,5,5,5,1,5,3,3,5,5,5,5,5,5,5,3,3,3,3,7,5,5,5,5,8,9,10,5,5,5,3,5,5,5,5,5,5,5,5,5,5,2,2,5,5,5,5,4,4,4,4,4,4,4,4,3,3,3,3,3,3,3,3","0.000802040100097656","leiden","edit-xhwikibooks.graphml"
"0.43","0.32","0.25","0.4127890625","1,1,1,1,2,3,2,3,3,3,2,2,3,3,3,3,3,2,4,2,5,1,3,3,3,3,3,3,1,3,2,4,2,2,4,4,3,3,5,5,5,5,1,1,1,1,5,1,1,1,5,5,5,5,5,1,1,1,1,5,6,5,5,3,3,5,5,5,5,5,1,5,3,3,5,5,5,5,5,5,5,3,3,3,3,7,5,5,5,5,8,9,10,5,5,5,3,5,5,5,5,5,5,5,5,5,5,2,2,5,5,5,5,4,4,4,4,4,4,4,4,3,3,3,3,3,3,3,3","0.000792026519775391","leiden","edit-xhwikibooks.graphml"
"0.42","0.33","0.25","0.4127890625","1,1,1,1,2,3,2,3,3,3,2,2,3,3,3,3,3,2,4,2,5,1,3,3,3,3,3,3,1,3,2,4,2,2,4,4,3,3,5,5,5,5,1,1,1,1,5,1,1,1,5,5,5,5,5,1,1,1,1,5,6,5,5,3,3,5,5,5,5,5,1,5,3,3,5,5,5,5,5,5,5,3,3,3,3,7,5,5,5,5,8,9,10,5,5,5,3,5,5,5,5,5,5,5,5,5,5,2,2,5,5,5,5,4,4,4,4,4,4,4,4,3,3,3,3,3,3,3,3","0.00078892707824707","leiden","edit-xhwikibooks.graphml"
"0.41","0.34","0.25","0.429447852760736","1,1,1,1,2,3,2,3,3,3,2,2,3,3,3,3,3,2,4,2,5,1,3,3,3,3,3,3,1,3,2,4,2,2,4,4,3,3,5,5,5,5,1,1,1,1,5,1,1,1,5,5,5,5,5,1,1,1,1,5,6,5,5,3,3,5,5,5,5,5,1,5,3,3,5,5,5,5,5,5,5,3,3,3,3,7,5,5,5,5,8,9,10,5,5,5,3,5,5,5,5,5,5,5,5,5,5,2,2,5,5,5,5,4,4,4,4,4,4,4,4,3,3,3,3,3,3,3,3","0.000932931900024414","leiden","edit-xhwikibooks.graphml"
"0.4","0.35","0.25","0.430621635909266","1,1,1,1,2,3,2,3,3,3,2,2,3,3,3,3,3,2,4,2,5,1,3,3,3,3,3,3,1,3,2,4,2,2,4,4,3,3,5,5,5,5,1,1,1,1,5,1,1,1,5,5,5,5,5,1,1,1,1,5,6,5,5,3,3,5,5,5,5,5,1,5,3,3,5,5,5,5,5,5,5,3,3,3,3,7,5,5,5,5,8,9,10,5,5,5,3,5,5,5,5,5,5,5,5,5,5,2,2,5,5,5,5,4,4,4,4,4,4,4,4,3,3,3,3,3,3,3,3","0.00076603889465332","leiden","edit-xhwikibooks.graphml"
"0.39","0.36","0.25","0.430219823847284","1,1,1,1,2,3,2,3,3,3,2,2,3,3,3,3,3,2,4,2,5,1,3,3,3,3,3,3,1,3,2,4,2,2,4,4,3,3,5,5,5,5,1,1,1,1,5,1,1,1,5,5,5,5,5,1,1,1,1,5,6,5,5,3,3,5,5,5,5,5,1,5,3,3,5,5,5,5,5,5,5,3,3,3,3,7,5,5,5,5,8,9,10,5,5,5,3,5,5,5,5,5,5,5,5,5,5,2,2,5,5,5,5,4,4,4,4,4,4,4,4,3,3,3,3,3,3,3,3","0.00103616714477539","leiden","edit-xhwikibooks.graphml"
"0.38","0.37","0.25","0.430219823847284","1,1,1,1,2,3,2,3,3,3,2,2,3,3,3,3,3,2,4,2,5,1,3,3,3,3,3,3,1,3,2,4,2,2,4,4,3,3,5,5,5,5,1,1,1,1,5,1,1,1,5,5,5,5,5,1,1,1,1,5,6,5,5,3,3,5,5,5,5,5,1,5,3,3,5,5,5,5,5,5,5,3,3,3,3,7,5,5,5,5,8,9,10,5,5,5,3,5,5,5,5,5,5,5,5,5,5,2,2,5,5,5,5,4,4,4,4,4,4,4,4,3,3,3,3,3,3,3,3","0.000779867172241211","leiden","edit-xhwikibooks.graphml"
"0.37","0.38","0.25","0.429818688314871","1,1,1,1,2,3,2,3,3,3,2,2,3,3,3,3,3,2,4,2,5,1,3,3,3,3,3,3,1,3,2,4,2,2,4,4,3,3,5,5,5,5,1,1,1,1,5,1,1,1,5,5,5,5,5,1,1,1,1,5,6,5,5,3,3,5,5,5,5,5,1,5,3,3,5,5,5,5,5,5,5,3,3,3,3,7,5,5,5,5,8,9,10,5,5,5,3,5,5,5,5,5,5,5,5,5,5,2,2,5,5,5,5,4,4,4,4,4,4,4,4,3,3,3,3,3,3,3,3","0.00079798698425293","leiden","edit-xhwikibooks.graphml"
"0.36","0.39","0.25","0.430985104977779","1,1,1,1,2,3,2,3,3,3,2,2,3,3,3,3,3,2,4,2,5,1,3,3,3,3,3,3,1,3,2,4,2,2,4,4,3,3,5,5,5,5,1,1,1,1,5,1,1,1,5,5,5,5,5,1,1,1,1,5,6,5,5,3,3,5,5,5,5,5,1,5,3,3,5,5,5,5,5,5,5,3,3,3,3,7,5,5,5,5,8,9,10,5,5,5,3,5,5,5,5,5,5,5,5,5,5,2,2,5,5,5,5,4,4,4,4,4,4,4,4,3,3,3,3,3,3,3,3","0.000748872756958008","leiden","edit-xhwikibooks.graphml"
"0.35","0.4","0.25","0.432765908324009","1,1,1,1,2,3,2,3,3,3,2,2,3,3,3,3,3,2,4,2,5,1,3,3,3,3,3,3,1,3,2,4,2,2,4,4,3,3,5,5,5,5,1,1,1,1,5,1,1,1,5,5,5,5,5,1,1,1,1,5,6,5,5,3,3,5,5,5,5,5,1,5,3,3,5,5,5,5,5,5,5,3,3,3,3,7,5,5,5,5,8,9,10,5,5,5,3,5,5,5,5,5,5,5,5,5,5,2,2,5,5,5,5,4,4,4,4,4,4,4,4,3,3,3,3,3,3,3,3","0.000792026519775391","leiden","edit-xhwikibooks.graphml"
"0.34","0.41","0.25","0.432765908324009","1,1,1,1,2,3,2,3,3,3,2,2,3,3,3,3,3,2,4,2,5,1,3,3,3,3,3,3,1,3,2,4,2,2,4,4,3,3,5,5,5,5,1,1,1,1,5,1,1,1,5,5,5,5,5,1,1,1,1,5,6,5,5,3,3,5,5,5,5,5,1,5,3,3,5,5,5,5,5,5,5,3,3,3,3,7,5,5,5,5,8,9,10,5,5,5,3,5,5,5,5,5,5,5,5,5,5,2,2,5,5,5,5,4,4,4,4,4,4,4,4,3,3,3,3,3,3,3,3","0.000767946243286133","leiden","edit-xhwikibooks.graphml"
"0.33","0.42","0.25","0.432365955097154","1,1,1,1,2,3,2,3,3,3,2,2,3,3,3,3,3,2,4,2,5,1,3,3,3,3,3,3,1,3,2,4,2,2,4,4,3,3,5,5,5,5,1,1,1,1,5,1,1,1,5,5,5,5,5,1,1,1,1,5,6,5,5,3,3,5,5,5,5,5,1,5,3,3,5,5,5,5,5,5,5,3,3,3,3,7,5,5,5,5,8,9,10,5,5,5,3,5,5,5,5,5,5,5,5,5,5,2,2,5,5,5,5,4,4,4,4,4,4,4,4,3,3,3,3,3,3,3,3","0.000808000564575195","leiden","edit-xhwikibooks.graphml"
"0.32","0.43","0.25","0.434597612488522","1,1,1,1,2,3,2,3,3,3,2,2,3,3,3,3,3,2,4,2,5,1,3,3,3,3,3,3,1,3,2,4,2,2,4,4,3,3,5,5,5,5,1,1,1,1,5,1,1,1,5,5,5,5,5,1,1,1,1,5,6,5,5,3,3,5,5,5,5,5,1,5,3,3,5,5,5,5,5,5,5,3,3,3,3,7,5,5,5,5,8,9,10,5,5,5,3,5,5,5,5,5,5,5,5,5,5,2,2,5,5,5,5,4,4,4,4,4,4,4,4,3,3,3,3,3,3,3,3","0.000743865966796875","leiden","edit-xhwikibooks.graphml"
"0.31","0.44","0.25","0.434198183726234","1,1,1,1,2,3,2,3,3,3,2,2,3,3,3,3,3,2,4,2,5,1,3,3,3,3,3,3,1,3,2,4,2,2,4,4,3,3,5,5,5,5,1,1,1,1,5,1,1,1,5,5,5,5,5,1,1,1,1,5,6,5,5,3,3,5,5,5,5,5,1,5,3,3,5,5,5,5,5,5,5,3,3,3,3,7,5,5,5,5,8,9,10,5,5,5,3,5,5,5,5,5,5,5,5,5,5,2,2,5,5,5,5,4,4,4,4,4,4,4,4,3,3,3,3,3,3,3,3","0.000786066055297852","leiden","edit-xhwikibooks.graphml"
"0.3","0.45","0.25","0.436408959368947","1,1,1,1,2,3,2,3,3,3,2,2,3,3,3,3,3,2,4,2,5,1,3,3,3,3,3,3,1,3,2,4,2,2,4,4,3,3,5,5,5,5,1,1,1,1,5,1,1,1,5,5,5,5,5,1,1,1,1,5,6,5,5,3,3,5,5,5,5,5,1,5,3,3,5,5,5,5,5,5,5,3,3,3,3,7,5,5,5,5,8,9,10,5,5,5,3,5,5,5,5,5,5,5,5,5,5,2,2,5,5,5,5,4,4,4,4,4,4,4,4,3,3,3,3,3,3,3,3","0.000784873962402344","leiden","edit-xhwikibooks.graphml"
"0.29","0.46","0.25","0.43601007506828","1,1,1,1,2,3,2,3,3,3,2,2,3,3,3,3,3,2,4,2,5,1,3,3,3,3,3,3,1,3,2,4,2,2,4,4,3,3,5,5,5,5,1,1,1,1,5,1,1,1,5,5,5,5,5,1,1,1,1,5,6,5,5,3,3,5,5,5,5,5,1,5,3,3,5,5,5,5,5,5,5,3,3,3,3,7,5,5,5,5,8,9,10,5,5,5,3,5,5,5,5,5,5,5,5,5,5,2,2,5,5,5,5,4,4,4,4,4,4,4,4,3,3,3,3,3,3,3,3","0.000785112380981445","leiden","edit-xhwikibooks.graphml"
"0.28","0.47","0.25","0.437146175061693","1,1,1,1,2,3,2,3,3,3,2,2,3,3,3,3,3,2,4,2,5,1,3,3,3,3,3,3,1,3,2,4,2,2,4,4,3,3,5,5,5,5,1,1,1,1,5,1,1,1,5,5,5,5,5,1,1,1,1,5,6,5,5,3,3,5,5,5,5,5,1,5,3,3,5,5,5,5,5,5,5,3,3,3,3,7,5,5,5,5,8,9,10,5,5,5,3,5,5,5,5,5,5,5,5,5,5,2,2,5,5,5,5,4,4,4,4,4,4,4,4,3,3,3,3,3,3,3,3","0.000782012939453125","leiden","edit-xhwikibooks.graphml"
"0.27","0.48","0.25","0.436747803597365","1,1,1,1,2,3,2,3,3,3,2,2,3,3,3,3,3,2,4,2,5,1,3,3,3,3,3,3,1,3,2,4,2,2,4,4,3,3,5,5,5,5,1,1,1,1,5,1,1,1,5,5,5,5,5,1,1,1,1,5,6,5,5,3,3,5,5,5,5,5,1,5,3,3,5,5,5,5,5,5,5,3,3,3,3,7,5,5,5,5,8,9,10,5,5,5,3,5,5,5,5,5,5,5,5,5,5,2,2,5,5,5,5,4,4,4,4,4,4,4,4,3,3,3,3,3,3,3,3","0.000758886337280273","leiden","edit-xhwikibooks.graphml"
"0.26","0.49","0.25","0.436747803597365","1,1,1,1,2,3,2,3,3,3,2,2,3,3,3,3,3,2,4,2,5,1,3,3,3,3,3,3,1,3,2,4,2,2,4,4,3,3,5,5,5,5,1,1,1,1,5,1,1,1,5,5,5,5,5,1,1,1,1,5,6,5,5,3,3,5,5,5,5,5,1,5,3,3,5,5,5,5,5,5,5,3,3,3,3,7,5,5,5,5,8,9,10,5,5,5,3,5,5,5,5,5,5,5,5,5,5,2,2,5,5,5,5,4,4,4,4,4,4,4,4,3,3,3,3,3,3,3,3","0.000889062881469727","leiden","edit-xhwikibooks.graphml"
"0.25","0.5","0.25","0.482337813292699","1,1,1,3,2,3,2,4,4,3,2,2,4,4,4,3,3,2,5,2,6,1,4,4,4,4,4,3,1,3,2,5,2,2,5,5,4,4,6,6,6,6,1,1,1,1,6,1,1,1,6,6,6,6,6,1,1,1,1,6,7,6,6,4,4,6,6,6,6,6,1,6,4,4,6,6,6,6,6,6,6,4,3,3,3,8,6,6,6,6,9,10,11,6,6,6,3,6,6,6,6,6,6,6,6,6,6,2,2,6,6,6,6,5,5,5,5,5,5,5,5,4,4,4,4,4,4,4,4","0.000803947448730469","leiden","edit-xhwikibooks.graphml"
"0.24","0.51","0.25","0.46169218829698","1,1,1,1,2,3,2,3,3,3,2,2,3,3,3,4,5,2,6,2,7,1,3,3,3,3,3,4,1,8,9,6,2,2,6,6,10,3,7,7,7,7,1,1,1,1,7,1,1,1,7,7,7,7,7,1,1,1,1,7,11,7,7,12,13,7,7,7,7,7,1,7,3,3,7,7,7,7,7,7,7,14,4,4,4,15,7,7,7,7,16,17,18,7,7,7,19,7,7,7,7,7,7,7,7,7,7,20,21,7,7,7,7,6,6,6,6,6,6,6,6,10,10,10,10,10,10,10,10","0.000809907913208008","leiden","edit-xhwikibooks.graphml"
"0.23","0.52","0.25","0.461686703705938","1,2,1,1,1,3,1,3,3,3,1,1,3,3,3,4,5,1,6,1,7,2,3,3,3,3,3,4,2,8,9,6,1,1,6,6,10,3,7,7,7,7,2,2,2,2,7,2,2,2,7,7,7,7,7,2,2,2,2,7,11,7,7,12,13,7,7,7,7,7,2,7,3,3,7,7,7,7,7,7,7,14,4,4,4,15,7,7,7,7,16,17,18,7,7,7,19,7,7,7,7,7,7,7,7,7,7,20,21,7,7,7,7,6,6,6,6,6,6,6,6,10,10,10,10,10,10,10,10","0.000817060470581055","leiden","edit-xhwikibooks.graphml"
"0.22","0.53","0.25","0.461284497794193","1,1,1,1,2,3,2,3,3,3,2,2,3,3,3,4,5,2,6,2,7,1,3,3,3,3,3,4,1,8,9,6,2,2,6,6,10,3,7,7,7,7,1,1,1,1,7,1,1,1,7,7,7,7,7,1,1,1,1,7,11,7,7,12,13,7,7,7,7,7,1,7,3,3,7,7,7,7,7,7,7,14,4,4,4,15,7,7,7,7,16,17,18,7,7,7,19,7,7,7,7,7,7,7,7,7,7,20,21,7,7,7,7,6,6,6,6,6,6,6,6,10,10,10,10,10,10,10,10","0.000802993774414062","leiden","edit-xhwikibooks.graphml"
"0.21","0.54","0.25","0.462337731461263","1,2,1,1,1,3,1,3,3,3,1,1,3,3,3,4,5,1,6,1,7,2,3,3,3,3,3,4,2,8,9,6,1,1,6,6,10,3,7,7,7,7,2,2,2,2,7,2,2,2,7,7,7,7,7,2,2,2,2,7,11,7,7,12,13,7,7,7,7,7,2,7,3,3,7,7,7,7,7,7,7,14,4,4,4,15,7,7,7,7,16,17,18,7,7,7,19,7,7,7,7,7,7,7,7,7,7,20,21,7,7,7,7,6,6,6,6,6,6,6,6,10,10,10,10,10,10,10,10","0.000793933868408203","leiden","edit-xhwikibooks.graphml"
"0.2","0.55","0.25","0.462983112458637","1,2,1,1,1,3,1,3,3,3,1,1,3,3,3,4,5,1,6,1,7,2,3,3,3,3,3,4,2,8,9,6,1,1,6,6,10,3,7,7,7,7,2,2,2,2,7,2,2,2,7,7,7,7,7,2,2,2,2,7,11,7,7,12,13,7,7,7,7,7,2,7,3,3,7,7,7,7,7,7,7,14,4,4,4,15,7,7,7,7,16,17,18,7,7,7,19,7,7,7,7,7,7,7,7,7,7,20,21,7,7,7,7,6,6,6,6,6,6,6,6,10,10,10,10,10,10,10,10","0.000808954238891602","leiden","edit-xhwikibooks.graphml"
"0.19","0.56","0.25","0.465123715521904","1,2,1,1,1,3,1,3,3,3,1,1,3,3,3,4,5,1,6,1,7,2,3,3,3,3,3,4,2,8,9,6,1,1,6,6,10,3,7,7,7,7,2,2,2,2,7,2,2,2,7,7,7,7,7,2,2,2,2,7,11,7,7,12,13,7,7,7,7,7,2,7,3,3,7,7,7,7,7,7,7,14,4,4,4,15,7,7,7,7,16,17,18,7,7,7,19,7,7,7,7,7,7,7,7,7,7,20,21,7,7,7,7,6,6,6,6,6,6,6,6,10,10,10,10,10,10,10,10","0.000815153121948242","leiden","edit-xhwikibooks.graphml"
"0.18","0.57","0.25","0.464715689964267","1,2,1,1,1,3,1,3,3,3,1,1,3,3,3,4,5,1,6,1,7,2,3,3,3,3,3,4,2,8,9,6,1,1,6,6,10,3,7,7,7,7,2,2,2,2,7,2,2,2,7,7,7,7,7,2,2,2,2,7,11,7,7,12,13,7,7,7,7,7,2,7,3,3,7,7,7,7,7,7,7,14,4,4,4,15,7,7,7,7,16,17,18,7,7,7,19,7,7,7,7,7,7,7,7,7,7,20,21,7,7,7,7,6,6,6,6,6,6,6,6,10,10,10,10,10,10,10,10","0.000816106796264648","leiden","edit-xhwikibooks.graphml"
"0.17","0.58","0.25","0.466734651952485","1,2,1,1,1,3,1,3,3,3,1,1,3,3,3,4,5,1,6,1,7,2,3,3,3,3,3,4,2,8,9,6,1,1,6,6,10,3,7,7,7,7,2,2,2,2,7,2,2,2,7,7,7,7,7,2,2,2,2,7,11,7,7,12,13,7,7,7,7,7,2,7,3,3,7,7,7,7,7,7,7,14,4,4,4,15,7,7,7,7,16,17,18,7,7,7,19,7,7,7,7,7,7,7,7,7,7,20,21,7,7,7,7,6,6,6,6,6,6,6,6,10,10,10,10,10,10,10,10","0.000768184661865234","leiden","edit-xhwikibooks.graphml"
"0.16","0.59","0.25","0.467453640282001","1,2,1,1,1,3,1,3,3,3,1,1,3,3,3,4,5,1,6,1,7,2,3,3,3,3,3,4,2,8,9,6,1,1,6,6,10,3,7,7,7,7,2,2,2,2,7,2,2,2,7,7,7,7,7,2,2,2,2,7,11,7,7,12,13,7,7,7,7,7,2,7,3,3,7,7,7,7,7,7,7,14,4,4,4,15,7,7,7,7,16,17,18,7,7,7,19,7,7,7,7,7,7,7,7,7,7,20,21,7,7,7,7,6,6,6,6,6,6,6,6,10,10,10,10,10,10,10,10","0.000794887542724609","leiden","edit-xhwikibooks.graphml"
"0.15","0.6","0.25","0.469503345133426","1,2,1,1,1,3,1,3,3,3,1,1,3,3,3,4,5,1,6,1,7,2,3,3,3,3,3,4,2,8,9,6,1,1,6,6,10,3,7,7,7,7,2,2,2,2,7,2,2,2,7,7,7,7,7,2,2,2,2,7,11,7,7,12,13,7,7,7,7,7,2,7,3,3,7,7,7,7,7,7,7,14,4,4,4,15,7,7,7,7,16,17,18,7,7,7,19,7,7,7,7,7,7,7,7,7,7,20,21,7,7,7,7,6,6,6,6,6,6,6,6,10,10,10,10,10,10,10,10","0.000792980194091797","leiden","edit-xhwikibooks.graphml"
"0.14","0.61","0.25","0.469096418484147","1,2,1,1,1,3,1,3,3,3,1,1,3,3,3,5,6,1,7,1,8,2,3,3,3,3,3,5,2,9,10,7,1,1,7,7,4,3,8,8,8,8,2,2,2,2,8,2,2,2,8,8,8,8,8,2,2,2,2,8,11,8,8,12,13,8,8,8,8,8,2,8,3,3,8,8,8,8,8,8,8,14,5,5,5,15,8,8,8,8,16,17,18,8,8,8,19,8,8,8,8,8,8,8,8,8,8,20,21,8,8,8,8,7,7,7,7,7,7,7,7,4,4,4,4,4,4,4,4","0.000798940658569336","leiden","edit-xhwikibooks.graphml"
"0.13","0.62","0.25","0.470120278986865","1,2,1,1,1,3,1,3,3,3,1,1,3,3,3,4,5,1,6,1,7,2,3,3,3,3,3,4,2,8,9,6,1,1,6,6,10,3,7,7,7,7,2,2,2,2,7,2,2,2,7,7,7,7,7,2,2,2,2,7,11,7,7,12,13,7,7,7,7,7,2,7,3,3,7,7,7,7,7,7,7,14,4,4,4,15,7,7,7,7,16,17,18,7,7,7,19,7,7,7,7,7,7,7,7,7,7,20,21,7,7,7,7,6,6,6,6,6,6,6,6,10,10,10,10,10,10,10,10","0.000784158706665039","leiden","edit-xhwikibooks.graphml"
"0.12","0.63","0.25","0.469713964856652","1,2,1,1,1,3,1,3,3,3,1,1,3,3,3,4,5,1,6,1,7,2,3,3,3,3,3,4,2,8,9,6,1,1,6,6,10,3,7,7,7,7,2,2,2,2,7,2,2,2,7,7,7,7,7,2,2,2,2,7,11,7,7,12,13,7,7,7,7,7,2,7,3,3,7,7,7,7,7,7,7,14,4,4,4,15,7,7,7,7,16,17,18,7,7,7,19,7,7,7,7,7,7,7,7,7,7,20,21,7,7,7,7,6,6,6,6,6,6,6,6,10,10,10,10,10,10,10,10","0.000796079635620117","leiden","edit-xhwikibooks.graphml"
"0.11","0.64","0.25","0.469713964856652","1,2,1,1,1,3,1,3,3,3,1,1,3,3,3,4,5,1,6,1,7,2,3,3,3,3,3,4,2,8,9,6,1,1,6,6,10,3,7,7,7,7,2,2,2,2,7,2,2,2,7,7,7,7,7,2,2,2,2,7,11,7,7,12,13,7,7,7,7,7,2,7,3,3,7,7,7,7,7,7,7,14,4,4,4,15,7,7,7,7,16,17,18,7,7,7,19,7,7,7,7,7,7,7,7,7,7,20,21,7,7,7,7,6,6,6,6,6,6,6,6,10,10,10,10,10,10,10,10","0.000789880752563477","leiden","edit-xhwikibooks.graphml"
"0.1","0.65","0.25","0.469308276246604","1,2,1,1,1,3,1,3,3,3,1,1,3,3,3,4,5,1,6,1,7,2,3,3,3,3,3,4,2,8,9,6,1,1,6,6,10,3,7,7,7,7,2,2,2,2,7,2,2,2,7,7,7,7,7,2,2,2,2,7,11,7,7,12,13,7,7,7,7,7,2,7,3,3,7,7,7,7,7,7,7,14,4,4,4,15,7,7,7,7,16,17,18,7,7,7,19,7,7,7,7,7,7,7,7,7,7,20,21,7,7,7,7,6,6,6,6,6,6,6,6,10,10,10,10,10,10,10,10","0.000794172286987305","leiden","edit-xhwikibooks.graphml"
"0.09","0.66","0.25","0.469308276246604","1,2,1,1,1,3,1,3,3,3,1,1,3,3,3,4,5,1,6,1,7,2,3,3,3,3,3,4,2,8,9,6,1,1,6,6,10,3,7,7,7,7,2,2,2,2,7,2,2,2,7,7,7,7,7,2,2,2,2,7,11,7,7,12,13,7,7,7,7,7,2,7,3,3,7,7,7,7,7,7,7,14,4,4,4,15,7,7,7,7,16,17,18,7,7,7,19,7,7,7,7,7,7,7,7,7,7,20,21,7,7,7,7,6,6,6,6,6,6,6,6,10,10,10,10,10,10,10,10","0.00079798698425293","leiden","edit-xhwikibooks.graphml"
"0.08","0.67","0.25","0.483208194691438","1,2,1,1,1,3,1,3,3,3,1,1,3,3,3,4,5,1,6,1,7,2,3,3,3,3,3,4,2,8,9,6,1,1,6,6,10,3,7,7,7,7,2,2,2,2,7,2,2,2,7,7,7,7,7,2,2,2,2,7,11,7,7,12,13,7,7,7,7,7,2,7,3,3,7,7,7,7,7,7,7,14,4,4,4,15,7,7,7,7,16,17,18,7,7,7,19,7,7,7,7,7,7,7,7,7,7,20,21,7,7,7,7,6,6,6,6,6,6,6,6,10,10,10,10,10,10,10,10","0.000797033309936523","leiden","edit-xhwikibooks.graphml"
"0.07","0.68","0.25","0.483208194691438","1,2,1,1,1,3,1,3,3,3,1,1,3,3,3,4,5,1,6,1,7,2,3,3,3,3,3,4,2,8,9,6,1,1,6,6,10,3,7,7,7,7,2,2,2,2,7,2,2,2,7,7,7,7,7,2,2,2,2,7,11,7,7,12,13,7,7,7,7,7,2,7,3,3,7,7,7,7,7,7,7,14,4,4,4,15,7,7,7,7,16,17,18,7,7,7,19,7,7,7,7,7,7,7,7,7,7,20,21,7,7,7,7,6,6,6,6,6,6,6,6,10,10,10,10,10,10,10,10","0.00080108642578125","leiden","edit-xhwikibooks.graphml"
"0.06","0.69","0.25","0.482803084514006","1,2,1,1,1,3,1,3,3,3,1,1,3,3,3,4,5,1,6,1,7,2,3,3,3,3,3,4,2,8,9,6,1,1,6,6,10,3,7,7,7,7,2,2,2,2,7,2,2,2,7,7,7,7,7,2,2,2,2,7,11,7,7,12,13,7,7,7,7,7,2,7,3,3,7,7,7,7,7,7,7,14,4,4,4,15,7,7,7,7,16,17,18,7,7,7,19,7,7,7,7,7,7,7,7,7,7,20,21,7,7,7,7,6,6,6,6,6,6,6,6,10,10,10,10,10,10,10,10","0.000874996185302734","leiden","edit-xhwikibooks.graphml"
"0.05","0.7","0.25","0.483775794375457","1,2,1,1,1,3,1,3,3,3,1,1,3,3,3,4,5,1,6,1,7,2,3,3,3,3,3,4,2,8,9,6,1,1,6,6,10,3,7,7,7,7,2,2,2,2,7,2,2,2,7,7,7,7,7,2,2,2,2,7,11,7,7,12,13,7,7,7,7,7,2,7,3,3,7,7,7,7,7,7,7,14,4,4,4,15,7,7,7,7,16,17,18,7,7,7,19,7,7,7,7,7,7,7,7,7,7,20,21,7,7,7,7,6,6,6,6,6,6,6,6,10,10,10,10,10,10,10,10","0.000823974609375","leiden","edit-xhwikibooks.graphml"
"0.04","0.71","0.25","0.483371313681403","1,2,1,1,1,3,1,3,3,3,1,1,3,3,3,4,5,1,6,1,7,2,3,3,3,3,3,4,2,8,9,6,1,1,6,6,10,3,7,7,7,7,2,2,2,2,7,2,2,2,7,7,7,7,7,2,2,2,2,7,11,7,7,12,13,7,7,7,7,7,2,7,3,3,7,7,7,7,7,7,7,14,4,4,4,15,7,7,7,7,16,17,18,7,7,7,19,7,7,7,7,7,7,7,7,7,7,20,21,7,7,7,7,6,6,6,6,6,6,6,6,10,10,10,10,10,10,10,10","0.00079798698425293","leiden","edit-xhwikibooks.graphml"
"0.03","0.72","0.25","0.485227005054914","1,2,1,1,1,3,1,3,3,3,1,1,3,3,3,4,5,1,6,1,7,2,3,3,3,3,3,4,2,8,9,6,1,1,6,6,10,3,7,7,7,7,2,2,2,2,7,2,2,2,7,7,7,7,7,2,2,2,2,7,11,7,7,12,13,7,7,7,7,7,2,7,3,3,7,7,7,7,7,7,7,14,4,4,4,15,7,7,7,7,16,17,18,7,7,7,19,7,7,7,7,7,7,7,7,7,7,20,21,7,7,7,7,6,6,6,6,6,6,6,6,10,10,10,10,10,10,10,10","0.000812053680419922","leiden","edit-xhwikibooks.graphml"
"0.02","0.73","0.25","0.484823367652678","1,2,1,1,1,3,1,3,3,3,1,1,3,3,3,4,5,1,6,1,7,2,3,3,3,3,3,4,2,8,9,6,1,1,6,6,10,3,7,7,7,7,2,2,2,2,7,2,2,2,7,7,7,7,7,2,2,2,2,7,11,7,7,12,13,7,7,7,7,7,2,7,3,3,7,7,7,7,7,7,7,14,4,4,4,15,7,7,7,7,16,17,18,7,7,7,19,7,7,7,7,7,7,7,7,7,7,20,21,7,7,7,7,6,6,6,6,6,6,6,6,10,10,10,10,10,10,10,10","0.000813007354736328","leiden","edit-xhwikibooks.graphml"
"0.01","0.74","0.25","0.484823367652678","1,2,1,1,1,3,1,3,3,3,1,1,3,3,3,4,5,1,6,1,7,2,3,3,3,3,3,4,2,8,9,6,1,1,6,6,10,3,7,7,7,7,2,2,2,2,7,2,2,2,7,7,7,7,7,2,2,2,2,7,11,7,7,12,13,7,7,7,7,7,2,7,3,3,7,7,7,7,7,7,7,14,4,4,4,15,7,7,7,7,16,17,18,7,7,7,19,7,7,7,7,7,7,7,7,7,7,20,21,7,7,7,7,6,6,6,6,6,6,6,6,10,10,10,10,10,10,10,10","0.000877141952514648","leiden","edit-xhwikibooks.graphml"
"0","0.75","0.25","0.491453911817683","1,1,1,1,1,2,3,2,2,2,3,3,2,2,2,4,5,3,6,3,7,1,2,2,2,2,2,4,1,8,9,6,3,3,6,6,10,2,7,7,7,7,1,1,1,1,7,1,1,1,7,7,7,7,7,1,1,1,1,7,11,7,7,12,13,7,7,7,7,7,1,7,2,2,7,7,7,7,7,7,7,14,4,4,4,15,7,7,7,7,16,17,18,7,7,7,19,7,7,7,7,7,7,7,7,7,7,20,21,7,7,7,7,6,6,6,6,6,6,6,6,10,10,10,10,10,10,10,10","0.000962018966674805","leiden","edit-xhwikibooks.graphml"
"0.74","0","0.26","0.429616185161354","1,1,1,2,1,2,3,2,2,2,3,4,2,2,2,2,2,3,3,4,5,1,2,2,2,2,2,2,1,2,3,3,4,4,3,3,2,2,5,5,5,5,1,1,1,1,5,1,1,1,5,5,5,5,5,1,1,1,1,5,2,5,5,2,2,5,5,5,5,5,1,5,2,2,5,5,5,5,5,5,5,2,2,2,2,1,5,5,5,5,2,3,3,5,5,5,2,5,5,5,5,5,5,5,5,5,5,4,4,5,5,5,5,3,3,3,3,3,3,3,3,2,2,2,2,2,2,2,2","0.000756025314331055","leiden","edit-xhwikibooks.graphml"
"0.73","0.01","0.26","0.429616185161354","1,1,1,2,1,2,3,2,2,2,3,4,2,2,2,2,2,3,3,4,5,1,2,2,2,2,2,2,1,2,3,3,4,4,3,3,2,2,5,5,5,5,1,1,1,1,5,1,1,1,5,5,5,5,5,1,1,1,1,5,2,5,5,2,2,5,5,5,5,5,1,5,2,2,5,5,5,5,5,5,5,2,2,2,2,1,5,5,5,5,2,3,3,5,5,5,2,5,5,5,5,5,5,5,5,5,5,4,4,5,5,5,5,3,3,3,3,3,3,3,3,2,2,2,2,2,2,2,2","0.000732898712158203","leiden","edit-xhwikibooks.graphml"
"0.72","0.02","0.26","0.429713309079333","1,1,1,2,3,2,3,2,2,2,3,3,2,2,2,2,2,3,4,3,5,1,2,2,2,2,2,2,1,2,3,4,3,3,4,4,2,2,5,5,5,5,1,1,1,1,5,1,1,1,5,5,5,5,5,1,1,1,1,5,2,5,5,2,2,5,5,5,5,5,1,5,2,2,5,5,5,5,5,5,5,2,2,2,2,1,5,5,5,5,2,3,4,5,5,5,2,5,5,5,5,5,5,5,5,5,5,3,3,5,5,5,5,4,4,4,4,4,4,4,4,2,2,2,2,2,2,2,2","0.000721931457519531","leiden","edit-xhwikibooks.graphml"
"0.71","0.03","0.26","0.429239049100726","1,1,1,2,1,2,3,2,2,2,3,4,2,2,2,2,2,3,3,4,5,1,2,2,2,2,2,2,1,2,3,3,4,4,3,3,2,2,5,5,5,5,1,1,1,1,5,1,1,1,5,5,5,5,5,1,1,1,1,5,2,5,5,2,2,5,5,5,5,5,1,5,2,2,5,5,5,5,5,5,5,2,2,2,2,1,5,5,5,5,2,3,3,5,5,5,2,5,5,5,5,5,5,5,5,5,5,4,4,5,5,5,5,3,3,3,3,3,3,3,3,2,2,2,2,2,2,2,2","0.000716924667358398","leiden","edit-xhwikibooks.graphml"
"0.7","0.04","0.26","0.429334601988577","1,1,1,2,3,2,3,2,2,2,3,3,2,2,2,2,2,3,4,3,5,1,2,2,2,2,2,2,1,2,3,4,3,3,4,4,2,2,5,5,5,5,1,1,1,1,5,1,1,1,5,5,5,5,5,1,1,1,1,5,2,5,5,2,2,5,5,5,5,5,1,5,2,2,5,5,5,5,5,5,5,2,2,2,2,1,5,5,5,5,2,3,4,5,5,5,2,5,5,5,5,5,5,5,5,5,5,3,3,5,5,5,5,4,4,4,4,4,4,4,4,2,2,2,2,2,2,2,2","0.00072789192199707","leiden","edit-xhwikibooks.graphml"
"0.69","0.05","0.26","0.426414954029205","1,1,1,2,3,2,3,2,2,2,3,3,2,2,2,2,2,3,4,3,5,1,2,2,2,2,2,2,1,2,3,4,3,3,4,4,2,2,5,5,5,5,1,1,1,1,5,1,1,1,5,5,5,5,5,1,1,1,1,5,2,5,5,2,2,5,5,5,5,5,1,5,2,2,5,5,5,5,5,5,5,2,2,2,2,1,5,5,5,5,2,3,4,5,5,5,2,5,5,5,5,5,5,5,5,5,5,3,3,5,5,5,5,4,4,4,4,4,4,4,4,2,2,2,2,2,2,2,2","0.000747919082641602","leiden","edit-xhwikibooks.graphml"
"0.68","0.06","0.26","0.426414954029205","1,1,1,2,3,2,3,2,2,2,3,3,2,2,2,2,2,3,4,3,5,1,2,2,2,2,2,2,1,2,3,4,3,3,4,4,2,2,5,5,5,5,1,1,1,1,5,1,1,1,5,5,5,5,5,1,1,1,1,5,2,5,5,2,2,5,5,5,5,5,1,5,2,2,5,5,5,5,5,5,5,2,2,2,2,1,5,5,5,5,2,3,4,5,5,5,2,5,5,5,5,5,5,5,5,5,5,3,3,5,5,5,5,4,4,4,4,4,4,4,4,2,2,2,2,2,2,2,2","0.000739097595214844","leiden","edit-xhwikibooks.graphml"
"0.67","0.07","0.26","0.426037438572494","1,1,1,2,3,2,3,2,2,2,3,3,2,2,2,2,2,3,4,3,5,1,2,2,2,2,2,2,1,2,3,4,3,3,4,4,2,2,5,5,5,5,1,1,1,1,5,1,1,1,5,5,5,5,5,1,1,1,1,5,2,5,5,2,2,5,5,5,5,5,1,5,2,2,5,5,5,5,5,5,5,2,2,2,2,1,5,5,5,5,2,3,4,5,5,5,2,5,5,5,5,5,5,5,5,5,5,3,3,5,5,5,5,4,4,4,4,4,4,4,4,2,2,2,2,2,2,2,2","0.000795841217041016","leiden","edit-xhwikibooks.graphml"
"0.66","0.08","0.26","0.427142268829302","1,1,1,2,3,2,3,2,2,2,3,3,2,2,2,2,2,3,4,3,5,1,2,2,2,2,2,2,1,2,3,4,3,3,4,4,2,2,5,5,5,5,1,1,1,1,5,1,1,1,5,5,5,5,5,1,1,1,1,5,2,5,5,2,2,5,5,5,5,5,1,5,2,2,5,5,5,5,5,5,5,2,2,2,2,1,5,5,5,5,2,3,4,5,5,5,2,5,5,5,5,5,5,5,5,5,5,3,3,5,5,5,5,4,4,4,4,4,4,4,4,2,2,2,2,2,2,2,2","0.000785112380981445","leiden","edit-xhwikibooks.graphml"
"0.65","0.09","0.26","0.412504498269896","1,1,1,2,3,2,3,2,2,2,3,3,2,2,2,2,2,3,4,3,5,1,2,2,2,2,2,2,1,2,3,4,3,3,4,4,2,2,5,5,5,5,1,1,1,1,5,1,1,1,5,5,5,5,5,1,1,1,1,5,2,5,5,2,2,5,5,5,5,5,1,5,2,2,5,5,5,5,5,5,5,2,2,2,2,1,5,5,5,5,2,3,4,5,5,5,2,5,5,5,5,5,5,5,5,5,5,3,3,5,5,5,5,4,4,4,4,4,4,4,4,2,2,2,2,2,2,2,2","0.000761032104492188","leiden","edit-xhwikibooks.graphml"
"0.64","0.1","0.26","0.412504498269896","1,1,1,2,3,2,3,2,2,2,3,3,2,2,2,2,2,3,4,3,5,1,2,2,2,2,2,2,1,2,3,4,3,3,4,4,2,2,5,5,5,5,1,1,1,1,5,1,1,1,5,5,5,5,5,1,1,1,1,5,2,5,5,2,2,5,5,5,5,5,1,5,2,2,5,5,5,5,5,5,5,2,2,2,2,1,5,5,5,5,2,3,4,5,5,5,2,5,5,5,5,5,5,5,5,5,5,3,3,5,5,5,5,4,4,4,4,4,4,4,4,2,2,2,2,2,2,2,2","0.000774860382080078","leiden","edit-xhwikibooks.graphml"
"0.63","0.11","0.26","0.412129367399382","1,1,1,2,3,2,3,2,2,2,3,3,2,2,2,2,2,3,4,3,5,1,2,2,2,2,2,2,1,2,3,4,3,3,4,4,2,2,5,5,5,5,1,1,1,1,5,1,1,1,5,5,5,5,5,1,1,1,1,5,2,5,5,2,2,5,5,5,5,5,1,5,2,2,5,5,5,5,5,5,5,2,2,2,2,1,5,5,5,5,2,3,4,5,5,5,2,5,5,5,5,5,5,5,5,5,5,3,3,5,5,5,5,4,4,4,4,4,4,4,4,2,2,2,2,2,2,2,2","0.00075984001159668","leiden","edit-xhwikibooks.graphml"
"0.62","0.12","0.26","0.414418320828907","1,1,1,2,3,2,3,2,2,2,3,3,2,2,2,2,2,3,4,3,5,1,2,2,2,2,2,2,1,2,3,4,3,3,4,4,2,2,5,5,5,5,1,1,1,1,5,1,1,1,5,5,5,5,5,1,1,1,1,5,2,5,5,2,2,5,5,5,5,5,1,5,2,2,5,5,5,5,5,5,5,2,2,2,2,1,5,5,5,5,2,3,4,5,5,5,2,5,5,5,5,5,5,5,5,5,5,3,3,5,5,5,5,4,4,4,4,4,4,4,4,2,2,2,2,2,2,2,2","0.000798940658569336","leiden","edit-xhwikibooks.graphml"
"0.61","0.13","0.26","0.392473018035785","1,1,1,2,3,2,3,2,2,2,3,3,2,2,2,2,2,3,4,3,5,1,2,2,2,2,2,2,1,2,3,4,3,3,4,4,2,2,5,5,5,5,1,1,1,1,5,1,1,1,5,5,5,5,5,1,1,1,1,5,2,5,5,2,2,5,5,5,5,5,1,5,2,2,5,5,5,5,5,5,5,2,2,2,2,1,5,5,5,5,2,3,4,5,5,5,2,5,5,5,5,5,5,5,5,5,5,3,3,5,5,5,5,4,4,4,4,4,4,4,4,2,2,2,2,2,2,2,2","0.000845909118652344","leiden","edit-xhwikibooks.graphml"
"0.6","0.14","0.26","0.392473018035785","1,1,1,2,3,2,3,2,2,2,3,3,2,2,2,2,2,3,4,3,5,1,2,2,2,2,2,2,1,2,3,4,3,3,4,4,2,2,5,5,5,5,1,1,1,1,5,1,1,1,5,5,5,5,5,1,1,1,1,5,2,5,5,2,2,5,5,5,5,5,1,5,2,2,5,5,5,5,5,5,5,2,2,2,2,1,5,5,5,5,2,3,4,5,5,5,2,5,5,5,5,5,5,5,5,5,5,3,3,5,5,5,5,4,4,4,4,4,4,4,4,2,2,2,2,2,2,2,2","0.000730991363525391","leiden","edit-xhwikibooks.graphml"
"0.59","0.15","0.26","0.395773105220614","1,1,1,2,3,2,3,2,2,2,3,3,2,2,2,2,2,3,4,3,5,1,2,2,2,2,2,2,1,2,3,4,3,3,4,4,2,2,5,5,5,5,1,1,1,1,5,1,1,1,5,5,5,5,5,1,1,1,1,5,2,5,5,2,2,5,5,5,5,5,1,5,2,2,5,5,5,5,5,5,5,2,2,2,2,1,5,5,5,5,2,3,4,5,5,5,2,5,5,5,5,5,5,5,5,5,5,3,3,5,5,5,5,4,4,4,4,4,4,4,4,2,2,2,2,2,2,2,2","0.000738143920898438","leiden","edit-xhwikibooks.graphml"
"0.58","0.16","0.26","0.397002551020408","1,1,1,2,3,2,3,2,2,2,3,3,2,2,2,2,2,3,4,3,5,1,2,2,2,2,2,2,1,2,3,4,3,3,4,4,2,2,5,5,5,5,1,1,1,1,5,1,1,1,5,5,5,5,5,1,1,1,1,5,2,5,5,2,2,5,5,5,5,5,1,5,2,2,5,5,5,5,5,5,5,2,2,2,2,1,5,5,5,5,2,3,4,5,5,5,2,5,5,5,5,5,5,5,5,5,5,3,3,5,5,5,5,4,4,4,4,4,4,4,4,2,2,2,2,2,2,2,2","0.000730991363525391","leiden","edit-xhwikibooks.graphml"
"0.57","0.17","0.26","0.396638676848381","1,1,1,2,3,2,3,2,2,2,3,3,2,2,2,2,2,3,4,3,5,1,2,2,2,2,2,2,1,2,3,4,3,3,4,4,2,2,5,5,5,5,1,1,1,1,5,1,1,1,5,5,5,5,5,1,1,1,1,5,2,5,5,2,2,5,5,5,5,5,1,5,2,2,5,5,5,5,5,5,5,2,2,2,2,1,5,5,5,5,2,3,4,5,5,5,2,5,5,5,5,5,5,5,5,5,5,3,3,5,5,5,5,4,4,4,4,4,4,4,4,2,2,2,2,2,2,2,2","0.000725984573364258","leiden","edit-xhwikibooks.graphml"
"0.56","0.18","0.26","0.396498704192535","1,1,1,2,1,2,3,2,2,2,3,3,2,2,2,2,2,3,4,3,5,1,2,2,2,2,2,2,1,2,3,4,3,3,4,4,2,2,5,5,5,5,1,1,1,1,5,1,1,1,5,5,5,5,5,1,1,1,1,5,2,5,5,2,2,5,5,5,5,5,1,5,2,2,5,5,5,5,5,5,5,2,2,2,2,1,5,5,5,5,2,3,4,5,5,5,2,5,5,5,5,5,5,5,5,5,5,3,3,5,5,5,5,4,4,4,4,4,4,4,4,2,2,2,2,2,2,2,2","0.00072789192199707","leiden","edit-xhwikibooks.graphml"
"0.55","0.19","0.26","0.395541945712335","1,1,1,2,1,2,3,2,2,2,4,3,2,2,2,2,2,4,4,3,5,1,2,2,2,2,2,2,1,2,4,4,3,3,4,4,2,2,5,5,5,5,1,1,1,1,5,1,1,1,5,5,5,5,5,1,1,1,1,5,2,5,5,2,2,5,5,5,5,5,1,5,2,2,5,5,5,5,5,5,5,2,2,2,2,1,5,5,5,5,2,4,4,5,5,5,2,5,5,5,5,5,5,5,5,5,5,3,3,5,5,5,5,4,4,4,4,4,4,4,4,2,2,2,2,2,2,2,2","0.000768184661865234","leiden","edit-xhwikibooks.graphml"
"0.54","0.2","0.26","0.398595606567687","1,1,1,2,3,2,3,2,2,2,3,3,2,2,2,2,2,3,4,3,5,1,2,2,2,2,2,2,1,2,3,4,3,3,4,4,2,2,5,5,5,5,1,1,1,1,5,1,1,1,5,5,5,5,5,1,1,1,1,5,2,5,5,2,2,5,5,5,5,5,1,5,2,2,5,5,5,5,5,5,5,2,2,2,2,1,5,5,5,5,2,3,4,5,5,5,2,5,5,5,5,5,5,5,5,5,5,3,3,5,5,5,5,4,4,4,4,4,4,4,4,2,2,2,2,2,2,2,2","0.000742912292480469","leiden","edit-xhwikibooks.graphml"
"0.53","0.21","0.26","0.398225552326599","1,1,1,2,3,2,3,2,2,2,3,3,2,2,2,2,2,3,4,3,5,1,2,2,2,2,2,2,1,2,3,4,3,3,4,4,2,2,5,5,5,5,1,1,1,1,5,1,1,1,5,5,5,5,5,1,1,1,1,5,2,5,5,2,2,5,5,5,5,5,1,5,2,2,5,5,5,5,5,5,5,2,2,2,2,1,5,5,5,5,2,3,4,5,5,5,2,5,5,5,5,5,5,5,5,5,5,3,3,5,5,5,5,4,4,4,4,4,4,4,4,2,2,2,2,2,2,2,2","0.000818014144897461","leiden","edit-xhwikibooks.graphml"
"0.52","0.22","0.26","0.398086901719128","1,1,1,2,1,2,3,2,2,2,3,3,2,2,2,2,2,3,4,3,5,1,2,2,2,2,2,2,1,2,3,4,3,3,4,4,2,2,5,5,5,5,1,1,1,1,5,1,1,1,5,5,5,5,5,1,1,1,1,5,2,5,5,2,2,5,5,5,5,5,1,5,2,2,5,5,5,5,5,5,5,2,2,2,2,1,5,5,5,5,2,3,4,5,5,5,2,5,5,5,5,5,5,5,5,5,5,3,3,5,5,5,5,4,4,4,4,4,4,4,4,2,2,2,2,2,2,2,2","0.00078892707824707","leiden","edit-xhwikibooks.graphml"
"0.51","0.23","0.26","0.417917177131983","1,1,1,2,3,2,3,2,2,2,3,3,2,2,2,2,2,3,4,3,5,1,2,2,2,2,2,2,1,2,3,4,3,3,4,4,2,2,5,5,5,5,1,1,1,1,5,1,1,1,5,5,5,5,5,1,1,1,1,5,2,5,5,2,2,5,5,5,5,5,1,5,2,2,5,5,5,5,5,5,5,2,2,2,2,1,5,5,5,5,2,3,4,5,5,5,2,5,5,5,5,5,5,5,5,5,5,3,3,5,5,5,5,4,4,4,4,4,4,4,4,2,2,2,2,2,2,2,2","0.000797033309936523","leiden","edit-xhwikibooks.graphml"
"0.5","0.24","0.26","0.419138070343311","1,1,1,2,3,2,3,2,2,2,3,3,2,2,2,2,2,3,4,3,5,1,2,2,2,2,2,2,1,2,3,4,3,3,4,4,2,2,5,5,5,5,1,1,1,1,5,1,1,1,5,5,5,5,5,1,1,1,1,5,2,5,5,2,2,5,5,5,5,5,1,5,2,2,5,5,5,5,5,5,5,2,2,2,2,1,5,5,5,5,2,3,4,5,5,5,2,5,5,5,5,5,5,5,5,5,5,3,3,5,5,5,5,4,4,4,4,4,4,4,4,2,2,2,2,2,2,2,2","0.000749111175537109","leiden","edit-xhwikibooks.graphml"
"0.49","0.25","0.26","0.423350039211842","1,1,1,2,3,2,3,2,2,2,3,3,2,2,2,2,2,3,4,3,5,1,2,2,2,2,2,2,1,2,3,4,3,3,4,4,2,2,5,5,5,5,1,1,1,1,5,1,1,1,5,5,5,5,5,1,1,1,1,5,2,5,5,2,2,5,5,5,5,5,1,5,2,2,5,5,5,5,5,5,5,2,2,2,2,1,5,5,5,5,2,3,4,5,5,5,2,5,5,5,5,5,5,5,5,5,5,3,3,5,5,5,5,4,4,4,4,4,4,4,4,2,2,2,2,2,2,2,2","0.000731945037841797","leiden","edit-xhwikibooks.graphml"
"0.48","0.26","0.26","0.423350039211842","1,1,1,2,3,2,3,2,2,2,3,3,2,2,2,2,2,3,4,3,5,1,2,2,2,2,2,2,1,2,3,4,3,3,4,4,2,2,5,5,5,5,1,1,1,1,5,1,1,1,5,5,5,5,5,1,1,1,1,5,2,5,5,2,2,5,5,5,5,5,1,5,2,2,5,5,5,5,5,5,5,2,2,2,2,1,5,5,5,5,2,3,4,5,5,5,2,5,5,5,5,5,5,5,5,5,5,3,3,5,5,5,5,4,4,4,4,4,4,4,4,2,2,2,2,2,2,2,2","0.000729084014892578","leiden","edit-xhwikibooks.graphml"
"0.47","0.27","0.26","0.418120845019621","1,1,1,2,3,2,3,2,2,2,3,3,2,2,2,2,2,3,4,3,5,1,2,2,2,2,2,2,1,2,3,4,3,3,4,4,2,2,5,5,5,5,1,1,1,1,5,1,1,1,5,5,5,5,5,1,1,1,1,5,6,5,5,2,2,5,5,5,5,5,1,5,2,2,5,5,5,5,5,5,5,2,2,2,2,7,5,5,5,5,8,9,10,5,5,5,2,5,5,5,5,5,5,5,5,5,5,3,3,5,5,5,5,4,4,4,4,4,4,4,4,2,2,2,2,2,2,2,2","0.00102996826171875","leiden","edit-xhwikibooks.graphml"
"0.46","0.28","0.26","0.417078545739901","1,1,1,2,1,2,3,2,2,2,4,3,2,2,2,2,2,4,4,3,5,1,2,2,2,2,2,2,1,2,4,4,3,3,4,4,2,2,5,5,5,5,1,1,1,1,5,1,1,1,5,5,5,5,5,1,1,1,1,5,6,5,5,2,2,5,5,5,5,5,1,5,2,2,5,5,5,5,5,5,5,2,2,2,2,7,5,5,5,5,8,9,10,5,5,5,2,5,5,5,5,5,5,5,5,5,5,3,3,5,5,5,5,4,4,4,4,4,4,4,4,2,2,2,2,2,2,2,2","0.000778913497924805","leiden","edit-xhwikibooks.graphml"
"0.45","0.29","0.26","0.420088731144632","1,1,1,2,3,2,3,2,2,2,3,3,2,2,2,2,2,3,4,3,5,1,2,2,2,2,2,2,1,2,3,4,3,3,4,4,2,2,5,5,5,5,1,1,1,1,5,1,1,1,5,5,5,5,5,1,1,1,1,5,6,5,5,2,2,5,5,5,5,5,1,5,2,2,5,5,5,5,5,5,5,2,2,2,2,7,5,5,5,5,8,9,10,5,5,5,2,5,5,5,5,5,5,5,5,5,5,3,3,5,5,5,5,4,4,4,4,4,4,4,4,2,2,2,2,2,2,2,2","0.00082707405090332","leiden","edit-xhwikibooks.graphml"
"0.44","0.3","0.26","0.419688871922122","1,1,1,2,3,2,3,2,2,2,3,3,2,2,2,2,2,3,4,3,5,1,2,2,2,2,2,2,1,2,3,4,3,3,4,4,2,2,5,5,5,5,1,1,1,1,5,1,1,1,5,5,5,5,5,1,1,1,1,5,6,5,5,2,2,5,5,5,5,5,1,5,2,2,5,5,5,5,5,5,5,2,2,2,2,7,5,5,5,5,8,9,10,5,5,5,2,5,5,5,5,5,5,5,5,5,5,3,3,5,5,5,5,4,4,4,4,4,4,4,4,2,2,2,2,2,2,2,2","0.000763893127441406","leiden","edit-xhwikibooks.graphml"
"0.43","0.31","0.26","0.413792995958547","1,2,1,1,1,3,1,3,3,3,1,1,3,3,3,3,3,1,4,1,5,2,3,3,3,3,3,3,2,3,1,4,1,1,4,4,3,3,5,5,5,5,2,2,2,2,5,2,2,2,5,5,5,5,5,2,2,2,2,5,6,5,5,3,3,5,5,5,5,5,2,5,3,3,5,5,5,5,5,5,5,3,3,3,3,7,5,5,5,5,8,9,10,5,5,5,3,5,5,5,5,5,5,5,5,5,5,1,1,5,5,5,5,4,4,4,4,4,4,4,4,3,3,3,3,3,3,3,3","0.000815868377685547","leiden","edit-xhwikibooks.graphml"
"0.42","0.32","0.26","0.413570189240117","1,1,1,1,2,3,2,3,3,3,2,2,3,3,3,3,3,2,4,2,5,1,3,3,3,3,3,3,1,3,2,4,2,2,4,4,3,3,5,5,5,5,1,1,1,1,5,1,1,1,5,5,5,5,5,1,1,1,1,5,6,5,5,3,3,5,5,5,5,5,1,5,3,3,5,5,5,5,5,5,5,3,3,3,3,7,5,5,5,5,8,9,10,5,5,5,3,5,5,5,5,5,5,5,5,5,5,2,2,5,5,5,5,4,4,4,4,4,4,4,4,3,3,3,3,3,3,3,3","0.0244369506835938","leiden","edit-xhwikibooks.graphml"
"0.41","0.33","0.26","0.413408498703366","1,1,1,1,1,2,3,2,2,2,3,3,2,2,2,2,2,3,4,3,5,1,2,2,2,2,2,2,1,2,3,4,3,3,4,4,2,2,5,5,5,5,1,1,1,1,5,1,1,1,5,5,5,5,5,1,1,1,1,5,6,5,5,2,2,5,5,5,5,5,1,5,2,2,5,5,5,5,5,5,5,2,2,2,2,7,5,5,5,5,8,9,10,5,5,5,2,5,5,5,5,5,5,5,5,5,5,3,3,5,5,5,5,4,4,4,4,4,4,4,4,2,2,2,2,2,2,2,2","0.00116896629333496","leiden","edit-xhwikibooks.graphml"
"0.4","0.34","0.26","0.43014791254987","1,1,1,1,2,3,2,3,3,3,2,2,3,3,3,3,3,2,4,2,5,1,3,3,3,3,3,3,1,3,2,4,2,2,4,4,3,3,5,5,5,5,1,1,1,1,5,1,1,1,5,5,5,5,5,1,1,1,1,5,6,5,5,3,3,5,5,5,5,5,1,5,3,3,5,5,5,5,5,5,5,3,3,3,3,7,5,5,5,5,8,9,10,5,5,5,3,5,5,5,5,5,5,5,5,5,5,2,2,5,5,5,5,4,4,4,4,4,4,4,4,3,3,3,3,3,3,3,3","0.000869989395141602","leiden","edit-xhwikibooks.graphml"
"0.39","0.35","0.26","0.430219823847284","1,1,1,1,2,3,2,3,3,3,2,2,3,3,3,3,3,2,4,2,5,1,3,3,3,3,3,3,1,3,2,4,2,2,4,4,3,3,5,5,5,5,1,1,1,1,5,1,1,1,5,5,5,5,5,1,1,1,1,5,6,5,5,3,3,5,5,5,5,5,1,5,3,3,5,5,5,5,5,5,5,3,3,3,3,7,5,5,5,5,8,9,10,5,5,5,3,5,5,5,5,5,5,5,5,5,5,2,2,5,5,5,5,4,4,4,4,4,4,4,4,3,3,3,3,3,3,3,3","0.000824928283691406","leiden","edit-xhwikibooks.graphml"
"0.38","0.36","0.26","0.429818688314871","1,1,1,1,2,3,2,3,3,3,2,2,3,3,3,3,3,2,4,2,5,1,3,3,3,3,3,3,1,3,2,4,2,2,4,4,3,3,5,5,5,5,1,1,1,1,5,1,1,1,5,5,5,5,5,1,1,1,1,5,6,5,5,3,3,5,5,5,5,5,1,5,3,3,5,5,5,5,5,5,5,3,3,3,3,7,5,5,5,5,8,9,10,5,5,5,3,5,5,5,5,5,5,5,5,5,5,2,2,5,5,5,5,4,4,4,4,4,4,4,4,3,3,3,3,3,3,3,3","0.000803947448730469","leiden","edit-xhwikibooks.graphml"
"0.37","0.37","0.26","0.429818688314871","1,1,1,1,2,3,2,3,3,3,2,2,3,3,3,3,3,2,4,2,5,1,3,3,3,3,3,3,1,3,2,4,2,2,4,4,3,3,5,5,5,5,1,1,1,1,5,1,1,1,5,5,5,5,5,1,1,1,1,5,6,5,5,3,3,5,5,5,5,5,1,5,3,3,5,5,5,5,5,5,5,3,3,3,3,7,5,5,5,5,8,9,10,5,5,5,3,5,5,5,5,5,5,5,5,5,5,2,2,5,5,5,5,4,4,4,4,4,4,4,4,3,3,3,3,3,3,3,3","0.000808954238891602","leiden","edit-xhwikibooks.graphml"
"0.36","0.38","0.26","0.429418227953027","1,1,1,1,2,3,2,3,3,3,2,2,3,3,3,3,3,2,4,2,5,1,3,3,3,3,3,3,1,3,2,4,2,2,4,4,3,3,5,5,5,5,1,1,1,1,5,1,1,1,5,5,5,5,5,1,1,1,1,5,6,5,5,3,3,5,5,5,5,5,1,5,3,3,5,5,5,5,5,5,5,3,3,3,3,7,5,5,5,5,8,9,10,5,5,5,3,5,5,5,5,5,5,5,5,5,5,2,2,5,5,5,5,4,4,4,4,4,4,4,4,3,3,3,3,3,3,3,3","0.000808954238891602","leiden","edit-xhwikibooks.graphml"
"0.35","0.39","0.26","0.430584473527662","1,1,1,1,2,3,2,3,3,3,2,2,3,3,3,3,3,2,4,2,5,1,3,3,3,3,3,3,1,3,2,4,2,2,4,4,3,3,5,5,5,5,1,1,1,1,5,1,1,1,5,5,5,5,5,1,1,1,1,5,6,5,5,3,3,5,5,5,5,5,1,5,3,3,5,5,5,5,5,5,5,3,3,3,3,7,5,5,5,5,8,9,10,5,5,5,3,5,5,5,5,5,5,5,5,5,5,2,2,5,5,5,5,4,4,4,4,4,4,4,4,3,3,3,3,3,3,3,3","0.00082707405090332","leiden","edit-xhwikibooks.graphml"
"0.34","0.4","0.26","0.432365955097154","1,1,1,1,2,3,2,3,3,3,2,2,3,3,3,3,3,2,4,2,5,1,3,3,3,3,3,3,1,3,2,4,2,2,4,4,3,3,5,5,5,5,1,1,1,1,5,1,1,1,5,5,5,5,5,1,1,1,1,5,6,5,5,3,3,5,5,5,5,5,1,5,3,3,5,5,5,5,5,5,5,3,3,3,3,7,5,5,5,5,8,9,10,5,5,5,3,5,5,5,5,5,5,5,5,5,5,2,2,5,5,5,5,4,4,4,4,4,4,4,4,3,3,3,3,3,3,3,3","0.000864982604980469","leiden","edit-xhwikibooks.graphml"
"0.33","0.41","0.26","0.432365955097154","1,1,1,1,2,3,2,3,3,3,2,2,3,3,3,3,3,2,4,2,5,1,3,3,3,3,3,3,1,3,2,4,2,2,4,4,3,3,5,5,5,5,1,1,1,1,5,1,1,1,5,5,5,5,5,1,1,1,1,5,6,5,5,3,3,5,5,5,5,5,1,5,3,3,5,5,5,5,5,5,5,3,3,3,3,7,5,5,5,5,8,9,10,5,5,5,3,5,5,5,5,5,5,5,5,5,5,2,2,5,5,5,5,4,4,4,4,4,4,4,4,3,3,3,3,3,3,3,3","0.000839948654174805","leiden","edit-xhwikibooks.graphml"
"0.32","0.42","0.26","0.431966667452163","1,1,1,1,2,3,2,3,3,3,2,2,3,3,3,3,3,2,4,2,5,1,3,3,3,3,3,3,1,3,2,4,2,2,4,4,3,3,5,5,5,5,1,1,1,1,5,1,1,1,5,5,5,5,5,1,1,1,1,5,6,5,5,3,3,5,5,5,5,5,1,5,3,3,5,5,5,5,5,5,5,3,3,3,3,7,5,5,5,5,8,9,10,5,5,5,3,5,5,5,5,5,5,5,5,5,5,2,2,5,5,5,5,4,4,4,4,4,4,4,4,3,3,3,3,3,3,3,3","0.000863075256347656","leiden","edit-xhwikibooks.graphml"
"0.31","0.43","0.26","0.434198183726234","1,1,1,1,2,3,2,3,3,3,2,2,3,3,3,3,3,2,4,2,5,1,3,3,3,3,3,3,1,3,2,4,2,2,4,4,3,3,5,5,5,5,1,1,1,1,5,1,1,1,5,5,5,5,5,1,1,1,1,5,6,5,5,3,3,5,5,5,5,5,1,5,3,3,5,5,5,5,5,5,5,3,3,3,3,7,5,5,5,5,8,9,10,5,5,5,3,5,5,5,5,5,5,5,5,5,5,2,2,5,5,5,5,4,4,4,4,4,4,4,4,3,3,3,3,3,3,3,3","0.000845909118652344","leiden","edit-xhwikibooks.graphml"
"0.3","0.44","0.26","0.433799414851542","1,1,1,1,2,3,2,3,3,3,2,2,3,3,3,3,3,2,4,2,5,1,3,3,3,3,3,3,1,3,2,4,2,2,4,4,3,3,5,5,5,5,1,1,1,1,5,1,1,1,5,5,5,5,5,1,1,1,1,5,6,5,5,3,3,5,5,5,5,5,1,5,3,3,5,5,5,5,5,5,5,3,3,3,3,7,5,5,5,5,8,9,10,5,5,5,3,5,5,5,5,5,5,5,5,5,5,2,2,5,5,5,5,4,4,4,4,4,4,4,4,3,3,3,3,3,3,3,3","0.000975131988525391","leiden","edit-xhwikibooks.graphml"
"0.29","0.45","0.26","0.43601007506828","1,1,1,1,2,3,2,3,3,3,2,2,3,3,3,3,3,2,4,2,5,1,3,3,3,3,3,3,1,3,2,4,2,2,4,4,3,3,5,5,5,5,1,1,1,1,5,1,1,1,5,5,5,5,5,1,1,1,1,5,6,5,5,3,3,5,5,5,5,5,1,5,3,3,5,5,5,5,5,5,5,3,3,3,3,7,5,5,5,5,8,9,10,5,5,5,3,5,5,5,5,5,5,5,5,5,5,2,2,5,5,5,5,4,4,4,4,4,4,4,4,3,3,3,3,3,3,3,3","0.000838994979858398","leiden","edit-xhwikibooks.graphml"
"0.28","0.46","0.26","0.435611844970242","1,1,1,1,2,3,2,3,3,3,2,2,3,3,3,3,3,2,4,2,5,1,3,3,3,3,3,3,1,3,2,4,2,2,4,4,3,3,5,5,5,5,1,1,1,1,5,1,1,1,5,5,5,5,5,1,1,1,1,5,6,5,5,3,3,5,5,5,5,5,1,5,3,3,5,5,5,5,5,5,5,3,3,3,3,7,5,5,5,5,8,9,10,5,5,5,3,5,5,5,5,5,5,5,5,5,5,2,2,5,5,5,5,4,4,4,4,4,4,4,4,3,3,3,3,3,3,3,3","0.000850200653076172","leiden","edit-xhwikibooks.graphml"
"0.27","0.47","0.26","0.436747803597365","1,1,1,1,2,3,2,3,3,3,2,2,3,3,3,3,3,2,4,2,5,1,3,3,3,3,3,3,1,3,2,4,2,2,4,4,3,3,5,5,5,5,1,1,1,1,5,1,1,1,5,5,5,5,5,1,1,1,1,5,6,5,5,3,3,5,5,5,5,5,1,5,3,3,5,5,5,5,5,5,5,3,3,3,3,7,5,5,5,5,8,9,10,5,5,5,3,5,5,5,5,5,5,5,5,5,5,2,2,5,5,5,5,4,4,4,4,4,4,4,4,3,3,3,3,3,3,3,3","0.000848054885864258","leiden","edit-xhwikibooks.graphml"
"0.26","0.48","0.26","0.437479193358016","1,1,1,1,2,3,2,3,3,3,2,2,3,3,3,3,3,2,4,2,5,1,3,3,3,3,3,3,1,3,2,4,2,2,4,4,3,3,5,5,5,5,1,1,1,1,5,1,1,1,5,5,5,5,5,1,1,1,1,5,6,5,5,3,3,5,5,5,5,5,1,5,3,3,5,5,5,5,5,5,5,3,3,3,3,7,5,5,5,5,8,9,10,5,5,5,3,5,5,5,5,5,5,5,5,5,5,2,2,5,5,5,5,4,4,4,4,4,4,4,4,3,3,3,3,3,3,3,3","0.000854969024658203","leiden","edit-xhwikibooks.graphml"
"0.25","0.49","0.26","0.437767254530325","1,2,1,1,1,3,1,3,3,3,1,1,3,3,3,3,3,1,4,1,5,2,3,3,3,3,3,3,2,3,1,4,1,1,4,4,3,3,5,5,5,5,2,2,2,2,5,2,2,2,5,5,5,5,5,2,2,2,2,5,6,5,5,3,3,5,5,5,5,5,2,5,3,3,5,5,5,5,5,5,5,3,3,3,3,7,5,5,5,5,8,9,10,5,5,5,3,5,5,5,5,5,5,5,5,5,5,1,1,5,5,5,5,4,4,4,4,4,4,4,4,3,3,3,3,3,3,3,3","0.000844955444335938","leiden","edit-xhwikibooks.graphml"
"0.24","0.5","0.26","0.482337813292699","1,1,1,3,2,3,2,4,4,3,2,2,4,4,4,3,3,2,5,2,6,1,4,4,4,4,4,3,1,3,2,5,2,2,5,5,4,4,6,6,6,6,1,1,1,1,6,1,1,1,6,6,6,6,6,1,1,1,1,6,7,6,6,4,4,6,6,6,6,6,1,6,4,4,6,6,6,6,6,6,6,4,3,3,3,8,6,6,6,6,9,10,11,6,6,6,3,6,6,6,6,6,6,6,6,6,6,2,2,6,6,6,6,5,5,5,5,5,5,5,5,4,4,4,4,4,4,4,4","0.000897884368896484","leiden","edit-xhwikibooks.graphml"
"0.23","0.51","0.26","0.481618168083637","1,1,1,1,2,3,2,3,3,4,2,2,3,3,3,3,4,2,5,2,6,1,3,3,3,3,3,7,1,4,2,5,2,2,5,5,3,3,6,6,6,6,1,1,1,1,6,1,1,1,6,6,6,6,6,1,1,1,1,6,8,6,6,3,3,6,6,6,6,6,1,6,3,3,6,6,6,6,6,6,6,3,7,7,7,9,6,6,6,6,10,11,12,6,6,6,3,6,6,6,6,6,6,6,6,6,6,2,2,6,6,6,6,5,5,5,5,5,5,5,5,3,3,3,3,3,3,3,3","0.000890016555786133","leiden","edit-xhwikibooks.graphml"
"0.22","0.52","0.26","0.482337813292699","1,1,1,2,3,2,3,4,4,2,3,3,4,4,4,2,2,3,5,3,6,1,4,4,4,4,4,2,1,2,3,5,3,3,5,5,4,4,6,6,6,6,1,1,1,1,6,1,1,1,6,6,6,6,6,1,1,1,1,6,7,6,6,4,4,6,6,6,6,6,1,6,4,4,6,6,6,6,6,6,6,4,2,2,2,8,6,6,6,6,9,10,11,6,6,6,2,6,6,6,6,6,6,6,6,6,6,3,3,6,6,6,6,5,5,5,5,5,5,5,5,4,4,4,4,4,4,4,4","0.000895977020263672","leiden","edit-xhwikibooks.graphml"
"0.21","0.53","0.26","0.473483722313067","1,1,1,1,2,3,2,3,3,3,2,2,3,3,3,3,4,2,5,2,6,1,3,3,3,3,3,7,1,8,9,5,2,2,5,5,3,3,6,6,6,6,1,1,1,1,6,1,1,1,6,6,6,6,6,1,1,1,1,6,10,6,6,11,12,6,6,6,6,6,1,6,3,3,6,6,6,6,6,6,6,13,7,7,7,14,6,6,6,6,15,16,17,6,6,6,18,6,6,6,6,6,6,6,6,6,6,19,20,6,6,6,6,5,5,5,5,5,5,5,5,3,3,3,3,3,3,3,3","0.000896215438842773","leiden","edit-xhwikibooks.graphml"
"0.2","0.54","0.26","0.474482924833247","1,2,1,1,1,3,1,3,3,3,1,1,3,3,3,3,5,1,6,1,7,2,3,3,3,3,3,4,2,8,9,6,1,1,6,6,3,3,7,7,7,7,2,2,2,2,7,2,2,2,7,7,7,7,7,2,2,2,2,7,10,7,7,11,12,7,7,7,7,7,2,7,3,3,7,7,7,7,7,7,7,13,4,4,4,14,7,7,7,7,15,16,17,7,7,7,18,7,7,7,7,7,7,7,7,7,7,19,20,7,7,7,7,6,6,6,6,6,6,6,6,3,3,3,3,3,3,3,3","0.000924825668334961","leiden","edit-xhwikibooks.graphml"
"0.19","0.55","0.26","0.474800333754701","1,2,1,1,1,1,1,3,3,1,1,1,3,3,3,1,4,1,5,1,6,2,3,3,3,3,3,1,2,7,8,5,1,1,5,5,3,3,6,6,6,6,2,2,2,2,6,2,2,2,6,6,6,6,6,2,2,2,2,6,9,6,6,10,11,6,6,6,6,6,2,6,3,3,6,6,6,6,6,6,6,12,1,1,1,13,6,6,6,6,14,15,16,6,6,6,17,6,6,6,6,6,6,6,6,6,6,18,19,6,6,6,6,5,5,5,5,5,5,5,5,3,3,3,3,3,3,3,3","0.00104999542236328","leiden","edit-xhwikibooks.graphml"
"0.18","0.56","0.26","0.476966497797617","1,2,1,1,1,3,1,3,3,3,1,1,3,3,3,3,5,1,6,1,7,2,3,3,3,3,3,4,2,8,9,6,1,1,6,6,3,3,7,7,7,7,2,2,2,2,7,2,2,2,7,7,7,7,7,2,2,2,2,7,10,7,7,11,12,7,7,7,7,7,2,7,3,3,7,7,7,7,7,7,7,13,4,4,4,14,7,7,7,7,15,16,17,7,7,7,18,7,7,7,7,7,7,7,7,7,7,19,20,7,7,7,7,6,6,6,6,6,6,6,6,3,3,3,3,3,3,3,3","0.000856161117553711","leiden","edit-xhwikibooks.graphml"
"0.17","0.57","0.26","0.474180804886633","1,2,1,1,1,3,1,3,3,3,1,1,3,3,3,4,5,1,6,1,7,2,3,3,3,3,3,4,2,8,9,6,1,1,6,6,3,3,7,7,7,7,2,2,2,2,7,2,2,2,7,7,7,7,7,2,2,2,2,7,10,7,7,11,12,7,7,7,7,7,2,7,3,3,7,7,7,7,7,7,7,13,4,4,4,14,7,7,7,7,15,16,17,7,7,7,18,7,7,7,7,7,7,7,7,7,7,19,20,7,7,7,7,6,6,6,6,6,6,6,6,3,3,3,3,3,3,3,3","0.000866889953613281","leiden","edit-xhwikibooks.graphml"
"0.16","0.58","0.26","0.476061139255953","1,2,1,1,1,3,1,3,3,3,1,1,3,3,3,4,5,1,6,1,7,2,3,3,3,3,3,4,2,8,9,6,1,1,6,6,3,3,7,7,7,7,2,2,2,2,7,2,2,2,7,7,7,7,7,2,2,2,2,7,10,7,7,11,12,7,7,7,7,7,2,7,3,3,7,7,7,7,7,7,7,13,4,4,4,14,7,7,7,7,15,16,17,7,7,7,18,7,7,7,7,7,7,7,7,7,7,19,20,7,7,7,7,6,6,6,6,6,6,6,6,3,3,3,3,3,3,3,3","0.000943899154663086","leiden","edit-xhwikibooks.graphml"
"0.15","0.59","0.26","0.476756897959184","1,2,1,1,1,3,1,3,3,3,1,1,3,3,3,4,5,1,6,1,7,2,3,3,3,3,3,4,2,8,9,6,1,1,6,6,3,3,7,7,7,7,2,2,2,2,7,2,2,2,7,7,7,7,7,2,2,2,2,7,10,7,7,11,12,7,7,7,7,7,2,7,3,3,7,7,7,7,7,7,7,13,4,4,4,14,7,7,7,7,15,16,17,7,7,7,18,7,7,7,7,7,7,7,7,7,7,19,20,7,7,7,7,6,6,6,6,6,6,6,6,3,3,3,3,3,3,3,3","0.000845909118652344","leiden","edit-xhwikibooks.graphml"
"0.14","0.6","0.26","0.478620621508225","1,2,1,1,1,3,1,3,3,3,1,1,3,3,3,4,5,1,6,1,7,2,3,3,3,3,3,4,2,8,9,6,1,1,6,6,3,3,7,7,7,7,2,2,2,2,7,2,2,2,7,7,7,7,7,2,2,2,2,7,10,7,7,11,12,7,7,7,7,7,2,7,3,3,7,7,7,7,7,7,7,13,4,4,4,14,7,7,7,7,15,16,17,7,7,7,18,7,7,7,7,7,7,7,7,7,7,19,20,7,7,7,7,6,6,6,6,6,6,6,6,3,3,3,3,3,3,3,3","0.000797033309936523","leiden","edit-xhwikibooks.graphml"
"0.13","0.61","0.26","0.475424653061224","1,2,1,1,1,3,1,3,3,3,1,1,3,3,3,4,5,1,6,1,7,2,3,3,3,3,3,4,2,8,9,6,1,1,6,6,3,3,7,7,7,7,2,2,2,2,7,2,2,2,7,7,7,7,7,2,2,2,2,7,10,7,7,11,12,7,7,7,7,7,2,7,3,3,7,7,7,7,7,7,7,13,4,4,4,14,7,7,7,7,15,16,17,7,7,7,18,7,7,7,7,7,7,7,7,7,7,19,20,7,7,7,7,6,6,6,6,6,6,6,6,3,3,3,3,3,3,3,3","0.00080108642578125","leiden","edit-xhwikibooks.graphml"
"0.12","0.62","0.26","0.476431371322533","1,2,1,1,1,3,1,3,3,3,1,1,3,3,3,4,5,1,6,1,7,2,3,3,3,3,3,4,2,8,9,6,1,1,6,6,3,3,7,7,7,7,2,2,2,2,7,2,2,2,7,7,7,7,7,2,2,2,2,7,10,7,7,11,12,7,7,7,7,7,2,7,3,3,7,7,7,7,7,7,7,13,4,4,4,14,7,7,7,7,15,16,17,7,7,7,18,7,7,7,7,7,7,7,7,7,7,19,20,7,7,7,7,6,6,6,6,6,6,6,6,3,3,3,3,3,3,3,3","0.000841856002807617","leiden","edit-xhwikibooks.graphml"
"0.11","0.63","0.26","0.476030678858813","1,2,1,1,1,3,1,3,3,3,1,1,3,3,3,4,5,1,6,1,7,2,3,3,3,3,3,4,2,8,9,6,1,1,6,6,3,3,7,7,7,7,2,2,2,2,7,2,2,2,7,7,7,7,7,2,2,2,2,7,10,7,7,11,12,7,7,7,7,7,2,7,3,3,7,7,7,7,7,7,7,13,4,4,4,14,7,7,7,7,15,16,17,7,7,7,18,7,7,7,7,7,7,7,7,7,7,19,20,7,7,7,7,6,6,6,6,6,6,6,6,3,3,3,3,3,3,3,3","0.00080418586730957","leiden","edit-xhwikibooks.graphml"
"0.1","0.64","0.26","0.476030678858813","1,2,1,1,1,3,1,3,3,3,1,1,3,3,3,4,5,1,6,1,7,2,3,3,3,3,3,4,2,8,9,6,1,1,6,6,3,3,7,7,7,7,2,2,2,2,7,2,2,2,7,7,7,7,7,2,2,2,2,7,10,7,7,11,12,7,7,7,7,7,2,7,3,3,7,7,7,7,7,7,7,13,4,4,4,14,7,7,7,7,15,16,17,7,7,7,18,7,7,7,7,7,7,7,7,7,7,19,20,7,7,7,7,6,6,6,6,6,6,6,6,3,3,3,3,3,3,3,3","0.000884056091308594","leiden","edit-xhwikibooks.graphml"
"0.09","0.65","0.26","0.469308276246604","1,2,1,1,1,3,1,3,3,3,1,1,3,3,3,4,5,1,6,1,7,2,3,3,3,3,3,4,2,8,9,6,1,1,6,6,10,3,7,7,7,7,2,2,2,2,7,2,2,2,7,7,7,7,7,2,2,2,2,7,11,7,7,12,13,7,7,7,7,7,2,7,3,3,7,7,7,7,7,7,7,14,4,4,4,15,7,7,7,7,16,17,18,7,7,7,19,7,7,7,7,7,7,7,7,7,7,20,21,7,7,7,7,6,6,6,6,6,6,6,6,10,10,10,10,10,10,10,10","0.000813007354736328","leiden","edit-xhwikibooks.graphml"
"0.08","0.66","0.26","0.469308276246604","1,2,1,1,1,3,1,3,3,3,1,1,3,3,3,4,5,1,6,1,7,2,3,3,3,3,3,4,2,8,9,6,1,1,6,6,10,3,7,7,7,7,2,2,2,2,7,2,2,2,7,7,7,7,7,2,2,2,2,7,11,7,7,12,13,7,7,7,7,7,2,7,3,3,7,7,7,7,7,7,7,14,4,4,4,15,7,7,7,7,16,17,18,7,7,7,19,7,7,7,7,7,7,7,7,7,7,20,21,7,7,7,7,6,6,6,6,6,6,6,6,10,10,10,10,10,10,10,10","0.000845909118652344","leiden","edit-xhwikibooks.graphml"
"0.07","0.67","0.26","0.483208194691438","1,2,1,1,1,3,1,3,3,3,1,1,3,3,3,4,5,1,6,1,7,2,3,3,3,3,3,4,2,8,9,6,1,1,6,6,10,3,7,7,7,7,2,2,2,2,7,2,2,2,7,7,7,7,7,2,2,2,2,7,11,7,7,12,13,7,7,7,7,7,2,7,3,3,7,7,7,7,7,7,7,14,4,4,4,15,7,7,7,7,16,17,18,7,7,7,19,7,7,7,7,7,7,7,7,7,7,20,21,7,7,7,7,6,6,6,6,6,6,6,6,10,10,10,10,10,10,10,10","0.000903129577636719","leiden","edit-xhwikibooks.graphml"
"0.06","0.68","0.26","0.483208194691438","1,2,1,1,1,3,1,3,3,3,1,1,3,3,3,4,5,1,6,1,7,2,3,3,3,3,3,4,2,8,9,6,1,1,6,6,10,3,7,7,7,7,2,2,2,2,7,2,2,2,7,7,7,7,7,2,2,2,2,7,11,7,7,12,13,7,7,7,7,7,2,7,3,3,7,7,7,7,7,7,7,14,4,4,4,15,7,7,7,7,16,17,18,7,7,7,19,7,7,7,7,7,7,7,7,7,7,20,21,7,7,7,7,6,6,6,6,6,6,6,6,10,10,10,10,10,10,10,10","0.000803947448730469","leiden","edit-xhwikibooks.graphml"
"0.05","0.69","0.26","0.482803084514006","1,2,1,1,1,3,1,3,3,3,1,1,3,3,3,4,5,1,6,1,7,2,3,3,3,3,3,4,2,8,9,6,1,1,6,6,10,3,7,7,7,7,2,2,2,2,7,2,2,2,7,7,7,7,7,2,2,2,2,7,11,7,7,12,13,7,7,7,7,7,2,7,3,3,7,7,7,7,7,7,7,14,4,4,4,15,7,7,7,7,16,17,18,7,7,7,19,7,7,7,7,7,7,7,7,7,7,20,21,7,7,7,7,6,6,6,6,6,6,6,6,10,10,10,10,10,10,10,10","0.000809907913208008","leiden","edit-xhwikibooks.graphml"
"0.04","0.7","0.26","0.483775794375457","1,2,1,1,1,3,1,3,3,3,1,1,3,3,3,4,5,1,6,1,7,2,3,3,3,3,3,4,2,8,9,6,1,1,6,6,10,3,7,7,7,7,2,2,2,2,7,2,2,2,7,7,7,7,7,2,2,2,2,7,11,7,7,12,13,7,7,7,7,7,2,7,3,3,7,7,7,7,7,7,7,14,4,4,4,15,7,7,7,7,16,17,18,7,7,7,19,7,7,7,7,7,7,7,7,7,7,20,21,7,7,7,7,6,6,6,6,6,6,6,6,10,10,10,10,10,10,10,10","0.000863075256347656","leiden","edit-xhwikibooks.graphml"
"0.03","0.71","0.26","0.483371313681403","1,2,1,1,1,3,1,3,3,3,1,1,3,3,3,4,5,1,6,1,7,2,3,3,3,3,3,4,2,8,9,6,1,1,6,6,10,3,7,7,7,7,2,2,2,2,7,2,2,2,7,7,7,7,7,2,2,2,2,7,11,7,7,12,13,7,7,7,7,7,2,7,3,3,7,7,7,7,7,7,7,14,4,4,4,15,7,7,7,7,16,17,18,7,7,7,19,7,7,7,7,7,7,7,7,7,7,20,21,7,7,7,7,6,6,6,6,6,6,6,6,10,10,10,10,10,10,10,10","0.00080418586730957","leiden","edit-xhwikibooks.graphml"
"0.02","0.72","0.26","0.485227005054914","1,2,1,1,1,3,1,3,3,3,1,1,3,3,3,4,5,1,6,1,7,2,3,3,3,3,3,4,2,8,9,6,1,1,6,6,10,3,7,7,7,7,2,2,2,2,7,2,2,2,7,7,7,7,7,2,2,2,2,7,11,7,7,12,13,7,7,7,7,7,2,7,3,3,7,7,7,7,7,7,7,14,4,4,4,15,7,7,7,7,16,17,18,7,7,7,19,7,7,7,7,7,7,7,7,7,7,20,21,7,7,7,7,6,6,6,6,6,6,6,6,10,10,10,10,10,10,10,10","0.000802993774414062","leiden","edit-xhwikibooks.graphml"
"0.01","0.73","0.26","0.484823367652678","1,2,1,1,1,3,1,3,3,3,1,1,3,3,3,4,5,1,6,1,7,2,3,3,3,3,3,4,2,8,9,6,1,1,6,6,10,3,7,7,7,7,2,2,2,2,7,2,2,2,7,7,7,7,7,2,2,2,2,7,11,7,7,12,13,7,7,7,7,7,2,7,3,3,7,7,7,7,7,7,7,14,4,4,4,15,7,7,7,7,16,17,18,7,7,7,19,7,7,7,7,7,7,7,7,7,7,20,21,7,7,7,7,6,6,6,6,6,6,6,6,10,10,10,10,10,10,10,10","0.000807046890258789","leiden","edit-xhwikibooks.graphml"
"0","0.74","0.26","0.488034535963207","1,1,1,1,1,2,3,2,2,2,3,3,2,2,2,4,5,3,6,3,7,1,2,2,2,2,2,4,1,8,9,6,3,3,6,6,10,2,7,7,7,7,1,1,1,1,7,1,1,1,7,7,7,7,7,1,1,1,1,7,11,7,7,12,13,7,7,7,7,7,1,7,2,2,7,7,7,7,7,7,7,14,4,4,4,15,7,7,7,7,16,17,18,7,7,7,19,7,7,7,7,7,7,7,7,7,7,20,21,7,7,7,7,6,6,6,6,6,6,6,6,10,10,10,10,10,10,10,10","0.000864982604980469","leiden","edit-xhwikibooks.graphml"
"0.73","0","0.27","0.429713309079333","1,1,1,2,3,2,3,2,2,2,3,3,2,2,2,2,2,3,4,3,5,1,2,2,2,2,2,2,1,2,3,4,3,3,4,4,2,2,5,5,5,5,1,1,1,1,5,1,1,1,5,5,5,5,5,1,1,1,1,5,2,5,5,2,2,5,5,5,5,5,1,5,2,2,5,5,5,5,5,5,5,2,2,2,2,1,5,5,5,5,2,3,4,5,5,5,2,5,5,5,5,5,5,5,5,5,5,3,3,5,5,5,5,4,4,4,4,4,4,4,4,2,2,2,2,2,2,2,2","0.000782966613769531","leiden","edit-xhwikibooks.graphml"
"0.72","0.01","0.27","0.429713309079333","1,1,1,2,3,2,3,2,2,2,3,3,2,2,2,2,2,3,4,3,5,1,2,2,2,2,2,2,1,2,3,4,3,3,4,4,2,2,5,5,5,5,1,1,1,1,5,1,1,1,5,5,5,5,5,1,1,1,1,5,2,5,5,2,2,5,5,5,5,5,1,5,2,2,5,5,5,5,5,5,5,2,2,2,2,1,5,5,5,5,2,3,4,5,5,5,2,5,5,5,5,5,5,5,5,5,5,3,3,5,5,5,5,4,4,4,4,4,4,4,4,2,2,2,2,2,2,2,2","0.000777959823608398","leiden","edit-xhwikibooks.graphml"
"0.71","0.02","0.27","0.429713309079333","1,1,1,2,3,2,3,2,2,2,3,3,2,2,2,2,2,3,4,3,5,1,2,2,2,2,2,2,1,2,3,4,3,3,4,4,2,2,5,5,5,5,1,1,1,1,5,1,1,1,5,5,5,5,5,1,1,1,1,5,2,5,5,2,2,5,5,5,5,5,1,5,2,2,5,5,5,5,5,5,5,2,2,2,2,1,5,5,5,5,2,3,4,5,5,5,2,5,5,5,5,5,5,5,5,5,5,3,3,5,5,5,5,4,4,4,4,4,4,4,4,2,2,2,2,2,2,2,2","0.000802993774414062","leiden","edit-xhwikibooks.graphml"
"0.7","0.03","0.27","0.429334601988577","1,1,1,2,3,2,3,2,2,2,3,3,2,2,2,2,2,3,4,3,5,1,2,2,2,2,2,2,1,2,3,4,3,3,4,4,2,2,5,5,5,5,1,1,1,1,5,1,1,1,5,5,5,5,5,1,1,1,1,5,2,5,5,2,2,5,5,5,5,5,1,5,2,2,5,5,5,5,5,5,5,2,2,2,2,1,5,5,5,5,2,3,4,5,5,5,2,5,5,5,5,5,5,5,5,5,5,3,3,5,5,5,5,4,4,4,4,4,4,4,4,2,2,2,2,2,2,2,2","0.000803947448730469","leiden","edit-xhwikibooks.graphml"
"0.69","0.04","0.27","0.429334601988577","1,1,1,2,3,2,3,2,2,2,3,3,2,2,2,2,2,3,4,3,5,1,2,2,2,2,2,2,1,2,3,4,3,3,4,4,2,2,5,5,5,5,1,1,1,1,5,1,1,1,5,5,5,5,5,1,1,1,1,5,2,5,5,2,2,5,5,5,5,5,1,5,2,2,5,5,5,5,5,5,5,2,2,2,2,1,5,5,5,5,2,3,4,5,5,5,2,5,5,5,5,5,5,5,5,5,5,3,3,5,5,5,5,4,4,4,4,4,4,4,4,2,2,2,2,2,2,2,2","0.000857830047607422","leiden","edit-xhwikibooks.graphml"
"0.68","0.05","0.27","0.428862506361033","1,1,1,2,1,2,3,2,2,2,3,4,2,2,2,2,2,3,3,4,5,1,2,2,2,2,2,2,1,2,3,3,4,4,3,3,2,2,5,5,5,5,1,1,1,1,5,1,1,1,5,5,5,5,5,1,1,1,1,5,2,5,5,2,2,5,5,5,5,5,1,5,2,2,5,5,5,5,5,5,5,2,2,2,2,1,5,5,5,5,2,3,3,5,5,5,2,5,5,5,5,5,5,5,5,5,5,4,4,5,5,5,5,3,3,3,3,3,3,3,3,2,2,2,2,2,2,2,2","0.000762939453125","leiden","edit-xhwikibooks.graphml"
"0.67","0.06","0.27","0.428956495235436","1,1,1,2,3,2,3,2,2,2,3,3,2,2,2,2,2,3,4,3,5,1,2,2,2,2,2,2,1,2,3,4,3,3,4,4,2,2,5,5,5,5,1,1,1,1,5,1,1,1,5,5,5,5,5,1,1,1,1,5,2,5,5,2,2,5,5,5,5,5,1,5,2,2,5,5,5,5,5,5,5,2,2,2,2,1,5,5,5,5,2,3,4,5,5,5,2,5,5,5,5,5,5,5,5,5,5,3,3,5,5,5,5,4,4,4,4,4,4,4,4,2,2,2,2,2,2,2,2","0.000745058059692383","leiden","edit-xhwikibooks.graphml"
"0.66","0.07","0.27","0.428578987697188","1,1,1,2,3,2,3,2,2,2,3,3,2,2,2,2,2,3,4,3,5,1,2,2,2,2,2,2,1,2,3,4,3,3,4,4,2,2,5,5,5,5,1,1,1,1,5,1,1,1,5,5,5,5,5,1,1,1,1,5,2,5,5,2,2,5,5,5,5,5,1,5,2,2,5,5,5,5,5,5,5,2,2,2,2,1,5,5,5,5,2,3,4,5,5,5,2,5,5,5,5,5,5,5,5,5,5,3,3,5,5,5,5,4,4,4,4,4,4,4,4,2,2,2,2,2,2,2,2","0.000777959823608398","leiden","edit-xhwikibooks.graphml"
"0.65","0.08","0.27","0.429673560760466","1,1,1,2,3,2,3,2,2,2,3,3,2,2,2,2,2,3,4,3,5,1,2,2,2,2,2,2,1,2,3,4,3,3,4,4,2,2,5,5,5,5,1,1,1,1,5,1,1,1,5,5,5,5,5,1,1,1,1,5,2,5,5,2,2,5,5,5,5,5,1,5,2,2,5,5,5,5,5,5,5,2,2,2,2,1,5,5,5,5,2,3,4,5,5,5,2,5,5,5,5,5,5,5,5,5,5,3,3,5,5,5,5,4,4,4,4,4,4,4,4,2,2,2,2,2,2,2,2","0.000761985778808594","leiden","edit-xhwikibooks.graphml"
"0.64","0.09","0.27","0.426765211763647","1,1,1,2,3,2,3,2,2,2,3,3,2,2,2,2,2,3,4,3,5,1,2,2,2,2,2,2,1,2,3,4,3,3,4,4,2,2,5,5,5,5,1,1,1,1,5,1,1,1,5,5,5,5,5,1,1,1,1,5,2,5,5,2,2,5,5,5,5,5,1,5,2,2,5,5,5,5,5,5,5,2,2,2,2,1,5,5,5,5,2,3,4,5,5,5,2,5,5,5,5,5,5,5,5,5,5,3,3,5,5,5,5,4,4,4,4,4,4,4,4,2,2,2,2,2,2,2,2","0.000838994979858398","leiden","edit-xhwikibooks.graphml"
"0.63","0.1","0.27","0.426765211763647","1,1,1,2,3,2,3,2,2,2,3,3,2,2,2,2,2,3,4,3,5,1,2,2,2,2,2,2,1,2,3,4,3,3,4,4,2,2,5,5,5,5,1,1,1,1,5,1,1,1,5,5,5,5,5,1,1,1,1,5,2,5,5,2,2,5,5,5,5,5,1,5,2,2,5,5,5,5,5,5,5,2,2,2,2,1,5,5,5,5,2,3,4,5,5,5,2,5,5,5,5,5,5,5,5,5,5,3,3,5,5,5,5,4,4,4,4,4,4,4,4,2,2,2,2,2,2,2,2","0.000776052474975586","leiden","edit-xhwikibooks.graphml"
"0.62","0.11","0.27","0.426388754929698","1,1,1,2,3,2,3,2,2,2,3,3,2,2,2,2,2,3,4,3,5,1,2,2,2,2,2,2,1,2,3,4,3,3,4,4,2,2,5,5,5,5,1,1,1,1,5,1,1,1,5,5,5,5,5,1,1,1,1,5,2,5,5,2,2,5,5,5,5,5,1,5,2,2,5,5,5,5,5,5,5,2,2,2,2,1,5,5,5,5,2,3,4,5,5,5,2,5,5,5,5,5,5,5,5,5,5,3,3,5,5,5,5,4,4,4,4,4,4,4,4,2,2,2,2,2,2,2,2","0.000764131546020508","leiden","edit-xhwikibooks.graphml"
"0.61","0.12","0.27","0.428549808255418","1,1,1,2,3,2,3,2,2,2,3,3,2,2,2,2,2,3,4,3,5,1,2,2,2,2,2,2,1,2,3,4,3,3,4,4,2,2,5,5,5,5,1,1,1,1,5,1,1,1,5,5,5,5,5,1,1,1,1,5,2,5,5,2,2,5,5,5,5,5,1,5,2,2,5,5,5,5,5,5,5,2,2,2,2,1,5,5,5,5,2,3,4,5,5,5,2,5,5,5,5,5,5,5,5,5,5,3,3,5,5,5,5,4,4,4,4,4,4,4,4,2,2,2,2,2,2,2,2","0.000764131546020508","leiden","edit-xhwikibooks.graphml"
"0.6","0.13","0.27","0.428229626880266","1,1,1,2,3,2,3,2,2,2,3,3,2,2,2,2,2,3,4,3,5,1,2,2,2,2,2,2,1,2,3,4,3,3,4,4,6,2,5,5,5,5,1,1,1,1,5,1,1,1,5,5,5,5,5,1,1,1,1,5,2,5,5,2,2,5,5,5,5,5,1,5,2,2,5,5,5,5,5,5,5,2,2,2,2,1,5,5,5,5,2,3,4,5,5,5,2,5,5,5,5,5,5,5,5,5,5,3,3,5,5,5,5,4,4,4,4,4,4,4,4,6,6,6,6,6,6,6,6","0.000793933868408203","leiden","edit-xhwikibooks.graphml"
"0.59","0.14","0.27","0.428229626880266","1,1,1,2,3,2,3,2,2,2,3,3,2,2,2,2,2,3,4,3,5,1,2,2,2,2,2,2,1,2,3,4,3,3,4,4,6,2,5,5,5,5,1,1,1,1,5,1,1,1,5,5,5,5,5,1,1,1,1,5,2,5,5,2,2,5,5,5,5,5,1,5,2,2,5,5,5,5,5,5,5,2,2,2,2,1,5,5,5,5,2,3,4,5,5,5,2,5,5,5,5,5,5,5,5,5,5,3,3,5,5,5,5,4,4,4,4,4,4,4,4,6,6,6,6,6,6,6,6","0.000761985778808594","leiden","edit-xhwikibooks.graphml"
"0.58","0.15","0.27","0.43112948021528","1,1,1,2,3,2,3,2,2,2,3,3,2,2,2,2,2,3,4,3,5,1,2,2,2,2,2,2,1,2,3,4,3,3,4,4,6,2,5,5,5,5,1,1,1,1,5,1,1,1,5,5,5,5,5,1,1,1,1,5,2,5,5,2,2,5,5,5,5,5,1,5,2,2,5,5,5,5,5,5,5,2,2,2,2,1,5,5,5,5,2,3,4,5,5,5,2,5,5,5,5,5,5,5,5,5,5,3,3,5,5,5,5,4,4,4,4,4,4,4,4,6,6,6,6,6,6,6,6","0.000810146331787109","leiden","edit-xhwikibooks.graphml"
"0.57","0.16","0.27","0.432202018979884","1,1,1,2,3,2,3,2,2,2,3,3,2,2,2,2,2,3,4,3,5,1,2,2,2,2,2,2,1,2,3,4,3,3,4,4,6,2,5,5,5,5,1,1,1,1,5,1,1,1,5,5,5,5,5,1,1,1,1,5,2,5,5,2,2,5,5,5,5,5,1,5,2,2,5,5,5,5,5,5,5,2,2,2,2,1,5,5,5,5,2,3,4,5,5,5,2,5,5,5,5,5,5,5,5,5,5,3,3,5,5,5,5,4,4,4,4,4,4,4,4,6,6,6,6,6,6,6,6","0.000805854797363281","leiden","edit-xhwikibooks.graphml"
"0.56","0.17","0.27","0.418956835163175","1,1,1,2,3,2,3,2,2,2,3,3,2,2,2,2,2,3,4,3,5,1,2,2,2,2,2,2,1,2,3,4,3,3,4,4,2,2,5,5,5,5,1,1,1,1,5,1,1,1,5,5,5,5,5,1,1,1,1,5,2,5,5,2,2,5,5,5,5,5,1,5,2,2,5,5,5,5,5,5,5,2,2,2,2,1,5,5,5,5,2,3,4,5,5,5,2,5,5,5,5,5,5,5,5,5,5,3,3,5,5,5,5,4,4,4,4,4,4,4,4,2,2,2,2,2,2,2,2","0.00107693672180176","leiden","edit-xhwikibooks.graphml"
"0.55","0.18","0.27","0.418956835163175","1,1,1,2,3,2,3,2,2,2,3,3,2,2,2,2,2,3,4,3,5,1,2,2,2,2,2,2,1,2,3,4,3,3,4,4,2,2,5,5,5,5,1,1,1,1,5,1,1,1,5,5,5,5,5,1,1,1,1,5,2,5,5,2,2,5,5,5,5,5,1,5,2,2,5,5,5,5,5,5,5,2,2,2,2,1,5,5,5,5,2,3,4,5,5,5,2,5,5,5,5,5,5,5,5,5,5,3,3,5,5,5,5,4,4,4,4,4,4,4,4,2,2,2,2,2,2,2,2","0.000771045684814453","leiden","edit-xhwikibooks.graphml"
"0.54","0.19","0.27","0.418582883382411","1,1,1,2,3,2,3,2,2,2,3,3,2,2,2,2,2,3,4,3,5,1,2,2,2,2,2,2,1,2,3,4,3,3,4,4,2,2,5,5,5,5,1,1,1,1,5,1,1,1,5,5,5,5,5,1,1,1,1,5,2,5,5,2,2,5,5,5,5,5,1,5,2,2,5,5,5,5,5,5,5,2,2,2,2,1,5,5,5,5,2,3,4,5,5,5,2,5,5,5,5,5,5,5,5,5,5,3,3,5,5,5,5,4,4,4,4,4,4,4,4,2,2,2,2,2,2,2,2","0.000764131546020508","leiden","edit-xhwikibooks.graphml"
"0.53","0.2","0.27","0.420759789737654","1,1,1,2,3,2,3,2,2,2,3,3,2,2,2,2,2,3,4,3,5,1,2,2,2,2,2,2,1,2,3,4,3,3,4,4,2,2,5,5,5,5,1,1,1,1,5,1,1,1,5,5,5,5,5,1,1,1,1,5,2,5,5,2,2,5,5,5,5,5,1,5,2,2,5,5,5,5,5,5,5,2,2,2,2,1,5,5,5,5,2,3,4,5,5,5,2,5,5,5,5,5,5,5,5,5,5,3,3,5,5,5,5,4,4,4,4,4,4,4,4,2,2,2,2,2,2,2,2","0.000748157501220703","leiden","edit-xhwikibooks.graphml"
"0.52","0.21","0.27","0.420386247452304","1,1,1,2,3,2,3,2,2,2,3,3,2,2,2,2,2,3,4,3,5,1,2,2,2,2,2,2,1,2,3,4,3,3,4,4,2,2,5,5,5,5,1,1,1,1,5,1,1,1,5,5,5,5,5,1,1,1,1,5,2,5,5,2,2,5,5,5,5,5,1,5,2,2,5,5,5,5,5,5,5,2,2,2,2,1,5,5,5,5,2,3,4,5,5,5,2,5,5,5,5,5,5,5,5,5,5,3,3,5,5,5,5,4,4,4,4,4,4,4,4,2,2,2,2,2,2,2,2","0.00079798698425293","leiden","edit-xhwikibooks.graphml"
"0.51","0.22","0.27","0.420386247452304","1,1,1,2,3,2,3,2,2,2,3,3,2,2,2,2,2,3,4,3,5,1,2,2,2,2,2,2,1,2,3,4,3,3,4,4,2,2,5,5,5,5,1,1,1,1,5,1,1,1,5,5,5,5,5,1,1,1,1,5,2,5,5,2,2,5,5,5,5,5,1,5,2,2,5,5,5,5,5,5,5,2,2,2,2,1,5,5,5,5,2,3,4,5,5,5,2,5,5,5,5,5,5,5,5,5,5,3,3,5,5,5,5,4,4,4,4,4,4,4,4,2,2,2,2,2,2,2,2","0.000857830047607422","leiden","edit-xhwikibooks.graphml"
"0.5","0.23","0.27","0.422215777570133","1,1,1,2,3,2,3,2,2,2,3,3,2,2,2,2,2,3,4,3,5,1,2,2,2,2,2,2,1,2,3,4,3,3,4,4,2,2,5,5,5,5,1,1,1,1,5,1,1,1,5,5,5,5,5,1,1,1,1,5,2,5,5,2,2,5,5,5,5,5,1,5,2,2,5,5,5,5,5,5,5,2,2,2,2,1,5,5,5,5,2,3,4,5,5,5,2,5,5,5,5,5,5,5,5,5,5,3,3,5,5,5,5,4,4,4,4,4,4,4,4,2,2,2,2,2,2,2,2","0.000757932662963867","leiden","edit-xhwikibooks.graphml"
"0.49","0.24","0.27","0.423314366075579","1,1,1,2,3,2,3,2,2,2,3,3,2,2,2,2,2,3,4,3,5,1,2,2,2,2,2,2,1,2,3,4,3,3,4,4,2,2,5,5,5,5,1,1,1,1,5,1,1,1,5,5,5,5,5,1,1,1,1,5,2,5,5,2,2,5,5,5,5,5,1,5,2,2,5,5,5,5,5,5,5,2,2,2,2,1,5,5,5,5,2,3,4,5,5,5,2,5,5,5,5,5,5,5,5,5,5,3,3,5,5,5,5,4,4,4,4,4,4,4,4,2,2,2,2,2,2,2,2","0.000770092010498047","leiden","edit-xhwikibooks.graphml"
"0.48","0.25","0.27","0.406834239595089","1,1,1,2,3,2,3,2,2,2,3,3,2,2,2,2,2,3,4,3,5,1,2,2,2,2,2,2,1,2,3,4,3,3,4,4,2,2,5,5,5,5,1,1,1,1,5,1,1,1,5,5,5,5,5,1,1,1,1,5,2,5,5,2,2,5,5,5,5,5,1,5,2,2,5,5,5,5,5,5,5,2,2,2,2,1,5,5,5,5,2,3,4,5,5,5,2,5,5,5,5,5,5,5,5,5,5,3,3,5,5,5,5,4,4,4,4,4,4,4,4,2,2,2,2,2,2,2,2","0.00073695182800293","leiden","edit-xhwikibooks.graphml"
"0.47","0.26","0.27","0.406834239595089","1,1,1,2,3,2,3,2,2,2,3,3,2,2,2,2,2,3,4,3,5,1,2,2,2,2,2,2,1,2,3,4,3,3,4,4,2,2,5,5,5,5,1,1,1,1,5,1,1,1,5,5,5,5,5,1,1,1,1,5,2,5,5,2,2,5,5,5,5,5,1,5,2,2,5,5,5,5,5,5,5,2,2,2,2,1,5,5,5,5,2,3,4,5,5,5,2,5,5,5,5,5,5,5,5,5,5,3,3,5,5,5,5,4,4,4,4,4,4,4,4,2,2,2,2,2,2,2,2","0.000771045684814453","leiden","edit-xhwikibooks.graphml"
"0.46","0.27","0.27","0.406834239595089","1,1,1,2,3,2,3,2,2,2,3,3,2,2,2,2,2,3,4,3,5,1,2,2,2,2,2,2,1,2,3,4,3,3,4,4,2,2,5,5,5,5,1,1,1,1,5,1,1,1,5,5,5,5,5,1,1,1,1,5,2,5,5,2,2,5,5,5,5,5,1,5,2,2,5,5,5,5,5,5,5,2,2,2,2,1,5,5,5,5,2,3,4,5,5,5,2,5,5,5,5,5,5,5,5,5,5,3,3,5,5,5,5,4,4,4,4,4,4,4,4,2,2,2,2,2,2,2,2","0.000780105590820312","leiden","edit-xhwikibooks.graphml"
"0.45","0.28","0.27","0.400341894032182","1,1,1,2,1,2,3,2,2,2,3,3,2,2,2,2,2,3,4,3,5,1,2,2,2,2,2,2,1,2,3,4,3,3,4,4,2,2,5,5,5,5,1,1,1,1,5,1,1,1,5,5,5,5,5,1,1,1,1,5,6,5,5,2,2,5,5,5,5,5,1,5,2,2,5,5,5,5,5,5,5,2,2,2,2,7,5,5,5,5,8,9,10,5,5,5,2,5,5,5,5,5,5,5,5,5,5,3,3,5,5,5,5,4,4,4,4,4,4,4,4,2,2,2,2,2,2,2,2","0.000815868377685547","leiden","edit-xhwikibooks.graphml"
"0.44","0.29","0.27","0.402827617580321","1,1,1,2,3,2,3,2,2,2,3,3,2,2,2,2,2,3,4,3,5,1,2,2,2,2,2,2,1,2,3,4,3,3,4,4,2,2,5,5,5,5,1,1,1,1,5,1,1,1,5,5,5,5,5,1,1,1,1,5,6,5,5,2,2,5,5,5,5,5,1,5,2,2,5,5,5,5,5,5,5,2,2,2,2,7,5,5,5,5,8,9,10,5,5,5,2,5,5,5,5,5,5,5,5,5,5,3,3,5,5,5,5,4,4,4,4,4,4,4,4,2,2,2,2,2,2,2,2","0.000802040100097656","leiden","edit-xhwikibooks.graphml"
"0.43","0.3","0.27","0.402459290622995","1,1,1,2,3,2,3,2,2,2,3,3,2,2,2,2,2,3,4,3,5,1,2,2,2,2,2,2,1,2,3,4,3,3,4,4,2,2,5,5,5,5,1,1,1,1,5,1,1,1,5,5,5,5,5,1,1,1,1,5,6,5,5,2,2,5,5,5,5,5,1,5,2,2,5,5,5,5,5,5,5,2,2,2,2,7,5,5,5,5,8,9,10,5,5,5,2,5,5,5,5,5,5,5,5,5,5,3,3,5,5,5,5,4,4,4,4,4,4,4,4,2,2,2,2,2,2,2,2","0.000818014144897461","leiden","edit-xhwikibooks.graphml"
"0.42","0.31","0.27","0.403503300160733","1,1,1,2,1,2,3,2,2,2,3,3,2,2,2,2,2,3,4,3,5,1,2,2,2,2,2,2,1,2,3,4,3,3,4,4,2,2,5,5,5,5,1,1,1,1,5,1,1,1,5,5,5,5,5,1,1,1,1,5,6,5,5,2,2,5,5,5,5,5,1,5,2,2,5,5,5,5,5,5,5,2,2,2,2,7,5,5,5,5,8,9,10,5,5,5,2,5,5,5,5,5,5,5,5,5,5,3,3,5,5,5,5,4,4,4,4,4,4,4,4,2,2,2,2,2,2,2,2","0.000795125961303711","leiden","edit-xhwikibooks.graphml"
"0.41","0.32","0.27","0.403281673071884","1,1,1,2,3,2,3,2,2,2,3,3,2,2,2,2,2,3,4,3,5,1,2,2,2,2,2,2,1,2,3,4,3,3,4,4,2,2,5,5,5,5,1,1,1,1,5,1,1,1,5,5,5,5,5,1,1,1,1,5,6,5,5,2,2,5,5,5,5,5,1,5,2,2,5,5,5,5,5,5,5,2,2,2,2,7,5,5,5,5,8,9,10,5,5,5,2,5,5,5,5,5,5,5,5,5,5,3,3,5,5,5,5,4,4,4,4,4,4,4,4,2,2,2,2,2,2,2,2","0.000783920288085938","leiden","edit-xhwikibooks.graphml"
"0.4","0.33","0.27","0.401947949796519","1,1,1,2,1,2,3,2,2,2,3,3,2,2,2,2,2,3,4,3,5,1,2,2,2,2,2,2,1,2,3,4,3,3,4,4,2,2,5,5,5,5,1,1,1,1,5,1,1,1,5,5,5,5,5,1,1,1,1,5,6,5,5,2,2,5,5,5,5,5,1,5,2,2,5,5,5,5,5,5,5,2,2,2,2,7,5,5,5,5,8,9,10,5,5,5,2,5,5,5,5,5,5,5,5,5,5,3,3,5,5,5,5,4,4,4,4,4,4,4,4,2,2,2,2,2,2,2,2","0.000794887542724609","leiden","edit-xhwikibooks.graphml"
"0.39","0.34","0.27","0.418081648830757","1,1,1,2,3,2,3,2,2,2,3,3,2,2,2,2,2,3,4,3,5,1,2,2,2,2,2,2,1,2,3,4,3,3,4,4,2,2,5,5,5,5,1,1,1,1,5,1,1,1,5,5,5,5,5,1,1,1,1,5,6,5,5,2,2,5,5,5,5,5,1,5,2,2,5,5,5,5,5,5,5,2,2,2,2,7,5,5,5,5,8,9,10,5,5,5,2,5,5,5,5,5,5,5,5,5,5,3,3,5,5,5,5,4,4,4,4,4,4,4,4,2,2,2,2,2,2,2,2","0.000812053680419922","leiden","edit-xhwikibooks.graphml"
"0.38","0.35","0.27","0.419218049116776","1,1,1,2,3,2,3,2,2,2,3,3,2,2,2,2,2,3,4,3,5,1,2,2,2,2,2,2,1,2,3,4,3,3,4,4,2,2,5,5,5,5,1,1,1,1,5,1,1,1,5,5,5,5,5,1,1,1,1,5,6,5,5,2,2,5,5,5,5,5,1,5,2,2,5,5,5,5,5,5,5,2,2,2,2,7,5,5,5,5,8,9,10,5,5,5,2,5,5,5,5,5,5,5,5,5,5,3,3,5,5,5,5,4,4,4,4,4,4,4,4,2,2,2,2,2,2,2,2","0.000962972640991211","leiden","edit-xhwikibooks.graphml"
"0.37","0.36","0.27","0.412406861202524","1,1,1,1,2,3,2,3,3,3,2,2,3,3,3,3,3,2,4,2,5,1,3,3,3,3,3,3,1,3,2,4,2,2,4,4,3,3,5,5,5,5,1,1,1,1,5,1,1,1,5,5,5,5,5,1,1,1,1,5,6,5,5,3,3,5,5,5,5,5,1,5,3,3,5,5,5,5,5,5,5,3,3,3,3,7,5,5,5,5,8,9,10,5,5,5,3,5,5,5,5,5,5,5,5,5,5,2,2,5,5,5,5,4,4,4,4,4,4,4,4,3,3,3,3,3,3,3,3","0.000789880752563477","leiden","edit-xhwikibooks.graphml"
"0.36","0.37","0.27","0.412406861202524","1,1,1,1,2,3,2,3,3,3,2,2,3,3,3,3,3,2,4,2,5,1,3,3,3,3,3,3,1,3,2,4,2,2,4,4,3,3,5,5,5,5,1,1,1,1,5,1,1,1,5,5,5,5,5,1,1,1,1,5,6,5,5,3,3,5,5,5,5,5,1,5,3,3,5,5,5,5,5,5,5,3,3,3,3,7,5,5,5,5,8,9,10,5,5,5,3,5,5,5,5,5,5,5,5,5,5,2,2,5,5,5,5,4,4,4,4,4,4,4,4,3,3,3,3,3,3,3,3","0.000786066055297852","leiden","edit-xhwikibooks.graphml"
"0.35","0.38","0.27","0.412037425052116","1,1,1,1,2,3,2,3,3,3,2,2,3,3,3,3,3,2,4,2,5,1,3,3,3,3,3,3,1,3,2,4,2,2,4,4,3,3,5,5,5,5,1,1,1,1,5,1,1,1,5,5,5,5,5,1,1,1,1,5,6,5,5,3,3,5,5,5,5,5,1,5,3,3,5,5,5,5,5,5,5,3,3,3,3,7,5,5,5,5,8,9,10,5,5,5,3,5,5,5,5,5,5,5,5,5,5,2,2,5,5,5,5,4,4,4,4,4,4,4,4,3,3,3,3,3,3,3,3","0.000793933868408203","leiden","edit-xhwikibooks.graphml"
"0.34","0.39","0.27","0.413188324237083","1,1,1,1,2,3,2,3,3,3,2,2,3,3,3,3,3,2,4,2,5,1,3,3,3,3,3,3,1,3,2,4,2,2,4,4,3,3,5,5,5,5,1,1,1,1,5,1,1,1,5,5,5,5,5,1,1,1,1,5,6,5,5,3,3,5,5,5,5,5,1,5,3,3,5,5,5,5,5,5,5,3,3,3,3,7,5,5,5,5,8,9,10,5,5,5,3,5,5,5,5,5,5,5,5,5,5,2,2,5,5,5,5,4,4,4,4,4,4,4,4,3,3,3,3,3,3,3,3","0.000802993774414062","leiden","edit-xhwikibooks.graphml"
"0.33","0.4","0.27","0.414982844322941","1,1,1,1,2,3,2,3,3,3,2,2,3,3,3,3,3,2,4,2,5,1,3,3,3,3,3,3,1,3,2,4,2,2,4,4,3,3,5,5,5,5,1,1,1,1,5,1,1,1,5,5,5,5,5,1,1,1,1,5,6,5,5,3,3,5,5,5,5,5,1,5,3,3,5,5,5,5,5,5,5,3,3,3,3,7,5,5,5,5,8,9,10,5,5,5,3,5,5,5,5,5,5,5,5,5,5,2,2,5,5,5,5,4,4,4,4,4,4,4,4,3,3,3,3,3,3,3,3","0.000787019729614258","leiden","edit-xhwikibooks.graphml"
"0.32","0.41","0.27","0.414982844322941","1,1,1,1,2,3,2,3,3,3,2,2,3,3,3,3,3,2,4,2,5,1,3,3,3,3,3,3,1,3,2,4,2,2,4,4,3,3,5,5,5,5,1,1,1,1,5,1,1,1,5,5,5,5,5,1,1,1,1,5,6,5,5,3,3,5,5,5,5,5,1,5,3,3,5,5,5,5,5,5,5,3,3,3,3,7,5,5,5,5,8,9,10,5,5,5,3,5,5,5,5,5,5,5,5,5,5,2,2,5,5,5,5,4,4,4,4,4,4,4,4,3,3,3,3,3,3,3,3","0.000810861587524414","leiden","edit-xhwikibooks.graphml"
"0.31","0.42","0.27","0.414614194933086","1,1,1,1,2,3,2,3,3,3,2,2,3,3,3,3,3,2,4,2,5,1,3,3,3,3,3,3,1,3,2,4,2,2,4,4,3,3,5,5,5,5,1,1,1,1,5,1,1,1,5,5,5,5,5,1,1,1,1,5,6,5,5,3,3,5,5,5,5,5,1,5,3,3,5,5,5,5,5,5,5,3,3,3,3,7,5,5,5,5,8,9,10,5,5,5,3,5,5,5,5,5,5,5,5,5,5,2,2,5,5,5,5,4,4,4,4,4,4,4,4,3,3,3,3,3,3,3,3","0.000814914703369141","leiden","edit-xhwikibooks.graphml"
"0.3","0.43","0.27","0.416824196597353","1,1,1,1,2,3,2,3,3,3,2,2,3,3,3,3,3,2,4,2,5,1,3,3,3,3,3,3,1,3,2,4,2,2,4,4,3,3,5,5,5,5,1,1,1,1,5,1,1,1,5,5,5,5,5,1,1,1,1,5,6,5,5,3,3,5,5,5,5,5,1,5,3,3,5,5,5,5,5,5,5,3,3,3,3,7,5,5,5,5,8,9,10,5,5,5,3,5,5,5,5,5,5,5,5,5,5,2,2,5,5,5,5,4,4,4,4,4,4,4,4,3,3,3,3,3,3,3,3","0.000770807266235352","leiden","edit-xhwikibooks.graphml"
"0.29","0.44","0.27","0.415386790526211","1,1,1,1,2,3,2,3,3,3,2,2,3,3,3,3,3,2,4,2,5,1,3,3,3,3,3,3,1,3,2,4,2,2,4,4,3,3,5,5,5,5,1,1,1,1,5,1,1,1,5,5,5,5,5,1,1,1,1,5,6,5,5,3,3,5,5,5,5,5,1,5,3,3,5,5,5,5,5,5,5,3,3,3,3,7,5,5,5,5,8,9,10,5,5,5,3,5,5,5,5,5,5,5,5,5,5,2,2,5,5,5,5,4,4,4,4,4,4,4,4,3,3,3,3,3,3,3,3","0.000807046890258789","leiden","edit-xhwikibooks.graphml"
"0.28","0.45","0.27","0.417586685014908","1,1,1,1,2,3,2,3,3,3,2,2,3,3,3,3,3,2,4,2,5,1,3,3,3,3,3,3,1,3,2,4,2,2,4,4,3,3,5,5,5,5,1,1,1,1,5,1,1,1,5,5,5,5,5,1,1,1,1,5,6,5,5,3,3,5,5,5,5,5,1,5,3,3,5,5,5,5,5,5,5,3,3,3,3,7,5,5,5,5,8,9,10,5,5,5,3,5,5,5,5,5,5,5,5,5,5,2,2,5,5,5,5,4,4,4,4,4,4,4,4,3,3,3,3,3,3,3,3","0.000787019729614258","leiden","edit-xhwikibooks.graphml"
"0.27","0.46","0.27","0.418000633039472","1,3,1,2,1,2,1,2,2,2,1,1,2,2,2,2,2,1,4,1,5,3,2,2,2,2,2,2,3,2,1,4,1,1,4,4,2,2,5,5,5,5,3,3,3,3,5,3,3,3,5,5,5,5,5,3,3,3,3,5,6,5,5,2,2,5,5,5,5,5,3,5,2,2,5,5,5,5,5,5,5,2,2,2,2,7,5,5,5,5,8,9,10,5,5,5,2,5,5,5,5,5,5,5,5,5,5,1,1,5,5,5,5,4,4,4,4,4,4,4,4,2,2,2,2,2,2,2,2","0.00078892707824707","leiden","edit-xhwikibooks.graphml"
"0.26","0.47","0.27","0.419463890733212","1,1,1,1,2,3,2,3,3,3,2,2,3,3,3,3,3,2,4,2,5,1,3,3,3,3,3,3,1,3,2,4,2,2,4,4,3,3,5,5,5,5,1,1,1,1,5,1,1,1,5,5,5,5,5,1,1,1,1,5,6,5,5,3,3,5,5,5,5,5,1,5,3,3,5,5,5,5,5,5,5,3,3,3,3,7,5,5,5,5,8,9,10,5,5,5,3,5,5,5,5,5,5,5,5,5,5,2,2,5,5,5,5,4,4,4,4,4,4,4,4,3,3,3,3,3,3,3,3","0.000776052474975586","leiden","edit-xhwikibooks.graphml"
"0.25","0.48","0.27","0.41896048553719","1,1,1,1,1,3,2,3,3,3,2,2,3,3,3,3,3,2,4,2,5,1,3,3,3,3,3,3,1,3,2,4,2,2,4,4,3,3,5,5,5,5,1,1,1,1,5,1,1,1,5,5,5,5,5,1,1,1,1,5,6,5,5,3,3,5,5,5,5,5,1,5,3,3,5,5,5,5,5,5,5,3,3,3,3,7,5,5,5,5,8,9,10,5,5,5,3,5,5,5,5,5,5,5,5,5,5,2,2,5,5,5,5,4,4,4,4,4,4,4,4,3,3,3,3,3,3,3,3","0.00091099739074707","leiden","edit-xhwikibooks.graphml"
"0.24","0.49","0.27","0.419096074380165","1,1,1,1,2,3,2,3,3,3,2,2,3,3,3,3,3,2,4,2,5,1,3,3,3,3,3,3,1,3,2,4,2,2,4,4,3,3,5,5,5,5,1,1,1,1,5,1,1,1,5,5,5,5,5,1,1,1,1,5,6,5,5,3,3,5,5,5,5,5,1,5,3,3,5,5,5,5,5,5,5,3,3,3,3,7,5,5,5,5,8,9,10,5,5,5,3,5,5,5,5,5,5,5,5,5,5,2,2,5,5,5,5,4,4,4,4,4,4,4,4,3,3,3,3,3,3,3,3","0.000792980194091797","leiden","edit-xhwikibooks.graphml"
"0.23","0.5","0.27","0.462647187728269","1,1,1,1,2,3,2,3,3,4,2,2,3,3,3,3,4,2,5,2,6,1,3,3,3,3,3,7,1,4,2,5,2,2,5,5,3,3,6,6,6,6,1,1,1,1,6,1,1,1,6,6,6,6,6,1,1,1,1,6,8,6,6,3,3,6,6,6,6,6,1,6,3,3,6,6,6,6,6,6,6,3,7,7,7,9,6,6,6,6,10,11,12,6,6,6,3,6,6,6,6,6,6,6,6,6,6,2,2,6,6,6,6,5,5,5,5,5,5,5,5,3,3,3,3,3,3,3,3","0.000832080841064453","leiden","edit-xhwikibooks.graphml"
"0.22","0.51","0.27","0.463240321402484","1,1,1,3,2,3,2,4,4,3,2,2,4,4,4,3,3,2,5,2,6,1,4,4,4,4,4,3,1,3,2,5,2,2,5,5,4,4,6,6,6,6,1,1,1,1,6,1,1,1,6,6,6,6,6,1,1,1,1,6,7,6,6,4,4,6,6,6,6,6,1,6,4,4,6,6,6,6,6,6,6,4,3,3,3,8,6,6,6,6,9,10,11,6,6,6,3,6,6,6,6,6,6,6,6,6,6,2,2,6,6,6,6,5,5,5,5,5,5,5,5,4,4,4,4,4,4,4,4","0.000806093215942383","leiden","edit-xhwikibooks.graphml"
"0.21","0.52","0.27","0.462647187728269","1,1,1,1,2,3,2,3,3,4,2,2,3,3,3,3,4,2,5,2,6,1,3,3,3,3,3,7,1,4,2,5,2,2,5,5,3,3,6,6,6,6,1,1,1,1,6,1,1,1,6,6,6,6,6,1,1,1,1,6,8,6,6,3,3,6,6,6,6,6,1,6,3,3,6,6,6,6,6,6,6,3,7,7,7,9,6,6,6,6,10,11,12,6,6,6,3,6,6,6,6,6,6,6,6,6,6,2,2,6,6,6,6,5,5,5,5,5,5,5,5,3,3,3,3,3,3,3,3","0.000812768936157227","leiden","edit-xhwikibooks.graphml"
"0.2","0.53","0.27","0.462865432968386","1,1,1,2,3,2,3,4,4,2,3,3,4,4,4,2,2,3,5,3,6,1,4,4,4,4,4,2,1,2,3,5,3,3,5,5,4,4,6,6,6,6,1,1,1,1,6,1,1,1,6,6,6,6,6,1,1,1,1,6,7,6,6,4,4,6,6,6,6,6,1,6,4,4,6,6,6,6,6,6,6,4,2,2,2,8,6,6,6,6,9,10,11,6,6,6,2,6,6,6,6,6,6,6,6,6,6,3,3,6,6,6,6,5,5,5,5,5,5,5,5,4,4,4,4,4,4,4,4","0.000822067260742188","leiden","edit-xhwikibooks.graphml"
"0.19","0.54","0.27","0.463242250639743","1,1,1,1,2,3,2,3,3,4,2,2,3,3,3,3,4,2,5,2,6,1,3,3,3,3,3,7,1,4,2,5,2,2,5,5,3,3,6,6,6,6,1,1,1,1,6,1,1,1,6,6,6,6,6,1,1,1,1,6,8,6,6,3,3,6,6,6,6,6,1,6,3,3,6,6,6,6,6,6,6,3,7,7,7,9,6,6,6,6,10,11,12,6,6,6,3,6,6,6,6,6,6,6,6,6,6,2,2,6,6,6,6,5,5,5,5,5,5,5,5,3,3,3,3,3,3,3,3","0.00133514404296875","leiden","edit-xhwikibooks.graphml"
"0.18","0.55","0.27","0.45611566245659","1,1,1,1,2,3,2,3,3,3,2,2,3,3,3,3,4,2,5,2,6,1,3,3,3,3,3,7,1,8,9,5,2,2,5,5,3,3,6,6,6,6,1,1,1,1,6,1,1,1,6,6,6,6,6,1,1,1,1,6,10,6,6,11,12,6,6,6,6,6,1,6,3,3,6,6,6,6,6,6,6,13,7,7,7,14,6,6,6,6,15,16,17,6,6,6,18,6,6,6,6,6,6,6,6,6,6,19,20,6,6,6,6,5,5,5,5,5,5,5,5,3,3,3,3,3,3,3,3","0.00145983695983887","leiden","edit-xhwikibooks.graphml"
"0.17","0.56","0.27","0.457995428186093","1,1,1,1,2,3,2,3,3,3,2,2,3,3,3,3,4,2,5,2,6,1,3,3,3,3,3,7,1,8,9,5,2,2,5,5,3,3,6,6,6,6,1,1,1,1,6,1,1,1,6,6,6,6,6,1,1,1,1,6,10,6,6,11,12,6,6,6,6,6,1,6,3,3,6,6,6,6,6,6,6,13,7,7,7,14,6,6,6,6,15,16,17,6,6,6,18,6,6,6,6,6,6,6,6,6,6,19,20,6,6,6,6,5,5,5,5,5,5,5,5,3,3,3,3,3,3,3,3","0.00165200233459473","leiden","edit-xhwikibooks.graphml"
"0.16","0.57","0.27","0.457623599550162","1,1,1,1,2,3,2,3,3,3,2,2,3,3,3,3,4,2,5,2,6,1,3,3,3,3,3,7,1,8,9,5,2,2,5,5,3,3,6,6,6,6,1,1,1,1,6,1,1,1,6,6,6,6,6,1,1,1,1,6,10,6,6,11,12,6,6,6,6,6,1,6,3,3,6,6,6,6,6,6,6,13,7,7,7,14,6,6,6,6,15,16,17,6,6,6,18,6,6,6,6,6,6,6,6,6,6,19,20,6,6,6,6,5,5,5,5,5,5,5,5,3,3,3,3,3,3,3,3","0.00211000442504883","leiden","edit-xhwikibooks.graphml"
"0.15","0.58","0.27","0.460536449963477","1,2,1,1,1,3,1,3,3,3,1,1,3,3,3,3,4,1,5,1,6,2,3,3,3,3,3,7,2,8,9,5,1,1,5,5,3,3,6,6,6,6,2,2,2,2,6,2,2,2,6,6,6,6,6,2,2,2,2,6,10,6,6,11,12,6,6,6,6,6,2,6,3,3,6,6,6,6,6,6,6,13,7,7,7,14,6,6,6,6,15,16,17,6,6,6,18,6,6,6,6,6,6,6,6,6,6,19,20,6,6,6,6,5,5,5,5,5,5,5,5,3,3,3,3,3,3,3,3","0.0012669563293457","leiden","edit-xhwikibooks.graphml"
"0.14","0.59","0.27","0.46016389963101","1,2,1,1,1,3,1,3,3,3,1,1,3,3,3,3,4,1,5,1,6,2,3,3,3,3,3,7,2,8,9,5,1,1,5,5,3,3,6,6,6,6,2,2,2,2,6,2,2,2,6,6,6,6,6,2,2,2,2,6,10,6,6,11,12,6,6,6,6,6,2,6,3,3,6,6,6,6,6,6,6,13,7,7,7,14,6,6,6,6,15,16,17,6,6,6,18,6,6,6,6,6,6,6,6,6,6,19,20,6,6,6,6,5,5,5,5,5,5,5,5,3,3,3,3,3,3,3,3","0.0016791820526123","leiden","edit-xhwikibooks.graphml"
"0.13","0.6","0.27","0.461998248922414","1,2,1,1,1,3,1,3,3,3,1,1,3,3,3,3,4,1,5,1,6,2,3,3,3,3,3,7,2,8,9,5,1,1,5,5,3,3,6,6,6,6,2,2,2,2,6,2,2,2,6,6,6,6,6,2,2,2,2,6,10,6,6,11,12,6,6,6,6,6,2,6,3,3,6,6,6,6,6,6,6,13,7,7,7,14,6,6,6,6,15,16,17,6,6,6,18,6,6,6,6,6,6,6,6,6,6,19,20,6,6,6,6,5,5,5,5,5,5,5,5,3,3,3,3,3,3,3,3","0.00103902816772461","leiden","edit-xhwikibooks.graphml"
"0.12","0.61","0.27","0.461551073471596","1,1,1,2,3,2,3,4,4,2,3,3,4,4,4,2,5,3,6,3,7,1,4,4,4,4,4,2,1,8,9,6,3,3,6,6,4,4,7,7,7,7,1,1,1,1,7,1,1,1,7,7,7,7,7,1,1,1,1,7,10,7,7,11,12,7,7,7,7,7,1,7,4,4,7,7,7,7,7,7,7,13,2,2,2,14,7,7,7,7,15,16,17,7,7,7,18,7,7,7,7,7,7,7,7,7,7,19,20,7,7,7,7,6,6,6,6,6,6,6,6,4,4,4,4,4,4,4,4","0.000885009765625","leiden","edit-xhwikibooks.graphml"
"0.11","0.62","0.27","0.462612440744595","1,2,1,1,1,3,1,3,3,3,1,1,3,3,3,3,4,1,5,1,6,2,3,3,3,3,3,7,2,8,9,5,1,1,5,5,3,3,6,6,6,6,2,2,2,2,6,2,2,2,6,6,6,6,6,2,2,2,2,6,10,6,6,11,12,6,6,6,6,6,2,6,3,3,6,6,6,6,6,6,6,13,7,7,7,14,6,6,6,6,15,16,17,6,6,6,18,6,6,6,6,6,6,6,6,6,6,19,20,6,6,6,6,5,5,5,5,5,5,5,5,3,3,3,3,3,3,3,3","0.000781059265136719","leiden","edit-xhwikibooks.graphml"
"0.1","0.63","0.27","0.459877912269619","1,2,1,1,1,3,1,3,3,3,1,1,3,3,3,4,5,1,6,1,7,2,3,3,3,3,3,4,2,8,9,6,1,1,6,6,3,3,7,7,7,7,2,2,2,2,7,2,2,2,7,7,7,7,7,2,2,2,2,7,10,7,7,11,12,7,7,7,7,7,2,7,3,3,7,7,7,7,7,7,7,13,4,4,4,14,7,7,7,7,15,16,17,7,7,7,18,7,7,7,7,7,7,7,7,7,7,19,20,7,7,7,7,6,6,6,6,6,6,6,6,3,3,3,3,3,3,3,3","0.000808000564575195","leiden","edit-xhwikibooks.graphml"
"0.09","0.64","0.27","0.459877912269619","1,2,1,1,1,3,1,3,3,3,1,1,3,3,3,4,5,1,6,1,7,2,3,3,3,3,3,4,2,8,9,6,1,1,6,6,3,3,7,7,7,7,2,2,2,2,7,2,2,2,7,7,7,7,7,2,2,2,2,7,10,7,7,11,12,7,7,7,7,7,2,7,3,3,7,7,7,7,7,7,7,13,4,4,4,14,7,7,7,7,15,16,17,7,7,7,18,7,7,7,7,7,7,7,7,7,7,19,20,7,7,7,7,6,6,6,6,6,6,6,6,3,3,3,3,3,3,3,3","0.00083613395690918","leiden","edit-xhwikibooks.graphml"
"0.08","0.65","0.27","0.459505979437825","1,2,1,1,1,3,1,3,3,3,1,1,3,3,3,4,5,1,6,1,7,2,3,3,3,3,3,4,2,8,9,6,1,1,6,6,3,3,7,7,7,7,2,2,2,2,7,2,2,2,7,7,7,7,7,2,2,2,2,7,10,7,7,11,12,7,7,7,7,7,2,7,3,3,7,7,7,7,7,7,7,13,4,4,4,14,7,7,7,7,15,16,17,7,7,7,18,7,7,7,7,7,7,7,7,7,7,19,20,7,7,7,7,6,6,6,6,6,6,6,6,3,3,3,3,3,3,3,3","0.000813007354736328","leiden","edit-xhwikibooks.graphml"
"0.07","0.66","0.27","0.459505979437825","1,2,1,1,1,3,1,3,3,3,1,1,3,3,3,4,5,1,6,1,7,2,3,3,3,3,3,4,2,8,9,6,1,1,6,6,3,3,7,7,7,7,2,2,2,2,7,2,2,2,7,7,7,7,7,2,2,2,2,7,10,7,7,11,12,7,7,7,7,7,2,7,3,3,7,7,7,7,7,7,7,13,4,4,4,14,7,7,7,7,15,16,17,7,7,7,18,7,7,7,7,7,7,7,7,7,7,19,20,7,7,7,7,6,6,6,6,6,6,6,6,3,3,3,3,3,3,3,3","0.00077509880065918","leiden","edit-xhwikibooks.graphml"
"0.06","0.67","0.27","0.472528884480034","1,2,1,1,1,3,1,3,3,3,1,1,3,3,3,4,5,1,6,1,7,2,3,3,3,3,3,4,2,8,9,6,1,1,6,6,3,3,7,7,7,7,2,2,2,2,7,2,2,2,7,7,7,7,7,2,2,2,2,7,10,7,7,11,12,7,7,7,7,7,2,7,3,3,7,7,7,7,7,7,7,13,4,4,4,14,7,7,7,7,15,16,17,7,7,7,18,7,7,7,7,7,7,7,7,7,7,19,20,7,7,7,7,6,6,6,6,6,6,6,6,3,3,3,3,3,3,3,3","0.000794172286987305","leiden","edit-xhwikibooks.graphml"
"0.05","0.68","0.27","0.472528884480034","1,2,1,1,1,3,1,3,3,3,1,1,3,3,3,4,5,1,6,1,7,2,3,3,3,3,3,4,2,8,9,6,1,1,6,6,3,3,7,7,7,7,2,2,2,2,7,2,2,2,7,7,7,7,7,2,2,2,2,7,10,7,7,11,12,7,7,7,7,7,2,7,3,3,7,7,7,7,7,7,7,13,4,4,4,14,7,7,7,7,15,16,17,7,7,7,18,7,7,7,7,7,7,7,7,7,7,19,20,7,7,7,7,6,6,6,6,6,6,6,6,3,3,3,3,3,3,3,3","0.000777959823608398","leiden","edit-xhwikibooks.graphml"
"0.04","0.69","0.27","0.472181069958848","1,1,1,1,2,3,2,3,3,3,2,2,3,3,3,4,5,2,6,2,7,1,3,3,3,3,3,4,1,8,9,6,2,2,6,6,3,3,7,7,7,7,1,1,1,1,7,1,1,1,7,7,7,7,7,1,1,1,1,7,10,7,7,11,12,7,7,7,7,7,1,7,3,3,7,7,7,7,7,7,7,13,4,4,4,14,7,7,7,7,15,16,17,7,7,7,18,7,7,7,7,7,7,7,7,7,7,19,20,7,7,7,7,6,6,6,6,6,6,6,6,3,3,3,3,3,3,3,3","0.000842094421386719","leiden","edit-xhwikibooks.graphml"
"0.03","0.7","0.27","0.49073024691358","1,2,1,1,1,3,1,3,3,3,1,1,3,3,3,4,5,1,6,1,7,2,3,3,3,3,3,4,2,8,9,6,1,1,6,6,3,3,7,7,7,7,2,2,2,2,7,2,2,2,7,7,7,7,7,2,2,2,2,7,10,7,7,11,12,7,7,7,7,7,2,7,3,3,7,7,7,7,7,7,7,13,4,4,4,14,7,7,7,7,15,16,17,7,7,7,18,7,7,7,7,7,7,7,7,7,7,19,20,7,7,7,7,6,6,6,6,6,6,6,6,3,3,3,3,3,3,3,3","0.00086212158203125","leiden","edit-xhwikibooks.graphml"
"0.02","0.71","0.27","0.487713974633062","1,2,1,1,1,3,1,3,3,3,1,1,3,3,3,4,5,1,6,1,7,2,3,3,3,3,3,4,2,8,9,6,1,1,6,6,3,3,7,7,7,7,2,2,2,2,7,2,2,2,7,7,7,7,7,2,2,2,2,7,10,7,7,11,12,7,7,7,7,7,2,7,3,3,7,7,7,7,7,7,7,13,4,4,4,14,7,7,7,7,15,16,17,7,7,7,18,7,7,7,7,7,7,7,7,7,7,19,20,7,7,7,7,6,6,6,6,6,6,6,6,3,3,3,3,3,3,3,3","0.00085902214050293","leiden","edit-xhwikibooks.graphml"
"0.01","0.72","0.27","0.489466049382716","1,2,1,1,1,3,1,3,3,3,1,1,3,3,3,4,5,1,6,1,7,2,3,3,3,3,3,4,2,8,9,6,1,1,6,6,3,3,7,7,7,7,2,2,2,2,7,2,2,2,7,7,7,7,7,2,2,2,2,7,10,7,7,11,12,7,7,7,7,7,2,7,3,3,7,7,7,7,7,7,7,13,4,4,4,14,7,7,7,7,15,16,17,7,7,7,18,7,7,7,7,7,7,7,7,7,7,19,20,7,7,7,7,6,6,6,6,6,6,6,6,3,3,3,3,3,3,3,3","0.000838041305541992","leiden","edit-xhwikibooks.graphml"
"0","0.73","0.27","0.492184012885948","1,1,1,1,1,2,3,2,2,2,3,3,2,2,2,4,5,3,6,3,7,1,2,2,2,2,2,4,1,8,9,6,3,3,6,6,2,2,7,7,7,7,1,1,1,1,7,1,1,1,7,7,7,7,7,1,1,1,1,7,10,7,7,11,12,7,7,7,7,7,1,7,2,2,7,7,7,7,7,7,7,13,4,4,4,14,7,7,7,7,15,16,17,7,7,7,18,7,7,7,7,7,7,7,7,7,7,19,20,7,7,7,7,6,6,6,6,6,6,6,6,2,2,2,2,2,2,2,2","0.00137782096862793","leiden","edit-xhwikibooks.graphml"
"0.72","0","0.28","0.412822726723826","1,1,1,2,1,2,3,2,2,2,3,4,2,2,2,2,2,3,3,4,5,1,2,2,2,2,2,2,1,2,3,3,4,4,3,3,2,2,5,5,5,5,1,1,1,1,5,1,1,1,5,5,5,5,5,1,1,1,1,5,2,5,5,2,2,5,5,5,5,5,1,5,2,2,5,5,5,5,5,5,5,2,2,2,2,1,5,5,5,5,2,3,3,5,5,5,2,5,5,5,5,5,5,5,5,5,5,4,4,5,5,5,5,3,3,3,3,3,3,3,3,2,2,2,2,2,2,2,2","0.00124216079711914","leiden","edit-xhwikibooks.graphml"
"0.71","0.01","0.28","0.41285170873083","1,1,1,2,3,2,3,2,2,2,3,3,2,2,2,2,2,3,4,3,5,1,2,2,2,2,2,2,1,2,3,4,3,3,4,4,2,2,5,5,5,5,1,1,1,1,5,1,1,1,5,5,5,5,5,1,1,1,1,5,2,5,5,2,2,5,5,5,5,5,1,5,2,2,5,5,5,5,5,5,5,2,2,2,2,1,5,5,5,5,2,3,4,5,5,5,2,5,5,5,5,5,5,5,5,5,5,3,3,5,5,5,5,4,4,4,4,4,4,4,4,2,2,2,2,2,2,2,2","0.00123000144958496","leiden","edit-xhwikibooks.graphml"
"0.7","0.02","0.28","0.41285170873083","1,1,1,2,3,2,3,2,2,2,3,3,2,2,2,2,2,3,4,3,5,1,2,2,2,2,2,2,1,2,3,4,3,3,4,4,2,2,5,5,5,5,1,1,1,1,5,1,1,1,5,5,5,5,5,1,1,1,1,5,2,5,5,2,2,5,5,5,5,5,1,5,2,2,5,5,5,5,5,5,5,2,2,2,2,1,5,5,5,5,2,3,4,5,5,5,2,5,5,5,5,5,5,5,5,5,5,3,3,5,5,5,5,4,4,4,4,4,4,4,4,2,2,2,2,2,2,2,2","0.00125002861022949","leiden","edit-xhwikibooks.graphml"
"0.69","0.03","0.28","0.412501310365685","1,1,1,2,3,2,3,2,2,2,3,3,2,2,2,2,2,3,4,3,5,1,2,2,2,2,2,2,1,2,3,4,3,3,4,4,2,2,5,5,5,5,1,1,1,1,5,1,1,1,5,5,5,5,5,1,1,1,1,5,2,5,5,2,2,5,5,5,5,5,1,5,2,2,5,5,5,5,5,5,5,2,2,2,2,1,5,5,5,5,2,3,4,5,5,5,2,5,5,5,5,5,5,5,5,5,5,3,3,5,5,5,5,4,4,4,4,4,4,4,4,2,2,2,2,2,2,2,2","0.00129604339599609","leiden","edit-xhwikibooks.graphml"
"0.68","0.04","0.28","0.412501310365685","1,1,1,2,3,2,3,2,2,2,3,3,2,2,2,2,2,3,4,3,5,1,2,2,2,2,2,2,1,2,3,4,3,3,4,4,2,2,5,5,5,5,1,1,1,1,5,1,1,1,5,5,5,5,5,1,1,1,1,5,2,5,5,2,2,5,5,5,5,5,1,5,2,2,5,5,5,5,5,5,5,2,2,2,2,1,5,5,5,5,2,3,4,5,5,5,2,5,5,5,5,5,5,5,5,5,5,3,3,5,5,5,5,4,4,4,4,4,4,4,4,2,2,2,2,2,2,2,2","0.00143599510192871","leiden","edit-xhwikibooks.graphml"
"0.67","0.05","0.28","0.412151455255463","1,1,1,2,3,2,3,2,2,2,3,3,2,2,2,2,2,3,4,3,5,1,2,2,2,2,2,2,1,2,3,4,3,3,4,4,2,2,5,5,5,5,1,1,1,1,5,1,1,1,5,5,5,5,5,1,1,1,1,5,2,5,5,2,2,5,5,5,5,5,1,5,2,2,5,5,5,5,5,5,5,2,2,2,2,1,5,5,5,5,2,3,4,5,5,5,2,5,5,5,5,5,5,5,5,5,5,3,3,5,5,5,5,4,4,4,4,4,4,4,4,2,2,2,2,2,2,2,2","0.00124597549438477","leiden","edit-xhwikibooks.graphml"
"0.66","0.06","0.28","0.412151455255463","1,1,1,2,3,2,3,2,2,2,3,3,2,2,2,2,2,3,4,3,5,1,2,2,2,2,2,2,1,2,3,4,3,3,4,4,2,2,5,5,5,5,1,1,1,1,5,1,1,1,5,5,5,5,5,1,1,1,1,5,2,5,5,2,2,5,5,5,5,5,1,5,2,2,5,5,5,5,5,5,5,2,2,2,2,1,5,5,5,5,2,3,4,5,5,5,2,5,5,5,5,5,5,5,5,5,5,3,3,5,5,5,5,4,4,4,4,4,4,4,4,2,2,2,2,2,2,2,2","0.00134396553039551","leiden","edit-xhwikibooks.graphml"
"0.65","0.07","0.28","0.411802142354142","1,1,1,2,3,2,3,2,2,2,3,3,2,2,2,2,2,3,4,3,5,1,2,2,2,2,2,2,1,2,3,4,3,3,4,4,2,2,5,5,5,5,1,1,1,1,5,1,1,1,5,5,5,5,5,1,1,1,1,5,2,5,5,2,2,5,5,5,5,5,1,5,2,2,5,5,5,5,5,5,5,2,2,2,2,1,5,5,5,5,2,3,4,5,5,5,2,5,5,5,5,5,5,5,5,5,5,3,3,5,5,5,5,4,4,4,4,4,4,4,4,2,2,2,2,2,2,2,2","0.0012660026550293","leiden","edit-xhwikibooks.graphml"
"0.64","0.08","0.28","0.412883829944122","1,1,1,2,3,2,3,2,2,2,3,3,2,2,2,2,2,3,4,3,5,1,2,2,2,2,2,2,1,2,3,4,3,3,4,4,2,2,5,5,5,5,1,1,1,1,5,1,1,1,5,5,5,5,5,1,1,1,1,5,2,5,5,2,2,5,5,5,5,5,1,5,2,2,5,5,5,5,5,5,5,2,2,2,2,1,5,5,5,5,2,3,4,5,5,5,2,5,5,5,5,5,5,5,5,5,5,3,3,5,5,5,5,4,4,4,4,4,4,4,4,2,2,2,2,2,2,2,2","0.00132083892822266","leiden","edit-xhwikibooks.graphml"
"0.63","0.09","0.28","0.411352819501171","1,1,1,2,1,2,3,2,2,2,3,3,2,2,2,2,2,3,3,3,4,1,2,2,2,2,2,2,1,2,3,3,3,3,3,3,2,2,4,4,4,4,1,1,1,1,4,1,1,1,4,4,4,4,4,1,1,1,1,4,2,4,4,2,2,4,4,4,4,4,1,4,2,2,4,4,4,4,4,4,4,2,2,2,2,1,4,4,4,4,2,3,3,4,4,4,2,4,4,4,4,4,4,4,4,4,4,3,3,4,4,4,4,3,3,3,3,3,3,3,3,2,2,2,2,2,2,2,2","0.00130295753479004","leiden","edit-xhwikibooks.graphml"
"0.62","0.1","0.28","0.411500055063706","1,1,1,2,3,2,3,2,2,2,3,3,2,2,2,2,2,3,4,3,5,1,2,2,2,2,2,2,1,2,3,4,3,3,4,4,2,2,5,5,5,5,1,1,1,1,5,1,1,1,5,5,5,5,5,1,1,1,1,5,2,5,5,2,2,5,5,5,5,5,1,5,2,2,5,5,5,5,5,5,5,2,2,2,2,1,5,5,5,5,2,3,4,5,5,5,2,5,5,5,5,5,5,5,5,5,5,3,3,5,5,5,5,4,4,4,4,4,4,4,4,2,2,2,2,2,2,2,2","0.00132608413696289","leiden","edit-xhwikibooks.graphml"
"0.61","0.11","0.28","0.411126638597749","1,1,1,2,3,2,3,2,2,2,3,4,2,2,2,2,2,3,3,4,5,1,2,2,2,2,2,2,1,2,3,3,4,4,3,3,2,2,5,5,5,5,1,1,1,1,5,1,1,1,5,5,5,5,5,1,1,1,1,5,2,5,5,2,2,5,5,5,5,5,1,5,2,2,5,5,5,5,5,5,5,2,2,2,2,1,5,5,5,5,2,3,3,5,5,5,2,5,5,5,5,5,5,5,5,5,5,4,4,5,5,5,5,3,3,3,3,3,3,3,3,2,2,2,2,2,2,2,2","0.00133585929870605","leiden","edit-xhwikibooks.graphml"
"0.6","0.12","0.28","0.41327868482047","1,1,1,2,3,2,3,2,2,2,3,3,2,2,2,2,2,3,4,3,5,1,2,2,2,2,2,2,1,2,3,4,3,3,4,4,2,2,5,5,5,5,1,1,1,1,5,1,1,1,5,5,5,5,5,1,1,1,1,5,2,5,5,2,2,5,5,5,5,5,1,5,2,2,5,5,5,5,5,5,5,2,2,2,2,1,5,5,5,5,2,3,4,5,5,5,2,5,5,5,5,5,5,5,5,5,5,3,3,5,5,5,5,4,4,4,4,4,4,4,4,2,2,2,2,2,2,2,2","0.00131011009216309","leiden","edit-xhwikibooks.graphml"
"0.59","0.13","0.28","0.410425512854967","1,1,1,2,3,2,3,2,2,2,3,3,2,2,2,2,2,3,4,3,5,1,2,2,2,2,2,2,1,2,3,4,3,3,4,4,2,2,5,5,5,5,1,1,1,1,5,1,1,1,5,5,5,5,5,1,1,1,1,5,2,5,5,2,2,5,5,5,5,5,1,5,2,2,5,5,5,5,5,5,5,2,2,2,2,1,5,5,5,5,2,3,4,5,5,5,2,5,5,5,5,5,5,5,5,5,5,3,3,5,5,5,5,4,4,4,4,4,4,4,4,2,2,2,2,2,2,2,2","0.00140213966369629","leiden","edit-xhwikibooks.graphml"
"0.58","0.14","0.28","0.410425512854967","1,1,1,2,3,2,3,2,2,2,3,3,2,2,2,2,2,3,4,3,5,1,2,2,2,2,2,2,1,2,3,4,3,3,4,4,2,2,5,5,5,5,1,1,1,1,5,1,1,1,5,5,5,5,5,1,1,1,1,5,2,5,5,2,2,5,5,5,5,5,1,5,2,2,5,5,5,5,5,5,5,2,2,2,2,1,5,5,5,5,2,3,4,5,5,5,2,5,5,5,5,5,5,5,5,5,5,3,3,5,5,5,5,4,4,4,4,4,4,4,4,2,2,2,2,2,2,2,2","0.00130391120910645","leiden","edit-xhwikibooks.graphml"
"0.57","0.15","0.28","0.413281574687915","1,1,1,2,3,2,3,2,2,2,3,3,2,2,2,2,2,3,4,3,5,1,2,2,2,2,2,2,1,2,3,4,3,3,4,4,2,2,5,5,5,5,1,1,1,1,5,1,1,1,5,5,5,5,5,1,1,1,1,5,2,5,5,2,2,5,5,5,5,5,1,5,2,2,5,5,5,5,5,5,5,2,2,2,2,1,5,5,5,5,2,3,4,5,5,5,2,5,5,5,5,5,5,5,5,5,5,3,3,5,5,5,5,4,4,4,4,4,4,4,4,2,2,2,2,2,2,2,2","0.00130081176757812","leiden","edit-xhwikibooks.graphml"
"0.56","0.16","0.28","0.414350779773157","1,1,1,2,3,2,3,2,2,2,3,3,2,2,2,2,2,3,4,3,5,1,2,2,2,2,2,2,1,2,3,4,3,3,4,4,2,2,5,5,5,5,1,1,1,1,5,1,1,1,5,5,5,5,5,1,1,1,1,5,2,5,5,2,2,5,5,5,5,5,1,5,2,2,5,5,5,5,5,5,5,2,2,2,2,1,5,5,5,5,2,3,4,5,5,5,2,5,5,5,5,5,5,5,5,5,5,3,3,5,5,5,5,4,4,4,4,4,4,4,4,2,2,2,2,2,2,2,2","0.0013880729675293","leiden","edit-xhwikibooks.graphml"
"0.55","0.17","0.28","0.431648240236859","1,1,1,2,3,2,3,2,2,2,3,3,2,2,2,2,2,3,4,3,5,1,2,2,2,2,2,2,1,2,3,4,3,3,4,4,2,2,5,5,5,5,1,1,1,1,5,1,1,1,5,5,5,5,5,1,1,1,1,5,2,5,5,2,2,5,5,5,5,5,1,5,2,2,5,5,5,5,5,5,5,2,2,2,2,1,5,5,5,5,2,3,4,5,5,5,2,5,5,5,5,5,5,5,5,5,5,3,3,5,5,5,5,4,4,4,4,4,4,4,4,2,2,2,2,2,2,2,2","0.00132393836975098","leiden","edit-xhwikibooks.graphml"
"0.54","0.18","0.28","0.431726428765038","1,1,1,2,3,2,3,2,2,2,3,3,2,2,2,2,2,3,4,3,5,1,2,2,2,2,2,2,1,2,3,4,3,3,4,4,6,2,5,5,5,5,1,1,1,1,5,1,1,1,5,5,5,5,5,1,1,1,1,5,2,5,5,2,2,5,5,5,5,5,1,5,2,2,5,5,5,5,5,5,5,2,2,2,2,1,5,5,5,5,2,3,4,5,5,5,2,5,5,5,5,5,5,5,5,5,5,3,3,5,5,5,5,4,4,4,4,4,4,4,4,6,6,6,6,6,6,6,6","0.00137782096862793","leiden","edit-xhwikibooks.graphml"
"0.53","0.19","0.28","0.43134831738239","1,1,1,2,3,2,3,2,2,2,3,3,2,2,2,2,2,3,4,3,5,1,2,2,2,2,2,2,1,2,3,4,3,3,4,4,6,2,5,5,5,5,1,1,1,1,5,1,1,1,5,5,5,5,5,1,1,1,1,5,2,5,5,2,2,5,5,5,5,5,1,5,2,2,5,5,5,5,5,5,5,2,2,2,2,1,5,5,5,5,2,3,4,5,5,5,2,5,5,5,5,5,5,5,5,5,5,3,3,5,5,5,5,4,4,4,4,4,4,4,4,6,6,6,6,6,6,6,6","0.00149893760681152","leiden","edit-xhwikibooks.graphml"
"0.52","0.2","0.28","0.433306671533092","1,1,1,2,3,2,3,2,2,2,3,3,2,2,2,2,2,3,4,3,5,1,2,2,2,2,2,2,1,2,3,4,3,3,4,4,2,2,5,5,5,5,1,1,1,1,5,1,1,1,5,5,5,5,5,1,1,1,1,5,2,5,5,2,2,5,5,5,5,5,1,5,2,2,5,5,5,5,5,5,5,2,2,2,2,1,5,5,5,5,2,3,4,5,5,5,2,5,5,5,5,5,5,5,5,5,5,3,3,5,5,5,5,4,4,4,4,4,4,4,4,2,2,2,2,2,2,2,2","0.00134396553039551","leiden","edit-xhwikibooks.graphml"
"0.51","0.21","0.28","0.433130810950413","1,1,1,2,3,2,3,2,2,2,3,3,2,2,2,2,2,3,4,3,5,1,2,2,2,2,2,2,1,2,3,4,3,3,4,4,6,2,5,5,5,5,1,1,1,1,5,1,1,1,5,5,5,5,5,1,1,1,1,5,2,5,5,2,2,5,5,5,5,5,1,5,2,2,5,5,5,5,5,5,5,2,2,2,2,1,5,5,5,5,2,3,4,5,5,5,2,5,5,5,5,5,5,5,5,5,5,3,3,5,5,5,5,4,4,4,4,4,4,4,4,6,6,6,6,6,6,6,6","0.00132298469543457","leiden","edit-xhwikibooks.graphml"
"0.5","0.22","0.28","0.433130810950413","1,1,1,2,3,2,3,2,2,2,3,3,2,2,2,2,2,3,4,3,5,1,2,2,2,2,2,2,1,2,3,4,3,3,4,4,6,2,5,5,5,5,1,1,1,1,5,1,1,1,5,5,5,5,5,1,1,1,1,5,2,5,5,2,2,5,5,5,5,5,1,5,2,2,5,5,5,5,5,5,5,2,2,2,2,1,5,5,5,5,2,3,4,5,5,5,2,5,5,5,5,5,5,5,5,5,5,3,3,5,5,5,5,4,4,4,4,4,4,4,4,6,6,6,6,6,6,6,6","0.00131916999816895","leiden","edit-xhwikibooks.graphml"
"0.49","0.23","0.28","0.434997159123702","1,1,1,2,3,2,3,2,2,2,3,3,2,2,2,2,2,3,4,3,5,1,2,2,2,2,2,2,1,2,3,4,3,3,4,4,6,2,5,5,5,5,1,1,1,1,5,1,1,1,5,5,5,5,5,1,1,1,1,5,2,5,5,2,2,5,5,5,5,5,1,5,2,2,5,5,5,5,5,5,5,2,2,2,2,1,5,5,5,5,2,3,4,5,5,5,2,5,5,5,5,5,5,5,5,5,5,3,3,5,5,5,5,4,4,4,4,4,4,4,4,6,6,6,6,6,6,6,6","0.00131988525390625","leiden","edit-xhwikibooks.graphml"
"0.48","0.24","0.28","0.437085767180568","1,1,1,2,3,2,3,2,2,2,3,3,2,2,2,2,2,3,4,3,5,1,2,2,2,2,2,2,1,2,3,4,3,3,4,4,6,2,5,5,5,5,1,1,1,1,5,1,1,1,5,5,5,5,5,1,1,1,1,5,2,5,5,2,2,5,5,5,5,5,1,5,2,2,5,5,5,5,5,5,5,2,2,2,2,1,5,5,5,5,2,3,4,5,5,5,2,5,5,5,5,5,5,5,5,5,5,3,3,5,5,5,5,4,4,4,4,4,4,4,4,6,6,6,6,6,6,6,6","0.00128984451293945","leiden","edit-xhwikibooks.graphml"
"0.47","0.25","0.28","0.426042122766414","1,1,1,2,3,2,3,2,2,2,3,3,2,2,2,2,2,3,4,3,5,1,2,2,2,2,2,2,1,2,3,4,3,3,4,4,2,2,5,5,5,5,1,1,1,1,5,1,1,1,5,5,5,5,5,1,1,1,1,5,2,5,5,2,2,5,5,5,5,5,1,5,2,2,5,5,5,5,5,5,5,2,2,2,2,1,5,5,5,5,2,3,4,5,5,5,2,5,5,5,5,5,5,5,5,5,5,3,3,5,5,5,5,4,4,4,4,4,4,4,4,2,2,2,2,2,2,2,2","0.00134491920471191","leiden","edit-xhwikibooks.graphml"
"0.46","0.26","0.28","0.426042122766414","1,1,1,2,3,2,3,2,2,2,3,3,2,2,2,2,2,3,4,3,5,1,2,2,2,2,2,2,1,2,3,4,3,3,4,4,2,2,5,5,5,5,1,1,1,1,5,1,1,1,5,5,5,5,5,1,1,1,1,5,2,5,5,2,2,5,5,5,5,5,1,5,2,2,5,5,5,5,5,5,5,2,2,2,2,1,5,5,5,5,2,3,4,5,5,5,2,5,5,5,5,5,5,5,5,5,5,3,3,5,5,5,5,4,4,4,4,4,4,4,4,2,2,2,2,2,2,2,2","0.00133800506591797","leiden","edit-xhwikibooks.graphml"
"0.45","0.27","0.28","0.426042122766414","1,1,1,3,2,3,2,3,3,3,2,2,3,3,3,3,3,2,4,2,5,1,3,3,3,3,3,3,1,3,2,4,2,2,4,4,3,3,5,5,5,5,1,1,1,1,5,1,1,1,5,5,5,5,5,1,1,1,1,5,3,5,5,3,3,5,5,5,5,5,1,5,3,3,5,5,5,5,5,5,5,3,3,3,3,1,5,5,5,5,3,2,4,5,5,5,3,5,5,5,5,5,5,5,5,5,5,2,2,5,5,5,5,4,4,4,4,4,4,4,4,3,3,3,3,3,3,3,3","0.00153684616088867","leiden","edit-xhwikibooks.graphml"
"0.44","0.28","0.28","0.425671766374691","1,1,1,2,3,2,3,2,2,2,3,3,2,2,2,2,2,3,4,3,5,1,2,2,2,2,2,2,1,2,3,4,3,3,4,4,2,2,5,5,5,5,1,1,1,1,5,1,1,1,5,5,5,5,5,1,1,1,1,5,2,5,5,2,2,5,5,5,5,5,1,5,2,2,5,5,5,5,5,5,5,2,2,2,2,1,5,5,5,5,2,3,4,5,5,5,2,5,5,5,5,5,5,5,5,5,5,3,3,5,5,5,5,4,4,4,4,4,4,4,4,2,2,2,2,2,2,2,2","0.00128984451293945","leiden","edit-xhwikibooks.graphml"
"0.43","0.29","0.28","0.423068142007455","1,1,1,2,3,2,3,2,2,2,3,3,2,2,2,2,2,3,4,3,5,1,2,2,2,2,2,2,1,2,3,4,3,3,4,4,2,2,5,5,5,5,1,1,1,1,5,1,1,1,5,5,5,5,5,1,1,1,1,5,6,5,5,2,2,5,5,5,5,5,1,5,2,2,5,5,5,5,5,5,5,2,2,2,2,7,5,5,5,5,8,9,10,5,5,5,2,5,5,5,5,5,5,5,5,5,5,3,3,5,5,5,5,4,4,4,4,4,4,4,4,2,2,2,2,2,2,2,2","0.00173115730285645","leiden","edit-xhwikibooks.graphml"
"0.42","0.3","0.28","0.422697532060177","1,1,1,2,3,2,3,2,2,2,3,3,2,2,2,2,2,3,4,3,5,1,2,2,2,2,2,2,1,2,3,4,3,3,4,4,2,2,5,5,5,5,1,1,1,1,5,1,1,1,5,5,5,5,5,1,1,1,1,5,6,5,5,2,2,5,5,5,5,5,1,5,2,2,5,5,5,5,5,5,5,2,2,2,2,7,5,5,5,5,8,9,10,5,5,5,2,5,5,5,5,5,5,5,5,5,5,3,3,5,5,5,5,4,4,4,4,4,4,4,4,2,2,2,2,2,2,2,2","0.00204110145568848","leiden","edit-xhwikibooks.graphml"
"0.41","0.31","0.28","0.423695020408163","1,2,1,3,1,3,1,3,3,3,1,1,3,3,3,3,3,1,4,1,5,2,3,3,3,3,3,3,2,3,1,4,1,1,4,4,3,3,5,5,5,5,2,2,2,2,5,2,2,2,5,5,5,5,5,2,2,2,2,5,6,5,5,3,3,5,5,5,5,5,2,5,3,3,5,5,5,5,5,5,5,3,3,3,3,7,5,5,5,5,8,9,10,5,5,5,3,5,5,5,5,5,5,5,5,5,5,1,1,5,5,5,5,4,4,4,4,4,4,4,4,3,3,3,3,3,3,3,3","0.00172615051269531","leiden","edit-xhwikibooks.graphml"
"0.4","0.32","0.28","0.423416291361731","1,1,1,2,3,2,3,2,2,2,3,3,2,2,2,2,2,3,4,3,5,1,2,2,2,2,2,2,1,2,3,4,3,3,4,4,2,2,5,5,5,5,1,1,1,1,5,1,1,1,5,5,5,5,5,1,1,1,1,5,6,5,5,2,2,5,5,5,5,5,1,5,2,2,5,5,5,5,5,5,5,2,2,2,2,7,5,5,5,5,8,9,10,5,5,5,2,5,5,5,5,5,5,5,5,5,5,3,3,5,5,5,5,4,4,4,4,4,4,4,4,2,2,2,2,2,2,2,2","0.00134897232055664","leiden","edit-xhwikibooks.graphml"
"0.39","0.33","0.28","0.423416291361731","1,1,1,2,3,2,3,2,2,2,3,3,2,2,2,2,2,3,4,3,5,1,2,2,2,2,2,2,1,2,3,4,3,3,4,4,2,2,5,5,5,5,1,1,1,1,5,1,1,1,5,5,5,5,5,1,1,1,1,5,6,5,5,2,2,5,5,5,5,5,1,5,2,2,5,5,5,5,5,5,5,2,2,2,2,7,5,5,5,5,8,9,10,5,5,5,2,5,5,5,5,5,5,5,5,5,5,3,3,5,5,5,5,4,4,4,4,4,4,4,4,2,2,2,2,2,2,2,2","0.00098109245300293","leiden","edit-xhwikibooks.graphml"
"0.38","0.34","0.28","0.438344663746834","1,1,1,2,3,2,3,2,2,2,3,3,2,2,2,2,2,3,4,3,5,1,2,2,2,2,2,2,1,2,3,4,3,3,4,4,2,2,5,5,5,5,1,1,1,1,5,1,1,1,5,5,5,5,5,1,1,1,1,5,6,5,5,2,2,5,5,5,5,5,1,5,2,2,5,5,5,5,5,5,5,2,2,2,2,7,5,5,5,5,8,9,10,5,5,5,2,5,5,5,5,5,5,5,5,5,5,3,3,5,5,5,5,4,4,4,4,4,4,4,4,2,2,2,2,2,2,2,2","0.000960111618041992","leiden","edit-xhwikibooks.graphml"
"0.37","0.35","0.28","0.439379562227272","1,1,1,2,3,2,3,2,2,2,3,3,2,2,2,2,2,3,4,3,5,1,2,2,2,2,2,2,1,2,3,4,3,3,4,4,2,2,5,5,5,5,1,1,1,1,5,1,1,1,5,5,5,5,5,1,1,1,1,5,6,5,5,2,2,5,5,5,5,5,1,5,2,2,5,5,5,5,5,5,5,2,2,2,2,7,5,5,5,5,8,9,10,5,5,5,2,5,5,5,5,5,5,5,5,5,5,3,3,5,5,5,5,4,4,4,4,4,4,4,4,2,2,2,2,2,2,2,2","0.000761985778808594","leiden","edit-xhwikibooks.graphml"
"0.36","0.36","0.28","0.43900801179762","1,1,1,2,3,2,3,2,2,2,3,3,2,2,2,2,2,3,4,3,5,1,2,2,2,2,2,2,1,2,3,4,3,3,4,4,2,2,5,5,5,5,1,1,1,1,5,1,1,1,5,5,5,5,5,1,1,1,1,5,6,5,5,2,2,5,5,5,5,5,1,5,2,2,5,5,5,5,5,5,5,2,2,2,2,7,5,5,5,5,8,9,10,5,5,5,2,5,5,5,5,5,5,5,5,5,5,3,3,5,5,5,5,4,4,4,4,4,4,4,4,2,2,2,2,2,2,2,2","0.000770092010498047","leiden","edit-xhwikibooks.graphml"
"0.35","0.37","0.28","0.41960737082982","1,1,1,2,3,2,3,2,2,2,3,3,2,2,2,2,2,3,4,3,5,1,2,2,2,2,2,2,1,2,3,4,3,3,4,4,2,2,5,5,5,5,1,1,1,1,5,1,1,1,5,5,5,5,5,1,1,1,1,5,6,5,5,2,2,5,5,5,5,5,1,5,2,2,5,5,5,5,5,5,5,2,2,2,2,7,5,5,5,5,8,9,10,5,5,5,2,5,5,5,5,5,5,5,5,5,5,3,3,5,5,5,5,4,4,4,4,4,4,4,4,2,2,2,2,2,2,2,2","0.000751972198486328","leiden","edit-xhwikibooks.graphml"
"0.34","0.38","0.28","0.41923787755102","1,1,1,2,3,2,3,2,2,2,3,3,2,2,2,2,2,3,4,3,5,1,2,2,2,2,2,2,1,2,3,4,3,3,4,4,2,2,5,5,5,5,1,1,1,1,5,1,1,1,5,5,5,5,5,1,1,1,1,5,6,5,5,2,2,5,5,5,5,5,1,5,2,2,5,5,5,5,5,5,5,2,2,2,2,7,5,5,5,5,8,9,10,5,5,5,2,5,5,5,5,5,5,5,5,5,5,3,3,5,5,5,5,4,4,4,4,4,4,4,4,2,2,2,2,2,2,2,2","0.000833988189697266","leiden","edit-xhwikibooks.graphml"
"0.33","0.39","0.28","0.420361074623131","1,1,1,2,3,2,3,2,2,2,3,3,2,2,2,2,2,3,4,3,5,1,2,2,2,2,2,2,1,2,3,4,3,3,4,4,2,2,5,5,5,5,1,1,1,1,5,1,1,1,5,5,5,5,5,1,1,1,1,5,6,5,5,2,2,5,5,5,5,5,1,5,2,2,5,5,5,5,5,5,5,2,2,2,2,7,5,5,5,5,8,9,10,5,5,5,2,5,5,5,5,5,5,5,5,5,5,3,3,5,5,5,5,4,4,4,4,4,4,4,4,2,2,2,2,2,2,2,2","0.0239698886871338","leiden","edit-xhwikibooks.graphml"
"0.32","0.4","0.28","0.422077006009259","1,1,1,2,3,2,3,2,2,2,3,3,2,2,2,2,2,3,4,3,5,1,2,2,2,2,2,2,1,2,3,4,3,3,4,4,2,2,5,5,5,5,1,1,1,1,5,1,1,1,5,5,5,5,5,1,1,1,1,5,6,5,5,2,2,5,5,5,5,5,1,5,2,2,5,5,5,5,5,5,5,2,2,2,2,7,5,5,5,5,8,9,10,5,5,5,2,5,5,5,5,5,5,5,5,5,5,3,3,5,5,5,5,4,4,4,4,4,4,4,4,2,2,2,2,2,2,2,2","0.00114989280700684","leiden","edit-xhwikibooks.graphml"
"0.31","0.41","0.28","0.415751139242831","1,1,1,1,2,3,2,3,3,3,2,2,3,3,3,3,3,2,4,2,5,1,3,3,3,3,3,3,1,3,2,4,2,2,4,4,3,3,5,5,5,5,1,1,1,1,5,1,1,1,5,5,5,5,5,1,1,1,1,5,6,5,5,3,3,5,5,5,5,5,1,5,3,3,5,5,5,5,5,5,5,3,3,3,3,7,5,5,5,5,8,9,10,5,5,5,3,5,5,5,5,5,5,5,5,5,5,2,2,5,5,5,5,4,4,4,4,4,4,4,4,3,3,3,3,3,3,3,3","0.000873088836669922","leiden","edit-xhwikibooks.graphml"
"0.3","0.42","0.28","0.415382863187219","1,1,1,1,2,3,2,3,3,3,2,2,3,3,3,3,3,2,4,2,5,1,3,3,3,3,3,3,1,3,2,4,2,2,4,4,3,3,5,5,5,5,1,1,1,1,5,1,1,1,5,5,5,5,5,1,1,1,1,5,6,5,5,3,3,5,5,5,5,5,1,5,3,3,5,5,5,5,5,5,5,3,3,3,3,7,5,5,5,5,8,9,10,5,5,5,3,5,5,5,5,5,5,5,5,5,5,2,2,5,5,5,5,4,4,4,4,4,4,4,4,3,3,3,3,3,3,3,3","0.000823020935058594","leiden","edit-xhwikibooks.graphml"
"0.29","0.43","0.28","0.417585381872772","1,1,1,1,2,3,2,3,3,3,2,2,3,3,3,3,3,2,4,2,5,1,3,3,3,3,3,3,1,3,2,4,2,2,4,4,3,3,5,5,5,5,1,1,1,1,5,1,1,1,5,5,5,5,5,1,1,1,1,5,6,5,5,3,3,5,5,5,5,5,1,5,3,3,5,5,5,5,5,5,5,3,3,3,3,7,5,5,5,5,8,9,10,5,5,5,3,5,5,5,5,5,5,5,5,5,5,2,2,5,5,5,5,4,4,4,4,4,4,4,4,3,3,3,3,3,3,3,3","0.000840902328491211","leiden","edit-xhwikibooks.graphml"
"0.28","0.44","0.28","0.41834050259183","1,1,1,1,2,3,2,3,3,3,2,2,3,3,3,3,3,2,4,2,5,1,3,3,3,3,3,3,1,3,2,4,2,2,4,4,3,3,5,5,5,5,1,1,1,1,5,1,1,1,5,5,5,5,5,1,1,1,1,5,6,5,5,3,3,5,5,5,5,5,1,5,3,3,5,5,5,5,5,5,5,3,3,3,3,7,5,5,5,5,8,9,10,5,5,5,3,5,5,5,5,5,5,5,5,5,5,2,2,5,5,5,5,4,4,4,4,4,4,4,4,3,3,3,3,3,3,3,3","0.000802993774414062","leiden","edit-xhwikibooks.graphml"
"0.27","0.45","0.28","0.4207490930458","1,1,1,1,1,3,2,3,3,3,2,2,3,3,3,3,3,2,4,2,5,1,3,3,3,3,3,3,1,3,2,4,2,2,4,4,3,3,5,5,5,5,1,1,1,1,5,1,1,1,5,5,5,5,5,1,1,1,1,5,6,5,5,3,3,5,5,5,5,5,1,5,3,3,5,5,5,5,5,5,5,3,3,3,3,7,5,5,5,5,8,9,10,5,5,5,3,5,5,5,5,5,5,5,5,5,5,2,2,5,5,5,5,4,4,4,4,4,4,4,4,3,3,3,3,3,3,3,3","0.000795841217041016","leiden","edit-xhwikibooks.graphml"
"0.26","0.46","0.28","0.420380940082645","1,1,1,1,1,3,2,3,3,3,2,2,3,3,3,3,3,2,4,2,5,1,3,3,3,3,3,3,1,3,2,4,2,2,4,4,3,3,5,5,5,5,1,1,1,1,5,1,1,1,5,5,5,5,5,1,1,1,1,5,6,5,5,3,3,5,5,5,5,5,1,5,3,3,5,5,5,5,5,5,5,3,3,3,3,7,5,5,5,5,8,9,10,5,5,5,3,5,5,5,5,5,5,5,5,5,5,2,2,5,5,5,5,4,4,4,4,4,4,4,4,3,3,3,3,3,3,3,3","0.000796079635620117","leiden","edit-xhwikibooks.graphml"
"0.25","0.47","0.28","0.421626440905946","1,1,1,1,2,3,2,3,3,3,2,2,3,3,3,3,3,2,4,2,5,1,3,3,3,3,3,3,1,3,2,4,2,2,4,4,3,3,5,5,5,5,1,1,1,1,5,1,1,1,5,5,5,5,5,1,1,1,1,5,6,5,5,3,3,5,5,5,5,5,1,5,3,3,5,5,5,5,5,5,5,3,3,3,3,7,5,5,5,5,8,9,10,5,5,5,3,5,5,5,5,5,5,5,5,5,5,2,2,5,5,5,5,4,4,4,4,4,4,4,4,3,3,3,3,3,3,3,3","0.000828027725219727","leiden","edit-xhwikibooks.graphml"
"0.24","0.48","0.28","0.421258374854099","1,1,1,1,2,3,2,3,3,3,2,2,3,3,3,3,3,2,4,2,5,1,3,3,3,3,3,3,1,3,2,4,2,2,4,4,3,3,5,5,5,5,1,1,1,1,5,1,1,1,5,5,5,5,5,1,1,1,1,5,6,5,5,3,3,5,5,5,5,5,1,5,3,3,5,5,5,5,5,5,5,3,3,3,3,7,5,5,5,5,8,9,10,5,5,5,3,5,5,5,5,5,5,5,5,5,5,2,2,5,5,5,5,4,4,4,4,4,4,4,4,3,3,3,3,3,3,3,3","0.000811100006103516","leiden","edit-xhwikibooks.graphml"
"0.23","0.49","0.28","0.419831710173534","1,2,1,1,1,1,1,3,3,1,1,1,3,3,3,1,1,1,4,1,5,2,3,3,3,3,3,1,2,1,1,4,1,1,4,4,3,3,5,5,5,5,2,2,2,2,5,2,2,2,5,5,5,5,5,2,2,2,2,5,6,5,5,3,3,5,5,5,5,5,2,5,3,3,5,5,5,5,5,5,5,3,1,1,1,7,5,5,5,5,8,9,10,5,5,5,1,5,5,5,5,5,5,5,5,5,5,1,1,5,5,5,5,4,4,4,4,4,4,4,4,3,3,3,3,3,3,3,3","0.000844001770019531","leiden","edit-xhwikibooks.graphml"
"0.22","0.5","0.28","0.463559913047129","1,1,1,1,2,3,2,3,3,4,2,2,3,3,3,3,4,2,5,2,6,1,3,3,3,3,3,7,1,4,2,5,2,2,5,5,3,3,6,6,6,6,1,1,1,1,6,1,1,1,6,6,6,6,6,1,1,1,1,6,8,6,6,3,3,6,6,6,6,6,1,6,3,3,6,6,6,6,6,6,6,3,7,7,7,9,6,6,6,6,10,11,12,6,6,6,3,6,6,6,6,6,6,6,6,6,6,2,2,6,6,6,6,5,5,5,5,5,5,5,5,3,3,3,3,3,3,3,3","0.000892162322998047","leiden","edit-xhwikibooks.graphml"
"0.21","0.51","0.28","0.46337798375698","1,2,1,1,1,3,1,3,3,4,1,1,3,3,3,3,4,1,5,1,6,2,3,3,3,3,3,7,2,4,1,5,1,1,5,5,3,3,6,6,6,6,2,2,2,2,6,2,2,2,6,6,6,6,6,2,2,2,2,6,8,6,6,3,3,6,6,6,6,6,2,6,3,3,6,6,6,6,6,6,6,3,7,7,7,9,6,6,6,6,10,11,12,6,6,6,3,6,6,6,6,6,6,6,6,6,6,1,1,6,6,6,6,5,5,5,5,5,5,5,5,3,3,3,3,3,3,3,3","0.00087285041809082","leiden","edit-xhwikibooks.graphml"
"0.2","0.52","0.28","0.464171591974586","1,1,1,3,2,3,2,4,4,3,2,2,4,4,4,3,3,2,5,2,6,1,4,4,4,4,4,3,1,3,2,5,2,2,5,5,4,4,6,6,6,6,1,1,1,1,6,1,1,1,6,6,6,6,6,1,1,1,1,6,7,6,6,4,4,6,6,6,6,6,1,6,4,4,6,6,6,6,6,6,6,4,3,3,3,8,6,6,6,6,9,10,11,6,6,6,3,6,6,6,6,6,6,6,6,6,6,2,2,6,6,6,6,5,5,5,5,5,5,5,5,4,4,4,4,4,4,4,4","0.000786066055297852","leiden","edit-xhwikibooks.graphml"
"0.19","0.53","0.28","0.4622747458821","1,1,1,1,2,3,2,3,3,4,2,2,3,3,3,3,4,2,5,2,6,1,3,3,3,3,3,7,1,4,2,5,2,2,5,5,3,3,6,6,6,6,1,1,1,1,6,1,1,1,6,6,6,6,6,1,1,1,1,6,8,6,6,3,3,6,6,6,6,6,1,6,3,3,6,6,6,6,6,6,6,3,7,7,7,9,6,6,6,6,10,11,12,6,6,6,3,6,6,6,6,6,6,6,6,6,6,2,2,6,6,6,6,5,5,5,5,5,5,5,5,3,3,3,3,3,3,3,3","0.00103497505187988","leiden","edit-xhwikibooks.graphml"
"0.18","0.54","0.28","0.463835155103575","1,1,1,3,2,3,2,4,4,3,2,2,4,4,4,3,3,2,5,2,6,1,4,4,4,4,4,3,1,3,2,5,2,2,5,5,4,4,6,6,6,6,1,1,1,1,6,1,1,1,6,6,6,6,6,1,1,1,1,6,7,6,6,4,4,6,6,6,6,6,1,6,4,4,6,6,6,6,6,6,6,4,3,3,3,8,6,6,6,6,9,10,11,6,6,6,3,6,6,6,6,6,6,6,6,6,6,2,2,6,6,6,6,5,5,5,5,5,5,5,5,4,4,4,4,4,4,4,4","0.000793933868408203","leiden","edit-xhwikibooks.graphml"
"0.17","0.55","0.28","0.463832540980092","1,1,1,1,2,3,2,3,3,4,2,2,3,3,3,3,4,2,5,2,6,1,3,3,3,3,3,7,1,4,2,5,2,2,5,5,3,3,6,6,6,6,1,1,1,1,6,1,1,1,6,6,6,6,6,1,1,1,1,6,8,6,6,3,3,6,6,6,6,6,1,6,3,3,6,6,6,6,6,6,6,3,7,7,7,9,6,6,6,6,10,11,12,6,6,6,3,6,6,6,6,6,6,6,6,6,6,2,2,6,6,6,6,5,5,5,5,5,5,5,5,3,3,3,3,3,3,3,3","0.000802040100097656","leiden","edit-xhwikibooks.graphml"
"0.16","0.56","0.28","0.465387805865746","1,1,1,1,2,3,2,3,3,3,2,2,3,3,3,3,3,2,4,2,5,1,3,3,3,3,3,3,1,3,2,4,2,2,4,4,6,3,5,5,5,5,1,1,1,1,5,1,1,1,5,5,5,5,5,1,1,1,1,5,7,5,5,3,3,5,5,5,5,5,1,5,3,3,5,5,5,5,5,5,5,3,3,3,3,8,5,5,5,5,9,10,11,5,5,5,3,5,5,5,5,5,5,5,5,5,5,2,2,5,5,5,5,4,4,4,4,4,4,4,4,6,6,6,6,6,6,6,6","0.000755071640014648","leiden","edit-xhwikibooks.graphml"
"0.15","0.57","0.28","0.457623599550162","1,1,1,1,2,3,2,3,3,3,2,2,3,3,3,3,4,2,5,2,6,1,3,3,3,3,3,7,1,8,9,5,2,2,5,5,3,3,6,6,6,6,1,1,1,1,6,1,1,1,6,6,6,6,6,1,1,1,1,6,10,6,6,11,12,6,6,6,6,6,1,6,3,3,6,6,6,6,6,6,6,13,7,7,7,14,6,6,6,6,15,16,17,6,6,6,18,6,6,6,6,6,6,6,6,6,6,19,20,6,6,6,6,5,5,5,5,5,5,5,5,3,3,3,3,3,3,3,3","0.000836849212646484","leiden","edit-xhwikibooks.graphml"
"0.14","0.58","0.28","0.460536449963477","1,2,1,1,1,3,1,3,3,3,1,1,3,3,3,3,4,1,5,1,6,2,3,3,3,3,3,7,2,8,9,5,1,1,5,5,3,3,6,6,6,6,2,2,2,2,6,2,2,2,6,6,6,6,6,2,2,2,2,6,10,6,6,11,12,6,6,6,6,6,2,6,3,3,6,6,6,6,6,6,6,13,7,7,7,14,6,6,6,6,15,16,17,6,6,6,18,6,6,6,6,6,6,6,6,6,6,19,20,6,6,6,6,5,5,5,5,5,5,5,5,3,3,3,3,3,3,3,3","0.00088191032409668","leiden","edit-xhwikibooks.graphml"
"0.13","0.59","0.28","0.459845523373249","1,2,1,1,1,1,1,3,3,1,1,1,3,3,3,1,4,1,5,1,6,2,3,3,3,3,3,1,2,7,8,5,1,1,5,5,3,3,6,6,6,6,2,2,2,2,6,2,2,2,6,6,6,6,6,2,2,2,2,6,9,6,6,10,11,6,6,6,6,6,2,6,3,3,6,6,6,6,6,6,6,12,1,1,1,13,6,6,6,6,14,15,16,6,6,6,17,6,6,6,6,6,6,6,6,6,6,18,19,6,6,6,6,5,5,5,5,5,5,5,5,3,3,3,3,3,3,3,3","0.000910043716430664","leiden","edit-xhwikibooks.graphml"
"0.12","0.6","0.28","0.461998248922414","1,2,1,1,1,3,1,3,3,3,1,1,3,3,3,3,4,1,5,1,6,2,3,3,3,3,3,7,2,8,9,5,1,1,5,5,3,3,6,6,6,6,2,2,2,2,6,2,2,2,6,6,6,6,6,2,2,2,2,6,10,6,6,11,12,6,6,6,6,6,2,6,3,3,6,6,6,6,6,6,6,13,7,7,7,14,6,6,6,6,15,16,17,6,6,6,18,6,6,6,6,6,6,6,6,6,6,19,20,6,6,6,6,5,5,5,5,5,5,5,5,3,3,3,3,3,3,3,3","0.000894069671630859","leiden","edit-xhwikibooks.graphml"
"0.11","0.61","0.28","0.461626388549327","1,2,1,1,1,3,1,3,3,3,1,1,3,3,3,3,4,1,5,1,6,2,3,3,3,3,3,7,2,8,9,5,1,1,5,5,3,3,6,6,6,6,2,2,2,2,6,2,2,2,6,6,6,6,6,2,2,2,2,6,10,6,6,11,12,6,6,6,6,6,2,6,3,3,6,6,6,6,6,6,6,13,7,7,7,14,6,6,6,6,15,16,17,6,6,6,18,6,6,6,6,6,6,6,6,6,6,19,20,6,6,6,6,5,5,5,5,5,5,5,5,3,3,3,3,3,3,3,3","0.000823974609375","leiden","edit-xhwikibooks.graphml"
"0.1","0.62","0.28","0.462432073072031","1,2,1,1,1,1,1,3,3,1,1,1,3,3,3,1,4,1,5,1,6,2,3,3,3,3,3,1,2,7,8,5,1,1,5,5,3,3,6,6,6,6,2,2,2,2,6,2,2,2,6,6,6,6,6,2,2,2,2,6,9,6,6,10,11,6,6,6,6,6,2,6,3,3,6,6,6,6,6,6,6,12,1,1,1,13,6,6,6,6,14,15,16,6,6,6,17,6,6,6,6,6,6,6,6,6,6,18,19,6,6,6,6,5,5,5,5,5,5,5,5,3,3,3,3,3,3,3,3","0.000892877578735352","leiden","edit-xhwikibooks.graphml"
"0.09","0.63","0.28","0.462241032995255","1,2,1,1,1,3,1,3,3,3,1,1,3,3,3,3,4,1,5,1,6,2,3,3,3,3,3,7,2,8,9,5,1,1,5,5,3,3,6,6,6,6,2,2,2,2,6,2,2,2,6,6,6,6,6,2,2,2,2,6,10,6,6,11,12,6,6,6,6,6,2,6,3,3,6,6,6,6,6,6,6,13,7,7,7,14,6,6,6,6,15,16,17,6,6,6,18,6,6,6,6,6,6,6,6,6,6,19,20,6,6,6,6,5,5,5,5,5,5,5,5,3,3,3,3,3,3,3,3","0.000935792922973633","leiden","edit-xhwikibooks.graphml"
"0.08","0.64","0.28","0.462241032995255","1,2,1,1,1,3,1,3,3,3,1,1,3,3,3,3,4,1,5,1,6,2,3,3,3,3,3,7,2,8,9,5,1,1,5,5,3,3,6,6,6,6,2,2,2,2,6,2,2,2,6,6,6,6,6,2,2,2,2,6,10,6,6,11,12,6,6,6,6,6,2,6,3,3,6,6,6,6,6,6,6,13,7,7,7,14,6,6,6,6,15,16,17,6,6,6,18,6,6,6,6,6,6,6,6,6,6,19,20,6,6,6,6,5,5,5,5,5,5,5,5,3,3,3,3,3,3,3,3","0.000824928283691406","leiden","edit-xhwikibooks.graphml"
"0.07","0.65","0.28","0.461870153253882","1,2,1,1,1,3,1,3,3,3,1,1,3,3,3,3,4,1,5,1,6,2,3,3,3,3,3,7,2,8,9,5,1,1,5,5,3,3,6,6,6,6,2,2,2,2,6,2,2,2,6,6,6,6,6,2,2,2,2,6,10,6,6,11,12,6,6,6,6,6,2,6,3,3,6,6,6,6,6,6,6,13,7,7,7,14,6,6,6,6,15,16,17,6,6,6,18,6,6,6,6,6,6,6,6,6,6,19,20,6,6,6,6,5,5,5,5,5,5,5,5,3,3,3,3,3,3,3,3","0.000822067260742188","leiden","edit-xhwikibooks.graphml"
"0.06","0.66","0.28","0.461870153253882","1,2,1,1,1,3,1,3,3,3,1,1,3,3,3,3,4,1,5,1,6,2,3,3,3,3,3,7,2,8,9,5,1,1,5,5,3,3,6,6,6,6,2,2,2,2,6,2,2,2,6,6,6,6,6,2,2,2,2,6,10,6,6,11,12,6,6,6,6,6,2,6,3,3,6,6,6,6,6,6,6,13,7,7,7,14,6,6,6,6,15,16,17,6,6,6,18,6,6,6,6,6,6,6,6,6,6,19,20,6,6,6,6,5,5,5,5,5,5,5,5,3,3,3,3,3,3,3,3","0.000840902328491211","leiden","edit-xhwikibooks.graphml"
"0.05","0.67","0.28","0.474826300806526","1,1,1,2,3,2,3,4,4,2,3,3,4,4,4,2,5,3,6,3,7,1,4,4,4,4,4,2,1,8,9,6,3,3,6,6,4,4,7,7,7,7,1,1,1,1,7,1,1,1,7,7,7,7,7,1,1,1,1,7,10,7,7,11,12,7,7,7,7,7,1,7,4,4,7,7,7,7,7,7,7,13,2,2,2,14,7,7,7,7,15,16,17,7,7,7,18,7,7,7,7,7,7,7,7,7,7,19,20,7,7,7,7,6,6,6,6,6,6,6,6,4,4,4,4,4,4,4,4","0.000833034515380859","leiden","edit-xhwikibooks.graphml"
"0.04","0.68","0.28","0.474826300806526","1,1,1,3,2,3,2,4,4,3,2,2,4,4,4,3,5,2,6,2,7,1,4,4,4,4,4,3,1,8,9,6,2,2,6,6,4,4,7,7,7,7,1,1,1,1,7,1,1,1,7,7,7,7,7,1,1,1,1,7,10,7,7,11,12,7,7,7,7,7,1,7,4,4,7,7,7,7,7,7,7,13,3,3,3,14,7,7,7,7,15,16,17,7,7,7,18,7,7,7,7,7,7,7,7,7,7,19,20,7,7,7,7,6,6,6,6,6,6,6,6,4,4,4,4,4,4,4,4","0.000793933868408203","leiden","edit-xhwikibooks.graphml"
"0.03","0.69","0.28","0.472181069958848","1,1,1,1,2,3,2,3,3,3,2,2,3,3,3,4,5,2,6,2,7,1,3,3,3,3,3,4,1,8,9,6,2,2,6,6,3,3,7,7,7,7,1,1,1,1,7,1,1,1,7,7,7,7,7,1,1,1,1,7,10,7,7,11,12,7,7,7,7,7,1,7,3,3,7,7,7,7,7,7,7,13,4,4,4,14,7,7,7,7,15,16,17,7,7,7,18,7,7,7,7,7,7,7,7,7,7,19,20,7,7,7,7,6,6,6,6,6,6,6,6,3,3,3,3,3,3,3,3","0.000811100006103516","leiden","edit-xhwikibooks.graphml"
"0.02","0.7","0.28","0.473105297033465","1,2,1,1,1,3,1,3,3,3,1,1,3,3,3,4,5,1,6,1,7,2,3,3,3,3,3,4,2,8,9,6,1,1,6,6,3,3,7,7,7,7,2,2,2,2,7,2,2,2,7,7,7,7,7,2,2,2,2,7,10,7,7,11,12,7,7,7,7,7,2,7,3,3,7,7,7,7,7,7,7,13,4,4,4,14,7,7,7,7,15,16,17,7,7,7,18,7,7,7,7,7,7,7,7,7,7,19,20,7,7,7,7,6,6,6,6,6,6,6,6,3,3,3,3,3,3,3,3","0.000821828842163086","leiden","edit-xhwikibooks.graphml"
"0.01","0.71","0.28","0.472735554616423","1,1,1,1,2,3,2,3,3,3,2,2,3,3,3,4,5,2,6,2,7,1,3,3,3,3,3,4,1,8,9,6,2,2,6,6,3,3,7,7,7,7,1,1,1,1,7,1,1,1,7,7,7,7,7,1,1,1,1,7,10,7,7,11,12,7,7,7,7,7,1,7,3,3,7,7,7,7,7,7,7,13,4,4,4,14,7,7,7,7,15,16,17,7,7,7,18,7,7,7,7,7,7,7,7,7,7,19,20,7,7,7,7,6,6,6,6,6,6,6,6,3,3,3,3,3,3,3,3","0.000813961029052734","leiden","edit-xhwikibooks.graphml"
"0","0.72","0.28","0.477770872358677","1,1,1,1,1,2,3,2,2,2,3,3,2,2,2,4,5,3,6,3,7,1,2,2,2,2,2,4,1,8,9,6,3,3,6,6,2,2,7,7,7,7,1,1,1,1,7,1,1,1,7,7,7,7,7,1,1,1,1,7,10,7,7,11,12,7,7,7,7,7,1,7,2,2,7,7,7,7,7,7,7,13,4,4,4,14,7,7,7,7,15,16,17,7,7,7,18,7,7,7,7,7,7,7,7,7,7,19,20,7,7,7,7,6,6,6,6,6,6,6,6,2,2,2,2,2,2,2,2","0.000849008560180664","leiden","edit-xhwikibooks.graphml"
"0.71","0","0.29","0.423303636584414","1,1,1,2,3,2,3,2,2,2,3,3,2,2,2,2,2,3,4,3,5,1,2,2,2,2,2,2,1,2,3,4,3,3,4,4,2,2,5,5,5,5,1,1,1,1,5,1,1,1,5,5,5,5,5,1,1,1,1,5,2,5,5,2,2,5,5,5,5,5,1,5,2,2,5,5,5,5,5,5,5,2,2,2,2,1,5,5,5,5,2,3,4,5,5,5,2,5,5,5,5,5,5,5,5,5,5,3,3,5,5,5,5,4,4,4,4,4,4,4,4,2,2,2,2,2,2,2,2","0.000776052474975586","leiden","edit-xhwikibooks.graphml"
"0.7","0.01","0.29","0.423303636584414","1,1,1,2,3,2,3,2,2,2,3,3,2,2,2,2,2,3,4,3,5,1,2,2,2,2,2,2,1,2,3,4,3,3,4,4,2,2,5,5,5,5,1,1,1,1,5,1,1,1,5,5,5,5,5,1,1,1,1,5,2,5,5,2,2,5,5,5,5,5,1,5,2,2,5,5,5,5,5,5,5,2,2,2,2,1,5,5,5,5,2,3,4,5,5,5,2,5,5,5,5,5,5,5,5,5,5,3,3,5,5,5,5,4,4,4,4,4,4,4,4,2,2,2,2,2,2,2,2","0.000732183456420898","leiden","edit-xhwikibooks.graphml"
"0.69","0.02","0.29","0.423188103380997","1,1,1,2,1,2,3,2,2,2,3,4,2,2,2,2,2,3,3,4,5,1,2,2,2,2,2,2,1,2,3,3,4,4,3,3,2,2,5,5,5,5,1,1,1,1,5,1,1,1,5,5,5,5,5,1,1,1,1,5,2,5,5,2,2,5,5,5,5,5,1,5,2,2,5,5,5,5,5,5,5,2,2,2,2,1,5,5,5,5,2,3,3,5,5,5,2,5,5,5,5,5,5,5,5,5,5,4,4,5,5,5,5,3,3,3,3,3,3,3,3,2,2,2,2,2,2,2,2","0.000721931457519531","leiden","edit-xhwikibooks.graphml"
"0.68","0.03","0.29","0.422952908183191","1,1,1,2,3,2,3,2,2,2,3,3,2,2,2,2,2,3,4,3,5,1,2,2,2,2,2,2,1,2,3,4,3,3,4,4,2,2,5,5,5,5,1,1,1,1,5,1,1,1,5,5,5,5,5,1,1,1,1,5,2,5,5,2,2,5,5,5,5,5,1,5,2,2,5,5,5,5,5,5,5,2,2,2,2,1,5,5,5,5,2,3,4,5,5,5,2,5,5,5,5,5,5,5,5,5,5,3,3,5,5,5,5,4,4,4,4,4,4,4,4,2,2,2,2,2,2,2,2","0.000761032104492188","leiden","edit-xhwikibooks.graphml"
"0.67","0.04","0.29","0.420007618152562","1,1,1,2,3,2,3,2,2,2,3,3,2,2,2,2,2,3,4,3,5,1,2,2,2,2,2,2,1,2,3,4,3,3,4,4,2,2,5,5,5,5,1,1,1,1,5,1,1,1,5,5,5,5,5,1,1,1,1,5,2,5,5,2,2,5,5,5,5,5,1,5,2,2,5,5,5,5,5,5,5,2,2,2,2,1,5,5,5,5,2,3,4,5,5,5,2,5,5,5,5,5,5,5,5,5,5,3,3,5,5,5,5,4,4,4,4,4,4,4,4,2,2,2,2,2,2,2,2","0.000746011734008789","leiden","edit-xhwikibooks.graphml"
"0.66","0.05","0.29","0.419656484256318","1,1,1,2,3,2,3,2,2,2,3,3,2,2,2,2,2,3,4,3,5,1,2,2,2,2,2,2,1,2,3,4,3,3,4,4,2,2,5,5,5,5,1,1,1,1,5,1,1,1,5,5,5,5,5,1,1,1,1,5,2,5,5,2,2,5,5,5,5,5,1,5,2,2,5,5,5,5,5,5,5,2,2,2,2,1,5,5,5,5,2,3,4,5,5,5,2,5,5,5,5,5,5,5,5,5,5,3,3,5,5,5,5,4,4,4,4,4,4,4,4,2,2,2,2,2,2,2,2","0.00072789192199707","leiden","edit-xhwikibooks.graphml"
"0.65","0.06","0.29","0.419656484256318","1,1,1,2,3,2,3,2,2,2,3,3,2,2,2,2,2,3,4,3,5,1,2,2,2,2,2,2,1,2,3,4,3,3,4,4,2,2,5,5,5,5,1,1,1,1,5,1,1,1,5,5,5,5,5,1,1,1,1,5,2,5,5,2,2,5,5,5,5,5,1,5,2,2,5,5,5,5,5,5,5,2,2,2,2,1,5,5,5,5,2,3,4,5,5,5,2,5,5,5,5,5,5,5,5,5,5,3,3,5,5,5,5,4,4,4,4,4,4,4,4,2,2,2,2,2,2,2,2","0.000751972198486328","leiden","edit-xhwikibooks.graphml"
"0.64","0.07","0.29","0.411802142354142","1,1,1,2,3,2,3,2,2,2,3,3,2,2,2,2,2,3,4,3,5,1,2,2,2,2,2,2,1,2,3,4,3,3,4,4,2,2,5,5,5,5,1,1,1,1,5,1,1,1,5,5,5,5,5,1,1,1,1,5,2,5,5,2,2,5,5,5,5,5,1,5,2,2,5,5,5,5,5,5,5,2,2,2,2,1,5,5,5,5,2,3,4,5,5,5,2,5,5,5,5,5,5,5,5,5,5,3,3,5,5,5,5,4,4,4,4,4,4,4,4,2,2,2,2,2,2,2,2","0.000749111175537109","leiden","edit-xhwikibooks.graphml"
"0.63","0.08","0.29","0.412857495128059","1,1,1,2,1,2,3,2,2,2,3,4,2,2,2,2,2,3,3,4,5,1,2,2,2,2,2,2,1,2,3,3,4,4,3,3,2,2,5,5,5,5,1,1,1,1,5,1,1,1,5,5,5,5,5,1,1,1,1,5,2,5,5,2,2,5,5,5,5,5,1,5,2,2,5,5,5,5,5,5,5,2,2,2,2,1,5,5,5,5,2,3,3,5,5,5,2,5,5,5,5,5,5,5,5,5,5,4,4,5,5,5,5,3,3,3,3,3,3,3,3,2,2,2,2,2,2,2,2","0.000742912292480469","leiden","edit-xhwikibooks.graphml"
"0.62","0.09","0.29","0.412534862193556","1,1,1,2,3,2,3,2,2,2,3,3,2,2,2,2,2,3,4,3,5,1,2,2,2,2,2,2,1,2,3,4,3,3,4,4,2,2,5,5,5,5,1,1,1,1,5,1,1,1,5,5,5,5,5,1,1,1,1,5,2,5,5,2,2,5,5,5,5,5,1,5,2,2,5,5,5,5,5,5,5,2,2,2,2,1,5,5,5,5,2,3,4,5,5,5,2,5,5,5,5,5,5,5,5,5,5,3,3,5,5,5,5,4,4,4,4,4,4,4,4,2,2,2,2,2,2,2,2","0.000732183456420898","leiden","edit-xhwikibooks.graphml"
"0.61","0.1","0.29","0.412534862193556","1,1,1,2,3,2,3,2,2,2,3,3,2,2,2,2,2,3,4,3,5,1,2,2,2,2,2,2,1,2,3,4,3,3,4,4,2,2,5,5,5,5,1,1,1,1,5,1,1,1,5,5,5,5,5,1,1,1,1,5,2,5,5,2,2,5,5,5,5,5,1,5,2,2,5,5,5,5,5,5,5,2,2,2,2,1,5,5,5,5,2,3,4,5,5,5,2,5,5,5,5,5,5,5,5,5,5,3,3,5,5,5,5,4,4,4,4,4,4,4,4,2,2,2,2,2,2,2,2","0.000757932662963867","leiden","edit-xhwikibooks.graphml"
"0.6","0.11","0.29","0.41218643332507","1,1,1,2,3,2,3,2,2,2,3,3,2,2,2,2,2,3,4,3,5,1,2,2,2,2,2,2,1,2,3,4,3,3,4,4,2,2,5,5,5,5,1,1,1,1,5,1,1,1,5,5,5,5,5,1,1,1,1,5,2,5,5,2,2,5,5,5,5,5,1,5,2,2,5,5,5,5,5,5,5,2,2,2,2,1,5,5,5,5,2,3,4,5,5,5,2,5,5,5,5,5,5,5,5,5,5,3,3,5,5,5,5,4,4,4,4,4,4,4,4,2,2,2,2,2,2,2,2","0.000751972198486328","leiden","edit-xhwikibooks.graphml"
"0.59","0.12","0.29","0.414304683383884","1,1,1,2,3,2,3,2,2,2,3,3,2,2,2,2,2,3,4,3,5,1,2,2,2,2,2,2,1,2,3,4,3,3,4,4,2,2,5,5,5,5,1,1,1,1,5,1,1,1,5,5,5,5,5,1,1,1,1,5,2,5,5,2,2,5,5,5,5,5,1,5,2,2,5,5,5,5,5,5,5,2,2,2,2,1,5,5,5,5,2,3,4,5,5,5,2,5,5,5,5,5,5,5,5,5,5,3,3,5,5,5,5,4,4,4,4,4,4,4,4,2,2,2,2,2,2,2,2","0.00076603889465332","leiden","edit-xhwikibooks.graphml"
"0.58","0.13","0.29","0.413956481533009","1,1,1,2,3,2,3,2,2,2,3,3,2,2,2,2,2,3,4,3,5,1,2,2,2,2,2,2,1,2,3,4,3,3,4,4,2,2,5,5,5,5,1,1,1,1,5,1,1,1,5,5,5,5,5,1,1,1,1,5,2,5,5,2,2,5,5,5,5,5,1,5,2,2,5,5,5,5,5,5,5,2,2,2,2,1,5,5,5,5,2,3,4,5,5,5,2,5,5,5,5,5,5,5,5,5,5,3,3,5,5,5,5,4,4,4,4,4,4,4,4,2,2,2,2,2,2,2,2","0.000782012939453125","leiden","edit-xhwikibooks.graphml"
"0.57","0.14","0.29","0.413919776073013","1,1,1,2,1,2,3,2,2,2,3,4,2,2,2,2,2,3,3,4,5,1,2,2,2,2,2,2,1,2,3,3,4,4,3,3,2,2,5,5,5,5,1,1,1,1,5,1,1,1,5,5,5,5,5,1,1,1,1,5,2,5,5,2,2,5,5,5,5,5,1,5,2,2,5,5,5,5,5,5,5,2,2,2,2,1,5,5,5,5,2,3,3,5,5,5,2,5,5,5,5,5,5,5,5,5,5,4,4,5,5,5,5,3,3,3,3,3,3,3,3,2,2,2,2,2,2,2,2","0.000784158706665039","leiden","edit-xhwikibooks.graphml"
"0.56","0.15","0.29","0.416771233283525","1,1,1,2,3,2,3,2,2,2,3,3,2,2,2,2,2,3,4,3,5,1,2,2,2,2,2,2,1,2,3,4,3,3,4,4,2,2,5,5,5,5,1,1,1,1,5,1,1,1,5,5,5,5,5,1,1,1,1,5,2,5,5,2,2,5,5,5,5,5,1,5,2,2,5,5,5,5,5,5,5,2,2,2,2,1,5,5,5,5,2,3,4,5,5,5,2,5,5,5,5,5,5,5,5,5,5,3,3,5,5,5,5,4,4,4,4,4,4,4,4,2,2,2,2,2,2,2,2","0.000806093215942383","leiden","edit-xhwikibooks.graphml"
"0.55","0.16","0.29","0.417827978298758","1,1,1,2,3,2,3,2,2,2,3,3,2,2,2,2,2,3,4,3,5,1,2,2,2,2,2,2,1,2,3,4,3,3,4,4,2,2,5,5,5,5,1,1,1,1,5,1,1,1,5,5,5,5,5,1,1,1,1,5,2,5,5,2,2,5,5,5,5,5,1,5,2,2,5,5,5,5,5,5,5,2,2,2,2,1,5,5,5,5,2,3,4,5,5,5,2,5,5,5,5,5,5,5,5,5,5,3,3,5,5,5,5,4,4,4,4,4,4,4,4,2,2,2,2,2,2,2,2","0.000746965408325195","leiden","edit-xhwikibooks.graphml"
"0.54","0.17","0.29","0.41610098963646","1,1,1,2,3,2,3,2,2,2,3,3,2,2,2,2,2,3,4,3,5,1,2,2,2,2,2,2,1,2,3,4,3,3,4,4,2,2,5,5,5,5,1,1,1,1,5,1,1,1,5,5,5,5,5,1,1,1,1,5,2,5,5,2,2,5,5,5,5,5,1,5,2,2,5,5,5,5,5,5,5,2,2,2,2,1,5,5,5,5,2,3,4,5,5,5,2,5,5,5,5,5,5,5,5,5,5,3,3,5,5,5,5,4,4,4,4,4,4,4,4,2,2,2,2,2,2,2,2","0.000792026519775391","leiden","edit-xhwikibooks.graphml"
"0.53","0.18","0.29","0.41610098963646","1,1,1,2,3,2,3,2,2,2,3,3,2,2,2,2,2,3,4,3,5,1,2,2,2,2,2,2,1,2,3,4,3,3,4,4,2,2,5,5,5,5,1,1,1,1,5,1,1,1,5,5,5,5,5,1,1,1,1,5,2,5,5,2,2,5,5,5,5,5,1,5,2,2,5,5,5,5,5,5,5,2,2,2,2,1,5,5,5,5,2,3,4,5,5,5,2,5,5,5,5,5,5,5,5,5,5,3,3,5,5,5,5,4,4,4,4,4,4,4,4,2,2,2,2,2,2,2,2","0.000780105590820312","leiden","edit-xhwikibooks.graphml"
"0.52","0.19","0.29","0.414737026207583","1,1,1,2,3,2,3,2,2,2,3,3,2,2,2,2,2,3,4,3,5,1,2,2,2,2,2,2,1,2,3,4,3,3,4,4,2,2,5,5,5,5,1,1,1,1,5,1,1,1,5,5,5,5,5,1,1,1,1,5,2,5,5,2,2,5,5,5,5,5,1,5,2,2,5,5,5,5,5,5,5,2,2,2,2,1,5,5,5,5,2,3,4,5,5,5,2,5,5,5,5,5,5,5,5,5,5,3,3,5,5,5,5,4,4,4,4,4,4,4,4,2,2,2,2,2,2,2,2","0.000997066497802734","leiden","edit-xhwikibooks.graphml"
"0.51","0.2","0.29","0.416764937910884","1,1,1,2,3,2,3,2,2,2,3,3,2,2,2,2,2,3,4,3,5,1,2,2,2,2,2,2,1,2,3,4,3,3,4,4,2,2,5,5,5,5,1,1,1,1,5,1,1,1,5,5,5,5,5,1,1,1,1,5,2,5,5,2,2,5,5,5,5,5,1,5,2,2,5,5,5,5,5,5,5,2,2,2,2,1,5,5,5,5,2,3,4,5,5,5,2,5,5,5,5,5,5,5,5,5,5,3,3,5,5,5,5,4,4,4,4,4,4,4,4,2,2,2,2,2,2,2,2","0.00074315071105957","leiden","edit-xhwikibooks.graphml"
"0.5","0.21","0.29","0.416418068843909","1,1,1,2,3,2,3,2,2,2,3,3,2,2,2,2,2,3,4,3,5,1,2,2,2,2,2,2,1,2,3,4,3,3,4,4,2,2,5,5,5,5,1,1,1,1,5,1,1,1,5,5,5,5,5,1,1,1,1,5,2,5,5,2,2,5,5,5,5,5,1,5,2,2,5,5,5,5,5,5,5,2,2,2,2,1,5,5,5,5,2,3,4,5,5,5,2,5,5,5,5,5,5,5,5,5,5,3,3,5,5,5,5,4,4,4,4,4,4,4,4,2,2,2,2,2,2,2,2","0.000751018524169922","leiden","edit-xhwikibooks.graphml"
"0.49","0.22","0.29","0.416418068843909","1,1,1,2,3,2,3,2,2,2,3,3,2,2,2,2,2,3,4,3,5,1,2,2,2,2,2,2,1,2,3,4,3,3,4,4,2,2,5,5,5,5,1,1,1,1,5,1,1,1,5,5,5,5,5,1,1,1,1,5,2,5,5,2,2,5,5,5,5,5,1,5,2,2,5,5,5,5,5,5,5,2,2,2,2,1,5,5,5,5,2,3,4,5,5,5,2,5,5,5,5,5,5,5,5,5,5,3,3,5,5,5,5,4,4,4,4,4,4,4,4,2,2,2,2,2,2,2,2","0.000751972198486328","leiden","edit-xhwikibooks.graphml"
"0.48","0.23","0.29","0.418249538550312","1,1,1,2,3,2,3,2,2,2,3,3,2,2,2,2,2,3,4,3,5,1,2,2,2,2,2,2,1,2,3,4,3,3,4,4,6,2,5,5,5,5,1,1,1,1,5,1,1,1,5,5,5,5,5,1,1,1,1,5,2,5,5,2,2,5,5,5,5,5,1,5,2,2,5,5,5,5,5,5,5,2,2,2,2,1,5,5,5,5,2,3,4,5,5,5,2,5,5,5,5,5,5,5,5,5,5,3,3,5,5,5,5,4,4,4,4,4,4,4,4,6,6,6,6,6,6,6,6","0.00078582763671875","leiden","edit-xhwikibooks.graphml"
"0.47","0.24","0.29","0.420328671917634","1,1,1,2,4,2,4,2,2,2,4,4,2,2,2,2,2,4,5,4,6,1,2,2,2,2,2,2,1,2,4,5,4,4,5,5,3,2,6,6,6,6,1,1,1,1,6,1,1,1,6,6,6,6,6,1,1,1,1,6,2,6,6,2,2,6,6,6,6,6,1,6,2,2,6,6,6,6,6,6,6,2,2,2,2,1,6,6,6,6,2,4,5,6,6,6,2,6,6,6,6,6,6,6,6,6,6,4,4,6,6,6,6,5,5,5,5,5,5,5,5,3,3,3,3,3,3,3,3","0.000777006149291992","leiden","edit-xhwikibooks.graphml"
"0.46","0.25","0.29","0.422843661528783","1,1,1,2,3,2,3,2,2,2,3,3,2,2,2,2,2,3,4,3,5,1,2,2,2,2,2,2,1,2,3,4,3,3,4,4,2,2,5,5,5,5,1,1,1,1,5,1,1,1,5,5,5,5,5,1,1,1,1,5,2,5,5,2,2,5,5,5,5,5,1,5,2,2,5,5,5,5,5,5,5,2,2,2,2,1,5,5,5,5,2,3,4,5,5,5,2,5,5,5,5,5,5,5,5,5,5,3,3,5,5,5,5,4,4,4,4,4,4,4,4,2,2,2,2,2,2,2,2","0.000786066055297852","leiden","edit-xhwikibooks.graphml"
"0.45","0.26","0.29","0.423113614916069","1,1,1,2,3,2,3,2,2,2,3,3,2,2,2,2,2,3,4,3,5,1,2,2,2,2,2,2,1,2,3,4,3,3,4,4,6,2,5,5,5,5,1,1,1,1,5,1,1,1,5,5,5,5,5,1,1,1,1,5,2,5,5,2,2,5,5,5,5,5,1,5,2,2,5,5,5,5,5,5,5,2,2,2,2,1,5,5,5,5,2,3,4,5,5,5,2,5,5,5,5,5,5,5,5,5,5,3,3,5,5,5,5,4,4,4,4,4,4,4,4,6,6,6,6,6,6,6,6","0.000798940658569336","leiden","edit-xhwikibooks.graphml"
"0.44","0.27","0.29","0.423113614916069","1,1,1,2,3,2,3,2,2,2,3,3,2,2,2,2,2,3,4,3,5,1,2,2,2,2,2,2,1,2,3,4,3,3,4,4,6,2,5,5,5,5,1,1,1,1,5,1,1,1,5,5,5,5,5,1,1,1,1,5,2,5,5,2,2,5,5,5,5,5,1,5,2,2,5,5,5,5,5,5,5,2,2,2,2,1,5,5,5,5,2,3,4,5,5,5,2,5,5,5,5,5,5,5,5,5,5,3,3,5,5,5,5,4,4,4,4,4,4,4,4,6,6,6,6,6,6,6,6","0.000798940658569336","leiden","edit-xhwikibooks.graphml"
"0.43","0.28","0.29","0.422762459821755","1,1,1,2,4,2,4,2,2,2,4,4,2,2,2,2,2,4,5,4,6,1,2,2,2,2,2,2,1,2,4,5,4,4,5,5,3,2,6,6,6,6,1,1,1,1,6,1,1,1,6,6,6,6,6,1,1,1,1,6,2,6,6,2,2,6,6,6,6,6,1,6,2,2,6,6,6,6,6,6,6,2,2,2,2,1,6,6,6,6,2,4,5,6,6,6,2,6,6,6,6,6,6,6,6,6,6,4,4,6,6,6,6,5,5,5,5,5,5,5,5,3,3,3,3,3,3,3,3","0.000748872756958008","leiden","edit-xhwikibooks.graphml"
"0.42","0.29","0.29","0.424832697614577","1,1,1,2,3,2,3,2,2,2,3,3,2,2,2,2,2,3,4,3,5,1,2,2,2,2,2,2,1,2,3,4,3,3,4,4,6,2,5,5,5,5,1,1,1,1,5,1,1,1,5,5,5,5,5,1,1,1,1,5,2,5,5,2,2,5,5,5,5,5,1,5,2,2,5,5,5,5,5,5,5,2,2,2,2,1,5,5,5,5,2,3,4,5,5,5,2,5,5,5,5,5,5,5,5,5,5,3,3,5,5,5,5,4,4,4,4,4,4,4,4,6,6,6,6,6,6,6,6","0.000746965408325195","leiden","edit-xhwikibooks.graphml"
"0.41","0.3","0.29","0.418951093360967","1,1,1,2,3,2,3,2,2,2,3,3,2,2,2,2,2,3,4,3,5,1,2,2,2,2,2,2,1,2,3,4,3,3,4,4,2,2,5,5,5,5,1,1,1,1,5,1,1,1,5,5,5,5,5,1,1,1,1,5,6,5,5,2,2,5,5,5,5,5,1,5,2,2,5,5,5,5,5,5,5,2,2,2,2,7,5,5,5,5,8,9,10,5,5,5,2,5,5,5,5,5,5,5,5,5,5,3,3,5,5,5,5,4,4,4,4,4,4,4,4,2,2,2,2,2,2,2,2","0.000805139541625977","leiden","edit-xhwikibooks.graphml"
"0.4","0.31","0.29","0.420195601818754","1,1,1,2,3,2,3,2,2,2,3,3,2,2,2,2,2,3,4,3,5,1,2,2,2,2,2,2,1,2,3,4,3,3,4,4,6,2,5,5,5,5,1,1,1,1,5,1,1,1,5,5,5,5,5,1,1,1,1,5,7,5,5,2,2,5,5,5,5,5,1,5,2,2,5,5,5,5,5,5,5,2,2,2,2,8,5,5,5,5,9,10,11,5,5,5,2,5,5,5,5,5,5,5,5,5,5,3,3,5,5,5,5,4,4,4,4,4,4,4,4,6,6,6,6,6,6,6,6","0.000828981399536133","leiden","edit-xhwikibooks.graphml"
"0.39","0.32","0.29","0.419846112754767","1,1,1,2,4,2,4,2,2,2,4,4,2,2,2,2,2,4,5,4,6,1,2,2,2,2,2,2,1,2,4,5,4,4,5,5,3,2,6,6,6,6,1,1,1,1,6,1,1,1,6,6,6,6,6,1,1,1,1,6,7,6,6,2,2,6,6,6,6,6,1,6,2,2,6,6,6,6,6,6,6,2,2,2,2,8,6,6,6,6,9,10,11,6,6,6,2,6,6,6,6,6,6,6,6,6,6,4,4,6,6,6,6,5,5,5,5,5,5,5,5,3,3,3,3,3,3,3,3","0.000967979431152344","leiden","edit-xhwikibooks.graphml"
"0.38","0.33","0.29","0.406286791504926","1,1,1,2,3,2,3,2,2,2,3,3,2,2,2,2,2,3,4,3,5,1,2,2,2,2,2,2,1,2,3,4,3,3,4,4,2,2,5,5,5,5,1,1,1,1,5,1,1,1,5,5,5,5,5,1,1,1,1,5,6,5,5,2,2,5,5,5,5,5,1,5,2,2,5,5,5,5,5,5,5,2,2,2,2,7,5,5,5,5,8,9,10,5,5,5,2,5,5,5,5,5,5,5,5,5,5,3,3,5,5,5,5,4,4,4,4,4,4,4,4,2,2,2,2,2,2,2,2","0.00101184844970703","leiden","edit-xhwikibooks.graphml"
"0.37","0.34","0.29","0.421101354330995","1,1,1,2,3,2,3,2,2,2,3,3,2,2,2,2,2,3,4,3,5,1,2,2,2,2,2,2,1,2,3,4,3,3,4,4,2,2,5,5,5,5,1,1,1,1,5,1,1,1,5,5,5,5,5,1,1,1,1,5,6,5,5,2,2,5,5,5,5,5,1,5,2,2,5,5,5,5,5,5,5,2,2,2,2,7,5,5,5,5,8,9,10,5,5,5,2,5,5,5,5,5,5,5,5,5,5,3,3,5,5,5,5,4,4,4,4,4,4,4,4,2,2,2,2,2,2,2,2","0.00110197067260742","leiden","edit-xhwikibooks.graphml"
"0.36","0.35","0.29","0.422129562526015","1,1,1,2,3,2,3,2,2,2,3,3,2,2,2,2,2,3,4,3,5,1,2,2,2,2,2,2,1,2,3,4,3,3,4,4,2,2,5,5,5,5,1,1,1,1,5,1,1,1,5,5,5,5,5,1,1,1,1,5,6,5,5,2,2,5,5,5,5,5,1,5,2,2,5,5,5,5,5,5,5,2,2,2,2,7,5,5,5,5,8,9,10,5,5,5,2,5,5,5,5,5,5,5,5,5,5,3,3,5,5,5,5,4,4,4,4,4,4,4,4,2,2,2,2,2,2,2,2","0.000873088836669922","leiden","edit-xhwikibooks.graphml"
"0.35","0.36","0.29","0.421784178361249","1,1,1,2,3,2,3,2,2,2,3,3,2,2,2,2,2,3,4,3,5,1,2,2,2,2,2,2,1,2,3,4,3,3,4,4,2,2,5,5,5,5,1,1,1,1,5,1,1,1,5,5,5,5,5,1,1,1,1,5,6,5,5,2,2,5,5,5,5,5,1,5,2,2,5,5,5,5,5,5,5,2,2,2,2,7,5,5,5,5,8,9,10,5,5,5,2,5,5,5,5,5,5,5,5,5,5,3,3,5,5,5,5,4,4,4,4,4,4,4,4,2,2,2,2,2,2,2,2","0.000762939453125","leiden","edit-xhwikibooks.graphml"
"0.34","0.37","0.29","0.421784178361249","1,1,1,2,3,2,3,2,2,2,3,3,2,2,2,2,2,3,4,3,5,1,2,2,2,2,2,2,1,2,3,4,3,3,4,4,2,2,5,5,5,5,1,1,1,1,5,1,1,1,5,5,5,5,5,1,1,1,1,5,6,5,5,2,2,5,5,5,5,5,1,5,2,2,5,5,5,5,5,5,5,2,2,2,2,7,5,5,5,5,8,9,10,5,5,5,2,5,5,5,5,5,5,5,5,5,5,3,3,5,5,5,5,4,4,4,4,4,4,4,4,2,2,2,2,2,2,2,2","0.000790119171142578","leiden","edit-xhwikibooks.graphml"
"0.33","0.38","0.29","0.421439308127447","1,1,1,2,3,2,3,2,2,2,3,3,2,2,2,2,2,3,4,3,5,1,2,2,2,2,2,2,1,2,3,4,3,3,4,4,2,2,5,5,5,5,1,1,1,1,5,1,1,1,5,5,5,5,5,1,1,1,1,5,6,5,5,2,2,5,5,5,5,5,1,5,2,2,5,5,5,5,5,5,5,2,2,2,2,7,5,5,5,5,8,9,10,5,5,5,2,5,5,5,5,5,5,5,5,5,5,3,3,5,5,5,5,4,4,4,4,4,4,4,4,2,2,2,2,2,2,2,2","0.000776052474975586","leiden","edit-xhwikibooks.graphml"
"0.32","0.39","0.29","0.422461920925347","1,1,1,2,3,2,3,2,2,2,3,3,2,2,2,2,2,3,4,3,5,1,2,2,2,2,2,2,1,2,3,4,3,3,4,4,2,2,5,5,5,5,1,1,1,1,5,1,1,1,5,5,5,5,5,1,1,1,1,5,6,5,5,2,2,5,5,5,5,5,1,5,2,2,5,5,5,5,5,5,5,2,2,2,2,7,5,5,5,5,8,9,10,5,5,5,2,5,5,5,5,5,5,5,5,5,5,3,3,5,5,5,5,4,4,4,4,4,4,4,4,2,2,2,2,2,2,2,2","0.000802040100097656","leiden","edit-xhwikibooks.graphml"
"0.31","0.4","0.29","0.424077153495143","1,1,1,2,3,2,3,2,2,2,3,3,2,2,2,2,2,3,4,3,5,1,2,2,2,2,2,2,1,2,3,4,3,3,4,4,2,2,5,5,5,5,1,1,1,1,5,1,1,1,5,5,5,5,5,1,1,1,1,5,6,5,5,2,2,5,5,5,5,5,1,5,2,2,5,5,5,5,5,5,5,2,2,2,2,7,5,5,5,5,8,9,10,5,5,5,2,5,5,5,5,5,5,5,5,5,5,3,3,5,5,5,5,4,4,4,4,4,4,4,4,2,2,2,2,2,2,2,2","0.000808954238891602","leiden","edit-xhwikibooks.graphml"
"0.3","0.41","0.29","0.424077153495143","1,1,1,2,3,2,3,2,2,2,3,3,2,2,2,2,2,3,4,3,5,1,2,2,2,2,2,2,1,2,3,4,3,3,4,4,2,2,5,5,5,5,1,1,1,1,5,1,1,1,5,5,5,5,5,1,1,1,1,5,6,5,5,2,2,5,5,5,5,5,1,5,2,2,5,5,5,5,5,5,5,2,2,2,2,7,5,5,5,5,8,9,10,5,5,5,2,5,5,5,5,5,5,5,5,5,5,3,3,5,5,5,5,4,4,4,4,4,4,4,4,2,2,2,2,2,2,2,2","0.000822067260742188","leiden","edit-xhwikibooks.graphml"
"0.29","0.42","0.29","0.424687419506272","1,2,1,3,1,3,1,3,3,3,1,1,3,3,3,3,3,1,4,1,5,2,3,3,3,3,3,3,2,3,1,4,1,1,4,4,3,3,5,5,5,5,2,2,2,2,5,2,2,2,5,5,5,5,5,2,2,2,2,5,6,5,5,3,3,5,5,5,5,5,2,5,3,3,5,5,5,5,5,5,5,3,3,3,3,7,5,5,5,5,8,9,10,5,5,5,3,5,5,5,5,5,5,5,5,5,5,1,1,5,5,5,5,4,4,4,4,4,4,4,4,3,3,3,3,3,3,3,3","0.000833034515380859","leiden","edit-xhwikibooks.graphml"
"0.28","0.43","0.29","0.426737811750154","1,1,1,2,3,2,3,2,2,2,3,3,2,2,2,2,2,3,4,3,5,1,2,2,2,2,2,2,1,2,3,4,3,3,4,4,2,2,5,5,5,5,1,1,1,1,5,1,1,1,5,5,5,5,5,1,1,1,1,5,6,5,5,2,2,5,5,5,5,5,1,5,2,2,5,5,5,5,5,5,5,2,2,2,2,7,5,5,5,5,8,9,10,5,5,5,2,5,5,5,5,5,5,5,5,5,5,3,3,5,5,5,5,4,4,4,4,4,4,4,4,2,2,2,2,2,2,2,2","0.000842094421386719","leiden","edit-xhwikibooks.graphml"
"0.27","0.44","0.29","0.426393905817175","1,1,1,3,2,3,2,3,3,3,2,2,3,3,3,3,3,2,4,2,5,1,3,3,3,3,3,3,1,3,2,4,2,2,4,4,3,3,5,5,5,5,1,1,1,1,5,1,1,1,5,5,5,5,5,1,1,1,1,5,6,5,5,3,3,5,5,5,5,5,1,5,3,3,5,5,5,5,5,5,5,3,3,3,3,7,5,5,5,5,8,9,10,5,5,5,3,5,5,5,5,5,5,5,5,5,5,2,2,5,5,5,5,4,4,4,4,4,4,4,4,3,3,3,3,3,3,3,3","0.000995159149169922","leiden","edit-xhwikibooks.graphml"
"0.26","0.45","0.29","0.422594411095567","1,2,1,1,1,3,1,3,3,3,1,1,3,3,3,3,3,1,4,1,5,2,3,3,3,3,3,3,2,3,1,4,1,1,4,4,3,3,5,5,5,5,2,2,2,2,5,2,2,2,5,5,5,5,5,2,2,2,2,5,6,5,5,3,3,5,5,5,5,5,2,5,3,3,5,5,5,5,5,5,5,3,3,3,3,7,5,5,5,5,8,9,10,5,5,5,3,5,5,5,5,5,5,5,5,5,5,1,1,5,5,5,5,4,4,4,4,4,4,4,4,3,3,3,3,3,3,3,3","0.000966072082519531","leiden","edit-xhwikibooks.graphml"
"0.25","0.46","0.29","0.42224988821477","1,2,1,1,1,3,1,3,3,3,1,1,3,3,3,3,3,1,4,1,5,2,3,3,3,3,3,3,2,3,1,4,1,1,4,4,3,3,5,5,5,5,2,2,2,2,5,2,2,2,5,5,5,5,5,2,2,2,2,5,6,5,5,3,3,5,5,5,5,5,2,5,3,3,5,5,5,5,5,5,5,3,3,3,3,7,5,5,5,5,8,9,10,5,5,5,3,5,5,5,5,5,5,5,5,5,5,1,1,5,5,5,5,4,4,4,4,4,4,4,4,3,3,3,3,3,3,3,3","0.000802993774414062","leiden","edit-xhwikibooks.graphml"
"0.24","0.47","0.29","0.423280078869127","1,2,1,1,1,3,1,3,3,3,1,1,3,3,3,3,3,1,4,1,5,2,3,3,3,3,3,3,2,3,1,4,1,1,4,4,3,3,5,5,5,5,2,2,2,2,5,2,2,2,5,5,5,5,5,2,2,2,2,5,6,5,5,3,3,5,5,5,5,5,2,5,3,3,5,5,5,5,5,5,5,3,3,3,3,7,5,5,5,5,8,9,10,5,5,5,3,5,5,5,5,5,5,5,5,5,5,1,1,5,5,5,5,4,4,4,4,4,4,4,4,3,3,3,3,3,3,3,3","0.000808000564575195","leiden","edit-xhwikibooks.graphml"
"0.23","0.48","0.29","0.403901029020696","1,1,1,1,2,3,2,3,3,3,2,2,3,3,3,3,3,2,4,2,5,1,3,3,3,3,3,3,1,3,2,4,2,2,4,4,3,3,5,5,5,5,1,1,1,1,5,1,1,1,5,5,5,5,5,1,1,1,1,5,6,5,5,3,3,5,5,5,5,5,1,5,3,3,5,5,5,5,5,5,5,3,3,3,3,7,5,5,5,5,8,9,10,5,5,5,3,5,5,5,5,5,5,5,5,5,5,2,2,5,5,5,5,4,4,4,4,4,4,4,4,3,3,3,3,3,3,3,3","0.000795841217041016","leiden","edit-xhwikibooks.graphml"
"0.22","0.49","0.29","0.403901029020696","1,1,1,1,2,3,2,3,3,3,2,2,3,3,3,3,3,2,4,2,5,1,3,3,3,3,3,3,1,3,2,4,2,2,4,4,3,3,5,5,5,5,1,1,1,1,5,1,1,1,5,5,5,5,5,1,1,1,1,5,6,5,5,3,3,5,5,5,5,5,1,5,3,3,5,5,5,5,5,5,5,3,3,3,3,7,5,5,5,5,8,9,10,5,5,5,3,5,5,5,5,5,5,5,5,5,5,2,2,5,5,5,5,4,4,4,4,4,4,4,4,3,3,3,3,3,3,3,3","0.000821113586425781","leiden","edit-xhwikibooks.graphml"
"0.21","0.5","0.29","0.446857067718606","1,1,1,1,2,3,2,3,3,4,2,2,3,3,3,3,4,2,5,2,6,1,3,3,3,3,3,7,1,4,2,5,2,2,5,5,3,3,6,6,6,6,1,1,1,1,6,1,1,1,6,6,6,6,6,1,1,1,1,6,8,6,6,3,3,6,6,6,6,6,1,6,3,3,6,6,6,6,6,6,6,3,7,7,7,9,6,6,6,6,10,11,12,6,6,6,3,6,6,6,6,6,6,6,6,6,6,2,2,6,6,6,6,5,5,5,5,5,5,5,5,3,3,3,3,3,3,3,3","0.000841856002807617","leiden","edit-xhwikibooks.graphml"
"0.2","0.51","0.29","0.447363576594346","1,1,1,2,3,2,3,4,4,2,3,3,4,4,4,2,2,3,5,3,6,1,4,4,4,4,4,2,1,2,3,5,3,3,5,5,4,4,6,6,6,6,1,1,1,1,6,1,1,1,6,6,6,6,6,1,1,1,1,6,7,6,6,4,4,6,6,6,6,6,1,6,4,4,6,6,6,6,6,6,6,4,2,2,2,8,6,6,6,6,9,10,11,6,6,6,2,6,6,6,6,6,6,6,6,6,6,3,3,6,6,6,6,5,5,5,5,5,5,5,5,4,4,4,4,4,4,4,4","0.000880002975463867","leiden","edit-xhwikibooks.graphml"
"0.19","0.52","0.29","0.447363576594346","1,1,1,3,2,3,2,4,4,3,2,2,4,4,4,3,3,2,5,2,6,1,4,4,4,4,4,3,1,3,2,5,2,2,5,5,4,4,6,6,6,6,1,1,1,1,6,1,1,1,6,6,6,6,6,1,1,1,1,6,7,6,6,4,4,6,6,6,6,6,1,6,4,4,6,6,6,6,6,6,6,4,3,3,3,8,6,6,6,6,9,10,11,6,6,6,3,6,6,6,6,6,6,6,6,6,6,2,2,6,6,6,6,5,5,5,5,5,5,5,5,4,4,4,4,4,4,4,4","0.000826120376586914","leiden","edit-xhwikibooks.graphml"
"0.18","0.53","0.29","0.446509779797097","1,1,1,1,2,3,2,3,3,4,2,2,3,3,3,3,4,2,5,2,6,1,3,3,3,3,3,7,1,4,2,5,2,2,5,5,3,3,6,6,6,6,1,1,1,1,6,1,1,1,6,6,6,6,6,1,1,1,1,6,8,6,6,3,3,6,6,6,6,6,1,6,3,3,6,6,6,6,6,6,6,3,7,7,7,9,6,6,6,6,10,11,12,6,6,6,3,6,6,6,6,6,6,6,6,6,6,2,2,6,6,6,6,5,5,5,5,5,5,5,5,3,3,3,3,3,3,3,3","0.000828981399536133","leiden","edit-xhwikibooks.graphml"
"0.17","0.54","0.29","0.447758004209406","1,1,1,3,1,3,2,4,4,3,2,2,4,4,4,3,3,2,5,2,6,1,4,4,4,4,4,3,1,3,2,5,2,2,5,5,4,4,6,6,6,6,1,1,1,1,6,1,1,1,6,6,6,6,6,1,1,1,1,6,7,6,6,4,4,6,6,6,6,6,1,6,4,4,6,6,6,6,6,6,6,4,3,3,3,8,6,6,6,6,9,10,11,6,6,6,3,6,6,6,6,6,6,6,6,6,6,2,2,6,6,6,6,5,5,5,5,5,5,5,5,4,4,4,4,4,4,4,4","0.000813007354736328","leiden","edit-xhwikibooks.graphml"
"0.16","0.55","0.29","0.448358323569213","1,1,1,3,1,3,2,4,4,3,2,2,4,4,4,3,3,2,5,2,6,1,4,4,4,4,4,3,1,3,2,5,2,2,5,5,4,4,6,6,6,6,1,1,1,1,6,1,1,1,6,6,6,6,6,1,1,1,1,6,7,6,6,4,4,6,6,6,6,6,1,6,4,4,6,6,6,6,6,6,6,4,3,3,3,8,6,6,6,6,9,10,11,6,6,6,3,6,6,6,6,6,6,6,6,6,6,2,2,6,6,6,6,5,5,5,5,5,5,5,5,4,4,4,4,4,4,4,4","0.000810146331787109","leiden","edit-xhwikibooks.graphml"
"0.15","0.56","0.29","0.449880554178733","1,1,1,1,2,3,2,3,3,4,2,2,3,3,3,3,4,2,5,2,6,1,3,3,3,3,3,7,1,4,2,5,2,2,5,5,3,3,6,6,6,6,1,1,1,1,6,1,1,1,6,6,6,6,6,1,1,1,1,6,8,6,6,3,3,6,6,6,6,6,1,6,3,3,6,6,6,6,6,6,6,3,7,7,7,9,6,6,6,6,10,11,12,6,6,6,3,6,6,6,6,6,6,6,6,6,6,2,2,6,6,6,6,5,5,5,5,5,5,5,5,3,3,3,3,3,3,3,3","0.000817060470581055","leiden","edit-xhwikibooks.graphml"
"0.14","0.57","0.29","0.450474443981045","1,1,1,1,2,3,2,3,3,4,2,2,3,3,3,3,4,2,5,2,6,1,3,3,3,3,3,7,1,4,2,5,2,2,5,5,3,3,6,6,6,6,1,1,1,1,6,1,1,1,6,6,6,6,6,1,1,1,1,6,8,6,6,3,3,6,6,6,6,6,1,6,3,3,6,6,6,6,6,6,6,3,7,7,7,9,6,6,6,6,10,11,12,6,6,6,3,6,6,6,6,6,6,6,6,6,6,2,2,6,6,6,6,5,5,5,5,5,5,5,5,3,3,3,3,3,3,3,3","0.000871896743774414","leiden","edit-xhwikibooks.graphml"
"0.13","0.58","0.29","0.444786324786325","1,2,1,1,1,3,1,3,3,3,1,1,3,3,3,3,4,1,5,1,6,2,3,3,3,3,3,7,2,8,9,5,1,1,5,5,3,3,6,6,6,6,2,2,2,2,6,2,2,2,6,6,6,6,6,2,2,2,2,6,10,6,6,11,12,6,6,6,6,6,2,6,3,3,6,6,6,6,6,6,6,13,7,7,7,14,6,6,6,6,15,16,17,6,6,6,18,6,6,6,6,6,6,6,6,6,6,19,20,6,6,6,6,5,5,5,5,5,5,5,5,3,3,3,3,3,3,3,3","0.000807046890258789","leiden","edit-xhwikibooks.graphml"
"0.12","0.59","0.29","0.444439078876646","1,2,1,1,1,3,1,3,3,3,1,1,3,3,3,3,4,1,5,1,6,2,3,3,3,3,3,7,2,8,9,5,1,1,5,5,3,3,6,6,6,6,2,2,2,2,6,2,2,2,6,6,6,6,6,2,2,2,2,6,10,6,6,11,12,6,6,6,6,6,2,6,3,3,6,6,6,6,6,6,6,13,7,7,7,14,6,6,6,6,15,16,17,6,6,6,18,6,6,6,6,6,6,6,6,6,6,19,20,6,6,6,6,5,5,5,5,5,5,5,5,3,3,3,3,3,3,3,3","0.000905990600585938","leiden","edit-xhwikibooks.graphml"
"0.11","0.6","0.29","0.446261516136182","1,2,1,1,1,3,1,3,3,3,1,1,3,3,3,3,4,1,5,1,6,2,3,3,3,3,3,7,2,8,9,5,1,1,5,5,3,3,6,6,6,6,2,2,2,2,6,2,2,2,6,6,6,6,6,2,2,2,2,6,10,6,6,11,12,6,6,6,6,6,2,6,3,3,6,6,6,6,6,6,6,13,7,7,7,14,6,6,6,6,15,16,17,6,6,6,18,6,6,6,6,6,6,6,6,6,6,19,20,6,6,6,6,5,5,5,5,5,5,5,5,3,3,3,3,3,3,3,3","0.000854015350341797","leiden","edit-xhwikibooks.graphml"
"0.1","0.61","0.29","0.445914772009962","1,2,1,1,1,3,1,3,3,3,1,1,3,3,3,3,4,1,5,1,6,2,3,3,3,3,3,7,2,8,9,5,1,1,5,5,3,3,6,6,6,6,2,2,2,2,6,2,2,2,6,6,6,6,6,2,2,2,2,6,10,6,6,11,12,6,6,6,6,6,2,6,3,3,6,6,6,6,6,6,6,13,7,7,7,14,6,6,6,6,15,16,17,6,6,6,18,6,6,6,6,6,6,6,6,6,6,19,20,6,6,6,6,5,5,5,5,5,5,5,5,3,3,3,3,3,3,3,3","0.000910043716430664","leiden","edit-xhwikibooks.graphml"
"0.09","0.62","0.29","0.445980503755578","1,2,1,1,1,3,1,3,3,3,1,1,3,3,3,3,4,1,5,1,6,2,3,3,3,3,3,7,2,8,9,5,1,1,5,5,3,3,6,6,6,6,2,2,2,2,6,2,2,2,6,6,6,6,6,2,2,2,2,6,10,6,6,11,12,6,6,6,6,6,2,6,3,3,6,6,6,6,6,6,6,13,7,7,7,14,6,6,6,6,15,16,17,6,6,6,18,6,6,6,6,6,6,6,6,6,6,19,20,6,6,6,6,5,5,5,5,5,5,5,5,3,3,3,3,3,3,3,3","0.00085902214050293","leiden","edit-xhwikibooks.graphml"
"0.08","0.63","0.29","0.462083140369299","1,2,1,1,1,3,1,3,3,3,1,1,3,3,3,3,4,1,5,1,6,2,3,3,3,3,3,7,2,8,9,5,1,1,5,5,3,3,6,6,6,6,2,2,2,2,6,2,2,2,6,6,6,6,6,2,2,2,2,6,10,6,6,11,12,6,6,6,6,6,2,6,3,3,6,6,6,6,6,6,6,13,7,7,7,14,6,6,6,6,15,16,17,6,6,6,18,6,6,6,6,6,6,6,6,6,6,19,20,6,6,6,6,5,5,5,5,5,5,5,5,3,3,3,3,3,3,3,3","0.000882863998413086","leiden","edit-xhwikibooks.graphml"
"0.07","0.64","0.29","0.462083140369299","1,2,1,1,1,3,1,3,3,3,1,1,3,3,3,3,4,1,5,1,6,2,3,3,3,3,3,7,2,8,9,5,1,1,5,5,3,3,6,6,6,6,2,2,2,2,6,2,2,2,6,6,6,6,6,2,2,2,2,6,10,6,6,11,12,6,6,6,6,6,2,6,3,3,6,6,6,6,6,6,6,13,7,7,7,14,6,6,6,6,15,16,17,6,6,6,18,6,6,6,6,6,6,6,6,6,6,19,20,6,6,6,6,5,5,5,5,5,5,5,5,3,3,3,3,3,3,3,3","0.000931978225708008","leiden","edit-xhwikibooks.graphml"
"0.06","0.65","0.29","0.460551655516784","1,2,1,1,1,1,1,3,3,1,1,1,3,3,3,1,4,1,5,1,6,2,3,3,3,3,3,1,2,7,8,5,1,1,5,5,3,3,6,6,6,6,2,2,2,2,6,2,2,2,6,6,6,6,6,2,2,2,2,6,9,6,6,10,11,6,6,6,6,6,2,6,3,3,6,6,6,6,6,6,6,12,1,1,1,13,6,6,6,6,14,15,16,6,6,6,17,6,6,6,6,6,6,6,6,6,6,18,19,6,6,6,6,5,5,5,5,5,5,5,5,3,3,3,3,3,3,3,3","0.000884771347045898","leiden","edit-xhwikibooks.graphml"
"0.05","0.66","0.29","0.460735066876367","1,2,1,1,1,3,1,3,3,3,1,1,3,3,3,3,4,1,5,1,6,2,3,3,3,3,3,7,2,8,9,5,1,1,5,5,3,3,6,6,6,6,2,2,2,2,6,2,2,2,6,6,6,6,6,2,2,2,2,6,10,6,6,11,12,6,6,6,6,6,2,6,3,3,6,6,6,6,6,6,6,13,7,7,7,14,6,6,6,6,15,16,17,6,6,6,18,6,6,6,6,6,6,6,6,6,6,19,20,6,6,6,6,5,5,5,5,5,5,5,5,3,3,3,3,3,3,3,3","0.000787973403930664","leiden","edit-xhwikibooks.graphml"
"0.04","0.67","0.29","0.473471603962243","1,2,1,3,1,3,1,4,4,3,1,1,4,4,4,3,5,1,6,1,7,2,4,4,4,4,4,3,2,8,9,6,1,1,6,6,4,4,7,7,7,7,2,2,2,2,7,2,2,2,7,7,7,7,7,2,2,2,2,7,10,7,7,11,12,7,7,7,7,7,2,7,4,4,7,7,7,7,7,7,7,13,3,3,3,14,7,7,7,7,15,16,17,7,7,7,18,7,7,7,7,7,7,7,7,7,7,19,20,7,7,7,7,6,6,6,6,6,6,6,6,4,4,4,4,4,4,4,4","0.000805139541625977","leiden","edit-xhwikibooks.graphml"
"0.03","0.68","0.29","0.473675911974337","1,1,1,3,2,3,2,4,4,3,2,2,4,4,4,3,5,2,6,2,7,1,4,4,4,4,4,3,1,8,9,6,2,2,6,6,4,4,7,7,7,7,1,1,1,1,7,1,1,1,7,7,7,7,7,1,1,1,1,7,10,7,7,11,12,7,7,7,7,7,1,7,4,4,7,7,7,7,7,7,7,13,3,3,3,14,7,7,7,7,15,16,17,7,7,7,18,7,7,7,7,7,7,7,7,7,7,19,20,7,7,7,7,6,6,6,6,6,6,6,6,4,4,4,4,4,4,4,4","0.000822067260742188","leiden","edit-xhwikibooks.graphml"
"0.02","0.69","0.29","0.473121329639889","1,2,1,1,3,1,3,4,4,1,3,3,4,4,4,1,5,3,6,3,7,2,4,4,4,4,4,1,2,8,9,6,3,3,6,6,4,4,7,7,7,7,2,2,2,2,7,2,2,2,7,7,7,7,7,2,2,2,2,7,10,7,7,11,12,7,7,7,7,7,2,7,4,4,7,7,7,7,7,7,7,13,1,1,1,14,7,7,7,7,15,16,17,7,7,7,18,7,7,7,7,7,7,7,7,7,7,19,20,7,7,7,7,6,6,6,6,6,6,6,6,4,4,4,4,4,4,4,4","0.000973939895629883","leiden","edit-xhwikibooks.graphml"
"0.01","0.7","0.29","0.474224376134038","1,1,1,3,2,3,2,4,4,3,2,2,4,4,4,3,5,2,6,2,7,1,4,4,4,4,4,3,1,8,9,6,2,2,6,6,4,4,7,7,7,7,1,1,1,1,7,1,1,1,7,7,7,7,7,1,1,1,1,7,10,7,7,11,12,7,7,7,7,7,1,7,4,4,7,7,7,7,7,7,7,13,3,3,3,14,7,7,7,7,15,16,17,7,7,7,18,7,7,7,7,7,7,7,7,7,7,19,20,7,7,7,7,6,6,6,6,6,6,6,6,4,4,4,4,4,4,4,4","0.00078892707824707","leiden","edit-xhwikibooks.graphml"
"0","0.71","0.29","0.476883288879514","1,1,1,1,1,2,4,3,3,2,4,4,3,3,3,2,5,4,6,4,7,1,3,3,3,3,3,2,1,8,9,6,4,4,6,6,3,3,7,7,7,7,1,1,1,1,7,1,1,1,7,7,7,7,7,1,1,1,1,7,10,7,7,11,12,7,7,7,7,7,1,7,3,3,7,7,7,7,7,7,7,13,2,2,2,14,7,7,7,7,15,16,17,7,7,7,18,7,7,7,7,7,7,7,7,7,7,19,20,7,7,7,7,6,6,6,6,6,6,6,6,3,3,3,3,3,3,3,3","0.000802993774414062","leiden","edit-xhwikibooks.graphml"
"0.7","0","0.3","0.409695761147522","1,1,1,2,3,2,3,2,2,2,3,3,2,2,2,2,2,3,4,3,5,1,2,2,2,2,2,2,1,2,3,4,3,3,4,4,2,2,5,5,5,5,1,1,1,1,5,1,1,1,5,5,5,5,5,1,1,1,1,5,2,5,5,2,2,5,5,5,5,5,1,5,2,2,5,5,5,5,5,5,5,2,2,2,2,1,5,5,5,5,2,3,4,5,5,5,2,5,5,5,5,5,5,5,5,5,5,3,3,5,5,5,5,4,4,4,4,4,4,4,4,2,2,2,2,2,2,2,2","0.000809192657470703","leiden","edit-xhwikibooks.graphml"
"0.69","0.01","0.3","0.406571731946268","1,1,1,2,1,2,3,2,2,2,3,3,2,2,2,2,2,3,4,3,5,1,2,2,2,2,2,2,1,2,3,4,3,3,4,4,2,2,5,5,5,5,1,1,1,1,5,1,1,1,5,5,5,5,5,1,1,1,1,5,2,5,5,2,2,5,5,5,5,5,1,5,2,2,5,5,5,5,5,5,5,2,2,2,2,1,5,5,5,5,2,3,4,5,5,5,2,5,5,5,5,5,5,5,5,5,5,3,3,5,5,5,5,4,4,4,4,4,4,4,4,2,2,2,2,2,2,2,2","0.000860929489135742","leiden","edit-xhwikibooks.graphml"
"0.68","0.02","0.3","0.406696337760567","1,1,1,2,3,2,3,2,2,2,3,3,2,2,2,2,2,3,4,3,5,1,2,2,2,2,2,2,1,2,3,4,3,3,4,4,2,2,5,5,5,5,1,1,1,1,5,1,1,1,5,5,5,5,5,1,1,1,1,5,2,5,5,2,2,5,5,5,5,5,1,5,2,2,5,5,5,5,5,5,5,2,2,2,2,1,5,5,5,5,2,3,4,5,5,5,2,5,5,5,5,5,5,5,5,5,5,3,3,5,5,5,5,4,4,4,4,4,4,4,4,2,2,2,2,2,2,2,2","0.000793933868408203","leiden","edit-xhwikibooks.graphml"
"0.67","0.03","0.3","0.406317355723244","1,1,1,2,1,2,3,2,2,2,3,4,2,2,2,2,2,3,3,4,5,1,2,2,2,2,2,2,1,2,3,3,4,4,3,3,2,2,5,5,5,5,1,1,1,1,5,1,1,1,5,5,5,5,5,1,1,1,1,5,2,5,5,2,2,5,5,5,5,5,1,5,2,2,5,5,5,5,5,5,5,2,2,2,2,1,5,5,5,5,2,3,3,5,5,5,2,5,5,5,5,5,5,5,5,5,5,4,4,5,5,5,5,3,3,3,3,3,3,3,3,2,2,2,2,2,2,2,2","0.00070500373840332","leiden","edit-xhwikibooks.graphml"
"0.66","0.04","0.3","0.406370496333298","1,1,1,2,3,2,3,2,2,2,3,3,2,2,2,2,2,3,4,3,5,1,2,2,2,2,2,2,1,2,3,4,3,3,4,4,2,2,5,5,5,5,1,1,1,1,5,1,1,1,5,5,5,5,5,1,1,1,1,5,2,5,5,2,2,5,5,5,5,5,1,5,2,2,5,5,5,5,5,5,5,2,2,2,2,1,5,5,5,5,2,3,4,5,5,5,2,5,5,5,5,5,5,5,5,5,5,3,3,5,5,5,5,4,4,4,4,4,4,4,4,2,2,2,2,2,2,2,2","0.00070500373840332","leiden","edit-xhwikibooks.graphml"
"0.65","0.05","0.3","0.406045133803048","1,1,1,2,3,2,3,2,2,2,3,3,2,2,2,2,2,3,4,3,5,1,2,2,2,2,2,2,1,2,3,4,3,3,4,4,2,2,5,5,5,5,1,1,1,1,5,1,1,1,5,5,5,5,5,1,1,1,1,5,2,5,5,2,2,5,5,5,5,5,1,5,2,2,5,5,5,5,5,5,5,2,2,2,2,1,5,5,5,5,2,3,4,5,5,5,2,5,5,5,5,5,5,5,5,5,5,3,3,5,5,5,5,4,4,4,4,4,4,4,4,2,2,2,2,2,2,2,2","0.000737905502319336","leiden","edit-xhwikibooks.graphml"
"0.64","0.06","0.3","0.406045133803048","1,1,1,2,3,2,3,2,2,2,3,3,2,2,2,2,2,3,4,3,5,1,2,2,2,2,2,2,1,2,3,4,3,3,4,4,2,2,5,5,5,5,1,1,1,1,5,1,1,1,5,5,5,5,5,1,1,1,1,5,2,5,5,2,2,5,5,5,5,5,1,5,2,2,5,5,5,5,5,5,5,2,2,2,2,1,5,5,5,5,2,3,4,5,5,5,2,5,5,5,5,5,5,5,5,5,5,3,3,5,5,5,5,4,4,4,4,4,4,4,4,2,2,2,2,2,2,2,2","0.000722169876098633","leiden","edit-xhwikibooks.graphml"
"0.63","0.07","0.3","0.405596411454893","1,1,1,2,1,2,3,2,2,2,3,3,2,2,2,2,2,3,4,3,5,1,2,2,2,2,2,2,1,2,3,4,3,3,4,4,2,2,5,5,5,5,1,1,1,1,5,1,1,1,5,5,5,5,5,1,1,1,1,5,2,5,5,2,2,5,5,5,5,5,1,5,2,2,5,5,5,5,5,5,5,2,2,2,2,1,5,5,5,5,2,3,4,5,5,5,2,5,5,5,5,5,5,5,5,5,5,3,3,5,5,5,5,4,4,4,4,4,4,4,4,2,2,2,2,2,2,2,2","0.000735044479370117","leiden","edit-xhwikibooks.graphml"
"0.62","0.08","0.3","0.406704558537871","1,1,1,2,1,2,3,2,2,2,3,4,2,2,2,2,2,3,3,4,5,1,2,2,2,2,2,2,1,2,3,3,4,4,3,3,2,2,5,5,5,5,1,1,1,1,5,1,1,1,5,5,5,5,5,1,1,1,1,5,2,5,5,2,2,5,5,5,5,5,1,5,2,2,5,5,5,5,5,5,5,2,2,2,2,1,5,5,5,5,2,3,3,5,5,5,2,5,5,5,5,5,5,5,5,5,5,4,4,5,5,5,5,3,3,3,3,3,3,3,3,2,2,2,2,2,2,2,2","0.000728130340576172","leiden","edit-xhwikibooks.graphml"
"0.61","0.09","0.3","0.406381103769886","1,1,1,2,1,2,3,2,2,2,3,4,2,2,2,2,2,3,3,4,5,1,2,2,2,2,2,2,1,2,3,3,4,4,3,3,2,2,5,5,5,5,1,1,1,1,5,1,1,1,5,5,5,5,5,1,1,1,1,5,2,5,5,2,2,5,5,5,5,5,1,5,2,2,5,5,5,5,5,5,5,2,2,2,2,1,5,5,5,5,2,3,3,5,5,5,2,5,5,5,5,5,5,5,5,5,5,4,4,5,5,5,5,3,3,3,3,3,3,3,3,2,2,2,2,2,2,2,2","0.000725030899047852","leiden","edit-xhwikibooks.graphml"
"0.6","0.1","0.3","0.421870355231867","1,1,1,2,3,2,3,2,2,2,3,3,2,2,2,2,2,3,4,3,5,1,2,2,2,2,2,2,1,2,3,4,3,3,4,4,2,2,5,5,5,5,1,1,1,1,5,1,1,1,5,5,5,5,5,1,1,1,1,5,2,5,5,2,2,5,5,5,5,5,1,5,2,2,5,5,5,5,5,5,5,2,2,2,2,1,5,5,5,5,2,3,4,5,5,5,2,5,5,5,5,5,5,5,5,5,5,3,3,5,5,5,5,4,4,4,4,4,4,4,4,2,2,2,2,2,2,2,2","0.000899076461791992","leiden","edit-xhwikibooks.graphml"
"0.59","0.11","0.3","0.418474799123448","1,1,1,2,1,2,3,2,2,2,3,4,2,2,2,2,2,3,3,4,5,1,2,2,2,2,2,2,1,2,3,3,4,4,3,3,2,2,5,5,5,5,1,1,1,1,5,1,1,1,5,5,5,5,5,1,1,1,1,5,2,5,5,2,2,5,5,5,5,5,1,5,2,2,5,5,5,5,5,5,5,2,2,2,2,1,5,5,5,5,2,3,3,5,5,5,2,5,5,5,5,5,5,5,5,5,5,4,4,5,5,5,5,3,3,3,3,3,3,3,3,2,2,2,2,2,2,2,2","0.000723838806152344","leiden","edit-xhwikibooks.graphml"
"0.58","0.12","0.3","0.420642734040164","1,1,1,2,3,2,3,2,2,2,3,3,2,2,2,2,2,3,4,3,5,1,2,2,2,2,2,2,1,2,3,4,3,3,4,4,2,2,5,5,5,5,1,1,1,1,5,1,1,1,5,5,5,5,5,1,1,1,1,5,2,5,5,2,2,5,5,5,5,5,1,5,2,2,5,5,5,5,5,5,5,2,2,2,2,1,5,5,5,5,2,3,4,5,5,5,2,5,5,5,5,5,5,5,5,5,5,3,3,5,5,5,5,4,4,4,4,4,4,4,4,2,2,2,2,2,2,2,2","0.000741958618164062","leiden","edit-xhwikibooks.graphml"
"0.57","0.13","0.3","0.420170950691141","1,1,1,2,1,2,3,2,2,2,3,4,2,2,2,2,2,3,3,4,5,1,2,2,2,2,2,2,1,2,3,3,4,4,3,3,2,2,5,5,5,5,1,1,1,1,5,1,1,1,5,5,5,5,5,1,1,1,1,5,2,5,5,2,2,5,5,5,5,5,1,5,2,2,5,5,5,5,5,5,5,2,2,2,2,1,5,5,5,5,2,3,3,5,5,5,2,5,5,5,5,5,5,5,5,5,5,4,4,5,5,5,5,3,3,3,3,3,3,3,3,2,2,2,2,2,2,2,2","0.000729084014892578","leiden","edit-xhwikibooks.graphml"
"0.56","0.14","0.3","0.421339774124289","1,1,1,2,3,2,3,2,2,2,3,3,2,2,2,2,2,3,4,3,5,1,2,2,2,2,2,2,1,2,3,4,3,3,4,4,2,2,5,5,5,5,1,1,1,1,5,1,1,1,5,5,5,5,5,1,1,1,1,5,2,5,5,2,2,5,5,5,5,5,1,5,2,2,5,5,5,5,5,5,5,2,2,2,2,1,5,5,5,5,2,3,4,5,5,5,2,5,5,5,5,5,5,5,5,5,5,3,3,5,5,5,5,4,4,4,4,4,4,4,4,2,2,2,2,2,2,2,2","0.000747919082641602","leiden","edit-xhwikibooks.graphml"
"0.55","0.15","0.3","0.423024807051152","1,1,1,2,3,2,3,2,2,2,3,3,2,2,2,2,2,3,4,3,5,1,2,2,2,2,2,2,1,2,3,4,3,3,4,4,2,2,5,5,5,5,1,1,1,1,5,1,1,1,5,5,5,5,5,1,1,1,1,5,2,5,5,2,2,5,5,5,5,5,1,5,2,2,5,5,5,5,5,5,5,2,2,2,2,1,5,5,5,5,2,3,4,5,5,5,2,5,5,5,5,5,5,5,5,5,5,3,3,5,5,5,5,4,4,4,4,4,4,4,4,2,2,2,2,2,2,2,2","0.000743865966796875","leiden","edit-xhwikibooks.graphml"
"0.54","0.16","0.3","0.424057627379553","1,1,1,2,3,2,3,2,2,2,3,3,2,2,2,2,2,3,4,3,5,1,2,2,2,2,2,2,1,2,3,4,3,3,4,4,2,2,5,5,5,5,1,1,1,1,5,1,1,1,5,5,5,5,5,1,1,1,1,5,2,5,5,2,2,5,5,5,5,5,1,5,2,2,5,5,5,5,5,5,5,2,2,2,2,1,5,5,5,5,2,3,4,5,5,5,2,5,5,5,5,5,5,5,5,5,5,3,3,5,5,5,5,4,4,4,4,4,4,4,4,2,2,2,2,2,2,2,2","0.000742912292480469","leiden","edit-xhwikibooks.graphml"
"0.53","0.17","0.3","0.424590351454145","1,1,1,2,1,2,3,2,2,2,3,4,2,2,2,2,2,3,3,4,5,1,2,2,2,2,2,2,1,2,3,3,4,4,3,3,2,2,5,5,5,5,1,1,1,1,5,1,1,1,5,5,5,5,5,1,1,1,1,5,2,5,5,2,2,5,5,5,5,5,1,5,2,2,5,5,5,5,5,5,5,2,2,2,2,1,5,5,5,5,2,3,3,5,5,5,2,5,5,5,5,5,5,5,5,5,5,4,4,5,5,5,5,3,3,3,3,3,3,3,3,2,2,2,2,2,2,2,2","0.000728845596313477","leiden","edit-xhwikibooks.graphml"
"0.52","0.18","0.3","0.424601790156996","1,1,1,2,1,2,3,2,2,2,3,3,2,2,2,2,2,3,4,3,5,1,2,2,2,2,2,2,1,2,3,4,3,3,4,4,2,2,5,5,5,5,1,1,1,1,5,1,1,1,5,5,5,5,5,1,1,1,1,5,2,5,5,2,2,5,5,5,5,5,1,5,2,2,5,5,5,5,5,5,5,2,2,2,2,1,5,5,5,5,2,3,4,5,5,5,2,5,5,5,5,5,5,5,5,5,5,3,3,5,5,5,5,4,4,4,4,4,4,4,4,2,2,2,2,2,2,2,2","0.000739097595214844","leiden","edit-xhwikibooks.graphml"
"0.51","0.19","0.3","0.424245174044853","1,1,1,2,1,2,3,2,2,2,3,4,2,2,2,2,2,3,3,4,5,1,2,2,2,2,2,2,1,2,3,3,4,4,3,3,2,2,5,5,5,5,1,1,1,1,5,1,1,1,5,5,5,5,5,1,1,1,1,5,2,5,5,2,2,5,5,5,5,5,1,5,2,2,5,5,5,5,5,5,5,2,2,2,2,1,5,5,5,5,2,3,3,5,5,5,2,5,5,5,5,5,5,5,5,5,5,4,4,5,5,5,5,3,3,3,3,3,3,3,3,2,2,2,2,2,2,2,2","0.000735044479370117","leiden","edit-xhwikibooks.graphml"
"0.5","0.2","0.3","0.426346602352235","1,1,1,2,3,2,3,2,2,2,3,3,2,2,2,2,2,3,4,3,5,1,2,2,2,2,2,2,1,2,3,4,3,3,4,4,2,2,5,5,5,5,1,1,1,1,5,1,1,1,5,5,5,5,5,1,1,1,1,5,2,5,5,2,2,5,5,5,5,5,1,5,2,2,5,5,5,5,5,5,5,2,2,2,2,1,5,5,5,5,2,3,4,5,5,5,2,5,5,5,5,5,5,5,5,5,5,3,3,5,5,5,5,4,4,4,4,4,4,4,4,2,2,2,2,2,2,2,2","0.000737190246582031","leiden","edit-xhwikibooks.graphml"
"0.49","0.21","0.3","0.416365502913535","1,1,1,2,3,2,3,2,2,2,3,3,2,2,2,2,2,3,4,3,5,1,2,2,2,2,2,2,1,2,3,4,3,3,4,4,6,2,5,5,5,5,1,1,1,1,5,1,1,1,5,5,5,5,5,1,1,1,1,5,2,5,5,2,2,5,5,5,5,5,1,5,2,2,5,5,5,5,5,5,5,2,2,2,2,1,5,5,5,5,2,3,4,5,5,5,2,5,5,5,5,5,5,5,5,5,5,3,3,5,5,5,5,4,4,4,4,4,4,4,4,6,6,6,6,6,6,6,6","0.000826120376586914","leiden","edit-xhwikibooks.graphml"
"0.48","0.22","0.3","0.416365502913535","1,1,1,2,3,2,3,2,2,2,3,3,2,2,2,2,2,3,4,3,5,1,2,2,2,2,2,2,1,2,3,4,3,3,4,4,6,2,5,5,5,5,1,1,1,1,5,1,1,1,5,5,5,5,5,1,1,1,1,5,2,5,5,2,2,5,5,5,5,5,1,5,2,2,5,5,5,5,5,5,5,2,2,2,2,1,5,5,5,5,2,3,4,5,5,5,2,5,5,5,5,5,5,5,5,5,5,3,3,5,5,5,5,4,4,4,4,4,4,4,4,6,6,6,6,6,6,6,6","0.000768899917602539","leiden","edit-xhwikibooks.graphml"
"0.47","0.23","0.3","0.418227564515832","1,1,1,2,4,2,4,2,2,2,4,4,2,2,2,2,2,4,5,4,6,1,2,2,2,2,2,2,1,2,4,5,4,4,5,5,3,2,6,6,6,6,1,1,1,1,6,1,1,1,6,6,6,6,6,1,1,1,1,6,2,6,6,2,2,6,6,6,6,6,1,6,2,2,6,6,6,6,6,6,6,2,2,2,2,1,6,6,6,6,2,4,5,6,6,6,2,6,6,6,6,6,6,6,6,6,6,4,4,6,6,6,6,5,5,5,5,5,5,5,5,3,3,3,3,3,3,3,3","0.000867128372192383","leiden","edit-xhwikibooks.graphml"
"0.46","0.24","0.3","0.420296874211904","1,1,1,2,3,2,3,2,2,2,3,3,2,2,2,2,2,3,4,3,5,1,2,2,2,2,2,2,1,2,3,4,3,3,4,4,6,2,5,5,5,5,1,1,1,1,5,1,1,1,5,5,5,5,5,1,1,1,1,5,2,5,5,2,2,5,5,5,5,5,1,5,2,2,5,5,5,5,5,5,5,2,2,2,2,1,5,5,5,5,2,3,4,5,5,5,2,5,5,5,5,5,5,5,5,5,5,3,3,5,5,5,5,4,4,4,4,4,4,4,4,6,6,6,6,6,6,6,6","0.000752925872802734","leiden","edit-xhwikibooks.graphml"
"0.45","0.25","0.3","0.423065338855524","1,1,1,2,3,2,3,2,2,2,3,3,2,2,2,2,2,3,4,3,5,1,2,2,2,2,2,2,1,2,3,4,3,3,4,4,6,2,5,5,5,5,1,1,1,1,5,1,1,1,5,5,5,5,5,1,1,1,1,5,2,5,5,2,2,5,5,5,5,5,1,5,2,2,5,5,5,5,5,5,5,2,2,2,2,1,5,5,5,5,2,3,4,5,5,5,2,5,5,5,5,5,5,5,5,5,5,3,3,5,5,5,5,4,4,4,4,4,4,4,4,6,6,6,6,6,6,6,6","0.000735044479370117","leiden","edit-xhwikibooks.graphml"
"0.44","0.26","0.3","0.423065338855524","1,1,1,2,4,2,4,2,2,2,4,4,2,2,2,2,2,4,5,4,6,1,2,2,2,2,2,2,1,2,4,5,4,4,5,5,3,2,6,6,6,6,1,1,1,1,6,1,1,1,6,6,6,6,6,1,1,1,1,6,2,6,6,2,2,6,6,6,6,6,1,6,2,2,6,6,6,6,6,6,6,2,2,2,2,1,6,6,6,6,2,4,5,6,6,6,2,6,6,6,6,6,6,6,6,6,6,4,4,6,6,6,6,5,5,5,5,5,5,5,5,3,3,3,3,3,3,3,3","0.000741958618164062","leiden","edit-xhwikibooks.graphml"
"0.43","0.27","0.3","0.423065338855524","1,1,1,2,4,2,4,2,2,2,4,4,2,2,2,2,2,4,5,4,6,1,2,2,2,2,2,2,1,2,4,5,4,4,5,5,3,2,6,6,6,6,1,1,1,1,6,1,1,1,6,6,6,6,6,1,1,1,1,6,2,6,6,2,2,6,6,6,6,6,1,6,2,2,6,6,6,6,6,6,6,2,2,2,2,1,6,6,6,6,2,4,5,6,6,6,2,6,6,6,6,6,6,6,6,6,6,4,4,6,6,6,6,5,5,5,5,5,5,5,5,3,3,3,3,3,3,3,3","0.000745058059692383","leiden","edit-xhwikibooks.graphml"
"0.42","0.28","0.3","0.422715915805567","1,1,1,2,3,2,3,2,2,2,3,3,2,2,2,2,2,3,4,3,5,1,2,2,2,2,2,2,1,2,3,4,3,3,4,4,6,2,5,5,5,5,1,1,1,1,5,1,1,1,5,5,5,5,5,1,1,1,1,5,2,5,5,2,2,5,5,5,5,5,1,5,2,2,5,5,5,5,5,5,5,2,2,2,2,1,5,5,5,5,2,3,4,5,5,5,2,5,5,5,5,5,5,5,5,5,5,3,3,5,5,5,5,4,4,4,4,4,4,4,4,6,6,6,6,6,6,6,6","0.000749111175537109","leiden","edit-xhwikibooks.graphml"
"0.41","0.29","0.3","0.424776477417358","1,1,1,2,3,2,3,2,2,2,3,3,2,2,2,2,2,3,4,3,5,1,2,2,2,2,2,2,1,2,3,4,3,3,4,4,6,2,5,5,5,5,1,1,1,1,5,1,1,1,5,5,5,5,5,1,1,1,1,5,2,5,5,2,2,5,5,5,5,5,1,5,2,2,5,5,5,5,5,5,5,2,2,2,2,1,5,5,5,5,2,3,4,5,5,5,2,5,5,5,5,5,5,5,5,5,5,3,3,5,5,5,5,4,4,4,4,4,4,4,4,6,6,6,6,6,6,6,6","0.00077509880065918","leiden","edit-xhwikibooks.graphml"
"0.4","0.3","0.3","0.423402083161581","1,1,1,2,3,2,3,2,2,2,3,3,2,2,2,2,2,3,4,3,5,1,2,2,2,2,2,2,1,2,3,4,3,3,4,4,6,2,5,5,5,5,1,1,1,1,5,1,1,1,5,5,5,5,5,1,1,1,1,5,2,5,5,2,2,5,5,5,5,5,1,5,2,2,5,5,5,5,5,5,5,2,2,2,2,1,5,5,5,5,2,3,4,5,5,5,2,5,5,5,5,5,5,5,5,5,5,3,3,5,5,5,5,4,4,4,4,4,4,4,4,6,6,6,6,6,6,6,6","0.000777006149291992","leiden","edit-xhwikibooks.graphml"
"0.39","0.31","0.3","0.419846112754767","1,1,1,2,4,2,4,2,2,2,4,4,2,2,2,2,2,4,5,4,6,1,2,2,2,2,2,2,1,2,4,5,4,4,5,5,3,2,6,6,6,6,1,1,1,1,6,1,1,1,6,6,6,6,6,1,1,1,1,6,7,6,6,2,2,6,6,6,6,6,1,6,2,2,6,6,6,6,6,6,6,2,2,2,2,8,6,6,6,6,9,10,11,6,6,6,2,6,6,6,6,6,6,6,6,6,6,4,4,6,6,6,6,5,5,5,5,5,5,5,5,3,3,3,3,3,3,3,3","0.000866889953613281","leiden","edit-xhwikibooks.graphml"
"0.38","0.32","0.3","0.41934681065049","1,1,1,2,1,2,3,2,2,2,3,3,2,2,2,2,2,3,4,3,5,1,2,2,2,2,2,2,1,2,3,4,3,3,4,4,6,2,5,5,5,5,1,1,1,1,5,1,1,1,5,5,5,5,5,1,1,1,1,5,7,5,5,2,2,5,5,5,5,5,1,5,2,2,5,5,5,5,5,5,5,2,2,2,2,8,5,5,5,5,9,10,11,5,5,5,2,5,5,5,5,5,5,5,5,5,5,3,3,5,5,5,5,4,4,4,4,4,4,4,4,6,6,6,6,6,6,6,6","0.000829935073852539","leiden","edit-xhwikibooks.graphml"
"0.37","0.33","0.3","0.419497157644518","1,1,1,2,3,2,3,2,2,2,3,3,2,2,2,2,2,3,4,3,5,1,2,2,2,2,2,2,1,2,3,4,3,3,4,4,6,2,5,5,5,5,1,1,1,1,5,1,1,1,5,5,5,5,5,1,1,1,1,5,7,5,5,2,2,5,5,5,5,5,1,5,2,2,5,5,5,5,5,5,5,2,2,2,2,8,5,5,5,5,9,10,11,5,5,5,2,5,5,5,5,5,5,5,5,5,5,3,3,5,5,5,5,4,4,4,4,4,4,4,4,6,6,6,6,6,6,6,6","0.000921964645385742","leiden","edit-xhwikibooks.graphml"
"0.36","0.34","0.3","0.435012755874474","1,1,1,2,3,2,3,2,2,2,3,3,2,2,2,2,2,3,4,3,5,1,2,2,2,2,2,2,1,2,3,4,3,3,4,4,6,2,5,5,5,5,1,1,1,1,5,1,1,1,5,5,5,5,5,1,1,1,1,5,7,5,5,2,2,5,5,5,5,5,1,5,2,2,5,5,5,5,5,5,5,2,2,2,2,8,5,5,5,5,9,10,11,5,5,5,2,5,5,5,5,5,5,5,5,5,5,3,3,5,5,5,5,4,4,4,4,4,4,4,4,6,6,6,6,6,6,6,6","0.00123095512390137","leiden","edit-xhwikibooks.graphml"
"0.35","0.35","0.3","0.435012755874474","1,1,1,2,3,2,3,2,2,2,3,3,2,2,2,2,2,3,4,3,5,1,2,2,2,2,2,2,1,2,3,4,3,3,4,4,6,2,5,5,5,5,1,1,1,1,5,1,1,1,5,5,5,5,5,1,1,1,1,5,7,5,5,2,2,5,5,5,5,5,1,5,2,2,5,5,5,5,5,5,5,2,2,2,2,8,5,5,5,5,9,10,11,5,5,5,2,5,5,5,5,5,5,5,5,5,5,3,3,5,5,5,5,4,4,4,4,4,4,4,4,6,6,6,6,6,6,6,6","0.000861167907714844","leiden","edit-xhwikibooks.graphml"
"0.34","0.36","0.3","0.434661625551029","1,1,1,2,3,2,3,2,2,2,3,3,2,2,2,2,2,3,4,3,5,1,2,2,2,2,2,2,1,2,3,4,3,3,4,4,6,2,5,5,5,5,1,1,1,1,5,1,1,1,5,5,5,5,5,1,1,1,1,5,7,5,5,2,2,5,5,5,5,5,1,5,2,2,5,5,5,5,5,5,5,2,2,2,2,8,5,5,5,5,9,10,11,5,5,5,2,5,5,5,5,5,5,5,5,5,5,3,3,5,5,5,5,4,4,4,4,4,4,4,4,6,6,6,6,6,6,6,6","0.000844001770019531","leiden","edit-xhwikibooks.graphml"
"0.33","0.37","0.3","0.434661625551029","1,1,1,2,3,2,3,2,2,2,3,3,2,2,2,2,2,3,4,3,5,1,2,2,2,2,2,2,1,2,3,4,3,3,4,4,6,2,5,5,5,5,1,1,1,1,5,1,1,1,5,5,5,5,5,1,1,1,1,5,7,5,5,2,2,5,5,5,5,5,1,5,2,2,5,5,5,5,5,5,5,2,2,2,2,8,5,5,5,5,9,10,11,5,5,5,2,5,5,5,5,5,5,5,5,5,5,3,3,5,5,5,5,4,4,4,4,4,4,4,4,6,6,6,6,6,6,6,6","0.000842809677124023","leiden","edit-xhwikibooks.graphml"
"0.32","0.38","0.3","0.434311011211316","1,1,1,2,3,2,3,2,2,2,3,3,2,2,2,2,2,3,4,3,5,1,2,2,2,2,2,2,1,2,3,4,3,3,4,4,6,2,5,5,5,5,1,1,1,1,5,1,1,1,5,5,5,5,5,1,1,1,1,5,7,5,5,2,2,5,5,5,5,5,1,5,2,2,5,5,5,5,5,5,5,2,2,2,2,8,5,5,5,5,9,10,11,5,5,5,2,5,5,5,5,5,5,5,5,5,5,3,3,5,5,5,5,4,4,4,4,4,4,4,4,6,6,6,6,6,6,6,6","0.000822067260742188","leiden","edit-xhwikibooks.graphml"
"0.31","0.39","0.3","0.435290326674953","1,1,1,2,4,2,4,2,2,2,4,4,2,2,2,2,2,4,5,4,6,1,2,2,2,2,2,2,1,2,4,5,4,4,5,5,3,2,6,6,6,6,1,1,1,1,6,1,1,1,6,6,6,6,6,1,1,1,1,6,7,6,6,2,2,6,6,6,6,6,1,6,2,2,6,6,6,6,6,6,6,2,2,2,2,8,6,6,6,6,9,10,11,6,6,6,2,6,6,6,6,6,6,6,6,6,6,4,4,6,6,6,6,5,5,5,5,5,5,5,5,3,3,3,3,3,3,3,3","0.000757932662963867","leiden","edit-xhwikibooks.graphml"
"0.3","0.4","0.3","0.424744287802643","1,1,1,3,2,3,2,3,3,3,2,2,3,3,3,3,3,2,4,2,5,1,3,3,3,3,3,3,1,3,2,4,2,2,4,4,3,3,5,5,5,5,1,1,1,1,5,1,1,1,5,5,5,5,5,1,1,1,1,5,6,5,5,3,3,5,5,5,5,5,1,5,3,3,5,5,5,5,5,5,5,3,3,3,3,7,5,5,5,5,8,9,10,5,5,5,3,5,5,5,5,5,5,5,5,5,5,2,2,5,5,5,5,4,4,4,4,4,4,4,4,3,3,3,3,3,3,3,3","0.000756978988647461","leiden","edit-xhwikibooks.graphml"
"0.29","0.41","0.3","0.42508849992625","1,1,1,3,2,3,2,3,3,3,2,2,3,3,3,3,3,2,4,2,5,1,3,3,3,3,3,3,1,3,2,4,2,2,4,4,3,3,5,5,5,5,1,1,1,1,5,1,1,1,5,5,5,5,5,1,1,1,1,5,6,5,5,3,3,5,5,5,5,5,1,5,3,3,5,5,5,5,5,5,5,3,3,3,3,7,5,5,5,5,8,9,10,5,5,5,3,5,5,5,5,5,5,5,5,5,5,2,2,5,5,5,5,4,4,4,4,4,4,4,4,3,3,3,3,3,3,3,3","0.000765085220336914","leiden","edit-xhwikibooks.graphml"
"0.28","0.42","0.3","0.424744287802643","1,1,1,3,2,3,2,3,3,3,2,2,3,3,3,3,3,2,4,2,5,1,3,3,3,3,3,3,1,3,2,4,2,2,4,4,3,3,5,5,5,5,1,1,1,1,5,1,1,1,5,5,5,5,5,1,1,1,1,5,6,5,5,3,3,5,5,5,5,5,1,5,3,3,5,5,5,5,5,5,5,3,3,3,3,7,5,5,5,5,8,9,10,5,5,5,3,5,5,5,5,5,5,5,5,5,5,2,2,5,5,5,5,4,4,4,4,4,4,4,4,3,3,3,3,3,3,3,3","0.00076603889465332","leiden","edit-xhwikibooks.graphml"
"0.27","0.43","0.3","0.426737811750154","1,1,1,3,2,3,2,3,3,3,2,2,3,3,3,3,3,2,4,2,5,1,3,3,3,3,3,3,1,3,2,4,2,2,4,4,3,3,5,5,5,5,1,1,1,1,5,1,1,1,5,5,5,5,5,1,1,1,1,5,6,5,5,3,3,5,5,5,5,5,1,5,3,3,5,5,5,5,5,5,5,3,3,3,3,7,5,5,5,5,8,9,10,5,5,5,3,5,5,5,5,5,5,5,5,5,5,2,2,5,5,5,5,4,4,4,4,4,4,4,4,3,3,3,3,3,3,3,3","0.000774860382080078","leiden","edit-xhwikibooks.graphml"
"0.26","0.44","0.3","0.426334072022161","1,2,1,3,1,3,1,3,3,3,1,1,3,3,3,3,3,1,4,1,5,2,3,3,3,3,3,3,2,3,1,4,1,1,4,4,3,3,5,5,5,5,2,2,2,2,5,2,2,2,5,5,5,5,5,2,2,2,2,5,6,5,5,3,3,5,5,5,5,5,2,5,3,3,5,5,5,5,5,5,5,3,3,3,3,7,5,5,5,5,8,9,10,5,5,5,3,5,5,5,5,5,5,5,5,5,5,1,1,5,5,5,5,4,4,4,4,4,4,4,4,3,3,3,3,3,3,3,3","0.00078892707824707","leiden","edit-xhwikibooks.graphml"
"0.25","0.45","0.3","0.428371164642328","1,1,1,3,2,3,2,3,3,3,2,2,3,3,3,3,3,2,4,2,5,1,3,3,3,3,3,3,1,3,2,4,2,2,4,4,3,3,5,5,5,5,1,1,1,1,5,1,1,1,5,5,5,5,5,1,1,1,1,5,6,5,5,3,3,5,5,5,5,5,1,5,3,3,5,5,5,5,5,5,5,3,3,3,3,7,5,5,5,5,8,9,10,5,5,5,3,5,5,5,5,5,5,5,5,5,5,2,2,5,5,5,5,4,4,4,4,4,4,4,4,3,3,3,3,3,3,3,3","0.00078892707824707","leiden","edit-xhwikibooks.graphml"
"0.24","0.46","0.3","0.427964818670592","1,2,1,3,1,3,1,3,3,3,1,1,3,3,3,3,3,1,4,1,5,2,3,3,3,3,3,3,2,3,1,4,1,1,4,4,3,3,5,5,5,5,2,2,2,2,5,2,2,2,5,5,5,5,5,2,2,2,2,5,6,5,5,3,3,5,5,5,5,5,2,5,3,3,5,5,5,5,5,5,5,3,3,3,3,7,5,5,5,5,8,9,10,5,5,5,3,5,5,5,5,5,5,5,5,5,5,1,1,5,5,5,5,4,4,4,4,4,4,4,4,3,3,3,3,3,3,3,3","0.0007781982421875","leiden","edit-xhwikibooks.graphml"
"0.23","0.47","0.3","0.429021685147827","1,1,1,3,2,3,2,3,3,3,2,2,3,3,3,3,3,2,4,2,5,1,3,3,3,3,3,3,1,3,2,4,2,2,4,4,3,3,5,5,5,5,1,1,1,1,5,1,1,1,5,5,5,5,5,1,1,1,1,5,6,5,5,3,3,5,5,5,5,5,1,5,3,3,5,5,5,5,5,5,5,3,3,3,3,7,5,5,5,5,8,9,10,5,5,5,3,5,5,5,5,5,5,5,5,5,5,2,2,5,5,5,5,4,4,4,4,4,4,4,4,3,3,3,3,3,3,3,3","0.000792980194091797","leiden","edit-xhwikibooks.graphml"
"0.22","0.48","0.3","0.428678490172967","1,1,1,3,2,3,2,3,3,3,2,2,3,3,3,3,3,2,4,2,5,1,3,3,3,3,3,3,1,3,2,4,2,2,4,4,3,3,5,5,5,5,1,1,1,1,5,1,1,1,5,5,5,5,5,1,1,1,1,5,6,5,5,3,3,5,5,5,5,5,1,5,3,3,5,5,5,5,5,5,5,3,3,3,3,7,5,5,5,5,8,9,10,5,5,5,3,5,5,5,5,5,5,5,5,5,5,2,2,5,5,5,5,4,4,4,4,4,4,4,4,3,3,3,3,3,3,3,3","0.00082087516784668","leiden","edit-xhwikibooks.graphml"
"0.21","0.49","0.3","0.428678490172967","1,1,1,3,2,3,2,3,3,3,2,2,3,3,3,3,3,2,4,2,5,1,3,3,3,3,3,3,1,3,2,4,2,2,4,4,3,3,5,5,5,5,1,1,1,1,5,1,1,1,5,5,5,5,5,1,1,1,1,5,6,5,5,3,3,5,5,5,5,5,1,5,3,3,5,5,5,5,5,5,5,3,3,3,3,7,5,5,5,5,8,9,10,5,5,5,3,5,5,5,5,5,5,5,5,5,5,2,2,5,5,5,5,4,4,4,4,4,4,4,4,3,3,3,3,3,3,3,3","0.0289070606231689","leiden","edit-xhwikibooks.graphml"
"0.2","0.5","0.3","0.463453254739706","1,2,1,1,3,1,3,4,4,1,3,3,4,4,4,1,1,3,5,3,6,2,4,4,4,4,4,1,2,1,3,5,3,3,5,5,4,4,6,6,6,6,2,2,2,2,6,2,2,2,6,6,6,6,6,2,2,2,2,6,7,6,6,4,4,6,6,6,6,6,2,6,4,4,6,6,6,6,6,6,6,4,1,1,1,8,6,6,6,6,9,10,11,6,6,6,1,6,6,6,6,6,6,6,6,6,6,3,3,6,6,6,6,5,5,5,5,5,5,5,5,4,4,4,4,4,4,4,4","0.00166916847229004","leiden","edit-xhwikibooks.graphml"
"0.19","0.51","0.3","0.463162273439429","1,2,1,1,1,3,1,3,3,4,1,1,3,3,3,3,4,1,6,1,7,2,3,3,3,3,3,5,2,4,1,6,1,1,6,6,3,3,7,7,7,7,2,2,2,2,7,2,2,2,7,7,7,7,7,2,2,2,2,7,8,7,7,3,3,7,7,7,7,7,2,7,3,3,7,7,7,7,7,7,7,3,5,5,5,9,7,7,7,7,10,11,12,7,7,7,3,7,7,7,7,7,7,7,7,7,7,1,1,7,7,7,7,6,6,6,6,6,6,6,6,3,3,3,3,3,3,3,3","0.0016779899597168","leiden","edit-xhwikibooks.graphml"
"0.18","0.52","0.3","0.463162273439429","1,2,1,1,1,3,1,3,3,4,1,1,3,3,3,3,4,1,5,1,6,2,3,3,3,3,3,7,2,4,1,5,1,1,5,5,3,3,6,6,6,6,2,2,2,2,6,2,2,2,6,6,6,6,6,2,2,2,2,6,8,6,6,3,3,6,6,6,6,6,2,6,3,3,6,6,6,6,6,6,6,3,7,7,7,9,6,6,6,6,10,11,12,6,6,6,3,6,6,6,6,6,6,6,6,6,6,1,1,6,6,6,6,5,5,5,5,5,5,5,5,3,3,3,3,3,3,3,3","0.00161004066467285","leiden","edit-xhwikibooks.graphml"
"0.17","0.53","0.3","0.46281457538951","1,2,1,1,1,3,1,3,3,4,1,1,3,3,3,3,4,1,5,1,6,2,3,3,3,3,3,7,2,4,1,5,1,1,5,5,3,3,6,6,6,6,2,2,2,2,6,2,2,2,6,6,6,6,6,2,2,2,2,6,8,6,6,3,3,6,6,6,6,6,2,6,3,3,6,6,6,6,6,6,6,3,7,7,7,9,6,6,6,6,10,11,12,6,6,6,3,6,6,6,6,6,6,6,6,6,6,1,1,6,6,6,6,5,5,5,5,5,5,5,5,3,3,3,3,3,3,3,3","0.0022740364074707","leiden","edit-xhwikibooks.graphml"
"0.16","0.54","0.3","0.464613499475357","1,2,1,1,1,3,1,3,3,4,1,1,3,3,3,3,4,1,5,1,6,2,3,3,3,3,3,7,2,4,1,5,1,1,5,5,3,3,6,6,6,6,2,2,2,2,6,2,2,2,6,6,6,6,6,2,2,2,2,6,8,6,6,3,3,6,6,6,6,6,2,6,3,3,6,6,6,6,6,6,6,3,7,7,7,9,6,6,6,6,10,11,12,6,6,6,3,6,6,6,6,6,6,6,6,6,6,1,1,6,6,6,6,5,5,5,5,5,5,5,5,3,3,3,3,3,3,3,3","0.00164604187011719","leiden","edit-xhwikibooks.graphml"
"0.15","0.55","0.3","0.464574941466099","1,2,1,3,1,3,1,4,4,3,1,1,4,4,4,3,3,1,5,1,6,2,4,4,4,4,4,3,2,3,1,5,1,1,5,5,4,4,6,6,6,6,2,2,2,2,6,2,2,2,6,6,6,6,6,2,2,2,2,6,7,6,6,4,4,6,6,6,6,6,2,6,4,4,6,6,6,6,6,6,6,4,3,3,3,8,6,6,6,6,9,10,11,6,6,6,3,6,6,6,6,6,6,6,6,6,6,1,1,6,6,6,6,5,5,5,5,5,5,5,5,4,4,4,4,4,4,4,4","0.00117206573486328","leiden","edit-xhwikibooks.graphml"
"0.14","0.56","0.3","0.465969","1,2,1,1,1,3,1,3,3,4,1,1,3,3,3,3,4,1,5,1,6,2,3,3,3,3,3,7,2,4,1,5,1,1,5,5,3,3,6,6,6,6,2,2,2,2,6,2,2,2,6,6,6,6,6,2,2,2,2,6,8,6,6,3,3,6,6,6,6,6,2,6,3,3,6,6,6,6,6,6,6,3,7,7,7,9,6,6,6,6,10,11,12,6,6,6,3,6,6,6,6,6,6,6,6,6,6,1,1,6,6,6,6,5,5,5,5,5,5,5,5,3,3,3,3,3,3,3,3","0.000853776931762695","leiden","edit-xhwikibooks.graphml"
"0.13","0.57","0.3","0.466597742638476","1,2,1,1,1,3,1,3,3,4,1,1,3,3,3,3,4,1,5,1,6,2,3,3,3,3,3,7,2,4,1,5,1,1,5,5,3,3,6,6,6,6,2,2,2,2,6,2,2,2,6,6,6,6,6,2,2,2,2,6,8,6,6,3,3,6,6,6,6,6,2,6,3,3,6,6,6,6,6,6,6,3,7,7,7,9,6,6,6,6,10,11,12,6,6,6,3,6,6,6,6,6,6,6,6,6,6,1,1,6,6,6,6,5,5,5,5,5,5,5,5,3,3,3,3,3,3,3,3","0.000849008560180664","leiden","edit-xhwikibooks.graphml"
"0.12","0.58","0.3","0.468282249488103","1,2,1,1,1,3,1,3,3,4,1,1,3,3,3,3,4,1,6,1,7,2,3,3,3,3,3,5,2,4,1,6,1,1,6,6,3,3,7,7,7,7,2,2,2,2,7,2,2,2,7,7,7,7,7,2,2,2,2,7,8,7,7,3,3,7,7,7,7,7,2,7,3,3,7,7,7,7,7,7,7,3,5,5,5,9,7,7,7,7,10,11,12,7,7,7,3,7,7,7,7,7,7,7,7,7,7,1,1,7,7,7,7,6,6,6,6,6,6,6,6,3,3,3,3,3,3,3,3","0.000992059707641602","leiden","edit-xhwikibooks.graphml"
"0.11","0.59","0.3","0.468273062547957","1,2,1,3,1,3,1,4,4,3,1,1,4,4,4,3,3,1,5,1,6,2,4,4,4,4,4,3,2,3,1,5,1,1,5,5,4,4,6,6,6,6,2,2,2,2,6,2,2,2,6,6,6,6,6,2,2,2,2,6,7,6,6,4,4,6,6,6,6,6,2,6,4,4,6,6,6,6,6,6,6,4,3,3,3,8,6,6,6,6,9,10,11,6,6,6,3,6,6,6,6,6,6,6,6,6,6,1,1,6,6,6,6,5,5,5,5,5,5,5,5,4,4,4,4,4,4,4,4","0.000829219818115234","leiden","edit-xhwikibooks.graphml"
"0.1","0.6","0.3","0.462689975644084","1,2,1,1,1,3,1,3,3,3,1,1,3,3,3,3,4,1,5,1,6,2,3,3,3,3,3,7,2,8,9,5,1,1,5,5,3,3,6,6,6,6,2,2,2,2,6,2,2,2,6,6,6,6,6,2,2,2,2,6,10,6,6,11,12,6,6,6,6,6,2,6,3,3,6,6,6,6,6,6,6,13,7,7,7,14,6,6,6,6,15,16,17,6,6,6,18,6,6,6,6,6,6,6,6,6,6,19,20,6,6,6,6,5,5,5,5,5,5,5,5,3,3,3,3,3,3,3,3","0.000914096832275391","leiden","edit-xhwikibooks.graphml"
"0.09","0.61","0.3","0.445914772009962","1,2,1,1,1,3,1,3,3,3,1,1,3,3,3,3,4,1,5,1,6,2,3,3,3,3,3,7,2,8,9,5,1,1,5,5,3,3,6,6,6,6,2,2,2,2,6,2,2,2,6,6,6,6,6,2,2,2,2,6,10,6,6,11,12,6,6,6,6,6,2,6,3,3,6,6,6,6,6,6,6,13,7,7,7,14,6,6,6,6,15,16,17,6,6,6,18,6,6,6,6,6,6,6,6,6,6,19,20,6,6,6,6,5,5,5,5,5,5,5,5,3,3,3,3,3,3,3,3","0.000898122787475586","leiden","edit-xhwikibooks.graphml"
"0.08","0.62","0.3","0.446819033735944","1,3,1,1,1,2,1,2,2,2,1,1,2,2,2,2,4,1,5,1,6,3,2,2,2,2,2,2,3,7,8,5,1,1,5,5,2,2,6,6,6,6,3,3,3,3,6,3,3,3,6,6,6,6,6,3,3,3,3,6,9,6,6,10,11,6,6,6,6,6,3,6,2,2,6,6,6,6,6,6,6,12,2,2,2,13,6,6,6,6,14,15,16,6,6,6,17,6,6,6,6,6,6,6,6,6,6,18,19,6,6,6,6,5,5,5,5,5,5,5,5,2,2,2,2,2,2,2,2","0.000895977020263672","leiden","edit-xhwikibooks.graphml"
"0.07","0.63","0.3","0.446347056873668","1,2,1,1,1,1,1,3,3,1,1,1,3,3,3,1,4,1,5,1,6,2,3,3,3,3,3,1,2,7,8,5,1,1,5,5,3,3,6,6,6,6,2,2,2,2,6,2,2,2,6,6,6,6,6,2,2,2,2,6,9,6,6,10,11,6,6,6,6,6,2,6,3,3,6,6,6,6,6,6,6,12,1,1,1,13,6,6,6,6,14,15,16,6,6,6,17,6,6,6,6,6,6,6,6,6,6,18,19,6,6,6,6,5,5,5,5,5,5,5,5,3,3,3,3,3,3,3,3","0.000900030136108398","leiden","edit-xhwikibooks.graphml"
"0.06","0.64","0.3","0.446540331538788","1,2,1,1,1,3,1,3,3,3,1,1,3,3,3,3,4,1,5,1,6,2,3,3,3,3,3,7,2,8,9,5,1,1,5,5,3,3,6,6,6,6,2,2,2,2,6,2,2,2,6,6,6,6,6,2,2,2,2,6,10,6,6,11,12,6,6,6,6,6,2,6,3,3,6,6,6,6,6,6,6,13,7,7,7,14,6,6,6,6,15,16,17,6,6,6,18,6,6,6,6,6,6,6,6,6,6,19,20,6,6,6,6,5,5,5,5,5,5,5,5,3,3,3,3,3,3,3,3","0.000826120376586914","leiden","edit-xhwikibooks.graphml"
"0.05","0.65","0.3","0.446129101837142","1,3,1,1,1,2,1,2,2,2,1,1,2,2,2,2,4,1,5,1,6,3,2,2,2,2,2,2,3,7,8,5,1,1,5,5,2,2,6,6,6,6,3,3,3,3,6,3,3,3,6,6,6,6,6,3,3,3,3,6,9,6,6,10,11,6,6,6,6,6,3,6,2,2,6,6,6,6,6,6,6,12,2,2,2,13,6,6,6,6,14,15,16,6,6,6,17,6,6,6,6,6,6,6,6,6,6,18,19,6,6,6,6,5,5,5,5,5,5,5,5,2,2,2,2,2,2,2,2","0.000929117202758789","leiden","edit-xhwikibooks.graphml"
"0.04","0.66","0.3","0.446194432576603","1,2,1,1,1,3,1,3,3,3,1,1,3,3,3,3,4,1,5,1,6,2,3,3,3,3,3,7,2,8,9,5,1,1,5,5,3,3,6,6,6,6,2,2,2,2,6,2,2,2,6,6,6,6,6,2,2,2,2,6,10,6,6,11,12,6,6,6,6,6,2,6,3,3,6,6,6,6,6,6,6,13,7,7,7,14,6,6,6,6,15,16,17,6,6,6,18,6,6,6,6,6,6,6,6,6,6,19,20,6,6,6,6,5,5,5,5,5,5,5,5,3,3,3,3,3,3,3,3","0.000943183898925781","leiden","edit-xhwikibooks.graphml"
"0.03","0.67","0.3","0.458800674842984","1,1,1,1,2,3,2,3,3,3,2,2,3,3,3,3,4,2,5,2,6,1,3,3,3,3,3,7,1,8,9,5,2,2,5,5,3,3,6,6,6,6,1,1,1,1,6,1,1,1,6,6,6,6,6,1,1,1,1,6,10,6,6,11,12,6,6,6,6,6,1,6,3,3,6,6,6,6,6,6,6,13,7,7,7,14,6,6,6,6,15,16,17,6,6,6,18,6,6,6,6,6,6,6,6,6,6,19,20,6,6,6,6,5,5,5,5,5,5,5,5,3,3,3,3,3,3,3,3","0.000904083251953125","leiden","edit-xhwikibooks.graphml"
"0.02","0.68","0.3","0.458984777803823","1,1,1,2,3,2,3,4,4,2,3,3,4,4,4,2,5,3,6,3,7,1,4,4,4,4,4,2,1,8,9,6,3,3,6,6,4,4,7,7,7,7,1,1,1,1,7,1,1,1,7,7,7,7,7,1,1,1,1,7,10,7,7,11,12,7,7,7,7,7,1,7,4,4,7,7,7,7,7,7,7,13,2,2,2,14,7,7,7,7,15,16,17,7,7,7,18,7,7,7,7,7,7,7,7,7,7,19,20,7,7,7,7,6,6,6,6,6,6,6,6,4,4,4,4,4,4,4,4","0.000842094421386719","leiden","edit-xhwikibooks.graphml"
"0.01","0.69","0.3","0.458455990136586","1,1,1,1,2,3,2,3,3,3,2,2,3,3,3,3,4,2,5,2,6,1,3,3,3,3,3,7,1,8,9,5,2,2,5,5,3,3,6,6,6,6,1,1,1,1,6,1,1,1,6,6,6,6,6,1,1,1,1,6,10,6,6,11,12,6,6,6,6,6,1,6,3,3,6,6,6,6,6,6,6,13,7,7,7,14,6,6,6,6,15,16,17,6,6,6,18,6,6,6,6,6,6,6,6,6,6,19,20,6,6,6,6,5,5,5,5,5,5,5,5,3,3,3,3,3,3,3,3","0.000919103622436523","leiden","edit-xhwikibooks.graphml"
"0","0.7","0.3","0.462726622373117","1,1,1,1,1,2,3,2,2,2,3,3,2,2,2,2,4,3,5,3,6,1,2,2,2,2,2,7,1,8,9,5,3,3,5,5,2,2,6,6,6,6,1,1,1,1,6,1,1,1,6,6,6,6,6,1,1,1,1,6,10,6,6,11,12,6,6,6,6,6,1,6,2,2,6,6,6,6,6,6,6,13,7,7,7,14,6,6,6,6,15,16,17,6,6,6,18,6,6,6,6,6,6,6,6,6,6,19,20,6,6,6,6,5,5,5,5,5,5,5,5,2,2,2,2,2,2,2,2","0.000946998596191406","leiden","edit-xhwikibooks.graphml"
"0.69","0","0.31","0.409695761147522","1,1,1,2,3,2,3,2,2,2,3,3,2,2,2,2,2,3,4,3,5,1,2,2,2,2,2,2,1,2,3,4,3,3,4,4,2,2,5,5,5,5,1,1,1,1,5,1,1,1,5,5,5,5,5,1,1,1,1,5,2,5,5,2,2,5,5,5,5,5,1,5,2,2,5,5,5,5,5,5,5,2,2,2,2,1,5,5,5,5,2,3,4,5,5,5,2,5,5,5,5,5,5,5,5,5,5,3,3,5,5,5,5,4,4,4,4,4,4,4,4,2,2,2,2,2,2,2,2","0.00073695182800293","leiden","edit-xhwikibooks.graphml"
"0.68","0.01","0.31","0.409695761147522","1,1,1,2,3,2,3,2,2,2,3,3,2,2,2,2,2,3,4,3,5,1,2,2,2,2,2,2,1,2,3,4,3,3,4,4,2,2,5,5,5,5,1,1,1,1,5,1,1,1,5,5,5,5,5,1,1,1,1,5,2,5,5,2,2,5,5,5,5,5,1,5,2,2,5,5,5,5,5,5,5,2,2,2,2,1,5,5,5,5,2,3,4,5,5,5,2,5,5,5,5,5,5,5,5,5,5,3,3,5,5,5,5,4,4,4,4,4,4,4,4,2,2,2,2,2,2,2,2","0.000746965408325195","leiden","edit-xhwikibooks.graphml"
"0.67","0.02","0.31","0.409695761147522","1,1,1,2,3,2,3,2,2,2,3,3,2,2,2,2,2,3,4,3,5,1,2,2,2,2,2,2,1,2,3,4,3,3,4,4,2,2,5,5,5,5,1,1,1,1,5,1,1,1,5,5,5,5,5,1,1,1,1,5,2,5,5,2,2,5,5,5,5,5,1,5,2,2,5,5,5,5,5,5,5,2,2,2,2,1,5,5,5,5,2,3,4,5,5,5,2,5,5,5,5,5,5,5,5,5,5,3,3,5,5,5,5,4,4,4,4,4,4,4,4,2,2,2,2,2,2,2,2","0.000750064849853516","leiden","edit-xhwikibooks.graphml"
"0.66","0.03","0.31","0.409369523908109","1,1,1,2,3,2,3,2,2,2,3,3,2,2,2,2,2,3,4,3,5,1,2,2,2,2,2,2,1,2,3,4,3,3,4,4,2,2,5,5,5,5,1,1,1,1,5,1,1,1,5,5,5,5,5,1,1,1,1,5,2,5,5,2,2,5,5,5,5,5,1,5,2,2,5,5,5,5,5,5,5,2,2,2,2,1,5,5,5,5,2,3,4,5,5,5,2,5,5,5,5,5,5,5,5,5,5,3,3,5,5,5,5,4,4,4,4,4,4,4,4,2,2,2,2,2,2,2,2","0.000729084014892578","leiden","edit-xhwikibooks.graphml"
"0.65","0.04","0.31","0.409305091530945","1,1,1,2,1,2,3,2,2,2,3,4,2,2,2,2,2,3,3,4,5,1,2,2,2,2,2,2,1,2,3,3,4,4,3,3,2,2,5,5,5,5,1,1,1,1,5,1,1,1,5,5,5,5,5,1,1,1,1,5,2,5,5,2,2,5,5,5,5,5,1,5,2,2,5,5,5,5,5,5,5,2,2,2,2,1,5,5,5,5,2,3,3,5,5,5,2,5,5,5,5,5,5,5,5,5,5,4,4,5,5,5,5,3,3,3,3,3,3,3,3,2,2,2,2,2,2,2,2","0.000756025314331055","leiden","edit-xhwikibooks.graphml"
"0.64","0.05","0.31","0.408980516003356","1,1,1,2,1,2,3,2,2,2,3,4,2,2,2,2,2,3,3,4,5,1,2,2,2,2,2,2,1,2,3,3,4,4,3,3,2,2,5,5,5,5,1,1,1,1,5,1,1,1,5,5,5,5,5,1,1,1,1,5,2,5,5,2,2,5,5,5,5,5,1,5,2,2,5,5,5,5,5,5,5,2,2,2,2,1,5,5,5,5,2,3,3,5,5,5,2,5,5,5,5,5,5,5,5,5,5,4,4,5,5,5,5,3,3,3,3,3,3,3,3,2,2,2,2,2,2,2,2","0.000744104385375977","leiden","edit-xhwikibooks.graphml"
"0.63","0.06","0.31","0.408980516003356","1,1,1,2,1,2,3,2,2,2,3,4,2,2,2,2,2,3,3,4,5,1,2,2,2,2,2,2,1,2,3,3,4,4,3,3,2,2,5,5,5,5,1,1,1,1,5,1,1,1,5,5,5,5,5,1,1,1,1,5,2,5,5,2,2,5,5,5,5,5,1,5,2,2,5,5,5,5,5,5,5,2,2,2,2,1,5,5,5,5,2,3,3,5,5,5,2,5,5,5,5,5,5,5,5,5,5,4,4,5,5,5,5,3,3,3,3,3,3,3,3,2,2,2,2,2,2,2,2","0.000756025314331055","leiden","edit-xhwikibooks.graphml"
"0.62","0.07","0.31","0.40865641025641","1,1,1,2,1,2,3,2,2,2,3,4,2,2,2,2,2,3,3,4,5,1,2,2,2,2,2,2,1,2,3,3,4,4,3,3,2,2,5,5,5,5,1,1,1,1,5,1,1,1,5,5,5,5,5,1,1,1,1,5,2,5,5,2,2,5,5,5,5,5,1,5,2,2,5,5,5,5,5,5,5,2,2,2,2,1,5,5,5,5,2,3,3,5,5,5,2,5,5,5,5,5,5,5,5,5,5,4,4,5,5,5,5,3,3,3,3,3,3,3,3,2,2,2,2,2,2,2,2","0.00077509880065918","leiden","edit-xhwikibooks.graphml"
"0.61","0.08","0.31","0.409745784063424","1,1,1,2,3,2,3,2,2,2,3,3,2,2,2,2,2,3,4,3,5,1,2,2,2,2,2,2,1,2,3,4,3,3,4,4,2,2,5,5,5,5,1,1,1,1,5,1,1,1,5,5,5,5,5,1,1,1,1,5,2,5,5,2,2,5,5,5,5,5,1,5,2,2,5,5,5,5,5,5,5,2,2,2,2,1,5,5,5,5,2,3,4,5,5,5,2,5,5,5,5,5,5,5,5,5,5,3,3,5,5,5,5,4,4,4,4,4,4,4,4,2,2,2,2,2,2,2,2","0.000800132751464844","leiden","edit-xhwikibooks.graphml"
"0.6","0.09","0.31","0.409420771919973","1,1,1,2,3,2,3,2,2,2,3,3,2,2,2,2,2,3,4,3,5,1,2,2,2,2,2,2,1,2,3,4,3,3,4,4,2,2,5,5,5,5,1,1,1,1,5,1,1,1,5,5,5,5,5,1,1,1,1,5,2,5,5,2,2,5,5,5,5,5,1,5,2,2,5,5,5,5,5,5,5,2,2,2,2,1,5,5,5,5,2,3,4,5,5,5,2,5,5,5,5,5,5,5,5,5,5,3,3,5,5,5,5,4,4,4,4,4,4,4,4,2,2,2,2,2,2,2,2","0.000738859176635742","leiden","edit-xhwikibooks.graphml"
"0.59","0.1","0.31","0.409358961330667","1,1,1,2,1,2,3,2,2,2,3,4,2,2,2,2,2,3,3,4,5,1,2,2,2,2,2,2,1,2,3,3,4,4,3,3,2,2,5,5,5,5,1,1,1,1,5,1,1,1,5,5,5,5,5,1,1,1,1,5,2,5,5,2,2,5,5,5,5,5,1,5,2,2,5,5,5,5,5,5,5,2,2,2,2,1,5,5,5,5,2,3,3,5,5,5,2,5,5,5,5,5,5,5,5,5,5,4,4,5,5,5,5,3,3,3,3,3,3,3,3,2,2,2,2,2,2,2,2","0.000745058059692383","leiden","edit-xhwikibooks.graphml"
"0.58","0.11","0.31","0.40605811965812","1,1,1,2,1,2,3,2,2,2,3,4,2,2,2,2,2,3,3,4,5,1,2,2,2,2,2,2,1,2,3,3,4,4,3,3,2,2,5,5,5,5,1,1,1,1,5,1,1,1,5,5,5,5,5,1,1,1,1,5,2,5,5,2,2,5,5,5,5,5,1,5,2,2,5,5,5,5,5,5,5,2,2,2,2,1,5,5,5,5,2,3,3,5,5,5,2,5,5,5,5,5,5,5,5,5,5,4,4,5,5,5,5,3,3,3,3,3,3,3,3,2,2,2,2,2,2,2,2","0.00102710723876953","leiden","edit-xhwikibooks.graphml"
"0.57","0.12","0.31","0.408059891318126","1,1,1,2,1,2,3,2,2,2,3,4,2,2,2,2,2,3,3,4,5,1,2,2,2,2,2,2,1,2,3,3,4,4,3,3,2,2,5,5,5,5,1,1,1,1,5,1,1,1,5,5,5,5,5,1,1,1,1,5,2,5,5,2,2,5,5,5,5,5,1,5,2,2,5,5,5,5,5,5,5,2,2,2,2,1,5,5,5,5,2,3,3,5,5,5,2,5,5,5,5,5,5,5,5,5,5,4,4,5,5,5,5,3,3,3,3,3,3,3,3,2,2,2,2,2,2,2,2","0.000746011734008789","leiden","edit-xhwikibooks.graphml"
"0.56","0.13","0.31","0.407797725837547","1,1,1,2,3,2,3,2,2,2,3,3,2,2,2,2,2,3,4,3,5,1,2,2,2,2,2,2,1,2,3,4,3,3,4,4,2,2,5,5,5,5,1,1,1,1,5,1,1,1,5,5,5,5,5,1,1,1,1,5,2,5,5,2,2,5,5,5,5,5,1,5,2,2,5,5,5,5,5,5,5,2,2,2,2,1,5,5,5,5,2,3,4,5,5,5,2,5,5,5,5,5,5,5,5,5,5,3,3,5,5,5,5,4,4,4,4,4,4,4,4,2,2,2,2,2,2,2,2","0.000772953033447266","leiden","edit-xhwikibooks.graphml"
"0.55","0.14","0.31","0.408822243622716","1,1,1,2,3,2,3,2,2,2,3,3,2,2,2,2,2,3,4,3,5,1,2,2,2,2,2,2,1,2,3,4,3,3,4,4,2,2,5,5,5,5,1,1,1,1,5,1,1,1,5,5,5,5,5,1,1,1,1,5,2,5,5,2,2,5,5,5,5,5,1,5,2,2,5,5,5,5,5,5,5,2,2,2,2,1,5,5,5,5,2,3,4,5,5,5,2,5,5,5,5,5,5,5,5,5,5,3,3,5,5,5,5,4,4,4,4,4,4,4,4,2,2,2,2,2,2,2,2","0.000733137130737305","leiden","edit-xhwikibooks.graphml"
"0.54","0.15","0.31","0.410418075252716","1,1,1,2,1,2,3,2,2,2,3,4,2,2,2,2,2,3,3,4,5,1,2,2,2,2,2,2,1,2,3,3,4,4,3,3,2,2,5,5,5,5,1,1,1,1,5,1,1,1,5,5,5,5,5,1,1,1,1,5,2,5,5,2,2,5,5,5,5,5,1,5,2,2,5,5,5,5,5,5,5,2,2,2,2,1,5,5,5,5,2,3,3,5,5,5,2,5,5,5,5,5,5,5,5,5,5,4,4,5,5,5,5,3,3,3,3,3,3,3,3,2,2,2,2,2,2,2,2","0.000745058059692383","leiden","edit-xhwikibooks.graphml"
"0.53","0.16","0.31","0.411430741734616","1,1,1,2,1,2,3,2,2,2,3,4,2,2,2,2,2,3,3,4,5,1,2,2,2,2,2,2,1,2,3,3,4,4,3,3,2,2,5,5,5,5,1,1,1,1,5,1,1,1,5,5,5,5,5,1,1,1,1,5,2,5,5,2,2,5,5,5,5,5,1,5,2,2,5,5,5,5,5,5,5,2,2,2,2,1,5,5,5,5,2,3,3,5,5,5,2,5,5,5,5,5,5,5,5,5,5,4,4,5,5,5,5,3,3,3,3,3,3,3,3,2,2,2,2,2,2,2,2","0.00073695182800293","leiden","edit-xhwikibooks.graphml"
"0.52","0.17","0.31","0.412193048004329","1,1,1,2,3,2,3,2,2,2,3,3,2,2,2,2,2,3,4,3,5,1,2,2,2,2,2,2,1,2,3,4,3,3,4,4,2,2,5,5,5,5,1,1,1,1,5,1,1,1,5,5,5,5,5,1,1,1,1,5,2,5,5,2,2,5,5,5,5,5,1,5,2,2,5,5,5,5,5,5,5,2,2,2,2,1,5,5,5,5,2,3,4,5,5,5,2,5,5,5,5,5,5,5,5,5,5,3,3,5,5,5,5,4,4,4,4,4,4,4,4,2,2,2,2,2,2,2,2","0.000751972198486328","leiden","edit-xhwikibooks.graphml"
"0.51","0.18","0.31","0.409311578503285","1,1,1,2,3,2,3,2,2,2,3,3,2,2,2,2,2,3,4,3,5,1,2,2,2,2,2,2,1,2,3,4,3,3,4,4,2,2,5,5,5,5,1,1,1,1,5,1,1,1,5,5,5,5,5,1,1,1,1,5,2,5,5,2,2,5,5,5,5,5,1,5,2,2,5,5,5,5,5,5,5,2,2,2,2,1,5,5,5,5,2,3,4,5,5,5,2,5,5,5,5,5,5,5,5,5,5,3,3,5,5,5,5,4,4,4,4,4,4,4,4,2,2,2,2,2,2,2,2","0.000783920288085938","leiden","edit-xhwikibooks.graphml"
"0.5","0.19","0.31","0.408899394809214","1,1,1,2,1,2,3,2,2,2,3,4,2,2,2,2,2,3,3,4,5,1,2,2,2,2,2,2,1,2,3,3,4,4,3,3,2,2,5,5,5,5,1,1,1,1,5,1,1,1,5,5,5,5,5,1,1,1,1,5,2,5,5,2,2,5,5,5,5,5,1,5,2,2,5,5,5,5,5,5,5,2,2,2,2,1,5,5,5,5,2,3,3,5,5,5,2,5,5,5,5,5,5,5,5,5,5,4,4,5,5,5,5,3,3,3,3,3,3,3,3,2,2,2,2,2,2,2,2","0.000770092010498047","leiden","edit-xhwikibooks.graphml"
"0.49","0.2","0.31","0.410933162304184","1,1,1,2,3,2,3,2,2,2,3,3,2,2,2,2,2,3,4,3,5,1,2,2,2,2,2,2,1,2,3,4,3,3,4,4,2,2,5,5,5,5,1,1,1,1,5,1,1,1,5,5,5,5,5,1,1,1,1,5,2,5,5,2,2,5,5,5,5,5,1,5,2,2,5,5,5,5,5,5,5,2,2,2,2,1,5,5,5,5,2,3,4,5,5,5,2,5,5,5,5,5,5,5,5,5,5,3,3,5,5,5,5,4,4,4,4,4,4,4,4,2,2,2,2,2,2,2,2","0.000777959823608398","leiden","edit-xhwikibooks.graphml"
"0.48","0.21","0.31","0.410609394728027","1,1,1,2,3,2,3,2,2,2,3,3,2,2,2,2,2,3,4,3,5,1,2,2,2,2,2,2,1,2,3,4,3,3,4,4,2,2,5,5,5,5,1,1,1,1,5,1,1,1,5,5,5,5,5,1,1,1,1,5,2,5,5,2,2,5,5,5,5,5,1,5,2,2,5,5,5,5,5,5,5,2,2,2,2,1,5,5,5,5,2,3,4,5,5,5,2,5,5,5,5,5,5,5,5,5,5,3,3,5,5,5,5,4,4,4,4,4,4,4,4,2,2,2,2,2,2,2,2","0.00077509880065918","leiden","edit-xhwikibooks.graphml"
"0.47","0.22","0.31","0.41052487824989","1,1,1,2,1,2,3,2,2,2,3,4,2,2,2,2,2,3,3,4,5,1,2,2,2,2,2,2,1,2,3,3,4,4,3,3,2,2,5,5,5,5,1,1,1,1,5,1,1,1,5,5,5,5,5,1,1,1,1,5,2,5,5,2,2,5,5,5,5,5,1,5,2,2,5,5,5,5,5,5,5,2,2,2,2,1,5,5,5,5,2,3,3,5,5,5,2,5,5,5,5,5,5,5,5,5,5,4,4,5,5,5,5,3,3,3,3,3,3,3,3,2,2,2,2,2,2,2,2","0.000754117965698242","leiden","edit-xhwikibooks.graphml"
"0.46","0.23","0.31","0.413169229573846","1,1,1,2,1,2,3,2,2,2,3,4,2,2,2,2,2,3,3,4,5,1,2,2,2,2,2,2,1,2,3,3,4,4,3,3,2,2,5,5,5,5,1,1,1,1,5,1,1,1,5,5,5,5,5,1,1,1,1,5,2,5,5,2,2,5,5,5,5,5,1,5,2,2,5,5,5,5,5,5,5,2,2,2,2,1,5,5,5,5,2,3,3,5,5,5,2,5,5,5,5,5,5,5,5,5,5,4,4,5,5,5,5,3,3,3,3,3,3,3,3,2,2,2,2,2,2,2,2","0.000833988189697266","leiden","edit-xhwikibooks.graphml"
"0.45","0.24","0.31","0.414265381083563","1,1,1,2,3,2,3,2,2,2,3,3,2,2,2,2,2,3,4,3,5,1,2,2,2,2,2,2,1,2,3,4,3,3,4,4,2,2,5,5,5,5,1,1,1,1,5,1,1,1,5,5,5,5,5,1,1,1,1,5,2,5,5,2,2,5,5,5,5,5,1,5,2,2,5,5,5,5,5,5,5,2,2,2,2,1,5,5,5,5,2,3,4,5,5,5,2,5,5,5,5,5,5,5,5,5,5,3,3,5,5,5,5,4,4,4,4,4,4,4,4,2,2,2,2,2,2,2,2","0.000733137130737305","leiden","edit-xhwikibooks.graphml"
"0.44","0.25","0.31","0.414489741681185","1,1,1,2,3,2,3,2,2,2,3,3,2,2,2,2,2,3,4,3,5,1,2,2,2,2,2,2,1,2,3,4,3,3,4,4,2,2,5,5,5,5,1,1,1,1,5,1,1,1,5,5,5,5,5,1,1,1,1,5,2,5,5,2,2,5,5,5,5,5,1,5,2,2,5,5,5,5,5,5,5,2,2,2,2,1,5,5,5,5,2,3,4,5,5,5,2,5,5,5,5,5,5,5,5,5,5,3,3,5,5,5,5,4,4,4,4,4,4,4,4,2,2,2,2,2,2,2,2","0.00075984001159668","leiden","edit-xhwikibooks.graphml"
"0.43","0.26","0.31","0.414489741681185","1,1,1,2,3,2,3,2,2,2,3,3,2,2,2,2,2,3,4,3,5,1,2,2,2,2,2,2,1,2,3,4,3,3,4,4,2,2,5,5,5,5,1,1,1,1,5,1,1,1,5,5,5,5,5,1,1,1,1,5,2,5,5,2,2,5,5,5,5,5,1,5,2,2,5,5,5,5,5,5,5,2,2,2,2,1,5,5,5,5,2,3,4,5,5,5,2,5,5,5,5,5,5,5,5,5,5,3,3,5,5,5,5,4,4,4,4,4,4,4,4,2,2,2,2,2,2,2,2","0.000950098037719727","leiden","edit-xhwikibooks.graphml"
"0.42","0.27","0.31","0.414489741681185","1,1,1,2,3,2,3,2,2,2,3,3,2,2,2,2,2,3,4,3,5,1,2,2,2,2,2,2,1,2,3,4,3,3,4,4,2,2,5,5,5,5,1,1,1,1,5,1,1,1,5,5,5,5,5,1,1,1,1,5,2,5,5,2,2,5,5,5,5,5,1,5,2,2,5,5,5,5,5,5,5,2,2,2,2,1,5,5,5,5,2,3,4,5,5,5,2,5,5,5,5,5,5,5,5,5,5,3,3,5,5,5,5,4,4,4,4,4,4,4,4,2,2,2,2,2,2,2,2","0.000760078430175781","leiden","edit-xhwikibooks.graphml"
"0.41","0.28","0.31","0.41416665989204","1,1,1,2,3,2,3,2,2,2,3,3,2,2,2,2,2,3,4,3,5,1,2,2,2,2,2,2,1,2,3,4,3,3,4,4,2,2,5,5,5,5,1,1,1,1,5,1,1,1,5,5,5,5,5,1,1,1,1,5,2,5,5,2,2,5,5,5,5,5,1,5,2,2,5,5,5,5,5,5,5,2,2,2,2,1,5,5,5,5,2,3,4,5,5,5,2,5,5,5,5,5,5,5,5,5,5,3,3,5,5,5,5,4,4,4,4,4,4,4,4,2,2,2,2,2,2,2,2","0.000750064849853516","leiden","edit-xhwikibooks.graphml"
"0.4","0.29","0.31","0.416108825994195","1,1,1,2,3,2,3,2,2,2,3,3,2,2,2,2,2,3,4,3,5,1,2,2,2,2,2,2,1,2,3,4,3,3,4,4,2,2,5,5,5,5,1,1,1,1,5,1,1,1,5,5,5,5,5,1,1,1,1,5,2,5,5,2,2,5,5,5,5,5,1,5,2,2,5,5,5,5,5,5,5,2,2,2,2,1,5,5,5,5,2,3,4,5,5,5,2,5,5,5,5,5,5,5,5,5,5,3,3,5,5,5,5,4,4,4,4,4,4,4,4,2,2,2,2,2,2,2,2","0.000796079635620117","leiden","edit-xhwikibooks.graphml"
"0.39","0.3","0.31","0.415785965000884","1,1,1,2,3,2,3,2,2,2,3,3,2,2,2,2,2,3,4,3,5,1,2,2,2,2,2,2,1,2,3,4,3,3,4,4,2,2,5,5,5,5,1,1,1,1,5,1,1,1,5,5,5,5,5,1,1,1,1,5,2,5,5,2,2,5,5,5,5,5,1,5,2,2,5,5,5,5,5,5,5,2,2,2,2,1,5,5,5,5,2,3,4,5,5,5,2,5,5,5,5,5,5,5,5,5,5,3,3,5,5,5,5,4,4,4,4,4,4,4,4,2,2,2,2,2,2,2,2","0.000750064849853516","leiden","edit-xhwikibooks.graphml"
"0.38","0.31","0.31","0.416775031854325","1,1,1,2,3,2,3,2,2,2,3,3,2,2,2,2,2,3,4,3,5,1,2,2,2,2,2,2,1,2,3,4,3,3,4,4,2,2,5,5,5,5,1,1,1,1,5,1,1,1,5,5,5,5,5,1,1,1,1,5,2,5,5,2,2,5,5,5,5,5,1,5,2,2,5,5,5,5,5,5,5,2,2,2,2,1,5,5,5,5,2,3,4,5,5,5,2,5,5,5,5,5,5,5,5,5,5,3,3,5,5,5,5,4,4,4,4,4,4,4,4,2,2,2,2,2,2,2,2","0.000749111175537109","leiden","edit-xhwikibooks.graphml"
"0.37","0.32","0.31","0.410891466408689","1,1,1,2,1,2,3,2,2,2,4,3,2,2,2,2,2,4,4,3,5,1,2,2,2,2,2,2,1,2,4,4,3,3,4,4,2,2,5,5,5,5,1,1,1,1,5,1,1,1,5,5,5,5,5,1,1,1,1,5,6,5,5,2,2,5,5,5,5,5,1,5,2,2,5,5,5,5,5,5,5,2,2,2,2,7,5,5,5,5,8,9,10,5,5,5,2,5,5,5,5,5,5,5,5,5,5,3,3,5,5,5,5,4,4,4,4,4,4,4,4,2,2,2,2,2,2,2,2","0.000786066055297852","leiden","edit-xhwikibooks.graphml"
"0.36","0.33","0.31","0.410891466408689","1,1,1,2,1,2,3,2,2,2,4,3,2,2,2,2,2,4,4,3,5,1,2,2,2,2,2,2,1,2,4,4,3,3,4,4,2,2,5,5,5,5,1,1,1,1,5,1,1,1,5,5,5,5,5,1,1,1,1,5,6,5,5,2,2,5,5,5,5,5,1,5,2,2,5,5,5,5,5,5,5,2,2,2,2,7,5,5,5,5,8,9,10,5,5,5,2,5,5,5,5,5,5,5,5,5,5,3,3,5,5,5,5,4,4,4,4,4,4,4,4,2,2,2,2,2,2,2,2","0.00078892707824707","leiden","edit-xhwikibooks.graphml"
"0.35","0.34","0.31","0.425977595899471","1,1,1,2,3,2,3,2,2,2,3,3,2,2,2,2,2,3,4,3,5,1,2,2,2,2,2,2,1,2,3,4,3,3,4,4,2,2,5,5,5,5,1,1,1,1,5,1,1,1,5,5,5,5,5,1,1,1,1,5,6,5,5,2,2,5,5,5,5,5,1,5,2,2,5,5,5,5,5,5,5,2,2,2,2,7,5,5,5,5,8,9,10,5,5,5,2,5,5,5,5,5,5,5,5,5,5,3,3,5,5,5,5,4,4,4,4,4,4,4,4,2,2,2,2,2,2,2,2","0.000782012939453125","leiden","edit-xhwikibooks.graphml"
"0.34","0.35","0.31","0.419681716884514","1,1,1,2,4,2,4,2,2,2,4,4,2,2,2,2,2,4,5,4,6,1,2,2,2,2,2,2,1,2,4,5,4,4,5,5,3,2,6,6,6,6,1,1,1,1,6,1,1,1,6,6,6,6,6,1,1,1,1,6,7,6,6,2,2,6,6,6,6,6,1,6,2,2,6,6,6,6,6,6,6,2,2,2,2,8,6,6,6,6,9,10,11,6,6,6,2,6,6,6,6,6,6,6,6,6,6,4,4,6,6,6,6,5,5,5,5,5,5,5,5,3,3,3,3,3,3,3,3","0.000809907913208008","leiden","edit-xhwikibooks.graphml"
"0.33","0.36","0.31","0.41935440496253","1,1,1,2,4,2,4,2,2,2,4,4,2,2,2,2,2,4,5,4,6,1,2,2,2,2,2,2,1,2,4,5,4,4,5,5,3,2,6,6,6,6,1,1,1,1,6,1,1,1,6,6,6,6,6,1,1,1,1,6,7,6,6,2,2,6,6,6,6,6,1,6,2,2,6,6,6,6,6,6,6,2,2,2,2,8,6,6,6,6,9,10,11,6,6,6,2,6,6,6,6,6,6,6,6,6,6,4,4,6,6,6,6,5,5,5,5,5,5,5,5,3,3,3,3,3,3,3,3","0.000882863998413086","leiden","edit-xhwikibooks.graphml"
"0.32","0.37","0.31","0.41935440496253","1,1,1,2,4,2,4,2,2,2,4,4,2,2,2,2,2,4,5,4,6,1,2,2,2,2,2,2,1,2,4,5,4,4,5,5,3,2,6,6,6,6,1,1,1,1,6,1,1,1,6,6,6,6,6,1,1,1,1,6,7,6,6,2,2,6,6,6,6,6,1,6,2,2,6,6,6,6,6,6,6,2,2,2,2,8,6,6,6,6,9,10,11,6,6,6,2,6,6,6,6,6,6,6,6,6,6,4,4,6,6,6,6,5,5,5,5,5,5,5,5,3,3,3,3,3,3,3,3","0.000793933868408203","leiden","edit-xhwikibooks.graphml"
"0.31","0.38","0.31","0.41943629863018","1,2,1,3,1,3,1,3,3,3,1,1,3,3,3,3,3,1,4,1,5,2,3,3,3,3,3,3,2,3,1,4,1,1,4,4,3,3,5,5,5,5,2,2,2,2,5,2,2,2,5,5,5,5,5,2,2,2,2,5,6,5,5,3,3,5,5,5,5,5,2,5,3,3,5,5,5,5,5,5,5,3,3,3,3,7,5,5,5,5,8,9,10,5,5,5,3,5,5,5,5,5,5,5,5,5,5,1,1,5,5,5,5,4,4,4,4,4,4,4,4,3,3,3,3,3,3,3,3","0.000791788101196289","leiden","edit-xhwikibooks.graphml"
"0.3","0.39","0.31","0.420963342491522","1,1,1,3,2,3,2,3,3,3,2,2,3,3,3,3,3,2,4,2,5,1,3,3,3,3,3,3,1,3,2,4,2,2,4,4,6,3,5,5,5,5,1,1,1,1,5,1,1,1,5,5,5,5,5,1,1,1,1,5,7,5,5,3,3,5,5,5,5,5,1,5,3,3,5,5,5,5,5,5,5,3,3,3,3,8,5,5,5,5,9,10,11,5,5,5,3,5,5,5,5,5,5,5,5,5,5,2,2,5,5,5,5,4,4,4,4,4,4,4,4,6,6,6,6,6,6,6,6","0.00104689598083496","leiden","edit-xhwikibooks.graphml"
"0.29","0.4","0.31","0.422565409265558","1,1,1,3,2,3,2,3,3,3,2,2,3,3,3,3,3,2,4,2,5,1,3,3,3,3,3,3,1,3,2,4,2,2,4,4,6,3,5,5,5,5,1,1,1,1,5,1,1,1,5,5,5,5,5,1,1,1,1,5,7,5,5,3,3,5,5,5,5,5,1,5,3,3,5,5,5,5,5,5,5,3,3,3,3,8,5,5,5,5,9,10,11,5,5,5,3,5,5,5,5,5,5,5,5,5,5,2,2,5,5,5,5,4,4,4,4,4,4,4,4,6,6,6,6,6,6,6,6","0.000790834426879883","leiden","edit-xhwikibooks.graphml"
"0.28","0.41","0.31","0.422565409265558","1,1,1,3,2,3,2,3,3,3,2,2,3,3,3,3,3,2,4,2,5,1,3,3,3,3,3,3,1,3,2,4,2,2,4,4,6,3,5,5,5,5,1,1,1,1,5,1,1,1,5,5,5,5,5,1,1,1,1,5,7,5,5,3,3,5,5,5,5,5,1,5,3,3,5,5,5,5,5,5,5,3,3,3,3,8,5,5,5,5,9,10,11,5,5,5,3,5,5,5,5,5,5,5,5,5,5,2,2,5,5,5,5,4,4,4,4,4,4,4,4,6,6,6,6,6,6,6,6","0.000807046890258789","leiden","edit-xhwikibooks.graphml"
"0.27","0.42","0.31","0.421277104591837","1,1,1,3,2,3,2,3,3,3,2,2,3,3,3,3,3,2,4,2,5,1,3,3,3,3,3,3,1,3,2,4,2,2,4,4,6,3,5,5,5,5,1,1,1,1,5,1,1,1,5,5,5,5,5,1,1,1,1,5,7,5,5,3,3,5,5,5,5,5,1,5,3,3,5,5,5,5,5,5,5,3,3,3,3,8,5,5,5,5,9,10,11,5,5,5,3,5,5,5,5,5,5,5,5,5,5,2,2,5,5,5,5,4,4,4,4,4,4,4,4,6,6,6,6,6,6,6,6","0.000800132751464844","leiden","edit-xhwikibooks.graphml"
"0.26","0.43","0.31","0.423209979413783","1,1,1,3,2,3,2,3,3,3,2,2,3,3,3,3,3,2,4,2,5,1,3,3,3,3,3,3,1,3,2,4,2,2,4,4,6,3,5,5,5,5,1,1,1,1,5,1,1,1,5,5,5,5,5,1,1,1,1,5,7,5,5,3,3,5,5,5,5,5,1,5,3,3,5,5,5,5,5,5,5,3,3,3,3,8,5,5,5,5,9,10,11,5,5,5,3,5,5,5,5,5,5,5,5,5,5,2,2,5,5,5,5,4,4,4,4,4,4,4,4,6,6,6,6,6,6,6,6","0.000803947448730469","leiden","edit-xhwikibooks.graphml"
"0.25","0.44","0.31","0.422883885567364","1,1,1,3,2,3,2,3,3,3,2,2,3,3,3,3,3,2,4,2,5,1,3,3,3,3,3,3,1,3,2,4,2,2,4,4,6,3,5,5,5,5,1,1,1,1,5,1,1,1,5,5,5,5,5,1,1,1,1,5,7,5,5,3,3,5,5,5,5,5,1,5,3,3,5,5,5,5,5,5,5,3,3,3,3,8,5,5,5,5,9,10,11,5,5,5,3,5,5,5,5,5,5,5,5,5,5,2,2,5,5,5,5,4,4,4,4,4,4,4,4,6,6,6,6,6,6,6,6","0.000811100006103516","leiden","edit-xhwikibooks.graphml"
"0.24","0.45","0.31","0.424899309957717","1,1,1,3,2,3,2,3,3,3,2,2,3,3,3,3,3,2,5,2,6,1,3,3,3,3,3,3,1,3,2,5,2,2,5,5,4,3,6,6,6,6,1,1,1,1,6,1,1,1,6,6,6,6,6,1,1,1,1,6,7,6,6,3,3,6,6,6,6,6,1,6,3,3,6,6,6,6,6,6,6,3,3,3,3,8,6,6,6,6,9,10,11,6,6,6,3,6,6,6,6,6,6,6,6,6,6,2,2,6,6,6,6,5,5,5,5,5,5,5,5,4,4,4,4,4,4,4,4","0.000802993774414062","leiden","edit-xhwikibooks.graphml"
"0.23","0.46","0.31","0.424573233118977","1,1,1,3,2,3,2,3,3,3,2,2,3,3,3,3,3,2,4,2,5,1,3,3,3,3,3,3,1,3,2,4,2,2,4,4,6,3,5,5,5,5,1,1,1,1,5,1,1,1,5,5,5,5,5,1,1,1,1,5,7,5,5,3,3,5,5,5,5,5,1,5,3,3,5,5,5,5,5,5,5,3,3,3,3,8,5,5,5,5,9,10,11,5,5,5,3,5,5,5,5,5,5,5,5,5,5,2,2,5,5,5,5,4,4,4,4,4,4,4,4,6,6,6,6,6,6,6,6","0.000798225402832031","leiden","edit-xhwikibooks.graphml"
"0.22","0.47","0.31","0.425427940498435","1,2,1,3,1,3,1,3,3,3,1,1,3,3,3,3,3,1,4,1,5,2,3,3,3,3,3,3,2,3,1,4,1,1,4,4,6,3,5,5,5,5,2,2,2,2,5,2,2,2,5,5,5,5,5,2,2,2,2,5,7,5,5,3,3,5,5,5,5,5,2,5,3,3,5,5,5,5,5,5,5,3,3,3,3,8,5,5,5,5,9,10,11,5,5,5,3,5,5,5,5,5,5,5,5,5,5,1,1,5,5,5,5,4,4,4,4,4,4,4,4,6,6,6,6,6,6,6,6","0.000806093215942383","leiden","edit-xhwikibooks.graphml"
"0.21","0.48","0.31","0.425194428513857","1,1,1,3,2,3,2,3,3,3,2,2,3,3,3,3,3,2,4,2,5,1,3,3,3,3,3,3,1,3,2,4,2,2,4,4,6,3,5,5,5,5,1,1,1,1,5,1,1,1,5,5,5,5,5,1,1,1,1,5,7,5,5,3,3,5,5,5,5,5,1,5,3,3,5,5,5,5,5,5,5,3,3,3,3,8,5,5,5,5,9,10,11,5,5,5,3,5,5,5,5,5,5,5,5,5,5,2,2,5,5,5,5,4,4,4,4,4,4,4,4,6,6,6,6,6,6,6,6","0.000935077667236328","leiden","edit-xhwikibooks.graphml"
"0.2","0.49","0.31","0.412428218833032","1,1,1,3,2,3,2,3,3,3,2,2,3,3,3,3,3,2,4,2,5,1,3,3,3,3,3,3,1,3,2,4,2,2,4,4,3,3,5,5,5,5,1,1,1,1,5,1,1,1,5,5,5,5,5,1,1,1,1,5,6,5,5,3,3,5,5,5,5,5,1,5,3,3,5,5,5,5,5,5,5,3,3,3,3,7,5,5,5,5,8,9,10,5,5,5,3,5,5,5,5,5,5,5,5,5,5,2,2,5,5,5,5,4,4,4,4,4,4,4,4,3,3,3,3,3,3,3,3","0.000784158706665039","leiden","edit-xhwikibooks.graphml"
"0.19","0.5","0.31","0.451725569605501","1,1,1,2,3,2,3,4,4,2,3,3,4,4,4,2,2,3,5,3,6,1,4,4,4,4,4,2,1,2,3,5,3,3,5,5,4,4,6,6,6,6,1,1,1,1,6,1,1,1,6,6,6,6,6,1,1,1,1,6,7,6,6,4,4,6,6,6,6,6,1,6,4,4,6,6,6,6,6,6,6,4,2,2,2,8,6,6,6,6,9,10,11,6,6,6,2,6,6,6,6,6,6,6,6,6,6,3,3,6,6,6,6,5,5,5,5,5,5,5,5,4,4,4,4,4,4,4,4","0.000796079635620117","leiden","edit-xhwikibooks.graphml"
"0.18","0.51","0.31","0.451725569605501","1,1,1,2,3,2,3,4,4,2,3,3,4,4,4,2,2,3,5,3,6,1,4,4,4,4,4,2,1,2,3,5,3,3,5,5,4,4,6,6,6,6,1,1,1,1,6,1,1,1,6,6,6,6,6,1,1,1,1,6,7,6,6,4,4,6,6,6,6,6,1,6,4,4,6,6,6,6,6,6,6,4,2,2,2,8,6,6,6,6,9,10,11,6,6,6,2,6,6,6,6,6,6,6,6,6,6,3,3,6,6,6,6,5,5,5,5,5,5,5,5,4,4,4,4,4,4,4,4","0.000821113586425781","leiden","edit-xhwikibooks.graphml"
"0.17","0.52","0.31","0.451725569605501","1,1,1,2,3,2,3,4,4,2,3,3,4,4,4,2,2,3,5,3,6,1,4,4,4,4,4,2,1,2,3,5,3,3,5,5,4,4,6,6,6,6,1,1,1,1,6,1,1,1,6,6,6,6,6,1,1,1,1,6,7,6,6,4,4,6,6,6,6,6,1,6,4,4,6,6,6,6,6,6,6,4,2,2,2,8,6,6,6,6,9,10,11,6,6,6,2,6,6,6,6,6,6,6,6,6,6,3,3,6,6,6,6,5,5,5,5,5,5,5,5,4,4,4,4,4,4,4,4","0.000833988189697266","leiden","edit-xhwikibooks.graphml"
"0.16","0.53","0.31","0.451399080880516","1,1,1,2,3,2,3,4,4,2,3,3,4,4,4,2,2,3,5,3,6,1,4,4,4,4,4,2,1,2,3,5,3,3,5,5,4,4,6,6,6,6,1,1,1,1,6,1,1,1,6,6,6,6,6,1,1,1,1,6,7,6,6,4,4,6,6,6,6,6,1,6,4,4,6,6,6,6,6,6,6,4,2,2,2,8,6,6,6,6,9,10,11,6,6,6,2,6,6,6,6,6,6,6,6,6,6,3,3,6,6,6,6,5,5,5,5,5,5,5,5,4,4,4,4,4,4,4,4","0.000786066055297852","leiden","edit-xhwikibooks.graphml"
"0.15","0.54","0.31","0.45312832416411","1,1,1,2,3,2,3,4,4,2,3,3,4,4,4,2,2,3,5,3,6,1,4,4,4,4,4,2,1,2,3,5,3,3,5,5,4,4,6,6,6,6,1,1,1,1,6,1,1,1,6,6,6,6,6,1,1,1,1,6,7,6,6,4,4,6,6,6,6,6,1,6,4,4,6,6,6,6,6,6,6,4,2,2,2,8,6,6,6,6,9,10,11,6,6,6,2,6,6,6,6,6,6,6,6,6,6,3,3,6,6,6,6,5,5,5,5,5,5,5,5,4,4,4,4,4,4,4,4","0.000821113586425781","leiden","edit-xhwikibooks.graphml"
"0.14","0.55","0.31","0.45280219462476","1,1,1,3,2,3,2,4,4,3,2,2,4,4,4,3,3,2,5,2,6,1,4,4,4,4,4,3,1,3,2,5,2,2,5,5,4,4,6,6,6,6,1,1,1,1,6,1,1,1,6,6,6,6,6,1,1,1,1,6,7,6,6,4,4,6,6,6,6,6,1,6,4,4,6,6,6,6,6,6,6,4,3,3,3,8,6,6,6,6,9,10,11,6,6,6,3,6,6,6,6,6,6,6,6,6,6,2,2,6,6,6,6,5,5,5,5,5,5,5,5,4,4,4,4,4,4,4,4","0.000802993774414062","leiden","edit-xhwikibooks.graphml"
"0.13","0.56","0.31","0.449701084581318","1,2,1,1,1,3,1,4,4,3,1,1,4,4,4,3,3,1,5,1,6,2,4,4,4,4,4,3,2,3,1,5,1,1,5,5,4,4,6,6,6,6,2,2,2,2,6,2,2,2,6,6,6,6,6,2,2,2,2,6,7,6,6,4,4,6,6,6,6,6,2,6,4,4,6,6,6,6,6,6,6,4,3,3,3,8,6,6,6,6,9,10,11,6,6,6,3,6,6,6,6,6,6,6,6,6,6,1,1,6,6,6,6,5,5,5,5,5,5,5,5,4,4,4,4,4,4,4,4","0.000820159912109375","leiden","edit-xhwikibooks.graphml"
"0.12","0.57","0.31","0.465525348803987","1,2,1,1,1,3,1,3,3,4,1,1,3,3,3,3,4,1,5,1,6,2,3,3,3,3,3,7,2,4,1,5,1,1,5,5,3,3,6,6,6,6,2,2,2,2,6,2,2,2,6,6,6,6,6,2,2,2,2,6,8,6,6,3,3,6,6,6,6,6,2,6,3,3,6,6,6,6,6,6,6,3,7,7,7,9,6,6,6,6,10,11,12,6,6,6,3,6,6,6,6,6,6,6,6,6,6,1,1,6,6,6,6,5,5,5,5,5,5,5,5,3,3,3,3,3,3,3,3","0.000808000564575195","leiden","edit-xhwikibooks.graphml"
"0.11","0.58","0.31","0.467209664478339","1,2,1,1,1,3,1,3,3,4,1,1,3,3,3,3,4,1,5,1,6,2,3,3,3,3,3,7,2,4,1,5,1,1,5,5,3,3,6,6,6,6,2,2,2,2,6,2,2,2,6,6,6,6,6,2,2,2,2,6,8,6,6,3,3,6,6,6,6,6,2,6,3,3,6,6,6,6,6,6,6,3,7,7,7,9,6,6,6,6,10,11,12,6,6,6,3,6,6,6,6,6,6,6,6,6,6,1,1,6,6,6,6,5,5,5,5,5,5,5,5,3,3,3,3,3,3,3,3","0.00078892707824707","leiden","edit-xhwikibooks.graphml"
"0.1","0.59","0.31","0.467172197793203","1,2,1,1,3,1,3,4,4,1,3,3,4,4,4,1,1,3,5,3,6,2,4,4,4,4,4,1,2,1,3,5,3,3,5,5,4,4,6,6,6,6,2,2,2,2,6,2,2,2,6,6,6,6,6,2,2,2,2,6,7,6,6,4,4,6,6,6,6,6,2,6,4,4,6,6,6,6,6,6,6,4,1,1,1,8,6,6,6,6,9,10,11,6,6,6,1,6,6,6,6,6,6,6,6,6,6,3,3,6,6,6,6,5,5,5,5,5,5,5,5,4,4,4,4,4,4,4,4","0.000818014144897461","leiden","edit-xhwikibooks.graphml"
"0.09","0.6","0.31","0.468536393469675","1,2,1,1,1,3,1,3,3,4,1,1,3,3,3,3,4,1,5,1,6,2,3,3,3,3,3,7,2,4,1,5,1,1,5,5,3,3,6,6,6,6,2,2,2,2,6,2,2,2,6,6,6,6,6,2,2,2,2,6,8,6,6,3,3,6,6,6,6,6,2,6,3,3,6,6,6,6,6,6,6,3,7,7,7,9,6,6,6,6,10,11,12,6,6,6,3,6,6,6,6,6,6,6,6,6,6,1,1,6,6,6,6,5,5,5,5,5,5,5,5,3,3,3,3,3,3,3,3","0.000941038131713867","leiden","edit-xhwikibooks.graphml"
"0.08","0.61","0.31","0.468192334084894","1,2,1,1,1,3,1,3,3,4,1,1,3,3,3,3,4,1,5,1,6,2,3,3,3,3,3,7,2,4,1,5,1,1,5,5,3,3,6,6,6,6,2,2,2,2,6,2,2,2,6,6,6,6,6,2,2,2,2,6,8,6,6,3,3,6,6,6,6,6,2,6,3,3,6,6,6,6,6,6,6,3,7,7,7,9,6,6,6,6,10,11,12,6,6,6,3,6,6,6,6,6,6,6,6,6,6,1,1,6,6,6,6,5,5,5,5,5,5,5,5,3,3,3,3,3,3,3,3","0.000864028930664062","leiden","edit-xhwikibooks.graphml"
"0.07","0.62","0.31","0.469066773894676","1,2,1,1,1,3,1,3,3,4,1,1,3,3,3,3,4,1,5,1,6,2,3,3,3,3,3,7,2,4,1,5,1,1,5,5,3,3,6,6,6,6,2,2,2,2,6,2,2,2,6,6,6,6,6,2,2,2,2,6,8,6,6,3,3,6,6,6,6,6,2,6,3,3,6,6,6,6,6,6,6,3,7,7,7,9,6,6,6,6,10,11,12,6,6,6,3,6,6,6,6,6,6,6,6,6,6,1,1,6,6,6,6,5,5,5,5,5,5,5,5,3,3,3,3,3,3,3,3","0.000873088836669922","leiden","edit-xhwikibooks.graphml"
"0.06","0.63","0.31","0.461827343317357","1,2,1,1,1,3,1,3,3,3,1,1,3,3,3,3,4,1,5,1,6,2,3,3,3,3,3,7,2,8,9,5,1,1,5,5,3,3,6,6,6,6,2,2,2,2,6,2,2,2,6,6,6,6,6,2,2,2,2,6,10,6,6,11,12,6,6,6,6,6,2,6,3,3,6,6,6,6,6,6,6,13,7,7,7,14,6,6,6,6,15,16,17,6,6,6,18,6,6,6,6,6,6,6,6,6,6,19,20,6,6,6,6,5,5,5,5,5,5,5,5,3,3,3,3,3,3,3,3","0.000956058502197266","leiden","edit-xhwikibooks.graphml"
"0.05","0.64","0.31","0.461827343317357","1,2,1,1,1,3,1,3,3,3,1,1,3,3,3,3,4,1,5,1,6,2,3,3,3,3,3,7,2,8,9,5,1,1,5,5,3,3,6,6,6,6,2,2,2,2,6,2,2,2,6,6,6,6,6,2,2,2,2,6,10,6,6,11,12,6,6,6,6,6,2,6,3,3,6,6,6,6,6,6,6,13,7,7,7,14,6,6,6,6,15,16,17,6,6,6,18,6,6,6,6,6,6,6,6,6,6,19,20,6,6,6,6,5,5,5,5,5,5,5,5,3,3,3,3,3,3,3,3","0.000936985015869141","leiden","edit-xhwikibooks.graphml"
"0.04","0.65","0.31","0.461483445973147","1,2,1,1,1,3,1,3,3,3,1,1,3,3,3,3,5,1,6,1,7,2,3,3,3,3,3,4,2,8,9,6,1,1,6,6,3,3,7,7,7,7,2,2,2,2,7,2,2,2,7,7,7,7,7,2,2,2,2,7,10,7,7,11,12,7,7,7,7,7,2,7,3,3,7,7,7,7,7,7,7,13,4,4,4,14,7,7,7,7,15,16,17,7,7,7,18,7,7,7,7,7,7,7,7,7,7,19,20,7,7,7,7,6,6,6,6,6,6,6,6,3,3,3,3,3,3,3,3","0.000879049301147461","leiden","edit-xhwikibooks.graphml"
"0.03","0.66","0.31","0.461483445973147","1,2,1,1,1,3,1,3,3,3,1,1,3,3,3,3,4,1,5,1,6,2,3,3,3,3,3,7,2,8,9,5,1,1,5,5,3,3,6,6,6,6,2,2,2,2,6,2,2,2,6,6,6,6,6,2,2,2,2,6,10,6,6,11,12,6,6,6,6,6,2,6,3,3,6,6,6,6,6,6,6,13,7,7,7,14,6,6,6,6,15,16,17,6,6,6,18,6,6,6,6,6,6,6,6,6,6,19,20,6,6,6,6,5,5,5,5,5,5,5,5,3,3,3,3,3,3,3,3","0.000910043716430664","leiden","edit-xhwikibooks.graphml"
"0.02","0.67","0.31","0.473349550912649","1,2,1,1,1,3,1,3,3,3,1,1,3,3,3,3,4,1,5,1,6,2,3,3,3,3,3,7,2,8,9,5,1,1,5,5,3,3,6,6,6,6,2,2,2,2,6,2,2,2,6,6,6,6,6,2,2,2,2,6,10,6,6,11,12,6,6,6,6,6,2,6,3,3,6,6,6,6,6,6,6,13,7,7,7,14,6,6,6,6,15,16,17,6,6,6,18,6,6,6,6,6,6,6,6,6,6,19,20,6,6,6,6,5,5,5,5,5,5,5,5,3,3,3,3,3,3,3,3","0.000952005386352539","leiden","edit-xhwikibooks.graphml"
"0.01","0.68","0.31","0.473346173590499","1,2,1,1,3,1,3,4,4,1,3,3,4,4,4,1,5,3,6,3,7,2,4,4,4,4,4,1,2,8,9,6,3,3,6,6,4,4,7,7,7,7,2,2,2,2,7,2,2,2,7,7,7,7,7,2,2,2,2,7,10,7,7,11,12,7,7,7,7,7,2,7,4,4,7,7,7,7,7,7,7,13,1,1,1,14,7,7,7,7,15,16,17,7,7,7,18,7,7,7,7,7,7,7,7,7,7,19,20,7,7,7,7,6,6,6,6,6,6,6,6,4,4,4,4,4,4,4,4","0.000872135162353516","leiden","edit-xhwikibooks.graphml"
"0","0.69","0.31","0.4757669976327","1,1,1,1,1,2,3,2,2,2,3,3,2,2,2,2,4,3,5,3,6,1,2,2,2,2,2,7,1,8,9,5,3,3,5,5,2,2,6,6,6,6,1,1,1,1,6,1,1,1,6,6,6,6,6,1,1,1,1,6,10,6,6,11,12,6,6,6,6,6,1,6,2,2,6,6,6,6,6,6,6,13,7,7,7,14,6,6,6,6,15,16,17,6,6,6,18,6,6,6,6,6,6,6,6,6,6,19,20,6,6,6,6,5,5,5,5,5,5,5,5,2,2,2,2,2,2,2,2","0.000958919525146484","leiden","edit-xhwikibooks.graphml"
"0.68","0","0.32","0.395151859913415","1,1,1,2,1,2,3,2,2,2,3,3,2,2,2,2,2,3,3,3,4,1,2,2,2,2,2,2,1,2,3,3,3,3,3,3,2,2,4,4,4,4,1,1,1,1,4,1,1,1,4,4,4,4,4,1,1,1,1,4,2,4,4,2,2,4,4,4,4,4,1,4,2,2,4,4,4,4,4,4,4,2,2,2,2,1,4,4,4,4,2,3,3,4,4,4,2,4,4,4,4,4,4,4,4,4,4,3,3,4,4,4,4,3,3,3,3,3,3,3,3,2,2,2,2,2,2,2,2","0.000790834426879883","leiden","edit-xhwikibooks.graphml"
"0.67","0.01","0.32","0.395151859913415","1,1,1,2,1,2,3,2,2,2,3,3,2,2,2,2,2,3,3,3,4,1,2,2,2,2,2,2,1,2,3,3,3,3,3,3,2,2,4,4,4,4,1,1,1,1,4,1,1,1,4,4,4,4,4,1,1,1,1,4,2,4,4,2,2,4,4,4,4,4,1,4,2,2,4,4,4,4,4,4,4,2,2,2,2,1,4,4,4,4,2,3,3,4,4,4,2,4,4,4,4,4,4,4,4,4,4,3,3,4,4,4,4,3,3,3,3,3,3,3,3,2,2,2,2,2,2,2,2","0.000783205032348633","leiden","edit-xhwikibooks.graphml"
"0.66","0.02","0.32","0.395151859913415","1,1,1,2,1,2,3,2,2,2,3,3,2,2,2,2,2,3,3,3,4,1,2,2,2,2,2,2,1,2,3,3,3,3,3,3,2,2,4,4,4,4,1,1,1,1,4,1,1,1,4,4,4,4,4,1,1,1,1,4,2,4,4,2,2,4,4,4,4,4,1,4,2,2,4,4,4,4,4,4,4,2,2,2,2,1,4,4,4,4,2,3,3,4,4,4,2,4,4,4,4,4,4,4,4,4,4,3,3,4,4,4,4,3,3,3,3,3,3,3,3,2,2,2,2,2,2,2,2","0.000771045684814453","leiden","edit-xhwikibooks.graphml"
"0.65","0.03","0.32","0.394937117275133","1,1,1,2,1,2,3,2,2,2,3,4,2,2,2,2,2,3,3,4,5,1,2,2,2,2,2,2,1,2,3,3,4,4,3,3,2,2,5,5,5,5,1,1,1,1,5,1,1,1,5,5,5,5,5,1,1,1,1,5,2,5,5,2,2,5,5,5,5,5,1,5,2,2,5,5,5,5,5,5,5,2,2,2,2,1,5,5,5,5,2,3,3,5,5,5,2,5,5,5,5,5,5,5,5,5,5,4,4,5,5,5,5,3,3,3,3,3,3,3,3,2,2,2,2,2,2,2,2","0.000772953033447266","leiden","edit-xhwikibooks.graphml"
"0.64","0.04","0.32","0.394849992915162","1,1,1,2,1,2,3,2,2,2,3,3,2,2,2,2,2,3,3,3,4,1,2,2,2,2,2,2,1,2,3,3,3,3,3,3,2,2,4,4,4,4,1,1,1,1,4,1,1,1,4,4,4,4,4,1,1,1,1,4,2,4,4,2,2,4,4,4,4,4,1,4,2,2,4,4,4,4,4,4,4,2,2,2,2,1,4,4,4,4,2,3,3,4,4,4,2,4,4,4,4,4,4,4,4,4,4,3,3,4,4,4,4,3,3,3,3,3,3,3,3,2,2,2,2,2,2,2,2","0.000778913497924805","leiden","edit-xhwikibooks.graphml"
"0.63","0.05","0.32","0.409008526718413","1,1,1,2,1,2,3,2,2,2,3,4,2,2,2,2,2,3,3,4,5,1,2,2,2,2,2,2,1,2,3,3,4,4,3,3,2,2,5,5,5,5,1,1,1,1,5,1,1,1,5,5,5,5,5,1,1,1,1,5,2,5,5,2,2,5,5,5,5,5,1,5,2,2,5,5,5,5,5,5,5,2,2,2,2,1,5,5,5,5,2,3,3,5,5,5,2,5,5,5,5,5,5,5,5,5,5,4,4,5,5,5,5,3,3,3,3,3,3,3,3,2,2,2,2,2,2,2,2","0.000785112380981445","leiden","edit-xhwikibooks.graphml"
"0.62","0.06","0.32","0.408866048071876","1,1,1,2,1,2,3,2,2,2,3,3,2,2,2,2,2,3,3,3,4,1,2,2,2,2,2,2,1,2,3,3,3,3,3,3,2,2,4,4,4,4,1,1,1,1,4,1,1,1,4,4,4,4,4,1,1,1,1,4,2,4,4,2,2,4,4,4,4,4,1,4,2,2,4,4,4,4,4,4,4,2,2,2,2,1,4,4,4,4,2,3,3,4,4,4,2,4,4,4,4,4,4,4,4,4,4,3,3,4,4,4,4,3,3,3,3,3,3,3,3,2,2,2,2,2,2,2,2","0.000835895538330078","leiden","edit-xhwikibooks.graphml"
"0.61","0.07","0.32","0.408685874515413","1,1,1,2,1,2,3,2,2,2,3,4,2,2,2,2,2,3,3,4,5,1,2,2,2,2,2,2,1,2,3,3,4,4,3,3,2,2,5,5,5,5,1,1,1,1,5,1,1,1,5,5,5,5,5,1,1,1,1,5,2,5,5,2,2,5,5,5,5,5,1,5,2,2,5,5,5,5,5,5,5,2,2,2,2,1,5,5,5,5,2,3,3,5,5,5,2,5,5,5,5,5,5,5,5,5,5,4,4,5,5,5,5,3,3,3,3,3,3,3,3,2,2,2,2,2,2,2,2","0.000773906707763672","leiden","edit-xhwikibooks.graphml"
"0.6","0.08","0.32","0.409640760359793","1,1,1,2,1,2,3,2,2,2,3,3,2,2,2,2,2,3,4,3,5,1,2,2,2,2,2,2,1,2,3,4,3,3,4,4,2,2,5,5,5,5,1,1,1,1,5,1,1,1,5,5,5,5,5,1,1,1,1,5,2,5,5,2,2,5,5,5,5,5,1,5,2,2,5,5,5,5,5,5,5,2,2,2,2,1,5,5,5,5,2,3,4,5,5,5,2,5,5,5,5,5,5,5,5,5,5,3,3,5,5,5,5,4,4,4,4,4,4,4,4,2,2,2,2,2,2,2,2","0.000766992568969727","leiden","edit-xhwikibooks.graphml"
"0.59","0.09","0.32","0.409444502290712","1,1,1,2,3,2,3,2,2,2,3,3,2,2,2,2,2,3,4,3,5,1,2,2,2,2,2,2,1,2,3,4,3,3,4,4,2,2,5,5,5,5,1,1,1,1,5,1,1,1,5,5,5,5,5,1,1,1,1,5,2,5,5,2,2,5,5,5,5,5,1,5,2,2,5,5,5,5,5,5,5,2,2,2,2,1,5,5,5,5,2,3,4,5,5,5,2,5,5,5,5,5,5,5,5,5,5,3,3,5,5,5,5,4,4,4,4,4,4,4,4,2,2,2,2,2,2,2,2","0.000777006149291992","leiden","edit-xhwikibooks.graphml"
"0.58","0.1","0.32","0.409383069554352","1,1,1,2,1,2,3,2,2,2,3,4,2,2,2,2,2,3,3,4,5,1,2,2,2,2,2,2,1,2,3,3,4,4,3,3,2,2,5,5,5,5,1,1,1,1,5,1,1,1,5,5,5,5,5,1,1,1,1,5,2,5,5,2,2,5,5,5,5,5,1,5,2,2,5,5,5,5,5,5,5,2,2,2,2,1,5,5,5,5,2,3,3,5,5,5,2,5,5,5,5,5,5,5,5,5,5,4,4,5,5,5,5,3,3,3,3,3,3,3,3,2,2,2,2,2,2,2,2","0.000794887542724609","leiden","edit-xhwikibooks.graphml"
"0.57","0.11","0.32","0.409121421171473","1,1,1,2,3,2,3,2,2,2,3,3,2,2,2,2,2,3,4,3,5,1,2,2,2,2,2,2,1,2,3,4,3,3,4,4,2,2,5,5,5,5,1,1,1,1,5,1,1,1,5,5,5,5,5,1,1,1,1,5,2,5,5,2,2,5,5,5,5,5,1,5,2,2,5,5,5,5,5,5,5,2,2,2,2,1,5,5,5,5,2,3,4,5,5,5,2,5,5,5,5,5,5,5,5,5,5,3,3,5,5,5,5,4,4,4,4,4,4,4,4,2,2,2,2,2,2,2,2","0.00078892707824707","leiden","edit-xhwikibooks.graphml"
"0.56","0.12","0.32","0.411105269748491","1,1,1,2,3,2,3,2,2,2,3,3,2,2,2,2,2,3,4,3,5,1,2,2,2,2,2,2,1,2,3,4,3,3,4,4,2,2,5,5,5,5,1,1,1,1,5,1,1,1,5,5,5,5,5,1,1,1,1,5,2,5,5,2,2,5,5,5,5,5,1,5,2,2,5,5,5,5,5,5,5,2,2,2,2,1,5,5,5,5,2,3,4,5,5,5,2,5,5,5,5,5,5,5,5,5,5,3,3,5,5,5,5,4,4,4,4,4,4,4,4,2,2,2,2,2,2,2,2","0.000781059265136719","leiden","edit-xhwikibooks.graphml"
"0.55","0.13","0.32","0.409697823322008","1,1,1,2,1,2,3,2,2,2,3,4,2,2,2,2,2,3,3,4,5,1,2,2,2,2,2,2,1,2,3,3,4,4,3,3,2,2,5,5,5,5,1,1,1,1,5,1,1,1,5,5,5,5,5,1,1,1,1,5,2,5,5,2,2,5,5,5,5,5,1,5,2,2,5,5,5,5,5,5,5,2,2,2,2,1,5,5,5,5,2,3,3,5,5,5,2,5,5,5,5,5,5,5,5,5,5,4,4,5,5,5,5,3,3,3,3,3,3,3,3,2,2,2,2,2,2,2,2","0.000761032104492188","leiden","edit-xhwikibooks.graphml"
"0.54","0.14","0.32","0.410711113589794","1,1,1,2,1,2,3,2,2,2,3,4,2,2,2,2,2,3,3,4,5,1,2,2,2,2,2,2,1,2,3,3,4,4,3,3,2,2,5,5,5,5,1,1,1,1,5,1,1,1,5,5,5,5,5,1,1,1,1,5,2,5,5,2,2,5,5,5,5,5,1,5,2,2,5,5,5,5,5,5,5,2,2,2,2,1,5,5,5,5,2,3,3,5,5,5,2,5,5,5,5,5,5,5,5,5,5,4,4,5,5,5,5,3,3,3,3,3,3,3,3,2,2,2,2,2,2,2,2","0.000772953033447266","leiden","edit-xhwikibooks.graphml"
"0.53","0.15","0.32","0.412345804475404","1,1,1,2,1,2,3,2,2,2,3,4,2,2,2,2,2,3,3,4,5,1,2,2,2,2,2,2,1,2,3,3,4,4,3,3,2,2,5,5,5,5,1,1,1,1,5,1,1,1,5,5,5,5,5,1,1,1,1,5,2,5,5,2,2,5,5,5,5,5,1,5,2,2,5,5,5,5,5,5,5,2,2,2,2,1,5,5,5,5,2,3,3,5,5,5,2,5,5,5,5,5,5,5,5,5,5,4,4,5,5,5,5,3,3,3,3,3,3,3,3,2,2,2,2,2,2,2,2","0.000798940658569336","leiden","edit-xhwikibooks.graphml"
"0.52","0.16","0.32","0.413431317510531","1,1,1,2,3,2,3,2,2,2,3,3,2,2,2,2,2,3,4,3,5,1,2,2,2,2,2,2,1,2,3,4,3,3,4,4,2,2,5,5,5,5,1,1,1,1,5,1,1,1,5,5,5,5,5,1,1,1,1,5,2,5,5,2,2,5,5,5,5,5,1,5,2,2,5,5,5,5,5,5,5,2,2,2,2,1,5,5,5,5,2,3,4,5,5,5,2,5,5,5,5,5,5,5,5,5,5,3,3,5,5,5,5,4,4,4,4,4,4,4,4,2,2,2,2,2,2,2,2","0.000770807266235352","leiden","edit-xhwikibooks.graphml"
"0.51","0.17","0.32","0.414110294867871","1,1,1,2,3,2,3,2,2,2,3,3,2,2,2,2,2,3,4,3,5,1,2,2,2,2,2,2,1,2,3,4,3,3,4,4,2,2,5,5,5,5,1,1,1,1,5,1,1,1,5,5,5,5,5,1,1,1,1,5,2,5,5,2,2,5,5,5,5,5,1,5,2,2,5,5,5,5,5,5,5,2,2,2,2,1,5,5,5,5,2,3,4,5,5,5,2,5,5,5,5,5,5,5,5,5,5,3,3,5,5,5,5,4,4,4,4,4,4,4,4,2,2,2,2,2,2,2,2","0.000791072845458984","leiden","edit-xhwikibooks.graphml"
"0.5","0.18","0.32","0.414015406591164","1,1,1,2,1,2,3,2,2,2,3,4,2,2,2,2,2,3,3,4,5,1,2,2,2,2,2,2,1,2,3,3,4,4,3,3,2,2,5,5,5,5,1,1,1,1,5,1,1,1,5,5,5,5,5,1,1,1,1,5,2,5,5,2,2,5,5,5,5,5,1,5,2,2,5,5,5,5,5,5,5,2,2,2,2,1,5,5,5,5,2,3,3,5,5,5,2,5,5,5,5,5,5,5,5,5,5,4,4,5,5,5,5,3,3,3,3,3,3,3,3,2,2,2,2,2,2,2,2","0.000771999359130859","leiden","edit-xhwikibooks.graphml"
"0.49","0.19","0.32","0.413788170222212","1,1,1,2,3,2,3,2,2,2,3,3,2,2,2,2,2,3,4,3,5,1,2,2,2,2,2,2,1,2,3,4,3,3,4,4,2,2,5,5,5,5,1,1,1,1,5,1,1,1,5,5,5,5,5,1,1,1,1,5,2,5,5,2,2,5,5,5,5,5,1,5,2,2,5,5,5,5,5,5,5,2,2,2,2,1,5,5,5,5,2,3,4,5,5,5,2,5,5,5,5,5,5,5,5,5,5,3,3,5,5,5,5,4,4,4,4,4,4,4,4,2,2,2,2,2,2,2,2","0.000792980194091797","leiden","edit-xhwikibooks.graphml"
"0.48","0.2","0.32","0.415583302655345","1,1,1,2,1,2,3,2,2,2,3,4,2,2,2,2,2,3,3,4,5,1,2,2,2,2,2,2,1,2,3,3,4,4,3,3,2,2,5,5,5,5,1,1,1,1,5,1,1,1,5,5,5,5,5,1,1,1,1,5,2,5,5,2,2,5,5,5,5,5,1,5,2,2,5,5,5,5,5,5,5,2,2,2,2,1,5,5,5,5,2,3,3,5,5,5,2,5,5,5,5,5,5,5,5,5,5,4,4,5,5,5,5,3,3,3,3,3,3,3,3,2,2,2,2,2,2,2,2","0.000757932662963867","leiden","edit-xhwikibooks.graphml"
"0.47","0.21","0.32","0.412465468734249","1,1,1,2,3,2,3,2,2,2,3,3,2,2,2,2,2,3,4,3,5,1,2,2,2,2,2,2,1,2,3,4,3,3,4,4,2,2,5,5,5,5,1,1,1,1,5,1,1,1,5,5,5,5,5,1,1,1,1,5,2,5,5,2,2,5,5,5,5,5,1,5,2,2,5,5,5,5,5,5,5,2,2,2,2,1,5,5,5,5,2,3,4,5,5,5,2,5,5,5,5,5,5,5,5,5,5,3,3,5,5,5,5,4,4,4,4,4,4,4,4,2,2,2,2,2,2,2,2","0.000775814056396484","leiden","edit-xhwikibooks.graphml"
"0.46","0.22","0.32","0.412465468734249","1,1,1,2,3,2,3,2,2,2,3,3,2,2,2,2,2,3,4,3,5,1,2,2,2,2,2,2,1,2,3,4,3,3,4,4,2,2,5,5,5,5,1,1,1,1,5,1,1,1,5,5,5,5,5,1,1,1,1,5,2,5,5,2,2,5,5,5,5,5,1,5,2,2,5,5,5,5,5,5,5,2,2,2,2,1,5,5,5,5,2,3,4,5,5,5,2,5,5,5,5,5,5,5,5,5,5,3,3,5,5,5,5,4,4,4,4,4,4,4,4,2,2,2,2,2,2,2,2","0.000802993774414062","leiden","edit-xhwikibooks.graphml"
"0.45","0.23","0.32","0.414992045655413","1,1,1,2,1,2,3,2,2,2,3,4,2,2,2,2,2,3,3,4,5,1,2,2,2,2,2,2,1,2,3,3,4,4,3,3,2,2,5,5,5,5,1,1,1,1,5,1,1,1,5,5,5,5,5,1,1,1,1,5,2,5,5,2,2,5,5,5,5,5,1,5,2,2,5,5,5,5,5,5,5,2,2,2,2,1,5,5,5,5,2,3,3,5,5,5,2,5,5,5,5,5,5,5,5,5,5,4,4,5,5,5,5,3,3,3,3,3,3,3,3,2,2,2,2,2,2,2,2","0.000794887542724609","leiden","edit-xhwikibooks.graphml"
"0.44","0.24","0.32","0.415978673731069","1,1,1,2,1,2,3,2,2,2,3,4,2,2,2,2,2,3,3,4,5,1,2,2,2,2,2,2,1,2,3,3,4,4,3,3,2,2,5,5,5,5,1,1,1,1,5,1,1,1,5,5,5,5,5,1,1,1,1,5,2,5,5,2,2,5,5,5,5,5,1,5,2,2,5,5,5,5,5,5,5,2,2,2,2,1,5,5,5,5,2,3,3,5,5,5,2,5,5,5,5,5,5,5,5,5,5,4,4,5,5,5,5,3,3,3,3,3,3,3,3,2,2,2,2,2,2,2,2","0.000810146331787109","leiden","edit-xhwikibooks.graphml"
"0.43","0.25","0.32","0.415790168706956","1,1,1,2,3,2,3,2,2,2,3,3,2,2,2,2,2,3,4,3,5,1,2,2,2,2,2,2,1,2,3,4,3,3,4,4,2,2,5,5,5,5,1,1,1,1,5,1,1,1,5,5,5,5,5,1,1,1,1,5,2,5,5,2,2,5,5,5,5,5,1,5,2,2,5,5,5,5,5,5,5,2,2,2,2,1,5,5,5,5,2,3,4,5,5,5,2,5,5,5,5,5,5,5,5,5,5,3,3,5,5,5,5,4,4,4,4,4,4,4,4,2,2,2,2,2,2,2,2","0.00123214721679688","leiden","edit-xhwikibooks.graphml"
"0.42","0.26","0.32","0.415699444363801","1,1,1,2,1,2,3,2,2,2,3,4,2,2,2,2,2,3,3,4,5,1,2,2,2,2,2,2,1,2,3,3,4,4,3,3,2,2,5,5,5,5,1,1,1,1,5,1,1,1,5,5,5,5,5,1,1,1,1,5,2,5,5,2,2,5,5,5,5,5,1,5,2,2,5,5,5,5,5,5,5,2,2,2,2,1,5,5,5,5,2,3,3,5,5,5,2,5,5,5,5,5,5,5,5,5,5,4,4,5,5,5,5,3,3,3,3,3,3,3,3,2,2,2,2,2,2,2,2","0.00124406814575195","leiden","edit-xhwikibooks.graphml"
"0.41","0.27","0.32","0.415790168706956","1,1,1,2,3,2,3,2,2,2,3,3,2,2,2,2,2,3,4,3,5,1,2,2,2,2,2,2,1,2,3,4,3,3,4,4,2,2,5,5,5,5,1,1,1,1,5,1,1,1,5,5,5,5,5,1,1,1,1,5,2,5,5,2,2,5,5,5,5,5,1,5,2,2,5,5,5,5,5,5,5,2,2,2,2,1,5,5,5,5,2,3,4,5,5,5,2,5,5,5,5,5,5,5,5,5,5,3,3,5,5,5,5,4,4,4,4,4,4,4,4,2,2,2,2,2,2,2,2","0.00124096870422363","leiden","edit-xhwikibooks.graphml"
"0.4","0.28","0.32","0.415379035803499","1,1,1,2,1,2,3,2,2,2,3,4,2,2,2,2,2,3,3,4,5,1,2,2,2,2,2,2,1,2,3,3,4,4,3,3,2,2,5,5,5,5,1,1,1,1,5,1,1,1,5,5,5,5,5,1,1,1,1,5,2,5,5,2,2,5,5,5,5,5,1,5,2,2,5,5,5,5,5,5,5,2,2,2,2,1,5,5,5,5,2,3,3,5,5,5,2,5,5,5,5,5,5,5,5,5,5,4,4,5,5,5,5,3,3,3,3,3,3,3,3,2,2,2,2,2,2,2,2","0.00122499465942383","leiden","edit-xhwikibooks.graphml"
"0.39","0.29","0.32","0.415115784422832","1,1,1,2,3,2,3,2,2,2,3,3,2,2,2,2,2,3,4,3,5,1,2,2,2,2,2,2,1,2,3,4,3,3,4,4,2,2,5,5,5,5,1,1,1,1,5,1,1,1,5,5,5,5,5,1,1,1,1,5,2,5,5,2,2,5,5,5,5,5,1,5,2,2,5,5,5,5,5,5,5,2,2,2,2,1,5,5,5,5,2,3,4,5,5,5,2,5,5,5,5,5,5,5,5,5,5,3,3,5,5,5,5,4,4,4,4,4,4,4,4,2,2,2,2,2,2,2,2","0.000912904739379883","leiden","edit-xhwikibooks.graphml"
"0.38","0.3","0.32","0.414794534053515","1,1,1,2,3,2,3,2,2,2,3,3,2,2,2,2,2,3,4,3,5,1,2,2,2,2,2,2,1,2,3,4,3,3,4,4,2,2,5,5,5,5,1,1,1,1,5,1,1,1,5,5,5,5,5,1,1,1,1,5,2,5,5,2,2,5,5,5,5,5,1,5,2,2,5,5,5,5,5,5,5,2,2,2,2,1,5,5,5,5,2,3,4,5,5,5,2,5,5,5,5,5,5,5,5,5,5,3,3,5,5,5,5,4,4,4,4,4,4,4,4,2,2,2,2,2,2,2,2","0.000751972198486328","leiden","edit-xhwikibooks.graphml"
"0.37","0.31","0.32","0.415647427118767","1,1,1,2,1,2,3,2,2,2,3,3,2,2,2,2,2,3,4,3,5,1,2,2,2,2,2,2,1,2,3,4,3,3,4,4,2,2,5,5,5,5,1,1,1,1,5,1,1,1,5,5,5,5,5,1,1,1,1,5,2,5,5,2,2,5,5,5,5,5,1,5,2,2,5,5,5,5,5,5,5,2,2,2,2,1,5,5,5,5,2,3,4,5,5,5,2,5,5,5,5,5,5,5,5,5,5,3,3,5,5,5,5,4,4,4,4,4,4,4,4,2,2,2,2,2,2,2,2","0.000743865966796875","leiden","edit-xhwikibooks.graphml"
"0.36","0.32","0.32","0.415461006552098","1,1,1,2,3,2,3,2,2,2,3,3,2,2,2,2,2,3,4,3,5,1,2,2,2,2,2,2,1,2,3,4,3,3,4,4,2,2,5,5,5,5,1,1,1,1,5,1,1,1,5,5,5,5,5,1,1,1,1,5,2,5,5,2,2,5,5,5,5,5,1,5,2,2,5,5,5,5,5,5,5,2,2,2,2,1,5,5,5,5,2,3,4,5,5,5,2,5,5,5,5,5,5,5,5,5,5,3,3,5,5,5,5,4,4,4,4,4,4,4,4,2,2,2,2,2,2,2,2","0.000787019729614258","leiden","edit-xhwikibooks.graphml"
"0.35","0.33","0.32","0.410982111436653","1,1,1,2,1,2,3,2,2,2,3,3,2,2,2,2,2,3,4,3,5,1,2,2,2,2,2,2,1,2,3,4,3,3,4,4,2,2,5,5,5,5,1,1,1,1,5,1,1,1,5,5,5,5,5,1,1,1,1,5,6,5,5,2,2,5,5,5,5,5,1,5,2,2,5,5,5,5,5,5,5,2,2,2,2,7,5,5,5,5,8,9,10,5,5,5,2,5,5,5,5,5,5,5,5,5,5,3,3,5,5,5,5,4,4,4,4,4,4,4,4,2,2,2,2,2,2,2,2","0.000813007354736328","leiden","edit-xhwikibooks.graphml"
"0.34","0.34","0.32","0.425654245585567","1,1,1,2,3,2,3,2,2,2,3,3,2,2,2,2,2,3,4,3,5,1,2,2,2,2,2,2,1,2,3,4,3,3,4,4,2,2,5,5,5,5,1,1,1,1,5,1,1,1,5,5,5,5,5,1,1,1,1,5,6,5,5,2,2,5,5,5,5,5,1,5,2,2,5,5,5,5,5,5,5,2,2,2,2,7,5,5,5,5,8,9,10,5,5,5,2,5,5,5,5,5,5,5,5,5,5,3,3,5,5,5,5,4,4,4,4,4,4,4,4,2,2,2,2,2,2,2,2","0.000875949859619141","leiden","edit-xhwikibooks.graphml"
"0.33","0.35","0.32","0.425654245585567","1,1,1,2,3,2,3,2,2,2,3,3,2,2,2,2,2,3,4,3,5,1,2,2,2,2,2,2,1,2,3,4,3,3,4,4,2,2,5,5,5,5,1,1,1,1,5,1,1,1,5,5,5,5,5,1,1,1,1,5,6,5,5,2,2,5,5,5,5,5,1,5,2,2,5,5,5,5,5,5,5,2,2,2,2,7,5,5,5,5,8,9,10,5,5,5,2,5,5,5,5,5,5,5,5,5,5,3,3,5,5,5,5,4,4,4,4,4,4,4,4,2,2,2,2,2,2,2,2","0.000779151916503906","leiden","edit-xhwikibooks.graphml"
"0.32","0.36","0.32","0.426167254170494","1,2,1,3,1,3,1,3,3,3,1,1,3,3,3,3,3,1,4,1,5,2,3,3,3,3,3,3,2,3,1,4,1,1,4,4,3,3,5,5,5,5,2,2,2,2,5,2,2,2,5,5,5,5,5,2,2,2,2,5,6,5,5,3,3,5,5,5,5,5,2,5,3,3,5,5,5,5,5,5,5,3,3,3,3,7,5,5,5,5,8,9,10,5,5,5,3,5,5,5,5,5,5,5,5,5,5,1,1,5,5,5,5,4,4,4,4,4,4,4,4,3,3,3,3,3,3,3,3","0.000802993774414062","leiden","edit-xhwikibooks.graphml"
"0.31","0.37","0.32","0.426491030291148","1,2,1,3,1,3,1,3,3,3,1,1,3,3,3,3,3,1,4,1,5,2,3,3,3,3,3,3,2,3,1,4,1,1,4,4,3,3,5,5,5,5,2,2,2,2,5,2,2,2,5,5,5,5,5,2,2,2,2,5,6,5,5,3,3,5,5,5,5,5,2,5,3,3,5,5,5,5,5,5,5,3,3,3,3,7,5,5,5,5,8,9,10,5,5,5,3,5,5,5,5,5,5,5,5,5,5,1,1,5,5,5,5,4,4,4,4,4,4,4,4,3,3,3,3,3,3,3,3","0.000819921493530273","leiden","edit-xhwikibooks.graphml"
"0.3","0.38","0.32","0.426287592173529","1,1,1,2,3,2,3,2,2,2,3,3,2,2,2,2,2,3,4,3,5,1,2,2,2,2,2,2,1,2,3,4,3,3,4,4,2,2,5,5,5,5,1,1,1,1,5,1,1,1,5,5,5,5,5,1,1,1,1,5,6,5,5,2,2,5,5,5,5,5,1,5,2,2,5,5,5,5,5,5,5,2,2,2,2,7,5,5,5,5,8,9,10,5,5,5,2,5,5,5,5,5,5,5,5,5,5,3,3,5,5,5,5,4,4,4,4,4,4,4,4,2,2,2,2,2,2,2,2","0.000819921493530273","leiden","edit-xhwikibooks.graphml"
"0.29","0.39","0.32","0.427239235888703","1,1,1,3,2,3,2,3,3,3,2,2,3,3,3,3,3,2,4,2,5,1,3,3,3,3,3,3,1,3,2,4,2,2,4,4,3,3,5,5,5,5,1,1,1,1,5,1,1,1,5,5,5,5,5,1,1,1,1,5,6,5,5,3,3,5,5,5,5,5,1,5,3,3,5,5,5,5,5,5,5,3,3,3,3,7,5,5,5,5,8,9,10,5,5,5,3,5,5,5,5,5,5,5,5,5,5,2,2,5,5,5,5,4,4,4,4,4,4,4,4,3,3,3,3,3,3,3,3","0.000806093215942383","leiden","edit-xhwikibooks.graphml"
"0.28","0.4","0.32","0.428701011914873","1,1,1,3,2,3,2,3,3,3,2,2,3,3,3,3,3,2,4,2,5,1,3,3,3,3,3,3,1,3,2,4,2,2,4,4,3,3,5,5,5,5,1,1,1,1,5,1,1,1,5,5,5,5,5,1,1,1,1,5,6,5,5,3,3,5,5,5,5,5,1,5,3,3,5,5,5,5,5,5,5,3,3,3,3,7,5,5,5,5,8,9,10,5,5,5,3,5,5,5,5,5,5,5,5,5,5,2,2,5,5,5,5,4,4,4,4,4,4,4,4,3,3,3,3,3,3,3,3","0.000794887542724609","leiden","edit-xhwikibooks.graphml"
"0.27","0.41","0.32","0.428701011914873","1,1,1,3,2,3,2,3,3,3,2,2,3,3,3,3,3,2,4,2,5,1,3,3,3,3,3,3,1,3,2,4,2,2,4,4,3,3,5,5,5,5,1,1,1,1,5,1,1,1,5,5,5,5,5,1,1,1,1,5,6,5,5,3,3,5,5,5,5,5,1,5,3,3,5,5,5,5,5,5,5,3,3,3,3,7,5,5,5,5,8,9,10,5,5,5,3,5,5,5,5,5,5,5,5,5,5,2,2,5,5,5,5,4,4,4,4,4,4,4,4,3,3,3,3,3,3,3,3","0.000805139541625977","leiden","edit-xhwikibooks.graphml"
"0.26","0.42","0.32","0.428378716132432","1,1,1,2,3,2,3,2,2,2,3,3,2,2,2,2,2,3,4,3,5,1,2,2,2,2,2,2,1,2,3,4,3,3,4,4,2,2,5,5,5,5,1,1,1,1,5,1,1,1,5,5,5,5,5,1,1,1,1,5,6,5,5,2,2,5,5,5,5,5,1,5,2,2,5,5,5,5,5,5,5,2,2,2,2,7,5,5,5,5,8,9,10,5,5,5,2,5,5,5,5,5,5,5,5,5,5,3,3,5,5,5,5,4,4,4,4,4,4,4,4,2,2,2,2,2,2,2,2","0.000865936279296875","leiden","edit-xhwikibooks.graphml"
"0.25","0.43","0.32","0.430207637765795","1,1,1,2,3,2,3,2,2,2,3,3,2,2,2,2,2,3,4,3,5,1,2,2,2,2,2,2,1,2,3,4,3,3,4,4,2,2,5,5,5,5,1,1,1,1,5,1,1,1,5,5,5,5,5,1,1,1,1,5,6,5,5,2,2,5,5,5,5,5,1,5,2,2,5,5,5,5,5,5,5,2,2,2,2,7,5,5,5,5,8,9,10,5,5,5,2,5,5,5,5,5,5,5,5,5,5,3,3,5,5,5,5,4,4,4,4,4,4,4,4,2,2,2,2,2,2,2,2","0.000813007354736328","leiden","edit-xhwikibooks.graphml"
"0.24","0.44","0.32","0.429885656337247","1,1,1,3,2,3,2,3,3,3,2,2,3,3,3,3,3,2,4,2,5,1,3,3,3,3,3,3,1,3,2,4,2,2,4,4,3,3,5,5,5,5,1,1,1,1,5,1,1,1,5,5,5,5,5,1,1,1,1,5,6,5,5,3,3,5,5,5,5,5,1,5,3,3,5,5,5,5,5,5,5,3,3,3,3,7,5,5,5,5,8,9,10,5,5,5,3,5,5,5,5,5,5,5,5,5,5,2,2,5,5,5,5,4,4,4,4,4,4,4,4,3,3,3,3,3,3,3,3","0.000793933868408203","leiden","edit-xhwikibooks.graphml"
"0.23","0.45","0.32","0.431700690974357","1,1,1,2,3,2,3,2,2,2,3,3,2,2,2,2,2,3,4,3,5,1,2,2,2,2,2,2,1,2,3,4,3,3,4,4,2,2,5,5,5,5,1,1,1,1,5,1,1,1,5,5,5,5,5,1,1,1,1,5,6,5,5,2,2,5,5,5,5,5,1,5,2,2,5,5,5,5,5,5,5,2,2,2,2,7,5,5,5,5,8,9,10,5,5,5,2,5,5,5,5,5,5,5,5,5,5,3,3,5,5,5,5,4,4,4,4,4,4,4,4,2,2,2,2,2,2,2,2","0.000789165496826172","leiden","edit-xhwikibooks.graphml"
"0.22","0.46","0.32","0.431266060561962","1,2,1,3,1,3,1,3,3,3,1,1,3,3,3,3,3,1,4,1,5,2,3,3,3,3,3,3,2,3,1,4,1,1,4,4,3,3,5,5,5,5,2,2,2,2,5,2,2,2,5,5,5,5,5,2,2,2,2,5,6,5,5,3,3,5,5,5,5,5,2,5,3,3,5,5,5,5,5,5,5,3,3,3,3,7,5,5,5,5,8,9,10,5,5,5,3,5,5,5,5,5,5,5,5,5,5,1,1,5,5,5,5,4,4,4,4,4,4,4,4,3,3,3,3,3,3,3,3","0.00113701820373535","leiden","edit-xhwikibooks.graphml"
"0.21","0.47","0.32","0.432310523645308","1,1,1,2,3,2,3,2,2,2,3,3,2,2,2,2,2,3,4,3,5,1,2,2,2,2,2,2,1,2,3,4,3,3,4,4,2,2,5,5,5,5,1,1,1,1,5,1,1,1,5,5,5,5,5,1,1,1,1,5,6,5,5,2,2,5,5,5,5,5,1,5,2,2,5,5,5,5,5,5,5,2,2,2,2,7,5,5,5,5,8,9,10,5,5,5,2,5,5,5,5,5,5,5,5,5,5,3,3,5,5,5,5,4,4,4,4,4,4,4,4,2,2,2,2,2,2,2,2","0.00111222267150879","leiden","edit-xhwikibooks.graphml"
"0.2","0.48","0.32","0.43189001083374","1,2,1,3,1,3,1,3,3,3,1,1,3,3,3,3,3,1,4,1,5,2,3,3,3,3,3,3,2,3,1,4,1,1,4,4,3,3,5,5,5,5,2,2,2,2,5,2,2,2,5,5,5,5,5,2,2,2,2,5,6,5,5,3,3,5,5,5,5,5,2,5,3,3,5,5,5,5,5,5,5,3,3,3,3,7,5,5,5,5,8,9,10,5,5,5,3,5,5,5,5,5,5,5,5,5,5,1,1,5,5,5,5,4,4,4,4,4,4,4,4,3,3,3,3,3,3,3,3","0.00110697746276855","leiden","edit-xhwikibooks.graphml"
"0.19","0.49","0.32","0.426140566128036","1,1,1,3,2,3,2,3,3,3,2,2,3,3,3,3,3,2,5,2,6,1,3,3,3,3,3,3,1,3,2,5,2,2,5,5,4,3,6,6,6,6,1,1,1,1,6,1,1,1,6,6,6,6,6,1,1,1,1,6,7,6,6,3,3,6,6,6,6,6,1,6,3,3,6,6,6,6,6,6,6,3,3,3,3,8,6,6,6,6,9,10,11,6,6,6,3,6,6,6,6,6,6,6,6,6,6,2,2,6,6,6,6,5,5,5,5,5,5,5,5,4,4,4,4,4,4,4,4","0.000883817672729492","leiden","edit-xhwikibooks.graphml"
"0.18","0.5","0.32","0.46393871847525","1,1,1,2,3,2,3,2,2,2,3,3,2,2,2,2,2,3,4,3,5,1,2,2,2,2,2,2,1,2,3,4,3,3,4,4,6,2,5,5,5,5,1,1,1,1,5,1,1,1,5,5,5,5,5,1,1,1,1,5,7,5,5,2,2,5,5,5,5,5,1,5,2,2,5,5,5,5,5,5,5,2,2,2,2,8,5,5,5,5,9,10,11,5,5,5,2,5,5,5,5,5,5,5,5,5,5,3,3,5,5,5,5,4,4,4,4,4,4,4,4,6,6,6,6,6,6,6,6","0.000794887542724609","leiden","edit-xhwikibooks.graphml"
"0.17","0.51","0.32","0.463209450952437","1,3,1,2,1,2,1,4,4,2,1,1,4,4,4,2,2,1,5,1,6,3,4,4,4,4,4,2,3,2,1,5,1,1,5,5,4,4,6,6,6,6,3,3,3,3,6,3,3,3,6,6,6,6,6,3,3,3,3,6,7,6,6,4,4,6,6,6,6,6,3,6,4,4,6,6,6,6,6,6,6,4,2,2,2,8,6,6,6,6,9,10,11,6,6,6,2,6,6,6,6,6,6,6,6,6,6,1,1,6,6,6,6,5,5,5,5,5,5,5,5,4,4,4,4,4,4,4,4","0.000780105590820312","leiden","edit-xhwikibooks.graphml"
"0.16","0.52","0.32","0.46393871847525","1,1,1,2,3,2,3,2,2,2,3,3,2,2,2,2,2,3,4,3,5,1,2,2,2,2,2,2,1,2,3,4,3,3,4,4,6,2,5,5,5,5,1,1,1,1,5,1,1,1,5,5,5,5,5,1,1,1,1,5,7,5,5,2,2,5,5,5,5,5,1,5,2,2,5,5,5,5,5,5,5,2,2,2,2,8,5,5,5,5,9,10,11,5,5,5,2,5,5,5,5,5,5,5,5,5,5,3,3,5,5,5,5,4,4,4,4,4,4,4,4,6,6,6,6,6,6,6,6","0.000801801681518555","leiden","edit-xhwikibooks.graphml"
"0.15","0.53","0.32","0.462794056624852","1,1,1,2,3,2,3,2,2,2,3,3,2,2,2,2,2,3,4,3,5,1,2,2,2,2,2,2,1,2,3,4,3,3,4,4,6,2,5,5,5,5,1,1,1,1,5,1,1,1,5,5,5,5,5,1,1,1,1,5,7,5,5,2,2,5,5,5,5,5,1,5,2,2,5,5,5,5,5,5,5,2,2,2,2,8,5,5,5,5,9,10,11,5,5,5,2,5,5,5,5,5,5,5,5,5,5,3,3,5,5,5,5,4,4,4,4,4,4,4,4,6,6,6,6,6,6,6,6","0.000940084457397461","leiden","edit-xhwikibooks.graphml"
"0.14","0.54","0.32","0.464463702724857","1,1,1,2,3,2,3,2,2,2,3,3,2,2,2,2,2,3,4,3,5,1,2,2,2,2,2,2,1,2,3,4,3,3,4,4,6,2,5,5,5,5,1,1,1,1,5,1,1,1,5,5,5,5,5,1,1,1,1,5,7,5,5,2,2,5,5,5,5,5,1,5,2,2,5,5,5,5,5,5,5,2,2,2,2,8,5,5,5,5,9,10,11,5,5,5,2,5,5,5,5,5,5,5,5,5,5,3,3,5,5,5,5,4,4,4,4,4,4,4,4,6,6,6,6,6,6,6,6","0.000786066055297852","leiden","edit-xhwikibooks.graphml"
"0.13","0.55","0.32","0.464136745354758","1,1,1,2,3,2,3,2,2,2,3,3,2,2,2,2,2,3,4,3,5,1,2,2,2,2,2,2,1,2,3,4,3,3,4,4,6,2,5,5,5,5,1,1,1,1,5,1,1,1,5,5,5,5,5,1,1,1,1,5,7,5,5,2,2,5,5,5,5,5,1,5,2,2,5,5,5,5,5,5,5,2,2,2,2,8,5,5,5,5,9,10,11,5,5,5,2,5,5,5,5,5,5,5,5,5,5,3,3,5,5,5,5,4,4,4,4,4,4,4,4,6,6,6,6,6,6,6,6","0.000821113586425781","leiden","edit-xhwikibooks.graphml"
"0.12","0.56","0.32","0.466628354304311","1,2,1,3,1,3,1,3,3,3,1,1,3,3,3,3,3,1,4,1,5,2,3,3,3,3,3,3,2,3,1,4,1,1,4,4,6,3,5,5,5,5,2,2,2,2,5,2,2,2,5,5,5,5,5,2,2,2,2,5,7,5,5,3,3,5,5,5,5,5,2,5,3,3,5,5,5,5,5,5,5,3,3,3,3,8,5,5,5,5,9,10,11,5,5,5,3,5,5,5,5,5,5,5,5,5,5,1,1,5,5,5,5,4,4,4,4,4,4,4,4,6,6,6,6,6,6,6,6","0.000800132751464844","leiden","edit-xhwikibooks.graphml"
"0.11","0.57","0.32","0.454969618055556","1,2,1,3,1,3,1,4,4,3,1,1,4,4,4,3,3,1,5,1,6,2,4,4,4,4,4,3,2,3,1,5,1,1,5,5,4,4,6,6,6,6,2,2,2,2,6,2,2,2,6,6,6,6,6,2,2,2,2,6,7,6,6,4,4,6,6,6,6,6,2,6,4,4,6,6,6,6,6,6,6,4,3,3,3,8,6,6,6,6,9,10,11,6,6,6,3,6,6,6,6,6,6,6,6,6,6,1,1,6,6,6,6,5,5,5,5,5,5,5,5,4,4,4,4,4,4,4,4","0.000869989395141602","leiden","edit-xhwikibooks.graphml"
"0.1","0.58","0.32","0.456694158468559","1,1,1,3,2,3,2,4,4,3,2,2,4,4,4,3,3,2,5,2,6,1,4,4,4,4,4,3,1,3,2,5,2,2,5,5,4,4,6,6,6,6,1,1,1,1,6,1,1,1,6,6,6,6,6,1,1,1,1,6,7,6,6,4,4,6,6,6,6,6,1,6,4,4,6,6,6,6,6,6,6,4,3,3,3,8,6,6,6,6,9,10,11,6,6,6,3,6,6,6,6,6,6,6,6,6,6,2,2,6,6,6,6,5,5,5,5,5,5,5,5,4,4,4,4,4,4,4,4","0.000822067260742188","leiden","edit-xhwikibooks.graphml"
"0.09","0.59","0.32","0.456315354428653","1,2,1,3,1,3,1,4,4,3,1,1,4,4,4,3,3,1,5,1,6,2,4,4,4,4,4,3,2,3,1,5,1,1,5,5,4,4,6,6,6,6,2,2,2,2,6,2,2,2,6,6,6,6,6,2,2,2,2,6,7,6,6,4,4,6,6,6,6,6,2,6,4,4,6,6,6,6,6,6,6,4,3,3,3,8,6,6,6,6,9,10,11,6,6,6,3,6,6,6,6,6,6,6,6,6,6,1,1,6,6,6,6,5,5,5,5,5,5,5,5,4,4,4,4,4,4,4,4","0.000805854797363281","leiden","edit-xhwikibooks.graphml"
"0.08","0.6","0.32","0.458157038911062","1,1,1,3,2,3,2,4,4,3,2,2,4,4,4,3,3,2,5,2,6,1,4,4,4,4,4,3,1,3,2,5,2,2,5,5,4,4,6,6,6,6,1,1,1,1,6,1,1,1,6,6,6,6,6,1,1,1,1,6,7,6,6,4,4,6,6,6,6,6,1,6,4,4,6,6,6,6,6,6,6,4,3,3,3,8,6,6,6,6,9,10,11,6,6,6,3,6,6,6,6,6,6,6,6,6,6,2,2,6,6,6,6,5,5,5,5,5,5,5,5,4,4,4,4,4,4,4,4","0.000807046890258789","leiden","edit-xhwikibooks.graphml"
"0.07","0.61","0.32","0.452835349230946","1,2,1,1,1,3,1,3,3,4,1,1,3,3,3,3,4,1,5,1,6,2,3,3,3,3,3,7,2,4,1,5,1,1,5,5,3,3,6,6,6,6,2,2,2,2,6,2,2,2,6,6,6,6,6,2,2,2,2,6,8,6,6,3,3,6,6,6,6,6,2,6,3,3,6,6,6,6,6,6,6,3,7,7,7,9,6,6,6,6,10,11,12,6,6,6,3,6,6,6,6,6,6,6,6,6,6,1,1,6,6,6,6,5,5,5,5,5,5,5,5,3,3,3,3,3,3,3,3","0.00359487533569336","leiden","edit-xhwikibooks.graphml"
"0.06","0.62","0.32","0.453708170694268","1,2,1,1,1,3,1,3,3,4,1,1,3,3,3,3,4,1,5,1,6,2,3,3,3,3,3,7,2,4,1,5,1,1,5,5,3,3,6,6,6,6,2,2,2,2,6,2,2,2,6,6,6,6,6,2,2,2,2,6,8,6,6,3,3,6,6,6,6,6,2,6,3,3,6,6,6,6,6,6,6,3,7,7,7,9,6,6,6,6,10,11,12,6,6,6,3,6,6,6,6,6,6,6,6,6,6,1,1,6,6,6,6,5,5,5,5,5,5,5,5,3,3,3,3,3,3,3,3","0.00174593925476074","leiden","edit-xhwikibooks.graphml"
"0.05","0.63","0.32","0.453760796309333","1,3,1,1,1,2,1,4,4,2,1,1,4,4,4,2,2,1,5,1,6,3,4,4,4,4,4,2,3,2,1,5,1,1,5,5,4,4,6,6,6,6,3,3,3,3,6,3,3,3,6,6,6,6,6,3,3,3,3,6,7,6,6,4,4,6,6,6,6,6,3,6,4,4,6,6,6,6,6,6,6,4,2,2,2,8,6,6,6,6,9,10,11,6,6,6,2,6,6,6,6,6,6,6,6,6,6,1,1,6,6,6,6,5,5,5,5,5,5,5,5,4,4,4,4,4,4,4,4","0.00162792205810547","leiden","edit-xhwikibooks.graphml"
"0.04","0.64","0.32","0.453791170700505","1,3,1,2,1,2,1,4,4,2,1,1,4,4,4,2,2,1,5,1,6,3,4,4,4,4,4,2,3,2,1,5,1,1,5,5,4,4,6,6,6,6,3,3,3,3,6,3,3,3,6,6,6,6,6,3,3,3,3,6,7,6,6,4,4,6,6,6,6,6,3,6,4,4,6,6,6,6,6,6,6,4,2,2,2,8,6,6,6,6,9,10,11,6,6,6,2,6,6,6,6,6,6,6,6,6,6,1,1,6,6,6,6,5,5,5,5,5,5,5,5,4,4,4,4,4,4,4,4","0.00160598754882812","leiden","edit-xhwikibooks.graphml"
"0.03","0.65","0.32","0.446143269589904","1,2,1,1,1,3,1,3,3,3,1,1,3,3,3,3,5,1,6,1,7,2,3,3,3,3,3,4,2,8,9,6,1,1,6,6,3,3,7,7,7,7,2,2,2,2,7,2,2,2,7,7,7,7,7,2,2,2,2,7,10,7,7,11,12,7,7,7,7,7,2,7,3,3,7,7,7,7,7,7,7,13,4,4,4,14,7,7,7,7,15,16,17,7,7,7,18,7,7,7,7,7,7,7,7,7,7,19,20,7,7,7,7,6,6,6,6,6,6,6,6,3,3,3,3,3,3,3,3","0.00162506103515625","leiden","edit-xhwikibooks.graphml"
"0.02","0.66","0.32","0.446143269589904","1,2,1,1,1,3,1,3,3,3,1,1,3,3,3,3,4,1,5,1,6,2,3,3,3,3,3,7,2,8,9,5,1,1,5,5,3,3,6,6,6,6,2,2,2,2,6,2,2,2,6,6,6,6,6,2,2,2,2,6,10,6,6,11,12,6,6,6,6,6,2,6,3,3,6,6,6,6,6,6,6,13,7,7,7,14,6,6,6,6,15,16,17,6,6,6,18,6,6,6,6,6,6,6,6,6,6,19,20,6,6,6,6,5,5,5,5,5,5,5,5,3,3,3,3,3,3,3,3","0.00116705894470215","leiden","edit-xhwikibooks.graphml"
"0.01","0.67","0.32","0.458010186415286","1,2,1,1,1,3,1,3,3,3,1,1,3,3,3,3,4,1,5,1,6,2,3,3,3,3,3,7,2,8,9,5,1,1,5,5,3,3,6,6,6,6,2,2,2,2,6,2,2,2,6,6,6,6,6,2,2,2,2,6,10,6,6,11,12,6,6,6,6,6,2,6,3,3,6,6,6,6,6,6,6,13,7,7,7,14,6,6,6,6,15,16,17,6,6,6,18,6,6,6,6,6,6,6,6,6,6,19,20,6,6,6,6,5,5,5,5,5,5,5,5,3,3,3,3,3,3,3,3","0.00100898742675781","leiden","edit-xhwikibooks.graphml"
"0","0.68","0.32","0.460949957324978","1,1,1,1,1,2,3,2,2,2,3,3,2,2,2,2,4,3,5,3,6,1,2,2,2,2,2,7,1,8,9,5,3,3,5,5,2,2,6,6,6,6,1,1,1,1,6,1,1,1,6,6,6,6,6,1,1,1,1,6,10,6,6,11,12,6,6,6,6,6,1,6,2,2,6,6,6,6,6,6,6,13,7,7,7,14,6,6,6,6,15,16,17,6,6,6,18,6,6,6,6,6,6,6,6,6,6,19,20,6,6,6,6,5,5,5,5,5,5,5,5,2,2,2,2,2,2,2,2","0.000979900360107422","leiden","edit-xhwikibooks.graphml"
"0.67","0","0.33","0.395151859913415","1,1,1,2,1,2,3,2,2,2,3,3,2,2,2,2,2,3,3,3,4,1,2,2,2,2,2,2,1,2,3,3,3,3,3,3,2,2,4,4,4,4,1,1,1,1,4,1,1,1,4,4,4,4,4,1,1,1,1,4,2,4,4,2,2,4,4,4,4,4,1,4,2,2,4,4,4,4,4,4,4,2,2,2,2,1,4,4,4,4,2,3,3,4,4,4,2,4,4,4,4,4,4,4,4,4,4,3,3,4,4,4,4,3,3,3,3,3,3,3,3,2,2,2,2,2,2,2,2","0.00088810920715332","leiden","edit-xhwikibooks.graphml"
"0.66","0.01","0.33","0.395240114308628","1,1,1,2,1,2,3,2,2,2,3,4,2,2,2,2,2,3,3,4,5,1,2,2,2,2,2,2,1,2,3,3,4,4,3,3,2,2,5,5,5,5,1,1,1,1,5,1,1,1,5,5,5,5,5,1,1,1,1,5,2,5,5,2,2,5,5,5,5,5,1,5,2,2,5,5,5,5,5,5,5,2,2,2,2,1,5,5,5,5,2,3,3,5,5,5,2,5,5,5,5,5,5,5,5,5,5,4,4,5,5,5,5,3,3,3,3,3,3,3,3,2,2,2,2,2,2,2,2","0.000898838043212891","leiden","edit-xhwikibooks.graphml"
"0.65","0.02","0.33","0.395240114308628","1,1,1,2,1,2,3,2,2,2,3,4,2,2,2,2,2,3,3,4,5,1,2,2,2,2,2,2,1,2,3,3,4,4,3,3,2,2,5,5,5,5,1,1,1,1,5,1,1,1,5,5,5,5,5,1,1,1,1,5,2,5,5,2,2,5,5,5,5,5,1,5,2,2,5,5,5,5,5,5,5,2,2,2,2,1,5,5,5,5,2,3,3,5,5,5,2,5,5,5,5,5,5,5,5,5,5,4,4,5,5,5,5,3,3,3,3,3,3,3,3,2,2,2,2,2,2,2,2","0.000911951065063477","leiden","edit-xhwikibooks.graphml"
"0.64","0.03","0.33","0.394937117275133","1,1,1,2,1,2,3,2,2,2,3,4,2,2,2,2,2,3,3,4,5,1,2,2,2,2,2,2,1,2,3,3,4,4,3,3,2,2,5,5,5,5,1,1,1,1,5,1,1,1,5,5,5,5,5,1,1,1,1,5,2,5,5,2,2,5,5,5,5,5,1,5,2,2,5,5,5,5,5,5,5,2,2,2,2,1,5,5,5,5,2,3,3,5,5,5,2,5,5,5,5,5,5,5,5,5,5,4,4,5,5,5,5,3,3,3,3,3,3,3,3,2,2,2,2,2,2,2,2","0.000928878784179688","leiden","edit-xhwikibooks.graphml"
"0.63","0.04","0.33","0.394937117275133","1,1,1,2,1,2,3,2,2,2,3,4,2,2,2,2,2,3,3,4,5,1,2,2,2,2,2,2,1,2,3,3,4,4,3,3,2,2,5,5,5,5,1,1,1,1,5,1,1,1,5,5,5,5,5,1,1,1,1,5,2,5,5,2,2,5,5,5,5,5,1,5,2,2,5,5,5,5,5,5,5,2,2,2,2,1,5,5,5,5,2,3,3,5,5,5,2,5,5,5,5,5,5,5,5,5,5,4,4,5,5,5,5,3,3,3,3,3,3,3,3,2,2,2,2,2,2,2,2","0.000922918319702148","leiden","edit-xhwikibooks.graphml"
"0.62","0.05","0.33","0.394647926622196","1,1,1,2,3,2,3,2,2,2,3,3,2,2,2,2,2,3,4,3,5,1,2,2,2,2,2,2,1,2,3,4,3,3,4,4,2,2,5,5,5,5,1,1,1,1,5,1,1,1,5,5,5,5,5,1,1,1,1,5,2,5,5,2,2,5,5,5,5,5,1,5,2,2,5,5,5,5,5,5,5,2,2,2,2,1,5,5,5,5,2,3,4,5,5,5,2,5,5,5,5,5,5,5,5,5,5,3,3,5,5,5,5,4,4,4,4,4,4,4,4,2,2,2,2,2,2,2,2","0.000856161117553711","leiden","edit-xhwikibooks.graphml"
"0.61","0.06","0.33","0.394647926622196","1,1,1,2,3,2,3,2,2,2,3,3,2,2,2,2,2,3,4,3,5,1,2,2,2,2,2,2,1,2,3,4,3,3,4,4,2,2,5,5,5,5,1,1,1,1,5,1,1,1,5,5,5,5,5,1,1,1,1,5,2,5,5,2,2,5,5,5,5,5,1,5,2,2,5,5,5,5,5,5,5,2,2,2,2,1,5,5,5,5,2,3,4,5,5,5,2,5,5,5,5,5,5,5,5,5,5,3,3,5,5,5,5,4,4,4,4,4,4,4,4,2,2,2,2,2,2,2,2","0.000867128372192383","leiden","edit-xhwikibooks.graphml"
"0.6","0.07","0.33","0.394332408905029","1,1,1,2,1,2,3,2,2,2,3,4,2,2,2,2,2,3,3,4,5,1,2,2,2,2,2,2,1,2,3,3,4,4,3,3,2,2,5,5,5,5,1,1,1,1,5,1,1,1,5,5,5,5,5,1,1,1,1,5,2,5,5,2,2,5,5,5,5,5,1,5,2,2,5,5,5,5,5,5,5,2,2,2,2,1,5,5,5,5,2,3,3,5,5,5,2,5,5,5,5,5,5,5,5,5,5,4,4,5,5,5,5,3,3,3,3,3,3,3,3,2,2,2,2,2,2,2,2","0.000858068466186523","leiden","edit-xhwikibooks.graphml"
"0.59","0.08","0.33","0.395258536585366","1,1,1,2,1,2,3,2,2,2,3,3,2,2,2,2,2,3,3,3,4,1,2,2,2,2,2,2,1,2,3,3,3,3,3,3,2,2,4,4,4,4,1,1,1,1,4,1,1,1,4,4,4,4,4,1,1,1,1,4,2,4,4,2,2,4,4,4,4,4,1,4,2,2,4,4,4,4,4,4,4,2,2,2,2,1,4,4,4,4,2,3,3,4,4,4,2,4,4,4,4,4,4,4,4,4,4,3,3,4,4,4,4,3,3,3,3,3,3,3,3,2,2,2,2,2,2,2,2","0.00102591514587402","leiden","edit-xhwikibooks.graphml"
"0.58","0.09","0.33","0.395052703775901","1,1,1,2,3,2,3,2,2,2,3,3,2,2,2,2,2,3,4,3,5,1,2,2,2,2,2,2,1,2,3,4,3,3,4,4,2,2,5,5,5,5,1,1,1,1,5,1,1,1,5,5,5,5,5,1,1,1,1,5,2,5,5,2,2,5,5,5,5,5,1,5,2,2,5,5,5,5,5,5,5,2,2,2,2,1,5,5,5,5,2,3,4,5,5,5,2,5,5,5,5,5,5,5,5,5,5,3,3,5,5,5,5,4,4,4,4,4,4,4,4,2,2,2,2,2,2,2,2","0.000864028930664062","leiden","edit-xhwikibooks.graphml"
"0.57","0.1","0.33","0.394957707784731","1,1,1,2,1,2,3,2,2,2,3,3,2,2,2,2,2,3,3,3,4,1,2,2,2,2,2,2,1,2,3,3,3,3,3,3,2,2,4,4,4,4,1,1,1,1,4,1,1,1,4,4,4,4,4,1,1,1,1,4,2,4,4,2,2,4,4,4,4,4,1,4,2,2,4,4,4,4,4,4,4,2,2,2,2,1,4,4,4,4,2,3,3,4,4,4,2,4,4,4,4,4,4,4,4,4,4,3,3,4,4,4,4,3,3,3,3,3,3,3,3,2,2,2,2,2,2,2,2","0.000874042510986328","leiden","edit-xhwikibooks.graphml"
"0.56","0.11","0.33","0.394657300595698","1,1,1,2,1,2,3,2,2,2,3,3,2,2,2,2,2,3,3,3,4,1,2,2,2,2,2,2,1,2,3,3,3,3,3,3,2,2,4,4,4,4,1,1,1,1,4,1,1,1,4,4,4,4,4,1,1,1,1,4,2,4,4,2,2,4,4,4,4,4,1,4,2,2,4,4,4,4,4,4,4,2,2,2,2,1,4,4,4,4,2,3,3,4,4,4,2,4,4,4,4,4,4,4,4,4,4,3,3,4,4,4,4,3,3,3,3,3,3,3,3,2,2,2,2,2,2,2,2","0.000921964645385742","leiden","edit-xhwikibooks.graphml"
"0.55","0.12","0.33","0.396719148578493","1,1,1,2,3,2,3,2,2,2,3,3,2,2,2,2,2,3,4,3,5,1,2,2,2,2,2,2,1,2,3,4,3,3,4,4,2,2,5,5,5,5,1,1,1,1,5,1,1,1,5,5,5,5,5,1,1,1,1,5,2,5,5,2,2,5,5,5,5,5,1,5,2,2,5,5,5,5,5,5,5,2,2,2,2,1,5,5,5,5,2,3,4,5,5,5,2,5,5,5,5,5,5,5,5,5,5,3,3,5,5,5,5,4,4,4,4,4,4,4,4,2,2,2,2,2,2,2,2","0.000921964645385742","leiden","edit-xhwikibooks.graphml"
"0.54","0.13","0.33","0.396416721651428","1,1,1,2,3,2,3,2,2,2,3,3,2,2,2,2,2,3,4,3,5,1,2,2,2,2,2,2,1,2,3,4,3,3,4,4,2,2,5,5,5,5,1,1,1,1,5,1,1,1,5,5,5,5,5,1,1,1,1,5,2,5,5,2,2,5,5,5,5,5,1,5,2,2,5,5,5,5,5,5,5,2,2,2,2,1,5,5,5,5,2,3,4,5,5,5,2,5,5,5,5,5,5,5,5,5,5,3,3,5,5,5,5,4,4,4,4,4,4,4,4,2,2,2,2,2,2,2,2","0.000959873199462891","leiden","edit-xhwikibooks.graphml"
"0.53","0.14","0.33","0.397416744358448","1,1,1,2,3,2,3,2,2,2,3,3,2,2,2,2,2,3,4,3,5,1,2,2,2,2,2,2,1,2,3,4,3,3,4,4,2,2,5,5,5,5,1,1,1,1,5,1,1,1,5,5,5,5,5,1,1,1,1,5,2,5,5,2,2,5,5,5,5,5,1,5,2,2,5,5,5,5,5,5,5,2,2,2,2,1,5,5,5,5,2,3,4,5,5,5,2,5,5,5,5,5,5,5,5,5,5,3,3,5,5,5,5,4,4,4,4,4,4,4,4,2,2,2,2,2,2,2,2","0.00097203254699707","leiden","edit-xhwikibooks.graphml"
"0.52","0.15","0.33","0.398930090650943","1,1,1,2,1,2,3,2,2,2,3,3,2,2,2,2,2,3,3,3,4,1,2,2,2,2,2,2,1,2,3,3,3,3,3,3,2,2,4,4,4,4,1,1,1,1,4,1,1,1,4,4,4,4,4,1,1,1,1,4,2,4,4,2,2,4,4,4,4,4,1,4,2,2,4,4,4,4,4,4,4,2,2,2,2,1,4,4,4,4,2,3,3,4,4,4,2,4,4,4,4,4,4,4,4,4,4,3,3,4,4,4,4,3,3,3,3,3,3,3,3,2,2,2,2,2,2,2,2","0.000902891159057617","leiden","edit-xhwikibooks.graphml"
"0.51","0.16","0.33","0.400052743354571","1,1,1,2,3,2,3,2,2,2,3,3,2,2,2,2,2,3,4,3,5,1,2,2,2,2,2,2,1,2,3,4,3,3,4,4,2,2,5,5,5,5,1,1,1,1,5,1,1,1,5,5,5,5,5,1,1,1,1,5,2,5,5,2,2,5,5,5,5,5,1,5,2,2,5,5,5,5,5,5,5,2,2,2,2,1,5,5,5,5,2,3,4,5,5,5,2,5,5,5,5,5,5,5,5,5,5,3,3,5,5,5,5,4,4,4,4,4,4,4,4,2,2,2,2,2,2,2,2","0.000908136367797852","leiden","edit-xhwikibooks.graphml"
"0.5","0.17","0.33","0.400740118043202","1,1,1,2,3,2,3,2,2,2,3,3,2,2,2,2,2,3,4,3,5,1,2,2,2,2,2,2,1,2,3,4,3,3,4,4,2,2,5,5,5,5,1,1,1,1,5,1,1,1,5,5,5,5,5,1,1,1,1,5,2,5,5,2,2,5,5,5,5,5,1,5,2,2,5,5,5,5,5,5,5,2,2,2,2,1,5,5,5,5,2,3,4,5,5,5,2,5,5,5,5,5,5,5,5,5,5,3,3,5,5,5,5,4,4,4,4,4,4,4,4,2,2,2,2,2,2,2,2","0.000922203063964844","leiden","edit-xhwikibooks.graphml"
"0.49","0.18","0.33","0.400740118043202","1,1,1,2,3,2,3,2,2,2,3,3,2,2,2,2,2,3,4,3,5,1,2,2,2,2,2,2,1,2,3,4,3,3,4,4,2,2,5,5,5,5,1,1,1,1,5,1,1,1,5,5,5,5,5,1,1,1,1,5,2,5,5,2,2,5,5,5,5,5,1,5,2,2,5,5,5,5,5,5,5,2,2,2,2,1,5,5,5,5,2,3,4,5,5,5,2,5,5,5,5,5,5,5,5,5,5,3,3,5,5,5,5,4,4,4,4,4,4,4,4,2,2,2,2,2,2,2,2","0.000988006591796875","leiden","edit-xhwikibooks.graphml"
"0.48","0.19","0.33","0.400394359242801","1,1,1,2,1,2,3,2,2,2,3,4,2,2,2,2,2,3,3,4,5,1,2,2,2,2,2,2,1,2,3,3,4,4,3,3,2,2,5,5,5,5,1,1,1,1,5,1,1,1,5,5,5,5,5,1,1,1,1,5,2,5,5,2,2,5,5,5,5,5,1,5,2,2,5,5,5,5,5,5,5,2,2,2,2,1,5,5,5,5,2,3,3,5,5,5,2,5,5,5,5,5,5,5,5,5,5,4,4,5,5,5,5,3,3,3,3,3,3,3,3,2,2,2,2,2,2,2,2","0.00104999542236328","leiden","edit-xhwikibooks.graphml"
"0.47","0.2","0.33","0.402269323224852","1,1,1,2,1,2,3,2,2,2,3,4,2,2,2,2,2,3,3,4,5,1,2,2,2,2,2,2,1,2,3,3,4,4,3,3,2,2,5,5,5,5,1,1,1,1,5,1,1,1,5,5,5,5,5,1,1,1,1,5,2,5,5,2,2,5,5,5,5,5,1,5,2,2,5,5,5,5,5,5,5,2,2,2,2,1,5,5,5,5,2,3,3,5,5,5,2,5,5,5,5,5,5,5,5,5,5,4,4,5,5,5,5,3,3,3,3,3,3,3,3,2,2,2,2,2,2,2,2","0.000912904739379883","leiden","edit-xhwikibooks.graphml"
"0.46","0.21","0.33","0.40200898603925","1,1,1,2,3,2,3,2,2,2,3,3,2,2,2,2,2,3,4,3,5,1,2,2,2,2,2,2,1,2,3,4,3,3,4,4,2,2,5,5,5,5,1,1,1,1,5,1,1,1,5,5,5,5,5,1,1,1,1,5,2,5,5,2,2,5,5,5,5,5,1,5,2,2,5,5,5,5,5,5,5,2,2,2,2,1,5,5,5,5,2,3,4,5,5,5,2,5,5,5,5,5,5,5,5,5,5,3,3,5,5,5,5,4,4,4,4,4,4,4,4,2,2,2,2,2,2,2,2","0.00091099739074707","leiden","edit-xhwikibooks.graphml"
"0.45","0.22","0.33","0.40200898603925","1,1,1,2,3,2,3,2,2,2,3,3,2,2,2,2,2,3,4,3,5,1,2,2,2,2,2,2,1,2,3,4,3,3,4,4,2,2,5,5,5,5,1,1,1,1,5,1,1,1,5,5,5,5,5,1,1,1,1,5,2,5,5,2,2,5,5,5,5,5,1,5,2,2,5,5,5,5,5,5,5,2,2,2,2,1,5,5,5,5,2,3,4,5,5,5,2,5,5,5,5,5,5,5,5,5,5,3,3,5,5,5,5,4,4,4,4,4,4,4,4,2,2,2,2,2,2,2,2","0.000890970230102539","leiden","edit-xhwikibooks.graphml"
"0.44","0.23","0.33","0.404585517730821","1,1,1,2,3,2,3,2,2,2,3,3,2,2,2,2,2,3,4,3,5,1,2,2,2,2,2,2,1,2,3,4,3,3,4,4,2,2,5,5,5,5,1,1,1,1,5,1,1,1,5,5,5,5,5,1,1,1,1,5,2,5,5,2,2,5,5,5,5,5,1,5,2,2,5,5,5,5,5,5,5,2,2,2,2,1,5,5,5,5,2,3,4,5,5,5,2,5,5,5,5,5,5,5,5,5,5,3,3,5,5,5,5,4,4,4,4,4,4,4,4,2,2,2,2,2,2,2,2","0.000874996185302734","leiden","edit-xhwikibooks.graphml"
"0.43","0.24","0.33","0.405552519111319","1,1,1,2,3,2,3,2,2,2,3,3,2,2,2,2,2,3,4,3,5,1,2,2,2,2,2,2,1,2,3,4,3,3,4,4,2,2,5,5,5,5,1,1,1,1,5,1,1,1,5,5,5,5,5,1,1,1,1,5,2,5,5,2,2,5,5,5,5,5,1,5,2,2,5,5,5,5,5,5,5,2,2,2,2,1,5,5,5,5,2,3,4,5,5,5,2,5,5,5,5,5,5,5,5,5,5,3,3,5,5,5,5,4,4,4,4,4,4,4,4,2,2,2,2,2,2,2,2","0.000864028930664062","leiden","edit-xhwikibooks.graphml"
"0.42","0.25","0.33","0.407991383219955","1,1,1,2,3,2,3,2,2,2,3,3,2,2,2,2,2,3,4,3,5,1,2,2,2,2,2,2,1,2,3,4,3,3,4,4,2,2,5,5,5,5,1,1,1,1,5,1,1,1,5,5,5,5,5,1,1,1,1,5,2,5,5,2,2,5,5,5,5,5,1,5,2,2,5,5,5,5,5,5,5,2,2,2,2,1,5,5,5,5,2,3,4,5,5,5,2,5,5,5,5,5,5,5,5,5,5,3,3,5,5,5,5,4,4,4,4,4,4,4,4,2,2,2,2,2,2,2,2","0.00089716911315918","leiden","edit-xhwikibooks.graphml"
"0.41","0.26","0.33","0.407943310657596","1,1,1,2,1,2,3,2,2,2,3,4,2,2,2,2,2,3,3,4,5,1,2,2,2,2,2,2,1,2,3,3,4,4,3,3,2,2,5,5,5,5,1,1,1,1,5,1,1,1,5,5,5,5,5,1,1,1,1,5,2,5,5,2,2,5,5,5,5,5,1,5,2,2,5,5,5,5,5,5,5,2,2,2,2,1,5,5,5,5,2,3,3,5,5,5,2,5,5,5,5,5,5,5,5,5,5,4,4,5,5,5,5,3,3,3,3,3,3,3,3,2,2,2,2,2,2,2,2","0.000931024551391602","leiden","edit-xhwikibooks.graphml"
"0.4","0.27","0.33","0.407873469387755","1,1,1,2,1,2,3,2,2,2,3,3,2,2,2,2,2,3,4,3,5,1,2,2,2,2,2,2,1,2,3,4,3,3,4,4,2,2,5,5,5,5,1,1,1,1,5,1,1,1,5,5,5,5,5,1,1,1,1,5,2,5,5,2,2,5,5,5,5,5,1,5,2,2,5,5,5,5,5,5,5,2,2,2,2,1,5,5,5,5,2,3,4,5,5,5,2,5,5,5,5,5,5,5,5,5,5,3,3,5,5,5,5,4,4,4,4,4,4,4,4,2,2,2,2,2,2,2,2","0.000927925109863281","leiden","edit-xhwikibooks.graphml"
"0.39","0.28","0.33","0.407642669162892","1,1,1,2,1,2,3,2,2,2,3,4,2,2,2,2,2,3,3,4,5,1,2,2,2,2,2,2,1,2,3,3,4,4,3,3,2,2,5,5,5,5,1,1,1,1,5,1,1,1,5,5,5,5,5,1,1,1,1,5,2,5,5,2,2,5,5,5,5,5,1,5,2,2,5,5,5,5,5,5,5,2,2,2,2,1,5,5,5,5,2,3,3,5,5,5,2,5,5,5,5,5,5,5,5,5,5,4,4,5,5,5,5,3,3,3,3,3,3,3,3,2,2,2,2,2,2,2,2","0.00094294548034668","leiden","edit-xhwikibooks.graphml"
"0.38","0.29","0.33","0.408597511168298","1,1,1,2,3,2,3,2,2,2,3,3,2,2,2,2,2,3,4,3,5,1,2,2,2,2,2,2,1,2,3,4,3,3,4,4,2,2,5,5,5,5,1,1,1,1,5,1,1,1,5,5,5,5,5,1,1,1,1,5,2,5,5,2,2,5,5,5,5,5,1,5,2,2,5,5,5,5,5,5,5,2,2,2,2,1,5,5,5,5,2,3,4,5,5,5,2,5,5,5,5,5,5,5,5,5,5,3,3,5,5,5,5,4,4,4,4,4,4,4,4,2,2,2,2,2,2,2,2","0.00092005729675293","leiden","edit-xhwikibooks.graphml"
"0.37","0.3","0.33","0.408240283042436","1,1,1,2,1,2,3,2,2,2,3,4,2,2,2,2,2,3,3,4,5,1,2,2,2,2,2,2,1,2,3,3,4,4,3,3,2,2,5,5,5,5,1,1,1,1,5,1,1,1,5,5,5,5,5,1,1,1,1,5,2,5,5,2,2,5,5,5,5,5,1,5,2,2,5,5,5,5,5,5,5,2,2,2,2,1,5,5,5,5,2,3,3,5,5,5,2,5,5,5,5,5,5,5,5,5,5,4,4,5,5,5,5,3,3,3,3,3,3,3,3,2,2,2,2,2,2,2,2","0.000962972640991211","leiden","edit-xhwikibooks.graphml"
"0.36","0.31","0.33","0.406479353178206","1,1,1,2,3,2,3,2,2,2,3,3,2,2,2,2,2,3,4,3,5,1,2,2,2,2,2,2,1,2,3,4,3,3,4,4,2,2,5,5,5,5,1,1,1,1,5,1,1,1,5,5,5,5,5,1,1,1,1,5,2,5,5,2,2,5,5,5,5,5,1,5,2,2,5,5,5,5,5,5,5,2,2,2,2,1,5,5,5,5,2,3,4,5,5,5,2,5,5,5,5,5,5,5,5,5,5,3,3,5,5,5,5,4,4,4,4,4,4,4,4,2,2,2,2,2,2,2,2","0.000957012176513672","leiden","edit-xhwikibooks.graphml"
"0.35","0.32","0.33","0.403274047986714","1,1,1,2,1,2,3,2,2,2,3,3,2,2,2,2,2,3,3,3,4,1,2,2,2,2,2,2,1,2,3,3,3,3,3,3,2,2,4,4,4,4,1,1,1,1,4,1,1,1,4,4,4,4,4,1,1,1,1,4,2,4,4,2,2,4,4,4,4,4,1,4,2,2,4,4,4,4,4,4,4,2,2,2,2,1,4,4,4,4,2,3,3,4,4,4,2,4,4,4,4,4,4,4,4,4,4,3,3,4,4,4,4,3,3,3,3,3,3,3,3,2,2,2,2,2,2,2,2","0.000880002975463867","leiden","edit-xhwikibooks.graphml"
"0.34","0.33","0.33","0.40117259220256","1,1,1,2,3,2,3,2,2,2,3,3,2,2,2,2,2,3,4,3,5,1,2,2,2,2,2,2,1,2,3,4,3,3,4,4,2,2,5,5,5,5,1,1,1,1,5,1,1,1,5,5,5,5,5,1,1,1,1,5,2,5,5,2,2,5,5,5,5,5,1,5,2,2,5,5,5,5,5,5,5,2,2,2,2,1,5,5,5,5,2,3,4,5,5,5,2,5,5,5,5,5,5,5,5,5,5,3,3,5,5,5,5,4,4,4,4,4,4,4,4,2,2,2,2,2,2,2,2","0.000882863998413086","leiden","edit-xhwikibooks.graphml"
"0.33","0.34","0.33","0.411573874758447","1,1,1,2,3,2,3,2,2,2,3,3,2,2,2,2,2,3,4,3,5,1,2,2,2,2,2,2,1,2,3,4,3,3,4,4,2,2,5,5,5,5,1,1,1,1,5,1,1,1,5,5,5,5,5,1,1,1,1,5,6,5,5,2,2,5,5,5,5,5,1,5,2,2,5,5,5,5,5,5,5,2,2,2,2,7,5,5,5,5,8,9,10,5,5,5,2,5,5,5,5,5,5,5,5,5,5,3,3,5,5,5,5,4,4,4,4,4,4,4,4,2,2,2,2,2,2,2,2","0.000962972640991211","leiden","edit-xhwikibooks.graphml"
"0.32","0.35","0.33","0.411573874758447","1,1,1,2,3,2,3,2,2,2,3,3,2,2,2,2,2,3,4,3,5,1,2,2,2,2,2,2,1,2,3,4,3,3,4,4,2,2,5,5,5,5,1,1,1,1,5,1,1,1,5,5,5,5,5,1,1,1,1,5,6,5,5,2,2,5,5,5,5,5,1,5,2,2,5,5,5,5,5,5,5,2,2,2,2,7,5,5,5,5,8,9,10,5,5,5,2,5,5,5,5,5,5,5,5,5,5,3,3,5,5,5,5,4,4,4,4,4,4,4,4,2,2,2,2,2,2,2,2","0.000952959060668945","leiden","edit-xhwikibooks.graphml"
"0.31","0.36","0.33","0.411271489881754","1,1,1,2,3,2,3,2,2,2,3,3,2,2,2,2,2,3,4,3,5,1,2,2,2,2,2,2,1,2,3,4,3,3,4,4,2,2,5,5,5,5,1,1,1,1,5,1,1,1,5,5,5,5,5,1,1,1,1,5,6,5,5,2,2,5,5,5,5,5,1,5,2,2,5,5,5,5,5,5,5,2,2,2,2,7,5,5,5,5,8,9,10,5,5,5,2,5,5,5,5,5,5,5,5,5,5,3,3,5,5,5,5,4,4,4,4,4,4,4,4,2,2,2,2,2,2,2,2","0.00103902816772461","leiden","edit-xhwikibooks.graphml"
"0.3","0.37","0.33","0.411271489881754","1,1,1,2,3,2,3,2,2,2,3,3,2,2,2,2,2,3,4,3,5,1,2,2,2,2,2,2,1,2,3,4,3,3,4,4,2,2,5,5,5,5,1,1,1,1,5,1,1,1,5,5,5,5,5,1,1,1,1,5,6,5,5,2,2,5,5,5,5,5,1,5,2,2,5,5,5,5,5,5,5,2,2,2,2,7,5,5,5,5,8,9,10,5,5,5,2,5,5,5,5,5,5,5,5,5,5,3,3,5,5,5,5,4,4,4,4,4,4,4,4,2,2,2,2,2,2,2,2","0.00105404853820801","leiden","edit-xhwikibooks.graphml"
"0.29","0.38","0.33","0.410969512635524","1,1,1,2,3,2,3,2,2,2,3,3,2,2,2,2,2,3,4,3,5,1,2,2,2,2,2,2,1,2,3,4,3,3,4,4,2,2,5,5,5,5,1,1,1,1,5,1,1,1,5,5,5,5,5,1,1,1,1,5,6,5,5,2,2,5,5,5,5,5,1,5,2,2,5,5,5,5,5,5,5,2,2,2,2,7,5,5,5,5,8,9,10,5,5,5,2,5,5,5,5,5,5,5,5,5,5,3,3,5,5,5,5,4,4,4,4,4,4,4,4,2,2,2,2,2,2,2,2","0.000975131988525391","leiden","edit-xhwikibooks.graphml"
"0.28","0.39","0.33","0.411913047347811","1,1,1,2,3,2,3,2,2,2,3,3,2,2,2,2,2,3,4,3,5,1,2,2,2,2,2,2,1,2,3,4,3,3,4,4,2,2,5,5,5,5,1,1,1,1,5,1,1,1,5,5,5,5,5,1,1,1,1,5,6,5,5,2,2,5,5,5,5,5,1,5,2,2,5,5,5,5,5,5,5,2,2,2,2,7,5,5,5,5,8,9,10,5,5,5,2,5,5,5,5,5,5,5,5,5,5,3,3,5,5,5,5,4,4,4,4,4,4,4,4,2,2,2,2,2,2,2,2","0.00100183486938477","leiden","edit-xhwikibooks.graphml"
"0.27","0.4","0.33","0.413391429322397","1,1,1,2,3,2,3,2,2,2,3,3,2,2,2,2,2,3,4,3,5,1,2,2,2,2,2,2,1,2,3,4,3,3,4,4,2,2,5,5,5,5,1,1,1,1,5,1,1,1,5,5,5,5,5,1,1,1,1,5,6,5,5,2,2,5,5,5,5,5,1,5,2,2,5,5,5,5,5,5,5,2,2,2,2,7,5,5,5,5,8,9,10,5,5,5,2,5,5,5,5,5,5,5,5,5,5,3,3,5,5,5,5,4,4,4,4,4,4,4,4,2,2,2,2,2,2,2,2","0.00092315673828125","leiden","edit-xhwikibooks.graphml"
"0.26","0.41","0.33","0.413391429322397","1,1,1,2,3,2,3,2,2,2,3,3,2,2,2,2,2,3,4,3,5,1,2,2,2,2,2,2,1,2,3,4,3,3,4,4,2,2,5,5,5,5,1,1,1,1,5,1,1,1,5,5,5,5,5,1,1,1,1,5,6,5,5,2,2,5,5,5,5,5,1,5,2,2,5,5,5,5,5,5,5,2,2,2,2,7,5,5,5,5,8,9,10,5,5,5,2,5,5,5,5,5,5,5,5,5,5,3,3,5,5,5,5,4,4,4,4,4,4,4,4,2,2,2,2,2,2,2,2","0.00108814239501953","leiden","edit-xhwikibooks.graphml"
"0.25","0.42","0.33","0.413089967635254","1,1,1,2,3,2,3,2,2,2,3,3,2,2,2,2,2,3,4,3,5,1,2,2,2,2,2,2,1,2,3,4,3,3,4,4,2,2,5,5,5,5,1,1,1,1,5,1,1,1,5,5,5,5,5,1,1,1,1,5,6,5,5,2,2,5,5,5,5,5,1,5,2,2,5,5,5,5,5,5,5,2,2,2,2,7,5,5,5,5,8,9,10,5,5,5,2,5,5,5,5,5,5,5,5,5,5,3,3,5,5,5,5,4,4,4,4,4,4,4,4,2,2,2,2,2,2,2,2","0.000946044921875","leiden","edit-xhwikibooks.graphml"
"0.24","0.43","0.33","0.414910028195389","1,1,1,2,3,2,3,2,2,2,3,3,2,2,2,2,2,3,4,3,5,1,2,2,2,2,2,2,1,2,3,4,3,3,4,4,2,2,5,5,5,5,1,1,1,1,5,1,1,1,5,5,5,5,5,1,1,1,1,5,6,5,5,2,2,5,5,5,5,5,1,5,2,2,5,5,5,5,5,5,5,2,2,2,2,7,5,5,5,5,8,9,10,5,5,5,2,5,5,5,5,5,5,5,5,5,5,3,3,5,5,5,5,4,4,4,4,4,4,4,4,2,2,2,2,2,2,2,2","0.000938892364501953","leiden","edit-xhwikibooks.graphml"
"0.23","0.44","0.33","0.414492805815427","1,1,1,3,1,3,2,3,3,3,2,2,3,3,3,3,3,2,4,2,5,1,3,3,3,3,3,3,1,3,2,4,2,2,4,4,3,3,5,5,5,5,1,1,1,1,5,1,1,1,5,5,5,5,5,1,1,1,1,5,6,5,5,3,3,5,5,5,5,5,1,5,3,3,5,5,5,5,5,5,5,3,3,3,3,7,5,5,5,5,8,9,10,5,5,5,3,5,5,5,5,5,5,5,5,5,5,2,2,5,5,5,5,4,4,4,4,4,4,4,4,3,3,3,3,3,3,3,3","0.000946044921875","leiden","edit-xhwikibooks.graphml"
"0.22","0.45","0.33","0.4164155934618","1,1,1,3,2,3,2,3,3,3,2,2,3,3,3,3,3,2,4,2,5,1,3,3,3,3,3,3,1,3,2,4,2,2,4,4,3,3,5,5,5,5,1,1,1,1,5,1,1,1,5,5,5,5,5,1,1,1,1,5,6,5,5,3,3,5,5,5,5,5,1,5,3,3,5,5,5,5,5,5,5,3,3,3,3,7,5,5,5,5,8,9,10,5,5,5,3,5,5,5,5,5,5,5,5,5,5,2,2,5,5,5,5,4,4,4,4,4,4,4,4,3,3,3,3,3,3,3,3","0.000957012176513672","leiden","edit-xhwikibooks.graphml"
"0.21","0.46","0.33","0.416114507817277","1,1,1,2,3,2,3,2,2,2,3,3,2,2,2,2,2,3,4,3,5,1,2,2,2,2,2,2,1,2,3,4,3,3,4,4,2,2,5,5,5,5,1,1,1,1,5,1,1,1,5,5,5,5,5,1,1,1,1,5,6,5,5,2,2,5,5,5,5,5,1,5,2,2,5,5,5,5,5,5,5,2,2,2,2,7,5,5,5,5,8,9,10,5,5,5,2,5,5,5,5,5,5,5,5,5,5,3,3,5,5,5,5,4,4,4,4,4,4,4,4,2,2,2,2,2,2,2,2","0.000959873199462891","leiden","edit-xhwikibooks.graphml"
"0.2","0.47","0.33","0.4170387109092","1,1,1,2,3,2,3,2,2,2,3,3,2,2,2,2,2,3,4,3,5,1,2,2,2,2,2,2,1,2,3,4,3,3,4,4,2,2,5,5,5,5,1,1,1,1,5,1,1,1,5,5,5,5,5,1,1,1,1,5,6,5,5,2,2,5,5,5,5,5,1,5,2,2,5,5,5,5,5,5,5,2,2,2,2,7,5,5,5,5,8,9,10,5,5,5,2,5,5,5,5,5,5,5,5,5,5,3,3,5,5,5,5,4,4,4,4,4,4,4,4,2,2,2,2,2,2,2,2","0.000980138778686523","leiden","edit-xhwikibooks.graphml"
"0.19","0.48","0.33","0.416737876615059","1,1,1,2,3,2,3,2,2,2,3,3,2,2,2,2,2,3,4,3,5,1,2,2,2,2,2,2,1,2,3,4,3,3,4,4,2,2,5,5,5,5,1,1,1,1,5,1,1,1,5,5,5,5,5,1,1,1,1,5,6,5,5,2,2,5,5,5,5,5,1,5,2,2,5,5,5,5,5,5,5,2,2,2,2,7,5,5,5,5,8,9,10,5,5,5,2,5,5,5,5,5,5,5,5,5,5,3,3,5,5,5,5,4,4,4,4,4,4,4,4,2,2,2,2,2,2,2,2","0.000935077667236328","leiden","edit-xhwikibooks.graphml"
"0.18","0.49","0.33","0.416737876615059","1,1,1,2,3,2,3,2,2,2,3,3,2,2,2,2,2,3,4,3,5,1,2,2,2,2,2,2,1,2,3,4,3,3,4,4,2,2,5,5,5,5,1,1,1,1,5,1,1,1,5,5,5,5,5,1,1,1,1,5,6,5,5,2,2,5,5,5,5,5,1,5,2,2,5,5,5,5,5,5,5,2,2,2,2,7,5,5,5,5,8,9,10,5,5,5,2,5,5,5,5,5,5,5,5,5,5,3,3,5,5,5,5,4,4,4,4,4,4,4,4,2,2,2,2,2,2,2,2","0.00106596946716309","leiden","edit-xhwikibooks.graphml"
"0.17","0.5","0.33","0.45344873602316","1,1,1,2,3,2,3,4,4,2,3,3,4,4,4,2,2,3,5,3,6,1,4,4,4,4,4,2,1,2,3,5,3,3,5,5,4,4,6,6,6,6,1,1,1,1,6,1,1,1,6,6,6,6,6,1,1,1,1,6,7,6,6,4,4,6,6,6,6,6,1,6,4,4,6,6,6,6,6,6,6,4,2,2,2,8,6,6,6,6,9,10,11,6,6,6,2,6,6,6,6,6,6,6,6,6,6,3,3,6,6,6,6,5,5,5,5,5,5,5,5,4,4,4,4,4,4,4,4","0.000922918319702148","leiden","edit-xhwikibooks.graphml"
"0.16","0.51","0.33","0.453015535121332","1,1,1,2,3,2,3,2,2,2,3,3,2,2,2,4,2,3,5,3,6,1,2,2,2,2,2,4,1,2,3,5,3,3,5,5,2,2,6,6,6,6,1,1,1,1,6,1,1,1,6,6,6,6,6,1,1,1,1,6,7,6,6,2,2,6,6,6,6,6,1,6,2,2,6,6,6,6,6,6,6,2,4,4,4,8,6,6,6,6,9,10,11,6,6,6,4,6,6,6,6,6,6,6,6,6,6,3,3,6,6,6,6,5,5,5,5,5,5,5,5,2,2,2,2,2,2,2,2","0.000987052917480469","leiden","edit-xhwikibooks.graphml"
"0.15","0.52","0.33","0.467468468869029","1,1,1,2,4,2,4,3,2,2,4,4,3,3,3,2,2,4,5,4,6,1,3,3,3,3,3,2,1,2,4,5,4,4,5,5,3,3,6,6,6,6,1,1,1,1,6,1,1,1,6,6,6,6,6,1,1,1,1,6,7,6,6,3,3,6,6,6,6,6,1,6,3,3,6,6,6,6,6,6,6,3,2,2,2,8,6,6,6,6,9,10,11,6,6,6,2,6,6,6,6,6,6,6,6,6,6,4,4,6,6,6,6,5,5,5,5,5,5,5,5,3,3,3,3,3,3,3,3","0.00108504295349121","leiden","edit-xhwikibooks.graphml"
"0.14","0.53","0.33","0.467647478558699","1,1,1,2,3,2,3,4,4,2,3,3,4,4,4,2,2,3,5,3,6,1,4,4,4,4,4,2,1,2,3,5,3,3,5,5,4,4,6,6,6,6,1,1,1,1,6,1,1,1,6,6,6,6,6,1,1,1,1,6,7,6,6,4,4,6,6,6,6,6,1,6,4,4,6,6,6,6,6,6,6,4,2,2,2,8,6,6,6,6,9,10,11,6,6,6,2,6,6,6,6,6,6,6,6,6,6,3,3,6,6,6,6,5,5,5,5,5,5,5,5,4,4,4,4,4,4,4,4","0.00132298469543457","leiden","edit-xhwikibooks.graphml"
"0.13","0.54","0.33","0.469283279409368","1,1,1,2,3,2,3,4,4,2,3,3,4,4,4,2,2,3,5,3,6,1,4,4,4,4,4,2,1,2,3,5,3,3,5,5,4,4,6,6,6,6,1,1,1,1,6,1,1,1,6,6,6,6,6,1,1,1,1,6,7,6,6,4,4,6,6,6,6,6,1,6,4,4,6,6,6,6,6,6,6,4,2,2,2,8,6,6,6,6,9,10,11,6,6,6,2,6,6,6,6,6,6,6,6,6,6,3,3,6,6,6,6,5,5,5,5,5,5,5,5,4,4,4,4,4,4,4,4","0.00111603736877441","leiden","edit-xhwikibooks.graphml"
"0.12","0.55","0.33","0.468804326663061","1,2,1,3,1,3,1,4,4,3,1,1,4,4,4,3,3,1,5,1,6,2,4,4,4,4,4,3,2,3,1,5,1,1,5,5,4,4,6,6,6,6,2,2,2,2,6,2,2,2,6,6,6,6,6,2,2,2,2,6,7,6,6,4,4,6,6,6,6,6,2,6,4,4,6,6,6,6,6,6,6,4,3,3,3,8,6,6,6,6,9,10,11,6,6,6,3,6,6,6,6,6,6,6,6,6,6,1,1,6,6,6,6,5,5,5,5,5,5,5,5,4,4,4,4,4,4,4,4","0.00101304054260254","leiden","edit-xhwikibooks.graphml"
"0.11","0.56","0.33","0.47083472451217","1,1,1,3,2,3,2,4,3,3,2,2,4,4,4,3,3,2,5,2,6,1,4,4,4,4,4,3,1,3,2,5,2,2,5,5,4,4,6,6,6,6,1,1,1,1,6,1,1,1,6,6,6,6,6,1,1,1,1,6,7,6,6,4,4,6,6,6,6,6,1,6,4,4,6,6,6,6,6,6,6,4,3,3,3,8,6,6,6,6,9,10,11,6,6,6,3,6,6,6,6,6,6,6,6,6,6,2,2,6,6,6,6,5,5,5,5,5,5,5,5,4,4,4,4,4,4,4,4","0.000951051712036133","leiden","edit-xhwikibooks.graphml"
"0.1","0.57","0.33","0.470731575335347","1,2,1,3,1,3,1,3,3,3,1,1,3,3,3,3,3,1,4,1,5,2,3,3,3,3,3,3,2,3,1,4,1,1,4,4,6,3,5,5,5,5,2,2,2,2,5,2,2,2,5,5,5,5,5,2,2,2,2,5,7,5,5,3,3,5,5,5,5,5,2,5,3,3,5,5,5,5,5,5,5,3,3,3,3,8,5,5,5,5,9,10,11,5,5,5,3,5,5,5,5,5,5,5,5,5,5,1,1,5,5,5,5,4,4,4,4,4,4,4,4,6,6,6,6,6,6,6,6","0.000941038131713867","leiden","edit-xhwikibooks.graphml"
"0.09","0.58","0.33","0.47255727343288","1,1,1,3,2,3,2,4,4,3,2,2,4,4,4,3,3,2,5,2,6,1,4,4,4,4,4,3,1,3,2,5,2,2,5,5,4,4,6,6,6,6,1,1,1,1,6,1,1,1,6,6,6,6,6,1,1,1,1,6,7,6,6,4,4,6,6,6,6,6,1,6,4,4,6,6,6,6,6,6,6,4,3,3,3,8,6,6,6,6,9,10,11,6,6,6,3,6,6,6,6,6,6,6,6,6,6,2,2,6,6,6,6,5,5,5,5,5,5,5,5,4,4,4,4,4,4,4,4","0.000952005386352539","leiden","edit-xhwikibooks.graphml"
"0.08","0.59","0.33","0.472234275542314","1,1,1,3,2,3,2,4,4,3,2,2,4,4,4,3,3,2,5,2,6,1,4,4,4,4,4,3,1,3,2,5,2,2,5,5,4,4,6,6,6,6,1,1,1,1,6,1,1,1,6,6,6,6,6,1,1,1,1,6,7,6,6,4,4,6,6,6,6,6,1,6,4,4,6,6,6,6,6,6,6,4,3,3,3,8,6,6,6,6,9,10,11,6,6,6,3,6,6,6,6,6,6,6,6,6,6,2,2,6,6,6,6,5,5,5,5,5,5,5,5,4,4,4,4,4,4,4,4","0.00112509727478027","leiden","edit-xhwikibooks.graphml"
"0.07","0.6","0.33","0.473589343827018","1,1,1,3,2,3,2,3,3,3,2,2,3,3,3,3,3,2,4,2,5,1,3,3,3,3,3,3,1,3,2,4,2,2,4,4,6,3,5,5,5,5,1,1,1,1,5,1,1,1,5,5,5,5,5,1,1,1,1,5,7,5,5,3,3,5,5,5,5,5,1,5,3,3,5,5,5,5,5,5,5,3,3,3,3,8,5,5,5,5,9,10,11,5,5,5,3,5,5,5,5,5,5,5,5,5,5,2,2,5,5,5,5,4,4,4,4,4,4,4,4,6,6,6,6,6,6,6,6","0.000946998596191406","leiden","edit-xhwikibooks.graphml"
"0.06","0.61","0.33","0.473519505617023","1,2,1,3,1,3,1,4,4,3,1,1,4,4,4,3,3,1,5,1,6,2,4,4,4,4,4,3,2,3,1,5,1,1,5,5,4,4,6,6,6,6,2,2,2,2,6,2,2,2,6,6,6,6,6,2,2,2,2,6,7,6,6,4,4,6,6,6,6,6,2,6,4,4,6,6,6,6,6,6,6,4,3,3,3,8,6,6,6,6,9,10,11,6,6,6,3,6,6,6,6,6,6,6,6,6,6,1,1,6,6,6,6,5,5,5,5,5,5,5,5,4,4,4,4,4,4,4,4","0.000928163528442383","leiden","edit-xhwikibooks.graphml"
"0.05","0.62","0.33","0.47438095431899","1,1,1,3,2,3,2,4,4,3,2,2,4,4,4,3,3,2,5,2,6,1,4,4,4,4,4,3,1,3,2,5,2,2,5,5,4,4,6,6,6,6,1,1,1,1,6,1,1,1,6,6,6,6,6,1,1,1,1,6,7,6,6,4,4,6,6,6,6,6,1,6,4,4,6,6,6,6,6,6,6,4,3,3,3,8,6,6,6,6,9,10,11,6,6,6,3,6,6,6,6,6,6,6,6,6,6,2,2,6,6,6,6,5,5,5,5,5,5,5,5,4,4,4,4,4,4,4,4","0.000972986221313477","leiden","edit-xhwikibooks.graphml"
"0.04","0.63","0.33","0.469179098079561","1,1,1,3,2,3,2,3,3,3,2,2,3,3,3,3,3,2,4,2,5,1,3,3,3,3,3,3,1,3,2,4,2,2,4,4,6,3,5,5,5,5,1,1,1,1,5,1,1,1,5,5,5,5,5,1,1,1,1,5,7,5,5,3,3,5,5,5,5,5,1,5,3,3,5,5,5,5,5,5,5,3,3,3,3,8,5,5,5,5,9,10,11,5,5,5,3,5,5,5,5,5,5,5,5,5,5,2,2,5,5,5,5,4,4,4,4,4,4,4,4,6,6,6,6,6,6,6,6","0.00133800506591797","leiden","edit-xhwikibooks.graphml"
"0.03","0.64","0.33","0.467805205279663","1,2,1,3,1,3,1,4,4,3,1,1,4,4,4,3,3,1,5,1,6,2,4,4,4,4,4,3,2,3,1,5,1,1,5,5,4,4,6,6,6,6,2,2,2,2,6,2,2,2,6,6,6,6,6,2,2,2,2,6,7,6,6,4,4,6,6,6,6,6,2,6,4,4,6,6,6,6,6,6,6,4,3,3,3,8,6,6,6,6,9,10,11,6,6,6,3,6,6,6,6,6,6,6,6,6,6,1,1,6,6,6,6,5,5,5,5,5,5,5,5,4,4,4,4,4,4,4,4","0.00138378143310547","leiden","edit-xhwikibooks.graphml"
"0.02","0.65","0.33","0.457019786752441","1,1,1,3,2,3,2,4,4,3,2,2,4,4,4,3,3,2,5,2,6,1,4,4,4,4,4,3,1,3,2,5,2,2,5,5,4,4,6,6,6,6,1,1,1,1,6,1,1,1,6,6,6,6,6,1,1,1,1,6,7,6,6,4,4,6,6,6,6,6,1,6,4,4,6,6,6,6,6,6,6,4,3,3,3,8,6,6,6,6,9,10,11,6,6,6,3,6,6,6,6,6,6,6,6,6,6,2,2,6,6,6,6,5,5,5,5,5,5,5,5,4,4,4,4,4,4,4,4","0.00096893310546875","leiden","edit-xhwikibooks.graphml"
"0.01","0.66","0.33","0.452068496545769","1,2,1,1,1,3,1,3,3,4,1,1,3,3,3,3,4,1,5,1,6,2,3,3,3,3,3,7,2,4,1,5,1,1,5,5,3,3,6,6,6,6,2,2,2,2,6,2,2,2,6,6,6,6,6,2,2,2,2,6,8,6,6,3,3,6,6,6,6,6,2,6,3,3,6,6,6,6,6,6,6,3,7,7,7,9,6,6,6,6,10,11,12,6,6,6,3,6,6,6,6,6,6,6,6,6,6,1,1,6,6,6,6,5,5,5,5,5,5,5,5,3,3,3,3,3,3,3,3","0.000943183898925781","leiden","edit-xhwikibooks.graphml"
"0","0.67","0.33","0.4599454195977","1,1,1,1,1,2,3,2,2,2,3,3,2,2,2,2,4,3,5,3,6,1,2,2,2,2,2,7,1,8,9,5,3,3,5,5,2,2,6,6,6,6,1,1,1,1,6,1,1,1,6,6,6,6,6,1,1,1,1,6,10,6,6,11,12,6,6,6,6,6,1,6,2,2,6,6,6,6,6,6,6,13,7,7,7,14,6,6,6,6,15,16,17,6,6,6,18,6,6,6,6,6,6,6,6,6,6,19,20,6,6,6,6,5,5,5,5,5,5,5,5,2,2,2,2,2,2,2,2","0.00100398063659668","leiden","edit-xhwikibooks.graphml"
"0.66","0","0.34","0.433530720771885","1,1,2,2,2,3,2,3,3,3,2,2,3,3,3,3,3,2,4,2,5,1,3,3,3,3,3,3,1,3,2,4,2,2,4,4,3,3,5,5,5,5,1,1,1,1,5,1,1,1,5,5,5,5,5,1,1,1,1,5,3,5,5,3,3,5,5,5,5,5,1,5,3,3,5,5,5,5,5,5,5,3,3,3,3,1,5,5,5,5,3,2,4,5,5,5,3,5,5,5,5,5,5,5,5,5,5,2,2,5,5,5,5,4,4,4,4,4,4,4,4,3,3,3,3,3,3,3,3","0.000967979431152344","leiden","edit-xhwikibooks.graphml"
"0.65","0.01","0.34","0.433530720771885","1,1,2,2,2,3,2,3,3,3,2,2,3,3,3,3,3,2,4,2,5,1,3,3,3,3,3,3,1,3,2,4,2,2,4,4,3,3,5,5,5,5,1,1,1,1,5,1,1,1,5,5,5,5,5,1,1,1,1,5,3,5,5,3,3,5,5,5,5,5,1,5,3,3,5,5,5,5,5,5,5,3,3,3,3,1,5,5,5,5,3,2,4,5,5,5,3,5,5,5,5,5,5,5,5,5,5,2,2,5,5,5,5,4,4,4,4,4,4,4,4,3,3,3,3,3,3,3,3","0.000927925109863281","leiden","edit-xhwikibooks.graphml"
"0.64","0.02","0.34","0.433530720771885","1,1,2,2,2,3,2,3,3,3,2,2,3,3,3,3,3,2,4,2,5,1,3,3,3,3,3,3,1,3,2,4,2,2,4,4,3,3,5,5,5,5,1,1,1,1,5,1,1,1,5,5,5,5,5,1,1,1,1,5,3,5,5,3,3,5,5,5,5,5,1,5,3,3,5,5,5,5,5,5,5,3,3,3,3,1,5,5,5,5,3,2,4,5,5,5,3,5,5,5,5,5,5,5,5,5,5,2,2,5,5,5,5,4,4,4,4,4,4,4,4,3,3,3,3,3,3,3,3","0.000929832458496094","leiden","edit-xhwikibooks.graphml"
"0.63","0.03","0.34","0.421545443784435","1,1,1,2,3,2,3,2,2,2,3,3,2,2,2,2,2,3,4,3,5,1,2,2,2,2,2,2,1,2,3,4,3,3,4,4,2,2,5,5,5,5,1,1,1,1,5,1,1,1,5,5,5,5,5,1,1,1,1,5,2,5,5,2,2,5,5,5,5,5,1,5,2,2,5,5,5,5,5,5,5,2,2,2,2,1,5,5,5,5,2,3,4,5,5,5,2,5,5,5,5,5,5,5,5,5,5,3,3,5,5,5,5,4,4,4,4,4,4,4,4,2,2,2,2,2,2,2,2","0.000892877578735352","leiden","edit-xhwikibooks.graphml"
"0.62","0.04","0.34","0.421545443784435","1,1,1,2,3,2,3,2,2,2,3,3,2,2,2,2,2,3,4,3,5,1,2,2,2,2,2,2,1,2,3,4,3,3,4,4,2,2,5,5,5,5,1,1,1,1,5,1,1,1,5,5,5,5,5,1,1,1,1,5,2,5,5,2,2,5,5,5,5,5,1,5,2,2,5,5,5,5,5,5,5,2,2,2,2,1,5,5,5,5,2,3,4,5,5,5,2,5,5,5,5,5,5,5,5,5,5,3,3,5,5,5,5,4,4,4,4,4,4,4,4,2,2,2,2,2,2,2,2","0.00100207328796387","leiden","edit-xhwikibooks.graphml"
"0.61","0.05","0.34","0.418603656802134","1,1,1,2,3,2,3,2,2,2,3,3,2,2,2,2,2,3,4,3,5,1,2,2,2,2,2,2,1,2,3,4,3,3,4,4,2,2,5,5,5,5,1,1,1,1,5,1,1,1,5,5,5,5,5,1,1,1,1,5,2,5,5,2,2,5,5,5,5,5,1,5,2,2,5,5,5,5,5,5,5,2,2,2,2,1,5,5,5,5,2,3,4,5,5,5,2,5,5,5,5,5,5,5,5,5,5,3,3,5,5,5,5,4,4,4,4,4,4,4,4,2,2,2,2,2,2,2,2","0.00123786926269531","leiden","edit-xhwikibooks.graphml"
"0.6","0.06","0.34","0.418603656802134","1,1,1,2,3,2,3,2,2,2,3,3,2,2,2,2,2,3,4,3,5,1,2,2,2,2,2,2,1,2,3,4,3,3,4,4,2,2,5,5,5,5,1,1,1,1,5,1,1,1,5,5,5,5,5,1,1,1,1,5,2,5,5,2,2,5,5,5,5,5,1,5,2,2,5,5,5,5,5,5,5,2,2,2,2,1,5,5,5,5,2,3,4,5,5,5,2,5,5,5,5,5,5,5,5,5,5,3,3,5,5,5,5,4,4,4,4,4,4,4,4,2,2,2,2,2,2,2,2","0.00116801261901855","leiden","edit-xhwikibooks.graphml"
"0.59","0.07","0.34","0.417412747678492","1,1,1,2,3,2,3,2,2,2,3,3,2,2,2,2,2,3,4,3,5,1,2,2,2,2,2,2,1,2,3,4,3,3,4,4,2,2,5,5,5,5,1,1,1,1,5,1,1,1,5,5,5,5,5,1,1,1,1,5,2,5,5,2,2,5,5,5,5,5,1,5,2,2,5,5,5,5,5,5,5,2,2,2,2,1,5,5,5,5,2,3,4,5,5,5,2,5,5,5,5,5,5,5,5,5,5,3,3,5,5,5,5,4,4,4,4,4,4,4,4,2,2,2,2,2,2,2,2","0.00119900703430176","leiden","edit-xhwikibooks.graphml"
"0.58","0.08","0.34","0.418327980054356","1,1,1,2,3,2,3,2,2,2,3,3,2,2,2,2,2,3,4,3,5,1,2,2,2,2,2,2,1,2,3,4,3,3,4,4,2,2,5,5,5,5,1,1,1,1,5,1,1,1,5,5,5,5,5,1,1,1,1,5,2,5,5,2,2,5,5,5,5,5,1,5,2,2,5,5,5,5,5,5,5,2,2,2,2,1,5,5,5,5,2,3,4,5,5,5,2,5,5,5,5,5,5,5,5,5,5,3,3,5,5,5,5,4,4,4,4,4,4,4,4,2,2,2,2,2,2,2,2","0.00120091438293457","leiden","edit-xhwikibooks.graphml"
"0.57","0.09","0.34","0.400912616971477","1,1,1,2,1,2,3,2,2,2,3,4,2,2,2,2,2,3,3,4,5,1,2,2,2,2,2,2,1,2,3,3,4,4,3,3,2,2,5,5,5,5,1,1,1,1,5,1,1,1,5,5,5,5,5,1,1,1,1,5,2,5,5,2,2,5,5,5,5,5,1,5,2,2,5,5,5,5,5,5,5,2,2,2,2,1,5,5,5,5,2,3,3,5,5,5,2,5,5,5,5,5,5,5,5,5,5,4,4,5,5,5,5,3,3,3,3,3,3,3,3,2,2,2,2,2,2,2,2","0.000874996185302734","leiden","edit-xhwikibooks.graphml"
"0.56","0.1","0.34","0.400912616971477","1,1,1,2,1,2,3,2,2,2,3,4,2,2,2,2,2,3,3,4,5,1,2,2,2,2,2,2,1,2,3,3,4,4,3,3,2,2,5,5,5,5,1,1,1,1,5,1,1,1,5,5,5,5,5,1,1,1,1,5,2,5,5,2,2,5,5,5,5,5,1,5,2,2,5,5,5,5,5,5,5,2,2,2,2,1,5,5,5,5,2,3,3,5,5,5,2,5,5,5,5,5,5,5,5,5,5,4,4,5,5,5,5,3,3,3,3,3,3,3,3,2,2,2,2,2,2,2,2","0.000838041305541992","leiden","edit-xhwikibooks.graphml"
"0.55","0.11","0.34","0.40066861943637","1,1,1,2,3,2,3,2,2,2,3,3,2,2,2,2,2,3,4,3,5,1,2,2,2,2,2,2,1,2,3,4,3,3,4,4,2,2,5,5,5,5,1,1,1,1,5,1,1,1,5,5,5,5,5,1,1,1,1,5,2,5,5,2,2,5,5,5,5,5,1,5,2,2,5,5,5,5,5,5,5,2,2,2,2,1,5,5,5,5,2,3,4,5,5,5,2,5,5,5,5,5,5,5,5,5,5,3,3,5,5,5,5,4,4,4,4,4,4,4,4,2,2,2,2,2,2,2,2","0.000854969024658203","leiden","edit-xhwikibooks.graphml"
"0.54","0.12","0.34","0.402577662721893","1,1,1,2,3,2,3,2,2,2,3,3,2,2,2,2,2,3,4,3,5,1,2,2,2,2,2,2,1,2,3,4,3,3,4,4,2,2,5,5,5,5,1,1,1,1,5,1,1,1,5,5,5,5,5,1,1,1,1,5,2,5,5,2,2,5,5,5,5,5,1,5,2,2,5,5,5,5,5,5,5,2,2,2,2,1,5,5,5,5,2,3,4,5,5,5,2,5,5,5,5,5,5,5,5,5,5,3,3,5,5,5,5,4,4,4,4,4,4,4,4,2,2,2,2,2,2,2,2","0.00083613395690918","leiden","edit-xhwikibooks.graphml"
"0.53","0.13","0.34","0.402277053856255","1,1,1,2,3,2,3,2,2,2,3,3,2,2,2,2,2,3,4,3,5,1,2,2,2,2,2,2,1,2,3,4,3,3,4,4,2,2,5,5,5,5,1,1,1,1,5,1,1,1,5,5,5,5,5,1,1,1,1,5,2,5,5,2,2,5,5,5,5,5,1,5,2,2,5,5,5,5,5,5,5,2,2,2,2,1,5,5,5,5,2,3,4,5,5,5,2,5,5,5,5,5,5,5,5,5,5,3,3,5,5,5,5,4,4,4,4,4,4,4,4,2,2,2,2,2,2,2,2","0.000868797302246094","leiden","edit-xhwikibooks.graphml"
"0.52","0.14","0.34","0.403055360096669","1,1,1,2,1,2,3,2,2,2,3,3,2,2,2,2,2,3,3,3,4,1,2,2,2,2,2,2,1,2,3,3,3,3,3,3,2,2,4,4,4,4,1,1,1,1,4,1,1,1,4,4,4,4,4,1,1,1,1,4,2,4,4,2,2,4,4,4,4,4,1,4,2,2,4,4,4,4,4,4,4,2,2,2,2,1,4,4,4,4,2,3,3,4,4,4,2,4,4,4,4,4,4,4,4,4,4,3,3,4,4,4,4,3,3,3,3,3,3,3,3,2,2,2,2,2,2,2,2","0.000847101211547852","leiden","edit-xhwikibooks.graphml"
"0.51","0.15","0.34","0.404840548522241","1,1,1,2,3,2,3,2,2,2,3,3,2,2,2,2,2,3,4,3,5,1,2,2,2,2,2,2,1,2,3,4,3,3,4,4,2,2,5,5,5,5,1,1,1,1,5,1,1,1,5,5,5,5,5,1,1,1,1,5,2,5,5,2,2,5,5,5,5,5,1,5,2,2,5,5,5,5,5,5,5,2,2,2,2,1,5,5,5,5,2,3,4,5,5,5,2,5,5,5,5,5,5,5,5,5,5,3,3,5,5,5,5,4,4,4,4,4,4,4,4,2,2,2,2,2,2,2,2","0.000906944274902344","leiden","edit-xhwikibooks.graphml"
"0.5","0.16","0.34","0.405728460236392","1,1,1,2,1,2,3,2,2,2,3,4,2,2,2,2,2,3,3,4,5,1,2,2,2,2,2,2,1,2,3,3,4,4,3,3,2,2,5,5,5,5,1,1,1,1,5,1,1,1,5,5,5,5,5,1,1,1,1,5,2,5,5,2,2,5,5,5,5,5,1,5,2,2,5,5,5,5,5,5,5,2,2,2,2,1,5,5,5,5,2,3,3,5,5,5,2,5,5,5,5,5,5,5,5,5,5,4,4,5,5,5,5,3,3,3,3,3,3,3,3,2,2,2,2,2,2,2,2","0.00084996223449707","leiden","edit-xhwikibooks.graphml"
"0.49","0.17","0.34","0.406377469261698","1,1,1,2,1,2,3,2,2,2,3,4,2,2,2,2,2,3,3,4,5,1,2,2,2,2,2,2,1,2,3,3,4,4,3,3,2,2,5,5,5,5,1,1,1,1,5,1,1,1,5,5,5,5,5,1,1,1,1,5,2,5,5,2,2,5,5,5,5,5,1,5,2,2,5,5,5,5,5,5,5,2,2,2,2,1,5,5,5,5,2,3,3,5,5,5,2,5,5,5,5,5,5,5,5,5,5,4,4,5,5,5,5,3,3,3,3,3,3,3,3,2,2,2,2,2,2,2,2","0.000902891159057617","leiden","edit-xhwikibooks.graphml"
"0.48","0.18","0.34","0.406464876755434","1,1,1,2,3,2,3,2,2,2,3,3,2,2,2,2,2,3,4,3,5,1,2,2,2,2,2,2,1,2,3,4,3,3,4,4,2,2,5,5,5,5,1,1,1,1,5,1,1,1,5,5,5,5,5,1,1,1,1,5,2,5,5,2,2,5,5,5,5,5,1,5,2,2,5,5,5,5,5,5,5,2,2,2,2,1,5,5,5,5,2,3,4,5,5,5,2,5,5,5,5,5,5,5,5,5,5,3,3,5,5,5,5,4,4,4,4,4,4,4,4,2,2,2,2,2,2,2,2","0.000853061676025391","leiden","edit-xhwikibooks.graphml"
"0.47","0.19","0.34","0.406164661791474","1,1,1,2,3,2,3,2,2,2,3,3,2,2,2,2,2,3,4,3,5,1,2,2,2,2,2,2,1,2,3,4,3,3,4,4,2,2,5,5,5,5,1,1,1,1,5,1,1,1,5,5,5,5,5,1,1,1,1,5,2,5,5,2,2,5,5,5,5,5,1,5,2,2,5,5,5,5,5,5,5,2,2,2,2,1,5,5,5,5,2,3,4,5,5,5,2,5,5,5,5,5,5,5,5,5,5,3,3,5,5,5,5,4,4,4,4,4,4,4,4,2,2,2,2,2,2,2,2","0.000873088836669922","leiden","edit-xhwikibooks.graphml"
"0.46","0.2","0.34","0.407896607010133","1,1,1,2,1,2,3,2,2,2,3,4,2,2,2,2,2,3,3,4,5,1,2,2,2,2,2,2,1,2,3,3,4,4,3,3,2,2,5,5,5,5,1,1,1,1,5,1,1,1,5,5,5,5,5,1,1,1,1,5,2,5,5,2,2,5,5,5,5,5,1,5,2,2,5,5,5,5,5,5,5,2,2,2,2,1,5,5,5,5,2,3,3,5,5,5,2,5,5,5,5,5,5,5,5,5,5,4,4,5,5,5,5,3,3,3,3,3,3,3,3,2,2,2,2,2,2,2,2","0.000945091247558594","leiden","edit-xhwikibooks.graphml"
"0.45","0.21","0.34","0.407597695499429","1,1,1,2,1,2,3,2,2,2,3,4,2,2,2,2,2,3,3,4,5,1,2,2,2,2,2,2,1,2,3,3,4,4,3,3,2,2,5,5,5,5,1,1,1,1,5,1,1,1,5,5,5,5,5,1,1,1,1,5,2,5,5,2,2,5,5,5,5,5,1,5,2,2,5,5,5,5,5,5,5,2,2,2,2,1,5,5,5,5,2,3,3,5,5,5,2,5,5,5,5,5,5,5,5,5,5,4,4,5,5,5,5,3,3,3,3,3,3,3,3,2,2,2,2,2,2,2,2","0.00092005729675293","leiden","edit-xhwikibooks.graphml"
"0.44","0.22","0.34","0.408549173031604","1,1,1,2,1,2,3,2,2,2,3,4,2,2,2,2,2,3,3,4,5,1,2,2,2,2,2,2,1,2,3,3,4,4,3,3,2,2,5,5,5,5,1,1,1,1,5,1,1,1,5,5,5,5,5,1,1,1,1,5,2,5,5,2,2,5,5,5,5,5,1,5,2,2,5,5,5,5,5,5,5,2,2,2,2,1,5,5,5,5,2,3,3,5,5,5,2,5,5,5,5,5,5,5,5,5,5,4,4,5,5,5,5,3,3,3,3,3,3,3,3,2,2,2,2,2,2,2,2","0.00089716911315918","leiden","edit-xhwikibooks.graphml"
"0.43","0.23","0.34","0.410084509871442","1,1,1,2,1,2,3,2,2,2,3,4,2,2,2,2,2,3,3,4,5,1,2,2,2,2,2,2,1,2,3,3,4,4,3,3,2,2,5,5,5,5,1,1,1,1,5,1,1,1,5,5,5,5,5,1,1,1,1,5,2,5,5,2,2,5,5,5,5,5,1,5,2,2,5,5,5,5,5,5,5,2,2,2,2,1,5,5,5,5,2,3,3,5,5,5,2,5,5,5,5,5,5,5,5,5,5,4,4,5,5,5,5,3,3,3,3,3,3,3,3,2,2,2,2,2,2,2,2","0.000872135162353516","leiden","edit-xhwikibooks.graphml"
"0.42","0.24","0.34","0.41112052908528","1,1,1,2,3,2,3,2,2,2,3,3,2,2,2,2,2,3,4,3,5,1,2,2,2,2,2,2,1,2,3,4,3,3,4,4,2,2,5,5,5,5,1,1,1,1,5,1,1,1,5,5,5,5,5,1,1,1,1,5,2,5,5,2,2,5,5,5,5,5,1,5,2,2,5,5,5,5,5,5,5,2,2,2,2,1,5,5,5,5,2,3,4,5,5,5,2,5,5,5,5,5,5,5,5,5,5,3,3,5,5,5,5,4,4,4,4,4,4,4,4,2,2,2,2,2,2,2,2","0.00116586685180664","leiden","edit-xhwikibooks.graphml"
"0.41","0.25","0.34","0.41347900589933","1,1,1,2,3,2,3,2,2,2,3,3,2,2,2,2,2,3,4,3,5,1,2,2,2,2,2,2,1,2,3,4,3,3,4,4,2,2,5,5,5,5,1,1,1,1,5,1,1,1,5,5,5,5,5,1,1,1,1,5,2,5,5,2,2,5,5,5,5,5,1,5,2,2,5,5,5,5,5,5,5,2,2,2,2,1,5,5,5,5,2,3,4,5,5,5,2,5,5,5,5,5,5,5,5,5,5,3,3,5,5,5,5,4,4,4,4,4,4,4,4,2,2,2,2,2,2,2,2","0.0014030933380127","leiden","edit-xhwikibooks.graphml"
"0.4","0.26","0.34","0.41347900589933","1,1,1,2,3,2,3,2,2,2,3,3,2,2,2,2,2,3,4,3,5,1,2,2,2,2,2,2,1,2,3,4,3,3,4,4,2,2,5,5,5,5,1,1,1,1,5,1,1,1,5,5,5,5,5,1,1,1,1,5,2,5,5,2,2,5,5,5,5,5,1,5,2,2,5,5,5,5,5,5,5,2,2,2,2,1,5,5,5,5,2,3,4,5,5,5,2,5,5,5,5,5,5,5,5,5,5,3,3,5,5,5,5,4,4,4,4,4,4,4,4,2,2,2,2,2,2,2,2","0.000870227813720703","leiden","edit-xhwikibooks.graphml"
"0.39","0.27","0.34","0.41347900589933","1,1,1,2,3,2,3,2,2,2,3,3,2,2,2,2,2,3,4,3,5,1,2,2,2,2,2,2,1,2,3,4,3,3,4,4,2,2,5,5,5,5,1,1,1,1,5,1,1,1,5,5,5,5,5,1,1,1,1,5,2,5,5,2,2,5,5,5,5,5,1,5,2,2,5,5,5,5,5,5,5,2,2,2,2,1,5,5,5,5,2,3,4,5,5,5,2,5,5,5,5,5,5,5,5,5,5,3,3,5,5,5,5,4,4,4,4,4,4,4,4,2,2,2,2,2,2,2,2","0.000864982604980469","leiden","edit-xhwikibooks.graphml"
"0.38","0.28","0.34","0.413179482268824","1,1,1,2,3,2,3,2,2,2,3,3,2,2,2,2,2,3,4,3,5,1,2,2,2,2,2,2,1,2,3,4,3,3,4,4,2,2,5,5,5,5,1,1,1,1,5,1,1,1,5,5,5,5,5,1,1,1,1,5,2,5,5,2,2,5,5,5,5,5,1,5,2,2,5,5,5,5,5,5,5,2,2,2,2,1,5,5,5,5,2,3,4,5,5,5,2,5,5,5,5,5,5,5,5,5,5,3,3,5,5,5,5,4,4,4,4,4,4,4,4,2,2,2,2,2,2,2,2","0.00088810920715332","leiden","edit-xhwikibooks.graphml"
"0.37","0.29","0.34","0.414887076714342","1,1,1,2,1,2,3,2,2,2,3,4,2,2,2,2,2,3,3,4,5,1,2,2,2,2,2,2,1,2,3,3,4,4,3,3,2,2,5,5,5,5,1,1,1,1,5,1,1,1,5,5,5,5,5,1,1,1,1,5,2,5,5,2,2,5,5,5,5,5,1,5,2,2,5,5,5,5,5,5,5,2,2,2,2,1,5,5,5,5,2,3,3,5,5,5,2,5,5,5,5,5,5,5,5,5,5,4,4,5,5,5,5,3,3,3,3,3,3,3,3,2,2,2,2,2,2,2,2","0.000872135162353516","leiden","edit-xhwikibooks.graphml"
"0.36","0.3","0.34","0.414686680332386","1,1,1,2,3,2,3,2,2,2,3,3,2,2,2,2,2,3,4,3,5,1,2,2,2,2,2,2,1,2,3,4,3,3,4,4,2,2,5,5,5,5,1,1,1,1,5,1,1,1,5,5,5,5,5,1,1,1,1,5,2,5,5,2,2,5,5,5,5,5,1,5,2,2,5,5,5,5,5,5,5,2,2,2,2,1,5,5,5,5,2,3,4,5,5,5,2,5,5,5,5,5,5,5,5,5,5,3,3,5,5,5,5,4,4,4,4,4,4,4,4,2,2,2,2,2,2,2,2","0.000884056091308594","leiden","edit-xhwikibooks.graphml"
"0.35","0.31","0.34","0.415612712917431","1,1,1,2,3,2,3,2,2,2,3,3,2,2,2,2,2,3,4,3,5,1,2,2,2,2,2,2,1,2,3,4,3,3,4,4,2,2,5,5,5,5,1,1,1,1,5,1,1,1,5,5,5,5,5,1,1,1,1,5,2,5,5,2,2,5,5,5,5,5,1,5,2,2,5,5,5,5,5,5,5,2,2,2,2,1,5,5,5,5,2,3,4,5,5,5,2,5,5,5,5,5,5,5,5,5,5,3,3,5,5,5,5,4,4,4,4,4,4,4,4,2,2,2,2,2,2,2,2","0.000891208648681641","leiden","edit-xhwikibooks.graphml"
"0.34","0.32","0.34","0.41623532382275","1,1,1,2,3,2,3,2,2,2,3,3,2,2,2,2,2,3,4,3,5,1,2,2,2,2,2,2,1,2,3,4,3,3,4,4,2,2,5,5,5,5,1,1,1,1,5,1,1,1,5,5,5,5,5,1,1,1,1,5,2,5,5,2,2,5,5,5,5,5,1,5,2,2,5,5,5,5,5,5,5,2,2,2,2,1,5,5,5,5,2,3,4,5,5,5,2,5,5,5,5,5,5,5,5,5,5,3,3,5,5,5,5,4,4,4,4,4,4,4,4,2,2,2,2,2,2,2,2","0.000908851623535156","leiden","edit-xhwikibooks.graphml"
"0.33","0.33","0.34","0.416435292743276","1,1,1,2,1,2,3,2,2,2,3,4,2,2,2,2,2,3,3,4,5,1,2,2,2,2,2,2,1,2,3,3,4,4,3,3,2,2,5,5,5,5,1,1,1,1,5,1,1,1,5,5,5,5,5,1,1,1,1,5,2,5,5,2,2,5,5,5,5,5,1,5,2,2,5,5,5,5,5,5,5,2,2,2,2,1,5,5,5,5,2,3,3,5,5,5,2,5,5,5,5,5,5,5,5,5,5,4,4,5,5,5,5,3,3,3,3,3,3,3,3,2,2,2,2,2,2,2,2","0.000919103622436523","leiden","edit-xhwikibooks.graphml"
"0.32","0.34","0.34","0.429817314340914","1,1,1,2,3,2,3,2,2,2,3,3,2,2,2,2,2,3,4,3,5,1,2,2,2,2,2,2,1,2,3,4,3,3,4,4,2,2,5,5,5,5,1,1,1,1,5,1,1,1,5,5,5,5,5,1,1,1,1,5,2,5,5,2,2,5,5,5,5,5,1,5,2,2,5,5,5,5,5,5,5,2,2,2,2,1,5,5,5,5,2,3,4,5,5,5,2,5,5,5,5,5,5,5,5,5,5,3,3,5,5,5,5,4,4,4,4,4,4,4,4,2,2,2,2,2,2,2,2","0.000919103622436523","leiden","edit-xhwikibooks.graphml"
"0.31","0.35","0.34","0.426011850725346","1,1,1,2,3,2,3,2,2,2,3,3,2,2,2,2,2,3,4,3,5,1,2,2,2,2,2,2,1,2,3,4,3,3,4,4,2,2,5,5,5,5,1,1,1,1,5,1,1,1,5,5,5,5,5,1,1,1,1,5,6,5,5,2,2,5,5,5,5,5,1,5,2,2,5,5,5,5,5,5,5,2,2,2,2,7,5,5,5,5,8,9,10,5,5,5,2,5,5,5,5,5,5,5,5,5,5,3,3,5,5,5,5,4,4,4,4,4,4,4,4,2,2,2,2,2,2,2,2","0.000988960266113281","leiden","edit-xhwikibooks.graphml"
"0.3","0.36","0.34","0.425500652276428","1,1,1,2,1,2,3,2,2,2,3,4,2,2,2,2,2,3,3,4,5,1,2,2,2,2,2,2,1,2,3,3,4,4,3,3,2,2,5,5,5,5,1,1,1,1,5,1,1,1,5,5,5,5,5,1,1,1,1,5,6,5,5,2,2,5,5,5,5,5,1,5,2,2,5,5,5,5,5,5,5,2,2,2,2,7,5,5,5,5,8,9,10,5,5,5,2,5,5,5,5,5,5,5,5,5,5,4,4,5,5,5,5,3,3,3,3,3,3,3,3,2,2,2,2,2,2,2,2","0.00103592872619629","leiden","edit-xhwikibooks.graphml"
"0.29","0.37","0.34","0.423658626284478","1,1,1,2,3,2,3,2,2,2,3,3,2,2,2,2,2,3,4,3,5,1,2,2,2,2,2,2,1,2,3,4,3,3,4,4,2,2,5,5,5,5,1,1,1,1,5,1,1,1,5,5,5,5,5,1,1,1,1,5,6,5,5,2,2,5,5,5,5,5,1,5,2,2,5,5,5,5,5,5,5,2,2,2,2,7,5,5,5,5,8,9,10,5,5,5,2,5,5,5,5,5,5,5,5,5,5,3,3,5,5,5,5,4,4,4,4,4,4,4,4,2,2,2,2,2,2,2,2","0.000924110412597656","leiden","edit-xhwikibooks.graphml"
"0.28","0.38","0.34","0.42335779978165","1,1,1,2,3,2,3,2,2,2,3,3,2,2,2,2,2,3,4,3,5,1,2,2,2,2,2,2,1,2,3,4,3,3,4,4,2,2,5,5,5,5,1,1,1,1,5,1,1,1,5,5,5,5,5,1,1,1,1,5,6,5,5,2,2,5,5,5,5,5,1,5,2,2,5,5,5,5,5,5,5,2,2,2,2,7,5,5,5,5,8,9,10,5,5,5,2,5,5,5,5,5,5,5,5,5,5,3,3,5,5,5,5,4,4,4,4,4,4,4,4,2,2,2,2,2,2,2,2","0.000936031341552734","leiden","edit-xhwikibooks.graphml"
"0.27","0.39","0.34","0.421767800515752","1,1,1,2,3,2,3,2,2,2,3,3,2,2,2,2,2,3,4,3,5,1,2,2,2,2,2,2,1,2,3,4,3,3,4,4,2,2,5,5,5,5,1,1,1,1,5,1,1,1,5,5,5,5,5,1,1,1,1,5,6,5,5,2,2,5,5,5,5,5,1,5,2,2,5,5,5,5,5,5,5,2,2,2,2,7,5,5,5,5,8,9,10,5,5,5,2,5,5,5,5,5,5,5,5,5,5,3,3,5,5,5,5,4,4,4,4,4,4,4,4,2,2,2,2,2,2,2,2","0.000923871994018555","leiden","edit-xhwikibooks.graphml"
"0.26","0.4","0.34","0.423169507745885","1,1,1,2,3,2,3,2,2,2,3,3,2,2,2,2,2,3,4,3,5,1,2,2,2,2,2,2,1,2,3,4,3,3,4,4,2,2,5,5,5,5,1,1,1,1,5,1,1,1,5,5,5,5,5,1,1,1,1,5,6,5,5,2,2,5,5,5,5,5,1,5,2,2,5,5,5,5,5,5,5,2,2,2,2,7,5,5,5,5,8,9,10,5,5,5,2,5,5,5,5,5,5,5,5,5,5,3,3,5,5,5,5,4,4,4,4,4,4,4,4,2,2,2,2,2,2,2,2","0.00094294548034668","leiden","edit-xhwikibooks.graphml"
"0.25","0.41","0.34","0.420557025837098","1,1,1,2,3,2,3,2,2,2,3,3,2,2,2,2,2,3,4,3,5,1,2,2,2,2,2,2,1,2,3,4,3,3,4,4,2,2,5,5,5,5,1,1,1,1,5,1,1,1,5,5,5,5,5,1,1,1,1,5,6,5,5,2,2,5,5,5,5,5,1,5,2,2,5,5,5,5,5,5,5,2,2,2,2,7,5,5,5,5,8,9,10,5,5,5,2,5,5,5,5,5,5,5,5,5,5,3,3,5,5,5,5,4,4,4,4,4,4,4,4,2,2,2,2,2,2,2,2","0.00091099739074707","leiden","edit-xhwikibooks.graphml"
"0.24","0.42","0.34","0.420256251538827","1,1,1,2,3,2,3,2,2,2,3,3,2,2,2,2,2,3,4,3,5,1,2,2,2,2,2,2,1,2,3,4,3,3,4,4,2,2,5,5,5,5,1,1,1,1,5,1,1,1,5,5,5,5,5,1,1,1,1,5,6,5,5,2,2,5,5,5,5,5,1,5,2,2,5,5,5,5,5,5,5,2,2,2,2,7,5,5,5,5,8,9,10,5,5,5,2,5,5,5,5,5,5,5,5,5,5,3,3,5,5,5,5,4,4,4,4,4,4,4,4,2,2,2,2,2,2,2,2","0.000921964645385742","leiden","edit-xhwikibooks.graphml"
"0.23","0.43","0.34","0.422019026132862","1,1,1,2,3,2,3,2,2,2,3,3,2,2,2,2,2,3,4,3,5,1,2,2,2,2,2,2,1,2,3,4,3,3,4,4,2,2,5,5,5,5,1,1,1,1,5,1,1,1,5,5,5,5,5,1,1,1,1,5,6,5,5,2,2,5,5,5,5,5,1,5,2,2,5,5,5,5,5,5,5,2,2,2,2,7,5,5,5,5,8,9,10,5,5,5,2,5,5,5,5,5,5,5,5,5,5,3,3,5,5,5,5,4,4,4,4,4,4,4,4,2,2,2,2,2,2,2,2","0.000941991806030273","leiden","edit-xhwikibooks.graphml"
"0.22","0.44","0.34","0.421718484493448","1,1,1,2,3,2,3,2,2,2,3,3,2,2,2,2,2,3,4,3,5,1,2,2,2,2,2,2,1,2,3,4,3,3,4,4,2,2,5,5,5,5,1,1,1,1,5,1,1,1,5,5,5,5,5,1,1,1,1,5,6,5,5,2,2,5,5,5,5,5,1,5,2,2,5,5,5,5,5,5,5,2,2,2,2,7,5,5,5,5,8,9,10,5,5,5,2,5,5,5,5,5,5,5,5,5,5,3,3,5,5,5,5,4,4,4,4,4,4,4,4,2,2,2,2,2,2,2,2","0.000910043716430664","leiden","edit-xhwikibooks.graphml"
"0.21","0.45","0.34","0.42256540835258","1,1,1,2,3,2,3,2,2,2,3,3,2,2,2,2,2,3,4,3,5,1,2,2,2,2,2,2,1,2,3,4,3,3,4,4,2,2,5,5,5,5,1,1,1,1,5,1,1,1,5,5,5,5,5,1,1,1,1,5,6,5,5,2,2,5,5,5,5,5,1,5,2,2,5,5,5,5,5,5,5,2,2,2,2,7,5,5,5,5,8,9,10,5,5,5,2,5,5,5,5,5,5,5,5,5,5,3,3,5,5,5,5,4,4,4,4,4,4,4,4,2,2,2,2,2,2,2,2","0.000954866409301758","leiden","edit-xhwikibooks.graphml"
"0.2","0.46","0.34","0.422265235462417","1,1,1,2,3,2,3,2,2,2,3,3,2,2,2,2,2,3,4,3,5,1,2,2,2,2,2,2,1,2,3,4,3,3,4,4,2,2,5,5,5,5,1,1,1,1,5,1,1,1,5,5,5,5,5,1,1,1,1,5,6,5,5,2,2,5,5,5,5,5,1,5,2,2,5,5,5,5,5,5,5,2,2,2,2,7,5,5,5,5,8,9,10,5,5,5,2,5,5,5,5,5,5,5,5,5,5,3,3,5,5,5,5,4,4,4,4,4,4,4,4,2,2,2,2,2,2,2,2","0.000986099243164062","leiden","edit-xhwikibooks.graphml"
"0.19","0.47","0.34","0.423168295610425","1,1,1,2,3,2,3,2,2,2,3,3,2,2,2,2,2,3,4,3,5,1,2,2,2,2,2,2,1,2,3,4,3,3,4,4,2,2,5,5,5,5,1,1,1,1,5,1,1,1,5,5,5,5,5,1,1,1,1,5,6,5,5,2,2,5,5,5,5,5,1,5,2,2,5,5,5,5,5,5,5,2,2,2,2,7,5,5,5,5,8,9,10,5,5,5,2,5,5,5,5,5,5,5,5,5,5,3,3,5,5,5,5,4,4,4,4,4,4,4,4,2,2,2,2,2,2,2,2","0.00109601020812988","leiden","edit-xhwikibooks.graphml"
"0.18","0.48","0.34","0.42286838256625","1,1,1,2,3,2,3,2,2,2,3,3,2,2,2,2,2,3,4,3,5,1,2,2,2,2,2,2,1,2,3,4,3,3,4,4,2,2,5,5,5,5,1,1,1,1,5,1,1,1,5,5,5,5,5,1,1,1,1,5,6,5,5,2,2,5,5,5,5,5,1,5,2,2,5,5,5,5,5,5,5,2,2,2,2,7,5,5,5,5,8,9,10,5,5,5,2,5,5,5,5,5,5,5,5,5,5,3,3,5,5,5,5,4,4,4,4,4,4,4,4,2,2,2,2,2,2,2,2","0.000916957855224609","leiden","edit-xhwikibooks.graphml"
"0.17","0.49","0.34","0.42286838256625","1,1,1,2,3,2,3,2,2,2,3,3,2,2,2,2,2,3,4,3,5,1,2,2,2,2,2,2,1,2,3,4,3,3,4,4,2,2,5,5,5,5,1,1,1,1,5,1,1,1,5,5,5,5,5,1,1,1,1,5,6,5,5,2,2,5,5,5,5,5,1,5,2,2,5,5,5,5,5,5,5,2,2,2,2,7,5,5,5,5,8,9,10,5,5,5,2,5,5,5,5,5,5,5,5,5,5,3,3,5,5,5,5,4,4,4,4,4,4,4,4,2,2,2,2,2,2,2,2","0.000912904739379883","leiden","edit-xhwikibooks.graphml"
"0.16","0.5","0.34","0.458713628146601","1,1,1,2,3,2,3,4,4,2,3,3,4,4,4,2,2,3,5,3,6,1,4,4,4,4,4,2,1,2,3,5,3,3,5,5,4,4,6,6,6,6,1,1,1,1,6,1,1,1,6,6,6,6,6,1,1,1,1,6,7,6,6,4,4,6,6,6,6,6,1,6,4,4,6,6,6,6,6,6,6,4,2,2,2,8,6,6,6,6,9,10,11,6,6,6,2,6,6,6,6,6,6,6,6,6,6,3,3,6,6,6,6,5,5,5,5,5,5,5,5,4,4,4,4,4,4,4,4","0.000962972640991211","leiden","edit-xhwikibooks.graphml"
"0.15","0.51","0.34","0.458236846505494","1,1,1,2,4,2,4,3,2,2,4,4,3,3,3,2,2,4,5,4,6,1,3,3,3,3,3,2,1,2,4,5,4,4,5,5,3,3,6,6,6,6,1,1,1,1,6,1,1,1,6,6,6,6,6,1,1,1,1,6,7,6,6,3,3,6,6,6,6,6,1,6,3,3,6,6,6,6,6,6,6,3,2,2,2,8,6,6,6,6,9,10,11,6,6,6,2,6,6,6,6,6,6,6,6,6,6,4,4,6,6,6,6,5,5,5,5,5,5,5,5,3,3,3,3,3,3,3,3","0.000974893569946289","leiden","edit-xhwikibooks.graphml"
"0.14","0.52","0.34","0.458203720237626","1,1,1,2,3,2,3,2,2,2,3,3,2,2,2,4,2,3,5,3,6,1,2,2,2,2,2,4,1,2,3,5,3,3,5,5,2,2,6,6,6,6,1,1,1,1,6,1,1,1,6,6,6,6,6,1,1,1,1,6,7,6,6,2,2,6,6,6,6,6,1,6,2,2,6,6,6,6,6,6,6,2,4,4,4,8,6,6,6,6,9,10,11,6,6,6,4,6,6,6,6,6,6,6,6,6,6,3,3,6,6,6,6,5,5,5,5,5,5,5,5,2,2,2,2,2,2,2,2","0.000929832458496094","leiden","edit-xhwikibooks.graphml"
"0.13","0.53","0.34","0.458408555351464","1,1,1,2,3,2,3,4,4,2,3,3,4,4,4,2,2,3,5,3,6,1,4,4,4,4,4,2,1,2,3,5,3,3,5,5,4,4,6,6,6,6,1,1,1,1,6,1,1,1,6,6,6,6,6,1,1,1,1,6,7,6,6,4,4,6,6,6,6,6,1,6,4,4,6,6,6,6,6,6,6,4,2,2,2,8,6,6,6,6,9,10,11,6,6,6,2,6,6,6,6,6,6,6,6,6,6,3,3,6,6,6,6,5,5,5,5,5,5,5,5,4,4,4,4,4,4,4,4","0.000940084457397461","leiden","edit-xhwikibooks.graphml"
"0.12","0.54","0.34","0.46000717064648","1,1,1,2,3,2,3,4,4,2,3,3,4,4,4,2,2,3,5,3,6,1,4,4,4,4,4,2,1,2,3,5,3,3,5,5,4,4,6,6,6,6,1,1,1,1,6,1,1,1,6,6,6,6,6,1,1,1,1,6,7,6,6,4,4,6,6,6,6,6,1,6,4,4,6,6,6,6,6,6,6,4,2,2,2,8,6,6,6,6,9,10,11,6,6,6,2,6,6,6,6,6,6,6,6,6,6,3,3,6,6,6,6,5,5,5,5,5,5,5,5,4,4,4,4,4,4,4,4","0.000987052917480469","leiden","edit-xhwikibooks.graphml"
"0.11","0.55","0.34","0.459225859503485","1,1,1,2,4,2,4,3,2,2,4,4,3,3,3,2,2,4,5,4,6,1,3,3,3,3,3,2,1,2,4,5,4,4,5,5,3,3,6,6,6,6,1,1,1,1,6,1,1,1,6,6,6,6,6,1,1,1,1,6,7,6,6,3,3,6,6,6,6,6,1,6,3,3,6,6,6,6,6,6,6,3,2,2,2,8,6,6,6,6,9,10,11,6,6,6,2,6,6,6,6,6,6,6,6,6,6,4,4,6,6,6,6,5,5,5,5,5,5,5,5,3,3,3,3,3,3,3,3","0.000952959060668945","leiden","edit-xhwikibooks.graphml"
"0.1","0.56","0.34","0.462016890383886","1,1,1,2,3,2,3,4,4,2,3,3,4,4,4,2,2,3,5,3,6,1,4,4,4,4,4,2,1,2,3,5,3,3,5,5,4,4,6,6,6,6,1,1,1,1,6,1,1,1,6,6,6,6,6,1,1,1,1,6,7,6,6,4,4,6,6,6,6,6,1,6,4,4,6,6,6,6,6,6,6,4,2,2,2,8,6,6,6,6,9,10,11,6,6,6,2,6,6,6,6,6,6,6,6,6,6,3,3,6,6,6,6,5,5,5,5,5,5,5,5,4,4,4,4,4,4,4,4","0.000956058502197266","leiden","edit-xhwikibooks.graphml"
"0.09","0.57","0.34","0.461712531377434","1,1,1,2,3,2,3,4,4,2,3,3,4,4,4,2,2,3,5,3,6,1,4,4,4,4,4,2,1,2,3,5,3,3,5,5,4,4,6,6,6,6,1,1,1,1,6,1,1,1,6,6,6,6,6,1,1,1,1,6,7,6,6,4,4,6,6,6,6,6,1,6,4,4,6,6,6,6,6,6,6,4,2,2,2,8,6,6,6,6,9,10,11,6,6,6,2,6,6,6,6,6,6,6,6,6,6,3,3,6,6,6,6,5,5,5,5,5,5,5,5,4,4,4,4,4,4,4,4","0.000957012176513672","leiden","edit-xhwikibooks.graphml"
"0.08","0.58","0.34","0.463222667873438","1,1,1,2,3,2,3,4,4,2,3,3,4,4,4,2,2,3,5,3,6,1,4,4,4,4,4,2,1,2,3,5,3,3,5,5,4,4,6,6,6,6,1,1,1,1,6,1,1,1,6,6,6,6,6,1,1,1,1,6,7,6,6,4,4,6,6,6,6,6,1,6,4,4,6,6,6,6,6,6,6,4,2,2,2,8,6,6,6,6,9,10,11,6,6,6,2,6,6,6,6,6,6,6,6,6,6,3,3,6,6,6,6,5,5,5,5,5,5,5,5,4,4,4,4,4,4,4,4","0.00120306015014648","leiden","edit-xhwikibooks.graphml"
"0.07","0.59","0.34","0.462918742636929","1,1,1,2,3,2,3,4,4,2,3,3,4,4,4,2,2,3,5,3,6,1,4,4,4,4,4,2,1,2,3,5,3,3,5,5,4,4,6,6,6,6,1,1,1,1,6,1,1,1,6,6,6,6,6,1,1,1,1,6,7,6,6,4,4,6,6,6,6,6,1,6,4,4,6,6,6,6,6,6,6,4,2,2,2,8,6,6,6,6,9,10,11,6,6,6,2,6,6,6,6,6,6,6,6,6,6,3,3,6,6,6,6,5,5,5,5,5,5,5,5,4,4,4,4,4,4,4,4","0.000947952270507812","leiden","edit-xhwikibooks.graphml"
"0.06","0.6","0.34","0.463848577183288","1,1,1,2,3,2,3,2,2,2,3,3,2,2,2,4,2,3,5,3,6,1,2,2,2,2,2,4,1,2,3,5,3,3,5,5,2,2,6,6,6,6,1,1,1,1,6,1,1,1,6,6,6,6,6,1,1,1,1,6,7,6,6,2,2,6,6,6,6,6,1,6,2,2,6,6,6,6,6,6,6,2,4,4,4,8,6,6,6,6,9,10,11,6,6,6,4,6,6,6,6,6,6,6,6,6,6,3,3,6,6,6,6,5,5,5,5,5,5,5,5,2,2,2,2,2,2,2,2","0.000929117202758789","leiden","edit-xhwikibooks.graphml"
"0.05","0.61","0.34","0.464243613419514","1,1,1,2,3,2,3,4,4,2,3,3,4,4,4,2,2,3,5,3,6,1,4,4,4,4,4,2,1,2,3,5,3,3,5,5,4,4,6,6,6,6,1,1,1,1,6,1,1,1,6,6,6,6,6,1,1,1,1,6,7,6,6,4,4,6,6,6,6,6,1,6,4,4,6,6,6,6,6,6,6,4,2,2,2,8,6,6,6,6,9,10,11,6,6,6,2,6,6,6,6,6,6,6,6,6,6,3,3,6,6,6,6,5,5,5,5,5,5,5,5,4,4,4,4,4,4,4,4","0.000811100006103516","leiden","edit-xhwikibooks.graphml"
"0.04","0.62","0.34","0.465022532781414","1,1,1,2,3,2,3,4,4,2,3,3,4,4,4,2,2,3,5,3,6,1,4,4,4,4,4,2,1,2,3,5,3,3,5,5,4,4,6,6,6,6,1,1,1,1,6,1,1,1,6,6,6,6,6,1,1,1,1,6,7,6,6,4,4,6,6,6,6,6,1,6,4,4,6,6,6,6,6,6,6,4,2,2,2,8,6,6,6,6,9,10,11,6,6,6,2,6,6,6,6,6,6,6,6,6,6,3,3,6,6,6,6,5,5,5,5,5,5,5,5,4,4,4,4,4,4,4,4","0.000802040100097656","leiden","edit-xhwikibooks.graphml"
"0.03","0.63","0.34","0.464254112212881","1,1,1,2,4,2,4,3,2,2,4,4,3,3,3,2,2,4,5,4,6,1,3,3,3,3,3,2,1,2,4,5,4,4,5,5,3,3,6,6,6,6,1,1,1,1,6,1,1,1,6,6,6,6,6,1,1,1,1,6,7,6,6,3,3,6,6,6,6,6,1,6,3,3,6,6,6,6,6,6,6,3,2,2,2,8,6,6,6,6,9,10,11,6,6,6,2,6,6,6,6,6,6,6,6,6,6,4,4,6,6,6,6,5,5,5,5,5,5,5,5,3,3,3,3,3,3,3,3","0.000818967819213867","leiden","edit-xhwikibooks.graphml"
"0.02","0.64","0.34","0.464719161087103","1,1,1,2,3,2,3,4,4,2,3,3,4,4,4,2,2,3,5,3,6,1,4,4,4,4,4,2,1,2,3,5,3,3,5,5,4,4,6,6,6,6,1,1,1,1,6,1,1,1,6,6,6,6,6,1,1,1,1,6,7,6,6,4,4,6,6,6,6,6,1,6,4,4,6,6,6,6,6,6,6,4,2,2,2,8,6,6,6,6,9,10,11,6,6,6,2,6,6,6,6,6,6,6,6,6,6,3,3,6,6,6,6,5,5,5,5,5,5,5,5,4,4,4,4,4,4,4,4","0.000808000564575195","leiden","edit-xhwikibooks.graphml"
"0.01","0.65","0.34","0.464416138708821","1,1,1,2,3,2,3,4,4,2,3,3,4,4,4,2,2,3,5,3,6,1,4,4,4,4,4,2,1,2,3,5,3,3,5,5,4,4,6,6,6,6,1,1,1,1,6,1,1,1,6,6,6,6,6,1,1,1,1,6,7,6,6,4,4,6,6,6,6,6,1,6,4,4,6,6,6,6,6,6,6,4,2,2,2,8,6,6,6,6,9,10,11,6,6,6,2,6,6,6,6,6,6,6,6,6,6,3,3,6,6,6,6,5,5,5,5,5,5,5,5,4,4,4,4,4,4,4,4","0.000782012939453125","leiden","edit-xhwikibooks.graphml"
"0","0.66","0.34","0.466451039697542","1,1,1,2,1,2,3,4,4,2,3,3,4,4,4,2,2,3,5,3,6,1,4,4,4,4,4,2,1,2,3,5,3,3,5,5,4,4,6,6,6,6,1,1,1,1,6,1,1,1,6,6,6,6,6,1,1,1,1,6,7,6,6,4,4,6,6,6,6,6,1,6,4,4,6,6,6,6,6,6,6,4,2,2,2,8,6,6,6,6,9,10,11,6,6,6,2,6,6,6,6,6,6,6,6,6,6,3,3,6,6,6,6,5,5,5,5,5,5,5,5,4,4,4,4,4,4,4,4","0.000874996185302734","leiden","edit-xhwikibooks.graphml"
"0.65","0","0.35","0.419316294315188","1,1,2,2,2,2,2,3,3,2,2,2,3,3,3,2,2,2,4,2,5,1,3,3,3,3,3,2,1,2,2,4,2,2,4,4,3,3,5,5,5,5,1,1,1,1,5,1,1,1,5,5,5,5,5,1,1,1,1,5,3,5,5,3,3,5,5,5,5,5,1,5,3,3,5,5,5,5,5,5,5,3,2,2,2,1,5,5,5,5,2,2,4,5,5,5,2,5,5,5,5,5,5,5,5,5,5,2,2,5,5,5,5,4,4,4,4,4,4,4,4,3,3,3,3,3,3,3,3","0.00074005126953125","leiden","edit-xhwikibooks.graphml"
"0.64","0.01","0.35","0.419846769490639","1,1,2,2,2,3,2,3,3,3,2,2,3,3,3,3,3,2,4,2,5,1,3,3,3,3,3,3,1,3,2,4,2,2,4,4,3,3,5,5,5,5,1,1,1,1,5,1,1,1,5,5,5,5,5,1,1,1,1,5,3,5,5,3,3,5,5,5,5,5,1,5,3,3,5,5,5,5,5,5,5,3,3,3,3,1,5,5,5,5,3,2,4,5,5,5,3,5,5,5,5,5,5,5,5,5,5,2,2,5,5,5,5,4,4,4,4,4,4,4,4,3,3,3,3,3,3,3,3","0.000744104385375977","leiden","edit-xhwikibooks.graphml"
"0.63","0.02","0.35","0.419846769490639","1,1,2,2,2,3,2,3,3,3,2,2,3,3,3,3,3,2,4,2,5,1,3,3,3,3,3,3,1,3,2,4,2,2,4,4,3,3,5,5,5,5,1,1,1,1,5,1,1,1,5,5,5,5,5,1,1,1,1,5,3,5,5,3,3,5,5,5,5,5,1,5,3,3,5,5,5,5,5,5,5,3,3,3,3,1,5,5,5,5,3,2,4,5,5,5,3,5,5,5,5,5,5,5,5,5,5,2,2,5,5,5,5,4,4,4,4,4,4,4,4,3,3,3,3,3,3,3,3","0.000750064849853516","leiden","edit-xhwikibooks.graphml"
"0.62","0.03","0.35","0.419557977158567","1,1,2,2,2,3,2,3,3,3,2,2,3,3,3,3,3,2,4,2,5,1,3,3,3,3,3,3,1,3,2,4,2,2,4,4,3,3,5,5,5,5,1,1,1,1,5,1,1,1,5,5,5,5,5,1,1,1,1,5,3,5,5,3,3,5,5,5,5,5,1,5,3,3,5,5,5,5,5,5,5,3,3,3,3,1,5,5,5,5,3,2,4,5,5,5,3,5,5,5,5,5,5,5,5,5,5,2,2,5,5,5,5,4,4,4,4,4,4,4,4,3,3,3,3,3,3,3,3","0.000919103622436523","leiden","edit-xhwikibooks.graphml"
"0.61","0.04","0.35","0.419557977158567","1,1,2,2,2,3,2,3,3,3,2,2,3,3,3,3,3,2,4,2,5,1,3,3,3,3,3,3,1,3,2,4,2,2,4,4,3,3,5,5,5,5,1,1,1,1,5,1,1,1,5,5,5,5,5,1,1,1,1,5,3,5,5,3,3,5,5,5,5,5,1,5,3,3,5,5,5,5,5,5,5,3,3,3,3,1,5,5,5,5,3,2,4,5,5,5,3,5,5,5,5,5,5,5,5,5,5,2,2,5,5,5,5,4,4,4,4,4,4,4,4,3,3,3,3,3,3,3,3","0.000729084014892578","leiden","edit-xhwikibooks.graphml"
"0.6","0.05","0.35","0.419269545535787","1,1,2,2,2,3,2,3,3,3,2,2,3,3,3,3,3,2,4,2,5,1,3,3,3,3,3,3,1,3,2,4,2,2,4,4,3,3,5,5,5,5,1,1,1,1,5,1,1,1,5,5,5,5,5,1,1,1,1,5,3,5,5,3,3,5,5,5,5,5,1,5,3,3,5,5,5,5,5,5,5,3,3,3,3,1,5,5,5,5,3,2,4,5,5,5,3,5,5,5,5,5,5,5,5,5,5,2,2,5,5,5,5,4,4,4,4,4,4,4,4,3,3,3,3,3,3,3,3","0.000783920288085938","leiden","edit-xhwikibooks.graphml"
"0.59","0.06","0.35","0.407672062264869","1,1,1,2,3,2,3,2,2,2,3,3,2,2,2,2,2,3,4,3,5,1,2,2,2,2,2,2,1,2,3,4,3,3,4,4,2,2,5,5,5,5,1,1,1,1,5,1,1,1,5,5,5,5,5,1,1,1,1,5,2,5,5,2,2,5,5,5,5,5,1,5,2,2,5,5,5,5,5,5,5,2,2,2,2,1,5,5,5,5,2,3,4,5,5,5,2,5,5,5,5,5,5,5,5,5,5,3,3,5,5,5,5,4,4,4,4,4,4,4,4,2,2,2,2,2,2,2,2","0.000744819641113281","leiden","edit-xhwikibooks.graphml"
"0.58","0.07","0.35","0.407385938484562","1,1,1,2,3,2,3,2,2,2,3,3,2,2,2,2,2,3,4,3,5,1,2,2,2,2,2,2,1,2,3,4,3,3,4,4,2,2,5,5,5,5,1,1,1,1,5,1,1,1,5,5,5,5,5,1,1,1,1,5,2,5,5,2,2,5,5,5,5,5,1,5,2,2,5,5,5,5,5,5,5,2,2,2,2,1,5,5,5,5,2,3,4,5,5,5,2,5,5,5,5,5,5,5,5,5,5,3,3,5,5,5,5,4,4,4,4,4,4,4,4,2,2,2,2,2,2,2,2","0.000905036926269531","leiden","edit-xhwikibooks.graphml"
"0.57","0.08","0.35","0.408286071128765","1,1,1,2,3,2,3,2,2,2,3,3,2,2,2,2,2,3,4,3,5,1,2,2,2,2,2,2,1,2,3,4,3,3,4,4,2,2,5,5,5,5,1,1,1,1,5,1,1,1,5,5,5,5,5,1,1,1,1,5,2,5,5,2,2,5,5,5,5,5,1,5,2,2,5,5,5,5,5,5,5,2,2,2,2,1,5,5,5,5,2,3,4,5,5,5,2,5,5,5,5,5,5,5,5,5,5,3,3,5,5,5,5,4,4,4,4,4,4,4,4,2,2,2,2,2,2,2,2","0.000929117202758789","leiden","edit-xhwikibooks.graphml"
"0.56","0.09","0.35","0.408000173310792","1,1,1,2,4,2,4,2,2,2,4,4,2,2,2,2,2,4,3,4,5,1,2,2,2,2,2,2,1,2,4,3,4,4,3,3,2,2,5,5,5,5,1,1,1,1,5,1,1,1,5,5,5,5,5,1,1,1,1,5,2,5,5,2,2,5,5,5,5,5,1,5,2,2,5,5,5,5,5,5,5,2,2,2,2,1,5,5,5,5,2,4,3,5,5,5,2,5,5,5,5,5,5,5,5,5,5,4,4,5,5,5,5,3,3,3,3,3,3,3,3,2,2,2,2,2,2,2,2","0.000931978225708008","leiden","edit-xhwikibooks.graphml"
"0.55","0.1","0.35","0.407912700411041","1,1,1,2,1,2,3,2,2,2,3,4,2,2,2,2,2,3,3,4,5,1,2,2,2,2,2,2,1,2,3,3,4,4,3,3,2,2,5,5,5,5,1,1,1,1,5,1,1,1,5,5,5,5,5,1,1,1,1,5,2,5,5,2,2,5,5,5,5,5,1,5,2,2,5,5,5,5,5,5,5,2,2,2,2,1,5,5,5,5,2,3,3,5,5,5,2,5,5,5,5,5,5,5,5,5,5,4,4,5,5,5,5,3,3,3,3,3,3,3,3,2,2,2,2,2,2,2,2","0.000927209854125977","leiden","edit-xhwikibooks.graphml"
"0.54","0.11","0.35","0.405004939219702","1,1,1,2,1,2,3,2,2,2,3,4,2,2,2,2,2,3,3,4,5,1,2,2,2,2,2,2,1,2,3,3,4,4,3,3,2,2,5,5,5,5,1,1,1,1,5,1,1,1,5,5,5,5,5,1,1,1,1,5,2,5,5,2,2,5,5,5,5,5,1,5,2,2,5,5,5,5,5,5,5,2,2,2,2,1,5,5,5,5,2,3,3,5,5,5,2,5,5,5,5,5,5,5,5,5,5,4,4,5,5,5,5,3,3,3,3,3,3,3,3,2,2,2,2,2,2,2,2","0.000895977020263672","leiden","edit-xhwikibooks.graphml"
"0.53","0.12","0.35","0.406881010696219","1,1,1,2,3,2,3,2,2,2,3,3,2,2,2,2,2,3,4,3,5,1,2,2,2,2,2,2,1,2,3,4,3,3,4,4,2,2,5,5,5,5,1,1,1,1,5,1,1,1,5,5,5,5,5,1,1,1,1,5,2,5,5,2,2,5,5,5,5,5,1,5,2,2,5,5,5,5,5,5,5,2,2,2,2,1,5,5,5,5,2,3,4,5,5,5,2,5,5,5,5,5,5,5,5,5,5,3,3,5,5,5,5,4,4,4,4,4,4,4,4,2,2,2,2,2,2,2,2","0.00203490257263184","leiden","edit-xhwikibooks.graphml"
"0.52","0.13","0.35","0.407493825672171","1,1,1,2,3,2,3,2,2,2,3,3,2,2,2,2,2,3,4,3,5,1,2,2,2,2,2,2,1,2,3,4,3,3,4,4,2,2,5,5,5,5,1,1,1,1,5,1,1,1,5,5,5,5,5,1,1,1,1,5,2,5,5,2,2,5,5,5,5,5,1,5,2,2,5,5,5,5,5,5,5,2,2,2,2,1,5,5,5,5,2,3,4,5,5,5,2,5,5,5,5,5,5,5,5,5,5,3,3,5,5,5,5,4,4,4,4,4,4,4,4,2,2,2,2,2,2,2,2","0.000899076461791992","leiden","edit-xhwikibooks.graphml"
"0.51","0.14","0.35","0.407493825672171","1,1,1,2,3,2,3,2,2,2,3,3,2,2,2,2,2,3,4,3,5,1,2,2,2,2,2,2,1,2,3,4,3,3,4,4,2,2,5,5,5,5,1,1,1,1,5,1,1,1,5,5,5,5,5,1,1,1,1,5,2,5,5,2,2,5,5,5,5,5,1,5,2,2,5,5,5,5,5,5,5,2,2,2,2,1,5,5,5,5,2,3,4,5,5,5,2,5,5,5,5,5,5,5,5,5,5,3,3,5,5,5,5,4,4,4,4,4,4,4,4,2,2,2,2,2,2,2,2","0.000861883163452148","leiden","edit-xhwikibooks.graphml"
"0.5","0.15","0.35","0.408978296569531","1,1,1,2,3,2,3,2,2,2,3,3,2,2,2,2,2,3,4,3,5,1,2,2,2,2,2,2,1,2,3,4,3,3,4,4,2,2,5,5,5,5,1,1,1,1,5,1,1,1,5,5,5,5,5,1,1,1,1,5,2,5,5,2,2,5,5,5,5,5,1,5,2,2,5,5,5,5,5,5,5,2,2,2,2,1,5,5,5,5,2,3,4,5,5,5,2,5,5,5,5,5,5,5,5,5,5,3,3,5,5,5,5,4,4,4,4,4,4,4,4,2,2,2,2,2,2,2,2","0.000830173492431641","leiden","edit-xhwikibooks.graphml"
"0.49","0.16","0.35","0.409003411592284","1,1,1,2,3,2,3,2,2,2,3,3,2,2,2,2,2,3,4,3,5,1,2,2,2,2,2,2,1,2,3,4,3,3,4,4,2,2,5,5,5,5,1,1,1,1,5,1,1,1,5,5,5,5,5,1,1,1,1,5,2,5,5,2,2,5,5,5,5,5,1,5,2,2,5,5,5,5,5,5,5,2,2,2,2,1,5,5,5,5,2,3,4,5,5,5,2,5,5,5,5,5,5,5,5,5,5,3,3,5,5,5,5,4,4,4,4,4,4,4,4,2,2,2,2,2,2,2,2","0.000819921493530273","leiden","edit-xhwikibooks.graphml"
"0.48","0.17","0.35","0.409497250899885","1,1,1,2,1,2,3,2,2,2,3,4,2,2,2,2,2,3,3,4,5,1,2,2,2,2,2,2,1,2,3,3,4,4,3,3,2,2,5,5,5,5,1,1,1,1,5,1,1,1,5,5,5,5,5,1,1,1,1,5,2,5,5,2,2,5,5,5,5,5,1,5,2,2,5,5,5,5,5,5,5,2,2,2,2,1,5,5,5,5,2,3,3,5,5,5,2,5,5,5,5,5,5,5,5,5,5,4,4,5,5,5,5,3,3,3,3,3,3,3,3,2,2,2,2,2,2,2,2","0.000809907913208008","leiden","edit-xhwikibooks.graphml"
"0.47","0.18","0.35","0.40961510983888","1,1,1,2,3,2,3,2,2,2,3,3,2,2,2,2,2,3,4,3,5,1,2,2,2,2,2,2,1,2,3,4,3,3,4,4,2,2,5,5,5,5,1,1,1,1,5,1,1,1,5,5,5,5,5,1,1,1,1,5,2,5,5,2,2,5,5,5,5,5,1,5,2,2,5,5,5,5,5,5,5,2,2,2,2,1,5,5,5,5,2,3,4,5,5,5,2,5,5,5,5,5,5,5,5,5,5,3,3,5,5,5,5,4,4,4,4,4,4,4,4,2,2,2,2,2,2,2,2","0.00077509880065918","leiden","edit-xhwikibooks.graphml"
"0.46","0.19","0.35","0.409213647747455","1,1,1,2,1,2,3,2,2,2,3,4,2,2,2,2,2,3,3,4,5,1,2,2,2,2,2,2,1,2,3,3,4,4,3,3,2,2,5,5,5,5,1,1,1,1,5,1,1,1,5,5,5,5,5,1,1,1,1,5,2,5,5,2,2,5,5,5,5,5,1,5,2,2,5,5,5,5,5,5,5,2,2,2,2,1,5,5,5,5,2,3,3,5,5,5,2,5,5,5,5,5,5,5,5,5,5,4,4,5,5,5,5,3,3,3,3,3,3,3,3,2,2,2,2,2,2,2,2","0.000787973403930664","leiden","edit-xhwikibooks.graphml"
"0.45","0.2","0.35","0.410935833943552","1,1,1,2,1,2,3,2,2,2,3,4,2,2,2,2,2,3,3,4,5,1,2,2,2,2,2,2,1,2,3,3,4,4,3,3,2,2,5,5,5,5,1,1,1,1,5,1,1,1,5,5,5,5,5,1,1,1,1,5,2,5,5,2,2,5,5,5,5,5,1,5,2,2,5,5,5,5,5,5,5,2,2,2,2,1,5,5,5,5,2,3,3,5,5,5,2,5,5,5,5,5,5,5,5,5,5,4,4,5,5,5,5,3,3,3,3,3,3,3,3,2,2,2,2,2,2,2,2","0.000958919525146484","leiden","edit-xhwikibooks.graphml"
"0.44","0.21","0.35","0.394306920016855","1,1,1,2,3,2,3,2,2,2,3,3,2,2,2,2,2,3,4,3,5,1,2,2,2,2,2,2,1,2,3,4,3,3,4,4,2,2,5,5,5,5,1,1,1,1,5,1,1,1,5,5,5,5,5,1,1,1,1,5,2,5,5,2,2,5,5,5,5,5,1,5,2,2,5,5,5,5,5,5,5,2,2,2,2,1,5,5,5,5,2,3,4,5,5,5,2,5,5,5,5,5,5,5,5,5,5,3,3,5,5,5,5,4,4,4,4,4,4,4,4,2,2,2,2,2,2,2,2","0.000770092010498047","leiden","edit-xhwikibooks.graphml"
"0.43","0.22","0.35","0.395211628405673","1,1,1,2,1,2,3,2,2,2,3,4,2,2,2,2,2,3,3,4,5,1,2,2,2,2,2,2,1,2,3,3,4,4,3,3,2,2,5,5,5,5,1,1,1,1,5,1,1,1,5,5,5,5,5,1,1,1,1,5,2,5,5,2,2,5,5,5,5,5,1,5,2,2,5,5,5,5,5,5,5,2,2,2,2,1,5,5,5,5,2,3,3,5,5,5,2,5,5,5,5,5,5,5,5,5,5,4,4,5,5,5,5,3,3,3,3,3,3,3,3,2,2,2,2,2,2,2,2","0.000772953033447266","leiden","edit-xhwikibooks.graphml"
"0.42","0.23","0.35","0.396752645742274","1,1,1,2,1,2,3,2,2,2,3,4,2,2,2,2,2,3,3,4,5,1,2,2,2,2,2,2,1,2,3,3,4,4,3,3,2,2,5,5,5,5,1,1,1,1,5,1,1,1,5,5,5,5,5,1,1,1,1,5,2,5,5,2,2,5,5,5,5,5,1,5,2,2,5,5,5,5,5,5,5,2,2,2,2,1,5,5,5,5,2,3,3,5,5,5,2,5,5,5,5,5,5,5,5,5,5,4,4,5,5,5,5,3,3,3,3,3,3,3,3,2,2,2,2,2,2,2,2","0.000784158706665039","leiden","edit-xhwikibooks.graphml"
"0.41","0.24","0.35","0.397686520484396","1,1,1,2,1,2,3,2,2,2,3,4,2,2,2,2,2,3,3,4,5,1,2,2,2,2,2,2,1,2,3,3,4,4,3,3,2,2,5,5,5,5,1,1,1,1,5,1,1,1,5,5,5,5,5,1,1,1,1,5,2,5,5,2,2,5,5,5,5,5,1,5,2,2,5,5,5,5,5,5,5,2,2,2,2,1,5,5,5,5,2,3,3,5,5,5,2,5,5,5,5,5,5,5,5,5,5,4,4,5,5,5,5,3,3,3,3,3,3,3,3,2,2,2,2,2,2,2,2","0.000775814056396484","leiden","edit-xhwikibooks.graphml"
"0.4","0.25","0.35","0.400099881757625","1,1,1,2,3,2,3,2,2,2,3,3,2,2,2,2,2,3,4,3,5,1,2,2,2,2,2,2,1,2,3,4,3,3,4,4,2,2,5,5,5,5,1,1,1,1,5,1,1,1,5,5,5,5,5,1,1,1,1,5,2,5,5,2,2,5,5,5,5,5,1,5,2,2,5,5,5,5,5,5,5,2,2,2,2,1,5,5,5,5,2,3,4,5,5,5,2,5,5,5,5,5,5,5,5,5,5,3,3,5,5,5,5,4,4,4,4,4,4,4,4,2,2,2,2,2,2,2,2","0.000761032104492188","leiden","edit-xhwikibooks.graphml"
"0.39","0.26","0.35","0.400055000248888","1,1,1,2,1,2,3,2,2,2,3,4,2,2,2,2,2,3,3,4,5,1,2,2,2,2,2,2,1,2,3,3,4,4,3,3,2,2,5,5,5,5,1,1,1,1,5,1,1,1,5,5,5,5,5,1,1,1,1,5,2,5,5,2,2,5,5,5,5,5,1,5,2,2,5,5,5,5,5,5,5,2,2,2,2,1,5,5,5,5,2,3,3,5,5,5,2,5,5,5,5,5,5,5,5,5,5,4,4,5,5,5,5,3,3,3,3,3,3,3,3,2,2,2,2,2,2,2,2","0.000773906707763672","leiden","edit-xhwikibooks.graphml"
"0.38","0.27","0.35","0.400099881757625","1,1,1,2,3,2,3,2,2,2,3,3,2,2,2,2,2,3,4,3,5,1,2,2,2,2,2,2,1,2,3,4,3,3,4,4,2,2,5,5,5,5,1,1,1,1,5,1,1,1,5,5,5,5,5,1,1,1,1,5,2,5,5,2,2,5,5,5,5,5,1,5,2,2,5,5,5,5,5,5,5,2,2,2,2,1,5,5,5,5,2,3,4,5,5,5,2,5,5,5,5,5,5,5,5,5,5,3,3,5,5,5,5,4,4,4,4,4,4,4,4,2,2,2,2,2,2,2,2","0.000807046890258789","leiden","edit-xhwikibooks.graphml"
"0.37","0.28","0.35","0.399773879497973","1,1,1,2,1,2,3,2,2,2,3,4,2,2,2,2,2,3,3,4,5,1,2,2,2,2,2,2,1,2,3,3,4,4,3,3,2,2,5,5,5,5,1,1,1,1,5,1,1,1,5,5,5,5,5,1,1,1,1,5,2,5,5,2,2,5,5,5,5,5,1,5,2,2,5,5,5,5,5,5,5,2,2,2,2,1,5,5,5,5,2,3,3,5,5,5,2,5,5,5,5,5,5,5,5,5,5,4,4,5,5,5,5,3,3,3,3,3,3,3,3,2,2,2,2,2,2,2,2","0.000792026519775391","leiden","edit-xhwikibooks.graphml"
"0.36","0.29","0.35","0.401613505397289","1,1,1,2,3,2,3,2,2,2,3,3,2,2,2,2,2,3,4,3,5,1,2,2,2,2,2,2,1,2,3,4,3,3,4,4,2,2,5,5,5,5,1,1,1,1,5,1,1,1,5,5,5,5,5,1,1,1,1,5,2,5,5,2,2,5,5,5,5,5,1,5,2,2,5,5,5,5,5,5,5,2,2,2,2,1,5,5,5,5,2,3,4,5,5,5,2,5,5,5,5,5,5,5,5,5,5,3,3,5,5,5,5,4,4,4,4,4,4,4,4,2,2,2,2,2,2,2,2","0.000797033309936523","leiden","edit-xhwikibooks.graphml"
"0.35","0.3","0.35","0.402250142332177","1,1,1,2,3,2,3,2,2,2,3,3,2,2,2,2,2,3,4,3,5,1,2,2,2,2,2,2,1,2,3,4,3,3,4,4,2,2,5,5,5,5,1,1,1,1,5,1,1,1,5,5,5,5,5,1,1,1,1,5,2,5,5,2,2,5,5,5,5,5,1,5,2,2,5,5,5,5,5,5,5,2,2,2,2,1,5,5,5,5,2,3,4,5,5,5,2,5,5,5,5,5,5,5,5,5,5,3,3,5,5,5,5,4,4,4,4,4,4,4,4,2,2,2,2,2,2,2,2","0.000738859176635742","leiden","edit-xhwikibooks.graphml"
"0.34","0.31","0.35","0.40316475468792","1,1,1,2,3,2,3,2,2,2,3,3,2,2,2,2,2,3,4,3,5,1,2,2,2,2,2,2,1,2,3,4,3,3,4,4,2,2,5,5,5,5,1,1,1,1,5,1,1,1,5,5,5,5,5,1,1,1,1,5,2,5,5,2,2,5,5,5,5,5,1,5,2,2,5,5,5,5,5,5,5,2,2,2,2,1,5,5,5,5,2,3,4,5,5,5,2,5,5,5,5,5,5,5,5,5,5,3,3,5,5,5,5,4,4,4,4,4,4,4,4,2,2,2,2,2,2,2,2","0.000739097595214844","leiden","edit-xhwikibooks.graphml"
"0.33","0.32","0.35","0.402829662625826","1,1,1,2,1,2,3,2,2,2,3,4,2,2,2,2,2,3,3,4,5,1,2,2,2,2,2,2,1,2,3,3,4,4,3,3,2,2,5,5,5,5,1,1,1,1,5,1,1,1,5,5,5,5,5,1,1,1,1,5,2,5,5,2,2,5,5,5,5,5,1,5,2,2,5,5,5,5,5,5,5,2,2,2,2,1,5,5,5,5,2,3,3,5,5,5,2,5,5,5,5,5,5,5,5,5,5,4,4,5,5,5,5,3,3,3,3,3,3,3,3,2,2,2,2,2,2,2,2","0.000761985778808594","leiden","edit-xhwikibooks.graphml"
"0.32","0.33","0.35","0.403681554022804","1,1,1,2,1,2,3,2,2,2,3,3,2,2,2,2,2,3,4,3,5,1,2,2,2,2,2,2,1,2,3,4,3,3,4,4,2,2,5,5,5,5,1,1,1,1,5,1,1,1,5,5,5,5,5,1,1,1,1,5,2,5,5,2,2,5,5,5,5,5,1,5,2,2,5,5,5,5,5,5,5,2,2,2,2,1,5,5,5,5,2,3,4,5,5,5,2,5,5,5,5,5,5,5,5,5,5,3,3,5,5,5,5,4,4,4,4,4,4,4,4,2,2,2,2,2,2,2,2","0.000979900360107422","leiden","edit-xhwikibooks.graphml"
"0.31","0.34","0.35","0.416081133996397","1,1,1,2,3,2,3,2,2,2,3,3,2,2,2,2,2,3,4,3,5,1,2,2,2,2,2,2,1,2,3,4,3,3,4,4,2,2,5,5,5,5,1,1,1,1,5,1,1,1,5,5,5,5,5,1,1,1,1,5,2,5,5,2,2,5,5,5,5,5,1,5,2,2,5,5,5,5,5,5,5,2,2,2,2,1,5,5,5,5,2,3,4,5,5,5,2,5,5,5,5,5,5,5,5,5,5,3,3,5,5,5,5,4,4,4,4,4,4,4,4,2,2,2,2,2,2,2,2","0.00074005126953125","leiden","edit-xhwikibooks.graphml"
"0.3","0.35","0.35","0.416081133996397","1,1,1,2,3,2,3,2,2,2,3,3,2,2,2,2,2,3,4,3,5,1,2,2,2,2,2,2,1,2,3,4,3,3,4,4,2,2,5,5,5,5,1,1,1,1,5,1,1,1,5,5,5,5,5,1,1,1,1,5,2,5,5,2,2,5,5,5,5,5,1,5,2,2,5,5,5,5,5,5,5,2,2,2,2,1,5,5,5,5,2,3,4,5,5,5,2,5,5,5,5,5,5,5,5,5,5,3,3,5,5,5,5,4,4,4,4,4,4,4,4,2,2,2,2,2,2,2,2","0.000759124755859375","leiden","edit-xhwikibooks.graphml"
"0.29","0.36","0.35","0.411391177055169","1,1,1,2,3,2,3,2,2,2,3,3,2,2,2,2,2,3,4,3,5,1,2,2,2,2,2,2,1,2,3,4,3,3,4,4,2,2,5,5,5,5,1,1,1,1,5,1,1,1,5,5,5,5,5,1,1,1,1,5,6,5,5,2,2,5,5,5,5,5,1,5,2,2,5,5,5,5,5,5,5,2,2,2,2,7,5,5,5,5,8,9,10,5,5,5,2,5,5,5,5,5,5,5,5,5,5,3,3,5,5,5,5,4,4,4,4,4,4,4,4,2,2,2,2,2,2,2,2","0.000798940658569336","leiden","edit-xhwikibooks.graphml"
"0.28","0.37","0.35","0.411391177055169","1,1,1,2,3,2,3,2,2,2,3,3,2,2,2,2,2,3,4,3,5,1,2,2,2,2,2,2,1,2,3,4,3,3,4,4,2,2,5,5,5,5,1,1,1,1,5,1,1,1,5,5,5,5,5,1,1,1,1,5,6,5,5,2,2,5,5,5,5,5,1,5,2,2,5,5,5,5,5,5,5,2,2,2,2,7,5,5,5,5,8,9,10,5,5,5,2,5,5,5,5,5,5,5,5,5,5,3,3,5,5,5,5,4,4,4,4,4,4,4,4,2,2,2,2,2,2,2,2","0.000879049301147461","leiden","edit-xhwikibooks.graphml"
"0.27","0.38","0.35","0.411108635422071","1,1,1,2,3,2,3,2,2,2,3,3,2,2,2,2,2,3,4,3,5,1,2,2,2,2,2,2,1,2,3,4,3,3,4,4,2,2,5,5,5,5,1,1,1,1,5,1,1,1,5,5,5,5,5,1,1,1,1,5,6,5,5,2,2,5,5,5,5,5,1,5,2,2,5,5,5,5,5,5,5,2,2,2,2,7,5,5,5,5,8,9,10,5,5,5,2,5,5,5,5,5,5,5,5,5,5,3,3,5,5,5,5,4,4,4,4,4,4,4,4,2,2,2,2,2,2,2,2","0.000802040100097656","leiden","edit-xhwikibooks.graphml"
"0.26","0.39","0.35","0.411995906896031","1,1,1,2,3,2,3,2,2,2,3,3,2,2,2,2,2,3,4,3,5,1,2,2,2,2,2,2,1,2,3,4,3,3,4,4,2,2,5,5,5,5,1,1,1,1,5,1,1,1,5,5,5,5,5,1,1,1,1,5,6,5,5,2,2,5,5,5,5,5,1,5,2,2,5,5,5,5,5,5,5,2,2,2,2,7,5,5,5,5,8,9,10,5,5,5,2,5,5,5,5,5,5,5,5,5,5,3,3,5,5,5,5,4,4,4,4,4,4,4,4,2,2,2,2,2,2,2,2","0.000809907913208008","leiden","edit-xhwikibooks.graphml"
"0.25","0.4","0.35","0.413373297028287","1,1,1,2,3,2,3,2,2,2,3,3,2,2,2,2,2,3,4,3,5,1,2,2,2,2,2,2,1,2,3,4,3,3,4,4,2,2,5,5,5,5,1,1,1,1,5,1,1,1,5,5,5,5,5,1,1,1,1,5,6,5,5,2,2,5,5,5,5,5,1,5,2,2,5,5,5,5,5,5,5,2,2,2,2,7,5,5,5,5,8,9,10,5,5,5,2,5,5,5,5,5,5,5,5,5,5,3,3,5,5,5,5,4,4,4,4,4,4,4,4,2,2,2,2,2,2,2,2","0.000823974609375","leiden","edit-xhwikibooks.graphml"
"0.24","0.41","0.35","0.411344374025451","1,1,1,2,3,2,3,2,2,2,3,3,2,2,2,2,2,3,4,3,5,1,2,2,2,2,2,2,1,2,3,4,3,3,4,4,2,2,5,5,5,5,1,1,1,1,5,1,1,1,5,5,5,5,5,1,1,1,1,5,6,5,5,2,2,5,5,5,5,5,1,5,2,2,5,5,5,5,5,5,5,2,2,2,2,7,5,5,5,5,8,9,10,5,5,5,2,5,5,5,5,5,5,5,5,5,5,3,3,5,5,5,5,4,4,4,4,4,4,4,4,2,2,2,2,2,2,2,2","0.000826120376586914","leiden","edit-xhwikibooks.graphml"
"0.23","0.42","0.35","0.41106240894495","1,1,1,2,3,2,3,2,2,2,3,3,2,2,2,2,2,3,4,3,5,1,2,2,2,2,2,2,1,2,3,4,3,3,4,4,2,2,5,5,5,5,1,1,1,1,5,1,1,1,5,5,5,5,5,1,1,1,1,5,6,5,5,2,2,5,5,5,5,5,1,5,2,2,5,5,5,5,5,5,5,2,2,2,2,7,5,5,5,5,8,9,10,5,5,5,2,5,5,5,5,5,5,5,5,5,5,3,3,5,5,5,5,4,4,4,4,4,4,4,4,2,2,2,2,2,2,2,2","0.00110101699829102","leiden","edit-xhwikibooks.graphml"
"0.22","0.43","0.35","0.412776812301188","1,1,1,2,3,2,3,2,2,2,3,3,2,2,2,2,2,3,4,3,5,1,2,2,2,2,2,2,1,2,3,4,3,3,4,4,2,2,5,5,5,5,1,1,1,1,5,1,1,1,5,5,5,5,5,1,1,1,1,5,6,5,5,2,2,5,5,5,5,5,1,5,2,2,5,5,5,5,5,5,5,2,2,2,2,7,5,5,5,5,8,9,10,5,5,5,2,5,5,5,5,5,5,5,5,5,5,3,3,5,5,5,5,4,4,4,4,4,4,4,4,2,2,2,2,2,2,2,2","0.00107407569885254","leiden","edit-xhwikibooks.graphml"
"0.21","0.44","0.35","0.412495005556319","1,1,1,2,3,2,3,2,2,2,3,3,2,2,2,2,2,3,4,3,5,1,2,2,2,2,2,2,1,2,3,4,3,3,4,4,2,2,5,5,5,5,1,1,1,1,5,1,1,1,5,5,5,5,5,1,1,1,1,5,6,5,5,2,2,5,5,5,5,5,1,5,2,2,5,5,5,5,5,5,5,2,2,2,2,7,5,5,5,5,8,9,10,5,5,5,2,5,5,5,5,5,5,5,5,5,5,3,3,5,5,5,5,4,4,4,4,4,4,4,4,2,2,2,2,2,2,2,2","0.00110983848571777","leiden","edit-xhwikibooks.graphml"
"0.2","0.45","0.35","0.414197686390514","1,1,1,2,3,2,3,2,2,2,3,3,2,2,2,2,2,3,4,3,5,1,2,2,2,2,2,2,1,2,3,4,3,3,4,4,2,2,5,5,5,5,1,1,1,1,5,1,1,1,5,5,5,5,5,1,1,1,1,5,6,5,5,2,2,5,5,5,5,5,1,5,2,2,5,5,5,5,5,5,5,2,2,2,2,7,5,5,5,5,8,9,10,5,5,5,2,5,5,5,5,5,5,5,5,5,5,3,3,5,5,5,5,4,4,4,4,4,4,4,4,2,2,2,2,2,2,2,2","0.000787019729614258","leiden","edit-xhwikibooks.graphml"
"0.19","0.46","0.35","0.424818110386715","1,1,1,2,3,2,3,2,2,2,3,3,2,2,2,2,2,3,4,3,5,1,2,2,2,2,2,2,1,2,3,4,3,3,4,4,2,2,5,5,5,5,1,1,1,1,5,1,1,1,5,5,5,5,5,1,1,1,1,5,6,5,5,2,2,5,5,5,5,5,1,5,2,2,5,5,5,5,5,5,5,2,2,2,2,7,5,5,5,5,8,9,10,5,5,5,2,5,5,5,5,5,5,5,5,5,5,3,3,5,5,5,5,4,4,4,4,4,4,4,4,2,2,2,2,2,2,2,2","0.000793933868408203","leiden","edit-xhwikibooks.graphml"
"0.18","0.47","0.35","0.425709006983235","1,1,1,2,3,2,3,2,2,2,3,3,2,2,2,2,2,3,4,3,5,1,2,2,2,2,2,2,1,2,3,4,3,3,4,4,2,2,5,5,5,5,1,1,1,1,5,1,1,1,5,5,5,5,5,1,1,1,1,5,6,5,5,2,2,5,5,5,5,5,1,5,2,2,5,5,5,5,5,5,5,2,2,2,2,7,5,5,5,5,8,9,10,5,5,5,2,5,5,5,5,5,5,5,5,5,5,3,3,5,5,5,5,4,4,4,4,4,4,4,4,2,2,2,2,2,2,2,2","0.000794172286987305","leiden","edit-xhwikibooks.graphml"
"0.17","0.48","0.35","0.425410196103655","1,1,1,2,3,2,3,2,2,2,3,3,2,2,2,2,2,3,4,3,5,1,2,2,2,2,2,2,1,2,3,4,3,3,4,4,2,2,5,5,5,5,1,1,1,1,5,1,1,1,5,5,5,5,5,1,1,1,1,5,6,5,5,2,2,5,5,5,5,5,1,5,2,2,5,5,5,5,5,5,5,2,2,2,2,7,5,5,5,5,8,9,10,5,5,5,2,5,5,5,5,5,5,5,5,5,5,3,3,5,5,5,5,4,4,4,4,4,4,4,4,2,2,2,2,2,2,2,2","0.000821113586425781","leiden","edit-xhwikibooks.graphml"
"0.16","0.49","0.35","0.425410196103655","1,1,1,2,3,2,3,2,2,2,3,3,2,2,2,2,2,3,4,3,5,1,2,2,2,2,2,2,1,2,3,4,3,3,4,4,2,2,5,5,5,5,1,1,1,1,5,1,1,1,5,5,5,5,5,1,1,1,1,5,6,5,5,2,2,5,5,5,5,5,1,5,2,2,5,5,5,5,5,5,5,2,2,2,2,7,5,5,5,5,8,9,10,5,5,5,2,5,5,5,5,5,5,5,5,5,5,3,3,5,5,5,5,4,4,4,4,4,4,4,4,2,2,2,2,2,2,2,2","0.000782012939453125","leiden","edit-xhwikibooks.graphml"
"0.15","0.5","0.35","0.460860729937944","1,1,1,2,3,2,3,4,4,2,3,3,4,4,4,2,2,3,5,3,6,1,4,4,4,4,4,2,1,2,3,5,3,3,5,5,4,4,6,6,6,6,1,1,1,1,6,1,1,1,6,6,6,6,6,1,1,1,1,6,7,6,6,4,4,6,6,6,6,6,1,6,4,4,6,6,6,6,6,6,6,4,2,2,2,8,6,6,6,6,9,10,11,6,6,6,2,6,6,6,6,6,6,6,6,6,6,3,3,6,6,6,6,5,5,5,5,5,5,5,5,4,4,4,4,4,4,4,4","0.000777959823608398","leiden","edit-xhwikibooks.graphml"
"0.14","0.51","0.35","0.458068193318746","1,1,1,2,3,2,3,2,2,2,3,3,2,2,2,4,2,3,5,3,6,1,2,2,2,2,2,4,1,2,3,5,3,3,5,5,2,2,6,6,6,6,1,1,1,1,6,1,1,1,6,6,6,6,6,1,1,1,1,6,7,6,6,2,2,6,6,6,6,6,1,6,2,2,6,6,6,6,6,6,6,2,4,4,4,8,6,6,6,6,9,10,11,6,6,6,4,6,6,6,6,6,6,6,6,6,6,3,3,6,6,6,6,5,5,5,5,5,5,5,5,2,2,2,2,2,2,2,2","0.000816822052001953","leiden","edit-xhwikibooks.graphml"
"0.13","0.52","0.35","0.458068193318746","1,1,1,2,3,2,3,2,2,2,3,3,2,2,2,4,2,3,5,3,6,1,2,2,2,2,2,4,1,2,3,5,3,3,5,5,2,2,6,6,6,6,1,1,1,1,6,1,1,1,6,6,6,6,6,1,1,1,1,6,7,6,6,2,2,6,6,6,6,6,1,6,2,2,6,6,6,6,6,6,6,2,4,4,4,8,6,6,6,6,9,10,11,6,6,6,4,6,6,6,6,6,6,6,6,6,6,3,3,6,6,6,6,5,5,5,5,5,5,5,5,2,2,2,2,2,2,2,2","0.000818967819213867","leiden","edit-xhwikibooks.graphml"
"0.12","0.53","0.35","0.459063401714092","1,1,1,2,3,2,3,4,4,2,3,3,4,4,4,2,2,3,5,3,6,1,4,4,4,4,4,2,1,2,3,5,3,3,5,5,4,4,6,6,6,6,1,1,1,1,6,1,1,1,6,6,6,6,6,1,1,1,1,6,7,6,6,4,4,6,6,6,6,6,1,6,4,4,6,6,6,6,6,6,6,4,2,2,2,8,6,6,6,6,9,10,11,6,6,6,2,6,6,6,6,6,6,6,6,6,6,3,3,6,6,6,6,5,5,5,5,5,5,5,5,4,4,4,4,4,4,4,4","0.00079798698425293","leiden","edit-xhwikibooks.graphml"
"0.11","0.54","0.35","0.459856378528887","1,1,1,2,4,2,4,3,3,2,4,4,3,3,3,2,2,4,5,4,6,1,3,3,3,3,3,2,1,2,4,5,4,4,5,5,3,3,6,6,6,6,1,1,1,1,6,1,1,1,6,6,6,6,6,1,1,1,1,6,7,6,6,3,3,6,6,6,6,6,1,6,3,3,6,6,6,6,6,6,6,3,2,2,2,8,6,6,6,6,9,10,11,6,6,6,2,6,6,6,6,6,6,6,6,6,6,4,4,6,6,6,6,5,5,5,5,5,5,5,5,3,3,3,3,3,3,3,3","0.000825881958007812","leiden","edit-xhwikibooks.graphml"
"0.1","0.55","0.35","0.460342344528118","1,1,1,2,3,2,3,4,4,2,3,3,4,4,4,2,2,3,5,3,6,1,4,4,4,4,4,2,1,2,3,5,3,3,5,5,4,4,6,6,6,6,1,1,1,1,6,1,1,1,6,6,6,6,6,1,1,1,1,6,7,6,6,4,4,6,6,6,6,6,1,6,4,4,6,6,6,6,6,6,6,4,2,2,2,8,6,6,6,6,9,10,11,6,6,6,2,6,6,6,6,6,6,6,6,6,6,3,3,6,6,6,6,5,5,5,5,5,5,5,5,4,4,4,4,4,4,4,4","0.000805854797363281","leiden","edit-xhwikibooks.graphml"
"0.09","0.56","0.35","0.461349357146399","1,1,1,2,3,2,3,2,2,2,3,3,2,2,2,4,2,3,5,3,6,1,2,2,2,2,2,4,1,2,3,5,3,3,5,5,2,2,6,6,6,6,1,1,1,1,6,1,1,1,6,6,6,6,6,1,1,1,1,6,7,6,6,2,2,6,6,6,6,6,1,6,2,2,6,6,6,6,6,6,6,2,4,4,4,8,6,6,6,6,9,10,11,6,6,6,4,6,6,6,6,6,6,6,6,6,6,3,3,6,6,6,6,5,5,5,5,5,5,5,5,2,2,2,2,2,2,2,2","0.000795125961303711","leiden","edit-xhwikibooks.graphml"
"0.08","0.57","0.35","0.461555776786108","1,1,1,2,3,2,3,4,4,2,3,3,4,4,4,2,2,3,5,3,6,1,4,4,4,4,4,2,1,2,3,5,3,3,5,5,4,4,6,6,6,6,1,1,1,1,6,1,1,1,6,6,6,6,6,1,1,1,1,6,7,6,6,4,4,6,6,6,6,6,1,6,4,4,6,6,6,6,6,6,6,4,2,2,2,8,6,6,6,6,9,10,11,6,6,6,2,6,6,6,6,6,6,6,6,6,6,3,3,6,6,6,6,5,5,5,5,5,5,5,5,4,4,4,4,4,4,4,4","0.000982999801635742","leiden","edit-xhwikibooks.graphml"
"0.07","0.58","0.35","0.462596766721575","1,1,1,2,4,2,4,3,2,2,4,4,3,3,3,2,2,4,5,4,6,1,3,3,3,3,3,2,1,2,4,5,4,4,5,5,3,3,6,6,6,6,1,1,1,1,6,1,1,1,6,6,6,6,6,1,1,1,1,6,7,6,6,3,3,6,6,6,6,6,1,6,3,3,6,6,6,6,6,6,6,3,2,2,2,8,6,6,6,6,9,10,11,6,6,6,2,6,6,6,6,6,6,6,6,6,6,4,4,6,6,6,6,5,5,5,5,5,5,5,5,3,3,3,3,3,3,3,3","0.00080108642578125","leiden","edit-xhwikibooks.graphml"
"0.06","0.59","0.35","0.462294167436134","1,1,1,2,4,2,4,3,2,2,4,4,3,3,3,2,2,4,5,4,6,1,3,3,3,3,3,2,1,2,4,5,4,4,5,5,3,3,6,6,6,6,1,1,1,1,6,1,1,1,6,6,6,6,6,1,1,1,1,6,7,6,6,3,3,6,6,6,6,6,1,6,3,3,6,6,6,6,6,6,6,3,2,2,2,8,6,6,6,6,9,10,11,6,6,6,2,6,6,6,6,6,6,6,6,6,6,4,4,6,6,6,6,5,5,5,5,5,5,5,5,3,3,3,3,3,3,3,3","0.000809907913208008","leiden","edit-xhwikibooks.graphml"
"0.05","0.6","0.35","0.464383313755019","1,1,1,2,3,2,3,4,4,2,3,3,4,4,4,2,2,3,5,3,6,1,4,4,4,4,4,2,1,2,3,5,3,3,5,5,4,4,6,6,6,6,1,1,1,1,6,1,1,1,6,6,6,6,6,1,1,1,1,6,7,6,6,4,4,6,6,6,6,6,1,6,4,4,6,6,6,6,6,6,6,4,2,2,2,8,6,6,6,6,9,10,11,6,6,6,2,6,6,6,6,6,6,6,6,6,6,3,3,6,6,6,6,5,5,5,5,5,5,5,5,4,4,4,4,4,4,4,4","0.000802993774414062","leiden","edit-xhwikibooks.graphml"
"0.04","0.61","0.35","0.463302928159342","1,1,1,2,3,2,3,4,4,2,3,3,4,4,4,2,2,3,5,3,6,1,4,4,4,4,4,2,1,2,3,5,3,3,5,5,4,4,6,6,6,6,1,1,1,1,6,1,1,1,6,6,6,6,6,1,1,1,1,6,7,6,6,4,4,6,6,6,6,6,1,6,4,4,6,6,6,6,6,6,6,4,2,2,2,8,6,6,6,6,9,10,11,6,6,6,2,6,6,6,6,6,6,6,6,6,6,3,3,6,6,6,6,5,5,5,5,5,5,5,5,4,4,4,4,4,4,4,4","0.00080108642578125","leiden","edit-xhwikibooks.graphml"
"0.03","0.62","0.35","0.464080878779042","1,1,1,2,3,2,3,4,4,2,3,3,4,4,4,2,2,3,5,3,6,1,4,4,4,4,4,2,1,2,3,5,3,3,5,5,4,4,6,6,6,6,1,1,1,1,6,1,1,1,6,6,6,6,6,1,1,1,1,6,7,6,6,4,4,6,6,6,6,6,1,6,4,4,6,6,6,6,6,6,6,4,2,2,2,8,6,6,6,6,9,10,11,6,6,6,2,6,6,6,6,6,6,6,6,6,6,3,3,6,6,6,6,5,5,5,5,5,5,5,5,4,4,4,4,4,4,4,4","0.000825881958007812","leiden","edit-xhwikibooks.graphml"
"0.02","0.63","0.35","0.463778791138931","1,1,1,2,3,2,3,4,4,2,3,3,4,4,4,2,2,3,5,3,6,1,4,4,4,4,4,2,1,2,3,5,3,3,5,5,4,4,6,6,6,6,1,1,1,1,6,1,1,1,6,6,6,6,6,1,1,1,1,6,7,6,6,4,4,6,6,6,6,6,1,6,4,4,6,6,6,6,6,6,6,4,2,2,2,8,6,6,6,6,9,10,11,6,6,6,2,6,6,6,6,6,6,6,6,6,6,3,3,6,6,6,6,5,5,5,5,5,5,5,5,4,4,4,4,4,4,4,4","0.00085902214050293","leiden","edit-xhwikibooks.graphml"
"0.01","0.64","0.35","0.463778791138931","1,1,1,2,3,2,3,4,4,2,3,3,4,4,4,2,2,3,5,3,6,1,4,4,4,4,4,2,1,2,3,5,3,3,5,5,4,4,6,6,6,6,1,1,1,1,6,1,1,1,6,6,6,6,6,1,1,1,1,6,7,6,6,4,4,6,6,6,6,6,1,6,4,4,6,6,6,6,6,6,6,4,2,2,2,8,6,6,6,6,9,10,11,6,6,6,2,6,6,6,6,6,6,6,6,6,6,3,3,6,6,6,6,5,5,5,5,5,5,5,5,4,4,4,4,4,4,4,4","0.000987052917480469","leiden","edit-xhwikibooks.graphml"
"0","0.65","0.35","0.465510992356289","1,1,1,2,1,2,3,4,4,2,3,3,4,4,4,2,2,3,5,3,6,1,4,4,4,4,4,2,1,2,3,5,3,3,5,5,4,4,6,6,6,6,1,1,1,1,6,1,1,1,6,6,6,6,6,1,1,1,1,6,7,6,6,4,4,6,6,6,6,6,1,6,4,4,6,6,6,6,6,6,6,4,2,2,2,8,6,6,6,6,9,10,11,6,6,6,2,6,6,6,6,6,6,6,6,6,6,3,3,6,6,6,6,5,5,5,5,5,5,5,5,4,4,4,4,4,4,4,4","0.000789880752563477","leiden","edit-xhwikibooks.graphml"
"0.64","0","0.36","0.424960977571206","1,1,2,2,2,3,2,3,3,3,2,2,3,3,3,3,3,2,4,2,5,1,3,3,3,3,3,3,1,3,2,4,2,2,4,4,3,3,5,5,5,5,1,1,1,1,5,1,1,1,5,5,5,5,5,1,1,1,1,5,3,5,5,3,3,5,5,5,5,5,1,5,3,3,5,5,5,5,5,5,5,3,3,3,3,1,5,5,5,5,3,2,4,5,5,5,3,5,5,5,5,5,5,5,5,5,5,2,2,5,5,5,5,4,4,4,4,4,4,4,4,3,3,3,3,3,3,3,3","0.000765085220336914","leiden","edit-xhwikibooks.graphml"
"0.63","0.01","0.36","0.424960977571206","1,1,2,2,2,3,2,3,3,3,2,2,3,3,3,3,3,2,4,2,5,1,3,3,3,3,3,3,1,3,2,4,2,2,4,4,3,3,5,5,5,5,1,1,1,1,5,1,1,1,5,5,5,5,5,1,1,1,1,5,3,5,5,3,3,5,5,5,5,5,1,5,3,3,5,5,5,5,5,5,5,3,3,3,3,1,5,5,5,5,3,2,4,5,5,5,3,5,5,5,5,5,5,5,5,5,5,2,2,5,5,5,5,4,4,4,4,4,4,4,4,3,3,3,3,3,3,3,3","0.000739812850952148","leiden","edit-xhwikibooks.graphml"
"0.62","0.02","0.36","0.424960977571206","1,1,2,2,2,3,2,3,3,3,2,2,3,3,3,3,3,2,4,2,5,1,3,3,3,3,3,3,1,3,2,4,2,2,4,4,3,3,5,5,5,5,1,1,1,1,5,1,1,1,5,5,5,5,5,1,1,1,1,5,3,5,5,3,3,5,5,5,5,5,1,5,3,3,5,5,5,5,5,5,5,3,3,3,3,1,5,5,5,5,3,2,4,5,5,5,3,5,5,5,5,5,5,5,5,5,5,2,2,5,5,5,5,4,4,4,4,4,4,4,4,3,3,3,3,3,3,3,3","0.000759124755859375","leiden","edit-xhwikibooks.graphml"
"0.61","0.03","0.36","0.424672790123457","1,1,2,2,2,3,2,3,3,3,2,2,3,3,3,3,3,2,4,2,5,1,3,3,3,3,3,3,1,3,2,4,2,2,4,4,3,3,5,5,5,5,1,1,1,1,5,1,1,1,5,5,5,5,5,1,1,1,1,5,3,5,5,3,3,5,5,5,5,5,1,5,3,3,5,5,5,5,5,5,5,3,3,3,3,1,5,5,5,5,3,2,4,5,5,5,3,5,5,5,5,5,5,5,5,5,5,2,2,5,5,5,5,4,4,4,4,4,4,4,4,3,3,3,3,3,3,3,3","0.000763893127441406","leiden","edit-xhwikibooks.graphml"
"0.6","0.04","0.36","0.418667454981263","1,1,2,2,2,3,2,3,3,3,2,2,3,3,3,3,3,2,4,2,5,1,3,3,3,3,3,3,1,3,2,4,2,2,4,4,3,3,5,5,5,5,1,1,1,1,5,1,1,1,5,5,5,5,5,1,1,1,1,5,3,5,5,3,3,5,5,5,5,5,1,5,3,3,5,5,5,5,5,5,5,3,3,3,3,1,5,5,5,5,3,2,4,5,5,5,3,5,5,5,5,5,5,5,5,5,5,2,2,5,5,5,5,4,4,4,4,4,4,4,4,3,3,3,3,3,3,3,3","0.000906944274902344","leiden","edit-xhwikibooks.graphml"
"0.59","0.05","0.36","0.41838030413022","1,1,2,2,2,3,2,3,3,3,2,2,3,3,3,3,3,2,4,2,5,1,3,3,3,3,3,3,1,3,2,4,2,2,4,4,3,3,5,5,5,5,1,1,1,1,5,1,1,1,5,5,5,5,5,1,1,1,1,5,3,5,5,3,3,5,5,5,5,5,1,5,3,3,5,5,5,5,5,5,5,3,3,3,3,1,5,5,5,5,3,2,4,5,5,5,3,5,5,5,5,5,5,5,5,5,5,2,2,5,5,5,5,4,4,4,4,4,4,4,4,3,3,3,3,3,3,3,3","0.00073695182800293","leiden","edit-xhwikibooks.graphml"
"0.58","0.06","0.36","0.41838030413022","1,1,2,2,2,3,2,3,3,3,2,2,3,3,3,3,3,2,4,2,5,1,3,3,3,3,3,3,1,3,2,4,2,2,4,4,3,3,5,5,5,5,1,1,1,1,5,1,1,1,5,5,5,5,5,1,1,1,1,5,3,5,5,3,3,5,5,5,5,5,1,5,3,3,5,5,5,5,5,5,5,3,3,3,3,1,5,5,5,5,3,2,4,5,5,5,3,5,5,5,5,5,5,5,5,5,5,2,2,5,5,5,5,4,4,4,4,4,4,4,4,3,3,3,3,3,3,3,3","0.00074005126953125","leiden","edit-xhwikibooks.graphml"
"0.57","0.07","0.36","0.418093510841837","1,1,2,2,2,3,2,3,3,3,2,2,3,3,3,3,3,2,4,2,5,1,3,3,3,3,3,3,1,3,2,4,2,2,4,4,3,3,5,5,5,5,1,1,1,1,5,1,1,1,5,5,5,5,5,1,1,1,1,5,3,5,5,3,3,5,5,5,5,5,1,5,3,3,5,5,5,5,5,5,5,3,3,3,3,1,5,5,5,5,3,2,4,5,5,5,3,5,5,5,5,5,5,5,5,5,5,2,2,5,5,5,5,4,4,4,4,4,4,4,4,3,3,3,3,3,3,3,3","0.000764846801757812","leiden","edit-xhwikibooks.graphml"
"0.56","0.08","0.36","0.418964127384034","1,1,2,2,2,3,2,3,3,3,2,2,3,3,3,3,3,2,4,2,5,1,3,3,3,3,3,3,1,3,2,4,2,2,4,4,3,3,5,5,5,5,1,1,1,1,5,1,1,1,5,5,5,5,5,1,1,1,1,5,3,5,5,3,3,5,5,5,5,5,1,5,3,3,5,5,5,5,5,5,5,3,3,3,3,1,5,5,5,5,3,2,4,5,5,5,3,5,5,5,5,5,5,5,5,5,5,2,2,5,5,5,5,4,4,4,4,4,4,4,4,3,3,3,3,3,3,3,3","0.000754117965698242","leiden","edit-xhwikibooks.graphml"
"0.55","0.09","0.36","0.407117908483103","1,1,1,2,3,2,3,2,2,2,3,3,2,2,2,2,2,3,4,3,5,1,2,2,2,2,2,2,1,2,3,4,3,3,4,4,2,2,5,5,5,5,1,1,1,1,5,1,1,1,5,5,5,5,5,1,1,1,1,5,2,5,5,2,2,5,5,5,5,5,1,5,2,2,5,5,5,5,5,5,5,2,2,2,2,1,5,5,5,5,2,3,4,5,5,5,2,5,5,5,5,5,5,5,5,5,5,3,3,5,5,5,5,4,4,4,4,4,4,4,4,2,2,2,2,2,2,2,2","0.000771045684814453","leiden","edit-xhwikibooks.graphml"
"0.54","0.1","0.36","0.407117908483103","1,1,1,2,3,2,3,2,2,2,3,3,2,2,2,2,2,3,4,3,5,1,2,2,2,2,2,2,1,2,3,4,3,3,4,4,2,2,5,5,5,5,1,1,1,1,5,1,1,1,5,5,5,5,5,1,1,1,1,5,2,5,5,2,2,5,5,5,5,5,1,5,2,2,5,5,5,5,5,5,5,2,2,2,2,1,5,5,5,5,2,3,4,5,5,5,2,5,5,5,5,5,5,5,5,5,5,3,3,5,5,5,5,4,4,4,4,4,4,4,4,2,2,2,2,2,2,2,2","0.000838041305541992","leiden","edit-xhwikibooks.graphml"
"0.53","0.11","0.36","0.406833669273694","1,1,1,2,3,2,3,2,2,2,3,3,2,2,2,2,2,3,4,3,5,1,2,2,2,2,2,2,1,2,3,4,3,3,4,4,2,2,5,5,5,5,1,1,1,1,5,1,1,1,5,5,5,5,5,1,1,1,1,5,2,5,5,2,2,5,5,5,5,5,1,5,2,2,5,5,5,5,5,5,5,2,2,2,2,1,5,5,5,5,2,3,4,5,5,5,2,5,5,5,5,5,5,5,5,5,5,3,3,5,5,5,5,4,4,4,4,4,4,4,4,2,2,2,2,2,2,2,2","0.000770092010498047","leiden","edit-xhwikibooks.graphml"
"0.52","0.12","0.36","0.408506377190374","1,1,1,2,1,2,3,2,2,2,3,4,2,2,2,2,2,3,3,4,5,1,2,2,2,2,2,2,1,2,3,3,4,4,3,3,2,2,5,5,5,5,1,1,1,1,5,1,1,1,5,5,5,5,5,1,1,1,1,5,2,5,5,2,2,5,5,5,5,5,1,5,2,2,5,5,5,5,5,5,5,2,2,2,2,1,5,5,5,5,2,3,3,5,5,5,2,5,5,5,5,5,5,5,5,5,5,4,4,5,5,5,5,3,3,3,3,3,3,3,3,2,2,2,2,2,2,2,2","0.000768899917602539","leiden","edit-xhwikibooks.graphml"
"0.51","0.13","0.36","0.409207043443935","1,1,1,2,3,2,3,2,2,2,3,3,2,2,2,2,2,3,4,3,5,1,2,2,2,2,2,2,1,2,3,4,3,3,4,4,2,2,5,5,5,5,1,1,1,1,5,1,1,1,5,5,5,5,5,1,1,1,1,5,2,5,5,2,2,5,5,5,5,5,1,5,2,2,5,5,5,5,5,5,5,2,2,2,2,1,5,5,5,5,2,3,4,5,5,5,2,5,5,5,5,5,5,5,5,5,5,3,3,5,5,5,5,4,4,4,4,4,4,4,4,2,2,2,2,2,2,2,2","0.000756978988647461","leiden","edit-xhwikibooks.graphml"
"0.5","0.14","0.36","0.409207043443935","1,1,1,2,3,2,3,2,2,2,3,3,2,2,2,2,2,3,4,3,5,1,2,2,2,2,2,2,1,2,3,4,3,3,4,4,2,2,5,5,5,5,1,1,1,1,5,1,1,1,5,5,5,5,5,1,1,1,1,5,2,5,5,2,2,5,5,5,5,5,1,5,2,2,5,5,5,5,5,5,5,2,2,2,2,1,5,5,5,5,2,3,4,5,5,5,2,5,5,5,5,5,5,5,5,5,5,3,3,5,5,5,5,4,4,4,4,4,4,4,4,2,2,2,2,2,2,2,2","0.000753164291381836","leiden","edit-xhwikibooks.graphml"
"0.49","0.15","0.36","0.410673680965044","1,1,1,2,3,2,3,2,2,2,3,3,2,2,2,2,2,3,4,3,5,1,2,2,2,2,2,2,1,2,3,4,3,3,4,4,2,2,5,5,5,5,1,1,1,1,5,1,1,1,5,5,5,5,5,1,1,1,1,5,2,5,5,2,2,5,5,5,5,5,1,5,2,2,5,5,5,5,5,5,5,2,2,2,2,1,5,5,5,5,2,3,4,5,5,5,2,5,5,5,5,5,5,5,5,5,5,3,3,5,5,5,5,4,4,4,4,4,4,4,4,2,2,2,2,2,2,2,2","0.000733137130737305","leiden","edit-xhwikibooks.graphml"
"0.48","0.16","0.36","0.411451892258407","1,1,1,2,1,2,3,2,2,2,3,4,2,2,2,2,2,3,3,4,5,1,2,2,2,2,2,2,1,2,3,3,4,4,3,3,2,2,5,5,5,5,1,1,1,1,5,1,1,1,5,5,5,5,5,1,1,1,1,5,2,5,5,2,2,5,5,5,5,5,1,5,2,2,5,5,5,5,5,5,5,2,2,2,2,1,5,5,5,5,2,3,3,5,5,5,2,5,5,5,5,5,5,5,5,5,5,4,4,5,5,5,5,3,3,3,3,3,3,3,3,2,2,2,2,2,2,2,2","0.000771999359130859","leiden","edit-xhwikibooks.graphml"
"0.47","0.17","0.36","0.409480543672358","1,1,1,2,1,2,3,2,2,2,3,4,2,2,2,2,2,3,3,4,5,1,2,2,2,2,2,2,1,2,3,3,4,4,3,3,2,2,5,5,5,5,1,1,1,1,5,1,1,1,5,5,5,5,5,1,1,1,1,5,2,5,5,2,2,5,5,5,5,5,1,5,2,2,5,5,5,5,5,5,5,2,2,2,2,1,5,5,5,5,2,3,3,5,5,5,2,5,5,5,5,5,5,5,5,5,5,4,4,5,5,5,5,3,3,3,3,3,3,3,3,2,2,2,2,2,2,2,2","0.000937938690185547","leiden","edit-xhwikibooks.graphml"
"0.46","0.18","0.36","0.409596163975283","1,1,1,2,3,2,3,2,2,2,3,3,2,2,2,2,2,3,4,3,5,1,2,2,2,2,2,2,1,2,3,4,3,3,4,4,2,2,5,5,5,5,1,1,1,1,5,1,1,1,5,5,5,5,5,1,1,1,1,5,2,5,5,2,2,5,5,5,5,5,1,5,2,2,5,5,5,5,5,5,5,2,2,2,2,1,5,5,5,5,2,3,4,5,5,5,2,5,5,5,5,5,5,5,5,5,5,3,3,5,5,5,5,4,4,4,4,4,4,4,4,2,2,2,2,2,2,2,2","0.000733137130737305","leiden","edit-xhwikibooks.graphml"
"0.45","0.19","0.36","0.409312737388885","1,1,1,2,3,2,3,2,2,2,3,3,2,2,2,2,2,3,4,3,5,1,2,2,2,2,2,2,1,2,3,4,3,3,4,4,2,2,5,5,5,5,1,1,1,1,5,1,1,1,5,5,5,5,5,1,1,1,1,5,2,5,5,2,2,5,5,5,5,5,1,5,2,2,5,5,5,5,5,5,5,2,2,2,2,1,5,5,5,5,2,3,4,5,5,5,2,5,5,5,5,5,5,5,5,5,5,3,3,5,5,5,5,4,4,4,4,4,4,4,4,2,2,2,2,2,2,2,2","0.000746011734008789","leiden","edit-xhwikibooks.graphml"
"0.44","0.2","0.36","0.411024620635845","1,1,1,2,3,2,3,2,2,2,3,3,2,2,2,2,2,3,4,3,5,1,2,2,2,2,2,2,1,2,3,4,3,3,4,4,2,2,5,5,5,5,1,1,1,1,5,1,1,1,5,5,5,5,5,1,1,1,1,5,2,5,5,2,2,5,5,5,5,5,1,5,2,2,5,5,5,5,5,5,5,2,2,2,2,1,5,5,5,5,2,3,4,5,5,5,2,5,5,5,5,5,5,5,5,5,5,3,3,5,5,5,5,4,4,4,4,4,4,4,4,2,2,2,2,2,2,2,2","0.00075221061706543","leiden","edit-xhwikibooks.graphml"
"0.43","0.21","0.36","0.410629783163265","1,1,1,2,1,2,3,2,2,2,3,4,2,2,2,2,2,3,3,4,5,1,2,2,2,2,2,2,1,2,3,3,4,4,3,3,2,2,5,5,5,5,1,1,1,1,5,1,1,1,5,5,5,5,5,1,1,1,1,5,2,5,5,2,2,5,5,5,5,5,1,5,2,2,5,5,5,5,5,5,5,2,2,2,2,1,5,5,5,5,2,3,3,5,5,5,2,5,5,5,5,5,5,5,5,5,5,4,4,5,5,5,5,3,3,3,3,3,3,3,3,2,2,2,2,2,2,2,2","0.00074315071105957","leiden","edit-xhwikibooks.graphml"
"0.42","0.22","0.36","0.411506548011723","1,1,1,2,1,2,3,2,2,2,3,4,2,2,2,2,2,3,3,4,5,1,2,2,2,2,2,2,1,2,3,3,4,4,3,3,2,2,5,5,5,5,1,1,1,1,5,1,1,1,5,5,5,5,5,1,1,1,1,5,2,5,5,2,2,5,5,5,5,5,1,5,2,2,5,5,5,5,5,5,5,2,2,2,2,1,5,5,5,5,2,3,3,5,5,5,2,5,5,5,5,5,5,5,5,5,5,4,4,5,5,5,5,3,3,3,3,3,3,3,3,2,2,2,2,2,2,2,2","0.000743865966796875","leiden","edit-xhwikibooks.graphml"
"0.41","0.23","0.36","0.413064677499019","1,1,1,2,3,2,3,2,2,2,3,3,2,2,2,2,2,3,4,3,5,1,2,2,2,2,2,2,1,2,3,4,3,3,4,4,2,2,5,5,5,5,1,1,1,1,5,1,1,1,5,5,5,5,5,1,1,1,1,5,2,5,5,2,2,5,5,5,5,5,1,5,2,2,5,5,5,5,5,5,5,2,2,2,2,1,5,5,5,5,2,3,4,5,5,5,2,5,5,5,5,5,5,5,5,5,5,3,3,5,5,5,5,4,4,4,4,4,4,4,4,2,2,2,2,2,2,2,2","0.000764131546020508","leiden","edit-xhwikibooks.graphml"
"0.4","0.24","0.36","0.412968110839528","1,1,1,2,1,2,3,2,2,2,3,4,2,2,2,2,2,3,3,4,5,1,2,2,2,2,2,2,1,2,3,3,4,4,3,3,2,2,5,5,5,5,1,1,1,1,5,1,1,1,5,5,5,5,5,1,1,1,1,5,2,5,5,2,2,5,5,5,5,5,1,5,2,2,5,5,5,5,5,5,5,2,2,2,2,1,5,5,5,5,2,3,3,5,5,5,2,5,5,5,5,5,5,5,5,5,5,4,4,5,5,5,5,3,3,3,3,3,3,3,3,2,2,2,2,2,2,2,2","0.000734090805053711","leiden","edit-xhwikibooks.graphml"
"0.39","0.25","0.36","0.415327448317489","1,1,1,2,3,2,3,2,2,2,3,3,2,2,2,2,2,3,4,3,5,1,2,2,2,2,2,2,1,2,3,4,3,3,4,4,2,2,5,5,5,5,1,1,1,1,5,1,1,1,5,5,5,5,5,1,1,1,1,5,2,5,5,2,2,5,5,5,5,5,1,5,2,2,5,5,5,5,5,5,5,2,2,2,2,1,5,5,5,5,2,3,4,5,5,5,2,5,5,5,5,5,5,5,5,5,5,3,3,5,5,5,5,4,4,4,4,4,4,4,4,2,2,2,2,2,2,2,2","0.000731945037841797","leiden","edit-xhwikibooks.graphml"
"0.38","0.26","0.36","0.415209559378301","1,1,1,2,1,2,3,2,2,2,3,4,2,2,2,2,2,3,3,4,5,1,2,2,2,2,2,2,1,2,3,3,4,4,3,3,2,2,5,5,5,5,1,1,1,1,5,1,1,1,5,5,5,5,5,1,1,1,1,5,2,5,5,2,2,5,5,5,5,5,1,5,2,2,5,5,5,5,5,5,5,2,2,2,2,1,5,5,5,5,2,3,3,5,5,5,2,5,5,5,5,5,5,5,5,5,5,4,4,5,5,5,5,3,3,3,3,3,3,3,3,2,2,2,2,2,2,2,2","0.000769138336181641","leiden","edit-xhwikibooks.graphml"
"0.37","0.27","0.36","0.415327448317489","1,1,1,2,3,2,3,2,2,2,3,3,2,2,2,2,2,3,4,3,5,1,2,2,2,2,2,2,1,2,3,4,3,3,4,4,2,2,5,5,5,5,1,1,1,1,5,1,1,1,5,5,5,5,5,1,1,1,1,5,2,5,5,2,2,5,5,5,5,5,1,5,2,2,5,5,5,5,5,5,5,2,2,2,2,1,5,5,5,5,2,3,4,5,5,5,2,5,5,5,5,5,5,5,5,5,5,3,3,5,5,5,5,4,4,4,4,4,4,4,4,2,2,2,2,2,2,2,2","0.000799179077148438","leiden","edit-xhwikibooks.graphml"
"0.36","0.28","0.36","0.415905709139322","1,1,1,2,3,2,3,2,2,2,3,3,2,2,2,2,2,3,4,3,5,1,2,2,2,2,2,2,1,2,3,4,3,3,4,4,2,2,5,5,5,5,1,1,1,1,5,1,1,1,5,5,5,5,5,1,1,1,1,5,2,5,5,2,2,5,5,5,5,5,1,5,2,2,5,5,5,5,5,5,5,2,2,2,2,1,5,5,5,5,2,3,4,5,5,5,2,5,5,5,5,5,5,5,5,5,5,3,3,5,5,5,5,4,4,4,4,4,4,4,4,2,2,2,2,2,2,2,2","0.000771999359130859","leiden","edit-xhwikibooks.graphml"
"0.35","0.29","0.36","0.41775820244676","1,1,1,2,1,2,3,2,2,2,3,4,2,2,2,2,2,3,3,4,5,1,2,2,2,2,2,2,1,2,3,3,4,4,3,3,2,2,5,5,5,5,1,1,1,1,5,1,1,1,5,5,5,5,5,1,1,1,1,5,2,5,5,2,2,5,5,5,5,5,1,5,2,2,5,5,5,5,5,5,5,2,2,2,2,1,5,5,5,5,2,3,3,5,5,5,2,5,5,5,5,5,5,5,5,5,5,4,4,5,5,5,5,3,3,3,3,3,3,3,3,2,2,2,2,2,2,2,2","0.00079798698425293","leiden","edit-xhwikibooks.graphml"
"0.34","0.3","0.36","0.417476182746694","1,1,1,2,1,2,3,2,2,2,3,4,2,2,2,2,2,3,3,4,5,1,2,2,2,2,2,2,1,2,3,3,4,4,3,3,2,2,5,5,5,5,1,1,1,1,5,1,1,1,5,5,5,5,5,1,1,1,1,5,2,5,5,2,2,5,5,5,5,5,1,5,2,2,5,5,5,5,5,5,5,2,2,2,2,1,5,5,5,5,2,3,3,5,5,5,2,5,5,5,5,5,5,5,5,5,5,4,4,5,5,5,5,3,3,3,3,3,3,3,3,2,2,2,2,2,2,2,2","0.000956058502197266","leiden","edit-xhwikibooks.graphml"
"0.33","0.31","0.36","0.418328738502862","1,1,1,2,3,2,3,2,2,2,3,4,2,2,2,2,2,3,3,4,5,1,2,2,2,2,2,2,1,2,3,3,4,4,3,3,2,2,5,5,5,5,1,1,1,1,5,1,1,1,5,5,5,5,5,1,1,1,1,5,2,5,5,2,2,5,5,5,5,5,1,5,2,2,5,5,5,5,5,5,5,2,2,2,2,1,5,5,5,5,2,3,3,5,5,5,2,5,5,5,5,5,5,5,5,5,5,4,4,5,5,5,5,3,3,3,3,3,3,3,3,2,2,2,2,2,2,2,2","0.000762939453125","leiden","edit-xhwikibooks.graphml"
"0.32","0.32","0.36","0.418046962726563","1,1,1,2,3,2,3,2,2,2,3,4,2,2,2,2,2,3,3,4,5,1,2,2,2,2,2,2,1,2,3,3,4,4,3,3,2,2,5,5,5,5,1,1,1,1,5,1,1,1,5,5,5,5,5,1,1,1,1,5,2,5,5,2,2,5,5,5,5,5,1,5,2,2,5,5,5,5,5,5,5,2,2,2,2,1,5,5,5,5,2,3,3,5,5,5,2,5,5,5,5,5,5,5,5,5,5,4,4,5,5,5,5,3,3,3,3,3,3,3,3,2,2,2,2,2,2,2,2","0.000738859176635742","leiden","edit-xhwikibooks.graphml"
"0.31","0.33","0.36","0.403156353977981","1,1,1,2,1,2,3,2,2,2,3,4,2,2,2,2,2,3,3,4,5,1,2,2,2,2,2,2,1,2,3,3,4,4,3,3,2,2,5,5,5,5,1,1,1,1,5,1,1,1,5,5,5,5,5,1,1,1,1,5,2,5,5,2,2,5,5,5,5,5,1,5,2,2,5,5,5,5,5,5,5,2,2,2,2,1,5,5,5,5,2,3,3,5,5,5,2,5,5,5,5,5,5,5,5,5,5,4,4,5,5,5,5,3,3,3,3,3,3,3,3,2,2,2,2,2,2,2,2","0.000737905502319336","leiden","edit-xhwikibooks.graphml"
"0.3","0.34","0.36","0.415493045832385","1,1,1,2,3,2,3,2,2,2,3,3,2,2,2,2,2,3,4,3,5,1,2,2,2,2,2,2,1,2,3,4,3,3,4,4,2,2,5,5,5,5,1,1,1,1,5,1,1,1,5,5,5,5,5,1,1,1,1,5,2,5,5,2,2,5,5,5,5,5,1,5,2,2,5,5,5,5,5,5,5,2,2,2,2,1,5,5,5,5,2,3,4,5,5,5,2,5,5,5,5,5,5,5,5,5,5,3,3,5,5,5,5,4,4,4,4,4,4,4,4,2,2,2,2,2,2,2,2","0.000745058059692383","leiden","edit-xhwikibooks.graphml"
"0.29","0.35","0.36","0.415493045832385","1,1,1,2,3,2,3,2,2,2,3,3,2,2,2,2,2,3,4,3,5,1,2,2,2,2,2,2,1,2,3,4,3,3,4,4,2,2,5,5,5,5,1,1,1,1,5,1,1,1,5,5,5,5,5,1,1,1,1,5,2,5,5,2,2,5,5,5,5,5,1,5,2,2,5,5,5,5,5,5,5,2,2,2,2,1,5,5,5,5,2,3,4,5,5,5,2,5,5,5,5,5,5,5,5,5,5,3,3,5,5,5,5,4,4,4,4,4,4,4,4,2,2,2,2,2,2,2,2","0.000751972198486328","leiden","edit-xhwikibooks.graphml"
"0.28","0.36","0.36","0.41521034411717","1,1,1,2,3,2,3,2,2,2,3,3,2,2,2,2,2,3,4,3,5,1,2,2,2,2,2,2,1,2,3,4,3,3,4,4,2,2,5,5,5,5,1,1,1,1,5,1,1,1,5,5,5,5,5,1,1,1,1,5,2,5,5,2,2,5,5,5,5,5,1,5,2,2,5,5,5,5,5,5,5,2,2,2,2,1,5,5,5,5,2,3,4,5,5,5,2,5,5,5,5,5,5,5,5,5,5,3,3,5,5,5,5,4,4,4,4,4,4,4,4,2,2,2,2,2,2,2,2","0.000738859176635742","leiden","edit-xhwikibooks.graphml"
"0.27","0.37","0.36","0.411391177055169","1,1,1,2,3,2,3,2,2,2,3,3,2,2,2,2,2,3,4,3,5,1,2,2,2,2,2,2,1,2,3,4,3,3,4,4,2,2,5,5,5,5,1,1,1,1,5,1,1,1,5,5,5,5,5,1,1,1,1,5,6,5,5,2,2,5,5,5,5,5,1,5,2,2,5,5,5,5,5,5,5,2,2,2,2,7,5,5,5,5,8,9,10,5,5,5,2,5,5,5,5,5,5,5,5,5,5,3,3,5,5,5,5,4,4,4,4,4,4,4,4,2,2,2,2,2,2,2,2","0.000802993774414062","leiden","edit-xhwikibooks.graphml"
"0.26","0.38","0.36","0.410954320387929","1,1,1,2,1,2,3,2,2,2,3,4,2,2,2,2,2,3,3,4,5,1,2,2,2,2,2,2,1,2,3,3,4,4,3,3,2,2,5,5,5,5,1,1,1,1,5,1,1,1,5,5,5,5,5,1,1,1,1,5,6,5,5,2,2,5,5,5,5,5,1,5,2,2,5,5,5,5,5,5,5,2,2,2,2,7,5,5,5,5,8,9,10,5,5,5,2,5,5,5,5,5,5,5,5,5,5,4,4,5,5,5,5,3,3,3,3,3,3,3,3,2,2,2,2,2,2,2,2","0.000807046890258789","leiden","edit-xhwikibooks.graphml"
"0.25","0.39","0.36","0.411995906896031","1,1,1,2,3,2,3,2,2,2,3,3,2,2,2,2,2,3,4,3,5,1,2,2,2,2,2,2,1,2,3,4,3,3,4,4,2,2,5,5,5,5,1,1,1,1,5,1,1,1,5,5,5,5,5,1,1,1,1,5,6,5,5,2,2,5,5,5,5,5,1,5,2,2,5,5,5,5,5,5,5,2,2,2,2,7,5,5,5,5,8,9,10,5,5,5,2,5,5,5,5,5,5,5,5,5,5,3,3,5,5,5,5,4,4,4,4,4,4,4,4,2,2,2,2,2,2,2,2","0.000795125961303711","leiden","edit-xhwikibooks.graphml"
"0.24","0.4","0.36","0.413221635118644","1,1,1,2,1,2,3,2,2,2,3,4,2,2,2,2,2,3,3,4,5,1,2,2,2,2,2,2,1,2,3,3,4,4,3,3,2,2,5,5,5,5,1,1,1,1,5,1,1,1,5,5,5,5,5,1,1,1,1,5,6,5,5,2,2,5,5,5,5,5,1,5,2,2,5,5,5,5,5,5,5,2,2,2,2,7,5,5,5,5,8,9,10,5,5,5,2,5,5,5,5,5,5,5,5,5,5,4,4,5,5,5,5,3,3,3,3,3,3,3,3,2,2,2,2,2,2,2,2","0.000774860382080078","leiden","edit-xhwikibooks.graphml"
"0.23","0.41","0.36","0.413373297028287","1,1,1,2,3,2,3,2,2,2,3,3,2,2,2,2,2,3,4,3,5,1,2,2,2,2,2,2,1,2,3,4,3,3,4,4,2,2,5,5,5,5,1,1,1,1,5,1,1,1,5,5,5,5,5,1,1,1,1,5,6,5,5,2,2,5,5,5,5,5,1,5,2,2,5,5,5,5,5,5,5,2,2,2,2,7,5,5,5,5,8,9,10,5,5,5,2,5,5,5,5,5,5,5,5,5,5,3,3,5,5,5,5,4,4,4,4,4,4,4,4,2,2,2,2,2,2,2,2","0.000795125961303711","leiden","edit-xhwikibooks.graphml"
"0.22","0.42","0.36","0.413091217270786","1,1,1,2,3,2,3,2,2,2,3,3,2,2,2,2,2,3,4,3,5,1,2,2,2,2,2,2,1,2,3,4,3,3,4,4,2,2,5,5,5,5,1,1,1,1,5,1,1,1,5,5,5,5,5,1,1,1,1,5,6,5,5,2,2,5,5,5,5,5,1,5,2,2,5,5,5,5,5,5,5,2,2,2,2,7,5,5,5,5,8,9,10,5,5,5,2,5,5,5,5,5,5,5,5,5,5,3,3,5,5,5,5,4,4,4,4,4,4,4,4,2,2,2,2,2,2,2,2","0.000807046890258789","leiden","edit-xhwikibooks.graphml"
"0.21","0.43","0.36","0.414631604813851","1,1,1,2,1,2,3,2,2,2,3,4,2,2,2,2,2,3,3,4,5,1,2,2,2,2,2,2,1,2,3,3,4,4,3,3,2,2,5,5,5,5,1,1,1,1,5,1,1,1,5,5,5,5,5,1,1,1,1,5,6,5,5,2,2,5,5,5,5,5,1,5,2,2,5,5,5,5,5,5,5,2,2,2,2,7,5,5,5,5,8,9,10,5,5,5,2,5,5,5,5,5,5,5,5,5,5,4,4,5,5,5,5,3,3,3,3,3,3,3,3,2,2,2,2,2,2,2,2","0.000798940658569336","leiden","edit-xhwikibooks.graphml"
"0.2","0.44","0.36","0.412495005556319","1,1,1,2,3,2,3,2,2,2,3,3,2,2,2,2,2,3,4,3,5,1,2,2,2,2,2,2,1,2,3,4,3,3,4,4,2,2,5,5,5,5,1,1,1,1,5,1,1,1,5,5,5,5,5,1,1,1,1,5,6,5,5,2,2,5,5,5,5,5,1,5,2,2,5,5,5,5,5,5,5,2,2,2,2,7,5,5,5,5,8,9,10,5,5,5,2,5,5,5,5,5,5,5,5,5,5,3,3,5,5,5,5,4,4,4,4,4,4,4,4,2,2,2,2,2,2,2,2","0.000775814056396484","leiden","edit-xhwikibooks.graphml"
"0.19","0.45","0.36","0.414197686390514","1,1,1,2,3,2,3,2,2,2,3,3,2,2,2,2,2,3,4,3,5,1,2,2,2,2,2,2,1,2,3,4,3,3,4,4,2,2,5,5,5,5,1,1,1,1,5,1,1,1,5,5,5,5,5,1,1,1,1,5,6,5,5,2,2,5,5,5,5,5,1,5,2,2,5,5,5,5,5,5,5,2,2,2,2,7,5,5,5,5,8,9,10,5,5,5,2,5,5,5,5,5,5,5,5,5,5,3,3,5,5,5,5,4,4,4,4,4,4,4,4,2,2,2,2,2,2,2,2","0.000793218612670898","leiden","edit-xhwikibooks.graphml"
"0.18","0.46","0.36","0.41391604727435","1,1,1,2,3,2,3,2,2,2,3,3,2,2,2,2,2,3,4,3,5,1,2,2,2,2,2,2,1,2,3,4,3,3,4,4,2,2,5,5,5,5,1,1,1,1,5,1,1,1,5,5,5,5,5,1,1,1,1,5,6,5,5,2,2,5,5,5,5,5,1,5,2,2,5,5,5,5,5,5,5,2,2,2,2,7,5,5,5,5,8,9,10,5,5,5,2,5,5,5,5,5,5,5,5,5,5,3,3,5,5,5,5,4,4,4,4,4,4,4,4,2,2,2,2,2,2,2,2","0.000930070877075195","leiden","edit-xhwikibooks.graphml"
"0.17","0.47","0.36","0.414792451894465","1,1,1,2,3,2,3,2,2,2,3,3,2,2,2,2,2,3,4,3,5,1,2,2,2,2,2,2,1,2,3,4,3,3,4,4,2,2,5,5,5,5,1,1,1,1,5,1,1,1,5,5,5,5,5,1,1,1,1,5,6,5,5,2,2,5,5,5,5,5,1,5,2,2,5,5,5,5,5,5,5,2,2,2,2,7,5,5,5,5,8,9,10,5,5,5,2,5,5,5,5,5,5,5,5,5,5,3,3,5,5,5,5,4,4,4,4,4,4,4,4,2,2,2,2,2,2,2,2","0.000817775726318359","leiden","edit-xhwikibooks.graphml"
"0.16","0.48","0.36","0.414511022464183","1,1,1,2,3,2,3,2,2,2,3,3,2,2,2,2,2,3,4,3,5,1,2,2,2,2,2,2,1,2,3,4,3,3,4,4,2,2,5,5,5,5,1,1,1,1,5,1,1,1,5,5,5,5,5,1,1,1,1,5,6,5,5,2,2,5,5,5,5,5,1,5,2,2,5,5,5,5,5,5,5,2,2,2,2,7,5,5,5,5,8,9,10,5,5,5,2,5,5,5,5,5,5,5,5,5,5,3,3,5,5,5,5,4,4,4,4,4,4,4,4,2,2,2,2,2,2,2,2","0.000797033309936523","leiden","edit-xhwikibooks.graphml"
"0.15","0.49","0.36","0.414511022464183","1,1,1,2,3,2,3,2,2,2,3,3,2,2,2,2,2,3,4,3,5,1,2,2,2,2,2,2,1,2,3,4,3,3,4,4,2,2,5,5,5,5,1,1,1,1,5,1,1,1,5,5,5,5,5,1,1,1,1,5,6,5,5,2,2,5,5,5,5,5,1,5,2,2,5,5,5,5,5,5,5,2,2,2,2,7,5,5,5,5,8,9,10,5,5,5,2,5,5,5,5,5,5,5,5,5,5,3,3,5,5,5,5,4,4,4,4,4,4,4,4,2,2,2,2,2,2,2,2","0.000812053680419922","leiden","edit-xhwikibooks.graphml"
"0.14","0.5","0.36","0.44893581385761","1,1,1,2,3,2,3,2,2,2,3,3,2,2,2,4,2,3,5,3,6,1,2,2,2,2,2,4,1,2,3,5,3,3,5,5,2,2,6,6,6,6,1,1,1,1,6,1,1,1,6,6,6,6,6,1,1,1,1,6,7,6,6,2,2,6,6,6,6,6,1,6,2,2,6,6,6,6,6,6,6,2,4,4,4,8,6,6,6,6,9,10,11,6,6,6,4,6,6,6,6,6,6,6,6,6,6,3,3,6,6,6,6,5,5,5,5,5,5,5,5,2,2,2,2,2,2,2,2","0.000824213027954102","leiden","edit-xhwikibooks.graphml"
"0.13","0.51","0.36","0.44893581385761","1,1,1,2,3,2,3,2,2,2,3,3,2,2,2,4,2,3,5,3,6,1,2,2,2,2,2,4,1,2,3,5,3,3,5,5,2,2,6,6,6,6,1,1,1,1,6,1,1,1,6,6,6,6,6,1,1,1,1,6,7,6,6,2,2,6,6,6,6,6,1,6,2,2,6,6,6,6,6,6,6,2,4,4,4,8,6,6,6,6,9,10,11,6,6,6,4,6,6,6,6,6,6,6,6,6,6,3,3,6,6,6,6,5,5,5,5,5,5,5,5,2,2,2,2,2,2,2,2","0.000833034515380859","leiden","edit-xhwikibooks.graphml"
"0.12","0.52","0.36","0.44893581385761","1,1,1,2,3,2,3,2,2,2,3,3,2,2,2,4,2,3,5,3,6,1,2,2,2,2,2,4,1,2,3,5,3,3,5,5,2,2,6,6,6,6,1,1,1,1,6,1,1,1,6,6,6,6,6,1,1,1,1,6,7,6,6,2,2,6,6,6,6,6,1,6,2,2,6,6,6,6,6,6,6,2,4,4,4,8,6,6,6,6,9,10,11,6,6,6,4,6,6,6,6,6,6,6,6,6,6,3,3,6,6,6,6,5,5,5,5,5,5,5,5,2,2,2,2,2,2,2,2","0.000840902328491211","leiden","edit-xhwikibooks.graphml"
"0.11","0.53","0.36","0.447751364550417","1,1,1,2,3,2,3,4,4,2,3,3,4,4,4,2,2,3,5,3,6,1,4,4,4,4,4,2,1,2,3,5,3,3,5,5,4,4,6,6,6,6,1,1,1,1,6,1,1,1,6,6,6,6,6,1,1,1,1,6,7,6,6,4,4,6,6,6,6,6,1,6,4,4,6,6,6,6,6,6,6,4,2,2,2,8,6,6,6,6,9,10,11,6,6,6,2,6,6,6,6,6,6,6,6,6,6,3,3,6,6,6,6,5,5,5,5,5,5,5,5,4,4,4,4,4,4,4,4","0.000854969024658203","leiden","edit-xhwikibooks.graphml"
"0.1","0.54","0.36","0.448537061188261","1,1,1,2,3,2,3,4,4,2,3,3,4,4,4,2,2,3,5,3,6,1,4,4,4,4,4,2,1,2,3,5,3,3,5,5,4,4,6,6,6,6,1,1,1,1,6,1,1,1,6,6,6,6,6,1,1,1,1,6,7,6,6,4,4,6,6,6,6,6,1,6,4,4,6,6,6,6,6,6,6,4,2,2,2,8,6,6,6,6,9,10,11,6,6,6,2,6,6,6,6,6,6,6,6,6,6,3,3,6,6,6,6,5,5,5,5,5,5,5,5,4,4,4,4,4,4,4,4","0.000833034515380859","leiden","edit-xhwikibooks.graphml"
"0.09","0.55","0.36","0.44903175373297","1,1,1,2,3,2,3,4,4,2,3,3,4,4,4,2,2,3,5,3,6,1,4,4,4,4,4,2,1,2,3,5,3,3,5,5,4,4,6,6,6,6,1,1,1,1,6,1,1,1,6,6,6,6,6,1,1,1,1,6,7,6,6,4,4,6,6,6,6,6,1,6,4,4,6,6,6,6,6,6,6,4,2,2,2,8,6,6,6,6,9,10,11,6,6,6,2,6,6,6,6,6,6,6,6,6,6,3,3,6,6,6,6,5,5,5,5,5,5,5,5,4,4,4,4,4,4,4,4","0.000900030136108398","leiden","edit-xhwikibooks.graphml"
"0.08","0.56","0.36","0.450092043653973","1,1,1,2,3,2,3,2,2,2,3,3,2,2,2,4,2,3,5,3,6,1,2,2,2,2,2,4,1,2,3,5,3,3,5,5,2,2,6,6,6,6,1,1,1,1,6,1,1,1,6,6,6,6,6,1,1,1,1,6,7,6,6,2,2,6,6,6,6,6,1,6,2,2,6,6,6,6,6,6,6,2,4,4,4,8,6,6,6,6,9,10,11,6,6,6,4,6,6,6,6,6,6,6,6,6,6,3,3,6,6,6,6,5,5,5,5,5,5,5,5,2,2,2,2,2,2,2,2","0.000823020935058594","leiden","edit-xhwikibooks.graphml"
"0.07","0.57","0.36","0.450247263606608","1,1,1,2,3,2,3,4,4,2,3,3,4,4,4,2,2,3,5,3,6,1,4,4,4,4,4,2,1,2,3,5,3,3,5,5,4,4,6,6,6,6,1,1,1,1,6,1,1,1,6,6,6,6,6,1,1,1,1,6,7,6,6,4,4,6,6,6,6,6,1,6,4,4,6,6,6,6,6,6,6,4,2,2,2,8,6,6,6,6,9,10,11,6,6,6,2,6,6,6,6,6,6,6,6,6,6,3,3,6,6,6,6,5,5,5,5,5,5,5,5,4,4,4,4,4,4,4,4","0.000806093215942383","leiden","edit-xhwikibooks.graphml"
"0.06","0.58","0.36","0.451282252944711","1,1,1,2,3,2,3,2,2,2,3,3,2,2,2,4,2,3,5,3,6,1,2,2,2,2,2,4,1,2,3,5,3,3,5,5,2,2,6,6,6,6,1,1,1,1,6,1,1,1,6,6,6,6,6,1,1,1,1,6,7,6,6,2,2,6,6,6,6,6,1,6,2,2,6,6,6,6,6,6,6,2,4,4,4,8,6,6,6,6,9,10,11,6,6,6,4,6,6,6,6,6,6,6,6,6,6,3,3,6,6,6,6,5,5,5,5,5,5,5,5,2,2,2,2,2,2,2,2","0.000974893569946289","leiden","edit-xhwikibooks.graphml"
"0.05","0.59","0.36","0.450997403306593","1,1,1,2,3,2,3,2,2,2,3,3,2,2,2,4,2,3,5,3,6,1,2,2,2,2,2,4,1,2,3,5,3,3,5,5,2,2,6,6,6,6,1,1,1,1,6,1,1,1,6,6,6,6,6,1,1,1,1,6,7,6,6,2,2,6,6,6,6,6,1,6,2,2,6,6,6,6,6,6,6,2,4,4,4,8,6,6,6,6,9,10,11,6,6,6,4,6,6,6,6,6,6,6,6,6,6,3,3,6,6,6,6,5,5,5,5,5,5,5,5,2,2,2,2,2,2,2,2","0.000813961029052734","leiden","edit-xhwikibooks.graphml"
"0.04","0.6","0.36","0.453055768811849","1,1,1,2,3,2,3,4,4,2,3,3,4,4,4,2,2,3,5,3,6,1,4,4,4,4,4,2,1,2,3,5,3,3,5,5,4,4,6,6,6,6,1,1,1,1,6,1,1,1,6,6,6,6,6,1,1,1,1,6,7,6,6,4,4,6,6,6,6,6,1,6,4,4,6,6,6,6,6,6,6,4,2,2,2,8,6,6,6,6,9,10,11,6,6,6,2,6,6,6,6,6,6,6,6,6,6,3,3,6,6,6,6,5,5,5,5,5,5,5,5,4,4,4,4,4,4,4,4","0.000867843627929688","leiden","edit-xhwikibooks.graphml"
"0.03","0.61","0.36","0.450537270083701","1,1,1,2,3,2,3,4,4,2,3,3,4,4,4,2,2,3,5,3,6,1,4,4,4,4,4,2,1,2,3,5,3,3,5,5,4,4,6,6,6,6,1,1,1,1,6,1,1,1,6,6,6,6,6,1,1,1,1,6,7,6,6,4,4,6,6,6,6,6,1,6,4,4,6,6,6,6,6,6,6,4,2,2,2,8,6,6,6,6,9,10,11,6,6,6,2,6,6,6,6,6,6,6,6,6,6,3,3,6,6,6,6,5,5,5,5,5,5,5,5,4,4,4,4,4,4,4,4","0.000813007354736328","leiden","edit-xhwikibooks.graphml"
"0.02","0.62","0.36","0.45131064190382","1,1,1,2,3,2,3,4,4,2,3,3,4,4,4,2,2,3,5,3,6,1,4,4,4,4,4,2,1,2,3,5,3,3,5,5,4,4,6,6,6,6,1,1,1,1,6,1,1,1,6,6,6,6,6,1,1,1,1,6,7,6,6,4,4,6,6,6,6,6,1,6,4,4,6,6,6,6,6,6,6,4,2,2,2,8,6,6,6,6,9,10,11,6,6,6,2,6,6,6,6,6,6,6,6,6,6,3,3,6,6,6,6,5,5,5,5,5,5,5,5,4,4,4,4,4,4,4,4","0.000811100006103516","leiden","edit-xhwikibooks.graphml"
"0.01","0.63","0.36","0.451024017945958","1,1,1,2,3,2,3,4,4,2,3,3,4,4,4,2,2,3,5,3,6,1,4,4,4,4,4,2,1,2,3,5,3,3,5,5,4,4,6,6,6,6,1,1,1,1,6,1,1,1,6,6,6,6,6,1,1,1,1,6,7,6,6,4,4,6,6,6,6,6,1,6,4,4,6,6,6,6,6,6,6,4,2,2,2,8,6,6,6,6,9,10,11,6,6,6,2,6,6,6,6,6,6,6,6,6,6,3,3,6,6,6,6,5,5,5,5,5,5,5,5,4,4,4,4,4,4,4,4","0.000845909118652344","leiden","edit-xhwikibooks.graphml"
"0","0.64","0.36","0.452626595243603","1,1,1,1,1,2,3,2,2,2,3,3,2,2,2,4,2,3,5,3,6,1,2,2,2,2,2,4,1,2,3,5,3,3,5,5,2,2,6,6,6,6,1,1,1,1,6,1,1,1,6,6,6,6,6,1,1,1,1,6,7,6,6,2,2,6,6,6,6,6,1,6,2,2,6,6,6,6,6,6,6,2,4,4,4,8,6,6,6,6,9,10,11,6,6,6,4,6,6,6,6,6,6,6,6,6,6,3,3,6,6,6,6,5,5,5,5,5,5,5,5,2,2,2,2,2,2,2,2","0.000874996185302734","leiden","edit-xhwikibooks.graphml"
"0.63","0","0.37","0.412873812845444","1,1,2,2,2,3,2,3,3,3,2,2,3,3,3,3,3,2,4,2,5,1,3,3,3,3,3,3,1,3,2,4,2,2,4,4,3,3,5,5,5,5,1,1,1,1,5,1,1,1,5,5,5,5,5,1,1,1,1,5,3,5,5,3,3,5,5,5,5,5,1,5,3,3,5,5,5,5,5,5,5,3,3,3,3,1,5,5,5,5,3,2,4,5,5,5,3,5,5,5,5,5,5,5,5,5,5,2,2,5,5,5,5,4,4,4,4,4,4,4,4,3,3,3,3,3,3,3,3","0.000844955444335938","leiden","edit-xhwikibooks.graphml"
"0.62","0.01","0.37","0.412873812845444","1,1,2,2,2,3,2,3,3,3,2,2,3,3,3,3,3,2,4,2,5,1,3,3,3,3,3,3,1,3,2,4,2,2,4,4,3,3,5,5,5,5,1,1,1,1,5,1,1,1,5,5,5,5,5,1,1,1,1,5,3,5,5,3,3,5,5,5,5,5,1,5,3,3,5,5,5,5,5,5,5,3,3,3,3,1,5,5,5,5,3,2,4,5,5,5,3,5,5,5,5,5,5,5,5,5,5,2,2,5,5,5,5,4,4,4,4,4,4,4,4,3,3,3,3,3,3,3,3","0.000803947448730469","leiden","edit-xhwikibooks.graphml"
"0.61","0.02","0.37","0.412873812845444","1,1,2,2,2,3,2,3,3,3,2,2,3,3,3,3,3,2,4,2,5,1,3,3,3,3,3,3,1,3,2,4,2,2,4,4,3,3,5,5,5,5,1,1,1,1,5,1,1,1,5,5,5,5,5,1,1,1,1,5,3,5,5,3,3,5,5,5,5,5,1,5,3,3,5,5,5,5,5,5,5,3,3,3,3,1,5,5,5,5,3,2,4,5,5,5,3,5,5,5,5,5,5,5,5,5,5,2,2,5,5,5,5,4,4,4,4,4,4,4,4,3,3,3,3,3,3,3,3","0.000787019729614258","leiden","edit-xhwikibooks.graphml"
"0.6","0.03","0.37","0.412601267923913","1,1,2,2,2,3,2,3,3,3,2,2,3,3,3,3,3,2,4,2,5,1,3,3,3,3,3,3,1,3,2,4,2,2,4,4,3,3,5,5,5,5,1,1,1,1,5,1,1,1,5,5,5,5,5,1,1,1,1,5,3,5,5,3,3,5,5,5,5,5,1,5,3,3,5,5,5,5,5,5,5,3,3,3,3,1,5,5,5,5,3,2,4,5,5,5,3,5,5,5,5,5,5,5,5,5,5,2,2,5,5,5,5,4,4,4,4,4,4,4,4,3,3,3,3,3,3,3,3","0.000802040100097656","leiden","edit-xhwikibooks.graphml"
"0.59","0.04","0.37","0.412601267923913","1,1,2,2,2,3,2,3,3,3,2,2,3,3,3,3,3,2,4,2,5,1,3,3,3,3,3,3,1,3,2,4,2,2,4,4,3,3,5,5,5,5,1,1,1,1,5,1,1,1,5,5,5,5,5,1,1,1,1,5,3,5,5,3,3,5,5,5,5,5,1,5,3,3,5,5,5,5,5,5,5,3,3,3,3,1,5,5,5,5,3,2,4,5,5,5,3,5,5,5,5,5,5,5,5,5,5,2,2,5,5,5,5,4,4,4,4,4,4,4,4,3,3,3,3,3,3,3,3","0.00119590759277344","leiden","edit-xhwikibooks.graphml"
"0.58","0.05","0.37","0.412329051862414","1,1,2,2,2,3,2,3,3,3,2,2,3,3,3,3,3,2,4,2,5,1,3,3,3,3,3,3,1,3,2,4,2,2,4,4,3,3,5,5,5,5,1,1,1,1,5,1,1,1,5,5,5,5,5,1,1,1,1,5,3,5,5,3,3,5,5,5,5,5,1,5,3,3,5,5,5,5,5,5,5,3,3,3,3,1,5,5,5,5,3,2,4,5,5,5,3,5,5,5,5,5,5,5,5,5,5,2,2,5,5,5,5,4,4,4,4,4,4,4,4,3,3,3,3,3,3,3,3","0.00102806091308594","leiden","edit-xhwikibooks.graphml"
"0.57","0.06","0.37","0.412329051862414","1,1,2,2,2,3,2,3,3,3,2,2,3,3,3,3,3,2,4,2,5,1,3,3,3,3,3,3,1,3,2,4,2,2,4,4,3,3,5,5,5,5,1,1,1,1,5,1,1,1,5,5,5,5,5,1,1,1,1,5,3,5,5,3,3,5,5,5,5,5,1,5,3,3,5,5,5,5,5,5,5,3,3,3,3,1,5,5,5,5,3,2,4,5,5,5,3,5,5,5,5,5,5,5,5,5,5,2,2,5,5,5,5,4,4,4,4,4,4,4,4,3,3,3,3,3,3,3,3","0.000993967056274414","leiden","edit-xhwikibooks.graphml"
"0.56","0.07","0.37","0.412057164167409","1,1,2,2,2,3,2,3,3,3,2,2,3,3,3,3,3,2,4,2,5,1,3,3,3,3,3,3,1,3,2,4,2,2,4,4,3,3,5,5,5,5,1,1,1,1,5,1,1,1,5,5,5,5,5,1,1,1,1,5,3,5,5,3,3,5,5,5,5,5,1,5,3,3,5,5,5,5,5,5,5,3,3,3,3,1,5,5,5,5,3,2,4,5,5,5,3,5,5,5,5,5,5,5,5,5,5,2,2,5,5,5,5,4,4,4,4,4,4,4,4,3,3,3,3,3,3,3,3","0.00100278854370117","leiden","edit-xhwikibooks.graphml"
"0.55","0.08","0.37","0.412095618003941","1,1,2,2,2,3,2,3,3,3,2,2,3,3,3,3,3,2,4,2,5,1,3,3,3,3,3,3,1,3,2,4,2,2,4,4,3,3,5,5,5,5,1,1,1,1,5,1,1,1,5,5,5,5,5,1,1,1,1,5,3,5,5,3,3,5,5,5,5,5,1,5,3,3,5,5,5,5,5,5,5,3,3,3,3,1,5,5,5,5,3,2,4,5,5,5,3,5,5,5,5,5,5,5,5,5,5,2,2,5,5,5,5,4,4,4,4,4,4,4,4,3,3,3,3,3,3,3,3","0.000811100006103516","leiden","edit-xhwikibooks.graphml"
"0.54","0.09","0.37","0.411823992756904","1,1,2,2,2,3,2,3,3,3,2,2,3,3,3,3,3,2,4,2,5,1,3,3,3,3,3,3,1,3,2,4,2,2,4,4,3,3,5,5,5,5,1,1,1,1,5,1,1,1,5,5,5,5,5,1,1,1,1,5,3,5,5,3,3,5,5,5,5,5,1,5,3,3,5,5,5,5,5,5,5,3,3,3,3,1,5,5,5,5,3,2,4,5,5,5,3,5,5,5,5,5,5,5,5,5,5,2,2,5,5,5,5,4,4,4,4,4,4,4,4,3,3,3,3,3,3,3,3","0.000808000564575195","leiden","edit-xhwikibooks.graphml"
"0.53","0.1","0.37","0.411823992756904","1,1,2,2,2,3,2,3,3,3,2,2,3,3,3,3,3,2,4,2,5,1,3,3,3,3,3,3,1,3,2,4,2,2,4,4,3,3,5,5,5,5,1,1,1,1,5,1,1,1,5,5,5,5,5,1,1,1,1,5,3,5,5,3,3,5,5,5,5,5,1,5,3,3,5,5,5,5,5,5,5,3,3,3,3,1,5,5,5,5,3,2,4,5,5,5,3,5,5,5,5,5,5,5,5,5,5,2,2,5,5,5,5,4,4,4,4,4,4,4,4,3,3,3,3,3,3,3,3","0.000805854797363281","leiden","edit-xhwikibooks.graphml"
"0.52","0.11","0.37","0.411552695057615","1,1,2,2,2,3,2,3,3,3,2,2,3,3,3,3,3,2,4,2,5,1,3,3,3,3,3,3,1,3,2,4,2,2,4,4,3,3,5,5,5,5,1,1,1,1,5,1,1,1,5,5,5,5,5,1,1,1,1,5,3,5,5,3,3,5,5,5,5,5,1,5,3,3,5,5,5,5,5,5,5,3,3,3,3,1,5,5,5,5,3,2,4,5,5,5,3,5,5,5,5,5,5,5,5,5,5,2,2,5,5,5,5,4,4,4,4,4,4,4,4,3,3,3,3,3,3,3,3","0.000791072845458984","leiden","edit-xhwikibooks.graphml"
"0.51","0.12","0.37","0.401920147376625","1,1,1,2,1,2,3,2,2,2,3,4,2,2,2,2,2,3,3,4,5,1,2,2,2,2,2,2,1,2,3,3,4,4,3,3,2,2,5,5,5,5,1,1,1,1,5,1,1,1,5,5,5,5,5,1,1,1,1,5,2,5,5,2,2,5,5,5,5,5,1,5,2,2,5,5,5,5,5,5,5,2,2,2,2,1,5,5,5,5,2,3,3,5,5,5,2,5,5,5,5,5,5,5,5,5,5,4,4,5,5,5,5,3,3,3,3,3,3,3,3,2,2,2,2,2,2,2,2","0.000806093215942383","leiden","edit-xhwikibooks.graphml"
"0.5","0.13","0.37","0.402628505188459","1,1,1,2,3,2,3,2,2,2,3,3,2,2,2,2,2,3,4,3,5,1,2,2,2,2,2,2,1,2,3,4,3,3,4,4,2,2,5,5,5,5,1,1,1,1,5,1,1,1,5,5,5,5,5,1,1,1,1,5,2,5,5,2,2,5,5,5,5,5,1,5,2,2,5,5,5,5,5,5,5,2,2,2,2,1,5,5,5,5,2,3,4,5,5,5,2,5,5,5,5,5,5,5,5,5,5,3,3,5,5,5,5,4,4,4,4,4,4,4,4,2,2,2,2,2,2,2,2","0.000792980194091797","leiden","edit-xhwikibooks.graphml"
"0.49","0.14","0.37","0.402519646119763","1,1,1,2,1,2,3,2,2,2,3,4,2,2,2,2,2,3,3,4,5,1,2,2,2,2,2,2,1,2,3,3,4,4,3,3,2,2,5,5,5,5,1,1,1,1,5,1,1,1,5,5,5,5,5,1,1,1,1,5,2,5,5,2,2,5,5,5,5,5,1,5,2,2,5,5,5,5,5,5,5,2,2,2,2,1,5,5,5,5,2,3,3,5,5,5,2,5,5,5,5,5,5,5,5,5,5,4,4,5,5,5,5,3,3,3,3,3,3,3,3,2,2,2,2,2,2,2,2","0.000808954238891602","leiden","edit-xhwikibooks.graphml"
"0.48","0.15","0.37","0.403942451160248","1,1,1,2,1,2,3,2,2,2,3,4,2,2,2,2,2,3,3,4,5,1,2,2,2,2,2,2,1,2,3,3,4,4,3,3,2,2,5,5,5,5,1,1,1,1,5,1,1,1,5,5,5,5,5,1,1,1,1,5,2,5,5,2,2,5,5,5,5,5,1,5,2,2,5,5,5,5,5,5,5,2,2,2,2,1,5,5,5,5,2,3,3,5,5,5,2,5,5,5,5,5,5,5,5,5,5,4,4,5,5,5,5,3,3,3,3,3,3,3,3,2,2,2,2,2,2,2,2","0.000802040100097656","leiden","edit-xhwikibooks.graphml"
"0.47","0.16","0.37","0.404919278252611","1,1,1,2,3,2,3,2,2,2,3,3,2,2,2,2,2,3,4,3,5,1,2,2,2,2,2,2,1,2,3,4,3,3,4,4,2,2,5,5,5,5,1,1,1,1,5,1,1,1,5,5,5,5,5,1,1,1,1,5,2,5,5,2,2,5,5,5,5,5,1,5,2,2,5,5,5,5,5,5,5,2,2,2,2,1,5,5,5,5,2,3,4,5,5,5,2,5,5,5,5,5,5,5,5,5,5,3,3,5,5,5,5,4,4,4,4,4,4,4,4,2,2,2,2,2,2,2,2","0.000823020935058594","leiden","edit-xhwikibooks.graphml"
"0.46","0.17","0.37","0.405507053081573","1,1,1,2,3,2,3,2,2,2,3,3,2,2,2,2,2,3,4,3,5,1,2,2,2,2,2,2,1,2,3,4,3,3,4,4,2,2,5,5,5,5,1,1,1,1,5,1,1,1,5,5,5,5,5,1,1,1,1,5,2,5,5,2,2,5,5,5,5,5,1,5,2,2,5,5,5,5,5,5,5,2,2,2,2,1,5,5,5,5,2,3,4,5,5,5,2,5,5,5,5,5,5,5,5,5,5,3,3,5,5,5,5,4,4,4,4,4,4,4,4,2,2,2,2,2,2,2,2","0.000783920288085938","leiden","edit-xhwikibooks.graphml"
"0.45","0.18","0.37","0.405381833218791","1,1,1,2,1,2,3,2,2,2,3,4,2,2,2,2,2,3,3,4,5,1,2,2,2,2,2,2,1,2,3,3,4,4,3,3,2,2,5,5,5,5,1,1,1,1,5,1,1,1,5,5,5,5,5,1,1,1,1,5,2,5,5,2,2,5,5,5,5,5,1,5,2,2,5,5,5,5,5,5,5,2,2,2,2,1,5,5,5,5,2,3,3,5,5,5,2,5,5,5,5,5,5,5,5,5,5,4,4,5,5,5,5,3,3,3,3,3,3,3,3,2,2,2,2,2,2,2,2","0.000799179077148438","leiden","edit-xhwikibooks.graphml"
"0.44","0.19","0.37","0.399202386661528","1,1,1,2,3,2,3,2,2,2,3,3,2,2,2,2,2,3,4,3,5,1,2,2,2,2,2,2,1,2,3,4,3,3,4,4,2,2,5,5,5,5,1,1,1,1,5,1,1,1,5,5,5,5,5,1,1,1,1,5,2,5,5,2,2,5,5,5,5,5,1,5,2,2,5,5,5,5,5,5,5,2,2,2,2,1,5,5,5,5,2,3,4,5,5,5,2,5,5,5,5,5,5,5,5,5,5,3,3,5,5,5,5,4,4,4,4,4,4,4,4,2,2,2,2,2,2,2,2","0.000819921493530273","leiden","edit-xhwikibooks.graphml"
"0.43","0.2","0.37","0.400884312253706","1,1,1,2,3,2,3,2,2,2,3,3,2,2,2,2,2,3,4,3,5,1,2,2,2,2,2,2,1,2,3,4,3,3,4,4,2,2,5,5,5,5,1,1,1,1,5,1,1,1,5,5,5,5,5,1,1,1,1,5,2,5,5,2,2,5,5,5,5,5,1,5,2,2,5,5,5,5,5,5,5,2,2,2,2,1,5,5,5,5,2,3,4,5,5,5,2,5,5,5,5,5,5,5,5,5,5,3,3,5,5,5,5,4,4,4,4,4,4,4,4,2,2,2,2,2,2,2,2","0.00080108642578125","leiden","edit-xhwikibooks.graphml"
"0.42","0.21","0.37","0.401481481481481","1,1,1,2,3,2,3,2,2,2,3,3,2,2,2,2,2,3,4,3,5,1,2,2,2,2,2,2,1,2,3,4,3,3,4,4,2,2,5,5,5,5,1,1,1,1,5,1,1,1,5,5,5,5,5,1,1,1,1,5,2,5,5,2,2,5,5,5,5,5,1,5,2,2,5,5,5,5,5,5,5,2,2,2,2,1,5,5,5,5,2,3,4,5,5,5,2,5,5,5,5,5,5,5,5,5,5,3,3,5,5,5,5,4,4,4,4,4,4,4,4,2,2,2,2,2,2,2,2","0.000864982604980469","leiden","edit-xhwikibooks.graphml"
"0.41","0.22","0.37","0.401481481481481","1,1,1,2,3,2,3,2,2,2,3,3,2,2,2,2,2,3,4,3,5,1,2,2,2,2,2,2,1,2,3,4,3,3,4,4,2,2,5,5,5,5,1,1,1,1,5,1,1,1,5,5,5,5,5,1,1,1,1,5,2,5,5,2,2,5,5,5,5,5,1,5,2,2,5,5,5,5,5,5,5,2,2,2,2,1,5,5,5,5,2,3,4,5,5,5,2,5,5,5,5,5,5,5,5,5,5,3,3,5,5,5,5,4,4,4,4,4,4,4,4,2,2,2,2,2,2,2,2","0.000822067260742188","leiden","edit-xhwikibooks.graphml"
"0.4","0.23","0.37","0.400410548615677","1,1,1,2,3,2,3,2,2,2,3,3,2,2,2,2,2,3,4,3,5,1,2,2,2,2,2,2,1,2,3,4,3,3,4,4,2,2,5,5,5,5,1,1,1,1,5,1,1,1,5,5,5,5,5,1,1,1,1,5,2,5,5,2,2,5,5,5,5,5,1,5,2,2,5,5,5,5,5,5,5,2,2,2,2,1,5,5,5,5,2,3,4,5,5,5,2,5,5,5,5,5,5,5,5,5,5,3,3,5,5,5,5,4,4,4,4,4,4,4,4,2,2,2,2,2,2,2,2","0.00084996223449707","leiden","edit-xhwikibooks.graphml"
"0.39","0.24","0.37","0.401273736710031","1,1,1,2,3,2,3,2,2,2,3,3,2,2,2,2,2,3,4,3,5,1,2,2,2,2,2,2,1,2,3,4,3,3,4,4,2,2,5,5,5,5,1,1,1,1,5,1,1,1,5,5,5,5,5,1,1,1,1,5,2,5,5,2,2,5,5,5,5,5,1,5,2,2,5,5,5,5,5,5,5,2,2,2,2,1,5,5,5,5,2,3,4,5,5,5,2,5,5,5,5,5,5,5,5,5,5,3,3,5,5,5,5,4,4,4,4,4,4,4,4,2,2,2,2,2,2,2,2","0.000835895538330078","leiden","edit-xhwikibooks.graphml"
"0.38","0.25","0.37","0.403504934359439","1,1,1,2,3,2,3,2,2,2,3,3,2,2,2,2,2,3,4,3,5,1,2,2,2,2,2,2,1,2,3,4,3,3,4,4,2,2,5,5,5,5,1,1,1,1,5,1,1,1,5,5,5,5,5,1,1,1,1,5,2,5,5,2,2,5,5,5,5,5,1,5,2,2,5,5,5,5,5,5,5,2,2,2,2,1,5,5,5,5,2,3,4,5,5,5,2,5,5,5,5,5,5,5,5,5,5,3,3,5,5,5,5,4,4,4,4,4,4,4,4,2,2,2,2,2,2,2,2","0.00080108642578125","leiden","edit-xhwikibooks.graphml"
"0.37","0.26","0.37","0.404358427044287","1,1,1,2,3,2,3,2,2,2,3,3,2,2,2,2,2,3,4,3,5,1,2,2,2,2,2,2,1,2,3,4,3,3,4,4,2,2,5,5,5,5,1,1,1,1,5,1,1,1,5,5,5,5,5,1,1,1,1,5,2,5,5,2,2,5,5,5,5,5,1,5,2,2,5,5,5,5,5,5,5,2,2,2,2,1,5,5,5,5,2,3,4,5,5,5,2,5,5,5,5,5,5,5,5,5,5,3,3,5,5,5,5,4,4,4,4,4,4,4,4,2,2,2,2,2,2,2,2","0.000831842422485352","leiden","edit-xhwikibooks.graphml"
"0.36","0.27","0.37","0.404358427044287","1,1,1,2,3,2,3,2,2,2,3,3,2,2,2,2,2,3,4,3,5,1,2,2,2,2,2,2,1,2,3,4,3,3,4,4,2,2,5,5,5,5,1,1,1,1,5,1,1,1,5,5,5,5,5,1,1,1,1,5,2,5,5,2,2,5,5,5,5,5,1,5,2,2,5,5,5,5,5,5,5,2,2,2,2,1,5,5,5,5,2,3,4,5,5,5,2,5,5,5,5,5,5,5,5,5,5,3,3,5,5,5,5,4,4,4,4,4,4,4,4,2,2,2,2,2,2,2,2","0.000791072845458984","leiden","edit-xhwikibooks.graphml"
"0.35","0.28","0.37","0.404091013759187","1,1,1,2,3,2,3,2,2,2,3,3,2,2,2,2,2,3,4,3,5,1,2,2,2,2,2,2,1,2,3,4,3,3,4,4,2,2,5,5,5,5,1,1,1,1,5,1,1,1,5,5,5,5,5,1,1,1,1,5,2,5,5,2,2,5,5,5,5,5,1,5,2,2,5,5,5,5,5,5,5,2,2,2,2,1,5,5,5,5,2,3,4,5,5,5,2,5,5,5,5,5,5,5,5,5,5,3,3,5,5,5,5,4,4,4,4,4,4,4,4,2,2,2,2,2,2,2,2","0.000810146331787109","leiden","edit-xhwikibooks.graphml"
"0.34","0.29","0.37","0.40577292324471","1,1,1,2,3,2,3,2,2,2,3,3,2,2,2,2,2,3,4,3,5,1,2,2,2,2,2,2,1,2,3,4,3,3,4,4,2,2,5,5,5,5,1,1,1,1,5,1,1,1,5,5,5,5,5,1,1,1,1,5,2,5,5,2,2,5,5,5,5,5,1,5,2,2,5,5,5,5,5,5,5,2,2,2,2,1,5,5,5,5,2,3,4,5,5,5,2,5,5,5,5,5,5,5,5,5,5,3,3,5,5,5,5,4,4,4,4,4,4,4,4,2,2,2,2,2,2,2,2","0.000807046890258789","leiden","edit-xhwikibooks.graphml"
"0.33","0.3","0.37","0.405505601838552","1,1,1,2,3,2,3,2,2,2,3,3,2,2,2,2,2,3,4,3,5,1,2,2,2,2,2,2,1,2,3,4,3,3,4,4,2,2,5,5,5,5,1,1,1,1,5,1,1,1,5,5,5,5,5,1,1,1,1,5,2,5,5,2,2,5,5,5,5,5,1,5,2,2,5,5,5,5,5,5,5,2,2,2,2,1,5,5,5,5,2,3,4,5,5,5,2,5,5,5,5,5,5,5,5,5,5,3,3,5,5,5,5,4,4,4,4,4,4,4,4,2,2,2,2,2,2,2,2","0.000844001770019531","leiden","edit-xhwikibooks.graphml"
"0.32","0.31","0.37","0.406351339046618","1,1,1,2,3,2,3,2,2,2,3,3,2,2,2,2,2,3,4,3,5,1,2,2,2,2,2,2,1,2,3,4,3,3,4,4,2,2,5,5,5,5,1,1,1,1,5,1,1,1,5,5,5,5,5,1,1,1,1,5,2,5,5,2,2,5,5,5,5,5,1,5,2,2,5,5,5,5,5,5,5,2,2,2,2,1,5,5,5,5,2,3,4,5,5,5,2,5,5,5,5,5,5,5,5,5,5,3,3,5,5,5,5,4,4,4,4,4,4,4,4,2,2,2,2,2,2,2,2","0.000819921493530273","leiden","edit-xhwikibooks.graphml"
"0.31","0.32","0.37","0.406084212997558","1,1,1,2,3,2,3,2,2,2,3,3,2,2,2,2,2,3,4,3,5,1,2,2,2,2,2,2,1,2,3,4,3,3,4,4,2,2,5,5,5,5,1,1,1,1,5,1,1,1,5,5,5,5,5,1,1,1,1,5,2,5,5,2,2,5,5,5,5,5,1,5,2,2,5,5,5,5,5,5,5,2,2,2,2,1,5,5,5,5,2,3,4,5,5,5,2,5,5,5,5,5,5,5,5,5,5,3,3,5,5,5,5,4,4,4,4,4,4,4,4,2,2,2,2,2,2,2,2","0.000867843627929688","leiden","edit-xhwikibooks.graphml"
"0.3","0.33","0.37","0.406926385273482","1,1,1,2,3,2,3,2,2,2,3,3,2,2,2,2,2,3,4,3,5,1,2,2,2,2,2,2,1,2,3,4,3,3,4,4,2,2,5,5,5,5,1,1,1,1,5,1,1,1,5,5,5,5,5,1,1,1,1,5,2,5,5,2,2,5,5,5,5,5,1,5,2,2,5,5,5,5,5,5,5,2,2,2,2,1,5,5,5,5,2,3,4,5,5,5,2,5,5,5,5,5,5,5,5,5,5,3,3,5,5,5,5,4,4,4,4,4,4,4,4,2,2,2,2,2,2,2,2","0.000998973846435547","leiden","edit-xhwikibooks.graphml"
"0.29","0.34","0.37","0.417718621253775","1,1,1,2,3,2,3,2,2,2,3,3,2,2,2,2,2,3,4,3,5,1,2,2,2,2,2,2,1,2,3,4,3,3,4,4,2,2,5,5,5,5,1,1,1,1,5,1,1,1,5,5,5,5,5,1,1,1,1,5,2,5,5,2,2,5,5,5,5,5,1,5,2,2,5,5,5,5,5,5,5,2,2,2,2,1,5,5,5,5,2,3,4,5,5,5,2,5,5,5,5,5,5,5,5,5,5,3,3,5,5,5,5,4,4,4,4,4,4,4,4,2,2,2,2,2,2,2,2","0.00105786323547363","leiden","edit-xhwikibooks.graphml"
"0.28","0.35","0.37","0.417718621253775","1,1,1,2,3,2,3,2,2,2,3,3,2,2,2,2,2,3,4,3,5,1,2,2,2,2,2,2,1,2,3,4,3,3,4,4,2,2,5,5,5,5,1,1,1,1,5,1,1,1,5,5,5,5,5,1,1,1,1,5,2,5,5,2,2,5,5,5,5,5,1,5,2,2,5,5,5,5,5,5,5,2,2,2,2,1,5,5,5,5,2,3,4,5,5,5,2,5,5,5,5,5,5,5,5,5,5,3,3,5,5,5,5,4,4,4,4,4,4,4,4,2,2,2,2,2,2,2,2","0.00100493431091309","leiden","edit-xhwikibooks.graphml"
"0.27","0.36","0.37","0.417450062848208","1,1,1,2,3,2,3,2,2,2,3,3,2,2,2,2,2,3,4,3,5,1,2,2,2,2,2,2,1,2,3,4,3,3,4,4,2,2,5,5,5,5,1,1,1,1,5,1,1,1,5,5,5,5,5,1,1,1,1,5,2,5,5,2,2,5,5,5,5,5,1,5,2,2,5,5,5,5,5,5,5,2,2,2,2,1,5,5,5,5,2,3,4,5,5,5,2,5,5,5,5,5,5,5,5,5,5,3,3,5,5,5,5,4,4,4,4,4,4,4,4,2,2,2,2,2,2,2,2","0.0279898643493652","leiden","edit-xhwikibooks.graphml"
"0.26","0.37","0.37","0.417450062848208","1,1,1,2,3,2,3,2,2,2,3,3,2,2,2,2,2,3,4,3,5,1,2,2,2,2,2,2,1,2,3,4,3,3,4,4,2,2,5,5,5,5,1,1,1,1,5,1,1,1,5,5,5,5,5,1,1,1,1,5,2,5,5,2,2,5,5,5,5,5,1,5,2,2,5,5,5,5,5,5,5,2,2,2,2,1,5,5,5,5,2,3,4,5,5,5,2,5,5,5,5,5,5,5,5,5,5,3,3,5,5,5,5,4,4,4,4,4,4,4,4,2,2,2,2,2,2,2,2","0.000962972640991211","leiden","edit-xhwikibooks.graphml"
"0.25","0.38","0.37","0.41303109629667","1,1,1,2,3,2,3,2,2,2,3,3,2,2,2,2,2,3,4,3,5,1,2,2,2,2,2,2,1,2,3,4,3,3,4,4,2,2,5,5,5,5,1,1,1,1,5,1,1,1,5,5,5,5,5,1,1,1,1,5,6,5,5,2,2,5,5,5,5,5,1,5,2,2,5,5,5,5,5,5,5,2,2,2,2,7,5,5,5,5,8,9,10,5,5,5,2,5,5,5,5,5,5,5,5,5,5,3,3,5,5,5,5,4,4,4,4,4,4,4,4,2,2,2,2,2,2,2,2","0.000910043716430664","leiden","edit-xhwikibooks.graphml"
"0.24","0.39","0.37","0.426505509388343","1,1,1,2,3,2,3,2,2,2,3,3,2,2,2,2,2,3,4,3,5,1,2,2,2,2,2,2,1,2,3,4,3,3,4,4,2,2,5,5,5,5,1,1,1,1,5,1,1,1,5,5,5,5,5,1,1,1,1,5,6,5,5,2,2,5,5,5,5,5,1,5,2,2,5,5,5,5,5,5,5,2,2,2,2,7,5,5,5,5,8,9,10,5,5,5,2,5,5,5,5,5,5,5,5,5,5,3,3,5,5,5,5,4,4,4,4,4,4,4,4,2,2,2,2,2,2,2,2","0.000890016555786133","leiden","edit-xhwikibooks.graphml"
"0.23","0.4","0.37","0.427805205922068","1,1,1,2,3,2,3,2,2,2,3,3,2,2,2,2,2,3,4,3,5,1,2,2,2,2,2,2,1,2,3,4,3,3,4,4,2,2,5,5,5,5,1,1,1,1,5,1,1,1,5,5,5,5,5,1,1,1,1,5,6,5,5,2,2,5,5,5,5,5,1,5,2,2,5,5,5,5,5,5,5,2,2,2,2,7,5,5,5,5,8,9,10,5,5,5,2,5,5,5,5,5,5,5,5,5,5,3,3,5,5,5,5,4,4,4,4,4,4,4,4,2,2,2,2,2,2,2,2","0.00096893310546875","leiden","edit-xhwikibooks.graphml"
"0.22","0.41","0.37","0.427805205922068","1,1,1,2,3,2,3,2,2,2,3,3,2,2,2,2,2,3,4,3,5,1,2,2,2,2,2,2,1,2,3,4,3,3,4,4,2,2,5,5,5,5,1,1,1,1,5,1,1,1,5,5,5,5,5,1,1,1,1,5,6,5,5,2,2,5,5,5,5,5,1,5,2,2,5,5,5,5,5,5,5,2,2,2,2,7,5,5,5,5,8,9,10,5,5,5,2,5,5,5,5,5,5,5,5,5,5,3,3,5,5,5,5,4,4,4,4,4,4,4,4,2,2,2,2,2,2,2,2","0.000820159912109375","leiden","edit-xhwikibooks.graphml"
"0.21","0.42","0.37","0.427523057238216","1,1,1,2,3,2,3,2,2,2,3,3,2,2,2,2,2,3,4,3,5,1,2,2,2,2,2,2,1,2,3,4,3,3,4,4,2,2,5,5,5,5,1,1,1,1,5,1,1,1,5,5,5,5,5,1,1,1,1,5,6,5,5,2,2,5,5,5,5,5,1,5,2,2,5,5,5,5,5,5,5,2,2,2,2,7,5,5,5,5,8,9,10,5,5,5,2,5,5,5,5,5,5,5,5,5,5,3,3,5,5,5,5,4,4,4,4,4,4,4,4,2,2,2,2,2,2,2,2","0.000847101211547852","leiden","edit-xhwikibooks.graphml"
"0.2","0.43","0.37","0.429136635370402","1,1,1,2,3,2,3,2,2,2,3,3,2,2,2,2,2,3,4,3,5,1,2,2,2,2,2,2,1,2,3,4,3,3,4,4,2,2,5,5,5,5,1,1,1,1,5,1,1,1,5,5,5,5,5,1,1,1,1,5,6,5,5,2,2,5,5,5,5,5,1,5,2,2,5,5,5,5,5,5,5,2,2,2,2,7,5,5,5,5,8,9,10,5,5,5,2,5,5,5,5,5,5,5,5,5,5,3,3,5,5,5,5,4,4,4,4,4,4,4,4,2,2,2,2,2,2,2,2","0.000834941864013672","leiden","edit-xhwikibooks.graphml"
"0.19","0.44","0.37","0.428854719172424","1,1,1,2,3,2,3,2,2,2,3,3,2,2,2,2,2,3,4,3,5,1,2,2,2,2,2,2,1,2,3,4,3,3,4,4,2,2,5,5,5,5,1,1,1,1,5,1,1,1,5,5,5,5,5,1,1,1,1,5,6,5,5,2,2,5,5,5,5,5,1,5,2,2,5,5,5,5,5,5,5,2,2,2,2,7,5,5,5,5,8,9,10,5,5,5,2,5,5,5,5,5,5,5,5,5,5,3,3,5,5,5,5,4,4,4,4,4,4,4,4,2,2,2,2,2,2,2,2","0.000851154327392578","leiden","edit-xhwikibooks.graphml"
"0.18","0.45","0.37","0.415335526057159","1,1,1,2,3,2,3,2,2,2,3,3,2,2,2,2,2,3,4,3,5,1,2,2,2,2,2,2,1,2,3,4,3,3,4,4,2,2,5,5,5,5,1,1,1,1,5,1,1,1,5,5,5,5,5,1,1,1,1,5,6,5,5,2,2,5,5,5,5,5,1,5,2,2,5,5,5,5,5,5,5,2,2,2,2,7,5,5,5,5,8,9,10,5,5,5,2,5,5,5,5,5,5,5,5,5,5,3,3,5,5,5,5,4,4,4,4,4,4,4,4,2,2,2,2,2,2,2,2","0.000844001770019531","leiden","edit-xhwikibooks.graphml"
"0.17","0.46","0.37","0.415055016928286","1,1,1,2,3,2,3,2,2,2,3,3,2,2,2,2,2,3,4,3,5,1,2,2,2,2,2,2,1,2,3,4,3,3,4,4,2,2,5,5,5,5,1,1,1,1,5,1,1,1,5,5,5,5,5,1,1,1,1,5,6,5,5,2,2,5,5,5,5,5,1,5,2,2,5,5,5,5,5,5,5,2,2,2,2,7,5,5,5,5,8,9,10,5,5,5,2,5,5,5,5,5,5,5,5,5,5,3,3,5,5,5,5,4,4,4,4,4,4,4,4,2,2,2,2,2,2,2,2","0.000893115997314453","leiden","edit-xhwikibooks.graphml"
"0.16","0.47","0.37","0.415923959255877","1,1,1,2,3,2,3,2,2,2,3,3,2,2,2,2,2,3,4,3,5,1,2,2,2,2,2,2,1,2,3,4,3,3,4,4,2,2,5,5,5,5,1,1,1,1,5,1,1,1,5,5,5,5,5,1,1,1,1,5,6,5,5,2,2,5,5,5,5,5,1,5,2,2,5,5,5,5,5,5,5,2,2,2,2,7,5,5,5,5,8,9,10,5,5,5,2,5,5,5,5,5,5,5,5,5,5,3,3,5,5,5,5,4,4,4,4,4,4,4,4,2,2,2,2,2,2,2,2","0.000880956649780273","leiden","edit-xhwikibooks.graphml"
"0.15","0.48","0.37","0.415476504488699","1,1,1,2,1,2,3,2,2,2,3,4,2,2,2,2,2,3,3,4,5,1,2,2,2,2,2,2,1,2,3,3,4,4,3,3,2,2,5,5,5,5,1,1,1,1,5,1,1,1,5,5,5,5,5,1,1,1,1,5,6,5,5,2,2,5,5,5,5,5,1,5,2,2,5,5,5,5,5,5,5,2,2,2,2,7,5,5,5,5,8,9,10,5,5,5,2,5,5,5,5,5,5,5,5,5,5,4,4,5,5,5,5,3,3,3,3,3,3,3,3,2,2,2,2,2,2,2,2","0.000882148742675781","leiden","edit-xhwikibooks.graphml"
"0.14","0.49","0.37","0.413648202719296","1,1,1,2,3,2,3,2,2,2,3,3,2,2,2,2,2,3,4,3,5,1,2,2,2,2,2,2,1,2,3,4,3,3,4,4,2,2,5,5,5,5,1,1,1,1,5,1,1,1,5,5,5,5,5,1,1,1,1,5,6,5,5,2,2,5,5,5,5,5,1,5,2,2,5,5,5,5,5,5,5,2,2,2,2,7,5,5,5,5,8,9,10,5,5,5,2,5,5,5,5,5,5,5,5,5,5,3,3,5,5,5,5,4,4,4,4,4,4,4,4,2,2,2,2,2,2,2,2","0.000856876373291016","leiden","edit-xhwikibooks.graphml"
"0.13","0.5","0.37","0.448056362422389","1,1,1,2,3,2,3,2,2,2,3,3,2,2,2,4,2,3,5,3,6,1,2,2,2,2,2,4,1,2,3,5,3,3,5,5,2,2,6,6,6,6,1,1,1,1,6,1,1,1,6,6,6,6,6,1,1,1,1,6,7,6,6,2,2,6,6,6,6,6,1,6,2,2,6,6,6,6,6,6,6,2,4,4,4,8,6,6,6,6,9,10,11,6,6,6,4,6,6,6,6,6,6,6,6,6,6,3,3,6,6,6,6,5,5,5,5,5,5,5,5,2,2,2,2,2,2,2,2","0.000887870788574219","leiden","edit-xhwikibooks.graphml"
"0.12","0.51","0.37","0.448056362422389","1,1,1,2,3,2,3,2,2,2,3,3,2,2,2,4,2,3,5,3,6,1,2,2,2,2,2,4,1,2,3,5,3,3,5,5,2,2,6,6,6,6,1,1,1,1,6,1,1,1,6,6,6,6,6,1,1,1,1,6,7,6,6,2,2,6,6,6,6,6,1,6,2,2,6,6,6,6,6,6,6,2,4,4,4,8,6,6,6,6,9,10,11,6,6,6,4,6,6,6,6,6,6,6,6,6,6,3,3,6,6,6,6,5,5,5,5,5,5,5,5,2,2,2,2,2,2,2,2","0.000817060470581055","leiden","edit-xhwikibooks.graphml"
"0.11","0.52","0.37","0.448056362422389","1,1,1,2,3,2,3,2,2,2,3,3,2,2,2,4,2,3,5,3,6,1,2,2,2,2,2,4,1,2,3,5,3,3,5,5,2,2,6,6,6,6,1,1,1,1,6,1,1,1,6,6,6,6,6,1,1,1,1,6,7,6,6,2,2,6,6,6,6,6,1,6,2,2,6,6,6,6,6,6,6,2,4,4,4,8,6,6,6,6,9,10,11,6,6,6,4,6,6,6,6,6,6,6,6,6,6,3,3,6,6,6,6,5,5,5,5,5,5,5,5,2,2,2,2,2,2,2,2","0.000884056091308594","leiden","edit-xhwikibooks.graphml"
"0.1","0.53","0.37","0.448555590944379","1,1,1,2,3,2,3,2,2,2,3,3,2,2,2,4,2,3,5,3,6,1,2,2,2,2,2,4,1,2,3,5,3,3,5,5,2,2,6,6,6,6,1,1,1,1,6,1,1,1,6,6,6,6,6,1,1,1,1,6,7,6,6,2,2,6,6,6,6,6,1,6,2,2,6,6,6,6,6,6,6,2,4,4,4,8,6,6,6,6,9,10,11,6,6,6,4,6,6,6,6,6,6,6,6,6,6,3,3,6,6,6,6,5,5,5,5,5,5,5,5,2,2,2,2,2,2,2,2","0.000814914703369141","leiden","edit-xhwikibooks.graphml"
"0.09","0.54","0.37","0.449335294105122","1,1,1,2,3,2,3,2,2,2,3,3,2,2,2,4,2,3,5,3,6,1,2,2,2,2,2,4,1,2,3,5,3,3,5,5,2,2,6,6,6,6,1,1,1,1,6,1,1,1,6,6,6,6,6,1,1,1,1,6,7,6,6,2,2,6,6,6,6,6,1,6,2,2,6,6,6,6,6,6,6,2,4,4,4,8,6,6,6,6,9,10,11,6,6,6,4,6,6,6,6,6,6,6,6,6,6,3,3,6,6,6,6,5,5,5,5,5,5,5,5,2,2,2,2,2,2,2,2","0.000829935073852539","leiden","edit-xhwikibooks.graphml"
"0.08","0.55","0.37","0.449828148552649","1,1,1,2,3,2,3,2,2,2,3,3,2,2,2,4,2,3,5,3,6,1,2,2,2,2,2,4,1,2,3,5,3,3,5,5,2,2,6,6,6,6,1,1,1,1,6,1,1,1,6,6,6,6,6,1,1,1,1,6,7,6,6,2,2,6,6,6,6,6,1,6,2,2,6,6,6,6,6,6,6,2,4,4,4,8,6,6,6,6,9,10,11,6,6,6,4,6,6,6,6,6,6,6,6,6,6,3,3,6,6,6,6,5,5,5,5,5,5,5,5,2,2,2,2,2,2,2,2","0.000823974609375","leiden","edit-xhwikibooks.graphml"
"0.07","0.56","0.37","0.451295787536104","1,1,1,2,3,2,3,2,2,2,3,3,2,2,2,4,2,3,5,3,6,1,2,2,2,2,2,4,1,2,3,5,3,3,5,5,2,2,6,6,6,6,1,1,1,1,6,1,1,1,6,6,6,6,6,1,1,1,1,6,7,6,6,2,2,6,6,6,6,6,1,6,2,2,6,6,6,6,6,6,6,2,4,4,4,8,6,6,6,6,9,10,11,6,6,6,4,6,6,6,6,6,6,6,6,6,6,3,3,6,6,6,6,5,5,5,5,5,5,5,5,2,2,2,2,2,2,2,2","0.000858068466186523","leiden","edit-xhwikibooks.graphml"
"0.06","0.57","0.37","0.451012552925544","1,1,1,2,3,2,3,2,2,2,3,3,2,2,2,4,2,3,5,3,6,1,2,2,2,2,2,4,1,2,3,5,3,3,5,5,2,2,6,6,6,6,1,1,1,1,6,1,1,1,6,6,6,6,6,1,1,1,1,6,7,6,6,2,2,6,6,6,6,6,1,6,2,2,6,6,6,6,6,6,6,2,4,4,4,8,6,6,6,6,9,10,11,6,6,6,4,6,6,6,6,6,6,6,6,6,6,3,3,6,6,6,6,5,5,5,5,5,5,5,5,2,2,2,2,2,2,2,2","0.00084996223449707","leiden","edit-xhwikibooks.graphml"
"0.05","0.58","0.37","0.452470686767169","1,1,1,2,4,2,4,2,2,2,4,4,2,2,2,3,2,4,5,4,6,1,2,2,2,2,2,3,1,2,4,5,4,4,5,5,2,2,6,6,6,6,1,1,1,1,6,1,1,1,6,6,6,6,6,1,1,1,1,6,7,6,6,2,2,6,6,6,6,6,1,6,2,2,6,6,6,6,6,6,6,2,3,3,3,8,6,6,6,6,9,10,11,6,6,6,3,6,6,6,6,6,6,6,6,6,6,4,4,6,6,6,6,5,5,5,5,5,5,5,5,2,2,2,2,2,2,2,2","0.000878095626831055","leiden","edit-xhwikibooks.graphml"
"0.04","0.59","0.37","0.452089774338685","1,1,1,2,3,2,3,2,2,2,3,3,2,2,2,2,2,3,4,3,5,1,2,2,2,2,2,2,1,2,3,4,3,3,4,4,2,2,5,5,5,5,1,1,1,1,5,1,1,1,5,5,5,5,5,1,1,1,1,5,6,5,5,2,2,5,5,5,5,5,1,5,2,2,5,5,5,5,5,5,5,2,2,2,2,7,5,5,5,5,8,9,10,5,5,5,2,5,5,5,5,5,5,5,5,5,5,3,3,5,5,5,5,4,4,4,4,4,4,4,4,2,2,2,2,2,2,2,2","0.000856876373291016","leiden","edit-xhwikibooks.graphml"
"0.03","0.6","0.37","0.452171756312493","1,1,1,2,3,2,3,4,4,2,3,3,4,4,4,2,2,3,5,3,6,1,4,4,4,4,4,2,1,2,3,5,3,3,5,5,4,4,6,6,6,6,1,1,1,1,6,1,1,1,6,6,6,6,6,1,1,1,1,6,7,6,6,4,4,6,6,6,6,6,1,6,4,4,6,6,6,6,6,6,6,4,2,2,2,8,6,6,6,6,9,10,11,6,6,6,2,6,6,6,6,6,6,6,6,6,6,3,3,6,6,6,6,5,5,5,5,5,5,5,5,4,4,4,4,4,4,4,4","0.00083613395690918","leiden","edit-xhwikibooks.graphml"
"0.02","0.61","0.37","0.451886035425593","1,1,1,2,3,2,3,4,4,2,3,3,4,4,4,2,2,3,5,3,6,1,4,4,4,4,4,2,1,2,3,5,3,3,5,5,4,4,6,6,6,6,1,1,1,1,6,1,1,1,6,6,6,6,6,1,1,1,1,6,7,6,6,4,4,6,6,6,6,6,1,6,4,4,6,6,6,6,6,6,6,4,2,2,2,8,6,6,6,6,9,10,11,6,6,6,2,6,6,6,6,6,6,6,6,6,6,3,3,6,6,6,6,5,5,5,5,5,5,5,5,4,4,4,4,4,4,4,4","0.000834941864013672","leiden","edit-xhwikibooks.graphml"
"0.01","0.62","0.37","0.452653139825984","1,1,1,2,3,2,3,4,4,2,3,3,4,4,4,2,2,3,5,3,6,1,4,4,4,4,4,2,1,2,3,5,3,3,5,5,4,4,6,6,6,6,1,1,1,1,6,1,1,1,6,6,6,6,6,1,1,1,1,6,7,6,6,4,4,6,6,6,6,6,1,6,4,4,6,6,6,6,6,6,6,4,2,2,2,8,6,6,6,6,9,10,11,6,6,6,2,6,6,6,6,6,6,6,6,6,6,3,3,6,6,6,6,5,5,5,5,5,5,5,5,4,4,4,4,4,4,4,4","0.00091099739074707","leiden","edit-xhwikibooks.graphml"
"0","0.63","0.37","0.45446683927477","1,1,1,2,1,2,3,4,4,2,3,3,4,4,4,2,2,3,5,3,6,1,4,4,4,4,4,2,1,2,3,5,3,3,5,5,4,4,6,6,6,6,1,1,1,1,6,1,1,1,6,6,6,6,6,1,1,1,1,6,7,6,6,4,4,6,6,6,6,6,1,6,4,4,6,6,6,6,6,6,6,4,2,2,2,8,6,6,6,6,9,10,11,6,6,6,2,6,6,6,6,6,6,6,6,6,6,3,3,6,6,6,6,5,5,5,5,5,5,5,5,4,4,4,4,4,4,4,4","0.000837087631225586","leiden","edit-xhwikibooks.graphml"
"0.62","0","0.38","0.423207323936865","1,1,2,2,2,3,2,3,3,3,2,2,3,3,3,3,3,2,4,2,5,1,3,3,3,3,3,3,1,3,2,4,2,2,4,4,3,3,5,5,5,5,1,1,1,1,5,1,1,1,5,5,5,5,5,1,1,1,1,5,3,5,5,3,3,5,5,5,5,5,1,5,3,3,5,5,5,5,5,5,5,3,3,3,3,1,5,5,5,5,3,2,4,5,5,5,3,5,5,5,5,5,5,5,5,5,5,2,2,5,5,5,5,4,4,4,4,4,4,4,4,3,3,3,3,3,3,3,3","0.000869989395141602","leiden","edit-xhwikibooks.graphml"
"0.61","0.01","0.38","0.423207323936865","1,1,2,2,2,3,2,3,3,3,2,2,3,3,3,3,3,2,4,2,5,1,3,3,3,3,3,3,1,3,2,4,2,2,4,4,3,3,5,5,5,5,1,1,1,1,5,1,1,1,5,5,5,5,5,1,1,1,1,5,3,5,5,3,3,5,5,5,5,5,1,5,3,3,5,5,5,5,5,5,5,3,3,3,3,1,5,5,5,5,3,2,4,5,5,5,3,5,5,5,5,5,5,5,5,5,5,2,2,5,5,5,5,4,4,4,4,4,4,4,4,3,3,3,3,3,3,3,3","0.000780820846557617","leiden","edit-xhwikibooks.graphml"
"0.6","0.02","0.38","0.422964238389915","1,1,2,2,2,2,2,3,3,2,2,2,3,3,3,2,2,2,4,2,5,1,3,3,3,3,3,2,1,2,2,4,2,2,4,4,3,3,5,5,5,5,1,1,1,1,5,1,1,1,5,5,5,5,5,1,1,1,1,5,3,5,5,3,3,5,5,5,5,5,1,5,3,3,5,5,5,5,5,5,5,3,2,2,2,1,5,5,5,5,2,2,4,5,5,5,2,5,5,5,5,5,5,5,5,5,5,2,2,5,5,5,5,4,4,4,4,4,4,4,4,3,3,3,3,3,3,3,3","0.000767946243286133","leiden","edit-xhwikibooks.graphml"
"0.59","0.03","0.38","0.422935159677584","1,1,2,2,2,3,2,3,3,3,2,2,3,3,3,3,3,2,4,2,5,1,3,3,3,3,3,3,1,3,2,4,2,2,4,4,3,3,5,5,5,5,1,1,1,1,5,1,1,1,5,5,5,5,5,1,1,1,1,5,3,5,5,3,3,5,5,5,5,5,1,5,3,3,5,5,5,5,5,5,5,3,3,3,3,1,5,5,5,5,3,2,4,5,5,5,3,5,5,5,5,5,5,5,5,5,5,2,2,5,5,5,5,4,4,4,4,4,4,4,4,3,3,3,3,3,3,3,3","0.000779867172241211","leiden","edit-xhwikibooks.graphml"
"0.58","0.04","0.38","0.422935159677584","1,1,2,2,2,3,2,3,3,3,2,2,3,3,3,3,3,2,4,2,5,1,3,3,3,3,3,3,1,3,2,4,2,2,4,4,3,3,5,5,5,5,1,1,1,1,5,1,1,1,5,5,5,5,5,1,1,1,1,5,3,5,5,3,3,5,5,5,5,5,1,5,3,3,5,5,5,5,5,5,5,3,3,3,3,1,5,5,5,5,3,2,4,5,5,5,3,5,5,5,5,5,5,5,5,5,5,2,2,5,5,5,5,4,4,4,4,4,4,4,4,3,3,3,3,3,3,3,3","0.000789880752563477","leiden","edit-xhwikibooks.graphml"
"0.57","0.05","0.38","0.412341935073349","1,1,2,2,2,3,2,3,3,3,2,2,3,3,3,3,3,2,4,2,5,1,3,3,3,3,3,3,1,3,2,4,2,2,4,4,3,3,5,5,5,5,1,1,1,1,5,1,1,1,5,5,5,5,5,1,1,1,1,5,3,5,5,3,3,5,5,5,5,5,1,5,3,3,5,5,5,5,5,5,5,3,3,3,3,1,5,5,5,5,3,2,4,5,5,5,3,5,5,5,5,5,5,5,5,5,5,2,2,5,5,5,5,4,4,4,4,4,4,4,4,3,3,3,3,3,3,3,3","0.000808000564575195","leiden","edit-xhwikibooks.graphml"
"0.56","0.06","0.38","0.412341935073349","1,1,2,2,2,3,2,3,3,3,2,2,3,3,3,3,3,2,4,2,5,1,3,3,3,3,3,3,1,3,2,4,2,2,4,4,3,3,5,5,5,5,1,1,1,1,5,1,1,1,5,5,5,5,5,1,1,1,1,5,3,5,5,3,3,5,5,5,5,5,1,5,3,3,5,5,5,5,5,5,5,3,3,3,3,1,5,5,5,5,3,2,4,5,5,5,3,5,5,5,5,5,5,5,5,5,5,2,2,5,5,5,5,4,4,4,4,4,4,4,4,3,3,3,3,3,3,3,3","0.00076603889465332","leiden","edit-xhwikibooks.graphml"
"0.55","0.07","0.38","0.412071067594774","1,1,2,2,2,3,2,3,3,3,2,2,3,3,3,3,3,2,4,2,5,1,3,3,3,3,3,3,1,3,2,4,2,2,4,4,3,3,5,5,5,5,1,1,1,1,5,1,1,1,5,5,5,5,5,1,1,1,1,5,3,5,5,3,3,5,5,5,5,5,1,5,3,3,5,5,5,5,5,5,5,3,3,3,3,1,5,5,5,5,3,2,4,5,5,5,3,5,5,5,5,5,5,5,5,5,5,2,2,5,5,5,5,4,4,4,4,4,4,4,4,3,3,3,3,3,3,3,3","0.000797033309936523","leiden","edit-xhwikibooks.graphml"
"0.54","0.08","0.38","0.412914611683928","1,1,2,2,2,3,2,3,3,3,2,2,3,3,3,3,3,2,4,2,5,1,3,3,3,3,3,3,1,3,2,4,2,2,4,4,3,3,5,5,5,5,1,1,1,1,5,1,1,1,5,5,5,5,5,1,1,1,1,5,3,5,5,3,3,5,5,5,5,5,1,5,3,3,5,5,5,5,5,5,5,3,3,3,3,1,5,5,5,5,3,2,4,5,5,5,3,5,5,5,5,5,5,5,5,5,5,2,2,5,5,5,5,4,4,4,4,4,4,4,4,3,3,3,3,3,3,3,3","0.000771999359130859","leiden","edit-xhwikibooks.graphml"
"0.53","0.09","0.38","0.411800525191614","1,1,2,2,2,3,2,3,3,3,2,2,3,3,3,3,3,2,4,2,5,1,3,3,3,3,3,3,1,3,2,4,2,2,4,4,3,3,5,5,5,5,1,1,1,1,5,1,1,1,5,5,5,5,5,1,1,1,1,5,3,5,5,3,3,5,5,5,5,5,1,5,3,3,5,5,5,5,5,5,5,3,3,3,3,1,5,5,5,5,3,2,4,5,5,5,3,5,5,5,5,5,5,5,5,5,5,2,2,5,5,5,5,4,4,4,4,4,4,4,4,3,3,3,3,3,3,3,3","0.000797033309936523","leiden","edit-xhwikibooks.graphml"
"0.52","0.1","0.38","0.411800525191614","1,1,2,2,2,3,2,3,3,3,2,2,3,3,3,3,3,2,4,2,5,1,3,3,3,3,3,3,1,3,2,4,2,2,4,4,3,3,5,5,5,5,1,1,1,1,5,1,1,1,5,5,5,5,5,1,1,1,1,5,3,5,5,3,3,5,5,5,5,5,1,5,3,3,5,5,5,5,5,5,5,3,3,3,3,1,5,5,5,5,3,2,4,5,5,5,3,5,5,5,5,5,5,5,5,5,5,2,2,5,5,5,5,4,4,4,4,4,4,4,4,3,3,3,3,3,3,3,3","0.000771999359130859","leiden","edit-xhwikibooks.graphml"
"0.51","0.11","0.38","0.411530307379423","1,1,2,2,2,3,2,3,3,3,2,2,3,3,3,3,3,2,4,2,5,1,3,3,3,3,3,3,1,3,2,4,2,2,4,4,3,3,5,5,5,5,1,1,1,1,5,1,1,1,5,5,5,5,5,1,1,1,1,5,3,5,5,3,3,5,5,5,5,5,1,5,3,3,5,5,5,5,5,5,5,3,3,3,3,1,5,5,5,5,3,2,4,5,5,5,3,5,5,5,5,5,5,5,5,5,5,2,2,5,5,5,5,4,4,4,4,4,4,4,4,3,3,3,3,3,3,3,3","0.000752925872802734","leiden","edit-xhwikibooks.graphml"
"0.5","0.12","0.38","0.41317401332558","1,1,2,2,2,3,2,3,3,3,2,2,3,3,3,3,3,2,4,2,5,1,3,3,3,3,3,3,1,3,2,4,2,2,4,4,3,3,5,5,5,5,1,1,1,1,5,1,1,1,5,5,5,5,5,1,1,1,1,5,3,5,5,3,3,5,5,5,5,5,1,5,3,3,5,5,5,5,5,5,5,3,3,3,3,1,5,5,5,5,3,2,4,5,5,5,3,5,5,5,5,5,5,5,5,5,5,2,2,5,5,5,5,4,4,4,4,4,4,4,4,3,3,3,3,3,3,3,3","0.000903129577636719","leiden","edit-xhwikibooks.graphml"
"0.49","0.13","0.38","0.413743159110218","1,1,2,2,2,3,2,3,3,3,2,2,3,3,3,3,3,2,4,2,5,1,3,3,3,3,3,3,1,3,2,4,2,2,4,4,3,3,5,5,5,5,1,1,1,1,5,1,1,1,5,5,5,5,5,1,1,1,1,5,3,5,5,3,3,5,5,5,5,5,1,5,3,3,5,5,5,5,5,5,5,3,3,3,3,1,5,5,5,5,3,2,4,5,5,5,3,5,5,5,5,5,5,5,5,5,5,2,2,5,5,5,5,4,4,4,4,4,4,4,4,3,3,3,3,3,3,3,3","0.000768899917602539","leiden","edit-xhwikibooks.graphml"
"0.48","0.14","0.38","0.413743159110218","1,1,2,2,2,3,2,3,3,3,2,2,3,3,3,3,3,2,4,2,5,1,3,3,3,3,3,3,1,3,2,4,2,2,4,4,3,3,5,5,5,5,1,1,1,1,5,1,1,1,5,5,5,5,5,1,1,1,1,5,3,5,5,3,3,5,5,5,5,5,1,5,3,3,5,5,5,5,5,5,5,3,3,3,3,1,5,5,5,5,3,2,4,5,5,5,3,5,5,5,5,5,5,5,5,5,5,2,2,5,5,5,5,4,4,4,4,4,4,4,4,3,3,3,3,3,3,3,3","0.000777959823608398","leiden","edit-xhwikibooks.graphml"
"0.47","0.15","0.38","0.403951633099978","1,1,1,2,1,2,3,2,2,2,3,3,2,2,2,2,2,3,4,3,5,1,2,2,2,2,2,2,1,2,3,4,3,3,4,4,2,2,5,5,5,5,1,1,1,1,5,1,1,1,5,5,5,5,5,1,1,1,1,5,2,5,5,2,2,5,5,5,5,5,1,5,2,2,5,5,5,5,5,5,5,2,2,2,2,1,5,5,5,5,2,3,4,5,5,5,2,5,5,5,5,5,5,5,5,5,5,3,3,5,5,5,5,4,4,4,4,4,4,4,4,2,2,2,2,2,2,2,2","0.000756025314331055","leiden","edit-xhwikibooks.graphml"
"0.46","0.16","0.38","0.404807588182239","1,1,1,2,1,2,3,2,2,2,3,3,2,2,2,2,2,3,4,3,5,1,2,2,2,2,2,2,1,2,3,4,3,3,4,4,2,2,5,5,5,5,1,1,1,1,5,1,1,1,5,5,5,5,5,1,1,1,1,5,2,5,5,2,2,5,5,5,5,5,1,5,2,2,5,5,5,5,5,5,5,2,2,2,2,1,5,5,5,5,2,3,4,5,5,5,2,5,5,5,5,5,5,5,5,5,5,3,3,5,5,5,5,4,4,4,4,4,4,4,4,2,2,2,2,2,2,2,2","0.000787019729614258","leiden","edit-xhwikibooks.graphml"
"0.45","0.17","0.38","0.405383431416931","1,1,1,2,1,2,3,2,2,2,3,4,2,2,2,2,2,3,3,4,5,1,2,2,2,2,2,2,1,2,3,3,4,4,3,3,2,2,5,5,5,5,1,1,1,1,5,1,1,1,5,5,5,5,5,1,1,1,1,5,2,5,5,2,2,5,5,5,5,5,1,5,2,2,5,5,5,5,5,5,5,2,2,2,2,1,5,5,5,5,2,3,3,5,5,5,2,5,5,5,5,5,5,5,5,5,5,4,4,5,5,5,5,3,3,3,3,3,3,3,3,2,2,2,2,2,2,2,2","0.000799894332885742","leiden","edit-xhwikibooks.graphml"
"0.44","0.18","0.38","0.405506564056134","1,1,1,2,3,2,3,2,2,2,3,3,2,2,2,2,2,3,4,3,5,1,2,2,2,2,2,2,1,2,3,4,3,3,4,4,2,2,5,5,5,5,1,1,1,1,5,1,1,1,5,5,5,5,5,1,1,1,1,5,2,5,5,2,2,5,5,5,5,5,1,5,2,2,5,5,5,5,5,5,5,2,2,2,2,1,5,5,5,5,2,3,4,5,5,5,2,5,5,5,5,5,5,5,5,5,5,3,3,5,5,5,5,4,4,4,4,4,4,4,4,2,2,2,2,2,2,2,2","0.000804901123046875","leiden","edit-xhwikibooks.graphml"
"0.43","0.19","0.38","0.40441213218651","1,1,1,2,3,2,3,2,2,2,3,3,2,2,2,2,2,3,4,3,5,1,2,2,2,2,2,2,1,2,3,4,3,3,4,4,2,2,5,5,5,5,1,1,1,1,5,1,1,1,5,5,5,5,5,1,1,1,1,5,2,5,5,2,2,5,5,5,5,5,1,5,2,2,5,5,5,5,5,5,5,2,2,2,2,1,5,5,5,5,2,3,4,5,5,5,2,5,5,5,5,5,5,5,5,5,5,3,3,5,5,5,5,4,4,4,4,4,4,4,4,2,2,2,2,2,2,2,2","0.000833034515380859","leiden","edit-xhwikibooks.graphml"
"0.42","0.2","0.38","0.405940754867616","1,1,1,2,1,2,3,2,2,2,3,4,2,2,2,2,2,3,3,4,5,1,2,2,2,2,2,2,1,2,3,3,4,4,3,3,2,2,5,5,5,5,1,1,1,1,5,1,1,1,5,5,5,5,5,1,1,1,1,5,2,5,5,2,2,5,5,5,5,5,1,5,2,2,5,5,5,5,5,5,5,2,2,2,2,1,5,5,5,5,2,3,3,5,5,5,2,5,5,5,5,5,5,5,5,5,5,4,4,5,5,5,5,3,3,3,3,3,3,3,3,2,2,2,2,2,2,2,2","0.000768899917602539","leiden","edit-xhwikibooks.graphml"
"0.41","0.21","0.38","0.406643760867485","1,1,1,2,3,2,3,2,2,2,3,3,2,2,2,2,2,3,4,3,5,1,2,2,2,2,2,2,1,2,3,4,3,3,4,4,2,2,5,5,5,5,1,1,1,1,5,1,1,1,5,5,5,5,5,1,1,1,1,5,2,5,5,2,2,5,5,5,5,5,1,5,2,2,5,5,5,5,5,5,5,2,2,2,2,1,5,5,5,5,2,3,4,5,5,5,2,5,5,5,5,5,5,5,5,5,5,3,3,5,5,5,5,4,4,4,4,4,4,4,4,2,2,2,2,2,2,2,2","0.000919103622436523","leiden","edit-xhwikibooks.graphml"
"0.4","0.22","0.38","0.406643760867485","1,1,1,2,3,2,3,2,2,2,3,3,2,2,2,2,2,3,4,3,5,1,2,2,2,2,2,2,1,2,3,4,3,3,4,4,2,2,5,5,5,5,1,1,1,1,5,1,1,1,5,5,5,5,5,1,1,1,1,5,2,5,5,2,2,5,5,5,5,5,1,5,2,2,5,5,5,5,5,5,5,2,2,2,2,1,5,5,5,5,2,3,4,5,5,5,2,5,5,5,5,5,5,5,5,5,5,3,3,5,5,5,5,4,4,4,4,4,4,4,4,2,2,2,2,2,2,2,2","0.000776052474975586","leiden","edit-xhwikibooks.graphml"
"0.39","0.23","0.38","0.407910464640218","1,1,1,2,1,2,3,2,2,2,3,4,2,2,2,2,2,3,3,4,5,1,2,2,2,2,2,2,1,2,3,3,4,4,3,3,2,2,5,5,5,5,1,1,1,1,5,1,1,1,5,5,5,5,5,1,1,1,1,5,2,5,5,2,2,5,5,5,5,5,1,5,2,2,5,5,5,5,5,5,5,2,2,2,2,1,5,5,5,5,2,3,3,5,5,5,2,5,5,5,5,5,5,5,5,5,5,4,4,5,5,5,5,3,3,3,3,3,3,3,3,2,2,2,2,2,2,2,2","0.000795125961303711","leiden","edit-xhwikibooks.graphml"
"0.38","0.24","0.38","0.409589501346786","1,1,1,2,1,2,3,2,2,2,3,4,2,2,2,2,2,3,3,4,5,1,2,2,2,2,2,2,1,2,3,3,4,4,3,3,2,2,5,5,5,5,1,1,1,1,5,1,1,1,5,5,5,5,5,1,1,1,1,5,2,5,5,2,2,5,5,5,5,5,1,5,2,2,5,5,5,5,5,5,5,2,2,2,2,1,5,5,5,5,2,3,3,5,5,5,2,5,5,5,5,5,5,5,5,5,5,4,4,5,5,5,5,3,3,3,3,3,3,3,3,2,2,2,2,2,2,2,2","0.00080108642578125","leiden","edit-xhwikibooks.graphml"
"0.37","0.25","0.38","0.41202006573601","1,1,1,2,1,2,3,2,2,2,3,3,2,2,2,2,2,3,4,3,5,1,2,2,2,2,2,2,1,2,3,4,3,3,4,4,2,2,5,5,5,5,1,1,1,1,5,1,1,1,5,5,5,5,5,1,1,1,1,5,2,5,5,2,2,5,5,5,5,5,1,5,2,2,5,5,5,5,5,5,5,2,2,2,2,1,5,5,5,5,2,3,4,5,5,5,2,5,5,5,5,5,5,5,5,5,5,3,3,5,5,5,5,4,4,4,4,4,4,4,4,2,2,2,2,2,2,2,2","0.000924110412597656","leiden","edit-xhwikibooks.graphml"
"0.36","0.26","0.38","0.412008000176015","1,1,1,2,1,2,3,2,2,2,3,4,2,2,2,2,2,3,3,4,5,1,2,2,2,2,2,2,1,2,3,3,4,4,3,3,2,2,5,5,5,5,1,1,1,1,5,1,1,1,5,5,5,5,5,1,1,1,1,5,2,5,5,2,2,5,5,5,5,5,1,5,2,2,5,5,5,5,5,5,5,2,2,2,2,1,5,5,5,5,2,3,3,5,5,5,2,5,5,5,5,5,5,5,5,5,5,4,4,5,5,5,5,3,3,3,3,3,3,3,3,2,2,2,2,2,2,2,2","0.000777006149291992","leiden","edit-xhwikibooks.graphml"
"0.35","0.27","0.38","0.412134333686547","1,1,1,2,3,2,3,2,2,2,3,3,2,2,2,2,2,3,4,3,5,1,2,2,2,2,2,2,1,2,3,4,3,3,4,4,2,2,5,5,5,5,1,1,1,1,5,1,1,1,5,5,5,5,5,1,1,1,1,5,2,5,5,2,2,5,5,5,5,5,1,5,2,2,5,5,5,5,5,5,5,2,2,2,2,1,5,5,5,5,2,3,4,5,5,5,2,5,5,5,5,5,5,5,5,5,5,3,3,5,5,5,5,4,4,4,4,4,4,4,4,2,2,2,2,2,2,2,2","0.000790834426879883","leiden","edit-xhwikibooks.graphml"
"0.34","0.28","0.38","0.411866632089696","1,1,1,2,3,2,3,2,2,2,3,3,2,2,2,2,2,3,4,3,5,1,2,2,2,2,2,2,1,2,3,4,3,3,4,4,2,2,5,5,5,5,1,1,1,1,5,1,1,1,5,5,5,5,5,1,1,1,1,5,2,5,5,2,2,5,5,5,5,5,1,5,2,2,5,5,5,5,5,5,5,2,2,2,2,1,5,5,5,5,2,3,4,5,5,5,2,5,5,5,5,5,5,5,5,5,5,3,3,5,5,5,5,4,4,4,4,4,4,4,4,2,2,2,2,2,2,2,2","0.000794172286987305","leiden","edit-xhwikibooks.graphml"
"0.33","0.29","0.38","0.410980298360006","1,1,1,2,1,2,3,2,2,2,3,3,2,2,2,2,2,3,4,3,5,1,2,2,2,2,2,2,1,2,3,4,3,3,4,4,2,2,5,5,5,5,1,1,1,1,5,1,1,1,5,5,5,5,5,1,1,1,1,5,2,5,5,2,2,5,5,5,5,5,1,5,2,2,5,5,5,5,5,5,5,2,2,2,2,1,5,5,5,5,2,3,4,5,5,5,2,5,5,5,5,5,5,5,5,5,5,3,3,5,5,5,5,4,4,4,4,4,4,4,4,2,2,2,2,2,2,2,2","0.000805854797363281","leiden","edit-xhwikibooks.graphml"
"0.32","0.3","0.38","0.41082719733814","1,1,1,2,3,2,3,2,2,2,3,3,2,2,2,2,2,3,4,3,5,1,2,2,2,2,2,2,1,2,3,4,3,3,4,4,2,2,5,5,5,5,1,1,1,1,5,1,1,1,5,5,5,5,5,1,1,1,1,5,2,5,5,2,2,5,5,5,5,5,1,5,2,2,5,5,5,5,5,5,5,2,2,2,2,1,5,5,5,5,2,3,4,5,5,5,2,5,5,5,5,5,5,5,5,5,5,3,3,5,5,5,5,4,4,4,4,4,4,4,4,2,2,2,2,2,2,2,2","0.000774145126342773","leiden","edit-xhwikibooks.graphml"
"0.31","0.31","0.38","0.411542659407337","1,1,1,2,1,2,3,2,2,2,3,3,2,2,2,2,2,3,4,3,5,1,2,2,2,2,2,2,1,2,3,4,3,3,4,4,2,2,5,5,5,5,1,1,1,1,5,1,1,1,5,5,5,5,5,1,1,1,1,5,2,5,5,2,2,5,5,5,5,5,1,5,2,2,5,5,5,5,5,5,5,2,2,2,2,1,5,5,5,5,2,3,4,5,5,5,2,5,5,5,5,5,5,5,5,5,5,3,3,5,5,5,5,4,4,4,4,4,4,4,4,2,2,2,2,2,2,2,2","0.000782966613769531","leiden","edit-xhwikibooks.graphml"
"0.3","0.32","0.38","0.411390791610762","1,1,1,2,3,2,3,2,2,2,3,3,2,2,2,2,2,3,4,3,5,1,2,2,2,2,2,2,1,2,3,4,3,3,4,4,2,2,5,5,5,5,1,1,1,1,5,1,1,1,5,5,5,5,5,1,1,1,1,5,2,5,5,2,2,5,5,5,5,5,1,5,2,2,5,5,5,5,5,5,5,2,2,2,2,1,5,5,5,5,2,3,4,5,5,5,2,5,5,5,5,5,5,5,5,5,5,3,3,5,5,5,5,4,4,4,4,4,4,4,4,2,2,2,2,2,2,2,2","0.000786066055297852","leiden","edit-xhwikibooks.graphml"
"0.29","0.33","0.38","0.406286023671475","1,1,1,2,1,2,3,2,2,2,3,4,2,2,2,2,2,3,3,4,5,1,2,2,2,2,2,2,1,2,3,3,4,4,3,3,2,2,5,5,5,5,1,1,1,1,5,1,1,1,5,5,5,5,5,1,1,1,1,5,2,5,5,2,2,5,5,5,5,5,1,5,2,2,5,5,5,5,5,5,5,2,2,2,2,1,5,5,5,5,2,3,3,5,5,5,2,5,5,5,5,5,5,5,5,5,5,4,4,5,5,5,5,3,3,3,3,3,3,3,3,2,2,2,2,2,2,2,2","0.000862836837768555","leiden","edit-xhwikibooks.graphml"
"0.28","0.34","0.38","0.417936896259811","1,1,1,2,3,2,3,2,2,2,3,3,2,2,2,2,2,3,4,3,5,1,2,2,2,2,2,2,1,2,3,4,3,3,4,4,2,2,5,5,5,5,1,1,1,1,5,1,1,1,5,5,5,5,5,1,1,1,1,5,2,5,5,2,2,5,5,5,5,5,1,5,2,2,5,5,5,5,5,5,5,2,2,2,2,1,5,5,5,5,2,3,4,5,5,5,2,5,5,5,5,5,5,5,5,5,5,3,3,5,5,5,5,4,4,4,4,4,4,4,4,2,2,2,2,2,2,2,2","0.000765085220336914","leiden","edit-xhwikibooks.graphml"
"0.27","0.35","0.38","0.417936896259811","1,1,1,2,3,2,3,2,2,2,3,3,2,2,2,2,2,3,4,3,5,1,2,2,2,2,2,2,1,2,3,4,3,3,4,4,2,2,5,5,5,5,1,1,1,1,5,1,1,1,5,5,5,5,5,1,1,1,1,5,2,5,5,2,2,5,5,5,5,5,1,5,2,2,5,5,5,5,5,5,5,2,2,2,2,1,5,5,5,5,2,3,4,5,5,5,2,5,5,5,5,5,5,5,5,5,5,3,3,5,5,5,5,4,4,4,4,4,4,4,4,2,2,2,2,2,2,2,2","0.00078892707824707","leiden","edit-xhwikibooks.graphml"
"0.26","0.36","0.38","0.417669097222222","1,1,1,2,3,2,3,2,2,2,3,3,2,2,2,2,2,3,4,3,5,1,2,2,2,2,2,2,1,2,3,4,3,3,4,4,2,2,5,5,5,5,1,1,1,1,5,1,1,1,5,5,5,5,5,1,1,1,1,5,2,5,5,2,2,5,5,5,5,5,1,5,2,2,5,5,5,5,5,5,5,2,2,2,2,1,5,5,5,5,2,3,4,5,5,5,2,5,5,5,5,5,5,5,5,5,5,3,3,5,5,5,5,4,4,4,4,4,4,4,4,2,2,2,2,2,2,2,2","0.000776052474975586","leiden","edit-xhwikibooks.graphml"
"0.25","0.37","0.38","0.417560069444444","1,1,1,2,1,2,3,2,2,2,3,3,2,2,2,2,2,3,4,3,5,1,2,2,2,2,2,2,1,2,3,4,3,3,4,4,2,2,5,5,5,5,1,1,1,1,5,1,1,1,5,5,5,5,5,1,1,1,1,5,2,5,5,2,2,5,5,5,5,5,1,5,2,2,5,5,5,5,5,5,5,2,2,2,2,1,5,5,5,5,2,3,4,5,5,5,2,5,5,5,5,5,5,5,5,5,5,3,3,5,5,5,5,4,4,4,4,4,4,4,4,2,2,2,2,2,2,2,2","0.000859975814819336","leiden","edit-xhwikibooks.graphml"
"0.24","0.38","0.38","0.417401610231829","1,1,1,2,3,2,3,2,2,2,3,3,2,2,2,2,2,3,4,3,5,1,2,2,2,2,2,2,1,2,3,4,3,3,4,4,2,2,5,5,5,5,1,1,1,1,5,1,1,1,5,5,5,5,5,1,1,1,1,5,2,5,5,2,2,5,5,5,5,5,1,5,2,2,5,5,5,5,5,5,5,2,2,2,2,1,5,5,5,5,2,3,4,5,5,5,2,5,5,5,5,5,5,5,5,5,5,3,3,5,5,5,5,4,4,4,4,4,4,4,4,2,2,2,2,2,2,2,2","0.000769853591918945","leiden","edit-xhwikibooks.graphml"
"0.23","0.39","0.38","0.414645809330992","1,1,1,2,3,2,3,2,2,2,3,3,2,2,2,2,2,3,4,3,5,1,2,2,2,2,2,2,1,2,3,4,3,3,4,4,2,2,5,5,5,5,1,1,1,1,5,1,1,1,5,5,5,5,5,1,1,1,1,5,6,5,5,2,2,5,5,5,5,5,1,5,2,2,5,5,5,5,5,5,5,2,2,2,2,7,5,5,5,5,8,9,10,5,5,5,2,5,5,5,5,5,5,5,5,5,5,3,3,5,5,5,5,4,4,4,4,4,4,4,4,2,2,2,2,2,2,2,2","0.000804901123046875","leiden","edit-xhwikibooks.graphml"
"0.22","0.4","0.38","0.415950601036032","1,1,1,2,3,2,3,2,2,2,3,3,2,2,2,2,2,3,4,3,5,1,2,2,2,2,2,2,1,2,3,4,3,3,4,4,2,2,5,5,5,5,1,1,1,1,5,1,1,1,5,5,5,5,5,1,1,1,1,5,6,5,5,2,2,5,5,5,5,5,1,5,2,2,5,5,5,5,5,5,5,2,2,2,2,7,5,5,5,5,8,9,10,5,5,5,2,5,5,5,5,5,5,5,5,5,5,3,3,5,5,5,5,4,4,4,4,4,4,4,4,2,2,2,2,2,2,2,2","0.000825881958007812","leiden","edit-xhwikibooks.graphml"
"0.21","0.41","0.38","0.415950601036032","1,1,1,2,4,2,4,2,2,2,4,4,2,2,2,2,2,4,3,4,5,1,2,2,2,2,2,2,1,2,4,3,4,4,3,3,2,2,5,5,5,5,1,1,1,1,5,1,1,1,5,5,5,5,5,1,1,1,1,5,6,5,5,2,2,5,5,5,5,5,1,5,2,2,5,5,5,5,5,5,5,2,2,2,2,7,5,5,5,5,8,9,10,5,5,5,2,5,5,5,5,5,5,5,5,5,5,4,4,5,5,5,5,3,3,3,3,3,3,3,3,2,2,2,2,2,2,2,2","0.000870943069458008","leiden","edit-xhwikibooks.graphml"
"0.2","0.42","0.38","0.415683333333333","1,1,1,2,3,2,3,2,2,2,3,3,2,2,2,2,2,3,4,3,5,1,2,2,2,2,2,2,1,2,3,4,3,3,4,4,2,2,5,5,5,5,1,1,1,1,5,1,1,1,5,5,5,5,5,1,1,1,1,5,6,5,5,2,2,5,5,5,5,5,1,5,2,2,5,5,5,5,5,5,5,2,2,2,2,7,5,5,5,5,8,9,10,5,5,5,2,5,5,5,5,5,5,5,5,5,5,3,3,5,5,5,5,4,4,4,4,4,4,4,4,2,2,2,2,2,2,2,2","0.000810146331787109","leiden","edit-xhwikibooks.graphml"
"0.19","0.43","0.38","0.41650622815708","1,1,1,2,3,2,3,2,2,2,3,3,2,2,2,2,2,3,4,3,5,1,2,2,2,2,2,2,1,2,3,4,3,3,4,4,2,2,5,5,5,5,1,1,1,1,5,1,1,1,5,5,5,5,5,1,1,1,1,5,6,5,5,2,2,5,5,5,5,5,1,5,2,2,5,5,5,5,5,5,5,2,2,2,2,7,5,5,5,5,8,9,10,5,5,5,2,5,5,5,5,5,5,5,5,5,5,3,3,5,5,5,5,4,4,4,4,4,4,4,4,2,2,2,2,2,2,2,2","0.000794887542724609","leiden","edit-xhwikibooks.graphml"
"0.18","0.44","0.38","0.416239157698899","1,1,1,2,3,2,3,2,2,2,3,3,2,2,2,2,2,3,4,3,5,1,2,2,2,2,2,2,1,2,3,4,3,3,4,4,2,2,5,5,5,5,1,1,1,1,5,1,1,1,5,5,5,5,5,1,1,1,1,5,6,5,5,2,2,5,5,5,5,5,1,5,2,2,5,5,5,5,5,5,5,2,2,2,2,7,5,5,5,5,8,9,10,5,5,5,2,5,5,5,5,5,5,5,5,5,5,3,3,5,5,5,5,4,4,4,4,4,4,4,4,2,2,2,2,2,2,2,2","0.000834941864013672","leiden","edit-xhwikibooks.graphml"
"0.17","0.45","0.38","0.417727177404223","1,1,1,2,1,2,3,2,2,2,3,3,2,2,2,2,2,3,4,3,5,1,2,2,2,2,2,2,1,2,3,4,3,3,4,4,2,2,5,5,5,5,1,1,1,1,5,1,1,1,5,5,5,5,5,1,1,1,1,5,6,5,5,2,2,5,5,5,5,5,1,5,2,2,5,5,5,5,5,5,5,2,2,2,2,7,5,5,5,5,8,9,10,5,5,5,2,5,5,5,5,5,5,5,5,5,5,3,3,5,5,5,5,4,4,4,4,4,4,4,4,2,2,2,2,2,2,2,2","0.00105905532836914","leiden","edit-xhwikibooks.graphml"
"0.16","0.46","0.38","0.417569256727674","1,1,1,2,3,2,3,2,2,2,3,3,2,2,2,2,2,3,4,3,5,1,2,2,2,2,2,2,1,2,3,4,3,3,4,4,2,2,5,5,5,5,1,1,1,1,5,1,1,1,5,5,5,5,5,1,1,1,1,5,6,5,5,2,2,5,5,5,5,5,1,5,2,2,5,5,5,5,5,5,5,2,2,2,2,7,5,5,5,5,8,9,10,5,5,5,2,5,5,5,5,5,5,5,5,5,5,3,3,5,5,5,5,4,4,4,4,4,4,4,4,2,2,2,2,2,2,2,2","0.000813007354736328","leiden","edit-xhwikibooks.graphml"
"0.15","0.47","0.38","0.418377982943216","1,1,1,2,3,2,3,2,2,2,3,3,2,2,2,2,2,3,4,3,5,1,2,2,2,2,2,2,1,2,3,4,3,3,4,4,2,2,5,5,5,5,1,1,1,1,5,1,1,1,5,5,5,5,5,1,1,1,1,5,6,5,5,2,2,5,5,5,5,5,1,5,2,2,5,5,5,5,5,5,5,2,2,2,2,7,5,5,5,5,8,9,10,5,5,5,2,5,5,5,5,5,5,5,5,5,5,3,3,5,5,5,5,4,4,4,4,4,4,4,4,2,2,2,2,2,2,2,2","0.000823974609375","leiden","edit-xhwikibooks.graphml"
"0.14","0.48","0.38","0.418111279892425","1,1,1,2,3,2,3,2,2,2,3,3,2,2,2,2,2,3,4,3,5,1,2,2,2,2,2,2,1,2,3,4,3,3,4,4,2,2,5,5,5,5,1,1,1,1,5,1,1,1,5,5,5,5,5,1,1,1,1,5,6,5,5,2,2,5,5,5,5,5,1,5,2,2,5,5,5,5,5,5,5,2,2,2,2,7,5,5,5,5,8,9,10,5,5,5,2,5,5,5,5,5,5,5,5,5,5,3,3,5,5,5,5,4,4,4,4,4,4,4,4,2,2,2,2,2,2,2,2","0.000811100006103516","leiden","edit-xhwikibooks.graphml"
"0.13","0.49","0.38","0.418111279892425","1,1,1,2,3,2,3,2,2,2,3,3,2,2,2,2,2,3,4,3,5,1,2,2,2,2,2,2,1,2,3,4,3,3,4,4,2,2,5,5,5,5,1,1,1,1,5,1,1,1,5,5,5,5,5,1,1,1,1,5,6,5,5,2,2,5,5,5,5,5,1,5,2,2,5,5,5,5,5,5,5,2,2,2,2,7,5,5,5,5,8,9,10,5,5,5,2,5,5,5,5,5,5,5,5,5,5,3,3,5,5,5,5,4,4,4,4,4,4,4,4,2,2,2,2,2,2,2,2","0.00094294548034668","leiden","edit-xhwikibooks.graphml"
"0.12","0.5","0.38","0.450359297328747","1,1,1,2,3,2,3,2,2,2,3,3,2,2,2,2,2,3,4,3,5,1,2,2,2,2,2,2,1,2,3,4,3,3,4,4,2,2,5,5,5,5,1,1,1,1,5,1,1,1,5,5,5,5,5,1,1,1,1,5,6,5,5,2,2,5,5,5,5,5,1,5,2,2,5,5,5,5,5,5,5,2,2,2,2,7,5,5,5,5,8,9,10,5,5,5,2,5,5,5,5,5,5,5,5,5,5,3,3,5,5,5,5,4,4,4,4,4,4,4,4,2,2,2,2,2,2,2,2","0.000818967819213867","leiden","edit-xhwikibooks.graphml"
"0.11","0.51","0.38","0.450359297328747","1,1,1,2,3,2,3,2,2,2,3,3,2,2,2,2,2,3,4,3,5,1,2,2,2,2,2,2,1,2,3,4,3,3,4,4,2,2,5,5,5,5,1,1,1,1,5,1,1,1,5,5,5,5,5,1,1,1,1,5,6,5,5,2,2,5,5,5,5,5,1,5,2,2,5,5,5,5,5,5,5,2,2,2,2,7,5,5,5,5,8,9,10,5,5,5,2,5,5,5,5,5,5,5,5,5,5,3,3,5,5,5,5,4,4,4,4,4,4,4,4,2,2,2,2,2,2,2,2","0.00079798698425293","leiden","edit-xhwikibooks.graphml"
"0.1","0.52","0.38","0.450359297328747","1,1,1,2,3,2,3,2,2,2,3,3,2,2,2,2,2,3,4,3,5,1,2,2,2,2,2,2,1,2,3,4,3,3,4,4,2,2,5,5,5,5,1,1,1,1,5,1,1,1,5,5,5,5,5,1,1,1,1,5,6,5,5,2,2,5,5,5,5,5,1,5,2,2,5,5,5,5,5,5,5,2,2,2,2,7,5,5,5,5,8,9,10,5,5,5,2,5,5,5,5,5,5,5,5,5,5,3,3,5,5,5,5,4,4,4,4,4,4,4,4,2,2,2,2,2,2,2,2","0.000814199447631836","leiden","edit-xhwikibooks.graphml"
"0.09","0.53","0.38","0.449192364733313","1,1,1,2,3,2,3,2,2,2,3,3,2,2,2,2,2,3,4,3,5,1,2,2,2,2,2,2,1,2,3,4,3,3,4,4,2,2,5,5,5,5,1,1,1,1,5,1,1,1,5,5,5,5,5,1,1,1,1,5,6,5,5,2,2,5,5,5,5,5,1,5,2,2,5,5,5,5,5,5,5,2,2,2,2,7,5,5,5,5,8,9,10,5,5,5,2,5,5,5,5,5,5,5,5,5,5,3,3,5,5,5,5,4,4,4,4,4,4,4,4,2,2,2,2,2,2,2,2","0.000842094421386719","leiden","edit-xhwikibooks.graphml"
"0.08","0.54","0.38","0.450651238305003","1,1,1,2,3,2,3,2,2,2,3,3,2,2,2,2,2,3,4,3,5,1,2,2,2,2,2,2,1,2,3,4,3,3,4,4,2,2,5,5,5,5,1,1,1,1,5,1,1,1,5,5,5,5,5,1,1,1,1,5,6,5,5,2,2,5,5,5,5,5,1,5,2,2,5,5,5,5,5,5,5,2,2,2,2,7,5,5,5,5,8,9,10,5,5,5,2,5,5,5,5,5,5,5,5,5,5,3,3,5,5,5,5,4,4,4,4,4,4,4,4,2,2,2,2,2,2,2,2","0.000854015350341797","leiden","edit-xhwikibooks.graphml"
"0.07","0.55","0.38","0.450383016770577","1,1,1,2,3,2,3,2,2,2,3,3,2,2,2,2,2,3,4,3,5,1,2,2,2,2,2,2,1,2,3,4,3,3,4,4,2,2,5,5,5,5,1,1,1,1,5,1,1,1,5,5,5,5,5,1,1,1,1,5,6,5,5,2,2,5,5,5,5,5,1,5,2,2,5,5,5,5,5,5,5,2,2,2,2,7,5,5,5,5,8,9,10,5,5,5,2,5,5,5,5,5,5,5,5,5,5,3,3,5,5,5,5,4,4,4,4,4,4,4,4,2,2,2,2,2,2,2,2","0.000870943069458008","leiden","edit-xhwikibooks.graphml"
"0.06","0.56","0.38","0.451776377844943","1,1,1,2,3,2,3,2,2,2,3,3,2,2,2,4,2,3,5,3,6,1,2,2,2,2,2,4,1,2,3,5,3,3,5,5,2,2,6,6,6,6,1,1,1,1,6,1,1,1,6,6,6,6,6,1,1,1,1,6,7,6,6,2,2,6,6,6,6,6,1,6,2,2,6,6,6,6,6,6,6,2,4,4,4,8,6,6,6,6,9,10,11,6,6,6,4,6,6,6,6,6,6,6,6,6,6,3,3,6,6,6,6,5,5,5,5,5,5,5,5,2,2,2,2,2,2,2,2","0.000993013381958008","leiden","edit-xhwikibooks.graphml"
"0.05","0.57","0.38","0.438318030801674","1,1,1,2,3,2,3,2,2,2,3,3,2,2,2,4,2,3,5,3,6,1,2,2,2,2,2,4,1,2,3,5,3,3,5,5,2,2,6,6,6,6,1,1,1,1,6,1,1,1,6,6,6,6,6,1,1,1,1,6,7,6,6,2,2,6,6,6,6,6,1,6,2,2,6,6,6,6,6,6,6,2,4,4,4,8,6,6,6,6,9,10,11,6,6,6,4,6,6,6,6,6,6,6,6,6,6,3,3,6,6,6,6,5,5,5,5,5,5,5,5,2,2,2,2,2,2,2,2","0.000844955444335938","leiden","edit-xhwikibooks.graphml"
"0.04","0.58","0.38","0.439776599895942","1,1,1,2,3,2,3,2,2,2,3,3,2,2,2,4,2,3,5,3,6,1,2,2,2,2,2,4,1,2,3,5,3,3,5,5,2,2,6,6,6,6,1,1,1,1,6,1,1,1,6,6,6,6,6,1,1,1,1,6,7,6,6,2,2,6,6,6,6,6,1,6,2,2,6,6,6,6,6,6,6,2,4,4,4,8,6,6,6,6,9,10,11,6,6,6,4,6,6,6,6,6,6,6,6,6,6,3,3,6,6,6,6,5,5,5,5,5,5,5,5,2,2,2,2,2,2,2,2","0.00083613395690918","leiden","edit-xhwikibooks.graphml"
"0.03","0.59","0.38","0.439507727190972","1,1,1,2,3,2,3,2,2,2,3,3,2,2,2,4,2,3,5,3,6,1,2,2,2,2,2,4,1,2,3,5,3,3,5,5,2,2,6,6,6,6,1,1,1,1,6,1,1,1,6,6,6,6,6,1,1,1,1,6,7,6,6,2,2,6,6,6,6,6,1,6,2,2,6,6,6,6,6,6,6,2,4,4,4,8,6,6,6,6,9,10,11,6,6,6,4,6,6,6,6,6,6,6,6,6,6,3,3,6,6,6,6,5,5,5,5,5,5,5,5,2,2,2,2,2,2,2,2","0.000841140747070312","leiden","edit-xhwikibooks.graphml"
"0.02","0.6","0.38","0.440934559357017","1,1,1,2,3,2,3,2,2,2,3,3,2,2,2,4,2,3,5,3,6,1,2,2,2,2,2,4,1,2,3,5,3,3,5,5,2,2,6,6,6,6,1,1,1,1,6,1,1,1,6,6,6,6,6,1,1,1,1,6,7,6,6,2,2,6,6,6,6,6,1,6,2,2,6,6,6,6,6,6,6,2,4,4,4,8,6,6,6,6,9,10,11,6,6,6,4,6,6,6,6,6,6,6,6,6,6,3,3,6,6,6,6,5,5,5,5,5,5,5,5,2,2,2,2,2,2,2,2","0.000855922698974609","leiden","edit-xhwikibooks.graphml"
"0.01","0.61","0.38","0.440666000661697","1,1,1,2,3,2,3,2,2,2,3,3,2,2,2,4,2,3,5,3,6,1,2,2,2,2,2,4,1,2,3,5,3,3,5,5,2,2,6,6,6,6,1,1,1,1,6,1,1,1,6,6,6,6,6,1,1,1,1,6,7,6,6,2,2,6,6,6,6,6,1,6,2,2,6,6,6,6,6,6,6,2,4,4,4,8,6,6,6,6,9,10,11,6,6,6,4,6,6,6,6,6,6,6,6,6,6,3,3,6,6,6,6,5,5,5,5,5,5,5,5,2,2,2,2,2,2,2,2","0.00104594230651855","leiden","edit-xhwikibooks.graphml"
"0","0.62","0.38","0.443635869509743","1,1,1,1,1,2,4,2,2,2,4,4,2,2,2,3,2,4,5,4,6,1,2,2,2,2,2,3,1,2,4,5,4,4,5,5,2,2,6,6,6,6,1,1,1,1,6,1,1,1,6,6,6,6,6,1,1,1,1,6,7,6,6,2,2,6,6,6,6,6,1,6,2,2,6,6,6,6,6,6,6,2,3,3,3,8,6,6,6,6,9,10,11,6,6,6,3,6,6,6,6,6,6,6,6,6,6,4,4,6,6,6,6,5,5,5,5,5,5,5,5,2,2,2,2,2,2,2,2","0.00083613395690918","leiden","edit-xhwikibooks.graphml"
"0.61","0","0.39","0.411008696372861","1,1,2,2,2,3,2,3,3,3,2,2,3,3,3,3,3,2,4,2,5,1,3,3,3,3,3,3,1,3,2,4,2,2,4,4,3,3,5,5,5,5,1,1,1,1,5,1,1,1,5,5,5,5,5,1,1,1,1,5,3,5,5,3,3,5,5,5,5,5,1,5,3,3,5,5,5,5,5,5,5,3,3,3,3,1,5,5,5,5,3,2,4,5,5,5,3,5,5,5,5,5,5,5,5,5,5,2,2,5,5,5,5,4,4,4,4,4,4,4,4,3,3,3,3,3,3,3,3","0.000795125961303711","leiden","edit-xhwikibooks.graphml"
"0.6","0.01","0.39","0.411008696372861","1,1,2,2,2,3,2,3,3,3,2,2,3,3,3,3,3,2,4,2,5,1,3,3,3,3,3,3,1,3,2,4,2,2,4,4,3,3,5,5,5,5,1,1,1,1,5,1,1,1,5,5,5,5,5,1,1,1,1,5,3,5,5,3,3,5,5,5,5,5,1,5,3,3,5,5,5,5,5,5,5,3,3,3,3,1,5,5,5,5,3,2,4,5,5,5,3,5,5,5,5,5,5,5,5,5,5,2,2,5,5,5,5,4,4,4,4,4,4,4,4,3,3,3,3,3,3,3,3","0.000796079635620117","leiden","edit-xhwikibooks.graphml"
"0.59","0.02","0.39","0.411008696372861","1,1,2,2,2,3,2,3,3,3,2,2,3,3,3,3,3,2,4,2,5,1,3,3,3,3,3,3,1,3,2,4,2,2,4,4,3,3,5,5,5,5,1,1,1,1,5,1,1,1,5,5,5,5,5,1,1,1,1,5,3,5,5,3,3,5,5,5,5,5,1,5,3,3,5,5,5,5,5,5,5,3,3,3,3,1,5,5,5,5,3,2,4,5,5,5,3,5,5,5,5,5,5,5,5,5,5,2,2,5,5,5,5,4,4,4,4,4,4,4,4,3,3,3,3,3,3,3,3","0.000816822052001953","leiden","edit-xhwikibooks.graphml"
"0.58","0.03","0.39","0.41075063897302","1,1,2,2,2,3,2,3,3,3,2,2,3,3,3,3,3,2,4,2,5,1,3,3,3,3,3,3,1,3,2,4,2,2,4,4,3,3,5,5,5,5,1,1,1,1,5,1,1,1,5,5,5,5,5,1,1,1,1,5,3,5,5,3,3,5,5,5,5,5,1,5,3,3,5,5,5,5,5,5,5,3,3,3,3,1,5,5,5,5,3,2,4,5,5,5,3,5,5,5,5,5,5,5,5,5,5,2,2,5,5,5,5,4,4,4,4,4,4,4,4,3,3,3,3,3,3,3,3","0.000798940658569336","leiden","edit-xhwikibooks.graphml"
"0.57","0.04","0.39","0.41075063897302","1,1,2,2,2,3,2,3,3,3,2,2,3,3,3,3,3,2,4,2,5,1,3,3,3,3,3,3,1,3,2,4,2,2,4,4,3,3,5,5,5,5,1,1,1,1,5,1,1,1,5,5,5,5,5,1,1,1,1,5,3,5,5,3,3,5,5,5,5,5,1,5,3,3,5,5,5,5,5,5,5,3,3,3,3,1,5,5,5,5,3,2,4,5,5,5,3,5,5,5,5,5,5,5,5,5,5,2,2,5,5,5,5,4,4,4,4,4,4,4,4,3,3,3,3,3,3,3,3","0.000841140747070312","leiden","edit-xhwikibooks.graphml"
"0.56","0.05","0.39","0.410492878099953","1,1,2,2,2,3,2,3,3,3,2,2,3,3,3,3,3,2,4,2,5,1,3,3,3,3,3,3,1,3,2,4,2,2,4,4,3,3,5,5,5,5,1,1,1,1,5,1,1,1,5,5,5,5,5,1,1,1,1,5,3,5,5,3,3,5,5,5,5,5,1,5,3,3,5,5,5,5,5,5,5,3,3,3,3,1,5,5,5,5,3,2,4,5,5,5,3,5,5,5,5,5,5,5,5,5,5,2,2,5,5,5,5,4,4,4,4,4,4,4,4,3,3,3,3,3,3,3,3","0.000830173492431641","leiden","edit-xhwikibooks.graphml"
"0.55","0.06","0.39","0.410492878099953","1,1,2,2,2,3,2,3,3,3,2,2,3,3,3,3,3,2,4,2,5,1,3,3,3,3,3,3,1,3,2,4,2,2,4,4,3,3,5,5,5,5,1,1,1,1,5,1,1,1,5,5,5,5,5,1,1,1,1,5,3,5,5,3,3,5,5,5,5,5,1,5,3,3,5,5,5,5,5,5,5,3,3,3,3,1,5,5,5,5,3,2,4,5,5,5,3,5,5,5,5,5,5,5,5,5,5,2,2,5,5,5,5,4,4,4,4,4,4,4,4,3,3,3,3,3,3,3,3","0.000776052474975586","leiden","edit-xhwikibooks.graphml"
"0.54","0.07","0.39","0.410235413328306","1,1,2,2,2,3,2,3,3,3,2,2,3,3,3,3,3,2,4,2,5,1,3,3,3,3,3,3,1,3,2,4,2,2,4,4,3,3,5,5,5,5,1,1,1,1,5,1,1,1,5,5,5,5,5,1,1,1,1,5,3,5,5,3,3,5,5,5,5,5,1,5,3,3,5,5,5,5,5,5,5,3,3,3,3,1,5,5,5,5,3,2,4,5,5,5,3,5,5,5,5,5,5,5,5,5,5,2,2,5,5,5,5,4,4,4,4,4,4,4,4,3,3,3,3,3,3,3,3","0.000822067260742188","leiden","edit-xhwikibooks.graphml"
"0.53","0.08","0.39","0.410480149578249","1,1,2,2,2,3,2,3,3,3,4,2,3,3,3,3,3,4,4,2,5,1,3,3,3,3,3,3,1,3,4,4,2,2,4,4,3,3,5,5,5,5,1,1,1,1,5,1,1,1,5,5,5,5,5,1,1,1,1,5,3,5,5,3,3,5,5,5,5,5,1,5,3,3,5,5,5,5,5,5,5,3,3,3,3,1,5,5,5,5,3,4,4,5,5,5,3,5,5,5,5,5,5,5,5,5,5,2,2,5,5,5,5,4,4,4,4,4,4,4,4,3,3,3,3,3,3,3,3","0.000804901123046875","leiden","edit-xhwikibooks.graphml"
"0.52","0.09","0.39","0.410791416662969","1,1,2,2,2,3,2,3,3,3,2,2,3,3,3,3,3,2,4,2,5,1,3,3,3,3,3,3,1,3,2,4,2,2,4,4,3,3,5,5,5,5,1,1,1,1,5,1,1,1,5,5,5,5,5,1,1,1,1,5,3,5,5,3,3,5,5,5,5,5,1,5,3,3,5,5,5,5,5,5,5,3,3,3,3,1,5,5,5,5,3,2,4,5,5,5,3,5,5,5,5,5,5,5,5,5,5,2,2,5,5,5,5,4,4,4,4,4,4,4,4,3,3,3,3,3,3,3,3","0.00078582763671875","leiden","edit-xhwikibooks.graphml"
"0.51","0.1","0.39","0.410791416662969","1,1,2,2,2,3,2,3,3,3,2,2,3,3,3,3,3,2,4,2,5,1,3,3,3,3,3,3,1,3,2,4,2,2,4,4,3,3,5,5,5,5,1,1,1,1,5,1,1,1,5,5,5,5,5,1,1,1,1,5,3,5,5,3,3,5,5,5,5,5,1,5,3,3,5,5,5,5,5,5,5,3,3,3,3,1,5,5,5,5,3,2,4,5,5,5,3,5,5,5,5,5,5,5,5,5,5,2,2,5,5,5,5,4,4,4,4,4,4,4,4,3,3,3,3,3,3,3,3","0.000952959060668945","leiden","edit-xhwikibooks.graphml"
"0.5","0.11","0.39","0.410534413899621","1,1,2,2,2,3,2,3,3,3,2,2,3,3,3,3,3,2,4,2,5,1,3,3,3,3,3,3,1,3,2,4,2,2,4,4,3,3,5,5,5,5,1,1,1,1,5,1,1,1,5,5,5,5,5,1,1,1,1,5,3,5,5,3,3,5,5,5,5,5,1,5,3,3,5,5,5,5,5,5,5,3,3,3,3,1,5,5,5,5,3,2,4,5,5,5,3,5,5,5,5,5,5,5,5,5,5,2,2,5,5,5,5,4,4,4,4,4,4,4,4,3,3,3,3,3,3,3,3","0.000829935073852539","leiden","edit-xhwikibooks.graphml"
"0.49","0.12","0.39","0.412101051827794","1,1,2,2,2,3,2,3,3,3,2,2,3,3,3,3,3,2,4,2,5,1,3,3,3,3,3,3,1,3,2,4,2,2,4,4,3,3,5,5,5,5,1,1,1,1,5,1,1,1,5,5,5,5,5,1,1,1,1,5,3,5,5,3,3,5,5,5,5,5,1,5,3,3,5,5,5,5,5,5,5,3,3,3,3,1,5,5,5,5,3,2,4,5,5,5,3,5,5,5,5,5,5,5,5,5,5,2,2,5,5,5,5,4,4,4,4,4,4,4,4,3,3,3,3,3,3,3,3","0.000802040100097656","leiden","edit-xhwikibooks.graphml"
"0.48","0.13","0.39","0.402483971181175","1,1,2,2,2,3,2,3,3,3,2,2,3,3,3,3,3,2,4,2,5,1,3,3,3,3,3,3,1,3,2,4,2,2,4,4,3,3,5,5,5,5,1,1,1,1,5,1,1,1,5,5,5,5,5,1,1,1,1,5,3,5,5,3,3,5,5,5,5,5,1,5,3,3,5,5,5,5,5,5,5,3,3,3,3,1,5,5,5,5,3,2,4,5,5,5,3,5,5,5,5,5,5,5,5,5,5,2,2,5,5,5,5,4,4,4,4,4,4,4,4,3,3,3,3,3,3,3,3","0.000789165496826172","leiden","edit-xhwikibooks.graphml"
"0.47","0.14","0.39","0.402483971181175","1,1,2,2,2,3,2,3,3,3,2,2,3,3,3,3,3,2,4,2,5,1,3,3,3,3,3,3,1,3,2,4,2,2,4,4,3,3,5,5,5,5,1,1,1,1,5,1,1,1,5,5,5,5,5,1,1,1,1,5,3,5,5,3,3,5,5,5,5,5,1,5,3,3,5,5,5,5,5,5,5,3,3,3,3,1,5,5,5,5,3,2,4,5,5,5,3,5,5,5,5,5,5,5,5,5,5,2,2,5,5,5,5,4,4,4,4,4,4,4,4,3,3,3,3,3,3,3,3","0.000802040100097656","leiden","edit-xhwikibooks.graphml"
"0.46","0.15","0.39","0.403844269083049","1,1,2,2,2,3,2,3,3,3,2,2,3,3,3,3,3,2,4,2,5,1,3,3,3,3,3,3,1,3,2,4,2,2,4,4,3,3,5,5,5,5,1,1,1,1,5,1,1,1,5,5,5,5,5,1,1,1,1,5,3,5,5,3,3,5,5,5,5,5,1,5,3,3,5,5,5,5,5,5,5,3,3,3,3,1,5,5,5,5,3,2,4,5,5,5,3,5,5,5,5,5,5,5,5,5,5,2,2,5,5,5,5,4,4,4,4,4,4,4,4,3,3,3,3,3,3,3,3","0.000812053680419922","leiden","edit-xhwikibooks.graphml"
"0.45","0.16","0.39","0.4046669328507","1,1,2,2,2,3,2,3,3,3,2,2,3,3,3,3,3,2,4,2,5,1,3,3,3,3,3,3,1,3,2,4,2,2,4,4,3,3,5,5,5,5,1,1,1,1,5,1,1,1,5,5,5,5,5,1,1,1,1,5,3,5,5,3,3,5,5,5,5,5,1,5,3,3,5,5,5,5,5,5,5,3,3,3,3,1,5,5,5,5,3,2,4,5,5,5,3,5,5,5,5,5,5,5,5,5,5,2,2,5,5,5,5,4,4,4,4,4,4,4,4,3,3,3,3,3,3,3,3","0.00080418586730957","leiden","edit-xhwikibooks.graphml"
"0.44","0.17","0.39","0.405228527141526","1,1,2,2,2,3,2,3,3,3,2,2,3,3,3,3,3,2,4,2,5,1,3,3,3,3,3,3,1,3,2,4,2,2,4,4,3,3,5,5,5,5,1,1,1,1,5,1,1,1,5,5,5,5,5,1,1,1,1,5,3,5,5,3,3,5,5,5,5,5,1,5,3,3,5,5,5,5,5,5,5,3,3,3,3,1,5,5,5,5,3,2,4,5,5,5,3,5,5,5,5,5,5,5,5,5,5,2,2,5,5,5,5,4,4,4,4,4,4,4,4,3,3,3,3,3,3,3,3","0.000823020935058594","leiden","edit-xhwikibooks.graphml"
"0.43","0.18","0.39","0.39427764577937","1,1,1,2,1,2,3,2,2,2,3,4,2,2,2,2,2,3,3,4,5,1,2,2,2,2,2,2,1,2,3,3,4,4,3,3,2,2,5,5,5,5,1,1,1,1,5,1,1,1,5,5,5,5,5,1,1,1,1,5,2,5,5,2,2,5,5,5,5,5,1,5,2,2,5,5,5,5,5,5,5,2,2,2,2,1,5,5,5,5,2,3,3,5,5,5,2,5,5,5,5,5,5,5,5,5,5,4,4,5,5,5,5,3,3,3,3,3,3,3,3,2,2,2,2,2,2,2,2","0.000817060470581055","leiden","edit-xhwikibooks.graphml"
"0.42","0.19","0.39","0.394024920289705","1,1,1,2,1,2,3,2,2,2,3,4,2,2,2,2,2,3,3,4,5,1,2,2,2,2,2,2,1,2,3,3,4,4,3,3,2,2,5,5,5,5,1,1,1,1,5,1,1,1,5,5,5,5,5,1,1,1,1,5,2,5,5,2,2,5,5,5,5,5,1,5,2,2,5,5,5,5,5,5,5,2,2,2,2,1,5,5,5,5,2,3,3,5,5,5,2,5,5,5,5,5,5,5,5,5,5,4,4,5,5,5,5,3,3,3,3,3,3,3,3,2,2,2,2,2,2,2,2","0.000833034515380859","leiden","edit-xhwikibooks.graphml"
"0.41","0.2","0.39","0.395656809662641","1,1,1,2,1,2,3,2,2,2,3,4,2,2,2,2,2,3,3,4,5,1,2,2,2,2,2,2,1,2,3,3,4,4,3,3,2,2,5,5,5,5,1,1,1,1,5,1,1,1,5,5,5,5,5,1,1,1,1,5,2,5,5,2,2,5,5,5,5,5,1,5,2,2,5,5,5,5,5,5,5,2,2,2,2,1,5,5,5,5,2,3,3,5,5,5,2,5,5,5,5,5,5,5,5,5,5,4,4,5,5,5,5,3,3,3,3,3,3,3,3,2,2,2,2,2,2,2,2","0.000802040100097656","leiden","edit-xhwikibooks.graphml"
"0.4","0.21","0.39","0.396241121891375","1,1,1,2,1,2,3,2,2,2,3,4,2,2,2,2,2,3,3,4,5,1,2,2,2,2,2,2,1,2,3,3,4,4,3,3,2,2,5,5,5,5,1,1,1,1,5,1,1,1,5,5,5,5,5,1,1,1,1,5,2,5,5,2,2,5,5,5,5,5,1,5,2,2,5,5,5,5,5,5,5,2,2,2,2,1,5,5,5,5,2,3,3,5,5,5,2,5,5,5,5,5,5,5,5,5,5,4,4,5,5,5,5,3,3,3,3,3,3,3,3,2,2,2,2,2,2,2,2","0.000814914703369141","leiden","edit-xhwikibooks.graphml"
"0.39","0.22","0.39","0.396970060690299","1,1,1,2,1,2,3,2,2,2,3,3,2,2,2,2,2,3,3,3,4,1,2,2,2,2,2,2,1,2,3,3,3,3,3,3,2,2,4,4,4,4,1,1,1,1,4,1,1,1,4,4,4,4,4,1,1,1,1,4,2,4,4,2,2,4,4,4,4,4,1,4,2,2,4,4,4,4,4,4,4,2,2,2,2,1,4,4,4,4,2,3,3,4,4,4,2,4,4,4,4,4,4,4,4,4,4,3,3,4,4,4,4,3,3,3,3,3,3,3,3,2,2,2,2,2,2,2,2","0.000876903533935547","leiden","edit-xhwikibooks.graphml"
"0.38","0.23","0.39","0.398541667629034","1,1,1,2,3,2,3,2,2,2,3,3,2,2,2,2,2,3,4,3,5,1,2,2,2,2,2,2,1,2,3,4,3,3,4,4,2,2,5,5,5,5,1,1,1,1,5,1,1,1,5,5,5,5,5,1,1,1,1,5,2,5,5,2,2,5,5,5,5,5,1,5,2,2,5,5,5,5,5,5,5,2,2,2,2,1,5,5,5,5,2,3,4,5,5,5,2,5,5,5,5,5,5,5,5,5,5,3,3,5,5,5,5,4,4,4,4,4,4,4,4,2,2,2,2,2,2,2,2","0.000784158706665039","leiden","edit-xhwikibooks.graphml"
"0.37","0.24","0.39","0.399169139504975","1,1,1,2,1,2,3,2,2,2,3,3,2,2,2,2,2,3,3,3,4,1,2,2,2,2,2,2,1,2,3,3,3,3,3,3,2,2,4,4,4,4,1,1,1,1,4,1,1,1,4,4,4,4,4,1,1,1,1,4,2,4,4,2,2,4,4,4,4,4,1,4,2,2,4,4,4,4,4,4,4,2,2,2,2,1,4,4,4,4,2,3,3,4,4,4,2,4,4,4,4,4,4,4,4,4,4,3,3,4,4,4,4,3,3,3,3,3,3,3,3,2,2,2,2,2,2,2,2","0.000802993774414062","leiden","edit-xhwikibooks.graphml"
"0.36","0.25","0.39","0.40059761674507","1,1,1,2,1,2,3,2,2,2,3,4,2,2,2,2,2,3,3,4,5,1,2,2,2,2,2,2,1,2,3,3,4,4,3,3,2,2,5,5,5,5,1,1,1,1,5,1,1,1,5,5,5,5,5,1,1,1,1,5,2,5,5,2,2,5,5,5,5,5,1,5,2,2,5,5,5,5,5,5,5,2,2,2,2,1,5,5,5,5,2,3,3,5,5,5,2,5,5,5,5,5,5,5,5,5,5,4,4,5,5,5,5,3,3,3,3,3,3,3,3,2,2,2,2,2,2,2,2","0.000797033309936523","leiden","edit-xhwikibooks.graphml"
"0.35","0.26","0.39","0.400682850071301","1,1,1,2,3,2,3,2,2,2,3,3,2,2,2,2,2,3,4,3,5,1,2,2,2,2,2,2,1,2,3,4,3,3,4,4,2,2,5,5,5,5,1,1,1,1,5,1,1,1,5,5,5,5,5,1,1,1,1,5,2,5,5,2,2,5,5,5,5,5,1,5,2,2,5,5,5,5,5,5,5,2,2,2,2,1,5,5,5,5,2,3,4,5,5,5,2,5,5,5,5,5,5,5,5,5,5,3,3,5,5,5,5,4,4,4,4,4,4,4,4,2,2,2,2,2,2,2,2","0.000784158706665039","leiden","edit-xhwikibooks.graphml"
"0.34","0.27","0.39","0.400577291874969","1,1,1,2,1,2,3,2,2,2,3,3,2,2,2,2,2,3,4,3,5,1,2,2,2,2,2,2,1,2,3,4,3,3,4,4,2,2,5,5,5,5,1,1,1,1,5,1,1,1,5,5,5,5,5,1,1,1,1,5,2,5,5,2,2,5,5,5,5,5,1,5,2,2,5,5,5,5,5,5,5,2,2,2,2,1,5,5,5,5,2,3,4,5,5,5,2,5,5,5,5,5,5,5,5,5,5,3,3,5,5,5,5,4,4,4,4,4,4,4,4,2,2,2,2,2,2,2,2","0.00077509880065918","leiden","edit-xhwikibooks.graphml"
"0.33","0.28","0.39","0.400429470261099","1,1,1,2,3,2,3,2,2,2,3,3,2,2,2,2,2,3,4,3,5,1,2,2,2,2,2,2,1,2,3,4,3,3,4,4,2,2,5,5,5,5,1,1,1,1,5,1,1,1,5,5,5,5,5,1,1,1,1,5,2,5,5,2,2,5,5,5,5,5,1,5,2,2,5,5,5,5,5,5,5,2,2,2,2,1,5,5,5,5,2,3,4,5,5,5,2,5,5,5,5,5,5,5,5,5,5,3,3,5,5,5,5,4,4,4,4,4,4,4,4,2,2,2,2,2,2,2,2","0.000814914703369141","leiden","edit-xhwikibooks.graphml"
"0.32","0.29","0.39","0.40195081179974","1,1,1,2,1,2,3,2,2,2,3,4,2,2,2,2,2,3,3,4,5,1,2,2,2,2,2,2,1,2,3,3,4,4,3,3,2,2,5,5,5,5,1,1,1,1,5,1,1,1,5,5,5,5,5,1,1,1,1,5,2,5,5,2,2,5,5,5,5,5,1,5,2,2,5,5,5,5,5,5,5,2,2,2,2,1,5,5,5,5,2,3,3,5,5,5,2,5,5,5,5,5,5,5,5,5,5,4,4,5,5,5,5,3,3,3,3,3,3,3,3,2,2,2,2,2,2,2,2","0.000770092010498047","leiden","edit-xhwikibooks.graphml"
"0.31","0.3","0.39","0.400907516683587","1,1,1,2,1,2,3,2,2,2,3,4,2,2,2,2,2,3,3,4,5,1,2,2,2,2,2,2,1,2,3,3,4,4,3,3,2,2,5,5,5,5,1,1,1,1,5,1,1,1,5,5,5,5,5,1,1,1,1,5,2,5,5,2,2,5,5,5,5,5,1,5,2,2,5,5,5,5,5,5,5,2,2,2,2,1,5,5,5,5,2,3,3,5,5,5,2,5,5,5,5,5,5,5,5,5,5,4,4,5,5,5,5,3,3,3,3,3,3,3,3,2,2,2,2,2,2,2,2","0.000823974609375","leiden","edit-xhwikibooks.graphml"
"0.3","0.31","0.39","0.401818814282392","1,1,1,2,3,2,3,2,2,2,3,3,2,2,2,2,2,3,4,3,5,1,2,2,2,2,2,2,1,2,3,4,3,3,4,4,2,2,5,5,5,5,1,1,1,1,5,1,1,1,5,5,5,5,5,1,1,1,1,5,2,5,5,2,2,5,5,5,5,5,1,5,2,2,5,5,5,5,5,5,5,2,2,2,2,1,5,5,5,5,2,3,4,5,5,5,2,5,5,5,5,5,5,5,5,5,5,3,3,5,5,5,5,4,4,4,4,4,4,4,4,2,2,2,2,2,2,2,2","0.000802040100097656","leiden","edit-xhwikibooks.graphml"
"0.29","0.32","0.39","0.401474050468262","1,1,1,2,1,2,3,2,2,2,3,4,2,2,2,2,2,3,3,4,5,1,2,2,2,2,2,2,1,2,3,3,4,4,3,3,2,2,5,5,5,5,1,1,1,1,5,1,1,1,5,5,5,5,5,1,1,1,1,5,2,5,5,2,2,5,5,5,5,5,1,5,2,2,5,5,5,5,5,5,5,2,2,2,2,1,5,5,5,5,2,3,3,5,5,5,2,5,5,5,5,5,5,5,5,5,5,4,4,5,5,5,5,3,3,3,3,3,3,3,3,2,2,2,2,2,2,2,2","0.000782966613769531","leiden","edit-xhwikibooks.graphml"
"0.28","0.33","0.39","0.402381757842607","1,1,1,2,3,2,3,2,2,2,3,3,2,2,2,2,2,3,4,3,5,1,2,2,2,2,2,2,1,2,3,4,3,3,4,4,2,2,5,5,5,5,1,1,1,1,5,1,1,1,5,5,5,5,5,1,1,1,1,5,2,5,5,2,2,5,5,5,5,5,1,5,2,2,5,5,5,5,5,5,5,2,2,2,2,1,5,5,5,5,2,3,4,5,5,5,2,5,5,5,5,5,5,5,5,5,5,3,3,5,5,5,5,4,4,4,4,4,4,4,4,2,2,2,2,2,2,2,2","0.000853061676025391","leiden","edit-xhwikibooks.graphml"
"0.27","0.34","0.39","0.425571682262141","1,1,1,2,3,2,3,2,2,2,3,3,2,2,2,2,2,3,4,3,5,1,2,2,2,2,2,2,1,2,3,4,3,3,4,4,2,2,5,5,5,5,1,1,1,1,5,1,1,1,5,5,5,5,5,1,1,1,1,5,2,5,5,2,2,5,5,5,5,5,1,5,2,2,5,5,5,5,5,5,5,2,2,2,2,1,5,5,5,5,2,3,4,5,5,5,2,5,5,5,5,5,5,5,5,5,5,3,3,5,5,5,5,4,4,4,4,4,4,4,4,2,2,2,2,2,2,2,2","0.00121021270751953","leiden","edit-xhwikibooks.graphml"
"0.26","0.35","0.39","0.423291295117064","1,1,1,2,3,2,3,2,2,2,3,3,2,2,2,2,2,3,4,3,5,1,2,2,2,2,2,2,1,2,3,4,3,3,4,4,2,2,5,5,5,5,1,1,1,1,5,1,1,1,5,5,5,5,5,1,1,1,1,5,2,5,5,2,2,5,5,5,5,5,1,5,2,2,5,5,5,5,5,5,5,2,2,2,2,1,5,5,5,5,2,3,4,5,5,5,2,5,5,5,5,5,5,5,5,5,5,3,3,5,5,5,5,4,4,4,4,4,4,4,4,2,2,2,2,2,2,2,2","0.000936985015869141","leiden","edit-xhwikibooks.graphml"
"0.25","0.36","0.39","0.423023181549055","1,1,1,2,3,2,3,2,2,2,3,3,2,2,2,2,2,3,4,3,5,1,2,2,2,2,2,2,1,2,3,4,3,3,4,4,2,2,5,5,5,5,1,1,1,1,5,1,1,1,5,5,5,5,5,1,1,1,1,5,2,5,5,2,2,5,5,5,5,5,1,5,2,2,5,5,5,5,5,5,5,2,2,2,2,1,5,5,5,5,2,3,4,5,5,5,2,5,5,5,5,5,5,5,5,5,5,3,3,5,5,5,5,4,4,4,4,4,4,4,4,2,2,2,2,2,2,2,2","0.000797033309936523","leiden","edit-xhwikibooks.graphml"
"0.24","0.37","0.39","0.423023181549055","1,1,1,2,3,2,3,2,2,2,3,3,2,2,2,2,2,3,4,3,5,1,2,2,2,2,2,2,1,2,3,4,3,3,4,4,2,2,5,5,5,5,1,1,1,1,5,1,1,1,5,5,5,5,5,1,1,1,1,5,2,5,5,2,2,5,5,5,5,5,1,5,2,2,5,5,5,5,5,5,5,2,2,2,2,1,5,5,5,5,2,3,4,5,5,5,2,5,5,5,5,5,5,5,5,5,5,3,3,5,5,5,5,4,4,4,4,4,4,4,4,2,2,2,2,2,2,2,2","0.000808000564575195","leiden","edit-xhwikibooks.graphml"
"0.23","0.38","0.39","0.422755375488906","1,1,1,2,3,2,3,2,2,2,3,3,2,2,2,2,2,3,4,3,5,1,2,2,2,2,2,2,1,2,3,4,3,3,4,4,2,2,5,5,5,5,1,1,1,1,5,1,1,1,5,5,5,5,5,1,1,1,1,5,2,5,5,2,2,5,5,5,5,5,1,5,2,2,5,5,5,5,5,5,5,2,2,2,2,1,5,5,5,5,2,3,4,5,5,5,2,5,5,5,5,5,5,5,5,5,5,3,3,5,5,5,5,4,4,4,4,4,4,4,4,2,2,2,2,2,2,2,2","0.000803947448730469","leiden","edit-xhwikibooks.graphml"
"0.22","0.39","0.39","0.423552011474626","1,1,1,2,3,2,3,2,2,2,3,3,2,2,2,2,2,3,4,3,5,1,2,2,2,2,2,2,1,2,3,4,3,3,4,4,2,2,5,5,5,5,1,1,1,1,5,1,1,1,5,5,5,5,5,1,1,1,1,5,2,5,5,2,2,5,5,5,5,5,1,5,2,2,5,5,5,5,5,5,5,2,2,2,2,1,5,5,5,5,2,3,4,5,5,5,2,5,5,5,5,5,5,5,5,5,5,3,3,5,5,5,5,4,4,4,4,4,4,4,4,2,2,2,2,2,2,2,2","0.000813007354736328","leiden","edit-xhwikibooks.graphml"
"0.21","0.4","0.39","0.420780955330907","1,1,1,2,3,2,3,2,2,2,3,3,2,2,2,2,2,3,4,3,5,1,2,2,2,2,2,2,1,2,3,4,3,3,4,4,2,2,5,5,5,5,1,1,1,1,5,1,1,1,5,5,5,5,5,1,1,1,1,5,6,5,5,2,2,5,5,5,5,5,1,5,2,2,5,5,5,5,5,5,5,2,2,2,2,7,5,5,5,5,8,9,10,5,5,5,2,5,5,5,5,5,5,5,5,5,5,3,3,5,5,5,5,4,4,4,4,4,4,4,4,2,2,2,2,2,2,2,2","0.000793933868408203","leiden","edit-xhwikibooks.graphml"
"0.2","0.41","0.39","0.420780955330907","1,1,1,2,3,2,3,2,2,2,3,3,2,2,2,2,2,3,4,3,5,1,2,2,2,2,2,2,1,2,3,4,3,3,4,4,2,2,5,5,5,5,1,1,1,1,5,1,1,1,5,5,5,5,5,1,1,1,1,5,6,5,5,2,2,5,5,5,5,5,1,5,2,2,5,5,5,5,5,5,5,2,2,2,2,7,5,5,5,5,8,9,10,5,5,5,2,5,5,5,5,5,5,5,5,5,5,3,3,5,5,5,5,4,4,4,4,4,4,4,4,2,2,2,2,2,2,2,2","0.000778913497924805","leiden","edit-xhwikibooks.graphml"
"0.19","0.42","0.39","0.420514120386049","1,1,1,2,3,2,3,2,2,2,3,3,2,2,2,2,2,3,4,3,5,1,2,2,2,2,2,2,1,2,3,4,3,3,4,4,2,2,5,5,5,5,1,1,1,1,5,1,1,1,5,5,5,5,5,1,1,1,1,5,6,5,5,2,2,5,5,5,5,5,1,5,2,2,5,5,5,5,5,5,5,2,2,2,2,7,5,5,5,5,8,9,10,5,5,5,2,5,5,5,5,5,5,5,5,5,5,3,3,5,5,5,5,4,4,4,4,4,4,4,4,2,2,2,2,2,2,2,2","0.000818014144897461","leiden","edit-xhwikibooks.graphml"
"0.18","0.43","0.39","0.42208021569415","1,1,1,2,3,2,3,2,2,2,3,3,2,2,2,2,2,3,4,3,5,1,2,2,2,2,2,2,1,2,3,4,3,3,4,4,2,2,5,5,5,5,1,1,1,1,5,1,1,1,5,5,5,5,5,1,1,1,1,5,6,5,5,2,2,5,5,5,5,5,1,5,2,2,5,5,5,5,5,5,5,2,2,2,2,7,5,5,5,5,8,9,10,5,5,5,2,5,5,5,5,5,5,5,5,5,5,3,3,5,5,5,5,4,4,4,4,4,4,4,4,2,2,2,2,2,2,2,2","0.000792980194091797","leiden","edit-xhwikibooks.graphml"
"0.17","0.44","0.39","0.421705320284504","1,1,1,2,1,2,3,2,2,2,3,3,2,2,2,2,2,3,4,3,5,1,2,2,2,2,2,2,1,2,3,4,3,3,4,4,2,2,5,5,5,5,1,1,1,1,5,1,1,1,5,5,5,5,5,1,1,1,1,5,6,5,5,2,2,5,5,5,5,5,1,5,2,2,5,5,5,5,5,5,5,2,2,2,2,7,5,5,5,5,8,9,10,5,5,5,2,5,5,5,5,5,5,5,5,5,5,3,3,5,5,5,5,4,4,4,4,4,4,4,4,2,2,2,2,2,2,2,2","0.000866889953613281","leiden","edit-xhwikibooks.graphml"
"0.16","0.45","0.39","0.423119278380454","1,1,1,2,1,2,3,2,2,2,3,4,2,2,2,2,2,3,3,4,5,1,2,2,2,2,2,2,1,2,3,3,4,4,3,3,2,2,5,5,5,5,1,1,1,1,5,1,1,1,5,5,5,5,5,1,1,1,1,5,6,5,5,2,2,5,5,5,5,5,1,5,2,2,5,5,5,5,5,5,5,2,2,2,2,7,5,5,5,5,8,9,10,5,5,5,2,5,5,5,5,5,5,5,5,5,5,4,4,5,5,5,5,3,3,3,3,3,3,3,3,2,2,2,2,2,2,2,2","0.00079798698425293","leiden","edit-xhwikibooks.graphml"
"0.15","0.46","0.39","0.423103185490017","1,1,1,2,3,2,3,2,2,2,3,3,2,2,2,2,2,3,4,3,5,1,2,2,2,2,2,2,1,2,3,4,3,3,4,4,2,2,5,5,5,5,1,1,1,1,5,1,1,1,5,5,5,5,5,1,1,1,1,5,6,5,5,2,2,5,5,5,5,5,1,5,2,2,5,5,5,5,5,5,5,2,2,2,2,7,5,5,5,5,8,9,10,5,5,5,2,5,5,5,5,5,5,5,5,5,5,3,3,5,5,5,5,4,4,4,4,4,4,4,4,2,2,2,2,2,2,2,2","0.00108814239501953","leiden","edit-xhwikibooks.graphml"
"0.14","0.47","0.39","0.418325544356121","1,1,1,2,3,2,3,2,2,2,3,3,2,2,2,2,2,3,4,3,5,1,2,2,2,2,2,2,1,2,3,4,3,3,4,4,2,2,5,5,5,5,1,1,1,1,5,1,1,1,5,5,5,5,5,1,1,1,1,5,6,5,5,2,2,5,5,5,5,5,1,5,2,2,5,5,5,5,5,5,5,2,2,2,2,7,5,5,5,5,8,9,10,5,5,5,2,5,5,5,5,5,5,5,5,5,5,3,3,5,5,5,5,4,4,4,4,4,4,4,4,2,2,2,2,2,2,2,2","0.0013270378112793","leiden","edit-xhwikibooks.graphml"
"0.13","0.48","0.39","0.418059900280035","1,1,1,2,3,2,3,2,2,2,3,3,2,2,2,2,2,3,4,3,5,1,2,2,2,2,2,2,1,2,3,4,3,3,4,4,2,2,5,5,5,5,1,1,1,1,5,1,1,1,5,5,5,5,5,1,1,1,1,5,6,5,5,2,2,5,5,5,5,5,1,5,2,2,5,5,5,5,5,5,5,2,2,2,2,7,5,5,5,5,8,9,10,5,5,5,2,5,5,5,5,5,5,5,5,5,5,3,3,5,5,5,5,4,4,4,4,4,4,4,4,2,2,2,2,2,2,2,2","0.000893831253051758","leiden","edit-xhwikibooks.graphml"
"0.12","0.49","0.39","0.418059900280035","1,1,1,2,3,2,3,2,2,2,3,3,2,2,2,2,2,3,4,3,5,1,2,2,2,2,2,2,1,2,3,4,3,3,4,4,2,2,5,5,5,5,1,1,1,1,5,1,1,1,5,5,5,5,5,1,1,1,1,5,6,5,5,2,2,5,5,5,5,5,1,5,2,2,5,5,5,5,5,5,5,2,2,2,2,7,5,5,5,5,8,9,10,5,5,5,2,5,5,5,5,5,5,5,5,5,5,3,3,5,5,5,5,4,4,4,4,4,4,4,4,2,2,2,2,2,2,2,2","0.000807046890258789","leiden","edit-xhwikibooks.graphml"
"0.11","0.5","0.39","0.450212853764226","1,1,1,2,3,2,3,2,2,2,3,3,2,2,2,4,2,3,5,3,6,1,2,2,2,2,2,4,1,2,3,5,3,3,5,5,2,2,6,6,6,6,1,1,1,1,6,1,1,1,6,6,6,6,6,1,1,1,1,6,7,6,6,2,2,6,6,6,6,6,1,6,2,2,6,6,6,6,6,6,6,2,4,4,4,8,6,6,6,6,9,10,11,6,6,6,4,6,6,6,6,6,6,6,6,6,6,3,3,6,6,6,6,5,5,5,5,5,5,5,5,2,2,2,2,2,2,2,2","0.000915050506591797","leiden","edit-xhwikibooks.graphml"
"0.1","0.51","0.39","0.450212853764226","1,1,1,2,3,2,3,2,2,2,3,3,2,2,2,4,2,3,5,3,6,1,2,2,2,2,2,4,1,2,3,5,3,3,5,5,2,2,6,6,6,6,1,1,1,1,6,1,1,1,6,6,6,6,6,1,1,1,1,6,7,6,6,2,2,6,6,6,6,6,1,6,2,2,6,6,6,6,6,6,6,2,4,4,4,8,6,6,6,6,9,10,11,6,6,6,4,6,6,6,6,6,6,6,6,6,6,3,3,6,6,6,6,5,5,5,5,5,5,5,5,2,2,2,2,2,2,2,2","0.000906944274902344","leiden","edit-xhwikibooks.graphml"
"0.09","0.52","0.39","0.449524519941292","1,1,1,2,3,2,3,2,2,2,3,3,2,2,2,2,2,3,4,3,5,1,2,2,2,2,2,2,1,2,3,4,3,3,4,4,2,2,5,5,5,5,1,1,1,1,5,1,1,1,5,5,5,5,5,1,1,1,1,5,6,5,5,2,2,5,5,5,5,5,1,5,2,2,5,5,5,5,5,5,5,2,2,2,2,7,5,5,5,5,8,9,10,5,5,5,2,5,5,5,5,5,5,5,5,5,5,3,3,5,5,5,5,4,4,4,4,4,4,4,4,2,2,2,2,2,2,2,2","0.000848054885864258","leiden","edit-xhwikibooks.graphml"
"0.08","0.53","0.39","0.449985610471013","1,1,1,2,3,2,3,2,2,2,3,3,2,2,2,2,2,3,4,3,5,1,2,2,2,2,2,2,1,2,3,4,3,3,4,4,2,2,5,5,5,5,1,1,1,1,5,1,1,1,5,5,5,5,5,1,1,1,1,5,6,5,5,2,2,5,5,5,5,5,1,5,2,2,5,5,5,5,5,5,5,2,2,2,2,7,5,5,5,5,8,9,10,5,5,5,2,5,5,5,5,5,5,5,5,5,5,3,3,5,5,5,5,4,4,4,4,4,4,4,4,2,2,2,2,2,2,2,2","0.000817060470581055","leiden","edit-xhwikibooks.graphml"
"0.07","0.54","0.39","0.451433559717016","1,1,1,2,3,2,3,2,2,2,3,3,2,2,2,2,2,3,4,3,5,1,2,2,2,2,2,2,1,2,3,4,3,3,4,4,2,2,5,5,5,5,1,1,1,1,5,1,1,1,5,5,5,5,5,1,1,1,1,5,6,5,5,2,2,5,5,5,5,5,1,5,2,2,5,5,5,5,5,5,5,2,2,2,2,7,5,5,5,5,8,9,10,5,5,5,2,5,5,5,5,5,5,5,5,5,5,3,3,5,5,5,5,4,4,4,4,4,4,4,4,2,2,2,2,2,2,2,2","0.000853061676025391","leiden","edit-xhwikibooks.graphml"
"0.06","0.55","0.39","0.451166533445294","1,1,1,2,3,2,3,2,2,2,3,3,2,2,2,2,2,3,4,3,5,1,2,2,2,2,2,2,1,2,3,4,3,3,4,4,2,2,5,5,5,5,1,1,1,1,5,1,1,1,5,5,5,5,5,1,1,1,1,5,6,5,5,2,2,5,5,5,5,5,1,5,2,2,5,5,5,5,5,5,5,2,2,2,2,7,5,5,5,5,8,9,10,5,5,5,2,5,5,5,5,5,5,5,5,5,5,3,3,5,5,5,5,4,4,4,4,4,4,4,4,2,2,2,2,2,2,2,2","0.000893115997314453","leiden","edit-xhwikibooks.graphml"
"0.05","0.56","0.39","0.452545120780117","1,1,1,2,3,2,3,2,2,2,3,3,2,2,2,2,2,3,4,3,5,1,2,2,2,2,2,2,1,2,3,4,3,3,4,4,2,2,5,5,5,5,1,1,1,1,5,1,1,1,5,5,5,5,5,1,1,1,1,5,6,5,5,2,2,5,5,5,5,5,1,5,2,2,5,5,5,5,5,5,5,2,2,2,2,7,5,5,5,5,8,9,10,5,5,5,2,5,5,5,5,5,5,5,5,5,5,3,3,5,5,5,5,4,4,4,4,4,4,4,4,2,2,2,2,2,2,2,2","0.000859975814819336","leiden","edit-xhwikibooks.graphml"
"0.04","0.57","0.39","0.450670344291554","1,1,1,2,3,2,3,2,2,2,3,3,2,2,2,4,2,3,5,3,6,1,2,2,2,2,2,4,1,2,3,5,3,3,5,5,2,2,6,6,6,6,1,1,1,1,6,1,1,1,6,6,6,6,6,1,1,1,1,6,7,6,6,2,2,6,6,6,6,6,1,6,2,2,6,6,6,6,6,6,6,2,4,4,4,8,6,6,6,6,9,10,11,6,6,6,4,6,6,6,6,6,6,6,6,6,6,3,3,6,6,6,6,5,5,5,5,5,5,5,5,2,2,2,2,2,2,2,2","0.000909805297851562","leiden","edit-xhwikibooks.graphml"
"0.03","0.58","0.39","0.452059937577078","1,1,1,2,3,2,3,2,2,2,3,3,2,2,2,4,2,3,5,3,6,1,2,2,2,2,2,4,1,2,3,5,3,3,5,5,2,2,6,6,6,6,1,1,1,1,6,1,1,1,6,6,6,6,6,1,1,1,1,6,7,6,6,2,2,6,6,6,6,6,1,6,2,2,6,6,6,6,6,6,6,2,4,4,4,8,6,6,6,6,9,10,11,6,6,6,4,6,6,6,6,6,6,6,6,6,6,3,3,6,6,6,6,5,5,5,5,5,5,5,5,2,2,2,2,2,2,2,2","0.000873088836669922","leiden","edit-xhwikibooks.graphml"
"0.02","0.59","0.39","0.451792114245242","1,1,1,2,3,2,3,2,2,2,3,3,2,2,2,4,2,3,5,3,6,1,2,2,2,2,2,4,1,2,3,5,3,3,5,5,2,2,6,6,6,6,1,1,1,1,6,1,1,1,6,6,6,6,6,1,1,1,1,6,7,6,6,2,2,6,6,6,6,6,1,6,2,2,6,6,6,6,6,6,6,2,4,4,4,8,6,6,6,6,9,10,11,6,6,6,4,6,6,6,6,6,6,6,6,6,6,3,3,6,6,6,6,5,5,5,5,5,5,5,5,2,2,2,2,2,2,2,2","0.00084996223449707","leiden","edit-xhwikibooks.graphml"
"0.01","0.6","0.39","0.453158798670085","1,1,1,2,3,2,3,2,2,2,3,3,2,2,2,4,2,3,5,3,6,1,2,2,2,2,2,4,1,2,3,5,3,3,5,5,2,2,6,6,6,6,1,1,1,1,6,1,1,1,6,6,6,6,6,1,1,1,1,6,7,6,6,2,2,6,6,6,6,6,1,6,2,2,6,6,6,6,6,6,6,2,4,4,4,8,6,6,6,6,9,10,11,6,6,6,4,6,6,6,6,6,6,6,6,6,6,3,3,6,6,6,6,5,5,5,5,5,5,5,5,2,2,2,2,2,2,2,2","0.0393409729003906","leiden","edit-xhwikibooks.graphml"
"0","0.61","0.39","0.454810739784819","1,1,1,1,1,2,3,2,2,2,3,3,2,2,2,2,2,3,4,3,5,1,2,2,2,2,2,2,1,2,3,4,3,3,4,4,2,2,5,5,5,5,1,1,1,1,5,1,1,1,5,5,5,5,5,1,1,1,1,5,6,5,5,2,2,5,5,5,5,5,1,5,2,2,5,5,5,5,5,5,5,2,2,2,2,7,5,5,5,5,8,9,10,5,5,5,2,5,5,5,5,5,5,5,5,5,5,3,3,5,5,5,5,4,4,4,4,4,4,4,4,2,2,2,2,2,2,2,2","0.0010840892791748","leiden","edit-xhwikibooks.graphml"
"0.6","0","0.4","0.416824228967856","1,1,2,3,2,3,2,3,3,3,2,2,3,3,3,3,3,2,4,2,5,1,3,3,3,3,3,3,1,3,2,4,2,2,4,4,3,3,5,5,5,5,1,1,1,1,5,1,1,1,5,5,5,5,5,1,1,1,1,5,3,5,5,3,3,5,5,5,5,5,1,5,3,3,5,5,5,5,5,5,5,3,3,3,3,1,5,5,5,5,3,2,4,5,5,5,3,5,5,5,5,5,5,5,5,5,5,2,2,5,5,5,5,4,4,4,4,4,4,4,4,3,3,3,3,3,3,3,3","0.000940084457397461","leiden","edit-xhwikibooks.graphml"
"0.59","0.01","0.4","0.410219147994558","1,1,2,2,2,3,2,3,3,3,2,2,3,3,3,3,3,2,4,2,5,1,3,3,3,3,3,3,1,3,2,4,2,2,4,4,3,3,5,5,5,5,1,1,1,1,5,1,1,1,5,5,5,5,5,1,1,1,1,5,3,5,5,3,3,5,5,5,5,5,1,5,3,3,5,5,5,5,5,5,5,3,3,3,3,1,5,5,5,5,3,2,4,5,5,5,3,5,5,5,5,5,5,5,5,5,5,2,2,5,5,5,5,4,4,4,4,4,4,4,4,3,3,3,3,3,3,3,3","0.000899076461791992","leiden","edit-xhwikibooks.graphml"
"0.58","0.02","0.4","0.409648740349784","1,1,2,2,2,3,2,3,3,3,4,2,3,3,3,3,3,4,4,2,5,1,3,3,3,3,3,3,1,3,4,4,2,2,4,4,3,3,5,5,5,5,1,1,1,1,5,1,1,1,5,5,5,5,5,1,1,1,1,5,3,5,5,3,3,5,5,5,5,5,1,5,3,3,5,5,5,5,5,5,5,3,3,3,3,1,5,5,5,5,3,4,4,5,5,5,3,5,5,5,5,5,5,5,5,5,5,2,2,5,5,5,5,4,4,4,4,4,4,4,4,3,3,3,3,3,3,3,3","0.00111699104309082","leiden","edit-xhwikibooks.graphml"
"0.57","0.03","0.4","0.409962125972707","1,1,2,2,2,3,2,3,3,3,2,2,3,3,3,3,3,2,4,2,5,1,3,3,3,3,3,3,1,3,2,4,2,2,4,4,3,3,5,5,5,5,1,1,1,1,5,1,1,1,5,5,5,5,5,1,1,1,1,5,3,5,5,3,3,5,5,5,5,5,1,5,3,3,5,5,5,5,5,5,5,3,3,3,3,1,5,5,5,5,3,2,4,5,5,5,3,5,5,5,5,5,5,5,5,5,5,2,2,5,5,5,5,4,4,4,4,4,4,4,4,3,3,3,3,3,3,3,3","0.000863075256347656","leiden","edit-xhwikibooks.graphml"
"0.56","0.04","0.4","0.409962125972707","1,1,2,2,2,3,2,3,3,3,2,2,3,3,3,3,3,2,4,2,5,1,3,3,3,3,3,3,1,3,2,4,2,2,4,4,3,3,5,5,5,5,1,1,1,1,5,1,1,1,5,5,5,5,5,1,1,1,1,5,3,5,5,3,3,5,5,5,5,5,1,5,3,3,5,5,5,5,5,5,5,3,3,3,3,1,5,5,5,5,3,2,4,5,5,5,3,5,5,5,5,5,5,5,5,5,5,2,2,5,5,5,5,4,4,4,4,4,4,4,4,3,3,3,3,3,3,3,3","0.000875949859619141","leiden","edit-xhwikibooks.graphml"
"0.55","0.05","0.4","0.409705398554016","1,1,2,2,2,3,2,3,3,3,2,2,3,3,3,3,3,2,4,2,5,1,3,3,3,3,3,3,1,3,2,4,2,2,4,4,3,3,5,5,5,5,1,1,1,1,5,1,1,1,5,5,5,5,5,1,1,1,1,5,3,5,5,3,3,5,5,5,5,5,1,5,3,3,5,5,5,5,5,5,5,3,3,3,3,1,5,5,5,5,3,2,4,5,5,5,3,5,5,5,5,5,5,5,5,5,5,2,2,5,5,5,5,4,4,4,4,4,4,4,4,3,3,3,3,3,3,3,3","0.000894069671630859","leiden","edit-xhwikibooks.graphml"
"0.54","0.06","0.4","0.409705398554016","1,1,2,2,2,3,2,3,3,3,2,2,3,3,3,3,3,2,4,2,5,1,3,3,3,3,3,3,1,3,2,4,2,2,4,4,3,3,5,5,5,5,1,1,1,1,5,1,1,1,5,5,5,5,5,1,1,1,1,5,3,5,5,3,3,5,5,5,5,5,1,5,3,3,5,5,5,5,5,5,5,3,3,3,3,1,5,5,5,5,3,2,4,5,5,5,3,5,5,5,5,5,5,5,5,5,5,2,2,5,5,5,5,4,4,4,4,4,4,4,4,3,3,3,3,3,3,3,3","0.000885963439941406","leiden","edit-xhwikibooks.graphml"
"0.53","0.07","0.4","0.409448965317451","1,1,2,2,2,3,2,3,3,3,2,2,3,3,3,3,3,2,4,2,5,1,3,3,3,3,3,3,1,3,2,4,2,2,4,4,3,3,5,5,5,5,1,1,1,1,5,1,1,1,5,5,5,5,5,1,1,1,1,5,3,5,5,3,3,5,5,5,5,5,1,5,3,3,5,5,5,5,5,5,5,3,3,3,3,1,5,5,5,5,3,2,4,5,5,5,3,5,5,5,5,5,5,5,5,5,5,2,2,5,5,5,5,4,4,4,4,4,4,4,4,3,3,3,3,3,3,3,3","0.000909090042114258","leiden","edit-xhwikibooks.graphml"
"0.52","0.08","0.4","0.410261145538365","1,1,2,2,2,3,2,3,3,3,2,2,3,3,3,3,3,2,4,2,5,1,3,3,3,3,3,3,1,3,2,4,2,2,4,4,3,3,5,5,5,5,1,1,1,1,5,1,1,1,5,5,5,5,5,1,1,1,1,5,3,5,5,3,3,5,5,5,5,5,1,5,3,3,5,5,5,5,5,5,5,3,3,3,3,1,5,5,5,5,3,2,4,5,5,5,3,5,5,5,5,5,5,5,5,5,5,2,2,5,5,5,5,4,4,4,4,4,4,4,4,3,3,3,3,3,3,3,3","0.000913143157958984","leiden","edit-xhwikibooks.graphml"
"0.51","0.09","0.4","0.41000487773153","1,1,2,2,2,3,2,3,3,3,2,2,3,3,3,3,3,2,4,2,5,1,3,3,3,3,3,3,1,3,2,4,2,2,4,4,3,3,5,5,5,5,1,1,1,1,5,1,1,1,5,5,5,5,5,1,1,1,1,5,3,5,5,3,3,5,5,5,5,5,1,5,3,3,5,5,5,5,5,5,5,3,3,3,3,1,5,5,5,5,3,2,4,5,5,5,3,5,5,5,5,5,5,5,5,5,5,2,2,5,5,5,5,4,4,4,4,4,4,4,4,3,3,3,3,3,3,3,3","0.000928163528442383","leiden","edit-xhwikibooks.graphml"
"0.5","0.1","0.4","0.40943906087409","1,1,2,2,2,3,2,3,3,3,4,2,3,3,3,3,3,4,4,2,5,1,3,3,3,3,3,3,1,3,4,4,2,2,4,4,3,3,5,5,5,5,1,1,1,1,5,1,1,1,5,5,5,5,5,1,1,1,1,5,3,5,5,3,3,5,5,5,5,5,1,5,3,3,5,5,5,5,5,5,5,3,3,3,3,1,5,5,5,5,3,4,4,5,5,5,3,5,5,5,5,5,5,5,5,5,5,2,2,5,5,5,5,4,4,4,4,4,4,4,4,3,3,3,3,3,3,3,3","0.000870943069458008","leiden","edit-xhwikibooks.graphml"
"0.49","0.11","0.4","0.409748902817449","1,1,2,2,2,3,2,3,3,3,2,2,3,3,3,3,3,2,4,2,5,1,3,3,3,3,3,3,1,3,2,4,2,2,4,4,3,3,5,5,5,5,1,1,1,1,5,1,1,1,5,5,5,5,5,1,1,1,1,5,3,5,5,3,3,5,5,5,5,5,1,5,3,3,5,5,5,5,5,5,5,3,3,3,3,1,5,5,5,5,3,2,4,5,5,5,3,5,5,5,5,5,5,5,5,5,5,2,2,5,5,5,5,4,4,4,4,4,4,4,4,3,3,3,3,3,3,3,3","0.000828027725219727","leiden","edit-xhwikibooks.graphml"
"0.48","0.12","0.4","0.412119976530433","1,1,2,2,2,3,2,3,3,3,2,2,3,3,3,3,3,2,4,2,5,1,3,3,3,3,3,3,1,3,2,4,2,2,4,4,3,3,5,5,5,5,1,1,1,1,5,1,1,1,5,5,5,5,5,1,1,1,1,5,3,5,5,3,3,5,5,5,5,5,1,5,3,3,5,5,5,5,5,5,5,3,3,3,3,1,5,5,5,5,3,2,4,5,5,5,3,5,5,5,5,5,5,5,5,5,5,2,2,5,5,5,5,4,4,4,4,4,4,4,4,3,3,3,3,3,3,3,3","0.000946998596191406","leiden","edit-xhwikibooks.graphml"
"0.47","0.13","0.4","0.411864002193513","1,1,2,2,2,3,2,3,3,3,2,2,3,3,3,3,3,2,4,2,5,1,3,3,3,3,3,3,1,3,2,4,2,2,4,4,3,3,5,5,5,5,1,1,1,1,5,1,1,1,5,5,5,5,5,1,1,1,1,5,3,5,5,3,3,5,5,5,5,5,1,5,3,3,5,5,5,5,5,5,5,3,3,3,3,1,5,5,5,5,3,2,4,5,5,5,3,5,5,5,5,5,5,5,5,5,5,2,2,5,5,5,5,4,4,4,4,4,4,4,4,3,3,3,3,3,3,3,3","0.000921010971069336","leiden","edit-xhwikibooks.graphml"
"0.46","0.14","0.4","0.411864002193513","1,1,2,2,2,3,2,3,3,3,2,2,3,3,3,3,3,2,4,2,5,1,3,3,3,3,3,3,1,3,2,4,2,2,4,4,3,3,5,5,5,5,1,1,1,1,5,1,1,1,5,5,5,5,5,1,1,1,1,5,3,5,5,3,3,5,5,5,5,5,1,5,3,3,5,5,5,5,5,5,5,3,3,3,3,1,5,5,5,5,3,2,4,5,5,5,3,5,5,5,5,5,5,5,5,5,5,2,2,5,5,5,5,4,4,4,4,4,4,4,4,3,3,3,3,3,3,3,3","0.000803947448730469","leiden","edit-xhwikibooks.graphml"
"0.45","0.15","0.4","0.413160736665845","1,1,2,2,2,3,2,3,3,3,2,2,3,3,3,3,3,2,4,2,5,1,3,3,3,3,3,3,1,3,2,4,2,2,4,4,3,3,5,5,5,5,1,1,1,1,5,1,1,1,5,5,5,5,5,1,1,1,1,5,3,5,5,3,3,5,5,5,5,5,1,5,3,3,5,5,5,5,5,5,5,3,3,3,3,1,5,5,5,5,3,2,4,5,5,5,3,5,5,5,5,5,5,5,5,5,5,2,2,5,5,5,5,4,4,4,4,4,4,4,4,3,3,3,3,3,3,3,3","0.00079798698425293","leiden","edit-xhwikibooks.graphml"
"0.44","0.16","0.4","0.413959029513443","1,1,2,2,2,3,2,3,3,3,2,2,3,3,3,3,3,2,4,2,5,1,3,3,3,3,3,3,1,3,2,4,2,2,4,4,3,3,5,5,5,5,1,1,1,1,5,1,1,1,5,5,5,5,5,1,1,1,1,5,3,5,5,3,3,5,5,5,5,5,1,5,3,3,5,5,5,5,5,5,5,3,3,3,3,1,5,5,5,5,3,2,4,5,5,5,3,5,5,5,5,5,5,5,5,5,5,2,2,5,5,5,5,4,4,4,4,4,4,4,4,3,3,3,3,3,3,3,3","0.000808000564575195","leiden","edit-xhwikibooks.graphml"
"0.43","0.17","0.4","0.414494623326119","1,1,2,2,2,3,2,3,3,3,2,2,3,3,3,3,3,2,4,2,5,1,3,3,3,3,3,3,1,3,2,4,2,2,4,4,3,3,5,5,5,5,1,1,1,1,5,1,1,1,5,5,5,5,5,1,1,1,1,5,3,5,5,3,3,5,5,5,5,5,1,5,3,3,5,5,5,5,5,5,5,3,3,3,3,1,5,5,5,5,3,2,4,5,5,5,3,5,5,5,5,5,5,5,5,5,5,2,2,5,5,5,5,4,4,4,4,4,4,4,4,3,3,3,3,3,3,3,3","0.000818967819213867","leiden","edit-xhwikibooks.graphml"
"0.42","0.18","0.4","0.414494623326119","1,1,2,2,2,3,2,3,3,3,2,2,3,3,3,3,3,2,4,2,5,1,3,3,3,3,3,3,1,3,2,4,2,2,4,4,3,3,5,5,5,5,1,1,1,1,5,1,1,1,5,5,5,5,5,1,1,1,1,5,3,5,5,3,3,5,5,5,5,5,1,5,3,3,5,5,5,5,5,5,5,3,3,3,3,1,5,5,5,5,3,2,4,5,5,5,3,5,5,5,5,5,5,5,5,5,5,2,2,5,5,5,5,4,4,4,4,4,4,4,4,3,3,3,3,3,3,3,3","0.000832080841064453","leiden","edit-xhwikibooks.graphml"
"0.41","0.19","0.4","0.414239134317999","1,1,2,2,2,3,2,3,3,3,2,2,3,3,3,3,3,2,4,2,5,1,3,3,3,3,3,3,1,3,2,4,2,2,4,4,3,3,5,5,5,5,1,1,1,1,5,1,1,1,5,5,5,5,5,1,1,1,1,5,3,5,5,3,3,5,5,5,5,5,1,5,3,3,5,5,5,5,5,5,5,3,3,3,3,1,5,5,5,5,3,2,4,5,5,5,3,5,5,5,5,5,5,5,5,5,5,2,2,5,5,5,5,4,4,4,4,4,4,4,4,3,3,3,3,3,3,3,3","0.000833988189697266","leiden","edit-xhwikibooks.graphml"
"0.4","0.2","0.4","0.417393010365532","1,1,2,2,2,3,2,3,3,3,2,2,3,3,3,3,3,2,4,2,5,1,3,3,3,3,3,3,1,3,2,4,2,2,4,4,3,3,5,5,5,5,1,1,1,1,5,1,1,1,5,5,5,5,5,1,1,1,1,5,3,5,5,3,3,5,5,5,5,5,1,5,3,3,5,5,5,5,5,5,5,3,3,3,3,1,5,5,5,5,3,2,4,5,5,5,3,5,5,5,5,5,5,5,5,5,5,2,2,5,5,5,5,4,4,4,4,4,4,4,4,3,3,3,3,3,3,3,3","0.00084686279296875","leiden","edit-xhwikibooks.graphml"
"0.39","0.21","0.4","0.396631844606973","1,1,1,2,3,2,3,2,2,2,3,3,2,2,2,2,2,3,4,3,5,1,2,2,2,2,2,2,1,2,3,4,3,3,4,4,2,2,5,5,5,5,1,1,1,1,5,1,1,1,5,5,5,5,5,1,1,1,1,5,2,5,5,2,2,5,5,5,5,5,1,5,2,2,5,5,5,5,5,5,5,2,2,2,2,1,5,5,5,5,2,3,4,5,5,5,2,5,5,5,5,5,5,5,5,5,5,3,3,5,5,5,5,4,4,4,4,4,4,4,4,2,2,2,2,2,2,2,2","0.000834941864013672","leiden","edit-xhwikibooks.graphml"
"0.38","0.22","0.4","0.396631844606973","1,1,1,2,3,2,3,2,2,2,3,3,2,2,2,2,2,3,4,3,5,1,2,2,2,2,2,2,1,2,3,4,3,3,4,4,2,2,5,5,5,5,1,1,1,1,5,1,1,1,5,5,5,5,5,1,1,1,1,5,2,5,5,2,2,5,5,5,5,5,1,5,2,2,5,5,5,5,5,5,5,2,2,2,2,1,5,5,5,5,2,3,4,5,5,5,2,5,5,5,5,5,5,5,5,5,5,3,3,5,5,5,5,4,4,4,4,4,4,4,4,2,2,2,2,2,2,2,2","0.000842094421386719","leiden","edit-xhwikibooks.graphml"
"0.37","0.23","0.4","0.398017161410019","1,1,1,2,3,2,3,2,2,2,3,3,2,2,2,2,2,3,4,3,5,1,2,2,2,2,2,2,1,2,3,4,3,3,4,4,2,2,5,5,5,5,1,1,1,1,5,1,1,1,5,5,5,5,5,1,1,1,1,5,2,5,5,2,2,5,5,5,5,5,1,5,2,2,5,5,5,5,5,5,5,2,2,2,2,1,5,5,5,5,2,3,4,5,5,5,2,5,5,5,5,5,5,5,5,5,5,3,3,5,5,5,5,4,4,4,4,4,4,4,4,2,2,2,2,2,2,2,2","0.000972986221313477","leiden","edit-xhwikibooks.graphml"
"0.36","0.24","0.4","0.398843246251206","1,1,1,2,3,2,3,2,2,2,3,3,2,2,2,2,2,3,4,3,5,1,2,2,2,2,2,2,1,2,3,4,3,3,4,4,2,2,5,5,5,5,1,1,1,1,5,1,1,1,5,5,5,5,5,1,1,1,1,5,2,5,5,2,2,5,5,5,5,5,1,5,2,2,5,5,5,5,5,5,5,2,2,2,2,1,5,5,5,5,2,3,4,5,5,5,2,5,5,5,5,5,5,5,5,5,5,3,3,5,5,5,5,4,4,4,4,4,4,4,4,2,2,2,2,2,2,2,2","0.000803947448730469","leiden","edit-xhwikibooks.graphml"
"0.35","0.25","0.4","0.40097858471842","1,1,1,2,3,2,3,2,2,2,3,3,2,2,2,2,2,3,4,3,5,1,2,2,2,2,2,2,1,2,3,4,3,3,4,4,2,2,5,5,5,5,1,1,1,1,5,1,1,1,5,5,5,5,5,1,1,1,1,5,2,5,5,2,2,5,5,5,5,5,1,5,2,2,5,5,5,5,5,5,5,2,2,2,2,1,5,5,5,5,2,3,4,5,5,5,2,5,5,5,5,5,5,5,5,5,5,3,3,5,5,5,5,4,4,4,4,4,4,4,4,2,2,2,2,2,2,2,2","0.000999927520751953","leiden","edit-xhwikibooks.graphml"
"0.34","0.26","0.4","0.40097858471842","1,1,1,2,3,2,3,2,2,2,3,3,2,2,2,2,2,3,4,3,5,1,2,2,2,2,2,2,1,2,3,4,3,3,4,4,2,2,5,5,5,5,1,1,1,1,5,1,1,1,5,5,5,5,5,1,1,1,1,5,2,5,5,2,2,5,5,5,5,5,1,5,2,2,5,5,5,5,5,5,5,2,2,2,2,1,5,5,5,5,2,3,4,5,5,5,2,5,5,5,5,5,5,5,5,5,5,3,3,5,5,5,5,4,4,4,4,4,4,4,4,2,2,2,2,2,2,2,2","0.000794887542724609","leiden","edit-xhwikibooks.graphml"
"0.33","0.27","0.4","0.40097858471842","1,1,1,2,3,2,3,2,2,2,3,3,2,2,2,2,2,3,4,3,5,1,2,2,2,2,2,2,1,2,3,4,3,3,4,4,2,2,5,5,5,5,1,1,1,1,5,1,1,1,5,5,5,5,5,1,1,1,1,5,2,5,5,2,2,5,5,5,5,5,1,5,2,2,5,5,5,5,5,5,5,2,2,2,2,1,5,5,5,5,2,3,4,5,5,5,2,5,5,5,5,5,5,5,5,5,5,3,3,5,5,5,5,4,4,4,4,4,4,4,4,2,2,2,2,2,2,2,2","0.00078892707824707","leiden","edit-xhwikibooks.graphml"
"0.32","0.28","0.4","0.400640983816203","1,1,1,2,1,2,3,2,2,2,3,4,2,2,2,2,2,3,3,4,5,1,2,2,2,2,2,2,1,2,3,3,4,4,3,3,2,2,5,5,5,5,1,1,1,1,5,1,1,1,5,5,5,5,5,1,1,1,1,5,2,5,5,2,2,5,5,5,5,5,1,5,2,2,5,5,5,5,5,5,5,2,2,2,2,1,5,5,5,5,2,3,3,5,5,5,2,5,5,5,5,5,5,5,5,5,5,4,4,5,5,5,5,3,3,3,3,3,3,3,3,2,2,2,2,2,2,2,2","0.000813007354736328","leiden","edit-xhwikibooks.graphml"
"0.31","0.29","0.4","0.402242455775234","1,1,1,2,1,2,3,2,2,2,3,4,2,2,2,2,2,3,3,4,5,1,2,2,2,2,2,2,1,2,3,3,4,4,3,3,2,2,5,5,5,5,1,1,1,1,5,1,1,1,5,5,5,5,5,1,1,1,1,5,2,5,5,2,2,5,5,5,5,5,1,5,2,2,5,5,5,5,5,5,5,2,2,2,2,1,5,5,5,5,2,3,3,5,5,5,2,5,5,5,5,5,5,5,5,5,5,4,4,5,5,5,5,3,3,3,3,3,3,3,3,2,2,2,2,2,2,2,2","0.00080108642578125","leiden","edit-xhwikibooks.graphml"
"0.3","0.3","0.4","0.402082098279246","1,1,1,2,3,2,3,2,2,2,3,3,2,2,2,2,2,3,4,3,5,1,2,2,2,2,2,2,1,2,3,4,3,3,4,4,2,2,5,5,5,5,1,1,1,1,5,1,1,1,5,5,5,5,5,1,1,1,1,5,2,5,5,2,2,5,5,5,5,5,1,5,2,2,5,5,5,5,5,5,5,2,2,2,2,1,5,5,5,5,2,3,4,5,5,5,2,5,5,5,5,5,5,5,5,5,5,3,3,5,5,5,5,4,4,4,4,4,4,4,4,2,2,2,2,2,2,2,2","0.00087285041809082","leiden","edit-xhwikibooks.graphml"
"0.29","0.31","0.4","0.402803384494906","1,1,1,2,1,2,3,2,2,2,3,4,2,2,2,2,2,3,3,4,5,1,2,2,2,2,2,2,1,2,3,3,4,4,3,3,2,2,5,5,5,5,1,1,1,1,5,1,1,1,5,5,5,5,5,1,1,1,1,5,2,5,5,2,2,5,5,5,5,5,1,5,2,2,5,5,5,5,5,5,5,2,2,2,2,1,5,5,5,5,2,3,3,5,5,5,2,5,5,5,5,5,5,5,5,5,5,4,4,5,5,5,5,3,3,3,3,3,3,3,3,2,2,2,2,2,2,2,2","0.000782966613769531","leiden","edit-xhwikibooks.graphml"
"0.28","0.32","0.4","0.40336121421408","1,1,1,2,1,2,3,2,2,2,3,4,2,2,2,2,2,3,3,4,5,1,2,2,2,2,2,2,1,2,3,3,4,4,3,3,2,2,5,5,5,5,1,1,1,1,5,1,1,1,5,5,5,5,5,1,1,1,1,5,2,5,5,2,2,5,5,5,5,5,1,5,2,2,5,5,5,5,5,5,5,2,2,2,2,1,5,5,5,5,2,3,3,5,5,5,2,5,5,5,5,5,5,5,5,5,5,4,4,5,5,5,5,3,3,3,3,3,3,3,3,2,2,2,2,2,2,2,2","0.000814199447631836","leiden","edit-xhwikibooks.graphml"
"0.27","0.33","0.4","0.40336121421408","1,1,1,2,1,2,3,2,2,2,3,4,2,2,2,2,2,3,3,4,5,1,2,2,2,2,2,2,1,2,3,3,4,4,3,3,2,2,5,5,5,5,1,1,1,1,5,1,1,1,5,5,5,5,5,1,1,1,1,5,2,5,5,2,2,5,5,5,5,5,1,5,2,2,5,5,5,5,5,5,5,2,2,2,2,1,5,5,5,5,2,3,3,5,5,5,2,5,5,5,5,5,5,5,5,5,5,4,4,5,5,5,5,3,3,3,3,3,3,3,3,2,2,2,2,2,2,2,2","0.000812053680419922","leiden","edit-xhwikibooks.graphml"
"0.26","0.34","0.4","0.41455231625387","1,1,1,2,3,2,3,2,2,2,3,3,2,2,2,2,2,3,4,3,5,1,2,2,2,2,2,2,1,2,3,4,3,3,4,4,2,2,5,5,5,5,1,1,1,1,5,1,1,1,5,5,5,5,5,1,1,1,1,5,2,5,5,2,2,5,5,5,5,5,1,5,2,2,5,5,5,5,5,5,5,2,2,2,2,1,5,5,5,5,2,3,4,5,5,5,2,5,5,5,5,5,5,5,5,5,5,3,3,5,5,5,5,4,4,4,4,4,4,4,4,2,2,2,2,2,2,2,2","0.000813961029052734","leiden","edit-xhwikibooks.graphml"
"0.25","0.35","0.4","0.41455231625387","1,1,1,2,3,2,3,2,2,2,3,3,2,2,2,2,2,3,4,3,5,1,2,2,2,2,2,2,1,2,3,4,3,3,4,4,2,2,5,5,5,5,1,1,1,1,5,1,1,1,5,5,5,5,5,1,1,1,1,5,2,5,5,2,2,5,5,5,5,5,1,5,2,2,5,5,5,5,5,5,5,2,2,2,2,1,5,5,5,5,2,3,4,5,5,5,2,5,5,5,5,5,5,5,5,5,5,3,3,5,5,5,5,4,4,4,4,4,4,4,4,2,2,2,2,2,2,2,2","0.000868797302246094","leiden","edit-xhwikibooks.graphml"
"0.24","0.36","0.4","0.41429831191736","1,1,1,2,3,2,3,2,2,2,3,3,2,2,2,2,2,3,4,3,5,1,2,2,2,2,2,2,1,2,3,4,3,3,4,4,2,2,5,5,5,5,1,1,1,1,5,1,1,1,5,5,5,5,5,1,1,1,1,5,2,5,5,2,2,5,5,5,5,5,1,5,2,2,5,5,5,5,5,5,5,2,2,2,2,1,5,5,5,5,2,3,4,5,5,5,2,5,5,5,5,5,5,5,5,5,5,3,3,5,5,5,5,4,4,4,4,4,4,4,4,2,2,2,2,2,2,2,2","0.00079798698425293","leiden","edit-xhwikibooks.graphml"
"0.23","0.37","0.4","0.41429831191736","1,1,1,2,3,2,3,2,2,2,3,3,2,2,2,2,2,3,4,3,5,1,2,2,2,2,2,2,1,2,3,4,3,3,4,4,2,2,5,5,5,5,1,1,1,1,5,1,1,1,5,5,5,5,5,1,1,1,1,5,2,5,5,2,2,5,5,5,5,5,1,5,2,2,5,5,5,5,5,5,5,2,2,2,2,1,5,5,5,5,2,3,4,5,5,5,2,5,5,5,5,5,5,5,5,5,5,3,3,5,5,5,5,4,4,4,4,4,4,4,4,2,2,2,2,2,2,2,2","0.000906944274902344","leiden","edit-xhwikibooks.graphml"
"0.22","0.38","0.4","0.414044591575107","1,1,1,2,3,2,3,2,2,2,3,3,2,2,2,2,2,3,4,3,5,1,2,2,2,2,2,2,1,2,3,4,3,3,4,4,2,2,5,5,5,5,1,1,1,1,5,1,1,1,5,5,5,5,5,1,1,1,1,5,2,5,5,2,2,5,5,5,5,5,1,5,2,2,5,5,5,5,5,5,5,2,2,2,2,1,5,5,5,5,2,3,4,5,5,5,2,5,5,5,5,5,5,5,5,5,5,3,3,5,5,5,5,4,4,4,4,4,4,4,4,2,2,2,2,2,2,2,2","0.000821113586425781","leiden","edit-xhwikibooks.graphml"
"0.21","0.39","0.4","0.414825912131022","1,1,1,2,3,2,3,2,2,2,3,3,2,2,2,2,2,3,4,3,5,1,2,2,2,2,2,2,1,2,3,4,3,3,4,4,2,2,5,5,5,5,1,1,1,1,5,1,1,1,5,5,5,5,5,1,1,1,1,5,2,5,5,2,2,5,5,5,5,5,1,5,2,2,5,5,5,5,5,5,5,2,2,2,2,1,5,5,5,5,2,3,4,5,5,5,2,5,5,5,5,5,5,5,5,5,5,3,3,5,5,5,5,4,4,4,4,4,4,4,4,2,2,2,2,2,2,2,2","0.000821113586425781","leiden","edit-xhwikibooks.graphml"
"0.2","0.4","0.4","0.416060866440657","1,1,1,2,3,2,3,2,2,2,3,3,2,2,2,2,2,3,4,3,5,1,2,2,2,2,2,2,1,2,3,4,3,3,4,4,2,2,5,5,5,5,1,1,1,1,5,1,1,1,5,5,5,5,5,1,1,1,1,5,2,5,5,2,2,5,5,5,5,5,1,5,2,2,5,5,5,5,5,5,5,2,2,2,2,1,5,5,5,5,2,3,4,5,5,5,2,5,5,5,5,5,5,5,5,5,5,3,3,5,5,5,5,4,4,4,4,4,4,4,4,2,2,2,2,2,2,2,2","0.000807046890258789","leiden","edit-xhwikibooks.graphml"
"0.19","0.41","0.4","0.408716668065699","1,1,1,2,1,2,3,2,2,2,3,3,2,2,2,2,2,3,4,3,5,1,2,2,2,2,2,2,1,2,3,4,3,3,4,4,2,2,5,5,5,5,1,1,1,1,5,1,1,1,5,5,5,5,5,1,1,1,1,5,6,5,5,2,2,5,5,5,5,5,1,5,2,2,5,5,5,5,5,5,5,2,2,2,2,7,5,5,5,5,8,9,10,5,5,5,2,5,5,5,5,5,5,5,5,5,5,3,3,5,5,5,5,4,4,4,4,4,4,4,4,2,2,2,2,2,2,2,2","0.000857114791870117","leiden","edit-xhwikibooks.graphml"
"0.18","0.42","0.4","0.408376692433453","1,1,1,2,1,2,3,2,2,2,3,4,2,2,2,2,2,3,3,4,5,1,2,2,2,2,2,2,1,2,3,3,4,4,3,3,2,2,5,5,5,5,1,1,1,1,5,1,1,1,5,5,5,5,5,1,1,1,1,5,6,5,5,2,2,5,5,5,5,5,1,5,2,2,5,5,5,5,5,5,5,2,2,2,2,7,5,5,5,5,8,9,10,5,5,5,2,5,5,5,5,5,5,5,5,5,5,4,4,5,5,5,5,3,3,3,3,3,3,3,3,2,2,2,2,2,2,2,2","0.000822067260742188","leiden","edit-xhwikibooks.graphml"
"0.17","0.43","0.4","0.410023043589155","1,1,1,2,1,2,3,2,2,2,3,3,2,2,2,2,2,3,4,3,5,1,2,2,2,2,2,2,1,2,3,4,3,3,4,4,2,2,5,5,5,5,1,1,1,1,5,1,1,1,5,5,5,5,5,1,1,1,1,5,6,5,5,2,2,5,5,5,5,5,1,5,2,2,5,5,5,5,5,5,5,2,2,2,2,7,5,5,5,5,8,9,10,5,5,5,2,5,5,5,5,5,5,5,5,5,5,3,3,5,5,5,5,4,4,4,4,4,4,4,4,2,2,2,2,2,2,2,2","0.000870943069458008","leiden","edit-xhwikibooks.graphml"
"0.16","0.44","0.4","0.409870627664979","1,1,1,2,3,2,3,2,2,2,3,3,2,2,2,2,2,3,4,3,5,1,2,2,2,2,2,2,1,2,3,4,3,3,4,4,2,2,5,5,5,5,1,1,1,1,5,1,1,1,5,5,5,5,5,1,1,1,1,5,6,5,5,2,2,5,5,5,5,5,1,5,2,2,5,5,5,5,5,5,5,2,2,2,2,7,5,5,5,5,8,9,10,5,5,5,2,5,5,5,5,5,5,5,5,5,5,3,3,5,5,5,5,4,4,4,4,4,4,4,4,2,2,2,2,2,2,2,2","0.00091099739074707","leiden","edit-xhwikibooks.graphml"
"0.15","0.45","0.4","0.411420068027211","1,1,1,2,3,2,3,2,2,2,3,3,2,2,2,2,2,3,4,3,5,1,2,2,2,2,2,2,1,2,3,4,3,3,4,4,2,2,5,5,5,5,1,1,1,1,5,1,1,1,5,5,5,5,5,1,1,1,1,5,6,5,5,2,2,5,5,5,5,5,1,5,2,2,5,5,5,5,5,5,5,2,2,2,2,7,5,5,5,5,8,9,10,5,5,5,2,5,5,5,5,5,5,5,5,5,5,3,3,5,5,5,5,4,4,4,4,4,4,4,4,2,2,2,2,2,2,2,2","0.000887870788574219","leiden","edit-xhwikibooks.graphml"
"0.14","0.46","0.4","0.411167137595189","1,1,1,2,3,2,3,2,2,2,3,3,2,2,2,2,2,3,4,3,5,1,2,2,2,2,2,2,1,2,3,4,3,3,4,4,2,2,5,5,5,5,1,1,1,1,5,1,1,1,5,5,5,5,5,1,1,1,1,5,6,5,5,2,2,5,5,5,5,5,1,5,2,2,5,5,5,5,5,5,5,2,2,2,2,7,5,5,5,5,8,9,10,5,5,5,2,5,5,5,5,5,5,5,5,5,5,3,3,5,5,5,5,4,4,4,4,4,4,4,4,2,2,2,2,2,2,2,2","0.000946044921875","leiden","edit-xhwikibooks.graphml"
"0.13","0.47","0.4","0.411752720633111","1,1,1,2,1,2,3,2,2,2,3,4,2,2,2,2,2,3,3,4,5,1,2,2,2,2,2,2,1,2,3,3,4,4,3,3,2,2,5,5,5,5,1,1,1,1,5,1,1,1,5,5,5,5,5,1,1,1,1,5,6,5,5,2,2,5,5,5,5,5,1,5,2,2,5,5,5,5,5,5,5,2,2,2,2,7,5,5,5,5,8,9,10,5,5,5,2,5,5,5,5,5,5,5,5,5,5,4,4,5,5,5,5,3,3,3,3,3,3,3,3,2,2,2,2,2,2,2,2","0.000838994979858398","leiden","edit-xhwikibooks.graphml"
"0.12","0.48","0.4","0.411500913069399","1,1,1,2,1,2,3,2,2,2,3,4,2,2,2,2,2,3,3,4,5,1,2,2,2,2,2,2,1,2,3,3,4,4,3,3,2,2,5,5,5,5,1,1,1,1,5,1,1,1,5,5,5,5,5,1,1,1,1,5,6,5,5,2,2,5,5,5,5,5,1,5,2,2,5,5,5,5,5,5,5,2,2,2,2,7,5,5,5,5,8,9,10,5,5,5,2,5,5,5,5,5,5,5,5,5,5,4,4,5,5,5,5,3,3,3,3,3,3,3,3,2,2,2,2,2,2,2,2","0.000814914703369141","leiden","edit-xhwikibooks.graphml"
"0.11","0.49","0.4","0.411702772558895","1,1,1,2,3,2,3,2,2,2,3,3,2,2,2,2,2,3,4,3,5,1,2,2,2,2,2,2,1,2,3,4,3,3,4,4,2,2,5,5,5,5,1,1,1,1,5,1,1,1,5,5,5,5,5,1,1,1,1,5,6,5,5,2,2,5,5,5,5,5,1,5,2,2,5,5,5,5,5,5,5,2,2,2,2,7,5,5,5,5,8,9,10,5,5,5,2,5,5,5,5,5,5,5,5,5,5,3,3,5,5,5,5,4,4,4,4,4,4,4,4,2,2,2,2,2,2,2,2","0.00108599662780762","leiden","edit-xhwikibooks.graphml"
"0.1","0.5","0.4","0.443064147705487","1,1,1,2,3,2,3,2,2,2,3,3,2,2,2,2,2,3,4,3,5,1,2,2,2,2,2,2,1,2,3,4,3,3,4,4,2,2,5,5,5,5,1,1,1,1,5,1,1,1,5,5,5,5,5,1,1,1,1,5,6,5,5,2,2,5,5,5,5,5,1,5,2,2,5,5,5,5,5,5,5,2,2,2,2,7,5,5,5,5,8,9,10,5,5,5,2,5,5,5,5,5,5,5,5,5,5,3,3,5,5,5,5,4,4,4,4,4,4,4,4,2,2,2,2,2,2,2,2","0.000864982604980469","leiden","edit-xhwikibooks.graphml"
"0.09","0.51","0.4","0.443064147705487","1,1,1,2,3,2,3,2,2,2,3,3,2,2,2,2,2,3,4,3,5,1,2,2,2,2,2,2,1,2,3,4,3,3,4,4,2,2,5,5,5,5,1,1,1,1,5,1,1,1,5,5,5,5,5,1,1,1,1,5,6,5,5,2,2,5,5,5,5,5,1,5,2,2,5,5,5,5,5,5,5,2,2,2,2,7,5,5,5,5,8,9,10,5,5,5,2,5,5,5,5,5,5,5,5,5,5,3,3,5,5,5,5,4,4,4,4,4,4,4,4,2,2,2,2,2,2,2,2","0.000854969024658203","leiden","edit-xhwikibooks.graphml"
"0.08","0.52","0.4","0.443778191879572","1,1,1,2,3,2,3,2,2,2,3,3,2,2,2,2,2,3,4,3,5,1,2,2,2,2,2,2,1,2,3,4,3,3,4,4,2,2,5,5,5,5,1,1,1,1,5,1,1,1,5,5,5,5,5,1,1,1,1,5,6,5,5,2,2,5,5,5,5,5,1,5,2,2,5,5,5,5,5,5,5,2,2,2,2,7,5,5,5,5,8,9,10,5,5,5,2,5,5,5,5,5,5,5,5,5,5,3,3,5,5,5,5,4,4,4,4,4,4,4,4,2,2,2,2,2,2,2,2","0.000888824462890625","leiden","edit-xhwikibooks.graphml"
"0.07","0.53","0.4","0.44352339607249","1,1,1,2,3,2,3,2,2,2,3,3,2,2,2,2,2,3,4,3,5,1,2,2,2,2,2,2,1,2,3,4,3,3,4,4,2,2,5,5,5,5,1,1,1,1,5,1,1,1,5,5,5,5,5,1,1,1,1,5,6,5,5,2,2,5,5,5,5,5,1,5,2,2,5,5,5,5,5,5,5,2,2,2,2,7,5,5,5,5,8,9,10,5,5,5,2,5,5,5,5,5,5,5,5,5,5,3,3,5,5,5,5,4,4,4,4,4,4,4,4,2,2,2,2,2,2,2,2","0.000864982604980469","leiden","edit-xhwikibooks.graphml"
"0.06","0.54","0.4","0.444943311737805","1,1,1,2,3,2,3,2,2,2,3,3,2,2,2,2,2,3,4,3,5,1,2,2,2,2,2,2,1,2,3,4,3,3,4,4,2,2,5,5,5,5,1,1,1,1,5,1,1,1,5,5,5,5,5,1,1,1,1,5,6,5,5,2,2,5,5,5,5,5,1,5,2,2,5,5,5,5,5,5,5,2,2,2,2,7,5,5,5,5,8,9,10,5,5,5,2,5,5,5,5,5,5,5,5,5,5,3,3,5,5,5,5,4,4,4,4,4,4,4,4,2,2,2,2,2,2,2,2","0.000878095626831055","leiden","edit-xhwikibooks.graphml"
"0.05","0.55","0.4","0.444688680596925","1,1,1,2,3,2,3,2,2,2,3,3,2,2,2,2,2,3,4,3,5,1,2,2,2,2,2,2,1,2,3,4,3,3,4,4,2,2,5,5,5,5,1,1,1,1,5,1,1,1,5,5,5,5,5,1,1,1,1,5,6,5,5,2,2,5,5,5,5,5,1,5,2,2,5,5,5,5,5,5,5,2,2,2,2,7,5,5,5,5,8,9,10,5,5,5,2,5,5,5,5,5,5,5,5,5,5,3,3,5,5,5,5,4,4,4,4,4,4,4,4,2,2,2,2,2,2,2,2","0.000905036926269531","leiden","edit-xhwikibooks.graphml"
"0.04","0.56","0.4","0.446035362662465","1,1,1,2,3,2,3,2,2,2,3,3,2,2,2,2,2,3,4,3,5,1,2,2,2,2,2,2,1,2,3,4,3,3,4,4,2,2,5,5,5,5,1,1,1,1,5,1,1,1,5,5,5,5,5,1,1,1,1,5,6,5,5,2,2,5,5,5,5,5,1,5,2,2,5,5,5,5,5,5,5,2,2,2,2,7,5,5,5,5,8,9,10,5,5,5,2,5,5,5,5,5,5,5,5,5,5,3,3,5,5,5,5,4,4,4,4,4,4,4,4,2,2,2,2,2,2,2,2","0.00091099739074707","leiden","edit-xhwikibooks.graphml"
"0.03","0.57","0.4","0.445781000267921","1,1,1,2,3,2,3,2,2,2,3,3,2,2,2,2,2,3,4,3,5,1,2,2,2,2,2,2,1,2,3,4,3,3,4,4,2,2,5,5,5,5,1,1,1,1,5,1,1,1,5,5,5,5,5,1,1,1,1,5,6,5,5,2,2,5,5,5,5,5,1,5,2,2,5,5,5,5,5,5,5,2,2,2,2,7,5,5,5,5,8,9,10,5,5,5,2,5,5,5,5,5,5,5,5,5,5,3,3,5,5,5,5,4,4,4,4,4,4,4,4,2,2,2,2,2,2,2,2","0.000885009765625","leiden","edit-xhwikibooks.graphml"
"0.02","0.58","0.4","0.447119779589713","1,1,1,2,3,2,3,2,2,2,3,3,2,2,2,2,2,3,4,3,5,1,2,2,2,2,2,2,1,2,3,4,3,3,4,4,2,2,5,5,5,5,1,1,1,1,5,1,1,1,5,5,5,5,5,1,1,1,1,5,6,5,5,2,2,5,5,5,5,5,1,5,2,2,5,5,5,5,5,5,5,2,2,2,2,7,5,5,5,5,8,9,10,5,5,5,2,5,5,5,5,5,5,5,5,5,5,3,3,5,5,5,5,4,4,4,4,4,4,4,4,2,2,2,2,2,2,2,2","0.000870943069458008","leiden","edit-xhwikibooks.graphml"
"0.01","0.59","0.4","0.446865690172386","1,1,1,2,3,2,3,2,2,2,3,3,2,2,2,2,2,3,4,3,5,1,2,2,2,2,2,2,1,2,3,4,3,3,4,4,2,2,5,5,5,5,1,1,1,1,5,1,1,1,5,5,5,5,5,1,1,1,1,5,6,5,5,2,2,5,5,5,5,5,1,5,2,2,5,5,5,5,5,5,5,2,2,2,2,7,5,5,5,5,8,9,10,5,5,5,2,5,5,5,5,5,5,5,5,5,5,3,3,5,5,5,5,4,4,4,4,4,4,4,4,2,2,2,2,2,2,2,2","0.000854015350341797","leiden","edit-xhwikibooks.graphml"
"0","0.6","0.4","0.450144705327333","1,1,1,1,1,2,3,2,2,2,3,3,2,2,2,2,2,3,4,3,5,1,2,2,2,2,2,2,1,2,3,4,3,3,4,4,2,2,5,5,5,5,1,1,1,1,5,1,1,1,5,5,5,5,5,1,1,1,1,5,6,5,5,2,2,5,5,5,5,5,1,5,2,2,5,5,5,5,5,5,5,2,2,2,2,7,5,5,5,5,8,9,10,5,5,5,2,5,5,5,5,5,5,5,5,5,5,3,3,5,5,5,5,4,4,4,4,4,4,4,4,2,2,2,2,2,2,2,2","0.000919818878173828","leiden","edit-xhwikibooks.graphml"
"0.59","0","0.41","0.405290847905775","1,1,2,3,2,3,2,3,3,3,2,2,3,3,3,3,3,2,4,2,5,1,3,3,3,3,3,3,1,3,2,4,2,2,4,4,3,3,5,5,5,5,1,1,1,1,5,1,1,1,5,5,5,5,5,1,1,1,1,5,3,5,5,3,3,5,5,5,5,5,1,5,3,3,5,5,5,5,5,5,5,3,3,3,3,1,5,5,5,5,3,2,4,5,5,5,3,5,5,5,5,5,5,5,5,5,5,2,2,5,5,5,5,4,4,4,4,4,4,4,4,3,3,3,3,3,3,3,3","0.000809907913208008","leiden","edit-xhwikibooks.graphml"
"0.58","0.01","0.41","0.405290847905775","1,1,2,3,2,3,2,3,3,3,2,2,3,3,3,3,3,2,4,2,5,1,3,3,3,3,3,3,1,3,2,4,2,2,4,4,3,3,5,5,5,5,1,1,1,1,5,1,1,1,5,5,5,5,5,1,1,1,1,5,3,5,5,3,3,5,5,5,5,5,1,5,3,3,5,5,5,5,5,5,5,3,3,3,3,1,5,5,5,5,3,2,4,5,5,5,3,5,5,5,5,5,5,5,5,5,5,2,2,5,5,5,5,4,4,4,4,4,4,4,4,3,3,3,3,3,3,3,3","0.000802040100097656","leiden","edit-xhwikibooks.graphml"
"0.57","0.02","0.41","0.405290847905775","1,1,2,3,2,3,2,3,3,3,2,2,3,3,3,3,3,2,4,2,5,1,3,3,3,3,3,3,1,3,2,4,2,2,4,4,3,3,5,5,5,5,1,1,1,1,5,1,1,1,5,5,5,5,5,1,1,1,1,5,3,5,5,3,3,5,5,5,5,5,1,5,3,3,5,5,5,5,5,5,5,3,3,3,3,1,5,5,5,5,3,2,4,5,5,5,3,5,5,5,5,5,5,5,5,5,5,2,2,5,5,5,5,4,4,4,4,4,4,4,4,3,3,3,3,3,3,3,3","0.000802993774414062","leiden","edit-xhwikibooks.graphml"
"0.56","0.03","0.41","0.405046616599097","1,1,2,3,2,3,2,3,3,3,2,2,3,3,3,3,3,2,4,2,5,1,3,3,3,3,3,3,1,3,2,4,2,2,4,4,3,3,5,5,5,5,1,1,1,1,5,1,1,1,5,5,5,5,5,1,1,1,1,5,3,5,5,3,3,5,5,5,5,5,1,5,3,3,5,5,5,5,5,5,5,3,3,3,3,1,5,5,5,5,3,2,4,5,5,5,3,5,5,5,5,5,5,5,5,5,5,2,2,5,5,5,5,4,4,4,4,4,4,4,4,3,3,3,3,3,3,3,3","0.000811100006103516","leiden","edit-xhwikibooks.graphml"
"0.55","0.04","0.41","0.404503021274017","1,1,2,3,2,3,2,3,3,3,4,2,3,3,3,3,3,4,4,2,5,1,3,3,3,3,3,3,1,3,4,4,2,2,4,4,3,3,5,5,5,5,1,1,1,1,5,1,1,1,5,5,5,5,5,1,1,1,1,5,3,5,5,3,3,5,5,5,5,5,1,5,3,3,5,5,5,5,5,5,5,3,3,3,3,1,5,5,5,5,3,4,4,5,5,5,3,5,5,5,5,5,5,5,5,5,5,2,2,5,5,5,5,4,4,4,4,4,4,4,4,3,3,3,3,3,3,3,3","0.000818014144897461","leiden","edit-xhwikibooks.graphml"
"0.54","0.05","0.41","0.404802655541604","1,1,2,3,2,3,2,3,3,3,2,2,3,3,3,3,3,2,4,2,5,1,3,3,3,3,3,3,1,3,2,4,2,2,4,4,3,3,5,5,5,5,1,1,1,1,5,1,1,1,5,5,5,5,5,1,1,1,1,5,3,5,5,3,3,5,5,5,5,5,1,5,3,3,5,5,5,5,5,5,5,3,3,3,3,1,5,5,5,5,3,2,4,5,5,5,3,5,5,5,5,5,5,5,5,5,5,2,2,5,5,5,5,4,4,4,4,4,4,4,4,3,3,3,3,3,3,3,3","0.000787019729614258","leiden","edit-xhwikibooks.graphml"
"0.53","0.06","0.41","0.400525518262228","1,1,2,2,2,3,2,3,3,3,2,2,3,3,3,3,3,2,4,2,5,1,3,3,3,3,3,3,1,3,2,4,2,2,4,4,3,3,5,5,5,5,1,1,1,1,5,1,1,1,5,5,5,5,5,1,1,1,1,5,3,5,5,3,3,5,5,5,5,5,1,5,3,3,5,5,5,5,5,5,5,3,3,3,3,1,5,5,5,5,3,2,4,5,5,5,3,5,5,5,5,5,5,5,5,5,5,2,2,5,5,5,5,4,4,4,4,4,4,4,4,3,3,3,3,3,3,3,3","0.00080108642578125","leiden","edit-xhwikibooks.graphml"
"0.52","0.07","0.41","0.400281881633863","1,1,2,2,2,3,2,3,3,3,2,2,3,3,3,3,3,2,4,2,5,1,3,3,3,3,3,3,1,3,2,4,2,2,4,4,3,3,5,5,5,5,1,1,1,1,5,1,1,1,5,5,5,5,5,1,1,1,1,5,3,5,5,3,3,5,5,5,5,5,1,5,3,3,5,5,5,5,5,5,5,3,3,3,3,1,5,5,5,5,3,2,4,5,5,5,3,5,5,5,5,5,5,5,5,5,5,2,2,5,5,5,5,4,4,4,4,4,4,4,4,3,3,3,3,3,3,3,3","0.000869989395141602","leiden","edit-xhwikibooks.graphml"
"0.51","0.08","0.41","0.401082556132094","1,1,2,2,2,3,2,3,3,3,2,2,3,3,3,3,3,2,4,2,5,1,3,3,3,3,3,3,1,3,2,4,2,2,4,4,3,3,5,5,5,5,1,1,1,1,5,1,1,1,5,5,5,5,5,1,1,1,1,5,3,5,5,3,3,5,5,5,5,5,1,5,3,3,5,5,5,5,5,5,5,3,3,3,3,1,5,5,5,5,3,2,4,5,5,5,3,5,5,5,5,5,5,5,5,5,5,2,2,5,5,5,5,4,4,4,4,4,4,4,4,3,3,3,3,3,3,3,3","0.000786066055297852","leiden","edit-xhwikibooks.graphml"
"0.5","0.09","0.41","0.400839050484466","1,1,2,2,2,3,2,3,3,3,2,2,3,3,3,3,3,2,4,2,5,1,3,3,3,3,3,3,1,3,2,4,2,2,4,4,3,3,5,5,5,5,1,1,1,1,5,1,1,1,5,5,5,5,5,1,1,1,1,5,3,5,5,3,3,5,5,5,5,5,1,5,3,3,5,5,5,5,5,5,5,3,3,3,3,1,5,5,5,5,3,2,4,5,5,5,3,5,5,5,5,5,5,5,5,5,5,2,2,5,5,5,5,4,4,4,4,4,4,4,4,3,3,3,3,3,3,3,3","0.00080418586730957","leiden","edit-xhwikibooks.graphml"
"0.49","0.1","0.41","0.400839050484466","1,1,2,2,2,3,2,3,3,3,2,2,3,3,3,3,3,2,4,2,5,1,3,3,3,3,3,3,1,3,2,4,2,2,4,4,3,3,5,5,5,5,1,1,1,1,5,1,1,1,5,5,5,5,5,1,1,1,1,5,3,5,5,3,3,5,5,5,5,5,1,5,3,3,5,5,5,5,5,5,5,3,3,3,3,1,5,5,5,5,3,2,4,5,5,5,3,5,5,5,5,5,5,5,5,5,5,2,2,5,5,5,5,4,4,4,4,4,4,4,4,3,3,3,3,3,3,3,3","0.000807046890258789","leiden","edit-xhwikibooks.graphml"
"0.48","0.11","0.41","0.398283534647171","1,1,2,2,2,3,2,3,3,3,2,2,3,3,3,3,3,2,4,2,5,1,3,3,3,3,3,3,1,3,2,4,2,2,4,4,3,3,5,5,5,5,1,1,1,1,5,1,1,1,5,5,5,5,5,1,1,1,1,5,3,5,5,3,3,5,5,5,5,5,1,5,3,3,5,5,5,5,5,5,5,3,3,3,3,1,5,5,5,5,3,2,4,5,5,5,3,5,5,5,5,5,5,5,5,5,5,2,2,5,5,5,5,4,4,4,4,4,4,4,4,3,3,3,3,3,3,3,3","0.000823020935058594","leiden","edit-xhwikibooks.graphml"
"0.47","0.12","0.41","0.400639685115077","1,1,2,2,2,3,2,3,3,3,2,2,3,3,3,3,3,2,4,2,5,1,3,3,3,3,3,3,1,3,2,4,2,2,4,4,3,3,5,5,5,5,1,1,1,1,5,1,1,1,5,5,5,5,5,1,1,1,1,5,3,5,5,3,3,5,5,5,5,5,1,5,3,3,5,5,5,5,5,5,5,3,3,3,3,1,5,5,5,5,3,2,4,5,5,5,3,5,5,5,5,5,5,5,5,5,5,2,2,5,5,5,5,4,4,4,4,4,4,4,4,3,3,3,3,3,3,3,3","0.000792026519775391","leiden","edit-xhwikibooks.graphml"
"0.46","0.13","0.41","0.400396656588753","1,1,2,2,2,3,2,3,3,3,2,2,3,3,3,3,3,2,4,2,5,1,3,3,3,3,3,3,1,3,2,4,2,2,4,4,3,3,5,5,5,5,1,1,1,1,5,1,1,1,5,5,5,5,5,1,1,1,1,5,3,5,5,3,3,5,5,5,5,5,1,5,3,3,5,5,5,5,5,5,5,3,3,3,3,1,5,5,5,5,3,2,4,5,5,5,3,5,5,5,5,5,5,5,5,5,5,2,2,5,5,5,5,4,4,4,4,4,4,4,4,3,3,3,3,3,3,3,3","0.000810146331787109","leiden","edit-xhwikibooks.graphml"
"0.45","0.14","0.41","0.400396656588753","1,1,2,2,2,3,2,3,3,3,2,2,3,3,3,3,3,2,4,2,5,1,3,3,3,3,3,3,1,3,2,4,2,2,4,4,3,3,5,5,5,5,1,1,1,1,5,1,1,1,5,5,5,5,5,1,1,1,1,5,3,5,5,3,3,5,5,5,5,5,1,5,3,3,5,5,5,5,5,5,5,3,3,3,3,1,5,5,5,5,3,2,4,5,5,5,3,5,5,5,5,5,5,5,5,5,5,2,2,5,5,5,5,4,4,4,4,4,4,4,4,3,3,3,3,3,3,3,3","0.00079798698425293","leiden","edit-xhwikibooks.graphml"
"0.44","0.15","0.41","0.40169794486024","1,1,2,2,2,3,2,3,3,3,2,2,3,3,3,3,3,2,4,2,5,1,3,3,3,3,3,3,1,3,2,4,2,2,4,4,3,3,5,5,5,5,1,1,1,1,5,1,1,1,5,5,5,5,5,1,1,1,1,5,3,5,5,3,3,5,5,5,5,5,1,5,3,3,5,5,5,5,5,5,5,3,3,3,3,1,5,5,5,5,3,2,4,5,5,5,3,5,5,5,5,5,5,5,5,5,5,2,2,5,5,5,5,4,4,4,4,4,4,4,4,3,3,3,3,3,3,3,3","0.000808000564575195","leiden","edit-xhwikibooks.graphml"
"0.43","0.16","0.41","0.402490422027102","1,1,2,2,2,3,2,3,3,3,2,2,3,3,3,3,3,2,4,2,5,1,3,3,3,3,3,3,1,3,2,4,2,2,4,4,3,3,5,5,5,5,1,1,1,1,5,1,1,1,5,5,5,5,5,1,1,1,1,5,3,5,5,3,3,5,5,5,5,5,1,5,3,3,5,5,5,5,5,5,5,3,3,3,3,1,5,5,5,5,3,2,4,5,5,5,3,5,5,5,5,5,5,5,5,5,5,2,2,5,5,5,5,4,4,4,4,4,4,4,4,3,3,3,3,3,3,3,3","0.00082707405090332","leiden","edit-xhwikibooks.graphml"
"0.42","0.17","0.41","0.403033451848135","1,1,2,2,2,3,2,3,3,3,2,2,3,3,3,3,3,2,4,2,5,1,3,3,3,3,3,3,1,3,2,4,2,2,4,4,3,3,5,5,5,5,1,1,1,1,5,1,1,1,5,5,5,5,5,1,1,1,1,5,3,5,5,3,3,5,5,5,5,5,1,5,3,3,5,5,5,5,5,5,5,3,3,3,3,1,5,5,5,5,3,2,4,5,5,5,3,5,5,5,5,5,5,5,5,5,5,2,2,5,5,5,5,4,4,4,4,4,4,4,4,3,3,3,3,3,3,3,3","0.000808954238891602","leiden","edit-xhwikibooks.graphml"
"0.41","0.18","0.41","0.403821156644927","1,1,2,2,2,3,2,3,3,3,2,2,3,3,3,3,3,2,4,2,5,1,3,3,3,3,3,3,1,3,2,4,2,2,4,4,3,3,5,5,5,5,1,1,1,1,5,1,1,1,5,5,5,5,5,1,1,1,1,5,3,5,5,3,3,5,5,5,5,5,1,5,3,3,5,5,5,5,5,5,5,3,3,3,3,1,5,5,5,5,3,2,4,5,5,5,3,5,5,5,5,5,5,5,5,5,5,2,2,5,5,5,5,4,4,4,4,4,4,4,4,3,3,3,3,3,3,3,3","0.00118303298950195","leiden","edit-xhwikibooks.graphml"
"0.4","0.19","0.41","0.403578343262805","1,1,2,2,2,3,2,3,3,3,2,2,3,3,3,3,3,2,4,2,5,1,3,3,3,3,3,3,1,3,2,4,2,2,4,4,3,3,5,5,5,5,1,1,1,1,5,1,1,1,5,5,5,5,5,1,1,1,1,5,3,5,5,3,3,5,5,5,5,5,1,5,3,3,5,5,5,5,5,5,5,3,3,3,3,1,5,5,5,5,3,2,4,5,5,5,3,5,5,5,5,5,5,5,5,5,5,2,2,5,5,5,5,4,4,4,4,4,4,4,4,3,3,3,3,3,3,3,3","0.000845909118652344","leiden","edit-xhwikibooks.graphml"
"0.39","0.2","0.41","0.405923121936947","1,1,2,2,2,3,2,3,3,3,2,2,3,3,3,3,3,2,4,2,5,1,3,3,3,3,3,3,1,3,2,4,2,2,4,4,3,3,5,5,5,5,1,1,1,1,5,1,1,1,5,5,5,5,5,1,1,1,1,5,3,5,5,3,3,5,5,5,5,5,1,5,3,3,5,5,5,5,5,5,5,3,3,3,3,1,5,5,5,5,3,2,4,5,5,5,3,5,5,5,5,5,5,5,5,5,5,2,2,5,5,5,5,4,4,4,4,4,4,4,4,3,3,3,3,3,3,3,3","0.000802040100097656","leiden","edit-xhwikibooks.graphml"
"0.38","0.21","0.41","0.40568020313239","1,1,2,2,2,3,2,3,3,3,2,2,3,3,3,3,3,2,4,2,5,1,3,3,3,3,3,3,1,3,2,4,2,2,4,4,3,3,5,5,5,5,1,1,1,1,5,1,1,1,5,5,5,5,5,1,1,1,1,5,3,5,5,3,3,5,5,5,5,5,1,5,3,3,5,5,5,5,5,5,5,3,3,3,3,1,5,5,5,5,3,2,4,5,5,5,3,5,5,5,5,5,5,5,5,5,5,2,2,5,5,5,5,4,4,4,4,4,4,4,4,3,3,3,3,3,3,3,3","0.000809907913208008","leiden","edit-xhwikibooks.graphml"
"0.37","0.22","0.41","0.40568020313239","1,1,2,2,2,3,2,3,3,3,2,2,3,3,3,3,3,2,4,2,5,1,3,3,3,3,3,3,1,3,2,4,2,2,4,4,3,3,5,5,5,5,1,1,1,1,5,1,1,1,5,5,5,5,5,1,1,1,1,5,3,5,5,3,3,5,5,5,5,5,1,5,3,3,5,5,5,5,5,5,5,3,3,3,3,1,5,5,5,5,3,2,4,5,5,5,3,5,5,5,5,5,5,5,5,5,5,2,2,5,5,5,5,4,4,4,4,4,4,4,4,3,3,3,3,3,3,3,3","0.00080418586730957","leiden","edit-xhwikibooks.graphml"
"0.36","0.23","0.41","0.406948199967637","1,1,2,2,2,3,2,3,3,3,2,2,3,3,3,3,3,2,4,2,5,1,3,3,3,3,3,3,1,3,2,4,2,2,4,4,3,3,5,5,5,5,1,1,1,1,5,1,1,1,5,5,5,5,5,1,1,1,1,5,3,5,5,3,3,5,5,5,5,5,1,5,3,3,5,5,5,5,5,5,5,3,3,3,3,1,5,5,5,5,3,2,4,5,5,5,3,5,5,5,5,5,5,5,5,5,5,2,2,5,5,5,5,4,4,4,4,4,4,4,4,3,3,3,3,3,3,3,3","0.000946044921875","leiden","edit-xhwikibooks.graphml"
"0.35","0.24","0.41","0.397386366830976","1,1,1,2,1,2,3,2,2,2,3,4,2,2,2,2,2,3,3,4,5,1,2,2,2,2,2,2,1,2,3,3,4,4,3,3,2,2,5,5,5,5,1,1,1,1,5,1,1,1,5,5,5,5,5,1,1,1,1,5,2,5,5,2,2,5,5,5,5,5,1,5,2,2,5,5,5,5,5,5,5,2,2,2,2,1,5,5,5,5,2,3,3,5,5,5,2,5,5,5,5,5,5,5,5,5,5,4,4,5,5,5,5,3,3,3,3,3,3,3,3,2,2,2,2,2,2,2,2","0.000778913497924805","leiden","edit-xhwikibooks.graphml"
"0.34","0.25","0.41","0.399377841873394","1,1,1,2,1,2,3,2,2,2,3,3,2,2,2,2,2,3,4,3,5,1,2,2,2,2,2,2,1,2,3,4,3,3,4,4,2,2,5,5,5,5,1,1,1,1,5,1,1,1,5,5,5,5,5,1,1,1,1,5,2,5,5,2,2,5,5,5,5,5,1,5,2,2,5,5,5,5,5,5,5,2,2,2,2,1,5,5,5,5,2,3,4,5,5,5,2,5,5,5,5,5,5,5,5,5,5,3,3,5,5,5,5,4,4,4,4,4,4,4,4,2,2,2,2,2,2,2,2","0.000796079635620117","leiden","edit-xhwikibooks.graphml"
"0.33","0.26","0.41","0.399416481543019","1,1,1,2,1,2,3,2,2,2,3,4,2,2,2,2,2,3,3,4,5,1,2,2,2,2,2,2,1,2,3,3,4,4,3,3,2,2,5,5,5,5,1,1,1,1,5,1,1,1,5,5,5,5,5,1,1,1,1,5,2,5,5,2,2,5,5,5,5,5,1,5,2,2,5,5,5,5,5,5,5,2,2,2,2,1,5,5,5,5,2,3,3,5,5,5,2,5,5,5,5,5,5,5,5,5,5,4,4,5,5,5,5,3,3,3,3,3,3,3,3,2,2,2,2,2,2,2,2","0.000805139541625977","leiden","edit-xhwikibooks.graphml"
"0.32","0.27","0.41","0.399416481543019","1,1,1,2,1,2,3,2,2,2,3,4,2,2,2,2,2,3,3,4,5,1,2,2,2,2,2,2,1,2,3,3,4,4,3,3,2,2,5,5,5,5,1,1,1,1,5,1,1,1,5,5,5,5,5,1,1,1,1,5,2,5,5,2,2,5,5,5,5,5,1,5,2,2,5,5,5,5,5,5,5,2,2,2,2,1,5,5,5,5,2,3,3,5,5,5,2,5,5,5,5,5,5,5,5,5,5,4,4,5,5,5,5,3,3,3,3,3,3,3,3,2,2,2,2,2,2,2,2","0.000792026519775391","leiden","edit-xhwikibooks.graphml"
"0.31","0.28","0.41","0.410592891628985","1,1,1,2,3,2,3,2,2,2,3,3,2,2,2,2,2,3,4,3,5,1,2,2,2,2,2,2,1,2,3,4,3,3,4,4,2,2,5,5,5,5,1,1,1,1,5,1,1,1,5,5,5,5,5,1,1,1,1,5,2,5,5,2,2,5,5,5,5,5,1,5,2,2,5,5,5,5,5,5,5,2,2,2,2,1,5,5,5,5,2,3,4,5,5,5,2,5,5,5,5,5,5,5,5,5,5,3,3,5,5,5,5,4,4,4,4,4,4,4,4,2,2,2,2,2,2,2,2","0.000804901123046875","leiden","edit-xhwikibooks.graphml"
"0.3","0.29","0.41","0.402082098279246","1,1,1,2,3,2,3,2,2,2,3,3,2,2,2,2,2,3,4,3,5,1,2,2,2,2,2,2,1,2,3,4,3,3,4,4,2,2,5,5,5,5,1,1,1,1,5,1,1,1,5,5,5,5,5,1,1,1,1,5,2,5,5,2,2,5,5,5,5,5,1,5,2,2,5,5,5,5,5,5,5,2,2,2,2,1,5,5,5,5,2,3,4,5,5,5,2,5,5,5,5,5,5,5,5,5,5,3,3,5,5,5,5,4,4,4,4,4,4,4,4,2,2,2,2,2,2,2,2","0.000824928283691406","leiden","edit-xhwikibooks.graphml"
"0.29","0.3","0.41","0.40173892298796","1,1,1,2,1,2,3,2,2,2,3,4,2,2,2,2,2,3,3,4,5,1,2,2,2,2,2,2,1,2,3,3,4,4,3,3,2,2,5,5,5,5,1,1,1,1,5,1,1,1,5,5,5,5,5,1,1,1,1,5,2,5,5,2,2,5,5,5,5,5,1,5,2,2,5,5,5,5,5,5,5,2,2,2,2,1,5,5,5,5,2,3,3,5,5,5,2,5,5,5,5,5,5,5,5,5,5,4,4,5,5,5,5,3,3,3,3,3,3,3,3,2,2,2,2,2,2,2,2","0.00082087516784668","leiden","edit-xhwikibooks.graphml"
"0.28","0.31","0.41","0.402642893526354","1,1,1,2,3,2,3,2,2,2,3,3,2,2,2,2,2,3,4,3,5,1,2,2,2,2,2,2,1,2,3,4,3,3,4,4,2,2,5,5,5,5,1,1,1,1,5,1,1,1,5,5,5,5,5,1,1,1,1,5,2,5,5,2,2,5,5,5,5,5,1,5,2,2,5,5,5,5,5,5,5,2,2,2,2,1,5,5,5,5,2,3,4,5,5,5,2,5,5,5,5,5,5,5,5,5,5,3,3,5,5,5,5,4,4,4,4,4,4,4,4,2,2,2,2,2,2,2,2","0.000782012939453125","leiden","edit-xhwikibooks.graphml"
"0.27","0.32","0.41","0.40309220819019","1,1,1,2,1,2,3,2,2,2,3,3,2,2,2,2,2,3,4,3,5,1,2,2,2,2,2,2,1,2,3,4,3,3,4,4,2,2,5,5,5,5,1,1,1,1,5,1,1,1,5,5,5,5,5,1,1,1,1,5,2,5,5,2,2,5,5,5,5,5,1,5,2,2,5,5,5,5,5,5,5,2,2,2,2,1,5,5,5,5,2,3,4,5,5,5,2,5,5,5,5,5,5,5,5,5,5,3,3,5,5,5,5,4,4,4,4,4,4,4,4,2,2,2,2,2,2,2,2","0.000799894332885742","leiden","edit-xhwikibooks.graphml"
"0.26","0.33","0.41","0.403109627264076","1,1,1,2,1,2,3,2,2,2,3,4,2,2,2,2,2,3,3,4,5,1,2,2,2,2,2,2,1,2,3,3,4,4,3,3,2,2,5,5,5,5,1,1,1,1,5,1,1,1,5,5,5,5,5,1,1,1,1,5,2,5,5,2,2,5,5,5,5,5,1,5,2,2,5,5,5,5,5,5,5,2,2,2,2,1,5,5,5,5,2,3,3,5,5,5,2,5,5,5,5,5,5,5,5,5,5,4,4,5,5,5,5,3,3,3,3,3,3,3,3,2,2,2,2,2,2,2,2","0.000816106796264648","leiden","edit-xhwikibooks.graphml"
"0.25","0.34","0.41","0.41429831191736","1,1,1,2,3,2,3,2,2,2,3,3,2,2,2,2,2,3,4,3,5,1,2,2,2,2,2,2,1,2,3,4,3,3,4,4,2,2,5,5,5,5,1,1,1,1,5,1,1,1,5,5,5,5,5,1,1,1,1,5,2,5,5,2,2,5,5,5,5,5,1,5,2,2,5,5,5,5,5,5,5,2,2,2,2,1,5,5,5,5,2,3,4,5,5,5,2,5,5,5,5,5,5,5,5,5,5,3,3,5,5,5,5,4,4,4,4,4,4,4,4,2,2,2,2,2,2,2,2","0.000842094421386719","leiden","edit-xhwikibooks.graphml"
"0.24","0.35","0.41","0.41429831191736","1,1,1,2,3,2,3,2,2,2,3,3,2,2,2,2,2,3,4,3,5,1,2,2,2,2,2,2,1,2,3,4,3,3,4,4,2,2,5,5,5,5,1,1,1,1,5,1,1,1,5,5,5,5,5,1,1,1,1,5,2,5,5,2,2,5,5,5,5,5,1,5,2,2,5,5,5,5,5,5,5,2,2,2,2,1,5,5,5,5,2,3,4,5,5,5,2,5,5,5,5,5,5,5,5,5,5,3,3,5,5,5,5,4,4,4,4,4,4,4,4,2,2,2,2,2,2,2,2","0.00100803375244141","leiden","edit-xhwikibooks.graphml"
"0.23","0.36","0.41","0.414044591575107","1,1,1,2,3,2,3,2,2,2,3,3,2,2,2,2,2,3,4,3,5,1,2,2,2,2,2,2,1,2,3,4,3,3,4,4,2,2,5,5,5,5,1,1,1,1,5,1,1,1,5,5,5,5,5,1,1,1,1,5,2,5,5,2,2,5,5,5,5,5,1,5,2,2,5,5,5,5,5,5,5,2,2,2,2,1,5,5,5,5,2,3,4,5,5,5,2,5,5,5,5,5,5,5,5,5,5,3,3,5,5,5,5,4,4,4,4,4,4,4,4,2,2,2,2,2,2,2,2","0.000808954238891602","leiden","edit-xhwikibooks.graphml"
"0.22","0.37","0.41","0.414044591575107","1,1,1,2,3,2,3,2,2,2,3,3,2,2,2,2,2,3,4,3,5,1,2,2,2,2,2,2,1,2,3,4,3,3,4,4,2,2,5,5,5,5,1,1,1,1,5,1,1,1,5,5,5,5,5,1,1,1,1,5,2,5,5,2,2,5,5,5,5,5,1,5,2,2,5,5,5,5,5,5,5,2,2,2,2,1,5,5,5,5,2,3,4,5,5,5,2,5,5,5,5,5,5,5,5,5,5,3,3,5,5,5,5,4,4,4,4,4,4,4,4,2,2,2,2,2,2,2,2","0.00076603889465332","leiden","edit-xhwikibooks.graphml"
"0.21","0.38","0.41","0.413791154834351","1,1,1,2,3,2,3,2,2,2,3,3,2,2,2,2,2,3,4,3,5,1,2,2,2,2,2,2,1,2,3,4,3,3,4,4,2,2,5,5,5,5,1,1,1,1,5,1,1,1,5,5,5,5,5,1,1,1,1,5,2,5,5,2,2,5,5,5,5,5,1,5,2,2,5,5,5,5,5,5,5,2,2,2,2,1,5,5,5,5,2,3,4,5,5,5,2,5,5,5,5,5,5,5,5,5,5,3,3,5,5,5,5,4,4,4,4,4,4,4,4,2,2,2,2,2,2,2,2","0.000786066055297852","leiden","edit-xhwikibooks.graphml"
"0.2","0.39","0.41","0.414572374463145","1,1,1,2,3,2,3,2,2,2,3,3,2,2,2,2,2,3,4,3,5,1,2,2,2,2,2,2,1,2,3,4,3,3,4,4,2,2,5,5,5,5,1,1,1,1,5,1,1,1,5,5,5,5,5,1,1,1,1,5,2,5,5,2,2,5,5,5,5,5,1,5,2,2,5,5,5,5,5,5,5,2,2,2,2,1,5,5,5,5,2,3,4,5,5,5,2,5,5,5,5,5,5,5,5,5,5,3,3,5,5,5,5,4,4,4,4,4,4,4,4,2,2,2,2,2,2,2,2","0.000799894332885742","leiden","edit-xhwikibooks.graphml"
"0.19","0.4","0.41","0.41580752154414","1,1,1,2,3,2,3,2,2,2,3,3,2,2,2,2,2,3,4,3,5,1,2,2,2,2,2,2,1,2,3,4,3,3,4,4,2,2,5,5,5,5,1,1,1,1,5,1,1,1,5,5,5,5,5,1,1,1,1,5,2,5,5,2,2,5,5,5,5,5,1,5,2,2,5,5,5,5,5,5,5,2,2,2,2,1,5,5,5,5,2,3,4,5,5,5,2,5,5,5,5,5,5,5,5,5,5,3,3,5,5,5,5,4,4,4,4,4,4,4,4,2,2,2,2,2,2,2,2","0.000874996185302734","leiden","edit-xhwikibooks.graphml"
"0.18","0.41","0.41","0.41580752154414","1,1,1,2,3,2,3,2,2,2,3,3,2,2,2,2,2,3,4,3,5,1,2,2,2,2,2,2,1,2,3,4,3,3,4,4,2,2,5,5,5,5,1,1,1,1,5,1,1,1,5,5,5,5,5,1,1,1,1,5,2,5,5,2,2,5,5,5,5,5,1,5,2,2,5,5,5,5,5,5,5,2,2,2,2,1,5,5,5,5,2,3,4,5,5,5,2,5,5,5,5,5,5,5,5,5,5,3,3,5,5,5,5,4,4,4,4,4,4,4,4,2,2,2,2,2,2,2,2","0.000794172286987305","leiden","edit-xhwikibooks.graphml"
"0.17","0.42","0.41","0.411614899500453","1,1,1,2,3,2,3,2,2,2,3,3,2,2,2,2,2,3,4,3,5,1,2,2,2,2,2,2,1,2,3,4,3,3,4,4,2,2,5,5,5,5,1,1,1,1,5,1,1,1,5,5,5,5,5,1,1,1,1,5,6,5,5,2,2,5,5,5,5,5,1,5,2,2,5,5,5,5,5,5,5,2,2,2,2,7,5,5,5,5,8,9,10,5,5,5,2,5,5,5,5,5,5,5,5,5,5,3,3,5,5,5,5,4,4,4,4,4,4,4,4,2,2,2,2,2,2,2,2","0.000833034515380859","leiden","edit-xhwikibooks.graphml"
"0.16","0.43","0.41","0.413151187710303","1,1,1,2,3,2,3,2,2,2,3,3,2,2,2,2,2,3,4,3,5,1,2,2,2,2,2,2,1,2,3,4,3,3,4,4,2,2,5,5,5,5,1,1,1,1,5,1,1,1,5,5,5,5,5,1,1,1,1,5,6,5,5,2,2,5,5,5,5,5,1,5,2,2,5,5,5,5,5,5,5,2,2,2,2,7,5,5,5,5,8,9,10,5,5,5,2,5,5,5,5,5,5,5,5,5,5,3,3,5,5,5,5,4,4,4,4,4,4,4,4,2,2,2,2,2,2,2,2","0.000837087631225586","leiden","edit-xhwikibooks.graphml"
"0.15","0.44","0.41","0.412898811104689","1,1,1,2,3,2,3,2,2,2,3,3,2,2,2,2,2,3,4,3,5,1,2,2,2,2,2,2,1,2,3,4,3,3,4,4,2,2,5,5,5,5,1,1,1,1,5,1,1,1,5,5,5,5,5,1,1,1,1,5,6,5,5,2,2,5,5,5,5,5,1,5,2,2,5,5,5,5,5,5,5,2,2,2,2,7,5,5,5,5,8,9,10,5,5,5,2,5,5,5,5,5,5,5,5,5,5,3,3,5,5,5,5,4,4,4,4,4,4,4,4,2,2,2,2,2,2,2,2","0.000851869583129883","leiden","edit-xhwikibooks.graphml"
"0.14","0.45","0.41","0.41442568908153","1,1,1,2,3,2,3,2,2,2,3,3,2,2,2,2,2,3,4,3,5,1,2,2,2,2,2,2,1,2,3,4,3,3,4,4,2,2,5,5,5,5,1,1,1,1,5,1,1,1,5,5,5,5,5,1,1,1,1,5,6,5,5,2,2,5,5,5,5,5,1,5,2,2,5,5,5,5,5,5,5,2,2,2,2,7,5,5,5,5,8,9,10,5,5,5,2,5,5,5,5,5,5,5,5,5,5,3,3,5,5,5,5,4,4,4,4,4,4,4,4,2,2,2,2,2,2,2,2","0.000820159912109375","leiden","edit-xhwikibooks.graphml"
"0.13","0.46","0.41","0.414173441869259","1,1,1,2,3,2,3,2,2,2,3,3,2,2,2,2,2,3,4,3,5,1,2,2,2,2,2,2,1,2,3,4,3,3,4,4,2,2,5,5,5,5,1,1,1,1,5,1,1,1,5,5,5,5,5,1,1,1,1,5,6,5,5,2,2,5,5,5,5,5,1,5,2,2,5,5,5,5,5,5,5,2,2,2,2,7,5,5,5,5,8,9,10,5,5,5,2,5,5,5,5,5,5,5,5,5,5,3,3,5,5,5,5,4,4,4,4,4,4,4,4,2,2,2,2,2,2,2,2","0.000921010971069336","leiden","edit-xhwikibooks.graphml"
"0.12","0.47","0.41","0.412611776215469","1,1,1,2,1,2,3,2,2,2,3,3,2,2,2,2,2,3,4,3,5,1,2,2,2,2,2,2,1,2,3,4,3,3,4,4,2,2,5,5,5,5,1,1,1,1,5,1,1,1,5,5,5,5,5,1,1,1,1,5,6,5,5,2,2,5,5,5,5,5,1,5,2,2,5,5,5,5,5,5,5,2,2,2,2,7,5,5,5,5,8,9,10,5,5,5,2,5,5,5,5,5,5,5,5,5,5,3,3,5,5,5,5,4,4,4,4,4,4,4,4,2,2,2,2,2,2,2,2","0.00105595588684082","leiden","edit-xhwikibooks.graphml"
"0.11","0.48","0.41","0.412462179707205","1,1,1,2,3,2,3,2,2,2,3,3,2,2,2,2,2,3,4,3,5,1,2,2,2,2,2,2,1,2,3,4,3,3,4,4,2,2,5,5,5,5,1,1,1,1,5,1,1,1,5,5,5,5,5,1,1,1,1,5,6,5,5,2,2,5,5,5,5,5,1,5,2,2,5,5,5,5,5,5,5,2,2,2,2,7,5,5,5,5,8,9,10,5,5,5,2,5,5,5,5,5,5,5,5,5,5,3,3,5,5,5,5,4,4,4,4,4,4,4,4,2,2,2,2,2,2,2,2","0.000835895538330078","leiden","edit-xhwikibooks.graphml"
"0.1","0.49","0.41","0.412360017417425","1,1,1,2,1,2,3,2,2,2,3,3,2,2,2,2,2,3,4,3,5,1,2,2,2,2,2,2,1,2,3,4,3,3,4,4,2,2,5,5,5,5,1,1,1,1,5,1,1,1,5,5,5,5,5,1,1,1,1,5,6,5,5,2,2,5,5,5,5,5,1,5,2,2,5,5,5,5,5,5,5,2,2,2,2,7,5,5,5,5,8,9,10,5,5,5,2,5,5,5,5,5,5,5,5,5,5,3,3,5,5,5,5,4,4,4,4,4,4,4,4,2,2,2,2,2,2,2,2","0.000849008560180664","leiden","edit-xhwikibooks.graphml"
"0.09","0.5","0.41","0.44365681699881","1,1,1,2,3,2,3,2,2,2,3,3,2,2,2,2,2,3,4,3,5,1,2,2,2,2,2,2,1,2,3,4,3,3,4,4,2,2,5,5,5,5,1,1,1,1,5,1,1,1,5,5,5,5,5,1,1,1,1,5,6,5,5,2,2,5,5,5,5,5,1,5,2,2,5,5,5,5,5,5,5,2,2,2,2,7,5,5,5,5,8,9,10,5,5,5,2,5,5,5,5,5,5,5,5,5,5,3,3,5,5,5,5,4,4,4,4,4,4,4,4,2,2,2,2,2,2,2,2","0.000823974609375","leiden","edit-xhwikibooks.graphml"
"0.08","0.51","0.41","0.44365681699881","1,1,1,2,3,2,3,2,2,2,3,3,2,2,2,2,2,3,4,3,5,1,2,2,2,2,2,2,1,2,3,4,3,3,4,4,2,2,5,5,5,5,1,1,1,1,5,1,1,1,5,5,5,5,5,1,1,1,1,5,6,5,5,2,2,5,5,5,5,5,1,5,2,2,5,5,5,5,5,5,5,2,2,2,2,7,5,5,5,5,8,9,10,5,5,5,2,5,5,5,5,5,5,5,5,5,5,3,3,5,5,5,5,4,4,4,4,4,4,4,4,2,2,2,2,2,2,2,2","0.000957965850830078","leiden","edit-xhwikibooks.graphml"
"0.07","0.52","0.41","0.443699806662701","1,1,1,2,3,2,3,2,2,2,3,3,2,2,2,2,2,3,4,3,5,1,2,2,2,2,2,2,1,2,3,4,3,3,4,4,2,2,5,5,5,5,1,1,1,1,5,1,1,1,5,5,5,5,5,1,1,1,1,5,6,5,5,2,2,5,5,5,5,5,1,5,2,2,5,5,5,5,5,5,5,2,2,2,2,7,5,5,5,5,8,9,10,5,5,5,2,5,5,5,5,5,5,5,5,5,5,3,3,5,5,5,5,4,4,4,4,4,4,4,4,2,2,2,2,2,2,2,2","0.000854969024658203","leiden","edit-xhwikibooks.graphml"
"0.06","0.53","0.41","0.444153698954475","1,1,1,2,3,2,3,2,2,2,3,3,2,2,2,2,2,3,4,3,5,1,2,2,2,2,2,2,1,2,3,4,3,3,4,4,2,2,5,5,5,5,1,1,1,1,5,1,1,1,5,5,5,5,5,1,1,1,1,5,6,5,5,2,2,5,5,5,5,5,1,5,2,2,5,5,5,5,5,5,5,2,2,2,2,7,5,5,5,5,8,9,10,5,5,5,2,5,5,5,5,5,5,5,5,5,5,3,3,5,5,5,5,4,4,4,4,4,4,4,4,2,2,2,2,2,2,2,2","0.000867128372192383","leiden","edit-xhwikibooks.graphml"
"0.05","0.54","0.41","0.444858824039671","1,1,1,2,3,2,3,2,2,2,3,3,2,2,2,2,2,3,4,3,5,1,2,2,2,2,2,2,1,2,3,4,3,3,4,4,2,2,5,5,5,5,1,1,1,1,5,1,1,1,5,5,5,5,5,1,1,1,1,5,6,5,5,2,2,5,5,5,5,5,1,5,2,2,5,5,5,5,5,5,5,2,2,2,2,7,5,5,5,5,8,9,10,5,5,5,2,5,5,5,5,5,5,5,5,5,5,3,3,5,5,5,5,4,4,4,4,4,4,4,4,2,2,2,2,2,2,2,2","0.000841140747070312","leiden","edit-xhwikibooks.graphml"
"0.04","0.55","0.41","0.444605094187969","1,1,1,2,3,2,3,2,2,2,3,3,2,2,2,2,2,3,4,3,5,1,2,2,2,2,2,2,1,2,3,4,3,3,4,4,2,2,5,5,5,5,1,1,1,1,5,1,1,1,5,5,5,5,5,1,1,1,1,5,6,5,5,2,2,5,5,5,5,5,1,5,2,2,5,5,5,5,5,5,5,2,2,2,2,7,5,5,5,5,8,9,10,5,5,5,2,5,5,5,5,5,5,5,5,5,5,3,3,5,5,5,5,4,4,4,4,4,4,4,4,2,2,2,2,2,2,2,2","0.000875949859619141","leiden","edit-xhwikibooks.graphml"
"0.03","0.56","0.41","0.445948590889309","1,1,1,2,3,2,3,2,2,2,3,3,2,2,2,2,2,3,4,3,5,1,2,2,2,2,2,2,1,2,3,4,3,3,4,4,2,2,5,5,5,5,1,1,1,1,5,1,1,1,5,5,5,5,5,1,1,1,1,5,6,5,5,2,2,5,5,5,5,5,1,5,2,2,5,5,5,5,5,5,5,2,2,2,2,7,5,5,5,5,8,9,10,5,5,5,2,5,5,5,5,5,5,5,5,5,5,3,3,5,5,5,5,4,4,4,4,4,4,4,4,2,2,2,2,2,2,2,2","0.000868082046508789","leiden","edit-xhwikibooks.graphml"
"0.02","0.57","0.41","0.44499298841073","1,1,1,2,3,2,3,2,2,2,3,3,2,2,2,2,2,3,4,3,5,1,2,2,2,2,2,2,1,2,3,4,3,3,4,4,2,2,5,5,5,5,1,1,1,1,5,1,1,1,5,5,5,5,5,1,1,1,1,5,6,5,5,2,2,5,5,5,5,5,1,5,2,2,5,5,5,5,5,5,5,2,2,2,2,7,5,5,5,5,8,9,10,5,5,5,2,5,5,5,5,5,5,5,5,5,5,3,3,5,5,5,5,4,4,4,4,4,4,4,4,2,2,2,2,2,2,2,2","0.000887870788574219","leiden","edit-xhwikibooks.graphml"
"0.01","0.58","0.41","0.446331496786042","1,1,1,2,3,2,3,2,2,2,3,3,2,2,2,2,2,3,4,3,5,1,2,2,2,2,2,2,1,2,3,4,3,3,4,4,2,2,5,5,5,5,1,1,1,1,5,1,1,1,5,5,5,5,5,1,1,1,1,5,6,5,5,2,2,5,5,5,5,5,1,5,2,2,5,5,5,5,5,5,5,2,2,2,2,7,5,5,5,5,8,9,10,5,5,5,2,5,5,5,5,5,5,5,5,5,5,3,3,5,5,5,5,4,4,4,4,4,4,4,4,2,2,2,2,2,2,2,2","0.000936031341552734","leiden","edit-xhwikibooks.graphml"
"0","0.59","0.41","0.448052658676876","1,1,1,1,1,2,3,2,2,2,3,3,2,2,2,2,2,3,4,3,5,1,2,2,2,2,2,2,1,2,3,4,3,3,4,4,2,2,5,5,5,5,1,1,1,1,5,1,1,1,5,5,5,5,5,1,1,1,1,5,6,5,5,2,2,5,5,5,5,5,1,5,2,2,5,5,5,5,5,5,5,2,2,2,2,7,5,5,5,5,8,9,10,5,5,5,2,5,5,5,5,5,5,5,5,5,5,3,3,5,5,5,5,4,4,4,4,4,4,4,4,2,2,2,2,2,2,2,2","0.000854015350341797","leiden","edit-xhwikibooks.graphml"
"0.58","0","0.42","0.418336076652348","1,1,2,3,2,3,2,3,3,3,2,2,3,3,3,3,3,2,4,2,5,1,3,3,3,3,3,3,1,3,2,4,2,2,4,4,3,3,5,5,5,5,1,1,1,1,5,1,1,1,5,5,5,5,5,1,1,1,1,5,3,5,5,3,3,5,5,5,5,5,1,5,3,3,5,5,5,5,5,5,5,3,3,3,3,1,5,5,5,5,3,2,4,5,5,5,3,5,5,5,5,5,5,5,5,5,5,2,2,5,5,5,5,4,4,4,4,4,4,4,4,3,3,3,3,3,3,3,3","0.000794887542724609","leiden","edit-xhwikibooks.graphml"
"0.57","0.01","0.42","0.418336076652348","1,1,2,3,2,3,2,3,3,3,2,2,3,3,3,3,3,2,4,2,5,1,3,3,3,3,3,3,1,3,2,4,2,2,4,4,3,3,5,5,5,5,1,1,1,1,5,1,1,1,5,5,5,5,5,1,1,1,1,5,3,5,5,3,3,5,5,5,5,5,1,5,3,3,5,5,5,5,5,5,5,3,3,3,3,1,5,5,5,5,3,2,4,5,5,5,3,5,5,5,5,5,5,5,5,5,5,2,2,5,5,5,5,4,4,4,4,4,4,4,4,3,3,3,3,3,3,3,3","0.000787019729614258","leiden","edit-xhwikibooks.graphml"
"0.56","0.02","0.42","0.418336076652348","1,1,2,3,2,3,2,3,3,3,2,2,3,3,3,3,3,2,4,2,5,1,3,3,3,3,3,3,1,3,2,4,2,2,4,4,3,3,5,5,5,5,1,1,1,1,5,1,1,1,5,5,5,5,5,1,1,1,1,5,3,5,5,3,3,5,5,5,5,5,1,5,3,3,5,5,5,5,5,5,5,3,3,3,3,1,5,5,5,5,3,2,4,5,5,5,3,5,5,5,5,5,5,5,5,5,5,2,2,5,5,5,5,4,4,4,4,4,4,4,4,3,3,3,3,3,3,3,3","0.000875949859619141","leiden","edit-xhwikibooks.graphml"
"0.55","0.03","0.42","0.418091328636228","1,1,2,3,2,3,2,3,3,3,2,2,3,3,3,3,3,2,4,2,5,1,3,3,3,3,3,3,1,3,2,4,2,2,4,4,3,3,5,5,5,5,1,1,1,1,5,1,1,1,5,5,5,5,5,1,1,1,1,5,3,5,5,3,3,5,5,5,5,5,1,5,3,3,5,5,5,5,5,5,5,3,3,3,3,1,5,5,5,5,3,2,4,5,5,5,3,5,5,5,5,5,5,5,5,5,5,2,2,5,5,5,5,4,4,4,4,4,4,4,4,3,3,3,3,3,3,3,3","0.000771045684814453","leiden","edit-xhwikibooks.graphml"
"0.54","0.04","0.42","0.418091328636228","1,1,2,3,2,3,2,3,3,3,2,2,3,3,3,3,3,2,4,2,5,1,3,3,3,3,3,3,1,3,2,4,2,2,4,4,3,3,5,5,5,5,1,1,1,1,5,1,1,1,5,5,5,5,5,1,1,1,1,5,3,5,5,3,3,5,5,5,5,5,1,5,3,3,5,5,5,5,5,5,5,3,3,3,3,1,5,5,5,5,3,2,4,5,5,5,3,5,5,5,5,5,5,5,5,5,5,2,2,5,5,5,5,4,4,4,4,4,4,4,4,3,3,3,3,3,3,3,3","0.000830888748168945","leiden","edit-xhwikibooks.graphml"
"0.53","0.05","0.42","0.404059635602675","1,1,2,3,2,3,2,3,3,3,2,2,3,3,3,3,3,2,4,2,5,1,3,3,3,3,3,3,1,3,2,4,2,2,4,4,3,3,5,5,5,5,1,1,1,1,5,1,1,1,5,5,5,5,5,1,1,1,1,5,3,5,5,3,3,5,5,5,5,5,1,5,3,3,5,5,5,5,5,5,5,3,3,3,3,1,5,5,5,5,3,2,4,5,5,5,3,5,5,5,5,5,5,5,5,5,5,2,2,5,5,5,5,4,4,4,4,4,4,4,4,3,3,3,3,3,3,3,3","0.000798940658569336","leiden","edit-xhwikibooks.graphml"
"0.52","0.06","0.42","0.404059635602675","1,1,2,3,2,3,2,3,3,3,2,2,3,3,3,3,3,2,4,2,5,1,3,3,3,3,3,3,1,3,2,4,2,2,4,4,3,3,5,5,5,5,1,1,1,1,5,1,1,1,5,5,5,5,5,1,1,1,1,5,3,5,5,3,3,5,5,5,5,5,1,5,3,3,5,5,5,5,5,5,5,3,3,3,3,1,5,5,5,5,3,2,4,5,5,5,3,5,5,5,5,5,5,5,5,5,5,2,2,5,5,5,5,4,4,4,4,4,4,4,4,3,3,3,3,3,3,3,3","0.000800132751464844","leiden","edit-xhwikibooks.graphml"
"0.51","0.07","0.42","0.403816878102592","1,1,2,3,2,3,2,3,3,3,2,2,3,3,3,3,3,2,4,2,5,1,3,3,3,3,3,3,1,3,2,4,2,2,4,4,3,3,5,5,5,5,1,1,1,1,5,1,1,1,5,5,5,5,5,1,1,1,1,5,3,5,5,3,3,5,5,5,5,5,1,5,3,3,5,5,5,5,5,5,5,3,3,3,3,1,5,5,5,5,3,2,4,5,5,5,3,5,5,5,5,5,5,5,5,5,5,2,2,5,5,5,5,4,4,4,4,4,4,4,4,3,3,3,3,3,3,3,3","0.000812053680419922","leiden","edit-xhwikibooks.graphml"
"0.5","0.08","0.42","0.404605576512727","1,1,2,3,2,3,2,3,3,3,2,2,3,3,3,3,3,2,4,2,5,1,3,3,3,3,3,3,1,3,2,4,2,2,4,4,3,3,5,5,5,5,1,1,1,1,5,1,1,1,5,5,5,5,5,1,1,1,1,5,3,5,5,3,3,5,5,5,5,5,1,5,3,3,5,5,5,5,5,5,5,3,3,3,3,1,5,5,5,5,3,2,4,5,5,5,3,5,5,5,5,5,5,5,5,5,5,2,2,5,5,5,5,4,4,4,4,4,4,4,4,3,3,3,3,3,3,3,3","0.000840902328491211","leiden","edit-xhwikibooks.graphml"
"0.49","0.09","0.42","0.404362953711459","1,1,2,3,2,3,2,3,3,3,2,2,3,3,3,3,3,2,4,2,5,1,3,3,3,3,3,3,1,3,2,4,2,2,4,4,3,3,5,5,5,5,1,1,1,1,5,1,1,1,5,5,5,5,5,1,1,1,1,5,3,5,5,3,3,5,5,5,5,5,1,5,3,3,5,5,5,5,5,5,5,3,3,3,3,1,5,5,5,5,3,2,4,5,5,5,3,5,5,5,5,5,5,5,5,5,5,2,2,5,5,5,5,4,4,4,4,4,4,4,4,3,3,3,3,3,3,3,3","0.000826835632324219","leiden","edit-xhwikibooks.graphml"
"0.48","0.1","0.42","0.404362953711459","1,1,2,3,2,3,2,3,3,3,2,2,3,3,3,3,3,2,4,2,5,1,3,3,3,3,3,3,1,3,2,4,2,2,4,4,3,3,5,5,5,5,1,1,1,1,5,1,1,1,5,5,5,5,5,1,1,1,1,5,3,5,5,3,3,5,5,5,5,5,1,5,3,3,5,5,5,5,5,5,5,3,3,3,3,1,5,5,5,5,3,2,4,5,5,5,3,5,5,5,5,5,5,5,5,5,5,2,2,5,5,5,5,4,4,4,4,4,4,4,4,3,3,3,3,3,3,3,3","0.000874042510986328","leiden","edit-xhwikibooks.graphml"
"0.47","0.11","0.42","0.39985646368699","1,1,2,2,2,3,2,3,3,3,2,2,3,3,3,3,3,2,4,2,5,1,3,3,3,3,3,3,1,3,2,4,2,2,4,4,3,3,5,5,5,5,1,1,1,1,5,1,1,1,5,5,5,5,5,1,1,1,1,5,3,5,5,3,3,5,5,5,5,5,1,5,3,3,5,5,5,5,5,5,5,3,3,3,3,1,5,5,5,5,3,2,4,5,5,5,3,5,5,5,5,5,5,5,5,5,5,2,2,5,5,5,5,4,4,4,4,4,4,4,4,3,3,3,3,3,3,3,3","0.000798940658569336","leiden","edit-xhwikibooks.graphml"
"0.46","0.12","0.42","0.402191976863792","1,1,2,2,2,3,2,3,3,3,2,2,3,3,3,3,3,2,4,2,5,1,3,3,3,3,3,3,1,3,2,4,2,2,4,4,3,3,5,5,5,5,1,1,1,1,5,1,1,1,5,5,5,5,5,1,1,1,1,5,3,5,5,3,3,5,5,5,5,5,1,5,3,3,5,5,5,5,5,5,5,3,3,3,3,1,5,5,5,5,3,2,4,5,5,5,3,5,5,5,5,5,5,5,5,5,5,2,2,5,5,5,5,4,4,4,4,4,4,4,4,3,3,3,3,3,3,3,3","0.000802993774414062","leiden","edit-xhwikibooks.graphml"
"0.45","0.13","0.42","0.401949612292334","1,1,2,2,2,3,2,3,3,3,2,2,3,3,3,3,3,2,4,2,5,1,3,3,3,3,3,3,1,3,2,4,2,2,4,4,3,3,5,5,5,5,1,1,1,1,5,1,1,1,5,5,5,5,5,1,1,1,1,5,3,5,5,3,3,5,5,5,5,5,1,5,3,3,5,5,5,5,5,5,5,3,3,3,3,1,5,5,5,5,3,2,4,5,5,5,3,5,5,5,5,5,5,5,5,5,5,2,2,5,5,5,5,4,4,4,4,4,4,4,4,3,3,3,3,3,3,3,3","0.000926971435546875","leiden","edit-xhwikibooks.graphml"
"0.44","0.14","0.42","0.401949612292334","1,1,2,2,2,3,2,3,3,3,2,2,3,3,3,3,3,2,4,2,5,1,3,3,3,3,3,3,1,3,2,4,2,2,4,4,3,3,5,5,5,5,1,1,1,1,5,1,1,1,5,5,5,5,5,1,1,1,1,5,3,5,5,3,3,5,5,5,5,5,1,5,3,3,5,5,5,5,5,5,5,3,3,3,3,1,5,5,5,5,3,2,4,5,5,5,3,5,5,5,5,5,5,5,5,5,5,2,2,5,5,5,5,4,4,4,4,4,4,4,4,3,3,3,3,3,3,3,3","0.000784873962402344","leiden","edit-xhwikibooks.graphml"
"0.43","0.15","0.42","0.402700365828869","1,1,2,2,2,3,2,3,3,3,4,2,3,3,3,3,3,4,4,2,5,1,3,3,3,3,3,3,1,3,4,4,2,2,4,4,3,3,5,5,5,5,1,1,1,1,5,1,1,1,5,5,5,5,5,1,1,1,1,5,3,5,5,3,3,5,5,5,5,5,1,5,3,3,5,5,5,5,5,5,5,3,3,3,3,1,5,5,5,5,3,4,4,5,5,5,3,5,5,5,5,5,5,5,5,5,5,2,2,5,5,5,5,4,4,4,4,4,4,4,4,3,3,3,3,3,3,3,3","0.000772953033447266","leiden","edit-xhwikibooks.graphml"
"0.42","0.16","0.42","0.404807157741251","1,1,2,2,2,3,2,3,3,3,2,2,3,3,3,3,3,2,4,2,5,1,3,3,3,3,3,3,1,3,2,4,2,2,4,4,3,3,5,5,5,5,1,1,1,1,5,1,1,1,5,5,5,5,5,1,1,1,1,5,3,5,5,3,3,5,5,5,5,5,1,5,3,3,5,5,5,5,5,5,5,3,3,3,3,1,5,5,5,5,3,2,4,5,5,5,3,5,5,5,5,5,5,5,5,5,5,2,2,5,5,5,5,4,4,4,4,4,4,4,4,3,3,3,3,3,3,3,3","0.00079798698425293","leiden","edit-xhwikibooks.graphml"
"0.41","0.17","0.42","0.40558481457099","1,1,2,2,2,3,2,3,3,3,2,2,3,3,3,3,3,2,4,2,5,1,3,3,3,3,3,3,1,3,2,4,2,2,4,4,3,3,5,5,5,5,1,1,1,1,5,1,1,1,5,5,5,5,5,1,1,1,1,5,3,5,5,3,3,5,5,5,5,5,1,5,3,3,5,5,5,5,5,5,5,3,3,3,3,1,5,5,5,5,3,2,4,5,5,5,3,5,5,5,5,5,5,5,5,5,5,2,2,5,5,5,5,4,4,4,4,4,4,4,4,3,3,3,3,3,3,3,3","0.000787973403930664","leiden","edit-xhwikibooks.graphml"
"0.4","0.18","0.42","0.40558481457099","1,1,2,2,2,3,2,3,3,3,2,2,3,3,3,3,3,2,4,2,5,1,3,3,3,3,3,3,1,3,2,4,2,2,4,4,3,3,5,5,5,5,1,1,1,1,5,1,1,1,5,5,5,5,5,1,1,1,1,5,3,5,5,3,3,5,5,5,5,5,1,5,3,3,5,5,5,5,5,5,5,3,3,3,3,1,5,5,5,5,3,2,4,5,5,5,3,5,5,5,5,5,5,5,5,5,5,2,2,5,5,5,5,4,4,4,4,4,4,4,4,3,3,3,3,3,3,3,3","0.000831127166748047","leiden","edit-xhwikibooks.graphml"
"0.39","0.19","0.42","0.405342414841717","1,1,2,2,2,3,2,3,3,3,2,2,3,3,3,3,3,2,4,2,5,1,3,3,3,3,3,3,1,3,2,4,2,2,4,4,3,3,5,5,5,5,1,1,1,1,5,1,1,1,5,5,5,5,5,1,1,1,1,5,3,5,5,3,3,5,5,5,5,5,1,5,3,3,5,5,5,5,5,5,5,3,3,3,3,1,5,5,5,5,3,2,4,5,5,5,3,5,5,5,5,5,5,5,5,5,5,2,2,5,5,5,5,4,4,4,4,4,4,4,4,3,3,3,3,3,3,3,3","0.000806808471679688","leiden","edit-xhwikibooks.graphml"
"0.38","0.2","0.42","0.407666700280716","1,1,2,2,2,3,2,3,3,3,2,2,3,3,3,3,3,2,4,2,5,1,3,3,3,3,3,3,1,3,2,4,2,2,4,4,3,3,5,5,5,5,1,1,1,1,5,1,1,1,5,5,5,5,5,1,1,1,1,5,3,5,5,3,3,5,5,5,5,5,1,5,3,3,5,5,5,5,5,5,5,3,3,3,3,1,5,5,5,5,3,2,4,5,5,5,3,5,5,5,5,5,5,5,5,5,5,2,2,5,5,5,5,4,4,4,4,4,4,4,4,3,3,3,3,3,3,3,3","0.000805854797363281","leiden","edit-xhwikibooks.graphml"
"0.37","0.21","0.42","0.405182026045391","1,1,2,2,2,3,2,3,3,3,2,2,3,3,3,3,3,2,4,2,5,1,3,3,3,3,3,3,1,3,2,4,2,2,4,4,3,3,5,5,5,5,1,1,1,1,5,1,1,1,5,5,5,5,5,1,1,1,1,5,3,5,5,3,3,5,5,5,5,5,1,5,3,3,5,5,5,5,5,5,5,3,3,3,3,1,5,5,5,5,3,2,4,5,5,5,3,5,5,5,5,5,5,5,5,5,5,2,2,5,5,5,5,4,4,4,4,4,4,4,4,3,3,3,3,3,3,3,3","0.000828027725219727","leiden","edit-xhwikibooks.graphml"
"0.36","0.22","0.42","0.405182026045391","1,1,2,2,2,3,2,3,3,3,2,2,3,3,3,3,3,2,4,2,5,1,3,3,3,3,3,3,1,3,2,4,2,2,4,4,3,3,5,5,5,5,1,1,1,1,5,1,1,1,5,5,5,5,5,1,1,1,1,5,3,5,5,3,3,5,5,5,5,5,1,5,3,3,5,5,5,5,5,5,5,3,3,3,3,1,5,5,5,5,3,2,4,5,5,5,3,5,5,5,5,5,5,5,5,5,5,2,2,5,5,5,5,4,4,4,4,4,4,4,4,3,3,3,3,3,3,3,3","0.000956058502197266","leiden","edit-xhwikibooks.graphml"
"0.35","0.23","0.42","0.406450113537312","1,1,2,2,2,3,2,3,3,3,2,2,3,3,3,3,3,2,4,2,5,1,3,3,3,3,3,3,1,3,2,4,2,2,4,4,3,3,5,5,5,5,1,1,1,1,5,1,1,1,5,5,5,5,5,1,1,1,1,5,3,5,5,3,3,5,5,5,5,5,1,5,3,3,5,5,5,5,5,5,5,3,3,3,3,1,5,5,5,5,3,2,4,5,5,5,3,5,5,5,5,5,5,5,5,5,5,2,2,5,5,5,5,4,4,4,4,4,4,4,4,3,3,3,3,3,3,3,3","0.000814914703369141","leiden","edit-xhwikibooks.graphml"
"0.34","0.24","0.42","0.407225238242198","1,1,2,2,2,3,2,3,3,3,2,2,3,3,3,3,3,2,4,2,5,1,3,3,3,3,3,3,1,3,2,4,2,2,4,4,3,3,5,5,5,5,1,1,1,1,5,1,1,1,5,5,5,5,5,1,1,1,1,5,3,5,5,3,3,5,5,5,5,5,1,5,3,3,5,5,5,5,5,5,5,3,3,3,3,1,5,5,5,5,3,2,4,5,5,5,3,5,5,5,5,5,5,5,5,5,5,2,2,5,5,5,5,4,4,4,4,4,4,4,4,3,3,3,3,3,3,3,3","0.000905990600585938","leiden","edit-xhwikibooks.graphml"
"0.33","0.25","0.42","0.409165744906306","1,1,2,2,2,3,2,3,3,3,2,2,3,3,3,3,3,2,4,2,5,1,3,3,3,3,3,3,1,3,2,4,2,2,4,4,3,3,5,5,5,5,1,1,1,1,5,1,1,1,5,5,5,5,5,1,1,1,1,5,3,5,5,3,3,5,5,5,5,5,1,5,3,3,5,5,5,5,5,5,5,3,3,3,3,1,5,5,5,5,3,2,4,5,5,5,3,5,5,5,5,5,5,5,5,5,5,2,2,5,5,5,5,4,4,4,4,4,4,4,4,3,3,3,3,3,3,3,3","0.000792026519775391","leiden","edit-xhwikibooks.graphml"
"0.32","0.26","0.42","0.409165744906306","1,1,2,2,2,3,2,3,3,3,2,2,3,3,3,3,3,2,4,2,5,1,3,3,3,3,3,3,1,3,2,4,2,2,4,4,3,3,5,5,5,5,1,1,1,1,5,1,1,1,5,5,5,5,5,1,1,1,1,5,3,5,5,3,3,5,5,5,5,5,1,5,3,3,5,5,5,5,5,5,5,3,3,3,3,1,5,5,5,5,3,2,4,5,5,5,3,5,5,5,5,5,5,5,5,5,5,2,2,5,5,5,5,4,4,4,4,4,4,4,4,3,3,3,3,3,3,3,3","0.000793933868408203","leiden","edit-xhwikibooks.graphml"
"0.31","0.27","0.42","0.398979050382122","1,1,1,2,3,2,3,2,2,2,3,3,2,2,2,2,2,3,4,3,5,1,2,2,2,2,2,2,1,2,3,4,3,3,4,4,2,2,5,5,5,5,1,1,1,1,5,1,1,1,5,5,5,5,5,1,1,1,1,5,2,5,5,2,2,5,5,5,5,5,1,5,2,2,5,5,5,5,5,5,5,2,2,2,2,1,5,5,5,5,2,3,4,5,5,5,2,5,5,5,5,5,5,5,5,5,5,3,3,5,5,5,5,4,4,4,4,4,4,4,4,2,2,2,2,2,2,2,2","0.00079798698425293","leiden","edit-xhwikibooks.graphml"
"0.3","0.28","0.42","0.398738948240519","1,1,1,2,3,2,3,2,2,2,3,3,2,2,2,2,2,3,4,3,5,1,2,2,2,2,2,2,1,2,3,4,3,3,4,4,2,2,5,5,5,5,1,1,1,1,5,1,1,1,5,5,5,5,5,1,1,1,1,5,2,5,5,2,2,5,5,5,5,5,1,5,2,2,5,5,5,5,5,5,5,2,2,2,2,1,5,5,5,5,2,3,4,5,5,5,2,5,5,5,5,5,5,5,5,5,5,3,3,5,5,5,5,4,4,4,4,4,4,4,4,2,2,2,2,2,2,2,2","0.000817060470581055","leiden","edit-xhwikibooks.graphml"
"0.29","0.29","0.42","0.400211567876895","1,1,1,2,1,2,3,2,2,2,3,4,2,2,2,2,2,3,3,4,5,1,2,2,2,2,2,2,1,2,3,3,4,4,3,3,2,2,5,5,5,5,1,1,1,1,5,1,1,1,5,5,5,5,5,1,1,1,1,5,2,5,5,2,2,5,5,5,5,5,1,5,2,2,5,5,5,5,5,5,5,2,2,2,2,1,5,5,5,5,2,3,3,5,5,5,2,5,5,5,5,5,5,5,5,5,5,4,4,5,5,5,5,3,3,3,3,3,3,3,3,2,2,2,2,2,2,2,2","0.000931024551391602","leiden","edit-xhwikibooks.graphml"
"0.28","0.3","0.42","0.399972215733328","1,1,1,2,1,2,3,2,2,2,3,4,2,2,2,2,2,3,3,4,5,1,2,2,2,2,2,2,1,2,3,3,4,4,3,3,2,2,5,5,5,5,1,1,1,1,5,1,1,1,5,5,5,5,5,1,1,1,1,5,2,5,5,2,2,5,5,5,5,5,1,5,2,2,5,5,5,5,5,5,5,2,2,2,2,1,5,5,5,5,2,3,3,5,5,5,2,5,5,5,5,5,5,5,5,5,5,4,4,5,5,5,5,3,3,3,3,3,3,3,3,2,2,2,2,2,2,2,2","0.000911951065063477","leiden","edit-xhwikibooks.graphml"
"0.27","0.31","0.42","0.400820410305282","1,1,1,2,3,2,3,2,2,2,3,3,2,2,2,2,2,3,4,3,5,1,2,2,2,2,2,2,1,2,3,4,3,3,4,4,2,2,5,5,5,5,1,1,1,1,5,1,1,1,5,5,5,5,5,1,1,1,1,5,2,5,5,2,2,5,5,5,5,5,1,5,2,2,5,5,5,5,5,5,5,2,2,2,2,1,5,5,5,5,2,3,4,5,5,5,2,5,5,5,5,5,5,5,5,5,5,3,3,5,5,5,5,4,4,4,4,4,4,4,4,2,2,2,2,2,2,2,2","0.000967979431152344","leiden","edit-xhwikibooks.graphml"
"0.26","0.32","0.42","0.401361401036391","1,1,1,2,3,2,3,2,2,2,3,3,2,2,2,2,2,3,4,3,5,1,2,2,2,2,2,2,1,2,3,4,3,3,4,4,2,2,5,5,5,5,1,1,1,1,5,1,1,1,5,5,5,5,5,1,1,1,1,5,2,5,5,2,2,5,5,5,5,5,1,5,2,2,5,5,5,5,5,5,5,2,2,2,2,1,5,5,5,5,2,3,4,5,5,5,2,5,5,5,5,5,5,5,5,5,5,3,3,5,5,5,5,4,4,4,4,4,4,4,4,2,2,2,2,2,2,2,2","0.000974178314208984","leiden","edit-xhwikibooks.graphml"
"0.25","0.33","0.42","0.401361401036391","1,1,1,2,3,2,3,2,2,2,3,3,2,2,2,2,2,3,4,3,5,1,2,2,2,2,2,2,1,2,3,4,3,3,4,4,2,2,5,5,5,5,1,1,1,1,5,1,1,1,5,5,5,5,5,1,1,1,1,5,2,5,5,2,2,5,5,5,5,5,1,5,2,2,5,5,5,5,5,5,5,2,2,2,2,1,5,5,5,5,2,3,4,5,5,5,2,5,5,5,5,5,5,5,5,5,5,3,3,5,5,5,5,4,4,4,4,4,4,4,4,2,2,2,2,2,2,2,2","0.00114202499389648","leiden","edit-xhwikibooks.graphml"
"0.24","0.34","0.42","0.41197400137741","1,1,1,2,3,2,3,2,2,2,3,3,2,2,2,2,2,3,4,3,5,1,2,2,2,2,2,2,1,2,3,4,3,3,4,4,2,2,5,5,5,5,1,1,1,1,5,1,1,1,5,5,5,5,5,1,1,1,1,5,2,5,5,2,2,5,5,5,5,5,1,5,2,2,5,5,5,5,5,5,5,2,2,2,2,1,5,5,5,5,2,3,4,5,5,5,2,5,5,5,5,5,5,5,5,5,5,3,3,5,5,5,5,4,4,4,4,4,4,4,4,2,2,2,2,2,2,2,2","0.0290939807891846","leiden","edit-xhwikibooks.graphml"
"0.23","0.35","0.42","0.41197400137741","1,1,1,2,3,2,3,2,2,2,3,3,2,2,2,2,2,3,4,3,5,1,2,2,2,2,2,2,1,2,3,4,3,3,4,4,2,2,5,5,5,5,1,1,1,1,5,1,1,1,5,5,5,5,5,1,1,1,1,5,2,5,5,2,2,5,5,5,5,5,1,5,2,2,5,5,5,5,5,5,5,2,2,2,2,1,5,5,5,5,2,3,4,5,5,5,2,5,5,5,5,5,5,5,5,5,5,3,3,5,5,5,5,4,4,4,4,4,4,4,4,2,2,2,2,2,2,2,2","0.00129389762878418","leiden","edit-xhwikibooks.graphml"
"0.22","0.36","0.42","0.411732732927192","1,1,1,2,3,2,3,2,2,2,3,3,2,2,2,2,2,3,4,3,5,1,2,2,2,2,2,2,1,2,3,4,3,3,4,4,2,2,5,5,5,5,1,1,1,1,5,1,1,1,5,5,5,5,5,1,1,1,1,5,2,5,5,2,2,5,5,5,5,5,1,5,2,2,5,5,5,5,5,5,5,2,2,2,2,1,5,5,5,5,2,3,4,5,5,5,2,5,5,5,5,5,5,5,5,5,5,3,3,5,5,5,5,4,4,4,4,4,4,4,4,2,2,2,2,2,2,2,2","0.000971078872680664","leiden","edit-xhwikibooks.graphml"
"0.21","0.37","0.42","0.402177204032582","1,1,1,2,3,2,3,2,2,2,3,3,2,2,2,2,2,3,4,3,5,1,2,2,2,2,2,2,1,2,3,4,3,3,4,4,2,2,5,5,5,5,1,1,1,1,5,1,1,1,5,5,5,5,5,1,1,1,1,5,2,5,5,2,2,5,5,5,5,5,1,5,2,2,5,5,5,5,5,5,5,2,2,2,2,1,5,5,5,5,2,3,4,5,5,5,2,5,5,5,5,5,5,5,5,5,5,3,3,5,5,5,5,4,4,4,4,4,4,4,4,2,2,2,2,2,2,2,2","0.00091099739074707","leiden","edit-xhwikibooks.graphml"
"0.2","0.38","0.42","0.401937050950667","1,1,1,2,3,2,3,2,2,2,3,3,2,2,2,2,2,3,4,3,5,1,2,2,2,2,2,2,1,2,3,4,3,3,4,4,2,2,5,5,5,5,1,1,1,1,5,1,1,1,5,5,5,5,5,1,1,1,1,5,2,5,5,2,2,5,5,5,5,5,1,5,2,2,5,5,5,5,5,5,5,2,2,2,2,1,5,5,5,5,2,3,4,5,5,5,2,5,5,5,5,5,5,5,5,5,5,3,3,5,5,5,5,4,4,4,4,4,4,4,4,2,2,2,2,2,2,2,2","0.000890016555786133","leiden","edit-xhwikibooks.graphml"
"0.19","0.39","0.42","0.402712254530622","1,1,1,2,3,2,3,2,2,2,3,3,2,2,2,2,2,3,4,3,5,1,2,2,2,2,2,2,1,2,3,4,3,3,4,4,2,2,5,5,5,5,1,1,1,1,5,1,1,1,5,5,5,5,5,1,1,1,1,5,2,5,5,2,2,5,5,5,5,5,1,5,2,2,5,5,5,5,5,5,5,2,2,2,2,1,5,5,5,5,2,3,4,5,5,5,2,5,5,5,5,5,5,5,5,5,5,3,3,5,5,5,5,4,4,4,4,4,4,4,4,2,2,2,2,2,2,2,2","0.000885009765625","leiden","edit-xhwikibooks.graphml"
"0.18","0.4","0.42","0.403954769488314","1,1,1,2,3,2,3,2,2,2,3,3,2,2,2,2,2,3,4,3,5,1,2,2,2,2,2,2,1,2,3,4,3,3,4,4,2,2,5,5,5,5,1,1,1,1,5,1,1,1,5,5,5,5,5,1,1,1,1,5,2,5,5,2,2,5,5,5,5,5,1,5,2,2,5,5,5,5,5,5,5,2,2,2,2,1,5,5,5,5,2,3,4,5,5,5,2,5,5,5,5,5,5,5,5,5,5,3,3,5,5,5,5,4,4,4,4,4,4,4,4,2,2,2,2,2,2,2,2","0.000896930694580078","leiden","edit-xhwikibooks.graphml"
"0.17","0.41","0.42","0.403954769488314","1,1,1,2,3,2,3,2,2,2,3,3,2,2,2,2,2,3,4,3,5,1,2,2,2,2,2,2,1,2,3,4,3,3,4,4,2,2,5,5,5,5,1,1,1,1,5,1,1,1,5,5,5,5,5,1,1,1,1,5,2,5,5,2,2,5,5,5,5,5,1,5,2,2,5,5,5,5,5,5,5,2,2,2,2,1,5,5,5,5,2,3,4,5,5,5,2,5,5,5,5,5,5,5,5,5,5,3,3,5,5,5,5,4,4,4,4,4,4,4,4,2,2,2,2,2,2,2,2","0.000924110412597656","leiden","edit-xhwikibooks.graphml"
"0.16","0.42","0.42","0.403714881767362","1,1,1,2,3,2,3,2,2,2,3,3,2,2,2,2,2,3,4,3,5,1,2,2,2,2,2,2,1,2,3,4,3,3,4,4,2,2,5,5,5,5,1,1,1,1,5,1,1,1,5,5,5,5,5,1,1,1,1,5,2,5,5,2,2,5,5,5,5,5,1,5,2,2,5,5,5,5,5,5,5,2,2,2,2,1,5,5,5,5,2,3,4,5,5,5,2,5,5,5,5,5,5,5,5,5,5,3,3,5,5,5,5,4,4,4,4,4,4,4,4,2,2,2,2,2,2,2,2","0.000930070877075195","leiden","edit-xhwikibooks.graphml"
"0.15","0.43","0.42","0.401675893013228","1,1,1,2,1,2,3,2,2,2,3,4,2,2,2,2,2,3,3,4,5,1,2,2,2,2,2,2,1,2,3,3,4,4,3,3,2,2,5,5,5,5,1,1,1,1,5,1,1,1,5,5,5,5,5,1,1,1,1,5,6,5,5,2,2,5,5,5,5,5,1,5,2,2,5,5,5,5,5,5,5,2,2,2,2,7,5,5,5,5,8,9,10,5,5,5,2,5,5,5,5,5,5,5,5,5,5,4,4,5,5,5,5,3,3,3,3,3,3,3,3,2,2,2,2,2,2,2,2","0.000927925109863281","leiden","edit-xhwikibooks.graphml"
"0.14","0.44","0.42","0.401587575877644","1,1,1,2,3,2,3,2,2,2,3,3,2,2,2,2,2,3,4,3,5,1,2,2,2,2,2,2,1,2,3,4,3,3,4,4,2,2,5,5,5,5,1,1,1,1,5,1,1,1,5,5,5,5,5,1,1,1,1,5,6,5,5,2,2,5,5,5,5,5,1,5,2,2,5,5,5,5,5,5,5,2,2,2,2,7,5,5,5,5,8,9,10,5,5,5,2,5,5,5,5,5,5,5,5,5,5,3,3,5,5,5,5,4,4,4,4,4,4,4,4,2,2,2,2,2,2,2,2","0.000895977020263672","leiden","edit-xhwikibooks.graphml"
"0.13","0.45","0.42","0.402948080852962","1,1,1,2,1,2,3,2,2,2,3,4,2,2,2,2,2,3,3,4,5,1,2,2,2,2,2,2,1,2,3,3,4,4,3,3,2,2,5,5,5,5,1,1,1,1,5,1,1,1,5,5,5,5,5,1,1,1,1,5,6,5,5,2,2,5,5,5,5,5,1,5,2,2,5,5,5,5,5,5,5,2,2,2,2,7,5,5,5,5,8,9,10,5,5,5,2,5,5,5,5,5,5,5,5,5,5,4,4,5,5,5,5,3,3,3,3,3,3,3,3,2,2,2,2,2,2,2,2","0.00092315673828125","leiden","edit-xhwikibooks.graphml"
"0.12","0.46","0.42","0.402866681030189","1,1,1,2,3,2,3,2,2,2,3,3,2,2,2,2,2,3,4,3,5,1,2,2,2,2,2,2,1,2,3,4,3,3,4,4,2,2,5,5,5,5,1,1,1,1,5,1,1,1,5,5,5,5,5,1,1,1,1,5,6,5,5,2,2,5,5,5,5,5,1,5,2,2,5,5,5,5,5,5,5,2,2,2,2,7,5,5,5,5,8,9,10,5,5,5,2,5,5,5,5,5,5,5,5,5,5,3,3,5,5,5,5,4,4,4,4,4,4,4,4,2,2,2,2,2,2,2,2","0.0011131763458252","leiden","edit-xhwikibooks.graphml"
"0.11","0.47","0.42","0.403639202532927","1,1,1,2,3,2,3,2,2,2,3,3,2,2,2,2,2,3,4,3,5,1,2,2,2,2,2,2,1,2,3,4,3,3,4,4,2,2,5,5,5,5,1,1,1,1,5,1,1,1,5,5,5,5,5,1,1,1,1,5,6,5,5,2,2,5,5,5,5,5,1,5,2,2,5,5,5,5,5,5,5,2,2,2,2,7,5,5,5,5,8,9,10,5,5,5,2,5,5,5,5,5,5,5,5,5,5,3,3,5,5,5,5,4,4,4,4,4,4,4,4,2,2,2,2,2,2,2,2","0.000836849212646484","leiden","edit-xhwikibooks.graphml"
"0.1","0.48","0.42","0.403399589804233","1,1,1,2,3,2,3,2,2,2,3,3,2,2,2,2,2,3,4,3,5,1,2,2,2,2,2,2,1,2,3,4,3,3,4,4,2,2,5,5,5,5,1,1,1,1,5,1,1,1,5,5,5,5,5,1,1,1,1,5,6,5,5,2,2,5,5,5,5,5,1,5,2,2,5,5,5,5,5,5,5,2,2,2,2,7,5,5,5,5,8,9,10,5,5,5,2,5,5,5,5,5,5,5,5,5,5,3,3,5,5,5,5,4,4,4,4,4,4,4,4,2,2,2,2,2,2,2,2","0.000843048095703125","leiden","edit-xhwikibooks.graphml"
"0.09","0.49","0.42","0.403242532866474","1,1,1,2,1,2,3,2,2,2,3,4,2,2,2,2,2,3,3,4,5,1,2,2,2,2,2,2,1,2,3,3,4,4,3,3,2,2,5,5,5,5,1,1,1,1,5,1,1,1,5,5,5,5,5,1,1,1,1,5,6,5,5,2,2,5,5,5,5,5,1,5,2,2,5,5,5,5,5,5,5,2,2,2,2,7,5,5,5,5,8,9,10,5,5,5,2,5,5,5,5,5,5,5,5,5,5,4,4,5,5,5,5,3,3,3,3,3,3,3,3,2,2,2,2,2,2,2,2","0.000851154327392578","leiden","edit-xhwikibooks.graphml"
"0.08","0.5","0.42","0.434231971672297","1,1,1,2,3,2,3,2,2,2,3,3,2,2,2,2,2,3,4,3,5,1,2,2,2,2,2,2,1,2,3,4,3,3,4,4,2,2,5,5,5,5,1,1,1,1,5,1,1,1,5,5,5,5,5,1,1,1,1,5,6,5,5,2,2,5,5,5,5,5,1,5,2,2,5,5,5,5,5,5,5,2,2,2,2,7,5,5,5,5,8,9,10,5,5,5,2,5,5,5,5,5,5,5,5,5,5,3,3,5,5,5,5,4,4,4,4,4,4,4,4,2,2,2,2,2,2,2,2","0.000880956649780273","leiden","edit-xhwikibooks.graphml"
"0.07","0.51","0.42","0.434231971672297","1,1,1,2,3,2,3,2,2,2,3,3,2,2,2,2,2,3,4,3,5,1,2,2,2,2,2,2,1,2,3,4,3,3,4,4,2,2,5,5,5,5,1,1,1,1,5,1,1,1,5,5,5,5,5,1,1,1,1,5,6,5,5,2,2,5,5,5,5,5,1,5,2,2,5,5,5,5,5,5,5,2,2,2,2,7,5,5,5,5,8,9,10,5,5,5,2,5,5,5,5,5,5,5,5,5,5,3,3,5,5,5,5,4,4,4,4,4,4,4,4,2,2,2,2,2,2,2,2","0.000889778137207031","leiden","edit-xhwikibooks.graphml"
"0.06","0.52","0.42","0.434934157895985","1,1,1,2,3,2,3,2,2,2,3,3,2,2,2,2,2,3,4,3,5,1,2,2,2,2,2,2,1,2,3,4,3,3,4,4,2,2,5,5,5,5,1,1,1,1,5,1,1,1,5,5,5,5,5,1,1,1,1,5,6,5,5,2,2,5,5,5,5,5,1,5,2,2,5,5,5,5,5,5,5,2,2,2,2,7,5,5,5,5,8,9,10,5,5,5,2,5,5,5,5,5,5,5,5,5,5,3,3,5,5,5,5,4,4,4,4,4,4,4,4,2,2,2,2,2,2,2,2","0.000856876373291016","leiden","edit-xhwikibooks.graphml"
"0.05","0.53","0.42","0.433411379561102","1,1,1,2,3,2,3,2,2,2,3,3,2,2,2,2,2,3,4,3,5,1,2,2,2,2,2,2,1,2,3,4,3,3,4,4,2,2,5,5,5,5,1,1,1,1,5,1,1,1,5,5,5,5,5,1,1,1,1,5,6,5,5,2,2,5,5,5,5,5,1,5,2,2,5,5,5,5,5,5,5,2,2,2,2,7,5,5,5,5,8,9,10,5,5,5,2,5,5,5,5,5,5,5,5,5,5,3,3,5,5,5,5,4,4,4,4,4,4,4,4,2,2,2,2,2,2,2,2","0.000943899154663086","leiden","edit-xhwikibooks.graphml"
"0.04","0.54","0.42","0.434112614040422","1,1,1,2,3,2,3,2,2,2,3,3,2,2,2,2,2,3,4,3,5,1,2,2,2,2,2,2,1,2,3,4,3,3,4,4,2,2,5,5,5,5,1,1,1,1,5,1,1,1,5,5,5,5,5,1,1,1,1,5,6,5,5,2,2,5,5,5,5,5,1,5,2,2,5,5,5,5,5,5,5,2,2,2,2,7,5,5,5,5,8,9,10,5,5,5,2,5,5,5,5,5,5,5,5,5,5,3,3,5,5,5,5,4,4,4,4,4,4,4,4,2,2,2,2,2,2,2,2","0.000916004180908203","leiden","edit-xhwikibooks.graphml"
"0.03","0.55","0.42","0.433870411229814","1,1,1,2,3,2,3,2,2,2,3,3,2,2,2,2,2,3,4,3,5,1,2,2,2,2,2,2,1,2,3,4,3,3,4,4,2,2,5,5,5,5,1,1,1,1,5,1,1,1,5,5,5,5,5,1,1,1,1,5,6,5,5,2,2,5,5,5,5,5,1,5,2,2,5,5,5,5,5,5,5,2,2,2,2,7,5,5,5,5,8,9,10,5,5,5,2,5,5,5,5,5,5,5,5,5,5,3,3,5,5,5,5,4,4,4,4,4,4,4,4,2,2,2,2,2,2,2,2","0.000982999801635742","leiden","edit-xhwikibooks.graphml"
"0.02","0.56","0.42","0.435209381583008","1,1,1,2,3,2,3,2,2,2,3,3,2,2,2,2,2,3,4,3,5,1,2,2,2,2,2,2,1,2,3,4,3,3,4,4,2,2,5,5,5,5,1,1,1,1,5,1,1,1,5,5,5,5,5,1,1,1,1,5,6,5,5,2,2,5,5,5,5,5,1,5,2,2,5,5,5,5,5,5,5,2,2,2,2,7,5,5,5,5,8,9,10,5,5,5,2,5,5,5,5,5,5,5,5,5,5,3,3,5,5,5,5,4,4,4,4,4,4,4,4,2,2,2,2,2,2,2,2","0.00100111961364746","leiden","edit-xhwikibooks.graphml"
"0.01","0.57","0.42","0.434967384011199","1,1,1,2,3,2,3,2,2,2,3,3,2,2,2,2,2,3,4,3,5,1,2,2,2,2,2,2,1,2,3,4,3,3,4,4,2,2,5,5,5,5,1,1,1,1,5,1,1,1,5,5,5,5,5,1,1,1,1,5,6,5,5,2,2,5,5,5,5,5,1,5,2,2,5,5,5,5,5,5,5,2,2,2,2,7,5,5,5,5,8,9,10,5,5,5,2,5,5,5,5,5,5,5,5,5,5,3,3,5,5,5,5,4,4,4,4,4,4,4,4,2,2,2,2,2,2,2,2","0.00106596946716309","leiden","edit-xhwikibooks.graphml"
"0","0.58","0.42","0.438325157024793","1,1,1,1,1,2,3,2,2,2,3,3,2,2,2,2,2,3,4,3,5,1,2,2,2,2,2,2,1,2,3,4,3,3,4,4,2,2,5,5,5,5,1,1,1,1,5,1,1,1,5,5,5,5,5,1,1,1,1,5,6,5,5,2,2,5,5,5,5,5,1,5,2,2,5,5,5,5,5,5,5,2,2,2,2,7,5,5,5,5,8,9,10,5,5,5,2,5,5,5,5,5,5,5,5,5,5,3,3,5,5,5,5,4,4,4,4,4,4,4,4,2,2,2,2,2,2,2,2","0.000896930694580078","leiden","edit-xhwikibooks.graphml"
"0.57","0","0.43","0.41449559266099","1,1,2,3,2,3,2,3,3,3,2,2,3,3,3,3,3,2,4,2,5,1,3,3,3,3,3,3,1,3,2,4,2,2,4,4,3,3,5,5,5,5,1,1,1,1,5,1,1,1,5,5,5,5,5,1,1,1,1,5,3,5,5,3,3,5,5,5,5,5,1,5,3,3,5,5,5,5,5,5,5,3,3,3,3,1,5,5,5,5,3,2,4,5,5,5,3,5,5,5,5,5,5,5,5,5,5,2,2,5,5,5,5,4,4,4,4,4,4,4,4,3,3,3,3,3,3,3,3","0.00086212158203125","leiden","edit-xhwikibooks.graphml"
"0.56","0.01","0.43","0.41449559266099","1,1,2,3,2,3,2,3,3,3,2,2,3,3,3,3,3,2,4,2,5,1,3,3,3,3,3,3,1,3,2,4,2,2,4,4,3,3,5,5,5,5,1,1,1,1,5,1,1,1,5,5,5,5,5,1,1,1,1,5,3,5,5,3,3,5,5,5,5,5,1,5,3,3,5,5,5,5,5,5,5,3,3,3,3,1,5,5,5,5,3,2,4,5,5,5,3,5,5,5,5,5,5,5,5,5,5,2,2,5,5,5,5,4,4,4,4,4,4,4,4,3,3,3,3,3,3,3,3","0.000839948654174805","leiden","edit-xhwikibooks.graphml"
"0.55","0.02","0.43","0.412449153344055","1,1,2,3,2,3,2,3,3,3,2,2,3,3,3,3,3,2,4,2,5,1,3,3,3,3,3,3,1,3,2,4,2,2,4,4,3,3,5,5,5,5,1,1,1,1,5,1,1,1,5,5,5,5,5,1,1,1,1,5,3,5,5,3,3,5,5,5,5,5,1,5,3,3,5,5,5,5,5,5,5,3,3,3,3,1,5,5,5,5,3,2,4,5,5,5,3,5,5,5,5,5,5,5,5,5,5,2,2,5,5,5,5,4,4,4,4,4,4,4,4,3,3,3,3,3,3,3,3","0.000826120376586914","leiden","edit-xhwikibooks.graphml"
"0.54","0.03","0.43","0.407108586871883","1,1,2,3,2,3,2,3,3,3,2,2,3,3,3,3,3,2,4,2,5,1,3,3,3,3,3,3,1,3,2,4,2,2,4,4,3,3,5,5,5,5,1,1,1,1,5,1,1,1,5,5,5,5,5,1,1,1,1,5,3,5,5,3,3,5,5,5,5,5,1,5,3,3,5,5,5,5,5,5,5,3,3,3,3,1,5,5,5,5,3,2,4,5,5,5,3,5,5,5,5,5,5,5,5,5,5,2,2,5,5,5,5,4,4,4,4,4,4,4,4,3,3,3,3,3,3,3,3","0.000846147537231445","leiden","edit-xhwikibooks.graphml"
"0.53","0.04","0.43","0.407108586871883","1,1,2,3,2,3,2,3,3,3,2,2,3,3,3,3,3,2,4,2,5,1,3,3,3,3,3,3,1,3,2,4,2,2,4,4,3,3,5,5,5,5,1,1,1,1,5,1,1,1,5,5,5,5,5,1,1,1,1,5,3,5,5,3,3,5,5,5,5,5,1,5,3,3,5,5,5,5,5,5,5,3,3,3,3,1,5,5,5,5,3,2,4,5,5,5,3,5,5,5,5,5,5,5,5,5,5,2,2,5,5,5,5,4,4,4,4,4,4,4,4,3,3,3,3,3,3,3,3","0.000824928283691406","leiden","edit-xhwikibooks.graphml"
"0.52","0.05","0.43","0.40687570016693","1,1,2,3,2,3,2,3,3,3,2,2,3,3,3,3,3,2,4,2,5,1,3,3,3,3,3,3,1,3,2,4,2,2,4,4,3,3,5,5,5,5,1,1,1,1,5,1,1,1,5,5,5,5,5,1,1,1,1,5,3,5,5,3,3,5,5,5,5,5,1,5,3,3,5,5,5,5,5,5,5,3,3,3,3,1,5,5,5,5,3,2,4,5,5,5,3,5,5,5,5,5,5,5,5,5,5,2,2,5,5,5,5,4,4,4,4,4,4,4,4,3,3,3,3,3,3,3,3","0.000852108001708984","leiden","edit-xhwikibooks.graphml"
"0.51","0.06","0.43","0.40687570016693","1,1,2,3,2,3,2,3,3,3,2,2,3,3,3,3,3,2,4,2,5,1,3,3,3,3,3,3,1,3,2,4,2,2,4,4,3,3,5,5,5,5,1,1,1,1,5,1,1,1,5,5,5,5,5,1,1,1,1,5,3,5,5,3,3,5,5,5,5,5,1,5,3,3,5,5,5,5,5,5,5,3,3,3,3,1,5,5,5,5,3,2,4,5,5,5,3,5,5,5,5,5,5,5,5,5,5,2,2,5,5,5,5,4,4,4,4,4,4,4,4,3,3,3,3,3,3,3,3","0.000865936279296875","leiden","edit-xhwikibooks.graphml"
"0.5","0.07","0.43","0.406643057958478","1,1,2,3,2,3,2,3,3,3,2,2,3,3,3,3,3,2,4,2,5,1,3,3,3,3,3,3,1,3,2,4,2,2,4,4,3,3,5,5,5,5,1,1,1,1,5,1,1,1,5,5,5,5,5,1,1,1,1,5,3,5,5,3,3,5,5,5,5,5,1,5,3,3,5,5,5,5,5,5,5,3,3,3,3,1,5,5,5,5,3,2,4,5,5,5,3,5,5,5,5,5,5,5,5,5,5,2,2,5,5,5,5,4,4,4,4,4,4,4,4,3,3,3,3,3,3,3,3","0.000871896743774414","leiden","edit-xhwikibooks.graphml"
"0.49","0.08","0.43","0.407382413739303","1,1,2,3,2,3,2,3,3,3,2,2,3,3,3,3,3,2,4,2,5,1,3,3,3,3,3,3,1,3,2,4,2,2,4,4,3,3,5,5,5,5,1,1,1,1,5,1,1,1,5,5,5,5,5,1,1,1,1,5,3,5,5,3,3,5,5,5,5,5,1,5,3,3,5,5,5,5,5,5,5,3,3,3,3,1,5,5,5,5,3,2,4,5,5,5,3,5,5,5,5,5,5,5,5,5,5,2,2,5,5,5,5,4,4,4,4,4,4,4,4,3,3,3,3,3,3,3,3","0.000922918319702148","leiden","edit-xhwikibooks.graphml"
"0.48","0.09","0.43","0.407149911268951","1,1,2,3,2,3,2,3,3,3,2,2,3,3,3,3,3,2,4,2,5,1,3,3,3,3,3,3,1,3,2,4,2,2,4,4,3,3,5,5,5,5,1,1,1,1,5,1,1,1,5,5,5,5,5,1,1,1,1,5,3,5,5,3,3,5,5,5,5,5,1,5,3,3,5,5,5,5,5,5,5,3,3,3,3,1,5,5,5,5,3,2,4,5,5,5,3,5,5,5,5,5,5,5,5,5,5,2,2,5,5,5,5,4,4,4,4,4,4,4,4,3,3,3,3,3,3,3,3","0.00080108642578125","leiden","edit-xhwikibooks.graphml"
"0.47","0.1","0.43","0.407149911268951","1,1,2,3,2,3,2,3,3,3,2,2,3,3,3,3,3,2,4,2,5,1,3,3,3,3,3,3,1,3,2,4,2,2,4,4,3,3,5,5,5,5,1,1,1,1,5,1,1,1,5,5,5,5,5,1,1,1,1,5,3,5,5,3,3,5,5,5,5,5,1,5,3,3,5,5,5,5,5,5,5,3,3,3,3,1,5,5,5,5,3,2,4,5,5,5,3,5,5,5,5,5,5,5,5,5,5,2,2,5,5,5,5,4,4,4,4,4,4,4,4,3,3,3,3,3,3,3,3","0.00100803375244141","leiden","edit-xhwikibooks.graphml"
"0.46","0.11","0.43","0.406917652302305","1,1,2,3,2,3,2,3,3,3,2,2,3,3,3,3,3,2,4,2,5,1,3,3,3,3,3,3,1,3,2,4,2,2,4,4,3,3,5,5,5,5,1,1,1,1,5,1,1,1,5,5,5,5,5,1,1,1,1,5,3,5,5,3,3,5,5,5,5,5,1,5,3,3,5,5,5,5,5,5,5,3,3,3,3,1,5,5,5,5,3,2,4,5,5,5,3,5,5,5,5,5,5,5,5,5,5,2,2,5,5,5,5,4,4,4,4,4,4,4,4,3,3,3,3,3,3,3,3","0.000796079635620117","leiden","edit-xhwikibooks.graphml"
"0.45","0.12","0.43","0.409092175806932","1,1,2,3,2,3,2,3,3,3,2,2,3,3,3,3,3,2,4,2,5,1,3,3,3,3,3,3,1,3,2,4,2,2,4,4,3,3,5,5,5,5,1,1,1,1,5,1,1,1,5,5,5,5,5,1,1,1,1,5,3,5,5,3,3,5,5,5,5,5,1,5,3,3,5,5,5,5,5,5,5,3,3,3,3,1,5,5,5,5,3,2,4,5,5,5,3,5,5,5,5,5,5,5,5,5,5,2,2,5,5,5,5,4,4,4,4,4,4,4,4,3,3,3,3,3,3,3,3","0.00083613395690918","leiden","edit-xhwikibooks.graphml"
"0.44","0.13","0.43","0.408859901246275","1,1,2,3,2,3,2,3,3,3,2,2,3,3,3,3,3,2,4,2,5,1,3,3,3,3,3,3,1,3,2,4,2,2,4,4,3,3,5,5,5,5,1,1,1,1,5,1,1,1,5,5,5,5,5,1,1,1,1,5,3,5,5,3,3,5,5,5,5,5,1,5,3,3,5,5,5,5,5,5,5,3,3,3,3,1,5,5,5,5,3,2,4,5,5,5,3,5,5,5,5,5,5,5,5,5,5,2,2,5,5,5,5,4,4,4,4,4,4,4,4,3,3,3,3,3,3,3,3","0.000809907913208008","leiden","edit-xhwikibooks.graphml"
"0.43","0.14","0.43","0.409590771519442","1,1,2,3,2,3,2,3,3,3,2,2,3,3,3,3,3,2,4,2,5,1,3,3,3,3,3,3,1,3,2,4,2,2,4,4,3,3,5,5,5,5,1,1,1,1,5,1,1,1,5,5,5,5,5,1,1,1,1,5,3,5,5,3,3,5,5,5,5,5,1,5,3,3,5,5,5,5,5,5,5,3,3,3,3,1,5,5,5,5,3,2,4,5,5,5,3,5,5,5,5,5,5,5,5,5,5,2,2,5,5,5,5,4,4,4,4,4,4,4,4,3,3,3,3,3,3,3,3","0.000866889953613281","leiden","edit-xhwikibooks.graphml"
"0.42","0.15","0.43","0.410785357416656","1,1,2,3,2,3,2,3,3,3,2,2,3,3,3,3,3,2,4,2,5,1,3,3,3,3,3,3,1,3,2,4,2,2,4,4,3,3,5,5,5,5,1,1,1,1,5,1,1,1,5,5,5,5,5,1,1,1,1,5,3,5,5,3,3,5,5,5,5,5,1,5,3,3,5,5,5,5,5,5,5,3,3,3,3,1,5,5,5,5,3,2,4,5,5,5,3,5,5,5,5,5,5,5,5,5,5,2,2,5,5,5,5,4,4,4,4,4,4,4,4,3,3,3,3,3,3,3,3","0.000855922698974609","leiden","edit-xhwikibooks.graphml"
"0.41","0.16","0.43","0.407515504116924","1,1,2,2,2,3,2,3,3,3,2,2,3,3,3,3,3,2,4,2,5,1,3,3,3,3,3,3,1,3,2,4,2,2,4,4,3,3,5,5,5,5,1,1,1,1,5,1,1,1,5,5,5,5,5,1,1,1,1,5,3,5,5,3,3,5,5,5,5,5,1,5,3,3,5,5,5,5,5,5,5,3,3,3,3,1,5,5,5,5,3,2,4,5,5,5,3,5,5,5,5,5,5,5,5,5,5,2,2,5,5,5,5,4,4,4,4,4,4,4,4,3,3,3,3,3,3,3,3","0.000892877578735352","leiden","edit-xhwikibooks.graphml"
"0.4","0.17","0.43","0.394473901267227","1,1,2,2,2,3,2,3,3,3,2,2,3,3,3,3,3,2,4,2,5,1,3,3,3,3,3,3,1,3,2,4,2,2,4,4,3,3,5,5,5,5,1,1,1,1,5,1,1,1,5,5,5,5,5,1,1,1,1,5,3,5,5,3,3,5,5,5,5,5,1,5,3,3,5,5,5,5,5,5,5,3,3,3,3,1,5,5,5,5,3,2,4,5,5,5,3,5,5,5,5,5,5,5,5,5,5,2,2,5,5,5,5,4,4,4,4,4,4,4,4,3,3,3,3,3,3,3,3","0.000822782516479492","leiden","edit-xhwikibooks.graphml"
"0.39","0.18","0.43","0.394473901267227","1,1,2,2,2,3,2,3,3,3,2,2,3,3,3,3,3,2,4,2,5,1,3,3,3,3,3,3,1,3,2,4,2,2,4,4,3,3,5,5,5,5,1,1,1,1,5,1,1,1,5,5,5,5,5,1,1,1,1,5,3,5,5,3,3,5,5,5,5,5,1,5,3,3,5,5,5,5,5,5,5,3,3,3,3,1,5,5,5,5,3,2,4,5,5,5,3,5,5,5,5,5,5,5,5,5,5,2,2,5,5,5,5,4,4,4,4,4,4,4,4,3,3,3,3,3,3,3,3","0.000819206237792969","leiden","edit-xhwikibooks.graphml"
"0.38","0.19","0.43","0.395089636703026","1,1,2,2,2,3,2,3,3,3,2,2,3,3,3,3,3,2,4,2,5,1,3,3,3,3,3,3,1,3,2,4,2,2,4,4,3,3,5,5,5,5,1,1,1,1,5,1,1,1,5,5,5,5,5,1,1,1,1,5,3,5,5,3,3,5,5,5,5,5,1,5,3,3,5,5,5,5,5,5,5,3,3,3,3,1,5,5,5,5,3,2,4,5,5,5,3,5,5,5,5,5,5,5,5,5,5,2,2,5,5,5,5,4,4,4,4,4,4,4,4,3,3,3,3,3,3,3,3","0.00093388557434082","leiden","edit-xhwikibooks.graphml"
"0.37","0.2","0.43","0.39655000057358","1,1,2,2,2,3,2,3,3,3,2,2,3,3,3,3,3,2,4,2,5,1,3,3,3,3,3,3,1,3,2,4,2,2,4,4,3,3,5,5,5,5,1,1,1,1,5,1,1,1,5,5,5,5,5,1,1,1,1,5,3,5,5,3,3,5,5,5,5,5,1,5,3,3,5,5,5,5,5,5,5,3,3,3,3,1,5,5,5,5,3,2,4,5,5,5,3,5,5,5,5,5,5,5,5,5,5,2,2,5,5,5,5,4,4,4,4,4,4,4,4,3,3,3,3,3,3,3,3","0.000814199447631836","leiden","edit-xhwikibooks.graphml"
"0.36","0.21","0.43","0.396319565203162","1,1,2,2,2,3,2,3,3,3,2,2,3,3,3,3,3,2,4,2,5,1,3,3,3,3,3,3,1,3,2,4,2,2,4,4,3,3,5,5,5,5,1,1,1,1,5,1,1,1,5,5,5,5,5,1,1,1,1,5,3,5,5,3,3,5,5,5,5,5,1,5,3,3,5,5,5,5,5,5,5,3,3,3,3,1,5,5,5,5,3,2,4,5,5,5,3,5,5,5,5,5,5,5,5,5,5,2,2,5,5,5,5,4,4,4,4,4,4,4,4,3,3,3,3,3,3,3,3","0.000819921493530273","leiden","edit-xhwikibooks.graphml"
"0.35","0.22","0.43","0.407181985242544","1,1,2,2,2,3,2,3,3,3,2,2,3,3,3,3,3,2,4,2,5,1,3,3,3,3,3,3,1,3,2,4,2,2,4,4,3,3,5,5,5,5,1,1,1,1,5,1,1,1,5,5,5,5,5,1,1,1,1,5,3,5,5,3,3,5,5,5,5,5,1,5,3,3,5,5,5,5,5,5,5,3,3,3,3,1,5,5,5,5,3,2,4,5,5,5,3,5,5,5,5,5,5,5,5,5,5,2,2,5,5,5,5,4,4,4,4,4,4,4,4,3,3,3,3,3,3,3,3","0.000813961029052734","leiden","edit-xhwikibooks.graphml"
"0.34","0.23","0.43","0.408436855080027","1,1,2,2,2,3,2,3,3,3,2,2,3,3,3,3,3,2,4,2,5,1,3,3,3,3,3,3,1,3,2,4,2,2,4,4,3,3,5,5,5,5,1,1,1,1,5,1,1,1,5,5,5,5,5,1,1,1,1,5,3,5,5,3,3,5,5,5,5,5,1,5,3,3,5,5,5,5,5,5,5,3,3,3,3,1,5,5,5,5,3,2,4,5,5,5,3,5,5,5,5,5,5,5,5,5,5,2,2,5,5,5,5,4,4,4,4,4,4,4,4,3,3,3,3,3,3,3,3","0.000823974609375","leiden","edit-xhwikibooks.graphml"
"0.33","0.24","0.43","0.409206991745985","1,1,2,2,2,3,2,3,3,3,2,2,3,3,3,3,3,2,4,2,5,1,3,3,3,3,3,3,1,3,2,4,2,2,4,4,3,3,5,5,5,5,1,1,1,1,5,1,1,1,5,5,5,5,5,1,1,1,1,5,3,5,5,3,3,5,5,5,5,5,1,5,3,3,5,5,5,5,5,5,5,3,3,3,3,1,5,5,5,5,3,2,4,5,5,5,3,5,5,5,5,5,5,5,5,5,5,2,2,5,5,5,5,4,4,4,4,4,4,4,4,3,3,3,3,3,3,3,3","0.000796079635620117","leiden","edit-xhwikibooks.graphml"
"0.32","0.25","0.43","0.411126560175904","1,1,2,2,2,3,2,3,3,3,2,2,3,3,3,3,3,2,4,2,5,1,3,3,3,3,3,3,1,3,2,4,2,2,4,4,3,3,5,5,5,5,1,1,1,1,5,1,1,1,5,5,5,5,5,1,1,1,1,5,3,5,5,3,3,5,5,5,5,5,1,5,3,3,5,5,5,5,5,5,5,3,3,3,3,1,5,5,5,5,3,2,4,5,5,5,3,5,5,5,5,5,5,5,5,5,5,2,2,5,5,5,5,4,4,4,4,4,4,4,4,3,3,3,3,3,3,3,3","0.000831842422485352","leiden","edit-xhwikibooks.graphml"
"0.31","0.26","0.43","0.411126560175904","1,1,2,2,2,3,2,3,3,3,2,2,3,3,3,3,3,2,4,2,5,1,3,3,3,3,3,3,1,3,2,4,2,2,4,4,3,3,5,5,5,5,1,1,1,1,5,1,1,1,5,5,5,5,5,1,1,1,1,5,3,5,5,3,3,5,5,5,5,5,1,5,3,3,5,5,5,5,5,5,5,3,3,3,3,1,5,5,5,5,3,2,4,5,5,5,3,5,5,5,5,5,5,5,5,5,5,2,2,5,5,5,5,4,4,4,4,4,4,4,4,3,3,3,3,3,3,3,3","0.000831842422485352","leiden","edit-xhwikibooks.graphml"
"0.3","0.27","0.43","0.411126560175904","1,1,2,2,2,3,2,3,3,3,2,2,3,3,3,3,3,2,4,2,5,1,3,3,3,3,3,3,1,3,2,4,2,2,4,4,3,3,5,5,5,5,1,1,1,1,5,1,1,1,5,5,5,5,5,1,1,1,1,5,3,5,5,3,3,5,5,5,5,5,1,5,3,3,5,5,5,5,5,5,5,3,3,3,3,1,5,5,5,5,3,2,4,5,5,5,3,5,5,5,5,5,5,5,5,5,5,2,2,5,5,5,5,4,4,4,4,4,4,4,4,3,3,3,3,3,3,3,3","0.000848054885864258","leiden","edit-xhwikibooks.graphml"
"0.29","0.28","0.43","0.410884704371143","1,1,2,2,2,3,2,3,3,3,2,2,3,3,3,3,3,2,4,2,5,1,3,3,3,3,3,3,1,3,2,4,2,2,4,4,3,3,5,5,5,5,1,1,1,1,5,1,1,1,5,5,5,5,5,1,1,1,1,5,3,5,5,3,3,5,5,5,5,5,1,5,3,3,5,5,5,5,5,5,5,3,3,3,3,1,5,5,5,5,3,2,4,5,5,5,3,5,5,5,5,5,5,5,5,5,5,2,2,5,5,5,5,4,4,4,4,4,4,4,4,3,3,3,3,3,3,3,3","0.000868082046508789","leiden","edit-xhwikibooks.graphml"
"0.28","0.29","0.43","0.412356639791328","1,1,2,2,2,3,2,3,3,3,2,2,3,3,3,3,3,2,4,2,5,1,3,3,3,3,3,3,1,3,2,4,2,2,4,4,3,3,5,5,5,5,1,1,1,1,5,1,1,1,5,5,5,5,5,1,1,1,1,5,3,5,5,3,3,5,5,5,5,5,1,5,3,3,5,5,5,5,5,5,5,3,3,3,3,1,5,5,5,5,3,2,4,5,5,5,3,5,5,5,5,5,5,5,5,5,5,2,2,5,5,5,5,4,4,4,4,4,4,4,4,3,3,3,3,3,3,3,3","0.000816106796264648","leiden","edit-xhwikibooks.graphml"
"0.27","0.3","0.43","0.40199638140846","1,1,1,2,1,2,3,2,2,2,3,4,2,2,2,2,2,3,3,4,5,1,2,2,2,2,2,2,1,2,3,3,4,4,3,3,2,2,5,5,5,5,1,1,1,1,5,1,1,1,5,5,5,5,5,1,1,1,1,5,2,5,5,2,2,5,5,5,5,5,1,5,2,2,5,5,5,5,5,5,5,2,2,2,2,1,5,5,5,5,2,3,3,5,5,5,2,5,5,5,5,5,5,5,5,5,5,4,4,5,5,5,5,3,3,3,3,3,3,3,3,2,2,2,2,2,2,2,2","0.000861167907714844","leiden","edit-xhwikibooks.graphml"
"0.26","0.31","0.43","0.400516403044902","1,1,1,2,1,2,3,2,2,2,3,4,2,2,2,2,2,3,3,4,5,1,2,2,2,2,2,2,1,2,3,3,4,4,3,3,2,2,5,5,5,5,1,1,1,1,5,1,1,1,5,5,5,5,5,1,1,1,1,5,2,5,5,2,2,5,5,5,5,5,1,5,2,2,5,5,5,5,5,5,5,2,2,2,2,1,5,5,5,5,2,3,3,5,5,5,2,5,5,5,5,5,5,5,5,5,5,4,4,5,5,5,5,3,3,3,3,3,3,3,3,2,2,2,2,2,2,2,2","0.000803947448730469","leiden","edit-xhwikibooks.graphml"
"0.25","0.32","0.43","0.40112163439327","1,1,1,2,3,2,3,2,2,2,3,3,2,2,2,2,2,3,4,3,5,1,2,2,2,2,2,2,1,2,3,4,3,3,4,4,2,2,5,5,5,5,1,1,1,1,5,1,1,1,5,5,5,5,5,1,1,1,1,5,2,5,5,2,2,5,5,5,5,5,1,5,2,2,5,5,5,5,5,5,5,2,2,2,2,1,5,5,5,5,2,3,4,5,5,5,2,5,5,5,5,5,5,5,5,5,5,3,3,5,5,5,5,4,4,4,4,4,4,4,4,2,2,2,2,2,2,2,2","0.00082087516784668","leiden","edit-xhwikibooks.graphml"
"0.24","0.33","0.43","0.40112163439327","1,1,1,2,3,2,3,2,2,2,3,3,2,2,2,2,2,3,4,3,5,1,2,2,2,2,2,2,1,2,3,4,3,3,4,4,2,2,5,5,5,5,1,1,1,1,5,1,1,1,5,5,5,5,5,1,1,1,1,5,2,5,5,2,2,5,5,5,5,5,1,5,2,2,5,5,5,5,5,5,5,2,2,2,2,1,5,5,5,5,2,3,4,5,5,5,2,5,5,5,5,5,5,5,5,5,5,3,3,5,5,5,5,4,4,4,4,4,4,4,4,2,2,2,2,2,2,2,2","0.000874996185302734","leiden","edit-xhwikibooks.graphml"
"0.23","0.34","0.43","0.411732732927192","1,1,1,2,3,2,3,2,2,2,3,3,2,2,2,2,2,3,4,3,5,1,2,2,2,2,2,2,1,2,3,4,3,3,4,4,2,2,5,5,5,5,1,1,1,1,5,1,1,1,5,5,5,5,5,1,1,1,1,5,2,5,5,2,2,5,5,5,5,5,1,5,2,2,5,5,5,5,5,5,5,2,2,2,2,1,5,5,5,5,2,3,4,5,5,5,2,5,5,5,5,5,5,5,5,5,5,3,3,5,5,5,5,4,4,4,4,4,4,4,4,2,2,2,2,2,2,2,2","0.00119709968566895","leiden","edit-xhwikibooks.graphml"
"0.22","0.35","0.43","0.411732732927192","1,1,1,2,3,2,3,2,2,2,3,3,2,2,2,2,2,3,4,3,5,1,2,2,2,2,2,2,1,2,3,4,3,3,4,4,2,2,5,5,5,5,1,1,1,1,5,1,1,1,5,5,5,5,5,1,1,1,1,5,2,5,5,2,2,5,5,5,5,5,1,5,2,2,5,5,5,5,5,5,5,2,2,2,2,1,5,5,5,5,2,3,4,5,5,5,2,5,5,5,5,5,5,5,5,5,5,3,3,5,5,5,5,4,4,4,4,4,4,4,4,2,2,2,2,2,2,2,2","0.000936031341552734","leiden","edit-xhwikibooks.graphml"
"0.21","0.36","0.43","0.41149172275995","1,1,1,2,3,2,3,2,2,2,3,3,2,2,2,2,2,3,4,3,5,1,2,2,2,2,2,2,1,2,3,4,3,3,4,4,2,2,5,5,5,5,1,1,1,1,5,1,1,1,5,5,5,5,5,1,1,1,1,5,2,5,5,2,2,5,5,5,5,5,1,5,2,2,5,5,5,5,5,5,5,2,2,2,2,1,5,5,5,5,2,3,4,5,5,5,2,5,5,5,5,5,5,5,5,5,5,3,3,5,5,5,5,4,4,4,4,4,4,4,4,2,2,2,2,2,2,2,2","0.000797033309936523","leiden","edit-xhwikibooks.graphml"
"0.2","0.37","0.43","0.41149172275995","1,1,1,2,3,2,3,2,2,2,3,3,2,2,2,2,2,3,4,3,5,1,2,2,2,2,2,2,1,2,3,4,3,3,4,4,2,2,5,5,5,5,1,1,1,1,5,1,1,1,5,5,5,5,5,1,1,1,1,5,2,5,5,2,2,5,5,5,5,5,1,5,2,2,5,5,5,5,5,5,5,2,2,2,2,1,5,5,5,5,2,3,4,5,5,5,2,5,5,5,5,5,5,5,5,5,5,3,3,5,5,5,5,4,4,4,4,4,4,4,4,2,2,2,2,2,2,2,2","0.000798940658569336","leiden","edit-xhwikibooks.graphml"
"0.19","0.38","0.43","0.411250970531826","1,1,1,2,3,2,3,2,2,2,3,3,2,2,2,2,2,3,4,3,5,1,2,2,2,2,2,2,1,2,3,4,3,3,4,4,2,2,5,5,5,5,1,1,1,1,5,1,1,1,5,5,5,5,5,1,1,1,1,5,2,5,5,2,2,5,5,5,5,5,1,5,2,2,5,5,5,5,5,5,5,2,2,2,2,1,5,5,5,5,2,3,4,5,5,5,2,5,5,5,5,5,5,5,5,5,5,3,3,5,5,5,5,4,4,4,4,4,4,4,4,2,2,2,2,2,2,2,2","0.000880002975463867","leiden","edit-xhwikibooks.graphml"
"0.18","0.39","0.43","0.412005355464079","1,1,1,2,3,2,3,2,2,2,3,3,2,2,2,2,2,3,4,3,5,1,2,2,2,2,2,2,1,2,3,4,3,3,4,4,2,2,5,5,5,5,1,1,1,1,5,1,1,1,5,5,5,5,5,1,1,1,1,5,2,5,5,2,2,5,5,5,5,5,1,5,2,2,5,5,5,5,5,5,5,2,2,2,2,1,5,5,5,5,2,3,4,5,5,5,2,5,5,5,5,5,5,5,5,5,5,3,3,5,5,5,5,4,4,4,4,4,4,4,4,2,2,2,2,2,2,2,2","0.000787019729614258","leiden","edit-xhwikibooks.graphml"
"0.17","0.4","0.43","0.413182189628316","1,1,1,2,3,2,3,2,2,2,3,3,2,2,2,2,2,3,4,3,5,1,2,2,2,2,2,2,1,2,3,4,3,3,4,4,2,2,5,5,5,5,1,1,1,1,5,1,1,1,5,5,5,5,5,1,1,1,1,5,2,5,5,2,2,5,5,5,5,5,1,5,2,2,5,5,5,5,5,5,5,2,2,2,2,1,5,5,5,5,2,3,4,5,5,5,2,5,5,5,5,5,5,5,5,5,5,3,3,5,5,5,5,4,4,4,4,4,4,4,4,2,2,2,2,2,2,2,2","0.000796079635620117","leiden","edit-xhwikibooks.graphml"
"0.16","0.41","0.43","0.413182189628316","1,1,1,2,3,2,3,2,2,2,3,3,2,2,2,2,2,3,4,3,5,1,2,2,2,2,2,2,1,2,3,4,3,3,4,4,2,2,5,5,5,5,1,1,1,1,5,1,1,1,5,5,5,5,5,1,1,1,1,5,2,5,5,2,2,5,5,5,5,5,1,5,2,2,5,5,5,5,5,5,5,2,2,2,2,1,5,5,5,5,2,3,4,5,5,5,2,5,5,5,5,5,5,5,5,5,5,3,3,5,5,5,5,4,4,4,4,4,4,4,4,2,2,2,2,2,2,2,2","0.000890016555786133","leiden","edit-xhwikibooks.graphml"
"0.15","0.42","0.43","0.412941770848454","1,1,1,2,3,2,3,2,2,2,3,3,2,2,2,2,2,3,4,3,5,1,2,2,2,2,2,2,1,2,3,4,3,3,4,4,2,2,5,5,5,5,1,1,1,1,5,1,1,1,5,5,5,5,5,1,1,1,1,5,2,5,5,2,2,5,5,5,5,5,1,5,2,2,5,5,5,5,5,5,5,2,2,2,2,1,5,5,5,5,2,3,4,5,5,5,2,5,5,5,5,5,5,5,5,5,5,3,3,5,5,5,5,4,4,4,4,4,4,4,4,2,2,2,2,2,2,2,2","0.000789880752563477","leiden","edit-xhwikibooks.graphml"
"0.14","0.43","0.43","0.414393973655944","1,1,1,2,3,2,3,2,2,2,3,3,2,2,2,2,2,3,4,3,5,1,2,2,2,2,2,2,1,2,3,4,3,3,4,4,2,2,5,5,5,5,1,1,1,1,5,1,1,1,5,5,5,5,5,1,1,1,1,5,2,5,5,2,2,5,5,5,5,5,1,5,2,2,5,5,5,5,5,5,5,2,2,2,2,1,5,5,5,5,2,3,4,5,5,5,2,5,5,5,5,5,5,5,5,5,5,3,3,5,5,5,5,4,4,4,4,4,4,4,4,2,2,2,2,2,2,2,2","0.000813961029052734","leiden","edit-xhwikibooks.graphml"
"0.13","0.44","0.43","0.410303331217624","1,1,1,2,1,2,3,2,2,2,3,3,2,2,2,2,2,3,4,3,5,1,2,2,2,2,2,2,1,2,3,4,3,3,4,4,2,2,5,5,5,5,1,1,1,1,5,1,1,1,5,5,5,5,5,1,1,1,1,5,6,5,5,2,2,5,5,5,5,5,1,5,2,2,5,5,5,5,5,5,5,2,2,2,2,7,5,5,5,5,8,9,10,5,5,5,2,5,5,5,5,5,5,5,5,5,5,3,3,5,5,5,5,4,4,4,4,4,4,4,4,2,2,2,2,2,2,2,2","0.00087285041809082","leiden","edit-xhwikibooks.graphml"
"0.12","0.45","0.43","0.402373028379765","1,1,1,2,3,2,3,2,2,2,3,3,2,2,2,2,2,3,4,3,5,1,2,2,2,2,2,2,1,2,3,4,3,3,4,4,2,2,5,5,5,5,1,1,1,1,5,1,1,1,5,5,5,5,5,1,1,1,1,5,6,5,5,2,2,5,5,5,5,5,1,5,2,2,5,5,5,5,5,5,5,2,2,2,2,7,5,5,5,5,8,9,10,5,5,5,2,5,5,5,5,5,5,5,5,5,5,3,3,5,5,5,5,4,4,4,4,4,4,4,4,2,2,2,2,2,2,2,2","0.000900983810424805","leiden","edit-xhwikibooks.graphml"
"0.11","0.46","0.43","0.402134184366368","1,1,1,2,3,2,3,2,2,2,3,3,2,2,2,2,2,3,4,3,5,1,2,2,2,2,2,2,1,2,3,4,3,3,4,4,2,2,5,5,5,5,1,1,1,1,5,1,1,1,5,5,5,5,5,1,1,1,1,5,6,5,5,2,2,5,5,5,5,5,1,5,2,2,5,5,5,5,5,5,5,2,2,2,2,7,5,5,5,5,8,9,10,5,5,5,2,5,5,5,5,5,5,5,5,5,5,3,3,5,5,5,5,4,4,4,4,4,4,4,4,2,2,2,2,2,2,2,2","0.000818014144897461","leiden","edit-xhwikibooks.graphml"
"0.1","0.47","0.43","0.402810568415251","1,1,1,2,1,2,3,2,2,2,3,3,2,2,2,2,2,3,4,3,5,1,2,2,2,2,2,2,1,2,3,4,3,3,4,4,2,2,5,5,5,5,1,1,1,1,5,1,1,1,5,5,5,5,5,1,1,1,1,5,6,5,5,2,2,5,5,5,5,5,1,5,2,2,5,5,5,5,5,5,5,2,2,2,2,7,5,5,5,5,8,9,10,5,5,5,2,5,5,5,5,5,5,5,5,5,5,3,3,5,5,5,5,4,4,4,4,4,4,4,4,2,2,2,2,2,2,2,2","0.000863075256347656","leiden","edit-xhwikibooks.graphml"
"0.09","0.48","0.43","0.402666994411453","1,1,1,2,3,2,3,2,2,2,3,3,2,2,2,2,2,3,4,3,5,1,2,2,2,2,2,2,1,2,3,4,3,3,4,4,2,2,5,5,5,5,1,1,1,1,5,1,1,1,5,5,5,5,5,1,1,1,1,5,6,5,5,2,2,5,5,5,5,5,1,5,2,2,5,5,5,5,5,5,5,2,2,2,2,7,5,5,5,5,8,9,10,5,5,5,2,5,5,5,5,5,5,5,5,5,5,3,3,5,5,5,5,4,4,4,4,4,4,4,4,2,2,2,2,2,2,2,2","0.000857830047607422","leiden","edit-xhwikibooks.graphml"
"0.08","0.49","0.43","0.402666994411453","1,1,1,2,3,2,3,2,2,2,3,3,2,2,2,2,2,3,4,3,5,1,2,2,2,2,2,2,1,2,3,4,3,3,4,4,2,2,5,5,5,5,1,1,1,1,5,1,1,1,5,5,5,5,5,1,1,1,1,5,6,5,5,2,2,5,5,5,5,5,1,5,2,2,5,5,5,5,5,5,5,2,2,2,2,7,5,5,5,5,8,9,10,5,5,5,2,5,5,5,5,5,5,5,5,5,5,3,3,5,5,5,5,4,4,4,4,4,4,4,4,2,2,2,2,2,2,2,2","0.000883102416992188","leiden","edit-xhwikibooks.graphml"
"0.07","0.5","0.43","0.433486348410378","1,1,1,2,3,2,3,2,2,2,3,3,2,2,2,2,2,3,4,3,5,1,2,2,2,2,2,2,1,2,3,4,3,3,4,4,2,2,5,5,5,5,1,1,1,1,5,1,1,1,5,5,5,5,5,1,1,1,1,5,6,5,5,2,2,5,5,5,5,5,1,5,2,2,5,5,5,5,5,5,5,2,2,2,2,7,5,5,5,5,8,9,10,5,5,5,2,5,5,5,5,5,5,5,5,5,5,3,3,5,5,5,5,4,4,4,4,4,4,4,4,2,2,2,2,2,2,2,2","0.000870943069458008","leiden","edit-xhwikibooks.graphml"
"0.06","0.51","0.43","0.433486348410378","1,1,1,2,3,2,3,2,2,2,3,3,2,2,2,2,2,3,4,3,5,1,2,2,2,2,2,2,1,2,3,4,3,3,4,4,2,2,5,5,5,5,1,1,1,1,5,1,1,1,5,5,5,5,5,1,1,1,1,5,6,5,5,2,2,5,5,5,5,5,1,5,2,2,5,5,5,5,5,5,5,2,2,2,2,7,5,5,5,5,8,9,10,5,5,5,2,5,5,5,5,5,5,5,5,5,5,3,3,5,5,5,5,4,4,4,4,4,4,4,4,2,2,2,2,2,2,2,2","0.000895977020263672","leiden","edit-xhwikibooks.graphml"
"0.05","0.52","0.43","0.434187711233993","1,1,1,2,3,2,3,2,2,2,3,3,2,2,2,2,2,3,4,3,5,1,2,2,2,2,2,2,1,2,3,4,3,3,4,4,2,2,5,5,5,5,1,1,1,1,5,1,1,1,5,5,5,5,5,1,1,1,1,5,6,5,5,2,2,5,5,5,5,5,1,5,2,2,5,5,5,5,5,5,5,2,2,2,2,7,5,5,5,5,8,9,10,5,5,5,2,5,5,5,5,5,5,5,5,5,5,3,3,5,5,5,5,4,4,4,4,4,4,4,4,2,2,2,2,2,2,2,2","0.000929117202758789","leiden","edit-xhwikibooks.graphml"
"0.04","0.53","0.43","0.434645029143238","1,1,1,2,3,2,3,2,2,2,3,3,2,2,2,2,2,3,4,3,5,1,2,2,2,2,2,2,1,2,3,4,3,3,4,4,2,2,5,5,5,5,1,1,1,1,5,1,1,1,5,5,5,5,5,1,1,1,1,5,6,5,5,2,2,5,5,5,5,5,1,5,2,2,5,5,5,5,5,5,5,2,2,2,2,7,5,5,5,5,8,9,10,5,5,5,2,5,5,5,5,5,5,5,5,5,5,3,3,5,5,5,5,4,4,4,4,4,4,4,4,2,2,2,2,2,2,2,2","0.000854015350341797","leiden","edit-xhwikibooks.graphml"
"0.03","0.54","0.43","0.435341300772895","1,1,1,2,3,2,3,2,2,2,3,3,2,2,2,2,2,3,4,3,5,1,2,2,2,2,2,2,1,2,3,4,3,3,4,4,2,2,5,5,5,5,1,1,1,1,5,1,1,1,5,5,5,5,5,1,1,1,1,5,6,5,5,2,2,5,5,5,5,5,1,5,2,2,5,5,5,5,5,5,5,2,2,2,2,7,5,5,5,5,8,9,10,5,5,5,2,5,5,5,5,5,5,5,5,5,5,3,3,5,5,5,5,4,4,4,4,4,4,4,4,2,2,2,2,2,2,2,2","0.000852823257446289","leiden","edit-xhwikibooks.graphml"
"0.02","0.55","0.43","0.435099955969358","1,1,1,2,3,2,3,2,2,2,3,3,2,2,2,2,2,3,4,3,5,1,2,2,2,2,2,2,1,2,3,4,3,3,4,4,2,2,5,5,5,5,1,1,1,1,5,1,1,1,5,5,5,5,5,1,1,1,1,5,6,5,5,2,2,5,5,5,5,5,1,5,2,2,5,5,5,5,5,5,5,2,2,2,2,7,5,5,5,5,8,9,10,5,5,5,2,5,5,5,5,5,5,5,5,5,5,3,3,5,5,5,5,4,4,4,4,4,4,4,4,2,2,2,2,2,2,2,2","0.000924825668334961","leiden","edit-xhwikibooks.graphml"
"0.01","0.56","0.43","0.436427353615004","1,1,1,2,3,2,3,2,2,2,3,3,2,2,2,2,2,3,4,3,5,1,2,2,2,2,2,2,1,2,3,4,3,3,4,4,2,2,5,5,5,5,1,1,1,1,5,1,1,1,5,5,5,5,5,1,1,1,1,5,6,5,5,2,2,5,5,5,5,5,1,5,2,2,5,5,5,5,5,5,5,2,2,2,2,7,5,5,5,5,8,9,10,5,5,5,2,5,5,5,5,5,5,5,5,5,5,3,3,5,5,5,5,4,4,4,4,4,4,4,4,2,2,2,2,2,2,2,2","0.00103092193603516","leiden","edit-xhwikibooks.graphml"
"0","0.57","0.43","0.438206862557165","1,1,1,1,1,2,3,2,2,2,3,3,2,2,2,2,2,3,4,3,5,1,2,2,2,2,2,2,1,2,3,4,3,3,4,4,2,2,5,5,5,5,1,1,1,1,5,1,1,1,5,5,5,5,5,1,1,1,1,5,6,5,5,2,2,5,5,5,5,5,1,5,2,2,5,5,5,5,5,5,5,2,2,2,2,7,5,5,5,5,8,9,10,5,5,5,2,5,5,5,5,5,5,5,5,5,5,3,3,5,5,5,5,4,4,4,4,4,4,4,4,2,2,2,2,2,2,2,2","0.000873088836669922","leiden","edit-xhwikibooks.graphml"
"0.56","0","0.44","0.414499896522793","1,1,2,3,2,3,2,3,3,3,2,2,3,3,3,3,3,2,4,2,5,1,3,3,3,3,3,3,1,3,2,4,2,2,4,4,3,3,5,5,5,5,1,1,1,1,5,1,1,1,5,5,5,5,5,1,1,1,1,5,3,5,5,3,3,5,5,5,5,5,1,5,3,3,5,5,5,5,5,5,5,3,3,3,3,1,5,5,5,5,3,2,4,5,5,5,3,5,5,5,5,5,5,5,5,5,5,2,2,5,5,5,5,4,4,4,4,4,4,4,4,3,3,3,3,3,3,3,3","0.000802040100097656","leiden","edit-xhwikibooks.graphml"
"0.55","0.01","0.44","0.414499896522793","1,1,2,3,2,3,2,3,3,3,2,2,3,3,3,3,3,2,4,2,5,1,3,3,3,3,3,3,1,3,2,4,2,2,4,4,3,3,5,5,5,5,1,1,1,1,5,1,1,1,5,5,5,5,5,1,1,1,1,5,3,5,5,3,3,5,5,5,5,5,1,5,3,3,5,5,5,5,5,5,5,3,3,3,3,1,5,5,5,5,3,2,4,5,5,5,3,5,5,5,5,5,5,5,5,5,5,2,2,5,5,5,5,4,4,4,4,4,4,4,4,3,3,3,3,3,3,3,3","0.000782966613769531","leiden","edit-xhwikibooks.graphml"
"0.54","0.02","0.44","0.414499896522793","1,1,2,3,2,3,2,3,3,3,2,2,3,3,3,3,3,2,4,2,5,1,3,3,3,3,3,3,1,3,2,4,2,2,4,4,3,3,5,5,5,5,1,1,1,1,5,1,1,1,5,5,5,5,5,1,1,1,1,5,3,5,5,3,3,5,5,5,5,5,1,5,3,3,5,5,5,5,5,5,5,3,3,3,3,1,5,5,5,5,3,2,4,5,5,5,3,5,5,5,5,5,5,5,5,5,5,2,2,5,5,5,5,4,4,4,4,4,4,4,4,3,3,3,3,3,3,3,3","0.000822782516479492","leiden","edit-xhwikibooks.graphml"
"0.53","0.03","0.44","0.414267227090753","1,1,2,3,2,3,2,3,3,3,2,2,3,3,3,3,3,2,4,2,5,1,3,3,3,3,3,3,1,3,2,4,2,2,4,4,3,3,5,5,5,5,1,1,1,1,5,1,1,1,5,5,5,5,5,1,1,1,1,5,3,5,5,3,3,5,5,5,5,5,1,5,3,3,5,5,5,5,5,5,5,3,3,3,3,1,5,5,5,5,3,2,4,5,5,5,3,5,5,5,5,5,5,5,5,5,5,2,2,5,5,5,5,4,4,4,4,4,4,4,4,3,3,3,3,3,3,3,3","0.000787019729614258","leiden","edit-xhwikibooks.graphml"
"0.52","0.04","0.44","0.414267227090753","1,1,2,3,2,3,2,3,3,3,2,2,3,3,3,3,3,2,4,2,5,1,3,3,3,3,3,3,1,3,2,4,2,2,4,4,3,3,5,5,5,5,1,1,1,1,5,1,1,1,5,5,5,5,5,1,1,1,1,5,3,5,5,3,3,5,5,5,5,5,1,5,3,3,5,5,5,5,5,5,5,3,3,3,3,1,5,5,5,5,3,2,4,5,5,5,3,5,5,5,5,5,5,5,5,5,5,2,2,5,5,5,5,4,4,4,4,4,4,4,4,3,3,3,3,3,3,3,3","0.000828027725219727","leiden","edit-xhwikibooks.graphml"
"0.51","0.05","0.44","0.413312586592321","1,1,2,3,2,3,2,3,3,3,2,2,3,3,3,3,3,2,4,2,5,1,3,3,3,3,3,3,1,3,2,4,2,2,4,4,3,3,5,5,5,5,1,1,1,1,5,1,1,1,5,5,5,5,5,1,1,1,1,5,3,5,5,3,3,5,5,5,5,5,1,5,3,3,5,5,5,5,5,5,5,3,3,3,3,1,5,5,5,5,3,2,4,5,5,5,3,5,5,5,5,5,5,5,5,5,5,2,2,5,5,5,5,4,4,4,4,4,4,4,4,3,3,3,3,3,3,3,3","0.000847101211547852","leiden","edit-xhwikibooks.graphml"
"0.5","0.06","0.44","0.413312586592321","1,1,2,3,2,3,2,3,3,3,2,2,3,3,3,3,3,2,4,2,5,1,3,3,3,3,3,3,1,3,2,4,2,2,4,4,3,3,5,5,5,5,1,1,1,1,5,1,1,1,5,5,5,5,5,1,1,1,1,5,3,5,5,3,3,5,5,5,5,5,1,5,3,3,5,5,5,5,5,5,5,3,3,3,3,1,5,5,5,5,3,2,4,5,5,5,3,5,5,5,5,5,5,5,5,5,5,2,2,5,5,5,5,4,4,4,4,4,4,4,4,3,3,3,3,3,3,3,3","0.000868082046508789","leiden","edit-xhwikibooks.graphml"
"0.49","0.07","0.44","0.413080484147239","1,1,2,3,2,3,2,3,3,3,2,2,3,3,3,3,3,2,4,2,5,1,3,3,3,3,3,3,1,3,2,4,2,2,4,4,3,3,5,5,5,5,1,1,1,1,5,1,1,1,5,5,5,5,5,1,1,1,1,5,3,5,5,3,3,5,5,5,5,5,1,5,3,3,5,5,5,5,5,5,5,3,3,3,3,1,5,5,5,5,3,2,4,5,5,5,3,5,5,5,5,5,5,5,5,5,5,2,2,5,5,5,5,4,4,4,4,4,4,4,4,3,3,3,3,3,3,3,3","0.000839948654174805","leiden","edit-xhwikibooks.graphml"
"0.48","0.08","0.44","0.413802601442044","1,1,2,3,2,3,2,3,3,3,2,2,3,3,3,3,3,2,4,2,5,1,3,3,3,3,3,3,1,3,2,4,2,2,4,4,3,3,5,5,5,5,1,1,1,1,5,1,1,1,5,5,5,5,5,1,1,1,1,5,3,5,5,3,3,5,5,5,5,5,1,5,3,3,5,5,5,5,5,5,5,3,3,3,3,1,5,5,5,5,3,2,4,5,5,5,3,5,5,5,5,5,5,5,5,5,5,2,2,5,5,5,5,4,4,4,4,4,4,4,4,3,3,3,3,3,3,3,3","0.00086212158203125","leiden","edit-xhwikibooks.graphml"
"0.47","0.09","0.44","0.411528850456018","1,1,2,3,2,3,2,3,3,3,2,2,3,3,3,3,3,2,4,2,5,1,3,3,3,3,3,3,1,3,2,4,2,2,4,4,3,3,5,5,5,5,1,1,1,1,5,1,1,1,5,5,5,5,5,1,1,1,1,5,3,5,5,3,3,5,5,5,5,5,1,5,3,3,5,5,5,5,5,5,5,3,3,3,3,1,5,5,5,5,3,2,4,5,5,5,3,5,5,5,5,5,5,5,5,5,5,2,2,5,5,5,5,4,4,4,4,4,4,4,4,3,3,3,3,3,3,3,3","0.000777006149291992","leiden","edit-xhwikibooks.graphml"
"0.46","0.1","0.44","0.411528850456018","1,1,2,3,2,3,2,3,3,3,2,2,3,3,3,3,3,2,4,2,5,1,3,3,3,3,3,3,1,3,2,4,2,2,4,4,3,3,5,5,5,5,1,1,1,1,5,1,1,1,5,5,5,5,5,1,1,1,1,5,3,5,5,3,3,5,5,5,5,5,1,5,3,3,5,5,5,5,5,5,5,3,3,3,3,1,5,5,5,5,3,2,4,5,5,5,3,5,5,5,5,5,5,5,5,5,5,2,2,5,5,5,5,4,4,4,4,4,4,4,4,3,3,3,3,3,3,3,3","0.000904083251953125","leiden","edit-xhwikibooks.graphml"
"0.45","0.11","0.44","0.411296791727937","1,1,2,3,2,3,2,3,3,3,2,2,3,3,3,3,3,2,4,2,5,1,3,3,3,3,3,3,1,3,2,4,2,2,4,4,3,3,5,5,5,5,1,1,1,1,5,1,1,1,5,5,5,5,5,1,1,1,1,5,3,5,5,3,3,5,5,5,5,5,1,5,3,3,5,5,5,5,5,5,5,3,3,3,3,1,5,5,5,5,3,2,4,5,5,5,3,5,5,5,5,5,5,5,5,5,5,2,2,5,5,5,5,4,4,4,4,4,4,4,4,3,3,3,3,3,3,3,3","0.000789880752563477","leiden","edit-xhwikibooks.graphml"
"0.44","0.12","0.44","0.414150966316252","1,1,2,3,2,3,2,3,3,3,2,2,3,3,3,3,3,2,4,2,5,1,3,3,3,3,3,3,1,3,2,4,2,2,4,4,3,3,5,5,5,5,1,1,1,1,5,1,1,1,5,5,5,5,5,1,1,1,1,5,3,5,5,3,3,5,5,5,5,5,1,5,3,3,5,5,5,5,5,5,5,3,3,3,3,1,5,5,5,5,3,2,4,5,5,5,3,5,5,5,5,5,5,5,5,5,5,2,2,5,5,5,5,4,4,4,4,4,4,4,4,3,3,3,3,3,3,3,3","0.000808954238891602","leiden","edit-xhwikibooks.graphml"
"0.43","0.13","0.44","0.414150966316252","1,1,2,3,2,3,2,3,3,3,2,2,3,3,3,3,3,2,4,2,5,1,3,3,3,3,3,3,1,3,2,4,2,2,4,4,3,3,5,5,5,5,1,1,1,1,5,1,1,1,5,5,5,5,5,1,1,1,1,5,3,5,5,3,3,5,5,5,5,5,1,5,3,3,5,5,5,5,5,5,5,3,3,3,3,1,5,5,5,5,3,2,4,5,5,5,3,5,5,5,5,5,5,5,5,5,5,2,2,5,5,5,5,4,4,4,4,4,4,4,4,3,3,3,3,3,3,3,3","0.000812053680419922","leiden","edit-xhwikibooks.graphml"
"0.42","0.14","0.44","0.414150966316252","1,1,2,3,2,3,2,3,3,3,2,2,3,3,3,3,3,2,4,2,5,1,3,3,3,3,3,3,1,3,2,4,2,2,4,4,3,3,5,5,5,5,1,1,1,1,5,1,1,1,5,5,5,5,5,1,1,1,1,5,3,5,5,3,3,5,5,5,5,5,1,5,3,3,5,5,5,5,5,5,5,3,3,3,3,1,5,5,5,5,3,2,4,5,5,5,3,5,5,5,5,5,5,5,5,5,5,2,2,5,5,5,5,4,4,4,4,4,4,4,4,3,3,3,3,3,3,3,3","0.000820159912109375","leiden","edit-xhwikibooks.graphml"
"0.41","0.15","0.44","0.415317349594377","1,1,2,3,2,3,2,3,3,3,2,2,3,3,3,3,3,2,4,2,5,1,3,3,3,3,3,3,1,3,2,4,2,2,4,4,3,3,5,5,5,5,1,1,1,1,5,1,1,1,5,5,5,5,5,1,1,1,1,5,3,5,5,3,3,5,5,5,5,5,1,5,3,3,5,5,5,5,5,5,5,3,3,3,3,1,5,5,5,5,3,2,4,5,5,5,3,5,5,5,5,5,5,5,5,5,5,2,2,5,5,5,5,4,4,4,4,4,4,4,4,3,3,3,3,3,3,3,3","0.00082707405090332","leiden","edit-xhwikibooks.graphml"
"0.4","0.16","0.44","0.416031558496114","1,1,2,3,2,3,2,3,3,3,2,2,3,3,3,3,3,2,4,2,5,1,3,3,3,3,3,3,1,3,2,4,2,2,4,4,3,3,5,5,5,5,1,1,1,1,5,1,1,1,5,5,5,5,5,1,1,1,1,5,3,5,5,3,3,5,5,5,5,5,1,5,3,3,5,5,5,5,5,5,5,3,3,3,3,1,5,5,5,5,3,2,4,5,5,5,3,5,5,5,5,5,5,5,5,5,5,2,2,5,5,5,5,4,4,4,4,4,4,4,4,3,3,3,3,3,3,3,3","0.000847101211547852","leiden","edit-xhwikibooks.graphml"
"0.39","0.17","0.44","0.411522909090909","1,1,2,3,2,3,2,3,3,3,2,2,3,3,3,3,3,2,4,2,5,1,3,3,3,3,3,3,1,3,2,4,2,2,4,4,3,3,5,5,5,5,1,1,1,1,5,1,1,1,5,5,5,5,5,1,1,1,1,5,3,5,5,3,3,5,5,5,5,5,1,5,3,3,5,5,5,5,5,5,5,3,3,3,3,1,5,5,5,5,3,2,4,5,5,5,3,5,5,5,5,5,5,5,5,5,5,2,2,5,5,5,5,4,4,4,4,4,4,4,4,3,3,3,3,3,3,3,3","0.00084996223449707","leiden","edit-xhwikibooks.graphml"
"0.38","0.18","0.44","0.411522909090909","1,1,2,3,2,3,2,3,3,3,2,2,3,3,3,3,3,2,4,2,5,1,3,3,3,3,3,3,1,3,2,4,2,2,4,4,3,3,5,5,5,5,1,1,1,1,5,1,1,1,5,5,5,5,5,1,1,1,1,5,3,5,5,3,3,5,5,5,5,5,1,5,3,3,5,5,5,5,5,5,5,3,3,3,3,1,5,5,5,5,3,2,4,5,5,5,3,5,5,5,5,5,5,5,5,5,5,2,2,5,5,5,5,4,4,4,4,4,4,4,4,3,3,3,3,3,3,3,3","0.000844001770019531","leiden","edit-xhwikibooks.graphml"
"0.37","0.19","0.44","0.412098807623321","1,1,2,3,2,3,2,3,3,3,2,2,3,3,3,3,3,2,4,2,5,1,3,3,3,3,3,3,1,3,2,4,2,2,4,4,3,3,5,5,5,5,1,1,1,1,5,1,1,1,5,5,5,5,5,1,1,1,1,5,3,5,5,3,3,5,5,5,5,5,1,5,3,3,5,5,5,5,5,5,5,3,3,3,3,1,5,5,5,5,3,2,4,5,5,5,3,5,5,5,5,5,5,5,5,5,5,2,2,5,5,5,5,4,4,4,4,4,4,4,4,3,3,3,3,3,3,3,3","0.00081181526184082","leiden","edit-xhwikibooks.graphml"
"0.36","0.2","0.44","0.413470523616182","1,1,2,3,2,3,2,3,3,3,2,2,3,3,3,3,3,2,4,2,5,1,3,3,3,3,3,3,1,3,2,4,2,2,4,4,3,3,5,5,5,5,1,1,1,1,5,1,1,1,5,5,5,5,5,1,1,1,1,5,3,5,5,3,3,5,5,5,5,5,1,5,3,3,5,5,5,5,5,5,5,3,3,3,3,1,5,5,5,5,3,2,4,5,5,5,3,5,5,5,5,5,5,5,5,5,5,2,2,5,5,5,5,4,4,4,4,4,4,4,4,3,3,3,3,3,3,3,3","0.000802040100097656","leiden","edit-xhwikibooks.graphml"
"0.35","0.21","0.44","0.409291976803561","1,1,2,2,2,3,2,3,3,3,2,2,3,3,3,3,3,2,4,2,5,1,3,3,3,3,3,3,1,3,2,4,2,2,4,4,3,3,5,5,5,5,1,1,1,1,5,1,1,1,5,5,5,5,5,1,1,1,1,5,3,5,5,3,3,5,5,5,5,5,1,5,3,3,5,5,5,5,5,5,5,3,3,3,3,1,5,5,5,5,3,2,4,5,5,5,3,5,5,5,5,5,5,5,5,5,5,2,2,5,5,5,5,4,4,4,4,4,4,4,4,3,3,3,3,3,3,3,3","0.000925064086914062","leiden","edit-xhwikibooks.graphml"
"0.34","0.22","0.44","0.409291976803561","1,1,2,2,2,3,2,3,3,3,2,2,3,3,3,3,3,2,4,2,5,1,3,3,3,3,3,3,1,3,2,4,2,2,4,4,3,3,5,5,5,5,1,1,1,1,5,1,1,1,5,5,5,5,5,1,1,1,1,5,3,5,5,3,3,5,5,5,5,5,1,5,3,3,5,5,5,5,5,5,5,3,3,3,3,1,5,5,5,5,3,2,4,5,5,5,3,5,5,5,5,5,5,5,5,5,5,2,2,5,5,5,5,4,4,4,4,4,4,4,4,3,3,3,3,3,3,3,3","0.00101494789123535","leiden","edit-xhwikibooks.graphml"
"0.33","0.23","0.44","0.410484465983063","1,1,2,2,2,3,2,3,3,3,2,2,3,3,3,3,3,2,4,2,5,1,3,3,3,3,3,3,1,3,2,4,2,2,4,4,3,3,5,5,5,5,1,1,1,1,5,1,1,1,5,5,5,5,5,1,1,1,1,5,3,5,5,3,3,5,5,5,5,5,1,5,3,3,5,5,5,5,5,5,5,3,3,3,3,1,5,5,5,5,3,2,4,5,5,5,3,5,5,5,5,5,5,5,5,5,5,2,2,5,5,5,5,4,4,4,4,4,4,4,4,3,3,3,3,3,3,3,3","0.00122189521789551","leiden","edit-xhwikibooks.graphml"
"0.32","0.24","0.44","0.411206529730094","1,1,2,2,2,3,2,3,3,3,2,2,3,3,3,3,3,2,4,2,5,1,3,3,3,3,3,3,1,3,2,4,2,2,4,4,3,3,5,5,5,5,1,1,1,1,5,1,1,1,5,5,5,5,5,1,1,1,1,5,3,5,5,3,3,5,5,5,5,5,1,5,3,3,5,5,5,5,5,5,5,3,3,3,3,1,5,5,5,5,3,2,4,5,5,5,3,5,5,5,5,5,5,5,5,5,5,2,2,5,5,5,5,4,4,4,4,4,4,4,4,3,3,3,3,3,3,3,3","0.000980138778686523","leiden","edit-xhwikibooks.graphml"
"0.31","0.25","0.44","0.413044445747579","1,1,2,2,2,3,2,3,3,3,2,2,3,3,3,3,3,2,4,2,5,1,3,3,3,3,3,3,1,3,2,4,2,2,4,4,3,3,5,5,5,5,1,1,1,1,5,1,1,1,5,5,5,5,5,1,1,1,1,5,3,5,5,3,3,5,5,5,5,5,1,5,3,3,5,5,5,5,5,5,5,3,3,3,3,1,5,5,5,5,3,2,4,5,5,5,3,5,5,5,5,5,5,5,5,5,5,2,2,5,5,5,5,4,4,4,4,4,4,4,4,3,3,3,3,3,3,3,3","0.00082087516784668","leiden","edit-xhwikibooks.graphml"
"0.3","0.26","0.44","0.413044445747579","1,1,2,2,2,3,2,3,3,3,2,2,3,3,3,3,3,2,4,2,5,1,3,3,3,3,3,3,1,3,2,4,2,2,4,4,3,3,5,5,5,5,1,1,1,1,5,1,1,1,5,5,5,5,5,1,1,1,1,5,3,5,5,3,3,5,5,5,5,5,1,5,3,3,5,5,5,5,5,5,5,3,3,3,3,1,5,5,5,5,3,2,4,5,5,5,3,5,5,5,5,5,5,5,5,5,5,2,2,5,5,5,5,4,4,4,4,4,4,4,4,3,3,3,3,3,3,3,3","0.000805854797363281","leiden","edit-xhwikibooks.graphml"
"0.29","0.27","0.44","0.413044445747579","1,1,2,2,2,3,2,3,3,3,2,2,3,3,3,3,3,2,4,2,5,1,3,3,3,3,3,3,1,3,2,4,2,2,4,4,3,3,5,5,5,5,1,1,1,1,5,1,1,1,5,5,5,5,5,1,1,1,1,5,3,5,5,3,3,5,5,5,5,5,1,5,3,3,5,5,5,5,5,5,5,3,3,3,3,1,5,5,5,5,3,2,4,5,5,5,3,5,5,5,5,5,5,5,5,5,5,2,2,5,5,5,5,4,4,4,4,4,4,4,4,3,3,3,3,3,3,3,3","0.000807046890258789","leiden","edit-xhwikibooks.graphml"
"0.28","0.28","0.44","0.412813321977593","1,1,2,2,2,3,2,3,3,3,2,2,3,3,3,3,3,2,4,2,5,1,3,3,3,3,3,3,1,3,2,4,2,2,4,4,3,3,5,5,5,5,1,1,1,1,5,1,1,1,5,5,5,5,5,1,1,1,1,5,3,5,5,3,3,5,5,5,5,5,1,5,3,3,5,5,5,5,5,5,5,3,3,3,3,1,5,5,5,5,3,2,4,5,5,5,3,5,5,5,5,5,5,5,5,5,5,2,2,5,5,5,5,4,4,4,4,4,4,4,4,3,3,3,3,3,3,3,3","0.000821113586425781","leiden","edit-xhwikibooks.graphml"
"0.27","0.29","0.44","0.401029552679699","1,1,2,2,2,3,2,3,3,3,2,2,3,3,3,3,3,2,4,2,5,1,3,3,3,3,3,3,1,3,2,4,2,2,4,4,3,3,5,5,5,5,1,1,1,1,5,1,1,1,5,5,5,5,5,1,1,1,1,5,3,5,5,3,3,5,5,5,5,5,1,5,3,3,5,5,5,5,5,5,5,3,3,3,3,1,5,5,5,5,3,2,4,5,5,5,3,5,5,5,5,5,5,5,5,5,5,2,2,5,5,5,5,4,4,4,4,4,4,4,4,3,3,3,3,3,3,3,3","0.000808954238891602","leiden","edit-xhwikibooks.graphml"
"0.26","0.3","0.44","0.400799972601112","1,1,2,2,2,3,2,3,3,3,2,2,3,3,3,3,3,2,4,2,5,1,3,3,3,3,3,3,1,3,2,4,2,2,4,4,3,3,5,5,5,5,1,1,1,1,5,1,1,1,5,5,5,5,5,1,1,1,1,5,3,5,5,3,3,5,5,5,5,5,1,5,3,3,5,5,5,5,5,5,5,3,3,3,3,1,5,5,5,5,3,2,4,5,5,5,3,5,5,5,5,5,5,5,5,5,5,2,2,5,5,5,5,4,4,4,4,4,4,4,4,3,3,3,3,3,3,3,3","0.000882863998413086","leiden","edit-xhwikibooks.graphml"
"0.25","0.31","0.44","0.401552774785404","1,1,2,2,2,3,2,3,3,3,2,2,3,3,3,3,3,2,4,2,5,1,3,3,3,3,3,3,1,3,2,4,2,2,4,4,3,3,5,5,5,5,1,1,1,1,5,1,1,1,5,5,5,5,5,1,1,1,1,5,3,5,5,3,3,5,5,5,5,5,1,5,3,3,5,5,5,5,5,5,5,3,3,3,3,1,5,5,5,5,3,2,4,5,5,5,3,5,5,5,5,5,5,5,5,5,5,2,2,5,5,5,5,4,4,4,4,4,4,4,4,3,3,3,3,3,3,3,3","0.000847816467285156","leiden","edit-xhwikibooks.graphml"
"0.24","0.32","0.44","0.402073365656135","1,1,2,2,2,3,2,3,3,3,2,2,3,3,3,3,3,2,4,2,5,1,3,3,3,3,3,3,1,3,2,4,2,2,4,4,3,3,5,5,5,5,1,1,1,1,5,1,1,1,5,5,5,5,5,1,1,1,1,5,3,5,5,3,3,5,5,5,5,5,1,5,3,3,5,5,5,5,5,5,5,3,3,3,3,1,5,5,5,5,3,2,4,5,5,5,3,5,5,5,5,5,5,5,5,5,5,2,2,5,5,5,5,4,4,4,4,4,4,4,4,3,3,3,3,3,3,3,3","0.000840902328491211","leiden","edit-xhwikibooks.graphml"
"0.23","0.33","0.44","0.392149824662159","1,1,1,2,3,2,3,2,2,2,3,3,2,2,2,2,2,3,4,3,5,1,2,2,2,2,2,2,1,2,3,4,3,3,4,4,2,2,5,5,5,5,1,1,1,1,5,1,1,1,5,5,5,5,5,1,1,1,1,5,2,5,5,2,2,5,5,5,5,5,1,5,2,2,5,5,5,5,5,5,5,2,2,2,2,1,5,5,5,5,2,3,4,5,5,5,2,5,5,5,5,5,5,5,5,5,5,3,3,5,5,5,5,4,4,4,4,4,4,4,4,2,2,2,2,2,2,2,2","0.000813961029052734","leiden","edit-xhwikibooks.graphml"
"0.22","0.34","0.44","0.402598687728135","1,1,1,2,3,2,3,2,2,2,3,3,2,2,2,2,2,3,4,3,5,1,2,2,2,2,2,2,1,2,3,4,3,3,4,4,2,2,5,5,5,5,1,1,1,1,5,1,1,1,5,5,5,5,5,1,1,1,1,5,2,5,5,2,2,5,5,5,5,5,1,5,2,2,5,5,5,5,5,5,5,2,2,2,2,1,5,5,5,5,2,3,4,5,5,5,2,5,5,5,5,5,5,5,5,5,5,3,3,5,5,5,5,4,4,4,4,4,4,4,4,2,2,2,2,2,2,2,2","0.000791788101196289","leiden","edit-xhwikibooks.graphml"
"0.21","0.35","0.44","0.402598687728135","1,1,1,2,3,2,3,2,2,2,3,3,2,2,2,2,2,3,4,3,5,1,2,2,2,2,2,2,1,2,3,4,3,3,4,4,2,2,5,5,5,5,1,1,1,1,5,1,1,1,5,5,5,5,5,1,1,1,1,5,2,5,5,2,2,5,5,5,5,5,1,5,2,2,5,5,5,5,5,5,5,2,2,2,2,1,5,5,5,5,2,3,4,5,5,5,2,5,5,5,5,5,5,5,5,5,5,3,3,5,5,5,5,4,4,4,4,4,4,4,4,2,2,2,2,2,2,2,2","0.000818967819213867","leiden","edit-xhwikibooks.graphml"
"0.2","0.36","0.44","0.402369548402451","1,1,1,2,3,2,3,2,2,2,3,3,2,2,2,2,2,3,4,3,5,1,2,2,2,2,2,2,1,2,3,4,3,3,4,4,2,2,5,5,5,5,1,1,1,1,5,1,1,1,5,5,5,5,5,1,1,1,1,5,2,5,5,2,2,5,5,5,5,5,1,5,2,2,5,5,5,5,5,5,5,2,2,2,2,1,5,5,5,5,2,3,4,5,5,5,2,5,5,5,5,5,5,5,5,5,5,3,3,5,5,5,5,4,4,4,4,4,4,4,4,2,2,2,2,2,2,2,2","0.000814914703369141","leiden","edit-xhwikibooks.graphml"
"0.19","0.37","0.44","0.402369548402451","1,1,1,2,3,2,3,2,2,2,3,3,2,2,2,2,2,3,4,3,5,1,2,2,2,2,2,2,1,2,3,4,3,3,4,4,2,2,5,5,5,5,1,1,1,1,5,1,1,1,5,5,5,5,5,1,1,1,1,5,2,5,5,2,2,5,5,5,5,5,1,5,2,2,5,5,5,5,5,5,5,2,2,2,2,1,5,5,5,5,2,3,4,5,5,5,2,5,5,5,5,5,5,5,5,5,5,3,3,5,5,5,5,4,4,4,4,4,4,4,4,2,2,2,2,2,2,2,2","0.000784158706665039","leiden","edit-xhwikibooks.graphml"
"0.18","0.38","0.44","0.402140649260608","1,1,1,2,3,2,3,2,2,2,3,3,2,2,2,2,2,3,4,3,5,1,2,2,2,2,2,2,1,2,3,4,3,3,4,4,2,2,5,5,5,5,1,1,1,1,5,1,1,1,5,5,5,5,5,1,1,1,1,5,2,5,5,2,2,5,5,5,5,5,1,5,2,2,5,5,5,5,5,5,5,2,2,2,2,1,5,5,5,5,2,3,4,5,5,5,2,5,5,5,5,5,5,5,5,5,5,3,3,5,5,5,5,4,4,4,4,4,4,4,4,2,2,2,2,2,2,2,2","0.000808000564575195","leiden","edit-xhwikibooks.graphml"
"0.17","0.39","0.44","0.402884511482746","1,1,1,2,3,2,3,2,2,2,3,3,2,2,2,2,2,3,4,3,5,1,2,2,2,2,2,2,1,2,3,4,3,3,4,4,2,2,5,5,5,5,1,1,1,1,5,1,1,1,5,5,5,5,5,1,1,1,1,5,2,5,5,2,2,5,5,5,5,5,1,5,2,2,5,5,5,5,5,5,5,2,2,2,2,1,5,5,5,5,2,3,4,5,5,5,2,5,5,5,5,5,5,5,5,5,5,3,3,5,5,5,5,4,4,4,4,4,4,4,4,2,2,2,2,2,2,2,2","0.00079798698425293","leiden","edit-xhwikibooks.graphml"
"0.16","0.4","0.44","0.404055314801894","1,1,1,2,3,2,3,2,2,2,3,3,2,2,2,2,2,3,4,3,5,1,2,2,2,2,2,2,1,2,3,4,3,3,4,4,2,2,5,5,5,5,1,1,1,1,5,1,1,1,5,5,5,5,5,1,1,1,1,5,2,5,5,2,2,5,5,5,5,5,1,5,2,2,5,5,5,5,5,5,5,2,2,2,2,1,5,5,5,5,2,3,4,5,5,5,2,5,5,5,5,5,5,5,5,5,5,3,3,5,5,5,5,4,4,4,4,4,4,4,4,2,2,2,2,2,2,2,2","0.000815153121948242","leiden","edit-xhwikibooks.graphml"
"0.15","0.41","0.44","0.401911989982393","1,1,1,2,3,2,3,2,2,2,3,3,2,2,2,2,2,3,4,3,5,1,2,2,2,2,2,2,1,2,3,4,3,3,4,4,2,2,5,5,5,5,1,1,1,1,5,1,1,1,5,5,5,5,5,1,1,1,1,5,2,5,5,2,2,5,5,5,5,5,1,5,2,2,5,5,5,5,5,5,5,2,2,2,2,1,5,5,5,5,2,3,4,5,5,5,2,5,5,5,5,5,5,5,5,5,5,3,3,5,5,5,5,4,4,4,4,4,4,4,4,2,2,2,2,2,2,2,2","0.000794887542724609","leiden","edit-xhwikibooks.graphml"
"0.14","0.42","0.44","0.401683570247934","1,1,1,2,3,2,3,2,2,2,3,3,2,2,2,2,2,3,4,3,5,1,2,2,2,2,2,2,1,2,3,4,3,3,4,4,2,2,5,5,5,5,1,1,1,1,5,1,1,1,5,5,5,5,5,1,1,1,1,5,2,5,5,2,2,5,5,5,5,5,1,5,2,2,5,5,5,5,5,5,5,2,2,2,2,1,5,5,5,5,2,3,4,5,5,5,2,5,5,5,5,5,5,5,5,5,5,3,3,5,5,5,5,4,4,4,4,4,4,4,4,2,2,2,2,2,2,2,2","0.000823020935058594","leiden","edit-xhwikibooks.graphml"
"0.13","0.43","0.44","0.403128162693572","1,1,1,2,3,2,3,2,2,2,3,3,2,2,2,2,2,3,4,3,5,1,2,2,2,2,2,2,1,2,3,4,3,3,4,4,2,2,5,5,5,5,1,1,1,1,5,1,1,1,5,5,5,5,5,1,1,1,1,5,2,5,5,2,2,5,5,5,5,5,1,5,2,2,5,5,5,5,5,5,5,2,2,2,2,1,5,5,5,5,2,3,4,5,5,5,2,5,5,5,5,5,5,5,5,5,5,3,3,5,5,5,5,4,4,4,4,4,4,4,4,2,2,2,2,2,2,2,2","0.000833988189697266","leiden","edit-xhwikibooks.graphml"
"0.12","0.44","0.44","0.402899808519109","1,1,1,2,3,2,3,2,2,2,3,3,2,2,2,2,2,3,4,3,5,1,2,2,2,2,2,2,1,2,3,4,3,3,4,4,2,2,5,5,5,5,1,1,1,1,5,1,1,1,5,5,5,5,5,1,1,1,1,5,2,5,5,2,2,5,5,5,5,5,1,5,2,2,5,5,5,5,5,5,5,2,2,2,2,1,5,5,5,5,2,3,4,5,5,5,2,5,5,5,5,5,5,5,5,5,5,3,3,5,5,5,5,4,4,4,4,4,4,4,4,2,2,2,2,2,2,2,2","0.00158405303955078","leiden","edit-xhwikibooks.graphml"
"0.11","0.45","0.44","0.401092815417962","1,1,1,2,3,2,3,2,2,2,3,3,2,2,2,2,2,3,4,3,5,1,2,2,2,2,2,2,1,2,3,4,3,3,4,4,2,2,5,5,5,5,1,1,1,1,5,1,1,1,5,5,5,5,5,1,1,1,1,5,6,5,5,2,2,5,5,5,5,5,1,5,2,2,5,5,5,5,5,5,5,2,2,2,2,7,5,5,5,5,8,9,10,5,5,5,2,5,5,5,5,5,5,5,5,5,5,3,3,5,5,5,5,4,4,4,4,4,4,4,4,2,2,2,2,2,2,2,2","0.00145506858825684","leiden","edit-xhwikibooks.graphml"
"0.1","0.46","0.44","0.40073547107438","1,1,1,2,1,2,3,2,2,2,3,4,2,2,2,2,2,3,3,4,5,1,2,2,2,2,2,2,1,2,3,3,4,4,3,3,2,2,5,5,5,5,1,1,1,1,5,1,1,1,5,5,5,5,5,1,1,1,1,5,6,5,5,2,2,5,5,5,5,5,1,5,2,2,5,5,5,5,5,5,5,2,2,2,2,7,5,5,5,5,8,9,10,5,5,5,2,5,5,5,5,5,5,5,5,5,5,4,4,5,5,5,5,3,3,3,3,3,3,3,3,2,2,2,2,2,2,2,2","0.00155401229858398","leiden","edit-xhwikibooks.graphml"
"0.09","0.47","0.44","0.401610403850054","1,1,1,2,3,2,3,2,2,2,3,3,2,2,2,2,2,3,4,3,5,1,2,2,2,2,2,2,1,2,3,4,3,3,4,4,2,2,5,5,5,5,1,1,1,1,5,1,1,1,5,5,5,5,5,1,1,1,1,5,6,5,5,2,2,5,5,5,5,5,1,5,2,2,5,5,5,5,5,5,5,2,2,2,2,7,5,5,5,5,8,9,10,5,5,5,2,5,5,5,5,5,5,5,5,5,5,3,3,5,5,5,5,4,4,4,4,4,4,4,4,2,2,2,2,2,2,2,2","0.00190591812133789","leiden","edit-xhwikibooks.graphml"
"0.08","0.48","0.44","0.40138223717901","1,1,1,2,3,2,3,2,2,2,3,3,2,2,2,2,2,3,4,3,5,1,2,2,2,2,2,2,1,2,3,4,3,3,4,4,2,2,5,5,5,5,1,1,1,1,5,1,1,1,5,5,5,5,5,1,1,1,1,5,6,5,5,2,2,5,5,5,5,5,1,5,2,2,5,5,5,5,5,5,5,2,2,2,2,7,5,5,5,5,8,9,10,5,5,5,2,5,5,5,5,5,5,5,5,5,5,3,3,5,5,5,5,4,4,4,4,4,4,4,4,2,2,2,2,2,2,2,2","0.00130796432495117","leiden","edit-xhwikibooks.graphml"
"0.07","0.49","0.44","0.40138223717901","1,1,1,2,3,2,3,2,2,2,3,3,2,2,2,2,2,3,4,3,5,1,2,2,2,2,2,2,1,2,3,4,3,3,4,4,2,2,5,5,5,5,1,1,1,1,5,1,1,1,5,5,5,5,5,1,1,1,1,5,6,5,5,2,2,5,5,5,5,5,1,5,2,2,5,5,5,5,5,5,5,2,2,2,2,7,5,5,5,5,8,9,10,5,5,5,2,5,5,5,5,5,5,5,5,5,5,3,3,5,5,5,5,4,4,4,4,4,4,4,4,2,2,2,2,2,2,2,2","0.000824928283691406","leiden","edit-xhwikibooks.graphml"
"0.06","0.5","0.44","0.431057018402796","1,1,1,2,3,2,3,2,2,2,3,3,2,2,2,2,2,3,4,3,5,1,2,2,2,2,2,2,1,2,3,4,3,3,4,4,2,2,5,5,5,5,1,1,1,1,5,1,1,1,5,5,5,5,5,1,1,1,1,5,6,5,5,2,2,5,5,5,5,5,1,5,2,2,5,5,5,5,5,5,5,2,2,2,2,7,5,5,5,5,8,9,10,5,5,5,2,5,5,5,5,5,5,5,5,5,5,3,3,5,5,5,5,4,4,4,4,4,4,4,4,2,2,2,2,2,2,2,2","0.000848054885864258","leiden","edit-xhwikibooks.graphml"
"0.05","0.51","0.44","0.431057018402796","1,1,1,2,3,2,3,2,2,2,3,3,2,2,2,2,2,3,4,3,5,1,2,2,2,2,2,2,1,2,3,4,3,3,4,4,2,2,5,5,5,5,1,1,1,1,5,1,1,1,5,5,5,5,5,1,1,1,1,5,6,5,5,2,2,5,5,5,5,5,1,5,2,2,5,5,5,5,5,5,5,2,2,2,2,7,5,5,5,5,8,9,10,5,5,5,2,5,5,5,5,5,5,5,5,5,5,3,3,5,5,5,5,4,4,4,4,4,4,4,4,2,2,2,2,2,2,2,2","0.000810146331787109","leiden","edit-xhwikibooks.graphml"
"0.04","0.52","0.44","0.432416351707486","1,1,1,2,3,2,3,2,2,2,3,3,2,2,2,2,2,3,4,3,5,1,2,2,2,2,2,2,1,2,3,4,3,3,4,4,2,2,5,5,5,5,1,1,1,1,5,1,1,1,5,5,5,5,5,1,1,1,1,5,6,5,5,2,2,5,5,5,5,5,1,5,2,2,5,5,5,5,5,5,5,2,2,2,2,7,5,5,5,5,8,9,10,5,5,5,2,5,5,5,5,5,5,5,5,5,5,3,3,5,5,5,5,4,4,4,4,4,4,4,4,2,2,2,2,2,2,2,2","0.00101709365844727","leiden","edit-xhwikibooks.graphml"
"0.03","0.53","0.44","0.423790867834587","1,1,1,2,3,2,3,2,2,2,3,3,2,2,2,2,2,3,4,3,5,1,2,2,2,2,2,2,1,2,3,4,3,3,4,4,2,2,5,5,5,5,1,1,1,1,5,1,1,1,5,5,5,5,5,1,1,1,1,5,6,5,5,2,2,5,5,5,5,5,1,5,2,2,5,5,5,5,5,5,5,2,2,2,2,7,5,5,5,5,8,9,10,5,5,5,2,5,5,5,5,5,5,5,5,5,5,3,3,5,5,5,5,4,4,4,4,4,4,4,4,2,2,2,2,2,2,2,2","0.000808000564575195","leiden","edit-xhwikibooks.graphml"
"0.02","0.54","0.44","0.424483952220033","1,1,1,2,3,2,3,2,2,2,3,3,2,2,2,2,2,3,4,3,5,1,2,2,2,2,2,2,1,2,3,4,3,3,4,4,2,2,5,5,5,5,1,1,1,1,5,1,1,1,5,5,5,5,5,1,1,1,1,5,6,5,5,2,2,5,5,5,5,5,1,5,2,2,5,5,5,5,5,5,5,2,2,2,2,7,5,5,5,5,8,9,10,5,5,5,2,5,5,5,5,5,5,5,5,5,5,3,3,5,5,5,5,4,4,4,4,4,4,4,4,2,2,2,2,2,2,2,2","0.000817775726318359","leiden","edit-xhwikibooks.graphml"
"0.01","0.55","0.44","0.424253374519105","1,1,1,2,3,2,3,2,2,2,3,3,2,2,2,2,2,3,4,3,5,1,2,2,2,2,2,2,1,2,3,4,3,3,4,4,2,2,5,5,5,5,1,1,1,1,5,1,1,1,5,5,5,5,5,1,1,1,1,5,6,5,5,2,2,5,5,5,5,5,1,5,2,2,5,5,5,5,5,5,5,2,2,2,2,7,5,5,5,5,8,9,10,5,5,5,2,5,5,5,5,5,5,5,5,5,5,3,3,5,5,5,5,4,4,4,4,4,4,4,4,2,2,2,2,2,2,2,2","0.000839948654174805","leiden","edit-xhwikibooks.graphml"
"0","0.56","0.44","0.427663883523817","1,1,1,1,1,2,3,2,2,2,3,3,2,2,2,2,2,3,4,3,5,1,2,2,2,2,2,2,1,2,3,4,3,3,4,4,2,2,5,5,5,5,1,1,1,1,5,1,1,1,5,5,5,5,5,1,1,1,1,5,6,5,5,2,2,5,5,5,5,5,1,5,2,2,5,5,5,5,5,5,5,2,2,2,2,7,5,5,5,5,8,9,10,5,5,5,2,5,5,5,5,5,5,5,5,5,5,3,3,5,5,5,5,4,4,4,4,4,4,4,4,2,2,2,2,2,2,2,2","0.000851869583129883","leiden","edit-xhwikibooks.graphml"
"0.55","0","0.45","0.404719394606122","1,1,2,3,2,3,2,3,3,3,2,2,3,3,3,3,3,2,4,2,5,1,3,3,3,3,3,3,1,3,2,4,2,2,4,4,3,3,5,5,5,5,1,1,1,1,5,1,1,1,5,5,5,5,5,1,1,1,1,5,3,5,5,3,3,5,5,5,5,5,1,5,3,3,5,5,5,5,5,5,5,3,3,3,3,1,5,5,5,5,3,2,4,5,5,5,3,5,5,5,5,5,5,5,5,5,5,2,2,5,5,5,5,4,4,4,4,4,4,4,4,3,3,3,3,3,3,3,3","0.000774145126342773","leiden","edit-xhwikibooks.graphml"
"0.54","0.01","0.45","0.404719394606122","1,1,2,3,2,3,2,3,3,3,2,2,3,3,3,3,3,2,4,2,5,1,3,3,3,3,3,3,1,3,2,4,2,2,4,4,3,3,5,5,5,5,1,1,1,1,5,1,1,1,5,5,5,5,5,1,1,1,1,5,3,5,5,3,3,5,5,5,5,5,1,5,3,3,5,5,5,5,5,5,5,3,3,3,3,1,5,5,5,5,3,2,4,5,5,5,3,5,5,5,5,5,5,5,5,5,5,2,2,5,5,5,5,4,4,4,4,4,4,4,4,3,3,3,3,3,3,3,3","0.000765085220336914","leiden","edit-xhwikibooks.graphml"
"0.53","0.02","0.45","0.404719394606122","1,1,2,3,2,3,2,3,3,3,2,2,3,3,3,3,3,2,4,2,5,1,3,3,3,3,3,3,1,3,2,4,2,2,4,4,3,3,5,5,5,5,1,1,1,1,5,1,1,1,5,5,5,5,5,1,1,1,1,5,3,5,5,3,3,5,5,5,5,5,1,5,3,3,5,5,5,5,5,5,5,3,3,3,3,1,5,5,5,5,3,2,4,5,5,5,3,5,5,5,5,5,5,5,5,5,5,2,2,5,5,5,5,4,4,4,4,4,4,4,4,3,3,3,3,3,3,3,3","0.000765085220336914","leiden","edit-xhwikibooks.graphml"
"0.52","0.03","0.45","0.404497306016555","1,1,2,3,2,3,2,3,3,3,2,2,3,3,3,3,3,2,4,2,5,1,3,3,3,3,3,3,1,3,2,4,2,2,4,4,3,3,5,5,5,5,1,1,1,1,5,1,1,1,5,5,5,5,5,1,1,1,1,5,3,5,5,3,3,5,5,5,5,5,1,5,3,3,5,5,5,5,5,5,5,3,3,3,3,1,5,5,5,5,3,2,4,5,5,5,3,5,5,5,5,5,5,5,5,5,5,2,2,5,5,5,5,4,4,4,4,4,4,4,4,3,3,3,3,3,3,3,3","0.000779867172241211","leiden","edit-xhwikibooks.graphml"
"0.51","0.04","0.45","0.404497306016555","1,1,2,3,2,3,2,3,3,3,2,2,3,3,3,3,3,2,4,2,5,1,3,3,3,3,3,3,1,3,2,4,2,2,4,4,3,3,5,5,5,5,1,1,1,1,5,1,1,1,5,5,5,5,5,1,1,1,1,5,3,5,5,3,3,5,5,5,5,5,1,5,3,3,5,5,5,5,5,5,5,3,3,3,3,1,5,5,5,5,3,2,4,5,5,5,3,5,5,5,5,5,5,5,5,5,5,2,2,5,5,5,5,4,4,4,4,4,4,4,4,3,3,3,3,3,3,3,3","0.00077509880065918","leiden","edit-xhwikibooks.graphml"
"0.5","0.05","0.45","0.404275441380678","1,1,2,3,2,3,2,3,3,3,2,2,3,3,3,3,3,2,4,2,5,1,3,3,3,3,3,3,1,3,2,4,2,2,4,4,3,3,5,5,5,5,1,1,1,1,5,1,1,1,5,5,5,5,5,1,1,1,1,5,3,5,5,3,3,5,5,5,5,5,1,5,3,3,5,5,5,5,5,5,5,3,3,3,3,1,5,5,5,5,3,2,4,5,5,5,3,5,5,5,5,5,5,5,5,5,5,2,2,5,5,5,5,4,4,4,4,4,4,4,4,3,3,3,3,3,3,3,3","0.000814914703369141","leiden","edit-xhwikibooks.graphml"
"0.49","0.06","0.45","0.403594924613657","1,1,2,3,2,3,2,3,3,3,2,2,3,3,3,3,3,2,4,2,5,1,3,3,3,3,3,3,1,3,2,4,2,2,4,4,3,3,5,5,5,5,1,1,1,1,5,1,1,1,5,5,5,5,5,1,1,1,1,5,3,5,5,3,3,5,5,5,5,5,1,5,3,3,5,5,5,5,5,5,5,3,3,3,3,1,5,5,5,5,3,2,4,5,5,5,3,5,5,5,5,5,5,5,5,5,5,2,2,5,5,5,5,4,4,4,4,4,4,4,4,3,3,3,3,3,3,3,3","0.000794887542724609","leiden","edit-xhwikibooks.graphml"
"0.48","0.07","0.45","0.403373338623289","1,1,2,3,2,3,2,3,3,3,2,2,3,3,3,3,3,2,4,2,5,1,3,3,3,3,3,3,1,3,2,4,2,2,4,4,3,3,5,5,5,5,1,1,1,1,5,1,1,1,5,5,5,5,5,1,1,1,1,5,3,5,5,3,3,5,5,5,5,5,1,5,3,3,5,5,5,5,5,5,5,3,3,3,3,1,5,5,5,5,3,2,4,5,5,5,3,5,5,5,5,5,5,5,5,5,5,2,2,5,5,5,5,4,4,4,4,4,4,4,4,3,3,3,3,3,3,3,3","0.000958919525146484","leiden","edit-xhwikibooks.graphml"
"0.47","0.08","0.45","0.404088466904149","1,1,2,3,2,3,2,3,3,3,2,2,3,3,3,3,3,2,4,2,5,1,3,3,3,3,3,3,1,3,2,4,2,2,4,4,3,3,5,5,5,5,1,1,1,1,5,1,1,1,5,5,5,5,5,1,1,1,1,5,3,5,5,3,3,5,5,5,5,5,1,5,3,3,5,5,5,5,5,5,5,3,3,3,3,1,5,5,5,5,3,2,4,5,5,5,3,5,5,5,5,5,5,5,5,5,5,2,2,5,5,5,5,4,4,4,4,4,4,4,4,3,3,3,3,3,3,3,3","0.00109195709228516","leiden","edit-xhwikibooks.graphml"
"0.46","0.09","0.45","0.4038670005796","1,1,2,3,2,3,2,3,3,3,2,2,3,3,3,3,3,2,4,2,5,1,3,3,3,3,3,3,1,3,2,4,2,2,4,4,3,3,5,5,5,5,1,1,1,1,5,1,1,1,5,5,5,5,5,1,1,1,1,5,3,5,5,3,3,5,5,5,5,5,1,5,3,3,5,5,5,5,5,5,5,3,3,3,3,1,5,5,5,5,3,2,4,5,5,5,3,5,5,5,5,5,5,5,5,5,5,2,2,5,5,5,5,4,4,4,4,4,4,4,4,3,3,3,3,3,3,3,3","0.000794172286987305","leiden","edit-xhwikibooks.graphml"
"0.45","0.1","0.45","0.404579617359423","1,1,2,3,2,3,2,3,3,3,2,2,3,3,3,3,3,2,4,2,5,1,3,3,3,3,3,3,1,3,2,4,2,2,4,4,3,3,5,5,5,5,1,1,1,1,5,1,1,1,5,5,5,5,5,1,1,1,1,5,3,5,5,3,3,5,5,5,5,5,1,5,3,3,5,5,5,5,5,5,5,3,3,3,3,1,5,5,5,5,3,2,4,5,5,5,3,5,5,5,5,5,5,5,5,5,5,2,2,5,5,5,5,4,4,4,4,4,4,4,4,3,3,3,3,3,3,3,3","0.000774860382080078","leiden","edit-xhwikibooks.graphml"
"0.44","0.11","0.45","0.40506839027393","1,1,2,3,2,3,2,3,3,3,2,2,3,3,3,3,3,2,4,2,5,1,3,3,3,3,3,3,1,3,2,4,2,2,4,4,3,3,5,5,5,5,1,1,1,1,5,1,1,1,5,5,5,5,5,1,1,1,1,5,3,5,5,3,3,5,5,5,5,5,1,5,3,3,5,5,5,5,5,5,5,3,3,3,3,1,5,5,5,5,3,2,4,5,5,5,3,5,5,5,5,5,5,5,5,5,5,2,2,5,5,5,5,4,4,4,4,4,4,4,4,3,3,3,3,3,3,3,3","0.000808000564575195","leiden","edit-xhwikibooks.graphml"
"0.43","0.12","0.45","0.406452002598794","1,1,2,3,2,3,2,3,3,3,2,2,3,3,3,3,3,2,4,2,5,1,3,3,3,3,3,3,1,3,2,4,2,2,4,4,3,3,5,5,5,5,1,1,1,1,5,1,1,1,5,5,5,5,5,1,1,1,1,5,3,5,5,3,3,5,5,5,5,5,1,5,3,3,5,5,5,5,5,5,5,3,3,3,3,1,5,5,5,5,3,2,4,5,5,5,3,5,5,5,5,5,5,5,5,5,5,2,2,5,5,5,5,4,4,4,4,4,4,4,4,3,3,3,3,3,3,3,3","0.000817060470581055","leiden","edit-xhwikibooks.graphml"
"0.42","0.13","0.45","0.406230629506705","1,1,2,3,2,3,2,3,3,3,2,2,3,3,3,3,3,2,4,2,5,1,3,3,3,3,3,3,1,3,2,4,2,2,4,4,3,3,5,5,5,5,1,1,1,1,5,1,1,1,5,5,5,5,5,1,1,1,1,5,3,5,5,3,3,5,5,5,5,5,1,5,3,3,5,5,5,5,5,5,5,3,3,3,3,1,5,5,5,5,3,2,4,5,5,5,3,5,5,5,5,5,5,5,5,5,5,2,2,5,5,5,5,4,4,4,4,4,4,4,4,3,3,3,3,3,3,3,3","0.000782966613769531","leiden","edit-xhwikibooks.graphml"
"0.41","0.14","0.45","0.406230629506705","1,1,2,3,2,3,2,3,3,3,2,2,3,3,3,3,3,2,4,2,5,1,3,3,3,3,3,3,1,3,2,4,2,2,4,4,3,3,5,5,5,5,1,1,1,1,5,1,1,1,5,5,5,5,5,1,1,1,1,5,3,5,5,3,3,5,5,5,5,5,1,5,3,3,5,5,5,5,5,5,5,3,3,3,3,1,5,5,5,5,3,2,4,5,5,5,3,5,5,5,5,5,5,5,5,5,5,2,2,5,5,5,5,4,4,4,4,4,4,4,4,3,3,3,3,3,3,3,3","0.000833034515380859","leiden","edit-xhwikibooks.graphml"
"0.4","0.15","0.45","0.407385432186666","1,1,2,3,2,3,2,3,3,3,2,2,3,3,3,3,3,2,4,2,5,1,3,3,3,3,3,3,1,3,2,4,2,2,4,4,3,3,5,5,5,5,1,1,1,1,5,1,1,1,5,5,5,5,5,1,1,1,1,5,3,5,5,3,3,5,5,5,5,5,1,5,3,3,5,5,5,5,5,5,5,3,3,3,3,1,5,5,5,5,3,2,4,5,5,5,3,5,5,5,5,5,5,5,5,5,5,2,2,5,5,5,5,4,4,4,4,4,4,4,4,3,3,3,3,3,3,3,3","0.00140595436096191","leiden","edit-xhwikibooks.graphml"
"0.39","0.16","0.45","0.416511075833384","1,1,2,3,2,3,2,3,3,3,2,2,3,3,3,3,3,2,4,2,5,1,3,3,3,3,3,3,1,3,2,4,2,2,4,4,3,3,5,5,5,5,1,1,1,1,5,1,1,1,5,5,5,5,5,1,1,1,1,5,3,5,5,3,3,5,5,5,5,5,1,5,3,3,5,5,5,5,5,5,5,3,3,3,3,1,5,5,5,5,3,2,4,5,5,5,3,5,5,5,5,5,5,5,5,5,5,2,2,5,5,5,5,4,4,4,4,4,4,4,4,3,3,3,3,3,3,3,3","0.00099492073059082","leiden","edit-xhwikibooks.graphml"
"0.38","0.17","0.45","0.416987652026463","1,1,2,3,2,3,2,3,3,3,2,2,3,3,3,3,3,2,4,2,5,1,3,3,3,3,3,3,1,3,2,4,2,2,4,4,3,3,5,5,5,5,1,1,1,1,5,1,1,1,5,5,5,5,5,1,1,1,1,5,3,5,5,3,3,5,5,5,5,5,1,5,3,3,5,5,5,5,5,5,5,3,3,3,3,1,5,5,5,5,3,2,4,5,5,5,3,5,5,5,5,5,5,5,5,5,5,2,2,5,5,5,5,4,4,4,4,4,4,4,4,3,3,3,3,3,3,3,3","0.000929832458496094","leiden","edit-xhwikibooks.graphml"
"0.37","0.18","0.45","0.416987652026463","1,1,2,3,2,3,2,3,3,3,2,2,3,3,3,3,3,2,4,2,5,1,3,3,3,3,3,3,1,3,2,4,2,2,4,4,3,3,5,5,5,5,1,1,1,1,5,1,1,1,5,5,5,5,5,1,1,1,1,5,3,5,5,3,3,5,5,5,5,5,1,5,3,3,5,5,5,5,5,5,5,3,3,3,3,1,5,5,5,5,3,2,4,5,5,5,3,5,5,5,5,5,5,5,5,5,5,2,2,5,5,5,5,4,4,4,4,4,4,4,4,3,3,3,3,3,3,3,3","0.000891923904418945","leiden","edit-xhwikibooks.graphml"
"0.36","0.19","0.45","0.417550322853353","1,1,2,3,2,3,2,3,3,3,2,2,3,3,3,3,3,2,4,2,5,1,3,3,3,3,3,3,1,3,2,4,2,2,4,4,3,3,5,5,5,5,1,1,1,1,5,1,1,1,5,5,5,5,5,1,1,1,1,5,3,5,5,3,3,5,5,5,5,5,1,5,3,3,5,5,5,5,5,5,5,3,3,3,3,1,5,5,5,5,3,2,4,5,5,5,3,5,5,5,5,5,5,5,5,5,5,2,2,5,5,5,5,4,4,4,4,4,4,4,4,3,3,3,3,3,3,3,3","0.000899076461791992","leiden","edit-xhwikibooks.graphml"
"0.35","0.2","0.45","0.418897518042671","1,1,2,3,2,3,2,3,3,3,2,2,3,3,3,3,3,2,4,2,5,1,3,3,3,3,3,3,1,3,2,4,2,2,4,4,3,3,5,5,5,5,1,1,1,1,5,1,1,1,5,5,5,5,5,1,1,1,1,5,3,5,5,3,3,5,5,5,5,5,1,5,3,3,5,5,5,5,5,5,5,3,3,3,3,1,5,5,5,5,3,2,4,5,5,5,3,5,5,5,5,5,5,5,5,5,5,2,2,5,5,5,5,4,4,4,4,4,4,4,4,3,3,3,3,3,3,3,3","0.00116395950317383","leiden","edit-xhwikibooks.graphml"
"0.34","0.21","0.45","0.417960088116337","1,1,2,3,2,3,2,3,3,3,2,2,3,3,3,3,3,2,4,2,5,1,3,3,3,3,3,3,1,3,2,4,2,2,4,4,3,3,5,5,5,5,1,1,1,1,5,1,1,1,5,5,5,5,5,1,1,1,1,5,3,5,5,3,3,5,5,5,5,5,1,5,3,3,5,5,5,5,5,5,5,3,3,3,3,1,5,5,5,5,3,2,4,5,5,5,3,5,5,5,5,5,5,5,5,5,5,2,2,5,5,5,5,4,4,4,4,4,4,4,4,3,3,3,3,3,3,3,3","0.000873088836669922","leiden","edit-xhwikibooks.graphml"
"0.33","0.22","0.45","0.417960088116337","1,1,2,3,2,3,2,3,3,3,2,2,3,3,3,3,3,2,4,2,5,1,3,3,3,3,3,3,1,3,2,4,2,2,4,4,3,3,5,5,5,5,1,1,1,1,5,1,1,1,5,5,5,5,5,1,1,1,1,5,3,5,5,3,3,5,5,5,5,5,1,5,3,3,5,5,5,5,5,5,5,3,3,3,3,1,5,5,5,5,3,2,4,5,5,5,3,5,5,5,5,5,5,5,5,5,5,2,2,5,5,5,5,4,4,4,4,4,4,4,4,3,3,3,3,3,3,3,3","0.000893115997314453","leiden","edit-xhwikibooks.graphml"
"0.32","0.23","0.45","0.419101484794155","1,1,2,3,2,3,2,3,3,3,2,2,3,3,3,3,3,2,4,2,5,1,3,3,3,3,3,3,1,3,2,4,2,2,4,4,3,3,5,5,5,5,1,1,1,1,5,1,1,1,5,5,5,5,5,1,1,1,1,5,3,5,5,3,3,5,5,5,5,5,1,5,3,3,5,5,5,5,5,5,5,3,3,3,3,1,5,5,5,5,3,2,4,5,5,5,3,5,5,5,5,5,5,5,5,5,5,2,2,5,5,5,5,4,4,4,4,4,4,4,4,3,3,3,3,3,3,3,3","0.000883102416992188","leiden","edit-xhwikibooks.graphml"
"0.31","0.24","0.45","0.419804207540626","1,1,2,3,2,3,2,3,3,3,2,2,3,3,3,3,3,2,4,2,5,1,3,3,3,3,3,3,1,3,2,4,2,2,4,4,3,3,5,5,5,5,1,1,1,1,5,1,1,1,5,5,5,5,5,1,1,1,1,5,3,5,5,3,3,5,5,5,5,5,1,5,3,3,5,5,5,5,5,5,5,3,3,3,3,1,5,5,5,5,3,2,4,5,5,5,3,5,5,5,5,5,5,5,5,5,5,2,2,5,5,5,5,4,4,4,4,4,4,4,4,3,3,3,3,3,3,3,3","0.000936985015869141","leiden","edit-xhwikibooks.graphml"
"0.3","0.25","0.45","0.421564426810946","1,1,2,3,2,3,2,3,3,3,2,2,3,3,3,3,3,2,4,2,5,1,3,3,3,3,3,3,1,3,2,4,2,2,4,4,3,3,5,5,5,5,1,1,1,1,5,1,1,1,5,5,5,5,5,1,1,1,1,5,3,5,5,3,3,5,5,5,5,5,1,5,3,3,5,5,5,5,5,5,5,3,3,3,3,1,5,5,5,5,3,2,4,5,5,5,3,5,5,5,5,5,5,5,5,5,5,2,2,5,5,5,5,4,4,4,4,4,4,4,4,3,3,3,3,3,3,3,3","0.000880002975463867","leiden","edit-xhwikibooks.graphml"
"0.29","0.26","0.45","0.417758656384245","1,1,2,2,2,3,2,3,3,3,2,2,3,3,3,3,3,2,4,2,5,1,3,3,3,3,3,3,1,3,2,4,2,2,4,4,3,3,5,5,5,5,1,1,1,1,5,1,1,1,5,5,5,5,5,1,1,1,1,5,3,5,5,3,3,5,5,5,5,5,1,5,3,3,5,5,5,5,5,5,5,3,3,3,3,1,5,5,5,5,3,2,4,5,5,5,3,5,5,5,5,5,5,5,5,5,5,2,2,5,5,5,5,4,4,4,4,4,4,4,4,3,3,3,3,3,3,3,3","0.00085902214050293","leiden","edit-xhwikibooks.graphml"
"0.28","0.27","0.45","0.417758656384245","1,1,2,2,2,3,2,3,3,3,2,2,3,3,3,3,3,2,4,2,5,1,3,3,3,3,3,3,1,3,2,4,2,2,4,4,3,3,5,5,5,5,1,1,1,1,5,1,1,1,5,5,5,5,5,1,1,1,1,5,3,5,5,3,3,5,5,5,5,5,1,5,3,3,5,5,5,5,5,5,5,3,3,3,3,1,5,5,5,5,3,2,4,5,5,5,3,5,5,5,5,5,5,5,5,5,5,2,2,5,5,5,5,4,4,4,4,4,4,4,4,3,3,3,3,3,3,3,3","0.000802993774414062","leiden","edit-xhwikibooks.graphml"
"0.27","0.28","0.45","0.417527227772664","1,1,2,2,2,3,2,3,3,3,2,2,3,3,3,3,3,2,4,2,5,1,3,3,3,3,3,3,1,3,2,4,2,2,4,4,3,3,5,5,5,5,1,1,1,1,5,1,1,1,5,5,5,5,5,1,1,1,1,5,3,5,5,3,3,5,5,5,5,5,1,5,3,3,5,5,5,5,5,5,5,3,3,3,3,1,5,5,5,5,3,2,4,5,5,5,3,5,5,5,5,5,5,5,5,5,5,2,2,5,5,5,5,4,4,4,4,4,4,4,4,3,3,3,3,3,3,3,3","0.000921964645385742","leiden","edit-xhwikibooks.graphml"
"0.26","0.29","0.45","0.4187883835133","1,1,2,2,2,2,2,3,3,2,2,2,3,3,3,2,2,2,4,2,5,1,3,3,3,3,3,2,1,2,2,4,2,2,4,4,3,3,5,5,5,5,1,1,1,1,5,1,1,1,5,5,5,5,5,1,1,1,1,5,3,5,5,3,3,5,5,5,5,5,1,5,3,3,5,5,5,5,5,5,5,3,2,2,2,1,5,5,5,5,2,2,4,5,5,5,2,5,5,5,5,5,5,5,5,5,5,2,2,5,5,5,5,4,4,4,4,4,4,4,4,3,3,3,3,3,3,3,3","0.000935077667236328","leiden","edit-xhwikibooks.graphml"
"0.25","0.3","0.45","0.418669940244005","1,1,2,2,2,3,2,3,3,3,2,2,3,3,3,3,3,2,4,2,5,1,3,3,3,3,3,3,1,3,2,4,2,2,4,4,3,3,5,5,5,5,1,1,1,1,5,1,1,1,5,5,5,5,5,1,1,1,1,5,3,5,5,3,3,5,5,5,5,5,1,5,3,3,5,5,5,5,5,5,5,3,3,3,3,1,5,5,5,5,3,2,4,5,5,5,3,5,5,5,5,5,5,5,5,5,5,2,2,5,5,5,5,4,4,4,4,4,4,4,4,3,3,3,3,3,3,3,3","0.000812053680419922","leiden","edit-xhwikibooks.graphml"
"0.24","0.31","0.45","0.415174302254524","1,1,2,2,2,3,2,3,3,3,2,2,3,3,3,3,3,2,4,2,5,1,3,3,3,3,3,3,1,3,2,4,2,2,4,4,3,3,5,5,5,5,1,1,1,1,5,1,1,1,5,5,5,5,5,1,1,1,1,5,3,5,5,3,3,5,5,5,5,5,1,5,3,3,5,5,5,5,5,5,5,3,3,3,3,1,5,5,5,5,3,2,4,5,5,5,3,5,5,5,5,5,5,5,5,5,5,2,2,5,5,5,5,4,4,4,4,4,4,4,4,3,3,3,3,3,3,3,3","0.000850915908813477","leiden","edit-xhwikibooks.graphml"
"0.23","0.32","0.45","0.414943584700585","1,1,2,2,2,3,2,3,3,3,2,2,3,3,3,3,3,2,4,2,5,1,3,3,3,3,3,3,1,3,2,4,2,2,4,4,3,3,5,5,5,5,1,1,1,1,5,1,1,1,5,5,5,5,5,1,1,1,1,5,3,5,5,3,3,5,5,5,5,5,1,5,3,3,5,5,5,5,5,5,5,3,3,3,3,1,5,5,5,5,3,2,4,5,5,5,3,5,5,5,5,5,5,5,5,5,5,2,2,5,5,5,5,4,4,4,4,4,4,4,4,3,3,3,3,3,3,3,3","0.000878095626831055","leiden","edit-xhwikibooks.graphml"
"0.22","0.33","0.45","0.414943584700585","1,1,2,2,2,3,2,3,3,3,2,2,3,3,3,3,3,2,4,2,5,1,3,3,3,3,3,3,1,3,2,4,2,2,4,4,3,3,5,5,5,5,1,1,1,1,5,1,1,1,5,5,5,5,5,1,1,1,1,5,3,5,5,3,3,5,5,5,5,5,1,5,3,3,5,5,5,5,5,5,5,3,3,3,3,1,5,5,5,5,3,2,4,5,5,5,3,5,5,5,5,5,5,5,5,5,5,2,2,5,5,5,5,4,4,4,4,4,4,4,4,3,3,3,3,3,3,3,3","0.000762939453125","leiden","edit-xhwikibooks.graphml"
"0.21","0.34","0.45","0.424577956206229","1,1,2,2,2,2,2,3,3,2,2,2,3,3,3,2,2,2,4,2,5,1,3,3,3,3,3,2,1,2,2,4,2,2,4,4,3,3,5,5,5,5,1,1,1,1,5,1,1,1,5,5,5,5,5,1,1,1,1,5,3,5,5,3,3,5,5,5,5,5,1,5,3,3,5,5,5,5,5,5,5,3,2,2,2,1,5,5,5,5,2,2,4,5,5,5,2,5,5,5,5,5,5,5,5,5,5,2,2,5,5,5,5,4,4,4,4,4,4,4,4,3,3,3,3,3,3,3,3","0.000803947448730469","leiden","edit-xhwikibooks.graphml"
"0.2","0.35","0.45","0.424594166740543","1,1,2,2,2,3,2,3,3,3,2,2,3,3,3,3,3,2,4,2,5,1,3,3,3,3,3,3,1,3,2,4,2,2,4,4,3,3,5,5,5,5,1,1,1,1,5,1,1,1,5,5,5,5,5,1,1,1,1,5,3,5,5,3,3,5,5,5,5,5,1,5,3,3,5,5,5,5,5,5,5,3,3,3,3,1,5,5,5,5,3,2,4,5,5,5,3,5,5,5,5,5,5,5,5,5,5,2,2,5,5,5,5,4,4,4,4,4,4,4,4,3,3,3,3,3,3,3,3","0.000877857208251953","leiden","edit-xhwikibooks.graphml"
"0.19","0.36","0.45","0.41518472758951","1,1,1,2,3,2,3,2,2,2,3,3,2,2,2,2,2,3,4,3,5,1,2,2,2,2,2,2,1,2,3,4,3,3,4,4,2,2,5,5,5,5,1,1,1,1,5,1,1,1,5,5,5,5,5,1,1,1,1,5,2,5,5,2,2,5,5,5,5,5,1,5,2,2,5,5,5,5,5,5,5,2,2,2,2,1,5,5,5,5,2,3,4,5,5,5,2,5,5,5,5,5,5,5,5,5,5,3,3,5,5,5,5,4,4,4,4,4,4,4,4,2,2,2,2,2,2,2,2","0.000941991806030273","leiden","edit-xhwikibooks.graphml"
"0.18","0.37","0.45","0.41518472758951","1,1,1,2,3,2,3,2,2,2,3,3,2,2,2,2,2,3,4,3,5,1,2,2,2,2,2,2,1,2,3,4,3,3,4,4,2,2,5,5,5,5,1,1,1,1,5,1,1,1,5,5,5,5,5,1,1,1,1,5,2,5,5,2,2,5,5,5,5,5,1,5,2,2,5,5,5,5,5,5,5,2,2,2,2,1,5,5,5,5,2,3,4,5,5,5,2,5,5,5,5,5,5,5,5,5,5,3,3,5,5,5,5,4,4,4,4,4,4,4,4,2,2,2,2,2,2,2,2","0.000842809677124023","leiden","edit-xhwikibooks.graphml"
"0.17","0.38","0.45","0.414954734703154","1,1,1,2,3,2,3,2,2,2,3,3,2,2,2,2,2,3,4,3,5,1,2,2,2,2,2,2,1,2,3,4,3,3,4,4,2,2,5,5,5,5,1,1,1,1,5,1,1,1,5,5,5,5,5,1,1,1,1,5,2,5,5,2,2,5,5,5,5,5,1,5,2,2,5,5,5,5,5,5,5,2,2,2,2,1,5,5,5,5,2,3,4,5,5,5,2,5,5,5,5,5,5,5,5,5,5,3,3,5,5,5,5,4,4,4,4,4,4,4,4,2,2,2,2,2,2,2,2","0.000828027725219727","leiden","edit-xhwikibooks.graphml"
"0.16","0.39","0.45","0.415658468657435","1,1,1,2,3,2,3,2,2,2,3,3,2,2,2,2,2,3,4,3,5,1,2,2,2,2,2,2,1,2,3,4,3,3,4,4,2,2,5,5,5,5,1,1,1,1,5,1,1,1,5,5,5,5,5,1,1,1,1,5,2,5,5,2,2,5,5,5,5,5,1,5,2,2,5,5,5,5,5,5,5,2,2,2,2,1,5,5,5,5,2,3,4,5,5,5,2,5,5,5,5,5,5,5,5,5,5,3,3,5,5,5,5,4,4,4,4,4,4,4,4,2,2,2,2,2,2,2,2","0.000945806503295898","leiden","edit-xhwikibooks.graphml"
"0.15","0.4","0.45","0.416774312887469","1,1,1,2,3,2,3,2,2,2,3,3,2,2,2,2,2,3,4,3,5,1,2,2,2,2,2,2,1,2,3,4,3,3,4,4,2,2,5,5,5,5,1,1,1,1,5,1,1,1,5,5,5,5,5,1,1,1,1,5,2,5,5,2,2,5,5,5,5,5,1,5,2,2,5,5,5,5,5,5,5,2,2,2,2,1,5,5,5,5,2,3,4,5,5,5,2,5,5,5,5,5,5,5,5,5,5,3,3,5,5,5,5,4,4,4,4,4,4,4,4,2,2,2,2,2,2,2,2","0.00156712532043457","leiden","edit-xhwikibooks.graphml"
"0.14","0.41","0.45","0.403826668716994","1,1,1,2,3,2,3,2,2,2,3,3,2,2,2,2,2,3,4,3,5,1,2,2,2,2,2,2,1,2,3,4,3,3,4,4,2,2,5,5,5,5,1,1,1,1,5,1,1,1,5,5,5,5,5,1,1,1,1,5,2,5,5,2,2,5,5,5,5,5,1,5,2,2,5,5,5,5,5,5,5,2,2,2,2,1,5,5,5,5,2,3,4,5,5,5,2,5,5,5,5,5,5,5,5,5,5,3,3,5,5,5,5,4,4,4,4,4,4,4,4,2,2,2,2,2,2,2,2","0.00134801864624023","leiden","edit-xhwikibooks.graphml"
"0.13","0.42","0.45","0.403598260660135","1,1,1,2,3,2,3,2,2,2,3,3,2,2,2,2,2,3,4,3,5,1,2,2,2,2,2,2,1,2,3,4,3,3,4,4,2,2,5,5,5,5,1,1,1,1,5,1,1,1,5,5,5,5,5,1,1,1,1,5,2,5,5,2,2,5,5,5,5,5,1,5,2,2,5,5,5,5,5,5,5,2,2,2,2,1,5,5,5,5,2,3,4,5,5,5,2,5,5,5,5,5,5,5,5,5,5,3,3,5,5,5,5,4,4,4,4,4,4,4,4,2,2,2,2,2,2,2,2","0.00130510330200195","leiden","edit-xhwikibooks.graphml"
"0.12","0.43","0.45","0.405030828545676","1,1,1,2,3,2,3,2,2,2,3,3,2,2,2,2,2,3,4,3,5,1,2,2,2,2,2,2,1,2,3,4,3,3,4,4,2,2,5,5,5,5,1,1,1,1,5,1,1,1,5,5,5,5,5,1,1,1,1,5,2,5,5,2,2,5,5,5,5,5,1,5,2,2,5,5,5,5,5,5,5,2,2,2,2,1,5,5,5,5,2,3,4,5,5,5,2,5,5,5,5,5,5,5,5,5,5,3,3,5,5,5,5,4,4,4,4,4,4,4,4,2,2,2,2,2,2,2,2","0.0012669563293457","leiden","edit-xhwikibooks.graphml"
"0.11","0.44","0.45","0.404802494758954","1,1,1,2,3,2,3,2,2,2,3,3,2,2,2,2,2,3,4,3,5,1,2,2,2,2,2,2,1,2,3,4,3,3,4,4,2,2,5,5,5,5,1,1,1,1,5,1,1,1,5,5,5,5,5,1,1,1,1,5,2,5,5,2,2,5,5,5,5,5,1,5,2,2,5,5,5,5,5,5,5,2,2,2,2,1,5,5,5,5,2,3,4,5,5,5,2,5,5,5,5,5,5,5,5,5,5,3,3,5,5,5,5,4,4,4,4,4,4,4,4,2,2,2,2,2,2,2,2","0.0018470287322998","leiden","edit-xhwikibooks.graphml"
"0.1","0.45","0.45","0.406227028968559","1,1,1,2,3,2,3,2,2,2,3,3,2,2,2,2,2,3,4,3,5,1,2,2,2,2,2,2,1,2,3,4,3,3,4,4,2,2,5,5,5,5,1,1,1,1,5,1,1,1,5,5,5,5,5,1,1,1,1,5,2,5,5,2,2,5,5,5,5,5,1,5,2,2,5,5,5,5,5,5,5,2,2,2,2,1,5,5,5,5,2,3,4,5,5,5,2,5,5,5,5,5,5,5,5,5,5,3,3,5,5,5,5,4,4,4,4,4,4,4,4,2,2,2,2,2,2,2,2","0.00190997123718262","leiden","edit-xhwikibooks.graphml"
"0.09","0.46","0.45","0.402315689981096","1,1,1,2,3,2,3,2,2,2,3,3,2,2,2,2,2,3,4,3,5,1,2,2,2,2,2,2,1,2,3,4,3,3,4,4,2,2,5,5,5,5,1,1,1,1,5,1,1,1,5,5,5,5,5,1,1,1,1,5,6,5,5,2,2,5,5,5,5,5,1,5,2,2,5,5,5,5,5,5,5,2,2,2,2,7,5,5,5,5,8,9,10,5,5,5,2,5,5,5,5,5,5,5,5,5,5,3,3,5,5,5,5,4,4,4,4,4,4,4,4,2,2,2,2,2,2,2,2","0.00134086608886719","leiden","edit-xhwikibooks.graphml"
"0.08","0.47","0.45","0.403056165682918","1,1,1,2,3,2,3,2,2,2,3,3,2,2,2,2,2,3,4,3,5,1,2,2,2,2,2,2,1,2,3,4,3,3,4,4,2,2,5,5,5,5,1,1,1,1,5,1,1,1,5,5,5,5,5,1,1,1,1,5,6,5,5,2,2,5,5,5,5,5,1,5,2,2,5,5,5,5,5,5,5,2,2,2,2,7,5,5,5,5,8,9,10,5,5,5,2,5,5,5,5,5,5,5,5,5,5,3,3,5,5,5,5,4,4,4,4,4,4,4,4,2,2,2,2,2,2,2,2","0.00161314010620117","leiden","edit-xhwikibooks.graphml"
"0.07","0.48","0.45","0.402828594226786","1,1,1,2,3,2,3,2,2,2,3,3,2,2,2,2,2,3,4,3,5,1,2,2,2,2,2,2,1,2,3,4,3,3,4,4,2,2,5,5,5,5,1,1,1,1,5,1,1,1,5,5,5,5,5,1,1,1,1,5,6,5,5,2,2,5,5,5,5,5,1,5,2,2,5,5,5,5,5,5,5,2,2,2,2,7,5,5,5,5,8,9,10,5,5,5,2,5,5,5,5,5,5,5,5,5,5,3,3,5,5,5,5,4,4,4,4,4,4,4,4,2,2,2,2,2,2,2,2","0.00116705894470215","leiden","edit-xhwikibooks.graphml"
"0.06","0.49","0.45","0.402694557479774","1,1,1,2,1,2,3,2,2,2,3,4,2,2,2,2,2,3,3,4,5,1,2,2,2,2,2,2,1,2,3,3,4,4,3,3,2,2,5,5,5,5,1,1,1,1,5,1,1,1,5,5,5,5,5,1,1,1,1,5,6,5,5,2,2,5,5,5,5,5,1,5,2,2,5,5,5,5,5,5,5,2,2,2,2,7,5,5,5,5,8,9,10,5,5,5,2,5,5,5,5,5,5,5,5,5,5,4,4,5,5,5,5,3,3,3,3,3,3,3,3,2,2,2,2,2,2,2,2","0.00101399421691895","leiden","edit-xhwikibooks.graphml"
"0.05","0.5","0.45","0.43226266482479","1,1,1,2,3,2,3,2,2,2,3,3,2,2,2,2,2,3,4,3,5,1,2,2,2,2,2,2,1,2,3,4,3,3,4,4,2,2,5,5,5,5,1,1,1,1,5,1,1,1,5,5,5,5,5,1,1,1,1,5,6,5,5,2,2,5,5,5,5,5,1,5,2,2,5,5,5,5,5,5,5,2,2,2,2,7,5,5,5,5,8,9,10,5,5,5,2,5,5,5,5,5,5,5,5,5,5,3,3,5,5,5,5,4,4,4,4,4,4,4,4,2,2,2,2,2,2,2,2","0.000973939895629883","leiden","edit-xhwikibooks.graphml"
"0.04","0.51","0.45","0.431029362880887","1,1,1,2,3,2,3,2,2,2,3,3,2,2,2,2,2,3,4,3,5,1,2,2,2,2,2,2,1,2,3,4,3,3,4,4,2,2,5,5,5,5,1,1,1,1,5,1,1,1,5,5,5,5,5,1,1,1,1,5,6,5,5,2,2,5,5,5,5,5,1,5,2,2,5,5,5,5,5,5,5,2,2,2,2,7,5,5,5,5,8,9,10,5,5,5,2,5,5,5,5,5,5,5,5,5,5,3,3,5,5,5,5,4,4,4,4,4,4,4,4,2,2,2,2,2,2,2,2","0.000935077667236328","leiden","edit-xhwikibooks.graphml"
"0.03","0.52","0.45","0.431707086781452","1,1,1,2,3,2,3,2,2,2,3,3,2,2,2,2,2,3,4,3,5,1,2,2,2,2,2,2,1,2,3,4,3,3,4,4,2,2,5,5,5,5,1,1,1,1,5,1,1,1,5,5,5,5,5,1,1,1,1,5,6,5,5,2,2,5,5,5,5,5,1,5,2,2,5,5,5,5,5,5,5,2,2,2,2,7,5,5,5,5,8,9,10,5,5,5,2,5,5,5,5,5,5,5,5,5,5,3,3,5,5,5,5,4,4,4,4,4,4,4,4,2,2,2,2,2,2,2,2","0.000943899154663086","leiden","edit-xhwikibooks.graphml"
"0.02","0.53","0.45","0.43147693717469","1,1,1,2,3,2,3,2,2,2,3,3,2,2,2,2,2,3,4,3,5,1,2,2,2,2,2,2,1,2,3,4,3,3,4,4,2,2,5,5,5,5,1,1,1,1,5,1,1,1,5,5,5,5,5,1,1,1,1,5,6,5,5,2,2,5,5,5,5,5,1,5,2,2,5,5,5,5,5,5,5,2,2,2,2,7,5,5,5,5,8,9,10,5,5,5,2,5,5,5,5,5,5,5,5,5,5,3,3,5,5,5,5,4,4,4,4,4,4,4,4,2,2,2,2,2,2,2,2","0.00098109245300293","leiden","edit-xhwikibooks.graphml"
"0.01","0.54","0.45","0.432152272673775","1,1,1,2,3,2,3,2,2,2,3,3,2,2,2,2,2,3,4,3,5,1,2,2,2,2,2,2,1,2,3,4,3,3,4,4,2,2,5,5,5,5,1,1,1,1,5,1,1,1,5,5,5,5,5,1,1,1,1,5,6,5,5,2,2,5,5,5,5,5,1,5,2,2,5,5,5,5,5,5,5,2,2,2,2,7,5,5,5,5,8,9,10,5,5,5,2,5,5,5,5,5,5,5,5,5,5,3,3,5,5,5,5,4,4,4,4,4,4,4,4,2,2,2,2,2,2,2,2","0.000950813293457031","leiden","edit-xhwikibooks.graphml"
"0","0.55","0.45","0.433950456234821","1,1,1,1,1,2,3,2,2,2,3,3,2,2,2,2,2,3,4,3,5,1,2,2,2,2,2,2,1,2,3,4,3,3,4,4,2,2,5,5,5,5,1,1,1,1,5,1,1,1,5,5,5,5,5,1,1,1,1,5,6,5,5,2,2,5,5,5,5,5,1,5,2,2,5,5,5,5,5,5,5,2,2,2,2,7,5,5,5,5,8,9,10,5,5,5,2,5,5,5,5,5,5,5,5,5,5,3,3,5,5,5,5,4,4,4,4,4,4,4,4,2,2,2,2,2,2,2,2","0.000853061676025391","leiden","edit-xhwikibooks.graphml"
"0.54","0","0.46","0.404717416098425","1,1,2,3,2,3,2,3,3,3,2,2,3,3,3,3,3,2,4,2,5,1,3,3,3,3,3,3,1,3,2,4,2,2,4,4,3,3,5,5,5,5,1,1,1,1,5,1,1,1,5,5,5,5,5,1,1,1,1,5,3,5,5,3,3,5,5,5,5,5,1,5,3,3,5,5,5,5,5,5,5,3,3,3,3,1,5,5,5,5,3,2,4,5,5,5,3,5,5,5,5,5,5,5,5,5,5,2,2,5,5,5,5,4,4,4,4,4,4,4,4,3,3,3,3,3,3,3,3","0.000833034515380859","leiden","edit-xhwikibooks.graphml"
"0.53","0.01","0.46","0.404717416098425","1,1,2,3,2,3,2,3,3,3,2,2,3,3,3,3,3,2,4,2,5,1,3,3,3,3,3,3,1,3,2,4,2,2,4,4,3,3,5,5,5,5,1,1,1,1,5,1,1,1,5,5,5,5,5,1,1,1,1,5,3,5,5,3,3,5,5,5,5,5,1,5,3,3,5,5,5,5,5,5,5,3,3,3,3,1,5,5,5,5,3,2,4,5,5,5,3,5,5,5,5,5,5,5,5,5,5,2,2,5,5,5,5,4,4,4,4,4,4,4,4,3,3,3,3,3,3,3,3","0.000817060470581055","leiden","edit-xhwikibooks.graphml"
"0.52","0.02","0.46","0.404717416098425","1,1,2,3,2,3,2,3,3,3,2,2,3,3,3,3,3,2,4,2,5,1,3,3,3,3,3,3,1,3,2,4,2,2,4,4,3,3,5,5,5,5,1,1,1,1,5,1,1,1,5,5,5,5,5,1,1,1,1,5,3,5,5,3,3,5,5,5,5,5,1,5,3,3,5,5,5,5,5,5,5,3,3,3,3,1,5,5,5,5,3,2,4,5,5,5,3,5,5,5,5,5,5,5,5,5,5,2,2,5,5,5,5,4,4,4,4,4,4,4,4,3,3,3,3,3,3,3,3","0.00080108642578125","leiden","edit-xhwikibooks.graphml"
"0.51","0.03","0.46","0.404496054565488","1,1,2,3,2,3,2,3,3,3,2,2,3,3,3,3,3,2,4,2,5,1,3,3,3,3,3,3,1,3,2,4,2,2,4,4,3,3,5,5,5,5,1,1,1,1,5,1,1,1,5,5,5,5,5,1,1,1,1,5,3,5,5,3,3,5,5,5,5,5,1,5,3,3,5,5,5,5,5,5,5,3,3,3,3,1,5,5,5,5,3,2,4,5,5,5,3,5,5,5,5,5,5,5,5,5,5,2,2,5,5,5,5,4,4,4,4,4,4,4,4,3,3,3,3,3,3,3,3","0.000858068466186523","leiden","edit-xhwikibooks.graphml"
"0.5","0.04","0.46","0.404496054565488","1,1,2,3,2,3,2,3,3,3,2,2,3,3,3,3,3,2,4,2,5,1,3,3,3,3,3,3,1,3,2,4,2,2,4,4,3,3,5,5,5,5,1,1,1,1,5,1,1,1,5,5,5,5,5,1,1,1,1,5,3,5,5,3,3,5,5,5,5,5,1,5,3,3,5,5,5,5,5,5,5,3,3,3,3,1,5,5,5,5,3,2,4,5,5,5,3,5,5,5,5,5,5,5,5,5,5,2,2,5,5,5,5,4,4,4,4,4,4,4,4,3,3,3,3,3,3,3,3","0.000824928283691406","leiden","edit-xhwikibooks.graphml"
"0.49","0.05","0.46","0.404274915318019","1,1,2,3,2,3,2,3,3,3,2,2,3,3,3,3,3,2,4,2,5,1,3,3,3,3,3,3,1,3,2,4,2,2,4,4,3,3,5,5,5,5,1,1,1,1,5,1,1,1,5,5,5,5,5,1,1,1,1,5,3,5,5,3,3,5,5,5,5,5,1,5,3,3,5,5,5,5,5,5,5,3,3,3,3,1,5,5,5,5,3,2,4,5,5,5,3,5,5,5,5,5,5,5,5,5,5,2,2,5,5,5,5,4,4,4,4,4,4,4,4,3,3,3,3,3,3,3,3","0.000835895538330078","leiden","edit-xhwikibooks.graphml"
"0.48","0.06","0.46","0.404274915318019","1,1,2,3,2,3,2,3,3,3,2,2,3,3,3,3,3,2,4,2,5,1,3,3,3,3,3,3,1,3,2,4,2,2,4,4,3,3,5,5,5,5,1,1,1,1,5,1,1,1,5,5,5,5,5,1,1,1,1,5,3,5,5,3,3,5,5,5,5,5,1,5,3,3,5,5,5,5,5,5,5,3,3,3,3,1,5,5,5,5,3,2,4,5,5,5,3,5,5,5,5,5,5,5,5,5,5,2,2,5,5,5,5,4,4,4,4,4,4,4,4,3,3,3,3,3,3,3,3","0.000815153121948242","leiden","edit-xhwikibooks.graphml"
"0.47","0.07","0.46","0.403376118372545","1,1,2,3,2,3,2,3,3,3,2,2,3,3,3,3,3,2,4,2,5,1,3,3,3,3,3,3,1,3,2,4,2,2,4,4,3,3,5,5,5,5,1,1,1,1,5,1,1,1,5,5,5,5,5,1,1,1,1,5,3,5,5,3,3,5,5,5,5,5,1,5,3,3,5,5,5,5,5,5,5,3,3,3,3,1,5,5,5,5,3,2,4,5,5,5,3,5,5,5,5,5,5,5,5,5,5,2,2,5,5,5,5,4,4,4,4,4,4,4,4,3,3,3,3,3,3,3,3","0.000808954238891602","leiden","edit-xhwikibooks.graphml"
"0.46","0.08","0.46","0.404799507540782","1,1,2,3,2,3,2,3,3,3,2,2,3,3,3,3,3,2,4,2,5,1,3,3,3,3,3,3,1,3,2,4,2,2,4,4,3,3,5,5,5,5,1,1,1,1,5,1,1,1,5,5,5,5,5,1,1,1,1,5,3,5,5,3,3,5,5,5,5,5,1,5,3,3,5,5,5,5,5,5,5,3,3,3,3,1,5,5,5,5,3,2,4,5,5,5,3,5,5,5,5,5,5,5,5,5,5,2,2,5,5,5,5,4,4,4,4,4,4,4,4,3,3,3,3,3,3,3,3","0.000818967819213867","leiden","edit-xhwikibooks.graphml"
"0.45","0.09","0.46","0.404799507540782","1,1,2,3,2,3,2,3,3,3,2,2,3,3,3,3,3,2,4,2,5,1,3,3,3,3,3,3,1,3,2,4,2,2,4,4,3,3,5,5,5,5,1,1,1,1,5,1,1,1,5,5,5,5,5,1,1,1,1,5,3,5,5,3,3,5,5,5,5,5,1,5,3,3,5,5,5,5,5,5,5,3,3,3,3,1,5,5,5,5,3,2,4,5,5,5,3,5,5,5,5,5,5,5,5,5,5,2,2,5,5,5,5,4,4,4,4,4,4,4,4,3,3,3,3,3,3,3,3","0.000810861587524414","leiden","edit-xhwikibooks.graphml"
"0.44","0.1","0.46","0.404799507540782","1,1,2,3,2,3,2,3,3,3,2,2,3,3,3,3,3,2,4,2,5,1,3,3,3,3,3,3,1,3,2,4,2,2,4,4,3,3,5,5,5,5,1,1,1,1,5,1,1,1,5,5,5,5,5,1,1,1,1,5,3,5,5,3,3,5,5,5,5,5,1,5,3,3,5,5,5,5,5,5,5,3,3,3,3,1,5,5,5,5,3,2,4,5,5,5,3,5,5,5,5,5,5,5,5,5,5,2,2,5,5,5,5,4,4,4,4,4,4,4,4,3,3,3,3,3,3,3,3","0.000847101211547852","leiden","edit-xhwikibooks.graphml"
"0.43","0.11","0.46","0.40528667027774","1,1,2,3,2,3,2,3,3,3,2,2,3,3,3,3,3,2,4,2,5,1,3,3,3,3,3,3,1,3,2,4,2,2,4,4,3,3,5,5,5,5,1,1,1,1,5,1,1,1,5,5,5,5,5,1,1,1,1,5,3,5,5,3,3,5,5,5,5,5,1,5,3,3,5,5,5,5,5,5,5,3,3,3,3,1,5,5,5,5,3,2,4,5,5,5,3,5,5,5,5,5,5,5,5,5,5,2,2,5,5,5,5,4,4,4,4,4,4,4,4,3,3,3,3,3,3,3,3","0.000829935073852539","leiden","edit-xhwikibooks.graphml"
"0.42","0.12","0.46","0.406143167546587","1,1,2,3,2,3,2,3,3,3,4,2,3,3,3,3,3,4,4,2,5,1,3,3,3,3,3,3,1,3,4,4,2,2,4,4,3,3,5,5,5,5,1,1,1,1,5,1,1,1,5,5,5,5,5,1,1,1,1,5,3,5,5,3,3,5,5,5,5,5,1,5,3,3,5,5,5,5,5,5,5,3,3,3,3,1,5,5,5,5,3,4,4,5,5,5,3,5,5,5,5,5,5,5,5,5,5,2,2,5,5,5,5,4,4,4,4,4,4,4,4,3,3,3,3,3,3,3,3","0.000809907913208008","leiden","edit-xhwikibooks.graphml"
"0.41","0.13","0.46","0.406445302948799","1,1,2,3,2,3,2,3,3,3,2,2,3,3,3,3,3,2,4,2,5,1,3,3,3,3,3,3,1,3,2,4,2,2,4,4,3,3,5,5,5,5,1,1,1,1,5,1,1,1,5,5,5,5,5,1,1,1,1,5,3,5,5,3,3,5,5,5,5,5,1,5,3,3,5,5,5,5,5,5,5,3,3,3,3,1,5,5,5,5,3,2,4,5,5,5,3,5,5,5,5,5,5,5,5,5,5,2,2,5,5,5,5,4,4,4,4,4,4,4,4,3,3,3,3,3,3,3,3","0.000853061676025391","leiden","edit-xhwikibooks.graphml"
"0.4","0.14","0.46","0.406445302948799","1,1,2,3,2,3,2,3,3,3,2,2,3,3,3,3,3,2,4,2,5,1,3,3,3,3,3,3,1,3,2,4,2,2,4,4,3,3,5,5,5,5,1,1,1,1,5,1,1,1,5,5,5,5,5,1,1,1,1,5,3,5,5,3,3,5,5,5,5,5,1,5,3,3,5,5,5,5,5,5,5,3,3,3,3,1,5,5,5,5,3,2,4,5,5,5,3,5,5,5,5,5,5,5,5,5,5,2,2,5,5,5,5,4,4,4,4,4,4,4,4,3,3,3,3,3,3,3,3","0.000799179077148438","leiden","edit-xhwikibooks.graphml"
"0.39","0.15","0.46","0.406927842451859","1,1,2,3,2,3,2,3,3,3,2,2,3,3,3,3,3,2,4,2,5,1,3,3,3,3,3,3,1,3,2,4,2,2,4,4,3,3,5,5,5,5,1,1,1,1,5,1,1,1,5,5,5,5,5,1,1,1,1,5,3,5,5,3,3,5,5,5,5,5,1,5,3,3,5,5,5,5,5,5,5,3,3,3,3,1,5,5,5,5,3,2,4,5,5,5,3,5,5,5,5,5,5,5,5,5,5,2,2,5,5,5,5,4,4,4,4,4,4,4,4,3,3,3,3,3,3,3,3","0.000810146331787109","leiden","edit-xhwikibooks.graphml"
"0.38","0.16","0.46","0.407629161880098","1,1,2,3,2,3,2,3,3,3,2,2,3,3,3,3,3,2,4,2,5,1,3,3,3,3,3,3,1,3,2,4,2,2,4,4,3,3,5,5,5,5,1,1,1,1,5,1,1,1,5,5,5,5,5,1,1,1,1,5,3,5,5,3,3,5,5,5,5,5,1,5,3,3,5,5,5,5,5,5,5,3,3,3,3,1,5,5,5,5,3,2,4,5,5,5,3,5,5,5,5,5,5,5,5,5,5,2,2,5,5,5,5,4,4,4,4,4,4,4,4,3,3,3,3,3,3,3,3","0.000787019729614258","leiden","edit-xhwikibooks.graphml"
"0.37","0.17","0.46","0.408107904672874","1,1,2,3,2,3,2,3,3,3,2,2,3,3,3,3,3,2,4,2,5,1,3,3,3,3,3,3,1,3,2,4,2,2,4,4,3,3,5,5,5,5,1,1,1,1,5,1,1,1,5,5,5,5,5,1,1,1,1,5,3,5,5,3,3,5,5,5,5,5,1,5,3,3,5,5,5,5,5,5,5,3,3,3,3,1,5,5,5,5,3,2,4,5,5,5,3,5,5,5,5,5,5,5,5,5,5,2,2,5,5,5,5,4,4,4,4,4,4,4,4,3,3,3,3,3,3,3,3","0.000794887542724609","leiden","edit-xhwikibooks.graphml"
"0.36","0.18","0.46","0.408887365088725","1,1,2,3,2,3,2,3,3,3,2,2,3,3,3,3,3,2,4,2,5,1,3,3,3,3,3,3,1,3,2,4,2,2,4,4,3,3,5,5,5,5,1,1,1,1,5,1,1,1,5,5,5,5,5,1,1,1,1,5,3,5,5,3,3,5,5,5,5,5,1,5,3,3,5,5,5,5,5,5,5,3,3,3,3,1,5,5,5,5,3,2,4,5,5,5,3,5,5,5,5,5,5,5,5,5,5,2,2,5,5,5,5,4,4,4,4,4,4,4,4,3,3,3,3,3,3,3,3","0.000803947448730469","leiden","edit-xhwikibooks.graphml"
"0.35","0.19","0.46","0.408666667635204","1,1,2,3,2,3,2,3,3,3,2,2,3,3,3,3,3,2,4,2,5,1,3,3,3,3,3,3,1,3,2,4,2,2,4,4,3,3,5,5,5,5,1,1,1,1,5,1,1,1,5,5,5,5,5,1,1,1,1,5,3,5,5,3,3,5,5,5,5,5,1,5,3,3,5,5,5,5,5,5,5,3,3,3,3,1,5,5,5,5,3,2,4,5,5,5,3,5,5,5,5,5,5,5,5,5,5,2,2,5,5,5,5,4,4,4,4,4,4,4,4,3,3,3,3,3,3,3,3","0.000785112380981445","leiden","edit-xhwikibooks.graphml"
"0.34","0.2","0.46","0.409993427410066","1,1,2,3,2,3,2,3,3,3,2,2,3,3,3,3,3,2,4,2,5,1,3,3,3,3,3,3,1,3,2,4,2,2,4,4,3,3,5,5,5,5,1,1,1,1,5,1,1,1,5,5,5,5,5,1,1,1,1,5,3,5,5,3,3,5,5,5,5,5,1,5,3,3,5,5,5,5,5,5,5,3,3,3,3,1,5,5,5,5,3,2,4,5,5,5,3,5,5,5,5,5,5,5,5,5,5,2,2,5,5,5,5,4,4,4,4,4,4,4,4,3,3,3,3,3,3,3,3","0.000797033309936523","leiden","edit-xhwikibooks.graphml"
"0.33","0.21","0.46","0.409772858796296","1,1,2,3,2,3,2,3,3,3,2,2,3,3,3,3,3,2,4,2,5,1,3,3,3,3,3,3,1,3,2,4,2,2,4,4,3,3,5,5,5,5,1,1,1,1,5,1,1,1,5,5,5,5,5,1,1,1,1,5,3,5,5,3,3,5,5,5,5,5,1,5,3,3,5,5,5,5,5,5,5,3,3,3,3,1,5,5,5,5,3,2,4,5,5,5,3,5,5,5,5,5,5,5,5,5,5,2,2,5,5,5,5,4,4,4,4,4,4,4,4,3,3,3,3,3,3,3,3","0.00080108642578125","leiden","edit-xhwikibooks.graphml"
"0.32","0.22","0.46","0.409772858796296","1,1,2,3,2,3,2,3,3,3,2,2,3,3,3,3,3,2,4,2,5,1,3,3,3,3,3,3,1,3,2,4,2,2,4,4,3,3,5,5,5,5,1,1,1,1,5,1,1,1,5,5,5,5,5,1,1,1,1,5,3,5,5,3,3,5,5,5,5,5,1,5,3,3,5,5,5,5,5,5,5,3,3,3,3,1,5,5,5,5,3,2,4,5,5,5,3,5,5,5,5,5,5,5,5,5,5,2,2,5,5,5,5,4,4,4,4,4,4,4,4,3,3,3,3,3,3,3,3","0.000792026519775391","leiden","edit-xhwikibooks.graphml"
"0.31","0.23","0.46","0.408935341844701","1,1,2,3,2,3,2,3,3,3,2,2,3,3,3,3,3,2,4,2,5,1,3,3,3,3,3,3,1,3,2,4,2,2,4,4,3,3,5,5,5,5,1,1,1,1,5,1,1,1,5,5,5,5,5,1,1,1,1,5,3,5,5,3,3,5,5,5,5,5,1,5,3,3,5,5,5,5,5,5,5,3,3,3,3,1,5,5,5,5,3,2,4,5,5,5,3,5,5,5,5,5,5,5,5,5,5,2,2,5,5,5,5,4,4,4,4,4,4,4,4,3,3,3,3,3,3,3,3","0.000782966613769531","leiden","edit-xhwikibooks.graphml"
"0.3","0.24","0.46","0.409631076388889","1,1,2,3,2,3,2,3,3,3,2,2,3,3,3,3,3,2,4,2,5,1,3,3,3,3,3,3,1,3,2,4,2,2,4,4,3,3,5,5,5,5,1,1,1,1,5,1,1,1,5,5,5,5,5,1,1,1,1,5,3,5,5,3,3,5,5,5,5,5,1,5,3,3,5,5,5,5,5,5,5,3,3,3,3,1,5,5,5,5,3,2,4,5,5,5,3,5,5,5,5,5,5,5,5,5,5,2,2,5,5,5,5,4,4,4,4,4,4,4,4,3,3,3,3,3,3,3,3","0.000782966613769531","leiden","edit-xhwikibooks.graphml"
"0.29","0.25","0.46","0.411392830012047","1,1,2,3,2,3,2,3,3,3,2,2,3,3,3,3,3,2,4,2,5,1,3,3,3,3,3,3,1,3,2,4,2,2,4,4,3,3,5,5,5,5,1,1,1,1,5,1,1,1,5,5,5,5,5,1,1,1,1,5,3,5,5,3,3,5,5,5,5,5,1,5,3,3,5,5,5,5,5,5,5,3,3,3,3,1,5,5,5,5,3,2,4,5,5,5,3,5,5,5,5,5,5,5,5,5,5,2,2,5,5,5,5,4,4,4,4,4,4,4,4,3,3,3,3,3,3,3,3","0.000797033309936523","leiden","edit-xhwikibooks.graphml"
"0.28","0.26","0.46","0.411392830012047","1,1,2,3,2,3,2,3,3,3,2,2,3,3,3,3,3,2,4,2,5,1,3,3,3,3,3,3,1,3,2,4,2,2,4,4,3,3,5,5,5,5,1,1,1,1,5,1,1,1,5,5,5,5,5,1,1,1,1,5,3,5,5,3,3,5,5,5,5,5,1,5,3,3,5,5,5,5,5,5,5,3,3,3,3,1,5,5,5,5,3,2,4,5,5,5,3,5,5,5,5,5,5,5,5,5,5,2,2,5,5,5,5,4,4,4,4,4,4,4,4,3,3,3,3,3,3,3,3","0.000791072845458984","leiden","edit-xhwikibooks.graphml"
"0.27","0.27","0.46","0.411392830012047","1,1,2,3,2,3,2,3,3,3,2,2,3,3,3,3,3,2,4,2,5,1,3,3,3,3,3,3,1,3,2,4,2,2,4,4,3,3,5,5,5,5,1,1,1,1,5,1,1,1,5,5,5,5,5,1,1,1,1,5,3,5,5,3,3,5,5,5,5,5,1,5,3,3,5,5,5,5,5,5,5,3,3,3,3,1,5,5,5,5,3,2,4,5,5,5,3,5,5,5,5,5,5,5,5,5,5,2,2,5,5,5,5,4,4,4,4,4,4,4,4,3,3,3,3,3,3,3,3","0.00090789794921875","leiden","edit-xhwikibooks.graphml"
"0.26","0.28","0.46","0.411172280025383","1,1,2,3,2,3,2,3,3,3,2,2,3,3,3,3,3,2,4,2,5,1,3,3,3,3,3,3,1,3,2,4,2,2,4,4,3,3,5,5,5,5,1,1,1,1,5,1,1,1,5,5,5,5,5,1,1,1,1,5,3,5,5,3,3,5,5,5,5,5,1,5,3,3,5,5,5,5,5,5,5,3,3,3,3,1,5,5,5,5,3,2,4,5,5,5,3,5,5,5,5,5,5,5,5,5,5,2,2,5,5,5,5,4,4,4,4,4,4,4,4,3,3,3,3,3,3,3,3","0.000777959823608398","leiden","edit-xhwikibooks.graphml"
"0.25","0.29","0.46","0.412515659260229","1,1,2,3,2,3,2,3,3,3,2,2,3,3,3,3,3,2,4,2,5,1,3,3,3,3,3,3,1,3,2,4,2,2,4,4,3,3,5,5,5,5,1,1,1,1,5,1,1,1,5,5,5,5,5,1,1,1,1,5,3,5,5,3,3,5,5,5,5,5,1,5,3,3,5,5,5,5,5,5,5,3,3,3,3,1,5,5,5,5,3,2,4,5,5,5,3,5,5,5,5,5,5,5,5,5,5,2,2,5,5,5,5,4,4,4,4,4,4,4,4,3,3,3,3,3,3,3,3","0.000796794891357422","leiden","edit-xhwikibooks.graphml"
"0.24","0.3","0.46","0.412295202374775","1,1,2,3,2,3,2,3,3,3,2,2,3,3,3,3,3,2,4,2,5,1,3,3,3,3,3,3,1,3,2,4,2,2,4,4,3,3,5,5,5,5,1,1,1,1,5,1,1,1,5,5,5,5,5,1,1,1,1,5,3,5,5,3,3,5,5,5,5,5,1,5,3,3,5,5,5,5,5,5,5,3,3,3,3,1,5,5,5,5,3,2,4,5,5,5,3,5,5,5,5,5,5,5,5,5,5,2,2,5,5,5,5,4,4,4,4,4,4,4,4,3,3,3,3,3,3,3,3","0.000776052474975586","leiden","edit-xhwikibooks.graphml"
"0.23","0.31","0.46","0.40990707560562","1,1,2,2,2,3,2,3,3,3,2,2,3,3,3,3,3,2,4,2,5,1,3,3,3,3,3,3,1,3,2,4,2,2,4,4,3,3,5,5,5,5,1,1,1,1,5,1,1,1,5,5,5,5,5,1,1,1,1,5,3,5,5,3,3,5,5,5,5,5,1,5,3,3,5,5,5,5,5,5,5,3,3,3,3,1,5,5,5,5,3,2,4,5,5,5,3,5,5,5,5,5,5,5,5,5,5,2,2,5,5,5,5,4,4,4,4,4,4,4,4,3,3,3,3,3,3,3,3","0.00080108642578125","leiden","edit-xhwikibooks.graphml"
"0.22","0.32","0.46","0.409686665629004","1,1,2,2,2,3,2,3,3,3,2,2,3,3,3,3,3,2,4,2,5,1,3,3,3,3,3,3,1,3,2,4,2,2,4,4,3,3,5,5,5,5,1,1,1,1,5,1,1,1,5,5,5,5,5,1,1,1,1,5,3,5,5,3,3,5,5,5,5,5,1,5,3,3,5,5,5,5,5,5,5,3,3,3,3,1,5,5,5,5,3,2,4,5,5,5,3,5,5,5,5,5,5,5,5,5,5,2,2,5,5,5,5,4,4,4,4,4,4,4,4,3,3,3,3,3,3,3,3","0.000930070877075195","leiden","edit-xhwikibooks.graphml"
"0.21","0.33","0.46","0.409686665629004","1,1,2,2,2,3,2,3,3,3,2,2,3,3,3,3,3,2,4,2,5,1,3,3,3,3,3,3,1,3,2,4,2,2,4,4,3,3,5,5,5,5,1,1,1,1,5,1,1,1,5,5,5,5,5,1,1,1,1,5,3,5,5,3,3,5,5,5,5,5,1,5,3,3,5,5,5,5,5,5,5,3,3,3,3,1,5,5,5,5,3,2,4,5,5,5,3,5,5,5,5,5,5,5,5,5,5,2,2,5,5,5,5,4,4,4,4,4,4,4,4,3,3,3,3,3,3,3,3","0.000791072845458984","leiden","edit-xhwikibooks.graphml"
"0.2","0.34","0.46","0.419110058172265","1,1,2,2,2,3,2,3,3,3,2,2,3,3,3,3,3,2,4,2,5,1,3,3,3,3,3,3,1,3,2,4,2,2,4,4,3,3,5,5,5,5,1,1,1,1,5,1,1,1,5,5,5,5,5,1,1,1,1,5,3,5,5,3,3,5,5,5,5,5,1,5,3,3,5,5,5,5,5,5,5,3,3,3,3,1,5,5,5,5,3,2,4,5,5,5,3,5,5,5,5,5,5,5,5,5,5,2,2,5,5,5,5,4,4,4,4,4,4,4,4,3,3,3,3,3,3,3,3","0.000808000564575195","leiden","edit-xhwikibooks.graphml"
"0.19","0.35","0.46","0.418602927378495","1,1,2,2,2,2,2,3,3,2,4,2,3,3,3,2,2,4,4,2,5,1,3,3,3,3,3,2,1,2,4,4,2,2,4,4,3,3,5,5,5,5,1,1,1,1,5,1,1,1,5,5,5,5,5,1,1,1,1,5,3,5,5,3,3,5,5,5,5,5,1,5,3,3,5,5,5,5,5,5,5,3,2,2,2,1,5,5,5,5,2,4,4,5,5,5,2,5,5,5,5,5,5,5,5,5,5,2,2,5,5,5,5,4,4,4,4,4,4,4,4,3,3,3,3,3,3,3,3","0.000822067260742188","leiden","edit-xhwikibooks.graphml"
"0.18","0.36","0.46","0.418888827985295","1,1,2,2,2,3,2,3,3,3,2,2,3,3,3,3,3,2,4,2,5,1,3,3,3,3,3,3,1,3,2,4,2,2,4,4,3,3,5,5,5,5,1,1,1,1,5,1,1,1,5,5,5,5,5,1,1,1,1,5,3,5,5,3,3,5,5,5,5,5,1,5,3,3,5,5,5,5,5,5,5,3,3,3,3,1,5,5,5,5,3,2,4,5,5,5,3,5,5,5,5,5,5,5,5,5,5,2,2,5,5,5,5,4,4,4,4,4,4,4,4,3,3,3,3,3,3,3,3","0.000812053680419922","leiden","edit-xhwikibooks.graphml"
"0.17","0.37","0.46","0.41821495590167","1,1,2,2,2,3,2,3,3,3,2,2,3,3,3,3,3,2,4,2,5,1,3,3,3,3,3,3,1,3,2,4,2,2,4,4,3,3,5,5,5,5,1,1,1,1,5,1,1,1,5,5,5,5,5,1,1,1,1,5,3,5,5,3,3,5,5,5,5,5,1,5,3,3,5,5,5,5,5,5,5,3,3,3,3,1,5,5,5,5,3,2,4,5,5,5,3,5,5,5,5,5,5,5,5,5,5,2,2,5,5,5,5,4,4,4,4,4,4,4,4,3,3,3,3,3,3,3,3","0.000819921493530273","leiden","edit-xhwikibooks.graphml"
"0.16","0.38","0.46","0.417994013645216","1,1,2,2,2,3,2,3,3,3,2,2,3,3,3,3,3,2,4,2,5,1,3,3,3,3,3,3,1,3,2,4,2,2,4,4,3,3,5,5,5,5,1,1,1,1,5,1,1,1,5,5,5,5,5,1,1,1,1,5,3,5,5,3,3,5,5,5,5,5,1,5,3,3,5,5,5,5,5,5,5,3,3,3,3,1,5,5,5,5,3,2,4,5,5,5,3,5,5,5,5,5,5,5,5,5,5,2,2,5,5,5,5,4,4,4,4,4,4,4,4,3,3,3,3,3,3,3,3","0.000800132751464844","leiden","edit-xhwikibooks.graphml"
"0.15","0.39","0.46","0.409710669698727","1,1,1,2,3,2,3,2,2,2,3,3,2,2,2,2,2,3,4,3,5,1,2,2,2,2,2,2,1,2,3,4,3,3,4,4,2,2,5,5,5,5,1,1,1,1,5,1,1,1,5,5,5,5,5,1,1,1,1,5,2,5,5,2,2,5,5,5,5,5,1,5,2,2,5,5,5,5,5,5,5,2,2,2,2,1,5,5,5,5,2,3,4,5,5,5,2,5,5,5,5,5,5,5,5,5,5,3,3,5,5,5,5,4,4,4,4,4,4,4,4,2,2,2,2,2,2,2,2","0.000852823257446289","leiden","edit-xhwikibooks.graphml"
"0.14","0.4","0.46","0.410812002084164","1,1,1,2,3,2,3,2,2,2,3,3,2,2,2,2,2,3,4,3,5,1,2,2,2,2,2,2,1,2,3,4,3,3,4,4,2,2,5,5,5,5,1,1,1,1,5,1,1,1,5,5,5,5,5,1,1,1,1,5,2,5,5,2,2,5,5,5,5,5,1,5,2,2,5,5,5,5,5,5,5,2,2,2,2,1,5,5,5,5,2,3,4,5,5,5,2,5,5,5,5,5,5,5,5,5,5,3,3,5,5,5,5,4,4,4,4,4,4,4,4,2,2,2,2,2,2,2,2","0.000779867172241211","leiden","edit-xhwikibooks.graphml"
"0.13","0.41","0.46","0.410812002084164","1,1,1,2,3,2,3,2,2,2,3,3,2,2,2,2,2,3,4,3,5,1,2,2,2,2,2,2,1,2,3,4,3,3,4,4,2,2,5,5,5,5,1,1,1,1,5,1,1,1,5,5,5,5,5,1,1,1,1,5,2,5,5,2,2,5,5,5,5,5,1,5,2,2,5,5,5,5,5,5,5,2,2,2,2,1,5,5,5,5,2,3,4,5,5,5,2,5,5,5,5,5,5,5,5,5,5,3,3,5,5,5,5,4,4,4,4,4,4,4,4,2,2,2,2,2,2,2,2","0.000771045684814453","leiden","edit-xhwikibooks.graphml"
"0.12","0.42","0.46","0.410592590062913","1,1,1,2,3,2,3,2,2,2,3,3,2,2,2,2,2,3,4,3,5,1,2,2,2,2,2,2,1,2,3,4,3,3,4,4,2,2,5,5,5,5,1,1,1,1,5,1,1,1,5,5,5,5,5,1,1,1,1,5,2,5,5,2,2,5,5,5,5,5,1,5,2,2,5,5,5,5,5,5,5,2,2,2,2,1,5,5,5,5,2,3,4,5,5,5,2,5,5,5,5,5,5,5,5,5,5,3,3,5,5,5,5,4,4,4,4,4,4,4,4,2,2,2,2,2,2,2,2","0.000784873962402344","leiden","edit-xhwikibooks.graphml"
"0.11","0.43","0.46","0.411932930832556","1,1,1,2,3,2,3,2,2,2,3,3,2,2,2,2,2,3,4,3,5,1,2,2,2,2,2,2,1,2,3,4,3,3,4,4,2,2,5,5,5,5,1,1,1,1,5,1,1,1,5,5,5,5,5,1,1,1,1,5,2,5,5,2,2,5,5,5,5,5,1,5,2,2,5,5,5,5,5,5,5,2,2,2,2,1,5,5,5,5,2,3,4,5,5,5,2,5,5,5,5,5,5,5,5,5,5,3,3,5,5,5,5,4,4,4,4,4,4,4,4,2,2,2,2,2,2,2,2","0.000777959823608398","leiden","edit-xhwikibooks.graphml"
"0.1","0.44","0.46","0.411713607538881","1,1,1,2,3,2,3,2,2,2,3,3,2,2,2,2,2,3,4,3,5,1,2,2,2,2,2,2,1,2,3,4,3,3,4,4,2,2,5,5,5,5,1,1,1,1,5,1,1,1,5,5,5,5,5,1,1,1,1,5,2,5,5,2,2,5,5,5,5,5,1,5,2,2,5,5,5,5,5,5,5,2,2,2,2,1,5,5,5,5,2,3,4,5,5,5,2,5,5,5,5,5,5,5,5,5,5,3,3,5,5,5,5,4,4,4,4,4,4,4,4,2,2,2,2,2,2,2,2","0.00120902061462402","leiden","edit-xhwikibooks.graphml"
"0.09","0.45","0.46","0.408274910820452","1,1,1,2,3,2,3,2,2,2,3,3,2,2,2,2,2,3,4,3,5,1,2,2,2,2,2,2,1,2,3,4,3,3,4,4,2,2,5,5,5,5,1,1,1,1,5,1,1,1,5,5,5,5,5,1,1,1,1,5,2,5,5,2,2,5,5,5,5,5,1,5,2,2,5,5,5,5,5,5,5,2,2,2,2,1,5,5,5,5,2,3,4,5,5,5,2,5,5,5,5,5,5,5,5,5,5,3,3,5,5,5,5,4,4,4,4,4,4,4,4,2,2,2,2,2,2,2,2","0.00118899345397949","leiden","edit-xhwikibooks.graphml"
"0.08","0.46","0.46","0.408056232518176","1,1,1,2,3,2,3,2,2,2,3,3,2,2,2,2,2,3,4,3,5,1,2,2,2,2,2,2,1,2,3,4,3,3,4,4,2,2,5,5,5,5,1,1,1,1,5,1,1,1,5,5,5,5,5,1,1,1,1,5,2,5,5,2,2,5,5,5,5,5,1,5,2,2,5,5,5,5,5,5,5,2,2,2,2,1,5,5,5,5,2,3,4,5,5,5,2,5,5,5,5,5,5,5,5,5,5,3,3,5,5,5,5,4,4,4,4,4,4,4,4,2,2,2,2,2,2,2,2","0.000919103622436523","leiden","edit-xhwikibooks.graphml"
"0.07","0.47","0.46","0.405701376812842","1,1,1,2,3,2,3,2,2,2,3,3,2,2,2,2,2,3,4,3,5,1,2,2,2,2,2,2,1,2,3,4,3,3,4,4,2,2,5,5,5,5,1,1,1,1,5,1,1,1,5,5,5,5,5,1,1,1,1,5,6,5,5,2,2,5,5,5,5,5,1,5,2,2,5,5,5,5,5,5,5,2,2,2,2,7,5,5,5,5,8,9,10,5,5,5,2,5,5,5,5,5,5,5,5,5,5,3,3,5,5,5,5,4,4,4,4,4,4,4,4,2,2,2,2,2,2,2,2","0.000862836837768555","leiden","edit-xhwikibooks.graphml"
"0.06","0.48","0.46","0.405482782813523","1,1,1,2,3,2,3,2,2,2,3,3,2,2,2,2,2,3,4,3,5,1,2,2,2,2,2,2,1,2,3,4,3,3,4,4,2,2,5,5,5,5,1,1,1,1,5,1,1,1,5,5,5,5,5,1,1,1,1,5,6,5,5,2,2,5,5,5,5,5,1,5,2,2,5,5,5,5,5,5,5,2,2,2,2,7,5,5,5,5,8,9,10,5,5,5,2,5,5,5,5,5,5,5,5,5,5,3,3,5,5,5,5,4,4,4,4,4,4,4,4,2,2,2,2,2,2,2,2","0.000855922698974609","leiden","edit-xhwikibooks.graphml"
"0.05","0.49","0.46","0.405482782813523","1,1,1,2,3,2,3,2,2,2,3,3,2,2,2,2,2,3,4,3,5,1,2,2,2,2,2,2,1,2,3,4,3,3,4,4,2,2,5,5,5,5,1,1,1,1,5,1,1,1,5,5,5,5,5,1,1,1,1,5,6,5,5,2,2,5,5,5,5,5,1,5,2,2,5,5,5,5,5,5,5,2,2,2,2,7,5,5,5,5,8,9,10,5,5,5,2,5,5,5,5,5,5,5,5,5,5,3,3,5,5,5,5,4,4,4,4,4,4,4,4,2,2,2,2,2,2,2,2","0.000843048095703125","leiden","edit-xhwikibooks.graphml"
"0.04","0.5","0.46","0.433565477003357","1,1,1,2,3,2,3,2,2,2,3,3,2,2,2,2,2,3,4,3,5,1,2,2,2,2,2,2,1,2,3,4,3,3,4,4,2,2,5,5,5,5,1,1,1,1,5,1,1,1,5,5,5,5,5,1,1,1,1,5,6,5,5,2,2,5,5,5,5,5,1,5,2,2,5,5,5,5,5,5,5,2,2,2,2,7,5,5,5,5,8,9,10,5,5,5,2,5,5,5,5,5,5,5,5,5,5,3,3,5,5,5,5,4,4,4,4,4,4,4,4,2,2,2,2,2,2,2,2","0.000842094421386719","leiden","edit-xhwikibooks.graphml"
"0.03","0.51","0.46","0.434204227901675","1,1,1,2,3,2,3,2,2,2,3,3,2,2,2,2,2,3,4,3,5,1,2,2,2,2,2,2,1,2,3,4,3,3,4,4,2,2,5,5,5,5,1,1,1,1,5,1,1,1,5,5,5,5,5,1,1,1,1,5,6,5,5,2,2,5,5,5,5,5,1,5,2,2,5,5,5,5,5,5,5,2,2,2,2,7,5,5,5,5,8,9,10,5,5,5,2,5,5,5,5,5,5,5,5,5,5,3,3,5,5,5,5,4,4,4,4,4,4,4,4,2,2,2,2,2,2,2,2","0.000853061676025391","leiden","edit-xhwikibooks.graphml"
"0.02","0.52","0.46","0.434840880702641","1,1,1,2,3,2,3,2,2,2,3,3,2,2,2,2,2,3,4,3,5,1,2,2,2,2,2,2,1,2,3,4,3,3,4,4,2,2,5,5,5,5,1,1,1,1,5,1,1,1,5,5,5,5,5,1,1,1,1,5,6,5,5,2,2,5,5,5,5,5,1,5,2,2,5,5,5,5,5,5,5,2,2,2,2,7,5,5,5,5,8,9,10,5,5,5,2,5,5,5,5,5,5,5,5,5,5,3,3,5,5,5,5,4,4,4,4,4,4,4,4,2,2,2,2,2,2,2,2","0.000837087631225586","leiden","edit-xhwikibooks.graphml"
"0.01","0.53","0.46","0.423027702499247","1,1,1,2,3,2,3,2,2,2,3,3,2,2,2,2,2,3,4,3,5,1,2,2,2,2,2,2,1,2,3,4,3,3,4,4,2,2,5,5,5,5,1,1,1,1,5,1,1,1,5,5,5,5,5,1,1,1,1,5,6,5,5,2,2,5,5,5,5,5,1,5,2,2,5,5,5,5,5,5,5,2,2,2,2,7,5,5,5,5,8,9,10,5,5,5,2,5,5,5,5,5,5,5,5,5,5,3,3,5,5,5,5,4,4,4,4,4,4,4,4,2,2,2,2,2,2,2,2","0.000823020935058594","leiden","edit-xhwikibooks.graphml"
"0","0.54","0.46","0.425763626027128","1,1,1,1,1,2,3,2,2,2,3,3,2,2,2,2,2,3,4,3,5,1,2,2,2,2,2,2,1,2,3,4,3,3,4,4,2,2,5,5,5,5,1,1,1,1,5,1,1,1,5,5,5,5,5,1,1,1,1,5,6,5,5,2,2,5,5,5,5,5,1,5,2,2,5,5,5,5,5,5,5,2,2,2,2,7,5,5,5,5,8,9,10,5,5,5,2,5,5,5,5,5,5,5,5,5,5,3,3,5,5,5,5,4,4,4,4,4,4,4,4,2,2,2,2,2,2,2,2","0.000969886779785156","leiden","edit-xhwikibooks.graphml"
"0.53","0","0.47","0.394760625606097","1,1,2,3,2,3,2,3,3,3,2,2,3,3,3,3,3,2,4,2,5,1,3,3,3,3,3,3,1,3,2,4,2,2,4,4,3,3,5,5,5,5,1,1,1,1,5,1,1,1,5,5,5,5,5,1,1,1,1,5,3,5,5,3,3,5,5,5,5,5,1,5,3,3,5,5,5,5,5,5,5,3,3,3,3,1,5,5,5,5,3,2,4,5,5,5,3,5,5,5,5,5,5,5,5,5,5,2,2,5,5,5,5,4,4,4,4,4,4,4,4,3,3,3,3,3,3,3,3","0.000776052474975586","leiden","edit-xhwikibooks.graphml"
"0.52","0.01","0.47","0.394760625606097","1,1,2,3,2,3,2,3,3,3,2,2,3,3,3,3,3,2,4,2,5,1,3,3,3,3,3,3,1,3,2,4,2,2,4,4,3,3,5,5,5,5,1,1,1,1,5,1,1,1,5,5,5,5,5,1,1,1,1,5,3,5,5,3,3,5,5,5,5,5,1,5,3,3,5,5,5,5,5,5,5,3,3,3,3,1,5,5,5,5,3,2,4,5,5,5,3,5,5,5,5,5,5,5,5,5,5,2,2,5,5,5,5,4,4,4,4,4,4,4,4,3,3,3,3,3,3,3,3","0.000786066055297852","leiden","edit-xhwikibooks.graphml"
"0.51","0.02","0.47","0.394760625606097","1,1,2,3,2,3,2,3,3,3,2,2,3,3,3,3,3,2,4,2,5,1,3,3,3,3,3,3,1,3,2,4,2,2,4,4,3,3,5,5,5,5,1,1,1,1,5,1,1,1,5,5,5,5,5,1,1,1,1,5,3,5,5,3,3,5,5,5,5,5,1,5,3,3,5,5,5,5,5,5,5,3,3,3,3,1,5,5,5,5,3,2,4,5,5,5,3,5,5,5,5,5,5,5,5,5,5,2,2,5,5,5,5,4,4,4,4,4,4,4,4,3,3,3,3,3,3,3,3","0.000765085220336914","leiden","edit-xhwikibooks.graphml"
"0.5","0.03","0.47","0.394549202236263","1,1,2,3,2,3,2,3,3,3,2,2,3,3,3,3,3,2,4,2,5,1,3,3,3,3,3,3,1,3,2,4,2,2,4,4,3,3,5,5,5,5,1,1,1,1,5,1,1,1,5,5,5,5,5,1,1,1,1,5,3,5,5,3,3,5,5,5,5,5,1,5,3,3,5,5,5,5,5,5,5,3,3,3,3,1,5,5,5,5,3,2,4,5,5,5,3,5,5,5,5,5,5,5,5,5,5,2,2,5,5,5,5,4,4,4,4,4,4,4,4,3,3,3,3,3,3,3,3","0.000786781311035156","leiden","edit-xhwikibooks.graphml"
"0.49","0.04","0.47","0.394549202236263","1,1,2,3,2,3,2,3,3,3,2,2,3,3,3,3,3,2,4,2,5,1,3,3,3,3,3,3,1,3,2,4,2,2,4,4,3,3,5,5,5,5,1,1,1,1,5,1,1,1,5,5,5,5,5,1,1,1,1,5,3,5,5,3,3,5,5,5,5,5,1,5,3,3,5,5,5,5,5,5,5,3,3,3,3,1,5,5,5,5,3,2,4,5,5,5,3,5,5,5,5,5,5,5,5,5,5,2,2,5,5,5,5,4,4,4,4,4,4,4,4,3,3,3,3,3,3,3,3","0.000813961029052734","leiden","edit-xhwikibooks.graphml"
"0.48","0.05","0.47","0.394337988499329","1,1,2,3,2,3,2,3,3,3,2,2,3,3,3,3,3,2,4,2,5,1,3,3,3,3,3,3,1,3,2,4,2,2,4,4,3,3,5,5,5,5,1,1,1,1,5,1,1,1,5,5,5,5,5,1,1,1,1,5,3,5,5,3,3,5,5,5,5,5,1,5,3,3,5,5,5,5,5,5,5,3,3,3,3,1,5,5,5,5,3,2,4,5,5,5,3,5,5,5,5,5,5,5,5,5,5,2,2,5,5,5,5,4,4,4,4,4,4,4,4,3,3,3,3,3,3,3,3","0.00077509880065918","leiden","edit-xhwikibooks.graphml"
"0.47","0.06","0.47","0.39504465731871","1,1,2,3,2,3,2,3,3,3,2,2,3,3,3,3,3,2,4,2,5,1,3,3,3,3,3,3,1,3,2,4,2,2,4,4,3,3,5,5,5,5,1,1,1,1,5,1,1,1,5,5,5,5,5,1,1,1,1,5,3,5,5,3,3,5,5,5,5,5,1,5,3,3,5,5,5,5,5,5,5,3,3,3,3,1,5,5,5,5,3,2,4,5,5,5,3,5,5,5,5,5,5,5,5,5,5,2,2,5,5,5,5,4,4,4,4,4,4,4,4,3,3,3,3,3,3,3,3","0.000975131988525391","leiden","edit-xhwikibooks.graphml"
"0.46","0.07","0.47","0.394345517993235","1,1,2,3,2,3,2,3,3,3,4,2,3,3,3,3,3,4,4,2,5,1,3,3,3,3,3,3,1,3,4,4,2,2,4,4,3,3,5,5,5,5,1,1,1,1,5,1,1,1,5,5,5,5,5,1,1,1,1,5,3,5,5,3,3,5,5,5,5,5,1,5,3,3,5,5,5,5,5,5,5,3,3,3,3,1,5,5,5,5,3,4,4,5,5,5,3,5,5,5,5,5,5,5,5,5,5,2,2,5,5,5,5,4,4,4,4,4,4,4,4,3,3,3,3,3,3,3,3","0.000759124755859375","leiden","edit-xhwikibooks.graphml"
"0.45","0.08","0.47","0.395537810875473","1,1,2,3,2,3,2,3,3,3,2,2,3,3,3,3,3,2,4,2,5,1,3,3,3,3,3,3,1,3,2,4,2,2,4,4,3,3,5,5,5,5,1,1,1,1,5,1,1,1,5,5,5,5,5,1,1,1,1,5,3,5,5,3,3,5,5,5,5,5,1,5,3,3,5,5,5,5,5,5,5,3,3,3,3,1,5,5,5,5,3,2,4,5,5,5,3,5,5,5,5,5,5,5,5,5,5,2,2,5,5,5,5,4,4,4,4,4,4,4,4,3,3,3,3,3,3,3,3","0.000786066055297852","leiden","edit-xhwikibooks.graphml"
"0.44","0.09","0.47","0.395326789658985","1,1,2,3,2,3,2,3,3,3,2,2,3,3,3,3,3,2,4,2,5,1,3,3,3,3,3,3,1,3,2,4,2,2,4,4,3,3,5,5,5,5,1,1,1,1,5,1,1,1,5,5,5,5,5,1,1,1,1,5,3,5,5,3,3,5,5,5,5,5,1,5,3,3,5,5,5,5,5,5,5,3,3,3,3,1,5,5,5,5,3,2,4,5,5,5,3,5,5,5,5,5,5,5,5,5,5,2,2,5,5,5,5,4,4,4,4,4,4,4,4,3,3,3,3,3,3,3,3","0.000813961029052734","leiden","edit-xhwikibooks.graphml"
"0.43","0.1","0.47","0.405253767932392","1,1,2,3,2,3,2,3,3,3,2,2,3,3,3,3,3,2,4,2,5,1,3,3,3,3,3,3,1,3,2,4,2,2,4,4,3,3,5,5,5,5,1,1,1,1,5,1,1,1,5,5,5,5,5,1,1,1,1,5,3,5,5,3,3,5,5,5,5,5,1,5,3,3,5,5,5,5,5,5,5,3,3,3,3,1,5,5,5,5,3,2,4,5,5,5,3,5,5,5,5,5,5,5,5,5,5,2,2,5,5,5,5,4,4,4,4,4,4,4,4,3,3,3,3,3,3,3,3","0.000796794891357422","leiden","edit-xhwikibooks.graphml"
"0.42","0.11","0.47","0.405739649693615","1,1,2,3,2,3,2,3,3,3,2,2,3,3,3,3,3,2,4,2,5,1,3,3,3,3,3,3,1,3,2,4,2,2,4,4,3,3,5,5,5,5,1,1,1,1,5,1,1,1,5,5,5,5,5,1,1,1,1,5,3,5,5,3,3,5,5,5,5,5,1,5,3,3,5,5,5,5,5,5,5,3,3,3,3,1,5,5,5,5,3,2,4,5,5,5,3,5,5,5,5,5,5,5,5,5,5,2,2,5,5,5,5,4,4,4,4,4,4,4,4,3,3,3,3,3,3,3,3","0.000806093215942383","leiden","edit-xhwikibooks.graphml"
"0.41","0.12","0.47","0.40711538114067","1,1,2,3,2,3,2,3,3,3,2,2,3,3,3,3,3,2,4,2,5,1,3,3,3,3,3,3,1,3,2,4,2,2,4,4,3,3,5,5,5,5,1,1,1,1,5,1,1,1,5,5,5,5,5,1,1,1,1,5,3,5,5,3,3,5,5,5,5,5,1,5,3,3,5,5,5,5,5,5,5,3,3,3,3,1,5,5,5,5,3,2,4,5,5,5,3,5,5,5,5,5,5,5,5,5,5,2,2,5,5,5,5,4,4,4,4,4,4,4,4,3,3,3,3,3,3,3,3","0.000794887542724609","leiden","edit-xhwikibooks.graphml"
"0.4","0.13","0.47","0.406894681813926","1,1,2,3,2,3,2,3,3,3,2,2,3,3,3,3,3,2,4,2,5,1,3,3,3,3,3,3,1,3,2,4,2,2,4,4,3,3,5,5,5,5,1,1,1,1,5,1,1,1,5,5,5,5,5,1,1,1,1,5,3,5,5,3,3,5,5,5,5,5,1,5,3,3,5,5,5,5,5,5,5,3,3,3,3,1,5,5,5,5,3,2,4,5,5,5,3,5,5,5,5,5,5,5,5,5,5,2,2,5,5,5,5,4,4,4,4,4,4,4,4,3,3,3,3,3,3,3,3","0.000808000564575195","leiden","edit-xhwikibooks.graphml"
"0.39","0.14","0.47","0.406894681813926","1,1,2,3,2,3,2,3,3,3,2,2,3,3,3,3,3,2,4,2,5,1,3,3,3,3,3,3,1,3,2,4,2,2,4,4,3,3,5,5,5,5,1,1,1,1,5,1,1,1,5,5,5,5,5,1,1,1,1,5,3,5,5,3,3,5,5,5,5,5,1,5,3,3,5,5,5,5,5,5,5,3,3,3,3,1,5,5,5,5,3,2,4,5,5,5,3,5,5,5,5,5,5,5,5,5,5,2,2,5,5,5,5,4,4,4,4,4,4,4,4,3,3,3,3,3,3,3,3","0.000819206237792969","leiden","edit-xhwikibooks.graphml"
"0.38","0.15","0.47","0.408042346028239","1,1,2,3,2,3,2,3,3,3,2,2,3,3,3,3,3,2,4,2,5,1,3,3,3,3,3,3,1,3,2,4,2,2,4,4,3,3,5,5,5,5,1,1,1,1,5,1,1,1,5,5,5,5,5,1,1,1,1,5,3,5,5,3,3,5,5,5,5,5,1,5,3,3,5,5,5,5,5,5,5,3,3,3,3,1,5,5,5,5,3,2,4,5,5,5,3,5,5,5,5,5,5,5,5,5,5,2,2,5,5,5,5,4,4,4,4,4,4,4,4,3,3,3,3,3,3,3,3","0.000802993774414062","leiden","edit-xhwikibooks.graphml"
"0.37","0.16","0.47","0.408740912159279","1,1,2,3,2,3,2,3,3,3,2,2,3,3,3,3,3,2,4,2,5,1,3,3,3,3,3,3,1,3,2,4,2,2,4,4,3,3,5,5,5,5,1,1,1,1,5,1,1,1,5,5,5,5,5,1,1,1,1,5,3,5,5,3,3,5,5,5,5,5,1,5,3,3,5,5,5,5,5,5,5,3,3,3,3,1,5,5,5,5,3,2,4,5,5,5,3,5,5,5,5,5,5,5,5,5,5,2,2,5,5,5,5,4,4,4,4,4,4,4,4,3,3,3,3,3,3,3,3","0.000834941864013672","leiden","edit-xhwikibooks.graphml"
"0.36","0.17","0.47","0.409217039583257","1,1,2,3,2,3,2,3,3,3,2,2,3,3,3,3,3,2,4,2,5,1,3,3,3,3,3,3,1,3,2,4,2,2,4,4,3,3,5,5,5,5,1,1,1,1,5,1,1,1,5,5,5,5,5,1,1,1,1,5,3,5,5,3,3,5,5,5,5,5,1,5,3,3,5,5,5,5,5,5,5,3,3,3,3,1,5,5,5,5,3,2,4,5,5,5,3,5,5,5,5,5,5,5,5,5,5,2,2,5,5,5,5,4,4,4,4,4,4,4,4,3,3,3,3,3,3,3,3","0.00079798698425293","leiden","edit-xhwikibooks.graphml"
"0.35","0.18","0.47","0.409331168115196","1,1,2,3,2,3,2,3,3,3,2,2,3,3,3,3,3,2,4,2,5,1,3,3,3,3,3,3,1,3,2,4,2,2,4,4,3,3,5,5,5,5,1,1,1,1,5,1,1,1,5,5,5,5,5,1,1,1,1,5,3,5,5,3,3,5,5,5,5,5,1,5,3,3,5,5,5,5,5,5,5,3,3,3,3,1,5,5,5,5,3,2,4,5,5,5,3,5,5,5,5,5,5,5,5,5,5,2,2,5,5,5,5,4,4,4,4,4,4,4,4,3,3,3,3,3,3,3,3","0.000995874404907227","leiden","edit-xhwikibooks.graphml"
"0.34","0.19","0.47","0.409110643104503","1,1,2,3,2,3,2,3,3,3,2,2,3,3,3,3,3,2,4,2,5,1,3,3,3,3,3,3,1,3,2,4,2,2,4,4,3,3,5,5,5,5,1,1,1,1,5,1,1,1,5,5,5,5,5,1,1,1,1,5,3,5,5,3,3,5,5,5,5,5,1,5,3,3,5,5,5,5,5,5,5,3,3,3,3,1,5,5,5,5,3,2,4,5,5,5,3,5,5,5,5,5,5,5,5,5,5,2,2,5,5,5,5,4,4,4,4,4,4,4,4,3,3,3,3,3,3,3,3","0.000809907913208008","leiden","edit-xhwikibooks.graphml"
"0.33","0.2","0.47","0.410432842872148","1,1,2,3,2,3,2,3,3,3,2,2,3,3,3,3,3,2,4,2,5,1,3,3,3,3,3,3,1,3,2,4,2,2,4,4,3,3,5,5,5,5,1,1,1,1,5,1,1,1,5,5,5,5,5,1,1,1,1,5,3,5,5,3,3,5,5,5,5,5,1,5,3,3,5,5,5,5,5,5,5,3,3,3,3,1,5,5,5,5,3,2,4,5,5,5,3,5,5,5,5,5,5,5,5,5,5,2,2,5,5,5,5,4,4,4,4,4,4,4,4,3,3,3,3,3,3,3,3","0.000818967819213867","leiden","edit-xhwikibooks.graphml"
"0.32","0.21","0.47","0.410212449575928","1,1,2,3,2,3,2,3,3,3,2,2,3,3,3,3,3,2,4,2,5,1,3,3,3,3,3,3,1,3,2,4,2,2,4,4,3,3,5,5,5,5,1,1,1,1,5,1,1,1,5,5,5,5,5,1,1,1,1,5,3,5,5,3,3,5,5,5,5,5,1,5,3,3,5,5,5,5,5,5,5,3,3,3,3,1,5,5,5,5,3,2,4,5,5,5,3,5,5,5,5,5,5,5,5,5,5,2,2,5,5,5,5,4,4,4,4,4,4,4,4,3,3,3,3,3,3,3,3","0.00078892707824707","leiden","edit-xhwikibooks.graphml"
"0.31","0.22","0.47","0.410212449575928","1,1,2,3,2,3,2,3,3,3,2,2,3,3,3,3,3,2,4,2,5,1,3,3,3,3,3,3,1,3,2,4,2,2,4,4,3,3,5,5,5,5,1,1,1,1,5,1,1,1,5,5,5,5,5,1,1,1,1,5,3,5,5,3,3,5,5,5,5,5,1,5,3,3,5,5,5,5,5,5,5,3,3,3,3,1,5,5,5,5,3,2,4,5,5,5,3,5,5,5,5,5,5,5,5,5,5,2,2,5,5,5,5,4,4,4,4,4,4,4,4,3,3,3,3,3,3,3,3","0.00077509880065918","leiden","edit-xhwikibooks.graphml"
"0.3","0.23","0.47","0.411339902539481","1,1,2,3,2,3,2,3,3,3,2,2,3,3,3,3,3,2,4,2,5,1,3,3,3,3,3,3,1,3,2,4,2,2,4,4,3,3,5,5,5,5,1,1,1,1,5,1,1,1,5,5,5,5,5,1,1,1,1,5,3,5,5,3,3,5,5,5,5,5,1,5,3,3,5,5,5,5,5,5,5,3,3,3,3,1,5,5,5,5,3,2,4,5,5,5,3,5,5,5,5,5,5,5,5,5,5,2,2,5,5,5,5,4,4,4,4,4,4,4,4,3,3,3,3,3,3,3,3","0.000823020935058594","leiden","edit-xhwikibooks.graphml"
"0.29","0.24","0.47","0.410850923719783","1,1,2,3,2,3,2,3,3,3,4,2,3,3,3,3,3,4,4,2,5,1,3,3,3,3,3,3,1,3,4,4,2,2,4,4,3,3,5,5,5,5,1,1,1,1,5,1,1,1,5,5,5,5,5,1,1,1,1,5,3,5,5,3,3,5,5,5,5,5,1,5,3,3,5,5,5,5,5,5,5,3,3,3,3,1,5,5,5,5,3,4,4,5,5,5,3,5,5,5,5,5,5,5,5,5,5,2,2,5,5,5,5,4,4,4,4,4,4,4,4,3,3,3,3,3,3,3,3","0.000821113586425781","leiden","edit-xhwikibooks.graphml"
"0.28","0.25","0.47","0.413112300860973","1,1,2,3,2,3,2,3,3,3,2,2,3,3,3,3,3,2,4,2,5,1,3,3,3,3,3,3,1,3,2,4,2,2,4,4,3,3,5,5,5,5,1,1,1,1,5,1,1,1,5,5,5,5,5,1,1,1,1,5,3,5,5,3,3,5,5,5,5,5,1,5,3,3,5,5,5,5,5,5,5,3,3,3,3,1,5,5,5,5,3,2,4,5,5,5,3,5,5,5,5,5,5,5,5,5,5,2,2,5,5,5,5,4,4,4,4,4,4,4,4,3,3,3,3,3,3,3,3","0.000803947448730469","leiden","edit-xhwikibooks.graphml"
"0.27","0.26","0.47","0.413112300860973","1,1,2,3,2,3,2,3,3,3,2,2,3,3,3,3,3,2,4,2,5,1,3,3,3,3,3,3,1,3,2,4,2,2,4,4,3,3,5,5,5,5,1,1,1,1,5,1,1,1,5,5,5,5,5,1,1,1,1,5,3,5,5,3,3,5,5,5,5,5,1,5,3,3,5,5,5,5,5,5,5,3,3,3,3,1,5,5,5,5,3,2,4,5,5,5,3,5,5,5,5,5,5,5,5,5,5,2,2,5,5,5,5,4,4,4,4,4,4,4,4,3,3,3,3,3,3,3,3","0.000798940658569336","leiden","edit-xhwikibooks.graphml"
"0.26","0.27","0.47","0.413112300860973","1,1,2,3,2,3,2,3,3,3,2,2,3,3,3,3,3,2,4,2,5,1,3,3,3,3,3,3,1,3,2,4,2,2,4,4,3,3,5,5,5,5,1,1,1,1,5,1,1,1,5,5,5,5,5,1,1,1,1,5,3,5,5,3,3,5,5,5,5,5,1,5,3,3,5,5,5,5,5,5,5,3,3,3,3,1,5,5,5,5,3,2,4,5,5,5,3,5,5,5,5,5,5,5,5,5,5,2,2,5,5,5,5,4,4,4,4,4,4,4,4,3,3,3,3,3,3,3,3","0.000838994979858398","leiden","edit-xhwikibooks.graphml"
"0.25","0.28","0.47","0.412892271105826","1,1,2,3,2,3,2,3,3,3,2,2,3,3,3,3,3,2,4,2,5,1,3,3,3,3,3,3,1,3,2,4,2,2,4,4,3,3,5,5,5,5,1,1,1,1,5,1,1,1,5,5,5,5,5,1,1,1,1,5,3,5,5,3,3,5,5,5,5,5,1,5,3,3,5,5,5,5,5,5,5,3,3,3,3,1,5,5,5,5,3,2,4,5,5,5,3,5,5,5,5,5,5,5,5,5,5,2,2,5,5,5,5,4,4,4,4,4,4,4,4,3,3,3,3,3,3,3,3","0.000808000564575195","leiden","edit-xhwikibooks.graphml"
"0.24","0.29","0.47","0.414222996304138","1,1,2,3,2,3,2,3,3,3,2,2,3,3,3,3,3,2,4,2,5,1,3,3,3,3,3,3,1,3,2,4,2,2,4,4,3,3,5,5,5,5,1,1,1,1,5,1,1,1,5,5,5,5,5,1,1,1,1,5,3,5,5,3,3,5,5,5,5,5,1,5,3,3,5,5,5,5,5,5,5,3,3,3,3,1,5,5,5,5,3,2,4,5,5,5,3,5,5,5,5,5,5,5,5,5,5,2,2,5,5,5,5,4,4,4,4,4,4,4,4,3,3,3,3,3,3,3,3","0.000813961029052734","leiden","edit-xhwikibooks.graphml"
"0.23","0.3","0.47","0.41207496090924","1,1,2,3,2,3,2,3,3,3,2,2,3,3,3,3,3,2,4,2,5,1,3,3,3,3,3,3,1,3,2,4,2,2,4,4,3,3,5,5,5,5,1,1,1,1,5,1,1,1,5,5,5,5,5,1,1,1,1,5,3,5,5,3,3,5,5,5,5,5,1,5,3,3,5,5,5,5,5,5,5,3,3,3,3,1,5,5,5,5,3,2,4,5,5,5,3,5,5,5,5,5,5,5,5,5,5,2,2,5,5,5,5,4,4,4,4,4,4,4,4,3,3,3,3,3,3,3,3","0.000896930694580078","leiden","edit-xhwikibooks.graphml"
"0.22","0.31","0.47","0.413445704642489","1,1,2,3,2,3,2,3,3,3,2,2,3,3,3,3,3,2,4,2,5,1,3,3,3,3,3,3,1,3,2,4,2,2,4,4,3,3,5,5,5,5,1,1,1,1,5,1,1,1,5,5,5,5,5,1,1,1,1,5,3,5,5,3,3,5,5,5,5,5,1,5,3,3,5,5,5,5,5,5,5,3,3,3,3,1,5,5,5,5,3,2,4,5,5,5,3,5,5,5,5,5,5,5,5,5,5,2,2,5,5,5,5,4,4,4,4,4,4,4,4,3,3,3,3,3,3,3,3","0.000802993774414062","leiden","edit-xhwikibooks.graphml"
"0.21","0.32","0.47","0.413225512070366","1,1,2,3,2,3,2,3,3,3,2,2,3,3,3,3,3,2,4,2,5,1,3,3,3,3,3,3,1,3,2,4,2,2,4,4,3,3,5,5,5,5,1,1,1,1,5,1,1,1,5,5,5,5,5,1,1,1,1,5,3,5,5,3,3,5,5,5,5,5,1,5,3,3,5,5,5,5,5,5,5,3,3,3,3,1,5,5,5,5,3,2,4,5,5,5,3,5,5,5,5,5,5,5,5,5,5,2,2,5,5,5,5,4,4,4,4,4,4,4,4,3,3,3,3,3,3,3,3","0.000793933868408203","leiden","edit-xhwikibooks.graphml"
"0.2","0.33","0.47","0.413225512070366","1,1,2,3,2,3,2,3,3,3,2,2,3,3,3,3,3,2,4,2,5,1,3,3,3,3,3,3,1,3,2,4,2,2,4,4,3,3,5,5,5,5,1,1,1,1,5,1,1,1,5,5,5,5,5,1,1,1,1,5,3,5,5,3,3,5,5,5,5,5,1,5,3,3,5,5,5,5,5,5,5,3,3,3,3,1,5,5,5,5,3,2,4,5,5,5,3,5,5,5,5,5,5,5,5,5,5,2,2,5,5,5,5,4,4,4,4,4,4,4,4,3,3,3,3,3,3,3,3","0.000803947448730469","leiden","edit-xhwikibooks.graphml"
"0.19","0.34","0.47","0.422505760681831","1,1,2,3,2,3,2,3,3,3,2,2,3,3,3,3,3,2,4,2,5,1,3,3,3,3,3,3,1,3,2,4,2,2,4,4,3,3,5,5,5,5,1,1,1,1,5,1,1,1,5,5,5,5,5,1,1,1,1,5,3,5,5,3,3,5,5,5,5,5,1,5,3,3,5,5,5,5,5,5,5,3,3,3,3,1,5,5,5,5,3,2,4,5,5,5,3,5,5,5,5,5,5,5,5,5,5,2,2,5,5,5,5,4,4,4,4,4,4,4,4,3,3,3,3,3,3,3,3","0.000812053680419922","leiden","edit-xhwikibooks.graphml"
"0.18","0.35","0.47","0.422505760681831","1,1,2,3,2,3,2,3,3,3,2,2,3,3,3,3,3,2,4,2,5,1,3,3,3,3,3,3,1,3,2,4,2,2,4,4,3,3,5,5,5,5,1,1,1,1,5,1,1,1,5,5,5,5,5,1,1,1,1,5,3,5,5,3,3,5,5,5,5,5,1,5,3,3,5,5,5,5,5,5,5,3,3,3,3,1,5,5,5,5,3,2,4,5,5,5,3,5,5,5,5,5,5,5,5,5,5,2,2,5,5,5,5,4,4,4,4,4,4,4,4,3,3,3,3,3,3,3,3","0.000823974609375","leiden","edit-xhwikibooks.graphml"
"0.17","0.36","0.47","0.418667810712234","1,1,2,2,2,3,2,3,3,3,2,2,3,3,3,3,3,2,4,2,5,1,3,3,3,3,3,3,1,3,2,4,2,2,4,4,3,3,5,5,5,5,1,1,1,1,5,1,1,1,5,5,5,5,5,1,1,1,1,5,3,5,5,3,3,5,5,5,5,5,1,5,3,3,5,5,5,5,5,5,5,3,3,3,3,1,5,5,5,5,3,2,4,5,5,5,3,5,5,5,5,5,5,5,5,5,5,2,2,5,5,5,5,4,4,4,4,4,4,4,4,3,3,3,3,3,3,3,3","0.000838041305541992","leiden","edit-xhwikibooks.graphml"
"0.16","0.37","0.47","0.418667810712234","1,1,2,2,2,3,2,3,3,3,2,2,3,3,3,3,3,2,4,2,5,1,3,3,3,3,3,3,1,3,2,4,2,2,4,4,3,3,5,5,5,5,1,1,1,1,5,1,1,1,5,5,5,5,5,1,1,1,1,5,3,5,5,3,3,5,5,5,5,5,1,5,3,3,5,5,5,5,5,5,5,3,3,3,3,1,5,5,5,5,3,2,4,5,5,5,3,5,5,5,5,5,5,5,5,5,5,2,2,5,5,5,5,4,4,4,4,4,4,4,4,3,3,3,3,3,3,3,3","0.000877857208251953","leiden","edit-xhwikibooks.graphml"
"0.15","0.38","0.47","0.41844700610035","1,1,2,2,2,3,2,3,3,3,2,2,3,3,3,3,3,2,4,2,5,1,3,3,3,3,3,3,1,3,2,4,2,2,4,4,3,3,5,5,5,5,1,1,1,1,5,1,1,1,5,5,5,5,5,1,1,1,1,5,3,5,5,3,3,5,5,5,5,5,1,5,3,3,5,5,5,5,5,5,5,3,3,3,3,1,5,5,5,5,3,2,4,5,5,5,3,5,5,5,5,5,5,5,5,5,5,2,2,5,5,5,5,4,4,4,4,4,4,4,4,3,3,3,3,3,3,3,3","0.000844001770019531","leiden","edit-xhwikibooks.graphml"
"0.14","0.39","0.47","0.419118497864971","1,1,2,2,2,3,2,3,3,3,2,2,3,3,3,3,3,2,4,2,5,1,3,3,3,3,3,3,1,3,2,4,2,2,4,4,3,3,5,5,5,5,1,1,1,1,5,1,1,1,5,5,5,5,5,1,1,1,1,5,3,5,5,3,3,5,5,5,5,5,1,5,3,3,5,5,5,5,5,5,5,3,3,3,3,1,5,5,5,5,3,2,4,5,5,5,3,5,5,5,5,5,5,5,5,5,5,2,2,5,5,5,5,4,4,4,4,4,4,4,4,3,3,3,3,3,3,3,3","0.000848054885864258","leiden","edit-xhwikibooks.graphml"
"0.13","0.4","0.47","0.420198699960829","1,1,2,2,2,2,2,3,3,2,2,2,3,3,3,2,2,2,4,2,5,1,3,3,3,3,3,2,1,2,2,4,2,2,4,4,3,3,5,5,5,5,1,1,1,1,5,1,1,1,5,5,5,5,5,1,1,1,1,5,3,5,5,3,3,5,5,5,5,5,1,5,3,3,5,5,5,5,5,5,5,3,2,2,2,1,5,5,5,5,2,2,4,5,5,5,2,5,5,5,5,5,5,5,5,5,5,2,2,5,5,5,5,4,4,4,4,4,4,4,4,3,3,3,3,3,3,3,3","0.00084996223449707","leiden","edit-xhwikibooks.graphml"
"0.12","0.41","0.47","0.420198699960829","1,1,2,2,2,2,2,3,3,2,2,2,3,3,3,2,2,2,4,2,5,1,3,3,3,3,3,2,1,2,2,4,2,2,4,4,3,3,5,5,5,5,1,1,1,1,5,1,1,1,5,5,5,5,5,1,1,1,1,5,3,5,5,3,3,5,5,5,5,5,1,5,3,3,5,5,5,5,5,5,5,3,2,2,2,1,5,5,5,5,2,2,4,5,5,5,2,5,5,5,5,5,5,5,5,5,5,2,2,5,5,5,5,4,4,4,4,4,4,4,4,3,3,3,3,3,3,3,3","0.000906944274902344","leiden","edit-xhwikibooks.graphml"
"0.11","0.42","0.47","0.411057860590431","1,1,1,2,3,2,3,2,2,2,3,3,2,2,2,2,2,3,4,3,5,1,2,2,2,2,2,2,1,2,3,4,3,3,4,4,2,2,5,5,5,5,1,1,1,1,5,1,1,1,5,5,5,5,5,1,1,1,1,5,2,5,5,2,2,5,5,5,5,5,1,5,2,2,5,5,5,5,5,5,5,2,2,2,2,1,5,5,5,5,2,3,4,5,5,5,2,5,5,5,5,5,5,5,5,5,5,3,3,5,5,5,5,4,4,4,4,4,4,4,4,2,2,2,2,2,2,2,2","0.000862836837768555","leiden","edit-xhwikibooks.graphml"
"0.1","0.43","0.47","0.412395468542446","1,1,1,2,3,2,3,2,2,2,3,3,2,2,2,2,2,3,4,3,5,1,2,2,2,2,2,2,1,2,3,4,3,3,4,4,2,2,5,5,5,5,1,1,1,1,5,1,1,1,5,5,5,5,5,1,1,1,1,5,2,5,5,2,2,5,5,5,5,5,1,5,2,2,5,5,5,5,5,5,5,2,2,2,2,1,5,5,5,5,2,3,4,5,5,5,2,5,5,5,5,5,5,5,5,5,5,3,3,5,5,5,5,4,4,4,4,4,4,4,4,2,2,2,2,2,2,2,2","0.00081181526184082","leiden","edit-xhwikibooks.graphml"
"0.09","0.44","0.47","0.412176278199721","1,1,1,2,3,2,3,2,2,2,3,3,2,2,2,2,2,3,4,3,5,1,2,2,2,2,2,2,1,2,3,4,3,3,4,4,2,2,5,5,5,5,1,1,1,1,5,1,1,1,5,5,5,5,5,1,1,1,1,5,2,5,5,2,2,5,5,5,5,5,1,5,2,2,5,5,5,5,5,5,5,2,2,2,2,1,5,5,5,5,2,3,4,5,5,5,2,5,5,5,5,5,5,5,5,5,5,3,3,5,5,5,5,4,4,4,4,4,4,4,4,2,2,2,2,2,2,2,2","0.000806093215942383","leiden","edit-xhwikibooks.graphml"
"0.08","0.45","0.47","0.413506767805979","1,1,1,2,3,2,3,2,2,2,3,3,2,2,2,2,2,3,4,3,5,1,2,2,2,2,2,2,1,2,3,4,3,3,4,4,2,2,5,5,5,5,1,1,1,1,5,1,1,1,5,5,5,5,5,1,1,1,1,5,2,5,5,2,2,5,5,5,5,5,1,5,2,2,5,5,5,5,5,5,5,2,2,2,2,1,5,5,5,5,2,3,4,5,5,5,2,5,5,5,5,5,5,5,5,5,5,3,3,5,5,5,5,4,4,4,4,4,4,4,4,2,2,2,2,2,2,2,2","0.00078892707824707","leiden","edit-xhwikibooks.graphml"
"0.07","0.46","0.47","0.413287671232877","1,1,1,2,3,2,3,2,2,2,3,3,2,2,2,2,2,3,4,3,5,1,2,2,2,2,2,2,1,2,3,4,3,3,4,4,2,2,5,5,5,5,1,1,1,1,5,1,1,1,5,5,5,5,5,1,1,1,1,5,2,5,5,2,2,5,5,5,5,5,1,5,2,2,5,5,5,5,5,5,5,2,2,2,2,1,5,5,5,5,2,3,4,5,5,5,2,5,5,5,5,5,5,5,5,5,5,3,3,5,5,5,5,4,4,4,4,4,4,4,4,2,2,2,2,2,2,2,2","0.000813961029052734","leiden","edit-xhwikibooks.graphml"
"0.06","0.47","0.47","0.41396453817976","1,1,1,2,3,2,3,2,2,2,3,3,2,2,2,2,2,3,4,3,5,1,2,2,2,2,2,2,1,2,3,4,3,3,4,4,2,2,5,5,5,5,1,1,1,1,5,1,1,1,5,5,5,5,5,1,1,1,1,5,2,5,5,2,2,5,5,5,5,5,1,5,2,2,5,5,5,5,5,5,5,2,2,2,2,1,5,5,5,5,2,3,4,5,5,5,2,5,5,5,5,5,5,5,5,5,5,3,3,5,5,5,5,4,4,4,4,4,4,4,4,2,2,2,2,2,2,2,2","0.000802040100097656","leiden","edit-xhwikibooks.graphml"
"0.05","0.48","0.47","0.410312273741562","1,1,1,2,3,2,3,2,2,2,3,3,2,2,2,2,2,3,4,3,5,1,2,2,2,2,2,2,1,2,3,4,3,3,4,4,2,2,5,5,5,5,1,1,1,1,5,1,1,1,5,5,5,5,5,1,1,1,1,5,6,5,5,2,2,5,5,5,5,5,1,5,2,2,5,5,5,5,5,5,5,2,2,2,2,7,5,5,5,5,8,9,10,5,5,5,2,5,5,5,5,5,5,5,5,5,5,3,3,5,5,5,5,4,4,4,4,4,4,4,4,2,2,2,2,2,2,2,2","0.000885009765625","leiden","edit-xhwikibooks.graphml"
"0.04","0.49","0.47","0.410312273741562","1,1,1,2,3,2,3,2,2,2,3,3,2,2,2,2,2,3,4,3,5,1,2,2,2,2,2,2,1,2,3,4,3,3,4,4,2,2,5,5,5,5,1,1,1,1,5,1,1,1,5,5,5,5,5,1,1,1,1,5,6,5,5,2,2,5,5,5,5,5,1,5,2,2,5,5,5,5,5,5,5,2,2,2,2,7,5,5,5,5,8,9,10,5,5,5,2,5,5,5,5,5,5,5,5,5,5,3,3,5,5,5,5,4,4,4,4,4,4,4,4,2,2,2,2,2,2,2,2","0.000844955444335938","leiden","edit-xhwikibooks.graphml"
"0.03","0.5","0.47","0.437815713092707","1,1,1,2,3,2,3,2,2,2,3,3,2,2,2,2,2,3,4,3,5,1,2,2,2,2,2,2,1,2,3,4,3,3,4,4,2,2,5,5,5,5,1,1,1,1,5,1,1,1,5,5,5,5,5,1,1,1,1,5,6,5,5,2,2,5,5,5,5,5,1,5,2,2,5,5,5,5,5,5,5,2,2,2,2,7,5,5,5,5,8,9,10,5,5,5,2,5,5,5,5,5,5,5,5,5,5,3,3,5,5,5,5,4,4,4,4,4,4,4,4,2,2,2,2,2,2,2,2","0.000874042510986328","leiden","edit-xhwikibooks.graphml"
"0.02","0.51","0.47","0.439069396502943","1,1,1,2,3,2,3,2,2,2,3,3,2,2,2,2,2,3,4,3,5,1,2,2,2,2,2,2,1,2,3,4,3,3,4,4,2,2,5,5,5,5,1,1,1,1,5,1,1,1,5,5,5,5,5,1,1,1,1,5,6,5,5,2,2,5,5,5,5,5,1,5,2,2,5,5,5,5,5,5,5,2,2,2,2,7,5,5,5,5,8,9,10,5,5,5,2,5,5,5,5,5,5,5,5,5,5,3,3,5,5,5,5,4,4,4,4,4,4,4,4,2,2,2,2,2,2,2,2","0.00088191032409668","leiden","edit-xhwikibooks.graphml"
"0.01","0.52","0.47","0.439069396502943","1,1,1,2,3,2,3,2,2,2,3,3,2,2,2,2,2,3,4,3,5,1,2,2,2,2,2,2,1,2,3,4,3,3,4,4,2,2,5,5,5,5,1,1,1,1,5,1,1,1,5,5,5,5,5,1,1,1,1,5,6,5,5,2,2,5,5,5,5,5,1,5,2,2,5,5,5,5,5,5,5,2,2,2,2,7,5,5,5,5,8,9,10,5,5,5,2,5,5,5,5,5,5,5,5,5,5,3,3,5,5,5,5,4,4,4,4,4,4,4,4,2,2,2,2,2,2,2,2","0.000878095626831055","leiden","edit-xhwikibooks.graphml"
"0","0.53","0.47","0.440033401646255","1,1,1,1,1,2,3,2,2,2,3,3,2,2,2,2,2,3,4,3,5,1,2,2,2,2,2,2,1,2,3,4,3,3,4,4,2,2,5,5,5,5,1,1,1,1,5,1,1,1,5,5,5,5,5,1,1,1,1,5,6,5,5,2,2,5,5,5,5,5,1,5,2,2,5,5,5,5,5,5,5,2,2,2,2,7,5,5,5,5,8,9,10,5,5,5,2,5,5,5,5,5,5,5,5,5,5,3,3,5,5,5,5,4,4,4,4,4,4,4,4,2,2,2,2,2,2,2,2","0.00112700462341309","leiden","edit-xhwikibooks.graphml"
"0.52","0","0.48","0.394116483106043","1,1,2,3,2,3,2,3,3,3,2,2,3,3,3,3,3,2,4,2,5,1,3,3,3,3,3,3,1,3,2,4,2,2,4,4,3,3,5,5,5,5,1,1,1,1,5,1,1,1,5,5,5,5,5,1,1,1,1,5,3,5,5,3,3,5,5,5,5,5,1,5,3,3,5,5,5,5,5,5,5,3,3,3,3,1,5,5,5,5,3,2,4,5,5,5,3,5,5,5,5,5,5,5,5,5,5,2,2,5,5,5,5,4,4,4,4,4,4,4,4,3,3,3,3,3,3,3,3","0.000831842422485352","leiden","edit-xhwikibooks.graphml"
"0.51","0.01","0.48","0.394116483106043","1,1,2,3,2,3,2,3,3,3,2,2,3,3,3,3,3,2,4,2,5,1,3,3,3,3,3,3,1,3,2,4,2,2,4,4,3,3,5,5,5,5,1,1,1,1,5,1,1,1,5,5,5,5,5,1,1,1,1,5,3,5,5,3,3,5,5,5,5,5,1,5,3,3,5,5,5,5,5,5,5,3,3,3,3,1,5,5,5,5,3,2,4,5,5,5,3,5,5,5,5,5,5,5,5,5,5,2,2,5,5,5,5,4,4,4,4,4,4,4,4,3,3,3,3,3,3,3,3","0.000943899154663086","leiden","edit-xhwikibooks.graphml"
"0.5","0.02","0.48","0.394116483106043","1,1,2,3,2,3,2,3,3,3,2,2,3,3,3,3,3,2,4,2,5,1,3,3,3,3,3,3,1,3,2,4,2,2,4,4,3,3,5,5,5,5,1,1,1,1,5,1,1,1,5,5,5,5,5,1,1,1,1,5,3,5,5,3,3,5,5,5,5,5,1,5,3,3,5,5,5,5,5,5,5,3,3,3,3,1,5,5,5,5,3,2,4,5,5,5,3,5,5,5,5,5,5,5,5,5,5,2,2,5,5,5,5,4,4,4,4,4,4,4,4,3,3,3,3,3,3,3,3","0.000931024551391602","leiden","edit-xhwikibooks.graphml"
"0.49","0.03","0.48","0.393905779999075","1,1,2,3,2,3,2,3,3,3,2,2,3,3,3,3,3,2,4,2,5,1,3,3,3,3,3,3,1,3,2,4,2,2,4,4,3,3,5,5,5,5,1,1,1,1,5,1,1,1,5,5,5,5,5,1,1,1,1,5,3,5,5,3,3,5,5,5,5,5,1,5,3,3,5,5,5,5,5,5,5,3,3,3,3,1,5,5,5,5,3,2,4,5,5,5,3,5,5,5,5,5,5,5,5,5,5,2,2,5,5,5,5,4,4,4,4,4,4,4,4,3,3,3,3,3,3,3,3","0.0348079204559326","leiden","edit-xhwikibooks.graphml"
"0.48","0.04","0.48","0.394611711304112","1,1,2,3,2,3,2,3,3,3,2,2,3,3,3,3,3,2,4,2,5,1,3,3,3,3,3,3,1,3,2,4,2,2,4,4,3,3,5,5,5,5,1,1,1,1,5,1,1,1,5,5,5,5,5,1,1,1,1,5,3,5,5,3,3,5,5,5,5,5,1,5,3,3,5,5,5,5,5,5,5,3,3,3,3,1,5,5,5,5,3,2,4,5,5,5,3,5,5,5,5,5,5,5,5,5,5,2,2,5,5,5,5,4,4,4,4,4,4,4,4,3,3,3,3,3,3,3,3","0.00175595283508301","leiden","edit-xhwikibooks.graphml"
"0.47","0.05","0.48","0.394611711304112","1,1,2,3,2,3,2,3,3,3,2,2,3,3,3,3,3,2,4,2,5,1,3,3,3,3,3,3,1,3,2,4,2,2,4,4,3,3,5,5,5,5,1,1,1,1,5,1,1,1,5,5,5,5,5,1,1,1,1,5,3,5,5,3,3,5,5,5,5,5,1,5,3,3,5,5,5,5,5,5,5,3,3,3,3,1,5,5,5,5,3,2,4,5,5,5,3,5,5,5,5,5,5,5,5,5,5,2,2,5,5,5,5,4,4,4,4,4,4,4,4,3,3,3,3,3,3,3,3","0.00167202949523926","leiden","edit-xhwikibooks.graphml"
"0.46","0.06","0.48","0.394611711304112","1,1,2,3,2,3,2,3,3,3,2,2,3,3,3,3,3,2,4,2,5,1,3,3,3,3,3,3,1,3,2,4,2,2,4,4,3,3,5,5,5,5,1,1,1,1,5,1,1,1,5,5,5,5,5,1,1,1,1,5,3,5,5,3,3,5,5,5,5,5,1,5,3,3,5,5,5,5,5,5,5,3,3,3,3,1,5,5,5,5,3,2,4,5,5,5,3,5,5,5,5,5,5,5,5,5,5,2,2,5,5,5,5,4,4,4,4,4,4,4,4,3,3,3,3,3,3,3,3","0.00160789489746094","leiden","edit-xhwikibooks.graphml"
"0.45","0.07","0.48","0.394401103201796","1,1,2,3,2,3,2,3,3,3,2,2,3,3,3,3,3,2,4,2,5,1,3,3,3,3,3,3,1,3,2,4,2,2,4,4,3,3,5,5,5,5,1,1,1,1,5,1,1,1,5,5,5,5,5,1,1,1,1,5,3,5,5,3,3,5,5,5,5,5,1,5,3,3,5,5,5,5,5,5,5,3,3,3,3,1,5,5,5,5,3,2,4,5,5,5,3,5,5,5,5,5,5,5,5,5,5,2,2,5,5,5,5,4,4,4,4,4,4,4,4,3,3,3,3,3,3,3,3","0.00151395797729492","leiden","edit-xhwikibooks.graphml"
"0.44","0.08","0.48","0.395104642100465","1,1,2,3,2,3,2,3,3,3,2,2,3,3,3,3,3,2,4,2,5,1,3,3,3,3,3,3,1,3,2,4,2,2,4,4,3,3,5,5,5,5,1,1,1,1,5,1,1,1,5,5,5,5,5,1,1,1,1,5,3,5,5,3,3,5,5,5,5,5,1,5,3,3,5,5,5,5,5,5,5,3,3,3,3,1,5,5,5,5,3,2,4,5,5,5,3,5,5,5,5,5,5,5,5,5,5,2,2,5,5,5,5,4,4,4,4,4,4,4,4,3,3,3,3,3,3,3,3","0.00150299072265625","leiden","edit-xhwikibooks.graphml"
"0.43","0.09","0.48","0.394894130556052","1,1,2,3,2,3,2,3,3,3,2,2,3,3,3,3,3,2,4,2,5,1,3,3,3,3,3,3,1,3,2,4,2,2,4,4,3,3,5,5,5,5,1,1,1,1,5,1,1,1,5,5,5,5,5,1,1,1,1,5,3,5,5,3,3,5,5,5,5,5,1,5,3,3,5,5,5,5,5,5,5,3,3,3,3,1,5,5,5,5,3,2,4,5,5,5,3,5,5,5,5,5,5,5,5,5,5,2,2,5,5,5,5,4,4,4,4,4,4,4,4,3,3,3,3,3,3,3,3","0.00153994560241699","leiden","edit-xhwikibooks.graphml"
"0.42","0.1","0.48","0.394894130556052","1,1,2,3,2,3,2,3,3,3,2,2,3,3,3,3,3,2,4,2,5,1,3,3,3,3,3,3,1,3,2,4,2,2,4,4,3,3,5,5,5,5,1,1,1,1,5,1,1,1,5,5,5,5,5,1,1,1,1,5,3,5,5,3,3,5,5,5,5,5,1,5,3,3,5,5,5,5,5,5,5,3,3,3,3,1,5,5,5,5,3,2,4,5,5,5,3,5,5,5,5,5,5,5,5,5,5,2,2,5,5,5,5,4,4,4,4,4,4,4,4,3,3,3,3,3,3,3,3","0.00161290168762207","leiden","edit-xhwikibooks.graphml"
"0.41","0.11","0.48","0.395384875257967","1,1,2,3,2,3,2,3,3,3,2,2,3,3,3,3,3,2,4,2,5,1,3,3,3,3,3,3,1,3,2,4,2,2,4,4,3,3,5,5,5,5,1,1,1,1,5,1,1,1,5,5,5,5,5,1,1,1,1,5,3,5,5,3,3,5,5,5,5,5,1,5,3,3,5,5,5,5,5,5,5,3,3,3,3,1,5,5,5,5,3,2,4,5,5,5,3,5,5,5,5,5,5,5,5,5,5,2,2,5,5,5,5,4,4,4,4,4,4,4,4,3,3,3,3,3,3,3,3","0.00169801712036133","leiden","edit-xhwikibooks.graphml"
"0.4","0.12","0.48","0.396752734284161","1,1,2,3,2,3,2,3,3,3,2,2,3,3,3,3,3,2,4,2,5,1,3,3,3,3,3,3,1,3,2,4,2,2,4,4,3,3,5,5,5,5,1,1,1,1,5,1,1,1,5,5,5,5,5,1,1,1,1,5,3,5,5,3,3,5,5,5,5,5,1,5,3,3,5,5,5,5,5,5,5,3,3,3,3,1,5,5,5,5,3,2,4,5,5,5,3,5,5,5,5,5,5,5,5,5,5,2,2,5,5,5,5,4,4,4,4,4,4,4,4,3,3,3,3,3,3,3,3","0.00225210189819336","leiden","edit-xhwikibooks.graphml"
"0.39","0.13","0.48","0.396542352456592","1,1,2,3,2,3,2,3,3,3,2,2,3,3,3,3,3,2,4,2,5,1,3,3,3,3,3,3,1,3,2,4,2,2,4,4,3,3,5,5,5,5,1,1,1,1,5,1,1,1,5,5,5,5,5,1,1,1,1,5,3,5,5,3,3,5,5,5,5,5,1,5,3,3,5,5,5,5,5,5,5,3,3,3,3,1,5,5,5,5,3,2,4,5,5,5,3,5,5,5,5,5,5,5,5,5,5,2,2,5,5,5,5,4,4,4,4,4,4,4,4,3,3,3,3,3,3,3,3","0.00201702117919922","leiden","edit-xhwikibooks.graphml"
"0.38","0.14","0.48","0.396542352456592","1,1,2,3,2,3,2,3,3,3,2,2,3,3,3,3,3,2,4,2,5,1,3,3,3,3,3,3,1,3,2,4,2,2,4,4,3,3,5,5,5,5,1,1,1,1,5,1,1,1,5,5,5,5,5,1,1,1,1,5,3,5,5,3,3,5,5,5,5,5,1,5,3,3,5,5,5,5,5,5,5,3,3,3,3,1,5,5,5,5,3,2,4,5,5,5,3,5,5,5,5,5,5,5,5,5,5,2,2,5,5,5,5,4,4,4,4,4,4,4,4,3,3,3,3,3,3,3,3","0.00147008895874023","leiden","edit-xhwikibooks.graphml"
"0.37","0.15","0.48","0.397692690149541","1,1,2,3,2,3,2,3,3,3,2,2,3,3,3,3,3,2,4,2,5,1,3,3,3,3,3,3,1,3,2,4,2,2,4,4,3,3,5,5,5,5,1,1,1,1,5,1,1,1,5,5,5,5,5,1,1,1,1,5,3,5,5,3,3,5,5,5,5,5,1,5,3,3,5,5,5,5,5,5,5,3,3,3,3,1,5,5,5,5,3,2,4,5,5,5,3,5,5,5,5,5,5,5,5,5,5,2,2,5,5,5,5,4,4,4,4,4,4,4,4,3,3,3,3,3,3,3,3","0.00105810165405273","leiden","edit-xhwikibooks.graphml"
"0.36","0.16","0.48","0.398386023846798","1,1,2,3,2,3,2,3,3,3,2,2,3,3,3,3,3,2,4,2,5,1,3,3,3,3,3,3,1,3,2,4,2,2,4,4,3,3,5,5,5,5,1,1,1,1,5,1,1,1,5,5,5,5,5,1,1,1,1,5,3,5,5,3,3,5,5,5,5,5,1,5,3,3,5,5,5,5,5,5,5,3,3,3,3,1,5,5,5,5,3,2,4,5,5,5,3,5,5,5,5,5,5,5,5,5,5,2,2,5,5,5,5,4,4,4,4,4,4,4,4,3,3,3,3,3,3,3,3","0.000774860382080078","leiden","edit-xhwikibooks.graphml"
"0.35","0.17","0.48","0.39886768923806","1,1,2,3,2,3,2,3,3,3,2,2,3,3,3,3,3,2,4,2,5,1,3,3,3,3,3,3,1,3,2,4,2,2,4,4,3,3,5,5,5,5,1,1,1,1,5,1,1,1,5,5,5,5,5,1,1,1,1,5,3,5,5,3,3,5,5,5,5,5,1,5,3,3,5,5,5,5,5,5,5,3,3,3,3,1,5,5,5,5,3,2,4,5,5,5,3,5,5,5,5,5,5,5,5,5,5,2,2,5,5,5,5,4,4,4,4,4,4,4,4,3,3,3,3,3,3,3,3","0.000786066055297852","leiden","edit-xhwikibooks.graphml"
"0.34","0.18","0.48","0.399634362167126","1,1,2,3,2,3,2,3,3,3,2,2,3,3,3,3,3,2,4,2,5,1,3,3,3,3,3,3,1,3,2,4,2,2,4,4,3,3,5,5,5,5,1,1,1,1,5,1,1,1,5,5,5,5,5,1,1,1,1,5,3,5,5,3,3,5,5,5,5,5,1,5,3,3,5,5,5,5,5,5,5,3,3,3,3,1,5,5,5,5,3,2,4,5,5,5,3,5,5,5,5,5,5,5,5,5,5,2,2,5,5,5,5,4,4,4,4,4,4,4,4,3,3,3,3,3,3,3,3","0.000809907913208008","leiden","edit-xhwikibooks.graphml"
"0.33","0.19","0.48","0.399424015079806","1,1,2,3,2,3,2,3,3,3,2,2,3,3,3,3,3,2,4,2,5,1,3,3,3,3,3,3,1,3,2,4,2,2,4,4,3,3,5,5,5,5,1,1,1,1,5,1,1,1,5,5,5,5,5,1,1,1,1,5,3,5,5,3,3,5,5,5,5,5,1,5,3,3,5,5,5,5,5,5,5,3,3,3,3,1,5,5,5,5,3,2,4,5,5,5,3,5,5,5,5,5,5,5,5,5,5,2,2,5,5,5,5,4,4,4,4,4,4,4,4,3,3,3,3,3,3,3,3","0.000771999359130859","leiden","edit-xhwikibooks.graphml"
"0.32","0.2","0.48","0.40073681138738","1,1,2,3,2,3,2,3,3,3,2,2,3,3,3,3,3,2,4,2,5,1,3,3,3,3,3,3,1,3,2,4,2,2,4,4,3,3,5,5,5,5,1,1,1,1,5,1,1,1,5,5,5,5,5,1,1,1,1,5,3,5,5,3,3,5,5,5,5,5,1,5,3,3,5,5,5,5,5,5,5,3,3,3,3,1,5,5,5,5,3,2,4,5,5,5,3,5,5,5,5,5,5,5,5,5,5,2,2,5,5,5,5,4,4,4,4,4,4,4,4,3,3,3,3,3,3,3,3","0.000783920288085938","leiden","edit-xhwikibooks.graphml"
"0.31","0.21","0.48","0.400526552857979","1,1,2,3,2,3,2,3,3,3,2,2,3,3,3,3,3,2,4,2,5,1,3,3,3,3,3,3,1,3,2,4,2,2,4,4,3,3,5,5,5,5,1,1,1,1,5,1,1,1,5,5,5,5,5,1,1,1,1,5,3,5,5,3,3,5,5,5,5,5,1,5,3,3,5,5,5,5,5,5,5,3,3,3,3,1,5,5,5,5,3,2,4,5,5,5,3,5,5,5,5,5,5,5,5,5,5,2,2,5,5,5,5,4,4,4,4,4,4,4,4,3,3,3,3,3,3,3,3","0.000791072845458984","leiden","edit-xhwikibooks.graphml"
"0.3","0.22","0.48","0.400526552857979","1,1,2,3,2,3,2,3,3,3,2,2,3,3,3,3,3,2,4,2,5,1,3,3,3,3,3,3,1,3,2,4,2,2,4,4,3,3,5,5,5,5,1,1,1,1,5,1,1,1,5,5,5,5,5,1,1,1,1,5,3,5,5,3,3,5,5,5,5,5,1,5,3,3,5,5,5,5,5,5,5,3,3,3,3,1,5,5,5,5,3,2,4,5,5,5,3,5,5,5,5,5,5,5,5,5,5,2,2,5,5,5,5,4,4,4,4,4,4,4,4,3,3,3,3,3,3,3,3","0.000782012939453125","leiden","edit-xhwikibooks.graphml"
"0.29","0.23","0.48","0.401653799445414","1,1,2,3,2,3,2,3,3,3,2,2,3,3,3,3,3,2,4,2,5,1,3,3,3,3,3,3,1,3,2,4,2,2,4,4,3,3,5,5,5,5,1,1,1,1,5,1,1,1,5,5,5,5,5,1,1,1,1,5,3,5,5,3,3,5,5,5,5,5,1,5,3,3,5,5,5,5,5,5,5,3,3,3,3,1,5,5,5,5,3,2,4,5,5,5,3,5,5,5,5,5,5,5,5,5,5,2,2,5,5,5,5,4,4,4,4,4,4,4,4,3,3,3,3,3,3,3,3","0.000796079635620117","leiden","edit-xhwikibooks.graphml"
"0.28","0.24","0.48","0.402336700662534","1,1,2,3,2,3,2,3,3,3,2,2,3,3,3,3,3,2,4,2,5,1,3,3,3,3,3,3,1,3,2,4,2,2,4,4,3,3,5,5,5,5,1,1,1,1,5,1,1,1,5,5,5,5,5,1,1,1,1,5,3,5,5,3,3,5,5,5,5,5,1,5,3,3,5,5,5,5,5,5,5,3,3,3,3,1,5,5,5,5,3,2,4,5,5,5,3,5,5,5,5,5,5,5,5,5,5,2,2,5,5,5,5,4,4,4,4,4,4,4,4,3,3,3,3,3,3,3,3","0.00079798698425293","leiden","edit-xhwikibooks.graphml"
"0.27","0.25","0.48","0.40406567902731","1,1,2,3,2,3,2,3,3,3,2,2,3,3,3,3,3,2,4,2,5,1,3,3,3,3,3,3,1,3,2,4,2,2,4,4,3,3,5,5,5,5,1,1,1,1,5,1,1,1,5,5,5,5,5,1,1,1,1,5,3,5,5,3,3,5,5,5,5,5,1,5,3,3,5,5,5,5,5,5,5,3,3,3,3,1,5,5,5,5,3,2,4,5,5,5,3,5,5,5,5,5,5,5,5,5,5,2,2,5,5,5,5,4,4,4,4,4,4,4,4,3,3,3,3,3,3,3,3","0.000808954238891602","leiden","edit-xhwikibooks.graphml"
"0.26","0.26","0.48","0.403579048878701","1,1,2,3,2,3,2,3,3,3,4,2,3,3,3,3,3,4,4,2,5,1,3,3,3,3,3,3,1,3,4,4,2,2,4,4,3,3,5,5,5,5,1,1,1,1,5,1,1,1,5,5,5,5,5,1,1,1,1,5,3,5,5,3,3,5,5,5,5,5,1,5,3,3,5,5,5,5,5,5,5,3,3,3,3,1,5,5,5,5,3,4,4,5,5,5,3,5,5,5,5,5,5,5,5,5,5,2,2,5,5,5,5,4,4,4,4,4,4,4,4,3,3,3,3,3,3,3,3","0.00080108642578125","leiden","edit-xhwikibooks.graphml"
"0.25","0.27","0.48","0.40406567902731","1,1,2,3,2,3,2,3,3,3,2,2,3,3,3,3,3,2,4,2,5,1,3,3,3,3,3,3,1,3,2,4,2,2,4,4,3,3,5,5,5,5,1,1,1,1,5,1,1,1,5,5,5,5,5,1,1,1,1,5,3,5,5,3,3,5,5,5,5,5,1,5,3,3,5,5,5,5,5,5,5,3,3,3,3,1,5,5,5,5,3,2,4,5,5,5,3,5,5,5,5,5,5,5,5,5,5,2,2,5,5,5,5,4,4,4,4,4,4,4,4,3,3,3,3,3,3,3,3","0.000821113586425781","leiden","edit-xhwikibooks.graphml"
"0.24","0.28","0.48","0.403855628012627","1,1,2,3,2,3,2,3,3,3,2,2,3,3,3,3,3,2,4,2,5,1,3,3,3,3,3,3,1,3,2,4,2,2,4,4,3,3,5,5,5,5,1,1,1,1,5,1,1,1,5,5,5,5,5,1,1,1,1,5,3,5,5,3,3,5,5,5,5,5,1,5,3,3,5,5,5,5,5,5,5,3,3,3,3,1,5,5,5,5,3,2,4,5,5,5,3,5,5,5,5,5,5,5,5,5,5,2,2,5,5,5,5,4,4,4,4,4,4,4,4,3,3,3,3,3,3,3,3","0.000869035720825195","leiden","edit-xhwikibooks.graphml"
"0.23","0.29","0.48","0.404532444444444","1,1,2,3,2,3,2,3,3,3,2,2,3,3,3,3,3,2,4,2,5,1,3,3,3,3,3,3,1,3,2,4,2,2,4,4,3,3,5,5,5,5,1,1,1,1,5,1,1,1,5,5,5,5,5,1,1,1,1,5,3,5,5,3,3,5,5,5,5,5,1,5,3,3,5,5,5,5,5,5,5,3,3,3,3,1,5,5,5,5,3,2,4,5,5,5,3,5,5,5,5,5,5,5,5,5,5,2,2,5,5,5,5,4,4,4,4,4,4,4,4,3,3,3,3,3,3,3,3","0.000830173492431641","leiden","edit-xhwikibooks.graphml"
"0.22","0.3","0.48","0.404322501410341","1,1,2,3,2,3,2,3,3,3,2,2,3,3,3,3,3,2,4,2,5,1,3,3,3,3,3,3,1,3,2,4,2,2,4,4,3,3,5,5,5,5,1,1,1,1,5,1,1,1,5,5,5,5,5,1,1,1,1,5,3,5,5,3,3,5,5,5,5,5,1,5,3,3,5,5,5,5,5,5,5,3,3,3,3,1,5,5,5,5,3,2,4,5,5,5,3,5,5,5,5,5,5,5,5,5,5,2,2,5,5,5,5,4,4,4,4,4,4,4,4,3,3,3,3,3,3,3,3","0.000764131546020508","leiden","edit-xhwikibooks.graphml"
"0.21","0.31","0.48","0.405671247879048","1,1,2,3,2,3,2,3,3,3,2,2,3,3,3,3,3,2,4,2,5,1,3,3,3,3,3,3,1,3,2,4,2,2,4,4,3,3,5,5,5,5,1,1,1,1,5,1,1,1,5,5,5,5,5,1,1,1,1,5,3,5,5,3,3,5,5,5,5,5,1,5,3,3,5,5,5,5,5,5,5,3,3,3,3,1,5,5,5,5,3,2,4,5,5,5,3,5,5,5,5,5,5,5,5,5,5,2,2,5,5,5,5,4,4,4,4,4,4,4,4,3,3,3,3,3,3,3,3","0.000779867172241211","leiden","edit-xhwikibooks.graphml"
"0.2","0.32","0.48","0.405461322996831","1,1,2,3,2,3,2,3,3,3,2,2,3,3,3,3,3,2,4,2,5,1,3,3,3,3,3,3,1,3,2,4,2,2,4,4,3,3,5,5,5,5,1,1,1,1,5,1,1,1,5,5,5,5,5,1,1,1,1,5,3,5,5,3,3,5,5,5,5,5,1,5,3,3,5,5,5,5,5,5,5,3,3,3,3,1,5,5,5,5,3,2,4,5,5,5,3,5,5,5,5,5,5,5,5,5,5,2,2,5,5,5,5,4,4,4,4,4,4,4,4,3,3,3,3,3,3,3,3","0.000774145126342773","leiden","edit-xhwikibooks.graphml"
"0.19","0.33","0.48","0.404820874994301","1,1,2,3,2,3,2,3,3,3,2,2,3,3,3,3,3,2,4,2,5,1,3,3,3,3,3,3,1,3,2,4,2,2,4,4,3,3,5,5,5,5,1,1,1,1,5,1,1,1,5,5,5,5,5,1,1,1,1,5,3,5,5,3,3,5,5,5,5,5,1,5,3,3,5,5,5,5,5,5,5,3,3,3,3,1,5,5,5,5,3,2,4,5,5,5,3,5,5,5,5,5,5,5,5,5,5,2,2,5,5,5,5,4,4,4,4,4,4,4,4,3,3,3,3,3,3,3,3","0.000757932662963867","leiden","edit-xhwikibooks.graphml"
"0.18","0.34","0.48","0.413968261407684","1,1,2,3,2,3,2,3,3,3,2,2,3,3,3,3,3,2,4,2,5,1,3,3,3,3,3,3,1,3,2,4,2,2,4,4,3,3,5,5,5,5,1,1,1,1,5,1,1,1,5,5,5,5,5,1,1,1,1,5,3,5,5,3,3,5,5,5,5,5,1,5,3,3,5,5,5,5,5,5,5,3,3,3,3,1,5,5,5,5,3,2,4,5,5,5,3,5,5,5,5,5,5,5,5,5,5,2,2,5,5,5,5,4,4,4,4,4,4,4,4,3,3,3,3,3,3,3,3","0.000771045684814453","leiden","edit-xhwikibooks.graphml"
"0.17","0.35","0.48","0.413968261407684","1,1,2,3,2,3,2,3,3,3,2,2,3,3,3,3,3,2,4,2,5,1,3,3,3,3,3,3,1,3,2,4,2,2,4,4,3,3,5,5,5,5,1,1,1,1,5,1,1,1,5,5,5,5,5,1,1,1,1,5,3,5,5,3,3,5,5,5,5,5,1,5,3,3,5,5,5,5,5,5,5,3,3,3,3,1,5,5,5,5,3,2,4,5,5,5,3,5,5,5,5,5,5,5,5,5,5,2,2,5,5,5,5,4,4,4,4,4,4,4,4,3,3,3,3,3,3,3,3","0.00078892707824707","leiden","edit-xhwikibooks.graphml"
"0.16","0.36","0.48","0.413757535123459","1,1,2,3,2,3,2,3,3,3,2,2,3,3,3,3,3,2,4,2,5,1,3,3,3,3,3,3,1,3,2,4,2,2,4,4,3,3,5,5,5,5,1,1,1,1,5,1,1,1,5,5,5,5,5,1,1,1,1,5,3,5,5,3,3,5,5,5,5,5,1,5,3,3,5,5,5,5,5,5,5,3,3,3,3,1,5,5,5,5,3,2,4,5,5,5,3,5,5,5,5,5,5,5,5,5,5,2,2,5,5,5,5,4,4,4,4,4,4,4,4,3,3,3,3,3,3,3,3","0.000763893127441406","leiden","edit-xhwikibooks.graphml"
"0.15","0.37","0.48","0.411910597000294","1,1,2,3,2,3,2,3,3,3,2,2,3,3,3,3,3,2,4,2,5,1,3,3,3,3,3,3,1,3,2,4,2,2,4,4,3,3,5,5,5,5,1,1,1,1,5,1,1,1,5,5,5,5,5,1,1,1,1,5,3,5,5,3,3,5,5,5,5,5,1,5,3,3,5,5,5,5,5,5,5,3,3,3,3,1,5,5,5,5,3,2,4,5,5,5,3,5,5,5,5,5,5,5,5,5,5,2,2,5,5,5,5,4,4,4,4,4,4,4,4,3,3,3,3,3,3,3,3","0.00082707405090332","leiden","edit-xhwikibooks.graphml"
"0.14","0.38","0.48","0.411699784532271","1,1,2,3,2,3,2,3,3,3,2,2,3,3,3,3,3,2,4,2,5,1,3,3,3,3,3,3,1,3,2,4,2,2,4,4,3,3,5,5,5,5,1,1,1,1,5,1,1,1,5,5,5,5,5,1,1,1,1,5,3,5,5,3,3,5,5,5,5,5,1,5,3,3,5,5,5,5,5,5,5,3,3,3,3,1,5,5,5,5,3,2,4,5,5,5,3,5,5,5,5,5,5,5,5,5,5,2,2,5,5,5,5,4,4,4,4,4,4,4,4,3,3,3,3,3,3,3,3","0.000778913497924805","leiden","edit-xhwikibooks.graphml"
"0.13","0.39","0.48","0.412359116999212","1,1,2,3,2,3,2,3,3,3,2,2,3,3,3,3,3,2,4,2,5,1,3,3,3,3,3,3,1,3,2,4,2,2,4,4,3,3,5,5,5,5,1,1,1,1,5,1,1,1,5,5,5,5,5,1,1,1,1,5,3,5,5,3,3,5,5,5,5,5,1,5,3,3,5,5,5,5,5,5,5,3,3,3,3,1,5,5,5,5,3,2,4,5,5,5,3,5,5,5,5,5,5,5,5,5,5,2,2,5,5,5,5,4,4,4,4,4,4,4,4,3,3,3,3,3,3,3,3","0.000793933868408203","leiden","edit-xhwikibooks.graphml"
"0.12","0.4","0.48","0.413393135387812","1,1,2,3,2,3,2,3,3,3,2,2,3,3,3,3,3,2,4,2,5,1,3,3,3,3,3,3,1,3,2,4,2,2,4,4,3,3,5,5,5,5,1,1,1,1,5,1,1,1,5,5,5,5,5,1,1,1,1,5,3,5,5,3,3,5,5,5,5,5,1,5,3,3,5,5,5,5,5,5,5,3,3,3,3,1,5,5,5,5,3,2,4,5,5,5,3,5,5,5,5,5,5,5,5,5,5,2,2,5,5,5,5,4,4,4,4,4,4,4,4,3,3,3,3,3,3,3,3","0.000776052474975586","leiden","edit-xhwikibooks.graphml"
"0.11","0.41","0.48","0.409808541677937","1,1,2,2,2,3,2,3,3,3,2,2,3,3,3,3,3,2,4,2,5,1,3,3,3,3,3,3,1,3,2,4,2,2,4,4,3,3,5,5,5,5,1,1,1,1,5,1,1,1,5,5,5,5,5,1,1,1,1,5,3,5,5,3,3,5,5,5,5,5,1,5,3,3,5,5,5,5,5,5,5,3,3,3,3,1,5,5,5,5,3,2,4,5,5,5,3,5,5,5,5,5,5,5,5,5,5,2,2,5,5,5,5,4,4,4,4,4,4,4,4,3,3,3,3,3,3,3,3","0.000916957855224609","leiden","edit-xhwikibooks.graphml"
"0.1","0.42","0.48","0.40959796969796","1,1,2,2,2,3,2,3,3,3,2,2,3,3,3,3,3,2,4,2,5,1,3,3,3,3,3,3,1,3,2,4,2,2,4,4,3,3,5,5,5,5,1,1,1,1,5,1,1,1,5,5,5,5,5,1,1,1,1,5,3,5,5,3,3,5,5,5,5,5,1,5,3,3,5,5,5,5,5,5,5,3,3,3,3,1,5,5,5,5,3,2,4,5,5,5,3,5,5,5,5,5,5,5,5,5,5,2,2,5,5,5,5,4,4,4,4,4,4,4,4,3,3,3,3,3,3,3,3","0.000772953033447266","leiden","edit-xhwikibooks.graphml"
"0.09","0.43","0.48","0.410889071298737","1,1,2,2,2,3,2,3,3,3,2,2,3,3,3,3,3,2,4,2,5,1,3,3,3,3,3,3,1,3,2,4,2,2,4,4,3,3,5,5,5,5,1,1,1,1,5,1,1,1,5,5,5,5,5,1,1,1,1,5,3,5,5,3,3,5,5,5,5,5,1,5,3,3,5,5,5,5,5,5,5,3,3,3,3,1,5,5,5,5,3,2,4,5,5,5,3,5,5,5,5,5,5,5,5,5,5,2,2,5,5,5,5,4,4,4,4,4,4,4,4,3,3,3,3,3,3,3,3","0.0007781982421875","leiden","edit-xhwikibooks.graphml"
"0.08","0.44","0.48","0.410678576450187","1,1,2,2,2,3,2,3,3,3,2,2,3,3,3,3,3,2,4,2,5,1,3,3,3,3,3,3,1,3,2,4,2,2,4,4,3,3,5,5,5,5,1,1,1,1,5,1,1,1,5,5,5,5,5,1,1,1,1,5,3,5,5,3,3,5,5,5,5,5,1,5,3,3,5,5,5,5,5,5,5,3,3,3,3,1,5,5,5,5,3,2,4,5,5,5,3,5,5,5,5,5,5,5,5,5,5,2,2,5,5,5,5,4,4,4,4,4,4,4,4,3,3,3,3,3,3,3,3","0.000779867172241211","leiden","edit-xhwikibooks.graphml"
"0.07","0.45","0.48","0.403212074235153","1,1,1,2,3,2,3,2,2,2,3,3,2,2,2,2,2,3,4,3,5,1,2,2,2,2,2,2,1,2,3,4,3,3,4,4,2,2,5,5,5,5,1,1,1,1,5,1,1,1,5,5,5,5,5,1,1,1,1,5,2,5,5,2,2,5,5,5,5,5,1,5,2,2,5,5,5,5,5,5,5,2,2,2,2,1,5,5,5,5,2,3,4,5,5,5,2,5,5,5,5,5,5,5,5,5,5,3,3,5,5,5,5,4,4,4,4,4,4,4,4,2,2,2,2,2,2,2,2","0.000782012939453125","leiden","edit-xhwikibooks.graphml"
"0.06","0.46","0.48","0.403002973515763","1,1,1,2,3,2,3,2,2,2,3,3,2,2,2,2,2,3,4,3,5,1,2,2,2,2,2,2,1,2,3,4,3,3,4,4,2,2,5,5,5,5,1,1,1,1,5,1,1,1,5,5,5,5,5,1,1,1,1,5,2,5,5,2,2,5,5,5,5,5,1,5,2,2,5,5,5,5,5,5,5,2,2,2,2,1,5,5,5,5,2,3,4,5,5,5,2,5,5,5,5,5,5,5,5,5,5,3,3,5,5,5,5,4,4,4,4,4,4,4,4,2,2,2,2,2,2,2,2","0.000770807266235352","leiden","edit-xhwikibooks.graphml"
"0.05","0.47","0.48","0.403675314327125","1,1,1,2,3,2,3,2,2,2,3,3,2,2,2,2,2,3,4,3,5,1,2,2,2,2,2,2,1,2,3,4,3,3,4,4,2,2,5,5,5,5,1,1,1,1,5,1,1,1,5,5,5,5,5,1,1,1,1,5,2,5,5,2,2,5,5,5,5,5,1,5,2,2,5,5,5,5,5,5,5,2,2,2,2,1,5,5,5,5,2,3,4,5,5,5,2,5,5,5,5,5,5,5,5,5,5,3,3,5,5,5,5,4,4,4,4,4,4,4,4,2,2,2,2,2,2,2,2","0.0007781982421875","leiden","edit-xhwikibooks.graphml"
"0.04","0.48","0.48","0.40346632377153","1,1,1,2,3,2,3,2,2,2,3,3,2,2,2,2,2,3,4,3,5,1,2,2,2,2,2,2,1,2,3,4,3,3,4,4,2,2,5,5,5,5,1,1,1,1,5,1,1,1,5,5,5,5,5,1,1,1,1,5,2,5,5,2,2,5,5,5,5,5,1,5,2,2,5,5,5,5,5,5,5,2,2,2,2,1,5,5,5,5,2,3,4,5,5,5,2,5,5,5,5,5,5,5,5,5,5,3,3,5,5,5,5,4,4,4,4,4,4,4,4,2,2,2,2,2,2,2,2","0.000777959823608398","leiden","edit-xhwikibooks.graphml"
"0.03","0.49","0.48","0.400486673581203","1,1,1,2,3,2,3,2,2,2,3,3,2,2,2,2,2,3,4,3,5,1,2,2,2,2,2,2,1,2,3,4,3,3,4,4,2,2,5,5,5,5,1,1,1,1,5,1,1,1,5,5,5,5,5,1,1,1,1,5,6,5,5,2,2,5,5,5,5,5,1,5,2,2,5,5,5,5,5,5,5,2,2,2,2,7,5,5,5,5,8,9,10,5,5,5,2,5,5,5,5,5,5,5,5,5,5,3,3,5,5,5,5,4,4,4,4,4,4,4,4,2,2,2,2,2,2,2,2","0.000889062881469727","leiden","edit-xhwikibooks.graphml"
"0.02","0.5","0.48","0.427884775888201","1,1,1,2,3,2,3,2,2,2,3,3,2,2,2,2,2,3,4,3,5,1,2,2,2,2,2,2,1,2,3,4,3,3,4,4,2,2,5,5,5,5,1,1,1,1,5,1,1,1,5,5,5,5,5,1,1,1,1,5,6,5,5,2,2,5,5,5,5,5,1,5,2,2,5,5,5,5,5,5,5,2,2,2,2,7,5,5,5,5,8,9,10,5,5,5,2,5,5,5,5,5,5,5,5,5,5,3,3,5,5,5,5,4,4,4,4,4,4,4,4,2,2,2,2,2,2,2,2","0.000899076461791992","leiden","edit-xhwikibooks.graphml"
"0.01","0.51","0.48","0.429133818938606","1,1,1,2,3,2,3,2,2,2,3,3,2,2,2,2,2,3,4,3,5,1,2,2,2,2,2,2,1,2,3,4,3,3,4,4,2,2,5,5,5,5,1,1,1,1,5,1,1,1,5,5,5,5,5,1,1,1,1,5,6,5,5,2,2,5,5,5,5,5,1,5,2,2,5,5,5,5,5,5,5,2,2,2,2,7,5,5,5,5,8,9,10,5,5,5,2,5,5,5,5,5,5,5,5,5,5,3,3,5,5,5,5,4,4,4,4,4,4,4,4,2,2,2,2,2,2,2,2","0.000915050506591797","leiden","edit-xhwikibooks.graphml"
"0","0.52","0.48","0.430985224702578","1,1,1,1,1,2,3,2,2,2,3,3,2,2,2,2,2,3,4,3,5,1,2,2,2,2,2,2,1,2,3,4,3,3,4,4,2,2,5,5,5,5,1,1,1,1,5,1,1,1,5,5,5,5,5,1,1,1,1,5,6,5,5,2,2,5,5,5,5,5,1,5,2,2,5,5,5,5,5,5,5,2,2,2,2,7,5,5,5,5,8,9,10,5,5,5,2,5,5,5,5,5,5,5,5,5,5,3,3,5,5,5,5,4,4,4,4,4,4,4,4,2,2,2,2,2,2,2,2","0.000900030136108398","leiden","edit-xhwikibooks.graphml"
"0.51","0","0.49","0.384635928939429","1,1,2,3,2,3,2,3,3,3,2,2,3,3,3,3,3,2,4,2,5,1,3,3,3,3,3,3,1,3,2,4,2,2,4,4,3,3,5,5,5,5,1,1,1,1,5,1,1,1,5,5,5,5,5,1,1,1,1,5,3,5,5,3,3,5,5,5,5,5,1,5,3,3,5,5,5,5,5,5,5,3,3,3,3,1,5,5,5,5,3,2,4,5,5,5,3,5,5,5,5,5,5,5,5,5,5,2,2,5,5,5,5,4,4,4,4,4,4,4,4,3,3,3,3,3,3,3,3","0.00082087516784668","leiden","edit-xhwikibooks.graphml"
"0.5","0.01","0.49","0.384635928939429","1,1,2,3,2,3,2,3,3,3,2,2,3,3,3,3,3,2,4,2,5,1,3,3,3,3,3,3,1,3,2,4,2,2,4,4,3,3,5,5,5,5,1,1,1,1,5,1,1,1,5,5,5,5,5,1,1,1,1,5,3,5,5,3,3,5,5,5,5,5,1,5,3,3,5,5,5,5,5,5,5,3,3,3,3,1,5,5,5,5,3,2,4,5,5,5,3,5,5,5,5,5,5,5,5,5,5,2,2,5,5,5,5,4,4,4,4,4,4,4,4,3,3,3,3,3,3,3,3","0.000792026519775391","leiden","edit-xhwikibooks.graphml"
"0.49","0.02","0.49","0.385336533441009","1,1,2,3,2,3,2,3,3,3,2,2,3,3,3,3,3,2,4,2,5,1,3,3,3,3,3,3,1,3,2,4,2,2,4,4,3,3,5,5,5,5,1,1,1,1,5,1,1,1,5,5,5,5,5,1,1,1,1,5,3,5,5,3,3,5,5,5,5,5,1,5,3,3,5,5,5,5,5,5,5,3,3,3,3,1,5,5,5,5,3,2,4,5,5,5,3,5,5,5,5,5,5,5,5,5,5,2,2,5,5,5,5,4,4,4,4,4,4,4,4,3,3,3,3,3,3,3,3","0.000821113586425781","leiden","edit-xhwikibooks.graphml"
"0.48","0.03","0.49","0.385135026500366","1,1,2,3,2,3,2,3,3,3,2,2,3,3,3,3,3,2,4,2,5,1,3,3,3,3,3,3,1,3,2,4,2,2,4,4,3,3,5,5,5,5,1,1,1,1,5,1,1,1,5,5,5,5,5,1,1,1,1,5,3,5,5,3,3,5,5,5,5,5,1,5,3,3,5,5,5,5,5,5,5,3,3,3,3,1,5,5,5,5,3,2,4,5,5,5,3,5,5,5,5,5,5,5,5,5,5,2,2,5,5,5,5,4,4,4,4,4,4,4,4,3,3,3,3,3,3,3,3","0.000806093215942383","leiden","edit-xhwikibooks.graphml"
"0.47","0.04","0.49","0.394123690234171","1,1,2,3,2,3,2,3,3,3,4,2,3,3,3,3,3,4,4,2,5,1,3,3,3,3,3,3,1,3,4,4,2,2,4,4,3,3,5,5,5,5,1,1,1,1,5,1,1,1,5,5,5,5,5,1,1,1,1,5,3,5,5,3,3,5,5,5,5,5,1,5,3,3,5,5,5,5,5,5,5,3,3,3,3,1,5,5,5,5,3,4,4,5,5,5,3,5,5,5,5,5,5,5,5,5,5,2,2,5,5,5,5,4,4,4,4,4,4,4,4,3,3,3,3,3,3,3,3","0.0010380744934082","leiden","edit-xhwikibooks.graphml"
"0.46","0.05","0.49","0.394401103201796","1,1,2,3,2,3,2,3,3,3,2,2,3,3,3,3,3,2,4,2,5,1,3,3,3,3,3,3,1,3,2,4,2,2,4,4,3,3,5,5,5,5,1,1,1,1,5,1,1,1,5,5,5,5,5,1,1,1,1,5,3,5,5,3,3,5,5,5,5,5,1,5,3,3,5,5,5,5,5,5,5,3,3,3,3,1,5,5,5,5,3,2,4,5,5,5,3,5,5,5,5,5,5,5,5,5,5,2,2,5,5,5,5,4,4,4,4,4,4,4,4,3,3,3,3,3,3,3,3","0.00077509880065918","leiden","edit-xhwikibooks.graphml"
"0.45","0.06","0.49","0.394401103201796","1,1,2,3,2,3,2,3,3,3,2,2,3,3,3,3,3,2,4,2,5,1,3,3,3,3,3,3,1,3,2,4,2,2,4,4,3,3,5,5,5,5,1,1,1,1,5,1,1,1,5,5,5,5,5,1,1,1,1,5,3,5,5,3,3,5,5,5,5,5,1,5,3,3,5,5,5,5,5,5,5,3,3,3,3,1,5,5,5,5,3,2,4,5,5,5,3,5,5,5,5,5,5,5,5,5,5,2,2,5,5,5,5,4,4,4,4,4,4,4,4,3,3,3,3,3,3,3,3","0.000770092010498047","leiden","edit-xhwikibooks.graphml"
"0.44","0.07","0.49","0.394190703078587","1,1,2,3,2,3,2,3,3,3,2,2,3,3,3,3,3,2,4,2,5,1,3,3,3,3,3,3,1,3,2,4,2,2,4,4,3,3,5,5,5,5,1,1,1,1,5,1,1,1,5,5,5,5,5,1,1,1,1,5,3,5,5,3,3,5,5,5,5,5,1,5,3,3,5,5,5,5,5,5,5,3,3,3,3,1,5,5,5,5,3,2,4,5,5,5,3,5,5,5,5,5,5,5,5,5,5,2,2,5,5,5,5,4,4,4,4,4,4,4,4,3,3,3,3,3,3,3,3","0.000796079635620117","leiden","edit-xhwikibooks.graphml"
"0.43","0.08","0.49","0.394894130556052","1,1,2,3,2,3,2,3,3,3,2,2,3,3,3,3,3,2,4,2,5,1,3,3,3,3,3,3,1,3,2,4,2,2,4,4,3,3,5,5,5,5,1,1,1,1,5,1,1,1,5,5,5,5,5,1,1,1,1,5,3,5,5,3,3,5,5,5,5,5,1,5,3,3,5,5,5,5,5,5,5,3,3,3,3,1,5,5,5,5,3,2,4,5,5,5,3,5,5,5,5,5,5,5,5,5,5,2,2,5,5,5,5,4,4,4,4,4,4,4,4,3,3,3,3,3,3,3,3","0.000787973403930664","leiden","edit-xhwikibooks.graphml"
"0.42","0.09","0.49","0.394683826486642","1,1,2,3,2,3,2,3,3,3,2,2,3,3,3,3,3,2,4,2,5,1,3,3,3,3,3,3,1,3,2,4,2,2,4,4,3,3,5,5,5,5,1,1,1,1,5,1,1,1,5,5,5,5,5,1,1,1,1,5,3,5,5,3,3,5,5,5,5,5,1,5,3,3,5,5,5,5,5,5,5,3,3,3,3,1,5,5,5,5,3,2,4,5,5,5,3,5,5,5,5,5,5,5,5,5,5,2,2,5,5,5,5,4,4,4,4,4,4,4,4,3,3,3,3,3,3,3,3","0.000807046890258789","leiden","edit-xhwikibooks.graphml"
"0.41","0.1","0.49","0.394683826486642","1,1,2,3,2,3,2,3,3,3,2,2,3,3,3,3,3,2,4,2,5,1,3,3,3,3,3,3,1,3,2,4,2,2,4,4,3,3,5,5,5,5,1,1,1,1,5,1,1,1,5,5,5,5,5,1,1,1,1,5,3,5,5,3,3,5,5,5,5,5,1,5,3,3,5,5,5,5,5,5,5,3,3,3,3,1,5,5,5,5,3,2,4,5,5,5,3,5,5,5,5,5,5,5,5,5,5,2,2,5,5,5,5,4,4,4,4,4,4,4,4,3,3,3,3,3,3,3,3","0.000813007354736328","leiden","edit-xhwikibooks.graphml"
"0.4","0.11","0.49","0.395174668775891","1,1,2,3,2,3,2,3,3,3,2,2,3,3,3,3,3,2,4,2,5,1,3,3,3,3,3,3,1,3,2,4,2,2,4,4,3,3,5,5,5,5,1,1,1,1,5,1,1,1,5,5,5,5,5,1,1,1,1,5,3,5,5,3,3,5,5,5,5,5,1,5,3,3,5,5,5,5,5,5,5,3,3,3,3,1,5,5,5,5,3,2,4,5,5,5,3,5,5,5,5,5,5,5,5,5,5,2,2,5,5,5,5,4,4,4,4,4,4,4,4,3,3,3,3,3,3,3,3","0.000783920288085938","leiden","edit-xhwikibooks.graphml"
"0.39","0.12","0.49","0.396542352456592","1,1,2,3,2,3,2,3,3,3,2,2,3,3,3,3,3,2,4,2,5,1,3,3,3,3,3,3,1,3,2,4,2,2,4,4,3,3,5,5,5,5,1,1,1,1,5,1,1,1,5,5,5,5,5,1,1,1,1,5,3,5,5,3,3,5,5,5,5,5,1,5,3,3,5,5,5,5,5,5,5,3,3,3,3,1,5,5,5,5,3,2,4,5,5,5,3,5,5,5,5,5,5,5,5,5,5,2,2,5,5,5,5,4,4,4,4,4,4,4,4,3,3,3,3,3,3,3,3","0.000771045684814453","leiden","edit-xhwikibooks.graphml"
"0.38","0.13","0.49","0.396332176771366","1,1,2,3,2,3,2,3,3,3,2,2,3,3,3,3,3,2,4,2,5,1,3,3,3,3,3,3,1,3,2,4,2,2,4,4,3,3,5,5,5,5,1,1,1,1,5,1,1,1,5,5,5,5,5,1,1,1,1,5,3,5,5,3,3,5,5,5,5,5,1,5,3,3,5,5,5,5,5,5,5,3,3,3,3,1,5,5,5,5,3,2,4,5,5,5,3,5,5,5,5,5,5,5,5,5,5,2,2,5,5,5,5,4,4,4,4,4,4,4,4,3,3,3,3,3,3,3,3","0.000761032104492188","leiden","edit-xhwikibooks.graphml"
"0.37","0.14","0.49","0.396332176771366","1,1,2,3,2,3,2,3,3,3,2,2,3,3,3,3,3,2,4,2,5,1,3,3,3,3,3,3,1,3,2,4,2,2,4,4,3,3,5,5,5,5,1,1,1,1,5,1,1,1,5,5,5,5,5,1,1,1,1,5,3,5,5,3,3,5,5,5,5,5,1,5,3,3,5,5,5,5,5,5,5,3,3,3,3,1,5,5,5,5,3,2,4,5,5,5,3,5,5,5,5,5,5,5,5,5,5,2,2,5,5,5,5,4,4,4,4,4,4,4,4,3,3,3,3,3,3,3,3","0.000789165496826172","leiden","edit-xhwikibooks.graphml"
"0.36","0.15","0.49","0.397482550042309","1,1,2,3,2,3,2,3,3,3,2,2,3,3,3,3,3,2,4,2,5,1,3,3,3,3,3,3,1,3,2,4,2,2,4,4,3,3,5,5,5,5,1,1,1,1,5,1,1,1,5,5,5,5,5,1,1,1,1,5,3,5,5,3,3,5,5,5,5,5,1,5,3,3,5,5,5,5,5,5,5,3,3,3,3,1,5,5,5,5,3,2,4,5,5,5,3,5,5,5,5,5,5,5,5,5,5,2,2,5,5,5,5,4,4,4,4,4,4,4,4,3,3,3,3,3,3,3,3","0.000783920288085938","leiden","edit-xhwikibooks.graphml"
"0.35","0.16","0.49","0.398175779745861","1,1,2,3,2,3,2,3,3,3,2,2,3,3,3,3,3,2,4,2,5,1,3,3,3,3,3,3,1,3,2,4,2,2,4,4,3,3,5,5,5,5,1,1,1,1,5,1,1,1,5,5,5,5,5,1,1,1,1,5,3,5,5,3,3,5,5,5,5,5,1,5,3,3,5,5,5,5,5,5,5,3,3,3,3,1,5,5,5,5,3,2,4,5,5,5,3,5,5,5,5,5,5,5,5,5,5,2,2,5,5,5,5,4,4,4,4,4,4,4,4,3,3,3,3,3,3,3,3","0.000880002975463867","leiden","edit-xhwikibooks.graphml"
"0.34","0.17","0.49","0.399424015079806","1,1,2,3,2,3,2,3,3,3,2,2,3,3,3,3,3,2,4,2,5,1,3,3,3,3,3,3,1,3,2,4,2,2,4,4,3,3,5,5,5,5,1,1,1,1,5,1,1,1,5,5,5,5,5,1,1,1,1,5,3,5,5,3,3,5,5,5,5,5,1,5,3,3,5,5,5,5,5,5,5,3,3,3,3,1,5,5,5,5,3,2,4,5,5,5,3,5,5,5,5,5,5,5,5,5,5,2,2,5,5,5,5,4,4,4,4,4,4,4,4,3,3,3,3,3,3,3,3","0.000765800476074219","leiden","edit-xhwikibooks.graphml"
"0.33","0.18","0.49","0.399424015079806","1,1,2,3,2,3,2,3,3,3,2,2,3,3,3,3,3,2,4,2,5,1,3,3,3,3,3,3,1,3,2,4,2,2,4,4,3,3,5,5,5,5,1,1,1,1,5,1,1,1,5,5,5,5,5,1,1,1,1,5,3,5,5,3,3,5,5,5,5,5,1,5,3,3,5,5,5,5,5,5,5,3,3,3,3,1,5,5,5,5,3,2,4,5,5,5,3,5,5,5,5,5,5,5,5,5,5,2,2,5,5,5,5,4,4,4,4,4,4,4,4,3,3,3,3,3,3,3,3","0.000815868377685547","leiden","edit-xhwikibooks.graphml"
"0.32","0.19","0.49","0.39921387226847","1,1,2,3,2,3,2,3,3,3,2,2,3,3,3,3,3,2,4,2,5,1,3,3,3,3,3,3,1,3,2,4,2,2,4,4,3,3,5,5,5,5,1,1,1,1,5,1,1,1,5,5,5,5,5,1,1,1,1,5,3,5,5,3,3,5,5,5,5,5,1,5,3,3,5,5,5,5,5,5,5,3,3,3,3,1,5,5,5,5,3,2,4,5,5,5,3,5,5,5,5,5,5,5,5,5,5,2,2,5,5,5,5,4,4,4,4,4,4,4,4,3,3,3,3,3,3,3,3","0.000818967819213867","leiden","edit-xhwikibooks.graphml"
"0.31","0.2","0.49","0.400526552857979","1,1,2,3,2,3,2,3,3,3,2,2,3,3,3,3,3,2,4,2,5,1,3,3,3,3,3,3,1,3,2,4,2,2,4,4,3,3,5,5,5,5,1,1,1,1,5,1,1,1,5,5,5,5,5,1,1,1,1,5,3,5,5,3,3,5,5,5,5,5,1,5,3,3,5,5,5,5,5,5,5,3,3,3,3,1,5,5,5,5,3,2,4,5,5,5,3,5,5,5,5,5,5,5,5,5,5,2,2,5,5,5,5,4,4,4,4,4,4,4,4,3,3,3,3,3,3,3,3","0.000793933868408203","leiden","edit-xhwikibooks.graphml"
"0.3","0.21","0.49","0.400316497689468","1,1,2,3,2,3,2,3,3,3,2,2,3,3,3,3,3,2,4,2,5,1,3,3,3,3,3,3,1,3,2,4,2,2,4,4,3,3,5,5,5,5,1,1,1,1,5,1,1,1,5,5,5,5,5,1,1,1,1,5,3,5,5,3,3,5,5,5,5,5,1,5,3,3,5,5,5,5,5,5,5,3,3,3,3,1,5,5,5,5,3,2,4,5,5,5,3,5,5,5,5,5,5,5,5,5,5,2,2,5,5,5,5,4,4,4,4,4,4,4,4,3,3,3,3,3,3,3,3","0.000790119171142578","leiden","edit-xhwikibooks.graphml"
"0.29","0.22","0.49","0.400316497689468","1,1,2,3,2,3,2,3,3,3,2,2,3,3,3,3,3,2,4,2,5,1,3,3,3,3,3,3,1,3,2,4,2,2,4,4,3,3,5,5,5,5,1,1,1,1,5,1,1,1,5,5,5,5,5,1,1,1,1,5,3,5,5,3,3,5,5,5,5,5,1,5,3,3,5,5,5,5,5,5,5,3,3,3,3,1,5,5,5,5,3,2,4,5,5,5,3,5,5,5,5,5,5,5,5,5,5,2,2,5,5,5,5,4,4,4,4,4,4,4,4,3,3,3,3,3,3,3,3","0.000868082046508789","leiden","edit-xhwikibooks.graphml"
"0.28","0.23","0.49","0.401443793917302","1,1,2,3,2,3,2,3,3,3,2,2,3,3,3,3,3,2,4,2,5,1,3,3,3,3,3,3,1,3,2,4,2,2,4,4,3,3,5,5,5,5,1,1,1,1,5,1,1,1,5,5,5,5,5,1,1,1,1,5,3,5,5,3,3,5,5,5,5,5,1,5,3,3,5,5,5,5,5,5,5,3,3,3,3,1,5,5,5,5,3,2,4,5,5,5,3,5,5,5,5,5,5,5,5,5,5,2,2,5,5,5,5,4,4,4,4,4,4,4,4,3,3,3,3,3,3,3,3","0.000798225402832031","leiden","edit-xhwikibooks.graphml"
"0.27","0.24","0.49","0.402126598136486","1,1,2,3,2,3,2,3,3,3,2,2,3,3,3,3,3,2,4,2,5,1,3,3,3,3,3,3,1,3,2,4,2,2,4,4,3,3,5,5,5,5,1,1,1,1,5,1,1,1,5,5,5,5,5,1,1,1,1,5,3,5,5,3,3,5,5,5,5,5,1,5,3,3,5,5,5,5,5,5,5,3,3,3,3,1,5,5,5,5,3,2,4,5,5,5,3,5,5,5,5,5,5,5,5,5,5,2,2,5,5,5,5,4,4,4,4,4,4,4,4,3,3,3,3,3,3,3,3","0.000796079635620117","leiden","edit-xhwikibooks.graphml"
"0.26","0.25","0.49","0.403855628012627","1,1,2,3,2,3,2,3,3,3,2,2,3,3,3,3,3,2,4,2,5,1,3,3,3,3,3,3,1,3,2,4,2,2,4,4,3,3,5,5,5,5,1,1,1,1,5,1,1,1,5,5,5,5,5,1,1,1,1,5,3,5,5,3,3,5,5,5,5,5,1,5,3,3,5,5,5,5,5,5,5,3,3,3,3,1,5,5,5,5,3,2,4,5,5,5,3,5,5,5,5,5,5,5,5,5,5,2,2,5,5,5,5,4,4,4,4,4,4,4,4,3,3,3,3,3,3,3,3","0.000785112380981445","leiden","edit-xhwikibooks.graphml"
"0.25","0.26","0.49","0.403855628012627","1,1,2,3,2,3,2,3,3,3,2,2,3,3,3,3,3,2,4,2,5,1,3,3,3,3,3,3,1,3,2,4,2,2,4,4,3,3,5,5,5,5,1,1,1,1,5,1,1,1,5,5,5,5,5,1,1,1,1,5,3,5,5,3,3,5,5,5,5,5,1,5,3,3,5,5,5,5,5,5,5,3,3,3,3,1,5,5,5,5,3,2,4,5,5,5,3,5,5,5,5,5,5,5,5,5,5,2,2,5,5,5,5,4,4,4,4,4,4,4,4,3,3,3,3,3,3,3,3","0.000794887542724609","leiden","edit-xhwikibooks.graphml"
"0.24","0.27","0.49","0.403855628012627","1,1,2,3,2,3,2,3,3,3,2,2,3,3,3,3,3,2,4,2,5,1,3,3,3,3,3,3,1,3,2,4,2,2,4,4,3,3,5,5,5,5,1,1,1,1,5,1,1,1,5,5,5,5,5,1,1,1,1,5,3,5,5,3,3,5,5,5,5,5,1,5,3,3,5,5,5,5,5,5,5,3,3,3,3,1,5,5,5,5,3,2,4,5,5,5,3,5,5,5,5,5,5,5,5,5,5,2,2,5,5,5,5,4,4,4,4,4,4,4,4,3,3,3,3,3,3,3,3","0.000808000564575195","leiden","edit-xhwikibooks.graphml"
"0.23","0.28","0.49","0.403645777777778","1,1,2,3,2,3,2,3,3,3,2,2,3,3,3,3,3,2,4,2,5,1,3,3,3,3,3,3,1,3,2,4,2,2,4,4,3,3,5,5,5,5,1,1,1,1,5,1,1,1,5,5,5,5,5,1,1,1,1,5,3,5,5,3,3,5,5,5,5,5,1,5,3,3,5,5,5,5,5,5,5,3,3,3,3,1,5,5,5,5,3,2,4,5,5,5,3,5,5,5,5,5,5,5,5,5,5,2,2,5,5,5,5,4,4,4,4,4,4,4,4,3,3,3,3,3,3,3,3","0.00100994110107422","leiden","edit-xhwikibooks.graphml"
"0.22","0.29","0.49","0.404963377724508","1,1,2,3,2,3,2,3,3,3,2,2,3,3,3,3,3,2,4,2,5,1,3,3,3,3,3,3,1,3,2,4,2,2,4,4,3,3,5,5,5,5,1,1,1,1,5,1,1,1,5,5,5,5,5,1,1,1,1,5,3,5,5,3,3,5,5,5,5,5,1,5,3,3,5,5,5,5,5,5,5,3,3,3,3,1,5,5,5,5,3,2,4,5,5,5,3,5,5,5,5,5,5,5,5,5,5,2,2,5,5,5,5,4,4,4,4,4,4,4,4,3,3,3,3,3,3,3,3","0.000792026519775391","leiden","edit-xhwikibooks.graphml"
"0.21","0.3","0.49","0.404753588852457","1,1,2,3,2,3,2,3,3,3,2,2,3,3,3,3,3,2,4,2,5,1,3,3,3,3,3,3,1,3,2,4,2,2,4,4,3,3,5,5,5,5,1,1,1,1,5,1,1,1,5,5,5,5,5,1,1,1,1,5,3,5,5,3,3,5,5,5,5,5,1,5,3,3,5,5,5,5,5,5,5,3,3,3,3,1,5,5,5,5,3,2,4,5,5,5,3,5,5,5,5,5,5,5,5,5,5,2,2,5,5,5,5,4,4,4,4,4,4,4,4,3,3,3,3,3,3,3,3","0.000824928283691406","leiden","edit-xhwikibooks.graphml"
"0.2","0.31","0.49","0.406099711923709","1,1,2,3,2,3,2,3,3,3,2,2,3,3,3,3,3,2,4,2,5,1,3,3,3,3,3,3,1,3,2,4,2,2,4,4,3,3,5,5,5,5,1,1,1,1,5,1,1,1,5,5,5,5,5,1,1,1,1,5,3,5,5,3,3,5,5,5,5,5,1,5,3,3,5,5,5,5,5,5,5,3,3,3,3,1,5,5,5,5,3,2,4,5,5,5,3,5,5,5,5,5,5,5,5,5,5,2,2,5,5,5,5,4,4,4,4,4,4,4,4,3,3,3,3,3,3,3,3","0.000808000564575195","leiden","edit-xhwikibooks.graphml"
"0.19","0.32","0.49","0.405889941782229","1,1,2,3,2,3,2,3,3,3,2,2,3,3,3,3,3,2,4,2,5,1,3,3,3,3,3,3,1,3,2,4,2,2,4,4,3,3,5,5,5,5,1,1,1,1,5,1,1,1,5,5,5,5,5,1,1,1,1,5,3,5,5,3,3,5,5,5,5,5,1,5,3,3,5,5,5,5,5,5,5,3,3,3,3,1,5,5,5,5,3,2,4,5,5,5,3,5,5,5,5,5,5,5,5,5,5,2,2,5,5,5,5,4,4,4,4,4,4,4,4,3,3,3,3,3,3,3,3","0.000811100006103516","leiden","edit-xhwikibooks.graphml"
"0.18","0.33","0.49","0.405889941782229","1,1,2,3,2,3,2,3,3,3,2,2,3,3,3,3,3,2,4,2,5,1,3,3,3,3,3,3,1,3,2,4,2,2,4,4,3,3,5,5,5,5,1,1,1,1,5,1,1,1,5,5,5,5,5,1,1,1,1,5,3,5,5,3,3,5,5,5,5,5,1,5,3,3,5,5,5,5,5,5,5,3,3,3,3,1,5,5,5,5,3,2,4,5,5,5,3,5,5,5,5,5,5,5,5,5,5,2,2,5,5,5,5,4,4,4,4,4,4,4,4,3,3,3,3,3,3,3,3","0.000864982604980469","leiden","edit-xhwikibooks.graphml"
"0.17","0.34","0.49","0.414433737449972","1,1,2,3,2,3,2,3,3,3,4,2,3,3,3,3,3,4,4,2,5,1,3,3,3,3,3,3,1,3,4,4,2,2,4,4,3,3,5,5,5,5,1,1,1,1,5,1,1,1,5,5,5,5,5,1,1,1,1,5,3,5,5,3,3,5,5,5,5,5,1,5,3,3,5,5,5,5,5,5,5,3,3,3,3,1,5,5,5,5,3,4,4,5,5,5,3,5,5,5,5,5,5,5,5,5,5,2,2,5,5,5,5,4,4,4,4,4,4,4,4,3,3,3,3,3,3,3,3","0.000810146331787109","leiden","edit-xhwikibooks.graphml"
"0.16","0.35","0.49","0.414433737449972","1,1,2,3,2,3,2,3,3,3,4,2,3,3,3,3,3,4,4,2,5,1,3,3,3,3,3,3,1,3,4,4,2,2,4,4,3,3,5,5,5,5,1,1,1,1,5,1,1,1,5,5,5,5,5,1,1,1,1,5,3,5,5,3,3,5,5,5,5,5,1,5,3,3,5,5,5,5,5,5,5,3,3,3,3,1,5,5,5,5,3,4,4,5,5,5,3,5,5,5,5,5,5,5,5,5,5,2,2,5,5,5,5,4,4,4,4,4,4,4,4,3,3,3,3,3,3,3,3","0.000794887542724609","leiden","edit-xhwikibooks.graphml"
"0.15","0.36","0.49","0.414779899192051","1,1,2,3,2,3,2,3,3,3,2,2,3,3,3,3,3,2,4,2,5,1,3,3,3,3,3,3,1,3,2,4,2,2,4,4,3,3,5,5,5,5,1,1,1,1,5,1,1,1,5,5,5,5,5,1,1,1,1,5,3,5,5,3,3,5,5,5,5,5,1,5,3,3,5,5,5,5,5,5,5,3,3,3,3,1,5,5,5,5,3,2,4,5,5,5,3,5,5,5,5,5,5,5,5,5,5,2,2,5,5,5,5,4,4,4,4,4,4,4,4,3,3,3,3,3,3,3,3","0.000792980194091797","leiden","edit-xhwikibooks.graphml"
"0.14","0.37","0.49","0.414779899192051","1,1,2,3,2,3,2,3,3,3,2,2,3,3,3,3,3,2,4,2,5,1,3,3,3,3,3,3,1,3,2,4,2,2,4,4,3,3,5,5,5,5,1,1,1,1,5,1,1,1,5,5,5,5,5,1,1,1,1,5,3,5,5,3,3,5,5,5,5,5,1,5,3,3,5,5,5,5,5,5,5,3,3,3,3,1,5,5,5,5,3,2,4,5,5,5,3,5,5,5,5,5,5,5,5,5,5,2,2,5,5,5,5,4,4,4,4,4,4,4,4,3,3,3,3,3,3,3,3","0.000808954238891602","leiden","edit-xhwikibooks.graphml"
"0.13","0.38","0.49","0.414569509585782","1,1,2,3,2,3,2,3,3,3,2,2,3,3,3,3,3,2,4,2,5,1,3,3,3,3,3,3,1,3,2,4,2,2,4,4,3,3,5,5,5,5,1,1,1,1,5,1,1,1,5,5,5,5,5,1,1,1,1,5,3,5,5,3,3,5,5,5,5,5,1,5,3,3,5,5,5,5,5,5,5,3,3,3,3,1,5,5,5,5,3,2,4,5,5,5,3,5,5,5,5,5,5,5,5,5,5,2,2,5,5,5,5,4,4,4,4,4,4,4,4,3,3,3,3,3,3,3,3","0.000807046890258789","leiden","edit-xhwikibooks.graphml"
"0.12","0.39","0.49","0.415221719332327","1,1,2,3,2,3,2,3,3,3,2,2,3,3,3,3,3,2,4,2,5,1,3,3,3,3,3,3,1,3,2,4,2,2,4,4,3,3,5,5,5,5,1,1,1,1,5,1,1,1,5,5,5,5,5,1,1,1,1,5,3,5,5,3,3,5,5,5,5,5,1,5,3,3,5,5,5,5,5,5,5,3,3,3,3,1,5,5,5,5,3,2,4,5,5,5,3,5,5,5,5,5,5,5,5,5,5,2,2,5,5,5,5,4,4,4,4,4,4,4,4,3,3,3,3,3,3,3,3","0.000795841217041016","leiden","edit-xhwikibooks.graphml"
"0.11","0.4","0.49","0.415623727817867","1,1,2,3,2,3,2,3,3,3,2,2,3,3,3,3,3,2,4,2,5,1,3,3,3,3,3,3,1,3,2,4,2,2,4,4,3,3,5,5,5,5,1,1,1,1,5,1,1,1,5,5,5,5,5,1,1,1,1,5,3,5,5,3,3,5,5,5,5,5,1,5,3,3,5,5,5,5,5,5,5,3,3,3,3,1,5,5,5,5,3,2,4,5,5,5,3,5,5,5,5,5,5,5,5,5,5,2,2,5,5,5,5,4,4,4,4,4,4,4,4,3,3,3,3,3,3,3,3","0.0010371208190918","leiden","edit-xhwikibooks.graphml"
"0.1","0.41","0.49","0.415623727817867","1,1,2,3,2,3,2,3,3,3,2,2,3,3,3,3,3,2,4,2,5,1,3,3,3,3,3,3,1,3,2,4,2,2,4,4,3,3,5,5,5,5,1,1,1,1,5,1,1,1,5,5,5,5,5,1,1,1,1,5,3,5,5,3,3,5,5,5,5,5,1,5,3,3,5,5,5,5,5,5,5,3,3,3,3,1,5,5,5,5,3,2,4,5,5,5,3,5,5,5,5,5,5,5,5,5,5,2,2,5,5,5,5,4,4,4,4,4,4,4,4,3,3,3,3,3,3,3,3","0.000780820846557617","leiden","edit-xhwikibooks.graphml"
"0.09","0.42","0.49","0.41480137211016","1,1,2,3,2,3,2,3,3,3,2,2,3,3,3,3,3,2,4,2,5,1,3,3,3,3,3,3,1,3,2,4,2,2,4,4,3,3,5,5,5,5,1,1,1,1,5,1,1,1,5,5,5,5,5,1,1,1,1,5,3,5,5,3,3,5,5,5,5,5,1,5,3,3,5,5,5,5,5,5,5,3,3,3,3,1,5,5,5,5,3,2,4,5,5,5,3,5,5,5,5,5,5,5,5,5,5,2,2,5,5,5,5,4,4,4,4,4,4,4,4,3,3,3,3,3,3,3,3","0.000818014144897461","leiden","edit-xhwikibooks.graphml"
"0.08","0.43","0.49","0.41606161426496","1,1,2,3,2,3,2,3,3,3,2,2,3,3,3,3,3,2,4,2,5,1,3,3,3,3,3,3,1,3,2,4,2,2,4,4,3,3,5,5,5,5,1,1,1,1,5,1,1,1,5,5,5,5,5,1,1,1,1,5,3,5,5,3,3,5,5,5,5,5,1,5,3,3,5,5,5,5,5,5,5,3,3,3,3,1,5,5,5,5,3,2,4,5,5,5,3,5,5,5,5,5,5,5,5,5,5,2,2,5,5,5,5,4,4,4,4,4,4,4,4,3,3,3,3,3,3,3,3","0.000774860382080078","leiden","edit-xhwikibooks.graphml"
"0.07","0.44","0.49","0.414033431873152","1,1,2,3,2,3,2,3,3,3,2,2,3,3,3,3,3,2,4,2,5,1,3,3,3,3,3,3,1,3,2,4,2,2,4,4,3,3,5,5,5,5,1,1,1,1,5,1,1,1,5,5,5,5,5,1,1,1,1,5,3,5,5,3,3,5,5,5,5,5,1,5,3,3,5,5,5,5,5,5,5,3,3,3,3,1,5,5,5,5,3,2,4,5,5,5,3,5,5,5,5,5,5,5,5,5,5,2,2,5,5,5,5,4,4,4,4,4,4,4,4,3,3,3,3,3,3,3,3","0.000967025756835938","leiden","edit-xhwikibooks.graphml"
"0.06","0.45","0.49","0.415298475937813","1,1,2,3,2,3,2,3,3,3,2,2,3,3,3,3,3,2,4,2,5,1,3,3,3,3,3,3,1,3,2,4,2,2,4,4,3,3,5,5,5,5,1,1,1,1,5,1,1,1,5,5,5,5,5,1,1,1,1,5,3,5,5,3,3,5,5,5,5,5,1,5,3,3,5,5,5,5,5,5,5,3,3,3,3,1,5,5,5,5,3,2,4,5,5,5,3,5,5,5,5,5,5,5,5,5,5,2,2,5,5,5,5,4,4,4,4,4,4,4,4,3,3,3,3,3,3,3,3","0.00144696235656738","leiden","edit-xhwikibooks.graphml"
"0.05","0.46","0.49","0.411542449678046","1,1,2,2,2,3,2,3,3,3,2,2,3,3,3,3,3,2,4,2,5,1,3,3,3,3,3,3,1,3,2,4,2,2,4,4,3,3,5,5,5,5,1,1,1,1,5,1,1,1,5,5,5,5,5,1,1,1,1,5,3,5,5,3,3,5,5,5,5,5,1,5,3,3,5,5,5,5,5,5,5,3,3,3,3,1,5,5,5,5,3,2,4,5,5,5,3,5,5,5,5,5,5,5,5,5,5,2,2,5,5,5,5,4,4,4,4,4,4,4,4,3,3,3,3,3,3,3,3","0.000849008560180664","leiden","edit-xhwikibooks.graphml"
"0.04","0.47","0.49","0.412199847469034","1,1,2,2,2,3,2,3,3,3,2,2,3,3,3,3,3,2,4,2,5,1,3,3,3,3,3,3,1,3,2,4,2,2,4,4,3,3,5,5,5,5,1,1,1,1,5,1,1,1,5,5,5,5,5,1,1,1,1,5,3,5,5,3,3,5,5,5,5,5,1,5,3,3,5,5,5,5,5,5,5,3,3,3,3,1,5,5,5,5,3,2,4,5,5,5,3,5,5,5,5,5,5,5,5,5,5,2,2,5,5,5,5,4,4,4,4,4,4,4,4,3,3,3,3,3,3,3,3","0.000834941864013672","leiden","edit-xhwikibooks.graphml"
"0.03","0.48","0.49","0.403257532564361","1,1,1,2,3,2,3,2,2,2,3,3,2,2,2,2,2,3,4,3,5,1,2,2,2,2,2,2,1,2,3,4,3,3,4,4,2,2,5,5,5,5,1,1,1,1,5,1,1,1,5,5,5,5,5,1,1,1,1,5,2,5,5,2,2,5,5,5,5,5,1,5,2,2,5,5,5,5,5,5,5,2,2,2,2,1,5,5,5,5,2,3,4,5,5,5,2,5,5,5,5,5,5,5,5,5,5,3,3,5,5,5,5,4,4,4,4,4,4,4,4,2,2,2,2,2,2,2,2","0.000826835632324219","leiden","edit-xhwikibooks.graphml"
"0.02","0.49","0.49","0.403257532564361","1,1,1,2,3,2,3,2,2,2,3,3,2,2,2,2,2,3,4,3,5,1,2,2,2,2,2,2,1,2,3,4,3,3,4,4,2,2,5,5,5,5,1,1,1,1,5,1,1,1,5,5,5,5,5,1,1,1,1,5,2,5,5,2,2,5,5,5,5,5,1,5,2,2,5,5,5,5,5,5,5,2,2,2,2,1,5,5,5,5,2,3,4,5,5,5,2,5,5,5,5,5,5,5,5,5,5,3,3,5,5,5,5,4,4,4,4,4,4,4,4,2,2,2,2,2,2,2,2","0.000858068466186523","leiden","edit-xhwikibooks.graphml"
"0.01","0.5","0.49","0.427235587929241","1,1,1,2,3,2,3,2,2,2,3,3,2,2,2,2,2,3,4,3,5,1,2,2,2,2,2,2,1,2,3,4,3,3,4,4,2,2,5,5,5,5,1,1,1,1,5,1,1,1,5,5,5,5,5,1,1,1,1,5,6,5,5,2,2,5,5,5,5,5,1,5,2,2,5,5,5,5,5,5,5,2,2,2,2,7,5,5,5,5,8,9,10,5,5,5,2,5,5,5,5,5,5,5,5,5,5,3,3,5,5,5,5,4,4,4,4,4,4,4,4,2,2,2,2,2,2,2,2","0.000817775726318359","leiden","edit-xhwikibooks.graphml"
"0","0.51","0.49","0.430332102987022","1,1,1,1,1,2,3,2,2,2,3,3,2,2,2,2,2,3,4,3,5,1,2,2,2,2,2,2,1,2,3,4,3,3,4,4,2,2,5,5,5,5,1,1,1,1,5,1,1,1,5,5,5,5,5,1,1,1,1,5,6,5,5,2,2,5,5,5,5,5,1,5,2,2,5,5,5,5,5,5,5,2,2,2,2,7,5,5,5,5,8,9,10,5,5,5,2,5,5,5,5,5,5,5,5,5,5,3,3,5,5,5,5,4,4,4,4,4,4,4,4,2,2,2,2,2,2,2,2","0.00120997428894043","leiden","edit-xhwikibooks.graphml"
"0.5","0","0.5","0.434155114150082","1,1,1,1,2,3,2,3,3,3,2,2,3,3,3,3,3,2,4,2,5,1,3,3,3,3,3,3,1,3,2,4,2,2,4,4,3,3,5,5,5,5,1,1,1,1,5,1,1,1,5,5,5,5,5,1,1,1,1,5,3,5,5,3,3,5,5,5,5,5,1,5,3,3,5,5,5,5,5,5,5,3,3,3,3,1,5,5,5,5,3,2,4,5,5,5,3,5,5,5,5,5,5,5,5,5,5,2,2,5,5,5,5,4,4,4,4,4,4,4,4,3,3,3,3,3,3,3,3","0.000918149948120117","leiden","edit-xhwikibooks.graphml"
"0.49","0.01","0.5","0.400486629100847","1,1,1,1,2,3,2,3,3,3,2,2,3,3,3,3,3,2,4,2,5,1,3,3,3,3,3,3,1,3,2,4,2,2,4,4,3,3,5,5,5,5,1,1,1,1,5,1,1,1,5,5,5,5,5,1,1,1,1,5,3,5,5,3,3,5,5,5,5,5,1,5,3,3,5,5,5,5,5,5,5,3,3,3,3,1,5,5,5,5,3,2,4,5,5,5,3,5,5,5,5,5,5,5,5,5,5,2,2,5,5,5,5,4,4,4,4,4,4,4,4,3,3,3,3,3,3,3,3","0.000957965850830078","leiden","edit-xhwikibooks.graphml"
"0.48","0.02","0.5","0.400486629100847","1,1,1,1,2,3,2,3,3,3,2,2,3,3,3,3,3,2,4,2,5,1,3,3,3,3,3,3,1,3,2,4,2,2,4,4,3,3,5,5,5,5,1,1,1,1,5,1,1,1,5,5,5,5,5,1,1,1,1,5,3,5,5,3,3,5,5,5,5,5,1,5,3,3,5,5,5,5,5,5,5,3,3,3,3,1,5,5,5,5,3,2,4,5,5,5,3,5,5,5,5,5,5,5,5,5,5,2,2,5,5,5,5,4,4,4,4,4,4,4,4,3,3,3,3,3,3,3,3","0.00083613395690918","leiden","edit-xhwikibooks.graphml"
"0.47","0.03","0.5","0.399811926162738","1,1,1,1,2,4,2,4,4,4,3,2,4,4,4,4,4,3,3,2,5,1,4,4,4,4,4,4,1,4,3,3,2,2,3,3,4,4,5,5,5,5,1,1,1,1,5,1,1,1,5,5,5,5,5,1,1,1,1,5,4,5,5,4,4,5,5,5,5,5,1,5,4,4,5,5,5,5,5,5,5,4,4,4,4,1,5,5,5,5,4,3,3,5,5,5,4,5,5,5,5,5,5,5,5,5,5,2,2,5,5,5,5,3,3,3,3,3,3,3,3,4,4,4,4,4,4,4,4","0.000817060470581055","leiden","edit-xhwikibooks.graphml"
"0.46","0.04","0.5","0.400285766934689","1,1,1,1,2,3,2,3,3,3,2,2,3,3,3,3,3,2,4,2,5,1,3,3,3,3,3,3,1,3,2,4,2,2,4,4,3,3,5,5,5,5,1,1,1,1,5,1,1,1,5,5,5,5,5,1,1,1,1,5,3,5,5,3,3,5,5,5,5,5,1,5,3,3,5,5,5,5,5,5,5,3,3,3,3,1,5,5,5,5,3,2,4,5,5,5,3,5,5,5,5,5,5,5,5,5,5,2,2,5,5,5,5,4,4,4,4,4,4,4,4,3,3,3,3,3,3,3,3","0.000792980194091797","leiden","edit-xhwikibooks.graphml"
"0.45","0.05","0.5","0.399922338734985","1,1,1,1,1,2,3,2,2,2,3,3,2,2,2,2,2,3,4,3,5,1,2,2,2,2,2,2,1,2,3,4,3,3,4,4,2,2,5,5,5,5,1,1,1,1,5,1,1,1,5,5,5,5,5,1,1,1,1,5,2,5,5,2,2,5,5,5,5,5,1,5,2,2,5,5,5,5,5,5,5,2,2,2,2,1,5,5,5,5,2,3,4,5,5,5,2,5,5,5,5,5,5,5,5,5,5,3,3,5,5,5,5,4,4,4,4,4,4,4,4,2,2,2,2,2,2,2,2","0.00079798698425293","leiden","edit-xhwikibooks.graphml"
"0.44","0.06","0.5","0.400085089370965","1,1,1,1,2,3,2,3,3,3,2,2,3,3,3,3,3,2,4,2,5,1,3,3,3,3,3,3,1,3,2,4,2,2,4,4,3,3,5,5,5,5,1,1,1,1,5,1,1,1,5,5,5,5,5,1,1,1,1,5,3,5,5,3,3,5,5,5,5,5,1,5,3,3,5,5,5,5,5,5,5,3,3,3,3,1,5,5,5,5,3,2,4,5,5,5,3,5,5,5,5,5,5,5,5,5,5,2,2,5,5,5,5,4,4,4,4,4,4,4,4,3,3,3,3,3,3,3,3","0.00078892707824707","leiden","edit-xhwikibooks.graphml"
"0.43","0.07","0.5","0.399884596197134","1,1,1,1,2,3,2,3,3,3,2,2,3,3,3,3,3,2,4,2,5,1,3,3,3,3,3,3,1,3,2,4,2,2,4,4,3,3,5,5,5,5,1,1,1,1,5,1,1,1,5,5,5,5,5,1,1,1,1,5,3,5,5,3,3,5,5,5,5,5,1,5,3,3,5,5,5,5,5,5,5,3,3,3,3,1,5,5,5,5,3,2,4,5,5,5,3,5,5,5,5,5,5,5,5,5,5,2,2,5,5,5,5,4,4,4,4,4,4,4,4,3,3,3,3,3,3,3,3","0.000806808471679688","leiden","edit-xhwikibooks.graphml"
"0.42","0.08","0.5","0.400540478668054","1,1,1,1,2,3,2,3,3,3,2,2,3,3,3,3,3,2,4,2,5,1,3,3,3,3,3,3,1,3,2,4,2,2,4,4,3,3,5,5,5,5,1,1,1,1,5,1,1,1,5,5,5,5,5,1,1,1,1,5,3,5,5,3,3,5,5,5,5,5,1,5,3,3,5,5,5,5,5,5,5,3,3,3,3,1,5,5,5,5,3,2,4,5,5,5,3,5,5,5,5,5,5,5,5,5,5,2,2,5,5,5,5,4,4,4,4,4,4,4,4,3,3,3,3,3,3,3,3","0.000803232192993164","leiden","edit-xhwikibooks.graphml"
"0.41","0.09","0.5","0.400176296900442","1,1,1,1,1,2,3,2,2,2,3,3,2,2,2,2,2,3,4,3,5,1,2,2,2,2,2,2,1,2,3,4,3,3,4,4,2,2,5,5,5,5,1,1,1,1,5,1,1,1,5,5,5,5,5,1,1,1,1,5,2,5,5,2,2,5,5,5,5,5,1,5,2,2,5,5,5,5,5,5,5,2,2,2,2,1,5,5,5,5,2,3,4,5,5,5,2,5,5,5,5,5,5,5,5,5,5,3,3,5,5,5,5,4,4,4,4,4,4,4,4,2,2,2,2,2,2,2,2","0.000926017761230469","leiden","edit-xhwikibooks.graphml"
"0.4","0.1","0.5","0.400993853956318","1,1,1,1,2,3,2,3,3,3,2,2,3,3,3,3,3,2,4,2,5,1,3,3,3,3,3,3,1,3,2,4,2,2,4,4,3,3,5,5,5,5,1,1,1,1,5,1,1,1,5,5,5,5,5,1,1,1,1,5,3,5,5,3,3,5,5,5,5,5,1,5,3,3,5,5,5,5,5,5,5,3,3,3,3,1,5,5,5,5,3,2,4,5,5,5,3,5,5,5,5,5,5,5,5,5,5,2,2,5,5,5,5,4,4,4,4,4,4,4,4,3,3,3,3,3,3,3,3","0.0010378360748291","leiden","edit-xhwikibooks.graphml"
"0.39","0.11","0.5","0.400793553718391","1,1,1,1,2,3,2,3,3,3,2,2,3,3,3,3,3,2,4,2,5,1,3,3,3,3,3,3,1,3,2,4,2,2,4,4,3,3,5,5,5,5,1,1,1,1,5,1,1,1,5,5,5,5,5,1,1,1,1,5,3,5,5,3,3,5,5,5,5,5,1,5,3,3,5,5,5,5,5,5,5,3,3,3,3,1,5,5,5,5,3,2,4,5,5,5,3,5,5,5,5,5,5,5,5,5,5,2,2,5,5,5,5,4,4,4,4,4,4,4,4,3,3,3,3,3,3,3,3","0.000793933868408203","leiden","edit-xhwikibooks.graphml"
"0.38","0.12","0.5","0.401507635363571","1,1,1,1,1,2,3,2,2,2,3,3,2,2,2,2,2,3,3,3,4,1,2,2,2,2,2,2,1,2,3,3,3,3,3,3,2,2,4,4,4,4,1,1,1,1,4,1,1,1,4,4,4,4,4,1,1,1,1,4,2,4,4,2,2,4,4,4,4,4,1,4,2,2,4,4,4,4,4,4,4,2,2,2,2,1,4,4,4,4,2,3,3,4,4,4,2,4,4,4,4,4,4,4,4,4,4,3,3,4,4,4,4,3,3,3,3,3,3,3,3,2,2,2,2,2,2,2,2","0.000797033309936523","leiden","edit-xhwikibooks.graphml"
"0.37","0.13","0.5","0.400343268614403","1,1,1,1,2,1,2,1,1,1,2,2,1,1,1,1,1,2,3,2,4,5,1,1,1,1,1,1,1,1,2,3,2,2,3,3,1,1,4,4,4,4,5,5,5,5,4,5,5,5,4,4,4,4,4,5,5,5,5,4,1,4,4,1,1,4,4,4,4,4,5,4,1,1,4,4,4,4,4,4,4,1,1,1,1,1,4,4,4,4,1,2,3,4,4,4,1,4,4,4,4,4,4,4,4,4,4,2,2,4,4,4,4,3,3,3,3,3,3,3,3,1,1,1,1,1,1,1,1","0.000760078430175781","leiden","edit-xhwikibooks.graphml"
"0.36","0.14","0.5","0.401868998684915","1,1,1,1,2,3,2,3,3,3,2,2,3,3,3,3,3,2,4,2,5,1,3,3,3,3,3,3,1,3,2,4,2,2,4,4,3,3,5,5,5,5,1,1,1,1,5,1,1,1,5,5,5,5,5,1,1,1,1,5,3,5,5,3,3,5,5,5,5,5,1,5,3,3,5,5,5,5,5,5,5,3,3,3,3,1,5,5,5,5,3,2,4,5,5,5,3,5,5,5,5,5,5,5,5,5,5,2,2,5,5,5,5,4,4,4,4,4,4,4,4,3,3,3,3,3,3,3,3","0.000791788101196289","leiden","edit-xhwikibooks.graphml"
"0.35","0.15","0.5","0.402938142696857","1,1,1,1,2,3,2,3,3,3,2,2,3,3,3,3,3,2,4,2,5,1,3,3,3,3,3,3,1,3,2,4,2,2,4,4,3,3,5,5,5,5,1,1,1,1,5,1,1,1,5,5,5,5,5,1,1,1,1,5,3,5,5,3,3,5,5,5,5,5,1,5,3,3,5,5,5,5,5,5,5,3,3,3,3,1,5,5,5,5,3,2,4,5,5,5,3,5,5,5,5,5,5,5,5,5,5,2,2,5,5,5,5,4,4,4,4,4,4,4,4,3,3,3,3,3,3,3,3","0.000777959823608398","leiden","edit-xhwikibooks.graphml"
"0.34","0.16","0.5","0.40358501808021","1,1,1,1,2,3,2,3,3,3,2,2,3,3,3,3,3,2,4,2,5,1,3,3,3,3,3,3,1,3,2,4,2,2,4,4,3,3,5,5,5,5,1,1,1,1,5,1,1,1,5,5,5,5,5,1,1,1,1,5,3,5,5,3,3,5,5,5,5,5,1,5,3,3,5,5,5,5,5,5,5,3,3,3,3,1,5,5,5,5,3,2,4,5,5,5,3,5,5,5,5,5,5,5,5,5,5,2,2,5,5,5,5,4,4,4,4,4,4,4,4,3,3,3,3,3,3,3,3","0.000819921493530273","leiden","edit-xhwikibooks.graphml"
"0.33","0.17","0.5","0.404679920211841","1,1,1,1,2,3,2,3,3,3,2,2,3,3,3,3,3,2,4,2,5,1,3,3,3,3,3,3,1,3,2,4,2,2,4,4,3,3,5,5,5,5,1,1,1,1,5,1,1,1,5,5,5,5,5,1,1,1,1,5,3,5,5,3,3,5,5,5,5,5,1,5,3,3,5,5,5,5,5,5,5,3,3,3,3,1,5,5,5,5,3,2,4,5,5,5,3,5,5,5,5,5,5,5,5,5,5,2,2,5,5,5,5,4,4,4,4,4,4,4,4,3,3,3,3,3,3,3,3","0.000806093215942383","leiden","edit-xhwikibooks.graphml"
"0.32","0.18","0.5","0.404679920211841","1,1,1,1,2,3,2,3,3,3,2,2,3,3,3,3,3,2,4,2,5,1,3,3,3,3,3,3,1,3,2,4,2,2,4,4,3,3,5,5,5,5,1,1,1,1,5,1,1,1,5,5,5,5,5,1,1,1,1,5,3,5,5,3,3,5,5,5,5,5,1,5,3,3,5,5,5,5,5,5,5,3,3,3,3,1,5,5,5,5,3,2,4,5,5,5,3,5,5,5,5,5,5,5,5,5,5,2,2,5,5,5,5,4,4,4,4,4,4,4,4,3,3,3,3,3,3,3,3","0.000815868377685547","leiden","edit-xhwikibooks.graphml"
"0.31","0.19","0.5","0.404479832353268","1,1,1,1,2,3,2,3,3,3,2,2,3,3,3,3,3,2,4,2,5,1,3,3,3,3,3,3,1,3,2,4,2,2,4,4,3,3,5,5,5,5,1,1,1,1,5,1,1,1,5,5,5,5,5,1,1,1,1,5,3,5,5,3,3,5,5,5,5,5,1,5,3,3,5,5,5,5,5,5,5,3,3,3,3,1,5,5,5,5,3,2,4,5,5,5,3,5,5,5,5,5,5,5,5,5,5,2,2,5,5,5,5,4,4,4,4,4,4,4,4,3,3,3,3,3,3,3,3","0.000794887542724609","leiden","edit-xhwikibooks.graphml"
"0.3","0.2","0.5","0.405694156965791","1,1,1,1,2,3,2,3,3,3,2,2,3,3,3,3,3,2,4,2,5,1,3,3,3,3,3,3,1,3,2,4,2,2,4,4,3,3,5,5,5,5,1,1,1,1,5,1,1,1,5,5,5,5,5,1,1,1,1,5,3,5,5,3,3,5,5,5,5,5,1,5,3,3,5,5,5,5,5,5,5,3,3,3,3,1,5,5,5,5,3,2,4,5,5,5,3,5,5,5,5,5,5,5,5,5,5,2,2,5,5,5,5,4,4,4,4,4,4,4,4,3,3,3,3,3,3,3,3","0.000854015350341797","leiden","edit-xhwikibooks.graphml"
"0.29","0.21","0.5","0.405494180588877","1,1,1,1,2,3,2,3,3,3,2,2,3,3,3,3,3,2,4,2,5,1,3,3,3,3,3,3,1,3,2,4,2,2,4,4,3,3,5,5,5,5,1,1,1,1,5,1,1,1,5,5,5,5,5,1,1,1,1,5,3,5,5,3,3,5,5,5,5,5,1,5,3,3,5,5,5,5,5,5,5,3,3,3,3,1,5,5,5,5,3,2,4,5,5,5,3,5,5,5,5,5,5,5,5,5,5,2,2,5,5,5,5,4,4,4,4,4,4,4,4,3,3,3,3,3,3,3,3","0.00146198272705078","leiden","edit-xhwikibooks.graphml"
"0.28","0.22","0.5","0.405494180588877","1,1,1,1,2,3,2,3,3,3,2,2,3,3,3,3,3,2,4,2,5,1,3,3,3,3,3,3,1,3,2,4,2,2,4,4,3,3,5,5,5,5,1,1,1,1,5,1,1,1,5,5,5,5,5,1,1,1,1,5,3,5,5,3,3,5,5,5,5,5,1,5,3,3,5,5,5,5,5,5,5,3,3,3,3,1,5,5,5,5,3,2,4,5,5,5,3,5,5,5,5,5,5,5,5,5,5,2,2,5,5,5,5,4,4,4,4,4,4,4,4,3,3,3,3,3,3,3,3","0.000830888748168945","leiden","edit-xhwikibooks.graphml"
"0.27","0.23","0.5","0.406543267475354","1,1,1,1,2,3,2,3,3,3,2,2,3,3,3,3,3,2,4,2,5,1,3,3,3,3,3,3,1,3,2,4,2,2,4,4,3,3,5,5,5,5,1,1,1,1,5,1,1,1,5,5,5,5,5,1,1,1,1,5,3,5,5,3,3,5,5,5,5,5,1,5,3,3,5,5,5,5,5,5,5,3,3,3,3,1,5,5,5,5,3,2,4,5,5,5,3,5,5,5,5,5,5,5,5,5,5,2,2,5,5,5,5,4,4,4,4,4,4,4,4,3,3,3,3,3,3,3,3","0.000818014144897461","leiden","edit-xhwikibooks.graphml"
"0.26","0.24","0.5","0.407180229177716","1,1,1,1,2,3,2,3,3,3,2,2,3,3,3,3,3,2,4,2,5,1,3,3,3,3,3,3,1,3,2,4,2,2,4,4,3,3,5,5,5,5,1,1,1,1,5,1,1,1,5,5,5,5,5,1,1,1,1,5,3,5,5,3,3,5,5,5,5,5,1,5,3,3,5,5,5,5,5,5,5,3,3,3,3,1,5,5,5,5,3,2,4,5,5,5,3,5,5,5,5,5,5,5,5,5,5,2,2,5,5,5,5,4,4,4,4,4,4,4,4,3,3,3,3,3,3,3,3","0.000792026519775391","leiden","edit-xhwikibooks.graphml"
"0.25","0.25","0.5","0.408775409423028","1,1,1,1,2,3,2,3,3,3,2,2,3,3,3,3,3,2,4,2,5,1,3,3,3,3,3,3,1,3,2,4,2,2,4,4,3,3,5,5,5,5,1,1,1,1,5,1,1,1,5,5,5,5,5,1,1,1,1,5,3,5,5,3,3,5,5,5,5,5,1,5,3,3,5,5,5,5,5,5,5,3,3,3,3,1,5,5,5,5,3,2,4,5,5,5,3,5,5,5,5,5,5,5,5,5,5,2,2,5,5,5,5,4,4,4,4,4,4,4,4,3,3,3,3,3,3,3,3","0.000803947448730469","leiden","edit-xhwikibooks.graphml"
"0.24","0.26","0.5","0.408775409423028","1,1,1,1,2,3,2,3,3,3,2,2,3,3,3,3,3,2,4,2,5,1,3,3,3,3,3,3,1,3,2,4,2,2,4,4,3,3,5,5,5,5,1,1,1,1,5,1,1,1,5,5,5,5,5,1,1,1,1,5,3,5,5,3,3,5,5,5,5,5,1,5,3,3,5,5,5,5,5,5,5,3,3,3,3,1,5,5,5,5,3,2,4,5,5,5,3,5,5,5,5,5,5,5,5,5,5,2,2,5,5,5,5,4,4,4,4,4,4,4,4,3,3,3,3,3,3,3,3","0.000828981399536133","leiden","edit-xhwikibooks.graphml"
"0.23","0.27","0.5","0.408775409423028","1,1,1,1,2,3,2,3,3,3,2,2,3,3,3,3,3,2,4,2,5,1,3,3,3,3,3,3,1,3,2,4,2,2,4,4,3,3,5,5,5,5,1,1,1,1,5,1,1,1,5,5,5,5,5,1,1,1,1,5,3,5,5,3,3,5,5,5,5,5,1,5,3,3,5,5,5,5,5,5,5,3,3,3,3,1,5,5,5,5,3,2,4,5,5,5,3,5,5,5,5,5,5,5,5,5,5,2,2,5,5,5,5,4,4,4,4,4,4,4,4,3,3,3,3,3,3,3,3","0.000879049301147461","leiden","edit-xhwikibooks.graphml"
"0.22","0.28","0.5","0.408410621569739","1,1,1,1,1,3,2,3,3,3,2,2,3,3,3,3,3,2,4,2,5,1,3,3,3,3,3,3,1,3,2,4,2,2,4,4,3,3,5,5,5,5,1,1,1,1,5,1,1,1,5,5,5,5,5,1,1,1,1,5,3,5,5,3,3,5,5,5,5,5,1,5,3,3,5,5,5,5,5,5,5,3,3,3,3,1,5,5,5,5,3,2,4,5,5,5,3,5,5,5,5,5,5,5,5,5,5,2,2,5,5,5,5,4,4,4,4,4,4,4,4,3,3,3,3,3,3,3,3","0.000813007354736328","leiden","edit-xhwikibooks.graphml"
"0.21","0.29","0.5","0.409807259514137","1,1,1,1,2,3,2,3,3,3,2,2,3,3,3,3,3,2,4,2,5,1,3,3,3,3,3,3,1,3,2,4,2,2,4,4,3,3,5,5,5,5,1,1,1,1,5,1,1,1,5,5,5,5,5,1,1,1,1,5,3,5,5,3,3,5,5,5,5,5,1,5,3,3,5,5,5,5,5,5,5,3,3,3,3,1,5,5,5,5,3,2,4,5,5,5,3,5,5,5,5,5,5,5,5,5,5,2,2,5,5,5,5,4,4,4,4,4,4,4,4,3,3,3,3,3,3,3,3","0.000823020935058594","leiden","edit-xhwikibooks.graphml"
"0.2","0.3","0.5","0.410236941195321","1,1,1,1,2,3,2,3,3,3,2,2,3,3,3,3,3,2,4,2,5,1,3,3,3,3,3,3,1,3,2,4,2,2,4,4,3,3,5,5,5,5,1,1,1,1,5,1,1,1,5,5,5,5,5,1,1,1,1,5,3,5,5,3,3,5,5,5,5,5,1,5,3,3,5,5,5,5,5,5,5,3,3,3,3,1,5,5,5,5,3,2,4,5,5,5,3,5,5,5,5,5,5,5,5,5,5,2,2,5,5,5,5,4,4,4,4,4,4,4,4,3,3,3,3,3,3,3,3","0.000814914703369141","leiden","edit-xhwikibooks.graphml"
"0.19","0.31","0.5","0.41086434777947","1,1,1,1,2,3,2,3,3,3,2,2,3,3,3,3,3,2,4,2,5,1,3,3,3,3,3,3,1,3,2,4,2,2,4,4,3,3,5,5,5,5,1,1,1,1,5,1,1,1,5,5,5,5,5,1,1,1,1,5,3,5,5,3,3,5,5,5,5,5,1,5,3,3,5,5,5,5,5,5,5,3,3,3,3,1,5,5,5,5,3,2,4,5,5,5,3,5,5,5,5,5,5,5,5,5,5,2,2,5,5,5,5,4,4,4,4,4,4,4,4,3,3,3,3,3,3,3,3","0.000872135162353516","leiden","edit-xhwikibooks.graphml"
"0.18","0.32","0.5","0.410664739699623","1,1,1,1,2,3,2,3,3,3,2,2,3,3,3,3,3,2,4,2,5,1,3,3,3,3,3,3,1,3,2,4,2,2,4,4,3,3,5,5,5,5,1,1,1,1,5,1,1,1,5,5,5,5,5,1,1,1,1,5,3,5,5,3,3,5,5,5,5,5,1,5,3,3,5,5,5,5,5,5,5,3,3,3,3,1,5,5,5,5,3,2,4,5,5,5,3,5,5,5,5,5,5,5,5,5,5,2,2,5,5,5,5,4,4,4,4,4,4,4,4,3,3,3,3,3,3,3,3","0.000967979431152344","leiden","edit-xhwikibooks.graphml"
"0.17","0.33","0.5","0.410664739699623","1,1,1,1,2,3,2,3,3,3,2,2,3,3,3,3,3,2,4,2,5,1,3,3,3,3,3,3,1,3,2,4,2,2,4,4,3,3,5,5,5,5,1,1,1,1,5,1,1,1,5,5,5,5,5,1,1,1,1,5,3,5,5,3,3,5,5,5,5,5,1,5,3,3,5,5,5,5,5,5,5,3,3,3,3,1,5,5,5,5,3,2,4,5,5,5,3,5,5,5,5,5,5,5,5,5,5,2,2,5,5,5,5,4,4,4,4,4,4,4,4,3,3,3,3,3,3,3,3","0.000821113586425781","leiden","edit-xhwikibooks.graphml"
"0.16","0.34","0.5","0.419192568721331","1,1,1,1,2,3,2,3,3,3,2,2,3,3,3,3,3,2,4,2,5,1,3,3,3,3,3,3,1,3,2,4,2,2,4,4,3,3,5,5,5,5,1,1,1,1,5,1,1,1,5,5,5,5,5,1,1,1,1,5,3,5,5,3,3,5,5,5,5,5,1,5,3,3,5,5,5,5,5,5,5,3,3,3,3,1,5,5,5,5,3,2,4,5,5,5,3,5,5,5,5,5,5,5,5,5,5,2,2,5,5,5,5,4,4,4,4,4,4,4,4,3,3,3,3,3,3,3,3","0.000828981399536133","leiden","edit-xhwikibooks.graphml"
"0.15","0.35","0.5","0.419192568721331","1,1,1,1,2,3,2,3,3,3,2,2,3,3,3,3,3,2,4,2,5,1,3,3,3,3,3,3,1,3,2,4,2,2,4,4,3,3,5,5,5,5,1,1,1,1,5,1,1,1,5,5,5,5,5,1,1,1,1,5,3,5,5,3,3,5,5,5,5,5,1,5,3,3,5,5,5,5,5,5,5,3,3,3,3,1,5,5,5,5,3,2,4,5,5,5,3,5,5,5,5,5,5,5,5,5,5,2,2,5,5,5,5,4,4,4,4,4,4,4,4,3,3,3,3,3,3,3,3","0.000835895538330078","leiden","edit-xhwikibooks.graphml"
"0.14","0.36","0.5","0.418992333971908","1,1,1,1,2,3,2,3,3,3,2,2,3,3,3,3,3,2,4,2,5,1,3,3,3,3,3,3,1,3,2,4,2,2,4,4,3,3,5,5,5,5,1,1,1,1,5,1,1,1,5,5,5,5,5,1,1,1,1,5,3,5,5,3,3,5,5,5,5,5,1,5,3,3,5,5,5,5,5,5,5,3,3,3,3,1,5,5,5,5,3,2,4,5,5,5,3,5,5,5,5,5,5,5,5,5,5,2,2,5,5,5,5,4,4,4,4,4,4,4,4,3,3,3,3,3,3,3,3","0.000822067260742188","leiden","edit-xhwikibooks.graphml"
"0.13","0.37","0.5","0.41883490940647","1,1,1,1,1,2,3,2,2,2,3,3,2,2,2,2,2,3,4,3,5,1,2,2,2,2,2,2,1,2,3,4,3,3,4,4,2,2,5,5,5,5,1,1,1,1,5,1,1,1,5,5,5,5,5,1,1,1,1,5,2,5,5,2,2,5,5,5,5,5,1,5,2,2,5,5,5,5,5,5,5,2,2,2,2,1,5,5,5,5,2,3,4,5,5,5,2,5,5,5,5,5,5,5,5,5,5,3,3,5,5,5,5,4,4,4,4,4,4,4,4,2,2,2,2,2,2,2,2","0.000802993774414062","leiden","edit-xhwikibooks.graphml"
"0.12","0.38","0.5","0.418247450622868","1,1,1,1,2,3,2,3,3,3,4,2,3,3,3,3,3,4,4,2,5,1,3,3,3,3,3,3,1,3,4,4,2,2,4,4,3,3,5,5,5,5,1,1,1,1,5,1,1,1,5,5,5,5,5,1,1,1,1,5,3,5,5,3,3,5,5,5,5,5,1,5,3,3,5,5,5,5,5,5,5,3,3,3,3,1,5,5,5,5,3,4,4,5,5,5,3,5,5,5,5,5,5,5,5,5,5,2,2,5,5,5,5,4,4,4,4,4,4,4,4,3,3,3,3,3,3,3,3","0.000834941864013672","leiden","edit-xhwikibooks.graphml"
"0.11","0.39","0.5","0.4194021484375","1,1,1,1,2,3,2,3,3,3,2,2,3,3,3,3,3,2,4,2,5,1,3,3,3,3,3,3,1,3,2,4,2,2,4,4,3,3,5,5,5,5,1,1,1,1,5,1,1,1,5,5,5,5,5,1,1,1,1,5,3,5,5,3,3,5,5,5,5,5,1,5,3,3,5,5,5,5,5,5,5,3,3,3,3,1,5,5,5,5,3,2,4,5,5,5,3,5,5,5,5,5,5,5,5,5,5,2,2,5,5,5,5,4,4,4,4,4,4,4,4,3,3,3,3,3,3,3,3","0.000810146331787109","leiden","edit-xhwikibooks.graphml"
"0.1","0.4","0.5","0.420336907288229","1,1,1,1,2,3,2,3,3,3,2,2,3,3,3,3,3,2,4,2,5,1,3,3,3,3,3,3,1,3,2,4,2,2,4,4,3,3,5,5,5,5,1,1,1,1,5,1,1,1,5,5,5,5,5,1,1,1,1,5,3,5,5,3,3,5,5,5,5,5,1,5,3,3,5,5,5,5,5,5,5,3,3,3,3,1,5,5,5,5,3,2,4,5,5,5,3,5,5,5,5,5,5,5,5,5,5,2,2,5,5,5,5,4,4,4,4,4,4,4,4,3,3,3,3,3,3,3,3","0.000807046890258789","leiden","edit-xhwikibooks.graphml"
"0.09","0.41","0.5","0.420336907288229","1,1,1,1,3,2,3,2,2,2,3,3,2,2,2,2,2,3,4,3,5,1,2,2,2,2,2,2,1,2,3,4,3,3,4,4,2,2,5,5,5,5,1,1,1,1,5,1,1,1,5,5,5,5,5,1,1,1,1,5,2,5,5,2,2,5,5,5,5,5,1,5,2,2,5,5,5,5,5,5,5,2,2,2,2,1,5,5,5,5,2,3,4,5,5,5,2,5,5,5,5,5,5,5,5,5,5,3,3,5,5,5,5,4,4,4,4,4,4,4,4,2,2,2,2,2,2,2,2","0.000814914703369141","leiden","edit-xhwikibooks.graphml"
"0.08","0.42","0.5","0.420137118239314","1,1,1,1,2,3,2,3,3,3,2,2,3,3,3,3,3,2,4,2,5,1,3,3,3,3,3,3,1,3,2,4,2,2,4,4,3,3,5,5,5,5,1,1,1,1,5,1,1,1,5,5,5,5,5,1,1,1,1,5,3,5,5,3,3,5,5,5,5,5,1,5,3,3,5,5,5,5,5,5,5,3,3,3,3,1,5,5,5,5,3,2,4,5,5,5,3,5,5,5,5,5,5,5,5,5,5,2,2,5,5,5,5,4,4,4,4,4,4,4,4,3,3,3,3,3,3,3,3","0.000797033309936523","leiden","edit-xhwikibooks.graphml"
"0.07","0.43","0.5","0.42131216375702","1,1,1,1,2,3,2,3,3,3,2,2,3,3,3,3,3,2,4,2,5,1,3,3,3,3,3,3,1,3,2,4,2,2,4,4,3,3,5,5,5,5,1,1,1,1,5,1,1,1,5,5,5,5,5,1,1,1,1,5,3,5,5,3,3,5,5,5,5,5,1,5,3,3,5,5,5,5,5,5,5,3,3,3,3,1,5,5,5,5,3,2,4,5,5,5,3,5,5,5,5,5,5,5,5,5,5,2,2,5,5,5,5,4,4,4,4,4,4,4,4,3,3,3,3,3,3,3,3","0.000957012176513672","leiden","edit-xhwikibooks.graphml"
"0.06","0.44","0.5","0.420567647221688","1,1,1,1,2,3,2,3,3,3,4,2,3,3,3,3,3,4,4,2,5,1,3,3,3,3,3,3,1,3,4,4,2,2,4,4,3,3,5,5,5,5,1,1,1,1,5,1,1,1,5,5,5,5,5,1,1,1,1,5,3,5,5,3,3,5,5,5,5,5,1,5,3,3,5,5,5,5,5,5,5,3,3,3,3,1,5,5,5,5,3,4,4,5,5,5,3,5,5,5,5,5,5,5,5,5,5,2,2,5,5,5,5,4,4,4,4,4,4,4,4,3,3,3,3,3,3,3,3","0.000802040100097656","leiden","edit-xhwikibooks.graphml"
"0.05","0.45","0.5","0.422125041668582","1,1,1,1,1,2,3,2,2,2,3,3,2,2,2,2,2,3,4,3,5,1,2,2,2,2,2,2,1,2,3,4,3,3,4,4,2,2,5,5,5,5,1,1,1,1,5,1,1,1,5,5,5,5,5,1,1,1,1,5,2,5,5,2,2,5,5,5,5,5,1,5,2,2,5,5,5,5,5,5,5,2,2,2,2,1,5,5,5,5,2,3,4,5,5,5,2,5,5,5,5,5,5,5,5,5,5,3,3,5,5,5,5,4,4,4,4,4,4,4,4,2,2,2,2,2,2,2,2","0.000792980194091797","leiden","edit-xhwikibooks.graphml"
"0.04","0.46","0.5","0.422082288491956","1,1,1,1,2,3,2,3,3,3,2,2,3,3,3,3,3,2,4,2,5,1,3,3,3,3,3,3,1,3,2,4,2,2,4,4,3,3,5,5,5,5,1,1,1,1,5,1,1,1,5,5,5,5,5,1,1,1,1,5,3,5,5,3,3,5,5,5,5,5,1,5,3,3,5,5,5,5,5,5,5,3,3,3,3,1,5,5,5,5,3,2,4,5,5,5,3,5,5,5,5,5,5,5,5,5,5,2,2,5,5,5,5,4,4,4,4,4,4,4,4,3,3,3,3,3,3,3,3","0.000803947448730469","leiden","edit-xhwikibooks.graphml"
"0.03","0.47","0.5","0.42268393774797","1,1,1,1,2,3,2,3,3,3,2,2,3,3,3,3,3,2,4,2,5,1,3,3,3,3,3,3,1,3,2,4,2,2,4,4,3,3,5,5,5,5,1,1,1,1,5,1,1,1,5,5,5,5,5,1,1,1,1,5,3,5,5,3,3,5,5,5,5,5,1,5,3,3,5,5,5,5,5,5,5,3,3,3,3,1,5,5,5,5,3,2,4,5,5,5,3,5,5,5,5,5,5,5,5,5,5,2,2,5,5,5,5,4,4,4,4,4,4,4,4,3,3,3,3,3,3,3,3","0.000816106796264648","leiden","edit-xhwikibooks.graphml"
"0.02","0.48","0.5","0.422484475921901","1,1,1,1,2,3,2,3,3,3,2,2,3,3,3,3,3,2,4,2,5,1,3,3,3,3,3,3,1,3,2,4,2,2,4,4,3,3,5,5,5,5,1,1,1,1,5,1,1,1,5,5,5,5,5,1,1,1,1,5,3,5,5,3,3,5,5,5,5,5,1,5,3,3,5,5,5,5,5,5,5,3,3,3,3,1,5,5,5,5,3,2,4,5,5,5,3,5,5,5,5,5,5,5,5,5,5,2,2,5,5,5,5,4,4,4,4,4,4,4,4,3,3,3,3,3,3,3,3","0.000955104827880859","leiden","edit-xhwikibooks.graphml"
"0.01","0.49","0.5","0.422484475921901","1,1,1,1,2,3,2,3,3,3,2,2,3,3,3,3,3,2,4,2,5,1,3,3,3,3,3,3,1,3,2,4,2,2,4,4,3,3,5,5,5,5,1,1,1,1,5,1,1,1,5,5,5,5,5,1,1,1,1,5,3,5,5,3,3,5,5,5,5,5,1,5,3,3,5,5,5,5,5,5,5,3,3,3,3,1,5,5,5,5,3,2,4,5,5,5,3,5,5,5,5,5,5,5,5,5,5,2,2,5,5,5,5,4,4,4,4,4,4,4,4,3,3,3,3,3,3,3,3","0.000967979431152344","leiden","edit-xhwikibooks.graphml"
"0","0.5","0.5","0.450383768477258","1,1,1,1,1,2,3,2,2,2,3,3,2,2,2,4,2,3,5,3,6,1,2,2,2,2,2,4,1,2,3,5,3,3,5,5,2,2,6,6,6,6,1,1,1,1,6,1,1,1,6,6,6,6,6,1,1,1,1,6,2,6,6,2,2,6,6,6,6,6,1,6,2,2,6,6,6,6,6,6,6,2,4,4,4,1,6,6,6,6,2,3,5,6,6,6,4,6,6,6,6,6,6,6,6,6,6,3,3,6,6,6,6,5,5,5,5,5,5,5,5,2,2,2,2,2,2,2,2","0.00101017951965332","leiden","edit-xhwikibooks.graphml"
"0.49","0","0.51","0.433723182916681","1,1,1,1,2,3,2,3,3,3,2,2,3,3,3,3,3,2,4,2,5,1,3,3,3,3,3,3,1,3,2,4,2,2,4,4,3,3,5,5,5,5,1,1,1,1,5,1,1,1,5,5,5,5,5,1,1,1,1,5,3,5,5,3,3,5,5,5,5,5,1,5,3,3,5,5,5,5,5,5,5,3,3,3,3,1,5,5,5,5,3,2,4,5,5,5,3,5,5,5,5,5,5,5,5,5,5,2,2,5,5,5,5,4,4,4,4,4,4,4,4,3,3,3,3,3,3,3,3","0.0340580940246582","leiden","edit-xhwikibooks.graphml"
"0.48","0.01","0.51","0.433723182916681","1,1,1,1,2,3,2,3,3,3,2,2,3,3,3,3,3,2,4,2,5,1,3,3,3,3,3,3,1,3,2,4,2,2,4,4,3,3,5,5,5,5,1,1,1,1,5,1,1,1,5,5,5,5,5,1,1,1,1,5,3,5,5,3,3,5,5,5,5,5,1,5,3,3,5,5,5,5,5,5,5,3,3,3,3,1,5,5,5,5,3,2,4,5,5,5,3,5,5,5,5,5,5,5,5,5,5,2,2,5,5,5,5,4,4,4,4,4,4,4,4,3,3,3,3,3,3,3,3","0.00105714797973633","leiden","edit-xhwikibooks.graphml"
"0.47","0.02","0.51","0.434155114150082","1,1,1,1,2,3,2,3,3,3,2,2,3,3,3,3,3,2,4,2,5,1,3,3,3,3,3,3,1,3,2,4,2,2,4,4,3,3,5,5,5,5,1,1,1,1,5,1,1,1,5,5,5,5,5,1,1,1,1,5,3,5,5,3,3,5,5,5,5,5,1,5,3,3,5,5,5,5,5,5,5,3,3,3,3,1,5,5,5,5,3,2,4,5,5,5,3,5,5,5,5,5,5,5,5,5,5,2,2,5,5,5,5,4,4,4,4,4,4,4,4,3,3,3,3,3,3,3,3","0.000954151153564453","leiden","edit-xhwikibooks.graphml"
"0.46","0.03","0.51","0.429040400970981","1,1,1,1,2,3,2,3,3,3,2,2,3,3,3,3,3,2,4,2,5,1,3,3,3,3,3,3,1,3,2,4,2,2,4,4,3,3,5,5,5,5,1,1,1,1,5,1,1,1,5,5,5,5,5,1,1,1,1,5,3,5,5,3,3,5,5,5,5,5,1,5,3,3,5,5,5,5,5,5,5,3,3,3,3,1,5,5,5,5,3,2,4,5,5,5,3,5,5,5,5,5,5,5,5,5,5,2,2,5,5,5,5,4,4,4,4,4,4,4,4,3,3,3,3,3,3,3,3","0.000977993011474609","leiden","edit-xhwikibooks.graphml"
"0.45","0.04","0.51","0.429040400970981","1,1,1,1,2,3,2,3,3,3,2,2,3,3,3,3,3,2,4,2,5,1,3,3,3,3,3,3,1,3,2,4,2,2,4,4,3,3,5,5,5,5,1,1,1,1,5,1,1,1,5,5,5,5,5,1,1,1,1,5,3,5,5,3,3,5,5,5,5,5,1,5,3,3,5,5,5,5,5,5,5,3,3,3,3,1,5,5,5,5,3,2,4,5,5,5,3,5,5,5,5,5,5,5,5,5,5,2,2,5,5,5,5,4,4,4,4,4,4,4,4,3,3,3,3,3,3,3,3","0.000886917114257812","leiden","edit-xhwikibooks.graphml"
"0.44","0.05","0.51","0.427468676604986","1,1,1,1,2,3,2,3,3,3,2,2,3,3,3,3,3,2,4,2,5,1,3,3,3,3,3,3,1,3,2,4,2,2,4,4,3,3,5,5,5,5,1,1,1,1,5,1,1,1,5,5,5,5,5,1,1,1,1,5,3,5,5,3,3,5,5,5,5,5,1,5,3,3,5,5,5,5,5,5,5,3,3,3,3,1,5,5,5,5,3,2,4,5,5,5,3,5,5,5,5,5,5,5,5,5,5,2,2,5,5,5,5,4,4,4,4,4,4,4,4,3,3,3,3,3,3,3,3","0.000932931900024414","leiden","edit-xhwikibooks.graphml"
"0.43","0.06","0.51","0.427468676604986","1,1,1,1,2,3,2,3,3,3,2,2,3,3,3,3,3,2,4,2,5,1,3,3,3,3,3,3,1,3,2,4,2,2,4,4,3,3,5,5,5,5,1,1,1,1,5,1,1,1,5,5,5,5,5,1,1,1,1,5,3,5,5,3,3,5,5,5,5,5,1,5,3,3,5,5,5,5,5,5,5,3,3,3,3,1,5,5,5,5,3,2,4,5,5,5,3,5,5,5,5,5,5,5,5,5,5,2,2,5,5,5,5,4,4,4,4,4,4,4,4,3,3,3,3,3,3,3,3","0.000947952270507812","leiden","edit-xhwikibooks.graphml"
"0.42","0.07","0.51","0.425408320851308","1,1,1,1,1,3,2,3,3,3,2,2,3,3,3,3,3,2,4,2,5,1,3,3,3,3,3,3,1,3,2,4,2,2,4,4,3,3,5,5,5,5,1,1,1,1,5,1,1,1,5,5,5,5,5,1,1,1,1,5,3,5,5,3,3,5,5,5,5,5,1,5,3,3,5,5,5,5,5,5,5,3,3,3,3,1,5,5,5,5,3,2,4,5,5,5,3,5,5,5,5,5,5,5,5,5,5,2,2,5,5,5,5,4,4,4,4,4,4,4,4,3,3,3,3,3,3,3,3","0.000916004180908203","leiden","edit-xhwikibooks.graphml"
"0.41","0.08","0.51","0.425476103140856","1,1,1,1,1,2,3,2,2,2,4,3,2,2,2,2,2,4,4,3,5,1,2,2,2,2,2,2,1,2,4,4,3,3,4,4,2,2,5,5,5,5,1,1,1,1,5,1,1,1,5,5,5,5,5,1,1,1,1,5,2,5,5,2,2,5,5,5,5,5,1,5,2,2,5,5,5,5,5,5,5,2,2,2,2,1,5,5,5,5,2,4,4,5,5,5,2,5,5,5,5,5,5,5,5,5,5,3,3,5,5,5,5,4,4,4,4,4,4,4,4,2,2,2,2,2,2,2,2","0.000930070877075195","leiden","edit-xhwikibooks.graphml"
"0.4","0.09","0.51","0.418450056818091","1,1,1,1,2,3,2,3,3,3,2,2,3,3,3,3,3,2,4,2,5,1,3,3,3,3,3,3,1,3,2,4,2,2,4,4,3,3,5,5,5,5,1,1,1,1,5,1,1,1,5,5,5,5,5,1,1,1,1,5,3,5,5,3,3,5,5,5,5,5,1,5,3,3,5,5,5,5,5,5,5,3,3,3,3,1,5,5,5,5,3,2,4,5,5,5,3,5,5,5,5,5,5,5,5,5,5,2,2,5,5,5,5,4,4,4,4,4,4,4,4,3,3,3,3,3,3,3,3","0.000925064086914062","leiden","edit-xhwikibooks.graphml"
"0.39","0.1","0.51","0.419059663057701","1,1,1,1,2,3,2,3,3,3,2,2,3,3,3,3,3,2,4,2,5,1,3,3,3,3,3,3,1,3,2,4,2,2,4,4,3,3,5,5,5,5,1,1,1,1,5,1,1,1,5,5,5,5,5,1,1,1,1,5,3,5,5,3,3,5,5,5,5,5,1,5,3,3,5,5,5,5,5,5,5,3,3,3,3,1,5,5,5,5,3,2,4,5,5,5,3,5,5,5,5,5,5,5,5,5,5,2,2,5,5,5,5,4,4,4,4,4,4,4,4,3,3,3,3,3,3,3,3","0.000996112823486328","leiden","edit-xhwikibooks.graphml"
"0.38","0.11","0.51","0.417068837287828","1,1,1,1,2,3,2,3,3,3,2,2,3,3,3,3,3,2,4,2,5,1,3,3,3,3,3,3,1,3,2,4,2,2,4,4,3,3,5,5,5,5,1,1,1,1,5,1,1,1,5,5,5,5,5,1,1,1,1,5,3,5,5,3,3,5,5,5,5,5,1,5,3,3,5,5,5,5,5,5,5,3,3,3,3,1,5,5,5,5,3,2,4,5,5,5,3,5,5,5,5,5,5,5,5,5,5,2,2,5,5,5,5,4,4,4,4,4,4,4,4,3,3,3,3,3,3,3,3","0.000888824462890625","leiden","edit-xhwikibooks.graphml"
"0.37","0.12","0.51","0.418273514908282","1,1,1,1,2,3,2,3,3,3,2,2,3,3,3,3,3,2,4,2,5,1,3,3,3,3,3,3,1,3,2,4,2,2,4,4,3,3,5,5,5,5,1,1,1,1,5,1,1,1,5,5,5,5,5,1,1,1,1,5,3,5,5,3,3,5,5,5,5,5,1,5,3,3,5,5,5,5,5,5,5,3,3,3,3,1,5,5,5,5,3,2,4,5,5,5,3,5,5,5,5,5,5,5,5,5,5,2,2,5,5,5,5,4,4,4,4,4,4,4,4,3,3,3,3,3,3,3,3","0.000808954238891602","leiden","edit-xhwikibooks.graphml"
"0.36","0.13","0.51","0.40682236217579","1,1,1,1,2,3,2,3,3,3,2,2,3,3,3,3,3,2,4,2,5,1,3,3,3,3,3,3,1,3,2,4,2,2,4,4,3,3,5,5,5,5,1,1,1,1,5,1,1,1,5,5,5,5,5,1,1,1,1,5,3,5,5,3,3,5,5,5,5,5,1,5,3,3,5,5,5,5,5,5,5,3,3,3,3,1,5,5,5,5,3,2,4,5,5,5,3,5,5,5,5,5,5,5,5,5,5,2,2,5,5,5,5,4,4,4,4,4,4,4,4,3,3,3,3,3,3,3,3","0.000866174697875977","leiden","edit-xhwikibooks.graphml"
"0.35","0.14","0.51","0.40682236217579","1,1,1,1,2,3,2,3,3,3,2,2,3,3,3,3,3,2,4,2,5,1,3,3,3,3,3,3,1,3,2,4,2,2,4,4,3,3,5,5,5,5,1,1,1,1,5,1,1,1,5,5,5,5,5,1,1,1,1,5,3,5,5,3,3,5,5,5,5,5,1,5,3,3,5,5,5,5,5,5,5,3,3,3,3,1,5,5,5,5,3,2,4,5,5,5,3,5,5,5,5,5,5,5,5,5,5,2,2,5,5,5,5,4,4,4,4,4,4,4,4,3,3,3,3,3,3,3,3","0.000802993774414062","leiden","edit-xhwikibooks.graphml"
"0.34","0.15","0.51","0.40338491768241","1,1,1,1,2,3,2,3,3,3,2,2,3,3,3,3,3,2,4,2,5,1,3,3,3,3,3,3,1,3,2,4,2,2,4,4,3,3,5,5,5,5,1,1,1,1,5,1,1,1,5,5,5,5,5,1,1,1,1,5,3,5,5,3,3,5,5,5,5,5,1,5,3,3,5,5,5,5,5,5,5,3,3,3,3,1,5,5,5,5,3,2,4,5,5,5,3,5,5,5,5,5,5,5,5,5,5,2,2,5,5,5,5,4,4,4,4,4,4,4,4,3,3,3,3,3,3,3,3","0.000799894332885742","leiden","edit-xhwikibooks.graphml"
"0.33","0.16","0.51","0.404029724851261","1,1,1,1,2,3,2,3,3,3,2,2,3,3,3,3,3,2,4,2,5,1,3,3,3,3,3,3,1,3,2,4,2,2,4,4,3,3,5,5,5,5,1,1,1,1,5,1,1,1,5,5,5,5,5,1,1,1,1,5,3,5,5,3,3,5,5,5,5,5,1,5,3,3,5,5,5,5,5,5,5,3,3,3,3,1,5,5,5,5,3,2,4,5,5,5,3,5,5,5,5,5,5,5,5,5,5,2,2,5,5,5,5,4,4,4,4,4,4,4,4,3,3,3,3,3,3,3,3","0.000821113586425781","leiden","edit-xhwikibooks.graphml"
"0.32","0.17","0.51","0.404479832353268","1,1,1,1,2,3,2,3,3,3,2,2,3,3,3,3,3,2,4,2,5,1,3,3,3,3,3,3,1,3,2,4,2,2,4,4,3,3,5,5,5,5,1,1,1,1,5,1,1,1,5,5,5,5,5,1,1,1,1,5,3,5,5,3,3,5,5,5,5,5,1,5,3,3,5,5,5,5,5,5,5,3,3,3,3,1,5,5,5,5,3,2,4,5,5,5,3,5,5,5,5,5,5,5,5,5,5,2,2,5,5,5,5,4,4,4,4,4,4,4,4,3,3,3,3,3,3,3,3","0.000817060470581055","leiden","edit-xhwikibooks.graphml"
"0.31","0.18","0.51","0.404479832353268","1,1,1,1,2,3,2,3,3,3,2,2,3,3,3,3,3,2,4,2,5,1,3,3,3,3,3,3,1,3,2,4,2,2,4,4,3,3,5,5,5,5,1,1,1,1,5,1,1,1,5,5,5,5,5,1,1,1,1,5,3,5,5,3,3,5,5,5,5,5,1,5,3,3,5,5,5,5,5,5,5,3,3,3,3,1,5,5,5,5,3,2,4,5,5,5,3,5,5,5,5,5,5,5,5,5,5,2,2,5,5,5,5,4,4,4,4,4,4,4,4,3,3,3,3,3,3,3,3","0.000810146331787109","leiden","edit-xhwikibooks.graphml"
"0.3","0.19","0.51","0.404279925282487","1,1,1,1,2,3,2,3,3,3,2,2,3,3,3,3,3,2,4,2,5,1,3,3,3,3,3,3,1,3,2,4,2,2,4,4,3,3,5,5,5,5,1,1,1,1,5,1,1,1,5,5,5,5,5,1,1,1,1,5,3,5,5,3,3,5,5,5,5,5,1,5,3,3,5,5,5,5,5,5,5,3,3,3,3,1,5,5,5,5,3,2,4,5,5,5,3,5,5,5,5,5,5,5,5,5,5,2,2,5,5,5,5,4,4,4,4,4,4,4,4,3,3,3,3,3,3,3,3","0.000810861587524414","leiden","edit-xhwikibooks.graphml"
"0.29","0.2","0.51","0.403862733655089","1,1,1,1,2,1,2,1,1,1,2,2,1,1,1,1,1,2,3,2,4,5,1,1,1,1,1,1,1,1,2,3,2,2,3,3,1,1,4,4,4,4,5,5,5,5,4,5,5,5,4,4,4,4,4,5,5,5,5,4,1,4,4,1,1,4,4,4,4,4,5,4,1,1,4,4,4,4,4,4,4,1,1,1,1,1,4,4,4,4,1,2,3,4,4,4,1,4,4,4,4,4,4,4,4,4,4,2,2,4,4,4,4,3,3,3,3,3,3,3,3,1,1,1,1,1,1,1,1","0.000839948654174805","leiden","edit-xhwikibooks.graphml"
"0.28","0.21","0.51","0.405294384175864","1,1,1,1,2,3,2,3,3,3,2,2,3,3,3,3,3,2,4,2,5,1,3,3,3,3,3,3,1,3,2,4,2,2,4,4,3,3,5,5,5,5,1,1,1,1,5,1,1,1,5,5,5,5,5,1,1,1,1,5,3,5,5,3,3,5,5,5,5,5,1,5,3,3,5,5,5,5,5,5,5,3,3,3,3,1,5,5,5,5,3,2,4,5,5,5,3,5,5,5,5,5,5,5,5,5,5,2,2,5,5,5,5,4,4,4,4,4,4,4,4,3,3,3,3,3,3,3,3","0.00098419189453125","leiden","edit-xhwikibooks.graphml"
"0.27","0.22","0.51","0.405294384175864","1,1,1,1,2,3,2,3,3,3,2,2,3,3,3,3,3,2,4,2,5,1,3,3,3,3,3,3,1,3,2,4,2,2,4,4,3,3,5,5,5,5,1,1,1,1,5,1,1,1,5,5,5,5,5,1,1,1,1,5,3,5,5,3,3,5,5,5,5,5,1,5,3,3,5,5,5,5,5,5,5,3,3,3,3,1,5,5,5,5,3,2,4,5,5,5,3,5,5,5,5,5,5,5,5,5,5,2,2,5,5,5,5,4,4,4,4,4,4,4,4,3,3,3,3,3,3,3,3","0.000821113586425781","leiden","edit-xhwikibooks.graphml"
"0.26","0.23","0.51","0.405758048589955","1,1,1,1,1,2,3,2,2,2,3,3,2,2,2,2,2,3,3,3,4,1,2,2,2,2,2,2,1,2,3,3,3,3,3,3,2,2,4,4,4,4,1,1,1,1,4,1,1,1,4,4,4,4,4,1,1,1,1,4,2,4,4,2,2,4,4,4,4,4,1,4,2,2,4,4,4,4,4,4,4,2,2,2,2,1,4,4,4,4,2,3,3,4,4,4,2,4,4,4,4,4,4,4,4,4,4,3,3,4,4,4,4,3,3,3,3,3,3,3,3,2,2,2,2,2,2,2,2","0.000851154327392578","leiden","edit-xhwikibooks.graphml"
"0.25","0.24","0.51","0.406980419102746","1,1,1,1,2,3,2,3,3,3,2,2,3,3,3,3,3,2,4,2,5,1,3,3,3,3,3,3,1,3,2,4,2,2,4,4,3,3,5,5,5,5,1,1,1,1,5,1,1,1,5,5,5,5,5,1,1,1,1,5,3,5,5,3,3,5,5,5,5,5,1,5,3,3,5,5,5,5,5,5,5,3,3,3,3,1,5,5,5,5,3,2,4,5,5,5,3,5,5,5,5,5,5,5,5,5,5,2,2,5,5,5,5,4,4,4,4,4,4,4,4,3,3,3,3,3,3,3,3","0.000841140747070312","leiden","edit-xhwikibooks.graphml"
"0.24","0.25","0.51","0.408575692816099","1,1,1,1,2,3,2,3,3,3,2,2,3,3,3,3,3,2,4,2,5,1,3,3,3,3,3,3,1,3,2,4,2,2,4,4,3,3,5,5,5,5,1,1,1,1,5,1,1,1,5,5,5,5,5,1,1,1,1,5,3,5,5,3,3,5,5,5,5,5,1,5,3,3,5,5,5,5,5,5,5,3,3,3,3,1,5,5,5,5,3,2,4,5,5,5,3,5,5,5,5,5,5,5,5,5,5,2,2,5,5,5,5,4,4,4,4,4,4,4,4,3,3,3,3,3,3,3,3","0.00104594230651855","leiden","edit-xhwikibooks.graphml"
"0.23","0.26","0.51","0.408575692816099","1,1,1,1,2,3,2,3,3,3,2,2,3,3,3,3,3,2,4,2,5,1,3,3,3,3,3,3,1,3,2,4,2,2,4,4,3,3,5,5,5,5,1,1,1,1,5,1,1,1,5,5,5,5,5,1,1,1,1,5,3,5,5,3,3,5,5,5,5,5,1,5,3,3,5,5,5,5,5,5,5,3,3,3,3,1,5,5,5,5,3,2,4,5,5,5,3,5,5,5,5,5,5,5,5,5,5,2,2,5,5,5,5,4,4,4,4,4,4,4,4,3,3,3,3,3,3,3,3","0.000821113586425781","leiden","edit-xhwikibooks.graphml"
"0.22","0.27","0.51","0.408575692816099","1,1,1,1,2,3,2,3,3,3,2,2,3,3,3,3,3,2,4,2,5,1,3,3,3,3,3,3,1,3,2,4,2,2,4,4,3,3,5,5,5,5,1,1,1,1,5,1,1,1,5,5,5,5,5,1,1,1,1,5,3,5,5,3,3,5,5,5,5,5,1,5,3,3,5,5,5,5,5,5,5,3,3,3,3,1,5,5,5,5,3,2,4,5,5,5,3,5,5,5,5,5,5,5,5,5,5,2,2,5,5,5,5,4,4,4,4,4,4,4,4,3,3,3,3,3,3,3,3","0.00082707405090332","leiden","edit-xhwikibooks.graphml"
"0.21","0.28","0.51","0.408376153882962","1,1,1,1,2,3,2,3,3,3,2,2,3,3,3,3,3,2,4,2,5,1,3,3,3,3,3,3,1,3,2,4,2,2,4,4,3,3,5,5,5,5,1,1,1,1,5,1,1,1,5,5,5,5,5,1,1,1,1,5,3,5,5,3,3,5,5,5,5,5,1,5,3,3,5,5,5,5,5,5,5,3,3,3,3,1,5,5,5,5,3,2,4,5,5,5,3,5,5,5,5,5,5,5,5,5,5,2,2,5,5,5,5,4,4,4,4,4,4,4,4,3,3,3,3,3,3,3,3","0.000837802886962891","leiden","edit-xhwikibooks.graphml"
"0.2","0.29","0.51","0.409607615148315","1,1,1,1,2,3,2,3,3,3,2,2,3,3,3,3,3,2,4,2,5,1,3,3,3,3,3,3,1,3,2,4,2,2,4,4,3,3,5,5,5,5,1,1,1,1,5,1,1,1,5,5,5,5,5,1,1,1,1,5,3,5,5,3,3,5,5,5,5,5,1,5,3,3,5,5,5,5,5,5,5,3,3,3,3,1,5,5,5,5,3,2,4,5,5,5,3,5,5,5,5,5,5,5,5,5,5,2,2,5,5,5,5,4,4,4,4,4,4,4,4,3,3,3,3,3,3,3,3","0.000848054885864258","leiden","edit-xhwikibooks.graphml"
"0.19","0.3","0.51","0.409871773483424","1,1,1,1,1,2,3,2,2,2,3,3,2,2,2,2,2,3,4,3,5,1,2,2,2,2,2,2,1,2,3,4,3,3,4,4,2,2,5,5,5,5,1,1,1,1,5,1,1,1,5,5,5,5,5,1,1,1,1,5,2,5,5,2,2,5,5,5,5,5,1,5,2,2,5,5,5,5,5,5,5,2,2,2,2,1,5,5,5,5,2,3,4,5,5,5,2,5,5,5,5,5,5,5,5,5,5,3,3,5,5,5,5,4,4,4,4,4,4,4,4,2,2,2,2,2,2,2,2","0.00082087516784668","leiden","edit-xhwikibooks.graphml"
"0.18","0.31","0.51","0.410664739699623","1,1,1,1,2,3,2,3,3,3,2,2,3,3,3,3,3,2,4,2,5,1,3,3,3,3,3,3,1,3,2,4,2,2,4,4,3,3,5,5,5,5,1,1,1,1,5,1,1,1,5,5,5,5,5,1,1,1,1,5,3,5,5,3,3,5,5,5,5,5,1,5,3,3,5,5,5,5,5,5,5,3,3,3,3,1,5,5,5,5,3,2,4,5,5,5,3,5,5,5,5,5,5,5,5,5,5,2,2,5,5,5,5,4,4,4,4,4,4,4,4,3,3,3,3,3,3,3,3","0.000807046890258789","leiden","edit-xhwikibooks.graphml"
"0.17","0.32","0.51","0.410298500851395","1,1,1,1,1,2,3,2,2,2,3,3,2,2,2,2,2,3,4,3,5,1,2,2,2,2,2,2,1,2,3,4,3,3,4,4,2,2,5,5,5,5,1,1,1,1,5,1,1,1,5,5,5,5,5,1,1,1,1,5,2,5,5,2,2,5,5,5,5,5,1,5,2,2,5,5,5,5,5,5,5,2,2,2,2,1,5,5,5,5,2,3,4,5,5,5,2,5,5,5,5,5,5,5,5,5,5,3,3,5,5,5,5,4,4,4,4,4,4,4,4,2,2,2,2,2,2,2,2","0.000926971435546875","leiden","edit-xhwikibooks.graphml"
"0.16","0.33","0.51","0.410465307920662","1,1,1,1,2,3,2,3,3,3,2,2,3,3,3,3,3,2,4,2,5,1,3,3,3,3,3,3,1,3,2,4,2,2,4,4,3,3,5,5,5,5,1,1,1,1,5,1,1,1,5,5,5,5,5,1,1,1,1,5,3,5,5,3,3,5,5,5,5,5,1,5,3,3,5,5,5,5,5,5,5,3,3,3,3,1,5,5,5,5,3,2,4,5,5,5,3,5,5,5,5,5,5,5,5,5,5,2,2,5,5,5,5,4,4,4,4,4,4,4,4,3,3,3,3,3,3,3,3","0.000813007354736328","leiden","edit-xhwikibooks.graphml"
"0.15","0.34","0.51","0.418992333971908","1,1,1,1,2,3,2,3,3,3,2,2,3,3,3,3,3,2,4,2,5,1,3,3,3,3,3,3,1,3,2,4,2,2,4,4,3,3,5,5,5,5,1,1,1,1,5,1,1,1,5,5,5,5,5,1,1,1,1,5,3,5,5,3,3,5,5,5,5,5,1,5,3,3,5,5,5,5,5,5,5,3,3,3,3,1,5,5,5,5,3,2,4,5,5,5,3,5,5,5,5,5,5,5,5,5,5,2,2,5,5,5,5,4,4,4,4,4,4,4,4,3,3,3,3,3,3,3,3","0.000818967819213867","leiden","edit-xhwikibooks.graphml"
"0.14","0.35","0.51","0.418095953797065","1,2,1,1,1,3,1,3,3,3,1,1,3,3,3,3,3,1,4,1,5,2,3,3,3,3,3,3,2,3,1,4,1,1,4,4,3,3,5,5,5,5,2,2,2,2,5,2,2,2,5,5,5,5,5,2,2,2,2,5,3,5,5,3,3,5,5,5,5,5,2,5,3,3,5,5,5,5,5,5,5,3,3,3,3,2,5,5,5,5,3,1,4,5,5,5,3,5,5,5,5,5,5,5,5,5,5,1,1,5,5,5,5,4,4,4,4,4,4,4,4,3,3,3,3,3,3,3,3","0.000812053680419922","leiden","edit-xhwikibooks.graphml"
"0.13","0.36","0.51","0.418792272061846","1,1,1,1,2,3,2,3,3,3,2,2,3,3,3,3,3,2,4,2,5,1,3,3,3,3,3,3,1,3,2,4,2,2,4,4,3,3,5,5,5,5,1,1,1,1,5,1,1,1,5,5,5,5,5,1,1,1,1,5,3,5,5,3,3,5,5,5,5,5,1,5,3,3,5,5,5,5,5,5,5,3,3,3,3,1,5,5,5,5,3,2,4,5,5,5,3,5,5,5,5,5,5,5,5,5,5,2,2,5,5,5,5,4,4,4,4,4,4,4,4,3,3,3,3,3,3,3,3","0.000825881958007812","leiden","edit-xhwikibooks.graphml"
"0.12","0.37","0.51","0.418792272061846","1,1,1,1,2,3,2,3,3,3,2,2,3,3,3,3,3,2,4,2,5,1,3,3,3,3,3,3,1,3,2,4,2,2,4,4,3,3,5,5,5,5,1,1,1,1,5,1,1,1,5,5,5,5,5,1,1,1,1,5,3,5,5,3,3,5,5,5,5,5,1,5,3,3,5,5,5,5,5,5,5,3,3,3,3,1,5,5,5,5,3,2,4,5,5,5,3,5,5,5,5,5,5,5,5,5,5,2,2,5,5,5,5,4,4,4,4,4,4,4,4,3,3,3,3,3,3,3,3","0.000890970230102539","leiden","edit-xhwikibooks.graphml"
"0.11","0.38","0.51","0.4185923828125","1,1,1,1,2,3,2,3,3,3,2,2,3,3,3,3,3,2,4,2,5,1,3,3,3,3,3,3,1,3,2,4,2,2,4,4,3,3,5,5,5,5,1,1,1,1,5,1,1,1,5,5,5,5,5,1,1,1,1,5,3,5,5,3,3,5,5,5,5,5,1,5,3,3,5,5,5,5,5,5,5,3,3,3,3,1,5,5,5,5,3,2,4,5,5,5,3,5,5,5,5,5,5,5,5,5,5,2,2,5,5,5,5,4,4,4,4,4,4,4,4,3,3,3,3,3,3,3,3","0.000798225402832031","leiden","edit-xhwikibooks.graphml"
"0.1","0.39","0.51","0.419202200685783","1,1,1,1,2,3,2,3,3,3,2,2,3,3,3,3,3,2,4,2,5,1,3,3,3,3,3,3,1,3,2,4,2,2,4,4,3,3,5,5,5,5,1,1,1,1,5,1,1,1,5,5,5,5,5,1,1,1,1,5,3,5,5,3,3,5,5,5,5,5,1,5,3,3,5,5,5,5,5,5,5,3,3,3,3,1,5,5,5,5,3,2,4,5,5,5,3,5,5,5,5,5,5,5,5,5,5,2,2,5,5,5,5,4,4,4,4,4,4,4,4,3,3,3,3,3,3,3,3","0.000815868377685547","leiden","edit-xhwikibooks.graphml"
"0.09","0.4","0.51","0.420137118239314","1,1,1,1,2,3,2,3,3,3,2,2,3,3,3,3,3,2,4,2,5,1,3,3,3,3,3,3,1,3,2,4,2,2,4,4,3,3,5,5,5,5,1,1,1,1,5,1,1,1,5,5,5,5,5,1,1,1,1,5,3,5,5,3,3,5,5,5,5,5,1,5,3,3,5,5,5,5,5,5,5,3,3,3,3,1,5,5,5,5,3,2,4,5,5,5,3,5,5,5,5,5,5,5,5,5,5,2,2,5,5,5,5,4,4,4,4,4,4,4,4,3,3,3,3,3,3,3,3","0.000812053680419922","leiden","edit-xhwikibooks.graphml"
"0.08","0.41","0.51","0.420137118239314","1,1,1,1,2,3,2,3,3,3,2,2,3,3,3,3,3,2,4,2,5,1,3,3,3,3,3,3,1,3,2,4,2,2,4,4,3,3,5,5,5,5,1,1,1,1,5,1,1,1,5,5,5,5,5,1,1,1,1,5,3,5,5,3,3,5,5,5,5,5,1,5,3,3,5,5,5,5,5,5,5,3,3,3,3,1,5,5,5,5,3,2,4,5,5,5,3,5,5,5,5,5,5,5,5,5,5,2,2,5,5,5,5,4,4,4,4,4,4,4,4,3,3,3,3,3,3,3,3","0.000844955444335938","leiden","edit-xhwikibooks.graphml"
"0.07","0.42","0.51","0.419937500606555","1,1,1,1,2,3,2,3,3,3,2,2,3,3,3,3,3,2,4,2,5,1,3,3,3,3,3,3,1,3,2,4,2,2,4,4,3,3,5,5,5,5,1,1,1,1,5,1,1,1,5,5,5,5,5,1,1,1,1,5,3,5,5,3,3,5,5,5,5,5,1,5,3,3,5,5,5,5,5,5,5,3,3,3,3,1,5,5,5,5,3,2,4,5,5,5,3,5,5,5,5,5,5,5,5,5,5,2,2,5,5,5,5,4,4,4,4,4,4,4,4,3,3,3,3,3,3,3,3","0.000847816467285156","leiden","edit-xhwikibooks.graphml"
"0.06","0.43","0.51","0.421112478891161","1,1,1,1,2,3,2,3,3,3,2,2,3,3,3,3,3,2,4,2,5,1,3,3,3,3,3,3,1,3,2,4,2,2,4,4,3,3,5,5,5,5,1,1,1,1,5,1,1,1,5,5,5,5,5,1,1,1,1,5,3,5,5,3,3,5,5,5,5,5,1,5,3,3,5,5,5,5,5,5,5,3,3,3,3,1,5,5,5,5,3,2,4,5,5,5,3,5,5,5,5,5,5,5,5,5,5,2,2,5,5,5,5,4,4,4,4,4,4,4,4,3,3,3,3,3,3,3,3","0.000897884368896484","leiden","edit-xhwikibooks.graphml"
"0.05","0.44","0.51","0.42091296471622","1,1,1,1,2,3,2,3,3,3,2,2,3,3,3,3,3,2,4,2,5,1,3,3,3,3,3,3,1,3,2,4,2,2,4,4,3,3,5,5,5,5,1,1,1,1,5,1,1,1,5,5,5,5,5,1,1,1,1,5,3,5,5,3,3,5,5,5,5,5,1,5,3,3,5,5,5,5,5,5,5,3,3,3,3,1,5,5,5,5,3,2,4,5,5,5,3,5,5,5,5,5,5,5,5,5,5,2,2,5,5,5,5,4,4,4,4,4,4,4,4,3,3,3,3,3,3,3,3","0.000828027725219727","leiden","edit-xhwikibooks.graphml"
"0.04","0.45","0.51","0.422082288491956","1,1,1,1,2,3,2,3,3,3,2,2,3,3,3,3,3,2,4,2,5,1,3,3,3,3,3,3,1,3,2,4,2,2,4,4,3,3,5,5,5,5,1,1,1,1,5,1,1,1,5,5,5,5,5,1,1,1,1,5,3,5,5,3,3,5,5,5,5,5,1,5,3,3,5,5,5,5,5,5,5,3,3,3,3,1,5,5,5,5,3,2,4,5,5,5,3,5,5,5,5,5,5,5,5,5,5,2,2,5,5,5,5,4,4,4,4,4,4,4,4,3,3,3,3,3,3,3,3","0.000838994979858398","leiden","edit-xhwikibooks.graphml"
"0.03","0.46","0.51","0.421882880768891","1,1,1,1,2,3,2,3,3,3,2,2,3,3,3,3,3,2,4,2,5,1,3,3,3,3,3,3,1,3,2,4,2,2,4,4,3,3,5,5,5,5,1,1,1,1,5,1,1,1,5,5,5,5,5,1,1,1,1,5,3,5,5,3,3,5,5,5,5,5,1,5,3,3,5,5,5,5,5,5,5,3,3,3,3,1,5,5,5,5,3,2,4,5,5,5,3,5,5,5,5,5,5,5,5,5,5,2,2,5,5,5,5,4,4,4,4,4,4,4,4,3,3,3,3,3,3,3,3","0.000825166702270508","leiden","edit-xhwikibooks.graphml"
"0.02","0.47","0.51","0.422484475921901","1,1,1,1,2,3,2,3,3,3,2,2,3,3,3,3,3,2,4,2,5,1,3,3,3,3,3,3,1,3,2,4,2,2,4,4,3,3,5,5,5,5,1,1,1,1,5,1,1,1,5,5,5,5,5,1,1,1,1,5,3,5,5,3,3,5,5,5,5,5,1,5,3,3,5,5,5,5,5,5,5,3,3,3,3,1,5,5,5,5,3,2,4,5,5,5,3,5,5,5,5,5,5,5,5,5,5,2,2,5,5,5,5,4,4,4,4,4,4,4,4,3,3,3,3,3,3,3,3","0.000837087631225586","leiden","edit-xhwikibooks.graphml"
"0.01","0.48","0.51","0.422884910379901","1,1,1,1,2,3,2,3,3,3,2,2,3,3,3,3,3,2,4,2,5,1,3,3,3,3,3,3,1,3,2,4,2,2,4,4,3,3,5,5,5,5,1,1,1,1,5,1,1,1,5,5,5,5,5,1,1,1,1,5,3,5,5,3,3,5,5,5,5,5,1,5,3,3,5,5,5,5,5,5,5,3,3,3,3,1,5,5,5,5,3,2,4,5,5,5,3,5,5,5,5,5,5,5,5,5,5,2,2,5,5,5,5,4,4,4,4,4,4,4,4,3,3,3,3,3,3,3,3","0.000909090042114258","leiden","edit-xhwikibooks.graphml"
"0","0.49","0.51","0.425419714982472","1,1,1,1,1,2,3,2,2,2,3,3,2,2,2,2,2,3,4,3,5,1,2,2,2,2,2,2,1,2,3,4,3,3,4,4,2,2,5,5,5,5,1,1,1,1,5,1,1,1,5,5,5,5,5,1,1,1,1,5,2,5,5,2,2,5,5,5,5,5,1,5,2,2,5,5,5,5,5,5,5,2,2,2,2,1,5,5,5,5,2,3,4,5,5,5,2,5,5,5,5,5,5,5,5,5,5,3,3,5,5,5,5,4,4,4,4,4,4,4,4,2,2,2,2,2,2,2,2","0.000819921493530273","leiden","edit-xhwikibooks.graphml"
"0.48","0","0.52","0.424445974230066","1,1,1,1,1,2,3,2,2,2,3,3,2,2,2,2,2,3,4,3,5,1,2,2,2,2,2,2,1,2,3,4,3,3,4,4,2,2,5,5,5,5,1,1,1,1,5,1,1,1,5,5,5,5,5,1,1,1,1,5,2,5,5,2,2,5,5,5,5,5,1,5,2,2,5,5,5,5,5,5,5,2,2,2,2,1,5,5,5,5,2,3,4,5,5,5,2,5,5,5,5,5,5,5,5,5,5,3,3,5,5,5,5,4,4,4,4,4,4,4,4,2,2,2,2,2,2,2,2","0.000836849212646484","leiden","edit-xhwikibooks.graphml"
"0.47","0.01","0.52","0.424599684747049","1,1,1,1,2,3,2,3,3,3,2,2,3,3,3,3,3,2,4,2,5,1,3,3,3,3,3,3,1,3,2,4,2,2,4,4,3,3,5,5,5,5,1,1,1,1,5,1,1,1,5,5,5,5,5,1,1,1,1,5,3,5,5,3,3,5,5,5,5,5,1,5,3,3,5,5,5,5,5,5,5,3,3,3,3,1,5,5,5,5,3,2,4,5,5,5,3,5,5,5,5,5,5,5,5,5,5,2,2,5,5,5,5,4,4,4,4,4,4,4,4,3,3,3,3,3,3,3,3","0.000828981399536133","leiden","edit-xhwikibooks.graphml"
"0.46","0.02","0.52","0.424599684747049","1,1,1,1,2,3,2,3,3,3,2,2,3,3,3,3,3,2,4,2,5,1,3,3,3,3,3,3,1,3,2,4,2,2,4,4,3,3,5,5,5,5,1,1,1,1,5,1,1,1,5,5,5,5,5,1,1,1,1,5,3,5,5,3,3,5,5,5,5,5,1,5,3,3,5,5,5,5,5,5,5,3,3,3,3,1,5,5,5,5,3,2,4,5,5,5,3,5,5,5,5,5,5,5,5,5,5,2,2,5,5,5,5,4,4,4,4,4,4,4,4,3,3,3,3,3,3,3,3","0.000831127166748047","leiden","edit-xhwikibooks.graphml"
"0.45","0.03","0.52","0.424282345097225","1,1,1,2,3,2,3,2,2,2,3,3,2,2,2,2,2,3,4,3,5,1,2,2,2,2,2,2,1,2,3,4,3,3,4,4,2,2,5,5,5,5,1,1,1,1,5,1,1,1,5,5,5,5,5,1,1,1,1,5,2,5,5,2,2,5,5,5,5,5,1,5,2,2,5,5,5,5,5,5,5,2,2,2,2,1,5,5,5,5,2,3,4,5,5,5,2,5,5,5,5,5,5,5,5,5,5,3,3,5,5,5,5,4,4,4,4,4,4,4,4,2,2,2,2,2,2,2,2","0.000814914703369141","leiden","edit-xhwikibooks.graphml"
"0.44","0.04","0.52","0.424405164863604","1,1,1,1,2,3,2,3,3,3,2,2,3,3,3,3,3,2,4,2,5,1,3,3,3,3,3,3,1,3,2,4,2,2,4,4,3,3,5,5,5,5,1,1,1,1,5,1,1,1,5,5,5,5,5,1,1,1,1,5,3,5,5,3,3,5,5,5,5,5,1,5,3,3,5,5,5,5,5,5,5,3,3,3,3,1,5,5,5,5,3,2,4,5,5,5,3,5,5,5,5,5,5,5,5,5,5,2,2,5,5,5,5,4,4,4,4,4,4,4,4,3,3,3,3,3,3,3,3","0.000895023345947266","leiden","edit-xhwikibooks.graphml"
"0.43","0.05","0.52","0.419300449921933","1,1,1,1,2,3,2,3,3,3,2,2,3,3,3,3,3,2,4,2,5,1,3,3,3,3,3,3,1,3,2,4,2,2,4,4,3,3,5,5,5,5,1,1,1,1,5,1,1,1,5,5,5,5,5,1,1,1,1,5,3,5,5,3,3,5,5,5,5,5,1,5,3,3,5,5,5,5,5,5,5,3,3,3,3,1,5,5,5,5,3,2,4,5,5,5,3,5,5,5,5,5,5,5,5,5,5,2,2,5,5,5,5,4,4,4,4,4,4,4,4,3,3,3,3,3,3,3,3","0.00083613395690918","leiden","edit-xhwikibooks.graphml"
"0.42","0.06","0.52","0.419300449921933","1,1,1,1,2,3,2,3,3,3,2,2,3,3,3,3,3,2,4,2,5,1,3,3,3,3,3,3,1,3,2,4,2,2,4,4,3,3,5,5,5,5,1,1,1,1,5,1,1,1,5,5,5,5,5,1,1,1,1,5,3,5,5,3,3,5,5,5,5,5,1,5,3,3,5,5,5,5,5,5,5,3,3,3,3,1,5,5,5,5,3,2,4,5,5,5,3,5,5,5,5,5,5,5,5,5,5,2,2,5,5,5,5,4,4,4,4,4,4,4,4,3,3,3,3,3,3,3,3","0.000821828842163086","leiden","edit-xhwikibooks.graphml"
"0.41","0.07","0.52","0.419106335325964","1,1,1,1,2,3,2,3,3,3,2,2,3,3,3,3,3,2,4,2,5,1,3,3,3,3,3,3,1,3,2,4,2,2,4,4,3,3,5,5,5,5,1,1,1,1,5,1,1,1,5,5,5,5,5,1,1,1,1,5,3,5,5,3,3,5,5,5,5,5,1,5,3,3,5,5,5,5,5,5,5,3,3,3,3,1,5,5,5,5,3,2,4,5,5,5,3,5,5,5,5,5,5,5,5,5,5,2,2,5,5,5,5,4,4,4,4,4,4,4,4,3,3,3,3,3,3,3,3","0.000834941864013672","leiden","edit-xhwikibooks.graphml"
"0.4","0.08","0.52","0.419534293368488","1,1,1,1,1,2,3,2,2,2,3,3,2,2,2,2,2,3,4,3,5,1,2,2,2,2,2,2,1,2,3,4,3,3,4,4,2,2,5,5,5,5,1,1,1,1,5,1,1,1,5,5,5,5,5,1,1,1,1,5,2,5,5,2,2,5,5,5,5,5,1,5,2,2,5,5,5,5,5,5,5,2,2,2,2,1,5,5,5,5,2,3,4,5,5,5,2,5,5,5,5,5,5,5,5,5,5,3,3,5,5,5,5,4,4,4,4,4,4,4,4,2,2,2,2,2,2,2,2","0.000813961029052734","leiden","edit-xhwikibooks.graphml"
"0.39","0.09","0.52","0.417971009137018","1,1,1,1,1,2,3,2,2,2,3,3,2,2,2,2,2,3,4,3,5,1,2,2,2,2,2,2,1,2,3,4,3,3,4,4,2,2,5,5,5,5,1,1,1,1,5,1,1,1,5,5,5,5,5,1,1,1,1,5,2,5,5,2,2,5,5,5,5,5,1,5,2,2,5,5,5,5,5,5,5,2,2,2,2,1,5,5,5,5,2,3,4,5,5,5,2,5,5,5,5,5,5,5,5,5,5,3,3,5,5,5,5,4,4,4,4,4,4,4,4,2,2,2,2,2,2,2,2","0.000808954238891602","leiden","edit-xhwikibooks.graphml"
"0.38","0.1","0.52","0.418727088313065","1,1,1,1,2,3,2,3,3,3,2,2,3,3,3,3,3,2,4,2,5,1,3,3,3,3,3,3,1,3,2,4,2,2,4,4,3,3,5,5,5,5,1,1,1,1,5,1,1,1,5,5,5,5,5,1,1,1,1,5,3,5,5,3,3,5,5,5,5,5,1,5,3,3,5,5,5,5,5,5,5,3,3,3,3,1,5,5,5,5,3,2,4,5,5,5,3,5,5,5,5,5,5,5,5,5,5,2,2,5,5,5,5,4,4,4,4,4,4,4,4,3,3,3,3,3,3,3,3","0.00103211402893066","leiden","edit-xhwikibooks.graphml"
"0.37","0.11","0.52","0.418533227604863","1,1,1,1,2,3,2,3,3,3,2,2,3,3,3,3,3,2,4,2,5,1,3,3,3,3,3,3,1,3,2,4,2,2,4,4,3,3,5,5,5,5,1,1,1,1,5,1,1,1,5,5,5,5,5,1,1,1,1,5,3,5,5,3,3,5,5,5,5,5,1,5,3,3,5,5,5,5,5,5,5,3,3,3,3,1,5,5,5,5,3,2,4,5,5,5,3,5,5,5,5,5,5,5,5,5,5,2,2,5,5,5,5,4,4,4,4,4,4,4,4,3,3,3,3,3,3,3,3","0.000818967819213867","leiden","edit-xhwikibooks.graphml"
"0.36","0.12","0.52","0.419681737392712","1,1,1,1,2,3,2,3,3,3,2,2,3,3,3,3,3,2,4,2,5,1,3,3,3,3,3,3,1,3,2,4,2,2,4,4,3,3,5,5,5,5,1,1,1,1,5,1,1,1,5,5,5,5,5,1,1,1,1,5,3,5,5,3,3,5,5,5,5,5,1,5,3,3,5,5,5,5,5,5,5,3,3,3,3,1,5,5,5,5,3,2,4,5,5,5,3,5,5,5,5,5,5,5,5,5,5,2,2,5,5,5,5,4,4,4,4,4,4,4,4,3,3,3,3,3,3,3,3","0.000813007354736328","leiden","edit-xhwikibooks.graphml"
"0.35","0.13","0.52","0.417819154916908","1,1,1,1,2,3,2,3,3,3,2,2,3,3,3,3,3,2,4,2,5,1,3,3,3,3,3,3,1,3,2,4,2,2,4,4,3,3,5,5,5,5,1,1,1,1,5,1,1,1,5,5,5,5,5,1,1,1,1,5,3,5,5,3,3,5,5,5,5,5,1,5,3,3,5,5,5,5,5,5,5,3,3,3,3,1,5,5,5,5,3,2,4,5,5,5,3,5,5,5,5,5,5,5,5,5,5,2,2,5,5,5,5,4,4,4,4,4,4,4,4,3,3,3,3,3,3,3,3","0.000816106796264648","leiden","edit-xhwikibooks.graphml"
"0.34","0.14","0.52","0.417819154916908","1,1,1,1,2,3,2,3,3,3,2,2,3,3,3,3,3,2,4,2,5,1,3,3,3,3,3,3,1,3,2,4,2,2,4,4,3,3,5,5,5,5,1,1,1,1,5,1,1,1,5,5,5,5,5,1,1,1,1,5,3,5,5,3,3,5,5,5,5,5,1,5,3,3,5,5,5,5,5,5,5,3,3,3,3,1,5,5,5,5,3,2,4,5,5,5,3,5,5,5,5,5,5,5,5,5,5,2,2,5,5,5,5,4,4,4,4,4,4,4,4,3,3,3,3,3,3,3,3","0.000821113586425781","leiden","edit-xhwikibooks.graphml"
"0.33","0.15","0.52","0.418610468319559","1,1,1,1,1,2,3,2,2,2,3,3,2,2,2,2,2,3,4,3,5,1,2,2,2,2,2,2,1,2,3,4,3,3,4,4,2,2,5,5,5,5,1,1,1,1,5,1,1,1,5,5,5,5,5,1,1,1,1,5,2,5,5,2,2,5,5,5,5,5,1,5,2,2,5,5,5,5,5,5,5,2,2,2,2,1,5,5,5,5,2,3,4,5,5,5,2,5,5,5,5,5,5,5,5,5,5,3,3,5,5,5,5,4,4,4,4,4,4,4,4,2,2,2,2,2,2,2,2","0.000822067260742188","leiden","edit-xhwikibooks.graphml"
"0.32","0.16","0.52","0.419949917628643","1,1,1,1,2,3,2,3,3,3,2,2,3,3,3,3,3,2,4,2,5,1,3,3,3,3,3,3,1,3,2,4,2,2,4,4,3,3,5,5,5,5,1,1,1,1,5,1,1,1,5,5,5,5,5,1,1,1,1,5,3,5,5,3,3,5,5,5,5,5,1,5,3,3,5,5,5,5,5,5,5,3,3,3,3,1,5,5,5,5,3,2,4,5,5,5,3,5,5,5,5,5,5,5,5,5,5,2,2,5,5,5,5,4,4,4,4,4,4,4,4,3,3,3,3,3,3,3,3","0.000790834426879883","leiden","edit-xhwikibooks.graphml"
"0.31","0.17","0.52","0.412957720745922","1,1,1,1,2,3,2,3,3,3,2,2,3,3,3,3,3,2,4,2,5,1,3,3,3,3,3,3,1,3,2,4,2,2,4,4,3,3,5,5,5,5,1,1,1,1,5,1,1,1,5,5,5,5,5,1,1,1,1,5,3,5,5,3,3,5,5,5,5,5,1,5,3,3,5,5,5,5,5,5,5,3,3,3,3,1,5,5,5,5,3,2,4,5,5,5,3,5,5,5,5,5,5,5,5,5,5,2,2,5,5,5,5,4,4,4,4,4,4,4,4,3,3,3,3,3,3,3,3","0.000814914703369141","leiden","edit-xhwikibooks.graphml"
"0.3","0.18","0.52","0.412463083218308","1,1,1,1,2,3,2,3,3,3,4,2,3,3,3,3,3,4,4,2,5,1,3,3,3,3,3,3,1,3,4,4,2,2,4,4,3,3,5,5,5,5,1,1,1,1,5,1,1,1,5,5,5,5,5,1,1,1,1,5,3,5,5,3,3,5,5,5,5,5,1,5,3,3,5,5,5,5,5,5,5,3,3,3,3,1,5,5,5,5,3,4,4,5,5,5,3,5,5,5,5,5,5,5,5,5,5,2,2,5,5,5,5,4,4,4,4,4,4,4,4,3,3,3,3,3,3,3,3","0.000819206237792969","leiden","edit-xhwikibooks.graphml"
"0.29","0.19","0.52","0.412593966835845","1,1,1,1,1,2,3,2,2,2,3,3,2,2,2,2,2,3,4,3,5,1,2,2,2,2,2,2,1,2,3,4,3,3,4,4,2,2,5,5,5,5,1,1,1,1,5,1,1,1,5,5,5,5,5,1,1,1,1,5,2,5,5,2,2,5,5,5,5,5,1,5,2,2,5,5,5,5,5,5,5,2,2,2,2,1,5,5,5,5,2,3,4,5,5,5,2,5,5,5,5,5,5,5,5,5,5,3,3,5,5,5,5,4,4,4,4,4,4,4,4,2,2,2,2,2,2,2,2","0.000814914703369141","leiden","edit-xhwikibooks.graphml"
"0.28","0.2","0.52","0.413415516720834","1,1,1,1,2,3,2,3,3,3,4,2,3,3,3,3,3,4,4,2,5,1,3,3,3,3,3,3,1,3,4,4,2,2,4,4,3,3,5,5,5,5,1,1,1,1,5,1,1,1,5,5,5,5,5,1,1,1,1,5,3,5,5,3,3,5,5,5,5,5,1,5,3,3,5,5,5,5,5,5,5,3,3,3,3,1,5,5,5,5,3,4,4,5,5,5,3,5,5,5,5,5,5,5,5,5,5,2,2,5,5,5,5,4,4,4,4,4,4,4,4,3,3,3,3,3,3,3,3","0.000815153121948242","leiden","edit-xhwikibooks.graphml"
"0.27","0.21","0.52","0.411968263058182","1,1,1,1,2,3,2,3,3,3,2,2,3,3,3,3,3,2,4,2,5,1,3,3,3,3,3,3,1,3,2,4,2,2,4,4,3,3,5,5,5,5,1,1,1,1,5,1,1,1,5,5,5,5,5,1,1,1,1,5,3,5,5,3,3,5,5,5,5,5,1,5,3,3,5,5,5,5,5,5,5,3,3,3,3,1,5,5,5,5,3,2,4,5,5,5,3,5,5,5,5,5,5,5,5,5,5,2,2,5,5,5,5,4,4,4,4,4,4,4,4,3,3,3,3,3,3,3,3","0.000822067260742188","leiden","edit-xhwikibooks.graphml"
"0.26","0.22","0.52","0.411968263058182","1,1,1,1,2,3,2,3,3,3,2,2,3,3,3,3,3,2,4,2,5,1,3,3,3,3,3,3,1,3,2,4,2,2,4,4,3,3,5,5,5,5,1,1,1,1,5,1,1,1,5,5,5,5,5,1,1,1,1,5,3,5,5,3,3,5,5,5,5,5,1,5,3,3,5,5,5,5,5,5,5,3,3,3,3,1,5,5,5,5,3,2,4,5,5,5,3,5,5,5,5,5,5,5,5,5,5,2,2,5,5,5,5,4,4,4,4,4,4,4,4,3,3,3,3,3,3,3,3","0.000819921493530273","leiden","edit-xhwikibooks.graphml"
"0.25","0.23","0.52","0.412951469406232","1,1,1,1,2,3,2,3,3,3,2,2,3,3,3,3,3,2,4,2,5,1,3,3,3,3,3,3,1,3,2,4,2,2,4,4,3,3,5,5,5,5,1,1,1,1,5,1,1,1,5,5,5,5,5,1,1,1,1,5,3,5,5,3,3,5,5,5,5,5,1,5,3,3,5,5,5,5,5,5,5,3,3,3,3,1,5,5,5,5,3,2,4,5,5,5,3,5,5,5,5,5,5,5,5,5,5,2,2,5,5,5,5,4,4,4,4,4,4,4,4,3,3,3,3,3,3,3,3","0.000798940658569336","leiden","edit-xhwikibooks.graphml"
"0.24","0.24","0.52","0.413546075836115","1,1,1,1,2,3,2,3,3,3,2,2,3,3,3,3,3,2,4,2,5,1,3,3,3,3,3,3,1,3,2,4,2,2,4,4,3,3,5,5,5,5,1,1,1,1,5,1,1,1,5,5,5,5,5,1,1,1,1,5,3,5,5,3,3,5,5,5,5,5,1,5,3,3,5,5,5,5,5,5,5,3,3,3,3,1,5,5,5,5,3,2,4,5,5,5,3,5,5,5,5,5,5,5,5,5,5,2,2,5,5,5,5,4,4,4,4,4,4,4,4,3,3,3,3,3,3,3,3","0.000817060470581055","leiden","edit-xhwikibooks.graphml"
"0.23","0.25","0.52","0.403581587730968","1,1,1,1,1,3,1,3,3,3,2,1,3,3,3,3,3,2,2,1,4,1,3,3,3,3,3,3,1,3,2,2,1,1,2,2,3,3,4,4,4,4,1,1,1,1,4,1,1,1,4,4,4,4,4,1,1,1,1,4,3,4,4,3,3,4,4,4,4,4,1,4,3,3,4,4,4,4,4,4,4,3,3,3,3,1,4,4,4,4,3,2,2,4,4,4,3,4,4,4,4,4,4,4,4,4,4,1,1,4,4,4,4,2,2,2,2,2,2,2,2,3,3,3,3,3,3,3,3","0.000796079635620117","leiden","edit-xhwikibooks.graphml"
"0.22","0.26","0.52","0.404005810174647","1,1,1,1,1,2,3,2,2,2,3,3,2,2,2,2,2,3,4,3,5,1,2,2,2,2,2,2,1,2,3,4,3,3,4,4,2,2,5,5,5,5,1,1,1,1,5,1,1,1,5,5,5,5,5,1,1,1,1,5,2,5,5,2,2,5,5,5,5,5,1,5,2,2,5,5,5,5,5,5,5,2,2,2,2,1,5,5,5,5,2,3,4,5,5,5,2,5,5,5,5,5,5,5,5,5,5,3,3,5,5,5,5,4,4,4,4,4,4,4,4,2,2,2,2,2,2,2,2","0.00144505500793457","leiden","edit-xhwikibooks.graphml"
"0.21","0.27","0.52","0.404005810174647","1,1,1,1,1,2,3,2,2,2,3,3,2,2,2,2,2,3,4,3,5,1,2,2,2,2,2,2,1,2,3,4,3,3,4,4,2,2,5,5,5,5,1,1,1,1,5,1,1,1,5,5,5,5,5,1,1,1,1,5,2,5,5,2,2,5,5,5,5,5,1,5,2,2,5,5,5,5,5,5,5,2,2,2,2,1,5,5,5,5,2,3,4,5,5,5,2,5,5,5,5,5,5,5,5,5,5,3,3,5,5,5,5,4,4,4,4,4,4,4,4,2,2,2,2,2,2,2,2","0.0013890266418457","leiden","edit-xhwikibooks.graphml"
"0.2","0.28","0.52","0.403970415525279","1,1,1,1,2,3,2,3,3,3,2,2,3,3,3,3,3,2,4,2,5,1,3,3,3,3,3,3,1,3,2,4,2,2,4,4,3,3,5,5,5,5,1,1,1,1,5,1,1,1,5,5,5,5,5,1,1,1,1,5,3,5,5,3,3,5,5,5,5,5,1,5,3,3,5,5,5,5,5,5,5,3,3,3,3,1,5,5,5,5,3,2,4,5,5,5,3,5,5,5,5,5,5,5,5,5,5,2,2,5,5,5,5,4,4,4,4,4,4,4,4,3,3,3,3,3,3,3,3","0.00143003463745117","leiden","edit-xhwikibooks.graphml"
"0.19","0.29","0.52","0.400839739959783","1,1,1,1,2,3,2,3,3,3,2,2,3,3,3,3,3,2,4,2,5,1,3,3,3,3,3,3,1,3,2,4,2,2,4,4,3,3,5,5,5,5,1,1,1,1,5,1,1,1,5,5,5,5,5,1,1,1,1,5,3,5,5,3,3,5,5,5,5,5,1,5,3,3,5,5,5,5,5,5,5,3,3,3,3,1,5,5,5,5,3,2,4,5,5,5,3,5,5,5,5,5,5,5,5,5,5,2,2,5,5,5,5,4,4,4,4,4,4,4,4,3,3,3,3,3,3,3,3","0.00147008895874023","leiden","edit-xhwikibooks.graphml"
"0.18","0.3","0.52","0.401271875133072","1,1,1,1,2,3,2,3,3,3,2,2,3,3,3,3,3,2,4,2,5,1,3,3,3,3,3,3,1,3,2,4,2,2,4,4,3,3,5,5,5,5,1,1,1,1,5,1,1,1,5,5,5,5,5,1,1,1,1,5,3,5,5,3,3,5,5,5,5,5,1,5,3,3,5,5,5,5,5,5,5,3,3,3,3,1,5,5,5,5,3,2,4,5,5,5,3,5,5,5,5,5,5,5,5,5,5,2,2,5,5,5,5,4,4,4,4,4,4,4,4,3,3,3,3,3,3,3,3","0.00164699554443359","leiden","edit-xhwikibooks.graphml"
"0.17","0.31","0.52","0.401893371974858","1,1,1,1,2,3,2,3,3,3,2,2,3,3,3,3,3,2,4,2,5,1,3,3,3,3,3,3,1,3,2,4,2,2,4,4,3,3,5,5,5,5,1,1,1,1,5,1,1,1,5,5,5,5,5,1,1,1,1,5,3,5,5,3,3,5,5,5,5,5,1,5,3,3,5,5,5,5,5,5,5,3,3,3,3,1,5,5,5,5,3,2,4,5,5,5,3,5,5,5,5,5,5,5,5,5,5,2,2,5,5,5,5,4,4,4,4,4,4,4,4,3,3,3,3,3,3,3,3","0.00143718719482422","leiden","edit-xhwikibooks.graphml"
"0.16","0.32","0.52","0.401053357296795","1,1,2,2,2,3,2,3,3,3,2,2,3,3,3,3,3,2,4,2,5,1,3,3,3,3,3,3,1,3,2,4,2,2,4,4,3,3,5,5,5,5,1,1,1,1,5,1,1,1,5,5,5,5,5,1,1,1,1,5,3,5,5,3,3,5,5,5,5,5,1,5,3,3,5,5,5,5,5,5,5,3,3,3,3,1,5,5,5,5,3,2,4,5,5,5,3,5,5,5,5,5,5,5,5,5,5,2,2,5,5,5,5,4,4,4,4,4,4,4,4,3,3,3,3,3,3,3,3","0.00150012969970703","leiden","edit-xhwikibooks.graphml"
"0.15","0.33","0.52","0.40108077082314","1,1,1,1,2,3,2,3,3,3,2,2,3,3,3,3,3,2,4,2,5,1,3,3,3,3,3,3,1,3,2,4,2,2,4,4,3,3,5,5,5,5,1,1,1,1,5,1,1,1,5,5,5,5,5,1,1,1,1,5,3,5,5,3,3,5,5,5,5,5,1,5,3,3,5,5,5,5,5,5,5,3,3,3,3,1,5,5,5,5,3,2,4,5,5,5,3,5,5,5,5,5,5,5,5,5,5,2,2,5,5,5,5,4,4,4,4,4,4,4,4,3,3,3,3,3,3,3,3","0.00147485733032227","leiden","edit-xhwikibooks.graphml"
"0.14","0.34","0.52","0.409565137055275","1,1,1,1,2,3,2,3,3,3,2,2,3,3,3,3,3,2,4,2,5,1,3,3,3,3,3,3,1,3,2,4,2,2,4,4,3,3,5,5,5,5,1,1,1,1,5,1,1,1,5,5,5,5,5,1,1,1,1,5,3,5,5,3,3,5,5,5,5,5,1,5,3,3,5,5,5,5,5,5,5,3,3,3,3,1,5,5,5,5,3,2,4,5,5,5,3,5,5,5,5,5,5,5,5,5,5,2,2,5,5,5,5,4,4,4,4,4,4,4,4,3,3,3,3,3,3,3,3","0.00145602226257324","leiden","edit-xhwikibooks.graphml"
"0.13","0.35","0.52","0.409565137055275","1,1,1,1,2,3,2,3,3,3,2,2,3,3,3,3,3,2,4,2,5,1,3,3,3,3,3,3,1,3,2,4,2,2,4,4,3,3,5,5,5,5,1,1,1,1,5,1,1,1,5,5,5,5,5,1,1,1,1,5,3,5,5,3,3,5,5,5,5,5,1,5,3,3,5,5,5,5,5,5,5,3,3,3,3,1,5,5,5,5,3,2,4,5,5,5,3,5,5,5,5,5,5,5,5,5,5,2,2,5,5,5,5,4,4,4,4,4,4,4,4,3,3,3,3,3,3,3,3","0.00145816802978516","leiden","edit-xhwikibooks.graphml"
"0.12","0.36","0.52","0.409373251403675","1,1,1,1,2,3,2,3,3,3,2,2,3,3,3,3,3,2,4,2,5,1,3,3,3,3,3,3,1,3,2,4,2,2,4,4,3,3,5,5,5,5,1,1,1,1,5,1,1,1,5,5,5,5,5,1,1,1,1,5,3,5,5,3,3,5,5,5,5,5,1,5,3,3,5,5,5,5,5,5,5,3,3,3,3,1,5,5,5,5,3,2,4,5,5,5,3,5,5,5,5,5,5,5,5,5,5,2,2,5,5,5,5,4,4,4,4,4,4,4,4,3,3,3,3,3,3,3,3","0.00148391723632812","leiden","edit-xhwikibooks.graphml"
"0.11","0.37","0.52","0.409373251403675","1,1,1,1,2,3,2,3,3,3,2,2,3,3,3,3,3,2,4,2,5,1,3,3,3,3,3,3,1,3,2,4,2,2,4,4,3,3,5,5,5,5,1,1,1,1,5,1,1,1,5,5,5,5,5,1,1,1,1,5,3,5,5,3,3,5,5,5,5,5,1,5,3,3,5,5,5,5,5,5,5,3,3,3,3,1,5,5,5,5,3,2,4,5,5,5,3,5,5,5,5,5,5,5,5,5,5,2,2,5,5,5,5,4,4,4,4,4,4,4,4,3,3,3,3,3,3,3,3","0.00142908096313477","leiden","edit-xhwikibooks.graphml"
"0.1","0.38","0.52","0.409181529663877","1,1,1,1,2,3,2,3,3,3,2,2,3,3,3,3,3,2,4,2,5,1,3,3,3,3,3,3,1,3,2,4,2,2,4,4,3,3,5,5,5,5,1,1,1,1,5,1,1,1,5,5,5,5,5,1,1,1,1,5,3,5,5,3,3,5,5,5,5,5,1,5,3,3,5,5,5,5,5,5,5,3,3,3,3,1,5,5,5,5,3,2,4,5,5,5,3,5,5,5,5,5,5,5,5,5,5,2,2,5,5,5,5,4,4,4,4,4,4,4,4,3,3,3,3,3,3,3,3","0.00103402137756348","leiden","edit-xhwikibooks.graphml"
"0.09","0.39","0.52","0.409787864372231","1,1,1,1,2,3,2,3,3,3,2,2,3,3,3,3,3,2,4,2,5,1,3,3,3,3,3,3,1,3,2,4,2,2,4,4,3,3,5,5,5,5,1,1,1,1,5,1,1,1,5,5,5,5,5,1,1,1,1,5,3,5,5,3,3,5,5,5,5,5,1,5,3,3,5,5,5,5,5,5,5,3,3,3,3,1,5,5,5,5,3,2,4,5,5,5,3,5,5,5,5,5,5,5,5,5,5,2,2,5,5,5,5,4,4,4,4,4,4,4,4,3,3,3,3,3,3,3,3","0.000854015350341797","leiden","edit-xhwikibooks.graphml"
"0.08","0.4","0.52","0.410729359920258","1,1,1,1,2,3,2,3,3,3,2,2,3,3,3,3,3,2,4,2,5,1,3,3,3,3,3,3,1,3,2,4,2,2,4,4,3,3,5,5,5,5,1,1,1,1,5,1,1,1,5,5,5,5,5,1,1,1,1,5,3,5,5,3,3,5,5,5,5,5,1,5,3,3,5,5,5,5,5,5,5,3,3,3,3,1,5,5,5,5,3,2,4,5,5,5,3,5,5,5,5,5,5,5,5,5,5,2,2,5,5,5,5,4,4,4,4,4,4,4,4,3,3,3,3,3,3,3,3","0.000857114791870117","leiden","edit-xhwikibooks.graphml"
"0.07","0.41","0.52","0.410729359920258","1,1,1,1,2,3,2,3,3,3,2,2,3,3,3,3,3,2,4,2,5,1,3,3,3,3,3,3,1,3,2,4,2,2,4,4,3,3,5,5,5,5,1,1,1,1,5,1,1,1,5,5,5,5,5,1,1,1,1,5,3,5,5,3,3,5,5,5,5,5,1,5,3,3,5,5,5,5,5,5,5,3,3,3,3,1,5,5,5,5,3,2,4,5,5,5,3,5,5,5,5,5,5,5,5,5,5,2,2,5,5,5,5,4,4,4,4,4,4,4,4,3,3,3,3,3,3,3,3","0.000880002975463867","leiden","edit-xhwikibooks.graphml"
"0.06","0.42","0.52","0.410537854182178","1,1,1,1,2,3,2,3,3,3,2,2,3,3,3,3,3,2,4,2,5,1,3,3,3,3,3,3,1,3,2,4,2,2,4,4,3,3,5,5,5,5,1,1,1,1,5,1,1,1,5,5,5,5,5,1,1,1,1,5,3,5,5,3,3,5,5,5,5,5,1,5,3,3,5,5,5,5,5,5,5,3,3,3,3,1,5,5,5,5,3,2,4,5,5,5,3,5,5,5,5,5,5,5,5,5,5,2,2,5,5,5,5,4,4,4,4,4,4,4,4,3,3,3,3,3,3,3,3","0.00086212158203125","leiden","edit-xhwikibooks.graphml"
"0.05","0.43","0.52","0.411035173241667","1,1,1,1,1,4,2,4,4,4,3,2,4,4,4,4,4,3,3,2,5,1,4,4,4,4,4,4,1,4,3,3,2,2,3,3,4,4,5,5,5,5,1,1,1,1,5,1,1,1,5,5,5,5,5,1,1,1,1,5,4,5,5,4,4,5,5,5,5,5,1,5,4,4,5,5,5,5,5,5,5,4,4,4,4,1,5,5,5,5,4,3,3,5,5,5,4,5,5,5,5,5,5,5,5,5,5,2,2,5,5,5,5,3,3,3,3,3,3,3,3,4,4,4,4,4,4,4,4","0.000860929489135742","leiden","edit-xhwikibooks.graphml"
"0.04","0.44","0.52","0.411368461405062","1,1,1,1,1,2,3,2,2,2,3,3,2,2,2,2,2,3,4,3,5,1,2,2,2,2,2,2,1,2,3,4,3,3,4,4,2,2,5,5,5,5,1,1,1,1,5,1,1,1,5,5,5,5,5,1,1,1,1,5,2,5,5,2,2,5,5,5,5,5,1,5,2,2,5,5,5,5,5,5,5,2,2,2,2,1,5,5,5,5,2,3,4,5,5,5,2,5,5,5,5,5,5,5,5,5,5,3,3,5,5,5,5,4,4,4,4,4,4,4,4,2,2,2,2,2,2,2,2","0.000845909118652344","leiden","edit-xhwikibooks.graphml"
"0.03","0.45","0.52","0.421662869448519","1,1,1,1,2,3,2,3,3,3,2,2,3,3,3,3,3,2,4,2,5,1,3,3,3,3,3,3,1,3,2,4,2,2,4,4,3,3,5,5,5,5,1,1,1,1,5,1,1,1,5,5,5,5,5,1,1,1,1,5,3,5,5,3,3,5,5,5,5,5,1,5,3,3,5,5,5,5,5,5,5,3,3,3,3,1,5,5,5,5,3,2,4,5,5,5,3,5,5,5,5,5,5,5,5,5,5,2,2,5,5,5,5,4,4,4,4,4,4,4,4,3,3,3,3,3,3,3,3","0.000854969024658203","leiden","edit-xhwikibooks.graphml"
"0.02","0.46","0.52","0.4220649488867","1,1,1,1,2,3,2,3,3,3,2,2,3,3,3,3,3,2,4,2,5,1,3,3,3,3,3,3,1,3,2,4,2,2,4,4,3,3,5,5,5,5,1,1,1,1,5,1,1,1,5,5,5,5,5,1,1,1,1,5,3,5,5,3,3,5,5,5,5,5,1,5,3,3,5,5,5,5,5,5,5,3,3,3,3,1,5,5,5,5,3,2,4,5,5,5,3,5,5,5,5,5,5,5,5,5,5,2,2,5,5,5,5,4,4,4,4,4,4,4,4,3,3,3,3,3,3,3,3","0.00101304054260254","leiden","edit-xhwikibooks.graphml"
"0.01","0.47","0.52","0.422664180674366","1,1,1,1,2,3,2,3,3,3,2,2,3,3,3,3,3,2,4,2,5,1,3,3,3,3,3,3,1,3,2,4,2,2,4,4,3,3,5,5,5,5,1,1,1,1,5,1,1,1,5,5,5,5,5,1,1,1,1,5,3,5,5,3,3,5,5,5,5,5,1,5,3,3,5,5,5,5,5,5,5,3,3,3,3,1,5,5,5,5,3,2,4,5,5,5,3,5,5,5,5,5,5,5,5,5,5,2,2,5,5,5,5,4,4,4,4,4,4,4,4,3,3,3,3,3,3,3,3","0.000895023345947266","leiden","edit-xhwikibooks.graphml"
"0","0.48","0.52","0.424798660830352","1,1,1,1,1,2,3,2,2,2,3,3,2,2,2,2,2,3,4,3,5,1,2,2,2,2,2,2,1,2,3,4,3,3,4,4,2,2,5,5,5,5,1,1,1,1,5,1,1,1,5,5,5,5,5,1,1,1,1,5,2,5,5,2,2,5,5,5,5,5,1,5,2,2,5,5,5,5,5,5,5,2,2,2,2,1,5,5,5,5,2,3,4,5,5,5,2,5,5,5,5,5,5,5,5,5,5,3,3,5,5,5,5,4,4,4,4,4,4,4,4,2,2,2,2,2,2,2,2","0.000880956649780273","leiden","edit-xhwikibooks.graphml"
"0.47","0","0.53","0.423994121995966","1,1,1,1,2,3,2,3,3,3,2,2,3,3,3,3,3,2,4,2,5,1,3,3,3,3,3,3,1,3,2,4,2,2,4,4,3,3,5,5,5,5,1,1,1,1,5,1,1,1,5,5,5,5,5,1,1,1,1,5,3,5,5,3,3,5,5,5,5,5,1,5,3,3,5,5,5,5,5,5,5,3,3,3,3,1,5,5,5,5,3,2,4,5,5,5,3,5,5,5,5,5,5,5,5,5,5,2,2,5,5,5,5,4,4,4,4,4,4,4,4,3,3,3,3,3,3,3,3","0.000810146331787109","leiden","edit-xhwikibooks.graphml"
"0.46","0.01","0.53","0.423994121995966","1,1,1,1,2,3,2,3,3,3,2,2,3,3,3,3,3,2,4,2,5,1,3,3,3,3,3,3,1,3,2,4,2,2,4,4,3,3,5,5,5,5,1,1,1,1,5,1,1,1,5,5,5,5,5,1,1,1,1,5,3,5,5,3,3,5,5,5,5,5,1,5,3,3,5,5,5,5,5,5,5,3,3,3,3,1,5,5,5,5,3,2,4,5,5,5,3,5,5,5,5,5,5,5,5,5,5,2,2,5,5,5,5,4,4,4,4,4,4,4,4,3,3,3,3,3,3,3,3","0.000797033309936523","leiden","edit-xhwikibooks.graphml"
"0.45","0.02","0.53","0.423994121995966","1,1,1,1,2,3,2,3,3,3,2,2,3,3,3,3,3,2,4,2,5,1,3,3,3,3,3,3,1,3,2,4,2,2,4,4,3,3,5,5,5,5,1,1,1,1,5,1,1,1,5,5,5,5,5,1,1,1,1,5,3,5,5,3,3,5,5,5,5,5,1,5,3,3,5,5,5,5,5,5,5,3,3,3,3,1,5,5,5,5,3,2,4,5,5,5,3,5,5,5,5,5,5,5,5,5,5,2,2,5,5,5,5,4,4,4,4,4,4,4,4,3,3,3,3,3,3,3,3","0.000819921493530273","leiden","edit-xhwikibooks.graphml"
"0.44","0.03","0.53","0.423800183493197","1,1,1,1,2,3,2,3,3,3,2,2,3,3,3,3,3,2,4,2,5,1,3,3,3,3,3,3,1,3,2,4,2,2,4,4,3,3,5,5,5,5,1,1,1,1,5,1,1,1,5,5,5,5,5,1,1,1,1,5,3,5,5,3,3,5,5,5,5,5,1,5,3,3,5,5,5,5,5,5,5,3,3,3,3,1,5,5,5,5,3,2,4,5,5,5,3,5,5,5,5,5,5,5,5,5,5,2,2,5,5,5,5,4,4,4,4,4,4,4,4,3,3,3,3,3,3,3,3","0.000810861587524414","leiden","edit-xhwikibooks.graphml"
"0.43","0.04","0.53","0.424210804939714","1,1,1,1,2,3,2,3,3,3,2,2,3,3,3,3,3,2,4,2,5,1,3,3,3,3,3,3,1,3,2,4,2,2,4,4,3,3,5,5,5,5,1,1,1,1,5,1,1,1,5,5,5,5,5,1,1,1,1,5,3,5,5,3,3,5,5,5,5,5,1,5,3,3,5,5,5,5,5,5,5,3,3,3,3,1,5,5,5,5,3,2,4,5,5,5,3,5,5,5,5,5,5,5,5,5,5,2,2,5,5,5,5,4,4,4,4,4,4,4,4,3,3,3,3,3,3,3,3","0.000813007354736328","leiden","edit-xhwikibooks.graphml"
"0.42","0.05","0.53","0.424016604821583","1,1,1,1,2,3,2,3,3,3,2,2,3,3,3,3,3,2,4,2,5,1,3,3,3,3,3,3,1,3,2,4,2,2,4,4,3,3,5,5,5,5,1,1,1,1,5,1,1,1,5,5,5,5,5,1,1,1,1,5,3,5,5,3,3,5,5,5,5,5,1,5,3,3,5,5,5,5,5,5,5,3,3,3,3,1,5,5,5,5,3,2,4,5,5,5,3,5,5,5,5,5,5,5,5,5,5,2,2,5,5,5,5,4,4,4,4,4,4,4,4,3,3,3,3,3,3,3,3","0.000855922698974609","leiden","edit-xhwikibooks.graphml"
"0.41","0.06","0.53","0.424016604821583","1,1,1,1,2,3,2,3,3,3,2,2,3,3,3,3,3,2,4,2,5,1,3,3,3,3,3,3,1,3,2,4,2,2,4,4,3,3,5,5,5,5,1,1,1,1,5,1,1,1,5,5,5,5,5,1,1,1,1,5,3,5,5,3,3,5,5,5,5,5,1,5,3,3,5,5,5,5,5,5,5,3,3,3,3,1,5,5,5,5,3,2,4,5,5,5,3,5,5,5,5,5,5,5,5,5,5,2,2,5,5,5,5,4,4,4,4,4,4,4,4,3,3,3,3,3,3,3,3","0.000831842422485352","leiden","edit-xhwikibooks.graphml"
"0.4","0.07","0.53","0.418912382875674","1,1,1,1,2,3,2,3,3,3,2,2,3,3,3,3,3,2,4,2,5,1,3,3,3,3,3,3,1,3,2,4,2,2,4,4,3,3,5,5,5,5,1,1,1,1,5,1,1,1,5,5,5,5,5,1,1,1,1,5,3,5,5,3,3,5,5,5,5,5,1,5,3,3,5,5,5,5,5,5,5,3,3,3,3,1,5,5,5,5,3,2,4,5,5,5,3,5,5,5,5,5,5,5,5,5,5,2,2,5,5,5,5,4,4,4,4,4,4,4,4,3,3,3,3,3,3,3,3","0.000857114791870117","leiden","edit-xhwikibooks.graphml"
"0.39","0.08","0.53","0.419501757057687","1,1,1,1,2,3,2,3,3,3,2,2,3,3,3,3,3,2,4,2,5,1,3,3,3,3,3,3,1,3,2,4,2,2,4,4,3,3,5,5,5,5,1,1,1,1,5,1,1,1,5,5,5,5,5,1,1,1,1,5,3,5,5,3,3,5,5,5,5,5,1,5,3,3,5,5,5,5,5,5,5,3,3,3,3,1,5,5,5,5,3,2,4,5,5,5,3,5,5,5,5,5,5,5,5,5,5,2,2,5,5,5,5,4,4,4,4,4,4,4,4,3,3,3,3,3,3,3,3","0.000838994979858398","leiden","edit-xhwikibooks.graphml"
"0.38","0.09","0.53","0.419307914346898","1,1,1,1,2,3,2,3,3,3,2,2,3,3,3,3,3,2,4,2,5,1,3,3,3,3,3,3,1,3,2,4,2,2,4,4,3,3,5,5,5,5,1,1,1,1,5,1,1,1,5,5,5,5,5,1,1,1,1,5,3,5,5,3,3,5,5,5,5,5,1,5,3,3,5,5,5,5,5,5,5,3,3,3,3,1,5,5,5,5,3,2,4,5,5,5,3,5,5,5,5,5,5,5,5,5,5,2,2,5,5,5,5,4,4,4,4,4,4,4,4,3,3,3,3,3,3,3,3","0.000796079635620117","leiden","edit-xhwikibooks.graphml"
"0.37","0.1","0.53","0.419895500459137","1,1,1,1,2,3,2,3,3,3,2,2,3,3,3,3,3,2,4,2,5,1,3,3,3,3,3,3,1,3,2,4,2,2,4,4,3,3,5,5,5,5,1,1,1,1,5,1,1,1,5,5,5,5,5,1,1,1,1,5,3,5,5,3,3,5,5,5,5,5,1,5,3,3,5,5,5,5,5,5,5,3,3,3,3,1,5,5,5,5,3,2,4,5,5,5,3,5,5,5,5,5,5,5,5,5,5,2,2,5,5,5,5,4,4,4,4,4,4,4,4,3,3,3,3,3,3,3,3","0.000891923904418945","leiden","edit-xhwikibooks.graphml"
"0.36","0.11","0.53","0.41970176839762","1,1,1,1,2,3,2,3,3,3,2,2,3,3,3,3,3,2,4,2,5,1,3,3,3,3,3,3,1,3,2,4,2,2,4,4,3,3,5,5,5,5,1,1,1,1,5,1,1,1,5,5,5,5,5,1,1,1,1,5,3,5,5,3,3,5,5,5,5,5,1,5,3,3,5,5,5,5,5,5,5,3,3,3,3,1,5,5,5,5,3,2,4,5,5,5,3,5,5,5,5,5,5,5,5,5,5,2,2,5,5,5,5,4,4,4,4,4,4,4,4,3,3,3,3,3,3,3,3","0.000800848007202148","leiden","edit-xhwikibooks.graphml"
"0.35","0.12","0.53","0.420844207437466","1,1,1,1,2,3,2,3,3,3,2,2,3,3,3,3,3,2,4,2,5,1,3,3,3,3,3,3,1,3,2,4,2,2,4,4,3,3,5,5,5,5,1,1,1,1,5,1,1,1,5,5,5,5,5,1,1,1,1,5,3,5,5,3,3,5,5,5,5,5,1,5,3,3,5,5,5,5,5,5,5,3,3,3,3,1,5,5,5,5,3,2,4,5,5,5,3,5,5,5,5,5,5,5,5,5,5,2,2,5,5,5,5,4,4,4,4,4,4,4,4,3,3,3,3,3,3,3,3","0.000805854797363281","leiden","edit-xhwikibooks.graphml"
"0.34","0.13","0.53","0.419294365215949","1,1,1,1,2,3,2,3,3,3,2,2,3,3,3,3,3,2,4,2,5,1,3,3,3,3,3,3,1,3,2,4,2,2,4,4,3,3,5,5,5,5,1,1,1,1,5,1,1,1,5,5,5,5,5,1,1,1,1,5,3,5,5,3,3,5,5,5,5,5,1,5,3,3,5,5,5,5,5,5,5,3,3,3,3,1,5,5,5,5,3,2,4,5,5,5,3,5,5,5,5,5,5,5,5,5,5,2,2,5,5,5,5,4,4,4,4,4,4,4,4,3,3,3,3,3,3,3,3","0.000787973403930664","leiden","edit-xhwikibooks.graphml"
"0.33","0.14","0.53","0.419294365215949","1,1,1,1,2,3,2,3,3,3,2,2,3,3,3,3,3,2,4,2,5,1,3,3,3,3,3,3,1,3,2,4,2,2,4,4,3,3,5,5,5,5,1,1,1,1,5,1,1,1,5,5,5,5,5,1,1,1,1,5,3,5,5,3,3,5,5,5,5,5,1,5,3,3,5,5,5,5,5,5,5,3,3,3,3,1,5,5,5,5,3,2,4,5,5,5,3,5,5,5,5,5,5,5,5,5,5,2,2,5,5,5,5,4,4,4,4,4,4,4,4,3,3,3,3,3,3,3,3","0.000824928283691406","leiden","edit-xhwikibooks.graphml"
"0.32","0.15","0.53","0.420078692378887","1,1,1,1,1,2,3,2,2,2,3,3,2,2,2,2,2,3,4,3,5,1,2,2,2,2,2,2,1,2,3,4,3,3,4,4,2,2,5,5,5,5,1,1,1,1,5,1,1,1,5,5,5,5,5,1,1,1,1,5,2,5,5,2,2,5,5,5,5,5,1,5,2,2,5,5,5,5,5,5,5,2,2,2,2,1,5,5,5,5,2,3,4,5,5,5,2,5,5,5,5,5,5,5,5,5,5,3,3,5,5,5,5,4,4,4,4,4,4,4,4,2,2,2,2,2,2,2,2","0.000838041305541992","leiden","edit-xhwikibooks.graphml"
"0.31","0.16","0.53","0.42092143340568","1,1,1,1,2,3,2,3,3,3,4,2,3,3,3,3,3,4,4,2,5,1,3,3,3,3,3,3,1,3,4,4,2,2,4,4,3,3,5,5,5,5,1,1,1,1,5,1,1,1,5,5,5,5,5,1,1,1,1,5,3,5,5,3,3,5,5,5,5,5,1,5,3,3,5,5,5,5,5,5,5,3,3,3,3,1,5,5,5,5,3,4,4,5,5,5,3,5,5,5,5,5,5,5,5,5,5,2,2,5,5,5,5,4,4,4,4,4,4,4,4,3,3,3,3,3,3,3,3","0.000880002975463867","leiden","edit-xhwikibooks.graphml"
"0.3","0.17","0.53","0.421804359751528","1,1,1,1,2,3,2,3,3,3,2,2,3,3,3,3,3,2,4,2,5,1,3,3,3,3,3,3,1,3,2,4,2,2,4,4,3,3,5,5,5,5,1,1,1,1,5,1,1,1,5,5,5,5,5,1,1,1,1,5,3,5,5,3,3,5,5,5,5,5,1,5,3,3,5,5,5,5,5,5,5,3,3,3,3,1,5,5,5,5,3,2,4,5,5,5,3,5,5,5,5,5,5,5,5,5,5,2,2,5,5,5,5,4,4,4,4,4,4,4,4,3,3,3,3,3,3,3,3","0.000855922698974609","leiden","edit-xhwikibooks.graphml"
"0.29","0.18","0.53","0.421135016682648","1,1,1,1,1,4,2,4,4,4,3,2,4,4,4,4,4,3,3,2,5,1,4,4,4,4,4,4,1,4,3,3,2,2,3,3,4,4,5,5,5,5,1,1,1,1,5,1,1,1,5,5,5,5,5,1,1,1,1,5,4,5,5,4,4,5,5,5,5,5,1,5,4,4,5,5,5,5,5,5,5,4,4,4,4,1,5,5,5,5,4,3,3,5,5,5,4,5,5,5,5,5,5,5,5,5,5,2,2,5,5,5,5,3,3,3,3,3,3,3,3,4,4,4,4,4,4,4,4","0.00084996223449707","leiden","edit-xhwikibooks.graphml"
"0.28","0.19","0.53","0.419363637424444","1,1,2,2,2,3,2,3,3,3,2,2,3,3,3,3,3,2,4,2,5,1,3,3,3,3,3,3,1,3,2,4,2,2,4,4,3,3,5,5,5,5,1,1,1,1,5,1,1,1,5,5,5,5,5,1,1,1,1,5,3,5,5,3,3,5,5,5,5,5,1,5,3,3,5,5,5,5,5,5,5,3,3,3,3,1,5,5,5,5,3,2,4,5,5,5,3,5,5,5,5,5,5,5,5,5,5,2,2,5,5,5,5,4,4,4,4,4,4,4,4,3,3,3,3,3,3,3,3","0.000849008560180664","leiden","edit-xhwikibooks.graphml"
"0.27","0.2","0.53","0.421061898227841","1,1,1,1,2,3,2,3,3,3,2,2,3,3,3,3,3,2,4,2,5,1,3,3,3,3,3,3,1,3,2,4,2,2,4,4,3,3,5,5,5,5,1,1,1,1,5,1,1,1,5,5,5,5,5,1,1,1,1,5,3,5,5,3,3,5,5,5,5,5,1,5,3,3,5,5,5,5,5,5,5,3,3,3,3,1,5,5,5,5,3,2,4,5,5,5,3,5,5,5,5,5,5,5,5,5,5,2,2,5,5,5,5,4,4,4,4,4,4,4,4,3,3,3,3,3,3,3,3","0.000971078872680664","leiden","edit-xhwikibooks.graphml"
"0.26","0.21","0.53","0.420868726703414","1,1,1,1,2,3,2,3,3,3,2,2,3,3,3,3,3,2,4,2,5,1,3,3,3,3,3,3,1,3,2,4,2,2,4,4,3,3,5,5,5,5,1,1,1,1,5,1,1,1,5,5,5,5,5,1,1,1,1,5,3,5,5,3,3,5,5,5,5,5,1,5,3,3,5,5,5,5,5,5,5,3,3,3,3,1,5,5,5,5,3,2,4,5,5,5,3,5,5,5,5,5,5,5,5,5,5,2,2,5,5,5,5,4,4,4,4,4,4,4,4,3,3,3,3,3,3,3,3","0.000818967819213867","leiden","edit-xhwikibooks.graphml"
"0.25","0.22","0.53","0.420868726703414","1,1,1,1,2,3,2,3,3,3,2,2,3,3,3,3,3,2,4,2,5,1,3,3,3,3,3,3,1,3,2,4,2,2,4,4,3,3,5,5,5,5,1,1,1,1,5,1,1,1,5,5,5,5,5,1,1,1,1,5,3,5,5,3,3,5,5,5,5,5,1,5,3,3,5,5,5,5,5,5,5,3,3,3,3,1,5,5,5,5,3,2,4,5,5,5,3,5,5,5,5,5,5,5,5,5,5,2,2,5,5,5,5,4,4,4,4,4,4,4,4,3,3,3,3,3,3,3,3","0.00084686279296875","leiden","edit-xhwikibooks.graphml"
"0.24","0.23","0.53","0.421809224673852","1,1,1,1,2,3,2,3,3,3,2,2,3,3,3,3,3,2,4,2,5,1,3,3,3,3,3,3,1,3,2,4,2,2,4,4,3,3,5,5,5,5,1,1,1,1,5,1,1,1,5,5,5,5,5,1,1,1,1,5,3,5,5,3,3,5,5,5,5,5,1,5,3,3,5,5,5,5,5,5,5,3,3,3,3,1,5,5,5,5,3,2,4,5,5,5,3,5,5,5,5,5,5,5,5,5,5,2,2,5,5,5,5,4,4,4,4,4,4,4,4,3,3,3,3,3,3,3,3","0.00083613395690918","leiden","edit-xhwikibooks.graphml"
"0.23","0.24","0.53","0.422388304178995","1,1,1,1,2,3,2,3,3,3,2,2,3,3,3,3,3,2,4,2,5,1,3,3,3,3,3,3,1,3,2,4,2,2,4,4,3,3,5,5,5,5,1,1,1,1,5,1,1,1,5,5,5,5,5,1,1,1,1,5,3,5,5,3,3,5,5,5,5,5,1,5,3,3,5,5,5,5,5,5,5,3,3,3,3,1,5,5,5,5,3,2,4,5,5,5,3,5,5,5,5,5,5,5,5,5,5,2,2,5,5,5,5,4,4,4,4,4,4,4,4,3,3,3,3,3,3,3,3","0.000825881958007812","leiden","edit-xhwikibooks.graphml"
"0.22","0.25","0.53","0.416588198482591","1,1,1,1,2,3,2,3,3,3,2,2,3,3,3,3,3,2,4,2,5,1,3,3,3,3,3,3,1,3,2,4,2,2,4,4,3,3,5,5,5,5,1,1,1,1,5,1,1,1,5,5,5,5,5,1,1,1,1,5,3,5,5,3,3,5,5,5,5,5,1,5,3,3,5,5,5,5,5,5,5,3,3,3,3,1,5,5,5,5,3,2,4,5,5,5,3,5,5,5,5,5,5,5,5,5,5,2,2,5,5,5,5,4,4,4,4,4,4,4,4,3,3,3,3,3,3,3,3","0.000828981399536133","leiden","edit-xhwikibooks.graphml"
"0.21","0.26","0.53","0.416588198482591","1,1,1,1,2,3,2,3,3,3,2,2,3,3,3,3,3,2,4,2,5,1,3,3,3,3,3,3,1,3,2,4,2,2,4,4,3,3,5,5,5,5,1,1,1,1,5,1,1,1,5,5,5,5,5,1,1,1,1,5,3,5,5,3,3,5,5,5,5,5,1,5,3,3,5,5,5,5,5,5,5,3,3,3,3,1,5,5,5,5,3,2,4,5,5,5,3,5,5,5,5,5,5,5,5,5,5,2,2,5,5,5,5,4,4,4,4,4,4,4,4,3,3,3,3,3,3,3,3","0.000848054885864258","leiden","edit-xhwikibooks.graphml"
"0.2","0.27","0.53","0.416588198482591","1,1,1,1,2,3,2,3,3,3,2,2,3,3,3,3,3,2,4,2,5,1,3,3,3,3,3,3,1,3,2,4,2,2,4,4,3,3,5,5,5,5,1,1,1,1,5,1,1,1,5,5,5,5,5,1,1,1,1,5,3,5,5,3,3,5,5,5,5,5,1,5,3,3,5,5,5,5,5,5,5,3,3,3,3,1,5,5,5,5,3,2,4,5,5,5,3,5,5,5,5,5,5,5,5,5,5,2,2,5,5,5,5,4,4,4,4,4,4,4,4,3,3,3,3,3,3,3,3","0.000830888748168945","leiden","edit-xhwikibooks.graphml"
"0.19","0.28","0.53","0.416395615228046","1,1,1,1,2,3,2,3,3,3,2,2,3,3,3,3,3,2,4,2,5,1,3,3,3,3,3,3,1,3,2,4,2,2,4,4,3,3,5,5,5,5,1,1,1,1,5,1,1,1,5,5,5,5,5,1,1,1,1,5,3,5,5,3,3,5,5,5,5,5,1,5,3,3,5,5,5,5,5,5,5,3,3,3,3,1,5,5,5,5,3,2,4,5,5,5,3,5,5,5,5,5,5,5,5,5,5,2,2,5,5,5,5,4,4,4,4,4,4,4,4,3,3,3,3,3,3,3,3","0.000824928283691406","leiden","edit-xhwikibooks.graphml"
"0.18","0.29","0.53","0.417547909437805","1,1,1,1,2,3,2,3,3,3,2,2,3,3,3,3,3,2,4,2,5,1,3,3,3,3,3,3,1,3,2,4,2,2,4,4,3,3,5,5,5,5,1,1,1,1,5,1,1,1,5,5,5,5,5,1,1,1,1,5,3,5,5,3,3,5,5,5,5,5,1,5,3,3,5,5,5,5,5,5,5,3,3,3,3,1,5,5,5,5,3,2,4,5,5,5,3,5,5,5,5,5,5,5,5,5,5,2,2,5,5,5,5,4,4,4,4,4,4,4,4,3,3,3,3,3,3,3,3","0.000847101211547852","leiden","edit-xhwikibooks.graphml"
"0.17","0.3","0.53","0.417268803585099","1,1,1,1,1,4,2,4,4,4,3,2,4,4,4,4,4,3,3,2,5,1,4,4,4,4,4,4,1,4,3,3,2,2,3,3,4,4,5,5,5,5,1,1,1,1,5,1,1,1,5,5,5,5,5,1,1,1,1,5,4,5,5,4,4,5,5,5,5,5,1,5,4,4,5,5,5,5,5,5,5,4,4,4,4,1,5,5,5,5,4,3,3,5,5,5,4,5,5,5,5,5,5,5,5,5,5,2,2,5,5,5,5,3,3,3,3,3,3,3,3,4,4,4,4,4,4,4,4","0.000838041305541992","leiden","edit-xhwikibooks.graphml"
"0.16","0.31","0.53","0.416814749445395","1,1,1,1,2,3,2,3,3,3,2,2,3,3,3,3,3,2,4,2,5,1,3,3,3,3,3,3,1,3,2,4,2,2,4,4,3,3,5,5,5,5,1,1,1,1,5,1,1,1,5,5,5,5,5,1,1,1,1,5,3,5,5,3,3,5,5,5,5,5,1,5,3,3,5,5,5,5,5,5,5,3,3,3,3,1,5,5,5,5,3,2,4,5,5,5,3,5,5,5,5,5,5,5,5,5,5,2,2,5,5,5,5,4,4,4,4,4,4,4,4,3,3,3,3,3,3,3,3","0.0011448860168457","leiden","edit-xhwikibooks.graphml"
"0.15","0.32","0.53","0.416622407568815","1,1,1,1,2,3,2,3,3,3,2,2,3,3,3,3,3,2,4,2,5,1,3,3,3,3,3,3,1,3,2,4,2,2,4,4,3,3,5,5,5,5,1,1,1,1,5,1,1,1,5,5,5,5,5,1,1,1,1,5,3,5,5,3,3,5,5,5,5,5,1,5,3,3,5,5,5,5,5,5,5,3,3,3,3,1,5,5,5,5,3,2,4,5,5,5,3,5,5,5,5,5,5,5,5,5,5,2,2,5,5,5,5,4,4,4,4,4,4,4,4,3,3,3,3,3,3,3,3","0.000816106796264648","leiden","edit-xhwikibooks.graphml"
"0.14","0.33","0.53","0.416622407568815","1,1,1,1,2,3,2,3,3,3,2,2,3,3,3,3,3,2,4,2,5,1,3,3,3,3,3,3,1,3,2,4,2,2,4,4,3,3,5,5,5,5,1,1,1,1,5,1,1,1,5,5,5,5,5,1,1,1,1,5,3,5,5,3,3,5,5,5,5,5,1,5,3,3,5,5,5,5,5,5,5,3,3,3,3,1,5,5,5,5,3,2,4,5,5,5,3,5,5,5,5,5,5,5,5,5,5,2,2,5,5,5,5,4,4,4,4,4,4,4,4,3,3,3,3,3,3,3,3","0.000818967819213867","leiden","edit-xhwikibooks.graphml"
"0.13","0.34","0.53","0.424687085667411","1,1,1,1,2,3,2,3,3,3,2,2,3,3,3,3,3,2,4,2,5,1,3,3,3,3,3,3,1,3,2,4,2,2,4,4,3,3,5,5,5,5,1,1,1,1,5,1,1,1,5,5,5,5,5,1,1,1,1,5,3,5,5,3,3,5,5,5,5,5,1,5,3,3,5,5,5,5,5,5,5,3,3,3,3,1,5,5,5,5,3,2,4,5,5,5,3,5,5,5,5,5,5,5,5,5,5,2,2,5,5,5,5,4,4,4,4,4,4,4,4,3,3,3,3,3,3,3,3","0.000822067260742188","leiden","edit-xhwikibooks.graphml"
"0.12","0.35","0.53","0.424687085667411","1,1,1,1,2,3,2,3,3,3,2,2,3,3,3,3,3,2,4,2,5,1,3,3,3,3,3,3,1,3,2,4,2,2,4,4,3,3,5,5,5,5,1,1,1,1,5,1,1,1,5,5,5,5,5,1,1,1,1,5,3,5,5,3,3,5,5,5,5,5,1,5,3,3,5,5,5,5,5,5,5,3,3,3,3,1,5,5,5,5,3,2,4,5,5,5,3,5,5,5,5,5,5,5,5,5,5,2,2,5,5,5,5,4,4,4,4,4,4,4,4,3,3,3,3,3,3,3,3","0.000833988189697266","leiden","edit-xhwikibooks.graphml"
"0.11","0.36","0.53","0.42449423254526","1,1,1,1,2,3,2,3,3,3,2,2,3,3,3,3,3,2,4,2,5,1,3,3,3,3,3,3,1,3,2,4,2,2,4,4,3,3,5,5,5,5,1,1,1,1,5,1,1,1,5,5,5,5,5,1,1,1,1,5,3,5,5,3,3,5,5,5,5,5,1,5,3,3,5,5,5,5,5,5,5,3,3,3,3,1,5,5,5,5,3,2,4,5,5,5,3,5,5,5,5,5,5,5,5,5,5,2,2,5,5,5,5,4,4,4,4,4,4,4,4,3,3,3,3,3,3,3,3","0.00083613395690918","leiden","edit-xhwikibooks.graphml"
"0.1","0.37","0.53","0.413983260466772","1,1,1,1,2,3,2,3,3,3,2,2,3,3,3,3,3,2,4,2,5,1,3,3,3,3,3,3,1,3,2,4,2,2,4,4,3,3,5,5,5,5,1,1,1,1,5,1,1,1,5,5,5,5,5,1,1,1,1,5,3,5,5,3,3,5,5,5,5,5,1,5,3,3,5,5,5,5,5,5,5,3,3,3,3,1,5,5,5,5,3,2,4,5,5,5,3,5,5,5,5,5,5,5,5,5,5,2,2,5,5,5,5,4,4,4,4,4,4,4,4,3,3,3,3,3,3,3,3","0.000828027725219727","leiden","edit-xhwikibooks.graphml"
"0.09","0.38","0.53","0.413791198452706","1,1,1,1,2,3,2,3,3,3,2,2,3,3,3,3,3,2,4,2,5,1,3,3,3,3,3,3,1,3,2,4,2,2,4,4,3,3,5,5,5,5,1,1,1,1,5,1,1,1,5,5,5,5,5,1,1,1,1,5,3,5,5,3,3,5,5,5,5,5,1,5,3,3,5,5,5,5,5,5,5,3,3,3,3,1,5,5,5,5,3,2,4,5,5,5,3,5,5,5,5,5,5,5,5,5,5,2,2,5,5,5,5,4,4,4,4,4,4,4,4,3,3,3,3,3,3,3,3","0.000815153121948242","leiden","edit-xhwikibooks.graphml"
"0.08","0.39","0.53","0.414388547115819","1,1,1,1,2,3,2,3,3,3,2,2,3,3,3,3,3,2,4,2,5,1,3,3,3,3,3,3,1,3,2,4,2,2,4,4,3,3,5,5,5,5,1,1,1,1,5,1,1,1,5,5,5,5,5,1,1,1,1,5,3,5,5,3,3,5,5,5,5,5,1,5,3,3,5,5,5,5,5,5,5,3,3,3,3,1,5,5,5,5,3,2,4,5,5,5,3,5,5,5,5,5,5,5,5,5,5,2,2,5,5,5,5,4,4,4,4,4,4,4,4,3,3,3,3,3,3,3,3","0.000821828842163086","leiden","edit-xhwikibooks.graphml"
"0.07","0.4","0.53","0.415163122368994","1,1,1,1,1,2,3,2,2,2,3,3,2,2,2,2,2,3,4,3,5,1,2,2,2,2,2,2,1,2,3,4,3,3,4,4,2,2,5,5,5,5,1,1,1,1,5,1,1,1,5,5,5,5,5,1,1,1,1,5,2,5,5,2,2,5,5,5,5,5,1,5,2,2,5,5,5,5,5,5,5,2,2,2,2,1,5,5,5,5,2,3,4,5,5,5,2,5,5,5,5,5,5,5,5,5,5,3,3,5,5,5,5,4,4,4,4,4,4,4,4,2,2,2,2,2,2,2,2","0.000833034515380859","leiden","edit-xhwikibooks.graphml"
"0.06","0.41","0.53","0.415312636086515","1,1,1,1,2,3,2,3,3,3,2,2,3,3,3,3,3,2,4,2,5,1,3,3,3,3,3,3,1,3,2,4,2,2,4,4,3,3,5,5,5,5,1,1,1,1,5,1,1,1,5,5,5,5,5,1,1,1,1,5,3,5,5,3,3,5,5,5,5,5,1,5,3,3,5,5,5,5,5,5,5,3,3,3,3,1,5,5,5,5,3,2,4,5,5,5,3,5,5,5,5,5,5,5,5,5,5,2,2,5,5,5,5,4,4,4,4,4,4,4,4,3,3,3,3,3,3,3,3","0.000824928283691406","leiden","edit-xhwikibooks.graphml"
"0.05","0.42","0.53","0.41512080266162","1,1,1,1,2,3,2,3,3,3,2,2,3,3,3,3,3,2,4,2,5,1,3,3,3,3,3,3,1,3,2,4,2,2,4,4,3,3,5,5,5,5,1,1,1,1,5,1,1,1,5,5,5,5,5,1,1,1,1,5,3,5,5,3,3,5,5,5,5,5,1,5,3,3,5,5,5,5,5,5,5,3,3,3,3,1,5,5,5,5,3,2,4,5,5,5,3,5,5,5,5,5,5,5,5,5,5,2,2,5,5,5,5,4,4,4,4,4,4,4,4,3,3,3,3,3,3,3,3","0.00106096267700195","leiden","edit-xhwikibooks.graphml"
"0.04","0.43","0.53","0.412117807591776","1,1,1,1,2,3,2,3,3,3,2,2,3,3,3,3,3,2,4,2,5,1,3,3,3,3,3,3,1,3,2,4,2,2,4,4,3,3,5,5,5,5,1,1,1,1,5,1,1,1,5,5,5,5,5,1,1,1,1,5,3,5,5,3,3,5,5,5,5,5,1,5,3,3,5,5,5,5,5,5,5,3,3,3,3,1,5,5,5,5,3,2,4,5,5,5,3,5,5,5,5,5,5,5,5,5,5,2,2,5,5,5,5,4,4,4,4,4,4,4,4,3,3,3,3,3,3,3,3","0.000828981399536133","leiden","edit-xhwikibooks.graphml"
"0.03","0.44","0.53","0.412525045799072","1,1,1,1,2,3,2,3,3,3,2,2,3,3,3,3,3,2,4,2,5,1,3,3,3,3,3,3,1,3,2,4,2,2,4,4,3,3,5,5,5,5,1,1,1,1,5,1,1,1,5,5,5,5,5,1,1,1,1,5,3,5,5,3,3,5,5,5,5,5,1,5,3,3,5,5,5,5,5,5,5,3,3,3,3,1,5,5,5,5,3,2,4,5,5,5,3,5,5,5,5,5,5,5,5,5,5,2,2,5,5,5,5,4,4,4,4,4,4,4,4,3,3,3,3,3,3,3,3","0.000819921493530273","leiden","edit-xhwikibooks.graphml"
"0.02","0.45","0.53","0.413877979755701","1,1,1,1,2,3,2,3,3,3,2,2,3,3,3,3,3,2,4,2,5,1,3,3,3,3,3,3,1,3,2,4,2,2,4,4,3,3,5,5,5,5,1,1,1,1,5,1,1,1,5,5,5,5,5,1,1,1,1,5,3,5,5,3,3,5,5,5,5,5,1,5,3,3,5,5,5,5,5,5,5,3,3,3,3,1,5,5,5,5,3,2,4,5,5,5,3,5,5,5,5,5,5,5,5,5,5,2,2,5,5,5,5,4,4,4,4,4,4,4,4,3,3,3,3,3,3,3,3","0.000833034515380859","leiden","edit-xhwikibooks.graphml"
"0.01","0.46","0.53","0.413686492959791","1,1,1,1,2,3,2,3,3,3,2,2,3,3,3,3,3,2,4,2,5,1,3,3,3,3,3,3,1,3,2,4,2,2,4,4,3,3,5,5,5,5,1,1,1,1,5,1,1,1,5,5,5,5,5,1,1,1,1,5,3,5,5,3,3,5,5,5,5,5,1,5,3,3,5,5,5,5,5,5,5,3,3,3,3,1,5,5,5,5,3,2,4,5,5,5,3,5,5,5,5,5,5,5,5,5,5,2,2,5,5,5,5,4,4,4,4,4,4,4,4,3,3,3,3,3,3,3,3","0.000823974609375","leiden","edit-xhwikibooks.graphml"
"0","0.47","0.53","0.416635037293906","1,1,1,1,1,2,3,2,2,2,3,3,2,2,2,2,2,3,4,3,5,1,2,2,2,2,2,2,1,2,3,4,3,3,4,4,2,2,5,5,5,5,1,1,1,1,5,1,1,1,5,5,5,5,5,1,1,1,1,5,2,5,5,2,2,5,5,5,5,5,1,5,2,2,5,5,5,5,5,5,5,2,2,2,2,1,5,5,5,5,2,3,4,5,5,5,2,5,5,5,5,5,5,5,5,5,5,3,3,5,5,5,5,4,4,4,4,4,4,4,4,2,2,2,2,2,2,2,2","0.000833988189697266","leiden","edit-xhwikibooks.graphml"
"0.46","0","0.54","0.415235392536327","1,1,1,1,2,3,2,3,3,3,2,2,3,3,3,3,3,2,4,2,5,1,3,3,3,3,3,3,1,3,2,4,2,2,4,4,3,3,5,5,5,5,1,1,1,1,5,1,1,1,5,5,5,5,5,1,1,1,1,5,3,5,5,3,3,5,5,5,5,5,1,5,3,3,5,5,5,5,5,5,5,3,3,3,3,1,5,5,5,5,3,2,4,5,5,5,3,5,5,5,5,5,5,5,5,5,5,2,2,5,5,5,5,4,4,4,4,4,4,4,4,3,3,3,3,3,3,3,3","0.000856161117553711","leiden","edit-xhwikibooks.graphml"
"0.45","0.01","0.54","0.415235392536327","1,1,1,1,2,3,2,3,3,3,2,2,3,3,3,3,3,2,4,2,5,1,3,3,3,3,3,3,1,3,2,4,2,2,4,4,3,3,5,5,5,5,1,1,1,1,5,1,1,1,5,5,5,5,5,1,1,1,1,5,3,5,5,3,3,5,5,5,5,5,1,5,3,3,5,5,5,5,5,5,5,3,3,3,3,1,5,5,5,5,3,2,4,5,5,5,3,5,5,5,5,5,5,5,5,5,5,2,2,5,5,5,5,4,4,4,4,4,4,4,4,3,3,3,3,3,3,3,3","0.00082707405090332","leiden","edit-xhwikibooks.graphml"
"0.44","0.02","0.54","0.415235392536327","1,1,1,1,2,3,2,3,3,3,2,2,3,3,3,3,3,2,4,2,5,1,3,3,3,3,3,3,1,3,2,4,2,2,4,4,3,3,5,5,5,5,1,1,1,1,5,1,1,1,5,5,5,5,5,1,1,1,1,5,3,5,5,3,3,5,5,5,5,5,1,5,3,3,5,5,5,5,5,5,5,3,3,3,3,1,5,5,5,5,3,2,4,5,5,5,3,5,5,5,5,5,5,5,5,5,5,2,2,5,5,5,5,4,4,4,4,4,4,4,4,3,3,3,3,3,3,3,3","0.000872135162353516","leiden","edit-xhwikibooks.graphml"
"0.43","0.03","0.54","0.415048619098841","1,1,1,1,2,3,2,3,3,3,2,2,3,3,3,3,3,2,4,2,5,1,3,3,3,3,3,3,1,3,2,4,2,2,4,4,3,3,5,5,5,5,1,1,1,1,5,1,1,1,5,5,5,5,5,1,1,1,1,5,3,5,5,3,3,5,5,5,5,5,1,5,3,3,5,5,5,5,5,5,5,3,3,3,3,1,5,5,5,5,3,2,4,5,5,5,3,5,5,5,5,5,5,5,5,5,5,2,2,5,5,5,5,4,4,4,4,4,4,4,4,3,3,3,3,3,3,3,3","0.000936985015869141","leiden","edit-xhwikibooks.graphml"
"0.42","0.04","0.54","0.415048619098841","1,1,1,1,2,3,2,3,3,3,2,2,3,3,3,3,3,2,4,2,5,1,3,3,3,3,3,3,1,3,2,4,2,2,4,4,3,3,5,5,5,5,1,1,1,1,5,1,1,1,5,5,5,5,5,1,1,1,1,5,3,5,5,3,3,5,5,5,5,5,1,5,3,3,5,5,5,5,5,5,5,3,3,3,3,1,5,5,5,5,3,2,4,5,5,5,3,5,5,5,5,5,5,5,5,5,5,2,2,5,5,5,5,4,4,4,4,4,4,4,4,3,3,3,3,3,3,3,3","0.00101208686828613","leiden","edit-xhwikibooks.graphml"
"0.41","0.05","0.54","0.414861997876705","1,1,1,1,2,3,2,3,3,3,2,2,3,3,3,3,3,2,4,2,5,1,3,3,3,3,3,3,1,3,2,4,2,2,4,4,3,3,5,5,5,5,1,1,1,1,5,1,1,1,5,5,5,5,5,1,1,1,1,5,3,5,5,3,3,5,5,5,5,5,1,5,3,3,5,5,5,5,5,5,5,3,3,3,3,1,5,5,5,5,3,2,4,5,5,5,3,5,5,5,5,5,5,5,5,5,5,2,2,5,5,5,5,4,4,4,4,4,4,4,4,3,3,3,3,3,3,3,3","0.00337600708007812","leiden","edit-xhwikibooks.graphml"
"0.4","0.06","0.54","0.414861997876705","1,1,1,1,2,3,2,3,3,3,2,2,3,3,3,3,3,2,4,2,5,1,3,3,3,3,3,3,1,3,2,4,2,2,4,4,3,3,5,5,5,5,1,1,1,1,5,1,1,1,5,5,5,5,5,1,1,1,1,5,3,5,5,3,3,5,5,5,5,5,1,5,3,3,5,5,5,5,5,5,5,3,3,3,3,1,5,5,5,5,3,2,4,5,5,5,3,5,5,5,5,5,5,5,5,5,5,2,2,5,5,5,5,4,4,4,4,4,4,4,4,3,3,3,3,3,3,3,3","0.00172305107116699","leiden","edit-xhwikibooks.graphml"
"0.39","0.07","0.54","0.414675528720051","1,1,1,1,2,3,2,3,3,3,2,2,3,3,3,3,3,2,4,2,5,1,3,3,3,3,3,3,1,3,2,4,2,2,4,4,3,3,5,5,5,5,1,1,1,1,5,1,1,1,5,5,5,5,5,1,1,1,1,5,3,5,5,3,3,5,5,5,5,5,1,5,3,3,5,5,5,5,5,5,5,3,3,3,3,1,5,5,5,5,3,2,4,5,5,5,3,5,5,5,5,5,5,5,5,5,5,2,2,5,5,5,5,4,4,4,4,4,4,4,4,3,3,3,3,3,3,3,3","0.00151801109313965","leiden","edit-xhwikibooks.graphml"
"0.38","0.08","0.54","0.415252878802212","1,1,1,1,2,3,2,3,3,3,2,2,3,3,3,3,3,2,4,2,5,1,3,3,3,3,3,3,1,3,2,4,2,2,4,4,3,3,5,5,5,5,1,1,1,1,5,1,1,1,5,5,5,5,5,1,1,1,1,5,3,5,5,3,3,5,5,5,5,5,1,5,3,3,5,5,5,5,5,5,5,3,3,3,3,1,5,5,5,5,3,2,4,5,5,5,3,5,5,5,5,5,5,5,5,5,5,2,2,5,5,5,5,4,4,4,4,4,4,4,4,3,3,3,3,3,3,3,3","0.00159406661987305","leiden","edit-xhwikibooks.graphml"
"0.37","0.09","0.54","0.41017311126068","1,1,1,1,2,3,2,3,3,3,2,2,3,3,3,3,3,2,4,2,5,1,3,3,3,3,3,3,1,3,2,4,2,2,4,4,3,3,5,5,5,5,1,1,1,1,5,1,1,1,5,5,5,5,5,1,1,1,1,5,3,5,5,3,3,5,5,5,5,5,1,5,3,3,5,5,5,5,5,5,5,3,3,3,3,1,5,5,5,5,3,2,4,5,5,5,3,5,5,5,5,5,5,5,5,5,5,2,2,5,5,5,5,4,4,4,4,4,4,4,4,3,3,3,3,3,3,3,3","0.00155186653137207","leiden","edit-xhwikibooks.graphml"
"0.36","0.1","0.54","0.410757623161814","1,1,1,1,2,3,2,3,3,3,2,2,3,3,3,3,3,2,4,2,5,1,3,3,3,3,3,3,1,3,2,4,2,2,4,4,3,3,5,5,5,5,1,1,1,1,5,1,1,1,5,5,5,5,5,1,1,1,1,5,3,5,5,3,3,5,5,5,5,5,1,5,3,3,5,5,5,5,5,5,5,3,3,3,3,1,5,5,5,5,3,2,4,5,5,5,3,5,5,5,5,5,5,5,5,5,5,2,2,5,5,5,5,4,4,4,4,4,4,4,4,3,3,3,3,3,3,3,3","0.00164914131164551","leiden","edit-xhwikibooks.graphml"
"0.35","0.11","0.54","0.410571537775336","1,1,1,1,2,3,2,3,3,3,2,2,3,3,3,3,3,2,4,2,5,1,3,3,3,3,3,3,1,3,2,4,2,2,4,4,3,3,5,5,5,5,1,1,1,1,5,1,1,1,5,5,5,5,5,1,1,1,1,5,3,5,5,3,3,5,5,5,5,5,1,5,3,3,5,5,5,5,5,5,5,3,3,3,3,1,5,5,5,5,3,2,4,5,5,5,3,5,5,5,5,5,5,5,5,5,5,2,2,5,5,5,5,4,4,4,4,4,4,4,4,3,3,3,3,3,3,3,3","0.00152301788330078","leiden","edit-xhwikibooks.graphml"
"0.34","0.12","0.54","0.411710207612457","1,1,1,1,2,3,2,3,3,3,2,2,3,3,3,3,3,2,4,2,5,1,3,3,3,3,3,3,1,3,2,4,2,2,4,4,3,3,5,5,5,5,1,1,1,1,5,1,1,1,5,5,5,5,5,1,1,1,1,5,3,5,5,3,3,5,5,5,5,5,1,5,3,3,5,5,5,5,5,5,5,3,3,3,3,1,5,5,5,5,3,2,4,5,5,5,3,5,5,5,5,5,5,5,5,5,5,2,2,5,5,5,5,4,4,4,4,4,4,4,4,3,3,3,3,3,3,3,3","0.0019230842590332","leiden","edit-xhwikibooks.graphml"
"0.33","0.13","0.54","0.411524189008022","1,1,1,1,2,3,2,3,3,3,2,2,3,3,3,3,3,2,4,2,5,1,3,3,3,3,3,3,1,3,2,4,2,2,4,4,3,3,5,5,5,5,1,1,1,1,5,1,1,1,5,5,5,5,5,1,1,1,1,5,3,5,5,3,3,5,5,5,5,5,1,5,3,3,5,5,5,5,5,5,5,3,3,3,3,1,5,5,5,5,3,2,4,5,5,5,3,5,5,5,5,5,5,5,5,5,5,2,2,5,5,5,5,4,4,4,4,4,4,4,4,3,3,3,3,3,3,3,3","0.00163888931274414","leiden","edit-xhwikibooks.graphml"
"0.32","0.14","0.54","0.411524189008022","1,1,1,1,2,3,2,3,3,3,2,2,3,3,3,3,3,2,4,2,5,1,3,3,3,3,3,3,1,3,2,4,2,2,4,4,3,3,5,5,5,5,1,1,1,1,5,1,1,1,5,5,5,5,5,1,1,1,1,5,3,5,5,3,3,5,5,5,5,5,1,5,3,3,5,5,5,5,5,5,5,3,3,3,3,1,5,5,5,5,3,2,4,5,5,5,3,5,5,5,5,5,5,5,5,5,5,2,2,5,5,5,5,4,4,4,4,4,4,4,4,3,3,3,3,3,3,3,3","0.00156092643737793","leiden","edit-xhwikibooks.graphml"
"0.31","0.15","0.54","0.4122423557385","1,1,1,1,1,2,3,2,2,2,3,3,2,2,2,2,2,3,3,3,4,1,2,2,2,2,2,2,1,2,3,3,3,3,3,3,2,2,4,4,4,4,1,1,1,1,4,1,1,1,4,4,4,4,4,1,1,1,1,4,2,4,4,2,2,4,4,4,4,4,1,4,2,2,4,4,4,4,4,4,4,2,2,2,2,1,4,4,4,4,2,3,3,4,4,4,2,4,4,4,4,4,4,4,4,4,4,3,3,4,4,4,4,3,3,3,3,3,3,3,3,2,2,2,2,2,2,2,2","0.0015718936920166","leiden","edit-xhwikibooks.graphml"
"0.3","0.16","0.54","0.413627889429625","1,1,1,1,2,3,2,3,3,3,2,2,3,3,3,3,3,2,4,2,5,1,3,3,3,3,3,3,1,3,2,4,2,2,4,4,3,3,5,5,5,5,1,1,1,1,5,1,1,1,5,5,5,5,5,1,1,1,1,5,3,5,5,3,3,5,5,5,5,5,1,5,3,3,5,5,5,5,5,5,5,3,3,3,3,1,5,5,5,5,3,2,4,5,5,5,3,5,5,5,5,5,5,5,5,5,5,2,2,5,5,5,5,4,4,4,4,4,4,4,4,3,3,3,3,3,3,3,3","0.00222110748291016","leiden","edit-xhwikibooks.graphml"
"0.29","0.17","0.54","0.412683069461047","1,1,1,1,2,3,2,3,3,3,2,2,3,3,3,3,3,2,4,2,5,1,3,3,3,3,3,3,1,3,2,4,2,2,4,4,3,3,5,5,5,5,1,1,1,1,5,1,1,1,5,5,5,5,5,1,1,1,1,5,3,5,5,3,3,5,5,5,5,5,1,5,3,3,5,5,5,5,5,5,5,3,3,3,3,1,5,5,5,5,3,2,4,5,5,5,3,5,5,5,5,5,5,5,5,5,5,2,2,5,5,5,5,4,4,4,4,4,4,4,4,3,3,3,3,3,3,3,3","0.00161004066467285","leiden","edit-xhwikibooks.graphml"
"0.28","0.18","0.54","0.412683069461047","1,1,1,1,2,3,2,3,3,3,2,2,3,3,3,3,3,2,4,2,5,1,3,3,3,3,3,3,1,3,2,4,2,2,4,4,3,3,5,5,5,5,1,1,1,1,5,1,1,1,5,5,5,5,5,1,1,1,1,5,3,5,5,3,3,5,5,5,5,5,1,5,3,3,5,5,5,5,5,5,5,3,3,3,3,1,5,5,5,5,3,2,4,5,5,5,3,5,5,5,5,5,5,5,5,5,5,2,2,5,5,5,5,4,4,4,4,4,4,4,4,3,3,3,3,3,3,3,3","0.000905990600585938","leiden","edit-xhwikibooks.graphml"
"0.27","0.19","0.54","0.412497302809613","1,1,1,1,2,3,2,3,3,3,2,2,3,3,3,3,3,2,4,2,5,1,3,3,3,3,3,3,1,3,2,4,2,2,4,4,3,3,5,5,5,5,1,1,1,1,5,1,1,1,5,5,5,5,5,1,1,1,1,5,3,5,5,3,3,5,5,5,5,5,1,5,3,3,5,5,5,5,5,5,5,3,3,3,3,1,5,5,5,5,3,2,4,5,5,5,3,5,5,5,5,5,5,5,5,5,5,2,2,5,5,5,5,4,4,4,4,4,4,4,4,3,3,3,3,3,3,3,3","0.000897884368896484","leiden","edit-xhwikibooks.graphml"
"0.26","0.2","0.54","0.413589239780836","1,1,1,1,2,3,2,3,3,3,2,2,3,3,3,3,3,2,4,2,5,1,3,3,3,3,3,3,1,3,2,4,2,2,4,4,3,3,5,5,5,5,1,1,1,1,5,1,1,1,5,5,5,5,5,1,1,1,1,5,3,5,5,3,3,5,5,5,5,5,1,5,3,3,5,5,5,5,5,5,5,3,3,3,3,1,5,5,5,5,3,2,4,5,5,5,3,5,5,5,5,5,5,5,5,5,5,2,2,5,5,5,5,4,4,4,4,4,4,4,4,3,3,3,3,3,3,3,3","0.000909805297851562","leiden","edit-xhwikibooks.graphml"
"0.25","0.21","0.54","0.413403586355374","1,1,1,1,2,3,2,3,3,3,2,2,3,3,3,3,3,2,4,2,5,1,3,3,3,3,3,3,1,3,2,4,2,2,4,4,3,3,5,5,5,5,1,1,1,1,5,1,1,1,5,5,5,5,5,1,1,1,1,5,3,5,5,3,3,5,5,5,5,5,1,5,3,3,5,5,5,5,5,5,5,3,3,3,3,1,5,5,5,5,3,2,4,5,5,5,3,5,5,5,5,5,5,5,5,5,5,2,2,5,5,5,5,4,4,4,4,4,4,4,4,3,3,3,3,3,3,3,3","0.000900983810424805","leiden","edit-xhwikibooks.graphml"
"0.24","0.22","0.54","0.413403586355374","1,1,1,1,2,3,2,3,3,3,2,2,3,3,3,3,3,2,4,2,5,1,3,3,3,3,3,3,1,3,2,4,2,2,4,4,3,3,5,5,5,5,1,1,1,1,5,1,1,1,5,5,5,5,5,1,1,1,1,5,3,5,5,3,3,5,5,5,5,5,1,5,3,3,5,5,5,5,5,5,5,3,3,3,3,1,5,5,5,5,3,2,4,5,5,5,3,5,5,5,5,5,5,5,5,5,5,2,2,5,5,5,5,4,4,4,4,4,4,4,4,3,3,3,3,3,3,3,3","0.000903844833374023","leiden","edit-xhwikibooks.graphml"
"0.23","0.23","0.54","0.414340567407634","1,1,1,1,2,3,2,3,3,3,2,2,3,3,3,3,3,2,4,2,5,1,3,3,3,3,3,3,1,3,2,4,2,2,4,4,3,3,5,5,5,5,1,1,1,1,5,1,1,1,5,5,5,5,5,1,1,1,1,5,3,5,5,3,3,5,5,5,5,5,1,5,3,3,5,5,5,5,5,5,5,3,3,3,3,1,5,5,5,5,3,2,4,5,5,5,3,5,5,5,5,5,5,5,5,5,5,2,2,5,5,5,5,4,4,4,4,4,4,4,4,3,3,3,3,3,3,3,3","0.000898122787475586","leiden","edit-xhwikibooks.graphml"
"0.22","0.24","0.54","0.414914075223668","1,1,1,1,2,3,2,3,3,3,2,2,3,3,3,3,3,2,4,2,5,1,3,3,3,3,3,3,1,3,2,4,2,2,4,4,3,3,5,5,5,5,1,1,1,1,5,1,1,1,5,5,5,5,5,1,1,1,1,5,3,5,5,3,3,5,5,5,5,5,1,5,3,3,5,5,5,5,5,5,5,3,3,3,3,1,5,5,5,5,3,2,4,5,5,5,3,5,5,5,5,5,5,5,5,5,5,2,2,5,5,5,5,4,4,4,4,4,4,4,4,3,3,3,3,3,3,3,3","0.00088191032409668","leiden","edit-xhwikibooks.graphml"
"0.21","0.25","0.54","0.414728592455024","1,1,1,1,2,3,2,3,3,3,2,2,3,3,3,3,3,2,4,2,5,1,3,3,3,3,3,3,1,3,2,4,2,2,4,4,3,3,5,5,5,5,1,1,1,1,5,1,1,1,5,5,5,5,5,1,1,1,1,5,3,5,5,3,3,5,5,5,5,5,1,5,3,3,5,5,5,5,5,5,5,3,3,3,3,1,5,5,5,5,3,2,4,5,5,5,3,5,5,5,5,5,5,5,5,5,5,2,2,5,5,5,5,4,4,4,4,4,4,4,4,3,3,3,3,3,3,3,3","0.000938177108764648","leiden","edit-xhwikibooks.graphml"
"0.2","0.26","0.54","0.414569970140881","1,1,1,1,1,2,3,2,2,2,3,3,2,2,2,2,2,3,4,3,5,1,2,2,2,2,2,2,1,2,3,4,3,3,4,4,2,2,5,5,5,5,1,1,1,1,5,1,1,1,5,5,5,5,5,1,1,1,1,5,2,5,5,2,2,5,5,5,5,5,1,5,2,2,5,5,5,5,5,5,5,2,2,2,2,1,5,5,5,5,2,3,4,5,5,5,2,5,5,5,5,5,5,5,5,5,5,3,3,5,5,5,5,4,4,4,4,4,4,4,4,2,2,2,2,2,2,2,2","0.000900030136108398","leiden","edit-xhwikibooks.graphml"
"0.19","0.27","0.54","0.414728592455024","1,1,1,1,2,3,2,3,3,3,2,2,3,3,3,3,3,2,4,2,5,1,3,3,3,3,3,3,1,3,2,4,2,2,4,4,3,3,5,5,5,5,1,1,1,1,5,1,1,1,5,5,5,5,5,1,1,1,1,5,3,5,5,3,3,5,5,5,5,5,1,5,3,3,5,5,5,5,5,5,5,3,3,3,3,1,5,5,5,5,3,2,4,5,5,5,3,5,5,5,5,5,5,5,5,5,5,2,2,5,5,5,5,4,4,4,4,4,4,4,4,3,3,3,3,3,3,3,3","0.000921010971069336","leiden","edit-xhwikibooks.graphml"
"0.18","0.28","0.54","0.414543260036209","1,1,1,1,2,3,2,3,3,3,2,2,3,3,3,3,3,2,4,2,5,1,3,3,3,3,3,3,1,3,2,4,2,2,4,4,3,3,5,5,5,5,1,1,1,1,5,1,1,1,5,5,5,5,5,1,1,1,1,5,3,5,5,3,3,5,5,5,5,5,1,5,3,3,5,5,5,5,5,5,5,3,3,3,3,1,5,5,5,5,3,2,4,5,5,5,3,5,5,5,5,5,5,5,5,5,5,2,2,5,5,5,5,4,4,4,4,4,4,4,4,3,3,3,3,3,3,3,3","0.00108504295349121","leiden","edit-xhwikibooks.graphml"
"0.17","0.29","0.54","0.41565875385716","1,1,1,1,2,3,2,3,3,3,2,2,3,3,3,3,3,2,4,2,5,1,3,3,3,3,3,3,1,3,2,4,2,2,4,4,3,3,5,5,5,5,1,1,1,1,5,1,1,1,5,5,5,5,5,1,1,1,1,5,3,5,5,3,3,5,5,5,5,5,1,5,3,3,5,5,5,5,5,5,5,3,3,3,3,1,5,5,5,5,3,2,4,5,5,5,3,5,5,5,5,5,5,5,5,5,5,2,2,5,5,5,5,4,4,4,4,4,4,4,4,3,3,3,3,3,3,3,3","0.000874042510986328","leiden","edit-xhwikibooks.graphml"
"0.16","0.3","0.54","0.416043392789279","1,1,1,1,2,3,2,3,3,3,2,2,3,3,3,3,3,2,4,2,5,1,3,3,3,3,3,3,1,3,2,4,2,2,4,4,3,3,5,5,5,5,1,1,1,1,5,1,1,1,5,5,5,5,5,1,1,1,1,5,3,5,5,3,3,5,5,5,5,5,1,5,3,3,5,5,5,5,5,5,5,3,3,3,3,1,5,5,5,5,3,2,4,5,5,5,3,5,5,5,5,5,5,5,5,5,5,2,2,5,5,5,5,4,4,4,4,4,4,4,4,3,3,3,3,3,3,3,3","0.000809907913208008","leiden","edit-xhwikibooks.graphml"
"0.15","0.31","0.54","0.416611681990265","1,1,1,1,2,3,2,3,3,3,2,2,3,3,3,3,3,2,4,2,5,1,3,3,3,3,3,3,1,3,2,4,2,2,4,4,3,3,5,5,5,5,1,1,1,1,5,1,1,1,5,5,5,5,5,1,1,1,1,5,3,5,5,3,3,5,5,5,5,5,1,5,3,3,5,5,5,5,5,5,5,3,3,3,3,1,5,5,5,5,3,2,4,5,5,5,3,5,5,5,5,5,5,5,5,5,5,2,2,5,5,5,5,4,4,4,4,4,4,4,4,3,3,3,3,3,3,3,3","0.000837087631225586","leiden","edit-xhwikibooks.graphml"
"0.14","0.32","0.54","0.416266436989697","1,1,1,1,1,2,3,2,2,2,3,3,2,2,2,2,2,3,4,3,5,1,2,2,2,2,2,2,1,2,3,4,3,3,4,4,2,2,5,5,5,5,1,1,1,1,5,1,1,1,5,5,5,5,5,1,1,1,1,5,2,5,5,2,2,5,5,5,5,5,1,5,2,2,5,5,5,5,5,5,5,2,2,2,2,1,5,5,5,5,2,3,4,5,5,5,2,5,5,5,5,5,5,5,5,5,5,3,3,5,5,5,5,4,4,4,4,4,4,4,4,2,2,2,2,2,2,2,2","0.000820159912109375","leiden","edit-xhwikibooks.graphml"
"0.13","0.33","0.54","0.409260869088296","1,1,1,1,2,3,2,3,3,3,2,2,3,3,3,3,3,2,4,2,5,1,3,3,3,3,3,3,1,3,2,4,2,2,4,4,3,3,5,5,5,5,1,1,1,1,5,1,1,1,5,5,5,5,5,1,1,1,1,5,3,5,5,3,3,5,5,5,5,5,1,5,3,3,5,5,5,5,5,5,5,3,3,3,3,1,5,5,5,5,3,2,4,5,5,5,3,5,5,5,5,5,5,5,5,5,5,2,2,5,5,5,5,4,4,4,4,4,4,4,4,3,3,3,3,3,3,3,3","0.000842809677124023","leiden","edit-xhwikibooks.graphml"
"0.12","0.34","0.54","0.416705937119892","1,1,1,1,2,3,2,3,3,3,4,2,3,3,3,3,3,4,4,2,5,1,3,3,3,3,3,3,1,3,4,4,2,2,4,4,3,3,5,5,5,5,1,1,1,1,5,1,1,1,5,5,5,5,5,1,1,1,1,5,3,5,5,3,3,5,5,5,5,5,1,5,3,3,5,5,5,5,5,5,5,3,3,3,3,1,5,5,5,5,3,4,4,5,5,5,3,5,5,5,5,5,5,5,5,5,5,2,2,5,5,5,5,4,4,4,4,4,4,4,4,3,3,3,3,3,3,3,3","0.000777006149291992","leiden","edit-xhwikibooks.graphml"
"0.11","0.35","0.54","0.4172388250999","1,1,1,1,2,3,2,3,3,3,2,2,3,3,3,3,3,2,4,2,5,1,3,3,3,3,3,3,1,3,2,4,2,2,4,4,3,3,5,5,5,5,1,1,1,1,5,1,1,1,5,5,5,5,5,1,1,1,1,5,3,5,5,3,3,5,5,5,5,5,1,5,3,3,5,5,5,5,5,5,5,3,3,3,3,1,5,5,5,5,3,2,4,5,5,5,3,5,5,5,5,5,5,5,5,5,5,2,2,5,5,5,5,4,4,4,4,4,4,4,4,3,3,3,3,3,3,3,3","0.000810861587524414","leiden","edit-xhwikibooks.graphml"
"0.1","0.36","0.54","0.417053364269142","1,1,1,1,2,3,2,3,3,3,2,2,3,3,3,3,3,2,4,2,5,1,3,3,3,3,3,3,1,3,2,4,2,2,4,4,3,3,5,5,5,5,1,1,1,1,5,1,1,1,5,5,5,5,5,1,1,1,1,5,3,5,5,3,3,5,5,5,5,5,1,5,3,3,5,5,5,5,5,5,5,3,3,3,3,1,5,5,5,5,3,2,4,5,5,5,3,5,5,5,5,5,5,5,5,5,5,2,2,5,5,5,5,4,4,4,4,4,4,4,4,3,3,3,3,3,3,3,3","0.000795125961303711","leiden","edit-xhwikibooks.graphml"
"0.09","0.37","0.54","0.417053364269142","1,1,1,1,2,3,2,3,3,3,2,2,3,3,3,3,3,2,4,2,5,1,3,3,3,3,3,3,1,3,2,4,2,2,4,4,3,3,5,5,5,5,1,1,1,1,5,1,1,1,5,5,5,5,5,1,1,1,1,5,3,5,5,3,3,5,5,5,5,5,1,5,3,3,5,5,5,5,5,5,5,3,3,3,3,1,5,5,5,5,3,2,4,5,5,5,3,5,5,5,5,5,5,5,5,5,5,2,2,5,5,5,5,4,4,4,4,4,4,4,4,3,3,3,3,3,3,3,3","0.00101590156555176","leiden","edit-xhwikibooks.graphml"
"0.08","0.38","0.54","0.416868052930057","1,1,1,1,2,3,2,3,3,3,2,2,3,3,3,3,3,2,4,2,5,1,3,3,3,3,3,3,1,3,2,4,2,2,4,4,3,3,5,5,5,5,1,1,1,1,5,1,1,1,5,5,5,5,5,1,1,1,1,5,3,5,5,3,3,5,5,5,5,5,1,5,3,3,5,5,5,5,5,5,5,3,3,3,3,1,5,5,5,5,3,2,4,5,5,5,3,5,5,5,5,5,5,5,5,5,5,2,2,5,5,5,5,4,4,4,4,4,4,4,4,3,3,3,3,3,3,3,3","0.000884056091308594","leiden","edit-xhwikibooks.graphml"
"0.07","0.39","0.54","0.426116425736961","1,1,1,1,2,3,2,3,3,3,2,2,3,3,3,3,3,2,4,2,5,1,3,3,3,3,3,3,1,3,2,4,2,2,4,4,3,3,5,5,5,5,1,1,1,1,5,1,1,1,5,5,5,5,5,1,1,1,1,5,3,5,5,3,3,5,5,5,5,5,1,5,3,3,5,5,5,5,5,5,5,3,3,3,3,1,5,5,5,5,3,2,4,5,5,5,3,5,5,5,5,5,5,5,5,5,5,2,2,5,5,5,5,4,4,4,4,4,4,4,4,3,3,3,3,3,3,3,3","0.000833988189697266","leiden","edit-xhwikibooks.graphml"
"0.06","0.4","0.54","0.426996186039911","1,1,1,1,2,3,2,3,3,3,2,2,3,3,3,3,3,2,4,2,5,1,3,3,3,3,3,3,1,3,2,4,2,2,4,4,3,3,5,5,5,5,1,1,1,1,5,1,1,1,5,5,5,5,5,1,1,1,1,5,3,5,5,3,3,5,5,5,5,5,1,5,3,3,5,5,5,5,5,5,5,3,3,3,3,1,5,5,5,5,3,2,4,5,5,5,3,5,5,5,5,5,5,5,5,5,5,2,2,5,5,5,5,4,4,4,4,4,4,4,4,3,3,3,3,3,3,3,3","0.00079798698425293","leiden","edit-xhwikibooks.graphml"
"0.05","0.41","0.54","0.425351828231292","1,1,1,1,2,3,2,3,3,3,2,2,3,3,3,3,3,2,4,2,5,1,3,3,3,3,3,3,1,3,2,4,2,2,4,4,3,3,5,5,5,5,1,1,1,1,5,1,1,1,5,5,5,5,5,1,1,1,1,5,3,5,5,3,3,5,5,5,5,5,1,5,3,3,5,5,5,5,5,5,5,3,3,3,3,1,5,5,5,5,3,2,4,5,5,5,3,5,5,5,5,5,5,5,5,5,5,2,2,5,5,5,5,4,4,4,4,4,4,4,4,3,3,3,3,3,3,3,3","0.000787973403930664","leiden","edit-xhwikibooks.graphml"
"0.04","0.42","0.54","0.42572612582552","1,1,1,1,2,3,2,3,3,3,2,2,3,3,3,3,3,2,4,2,5,1,3,3,3,3,3,3,1,3,2,4,2,2,4,4,3,3,5,5,5,5,1,1,1,1,5,1,1,1,5,5,5,5,5,1,1,1,1,5,3,5,5,3,3,5,5,5,5,5,1,5,3,3,5,5,5,5,5,5,5,3,3,3,3,1,5,5,5,5,3,2,4,5,5,5,3,5,5,5,5,5,5,5,5,5,5,2,2,5,5,5,5,4,4,4,4,4,4,4,4,3,3,3,3,3,3,3,3","0.000802040100097656","leiden","edit-xhwikibooks.graphml"
"0.03","0.43","0.54","0.426833379409956","1,1,1,1,2,3,2,3,3,3,2,2,3,3,3,3,3,2,4,2,5,1,3,3,3,3,3,3,1,3,2,4,2,2,4,4,3,3,5,5,5,5,1,1,1,1,5,1,1,1,5,5,5,5,5,1,1,1,1,5,3,5,5,3,3,5,5,5,5,5,1,5,3,3,5,5,5,5,5,5,5,3,3,3,3,1,5,5,5,5,3,2,4,5,5,5,3,5,5,5,5,5,5,5,5,5,5,2,2,5,5,5,5,4,4,4,4,4,4,4,4,3,3,3,3,3,3,3,3","0.000829935073852539","leiden","edit-xhwikibooks.graphml"
"0.02","0.44","0.54","0.426641425036762","1,1,1,1,2,3,2,3,3,3,2,2,3,3,3,3,3,2,4,2,5,1,3,3,3,3,3,3,1,3,2,4,2,2,4,4,3,3,5,5,5,5,1,1,1,1,5,1,1,1,5,5,5,5,5,1,1,1,1,5,3,5,5,3,3,5,5,5,5,5,1,5,3,3,5,5,5,5,5,5,5,3,3,3,3,1,5,5,5,5,3,2,4,5,5,5,3,5,5,5,5,5,5,5,5,5,5,2,2,5,5,5,5,4,4,4,4,4,4,4,4,3,3,3,3,3,3,3,3","0.000844001770019531","leiden","edit-xhwikibooks.graphml"
"0.01","0.45","0.54","0.427743591022952","1,1,1,1,2,3,2,3,3,3,2,2,3,3,3,3,3,2,4,2,5,1,3,3,3,3,3,3,1,3,2,4,2,2,4,4,3,3,5,5,5,5,1,1,1,1,5,1,1,1,5,5,5,5,5,1,1,1,1,5,3,5,5,3,3,5,5,5,5,5,1,5,3,3,5,5,5,5,5,5,5,3,3,3,3,1,5,5,5,5,3,2,4,5,5,5,3,5,5,5,5,5,5,5,5,5,5,2,2,5,5,5,5,4,4,4,4,4,4,4,4,3,3,3,3,3,3,3,3","0.000828981399536133","leiden","edit-xhwikibooks.graphml"
"0","0.46","0.54","0.429709974678257","1,1,1,1,1,2,3,2,2,2,3,3,2,2,2,2,2,3,4,3,5,1,2,2,2,2,2,2,1,2,3,4,3,3,4,4,2,2,5,5,5,5,1,1,1,1,5,1,1,1,5,5,5,5,5,1,1,1,1,5,2,5,5,2,2,5,5,5,5,5,1,5,2,2,5,5,5,5,5,5,5,2,2,2,2,1,5,5,5,5,2,3,4,5,5,5,2,5,5,5,5,5,5,5,5,5,5,3,3,5,5,5,5,4,4,4,4,4,4,4,4,2,2,2,2,2,2,2,2","0.000795125961303711","leiden","edit-xhwikibooks.graphml"
"0.45","0","0.55","0.415198152923803","1,1,1,1,2,3,2,3,3,3,2,2,3,3,3,3,3,2,4,2,5,1,3,3,3,3,3,3,1,3,2,4,2,2,4,4,3,3,5,5,5,5,1,1,1,1,5,1,1,1,5,5,5,5,5,1,1,1,1,5,3,5,5,3,3,5,5,5,5,5,1,5,3,3,5,5,5,5,5,5,5,3,3,3,3,1,5,5,5,5,3,2,4,5,5,5,3,5,5,5,5,5,5,5,5,5,5,2,2,5,5,5,5,4,4,4,4,4,4,4,4,3,3,3,3,3,3,3,3","0.000805139541625977","leiden","edit-xhwikibooks.graphml"
"0.44","0.01","0.55","0.415198152923803","1,1,1,1,2,3,2,3,3,3,2,2,3,3,3,3,3,2,4,2,5,1,3,3,3,3,3,3,1,3,2,4,2,2,4,4,3,3,5,5,5,5,1,1,1,1,5,1,1,1,5,5,5,5,5,1,1,1,1,5,3,5,5,3,3,5,5,5,5,5,1,5,3,3,5,5,5,5,5,5,5,3,3,3,3,1,5,5,5,5,3,2,4,5,5,5,3,5,5,5,5,5,5,5,5,5,5,2,2,5,5,5,5,4,4,4,4,4,4,4,4,3,3,3,3,3,3,3,3","0.000804901123046875","leiden","edit-xhwikibooks.graphml"
"0.43","0.02","0.55","0.415198152923803","1,1,1,1,2,3,2,3,3,3,2,2,3,3,3,3,3,2,4,2,5,1,3,3,3,3,3,3,1,3,2,4,2,2,4,4,3,3,5,5,5,5,1,1,1,1,5,1,1,1,5,5,5,5,5,1,1,1,1,5,3,5,5,3,3,5,5,5,5,5,1,5,3,3,5,5,5,5,5,5,5,3,3,3,3,1,5,5,5,5,3,2,4,5,5,5,3,5,5,5,5,5,5,5,5,5,5,2,2,5,5,5,5,4,4,4,4,4,4,4,4,3,3,3,3,3,3,3,3","0.000839948654174805","leiden","edit-xhwikibooks.graphml"
"0.42","0.03","0.55","0.41486605722345","1,1,1,1,1,2,3,2,2,2,3,3,2,2,2,2,2,3,4,3,5,1,2,2,2,2,2,2,1,2,3,4,3,3,4,4,2,2,5,5,5,5,1,1,1,1,5,1,1,1,5,5,5,5,5,1,1,1,1,5,2,5,5,2,2,5,5,5,5,5,1,5,2,2,5,5,5,5,5,5,5,2,2,2,2,1,5,5,5,5,2,3,4,5,5,5,2,5,5,5,5,5,5,5,5,5,5,3,3,5,5,5,5,4,4,4,4,4,4,4,4,2,2,2,2,2,2,2,2","0.000953912734985352","leiden","edit-xhwikibooks.graphml"
"0.41","0.04","0.55","0.415011910802281","1,1,1,1,2,3,2,3,3,3,2,2,3,3,3,3,3,2,4,2,5,1,3,3,3,3,3,3,1,3,2,4,2,2,4,4,3,3,5,5,5,5,1,1,1,1,5,1,1,1,5,5,5,5,5,1,1,1,1,5,3,5,5,3,3,5,5,5,5,5,1,5,3,3,5,5,5,5,5,5,5,3,3,3,3,1,5,5,5,5,3,2,4,5,5,5,3,5,5,5,5,5,5,5,5,5,5,2,2,5,5,5,5,4,4,4,4,4,4,4,4,3,3,3,3,3,3,3,3","0.000932931900024414","leiden","edit-xhwikibooks.graphml"
"0.4","0.05","0.55","0.414825819911518","1,1,1,1,2,3,2,3,3,3,2,2,3,3,3,3,3,2,4,2,5,1,3,3,3,3,3,3,1,3,2,4,2,2,4,4,3,3,5,5,5,5,1,1,1,1,5,1,1,1,5,5,5,5,5,1,1,1,1,5,3,5,5,3,3,5,5,5,5,5,1,5,3,3,5,5,5,5,5,5,5,3,3,3,3,1,5,5,5,5,3,2,4,5,5,5,3,5,5,5,5,5,5,5,5,5,5,2,2,5,5,5,5,4,4,4,4,4,4,4,4,3,3,3,3,3,3,3,3","0.000787019729614258","leiden","edit-xhwikibooks.graphml"
"0.39","0.06","0.55","0.414675528720051","1,1,1,1,2,3,2,3,3,3,2,2,3,3,3,3,3,2,4,2,5,1,3,3,3,3,3,3,1,3,2,4,2,2,4,4,3,3,5,5,5,5,1,1,1,1,5,1,1,1,5,5,5,5,5,1,1,1,1,5,3,5,5,3,3,5,5,5,5,5,1,5,3,3,5,5,5,5,5,5,5,3,3,3,3,1,5,5,5,5,3,2,4,5,5,5,3,5,5,5,5,5,5,5,5,5,5,2,2,5,5,5,5,4,4,4,4,4,4,4,4,3,3,3,3,3,3,3,3","0.000800132751464844","leiden","edit-xhwikibooks.graphml"
"0.38","0.07","0.55","0.414489211479089","1,1,1,1,2,3,2,3,3,3,2,2,3,3,3,3,3,2,4,2,5,1,3,3,3,3,3,3,1,3,2,4,2,2,4,4,3,3,5,5,5,5,1,1,1,1,5,1,1,1,5,5,5,5,5,1,1,1,1,5,3,5,5,3,3,5,5,5,5,5,1,5,3,3,5,5,5,5,5,5,5,3,3,3,3,1,5,5,5,5,3,2,4,5,5,5,3,5,5,5,5,5,5,5,5,5,5,2,2,5,5,5,5,4,4,4,4,4,4,4,4,3,3,3,3,3,3,3,3","0.000781059265136719","leiden","edit-xhwikibooks.graphml"
"0.37","0.08","0.55","0.41506650549952","1,1,1,1,2,3,2,3,3,3,2,2,3,3,3,3,3,2,4,2,5,1,3,3,3,3,3,3,1,3,2,4,2,2,4,4,3,3,5,5,5,5,1,1,1,1,5,1,1,1,5,5,5,5,5,1,1,1,1,5,3,5,5,3,3,5,5,5,5,5,1,5,3,3,5,5,5,5,5,5,5,3,3,3,3,1,5,5,5,5,3,2,4,5,5,5,3,5,5,5,5,5,5,5,5,5,5,2,2,5,5,5,5,4,4,4,4,4,4,4,4,3,3,3,3,3,3,3,3","0.000814914703369141","leiden","edit-xhwikibooks.graphml"
"0.36","0.09","0.55","0.415455886063106","1,1,1,1,2,3,2,3,3,3,2,2,3,3,3,3,3,2,4,2,5,1,3,3,3,3,3,3,1,3,2,4,2,2,4,4,3,3,5,5,5,5,1,1,1,1,5,1,1,1,5,5,5,5,5,1,1,1,1,5,3,5,5,3,3,5,5,5,5,5,1,5,3,3,5,5,5,5,5,5,5,3,3,3,3,1,5,5,5,5,3,2,4,5,5,5,3,5,5,5,5,5,5,5,5,5,5,2,2,5,5,5,5,4,4,4,4,4,4,4,4,3,3,3,3,3,3,3,3","0.00082087516784668","leiden","edit-xhwikibooks.graphml"
"0.35","0.1","0.55","0.415455886063106","1,1,1,1,2,3,2,3,3,3,2,2,3,3,3,3,3,2,4,2,5,1,3,3,3,3,3,3,1,3,2,4,2,2,4,4,3,3,5,5,5,5,1,1,1,1,5,1,1,1,5,5,5,5,5,1,1,1,1,5,3,5,5,3,3,5,5,5,5,5,1,5,3,3,5,5,5,5,5,5,5,3,3,3,3,1,5,5,5,5,3,2,4,5,5,5,3,5,5,5,5,5,5,5,5,5,5,2,2,5,5,5,5,4,4,4,4,4,4,4,4,3,3,3,3,3,3,3,3","0.00084996223449707","leiden","edit-xhwikibooks.graphml"
"0.34","0.11","0.55","0.410385605769554","1,1,1,1,2,3,2,3,3,3,2,2,3,3,3,3,3,2,4,2,5,1,3,3,3,3,3,3,1,3,2,4,2,2,4,4,3,3,5,5,5,5,1,1,1,1,5,1,1,1,5,5,5,5,5,1,1,1,1,5,3,5,5,3,3,5,5,5,5,5,1,5,3,3,5,5,5,5,5,5,5,3,3,3,3,1,5,5,5,5,3,2,4,5,5,5,3,5,5,5,5,5,5,5,5,5,5,2,2,5,5,5,5,4,4,4,4,4,4,4,4,3,3,3,3,3,3,3,3","0.000828027725219727","leiden","edit-xhwikibooks.graphml"
"0.33","0.12","0.55","0.411524189008022","1,1,1,1,2,3,2,3,3,3,2,2,3,3,3,3,3,2,4,2,5,1,3,3,3,3,3,3,1,3,2,4,2,2,4,4,3,3,5,5,5,5,1,1,1,1,5,1,1,1,5,5,5,5,5,1,1,1,1,5,3,5,5,3,3,5,5,5,5,5,1,5,3,3,5,5,5,5,5,5,5,3,3,3,3,1,5,5,5,5,3,2,4,5,5,5,3,5,5,5,5,5,5,5,5,5,5,2,2,5,5,5,5,4,4,4,4,4,4,4,4,3,3,3,3,3,3,3,3","0.000839948654174805","leiden","edit-xhwikibooks.graphml"
"0.32","0.13","0.55","0.411338323200327","1,1,1,1,2,3,2,3,3,3,2,2,3,3,3,3,3,2,4,2,5,1,3,3,3,3,3,3,1,3,2,4,2,2,4,4,3,3,5,5,5,5,1,1,1,1,5,1,1,1,5,5,5,5,5,1,1,1,1,5,3,5,5,3,3,5,5,5,5,5,1,5,3,3,5,5,5,5,5,5,5,3,3,3,3,1,5,5,5,5,3,2,4,5,5,5,3,5,5,5,5,5,5,5,5,5,5,2,2,5,5,5,5,4,4,4,4,4,4,4,4,3,3,3,3,3,3,3,3","0.000802993774414062","leiden","edit-xhwikibooks.graphml"
"0.31","0.14","0.55","0.411338323200327","1,1,1,1,2,3,2,3,3,3,2,2,3,3,3,3,3,2,4,2,5,1,3,3,3,3,3,3,1,3,2,4,2,2,4,4,3,3,5,5,5,5,1,1,1,1,5,1,1,1,5,5,5,5,5,1,1,1,1,5,3,5,5,3,3,5,5,5,5,5,1,5,3,3,5,5,5,5,5,5,5,3,3,3,3,1,5,5,5,5,3,2,4,5,5,5,3,5,5,5,5,5,5,5,5,5,5,2,2,5,5,5,5,4,4,4,4,4,4,4,4,3,3,3,3,3,3,3,3","0.000913858413696289","leiden","edit-xhwikibooks.graphml"
"0.3","0.15","0.55","0.412864773525341","1,1,1,1,2,3,2,3,3,3,2,2,3,3,3,3,3,2,4,2,5,1,3,3,3,3,3,3,1,3,2,4,2,2,4,4,3,3,5,5,5,5,1,1,1,1,5,1,1,1,5,5,5,5,5,1,1,1,1,5,3,5,5,3,3,5,5,5,5,5,1,5,3,3,5,5,5,5,5,5,5,3,3,3,3,1,5,5,5,5,3,2,4,5,5,5,3,5,5,5,5,5,5,5,5,5,5,2,2,5,5,5,5,4,4,4,4,4,4,4,4,3,3,3,3,3,3,3,3","0.000807046890258789","leiden","edit-xhwikibooks.graphml"
"0.29","0.16","0.55","0.413441980006514","1,1,1,1,2,3,2,3,3,3,2,2,3,3,3,3,3,2,4,2,5,1,3,3,3,3,3,3,1,3,2,4,2,2,4,4,3,3,5,5,5,5,1,1,1,1,5,1,1,1,5,5,5,5,5,1,1,1,1,5,3,5,5,3,3,5,5,5,5,5,1,5,3,3,5,5,5,5,5,5,5,3,3,3,3,1,5,5,5,5,3,2,4,5,5,5,3,5,5,5,5,5,5,5,5,5,5,2,2,5,5,5,5,4,4,4,4,4,4,4,4,3,3,3,3,3,3,3,3","0.000993967056274414","leiden","edit-xhwikibooks.graphml"
"0.28","0.17","0.55","0.413836533329042","1,1,1,1,2,3,2,3,3,3,2,2,3,3,3,3,3,2,4,2,5,1,3,3,3,3,3,3,1,3,2,4,2,2,4,4,3,3,5,5,5,5,1,1,1,1,5,1,1,1,5,5,5,5,5,1,1,1,1,5,3,5,5,3,3,5,5,5,5,5,1,5,3,3,5,5,5,5,5,5,5,3,3,3,3,1,5,5,5,5,3,2,4,5,5,5,3,5,5,5,5,5,5,5,5,5,5,2,2,5,5,5,5,4,4,4,4,4,4,4,4,3,3,3,3,3,3,3,3","0.000789165496826172","leiden","edit-xhwikibooks.graphml"
"0.27","0.18","0.55","0.413836533329042","1,1,1,1,2,3,2,3,3,3,2,2,3,3,3,3,3,2,4,2,5,1,3,3,3,3,3,3,1,3,2,4,2,2,4,4,3,3,5,5,5,5,1,1,1,1,5,1,1,1,5,5,5,5,5,1,1,1,1,5,3,5,5,3,3,5,5,5,5,5,1,5,3,3,5,5,5,5,5,5,5,3,3,3,3,1,5,5,5,5,3,2,4,5,5,5,3,5,5,5,5,5,5,5,5,5,5,2,2,5,5,5,5,4,4,4,4,4,4,4,4,3,3,3,3,3,3,3,3","0.000794172286987305","leiden","edit-xhwikibooks.graphml"
"0.26","0.19","0.55","0.413650866933415","1,1,1,1,2,3,2,3,3,3,2,2,3,3,3,3,3,2,4,2,5,1,3,3,3,3,3,3,1,3,2,4,2,2,4,4,3,3,5,5,5,5,1,1,1,1,5,1,1,1,5,5,5,5,5,1,1,1,1,5,3,5,5,3,3,5,5,5,5,5,1,5,3,3,5,5,5,5,5,5,5,3,3,3,3,1,5,5,5,5,3,2,4,5,5,5,3,5,5,5,5,5,5,5,5,5,5,2,2,5,5,5,5,4,4,4,4,4,4,4,4,3,3,3,3,3,3,3,3","0.000798940658569336","leiden","edit-xhwikibooks.graphml"
"0.25","0.2","0.55","0.414737538485894","1,1,1,1,2,3,2,3,3,3,2,2,3,3,3,3,3,2,4,2,5,1,3,3,3,3,3,3,1,3,2,4,2,2,4,4,3,3,5,5,5,5,1,1,1,1,5,1,1,1,5,5,5,5,5,1,1,1,1,5,3,5,5,3,3,5,5,5,5,5,1,5,3,3,5,5,5,5,5,5,5,3,3,3,3,1,5,5,5,5,3,2,4,5,5,5,3,5,5,5,5,5,5,5,5,5,5,2,2,5,5,5,5,4,4,4,4,4,4,4,4,3,3,3,3,3,3,3,3","0.000789165496826172","leiden","edit-xhwikibooks.graphml"
"0.24","0.21","0.55","0.413218084196847","1,1,1,1,2,3,2,3,3,3,2,2,3,3,3,3,3,2,4,2,5,1,3,3,3,3,3,3,1,3,2,4,2,2,4,4,3,3,5,5,5,5,1,1,1,1,5,1,1,1,5,5,5,5,5,1,1,1,1,5,3,5,5,3,3,5,5,5,5,5,1,5,3,3,5,5,5,5,5,5,5,3,3,3,3,1,5,5,5,5,3,2,4,5,5,5,3,5,5,5,5,5,5,5,5,5,5,2,2,5,5,5,5,4,4,4,4,4,4,4,4,3,3,3,3,3,3,3,3","0.000798940658569336","leiden","edit-xhwikibooks.graphml"
"0.23","0.22","0.55","0.412754351766356","1,1,1,1,2,3,2,3,3,3,4,2,3,3,3,3,3,4,4,2,5,1,3,3,3,3,3,3,1,3,4,4,2,2,4,4,3,3,5,5,5,5,1,1,1,1,5,1,1,1,5,5,5,5,5,1,1,1,1,5,3,5,5,3,3,5,5,5,5,5,1,5,3,3,5,5,5,5,5,5,5,3,3,3,3,1,5,5,5,5,3,4,4,5,5,5,3,5,5,5,5,5,5,5,5,5,5,2,2,5,5,5,5,4,4,4,4,4,4,4,4,3,3,3,3,3,3,3,3","0.000818967819213867","leiden","edit-xhwikibooks.graphml"
"0.22","0.23","0.55","0.413997694223187","1,1,1,1,1,2,3,2,2,2,3,3,2,2,2,2,2,3,4,3,5,1,2,2,2,2,2,2,1,2,3,4,3,3,4,4,2,2,5,5,5,5,1,1,1,1,5,1,1,1,5,5,5,5,5,1,1,1,1,5,2,5,5,2,2,5,5,5,5,5,1,5,2,2,5,5,5,5,5,5,5,2,2,2,2,1,5,5,5,5,2,3,4,5,5,5,2,5,5,5,5,5,5,5,5,5,5,3,3,5,5,5,5,4,4,4,4,4,4,4,4,2,2,2,2,2,2,2,2","0.000796079635620117","leiden","edit-xhwikibooks.graphml"
"0.21","0.24","0.55","0.414728592455024","1,1,1,1,2,3,2,3,3,3,2,2,3,3,3,3,3,2,4,2,5,1,3,3,3,3,3,3,1,3,2,4,2,2,4,4,3,3,5,5,5,5,1,1,1,1,5,1,1,1,5,5,5,5,5,1,1,1,1,5,3,5,5,3,3,5,5,5,5,5,1,5,3,3,5,5,5,5,5,5,5,3,3,3,3,1,5,5,5,5,3,2,4,5,5,5,3,5,5,5,5,5,5,5,5,5,5,2,2,5,5,5,5,4,4,4,4,4,4,4,4,3,3,3,3,3,3,3,3","0.000859975814819336","leiden","edit-xhwikibooks.graphml"
"0.2","0.25","0.55","0.416159245189943","1,1,1,1,2,3,2,3,3,3,2,2,3,3,3,3,3,2,4,2,5,1,3,3,3,3,3,3,1,3,2,4,2,2,4,4,3,3,5,5,5,5,1,1,1,1,5,1,1,1,5,5,5,5,5,1,1,1,1,5,3,5,5,3,3,5,5,5,5,5,1,5,3,3,5,5,5,5,5,5,5,3,3,3,3,1,5,5,5,5,3,2,4,5,5,5,3,5,5,5,5,5,5,5,5,5,5,2,2,5,5,5,5,4,4,4,4,4,4,4,4,3,3,3,3,3,3,3,3","0.000905036926269531","leiden","edit-xhwikibooks.graphml"
"0.19","0.26","0.55","0.416159245189943","1,1,1,1,2,3,2,3,3,3,2,2,3,3,3,3,3,2,4,2,5,1,3,3,3,3,3,3,1,3,2,4,2,2,4,4,3,3,5,5,5,5,1,1,1,1,5,1,1,1,5,5,5,5,5,1,1,1,1,5,3,5,5,3,3,5,5,5,5,5,1,5,3,3,5,5,5,5,5,5,5,3,3,3,3,1,5,5,5,5,3,2,4,5,5,5,3,5,5,5,5,5,5,5,5,5,5,2,2,5,5,5,5,4,4,4,4,4,4,4,4,3,3,3,3,3,3,3,3","0.000802993774414062","leiden","edit-xhwikibooks.graphml"
"0.18","0.27","0.55","0.416159245189943","1,1,1,1,2,3,2,3,3,3,2,2,3,3,3,3,3,2,4,2,5,1,3,3,3,3,3,3,1,3,2,4,2,2,4,4,3,3,5,5,5,5,1,1,1,1,5,1,1,1,5,5,5,5,5,1,1,1,1,5,3,5,5,3,3,5,5,5,5,5,1,5,3,3,5,5,5,5,5,5,5,3,3,3,3,1,5,5,5,5,3,2,4,5,5,5,3,5,5,5,5,5,5,5,5,5,5,2,2,5,5,5,5,4,4,4,4,4,4,4,4,3,3,3,3,3,3,3,3","0.000809907913208008","leiden","edit-xhwikibooks.graphml"
"0.17","0.28","0.55","0.415974017931201","1,1,1,1,2,3,2,3,3,3,2,2,3,3,3,3,3,2,4,2,5,1,3,3,3,3,3,3,1,3,2,4,2,2,4,4,3,3,5,5,5,5,1,1,1,1,5,1,1,1,5,5,5,5,5,1,1,1,1,5,3,5,5,3,3,5,5,5,5,5,1,5,3,3,5,5,5,5,5,5,5,3,3,3,3,1,5,5,5,5,3,2,4,5,5,5,3,5,5,5,5,5,5,5,5,5,5,2,2,5,5,5,5,4,4,4,4,4,4,4,4,3,3,3,3,3,3,3,3","0.000794887542724609","leiden","edit-xhwikibooks.graphml"
"0.16","0.29","0.55","0.41764937186455","1,1,1,1,2,3,2,3,3,3,2,2,3,3,3,3,3,2,4,2,5,1,3,3,3,3,3,3,1,3,2,4,2,2,4,4,3,3,5,5,5,5,1,1,1,1,5,1,1,1,5,5,5,5,5,1,1,1,1,5,3,5,5,3,3,5,5,5,5,5,1,5,3,3,5,5,5,5,5,5,5,3,3,3,3,1,5,5,5,5,3,2,4,5,5,5,3,5,5,5,5,5,5,5,5,5,5,2,2,5,5,5,5,4,4,4,4,4,4,4,4,3,3,3,3,3,3,3,3","0.000792026519775391","leiden","edit-xhwikibooks.graphml"
"0.15","0.3","0.55","0.417464174062368","1,1,1,1,2,3,2,3,3,3,2,2,3,3,3,3,3,2,4,2,5,1,3,3,3,3,3,3,1,3,2,4,2,2,4,4,3,3,5,5,5,5,1,1,1,1,5,1,1,1,5,5,5,5,5,1,1,1,1,5,3,5,5,3,3,5,5,5,5,5,1,5,3,3,5,5,5,5,5,5,5,3,3,3,3,1,5,5,5,5,3,2,4,5,5,5,3,5,5,5,5,5,5,5,5,5,5,2,2,5,5,5,5,4,4,4,4,4,4,4,4,3,3,3,3,3,3,3,3","0.000808000564575195","leiden","edit-xhwikibooks.graphml"
"0.14","0.31","0.55","0.416426472589177","1,1,1,1,2,3,2,3,3,3,2,2,3,3,3,3,3,2,4,2,5,1,3,3,3,3,3,3,1,3,2,4,2,2,4,4,3,3,5,5,5,5,1,1,1,1,5,1,1,1,5,5,5,5,5,1,1,1,1,5,3,5,5,3,3,5,5,5,5,5,1,5,3,3,5,5,5,5,5,5,5,3,3,3,3,1,5,5,5,5,3,2,4,5,5,5,3,5,5,5,5,5,5,5,5,5,5,2,2,5,5,5,5,4,4,4,4,4,4,4,4,3,3,3,3,3,3,3,3","0.000808954238891602","leiden","edit-xhwikibooks.graphml"
"0.13","0.32","0.55","0.416241412289683","1,1,1,1,2,3,2,3,3,3,2,2,3,3,3,3,3,2,4,2,5,1,3,3,3,3,3,3,1,3,2,4,2,2,4,4,3,3,5,5,5,5,1,1,1,1,5,1,1,1,5,5,5,5,5,1,1,1,1,5,3,5,5,3,3,5,5,5,5,5,1,5,3,3,5,5,5,5,5,5,5,3,3,3,3,1,5,5,5,5,3,2,4,5,5,5,3,5,5,5,5,5,5,5,5,5,5,2,2,5,5,5,5,4,4,4,4,4,4,4,4,3,3,3,3,3,3,3,3","0.000803947448730469","leiden","edit-xhwikibooks.graphml"
"0.12","0.33","0.55","0.416241412289683","1,1,1,1,2,3,2,3,3,3,2,2,3,3,3,3,3,2,4,2,5,1,3,3,3,3,3,3,1,3,2,4,2,2,4,4,3,3,5,5,5,5,1,1,1,1,5,1,1,1,5,5,5,5,5,1,1,1,1,5,3,5,5,3,3,5,5,5,5,5,1,5,3,3,5,5,5,5,5,5,5,3,3,3,3,1,5,5,5,5,3,2,4,5,5,5,3,5,5,5,5,5,5,5,5,5,5,2,2,5,5,5,5,4,4,4,4,4,4,4,4,3,3,3,3,3,3,3,3","0.000795841217041016","leiden","edit-xhwikibooks.graphml"
"0.11","0.34","0.55","0.423845996031379","1,1,1,1,1,2,3,2,2,2,3,3,2,2,2,2,2,3,4,3,5,1,2,2,2,2,2,2,1,2,3,4,3,3,4,4,2,2,5,5,5,5,1,1,1,1,5,1,1,1,5,5,5,5,5,1,1,1,1,5,2,5,5,2,2,5,5,5,5,5,1,5,2,2,5,5,5,5,5,5,5,2,2,2,2,1,5,5,5,5,2,3,4,5,5,5,2,5,5,5,5,5,5,5,5,5,5,3,3,5,5,5,5,4,4,4,4,4,4,4,4,2,2,2,2,2,2,2,2","0.00085902214050293","leiden","edit-xhwikibooks.graphml"
"0.1","0.35","0.55","0.423997793958509","1,1,1,1,2,3,2,3,3,3,2,2,3,3,3,3,3,2,4,2,5,1,3,3,3,3,3,3,1,3,2,4,2,2,4,4,3,3,5,5,5,5,1,1,1,1,5,1,1,1,5,5,5,5,5,1,1,1,1,5,3,5,5,3,3,5,5,5,5,5,1,5,3,3,5,5,5,5,5,5,5,3,3,3,3,1,5,5,5,5,3,2,4,5,5,5,3,5,5,5,5,5,5,5,5,5,5,2,2,5,5,5,5,4,4,4,4,4,4,4,4,3,3,3,3,3,3,3,3","0.000812053680419922","leiden","edit-xhwikibooks.graphml"
"0.09","0.36","0.55","0.423812273144402","1,1,1,1,2,3,2,3,3,3,2,2,3,3,3,3,3,2,4,2,5,1,3,3,3,3,3,3,1,3,2,4,2,2,4,4,3,3,5,5,5,5,1,1,1,1,5,1,1,1,5,5,5,5,5,1,1,1,1,5,3,5,5,3,3,5,5,5,5,5,1,5,3,3,5,5,5,5,5,5,5,3,3,3,3,1,5,5,5,5,3,2,4,5,5,5,3,5,5,5,5,5,5,5,5,5,5,2,2,5,5,5,5,4,4,4,4,4,4,4,4,3,3,3,3,3,3,3,3","0.000882863998413086","leiden","edit-xhwikibooks.graphml"
"0.08","0.37","0.55","0.423660649848178","1,1,1,1,1,2,3,2,2,2,3,3,2,2,2,2,2,3,4,3,5,1,2,2,2,2,2,2,1,2,3,4,3,3,4,4,2,2,5,5,5,5,1,1,1,1,5,1,1,1,5,5,5,5,5,1,1,1,1,5,2,5,5,2,2,5,5,5,5,5,1,5,2,2,5,5,5,5,5,5,5,2,2,2,2,1,5,5,5,5,2,3,4,5,5,5,2,5,5,5,5,5,5,5,5,5,5,3,3,5,5,5,5,4,4,4,4,4,4,4,4,2,2,2,2,2,2,2,2","0.000816822052001953","leiden","edit-xhwikibooks.graphml"
"0.07","0.38","0.55","0.423626898526878","1,1,1,1,2,3,2,3,3,3,2,2,3,3,3,3,3,2,4,2,5,1,3,3,3,3,3,3,1,3,2,4,2,2,4,4,3,3,5,5,5,5,1,1,1,1,5,1,1,1,5,5,5,5,5,1,1,1,1,5,3,5,5,3,3,5,5,5,5,5,1,5,3,3,5,5,5,5,5,5,5,3,3,3,3,1,5,5,5,5,3,2,4,5,5,5,3,5,5,5,5,5,5,5,5,5,5,2,2,5,5,5,5,4,4,4,4,4,4,4,4,3,3,3,3,3,3,3,3","0.000799894332885742","leiden","edit-xhwikibooks.graphml"
"0.06","0.39","0.55","0.424180539040824","1,1,1,1,2,3,2,3,3,3,2,2,3,3,3,3,3,2,4,2,5,1,3,3,3,3,3,3,1,3,2,4,2,2,4,4,3,3,5,5,5,5,1,1,1,1,5,1,1,1,5,5,5,5,5,1,1,1,1,5,3,5,5,3,3,5,5,5,5,5,1,5,3,3,5,5,5,5,5,5,5,3,3,3,3,1,5,5,5,5,3,2,4,5,5,5,3,5,5,5,5,5,5,5,5,5,5,2,2,5,5,5,5,4,4,4,4,4,4,4,4,3,3,3,3,3,3,3,3","0.000982999801635742","leiden","edit-xhwikibooks.graphml"
"0.05","0.4","0.55","0.425580364657857","1,1,1,1,2,3,2,3,3,3,2,2,3,3,3,3,3,2,4,2,5,1,3,3,3,3,3,3,1,3,2,4,2,2,4,4,3,3,5,5,5,5,1,1,1,1,5,1,1,1,5,5,5,5,5,1,1,1,1,5,3,5,5,3,3,5,5,5,5,5,1,5,3,3,5,5,5,5,5,5,5,3,3,3,3,1,5,5,5,5,3,2,4,5,5,5,3,5,5,5,5,5,5,5,5,5,5,2,2,5,5,5,5,4,4,4,4,4,4,4,4,3,3,3,3,3,3,3,3","0.000813007354736328","leiden","edit-xhwikibooks.graphml"
"0.04","0.41","0.55","0.418880684286144","1,1,1,1,2,3,2,3,3,3,2,2,3,3,3,3,3,2,4,2,5,1,3,3,3,3,3,3,1,3,2,4,2,2,4,4,3,3,5,5,5,5,1,1,1,1,5,1,1,1,5,5,5,5,5,1,1,1,1,5,3,5,5,3,3,5,5,5,5,5,1,5,3,3,5,5,5,5,5,5,5,3,3,3,3,1,5,5,5,5,3,2,4,5,5,5,3,5,5,5,5,5,5,5,5,5,5,2,2,5,5,5,5,4,4,4,4,4,4,4,4,3,3,3,3,3,3,3,3","0.000804901123046875","leiden","edit-xhwikibooks.graphml"
"0.03","0.42","0.55","0.418540022380481","1,1,1,1,1,2,3,2,2,2,3,3,2,2,2,2,2,3,4,3,5,1,2,2,2,2,2,2,1,2,3,4,3,3,4,4,2,2,5,5,5,5,1,1,1,1,5,1,1,1,5,5,5,5,5,1,1,1,1,5,2,5,5,2,2,5,5,5,5,5,1,5,2,2,5,5,5,5,5,5,5,2,2,2,2,1,5,5,5,5,2,3,4,5,5,5,2,5,5,5,5,5,5,5,5,5,5,3,3,5,5,5,5,4,4,4,4,4,4,4,4,2,2,2,2,2,2,2,2","0.000802993774414062","leiden","edit-xhwikibooks.graphml"
"0.02","0.43","0.55","0.419792767196231","1,1,1,1,2,3,2,3,3,3,2,2,3,3,3,3,3,2,4,2,5,1,3,3,3,3,3,3,1,3,2,4,2,2,4,4,3,3,5,5,5,5,1,1,1,1,5,1,1,1,5,5,5,5,5,1,1,1,1,5,3,5,5,3,3,5,5,5,5,5,1,5,3,3,5,5,5,5,5,5,5,3,3,3,3,1,5,5,5,5,3,2,4,5,5,5,3,5,5,5,5,5,5,5,5,5,5,2,2,5,5,5,5,4,4,4,4,4,4,4,4,3,3,3,3,3,3,3,3","0.000820159912109375","leiden","edit-xhwikibooks.graphml"
"0.01","0.44","0.55","0.419607710103514","1,1,1,1,2,3,2,3,3,3,2,2,3,3,3,3,3,2,4,2,5,1,3,3,3,3,3,3,1,3,2,4,2,2,4,4,3,3,5,5,5,5,1,1,1,1,5,1,1,1,5,5,5,5,5,1,1,1,1,5,3,5,5,3,3,5,5,5,5,5,1,5,3,3,5,5,5,5,5,5,5,3,3,3,3,1,5,5,5,5,3,2,4,5,5,5,3,5,5,5,5,5,5,5,5,5,5,2,2,5,5,5,5,4,4,4,4,4,4,4,4,3,3,3,3,3,3,3,3","0.000852108001708984","leiden","edit-xhwikibooks.graphml"
"0","0.45","0.55","0.422875503324667","1,1,1,1,1,2,3,2,2,2,3,3,2,2,2,2,2,3,4,3,5,1,2,2,2,2,2,2,1,2,3,4,3,3,4,4,2,2,5,5,5,5,1,1,1,1,5,1,1,1,5,5,5,5,5,1,1,1,1,5,2,5,5,2,2,5,5,5,5,5,1,5,2,2,5,5,5,5,5,5,5,2,2,2,2,1,5,5,5,5,2,3,4,5,5,5,2,5,5,5,5,5,5,5,5,5,5,3,3,5,5,5,5,4,4,4,4,4,4,4,4,2,2,2,2,2,2,2,2","0.000869035720825195","leiden","edit-xhwikibooks.graphml"
"0.44","0","0.56","0.407324068061296","1,1,1,1,2,3,2,3,3,3,2,2,3,3,3,3,3,2,4,2,5,1,3,3,3,3,3,3,1,3,2,4,2,2,4,4,3,3,5,5,5,5,1,1,1,1,5,1,1,1,5,5,5,5,5,1,1,1,1,5,3,5,5,3,3,5,5,5,5,5,1,5,3,3,5,5,5,5,5,5,5,3,3,3,3,1,5,5,5,5,3,2,4,5,5,5,3,5,5,5,5,5,5,5,5,5,5,2,2,5,5,5,5,4,4,4,4,4,4,4,4,3,3,3,3,3,3,3,3","0.000880002975463867","leiden","edit-xhwikibooks.graphml"
"0.43","0.01","0.56","0.407324068061296","1,1,1,1,2,3,2,3,3,3,2,2,3,3,3,3,3,2,4,2,5,1,3,3,3,3,3,3,1,3,2,4,2,2,4,4,3,3,5,5,5,5,1,1,1,1,5,1,1,1,5,5,5,5,5,1,1,1,1,5,3,5,5,3,3,5,5,5,5,5,1,5,3,3,5,5,5,5,5,5,5,3,3,3,3,1,5,5,5,5,3,2,4,5,5,5,3,5,5,5,5,5,5,5,5,5,5,2,2,5,5,5,5,4,4,4,4,4,4,4,4,3,3,3,3,3,3,3,3","0.00132012367248535","leiden","edit-xhwikibooks.graphml"
"0.42","0.02","0.56","0.406916697026518","1,1,1,1,1,2,3,2,2,2,3,4,2,2,2,2,2,3,3,4,5,1,2,2,2,2,2,2,1,2,3,3,4,4,3,3,2,2,5,5,5,5,1,1,1,1,5,1,1,1,5,5,5,5,5,1,1,1,1,5,2,5,5,2,2,5,5,5,5,5,1,5,2,2,5,5,5,5,5,5,5,2,2,2,2,1,5,5,5,5,2,3,3,5,5,5,2,5,5,5,5,5,5,5,5,5,5,4,4,5,5,5,5,3,3,3,3,3,3,3,3,2,2,2,2,2,2,2,2","0.00137209892272949","leiden","edit-xhwikibooks.graphml"
"0.41","0.03","0.56","0.407144607076583","1,1,1,1,2,3,2,3,3,3,2,2,3,3,3,3,3,2,4,2,5,1,3,3,3,3,3,3,1,3,2,4,2,2,4,4,3,3,5,5,5,5,1,1,1,1,5,1,1,1,5,5,5,5,5,1,1,1,1,5,3,5,5,3,3,5,5,5,5,5,1,5,3,3,5,5,5,5,5,5,5,3,3,3,3,1,5,5,5,5,3,2,4,5,5,5,3,5,5,5,5,5,5,5,5,5,5,2,2,5,5,5,5,4,4,4,4,4,4,4,4,3,3,3,3,3,3,3,3","0.00160312652587891","leiden","edit-xhwikibooks.graphml"
"0.4","0.04","0.56","0.407144607076583","1,1,1,1,2,3,2,3,3,3,2,2,3,3,3,3,3,2,4,2,5,1,3,3,3,3,3,3,1,3,2,4,2,2,4,4,3,3,5,5,5,5,1,1,1,1,5,1,1,1,5,5,5,5,5,1,1,1,1,5,3,5,5,3,3,5,5,5,5,5,1,5,3,3,5,5,5,5,5,5,5,3,3,3,3,1,5,5,5,5,3,2,4,5,5,5,3,5,5,5,5,5,5,5,5,5,5,2,2,5,5,5,5,4,4,4,4,4,4,4,4,3,3,3,3,3,3,3,3","0.00192904472351074","leiden","edit-xhwikibooks.graphml"
"0.39","0.05","0.56","0.406426575759471","1,1,1,1,2,3,2,3,3,3,2,2,3,3,3,3,3,2,4,2,5,1,3,3,3,3,3,3,1,3,2,4,2,2,4,4,3,3,5,5,5,5,1,1,1,1,5,1,1,1,5,5,5,5,5,1,1,1,1,5,3,5,5,3,3,5,5,5,5,5,1,5,3,3,5,5,5,5,5,5,5,3,3,3,3,1,5,5,5,5,3,2,4,5,5,5,3,5,5,5,5,5,5,5,5,5,5,2,2,5,5,5,5,4,4,4,4,4,4,4,4,3,3,3,3,3,3,3,3","0.00145602226257324","leiden","edit-xhwikibooks.graphml"
"0.38","0.06","0.56","0.406426575759471","1,1,1,1,2,3,2,3,3,3,2,2,3,3,3,3,3,2,4,2,5,1,3,3,3,3,3,3,1,3,2,4,2,2,4,4,3,3,5,5,5,5,1,1,1,1,5,1,1,1,5,5,5,5,5,1,1,1,1,5,3,5,5,3,3,5,5,5,5,5,1,5,3,3,5,5,5,5,5,5,5,3,3,3,3,1,5,5,5,5,3,2,4,5,5,5,3,5,5,5,5,5,5,5,5,5,5,2,2,5,5,5,5,4,4,4,4,4,4,4,4,3,3,3,3,3,3,3,3","0.0013890266418457","leiden","edit-xhwikibooks.graphml"
"0.37","0.07","0.56","0.40624742719595","1,1,1,1,2,3,2,3,3,3,2,2,3,3,3,3,3,2,4,2,5,1,3,3,3,3,3,3,1,3,2,4,2,2,4,4,3,3,5,5,5,5,1,1,1,1,5,1,1,1,5,5,5,5,5,1,1,1,1,5,3,5,5,3,3,5,5,5,5,5,1,5,3,3,5,5,5,5,5,5,5,3,3,3,3,1,5,5,5,5,3,2,4,5,5,5,3,5,5,5,5,5,5,5,5,5,5,2,2,5,5,5,5,4,4,4,4,4,4,4,4,3,3,3,3,3,3,3,3","0.0014190673828125","leiden","edit-xhwikibooks.graphml"
"0.36","0.08","0.56","0.406820572361723","1,1,1,1,2,3,2,3,3,3,2,2,3,3,3,3,3,2,4,2,5,1,3,3,3,3,3,3,1,3,2,4,2,2,4,4,3,3,5,5,5,5,1,1,1,1,5,1,1,1,5,5,5,5,5,1,1,1,1,5,3,5,5,3,3,5,5,5,5,5,1,5,3,3,5,5,5,5,5,5,5,3,3,3,3,1,5,5,5,5,3,2,4,5,5,5,3,5,5,5,5,5,5,5,5,5,5,2,2,5,5,5,5,4,4,4,4,4,4,4,4,3,3,3,3,3,3,3,3","0.00143599510192871","leiden","edit-xhwikibooks.graphml"
"0.35","0.09","0.56","0.407213017782183","1,1,1,1,2,3,2,3,3,3,2,2,3,3,3,3,3,2,4,2,5,1,3,3,3,3,3,3,1,3,2,4,2,2,4,4,3,3,5,5,5,5,1,1,1,1,5,1,1,1,5,5,5,5,5,1,1,1,1,5,3,5,5,3,3,5,5,5,5,5,1,5,3,3,5,5,5,5,5,5,5,3,3,3,3,1,5,5,5,5,3,2,4,5,5,5,3,5,5,5,5,5,5,5,5,5,5,2,2,5,5,5,5,4,4,4,4,4,4,4,4,3,3,3,3,3,3,3,3","0.00153994560241699","leiden","edit-xhwikibooks.graphml"
"0.34","0.1","0.56","0.407213017782183","1,1,1,1,2,3,2,3,3,3,2,2,3,3,3,3,3,2,4,2,5,1,3,3,3,3,3,3,1,3,2,4,2,2,4,4,3,3,5,5,5,5,1,1,1,1,5,1,1,1,5,5,5,5,5,1,1,1,1,5,3,5,5,3,3,5,5,5,5,5,1,5,3,3,5,5,5,5,5,5,5,3,3,3,3,1,5,5,5,5,3,2,4,5,5,5,3,5,5,5,5,5,5,5,5,5,5,2,2,5,5,5,5,4,4,4,4,4,4,4,4,3,3,3,3,3,3,3,3","0.00142693519592285","leiden","edit-xhwikibooks.graphml"
"0.33","0.11","0.56","0.407034031529788","1,1,1,1,2,3,2,3,3,3,2,2,3,3,3,3,3,2,4,2,5,1,3,3,3,3,3,3,1,3,2,4,2,2,4,4,3,3,5,5,5,5,1,1,1,1,5,1,1,1,5,5,5,5,5,1,1,1,1,5,3,5,5,3,3,5,5,5,5,5,1,5,3,3,5,5,5,5,5,5,5,3,3,3,3,1,5,5,5,5,3,2,4,5,5,5,3,5,5,5,5,5,5,5,5,5,5,2,2,5,5,5,5,4,4,4,4,4,4,4,4,3,3,3,3,3,3,3,3","0.00143313407897949","leiden","edit-xhwikibooks.graphml"
"0.32","0.12","0.56","0.408144777075972","1,1,1,1,2,3,2,3,3,3,2,2,3,3,3,3,3,2,4,2,5,1,3,3,3,3,3,3,1,3,2,4,2,2,4,4,3,3,5,5,5,5,1,1,1,1,5,1,1,1,5,5,5,5,5,1,1,1,1,5,3,5,5,3,3,5,5,5,5,5,1,5,3,3,5,5,5,5,5,5,5,3,3,3,3,1,5,5,5,5,3,2,4,5,5,5,3,5,5,5,5,5,5,5,5,5,5,2,2,5,5,5,5,4,4,4,4,4,4,4,4,3,3,3,3,3,3,3,3","0.00142478942871094","leiden","edit-xhwikibooks.graphml"
"0.31","0.13","0.56","0.403127020408163","1,1,1,1,2,3,2,3,3,3,2,2,3,3,3,3,3,2,4,2,5,1,3,3,3,3,3,3,1,3,2,4,2,2,4,4,3,3,5,5,5,5,1,1,1,1,5,1,1,1,5,5,5,5,5,1,1,1,1,5,3,5,5,3,3,5,5,5,5,5,1,5,3,3,5,5,5,5,5,5,5,3,3,3,3,1,5,5,5,5,3,2,4,5,5,5,3,5,5,5,5,5,5,5,5,5,5,2,2,5,5,5,5,4,4,4,4,4,4,4,4,3,3,3,3,3,3,3,3","0.000941991806030273","leiden","edit-xhwikibooks.graphml"
"0.3","0.14","0.56","0.403127020408163","1,1,1,1,2,3,2,3,3,3,2,2,3,3,3,3,3,2,4,2,5,1,3,3,3,3,3,3,1,3,2,4,2,2,4,4,3,3,5,5,5,5,1,1,1,1,5,1,1,1,5,5,5,5,5,1,1,1,1,5,3,5,5,3,3,5,5,5,5,5,1,5,3,3,5,5,5,5,5,5,5,3,3,3,3,1,5,5,5,5,3,2,4,5,5,5,3,5,5,5,5,5,5,5,5,5,5,2,2,5,5,5,5,4,4,4,4,4,4,4,4,3,3,3,3,3,3,3,3","0.000823974609375","leiden","edit-xhwikibooks.graphml"
"0.29","0.15","0.56","0.40464944762192","1,1,1,1,2,3,2,3,3,3,2,2,3,3,3,3,3,2,4,2,5,1,3,3,3,3,3,3,1,3,2,4,2,2,4,4,3,3,5,5,5,5,1,1,1,1,5,1,1,1,5,5,5,5,5,1,1,1,1,5,3,5,5,3,3,5,5,5,5,5,1,5,3,3,5,5,5,5,5,5,5,3,3,3,3,1,5,5,5,5,3,2,4,5,5,5,3,5,5,5,5,5,5,5,5,5,5,2,2,5,5,5,5,4,4,4,4,4,4,4,4,3,3,3,3,3,3,3,3","0.000833034515380859","leiden","edit-xhwikibooks.graphml"
"0.28","0.16","0.56","0.40522252254446","1,1,1,1,2,3,2,3,3,3,2,2,3,3,3,3,3,2,4,2,5,1,3,3,3,3,3,3,1,3,2,4,2,2,4,4,3,3,5,5,5,5,1,1,1,1,5,1,1,1,5,5,5,5,5,1,1,1,1,5,3,5,5,3,3,5,5,5,5,5,1,5,3,3,5,5,5,5,5,5,5,3,3,3,3,1,5,5,5,5,3,2,4,5,5,5,3,5,5,5,5,5,5,5,5,5,5,2,2,5,5,5,5,4,4,4,4,4,4,4,4,3,3,3,3,3,3,3,3","0.000816822052001953","leiden","edit-xhwikibooks.graphml"
"0.27","0.17","0.56","0.405077320323161","1,1,1,1,2,3,2,3,3,3,2,2,3,3,3,3,3,2,4,2,5,1,3,3,3,3,3,3,1,3,2,4,2,2,4,4,3,3,5,5,5,5,1,1,1,1,5,1,1,1,5,5,5,5,5,1,1,1,1,5,3,5,5,3,3,5,5,5,5,5,1,5,3,3,5,5,5,5,5,5,5,3,3,3,3,1,5,5,5,5,3,2,4,5,5,5,3,5,5,5,5,5,5,5,5,5,5,2,2,5,5,5,5,4,4,4,4,4,4,4,4,3,3,3,3,3,3,3,3","0.000882148742675781","leiden","edit-xhwikibooks.graphml"
"0.26","0.18","0.56","0.405077320323161","1,1,1,1,2,3,2,3,3,3,2,2,3,3,3,3,3,2,4,2,5,1,3,3,3,3,3,3,1,3,2,4,2,2,4,4,3,3,5,5,5,5,1,1,1,1,5,1,1,1,5,5,5,5,5,1,1,1,1,5,3,5,5,3,3,5,5,5,5,5,1,5,3,3,5,5,5,5,5,5,5,3,3,3,3,1,5,5,5,5,3,2,4,5,5,5,3,5,5,5,5,5,5,5,5,5,5,2,2,5,5,5,5,4,4,4,4,4,4,4,4,3,3,3,3,3,3,3,3","0.000916957855224609","leiden","edit-xhwikibooks.graphml"
"0.25","0.19","0.56","0.404898820848001","1,1,1,1,2,3,2,3,3,3,2,2,3,3,3,3,3,2,4,2,5,1,3,3,3,3,3,3,1,3,2,4,2,2,4,4,3,3,5,5,5,5,1,1,1,1,5,1,1,1,5,5,5,5,5,1,1,1,1,5,3,5,5,3,3,5,5,5,5,5,1,5,3,3,5,5,5,5,5,5,5,3,3,3,3,1,5,5,5,5,3,2,4,5,5,5,3,5,5,5,5,5,5,5,5,5,5,2,2,5,5,5,5,4,4,4,4,4,4,4,4,3,3,3,3,3,3,3,3","0.000811100006103516","leiden","edit-xhwikibooks.graphml"
"0.24","0.2","0.56","0.405983068962965","1,1,1,1,2,3,2,3,3,3,2,2,3,3,3,3,3,2,4,2,5,1,3,3,3,3,3,3,1,3,2,4,2,2,4,4,3,3,5,5,5,5,1,1,1,1,5,1,1,1,5,5,5,5,5,1,1,1,1,5,3,5,5,3,3,5,5,5,5,5,1,5,3,3,5,5,5,5,5,5,5,3,3,3,3,1,5,5,5,5,3,2,4,5,5,5,3,5,5,5,5,5,5,5,5,5,5,2,2,5,5,5,5,4,4,4,4,4,4,4,4,3,3,3,3,3,3,3,3","0.000792026519775391","leiden","edit-xhwikibooks.graphml"
"0.23","0.21","0.56","0.405804655216942","1,1,1,1,2,3,2,3,3,3,2,2,3,3,3,3,3,2,4,2,5,1,3,3,3,3,3,3,1,3,2,4,2,2,4,4,3,3,5,5,5,5,1,1,1,1,5,1,1,1,5,5,5,5,5,1,1,1,1,5,3,5,5,3,3,5,5,5,5,5,1,5,3,3,5,5,5,5,5,5,5,3,3,3,3,1,5,5,5,5,3,2,4,5,5,5,3,5,5,5,5,5,5,5,5,5,5,2,2,5,5,5,5,4,4,4,4,4,4,4,4,3,3,3,3,3,3,3,3","0.000809907913208008","leiden","edit-xhwikibooks.graphml"
"0.22","0.22","0.56","0.405804655216942","1,1,1,1,2,3,2,3,3,3,2,2,3,3,3,3,3,2,4,2,5,1,3,3,3,3,3,3,1,3,2,4,2,2,4,4,3,3,5,5,5,5,1,1,1,1,5,1,1,1,5,5,5,5,5,1,1,1,1,5,3,5,5,3,3,5,5,5,5,5,1,5,3,3,5,5,5,5,5,5,5,3,3,3,3,1,5,5,5,5,3,2,4,5,5,5,3,5,5,5,5,5,5,5,5,5,5,2,2,5,5,5,5,4,4,4,4,4,4,4,4,3,3,3,3,3,3,3,3","0.000803947448730469","leiden","edit-xhwikibooks.graphml"
"0.21","0.23","0.56","0.406738983626695","1,1,1,1,2,3,2,3,3,3,2,2,3,3,3,3,3,2,4,2,5,1,3,3,3,3,3,3,1,3,2,4,2,2,4,4,3,3,5,5,5,5,1,1,1,1,5,1,1,1,5,5,5,5,5,1,1,1,1,5,3,5,5,3,3,5,5,5,5,5,1,5,3,3,5,5,5,5,5,5,5,3,3,3,3,1,5,5,5,5,3,2,4,5,5,5,3,5,5,5,5,5,5,5,5,5,5,2,2,5,5,5,5,4,4,4,4,4,4,4,4,3,3,3,3,3,3,3,3","0.000817775726318359","leiden","edit-xhwikibooks.graphml"
"0.2","0.24","0.56","0.407306658491061","1,1,1,1,2,3,2,3,3,3,2,2,3,3,3,3,3,2,4,2,5,1,3,3,3,3,3,3,1,3,2,4,2,2,4,4,3,3,5,5,5,5,1,1,1,1,5,1,1,1,5,5,5,5,5,1,1,1,1,5,3,5,5,3,3,5,5,5,5,5,1,5,3,3,5,5,5,5,5,5,5,3,3,3,3,1,5,5,5,5,3,2,4,5,5,5,3,5,5,5,5,5,5,5,5,5,5,2,2,5,5,5,5,4,4,4,4,4,4,4,4,3,3,3,3,3,3,3,3","0.000818967819213867","leiden","edit-xhwikibooks.graphml"
"0.19","0.25","0.56","0.407418725774222","1,1,1,1,2,3,2,3,3,3,2,2,3,3,3,3,3,2,4,2,5,1,3,3,3,3,3,3,1,3,2,4,2,2,4,4,3,3,5,5,5,5,1,1,1,1,5,1,1,1,5,5,5,5,5,1,1,1,1,5,3,5,5,3,3,5,5,5,5,5,1,5,3,3,5,5,5,5,5,5,5,3,3,3,3,1,5,5,5,5,3,2,4,5,5,5,3,5,5,5,5,5,5,5,5,5,5,2,2,5,5,5,5,4,4,4,4,4,4,4,4,3,3,3,3,3,3,3,3","0.000828981399536133","leiden","edit-xhwikibooks.graphml"
"0.18","0.26","0.56","0.407268495855035","1,1,1,1,1,2,3,2,2,2,3,3,2,2,2,2,2,3,4,3,5,1,2,2,2,2,2,2,1,2,3,4,3,3,4,4,2,2,5,5,5,5,1,1,1,1,5,1,1,1,5,5,5,5,5,1,1,1,1,5,2,5,5,2,2,5,5,5,5,5,1,5,2,2,5,5,5,5,5,5,5,2,2,2,2,1,5,5,5,5,2,3,4,5,5,5,2,5,5,5,5,5,5,5,5,5,5,3,3,5,5,5,5,4,4,4,4,4,4,4,4,2,2,2,2,2,2,2,2","0.000812053680419922","leiden","edit-xhwikibooks.graphml"
"0.17","0.27","0.56","0.407268495855035","1,1,1,1,1,2,3,2,2,2,3,3,2,2,2,2,2,3,4,3,5,1,2,2,2,2,2,2,1,2,3,4,3,3,4,4,2,2,5,5,5,5,1,1,1,1,5,1,1,1,5,5,5,5,5,1,1,1,1,5,2,5,5,2,2,5,5,5,5,5,1,5,2,2,5,5,5,5,5,5,5,2,2,2,2,1,5,5,5,5,2,3,4,5,5,5,2,5,5,5,5,5,5,5,5,5,5,3,3,5,5,5,5,4,4,4,4,4,4,4,4,2,2,2,2,2,2,2,2","0.000819921493530273","leiden","edit-xhwikibooks.graphml"
"0.16","0.28","0.56","0.407240579256601","1,1,1,1,2,3,2,3,3,3,2,2,3,3,3,3,3,2,4,2,5,1,3,3,3,3,3,3,1,3,2,4,2,2,4,4,3,3,5,5,5,5,1,1,1,1,5,1,1,1,5,5,5,5,5,1,1,1,1,5,3,5,5,3,3,5,5,5,5,5,1,5,3,3,5,5,5,5,5,5,5,3,3,3,3,1,5,5,5,5,3,2,4,5,5,5,3,5,5,5,5,5,5,5,5,5,5,2,2,5,5,5,5,4,4,4,4,4,4,4,4,3,3,3,3,3,3,3,3","0.000909090042114258","leiden","edit-xhwikibooks.graphml"
"0.15","0.29","0.56","0.408909039257535","1,1,1,1,2,3,2,3,3,3,2,2,3,3,3,3,3,2,4,2,5,1,3,3,3,3,3,3,1,3,2,4,2,2,4,4,3,3,5,5,5,5,1,1,1,1,5,1,1,1,5,5,5,5,5,1,1,1,1,5,3,5,5,3,3,5,5,5,5,5,1,5,3,3,5,5,5,5,5,5,5,3,3,3,3,1,5,5,5,5,3,2,4,5,5,5,3,5,5,5,5,5,5,5,5,5,5,2,2,5,5,5,5,4,4,4,4,4,4,4,4,3,3,3,3,3,3,3,3","0.000939846038818359","leiden","edit-xhwikibooks.graphml"
"0.14","0.3","0.56","0.408730888314341","1,1,1,1,2,3,2,3,3,3,2,2,3,3,3,3,3,2,4,2,5,1,3,3,3,3,3,3,1,3,2,4,2,2,4,4,3,3,5,5,5,5,1,1,1,1,5,1,1,1,5,5,5,5,5,1,1,1,1,5,3,5,5,3,3,5,5,5,5,5,1,5,3,3,5,5,5,5,5,5,5,3,3,3,3,1,5,5,5,5,3,2,4,5,5,5,3,5,5,5,5,5,5,5,5,5,5,2,2,5,5,5,5,4,4,4,4,4,4,4,4,3,3,3,3,3,3,3,3","0.000812053680419922","leiden","edit-xhwikibooks.graphml"
"0.13","0.31","0.56","0.4092935272814","1,1,1,1,2,3,2,3,3,3,2,2,3,3,3,3,3,2,4,2,5,1,3,3,3,3,3,3,1,3,2,4,2,2,4,4,3,3,5,5,5,5,1,1,1,1,5,1,1,1,5,5,5,5,5,1,1,1,1,5,3,5,5,3,3,5,5,5,5,5,1,5,3,3,5,5,5,5,5,5,5,3,3,3,3,1,5,5,5,5,3,2,4,5,5,5,3,5,5,5,5,5,5,5,5,5,5,2,2,5,5,5,5,4,4,4,4,4,4,4,4,3,3,3,3,3,3,3,3","0.000804901123046875","leiden","edit-xhwikibooks.graphml"
"0.12","0.32","0.56","0.408963867331808","1,1,1,1,1,2,3,2,2,2,3,3,2,2,2,2,2,3,4,3,5,1,2,2,2,2,2,2,1,2,3,4,3,3,4,4,2,2,5,5,5,5,1,1,1,1,5,1,1,1,5,5,5,5,5,1,1,1,1,5,2,5,5,2,2,5,5,5,5,5,1,5,2,2,5,5,5,5,5,5,5,2,2,2,2,1,5,5,5,5,2,3,4,5,5,5,2,5,5,5,5,5,5,5,5,5,5,3,3,5,5,5,5,4,4,4,4,4,4,4,4,2,2,2,2,2,2,2,2","0.00082707405090332","leiden","edit-xhwikibooks.graphml"
"0.11","0.33","0.56","0.41745494240496","1,1,1,1,2,3,2,3,3,3,2,2,3,3,3,3,3,2,4,2,5,1,3,3,3,3,3,3,1,3,2,4,2,2,4,4,3,3,5,5,5,5,1,1,1,1,5,1,1,1,5,5,5,5,5,1,1,1,1,5,3,5,5,3,3,5,5,5,5,5,1,5,3,3,5,5,5,5,5,5,5,3,3,3,3,1,5,5,5,5,3,2,4,5,5,5,3,5,5,5,5,5,5,5,5,5,5,2,2,5,5,5,5,4,4,4,4,4,4,4,4,3,3,3,3,3,3,3,3","0.000801801681518555","leiden","edit-xhwikibooks.graphml"
"0.1","0.34","0.56","0.425158878961004","1,1,1,1,2,3,2,3,3,3,2,2,3,3,3,3,3,2,4,2,5,1,3,3,3,3,3,3,1,3,2,4,2,2,4,4,3,3,5,5,5,5,1,1,1,1,5,1,1,1,5,5,5,5,5,1,1,1,1,5,3,5,5,3,3,5,5,5,5,5,1,5,3,3,5,5,5,5,5,5,5,3,3,3,3,1,5,5,5,5,3,2,4,5,5,5,3,5,5,5,5,5,5,5,5,5,5,2,2,5,5,5,5,4,4,4,4,4,4,4,4,3,3,3,3,3,3,3,3","0.000824928283691406","leiden","edit-xhwikibooks.graphml"
"0.09","0.35","0.56","0.425158878961004","1,1,1,1,2,3,2,3,3,3,2,2,3,3,3,3,3,2,4,2,5,1,3,3,3,3,3,3,1,3,2,4,2,2,4,4,3,3,5,5,5,5,1,1,1,1,5,1,1,1,5,5,5,5,5,1,1,1,1,5,3,5,5,3,3,5,5,5,5,5,1,5,3,3,5,5,5,5,5,5,5,3,3,3,3,1,5,5,5,5,3,2,4,5,5,5,3,5,5,5,5,5,5,5,5,5,5,2,2,5,5,5,5,4,4,4,4,4,4,4,4,3,3,3,3,3,3,3,3","0.000823974609375","leiden","edit-xhwikibooks.graphml"
"0.08","0.36","0.56","0.424973735930434","1,1,1,1,2,3,2,3,3,3,2,2,3,3,3,3,3,2,4,2,5,1,3,3,3,3,3,3,1,3,2,4,2,2,4,4,3,3,5,5,5,5,1,1,1,1,5,1,1,1,5,5,5,5,5,1,1,1,1,5,3,5,5,3,3,5,5,5,5,5,1,5,3,3,5,5,5,5,5,5,5,3,3,3,3,1,5,5,5,5,3,2,4,5,5,5,3,5,5,5,5,5,5,5,5,5,5,2,2,5,5,5,5,4,4,4,4,4,4,4,4,3,3,3,3,3,3,3,3","0.000825166702270508","leiden","edit-xhwikibooks.graphml"
"0.07","0.37","0.56","0.423421549600694","1,1,1,1,2,3,2,3,3,3,2,2,3,3,3,3,3,2,4,2,5,1,3,3,3,3,3,3,1,3,2,4,2,2,4,4,3,3,5,5,5,5,1,1,1,1,5,1,1,1,5,5,5,5,5,1,1,1,1,5,3,5,5,3,3,5,5,5,5,5,1,5,3,3,5,5,5,5,5,5,5,3,3,3,3,1,5,5,5,5,3,2,4,5,5,5,3,5,5,5,5,5,5,5,5,5,5,2,2,5,5,5,5,4,4,4,4,4,4,4,4,3,3,3,3,3,3,3,3","0.000873088836669922","leiden","edit-xhwikibooks.graphml"
"0.06","0.38","0.56","0.423789730462498","1,1,1,1,2,3,2,3,3,3,2,2,3,3,3,3,3,2,4,2,5,1,3,3,3,3,3,3,1,3,2,4,2,2,4,4,3,3,5,5,5,5,1,1,1,1,5,1,1,1,5,5,5,5,5,1,1,1,1,5,3,5,5,3,3,5,5,5,5,5,1,5,3,3,5,5,5,5,5,5,5,3,3,3,3,1,5,5,5,5,3,2,4,5,5,5,3,5,5,5,5,5,5,5,5,5,5,2,2,5,5,5,5,4,4,4,4,4,4,4,4,3,3,3,3,3,3,3,3","0.000838994979858398","leiden","edit-xhwikibooks.graphml"
"0.05","0.39","0.56","0.424341355133719","1,1,1,1,2,3,2,3,3,3,2,2,3,3,3,3,3,2,4,2,5,1,3,3,3,3,3,3,1,3,2,4,2,2,4,4,3,3,5,5,5,5,1,1,1,1,5,1,1,1,5,5,5,5,5,1,1,1,1,5,3,5,5,3,3,5,5,5,5,5,1,5,3,3,5,5,5,5,5,5,5,3,3,3,3,1,5,5,5,5,3,2,4,5,5,5,3,5,5,5,5,5,5,5,5,5,5,2,2,5,5,5,5,4,4,4,4,4,4,4,4,3,3,3,3,3,3,3,3","0.000853061676025391","leiden","edit-xhwikibooks.graphml"
"0.04","0.4","0.56","0.425189284160229","1,1,1,1,2,3,2,3,3,3,2,2,3,3,3,3,3,2,4,2,5,1,3,3,3,3,3,3,1,3,2,4,2,2,4,4,3,3,5,5,5,5,1,1,1,1,5,1,1,1,5,5,5,5,5,1,1,1,1,5,3,5,5,3,3,5,5,5,5,5,1,5,3,3,5,5,5,5,5,5,5,3,3,3,3,1,5,5,5,5,3,2,4,5,5,5,3,5,5,5,5,5,5,5,5,5,5,2,2,5,5,5,5,4,4,4,4,4,4,4,4,3,3,3,3,3,3,3,3","0.000961065292358398","leiden","edit-xhwikibooks.graphml"
"0.03","0.41","0.56","0.424660552869024","1,1,1,1,2,3,2,3,3,3,4,2,3,3,3,3,3,4,4,2,5,1,3,3,3,3,3,3,1,3,4,4,2,2,4,4,3,3,5,5,5,5,1,1,1,1,5,1,1,1,5,5,5,5,5,1,1,1,1,5,3,5,5,3,3,5,5,5,5,5,1,5,3,3,5,5,5,5,5,5,5,3,3,3,3,1,5,5,5,5,3,4,4,5,5,5,3,5,5,5,5,5,5,5,5,5,5,2,2,5,5,5,5,4,4,4,4,4,4,4,4,3,3,3,3,3,3,3,3","0.000883102416992188","leiden","edit-xhwikibooks.graphml"
"0.02","0.42","0.56","0.425004493989863","1,1,1,1,2,3,2,3,3,3,2,2,3,3,3,3,3,2,4,2,5,1,3,3,3,3,3,3,1,3,2,4,2,2,4,4,3,3,5,5,5,5,1,1,1,1,5,1,1,1,5,5,5,5,5,1,1,1,1,5,3,5,5,3,3,5,5,5,5,5,1,5,3,3,5,5,5,5,5,5,5,3,3,3,3,1,5,5,5,5,3,2,4,5,5,5,3,5,5,5,5,5,5,5,5,5,5,2,2,5,5,5,5,4,4,4,4,4,4,4,4,3,3,3,3,3,3,3,3","0.000803947448730469","leiden","edit-xhwikibooks.graphml"
"0.01","0.43","0.56","0.426070788976221","1,1,1,1,2,3,2,3,3,3,2,2,3,3,3,3,3,2,4,2,5,1,3,3,3,3,3,3,1,3,2,4,2,2,4,4,3,3,5,5,5,5,1,1,1,1,5,1,1,1,5,5,5,5,5,1,1,1,1,5,3,5,5,3,3,5,5,5,5,5,1,5,3,3,5,5,5,5,5,5,5,3,3,3,3,1,5,5,5,5,3,2,4,5,5,5,3,5,5,5,5,5,5,5,5,5,5,2,2,5,5,5,5,4,4,4,4,4,4,4,4,3,3,3,3,3,3,3,3","0.000814914703369141","leiden","edit-xhwikibooks.graphml"
"0","0.44","0.56","0.428005380835508","1,1,1,1,1,2,3,2,2,2,3,3,2,2,2,2,2,3,4,3,5,1,2,2,2,2,2,2,1,2,3,4,3,3,4,4,2,2,5,5,5,5,1,1,1,1,5,1,1,1,5,5,5,5,5,1,1,1,1,5,2,5,5,2,2,5,5,5,5,5,1,5,2,2,5,5,5,5,5,5,5,2,2,2,2,1,5,5,5,5,2,3,4,5,5,5,2,5,5,5,5,5,5,5,5,5,5,3,3,5,5,5,5,4,4,4,4,4,4,4,4,2,2,2,2,2,2,2,2","0.000813961029052734","leiden","edit-xhwikibooks.graphml"
"0.43","0","0.57","0.407342753946347","1,1,1,1,2,3,2,3,3,3,2,2,3,3,3,3,3,2,4,2,5,1,3,3,3,3,3,3,1,3,2,4,2,2,4,4,3,3,5,5,5,5,1,1,1,1,5,1,1,1,5,5,5,5,5,1,1,1,1,5,3,5,5,3,3,5,5,5,5,5,1,5,3,3,5,5,5,5,5,5,5,3,3,3,3,1,5,5,5,5,3,2,4,5,5,5,3,5,5,5,5,5,5,5,5,5,5,2,2,5,5,5,5,4,4,4,4,4,4,4,4,3,3,3,3,3,3,3,3","0.000816106796264648","leiden","edit-xhwikibooks.graphml"
"0.42","0.01","0.57","0.407342753946347","1,1,1,1,2,3,2,3,3,3,2,2,3,3,3,3,3,2,4,2,5,1,3,3,3,3,3,3,1,3,2,4,2,2,4,4,3,3,5,5,5,5,1,1,1,1,5,1,1,1,5,5,5,5,5,1,1,1,1,5,3,5,5,3,3,5,5,5,5,5,1,5,3,3,5,5,5,5,5,5,5,3,3,3,3,1,5,5,5,5,3,2,4,5,5,5,3,5,5,5,5,5,5,5,5,5,5,2,2,5,5,5,5,4,4,4,4,4,4,4,4,3,3,3,3,3,3,3,3","0.000787019729614258","leiden","edit-xhwikibooks.graphml"
"0.41","0.02","0.57","0.407342753946347","1,1,1,1,2,3,2,3,3,3,2,2,3,3,3,3,3,2,4,2,5,1,3,3,3,3,3,3,1,3,2,4,2,2,4,4,3,3,5,5,5,5,1,1,1,1,5,1,1,1,5,5,5,5,5,1,1,1,1,5,3,5,5,3,3,5,5,5,5,5,1,5,3,3,5,5,5,5,5,5,5,3,3,3,3,1,5,5,5,5,3,2,4,5,5,5,3,5,5,5,5,5,5,5,5,5,5,2,2,5,5,5,5,4,4,4,4,4,4,4,4,3,3,3,3,3,3,3,3","0.000846147537231445","leiden","edit-xhwikibooks.graphml"
"0.4","0.03","0.57","0.407024131297636","1,1,1,1,1,2,3,2,2,2,3,3,2,2,2,2,2,3,4,3,5,1,2,2,2,2,2,2,1,2,3,4,3,3,4,4,2,2,5,5,5,5,1,1,1,1,5,1,1,1,5,5,5,5,5,1,1,1,1,5,2,5,5,2,2,5,5,5,5,5,1,5,2,2,5,5,5,5,5,5,5,2,2,2,2,1,5,5,5,5,2,3,4,5,5,5,2,5,5,5,5,5,5,5,5,5,5,3,3,5,5,5,5,4,4,4,4,4,4,4,4,2,2,2,2,2,2,2,2","0.000802993774414062","leiden","edit-xhwikibooks.graphml"
"0.39","0.04","0.57","0.407163740554054","1,1,1,1,2,3,2,3,3,3,2,2,3,3,3,3,3,2,4,2,5,1,3,3,3,3,3,3,1,3,2,4,2,2,4,4,3,3,5,5,5,5,1,1,1,1,5,1,1,1,5,5,5,5,5,1,1,1,1,5,3,5,5,3,3,5,5,5,5,5,1,5,3,3,5,5,5,5,5,5,5,3,3,3,3,1,5,5,5,5,3,2,4,5,5,5,3,5,5,5,5,5,5,5,5,5,5,2,2,5,5,5,5,4,4,4,4,4,4,4,4,3,3,3,3,3,3,3,3","0.000798940658569336","leiden","edit-xhwikibooks.graphml"
"0.38","0.05","0.57","0.406984870616072","1,1,1,1,2,3,2,3,3,3,2,2,3,3,3,3,3,2,4,2,5,1,3,3,3,3,3,3,1,3,2,4,2,2,4,4,3,3,5,5,5,5,1,1,1,1,5,1,1,1,5,5,5,5,5,1,1,1,1,5,3,5,5,3,3,5,5,5,5,5,1,5,3,3,5,5,5,5,5,5,5,3,3,3,3,1,5,5,5,5,3,2,4,5,5,5,3,5,5,5,5,5,5,5,5,5,5,2,2,5,5,5,5,4,4,4,4,4,4,4,4,3,3,3,3,3,3,3,3","0.000818014144897461","leiden","edit-xhwikibooks.graphml"
"0.37","0.06","0.57","0.406984870616072","1,1,1,1,2,3,2,3,3,3,2,2,3,3,3,3,3,2,4,2,5,1,3,3,3,3,3,3,1,3,2,4,2,2,4,4,3,3,5,5,5,5,1,1,1,1,5,1,1,1,5,5,5,5,5,1,1,1,1,5,3,5,5,3,3,5,5,5,5,5,1,5,3,3,5,5,5,5,5,5,5,3,3,3,3,1,5,5,5,5,3,2,4,5,5,5,3,5,5,5,5,5,5,5,5,5,5,2,2,5,5,5,5,4,4,4,4,4,4,4,4,3,3,3,3,3,3,3,3","0.000805139541625977","leiden","edit-xhwikibooks.graphml"
"0.36","0.07","0.57","0.406806143990588","1,1,1,1,2,3,2,3,3,3,2,2,3,3,3,3,3,2,4,2,5,1,3,3,3,3,3,3,1,3,2,4,2,2,4,4,3,3,5,5,5,5,1,1,1,1,5,1,1,1,5,5,5,5,5,1,1,1,1,5,3,5,5,3,3,5,5,5,5,5,1,5,3,3,5,5,5,5,5,5,5,3,3,3,3,1,5,5,5,5,3,2,4,5,5,5,3,5,5,5,5,5,5,5,5,5,5,2,2,5,5,5,5,4,4,4,4,4,4,4,4,3,3,3,3,3,3,3,3","0.00148701667785645","leiden","edit-xhwikibooks.graphml"
"0.35","0.08","0.57","0.407749925576173","1,1,1,1,2,3,2,3,3,3,2,2,3,3,3,3,3,2,4,2,5,1,3,3,3,3,3,3,1,3,2,4,2,2,4,4,3,3,5,5,5,5,1,1,1,1,5,1,1,1,5,5,5,5,5,1,1,1,1,5,3,5,5,3,3,5,5,5,5,5,1,5,3,3,5,5,5,5,5,5,5,3,3,3,3,1,5,5,5,5,3,2,4,5,5,5,3,5,5,5,5,5,5,5,5,5,5,2,2,5,5,5,5,4,4,4,4,4,4,4,4,3,3,3,3,3,3,3,3","0.00137710571289062","leiden","edit-xhwikibooks.graphml"
"0.34","0.09","0.57","0.408139929109807","1,1,1,1,2,3,2,3,3,3,2,2,3,3,3,3,3,2,4,2,5,1,3,3,3,3,3,3,1,3,2,4,2,2,4,4,3,3,5,5,5,5,1,1,1,1,5,1,1,1,5,5,5,5,5,1,1,1,1,5,3,5,5,3,3,5,5,5,5,5,1,5,3,3,5,5,5,5,5,5,5,3,3,3,3,1,5,5,5,5,3,2,4,5,5,5,3,5,5,5,5,5,5,5,5,5,5,2,2,5,5,5,5,4,4,4,4,4,4,4,4,3,3,3,3,3,3,3,3","0.00139498710632324","leiden","edit-xhwikibooks.graphml"
"0.33","0.1","0.57","0.408139929109807","1,1,1,1,2,3,2,3,3,3,2,2,3,3,3,3,3,2,4,2,5,1,3,3,3,3,3,3,1,3,2,4,2,2,4,4,3,3,5,5,5,5,1,1,1,1,5,1,1,1,5,5,5,5,5,1,1,1,1,5,3,5,5,3,3,5,5,5,5,5,1,5,3,3,5,5,5,5,5,5,5,3,3,3,3,1,5,5,5,5,3,2,4,5,5,5,3,5,5,5,5,5,5,5,5,5,5,2,2,5,5,5,5,4,4,4,4,4,4,4,4,3,3,3,3,3,3,3,3","0.00142383575439453","leiden","edit-xhwikibooks.graphml"
"0.32","0.11","0.57","0.407961002066116","1,1,1,1,2,3,2,3,3,3,2,2,3,3,3,3,3,2,4,2,5,1,3,3,3,3,3,3,1,3,2,4,2,2,4,4,3,3,5,5,5,5,1,1,1,1,5,1,1,1,5,5,5,5,5,1,1,1,1,5,3,5,5,3,3,5,5,5,5,5,1,5,3,3,5,5,5,5,5,5,5,3,3,3,3,1,5,5,5,5,3,2,4,5,5,5,3,5,5,5,5,5,5,5,5,5,5,2,2,5,5,5,5,4,4,4,4,4,4,4,4,3,3,3,3,3,3,3,3","0.00142312049865723","leiden","edit-xhwikibooks.graphml"
"0.31","0.12","0.57","0.409067513054637","1,1,1,1,2,3,2,3,3,3,2,2,3,3,3,3,3,2,4,2,5,1,3,3,3,3,3,3,1,3,2,4,2,2,4,4,3,3,5,5,5,5,1,1,1,1,5,1,1,1,5,5,5,5,5,1,1,1,1,5,3,5,5,3,3,5,5,5,5,5,1,5,3,3,5,5,5,5,5,5,5,3,3,3,3,1,5,5,5,5,3,2,4,5,5,5,3,5,5,5,5,5,5,5,5,5,5,2,2,5,5,5,5,4,4,4,4,4,4,4,4,3,3,3,3,3,3,3,3","0.00143313407897949","leiden","edit-xhwikibooks.graphml"
"0.3","0.13","0.57","0.408321533805486","1,1,1,1,2,3,2,3,3,3,2,2,3,3,3,3,3,2,4,2,5,1,3,3,3,3,3,3,1,3,2,4,2,2,4,4,3,3,5,5,5,5,1,1,1,1,5,1,1,1,5,5,5,5,5,1,1,1,1,5,3,5,5,3,3,5,5,5,5,5,1,5,3,3,5,5,5,5,5,5,5,3,3,3,3,1,5,5,5,5,3,2,4,5,5,5,3,5,5,5,5,5,5,5,5,5,5,2,2,5,5,5,5,4,4,4,4,4,4,4,4,3,3,3,3,3,3,3,3","0.00147104263305664","leiden","edit-xhwikibooks.graphml"
"0.29","0.14","0.57","0.407787055068151","1,1,1,1,2,3,2,3,3,3,2,2,3,3,3,3,3,2,4,2,5,1,3,3,3,3,3,3,1,3,2,4,2,2,4,4,3,3,5,5,5,5,1,1,1,1,5,1,1,1,5,5,5,5,5,1,1,1,1,5,3,5,5,3,3,5,5,5,5,5,1,5,3,3,5,5,5,5,5,5,5,3,3,3,3,1,5,5,5,5,3,2,4,5,5,5,3,5,5,5,5,5,5,5,5,5,5,2,2,5,5,5,5,4,4,4,4,4,4,4,4,3,3,3,3,3,3,3,3","0.00153303146362305","leiden","edit-xhwikibooks.graphml"
"0.28","0.15","0.57","0.404470905268626","1,1,1,1,2,3,2,3,3,3,2,2,3,3,3,3,3,2,4,2,5,1,3,3,3,3,3,3,1,3,2,4,2,2,4,4,3,3,5,5,5,5,1,1,1,1,5,1,1,1,5,5,5,5,5,1,1,1,1,5,3,5,5,3,3,5,5,5,5,5,1,5,3,3,5,5,5,5,5,5,5,3,3,3,3,1,5,5,5,5,3,2,4,5,5,5,3,5,5,5,5,5,5,5,5,5,5,2,2,5,5,5,5,4,4,4,4,4,4,4,4,3,3,3,3,3,3,3,3","0.00164794921875","leiden","edit-xhwikibooks.graphml"
"0.27","0.16","0.57","0.40504391711334","1,1,1,1,2,3,2,3,3,3,2,2,3,3,3,3,3,2,4,2,5,1,3,3,3,3,3,3,1,3,2,4,2,2,4,4,3,3,5,5,5,5,1,1,1,1,5,1,1,1,5,5,5,5,5,1,1,1,1,5,3,5,5,3,3,5,5,5,5,5,1,5,3,3,5,5,5,5,5,5,5,3,3,3,3,1,5,5,5,5,3,2,4,5,5,5,3,5,5,5,5,5,5,5,5,5,5,2,2,5,5,5,5,4,4,4,4,4,4,4,4,3,3,3,3,3,3,3,3","0.0369818210601807","leiden","edit-xhwikibooks.graphml"
"0.26","0.17","0.57","0.405441692843119","1,1,1,1,2,3,2,3,3,3,2,2,3,3,3,3,3,2,4,2,5,1,3,3,3,3,3,3,1,3,2,4,2,2,4,4,3,3,5,5,5,5,1,1,1,1,5,1,1,1,5,5,5,5,5,1,1,1,1,5,3,5,5,3,3,5,5,5,5,5,1,5,3,3,5,5,5,5,5,5,5,3,3,3,3,1,5,5,5,5,3,2,4,5,5,5,3,5,5,5,5,5,5,5,5,5,5,2,2,5,5,5,5,4,4,4,4,4,4,4,4,3,3,3,3,3,3,3,3","0.00117802619934082","leiden","edit-xhwikibooks.graphml"
"0.25","0.18","0.57","0.405441692843119","1,1,1,1,2,3,2,3,3,3,2,2,3,3,3,3,3,2,4,2,5,1,3,3,3,3,3,3,1,3,2,4,2,2,4,4,3,3,5,5,5,5,1,1,1,1,5,1,1,1,5,5,5,5,5,1,1,1,1,5,3,5,5,3,3,5,5,5,5,5,1,5,3,3,5,5,5,5,5,5,5,3,3,3,3,1,5,5,5,5,3,2,4,5,5,5,3,5,5,5,5,5,5,5,5,5,5,2,2,5,5,5,5,4,4,4,4,4,4,4,4,3,3,3,3,3,3,3,3","0.000980854034423828","leiden","edit-xhwikibooks.graphml"
"0.24","0.19","0.57","0.405263307586324","1,1,1,1,2,3,2,3,3,3,2,2,3,3,3,3,3,2,4,2,5,1,3,3,3,3,3,3,1,3,2,4,2,2,4,4,3,3,5,5,5,5,1,1,1,1,5,1,1,1,5,5,5,5,5,1,1,1,1,5,3,5,5,3,3,5,5,5,5,5,1,5,3,3,5,5,5,5,5,5,5,3,3,3,3,1,5,5,5,5,3,2,4,5,5,5,3,5,5,5,5,5,5,5,5,5,5,2,2,5,5,5,5,4,4,4,4,4,4,4,4,3,3,3,3,3,3,3,3","0.000944137573242188","leiden","edit-xhwikibooks.graphml"
"0.23","0.2","0.57","0.406344512194139","1,1,1,1,2,3,2,3,3,3,2,2,3,3,3,3,3,2,4,2,5,1,3,3,3,3,3,3,1,3,2,4,2,2,4,4,3,3,5,5,5,5,1,1,1,1,5,1,1,1,5,5,5,5,5,1,1,1,1,5,3,5,5,3,3,5,5,5,5,5,1,5,3,3,5,5,5,5,5,5,5,3,3,3,3,1,5,5,5,5,3,2,4,5,5,5,3,5,5,5,5,5,5,5,5,5,5,2,2,5,5,5,5,4,4,4,4,4,4,4,4,3,3,3,3,3,3,3,3","0.000936985015869141","leiden","edit-xhwikibooks.graphml"
"0.22","0.21","0.57","0.406166214226172","1,1,1,1,2,3,2,3,3,3,2,2,3,3,3,3,3,2,4,2,5,1,3,3,3,3,3,3,1,3,2,4,2,2,4,4,3,3,5,5,5,5,1,1,1,1,5,1,1,1,5,5,5,5,5,1,1,1,1,5,3,5,5,3,3,5,5,5,5,5,1,5,3,3,5,5,5,5,5,5,5,3,3,3,3,1,5,5,5,5,3,2,4,5,5,5,3,5,5,5,5,5,5,5,5,5,5,2,2,5,5,5,5,4,4,4,4,4,4,4,4,3,3,3,3,3,3,3,3","0.000926971435546875","leiden","edit-xhwikibooks.graphml"
"0.21","0.22","0.57","0.406166214226172","1,1,1,1,2,3,2,3,3,3,2,2,3,3,3,3,3,2,4,2,5,1,3,3,3,3,3,3,1,3,2,4,2,2,4,4,3,3,5,5,5,5,1,1,1,1,5,1,1,1,5,5,5,5,5,1,1,1,1,5,3,5,5,3,3,5,5,5,5,5,1,5,3,3,5,5,5,5,5,5,5,3,3,3,3,1,5,5,5,5,3,2,4,5,5,5,3,5,5,5,5,5,5,5,5,5,5,2,2,5,5,5,5,4,4,4,4,4,4,4,4,3,3,3,3,3,3,3,3","0.000878095626831055","leiden","edit-xhwikibooks.graphml"
"0.2","0.23","0.57","0.407098203179546","1,1,1,1,2,3,2,3,3,3,2,2,3,3,3,3,3,2,4,2,5,1,3,3,3,3,3,3,1,3,2,4,2,2,4,4,3,3,5,5,5,5,1,1,1,1,5,1,1,1,5,5,5,5,5,1,1,1,1,5,3,5,5,3,3,5,5,5,5,5,1,5,3,3,5,5,5,5,5,5,5,3,3,3,3,1,5,5,5,5,3,2,4,5,5,5,3,5,5,5,5,5,5,5,5,5,5,2,2,5,5,5,5,4,4,4,4,4,4,4,4,3,3,3,3,3,3,3,3","0.000892877578735352","leiden","edit-xhwikibooks.graphml"
"0.19","0.24","0.57","0.407664947177657","1,1,1,1,2,3,2,3,3,3,2,2,3,3,3,3,3,2,4,2,5,1,3,3,3,3,3,3,1,3,2,4,2,2,4,4,3,3,5,5,5,5,1,1,1,1,5,1,1,1,5,5,5,5,5,1,1,1,1,5,3,5,5,3,3,5,5,5,5,5,1,5,3,3,5,5,5,5,5,5,5,3,3,3,3,1,5,5,5,5,3,2,4,5,5,5,3,5,5,5,5,5,5,5,5,5,5,2,2,5,5,5,5,4,4,4,4,4,4,4,4,3,3,3,3,3,3,3,3","0.000925064086914062","leiden","edit-xhwikibooks.graphml"
"0.18","0.25","0.57","0.409087586581123","1,1,1,1,2,3,2,3,3,3,2,2,3,3,3,3,3,2,4,2,5,1,3,3,3,3,3,3,1,3,2,4,2,2,4,4,3,3,5,5,5,5,1,1,1,1,5,1,1,1,5,5,5,5,5,1,1,1,1,5,3,5,5,3,3,5,5,5,5,5,1,5,3,3,5,5,5,5,5,5,5,3,3,3,3,1,5,5,5,5,3,2,4,5,5,5,3,5,5,5,5,5,5,5,5,5,5,2,2,5,5,5,5,4,4,4,4,4,4,4,4,3,3,3,3,3,3,3,3","0.000930070877075195","leiden","edit-xhwikibooks.graphml"
"0.17","0.26","0.57","0.409087586581123","1,1,1,1,2,3,2,3,3,3,2,2,3,3,3,3,3,2,4,2,5,1,3,3,3,3,3,3,1,3,2,4,2,2,4,4,3,3,5,5,5,5,1,1,1,1,5,1,1,1,5,5,5,5,5,1,1,1,1,5,3,5,5,3,3,5,5,5,5,5,1,5,3,3,5,5,5,5,5,5,5,3,3,3,3,1,5,5,5,5,3,2,4,5,5,5,3,5,5,5,5,5,5,5,5,5,5,2,2,5,5,5,5,4,4,4,4,4,4,4,4,3,3,3,3,3,3,3,3","0.000952005386352539","leiden","edit-xhwikibooks.graphml"
"0.16","0.27","0.57","0.409087586581123","1,1,1,1,2,3,2,3,3,3,2,2,3,3,3,3,3,2,4,2,5,1,3,3,3,3,3,3,1,3,2,4,2,2,4,4,3,3,5,5,5,5,1,1,1,1,5,1,1,1,5,5,5,5,5,1,1,1,1,5,3,5,5,3,3,5,5,5,5,5,1,5,3,3,5,5,5,5,5,5,5,3,3,3,3,1,5,5,5,5,3,2,4,5,5,5,3,5,5,5,5,5,5,5,5,5,5,2,2,5,5,5,5,4,4,4,4,4,4,4,4,3,3,3,3,3,3,3,3","0.00103306770324707","leiden","edit-xhwikibooks.graphml"
"0.15","0.28","0.57","0.408377381978358","1,1,1,1,2,3,2,3,3,3,2,2,3,3,3,3,3,2,4,2,5,1,3,3,3,3,3,3,1,3,2,4,2,2,4,4,3,3,5,5,5,5,1,1,1,1,5,1,1,1,5,5,5,5,5,1,1,1,1,5,3,5,5,3,3,5,5,5,5,5,1,5,3,3,5,5,5,5,5,5,5,3,3,3,3,1,5,5,5,5,3,2,4,5,5,5,3,5,5,5,5,5,5,5,5,5,5,2,2,5,5,5,5,4,4,4,4,4,4,4,4,3,3,3,3,3,3,3,3","0.000813007354736328","leiden","edit-xhwikibooks.graphml"
"0.14","0.29","0.57","0.408180759041144","1,1,1,1,1,2,3,2,2,2,3,3,2,2,2,2,2,3,3,3,4,1,2,2,2,2,2,2,1,2,3,3,3,3,3,3,2,2,4,4,4,4,1,1,1,1,4,1,1,1,4,4,4,4,4,1,1,1,1,4,2,4,4,2,2,4,4,4,4,4,1,4,2,2,4,4,4,4,4,4,4,2,2,2,2,1,4,4,4,4,2,3,3,4,4,4,2,4,4,4,4,4,4,4,4,4,4,3,3,4,4,4,4,3,3,3,3,3,3,3,3,2,2,2,2,2,2,2,2","0.000816106796264648","leiden","edit-xhwikibooks.graphml"
"0.13","0.3","0.57","0.40855287888406","1,1,1,1,2,3,2,3,3,3,2,2,3,3,3,3,3,2,4,2,5,1,3,3,3,3,3,3,1,3,2,4,2,2,4,4,3,3,5,5,5,5,1,1,1,1,5,1,1,1,5,5,5,5,5,1,1,1,1,5,3,5,5,3,3,5,5,5,5,5,1,5,3,3,5,5,5,5,5,5,5,3,3,3,3,1,5,5,5,5,3,2,4,5,5,5,3,5,5,5,5,5,5,5,5,5,5,2,2,5,5,5,5,4,4,4,4,4,4,4,4,3,3,3,3,3,3,3,3","0.000823020935058594","leiden","edit-xhwikibooks.graphml"
"0.12","0.31","0.57","0.409115460460945","1,1,1,1,2,3,2,3,3,3,2,2,3,3,3,3,3,2,4,2,5,1,3,3,3,3,3,3,1,3,2,4,2,2,4,4,3,3,5,5,5,5,1,1,1,1,5,1,1,1,5,5,5,5,5,1,1,1,1,5,3,5,5,3,3,5,5,5,5,5,1,5,3,3,5,5,5,5,5,5,5,3,3,3,3,1,5,5,5,5,3,2,4,5,5,5,3,5,5,5,5,5,5,5,5,5,5,2,2,5,5,5,5,4,4,4,4,4,4,4,4,3,3,3,3,3,3,3,3","0.00092005729675293","leiden","edit-xhwikibooks.graphml"
"0.11","0.32","0.57","0.408937534853345","1,1,1,1,2,3,2,3,3,3,2,2,3,3,3,3,3,2,4,2,5,1,3,3,3,3,3,3,1,3,2,4,2,2,4,4,3,3,5,5,5,5,1,1,1,1,5,1,1,1,5,5,5,5,5,1,1,1,1,5,3,5,5,3,3,5,5,5,5,5,1,5,3,3,5,5,5,5,5,5,5,3,3,3,3,1,5,5,5,5,3,2,4,5,5,5,3,5,5,5,5,5,5,5,5,5,5,2,2,5,5,5,5,4,4,4,4,4,4,4,4,3,3,3,3,3,3,3,3","0.000840902328491211","leiden","edit-xhwikibooks.graphml"
"0.1","0.33","0.57","0.408937534853345","1,1,1,1,2,3,2,3,3,3,2,2,3,3,3,3,3,2,4,2,5,1,3,3,3,3,3,3,1,3,2,4,2,2,4,4,3,3,5,5,5,5,1,1,1,1,5,1,1,1,5,5,5,5,5,1,1,1,1,5,3,5,5,3,3,5,5,5,5,5,1,5,3,3,5,5,5,5,5,5,5,3,3,3,3,1,5,5,5,5,3,2,4,5,5,5,3,5,5,5,5,5,5,5,5,5,5,2,2,5,5,5,5,4,4,4,4,4,4,4,4,3,3,3,3,3,3,3,3","0.000818014144897461","leiden","edit-xhwikibooks.graphml"
"0.09","0.34","0.57","0.416611614091457","1,1,1,1,2,3,2,3,3,3,2,2,3,3,3,3,3,2,4,2,5,1,3,3,3,3,3,3,1,3,2,4,2,2,4,4,3,3,5,5,5,5,1,1,1,1,5,1,1,1,5,5,5,5,5,1,1,1,1,5,3,5,5,3,3,5,5,5,5,5,1,5,3,3,5,5,5,5,5,5,5,3,3,3,3,1,5,5,5,5,3,2,4,5,5,5,3,5,5,5,5,5,5,5,5,5,5,2,2,5,5,5,5,4,4,4,4,4,4,4,4,3,3,3,3,3,3,3,3","0.000839948654174805","leiden","edit-xhwikibooks.graphml"
"0.08","0.35","0.57","0.416611614091457","1,1,1,1,2,3,2,3,3,3,2,2,3,3,3,3,3,2,4,2,5,1,3,3,3,3,3,3,1,3,2,4,2,2,4,4,3,3,5,5,5,5,1,1,1,1,5,1,1,1,5,5,5,5,5,1,1,1,1,5,3,5,5,3,3,5,5,5,5,5,1,5,3,3,5,5,5,5,5,5,5,3,3,3,3,1,5,5,5,5,3,2,4,5,5,5,3,5,5,5,5,5,5,5,5,5,5,2,2,5,5,5,5,4,4,4,4,4,4,4,4,3,3,3,3,3,3,3,3","0.000863075256347656","leiden","edit-xhwikibooks.graphml"
"0.07","0.36","0.57","0.416981679722855","1,1,1,1,2,3,2,3,3,3,2,2,3,3,3,3,3,2,4,2,5,1,3,3,3,3,3,3,1,3,2,4,2,2,4,4,3,3,5,5,5,5,1,1,1,1,5,1,1,1,5,5,5,5,5,1,1,1,1,5,3,5,5,3,3,5,5,5,5,5,1,5,3,3,5,5,5,5,5,5,5,3,3,3,3,1,5,5,5,5,3,2,4,5,5,5,3,5,5,5,5,5,5,5,5,5,5,2,2,5,5,5,5,4,4,4,4,4,4,4,4,3,3,3,3,3,3,3,3","0.000860929489135742","leiden","edit-xhwikibooks.graphml"
"0.06","0.37","0.57","0.417015229707913","1,1,1,1,1,2,3,2,2,2,3,3,2,2,2,2,2,3,4,3,5,1,2,2,2,2,2,2,1,2,3,4,3,3,4,4,2,2,5,5,5,5,1,1,1,1,5,1,1,1,5,5,5,5,5,1,1,1,1,5,2,5,5,2,2,5,5,5,5,5,1,5,2,2,5,5,5,5,5,5,5,2,2,2,2,1,5,5,5,5,2,3,4,5,5,5,2,5,5,5,5,5,5,5,5,5,5,3,3,5,5,5,5,4,4,4,4,4,4,4,4,2,2,2,2,2,2,2,2","0.000872135162353516","leiden","edit-xhwikibooks.graphml"
"0.05","0.38","0.57","0.416479198526888","1,1,1,1,2,3,2,3,3,3,4,2,3,3,3,3,3,4,4,2,5,1,3,3,3,3,3,3,1,3,4,4,2,2,4,4,3,3,5,5,5,5,1,1,1,1,5,1,1,1,5,5,5,5,5,1,1,1,1,5,3,5,5,3,3,5,5,5,5,5,1,5,3,3,5,5,5,5,5,5,5,3,3,3,3,1,5,5,5,5,3,4,4,5,5,5,3,5,5,5,5,5,5,5,5,5,5,2,2,5,5,5,5,4,4,4,4,4,4,4,4,3,3,3,3,3,3,3,3","0.000870943069458008","leiden","edit-xhwikibooks.graphml"
"0.04","0.39","0.57","0.417528738050947","1,1,1,1,2,3,2,3,3,3,2,2,3,3,3,3,3,2,4,2,5,1,3,3,3,3,3,3,1,3,2,4,2,2,4,4,3,3,5,5,5,5,1,1,1,1,5,1,1,1,5,5,5,5,5,1,1,1,1,5,3,5,5,3,3,5,5,5,5,5,1,5,3,3,5,5,5,5,5,5,5,3,3,3,3,1,5,5,5,5,3,2,4,5,5,5,3,5,5,5,5,5,5,5,5,5,5,2,2,5,5,5,5,4,4,4,4,4,4,4,4,3,3,3,3,3,3,3,3","0.000833988189697266","leiden","edit-xhwikibooks.graphml"
"0.03","0.4","0.57","0.417471560720797","1,1,1,1,1,3,1,3,3,3,2,1,3,3,3,3,3,2,2,1,4,1,3,3,3,3,3,3,1,3,2,2,1,1,2,2,3,3,4,4,4,4,1,1,1,1,4,1,1,1,4,4,4,4,4,1,1,1,1,4,3,4,4,3,3,4,4,4,4,4,1,4,3,3,4,4,4,4,4,4,4,3,3,3,3,1,4,4,4,4,3,2,2,4,4,4,3,4,4,4,4,4,4,4,4,4,4,1,1,4,4,4,4,2,2,2,2,2,2,2,2,3,3,3,3,3,3,3,3","0.000850915908813477","leiden","edit-xhwikibooks.graphml"
"0.02","0.41","0.57","0.41837401769058","1,1,1,1,2,3,2,3,3,3,2,2,3,3,3,3,3,2,4,2,5,1,3,3,3,3,3,3,1,3,2,4,2,2,4,4,3,3,5,5,5,5,1,1,1,1,5,1,1,1,5,5,5,5,5,1,1,1,1,5,3,5,5,3,3,5,5,5,5,5,1,5,3,3,5,5,5,5,5,5,5,3,3,3,3,1,5,5,5,5,3,2,4,5,5,5,3,5,5,5,5,5,5,5,5,5,5,2,2,5,5,5,5,4,4,4,4,4,4,4,4,3,3,3,3,3,3,3,3","0.000868082046508789","leiden","edit-xhwikibooks.graphml"
"0.01","0.42","0.57","0.418195699909219","1,1,1,1,2,3,2,3,3,3,2,2,3,3,3,3,3,2,4,2,5,1,3,3,3,3,3,3,1,3,2,4,2,2,4,4,3,3,5,5,5,5,1,1,1,1,5,1,1,1,5,5,5,5,5,1,1,1,1,5,3,5,5,3,3,5,5,5,5,5,1,5,3,3,5,5,5,5,5,5,5,3,3,3,3,1,5,5,5,5,3,2,4,5,5,5,3,5,5,5,5,5,5,5,5,5,5,2,2,5,5,5,5,4,4,4,4,4,4,4,4,3,3,3,3,3,3,3,3","0.000844955444335938","leiden","edit-xhwikibooks.graphml"
"0","0.43","0.57","0.419869768198986","1,1,1,1,1,2,3,2,2,2,3,3,2,2,2,2,2,3,4,3,5,1,2,2,2,2,2,2,1,2,3,4,3,3,4,4,2,2,5,5,5,5,1,1,1,1,5,1,1,1,5,5,5,5,5,1,1,1,1,5,2,5,5,2,2,5,5,5,5,5,1,5,2,2,5,5,5,5,5,5,5,2,2,2,2,1,5,5,5,5,2,3,4,5,5,5,2,5,5,5,5,5,5,5,5,5,5,3,3,5,5,5,5,4,4,4,4,4,4,4,4,2,2,2,2,2,2,2,2","0.000849008560180664","leiden","edit-xhwikibooks.graphml"
"0.42","0","0.58","0.404762325819788","1,1,1,1,2,3,2,3,3,3,2,2,3,3,3,3,3,2,4,2,5,1,3,3,3,3,3,3,1,3,2,4,2,2,4,4,3,3,5,5,5,5,1,1,1,1,5,1,1,1,5,5,5,5,5,1,1,1,1,5,3,5,5,3,3,5,5,5,5,5,1,5,3,3,5,5,5,5,5,5,5,3,3,3,3,1,5,5,5,5,3,2,4,5,5,5,3,5,5,5,5,5,5,5,5,5,5,2,2,5,5,5,5,4,4,4,4,4,4,4,4,3,3,3,3,3,3,3,3","0.000853061676025391","leiden","edit-xhwikibooks.graphml"
"0.41","0.01","0.58","0.404762325819788","1,1,1,1,2,3,2,3,3,3,2,2,3,3,3,3,3,2,4,2,5,1,3,3,3,3,3,3,1,3,2,4,2,2,4,4,3,3,5,5,5,5,1,1,1,1,5,1,1,1,5,5,5,5,5,1,1,1,1,5,3,5,5,3,3,5,5,5,5,5,1,5,3,3,5,5,5,5,5,5,5,3,3,3,3,1,5,5,5,5,3,2,4,5,5,5,3,5,5,5,5,5,5,5,5,5,5,2,2,5,5,5,5,4,4,4,4,4,4,4,4,3,3,3,3,3,3,3,3","0.000818014144897461","leiden","edit-xhwikibooks.graphml"
"0.4","0.02","0.58","0.404762325819788","1,1,1,1,2,3,2,3,3,3,2,2,3,3,3,3,3,2,4,2,5,1,3,3,3,3,3,3,1,3,2,4,2,2,4,4,3,3,5,5,5,5,1,1,1,1,5,1,1,1,5,5,5,5,5,1,1,1,1,5,3,5,5,3,3,5,5,5,5,5,1,5,3,3,5,5,5,5,5,5,5,3,3,3,3,1,5,5,5,5,3,2,4,5,5,5,3,5,5,5,5,5,5,5,5,5,5,2,2,5,5,5,5,4,4,4,4,4,4,4,4,3,3,3,3,3,3,3,3","0.000858783721923828","leiden","edit-xhwikibooks.graphml"
"0.39","0.03","0.58","0.404457924603697","1,1,1,1,1,2,3,2,2,2,3,3,2,2,2,2,2,3,4,3,5,1,2,2,2,2,2,2,1,2,3,4,3,3,4,4,2,2,5,5,5,5,1,1,1,1,5,1,1,1,5,5,5,5,5,1,1,1,1,5,2,5,5,2,2,5,5,5,5,5,1,5,2,2,5,5,5,5,5,5,5,2,2,2,2,1,5,5,5,5,2,3,4,5,5,5,2,5,5,5,5,5,5,5,5,5,5,3,3,5,5,5,5,4,4,4,4,4,4,4,4,2,2,2,2,2,2,2,2","0.000826120376586914","leiden","edit-xhwikibooks.graphml"
"0.38","0.04","0.58","0.404589497780312","1,1,1,1,2,3,2,3,3,3,2,2,3,3,3,3,3,2,4,2,5,1,3,3,3,3,3,3,1,3,2,4,2,2,4,4,3,3,5,5,5,5,1,1,1,1,5,1,1,1,5,5,5,5,5,1,1,1,1,5,3,5,5,3,3,5,5,5,5,5,1,5,3,3,5,5,5,5,5,5,5,3,3,3,3,1,5,5,5,5,3,2,4,5,5,5,3,5,5,5,5,5,5,5,5,5,5,2,2,5,5,5,5,4,4,4,4,4,4,4,4,3,3,3,3,3,3,3,3","0.000862836837768555","leiden","edit-xhwikibooks.graphml"
"0.37","0.05","0.58","0.404416804661072","1,1,1,1,2,3,2,3,3,3,2,2,3,3,3,3,3,2,4,2,5,1,3,3,3,3,3,3,1,3,2,4,2,2,4,4,3,3,5,5,5,5,1,1,1,1,5,1,1,1,5,5,5,5,5,1,1,1,1,5,3,5,5,3,3,5,5,5,5,5,1,5,3,3,5,5,5,5,5,5,5,3,3,3,3,1,5,5,5,5,3,2,4,5,5,5,3,5,5,5,5,5,5,5,5,5,5,2,2,5,5,5,5,4,4,4,4,4,4,4,4,3,3,3,3,3,3,3,3","0.000865936279296875","leiden","edit-xhwikibooks.graphml"
"0.36","0.06","0.58","0.404416804661072","1,1,1,1,2,3,2,3,3,3,2,2,3,3,3,3,3,2,4,2,5,1,3,3,3,3,3,3,1,3,2,4,2,2,4,4,3,3,5,5,5,5,1,1,1,1,5,1,1,1,5,5,5,5,5,1,1,1,1,5,3,5,5,3,3,5,5,5,5,5,1,5,3,3,5,5,5,5,5,5,5,3,3,3,3,1,5,5,5,5,3,2,4,5,5,5,3,5,5,5,5,5,5,5,5,5,5,2,2,5,5,5,5,4,4,4,4,4,4,4,4,3,3,3,3,3,3,3,3","0.000809192657470703","leiden","edit-xhwikibooks.graphml"
"0.35","0.07","0.58","0.402673147950307","1,1,1,1,2,3,2,3,3,3,2,2,3,3,3,3,3,2,4,2,5,1,3,3,3,3,3,3,1,3,2,4,2,2,4,4,3,3,5,5,5,5,1,1,1,1,5,1,1,1,5,5,5,5,5,1,1,1,1,5,3,5,5,3,3,5,5,5,5,5,1,5,3,3,5,5,5,5,5,5,5,3,3,3,3,1,5,5,5,5,3,2,4,5,5,5,3,5,5,5,5,5,5,5,5,5,5,2,2,5,5,5,5,4,4,4,4,4,4,4,4,3,3,3,3,3,3,3,3","0.000812053680419922","leiden","edit-xhwikibooks.graphml"
"0.34","0.08","0.58","0.403234147050923","1,1,1,1,2,3,2,3,3,3,2,2,3,3,3,3,3,2,4,2,5,1,3,3,3,3,3,3,1,3,2,4,2,2,4,4,3,3,5,5,5,5,1,1,1,1,5,1,1,1,5,5,5,5,5,1,1,1,1,5,3,5,5,3,3,5,5,5,5,5,1,5,3,3,5,5,5,5,5,5,5,3,3,3,3,1,5,5,5,5,3,2,4,5,5,5,3,5,5,5,5,5,5,5,5,5,5,2,2,5,5,5,5,4,4,4,4,4,4,4,4,3,3,3,3,3,3,3,3","0.000818014144897461","leiden","edit-xhwikibooks.graphml"
"0.33","0.09","0.58","0.403620934666557","1,1,1,1,2,3,2,3,3,3,2,2,3,3,3,3,3,2,4,2,5,1,3,3,3,3,3,3,1,3,2,4,2,2,4,4,3,3,5,5,5,5,1,1,1,1,5,1,1,1,5,5,5,5,5,1,1,1,1,5,3,5,5,3,3,5,5,5,5,5,1,5,3,3,5,5,5,5,5,5,5,3,3,3,3,1,5,5,5,5,3,2,4,5,5,5,3,5,5,5,5,5,5,5,5,5,5,2,2,5,5,5,5,4,4,4,4,4,4,4,4,3,3,3,3,3,3,3,3","0.000817060470581055","leiden","edit-xhwikibooks.graphml"
"0.32","0.1","0.58","0.403620934666557","1,1,1,1,2,3,2,3,3,3,2,2,3,3,3,3,3,2,4,2,5,1,3,3,3,3,3,3,1,3,2,4,2,2,4,4,3,3,5,5,5,5,1,1,1,1,5,1,1,1,5,5,5,5,5,1,1,1,1,5,3,5,5,3,3,5,5,5,5,5,1,5,3,3,5,5,5,5,5,5,5,3,3,3,3,1,5,5,5,5,3,2,4,5,5,5,3,5,5,5,5,5,5,5,5,5,5,2,2,5,5,5,5,4,4,4,4,4,4,4,4,3,3,3,3,3,3,3,3","0.00103902816772461","leiden","edit-xhwikibooks.graphml"
"0.31","0.11","0.58","0.403448341880924","1,1,1,1,2,3,2,3,3,3,2,2,3,3,3,3,3,2,4,2,5,1,3,3,3,3,3,3,1,3,2,4,2,2,4,4,3,3,5,5,5,5,1,1,1,1,5,1,1,1,5,5,5,5,5,1,1,1,1,5,3,5,5,3,3,5,5,5,5,5,1,5,3,3,5,5,5,5,5,5,5,3,3,3,3,1,5,5,5,5,3,2,4,5,5,5,3,5,5,5,5,5,5,5,5,5,5,2,2,5,5,5,5,4,4,4,4,4,4,4,4,3,3,3,3,3,3,3,3","0.000782966613769531","leiden","edit-xhwikibooks.graphml"
"0.3","0.12","0.58","0.404533885045314","1,1,1,1,2,3,2,3,3,3,2,2,3,3,3,3,3,2,4,2,5,1,3,3,3,3,3,3,1,3,2,4,2,2,4,4,3,3,5,5,5,5,1,1,1,1,5,1,1,1,5,5,5,5,5,1,1,1,1,5,3,5,5,3,3,5,5,5,5,5,1,5,3,3,5,5,5,5,5,5,5,3,3,3,3,1,5,5,5,5,3,2,4,5,5,5,3,5,5,5,5,5,5,5,5,5,5,2,2,5,5,5,5,4,4,4,4,4,4,4,4,3,3,3,3,3,3,3,3","0.000808954238891602","leiden","edit-xhwikibooks.graphml"
"0.29","0.13","0.58","0.400455266933244","1,1,1,1,2,3,2,3,3,3,2,2,3,3,3,3,3,2,4,2,5,1,3,3,3,3,3,3,1,3,2,4,2,2,4,4,3,3,5,5,5,5,1,1,1,1,5,1,1,1,5,5,5,5,5,1,1,1,1,5,3,5,5,3,3,5,5,5,5,5,1,5,3,3,5,5,5,5,5,5,5,3,3,3,3,1,5,5,5,5,3,2,4,5,5,5,3,5,5,5,5,5,5,5,5,5,5,2,2,5,5,5,5,4,4,4,4,4,4,4,4,3,3,3,3,3,3,3,3","0.000783920288085938","leiden","edit-xhwikibooks.graphml"
"0.28","0.14","0.58","0.40101749508571","1,1,1,1,2,3,2,3,3,3,2,2,3,3,3,3,3,2,4,2,5,1,3,3,3,3,3,3,1,3,2,4,2,2,4,4,3,3,5,5,5,5,1,1,1,1,5,1,1,1,5,5,5,5,5,1,1,1,1,5,3,5,5,3,3,5,5,5,5,5,1,5,3,3,5,5,5,5,5,5,5,3,3,3,3,1,5,5,5,5,3,2,4,5,5,5,3,5,5,5,5,5,5,5,5,5,5,2,2,5,5,5,5,4,4,4,4,4,4,4,4,3,3,3,3,3,3,3,3","0.000816106796264648","leiden","edit-xhwikibooks.graphml"
"0.27","0.15","0.58","0.401806390088604","1,1,1,1,1,3,2,3,3,3,2,2,3,3,3,3,3,2,4,2,5,1,3,3,3,3,3,3,1,3,2,4,2,2,4,4,3,3,5,5,5,5,1,1,1,1,5,1,1,1,5,5,5,5,5,1,1,1,1,5,3,5,5,3,3,5,5,5,5,5,1,5,3,3,5,5,5,5,5,5,5,3,3,3,3,1,5,5,5,5,3,2,4,5,5,5,3,5,5,5,5,5,5,5,5,5,5,2,2,5,5,5,5,4,4,4,4,4,4,4,4,3,3,3,3,3,3,3,3","0.00092005729675293","leiden","edit-xhwikibooks.graphml"
"0.26","0.16","0.58","0.397732828937777","1,1,1,1,2,3,2,3,3,3,2,2,3,3,3,3,3,2,4,2,5,1,3,3,3,3,3,3,1,3,2,4,2,2,4,4,3,3,5,5,5,5,1,1,1,1,5,1,1,1,5,5,5,5,5,1,1,1,1,5,3,5,5,3,3,5,5,5,5,5,1,5,3,3,5,5,5,5,5,5,5,3,3,3,3,1,5,5,5,5,3,2,4,5,5,5,3,5,5,5,5,5,5,5,5,5,5,2,2,5,5,5,5,4,4,4,4,4,4,4,4,3,3,3,3,3,3,3,3","0.000803947448730469","leiden","edit-xhwikibooks.graphml"
"0.25","0.17","0.58","0.398132117948738","1,1,1,1,2,3,2,3,3,3,2,2,3,3,3,3,3,2,4,2,5,1,3,3,3,3,3,3,1,3,2,4,2,2,4,4,3,3,5,5,5,5,1,1,1,1,5,1,1,1,5,5,5,5,5,1,1,1,1,5,3,5,5,3,3,5,5,5,5,5,1,5,3,3,5,5,5,5,5,5,5,3,3,3,3,1,5,5,5,5,3,2,4,5,5,5,3,5,5,5,5,5,5,5,5,5,5,2,2,5,5,5,5,4,4,4,4,4,4,4,4,3,3,3,3,3,3,3,3","0.000807046890258789","leiden","edit-xhwikibooks.graphml"
"0.24","0.18","0.58","0.398132117948738","1,1,1,1,2,3,2,3,3,3,2,2,3,3,3,3,3,2,4,2,5,1,3,3,3,3,3,3,1,3,2,4,2,2,4,4,3,3,5,5,5,5,1,1,1,1,5,1,1,1,5,5,5,5,5,1,1,1,1,5,3,5,5,3,3,5,5,5,5,5,1,5,3,3,5,5,5,5,5,5,5,3,3,3,3,1,5,5,5,5,3,2,4,5,5,5,3,5,5,5,5,5,5,5,5,5,5,2,2,5,5,5,5,4,4,4,4,4,4,4,4,3,3,3,3,3,3,3,3","0.000795125961303711","leiden","edit-xhwikibooks.graphml"
"0.23","0.19","0.58","0.397960422948156","1,1,1,1,2,3,2,3,3,3,2,2,3,3,3,3,3,2,4,2,5,1,3,3,3,3,3,3,1,3,2,4,2,2,4,4,3,3,5,5,5,5,1,1,1,1,5,1,1,1,5,5,5,5,5,1,1,1,1,5,3,5,5,3,3,5,5,5,5,5,1,5,3,3,5,5,5,5,5,5,5,3,3,3,3,1,5,5,5,5,3,2,4,5,5,5,3,5,5,5,5,5,5,5,5,5,5,2,2,5,5,5,5,4,4,4,4,4,4,4,4,3,3,3,3,3,3,3,3","0.000810861587524414","leiden","edit-xhwikibooks.graphml"
"0.22","0.2","0.58","0.399033759653246","1,1,1,1,2,3,2,3,3,3,2,2,3,3,3,3,3,2,4,2,5,1,3,3,3,3,3,3,1,3,2,4,2,2,4,4,3,3,5,5,5,5,1,1,1,1,5,1,1,1,5,5,5,5,5,1,1,1,1,5,3,5,5,3,3,5,5,5,5,5,1,5,3,3,5,5,5,5,5,5,5,3,3,3,3,1,5,5,5,5,3,2,4,5,5,5,3,5,5,5,5,5,5,5,5,5,5,2,2,5,5,5,5,4,4,4,4,4,4,4,4,3,3,3,3,3,3,3,3","0.000798940658569336","leiden","edit-xhwikibooks.graphml"
"0.21","0.21","0.58","0.398862128821323","1,1,1,1,2,3,2,3,3,3,2,2,3,3,3,3,3,2,4,2,5,1,3,3,3,3,3,3,1,3,2,4,2,2,4,4,3,3,5,5,5,5,1,1,1,1,5,1,1,1,5,5,5,5,5,1,1,1,1,5,3,5,5,3,3,5,5,5,5,5,1,5,3,3,5,5,5,5,5,5,5,3,3,3,3,1,5,5,5,5,3,2,4,5,5,5,3,5,5,5,5,5,5,5,5,5,5,2,2,5,5,5,5,4,4,4,4,4,4,4,4,3,3,3,3,3,3,3,3","0.000882148742675781","leiden","edit-xhwikibooks.graphml"
"0.2","0.22","0.58","0.398862128821323","1,1,1,1,2,3,2,3,3,3,2,2,3,3,3,3,3,2,4,2,5,1,3,3,3,3,3,3,1,3,2,4,2,2,4,4,3,3,5,5,5,5,1,1,1,1,5,1,1,1,5,5,5,5,5,1,1,1,1,5,3,5,5,3,3,5,5,5,5,5,1,5,3,3,5,5,5,5,5,5,5,3,3,3,3,1,5,5,5,5,3,2,4,5,5,5,3,5,5,5,5,5,5,5,5,5,5,2,2,5,5,5,5,4,4,4,4,4,4,4,4,3,3,3,3,3,3,3,3","0.00101304054260254","leiden","edit-xhwikibooks.graphml"
"0.19","0.23","0.58","0.399124695121859","1,1,1,1,1,2,3,2,2,2,3,3,2,2,2,2,2,3,3,3,4,1,2,2,2,2,2,2,1,2,3,3,3,3,3,3,2,2,4,4,4,4,1,1,1,1,4,1,1,1,4,4,4,4,4,1,1,1,1,4,2,4,4,2,2,4,4,4,4,4,1,4,2,2,4,4,4,4,4,4,4,2,2,2,2,1,4,4,4,4,2,3,3,4,4,4,2,4,4,4,4,4,4,4,4,4,4,3,3,4,4,4,4,3,3,3,3,3,3,3,3,2,2,2,2,2,2,2,2","0.000809192657470703","leiden","edit-xhwikibooks.graphml"
"0.18","0.24","0.58","0.399820123770891","1,1,1,1,2,3,2,3,3,3,2,2,3,3,3,3,3,2,4,2,5,1,3,3,3,3,3,3,1,3,2,4,2,2,4,4,3,3,5,5,5,5,1,1,1,1,5,1,1,1,5,5,5,5,5,1,1,1,1,5,3,5,5,3,3,5,5,5,5,5,1,5,3,3,5,5,5,5,5,5,5,3,3,3,3,1,5,5,5,5,3,2,4,5,5,5,3,5,5,5,5,5,5,5,5,5,5,2,2,5,5,5,5,4,4,4,4,4,4,4,4,3,3,3,3,3,3,3,3","0.000818967819213867","leiden","edit-xhwikibooks.graphml"
"0.17","0.25","0.58","0.401242585754725","1,1,1,1,2,3,2,3,3,3,2,2,3,3,3,3,3,2,4,2,5,1,3,3,3,3,3,3,1,3,2,4,2,2,4,4,3,3,5,5,5,5,1,1,1,1,5,1,1,1,5,5,5,5,5,1,1,1,1,5,3,5,5,3,3,5,5,5,5,5,1,5,3,3,5,5,5,5,5,5,5,3,3,3,3,1,5,5,5,5,3,2,4,5,5,5,3,5,5,5,5,5,5,5,5,5,5,2,2,5,5,5,5,4,4,4,4,4,4,4,4,3,3,3,3,3,3,3,3","0.000811100006103516","leiden","edit-xhwikibooks.graphml"
"0.16","0.26","0.58","0.409277403961294","1,1,1,1,2,3,2,3,3,3,2,2,3,3,3,3,3,2,4,2,5,1,3,3,3,3,3,3,1,3,2,4,2,2,4,4,3,3,5,5,5,5,1,1,1,1,5,1,1,1,5,5,5,5,5,1,1,1,1,5,3,5,5,3,3,5,5,5,5,5,1,5,3,3,5,5,5,5,5,5,5,3,3,3,3,1,5,5,5,5,3,2,4,5,5,5,3,5,5,5,5,5,5,5,5,5,5,2,2,5,5,5,5,4,4,4,4,4,4,4,4,3,3,3,3,3,3,3,3","0.00092315673828125","leiden","edit-xhwikibooks.graphml"
"0.15","0.27","0.58","0.409277403961294","1,1,1,1,2,3,2,3,3,3,2,2,3,3,3,3,3,2,4,2,5,1,3,3,3,3,3,3,1,3,2,4,2,2,4,4,3,3,5,5,5,5,1,1,1,1,5,1,1,1,5,5,5,5,5,1,1,1,1,5,3,5,5,3,3,5,5,5,5,5,1,5,3,3,5,5,5,5,5,5,5,3,3,3,3,1,5,5,5,5,3,2,4,5,5,5,3,5,5,5,5,5,5,5,5,5,5,2,2,5,5,5,5,4,4,4,4,4,4,4,4,3,3,3,3,3,3,3,3","0.000829935073852539","leiden","edit-xhwikibooks.graphml"
"0.14","0.28","0.58","0.409099613841641","1,1,1,1,2,3,2,3,3,3,2,2,3,3,3,3,3,2,4,2,5,1,3,3,3,3,3,3,1,3,2,4,2,2,4,4,3,3,5,5,5,5,1,1,1,1,5,1,1,1,5,5,5,5,5,1,1,1,1,5,3,5,5,3,3,5,5,5,5,5,1,5,3,3,5,5,5,5,5,5,5,3,3,3,3,1,5,5,5,5,3,2,4,5,5,5,3,5,5,5,5,5,5,5,5,5,5,2,2,5,5,5,5,4,4,4,4,4,4,4,4,3,3,3,3,3,3,3,3","0.000817060470581055","leiden","edit-xhwikibooks.graphml"
"0.13","0.29","0.58","0.410194009125174","1,1,1,1,2,3,2,3,3,3,2,2,3,3,3,3,3,2,4,2,5,1,3,3,3,3,3,3,1,3,2,4,2,2,4,4,3,3,5,5,5,5,1,1,1,1,5,1,1,1,5,5,5,5,5,1,1,1,1,5,3,5,5,3,3,5,5,5,5,5,1,5,3,3,5,5,5,5,5,5,5,3,3,3,3,1,5,5,5,5,3,2,4,5,5,5,3,5,5,5,5,5,5,5,5,5,5,2,2,5,5,5,5,4,4,4,4,4,4,4,4,3,3,3,3,3,3,3,3","0.000806093215942383","leiden","edit-xhwikibooks.graphml"
"0.12","0.3","0.58","0.409827320986527","1,1,1,1,1,2,3,2,2,2,3,3,2,2,2,2,2,3,3,3,4,1,2,2,2,2,2,2,1,2,3,3,3,3,3,3,2,2,4,4,4,4,1,1,1,1,4,1,1,1,4,4,4,4,4,1,1,1,1,4,2,4,4,2,2,4,4,4,4,4,1,4,2,2,4,4,4,4,4,4,4,2,2,2,2,1,4,4,4,4,2,3,3,4,4,4,2,4,4,4,4,4,4,4,4,4,4,3,3,4,4,4,4,3,3,3,3,3,3,3,3,2,2,2,2,2,2,2,2","0.000771045684814453","leiden","edit-xhwikibooks.graphml"
"0.11","0.31","0.58","0.410574973343184","1,1,1,1,2,3,2,3,3,3,2,2,3,3,3,3,3,2,4,2,5,1,3,3,3,3,3,3,1,3,2,4,2,2,4,4,3,3,5,5,5,5,1,1,1,1,5,1,1,1,5,5,5,5,5,1,1,1,1,5,3,5,5,3,3,5,5,5,5,5,1,5,3,3,5,5,5,5,5,5,5,3,3,3,3,1,5,5,5,5,3,2,4,5,5,5,3,5,5,5,5,5,5,5,5,5,5,2,2,5,5,5,5,4,4,4,4,4,4,4,4,3,3,3,3,3,3,3,3","0.000823974609375","leiden","edit-xhwikibooks.graphml"
"0.1","0.32","0.58","0.410397325896693","1,1,1,1,2,3,2,3,3,3,2,2,3,3,3,3,3,2,4,2,5,1,3,3,3,3,3,3,1,3,2,4,2,2,4,4,3,3,5,5,5,5,1,1,1,1,5,1,1,1,5,5,5,5,5,1,1,1,1,5,3,5,5,3,3,5,5,5,5,5,1,5,3,3,5,5,5,5,5,5,5,3,3,3,3,1,5,5,5,5,3,2,4,5,5,5,3,5,5,5,5,5,5,5,5,5,5,2,2,5,5,5,5,4,4,4,4,4,4,4,4,3,3,3,3,3,3,3,3","0.000815868377685547","leiden","edit-xhwikibooks.graphml"
"0.09","0.33","0.58","0.409095973021226","1,1,1,1,2,3,2,3,3,3,2,2,3,3,3,3,3,2,4,2,5,1,3,3,3,3,3,3,1,3,2,4,2,2,4,4,3,3,5,5,5,5,1,1,1,1,5,1,1,1,5,5,5,5,5,1,1,1,1,5,3,5,5,3,3,5,5,5,5,5,1,5,3,3,5,5,5,5,5,5,5,3,3,3,3,1,5,5,5,5,3,2,4,5,5,5,3,5,5,5,5,5,5,5,5,5,5,2,2,5,5,5,5,4,4,4,4,4,4,4,4,3,3,3,3,3,3,3,3","0.000916957855224609","leiden","edit-xhwikibooks.graphml"
"0.08","0.34","0.58","0.41729928880085","1,1,1,1,2,3,2,3,3,3,2,2,3,3,3,3,3,2,4,2,5,1,3,3,3,3,3,3,1,3,2,4,2,2,4,4,3,3,5,5,5,5,1,1,1,1,5,1,1,1,5,5,5,5,5,1,1,1,1,5,3,5,5,3,3,5,5,5,5,5,1,5,3,3,5,5,5,5,5,5,5,3,3,3,3,1,5,5,5,5,3,2,4,5,5,5,3,5,5,5,5,5,5,5,5,5,5,2,2,5,5,5,5,4,4,4,4,4,4,4,4,3,3,3,3,3,3,3,3","0.000821828842163086","leiden","edit-xhwikibooks.graphml"
"0.07","0.35","0.58","0.41729928880085","1,1,1,1,2,3,2,3,3,3,2,2,3,3,3,3,3,2,4,2,5,1,3,3,3,3,3,3,1,3,2,4,2,2,4,4,3,3,5,5,5,5,1,1,1,1,5,1,1,1,5,5,5,5,5,1,1,1,1,5,3,5,5,3,3,5,5,5,5,5,1,5,3,3,5,5,5,5,5,5,5,3,3,3,3,1,5,5,5,5,3,2,4,5,5,5,3,5,5,5,5,5,5,5,5,5,5,2,2,5,5,5,5,4,4,4,4,4,4,4,4,3,3,3,3,3,3,3,3","0.000795125961303711","leiden","edit-xhwikibooks.graphml"
"0.06","0.36","0.58","0.416619748485332","1,1,1,1,2,3,2,3,3,3,4,2,3,3,3,3,3,4,4,2,5,1,3,3,3,3,3,3,1,3,4,4,2,2,4,4,3,3,5,5,5,5,1,1,1,1,5,1,1,1,5,5,5,5,5,1,1,1,1,5,3,5,5,3,3,5,5,5,5,5,1,5,3,3,5,5,5,5,5,5,5,3,3,3,3,1,5,5,5,5,3,4,4,5,5,5,3,5,5,5,5,5,5,5,5,5,5,2,2,5,5,5,5,4,4,4,4,4,4,4,4,3,3,3,3,3,3,3,3","0.00082707405090332","leiden","edit-xhwikibooks.graphml"
"0.05","0.37","0.58","0.417121108697385","1,1,1,1,2,3,2,3,3,3,2,2,3,3,3,3,3,2,4,2,5,1,3,3,3,3,3,3,1,3,2,4,2,2,4,4,3,3,5,5,5,5,1,1,1,1,5,1,1,1,5,5,5,5,5,1,1,1,1,5,3,5,5,3,3,5,5,5,5,5,1,5,3,3,5,5,5,5,5,5,5,3,3,3,3,1,5,5,5,5,3,2,4,5,5,5,3,5,5,5,5,5,5,5,5,5,5,2,2,5,5,5,5,4,4,4,4,4,4,4,4,3,3,3,3,3,3,3,3","0.00092005729675293","leiden","edit-xhwikibooks.graphml"
"0.04","0.38","0.58","0.416429792131697","1,1,1,1,2,3,2,3,3,3,2,2,3,3,3,3,3,2,4,2,5,1,3,3,3,3,3,3,1,3,2,4,2,2,4,4,3,3,5,5,5,5,1,1,1,1,5,1,1,1,5,5,5,5,5,1,1,1,1,5,3,5,5,3,3,5,5,5,5,5,1,5,3,3,5,5,5,5,5,5,5,3,3,3,3,1,5,5,5,5,3,2,4,5,5,5,3,5,5,5,5,5,5,5,5,5,5,2,2,5,5,5,5,4,4,4,4,4,4,4,4,3,3,3,3,3,3,3,3","0.000850915908813477","leiden","edit-xhwikibooks.graphml"
"0.03","0.39","0.58","0.416976349433519","1,1,1,1,2,3,2,3,3,3,2,2,3,3,3,3,3,2,4,2,5,1,3,3,3,3,3,3,1,3,2,4,2,2,4,4,3,3,5,5,5,5,1,1,1,1,5,1,1,1,5,5,5,5,5,1,1,1,1,5,3,5,5,3,3,5,5,5,5,5,1,5,3,3,5,5,5,5,5,5,5,3,3,3,3,1,5,5,5,5,3,2,4,5,5,5,3,5,5,5,5,5,5,5,5,5,5,2,2,5,5,5,5,4,4,4,4,4,4,4,4,3,3,3,3,3,3,3,3","0.00089716911315918","leiden","edit-xhwikibooks.graphml"
"0.02","0.4","0.58","0.41782189820487","1,1,1,1,2,3,2,3,3,3,2,2,3,3,3,3,3,2,4,2,5,1,3,3,3,3,3,3,1,3,2,4,2,2,4,4,3,3,5,5,5,5,1,1,1,1,5,1,1,1,5,5,5,5,5,1,1,1,1,5,3,5,5,3,3,5,5,5,5,5,1,5,3,3,5,5,5,5,5,5,5,3,3,3,3,1,5,5,5,5,3,2,4,5,5,5,3,5,5,5,5,5,5,5,5,5,5,2,2,5,5,5,5,4,4,4,4,4,4,4,4,3,3,3,3,3,3,3,3","0.000813961029052734","leiden","edit-xhwikibooks.graphml"
"0.01","0.41","0.58","0.41782189820487","1,1,1,1,2,3,2,3,3,3,2,2,3,3,3,3,3,2,4,2,5,1,3,3,3,3,3,3,1,3,2,4,2,2,4,4,3,3,5,5,5,5,1,1,1,1,5,1,1,1,5,5,5,5,5,1,1,1,1,5,3,5,5,3,3,5,5,5,5,5,1,5,3,3,5,5,5,5,5,5,5,3,3,3,3,1,5,5,5,5,3,2,4,5,5,5,3,5,5,5,5,5,5,5,5,5,5,2,2,5,5,5,5,4,4,4,4,4,4,4,4,3,3,3,3,3,3,3,3","0.000844001770019531","leiden","edit-xhwikibooks.graphml"
"0","0.42","0.58","0.419785454594618","1,1,1,1,1,2,3,2,2,2,3,3,2,2,2,2,2,3,4,3,5,1,2,2,2,2,2,2,1,2,3,4,3,3,4,4,2,2,5,5,5,5,1,1,1,1,5,1,1,1,5,5,5,5,5,1,1,1,1,5,2,5,5,2,2,5,5,5,5,5,1,5,2,2,5,5,5,5,5,5,5,2,2,2,2,1,5,5,5,5,2,3,4,5,5,5,2,5,5,5,5,5,5,5,5,5,5,3,3,5,5,5,5,4,4,4,4,4,4,4,4,2,2,2,2,2,2,2,2","0.000831842422485352","leiden","edit-xhwikibooks.graphml"
"0.41","0","0.59","0.414068310100875","1,1,1,1,2,3,2,3,3,3,2,2,3,3,3,3,3,2,4,2,5,1,3,3,3,3,3,3,1,3,2,4,2,2,4,4,3,3,5,5,5,5,1,1,1,1,5,1,1,1,5,5,5,5,5,1,1,1,1,5,3,5,5,3,3,5,5,5,5,5,1,5,3,3,5,5,5,5,5,5,5,3,3,3,3,1,5,5,5,5,3,2,4,5,5,5,3,5,5,5,5,5,5,5,5,5,5,2,2,5,5,5,5,4,4,4,4,4,4,4,4,3,3,3,3,3,3,3,3","0.000823974609375","leiden","edit-xhwikibooks.graphml"
"0.4","0.01","0.59","0.414068310100875","1,1,1,1,2,3,2,3,3,3,2,2,3,3,3,3,3,2,4,2,5,1,3,3,3,3,3,3,1,3,2,4,2,2,4,4,3,3,5,5,5,5,1,1,1,1,5,1,1,1,5,5,5,5,5,1,1,1,1,5,3,5,5,3,3,5,5,5,5,5,1,5,3,3,5,5,5,5,5,5,5,3,3,3,3,1,5,5,5,5,3,2,4,5,5,5,3,5,5,5,5,5,5,5,5,5,5,2,2,5,5,5,5,4,4,4,4,4,4,4,4,3,3,3,3,3,3,3,3","0.000807046890258789","leiden","edit-xhwikibooks.graphml"
"0.39","0.02","0.59","0.414068310100875","1,1,1,1,2,3,2,3,3,3,2,2,3,3,3,3,3,2,4,2,5,1,3,3,3,3,3,3,1,3,2,4,2,2,4,4,3,3,5,5,5,5,1,1,1,1,5,1,1,1,5,5,5,5,5,1,1,1,1,5,3,5,5,3,3,5,5,5,5,5,1,5,3,3,5,5,5,5,5,5,5,3,3,3,3,1,5,5,5,5,3,2,4,5,5,5,3,5,5,5,5,5,5,5,5,5,5,2,2,5,5,5,5,4,4,4,4,4,4,4,4,3,3,3,3,3,3,3,3","0.000969886779785156","leiden","edit-xhwikibooks.graphml"
"0.38","0.03","0.59","0.413895220943311","1,1,1,1,2,3,2,3,3,3,2,2,3,3,3,3,3,2,4,2,5,1,3,3,3,3,3,3,1,3,2,4,2,2,4,4,3,3,5,5,5,5,1,1,1,1,5,1,1,1,5,5,5,5,5,1,1,1,1,5,3,5,5,3,3,5,5,5,5,5,1,5,3,3,5,5,5,5,5,5,5,3,3,3,3,1,5,5,5,5,3,2,4,5,5,5,3,5,5,5,5,5,5,5,5,5,5,2,2,5,5,5,5,4,4,4,4,4,4,4,4,3,3,3,3,3,3,3,3","0.000811100006103516","leiden","edit-xhwikibooks.graphml"
"0.37","0.04","0.59","0.413895220943311","1,1,1,1,2,3,2,3,3,3,2,2,3,3,3,3,3,2,4,2,5,1,3,3,3,3,3,3,1,3,2,4,2,2,4,4,3,3,5,5,5,5,1,1,1,1,5,1,1,1,5,5,5,5,5,1,1,1,1,5,3,5,5,3,3,5,5,5,5,5,1,5,3,3,5,5,5,5,5,5,5,3,3,3,3,1,5,5,5,5,3,2,4,5,5,5,3,5,5,5,5,5,5,5,5,5,5,2,2,5,5,5,5,4,4,4,4,4,4,4,4,3,3,3,3,3,3,3,3","0.000806093215942383","leiden","edit-xhwikibooks.graphml"
"0.36","0.05","0.59","0.413722262985959","1,1,1,1,2,3,2,3,3,3,2,2,3,3,3,3,3,2,4,2,5,1,3,3,3,3,3,3,1,3,2,4,2,2,4,4,3,3,5,5,5,5,1,1,1,1,5,1,1,1,5,5,5,5,5,1,1,1,1,5,3,5,5,3,3,5,5,5,5,5,1,5,3,3,5,5,5,5,5,5,5,3,3,3,3,1,5,5,5,5,3,2,4,5,5,5,3,5,5,5,5,5,5,5,5,5,5,2,2,5,5,5,5,4,4,4,4,4,4,4,4,3,3,3,3,3,3,3,3","0.00087285041809082","leiden","edit-xhwikibooks.graphml"
"0.35","0.06","0.59","0.413722262985959","1,1,1,1,2,3,2,3,3,3,2,2,3,3,3,3,3,2,4,2,5,1,3,3,3,3,3,3,1,3,2,4,2,2,4,4,3,3,5,5,5,5,1,1,1,1,5,1,1,1,5,5,5,5,5,1,1,1,1,5,3,5,5,3,3,5,5,5,5,5,1,5,3,3,5,5,5,5,5,5,5,3,3,3,3,1,5,5,5,5,3,2,4,5,5,5,3,5,5,5,5,5,5,5,5,5,5,2,2,5,5,5,5,4,4,4,4,4,4,4,4,3,3,3,3,3,3,3,3","0.00080108642578125","leiden","edit-xhwikibooks.graphml"
"0.34","0.07","0.59","0.413549436108368","1,1,1,1,2,3,2,3,3,3,2,2,3,3,3,3,3,2,4,2,5,1,3,3,3,3,3,3,1,3,2,4,2,2,4,4,3,3,5,5,5,5,1,1,1,1,5,1,1,1,5,5,5,5,5,1,1,1,1,5,3,5,5,3,3,5,5,5,5,5,1,5,3,3,5,5,5,5,5,5,5,3,3,3,3,1,5,5,5,5,3,2,4,5,5,5,3,5,5,5,5,5,5,5,5,5,5,2,2,5,5,5,5,4,4,4,4,4,4,4,4,3,3,3,3,3,3,3,3","0.00079798698425293","leiden","edit-xhwikibooks.graphml"
"0.33","0.08","0.59","0.414083673895605","1,1,1,1,2,3,2,3,3,3,2,2,3,3,3,3,3,2,4,2,5,1,3,3,3,3,3,3,1,3,2,4,2,2,4,4,3,3,5,5,5,5,1,1,1,1,5,1,1,1,5,5,5,5,5,1,1,1,1,5,3,5,5,3,3,5,5,5,5,5,1,5,3,3,5,5,5,5,5,5,5,3,3,3,3,1,5,5,5,5,3,2,4,5,5,5,3,5,5,5,5,5,5,5,5,5,5,2,2,5,5,5,5,4,4,4,4,4,4,4,4,3,3,3,3,3,3,3,3","0.000805139541625977","leiden","edit-xhwikibooks.graphml"
"0.32","0.09","0.59","0.404654642629069","1,1,1,1,2,3,2,3,3,3,2,2,3,3,3,3,3,2,4,2,5,1,3,3,3,3,3,3,1,3,2,4,2,2,4,4,3,3,5,5,5,5,1,1,1,1,5,1,1,1,5,5,5,5,5,1,1,1,1,5,3,5,5,3,3,5,5,5,5,5,1,5,3,3,5,5,5,5,5,5,5,3,3,3,3,1,5,5,5,5,3,2,4,5,5,5,3,5,5,5,5,5,5,5,5,5,5,2,2,5,5,5,5,4,4,4,4,4,4,4,4,3,3,3,3,3,3,3,3","0.000816106796264648","leiden","edit-xhwikibooks.graphml"
"0.31","0.1","0.59","0.405013094818833","1,1,1,1,2,3,2,3,3,3,2,2,3,3,3,3,3,2,4,2,5,1,3,3,3,3,3,3,1,3,2,4,2,2,4,4,3,3,5,5,5,5,1,1,1,1,5,1,1,1,5,5,5,5,5,1,1,1,1,5,3,5,5,3,3,5,5,5,5,5,1,5,3,3,5,5,5,5,5,5,5,3,3,3,3,1,5,5,5,5,3,2,4,5,5,5,3,5,5,5,5,5,5,5,5,5,5,2,2,5,5,5,5,4,4,4,4,4,4,4,4,3,3,3,3,3,3,3,3","0.000825166702270508","leiden","edit-xhwikibooks.graphml"
"0.3","0.11","0.59","0.404840815036202","1,1,1,1,2,3,2,3,3,3,2,2,3,3,3,3,3,2,4,2,5,1,3,3,3,3,3,3,1,3,2,4,2,2,4,4,3,3,5,5,5,5,1,1,1,1,5,1,1,1,5,5,5,5,5,1,1,1,1,5,3,5,5,3,3,5,5,5,5,5,1,5,3,3,5,5,5,5,5,5,5,3,3,3,3,1,5,5,5,5,3,2,4,5,5,5,3,5,5,5,5,5,5,5,5,5,5,2,2,5,5,5,5,4,4,4,4,4,4,4,4,3,3,3,3,3,3,3,3","0.000830888748168945","leiden","edit-xhwikibooks.graphml"
"0.29","0.12","0.59","0.40591823201221","1,1,1,1,2,3,2,3,3,3,2,2,3,3,3,3,3,2,4,2,5,1,3,3,3,3,3,3,1,3,2,4,2,2,4,4,3,3,5,5,5,5,1,1,1,1,5,1,1,1,5,5,5,5,5,1,1,1,1,5,3,5,5,3,3,5,5,5,5,5,1,5,3,3,5,5,5,5,5,5,5,3,3,3,3,1,5,5,5,5,3,2,4,5,5,5,3,5,5,5,5,5,5,5,5,5,5,2,2,5,5,5,5,4,4,4,4,4,4,4,4,3,3,3,3,3,3,3,3","0.000840902328491211","leiden","edit-xhwikibooks.graphml"
"0.28","0.13","0.59","0.40574599871554","1,1,1,1,2,3,2,3,3,3,2,2,3,3,3,3,3,2,4,2,5,1,3,3,3,3,3,3,1,3,2,4,2,2,4,4,3,3,5,5,5,5,1,1,1,1,5,1,1,1,5,5,5,5,5,1,1,1,1,5,3,5,5,3,3,5,5,5,5,5,1,5,3,3,5,5,5,5,5,5,5,3,3,3,3,1,5,5,5,5,3,2,4,5,5,5,3,5,5,5,5,5,5,5,5,5,5,2,2,5,5,5,5,4,4,4,4,4,4,4,4,3,3,3,3,3,3,3,3","0.000813007354736328","leiden","edit-xhwikibooks.graphml"
"0.27","0.14","0.59","0.404745008781233","1,1,1,1,2,3,2,3,3,3,2,2,3,3,3,3,3,2,4,2,5,1,3,3,3,3,3,3,1,3,2,4,2,2,4,4,3,3,5,5,5,5,1,1,1,1,5,1,1,1,5,5,5,5,5,1,1,1,1,5,3,5,5,3,3,5,5,5,5,5,1,5,3,3,5,5,5,5,5,5,5,3,3,3,3,1,5,5,5,5,3,2,4,5,5,5,3,5,5,5,5,5,5,5,5,5,5,2,2,5,5,5,5,4,4,4,4,4,4,4,4,3,3,3,3,3,3,3,3","0.000842094421386719","leiden","edit-xhwikibooks.graphml"
"0.26","0.15","0.59","0.405651712632889","1,1,1,1,2,3,2,3,3,3,2,2,3,3,3,3,3,2,4,2,5,1,3,3,3,3,3,3,1,3,2,4,2,2,4,4,3,3,5,5,5,5,1,1,1,1,5,1,1,1,5,5,5,5,5,1,1,1,1,5,3,5,5,3,3,5,5,5,5,5,1,5,3,3,5,5,5,5,5,5,5,3,3,3,3,1,5,5,5,5,3,2,4,5,5,5,3,5,5,5,5,5,5,5,5,5,5,2,2,5,5,5,5,4,4,4,4,4,4,4,4,3,3,3,3,3,3,3,3","0.000779867172241211","leiden","edit-xhwikibooks.graphml"
"0.25","0.16","0.59","0.406204591841494","1,1,1,1,2,3,2,3,3,3,2,2,3,3,3,3,3,2,4,2,5,1,3,3,3,3,3,3,1,3,2,4,2,2,4,4,3,3,5,5,5,5,1,1,1,1,5,1,1,1,5,5,5,5,5,1,1,1,1,5,3,5,5,3,3,5,5,5,5,5,1,5,3,3,5,5,5,5,5,5,5,3,3,3,3,1,5,5,5,5,3,2,4,5,5,5,3,5,5,5,5,5,5,5,5,5,5,2,2,5,5,5,5,4,4,4,4,4,4,4,4,3,3,3,3,3,3,3,3","0.000902175903320312","leiden","edit-xhwikibooks.graphml"
"0.24","0.17","0.59","0.406585400638018","1,1,1,1,2,3,2,3,3,3,2,2,3,3,3,3,3,2,4,2,5,1,3,3,3,3,3,3,1,3,2,4,2,2,4,4,3,3,5,5,5,5,1,1,1,1,5,1,1,1,5,5,5,5,5,1,1,1,1,5,3,5,5,3,3,5,5,5,5,5,1,5,3,3,5,5,5,5,5,5,5,3,3,3,3,1,5,5,5,5,3,2,4,5,5,5,3,5,5,5,5,5,5,5,5,5,5,2,2,5,5,5,5,4,4,4,4,4,4,4,4,3,3,3,3,3,3,3,3","0.000787973403930664","leiden","edit-xhwikibooks.graphml"
"0.23","0.18","0.59","0.406585400638018","1,1,1,1,2,3,2,3,3,3,2,2,3,3,3,3,3,2,4,2,5,1,3,3,3,3,3,3,1,3,2,4,2,2,4,4,3,3,5,5,5,5,1,1,1,1,5,1,1,1,5,5,5,5,5,1,1,1,1,5,3,5,5,3,3,5,5,5,5,5,1,5,3,3,5,5,5,5,5,5,5,3,3,3,3,1,5,5,5,5,3,2,4,5,5,5,3,5,5,5,5,5,5,5,5,5,5,2,2,5,5,5,5,4,4,4,4,4,4,4,4,3,3,3,3,3,3,3,3","0.000786066055297852","leiden","edit-xhwikibooks.graphml"
"0.22","0.19","0.59","0.401715083981836","1,1,1,1,2,3,2,3,3,3,2,2,3,3,3,3,3,2,4,2,5,1,3,3,3,3,3,3,1,3,2,4,2,2,4,4,3,3,5,5,5,5,1,1,1,1,5,1,1,1,5,5,5,5,5,1,1,1,1,5,3,5,5,3,3,5,5,5,5,5,1,5,3,3,5,5,5,5,5,5,5,3,3,3,3,1,5,5,5,5,3,2,4,5,5,5,3,5,5,5,5,5,5,5,5,5,5,2,2,5,5,5,5,4,4,4,4,4,4,4,4,3,3,3,3,3,3,3,3","0.000802040100097656","leiden","edit-xhwikibooks.graphml"
"0.21","0.2","0.59","0.402775357293705","1,1,1,1,2,3,2,3,3,3,2,2,3,3,3,3,3,2,4,2,5,1,3,3,3,3,3,3,1,3,2,4,2,2,4,4,3,3,5,5,5,5,1,1,1,1,5,1,1,1,5,5,5,5,5,1,1,1,1,5,3,5,5,3,3,5,5,5,5,5,1,5,3,3,5,5,5,5,5,5,5,3,3,3,3,1,5,5,5,5,3,2,4,5,5,5,3,5,5,5,5,5,5,5,5,5,5,2,2,5,5,5,5,4,4,4,4,4,4,4,4,3,3,3,3,3,3,3,3","0.000786066055297852","leiden","edit-xhwikibooks.graphml"
"0.2","0.21","0.59","0.402603421643328","1,1,1,1,2,3,2,3,3,3,2,2,3,3,3,3,3,2,4,2,5,1,3,3,3,3,3,3,1,3,2,4,2,2,4,4,3,3,5,5,5,5,1,1,1,1,5,1,1,1,5,5,5,5,5,1,1,1,1,5,3,5,5,3,3,5,5,5,5,5,1,5,3,3,5,5,5,5,5,5,5,3,3,3,3,1,5,5,5,5,3,2,4,5,5,5,3,5,5,5,5,5,5,5,5,5,5,2,2,5,5,5,5,4,4,4,4,4,4,4,4,3,3,3,3,3,3,3,3","0.000791072845458984","leiden","edit-xhwikibooks.graphml"
"0.19","0.22","0.59","0.402603421643328","1,1,1,1,2,3,2,3,3,3,2,2,3,3,3,3,3,2,4,2,5,1,3,3,3,3,3,3,1,3,2,4,2,2,4,4,3,3,5,5,5,5,1,1,1,1,5,1,1,1,5,5,5,5,5,1,1,1,1,5,3,5,5,3,3,5,5,5,5,5,1,5,3,3,5,5,5,5,5,5,5,3,3,3,3,1,5,5,5,5,3,2,4,5,5,5,3,5,5,5,5,5,5,5,5,5,5,2,2,5,5,5,5,4,4,4,4,4,4,4,4,3,3,3,3,3,3,3,3","0.000800848007202148","leiden","edit-xhwikibooks.graphml"
"0.18","0.23","0.59","0.4035165696494","1,1,1,1,2,3,2,3,3,3,2,2,3,3,3,3,3,2,4,2,5,1,3,3,3,3,3,3,1,3,2,4,2,2,4,4,3,3,5,5,5,5,1,1,1,1,5,1,1,1,5,5,5,5,5,1,1,1,1,5,3,5,5,3,3,5,5,5,5,5,1,5,3,3,5,5,5,5,5,5,5,3,3,3,3,1,5,5,5,5,3,2,4,5,5,5,3,5,5,5,5,5,5,5,5,5,5,2,2,5,5,5,5,4,4,4,4,4,4,4,4,3,3,3,3,3,3,3,3","0.000808954238891602","leiden","edit-xhwikibooks.graphml"
"0.17","0.24","0.59","0.404071489762223","1,1,1,1,2,3,2,3,3,3,2,2,3,3,3,3,3,2,4,2,5,1,3,3,3,3,3,3,1,3,2,4,2,2,4,4,3,3,5,5,5,5,1,1,1,1,5,1,1,1,5,5,5,5,5,1,1,1,1,5,3,5,5,3,3,5,5,5,5,5,1,5,3,3,5,5,5,5,5,5,5,3,3,3,3,1,5,5,5,5,3,2,4,5,5,5,3,5,5,5,5,5,5,5,5,5,5,2,2,5,5,5,5,4,4,4,4,4,4,4,4,3,3,3,3,3,3,3,3","0.000805139541625977","leiden","edit-xhwikibooks.graphml"
"0.16","0.25","0.59","0.405470128334066","1,1,1,1,2,3,2,3,3,3,2,2,3,3,3,3,3,2,4,2,5,1,3,3,3,3,3,3,1,3,2,4,2,2,4,4,3,3,5,5,5,5,1,1,1,1,5,1,1,1,5,5,5,5,5,1,1,1,1,5,3,5,5,3,3,5,5,5,5,5,1,5,3,3,5,5,5,5,5,5,5,3,3,3,3,1,5,5,5,5,3,2,4,5,5,5,3,5,5,5,5,5,5,5,5,5,5,2,2,5,5,5,5,4,4,4,4,4,4,4,4,3,3,3,3,3,3,3,3","0.000812053680419922","leiden","edit-xhwikibooks.graphml"
"0.15","0.26","0.59","0.405470128334066","1,1,1,1,2,3,2,3,3,3,2,2,3,3,3,3,3,2,4,2,5,1,3,3,3,3,3,3,1,3,2,4,2,2,4,4,3,3,5,5,5,5,1,1,1,1,5,1,1,1,5,5,5,5,5,1,1,1,1,5,3,5,5,3,3,5,5,5,5,5,1,5,3,3,5,5,5,5,5,5,5,3,3,3,3,1,5,5,5,5,3,2,4,5,5,5,3,5,5,5,5,5,5,5,5,5,5,2,2,5,5,5,5,4,4,4,4,4,4,4,4,3,3,3,3,3,3,3,3","0.000784873962402344","leiden","edit-xhwikibooks.graphml"
"0.14","0.27","0.59","0.401599595459486","1,1,1,1,2,3,2,3,3,3,2,2,3,3,3,3,3,2,4,2,5,1,3,3,3,3,3,3,1,3,2,4,2,2,4,4,3,3,5,5,5,5,1,1,1,1,5,1,1,1,5,5,5,5,5,1,1,1,1,5,3,5,5,3,3,5,5,5,5,5,1,5,3,3,5,5,5,5,5,5,5,3,3,3,3,1,5,5,5,5,3,2,4,5,5,5,3,5,5,5,5,5,5,5,5,5,5,2,2,5,5,5,5,4,4,4,4,4,4,4,4,3,3,3,3,3,3,3,3","0.000849008560180664","leiden","edit-xhwikibooks.graphml"
"0.13","0.28","0.59","0.401428239276897","1,1,1,1,2,3,2,3,3,3,2,2,3,3,3,3,3,2,4,2,5,1,3,3,3,3,3,3,1,3,2,4,2,2,4,4,3,3,5,5,5,5,1,1,1,1,5,1,1,1,5,5,5,5,5,1,1,1,1,5,3,5,5,3,3,5,5,5,5,5,1,5,3,3,5,5,5,5,5,5,5,3,3,3,3,1,5,5,5,5,3,2,4,5,5,5,3,5,5,5,5,5,5,5,5,5,5,2,2,5,5,5,5,4,4,4,4,4,4,4,4,3,3,3,3,3,3,3,3","0.000794172286987305","leiden","edit-xhwikibooks.graphml"
"0.12","0.29","0.59","0.403071287559634","1,1,1,1,2,3,2,3,3,3,2,2,3,3,3,3,3,2,4,2,5,1,3,3,3,3,3,3,1,3,2,4,2,2,4,4,3,3,5,5,5,5,1,1,1,1,5,1,1,1,5,5,5,5,5,1,1,1,1,5,3,5,5,3,3,5,5,5,5,5,1,5,3,3,5,5,5,5,5,5,5,3,3,3,3,1,5,5,5,5,3,2,4,5,5,5,3,5,5,5,5,5,5,5,5,5,5,2,2,5,5,5,5,4,4,4,4,4,4,4,4,3,3,3,3,3,3,3,3","0.000810146331787109","leiden","edit-xhwikibooks.graphml"
"0.11","0.3","0.59","0.402899906173766","1,1,1,1,2,3,2,3,3,3,2,2,3,3,3,3,3,2,4,2,5,1,3,3,3,3,3,3,1,3,2,4,2,2,4,4,3,3,5,5,5,5,1,1,1,1,5,1,1,1,5,5,5,5,5,1,1,1,1,5,3,5,5,3,3,5,5,5,5,5,1,5,3,3,5,5,5,5,5,5,5,3,3,3,3,1,5,5,5,5,3,2,4,5,5,5,3,5,5,5,5,5,5,5,5,5,5,2,2,5,5,5,5,4,4,4,4,4,4,4,4,3,3,3,3,3,3,3,3","0.000812053680419922","leiden","edit-xhwikibooks.graphml"
"0.1","0.31","0.59","0.402929029836742","1,1,1,1,2,3,2,3,3,3,2,2,3,3,3,3,3,2,4,2,5,1,3,3,3,3,3,3,1,3,2,4,2,2,4,4,3,3,5,5,5,5,1,1,1,1,5,1,1,1,5,5,5,5,5,1,1,1,1,5,3,5,5,3,3,5,5,5,5,5,1,5,3,3,5,5,5,5,5,5,5,3,3,3,3,1,5,5,5,5,3,2,4,5,5,5,3,5,5,5,5,5,5,5,5,5,5,2,2,5,5,5,5,4,4,4,4,4,4,4,4,3,3,3,3,3,3,3,3","0.000777959823608398","leiden","edit-xhwikibooks.graphml"
"0.09","0.32","0.59","0.403310705530285","1,1,1,1,2,3,2,3,3,3,2,2,3,3,3,3,3,2,4,2,5,1,3,3,3,3,3,3,1,3,2,4,2,2,4,4,3,3,5,5,5,5,1,1,1,1,5,1,1,1,5,5,5,5,5,1,1,1,1,5,3,5,5,3,3,5,5,5,5,5,1,5,3,3,5,5,5,5,5,5,5,3,3,3,3,1,5,5,5,5,3,2,4,5,5,5,3,5,5,5,5,5,5,5,5,5,5,2,2,5,5,5,5,4,4,4,4,4,4,4,4,3,3,3,3,3,3,3,3","0.000795125961303711","leiden","edit-xhwikibooks.graphml"
"0.08","0.33","0.59","0.40334468412333","1,1,1,1,1,2,3,2,2,2,3,3,2,2,2,2,2,3,3,3,4,1,2,2,2,2,2,2,1,2,3,3,3,3,3,3,2,2,4,4,4,4,1,1,1,1,4,1,1,1,4,4,4,4,4,1,1,1,1,4,2,4,4,2,2,4,4,4,4,4,1,4,2,2,4,4,4,4,4,4,4,2,2,2,2,1,4,4,4,4,2,3,3,4,4,4,2,4,4,4,4,4,4,4,4,4,4,3,3,4,4,4,4,3,3,3,3,3,3,3,3,2,2,2,2,2,2,2,2","0.000798940658569336","leiden","edit-xhwikibooks.graphml"
"0.07","0.34","0.59","0.411039244016651","1,1,1,1,2,3,2,3,3,3,2,2,3,3,3,3,3,2,4,2,5,1,3,3,3,3,3,3,1,3,2,4,2,2,4,4,3,3,5,5,5,5,1,1,1,1,5,1,1,1,5,5,5,5,5,1,1,1,1,5,3,5,5,3,3,5,5,5,5,5,1,5,3,3,5,5,5,5,5,5,5,3,3,3,3,1,5,5,5,5,3,2,4,5,5,5,3,5,5,5,5,5,5,5,5,5,5,2,2,5,5,5,5,4,4,4,4,4,4,4,4,3,3,3,3,3,3,3,3","0.000813961029052734","leiden","edit-xhwikibooks.graphml"
"0.06","0.35","0.59","0.411039244016651","1,1,1,1,2,3,2,3,3,3,2,2,3,3,3,3,3,2,4,2,5,1,3,3,3,3,3,3,1,3,2,4,2,2,4,4,3,3,5,5,5,5,1,1,1,1,5,1,1,1,5,5,5,5,5,1,1,1,1,5,3,5,5,3,3,5,5,5,5,5,1,5,3,3,5,5,5,5,5,5,5,3,3,3,3,1,5,5,5,5,3,2,4,5,5,5,3,5,5,5,5,5,5,5,5,5,5,2,2,5,5,5,5,4,4,4,4,4,4,4,4,3,3,3,3,3,3,3,3","0.000809907913208008","leiden","edit-xhwikibooks.graphml"
"0.05","0.36","0.59","0.409476152754603","1,1,1,1,1,2,3,2,2,2,3,3,2,2,2,2,2,3,4,3,5,1,2,2,2,2,2,2,1,2,3,4,3,3,4,4,2,2,5,5,5,5,1,1,1,1,5,1,1,1,5,5,5,5,5,1,1,1,1,5,2,5,5,2,2,5,5,5,5,5,1,5,2,2,5,5,5,5,5,5,5,2,2,2,2,1,5,5,5,5,2,3,4,5,5,5,2,5,5,5,5,5,5,5,5,5,5,3,3,5,5,5,5,4,4,4,4,4,4,4,4,2,2,2,2,2,2,2,2","0.000828981399536133","leiden","edit-xhwikibooks.graphml"
"0.04","0.37","0.59","0.409139066228927","1,1,1,1,2,3,2,3,3,3,4,2,3,3,3,3,3,4,4,2,5,1,3,3,3,3,3,3,1,3,4,4,2,2,4,4,3,3,5,5,5,5,1,1,1,1,5,1,1,1,5,5,5,5,5,1,1,1,1,5,3,5,5,3,3,5,5,5,5,5,1,5,3,3,5,5,5,5,5,5,5,3,3,3,3,1,5,5,5,5,3,4,4,5,5,5,3,5,5,5,5,5,5,5,5,5,5,2,2,5,5,5,5,4,4,4,4,4,4,4,4,3,3,3,3,3,3,3,3","0.000843048095703125","leiden","edit-xhwikibooks.graphml"
"0.03","0.38","0.59","0.409443230151229","1,1,1,1,2,3,2,3,3,3,2,2,3,3,3,3,3,2,4,2,5,1,3,3,3,3,3,3,1,3,2,4,2,2,4,4,3,3,5,5,5,5,1,1,1,1,5,1,1,1,5,5,5,5,5,1,1,1,1,5,3,5,5,3,3,5,5,5,5,5,1,5,3,3,5,5,5,5,5,5,5,3,3,3,3,1,5,5,5,5,3,2,4,5,5,5,3,5,5,5,5,5,5,5,5,5,5,2,2,5,5,5,5,4,4,4,4,4,4,4,4,3,3,3,3,3,3,3,3","0.00079798698425293","leiden","edit-xhwikibooks.graphml"
"0.02","0.39","0.59","0.409985185648519","1,1,1,1,2,3,2,3,3,3,2,2,3,3,3,3,3,2,4,2,5,1,3,3,3,3,3,3,1,3,2,4,2,2,4,4,3,3,5,5,5,5,1,1,1,1,5,1,1,1,5,5,5,5,5,1,1,1,1,5,3,5,5,3,3,5,5,5,5,5,1,5,3,3,5,5,5,5,5,5,5,3,3,3,3,1,5,5,5,5,3,2,4,5,5,5,3,5,5,5,5,5,5,5,5,5,5,2,2,5,5,5,5,4,4,4,4,4,4,4,4,3,3,3,3,3,3,3,3","0.000825881958007812","leiden","edit-xhwikibooks.graphml"
"0.01","0.4","0.59","0.410357682299632","1,1,1,1,2,3,2,3,3,3,4,2,3,3,3,3,3,4,4,2,5,1,3,3,3,3,3,3,1,3,4,4,2,2,4,4,3,3,5,5,5,5,1,1,1,1,5,1,1,1,5,5,5,5,5,1,1,1,1,5,3,5,5,3,3,5,5,5,5,5,1,5,3,3,5,5,5,5,5,5,5,3,3,3,3,1,5,5,5,5,3,4,4,5,5,5,3,5,5,5,5,5,5,5,5,5,5,2,2,5,5,5,5,4,4,4,4,4,4,4,4,3,3,3,3,3,3,3,3","0.000786066055297852","leiden","edit-xhwikibooks.graphml"
"0","0.41","0.59","0.412982921900963","1,1,1,1,1,2,3,2,2,2,3,3,2,2,2,2,2,3,4,3,5,1,2,2,2,2,2,2,1,2,3,4,3,3,4,4,2,2,5,5,5,5,1,1,1,1,5,1,1,1,5,5,5,5,5,1,1,1,1,5,2,5,5,2,2,5,5,5,5,5,1,5,2,2,5,5,5,5,5,5,5,2,2,2,2,1,5,5,5,5,2,3,4,5,5,5,2,5,5,5,5,5,5,5,5,5,5,3,3,5,5,5,5,4,4,4,4,4,4,4,4,2,2,2,2,2,2,2,2","0.000805854797363281","leiden","edit-xhwikibooks.graphml"
"0.4","0","0.6","0.407787548390251","1,1,1,1,2,3,2,3,3,3,2,2,3,3,3,3,3,2,4,2,5,1,3,3,3,3,3,3,1,3,2,4,2,2,4,4,3,3,5,5,5,5,1,1,1,1,5,1,1,1,5,5,5,5,5,1,1,1,1,5,3,5,5,3,3,5,5,5,5,5,1,5,3,3,5,5,5,5,5,5,5,3,3,3,3,1,5,5,5,5,3,2,4,5,5,5,3,5,5,5,5,5,5,5,5,5,5,2,2,5,5,5,5,4,4,4,4,4,4,4,4,3,3,3,3,3,3,3,3","0.000800132751464844","leiden","edit-xhwikibooks.graphml"
"0.39","0.01","0.6","0.406240182552077","1,1,1,1,2,3,2,3,3,3,2,2,3,3,3,3,3,2,4,2,5,1,3,3,3,3,3,3,1,3,2,4,2,2,4,4,3,3,5,5,5,5,1,1,1,1,5,1,1,1,5,5,5,5,5,1,1,1,1,5,3,5,5,3,3,5,5,5,5,5,1,5,3,3,5,5,5,5,5,5,5,3,3,3,3,1,5,5,5,5,3,2,4,5,5,5,3,5,5,5,5,5,5,5,5,5,5,2,2,5,5,5,5,4,4,4,4,4,4,4,4,3,3,3,3,3,3,3,3","0.000809192657470703","leiden","edit-xhwikibooks.graphml"
"0.38","0.02","0.6","0.406240182552077","1,1,1,1,2,3,2,3,3,3,2,2,3,3,3,3,3,2,4,2,5,1,3,3,3,3,3,3,1,3,2,4,2,2,4,4,3,3,5,5,5,5,1,1,1,1,5,1,1,1,5,5,5,5,5,1,1,1,1,5,3,5,5,3,3,5,5,5,5,5,1,5,3,3,5,5,5,5,5,5,5,3,3,3,3,1,5,5,5,5,3,2,4,5,5,5,3,5,5,5,5,5,5,5,5,5,5,2,2,5,5,5,5,4,4,4,4,4,4,4,4,3,3,3,3,3,3,3,3","0.000793933868408203","leiden","edit-xhwikibooks.graphml"
"0.37","0.03","0.6","0.406073004873619","1,1,1,1,2,3,2,3,3,3,2,2,3,3,3,3,3,2,4,2,5,1,3,3,3,3,3,3,1,3,2,4,2,2,4,4,3,3,5,5,5,5,1,1,1,1,5,1,1,1,5,5,5,5,5,1,1,1,1,5,3,5,5,3,3,5,5,5,5,5,1,5,3,3,5,5,5,5,5,5,5,3,3,3,3,1,5,5,5,5,3,2,4,5,5,5,3,5,5,5,5,5,5,5,5,5,5,2,2,5,5,5,5,4,4,4,4,4,4,4,4,3,3,3,3,3,3,3,3","0.000802993774414062","leiden","edit-xhwikibooks.graphml"
"0.36","0.04","0.6","0.406073004873619","1,1,1,1,2,3,2,3,3,3,2,2,3,3,3,3,3,2,4,2,5,1,3,3,3,3,3,3,1,3,2,4,2,2,4,4,3,3,5,5,5,5,1,1,1,1,5,1,1,1,5,5,5,5,5,1,1,1,1,5,3,5,5,3,3,5,5,5,5,5,1,5,3,3,5,5,5,5,5,5,5,3,3,3,3,1,5,5,5,5,3,2,4,5,5,5,3,5,5,5,5,5,5,5,5,5,5,2,2,5,5,5,5,4,4,4,4,4,4,4,4,3,3,3,3,3,3,3,3","0.000811100006103516","leiden","edit-xhwikibooks.graphml"
"0.35","0.05","0.6","0.405905952919873","1,1,1,1,2,3,2,3,3,3,2,2,3,3,3,3,3,2,4,2,5,1,3,3,3,3,3,3,1,3,2,4,2,2,4,4,3,3,5,5,5,5,1,1,1,1,5,1,1,1,5,5,5,5,5,1,1,1,1,5,3,5,5,3,3,5,5,5,5,5,1,5,3,3,5,5,5,5,5,5,5,3,3,3,3,1,5,5,5,5,3,2,4,5,5,5,3,5,5,5,5,5,5,5,5,5,5,2,2,5,5,5,5,4,4,4,4,4,4,4,4,3,3,3,3,3,3,3,3","0.000833034515380859","leiden","edit-xhwikibooks.graphml"
"0.34","0.06","0.6","0.405905952919873","1,1,1,1,2,3,2,3,3,3,2,2,3,3,3,3,3,2,4,2,5,1,3,3,3,3,3,3,1,3,2,4,2,2,4,4,3,3,5,5,5,5,1,1,1,1,5,1,1,1,5,5,5,5,5,1,1,1,1,5,3,5,5,3,3,5,5,5,5,5,1,5,3,3,5,5,5,5,5,5,5,3,3,3,3,1,5,5,5,5,3,2,4,5,5,5,3,5,5,5,5,5,5,5,5,5,5,2,2,5,5,5,5,4,4,4,4,4,4,4,4,3,3,3,3,3,3,3,3","0.000832080841064453","leiden","edit-xhwikibooks.graphml"
"0.33","0.07","0.6","0.405739026573409","1,1,1,1,2,3,2,3,3,3,2,2,3,3,3,3,3,2,4,2,5,1,3,3,3,3,3,3,1,3,2,4,2,2,4,4,3,3,5,5,5,5,1,1,1,1,5,1,1,1,5,5,5,5,5,1,1,1,1,5,3,5,5,3,3,5,5,5,5,5,1,5,3,3,5,5,5,5,5,5,5,3,3,3,3,1,5,5,5,5,3,2,4,5,5,5,3,5,5,5,5,5,5,5,5,5,5,2,2,5,5,5,5,4,4,4,4,4,4,4,4,3,3,3,3,3,3,3,3","0.000884056091308594","leiden","edit-xhwikibooks.graphml"
"0.32","0.08","0.6","0.406801611760084","1,1,1,1,2,3,2,3,3,3,2,2,3,3,3,3,3,2,4,2,5,1,3,3,3,3,3,3,1,3,2,4,2,2,4,4,3,3,5,5,5,5,1,1,1,1,5,1,1,1,5,5,5,5,5,1,1,1,1,5,3,5,5,3,3,5,5,5,5,5,1,5,3,3,5,5,5,5,5,5,5,3,3,3,3,1,5,5,5,5,3,2,4,5,5,5,3,5,5,5,5,5,5,5,5,5,5,2,2,5,5,5,5,4,4,4,4,4,4,4,4,3,3,3,3,3,3,3,3","0.000794172286987305","leiden","edit-xhwikibooks.graphml"
"0.31","0.09","0.6","0.406634706839583","1,1,1,1,2,3,2,3,3,3,2,2,3,3,3,3,3,2,4,2,5,1,3,3,3,3,3,3,1,3,2,4,2,2,4,4,3,3,5,5,5,5,1,1,1,1,5,1,1,1,5,5,5,5,5,1,1,1,1,5,3,5,5,3,3,5,5,5,5,5,1,5,3,3,5,5,5,5,5,5,5,3,3,3,3,1,5,5,5,5,3,2,4,5,5,5,3,5,5,5,5,5,5,5,5,5,5,2,2,5,5,5,5,4,4,4,4,4,4,4,4,3,3,3,3,3,3,3,3","0.000793933868408203","leiden","edit-xhwikibooks.graphml"
"0.3","0.1","0.6","0.406634706839583","1,1,1,1,2,3,2,3,3,3,2,2,3,3,3,3,3,2,4,2,5,1,3,3,3,3,3,3,1,3,2,4,2,2,4,4,3,3,5,5,5,5,1,1,1,1,5,1,1,1,5,5,5,5,5,1,1,1,1,5,3,5,5,3,3,5,5,5,5,5,1,5,3,3,5,5,5,5,5,5,5,3,3,3,3,1,5,5,5,5,3,2,4,5,5,5,3,5,5,5,5,5,5,5,5,5,5,2,2,5,5,5,5,4,4,4,4,4,4,4,4,3,3,3,3,3,3,3,3","0.000826835632324219","leiden","edit-xhwikibooks.graphml"
"0.29","0.11","0.6","0.406467927024042","1,1,1,1,2,3,2,3,3,3,2,2,3,3,3,3,3,2,4,2,5,1,3,3,3,3,3,3,1,3,2,4,2,2,4,4,3,3,5,5,5,5,1,1,1,1,5,1,1,1,5,5,5,5,5,1,1,1,1,5,3,5,5,3,3,5,5,5,5,5,1,5,3,3,5,5,5,5,5,5,5,3,3,3,3,1,5,5,5,5,3,2,4,5,5,5,3,5,5,5,5,5,5,5,5,5,5,2,2,5,5,5,5,4,4,4,4,4,4,4,4,3,3,3,3,3,3,3,3","0.00083613395690918","leiden","edit-xhwikibooks.graphml"
"0.28","0.12","0.6","0.407369307023286","1,1,1,1,1,2,3,2,2,2,3,3,2,2,2,2,2,3,4,3,5,1,2,2,2,2,2,2,1,2,3,4,3,3,4,4,2,2,5,5,5,5,1,1,1,1,5,1,1,1,5,5,5,5,5,1,1,1,1,5,2,5,5,2,2,5,5,5,5,5,1,5,2,2,5,5,5,5,5,5,5,2,2,2,2,1,5,5,5,5,2,3,4,5,5,5,2,5,5,5,5,5,5,5,5,5,5,3,3,5,5,5,5,4,4,4,4,4,4,4,4,2,2,2,2,2,2,2,2","0.000818014144897461","leiden","edit-xhwikibooks.graphml"
"0.27","0.13","0.6","0.407340181521115","1,1,1,1,2,3,2,3,3,3,2,2,3,3,3,3,3,2,4,2,5,1,3,3,3,3,3,3,1,3,2,4,2,2,4,4,3,3,5,5,5,5,1,1,1,1,5,1,1,1,5,5,5,5,5,1,1,1,1,5,3,5,5,3,3,5,5,5,5,5,1,5,3,3,5,5,5,5,5,5,5,3,3,3,3,1,5,5,5,5,3,2,4,5,5,5,3,5,5,5,5,5,5,5,5,5,5,2,2,5,5,5,5,4,4,4,4,4,4,4,4,3,3,3,3,3,3,3,3","0.000840187072753906","leiden","edit-xhwikibooks.graphml"
"0.26","0.14","0.6","0.407729293412785","1,1,1,1,1,2,3,2,2,2,3,3,2,2,2,2,2,3,4,3,5,1,2,2,2,2,2,2,1,2,3,4,3,3,4,4,2,2,5,5,5,5,1,1,1,1,5,1,1,1,5,5,5,5,5,1,1,1,1,5,2,5,5,2,2,5,5,5,5,5,1,5,2,2,5,5,5,5,5,5,5,2,2,2,2,1,5,5,5,5,2,3,4,5,5,5,2,5,5,5,5,5,5,5,5,5,5,3,3,5,5,5,5,4,4,4,4,4,4,4,4,2,2,2,2,2,2,2,2","0.000804901123046875","leiden","edit-xhwikibooks.graphml"
"0.25","0.15","0.6","0.408734171698796","1,1,1,1,2,3,2,3,3,3,2,2,3,3,3,3,3,2,4,2,5,1,3,3,3,3,3,3,1,3,2,4,2,2,4,4,3,3,5,5,5,5,1,1,1,1,5,1,1,1,5,5,5,5,5,1,1,1,1,5,3,5,5,3,3,5,5,5,5,5,1,5,3,3,5,5,5,5,5,5,5,3,3,3,3,1,5,5,5,5,3,2,4,5,5,5,3,5,5,5,5,5,5,5,5,5,5,2,2,5,5,5,5,4,4,4,4,4,4,4,4,3,3,3,3,3,3,3,3","0.000792980194091797","leiden","edit-xhwikibooks.graphml"
"0.24","0.16","0.6","0.409258789506981","1,1,1,1,2,3,2,3,3,3,2,2,3,3,3,3,3,2,4,2,5,1,3,3,3,3,3,3,1,3,2,4,2,2,4,4,3,3,5,5,5,5,1,1,1,1,5,1,1,1,5,5,5,5,5,1,1,1,1,5,3,5,5,3,3,5,5,5,5,5,1,5,3,3,5,5,5,5,5,5,5,3,3,3,3,1,5,5,5,5,3,2,4,5,5,5,3,5,5,5,5,5,5,5,5,5,5,2,2,5,5,5,5,4,4,4,4,4,4,4,4,3,3,3,3,3,3,3,3","0.000814914703369141","leiden","edit-xhwikibooks.graphml"
"0.23","0.17","0.6","0.4096206514853","1,1,1,1,2,3,2,3,3,3,2,2,3,3,3,3,3,2,4,2,5,1,3,3,3,3,3,3,1,3,2,4,2,2,4,4,3,3,5,5,5,5,1,1,1,1,5,1,1,1,5,5,5,5,5,1,1,1,1,5,3,5,5,3,3,5,5,5,5,5,1,5,3,3,5,5,5,5,5,5,5,3,3,3,3,1,5,5,5,5,3,2,4,5,5,5,3,5,5,5,5,5,5,5,5,5,5,2,2,5,5,5,5,4,4,4,4,4,4,4,4,3,3,3,3,3,3,3,3","0.000815153121948242","leiden","edit-xhwikibooks.graphml"
"0.22","0.18","0.6","0.4096206514853","1,1,1,1,2,3,2,3,3,3,2,2,3,3,3,3,3,2,4,2,5,1,3,3,3,3,3,3,1,3,2,4,2,2,4,4,3,3,5,5,5,5,1,1,1,1,5,1,1,1,5,5,5,5,5,1,1,1,1,5,3,5,5,3,3,5,5,5,5,5,1,5,3,3,5,5,5,5,5,5,5,3,3,3,3,1,5,5,5,5,3,2,4,5,5,5,3,5,5,5,5,5,5,5,5,5,5,2,2,5,5,5,5,4,4,4,4,4,4,4,4,3,3,3,3,3,3,3,3","0.000844955444335938","leiden","edit-xhwikibooks.graphml"
"0.21","0.19","0.6","0.40945405828838","1,1,1,1,2,3,2,3,3,3,2,2,3,3,3,3,3,2,4,2,5,1,3,3,3,3,3,3,1,3,2,4,2,2,4,4,3,3,5,5,5,5,1,1,1,1,5,1,1,1,5,5,5,5,5,1,1,1,1,5,3,5,5,3,3,5,5,5,5,5,1,5,3,3,5,5,5,5,5,5,5,3,3,3,3,1,5,5,5,5,3,2,4,5,5,5,3,5,5,5,5,5,5,5,5,5,5,2,2,5,5,5,5,4,4,4,4,4,4,4,4,3,3,3,3,3,3,3,3","0.000997066497802734","leiden","edit-xhwikibooks.graphml"
"0.2","0.2","0.6","0.413754316285112","1,1,1,1,2,3,2,3,3,3,2,2,3,3,3,3,3,2,4,2,5,1,3,3,3,3,3,3,1,3,2,4,2,2,4,4,3,3,5,5,5,5,1,1,1,1,5,1,1,1,5,5,5,5,5,1,1,1,1,5,3,5,5,3,3,5,5,5,5,5,1,5,3,3,5,5,5,5,5,5,5,3,3,3,3,1,5,5,5,5,3,2,4,5,5,5,3,5,5,5,5,5,5,5,5,5,5,2,2,5,5,5,5,4,4,4,4,4,4,4,4,3,3,3,3,3,3,3,3","0.000802040100097656","leiden","edit-xhwikibooks.graphml"
"0.19","0.21","0.6","0.402246558386668","1,1,1,1,2,3,2,3,3,3,2,2,3,3,3,3,3,2,4,2,5,1,3,3,3,3,3,3,1,3,2,4,2,2,4,4,3,3,5,5,5,5,1,1,1,1,5,1,1,1,5,5,5,5,5,1,1,1,1,5,3,5,5,3,3,5,5,5,5,5,1,5,3,3,5,5,5,5,5,5,5,3,3,3,3,1,5,5,5,5,3,2,4,5,5,5,3,5,5,5,5,5,5,5,5,5,5,2,2,5,5,5,5,4,4,4,4,4,4,4,4,3,3,3,3,3,3,3,3","0.000794887542724609","leiden","edit-xhwikibooks.graphml"
"0.18","0.22","0.6","0.402246558386668","1,1,1,1,2,3,2,3,3,3,2,2,3,3,3,3,3,2,4,2,5,1,3,3,3,3,3,3,1,3,2,4,2,2,4,4,3,3,5,5,5,5,1,1,1,1,5,1,1,1,5,5,5,5,5,1,1,1,1,5,3,5,5,3,3,5,5,5,5,5,1,5,3,3,5,5,5,5,5,5,5,3,3,3,3,1,5,5,5,5,3,2,4,5,5,5,3,5,5,5,5,5,5,5,5,5,5,2,2,5,5,5,5,4,4,4,4,4,4,4,4,3,3,3,3,3,3,3,3","0.000802993774414062","leiden","edit-xhwikibooks.graphml"
"0.17","0.23","0.6","0.403159753367783","1,1,1,1,2,3,2,3,3,3,2,2,3,3,3,3,3,2,4,2,5,1,3,3,3,3,3,3,1,3,2,4,2,2,4,4,3,3,5,5,5,5,1,1,1,1,5,1,1,1,5,5,5,5,5,1,1,1,1,5,3,5,5,3,3,5,5,5,5,5,1,5,3,3,5,5,5,5,5,5,5,3,3,3,3,1,5,5,5,5,3,2,4,5,5,5,3,5,5,5,5,5,5,5,5,5,5,2,2,5,5,5,5,4,4,4,4,4,4,4,4,3,3,3,3,3,3,3,3","0.000813961029052734","leiden","edit-xhwikibooks.graphml"
"0.16","0.24","0.6","0.403714213748461","1,1,1,1,2,3,2,3,3,3,2,2,3,3,3,3,3,2,4,2,5,1,3,3,3,3,3,3,1,3,2,4,2,2,4,4,3,3,5,5,5,5,1,1,1,1,5,1,1,1,5,5,5,5,5,1,1,1,1,5,3,5,5,3,3,5,5,5,5,5,1,5,3,3,5,5,5,5,5,5,5,3,3,3,3,1,5,5,5,5,3,2,4,5,5,5,3,5,5,5,5,5,5,5,5,5,5,2,2,5,5,5,5,4,4,4,4,4,4,4,4,3,3,3,3,3,3,3,3","0.000808000564575195","leiden","edit-xhwikibooks.graphml"
"0.15","0.25","0.6","0.405112814760904","1,1,1,1,2,3,2,3,3,3,2,2,3,3,3,3,3,2,4,2,5,1,3,3,3,3,3,3,1,3,2,4,2,2,4,4,3,3,5,5,5,5,1,1,1,1,5,1,1,1,5,5,5,5,5,1,1,1,1,5,3,5,5,3,3,5,5,5,5,5,1,5,3,3,5,5,5,5,5,5,5,3,3,3,3,1,5,5,5,5,3,2,4,5,5,5,3,5,5,5,5,5,5,5,5,5,5,2,2,5,5,5,5,4,4,4,4,4,4,4,4,3,3,3,3,3,3,3,3","0.00079798698425293","leiden","edit-xhwikibooks.graphml"
"0.14","0.26","0.6","0.405112814760904","1,1,1,1,2,3,2,3,3,3,2,2,3,3,3,3,3,2,4,2,5,1,3,3,3,3,3,3,1,3,2,4,2,2,4,4,3,3,5,5,5,5,1,1,1,1,5,1,1,1,5,5,5,5,5,1,1,1,1,5,3,5,5,3,3,5,5,5,5,5,1,5,3,3,5,5,5,5,5,5,5,3,3,3,3,1,5,5,5,5,3,2,4,5,5,5,3,5,5,5,5,5,5,5,5,5,5,2,2,5,5,5,5,4,4,4,4,4,4,4,4,3,3,3,3,3,3,3,3","0.000802993774414062","leiden","edit-xhwikibooks.graphml"
"0.13","0.27","0.6","0.405112814760904","1,1,1,1,2,3,2,3,3,3,2,2,3,3,3,3,3,2,4,2,5,1,3,3,3,3,3,3,1,3,2,4,2,2,4,4,3,3,5,5,5,5,1,1,1,1,5,1,1,1,5,5,5,5,5,1,1,1,1,5,3,5,5,3,3,5,5,5,5,5,1,5,3,3,5,5,5,5,5,5,5,3,3,3,3,1,5,5,5,5,3,2,4,5,5,5,3,5,5,5,5,5,5,5,5,5,5,2,2,5,5,5,5,4,4,4,4,4,4,4,4,3,3,3,3,3,3,3,3","0.00084686279296875","leiden","edit-xhwikibooks.graphml"
"0.12","0.28","0.6","0.405491803278689","1,1,1,1,2,3,2,3,3,3,2,2,3,3,3,3,3,2,4,2,5,1,3,3,3,3,3,3,1,3,2,4,2,2,4,4,3,3,5,5,5,5,1,1,1,1,5,1,1,1,5,5,5,5,5,1,1,1,1,5,3,5,5,3,3,5,5,5,5,5,1,5,3,3,5,5,5,5,5,5,5,3,3,3,3,1,5,5,5,5,3,2,4,5,5,5,3,5,5,5,5,5,5,5,5,5,5,2,2,5,5,5,5,4,4,4,4,4,4,4,4,3,3,3,3,3,3,3,3","0.000824928283691406","leiden","edit-xhwikibooks.graphml"
"0.11","0.29","0.6","0.406561808746973","1,1,1,1,2,3,2,3,3,3,2,2,3,3,3,3,3,2,4,2,5,1,3,3,3,3,3,3,1,3,2,4,2,2,4,4,3,3,5,5,5,5,1,1,1,1,5,1,1,1,5,5,5,5,5,1,1,1,1,5,3,5,5,3,3,5,5,5,5,5,1,5,3,3,5,5,5,5,5,5,5,3,3,3,3,1,5,5,5,5,3,2,4,5,5,5,3,5,5,5,5,5,5,5,5,5,5,2,2,5,5,5,5,4,4,4,4,4,4,4,4,3,3,3,3,3,3,3,3","0.00083613395690918","leiden","edit-xhwikibooks.graphml"
"0.1","0.3","0.6","0.406937627915218","1,1,1,1,2,3,2,3,3,3,2,2,3,3,3,3,3,2,4,2,5,1,3,3,3,3,3,3,1,3,2,4,2,2,4,4,3,3,5,5,5,5,1,1,1,1,5,1,1,1,5,5,5,5,5,1,1,1,1,5,3,5,5,3,3,5,5,5,5,5,1,5,3,3,5,5,5,5,5,5,5,3,3,3,3,1,5,5,5,5,3,2,4,5,5,5,3,5,5,5,5,5,5,5,5,5,5,2,2,5,5,5,5,4,4,4,4,4,4,4,4,3,3,3,3,3,3,3,3","0.00101113319396973","leiden","edit-xhwikibooks.graphml"
"0.09","0.31","0.6","0.40748346190112","1,1,1,1,2,3,2,3,3,3,2,2,3,3,3,3,3,2,4,2,5,1,3,3,3,3,3,3,1,3,2,4,2,2,4,4,3,3,5,5,5,5,1,1,1,1,5,1,1,1,5,5,5,5,5,1,1,1,1,5,3,5,5,3,3,5,5,5,5,5,1,5,3,3,5,5,5,5,5,5,5,3,3,3,3,1,5,5,5,5,3,2,4,5,5,5,3,5,5,5,5,5,5,5,5,5,5,2,2,5,5,5,5,4,4,4,4,4,4,4,4,3,3,3,3,3,3,3,3","0.000945091247558594","leiden","edit-xhwikibooks.graphml"
"0.08","0.32","0.6","0.407312032171862","1,1,1,1,2,3,2,3,3,3,2,2,3,3,3,3,3,2,4,2,5,1,3,3,3,3,3,3,1,3,2,4,2,2,4,4,3,3,5,5,5,5,1,1,1,1,5,1,1,1,5,5,5,5,5,1,1,1,1,5,3,5,5,3,3,5,5,5,5,5,1,5,3,3,5,5,5,5,5,5,5,3,3,3,3,1,5,5,5,5,3,2,4,5,5,5,3,5,5,5,5,5,5,5,5,5,5,2,2,5,5,5,5,4,4,4,4,4,4,4,4,3,3,3,3,3,3,3,3","0.000822067260742188","leiden","edit-xhwikibooks.graphml"
"0.07","0.33","0.6","0.407312032171862","1,1,1,1,2,3,2,3,3,3,2,2,3,3,3,3,3,2,4,2,5,1,3,3,3,3,3,3,1,3,2,4,2,2,4,4,3,3,5,5,5,5,1,1,1,1,5,1,1,1,5,5,5,5,5,1,1,1,1,5,3,5,5,3,3,5,5,5,5,5,1,5,3,3,5,5,5,5,5,5,5,3,3,3,3,1,5,5,5,5,3,2,4,5,5,5,3,5,5,5,5,5,5,5,5,5,5,2,2,5,5,5,5,4,4,4,4,4,4,4,4,3,3,3,3,3,3,3,3","0.000940084457397461","leiden","edit-xhwikibooks.graphml"
"0.06","0.34","0.6","0.414754271567839","1,1,1,1,2,3,2,3,3,3,2,2,3,3,3,3,3,2,4,2,5,1,3,3,3,3,3,3,1,3,2,4,2,2,4,4,3,3,5,5,5,5,1,1,1,1,5,1,1,1,5,5,5,5,5,1,1,1,1,5,3,5,5,3,3,5,5,5,5,5,1,5,3,3,5,5,5,5,5,5,5,3,3,3,3,1,5,5,5,5,3,2,4,5,5,5,3,5,5,5,5,5,5,5,5,5,5,2,2,5,5,5,5,4,4,4,4,4,4,4,4,3,3,3,3,3,3,3,3","0.000974178314208984","leiden","edit-xhwikibooks.graphml"
"0.05","0.35","0.6","0.414754271567839","1,1,1,1,2,3,2,3,3,3,2,2,3,3,3,3,3,2,4,2,5,1,3,3,3,3,3,3,1,3,2,4,2,2,4,4,3,3,5,5,5,5,1,1,1,1,5,1,1,1,5,5,5,5,5,1,1,1,1,5,3,5,5,3,3,5,5,5,5,5,1,5,3,3,5,5,5,5,5,5,5,3,3,3,3,1,5,5,5,5,3,2,4,5,5,5,3,5,5,5,5,5,5,5,5,5,5,2,2,5,5,5,5,4,4,4,4,4,4,4,4,3,3,3,3,3,3,3,3","0.00408196449279785","leiden","edit-xhwikibooks.graphml"
"0.04","0.36","0.6","0.414582303178165","1,1,1,1,2,3,2,3,3,3,2,2,3,3,3,3,3,2,4,2,5,1,3,3,3,3,3,3,1,3,2,4,2,2,4,4,3,3,5,5,5,5,1,1,1,1,5,1,1,1,5,5,5,5,5,1,1,1,1,5,3,5,5,3,3,5,5,5,5,5,1,5,3,3,5,5,5,5,5,5,5,3,3,3,3,1,5,5,5,5,3,2,4,5,5,5,3,5,5,5,5,5,5,5,5,5,5,2,2,5,5,5,5,4,4,4,4,4,4,4,4,3,3,3,3,3,3,3,3","0.0019221305847168","leiden","edit-xhwikibooks.graphml"
"0.03","0.37","0.6","0.414582303178165","1,1,1,1,2,3,2,3,3,3,2,2,3,3,3,3,3,2,4,2,5,1,3,3,3,3,3,3,1,3,2,4,2,2,4,4,3,3,5,5,5,5,1,1,1,1,5,1,1,1,5,5,5,5,5,1,1,1,1,5,3,5,5,3,3,5,5,5,5,5,1,5,3,3,5,5,5,5,5,5,5,3,3,3,3,1,5,5,5,5,3,2,4,5,5,5,3,5,5,5,5,5,5,5,5,5,5,2,2,5,5,5,5,4,4,4,4,4,4,4,4,3,3,3,3,3,3,3,3","0.00171709060668945","leiden","edit-xhwikibooks.graphml"
"0.02","0.38","0.6","0.414410464324855","1,1,1,1,2,3,2,3,3,3,2,2,3,3,3,3,3,2,4,2,5,1,3,3,3,3,3,3,1,3,2,4,2,2,4,4,3,3,5,5,5,5,1,1,1,1,5,1,1,1,5,5,5,5,5,1,1,1,1,5,3,5,5,3,3,5,5,5,5,5,1,5,3,3,5,5,5,5,5,5,5,3,3,3,3,1,5,5,5,5,3,2,4,5,5,5,3,5,5,5,5,5,5,5,5,5,5,2,2,5,5,5,5,4,4,4,4,4,4,4,4,3,3,3,3,3,3,3,3","0.00178003311157227","leiden","edit-xhwikibooks.graphml"
"0.01","0.39","0.6","0.41494308349887","1,1,1,1,2,3,2,3,3,3,2,2,3,3,3,3,3,2,4,2,5,1,3,3,3,3,3,3,1,3,2,4,2,2,4,4,3,3,5,5,5,5,1,1,1,1,5,1,1,1,5,5,5,5,5,1,1,1,1,5,3,5,5,3,3,5,5,5,5,5,1,5,3,3,5,5,5,5,5,5,5,3,3,3,3,1,5,5,5,5,3,2,4,5,5,5,3,5,5,5,5,5,5,5,5,5,5,2,2,5,5,5,5,4,4,4,4,4,4,4,4,3,3,3,3,3,3,3,3","0.0019230842590332","leiden","edit-xhwikibooks.graphml"
"0","0.4","0.6","0.417873412431616","1,1,1,1,1,2,3,2,2,2,3,3,2,2,2,2,2,3,4,3,5,1,2,2,2,2,2,2,1,2,3,4,3,3,4,4,2,2,5,5,5,5,1,1,1,1,5,1,1,1,5,5,5,5,5,1,1,1,1,5,2,5,5,2,2,5,5,5,5,5,1,5,2,2,5,5,5,5,5,5,5,2,2,2,2,1,5,5,5,5,2,3,4,5,5,5,2,5,5,5,5,5,5,5,5,5,5,3,3,5,5,5,5,4,4,4,4,4,4,4,4,2,2,2,2,2,2,2,2","0.00175285339355469","leiden","edit-xhwikibooks.graphml"
"0.39","0","0.61","0.410211132910968","1,1,1,2,3,2,3,2,2,2,3,3,2,2,2,2,2,3,4,3,5,1,2,2,2,2,2,2,1,2,3,4,3,3,4,4,2,2,5,5,5,5,1,1,1,1,5,1,1,1,5,5,5,5,5,1,1,1,1,5,2,5,5,2,2,5,5,5,5,5,1,5,2,2,5,5,5,5,5,5,5,2,2,2,2,1,5,5,5,5,2,3,4,5,5,5,2,5,5,5,5,5,5,5,5,5,5,3,3,5,5,5,5,4,4,4,4,4,4,4,4,2,2,2,2,2,2,2,2","0.00178289413452148","leiden","edit-xhwikibooks.graphml"
"0.38","0.01","0.61","0.410211132910968","1,1,1,2,3,2,3,2,2,2,3,3,2,2,2,2,2,3,4,3,5,1,2,2,2,2,2,2,1,2,3,4,3,3,4,4,2,2,5,5,5,5,1,1,1,1,5,1,1,1,5,5,5,5,5,1,1,1,1,5,2,5,5,2,2,5,5,5,5,5,1,5,2,2,5,5,5,5,5,5,5,2,2,2,2,1,5,5,5,5,2,3,4,5,5,5,2,5,5,5,5,5,5,5,5,5,5,3,3,5,5,5,5,4,4,4,4,4,4,4,4,2,2,2,2,2,2,2,2","0.00187397003173828","leiden","edit-xhwikibooks.graphml"
"0.37","0.02","0.61","0.410211132910968","1,1,1,2,3,2,3,2,2,2,3,3,2,2,2,2,2,3,4,3,5,1,2,2,2,2,2,2,1,2,3,4,3,3,4,4,2,2,5,5,5,5,1,1,1,1,5,1,1,1,5,5,5,5,5,1,1,1,1,5,2,5,5,2,2,5,5,5,5,5,1,5,2,2,5,5,5,5,5,5,5,2,2,2,2,1,5,5,5,5,2,3,4,5,5,5,2,5,5,5,5,5,5,5,5,5,5,3,3,5,5,5,5,4,4,4,4,4,4,4,4,2,2,2,2,2,2,2,2","0.00177717208862305","leiden","edit-xhwikibooks.graphml"
"0.36","0.03","0.61","0.410044231684443","1,1,1,2,3,2,3,2,2,2,3,3,2,2,2,2,2,3,4,3,5,1,2,2,2,2,2,2,1,2,3,4,3,3,4,4,2,2,5,5,5,5,1,1,1,1,5,1,1,1,5,5,5,5,5,1,1,1,1,5,2,5,5,2,2,5,5,5,5,5,1,5,2,2,5,5,5,5,5,5,5,2,2,2,2,1,5,5,5,5,2,3,4,5,5,5,2,5,5,5,5,5,5,5,5,5,5,3,3,5,5,5,5,4,4,4,4,4,4,4,4,2,2,2,2,2,2,2,2","0.00190496444702148","leiden","edit-xhwikibooks.graphml"
"0.35","0.04","0.61","0.410044231684443","1,1,1,2,3,2,3,2,2,2,3,3,2,2,2,2,2,3,4,3,5,1,2,2,2,2,2,2,1,2,3,4,3,3,4,4,2,2,5,5,5,5,1,1,1,1,5,1,1,1,5,5,5,5,5,1,1,1,1,5,2,5,5,2,2,5,5,5,5,5,1,5,2,2,5,5,5,5,5,5,5,2,2,2,2,1,5,5,5,5,2,3,4,5,5,5,2,5,5,5,5,5,5,5,5,5,5,3,3,5,5,5,5,4,4,4,4,4,4,4,4,2,2,2,2,2,2,2,2","0.00169181823730469","leiden","edit-xhwikibooks.graphml"
"0.34","0.05","0.61","0.409877453975678","1,1,1,2,3,2,3,2,2,2,3,3,2,2,2,2,2,3,4,3,5,1,2,2,2,2,2,2,1,2,3,4,3,3,4,4,2,2,5,5,5,5,1,1,1,1,5,1,1,1,5,5,5,5,5,1,1,1,1,5,2,5,5,2,2,5,5,5,5,5,1,5,2,2,5,5,5,5,5,5,5,2,2,2,2,1,5,5,5,5,2,3,4,5,5,5,2,5,5,5,5,5,5,5,5,5,5,3,3,5,5,5,5,4,4,4,4,4,4,4,4,2,2,2,2,2,2,2,2","0.00175595283508301","leiden","edit-xhwikibooks.graphml"
"0.33","0.06","0.61","0.406937078288034","1,1,1,1,2,3,2,3,3,3,2,2,3,3,3,3,3,2,4,2,5,1,3,3,3,3,3,3,1,3,2,4,2,2,4,4,3,3,5,5,5,5,1,1,1,1,5,1,1,1,5,5,5,5,5,1,1,1,1,5,3,5,5,3,3,5,5,5,5,5,1,5,3,3,5,5,5,5,5,5,5,3,3,3,3,1,5,5,5,5,3,2,4,5,5,5,3,5,5,5,5,5,5,5,5,5,5,2,2,5,5,5,5,4,4,4,4,4,4,4,4,3,3,3,3,3,3,3,3","0.00183582305908203","leiden","edit-xhwikibooks.graphml"
"0.32","0.07","0.61","0.406770488355905","1,1,1,1,2,3,2,3,3,3,2,2,3,3,3,3,3,2,4,2,5,1,3,3,3,3,3,3,1,3,2,4,2,2,4,4,3,3,5,5,5,5,1,1,1,1,5,1,1,1,5,5,5,5,5,1,1,1,1,5,3,5,5,3,3,5,5,5,5,5,1,5,3,3,5,5,5,5,5,5,5,3,3,3,3,1,5,5,5,5,3,2,4,5,5,5,3,5,5,5,5,5,5,5,5,5,5,2,2,5,5,5,5,4,4,4,4,4,4,4,4,3,3,3,3,3,3,3,3","0.00177979469299316","leiden","edit-xhwikibooks.graphml"
"0.31","0.08","0.61","0.40782748087834","1,1,1,1,2,3,2,3,3,3,2,2,3,3,3,3,3,2,4,2,5,1,3,3,3,3,3,3,1,3,2,4,2,2,4,4,3,3,5,5,5,5,1,1,1,1,5,1,1,1,5,5,5,5,5,1,1,1,1,5,3,5,5,3,3,5,5,5,5,5,1,5,3,3,5,5,5,5,5,5,5,3,3,3,3,1,5,5,5,5,3,2,4,5,5,5,3,5,5,5,5,5,5,5,5,5,5,2,2,5,5,5,5,4,4,4,4,4,4,4,4,3,3,3,3,3,3,3,3","0.00181412696838379","leiden","edit-xhwikibooks.graphml"
"0.3","0.09","0.61","0.407660913914415","1,1,1,1,2,3,2,3,3,3,2,2,3,3,3,3,3,2,4,2,5,1,3,3,3,3,3,3,1,3,2,4,2,2,4,4,3,3,5,5,5,5,1,1,1,1,5,1,1,1,5,5,5,5,5,1,1,1,1,5,3,5,5,3,3,5,5,5,5,5,1,5,3,3,5,5,5,5,5,5,5,3,3,3,3,1,5,5,5,5,3,2,4,5,5,5,3,5,5,5,5,5,5,5,5,5,5,2,2,5,5,5,5,4,4,4,4,4,4,4,4,3,3,3,3,3,3,3,3","0.00164508819580078","leiden","edit-xhwikibooks.graphml"
"0.29","0.1","0.61","0.407660913914415","1,1,1,1,2,3,2,3,3,3,2,2,3,3,3,3,3,2,4,2,5,1,3,3,3,3,3,3,1,3,2,4,2,2,4,4,3,3,5,5,5,5,1,1,1,1,5,1,1,1,5,5,5,5,5,1,1,1,1,5,3,5,5,3,3,5,5,5,5,5,1,5,3,3,5,5,5,5,5,5,5,3,3,3,3,1,5,5,5,5,3,2,4,5,5,5,3,5,5,5,5,5,5,5,5,5,5,2,2,5,5,5,5,4,4,4,4,4,4,4,4,3,3,3,3,3,3,3,3","0.00166678428649902","leiden","edit-xhwikibooks.graphml"
"0.28","0.11","0.61","0.405952759080974","1,1,1,1,2,3,2,3,3,3,2,2,3,3,3,3,3,2,4,2,5,1,3,3,3,3,3,3,1,3,2,4,2,2,4,4,3,3,5,5,5,5,1,1,1,1,5,1,1,1,5,5,5,5,5,1,1,1,1,5,3,5,5,3,3,5,5,5,5,5,1,5,3,3,5,5,5,5,5,5,5,3,3,3,3,1,5,5,5,5,3,2,4,5,5,5,3,5,5,5,5,5,5,5,5,5,5,2,2,5,5,5,5,4,4,4,4,4,4,4,4,3,3,3,3,3,3,3,3","0.00190305709838867","leiden","edit-xhwikibooks.graphml"
"0.27","0.12","0.61","0.407202716532606","1,1,1,1,1,2,3,2,2,2,3,3,2,2,2,2,2,3,4,3,5,1,2,2,2,2,2,2,1,2,3,4,3,3,4,4,2,2,5,5,5,5,1,1,1,1,5,1,1,1,5,5,5,5,5,1,1,1,1,5,2,5,5,2,2,5,5,5,5,5,1,5,2,2,5,5,5,5,5,5,5,2,2,2,2,1,5,5,5,5,2,3,4,5,5,5,2,5,5,5,5,5,5,5,5,5,5,3,3,5,5,5,5,4,4,4,4,4,4,4,4,2,2,2,2,2,2,2,2","0.00176405906677246","leiden","edit-xhwikibooks.graphml"
"0.26","0.13","0.61","0.407701072198427","1,1,1,1,2,3,2,3,3,3,2,2,3,3,3,3,3,2,4,2,5,1,3,3,3,3,3,3,1,3,2,4,2,2,4,4,3,3,5,5,5,5,1,1,1,1,5,1,1,1,5,5,5,5,5,1,1,1,1,5,3,5,5,3,3,5,5,5,5,5,1,5,3,3,5,5,5,5,5,5,5,3,3,3,3,1,5,5,5,5,3,2,4,5,5,5,3,5,5,5,5,5,5,5,5,5,5,2,2,5,5,5,5,4,4,4,4,4,4,4,4,3,3,3,3,3,3,3,3","0.00162887573242188","leiden","edit-xhwikibooks.graphml"
"0.25","0.14","0.61","0.407701072198427","1,1,1,1,2,3,2,3,3,3,2,2,3,3,3,3,3,2,4,2,5,1,3,3,3,3,3,3,1,3,2,4,2,2,4,4,3,3,5,5,5,5,1,1,1,1,5,1,1,1,5,5,5,5,5,1,1,1,1,5,3,5,5,3,3,5,5,5,5,5,1,5,3,3,5,5,5,5,5,5,5,3,3,3,3,1,5,5,5,5,3,2,4,5,5,5,3,5,5,5,5,5,5,5,5,5,5,2,2,5,5,5,5,4,4,4,4,4,4,4,4,3,3,3,3,3,3,3,3","0.00213289260864258","leiden","edit-xhwikibooks.graphml"
"0.24","0.15","0.61","0.408567556005402","1,1,1,1,2,3,2,3,3,3,2,2,3,3,3,3,3,2,4,2,5,1,3,3,3,3,3,3,1,3,2,4,2,2,4,4,3,3,5,5,5,5,1,1,1,1,5,1,1,1,5,5,5,5,5,1,1,1,1,5,3,5,5,3,3,5,5,5,5,5,1,5,3,3,5,5,5,5,5,5,5,3,3,3,3,1,5,5,5,5,3,2,4,5,5,5,3,5,5,5,5,5,5,5,5,5,5,2,2,5,5,5,5,4,4,4,4,4,4,4,4,3,3,3,3,3,3,3,3","0.00184106826782227","leiden","edit-xhwikibooks.graphml"
"0.23","0.16","0.61","0.409092125525056","1,1,1,1,2,3,2,3,3,3,2,2,3,3,3,3,3,2,4,2,5,1,3,3,3,3,3,3,1,3,2,4,2,2,4,4,3,3,5,5,5,5,1,1,1,1,5,1,1,1,5,5,5,5,5,1,1,1,1,5,3,5,5,3,3,5,5,5,5,5,1,5,3,3,5,5,5,5,5,5,5,3,3,3,3,1,5,5,5,5,3,2,4,5,5,5,3,5,5,5,5,5,5,5,5,5,5,2,2,5,5,5,5,4,4,4,4,4,4,4,4,3,3,3,3,3,3,3,3","0.0020909309387207","leiden","edit-xhwikibooks.graphml"
"0.22","0.17","0.61","0.40945405828838","1,1,1,1,2,3,2,3,3,3,2,2,3,3,3,3,3,2,4,2,5,1,3,3,3,3,3,3,1,3,2,4,2,2,4,4,3,3,5,5,5,5,1,1,1,1,5,1,1,1,5,5,5,5,5,1,1,1,1,5,3,5,5,3,3,5,5,5,5,5,1,5,3,3,5,5,5,5,5,5,5,3,3,3,3,1,5,5,5,5,3,2,4,5,5,5,3,5,5,5,5,5,5,5,5,5,5,2,2,5,5,5,5,4,4,4,4,4,4,4,4,3,3,3,3,3,3,3,3","0.0018610954284668","leiden","edit-xhwikibooks.graphml"
"0.21","0.18","0.61","0.40945405828838","1,1,1,1,2,3,2,3,3,3,2,2,3,3,3,3,3,2,4,2,5,1,3,3,3,3,3,3,1,3,2,4,2,2,4,4,3,3,5,5,5,5,1,1,1,1,5,1,1,1,5,5,5,5,5,1,1,1,1,5,3,5,5,3,3,5,5,5,5,5,1,5,3,3,5,5,5,5,5,5,5,3,3,3,3,1,5,5,5,5,3,2,4,5,5,5,3,5,5,5,5,5,5,5,5,5,5,2,2,5,5,5,5,4,4,4,4,4,4,4,4,3,3,3,3,3,3,3,3","0.00183200836181641","leiden","edit-xhwikibooks.graphml"
"0.2","0.19","0.61","0.409287588621048","1,1,1,1,2,3,2,3,3,3,2,2,3,3,3,3,3,2,4,2,5,1,3,3,3,3,3,3,1,3,2,4,2,2,4,4,3,3,5,5,5,5,1,1,1,1,5,1,1,1,5,5,5,5,5,1,1,1,1,5,3,5,5,3,3,5,5,5,5,5,1,5,3,3,5,5,5,5,5,5,5,3,3,3,3,1,5,5,5,5,3,2,4,5,5,5,3,5,5,5,5,5,5,5,5,5,5,2,2,5,5,5,5,4,4,4,4,4,4,4,4,3,3,3,3,3,3,3,3","0.00142407417297363","leiden","edit-xhwikibooks.graphml"
"0.19","0.2","0.61","0.410283841638333","1,1,1,1,2,3,2,3,3,3,2,2,3,3,3,3,3,2,4,2,5,1,3,3,3,3,3,3,1,3,2,4,2,2,4,4,3,3,5,5,5,5,1,1,1,1,5,1,1,1,5,5,5,5,5,1,1,1,1,5,3,5,5,3,3,5,5,5,5,5,1,5,3,3,5,5,5,5,5,5,5,3,3,3,3,1,5,5,5,5,3,2,4,5,5,5,3,5,5,5,5,5,5,5,5,5,5,2,2,5,5,5,5,4,4,4,4,4,4,4,4,3,3,3,3,3,3,3,3","0.00136804580688477","leiden","edit-xhwikibooks.graphml"
"0.18","0.21","0.61","0.410117451523546","1,1,1,1,2,3,2,3,3,3,2,2,3,3,3,3,3,2,4,2,5,1,3,3,3,3,3,3,1,3,2,4,2,2,4,4,3,3,5,5,5,5,1,1,1,1,5,1,1,1,5,5,5,5,5,1,1,1,1,5,3,5,5,3,3,5,5,5,5,5,1,5,3,3,5,5,5,5,5,5,5,3,3,3,3,1,5,5,5,5,3,2,4,5,5,5,3,5,5,5,5,5,5,5,5,5,5,2,2,5,5,5,5,4,4,4,4,4,4,4,4,3,3,3,3,3,3,3,3","0.00137710571289062","leiden","edit-xhwikibooks.graphml"
"0.17","0.22","0.61","0.410117451523546","1,1,1,1,2,3,2,3,3,3,2,2,3,3,3,3,3,2,4,2,5,1,3,3,3,3,3,3,1,3,2,4,2,2,4,4,3,3,5,5,5,5,1,1,1,1,5,1,1,1,5,5,5,5,5,1,1,1,1,5,3,5,5,3,3,5,5,5,5,5,1,5,3,3,5,5,5,5,5,5,5,3,3,3,3,1,5,5,5,5,3,2,4,5,5,5,3,5,5,5,5,5,5,5,5,5,5,2,2,5,5,5,5,4,4,4,4,4,4,4,4,3,3,3,3,3,3,3,3","0.00157308578491211","leiden","edit-xhwikibooks.graphml"
"0.16","0.23","0.61","0.406508785251304","1,1,1,1,2,3,2,3,3,3,2,2,3,3,3,3,3,2,4,2,5,1,3,3,3,3,3,3,1,3,2,4,2,2,4,4,3,3,5,5,5,5,1,1,1,1,5,1,1,1,5,5,5,5,5,1,1,1,1,5,3,5,5,3,3,5,5,5,5,5,1,5,3,3,5,5,5,5,5,5,5,3,3,3,3,1,5,5,5,5,3,2,4,5,5,5,3,5,5,5,5,5,5,5,5,5,5,2,2,5,5,5,5,4,4,4,4,4,4,4,4,3,3,3,3,3,3,3,3","0.00150394439697266","leiden","edit-xhwikibooks.graphml"
"0.15","0.24","0.61","0.407035249423233","1,1,1,1,2,3,2,3,3,3,2,2,3,3,3,3,3,2,4,2,5,1,3,3,3,3,3,3,1,3,2,4,2,2,4,4,3,3,5,5,5,5,1,1,1,1,5,1,1,1,5,5,5,5,5,1,1,1,1,5,3,5,5,3,3,5,5,5,5,5,1,5,3,3,5,5,5,5,5,5,5,3,3,3,3,1,5,5,5,5,3,2,4,5,5,5,3,5,5,5,5,5,5,5,5,5,5,2,2,5,5,5,5,4,4,4,4,4,4,4,4,3,3,3,3,3,3,3,3","0.00142407417297363","leiden","edit-xhwikibooks.graphml"
"0.14","0.25","0.61","0.408376323144211","1,1,1,1,2,3,2,3,3,3,2,2,3,3,3,3,3,2,4,2,5,1,3,3,3,3,3,3,1,3,2,4,2,2,4,4,3,3,5,5,5,5,1,1,1,1,5,1,1,1,5,5,5,5,5,1,1,1,1,5,3,5,5,3,3,5,5,5,5,5,1,5,3,3,5,5,5,5,5,5,5,3,3,3,3,1,5,5,5,5,3,2,4,5,5,5,3,5,5,5,5,5,5,5,5,5,5,2,2,5,5,5,5,4,4,4,4,4,4,4,4,3,3,3,3,3,3,3,3","0.00149083137512207","leiden","edit-xhwikibooks.graphml"
"0.13","0.26","0.61","0.408376323144211","1,1,1,1,2,3,2,3,3,3,2,2,3,3,3,3,3,2,4,2,5,1,3,3,3,3,3,3,1,3,2,4,2,2,4,4,3,3,5,5,5,5,1,1,1,1,5,1,1,1,5,5,5,5,5,1,1,1,1,5,3,5,5,3,3,5,5,5,5,5,1,5,3,3,5,5,5,5,5,5,5,3,3,3,3,1,5,5,5,5,3,2,4,5,5,5,3,5,5,5,5,5,5,5,5,5,5,2,2,5,5,5,5,4,4,4,4,4,4,4,4,3,3,3,3,3,3,3,3","0.0013430118560791","leiden","edit-xhwikibooks.graphml"
"0.12","0.27","0.61","0.408376323144211","1,1,1,1,2,3,2,3,3,3,2,2,3,3,3,3,3,2,4,2,5,1,3,3,3,3,3,3,1,3,2,4,2,2,4,4,3,3,5,5,5,5,1,1,1,1,5,1,1,1,5,5,5,5,5,1,1,1,1,5,3,5,5,3,3,5,5,5,5,5,1,5,3,3,5,5,5,5,5,5,5,3,3,3,3,1,5,5,5,5,3,2,4,5,5,5,3,5,5,5,5,5,5,5,5,5,5,2,2,5,5,5,5,4,4,4,4,4,4,4,4,3,3,3,3,3,3,3,3","0.00128602981567383","leiden","edit-xhwikibooks.graphml"
"0.11","0.28","0.61","0.407765750599746","1,1,1,1,2,3,2,3,3,3,2,2,3,3,3,3,3,2,4,2,5,1,3,3,3,3,3,3,1,3,2,4,2,2,4,4,3,3,5,5,5,5,1,1,1,1,5,1,1,1,5,5,5,5,5,1,1,1,1,5,3,5,5,3,3,5,5,5,5,5,1,5,3,3,5,5,5,5,5,5,5,3,3,3,3,1,5,5,5,5,3,2,4,5,5,5,3,5,5,5,5,5,5,5,5,5,5,2,2,5,5,5,5,4,4,4,4,4,4,4,4,3,3,3,3,3,3,3,3","0.00156617164611816","leiden","edit-xhwikibooks.graphml"
"0.1","0.29","0.61","0.408962875901759","1,1,1,1,2,3,2,3,3,3,2,2,3,3,3,3,3,2,4,2,5,1,3,3,3,3,3,3,1,3,2,4,2,2,4,4,3,3,5,5,5,5,1,1,1,1,5,1,1,1,5,5,5,5,5,1,1,1,1,5,3,5,5,3,3,5,5,5,5,5,1,5,3,3,5,5,5,5,5,5,5,3,3,3,3,1,5,5,5,5,3,2,4,5,5,5,3,5,5,5,5,5,5,5,5,5,5,2,2,5,5,5,5,4,4,4,4,4,4,4,4,3,3,3,3,3,3,3,3","0.00165295600891113","leiden","edit-xhwikibooks.graphml"
"0.09","0.3","0.61","0.40879654240016","1,1,1,1,2,3,2,3,3,3,2,2,3,3,3,3,3,2,4,2,5,1,3,3,3,3,3,3,1,3,2,4,2,2,4,4,3,3,5,5,5,5,1,1,1,1,5,1,1,1,5,5,5,5,5,1,1,1,1,5,3,5,5,3,3,5,5,5,5,5,1,5,3,3,5,5,5,5,5,5,5,3,3,3,3,1,5,5,5,5,3,2,4,5,5,5,3,5,5,5,5,5,5,5,5,5,5,2,2,5,5,5,5,4,4,4,4,4,4,4,4,3,3,3,3,3,3,3,3","0.0012660026550293","leiden","edit-xhwikibooks.graphml"
"0.08","0.31","0.61","0.409318144044321","1,1,1,1,2,3,2,3,3,3,2,2,3,3,3,3,3,2,4,2,5,1,3,3,3,3,3,3,1,3,2,4,2,2,4,4,3,3,5,5,5,5,1,1,1,1,5,1,1,1,5,5,5,5,5,1,1,1,1,5,3,5,5,3,3,5,5,5,5,5,1,5,3,3,5,5,5,5,5,5,5,3,3,3,3,1,5,5,5,5,3,2,4,5,5,5,3,5,5,5,5,5,5,5,5,5,5,2,2,5,5,5,5,4,4,4,4,4,4,4,4,3,3,3,3,3,3,3,3","0.0010371208190918","leiden","edit-xhwikibooks.graphml"
"0.07","0.32","0.61","0.409151887444826","1,1,1,1,2,3,2,3,3,3,2,2,3,3,3,3,3,2,4,2,5,1,3,3,3,3,3,3,1,3,2,4,2,2,4,4,3,3,5,5,5,5,1,1,1,1,5,1,1,1,5,5,5,5,5,1,1,1,1,5,3,5,5,3,3,5,5,5,5,5,1,5,3,3,5,5,5,5,5,5,5,3,3,3,3,1,5,5,5,5,3,2,4,5,5,5,3,5,5,5,5,5,5,5,5,5,5,2,2,5,5,5,5,4,4,4,4,4,4,4,4,3,3,3,3,3,3,3,3","0.00100302696228027","leiden","edit-xhwikibooks.graphml"
"0.06","0.33","0.61","0.399566591490952","1,1,1,1,2,3,2,3,3,3,2,2,3,3,3,3,3,2,4,2,5,1,3,3,3,3,3,3,1,3,2,4,2,2,4,4,3,3,5,5,5,5,1,1,1,1,5,1,1,1,5,5,5,5,5,1,1,1,1,5,3,5,5,3,3,5,5,5,5,5,1,5,3,3,5,5,5,5,5,5,5,3,3,3,3,1,5,5,5,5,3,2,4,5,5,5,3,5,5,5,5,5,5,5,5,5,5,2,2,5,5,5,5,4,4,4,4,4,4,4,4,3,3,3,3,3,3,3,3","0.00111603736877441","leiden","edit-xhwikibooks.graphml"
"0.05","0.34","0.61","0.406976001004833","1,1,1,1,2,3,2,3,3,3,2,2,3,3,3,3,3,2,4,2,5,1,3,3,3,3,3,3,1,3,2,4,2,2,4,4,3,3,5,5,5,5,1,1,1,1,5,1,1,1,5,5,5,5,5,1,1,1,1,5,3,5,5,3,3,5,5,5,5,5,1,5,3,3,5,5,5,5,5,5,5,3,3,3,3,1,5,5,5,5,3,2,4,5,5,5,3,5,5,5,5,5,5,5,5,5,5,2,2,5,5,5,5,4,4,4,4,4,4,4,4,3,3,3,3,3,3,3,3","0.000948905944824219","leiden","edit-xhwikibooks.graphml"
"0.04","0.35","0.61","0.406976001004833","1,1,1,1,2,3,2,3,3,3,2,2,3,3,3,3,3,2,4,2,5,1,3,3,3,3,3,3,1,3,2,4,2,2,4,4,3,3,5,5,5,5,1,1,1,1,5,1,1,1,5,5,5,5,5,1,1,1,1,5,3,5,5,3,3,5,5,5,5,5,1,5,3,3,5,5,5,5,5,5,5,3,3,3,3,1,5,5,5,5,3,2,4,5,5,5,3,5,5,5,5,5,5,5,5,5,5,2,2,5,5,5,5,4,4,4,4,4,4,4,4,3,3,3,3,3,3,3,3","0.000940084457397461","leiden","edit-xhwikibooks.graphml"
"0.03","0.36","0.61","0.40668162149498","1,1,1,1,1,2,3,2,2,2,3,3,2,2,2,2,2,3,4,3,5,1,2,2,2,2,2,2,1,2,3,4,3,3,4,4,2,2,5,5,5,5,1,1,1,1,5,1,1,1,5,5,5,5,5,1,1,1,1,5,2,5,5,2,2,5,5,5,5,5,1,5,2,2,5,5,5,5,5,5,5,2,2,2,2,1,5,5,5,5,2,3,4,5,5,5,2,5,5,5,5,5,5,5,5,5,5,3,3,5,5,5,5,4,4,4,4,4,4,4,4,2,2,2,2,2,2,2,2","0.000948905944824219","leiden","edit-xhwikibooks.graphml"
"0.02","0.37","0.61","0.406809869187354","1,1,1,1,2,3,2,3,3,3,2,2,3,3,3,3,3,2,4,2,5,1,3,3,3,3,3,3,1,3,2,4,2,2,4,4,3,3,5,5,5,5,1,1,1,1,5,1,1,1,5,5,5,5,5,1,1,1,1,5,3,5,5,3,3,5,5,5,5,5,1,5,3,3,5,5,5,5,5,5,5,3,3,3,3,1,5,5,5,5,3,2,4,5,5,5,3,5,5,5,5,5,5,5,5,5,5,2,2,5,5,5,5,4,4,4,4,4,4,4,4,3,3,3,3,3,3,3,3","0.000953912734985352","leiden","edit-xhwikibooks.graphml"
"0.01","0.38","0.61","0.406643861504115","1,1,1,1,2,3,2,3,3,3,2,2,3,3,3,3,3,2,4,2,5,1,3,3,3,3,3,3,1,3,2,4,2,2,4,4,3,3,5,5,5,5,1,1,1,1,5,1,1,1,5,5,5,5,5,1,1,1,1,5,3,5,5,3,3,5,5,5,5,5,1,5,3,3,5,5,5,5,5,5,5,3,3,3,3,1,5,5,5,5,3,2,4,5,5,5,3,5,5,5,5,5,5,5,5,5,5,2,2,5,5,5,5,4,4,4,4,4,4,4,4,3,3,3,3,3,3,3,3","0.000971078872680664","leiden","edit-xhwikibooks.graphml"
"0","0.39","0.61","0.409308267033744","1,1,1,1,1,2,3,2,2,2,3,3,2,2,2,2,2,3,4,3,5,1,2,2,2,2,2,2,1,2,3,4,3,3,4,4,2,2,5,5,5,5,1,1,1,1,5,1,1,1,5,5,5,5,5,1,1,1,1,5,2,5,5,2,2,5,5,5,5,5,1,5,2,2,5,5,5,5,5,5,5,2,2,2,2,1,5,5,5,5,2,3,4,5,5,5,2,5,5,5,5,5,5,5,5,5,5,3,3,5,5,5,5,4,4,4,4,4,4,4,4,2,2,2,2,2,2,2,2","0.00100302696228027","leiden","edit-xhwikibooks.graphml"
"0.38","0","0.62","0.402659829470718","1,1,1,2,3,2,3,2,2,2,3,3,2,2,2,2,2,3,4,3,5,1,2,2,2,2,2,2,1,2,3,4,3,3,4,4,2,2,5,5,5,5,1,1,1,1,5,1,1,1,5,5,5,5,5,1,1,1,1,5,2,5,5,2,2,5,5,5,5,5,1,5,2,2,5,5,5,5,5,5,5,2,2,2,2,1,5,5,5,5,2,3,4,5,5,5,2,5,5,5,5,5,5,5,5,5,5,3,3,5,5,5,5,4,4,4,4,4,4,4,4,2,2,2,2,2,2,2,2","0.0010380744934082","leiden","edit-xhwikibooks.graphml"
"0.37","0.01","0.62","0.402659829470718","1,1,1,2,3,2,3,2,2,2,3,3,2,2,2,2,2,3,4,3,5,1,2,2,2,2,2,2,1,2,3,4,3,3,4,4,2,2,5,5,5,5,1,1,1,1,5,1,1,1,5,5,5,5,5,1,1,1,1,5,2,5,5,2,2,5,5,5,5,5,1,5,2,2,5,5,5,5,5,5,5,2,2,2,2,1,5,5,5,5,2,3,4,5,5,5,2,5,5,5,5,5,5,5,5,5,5,3,3,5,5,5,5,4,4,4,4,4,4,4,4,2,2,2,2,2,2,2,2","0.00101709365844727","leiden","edit-xhwikibooks.graphml"
"0.36","0.02","0.62","0.402659829470718","1,1,1,2,3,2,3,2,2,2,3,3,2,2,2,2,2,3,4,3,5,1,2,2,2,2,2,2,1,2,3,4,3,3,4,4,2,2,5,5,5,5,1,1,1,1,5,1,1,1,5,5,5,5,5,1,1,1,1,5,2,5,5,2,2,5,5,5,5,5,1,5,2,2,5,5,5,5,5,5,5,2,2,2,2,1,5,5,5,5,2,3,4,5,5,5,2,5,5,5,5,5,5,5,5,5,5,3,3,5,5,5,5,4,4,4,4,4,4,4,4,2,2,2,2,2,2,2,2","0.00117397308349609","leiden","edit-xhwikibooks.graphml"
"0.35","0.03","0.62","0.402498495235981","1,1,1,2,3,2,3,2,2,2,3,3,2,2,2,2,2,3,4,3,5,1,2,2,2,2,2,2,1,2,3,4,3,3,4,4,2,2,5,5,5,5,1,1,1,1,5,1,1,1,5,5,5,5,5,1,1,1,1,5,2,5,5,2,2,5,5,5,5,5,1,5,2,2,5,5,5,5,5,5,5,2,2,2,2,1,5,5,5,5,2,3,4,5,5,5,2,5,5,5,5,5,5,5,5,5,5,3,3,5,5,5,5,4,4,4,4,4,4,4,4,2,2,2,2,2,2,2,2","0.00101995468139648","leiden","edit-xhwikibooks.graphml"
"0.34","0.04","0.62","0.402498495235981","1,1,1,2,3,2,3,2,2,2,3,3,2,2,2,2,2,3,4,3,5,1,2,2,2,2,2,2,1,2,3,4,3,3,4,4,2,2,5,5,5,5,1,1,1,1,5,1,1,1,5,5,5,5,5,1,1,1,1,5,2,5,5,2,2,5,5,5,5,5,1,5,2,2,5,5,5,5,5,5,5,2,2,2,2,1,5,5,5,5,2,3,4,5,5,5,2,5,5,5,5,5,5,5,5,5,5,3,3,5,5,5,5,4,4,4,4,4,4,4,4,2,2,2,2,2,2,2,2","0.000937938690185547","leiden","edit-xhwikibooks.graphml"
"0.33","0.05","0.62","0.402337279439143","1,1,1,2,3,2,3,2,2,2,3,3,2,2,2,2,2,3,4,3,5,1,2,2,2,2,2,2,1,2,3,4,3,3,4,4,2,2,5,5,5,5,1,1,1,1,5,1,1,1,5,5,5,5,5,1,1,1,1,5,2,5,5,2,2,5,5,5,5,5,1,5,2,2,5,5,5,5,5,5,5,2,2,2,2,1,5,5,5,5,2,3,4,5,5,5,2,5,5,5,5,5,5,5,5,5,5,3,3,5,5,5,5,4,4,4,4,4,4,4,4,2,2,2,2,2,2,2,2","0.000964879989624023","leiden","edit-xhwikibooks.graphml"
"0.32","0.06","0.62","0.402337279439143","1,1,1,2,3,2,3,2,2,2,3,3,2,2,2,2,2,3,4,3,5,1,2,2,2,2,2,2,1,2,3,4,3,3,4,4,2,2,5,5,5,5,1,1,1,1,5,1,1,1,5,5,5,5,5,1,1,1,1,5,2,5,5,2,2,5,5,5,5,5,1,5,2,2,5,5,5,5,5,5,5,2,2,2,2,1,5,5,5,5,2,3,4,5,5,5,2,5,5,5,5,5,5,5,5,5,5,3,3,5,5,5,5,4,4,4,4,4,4,4,4,2,2,2,2,2,2,2,2","0.00094294548034668","leiden","edit-xhwikibooks.graphml"
"0.31","0.07","0.62","0.402176181971349","1,1,1,2,3,2,3,2,2,2,3,3,2,2,2,2,2,3,4,3,5,1,2,2,2,2,2,2,1,2,3,4,3,3,4,4,2,2,5,5,5,5,1,1,1,1,5,1,1,1,5,5,5,5,5,1,1,1,1,5,2,5,5,2,2,5,5,5,5,5,1,5,2,2,5,5,5,5,5,5,5,2,2,2,2,1,5,5,5,5,2,3,4,5,5,5,2,5,5,5,5,5,5,5,5,5,5,3,3,5,5,5,5,4,4,4,4,4,4,4,4,2,2,2,2,2,2,2,2","0.000931978225708008","leiden","edit-xhwikibooks.graphml"
"0.3","0.08","0.62","0.403221649484536","1,1,1,2,3,2,3,2,2,2,3,3,2,2,2,2,2,3,4,3,5,1,2,2,2,2,2,2,1,2,3,4,3,3,4,4,2,2,5,5,5,5,1,1,1,1,5,1,1,1,5,5,5,5,5,1,1,1,1,5,2,5,5,2,2,5,5,5,5,5,1,5,2,2,5,5,5,5,5,5,5,2,2,2,2,1,5,5,5,5,2,3,4,5,5,5,2,5,5,5,5,5,5,5,5,5,5,3,3,5,5,5,5,4,4,4,4,4,4,4,4,2,2,2,2,2,2,2,2","0.000990867614746094","leiden","edit-xhwikibooks.graphml"
"0.29","0.09","0.62","0.403060559562211","1,1,1,2,3,2,3,2,2,2,3,3,2,2,2,2,2,3,4,3,5,1,2,2,2,2,2,2,1,2,3,4,3,3,4,4,2,2,5,5,5,5,1,1,1,1,5,1,1,1,5,5,5,5,5,1,1,1,1,5,2,5,5,2,2,5,5,5,5,5,1,5,2,2,5,5,5,5,5,5,5,2,2,2,2,1,5,5,5,5,2,3,4,5,5,5,2,5,5,5,5,5,5,5,5,5,5,3,3,5,5,5,5,4,4,4,4,4,4,4,4,2,2,2,2,2,2,2,2","0.000995159149169922","leiden","edit-xhwikibooks.graphml"
"0.28","0.1","0.62","0.403060559562211","1,1,1,2,3,2,3,2,2,2,3,3,2,2,2,2,2,3,4,3,5,1,2,2,2,2,2,2,1,2,3,4,3,3,4,4,2,2,5,5,5,5,1,1,1,1,5,1,1,1,5,5,5,5,5,1,1,1,1,5,2,5,5,2,2,5,5,5,5,5,1,5,2,2,5,5,5,5,5,5,5,2,2,2,2,1,5,5,5,5,2,3,4,5,5,5,2,5,5,5,5,5,5,5,5,5,5,3,3,5,5,5,5,4,4,4,4,4,4,4,4,2,2,2,2,2,2,2,2","0.00100088119506836","leiden","edit-xhwikibooks.graphml"
"0.27","0.11","0.62","0.399970278242606","1,1,1,1,2,3,2,3,3,3,2,2,3,3,3,3,3,2,4,2,5,1,3,3,3,3,3,3,1,3,2,4,2,2,4,4,3,3,5,5,5,5,1,1,1,1,5,1,1,1,5,5,5,5,5,1,1,1,1,5,3,5,5,3,3,5,5,5,5,5,1,5,3,3,5,5,5,5,5,5,5,3,3,3,3,1,5,5,5,5,3,2,4,5,5,5,3,5,5,5,5,5,5,5,5,5,5,2,2,5,5,5,5,4,4,4,4,4,4,4,4,3,3,3,3,3,3,3,3","0.00100398063659668","leiden","edit-xhwikibooks.graphml"
"0.26","0.12","0.62","0.400998816777268","1,1,1,1,2,3,2,3,3,3,2,2,3,3,3,3,3,2,4,2,5,1,3,3,3,3,3,3,1,3,2,4,2,2,4,4,3,3,5,5,5,5,1,1,1,1,5,1,1,1,5,5,5,5,5,1,1,1,1,5,3,5,5,3,3,5,5,5,5,5,1,5,3,3,5,5,5,5,5,5,5,3,3,3,3,1,5,5,5,5,3,2,4,5,5,5,3,5,5,5,5,5,5,5,5,5,5,2,2,5,5,5,5,4,4,4,4,4,4,4,4,3,3,3,3,3,3,3,3","0.00097203254699707","leiden","edit-xhwikibooks.graphml"
"0.25","0.13","0.62","0.401360399617388","1,1,1,1,2,3,2,3,3,3,2,2,3,3,3,3,3,2,4,2,5,1,3,3,3,3,3,3,1,3,2,4,2,2,4,4,3,3,5,5,5,5,1,1,1,1,5,1,1,1,5,5,5,5,5,1,1,1,1,5,3,5,5,3,3,5,5,5,5,5,1,5,3,3,5,5,5,5,5,5,5,3,3,3,3,1,5,5,5,5,3,2,4,5,5,5,3,5,5,5,5,5,5,5,5,5,5,2,2,5,5,5,5,4,4,4,4,4,4,4,4,3,3,3,3,3,3,3,3","0.000969171524047852","leiden","edit-xhwikibooks.graphml"
"0.24","0.14","0.62","0.408885281035315","1,1,1,1,2,3,2,3,3,3,2,2,3,3,3,3,3,2,4,2,5,1,3,3,3,3,3,3,1,3,2,4,2,2,4,4,3,3,5,5,5,5,1,1,1,1,5,1,1,1,5,5,5,5,5,1,1,1,1,5,3,5,5,3,3,5,5,5,5,5,1,5,3,3,5,5,5,5,5,5,5,3,3,3,3,1,5,5,5,5,3,2,4,5,5,5,3,5,5,5,5,5,5,5,5,5,5,2,2,5,5,5,5,4,4,4,4,4,4,4,4,3,3,3,3,3,3,3,3","0.000977993011474609","leiden","edit-xhwikibooks.graphml"
"0.23","0.15","0.62","0.409319962240966","1,1,1,1,1,2,3,2,2,2,3,4,2,2,2,2,2,3,3,4,5,1,2,2,2,2,2,2,1,2,3,3,4,4,3,3,2,2,5,5,5,5,1,1,1,1,5,1,1,1,5,5,5,5,5,1,1,1,1,5,2,5,5,2,2,5,5,5,5,5,1,5,2,2,5,5,5,5,5,5,5,2,2,2,2,1,5,5,5,5,2,3,3,5,5,5,2,5,5,5,5,5,5,5,5,5,5,4,4,5,5,5,5,3,3,3,3,3,3,3,3,2,2,2,2,2,2,2,2","0.000939130783081055","leiden","edit-xhwikibooks.graphml"
"0.22","0.16","0.62","0.410267421421917","1,1,1,1,2,3,2,3,3,3,2,2,3,3,3,3,3,2,4,2,5,1,3,3,3,3,3,3,1,3,2,4,2,2,4,4,3,3,5,5,5,5,1,1,1,1,5,1,1,1,5,5,5,5,5,1,1,1,1,5,3,5,5,3,3,5,5,5,5,5,1,5,3,3,5,5,5,5,5,5,5,3,3,3,3,1,5,5,5,5,3,2,4,5,5,5,3,5,5,5,5,5,5,5,5,5,5,2,2,5,5,5,5,4,4,4,4,4,4,4,4,3,3,3,3,3,3,3,3","0.000931978225708008","leiden","edit-xhwikibooks.graphml"
"0.21","0.17","0.62","0.410626592797784","1,1,1,1,2,3,2,3,3,3,2,2,3,3,3,3,3,2,4,2,5,1,3,3,3,3,3,3,1,3,2,4,2,2,4,4,3,3,5,5,5,5,1,1,1,1,5,1,1,1,5,5,5,5,5,1,1,1,1,5,3,5,5,3,3,5,5,5,5,5,1,5,3,3,5,5,5,5,5,5,5,3,3,3,3,1,5,5,5,5,3,2,4,5,5,5,3,5,5,5,5,5,5,5,5,5,5,2,2,5,5,5,5,4,4,4,4,4,4,4,4,3,3,3,3,3,3,3,3","0.000952959060668945","leiden","edit-xhwikibooks.graphml"
"0.2","0.18","0.62","0.410626592797784","1,1,1,1,2,3,2,3,3,3,2,2,3,3,3,3,3,2,4,2,5,1,3,3,3,3,3,3,1,3,2,4,2,2,4,4,3,3,5,5,5,5,1,1,1,1,5,1,1,1,5,5,5,5,5,1,1,1,1,5,3,5,5,3,3,5,5,5,5,5,1,5,3,3,5,5,5,5,5,5,5,3,3,3,3,1,5,5,5,5,3,2,4,5,5,5,3,5,5,5,5,5,5,5,5,5,5,2,2,5,5,5,5,4,4,4,4,4,4,4,4,3,3,3,3,3,3,3,3","0.000948905944824219","leiden","edit-xhwikibooks.graphml"
"0.19","0.19","0.62","0.408657394250541","1,1,1,1,2,1,2,1,1,1,2,2,1,1,1,1,1,2,3,2,4,5,1,1,1,1,1,1,1,1,2,3,2,2,3,3,1,1,4,4,4,4,5,5,5,5,4,5,5,5,4,4,4,4,4,5,5,5,5,4,1,4,4,1,1,4,4,4,4,4,5,4,1,1,4,4,4,4,4,4,4,1,1,1,1,1,4,4,4,4,1,2,3,4,4,4,1,4,4,4,4,4,4,4,4,4,4,2,2,4,4,4,4,3,3,3,3,3,3,3,3,1,1,1,1,1,1,1,1","0.000956058502197266","leiden","edit-xhwikibooks.graphml"
"0.18","0.2","0.62","0.411449797578788","1,1,1,1,2,3,2,3,3,3,2,2,3,3,3,3,3,2,4,2,5,1,3,3,3,3,3,3,1,3,2,4,2,2,4,4,3,3,5,5,5,5,1,1,1,1,5,1,1,1,5,5,5,5,5,1,1,1,1,5,3,5,5,3,3,5,5,5,5,5,1,5,3,3,5,5,5,5,5,5,5,3,3,3,3,1,5,5,5,5,3,2,4,5,5,5,3,5,5,5,5,5,5,5,5,5,5,2,2,5,5,5,5,4,4,4,4,4,4,4,4,3,3,3,3,3,3,3,3","0.000982046127319336","leiden","edit-xhwikibooks.graphml"
"0.17","0.21","0.62","0.409768827890634","1,1,1,1,2,3,2,3,3,3,2,2,3,3,3,3,3,2,4,2,5,1,3,3,3,3,3,3,1,3,2,4,2,2,4,4,3,3,5,5,5,5,1,1,1,1,5,1,1,1,5,5,5,5,5,1,1,1,1,5,3,5,5,3,3,5,5,5,5,5,1,5,3,3,5,5,5,5,5,5,5,3,3,3,3,1,5,5,5,5,3,2,4,5,5,5,3,5,5,5,5,5,5,5,5,5,5,2,2,5,5,5,5,4,4,4,4,4,4,4,4,3,3,3,3,3,3,3,3","0.00108218193054199","leiden","edit-xhwikibooks.graphml"
"0.16","0.22","0.62","0.409768827890634","1,1,1,1,2,3,2,3,3,3,2,2,3,3,3,3,3,2,4,2,5,1,3,3,3,3,3,3,1,3,2,4,2,2,4,4,3,3,5,5,5,5,1,1,1,1,5,1,1,1,5,5,5,5,5,1,1,1,1,5,3,5,5,3,3,5,5,5,5,5,1,5,3,3,5,5,5,5,5,5,5,3,3,3,3,1,5,5,5,5,3,2,4,5,5,5,3,5,5,5,5,5,5,5,5,5,5,2,2,5,5,5,5,4,4,4,4,4,4,4,4,3,3,3,3,3,3,3,3","0.000946998596191406","leiden","edit-xhwikibooks.graphml"
"0.15","0.23","0.62","0.410623532501236","1,1,1,1,2,3,2,3,3,3,2,2,3,3,3,3,3,2,4,2,5,1,3,3,3,3,3,3,1,3,2,4,2,2,4,4,3,3,5,5,5,5,1,1,1,1,5,1,1,1,5,5,5,5,5,1,1,1,1,5,3,5,5,3,3,5,5,5,5,5,1,5,3,3,5,5,5,5,5,5,5,3,3,3,3,1,5,5,5,5,3,2,4,5,5,5,3,5,5,5,5,5,5,5,5,5,5,2,2,5,5,5,5,4,4,4,4,4,4,4,4,3,3,3,3,3,3,3,3","0.000948905944824219","leiden","edit-xhwikibooks.graphml"
"0.14","0.24","0.62","0.411142386729218","1,1,1,1,2,3,2,3,3,3,2,2,3,3,3,3,3,2,4,2,5,1,3,3,3,3,3,3,1,3,2,4,2,2,4,4,3,3,5,5,5,5,1,1,1,1,5,1,1,1,5,5,5,5,5,1,1,1,1,5,3,5,5,3,3,5,5,5,5,5,1,5,3,3,5,5,5,5,5,5,5,3,3,3,3,1,5,5,5,5,3,2,4,5,5,5,3,5,5,5,5,5,5,5,5,5,5,2,2,5,5,5,5,4,4,4,4,4,4,4,4,3,3,3,3,3,3,3,3","0.00093388557434082","leiden","edit-xhwikibooks.graphml"
"0.13","0.25","0.62","0.408028282394686","1,1,1,1,2,3,2,3,3,3,2,2,3,3,3,3,3,2,4,2,5,1,3,3,3,3,3,3,1,3,2,4,2,2,4,4,3,3,5,5,5,5,1,1,1,1,5,1,1,1,5,5,5,5,5,1,1,1,1,5,3,5,5,3,3,5,5,5,5,5,1,5,3,3,5,5,5,5,5,5,5,3,3,3,3,1,5,5,5,5,3,2,4,5,5,5,3,5,5,5,5,5,5,5,5,5,5,2,2,5,5,5,5,4,4,4,4,4,4,4,4,3,3,3,3,3,3,3,3","0.000932931900024414","leiden","edit-xhwikibooks.graphml"
"0.12","0.26","0.62","0.408550692520775","1,1,1,1,2,3,2,3,3,3,2,2,3,3,3,3,3,2,4,2,5,1,3,3,3,3,3,3,1,3,2,4,2,2,4,4,3,3,5,5,5,5,1,1,1,1,5,1,1,1,5,5,5,5,5,1,1,1,1,5,3,5,5,3,3,5,5,5,5,5,1,5,3,3,5,5,5,5,5,5,5,3,3,3,3,1,5,5,5,5,3,2,4,5,5,5,3,5,5,5,5,5,5,5,5,5,5,2,2,5,5,5,5,4,4,4,4,4,4,4,4,3,3,3,3,3,3,3,3","0.000916004180908203","leiden","edit-xhwikibooks.graphml"
"0.11","0.27","0.62","0.408550692520775","1,1,1,1,2,3,2,3,3,3,2,2,3,3,3,3,3,2,4,2,5,1,3,3,3,3,3,3,1,3,2,4,2,2,4,4,3,3,5,5,5,5,1,1,1,1,5,1,1,1,5,5,5,5,5,1,1,1,1,5,3,5,5,3,3,5,5,5,5,5,1,5,3,3,5,5,5,5,5,5,5,3,3,3,3,1,5,5,5,5,3,2,4,5,5,5,3,5,5,5,5,5,5,5,5,5,5,2,2,5,5,5,5,4,4,4,4,4,4,4,4,3,3,3,3,3,3,3,3","0.000907182693481445","leiden","edit-xhwikibooks.graphml"
"0.1","0.28","0.62","0.408906005190176","1,1,1,1,2,3,2,3,3,3,2,2,3,3,3,3,3,2,4,2,5,1,3,3,3,3,3,3,1,3,2,4,2,2,4,4,3,3,5,5,5,5,1,1,1,1,5,1,1,1,5,5,5,5,5,1,1,1,1,5,3,5,5,3,3,5,5,5,5,5,1,5,3,3,5,5,5,5,5,5,5,3,3,3,3,1,5,5,5,5,3,2,4,5,5,5,3,5,5,5,5,5,5,5,5,5,5,2,2,5,5,5,5,4,4,4,4,4,4,4,4,3,3,3,3,3,3,3,3","0.000911951065063477","leiden","edit-xhwikibooks.graphml"
"0.09","0.29","0.62","0.409929229044559","1,1,1,1,2,3,2,3,3,3,2,2,3,3,3,3,3,2,4,2,5,1,3,3,3,3,3,3,1,3,2,4,2,2,4,4,3,3,5,5,5,5,1,1,1,1,5,1,1,1,5,5,5,5,5,1,1,1,1,5,3,5,5,3,3,5,5,5,5,5,1,5,3,3,5,5,5,5,5,5,5,3,3,3,3,1,5,5,5,5,3,2,4,5,5,5,3,5,5,5,5,5,5,5,5,5,5,2,2,5,5,5,5,4,4,4,4,4,4,4,4,3,3,3,3,3,3,3,3","0.000926017761230469","leiden","edit-xhwikibooks.graphml"
"0.08","0.3","0.62","0.409763503971452","1,1,1,1,2,3,2,3,3,3,2,2,3,3,3,3,3,2,4,2,5,1,3,3,3,3,3,3,1,3,2,4,2,2,4,4,3,3,5,5,5,5,1,1,1,1,5,1,1,1,5,5,5,5,5,1,1,1,1,5,3,5,5,3,3,5,5,5,5,5,1,5,3,3,5,5,5,5,5,5,5,3,3,3,3,1,5,5,5,5,3,2,4,5,5,5,3,5,5,5,5,5,5,5,5,5,5,2,2,5,5,5,5,4,4,4,4,4,4,4,4,3,3,3,3,3,3,3,3","0.000926017761230469","leiden","edit-xhwikibooks.graphml"
"0.07","0.31","0.62","0.410281664242481","1,1,1,1,2,3,2,3,3,3,2,2,3,3,3,3,3,2,4,2,5,1,3,3,3,3,3,3,1,3,2,4,2,2,4,4,3,3,5,5,5,5,1,1,1,1,5,1,1,1,5,5,5,5,5,1,1,1,1,5,3,5,5,3,3,5,5,5,5,5,1,5,3,3,5,5,5,5,5,5,5,3,3,3,3,1,5,5,5,5,3,2,4,5,5,5,3,5,5,5,5,5,5,5,5,5,5,2,2,5,5,5,5,4,4,4,4,4,4,4,4,3,3,3,3,3,3,3,3","0.00101399421691895","leiden","edit-xhwikibooks.graphml"
"0.06","0.32","0.62","0.410046721583524","1,1,1,2,3,2,3,2,2,2,3,3,2,2,2,2,2,3,4,3,5,1,2,2,2,2,2,2,1,2,3,4,3,3,4,4,2,2,5,5,5,5,1,1,1,1,5,1,1,1,5,5,5,5,5,1,1,1,1,5,2,5,5,2,2,5,5,5,5,5,1,5,2,2,5,5,5,5,5,5,5,2,2,2,2,1,5,5,5,5,2,3,4,5,5,5,2,5,5,5,5,5,5,5,5,5,5,3,3,5,5,5,5,4,4,4,4,4,4,4,4,2,2,2,2,2,2,2,2","0.000993967056274414","leiden","edit-xhwikibooks.graphml"
"0.05","0.33","0.62","0.410116016145633","1,1,1,1,2,3,2,3,3,3,2,2,3,3,3,3,3,2,4,2,5,1,3,3,3,3,3,3,1,3,2,4,2,2,4,4,3,3,5,5,5,5,1,1,1,1,5,1,1,1,5,5,5,5,5,1,1,1,1,5,3,5,5,3,3,5,5,5,5,5,1,5,3,3,5,5,5,5,5,5,5,3,3,3,3,1,5,5,5,5,3,2,4,5,5,5,3,5,5,5,5,5,5,5,5,5,5,2,2,5,5,5,5,4,4,4,4,4,4,4,4,3,3,3,3,3,3,3,3","0.00091099739074707","leiden","edit-xhwikibooks.graphml"
"0.04","0.34","0.62","0.417253099821228","1,1,1,1,2,3,2,3,3,3,2,2,3,3,3,3,3,2,4,2,5,1,3,3,3,3,3,3,1,3,2,4,2,2,4,4,3,3,5,5,5,5,1,1,1,1,5,1,1,1,5,5,5,5,5,1,1,1,1,5,3,5,5,3,3,5,5,5,5,5,1,5,3,3,5,5,5,5,5,5,5,3,3,3,3,1,5,5,5,5,3,2,4,5,5,5,3,5,5,5,5,5,5,5,5,5,5,2,2,5,5,5,5,4,4,4,4,4,4,4,4,3,3,3,3,3,3,3,3","0.000972986221313477","leiden","edit-xhwikibooks.graphml"
"0.03","0.35","0.62","0.415825568865726","1,1,1,1,2,3,2,3,3,3,2,2,3,3,3,3,3,2,4,2,5,1,3,3,3,3,3,3,1,3,2,4,2,2,4,4,3,3,5,5,5,5,1,1,1,1,5,1,1,1,5,5,5,5,5,1,1,1,1,5,3,5,5,3,3,5,5,5,5,5,1,5,3,3,5,5,5,5,5,5,5,3,3,3,3,1,5,5,5,5,3,2,4,5,5,5,3,5,5,5,5,5,5,5,5,5,5,2,2,5,5,5,5,4,4,4,4,4,4,4,4,3,3,3,3,3,3,3,3","0.000919818878173828","leiden","edit-xhwikibooks.graphml"
"0.02","0.36","0.62","0.41565923823122","1,1,1,1,2,3,2,3,3,3,2,2,3,3,3,3,3,2,4,2,5,1,3,3,3,3,3,3,1,3,2,4,2,2,4,4,3,3,5,5,5,5,1,1,1,1,5,1,1,1,5,5,5,5,5,1,1,1,1,5,3,5,5,3,3,5,5,5,5,5,1,5,3,3,5,5,5,5,5,5,5,3,3,3,3,1,5,5,5,5,3,2,4,5,5,5,3,5,5,5,5,5,5,5,5,5,5,2,2,5,5,5,5,4,4,4,4,4,4,4,4,3,3,3,3,3,3,3,3","0.000973939895629883","leiden","edit-xhwikibooks.graphml"
"0.01","0.37","0.62","0.41565923823122","1,1,1,1,2,3,2,3,3,3,2,2,3,3,3,3,3,2,4,2,5,1,3,3,3,3,3,3,1,3,2,4,2,2,4,4,3,3,5,5,5,5,1,1,1,1,5,1,1,1,5,5,5,5,5,1,1,1,1,5,3,5,5,3,3,5,5,5,5,5,1,5,3,3,5,5,5,5,5,5,5,3,3,3,3,1,5,5,5,5,3,2,4,5,5,5,3,5,5,5,5,5,5,5,5,5,5,2,2,5,5,5,5,4,4,4,4,4,4,4,4,3,3,3,3,3,3,3,3","0.000966072082519531","leiden","edit-xhwikibooks.graphml"
"0","0.38","0.62","0.417502866026684","1,1,1,1,1,2,3,2,2,2,3,3,2,2,2,2,2,3,4,3,5,1,2,2,2,2,2,2,1,2,3,4,3,3,4,4,2,2,5,5,5,5,1,1,1,1,5,1,1,1,5,5,5,5,5,1,1,1,1,5,2,5,5,2,2,5,5,5,5,5,1,5,2,2,5,5,5,5,5,5,5,2,2,2,2,1,5,5,5,5,2,3,4,5,5,5,2,5,5,5,5,5,5,5,5,5,5,3,3,5,5,5,5,4,4,4,4,4,4,4,4,2,2,2,2,2,2,2,2","0.000942230224609375","leiden","edit-xhwikibooks.graphml"
"0.37","0","0.63","0.409073557935698","1,1,1,2,3,2,3,2,2,2,3,3,2,2,2,2,2,3,4,3,5,1,2,2,2,2,2,2,1,2,3,4,3,3,4,4,2,2,5,5,5,5,1,1,1,1,5,1,1,1,5,5,5,5,5,1,1,1,1,5,2,5,5,2,2,5,5,5,5,5,1,5,2,2,5,5,5,5,5,5,5,2,2,2,2,1,5,5,5,5,2,3,4,5,5,5,2,5,5,5,5,5,5,5,5,5,5,3,3,5,5,5,5,4,4,4,4,4,4,4,4,2,2,2,2,2,2,2,2","0.000941038131713867","leiden","edit-xhwikibooks.graphml"
"0.36","0.01","0.63","0.40894692913332","1,1,1,2,1,2,3,2,2,2,3,3,2,2,2,2,2,3,4,3,5,1,2,2,2,2,2,2,1,2,3,4,3,3,4,4,2,2,5,5,5,5,1,1,1,1,5,1,1,1,5,5,5,5,5,1,1,1,1,5,2,5,5,2,2,5,5,5,5,5,1,5,2,2,5,5,5,5,5,5,5,2,2,2,2,1,5,5,5,5,2,3,4,5,5,5,2,5,5,5,5,5,5,5,5,5,5,3,3,5,5,5,5,4,4,4,4,4,4,4,4,2,2,2,2,2,2,2,2","0.00108599662780762","leiden","edit-xhwikibooks.graphml"
"0.35","0.02","0.63","0.409073557935698","1,1,1,2,3,2,3,2,2,2,3,3,2,2,2,2,2,3,4,3,5,1,2,2,2,2,2,2,1,2,3,4,3,3,4,4,2,2,5,5,5,5,1,1,1,1,5,1,1,1,5,5,5,5,5,1,1,1,1,5,2,5,5,2,2,5,5,5,5,5,1,5,2,2,5,5,5,5,5,5,5,2,2,2,2,1,5,5,5,5,2,3,4,5,5,5,2,5,5,5,5,5,5,5,5,5,5,3,3,5,5,5,5,4,4,4,4,4,4,4,4,2,2,2,2,2,2,2,2","0.000956058502197266","leiden","edit-xhwikibooks.graphml"
"0.34","0.03","0.63","0.408912254770223","1,1,1,2,3,2,3,2,2,2,3,3,2,2,2,2,2,3,4,3,5,1,2,2,2,2,2,2,1,2,3,4,3,3,4,4,2,2,5,5,5,5,1,1,1,1,5,1,1,1,5,5,5,5,5,1,1,1,1,5,2,5,5,2,2,5,5,5,5,5,1,5,2,2,5,5,5,5,5,5,5,2,2,2,2,1,5,5,5,5,2,3,4,5,5,5,2,5,5,5,5,5,5,5,5,5,5,3,3,5,5,5,5,4,4,4,4,4,4,4,4,2,2,2,2,2,2,2,2","0.000916004180908203","leiden","edit-xhwikibooks.graphml"
"0.33","0.04","0.63","0.408912254770223","1,1,1,2,3,2,3,2,2,2,3,3,2,2,2,2,2,3,4,3,5,1,2,2,2,2,2,2,1,2,3,4,3,3,4,4,2,2,5,5,5,5,1,1,1,1,5,1,1,1,5,5,5,5,5,1,1,1,1,5,2,5,5,2,2,5,5,5,5,5,1,5,2,2,5,5,5,5,5,5,5,2,2,2,2,1,5,5,5,5,2,3,4,5,5,5,2,5,5,5,5,5,5,5,5,5,5,3,3,5,5,5,5,4,4,4,4,4,4,4,4,2,2,2,2,2,2,2,2","0.000927925109863281","leiden","edit-xhwikibooks.graphml"
"0.32","0.05","0.63","0.402364757147412","1,1,1,2,3,2,3,2,2,2,3,3,2,2,2,2,2,3,4,3,5,1,2,2,2,2,2,2,1,2,3,4,3,3,4,4,2,2,5,5,5,5,1,1,1,1,5,1,1,1,5,5,5,5,5,1,1,1,1,5,2,5,5,2,2,5,5,5,5,5,1,5,2,2,5,5,5,5,5,5,5,2,2,2,2,1,5,5,5,5,2,3,4,5,5,5,2,5,5,5,5,5,5,5,5,5,5,3,3,5,5,5,5,4,4,4,4,4,4,4,4,2,2,2,2,2,2,2,2","0.000957012176513672","leiden","edit-xhwikibooks.graphml"
"0.31","0.06","0.63","0.402364757147412","1,1,1,2,3,2,3,2,2,2,3,3,2,2,2,2,2,3,4,3,5,1,2,2,2,2,2,2,1,2,3,4,3,3,4,4,2,2,5,5,5,5,1,1,1,1,5,1,1,1,5,5,5,5,5,1,1,1,1,5,2,5,5,2,2,5,5,5,5,5,1,5,2,2,5,5,5,5,5,5,5,2,2,2,2,1,5,5,5,5,2,3,4,5,5,5,2,5,5,5,5,5,5,5,5,5,5,3,3,5,5,5,5,4,4,4,4,4,4,4,4,2,2,2,2,2,2,2,2","0.000957965850830078","leiden","edit-xhwikibooks.graphml"
"0.3","0.07","0.63","0.402204019077999","1,1,1,2,3,2,3,2,2,2,3,3,2,2,2,2,2,3,4,3,5,1,2,2,2,2,2,2,1,2,3,4,3,3,4,4,2,2,5,5,5,5,1,1,1,1,5,1,1,1,5,5,5,5,5,1,1,1,1,5,2,5,5,2,2,5,5,5,5,5,1,5,2,2,5,5,5,5,5,5,5,2,2,2,2,1,5,5,5,5,2,3,4,5,5,5,2,5,5,5,5,5,5,5,5,5,5,3,3,5,5,5,5,4,4,4,4,4,4,4,4,2,2,2,2,2,2,2,2","0.000991106033325195","leiden","edit-xhwikibooks.graphml"
"0.29","0.08","0.63","0.403245984569495","1,1,1,2,3,2,3,2,2,2,3,3,2,2,2,2,2,3,4,3,5,1,2,2,2,2,2,2,1,2,3,4,3,3,4,4,2,2,5,5,5,5,1,1,1,1,5,1,1,1,5,5,5,5,5,1,1,1,1,5,2,5,5,2,2,5,5,5,5,5,1,5,2,2,5,5,5,5,5,5,5,2,2,2,2,1,5,5,5,5,2,3,4,5,5,5,2,5,5,5,5,5,5,5,5,5,5,3,3,5,5,5,5,4,4,4,4,4,4,4,4,2,2,2,2,2,2,2,2","0.000982999801635742","leiden","edit-xhwikibooks.graphml"
"0.28","0.09","0.63","0.402564969886754","1,1,1,2,3,2,3,2,2,2,3,3,2,2,2,2,2,3,4,3,5,1,2,2,2,2,2,2,1,2,3,4,3,3,4,4,2,2,5,5,5,5,1,1,1,1,5,1,1,1,5,5,5,5,5,1,1,1,1,5,2,5,5,2,2,5,5,5,5,5,1,5,2,2,5,5,5,5,5,5,5,2,2,2,2,1,5,5,5,5,2,3,4,5,5,5,2,5,5,5,5,5,5,5,5,5,5,3,3,5,5,5,5,4,4,4,4,4,4,4,4,2,2,2,2,2,2,2,2","0.000923871994018555","leiden","edit-xhwikibooks.graphml"
"0.27","0.1","0.63","0.402564969886754","1,1,1,2,3,2,3,2,2,2,3,3,2,2,2,2,2,3,4,3,5,1,2,2,2,2,2,2,1,2,3,4,3,3,4,4,2,2,5,5,5,5,1,1,1,1,5,1,1,1,5,5,5,5,5,1,1,1,1,5,2,5,5,2,2,5,5,5,5,5,1,5,2,2,5,5,5,5,5,5,5,2,2,2,2,1,5,5,5,5,2,3,4,5,5,5,2,5,5,5,5,5,5,5,5,5,5,3,3,5,5,5,5,4,4,4,4,4,4,4,4,2,2,2,2,2,2,2,2","0.00102615356445312","leiden","edit-xhwikibooks.graphml"
"0.26","0.11","0.63","0.402404412013751","1,1,1,2,3,2,3,2,2,2,3,3,2,2,2,2,2,3,4,3,5,1,2,2,2,2,2,2,1,2,3,4,3,3,4,4,2,2,5,5,5,5,1,1,1,1,5,1,1,1,5,5,5,5,5,1,1,1,1,5,2,5,5,2,2,5,5,5,5,5,1,5,2,2,5,5,5,5,5,5,5,2,2,2,2,1,5,5,5,5,2,3,4,5,5,5,2,5,5,5,5,5,5,5,5,5,5,3,3,5,5,5,5,4,4,4,4,4,4,4,4,2,2,2,2,2,2,2,2","0.000897884368896484","leiden","edit-xhwikibooks.graphml"
"0.25","0.12","0.63","0.40341982763811","1,1,1,2,3,2,3,2,2,2,3,3,2,2,2,2,2,3,4,3,5,1,2,2,2,2,2,2,1,2,3,4,3,3,4,4,2,2,5,5,5,5,1,1,1,1,5,1,1,1,5,5,5,5,5,1,1,1,1,5,2,5,5,2,2,5,5,5,5,5,1,5,2,2,5,5,5,5,5,5,5,2,2,2,2,1,5,5,5,5,2,3,4,5,5,5,2,5,5,5,5,5,5,5,5,5,5,3,3,5,5,5,5,4,4,4,4,4,4,4,4,2,2,2,2,2,2,2,2","0.000931024551391602","leiden","edit-xhwikibooks.graphml"
"0.24","0.13","0.63","0.403778002184097","1,1,1,2,3,2,3,2,2,2,3,3,2,2,2,2,2,3,4,3,5,1,2,2,2,2,2,2,1,2,3,4,3,3,4,4,2,2,5,5,5,5,1,1,1,1,5,1,1,1,5,5,5,5,5,1,1,1,1,5,2,5,5,2,2,5,5,5,5,5,1,5,2,2,5,5,5,5,5,5,5,2,2,2,2,1,5,5,5,5,2,3,4,5,5,5,2,5,5,5,5,5,5,5,5,5,5,3,3,5,5,5,5,4,4,4,4,4,4,4,4,2,2,2,2,2,2,2,2","0.000910043716430664","leiden","edit-xhwikibooks.graphml"
"0.23","0.14","0.63","0.404112684126264","1,1,1,2,3,2,3,2,2,2,3,3,2,2,2,2,2,3,4,3,5,1,2,2,2,2,2,2,1,2,3,4,3,3,4,4,2,2,5,5,5,5,1,1,1,1,5,1,1,1,5,5,5,5,5,1,1,1,1,5,2,5,5,2,2,5,5,5,5,5,1,5,2,2,5,5,5,5,5,5,5,2,2,2,2,1,5,5,5,5,2,3,4,5,5,5,2,5,5,5,5,5,5,5,5,5,5,3,3,5,5,5,5,4,4,4,4,4,4,4,4,2,2,2,2,2,2,2,2","0.000939846038818359","leiden","edit-xhwikibooks.graphml"
"0.22","0.15","0.63","0.404961998685076","1,1,1,2,3,2,3,2,2,2,3,3,2,2,2,2,2,3,4,3,5,1,2,2,2,2,2,2,1,2,3,4,3,3,4,4,2,2,5,5,5,5,1,1,1,1,5,1,1,1,5,5,5,5,5,1,1,1,1,5,2,5,5,2,2,5,5,5,5,5,1,5,2,2,5,5,5,5,5,5,5,2,2,2,2,1,5,5,5,5,2,3,4,5,5,5,2,5,5,5,5,5,5,5,5,5,5,3,3,5,5,5,5,4,4,4,4,4,4,4,4,2,2,2,2,2,2,2,2","0.000954866409301758","leiden","edit-xhwikibooks.graphml"
"0.21","0.16","0.63","0.402581267636349","1,1,1,1,2,3,2,3,3,3,2,2,3,3,3,3,3,2,4,2,5,1,3,3,3,3,3,3,1,3,2,4,2,2,4,4,3,3,5,5,5,5,1,1,1,1,5,1,1,1,5,5,5,5,5,1,1,1,1,5,3,5,5,3,3,5,5,5,5,5,1,5,3,3,5,5,5,5,5,5,5,3,3,3,3,1,5,5,5,5,3,2,4,5,5,5,3,5,5,5,5,5,5,5,5,5,5,2,2,5,5,5,5,4,4,4,4,4,4,4,4,3,3,3,3,3,3,3,3","0.000945091247558594","leiden","edit-xhwikibooks.graphml"
"0.2","0.17","0.63","0.402943540547677","1,1,1,1,2,3,2,3,3,3,2,2,3,3,3,3,3,2,4,2,5,1,3,3,3,3,3,3,1,3,2,4,2,2,4,4,3,3,5,5,5,5,1,1,1,1,5,1,1,1,5,5,5,5,5,1,1,1,1,5,3,5,5,3,3,5,5,5,5,5,1,5,3,3,5,5,5,5,5,5,5,3,3,3,3,1,5,5,5,5,3,2,4,5,5,5,3,5,5,5,5,5,5,5,5,5,5,2,2,5,5,5,5,4,4,4,4,4,4,4,4,3,3,3,3,3,3,3,3","0.000956058502197266","leiden","edit-xhwikibooks.graphml"
"0.19","0.18","0.63","0.402545604381545","1,1,1,1,1,2,3,2,2,2,3,4,2,2,2,2,2,3,3,4,5,1,2,2,2,2,2,2,1,2,3,3,4,4,3,3,2,2,5,5,5,5,1,1,1,1,5,1,1,1,5,5,5,5,5,1,1,1,1,5,2,5,5,2,2,5,5,5,5,5,1,5,2,2,5,5,5,5,5,5,5,2,2,2,2,1,5,5,5,5,2,3,3,5,5,5,2,5,5,5,5,5,5,5,5,5,5,4,4,5,5,5,5,3,3,3,3,3,3,3,3,2,2,2,2,2,2,2,2","0.000944852828979492","leiden","edit-xhwikibooks.graphml"
"0.18","0.19","0.63","0.402782931158794","1,1,1,1,2,3,2,3,3,3,2,2,3,3,3,3,3,2,4,2,5,1,3,3,3,3,3,3,1,3,2,4,2,2,4,4,3,3,5,5,5,5,1,1,1,1,5,1,1,1,5,5,5,5,5,1,1,1,1,5,3,5,5,3,3,5,5,5,5,5,1,5,3,3,5,5,5,5,5,5,5,3,3,3,3,1,5,5,5,5,3,2,4,5,5,5,3,5,5,5,5,5,5,5,5,5,5,2,2,5,5,5,5,4,4,4,4,4,4,4,4,3,3,3,3,3,3,3,3","0.000930070877075195","leiden","edit-xhwikibooks.graphml"
"0.17","0.2","0.63","0.403770151216305","1,1,1,1,2,3,2,3,3,3,2,2,3,3,3,3,3,2,4,2,5,1,3,3,3,3,3,3,1,3,2,4,2,2,4,4,3,3,5,5,5,5,1,1,1,1,5,1,1,1,5,5,5,5,5,1,1,1,1,5,3,5,5,3,3,5,5,5,5,5,1,5,3,3,5,5,5,5,5,5,5,3,3,3,3,1,5,5,5,5,3,2,4,5,5,5,3,5,5,5,5,5,5,5,5,5,5,2,2,5,5,5,5,4,4,4,4,4,4,4,4,3,3,3,3,3,3,3,3","0.000943899154663086","leiden","edit-xhwikibooks.graphml"
"0.16","0.21","0.63","0.4036096039277","1,1,1,1,2,3,2,3,3,3,2,2,3,3,3,3,3,2,4,2,5,1,3,3,3,3,3,3,1,3,2,4,2,2,4,4,3,3,5,5,5,5,1,1,1,1,5,1,1,1,5,5,5,5,5,1,1,1,1,5,3,5,5,3,3,5,5,5,5,5,1,5,3,3,5,5,5,5,5,5,5,3,3,3,3,1,5,5,5,5,3,2,4,5,5,5,3,5,5,5,5,5,5,5,5,5,5,2,2,5,5,5,5,4,4,4,4,4,4,4,4,3,3,3,3,3,3,3,3","0.000936985015869141","leiden","edit-xhwikibooks.graphml"
"0.15","0.22","0.63","0.4036096039277","1,1,1,1,2,3,2,3,3,3,2,2,3,3,3,3,3,2,4,2,5,1,3,3,3,3,3,3,1,3,2,4,2,2,4,4,3,3,5,5,5,5,1,1,1,1,5,1,1,1,5,5,5,5,5,1,1,1,1,5,3,5,5,3,3,5,5,5,5,5,1,5,3,3,5,5,5,5,5,5,5,3,3,3,3,1,5,5,5,5,3,2,4,5,5,5,3,5,5,5,5,5,5,5,5,5,5,2,2,5,5,5,5,4,4,4,4,4,4,4,4,3,3,3,3,3,3,3,3","0.000960826873779297","leiden","edit-xhwikibooks.graphml"
"0.14","0.23","0.63","0.404460210218862","1,1,1,1,2,3,2,3,3,3,2,2,3,3,3,3,3,2,4,2,5,1,3,3,3,3,3,3,1,3,2,4,2,2,4,4,3,3,5,5,5,5,1,1,1,1,5,1,1,1,5,5,5,5,5,1,1,1,1,5,3,5,5,3,3,5,5,5,5,5,1,5,3,3,5,5,5,5,5,5,5,3,3,3,3,1,5,5,5,5,3,2,4,5,5,5,3,5,5,5,5,5,5,5,5,5,5,2,2,5,5,5,5,4,4,4,4,4,4,4,4,3,3,3,3,3,3,3,3","0.000922918319702148","leiden","edit-xhwikibooks.graphml"
"0.13","0.24","0.63","0.405487702878459","1,1,1,1,2,3,2,3,3,3,2,2,3,3,3,3,3,2,4,2,5,1,3,3,3,3,3,3,1,3,2,4,2,2,4,4,3,3,5,5,5,5,1,1,1,1,5,1,1,1,5,5,5,5,5,1,1,1,1,5,3,5,5,3,3,5,5,5,5,5,1,5,3,3,5,5,5,5,5,5,5,3,3,3,3,1,5,5,5,5,3,2,4,5,5,5,3,5,5,5,5,5,5,5,5,5,5,2,2,5,5,5,5,4,4,4,4,4,4,4,4,3,3,3,3,3,3,3,3","0.000950098037719727","leiden","edit-xhwikibooks.graphml"
"0.12","0.25","0.63","0.406949144548492","1,1,1,1,2,3,2,3,3,3,2,2,3,3,3,3,3,2,4,2,5,1,3,3,3,3,3,3,1,3,2,4,2,2,4,4,3,3,5,5,5,5,1,1,1,1,5,1,1,1,5,5,5,5,5,1,1,1,1,5,3,5,5,3,3,5,5,5,5,5,1,5,3,3,5,5,5,5,5,5,5,3,3,3,3,1,5,5,5,5,3,2,4,5,5,5,3,5,5,5,5,5,5,5,5,5,5,2,2,5,5,5,5,4,4,4,4,4,4,4,4,3,3,3,3,3,3,3,3","0.000946998596191406","leiden","edit-xhwikibooks.graphml"
"0.11","0.26","0.63","0.406949144548492","1,1,1,1,2,3,2,3,3,3,2,2,3,3,3,3,3,2,4,2,5,1,3,3,3,3,3,3,1,3,2,4,2,2,4,4,3,3,5,5,5,5,1,1,1,1,5,1,1,1,5,5,5,5,5,1,1,1,1,5,3,5,5,3,3,5,5,5,5,5,1,5,3,3,5,5,5,5,5,5,5,3,3,3,3,1,5,5,5,5,3,2,4,5,5,5,3,5,5,5,5,5,5,5,5,5,5,2,2,5,5,5,5,4,4,4,4,4,4,4,4,3,3,3,3,3,3,3,3","0.000915050506591797","leiden","edit-xhwikibooks.graphml"
"0.1","0.27","0.63","0.402569261683446","1,1,1,1,2,3,2,3,3,3,2,2,3,3,3,3,3,2,4,2,5,1,3,3,3,3,3,3,1,3,2,4,2,2,4,4,3,3,5,5,5,5,1,1,1,1,5,1,1,1,5,5,5,5,5,1,1,1,1,5,3,5,5,3,3,5,5,5,5,5,1,5,3,3,5,5,5,5,5,5,5,3,3,3,3,1,5,5,5,5,3,2,4,5,5,5,3,5,5,5,5,5,5,5,5,5,5,2,2,5,5,5,5,4,4,4,4,4,4,4,4,3,3,3,3,3,3,3,3","0.000952959060668945","leiden","edit-xhwikibooks.graphml"
"0.09","0.28","0.63","0.40292549313643","1,1,1,1,2,3,2,3,3,3,2,2,3,3,3,3,3,2,4,2,5,1,3,3,3,3,3,3,1,3,2,4,2,2,4,4,3,3,5,5,5,5,1,1,1,1,5,1,1,1,5,5,5,5,5,1,1,1,1,5,3,5,5,3,3,5,5,5,5,5,1,5,3,3,5,5,5,5,5,5,5,3,3,3,3,1,5,5,5,5,3,2,4,5,5,5,3,5,5,5,5,5,5,5,5,5,5,2,2,5,5,5,5,4,4,4,4,4,4,4,4,3,3,3,3,3,3,3,3","0.000982046127319336","leiden","edit-xhwikibooks.graphml"
"0.08","0.29","0.63","0.403939060497209","1,1,1,1,2,3,2,3,3,3,2,2,3,3,3,3,3,2,4,2,5,1,3,3,3,3,3,3,1,3,2,4,2,2,4,4,3,3,5,5,5,5,1,1,1,1,5,1,1,1,5,5,5,5,5,1,1,1,1,5,3,5,5,3,3,5,5,5,5,5,1,5,3,3,5,5,5,5,5,5,5,3,3,3,3,1,5,5,5,5,3,2,4,5,5,5,3,5,5,5,5,5,5,5,5,5,5,2,2,5,5,5,5,4,4,4,4,4,4,4,4,3,3,3,3,3,3,3,3","0.00104904174804688","leiden","edit-xhwikibooks.graphml"
"0.07","0.3","0.63","0.403778722280832","1,1,1,1,2,3,2,3,3,3,2,2,3,3,3,3,3,2,4,2,5,1,3,3,3,3,3,3,1,3,2,4,2,2,4,4,3,3,5,5,5,5,1,1,1,1,5,1,1,1,5,5,5,5,5,1,1,1,1,5,3,5,5,3,3,5,5,5,5,5,1,5,3,3,5,5,5,5,5,5,5,3,3,3,3,1,5,5,5,5,3,2,4,5,5,5,3,5,5,5,5,5,5,5,5,5,5,2,2,5,5,5,5,4,4,4,4,4,4,4,4,3,3,3,3,3,3,3,3","0.000936985015869141","leiden","edit-xhwikibooks.graphml"
"0.06","0.31","0.63","0.402647137866165","1,1,1,1,1,2,3,2,2,2,3,3,2,2,2,2,2,3,4,3,5,1,2,2,2,2,2,2,1,2,3,4,3,3,4,4,2,2,5,5,5,5,1,1,1,1,5,1,1,1,5,5,5,5,5,1,1,1,1,5,2,5,5,2,2,5,5,5,5,5,1,5,2,2,5,5,5,5,5,5,5,2,2,2,2,1,5,5,5,5,2,3,4,5,5,5,2,5,5,5,5,5,5,5,5,5,5,3,3,5,5,5,5,4,4,4,4,4,4,4,4,2,2,2,2,2,2,2,2","0.000932931900024414","leiden","edit-xhwikibooks.graphml"
"0.05","0.32","0.63","0.40262607528848","1,1,1,1,2,3,2,3,3,3,2,2,3,3,3,3,3,2,4,2,5,1,3,3,3,3,3,3,1,3,2,4,2,2,4,4,3,3,5,5,5,5,1,1,1,1,5,1,1,1,5,5,5,5,5,1,1,1,1,5,3,5,5,3,3,5,5,5,5,5,1,5,3,3,5,5,5,5,5,5,5,3,3,3,3,1,5,5,5,5,3,2,4,5,5,5,3,5,5,5,5,5,5,5,5,5,5,2,2,5,5,5,5,4,4,4,4,4,4,4,4,3,3,3,3,3,3,3,3","0.000936031341552734","leiden","edit-xhwikibooks.graphml"
"0.04","0.33","0.63","0.40262607528848","1,1,1,1,2,3,2,3,3,3,2,2,3,3,3,3,3,2,4,2,5,1,3,3,3,3,3,3,1,3,2,4,2,2,4,4,3,3,5,5,5,5,1,1,1,1,5,1,1,1,5,5,5,5,5,1,1,1,1,5,3,5,5,3,3,5,5,5,5,5,1,5,3,3,5,5,5,5,5,5,5,3,3,3,3,1,5,5,5,5,3,2,4,5,5,5,3,5,5,5,5,5,5,5,5,5,5,2,2,5,5,5,5,4,4,4,4,4,4,4,4,3,3,3,3,3,3,3,3","0.000916004180908203","leiden","edit-xhwikibooks.graphml"
"0.03","0.34","0.63","0.409733582854121","1,1,1,1,2,3,2,3,3,3,2,2,3,3,3,3,3,2,4,2,5,1,3,3,3,3,3,3,1,3,2,4,2,2,4,4,3,3,5,5,5,5,1,1,1,1,5,1,1,1,5,5,5,5,5,1,1,1,1,5,3,5,5,3,3,5,5,5,5,5,1,5,3,3,5,5,5,5,5,5,5,3,3,3,3,1,5,5,5,5,3,2,4,5,5,5,3,5,5,5,5,5,5,5,5,5,5,2,2,5,5,5,5,4,4,4,4,4,4,4,4,3,3,3,3,3,3,3,3","0.000949859619140625","leiden","edit-xhwikibooks.graphml"
"0.02","0.35","0.63","0.409733582854121","1,1,1,1,2,3,2,3,3,3,2,2,3,3,3,3,3,2,4,2,5,1,3,3,3,3,3,3,1,3,2,4,2,2,4,4,3,3,5,5,5,5,1,1,1,1,5,1,1,1,5,5,5,5,5,1,1,1,1,5,3,5,5,3,3,5,5,5,5,5,1,5,3,3,5,5,5,5,5,5,5,3,3,3,3,1,5,5,5,5,3,2,4,5,5,5,3,5,5,5,5,5,5,5,5,5,5,2,2,5,5,5,5,4,4,4,4,4,4,4,4,3,3,3,3,3,3,3,3","0.000950098037719727","leiden","edit-xhwikibooks.graphml"
"0.01","0.36","0.63","0.409572858741679","1,1,1,1,2,3,2,3,3,3,2,2,3,3,3,3,3,2,4,2,5,1,3,3,3,3,3,3,1,3,2,4,2,2,4,4,3,3,5,5,5,5,1,1,1,1,5,1,1,1,5,5,5,5,5,1,1,1,1,5,3,5,5,3,3,5,5,5,5,5,1,5,3,3,5,5,5,5,5,5,5,3,3,3,3,1,5,5,5,5,3,2,4,5,5,5,3,5,5,5,5,5,5,5,5,5,5,2,2,5,5,5,5,4,4,4,4,4,4,4,4,3,3,3,3,3,3,3,3","0.000926017761230469","leiden","edit-xhwikibooks.graphml"
"0","0.37","0.63","0.411587455334459","1,1,1,1,1,2,3,2,2,2,3,3,2,2,2,2,2,3,4,3,5,1,2,2,2,2,2,2,1,2,3,4,3,3,4,4,2,2,5,5,5,5,1,1,1,1,5,1,1,1,5,5,5,5,5,1,1,1,1,5,2,5,5,2,2,5,5,5,5,5,1,5,2,2,5,5,5,5,5,5,5,2,2,2,2,1,5,5,5,5,2,3,4,5,5,5,2,5,5,5,5,5,5,5,5,5,5,3,3,5,5,5,5,4,4,4,4,4,4,4,4,2,2,2,2,2,2,2,2","0.000937223434448242","leiden","edit-xhwikibooks.graphml"
"0.36","0","0.64","0.402249095942789","1,1,1,2,3,2,3,2,2,2,3,3,2,2,2,2,2,3,4,3,5,1,2,2,2,2,2,2,1,2,3,4,3,3,4,4,2,2,5,5,5,5,1,1,1,1,5,1,1,1,5,5,5,5,5,1,1,1,1,5,2,5,5,2,2,5,5,5,5,5,1,5,2,2,5,5,5,5,5,5,5,2,2,2,2,1,5,5,5,5,2,3,4,5,5,5,2,5,5,5,5,5,5,5,5,5,5,3,3,5,5,5,5,4,4,4,4,4,4,4,4,2,2,2,2,2,2,2,2","0.00107192993164062","leiden","edit-xhwikibooks.graphml"
"0.35","0.01","0.64","0.402249095942789","1,1,1,2,3,2,3,2,2,2,3,3,2,2,2,2,2,3,4,3,5,1,2,2,2,2,2,2,1,2,3,4,3,3,4,4,2,2,5,5,5,5,1,1,1,1,5,1,1,1,5,5,5,5,5,1,1,1,1,5,2,5,5,2,2,5,5,5,5,5,1,5,2,2,5,5,5,5,5,5,5,2,2,2,2,1,5,5,5,5,2,3,4,5,5,5,2,5,5,5,5,5,5,5,5,5,5,3,3,5,5,5,5,4,4,4,4,4,4,4,4,2,2,2,2,2,2,2,2","0.000966072082519531","leiden","edit-xhwikibooks.graphml"
"0.34","0.02","0.64","0.402249095942789","1,1,1,2,3,2,3,2,2,2,3,3,2,2,2,2,2,3,4,3,5,1,2,2,2,2,2,2,1,2,3,4,3,3,4,4,2,2,5,5,5,5,1,1,1,1,5,1,1,1,5,5,5,5,5,1,1,1,1,5,2,5,5,2,2,5,5,5,5,5,1,5,2,2,5,5,5,5,5,5,5,2,2,2,2,1,5,5,5,5,2,3,4,5,5,5,2,5,5,5,5,5,5,5,5,5,5,3,3,5,5,5,5,4,4,4,4,4,4,4,4,2,2,2,2,2,2,2,2","0.00097203254699707","leiden","edit-xhwikibooks.graphml"
"0.33","0.03","0.64","0.402092992469221","1,1,1,2,3,2,3,2,2,2,3,3,2,2,2,2,2,3,4,3,5,1,2,2,2,2,2,2,1,2,3,4,3,3,4,4,2,2,5,5,5,5,1,1,1,1,5,1,1,1,5,5,5,5,5,1,1,1,1,5,2,5,5,2,2,5,5,5,5,5,1,5,2,2,5,5,5,5,5,5,5,2,2,2,2,1,5,5,5,5,2,3,4,5,5,5,2,5,5,5,5,5,5,5,5,5,5,3,3,5,5,5,5,4,4,4,4,4,4,4,4,2,2,2,2,2,2,2,2","0.00091099739074707","leiden","edit-xhwikibooks.graphml"
"0.32","0.04","0.64","0.402092992469221","1,1,1,2,3,2,3,2,2,2,3,3,2,2,2,2,2,3,4,3,5,1,2,2,2,2,2,2,1,2,3,4,3,3,4,4,2,2,5,5,5,5,1,1,1,1,5,1,1,1,5,5,5,5,5,1,1,1,1,5,2,5,5,2,2,5,5,5,5,5,1,5,2,2,5,5,5,5,5,5,5,2,2,2,2,1,5,5,5,5,2,3,4,5,5,5,2,5,5,5,5,5,5,5,5,5,5,3,3,5,5,5,5,4,4,4,4,4,4,4,4,2,2,2,2,2,2,2,2","0.000988006591796875","leiden","edit-xhwikibooks.graphml"
"0.31","0.05","0.64","0.40145985949453","1,1,1,2,3,2,3,2,2,2,3,3,2,2,2,2,2,3,4,3,5,1,2,2,2,2,2,2,1,2,3,4,3,3,4,4,2,2,5,5,5,5,1,1,1,1,5,1,1,1,5,5,5,5,5,1,1,1,1,5,2,5,5,2,2,5,5,5,5,5,1,5,2,2,5,5,5,5,5,5,5,2,2,2,2,1,5,5,5,5,2,3,4,5,5,5,2,5,5,5,5,5,5,5,5,5,5,3,3,5,5,5,5,4,4,4,4,4,4,4,4,2,2,2,2,2,2,2,2","0.000956058502197266","leiden","edit-xhwikibooks.graphml"
"0.3","0.06","0.64","0.40145985949453","1,1,1,2,3,2,3,2,2,2,3,3,2,2,2,2,2,3,4,3,5,1,2,2,2,2,2,2,1,2,3,4,3,3,4,4,2,2,5,5,5,5,1,1,1,1,5,1,1,1,5,5,5,5,5,1,1,1,1,5,2,5,5,2,2,5,5,5,5,5,1,5,2,2,5,5,5,5,5,5,5,2,2,2,2,1,5,5,5,5,2,3,4,5,5,5,2,5,5,5,5,5,5,5,5,5,5,3,3,5,5,5,5,4,4,4,4,4,4,4,4,2,2,2,2,2,2,2,2","0.000808000564575195","leiden","edit-xhwikibooks.graphml"
"0.29","0.07","0.64","0.401304","1,1,1,2,3,2,3,2,2,2,3,3,2,2,2,2,2,3,4,3,5,1,2,2,2,2,2,2,1,2,3,4,3,3,4,4,2,2,5,5,5,5,1,1,1,1,5,1,1,1,5,5,5,5,5,1,1,1,1,5,2,5,5,2,2,5,5,5,5,5,1,5,2,2,5,5,5,5,5,5,5,2,2,2,2,1,5,5,5,5,2,3,4,5,5,5,2,5,5,5,5,5,5,5,5,5,5,3,3,5,5,5,5,4,4,4,4,4,4,4,4,2,2,2,2,2,2,2,2","0.000832796096801758","leiden","edit-xhwikibooks.graphml"
"0.28","0.08","0.64","0.402322452772003","1,1,1,2,3,2,3,2,2,2,3,3,2,2,2,2,2,3,4,3,5,1,2,2,2,2,2,2,1,2,3,4,3,3,4,4,2,2,5,5,5,5,1,1,1,1,5,1,1,1,5,5,5,5,5,1,1,1,1,5,2,5,5,2,2,5,5,5,5,5,1,5,2,2,5,5,5,5,5,5,5,2,2,2,2,1,5,5,5,5,2,3,4,5,5,5,2,5,5,5,5,5,5,5,5,5,5,3,3,5,5,5,5,4,4,4,4,4,4,4,4,2,2,2,2,2,2,2,2","0.000805139541625977","leiden","edit-xhwikibooks.graphml"
"0.27","0.09","0.64","0.409452174224101","1,1,1,2,3,2,3,2,2,2,3,3,2,2,2,2,2,3,4,3,5,1,2,2,2,2,2,2,1,2,3,4,3,3,4,4,2,2,5,5,5,5,1,1,1,1,5,1,1,1,5,5,5,5,5,1,1,1,1,5,2,5,5,2,2,5,5,5,5,5,1,5,2,2,5,5,5,5,5,5,5,2,2,2,2,1,5,5,5,5,2,3,4,5,5,5,2,5,5,5,5,5,5,5,5,5,5,3,3,5,5,5,5,4,4,4,4,4,4,4,4,2,2,2,2,2,2,2,2","0.000811100006103516","leiden","edit-xhwikibooks.graphml"
"0.26","0.1","0.64","0.409452174224101","1,1,1,2,3,2,3,2,2,2,3,3,2,2,2,2,2,3,4,3,5,1,2,2,2,2,2,2,1,2,3,4,3,3,4,4,2,2,5,5,5,5,1,1,1,1,5,1,1,1,5,5,5,5,5,1,1,1,1,5,2,5,5,2,2,5,5,5,5,5,1,5,2,2,5,5,5,5,5,5,5,2,2,2,2,1,5,5,5,5,2,3,4,5,5,5,2,5,5,5,5,5,5,5,5,5,5,3,3,5,5,5,5,4,4,4,4,4,4,4,4,2,2,2,2,2,2,2,2","0.000832080841064453","leiden","edit-xhwikibooks.graphml"
"0.25","0.11","0.64","0.409291234410882","1,1,1,2,3,2,3,2,2,2,3,3,2,2,2,2,2,3,4,3,5,1,2,2,2,2,2,2,1,2,3,4,3,3,4,4,2,2,5,5,5,5,1,1,1,1,5,1,1,1,5,5,5,5,5,1,1,1,1,5,2,5,5,2,2,5,5,5,5,5,1,5,2,2,5,5,5,5,5,5,5,2,2,2,2,1,5,5,5,5,2,3,4,5,5,5,2,5,5,5,5,5,5,5,5,5,5,3,3,5,5,5,5,4,4,4,4,4,4,4,4,2,2,2,2,2,2,2,2","0.00080418586730957","leiden","edit-xhwikibooks.graphml"
"0.24","0.12","0.64","0.410788291105418","1,1,1,2,3,2,3,2,2,2,3,3,2,2,2,2,2,3,4,3,5,1,2,2,2,2,2,2,1,2,3,4,3,3,4,4,2,2,5,5,5,5,1,1,1,1,5,1,1,1,5,5,5,5,5,1,1,1,1,5,2,5,5,2,2,5,5,5,5,5,1,5,2,2,5,5,5,5,5,5,5,2,2,2,2,1,5,5,5,5,2,3,4,5,5,5,2,5,5,5,5,5,5,5,5,5,5,3,3,5,5,5,5,4,4,4,4,4,4,4,4,2,2,2,2,2,2,2,2","0.000819921493530273","leiden","edit-xhwikibooks.graphml"
"0.23","0.13","0.64","0.404295423499336","1,1,1,2,3,2,3,2,2,2,3,3,2,2,2,2,2,3,4,3,5,1,2,2,2,2,2,2,1,2,3,4,3,3,4,4,2,2,5,5,5,5,1,1,1,1,5,1,1,1,5,5,5,5,5,1,1,1,1,5,2,5,5,2,2,5,5,5,5,5,1,5,2,2,5,5,5,5,5,5,5,2,2,2,2,1,5,5,5,5,2,3,4,5,5,5,2,5,5,5,5,5,5,5,5,5,5,3,3,5,5,5,5,4,4,4,4,4,4,4,4,2,2,2,2,2,2,2,2","0.00080418586730957","leiden","edit-xhwikibooks.graphml"
"0.22","0.14","0.64","0.404295423499336","1,1,1,2,3,2,3,2,2,2,3,3,2,2,2,2,2,3,4,3,5,1,2,2,2,2,2,2,1,2,3,4,3,3,4,4,2,2,5,5,5,5,1,1,1,1,5,1,1,1,5,5,5,5,5,1,1,1,1,5,2,5,5,2,2,5,5,5,5,5,1,5,2,2,5,5,5,5,5,5,5,2,2,2,2,1,5,5,5,5,2,3,4,5,5,5,2,5,5,5,5,5,5,5,5,5,5,3,3,5,5,5,5,4,4,4,4,4,4,4,4,2,2,2,2,2,2,2,2","0.000867128372192383","leiden","edit-xhwikibooks.graphml"
"0.21","0.15","0.64","0.4051432641595","1,1,1,2,3,2,3,2,2,2,3,3,2,2,2,2,2,3,4,3,5,1,2,2,2,2,2,2,1,2,3,4,3,3,4,4,2,2,5,5,5,5,1,1,1,1,5,1,1,1,5,5,5,5,5,1,1,1,1,5,2,5,5,2,2,5,5,5,5,5,1,5,2,2,5,5,5,5,5,5,5,2,2,2,2,1,5,5,5,5,2,3,4,5,5,5,2,5,5,5,5,5,5,5,5,5,5,3,3,5,5,5,5,4,4,4,4,4,4,4,4,2,2,2,2,2,2,2,2","0.000898122787475586","leiden","edit-xhwikibooks.graphml"
"0.2","0.16","0.64","0.405657896565186","1,1,1,2,3,2,3,2,2,2,3,3,2,2,2,2,2,3,4,3,5,1,2,2,2,2,2,2,1,2,3,4,3,3,4,4,2,2,5,5,5,5,1,1,1,1,5,1,1,1,5,5,5,5,5,1,1,1,1,5,2,5,5,2,2,5,5,5,5,5,1,5,2,2,5,5,5,5,5,5,5,2,2,2,2,1,5,5,5,5,2,3,4,5,5,5,2,5,5,5,5,5,5,5,5,5,5,3,3,5,5,5,5,4,4,4,4,4,4,4,4,2,2,2,2,2,2,2,2","0.000921010971069336","leiden","edit-xhwikibooks.graphml"
"0.19","0.17","0.64","0.406015135955416","1,1,1,2,3,2,3,2,2,2,3,3,2,2,2,2,2,3,4,3,5,1,2,2,2,2,2,2,1,2,3,4,3,3,4,4,2,2,5,5,5,5,1,1,1,1,5,1,1,1,5,5,5,5,5,1,1,1,1,5,2,5,5,2,2,5,5,5,5,5,1,5,2,2,5,5,5,5,5,5,5,2,2,2,2,1,5,5,5,5,2,3,4,5,5,5,2,5,5,5,5,5,5,5,5,5,5,3,3,5,5,5,5,4,4,4,4,4,4,4,4,2,2,2,2,2,2,2,2","0.000813007354736328","leiden","edit-xhwikibooks.graphml"
"0.18","0.18","0.64","0.406015135955416","1,1,1,2,3,2,3,2,2,2,3,3,2,2,2,2,2,3,4,3,5,1,2,2,2,2,2,2,1,2,3,4,3,3,4,4,2,2,5,5,5,5,1,1,1,1,5,1,1,1,5,5,5,5,5,1,1,1,1,5,2,5,5,2,2,5,5,5,5,5,1,5,2,2,5,5,5,5,5,5,5,2,2,2,2,1,5,5,5,5,2,3,4,5,5,5,2,5,5,5,5,5,5,5,5,5,5,3,3,5,5,5,5,4,4,4,4,4,4,4,4,2,2,2,2,2,2,2,2","0.000837087631225586","leiden","edit-xhwikibooks.graphml"
"0.17","0.19","0.64","0.40585467190251","1,1,1,2,3,2,3,2,2,2,3,3,2,2,2,2,2,3,4,3,5,1,2,2,2,2,2,2,1,2,3,4,3,3,4,4,2,2,5,5,5,5,1,1,1,1,5,1,1,1,5,5,5,5,5,1,1,1,1,5,2,5,5,2,2,5,5,5,5,5,1,5,2,2,5,5,5,5,5,5,5,2,2,2,2,1,5,5,5,5,2,3,4,5,5,5,2,5,5,5,5,5,5,5,5,5,5,3,3,5,5,5,5,4,4,4,4,4,4,4,4,2,2,2,2,2,2,2,2","0.000818014144897461","leiden","edit-xhwikibooks.graphml"
"0.16","0.2","0.64","0.406823685547676","1,1,1,2,3,2,3,2,2,2,3,3,2,2,2,2,2,3,4,3,5,1,2,2,2,2,2,2,1,2,3,4,3,3,4,4,2,2,5,5,5,5,1,1,1,1,5,1,1,1,5,5,5,5,5,1,1,1,1,5,2,5,5,2,2,5,5,5,5,5,1,5,2,2,5,5,5,5,5,5,5,2,2,2,2,1,5,5,5,5,2,3,4,5,5,5,2,5,5,5,5,5,5,5,5,5,5,3,3,5,5,5,5,4,4,4,4,4,4,4,4,2,2,2,2,2,2,2,2","0.000838041305541992","leiden","edit-xhwikibooks.graphml"
"0.15","0.21","0.64","0.403790667999577","1,1,1,1,2,3,2,3,3,3,2,2,3,3,3,3,3,2,4,2,5,1,3,3,3,3,3,3,1,3,2,4,2,2,4,4,3,3,5,5,5,5,1,1,1,1,5,1,1,1,5,5,5,5,5,1,1,1,1,5,3,5,5,3,3,5,5,5,5,5,1,5,3,3,5,5,5,5,5,5,5,3,3,3,3,1,5,5,5,5,3,2,4,5,5,5,3,5,5,5,5,5,5,5,5,5,5,2,2,5,5,5,5,4,4,4,4,4,4,4,4,3,3,3,3,3,3,3,3","0.000872135162353516","leiden","edit-xhwikibooks.graphml"
"0.14","0.22","0.64","0.404304898017766","1,1,1,1,2,3,2,3,3,3,2,2,3,3,3,3,3,2,4,2,5,1,3,3,3,3,3,3,1,3,2,4,2,2,4,4,3,3,5,5,5,5,1,1,1,1,5,1,1,1,5,5,5,5,5,1,1,1,1,5,3,5,5,3,3,5,5,5,5,5,1,5,3,3,5,5,5,5,5,5,5,3,3,3,3,1,5,5,5,5,3,2,4,5,5,5,3,5,5,5,5,5,5,5,5,5,5,2,2,5,5,5,5,4,4,4,4,4,4,4,4,3,3,3,3,3,3,3,3","0.00251603126525879","leiden","edit-xhwikibooks.graphml"
"0.13","0.23","0.64","0.405152526901191","1,1,1,1,2,3,2,3,3,3,2,2,3,3,3,3,3,2,4,2,5,1,3,3,3,3,3,3,1,3,2,4,2,2,4,4,3,3,5,5,5,5,1,1,1,1,5,1,1,1,5,5,5,5,5,1,1,1,1,5,3,5,5,3,3,5,5,5,5,5,1,5,3,3,5,5,5,5,5,5,5,3,3,3,3,1,5,5,5,5,3,2,4,5,5,5,3,5,5,5,5,5,5,5,5,5,5,2,2,5,5,5,5,4,4,4,4,4,4,4,4,3,3,3,3,3,3,3,3","0.00105786323547363","leiden","edit-xhwikibooks.graphml"
"0.12","0.24","0.64","0.405663989750021","1,1,1,1,2,3,2,3,3,3,2,2,3,3,3,3,3,2,4,2,5,1,3,3,3,3,3,3,1,3,2,4,2,2,4,4,3,3,5,5,5,5,1,1,1,1,5,1,1,1,5,5,5,5,5,1,1,1,1,5,3,5,5,3,3,5,5,5,5,5,1,5,3,3,5,5,5,5,5,5,5,3,3,3,3,1,5,5,5,5,3,2,4,5,5,5,3,5,5,5,5,5,5,5,5,5,5,2,2,5,5,5,5,4,4,4,4,4,4,4,4,3,3,3,3,3,3,3,3","0.000977993011474609","leiden","edit-xhwikibooks.graphml"
"0.11","0.25","0.64","0.40645337783879","1,1,1,1,2,3,2,3,3,3,2,2,3,3,3,3,3,2,4,2,5,1,3,3,3,3,3,3,1,3,2,4,2,2,4,4,3,3,5,5,5,5,1,1,1,1,5,1,1,1,5,5,5,5,5,1,1,1,1,5,3,5,5,3,3,5,5,5,5,5,1,5,3,3,5,5,5,5,5,5,5,3,3,3,3,1,5,5,5,5,3,2,4,5,5,5,3,5,5,5,5,5,5,5,5,5,5,2,2,5,5,5,5,4,4,4,4,4,4,4,4,3,3,3,3,3,3,3,3","0.000938892364501953","leiden","edit-xhwikibooks.graphml"
"0.1","0.26","0.64","0.40645337783879","1,1,1,1,2,3,2,3,3,3,2,2,3,3,3,3,3,2,4,2,5,1,3,3,3,3,3,3,1,3,2,4,2,2,4,4,3,3,5,5,5,5,1,1,1,1,5,1,1,1,5,5,5,5,5,1,1,1,1,5,3,5,5,3,3,5,5,5,5,5,1,5,3,3,5,5,5,5,5,5,5,3,3,3,3,1,5,5,5,5,3,2,4,5,5,5,3,5,5,5,5,5,5,5,5,5,5,2,2,5,5,5,5,4,4,4,4,4,4,4,4,3,3,3,3,3,3,3,3","0.00100612640380859","leiden","edit-xhwikibooks.graphml"
"0.09","0.27","0.64","0.40645337783879","1,1,1,1,2,3,2,3,3,3,2,2,3,3,3,3,3,2,4,2,5,1,3,3,3,3,3,3,1,3,2,4,2,2,4,4,3,3,5,5,5,5,1,1,1,1,5,1,1,1,5,5,5,5,5,1,1,1,1,5,3,5,5,3,3,5,5,5,5,5,1,5,3,3,5,5,5,5,5,5,5,3,3,3,3,1,5,5,5,5,3,2,4,5,5,5,3,5,5,5,5,5,5,5,5,5,5,2,2,5,5,5,5,4,4,4,4,4,4,4,4,3,3,3,3,3,3,3,3","0.000924110412597656","leiden","edit-xhwikibooks.graphml"
"0.08","0.28","0.64","0.406802462987583","1,1,1,1,2,3,2,3,3,3,2,2,3,3,3,3,3,2,4,2,5,1,3,3,3,3,3,3,1,3,2,4,2,2,4,4,3,3,5,5,5,5,1,1,1,1,5,1,1,1,5,5,5,5,5,1,1,1,1,5,3,5,5,3,3,5,5,5,5,5,1,5,3,3,5,5,5,5,5,5,5,3,3,3,3,1,5,5,5,5,3,2,4,5,5,5,3,5,5,5,5,5,5,5,5,5,5,2,2,5,5,5,5,4,4,4,4,4,4,4,4,3,3,3,3,3,3,3,3","0.000931978225708008","leiden","edit-xhwikibooks.graphml"
"0.07","0.29","0.64","0.403444116665904","1,1,1,1,2,3,2,3,3,3,2,2,3,3,3,3,3,2,4,2,5,1,3,3,3,3,3,3,1,3,2,4,2,2,4,4,3,3,5,5,5,5,1,1,1,1,5,1,1,1,5,5,5,5,5,1,1,1,1,5,3,5,5,3,3,5,5,5,5,5,1,5,3,3,5,5,5,5,5,5,5,3,3,3,3,1,5,5,5,5,3,2,4,5,5,5,3,5,5,5,5,5,5,5,5,5,5,2,2,5,5,5,5,4,4,4,4,4,4,4,4,3,3,3,3,3,3,3,3","0.00090789794921875","leiden","edit-xhwikibooks.graphml"
"0.06","0.3","0.64","0.403284189803489","1,1,1,1,2,3,2,3,3,3,2,2,3,3,3,3,3,2,4,2,5,1,3,3,3,3,3,3,1,3,2,4,2,2,4,4,3,3,5,5,5,5,1,1,1,1,5,1,1,1,5,5,5,5,5,1,1,1,1,5,3,5,5,3,3,5,5,5,5,5,1,5,3,3,5,5,5,5,5,5,5,3,3,3,3,1,5,5,5,5,3,2,4,5,5,5,3,5,5,5,5,5,5,5,5,5,5,2,2,5,5,5,5,4,4,4,4,4,4,4,4,3,3,3,3,3,3,3,3","0.000921010971069336","leiden","edit-xhwikibooks.graphml"
"0.05","0.31","0.64","0.403797512643449","1,1,1,1,2,3,2,3,3,3,2,2,3,3,3,3,3,2,4,2,5,1,3,3,3,3,3,3,1,3,2,4,2,2,4,4,3,3,5,5,5,5,1,1,1,1,5,1,1,1,5,5,5,5,5,1,1,1,1,5,3,5,5,3,3,5,5,5,5,5,1,5,3,3,5,5,5,5,5,5,5,3,3,3,3,1,5,5,5,5,3,2,4,5,5,5,3,5,5,5,5,5,5,5,5,5,5,2,2,5,5,5,5,4,4,4,4,4,4,4,4,3,3,3,3,3,3,3,3","0.000912904739379883","leiden","edit-xhwikibooks.graphml"
"0.04","0.32","0.64","0.40363765218725","1,1,1,1,2,3,2,3,3,3,2,2,3,3,3,3,3,2,4,2,5,1,3,3,3,3,3,3,1,3,2,4,2,2,4,4,3,3,5,5,5,5,1,1,1,1,5,1,1,1,5,5,5,5,5,1,1,1,1,5,3,5,5,3,3,5,5,5,5,5,1,5,3,3,5,5,5,5,5,5,5,3,3,3,3,1,5,5,5,5,3,2,4,5,5,5,3,5,5,5,5,5,5,5,5,5,5,2,2,5,5,5,5,4,4,4,4,4,4,4,4,3,3,3,3,3,3,3,3","0.000887870788574219","leiden","edit-xhwikibooks.graphml"
"0.03","0.33","0.64","0.40363765218725","1,1,1,1,2,3,2,3,3,3,2,2,3,3,3,3,3,2,4,2,5,1,3,3,3,3,3,3,1,3,2,4,2,2,4,4,3,3,5,5,5,5,1,1,1,1,5,1,1,1,5,5,5,5,5,1,1,1,1,5,3,5,5,3,3,5,5,5,5,5,1,5,3,3,5,5,5,5,5,5,5,3,3,3,3,1,5,5,5,5,3,2,4,5,5,5,3,5,5,5,5,5,5,5,5,5,5,2,2,5,5,5,5,4,4,4,4,4,4,4,4,3,3,3,3,3,3,3,3","0.00088191032409668","leiden","edit-xhwikibooks.graphml"
"0.02","0.34","0.64","0.410703519304837","1,1,1,1,2,3,2,3,3,3,2,2,3,3,3,3,3,2,4,2,5,1,3,3,3,3,3,3,1,3,2,4,2,2,4,4,3,3,5,5,5,5,1,1,1,1,5,1,1,1,5,5,5,5,5,1,1,1,1,5,3,5,5,3,3,5,5,5,5,5,1,5,3,3,5,5,5,5,5,5,5,3,3,3,3,1,5,5,5,5,3,2,4,5,5,5,3,5,5,5,5,5,5,5,5,5,5,2,2,5,5,5,5,4,4,4,4,4,4,4,4,3,3,3,3,3,3,3,3","0.000843048095703125","leiden","edit-xhwikibooks.graphml"
"0.01","0.35","0.64","0.410703519304837","1,1,1,1,2,3,2,3,3,3,2,2,3,3,3,3,3,2,4,2,5,1,3,3,3,3,3,3,1,3,2,4,2,2,4,4,3,3,5,5,5,5,1,1,1,1,5,1,1,1,5,5,5,5,5,1,1,1,1,5,3,5,5,3,3,5,5,5,5,5,1,5,3,3,5,5,5,5,5,5,5,3,3,3,3,1,5,5,5,5,3,2,4,5,5,5,3,5,5,5,5,5,5,5,5,5,5,2,2,5,5,5,5,4,4,4,4,4,4,4,4,3,3,3,3,3,3,3,3","0.000854015350341797","leiden","edit-xhwikibooks.graphml"
"0","0.36","0.64","0.412543978497391","1,1,1,1,1,2,3,2,2,2,3,3,2,2,2,2,2,3,4,3,5,1,2,2,2,2,2,2,1,2,3,4,3,3,4,4,2,2,5,5,5,5,1,1,1,1,5,1,1,1,5,5,5,5,5,1,1,1,1,5,2,5,5,2,2,5,5,5,5,5,1,5,2,2,5,5,5,5,5,5,5,2,2,2,2,1,5,5,5,5,2,3,4,5,5,5,2,5,5,5,5,5,5,5,5,5,5,3,3,5,5,5,5,4,4,4,4,4,4,4,4,2,2,2,2,2,2,2,2","0.000889062881469727","leiden","edit-xhwikibooks.graphml"
"0.35","0","0.65","0.405291494716176","1,1,1,2,3,2,3,2,2,2,3,3,2,2,2,2,2,3,4,3,5,1,2,2,2,2,2,2,1,2,3,4,3,3,4,4,2,2,5,5,5,5,1,1,1,1,5,1,1,1,5,5,5,5,5,1,1,1,1,5,2,5,5,2,2,5,5,5,5,5,1,5,2,2,5,5,5,5,5,5,5,2,2,2,2,1,5,5,5,5,2,3,4,5,5,5,2,5,5,5,5,5,5,5,5,5,5,3,3,5,5,5,5,4,4,4,4,4,4,4,4,2,2,2,2,2,2,2,2","0.000895023345947266","leiden","edit-xhwikibooks.graphml"
"0.34","0.01","0.65","0.405171337290088","1,1,1,2,1,2,3,2,2,2,3,3,2,2,2,2,2,3,4,3,5,1,2,2,2,2,2,2,1,2,3,4,3,3,4,4,2,2,5,5,5,5,1,1,1,1,5,1,1,1,5,5,5,5,5,1,1,1,1,5,2,5,5,2,2,5,5,5,5,5,1,5,2,2,5,5,5,5,5,5,5,2,2,2,2,1,5,5,5,5,2,3,4,5,5,5,2,5,5,5,5,5,5,5,5,5,5,3,3,5,5,5,5,4,4,4,4,4,4,4,4,2,2,2,2,2,2,2,2","0.000878095626831055","leiden","edit-xhwikibooks.graphml"
"0.33","0.02","0.65","0.405291494716176","1,1,1,2,3,2,3,2,2,2,3,3,2,2,2,2,2,3,4,3,5,1,2,2,2,2,2,2,1,2,3,4,3,3,4,4,2,2,5,5,5,5,1,1,1,1,5,1,1,1,5,5,5,5,5,1,1,1,1,5,2,5,5,2,2,5,5,5,5,5,1,5,2,2,5,5,5,5,5,5,5,2,2,2,2,1,5,5,5,5,2,3,4,5,5,5,2,5,5,5,5,5,5,5,5,5,5,3,3,5,5,5,5,4,4,4,4,4,4,4,4,2,2,2,2,2,2,2,2","0.00107693672180176","leiden","edit-xhwikibooks.graphml"
"0.32","0.03","0.65","0.405135434358185","1,1,1,2,3,2,3,2,2,2,3,3,2,2,2,2,2,3,4,3,5,1,2,2,2,2,2,2,1,2,3,4,3,3,4,4,2,2,5,5,5,5,1,1,1,1,5,1,1,1,5,5,5,5,5,1,1,1,1,5,2,5,5,2,2,5,5,5,5,5,1,5,2,2,5,5,5,5,5,5,5,2,2,2,2,1,5,5,5,5,2,3,4,5,5,5,2,5,5,5,5,5,5,5,5,5,5,3,3,5,5,5,5,4,4,4,4,4,4,4,4,2,2,2,2,2,2,2,2","0.000828027725219727","leiden","edit-xhwikibooks.graphml"
"0.31","0.04","0.65","0.404729066800527","1,1,1,2,1,2,3,2,2,2,3,3,2,2,2,2,2,3,3,3,4,1,2,2,2,2,2,2,1,2,3,3,3,3,3,3,2,2,4,4,4,4,1,1,1,1,4,1,1,1,4,4,4,4,4,1,1,1,1,4,2,4,4,2,2,4,4,4,4,4,1,4,2,2,4,4,4,4,4,4,4,2,2,2,2,1,4,4,4,4,2,3,3,4,4,4,2,4,4,4,4,4,4,4,4,4,4,3,3,4,4,4,4,3,3,3,3,3,3,3,3,2,2,2,2,2,2,2,2","0.000813007354736328","leiden","edit-xhwikibooks.graphml"
"0.3","0.05","0.65","0.404979483811152","1,1,1,2,3,2,3,2,2,2,3,3,2,2,2,2,2,3,4,3,5,1,2,2,2,2,2,2,1,2,3,4,3,3,4,4,2,2,5,5,5,5,1,1,1,1,5,1,1,1,5,5,5,5,5,1,1,1,1,5,2,5,5,2,2,5,5,5,5,5,1,5,2,2,5,5,5,5,5,5,5,2,2,2,2,1,5,5,5,5,2,3,4,5,5,5,2,5,5,5,5,5,5,5,5,5,5,3,3,5,5,5,5,4,4,4,4,4,4,4,4,2,2,2,2,2,2,2,2","0.000913143157958984","leiden","edit-xhwikibooks.graphml"
"0.29","0.06","0.65","0.404979483811152","1,1,1,2,3,2,3,2,2,2,3,3,2,2,2,2,2,3,4,3,5,1,2,2,2,2,2,2,1,2,3,4,3,3,4,4,2,2,5,5,5,5,1,1,1,1,5,1,1,1,5,5,5,5,5,1,1,1,1,5,2,5,5,2,2,5,5,5,5,5,1,5,2,2,5,5,5,5,5,5,5,2,2,2,2,1,5,5,5,5,2,3,4,5,5,5,2,5,5,5,5,5,5,5,5,5,5,3,3,5,5,5,5,4,4,4,4,4,4,4,4,2,2,2,2,2,2,2,2","0.000835895538330078","leiden","edit-xhwikibooks.graphml"
"0.28","0.07","0.65","0.405327387583111","1,1,1,2,3,2,3,2,2,2,3,3,2,2,2,2,2,3,4,3,5,1,2,2,2,2,2,2,1,2,3,4,3,3,4,4,2,2,5,5,5,5,1,1,1,1,5,1,1,1,5,5,5,5,5,1,1,1,1,5,2,5,5,2,2,5,5,5,5,5,1,5,2,2,5,5,5,5,5,5,5,2,2,2,2,1,5,5,5,5,2,3,4,5,5,5,2,5,5,5,5,5,5,5,5,5,5,3,3,5,5,5,5,4,4,4,4,4,4,4,4,2,2,2,2,2,2,2,2","0.000855922698974609","leiden","edit-xhwikibooks.graphml"
"0.27","0.08","0.65","0.405708393772553","1,1,1,2,1,2,3,2,2,2,3,3,2,2,2,2,2,3,4,3,5,1,2,2,2,2,2,2,1,2,3,4,3,3,4,4,2,2,5,5,5,5,1,1,1,1,5,1,1,1,5,5,5,5,5,1,1,1,1,5,2,5,5,2,2,5,5,5,5,5,1,5,2,2,5,5,5,5,5,5,5,2,2,2,2,1,5,5,5,5,2,3,4,5,5,5,2,5,5,5,5,5,5,5,5,5,5,3,3,5,5,5,5,4,4,4,4,4,4,4,4,2,2,2,2,2,2,2,2","0.000901937484741211","leiden","edit-xhwikibooks.graphml"
"0.26","0.09","0.65","0.405674097008294","1,1,1,2,3,2,3,2,2,2,3,3,2,2,2,2,2,3,4,3,5,1,2,2,2,2,2,2,1,2,3,4,3,3,4,4,2,2,5,5,5,5,1,1,1,1,5,1,1,1,5,5,5,5,5,1,1,1,1,5,2,5,5,2,2,5,5,5,5,5,1,5,2,2,5,5,5,5,5,5,5,2,2,2,2,1,5,5,5,5,2,3,4,5,5,5,2,5,5,5,5,5,5,5,5,5,5,3,3,5,5,5,5,4,4,4,4,4,4,4,4,2,2,2,2,2,2,2,2","0.000867843627929688","leiden","edit-xhwikibooks.graphml"
"0.25","0.1","0.65","0.405291709205613","1,1,1,2,1,2,3,2,2,2,3,4,2,2,2,2,2,3,3,4,5,1,2,2,2,2,2,2,1,2,3,3,4,4,3,3,2,2,5,5,5,5,1,1,1,1,5,1,1,1,5,5,5,5,5,1,1,1,1,5,2,5,5,2,2,5,5,5,5,5,1,5,2,2,5,5,5,5,5,5,5,2,2,2,2,1,5,5,5,5,2,3,3,5,5,5,2,5,5,5,5,5,5,5,5,5,5,4,4,5,5,5,5,3,3,3,3,3,3,3,3,2,2,2,2,2,2,2,2","0.000912904739379883","leiden","edit-xhwikibooks.graphml"
"0.24","0.11","0.65","0.402008267526041","1,1,1,2,3,2,3,2,2,2,3,3,2,2,2,2,2,3,4,3,5,1,2,2,2,2,2,2,1,2,3,4,3,3,4,4,2,2,5,5,5,5,1,1,1,1,5,1,1,1,5,5,5,5,5,1,1,1,1,5,2,5,5,2,2,5,5,5,5,5,1,5,2,2,5,5,5,5,5,5,5,2,2,2,2,1,5,5,5,5,2,3,4,5,5,5,2,5,5,5,5,5,5,5,5,5,5,3,3,5,5,5,5,4,4,4,4,4,4,4,4,2,2,2,2,2,2,2,2","0.000900983810424805","leiden","edit-xhwikibooks.graphml"
"0.23","0.12","0.65","0.40349644810772","1,1,1,2,3,2,3,2,2,2,3,3,2,2,2,2,2,3,4,3,5,1,2,2,2,2,2,2,1,2,3,4,3,3,4,4,2,2,5,5,5,5,1,1,1,1,5,1,1,1,5,5,5,5,5,1,1,1,1,5,2,5,5,2,2,5,5,5,5,5,1,5,2,2,5,5,5,5,5,5,5,2,2,2,2,1,5,5,5,5,2,3,4,5,5,5,2,5,5,5,5,5,5,5,5,5,5,3,3,5,5,5,5,4,4,4,4,4,4,4,4,2,2,2,2,2,2,2,2","0.000910043716430664","leiden","edit-xhwikibooks.graphml"
"0.22","0.13","0.65","0.403218400240745","1,1,1,2,1,2,3,2,2,2,3,3,2,2,2,2,2,3,4,3,5,1,2,2,2,2,2,2,1,2,3,4,3,3,4,4,2,2,5,5,5,5,1,1,1,1,5,1,1,1,5,5,5,5,5,1,1,1,1,5,2,5,5,2,2,5,5,5,5,5,1,5,2,2,5,5,5,5,5,5,5,2,2,2,2,1,5,5,5,5,2,3,4,5,5,5,2,5,5,5,5,5,5,5,5,5,5,3,3,5,5,5,5,4,4,4,4,4,4,4,4,2,2,2,2,2,2,2,2","0.0011141300201416","leiden","edit-xhwikibooks.graphml"
"0.21","0.14","0.65","0.403218400240745","1,1,1,2,1,2,3,2,2,2,3,3,2,2,2,2,2,3,4,3,5,1,2,2,2,2,2,2,1,2,3,4,3,3,4,4,2,2,5,5,5,5,1,1,1,1,5,1,1,1,5,5,5,5,5,1,1,1,1,5,2,5,5,2,2,5,5,5,5,5,1,5,2,2,5,5,5,5,5,5,5,2,2,2,2,1,5,5,5,5,2,3,4,5,5,5,2,5,5,5,5,5,5,5,5,5,5,3,3,5,5,5,5,4,4,4,4,4,4,4,4,2,2,2,2,2,2,2,2","0.000828027725219727","leiden","edit-xhwikibooks.graphml"
"0.2","0.15","0.65","0.404163901349935","1,1,1,2,3,2,3,2,2,2,3,3,2,2,2,2,2,3,4,3,5,1,2,2,2,2,2,2,1,2,3,4,3,3,4,4,2,2,5,5,5,5,1,1,1,1,5,1,1,1,5,5,5,5,5,1,1,1,1,5,2,5,5,2,2,5,5,5,5,5,1,5,2,2,5,5,5,5,5,5,5,2,2,2,2,1,5,5,5,5,2,3,4,5,5,5,2,5,5,5,5,5,5,5,5,5,5,3,3,5,5,5,5,4,4,4,4,4,4,4,4,2,2,2,2,2,2,2,2","0.000925064086914062","leiden","edit-xhwikibooks.graphml"
"0.19","0.16","0.65","0.404518666422847","1,1,1,2,3,2,3,2,2,2,3,3,2,2,2,2,2,3,4,3,5,1,2,2,2,2,2,2,1,2,3,4,3,3,4,4,2,2,5,5,5,5,1,1,1,1,5,1,1,1,5,5,5,5,5,1,1,1,1,5,2,5,5,2,2,5,5,5,5,5,1,5,2,2,5,5,5,5,5,5,5,2,2,2,2,1,5,5,5,5,2,3,4,5,5,5,2,5,5,5,5,5,5,5,5,5,5,3,3,5,5,5,5,4,4,4,4,4,4,4,4,2,2,2,2,2,2,2,2","0.000823974609375","leiden","edit-xhwikibooks.graphml"
"0.18","0.17","0.65","0.404868203116822","1,1,1,2,3,2,3,2,2,2,3,3,2,2,2,2,2,3,4,3,5,1,2,2,2,2,2,2,1,2,3,4,3,3,4,4,2,2,5,5,5,5,1,1,1,1,5,1,1,1,5,5,5,5,5,1,1,1,1,5,2,5,5,2,2,5,5,5,5,5,1,5,2,2,5,5,5,5,5,5,5,2,2,2,2,1,5,5,5,5,2,3,4,5,5,5,2,5,5,5,5,5,5,5,5,5,5,3,3,5,5,5,5,4,4,4,4,4,4,4,4,2,2,2,2,2,2,2,2","0.000838994979858398","leiden","edit-xhwikibooks.graphml"
"0.17","0.18","0.65","0.404868203116822","1,1,1,2,3,2,3,2,2,2,3,3,2,2,2,2,2,3,4,3,5,1,2,2,2,2,2,2,1,2,3,4,3,3,4,4,2,2,5,5,5,5,1,1,1,1,5,1,1,1,5,5,5,5,5,1,1,1,1,5,2,5,5,2,2,5,5,5,5,5,1,5,2,2,5,5,5,5,5,5,5,2,2,2,2,1,5,5,5,5,2,3,4,5,5,5,2,5,5,5,5,5,5,5,5,5,5,3,3,5,5,5,5,4,4,4,4,4,4,4,4,2,2,2,2,2,2,2,2","0.000828981399536133","leiden","edit-xhwikibooks.graphml"
"0.16","0.19","0.65","0.404712695263291","1,1,1,2,3,2,3,2,2,2,3,3,2,2,2,2,2,3,4,3,5,1,2,2,2,2,2,2,1,2,3,4,3,3,4,4,2,2,5,5,5,5,1,1,1,1,5,1,1,1,5,5,5,5,5,1,1,1,1,5,2,5,5,2,2,5,5,5,5,5,1,5,2,2,5,5,5,5,5,5,5,2,2,2,2,1,5,5,5,5,2,3,4,5,5,5,2,5,5,5,5,5,5,5,5,5,5,3,3,5,5,5,5,4,4,4,4,4,4,4,4,2,2,2,2,2,2,2,2","0.000849008560180664","leiden","edit-xhwikibooks.graphml"
"0.15","0.2","0.65","0.406151221641067","1,1,1,2,3,2,3,2,2,2,3,3,2,2,2,2,2,3,4,3,5,1,2,2,2,2,2,2,1,2,3,4,3,3,4,4,2,2,5,5,5,5,1,1,1,1,5,1,1,1,5,5,5,5,5,1,1,1,1,5,2,5,5,2,2,5,5,5,5,5,1,5,2,2,5,5,5,5,5,5,5,2,2,2,2,1,5,5,5,5,2,3,4,5,5,5,2,5,5,5,5,5,5,5,5,5,5,3,3,5,5,5,5,4,4,4,4,4,4,4,4,2,2,2,2,2,2,2,2","0.000869989395141602","leiden","edit-xhwikibooks.graphml"
"0.14","0.21","0.65","0.399917147858518","1,1,1,2,3,2,3,2,2,2,3,3,2,2,2,2,2,3,4,3,5,1,2,2,2,2,2,2,1,2,3,4,3,3,4,4,2,2,5,5,5,5,1,1,1,1,5,1,1,1,5,5,5,5,5,1,1,1,1,5,2,5,5,2,2,5,5,5,5,5,1,5,2,2,5,5,5,5,5,5,5,2,2,2,2,1,5,5,5,5,2,3,4,5,5,5,2,5,5,5,5,5,5,5,5,5,5,3,3,5,5,5,5,4,4,4,4,4,4,4,4,2,2,2,2,2,2,2,2","0.000804901123046875","leiden","edit-xhwikibooks.graphml"
"0.13","0.22","0.65","0.399917147858518","1,1,1,2,3,2,3,2,2,2,3,3,2,2,2,2,2,3,4,3,5,1,2,2,2,2,2,2,1,2,3,4,3,3,4,4,2,2,5,5,5,5,1,1,1,1,5,1,1,1,5,5,5,5,5,1,1,1,1,5,2,5,5,2,2,5,5,5,5,5,1,5,2,2,5,5,5,5,5,5,5,2,2,2,2,1,5,5,5,5,2,3,4,5,5,5,2,5,5,5,5,5,5,5,5,5,5,3,3,5,5,5,5,4,4,4,4,4,4,4,4,2,2,2,2,2,2,2,2","0.000813007354736328","leiden","edit-xhwikibooks.graphml"
"0.12","0.23","0.65","0.400753850083782","1,1,1,2,3,2,3,2,2,2,3,3,2,2,2,2,2,3,4,3,5,1,2,2,2,2,2,2,1,2,3,4,3,3,4,4,2,2,5,5,5,5,1,1,1,1,5,1,1,1,5,5,5,5,5,1,1,1,1,5,2,5,5,2,2,5,5,5,5,5,1,5,2,2,5,5,5,5,5,5,5,2,2,2,2,1,5,5,5,5,2,3,4,5,5,5,2,5,5,5,5,5,5,5,5,5,5,3,3,5,5,5,5,4,4,4,4,4,4,4,4,2,2,2,2,2,2,2,2","0.000819206237792969","leiden","edit-xhwikibooks.graphml"
"0.11","0.24","0.65","0.401259869805203","1,1,1,2,3,2,3,2,2,2,3,3,2,2,2,2,2,3,4,3,5,1,2,2,2,2,2,2,1,2,3,4,3,3,4,4,2,2,5,5,5,5,1,1,1,1,5,1,1,1,5,5,5,5,5,1,1,1,1,5,2,5,5,2,2,5,5,5,5,5,1,5,2,2,5,5,5,5,5,5,5,2,2,2,2,1,5,5,5,5,2,3,4,5,5,5,2,5,5,5,5,5,5,5,5,5,5,3,3,5,5,5,5,4,4,4,4,4,4,4,4,2,2,2,2,2,2,2,2","0.000918149948120117","leiden","edit-xhwikibooks.graphml"
"0.1","0.25","0.65","0.402536267971272","1,1,1,2,3,2,3,2,2,2,3,3,2,2,2,2,2,3,4,3,5,1,2,2,2,2,2,2,1,2,3,4,3,3,4,4,2,2,5,5,5,5,1,1,1,1,5,1,1,1,5,5,5,5,5,1,1,1,1,5,2,5,5,2,2,5,5,5,5,5,1,5,2,2,5,5,5,5,5,5,5,2,2,2,2,1,5,5,5,5,2,3,4,5,5,5,2,5,5,5,5,5,5,5,5,5,5,3,3,5,5,5,5,4,4,4,4,4,4,4,4,2,2,2,2,2,2,2,2","0.000830888748168945","leiden","edit-xhwikibooks.graphml"
"0.09","0.26","0.65","0.399710917287027","1,1,1,1,2,3,2,3,3,3,2,2,3,3,3,3,3,2,4,2,5,1,3,3,3,3,3,3,1,3,2,4,2,2,4,4,3,3,5,5,5,5,1,1,1,1,5,1,1,1,5,5,5,5,5,1,1,1,1,5,3,5,5,3,3,5,5,5,5,5,1,5,3,3,5,5,5,5,5,5,5,3,3,3,3,1,5,5,5,5,3,2,4,5,5,5,3,5,5,5,5,5,5,5,5,5,5,2,2,5,5,5,5,4,4,4,4,4,4,4,4,3,3,3,3,3,3,3,3","0.000861167907714844","leiden","edit-xhwikibooks.graphml"
"0.08","0.27","0.65","0.400216695353735","1,1,1,1,2,3,2,3,3,3,2,2,3,3,3,3,3,2,4,2,5,1,3,3,3,3,3,3,1,3,2,4,2,2,4,4,3,3,5,5,5,5,1,1,1,1,5,1,1,1,5,5,5,5,5,1,1,1,1,5,3,5,5,3,3,5,5,5,5,5,1,5,3,3,5,5,5,5,5,5,5,3,3,3,3,1,5,5,5,5,3,2,4,5,5,5,3,5,5,5,5,5,5,5,5,5,5,2,2,5,5,5,5,4,4,4,4,4,4,4,4,3,3,3,3,3,3,3,3","0.000813961029052734","leiden","edit-xhwikibooks.graphml"
"0.07","0.28","0.65","0.400061632137819","1,1,1,1,2,3,2,3,3,3,2,2,3,3,3,3,3,2,4,2,5,1,3,3,3,3,3,3,1,3,2,4,2,2,4,4,3,3,5,5,5,5,1,1,1,1,5,1,1,1,5,5,5,5,5,1,1,1,1,5,3,5,5,3,3,5,5,5,5,5,1,5,3,3,5,5,5,5,5,5,5,3,3,3,3,1,5,5,5,5,3,2,4,5,5,5,3,5,5,5,5,5,5,5,5,5,5,2,2,5,5,5,5,4,4,4,4,4,4,4,4,3,3,3,3,3,3,3,3","0.000823020935058594","leiden","edit-xhwikibooks.graphml"
"0.06","0.29","0.65","0.401053173997763","1,1,1,1,2,3,2,3,3,3,2,2,3,3,3,3,3,2,4,2,5,1,3,3,3,3,3,3,1,3,2,4,2,2,4,4,3,3,5,5,5,5,1,1,1,1,5,1,1,1,5,5,5,5,5,1,1,1,1,5,3,5,5,3,3,5,5,5,5,5,1,5,3,3,5,5,5,5,5,5,5,3,3,3,3,1,5,5,5,5,3,2,4,5,5,5,3,5,5,5,5,5,5,5,5,5,5,2,2,5,5,5,5,4,4,4,4,4,4,4,4,3,3,3,3,3,3,3,3","0.000804901123046875","leiden","edit-xhwikibooks.graphml"
"0.05","0.3","0.65","0.400898136282075","1,1,1,1,2,3,2,3,3,3,2,2,3,3,3,3,3,2,4,2,5,1,3,3,3,3,3,3,1,3,2,4,2,2,4,4,3,3,5,5,5,5,1,1,1,1,5,1,1,1,5,5,5,5,5,1,1,1,1,5,3,5,5,3,3,5,5,5,5,5,1,5,3,3,5,5,5,5,5,5,5,3,3,3,3,1,5,5,5,5,3,2,4,5,5,5,3,5,5,5,5,5,5,5,5,5,5,2,2,5,5,5,5,4,4,4,4,4,4,4,4,3,3,3,3,3,3,3,3","0.00084686279296875","leiden","edit-xhwikibooks.graphml"
"0.04","0.31","0.65","0.397071998717137","1,1,1,1,2,3,2,3,3,3,2,2,3,3,3,3,3,2,4,2,5,1,3,3,3,3,3,3,1,3,2,4,2,2,4,4,3,3,5,5,5,5,1,1,1,1,5,1,1,1,5,5,5,5,5,1,1,1,1,5,3,5,5,3,3,5,5,5,5,5,1,5,3,3,5,5,5,5,5,5,5,3,3,3,3,1,5,5,5,5,3,2,4,5,5,5,3,5,5,5,5,5,5,5,5,5,5,2,2,5,5,5,5,4,4,4,4,4,4,4,4,3,3,3,3,3,3,3,3","0.000839948654174805","leiden","edit-xhwikibooks.graphml"
"0.03","0.32","0.65","0.396917307728186","1,1,1,1,2,3,2,3,3,3,2,2,3,3,3,3,3,2,4,2,5,1,3,3,3,3,3,3,1,3,2,4,2,2,4,4,3,3,5,5,5,5,1,1,1,1,5,1,1,1,5,5,5,5,5,1,1,1,1,5,3,5,5,3,3,5,5,5,5,5,1,5,3,3,5,5,5,5,5,5,5,3,3,3,3,1,5,5,5,5,3,2,4,5,5,5,3,5,5,5,5,5,5,5,5,5,5,2,2,5,5,5,5,4,4,4,4,4,4,4,4,3,3,3,3,3,3,3,3","0.000874996185302734","leiden","edit-xhwikibooks.graphml"
"0.02","0.33","0.65","0.396917307728186","1,1,1,1,2,3,2,3,3,3,2,2,3,3,3,3,3,2,4,2,5,1,3,3,3,3,3,3,1,3,2,4,2,2,4,4,3,3,5,5,5,5,1,1,1,1,5,1,1,1,5,5,5,5,5,1,1,1,1,5,3,5,5,3,3,5,5,5,5,5,1,5,3,3,5,5,5,5,5,5,5,3,3,3,3,1,5,5,5,5,3,2,4,5,5,5,3,5,5,5,5,5,5,5,5,5,5,2,2,5,5,5,5,4,4,4,4,4,4,4,4,3,3,3,3,3,3,3,3","0.000901937484741211","leiden","edit-xhwikibooks.graphml"
"0.01","0.34","0.65","0.403941157729634","1,1,1,1,2,3,2,3,3,3,2,2,3,3,3,3,3,2,4,2,5,1,3,3,3,3,3,3,1,3,2,4,2,2,4,4,3,3,5,5,5,5,1,1,1,1,5,1,1,1,5,5,5,5,5,1,1,1,1,5,3,5,5,3,3,5,5,5,5,5,1,5,3,3,5,5,5,5,5,5,5,3,3,3,3,1,5,5,5,5,3,2,4,5,5,5,3,5,5,5,5,5,5,5,5,5,5,2,2,5,5,5,5,4,4,4,4,4,4,4,4,3,3,3,3,3,3,3,3","0.000882863998413086","leiden","edit-xhwikibooks.graphml"
"0","0.35","0.65","0.405952911472136","1,1,1,1,1,2,3,2,2,2,3,3,2,2,2,2,2,3,4,3,5,1,2,2,2,2,2,2,1,2,3,4,3,3,4,4,2,2,5,5,5,5,1,1,1,1,5,1,1,1,5,5,5,5,5,1,1,1,1,5,2,5,5,2,2,5,5,5,5,5,1,5,2,2,5,5,5,5,5,5,5,2,2,2,2,1,5,5,5,5,2,3,4,5,5,5,2,5,5,5,5,5,5,5,5,5,5,3,3,5,5,5,5,4,4,4,4,4,4,4,4,2,2,2,2,2,2,2,2","0.000899076461791992","leiden","edit-xhwikibooks.graphml"
"0.34","0","0.66","0.398224925494844","1,1,1,2,3,2,3,2,2,2,3,3,2,2,2,2,2,3,4,3,5,1,2,2,2,2,2,2,1,2,3,4,3,3,4,4,2,2,5,5,5,5,1,1,1,1,5,1,1,1,5,5,5,5,5,1,1,1,1,5,2,5,5,2,2,5,5,5,5,5,1,5,2,2,5,5,5,5,5,5,5,2,2,2,2,1,5,5,5,5,2,3,4,5,5,5,2,5,5,5,5,5,5,5,5,5,5,3,3,5,5,5,5,4,4,4,4,4,4,4,4,2,2,2,2,2,2,2,2","0.000946044921875","leiden","edit-xhwikibooks.graphml"
"0.33","0.01","0.66","0.398224925494844","1,1,1,2,3,2,3,2,2,2,3,3,2,2,2,2,2,3,4,3,5,1,2,2,2,2,2,2,1,2,3,4,3,3,4,4,2,2,5,5,5,5,1,1,1,1,5,1,1,1,5,5,5,5,5,1,1,1,1,5,2,5,5,2,2,5,5,5,5,5,1,5,2,2,5,5,5,5,5,5,5,2,2,2,2,1,5,5,5,5,2,3,4,5,5,5,2,5,5,5,5,5,5,5,5,5,5,3,3,5,5,5,5,4,4,4,4,4,4,4,4,2,2,2,2,2,2,2,2","0.000843048095703125","leiden","edit-xhwikibooks.graphml"
"0.32","0.02","0.66","0.398224925494844","1,1,1,2,3,2,3,2,2,2,3,3,2,2,2,2,2,3,4,3,5,1,2,2,2,2,2,2,1,2,3,4,3,3,4,4,2,2,5,5,5,5,1,1,1,1,5,1,1,1,5,5,5,5,5,1,1,1,1,5,2,5,5,2,2,5,5,5,5,5,1,5,2,2,5,5,5,5,5,5,5,2,2,2,2,1,5,5,5,5,2,3,4,5,5,5,2,5,5,5,5,5,5,5,5,5,5,3,3,5,5,5,5,4,4,4,4,4,4,4,4,2,2,2,2,2,2,2,2","0.000872135162353516","leiden","edit-xhwikibooks.graphml"
"0.31","0.03","0.66","0.405135434358185","1,1,1,2,3,2,3,2,2,2,3,3,2,2,2,2,2,3,4,3,5,1,2,2,2,2,2,2,1,2,3,4,3,3,4,4,2,2,5,5,5,5,1,1,1,1,5,1,1,1,5,5,5,5,5,1,1,1,1,5,2,5,5,2,2,5,5,5,5,5,1,5,2,2,5,5,5,5,5,5,5,2,2,2,2,1,5,5,5,5,2,3,4,5,5,5,2,5,5,5,5,5,5,5,5,5,5,3,3,5,5,5,5,4,4,4,4,4,4,4,4,2,2,2,2,2,2,2,2","0.000828981399536133","leiden","edit-xhwikibooks.graphml"
"0.3","0.04","0.66","0.405135434358185","1,1,1,2,3,2,3,2,2,2,3,3,2,2,2,2,2,3,4,3,5,1,2,2,2,2,2,2,1,2,3,4,3,3,4,4,2,2,5,5,5,5,1,1,1,1,5,1,1,1,5,5,5,5,5,1,1,1,1,5,2,5,5,2,2,5,5,5,5,5,1,5,2,2,5,5,5,5,5,5,5,2,2,2,2,1,5,5,5,5,2,3,4,5,5,5,2,5,5,5,5,5,5,5,5,5,5,3,3,5,5,5,5,4,4,4,4,4,4,4,4,2,2,2,2,2,2,2,2","0.000829935073852539","leiden","edit-xhwikibooks.graphml"
"0.29","0.05","0.66","0.404979483811152","1,1,1,2,3,2,3,2,2,2,3,3,2,2,2,2,2,3,4,3,5,1,2,2,2,2,2,2,1,2,3,4,3,3,4,4,2,2,5,5,5,5,1,1,1,1,5,1,1,1,5,5,5,5,5,1,1,1,1,5,2,5,5,2,2,5,5,5,5,5,1,5,2,2,5,5,5,5,5,5,5,2,2,2,2,1,5,5,5,5,2,3,4,5,5,5,2,5,5,5,5,5,5,5,5,5,5,3,3,5,5,5,5,4,4,4,4,4,4,4,4,2,2,2,2,2,2,2,2","0.00084996223449707","leiden","edit-xhwikibooks.graphml"
"0.28","0.06","0.66","0.404979483811152","1,1,1,2,3,2,3,2,2,2,3,3,2,2,2,2,2,3,4,3,5,1,2,2,2,2,2,2,1,2,3,4,3,3,4,4,2,2,5,5,5,5,1,1,1,1,5,1,1,1,5,5,5,5,5,1,1,1,1,5,2,5,5,2,2,5,5,5,5,5,1,5,2,2,5,5,5,5,5,5,5,2,2,2,2,1,5,5,5,5,2,3,4,5,5,5,2,5,5,5,5,5,5,5,5,5,5,3,3,5,5,5,5,4,4,4,4,4,4,4,4,2,2,2,2,2,2,2,2","0.000882863998413086","leiden","edit-xhwikibooks.graphml"
"0.27","0.07","0.66","0.405327387583111","1,1,1,2,3,2,3,2,2,2,3,3,2,2,2,2,2,3,4,3,5,1,2,2,2,2,2,2,1,2,3,4,3,3,4,4,2,2,5,5,5,5,1,1,1,1,5,1,1,1,5,5,5,5,5,1,1,1,1,5,2,5,5,2,2,5,5,5,5,5,1,5,2,2,5,5,5,5,5,5,5,2,2,2,2,1,5,5,5,5,2,3,4,5,5,5,2,5,5,5,5,5,5,5,5,5,5,3,3,5,5,5,5,4,4,4,4,4,4,4,4,2,2,2,2,2,2,2,2","0.000869989395141602","leiden","edit-xhwikibooks.graphml"
"0.26","0.08","0.66","0.405829930951073","1,1,1,2,3,2,3,2,2,2,3,3,2,2,2,2,2,3,4,3,5,1,2,2,2,2,2,2,1,2,3,4,3,3,4,4,2,2,5,5,5,5,1,1,1,1,5,1,1,1,5,5,5,5,5,1,1,1,1,5,2,5,5,2,2,5,5,5,5,5,1,5,2,2,5,5,5,5,5,5,5,2,2,2,2,1,5,5,5,5,2,3,4,5,5,5,2,5,5,5,5,5,5,5,5,5,5,3,3,5,5,5,5,4,4,4,4,4,4,4,4,2,2,2,2,2,2,2,2","0.000870943069458008","leiden","edit-xhwikibooks.graphml"
"0.25","0.09","0.66","0.405674097008294","1,1,1,2,3,2,3,2,2,2,3,3,2,2,2,2,2,3,4,3,5,1,2,2,2,2,2,2,1,2,3,4,3,3,4,4,2,2,5,5,5,5,1,1,1,1,5,1,1,1,5,5,5,5,5,1,1,1,1,5,2,5,5,2,2,5,5,5,5,5,1,5,2,2,5,5,5,5,5,5,5,2,2,2,2,1,5,5,5,5,2,3,4,5,5,5,2,5,5,5,5,5,5,5,5,5,5,3,3,5,5,5,5,4,4,4,4,4,4,4,4,2,2,2,2,2,2,2,2","0.000798940658569336","leiden","edit-xhwikibooks.graphml"
"0.24","0.1","0.66","0.405674097008294","1,1,1,2,3,2,3,2,2,2,3,3,2,2,2,2,2,3,4,3,5,1,2,2,2,2,2,2,1,2,3,4,3,3,4,4,2,2,5,5,5,5,1,1,1,1,5,1,1,1,5,5,5,5,5,1,1,1,1,5,2,5,5,2,2,5,5,5,5,5,1,5,2,2,5,5,5,5,5,5,5,2,2,2,2,1,5,5,5,5,2,3,4,5,5,5,2,5,5,5,5,5,5,5,5,5,5,3,3,5,5,5,5,4,4,4,4,4,4,4,4,2,2,2,2,2,2,2,2","0.000836849212646484","leiden","edit-xhwikibooks.graphml"
"0.23","0.11","0.66","0.405518372386344","1,1,1,2,3,2,3,2,2,2,3,3,2,2,2,2,2,3,4,3,5,1,2,2,2,2,2,2,1,2,3,4,3,3,4,4,2,2,5,5,5,5,1,1,1,1,5,1,1,1,5,5,5,5,5,1,1,1,1,5,2,5,5,2,2,5,5,5,5,5,1,5,2,2,5,5,5,5,5,5,5,2,2,2,2,1,5,5,5,5,2,3,4,5,5,5,2,5,5,5,5,5,5,5,5,5,5,3,3,5,5,5,5,4,4,4,4,4,4,4,4,2,2,2,2,2,2,2,2","0.000877857208251953","leiden","edit-xhwikibooks.graphml"
"0.22","0.12","0.66","0.406988539899697","1,1,1,2,3,2,3,2,2,2,3,3,2,2,2,2,2,3,4,3,5,1,2,2,2,2,2,2,1,2,3,4,3,3,4,4,2,2,5,5,5,5,1,1,1,1,5,1,1,1,5,5,5,5,5,1,1,1,1,5,2,5,5,2,2,5,5,5,5,5,1,5,2,2,5,5,5,5,5,5,5,2,2,2,2,1,5,5,5,5,2,3,4,5,5,5,2,5,5,5,5,5,5,5,5,5,5,3,3,5,5,5,5,4,4,4,4,4,4,4,4,2,2,2,2,2,2,2,2","0.000883817672729492","leiden","edit-xhwikibooks.graphml"
"0.21","0.13","0.66","0.406832806034098","1,1,1,2,3,2,3,2,2,2,3,3,2,2,2,2,2,3,4,3,5,1,2,2,2,2,2,2,1,2,3,4,3,3,4,4,2,2,5,5,5,5,1,1,1,1,5,1,1,1,5,5,5,5,5,1,1,1,1,5,2,5,5,2,2,5,5,5,5,5,1,5,2,2,5,5,5,5,5,5,5,2,2,2,2,1,5,5,5,5,2,3,4,5,5,5,2,5,5,5,5,5,5,5,5,5,5,3,3,5,5,5,5,4,4,4,4,4,4,4,4,2,2,2,2,2,2,2,2","0.000876903533935547","leiden","edit-xhwikibooks.graphml"
"0.2","0.14","0.66","0.406832806034098","1,1,1,2,3,2,3,2,2,2,3,3,2,2,2,2,2,3,4,3,5,1,2,2,2,2,2,2,1,2,3,4,3,3,4,4,2,2,5,5,5,5,1,1,1,1,5,1,1,1,5,5,5,5,5,1,1,1,1,5,2,5,5,2,2,5,5,5,5,5,1,5,2,2,5,5,5,5,5,5,5,2,2,2,2,1,5,5,5,5,2,3,4,5,5,5,2,5,5,5,5,5,5,5,5,5,5,3,3,5,5,5,5,4,4,4,4,4,4,4,4,2,2,2,2,2,2,2,2","0.000880956649780273","leiden","edit-xhwikibooks.graphml"
"0.19","0.15","0.66","0.407642318740802","1,1,1,2,3,2,3,2,2,2,3,3,2,2,2,2,2,3,4,3,5,1,2,2,2,2,2,2,1,2,3,4,3,3,4,4,2,2,5,5,5,5,1,1,1,1,5,1,1,1,5,5,5,5,5,1,1,1,1,5,2,5,5,2,2,5,5,5,5,5,1,5,2,2,5,5,5,5,5,5,5,2,2,2,2,1,5,5,5,5,2,3,4,5,5,5,2,5,5,5,5,5,5,5,5,5,5,3,3,5,5,5,5,4,4,4,4,4,4,4,4,2,2,2,2,2,2,2,2","0.000900030136108398","leiden","edit-xhwikibooks.graphml"
"0.18","0.16","0.66","0.408139545122349","1,1,1,2,3,2,3,2,2,2,3,3,2,2,2,2,2,3,4,3,5,1,2,2,2,2,2,2,1,2,3,4,3,3,4,4,2,2,5,5,5,5,1,1,1,1,5,1,1,1,5,5,5,5,5,1,1,1,1,5,2,5,5,2,2,5,5,5,5,5,1,5,2,2,5,5,5,5,5,5,5,2,2,2,2,1,5,5,5,5,2,3,4,5,5,5,2,5,5,5,5,5,5,5,5,5,5,3,3,5,5,5,5,4,4,4,4,4,4,4,4,2,2,2,2,2,2,2,2","0.000907182693481445","leiden","edit-xhwikibooks.graphml"
"0.17","0.17","0.66","0.408480399240732","1,1,1,2,3,2,3,2,2,2,3,3,2,2,2,2,2,3,4,3,5,1,2,2,2,2,2,2,1,2,3,4,3,3,4,4,2,2,5,5,5,5,1,1,1,1,5,1,1,1,5,5,5,5,5,1,1,1,1,5,2,5,5,2,2,5,5,5,5,5,1,5,2,2,5,5,5,5,5,5,5,2,2,2,2,1,5,5,5,5,2,3,4,5,5,5,2,5,5,5,5,5,5,5,5,5,5,3,3,5,5,5,5,4,4,4,4,4,4,4,4,2,2,2,2,2,2,2,2","0.000934839248657227","leiden","edit-xhwikibooks.graphml"
"0.16","0.18","0.66","0.40897570492303","1,1,1,2,3,2,3,2,2,2,3,3,2,2,2,2,2,3,4,3,5,1,2,2,2,2,2,2,1,2,3,4,3,3,4,4,2,2,5,5,5,5,1,1,1,1,5,1,1,1,5,5,5,5,5,1,1,1,1,5,2,5,5,2,2,5,5,5,5,5,1,5,2,2,5,5,5,5,5,5,5,2,2,2,2,1,5,5,5,5,2,3,4,5,5,5,2,5,5,5,5,5,5,5,5,5,5,3,3,5,5,5,5,4,4,4,4,4,4,4,4,2,2,2,2,2,2,2,2","0.000916004180908203","leiden","edit-xhwikibooks.graphml"
"0.15","0.19","0.66","0.408820087139643","1,1,1,2,3,2,3,2,2,2,3,3,2,2,2,2,2,3,4,3,5,1,2,2,2,2,2,2,1,2,3,4,3,3,4,4,2,2,5,5,5,5,1,1,1,1,5,1,1,1,5,5,5,5,5,1,1,1,1,5,2,5,5,2,2,5,5,5,5,5,1,5,2,2,5,5,5,5,5,5,5,2,2,2,2,1,5,5,5,5,2,3,4,5,5,5,2,5,5,5,5,5,5,5,5,5,5,3,3,5,5,5,5,4,4,4,4,4,4,4,4,2,2,2,2,2,2,2,2","0.000887870788574219","leiden","edit-xhwikibooks.graphml"
"0.14","0.2","0.66","0.409744834642422","1,1,1,2,3,2,3,2,2,2,3,3,2,2,2,2,2,3,4,3,5,1,2,2,2,2,2,2,1,2,3,4,3,3,4,4,2,2,5,5,5,5,1,1,1,1,5,1,1,1,5,5,5,5,5,1,1,1,1,5,2,5,5,2,2,5,5,5,5,5,1,5,2,2,5,5,5,5,5,5,5,2,2,2,2,1,5,5,5,5,2,3,4,5,5,5,2,5,5,5,5,5,5,5,5,5,5,3,3,5,5,5,5,4,4,4,4,4,4,4,4,2,2,2,2,2,2,2,2","0.000877857208251953","leiden","edit-xhwikibooks.graphml"
"0.13","0.21","0.66","0.409589294315714","1,1,1,2,3,2,3,2,2,2,3,3,2,2,2,2,2,3,4,3,5,1,2,2,2,2,2,2,1,2,3,4,3,3,4,4,2,2,5,5,5,5,1,1,1,1,5,1,1,1,5,5,5,5,5,1,1,1,1,5,2,5,5,2,2,5,5,5,5,5,1,5,2,2,5,5,5,5,5,5,5,2,2,2,2,1,5,5,5,5,2,3,4,5,5,5,2,5,5,5,5,5,5,5,5,5,5,3,3,5,5,5,5,4,4,4,4,4,4,4,4,2,2,2,2,2,2,2,2","0.00111889839172363","leiden","edit-xhwikibooks.graphml"
"0.12","0.22","0.66","0.409589294315714","1,1,1,2,3,2,3,2,2,2,3,3,2,2,2,2,2,3,4,3,5,1,2,2,2,2,2,2,1,2,3,4,3,3,4,4,2,2,5,5,5,5,1,1,1,1,5,1,1,1,5,5,5,5,5,1,1,1,1,5,2,5,5,2,2,5,5,5,5,5,1,5,2,2,5,5,5,5,5,5,5,2,2,2,2,1,5,5,5,5,2,3,4,5,5,5,2,5,5,5,5,5,5,5,5,5,5,3,3,5,5,5,5,4,4,4,4,4,4,4,4,2,2,2,2,2,2,2,2","0.000853061676025391","leiden","edit-xhwikibooks.graphml"
"0.11","0.23","0.66","0.41038705514911","1,1,1,2,3,2,3,2,2,2,3,3,2,2,2,2,2,3,4,3,5,1,2,2,2,2,2,2,1,2,3,4,3,3,4,4,2,2,5,5,5,5,1,1,1,1,5,1,1,1,5,5,5,5,5,1,1,1,1,5,2,5,5,2,2,5,5,5,5,5,1,5,2,2,5,5,5,5,5,5,5,2,2,2,2,1,5,5,5,5,2,3,4,5,5,5,2,5,5,5,5,5,5,5,5,5,5,3,3,5,5,5,5,4,4,4,4,4,4,4,4,2,2,2,2,2,2,2,2","0.000808000564575195","leiden","edit-xhwikibooks.graphml"
"0.1","0.24","0.66","0.410878401118389","1,1,1,2,3,2,3,2,2,2,3,3,2,2,2,2,2,3,4,3,5,1,2,2,2,2,2,2,1,2,3,4,3,3,4,4,2,2,5,5,5,5,1,1,1,1,5,1,1,1,5,5,5,5,5,1,1,1,1,5,2,5,5,2,2,5,5,5,5,5,1,5,2,2,5,5,5,5,5,5,5,2,2,2,2,1,5,5,5,5,2,3,4,5,5,5,2,5,5,5,5,5,5,5,5,5,5,3,3,5,5,5,5,4,4,4,4,4,4,4,4,2,2,2,2,2,2,2,2","0.000826120376586914","leiden","edit-xhwikibooks.graphml"
"0.09","0.25","0.66","0.408677958698343","1,1,1,2,3,2,3,2,2,2,3,3,2,2,2,2,2,3,4,3,5,1,2,2,2,2,2,2,1,2,3,4,3,3,4,4,2,2,5,5,5,5,1,1,1,1,5,1,1,1,5,5,5,5,5,1,1,1,1,5,2,5,5,2,2,5,5,5,5,5,1,5,2,2,5,5,5,5,5,5,5,2,2,2,2,1,5,5,5,5,2,3,4,5,5,5,2,5,5,5,5,5,5,5,5,5,5,3,3,5,5,5,5,4,4,4,4,4,4,4,4,2,2,2,2,2,2,2,2","0.000832080841064453","leiden","edit-xhwikibooks.graphml"
"0.08","0.26","0.66","0.408677958698343","1,1,1,2,3,2,3,2,2,2,3,3,2,2,2,2,2,3,4,3,5,1,2,2,2,2,2,2,1,2,3,4,3,3,4,4,2,2,5,5,5,5,1,1,1,1,5,1,1,1,5,5,5,5,5,1,1,1,1,5,2,5,5,2,2,5,5,5,5,5,1,5,2,2,5,5,5,5,5,5,5,2,2,2,2,1,5,5,5,5,2,3,4,5,5,5,2,5,5,5,5,5,5,5,5,5,5,3,3,5,5,5,5,4,4,4,4,4,4,4,4,2,2,2,2,2,2,2,2","0.000844001770019531","leiden","edit-xhwikibooks.graphml"
"0.07","0.27","0.66","0.408710475866922","1,1,1,2,3,2,3,2,2,2,3,3,2,2,2,2,2,3,4,3,5,1,2,2,2,2,2,2,1,2,3,4,3,3,4,4,2,2,5,5,5,5,1,1,1,1,5,1,1,1,5,5,5,5,5,1,1,1,1,5,2,5,5,2,2,5,5,5,5,5,1,5,2,2,5,5,5,5,5,5,5,2,2,2,2,1,5,5,5,5,2,3,4,5,5,5,2,5,5,5,5,5,5,5,5,5,5,3,3,5,5,5,5,4,4,4,4,4,4,4,4,2,2,2,2,2,2,2,2","0.000862836837768555","leiden","edit-xhwikibooks.graphml"
"0.06","0.28","0.66","0.408555377856906","1,1,1,2,3,2,3,2,2,2,3,3,2,2,2,2,2,3,4,3,5,1,2,2,2,2,2,2,1,2,3,4,3,3,4,4,2,2,5,5,5,5,1,1,1,1,5,1,1,1,5,5,5,5,5,1,1,1,1,5,2,5,5,2,2,5,5,5,5,5,1,5,2,2,5,5,5,5,5,5,5,2,2,2,2,1,5,5,5,5,2,3,4,5,5,5,2,5,5,5,5,5,5,5,5,5,5,3,3,5,5,5,5,4,4,4,4,4,4,4,4,2,2,2,2,2,2,2,2","0.00084996223449707","leiden","edit-xhwikibooks.graphml"
"0.05","0.29","0.66","0.403385942554652","1,1,1,2,3,2,3,2,2,2,3,3,2,2,2,2,2,3,4,3,5,1,2,2,2,2,2,2,1,2,3,4,3,3,4,4,2,2,5,5,5,5,1,1,1,1,5,1,1,1,5,5,5,5,5,1,1,1,1,5,2,5,5,2,2,5,5,5,5,5,1,5,2,2,5,5,5,5,5,5,5,2,2,2,2,1,5,5,5,5,2,3,4,5,5,5,2,5,5,5,5,5,5,5,5,5,5,3,3,5,5,5,5,4,4,4,4,4,4,4,4,2,2,2,2,2,2,2,2","0.000854969024658203","leiden","edit-xhwikibooks.graphml"
"0.04","0.3","0.66","0.403231188796704","1,1,1,2,3,2,3,2,2,2,3,3,2,2,2,2,2,3,4,3,5,1,2,2,2,2,2,2,1,2,3,4,3,3,4,4,2,2,5,5,5,5,1,1,1,1,5,1,1,1,5,5,5,5,5,1,1,1,1,5,2,5,5,2,2,5,5,5,5,5,1,5,2,2,5,5,5,5,5,5,5,2,2,2,2,1,5,5,5,5,2,3,4,5,5,5,2,5,5,5,5,5,5,5,5,5,5,3,3,5,5,5,5,4,4,4,4,4,4,4,4,2,2,2,2,2,2,2,2","0.000870943069458008","leiden","edit-xhwikibooks.graphml"
"0.03","0.31","0.66","0.400923809917486","1,1,1,1,2,3,2,3,3,3,2,2,3,3,3,3,3,2,4,2,5,1,3,3,3,3,3,3,1,3,2,4,2,2,4,4,3,3,5,5,5,5,1,1,1,1,5,1,1,1,5,5,5,5,5,1,1,1,1,5,3,5,5,3,3,5,5,5,5,5,1,5,3,3,5,5,5,5,5,5,5,3,3,3,3,1,5,5,5,5,3,2,4,5,5,5,3,5,5,5,5,5,5,5,5,5,5,2,2,5,5,5,5,4,4,4,4,4,4,4,4,3,3,3,3,3,3,3,3","0.000911951065063477","leiden","edit-xhwikibooks.graphml"
"0.02","0.32","0.66","0.400769217722733","1,1,1,1,2,3,2,3,3,3,2,2,3,3,3,3,3,2,4,2,5,1,3,3,3,3,3,3,1,3,2,4,2,2,4,4,3,3,5,5,5,5,1,1,1,1,5,1,1,1,5,5,5,5,5,1,1,1,1,5,3,5,5,3,3,5,5,5,5,5,1,5,3,3,5,5,5,5,5,5,5,3,3,3,3,1,5,5,5,5,3,2,4,5,5,5,3,5,5,5,5,5,5,5,5,5,5,2,2,5,5,5,5,4,4,4,4,4,4,4,4,3,3,3,3,3,3,3,3","0.000807046890258789","leiden","edit-xhwikibooks.graphml"
"0.01","0.33","0.66","0.396441552721926","1,1,1,1,2,3,2,3,3,3,2,2,3,3,3,3,3,2,4,2,5,1,3,3,3,3,3,3,1,3,2,4,2,2,4,4,3,3,5,5,5,5,1,1,1,1,5,1,1,1,5,5,5,5,5,1,1,1,1,5,3,5,5,3,3,5,5,5,5,5,1,5,3,3,5,5,5,5,5,5,5,3,3,3,3,1,5,5,5,5,3,2,4,5,5,5,3,5,5,5,5,5,5,5,5,5,5,2,2,5,5,5,5,4,4,4,4,4,4,4,4,3,3,3,3,3,3,3,3","0.00080108642578125","leiden","edit-xhwikibooks.graphml"
"0","0.34","0.66","0.405473152837333","1,1,1,1,1,2,3,2,2,2,3,3,2,2,2,2,2,3,4,3,5,1,2,2,2,2,2,2,1,2,3,4,3,3,4,4,2,2,5,5,5,5,1,1,1,1,5,1,1,1,5,5,5,5,5,1,1,1,1,5,2,5,5,2,2,5,5,5,5,5,1,5,2,2,5,5,5,5,5,5,5,2,2,2,2,1,5,5,5,5,2,3,4,5,5,5,2,5,5,5,5,5,5,5,5,5,5,3,3,5,5,5,5,4,4,4,4,4,4,4,4,2,2,2,2,2,2,2,2","0.000811100006103516","leiden","edit-xhwikibooks.graphml"
"0.33","0","0.67","0.417767677547987","1,1,2,2,3,2,3,2,2,2,3,3,2,2,2,2,2,3,4,3,5,1,2,2,2,2,2,2,1,2,3,4,3,3,4,4,2,2,5,5,5,5,1,1,1,1,5,1,1,1,5,5,5,5,5,1,1,1,1,5,2,5,5,2,2,5,5,5,5,5,1,5,2,2,5,5,5,5,5,5,5,2,2,2,2,1,5,5,5,5,2,3,4,5,5,5,2,5,5,5,5,5,5,5,5,5,5,3,3,5,5,5,5,4,4,4,4,4,4,4,4,2,2,2,2,2,2,2,2","0.000850915908813477","leiden","edit-xhwikibooks.graphml"
"0.32","0.01","0.67","0.417767677547987","1,1,2,2,3,2,3,2,2,2,3,3,2,2,2,2,2,3,4,3,5,1,2,2,2,2,2,2,1,2,3,4,3,3,4,4,2,2,5,5,5,5,1,1,1,1,5,1,1,1,5,5,5,5,5,1,1,1,1,5,2,5,5,2,2,5,5,5,5,5,1,5,2,2,5,5,5,5,5,5,5,2,2,2,2,1,5,5,5,5,2,3,4,5,5,5,2,5,5,5,5,5,5,5,5,5,5,3,3,5,5,5,5,4,4,4,4,4,4,4,4,2,2,2,2,2,2,2,2","0.000852108001708984","leiden","edit-xhwikibooks.graphml"
"0.31","0.02","0.67","0.41168616545852","1,1,1,2,3,2,3,2,2,2,3,3,2,2,2,2,2,3,4,3,5,1,2,2,2,2,2,2,1,2,3,4,3,3,4,4,2,2,5,5,5,5,1,1,1,1,5,1,1,1,5,5,5,5,5,1,1,1,1,5,2,5,5,2,2,5,5,5,5,5,1,5,2,2,5,5,5,5,5,5,5,2,2,2,2,1,5,5,5,5,2,3,4,5,5,5,2,5,5,5,5,5,5,5,5,5,5,3,3,5,5,5,5,4,4,4,4,4,4,4,4,2,2,2,2,2,2,2,2","0.000844001770019531","leiden","edit-xhwikibooks.graphml"
"0.3","0.03","0.67","0.410190063776317","1,1,1,2,3,2,3,2,2,2,3,3,2,2,2,2,2,3,4,3,5,1,2,2,2,2,2,2,1,2,3,4,3,3,4,4,2,2,5,5,5,5,1,1,1,1,5,1,1,1,5,5,5,5,5,1,1,1,1,5,2,5,5,2,2,5,5,5,5,5,1,5,2,2,5,5,5,5,5,5,5,2,2,2,2,1,5,5,5,5,2,3,4,5,5,5,2,5,5,5,5,5,5,5,5,5,5,3,3,5,5,5,5,4,4,4,4,4,4,4,4,2,2,2,2,2,2,2,2","0.00086212158203125","leiden","edit-xhwikibooks.graphml"
"0.29","0.04","0.67","0.409739708629131","1,1,1,2,3,2,3,2,2,2,3,3,2,2,2,2,2,3,4,3,5,1,2,2,2,2,2,2,1,2,3,4,3,3,4,4,2,2,5,5,5,5,1,1,1,1,5,1,1,1,5,5,5,5,5,1,1,1,1,5,2,5,5,2,2,5,5,5,5,5,1,5,2,2,5,5,5,5,5,5,5,2,2,2,2,1,5,5,5,5,2,3,4,5,5,5,2,5,5,5,5,5,5,5,5,5,5,3,3,5,5,5,5,4,4,4,4,4,4,4,4,2,2,2,2,2,2,2,2","0.000858783721923828","leiden","edit-xhwikibooks.graphml"
"0.28","0.05","0.67","0.400845196604969","1,1,1,2,3,2,3,2,2,2,3,3,2,2,2,2,2,3,4,3,5,1,2,2,2,2,2,2,1,2,3,4,3,3,4,4,2,2,5,5,5,5,1,1,1,1,5,1,1,1,5,5,5,5,5,1,1,1,1,5,2,5,5,2,2,5,5,5,5,5,1,5,2,2,5,5,5,5,5,5,5,2,2,2,2,1,5,5,5,5,2,3,4,5,5,5,2,5,5,5,5,5,5,5,5,5,5,3,3,5,5,5,5,4,4,4,4,4,4,4,4,2,2,2,2,2,2,2,2","0.000853061676025391","leiden","edit-xhwikibooks.graphml"
"0.27","0.06","0.67","0.400845196604969","1,1,1,2,3,2,3,2,2,2,3,3,2,2,2,2,2,3,4,3,5,1,2,2,2,2,2,2,1,2,3,4,3,3,4,4,2,2,5,5,5,5,1,1,1,1,5,1,1,1,5,5,5,5,5,1,1,1,1,5,2,5,5,2,2,5,5,5,5,5,1,5,2,2,5,5,5,5,5,5,5,2,2,2,2,1,5,5,5,5,2,3,4,5,5,5,2,5,5,5,5,5,5,5,5,5,5,3,3,5,5,5,5,4,4,4,4,4,4,4,4,2,2,2,2,2,2,2,2","0.000828027725219727","leiden","edit-xhwikibooks.graphml"
"0.26","0.07","0.67","0.401189583185241","1,1,1,2,3,2,3,2,2,2,3,3,2,2,2,2,2,3,4,3,5,1,2,2,2,2,2,2,1,2,3,4,3,3,4,4,2,2,5,5,5,5,1,1,1,1,5,1,1,1,5,5,5,5,5,1,1,1,1,5,2,5,5,2,2,5,5,5,5,5,1,5,2,2,5,5,5,5,5,5,5,2,2,2,2,1,5,5,5,5,2,3,4,5,5,5,2,5,5,5,5,5,5,5,5,5,5,3,3,5,5,5,5,4,4,4,4,4,4,4,4,2,2,2,2,2,2,2,2","0.000924825668334961","leiden","edit-xhwikibooks.graphml"
"0.25","0.08","0.67","0.401683252113351","1,1,1,2,3,2,3,2,2,2,3,3,2,2,2,2,2,3,4,3,5,1,2,2,2,2,2,2,1,2,3,4,3,3,4,4,2,2,5,5,5,5,1,1,1,1,5,1,1,1,5,5,5,5,5,1,1,1,1,5,2,5,5,2,2,5,5,5,5,5,1,5,2,2,5,5,5,5,5,5,5,2,2,2,2,1,5,5,5,5,2,3,4,5,5,5,2,5,5,5,5,5,5,5,5,5,5,3,3,5,5,5,5,4,4,4,4,4,4,4,4,2,2,2,2,2,2,2,2","0.000813961029052734","leiden","edit-xhwikibooks.graphml"
"0.24","0.09","0.67","0.401532824570002","1,1,1,2,3,2,3,2,2,2,3,3,2,2,2,2,2,3,4,3,5,1,2,2,2,2,2,2,1,2,3,4,3,3,4,4,2,2,5,5,5,5,1,1,1,1,5,1,1,1,5,5,5,5,5,1,1,1,1,5,2,5,5,2,2,5,5,5,5,5,1,5,2,2,5,5,5,5,5,5,5,2,2,2,2,1,5,5,5,5,2,3,4,5,5,5,2,5,5,5,5,5,5,5,5,5,5,3,3,5,5,5,5,4,4,4,4,4,4,4,4,2,2,2,2,2,2,2,2","0.00107312202453613","leiden","edit-xhwikibooks.graphml"
"0.23","0.1","0.67","0.401532824570002","1,1,1,2,3,2,3,2,2,2,3,3,2,2,2,2,2,3,4,3,5,1,2,2,2,2,2,2,1,2,3,4,3,3,4,4,2,2,5,5,5,5,1,1,1,1,5,1,1,1,5,5,5,5,5,1,1,1,1,5,2,5,5,2,2,5,5,5,5,5,1,5,2,2,5,5,5,5,5,5,5,2,2,2,2,1,5,5,5,5,2,3,4,5,5,5,2,5,5,5,5,5,5,5,5,5,5,3,3,5,5,5,5,4,4,4,4,4,4,4,4,2,2,2,2,2,2,2,2","0.00118398666381836","leiden","edit-xhwikibooks.graphml"
"0.22","0.11","0.67","0.401874925463246","1,1,1,2,3,2,3,2,2,2,3,3,2,2,2,2,2,3,4,3,5,1,2,2,2,2,2,2,1,2,3,4,3,3,4,4,2,2,5,5,5,5,1,1,1,1,5,1,1,1,5,5,5,5,5,1,1,1,1,5,2,5,5,2,2,5,5,5,5,5,1,5,2,2,5,5,5,5,5,5,5,2,2,2,2,1,5,5,5,5,2,3,4,5,5,5,2,5,5,5,5,5,5,5,5,5,5,3,3,5,5,5,5,4,4,4,4,4,4,4,4,2,2,2,2,2,2,2,2","0.000887155532836914","leiden","edit-xhwikibooks.graphml"
"0.21","0.12","0.67","0.40282568123128","1,1,1,2,3,2,3,2,2,2,3,3,2,2,2,2,2,3,4,3,5,1,2,2,2,2,2,2,1,2,3,4,3,3,4,4,2,2,5,5,5,5,1,1,1,1,5,1,1,1,5,5,5,5,5,1,1,1,1,5,2,5,5,2,2,5,5,5,5,5,1,5,2,2,5,5,5,5,5,5,5,2,2,2,2,1,5,5,5,5,2,3,4,5,5,5,2,5,5,5,5,5,5,5,5,5,5,3,3,5,5,5,5,4,4,4,4,4,4,4,4,2,2,2,2,2,2,2,2","0.000832080841064453","leiden","edit-xhwikibooks.graphml"
"0.2","0.13","0.67","0.402675337494557","1,1,1,2,3,2,3,2,2,2,3,3,2,2,2,2,2,3,4,3,5,1,2,2,2,2,2,2,1,2,3,4,3,3,4,4,2,2,5,5,5,5,1,1,1,1,5,1,1,1,5,5,5,5,5,1,1,1,1,5,2,5,5,2,2,5,5,5,5,5,1,5,2,2,5,5,5,5,5,5,5,2,2,2,2,1,5,5,5,5,2,3,4,5,5,5,2,5,5,5,5,5,5,5,5,5,5,3,3,5,5,5,5,4,4,4,4,4,4,4,4,2,2,2,2,2,2,2,2","0.000823020935058594","leiden","edit-xhwikibooks.graphml"
"0.19","0.14","0.67","0.402675337494557","1,1,1,2,3,2,3,2,2,2,3,3,2,2,2,2,2,3,4,3,5,1,2,2,2,2,2,2,1,2,3,4,3,3,4,4,2,2,5,5,5,5,1,1,1,1,5,1,1,1,5,5,5,5,5,1,1,1,1,5,2,5,5,2,2,5,5,5,5,5,1,5,2,2,5,5,5,5,5,5,5,2,2,2,2,1,5,5,5,5,2,3,4,5,5,5,2,5,5,5,5,5,5,5,5,5,5,3,3,5,5,5,5,4,4,4,4,4,4,4,4,2,2,2,2,2,2,2,2","0.000837802886962891","leiden","edit-xhwikibooks.graphml"
"0.18","0.15","0.67","0.403472234444721","1,1,1,2,3,2,3,2,2,2,3,3,2,2,2,2,2,3,4,3,5,1,2,2,2,2,2,2,1,2,3,4,3,3,4,4,2,2,5,5,5,5,1,1,1,1,5,1,1,1,5,5,5,5,5,1,1,1,1,5,2,5,5,2,2,5,5,5,5,5,1,5,2,2,5,5,5,5,5,5,5,2,2,2,2,1,5,5,5,5,2,3,4,5,5,5,2,5,5,5,5,5,5,5,5,5,5,3,3,5,5,5,5,4,4,4,4,4,4,4,4,2,2,2,2,2,2,2,2","0.000808000564575195","leiden","edit-xhwikibooks.graphml"
"0.17","0.16","0.67","0.404448271079882","1,1,1,2,3,2,3,2,2,2,3,3,2,2,2,2,2,3,4,3,5,1,2,2,2,2,2,2,1,2,3,4,3,3,4,4,2,2,5,5,5,5,1,1,1,1,5,1,1,1,5,5,5,5,5,1,1,1,1,5,2,5,5,2,2,5,5,5,5,5,1,5,2,2,5,5,5,5,5,5,5,2,2,2,2,1,5,5,5,5,2,3,4,5,5,5,2,5,5,5,5,5,5,5,5,5,5,3,3,5,5,5,5,4,4,4,4,4,4,4,4,2,2,2,2,2,2,2,2","0.000831842422485352","leiden","edit-xhwikibooks.graphml"
"0.16","0.17","0.67","0.404934372244151","1,1,1,2,3,2,3,2,2,2,3,3,2,2,2,2,2,3,4,3,5,1,2,2,2,2,2,2,1,2,3,4,3,3,4,4,2,2,5,5,5,5,1,1,1,1,5,1,1,1,5,5,5,5,5,1,1,1,1,5,2,5,5,2,2,5,5,5,5,5,1,5,2,2,5,5,5,5,5,5,5,2,2,2,2,1,5,5,5,5,2,3,4,5,5,5,2,5,5,5,5,5,5,5,5,5,5,3,3,5,5,5,5,4,4,4,4,4,4,4,4,2,2,2,2,2,2,2,2","0.000795841217041016","leiden","edit-xhwikibooks.graphml"
"0.15","0.18","0.67","0.405247087647929","1,1,1,2,3,2,3,2,2,2,3,3,2,2,2,2,2,3,4,3,5,1,2,2,2,2,2,2,1,2,3,4,3,3,4,4,2,2,5,5,5,5,1,1,1,1,5,1,1,1,5,5,5,5,5,1,1,1,1,5,2,5,5,2,2,5,5,5,5,5,1,5,2,2,5,5,5,5,5,5,5,2,2,2,2,1,5,5,5,5,2,3,4,5,5,5,2,5,5,5,5,5,5,5,5,5,5,3,3,5,5,5,5,4,4,4,4,4,4,4,4,2,2,2,2,2,2,2,2","0.000819921493530273","leiden","edit-xhwikibooks.graphml"
"0.14","0.19","0.67","0.405096475953116","1,1,1,2,3,2,3,2,2,2,3,3,2,2,2,2,2,3,4,3,5,1,2,2,2,2,2,2,1,2,3,4,3,3,4,4,2,2,5,5,5,5,1,1,1,1,5,1,1,1,5,5,5,5,5,1,1,1,1,5,2,5,5,2,2,5,5,5,5,5,1,5,2,2,5,5,5,5,5,5,5,2,2,2,2,1,5,5,5,5,2,3,4,5,5,5,2,5,5,5,5,5,5,5,5,5,5,3,3,5,5,5,5,4,4,4,4,4,4,4,4,2,2,2,2,2,2,2,2","0.000796079635620117","leiden","edit-xhwikibooks.graphml"
"0.13","0.2","0.67","0.406005546581164","1,1,1,2,3,2,3,2,2,2,3,3,2,2,2,2,2,3,4,3,5,1,2,2,2,2,2,2,1,2,3,4,3,3,4,4,2,2,5,5,5,5,1,1,1,1,5,1,1,1,5,5,5,5,5,1,1,1,1,5,2,5,5,2,2,5,5,5,5,5,1,5,2,2,5,5,5,5,5,5,5,2,2,2,2,1,5,5,5,5,2,3,4,5,5,5,2,5,5,5,5,5,5,5,5,5,5,3,3,5,5,5,5,4,4,4,4,4,4,4,4,2,2,2,2,2,2,2,2","0.00104308128356934","leiden","edit-xhwikibooks.graphml"
"0.12","0.21","0.67","0.405855001639399","1,1,1,2,3,2,3,2,2,2,3,3,2,2,2,2,2,3,4,3,5,1,2,2,2,2,2,2,1,2,3,4,3,3,4,4,2,2,5,5,5,5,1,1,1,1,5,1,1,1,5,5,5,5,5,1,1,1,1,5,2,5,5,2,2,5,5,5,5,5,1,5,2,2,5,5,5,5,5,5,5,2,2,2,2,1,5,5,5,5,2,3,4,5,5,5,2,5,5,5,5,5,5,5,5,5,5,3,3,5,5,5,5,4,4,4,4,4,4,4,4,2,2,2,2,2,2,2,2","0.000841140747070312","leiden","edit-xhwikibooks.graphml"
"0.11","0.22","0.67","0.405738033311106","1,1,1,2,1,2,3,2,2,2,3,3,2,2,2,2,2,3,4,3,5,1,2,2,2,2,2,2,1,2,3,4,3,3,4,4,2,2,5,5,5,5,1,1,1,1,5,1,1,1,5,5,5,5,5,1,1,1,1,5,2,5,5,2,2,5,5,5,5,5,1,5,2,2,5,5,5,5,5,5,5,2,2,2,2,1,5,5,5,5,2,3,4,5,5,5,2,5,5,5,5,5,5,5,5,5,5,3,3,5,5,5,5,4,4,4,4,4,4,4,4,2,2,2,2,2,2,2,2","0.000825881958007812","leiden","edit-xhwikibooks.graphml"
"0.1","0.23","0.67","0.406640556032978","1,1,1,2,3,2,3,2,2,2,3,3,2,2,2,2,2,3,4,3,5,1,2,2,2,2,2,2,1,2,3,4,3,3,4,4,2,2,5,5,5,5,1,1,1,1,5,1,1,1,5,5,5,5,5,1,1,1,1,5,2,5,5,2,2,5,5,5,5,5,1,5,2,2,5,5,5,5,5,5,5,2,2,2,2,1,5,5,5,5,2,3,4,5,5,5,2,5,5,5,5,5,5,5,5,5,5,3,3,5,5,5,5,4,4,4,4,4,4,4,4,2,2,2,2,2,2,2,2","0.000803947448730469","leiden","edit-xhwikibooks.graphml"
"0.09","0.24","0.67","0.407006466434726","1,1,1,2,1,2,3,2,2,2,3,3,2,2,2,2,2,3,4,3,5,1,2,2,2,2,2,2,1,2,3,4,3,3,4,4,2,2,5,5,5,5,1,1,1,1,5,1,1,1,5,5,5,5,5,1,1,1,1,5,2,5,5,2,2,5,5,5,5,5,1,5,2,2,5,5,5,5,5,5,5,2,2,2,2,1,5,5,5,5,2,3,4,5,5,5,2,5,5,5,5,5,5,5,5,5,5,3,3,5,5,5,5,4,4,4,4,4,4,4,4,2,2,2,2,2,2,2,2","0.000802040100097656","leiden","edit-xhwikibooks.graphml"
"0.08","0.25","0.67","0.408322106613924","1,1,1,2,3,2,3,2,2,2,3,3,2,2,2,2,2,3,4,3,5,1,2,2,2,2,2,2,1,2,3,4,3,3,4,4,2,2,5,5,5,5,1,1,1,1,5,1,1,1,5,5,5,5,5,1,1,1,1,5,2,5,5,2,2,5,5,5,5,5,1,5,2,2,5,5,5,5,5,5,5,2,2,2,2,1,5,5,5,5,2,3,4,5,5,5,2,5,5,5,5,5,5,5,5,5,5,3,3,5,5,5,5,4,4,4,4,4,4,4,4,2,2,2,2,2,2,2,2","0.000806093215942383","leiden","edit-xhwikibooks.graphml"
"0.07","0.26","0.67","0.408322106613924","1,1,1,2,3,2,3,2,2,2,3,3,2,2,2,2,2,3,4,3,5,1,2,2,2,2,2,2,1,2,3,4,3,3,4,4,2,2,5,5,5,5,1,1,1,1,5,1,1,1,5,5,5,5,5,1,1,1,1,5,2,5,5,2,2,5,5,5,5,5,1,5,2,2,5,5,5,5,5,5,5,2,2,2,2,1,5,5,5,5,2,3,4,5,5,5,2,5,5,5,5,5,5,5,5,5,5,3,3,5,5,5,5,4,4,4,4,4,4,4,4,2,2,2,2,2,2,2,2","0.000810861587524414","leiden","edit-xhwikibooks.graphml"
"0.06","0.27","0.67","0.408684649238047","1,1,1,2,1,2,3,2,2,2,3,3,2,2,2,2,2,3,4,3,5,1,2,2,2,2,2,2,1,2,3,4,3,3,4,4,2,2,5,5,5,5,1,1,1,1,5,1,1,1,5,5,5,5,5,1,1,1,1,5,2,5,5,2,2,5,5,5,5,5,1,5,2,2,5,5,5,5,5,5,5,2,2,2,2,1,5,5,5,5,2,3,4,5,5,5,2,5,5,5,5,5,5,5,5,5,5,3,3,5,5,5,5,4,4,4,4,4,4,4,4,2,2,2,2,2,2,2,2","0.000837087631225586","leiden","edit-xhwikibooks.graphml"
"0.05","0.28","0.67","0.408651999755521","1,1,1,2,3,2,3,2,2,2,3,3,2,2,2,2,2,3,4,3,5,1,2,2,2,2,2,2,1,2,3,4,3,3,4,4,2,2,5,5,5,5,1,1,1,1,5,1,1,1,5,5,5,5,5,1,1,1,1,5,2,5,5,2,2,5,5,5,5,5,1,5,2,2,5,5,5,5,5,5,5,2,2,2,2,1,5,5,5,5,2,3,4,5,5,5,2,5,5,5,5,5,5,5,5,5,5,3,3,5,5,5,5,4,4,4,4,4,4,4,4,2,2,2,2,2,2,2,2","0.000829935073852539","leiden","edit-xhwikibooks.graphml"
"0.04","0.29","0.67","0.409190556530797","1,1,1,2,1,2,3,2,2,2,3,4,2,2,2,2,2,3,3,4,5,1,2,2,2,2,2,2,1,2,3,3,4,4,3,3,2,2,5,5,5,5,1,1,1,1,5,1,1,1,5,5,5,5,5,1,1,1,1,5,2,5,5,2,2,5,5,5,5,5,1,5,2,2,5,5,5,5,5,5,5,2,2,2,2,1,5,5,5,5,2,3,3,5,5,5,2,5,5,5,5,5,5,5,5,5,5,4,4,5,5,5,5,3,3,3,3,3,3,3,3,2,2,2,2,2,2,2,2","0.000859975814819336","leiden","edit-xhwikibooks.graphml"
"0.03","0.3","0.67","0.409426550953073","1,1,1,2,3,2,3,2,2,2,3,3,2,2,2,2,2,3,4,3,5,1,2,2,2,2,2,2,1,2,3,4,3,3,4,4,2,2,5,5,5,5,1,1,1,1,5,1,1,1,5,5,5,5,5,1,1,1,1,5,2,5,5,2,2,5,5,5,5,5,1,5,2,2,5,5,5,5,5,5,5,2,2,2,2,1,5,5,5,5,2,3,4,5,5,5,2,5,5,5,5,5,5,5,5,5,5,3,3,5,5,5,5,4,4,4,4,4,4,4,4,2,2,2,2,2,2,2,2","0.000799894332885742","leiden","edit-xhwikibooks.graphml"
"0.02","0.31","0.67","0.409786296086608","1,1,1,2,1,2,3,2,2,2,3,3,2,2,2,2,2,3,4,3,5,1,2,2,2,2,2,2,1,2,3,4,3,3,4,4,2,2,5,5,5,5,1,1,1,1,5,1,1,1,5,5,5,5,5,1,1,1,1,5,2,5,5,2,2,5,5,5,5,5,1,5,2,2,5,5,5,5,5,5,5,2,2,2,2,1,5,5,5,5,2,3,4,5,5,5,2,5,5,5,5,5,5,5,5,5,5,3,3,5,5,5,5,4,4,4,4,4,4,4,4,2,2,2,2,2,2,2,2","0.000877141952514648","leiden","edit-xhwikibooks.graphml"
"0.01","0.32","0.67","0.409754094658383","1,1,1,2,3,2,3,2,2,2,3,3,2,2,2,2,2,3,4,3,5,1,2,2,2,2,2,2,1,2,3,4,3,3,4,4,2,2,5,5,5,5,1,1,1,1,5,1,1,1,5,5,5,5,5,1,1,1,1,5,2,5,5,2,2,5,5,5,5,5,1,5,2,2,5,5,5,5,5,5,5,2,2,2,2,1,5,5,5,5,2,3,4,5,5,5,2,5,5,5,5,5,5,5,5,5,5,3,3,5,5,5,5,4,4,4,4,4,4,4,4,2,2,2,2,2,2,2,2","0.000865936279296875","leiden","edit-xhwikibooks.graphml"
"0","0.33","0.67","0.411291078986552","1,1,1,1,1,2,3,2,2,2,3,3,2,2,2,2,2,3,4,3,5,1,2,2,2,2,2,2,1,2,3,4,3,3,4,4,2,2,5,5,5,5,1,1,1,1,5,1,1,1,5,5,5,5,5,1,1,1,1,5,2,5,5,2,2,5,5,5,5,5,1,5,2,2,5,5,5,5,5,5,5,2,2,2,2,1,5,5,5,5,2,3,4,5,5,5,2,5,5,5,5,5,5,5,5,5,5,3,3,5,5,5,5,4,4,4,4,4,4,4,4,2,2,2,2,2,2,2,2","0.000782012939453125","leiden","edit-xhwikibooks.graphml"
"0.32","0","0.68","0.417767677547987","1,1,2,2,3,2,3,2,2,2,3,3,2,2,2,2,2,3,4,3,5,1,2,2,2,2,2,2,1,2,3,4,3,3,4,4,2,2,5,5,5,5,1,1,1,1,5,1,1,1,5,5,5,5,5,1,1,1,1,5,2,5,5,2,2,5,5,5,5,5,1,5,2,2,5,5,5,5,5,5,5,2,2,2,2,1,5,5,5,5,2,3,4,5,5,5,2,5,5,5,5,5,5,5,5,5,5,3,3,5,5,5,5,4,4,4,4,4,4,4,4,2,2,2,2,2,2,2,2","0.000837087631225586","leiden","edit-xhwikibooks.graphml"
"0.31","0.01","0.68","0.417767677547987","1,1,2,2,3,2,3,2,2,2,3,3,2,2,2,2,2,3,4,3,5,1,2,2,2,2,2,2,1,2,3,4,3,3,4,4,2,2,5,5,5,5,1,1,1,1,5,1,1,1,5,5,5,5,5,1,1,1,1,5,2,5,5,2,2,5,5,5,5,5,1,5,2,2,5,5,5,5,5,5,5,2,2,2,2,1,5,5,5,5,2,3,4,5,5,5,2,5,5,5,5,5,5,5,5,5,5,3,3,5,5,5,5,4,4,4,4,4,4,4,4,2,2,2,2,2,2,2,2","0.000849008560180664","leiden","edit-xhwikibooks.graphml"
"0.3","0.02","0.68","0.417767677547987","1,1,2,2,3,2,3,2,2,2,3,3,2,2,2,2,2,3,4,3,5,1,2,2,2,2,2,2,1,2,3,4,3,3,4,4,2,2,5,5,5,5,1,1,1,1,5,1,1,1,5,5,5,5,5,1,1,1,1,5,2,5,5,2,2,5,5,5,5,5,1,5,2,2,5,5,5,5,5,5,5,2,2,2,2,1,5,5,5,5,2,3,4,5,5,5,2,5,5,5,5,5,5,5,5,5,5,3,3,5,5,5,5,4,4,4,4,4,4,4,4,2,2,2,2,2,2,2,2","0.000855922698974609","leiden","edit-xhwikibooks.graphml"
"0.29","0.03","0.68","0.41761606679697","1,1,2,2,3,2,3,2,2,2,3,3,2,2,2,2,2,3,4,3,5,1,2,2,2,2,2,2,1,2,3,4,3,3,4,4,2,2,5,5,5,5,1,1,1,1,5,1,1,1,5,5,5,5,5,1,1,1,1,5,2,5,5,2,2,5,5,5,5,5,1,5,2,2,5,5,5,5,5,5,5,2,2,2,2,1,5,5,5,5,2,3,4,5,5,5,2,5,5,5,5,5,5,5,5,5,5,3,3,5,5,5,5,4,4,4,4,4,4,4,4,2,2,2,2,2,2,2,2","0.000847816467285156","leiden","edit-xhwikibooks.graphml"
"0.28","0.04","0.68","0.41761606679697","1,1,2,2,3,2,3,2,2,2,3,3,2,2,2,2,2,3,4,3,5,1,2,2,2,2,2,2,1,2,3,4,3,3,4,4,2,2,5,5,5,5,1,1,1,1,5,1,1,1,5,5,5,5,5,1,1,1,1,5,2,5,5,2,2,5,5,5,5,5,1,5,2,2,5,5,5,5,5,5,5,2,2,2,2,1,5,5,5,5,2,3,4,5,5,5,2,5,5,5,5,5,5,5,5,5,5,3,3,5,5,5,5,4,4,4,4,4,4,4,4,2,2,2,2,2,2,2,2","0.000849008560180664","leiden","edit-xhwikibooks.graphml"
"0.27","0.05","0.68","0.41138359287439","1,1,1,2,3,2,3,2,2,2,3,3,2,2,2,2,2,3,4,3,5,1,2,2,2,2,2,2,1,2,3,4,3,3,4,4,2,2,5,5,5,5,1,1,1,1,5,1,1,1,5,5,5,5,5,1,1,1,1,5,2,5,5,2,2,5,5,5,5,5,1,5,2,2,5,5,5,5,5,5,5,2,2,2,2,1,5,5,5,5,2,3,4,5,5,5,2,5,5,5,5,5,5,5,5,5,5,3,3,5,5,5,5,4,4,4,4,4,4,4,4,2,2,2,2,2,2,2,2","0.000853061676025391","leiden","edit-xhwikibooks.graphml"
"0.26","0.06","0.68","0.41138359287439","1,1,1,2,3,2,3,2,2,2,3,3,2,2,2,2,2,3,4,3,5,1,2,2,2,2,2,2,1,2,3,4,3,3,4,4,2,2,5,5,5,5,1,1,1,1,5,1,1,1,5,5,5,5,5,1,1,1,1,5,2,5,5,2,2,5,5,5,5,5,1,5,2,2,5,5,5,5,5,5,5,2,2,2,2,1,5,5,5,5,2,3,4,5,5,5,2,5,5,5,5,5,5,5,5,5,5,3,3,5,5,5,5,4,4,4,4,4,4,4,4,2,2,2,2,2,2,2,2","0.000838994979858398","leiden","edit-xhwikibooks.graphml"
"0.25","0.07","0.68","0.411706955705729","1,1,1,2,3,2,3,2,2,2,3,3,2,2,2,2,2,3,4,3,5,1,2,2,2,2,2,2,1,2,3,4,3,3,4,4,2,2,5,5,5,5,1,1,1,1,5,1,1,1,5,5,5,5,5,1,1,1,1,5,2,5,5,2,2,5,5,5,5,5,1,5,2,2,5,5,5,5,5,5,5,2,2,2,2,1,5,5,5,5,2,3,4,5,5,5,2,5,5,5,5,5,5,5,5,5,5,3,3,5,5,5,5,4,4,4,4,4,4,4,4,2,2,2,2,2,2,2,2","0.000796079635620117","leiden","edit-xhwikibooks.graphml"
"0.24","0.08","0.68","0.412055600137463","1,1,1,2,1,2,3,2,2,2,3,3,2,2,2,2,2,3,4,3,5,1,2,2,2,2,2,2,1,2,3,4,3,3,4,4,2,2,5,5,5,5,1,1,1,1,5,1,1,1,5,5,5,5,5,1,1,1,1,5,2,5,5,2,2,5,5,5,5,5,1,5,2,2,5,5,5,5,5,5,5,2,2,2,2,1,5,5,5,5,2,3,4,5,5,5,2,5,5,5,5,5,5,5,5,5,5,3,3,5,5,5,5,4,4,4,4,4,4,4,4,2,2,2,2,2,2,2,2","0.000812053680419922","leiden","edit-xhwikibooks.graphml"
"0.23","0.09","0.68","0.410688285524599","1,1,1,2,3,2,3,2,2,2,3,3,2,2,2,2,2,3,4,3,5,1,2,2,2,2,2,2,1,2,3,4,3,3,4,4,2,2,5,5,5,5,1,1,1,1,5,1,1,1,5,5,5,5,5,1,1,1,1,5,2,5,5,2,2,5,5,5,5,5,1,5,2,2,5,5,5,5,5,5,5,2,2,2,2,1,5,5,5,5,2,3,4,5,5,5,2,5,5,5,5,5,5,5,5,5,5,3,3,5,5,5,5,4,4,4,4,4,4,4,4,2,2,2,2,2,2,2,2","0.00106406211853027","leiden","edit-xhwikibooks.graphml"
"0.22","0.1","0.68","0.410688285524599","1,1,1,2,3,2,3,2,2,2,3,3,2,2,2,2,2,3,4,3,5,1,2,2,2,2,2,2,1,2,3,4,3,3,4,4,2,2,5,5,5,5,1,1,1,1,5,1,1,1,5,5,5,5,5,1,1,1,1,5,2,5,5,2,2,5,5,5,5,5,1,5,2,2,5,5,5,5,5,5,5,2,2,2,2,1,5,5,5,5,2,3,4,5,5,5,2,5,5,5,5,5,5,5,5,5,5,3,3,5,5,5,5,4,4,4,4,4,4,4,4,2,2,2,2,2,2,2,2","0.000836849212646484","leiden","edit-xhwikibooks.graphml"
"0.21","0.11","0.68","0.411011378135408","1,1,1,2,3,2,3,2,2,2,3,3,2,2,2,2,2,3,4,3,5,1,2,2,2,2,2,2,1,2,3,4,3,3,4,4,2,2,5,5,5,5,1,1,1,1,5,1,1,1,5,5,5,5,5,1,1,1,1,5,2,5,5,2,2,5,5,5,5,5,1,5,2,2,5,5,5,5,5,5,5,2,2,2,2,1,5,5,5,5,2,3,4,5,5,5,2,5,5,5,5,5,5,5,5,5,5,3,3,5,5,5,5,4,4,4,4,4,4,4,4,2,2,2,2,2,2,2,2","0.000810146331787109","leiden","edit-xhwikibooks.graphml"
"0.2","0.12","0.68","0.41193342236745","1,1,1,2,3,2,3,2,2,2,3,3,2,2,2,2,2,3,4,3,5,1,2,2,2,2,2,2,1,2,3,4,3,3,4,4,2,2,5,5,5,5,1,1,1,1,5,1,1,1,5,5,5,5,5,1,1,1,1,5,2,5,5,2,2,5,5,5,5,5,1,5,2,2,5,5,5,5,5,5,5,2,2,2,2,1,5,5,5,5,2,3,4,5,5,5,2,5,5,5,5,5,5,5,5,5,5,3,3,5,5,5,5,4,4,4,4,4,4,4,4,2,2,2,2,2,2,2,2","0.000813007354736328","leiden","edit-xhwikibooks.graphml"
"0.19","0.13","0.68","0.411335680513479","1,1,1,2,3,2,3,2,2,2,3,3,2,2,2,2,2,3,4,3,5,1,2,2,2,2,2,2,1,2,3,4,3,3,4,4,2,2,5,5,5,5,1,1,1,1,5,1,1,1,5,5,5,5,5,1,1,1,1,5,2,5,5,2,2,5,5,5,5,5,1,5,2,2,5,5,5,5,5,5,5,2,2,2,2,1,5,5,5,5,2,3,4,5,5,5,2,5,5,5,5,5,5,5,5,5,5,3,3,5,5,5,5,4,4,4,4,4,4,4,4,2,2,2,2,2,2,2,2","0.000833034515380859","leiden","edit-xhwikibooks.graphml"
"0.18","0.14","0.68","0.411399228758095","1,1,1,2,1,2,3,2,2,2,3,4,2,2,2,2,2,3,3,4,5,1,2,2,2,2,2,2,1,2,3,3,4,4,3,3,2,2,5,5,5,5,1,1,1,1,5,1,1,1,5,5,5,5,5,1,1,1,1,5,2,5,5,2,2,5,5,5,5,5,1,5,2,2,5,5,5,5,5,5,5,2,2,2,2,1,5,5,5,5,2,3,3,5,5,5,2,5,5,5,5,5,5,5,5,5,5,4,4,5,5,5,5,3,3,3,3,3,3,3,3,2,2,2,2,2,2,2,2","0.000855207443237305","leiden","edit-xhwikibooks.graphml"
"0.17","0.15","0.68","0.412576074540099","1,1,1,2,3,2,3,2,2,2,3,3,2,2,2,2,2,3,4,3,5,1,2,2,2,2,2,2,1,2,3,4,3,3,4,4,2,2,5,5,5,5,1,1,1,1,5,1,1,1,5,5,5,5,5,1,1,1,1,5,2,5,5,2,2,5,5,5,5,5,1,5,2,2,5,5,5,5,5,5,5,2,2,2,2,1,5,5,5,5,2,3,4,5,5,5,2,5,5,5,5,5,5,5,5,5,5,3,3,5,5,5,5,4,4,4,4,4,4,4,4,2,2,2,2,2,2,2,2","0.000871896743774414","leiden","edit-xhwikibooks.graphml"
"0.16","0.16","0.68","0.413046004574424","1,1,1,2,3,2,3,2,2,2,3,3,2,2,2,2,2,3,4,3,5,1,2,2,2,2,2,2,1,2,3,4,3,3,4,4,2,2,5,5,5,5,1,1,1,1,5,1,1,1,5,5,5,5,5,1,1,1,1,5,2,5,5,2,2,5,5,5,5,5,1,5,2,2,5,5,5,5,5,5,5,2,2,2,2,1,5,5,5,5,2,3,4,5,5,5,2,5,5,5,5,5,5,5,5,5,5,3,3,5,5,5,5,4,4,4,4,4,4,4,4,2,2,2,2,2,2,2,2","0.000855922698974609","leiden","edit-xhwikibooks.graphml"
"0.15","0.17","0.68","0.404784018544203","1,1,1,2,3,2,3,2,2,2,3,3,2,2,2,2,2,3,4,3,5,1,2,2,2,2,2,2,1,2,3,4,3,3,4,4,2,2,5,5,5,5,1,1,1,1,5,1,1,1,5,5,5,5,5,1,1,1,1,5,2,5,5,2,2,5,5,5,5,5,1,5,2,2,5,5,5,5,5,5,5,2,2,2,2,1,5,5,5,5,2,3,4,5,5,5,2,5,5,5,5,5,5,5,5,5,5,3,3,5,5,5,5,4,4,4,4,4,4,4,4,2,2,2,2,2,2,2,2","0.000848054885864258","leiden","edit-xhwikibooks.graphml"
"0.14","0.18","0.68","0.404784018544203","1,1,1,2,3,2,3,2,2,2,3,3,2,2,2,2,2,3,4,3,5,1,2,2,2,2,2,2,1,2,3,4,3,3,4,4,2,2,5,5,5,5,1,1,1,1,5,1,1,1,5,5,5,5,5,1,1,1,1,5,2,5,5,2,2,5,5,5,5,5,1,5,2,2,5,5,5,5,5,5,5,2,2,2,2,1,5,5,5,5,2,3,4,5,5,5,2,5,5,5,5,5,5,5,5,5,5,3,3,5,5,5,5,4,4,4,4,4,4,4,4,2,2,2,2,2,2,2,2","0.000820159912109375","leiden","edit-xhwikibooks.graphml"
"0.13","0.19","0.68","0.404633766846767","1,1,1,2,3,2,3,2,2,2,3,3,2,2,2,2,2,3,4,3,5,1,2,2,2,2,2,2,1,2,3,4,3,3,4,4,2,2,5,5,5,5,1,1,1,1,5,1,1,1,5,5,5,5,5,1,1,1,1,5,2,5,5,2,2,5,5,5,5,5,1,5,2,2,5,5,5,5,5,5,5,2,2,2,2,1,5,5,5,5,2,3,4,5,5,5,2,5,5,5,5,5,5,5,5,5,5,3,3,5,5,5,5,4,4,4,4,4,4,4,4,2,2,2,2,2,2,2,2","0.00088191032409668","leiden","edit-xhwikibooks.graphml"
"0.12","0.2","0.68","0.405542616266699","1,1,1,2,3,2,3,2,2,2,3,3,2,2,2,2,2,3,4,3,5,1,2,2,2,2,2,2,1,2,3,4,3,3,4,4,2,2,5,5,5,5,1,1,1,1,5,1,1,1,5,5,5,5,5,1,1,1,1,5,2,5,5,2,2,5,5,5,5,5,1,5,2,2,5,5,5,5,5,5,5,2,2,2,2,1,5,5,5,5,2,3,4,5,5,5,2,5,5,5,5,5,5,5,5,5,5,3,3,5,5,5,5,4,4,4,4,4,4,4,4,2,2,2,2,2,2,2,2","0.00129103660583496","leiden","edit-xhwikibooks.graphml"
"0.11","0.21","0.68","0.405392430383261","1,1,1,2,3,2,3,2,2,2,3,3,2,2,2,2,2,3,4,3,5,1,2,2,2,2,2,2,1,2,3,4,3,3,4,4,2,2,5,5,5,5,1,1,1,1,5,1,1,1,5,5,5,5,5,1,1,1,1,5,2,5,5,2,2,5,5,5,5,5,1,5,2,2,5,5,5,5,5,5,5,2,2,2,2,1,5,5,5,5,2,3,4,5,5,5,2,5,5,5,5,5,5,5,5,5,5,3,3,5,5,5,5,4,4,4,4,4,4,4,4,2,2,2,2,2,2,2,2","0.000972986221313477","leiden","edit-xhwikibooks.graphml"
"0.1","0.22","0.68","0.405392430383261","1,1,1,2,3,2,3,2,2,2,3,3,2,2,2,2,2,3,4,3,5,1,2,2,2,2,2,2,1,2,3,4,3,3,4,4,2,2,5,5,5,5,1,1,1,1,5,1,1,1,5,5,5,5,5,1,1,1,1,5,2,5,5,2,2,5,5,5,5,5,1,5,2,2,5,5,5,5,5,5,5,2,2,2,2,1,5,5,5,5,2,3,4,5,5,5,2,5,5,5,5,5,5,5,5,5,5,3,3,5,5,5,5,4,4,4,4,4,4,4,4,2,2,2,2,2,2,2,2","0.0324501991271973","leiden","edit-xhwikibooks.graphml"
"0.09","0.23","0.68","0.406178067843116","1,1,1,2,3,2,3,2,2,2,3,3,2,2,2,2,2,3,4,3,5,1,2,2,2,2,2,2,1,2,3,4,3,3,4,4,2,2,5,5,5,5,1,1,1,1,5,1,1,1,5,5,5,5,5,1,1,1,1,5,2,5,5,2,2,5,5,5,5,5,1,5,2,2,5,5,5,5,5,5,5,2,2,2,2,1,5,5,5,5,2,3,4,5,5,5,2,5,5,5,5,5,5,5,5,5,5,3,3,5,5,5,5,4,4,4,4,4,4,4,4,2,2,2,2,2,2,2,2","0.0010979175567627","leiden","edit-xhwikibooks.graphml"
"0.08","0.24","0.68","0.406661019665301","1,1,1,2,3,2,3,2,2,2,3,3,2,2,2,2,2,3,4,3,5,1,2,2,2,2,2,2,1,2,3,4,3,3,4,4,2,2,5,5,5,5,1,1,1,1,5,1,1,1,5,5,5,5,5,1,1,1,1,5,2,5,5,2,2,5,5,5,5,5,1,5,2,2,5,5,5,5,5,5,5,2,2,2,2,1,5,5,5,5,2,3,4,5,5,5,2,5,5,5,5,5,5,5,5,5,5,3,3,5,5,5,5,4,4,4,4,4,4,4,4,2,2,2,2,2,2,2,2","0.00100398063659668","leiden","edit-xhwikibooks.graphml"
"0.07","0.25","0.68","0.407859267712635","1,1,1,2,3,2,3,2,2,2,3,3,2,2,2,2,2,3,4,3,5,1,2,2,2,2,2,2,1,2,3,4,3,3,4,4,2,2,5,5,5,5,1,1,1,1,5,1,1,1,5,5,5,5,5,1,1,1,1,5,2,5,5,2,2,5,5,5,5,5,1,5,2,2,5,5,5,5,5,5,5,2,2,2,2,1,5,5,5,5,2,3,4,5,5,5,2,5,5,5,5,5,5,5,5,5,5,3,3,5,5,5,5,4,4,4,4,4,4,4,4,2,2,2,2,2,2,2,2","0.000974178314208984","leiden","edit-xhwikibooks.graphml"
"0.06","0.26","0.68","0.407859267712635","1,1,1,2,3,2,3,2,2,2,3,3,2,2,2,2,2,3,4,3,5,1,2,2,2,2,2,2,1,2,3,4,3,3,4,4,2,2,5,5,5,5,1,1,1,1,5,1,1,1,5,5,5,5,5,1,1,1,1,5,2,5,5,2,2,5,5,5,5,5,1,5,2,2,5,5,5,5,5,5,5,2,2,2,2,1,5,5,5,5,2,3,4,5,5,5,2,5,5,5,5,5,5,5,5,5,5,3,3,5,5,5,5,4,4,4,4,4,4,4,4,2,2,2,2,2,2,2,2","0.00094294548034668","leiden","edit-xhwikibooks.graphml"
"0.05","0.27","0.68","0.408339209733369","1,1,1,2,3,2,3,2,2,2,3,3,2,2,2,2,2,3,4,3,5,1,2,2,2,2,2,2,1,2,3,4,3,3,4,4,2,2,5,5,5,5,1,1,1,1,5,1,1,1,5,5,5,5,5,1,1,1,1,5,2,5,5,2,2,5,5,5,5,5,1,5,2,2,5,5,5,5,5,5,5,2,2,2,2,1,5,5,5,5,2,3,4,5,5,5,2,5,5,5,5,5,5,5,5,5,5,3,3,5,5,5,5,4,4,4,4,4,4,4,4,2,2,2,2,2,2,2,2","0.000969171524047852","leiden","edit-xhwikibooks.graphml"
"0.04","0.28","0.68","0.408071217076511","1,1,1,2,1,2,3,2,2,2,3,3,2,2,2,2,2,3,4,3,5,1,2,2,2,2,2,2,1,2,3,4,3,3,4,4,2,2,5,5,5,5,1,1,1,1,5,1,1,1,5,5,5,5,5,1,1,1,1,5,2,5,5,2,2,5,5,5,5,5,1,5,2,2,5,5,5,5,5,5,5,2,2,2,2,1,5,5,5,5,2,3,4,5,5,5,2,5,5,5,5,5,5,5,5,5,5,3,3,5,5,5,5,4,4,4,4,4,4,4,4,2,2,2,2,2,2,2,2","0.000962018966674805","leiden","edit-xhwikibooks.graphml"
"0.03","0.29","0.68","0.409113813964182","1,1,1,2,3,2,3,2,2,2,3,3,2,2,2,2,2,3,4,3,5,1,2,2,2,2,2,2,1,2,3,4,3,3,4,4,2,2,5,5,5,5,1,1,1,1,5,1,1,1,5,5,5,5,5,1,1,1,1,5,2,5,5,2,2,5,5,5,5,5,1,5,2,2,5,5,5,5,5,5,5,2,2,2,2,1,5,5,5,5,2,3,4,5,5,5,2,5,5,5,5,5,5,5,5,5,5,3,3,5,5,5,5,4,4,4,4,4,4,4,4,2,2,2,2,2,2,2,2","0.000982046127319336","leiden","edit-xhwikibooks.graphml"
"0.02","0.3","0.68","0.408963772989293","1,1,1,2,3,2,3,2,2,2,3,3,2,2,2,2,2,3,4,3,5,1,2,2,2,2,2,2,1,2,3,4,3,3,4,4,2,2,5,5,5,5,1,1,1,1,5,1,1,1,5,5,5,5,5,1,1,1,1,5,2,5,5,2,2,5,5,5,5,5,1,5,2,2,5,5,5,5,5,5,5,2,2,2,2,1,5,5,5,5,2,3,4,5,5,5,2,5,5,5,5,5,5,5,5,5,5,3,3,5,5,5,5,4,4,4,4,4,4,4,4,2,2,2,2,2,2,2,2","0.000916004180908203","leiden","edit-xhwikibooks.graphml"
"0.01","0.31","0.68","0.40944126984127","1,1,1,2,3,2,3,2,2,2,3,3,2,2,2,2,2,3,4,3,5,1,2,2,2,2,2,2,1,2,3,4,3,3,4,4,2,2,5,5,5,5,1,1,1,1,5,1,1,1,5,5,5,5,5,1,1,1,1,5,2,5,5,2,2,5,5,5,5,5,1,5,2,2,5,5,5,5,5,5,5,2,2,2,2,1,5,5,5,5,2,3,4,5,5,5,2,5,5,5,5,5,5,5,5,5,5,3,3,5,5,5,5,4,4,4,4,4,4,4,4,2,2,2,2,2,2,2,2","0.00110197067260742","leiden","edit-xhwikibooks.graphml"
"0","0.32","0.68","0.410826291096717","1,1,1,1,1,2,3,2,2,2,3,3,2,2,2,2,2,3,4,3,5,1,2,2,2,2,2,2,1,2,3,4,3,3,4,4,2,2,5,5,5,5,1,1,1,1,5,1,1,1,5,5,5,5,5,1,1,1,1,5,2,5,5,2,2,5,5,5,5,5,1,5,2,2,5,5,5,5,5,5,5,2,2,2,2,1,5,5,5,5,2,3,4,5,5,5,2,5,5,5,5,5,5,5,5,5,5,3,3,5,5,5,5,4,4,4,4,4,4,4,4,2,2,2,2,2,2,2,2","0.000927925109863281","leiden","edit-xhwikibooks.graphml"
"0.31","0","0.69","0.410908058409951","1,1,2,2,3,2,3,2,2,2,3,3,2,2,2,2,2,3,4,3,5,1,2,2,2,2,2,2,1,2,3,4,3,3,4,4,2,2,5,5,5,5,1,1,1,1,5,1,1,1,5,5,5,5,5,1,1,1,1,5,2,5,5,2,2,5,5,5,5,5,1,5,2,2,5,5,5,5,5,5,5,2,2,2,2,1,5,5,5,5,2,3,4,5,5,5,2,5,5,5,5,5,5,5,5,5,5,3,3,5,5,5,5,4,4,4,4,4,4,4,4,2,2,2,2,2,2,2,2","0.000931024551391602","leiden","edit-xhwikibooks.graphml"
"0.3","0.01","0.69","0.410908058409951","1,1,2,2,3,2,3,2,2,2,3,3,2,2,2,2,2,3,4,3,5,1,2,2,2,2,2,2,1,2,3,4,3,3,4,4,2,2,5,5,5,5,1,1,1,1,5,1,1,1,5,5,5,5,5,1,1,1,1,5,2,5,5,2,2,5,5,5,5,5,1,5,2,2,5,5,5,5,5,5,5,2,2,2,2,1,5,5,5,5,2,3,4,5,5,5,2,5,5,5,5,5,5,5,5,5,5,3,3,5,5,5,5,4,4,4,4,4,4,4,4,2,2,2,2,2,2,2,2","0.000844001770019531","leiden","edit-xhwikibooks.graphml"
"0.29","0.02","0.69","0.410908058409951","1,1,2,2,3,2,3,2,2,2,3,3,2,2,2,2,2,3,4,3,5,1,2,2,2,2,2,2,1,2,3,4,3,3,4,4,2,2,5,5,5,5,1,1,1,1,5,1,1,1,5,5,5,5,5,1,1,1,1,5,2,5,5,2,2,5,5,5,5,5,1,5,2,2,5,5,5,5,5,5,5,2,2,2,2,1,5,5,5,5,2,3,4,5,5,5,2,5,5,5,5,5,5,5,5,5,5,3,3,5,5,5,5,4,4,4,4,4,4,4,4,2,2,2,2,2,2,2,2","0.000862836837768555","leiden","edit-xhwikibooks.graphml"
"0.28","0.03","0.69","0.410761236543348","1,1,2,2,3,2,3,2,2,2,3,3,2,2,2,2,2,3,4,3,5,1,2,2,2,2,2,2,1,2,3,4,3,3,4,4,2,2,5,5,5,5,1,1,1,1,5,1,1,1,5,5,5,5,5,1,1,1,1,5,2,5,5,2,2,5,5,5,5,5,1,5,2,2,5,5,5,5,5,5,5,2,2,2,2,1,5,5,5,5,2,3,4,5,5,5,2,5,5,5,5,5,5,5,5,5,5,3,3,5,5,5,5,4,4,4,4,4,4,4,4,2,2,2,2,2,2,2,2","0.00085902214050293","leiden","edit-xhwikibooks.graphml"
"0.27","0.04","0.69","0.410761236543348","1,1,2,2,3,2,3,2,2,2,3,3,2,2,2,2,2,3,4,3,5,1,2,2,2,2,2,2,1,2,3,4,3,3,4,4,2,2,5,5,5,5,1,1,1,1,5,1,1,1,5,5,5,5,5,1,1,1,1,5,2,5,5,2,2,5,5,5,5,5,1,5,2,2,5,5,5,5,5,5,5,2,2,2,2,1,5,5,5,5,2,3,4,5,5,5,2,5,5,5,5,5,5,5,5,5,5,3,3,5,5,5,5,4,4,4,4,4,4,4,4,2,2,2,2,2,2,2,2","0.000853061676025391","leiden","edit-xhwikibooks.graphml"
"0.26","0.05","0.69","0.410148934436558","1,1,2,2,3,2,3,2,2,2,3,3,2,2,2,2,2,3,4,3,5,1,2,2,2,2,2,2,1,2,3,4,3,3,4,4,2,2,5,5,5,5,1,1,1,1,5,1,1,1,5,5,5,5,5,1,1,1,1,5,2,5,5,2,2,5,5,5,5,5,1,5,2,2,5,5,5,5,5,5,5,2,2,2,2,1,5,5,5,5,2,3,4,5,5,5,2,5,5,5,5,5,5,5,5,5,5,3,3,5,5,5,5,4,4,4,4,4,4,4,4,2,2,2,2,2,2,2,2","0.000845909118652344","leiden","edit-xhwikibooks.graphml"
"0.25","0.06","0.69","0.410148934436558","1,1,2,2,3,2,3,2,2,2,3,3,2,2,2,2,2,3,4,3,5,1,2,2,2,2,2,2,1,2,3,4,3,3,4,4,2,2,5,5,5,5,1,1,1,1,5,1,1,1,5,5,5,5,5,1,1,1,1,5,2,5,5,2,2,5,5,5,5,5,1,5,2,2,5,5,5,5,5,5,5,2,2,2,2,1,5,5,5,5,2,3,4,5,5,5,2,5,5,5,5,5,5,5,5,5,5,3,3,5,5,5,5,4,4,4,4,4,4,4,4,2,2,2,2,2,2,2,2","0.000955104827880859","leiden","edit-xhwikibooks.graphml"
"0.24","0.07","0.69","0.4104678788862","1,1,2,2,3,2,3,2,2,2,3,3,2,2,2,2,2,3,4,3,5,1,2,2,2,2,2,2,1,2,3,4,3,3,4,4,2,2,5,5,5,5,1,1,1,1,5,1,1,1,5,5,5,5,5,1,1,1,1,5,2,5,5,2,2,5,5,5,5,5,1,5,2,2,5,5,5,5,5,5,5,2,2,2,2,1,5,5,5,5,2,3,4,5,5,5,2,5,5,5,5,5,5,5,5,5,5,3,3,5,5,5,5,4,4,4,4,4,4,4,4,2,2,2,2,2,2,2,2","0.000853061676025391","leiden","edit-xhwikibooks.graphml"
"0.23","0.08","0.69","0.404880229714385","1,1,1,2,3,2,3,2,2,2,3,3,2,2,2,2,2,3,4,3,5,1,2,2,2,2,2,2,1,2,3,4,3,3,4,4,2,2,5,5,5,5,1,1,1,1,5,1,1,1,5,5,5,5,5,1,1,1,1,5,2,5,5,2,2,5,5,5,5,5,1,5,2,2,5,5,5,5,5,5,5,2,2,2,2,1,5,5,5,5,2,3,4,5,5,5,2,5,5,5,5,5,5,5,5,5,5,3,3,5,5,5,5,4,4,4,4,4,4,4,4,2,2,2,2,2,2,2,2","0.000843048095703125","leiden","edit-xhwikibooks.graphml"
"0.22","0.09","0.69","0.404734001602572","1,1,1,2,3,2,3,2,2,2,3,3,2,2,2,2,2,3,4,3,5,1,2,2,2,2,2,2,1,2,3,4,3,3,4,4,2,2,5,5,5,5,1,1,1,1,5,1,1,1,5,5,5,5,5,1,1,1,1,5,2,5,5,2,2,5,5,5,5,5,1,5,2,2,5,5,5,5,5,5,5,2,2,2,2,1,5,5,5,5,2,3,4,5,5,5,2,5,5,5,5,5,5,5,5,5,5,3,3,5,5,5,5,4,4,4,4,4,4,4,4,2,2,2,2,2,2,2,2","0.001068115234375","leiden","edit-xhwikibooks.graphml"
"0.21","0.1","0.69","0.404734001602572","1,1,1,2,3,2,3,2,2,2,3,3,2,2,2,2,2,3,4,3,5,1,2,2,2,2,2,2,1,2,3,4,3,3,4,4,2,2,5,5,5,5,1,1,1,1,5,1,1,1,5,5,5,5,5,1,1,1,1,5,2,5,5,2,2,5,5,5,5,5,1,5,2,2,5,5,5,5,5,5,5,2,2,2,2,1,5,5,5,5,2,3,4,5,5,5,2,5,5,5,5,5,5,5,5,5,5,3,3,5,5,5,5,4,4,4,4,4,4,4,4,2,2,2,2,2,2,2,2","0.000870943069458008","leiden","edit-xhwikibooks.graphml"
"0.2","0.11","0.69","0.405057846042493","1,1,1,2,3,2,3,2,2,2,3,3,2,2,2,2,2,3,4,3,5,1,2,2,2,2,2,2,1,2,3,4,3,3,4,4,2,2,5,5,5,5,1,1,1,1,5,1,1,1,5,5,5,5,5,1,1,1,1,5,2,5,5,2,2,5,5,5,5,5,1,5,2,2,5,5,5,5,5,5,5,2,2,2,2,1,5,5,5,5,2,3,4,5,5,5,2,5,5,5,5,5,5,5,5,5,5,3,3,5,5,5,5,4,4,4,4,4,4,4,4,2,2,2,2,2,2,2,2","0.000861883163452148","leiden","edit-xhwikibooks.graphml"
"0.19","0.12","0.69","0.406439753536999","1,1,1,2,3,2,3,2,2,2,3,3,2,2,2,2,2,3,4,3,5,1,2,2,2,2,2,2,1,2,3,4,3,3,4,4,2,2,5,5,5,5,1,1,1,1,5,1,1,1,5,5,5,5,5,1,1,1,1,5,2,5,5,2,2,5,5,5,5,5,1,5,2,2,5,5,5,5,5,5,5,2,2,2,2,1,5,5,5,5,2,3,4,5,5,5,2,5,5,5,5,5,5,5,5,5,5,3,3,5,5,5,5,4,4,4,4,4,4,4,4,2,2,2,2,2,2,2,2","0.000874996185302734","leiden","edit-xhwikibooks.graphml"
"0.18","0.13","0.69","0.406439753536999","1,1,1,2,3,2,3,2,2,2,3,3,2,2,2,2,2,3,4,3,5,1,2,2,2,2,2,2,1,2,3,4,3,3,4,4,2,2,5,5,5,5,1,1,1,1,5,1,1,1,5,5,5,5,5,1,1,1,1,5,2,5,5,2,2,5,5,5,5,5,1,5,2,2,5,5,5,5,5,5,5,2,2,2,2,1,5,5,5,5,2,3,4,5,5,5,2,5,5,5,5,5,5,5,5,5,5,3,3,5,5,5,5,4,4,4,4,4,4,4,4,2,2,2,2,2,2,2,2","0.00086212158203125","leiden","edit-xhwikibooks.graphml"
"0.17","0.14","0.69","0.406439753536999","1,1,1,2,3,2,3,2,2,2,3,3,2,2,2,2,2,3,4,3,5,1,2,2,2,2,2,2,1,2,3,4,3,3,4,4,2,2,5,5,5,5,1,1,1,1,5,1,1,1,5,5,5,5,5,1,1,1,1,5,2,5,5,2,2,5,5,5,5,5,1,5,2,2,5,5,5,5,5,5,5,2,2,2,2,1,5,5,5,5,2,3,4,5,5,5,2,5,5,5,5,5,5,5,5,5,5,3,3,5,5,5,5,4,4,4,4,4,4,4,4,2,2,2,2,2,2,2,2","0.00088191032409668","leiden","edit-xhwikibooks.graphml"
"0.16","0.15","0.69","0.405878228551526","1,1,1,2,3,2,3,2,2,2,3,3,2,2,2,2,2,3,4,3,5,1,2,2,2,2,2,2,1,2,3,4,3,3,4,4,2,2,5,5,5,5,1,1,1,1,5,1,1,1,5,5,5,5,5,1,1,1,1,5,2,5,5,2,2,5,5,5,5,5,1,5,2,2,5,5,5,5,5,5,5,2,2,2,2,1,5,5,5,5,2,3,4,5,5,5,2,5,5,5,5,5,5,5,5,5,5,3,3,5,5,5,5,4,4,4,4,4,4,4,4,2,2,2,2,2,2,2,2","0.000874042510986328","leiden","edit-xhwikibooks.graphml"
"0.15","0.16","0.69","0.406345418884769","1,1,1,2,3,2,3,2,2,2,3,3,2,2,2,2,2,3,4,3,5,1,2,2,2,2,2,2,1,2,3,4,3,3,4,4,2,2,5,5,5,5,1,1,1,1,5,1,1,1,5,5,5,5,5,1,1,1,1,5,2,5,5,2,2,5,5,5,5,5,1,5,2,2,5,5,5,5,5,5,5,2,2,2,2,1,5,5,5,5,2,3,4,5,5,5,2,5,5,5,5,5,5,5,5,5,5,3,3,5,5,5,5,4,4,4,4,4,4,4,4,2,2,2,2,2,2,2,2","0.000892877578735352","leiden","edit-xhwikibooks.graphml"
"0.14","0.17","0.69","0.406667769549225","1,1,1,2,3,2,3,2,2,2,3,3,2,2,2,2,2,3,4,3,5,1,2,2,2,2,2,2,1,2,3,4,3,3,4,4,2,2,5,5,5,5,1,1,1,1,5,1,1,1,5,5,5,5,5,1,1,1,1,5,2,5,5,2,2,5,5,5,5,5,1,5,2,2,5,5,5,5,5,5,5,2,2,2,2,1,5,5,5,5,2,3,4,5,5,5,2,5,5,5,5,5,5,5,5,5,5,3,3,5,5,5,5,4,4,4,4,4,4,4,4,2,2,2,2,2,2,2,2","0.000853061676025391","leiden","edit-xhwikibooks.graphml"
"0.13","0.18","0.69","0.406667769549225","1,1,1,2,3,2,3,2,2,2,3,3,2,2,2,2,2,3,4,3,5,1,2,2,2,2,2,2,1,2,3,4,3,3,4,4,2,2,5,5,5,5,1,1,1,1,5,1,1,1,5,5,5,5,5,1,1,1,1,5,2,5,5,2,2,5,5,5,5,5,1,5,2,2,5,5,5,5,5,5,5,2,2,2,2,1,5,5,5,5,2,3,4,5,5,5,2,5,5,5,5,5,5,5,5,5,5,3,3,5,5,5,5,4,4,4,4,4,4,4,4,2,2,2,2,2,2,2,2","0.000841856002807617","leiden","edit-xhwikibooks.graphml"
"0.12","0.19","0.69","0.406521687398594","1,1,1,2,3,2,3,2,2,2,3,3,2,2,2,2,2,3,4,3,5,1,2,2,2,2,2,2,1,2,3,4,3,3,4,4,2,2,5,5,5,5,1,1,1,1,5,1,1,1,5,5,5,5,5,1,1,1,1,5,2,5,5,2,2,5,5,5,5,5,1,5,2,2,5,5,5,5,5,5,5,2,2,2,2,1,5,5,5,5,2,3,4,5,5,5,2,5,5,5,5,5,5,5,5,5,5,3,3,5,5,5,5,4,4,4,4,4,4,4,4,2,2,2,2,2,2,2,2","0.00082707405090332","leiden","edit-xhwikibooks.graphml"
"0.11","0.2","0.69","0.407709019687685","1,1,1,2,3,2,3,2,2,2,3,3,2,2,2,2,2,3,4,3,5,1,2,2,2,2,2,2,1,2,3,4,3,3,4,4,2,2,5,5,5,5,1,1,1,1,5,1,1,1,5,5,5,5,5,1,1,1,1,5,2,5,5,2,2,5,5,5,5,5,1,5,2,2,5,5,5,5,5,5,5,2,2,2,2,1,5,5,5,5,2,3,4,5,5,5,2,5,5,5,5,5,5,5,5,5,5,3,3,5,5,5,5,4,4,4,4,4,4,4,4,2,2,2,2,2,2,2,2","0.00105500221252441","leiden","edit-xhwikibooks.graphml"
"0.1","0.21","0.69","0.407562753935131","1,1,1,2,3,2,3,2,2,2,3,3,2,2,2,2,2,3,4,3,5,1,2,2,2,2,2,2,1,2,3,4,3,3,4,4,2,2,5,5,5,5,1,1,1,1,5,1,1,1,5,5,5,5,5,1,1,1,1,5,2,5,5,2,2,5,5,5,5,5,1,5,2,2,5,5,5,5,5,5,5,2,2,2,2,1,5,5,5,5,2,3,4,5,5,5,2,5,5,5,5,5,5,5,5,5,5,3,3,5,5,5,5,4,4,4,4,4,4,4,4,2,2,2,2,2,2,2,2","0.000828027725219727","leiden","edit-xhwikibooks.graphml"
"0.09","0.22","0.69","0.407001619477475","1,1,1,2,1,2,3,2,2,2,3,3,2,2,2,2,2,3,4,3,5,1,2,2,2,2,2,2,1,2,3,4,3,3,4,4,2,2,5,5,5,5,1,1,1,1,5,1,1,1,5,5,5,5,5,1,1,1,1,5,2,5,5,2,2,5,5,5,5,5,1,5,2,2,5,5,5,5,5,5,5,2,2,2,2,1,5,5,5,5,2,3,4,5,5,5,2,5,5,5,5,5,5,5,5,5,5,3,3,5,5,5,5,4,4,4,4,4,4,4,4,2,2,2,2,2,2,2,2","0.000831127166748047","leiden","edit-xhwikibooks.graphml"
"0.08","0.23","0.69","0.407455003711434","1,1,1,2,1,2,3,2,2,2,3,3,2,2,2,2,2,3,3,3,4,1,2,2,2,2,2,2,1,2,3,3,3,3,3,3,2,2,4,4,4,4,1,1,1,1,4,1,1,1,4,4,4,4,4,1,1,1,1,4,2,4,4,2,2,4,4,4,4,4,1,4,2,2,4,4,4,4,4,4,4,2,2,2,2,1,4,4,4,4,2,3,3,4,4,4,2,4,4,4,4,4,4,4,4,4,4,3,3,4,4,4,4,3,3,3,3,3,3,3,3,2,2,2,2,2,2,2,2","0.000823020935058594","leiden","edit-xhwikibooks.graphml"
"0.07","0.24","0.69","0.408346746626041","1,1,1,2,3,2,3,2,2,2,3,3,2,2,2,2,2,3,4,3,5,1,2,2,2,2,2,2,1,2,3,4,3,3,4,4,2,2,5,5,5,5,1,1,1,1,5,1,1,1,5,5,5,5,5,1,1,1,1,5,2,5,5,2,2,5,5,5,5,5,1,5,2,2,5,5,5,5,5,5,5,2,2,2,2,1,5,5,5,5,2,3,4,5,5,5,2,5,5,5,5,5,5,5,5,5,5,3,3,5,5,5,5,4,4,4,4,4,4,4,4,2,2,2,2,2,2,2,2","0.000849008560180664","leiden","edit-xhwikibooks.graphml"
"0.06","0.25","0.69","0.409512642554697","1,1,1,2,3,2,3,2,2,2,3,3,2,2,2,2,2,3,4,3,5,1,2,2,2,2,2,2,1,2,3,4,3,3,4,4,2,2,5,5,5,5,1,1,1,1,5,1,1,1,5,5,5,5,5,1,1,1,1,5,2,5,5,2,2,5,5,5,5,5,1,5,2,2,5,5,5,5,5,5,5,2,2,2,2,1,5,5,5,5,2,3,4,5,5,5,2,5,5,5,5,5,5,5,5,5,5,3,3,5,5,5,5,4,4,4,4,4,4,4,4,2,2,2,2,2,2,2,2","0.000851869583129883","leiden","edit-xhwikibooks.graphml"
"0.05","0.26","0.69","0.409512642554697","1,1,1,2,3,2,3,2,2,2,3,3,2,2,2,2,2,3,4,3,5,1,2,2,2,2,2,2,1,2,3,4,3,3,4,4,2,2,5,5,5,5,1,1,1,1,5,1,1,1,5,5,5,5,5,1,1,1,1,5,2,5,5,2,2,5,5,5,5,5,1,5,2,2,5,5,5,5,5,5,5,2,2,2,2,1,5,5,5,5,2,3,4,5,5,5,2,5,5,5,5,5,5,5,5,5,5,3,3,5,5,5,5,4,4,4,4,4,4,4,4,2,2,2,2,2,2,2,2","0.000864028930664062","leiden","edit-xhwikibooks.graphml"
"0.04","0.27","0.69","0.409973743998628","1,1,1,2,3,2,3,2,2,2,3,3,2,2,2,2,2,3,4,3,5,1,2,2,2,2,2,2,1,2,3,4,3,3,4,4,2,2,5,5,5,5,1,1,1,1,5,1,1,1,5,5,5,5,5,1,1,1,1,5,2,5,5,2,2,5,5,5,5,5,1,5,2,2,5,5,5,5,5,5,5,2,2,2,2,1,5,5,5,5,2,3,4,5,5,5,2,5,5,5,5,5,5,5,5,5,5,3,3,5,5,5,5,4,4,4,4,4,4,4,4,2,2,2,2,2,2,2,2","0.000847816467285156","leiden","edit-xhwikibooks.graphml"
"0.03","0.28","0.69","0.409827596655275","1,1,1,2,3,2,3,2,2,2,3,3,2,2,2,2,2,3,4,3,5,1,2,2,2,2,2,2,1,2,3,4,3,3,4,4,2,2,5,5,5,5,1,1,1,1,5,1,1,1,5,5,5,5,5,1,1,1,1,5,2,5,5,2,2,5,5,5,5,5,1,5,2,2,5,5,5,5,5,5,5,2,2,2,2,1,5,5,5,5,2,3,4,5,5,5,2,5,5,5,5,5,5,5,5,5,5,3,3,5,5,5,5,4,4,4,4,4,4,4,4,2,2,2,2,2,2,2,2","0.000838994979858398","leiden","edit-xhwikibooks.graphml"
"0.02","0.29","0.69","0.40231438133493","1,1,1,2,3,2,3,2,2,2,3,3,2,2,2,2,2,3,4,3,5,1,2,2,2,2,2,2,1,2,3,4,3,3,4,4,2,2,5,5,5,5,1,1,1,1,5,1,1,1,5,5,5,5,5,1,1,1,1,5,2,5,5,2,2,5,5,5,5,5,1,5,2,2,5,5,5,5,5,5,5,2,2,2,2,1,5,5,5,5,2,3,4,5,5,5,2,5,5,5,5,5,5,5,5,5,5,3,3,5,5,5,5,4,4,4,4,4,4,4,4,2,2,2,2,2,2,2,2","0.00082707405090332","leiden","edit-xhwikibooks.graphml"
"0.01","0.3","0.69","0.402168864546487","1,1,1,2,3,2,3,2,2,2,3,3,2,2,2,2,2,3,4,3,5,1,2,2,2,2,2,2,1,2,3,4,3,3,4,4,2,2,5,5,5,5,1,1,1,1,5,1,1,1,5,5,5,5,5,1,1,1,1,5,2,5,5,2,2,5,5,5,5,5,1,5,2,2,5,5,5,5,5,5,5,2,2,2,2,1,5,5,5,5,2,3,4,5,5,5,2,5,5,5,5,5,5,5,5,5,5,3,3,5,5,5,5,4,4,4,4,4,4,4,4,2,2,2,2,2,2,2,2","0.000866889953613281","leiden","edit-xhwikibooks.graphml"
"0","0.31","0.69","0.404200362902173","1,1,1,1,1,2,3,2,2,2,3,3,2,2,2,2,2,3,4,3,5,1,2,2,2,2,2,2,1,2,3,4,3,3,4,4,2,2,5,5,5,5,1,1,1,1,5,1,1,1,5,5,5,5,5,1,1,1,1,5,2,5,5,2,2,5,5,5,5,5,1,5,2,2,5,5,5,5,5,5,5,2,2,2,2,1,5,5,5,5,2,3,4,5,5,5,2,5,5,5,5,5,5,5,5,5,5,3,3,5,5,5,5,4,4,4,4,4,4,4,4,2,2,2,2,2,2,2,2","0.000951051712036133","leiden","edit-xhwikibooks.graphml"
"0.3","0","0.7","0.412233418884936","1,1,2,2,3,2,3,2,2,2,3,3,2,2,2,2,2,3,4,3,5,1,2,2,2,2,2,2,1,2,3,4,3,3,4,4,2,2,5,5,5,5,1,1,1,1,5,1,1,1,5,5,5,5,5,1,1,1,1,5,2,5,5,2,2,5,5,5,5,5,1,5,2,2,5,5,5,5,5,5,5,2,2,2,2,1,5,5,5,5,2,3,4,5,5,5,2,5,5,5,5,5,5,5,5,5,5,3,3,5,5,5,5,4,4,4,4,4,4,4,4,2,2,2,2,2,2,2,2","0.000878095626831055","leiden","edit-xhwikibooks.graphml"
"0.29","0.01","0.7","0.410908058409951","1,1,2,2,3,2,3,2,2,2,3,3,2,2,2,2,2,3,4,3,5,1,2,2,2,2,2,2,1,2,3,4,3,3,4,4,2,2,5,5,5,5,1,1,1,1,5,1,1,1,5,5,5,5,5,1,1,1,1,5,2,5,5,2,2,5,5,5,5,5,1,5,2,2,5,5,5,5,5,5,5,2,2,2,2,1,5,5,5,5,2,3,4,5,5,5,2,5,5,5,5,5,5,5,5,5,5,3,3,5,5,5,5,4,4,4,4,4,4,4,4,2,2,2,2,2,2,2,2","0.000844001770019531","leiden","edit-xhwikibooks.graphml"
"0.28","0.02","0.7","0.410908058409951","1,1,2,2,3,2,3,2,2,2,3,3,2,2,2,2,2,3,4,3,5,1,2,2,2,2,2,2,1,2,3,4,3,3,4,4,2,2,5,5,5,5,1,1,1,1,5,1,1,1,5,5,5,5,5,1,1,1,1,5,2,5,5,2,2,5,5,5,5,5,1,5,2,2,5,5,5,5,5,5,5,2,2,2,2,1,5,5,5,5,2,3,4,5,5,5,2,5,5,5,5,5,5,5,5,5,5,3,3,5,5,5,5,4,4,4,4,4,4,4,4,2,2,2,2,2,2,2,2","0.000828027725219727","leiden","edit-xhwikibooks.graphml"
"0.27","0.03","0.7","0.410236035654008","1,1,2,2,3,2,3,2,2,2,4,3,2,2,2,2,2,4,4,3,5,1,2,2,2,2,2,2,1,2,4,4,3,3,4,4,2,2,5,5,5,5,1,1,1,1,5,1,1,1,5,5,5,5,5,1,1,1,1,5,2,5,5,2,2,5,5,5,5,5,1,5,2,2,5,5,5,5,5,5,5,2,2,2,2,1,5,5,5,5,2,4,4,5,5,5,2,5,5,5,5,5,5,5,5,5,5,3,3,5,5,5,5,4,4,4,4,4,4,4,4,2,2,2,2,2,2,2,2","0.000830888748168945","leiden","edit-xhwikibooks.graphml"
"0.26","0.04","0.7","0.410761236543348","1,1,2,2,3,2,3,2,2,2,3,3,2,2,2,2,2,3,4,3,5,1,2,2,2,2,2,2,1,2,3,4,3,3,4,4,2,2,5,5,5,5,1,1,1,1,5,1,1,1,5,5,5,5,5,1,1,1,1,5,2,5,5,2,2,5,5,5,5,5,1,5,2,2,5,5,5,5,5,5,5,2,2,2,2,1,5,5,5,5,2,3,4,5,5,5,2,5,5,5,5,5,5,5,5,5,5,3,3,5,5,5,5,4,4,4,4,4,4,4,4,2,2,2,2,2,2,2,2","0.000858068466186523","leiden","edit-xhwikibooks.graphml"
"0.25","0.05","0.7","0.410614510060668","1,1,2,2,3,2,3,2,2,2,3,3,2,2,2,2,2,3,4,3,5,1,2,2,2,2,2,2,1,2,3,4,3,3,4,4,2,2,5,5,5,5,1,1,1,1,5,1,1,1,5,5,5,5,5,1,1,1,1,5,2,5,5,2,2,5,5,5,5,5,1,5,2,2,5,5,5,5,5,5,5,2,2,2,2,1,5,5,5,5,2,3,4,5,5,5,2,5,5,5,5,5,5,5,5,5,5,3,3,5,5,5,5,4,4,4,4,4,4,4,4,2,2,2,2,2,2,2,2","0.000879764556884766","leiden","edit-xhwikibooks.graphml"
"0.24","0.06","0.7","0.411079043941969","1,1,2,2,3,2,3,2,2,2,3,3,2,2,2,2,2,3,4,3,5,1,2,2,2,2,2,2,1,2,3,4,3,3,4,4,2,2,5,5,5,5,1,1,1,1,5,1,1,1,5,5,5,5,5,1,1,1,1,5,2,5,5,2,2,5,5,5,5,5,1,5,2,2,5,5,5,5,5,5,5,2,2,2,2,1,5,5,5,5,2,3,4,5,5,5,2,5,5,5,5,5,5,5,5,5,5,3,3,5,5,5,5,4,4,4,4,4,4,4,4,2,2,2,2,2,2,2,2","0.000895977020263672","leiden","edit-xhwikibooks.graphml"
"0.23","0.07","0.7","0.410932371722752","1,1,2,2,3,2,3,2,2,2,3,3,2,2,2,2,2,3,4,3,5,1,2,2,2,2,2,2,1,2,3,4,3,3,4,4,2,2,5,5,5,5,1,1,1,1,5,1,1,1,5,5,5,5,5,1,1,1,1,5,2,5,5,2,2,5,5,5,5,5,1,5,2,2,5,5,5,5,5,5,5,2,2,2,2,1,5,5,5,5,2,3,4,5,5,5,2,5,5,5,5,5,5,5,5,5,5,3,3,5,5,5,5,4,4,4,4,4,4,4,4,2,2,2,2,2,2,2,2","0.000921964645385742","leiden","edit-xhwikibooks.graphml"
"0.22","0.08","0.7","0.411395825819198","1,1,2,2,3,2,3,2,2,2,3,3,2,2,2,2,2,3,4,3,5,1,2,2,2,2,2,2,1,2,3,4,3,3,4,4,2,2,5,5,5,5,1,1,1,1,5,1,1,1,5,5,5,5,5,1,1,1,1,5,2,5,5,2,2,5,5,5,5,5,1,5,2,2,5,5,5,5,5,5,5,2,2,2,2,1,5,5,5,5,2,3,4,5,5,5,2,5,5,5,5,5,5,5,5,5,5,3,3,5,5,5,5,4,4,4,4,4,4,4,4,2,2,2,2,2,2,2,2","0.000900983810424805","leiden","edit-xhwikibooks.graphml"
"0.21","0.09","0.7","0.411249208318848","1,1,2,2,3,2,3,2,2,2,3,3,2,2,2,2,2,3,4,3,5,1,2,2,2,2,2,2,1,2,3,4,3,3,4,4,2,2,5,5,5,5,1,1,1,1,5,1,1,1,5,5,5,5,5,1,1,1,1,5,2,5,5,2,2,5,5,5,5,5,1,5,2,2,5,5,5,5,5,5,5,2,2,2,2,1,5,5,5,5,2,3,4,5,5,5,2,5,5,5,5,5,5,5,5,5,5,3,3,5,5,5,5,4,4,4,4,4,4,4,4,2,2,2,2,2,2,2,2","0.000855207443237305","leiden","edit-xhwikibooks.graphml"
"0.2","0.1","0.7","0.412181949441739","1,1,2,3,2,3,2,3,3,3,2,2,3,3,3,3,3,2,4,2,5,1,3,3,3,3,3,3,1,3,2,4,2,2,4,4,3,3,5,5,5,5,1,1,1,1,5,1,1,1,5,5,5,5,5,1,1,1,1,5,3,5,5,3,3,5,5,5,5,5,1,5,3,3,5,5,5,5,5,5,5,3,3,3,3,1,5,5,5,5,3,2,4,5,5,5,3,5,5,5,5,5,5,5,5,5,5,2,2,5,5,5,5,4,4,4,4,4,4,4,4,3,3,3,3,3,3,3,3","0.000969171524047852","leiden","edit-xhwikibooks.graphml"
"0.19","0.11","0.7","0.405872930488315","1,1,1,2,1,2,3,2,2,2,3,3,2,2,2,2,2,3,4,3,5,1,2,2,2,2,2,2,1,2,3,4,3,3,4,4,2,2,5,5,5,5,1,1,1,1,5,1,1,1,5,5,5,5,5,1,1,1,1,5,2,5,5,2,2,5,5,5,5,5,1,5,2,2,5,5,5,5,5,5,5,2,2,2,2,1,5,5,5,5,2,3,4,5,5,5,2,5,5,5,5,5,5,5,5,5,5,3,3,5,5,5,5,4,4,4,4,4,4,4,4,2,2,2,2,2,2,2,2","0.000839948654174805","leiden","edit-xhwikibooks.graphml"
"0.18","0.12","0.7","0.406906420913357","1,1,1,2,3,2,3,2,2,2,3,3,2,2,2,2,2,3,4,3,5,1,2,2,2,2,2,2,1,2,3,4,3,3,4,4,2,2,5,5,5,5,1,1,1,1,5,1,1,1,5,5,5,5,5,1,1,1,1,5,2,5,5,2,2,5,5,5,5,5,1,5,2,2,5,5,5,5,5,5,5,2,2,2,2,1,5,5,5,5,2,3,4,5,5,5,2,5,5,5,5,5,5,5,5,5,5,3,3,5,5,5,5,4,4,4,4,4,4,4,4,2,2,2,2,2,2,2,2","0.000825881958007812","leiden","edit-xhwikibooks.graphml"
"0.17","0.13","0.7","0.406760197004532","1,1,1,2,3,2,3,2,2,2,3,3,2,2,2,2,2,3,4,3,5,1,2,2,2,2,2,2,1,2,3,4,3,3,4,4,2,2,5,5,5,5,1,1,1,1,5,1,1,1,5,5,5,5,5,1,1,1,1,5,2,5,5,2,2,5,5,5,5,5,1,5,2,2,5,5,5,5,5,5,5,2,2,2,2,1,5,5,5,5,2,3,4,5,5,5,2,5,5,5,5,5,5,5,5,5,5,3,3,5,5,5,5,4,4,4,4,4,4,4,4,2,2,2,2,2,2,2,2","0.000848054885864258","leiden","edit-xhwikibooks.graphml"
"0.16","0.14","0.7","0.406760197004532","1,1,1,2,3,2,3,2,2,2,3,3,2,2,2,2,2,3,4,3,5,1,2,2,2,2,2,2,1,2,3,4,3,3,4,4,2,2,5,5,5,5,1,1,1,1,5,1,1,1,5,5,5,5,5,1,1,1,1,5,2,5,5,2,2,5,5,5,5,5,1,5,2,2,5,5,5,5,5,5,5,2,2,2,2,1,5,5,5,5,2,3,4,5,5,5,2,5,5,5,5,5,5,5,5,5,5,3,3,5,5,5,5,4,4,4,4,4,4,4,4,2,2,2,2,2,2,2,2","0.000854015350341797","leiden","edit-xhwikibooks.graphml"
"0.15","0.15","0.7","0.40752249772575","1,1,1,2,3,2,3,2,2,2,3,3,2,2,2,2,2,3,4,3,5,1,2,2,2,2,2,2,1,2,3,4,3,3,4,4,2,2,5,5,5,5,1,1,1,1,5,1,1,1,5,5,5,5,5,1,1,1,1,5,2,5,5,2,2,5,5,5,5,5,1,5,2,2,5,5,5,5,5,5,5,2,2,2,2,1,5,5,5,5,2,3,4,5,5,5,2,5,5,5,5,5,5,5,5,5,5,3,3,5,5,5,5,4,4,4,4,4,4,4,4,2,2,2,2,2,2,2,2","0.000855922698974609","leiden","edit-xhwikibooks.graphml"
"0.14","0.16","0.7","0.40798684287807","1,1,1,2,3,2,3,2,2,2,3,3,2,2,2,2,2,3,4,3,5,1,2,2,2,2,2,2,1,2,3,4,3,3,4,4,2,2,5,5,5,5,1,1,1,1,5,1,1,1,5,5,5,5,5,1,1,1,1,5,2,5,5,2,2,5,5,5,5,5,1,5,2,2,5,5,5,5,5,5,5,2,2,2,2,1,5,5,5,5,2,3,4,5,5,5,2,5,5,5,5,5,5,5,5,5,5,3,3,5,5,5,5,4,4,4,4,4,4,4,4,2,2,2,2,2,2,2,2","0.000833034515380859","leiden","edit-xhwikibooks.graphml"
"0.13","0.17","0.7","0.40818522081955","1,1,1,2,1,2,3,2,2,2,3,3,2,2,2,2,2,3,4,3,5,1,2,2,2,2,2,2,1,2,3,4,3,3,4,4,2,2,5,5,5,5,1,1,1,1,5,1,1,1,5,5,5,5,5,1,1,1,1,5,2,5,5,2,2,5,5,5,5,5,1,5,2,2,5,5,5,5,5,5,5,2,2,2,2,1,5,5,5,5,2,3,4,5,5,5,2,5,5,5,5,5,5,5,5,5,5,3,3,5,5,5,5,4,4,4,4,4,4,4,4,2,2,2,2,2,2,2,2","0.00087285041809082","leiden","edit-xhwikibooks.graphml"
"0.12","0.18","0.7","0.408306779983947","1,1,1,2,3,2,3,2,2,2,3,3,2,2,2,2,2,3,4,3,5,1,2,2,2,2,2,2,1,2,3,4,3,3,4,4,2,2,5,5,5,5,1,1,1,1,5,1,1,1,5,5,5,5,5,1,1,1,1,5,2,5,5,2,2,5,5,5,5,5,1,5,2,2,5,5,5,5,5,5,5,2,2,2,2,1,5,5,5,5,2,3,4,5,5,5,2,5,5,5,5,5,5,5,5,5,5,3,3,5,5,5,5,4,4,4,4,4,4,4,4,2,2,2,2,2,2,2,2","0.000850915908813477","leiden","edit-xhwikibooks.graphml"
"0.11","0.19","0.7","0.40816070111595","1,1,1,2,3,2,3,2,2,2,3,3,2,2,2,2,2,3,4,3,5,1,2,2,2,2,2,2,1,2,3,4,3,3,4,4,2,2,5,5,5,5,1,1,1,1,5,1,1,1,5,5,5,5,5,1,1,1,1,5,2,5,5,2,2,5,5,5,5,5,1,5,2,2,5,5,5,5,5,5,5,2,2,2,2,1,5,5,5,5,2,3,4,5,5,5,2,5,5,5,5,5,5,5,5,5,5,3,3,5,5,5,5,4,4,4,4,4,4,4,4,2,2,2,2,2,2,2,2","0.000890016555786133","leiden","edit-xhwikibooks.graphml"
"0.1","0.2","0.7","0.409035476349065","1,1,1,2,3,2,3,2,2,2,3,3,2,2,2,2,2,3,4,3,5,1,2,2,2,2,2,2,1,2,3,4,3,3,4,4,2,2,5,5,5,5,1,1,1,1,5,1,1,1,5,5,5,5,5,1,1,1,1,5,2,5,5,2,2,5,5,5,5,5,1,5,2,2,5,5,5,5,5,5,5,2,2,2,2,1,5,5,5,5,2,3,4,5,5,5,2,5,5,5,5,5,5,5,5,5,5,3,3,5,5,5,5,4,4,4,4,4,4,4,4,2,2,2,2,2,2,2,2","0.000846147537231445","leiden","edit-xhwikibooks.graphml"
"0.09","0.21","0.7","0.406990966688478","1,1,1,2,1,2,3,2,2,2,3,3,2,2,2,2,2,3,4,3,5,1,2,2,2,2,2,2,1,2,3,4,3,3,4,4,2,2,5,5,5,5,1,1,1,1,5,1,1,1,5,5,5,5,5,1,1,1,1,5,2,5,5,2,2,5,5,5,5,5,1,5,2,2,5,5,5,5,5,5,5,2,2,2,2,1,5,5,5,5,2,3,4,5,5,5,2,5,5,5,5,5,5,5,5,5,5,3,3,5,5,5,5,4,4,4,4,4,4,4,4,2,2,2,2,2,2,2,2","0.000923871994018555","leiden","edit-xhwikibooks.graphml"
"0.08","0.22","0.7","0.407111663731142","1,1,1,2,3,2,3,2,2,2,3,3,2,2,2,2,2,3,4,3,5,1,2,2,2,2,2,2,1,2,3,4,3,3,4,4,2,2,5,5,5,5,1,1,1,1,5,1,1,1,5,5,5,5,5,1,1,1,1,5,2,5,5,2,2,5,5,5,5,5,1,5,2,2,5,5,5,5,5,5,5,2,2,2,2,1,5,5,5,5,2,3,4,5,5,5,2,5,5,5,5,5,5,5,5,5,5,3,3,5,5,5,5,4,4,4,4,4,4,4,4,2,2,2,2,2,2,2,2","0.0010380744934082","leiden","edit-xhwikibooks.graphml"
"0.07","0.23","0.7","0.40787076351558","1,1,1,2,3,2,3,2,2,2,3,3,2,2,2,2,2,3,4,3,5,1,2,2,2,2,2,2,1,2,3,4,3,3,4,4,2,2,5,5,5,5,1,1,1,1,5,1,1,1,5,5,5,5,5,1,1,1,1,5,2,5,5,2,2,5,5,5,5,5,1,5,2,2,5,5,5,5,5,5,5,2,2,2,2,1,5,5,5,5,2,3,4,5,5,5,2,5,5,5,5,5,5,5,5,5,5,3,3,5,5,5,5,4,4,4,4,4,4,4,4,2,2,2,2,2,2,2,2","0.00110411643981934","leiden","edit-xhwikibooks.graphml"
"0.06","0.24","0.7","0.408333734166723","1,1,1,2,3,2,3,2,2,2,3,3,2,2,2,2,2,3,4,3,5,1,2,2,2,2,2,2,1,2,3,4,3,3,4,4,2,2,5,5,5,5,1,1,1,1,5,1,1,1,5,5,5,5,5,1,1,1,1,5,2,5,5,2,2,5,5,5,5,5,1,5,2,2,5,5,5,5,5,5,5,2,2,2,2,1,5,5,5,5,2,3,4,5,5,5,2,5,5,5,5,5,5,5,5,5,5,3,3,5,5,5,5,4,4,4,4,4,4,4,4,2,2,2,2,2,2,2,2","0.000980854034423828","leiden","edit-xhwikibooks.graphml"
"0.05","0.25","0.7","0.409496701498681","1,1,1,2,3,2,3,2,2,2,3,3,2,2,2,2,2,3,4,3,5,1,2,2,2,2,2,2,1,2,3,4,3,3,4,4,2,2,5,5,5,5,1,1,1,1,5,1,1,1,5,5,5,5,5,1,1,1,1,5,2,5,5,2,2,5,5,5,5,5,1,5,2,2,5,5,5,5,5,5,5,2,2,2,2,1,5,5,5,5,2,3,4,5,5,5,2,5,5,5,5,5,5,5,5,5,5,3,3,5,5,5,5,4,4,4,4,4,4,4,4,2,2,2,2,2,2,2,2","0.000861883163452148","leiden","edit-xhwikibooks.graphml"
"0.04","0.26","0.7","0.409570212601332","1,1,1,2,1,2,3,2,2,2,3,4,2,2,2,2,2,3,3,4,5,1,2,2,2,2,2,2,1,2,3,3,4,4,3,3,2,2,5,5,5,5,1,1,1,1,5,1,1,1,5,5,5,5,5,1,1,1,1,5,2,5,5,2,2,5,5,5,5,5,1,5,2,2,5,5,5,5,5,5,5,2,2,2,2,1,5,5,5,5,2,3,3,5,5,5,2,5,5,5,5,5,5,5,5,5,5,4,4,5,5,5,5,3,3,3,3,3,3,3,3,2,2,2,2,2,2,2,2","0.000852108001708984","leiden","edit-xhwikibooks.graphml"
"0.03","0.27","0.7","0.409956869290589","1,1,1,2,3,2,3,2,2,2,3,3,2,2,2,2,2,3,4,3,5,1,2,2,2,2,2,2,1,2,3,4,3,3,4,4,2,2,5,5,5,5,1,1,1,1,5,1,1,1,5,5,5,5,5,1,1,1,1,5,2,5,5,2,2,5,5,5,5,5,1,5,2,2,5,5,5,5,5,5,5,2,2,2,2,1,5,5,5,5,2,3,4,5,5,5,2,5,5,5,5,5,5,5,5,5,5,3,3,5,5,5,5,4,4,4,4,4,4,4,4,2,2,2,2,2,2,2,2","0.000822067260742188","leiden","edit-xhwikibooks.graphml"
"0.02","0.28","0.7","0.409811044276875","1,1,1,2,3,2,3,2,2,2,3,3,2,2,2,2,2,3,4,3,5,1,2,2,2,2,2,2,1,2,3,4,3,3,4,4,2,2,5,5,5,5,1,1,1,1,5,1,1,1,5,5,5,5,5,1,1,1,1,5,2,5,5,2,2,5,5,5,5,5,1,5,2,2,5,5,5,5,5,5,5,2,2,2,2,1,5,5,5,5,2,3,4,5,5,5,2,5,5,5,5,5,5,5,5,5,5,3,3,5,5,5,5,4,4,4,4,4,4,4,4,2,2,2,2,2,2,2,2","0.000828981399536133","leiden","edit-xhwikibooks.graphml"
"0.01","0.29","0.7","0.41070563795892","1,1,1,2,3,2,3,2,2,2,3,3,2,2,2,2,2,3,4,3,5,1,2,2,2,2,2,2,1,2,3,4,3,3,4,4,2,2,5,5,5,5,1,1,1,1,5,1,1,1,5,5,5,5,5,1,1,1,1,5,2,5,5,2,2,5,5,5,5,5,1,5,2,2,5,5,5,5,5,5,5,2,2,2,2,1,5,5,5,5,2,3,4,5,5,5,2,5,5,5,5,5,5,5,5,5,5,3,3,5,5,5,5,4,4,4,4,4,4,4,4,2,2,2,2,2,2,2,2","0.000823974609375","leiden","edit-xhwikibooks.graphml"
"0","0.3","0.7","0.412001647808973","1,1,1,1,1,2,3,2,2,2,3,3,2,2,2,2,2,3,4,3,5,1,2,2,2,2,2,2,1,2,3,4,3,3,4,4,2,2,5,5,5,5,1,1,1,1,5,1,1,1,5,5,5,5,5,1,1,1,1,5,2,5,5,2,2,5,5,5,5,5,1,5,2,2,5,5,5,5,5,5,5,2,2,2,2,1,5,5,5,5,2,3,4,5,5,5,2,5,5,5,5,5,5,5,5,5,5,3,3,5,5,5,5,4,4,4,4,4,4,4,4,2,2,2,2,2,2,2,2","0.000805139541625977","leiden","edit-xhwikibooks.graphml"
"0.29","0","0.71","0.40513646578803","1,1,2,2,3,2,3,2,2,2,3,3,2,2,2,2,2,3,4,3,5,1,2,2,2,2,2,2,1,2,3,4,3,3,4,4,2,2,5,5,5,5,1,1,1,1,5,1,1,1,5,5,5,5,5,1,1,1,1,5,2,5,5,2,2,5,5,5,5,5,1,5,2,2,5,5,5,5,5,5,5,2,2,2,2,1,5,5,5,5,2,3,4,5,5,5,2,5,5,5,5,5,5,5,5,5,5,3,3,5,5,5,5,4,4,4,4,4,4,4,4,2,2,2,2,2,2,2,2","0.000845909118652344","leiden","edit-xhwikibooks.graphml"
"0.28","0.01","0.71","0.40513646578803","1,1,2,2,3,2,3,2,2,2,3,3,2,2,2,2,2,3,4,3,5,1,2,2,2,2,2,2,1,2,3,4,3,3,4,4,2,2,5,5,5,5,1,1,1,1,5,1,1,1,5,5,5,5,5,1,1,1,1,5,2,5,5,2,2,5,5,5,5,5,1,5,2,2,5,5,5,5,5,5,5,2,2,2,2,1,5,5,5,5,2,3,4,5,5,5,2,5,5,5,5,5,5,5,5,5,5,3,3,5,5,5,5,4,4,4,4,4,4,4,4,2,2,2,2,2,2,2,2","0.000847101211547852","leiden","edit-xhwikibooks.graphml"
"0.27","0.02","0.71","0.40513646578803","1,1,2,2,3,2,3,2,2,2,3,3,2,2,2,2,2,3,4,3,5,1,2,2,2,2,2,2,1,2,3,4,3,3,4,4,2,2,5,5,5,5,1,1,1,1,5,1,1,1,5,5,5,5,5,1,1,1,1,5,2,5,5,2,2,5,5,5,5,5,1,5,2,2,5,5,5,5,5,5,5,2,2,2,2,1,5,5,5,5,2,3,4,5,5,5,2,5,5,5,5,5,5,5,5,5,5,3,3,5,5,5,5,4,4,4,4,4,4,4,4,2,2,2,2,2,2,2,2","0.00193500518798828","leiden","edit-xhwikibooks.graphml"
"0.26","0.03","0.71","0.404994200631743","1,1,2,2,3,2,3,2,2,2,3,3,2,2,2,2,2,3,4,3,5,1,2,2,2,2,2,2,1,2,3,4,3,3,4,4,2,2,5,5,5,5,1,1,1,1,5,1,1,1,5,5,5,5,5,1,1,1,1,5,2,5,5,2,2,5,5,5,5,5,1,5,2,2,5,5,5,5,5,5,5,2,2,2,2,1,5,5,5,5,2,3,4,5,5,5,2,5,5,5,5,5,5,5,5,5,5,3,3,5,5,5,5,4,4,4,4,4,4,4,4,2,2,2,2,2,2,2,2","0.0015418529510498","leiden","edit-xhwikibooks.graphml"
"0.25","0.04","0.71","0.404994200631743","1,1,2,2,3,2,3,2,2,2,3,3,2,2,2,2,2,3,4,3,5,1,2,2,2,2,2,2,1,2,3,4,3,3,4,4,2,2,5,5,5,5,1,1,1,1,5,1,1,1,5,5,5,5,5,1,1,1,1,5,2,5,5,2,2,5,5,5,5,5,1,5,2,2,5,5,5,5,5,5,5,2,2,2,2,1,5,5,5,5,2,3,4,5,5,5,2,5,5,5,5,5,5,5,5,5,5,3,3,5,5,5,5,4,4,4,4,4,4,4,4,2,2,2,2,2,2,2,2","0.00136804580688477","leiden","edit-xhwikibooks.graphml"
"0.24","0.05","0.71","0.404852026772389","1,1,2,2,3,2,3,2,2,2,3,3,2,2,2,2,2,3,4,3,5,1,2,2,2,2,2,2,1,2,3,4,3,3,4,4,2,2,5,5,5,5,1,1,1,1,5,1,1,1,5,5,5,5,5,1,1,1,1,5,2,5,5,2,2,5,5,5,5,5,1,5,2,2,5,5,5,5,5,5,5,2,2,2,2,1,5,5,5,5,2,3,4,5,5,5,2,5,5,5,5,5,5,5,5,5,5,3,3,5,5,5,5,4,4,4,4,4,4,4,4,2,2,2,2,2,2,2,2","0.00140118598937988","leiden","edit-xhwikibooks.graphml"
"0.23","0.06","0.71","0.404808552178682","1,1,2,2,3,2,3,2,2,2,4,3,2,2,2,2,2,4,4,3,5,1,2,2,2,2,2,2,1,2,4,4,3,3,4,4,2,2,5,5,5,5,1,1,1,1,5,1,1,1,5,5,5,5,5,1,1,1,1,5,2,5,5,2,2,5,5,5,5,5,1,5,2,2,5,5,5,5,5,5,5,2,2,2,2,1,5,5,5,5,2,4,4,5,5,5,2,5,5,5,5,5,5,5,5,5,5,3,3,5,5,5,5,4,4,4,4,4,4,4,4,2,2,2,2,2,2,2,2","0.00142216682434082","leiden","edit-xhwikibooks.graphml"
"0.22","0.07","0.71","0.405170376540639","1,1,2,2,3,2,3,2,2,2,3,3,2,2,2,2,2,3,4,3,5,1,2,2,2,2,2,2,1,2,3,4,3,3,4,4,2,2,5,5,5,5,1,1,1,1,5,1,1,1,5,5,5,5,5,1,1,1,1,5,2,5,5,2,2,5,5,5,5,5,1,5,2,2,5,5,5,5,5,5,5,2,2,2,2,1,5,5,5,5,2,3,4,5,5,5,2,5,5,5,5,5,5,5,5,5,5,3,3,5,5,5,5,4,4,4,4,4,4,4,4,2,2,2,2,2,2,2,2","0.00150918960571289","leiden","edit-xhwikibooks.graphml"
"0.21","0.08","0.71","0.406088240468961","1,1,2,2,3,2,3,2,2,2,3,3,2,2,2,2,2,3,4,3,5,1,2,2,2,2,2,2,1,2,3,4,3,3,4,4,2,2,5,5,5,5,1,1,1,1,5,1,1,1,5,5,5,5,5,1,1,1,1,5,2,5,5,2,2,5,5,5,5,5,1,5,2,2,5,5,5,5,5,5,5,2,2,2,2,1,5,5,5,5,2,3,4,5,5,5,2,5,5,5,5,5,5,5,5,5,5,3,3,5,5,5,5,4,4,4,4,4,4,4,4,2,2,2,2,2,2,2,2","0.000912904739379883","leiden","edit-xhwikibooks.graphml"
"0.2","0.09","0.71","0.406088240468961","1,1,2,2,3,2,3,2,2,2,3,3,2,2,2,2,2,3,4,3,5,1,2,2,2,2,2,2,1,2,3,4,3,3,4,4,2,2,5,5,5,5,1,1,1,1,5,1,1,1,5,5,5,5,5,1,1,1,1,5,2,5,5,2,2,5,5,5,5,5,1,5,2,2,5,5,5,5,5,5,5,2,2,2,2,1,5,5,5,5,2,3,4,5,5,5,2,5,5,5,5,5,5,5,5,5,5,3,3,5,5,5,5,4,4,4,4,4,4,4,4,2,2,2,2,2,2,2,2","0.000825166702270508","leiden","edit-xhwikibooks.graphml"
"0.19","0.1","0.71","0.406548342817948","1,1,2,3,2,3,2,3,3,3,2,2,3,3,3,3,3,2,4,2,5,1,3,3,3,3,3,3,1,3,2,4,2,2,4,4,3,3,5,5,5,5,1,1,1,1,5,1,1,1,5,5,5,5,5,1,1,1,1,5,3,5,5,3,3,5,5,5,5,5,1,5,3,3,5,5,5,5,5,5,5,3,3,3,3,1,5,5,5,5,3,2,4,5,5,5,3,5,5,5,5,5,5,5,5,5,5,2,2,5,5,5,5,4,4,4,4,4,4,4,4,3,3,3,3,3,3,3,3","0.000802993774414062","leiden","edit-xhwikibooks.graphml"
"0.18","0.11","0.71","0.405058958958877","1,1,2,2,3,2,3,2,2,2,3,3,2,2,2,2,2,3,4,3,5,1,2,2,2,2,2,2,1,2,3,4,3,3,4,4,2,2,5,5,5,5,1,1,1,1,5,1,1,1,5,5,5,5,5,1,1,1,1,5,2,5,5,2,2,5,5,5,5,5,1,5,2,2,5,5,5,5,5,5,5,2,2,2,2,1,5,5,5,5,2,3,4,5,5,5,2,5,5,5,5,5,5,5,5,5,5,3,3,5,5,5,5,4,4,4,4,4,4,4,4,2,2,2,2,2,2,2,2","0.000828981399536133","leiden","edit-xhwikibooks.graphml"
"0.17","0.12","0.71","0.405976886585014","1,1,2,3,2,3,2,3,3,3,2,2,3,3,3,3,3,2,4,2,5,1,3,3,3,3,3,3,1,3,2,4,2,2,4,4,3,3,5,5,5,5,1,1,1,1,5,1,1,1,5,5,5,5,5,1,1,1,1,5,3,5,5,3,3,5,5,5,5,5,1,5,3,3,5,5,5,5,5,5,5,3,3,3,3,1,5,5,5,5,3,2,4,5,5,5,3,5,5,5,5,5,5,5,5,5,5,2,2,5,5,5,5,4,4,4,4,4,4,4,4,3,3,3,3,3,3,3,3","0.000824928283691406","leiden","edit-xhwikibooks.graphml"
"0.16","0.13","0.71","0.405834623205902","1,1,2,3,2,3,2,3,3,3,2,2,3,3,3,3,3,2,4,2,5,1,3,3,3,3,3,3,1,3,2,4,2,2,4,4,3,3,5,5,5,5,1,1,1,1,5,1,1,1,5,5,5,5,5,1,1,1,1,5,3,5,5,3,3,5,5,5,5,5,1,5,3,3,5,5,5,5,5,5,5,3,3,3,3,1,5,5,5,5,3,2,4,5,5,5,3,5,5,5,5,5,5,5,5,5,5,2,2,5,5,5,5,4,4,4,4,4,4,4,4,3,3,3,3,3,3,3,3","0.000864028930664062","leiden","edit-xhwikibooks.graphml"
"0.15","0.14","0.71","0.399841740132108","1,1,1,2,3,2,3,2,2,2,3,3,2,2,2,2,2,3,4,3,5,1,2,2,2,2,2,2,1,2,3,4,3,3,4,4,2,2,5,5,5,5,1,1,1,1,5,1,1,1,5,5,5,5,5,1,1,1,1,5,2,5,5,2,2,5,5,5,5,5,1,5,2,2,5,5,5,5,5,5,5,2,2,2,2,1,5,5,5,5,2,3,4,5,5,5,2,5,5,5,5,5,5,5,5,5,5,3,3,5,5,5,5,4,4,4,4,4,4,4,4,2,2,2,2,2,2,2,2","0.00084996223449707","leiden","edit-xhwikibooks.graphml"
"0.14","0.15","0.71","0.400605418442276","1,1,1,2,3,2,3,2,2,2,3,3,2,2,2,2,2,3,4,3,5,1,2,2,2,2,2,2,1,2,3,4,3,3,4,4,2,2,5,5,5,5,1,1,1,1,5,1,1,1,5,5,5,5,5,1,1,1,1,5,2,5,5,2,2,5,5,5,5,5,1,5,2,2,5,5,5,5,5,5,5,2,2,2,2,1,5,5,5,5,2,3,4,5,5,5,2,5,5,5,5,5,5,5,5,5,5,3,3,5,5,5,5,4,4,4,4,4,4,4,4,2,2,2,2,2,2,2,2","0.000864028930664062","leiden","edit-xhwikibooks.graphml"
"0.13","0.16","0.71","0.401067519838796","1,1,1,2,3,2,3,2,2,2,3,3,2,2,2,2,2,3,4,3,5,1,2,2,2,2,2,2,1,2,3,4,3,3,4,4,2,2,5,5,5,5,1,1,1,1,5,1,1,1,5,5,5,5,5,1,1,1,1,5,2,5,5,2,2,5,5,5,5,5,1,5,2,2,5,5,5,5,5,5,5,2,2,2,2,1,5,5,5,5,2,3,4,5,5,5,2,5,5,5,5,5,5,5,5,5,5,3,3,5,5,5,5,4,4,4,4,4,4,4,4,2,2,2,2,2,2,2,2","0.000854015350341797","leiden","edit-xhwikibooks.graphml"
"0.12","0.17","0.71","0.401389872555967","1,1,1,2,3,2,3,2,2,2,3,3,2,2,2,2,2,3,4,3,5,1,2,2,2,2,2,2,1,2,3,4,3,3,4,4,2,2,5,5,5,5,1,1,1,1,5,1,1,1,5,5,5,5,5,1,1,1,1,5,2,5,5,2,2,5,5,5,5,5,1,5,2,2,5,5,5,5,5,5,5,2,2,2,2,1,5,5,5,5,2,3,4,5,5,5,2,5,5,5,5,5,5,5,5,5,5,3,3,5,5,5,5,4,4,4,4,4,4,4,4,2,2,2,2,2,2,2,2","0.000874042510986328","leiden","edit-xhwikibooks.graphml"
"0.11","0.18","0.71","0.401389872555967","1,1,1,2,3,2,3,2,2,2,3,3,2,2,2,2,2,3,4,3,5,1,2,2,2,2,2,2,1,2,3,4,3,3,4,4,2,2,5,5,5,5,1,1,1,1,5,1,1,1,5,5,5,5,5,1,1,1,1,5,2,5,5,2,2,5,5,5,5,5,1,5,2,2,5,5,5,5,5,5,5,2,2,2,2,1,5,5,5,5,2,3,4,5,5,5,2,5,5,5,5,5,5,5,5,5,5,3,3,5,5,5,5,4,4,4,4,4,4,4,4,2,2,2,2,2,2,2,2","0.000880002975463867","leiden","edit-xhwikibooks.graphml"
"0.1","0.19","0.71","0.401248328453779","1,1,1,2,3,2,3,2,2,2,3,3,2,2,2,2,2,3,4,3,5,1,2,2,2,2,2,2,1,2,3,4,3,3,4,4,2,2,5,5,5,5,1,1,1,1,5,1,1,1,5,5,5,5,5,1,1,1,1,5,2,5,5,2,2,5,5,5,5,5,1,5,2,2,5,5,5,5,5,5,5,2,2,2,2,1,5,5,5,5,2,3,4,5,5,5,2,5,5,5,5,5,5,5,5,5,5,3,3,5,5,5,5,4,4,4,4,4,4,4,4,2,2,2,2,2,2,2,2","0.00102519989013672","leiden","edit-xhwikibooks.graphml"
"0.09","0.2","0.71","0.4021212257206","1,1,1,2,3,2,3,2,2,2,3,3,2,2,2,2,2,3,4,3,5,1,2,2,2,2,2,2,1,2,3,4,3,3,4,4,2,2,5,5,5,5,1,1,1,1,5,1,1,1,5,5,5,5,5,1,1,1,1,5,2,5,5,2,2,5,5,5,5,5,1,5,2,2,5,5,5,5,5,5,5,2,2,2,2,1,5,5,5,5,2,3,4,5,5,5,2,5,5,5,5,5,5,5,5,5,5,3,3,5,5,5,5,4,4,4,4,4,4,4,4,2,2,2,2,2,2,2,2","0.00082087516784668","leiden","edit-xhwikibooks.graphml"
"0.08","0.21","0.71","0.401979730667777","1,1,1,2,3,2,3,2,2,2,3,3,2,2,2,2,2,3,4,3,5,1,2,2,2,2,2,2,1,2,3,4,3,3,4,4,2,2,5,5,5,5,1,1,1,1,5,1,1,1,5,5,5,5,5,1,1,1,1,5,2,5,5,2,2,5,5,5,5,5,1,5,2,2,5,5,5,5,5,5,5,2,2,2,2,1,5,5,5,5,2,3,4,5,5,5,2,5,5,5,5,5,5,5,5,5,5,3,3,5,5,5,5,4,4,4,4,4,4,4,4,2,2,2,2,2,2,2,2","0.000801801681518555","leiden","edit-xhwikibooks.graphml"
"0.07","0.22","0.71","0.402274181409152","1,1,1,2,3,2,3,2,2,2,3,3,2,2,2,2,2,3,4,3,5,1,2,2,2,2,2,2,1,2,3,4,3,3,4,4,2,2,5,5,5,5,1,1,1,1,5,1,1,1,5,5,5,5,5,1,1,1,1,5,2,5,5,2,2,5,5,5,5,5,1,5,2,2,5,5,5,5,5,5,5,2,2,2,2,1,5,5,5,5,2,3,4,5,5,5,2,5,5,5,5,5,5,5,5,5,5,3,3,5,5,5,5,4,4,4,4,4,4,4,4,2,2,2,2,2,2,2,2","0.000835895538330078","leiden","edit-xhwikibooks.graphml"
"0.06","0.23","0.71","0.403028814894488","1,1,1,2,3,2,3,2,2,2,3,3,2,2,2,2,2,3,4,3,5,1,2,2,2,2,2,2,1,2,3,4,3,3,4,4,2,2,5,5,5,5,1,1,1,1,5,1,1,1,5,5,5,5,5,1,1,1,1,5,2,5,5,2,2,5,5,5,5,5,1,5,2,2,5,5,5,5,5,5,5,2,2,2,2,1,5,5,5,5,2,3,4,5,5,5,2,5,5,5,5,5,5,5,5,5,5,3,3,5,5,5,5,4,4,4,4,4,4,4,4,2,2,2,2,2,2,2,2","0.000839948654174805","leiden","edit-xhwikibooks.graphml"
"0.05","0.24","0.71","0.403487175258612","1,1,1,2,3,2,3,2,2,2,3,3,2,2,2,2,2,3,4,3,5,1,2,2,2,2,2,2,1,2,3,4,3,3,4,4,2,2,5,5,5,5,1,1,1,1,5,1,1,1,5,5,5,5,5,1,1,1,1,5,2,5,5,2,2,5,5,5,5,5,1,5,2,2,5,5,5,5,5,5,5,2,2,2,2,1,5,5,5,5,2,3,4,5,5,5,2,5,5,5,5,5,5,5,5,5,5,3,3,5,5,5,5,4,4,4,4,4,4,4,4,2,2,2,2,2,2,2,2","0.000864028930664062","leiden","edit-xhwikibooks.graphml"
"0.04","0.25","0.71","0.404641561399435","1,1,1,2,3,2,3,2,2,2,3,3,2,2,2,2,2,3,4,3,5,1,2,2,2,2,2,2,1,2,3,4,3,3,4,4,2,2,5,5,5,5,1,1,1,1,5,1,1,1,5,5,5,5,5,1,1,1,1,5,2,5,5,2,2,5,5,5,5,5,1,5,2,2,5,5,5,5,5,5,5,2,2,2,2,1,5,5,5,5,2,3,4,5,5,5,2,5,5,5,5,5,5,5,5,5,5,3,3,5,5,5,5,4,4,4,4,4,4,4,4,2,2,2,2,2,2,2,2","0.000844955444335938","leiden","edit-xhwikibooks.graphml"
"0.03","0.26","0.71","0.405097206275451","1,1,1,2,3,2,3,2,2,2,3,3,2,2,2,2,2,3,4,3,5,1,2,2,2,2,2,2,1,2,3,4,3,3,4,4,2,2,5,5,5,5,1,1,1,1,5,1,1,1,5,5,5,5,5,1,1,1,1,5,2,5,5,2,2,5,5,5,5,5,1,5,2,2,5,5,5,5,5,5,5,2,2,2,2,1,5,5,5,5,2,3,4,5,5,5,2,5,5,5,5,5,5,5,5,5,5,3,3,5,5,5,5,4,4,4,4,4,4,4,4,2,2,2,2,2,2,2,2","0.000892162322998047","leiden","edit-xhwikibooks.graphml"
"0.02","0.27","0.71","0.403802850064495","1,1,1,2,3,2,3,2,2,2,3,3,2,2,2,2,2,3,4,3,5,1,2,2,2,2,2,2,1,2,3,4,3,3,4,4,2,2,5,5,5,5,1,1,1,1,5,1,1,1,5,5,5,5,5,1,1,1,1,5,2,5,5,2,2,5,5,5,5,5,1,5,2,2,5,5,5,5,5,5,5,2,2,2,2,1,5,5,5,5,2,3,4,5,5,5,2,5,5,5,5,5,5,5,5,5,5,3,3,5,5,5,5,4,4,4,4,4,4,4,4,2,2,2,2,2,2,2,2","0.000854015350341797","leiden","edit-xhwikibooks.graphml"
"0.01","0.28","0.71","0.403661250509101","1,1,1,2,3,2,3,2,2,2,3,3,2,2,2,2,2,3,4,3,5,1,2,2,2,2,2,2,1,2,3,4,3,3,4,4,2,2,5,5,5,5,1,1,1,1,5,1,1,1,5,5,5,5,5,1,1,1,1,5,2,5,5,2,2,5,5,5,5,5,1,5,2,2,5,5,5,5,5,5,5,2,2,2,2,1,5,5,5,5,2,3,4,5,5,5,2,5,5,5,5,5,5,5,5,5,5,3,3,5,5,5,5,4,4,4,4,4,4,4,4,2,2,2,2,2,2,2,2","0.000849008560180664","leiden","edit-xhwikibooks.graphml"
"0","0.29","0.71","0.406007730703677","1,1,1,1,1,2,3,2,2,2,3,3,2,2,2,2,2,3,4,3,5,1,2,2,2,2,2,2,1,2,3,4,3,3,4,4,2,2,5,5,5,5,1,1,1,1,5,1,1,1,5,5,5,5,5,1,1,1,1,5,2,5,5,2,2,5,5,5,5,5,1,5,2,2,5,5,5,5,5,5,5,2,2,2,2,1,5,5,5,5,2,3,4,5,5,5,2,5,5,5,5,5,5,5,5,5,5,3,3,5,5,5,5,4,4,4,4,4,4,4,4,2,2,2,2,2,2,2,2","0.000845909118652344","leiden","edit-xhwikibooks.graphml"
"0.28","0","0.72","0.40956150325857","1,1,2,2,3,2,3,2,2,2,3,3,2,2,2,2,2,3,4,3,5,1,2,2,2,2,2,2,1,2,3,4,3,3,4,4,2,2,5,5,5,5,1,1,1,1,5,1,1,1,5,5,5,5,5,1,1,1,1,5,2,5,5,2,2,5,5,5,5,5,1,5,2,2,5,5,5,5,5,5,5,2,2,2,2,1,5,5,5,5,2,3,4,5,5,5,2,5,5,5,5,5,5,5,5,5,5,3,3,5,5,5,5,4,4,4,4,4,4,4,4,2,2,2,2,2,2,2,2","0.00101900100708008","leiden","edit-xhwikibooks.graphml"
"0.27","0.01","0.72","0.40956150325857","1,1,2,2,3,2,3,2,2,2,3,3,2,2,2,2,2,3,4,3,5,1,2,2,2,2,2,2,1,2,3,4,3,3,4,4,2,2,5,5,5,5,1,1,1,1,5,1,1,1,5,5,5,5,5,1,1,1,1,5,2,5,5,2,2,5,5,5,5,5,1,5,2,2,5,5,5,5,5,5,5,2,2,2,2,1,5,5,5,5,2,3,4,5,5,5,2,5,5,5,5,5,5,5,5,5,5,3,3,5,5,5,5,4,4,4,4,4,4,4,4,2,2,2,2,2,2,2,2","0.000828981399536133","leiden","edit-xhwikibooks.graphml"
"0.26","0.02","0.72","0.40956150325857","1,1,2,2,3,2,3,2,2,2,3,3,2,2,2,2,2,3,4,3,5,1,2,2,2,2,2,2,1,2,3,4,3,3,4,4,2,2,5,5,5,5,1,1,1,1,5,1,1,1,5,5,5,5,5,1,1,1,1,5,2,5,5,2,2,5,5,5,5,5,1,5,2,2,5,5,5,5,5,5,5,2,2,2,2,1,5,5,5,5,2,3,4,5,5,5,2,5,5,5,5,5,5,5,5,5,5,3,3,5,5,5,5,4,4,4,4,4,4,4,4,2,2,2,2,2,2,2,2","0.000828027725219727","leiden","edit-xhwikibooks.graphml"
"0.25","0.03","0.72","0.409419118714559","1,1,2,2,3,2,3,2,2,2,3,3,2,2,2,2,2,3,4,3,5,1,2,2,2,2,2,2,1,2,3,4,3,3,4,4,2,2,5,5,5,5,1,1,1,1,5,1,1,1,5,5,5,5,5,1,1,1,1,5,2,5,5,2,2,5,5,5,5,5,1,5,2,2,5,5,5,5,5,5,5,2,2,2,2,1,5,5,5,5,2,3,4,5,5,5,2,5,5,5,5,5,5,5,5,5,5,3,3,5,5,5,5,4,4,4,4,4,4,4,4,2,2,2,2,2,2,2,2","0.000862836837768555","leiden","edit-xhwikibooks.graphml"
"0.24","0.04","0.72","0.408618484741501","1,1,2,2,3,2,3,2,2,2,3,3,2,2,2,2,2,3,3,3,4,1,2,2,2,2,2,2,1,2,3,3,3,3,3,3,2,2,4,4,4,4,1,1,1,1,4,1,1,1,4,4,4,4,4,1,1,1,1,4,2,4,4,2,2,4,4,4,4,4,1,4,2,2,4,4,4,4,4,4,4,2,2,2,2,1,4,4,4,4,2,3,3,4,4,4,2,4,4,4,4,4,4,4,4,4,4,3,3,4,4,4,4,3,3,3,3,3,3,3,3,2,2,2,2,2,2,2,2","0.000839948654174805","leiden","edit-xhwikibooks.graphml"
"0.23","0.05","0.72","0.408020208431441","1,1,2,2,3,2,3,2,2,2,3,3,2,2,2,2,2,3,4,3,5,1,2,2,2,2,2,2,1,2,3,4,3,3,4,4,2,2,5,5,5,5,1,1,1,1,5,1,1,1,5,5,5,5,5,1,1,1,1,5,2,5,5,2,2,5,5,5,5,5,1,5,2,2,5,5,5,5,5,5,5,2,2,2,2,1,5,5,5,5,2,3,4,5,5,5,2,5,5,5,5,5,5,5,5,5,5,3,3,5,5,5,5,4,4,4,4,4,4,4,4,2,2,2,2,2,2,2,2","0.00085902214050293","leiden","edit-xhwikibooks.graphml"
"0.22","0.06","0.72","0.408476612865118","1,1,2,2,3,2,3,2,2,2,3,3,2,2,2,2,2,3,4,3,5,1,2,2,2,2,2,2,1,2,3,4,3,3,4,4,2,2,5,5,5,5,1,1,1,1,5,1,1,1,5,5,5,5,5,1,1,1,1,5,2,5,5,2,2,5,5,5,5,5,1,5,2,2,5,5,5,5,5,5,5,2,2,2,2,1,5,5,5,5,2,3,4,5,5,5,2,5,5,5,5,5,5,5,5,5,5,3,3,5,5,5,5,4,4,4,4,4,4,4,4,2,2,2,2,2,2,2,2","0.000844955444335938","leiden","edit-xhwikibooks.graphml"
"0.21","0.07","0.72","0.408789597026485","1,1,2,2,3,2,3,2,2,2,3,3,2,2,2,2,2,3,4,3,5,1,2,2,2,2,2,2,1,2,3,4,3,3,4,4,2,2,5,5,5,5,1,1,1,1,5,1,1,1,5,5,5,5,5,1,1,1,1,5,2,5,5,2,2,5,5,5,5,5,1,5,2,2,5,5,5,5,5,5,5,2,2,2,2,1,5,5,5,5,2,3,4,5,5,5,2,5,5,5,5,5,5,5,5,5,5,3,3,5,5,5,5,4,4,4,4,4,4,4,4,2,2,2,2,2,2,2,2","0.000854015350341797","leiden","edit-xhwikibooks.graphml"
"0.2","0.08","0.72","0.406088240468961","1,1,2,2,3,2,3,2,2,2,3,3,2,2,2,2,2,3,4,3,5,1,2,2,2,2,2,2,1,2,3,4,3,3,4,4,2,2,5,5,5,5,1,1,1,1,5,1,1,1,5,5,5,5,5,1,1,1,1,5,2,5,5,2,2,5,5,5,5,5,1,5,2,2,5,5,5,5,5,5,5,2,2,2,2,1,5,5,5,5,2,3,4,5,5,5,2,5,5,5,5,5,5,5,5,5,5,3,3,5,5,5,5,4,4,4,4,4,4,4,4,2,2,2,2,2,2,2,2","0.000857114791870117","leiden","edit-xhwikibooks.graphml"
"0.19","0.09","0.72","0.405946119020426","1,1,2,2,3,2,3,2,2,2,3,3,2,2,2,2,2,3,4,3,5,1,2,2,2,2,2,2,1,2,3,4,3,3,4,4,2,2,5,5,5,5,1,1,1,1,5,1,1,1,5,5,5,5,5,1,1,1,1,5,2,5,5,2,2,5,5,5,5,5,1,5,2,2,5,5,5,5,5,5,5,2,2,2,2,1,5,5,5,5,2,3,4,5,5,5,2,5,5,5,5,5,5,5,5,5,5,3,3,5,5,5,5,4,4,4,4,4,4,4,4,2,2,2,2,2,2,2,2","0.00083613395690918","leiden","edit-xhwikibooks.graphml"
"0.18","0.1","0.72","0.406405972029729","1,1,2,3,2,3,2,3,3,3,2,2,3,3,3,3,3,2,4,2,5,1,3,3,3,3,3,3,1,3,2,4,2,2,4,4,3,3,5,5,5,5,1,1,1,1,5,1,1,1,5,5,5,5,5,1,1,1,1,5,3,5,5,3,3,5,5,5,5,5,1,5,3,3,5,5,5,5,5,5,5,3,3,3,3,1,5,5,5,5,3,2,4,5,5,5,3,5,5,5,5,5,5,5,5,5,5,2,2,5,5,5,5,4,4,4,4,4,4,4,4,3,3,3,3,3,3,3,3","0.000861167907714844","leiden","edit-xhwikibooks.graphml"
"0.17","0.11","0.72","0.406263692389591","1,1,2,3,2,3,2,3,3,3,2,2,3,3,3,3,3,2,4,2,5,1,3,3,3,3,3,3,1,3,2,4,2,2,4,4,3,3,5,5,5,5,1,1,1,1,5,1,1,1,5,5,5,5,5,1,1,1,1,5,3,5,5,3,3,5,5,5,5,5,1,5,3,3,5,5,5,5,5,5,5,3,3,3,3,1,5,5,5,5,3,2,4,5,5,5,3,5,5,5,5,5,5,5,5,5,5,2,2,5,5,5,5,4,4,4,4,4,4,4,4,3,3,3,3,3,3,3,3","0.000819921493530273","leiden","edit-xhwikibooks.graphml"
"0.16","0.12","0.72","0.407148232229921","1,1,2,3,2,3,2,3,3,3,2,2,3,3,3,3,3,2,4,2,5,1,3,3,3,3,3,3,1,3,2,4,2,2,4,4,3,3,5,5,5,5,1,1,1,1,5,1,1,1,5,5,5,5,5,1,1,1,1,5,3,5,5,3,3,5,5,5,5,5,1,5,3,3,5,5,5,5,5,5,5,3,3,3,3,1,5,5,5,5,3,2,4,5,5,5,3,5,5,5,5,5,5,5,5,5,5,2,2,5,5,5,5,4,4,4,4,4,4,4,4,3,3,3,3,3,3,3,3","0.000963926315307617","leiden","edit-xhwikibooks.graphml"
"0.15","0.13","0.72","0.407005986275488","1,1,2,3,2,3,2,3,3,3,2,2,3,3,3,3,3,2,4,2,5,1,3,3,3,3,3,3,1,3,2,4,2,2,4,4,3,3,5,5,5,5,1,1,1,1,5,1,1,1,5,5,5,5,5,1,1,1,1,5,3,5,5,3,3,5,5,5,5,5,1,5,3,3,5,5,5,5,5,5,5,3,3,3,3,1,5,5,5,5,3,2,4,5,5,5,3,5,5,5,5,5,5,5,5,5,5,2,2,5,5,5,5,4,4,4,4,4,4,4,4,3,3,3,3,3,3,3,3","0.000857114791870117","leiden","edit-xhwikibooks.graphml"
"0.14","0.14","0.72","0.407005986275488","1,1,2,3,2,3,2,3,3,3,2,2,3,3,3,3,3,2,4,2,5,1,3,3,3,3,3,3,1,3,2,4,2,2,4,4,3,3,5,5,5,5,1,1,1,1,5,1,1,1,5,5,5,5,5,1,1,1,1,5,3,5,5,3,3,5,5,5,5,5,1,5,3,3,5,5,5,5,5,5,5,3,3,3,3,1,5,5,5,5,3,2,4,5,5,5,3,5,5,5,5,5,5,5,5,5,5,2,2,5,5,5,5,4,4,4,4,4,4,4,4,3,3,3,3,3,3,3,3","0.000876188278198242","leiden","edit-xhwikibooks.graphml"
"0.13","0.15","0.72","0.407745217746875","1,1,2,3,2,3,2,3,3,3,2,2,3,3,3,3,3,2,4,2,5,1,3,3,3,3,3,3,1,3,2,4,2,2,4,4,3,3,5,5,5,5,1,1,1,1,5,1,1,1,5,5,5,5,5,1,1,1,1,5,3,5,5,3,3,5,5,5,5,5,1,5,3,3,5,5,5,5,5,5,5,3,3,3,3,1,5,5,5,5,3,2,4,5,5,5,3,5,5,5,5,5,5,5,5,5,5,2,2,5,5,5,5,4,4,4,4,4,4,4,4,3,3,3,3,3,3,3,3","0.000887155532836914","leiden","edit-xhwikibooks.graphml"
"0.12","0.16","0.72","0.408199424262714","1,1,2,3,2,3,2,3,3,3,2,2,3,3,3,3,3,2,4,2,5,1,3,3,3,3,3,3,1,3,2,4,2,2,4,4,3,3,5,5,5,5,1,1,1,1,5,1,1,1,5,5,5,5,5,1,1,1,1,5,3,5,5,3,3,5,5,5,5,5,1,5,3,3,5,5,5,5,5,5,5,3,3,3,3,1,5,5,5,5,3,2,4,5,5,5,3,5,5,5,5,5,5,5,5,5,5,2,2,5,5,5,5,4,4,4,4,4,4,4,4,3,3,3,3,3,3,3,3","0.000864982604980469","leiden","edit-xhwikibooks.graphml"
"0.11","0.17","0.72","0.402582977257419","1,1,1,2,3,2,3,2,2,2,3,3,2,2,2,2,2,3,4,3,5,1,2,2,2,2,2,2,1,2,3,4,3,3,4,4,2,2,5,5,5,5,1,1,1,1,5,1,1,1,5,5,5,5,5,1,1,1,1,5,2,5,5,2,2,5,5,5,5,5,1,5,2,2,5,5,5,5,5,5,5,2,2,2,2,1,5,5,5,5,2,3,4,5,5,5,2,5,5,5,5,5,5,5,5,5,5,3,3,5,5,5,5,4,4,4,4,4,4,4,4,2,2,2,2,2,2,2,2","0.000897884368896484","leiden","edit-xhwikibooks.graphml"
"0.1","0.18","0.72","0.402582977257419","1,1,1,2,3,2,3,2,2,2,3,3,2,2,2,2,2,3,4,3,5,1,2,2,2,2,2,2,1,2,3,4,3,3,4,4,2,2,5,5,5,5,1,1,1,1,5,1,1,1,5,5,5,5,5,1,1,1,1,5,2,5,5,2,2,5,5,5,5,5,1,5,2,2,5,5,5,5,5,5,5,2,2,2,2,1,5,5,5,5,2,3,4,5,5,5,2,5,5,5,5,5,5,5,5,5,5,3,3,5,5,5,5,4,4,4,4,4,4,4,4,2,2,2,2,2,2,2,2","0.000884056091308594","leiden","edit-xhwikibooks.graphml"
"0.09","0.19","0.72","0.402441437635263","1,1,1,2,3,2,3,2,2,2,3,3,2,2,2,2,2,3,4,3,5,1,2,2,2,2,2,2,1,2,3,4,3,3,4,4,2,2,5,5,5,5,1,1,1,1,5,1,1,1,5,5,5,5,5,1,1,1,1,5,2,5,5,2,2,5,5,5,5,5,1,5,2,2,5,5,5,5,5,5,5,2,2,2,2,1,5,5,5,5,2,3,4,5,5,5,2,5,5,5,5,5,5,5,5,5,5,3,3,5,5,5,5,4,4,4,4,4,4,4,4,2,2,2,2,2,2,2,2","0.000861167907714844","leiden","edit-xhwikibooks.graphml"
"0.08","0.2","0.72","0.403309338735297","1,1,1,2,3,2,3,2,2,2,3,3,2,2,2,2,2,3,4,3,5,1,2,2,2,2,2,2,1,2,3,4,3,3,4,4,2,2,5,5,5,5,1,1,1,1,5,1,1,1,5,5,5,5,5,1,1,1,1,5,2,5,5,2,2,5,5,5,5,5,1,5,2,2,5,5,5,5,5,5,5,2,2,2,2,1,5,5,5,5,2,3,4,5,5,5,2,5,5,5,5,5,5,5,5,5,5,3,3,5,5,5,5,4,4,4,4,4,4,4,4,2,2,2,2,2,2,2,2","0.000884056091308594","leiden","edit-xhwikibooks.graphml"
"0.07","0.21","0.72","0.401838326857684","1,1,1,2,3,2,3,2,2,2,3,3,2,2,2,2,2,3,4,3,5,1,2,2,2,2,2,2,1,2,3,4,3,3,4,4,2,2,5,5,5,5,1,1,1,1,5,1,1,1,5,5,5,5,5,1,1,1,1,5,2,5,5,2,2,5,5,5,5,5,1,5,2,2,5,5,5,5,5,5,5,2,2,2,2,1,5,5,5,5,2,3,4,5,5,5,2,5,5,5,5,5,5,5,5,5,5,3,3,5,5,5,5,4,4,4,4,4,4,4,4,2,2,2,2,2,2,2,2","0.00111889839172363","leiden","edit-xhwikibooks.graphml"
"0.06","0.22","0.72","0.401838326857684","1,1,1,2,3,2,3,2,2,2,3,3,2,2,2,2,2,3,4,3,5,1,2,2,2,2,2,2,1,2,3,4,3,3,4,4,2,2,5,5,5,5,1,1,1,1,5,1,1,1,5,5,5,5,5,1,1,1,1,5,2,5,5,2,2,5,5,5,5,5,1,5,2,2,5,5,5,5,5,5,5,2,2,2,2,1,5,5,5,5,2,3,4,5,5,5,2,5,5,5,5,5,5,5,5,5,5,3,3,5,5,5,5,4,4,4,4,4,4,4,4,2,2,2,2,2,2,2,2","0.000848054885864258","leiden","edit-xhwikibooks.graphml"
"0.05","0.23","0.72","0.402593017863258","1,1,1,2,3,2,3,2,2,2,3,3,2,2,2,2,2,3,4,3,5,1,2,2,2,2,2,2,1,2,3,4,3,3,4,4,2,2,5,5,5,5,1,1,1,1,5,1,1,1,5,5,5,5,5,1,1,1,1,5,2,5,5,2,2,5,5,5,5,5,1,5,2,2,5,5,5,5,5,5,5,2,2,2,2,1,5,5,5,5,2,3,4,5,5,5,2,5,5,5,5,5,5,5,5,5,5,3,3,5,5,5,5,4,4,4,4,4,4,4,4,2,2,2,2,2,2,2,2","0.000915050506591797","leiden","edit-xhwikibooks.graphml"
"0.04","0.24","0.72","0.40267654224934","1,1,1,2,1,2,3,2,2,2,3,3,2,2,2,2,2,3,3,3,4,1,2,2,2,2,2,2,1,2,3,3,3,3,3,3,2,2,4,4,4,4,1,1,1,1,4,1,1,1,4,4,4,4,4,1,1,1,1,4,2,4,4,2,2,4,4,4,4,4,1,4,2,2,4,4,4,4,4,4,4,2,2,2,2,1,4,4,4,4,2,3,3,4,4,4,2,4,4,4,4,4,4,4,4,4,4,3,3,4,4,4,4,3,3,3,3,3,3,3,3,2,2,2,2,2,2,2,2","0.000825166702270508","leiden","edit-xhwikibooks.graphml"
"0.03","0.25","0.72","0.404205417769324","1,1,1,2,3,2,3,2,2,2,3,3,2,2,2,2,2,3,4,3,5,1,2,2,2,2,2,2,1,2,3,4,3,3,4,4,2,2,5,5,5,5,1,1,1,1,5,1,1,1,5,5,5,5,5,1,1,1,1,5,2,5,5,2,2,5,5,5,5,5,1,5,2,2,5,5,5,5,5,5,5,2,2,2,2,1,5,5,5,5,2,3,4,5,5,5,2,5,5,5,5,5,5,5,5,5,5,3,3,5,5,5,5,4,4,4,4,4,4,4,4,2,2,2,2,2,2,2,2","0.000856876373291016","leiden","edit-xhwikibooks.graphml"
"0.02","0.26","0.72","0.404660711646938","1,1,1,2,3,2,3,2,2,2,3,3,2,2,2,2,2,3,4,3,5,1,2,2,2,2,2,2,1,2,3,4,3,3,4,4,2,2,5,5,5,5,1,1,1,1,5,1,1,1,5,5,5,5,5,1,1,1,1,5,2,5,5,2,2,5,5,5,5,5,1,5,2,2,5,5,5,5,5,5,5,2,2,2,2,1,5,5,5,5,2,3,4,5,5,5,2,5,5,5,5,5,5,5,5,5,5,3,3,5,5,5,5,4,4,4,4,4,4,4,4,2,2,2,2,2,2,2,2","0.000848054885864258","leiden","edit-xhwikibooks.graphml"
"0.01","0.27","0.72","0.404660711646938","1,1,1,2,3,2,3,2,2,2,3,3,2,2,2,2,2,3,4,3,5,1,2,2,2,2,2,2,1,2,3,4,3,3,4,4,2,2,5,5,5,5,1,1,1,1,5,1,1,1,5,5,5,5,5,1,1,1,1,5,2,5,5,2,2,5,5,5,5,5,1,5,2,2,5,5,5,5,5,5,5,2,2,2,2,1,5,5,5,5,2,3,4,5,5,5,2,5,5,5,5,5,5,5,5,5,5,3,3,5,5,5,5,4,4,4,4,4,4,4,4,2,2,2,2,2,2,2,2","0.000853061676025391","leiden","edit-xhwikibooks.graphml"
"0","0.28","0.72","0.405972990425011","1,1,1,1,1,2,3,2,2,2,3,3,2,2,2,2,2,3,4,3,5,1,2,2,2,2,2,2,1,2,3,4,3,3,4,4,2,2,5,5,5,5,1,1,1,1,5,1,1,1,5,5,5,5,5,1,1,1,1,5,2,5,5,2,2,5,5,5,5,5,1,5,2,2,5,5,5,5,5,5,5,2,2,2,2,1,5,5,5,5,2,3,4,5,5,5,2,5,5,5,5,5,5,5,5,5,5,3,3,5,5,5,5,4,4,4,4,4,4,4,4,2,2,2,2,2,2,2,2","0.000896930694580078","leiden","edit-xhwikibooks.graphml"
"0.27","0","0.73","0.403100591711346","1,1,2,2,3,2,3,2,2,2,3,3,2,2,2,2,2,3,4,3,5,1,2,2,2,2,2,2,1,2,3,4,3,3,4,4,2,2,5,5,5,5,1,1,1,1,5,1,1,1,5,5,5,5,5,1,1,1,1,5,2,5,5,2,2,5,5,5,5,5,1,5,2,2,5,5,5,5,5,5,5,2,2,2,2,1,5,5,5,5,2,3,4,5,5,5,2,5,5,5,5,5,5,5,5,5,5,3,3,5,5,5,5,4,4,4,4,4,4,4,4,2,2,2,2,2,2,2,2","0.000861883163452148","leiden","edit-xhwikibooks.graphml"
"0.26","0.01","0.73","0.403100591711346","1,1,2,2,3,2,3,2,2,2,3,3,2,2,2,2,2,3,4,3,5,1,2,2,2,2,2,2,1,2,3,4,3,3,4,4,2,2,5,5,5,5,1,1,1,1,5,1,1,1,5,5,5,5,5,1,1,1,1,5,2,5,5,2,2,5,5,5,5,5,1,5,2,2,5,5,5,5,5,5,5,2,2,2,2,1,5,5,5,5,2,3,4,5,5,5,2,5,5,5,5,5,5,5,5,5,5,3,3,5,5,5,5,4,4,4,4,4,4,4,4,2,2,2,2,2,2,2,2","0.000932931900024414","leiden","edit-xhwikibooks.graphml"
"0.25","0.02","0.73","0.403100591711346","1,1,2,2,3,2,3,2,2,2,3,3,2,2,2,2,2,3,4,3,5,1,2,2,2,2,2,2,1,2,3,4,3,3,4,4,2,2,5,5,5,5,1,1,1,1,5,1,1,1,5,5,5,5,5,1,1,1,1,5,2,5,5,2,2,5,5,5,5,5,1,5,2,2,5,5,5,5,5,5,5,2,2,2,2,1,5,5,5,5,2,3,4,5,5,5,2,5,5,5,5,5,5,5,5,5,5,3,3,5,5,5,5,4,4,4,4,4,4,4,4,2,2,2,2,2,2,2,2","0.000986814498901367","leiden","edit-xhwikibooks.graphml"
"0.24","0.03","0.73","0.402962566870003","1,1,2,2,3,2,3,2,2,2,3,3,2,2,2,2,2,3,4,3,5,1,2,2,2,2,2,2,1,2,3,4,3,3,4,4,2,2,5,5,5,5,1,1,1,1,5,1,1,1,5,5,5,5,5,1,1,1,1,5,2,5,5,2,2,5,5,5,5,5,1,5,2,2,5,5,5,5,5,5,5,2,2,2,2,1,5,5,5,5,2,3,4,5,5,5,2,5,5,5,5,5,5,5,5,5,5,3,3,5,5,5,5,4,4,4,4,4,4,4,4,2,2,2,2,2,2,2,2","0.00104713439941406","leiden","edit-xhwikibooks.graphml"
"0.23","0.04","0.73","0.40313228110211","1,1,2,2,3,2,3,2,2,2,3,3,2,2,2,2,2,3,4,3,5,1,2,2,2,2,2,2,1,2,3,4,3,3,4,4,2,2,5,5,5,5,1,1,1,1,5,1,1,1,5,5,5,5,5,1,1,1,1,5,2,5,5,2,2,5,5,5,5,5,1,5,2,2,5,5,5,5,5,5,5,2,2,2,2,1,5,5,5,5,2,3,4,5,5,5,2,5,5,5,5,5,5,5,5,5,5,3,3,5,5,5,5,4,4,4,4,4,4,4,4,2,2,2,2,2,2,2,2","0.00120115280151367","leiden","edit-xhwikibooks.graphml"
"0.22","0.05","0.73","0.402994228248047","1,1,2,2,3,2,3,2,2,2,3,3,2,2,2,2,2,3,4,3,5,1,2,2,2,2,2,2,1,2,3,4,3,3,4,4,2,2,5,5,5,5,1,1,1,1,5,1,1,1,5,5,5,5,5,1,1,1,1,5,2,5,5,2,2,5,5,5,5,5,1,5,2,2,5,5,5,5,5,5,5,2,2,2,2,1,5,5,5,5,2,3,4,5,5,5,2,5,5,5,5,5,5,5,5,5,5,3,3,5,5,5,5,4,4,4,4,4,4,4,4,2,2,2,2,2,2,2,2","0.0010230541229248","leiden","edit-xhwikibooks.graphml"
"0.21","0.06","0.73","0.403445189955653","1,1,2,2,3,2,3,2,2,2,3,3,2,2,2,2,2,3,4,3,5,1,2,2,2,2,2,2,1,2,3,4,3,3,4,4,2,2,5,5,5,5,1,1,1,1,5,1,1,1,5,5,5,5,5,1,1,1,1,5,2,5,5,2,2,5,5,5,5,5,1,5,2,2,5,5,5,5,5,5,5,2,2,2,2,1,5,5,5,5,2,3,4,5,5,5,2,5,5,5,5,5,5,5,5,5,5,3,3,5,5,5,5,4,4,4,4,4,4,4,4,2,2,2,2,2,2,2,2","0.00104188919067383","leiden","edit-xhwikibooks.graphml"
"0.2","0.07","0.73","0.403307180137097","1,1,2,2,3,2,3,2,2,2,3,3,2,2,2,2,2,3,4,3,5,1,2,2,2,2,2,2,1,2,3,4,3,3,4,4,2,2,5,5,5,5,1,1,1,1,5,1,1,1,5,5,5,5,5,1,1,1,1,5,2,5,5,2,2,5,5,5,5,5,1,5,2,2,5,5,5,5,5,5,5,2,2,2,2,1,5,5,5,5,2,3,4,5,5,5,2,5,5,5,5,5,5,5,5,5,5,3,3,5,5,5,5,4,4,4,4,4,4,4,4,2,2,2,2,2,2,2,2","0.0279312133789062","leiden","edit-xhwikibooks.graphml"
"0.19","0.08","0.73","0.403102203119746","1,1,2,2,2,3,2,3,3,3,4,2,3,3,3,3,3,4,4,2,5,1,3,3,3,3,3,3,1,3,4,4,2,2,4,4,3,3,5,5,5,5,1,1,1,1,5,1,1,1,5,5,5,5,5,1,1,1,1,5,3,5,5,3,3,5,5,5,5,5,1,5,3,3,5,5,5,5,5,5,5,3,3,3,3,1,5,5,5,5,3,4,4,5,5,5,3,5,5,5,5,5,5,5,5,5,5,2,2,5,5,5,5,4,4,4,4,4,4,4,4,3,3,3,3,3,3,3,3","0.00115299224853516","leiden","edit-xhwikibooks.graphml"
"0.18","0.09","0.73","0.40406834486249","1,1,2,3,2,3,2,3,3,3,2,2,3,3,3,3,3,2,4,2,5,1,3,3,3,3,3,3,1,3,2,4,2,2,4,4,3,3,5,5,5,5,1,1,1,1,5,1,1,1,5,5,5,5,5,1,1,1,1,5,3,5,5,3,3,5,5,5,5,5,1,5,3,3,5,5,5,5,5,5,5,3,3,3,3,1,5,5,5,5,3,2,4,5,5,5,3,5,5,5,5,5,5,5,5,5,5,2,2,5,5,5,5,4,4,4,4,4,4,4,4,3,3,3,3,3,3,3,3","0.00106287002563477","leiden","edit-xhwikibooks.graphml"
"0.17","0.1","0.73","0.40406834486249","1,1,2,3,2,3,2,3,3,3,2,2,3,3,3,3,3,2,4,2,5,1,3,3,3,3,3,3,1,3,2,4,2,2,4,4,3,3,5,5,5,5,1,1,1,1,5,1,1,1,5,5,5,5,5,1,1,1,1,5,3,5,5,3,3,5,5,5,5,5,1,5,3,3,5,5,5,5,5,5,5,3,3,3,3,1,5,5,5,5,3,2,4,5,5,5,3,5,5,5,5,5,5,5,5,5,5,2,2,5,5,5,5,4,4,4,4,4,4,4,4,3,3,3,3,3,3,3,3","0.00115609169006348","leiden","edit-xhwikibooks.graphml"
"0.16","0.11","0.73","0.403930227783843","1,1,2,3,2,3,2,3,3,3,2,2,3,3,3,3,3,2,4,2,5,1,3,3,3,3,3,3,1,3,2,4,2,2,4,4,3,3,5,5,5,5,1,1,1,1,5,1,1,1,5,5,5,5,5,1,1,1,1,5,3,5,5,3,3,5,5,5,5,5,1,5,3,3,5,5,5,5,5,5,5,3,3,3,3,1,5,5,5,5,3,2,4,5,5,5,3,5,5,5,5,5,5,5,5,5,5,2,2,5,5,5,5,4,4,4,4,4,4,4,4,3,3,3,3,3,3,3,3","0.000953912734985352","leiden","edit-xhwikibooks.graphml"
"0.15","0.12","0.73","0.403541180924663","1,1,2,3,2,3,2,3,3,3,2,2,3,3,3,3,3,2,4,2,5,1,3,3,3,3,3,3,1,3,2,4,2,2,4,4,3,3,5,5,5,5,1,1,1,1,5,1,1,1,5,5,5,5,5,1,1,1,1,5,3,5,5,3,3,5,5,5,5,5,1,5,3,3,5,5,5,5,5,5,5,3,3,3,3,1,5,5,5,5,3,2,4,5,5,5,3,5,5,5,5,5,5,5,5,5,5,2,2,5,5,5,5,4,4,4,4,4,4,4,4,3,3,3,3,3,3,3,3","0.000983953475952148","leiden","edit-xhwikibooks.graphml"
"0.14","0.13","0.73","0.403402980451187","1,1,2,3,2,3,2,3,3,3,2,2,3,3,3,3,3,2,4,2,5,1,3,3,3,3,3,3,1,3,2,4,2,2,4,4,3,3,5,5,5,5,1,1,1,1,5,1,1,1,5,5,5,5,5,1,1,1,1,5,3,5,5,3,3,5,5,5,5,5,1,5,3,3,5,5,5,5,5,5,5,3,3,3,3,1,5,5,5,5,3,2,4,5,5,5,3,5,5,5,5,5,5,5,5,5,5,2,2,5,5,5,5,4,4,4,4,4,4,4,4,3,3,3,3,3,3,3,3","0.000980854034423828","leiden","edit-xhwikibooks.graphml"
"0.13","0.14","0.73","0.403378268861704","1,1,2,2,3,2,3,2,2,2,3,3,2,2,2,2,2,3,4,3,5,1,2,2,2,2,2,2,1,2,3,4,3,3,4,4,2,2,5,5,5,5,1,1,1,1,5,1,1,1,5,5,5,5,5,1,1,1,1,5,2,5,5,2,2,5,5,5,5,5,1,5,2,2,5,5,5,5,5,5,5,2,2,2,2,1,5,5,5,5,2,3,4,5,5,5,2,5,5,5,5,5,5,5,5,5,5,3,3,5,5,5,5,4,4,4,4,4,4,4,4,2,2,2,2,2,2,2,2","0.00118517875671387","leiden","edit-xhwikibooks.graphml"
"0.12","0.15","0.73","0.404106522540705","1,1,2,2,3,2,3,2,2,2,3,3,2,2,2,2,2,3,4,3,5,1,2,2,2,2,2,2,1,2,3,4,3,3,4,4,2,2,5,5,5,5,1,1,1,1,5,1,1,1,5,5,5,5,5,1,1,1,1,5,2,5,5,2,2,5,5,5,5,5,1,5,2,2,5,5,5,5,5,5,5,2,2,2,2,1,5,5,5,5,2,3,4,5,5,5,2,5,5,5,5,5,5,5,5,5,5,3,3,5,5,5,5,4,4,4,4,4,4,4,4,2,2,2,2,2,2,2,2","0.000911951065063477","leiden","edit-xhwikibooks.graphml"
"0.11","0.16","0.73","0.404580973393588","1,1,2,3,2,3,2,3,3,3,2,2,3,3,3,3,3,2,4,2,5,1,3,3,3,3,3,3,1,3,2,4,2,2,4,4,3,3,5,5,5,5,1,1,1,1,5,1,1,1,5,5,5,5,5,1,1,1,1,5,3,5,5,3,3,5,5,5,5,5,1,5,3,3,5,5,5,5,5,5,5,3,3,3,3,1,5,5,5,5,3,2,4,5,5,5,3,5,5,5,5,5,5,5,5,5,5,2,2,5,5,5,5,4,4,4,4,4,4,4,4,3,3,3,3,3,3,3,3","0.000936031341552734","leiden","edit-xhwikibooks.graphml"
"0.1","0.17","0.73","0.404887788300424","1,1,2,3,2,3,2,3,3,3,2,2,3,3,3,3,3,2,4,2,5,1,3,3,3,3,3,3,1,3,2,4,2,2,4,4,3,3,5,5,5,5,1,1,1,1,5,1,1,1,5,5,5,5,5,1,1,1,1,5,3,5,5,3,3,5,5,5,5,5,1,5,3,3,5,5,5,5,5,5,5,3,3,3,3,1,5,5,5,5,3,2,4,5,5,5,3,5,5,5,5,5,5,5,5,5,5,2,2,5,5,5,5,4,4,4,4,4,4,4,4,3,3,3,3,3,3,3,3","0.000938177108764648","leiden","edit-xhwikibooks.graphml"
"0.09","0.18","0.73","0.404887788300424","1,1,2,3,2,3,2,3,3,3,2,2,3,3,3,3,3,2,4,2,5,1,3,3,3,3,3,3,1,3,2,4,2,2,4,4,3,3,5,5,5,5,1,1,1,1,5,1,1,1,5,5,5,5,5,1,1,1,1,5,3,5,5,3,3,5,5,5,5,5,1,5,3,3,5,5,5,5,5,5,5,3,3,3,3,1,5,5,5,5,3,2,4,5,5,5,3,5,5,5,5,5,5,5,5,5,5,2,2,5,5,5,5,4,4,4,4,4,4,4,4,3,3,3,3,3,3,3,3","0.00100493431091309","leiden","edit-xhwikibooks.graphml"
"0.08","0.19","0.73","0.404749707797758","1,1,2,3,2,3,2,3,3,3,2,2,3,3,3,3,3,2,4,2,5,1,3,3,3,3,3,3,1,3,2,4,2,2,4,4,3,3,5,5,5,5,1,1,1,1,5,1,1,1,5,5,5,5,5,1,1,1,1,5,3,5,5,3,3,5,5,5,5,5,1,5,3,3,5,5,5,5,5,5,5,3,3,3,3,1,5,5,5,5,3,2,4,5,5,5,3,5,5,5,5,5,5,5,5,5,5,2,2,5,5,5,5,4,4,4,4,4,4,4,4,3,3,3,3,3,3,3,3","0.00090789794921875","leiden","edit-xhwikibooks.graphml"
"0.07","0.2","0.73","0.399767601576346","1,1,1,2,3,2,3,2,2,2,3,3,2,2,2,2,2,3,4,3,5,1,2,2,2,2,2,2,1,2,3,4,3,3,4,4,2,2,5,5,5,5,1,1,1,1,5,1,1,1,5,5,5,5,5,1,1,1,1,5,2,5,5,2,2,5,5,5,5,5,1,5,2,2,5,5,5,5,5,5,5,2,2,2,2,1,5,5,5,5,2,3,4,5,5,5,2,5,5,5,5,5,5,5,5,5,5,3,3,5,5,5,5,4,4,4,4,4,4,4,4,2,2,2,2,2,2,2,2","0.000874042510986328","leiden","edit-xhwikibooks.graphml"
"0.06","0.21","0.73","0.399630143039607","1,1,1,2,3,2,3,2,2,2,3,3,2,2,2,2,2,3,4,3,5,1,2,2,2,2,2,2,1,2,3,4,3,3,4,4,2,2,5,5,5,5,1,1,1,1,5,1,1,1,5,5,5,5,5,1,1,1,1,5,2,5,5,2,2,5,5,5,5,5,1,5,2,2,5,5,5,5,5,5,5,2,2,2,2,1,5,5,5,5,2,3,4,5,5,5,2,5,5,5,5,5,5,5,5,5,5,3,3,5,5,5,5,4,4,4,4,4,4,4,4,2,2,2,2,2,2,2,2","0.000854015350341797","leiden","edit-xhwikibooks.graphml"
"0.05","0.22","0.73","0.399630143039607","1,1,1,2,3,2,3,2,2,2,3,3,2,2,2,2,2,3,4,3,5,1,2,2,2,2,2,2,1,2,3,4,3,3,4,4,2,2,5,5,5,5,1,1,1,1,5,1,1,1,5,5,5,5,5,1,1,1,1,5,2,5,5,2,2,5,5,5,5,5,1,5,2,2,5,5,5,5,5,5,5,2,2,2,2,1,5,5,5,5,2,3,4,5,5,5,2,5,5,5,5,5,5,5,5,5,5,3,3,5,5,5,5,4,4,4,4,4,4,4,4,2,2,2,2,2,2,2,2","0.000857830047607422","leiden","edit-xhwikibooks.graphml"
"0.04","0.23","0.73","0.397223461669529","1,1,1,2,3,2,3,2,2,2,3,3,2,2,2,2,2,3,4,3,5,1,2,2,2,2,2,2,1,2,3,4,3,3,4,4,2,2,5,5,5,5,1,1,1,1,5,1,1,1,5,5,5,5,5,1,1,1,1,5,2,5,5,2,2,5,5,5,5,5,1,5,2,2,5,5,5,5,5,5,5,2,2,2,2,1,5,5,5,5,2,3,4,5,5,5,2,5,5,5,5,5,5,5,5,5,5,3,3,5,5,5,5,4,4,4,4,4,4,4,4,2,2,2,2,2,2,2,2","0.000885009765625","leiden","edit-xhwikibooks.graphml"
"0.03","0.24","0.73","0.397961839132085","1,1,1,2,3,2,3,2,2,2,3,3,2,2,2,2,2,3,4,3,5,1,2,2,2,2,2,2,1,2,3,4,3,3,4,4,2,2,5,5,5,5,1,1,1,1,5,1,1,1,5,5,5,5,5,1,1,1,1,5,2,5,5,2,2,5,5,5,5,5,1,5,2,2,5,5,5,5,5,5,5,2,2,2,2,1,5,5,5,5,2,3,4,5,5,5,2,5,5,5,5,5,5,5,5,5,5,3,3,5,5,5,5,4,4,4,4,4,4,4,4,2,2,2,2,2,2,2,2","0.000862836837768555","leiden","edit-xhwikibooks.graphml"
"0.02","0.25","0.73","0.399110144578318","1,1,1,2,3,2,3,2,2,2,3,3,2,2,2,2,2,3,4,3,5,1,2,2,2,2,2,2,1,2,3,4,3,3,4,4,2,2,5,5,5,5,1,1,1,1,5,1,1,1,5,5,5,5,5,1,1,1,1,5,2,5,5,2,2,5,5,5,5,5,1,5,2,2,5,5,5,5,5,5,5,2,2,2,2,1,5,5,5,5,2,3,4,5,5,5,2,5,5,5,5,5,5,5,5,5,5,3,3,5,5,5,5,4,4,4,4,4,4,4,4,2,2,2,2,2,2,2,2","0.000952005386352539","leiden","edit-xhwikibooks.graphml"
"0.01","0.26","0.73","0.399561835114685","1,1,1,2,3,2,3,2,2,2,3,3,2,2,2,2,2,3,4,3,5,1,2,2,2,2,2,2,1,2,3,4,3,3,4,4,2,2,5,5,5,5,1,1,1,1,5,1,1,1,5,5,5,5,5,1,1,1,1,5,2,5,5,2,2,5,5,5,5,5,1,5,2,2,5,5,5,5,5,5,5,2,2,2,2,1,5,5,5,5,2,3,4,5,5,5,2,5,5,5,5,5,5,5,5,5,5,3,3,5,5,5,5,4,4,4,4,4,4,4,4,2,2,2,2,2,2,2,2","0.000855207443237305","leiden","edit-xhwikibooks.graphml"
"0","0.27","0.73","0.401028436389287","1,1,1,1,1,2,3,2,2,2,3,3,2,2,2,2,2,3,4,3,5,1,2,2,2,2,2,2,1,2,3,4,3,3,4,4,2,2,5,5,5,5,1,1,1,1,5,1,1,1,5,5,5,5,5,1,1,1,1,5,2,5,5,2,2,5,5,5,5,5,1,5,2,2,5,5,5,5,5,5,5,2,2,2,2,1,5,5,5,5,2,3,4,5,5,5,2,5,5,5,5,5,5,5,5,5,5,3,3,5,5,5,5,4,4,4,4,4,4,4,4,2,2,2,2,2,2,2,2","0.000865936279296875","leiden","edit-xhwikibooks.graphml"
"0.26","0","0.74","0.403100591711346","1,1,2,2,3,2,3,2,2,2,3,3,2,2,2,2,2,3,4,3,5,1,2,2,2,2,2,2,1,2,3,4,3,3,4,4,2,2,5,5,5,5,1,1,1,1,5,1,1,1,5,5,5,5,5,1,1,1,1,5,2,5,5,2,2,5,5,5,5,5,1,5,2,2,5,5,5,5,5,5,5,2,2,2,2,1,5,5,5,5,2,3,4,5,5,5,2,5,5,5,5,5,5,5,5,5,5,3,3,5,5,5,5,4,4,4,4,4,4,4,4,2,2,2,2,2,2,2,2","0.000911951065063477","leiden","edit-xhwikibooks.graphml"
"0.25","0.01","0.74","0.403100591711346","1,1,2,2,3,2,3,2,2,2,3,3,2,2,2,2,2,3,4,3,5,1,2,2,2,2,2,2,1,2,3,4,3,3,4,4,2,2,5,5,5,5,1,1,1,1,5,1,1,1,5,5,5,5,5,1,1,1,1,5,2,5,5,2,2,5,5,5,5,5,1,5,2,2,5,5,5,5,5,5,5,2,2,2,2,1,5,5,5,5,2,3,4,5,5,5,2,5,5,5,5,5,5,5,5,5,5,3,3,5,5,5,5,4,4,4,4,4,4,4,4,2,2,2,2,2,2,2,2","0.000914096832275391","leiden","edit-xhwikibooks.graphml"
"0.24","0.02","0.74","0.403552015735314","1,1,2,2,3,2,3,2,2,2,3,3,2,2,2,2,2,3,4,3,5,1,2,2,2,2,2,2,1,2,3,4,3,3,4,4,2,2,5,5,5,5,1,1,1,1,5,1,1,1,5,5,5,5,5,1,1,1,1,5,2,5,5,2,2,5,5,5,5,5,1,5,2,2,5,5,5,5,5,5,5,2,2,2,2,1,5,5,5,5,2,3,4,5,5,5,2,5,5,5,5,5,5,5,5,5,5,3,3,5,5,5,5,4,4,4,4,4,4,4,4,2,2,2,2,2,2,2,2","0.000998973846435547","leiden","edit-xhwikibooks.graphml"
"0.23","0.03","0.74","0.403413947089034","1,1,2,2,3,2,3,2,2,2,3,3,2,2,2,2,2,3,4,3,5,1,2,2,2,2,2,2,1,2,3,4,3,3,4,4,2,2,5,5,5,5,1,1,1,1,5,1,1,1,5,5,5,5,5,1,1,1,1,5,2,5,5,2,2,5,5,5,5,5,1,5,2,2,5,5,5,5,5,5,5,2,2,2,2,1,5,5,5,5,2,3,4,5,5,5,2,5,5,5,5,5,5,5,5,5,5,3,3,5,5,5,5,4,4,4,4,4,4,4,4,2,2,2,2,2,2,2,2","0.000885009765625","leiden","edit-xhwikibooks.graphml"
"0.22","0.04","0.74","0.403413947089034","1,1,2,2,3,2,3,2,2,2,3,3,2,2,2,2,2,3,4,3,5,1,2,2,2,2,2,2,1,2,3,4,3,3,4,4,2,2,5,5,5,5,1,1,1,1,5,1,1,1,5,5,5,5,5,1,1,1,1,5,2,5,5,2,2,5,5,5,5,5,1,5,2,2,5,5,5,5,5,5,5,2,2,2,2,1,5,5,5,5,2,3,4,5,5,5,2,5,5,5,5,5,5,5,5,5,5,3,3,5,5,5,5,4,4,4,4,4,4,4,4,2,2,2,2,2,2,2,2","0.000905990600585938","leiden","edit-xhwikibooks.graphml"
"0.21","0.05","0.74","0.403275964864089","1,1,2,2,3,2,3,2,2,2,3,3,2,2,2,2,2,3,4,3,5,1,2,2,2,2,2,2,1,2,3,4,3,3,4,4,2,2,5,5,5,5,1,1,1,1,5,1,1,1,5,5,5,5,5,1,1,1,1,5,2,5,5,2,2,5,5,5,5,5,1,5,2,2,5,5,5,5,5,5,5,2,2,2,2,1,5,5,5,5,2,3,4,5,5,5,2,5,5,5,5,5,5,5,5,5,5,3,3,5,5,5,5,4,4,4,4,4,4,4,4,2,2,2,2,2,2,2,2","0.00088191032409668","leiden","edit-xhwikibooks.graphml"
"0.2","0.06","0.74","0.403726347284963","1,1,2,2,3,2,3,2,2,2,3,3,2,2,2,2,2,3,4,3,5,1,2,2,2,2,2,2,1,2,3,4,3,3,4,4,2,2,5,5,5,5,1,1,1,1,5,1,1,1,5,5,5,5,5,1,1,1,1,5,2,5,5,2,2,5,5,5,5,5,1,5,2,2,5,5,5,5,5,5,5,2,2,2,2,1,5,5,5,5,2,3,4,5,5,5,2,5,5,5,5,5,5,5,5,5,5,3,3,5,5,5,5,4,4,4,4,4,4,4,4,2,2,2,2,2,2,2,2","0.000898122787475586","leiden","edit-xhwikibooks.graphml"
"0.19","0.07","0.74","0.40358840809573","1,1,2,2,3,2,3,2,2,2,3,3,2,2,2,2,2,3,4,3,5,1,2,2,2,2,2,2,1,2,3,4,3,3,4,4,2,2,5,5,5,5,1,1,1,1,5,1,1,1,5,5,5,5,5,1,1,1,1,5,2,5,5,2,2,5,5,5,5,5,1,5,2,2,5,5,5,5,5,5,5,2,2,2,2,1,5,5,5,5,2,3,4,5,5,5,2,5,5,5,5,5,5,5,5,5,5,3,3,5,5,5,5,4,4,4,4,4,4,4,4,2,2,2,2,2,2,2,2","0.00101399421691895","leiden","edit-xhwikibooks.graphml"
"0.18","0.08","0.74","0.404037795889665","1,1,2,2,3,2,3,2,2,2,3,3,2,2,2,2,2,3,4,3,5,1,2,2,2,2,2,2,1,2,3,4,3,3,4,4,2,2,5,5,5,5,1,1,1,1,5,1,1,1,5,5,5,5,5,1,1,1,1,5,2,5,5,2,2,5,5,5,5,5,1,5,2,2,5,5,5,5,5,5,5,2,2,2,2,1,5,5,5,5,2,3,4,5,5,5,2,5,5,5,5,5,5,5,5,5,5,3,3,5,5,5,5,4,4,4,4,4,4,4,4,2,2,2,2,2,2,2,2","0.000871896743774414","leiden","edit-xhwikibooks.graphml"
"0.17","0.09","0.74","0.404350044606429","1,1,2,3,2,3,2,3,3,3,2,2,3,3,3,3,3,2,4,2,5,1,3,3,3,3,3,3,1,3,2,4,2,2,4,4,3,3,5,5,5,5,1,1,1,1,5,1,1,1,5,5,5,5,5,1,1,1,1,5,3,5,5,3,3,5,5,5,5,5,1,5,3,3,5,5,5,5,5,5,5,3,3,3,3,1,5,5,5,5,3,2,4,5,5,5,3,5,5,5,5,5,5,5,5,5,5,2,2,5,5,5,5,4,4,4,4,4,4,4,4,3,3,3,3,3,3,3,3","0.000880002975463867","leiden","edit-xhwikibooks.graphml"
"0.16","0.1","0.74","0.404350044606429","1,1,2,3,2,3,2,3,3,3,2,2,3,3,3,3,3,2,4,2,5,1,3,3,3,3,3,3,1,3,2,4,2,2,4,4,3,3,5,5,5,5,1,1,1,1,5,1,1,1,5,5,5,5,5,1,1,1,1,5,3,5,5,3,3,5,5,5,5,5,1,5,3,3,5,5,5,5,5,5,5,3,3,3,3,1,5,5,5,5,3,2,4,5,5,5,3,5,5,5,5,5,5,5,5,5,5,2,2,5,5,5,5,4,4,4,4,4,4,4,4,3,3,3,3,3,3,3,3","0.000877857208251953","leiden","edit-xhwikibooks.graphml"
"0.15","0.11","0.74","0.404211997127831","1,1,2,3,2,3,2,3,3,3,2,2,3,3,3,3,3,2,4,2,5,1,3,3,3,3,3,3,1,3,2,4,2,2,4,4,3,3,5,5,5,5,1,1,1,1,5,1,1,1,5,5,5,5,5,1,1,1,1,5,3,5,5,3,3,5,5,5,5,5,1,5,3,3,5,5,5,5,5,5,5,3,3,3,3,1,5,5,5,5,3,2,4,5,5,5,3,5,5,5,5,5,5,5,5,5,5,2,2,5,5,5,5,4,4,4,4,4,4,4,4,3,3,3,3,3,3,3,3","0.000880956649780273","leiden","edit-xhwikibooks.graphml"
"0.14","0.12","0.74","0.405076420229121","1,1,2,3,2,3,2,3,3,3,2,2,3,3,3,3,3,2,4,2,5,1,3,3,3,3,3,3,1,3,2,4,2,2,4,4,3,3,5,5,5,5,1,1,1,1,5,1,1,1,5,5,5,5,5,1,1,1,1,5,3,5,5,3,3,5,5,5,5,5,1,5,3,3,5,5,5,5,5,5,5,3,3,3,3,1,5,5,5,5,3,2,4,5,5,5,3,5,5,5,5,5,5,5,5,5,5,2,2,5,5,5,5,4,4,4,4,4,4,4,4,3,3,3,3,3,3,3,3","0.000951051712036133","leiden","edit-xhwikibooks.graphml"
"0.13","0.13","0.74","0.404938402552274","1,1,2,3,2,3,2,3,3,3,2,2,3,3,3,3,3,2,4,2,5,1,3,3,3,3,3,3,1,3,2,4,2,2,4,4,3,3,5,5,5,5,1,1,1,1,5,1,1,1,5,5,5,5,5,1,1,1,1,5,3,5,5,3,3,5,5,5,5,5,1,5,3,3,5,5,5,5,5,5,5,3,3,3,3,1,5,5,5,5,3,2,4,5,5,5,3,5,5,5,5,5,5,5,5,5,5,2,2,5,5,5,5,4,4,4,4,4,4,4,4,3,3,3,3,3,3,3,3","0.00085902214050293","leiden","edit-xhwikibooks.graphml"
"0.12","0.14","0.74","0.404520045005951","1,1,2,3,2,3,2,3,3,3,2,2,3,3,3,3,3,2,4,2,5,1,3,3,3,3,3,3,1,3,2,4,2,2,4,4,3,3,5,5,5,5,1,1,1,1,5,1,1,1,5,5,5,5,5,1,1,1,1,5,3,5,5,3,3,5,5,5,5,5,1,5,3,3,5,5,5,5,5,5,5,3,3,3,3,1,5,5,5,5,3,2,4,5,5,5,3,5,5,5,5,5,5,5,5,5,5,2,2,5,5,5,5,4,4,4,4,4,4,4,4,3,3,3,3,3,3,3,3","0.000867128372192383","leiden","edit-xhwikibooks.graphml"
"0.11","0.15","0.74","0.405244970414201","1,1,2,3,2,3,2,3,3,3,2,2,3,3,3,3,3,2,4,2,5,1,3,3,3,3,3,3,1,3,2,4,2,2,4,4,3,3,5,5,5,5,1,1,1,1,5,1,1,1,5,5,5,5,5,1,1,1,1,5,3,5,5,3,3,5,5,5,5,5,1,5,3,3,5,5,5,5,5,5,5,3,3,3,3,1,5,5,5,5,3,2,4,5,5,5,3,5,5,5,5,5,5,5,5,5,5,2,2,5,5,5,5,4,4,4,4,4,4,4,4,3,3,3,3,3,3,3,3","0.000833034515380859","leiden","edit-xhwikibooks.graphml"
"0.1","0.16","0.74","0.405690849114007","1,1,2,3,2,3,2,3,3,3,2,2,3,3,3,3,3,2,4,2,5,1,3,3,3,3,3,3,1,3,2,4,2,2,4,4,3,3,5,5,5,5,1,1,1,1,5,1,1,1,5,5,5,5,5,1,1,1,1,5,3,5,5,3,3,5,5,5,5,5,1,5,3,3,5,5,5,5,5,5,5,3,3,3,3,1,5,5,5,5,3,2,4,5,5,5,3,5,5,5,5,5,5,5,5,5,5,2,2,5,5,5,5,4,4,4,4,4,4,4,4,3,3,3,3,3,3,3,3","0.000886201858520508","leiden","edit-xhwikibooks.graphml"
"0.09","0.17","0.74","0.405995894616676","1,1,2,3,2,3,2,3,3,3,2,2,3,3,3,3,3,2,4,2,5,1,3,3,3,3,3,3,1,3,2,4,2,2,4,4,3,3,5,5,5,5,1,1,1,1,5,1,1,1,5,5,5,5,5,1,1,1,1,5,3,5,5,3,3,5,5,5,5,5,1,5,3,3,5,5,5,5,5,5,5,3,3,3,3,1,5,5,5,5,3,2,4,5,5,5,3,5,5,5,5,5,5,5,5,5,5,2,2,5,5,5,5,4,4,4,4,4,4,4,4,3,3,3,3,3,3,3,3","0.000877141952514648","leiden","edit-xhwikibooks.graphml"
"0.08","0.18","0.74","0.405995894616676","1,1,2,3,2,3,2,3,3,3,2,2,3,3,3,3,3,2,4,2,5,1,3,3,3,3,3,3,1,3,2,4,2,2,4,4,3,3,5,5,5,5,1,1,1,1,5,1,1,1,5,5,5,5,5,1,1,1,1,5,3,5,5,3,3,5,5,5,5,5,1,5,3,3,5,5,5,5,5,5,5,3,3,3,3,1,5,5,5,5,3,2,4,5,5,5,3,5,5,5,5,5,5,5,5,5,5,2,2,5,5,5,5,4,4,4,4,4,4,4,4,3,3,3,3,3,3,3,3","0.000979900360107422","leiden","edit-xhwikibooks.graphml"
"0.07","0.19","0.74","0.404611713561164","1,1,2,3,2,3,2,3,3,3,2,2,3,3,3,3,3,2,4,2,5,1,3,3,3,3,3,3,1,3,2,4,2,2,4,4,3,3,5,5,5,5,1,1,1,1,5,1,1,1,5,5,5,5,5,1,1,1,1,5,3,5,5,3,3,5,5,5,5,5,1,5,3,3,5,5,5,5,5,5,5,3,3,3,3,1,5,5,5,5,3,2,4,5,5,5,3,5,5,5,5,5,5,5,5,5,5,2,2,5,5,5,5,4,4,4,4,4,4,4,4,3,3,3,3,3,3,3,3","0.00086212158203125","leiden","edit-xhwikibooks.graphml"
"0.06","0.2","0.74","0.405448867240699","1,1,2,3,2,3,2,3,3,3,2,2,3,3,3,3,3,2,4,2,5,1,3,3,3,3,3,3,1,3,2,4,2,2,4,4,3,3,5,5,5,5,1,1,1,1,5,1,1,1,5,5,5,5,5,1,1,1,1,5,3,5,5,3,3,5,5,5,5,5,1,5,3,3,5,5,5,5,5,5,5,3,3,3,3,1,5,5,5,5,3,2,4,5,5,5,3,5,5,5,5,5,5,5,5,5,5,2,2,5,5,5,5,4,4,4,4,4,4,4,4,3,3,3,3,3,3,3,3","0.000863075256347656","leiden","edit-xhwikibooks.graphml"
"0.05","0.21","0.74","0.405310925360801","1,1,2,3,2,3,2,3,3,3,2,2,3,3,3,3,3,2,4,2,5,1,3,3,3,3,3,3,1,3,2,4,2,2,4,4,3,3,5,5,5,5,1,1,1,1,5,1,1,1,5,5,5,5,5,1,1,1,1,5,3,5,5,3,3,5,5,5,5,5,1,5,3,3,5,5,5,5,5,5,5,3,3,3,3,1,5,5,5,5,3,2,4,5,5,5,3,5,5,5,5,5,5,5,5,5,5,2,2,5,5,5,5,4,4,4,4,4,4,4,4,3,3,3,3,3,3,3,3","0.000864028930664062","leiden","edit-xhwikibooks.graphml"
"0.04","0.22","0.74","0.405310925360801","1,1,2,3,2,3,2,3,3,3,2,2,3,3,3,3,3,2,4,2,5,1,3,3,3,3,3,3,1,3,2,4,2,2,4,4,3,3,5,5,5,5,1,1,1,1,5,1,1,1,5,5,5,5,5,1,1,1,1,5,3,5,5,3,3,5,5,5,5,5,1,5,3,3,5,5,5,5,5,5,5,3,3,3,3,1,5,5,5,5,3,2,4,5,5,5,3,5,5,5,5,5,5,5,5,5,5,2,2,5,5,5,5,4,4,4,4,4,4,4,4,3,3,3,3,3,3,3,3","0.000880002975463867","leiden","edit-xhwikibooks.graphml"
"0.03","0.23","0.74","0.400233086716859","1,1,1,2,3,2,3,2,2,2,3,3,2,2,2,2,2,3,4,3,5,1,2,2,2,2,2,2,1,2,3,4,3,3,4,4,2,2,5,5,5,5,1,1,1,1,5,1,1,1,5,5,5,5,5,1,1,1,1,5,2,5,5,2,2,5,5,5,5,5,1,5,2,2,5,5,5,5,5,5,5,2,2,2,2,1,5,5,5,5,2,3,4,5,5,5,2,5,5,5,5,5,5,5,5,5,5,3,3,5,5,5,5,4,4,4,4,4,4,4,4,2,2,2,2,2,2,2,2","0.000876188278198242","leiden","edit-xhwikibooks.graphml"
"0.02","0.24","0.74","0.400683129904911","1,1,1,2,3,2,3,2,2,2,3,3,2,2,2,2,2,3,4,3,5,1,2,2,2,2,2,2,1,2,3,4,3,3,4,4,2,2,5,5,5,5,1,1,1,1,5,1,1,1,5,5,5,5,5,1,1,1,1,5,2,5,5,2,2,5,5,5,5,5,1,5,2,2,5,5,5,5,5,5,5,2,2,2,2,1,5,5,5,5,2,3,4,5,5,5,2,5,5,5,5,5,5,5,5,5,5,3,3,5,5,5,5,4,4,4,4,4,4,4,4,2,2,2,2,2,2,2,2","0.00084996223449707","leiden","edit-xhwikibooks.graphml"
"0.01","0.25","0.74","0.401707851089814","1,1,1,2,1,2,3,2,2,2,3,3,2,2,2,2,2,3,4,3,5,1,2,2,2,2,2,2,1,2,3,4,3,3,4,4,2,2,5,5,5,5,1,1,1,1,5,1,1,1,5,5,5,5,5,1,1,1,1,5,2,5,5,2,2,5,5,5,5,5,1,5,2,2,5,5,5,5,5,5,5,2,2,2,2,1,5,5,5,5,2,3,4,5,5,5,2,5,5,5,5,5,5,5,5,5,5,3,3,5,5,5,5,4,4,4,4,4,4,4,4,2,2,2,2,2,2,2,2","0.00086212158203125","leiden","edit-xhwikibooks.graphml"
"0","0.26","0.74","0.403711238073253","1,1,1,1,1,2,3,2,2,2,3,3,2,2,2,2,2,3,4,3,5,1,2,2,2,2,2,2,1,2,3,4,3,3,4,4,2,2,5,5,5,5,1,1,1,1,5,1,1,1,5,5,5,5,5,1,1,1,1,5,2,5,5,2,2,5,5,5,5,5,1,5,2,2,5,5,5,5,5,5,5,2,2,2,2,1,5,5,5,5,2,3,4,5,5,5,2,5,5,5,5,5,5,5,5,5,5,3,3,5,5,5,5,4,4,4,4,4,4,4,4,2,2,2,2,2,2,2,2","0.000875949859619141","leiden","edit-xhwikibooks.graphml"
"0.25","0","0.75","0.412536262181257","1,1,1,1,2,3,2,3,3,3,2,2,3,3,3,3,3,2,4,2,5,1,3,3,3,3,3,3,1,3,2,4,2,2,4,4,3,3,5,5,5,5,1,1,1,1,5,1,1,1,5,5,5,5,5,1,1,1,1,5,3,5,5,3,3,5,5,5,5,5,1,5,3,3,5,5,5,5,5,5,5,3,3,3,3,1,5,5,5,5,3,2,4,5,5,5,3,5,5,5,5,5,5,5,5,5,5,2,2,5,5,5,5,4,4,4,4,4,4,4,4,3,3,3,3,3,3,3,3","0.00087285041809082","leiden","edit-xhwikibooks.graphml"
"0.24","0.01","0.75","0.397949411674908","1,1,1,1,1,2,3,2,2,2,3,3,2,2,2,2,2,3,4,3,5,1,2,2,2,2,2,2,1,2,3,4,3,3,4,4,2,2,5,5,5,5,1,1,1,1,5,1,1,1,5,5,5,5,5,1,1,1,1,5,2,5,5,2,2,5,5,5,5,5,1,5,2,2,5,5,5,5,5,5,5,2,2,2,2,1,5,5,5,5,2,3,4,5,5,5,2,5,5,5,5,5,5,5,5,5,5,3,3,5,5,5,5,4,4,4,4,4,4,4,4,2,2,2,2,2,2,2,2","0.000887155532836914","leiden","edit-xhwikibooks.graphml"
"0.23","0.02","0.75","0.398107119017971","1,1,1,1,2,3,2,3,3,3,2,2,3,3,3,3,3,2,4,2,5,1,3,3,3,3,3,3,1,3,2,4,2,2,4,4,3,3,5,5,5,5,1,1,1,1,5,1,1,1,5,5,5,5,5,1,1,1,1,5,3,5,5,3,3,5,5,5,5,5,1,5,3,3,5,5,5,5,5,5,5,3,3,3,3,1,5,5,5,5,3,2,4,5,5,5,3,5,5,5,5,5,5,5,5,5,5,2,2,5,5,5,5,4,4,4,4,4,4,4,4,3,3,3,3,3,3,3,3","0.00100803375244141","leiden","edit-xhwikibooks.graphml"
"0.22","0.03","0.75","0.397973053675638","1,1,1,1,2,3,2,3,3,3,2,2,3,3,3,3,3,2,4,2,5,1,3,3,3,3,3,3,1,3,2,4,2,2,4,4,3,3,5,5,5,5,1,1,1,1,5,1,1,1,5,5,5,5,5,1,1,1,1,5,3,5,5,3,3,5,5,5,5,5,1,5,3,3,5,5,5,5,5,5,5,3,3,3,3,1,5,5,5,5,3,2,4,5,5,5,3,5,5,5,5,5,5,5,5,5,5,2,2,5,5,5,5,4,4,4,4,4,4,4,4,3,3,3,3,3,3,3,3","0.000875949859619141","leiden","edit-xhwikibooks.graphml"
"0.21","0.04","0.75","0.397495293897965","1,1,1,1,2,4,2,4,4,4,3,2,4,4,4,4,4,3,3,2,5,1,4,4,4,4,4,4,1,4,3,3,2,2,3,3,4,4,5,5,5,5,1,1,1,1,5,1,1,1,5,5,5,5,5,1,1,1,1,5,4,5,5,4,4,5,5,5,5,5,1,5,4,4,5,5,5,5,5,5,5,4,4,4,4,1,5,5,5,5,4,3,3,5,5,5,4,5,5,5,5,5,5,5,5,5,5,2,2,5,5,5,5,3,3,3,3,3,3,3,3,4,4,4,4,4,4,4,4","0.000869989395141602","leiden","edit-xhwikibooks.graphml"
"0.2","0.05","0.75","0.398123329399307","1,1,1,1,1,2,3,2,2,2,3,3,2,2,2,2,2,3,4,3,5,1,2,2,2,2,2,2,1,2,3,4,3,3,4,4,2,2,5,5,5,5,1,1,1,1,5,1,1,1,5,5,5,5,5,1,1,1,1,5,2,5,5,2,2,5,5,5,5,5,1,5,2,2,5,5,5,5,5,5,5,2,2,2,2,1,5,5,5,5,2,3,4,5,5,5,2,5,5,5,5,5,5,5,5,5,5,3,3,5,5,5,5,4,4,4,4,4,4,4,4,2,2,2,2,2,2,2,2","0.000890970230102539","leiden","edit-xhwikibooks.graphml"
"0.19","0.06","0.75","0.398123329399307","1,1,1,1,1,2,3,2,2,2,3,3,2,2,2,2,2,3,4,3,5,1,2,2,2,2,2,2,1,2,3,4,3,3,4,4,2,2,5,5,5,5,1,1,1,1,5,1,1,1,5,5,5,5,5,1,1,1,1,5,2,5,5,2,2,5,5,5,5,5,1,5,2,2,5,5,5,5,5,5,5,2,2,2,2,1,5,5,5,5,2,3,4,5,5,5,2,5,5,5,5,5,5,5,5,5,5,3,3,5,5,5,5,4,4,4,4,4,4,4,4,2,2,2,2,2,2,2,2","0.000964879989624023","leiden","edit-xhwikibooks.graphml"
"0.18","0.07","0.75","0.398147806354235","1,1,1,1,2,3,2,3,3,3,2,2,3,3,3,3,3,2,4,2,5,1,3,3,3,3,3,3,1,3,2,4,2,2,4,4,3,3,5,5,5,5,1,1,1,1,5,1,1,1,5,5,5,5,5,1,1,1,1,5,3,5,5,3,3,5,5,5,5,5,1,5,3,3,5,5,5,5,5,5,5,3,3,3,3,1,5,5,5,5,3,2,4,5,5,5,3,5,5,5,5,5,5,5,5,5,5,2,2,5,5,5,5,4,4,4,4,4,4,4,4,3,3,3,3,3,3,3,3","0.000859975814819336","leiden","edit-xhwikibooks.graphml"
"0.17","0.08","0.75","0.398589528636456","1,1,1,1,2,3,2,3,3,3,2,2,3,3,3,3,3,2,4,2,5,1,3,3,3,3,3,3,1,3,2,4,2,2,4,4,3,3,5,5,5,5,1,1,1,1,5,1,1,1,5,5,5,5,5,1,1,1,1,5,3,5,5,3,3,5,5,5,5,5,1,5,3,3,5,5,5,5,5,5,5,3,3,3,3,1,5,5,5,5,3,2,4,5,5,5,3,5,5,5,5,5,5,5,5,5,5,2,2,5,5,5,5,4,4,4,4,4,4,4,4,3,3,3,3,3,3,3,3","0.000867843627929688","leiden","edit-xhwikibooks.graphml"
"0.16","0.09","0.75","0.398896399449511","1,1,1,1,2,3,2,3,3,3,2,2,3,3,3,3,3,2,4,2,5,1,3,3,3,3,3,3,1,3,2,4,2,2,4,4,3,3,5,5,5,5,1,1,1,1,5,1,1,1,5,5,5,5,5,1,1,1,1,5,3,5,5,3,3,5,5,5,5,5,1,5,3,3,5,5,5,5,5,5,5,3,3,3,3,1,5,5,5,5,3,2,4,5,5,5,3,5,5,5,5,5,5,5,5,5,5,2,2,5,5,5,5,4,4,4,4,4,4,4,4,3,3,3,3,3,3,3,3","0.000869035720825195","leiden","edit-xhwikibooks.graphml"
"0.15","0.1","0.75","0.398736295644228","1,1,1,1,1,3,2,3,3,3,2,2,3,3,3,3,3,2,4,2,5,1,3,3,3,3,3,3,1,3,2,4,2,2,4,4,3,3,5,5,5,5,1,1,1,1,5,1,1,1,5,5,5,5,5,1,1,1,1,5,3,5,5,3,3,5,5,5,5,5,1,5,3,3,5,5,5,5,5,5,5,3,3,3,3,1,5,5,5,5,3,2,4,5,5,5,3,5,5,5,5,5,5,5,5,5,5,2,2,5,5,5,5,4,4,4,4,4,4,4,4,3,3,3,3,3,3,3,3","0.000883102416992188","leiden","edit-xhwikibooks.graphml"
"0.14","0.11","0.75","0.39876254087396","1,1,1,1,2,3,2,3,3,3,2,2,3,3,3,3,3,2,4,2,5,1,3,3,3,3,3,3,1,3,2,4,2,2,4,4,3,3,5,5,5,5,1,1,1,1,5,1,1,1,5,5,5,5,5,1,1,1,1,5,3,5,5,3,3,5,5,5,5,5,1,5,3,3,5,5,5,5,5,5,5,3,3,3,3,1,5,5,5,5,3,2,4,5,5,5,3,5,5,5,5,5,5,5,5,5,5,2,2,5,5,5,5,4,4,4,4,4,4,4,4,3,3,3,3,3,3,3,3","0.000870943069458008","leiden","edit-xhwikibooks.graphml"
"0.13","0.12","0.75","0.399621991941664","1,1,1,1,2,3,2,3,3,3,2,2,3,3,3,3,3,2,4,2,5,1,3,3,3,3,3,3,1,3,2,4,2,2,4,4,3,3,5,5,5,5,1,1,1,1,5,1,1,1,5,5,5,5,5,1,1,1,1,5,3,5,5,3,3,5,5,5,5,5,1,5,3,3,5,5,5,5,5,5,5,3,3,3,3,1,5,5,5,5,3,2,4,5,5,5,3,5,5,5,5,5,5,5,5,5,5,2,2,5,5,5,5,4,4,4,4,4,4,4,4,3,3,3,3,3,3,3,3","0.000863790512084961","leiden","edit-xhwikibooks.graphml"
"0.12","0.13","0.75","0.399488152038173","1,1,1,1,2,3,2,3,3,3,2,2,3,3,3,3,3,2,4,2,5,1,3,3,3,3,3,3,1,3,2,4,2,2,4,4,3,3,5,5,5,5,1,1,1,1,5,1,1,1,5,5,5,5,5,1,1,1,1,5,3,5,5,3,3,5,5,5,5,5,1,5,3,3,5,5,5,5,5,5,5,3,3,3,3,1,5,5,5,5,3,2,4,5,5,5,3,5,5,5,5,5,5,5,5,5,5,2,2,5,5,5,5,4,4,4,4,4,4,4,4,3,3,3,3,3,3,3,3","0.000998020172119141","leiden","edit-xhwikibooks.graphml"
"0.11","0.14","0.75","0.399488152038173","1,1,1,1,2,3,2,3,3,3,2,2,3,3,3,3,3,2,4,2,5,1,3,3,3,3,3,3,1,3,2,4,2,2,4,4,3,3,5,5,5,5,1,1,1,1,5,1,1,1,5,5,5,5,5,1,1,1,1,5,3,5,5,3,3,5,5,5,5,5,1,5,3,3,5,5,5,5,5,5,5,3,3,3,3,1,5,5,5,5,3,2,4,5,5,5,3,5,5,5,5,5,5,5,5,5,5,2,2,5,5,5,5,4,4,4,4,4,4,4,4,3,3,3,3,3,3,3,3","0.00085902214050293","leiden","edit-xhwikibooks.graphml"
"0.1","0.15","0.75","0.400210913454323","1,1,1,1,2,3,2,3,3,3,2,2,3,3,3,3,3,2,4,2,5,1,3,3,3,3,3,3,1,3,2,4,2,2,4,4,3,3,5,5,5,5,1,1,1,1,5,1,1,1,5,5,5,5,5,1,1,1,1,5,3,5,5,3,3,5,5,5,5,5,1,5,3,3,5,5,5,5,5,5,5,3,3,3,3,1,5,5,5,5,3,2,4,5,5,5,3,5,5,5,5,5,5,5,5,5,5,2,2,5,5,5,5,4,4,4,4,4,4,4,4,3,3,3,3,3,3,3,3","0.000838994979858398","leiden","edit-xhwikibooks.graphml"
"0.09","0.16","0.75","0.400648558826902","1,1,1,1,2,3,2,3,3,3,2,2,3,3,3,3,3,2,4,2,5,1,3,3,3,3,3,3,1,3,2,4,2,2,4,4,3,3,5,5,5,5,1,1,1,1,5,1,1,1,5,5,5,5,5,1,1,1,1,5,3,5,5,3,3,5,5,5,5,5,1,5,3,3,5,5,5,5,5,5,5,3,3,3,3,1,5,5,5,5,3,2,4,5,5,5,3,5,5,5,5,5,5,5,5,5,5,2,2,5,5,5,5,4,4,4,4,4,4,4,4,3,3,3,3,3,3,3,3","0.000939130783081055","leiden","edit-xhwikibooks.graphml"
"0.08","0.17","0.75","0.400953884608003","1,1,1,1,2,3,2,3,3,3,2,2,3,3,3,3,3,2,4,2,5,1,3,3,3,3,3,3,1,3,2,4,2,2,4,4,3,3,5,5,5,5,1,1,1,1,5,1,1,1,5,5,5,5,5,1,1,1,1,5,3,5,5,3,3,5,5,5,5,5,1,5,3,3,5,5,5,5,5,5,5,3,3,3,3,1,5,5,5,5,3,2,4,5,5,5,3,5,5,5,5,5,5,5,5,5,5,2,2,5,5,5,5,4,4,4,4,4,4,4,4,3,3,3,3,3,3,3,3","0.000894069671630859","leiden","edit-xhwikibooks.graphml"
"0.07","0.18","0.75","0.400953884608003","1,1,1,1,2,3,2,3,3,3,2,2,3,3,3,3,3,2,4,2,5,1,3,3,3,3,3,3,1,3,2,4,2,2,4,4,3,3,5,5,5,5,1,1,1,1,5,1,1,1,5,5,5,5,5,1,1,1,1,5,3,5,5,3,3,5,5,5,5,5,1,5,3,3,5,5,5,5,5,5,5,3,3,3,3,1,5,5,5,5,3,2,4,5,5,5,3,5,5,5,5,5,5,5,5,5,5,2,2,5,5,5,5,4,4,4,4,4,4,4,4,3,3,3,3,3,3,3,3","0.00088810920715332","leiden","edit-xhwikibooks.graphml"
"0.06","0.19","0.75","0.400820147727901","1,1,1,1,2,3,2,3,3,3,2,2,3,3,3,3,3,2,4,2,5,1,3,3,3,3,3,3,1,3,2,4,2,2,4,4,3,3,5,5,5,5,1,1,1,1,5,1,1,1,5,5,5,5,5,1,1,1,1,5,3,5,5,3,3,5,5,5,5,5,1,5,3,3,5,5,5,5,5,5,5,3,3,3,3,1,5,5,5,5,3,2,4,5,5,5,3,5,5,5,5,5,5,5,5,5,5,2,2,5,5,5,5,4,4,4,4,4,4,4,4,3,3,3,3,3,3,3,3","0.000880956649780273","leiden","edit-xhwikibooks.graphml"
"0.05","0.2","0.75","0.401234759730383","1,2,1,1,1,3,1,3,3,3,1,1,3,3,3,3,3,1,4,1,5,2,3,3,3,3,3,3,2,3,1,4,1,1,4,4,3,3,5,5,5,5,2,2,2,2,5,2,2,2,5,5,5,5,5,2,2,2,2,5,3,5,5,3,3,5,5,5,5,5,2,5,3,3,5,5,5,5,5,5,5,3,3,3,3,2,5,5,5,5,3,1,4,5,5,5,3,5,5,5,5,5,5,5,5,5,5,1,1,5,5,5,5,4,4,4,4,4,4,4,4,3,3,3,3,3,3,3,3","0.000867128372192383","leiden","edit-xhwikibooks.graphml"
"0.04","0.21","0.75","0.401512597445952","1,1,1,1,2,3,2,3,3,3,2,2,3,3,3,3,3,2,4,2,5,1,3,3,3,3,3,3,1,3,2,4,2,2,4,4,3,3,5,5,5,5,1,1,1,1,5,1,1,1,5,5,5,5,5,1,1,1,1,5,3,5,5,3,3,5,5,5,5,5,1,5,3,3,5,5,5,5,5,5,5,3,3,3,3,1,5,5,5,5,3,2,4,5,5,5,3,5,5,5,5,5,5,5,5,5,5,2,2,5,5,5,5,4,4,4,4,4,4,4,4,3,3,3,3,3,3,3,3","0.000869989395141602","leiden","edit-xhwikibooks.graphml"
"0.03","0.22","0.75","0.401512597445952","1,1,1,1,2,3,2,3,3,3,2,2,3,3,3,3,3,2,4,2,5,1,3,3,3,3,3,3,1,3,2,4,2,2,4,4,3,3,5,5,5,5,1,1,1,1,5,1,1,1,5,5,5,5,5,1,1,1,1,5,3,5,5,3,3,5,5,5,5,5,1,5,3,3,5,5,5,5,5,5,5,3,3,3,3,1,5,5,5,5,3,2,4,5,5,5,3,5,5,5,5,5,5,5,5,5,5,2,2,5,5,5,5,4,4,4,4,4,4,4,4,3,3,3,3,3,3,3,3","0.00091099739074707","leiden","edit-xhwikibooks.graphml"
"0.02","0.23","0.75","0.402227291852364","1,1,1,1,2,3,2,3,3,3,2,2,3,3,3,3,3,2,4,2,5,1,3,3,3,3,3,3,1,3,2,4,2,2,4,4,3,3,5,5,5,5,1,1,1,1,5,1,1,1,5,5,5,5,5,1,1,1,1,5,3,5,5,3,3,5,5,5,5,5,1,5,3,3,5,5,5,5,5,5,5,3,3,3,3,1,5,5,5,5,3,2,4,5,5,5,3,5,5,5,5,5,5,5,5,5,5,2,2,5,5,5,5,4,4,4,4,4,4,4,4,3,3,3,3,3,3,3,3","0.000856161117553711","leiden","edit-xhwikibooks.graphml"
"0.01","0.24","0.75","0.402661304837493","1,1,1,1,2,3,2,3,3,3,2,2,3,3,3,3,3,2,4,2,5,1,3,3,3,3,3,3,1,3,2,4,2,2,4,4,3,3,5,5,5,5,1,1,1,1,5,1,1,1,5,5,5,5,5,1,1,1,1,5,3,5,5,3,3,5,5,5,5,5,1,5,3,3,5,5,5,5,5,5,5,3,3,3,3,1,5,5,5,5,3,2,4,5,5,5,3,5,5,5,5,5,5,5,5,5,5,2,2,5,5,5,5,4,4,4,4,4,4,4,4,3,3,3,3,3,3,3,3","0.00097203254699707","leiden","edit-xhwikibooks.graphml"
"0","0.25","0.75","0.405875184697672","1,1,1,1,1,2,3,2,2,2,3,3,2,2,2,2,2,3,4,3,5,1,2,2,2,2,2,2,1,2,3,4,3,3,4,4,2,2,5,5,5,5,1,1,1,1,5,1,1,1,5,5,5,5,5,1,1,1,1,5,2,5,5,2,2,5,5,5,5,5,1,5,2,2,5,5,5,5,5,5,5,2,2,2,2,1,5,5,5,5,2,3,4,5,5,5,2,5,5,5,5,5,5,5,5,5,5,3,3,5,5,5,5,4,4,4,4,4,4,4,4,2,2,2,2,2,2,2,2","0.000871896743774414","leiden","edit-xhwikibooks.graphml"
"0.24","0","0.76","0.412536262181257","1,1,1,1,2,3,2,3,3,3,2,2,3,3,3,3,3,2,4,2,5,1,3,3,3,3,3,3,1,3,2,4,2,2,4,4,3,3,5,5,5,5,1,1,1,1,5,1,1,1,5,5,5,5,5,1,1,1,1,5,3,5,5,3,3,5,5,5,5,5,1,5,3,3,5,5,5,5,5,5,5,3,3,3,3,1,5,5,5,5,3,2,4,5,5,5,3,5,5,5,5,5,5,5,5,5,5,2,2,5,5,5,5,4,4,4,4,4,4,4,4,3,3,3,3,3,3,3,3","0.000848054885864258","leiden","edit-xhwikibooks.graphml"
"0.23","0.01","0.76","0.412536262181257","1,1,1,1,2,3,2,3,3,3,2,2,3,3,3,3,3,2,4,2,5,1,3,3,3,3,3,3,1,3,2,4,2,2,4,4,3,3,5,5,5,5,1,1,1,1,5,1,1,1,5,5,5,5,5,1,1,1,1,5,3,5,5,3,3,5,5,5,5,5,1,5,3,3,5,5,5,5,5,5,5,3,3,3,3,1,5,5,5,5,3,2,4,5,5,5,3,5,5,5,5,5,5,5,5,5,5,2,2,5,5,5,5,4,4,4,4,4,4,4,4,3,3,3,3,3,3,3,3","0.000875949859619141","leiden","edit-xhwikibooks.graphml"
"0.22","0.02","0.76","0.412536262181257","1,1,1,1,2,3,2,3,3,3,2,2,3,3,3,3,3,2,4,2,5,1,3,3,3,3,3,3,1,3,2,4,2,2,4,4,3,3,5,5,5,5,1,1,1,1,5,1,1,1,5,5,5,5,5,1,1,1,1,5,3,5,5,3,3,5,5,5,5,5,1,5,3,3,5,5,5,5,5,5,5,3,3,3,3,1,5,5,5,5,3,2,4,5,5,5,3,5,5,5,5,5,5,5,5,5,5,2,2,5,5,5,5,4,4,4,4,4,4,4,4,3,3,3,3,3,3,3,3","0.000838041305541992","leiden","edit-xhwikibooks.graphml"
"0.21","0.03","0.76","0.412401448619285","1,1,1,1,2,3,2,3,3,3,2,2,3,3,3,3,3,2,4,2,5,1,3,3,3,3,3,3,1,3,2,4,2,2,4,4,3,3,5,5,5,5,1,1,1,1,5,1,1,1,5,5,5,5,5,1,1,1,1,5,3,5,5,3,3,5,5,5,5,5,1,5,3,3,5,5,5,5,5,5,5,3,3,3,3,1,5,5,5,5,3,2,4,5,5,5,3,5,5,5,5,5,5,5,5,5,5,2,2,5,5,5,5,4,4,4,4,4,4,4,4,3,3,3,3,3,3,3,3","0.000875949859619141","leiden","edit-xhwikibooks.graphml"
"0.2","0.04","0.76","0.412401448619285","1,1,1,1,2,3,2,3,3,3,2,2,3,3,3,3,3,2,4,2,5,1,3,3,3,3,3,3,1,3,2,4,2,2,4,4,3,3,5,5,5,5,1,1,1,1,5,1,1,1,5,5,5,5,5,1,1,1,1,5,3,5,5,3,3,5,5,5,5,5,1,5,3,3,5,5,5,5,5,5,5,3,3,3,3,1,5,5,5,5,3,2,4,5,5,5,3,5,5,5,5,5,5,5,5,5,5,2,2,5,5,5,5,4,4,4,4,4,4,4,4,3,3,3,3,3,3,3,3","0.000885963439941406","leiden","edit-xhwikibooks.graphml"
"0.19","0.05","0.76","0.411714376796119","1,1,1,1,2,3,2,3,3,3,2,2,3,3,3,3,3,2,4,2,5,1,3,3,3,3,3,3,1,3,2,4,2,2,4,4,3,3,5,5,5,5,1,1,1,1,5,1,1,1,5,5,5,5,5,1,1,1,1,5,3,5,5,3,3,5,5,5,5,5,1,5,3,3,5,5,5,5,5,5,5,3,3,3,3,1,5,5,5,5,3,2,4,5,5,5,3,5,5,5,5,5,5,5,5,5,5,2,2,5,5,5,5,4,4,4,4,4,4,4,4,3,3,3,3,3,3,3,3","0.000856161117553711","leiden","edit-xhwikibooks.graphml"
"0.18","0.06","0.76","0.411546375086742","1,1,1,1,1,2,3,2,2,2,3,3,2,2,2,2,2,3,4,3,5,1,2,2,2,2,2,2,1,2,3,4,3,3,4,4,2,2,5,5,5,5,1,1,1,1,5,1,1,1,5,5,5,5,5,1,1,1,1,5,2,5,5,2,2,5,5,5,5,5,1,5,2,2,5,5,5,5,5,5,5,2,2,2,2,1,5,5,5,5,2,3,4,5,5,5,2,5,5,5,5,5,5,5,5,5,5,3,3,5,5,5,5,4,4,4,4,4,4,4,4,2,2,2,2,2,2,2,2","0.000890970230102539","leiden","edit-xhwikibooks.graphml"
"0.17","0.07","0.76","0.411579719330014","1,1,1,1,2,3,2,3,3,3,2,2,3,3,3,3,3,2,4,2,5,1,3,3,3,3,3,3,1,3,2,4,2,2,4,4,3,3,5,5,5,5,1,1,1,1,5,1,1,1,5,5,5,5,5,1,1,1,1,5,3,5,5,3,3,5,5,5,5,5,1,5,3,3,5,5,5,5,5,5,5,3,3,3,3,1,5,5,5,5,3,2,4,5,5,5,3,5,5,5,5,5,5,5,5,5,5,2,2,5,5,5,5,4,4,4,4,4,4,4,4,3,3,3,3,3,3,3,3","0.00084686279296875","leiden","edit-xhwikibooks.graphml"
"0.16","0.08","0.76","0.411705806897589","1,1,1,1,1,2,3,2,2,2,3,3,2,2,2,2,2,3,3,3,4,1,2,2,2,2,2,2,1,2,3,3,3,3,3,3,2,2,4,4,4,4,1,1,1,1,4,1,1,1,4,4,4,4,4,1,1,1,1,4,2,4,4,2,2,4,4,4,4,4,1,4,2,2,4,4,4,4,4,4,4,2,2,2,2,1,4,4,4,4,2,3,3,4,4,4,2,4,4,4,4,4,4,4,4,4,4,3,3,4,4,4,4,3,3,3,3,3,3,3,3,2,2,2,2,2,2,2,2","0.000839948654174805","leiden","edit-xhwikibooks.graphml"
"0.15","0.09","0.76","0.407002885528527","1,1,1,1,2,3,2,3,3,3,2,2,3,3,3,3,3,2,4,2,5,1,3,3,3,3,3,3,1,3,2,4,2,2,4,4,3,3,5,5,5,5,1,1,1,1,5,1,1,1,5,5,5,5,5,1,1,1,1,5,3,5,5,3,3,5,5,5,5,5,1,5,3,3,5,5,5,5,5,5,5,3,3,3,3,1,5,5,5,5,3,2,4,5,5,5,3,5,5,5,5,5,5,5,5,5,5,2,2,5,5,5,5,4,4,4,4,4,4,4,4,3,3,3,3,3,3,3,3","0.000924110412597656","leiden","edit-xhwikibooks.graphml"
"0.14","0.1","0.76","0.407002885528527","1,1,1,1,2,3,2,3,3,3,2,2,3,3,3,3,3,2,4,2,5,1,3,3,3,3,3,3,1,3,2,4,2,2,4,4,3,3,5,5,5,5,1,1,1,1,5,1,1,1,5,5,5,5,5,1,1,1,1,5,3,5,5,3,3,5,5,5,5,5,1,5,3,3,5,5,5,5,5,5,5,3,3,3,3,1,5,5,5,5,3,2,4,5,5,5,3,5,5,5,5,5,5,5,5,5,5,2,2,5,5,5,5,4,4,4,4,4,4,4,4,3,3,3,3,3,3,3,3","0.000841856002807617","leiden","edit-xhwikibooks.graphml"
"0.13","0.11","0.76","0.406868552908145","1,1,1,1,2,3,2,3,3,3,2,2,3,3,3,3,3,2,4,2,5,1,3,3,3,3,3,3,1,3,2,4,2,2,4,4,3,3,5,5,5,5,1,1,1,1,5,1,1,1,5,5,5,5,5,1,1,1,1,5,3,5,5,3,3,5,5,5,5,5,1,5,3,3,5,5,5,5,5,5,5,3,3,3,3,1,5,5,5,5,3,2,4,5,5,5,3,5,5,5,5,5,5,5,5,5,5,2,2,5,5,5,5,4,4,4,4,4,4,4,4,3,3,3,3,3,3,3,3","0.0010218620300293","leiden","edit-xhwikibooks.graphml"
"0.12","0.12","0.76","0.407705119216183","1,1,1,1,2,3,2,3,3,3,2,2,3,3,3,3,3,2,4,2,5,1,3,3,3,3,3,3,1,3,2,4,2,2,4,4,3,3,5,5,5,5,1,1,1,1,5,1,1,1,5,5,5,5,5,1,1,1,1,5,3,5,5,3,3,5,5,5,5,5,1,5,3,3,5,5,5,5,5,5,5,3,3,3,3,1,5,5,5,5,3,2,4,5,5,5,3,5,5,5,5,5,5,5,5,5,5,2,2,5,5,5,5,4,4,4,4,4,4,4,4,3,3,3,3,3,3,3,3","0.000858068466186523","leiden","edit-xhwikibooks.graphml"
"0.11","0.13","0.76","0.399793085905885","1,1,1,1,2,3,2,3,3,3,2,2,3,3,3,3,3,2,4,2,5,1,3,3,3,3,3,3,1,3,2,4,2,2,4,4,3,3,5,5,5,5,1,1,1,1,5,1,1,1,5,5,5,5,5,1,1,1,1,5,3,5,5,3,3,5,5,5,5,5,1,5,3,3,5,5,5,5,5,5,5,3,3,3,3,1,5,5,5,5,3,2,4,5,5,5,3,5,5,5,5,5,5,5,5,5,5,2,2,5,5,5,5,4,4,4,4,4,4,4,4,3,3,3,3,3,3,3,3","0.000858068466186523","leiden","edit-xhwikibooks.graphml"
"0.1","0.14","0.76","0.399793085905885","1,1,1,1,2,3,2,3,3,3,2,2,3,3,3,3,3,2,4,2,5,1,3,3,3,3,3,3,1,3,2,4,2,2,4,4,3,3,5,5,5,5,1,1,1,1,5,1,1,1,5,5,5,5,5,1,1,1,1,5,3,5,5,3,3,5,5,5,5,5,1,5,3,3,5,5,5,5,5,5,5,3,3,3,3,1,5,5,5,5,3,2,4,5,5,5,3,5,5,5,5,5,5,5,5,5,5,2,2,5,5,5,5,4,4,4,4,4,4,4,4,3,3,3,3,3,3,3,3","0.00086212158203125","leiden","edit-xhwikibooks.graphml"
"0.09","0.15","0.76","0.400514781208299","1,1,1,1,2,3,2,3,3,3,2,2,3,3,3,3,3,2,4,2,5,1,3,3,3,3,3,3,1,3,2,4,2,2,4,4,3,3,5,5,5,5,1,1,1,1,5,1,1,1,5,5,5,5,5,1,1,1,1,5,3,5,5,3,3,5,5,5,5,5,1,5,3,3,5,5,5,5,5,5,5,3,3,3,3,1,5,5,5,5,3,2,4,5,5,5,3,5,5,5,5,5,5,5,5,5,5,2,2,5,5,5,5,4,4,4,4,4,4,4,4,3,3,3,3,3,3,3,3","0.000877141952514648","leiden","edit-xhwikibooks.graphml"
"0.08","0.16","0.76","0.400951487959329","1,1,1,1,2,3,2,3,3,3,2,2,3,3,3,3,3,2,4,2,5,1,3,3,3,3,3,3,1,3,2,4,2,2,4,4,3,3,5,5,5,5,1,1,1,1,5,1,1,1,5,5,5,5,5,1,1,1,1,5,3,5,5,3,3,5,5,5,5,5,1,5,3,3,5,5,5,5,5,5,5,3,3,3,3,1,5,5,5,5,3,2,4,5,5,5,3,5,5,5,5,5,5,5,5,5,5,2,2,5,5,5,5,4,4,4,4,4,4,4,4,3,3,3,3,3,3,3,3","0.000859975814819336","leiden","edit-xhwikibooks.graphml"
"0.07","0.17","0.76","0.400153161782313","1,1,1,1,1,2,3,2,2,2,3,3,2,2,2,2,2,3,3,3,4,1,2,2,2,2,2,2,1,2,3,3,3,3,3,3,2,2,4,4,4,4,1,1,1,1,4,1,1,1,4,4,4,4,4,1,1,1,1,4,2,4,4,2,2,4,4,4,4,4,1,4,2,2,4,4,4,4,4,4,4,2,2,2,2,1,4,4,4,4,2,3,3,4,4,4,2,4,4,4,4,4,4,4,4,4,4,3,3,4,4,4,4,3,3,3,3,3,3,3,3,2,2,2,2,2,2,2,2","0.000866174697875977","leiden","edit-xhwikibooks.graphml"
"0.06","0.18","0.76","0.400820147727901","1,1,1,1,2,3,2,3,3,3,2,2,3,3,3,3,3,2,4,2,5,1,3,3,3,3,3,3,1,3,2,4,2,2,4,4,3,3,5,5,5,5,1,1,1,1,5,1,1,1,5,5,5,5,5,1,1,1,1,5,3,5,5,3,3,5,5,5,5,5,1,5,3,3,5,5,5,5,5,5,5,3,3,3,3,1,5,5,5,5,3,2,4,5,5,5,3,5,5,5,5,5,5,5,5,5,5,2,2,5,5,5,5,4,4,4,4,4,4,4,4,3,3,3,3,3,3,3,3","0.000878095626831055","leiden","edit-xhwikibooks.graphml"
"0.05","0.19","0.76","0.400686492707085","1,1,1,1,2,3,2,3,3,3,2,2,3,3,3,3,3,2,4,2,5,1,3,3,3,3,3,3,1,3,2,4,2,2,4,4,3,3,5,5,5,5,1,1,1,1,5,1,1,1,5,5,5,5,5,1,1,1,1,5,3,5,5,3,3,5,5,5,5,5,1,5,3,3,5,5,5,5,5,5,5,3,3,3,3,1,5,5,5,5,3,2,4,5,5,5,3,5,5,5,5,5,5,5,5,5,5,2,2,5,5,5,5,4,4,4,4,4,4,4,4,3,3,3,3,3,3,3,3","0.000851154327392578","leiden","edit-xhwikibooks.graphml"
"0.04","0.2","0.76","0.401512597445952","1,1,1,1,2,3,2,3,3,3,2,2,3,3,3,3,3,2,4,2,5,1,3,3,3,3,3,3,1,3,2,4,2,2,4,4,3,3,5,5,5,5,1,1,1,1,5,1,1,1,5,5,5,5,5,1,1,1,1,5,3,5,5,3,3,5,5,5,5,5,1,5,3,3,5,5,5,5,5,5,5,3,3,3,3,1,5,5,5,5,3,2,4,5,5,5,3,5,5,5,5,5,5,5,5,5,5,2,2,5,5,5,5,4,4,4,4,4,4,4,4,3,3,3,3,3,3,3,3","0.000924110412597656","leiden","edit-xhwikibooks.graphml"
"0.03","0.21","0.76","0.40137898536518","1,1,1,1,2,3,2,3,3,3,2,2,3,3,3,3,3,2,4,2,5,1,3,3,3,3,3,3,1,3,2,4,2,2,4,4,3,3,5,5,5,5,1,1,1,1,5,1,1,1,5,5,5,5,5,1,1,1,1,5,3,5,5,3,3,5,5,5,5,5,1,5,3,3,5,5,5,5,5,5,5,3,3,3,3,1,5,5,5,5,3,2,4,5,5,5,3,5,5,5,5,5,5,5,5,5,5,2,2,5,5,5,5,4,4,4,4,4,4,4,4,3,3,3,3,3,3,3,3","0.000871896743774414","leiden","edit-xhwikibooks.graphml"
"0.02","0.22","0.76","0.40137898536518","1,1,1,1,2,3,2,3,3,3,2,2,3,3,3,3,3,2,4,2,5,1,3,3,3,3,3,3,1,3,2,4,2,2,4,4,3,3,5,5,5,5,1,1,1,1,5,1,1,1,5,5,5,5,5,1,1,1,1,5,3,5,5,3,3,5,5,5,5,5,1,5,3,3,5,5,5,5,5,5,5,3,3,3,3,1,5,5,5,5,3,2,4,5,5,5,3,5,5,5,5,5,5,5,5,5,5,2,2,5,5,5,5,4,4,4,4,4,4,4,4,3,3,3,3,3,3,3,3","0.000865936279296875","leiden","edit-xhwikibooks.graphml"
"0.01","0.23","0.76","0.401443889109522","1,1,1,1,1,4,2,4,4,4,3,2,4,4,4,4,4,3,3,2,5,1,4,4,4,4,4,4,1,4,3,3,2,2,3,3,4,4,5,5,5,5,1,1,1,1,5,1,1,1,5,5,5,5,5,1,1,1,1,5,4,5,5,4,4,5,5,5,5,5,1,5,4,4,5,5,5,5,5,5,5,4,4,4,4,1,5,5,5,5,4,3,3,5,5,5,4,5,5,5,5,5,5,5,5,5,5,2,2,5,5,5,5,3,3,3,3,3,3,3,3,4,4,4,4,4,4,4,4","0.00084686279296875","leiden","edit-xhwikibooks.graphml"
"0","0.24","0.76","0.404231386473057","1,1,1,1,1,2,3,2,2,2,3,3,2,2,2,2,2,3,4,3,5,1,2,2,2,2,2,2,1,2,3,4,3,3,4,4,2,2,5,5,5,5,1,1,1,1,5,1,1,1,5,5,5,5,5,1,1,1,1,5,2,5,5,2,2,5,5,5,5,5,1,5,2,2,5,5,5,5,5,5,5,2,2,2,2,1,5,5,5,5,2,3,4,5,5,5,2,5,5,5,5,5,5,5,5,5,5,3,3,5,5,5,5,4,4,4,4,4,4,4,4,2,2,2,2,2,2,2,2","0.000861883163452148","leiden","edit-xhwikibooks.graphml"
"0.23","0","0.77","0.406143046563415","1,1,1,1,2,3,2,3,3,3,2,2,3,3,3,3,3,2,4,2,5,1,3,3,3,3,3,3,1,3,2,4,2,2,4,4,3,3,5,5,5,5,1,1,1,1,5,1,1,1,5,5,5,5,5,1,1,1,1,5,3,5,5,3,3,5,5,5,5,5,1,5,3,3,5,5,5,5,5,5,5,3,3,3,3,1,5,5,5,5,3,2,4,5,5,5,3,5,5,5,5,5,5,5,5,5,5,2,2,5,5,5,5,4,4,4,4,4,4,4,4,3,3,3,3,3,3,3,3","0.000880956649780273","leiden","edit-xhwikibooks.graphml"
"0.22","0.01","0.77","0.406143046563415","1,1,1,1,2,3,2,3,3,3,2,2,3,3,3,3,3,2,4,2,5,1,3,3,3,3,3,3,1,3,2,4,2,2,4,4,3,3,5,5,5,5,1,1,1,1,5,1,1,1,5,5,5,5,5,1,1,1,1,5,3,5,5,3,3,5,5,5,5,5,1,5,3,3,5,5,5,5,5,5,5,3,3,3,3,1,5,5,5,5,3,2,4,5,5,5,3,5,5,5,5,5,5,5,5,5,5,2,2,5,5,5,5,4,4,4,4,4,4,4,4,3,3,3,3,3,3,3,3","0.000848054885864258","leiden","edit-xhwikibooks.graphml"
"0.21","0.02","0.77","0.405984706703716","1,1,1,1,1,2,3,2,2,2,3,3,2,2,2,2,2,3,4,3,5,1,2,2,2,2,2,2,1,2,3,4,3,3,4,4,2,2,5,5,5,5,1,1,1,1,5,1,1,1,5,5,5,5,5,1,1,1,1,5,2,5,5,2,2,5,5,5,5,5,1,5,2,2,5,5,5,5,5,5,5,2,2,2,2,1,5,5,5,5,2,3,4,5,5,5,2,5,5,5,5,5,5,5,5,5,5,3,3,5,5,5,5,4,4,4,4,4,4,4,4,2,2,2,2,2,2,2,2","0.000880956649780273","leiden","edit-xhwikibooks.graphml"
"0.2","0.03","0.77","0.406012051986134","1,1,1,1,2,3,2,3,3,3,2,2,3,3,3,3,3,2,4,2,5,1,3,3,3,3,3,3,1,3,2,4,2,2,4,4,3,3,5,5,5,5,1,1,1,1,5,1,1,1,5,5,5,5,5,1,1,1,1,5,3,5,5,3,3,5,5,5,5,5,1,5,3,3,5,5,5,5,5,5,5,3,3,3,3,1,5,5,5,5,3,2,4,5,5,5,3,5,5,5,5,5,5,5,5,5,5,2,2,5,5,5,5,4,4,4,4,4,4,4,4,3,3,3,3,3,3,3,3","0.000859975814819336","leiden","edit-xhwikibooks.graphml"
"0.19","0.04","0.77","0.406012051986134","1,1,1,1,2,3,2,3,3,3,2,2,3,3,3,3,3,2,4,2,5,1,3,3,3,3,3,3,1,3,2,4,2,2,4,4,3,3,5,5,5,5,1,1,1,1,5,1,1,1,5,5,5,5,5,1,1,1,1,5,3,5,5,3,3,5,5,5,5,5,1,5,3,3,5,5,5,5,5,5,5,3,3,3,3,1,5,5,5,5,3,2,4,5,5,5,3,5,5,5,5,5,5,5,5,5,5,2,2,5,5,5,5,4,4,4,4,4,4,4,4,3,3,3,3,3,3,3,3","0.000886917114257812","leiden","edit-xhwikibooks.graphml"
"0.18","0.05","0.77","0.406299015447071","1,1,1,1,2,3,2,3,3,3,2,2,3,3,3,3,3,2,4,2,5,1,3,3,3,3,3,3,1,3,2,4,2,2,4,4,3,3,5,5,5,5,1,1,1,1,5,1,1,1,5,5,5,5,5,1,1,1,1,5,3,5,5,3,3,5,5,5,5,5,1,5,3,3,5,5,5,5,5,5,5,3,3,3,3,1,5,5,5,5,3,2,4,5,5,5,3,5,5,5,5,5,5,5,5,5,5,2,2,5,5,5,5,4,4,4,4,4,4,4,4,3,3,3,3,3,3,3,3","0.00089716911315918","leiden","edit-xhwikibooks.graphml"
"0.17","0.06","0.77","0.406299015447071","1,1,1,1,2,3,2,3,3,3,2,2,3,3,3,3,3,2,4,2,5,1,3,3,3,3,3,3,1,3,2,4,2,2,4,4,3,3,5,5,5,5,1,1,1,1,5,1,1,1,5,5,5,5,5,1,1,1,1,5,3,5,5,3,3,5,5,5,5,5,1,5,3,3,5,5,5,5,5,5,5,3,3,3,3,1,5,5,5,5,3,2,4,5,5,5,3,5,5,5,5,5,5,5,5,5,5,2,2,5,5,5,5,4,4,4,4,4,4,4,4,3,3,3,3,3,3,3,3","0.000909090042114258","leiden","edit-xhwikibooks.graphml"
"0.16","0.07","0.77","0.406168142361111","1,1,1,1,2,3,2,3,3,3,2,2,3,3,3,3,3,2,4,2,5,1,3,3,3,3,3,3,1,3,2,4,2,2,4,4,3,3,5,5,5,5,1,1,1,1,5,1,1,1,5,5,5,5,5,1,1,1,1,5,3,5,5,3,3,5,5,5,5,5,1,5,3,3,5,5,5,5,5,5,5,3,3,3,3,1,5,5,5,5,3,2,4,5,5,5,3,5,5,5,5,5,5,5,5,5,5,2,2,5,5,5,5,4,4,4,4,4,4,4,4,3,3,3,3,3,3,3,3","0.000892162322998047","leiden","edit-xhwikibooks.graphml"
"0.15","0.08","0.77","0.407001329727309","1,1,1,1,2,3,2,3,3,3,2,2,3,3,3,3,3,2,4,2,5,1,3,3,3,3,3,3,1,3,2,4,2,2,4,4,3,3,5,5,5,5,1,1,1,1,5,1,1,1,5,5,5,5,5,1,1,1,1,5,3,5,5,3,3,5,5,5,5,5,1,5,3,3,5,5,5,5,5,5,5,3,3,3,3,1,5,5,5,5,3,2,4,5,5,5,3,5,5,5,5,5,5,5,5,5,5,2,2,5,5,5,5,4,4,4,4,4,4,4,4,3,3,3,3,3,3,3,3","0.000880956649780273","leiden","edit-xhwikibooks.graphml"
"0.14","0.09","0.77","0.405903038194444","1,1,1,1,2,3,2,3,3,3,2,2,3,3,3,3,3,2,4,2,5,1,3,3,3,3,3,3,1,3,2,4,2,2,4,4,3,3,5,5,5,5,1,1,1,1,5,1,1,1,5,5,5,5,5,1,1,1,1,5,3,5,5,3,3,5,5,5,5,5,1,5,3,3,5,5,5,5,5,5,5,3,3,3,3,1,5,5,5,5,3,2,4,5,5,5,3,5,5,5,5,5,5,5,5,5,5,2,2,5,5,5,5,4,4,4,4,4,4,4,4,3,3,3,3,3,3,3,3","0.000854969024658203","leiden","edit-xhwikibooks.graphml"
"0.13","0.1","0.77","0.405903038194444","1,1,1,1,2,3,2,3,3,3,2,2,3,3,3,3,3,2,4,2,5,1,3,3,3,3,3,3,1,3,2,4,2,2,4,4,3,3,5,5,5,5,1,1,1,1,5,1,1,1,5,5,5,5,5,1,1,1,1,5,3,5,5,3,3,5,5,5,5,5,1,5,3,3,5,5,5,5,5,5,5,3,3,3,3,1,5,5,5,5,3,2,4,5,5,5,3,5,5,5,5,5,5,5,5,5,5,2,2,5,5,5,5,4,4,4,4,4,4,4,4,3,3,3,3,3,3,3,3","0.000879049301147461","leiden","edit-xhwikibooks.graphml"
"0.12","0.11","0.77","0.405772289451102","1,1,1,1,2,3,2,3,3,3,2,2,3,3,3,3,3,2,4,2,5,1,3,3,3,3,3,3,1,3,2,4,2,2,4,4,3,3,5,5,5,5,1,1,1,1,5,1,1,1,5,5,5,5,5,1,1,1,1,5,3,5,5,3,3,5,5,5,5,5,1,5,3,3,5,5,5,5,5,5,5,3,3,3,3,1,5,5,5,5,3,2,4,5,5,5,3,5,5,5,5,5,5,5,5,5,5,2,2,5,5,5,5,4,4,4,4,4,4,4,4,3,3,3,3,3,3,3,3","0.000874042510986328","leiden","edit-xhwikibooks.graphml"
"0.11","0.12","0.77","0.406116972316994","1,1,1,1,2,4,2,4,4,4,3,2,4,4,4,4,4,3,3,2,5,1,4,4,4,4,4,4,1,4,3,3,2,2,3,3,4,4,5,5,5,5,1,1,1,1,5,1,1,1,5,5,5,5,5,1,1,1,1,5,4,5,5,4,4,5,5,5,5,5,1,5,4,4,5,5,5,5,5,5,5,4,4,4,4,1,5,5,5,5,4,3,3,5,5,5,4,5,5,5,5,5,5,5,5,5,5,2,2,5,5,5,5,3,3,3,3,3,3,3,3,4,4,4,4,4,4,4,4","0.00084996223449707","leiden","edit-xhwikibooks.graphml"
"0.1","0.13","0.77","0.406458505790405","1,1,1,1,2,3,2,3,3,3,2,2,3,3,3,3,3,2,4,2,5,1,3,3,3,3,3,3,1,3,2,4,2,2,4,4,3,3,5,5,5,5,1,1,1,1,5,1,1,1,5,5,5,5,5,1,1,1,1,5,3,5,5,3,3,5,5,5,5,5,1,5,3,3,5,5,5,5,5,5,5,3,3,3,3,1,5,5,5,5,3,2,4,5,5,5,3,5,5,5,5,5,5,5,5,5,5,2,2,5,5,5,5,4,4,4,4,4,4,4,4,3,3,3,3,3,3,3,3","0.000875949859619141","leiden","edit-xhwikibooks.graphml"
"0.09","0.14","0.77","0.406458505790405","1,1,1,1,2,3,2,3,3,3,2,2,3,3,3,3,3,2,4,2,5,1,3,3,3,3,3,3,1,3,2,4,2,2,4,4,3,3,5,5,5,5,1,1,1,1,5,1,1,1,5,5,5,5,5,1,1,1,1,5,3,5,5,3,3,5,5,5,5,5,1,5,3,3,5,5,5,5,5,5,5,3,3,3,3,1,5,5,5,5,3,2,4,5,5,5,3,5,5,5,5,5,5,5,5,5,5,2,2,5,5,5,5,4,4,4,4,4,4,4,4,3,3,3,3,3,3,3,3","0.000899791717529297","leiden","edit-xhwikibooks.graphml"
"0.08","0.15","0.77","0.407142113717969","1,1,1,1,2,3,2,3,3,3,2,2,3,3,3,3,3,2,4,2,5,1,3,3,3,3,3,3,1,3,2,4,2,2,4,4,3,3,5,5,5,5,1,1,1,1,5,1,1,1,5,5,5,5,5,1,1,1,1,5,3,5,5,3,3,5,5,5,5,5,1,5,3,3,5,5,5,5,5,5,5,3,3,3,3,1,5,5,5,5,3,2,4,5,5,5,3,5,5,5,5,5,5,5,5,5,5,2,2,5,5,5,5,4,4,4,4,4,4,4,4,3,3,3,3,3,3,3,3","0.000892162322998047","leiden","edit-xhwikibooks.graphml"
"0.07","0.16","0.77","0.407556811597002","1,1,1,1,2,3,2,3,3,3,2,2,3,3,3,3,3,2,4,2,5,1,3,3,3,3,3,3,1,3,2,4,2,2,4,4,3,3,5,5,5,5,1,1,1,1,5,1,1,1,5,5,5,5,5,1,1,1,1,5,3,5,5,3,3,5,5,5,5,5,1,5,3,3,5,5,5,5,5,5,5,3,3,3,3,1,5,5,5,5,3,2,4,5,5,5,3,5,5,5,5,5,5,5,5,5,5,2,2,5,5,5,5,4,4,4,4,4,4,4,4,3,3,3,3,3,3,3,3","0.000880956649780273","leiden","edit-xhwikibooks.graphml"
"0.06","0.17","0.77","0.402622681076975","1,1,1,1,2,3,2,3,3,3,2,2,3,3,3,3,3,2,4,2,5,1,3,3,3,3,3,3,1,3,2,4,2,2,4,4,3,3,5,5,5,5,1,1,1,1,5,1,1,1,5,5,5,5,5,1,1,1,1,5,3,5,5,3,3,5,5,5,5,5,1,5,3,3,5,5,5,5,5,5,5,3,3,3,3,1,5,5,5,5,3,2,4,5,5,5,3,5,5,5,5,5,5,5,5,5,5,2,2,5,5,5,5,4,4,4,4,4,4,4,4,3,3,3,3,3,3,3,3","0.000898122787475586","leiden","edit-xhwikibooks.graphml"
"0.05","0.18","0.77","0.402622681076975","1,1,1,1,2,3,2,3,3,3,2,2,3,3,3,3,3,2,4,2,5,1,3,3,3,3,3,3,1,3,2,4,2,2,4,4,3,3,5,5,5,5,1,1,1,1,5,1,1,1,5,5,5,5,5,1,1,1,1,5,3,5,5,3,3,5,5,5,5,5,1,5,3,3,5,5,5,5,5,5,5,3,3,3,3,1,5,5,5,5,3,2,4,5,5,5,3,5,5,5,5,5,5,5,5,5,5,2,2,5,5,5,5,4,4,4,4,4,4,4,4,3,3,3,3,3,3,3,3","0.000895023345947266","leiden","edit-xhwikibooks.graphml"
"0.04","0.19","0.77","0.402492329234607","1,1,1,1,2,3,2,3,3,3,2,2,3,3,3,3,3,2,4,2,5,1,3,3,3,3,3,3,1,3,2,4,2,2,4,4,3,3,5,5,5,5,1,1,1,1,5,1,1,1,5,5,5,5,5,1,1,1,1,5,3,5,5,3,3,5,5,5,5,5,1,5,3,3,5,5,5,5,5,5,5,3,3,3,3,1,5,5,5,5,3,2,4,5,5,5,3,5,5,5,5,5,5,5,5,5,5,2,2,5,5,5,5,4,4,4,4,4,4,4,4,3,3,3,3,3,3,3,3","0.000871896743774414","leiden","edit-xhwikibooks.graphml"
"0.03","0.2","0.77","0.409204510264349","1,1,1,1,1,2,3,2,2,2,3,3,2,2,2,2,2,3,4,3,5,1,2,2,2,2,2,2,1,2,3,4,3,3,4,4,2,2,5,5,5,5,1,1,1,1,5,1,1,1,5,5,5,5,5,1,1,1,1,5,2,5,5,2,2,5,5,5,5,5,1,5,2,2,5,5,5,5,5,5,5,2,2,2,2,1,5,5,5,5,2,3,4,5,5,5,2,5,5,5,5,5,5,5,5,5,5,3,3,5,5,5,5,4,4,4,4,4,4,4,4,2,2,2,2,2,2,2,2","0.000882863998413086","leiden","edit-xhwikibooks.graphml"
"0.02","0.21","0.77","0.40924166407472","1,1,1,1,2,3,2,3,3,3,2,2,3,3,3,3,3,2,4,2,5,1,3,3,3,3,3,3,1,3,2,4,2,2,4,4,3,3,5,5,5,5,1,1,1,1,5,1,1,1,5,5,5,5,5,1,1,1,1,5,3,5,5,3,3,5,5,5,5,5,1,5,3,3,5,5,5,5,5,5,5,3,3,3,3,1,5,5,5,5,3,2,4,5,5,5,3,5,5,5,5,5,5,5,5,5,5,2,2,5,5,5,5,4,4,4,4,4,4,4,4,3,3,3,3,3,3,3,3","0.000868797302246094","leiden","edit-xhwikibooks.graphml"
"0.01","0.22","0.77","0.408519705554879","1,1,1,1,1,2,3,2,2,2,3,3,2,2,2,2,2,3,3,3,4,1,2,2,2,2,2,2,1,2,3,3,3,3,3,3,2,2,4,4,4,4,1,1,1,1,4,1,1,1,4,4,4,4,4,1,1,1,1,4,2,4,4,2,2,4,4,4,4,4,1,4,2,2,4,4,4,4,4,4,4,2,2,2,2,1,4,4,4,4,2,3,3,4,4,4,2,4,4,4,4,4,4,4,4,4,4,3,3,4,4,4,4,3,3,3,3,3,3,3,3,2,2,2,2,2,2,2,2","0.000845909118652344","leiden","edit-xhwikibooks.graphml"
"0","0.23","0.77","0.41132638147044","1,1,1,1,2,3,2,3,3,3,2,2,3,3,3,3,3,2,4,2,5,1,3,3,3,3,3,3,1,3,2,4,2,2,4,4,3,3,5,5,5,5,1,1,1,1,5,1,1,1,5,5,5,5,5,1,1,1,1,5,3,5,5,3,3,5,5,5,5,5,1,5,3,3,5,5,5,5,5,5,5,3,3,3,3,1,5,5,5,5,3,2,4,5,5,5,3,5,5,5,5,5,5,5,5,5,5,2,2,5,5,5,5,4,4,4,4,4,4,4,4,3,3,3,3,3,3,3,3","0.000875949859619141","leiden","edit-xhwikibooks.graphml"
"0.22","0","0.78","0.406408575814847","1,1,1,1,2,3,2,3,3,3,2,2,3,3,3,3,3,2,4,2,5,1,3,3,3,3,3,3,1,3,2,4,2,2,4,4,3,3,5,5,5,5,1,1,1,1,5,1,1,1,5,5,5,5,5,1,1,1,1,5,3,5,5,3,3,5,5,5,5,5,1,5,3,3,5,5,5,5,5,5,5,3,3,3,3,1,5,5,5,5,3,2,4,5,5,5,3,5,5,5,5,5,5,5,5,5,5,2,2,5,5,5,5,4,4,4,4,4,4,4,4,3,3,3,3,3,3,3,3","0.000854969024658203","leiden","edit-xhwikibooks.graphml"
"0.21","0.01","0.78","0.406408575814847","1,1,1,1,2,3,2,3,3,3,2,2,3,3,3,3,3,2,4,2,5,1,3,3,3,3,3,3,1,3,2,4,2,2,4,4,3,3,5,5,5,5,1,1,1,1,5,1,1,1,5,5,5,5,5,1,1,1,1,5,3,5,5,3,3,5,5,5,5,5,1,5,3,3,5,5,5,5,5,5,5,3,3,3,3,1,5,5,5,5,3,2,4,5,5,5,3,5,5,5,5,5,5,5,5,5,5,2,2,5,5,5,5,4,4,4,4,4,4,4,4,3,3,3,3,3,3,3,3","0.000895977020263672","leiden","edit-xhwikibooks.graphml"
"0.2","0.02","0.78","0.406408575814847","1,1,1,1,2,3,2,3,3,3,2,2,3,3,3,3,3,2,4,2,5,1,3,3,3,3,3,3,1,3,2,4,2,2,4,4,3,3,5,5,5,5,1,1,1,1,5,1,1,1,5,5,5,5,5,1,1,1,1,5,3,5,5,3,3,5,5,5,5,5,1,5,3,3,5,5,5,5,5,5,5,3,3,3,3,1,5,5,5,5,3,2,4,5,5,5,3,5,5,5,5,5,5,5,5,5,5,2,2,5,5,5,5,4,4,4,4,4,4,4,4,3,3,3,3,3,3,3,3","0.000857114791870117","leiden","edit-xhwikibooks.graphml"
"0.19","0.03","0.78","0.405881134612455","1,1,1,1,2,3,2,3,3,3,2,2,3,3,3,3,3,2,4,2,5,1,3,3,3,3,3,3,1,3,2,4,2,2,4,4,3,3,5,5,5,5,1,1,1,1,5,1,1,1,5,5,5,5,5,1,1,1,1,5,3,5,5,3,3,5,5,5,5,5,1,5,3,3,5,5,5,5,5,5,5,3,3,3,3,1,5,5,5,5,3,2,4,5,5,5,3,5,5,5,5,5,5,5,5,5,5,2,2,5,5,5,5,4,4,4,4,4,4,4,4,3,3,3,3,3,3,3,3","0.000878095626831055","leiden","edit-xhwikibooks.graphml"
"0.18","0.04","0.78","0.405881134612455","1,1,1,1,2,3,2,3,3,3,2,2,3,3,3,3,3,2,4,2,5,1,3,3,3,3,3,3,1,3,2,4,2,2,4,4,3,3,5,5,5,5,1,1,1,1,5,1,1,1,5,5,5,5,5,1,1,1,1,5,3,5,5,3,3,5,5,5,5,5,1,5,3,3,5,5,5,5,5,5,5,3,3,3,3,1,5,5,5,5,3,2,4,5,5,5,3,5,5,5,5,5,5,5,5,5,5,2,2,5,5,5,5,4,4,4,4,4,4,4,4,3,3,3,3,3,3,3,3","0.000957965850830078","leiden","edit-xhwikibooks.graphml"
"0.17","0.05","0.78","0.406168142361111","1,1,1,1,2,3,2,3,3,3,2,2,3,3,3,3,3,2,4,2,5,1,3,3,3,3,3,3,1,3,2,4,2,2,4,4,3,3,5,5,5,5,1,1,1,1,5,1,1,1,5,5,5,5,5,1,1,1,1,5,3,5,5,3,3,5,5,5,5,5,1,5,3,3,5,5,5,5,5,5,5,3,3,3,3,1,5,5,5,5,3,2,4,5,5,5,3,5,5,5,5,5,5,5,5,5,5,2,2,5,5,5,5,4,4,4,4,4,4,4,4,3,3,3,3,3,3,3,3","0.000944137573242188","leiden","edit-xhwikibooks.graphml"
"0.16","0.06","0.78","0.406168142361111","1,1,1,1,2,3,2,3,3,3,2,2,3,3,3,3,3,2,4,2,5,1,3,3,3,3,3,3,1,3,2,4,2,2,4,4,3,3,5,5,5,5,1,1,1,1,5,1,1,1,5,5,5,5,5,1,1,1,1,5,3,5,5,3,3,5,5,5,5,5,1,5,3,3,5,5,5,5,5,5,5,3,3,3,3,1,5,5,5,5,3,2,4,5,5,5,3,5,5,5,5,5,5,5,5,5,5,2,2,5,5,5,5,4,4,4,4,4,4,4,4,3,3,3,3,3,3,3,3","0.000878810882568359","leiden","edit-xhwikibooks.graphml"
"0.15","0.07","0.78","0.406037346302153","1,1,1,1,2,3,2,3,3,3,2,2,3,3,3,3,3,2,4,2,5,1,3,3,3,3,3,3,1,3,2,4,2,2,4,4,3,3,5,5,5,5,1,1,1,1,5,1,1,1,5,5,5,5,5,1,1,1,1,5,3,5,5,3,3,5,5,5,5,5,1,5,3,3,5,5,5,5,5,5,5,3,3,3,3,1,5,5,5,5,3,2,4,5,5,5,3,5,5,5,5,5,5,5,5,5,5,2,2,5,5,5,5,4,4,4,4,4,4,4,4,3,3,3,3,3,3,3,3","0.000869989395141602","leiden","edit-xhwikibooks.graphml"
"0.14","0.08","0.78","0.406870469341538","1,1,1,1,2,3,2,3,3,3,2,2,3,3,3,3,3,2,4,2,5,1,3,3,3,3,3,3,1,3,2,4,2,2,4,4,3,3,5,5,5,5,1,1,1,1,5,1,1,1,5,5,5,5,5,1,1,1,1,5,3,5,5,3,3,5,5,5,5,5,1,5,3,3,5,5,5,5,5,5,5,3,3,3,3,1,5,5,5,5,3,2,4,5,5,5,3,5,5,5,5,5,5,5,5,5,5,2,2,5,5,5,5,4,4,4,4,4,4,4,4,3,3,3,3,3,3,3,3","0.00088810920715332","leiden","edit-xhwikibooks.graphml"
"0.13","0.09","0.78","0.406739685798212","1,1,1,1,2,3,2,3,3,3,2,2,3,3,3,3,3,2,4,2,5,1,3,3,3,3,3,3,1,3,2,4,2,2,4,4,3,3,5,5,5,5,1,1,1,1,5,1,1,1,5,5,5,5,5,1,1,1,1,5,3,5,5,3,3,5,5,5,5,5,1,5,3,3,5,5,5,5,5,5,5,3,3,3,3,1,5,5,5,5,3,2,4,5,5,5,3,5,5,5,5,5,5,5,5,5,5,2,2,5,5,5,5,4,4,4,4,4,4,4,4,3,3,3,3,3,3,3,3","0.000870943069458008","leiden","edit-xhwikibooks.graphml"
"0.12","0.1","0.78","0.406739685798212","1,1,1,1,2,3,2,3,3,3,2,2,3,3,3,3,3,2,4,2,5,1,3,3,3,3,3,3,1,3,2,4,2,2,4,4,3,3,5,5,5,5,1,1,1,1,5,1,1,1,5,5,5,5,5,1,1,1,1,5,3,5,5,3,3,5,5,5,5,5,1,5,3,3,5,5,5,5,5,5,5,3,3,3,3,1,5,5,5,5,3,2,4,5,5,5,3,5,5,5,5,5,5,5,5,5,5,2,2,5,5,5,5,4,4,4,4,4,4,4,4,3,3,3,3,3,3,3,3","0.000924110412597656","leiden","edit-xhwikibooks.graphml"
"0.11","0.11","0.78","0.406608979041411","1,1,1,1,2,3,2,3,3,3,2,2,3,3,3,3,3,2,4,2,5,1,3,3,3,3,3,3,1,3,2,4,2,2,4,4,3,3,5,5,5,5,1,1,1,1,5,1,1,1,5,5,5,5,5,1,1,1,1,5,3,5,5,3,3,5,5,5,5,5,1,5,3,3,5,5,5,5,5,5,5,3,3,3,3,1,5,5,5,5,3,2,4,5,5,5,3,5,5,5,5,5,5,5,5,5,5,2,2,5,5,5,5,4,4,4,4,4,4,4,4,3,3,3,3,3,3,3,3","0.000932931900024414","leiden","edit-xhwikibooks.graphml"
"0.1","0.12","0.78","0.407422938462444","1,1,1,1,2,3,2,3,3,3,2,2,3,3,3,3,3,2,4,2,5,1,3,3,3,3,3,3,1,3,2,4,2,2,4,4,3,3,5,5,5,5,1,1,1,1,5,1,1,1,5,5,5,5,5,1,1,1,1,5,3,5,5,3,3,5,5,5,5,5,1,5,3,3,5,5,5,5,5,5,5,3,3,3,3,1,5,5,5,5,3,2,4,5,5,5,3,5,5,5,5,5,5,5,5,5,5,2,2,5,5,5,5,4,4,4,4,4,4,4,4,3,3,3,3,3,3,3,3","0.000913143157958984","leiden","edit-xhwikibooks.graphml"
"0.09","0.13","0.78","0.406164997557929","1,1,1,1,1,2,3,2,2,2,3,3,2,2,2,2,2,3,4,3,5,1,2,2,2,2,2,2,1,2,3,4,3,3,4,4,2,2,5,5,5,5,1,1,1,1,5,1,1,1,5,5,5,5,5,1,1,1,1,5,2,5,5,2,2,5,5,5,5,5,1,5,2,2,5,5,5,5,5,5,5,2,2,2,2,1,5,5,5,5,2,3,4,5,5,5,2,5,5,5,5,5,5,5,5,5,5,3,3,5,5,5,5,4,4,4,4,4,4,4,4,2,2,2,2,2,2,2,2","0.000858068466186523","leiden","edit-xhwikibooks.graphml"
"0.08","0.14","0.78","0.406327859924533","1,1,1,1,2,3,2,3,3,3,2,2,3,3,3,3,3,2,4,2,5,1,3,3,3,3,3,3,1,3,2,4,2,2,4,4,3,3,5,5,5,5,1,1,1,1,5,1,1,1,5,5,5,5,5,1,1,1,1,5,3,5,5,3,3,5,5,5,5,5,1,5,3,3,5,5,5,5,5,5,5,3,3,3,3,1,5,5,5,5,3,2,4,5,5,5,3,5,5,5,5,5,5,5,5,5,5,2,2,5,5,5,5,4,4,4,4,4,4,4,4,3,3,3,3,3,3,3,3","0.00119185447692871","leiden","edit-xhwikibooks.graphml"
"0.07","0.15","0.78","0.40701149476827","1,1,1,1,2,3,2,3,3,3,2,2,3,3,3,3,3,2,4,2,5,1,3,3,3,3,3,3,1,3,2,4,2,2,4,4,3,3,5,5,5,5,1,1,1,1,5,1,1,1,5,5,5,5,5,1,1,1,1,5,3,5,5,3,3,5,5,5,5,5,1,5,3,3,5,5,5,5,5,5,5,3,3,3,3,1,5,5,5,5,3,2,4,5,5,5,3,5,5,5,5,5,5,5,5,5,5,2,2,5,5,5,5,4,4,4,4,4,4,4,4,3,3,3,3,3,3,3,3","0.00124287605285645","leiden","edit-xhwikibooks.graphml"
"0.06","0.16","0.78","0.407426161166416","1,1,1,1,2,3,2,3,3,3,2,2,3,3,3,3,3,2,4,2,5,1,3,3,3,3,3,3,1,3,2,4,2,2,4,4,3,3,5,5,5,5,1,1,1,1,5,1,1,1,5,5,5,5,5,1,1,1,1,5,3,5,5,3,3,5,5,5,5,5,1,5,3,3,5,5,5,5,5,5,5,3,3,3,3,1,5,5,5,5,3,2,4,5,5,5,3,5,5,5,5,5,5,5,5,5,5,2,2,5,5,5,5,4,4,4,4,4,4,4,4,3,3,3,3,3,3,3,3","0.00127410888671875","leiden","edit-xhwikibooks.graphml"
"0.05","0.17","0.78","0.407713350998577","1,1,1,1,2,3,2,3,3,3,2,2,3,3,3,3,3,2,4,2,5,1,3,3,3,3,3,3,1,3,2,4,2,2,4,4,3,3,5,5,5,5,1,1,1,1,5,1,1,1,5,5,5,5,5,1,1,1,1,5,3,5,5,3,3,5,5,5,5,5,1,5,3,3,5,5,5,5,5,5,5,3,3,3,3,1,5,5,5,5,3,2,4,5,5,5,3,5,5,5,5,5,5,5,5,5,5,2,2,5,5,5,5,4,4,4,4,4,4,4,4,3,3,3,3,3,3,3,3","0.00107908248901367","leiden","edit-xhwikibooks.graphml"
"0.04","0.18","0.78","0.407713350998577","1,1,1,1,2,3,2,3,3,3,2,2,3,3,3,3,3,2,4,2,5,1,3,3,3,3,3,3,1,3,2,4,2,2,4,4,3,3,5,5,5,5,1,1,1,1,5,1,1,1,5,5,5,5,5,1,1,1,1,5,3,5,5,3,3,5,5,5,5,5,1,5,3,3,5,5,5,5,5,5,5,3,3,3,3,1,5,5,5,5,3,2,4,5,5,5,3,5,5,5,5,5,5,5,5,5,5,2,2,5,5,5,5,4,4,4,4,4,4,4,4,3,3,3,3,3,3,3,3","0.00101900100708008","leiden","edit-xhwikibooks.graphml"
"0.03","0.19","0.78","0.407582819044633","1,1,1,1,2,3,2,3,3,3,2,2,3,3,3,3,3,2,4,2,5,1,3,3,3,3,3,3,1,3,2,4,2,2,4,4,3,3,5,5,5,5,1,1,1,1,5,1,1,1,5,5,5,5,5,1,1,1,1,5,3,5,5,3,3,5,5,5,5,5,1,5,3,3,5,5,5,5,5,5,5,3,3,3,3,1,5,5,5,5,3,2,4,5,5,5,3,5,5,5,5,5,5,5,5,5,5,2,2,5,5,5,5,4,4,4,4,4,4,4,4,3,3,3,3,3,3,3,3","0.00106310844421387","leiden","edit-xhwikibooks.graphml"
"0.02","0.2","0.78","0.408205054195733","1,1,1,1,1,2,3,2,2,2,3,3,2,2,2,2,2,3,4,3,5,1,2,2,2,2,2,2,1,2,3,4,3,3,4,4,2,2,5,5,5,5,1,1,1,1,5,1,1,1,5,5,5,5,5,1,1,1,1,5,2,5,5,2,2,5,5,5,5,5,1,5,2,2,5,5,5,5,5,5,5,2,2,2,2,1,5,5,5,5,2,3,4,5,5,5,2,5,5,5,5,5,5,5,5,5,5,3,3,5,5,5,5,4,4,4,4,4,4,4,4,2,2,2,2,2,2,2,2","0.00105404853820801","leiden","edit-xhwikibooks.graphml"
"0.01","0.21","0.78","0.408237250791936","1,1,1,1,2,3,2,3,3,3,2,2,3,3,3,3,3,2,4,2,5,1,3,3,3,3,3,3,1,3,2,4,2,2,4,4,3,3,5,5,5,5,1,1,1,1,5,1,1,1,5,5,5,5,5,1,1,1,1,5,3,5,5,3,3,5,5,5,5,5,1,5,3,3,5,5,5,5,5,5,5,3,3,3,3,1,5,5,5,5,3,2,4,5,5,5,3,5,5,5,5,5,5,5,5,5,5,2,2,5,5,5,5,4,4,4,4,4,4,4,4,3,3,3,3,3,3,3,3","0.0010530948638916","leiden","edit-xhwikibooks.graphml"
"0","0.22","0.78","0.409834482424732","1,1,1,1,1,2,3,2,2,2,3,3,2,2,2,2,2,3,4,3,5,1,2,2,2,2,2,2,1,2,3,4,3,3,4,4,2,2,5,5,5,5,1,1,1,1,5,1,1,1,5,5,5,5,5,1,1,1,1,5,2,5,5,2,2,5,5,5,5,5,1,5,2,2,5,5,5,5,5,5,5,2,2,2,2,1,5,5,5,5,2,3,4,5,5,5,2,5,5,5,5,5,5,5,5,5,5,3,3,5,5,5,5,4,4,4,4,4,4,4,4,2,2,2,2,2,2,2,2","0.00101613998413086","leiden","edit-xhwikibooks.graphml"
"0.21","0","0.79","0.403092558193997","1,1,1,1,2,3,2,3,3,3,2,2,3,3,3,3,3,2,4,2,5,1,3,3,3,3,3,3,1,3,2,4,2,2,4,4,3,3,5,5,5,5,1,1,1,1,5,1,1,1,5,5,5,5,5,1,1,1,1,5,3,5,5,3,3,5,5,5,5,5,1,5,3,3,5,5,5,5,5,5,5,3,3,3,3,1,5,5,5,5,3,2,4,5,5,5,3,5,5,5,5,5,5,5,5,5,5,2,2,5,5,5,5,4,4,4,4,4,4,4,4,3,3,3,3,3,3,3,3","0.00105190277099609","leiden","edit-xhwikibooks.graphml"
"0.2","0.01","0.79","0.403092558193997","1,1,1,1,2,3,2,3,3,3,2,2,3,3,3,3,3,2,4,2,5,1,3,3,3,3,3,3,1,3,2,4,2,2,4,4,3,3,5,5,5,5,1,1,1,1,5,1,1,1,5,5,5,5,5,1,1,1,1,5,3,5,5,3,3,5,5,5,5,5,1,5,3,3,5,5,5,5,5,5,5,3,3,3,3,1,5,5,5,5,3,2,4,5,5,5,3,5,5,5,5,5,5,5,5,5,5,2,2,5,5,5,5,4,4,4,4,4,4,4,4,3,3,3,3,3,3,3,3","0.00101304054260254","leiden","edit-xhwikibooks.graphml"
"0.19","0.02","0.79","0.403092558193997","1,1,1,1,2,3,2,3,3,3,2,2,3,3,3,3,3,2,4,2,5,1,3,3,3,3,3,3,1,3,2,4,2,2,4,4,3,3,5,5,5,5,1,1,1,1,5,1,1,1,5,5,5,5,5,1,1,1,1,5,3,5,5,3,3,5,5,5,5,5,1,5,3,3,5,5,5,5,5,5,5,3,3,3,3,1,5,5,5,5,3,2,4,5,5,5,3,5,5,5,5,5,5,5,5,5,5,2,2,5,5,5,5,4,4,4,4,4,4,4,4,3,3,3,3,3,3,3,3","0.00104594230651855","leiden","edit-xhwikibooks.graphml"
"0.18","0.03","0.79","0.402965062373602","1,1,1,1,2,3,2,3,3,3,2,2,3,3,3,3,3,2,4,2,5,1,3,3,3,3,3,3,1,3,2,4,2,2,4,4,3,3,5,5,5,5,1,1,1,1,5,1,1,1,5,5,5,5,5,1,1,1,1,5,3,5,5,3,3,5,5,5,5,5,1,5,3,3,5,5,5,5,5,5,5,3,3,3,3,1,5,5,5,5,3,2,4,5,5,5,3,5,5,5,5,5,5,5,5,5,5,2,2,5,5,5,5,4,4,4,4,4,4,4,4,3,3,3,3,3,3,3,3","0.00105690956115723","leiden","edit-xhwikibooks.graphml"
"0.17","0.04","0.79","0.402965062373602","1,1,1,1,2,3,2,3,3,3,2,2,3,3,3,3,3,2,4,2,5,1,3,3,3,3,3,3,1,3,2,4,2,2,4,4,3,3,5,5,5,5,1,1,1,1,5,1,1,1,5,5,5,5,5,1,1,1,1,5,3,5,5,3,3,5,5,5,5,5,1,5,3,3,5,5,5,5,5,5,5,3,3,3,3,1,5,5,5,5,3,2,4,5,5,5,3,5,5,5,5,5,5,5,5,5,5,2,2,5,5,5,5,4,4,4,4,4,4,4,4,3,3,3,3,3,3,3,3","0.00104093551635742","leiden","edit-xhwikibooks.graphml"
"0.16","0.05","0.79","0.40324986207955","1,1,1,1,2,3,2,3,3,3,2,2,3,3,3,3,3,2,4,2,5,1,3,3,3,3,3,3,1,3,2,4,2,2,4,4,3,3,5,5,5,5,1,1,1,1,5,1,1,1,5,5,5,5,5,1,1,1,1,5,3,5,5,3,3,5,5,5,5,5,1,5,3,3,5,5,5,5,5,5,5,3,3,3,3,1,5,5,5,5,3,2,4,5,5,5,3,5,5,5,5,5,5,5,5,5,5,2,2,5,5,5,5,4,4,4,4,4,4,4,4,3,3,3,3,3,3,3,3","0.00101518630981445","leiden","edit-xhwikibooks.graphml"
"0.15","0.06","0.79","0.403097548126978","1,1,1,1,1,2,3,2,2,2,3,3,2,2,2,2,2,3,4,3,5,1,2,2,2,2,2,2,1,2,3,4,3,3,4,4,2,2,5,5,5,5,1,1,1,1,5,1,1,1,5,5,5,5,5,1,1,1,1,5,2,5,5,2,2,5,5,5,5,5,1,5,2,2,5,5,5,5,5,5,5,2,2,2,2,1,5,5,5,5,2,3,4,5,5,5,2,5,5,5,5,5,5,5,5,5,5,3,3,5,5,5,5,4,4,4,4,4,4,4,4,2,2,2,2,2,2,2,2","0.00102591514587402","leiden","edit-xhwikibooks.graphml"
"0.14","0.07","0.79","0.400648563098709","1,1,1,1,2,3,2,3,3,3,2,2,3,3,3,3,3,2,4,2,5,1,3,3,3,3,3,3,1,3,2,4,2,2,4,4,3,3,5,5,5,5,1,1,1,1,5,1,1,1,5,5,5,5,5,1,1,1,1,5,3,5,5,3,3,5,5,5,5,5,1,5,3,3,5,5,5,5,5,5,5,3,3,3,3,1,5,5,5,5,3,2,4,5,5,5,3,5,5,5,5,5,5,5,5,5,5,2,2,5,5,5,5,4,4,4,4,4,4,4,4,3,3,3,3,3,3,3,3","0.00109696388244629","leiden","edit-xhwikibooks.graphml"
"0.13","0.08","0.79","0.401062456127034","1,1,1,1,2,3,2,3,3,3,2,2,3,3,3,3,3,2,4,2,5,1,3,3,3,3,3,3,1,3,2,4,2,2,4,4,3,3,5,5,5,5,1,1,1,1,5,1,1,1,5,5,5,5,5,1,1,1,1,5,3,5,5,3,3,5,5,5,5,5,1,5,3,3,5,5,5,5,5,5,5,3,3,3,3,1,5,5,5,5,3,2,4,5,5,5,3,5,5,5,5,5,5,5,5,5,5,2,2,5,5,5,5,4,4,4,4,4,4,4,4,3,3,3,3,3,3,3,3","0.00117301940917969","leiden","edit-xhwikibooks.graphml"
"0.12","0.09","0.79","0.400935315313397","1,1,1,1,2,3,2,3,3,3,2,2,3,3,3,3,3,2,4,2,5,1,3,3,3,3,3,3,1,3,2,4,2,2,4,4,3,3,5,5,5,5,1,1,1,1,5,1,1,1,5,5,5,5,5,1,1,1,1,5,3,5,5,3,3,5,5,5,5,5,1,5,3,3,5,5,5,5,5,5,5,3,3,3,3,1,5,5,5,5,3,2,4,5,5,5,3,5,5,5,5,5,5,5,5,5,5,2,2,5,5,5,5,4,4,4,4,4,4,4,4,3,3,3,3,3,3,3,3","0.00100517272949219","leiden","edit-xhwikibooks.graphml"
"0.11","0.1","0.79","0.400935315313397","1,1,1,1,2,3,2,3,3,3,2,2,3,3,3,3,3,2,4,2,5,1,3,3,3,3,3,3,1,3,2,4,2,2,4,4,3,3,5,5,5,5,1,1,1,1,5,1,1,1,5,5,5,5,5,1,1,1,1,5,3,5,5,3,3,5,5,5,5,5,1,5,3,3,5,5,5,5,5,5,5,3,3,3,3,1,5,5,5,5,3,2,4,5,5,5,3,5,5,5,5,5,5,5,5,5,5,2,2,5,5,5,5,4,4,4,4,4,4,4,4,3,3,3,3,3,3,3,3","0.00102400779724121","leiden","edit-xhwikibooks.graphml"
"0.1","0.11","0.79","0.400808248475331","1,1,1,1,2,3,2,3,3,3,2,2,3,3,3,3,3,2,4,2,5,1,3,3,3,3,3,3,1,3,2,4,2,2,4,4,3,3,5,5,5,5,1,1,1,1,5,1,1,1,5,5,5,5,5,1,1,1,1,5,3,5,5,3,3,5,5,5,5,5,1,5,3,3,5,5,5,5,5,5,5,3,3,3,3,1,5,5,5,5,3,2,4,5,5,5,3,5,5,5,5,5,5,5,5,5,5,2,2,5,5,5,5,4,4,4,4,4,4,4,4,3,3,3,3,3,3,3,3","0.00100588798522949","leiden","edit-xhwikibooks.graphml"
"0.09","0.12","0.79","0.401225416448305","1,1,1,1,2,3,2,3,3,3,2,2,3,3,3,3,3,2,4,2,5,1,3,3,3,3,3,3,1,3,2,4,2,2,4,4,3,3,5,5,5,5,1,1,1,1,5,1,1,1,5,5,5,5,5,1,1,1,1,5,3,5,5,3,3,5,5,5,5,5,1,5,3,3,5,5,5,5,5,5,5,3,3,3,3,1,5,5,5,5,3,2,4,5,5,5,3,5,5,5,5,5,5,5,5,5,5,2,2,5,5,5,5,4,4,4,4,4,4,4,4,3,3,3,3,3,3,3,3","0.000957965850830078","leiden","edit-xhwikibooks.graphml"
"0.08","0.13","0.79","0.400944081035005","1,1,1,1,1,2,3,2,2,2,3,3,2,2,2,2,2,3,4,3,5,1,2,2,2,2,2,2,1,2,3,4,3,3,4,4,2,2,5,5,5,5,1,1,1,1,5,1,1,1,5,5,5,5,5,1,1,1,1,5,2,5,5,2,2,5,5,5,5,5,1,5,2,2,5,5,5,5,5,5,5,2,2,2,2,1,5,5,5,5,2,3,4,5,5,5,2,5,5,5,5,5,5,5,5,5,5,3,3,5,5,5,5,4,4,4,4,4,4,4,4,2,2,2,2,2,2,2,2","0.00101804733276367","leiden","edit-xhwikibooks.graphml"
"0.07","0.14","0.79","0.407019063870938","1,1,1,1,2,3,2,3,3,3,2,2,3,3,3,3,3,2,4,2,5,1,3,3,3,3,3,3,1,3,2,4,2,2,4,4,3,3,5,5,5,5,1,1,1,1,5,1,1,1,5,5,5,5,5,1,1,1,1,5,3,5,5,3,3,5,5,5,5,5,1,5,3,3,5,5,5,5,5,5,5,3,3,3,3,1,5,5,5,5,3,2,4,5,5,5,3,5,5,5,5,5,5,5,5,5,5,2,2,5,5,5,5,4,4,4,4,4,4,4,4,3,3,3,3,3,3,3,3","0.00100207328796387","leiden","edit-xhwikibooks.graphml"
"0.06","0.15","0.79","0.407699788784106","1,1,1,1,2,3,2,3,3,3,2,2,3,3,3,3,3,2,4,2,5,1,3,3,3,3,3,3,1,3,2,4,2,2,4,4,3,3,5,5,5,5,1,1,1,1,5,1,1,1,5,5,5,5,5,1,1,1,1,5,3,5,5,3,3,5,5,5,5,5,1,5,3,3,5,5,5,5,5,5,5,3,3,3,3,1,5,5,5,5,3,2,4,5,5,5,3,5,5,5,5,5,5,5,5,5,5,2,2,5,5,5,5,4,4,4,4,4,4,4,4,3,3,3,3,3,3,3,3","0.000967025756835938","leiden","edit-xhwikibooks.graphml"
"0.05","0.16","0.79","0.408112810685455","1,1,1,1,2,3,2,3,3,3,2,2,3,3,3,3,3,2,4,2,5,1,3,3,3,3,3,3,1,3,2,4,2,2,4,4,3,3,5,5,5,5,1,1,1,1,5,1,1,1,5,5,5,5,5,1,1,1,1,5,3,5,5,3,3,5,5,5,5,5,1,5,3,3,5,5,5,5,5,5,5,3,3,3,3,1,5,5,5,5,3,2,4,5,5,5,3,5,5,5,5,5,5,5,5,5,5,2,2,5,5,5,5,4,4,4,4,4,4,4,4,3,3,3,3,3,3,3,3","0.000938892364501953","leiden","edit-xhwikibooks.graphml"
"0.04","0.17","0.79","0.40744023800291","1,1,1,1,2,3,2,3,3,3,2,2,3,3,3,3,3,2,4,2,5,1,3,3,3,3,3,3,1,3,2,4,2,2,4,4,3,3,5,5,5,5,1,1,1,1,5,1,1,1,5,5,5,5,5,1,1,1,1,5,3,5,5,3,3,5,5,5,5,5,1,5,3,3,5,5,5,5,5,5,5,3,3,3,3,1,5,5,5,5,3,2,4,5,5,5,3,5,5,5,5,5,5,5,5,5,5,2,2,5,5,5,5,4,4,4,4,4,4,4,4,3,3,3,3,3,3,3,3","0.000936031341552734","leiden","edit-xhwikibooks.graphml"
"0.03","0.18","0.79","0.40744023800291","1,1,1,1,2,3,2,3,3,3,2,2,3,3,3,3,3,2,4,2,5,1,3,3,3,3,3,3,1,3,2,4,2,2,4,4,3,3,5,5,5,5,1,1,1,1,5,1,1,1,5,5,5,5,5,1,1,1,1,5,3,5,5,3,3,5,5,5,5,5,1,5,3,3,5,5,5,5,5,5,5,3,3,3,3,1,5,5,5,5,3,2,4,5,5,5,3,5,5,5,5,5,5,5,5,5,5,2,2,5,5,5,5,4,4,4,4,4,4,4,4,3,3,3,3,3,3,3,3","0.000940084457397461","leiden","edit-xhwikibooks.graphml"
"0.02","0.19","0.79","0.407309900492377","1,1,1,1,2,3,2,3,3,3,2,2,3,3,3,3,3,2,4,2,5,1,3,3,3,3,3,3,1,3,2,4,2,2,4,4,3,3,5,5,5,5,1,1,1,1,5,1,1,1,5,5,5,5,5,1,1,1,1,5,3,5,5,3,3,5,5,5,5,5,1,5,3,3,5,5,5,5,5,5,5,3,3,3,3,1,5,5,5,5,3,2,4,5,5,5,3,5,5,5,5,5,5,5,5,5,5,2,2,5,5,5,5,4,4,4,4,4,4,4,4,3,3,3,3,3,3,3,3","0.000945806503295898","leiden","edit-xhwikibooks.graphml"
"0.01","0.2","0.79","0.408094680846504","1,1,1,1,2,3,2,3,3,3,2,2,3,3,3,3,3,2,4,2,5,1,3,3,3,3,3,3,1,3,2,4,2,2,4,4,3,3,5,5,5,5,1,1,1,1,5,1,1,1,5,5,5,5,5,1,1,1,1,5,3,5,5,3,3,5,5,5,5,5,1,5,3,3,5,5,5,5,5,5,5,3,3,3,3,1,5,5,5,5,3,2,4,5,5,5,3,5,5,5,5,5,5,5,5,5,5,2,2,5,5,5,5,4,4,4,4,4,4,4,4,3,3,3,3,3,3,3,3","0.00096893310546875","leiden","edit-xhwikibooks.graphml"
"0","0.21","0.79","0.409560139460041","1,1,1,1,1,2,3,2,2,2,3,3,2,2,2,2,2,3,4,3,5,1,2,2,2,2,2,2,1,2,3,4,3,3,4,4,2,2,5,5,5,5,1,1,1,1,5,1,1,1,5,5,5,5,5,1,1,1,1,5,2,5,5,2,2,5,5,5,5,5,1,5,2,2,5,5,5,5,5,5,5,2,2,2,2,1,5,5,5,5,2,3,4,5,5,5,2,5,5,5,5,5,5,5,5,5,5,3,3,5,5,5,5,4,4,4,4,4,4,4,4,2,2,2,2,2,2,2,2","0.000955104827880859","leiden","edit-xhwikibooks.graphml"
"0.2","0","0.8","0.406410749649753","1,1,1,2,3,2,3,2,2,2,3,3,2,2,2,2,2,3,4,3,5,1,2,2,2,2,2,2,1,2,3,4,3,3,4,4,2,2,5,5,5,5,1,1,1,1,5,1,1,1,5,5,5,5,5,1,1,1,1,5,2,5,5,2,2,5,5,5,5,5,1,5,2,2,5,5,5,5,5,5,5,2,2,2,2,1,5,5,5,5,2,3,4,5,5,5,2,5,5,5,5,5,5,5,5,5,5,3,3,5,5,5,5,4,4,4,4,4,4,4,4,2,2,2,2,2,2,2,2","0.000996112823486328","leiden","edit-xhwikibooks.graphml"
"0.19","0.01","0.8","0.402965062373602","1,1,1,1,2,3,2,3,3,3,2,2,3,3,3,3,3,2,4,2,5,1,3,3,3,3,3,3,1,3,2,4,2,2,4,4,3,3,5,5,5,5,1,1,1,1,5,1,1,1,5,5,5,5,5,1,1,1,1,5,3,5,5,3,3,5,5,5,5,5,1,5,3,3,5,5,5,5,5,5,5,3,3,3,3,1,5,5,5,5,3,2,4,5,5,5,3,5,5,5,5,5,5,5,5,5,5,2,2,5,5,5,5,4,4,4,4,4,4,4,4,3,3,3,3,3,3,3,3","0.00101304054260254","leiden","edit-xhwikibooks.graphml"
"0.18","0.02","0.8","0.402813497088102","1,1,1,1,1,3,2,3,3,3,2,2,3,3,3,3,3,2,4,2,5,1,3,3,3,3,3,3,1,3,2,4,2,2,4,4,3,3,5,5,5,5,1,1,1,1,5,1,1,1,5,5,5,5,5,1,1,1,1,5,3,5,5,3,3,5,5,5,5,5,1,5,3,3,5,5,5,5,5,5,5,3,3,3,3,1,5,5,5,5,3,2,4,5,5,5,3,5,5,5,5,5,5,5,5,5,5,2,2,5,5,5,5,4,4,4,4,4,4,4,4,3,3,3,3,3,3,3,3","0.00101590156555176","leiden","edit-xhwikibooks.graphml"
"0.17","0.03","0.8","0.402837640457274","1,1,1,1,2,3,2,3,3,3,2,2,3,3,3,3,3,2,4,2,5,1,3,3,3,3,3,3,1,3,2,4,2,2,4,4,3,3,5,5,5,5,1,1,1,1,5,1,1,1,5,5,5,5,5,1,1,1,1,5,3,5,5,3,3,5,5,5,5,5,1,5,3,3,5,5,5,5,5,5,5,3,3,3,3,1,5,5,5,5,3,2,4,5,5,5,3,5,5,5,5,5,5,5,5,5,5,2,2,5,5,5,5,4,4,4,4,4,4,4,4,3,3,3,3,3,3,3,3","0.00097203254699707","leiden","edit-xhwikibooks.graphml"
"0.16","0.04","0.8","0.40324986207955","1,1,1,1,2,3,2,3,3,3,2,2,3,3,3,3,3,2,4,2,5,1,3,3,3,3,3,3,1,3,2,4,2,2,4,4,3,3,5,5,5,5,1,1,1,1,5,1,1,1,5,5,5,5,5,1,1,1,1,5,3,5,5,3,3,5,5,5,5,5,1,5,3,3,5,5,5,5,5,5,5,3,3,3,3,1,5,5,5,5,3,2,4,5,5,5,3,5,5,5,5,5,5,5,5,5,5,2,2,5,5,5,5,4,4,4,4,4,4,4,4,3,3,3,3,3,3,3,3","0.00100111961364746","leiden","edit-xhwikibooks.graphml"
"0.15","0.05","0.8","0.403122480079364","1,1,1,1,2,3,2,3,3,3,2,2,3,3,3,3,3,2,4,2,5,1,3,3,3,3,3,3,1,3,2,4,2,2,4,4,3,3,5,5,5,5,1,1,1,1,5,1,1,1,5,5,5,5,5,1,1,1,1,5,3,5,5,3,3,5,5,5,5,5,1,5,3,3,5,5,5,5,5,5,5,3,3,3,3,1,5,5,5,5,3,2,4,5,5,5,3,5,5,5,5,5,5,5,5,5,5,2,2,5,5,5,5,4,4,4,4,4,4,4,4,3,3,3,3,3,3,3,3","0.00105094909667969","leiden","edit-xhwikibooks.graphml"
"0.14","0.06","0.8","0.403122480079364","1,1,1,1,2,3,2,3,3,3,2,2,3,3,3,3,3,2,4,2,5,1,3,3,3,3,3,3,1,3,2,4,2,2,4,4,3,3,5,5,5,5,1,1,1,1,5,1,1,1,5,5,5,5,5,1,1,1,1,5,3,5,5,3,3,5,5,5,5,5,1,5,3,3,5,5,5,5,5,5,5,3,3,3,3,1,5,5,5,5,3,2,4,5,5,5,3,5,5,5,5,5,5,5,5,5,5,2,2,5,5,5,5,4,4,4,4,4,4,4,4,3,3,3,3,3,3,3,3","0.00100111961364746","leiden","edit-xhwikibooks.graphml"
"0.13","0.07","0.8","0.403406521671485","1,1,1,1,2,3,2,3,3,3,2,2,3,3,3,3,3,2,4,2,5,1,3,3,3,3,3,3,1,3,2,4,2,2,4,4,3,3,5,5,5,5,1,1,1,1,5,1,1,1,5,5,5,5,5,1,1,1,1,5,3,5,5,3,3,5,5,5,5,5,1,5,3,3,5,5,5,5,5,5,5,3,3,3,3,1,5,5,5,5,3,2,4,5,5,5,3,5,5,5,5,5,5,5,5,5,5,2,2,5,5,5,5,4,4,4,4,4,4,4,4,3,3,3,3,3,3,3,3","0.000874042510986328","leiden","edit-xhwikibooks.graphml"
"0.12","0.08","0.8","0.403817069231865","1,1,1,1,2,3,2,3,3,3,2,2,3,3,3,3,3,2,4,2,5,1,3,3,3,3,3,3,1,3,2,4,2,2,4,4,3,3,5,5,5,5,1,1,1,1,5,1,1,1,5,5,5,5,5,1,1,1,1,5,3,5,5,3,3,5,5,5,5,5,1,5,3,3,5,5,5,5,5,5,5,3,3,3,3,1,5,5,5,5,3,2,4,5,5,5,3,5,5,5,5,5,5,5,5,5,5,2,2,5,5,5,5,4,4,4,4,4,4,4,4,3,3,3,3,3,3,3,3","0.000867843627929688","leiden","edit-xhwikibooks.graphml"
"0.11","0.09","0.8","0.403689767995241","1,1,1,1,2,3,2,3,3,3,2,2,3,3,3,3,3,2,4,2,5,1,3,3,3,3,3,3,1,3,2,4,2,2,4,4,3,3,5,5,5,5,1,1,1,1,5,1,1,1,5,5,5,5,5,1,1,1,1,5,3,5,5,3,3,5,5,5,5,5,1,5,3,3,5,5,5,5,5,5,5,3,3,3,3,1,5,5,5,5,3,2,4,5,5,5,3,5,5,5,5,5,5,5,5,5,5,2,2,5,5,5,5,4,4,4,4,4,4,4,4,3,3,3,3,3,3,3,3","0.000878095626831055","leiden","edit-xhwikibooks.graphml"
"0.1","0.1","0.8","0.403536089629189","1,1,1,1,1,2,3,2,2,2,3,3,2,2,2,2,2,3,4,3,5,1,2,2,2,2,2,2,1,2,3,4,3,3,4,4,2,2,5,5,5,5,1,1,1,1,5,1,1,1,5,5,5,5,5,1,1,1,1,5,2,5,5,2,2,5,5,5,5,5,1,5,2,2,5,5,5,5,5,5,5,2,2,2,2,1,5,5,5,5,2,3,4,5,5,5,2,5,5,5,5,5,5,5,5,5,5,3,3,5,5,5,5,4,4,4,4,4,4,4,4,2,2,2,2,2,2,2,2","0.000890970230102539","leiden","edit-xhwikibooks.graphml"
"0.09","0.11","0.8","0.403562540276835","1,1,1,1,2,3,2,3,3,3,2,2,3,3,3,3,3,2,4,2,5,1,3,3,3,3,3,3,1,3,2,4,2,2,4,4,3,3,5,5,5,5,1,1,1,1,5,1,1,1,5,5,5,5,5,1,1,1,1,5,3,5,5,3,3,5,5,5,5,5,1,5,3,3,5,5,5,5,5,5,5,3,3,3,3,1,5,5,5,5,3,2,4,5,5,5,3,5,5,5,5,5,5,5,5,5,5,2,2,5,5,5,5,4,4,4,4,4,4,4,4,3,3,3,3,3,3,3,3","0.000895023345947266","leiden","edit-xhwikibooks.graphml"
"0.08","0.12","0.8","0.404363796531335","1,1,1,1,2,3,2,3,3,3,2,2,3,3,3,3,3,2,4,2,5,1,3,3,3,3,3,3,1,3,2,4,2,2,4,4,3,3,5,5,5,5,1,1,1,1,5,1,1,1,5,5,5,5,5,1,1,1,1,5,3,5,5,3,3,5,5,5,5,5,1,5,3,3,5,5,5,5,5,5,5,3,3,3,3,1,5,5,5,5,3,2,4,5,5,5,3,5,5,5,5,5,5,5,5,5,5,2,2,5,5,5,5,4,4,4,4,4,4,4,4,3,3,3,3,3,3,3,3","0.000910043716430664","leiden","edit-xhwikibooks.graphml"
"0.07","0.13","0.8","0.404236591330747","1,1,1,1,2,3,2,3,3,3,2,2,3,3,3,3,3,2,4,2,5,1,3,3,3,3,3,3,1,3,2,4,2,2,4,4,3,3,5,5,5,5,1,1,1,1,5,1,1,1,5,5,5,5,5,1,1,1,1,5,3,5,5,3,3,5,5,5,5,5,1,5,3,3,5,5,5,5,5,5,5,3,3,3,3,1,5,5,5,5,3,2,4,5,5,5,3,5,5,5,5,5,5,5,5,5,5,2,2,5,5,5,5,4,4,4,4,4,4,4,4,3,3,3,3,3,3,3,3","0.000872135162353516","leiden","edit-xhwikibooks.graphml"
"0.06","0.14","0.8","0.404236591330747","1,1,1,1,2,3,2,3,3,3,2,2,3,3,3,3,3,2,4,2,5,1,3,3,3,3,3,3,1,3,2,4,2,2,4,4,3,3,5,5,5,5,1,1,1,1,5,1,1,1,5,5,5,5,5,1,1,1,1,5,3,5,5,3,3,5,5,5,5,5,1,5,3,3,5,5,5,5,5,5,5,3,3,3,3,1,5,5,5,5,3,2,4,5,5,5,3,5,5,5,5,5,5,5,5,5,5,2,2,5,5,5,5,4,4,4,4,4,4,4,4,3,3,3,3,3,3,3,3","0.000889062881469727","leiden","edit-xhwikibooks.graphml"
"0.05","0.15","0.8","0.40490814380138","1,1,1,1,2,3,2,3,3,3,2,2,3,3,3,3,3,2,4,2,5,1,3,3,3,3,3,3,1,3,2,4,2,2,4,4,3,3,5,5,5,5,1,1,1,1,5,1,1,1,5,5,5,5,5,1,1,1,1,5,3,5,5,3,3,5,5,5,5,5,1,5,3,3,5,5,5,5,5,5,5,3,3,3,3,1,5,5,5,5,3,2,4,5,5,5,3,5,5,5,5,5,5,5,5,5,5,2,2,5,5,5,5,4,4,4,4,4,4,4,4,3,3,3,3,3,3,3,3","0.000901937484741211","leiden","edit-xhwikibooks.graphml"
"0.04","0.16","0.8","0.40531592060711","1,1,1,1,2,3,2,3,3,3,2,2,3,3,3,3,3,2,4,2,5,1,3,3,3,3,3,3,1,3,2,4,2,2,4,4,3,3,5,5,5,5,1,1,1,1,5,1,1,1,5,5,5,5,5,1,1,1,1,5,3,5,5,3,3,5,5,5,5,5,1,5,3,3,5,5,5,5,5,5,5,3,3,3,3,1,5,5,5,5,3,2,4,5,5,5,3,5,5,5,5,5,5,5,5,5,5,2,2,5,5,5,5,4,4,4,4,4,4,4,4,3,3,3,3,3,3,3,3","0.0010981559753418","leiden","edit-xhwikibooks.graphml"
"0.03","0.17","0.8","0.405597534789949","1,1,1,1,2,3,2,3,3,3,2,2,3,3,3,3,3,2,4,2,5,1,3,3,3,3,3,3,1,3,2,4,2,2,4,4,3,3,5,5,5,5,1,1,1,1,5,1,1,1,5,5,5,5,5,1,1,1,1,5,3,5,5,3,3,5,5,5,5,5,1,5,3,3,5,5,5,5,5,5,5,3,3,3,3,1,5,5,5,5,3,2,4,5,5,5,3,5,5,5,5,5,5,5,5,5,5,2,2,5,5,5,5,4,4,4,4,4,4,4,4,3,3,3,3,3,3,3,3","0.000864028930664062","leiden","edit-xhwikibooks.graphml"
"0.02","0.18","0.8","0.405597534789949","1,1,1,1,2,3,2,3,3,3,2,2,3,3,3,3,3,2,4,2,5,1,3,3,3,3,3,3,1,3,2,4,2,2,4,4,3,3,5,5,5,5,1,1,1,1,5,1,1,1,5,5,5,5,5,1,1,1,1,5,3,5,5,3,3,5,5,5,5,5,1,5,3,3,5,5,5,5,5,5,5,3,3,3,3,1,5,5,5,5,3,2,4,5,5,5,3,5,5,5,5,5,5,5,5,5,5,2,2,5,5,5,5,4,4,4,4,4,4,4,4,3,3,3,3,3,3,3,3","0.000884056091308594","leiden","edit-xhwikibooks.graphml"
"0.01","0.19","0.8","0.405470433966427","1,1,1,1,2,3,2,3,3,3,2,2,3,3,3,3,3,2,4,2,5,1,3,3,3,3,3,3,1,3,2,4,2,2,4,4,3,3,5,5,5,5,1,1,1,1,5,1,1,1,5,5,5,5,5,1,1,1,1,5,3,5,5,3,3,5,5,5,5,5,1,5,3,3,5,5,5,5,5,5,5,3,3,3,3,1,5,5,5,5,3,2,4,5,5,5,3,5,5,5,5,5,5,5,5,5,5,2,2,5,5,5,5,4,4,4,4,4,4,4,4,3,3,3,3,3,3,3,3","0.000838994979858398","leiden","edit-xhwikibooks.graphml"
"0","0.2","0.8","0.407827377081166","1,1,1,1,1,2,3,2,2,2,3,3,2,2,2,2,2,3,4,3,5,1,2,2,2,2,2,2,1,2,3,4,3,3,4,4,2,2,5,5,5,5,1,1,1,1,5,1,1,1,5,5,5,5,5,1,1,1,1,5,2,5,5,2,2,5,5,5,5,5,1,5,2,2,5,5,5,5,5,5,5,2,2,2,2,1,5,5,5,5,2,3,4,5,5,5,2,5,5,5,5,5,5,5,5,5,5,3,3,5,5,5,5,4,4,4,4,4,4,4,4,2,2,2,2,2,2,2,2","0.00088191032409668","leiden","edit-xhwikibooks.graphml"
"0.19","0","0.81","0.400362997712023","1,1,1,2,3,2,3,2,2,2,3,3,2,2,2,2,2,3,4,3,5,1,2,2,2,2,2,2,1,2,3,4,3,3,4,4,2,2,5,5,5,5,1,1,1,1,5,1,1,1,5,5,5,5,5,1,1,1,1,5,2,5,5,2,2,5,5,5,5,5,1,5,2,2,5,5,5,5,5,5,5,2,2,2,2,1,5,5,5,5,2,3,4,5,5,5,2,5,5,5,5,5,5,5,5,5,5,3,3,5,5,5,5,4,4,4,4,4,4,4,4,2,2,2,2,2,2,2,2","0.000900030136108398","leiden","edit-xhwikibooks.graphml"
"0.18","0.01","0.81","0.400362997712023","1,1,1,2,3,2,3,2,2,2,3,3,2,2,2,2,2,3,4,3,5,1,2,2,2,2,2,2,1,2,3,4,3,3,4,4,2,2,5,5,5,5,1,1,1,1,5,1,1,1,5,5,5,5,5,1,1,1,1,5,2,5,5,2,2,5,5,5,5,5,1,5,2,2,5,5,5,5,5,5,5,2,2,2,2,1,5,5,5,5,2,3,4,5,5,5,2,5,5,5,5,5,5,5,5,5,5,3,3,5,5,5,5,4,4,4,4,4,4,4,4,2,2,2,2,2,2,2,2","0.000893115997314453","leiden","edit-xhwikibooks.graphml"
"0.17","0.02","0.81","0.400362997712023","1,1,1,2,3,2,3,2,2,2,3,3,2,2,2,2,2,3,4,3,5,1,2,2,2,2,2,2,1,2,3,4,3,3,4,4,2,2,5,5,5,5,1,1,1,1,5,1,1,1,5,5,5,5,5,1,1,1,1,5,2,5,5,2,2,5,5,5,5,5,1,5,2,2,5,5,5,5,5,5,5,2,2,2,2,1,5,5,5,5,2,3,4,5,5,5,2,5,5,5,5,5,5,5,5,5,5,3,3,5,5,5,5,4,4,4,4,4,4,4,4,2,2,2,2,2,2,2,2","0.000894784927368164","leiden","edit-xhwikibooks.graphml"
"0.16","0.03","0.81","0.400238964460882","1,1,1,3,2,3,2,3,3,3,2,2,3,3,3,3,3,2,4,2,5,1,3,3,3,3,3,3,1,3,2,4,2,2,4,4,3,3,5,5,5,5,1,1,1,1,5,1,1,1,5,5,5,5,5,1,1,1,1,5,3,5,5,3,3,5,5,5,5,5,1,5,3,3,5,5,5,5,5,5,5,3,3,3,3,1,5,5,5,5,3,2,4,5,5,5,3,5,5,5,5,5,5,5,5,5,5,2,2,5,5,5,5,4,4,4,4,4,4,4,4,3,3,3,3,3,3,3,3","0.000864982604980469","leiden","edit-xhwikibooks.graphml"
"0.15","0.04","0.81","0.400646315907339","1,1,1,2,3,2,3,2,2,2,3,3,2,2,2,2,2,3,4,3,5,1,2,2,2,2,2,2,1,2,3,4,3,3,4,4,2,2,5,5,5,5,1,1,1,1,5,1,1,1,5,5,5,5,5,1,1,1,1,5,2,5,5,2,2,5,5,5,5,5,1,5,2,2,5,5,5,5,5,5,5,2,2,2,2,1,5,5,5,5,2,3,4,5,5,5,2,5,5,5,5,5,5,5,5,5,5,3,3,5,5,5,5,4,4,4,4,4,4,4,4,2,2,2,2,2,2,2,2","0.000900983810424805","leiden","edit-xhwikibooks.graphml"
"0.14","0.05","0.81","0.400522317715729","1,1,1,2,3,2,3,2,2,2,3,3,2,2,2,2,2,3,4,3,5,1,2,2,2,2,2,2,1,2,3,4,3,3,4,4,2,2,5,5,5,5,1,1,1,1,5,1,1,1,5,5,5,5,5,1,1,1,1,5,2,5,5,2,2,5,5,5,5,5,1,5,2,2,5,5,5,5,5,5,5,2,2,2,2,1,5,5,5,5,2,3,4,5,5,5,2,5,5,5,5,5,5,5,5,5,5,3,3,5,5,5,5,4,4,4,4,4,4,4,4,2,2,2,2,2,2,2,2","0.000917196273803711","leiden","edit-xhwikibooks.graphml"
"0.13","0.06","0.81","0.398274548107686","1,1,1,1,2,3,2,3,3,3,2,2,3,3,3,3,3,2,4,2,5,1,3,3,3,3,3,3,1,3,2,4,2,2,4,4,3,3,5,5,5,5,1,1,1,1,5,1,1,1,5,5,5,5,5,1,1,1,1,5,3,5,5,3,3,5,5,5,5,5,1,5,3,3,5,5,5,5,5,5,5,3,3,3,3,1,5,5,5,5,3,2,4,5,5,5,3,5,5,5,5,5,5,5,5,5,5,2,2,5,5,5,5,4,4,4,4,4,4,4,4,3,3,3,3,3,3,3,3","0.00108695030212402","leiden","edit-xhwikibooks.graphml"
"0.12","0.07","0.81","0.398558822294972","1,1,1,1,2,3,2,3,3,3,2,2,3,3,3,3,3,2,4,2,5,1,3,3,3,3,3,3,1,3,2,4,2,2,4,4,3,3,5,5,5,5,1,1,1,1,5,1,1,1,5,5,5,5,5,1,1,1,1,5,3,5,5,3,3,5,5,5,5,5,1,5,3,3,5,5,5,5,5,5,5,3,3,3,3,1,5,5,5,5,3,2,4,5,5,5,3,5,5,5,5,5,5,5,5,5,5,2,2,5,5,5,5,4,4,4,4,4,4,4,4,3,3,3,3,3,3,3,3","0.000865936279296875","leiden","edit-xhwikibooks.graphml"
"0.11","0.08","0.81","0.404421244405014","1,1,2,2,2,3,2,3,3,3,2,2,3,3,3,3,3,2,4,2,5,1,3,3,3,3,3,3,1,3,2,4,2,2,4,4,3,3,5,5,5,5,1,1,1,1,5,1,1,1,5,5,5,5,5,1,1,1,1,5,3,5,5,3,3,5,5,5,5,5,1,5,3,3,5,5,5,5,5,5,5,3,3,3,3,1,5,5,5,5,3,2,4,5,5,5,3,5,5,5,5,5,5,5,5,5,5,2,2,5,5,5,5,4,4,4,4,4,4,4,4,3,3,3,3,3,3,3,3","0.000875949859619141","leiden","edit-xhwikibooks.graphml"
"0.1","0.09","0.81","0.404460843286178","1,1,1,1,1,2,3,2,2,2,3,3,2,2,2,2,2,3,4,3,5,1,2,2,2,2,2,2,1,2,3,4,3,3,4,4,2,2,5,5,5,5,1,1,1,1,5,1,1,1,5,5,5,5,5,1,1,1,1,5,2,5,5,2,2,5,5,5,5,5,1,5,2,2,5,5,5,5,5,5,5,2,2,2,2,1,5,5,5,5,2,3,4,5,5,5,2,5,5,5,5,5,5,5,5,5,5,3,3,5,5,5,5,4,4,4,4,4,4,4,4,2,2,2,2,2,2,2,2","0.000883102416992188","leiden","edit-xhwikibooks.graphml"
"0.09","0.1","0.81","0.404614517229929","1,1,1,1,2,3,2,3,3,3,2,2,3,3,3,3,3,2,4,2,5,1,3,3,3,3,3,3,1,3,2,4,2,2,4,4,3,3,5,5,5,5,1,1,1,1,5,1,1,1,5,5,5,5,5,1,1,1,1,5,3,5,5,3,3,5,5,5,5,5,1,5,3,3,5,5,5,5,5,5,5,3,3,3,3,1,5,5,5,5,3,2,4,5,5,5,3,5,5,5,5,5,5,5,5,5,5,2,2,5,5,5,5,4,4,4,4,4,4,4,4,3,3,3,3,3,3,3,3","0.000882863998413086","leiden","edit-xhwikibooks.graphml"
"0.08","0.11","0.81","0.403297712558262","1,1,1,1,2,3,2,3,3,3,2,2,3,3,3,3,3,2,4,2,5,1,3,3,3,3,3,3,1,3,2,4,2,2,4,4,3,3,5,5,5,5,1,1,1,1,5,1,1,1,5,5,5,5,5,1,1,1,1,5,3,5,5,3,3,5,5,5,5,5,1,5,3,3,5,5,5,5,5,5,5,3,3,3,3,1,5,5,5,5,3,2,4,5,5,5,3,5,5,5,5,5,5,5,5,5,5,2,2,5,5,5,5,4,4,4,4,4,4,4,4,3,3,3,3,3,3,3,3","0.000900983810424805","leiden","edit-xhwikibooks.graphml"
"0.07","0.12","0.81","0.404098811851703","1,1,1,1,2,3,2,3,3,3,2,2,3,3,3,3,3,2,4,2,5,1,3,3,3,3,3,3,1,3,2,4,2,2,4,4,3,3,5,5,5,5,1,1,1,1,5,1,1,1,5,5,5,5,5,1,1,1,1,5,3,5,5,3,3,5,5,5,5,5,1,5,3,3,5,5,5,5,5,5,5,3,3,3,3,1,5,5,5,5,3,2,4,5,5,5,3,5,5,5,5,5,5,5,5,5,5,2,2,5,5,5,5,4,4,4,4,4,4,4,4,3,3,3,3,3,3,3,3","0.000914096832275391","leiden","edit-xhwikibooks.graphml"
"0.06","0.13","0.81","0.403971791696325","1,1,1,1,2,3,2,3,3,3,2,2,3,3,3,3,3,2,4,2,5,1,3,3,3,3,3,3,1,3,2,4,2,2,4,4,3,3,5,5,5,5,1,1,1,1,5,1,1,1,5,5,5,5,5,1,1,1,1,5,3,5,5,3,3,5,5,5,5,5,1,5,3,3,5,5,5,5,5,5,5,3,3,3,3,1,5,5,5,5,3,2,4,5,5,5,3,5,5,5,5,5,5,5,5,5,5,2,2,5,5,5,5,4,4,4,4,4,4,4,4,3,3,3,3,3,3,3,3","0.000912904739379883","leiden","edit-xhwikibooks.graphml"
"0.05","0.14","0.81","0.403971791696325","1,1,1,1,2,3,2,3,3,3,2,2,3,3,3,3,3,2,4,2,5,1,3,3,3,3,3,3,1,3,2,4,2,2,4,4,3,3,5,5,5,5,1,1,1,1,5,1,1,1,5,5,5,5,5,1,1,1,1,5,3,5,5,3,3,5,5,5,5,5,1,5,3,3,5,5,5,5,5,5,5,3,3,3,3,1,5,5,5,5,3,2,4,5,5,5,3,5,5,5,5,5,5,5,5,5,5,2,2,5,5,5,5,4,4,4,4,4,4,4,4,3,3,3,3,3,3,3,3","0.000854015350341797","leiden","edit-xhwikibooks.graphml"
"0.04","0.15","0.81","0.404643373593668","1,1,1,1,2,3,2,3,3,3,2,2,3,3,3,3,3,2,4,2,5,1,3,3,3,3,3,3,1,3,2,4,2,2,4,4,3,3,5,5,5,5,1,1,1,1,5,1,1,1,5,5,5,5,5,1,1,1,1,5,3,5,5,3,3,5,5,5,5,5,1,5,3,3,5,5,5,5,5,5,5,3,3,3,3,1,5,5,5,5,3,2,4,5,5,5,3,5,5,5,5,5,5,5,5,5,5,2,2,5,5,5,5,4,4,4,4,4,4,4,4,3,3,3,3,3,3,3,3","0.000874996185302734","leiden","edit-xhwikibooks.graphml"
"0.03","0.16","0.81","0.405050901736412","1,1,1,1,2,3,2,3,3,3,2,2,3,3,3,3,3,2,4,2,5,1,3,3,3,3,3,3,1,3,2,4,2,2,4,4,3,3,5,5,5,5,1,1,1,1,5,1,1,1,5,5,5,5,5,1,1,1,1,5,3,5,5,3,3,5,5,5,5,5,1,5,3,3,5,5,5,5,5,5,5,3,3,3,3,1,5,5,5,5,3,2,4,5,5,5,3,5,5,5,5,5,5,5,5,5,5,2,2,5,5,5,5,4,4,4,4,4,4,4,4,3,3,3,3,3,3,3,3","0.000866889953613281","leiden","edit-xhwikibooks.graphml"
"0.02","0.17","0.81","0.405332615113954","1,1,1,1,2,3,2,3,3,3,2,2,3,3,3,3,3,2,4,2,5,1,3,3,3,3,3,3,1,3,2,4,2,2,4,4,3,3,5,5,5,5,1,1,1,1,5,1,1,1,5,5,5,5,5,1,1,1,1,5,3,5,5,3,3,5,5,5,5,5,1,5,3,3,5,5,5,5,5,5,5,3,3,3,3,1,5,5,5,5,3,2,4,5,5,5,3,5,5,5,5,5,5,5,5,5,5,2,2,5,5,5,5,4,4,4,4,4,4,4,4,3,3,3,3,3,3,3,3","0.000953912734985352","leiden","edit-xhwikibooks.graphml"
"0.01","0.18","0.81","0.405332615113954","1,1,1,1,2,3,2,3,3,3,2,2,3,3,3,3,3,2,4,2,5,1,3,3,3,3,3,3,1,3,2,4,2,2,4,4,3,3,5,5,5,5,1,1,1,1,5,1,1,1,5,5,5,5,5,1,1,1,1,5,3,5,5,3,3,5,5,5,5,5,1,5,3,3,5,5,5,5,5,5,5,3,3,3,3,1,5,5,5,5,3,2,4,5,5,5,3,5,5,5,5,5,5,5,5,5,5,2,2,5,5,5,5,4,4,4,4,4,4,4,4,3,3,3,3,3,3,3,3","0.000871896743774414","leiden","edit-xhwikibooks.graphml"
"0","0.19","0.81","0.406794158466414","1,1,1,1,1,2,3,2,2,2,3,3,2,2,2,2,2,3,4,3,5,1,2,2,2,2,2,2,1,2,3,4,3,3,4,4,2,2,5,5,5,5,1,1,1,1,5,1,1,1,5,5,5,5,5,1,1,1,1,5,2,5,5,2,2,5,5,5,5,5,1,5,2,2,5,5,5,5,5,5,5,2,2,2,2,1,5,5,5,5,2,3,4,5,5,5,2,5,5,5,5,5,5,5,5,5,5,3,3,5,5,5,5,4,4,4,4,4,4,4,4,2,2,2,2,2,2,2,2","0.000889778137207031","leiden","edit-xhwikibooks.graphml"
"0.18","0","0.82","0.401028962255061","1,1,1,2,3,2,3,2,2,2,3,3,2,2,2,2,2,3,4,3,5,1,2,2,2,2,2,2,1,2,3,4,3,3,4,4,2,2,5,5,5,5,1,1,1,1,5,1,1,1,5,5,5,5,5,1,1,1,1,5,2,5,5,2,2,5,5,5,5,5,1,5,2,2,5,5,5,5,5,5,5,2,2,2,2,1,5,5,5,5,2,3,4,5,5,5,2,5,5,5,5,5,5,5,5,5,5,3,3,5,5,5,5,4,4,4,4,4,4,4,4,2,2,2,2,2,2,2,2","0.000871896743774414","leiden","edit-xhwikibooks.graphml"
"0.17","0.01","0.82","0.401028962255061","1,1,1,2,3,2,3,2,2,2,3,3,2,2,2,2,2,3,4,3,5,1,2,2,2,2,2,2,1,2,3,4,3,3,4,4,2,2,5,5,5,5,1,1,1,1,5,1,1,1,5,5,5,5,5,1,1,1,1,5,2,5,5,2,2,5,5,5,5,5,1,5,2,2,5,5,5,5,5,5,5,2,2,2,2,1,5,5,5,5,2,3,4,5,5,5,2,5,5,5,5,5,5,5,5,5,5,3,3,5,5,5,5,4,4,4,4,4,4,4,4,2,2,2,2,2,2,2,2","0.000906944274902344","leiden","edit-xhwikibooks.graphml"
"0.16","0.02","0.82","0.401028962255061","1,1,1,2,3,2,3,2,2,2,3,3,2,2,2,2,2,3,4,3,5,1,2,2,2,2,2,2,1,2,3,4,3,3,4,4,2,2,5,5,5,5,1,1,1,1,5,1,1,1,5,5,5,5,5,1,1,1,1,5,2,5,5,2,2,5,5,5,5,5,1,5,2,2,5,5,5,5,5,5,5,2,2,2,2,1,5,5,5,5,2,3,4,5,5,5,2,5,5,5,5,5,5,5,5,5,5,3,3,5,5,5,5,4,4,4,4,4,4,4,4,2,2,2,2,2,2,2,2","0.000913858413696289","leiden","edit-xhwikibooks.graphml"
"0.15","0.03","0.82","0.400379214800803","1,1,1,2,1,2,3,2,2,2,3,3,2,2,2,2,2,3,4,3,5,1,2,2,2,2,2,2,1,2,3,4,3,3,4,4,2,2,5,5,5,5,1,1,1,1,5,1,1,1,5,5,5,5,5,1,1,1,1,5,2,5,5,2,2,5,5,5,5,5,1,5,2,2,5,5,5,5,5,5,5,2,2,2,2,1,5,5,5,5,2,3,4,5,5,5,2,5,5,5,5,5,5,5,5,5,5,3,3,5,5,5,5,4,4,4,4,4,4,4,4,2,2,2,2,2,2,2,2","0.000890970230102539","leiden","edit-xhwikibooks.graphml"
"0.14","0.04","0.82","0.400928858752632","1,1,1,2,3,2,3,2,2,2,3,3,2,2,2,2,2,3,4,3,5,1,2,2,2,2,2,2,1,2,3,4,3,3,4,4,2,2,5,5,5,5,1,1,1,1,5,1,1,1,5,5,5,5,5,1,1,1,1,5,2,5,5,2,2,5,5,5,5,5,1,5,2,2,5,5,5,5,5,5,5,2,2,2,2,1,5,5,5,5,2,3,4,5,5,5,2,5,5,5,5,5,5,5,5,5,5,3,3,5,5,5,5,4,4,4,4,4,4,4,4,2,2,2,2,2,2,2,2","0.000885963439941406","leiden","edit-xhwikibooks.graphml"
"0.13","0.05","0.82","0.400661071270575","1,1,1,2,1,2,3,2,2,2,3,3,2,2,2,2,2,3,4,3,5,1,2,2,2,2,2,2,1,2,3,4,3,3,4,4,2,2,5,5,5,5,1,1,1,1,5,1,1,1,5,5,5,5,5,1,1,1,1,5,2,5,5,2,2,5,5,5,5,5,1,5,2,2,5,5,5,5,5,5,5,2,2,2,2,1,5,5,5,5,2,3,4,5,5,5,2,5,5,5,5,5,5,5,5,5,5,3,3,5,5,5,5,4,4,4,4,4,4,4,4,2,2,2,2,2,2,2,2","0.000890016555786133","leiden","edit-xhwikibooks.graphml"
"0.12","0.06","0.82","0.40121062887091","1,1,1,2,3,2,3,2,2,2,3,3,2,2,2,2,2,3,4,3,5,1,2,2,2,2,2,2,1,2,3,4,3,3,4,4,2,2,5,5,5,5,1,1,1,1,5,1,1,1,5,5,5,5,5,1,1,1,1,5,2,5,5,2,2,5,5,5,5,5,1,5,2,2,5,5,5,5,5,5,5,2,2,2,2,1,5,5,5,5,2,3,4,5,5,5,2,5,5,5,5,5,5,5,5,5,5,3,3,5,5,5,5,4,4,4,4,4,4,4,4,2,2,2,2,2,2,2,2","0.000898122787475586","leiden","edit-xhwikibooks.graphml"
"0.11","0.07","0.82","0.40108670170685","1,1,1,2,3,2,3,2,2,2,3,3,2,2,2,2,2,3,4,3,5,1,2,2,2,2,2,2,1,2,3,4,3,3,4,4,2,2,5,5,5,5,1,1,1,1,5,1,1,1,5,5,5,5,5,1,1,1,1,5,2,5,5,2,2,5,5,5,5,5,1,5,2,2,5,5,5,5,5,5,5,2,2,2,2,1,5,5,5,5,2,3,4,5,5,5,2,5,5,5,5,5,5,5,5,5,5,3,3,5,5,5,5,4,4,4,4,4,4,4,4,2,2,2,2,2,2,2,2","0.000926971435546875","leiden","edit-xhwikibooks.graphml"
"0.1","0.08","0.82","0.401491628874389","1,1,1,2,3,2,3,2,2,2,3,3,2,2,2,2,2,3,4,3,5,1,2,2,2,2,2,2,1,2,3,4,3,3,4,4,2,2,5,5,5,5,1,1,1,1,5,1,1,1,5,5,5,5,5,1,1,1,1,5,2,5,5,2,2,5,5,5,5,5,1,5,2,2,5,5,5,5,5,5,5,2,2,2,2,1,5,5,5,5,2,3,4,5,5,5,2,5,5,5,5,5,5,5,5,5,5,3,3,5,5,5,5,4,4,4,4,4,4,4,4,2,2,2,2,2,2,2,2","0.00103187561035156","leiden","edit-xhwikibooks.graphml"
"0.09","0.09","0.82","0.401367737673974","1,1,1,2,3,2,3,2,2,2,3,3,2,2,2,2,2,3,4,3,5,1,2,2,2,2,2,2,1,2,3,4,3,3,4,4,2,2,5,5,5,5,1,1,1,1,5,1,1,1,5,5,5,5,5,1,1,1,1,5,2,5,5,2,2,5,5,5,5,5,1,5,2,2,5,5,5,5,5,5,5,2,2,2,2,1,5,5,5,5,2,3,4,5,5,5,2,5,5,5,5,5,5,5,5,5,5,3,3,5,5,5,5,4,4,4,4,4,4,4,4,2,2,2,2,2,2,2,2","0.000887870788574219","leiden","edit-xhwikibooks.graphml"
"0.08","0.1","0.82","0.401367737673974","1,1,1,2,3,2,3,2,2,2,3,3,2,2,2,2,2,3,4,3,5,1,2,2,2,2,2,2,1,2,3,4,3,3,4,4,2,2,5,5,5,5,1,1,1,1,5,1,1,1,5,5,5,5,5,1,1,1,1,5,2,5,5,2,2,5,5,5,5,5,1,5,2,2,5,5,5,5,5,5,5,2,2,2,2,1,5,5,5,5,2,3,4,5,5,5,2,5,5,5,5,5,5,5,5,5,5,3,3,5,5,5,5,4,4,4,4,4,4,4,4,2,2,2,2,2,2,2,2","0.000884056091308594","leiden","edit-xhwikibooks.graphml"
"0.07","0.11","0.82","0.398852588109677","1,1,1,1,1,2,3,2,2,2,3,3,2,2,2,2,2,3,4,3,5,1,2,2,2,2,2,2,1,2,3,4,3,3,4,4,2,2,5,5,5,5,1,1,1,1,5,1,1,1,5,5,5,5,5,1,1,1,1,5,2,5,5,2,2,5,5,5,5,5,1,5,2,2,5,5,5,5,5,5,5,2,2,2,2,1,5,5,5,5,2,3,4,5,5,5,2,5,5,5,5,5,5,5,5,5,5,3,3,5,5,5,5,4,4,4,4,4,4,4,4,2,2,2,2,2,2,2,2","0.00089716911315918","leiden","edit-xhwikibooks.graphml"
"0.06","0.12","0.82","0.399795343248659","1,1,1,1,2,3,2,3,3,3,2,2,3,3,3,3,3,2,4,2,5,1,3,3,3,3,3,3,1,3,2,4,2,2,4,4,3,3,5,5,5,5,1,1,1,1,5,1,1,1,5,5,5,5,5,1,1,1,1,5,3,5,5,3,3,5,5,5,5,5,1,5,3,3,5,5,5,5,5,5,5,3,3,3,3,1,5,5,5,5,3,2,4,5,5,5,3,5,5,5,5,5,5,5,5,5,5,2,2,5,5,5,5,4,4,4,4,4,4,4,4,3,3,3,3,3,3,3,3","0.000889062881469727","leiden","edit-xhwikibooks.graphml"
"0.05","0.13","0.82","0.3992660340146","1,1,1,1,2,3,2,3,3,3,2,2,3,3,3,3,3,2,4,2,5,1,3,3,3,3,3,3,1,3,2,4,2,2,4,4,3,3,5,5,5,5,1,1,1,1,5,1,1,1,5,5,5,5,5,1,1,1,1,5,3,5,5,3,3,5,5,5,5,5,1,5,3,3,5,5,5,5,5,5,5,3,3,3,3,1,5,5,5,5,3,2,4,5,5,5,3,5,5,5,5,5,5,5,5,5,5,2,2,5,5,5,5,4,4,4,4,4,4,4,4,3,3,3,3,3,3,3,3","0.000902175903320312","leiden","edit-xhwikibooks.graphml"
"0.04","0.14","0.82","0.3992660340146","1,1,1,1,2,3,2,3,3,3,2,2,3,3,3,3,3,2,4,2,5,1,3,3,3,3,3,3,1,3,2,4,2,2,4,4,3,3,5,5,5,5,1,1,1,1,5,1,1,1,5,5,5,5,5,1,1,1,1,5,3,5,5,3,3,5,5,5,5,5,1,5,3,3,5,5,5,5,5,5,5,3,3,3,3,1,5,5,5,5,3,2,4,5,5,5,3,5,5,5,5,5,5,5,5,5,5,2,2,5,5,5,5,4,4,4,4,4,4,4,4,3,3,3,3,3,3,3,3","0.000892162322998047","leiden","edit-xhwikibooks.graphml"
"0.03","0.15","0.82","0.39993484560095","1,1,1,1,2,3,2,3,3,3,2,2,3,3,3,3,3,2,4,2,5,1,3,3,3,3,3,3,1,3,2,4,2,2,4,4,3,3,5,5,5,5,1,1,1,1,5,1,1,1,5,5,5,5,5,1,1,1,1,5,3,5,5,3,3,5,5,5,5,5,1,5,3,3,5,5,5,5,5,5,5,3,3,3,3,1,5,5,5,5,3,2,4,5,5,5,3,5,5,5,5,5,5,5,5,5,5,2,2,5,5,5,5,4,4,4,4,4,4,4,4,3,3,3,3,3,3,3,3","0.000903129577636719","leiden","edit-xhwikibooks.graphml"
"0.02","0.16","0.82","0.400339476351306","1,1,1,1,2,3,2,3,3,3,2,2,3,3,3,3,3,2,4,2,5,1,3,3,3,3,3,3,1,3,2,4,2,2,4,4,3,3,5,5,5,5,1,1,1,1,5,1,1,1,5,5,5,5,5,1,1,1,1,5,3,5,5,3,3,5,5,5,5,5,1,5,3,3,5,5,5,5,5,5,5,3,3,3,3,1,5,5,5,5,3,2,4,5,5,5,3,5,5,5,5,5,5,5,5,5,5,2,2,5,5,5,5,4,4,4,4,4,4,4,4,3,3,3,3,3,3,3,3","0.000905036926269531","leiden","edit-xhwikibooks.graphml"
"0.01","0.17","0.82","0.400473468324228","1,1,1,1,1,2,3,2,2,2,3,3,2,2,2,2,2,3,4,3,5,1,2,2,2,2,2,2,1,2,3,4,3,3,4,4,2,2,5,5,5,5,1,1,1,1,5,1,1,1,5,5,5,5,5,1,1,1,1,5,2,5,5,2,2,5,5,5,5,5,1,5,2,2,5,5,5,5,5,5,5,2,2,2,2,1,5,5,5,5,2,3,4,5,5,5,2,5,5,5,5,5,5,5,5,5,5,3,3,5,5,5,5,4,4,4,4,4,4,4,4,2,2,2,2,2,2,2,2","0.000894069671630859","leiden","edit-xhwikibooks.graphml"
"0","0.18","0.82","0.402215049045626","1,1,1,1,1,2,3,2,2,2,3,3,2,2,2,2,2,3,4,3,5,1,2,2,2,2,2,2,1,2,3,4,3,3,4,4,2,2,5,5,5,5,1,1,1,1,5,1,1,1,5,5,5,5,5,1,1,1,1,5,2,5,5,2,2,5,5,5,5,5,1,5,2,2,5,5,5,5,5,5,5,2,2,2,2,1,5,5,5,5,2,3,4,5,5,5,2,5,5,5,5,5,5,5,5,5,5,3,3,5,5,5,5,4,4,4,4,4,4,4,4,2,2,2,2,2,2,2,2","0.00105690956115723","leiden","edit-xhwikibooks.graphml"
"0.17","0","0.83","0.395147515889563","1,1,1,2,3,2,3,2,2,2,3,3,2,2,2,2,2,3,4,3,5,1,2,2,2,2,2,2,1,2,3,4,3,3,4,4,2,2,5,5,5,5,1,1,1,1,5,1,1,1,5,5,5,5,5,1,1,1,1,5,2,5,5,2,2,5,5,5,5,5,1,5,2,2,5,5,5,5,5,5,5,2,2,2,2,1,5,5,5,5,2,3,4,5,5,5,2,5,5,5,5,5,5,5,5,5,5,3,3,5,5,5,5,4,4,4,4,4,4,4,4,2,2,2,2,2,2,2,2","0.000880956649780273","leiden","edit-xhwikibooks.graphml"
"0.16","0.01","0.83","0.395147515889563","1,1,1,2,3,2,3,2,2,2,3,3,2,2,2,2,2,3,4,3,5,1,2,2,2,2,2,2,1,2,3,4,3,3,4,4,2,2,5,5,5,5,1,1,1,1,5,1,1,1,5,5,5,5,5,1,1,1,1,5,2,5,5,2,2,5,5,5,5,5,1,5,2,2,5,5,5,5,5,5,5,2,2,2,2,1,5,5,5,5,2,3,4,5,5,5,2,5,5,5,5,5,5,5,5,5,5,3,3,5,5,5,5,4,4,4,4,4,4,4,4,2,2,2,2,2,2,2,2","0.000884056091308594","leiden","edit-xhwikibooks.graphml"
"0.15","0.02","0.83","0.400772172526183","1,1,1,2,3,2,3,2,2,2,3,3,2,2,2,2,2,3,4,3,5,1,2,2,2,2,2,2,1,2,3,4,3,3,4,4,2,2,5,5,5,5,1,1,1,1,5,1,1,1,5,5,5,5,5,1,1,1,1,5,2,5,5,2,2,5,5,5,5,5,1,5,2,2,5,5,5,5,5,5,5,2,2,2,2,1,5,5,5,5,2,3,4,5,5,5,2,5,5,5,5,5,5,5,5,5,5,3,3,5,5,5,5,4,4,4,4,4,4,4,4,2,2,2,2,2,2,2,2","0.000885009765625","leiden","edit-xhwikibooks.graphml"
"0.14","0.03","0.83","0.400648334323809","1,1,1,2,3,2,3,2,2,2,3,3,2,2,2,2,2,3,4,3,5,1,2,2,2,2,2,2,1,2,3,4,3,3,4,4,2,2,5,5,5,5,1,1,1,1,5,1,1,1,5,5,5,5,5,1,1,1,1,5,2,5,5,2,2,5,5,5,5,5,1,5,2,2,5,5,5,5,5,5,5,2,2,2,2,1,5,5,5,5,2,3,4,5,5,5,2,5,5,5,5,5,5,5,5,5,5,3,3,5,5,5,5,4,4,4,4,4,4,4,4,2,2,2,2,2,2,2,2","0.000895977020263672","leiden","edit-xhwikibooks.graphml"
"0.13","0.04","0.83","0.40105419174812","1,1,1,2,3,2,3,2,2,2,3,3,2,2,2,2,2,3,4,3,5,1,2,2,2,2,2,2,1,2,3,4,3,3,4,4,2,2,5,5,5,5,1,1,1,1,5,1,1,1,5,5,5,5,5,1,1,1,1,5,2,5,5,2,2,5,5,5,5,5,1,5,2,2,5,5,5,5,5,5,5,2,2,2,2,1,5,5,5,5,2,3,4,5,5,5,2,5,5,5,5,5,5,5,5,5,5,3,3,5,5,5,5,4,4,4,4,4,4,4,4,2,2,2,2,2,2,2,2","0.000897884368896484","leiden","edit-xhwikibooks.graphml"
"0.12","0.05","0.83","0.400930388913181","1,1,1,2,3,2,3,2,2,2,3,3,2,2,2,2,2,3,4,3,5,1,2,2,2,2,2,2,1,2,3,4,3,3,4,4,2,2,5,5,5,5,1,1,1,1,5,1,1,1,5,5,5,5,5,1,1,1,1,5,2,5,5,2,2,5,5,5,5,5,1,5,2,2,5,5,5,5,5,5,5,2,2,2,2,1,5,5,5,5,2,3,4,5,5,5,2,5,5,5,5,5,5,5,5,5,5,3,3,5,5,5,5,4,4,4,4,4,4,4,4,2,2,2,2,2,2,2,2","0.000870943069458008","leiden","edit-xhwikibooks.graphml"
"0.11","0.06","0.83","0.401335440261683","1,1,1,2,3,2,3,2,2,2,3,3,2,2,2,2,2,3,4,3,5,1,2,2,2,2,2,2,1,2,3,4,3,3,4,4,2,2,5,5,5,5,1,1,1,1,5,1,1,1,5,5,5,5,5,1,1,1,1,5,2,5,5,2,2,5,5,5,5,5,1,5,2,2,5,5,5,5,5,5,5,2,2,2,2,1,5,5,5,5,2,3,4,5,5,5,2,5,5,5,5,5,5,5,5,5,5,3,3,5,5,5,5,4,4,4,4,4,4,4,4,2,2,2,2,2,2,2,2","0.000887870788574219","leiden","edit-xhwikibooks.graphml"
"0.1","0.07","0.83","0.401211673094309","1,1,1,2,3,2,3,2,2,2,3,3,2,2,2,2,2,3,4,3,5,1,2,2,2,2,2,2,1,2,3,4,3,3,4,4,2,2,5,5,5,5,1,1,1,1,5,1,1,1,5,5,5,5,5,1,1,1,1,5,2,5,5,2,2,5,5,5,5,5,1,5,2,2,5,5,5,5,5,5,5,2,2,2,2,1,5,5,5,5,2,3,4,5,5,5,2,5,5,5,5,5,5,5,5,5,5,3,3,5,5,5,5,4,4,4,4,4,4,4,4,2,2,2,2,2,2,2,2","0.000865936279296875","leiden","edit-xhwikibooks.graphml"
"0.09","0.08","0.83","0.401615920670234","1,1,1,2,3,2,3,2,2,2,3,3,2,2,2,2,2,3,4,3,5,1,2,2,2,2,2,2,1,2,3,4,3,3,4,4,2,2,5,5,5,5,1,1,1,1,5,1,1,1,5,5,5,5,5,1,1,1,1,5,2,5,5,2,2,5,5,5,5,5,1,5,2,2,5,5,5,5,5,5,5,2,2,2,2,1,5,5,5,5,2,3,4,5,5,5,2,5,5,5,5,5,5,5,5,5,5,3,3,5,5,5,5,4,4,4,4,4,4,4,4,2,2,2,2,2,2,2,2","0.000890016555786133","leiden","edit-xhwikibooks.graphml"
"0.08","0.09","0.83","0.40149218946838","1,1,1,2,3,2,3,2,2,2,3,3,2,2,2,2,2,3,4,3,5,1,2,2,2,2,2,2,1,2,3,4,3,3,4,4,2,2,5,5,5,5,1,1,1,1,5,1,1,1,5,5,5,5,5,1,1,1,1,5,2,5,5,2,2,5,5,5,5,5,1,5,2,2,5,5,5,5,5,5,5,2,2,2,2,1,5,5,5,5,2,3,4,5,5,5,2,5,5,5,5,5,5,5,5,5,5,3,3,5,5,5,5,4,4,4,4,4,4,4,4,2,2,2,2,2,2,2,2","0.00096893310546875","leiden","edit-xhwikibooks.graphml"
"0.07","0.1","0.83","0.40149218946838","1,1,1,2,3,2,3,2,2,2,3,3,2,2,2,2,2,3,4,3,5,1,2,2,2,2,2,2,1,2,3,4,3,3,4,4,2,2,5,5,5,5,1,1,1,1,5,1,1,1,5,5,5,5,5,1,1,1,1,5,2,5,5,2,2,5,5,5,5,5,1,5,2,2,5,5,5,5,5,5,5,2,2,2,2,1,5,5,5,5,2,3,4,5,5,5,2,5,5,5,5,5,5,5,5,5,5,3,3,5,5,5,5,4,4,4,4,4,4,4,4,2,2,2,2,2,2,2,2","0.00105190277099609","leiden","edit-xhwikibooks.graphml"
"0.06","0.11","0.83","0.401368528163506","1,1,1,2,3,2,3,2,2,2,3,3,2,2,2,2,2,3,4,3,5,1,2,2,2,2,2,2,1,2,3,4,3,3,4,4,2,2,5,5,5,5,1,1,1,1,5,1,1,1,5,5,5,5,5,1,1,1,1,5,2,5,5,2,2,5,5,5,5,5,1,5,2,2,5,5,5,5,5,5,5,2,2,2,2,1,5,5,5,5,2,3,4,5,5,5,2,5,5,5,5,5,5,5,5,5,5,3,3,5,5,5,5,4,4,4,4,4,4,4,4,2,2,2,2,2,2,2,2","0.000907182693481445","leiden","edit-xhwikibooks.graphml"
"0.05","0.12","0.83","0.402153379554158","1,1,1,2,3,2,3,2,2,2,3,3,2,2,2,2,2,3,4,3,5,1,2,2,2,2,2,2,1,2,3,4,3,3,4,4,2,2,5,5,5,5,1,1,1,1,5,1,1,1,5,5,5,5,5,1,1,1,1,5,2,5,5,2,2,5,5,5,5,5,1,5,2,2,5,5,5,5,5,5,5,2,2,2,2,1,5,5,5,5,2,3,4,5,5,5,2,5,5,5,5,5,5,5,5,5,5,3,3,5,5,5,5,4,4,4,4,4,4,4,4,2,2,2,2,2,2,2,2","0.00086212158203125","leiden","edit-xhwikibooks.graphml"
"0.04","0.13","0.83","0.402029737970319","1,1,1,2,3,2,3,2,2,2,3,3,2,2,2,2,2,3,4,3,5,1,2,2,2,2,2,2,1,2,3,4,3,3,4,4,2,2,5,5,5,5,1,1,1,1,5,1,1,1,5,5,5,5,5,1,1,1,1,5,2,5,5,2,2,5,5,5,5,5,1,5,2,2,5,5,5,5,5,5,5,2,2,2,2,1,5,5,5,5,2,3,4,5,5,5,2,5,5,5,5,5,5,5,5,5,5,3,3,5,5,5,5,4,4,4,4,4,4,4,4,2,2,2,2,2,2,2,2","0.000919103622436523","leiden","edit-xhwikibooks.graphml"
"0.03","0.14","0.83","0.401649729346925","1,1,1,2,3,2,3,2,2,2,3,3,2,2,2,2,2,3,4,3,5,1,2,2,2,2,2,2,1,2,3,4,3,3,4,4,2,2,5,5,5,5,1,1,1,1,5,1,1,1,5,5,5,5,5,1,1,1,1,5,2,5,5,2,2,5,5,5,5,5,1,5,2,2,5,5,5,5,5,5,5,2,2,2,2,1,5,5,5,5,2,3,4,5,5,5,2,5,5,5,5,5,5,5,5,5,5,3,3,5,5,5,5,4,4,4,4,4,4,4,4,2,2,2,2,2,2,2,2","0.000884056091308594","leiden","edit-xhwikibooks.graphml"
"0.02","0.15","0.83","0.402309723922669","1,1,1,2,3,2,3,2,2,2,3,3,2,2,2,2,2,3,4,3,5,1,2,2,2,2,2,2,1,2,3,4,3,3,4,4,2,2,5,5,5,5,1,1,1,1,5,1,1,1,5,5,5,5,5,1,1,1,1,5,2,5,5,2,2,5,5,5,5,5,1,5,2,2,5,5,5,5,5,5,5,2,2,2,2,1,5,5,5,5,2,3,4,5,5,5,2,5,5,5,5,5,5,5,5,5,5,3,3,5,5,5,5,4,4,4,4,4,4,4,4,2,2,2,2,2,2,2,2","0.000929832458496094","leiden","edit-xhwikibooks.graphml"
"0.01","0.16","0.83","0.400486449327435","1,1,1,1,2,3,2,3,3,3,2,2,3,3,3,3,3,2,4,2,5,1,3,3,3,3,3,3,1,3,2,4,2,2,4,4,3,3,5,5,5,5,1,1,1,1,5,1,1,1,5,5,5,5,5,1,1,1,1,5,3,5,5,3,3,5,5,5,5,5,1,5,3,3,5,5,5,5,5,5,5,3,3,3,3,1,5,5,5,5,3,2,4,5,5,5,3,5,5,5,5,5,5,5,5,5,5,2,2,5,5,5,5,4,4,4,4,4,4,4,4,3,3,3,3,3,3,3,3","0.000893115997314453","leiden","edit-xhwikibooks.graphml"
"0","0.17","0.83","0.402354903216735","1,1,1,1,1,2,3,2,2,2,3,3,2,2,2,2,2,3,4,3,5,1,2,2,2,2,2,2,1,2,3,4,3,3,4,4,2,2,5,5,5,5,1,1,1,1,5,1,1,1,5,5,5,5,5,1,1,1,1,5,2,5,5,2,2,5,5,5,5,5,1,5,2,2,5,5,5,5,5,5,5,2,2,2,2,1,5,5,5,5,2,3,4,5,5,5,2,5,5,5,5,5,5,5,5,5,5,3,3,5,5,5,5,4,4,4,4,4,4,4,4,2,2,2,2,2,2,2,2","0.000916004180908203","leiden","edit-xhwikibooks.graphml"
"0.16","0","0.84","0.404488769559193","1,1,1,2,1,2,3,2,2,2,3,3,2,2,2,2,2,3,3,3,4,1,2,2,2,2,2,2,1,2,3,3,3,3,3,3,2,2,4,4,4,4,1,1,1,1,4,1,1,1,4,4,4,4,4,1,1,1,1,4,2,4,4,2,2,4,4,4,4,4,1,4,2,2,4,4,4,4,4,4,4,2,2,2,2,1,4,4,4,4,2,3,3,4,4,4,2,4,4,4,4,4,4,4,4,4,4,3,3,4,4,4,4,3,3,3,3,3,3,3,3,2,2,2,2,2,2,2,2","0.000876903533935547","leiden","edit-xhwikibooks.graphml"
"0.15","0.01","0.84","0.404887570079591","1,1,1,2,3,2,3,2,2,2,3,3,2,2,2,2,2,3,4,3,5,1,2,2,2,2,2,2,1,2,3,4,3,3,4,4,2,2,5,5,5,5,1,1,1,1,5,1,1,1,5,5,5,5,5,1,1,1,1,5,2,5,5,2,2,5,5,5,5,5,1,5,2,2,5,5,5,5,5,5,5,2,2,2,2,1,5,5,5,5,2,3,4,5,5,5,2,5,5,5,5,5,5,5,5,5,5,3,3,5,5,5,5,4,4,4,4,4,4,4,4,2,2,2,2,2,2,2,2","0.000946044921875","leiden","edit-xhwikibooks.graphml"
"0.14","0.02","0.84","0.404887570079591","1,1,1,2,3,2,3,2,2,2,3,3,2,2,2,2,2,3,4,3,5,1,2,2,2,2,2,2,1,2,3,4,3,3,4,4,2,2,5,5,5,5,1,1,1,1,5,1,1,1,5,5,5,5,5,1,1,1,1,5,2,5,5,2,2,5,5,5,5,5,1,5,2,2,5,5,5,5,5,5,5,2,2,2,2,1,5,5,5,5,2,3,4,5,5,5,2,5,5,5,5,5,5,5,5,5,5,3,3,5,5,5,5,4,4,4,4,4,4,4,4,2,2,2,2,2,2,2,2","0.00088810920715332","leiden","edit-xhwikibooks.graphml"
"0.13","0.03","0.84","0.404766440759754","1,1,1,2,3,2,3,2,2,2,3,3,2,2,2,2,2,3,4,3,5,1,2,2,2,2,2,2,1,2,3,4,3,3,4,4,2,2,5,5,5,5,1,1,1,1,5,1,1,1,5,5,5,5,5,1,1,1,1,5,2,5,5,2,2,5,5,5,5,5,1,5,2,2,5,5,5,5,5,5,5,2,2,2,2,1,5,5,5,5,2,3,4,5,5,5,2,5,5,5,5,5,5,5,5,5,5,3,3,5,5,5,5,4,4,4,4,4,4,4,4,2,2,2,2,2,2,2,2","0.000891208648681641","leiden","edit-xhwikibooks.graphml"
"0.12","0.04","0.84","0.405155304679855","1,1,1,2,3,2,3,2,2,2,3,3,2,2,2,2,2,3,4,3,5,1,2,2,2,2,2,2,1,2,3,4,3,3,4,4,2,2,5,5,5,5,1,1,1,1,5,1,1,1,5,5,5,5,5,1,1,1,1,5,2,5,5,2,2,5,5,5,5,5,1,5,2,2,5,5,5,5,5,5,5,2,2,2,2,1,5,5,5,5,2,3,4,5,5,5,2,5,5,5,5,5,5,5,5,5,5,3,3,5,5,5,5,4,4,4,4,4,4,4,4,2,2,2,2,2,2,2,2","0.000912189483642578","leiden","edit-xhwikibooks.graphml"
"0.11","0.05","0.84","0.403924711123636","1,1,1,2,3,2,3,2,2,2,3,3,2,2,2,2,2,3,4,3,5,1,2,2,2,2,2,2,1,2,3,4,3,3,4,4,2,2,5,5,5,5,1,1,1,1,5,1,1,1,5,5,5,5,5,1,1,1,1,5,2,5,5,2,2,5,5,5,5,5,1,5,2,2,5,5,5,5,5,5,5,2,2,2,2,1,5,5,5,5,2,3,4,5,5,5,2,5,5,5,5,5,5,5,5,5,5,3,3,5,5,5,5,4,4,4,4,4,4,4,4,2,2,2,2,2,2,2,2","0.000867128372192383","leiden","edit-xhwikibooks.graphml"
"0.1","0.06","0.84","0.404314049626262","1,1,1,2,3,2,3,2,2,2,3,3,2,2,2,2,2,3,4,3,5,1,2,2,2,2,2,2,1,2,3,4,3,3,4,4,2,2,5,5,5,5,1,1,1,1,5,1,1,1,5,5,5,5,5,1,1,1,1,5,2,5,5,2,2,5,5,5,5,5,1,5,2,2,5,5,5,5,5,5,5,2,2,2,2,1,5,5,5,5,2,3,4,5,5,5,2,5,5,5,5,5,5,5,5,5,5,3,3,5,5,5,5,4,4,4,4,4,4,4,4,2,2,2,2,2,2,2,2","0.000895977020263672","leiden","edit-xhwikibooks.graphml"
"0.09","0.07","0.84","0.404193037632399","1,1,1,2,3,2,3,2,2,2,3,3,2,2,2,2,2,3,4,3,5,1,2,2,2,2,2,2,1,2,3,4,3,3,4,4,2,2,5,5,5,5,1,1,1,1,5,1,1,1,5,5,5,5,5,1,1,1,1,5,2,5,5,2,2,5,5,5,5,5,1,5,2,2,5,5,5,5,5,5,5,2,2,2,2,1,5,5,5,5,2,3,4,5,5,5,2,5,5,5,5,5,5,5,5,5,5,3,3,5,5,5,5,4,4,4,4,4,4,4,4,2,2,2,2,2,2,2,2","0.000897884368896484","leiden","edit-xhwikibooks.graphml"
"0.08","0.08","0.84","0.404432253544223","1,1,1,2,1,2,3,2,2,2,3,3,2,2,2,2,2,3,4,3,5,1,2,2,2,2,2,2,1,2,3,4,3,3,4,4,2,2,5,5,5,5,1,1,1,1,5,1,1,1,5,5,5,5,5,1,1,1,1,5,2,5,5,2,2,5,5,5,5,5,1,5,2,2,5,5,5,5,5,5,5,2,2,2,2,1,5,5,5,5,2,3,4,5,5,5,2,5,5,5,5,5,5,5,5,5,5,3,3,5,5,5,5,4,4,4,4,4,4,4,4,2,2,2,2,2,2,2,2","0.000923871994018555","leiden","edit-xhwikibooks.graphml"
"0.07","0.09","0.84","0.397363096778563","1,1,1,2,3,2,3,2,2,2,3,3,2,2,2,2,2,3,4,3,5,1,2,2,2,2,2,2,1,2,3,4,3,3,4,4,2,2,5,5,5,5,1,1,1,1,5,1,1,1,5,5,5,5,5,1,1,1,1,5,2,5,5,2,2,5,5,5,5,5,1,5,2,2,5,5,5,5,5,5,5,2,2,2,2,1,5,5,5,5,2,3,4,5,5,5,2,5,5,5,5,5,5,5,5,5,5,3,3,5,5,5,5,4,4,4,4,4,4,4,4,2,2,2,2,2,2,2,2","0.000916004180908203","leiden","edit-xhwikibooks.graphml"
"0.06","0.1","0.84","0.397363096778563","1,1,1,2,3,2,3,2,2,2,3,3,2,2,2,2,2,3,4,3,5,1,2,2,2,2,2,2,1,2,3,4,3,3,4,4,2,2,5,5,5,5,1,1,1,1,5,1,1,1,5,5,5,5,5,1,1,1,1,5,2,5,5,2,2,5,5,5,5,5,1,5,2,2,5,5,5,5,5,5,5,2,2,2,2,1,5,5,5,5,2,3,4,5,5,5,2,5,5,5,5,5,5,5,5,5,5,3,3,5,5,5,5,4,4,4,4,4,4,4,4,2,2,2,2,2,2,2,2","0.000929832458496094","leiden","edit-xhwikibooks.graphml"
"0.05","0.11","0.84","0.397242644587603","1,1,1,2,3,2,3,2,2,2,3,3,2,2,2,2,2,3,4,3,5,1,2,2,2,2,2,2,1,2,3,4,3,3,4,4,2,2,5,5,5,5,1,1,1,1,5,1,1,1,5,5,5,5,5,1,1,1,1,5,2,5,5,2,2,5,5,5,5,5,1,5,2,2,5,5,5,5,5,5,5,2,2,2,2,1,5,5,5,5,2,3,4,5,5,5,2,5,5,5,5,5,5,5,5,5,5,3,3,5,5,5,5,4,4,4,4,4,4,4,4,2,2,2,2,2,2,2,2","0.000947952270507812","leiden","edit-xhwikibooks.graphml"
"0.04","0.12","0.84","0.398019794514092","1,1,1,2,3,2,3,2,2,2,3,3,2,2,2,2,2,3,4,3,5,1,2,2,2,2,2,2,1,2,3,4,3,3,4,4,2,2,5,5,5,5,1,1,1,1,5,1,1,1,5,5,5,5,5,1,1,1,1,5,2,5,5,2,2,5,5,5,5,5,1,5,2,2,5,5,5,5,5,5,5,2,2,2,2,1,5,5,5,5,2,3,4,5,5,5,2,5,5,5,5,5,5,5,5,5,5,3,3,5,5,5,5,4,4,4,4,4,4,4,4,2,2,2,2,2,2,2,2","0.000907182693481445","leiden","edit-xhwikibooks.graphml"
"0.03","0.13","0.84","0.397899356458084","1,1,1,2,3,2,3,2,2,2,3,3,2,2,2,2,2,3,4,3,5,1,2,2,2,2,2,2,1,2,3,4,3,3,4,4,2,2,5,5,5,5,1,1,1,1,5,1,1,1,5,5,5,5,5,1,1,1,1,5,2,5,5,2,2,5,5,5,5,5,1,5,2,2,5,5,5,5,5,5,5,2,2,2,2,1,5,5,5,5,2,3,4,5,5,5,2,5,5,5,5,5,5,5,5,5,5,3,3,5,5,5,5,4,4,4,4,4,4,4,4,2,2,2,2,2,2,2,2","0.00115704536437988","leiden","edit-xhwikibooks.graphml"
"0.02","0.14","0.84","0.397759207061842","1,1,1,2,1,2,3,2,2,2,3,3,2,2,2,2,2,3,4,3,5,1,2,2,2,2,2,2,1,2,3,4,3,3,4,4,2,2,5,5,5,5,1,1,1,1,5,1,1,1,5,5,5,5,5,1,1,1,1,5,2,5,5,2,2,5,5,5,5,5,1,5,2,2,5,5,5,5,5,5,5,2,2,2,2,1,5,5,5,5,2,3,4,5,5,5,2,5,5,5,5,5,5,5,5,5,5,3,3,5,5,5,5,4,4,4,4,4,4,4,4,2,2,2,2,2,2,2,2","0.000889062881469727","leiden","edit-xhwikibooks.graphml"
"0.01","0.15","0.84","0.398413920048905","1,1,1,2,1,2,3,2,2,2,3,3,2,2,2,2,2,3,4,3,5,1,2,2,2,2,2,2,1,2,3,4,3,3,4,4,2,2,5,5,5,5,1,1,1,1,5,1,1,1,5,5,5,5,5,1,1,1,1,5,2,5,5,2,2,5,5,5,5,5,1,5,2,2,5,5,5,5,5,5,5,2,2,2,2,1,5,5,5,5,2,3,4,5,5,5,2,5,5,5,5,5,5,5,5,5,5,3,3,5,5,5,5,4,4,4,4,4,4,4,4,2,2,2,2,2,2,2,2","0.00088191032409668","leiden","edit-xhwikibooks.graphml"
"0","0.16","0.84","0.400224263657199","1,1,1,1,1,2,3,2,2,2,3,3,2,2,2,2,2,3,4,3,5,1,2,2,2,2,2,2,1,2,3,4,3,3,4,4,2,2,5,5,5,5,1,1,1,1,5,1,1,1,5,5,5,5,5,1,1,1,1,5,2,5,5,2,2,5,5,5,5,5,1,5,2,2,5,5,5,5,5,5,5,2,2,2,2,1,5,5,5,5,2,3,4,5,5,5,2,5,5,5,5,5,5,5,5,5,5,3,3,5,5,5,5,4,4,4,4,4,4,4,4,2,2,2,2,2,2,2,2","0.000890970230102539","leiden","edit-xhwikibooks.graphml"
"0.15","0","0.85","0.404635127887838","1,1,1,2,3,2,3,2,2,2,3,3,2,2,2,2,2,3,4,3,5,1,2,2,2,2,2,2,1,2,3,4,3,3,4,4,2,2,5,5,5,5,1,1,1,1,5,1,1,1,5,5,5,5,5,1,1,1,1,5,2,5,5,2,2,5,5,5,5,5,1,5,2,2,5,5,5,5,5,5,5,2,2,2,2,1,5,5,5,5,2,3,4,5,5,5,2,5,5,5,5,5,5,5,5,5,5,3,3,5,5,5,5,4,4,4,4,4,4,4,4,2,2,2,2,2,2,2,2","0.00089716911315918","leiden","edit-xhwikibooks.graphml"
"0.14","0.01","0.85","0.404635127887838","1,1,1,2,3,2,3,2,2,2,3,3,2,2,2,2,2,3,4,3,5,1,2,2,2,2,2,2,1,2,3,4,3,3,4,4,2,2,5,5,5,5,1,1,1,1,5,1,1,1,5,5,5,5,5,1,1,1,1,5,2,5,5,2,2,5,5,5,5,5,1,5,2,2,5,5,5,5,5,5,5,2,2,2,2,1,5,5,5,5,2,3,4,5,5,5,2,5,5,5,5,5,5,5,5,5,5,3,3,5,5,5,5,4,4,4,4,4,4,4,4,2,2,2,2,2,2,2,2","0.000916004180908203","leiden","edit-xhwikibooks.graphml"
"0.13","0.02","0.85","0.404635127887838","1,1,1,2,3,2,3,2,2,2,3,3,2,2,2,2,2,3,4,3,5,1,2,2,2,2,2,2,1,2,3,4,3,3,4,4,2,2,5,5,5,5,1,1,1,1,5,1,1,1,5,5,5,5,5,1,1,1,1,5,2,5,5,2,2,5,5,5,5,5,1,5,2,2,5,5,5,5,5,5,5,2,2,2,2,1,5,5,5,5,2,3,4,5,5,5,2,5,5,5,5,5,5,5,5,5,5,3,3,5,5,5,5,4,4,4,4,4,4,4,4,2,2,2,2,2,2,2,2","0.000879049301147461","leiden","edit-xhwikibooks.graphml"
"0.12","0.03","0.85","0.404902804072688","1,1,1,2,3,2,3,2,2,2,3,3,2,2,2,2,2,3,4,3,5,1,2,2,2,2,2,2,1,2,3,4,3,3,4,4,2,2,5,5,5,5,1,1,1,1,5,1,1,1,5,5,5,5,5,1,1,1,1,5,2,5,5,2,2,5,5,5,5,5,1,5,2,2,5,5,5,5,5,5,5,2,2,2,2,1,5,5,5,5,2,3,4,5,5,5,2,5,5,5,5,5,5,5,5,5,5,3,3,5,5,5,5,4,4,4,4,4,4,4,4,2,2,2,2,2,2,2,2","0.000911951065063477","leiden","edit-xhwikibooks.graphml"
"0.11","0.04","0.85","0.404902804072688","1,1,1,2,3,2,3,2,2,2,3,3,2,2,2,2,2,3,4,3,5,1,2,2,2,2,2,2,1,2,3,4,3,3,4,4,2,2,5,5,5,5,1,1,1,1,5,1,1,1,5,5,5,5,5,1,1,1,1,5,2,5,5,2,2,5,5,5,5,5,1,5,2,2,5,5,5,5,5,5,5,2,2,2,2,1,5,5,5,5,2,3,4,5,5,5,2,5,5,5,5,5,5,5,5,5,5,3,3,5,5,5,5,4,4,4,4,4,4,4,4,2,2,2,2,2,2,2,2","0.000911951065063477","leiden","edit-xhwikibooks.graphml"
"0.1","0.05","0.85","0.405021073269128","1,1,1,2,1,2,3,2,2,2,3,3,2,2,2,2,2,3,4,3,5,1,2,2,2,2,2,2,1,2,3,4,3,3,4,4,2,2,5,5,5,5,1,1,1,1,5,1,1,1,5,5,5,5,5,1,1,1,1,5,2,5,5,2,2,5,5,5,5,5,1,5,2,2,5,5,5,5,5,5,5,2,2,2,2,1,5,5,5,5,2,3,4,5,5,5,2,5,5,5,5,5,5,5,5,5,5,3,3,5,5,5,5,4,4,4,4,4,4,4,4,2,2,2,2,2,2,2,2","0.000870943069458008","leiden","edit-xhwikibooks.graphml"
"0.09","0.06","0.85","0.405169767970774","1,1,1,2,3,2,3,2,2,2,3,3,2,2,2,2,2,3,4,3,5,1,2,2,2,2,2,2,1,2,3,4,3,3,4,4,2,2,5,5,5,5,1,1,1,1,5,1,1,1,5,5,5,5,5,1,1,1,1,5,2,5,5,2,2,5,5,5,5,5,1,5,2,2,5,5,5,5,5,5,5,2,2,2,2,1,5,5,5,5,2,3,4,5,5,5,2,5,5,5,5,5,5,5,5,5,5,3,3,5,5,5,5,4,4,4,4,4,4,4,4,2,2,2,2,2,2,2,2","0.000905990600585938","leiden","edit-xhwikibooks.graphml"
"0.08","0.07","0.85","0.405048880451671","1,1,1,2,3,2,3,2,2,2,3,3,2,2,2,2,2,3,4,3,5,1,2,2,2,2,2,2,1,2,3,4,3,3,4,4,2,2,5,5,5,5,1,1,1,1,5,1,1,1,5,5,5,5,5,1,1,1,1,5,2,5,5,2,2,5,5,5,5,5,1,5,2,2,5,5,5,5,5,5,5,2,2,2,2,1,5,5,5,5,2,3,4,5,5,5,2,5,5,5,5,5,5,5,5,5,5,3,3,5,5,5,5,4,4,4,4,4,4,4,4,2,2,2,2,2,2,2,2","0.000998020172119141","leiden","edit-xhwikibooks.graphml"
"0.07","0.08","0.85","0.405436021921176","1,1,1,2,3,2,3,2,2,2,3,3,2,2,2,2,2,3,4,3,5,1,2,2,2,2,2,2,1,2,3,4,3,3,4,4,2,2,5,5,5,5,1,1,1,1,5,1,1,1,5,5,5,5,5,1,1,1,1,5,2,5,5,2,2,5,5,5,5,5,1,5,2,2,5,5,5,5,5,5,5,2,2,2,2,1,5,5,5,5,2,3,4,5,5,5,2,5,5,5,5,5,5,5,5,5,5,3,3,5,5,5,5,4,4,4,4,4,4,4,4,2,2,2,2,2,2,2,2","0.000936985015869141","leiden","edit-xhwikibooks.graphml"
"0.06","0.09","0.85","0.405315171832597","1,1,1,2,3,2,3,2,2,2,3,3,2,2,2,2,2,3,4,3,5,1,2,2,2,2,2,2,1,2,3,4,3,3,4,4,2,2,5,5,5,5,1,1,1,1,5,1,1,1,5,5,5,5,5,1,1,1,1,5,2,5,5,2,2,5,5,5,5,5,1,5,2,2,5,5,5,5,5,5,5,2,2,2,2,1,5,5,5,5,2,3,4,5,5,5,2,5,5,5,5,5,5,5,5,5,5,3,3,5,5,5,5,4,4,4,4,4,4,4,4,2,2,2,2,2,2,2,2","0.00094294548034668","leiden","edit-xhwikibooks.graphml"
"0.05","0.1","0.85","0.405315171832597","1,1,1,2,3,2,3,2,2,2,3,3,2,2,2,2,2,3,4,3,5,1,2,2,2,2,2,2,1,2,3,4,3,3,4,4,2,2,5,5,5,5,1,1,1,1,5,1,1,1,5,5,5,5,5,1,1,1,1,5,2,5,5,2,2,5,5,5,5,5,1,5,2,2,5,5,5,5,5,5,5,2,2,2,2,1,5,5,5,5,2,3,4,5,5,5,2,5,5,5,5,5,5,5,5,5,5,3,3,5,5,5,5,4,4,4,4,4,4,4,4,2,2,2,2,2,2,2,2","0.000915050506591797","leiden","edit-xhwikibooks.graphml"
"0.04","0.11","0.85","0.404087646455072","1,1,1,2,3,2,3,2,2,2,3,3,2,2,2,2,2,3,4,3,5,1,2,2,2,2,2,2,1,2,3,4,3,3,4,4,2,2,5,5,5,5,1,1,1,1,5,1,1,1,5,5,5,5,5,1,1,1,1,5,2,5,5,2,2,5,5,5,5,5,1,5,2,2,5,5,5,5,5,5,5,2,2,2,2,1,5,5,5,5,2,3,4,5,5,5,2,5,5,5,5,5,5,5,5,5,5,3,3,5,5,5,5,4,4,4,4,4,4,4,4,2,2,2,2,2,2,2,2","0.000958919525146484","leiden","edit-xhwikibooks.graphml"
"0.03","0.12","0.85","0.404846804103044","1,1,1,2,3,2,3,2,2,2,3,3,2,2,2,2,2,3,4,3,5,1,2,2,2,2,2,2,1,2,3,4,3,3,4,4,2,2,5,5,5,5,1,1,1,1,5,1,1,1,5,5,5,5,5,1,1,1,1,5,2,5,5,2,2,5,5,5,5,5,1,5,2,2,5,5,5,5,5,5,5,2,2,2,2,1,5,5,5,5,2,3,4,5,5,5,2,5,5,5,5,5,5,5,5,5,5,3,3,5,5,5,5,4,4,4,4,4,4,4,4,2,2,2,2,2,2,2,2","0.000950098037719727","leiden","edit-xhwikibooks.graphml"
"0.02","0.13","0.85","0.404726083864948","1,1,1,2,3,2,3,2,2,2,3,3,2,2,2,2,2,3,4,3,5,1,2,2,2,2,2,2,1,2,3,4,3,3,4,4,2,2,5,5,5,5,1,1,1,1,5,1,1,1,5,5,5,5,5,1,1,1,1,5,2,5,5,2,2,5,5,5,5,5,1,5,2,2,5,5,5,5,5,5,5,2,2,2,2,1,5,5,5,5,2,3,4,5,5,5,2,5,5,5,5,5,5,5,5,5,5,3,3,5,5,5,5,4,4,4,4,4,4,4,4,2,2,2,2,2,2,2,2","0.000946044921875","leiden","edit-xhwikibooks.graphml"
"0.01","0.14","0.85","0.404726083864948","1,1,1,2,3,2,3,2,2,2,3,3,2,2,2,2,2,3,4,3,5,1,2,2,2,2,2,2,1,2,3,4,3,3,4,4,2,2,5,5,5,5,1,1,1,1,5,1,1,1,5,5,5,5,5,1,1,1,1,5,2,5,5,2,2,5,5,5,5,5,1,5,2,2,5,5,5,5,5,5,5,2,2,2,2,1,5,5,5,5,2,3,4,5,5,5,2,5,5,5,5,5,5,5,5,5,5,3,3,5,5,5,5,4,4,4,4,4,4,4,4,2,2,2,2,2,2,2,2","0.00100898742675781","leiden","edit-xhwikibooks.graphml"
"0","0.15","0.85","0.406550147867045","1,1,1,1,1,2,3,2,2,2,3,3,2,2,2,2,2,3,4,3,5,1,2,2,2,2,2,2,1,2,3,4,3,3,4,4,2,2,5,5,5,5,1,1,1,1,5,1,1,1,5,5,5,5,5,1,1,1,1,5,2,5,5,2,2,5,5,5,5,5,1,5,2,2,5,5,5,5,5,5,5,2,2,2,2,1,5,5,5,5,2,3,4,5,5,5,2,5,5,5,5,5,5,5,5,5,5,3,3,5,5,5,5,4,4,4,4,4,4,4,4,2,2,2,2,2,2,2,2","0.00109410285949707","leiden","edit-xhwikibooks.graphml"
"0.14","0","0.86","0.402796345715577","1,1,1,2,3,2,3,2,2,2,3,3,2,2,2,2,2,3,4,3,5,1,2,2,2,2,2,2,1,2,3,4,3,3,4,4,2,2,5,5,5,5,1,1,1,1,5,1,1,1,5,5,5,5,5,1,1,1,1,5,2,5,5,2,2,5,5,5,5,5,1,5,2,2,5,5,5,5,5,5,5,2,2,2,2,1,5,5,5,5,2,3,4,5,5,5,2,5,5,5,5,5,5,5,5,5,5,3,3,5,5,5,5,4,4,4,4,4,4,4,4,2,2,2,2,2,2,2,2","0.0339808464050293","leiden","edit-xhwikibooks.graphml"
"0.13","0.01","0.86","0.402796345715577","1,1,1,2,3,2,3,2,2,2,3,3,2,2,2,2,2,3,4,3,5,1,2,2,2,2,2,2,1,2,3,4,3,3,4,4,2,2,5,5,5,5,1,1,1,1,5,1,1,1,5,5,5,5,5,1,1,1,1,5,2,5,5,2,2,5,5,5,5,5,1,5,2,2,5,5,5,5,5,5,5,2,2,2,2,1,5,5,5,5,2,3,4,5,5,5,2,5,5,5,5,5,5,5,5,5,5,3,3,5,5,5,5,4,4,4,4,4,4,4,4,2,2,2,2,2,2,2,2","0.00128817558288574","leiden","edit-xhwikibooks.graphml"
"0.12","0.02","0.86","0.402796345715577","1,1,1,2,3,2,3,2,2,2,3,3,2,2,2,2,2,3,4,3,5,1,2,2,2,2,2,2,1,2,3,4,3,3,4,4,2,2,5,5,5,5,1,1,1,1,5,1,1,1,5,5,5,5,5,1,1,1,1,5,2,5,5,2,2,5,5,5,5,5,1,5,2,2,5,5,5,5,5,5,5,2,2,2,2,1,5,5,5,5,2,3,4,5,5,5,2,5,5,5,5,5,5,5,5,5,5,3,3,5,5,5,5,4,4,4,4,4,4,4,4,2,2,2,2,2,2,2,2","0.00104403495788574","leiden","edit-xhwikibooks.graphml"
"0.11","0.03","0.86","0.401974198424887","1,1,1,2,3,2,3,2,2,2,3,3,2,2,2,2,2,3,4,3,5,1,2,2,2,2,2,2,1,2,3,4,3,3,4,4,2,2,5,5,5,5,1,1,1,1,5,1,1,1,5,5,5,5,5,1,1,1,1,5,2,5,5,2,2,5,5,5,5,5,1,5,2,2,5,5,5,5,5,5,5,2,2,2,2,1,5,5,5,5,2,3,4,5,5,5,2,5,5,5,5,5,5,5,5,5,5,3,3,5,5,5,5,4,4,4,4,4,4,4,4,2,2,2,2,2,2,2,2","0.0010218620300293","leiden","edit-xhwikibooks.graphml"
"0.1","0.04","0.86","0.401974198424887","1,1,1,2,3,2,3,2,2,2,3,3,2,2,2,2,2,3,4,3,5,1,2,2,2,2,2,2,1,2,3,4,3,3,4,4,2,2,5,5,5,5,1,1,1,1,5,1,1,1,5,5,5,5,5,1,1,1,1,5,2,5,5,2,2,5,5,5,5,5,1,5,2,2,5,5,5,5,5,5,5,2,2,2,2,1,5,5,5,5,2,3,4,5,5,5,2,5,5,5,5,5,5,5,5,5,5,3,3,5,5,5,5,4,4,4,4,4,4,4,4,2,2,2,2,2,2,2,2","0.000978946685791016","leiden","edit-xhwikibooks.graphml"
"0.09","0.05","0.86","0.399558621723496","1,1,1,2,3,2,3,2,2,2,3,3,2,2,2,2,2,3,4,3,5,1,2,2,2,2,2,2,1,2,3,4,3,3,4,4,2,2,5,5,5,5,1,1,1,1,5,1,1,1,5,5,5,5,5,1,1,1,1,5,2,5,5,2,2,5,5,5,5,5,1,5,2,2,5,5,5,5,5,5,5,2,2,2,2,1,5,5,5,5,2,3,4,5,5,5,2,5,5,5,5,5,5,5,5,5,5,3,3,5,5,5,5,4,4,4,4,4,4,4,4,2,2,2,2,2,2,2,2","0.00100994110107422","leiden","edit-xhwikibooks.graphml"
"0.08","0.06","0.86","0.399558621723496","1,1,1,2,3,2,3,2,2,2,3,3,2,2,2,2,2,3,4,3,5,1,2,2,2,2,2,2,1,2,3,4,3,3,4,4,2,2,5,5,5,5,1,1,1,1,5,1,1,1,5,5,5,5,5,1,1,1,1,5,2,5,5,2,2,5,5,5,5,5,1,5,2,2,5,5,5,5,5,5,5,2,2,2,2,1,5,5,5,5,2,3,4,5,5,5,2,5,5,5,5,5,5,5,5,5,5,3,3,5,5,5,5,4,4,4,4,4,4,4,4,2,2,2,2,2,2,2,2","0.000960111618041992","leiden","edit-xhwikibooks.graphml"
"0.07","0.07","0.86","0.399440785697888","1,1,1,2,3,2,3,2,2,2,3,3,2,2,2,2,2,3,4,3,5,1,2,2,2,2,2,2,1,2,3,4,3,3,4,4,2,2,5,5,5,5,1,1,1,1,5,1,1,1,5,5,5,5,5,1,1,1,1,5,2,5,5,2,2,5,5,5,5,5,1,5,2,2,5,5,5,5,5,5,5,2,2,2,2,1,5,5,5,5,2,3,4,5,5,5,2,5,5,5,5,5,5,5,5,5,5,3,3,5,5,5,5,4,4,4,4,4,4,4,4,2,2,2,2,2,2,2,2","0.000945806503295898","leiden","edit-xhwikibooks.graphml"
"0.06","0.08","0.86","0.399826534674929","1,1,1,2,3,2,3,2,2,2,3,3,2,2,2,2,2,3,4,3,5,1,2,2,2,2,2,2,1,2,3,4,3,3,4,4,2,2,5,5,5,5,1,1,1,1,5,1,1,1,5,5,5,5,5,1,1,1,1,5,2,5,5,2,2,5,5,5,5,5,1,5,2,2,5,5,5,5,5,5,5,2,2,2,2,1,5,5,5,5,2,3,4,5,5,5,2,5,5,5,5,5,5,5,5,5,5,3,3,5,5,5,5,4,4,4,4,4,4,4,4,2,2,2,2,2,2,2,2","0.00096893310546875","leiden","edit-xhwikibooks.graphml"
"0.05","0.09","0.86","0.399708731771918","1,1,1,2,3,2,3,2,2,2,3,3,2,2,2,2,2,3,4,3,5,1,2,2,2,2,2,2,1,2,3,4,3,3,4,4,2,2,5,5,5,5,1,1,1,1,5,1,1,1,5,5,5,5,5,1,1,1,1,5,2,5,5,2,2,5,5,5,5,5,1,5,2,2,5,5,5,5,5,5,5,2,2,2,2,1,5,5,5,5,2,3,4,5,5,5,2,5,5,5,5,5,5,5,5,5,5,3,3,5,5,5,5,4,4,4,4,4,4,4,4,2,2,2,2,2,2,2,2","0.000962972640991211","leiden","edit-xhwikibooks.graphml"
"0.04","0.1","0.86","0.399708731771918","1,1,1,2,3,2,3,2,2,2,3,3,2,2,2,2,2,3,4,3,5,1,2,2,2,2,2,2,1,2,3,4,3,3,4,4,2,2,5,5,5,5,1,1,1,1,5,1,1,1,5,5,5,5,5,1,1,1,1,5,2,5,5,2,2,5,5,5,5,5,1,5,2,2,5,5,5,5,5,5,5,2,2,2,2,1,5,5,5,5,2,3,4,5,5,5,2,5,5,5,5,5,5,5,5,5,5,3,3,5,5,5,5,4,4,4,4,4,4,4,4,2,2,2,2,2,2,2,2","0.00113987922668457","leiden","edit-xhwikibooks.graphml"
"0.03","0.11","0.86","0.399590992647717","1,1,1,2,3,2,3,2,2,2,3,3,2,2,2,2,2,3,4,3,5,1,2,2,2,2,2,2,1,2,3,4,3,3,4,4,2,2,5,5,5,5,1,1,1,1,5,1,1,1,5,5,5,5,5,1,1,1,1,5,2,5,5,2,2,5,5,5,5,5,1,5,2,2,5,5,5,5,5,5,5,2,2,2,2,1,5,5,5,5,2,3,4,5,5,5,2,5,5,5,5,5,5,5,5,5,5,3,3,5,5,5,5,4,4,4,4,4,4,4,4,2,2,2,2,2,2,2,2","0.000977993011474609","leiden","edit-xhwikibooks.graphml"
"0.02","0.12","0.86","0.400344695737937","1,1,1,2,3,2,3,2,2,2,3,3,2,2,2,2,2,3,4,3,5,1,2,2,2,2,2,2,1,2,3,4,3,3,4,4,2,2,5,5,5,5,1,1,1,1,5,1,1,1,5,5,5,5,5,1,1,1,1,5,2,5,5,2,2,5,5,5,5,5,1,5,2,2,5,5,5,5,5,5,5,2,2,2,2,1,5,5,5,5,2,3,4,5,5,5,2,5,5,5,5,5,5,5,5,5,5,3,3,5,5,5,5,4,4,4,4,4,4,4,4,2,2,2,2,2,2,2,2","0.000967025756835938","leiden","edit-xhwikibooks.graphml"
"0.01","0.13","0.86","0.400226971615051","1,1,1,2,3,2,3,2,2,2,3,3,2,2,2,2,2,3,4,3,5,1,2,2,2,2,2,2,1,2,3,4,3,3,4,4,2,2,5,5,5,5,1,1,1,1,5,1,1,1,5,5,5,5,5,1,1,1,1,5,2,5,5,2,2,5,5,5,5,5,1,5,2,2,5,5,5,5,5,5,5,2,2,2,2,1,5,5,5,5,2,3,4,5,5,5,2,5,5,5,5,5,5,5,5,5,5,3,3,5,5,5,5,4,4,4,4,4,4,4,4,2,2,2,2,2,2,2,2","0.000977993011474609","leiden","edit-xhwikibooks.graphml"
"0","0.14","0.86","0.401431488280945","1,1,1,1,1,2,3,2,2,2,3,3,2,2,2,2,2,3,4,3,5,1,2,2,2,2,2,2,1,2,3,4,3,3,4,4,2,2,5,5,5,5,1,1,1,1,5,1,1,1,5,5,5,5,5,1,1,1,1,5,2,5,5,2,2,5,5,5,5,5,1,5,2,2,5,5,5,5,5,5,5,2,2,2,2,1,5,5,5,5,2,3,4,5,5,5,2,5,5,5,5,5,5,5,5,5,5,3,3,5,5,5,5,4,4,4,4,4,4,4,4,2,2,2,2,2,2,2,2","0.00101089477539062","leiden","edit-xhwikibooks.graphml"
"0.13","0","0.87","0.402551005771836","1,1,1,2,3,2,3,2,2,2,3,3,2,2,2,2,2,3,4,3,5,1,2,2,2,2,2,2,1,2,3,4,3,3,4,4,2,2,5,5,5,5,1,1,1,1,5,1,1,1,5,5,5,5,5,1,1,1,1,5,2,5,5,2,2,5,5,5,5,5,1,5,2,2,5,5,5,5,5,5,5,2,2,2,2,1,5,5,5,5,2,3,4,5,5,5,2,5,5,5,5,5,5,5,5,5,5,3,3,5,5,5,5,4,4,4,4,4,4,4,4,2,2,2,2,2,2,2,2","0.000957965850830078","leiden","edit-xhwikibooks.graphml"
"0.12","0.01","0.87","0.402551005771836","1,1,1,2,3,2,3,2,2,2,3,3,2,2,2,2,2,3,4,3,5,1,2,2,2,2,2,2,1,2,3,4,3,3,4,4,2,2,5,5,5,5,1,1,1,1,5,1,1,1,5,5,5,5,5,1,1,1,1,5,2,5,5,2,2,5,5,5,5,5,1,5,2,2,5,5,5,5,5,5,5,2,2,2,2,1,5,5,5,5,2,3,4,5,5,5,2,5,5,5,5,5,5,5,5,5,5,3,3,5,5,5,5,4,4,4,4,4,4,4,4,2,2,2,2,2,2,2,2","0.000974178314208984","leiden","edit-xhwikibooks.graphml"
"0.11","0.02","0.87","0.402551005771836","1,1,1,2,3,2,3,2,2,2,3,3,2,2,2,2,2,3,4,3,5,1,2,2,2,2,2,2,1,2,3,4,3,3,4,4,2,2,5,5,5,5,1,1,1,1,5,1,1,1,5,5,5,5,5,1,1,1,1,5,2,5,5,2,2,5,5,5,5,5,1,5,2,2,5,5,5,5,5,5,5,2,2,2,2,1,5,5,5,5,2,3,4,5,5,5,2,5,5,5,5,5,5,5,5,5,5,3,3,5,5,5,5,4,4,4,4,4,4,4,4,2,2,2,2,2,2,2,2","0.000963926315307617","leiden","edit-xhwikibooks.graphml"
"0.1","0.03","0.87","0.402815666816442","1,1,1,2,3,2,3,2,2,2,3,3,2,2,2,2,2,3,4,3,5,1,2,2,2,2,2,2,1,2,3,4,3,3,4,4,2,2,5,5,5,5,1,1,1,1,5,1,1,1,5,5,5,5,5,1,1,1,1,5,2,5,5,2,2,5,5,5,5,5,1,5,2,2,5,5,5,5,5,5,5,2,2,2,2,1,5,5,5,5,2,3,4,5,5,5,2,5,5,5,5,5,5,5,5,5,5,3,3,5,5,5,5,4,4,4,4,4,4,4,4,2,2,2,2,2,2,2,2","0.000982999801635742","leiden","edit-xhwikibooks.graphml"
"0.09","0.04","0.87","0.402815666816442","1,1,1,2,3,2,3,2,2,2,3,3,2,2,2,2,2,3,4,3,5,1,2,2,2,2,2,2,1,2,3,4,3,3,4,4,2,2,5,5,5,5,1,1,1,1,5,1,1,1,5,5,5,5,5,1,1,1,1,5,2,5,5,2,2,5,5,5,5,5,1,5,2,2,5,5,5,5,5,5,5,2,2,2,2,1,5,5,5,5,2,3,4,5,5,5,2,5,5,5,5,5,5,5,5,5,5,3,3,5,5,5,5,4,4,4,4,4,4,4,4,2,2,2,2,2,2,2,2","0.000932931900024414","leiden","edit-xhwikibooks.graphml"
"0.08","0.05","0.87","0.403079640416682","1,1,1,2,3,2,3,2,2,2,3,3,2,2,2,2,2,3,4,3,5,1,2,2,2,2,2,2,1,2,3,4,3,3,4,4,2,2,5,5,5,5,1,1,1,1,5,1,1,1,5,5,5,5,5,1,1,1,1,5,2,5,5,2,2,5,5,5,5,5,1,5,2,2,5,5,5,5,5,5,5,2,2,2,2,1,5,5,5,5,2,3,4,5,5,5,2,5,5,5,5,5,5,5,5,5,5,3,3,5,5,5,5,4,4,4,4,4,4,4,4,2,2,2,2,2,2,2,2","0.00114917755126953","leiden","edit-xhwikibooks.graphml"
"0.07","0.06","0.87","0.403079640416682","1,1,1,2,3,2,3,2,2,2,3,3,2,2,2,2,2,3,4,3,5,1,2,2,2,2,2,2,1,2,3,4,3,3,4,4,2,2,5,5,5,5,1,1,1,1,5,1,1,1,5,5,5,5,5,1,1,1,1,5,2,5,5,2,2,5,5,5,5,5,1,5,2,2,5,5,5,5,5,5,5,2,2,2,2,1,5,5,5,5,2,3,4,5,5,5,2,5,5,5,5,5,5,5,5,5,5,3,3,5,5,5,5,4,4,4,4,4,4,4,4,2,2,2,2,2,2,2,2","0.000875949859619141","leiden","edit-xhwikibooks.graphml"
"0.06","0.07","0.87","0.402961835911996","1,1,1,2,3,2,3,2,2,2,3,3,2,2,2,2,2,3,4,3,5,1,2,2,2,2,2,2,1,2,3,4,3,3,4,4,2,2,5,5,5,5,1,1,1,1,5,1,1,1,5,5,5,5,5,1,1,1,1,5,2,5,5,2,2,5,5,5,5,5,1,5,2,2,5,5,5,5,5,5,5,2,2,2,2,1,5,5,5,5,2,3,4,5,5,5,2,5,5,5,5,5,5,5,5,5,5,3,3,5,5,5,5,4,4,4,4,4,4,4,4,2,2,2,2,2,2,2,2","0.000901937484741211","leiden","edit-xhwikibooks.graphml"
"0.05","0.08","0.87","0.403342928778365","1,1,1,2,3,2,3,2,2,2,3,3,2,2,2,2,2,3,4,3,5,1,2,2,2,2,2,2,1,2,3,4,3,3,4,4,2,2,5,5,5,5,1,1,1,1,5,1,1,1,5,5,5,5,5,1,1,1,1,5,2,5,5,2,2,5,5,5,5,5,1,5,2,2,5,5,5,5,5,5,5,2,2,2,2,1,5,5,5,5,2,3,4,5,5,5,2,5,5,5,5,5,5,5,5,5,5,3,3,5,5,5,5,4,4,4,4,4,4,4,4,2,2,2,2,2,2,2,2","0.000891923904418945","leiden","edit-xhwikibooks.graphml"
"0.04","0.09","0.87","0.4032251584249","1,1,1,2,3,2,3,2,2,2,3,3,2,2,2,2,2,3,4,3,5,1,2,2,2,2,2,2,1,2,3,4,3,3,4,4,2,2,5,5,5,5,1,1,1,1,5,1,1,1,5,5,5,5,5,1,1,1,1,5,2,5,5,2,2,5,5,5,5,5,1,5,2,2,5,5,5,5,5,5,5,2,2,2,2,1,5,5,5,5,2,3,4,5,5,5,2,5,5,5,5,5,5,5,5,5,5,3,3,5,5,5,5,4,4,4,4,4,4,4,4,2,2,2,2,2,2,2,2","0.000958919525146484","leiden","edit-xhwikibooks.graphml"
"0.03","0.1","0.87","0.402057458170167","1,1,2,3,2,3,2,3,3,3,2,2,3,3,3,3,3,2,4,2,5,1,3,3,3,3,3,3,1,3,2,4,2,2,4,4,3,3,5,5,5,5,1,1,1,1,5,1,1,1,5,5,5,5,5,1,1,1,1,5,3,5,5,3,3,5,5,5,5,5,1,5,3,3,5,5,5,5,5,5,5,3,3,3,3,1,5,5,5,5,3,2,4,5,5,5,3,5,5,5,5,5,5,5,5,5,5,2,2,5,5,5,5,4,4,4,4,4,4,4,4,3,3,3,3,3,3,3,3","0.000885009765625","leiden","edit-xhwikibooks.graphml"
"0.02","0.11","0.87","0.402023620190725","1,1,1,2,3,2,3,2,2,2,3,3,2,2,2,2,2,3,4,3,5,1,2,2,2,2,2,2,1,2,3,4,3,3,4,4,2,2,5,5,5,5,1,1,1,1,5,1,1,1,5,5,5,5,5,1,1,1,1,5,2,5,5,2,2,5,5,5,5,5,1,5,2,2,5,5,5,5,5,5,5,2,2,2,2,1,5,5,5,5,2,3,4,5,5,5,2,5,5,5,5,5,5,5,5,5,5,3,3,5,5,5,5,4,4,4,4,4,4,4,4,2,2,2,2,2,2,2,2","0.000938177108764648","leiden","edit-xhwikibooks.graphml"
"0.01","0.12","0.87","0.402769574771799","1,1,1,2,3,2,3,2,2,2,3,3,2,2,2,2,2,3,4,3,5,1,2,2,2,2,2,2,1,2,3,4,3,3,4,4,2,2,5,5,5,5,1,1,1,1,5,1,1,1,5,5,5,5,5,1,1,1,1,5,2,5,5,2,2,5,5,5,5,5,1,5,2,2,5,5,5,5,5,5,5,2,2,2,2,1,5,5,5,5,2,3,4,5,5,5,2,5,5,5,5,5,5,5,5,5,5,3,3,5,5,5,5,4,4,4,4,4,4,4,4,2,2,2,2,2,2,2,2","0.000957965850830078","leiden","edit-xhwikibooks.graphml"
"0","0.13","0.87","0.403840616213625","1,1,1,1,1,2,3,2,2,2,3,3,2,2,2,2,2,3,4,3,5,1,2,2,2,2,2,2,1,2,3,4,3,3,4,4,2,2,5,5,5,5,1,1,1,1,5,1,1,1,5,5,5,5,5,1,1,1,1,5,2,5,5,2,2,5,5,5,5,5,1,5,2,2,5,5,5,5,5,5,5,2,2,2,2,1,5,5,5,5,2,3,4,5,5,5,2,5,5,5,5,5,5,5,5,5,5,3,3,5,5,5,5,4,4,4,4,4,4,4,4,2,2,2,2,2,2,2,2","0.00094294548034668","leiden","edit-xhwikibooks.graphml"
"0.12","0","0.88","0.402153052174311","1,1,1,2,3,2,3,2,2,2,3,3,2,2,2,2,2,3,4,3,5,1,2,2,2,2,2,2,1,2,3,4,3,3,4,4,2,2,5,5,5,5,1,1,1,1,5,1,1,1,5,5,5,5,5,1,1,1,1,5,2,5,5,2,2,5,5,5,5,5,1,5,2,2,5,5,5,5,5,5,5,2,2,2,2,1,5,5,5,5,2,3,4,5,5,5,2,5,5,5,5,5,5,5,5,5,5,3,3,5,5,5,5,4,4,4,4,4,4,4,4,2,2,2,2,2,2,2,2","0.000929117202758789","leiden","edit-xhwikibooks.graphml"
"0.11","0.01","0.88","0.402153052174311","1,1,1,2,3,2,3,2,2,2,3,3,2,2,2,2,2,3,4,3,5,1,2,2,2,2,2,2,1,2,3,4,3,3,4,4,2,2,5,5,5,5,1,1,1,1,5,1,1,1,5,5,5,5,5,1,1,1,1,5,2,5,5,2,2,5,5,5,5,5,1,5,2,2,5,5,5,5,5,5,5,2,2,2,2,1,5,5,5,5,2,3,4,5,5,5,2,5,5,5,5,5,5,5,5,5,5,3,3,5,5,5,5,4,4,4,4,4,4,4,4,2,2,2,2,2,2,2,2","0.00106287002563477","leiden","edit-xhwikibooks.graphml"
"0.1","0.02","0.88","0.402016823613605","1,1,1,2,1,2,3,2,2,2,3,3,2,2,2,2,2,3,4,3,5,1,2,2,2,2,2,2,1,2,3,4,3,3,4,4,2,2,5,5,5,5,1,1,1,1,5,1,1,1,5,5,5,5,5,1,1,1,1,5,2,5,5,2,2,5,5,5,5,5,1,5,2,2,5,5,5,5,5,5,5,2,2,2,2,1,5,5,5,5,2,3,4,5,5,5,2,5,5,5,5,5,5,5,5,5,5,3,3,5,5,5,5,4,4,4,4,4,4,4,4,2,2,2,2,2,2,2,2","0.000917911529541016","leiden","edit-xhwikibooks.graphml"
"0.09","0.03","0.88","0.402413297749214","1,1,1,2,3,2,3,2,2,2,3,3,2,2,2,2,2,3,4,3,5,1,2,2,2,2,2,2,1,2,3,4,3,3,4,4,2,2,5,5,5,5,1,1,1,1,5,1,1,1,5,5,5,5,5,1,1,1,1,5,2,5,5,2,2,5,5,5,5,5,1,5,2,2,5,5,5,5,5,5,5,2,2,2,2,1,5,5,5,5,2,3,4,5,5,5,2,5,5,5,5,5,5,5,5,5,5,3,3,5,5,5,5,4,4,4,4,4,4,4,4,2,2,2,2,2,2,2,2","0.000925064086914062","leiden","edit-xhwikibooks.graphml"
"0.08","0.04","0.88","0.402788086461689","1,1,1,2,3,2,3,2,2,2,3,3,2,2,2,2,2,3,4,3,5,1,2,2,2,2,2,2,1,2,3,4,3,3,4,4,2,2,5,5,5,5,1,1,1,1,5,1,1,1,5,5,5,5,5,1,1,1,1,5,2,5,5,2,2,5,5,5,5,5,1,5,2,2,5,5,5,5,5,5,5,2,2,2,2,1,5,5,5,5,2,3,4,5,5,5,2,5,5,5,5,5,5,5,5,5,5,3,3,5,5,5,5,4,4,4,4,4,4,4,4,2,2,2,2,2,2,2,2","0.000890016555786133","leiden","edit-xhwikibooks.graphml"
"0.07","0.05","0.88","0.397851234405289","1,1,1,2,1,2,3,2,2,2,3,3,2,2,2,2,2,3,4,3,5,1,2,2,2,2,2,2,1,2,3,4,3,3,4,4,2,2,5,5,5,5,1,1,1,1,5,1,1,1,5,5,5,5,5,1,1,1,1,5,2,5,5,2,2,5,5,5,5,5,1,5,2,2,5,5,5,5,5,5,5,2,2,2,2,1,5,5,5,5,2,3,4,5,5,5,2,5,5,5,5,5,5,5,5,5,5,3,3,5,5,5,5,4,4,4,4,4,4,4,4,2,2,2,2,2,2,2,2","0.001007080078125","leiden","edit-xhwikibooks.graphml"
"0.06","0.06","0.88","0.397990020318203","1,1,1,2,3,2,3,2,2,2,3,3,2,2,2,2,2,3,4,3,5,1,2,2,2,2,2,2,1,2,3,4,3,3,4,4,2,2,5,5,5,5,1,1,1,1,5,1,1,1,5,5,5,5,5,1,1,1,1,5,2,5,5,2,2,5,5,5,5,5,1,5,2,2,5,5,5,5,5,5,5,2,2,2,2,1,5,5,5,5,2,3,4,5,5,5,2,5,5,5,5,5,5,5,5,5,5,3,3,5,5,5,5,4,4,4,4,4,4,4,4,2,2,2,2,2,2,2,2","0.000916957855224609","leiden","edit-xhwikibooks.graphml"
"0.05","0.07","0.88","0.397736419753086","1,1,1,2,1,2,3,2,2,2,3,3,2,2,2,2,2,3,4,3,5,1,2,2,2,2,2,2,1,2,3,4,3,3,4,4,2,2,5,5,5,5,1,1,1,1,5,1,1,1,5,5,5,5,5,1,1,1,1,5,2,5,5,2,2,5,5,5,5,5,1,5,2,2,5,5,5,5,5,5,5,2,2,2,2,1,5,5,5,5,2,3,4,5,5,5,2,5,5,5,5,5,5,5,5,5,5,3,3,5,5,5,5,4,4,4,4,4,4,4,4,2,2,2,2,2,2,2,2","0.000924825668334961","leiden","edit-xhwikibooks.graphml"
"0.04","0.08","0.88","0.398254119273224","1,1,1,2,3,2,3,2,2,2,3,3,2,2,2,2,2,3,4,3,5,1,2,2,2,2,2,2,1,2,3,4,3,3,4,4,2,2,5,5,5,5,1,1,1,1,5,1,1,1,5,5,5,5,5,1,1,1,1,5,2,5,5,2,2,5,5,5,5,5,1,5,2,2,5,5,5,5,5,5,5,2,2,2,2,1,5,5,5,5,2,3,4,5,5,5,2,5,5,5,5,5,5,5,5,5,5,3,3,5,5,5,5,4,4,4,4,4,4,4,4,2,2,2,2,2,2,2,2","0.000913858413696289","leiden","edit-xhwikibooks.graphml"
"0.03","0.09","0.88","0.397760246489535","1,1,1,2,3,2,3,2,2,2,3,3,2,2,2,2,2,3,4,3,5,1,2,2,2,2,2,2,1,2,3,4,3,3,4,4,2,2,5,5,5,5,1,1,1,1,5,1,1,1,5,5,5,5,5,1,1,1,1,5,2,5,5,2,2,5,5,5,5,5,1,5,2,2,5,5,5,5,5,5,5,2,2,2,2,1,5,5,5,5,2,3,4,5,5,5,2,5,5,5,5,5,5,5,5,5,5,3,3,5,5,5,5,4,4,4,4,4,4,4,4,2,2,2,2,2,2,2,2","0.000928878784179688","leiden","edit-xhwikibooks.graphml"
"0.02","0.1","0.88","0.397760246489535","1,1,1,2,3,2,3,2,2,2,3,3,2,2,2,2,2,3,4,3,5,1,2,2,2,2,2,2,1,2,3,4,3,3,4,4,2,2,5,5,5,5,1,1,1,1,5,1,1,1,5,5,5,5,5,1,1,1,1,5,2,5,5,2,2,5,5,5,5,5,1,5,2,2,5,5,5,5,5,5,5,2,2,2,2,1,5,5,5,5,2,3,4,5,5,5,2,5,5,5,5,5,5,5,5,5,5,3,3,5,5,5,5,4,4,4,4,4,4,4,4,2,2,2,2,2,2,2,2","0.000937938690185547","leiden","edit-xhwikibooks.graphml"
"0.01","0.11","0.88","0.397645451103741","1,1,1,2,3,2,3,2,2,2,3,3,2,2,2,2,2,3,4,3,5,1,2,2,2,2,2,2,1,2,3,4,3,3,4,4,2,2,5,5,5,5,1,1,1,1,5,1,1,1,5,5,5,5,5,1,1,1,1,5,2,5,5,2,2,5,5,5,5,5,1,5,2,2,5,5,5,5,5,5,5,2,2,2,2,1,5,5,5,5,2,3,4,5,5,5,2,5,5,5,5,5,5,5,5,5,5,3,3,5,5,5,5,4,4,4,4,4,4,4,4,2,2,2,2,2,2,2,2","0.000886917114257812","leiden","edit-xhwikibooks.graphml"
"0","0.12","0.88","0.399584068131787","1,1,1,1,1,2,3,2,2,2,3,3,2,2,2,2,2,3,4,3,5,1,2,2,2,2,2,2,1,2,3,4,3,3,4,4,2,2,5,5,5,5,1,1,1,1,5,1,1,1,5,5,5,5,5,1,1,1,1,5,2,5,5,2,2,5,5,5,5,5,1,5,2,2,5,5,5,5,5,5,5,2,2,2,2,1,5,5,5,5,2,3,4,5,5,5,2,5,5,5,5,5,5,5,5,5,5,3,3,5,5,5,5,4,4,4,4,4,4,4,4,2,2,2,2,2,2,2,2","0.000915050506591797","leiden","edit-xhwikibooks.graphml"
"0.11","0","0.89","0.402267738729048","1,1,1,2,3,2,3,2,2,2,3,3,2,2,2,2,2,3,4,3,5,1,2,2,2,2,2,2,1,2,3,4,3,3,4,4,2,2,5,5,5,5,1,1,1,1,5,1,1,1,5,5,5,5,5,1,1,1,1,5,2,5,5,2,2,5,5,5,5,5,1,5,2,2,5,5,5,5,5,5,5,2,2,2,2,1,5,5,5,5,2,3,4,5,5,5,2,5,5,5,5,5,5,5,5,5,5,3,3,5,5,5,5,4,4,4,4,4,4,4,4,2,2,2,2,2,2,2,2","0.000895977020263672","leiden","edit-xhwikibooks.graphml"
"0.1","0.01","0.89","0.402267738729048","1,1,1,2,3,2,3,2,2,2,3,3,2,2,2,2,2,3,4,3,5,1,2,2,2,2,2,2,1,2,3,4,3,3,4,4,2,2,5,5,5,5,1,1,1,1,5,1,1,1,5,5,5,5,5,1,1,1,1,5,2,5,5,2,2,5,5,5,5,5,1,5,2,2,5,5,5,5,5,5,5,2,2,2,2,1,5,5,5,5,2,3,4,5,5,5,2,5,5,5,5,5,5,5,5,5,5,3,3,5,5,5,5,4,4,4,4,4,4,4,4,2,2,2,2,2,2,2,2","0.000900030136108398","leiden","edit-xhwikibooks.graphml"
"0.09","0.02","0.89","0.401914117809454","1,1,1,2,3,2,3,2,2,2,3,3,2,2,2,2,2,3,4,3,5,1,2,2,2,2,2,2,1,2,3,4,3,3,4,4,2,2,5,5,5,5,1,1,1,1,5,1,1,1,5,5,5,5,5,1,1,1,1,5,2,5,5,2,2,5,5,5,5,5,1,5,2,2,5,5,5,5,5,5,5,2,2,2,2,1,5,5,5,5,2,3,4,5,5,5,2,5,5,5,5,5,5,5,5,5,5,3,3,5,5,5,5,4,4,4,4,4,4,4,4,2,2,2,2,2,2,2,2","0.000980854034423828","leiden","edit-xhwikibooks.graphml"
"0.08","0.03","0.89","0.402174304964909","1,1,1,2,3,2,3,2,2,2,3,3,2,2,2,2,2,3,4,3,5,1,2,2,2,2,2,2,1,2,3,4,3,3,4,4,2,2,5,5,5,5,1,1,1,1,5,1,1,1,5,5,5,5,5,1,1,1,1,5,2,5,5,2,2,5,5,5,5,5,1,5,2,2,5,5,5,5,5,5,5,2,2,2,2,1,5,5,5,5,2,3,4,5,5,5,2,5,5,5,5,5,5,5,5,5,5,3,3,5,5,5,5,4,4,4,4,4,4,4,4,2,2,2,2,2,2,2,2","0.000874996185302734","leiden","edit-xhwikibooks.graphml"
"0.07","0.04","0.89","0.402548884124747","1,1,1,2,3,2,3,2,2,2,3,3,2,2,2,2,2,3,4,3,5,1,2,2,2,2,2,2,1,2,3,4,3,3,4,4,2,2,5,5,5,5,1,1,1,1,5,1,1,1,5,5,5,5,5,1,1,1,1,5,2,5,5,2,2,5,5,5,5,5,1,5,2,2,5,5,5,5,5,5,5,2,2,2,2,1,5,5,5,5,2,3,4,5,5,5,2,5,5,5,5,5,5,5,5,5,5,3,3,5,5,5,5,4,4,4,4,4,4,4,4,2,2,2,2,2,2,2,2","0.000871896743774414","leiden","edit-xhwikibooks.graphml"
"0.06","0.05","0.89","0.402433831782075","1,1,1,2,3,2,3,2,2,2,3,3,2,2,2,2,2,3,4,3,5,1,2,2,2,2,2,2,1,2,3,4,3,3,4,4,2,2,5,5,5,5,1,1,1,1,5,1,1,1,5,5,5,5,5,1,1,1,1,5,2,5,5,2,2,5,5,5,5,5,1,5,2,2,5,5,5,5,5,5,5,2,2,2,2,1,5,5,5,5,2,3,4,5,5,5,2,5,5,5,5,5,5,5,5,5,5,3,3,5,5,5,5,4,4,4,4,4,4,4,4,2,2,2,2,2,2,2,2","0.000893115997314453","leiden","edit-xhwikibooks.graphml"
"0.05","0.06","0.89","0.402433831782075","1,1,1,3,2,3,2,3,3,3,2,2,3,3,3,3,3,2,4,2,5,1,3,3,3,3,3,3,1,3,2,4,2,2,4,4,3,3,5,5,5,5,1,1,1,1,5,1,1,1,5,5,5,5,5,1,1,1,1,5,3,5,5,3,3,5,5,5,5,5,1,5,3,3,5,5,5,5,5,5,5,3,3,3,3,1,5,5,5,5,3,2,4,5,5,5,3,5,5,5,5,5,5,5,5,5,5,2,2,5,5,5,5,4,4,4,4,4,4,4,4,3,3,3,3,3,3,3,3","0.000897884368896484","leiden","edit-xhwikibooks.graphml"
"0.04","0.07","0.89","0.402318839674626","1,1,1,2,3,2,3,2,2,2,3,3,2,2,2,2,2,3,4,3,5,1,2,2,2,2,2,2,1,2,3,4,3,3,4,4,2,2,5,5,5,5,1,1,1,1,5,1,1,1,5,5,5,5,5,1,1,1,1,5,2,5,5,2,2,5,5,5,5,5,1,5,2,2,5,5,5,5,5,5,5,2,2,2,2,1,5,5,5,5,2,3,4,5,5,5,2,5,5,5,5,5,5,5,5,5,5,3,3,5,5,5,5,4,4,4,4,4,4,4,4,2,2,2,2,2,2,2,2","0.000922918319702148","leiden","edit-xhwikibooks.graphml"
"0.03","0.08","0.89","0.402692700331356","1,1,1,2,3,2,3,2,2,2,3,3,2,2,2,2,2,3,4,3,5,1,2,2,2,2,2,2,1,2,3,4,3,3,4,4,2,2,5,5,5,5,1,1,1,1,5,1,1,1,5,5,5,5,5,1,1,1,1,5,2,5,5,2,2,5,5,5,5,5,1,5,2,2,5,5,5,5,5,5,5,2,2,2,2,1,5,5,5,5,2,3,4,5,5,5,2,5,5,5,5,5,5,5,5,5,5,3,3,5,5,5,5,4,4,4,4,4,4,4,4,2,2,2,2,2,2,2,2","0.00094294548034668","leiden","edit-xhwikibooks.graphml"
"0.02","0.09","0.89","0.402577739832249","1,1,1,2,3,2,3,2,2,2,3,3,2,2,2,2,2,3,4,3,5,1,2,2,2,2,2,2,1,2,3,4,3,3,4,4,2,2,5,5,5,5,1,1,1,1,5,1,1,1,5,5,5,5,5,1,1,1,1,5,2,5,5,2,2,5,5,5,5,5,1,5,2,2,5,5,5,5,5,5,5,2,2,2,2,1,5,5,5,5,2,3,4,5,5,5,2,5,5,5,5,5,5,5,5,5,5,3,3,5,5,5,5,4,4,4,4,4,4,4,4,2,2,2,2,2,2,2,2","0.00114893913269043","leiden","edit-xhwikibooks.graphml"
"0.01","0.1","0.89","0.402577739832249","1,1,1,2,3,2,3,2,2,2,3,3,2,2,2,2,2,3,4,3,5,1,2,2,2,2,2,2,1,2,3,4,3,3,4,4,2,2,5,5,5,5,1,1,1,1,5,1,1,1,5,5,5,5,5,1,1,1,1,5,2,5,5,2,2,5,5,5,5,5,1,5,2,2,5,5,5,5,5,5,5,2,2,2,2,1,5,5,5,5,2,3,4,5,5,5,2,5,5,5,5,5,5,5,5,5,5,3,3,5,5,5,5,4,4,4,4,4,4,4,4,2,2,2,2,2,2,2,2","0.000875949859619141","leiden","edit-xhwikibooks.graphml"
"0","0.11","0.89","0.403642918981976","1,1,1,1,1,2,3,2,2,2,3,3,2,2,2,2,2,3,4,3,5,1,2,2,2,2,2,2,1,2,3,4,3,3,4,4,2,2,5,5,5,5,1,1,1,1,5,1,1,1,5,5,5,5,5,1,1,1,1,5,2,5,5,2,2,5,5,5,5,5,1,5,2,2,5,5,5,5,5,5,5,2,2,2,2,1,5,5,5,5,2,3,4,5,5,5,2,5,5,5,5,5,5,5,5,5,5,3,3,5,5,5,5,4,4,4,4,4,4,4,4,2,2,2,2,2,2,2,2","0.000874996185302734","leiden","edit-xhwikibooks.graphml"
"0.1","0","0.9","0.398000748267171","1,1,1,2,3,2,3,2,2,2,3,3,2,2,2,2,2,3,4,3,5,1,2,2,2,2,2,2,1,2,3,4,3,3,4,4,2,2,5,5,5,5,1,1,1,1,5,1,1,1,5,5,5,5,5,1,1,1,1,5,2,5,5,2,2,5,5,5,5,5,1,5,2,2,5,5,5,5,5,5,5,2,2,2,2,1,5,5,5,5,2,3,4,5,5,5,2,5,5,5,5,5,5,5,5,5,5,3,3,5,5,5,5,4,4,4,4,4,4,4,4,2,2,2,2,2,2,2,2","0.000909090042114258","leiden","edit-xhwikibooks.graphml"
"0.09","0.01","0.9","0.396924095608382","1,1,1,2,3,2,3,2,2,2,3,3,2,2,2,2,2,3,4,3,5,1,2,2,2,2,2,2,1,2,3,4,3,3,4,4,2,2,5,5,5,5,1,1,1,1,5,1,1,1,5,5,5,5,5,1,1,1,1,5,2,5,5,2,2,5,5,5,5,5,1,5,2,2,5,5,5,5,5,5,5,2,2,2,2,1,5,5,5,5,2,3,4,5,5,5,2,5,5,5,5,5,5,5,5,5,5,3,3,5,5,5,5,4,4,4,4,4,4,4,4,2,2,2,2,2,2,2,2","0.000896215438842773","leiden","edit-xhwikibooks.graphml"
"0.08","0.02","0.9","0.397297584034","1,1,1,2,3,2,3,2,2,2,3,3,2,2,2,2,2,3,4,3,5,1,2,2,2,2,2,2,1,2,3,4,3,3,4,4,2,2,5,5,5,5,1,1,1,1,5,1,1,1,5,5,5,5,5,1,1,1,1,5,2,5,5,2,2,5,5,5,5,5,1,5,2,2,5,5,5,5,5,5,5,2,2,2,2,1,5,5,5,5,2,3,4,5,5,5,2,5,5,5,5,5,5,5,5,5,5,3,3,5,5,5,5,4,4,4,4,4,4,4,4,2,2,2,2,2,2,2,2","0.000905990600585938","leiden","edit-xhwikibooks.graphml"
"0.07","0.03","0.9","0.397185276930185","1,1,1,2,3,2,3,2,2,2,3,3,2,2,2,2,2,3,4,3,5,1,2,2,2,2,2,2,1,2,3,4,3,3,4,4,2,2,5,5,5,5,1,1,1,1,5,1,1,1,5,5,5,5,5,1,1,1,1,5,2,5,5,2,2,5,5,5,5,5,1,5,2,2,5,5,5,5,5,5,5,2,2,2,2,1,5,5,5,5,2,3,4,5,5,5,2,5,5,5,5,5,5,5,5,5,5,3,3,5,5,5,5,4,4,4,4,4,4,4,4,2,2,2,2,2,2,2,2","0.000895023345947266","leiden","edit-xhwikibooks.graphml"
"0.06","0.04","0.9","0.397558089161941","1,1,1,2,3,2,3,2,2,2,3,3,2,2,2,2,2,3,4,3,5,1,2,2,2,2,2,2,1,2,3,4,3,3,4,4,2,2,5,5,5,5,1,1,1,1,5,1,1,1,5,5,5,5,5,1,1,1,1,5,2,5,5,2,2,5,5,5,5,5,1,5,2,2,5,5,5,5,5,5,5,2,2,2,2,1,5,5,5,5,2,3,4,5,5,5,2,5,5,5,5,5,5,5,5,5,5,3,3,5,5,5,5,4,4,4,4,4,4,4,4,2,2,2,2,2,2,2,2","0.000939130783081055","leiden","edit-xhwikibooks.graphml"
"0.05","0.05","0.9","0.397445809924833","1,1,1,2,3,2,3,2,2,2,3,3,2,2,2,2,2,3,4,3,5,1,2,2,2,2,2,2,1,2,3,4,3,3,4,4,2,2,5,5,5,5,1,1,1,1,5,1,1,1,5,5,5,5,5,1,1,1,1,5,2,5,5,2,2,5,5,5,5,5,1,5,2,2,5,5,5,5,5,5,5,2,2,2,2,1,5,5,5,5,2,3,4,5,5,5,2,5,5,5,5,5,5,5,5,5,5,3,3,5,5,5,5,4,4,4,4,4,4,4,4,2,2,2,2,2,2,2,2","0.000888824462890625","leiden","edit-xhwikibooks.graphml"
"0.04","0.06","0.9","0.397445809924833","1,1,1,2,3,2,3,2,2,2,3,3,2,2,2,2,2,3,4,3,5,1,2,2,2,2,2,2,1,2,3,4,3,3,4,4,2,2,5,5,5,5,1,1,1,1,5,1,1,1,5,5,5,5,5,1,1,1,1,5,2,5,5,2,2,5,5,5,5,5,1,5,2,2,5,5,5,5,5,5,5,2,2,2,2,1,5,5,5,5,2,3,4,5,5,5,2,5,5,5,5,5,5,5,5,5,5,3,3,5,5,5,5,4,4,4,4,4,4,4,4,2,2,2,2,2,2,2,2","0.000908136367797852","leiden","edit-xhwikibooks.graphml"
"0.03","0.07","0.9","0.397333589036269","1,1,1,2,3,2,3,2,2,2,3,3,2,2,2,2,2,3,4,3,5,1,2,2,2,2,2,2,1,2,3,4,3,3,4,4,2,2,5,5,5,5,1,1,1,1,5,1,1,1,5,5,5,5,5,1,1,1,1,5,2,5,5,2,2,5,5,5,5,5,1,5,2,2,5,5,5,5,5,5,5,2,2,2,2,1,5,5,5,5,2,3,4,5,5,5,2,5,5,5,5,5,5,5,5,5,5,3,3,5,5,5,5,4,4,4,4,4,4,4,4,2,2,2,2,2,2,2,2","0.000902891159057617","leiden","edit-xhwikibooks.graphml"
"0.02","0.08","0.9","0.397705696585968","1,1,1,2,3,2,3,2,2,2,3,3,2,2,2,2,2,3,4,3,5,1,2,2,2,2,2,2,1,2,3,4,3,3,4,4,2,2,5,5,5,5,1,1,1,1,5,1,1,1,5,5,5,5,5,1,1,1,1,5,2,5,5,2,2,5,5,5,5,5,1,5,2,2,5,5,5,5,5,5,5,2,2,2,2,1,5,5,5,5,2,3,4,5,5,5,2,5,5,5,5,5,5,5,5,5,5,3,3,5,5,5,5,4,4,4,4,4,4,4,4,2,2,2,2,2,2,2,2","0.000988006591796875","leiden","edit-xhwikibooks.graphml"
"0.01","0.09","0.9","0.397593503720567","1,1,1,2,3,2,3,2,2,2,3,3,2,2,2,2,2,3,4,3,5,1,2,2,2,2,2,2,1,2,3,4,3,3,4,4,2,2,5,5,5,5,1,1,1,1,5,1,1,1,5,5,5,5,5,1,1,1,1,5,2,5,5,2,2,5,5,5,5,5,1,5,2,2,5,5,5,5,5,5,5,2,2,2,2,1,5,5,5,5,2,3,4,5,5,5,2,5,5,5,5,5,5,5,5,5,5,3,3,5,5,5,5,4,4,4,4,4,4,4,4,2,2,2,2,2,2,2,2","0.000884056091308594","leiden","edit-xhwikibooks.graphml"
"0","0.1","0.9","0.398786355198926","1,1,1,1,1,2,3,2,2,2,3,3,2,2,2,2,2,3,4,3,5,1,2,2,2,2,2,2,1,2,3,4,3,3,4,4,2,2,5,5,5,5,1,1,1,1,5,1,1,1,5,5,5,5,5,1,1,1,1,5,2,5,5,2,2,5,5,5,5,5,1,5,2,2,5,5,5,5,5,5,5,2,2,2,2,1,5,5,5,5,2,3,4,5,5,5,2,5,5,5,5,5,5,5,5,5,5,3,3,5,5,5,5,4,4,4,4,4,4,4,4,2,2,2,2,2,2,2,2","0.000932931900024414","leiden","edit-xhwikibooks.graphml"
"0.09","0","0.91","0.398119311898681","1,1,1,2,3,2,3,2,2,2,3,3,2,2,2,2,2,3,4,3,5,1,2,2,2,2,2,2,1,2,3,4,3,3,4,4,2,2,5,5,5,5,1,1,1,1,5,1,1,1,5,5,5,5,5,1,1,1,1,5,2,5,5,2,2,5,5,5,5,5,1,5,2,2,5,5,5,5,5,5,5,2,2,2,2,1,5,5,5,5,2,3,4,5,5,5,2,5,5,5,5,5,5,5,5,5,5,3,3,5,5,5,5,4,4,4,4,4,4,4,4,2,2,2,2,2,2,2,2","0.000916957855224609","leiden","edit-xhwikibooks.graphml"
"0.08","0.01","0.91","0.398119311898681","1,1,1,2,3,2,3,2,2,2,3,3,2,2,2,2,2,3,4,3,5,1,2,2,2,2,2,2,1,2,3,4,3,3,4,4,2,2,5,5,5,5,1,1,1,1,5,1,1,1,5,5,5,5,5,1,1,1,1,5,2,5,5,2,2,5,5,5,5,5,1,5,2,2,5,5,5,5,5,5,5,2,2,2,2,1,5,5,5,5,2,3,4,5,5,5,2,5,5,5,5,5,5,5,5,5,5,3,3,5,5,5,5,4,4,4,4,4,4,4,4,2,2,2,2,2,2,2,2","0.00091099739074707","leiden","edit-xhwikibooks.graphml"
"0.07","0.02","0.91","0.39814080982151","1,1,1,2,3,2,3,2,2,2,3,3,2,2,2,2,2,3,4,3,5,1,2,2,2,2,2,2,1,2,3,4,3,3,4,4,2,2,5,5,5,5,1,1,1,1,5,1,1,1,5,5,5,5,5,1,1,1,1,5,2,5,5,2,2,5,5,5,5,5,1,5,2,2,5,5,5,5,5,5,5,2,2,2,2,1,5,5,5,5,2,3,4,5,5,5,2,5,5,5,5,5,5,5,5,5,5,3,3,5,5,5,5,4,4,4,4,4,4,4,4,2,2,2,2,2,2,2,2","0.000924110412597656","leiden","edit-xhwikibooks.graphml"
"0.06","0.03","0.91","0.398400080317332","1,1,1,2,3,2,3,2,2,2,3,3,2,2,2,2,2,3,4,3,5,1,2,2,2,2,2,2,1,2,3,4,3,3,4,4,2,2,5,5,5,5,1,1,1,1,5,1,1,1,5,5,5,5,5,1,1,1,1,5,2,5,5,2,2,5,5,5,5,5,1,5,2,2,5,5,5,5,5,5,5,2,2,2,2,1,5,5,5,5,2,3,4,5,5,5,2,5,5,5,5,5,5,5,5,5,5,3,3,5,5,5,5,4,4,4,4,4,4,4,4,2,2,2,2,2,2,2,2","0.000905036926269531","leiden","edit-xhwikibooks.graphml"
"0.05","0.04","0.91","0.398400080317332","1,1,1,2,3,2,3,2,2,2,3,3,2,2,2,2,2,3,4,3,5,1,2,2,2,2,2,2,1,2,3,4,3,3,4,4,2,2,5,5,5,5,1,1,1,1,5,1,1,1,5,5,5,5,5,1,1,1,1,5,2,5,5,2,2,5,5,5,5,5,1,5,2,2,5,5,5,5,5,5,5,2,2,2,2,1,5,5,5,5,2,3,4,5,5,5,2,5,5,5,5,5,5,5,5,5,5,3,3,5,5,5,5,4,4,4,4,4,4,4,4,2,2,2,2,2,2,2,2","0.000941991806030273","leiden","edit-xhwikibooks.graphml"
"0.04","0.05","0.91","0.398287885575637","1,1,1,2,3,2,3,2,2,2,3,3,2,2,2,2,2,3,4,3,5,1,2,2,2,2,2,2,1,2,3,4,3,3,4,4,2,2,5,5,5,5,1,1,1,1,5,1,1,1,5,5,5,5,5,1,1,1,1,5,2,5,5,2,2,5,5,5,5,5,1,5,2,2,5,5,5,5,5,5,5,2,2,2,2,1,5,5,5,5,2,3,4,5,5,5,2,5,5,5,5,5,5,5,5,5,5,3,3,5,5,5,5,4,4,4,4,4,4,4,4,2,2,2,2,2,2,2,2","0.000909805297851562","leiden","edit-xhwikibooks.graphml"
"0.03","0.06","0.91","0.398287885575637","1,1,1,2,3,2,3,2,2,2,3,3,2,2,2,2,2,3,4,3,5,1,2,2,2,2,2,2,1,2,3,4,3,3,4,4,2,2,5,5,5,5,1,1,1,1,5,1,1,1,5,5,5,5,5,1,1,1,1,5,2,5,5,2,2,5,5,5,5,5,1,5,2,2,5,5,5,5,5,5,5,2,2,2,2,1,5,5,5,5,2,3,4,5,5,5,2,5,5,5,5,5,5,5,5,5,5,3,3,5,5,5,5,4,4,4,4,4,4,4,4,2,2,2,2,2,2,2,2","0.000926017761230469","leiden","edit-xhwikibooks.graphml"
"0.02","0.07","0.91","0.398175748906383","1,1,1,2,3,2,3,2,2,2,3,3,2,2,2,2,2,3,4,3,5,1,2,2,2,2,2,2,1,2,3,4,3,3,4,4,2,2,5,5,5,5,1,1,1,1,5,1,1,1,5,5,5,5,5,1,1,1,1,5,2,5,5,2,2,5,5,5,5,5,1,5,2,2,5,5,5,5,5,5,5,2,2,2,2,1,5,5,5,5,2,3,4,5,5,5,2,5,5,5,5,5,5,5,5,5,5,3,3,5,5,5,5,4,4,4,4,4,4,4,4,2,2,2,2,2,2,2,2","0.00104403495788574","leiden","edit-xhwikibooks.graphml"
"0.01","0.08","0.91","0.398546541281292","1,1,1,2,3,2,3,2,2,2,3,3,2,2,2,2,2,3,4,3,5,1,2,2,2,2,2,2,1,2,3,4,3,3,4,4,2,2,5,5,5,5,1,1,1,1,5,1,1,1,5,5,5,5,5,1,1,1,1,5,2,5,5,2,2,5,5,5,5,5,1,5,2,2,5,5,5,5,5,5,5,2,2,2,2,1,5,5,5,5,2,3,4,5,5,5,2,5,5,5,5,5,5,5,5,5,5,3,3,5,5,5,5,4,4,4,4,4,4,4,4,2,2,2,2,2,2,2,2","0.000908136367797852","leiden","edit-xhwikibooks.graphml"
"0","0.09","0.91","0.399621783946108","1,1,1,1,1,2,3,2,2,2,3,3,2,2,2,2,2,3,4,3,5,1,2,2,2,2,2,2,1,2,3,4,3,3,4,4,2,2,5,5,5,5,1,1,1,1,5,1,1,1,5,5,5,5,5,1,1,1,1,5,2,5,5,2,2,5,5,5,5,5,1,5,2,2,5,5,5,5,5,5,5,2,2,2,2,1,5,5,5,5,2,3,4,5,5,5,2,5,5,5,5,5,5,5,5,5,5,3,3,5,5,5,5,4,4,4,4,4,4,4,4,2,2,2,2,2,2,2,2","0.000893831253051758","leiden","edit-xhwikibooks.graphml"
"0.08","0","0.92","0.399494397307987","1,1,1,2,3,2,3,2,2,2,3,3,2,2,2,2,2,3,4,3,5,1,2,2,2,2,2,2,1,2,3,4,3,3,4,4,2,2,5,5,5,5,1,1,1,1,5,1,1,1,5,5,5,5,5,1,1,1,1,5,2,5,5,2,2,5,5,5,5,5,1,5,2,2,5,5,5,5,5,5,5,2,2,2,2,1,5,5,5,5,2,3,4,5,5,5,2,5,5,5,5,5,5,5,5,5,5,3,3,5,5,5,5,4,4,4,4,4,4,4,4,2,2,2,2,2,2,2,2","0.000910043716430664","leiden","edit-xhwikibooks.graphml"
"0.07","0.01","0.92","0.399494397307987","1,1,1,2,3,2,3,2,2,2,3,3,2,2,2,2,2,3,4,3,5,1,2,2,2,2,2,2,1,2,3,4,3,3,4,4,2,2,5,5,5,5,1,1,1,1,5,1,1,1,5,5,5,5,5,1,1,1,1,5,2,5,5,2,2,5,5,5,5,5,1,5,2,2,5,5,5,5,5,5,5,2,2,2,2,1,5,5,5,5,2,3,4,5,5,5,2,5,5,5,5,5,5,5,5,5,5,3,3,5,5,5,5,4,4,4,4,4,4,4,4,2,2,2,2,2,2,2,2","0.000912904739379883","leiden","edit-xhwikibooks.graphml"
"0.06","0.02","0.92","0.399854883790204","1,1,1,2,3,2,3,2,2,2,3,3,2,2,2,2,2,3,4,3,5,1,2,2,2,2,2,2,1,2,3,4,3,3,4,4,2,2,5,5,5,5,1,1,1,1,5,1,1,1,5,5,5,5,5,1,1,1,1,5,2,5,5,2,2,5,5,5,5,5,1,5,2,2,5,5,5,5,5,5,5,2,2,2,2,1,5,5,5,5,2,3,4,5,5,5,2,5,5,5,5,5,5,5,5,5,5,3,3,5,5,5,5,4,4,4,4,4,4,4,4,2,2,2,2,2,2,2,2","0.000918149948120117","leiden","edit-xhwikibooks.graphml"
"0.05","0.03","0.92","0.400104759324934","1,1,1,2,3,2,3,2,2,2,3,3,2,2,2,2,2,3,4,3,5,1,2,2,2,2,2,2,1,2,3,4,3,3,4,4,2,2,5,5,5,5,1,1,1,1,5,1,1,1,5,5,5,5,5,1,1,1,1,5,2,5,5,2,2,5,5,5,5,5,1,5,2,2,5,5,5,5,5,5,5,2,2,2,2,1,5,5,5,5,2,3,4,5,5,5,2,5,5,5,5,5,5,5,5,5,5,3,3,5,5,5,5,4,4,4,4,4,4,4,4,2,2,2,2,2,2,2,2","0.000890016555786133","leiden","edit-xhwikibooks.graphml"
"0.04","0.04","0.92","0.400104759324934","1,1,1,2,3,2,3,2,2,2,3,3,2,2,2,2,2,3,4,3,5,1,2,2,2,2,2,2,1,2,3,4,3,3,4,4,2,2,5,5,5,5,1,1,1,1,5,1,1,1,5,5,5,5,5,1,1,1,1,5,2,5,5,2,2,5,5,5,5,5,1,5,2,2,5,5,5,5,5,5,5,2,2,2,2,1,5,5,5,5,2,3,4,5,5,5,2,5,5,5,5,5,5,5,5,5,5,3,3,5,5,5,5,4,4,4,4,4,4,4,4,2,2,2,2,2,2,2,2","0.000896930694580078","leiden","edit-xhwikibooks.graphml"
"0.03","0.05","0.92","0.393428749689276","1,1,1,2,3,2,3,2,2,2,3,3,2,2,2,2,2,3,4,3,5,1,2,2,2,2,2,2,1,2,3,4,3,3,4,4,2,2,5,5,5,5,1,1,1,1,5,1,1,1,5,5,5,5,5,1,1,1,1,5,2,5,5,2,2,5,5,5,5,5,1,5,2,2,5,5,5,5,5,5,5,2,2,2,2,1,5,5,5,5,2,3,4,5,5,5,2,5,5,5,5,5,5,5,5,5,5,3,3,5,5,5,5,4,4,4,4,4,4,4,4,2,2,2,2,2,2,2,2","0.000921964645385742","leiden","edit-xhwikibooks.graphml"
"0.02","0.06","0.92","0.393428749689276","1,1,1,2,3,2,3,2,2,2,3,3,2,2,2,2,2,3,4,3,5,1,2,2,2,2,2,2,1,2,3,4,3,3,4,4,2,2,5,5,5,5,1,1,1,1,5,1,1,1,5,5,5,5,5,1,1,1,1,5,2,5,5,2,2,5,5,5,5,5,1,5,2,2,5,5,5,5,5,5,5,2,2,2,2,1,5,5,5,5,2,3,4,5,5,5,2,5,5,5,5,5,5,5,5,5,5,3,3,5,5,5,5,4,4,4,4,4,4,4,4,2,2,2,2,2,2,2,2","0.000939130783081055","leiden","edit-xhwikibooks.graphml"
"0.01","0.07","0.92","0.39331928286277","1,1,1,2,3,2,3,2,2,2,3,3,2,2,2,2,2,3,4,3,5,1,2,2,2,2,2,2,1,2,3,4,3,3,4,4,2,2,5,5,5,5,1,1,1,1,5,1,1,1,5,5,5,5,5,1,1,1,1,5,2,5,5,2,2,5,5,5,5,5,1,5,2,2,5,5,5,5,5,5,5,2,2,2,2,1,5,5,5,5,2,3,4,5,5,5,2,5,5,5,5,5,5,5,5,5,5,3,3,5,5,5,5,4,4,4,4,4,4,4,4,2,2,2,2,2,2,2,2","0.000972986221313477","leiden","edit-xhwikibooks.graphml"
"0","0.08","0.92","0.394887152729817","1,1,1,1,1,2,3,2,2,2,3,3,2,2,2,2,2,3,4,3,5,1,2,2,2,2,2,2,1,2,3,4,3,3,4,4,2,2,5,5,5,5,1,1,1,1,5,1,1,1,5,5,5,5,5,1,1,1,1,5,2,5,5,2,2,5,5,5,5,5,1,5,2,2,5,5,5,5,5,5,5,2,2,2,2,1,5,5,5,5,2,3,4,5,5,5,2,5,5,5,5,5,5,5,5,5,5,3,3,5,5,5,5,4,4,4,4,4,4,4,4,2,2,2,2,2,2,2,2","0.0011749267578125","leiden","edit-xhwikibooks.graphml"
"0.07","0","0.93","0.401766851144165","1,1,1,2,3,2,3,2,2,2,3,3,2,2,2,2,2,3,4,3,5,1,2,2,2,2,2,2,1,2,3,4,3,3,4,4,2,2,5,5,5,5,1,1,1,1,5,1,1,1,5,5,5,5,5,1,1,1,1,5,2,5,5,2,2,5,5,5,5,5,1,5,2,2,5,5,5,5,5,5,5,2,2,2,2,1,5,5,5,5,2,3,4,5,5,5,2,5,5,5,5,5,5,5,5,5,5,3,3,5,5,5,5,4,4,4,4,4,4,4,4,2,2,2,2,2,2,2,2","0.00111889839172363","leiden","edit-xhwikibooks.graphml"
"0.06","0.01","0.93","0.401766851144165","1,1,1,2,3,2,3,2,2,2,3,3,2,2,2,2,2,3,4,3,5,1,2,2,2,2,2,2,1,2,3,4,3,3,4,4,2,2,5,5,5,5,1,1,1,1,5,1,1,1,5,5,5,5,5,1,1,1,1,5,2,5,5,2,2,5,5,5,5,5,1,5,2,2,5,5,5,5,5,5,5,2,2,2,2,1,5,5,5,5,2,3,4,5,5,5,2,5,5,5,5,5,5,5,5,5,5,3,3,5,5,5,5,4,4,4,4,4,4,4,4,2,2,2,2,2,2,2,2","0.000913858413696289","leiden","edit-xhwikibooks.graphml"
"0.05","0.02","0.93","0.402124650978329","1,1,1,2,3,2,3,2,2,2,3,3,2,2,2,2,2,3,4,3,5,1,2,2,2,2,2,2,1,2,3,4,3,3,4,4,2,2,5,5,5,5,1,1,1,1,5,1,1,1,5,5,5,5,5,1,1,1,1,5,2,5,5,2,2,5,5,5,5,5,1,5,2,2,5,5,5,5,5,5,5,2,2,2,2,1,5,5,5,5,2,3,4,5,5,5,2,5,5,5,5,5,5,5,5,5,5,3,3,5,5,5,5,4,4,4,4,4,4,4,4,2,2,2,2,2,2,2,2","0.000905990600585938","leiden","edit-xhwikibooks.graphml"
"0.04","0.03","0.93","0.39987636255546","1,1,1,2,3,2,3,2,2,2,3,3,2,2,2,2,2,3,4,3,5,1,2,2,2,2,2,2,1,2,3,4,3,3,4,4,2,2,5,5,5,5,1,1,1,1,5,1,1,1,5,5,5,5,5,1,1,1,1,5,2,5,5,2,2,5,5,5,5,5,1,5,2,2,5,5,5,5,5,5,5,2,2,2,2,1,5,5,5,5,2,3,4,5,5,5,2,5,5,5,5,5,5,5,5,5,5,3,3,5,5,5,5,4,4,4,4,4,4,4,4,2,2,2,2,2,2,2,2","0.000887155532836914","leiden","edit-xhwikibooks.graphml"
"0.03","0.04","0.93","0.39987636255546","1,1,1,2,3,2,3,2,2,2,3,3,2,2,2,2,2,3,4,3,5,1,2,2,2,2,2,2,1,2,3,4,3,3,4,4,2,2,5,5,5,5,1,1,1,1,5,1,1,1,5,5,5,5,5,1,1,1,1,5,2,5,5,2,2,5,5,5,5,5,1,5,2,2,5,5,5,5,5,5,5,2,2,2,2,1,5,5,5,5,2,3,4,5,5,5,2,5,5,5,5,5,5,5,5,5,5,3,3,5,5,5,5,4,4,4,4,4,4,4,4,2,2,2,2,2,2,2,2","0.000896930694580078","leiden","edit-xhwikibooks.graphml"
"0.02","0.05","0.93","0.399766555455726","1,1,1,2,3,2,3,2,2,2,3,3,2,2,2,2,2,3,4,3,5,1,2,2,2,2,2,2,1,2,3,4,3,3,4,4,2,2,5,5,5,5,1,1,1,1,5,1,1,1,5,5,5,5,5,1,1,1,1,5,2,5,5,2,2,5,5,5,5,5,1,5,2,2,5,5,5,5,5,5,5,2,2,2,2,1,5,5,5,5,2,3,4,5,5,5,2,5,5,5,5,5,5,5,5,5,5,3,3,5,5,5,5,4,4,4,4,4,4,4,4,2,2,2,2,2,2,2,2","0.000952005386352539","leiden","edit-xhwikibooks.graphml"
"0.01","0.06","0.93","0.399766555455726","1,1,1,2,3,2,3,2,2,2,3,3,2,2,2,2,2,3,4,3,5,1,2,2,2,2,2,2,1,2,3,4,3,3,4,4,2,2,5,5,5,5,1,1,1,1,5,1,1,1,5,5,5,5,5,1,1,1,1,5,2,5,5,2,2,5,5,5,5,5,1,5,2,2,5,5,5,5,5,5,5,2,2,2,2,1,5,5,5,5,2,3,4,5,5,5,2,5,5,5,5,5,5,5,5,5,5,3,3,5,5,5,5,4,4,4,4,4,4,4,4,2,2,2,2,2,2,2,2","0.000890016555786133","leiden","edit-xhwikibooks.graphml"
"0","0.07","0.93","0.400783469191569","1,1,1,1,1,2,3,2,2,2,3,3,2,2,2,2,2,3,4,3,5,1,2,2,2,2,2,2,1,2,3,4,3,3,4,4,2,2,5,5,5,5,1,1,1,1,5,1,1,1,5,5,5,5,5,1,1,1,1,5,2,5,5,2,2,5,5,5,5,5,1,5,2,2,5,5,5,5,5,5,5,2,2,2,2,1,5,5,5,5,2,3,4,5,5,5,2,5,5,5,5,5,5,5,5,5,5,3,3,5,5,5,5,4,4,4,4,4,4,4,4,2,2,2,2,2,2,2,2","0.000902891159057617","leiden","edit-xhwikibooks.graphml"
"0.06","0","0.94","0.397013221350375","1,1,1,2,3,2,3,2,2,2,3,3,2,2,2,2,2,3,4,3,5,1,2,2,2,2,2,2,1,2,3,4,3,3,4,4,2,2,5,5,5,5,1,1,1,1,5,1,1,1,5,5,5,5,5,1,1,1,1,5,2,5,5,2,2,5,5,5,5,5,1,5,2,2,5,5,5,5,5,5,5,2,2,2,2,1,5,5,5,5,2,3,4,5,5,5,2,5,5,5,5,5,5,5,5,5,5,3,3,5,5,5,5,4,4,4,4,4,4,4,4,2,2,2,2,2,2,2,2","0.000925064086914062","leiden","edit-xhwikibooks.graphml"
"0.05","0.01","0.94","0.397013221350375","1,1,1,2,3,2,3,2,2,2,3,3,2,2,2,2,2,3,4,3,5,1,2,2,2,2,2,2,1,2,3,4,3,3,4,4,2,2,5,5,5,5,1,1,1,1,5,1,1,1,5,5,5,5,5,1,1,1,1,5,2,5,5,2,2,5,5,5,5,5,1,5,2,2,5,5,5,5,5,5,5,2,2,2,2,1,5,5,5,5,2,3,4,5,5,5,2,5,5,5,5,5,5,5,5,5,5,3,3,5,5,5,5,4,4,4,4,4,4,4,4,2,2,2,2,2,2,2,2","0.000900983810424805","leiden","edit-xhwikibooks.graphml"
"0.04","0.02","0.94","0.397724527662157","1,1,1,2,3,2,3,2,2,2,3,3,2,2,2,2,2,3,4,3,5,1,2,2,2,2,2,2,1,2,3,4,3,3,4,4,2,2,5,5,5,5,1,1,1,1,5,1,1,1,5,5,5,5,5,1,1,1,1,5,2,5,5,2,2,5,5,5,5,5,1,5,2,2,5,5,5,5,5,5,5,2,2,2,2,1,5,5,5,5,2,3,4,5,5,5,2,5,5,5,5,5,5,5,5,5,5,3,3,5,5,5,5,4,4,4,4,4,4,4,4,2,2,2,2,2,2,2,2","0.000943899154663086","leiden","edit-xhwikibooks.graphml"
"0.03","0.03","0.94","0.397617018540046","1,1,1,2,3,2,3,2,2,2,3,3,2,2,2,2,2,3,4,3,5,1,2,2,2,2,2,2,1,2,3,4,3,3,4,4,2,2,5,5,5,5,1,1,1,1,5,1,1,1,5,5,5,5,5,1,1,1,1,5,2,5,5,2,2,5,5,5,5,5,1,5,2,2,5,5,5,5,5,5,5,2,2,2,2,1,5,5,5,5,2,3,4,5,5,5,2,5,5,5,5,5,5,5,5,5,5,3,3,5,5,5,5,4,4,4,4,4,4,4,4,2,2,2,2,2,2,2,2","0.000955104827880859","leiden","edit-xhwikibooks.graphml"
"0.02","0.04","0.94","0.397617018540046","1,1,1,2,3,2,3,2,2,2,3,3,2,2,2,2,2,3,4,3,5,1,2,2,2,2,2,2,1,2,3,4,3,3,4,4,2,2,5,5,5,5,1,1,1,1,5,1,1,1,5,5,5,5,5,1,1,1,1,5,2,5,5,2,2,5,5,5,5,5,1,5,2,2,5,5,5,5,5,5,5,2,2,2,2,1,5,5,5,5,2,3,4,5,5,5,2,5,5,5,5,5,5,5,5,5,5,3,3,5,5,5,5,4,4,4,4,4,4,4,4,2,2,2,2,2,2,2,2","0.000916004180908203","leiden","edit-xhwikibooks.graphml"
"0.01","0.05","0.94","0.397154258264386","1,1,1,2,3,2,3,2,2,2,3,3,2,2,2,2,2,3,4,3,5,1,2,2,2,2,2,2,1,2,3,4,3,3,4,4,2,2,5,5,5,5,1,1,1,1,5,1,1,1,5,5,5,5,5,1,1,1,1,5,2,5,5,2,2,5,5,5,5,5,1,5,2,2,5,5,5,5,5,5,5,2,2,2,2,1,5,5,5,5,2,3,4,5,5,5,2,5,5,5,5,5,5,5,5,5,5,3,3,5,5,5,5,4,4,4,4,4,4,4,4,2,2,2,2,2,2,2,2","0.000924110412597656","leiden","edit-xhwikibooks.graphml"
"0","0.06","0.94","0.398281791701153","1,1,1,1,1,2,3,2,2,2,3,3,2,2,2,2,2,3,4,3,5,1,2,2,2,2,2,2,1,2,3,4,3,3,4,4,2,2,5,5,5,5,1,1,1,1,5,1,1,1,5,5,5,5,5,1,1,1,1,5,2,5,5,2,2,5,5,5,5,5,1,5,2,2,5,5,5,5,5,5,5,2,2,2,2,1,5,5,5,5,2,3,4,5,5,5,2,5,5,5,5,5,5,5,5,5,5,3,3,5,5,5,5,4,4,4,4,4,4,4,4,2,2,2,2,2,2,2,2","0.000936031341552734","leiden","edit-xhwikibooks.graphml"
"0.05","0","0.95","0.396790907370641","1,1,1,2,3,2,3,2,2,2,3,3,2,2,2,2,2,3,4,3,5,1,2,2,2,2,2,2,1,2,3,4,3,3,4,4,2,2,5,5,5,5,1,1,1,1,5,1,1,1,5,5,5,5,5,1,1,1,1,5,2,5,5,2,2,5,5,5,5,5,1,5,2,2,5,5,5,5,5,5,5,2,2,2,2,1,5,5,5,5,2,3,4,5,5,5,2,5,5,5,5,5,5,5,5,5,5,3,3,5,5,5,5,4,4,4,4,4,4,4,4,2,2,2,2,2,2,2,2","0.000928878784179688","leiden","edit-xhwikibooks.graphml"
"0.04","0.01","0.95","0.397146666897187","1,1,1,2,3,2,3,2,2,2,3,3,2,2,2,2,2,3,4,3,5,1,2,2,2,2,2,2,1,2,3,4,3,3,4,4,2,2,5,5,5,5,1,1,1,1,5,1,1,1,5,5,5,5,5,1,1,1,1,5,2,5,5,2,2,5,5,5,5,5,1,5,2,2,5,5,5,5,5,5,5,2,2,2,2,1,5,5,5,5,2,3,4,5,5,5,2,5,5,5,5,5,5,5,5,5,5,3,3,5,5,5,5,4,4,4,4,4,4,4,4,2,2,2,2,2,2,2,2","0.000918865203857422","leiden","edit-xhwikibooks.graphml"
"0.03","0.02","0.95","0.397501838383283","1,1,1,2,3,2,3,2,2,2,3,3,2,2,2,2,2,3,4,3,5,1,2,2,2,2,2,2,1,2,3,4,3,3,4,4,2,2,5,5,5,5,1,1,1,1,5,1,1,1,5,5,5,5,5,1,1,1,1,5,2,5,5,2,2,5,5,5,5,5,1,5,2,2,5,5,5,5,5,5,5,2,2,2,2,1,5,5,5,5,2,3,4,5,5,5,2,5,5,5,5,5,5,5,5,5,5,3,3,5,5,5,5,4,4,4,4,4,4,4,4,2,2,2,2,2,2,2,2","0.000932931900024414","leiden","edit-xhwikibooks.graphml"
"0.02","0.03","0.95","0.397394462519471","1,1,1,2,3,2,3,2,2,2,3,3,2,2,2,2,2,3,4,3,5,1,2,2,2,2,2,2,1,2,3,4,3,3,4,4,2,2,5,5,5,5,1,1,1,1,5,1,1,1,5,5,5,5,5,1,1,1,1,5,2,5,5,2,2,5,5,5,5,5,1,5,2,2,5,5,5,5,5,5,5,2,2,2,2,1,5,5,5,5,2,3,4,5,5,5,2,5,5,5,5,5,5,5,5,5,5,3,3,5,5,5,5,4,4,4,4,4,4,4,4,2,2,2,2,2,2,2,2","0.000977039337158203","leiden","edit-xhwikibooks.graphml"
"0.01","0.04","0.95","0.397394462519471","1,1,1,2,3,2,3,2,2,2,3,3,2,2,2,2,2,3,4,3,5,1,2,2,2,2,2,2,1,2,3,4,3,3,4,4,2,2,5,5,5,5,1,1,1,1,5,1,1,1,5,5,5,5,5,1,1,1,1,5,2,5,5,2,2,5,5,5,5,5,1,5,2,2,5,5,5,5,5,5,5,2,2,2,2,1,5,5,5,5,2,3,4,5,5,5,2,5,5,5,5,5,5,5,5,5,5,3,3,5,5,5,5,4,4,4,4,4,4,4,4,2,2,2,2,2,2,2,2","0.0011749267578125","leiden","edit-xhwikibooks.graphml"
"0","0.05","0.95","0.398408049014071","1,1,1,1,1,2,3,2,2,2,3,3,2,2,2,2,2,3,4,3,5,1,2,2,2,2,2,2,1,2,3,4,3,3,4,4,2,2,5,5,5,5,1,1,1,1,5,1,1,1,5,5,5,5,5,1,1,1,1,5,2,5,5,2,2,5,5,5,5,5,1,5,2,2,5,5,5,5,5,5,5,2,2,2,2,1,5,5,5,5,2,3,4,5,5,5,2,5,5,5,5,5,5,5,5,5,5,3,3,5,5,5,5,4,4,4,4,4,4,4,4,2,2,2,2,2,2,2,2","0.000939130783081055","leiden","edit-xhwikibooks.graphml"
"0.04","0","0.96","0.391804038422525","1,1,1,2,3,2,3,2,2,2,3,3,2,2,2,2,2,3,4,3,5,1,2,2,2,2,2,2,1,2,3,4,3,3,4,4,2,2,5,5,5,5,1,1,1,1,5,1,1,1,5,5,5,5,5,1,1,1,1,5,2,5,5,2,2,5,5,5,5,5,1,5,2,2,5,5,5,5,5,5,5,2,2,2,2,1,5,5,5,5,2,3,4,5,5,5,2,5,5,5,5,5,5,5,5,5,5,3,3,5,5,5,5,4,4,4,4,4,4,4,4,2,2,2,2,2,2,2,2","0.00092005729675293","leiden","edit-xhwikibooks.graphml"
"0.03","0.01","0.96","0.392158478784454","1,1,1,2,3,2,3,2,2,2,3,3,2,2,2,2,2,3,4,3,5,1,2,2,2,2,2,2,1,2,3,4,3,3,4,4,2,2,5,5,5,5,1,1,1,1,5,1,1,1,5,5,5,5,5,1,1,1,1,5,2,5,5,2,2,5,5,5,5,5,1,5,2,2,5,5,5,5,5,5,5,2,2,2,2,1,5,5,5,5,2,3,4,5,5,5,2,5,5,5,5,5,5,5,5,5,5,3,3,5,5,5,5,4,4,4,4,4,4,4,4,2,2,2,2,2,2,2,2","0.00100207328796387","leiden","edit-xhwikibooks.graphml"
"0.02","0.02","0.96","0.392512344982015","1,1,1,2,3,2,3,2,2,2,3,3,2,2,2,2,2,3,4,3,5,1,2,2,2,2,2,2,1,2,3,4,3,3,4,4,2,2,5,5,5,5,1,1,1,1,5,1,1,1,5,5,5,5,5,1,1,1,1,5,2,5,5,2,2,5,5,5,5,5,1,5,2,2,5,5,5,5,5,5,5,2,2,2,2,1,5,5,5,5,2,3,4,5,5,5,2,5,5,5,5,5,5,5,5,5,5,3,3,5,5,5,5,4,4,4,4,4,4,4,4,2,2,2,2,2,2,2,2","0.000969886779785156","leiden","edit-xhwikibooks.graphml"
"0.01","0.03","0.96","0.392407442341011","1,1,1,2,3,2,3,2,2,2,3,3,2,2,2,2,2,3,4,3,5,1,2,2,2,2,2,2,1,2,3,4,3,3,4,4,2,2,5,5,5,5,1,1,1,1,5,1,1,1,5,5,5,5,5,1,1,1,1,5,2,5,5,2,2,5,5,5,5,5,1,5,2,2,5,5,5,5,5,5,5,2,2,2,2,1,5,5,5,5,2,3,4,5,5,5,2,5,5,5,5,5,5,5,5,5,5,3,3,5,5,5,5,4,4,4,4,4,4,4,4,2,2,2,2,2,2,2,2","0.000961065292358398","leiden","edit-xhwikibooks.graphml"
"0","0.04","0.96","0.393540352549009","1,1,1,1,1,2,3,2,2,2,3,3,2,2,2,2,2,3,4,3,5,1,2,2,2,2,2,2,1,2,3,4,3,3,4,4,2,2,5,5,5,5,1,1,1,1,5,1,1,1,5,5,5,5,5,1,1,1,1,5,2,5,5,2,2,5,5,5,5,5,1,5,2,2,5,5,5,5,5,5,5,2,2,2,2,1,5,5,5,5,2,3,4,5,5,5,2,5,5,5,5,5,5,5,5,5,5,3,3,5,5,5,5,4,4,4,4,4,4,4,4,2,2,2,2,2,2,2,2","0.000911951065063477","leiden","edit-xhwikibooks.graphml"
"0.03","0","0.97","0.39158794623277","1,1,1,2,3,2,3,2,2,2,3,3,2,2,2,2,2,3,4,3,5,1,2,2,2,2,2,2,1,2,3,4,3,3,4,4,2,2,5,5,5,5,1,1,1,1,5,1,1,1,5,5,5,5,5,1,1,1,1,5,2,5,5,2,2,5,5,5,5,5,1,5,2,2,5,5,5,5,5,5,5,2,2,2,2,1,5,5,5,5,2,3,4,5,5,5,2,5,5,5,5,5,5,5,5,5,5,3,3,5,5,5,5,4,4,4,4,4,4,4,4,2,2,2,2,2,2,2,2","0.000931978225708008","leiden","edit-xhwikibooks.graphml"
"0.02","0.01","0.97","0.392295882682424","1,1,1,2,3,2,3,2,2,2,3,3,2,2,2,2,2,3,4,3,5,1,2,2,2,2,2,2,1,2,3,4,3,3,4,4,2,2,5,5,5,5,1,1,1,1,5,1,1,1,5,5,5,5,5,1,1,1,1,5,2,5,5,2,2,5,5,5,5,5,1,5,2,2,5,5,5,5,5,5,5,2,2,2,2,1,5,5,5,5,2,3,4,5,5,5,2,5,5,5,5,5,5,5,5,5,5,3,3,5,5,5,5,4,4,4,4,4,4,4,4,2,2,2,2,2,2,2,2","0.000939130783081055","leiden","edit-xhwikibooks.graphml"
"0.01","0.02","0.97","0.392295882682424","1,1,1,2,3,2,3,2,2,2,3,3,2,2,2,2,2,3,4,3,5,1,2,2,2,2,2,2,1,2,3,4,3,3,4,4,2,2,5,5,5,5,1,1,1,1,5,1,1,1,5,5,5,5,5,1,1,1,1,5,2,5,5,2,2,5,5,5,5,5,1,5,2,2,5,5,5,5,5,5,5,2,2,2,2,1,5,5,5,5,2,3,4,5,5,5,2,5,5,5,5,5,5,5,5,5,5,3,3,5,5,5,5,4,4,4,4,4,4,4,4,2,2,2,2,2,2,2,2","0.00101184844970703","leiden","edit-xhwikibooks.graphml"
"0","0.03","0.97","0.393322487322556","1,1,1,1,1,2,3,2,2,2,3,3,2,2,2,2,2,3,4,3,5,1,2,2,2,2,2,2,1,2,3,4,3,3,4,4,2,2,5,5,5,5,1,1,1,1,5,1,1,1,5,5,5,5,5,1,1,1,1,5,2,5,5,2,2,5,5,5,5,5,1,5,2,2,5,5,5,5,5,5,5,2,2,2,2,1,5,5,5,5,2,3,4,5,5,5,2,5,5,5,5,5,5,5,5,5,5,3,3,5,5,5,5,4,4,4,4,4,4,4,4,2,2,2,2,2,2,2,2","0.00112795829772949","leiden","edit-xhwikibooks.graphml"
"0.02","0","0.98","0.386721656682132","1,1,1,2,3,2,3,2,2,2,3,3,2,2,2,2,2,3,4,3,5,1,2,2,2,2,2,2,1,2,3,4,3,3,4,4,2,2,5,5,5,5,1,1,1,1,5,1,1,1,5,5,5,5,5,1,1,1,1,5,2,5,5,2,2,5,5,5,5,5,1,5,2,2,5,5,5,5,5,5,5,2,2,2,2,1,5,5,5,5,2,3,4,5,5,5,2,5,5,5,5,5,5,5,5,5,5,3,3,5,5,5,5,4,4,4,4,4,4,4,4,2,2,2,2,2,2,2,2","0.000925064086914062","leiden","edit-xhwikibooks.graphml"
"0.01","0.01","0.98","0.387426841397142","1,1,1,2,3,2,3,2,2,2,3,3,2,2,2,2,2,3,4,3,5,1,2,2,2,2,2,2,1,2,3,4,3,3,4,4,2,2,5,5,5,5,1,1,1,1,5,1,1,1,5,5,5,5,5,1,1,1,1,5,2,5,5,2,2,5,5,5,5,5,1,5,2,2,5,5,5,5,5,5,5,2,2,2,2,1,5,5,5,5,2,3,4,5,5,5,2,5,5,5,5,5,5,5,5,5,5,3,3,5,5,5,5,4,4,4,4,4,4,4,4,2,2,2,2,2,2,2,2","0.000936031341552734","leiden","edit-xhwikibooks.graphml"
"0","0.02","0.98","0.388569172053972","1,1,1,1,1,2,3,2,2,2,3,3,2,2,2,2,2,3,4,3,5,1,2,2,2,2,2,2,1,2,3,4,3,3,4,4,2,2,5,5,5,5,1,1,1,1,5,1,1,1,5,5,5,5,5,1,1,1,1,5,2,5,5,2,2,5,5,5,5,5,1,5,2,2,5,5,5,5,5,5,5,2,2,2,2,1,5,5,5,5,2,3,4,5,5,5,2,5,5,5,5,5,5,5,5,5,5,3,3,5,5,5,5,4,4,4,4,4,4,4,4,2,2,2,2,2,2,2,2","0.000950098037719727","leiden","edit-xhwikibooks.graphml"
"0.01","0","0.99","0.386511531548178","1,1,1,2,3,2,3,2,2,2,3,3,2,2,2,2,2,3,4,3,5,1,2,2,2,2,2,2,1,2,3,4,3,3,4,4,2,2,5,5,5,5,1,1,1,1,5,1,1,1,5,5,5,5,5,1,1,1,1,5,2,5,5,2,2,5,5,5,5,5,1,5,2,2,5,5,5,5,5,5,5,2,2,2,2,1,5,5,5,5,2,3,4,5,5,5,2,5,5,5,5,5,5,5,5,5,5,3,3,5,5,5,5,4,4,4,4,4,4,4,4,2,2,2,2,2,2,2,2","0.000946044921875","leiden","edit-xhwikibooks.graphml"
"0","0.01","0.99","0.388357177212783","1,1,1,1,1,2,3,2,2,2,3,3,2,2,2,2,2,3,4,3,5,1,2,2,2,2,2,2,1,2,3,4,3,3,4,4,2,2,5,5,5,5,1,1,1,1,5,1,1,1,5,5,5,5,5,1,1,1,1,5,2,5,5,2,2,5,5,5,5,5,1,5,2,2,5,5,5,5,5,5,5,2,2,2,2,1,5,5,5,5,2,3,4,5,5,5,2,5,5,5,5,5,5,5,5,5,5,3,3,5,5,5,5,4,4,4,4,4,4,4,4,2,2,2,2,2,2,2,2","0.00096893310546875","leiden","edit-xhwikibooks.graphml"
"0","0","1","0.408281833813011","1,1,1,2,3,2,3,2,2,2,3,3,2,2,2,2,2,3,3,3,4,1,2,2,2,2,2,2,1,2,3,3,3,4,3,3,2,2,4,4,4,4,1,1,1,1,4,1,1,1,4,4,4,4,4,1,1,1,1,4,2,4,4,2,2,4,4,4,4,4,1,4,2,2,4,4,4,4,4,4,4,2,2,2,2,1,4,4,4,4,2,3,3,4,4,4,2,4,4,4,4,4,4,4,4,4,4,3,3,4,4,4,4,3,3,3,3,3,3,3,3,2,2,2,2,2,2,2,2","0.00116610527038574","leiden","edit-xhwikibooks.graphml"
"1","0","0","0.725894069714803","2,1,2,2,2,1,2,1,1,4,2,2,1,1,1,3,4,5,2,2,7,8,1,1,1,1,1,3,1,4,5,2,10,2,6,6,9,1,7,7,7,7,8,8,8,8,7,8,8,8,7,7,7,7,7,8,8,8,8,7,1,7,7,1,1,7,7,7,7,7,8,7,1,1,7,7,7,7,7,7,7,1,3,3,3,1,7,7,7,7,4,5,2,7,7,7,3,7,7,7,7,7,7,7,7,7,7,10,10,2,7,7,7,6,6,6,6,6,6,6,6,9,9,9,9,9,9,9,9","0.000848054885864258","walktrap","edit-xhwikibooks.graphml"
"0.99","0.01","0","0","1,1,1,2,3,4,5,6,7,8,9,10,11,12,13,14,15,16,17,18,19,20,21,22,23,24,25,26,27,28,29,30,31,32,33,34,35,36,37,38,39,40,41,42,43,44,45,46,47,48,49,50,51,52,53,54,55,56,57,58,59,60,61,62,63,64,65,66,67,68,69,70,71,72,73,74,75,76,77,78,79,80,81,82,83,84,85,86,87,88,89,90,91,92,93,94,95,96,97,98,99,100,101,102,103,104,105,106,107,108,109,110,111,112,113,114,115,116,117,118,119,120,121,122,123,124,125,126,127","0.000329017639160156","walktrap","edit-xhwikibooks.graphml"
"0.98","0.02","0","0","1,1,1,2,3,4,5,6,7,8,9,10,11,12,13,14,15,16,17,18,19,20,21,22,23,24,25,26,27,28,29,30,31,32,33,34,35,36,37,38,39,40,41,42,43,44,45,46,47,48,49,50,51,52,53,54,55,56,57,58,59,60,61,62,63,64,65,66,67,68,69,70,71,72,73,74,75,76,77,78,79,80,81,82,83,84,85,86,87,88,89,90,91,92,93,94,95,96,97,98,99,100,101,102,103,104,105,106,107,108,109,110,111,112,113,114,115,116,117,118,119,120,121,122,123,124,125,126,127","0.000298023223876953","walktrap","edit-xhwikibooks.graphml"
"0.97","0.03","0","0.375","1,1,1,2,3,4,5,6,7,8,9,10,11,12,13,14,15,16,17,18,19,20,21,22,23,24,25,26,27,28,29,30,31,32,33,34,35,36,37,38,39,40,41,42,43,44,45,46,47,48,49,50,51,52,53,54,55,56,57,58,59,60,61,62,63,64,65,66,67,68,69,70,71,72,73,74,75,76,77,78,79,80,81,82,83,84,85,86,87,88,89,90,91,92,93,94,95,96,97,98,99,100,101,102,103,104,105,106,107,108,109,110,111,112,113,114,115,116,117,118,119,120,121,122,123,124,125,126,127","0.000301122665405273","walktrap","edit-xhwikibooks.graphml"
"0.96","0.04","0","0.375","1,1,1,2,3,4,5,6,7,8,9,10,11,12,13,14,15,16,17,18,19,20,21,22,23,24,25,26,27,28,29,30,31,32,33,34,35,36,37,38,39,40,41,42,43,44,45,46,47,48,49,50,51,52,53,54,55,56,57,58,59,60,61,62,63,64,65,66,67,68,69,70,71,72,73,74,75,76,77,78,79,80,81,82,83,84,85,86,87,88,89,90,91,92,93,94,95,96,97,98,99,100,101,102,103,104,105,106,107,108,109,110,111,112,113,114,115,116,117,118,119,120,121,122,123,124,125,126,127","0.000649929046630859","walktrap","edit-xhwikibooks.graphml"
"0.95","0.05","0","0.48","1,1,1,2,3,4,5,6,7,8,9,10,11,12,13,14,15,16,17,18,19,20,21,22,23,24,25,26,27,28,29,30,31,32,33,34,35,36,37,38,39,40,41,42,43,44,45,46,47,48,49,50,51,52,53,54,55,56,57,58,59,60,61,62,63,64,65,66,67,68,69,70,71,72,73,74,75,76,77,78,79,80,81,82,83,84,85,86,87,88,89,90,91,92,93,94,95,96,97,98,99,100,101,102,103,104,105,106,107,108,109,110,111,112,113,114,115,116,117,118,119,120,121,122,123,124,125,126,127","0.000683069229125977","walktrap","edit-xhwikibooks.graphml"
"0.94","0.06","0","0.48","1,1,1,2,3,4,5,6,7,8,9,10,11,12,13,14,15,16,17,18,19,20,21,22,23,24,25,26,27,28,29,30,31,32,33,34,35,36,37,38,39,40,41,42,43,44,45,46,47,48,49,50,51,52,53,54,55,56,57,58,59,60,61,62,63,64,65,66,67,68,69,70,71,72,73,74,75,76,77,78,79,80,81,82,83,84,85,86,87,88,89,90,91,92,93,94,95,96,97,98,99,100,101,102,103,104,105,106,107,108,109,110,111,112,113,114,115,116,117,118,119,120,121,122,123,124,125,126,127","0.000502824783325195","walktrap","edit-xhwikibooks.graphml"
"0.93","0.07","0","0.5","1,1,1,2,3,4,5,6,7,8,9,10,11,12,13,14,15,16,17,18,19,20,21,22,23,24,25,26,27,28,29,30,31,32,33,34,35,36,37,38,39,40,41,42,43,44,45,46,47,48,49,50,51,52,53,54,55,56,57,58,59,60,61,62,63,64,65,66,67,68,69,70,71,72,73,74,75,76,77,78,79,80,81,82,83,84,85,86,87,88,89,90,91,92,93,94,95,96,97,98,99,100,101,102,103,104,105,106,107,108,109,110,111,112,113,114,115,116,117,118,119,120,121,122,123,124,125,126,127","0.0005340576171875","walktrap","edit-xhwikibooks.graphml"
"0.92","0.08","0","0.612244897959184","1,1,1,2,3,4,5,6,7,8,9,10,11,12,13,14,15,16,17,18,19,20,21,22,23,24,25,26,27,28,29,30,31,32,33,34,35,36,37,38,39,40,41,42,43,44,45,46,47,48,49,50,51,52,53,54,55,56,57,58,59,60,61,62,63,64,65,66,67,68,69,70,71,72,73,74,75,76,77,78,79,80,81,82,83,84,85,86,87,88,89,90,91,92,93,94,95,96,97,98,99,100,101,102,103,104,105,106,107,108,109,110,111,112,113,114,115,116,117,118,119,120,121,122,123,124,125,126,127","0.000604867935180664","walktrap","edit-xhwikibooks.graphml"
"0.91","0.09","0","0.59375","1,1,1,2,3,4,5,6,7,8,9,10,11,12,13,14,15,16,17,18,19,20,21,22,23,24,25,26,27,28,29,30,31,32,33,34,35,36,37,38,39,40,41,42,43,44,45,46,47,48,49,50,51,52,53,54,55,56,57,58,59,60,61,62,63,64,65,66,67,68,69,70,71,72,73,74,75,76,77,78,79,80,81,82,83,84,85,86,87,88,89,90,91,92,93,94,95,96,97,98,99,100,101,102,103,104,105,106,107,108,109,110,111,112,113,114,115,116,117,118,119,120,121,122,123,124,125,126,127","0.00053715705871582","walktrap","edit-xhwikibooks.graphml"
"0.9","0.1","0","0.59375","1,1,1,2,3,4,5,6,7,8,9,10,11,12,13,14,15,16,17,18,19,20,21,22,23,24,25,26,27,28,29,30,31,32,33,34,35,36,37,38,39,40,41,42,43,44,45,46,47,48,49,50,51,52,53,54,55,56,57,58,59,60,61,62,63,64,65,66,67,68,69,70,71,72,73,74,75,76,77,78,79,80,81,82,83,84,85,86,87,88,89,90,91,92,93,94,95,96,97,98,99,100,101,102,103,104,105,106,107,108,109,110,111,112,113,114,115,116,117,118,119,120,121,122,123,124,125,126,127","0.000496864318847656","walktrap","edit-xhwikibooks.graphml"
"0.89","0.11","0","0.567901234567901","1,1,1,2,3,4,5,6,7,8,9,10,11,12,13,14,15,16,17,18,19,20,21,22,23,24,25,26,27,28,29,30,31,32,33,34,35,36,37,38,39,40,41,42,43,44,45,46,47,48,49,50,51,52,53,54,55,56,57,58,59,60,61,62,63,64,65,66,67,68,69,70,71,72,73,74,75,76,77,78,79,80,81,82,83,84,85,86,87,88,89,90,91,92,93,94,95,96,97,98,99,100,101,102,103,104,105,106,107,108,109,110,111,112,113,114,115,116,117,118,119,120,121,122,123,124,125,126,127","0.000494956970214844","walktrap","edit-xhwikibooks.graphml"
"0.88","0.12","0","0.694214876033058","1,1,1,2,3,4,5,6,7,8,9,10,11,12,13,14,15,16,17,18,19,20,21,22,23,24,25,26,27,28,29,30,31,32,33,34,35,36,37,38,39,40,41,42,43,44,45,46,47,48,49,50,51,52,53,54,55,56,57,58,59,60,61,62,63,64,65,66,67,68,69,70,71,72,73,74,75,76,77,78,79,80,81,82,83,84,85,86,87,88,89,90,91,92,93,94,95,96,97,98,99,100,101,102,103,104,105,106,107,108,109,110,111,112,113,114,115,116,117,118,119,120,121,122,123,124,125,126,127","0.000494956970214844","walktrap","edit-xhwikibooks.graphml"
"0.87","0.13","0","0.666666666666667","1,1,1,2,3,4,5,6,7,8,9,10,11,12,13,14,15,16,17,18,19,20,21,22,23,24,25,26,27,28,29,30,31,32,33,34,35,36,37,38,39,40,41,42,43,44,45,46,47,48,49,50,51,52,53,54,55,56,57,58,59,60,61,62,63,64,65,66,67,68,69,70,71,72,73,74,75,76,77,78,79,80,81,82,83,84,85,86,87,88,89,90,91,92,93,94,95,96,97,98,99,100,101,102,103,104,105,106,107,108,109,110,111,112,113,114,115,116,117,118,119,120,121,122,123,124,125,126,127","0.000496864318847656","walktrap","edit-xhwikibooks.graphml"
"0.86","0.14","0","0.666666666666667","1,1,1,2,3,4,5,6,7,8,9,10,11,12,13,14,15,16,17,18,19,20,21,22,23,24,25,26,27,28,29,30,31,32,33,34,35,36,37,38,39,40,41,42,43,44,45,46,47,48,49,50,51,52,53,54,55,56,57,58,59,60,61,62,63,64,65,66,67,68,69,70,71,72,73,74,75,76,77,78,79,80,81,82,83,84,85,86,87,88,89,90,91,92,93,94,95,96,97,98,99,100,101,102,103,104,105,106,107,108,109,110,111,112,113,114,115,116,117,118,119,120,121,122,123,124,125,126,127","0.000488996505737305","walktrap","edit-xhwikibooks.graphml"
"0.85","0.15","0","0.72","1,1,1,2,3,4,5,6,7,8,9,10,11,12,13,14,15,16,17,18,19,20,21,22,23,24,25,26,27,28,29,30,31,32,33,34,35,36,37,38,39,40,41,42,43,44,45,46,47,48,49,50,51,52,53,54,55,56,57,58,59,60,61,62,63,64,65,66,67,68,69,70,71,72,73,74,75,76,77,78,79,80,81,82,83,84,85,86,87,88,89,90,91,92,93,94,95,96,97,98,99,100,101,102,103,104,105,106,107,108,109,110,111,112,113,114,115,116,117,118,119,120,121,122,123,124,125,126,127","0.000495195388793945","walktrap","edit-xhwikibooks.graphml"
"0.84","0.16","0","0.7421875","1,1,1,2,3,4,5,6,7,8,9,10,11,12,13,14,15,16,17,18,19,20,21,22,23,24,25,26,27,28,29,30,31,32,33,34,35,36,37,38,39,40,41,42,43,44,45,46,47,48,49,50,51,52,53,54,55,56,57,58,59,60,61,62,63,64,65,66,67,68,69,70,71,72,73,74,75,76,77,78,79,80,81,82,83,84,85,86,87,88,89,90,91,92,93,94,95,96,97,98,99,100,101,102,103,104,105,106,107,108,109,110,111,112,113,114,115,116,117,118,119,120,121,122,123,124,125,126,127","0.000480890274047852","walktrap","edit-xhwikibooks.graphml"
"0.83","0.17","0","0.728395061728395","1,1,1,3,4,5,6,7,8,9,10,11,12,13,14,15,16,17,18,19,20,21,22,23,24,25,26,27,28,29,30,31,32,33,2,2,34,35,36,37,38,39,40,41,42,43,44,45,46,47,48,49,50,51,52,53,54,55,56,57,58,59,60,61,62,63,64,65,66,67,68,69,70,71,72,73,74,75,76,77,78,79,80,81,82,83,84,85,86,87,88,89,90,91,92,93,94,95,96,97,98,99,100,101,102,103,104,105,106,107,108,109,110,111,112,113,114,115,116,117,118,119,120,121,122,123,124,125,126","0.000487804412841797","walktrap","edit-xhwikibooks.graphml"
"0.82","0.18","0","0.728395061728395","1,1,1,3,4,5,6,7,8,9,10,11,12,13,14,15,16,17,18,19,20,21,22,23,24,25,26,27,28,29,30,31,32,33,2,2,34,35,36,37,38,39,40,41,42,43,44,45,46,47,48,49,50,51,52,53,54,55,56,57,58,59,60,61,62,63,64,65,66,67,68,69,70,71,72,73,74,75,76,77,78,79,80,81,82,83,84,85,86,87,88,89,90,91,92,93,94,95,96,97,98,99,100,101,102,103,104,105,106,107,108,109,110,111,112,113,114,115,116,117,118,119,120,121,122,123,124,125,126","0.000498056411743164","walktrap","edit-xhwikibooks.graphml"
"0.81","0.19","0","0.709141274238227","1,1,1,3,4,5,6,7,8,9,10,11,12,13,14,15,16,17,18,19,20,21,22,23,24,25,26,27,28,29,30,31,32,33,2,2,34,35,36,37,38,39,40,41,42,43,44,45,46,47,48,49,50,51,52,53,54,55,56,57,58,59,60,61,62,63,64,65,66,67,68,69,70,71,72,73,74,75,76,77,78,79,80,81,82,83,84,85,86,87,88,89,90,91,92,93,94,95,96,97,98,99,100,101,102,103,104,105,106,107,108,109,110,111,112,113,114,115,116,117,118,119,120,121,122,123,124,125,126","0.000334978103637695","walktrap","edit-xhwikibooks.graphml"
"0.8","0.2","0","0.764462809917355","1,1,1,3,4,5,6,7,8,9,10,11,12,13,14,15,16,17,18,19,20,21,22,23,24,25,26,27,28,29,30,31,32,33,2,2,34,35,36,37,38,39,40,41,42,43,44,45,46,47,48,49,50,51,52,53,54,55,56,57,58,59,60,61,62,63,64,65,66,67,68,69,70,71,72,73,74,75,76,77,78,79,80,81,82,83,84,85,86,87,88,89,90,91,92,93,94,95,96,97,98,99,100,101,102,103,104,105,106,107,108,109,110,111,112,113,114,115,116,117,118,119,120,121,122,123,124,125,126","0.000339031219482422","walktrap","edit-xhwikibooks.graphml"
"0.79","0.21","0","0.748582230623818","1,1,1,3,4,5,6,7,8,9,10,11,12,13,14,15,16,17,18,19,20,21,22,23,24,25,26,27,28,29,30,31,32,33,2,2,34,35,36,37,38,39,40,41,42,43,44,45,46,47,48,49,50,51,52,53,54,55,56,57,58,59,60,61,62,63,64,65,66,67,68,69,70,71,72,73,74,75,76,77,78,79,80,81,82,83,84,85,86,87,88,89,90,91,92,93,94,95,96,97,98,99,100,101,102,103,104,105,106,107,108,109,110,111,112,113,114,115,116,117,118,119,120,121,122,123,124,125,126","0.000313997268676758","walktrap","edit-xhwikibooks.graphml"
"0.78","0.22","0","0.748582230623818","1,1,1,3,4,5,6,7,8,9,10,11,12,13,14,15,16,17,18,19,20,21,22,23,24,25,26,27,28,29,30,31,32,33,2,2,34,35,36,37,38,39,40,41,42,43,44,45,46,47,48,49,50,51,52,53,54,55,56,57,58,59,60,61,62,63,64,65,66,67,68,69,70,71,72,73,74,75,76,77,78,79,80,81,82,83,84,85,86,87,88,89,90,91,92,93,94,95,96,97,98,99,100,101,102,103,104,105,106,107,108,109,110,111,112,113,114,115,116,117,118,119,120,121,122,123,124,125,126","0.000410079956054688","walktrap","edit-xhwikibooks.graphml"
"0.77","0.23","0","0.757396449704142","1,1,1,3,4,5,6,7,8,9,10,11,12,13,14,15,16,17,18,19,20,21,22,23,24,25,26,27,28,29,30,31,32,33,2,2,34,35,36,37,38,39,40,41,42,43,44,45,46,47,48,49,50,51,52,53,54,55,56,57,58,59,60,61,62,63,64,65,66,67,68,69,70,71,72,73,74,75,76,77,78,79,80,81,82,83,84,85,86,87,88,89,90,91,92,93,94,95,96,97,98,99,100,101,102,103,104,105,106,107,108,109,110,111,112,113,114,115,116,117,118,119,120,121,122,123,124,125,126","0.000323057174682617","walktrap","edit-xhwikibooks.graphml"
"0.76","0.24","0","0.768175582990398","1,1,1,3,4,5,6,7,8,9,10,11,12,13,14,15,16,17,18,19,20,21,22,23,24,25,26,27,28,29,30,31,32,33,2,2,34,35,36,37,38,39,40,41,42,43,44,45,46,47,48,49,50,51,52,53,54,55,56,57,58,59,60,61,62,63,64,65,66,67,68,69,70,71,72,73,74,75,76,77,78,79,80,81,82,83,84,85,86,87,88,89,90,91,92,93,94,95,96,97,98,99,100,101,102,103,104,105,106,107,108,109,110,111,112,113,114,115,116,117,118,119,120,121,122,123,124,125,126","0.000347137451171875","walktrap","edit-xhwikibooks.graphml"
"0.75","0.25","0","0.797086368366285","1,1,1,3,4,5,6,7,8,9,10,11,12,13,14,15,16,17,18,19,20,21,22,23,24,25,26,27,28,29,30,31,32,33,2,2,34,35,36,37,38,39,40,41,42,43,44,45,46,47,48,49,50,51,52,53,54,55,56,57,58,59,60,61,62,63,64,65,66,67,68,69,70,71,72,73,74,75,76,77,78,79,80,81,82,83,84,85,86,87,88,89,90,91,92,93,94,95,96,97,98,99,100,101,102,103,104,105,106,107,108,109,110,111,112,113,114,115,116,117,118,119,120,121,122,123,124,125,126","0.000327110290527344","walktrap","edit-xhwikibooks.graphml"
"0.74","0.26","0","0.797086368366285","1,1,1,3,4,5,6,7,8,9,10,11,12,13,14,15,16,17,18,19,20,21,22,23,24,25,26,27,28,29,30,31,32,33,2,2,34,35,36,37,38,39,40,41,42,43,44,45,46,47,48,49,50,51,52,53,54,55,56,57,58,59,60,61,62,63,64,65,66,67,68,69,70,71,72,73,74,75,76,77,78,79,80,81,82,83,84,85,86,87,88,89,90,91,92,93,94,95,96,97,98,99,100,101,102,103,104,105,106,107,108,109,110,111,112,113,114,115,116,117,118,119,120,121,122,123,124,125,126","0.000324010848999023","walktrap","edit-xhwikibooks.graphml"
"0.73","0.27","0","0.797086368366285","1,1,1,3,4,5,6,7,8,9,10,11,12,13,14,15,16,17,18,19,20,21,22,23,24,25,26,27,28,29,30,31,32,33,2,2,34,35,36,37,38,39,40,41,42,43,44,45,46,47,48,49,50,51,52,53,54,55,56,57,58,59,60,61,62,63,64,65,66,67,68,69,70,71,72,73,74,75,76,77,78,79,80,81,82,83,84,85,86,87,88,89,90,91,92,93,94,95,96,97,98,99,100,101,102,103,104,105,106,107,108,109,110,111,112,113,114,115,116,117,118,119,120,121,122,123,124,125,126","0.00037693977355957","walktrap","edit-xhwikibooks.graphml"
"0.72","0.28","0","0.78515625","1,1,1,3,4,5,6,7,8,9,10,11,12,13,14,15,16,17,18,19,20,21,22,23,24,25,26,27,28,29,30,31,32,33,2,2,34,35,36,37,38,39,40,41,42,43,44,45,46,47,48,49,50,51,52,53,54,55,56,57,58,59,60,61,62,63,64,65,66,67,68,69,70,71,72,73,74,75,76,77,78,79,80,81,82,83,84,85,86,87,88,89,90,91,92,93,94,95,96,97,98,99,100,101,102,103,104,105,106,107,108,109,110,111,112,113,114,115,116,117,118,119,120,121,122,123,124,125,126","0.000330209732055664","walktrap","edit-xhwikibooks.graphml"
"0.71","0.29","0","0.799307958477509","1,1,1,3,4,5,6,7,8,9,10,11,12,13,14,15,16,17,18,19,20,21,22,23,24,25,26,27,28,29,30,31,32,33,2,2,34,35,36,37,38,39,40,41,42,43,44,45,46,47,48,49,50,51,52,53,54,55,56,57,58,59,60,61,62,63,64,65,66,67,68,69,70,71,72,73,74,75,76,77,78,79,80,81,82,83,84,85,86,87,88,89,90,91,92,93,94,95,96,97,98,99,100,101,102,103,104,105,106,107,108,109,110,111,112,113,114,115,116,117,118,119,120,121,122,123,124,125,126","0.000322103500366211","walktrap","edit-xhwikibooks.graphml"
"0.7","0.3","0","0.788571428571429","1,1,1,3,4,5,6,7,8,9,10,11,12,13,14,15,16,17,18,19,20,21,22,23,24,25,26,27,28,29,30,31,32,33,2,2,34,35,36,37,38,39,40,41,42,43,44,45,46,47,48,49,50,51,52,53,54,55,56,57,58,59,60,61,62,63,64,65,66,67,68,69,70,71,72,73,74,75,76,77,78,79,80,81,82,83,84,85,86,87,88,89,90,91,92,93,94,95,96,97,98,99,100,101,102,103,104,105,106,107,108,109,110,111,112,113,114,115,116,117,118,119,120,121,122,123,124,125,126","0.000316143035888672","walktrap","edit-xhwikibooks.graphml"
"0.69","0.31","0","0.794753086419753","1,1,1,3,4,5,6,7,8,9,10,11,12,13,14,15,16,17,18,19,20,21,22,23,24,25,26,27,28,29,30,31,32,33,2,2,34,35,36,37,38,39,40,41,42,43,44,45,46,47,48,49,50,51,52,53,54,55,56,57,58,59,60,61,62,63,64,65,66,67,68,69,70,71,72,73,74,75,76,77,78,79,80,81,82,83,84,85,86,87,88,89,90,91,92,93,94,95,96,97,98,99,100,101,102,103,104,105,106,107,108,109,110,111,112,113,114,115,116,117,118,119,120,121,122,123,124,125,126","0.000325918197631836","walktrap","edit-xhwikibooks.graphml"
"0.68","0.32","0","0.784514243973703","1,1,1,3,4,5,6,7,8,9,10,11,12,13,14,15,16,17,18,19,20,21,22,23,24,25,26,27,28,29,30,31,32,33,2,2,34,35,36,37,38,39,40,41,42,43,44,45,46,47,48,49,50,51,52,53,54,55,56,57,58,59,60,61,62,63,64,65,66,67,68,69,70,71,72,73,74,75,76,77,78,79,80,81,82,83,84,85,86,87,88,89,90,91,92,93,94,95,96,97,98,99,100,101,102,103,104,105,106,107,108,109,110,111,112,113,114,115,116,117,118,119,120,121,122,123,124,125,126","0.000374078750610352","walktrap","edit-xhwikibooks.graphml"
"0.67","0.33","0","0.784514243973703","1,1,1,3,4,5,6,7,8,9,10,11,12,13,14,15,16,17,18,19,20,21,22,23,24,25,26,27,28,29,30,31,32,33,2,2,34,35,36,37,38,39,40,41,42,43,44,45,46,47,48,49,50,51,52,53,54,55,56,57,58,59,60,61,62,63,64,65,66,67,68,69,70,71,72,73,74,75,76,77,78,79,80,81,82,83,84,85,86,87,88,89,90,91,92,93,94,95,96,97,98,99,100,101,102,103,104,105,106,107,108,109,110,111,112,113,114,115,116,117,118,119,120,121,122,123,124,125,126","0.000333070755004883","walktrap","edit-xhwikibooks.graphml"
"0.66","0.34","0","0.862940548237807","1,1,1,4,5,6,7,8,9,10,11,12,13,2,2,14,15,16,17,18,19,20,21,22,23,24,25,26,27,28,29,30,31,32,3,3,33,34,35,36,37,38,39,40,41,42,43,44,45,46,47,48,49,50,51,52,53,54,55,56,57,58,59,60,61,62,63,64,65,66,67,68,69,70,71,72,73,74,75,76,77,78,79,80,81,82,83,84,85,86,87,88,89,90,91,92,93,94,95,96,97,98,99,100,101,102,103,104,105,106,107,108,109,110,111,112,113,114,115,116,117,118,119,120,121,122,123,124,125","0.000329971313476562","walktrap","edit-xhwikibooks.graphml"
"0.65","0.35","0","0.862940548237807","1,1,1,4,5,6,7,8,9,10,11,12,13,2,2,14,15,16,17,18,19,20,21,22,23,24,25,26,27,28,29,30,31,32,3,3,33,34,35,36,37,38,39,40,41,42,43,44,45,46,47,48,49,50,51,52,53,54,55,56,57,58,59,60,61,62,63,64,65,66,67,68,69,70,71,72,73,74,75,76,77,78,79,80,81,82,83,84,85,86,87,88,89,90,91,92,93,94,95,96,97,98,99,100,101,102,103,104,105,106,107,108,109,110,111,112,113,114,115,116,117,118,119,120,121,122,123,124,125","0.000353097915649414","walktrap","edit-xhwikibooks.graphml"
"0.64","0.36","0","0.856652949245541","1,1,1,4,5,6,7,8,9,10,11,12,13,2,2,14,15,16,17,18,19,20,21,22,23,24,25,26,27,28,29,30,31,32,3,3,33,34,35,36,37,38,39,40,41,42,43,44,45,46,47,48,49,50,51,52,53,54,55,56,57,58,59,60,61,62,63,64,65,66,67,68,69,70,71,72,73,74,75,76,77,78,79,80,81,82,83,84,85,86,87,88,89,90,91,92,93,94,95,96,97,98,99,100,101,102,103,104,105,106,107,108,109,110,111,112,113,114,115,116,117,118,119,120,121,122,123,124,125","0.0004119873046875","walktrap","edit-xhwikibooks.graphml"
"0.63","0.37","0","0.856652949245541","1,1,1,4,5,6,7,8,9,10,11,12,13,2,2,14,15,16,17,18,19,20,21,22,23,24,25,26,27,28,29,30,31,32,3,3,33,34,35,36,37,38,39,40,41,42,43,44,45,46,47,48,49,50,51,52,53,54,55,56,57,58,59,60,61,62,63,64,65,66,67,68,69,70,71,72,73,74,75,76,77,78,79,80,81,82,83,84,85,86,87,88,89,90,91,92,93,94,95,96,97,98,99,100,101,102,103,104,105,106,107,108,109,110,111,112,113,114,115,116,117,118,119,120,121,122,123,124,125","0.00408506393432617","walktrap","edit-xhwikibooks.graphml"
"0.62","0.38","0","0.850247933884298","1,1,1,4,5,6,7,8,9,10,11,12,13,2,2,14,15,16,17,18,19,20,21,22,23,24,25,26,27,28,29,30,31,32,3,3,33,34,35,36,37,38,39,40,41,42,43,44,45,46,47,48,49,50,51,52,53,54,55,56,57,58,59,60,61,62,63,64,65,66,67,68,69,70,71,72,73,74,75,76,77,78,79,80,81,82,83,84,85,86,87,88,89,90,91,92,93,94,95,96,97,98,99,100,101,102,103,104,105,106,107,108,109,110,111,112,113,114,115,116,117,118,119,120,121,122,123,124,125","0.00127696990966797","walktrap","edit-xhwikibooks.graphml"
"0.61","0.39","0","0.852678571428572","1,1,1,4,5,6,7,8,9,10,11,12,13,2,2,14,15,16,17,18,19,20,21,22,23,24,25,26,27,28,29,30,31,32,3,3,33,34,35,36,37,38,39,40,41,42,43,44,45,46,47,48,49,50,51,52,53,54,55,56,57,58,59,60,61,62,63,64,65,66,67,68,69,70,71,72,73,74,75,76,77,78,79,80,81,82,83,84,85,86,87,88,89,90,91,92,93,94,95,96,97,98,99,100,101,102,103,104,105,106,107,108,109,110,111,112,113,114,115,116,117,118,119,120,121,122,123,124,125","0.000926017761230469","walktrap","edit-xhwikibooks.graphml"
"0.6","0.4","0","0.855","1,1,1,4,5,6,7,8,9,10,11,12,13,2,2,14,15,16,17,18,19,20,21,22,23,24,25,26,27,28,29,30,31,32,3,3,33,34,35,36,37,38,39,40,41,42,43,44,45,46,47,48,49,50,51,52,53,54,55,56,57,58,59,60,61,62,63,64,65,66,67,68,69,70,71,72,73,74,75,76,77,78,79,80,81,82,83,84,85,86,87,88,89,90,91,92,93,94,95,96,97,98,99,100,101,102,103,104,105,106,107,108,109,110,111,112,113,114,115,116,117,118,119,120,121,122,123,124,125","0.000860929489135742","walktrap","edit-xhwikibooks.graphml"
"0.59","0.41","0","0.855","1,1,1,4,5,6,7,8,9,10,11,12,13,2,2,14,15,16,17,18,19,20,21,22,23,24,25,26,27,28,29,30,31,32,3,3,33,34,35,36,37,38,39,40,41,42,43,44,45,46,47,48,49,50,51,52,53,54,55,56,57,58,59,60,61,62,63,64,65,66,67,68,69,70,71,72,73,74,75,76,77,78,79,80,81,82,83,84,85,86,87,88,89,90,91,92,93,94,95,96,97,98,99,100,101,102,103,104,105,106,107,108,109,110,111,112,113,114,115,116,117,118,119,120,121,122,123,124,125","0.000791072845458984","walktrap","edit-xhwikibooks.graphml"
"0.58","0.42","0","0.849234076861059","1,1,1,4,5,6,7,8,9,10,11,12,13,2,2,14,15,16,17,18,19,20,21,22,23,24,25,26,27,28,29,30,31,32,3,3,33,34,35,36,37,38,39,40,41,42,43,44,45,46,47,48,49,50,51,52,53,54,55,56,57,58,59,60,61,62,63,64,65,66,67,68,69,70,71,72,73,74,75,76,77,78,79,80,81,82,83,84,85,86,87,88,89,90,91,92,93,94,95,96,97,98,99,100,101,102,103,104,105,106,107,108,109,110,111,112,113,114,115,116,117,118,119,120,121,122,123,124,125","0.000802040100097656","walktrap","edit-xhwikibooks.graphml"
"0.57","0.43","0","0.852103804484757","1,1,1,4,5,6,7,8,9,10,11,12,13,2,2,14,15,16,17,18,19,20,21,22,23,24,25,26,27,28,29,30,31,32,3,3,33,34,35,36,37,38,39,40,41,42,43,44,45,46,47,48,49,50,51,52,53,54,55,56,57,58,59,60,61,62,63,64,65,66,67,68,69,70,71,72,73,74,75,76,77,78,79,80,81,82,83,84,85,86,87,88,89,90,91,92,93,94,95,96,97,98,99,100,101,102,103,104,105,106,107,108,109,110,111,112,113,114,115,116,117,118,119,120,121,122,123,124,125","0.202073097229004","walktrap","edit-xhwikibooks.graphml"
"0.56","0.44","0","0.8466796875","1,1,1,4,5,6,7,8,9,10,11,12,13,2,2,14,15,16,17,18,19,20,21,22,23,24,25,26,27,28,29,30,31,32,3,3,33,34,35,36,37,38,39,40,41,42,43,44,45,46,47,48,49,50,51,52,53,54,55,56,57,58,59,60,61,62,63,64,65,66,67,68,69,70,71,72,73,74,75,76,77,78,79,80,81,82,83,84,85,86,87,88,89,90,91,92,93,94,95,96,97,98,99,100,101,102,103,104,105,106,107,108,109,110,111,112,113,114,115,116,117,118,119,120,121,122,123,124,125","0.000488042831420898","walktrap","edit-xhwikibooks.graphml"
"0.55","0.45","0","0.850321395775941","1,1,1,4,5,6,7,8,9,10,11,12,13,2,2,14,15,16,17,18,19,20,21,22,23,24,25,26,27,28,29,30,31,32,3,3,33,34,35,36,37,38,39,40,41,42,43,44,45,46,47,48,49,50,51,52,53,54,55,56,57,58,59,60,61,62,63,64,65,66,67,68,69,70,71,72,73,74,75,76,77,78,79,80,81,82,83,84,85,86,87,88,89,90,91,92,93,94,95,96,97,98,99,100,101,102,103,104,105,106,107,108,109,110,111,112,113,114,115,116,117,118,119,120,121,122,123,124,125","0.000402927398681641","walktrap","edit-xhwikibooks.graphml"
"0.54","0.46","0","0.845177099576744","1,1,1,4,5,6,7,8,9,10,11,12,13,2,2,14,15,16,17,18,19,20,21,22,23,24,25,26,27,28,29,30,31,32,3,3,33,34,35,36,37,38,39,40,41,42,43,44,45,46,47,48,49,50,51,52,53,54,55,56,57,58,59,60,61,62,63,64,65,66,67,68,69,70,71,72,73,74,75,76,77,78,79,80,81,82,83,84,85,86,87,88,89,90,91,92,93,94,95,96,97,98,99,100,101,102,103,104,105,106,107,108,109,110,111,112,113,114,115,116,117,118,119,120,121,122,123,124,125","0.000341176986694336","walktrap","edit-xhwikibooks.graphml"
"0.53","0.47","0","0.847318339100346","1,1,1,4,5,6,7,8,9,10,11,12,13,2,2,14,15,16,17,18,19,20,21,22,23,24,25,26,27,28,29,30,31,32,3,3,33,34,35,36,37,38,39,40,41,42,43,44,45,46,47,48,49,50,51,52,53,54,55,56,57,58,59,60,61,62,63,64,65,66,67,68,69,70,71,72,73,74,75,76,77,78,79,80,81,82,83,84,85,86,87,88,89,90,91,92,93,94,95,96,97,98,99,100,101,102,103,104,105,106,107,108,109,110,111,112,113,114,115,116,117,118,119,120,121,122,123,124,125","0.000341176986694336","walktrap","edit-xhwikibooks.graphml"
"0.52","0.48","0","0.842260029405587","1,1,1,4,5,6,7,8,9,10,11,12,13,2,2,14,15,16,17,18,19,20,21,22,23,24,25,26,27,28,29,30,31,32,3,3,33,34,35,36,37,38,39,40,41,42,43,44,45,46,47,48,49,50,51,52,53,54,55,56,57,58,59,60,61,62,63,64,65,66,67,68,69,70,71,72,73,74,75,76,77,78,79,80,81,82,83,84,85,86,87,88,89,90,91,92,93,94,95,96,97,98,99,100,101,102,103,104,105,106,107,108,109,110,111,112,113,114,115,116,117,118,119,120,121,122,123,124,125","0.000355958938598633","walktrap","edit-xhwikibooks.graphml"
"0.51","0.49","0","0.842260029405587","1,1,1,4,5,6,7,8,9,10,11,12,13,2,2,14,15,16,17,18,19,20,21,22,23,24,25,26,27,28,29,30,31,32,3,3,33,34,35,36,37,38,39,40,41,42,43,44,45,46,47,48,49,50,51,52,53,54,55,56,57,58,59,60,61,62,63,64,65,66,67,68,69,70,71,72,73,74,75,76,77,78,79,80,81,82,83,84,85,86,87,88,89,90,91,92,93,94,95,96,97,98,99,100,101,102,103,104,105,106,107,108,109,110,111,112,113,114,115,116,117,118,119,120,121,122,123,124,125","0.000391960144042969","walktrap","edit-xhwikibooks.graphml"
"0.5","0.5","0","0.896030245746692","2,2,2,7,8,9,10,3,11,12,13,14,1,1,1,15,16,17,18,19,20,21,22,3,4,4,4,23,24,25,26,27,28,29,5,5,30,31,32,33,34,35,36,37,38,39,40,41,42,43,44,45,46,47,48,49,50,51,52,53,54,55,56,57,58,59,60,61,62,63,64,65,66,67,68,69,70,71,72,73,74,75,76,77,78,79,80,81,82,83,84,85,86,87,88,89,90,91,92,93,94,95,96,97,98,99,100,101,102,103,104,105,106,6,107,108,6,6,6,6,6,109,110,111,112,113,114,115,116","0.000345945358276367","walktrap","edit-xhwikibooks.graphml"
"0.49","0.51","0","0.896030245746692","2,2,2,7,8,9,10,3,11,12,13,14,1,1,1,15,16,17,18,19,20,21,22,3,4,4,4,23,24,25,26,27,28,29,5,5,30,31,32,33,34,35,36,37,38,39,40,41,42,43,44,45,46,47,48,49,50,51,52,53,54,55,56,57,58,59,60,61,62,63,64,65,66,67,68,69,70,71,72,73,74,75,76,77,78,79,80,81,82,83,84,85,86,87,88,89,90,91,92,93,94,95,96,97,98,99,100,101,102,103,104,105,106,6,107,108,6,6,6,6,6,109,110,111,112,113,114,115,116","0.000341892242431641","walktrap","edit-xhwikibooks.graphml"
"0.48","0.52","0","0.896030245746692","2,2,2,7,8,9,10,3,11,12,13,14,1,1,1,15,16,17,18,19,20,21,22,3,4,4,4,23,24,25,26,27,28,29,5,5,30,31,32,33,34,35,36,37,38,39,40,41,42,43,44,45,46,47,48,49,50,51,52,53,54,55,56,57,58,59,60,61,62,63,64,65,66,67,68,69,70,71,72,73,74,75,76,77,78,79,80,81,82,83,84,85,86,87,88,89,90,91,92,93,94,95,96,97,98,99,100,101,102,103,104,105,106,6,107,108,6,6,6,6,6,109,110,111,112,113,114,115,116","0.000348091125488281","walktrap","edit-xhwikibooks.graphml"
"0.47","0.53","0","0.894173602853745","2,2,2,7,8,9,10,3,11,12,13,14,1,1,1,15,16,17,18,19,20,21,22,3,4,4,4,23,24,25,26,27,28,29,5,5,30,31,32,33,34,35,36,37,38,39,40,41,42,43,44,45,46,47,48,49,50,51,52,53,54,55,56,57,58,59,60,61,62,63,64,65,66,67,68,69,70,71,72,73,74,75,76,77,78,79,80,81,82,83,84,85,86,87,88,89,90,91,92,93,94,95,96,97,98,99,100,101,102,103,104,105,106,6,107,108,6,6,6,6,6,109,110,111,112,113,114,115,116","0.0003509521484375","walktrap","edit-xhwikibooks.graphml"
"0.46","0.54","0","0.895025202717511","2,2,2,7,8,9,10,3,11,12,13,14,1,1,1,15,16,17,18,19,20,21,22,3,4,4,4,23,24,25,26,27,28,29,5,5,30,31,32,33,34,35,36,37,38,39,40,41,42,43,44,45,46,47,48,49,50,51,52,53,54,55,56,57,58,59,60,61,62,63,64,65,66,67,68,69,70,71,72,73,74,75,76,77,78,79,80,81,82,83,84,85,86,87,88,89,90,91,92,93,94,95,96,97,98,99,100,101,102,103,104,105,106,6,107,108,6,6,6,6,6,109,110,111,112,113,114,115,116","0.000345945358276367","walktrap","edit-xhwikibooks.graphml"
"0.45","0.55","0","0.89313415685148","2,2,2,7,8,9,10,3,11,12,13,14,1,1,1,15,16,17,18,19,20,21,22,3,4,4,4,23,24,25,26,27,28,29,5,5,30,31,32,33,34,35,36,37,38,39,40,41,42,43,44,45,46,47,48,49,50,51,52,53,54,55,56,57,58,59,60,61,62,63,64,65,66,67,68,69,70,71,72,73,74,75,76,77,78,79,80,81,82,83,84,85,86,87,88,89,90,91,92,93,94,95,96,97,98,99,100,101,102,103,104,105,106,6,107,108,6,6,6,6,6,109,110,111,112,113,114,115,116","0.000353813171386719","walktrap","edit-xhwikibooks.graphml"
"0.44","0.56","0","0.894583333333333","2,2,2,7,8,9,10,3,11,12,13,14,1,1,1,15,16,17,18,19,20,21,22,3,4,4,4,23,24,25,26,27,28,29,5,5,30,31,32,33,34,35,36,37,38,39,40,41,42,43,44,45,46,47,48,49,50,51,52,53,54,55,56,57,58,59,60,61,62,63,64,65,66,67,68,69,70,71,72,73,74,75,76,77,78,79,80,81,82,83,84,85,86,87,88,89,90,91,92,93,94,95,96,97,98,99,100,101,102,103,104,105,106,6,107,108,6,6,6,6,6,109,110,111,112,113,114,115,116","0.000355005264282227","walktrap","edit-xhwikibooks.graphml"
"0.43","0.57","0","0.892698586162147","2,2,2,7,8,9,10,3,11,12,13,14,1,1,1,15,16,17,18,19,20,21,22,3,4,4,4,23,24,25,26,27,28,29,5,5,30,31,32,33,34,35,36,37,38,39,40,41,42,43,44,45,46,47,48,49,50,51,52,53,54,55,56,57,58,59,60,61,62,63,64,65,66,67,68,69,70,71,72,73,74,75,76,77,78,79,80,81,82,83,84,85,86,87,88,89,90,91,92,93,94,95,96,97,98,99,100,101,102,103,104,105,106,6,107,108,6,6,6,6,6,109,110,111,112,113,114,115,116","0.000360012054443359","walktrap","edit-xhwikibooks.graphml"
"0.42","0.58","0","0.893515764425938","2,2,2,7,8,9,10,3,11,12,13,14,1,1,1,15,16,17,18,19,20,21,22,3,4,4,4,23,24,25,26,27,28,29,5,5,30,31,32,33,34,35,36,37,38,39,40,41,42,43,44,45,46,47,48,49,50,51,52,53,54,55,56,57,58,59,60,61,62,63,64,65,66,67,68,69,70,71,72,73,74,75,76,77,78,79,80,81,82,83,84,85,86,87,88,89,90,91,92,93,94,95,96,97,98,99,100,101,102,103,104,105,106,6,107,108,6,6,6,6,6,109,110,111,112,113,114,115,116","0.000361919403076172","walktrap","edit-xhwikibooks.graphml"
"0.41","0.59","0","0.891649323621227","2,2,2,7,8,9,10,3,11,12,13,14,1,1,1,15,16,17,18,19,20,21,22,3,4,4,4,23,24,25,26,27,28,29,5,5,30,31,32,33,34,35,36,37,38,39,40,41,42,43,44,45,46,47,48,49,50,51,52,53,54,55,56,57,58,59,60,61,62,63,64,65,66,67,68,69,70,71,72,73,74,75,76,77,78,79,80,81,82,83,84,85,86,87,88,89,90,91,92,93,94,95,96,97,98,99,100,101,102,103,104,105,106,6,107,108,6,6,6,6,6,109,110,111,112,113,114,115,116","0.000361919403076172","walktrap","edit-xhwikibooks.graphml"
"0.4","0.6","0","0.894289788579577","2,2,2,7,8,9,10,3,11,12,13,14,1,1,1,15,16,17,18,19,20,21,22,3,4,4,4,23,24,25,26,27,28,29,5,5,30,31,32,33,34,35,36,37,38,39,40,41,42,43,44,45,46,47,48,49,50,51,52,53,54,55,56,57,58,59,60,61,62,63,64,65,66,67,68,69,70,71,72,73,74,75,76,77,78,79,80,81,82,83,84,85,86,87,88,89,90,91,92,93,94,95,96,97,98,99,100,101,102,103,104,105,106,6,107,108,6,6,6,6,6,109,110,111,112,113,114,115,116","0.000372886657714844","walktrap","edit-xhwikibooks.graphml"
"0.39","0.61","0","0.8924560546875","2,2,2,7,8,9,10,3,11,12,13,14,1,1,1,15,16,17,18,19,20,21,22,3,4,4,4,23,24,25,26,27,28,29,5,5,30,31,32,33,34,35,36,37,38,39,40,41,42,43,44,45,46,47,48,49,50,51,52,53,54,55,56,57,58,59,60,61,62,63,64,65,66,67,68,69,70,71,72,73,74,75,76,77,78,79,80,81,82,83,84,85,86,87,88,89,90,91,92,93,94,95,96,97,98,99,100,101,102,103,104,105,106,6,107,108,6,6,6,6,6,109,110,111,112,113,114,115,116","0.000374794006347656","walktrap","edit-xhwikibooks.graphml"
"0.38","0.62","0","0.893215551950003","2,2,2,7,8,9,10,3,11,12,13,14,1,1,1,15,16,17,18,19,20,21,22,3,4,4,4,23,24,25,26,27,28,29,5,5,30,31,32,33,34,35,36,37,38,39,40,41,42,43,44,45,46,47,48,49,50,51,52,53,54,55,56,57,58,59,60,61,62,63,64,65,66,67,68,69,70,71,72,73,74,75,76,77,78,79,80,81,82,83,84,85,86,87,88,89,90,91,92,93,94,95,96,97,98,99,100,101,102,103,104,105,106,6,107,108,6,6,6,6,6,109,110,111,112,113,114,115,116","0.000385046005249023","walktrap","edit-xhwikibooks.graphml"
"0.37","0.63","0","0.891360946745562","2,2,2,7,8,9,10,3,11,12,13,14,1,1,1,15,16,17,18,19,20,21,22,3,4,4,4,23,24,25,26,27,28,29,5,5,30,31,32,33,34,35,36,37,38,39,40,41,42,43,44,45,46,47,48,49,50,51,52,53,54,55,56,57,58,59,60,61,62,63,64,65,66,67,68,69,70,71,72,73,74,75,76,77,78,79,80,81,82,83,84,85,86,87,88,89,90,91,92,93,94,95,96,97,98,99,100,101,102,103,104,105,106,6,107,108,6,6,6,6,6,109,110,111,112,113,114,115,116","0.000372171401977539","walktrap","edit-xhwikibooks.graphml"
"0.36","0.64","0","0.891360946745562","2,2,2,7,8,9,10,3,11,12,13,14,1,1,1,15,16,17,18,19,20,21,22,3,4,4,4,23,24,25,26,27,28,29,5,5,30,31,32,33,34,35,36,37,38,39,40,41,42,43,44,45,46,47,48,49,50,51,52,53,54,55,56,57,58,59,60,61,62,63,64,65,66,67,68,69,70,71,72,73,74,75,76,77,78,79,80,81,82,83,84,85,86,87,88,89,90,91,92,93,94,95,96,97,98,99,100,101,102,103,104,105,106,6,107,108,6,6,6,6,6,109,110,111,112,113,114,115,116","0.000396013259887695","walktrap","edit-xhwikibooks.graphml"
"0.35","0.65","0","0.889458656255463","2,2,2,7,8,9,10,3,11,12,13,14,1,1,1,15,16,17,18,19,20,21,22,3,4,4,4,23,24,25,26,27,28,29,5,5,30,31,32,33,34,35,36,37,38,39,40,41,42,43,44,45,46,47,48,49,50,51,52,53,54,55,56,57,58,59,60,61,62,63,64,65,66,67,68,69,70,71,72,73,74,75,76,77,78,79,80,81,82,83,84,85,86,87,88,89,90,91,92,93,94,95,96,97,98,99,100,101,102,103,104,105,106,6,107,108,6,6,6,6,6,109,110,111,112,113,114,115,116","0.000397920608520508","walktrap","edit-xhwikibooks.graphml"
"0.34","0.66","0","0.889458656255463","2,2,2,7,8,9,10,3,11,12,13,14,1,1,1,15,16,17,18,19,20,21,22,3,4,4,4,23,24,25,26,27,28,29,5,5,30,31,32,33,34,35,36,37,38,39,40,41,42,43,44,45,46,47,48,49,50,51,52,53,54,55,56,57,58,59,60,61,62,63,64,65,66,67,68,69,70,71,72,73,74,75,76,77,78,79,80,81,82,83,84,85,86,87,88,89,90,91,92,93,94,95,96,97,98,99,100,101,102,103,104,105,106,6,107,108,6,6,6,6,6,109,110,111,112,113,114,115,116","0.000351905822753906","walktrap","edit-xhwikibooks.graphml"
"0.33","0.67","0","0.900828358554307","1,1,1,7,8,9,10,3,11,12,13,14,2,2,2,15,16,17,18,19,20,21,22,3,4,4,4,23,24,25,26,27,28,29,5,5,30,31,32,33,34,35,36,37,38,39,40,41,42,43,44,45,46,47,48,49,50,51,52,53,54,55,56,57,58,59,60,61,62,63,64,65,66,67,68,69,70,71,72,73,74,75,76,77,78,79,80,81,82,83,84,85,86,87,88,89,90,91,92,93,94,95,96,97,98,99,100,101,102,103,104,105,106,6,107,108,6,6,6,6,6,109,110,111,112,113,114,115,116","0.000349998474121094","walktrap","edit-xhwikibooks.graphml"
"0.32","0.68","0","0.900828358554307","1,1,1,7,8,9,10,3,11,12,13,14,2,2,2,15,16,17,18,19,20,21,22,3,4,4,4,23,24,25,26,27,28,29,5,5,30,31,32,33,34,35,36,37,38,39,40,41,42,43,44,45,46,47,48,49,50,51,52,53,54,55,56,57,58,59,60,61,62,63,64,65,66,67,68,69,70,71,72,73,74,75,76,77,78,79,80,81,82,83,84,85,86,87,88,89,90,91,92,93,94,95,96,97,98,99,100,101,102,103,104,105,106,6,107,108,6,6,6,6,6,109,110,111,112,113,114,115,116","0.000351905822753906","walktrap","edit-xhwikibooks.graphml"
"0.31","0.69","0","0.899196493791089","1,1,1,7,8,9,10,3,11,12,13,14,2,2,2,15,16,17,18,19,20,21,22,3,4,4,4,23,24,25,26,27,28,29,5,5,30,31,32,33,34,35,36,37,38,39,40,41,42,43,44,45,46,47,48,49,50,51,52,53,54,55,56,57,58,59,60,61,62,63,64,65,66,67,68,69,70,71,72,73,74,75,76,77,78,79,80,81,82,83,84,85,86,87,88,89,90,91,92,93,94,95,96,97,98,99,100,101,102,103,104,105,106,6,107,108,6,6,6,6,6,109,110,111,112,113,114,115,116","0.000428915023803711","walktrap","edit-xhwikibooks.graphml"
"0.3","0.7","0","0.899779289221207","1,1,1,7,8,9,10,3,11,12,13,14,2,2,2,15,16,17,18,19,20,21,22,3,4,4,4,23,24,25,26,27,28,29,5,5,30,31,32,33,34,35,36,37,38,39,40,41,42,43,44,45,46,47,48,49,50,51,52,53,54,55,56,57,58,59,60,61,62,63,64,65,66,67,68,69,70,71,72,73,74,75,76,77,78,79,80,81,82,83,84,85,86,87,88,89,90,91,92,93,94,95,96,97,98,99,100,101,102,103,104,105,106,6,107,108,6,6,6,6,6,109,110,111,112,113,114,115,116","0.000391960144042969","walktrap","edit-xhwikibooks.graphml"
"0.29","0.71","0","0.898133333333334","1,1,1,7,8,9,10,3,11,12,13,14,2,2,2,15,16,17,18,19,20,21,22,3,4,4,4,23,24,25,26,27,28,29,5,5,30,31,32,33,34,35,36,37,38,39,40,41,42,43,44,45,46,47,48,49,50,51,52,53,54,55,56,57,58,59,60,61,62,63,64,65,66,67,68,69,70,71,72,73,74,75,76,77,78,79,80,81,82,83,84,85,86,87,88,89,90,91,92,93,94,95,96,97,98,99,100,101,102,103,104,105,106,6,107,108,6,6,6,6,6,109,110,111,112,113,114,115,116","0.000380992889404297","walktrap","edit-xhwikibooks.graphml"
"0.28","0.72","0","0.898459141274238","1,1,1,7,8,9,10,3,11,12,13,14,2,2,2,15,16,17,18,19,20,21,22,3,4,4,4,23,24,25,26,27,28,29,5,5,30,31,32,33,34,35,36,37,38,39,40,41,42,43,44,45,46,47,48,49,50,51,52,53,54,55,56,57,58,59,60,61,62,63,64,65,66,67,68,69,70,71,72,73,74,75,76,77,78,79,80,81,82,83,84,85,86,87,88,89,90,91,92,93,94,95,96,97,98,99,100,101,102,103,104,105,106,6,107,108,6,6,6,6,6,109,110,111,112,113,114,115,116","0.000375986099243164","walktrap","edit-xhwikibooks.graphml"
"0.27","0.73","0","0.896834550813789","1,1,1,7,8,9,10,3,11,12,13,14,2,2,2,15,16,17,18,19,20,21,22,3,4,4,4,23,24,25,26,27,28,29,5,5,30,31,32,33,34,35,36,37,38,39,40,41,42,43,44,45,46,47,48,49,50,51,52,53,54,55,56,57,58,59,60,61,62,63,64,65,66,67,68,69,70,71,72,73,74,75,76,77,78,79,80,81,82,83,84,85,86,87,88,89,90,91,92,93,94,95,96,97,98,99,100,101,102,103,104,105,106,6,107,108,6,6,6,6,6,109,110,111,112,113,114,115,116","0.000370979309082031","walktrap","edit-xhwikibooks.graphml"
"0.26","0.74","0","0.896834550813789","1,1,1,7,8,9,10,3,11,12,13,14,2,2,2,15,16,17,18,19,20,21,22,3,4,4,4,23,24,25,26,27,28,29,5,5,30,31,32,33,34,35,36,37,38,39,40,41,42,43,44,45,46,47,48,49,50,51,52,53,54,55,56,57,58,59,60,61,62,63,64,65,66,67,68,69,70,71,72,73,74,75,76,77,78,79,80,81,82,83,84,85,86,87,88,89,90,91,92,93,94,95,96,97,98,99,100,101,102,103,104,105,106,6,107,108,6,6,6,6,6,109,110,111,112,113,114,115,116","0.000483036041259766","walktrap","edit-xhwikibooks.graphml"
"0.25","0.75","0","0.897724045600227","1,1,1,7,8,9,10,3,11,12,13,14,2,2,2,15,16,17,18,19,20,21,22,3,4,4,4,23,24,25,26,27,28,29,5,5,30,31,32,33,34,35,36,37,38,39,40,41,42,43,44,45,46,47,48,49,50,51,52,53,54,55,56,57,58,59,60,61,62,63,64,65,66,67,68,69,70,71,72,73,74,75,76,77,78,79,80,81,82,83,84,85,86,87,88,89,90,91,92,93,94,95,96,97,98,99,100,101,102,103,104,105,106,6,107,108,6,6,6,6,6,109,110,111,112,113,114,115,116","0.000380992889404297","walktrap","edit-xhwikibooks.graphml"
"0.24","0.76","0","0.897724045600227","1,1,1,7,8,9,10,3,11,12,13,14,2,2,2,15,16,17,18,19,20,21,22,3,4,4,4,23,24,25,26,27,28,29,5,5,30,31,32,33,34,35,36,37,38,39,40,41,42,43,44,45,46,47,48,49,50,51,52,53,54,55,56,57,58,59,60,61,62,63,64,65,66,67,68,69,70,71,72,73,74,75,76,77,78,79,80,81,82,83,84,85,86,87,88,89,90,91,92,93,94,95,96,97,98,99,100,101,102,103,104,105,106,6,107,108,6,6,6,6,6,109,110,111,112,113,114,115,116","0.000381946563720703","walktrap","edit-xhwikibooks.graphml"
"0.23","0.77","0","0.898253485018427","1,1,1,7,8,9,10,3,11,12,13,14,2,2,2,15,16,17,18,19,20,21,22,3,4,4,4,23,24,25,26,27,28,29,5,5,30,31,32,33,34,35,36,37,38,39,40,41,42,43,44,45,46,47,48,49,50,51,52,53,54,55,56,57,58,59,60,61,62,63,64,65,66,67,68,69,70,71,72,73,74,75,76,77,78,79,80,81,82,83,84,85,86,87,88,89,90,91,92,93,94,95,96,97,98,99,100,101,102,103,104,105,106,6,107,108,6,6,6,6,6,109,110,111,112,113,114,115,116","0.000378131866455078","walktrap","edit-xhwikibooks.graphml"
"0.22","0.78","0","0.897496238571043","1,1,1,7,8,9,10,3,11,12,13,14,2,2,2,15,16,17,18,19,20,21,22,3,4,4,4,23,24,25,26,27,28,29,5,5,30,31,32,33,34,35,36,37,38,39,40,41,42,43,44,45,46,47,48,49,50,51,52,53,54,55,56,57,58,59,60,61,62,63,64,65,66,67,68,69,70,71,72,73,74,75,76,77,78,79,80,81,82,83,84,85,86,87,88,89,90,91,92,93,94,95,96,97,98,99,100,101,102,103,104,105,106,6,107,108,6,6,6,6,6,109,110,111,112,113,114,115,116","0.000394105911254883","walktrap","edit-xhwikibooks.graphml"
"0.21","0.79","0","0.897496238571043","1,1,1,7,8,9,10,3,11,12,13,14,2,2,2,15,16,17,18,19,20,21,22,3,4,4,4,23,24,25,26,27,28,29,5,5,30,31,32,33,34,35,36,37,38,39,40,41,42,43,44,45,46,47,48,49,50,51,52,53,54,55,56,57,58,59,60,61,62,63,64,65,66,67,68,69,70,71,72,73,74,75,76,77,78,79,80,81,82,83,84,85,86,87,88,89,90,91,92,93,94,95,96,97,98,99,100,101,102,103,104,105,106,6,107,108,6,6,6,6,6,109,110,111,112,113,114,115,116","0.000394105911254883","walktrap","edit-xhwikibooks.graphml"
"0.2","0.8","0","0.897704315886134","1,1,1,7,8,9,10,3,11,12,13,14,2,2,2,15,16,17,18,19,20,21,22,3,4,4,4,23,24,25,26,27,28,29,5,5,30,31,32,33,34,35,36,37,38,39,40,41,42,43,44,45,46,47,48,49,50,51,52,53,54,55,56,57,58,59,60,61,62,63,64,65,66,67,68,69,70,71,72,73,74,75,76,77,78,79,80,81,82,83,84,85,86,87,88,89,90,91,92,93,94,95,96,97,98,99,100,101,102,103,104,105,106,6,107,108,6,6,6,6,6,109,110,111,112,113,114,115,116","0.000395059585571289","walktrap","edit-xhwikibooks.graphml"
"0.19","0.81","0","0.897704315886134","1,1,1,7,8,9,10,3,11,12,13,14,2,2,2,15,16,17,18,19,20,21,22,3,4,4,4,23,24,25,26,27,28,29,5,5,30,31,32,33,34,35,36,37,38,39,40,41,42,43,44,45,46,47,48,49,50,51,52,53,54,55,56,57,58,59,60,61,62,63,64,65,66,67,68,69,70,71,72,73,74,75,76,77,78,79,80,81,82,83,84,85,86,87,88,89,90,91,92,93,94,95,96,97,98,99,100,101,102,103,104,105,106,6,107,108,6,6,6,6,6,109,110,111,112,113,114,115,116","0.000388145446777344","walktrap","edit-xhwikibooks.graphml"
"0.18","0.82","0","0.896138771955291","1,1,1,7,8,9,10,3,11,12,13,14,2,2,2,15,16,17,18,19,20,21,22,3,4,4,4,23,24,25,26,27,28,29,5,5,30,31,32,33,34,35,36,37,38,39,40,41,42,43,44,45,46,47,48,49,50,51,52,53,54,55,56,57,58,59,60,61,62,63,64,65,66,67,68,69,70,71,72,73,74,75,76,77,78,79,80,81,82,83,84,85,86,87,88,89,90,91,92,93,94,95,96,97,98,99,100,101,102,103,104,105,106,6,107,108,6,6,6,6,6,109,110,111,112,113,114,115,116","0.000396966934204102","walktrap","edit-xhwikibooks.graphml"
"0.17","0.83","0","0.896138771955291","1,1,1,7,8,9,10,3,11,12,13,14,2,2,2,15,16,17,18,19,20,21,22,3,4,4,4,23,24,25,26,27,28,29,5,5,30,31,32,33,34,35,36,37,38,39,40,41,42,43,44,45,46,47,48,49,50,51,52,53,54,55,56,57,58,59,60,61,62,63,64,65,66,67,68,69,70,71,72,73,74,75,76,77,78,79,80,81,82,83,84,85,86,87,88,89,90,91,92,93,94,95,96,97,98,99,100,101,102,103,104,105,106,6,107,108,6,6,6,6,6,109,110,111,112,113,114,115,116","0.00038909912109375","walktrap","edit-xhwikibooks.graphml"
"0.16","0.84","0","0.894628684807256","1,1,1,7,8,9,10,3,11,12,13,14,2,2,2,15,16,17,18,19,20,21,22,3,4,4,4,23,24,25,26,27,28,29,5,5,30,31,32,33,34,35,36,37,38,39,40,41,42,43,44,45,46,47,48,49,50,51,52,53,54,55,56,57,58,59,60,61,62,63,64,65,66,67,68,69,70,71,72,73,74,75,76,77,78,79,80,81,82,83,84,85,86,87,88,89,90,91,92,93,94,95,96,97,98,99,100,101,102,103,104,105,106,6,107,108,6,6,6,6,6,109,110,111,112,113,114,115,116","0.000391006469726562","walktrap","edit-xhwikibooks.graphml"
"0.15","0.85","0","0.89513672490459","1,1,1,7,8,9,10,3,11,12,13,14,2,2,2,15,16,17,18,19,20,21,22,3,4,4,4,23,24,25,26,27,28,29,5,5,30,31,32,33,34,35,36,37,38,39,40,41,42,43,44,45,46,47,48,49,50,51,52,53,54,55,56,57,58,59,60,61,62,63,64,65,66,67,68,69,70,71,72,73,74,75,76,77,78,79,80,81,82,83,84,85,86,87,88,89,90,91,92,93,94,95,96,97,98,99,100,101,102,103,104,105,106,6,107,108,6,6,6,6,6,109,110,111,112,113,114,115,116","0.000409126281738281","walktrap","edit-xhwikibooks.graphml"
"0.14","0.86","0","0.893861546782045","1,1,1,7,8,9,10,3,11,12,13,14,2,2,2,15,16,17,18,19,20,21,22,3,4,4,4,23,24,25,26,27,28,29,5,5,30,31,32,33,34,35,36,37,38,39,40,41,42,43,44,45,46,47,48,49,50,51,52,53,54,55,56,57,58,59,60,61,62,63,64,65,66,67,68,69,70,71,72,73,74,75,76,77,78,79,80,81,82,83,84,85,86,87,88,89,90,91,92,93,94,95,96,97,98,99,100,101,102,103,104,105,106,6,107,108,6,6,6,6,6,109,110,111,112,113,114,115,116","0.000407934188842773","walktrap","edit-xhwikibooks.graphml"
"0.13","0.87","0","0.893861546782045","1,1,1,7,8,9,10,3,11,12,13,14,2,2,2,15,16,17,18,19,20,21,22,3,4,4,4,23,24,25,26,27,28,29,5,5,30,31,32,33,34,35,36,37,38,39,40,41,42,43,44,45,46,47,48,49,50,51,52,53,54,55,56,57,58,59,60,61,62,63,64,65,66,67,68,69,70,71,72,73,74,75,76,77,78,79,80,81,82,83,84,85,86,87,88,89,90,91,92,93,94,95,96,97,98,99,100,101,102,103,104,105,106,6,107,108,6,6,6,6,6,109,110,111,112,113,114,115,116","0.000411033630371094","walktrap","edit-xhwikibooks.graphml"
"0.12","0.88","0","0.892311804604231","1,1,1,7,8,9,10,3,11,12,13,14,2,2,2,15,16,17,18,19,20,21,22,3,4,4,4,23,24,25,26,27,28,29,5,5,30,31,32,33,34,35,36,37,38,39,40,41,42,43,44,45,46,47,48,49,50,51,52,53,54,55,56,57,58,59,60,61,62,63,64,65,66,67,68,69,70,71,72,73,74,75,76,77,78,79,80,81,82,83,84,85,86,87,88,89,90,91,92,93,94,95,96,97,98,99,100,101,102,103,104,105,106,6,107,108,6,6,6,6,6,109,110,111,112,113,114,115,116","0.000426054000854492","walktrap","edit-xhwikibooks.graphml"
"0.11","0.89","0","0.893061224489796","1,1,1,7,8,9,10,3,11,12,13,14,2,2,2,15,16,17,18,19,20,21,22,3,4,4,4,23,24,25,26,27,28,29,5,5,30,31,32,33,34,35,36,37,38,39,40,41,42,43,44,45,46,47,48,49,50,51,52,53,54,55,56,57,58,59,60,61,62,63,64,65,66,67,68,69,70,71,72,73,74,75,76,77,78,79,80,81,82,83,84,85,86,87,88,89,90,91,92,93,94,95,96,97,98,99,100,101,102,103,104,105,106,6,107,108,6,6,6,6,6,109,110,111,112,113,114,115,116","0.000418901443481445","walktrap","edit-xhwikibooks.graphml"
"0.1","0.9","0","0.891528925619835","1,1,1,7,8,9,10,3,11,12,13,14,2,2,2,15,16,17,18,19,20,21,22,3,4,4,4,23,24,25,26,27,28,29,5,5,30,31,32,33,34,35,36,37,38,39,40,41,42,43,44,45,46,47,48,49,50,51,52,53,54,55,56,57,58,59,60,61,62,63,64,65,66,67,68,69,70,71,72,73,74,75,76,77,78,79,80,81,82,83,84,85,86,87,88,89,90,91,92,93,94,95,96,97,98,99,100,101,102,103,104,105,106,6,107,108,6,6,6,6,6,109,110,111,112,113,114,115,116","0.000408172607421875","walktrap","edit-xhwikibooks.graphml"
"0.09","0.91","0","0.891528925619835","1,1,1,7,8,9,10,3,11,12,13,14,2,2,2,15,16,17,18,19,20,21,22,3,4,4,4,23,24,25,26,27,28,29,5,5,30,31,32,33,34,35,36,37,38,39,40,41,42,43,44,45,46,47,48,49,50,51,52,53,54,55,56,57,58,59,60,61,62,63,64,65,66,67,68,69,70,71,72,73,74,75,76,77,78,79,80,81,82,83,84,85,86,87,88,89,90,91,92,93,94,95,96,97,98,99,100,101,102,103,104,105,106,6,107,108,6,6,6,6,6,109,110,111,112,113,114,115,116","0.000446081161499023","walktrap","edit-xhwikibooks.graphml"
"0.08","0.92","0","0.889974145360528","1,1,1,7,8,9,10,3,11,12,13,14,2,2,2,15,16,17,18,19,20,21,22,3,4,4,4,23,24,25,26,27,28,29,5,5,30,31,32,33,34,35,36,37,38,39,40,41,42,43,44,45,46,47,48,49,50,51,52,53,54,55,56,57,58,59,60,61,62,63,64,65,66,67,68,69,70,71,72,73,74,75,76,77,78,79,80,81,82,83,84,85,86,87,88,89,90,91,92,93,94,95,96,97,98,99,100,101,102,103,104,105,106,6,107,108,6,6,6,6,6,109,110,111,112,113,114,115,116","0.000406980514526367","walktrap","edit-xhwikibooks.graphml"
"0.07","0.93","0","0.890480999873754","1,1,1,7,8,9,10,3,11,12,13,14,2,2,2,15,16,17,18,19,20,21,22,3,4,4,4,23,24,25,26,27,28,29,5,5,30,31,32,33,34,35,36,37,38,39,40,41,42,43,44,45,46,47,48,49,50,51,52,53,54,55,56,57,58,59,60,61,62,63,64,65,66,67,68,69,70,71,72,73,74,75,76,77,78,79,80,81,82,83,84,85,86,87,88,89,90,91,92,93,94,95,96,97,98,99,100,101,102,103,104,105,106,6,107,108,6,6,6,6,6,109,110,111,112,113,114,115,116","0.000401973724365234","walktrap","edit-xhwikibooks.graphml"
"0.06","0.94","0","0.888923566680192","1,1,1,7,8,9,10,3,11,12,13,14,2,2,2,15,16,17,18,19,20,21,22,3,4,4,4,23,24,25,26,27,28,29,5,5,30,31,32,33,34,35,36,37,38,39,40,41,42,43,44,45,46,47,48,49,50,51,52,53,54,55,56,57,58,59,60,61,62,63,64,65,66,67,68,69,70,71,72,73,74,75,76,77,78,79,80,81,82,83,84,85,86,87,88,89,90,91,92,93,94,95,96,97,98,99,100,101,102,103,104,105,106,6,107,108,6,6,6,6,6,109,110,111,112,113,114,115,116","0.000411033630371094","walktrap","edit-xhwikibooks.graphml"
"0.05","0.95","0","0.888923566680192","1,1,1,7,8,9,10,3,11,12,13,14,2,2,2,15,16,17,18,19,20,21,22,3,4,4,4,23,24,25,26,27,28,29,5,5,30,31,32,33,34,35,36,37,38,39,40,41,42,43,44,45,46,47,48,49,50,51,52,53,54,55,56,57,58,59,60,61,62,63,64,65,66,67,68,69,70,71,72,73,74,75,76,77,78,79,80,81,82,83,84,85,86,87,88,89,90,91,92,93,94,95,96,97,98,99,100,101,102,103,104,105,106,6,107,108,6,6,6,6,6,109,110,111,112,113,114,115,116","0.000416040420532227","walktrap","edit-xhwikibooks.graphml"
"0.04","0.96","0","0.887345679012346","1,1,1,7,8,9,10,3,11,12,13,14,2,2,2,15,16,17,18,19,20,21,22,3,4,4,4,23,24,25,26,27,28,29,5,5,30,31,32,33,34,35,36,37,38,39,40,41,42,43,44,45,46,47,48,49,50,51,52,53,54,55,56,57,58,59,60,61,62,63,64,65,66,67,68,69,70,71,72,73,74,75,76,77,78,79,80,81,82,83,84,85,86,87,88,89,90,91,92,93,94,95,96,97,98,99,100,101,102,103,104,105,106,6,107,108,6,6,6,6,6,109,110,111,112,113,114,115,116","0.000391960144042969","walktrap","edit-xhwikibooks.graphml"
"0.03","0.97","0","0.887345679012346","1,1,1,7,8,9,10,3,11,12,13,14,2,2,2,15,16,17,18,19,20,21,22,3,4,4,4,23,24,25,26,27,28,29,5,5,30,31,32,33,34,35,36,37,38,39,40,41,42,43,44,45,46,47,48,49,50,51,52,53,54,55,56,57,58,59,60,61,62,63,64,65,66,67,68,69,70,71,72,73,74,75,76,77,78,79,80,81,82,83,84,85,86,87,88,89,90,91,92,93,94,95,96,97,98,99,100,101,102,103,104,105,106,6,107,108,6,6,6,6,6,109,110,111,112,113,114,115,116","0.000388860702514648","walktrap","edit-xhwikibooks.graphml"
"0.02","0.98","0","0.885748298281493","1,1,1,7,8,9,10,3,11,12,13,14,2,2,2,15,16,17,18,19,20,21,22,3,4,4,4,23,24,25,26,27,28,29,5,5,30,31,32,33,34,35,36,37,38,39,40,41,42,43,44,45,46,47,48,49,50,51,52,53,54,55,56,57,58,59,60,61,62,63,64,65,66,67,68,69,70,71,72,73,74,75,76,77,78,79,80,81,82,83,84,85,86,87,88,89,90,91,92,93,94,95,96,97,98,99,100,101,102,103,104,105,106,6,107,108,6,6,6,6,6,109,110,111,112,113,114,115,116","0.00041508674621582","walktrap","edit-xhwikibooks.graphml"
"0.01","0.99","0","0.885748298281493","1,1,1,7,8,9,10,3,11,12,13,14,2,2,2,15,16,17,18,19,20,21,22,3,4,4,4,23,24,25,26,27,28,29,5,5,30,31,32,33,34,35,36,37,38,39,40,41,42,43,44,45,46,47,48,49,50,51,52,53,54,55,56,57,58,59,60,61,62,63,64,65,66,67,68,69,70,71,72,73,74,75,76,77,78,79,80,81,82,83,84,85,86,87,88,89,90,91,92,93,94,95,96,97,98,99,100,101,102,103,104,105,106,6,107,108,6,6,6,6,6,109,110,111,112,113,114,115,116","0.000392913818359375","walktrap","edit-xhwikibooks.graphml"
"0","1","0","0.450283881287571","4,3,3,4,4,3,3,4,4,4,4,6,1,1,1,4,7,5,2,8,4,4,4,4,4,4,4,9,4,12,13,4,6,6,4,4,4,4,3,3,3,3,11,11,11,11,3,11,11,11,3,3,3,3,3,11,11,11,11,3,14,3,3,1,1,3,3,3,3,3,11,3,1,1,3,3,3,3,3,3,3,1,10,10,10,3,3,3,3,3,7,5,2,3,3,3,9,3,3,3,3,3,3,3,3,3,3,8,8,3,3,3,3,2,2,2,2,2,2,2,2,1,1,1,1,1,1,1,1","0.00175189971923828","walktrap","edit-xhwikibooks.graphml"
"0.99","0","0.01","0.725894069714803","2,1,2,2,2,1,2,1,1,4,2,2,1,1,1,3,4,5,2,2,7,8,1,1,1,1,1,3,1,4,5,2,10,2,6,6,9,1,7,7,7,7,8,8,8,8,7,8,8,8,7,7,7,7,7,8,8,8,8,7,1,7,7,1,1,7,7,7,7,7,8,7,1,1,7,7,7,7,7,7,7,1,3,3,3,1,7,7,7,7,4,5,2,7,7,7,3,7,7,7,7,7,7,7,7,7,7,10,10,2,7,7,7,6,6,6,6,6,6,6,6,9,9,9,9,9,9,9,9","0.000994205474853516","walktrap","edit-xhwikibooks.graphml"
"0.98","0.01","0.01","0.725894069714803","2,1,2,2,2,1,2,1,1,4,2,2,1,1,1,3,4,5,2,2,7,8,1,1,1,1,1,3,1,4,5,2,10,2,6,6,9,1,7,7,7,7,8,8,8,8,7,8,8,8,7,7,7,7,7,8,8,8,8,7,1,7,7,1,1,7,7,7,7,7,8,7,1,1,7,7,7,7,7,7,7,1,3,3,3,1,7,7,7,7,4,5,2,7,7,7,3,7,7,7,7,7,7,7,7,7,7,10,10,2,7,7,7,6,6,6,6,6,6,6,6,9,9,9,9,9,9,9,9","0.00098109245300293","walktrap","edit-xhwikibooks.graphml"
"0.97","0.02","0.01","0.723697015570934","1,1,1,1,1,2,1,2,2,4,1,1,2,2,2,3,4,1,1,1,6,7,2,2,2,2,2,3,1,4,1,1,9,1,5,5,8,2,6,6,6,6,7,7,7,7,6,7,7,7,6,6,6,6,6,7,7,7,7,6,10,6,6,2,2,6,6,6,6,6,7,6,2,2,6,6,6,6,6,6,6,2,3,3,3,11,6,6,6,6,12,13,14,6,6,6,3,6,6,6,6,6,6,6,6,6,6,9,9,1,6,6,6,5,5,5,5,5,5,5,5,8,8,8,8,8,8,8,8","0.000982999801635742","walktrap","edit-xhwikibooks.graphml"
"0.96","0.03","0.01","0.706274412548825","1,1,1,1,2,1,2,1,1,1,2,2,1,1,1,1,9,2,2,8,4,5,1,1,1,1,1,7,1,10,11,2,8,8,3,3,6,1,4,4,4,4,5,5,5,5,4,5,5,5,4,4,4,4,4,5,5,5,5,4,12,4,4,13,14,4,4,4,4,4,5,4,1,1,4,4,4,4,4,4,4,15,7,7,7,16,4,4,4,4,17,18,19,4,4,4,20,4,4,4,4,4,4,4,4,4,4,21,22,4,4,4,4,3,3,3,3,3,3,3,3,6,6,6,6,6,6,6,6","0.000946998596191406","walktrap","edit-xhwikibooks.graphml"
"0.95","0.04","0.01","0.672840473020597","7,2,7,1,9,1,3,1,1,1,3,10,1,1,1,1,11,12,3,8,2,5,13,1,1,1,1,1,2,14,15,16,8,17,4,4,6,1,2,2,2,2,5,5,5,5,2,5,5,5,2,2,2,2,2,5,5,5,5,2,18,2,2,19,20,2,2,2,2,2,5,2,21,22,2,2,2,2,2,2,2,23,24,25,26,27,2,2,2,2,28,29,30,2,2,2,31,2,2,2,2,2,2,2,2,2,2,32,33,2,2,2,2,4,4,4,4,4,4,4,4,6,6,6,6,6,6,6,6","0.000900983810424805","walktrap","edit-xhwikibooks.graphml"
"0.94","0.05","0.01","0.661837513188865","6,2,6,1,7,1,8,1,1,1,9,10,1,1,1,1,11,12,3,13,2,4,14,1,1,1,1,1,2,15,16,17,18,19,3,3,5,1,2,2,2,2,4,4,4,4,2,4,4,4,2,2,2,2,2,4,4,4,4,2,20,2,2,21,22,2,2,2,2,2,4,2,23,24,2,2,2,2,2,2,2,25,26,27,28,29,2,2,2,2,30,31,32,2,2,2,33,2,2,2,2,2,2,2,2,2,2,34,35,2,2,2,2,3,3,3,3,3,3,3,3,5,5,5,5,5,5,5,5","0.000905036926269531","walktrap","edit-xhwikibooks.graphml"
"0.93","0.06","0.01","0.649659863945578","6,2,6,7,8,1,9,1,1,10,11,12,1,1,1,1,13,14,3,15,2,4,16,1,1,1,1,17,18,19,20,21,22,23,3,3,5,1,2,2,2,2,4,4,4,4,2,4,4,4,2,2,2,2,2,4,4,4,4,2,24,2,2,25,26,2,2,2,2,2,4,2,27,28,2,2,2,2,2,2,2,29,30,31,32,33,2,2,2,2,34,35,36,2,2,2,37,2,2,2,2,2,2,2,2,2,2,38,39,2,2,2,2,3,3,3,3,3,3,3,3,5,5,5,5,5,5,5,5","0.000884056091308594","walktrap","edit-xhwikibooks.graphml"
"0.92","0.07","0.01","0.637619002733528","7,8,7,9,10,3,11,3,1,12,13,14,15,1,1,16,17,18,2,19,4,5,20,1,1,1,1,21,22,23,24,25,26,27,2,2,6,28,4,4,4,4,5,5,5,5,4,5,5,5,4,4,4,4,4,5,5,5,5,4,29,4,4,30,31,4,4,4,4,4,5,4,32,33,4,4,4,4,4,4,4,34,35,36,37,38,4,4,4,4,39,40,41,4,4,4,42,4,4,4,4,4,4,4,4,4,4,43,44,4,4,4,4,2,2,2,2,2,2,2,2,6,6,6,6,6,6,6,6","0.000854015350341797","walktrap","edit-xhwikibooks.graphml"
"0.91","0.08","0.01","0.63825","6,7,6,8,9,10,11,1,12,13,14,15,16,1,1,17,18,19,2,20,3,4,21,22,1,1,1,23,24,25,26,27,28,29,2,2,5,30,3,3,3,3,4,4,4,4,3,4,4,4,3,3,3,3,3,4,4,4,4,3,31,3,3,32,33,3,3,3,3,3,4,3,34,35,3,3,3,3,3,3,3,36,37,38,39,40,3,3,3,3,41,42,43,3,3,3,44,3,3,3,3,3,3,3,3,3,3,45,46,3,3,3,3,2,2,2,2,2,2,2,2,5,5,5,5,5,5,5,5","0.000762939453125","walktrap","edit-xhwikibooks.graphml"
"0.9","0.09","0.01","0.551394628099174","5,2,5,6,7,8,9,10,11,12,13,14,15,1,1,16,17,18,3,19,2,4,20,21,1,1,1,22,23,24,25,26,27,28,3,3,1,29,2,2,2,2,4,4,4,4,2,4,4,4,2,2,2,2,2,4,4,4,4,2,30,2,2,31,32,2,2,2,2,2,4,2,33,34,2,2,2,2,2,2,2,35,36,37,38,39,2,2,2,2,40,41,42,2,2,2,43,2,2,2,2,2,2,2,2,2,2,44,45,2,2,2,2,3,46,47,3,3,3,3,3,48,49,50,51,52,53,54,55","0.000751972198486328","walktrap","edit-xhwikibooks.graphml"
"0.89","0.1","0.01","0.551658079006474","5,6,5,7,8,9,10,11,12,13,14,15,16,17,4,18,19,20,1,21,2,3,22,23,4,4,4,24,25,26,27,28,29,30,1,1,4,31,2,2,2,2,3,3,3,3,2,3,3,3,2,2,2,2,2,3,3,3,3,2,32,2,2,33,34,2,2,2,2,2,3,2,35,36,2,2,2,2,2,2,2,37,38,39,40,41,2,2,2,2,42,43,44,2,2,2,45,2,2,2,2,2,2,2,2,2,2,46,47,2,2,2,2,1,48,49,1,1,1,1,1,50,51,52,53,54,55,56,57","0.000738859176635742","walktrap","edit-xhwikibooks.graphml"
"0.88","0.11","0.01","0.522560553633218","4,6,4,7,8,9,10,11,12,13,14,15,16,17,3,18,19,20,21,22,1,2,23,24,25,3,26,27,28,29,30,31,32,33,5,5,3,34,1,1,1,1,2,2,2,2,1,2,2,2,1,1,1,1,1,2,2,2,2,1,35,1,1,36,37,1,1,1,1,1,2,1,38,39,1,1,1,1,1,1,1,40,41,42,43,44,1,1,1,1,45,46,47,1,1,1,48,1,1,1,1,1,1,1,1,1,1,49,50,1,1,1,1,5,51,52,5,5,5,5,5,53,54,55,56,57,58,59,60","0.000721931457519531","walktrap","edit-xhwikibooks.graphml"
"0.87","0.12","0.01","0.52954299621417","4,6,4,7,8,9,10,11,12,13,14,15,16,17,1,18,19,20,21,22,2,3,23,24,25,26,27,28,29,30,31,32,33,34,5,5,1,35,2,2,2,2,3,3,3,3,2,3,3,3,2,2,2,2,2,3,3,3,3,2,36,2,2,37,38,2,2,2,2,2,3,2,39,40,2,2,2,2,2,2,2,41,42,43,44,45,2,2,2,2,46,47,48,2,2,2,49,2,2,2,2,2,2,2,2,2,2,50,51,2,2,2,2,5,52,53,5,5,5,5,5,54,55,56,57,58,59,60,61","0.000710964202880859","walktrap","edit-xhwikibooks.graphml"
"0.86","0.13","0.01","0.348291522491349","1,1,1,5,6,7,8,9,10,11,12,13,14,15,4,16,17,18,19,20,2,1,21,22,23,24,25,26,27,28,29,30,31,32,3,33,4,34,2,2,2,2,35,36,37,38,2,39,40,41,2,2,2,2,2,42,43,44,45,2,46,2,2,47,48,2,2,2,2,2,49,2,50,51,2,2,2,2,2,2,2,52,53,54,55,56,2,2,2,2,57,58,59,2,2,2,60,2,2,2,2,2,2,2,2,2,2,61,62,2,2,2,2,3,63,64,3,3,3,3,3,65,66,67,68,69,70,71,72","0.000661134719848633","walktrap","edit-xhwikibooks.graphml"
"0.85","0.14","0.01","0.348291522491349","1,1,1,5,6,7,8,9,10,11,12,13,14,15,4,16,17,18,19,20,2,1,21,22,23,24,25,26,27,28,29,30,31,32,3,33,4,34,2,2,2,2,35,36,37,38,2,39,40,41,2,2,2,2,2,42,43,44,45,2,46,2,2,47,48,2,2,2,2,2,49,2,50,51,2,2,2,2,2,2,2,52,53,54,55,56,2,2,2,2,57,58,59,2,2,2,60,2,2,2,2,2,2,2,2,2,2,61,62,2,2,2,2,3,63,64,3,3,3,3,3,65,66,67,68,69,70,71,72","0.000646114349365234","walktrap","edit-xhwikibooks.graphml"
"0.84","0.15","0.01","0.2508544921875","1,1,1,3,4,5,6,7,8,9,10,11,12,13,14,15,16,17,18,19,2,1,20,21,22,23,24,25,26,27,28,29,30,31,32,33,34,35,2,2,2,2,36,37,38,39,2,40,41,42,2,2,2,2,2,43,44,45,46,2,47,2,2,48,49,2,2,2,2,2,50,2,51,52,2,2,2,2,2,2,2,53,54,55,56,57,2,2,2,2,58,59,60,2,2,2,61,2,2,2,2,2,2,2,2,2,2,62,63,2,2,2,2,64,65,66,67,68,69,70,71,72,73,74,75,76,77,78,79","0.000649929046630859","walktrap","edit-xhwikibooks.graphml"
"0.83","0.16","0.01","0.270650887573964","1,1,1,3,4,5,6,7,8,9,10,11,12,13,14,15,16,17,18,19,2,1,20,21,22,23,24,25,26,27,28,29,30,31,32,33,34,35,2,2,2,2,36,37,38,39,2,40,41,42,2,2,2,2,2,43,44,45,46,2,47,2,2,48,49,2,2,2,2,2,50,2,51,52,2,2,2,2,2,2,2,53,54,55,56,57,2,2,2,2,58,59,60,2,2,2,61,2,2,2,2,2,2,2,2,2,2,62,63,2,2,2,2,64,65,66,67,68,69,70,71,72,73,74,75,76,77,78,79","0.000655889511108398","walktrap","edit-xhwikibooks.graphml"
"0.82","0.17","0.01","0.271464646464646","1,1,1,4,5,6,7,8,9,10,11,12,13,14,15,16,17,18,19,20,2,21,22,23,24,25,26,27,28,29,30,31,32,33,3,3,34,35,2,2,2,2,36,37,38,39,2,40,41,42,2,2,2,2,2,43,44,45,46,2,47,2,2,48,49,2,2,2,2,2,50,2,51,52,2,2,2,2,2,2,2,53,54,55,56,57,2,2,2,2,58,59,60,2,2,2,61,2,2,2,2,2,2,2,2,2,2,62,63,2,2,2,2,64,65,66,67,68,69,70,71,72,73,74,75,76,77,78,79","0.000653982162475586","walktrap","edit-xhwikibooks.graphml"
"0.81","0.18","0.01","0.271464646464646","1,1,1,4,5,6,7,8,9,10,11,12,13,14,15,16,17,18,19,20,2,21,22,23,24,25,26,27,28,29,30,31,32,33,3,3,34,35,2,2,2,2,36,37,38,39,2,40,41,42,2,2,2,2,2,43,44,45,46,2,47,2,2,48,49,2,2,2,2,2,50,2,51,52,2,2,2,2,2,2,2,53,54,55,56,57,2,2,2,2,58,59,60,2,2,2,61,2,2,2,2,2,2,2,2,2,2,62,63,2,2,2,2,64,65,66,67,68,69,70,71,72,73,74,75,76,77,78,79","0.00065302848815918","walktrap","edit-xhwikibooks.graphml"
"0.8","0.19","0.01","0.267877032746714","1,1,1,4,5,6,7,8,9,10,11,12,13,14,15,16,17,18,19,20,2,21,22,23,24,25,26,27,28,29,30,31,32,33,3,3,34,35,2,2,2,2,36,37,38,39,2,40,41,42,2,2,2,2,2,43,44,45,46,2,47,2,2,48,49,2,2,2,2,2,50,2,51,52,2,2,2,2,2,2,2,53,54,55,56,57,2,2,2,2,58,59,60,2,2,2,61,2,2,2,2,2,2,2,2,2,2,62,63,2,2,2,2,64,65,66,67,68,69,70,71,72,73,74,75,76,77,78,79","0.000663995742797852","walktrap","edit-xhwikibooks.graphml"
"0.79","0.2","0.01","0.326632653061224","1,1,1,4,5,6,7,8,9,10,11,12,13,14,15,16,17,18,19,20,2,21,22,23,24,25,26,27,28,29,30,31,32,33,3,3,34,35,2,2,2,2,36,37,38,39,2,40,41,42,2,2,2,2,2,43,44,45,46,2,47,2,2,48,49,2,2,2,2,2,50,2,51,52,2,2,2,2,2,2,2,53,54,55,56,57,2,2,2,2,58,59,60,2,2,2,61,2,2,2,2,2,2,2,2,2,2,62,63,2,2,2,2,64,65,66,67,68,69,70,71,72,73,74,75,76,77,78,79","0.000680923461914062","walktrap","edit-xhwikibooks.graphml"
"0.78","0.21","0.01","0.32265423527078","1,1,1,4,5,6,7,8,9,10,11,12,13,14,15,16,17,18,19,20,2,21,22,23,24,25,26,27,28,29,30,31,32,33,3,3,34,35,2,2,2,2,36,37,38,39,2,40,41,42,2,2,2,2,2,43,44,45,46,2,47,2,2,48,49,2,2,2,2,2,50,2,51,52,2,2,2,2,2,2,2,53,54,55,56,57,2,2,2,2,58,59,60,2,2,2,61,2,2,2,2,2,2,2,2,2,2,62,63,2,2,2,2,64,65,66,67,68,69,70,71,72,73,74,75,76,77,78,79","0.000777006149291992","walktrap","edit-xhwikibooks.graphml"
"0.77","0.22","0.01","0.32265423527078","1,1,1,4,5,6,7,8,9,10,11,12,13,14,15,16,17,18,19,20,2,21,22,23,24,25,26,27,28,29,30,31,32,33,3,3,34,35,2,2,2,2,36,37,38,39,2,40,41,42,2,2,2,2,2,43,44,45,46,2,47,2,2,48,49,2,2,2,2,2,50,2,51,52,2,2,2,2,2,2,2,53,54,55,56,57,2,2,2,2,58,59,60,2,2,2,61,2,2,2,2,2,2,2,2,2,2,62,63,2,2,2,2,64,65,66,67,68,69,70,71,72,73,74,75,76,77,78,79","0.000622987747192383","walktrap","edit-xhwikibooks.graphml"
"0.76","0.23","0.01","0.352903579254931","1,1,1,4,5,6,7,8,9,10,11,12,13,14,15,16,17,18,19,20,3,21,22,23,24,25,26,27,28,29,30,31,32,33,2,2,34,35,3,3,3,3,36,37,38,39,3,40,41,42,3,3,3,3,3,43,44,45,46,3,47,3,3,48,49,3,3,3,3,3,50,3,51,52,3,3,3,3,3,3,3,53,54,55,56,57,3,3,3,3,58,59,60,3,3,3,61,3,3,3,3,3,3,3,3,3,3,62,63,3,3,3,3,64,65,66,67,68,69,70,71,72,73,74,75,76,77,78,79","0.000639915466308594","walktrap","edit-xhwikibooks.graphml"
"0.75","0.24","0.01","0.368977777777778","1,1,1,4,5,6,7,8,9,10,11,12,13,14,15,16,17,18,19,20,3,21,22,23,24,25,26,27,28,29,30,31,32,33,2,2,34,35,3,3,3,3,36,37,38,39,3,40,41,42,3,3,3,3,3,43,44,45,46,3,47,3,3,48,49,3,3,3,3,3,50,3,51,52,3,3,3,3,3,3,3,53,54,55,56,57,3,3,3,3,58,59,60,3,3,3,61,3,3,3,3,3,3,3,3,3,3,62,63,3,3,3,3,64,65,66,67,68,69,70,71,72,73,74,75,76,77,78,79","0.000639915466308594","walktrap","edit-xhwikibooks.graphml"
"0.74","0.25","0.01","0.411232174331037","1,1,1,4,5,6,7,8,9,10,11,12,13,14,15,16,17,18,19,20,3,21,22,23,24,25,26,27,28,29,30,31,32,33,2,2,34,35,3,3,3,3,36,37,38,39,3,40,41,42,3,3,3,3,3,43,44,45,46,3,47,3,3,48,49,3,3,3,3,3,50,3,51,52,3,3,3,3,3,3,3,53,54,55,56,57,3,3,3,3,58,59,60,3,3,3,61,3,3,3,3,3,3,3,3,3,3,62,63,3,3,3,3,64,65,66,67,68,69,70,71,72,73,74,75,76,77,78,79","0.000647068023681641","walktrap","edit-xhwikibooks.graphml"
"0.73","0.26","0.01","0.411232174331037","1,1,1,4,5,6,7,8,9,10,11,12,13,14,15,16,17,18,19,20,3,21,22,23,24,25,26,27,28,29,30,31,32,33,2,2,34,35,3,3,3,3,36,37,38,39,3,40,41,42,3,3,3,3,3,43,44,45,46,3,47,3,3,48,49,3,3,3,3,3,50,3,51,52,3,3,3,3,3,3,3,53,54,55,56,57,3,3,3,3,58,59,60,3,3,3,61,3,3,3,3,3,3,3,3,3,3,62,63,3,3,3,3,64,65,66,67,68,69,70,71,72,73,74,75,76,77,78,79","0.00064396858215332","walktrap","edit-xhwikibooks.graphml"
"0.72","0.27","0.01","0.411232174331037","1,1,1,4,5,6,7,8,9,10,11,12,13,14,15,16,17,18,19,20,3,21,22,23,24,25,26,27,28,29,30,31,32,33,2,2,34,35,3,3,3,3,36,37,38,39,3,40,41,42,3,3,3,3,3,43,44,45,46,3,47,3,3,48,49,3,3,3,3,3,50,3,51,52,3,3,3,3,3,3,3,53,54,55,56,57,3,3,3,3,58,59,60,3,3,3,61,3,3,3,3,3,3,3,3,3,3,62,63,3,3,3,3,64,65,66,67,68,69,70,71,72,73,74,75,76,77,78,79","0.000652074813842773","walktrap","edit-xhwikibooks.graphml"
"0.71","0.28","0.01","0.406953125","1,1,1,4,5,6,7,8,9,10,11,12,13,14,15,16,17,18,19,20,3,21,22,23,24,25,26,27,28,29,30,31,32,33,2,2,34,35,3,3,3,3,36,37,38,39,3,40,41,42,3,3,3,3,3,43,44,45,46,3,47,3,3,48,49,3,3,3,3,3,50,3,51,52,3,3,3,3,3,3,3,53,54,55,56,57,3,3,3,3,58,59,60,3,3,3,61,3,3,3,3,3,3,3,3,3,3,62,63,3,3,3,3,64,65,66,67,68,69,70,71,72,73,74,75,76,77,78,79","0.000694036483764648","walktrap","edit-xhwikibooks.graphml"
"0.7","0.29","0.01","0.433447352766211","1,1,1,4,5,6,7,8,9,10,11,12,13,14,15,16,17,18,19,20,3,21,22,23,24,25,26,27,28,29,30,31,32,33,2,2,34,35,3,3,3,3,36,37,38,39,3,40,41,42,3,3,3,3,3,43,44,45,46,3,47,3,3,48,49,3,3,3,3,3,50,3,51,52,3,3,3,3,3,3,3,53,54,55,56,57,3,3,3,3,58,59,60,3,3,3,61,3,3,3,3,3,3,3,3,3,3,62,63,3,3,3,3,64,65,66,67,68,69,70,71,72,73,74,75,76,77,78,79","0.000594854354858398","walktrap","edit-xhwikibooks.graphml"
"0.69","0.3","0.01","0.429162432863986","1,1,1,4,5,6,7,8,9,10,11,12,13,14,15,16,17,18,19,20,3,21,22,23,24,25,26,27,28,29,30,31,32,33,2,2,34,35,3,3,3,3,36,37,38,39,3,40,41,42,3,3,3,3,3,43,44,45,46,3,47,3,3,48,49,3,3,3,3,3,50,3,51,52,3,3,3,3,3,3,3,53,54,55,56,57,3,3,3,3,58,59,60,3,3,3,61,3,3,3,3,3,3,3,3,3,3,62,63,3,3,3,3,64,65,66,67,68,69,70,71,72,73,74,75,76,77,78,79","0.000607967376708984","walktrap","edit-xhwikibooks.graphml"
"0.68","0.31","0.01","0.441539115646259","1,1,1,4,5,6,7,8,9,10,11,12,13,14,15,16,17,18,19,20,3,21,22,23,24,25,26,27,28,29,30,31,32,33,2,2,34,35,3,3,3,3,36,37,38,39,3,40,41,42,3,3,3,3,3,43,44,45,46,3,47,3,3,48,49,3,3,3,3,3,50,3,51,52,3,3,3,3,3,3,3,53,54,55,56,57,3,3,3,3,58,59,60,3,3,3,61,3,3,3,3,3,3,3,3,3,3,62,63,3,3,3,3,64,65,66,67,68,69,70,71,72,73,74,75,76,77,78,79","0.000606060028076172","walktrap","edit-xhwikibooks.graphml"
"0.67","0.32","0.01","0.437301038062284","1,1,1,4,5,6,7,8,9,10,11,12,13,14,15,16,17,18,19,20,3,21,22,23,24,25,26,27,28,29,30,31,32,33,2,2,34,35,3,3,3,3,36,37,38,39,3,40,41,42,3,3,3,3,3,43,44,45,46,3,47,3,3,48,49,3,3,3,3,3,50,3,51,52,3,3,3,3,3,3,3,53,54,55,56,57,3,3,3,3,58,59,60,3,3,3,61,3,3,3,3,3,3,3,3,3,3,62,63,3,3,3,3,64,65,66,67,68,69,70,71,72,73,74,75,76,77,78,79","0.000607013702392578","walktrap","edit-xhwikibooks.graphml"
"0.66","0.33","0.01","0.44882368848026","1,1,1,4,5,6,7,8,9,10,11,12,13,14,15,16,17,18,19,20,3,21,22,23,24,25,26,27,28,29,30,31,32,33,2,2,34,35,3,3,3,3,36,37,38,39,3,40,41,42,3,3,3,3,3,43,44,45,46,3,47,3,3,48,49,3,3,3,3,3,50,3,51,52,3,3,3,3,3,3,3,53,54,55,56,57,3,3,3,3,58,59,60,3,3,3,61,3,3,3,3,3,3,3,3,3,3,62,63,3,3,3,3,64,65,66,67,68,69,70,71,72,73,74,75,76,77,78,79","0.000622987747192383","walktrap","edit-xhwikibooks.graphml"
"0.65","0.34","0.01","0.581658660915597","1,1,1,5,6,7,8,9,10,11,12,13,14,2,2,15,16,17,18,19,3,20,21,22,23,24,25,26,27,28,29,30,31,32,4,4,33,34,3,3,3,3,35,36,37,38,3,39,40,41,3,3,3,3,3,42,43,44,45,3,46,3,3,47,48,3,3,3,3,3,49,3,50,51,3,3,3,3,3,3,3,52,53,54,55,56,3,3,3,3,57,58,59,3,3,3,60,3,3,3,3,3,3,3,3,3,3,61,62,3,3,3,3,63,64,65,66,67,68,69,70,71,72,73,74,75,76,77,78","0.000619888305664062","walktrap","edit-xhwikibooks.graphml"
"0.64","0.35","0.01","0.581658660915597","1,1,1,5,6,7,8,9,10,11,12,13,14,2,2,15,16,17,18,19,3,20,21,22,23,24,25,26,27,28,29,30,31,32,4,4,33,34,3,3,3,3,35,36,37,38,3,39,40,41,3,3,3,3,3,42,43,44,45,3,46,3,3,47,48,3,3,3,3,3,49,3,50,51,3,3,3,3,3,3,3,52,53,54,55,56,3,3,3,3,57,58,59,3,3,3,60,3,3,3,3,3,3,3,3,3,3,61,62,3,3,3,3,63,64,65,66,67,68,69,70,71,72,73,74,75,76,77,78","0.000636816024780273","walktrap","edit-xhwikibooks.graphml"
"0.63","0.36","0.01","0.57742214532872","1,1,1,5,6,7,8,9,10,11,12,13,14,2,2,15,16,17,18,19,3,20,21,22,23,24,25,26,27,28,29,30,31,32,4,4,33,34,3,3,3,3,35,36,37,38,3,39,40,41,3,3,3,3,3,42,43,44,45,3,46,3,3,47,48,3,3,3,3,3,49,3,50,51,3,3,3,3,3,3,3,52,53,54,55,56,3,3,3,3,57,58,59,3,3,3,60,3,3,3,3,3,3,3,3,3,3,61,62,3,3,3,3,63,64,65,66,67,68,69,70,71,72,73,74,75,76,77,78","0.000648021697998047","walktrap","edit-xhwikibooks.graphml"
"0.62","0.37","0.01","0.57742214532872","1,1,1,5,6,7,8,9,10,11,12,13,14,2,2,15,16,17,18,19,3,20,21,22,23,24,25,26,27,28,29,30,31,32,4,4,33,34,3,3,3,3,35,36,37,38,3,39,40,41,3,3,3,3,3,42,43,44,45,3,46,3,3,47,48,3,3,3,3,3,49,3,50,51,3,3,3,3,3,3,3,52,53,54,55,56,3,3,3,3,57,58,59,3,3,3,60,3,3,3,3,3,3,3,3,3,3,61,62,3,3,3,3,63,64,65,66,67,68,69,70,71,72,73,74,75,76,77,78","0.000645875930786133","walktrap","edit-xhwikibooks.graphml"
"0.61","0.38","0.01","0.573239702139693","1,1,1,5,6,7,8,9,10,11,12,13,14,2,2,15,16,17,18,19,3,20,21,22,23,24,25,26,27,28,29,30,31,32,4,4,33,34,3,3,3,3,35,36,37,38,3,39,40,41,3,3,3,3,3,42,43,44,45,3,46,3,3,47,48,3,3,3,3,3,49,3,50,51,3,3,3,3,3,3,3,52,53,54,55,56,3,3,3,3,57,58,59,3,3,3,60,3,3,3,3,3,3,3,3,3,3,61,62,3,3,3,3,63,64,65,66,67,68,69,70,71,72,73,74,75,76,77,78","0.000719070434570312","walktrap","edit-xhwikibooks.graphml"
"0.6","0.39","0.01","0.580482618343195","1,1,1,5,6,7,8,9,10,11,12,13,14,2,2,15,16,17,18,19,3,20,21,22,23,24,25,26,27,28,29,30,31,32,4,4,33,34,3,3,3,3,35,36,37,38,3,39,40,41,3,3,3,3,3,42,43,44,45,3,46,3,3,47,48,3,3,3,3,3,49,3,50,51,3,3,3,3,3,3,3,52,53,54,55,56,3,3,3,3,57,58,59,3,3,3,60,3,3,3,3,3,3,3,3,3,3,61,62,3,3,3,3,63,64,65,66,67,68,69,70,71,72,73,74,75,76,77,78","0.000615119934082031","walktrap","edit-xhwikibooks.graphml"
"0.59","0.4","0.01","0.597265089163237","1,1,1,5,6,7,8,9,10,11,12,13,14,2,2,15,16,17,18,19,3,20,21,22,23,24,25,26,27,28,29,30,31,32,4,4,33,34,3,3,3,3,35,36,37,38,3,39,40,41,3,3,3,3,3,42,43,44,45,3,46,3,3,47,48,3,3,3,3,3,49,3,50,51,3,3,3,3,3,3,3,52,53,54,55,56,3,3,3,3,57,58,59,3,3,3,60,3,3,3,3,3,3,3,3,3,3,61,62,3,3,3,3,63,64,65,66,67,68,69,70,71,72,73,74,75,76,77,78","0.000611066818237305","walktrap","edit-xhwikibooks.graphml"
"0.58","0.41","0.01","0.597265089163237","1,1,1,5,6,7,8,9,10,11,12,13,14,2,2,15,16,17,18,19,3,20,21,22,23,24,25,26,27,28,29,30,31,32,4,4,33,34,3,3,3,3,35,36,37,38,3,39,40,41,3,3,3,3,3,42,43,44,45,3,46,3,3,47,48,3,3,3,3,3,49,3,50,51,3,3,3,3,3,3,3,52,53,54,55,56,3,3,3,3,57,58,59,3,3,3,60,3,3,3,3,3,3,3,3,3,3,61,62,3,3,3,3,63,64,65,66,67,68,69,70,71,72,73,74,75,76,77,78","0.000604867935180664","walktrap","edit-xhwikibooks.graphml"
"0.57","0.42","0.01","0.593258143253935","1,1,1,5,6,7,8,9,10,11,12,13,14,2,2,15,16,17,18,19,3,20,21,22,23,24,25,26,27,28,29,30,31,32,4,4,33,34,3,3,3,3,35,36,37,38,3,39,40,41,3,3,3,3,3,42,43,44,45,3,46,3,3,47,48,3,3,3,3,3,49,3,50,51,3,3,3,3,3,3,3,52,53,54,55,56,3,3,3,3,57,58,59,3,3,3,60,3,3,3,3,3,3,3,3,3,3,61,62,3,3,3,3,63,64,65,66,67,68,69,70,71,72,73,74,75,76,77,78","0.000615835189819336","walktrap","edit-xhwikibooks.graphml"
"0.56","0.43","0.01","0.605510916321727","1,1,1,5,6,7,8,9,10,11,12,13,14,2,2,15,16,17,18,19,3,20,21,22,23,24,25,26,27,28,29,30,31,32,4,4,33,34,3,3,3,3,35,36,37,38,3,39,40,41,3,3,3,3,3,42,43,44,45,3,46,3,3,47,48,3,3,3,3,3,49,3,50,51,3,3,3,3,3,3,3,52,53,54,55,56,3,3,3,3,57,58,59,3,3,3,60,3,3,3,3,3,3,3,3,3,3,61,62,3,3,3,3,63,64,65,66,67,68,69,70,71,72,73,74,75,76,77,78","0.000619888305664062","walktrap","edit-xhwikibooks.graphml"
"0.55","0.44","0.01","0.601602359693878","1,1,1,5,6,7,8,9,10,11,12,13,14,2,2,15,16,17,18,19,3,20,21,22,23,24,25,26,27,28,29,30,31,32,4,4,33,34,3,3,3,3,35,36,37,38,3,39,40,41,3,3,3,3,3,42,43,44,45,3,46,3,3,47,48,3,3,3,3,3,49,3,50,51,3,3,3,3,3,3,3,52,53,54,55,56,3,3,3,3,57,58,59,3,3,3,60,3,3,3,3,3,3,3,3,3,3,61,62,3,3,3,3,63,64,65,66,67,68,69,70,71,72,73,74,75,76,77,78","0.000613927841186523","walktrap","edit-xhwikibooks.graphml"
"0.54","0.45","0.01","0.613457987072945","1,1,1,5,6,7,8,9,10,11,12,13,14,2,2,15,16,17,18,19,3,20,21,22,23,24,25,26,27,28,29,30,31,32,4,4,33,34,3,3,3,3,35,36,37,38,3,39,40,41,3,3,3,3,3,42,43,44,45,3,46,3,3,47,48,3,3,3,3,3,49,3,50,51,3,3,3,3,3,3,3,52,53,54,55,56,3,3,3,3,57,58,59,3,3,3,60,3,3,3,3,3,3,3,3,3,3,61,62,3,3,3,3,63,64,65,66,67,68,69,70,71,72,73,74,75,76,77,78","0.000622034072875977","walktrap","edit-xhwikibooks.graphml"
"0.53","0.46","0.01","0.609640831758034","1,1,1,5,6,7,8,9,10,11,12,13,14,2,2,15,16,17,18,19,3,20,21,22,23,24,25,26,27,28,29,30,31,32,4,4,33,34,3,3,3,3,35,36,37,38,3,39,40,41,3,3,3,3,3,42,43,44,45,3,46,3,3,47,48,3,3,3,3,3,49,3,50,51,3,3,3,3,3,3,3,52,53,54,55,56,3,3,3,3,57,58,59,3,3,3,60,3,3,3,3,3,3,3,3,3,3,61,62,3,3,3,3,63,64,65,66,67,68,69,70,71,72,73,74,75,76,77,78","0.000754117965698242","walktrap","edit-xhwikibooks.graphml"
"0.52","0.47","0.01","0.615450356718193","1,1,1,5,6,7,8,9,10,11,12,13,14,2,2,15,16,17,18,19,3,20,21,22,23,24,25,26,27,28,29,30,31,32,4,4,33,34,3,3,3,3,35,36,37,38,3,39,40,41,3,3,3,3,3,42,43,44,45,3,46,3,3,47,48,3,3,3,3,3,49,3,50,51,3,3,3,3,3,3,3,52,53,54,55,56,3,3,3,3,57,58,59,3,3,3,60,3,3,3,3,3,3,3,3,3,3,61,62,3,3,3,3,63,64,65,66,67,68,69,70,71,72,73,74,75,76,77,78","0.000596046447753906","walktrap","edit-xhwikibooks.graphml"
"0.51","0.48","0.01","0.766589506172839","1,1,1,4,5,6,7,8,9,10,11,12,13,2,2,14,15,16,17,18,1,19,20,21,22,23,24,25,26,27,28,29,30,31,3,3,32,33,34,35,36,37,38,39,40,41,42,43,44,45,46,47,48,49,50,51,52,53,54,55,56,57,58,59,60,61,62,63,64,65,66,67,68,69,70,71,72,73,74,75,76,77,78,79,80,81,82,83,84,85,86,87,88,89,90,91,92,93,94,95,96,97,98,99,100,101,102,103,104,1,105,106,107,108,109,110,111,112,113,114,115,116,117,118,119,120,121,122,123","0.000365018844604492","walktrap","edit-xhwikibooks.graphml"
"0.5","0.49","0.01","0.772465780599088","1,1,1,4,5,6,7,8,9,10,11,12,13,2,2,14,15,16,17,18,1,19,20,21,22,23,24,25,26,27,28,29,30,31,3,3,32,33,34,35,36,37,38,39,40,41,42,43,44,45,46,47,48,49,50,51,52,53,54,55,56,57,58,59,60,61,62,63,64,65,66,67,68,69,70,71,72,73,74,75,76,77,78,79,80,81,82,83,84,85,86,87,88,89,90,91,92,93,94,95,96,97,98,99,100,101,102,103,104,105,106,107,108,109,110,111,112,113,114,115,116,117,118,119,120,121,122,123,124","0.000357151031494141","walktrap","edit-xhwikibooks.graphml"
"0.49","0.5","0.01","0.868162901307966","1,1,1,7,8,9,10,3,11,12,13,14,2,2,2,15,16,17,18,19,1,20,21,3,4,4,4,22,23,24,25,26,27,28,5,5,29,30,31,32,33,34,35,36,37,38,39,40,41,42,43,44,45,46,47,48,49,50,51,52,53,54,55,56,57,58,59,60,61,62,63,64,65,66,67,68,69,70,71,72,73,74,75,76,77,78,79,80,81,82,83,84,85,86,87,88,89,90,91,92,93,94,95,96,97,98,99,100,101,102,103,104,105,6,106,107,6,6,6,6,6,108,109,110,111,112,113,114,115","0.00037693977355957","walktrap","edit-xhwikibooks.graphml"
"0.48","0.51","0.01","0.868162901307966","1,1,1,7,8,9,10,3,11,12,13,14,2,2,2,15,16,17,18,19,1,20,21,3,4,4,4,22,23,24,25,26,27,28,5,5,29,30,31,32,33,34,35,36,37,38,39,40,41,42,43,44,45,46,47,48,49,50,51,52,53,54,55,56,57,58,59,60,61,62,63,64,65,66,67,68,69,70,71,72,73,74,75,76,77,78,79,80,81,82,83,84,85,86,87,88,89,90,91,92,93,94,95,96,97,98,99,100,101,102,103,104,105,6,106,107,6,6,6,6,6,108,109,110,111,112,113,114,115","0.000380039215087891","walktrap","edit-xhwikibooks.graphml"
"0.47","0.52","0.01","0.896030245746692","2,2,2,7,8,9,10,3,11,12,13,14,1,1,1,15,16,17,18,19,20,21,22,3,4,4,4,23,24,25,26,27,28,29,5,5,30,31,32,33,34,35,36,37,38,39,40,41,42,43,44,45,46,47,48,49,50,51,52,53,54,55,56,57,58,59,60,61,62,63,64,65,66,67,68,69,70,71,72,73,74,75,76,77,78,79,80,81,82,83,84,85,86,87,88,89,90,91,92,93,94,95,96,97,98,99,100,101,102,103,104,105,106,6,107,108,6,6,6,6,6,109,110,111,112,113,114,115,116","0.000384092330932617","walktrap","edit-xhwikibooks.graphml"
"0.46","0.53","0.01","0.894173602853745","2,2,2,7,8,9,10,3,11,12,13,14,1,1,1,15,16,17,18,19,20,21,22,3,4,4,4,23,24,25,26,27,28,29,5,5,30,31,32,33,34,35,36,37,38,39,40,41,42,43,44,45,46,47,48,49,50,51,52,53,54,55,56,57,58,59,60,61,62,63,64,65,66,67,68,69,70,71,72,73,74,75,76,77,78,79,80,81,82,83,84,85,86,87,88,89,90,91,92,93,94,95,96,97,98,99,100,101,102,103,104,105,106,6,107,108,6,6,6,6,6,109,110,111,112,113,114,115,116","0.000379085540771484","walktrap","edit-xhwikibooks.graphml"
"0.45","0.54","0.01","0.895025202717511","2,2,2,7,8,9,10,3,11,12,13,14,1,1,1,15,16,17,18,19,20,21,22,3,4,4,4,23,24,25,26,27,28,29,5,5,30,31,32,33,34,35,36,37,38,39,40,41,42,43,44,45,46,47,48,49,50,51,52,53,54,55,56,57,58,59,60,61,62,63,64,65,66,67,68,69,70,71,72,73,74,75,76,77,78,79,80,81,82,83,84,85,86,87,88,89,90,91,92,93,94,95,96,97,98,99,100,101,102,103,104,105,106,6,107,108,6,6,6,6,6,109,110,111,112,113,114,115,116","0.000383138656616211","walktrap","edit-xhwikibooks.graphml"
"0.44","0.55","0.01","0.89313415685148","2,2,2,7,8,9,10,3,11,12,13,14,1,1,1,15,16,17,18,19,20,21,22,3,4,4,4,23,24,25,26,27,28,29,5,5,30,31,32,33,34,35,36,37,38,39,40,41,42,43,44,45,46,47,48,49,50,51,52,53,54,55,56,57,58,59,60,61,62,63,64,65,66,67,68,69,70,71,72,73,74,75,76,77,78,79,80,81,82,83,84,85,86,87,88,89,90,91,92,93,94,95,96,97,98,99,100,101,102,103,104,105,106,6,107,108,6,6,6,6,6,109,110,111,112,113,114,115,116","0.000379085540771484","walktrap","edit-xhwikibooks.graphml"
"0.43","0.56","0.01","0.894583333333333","2,2,2,7,8,9,10,3,11,12,13,14,1,1,1,15,16,17,18,19,20,21,22,3,4,4,4,23,24,25,26,27,28,29,5,5,30,31,32,33,34,35,36,37,38,39,40,41,42,43,44,45,46,47,48,49,50,51,52,53,54,55,56,57,58,59,60,61,62,63,64,65,66,67,68,69,70,71,72,73,74,75,76,77,78,79,80,81,82,83,84,85,86,87,88,89,90,91,92,93,94,95,96,97,98,99,100,101,102,103,104,105,106,6,107,108,6,6,6,6,6,109,110,111,112,113,114,115,116","0.000392913818359375","walktrap","edit-xhwikibooks.graphml"
"0.42","0.57","0.01","0.892698586162147","2,2,2,7,8,9,10,3,11,12,13,14,1,1,1,15,16,17,18,19,20,21,22,3,4,4,4,23,24,25,26,27,28,29,5,5,30,31,32,33,34,35,36,37,38,39,40,41,42,43,44,45,46,47,48,49,50,51,52,53,54,55,56,57,58,59,60,61,62,63,64,65,66,67,68,69,70,71,72,73,74,75,76,77,78,79,80,81,82,83,84,85,86,87,88,89,90,91,92,93,94,95,96,97,98,99,100,101,102,103,104,105,106,6,107,108,6,6,6,6,6,109,110,111,112,113,114,115,116","0.000402927398681641","walktrap","edit-xhwikibooks.graphml"
"0.41","0.58","0.01","0.893515764425938","2,2,2,7,8,9,10,3,11,12,13,14,1,1,1,15,16,17,18,19,20,21,22,3,4,4,4,23,24,25,26,27,28,29,5,5,30,31,32,33,34,35,36,37,38,39,40,41,42,43,44,45,46,47,48,49,50,51,52,53,54,55,56,57,58,59,60,61,62,63,64,65,66,67,68,69,70,71,72,73,74,75,76,77,78,79,80,81,82,83,84,85,86,87,88,89,90,91,92,93,94,95,96,97,98,99,100,101,102,103,104,105,106,6,107,108,6,6,6,6,6,109,110,111,112,113,114,115,116","0.00040888786315918","walktrap","edit-xhwikibooks.graphml"
"0.4","0.59","0.01","0.891649323621227","2,2,2,7,8,9,10,3,11,12,13,14,1,1,1,15,16,17,18,19,20,21,22,3,4,4,4,23,24,25,26,27,28,29,5,5,30,31,32,33,34,35,36,37,38,39,40,41,42,43,44,45,46,47,48,49,50,51,52,53,54,55,56,57,58,59,60,61,62,63,64,65,66,67,68,69,70,71,72,73,74,75,76,77,78,79,80,81,82,83,84,85,86,87,88,89,90,91,92,93,94,95,96,97,98,99,100,101,102,103,104,105,106,6,107,108,6,6,6,6,6,109,110,111,112,113,114,115,116","0.000561952590942383","walktrap","edit-xhwikibooks.graphml"
"0.39","0.6","0.01","0.894289788579577","2,2,2,7,8,9,10,3,11,12,13,14,1,1,1,15,16,17,18,19,20,21,22,3,4,4,4,23,24,25,26,27,28,29,5,5,30,31,32,33,34,35,36,37,38,39,40,41,42,43,44,45,46,47,48,49,50,51,52,53,54,55,56,57,58,59,60,61,62,63,64,65,66,67,68,69,70,71,72,73,74,75,76,77,78,79,80,81,82,83,84,85,86,87,88,89,90,91,92,93,94,95,96,97,98,99,100,101,102,103,104,105,106,6,107,108,6,6,6,6,6,109,110,111,112,113,114,115,116","0.00049901008605957","walktrap","edit-xhwikibooks.graphml"
"0.38","0.61","0.01","0.8924560546875","2,2,2,7,8,9,10,3,11,12,13,14,1,1,1,15,16,17,18,19,20,21,22,3,4,4,4,23,24,25,26,27,28,29,5,5,30,31,32,33,34,35,36,37,38,39,40,41,42,43,44,45,46,47,48,49,50,51,52,53,54,55,56,57,58,59,60,61,62,63,64,65,66,67,68,69,70,71,72,73,74,75,76,77,78,79,80,81,82,83,84,85,86,87,88,89,90,91,92,93,94,95,96,97,98,99,100,101,102,103,104,105,106,6,107,108,6,6,6,6,6,109,110,111,112,113,114,115,116","0.000514984130859375","walktrap","edit-xhwikibooks.graphml"
"0.37","0.62","0.01","0.893215551950003","2,2,2,7,8,9,10,3,11,12,13,14,1,1,1,15,16,17,18,19,20,21,22,3,4,4,4,23,24,25,26,27,28,29,5,5,30,31,32,33,34,35,36,37,38,39,40,41,42,43,44,45,46,47,48,49,50,51,52,53,54,55,56,57,58,59,60,61,62,63,64,65,66,67,68,69,70,71,72,73,74,75,76,77,78,79,80,81,82,83,84,85,86,87,88,89,90,91,92,93,94,95,96,97,98,99,100,101,102,103,104,105,106,6,107,108,6,6,6,6,6,109,110,111,112,113,114,115,116","0.00088191032409668","walktrap","edit-xhwikibooks.graphml"
"0.36","0.63","0.01","0.891360946745562","2,2,2,7,8,9,10,3,11,12,13,14,1,1,1,15,16,17,18,19,20,21,22,3,4,4,4,23,24,25,26,27,28,29,5,5,30,31,32,33,34,35,36,37,38,39,40,41,42,43,44,45,46,47,48,49,50,51,52,53,54,55,56,57,58,59,60,61,62,63,64,65,66,67,68,69,70,71,72,73,74,75,76,77,78,79,80,81,82,83,84,85,86,87,88,89,90,91,92,93,94,95,96,97,98,99,100,101,102,103,104,105,106,6,107,108,6,6,6,6,6,109,110,111,112,113,114,115,116","0.000575780868530273","walktrap","edit-xhwikibooks.graphml"
"0.35","0.64","0.01","0.891360946745562","2,2,2,7,8,9,10,3,11,12,13,14,1,1,1,15,16,17,18,19,20,21,22,3,4,4,4,23,24,25,26,27,28,29,5,5,30,31,32,33,34,35,36,37,38,39,40,41,42,43,44,45,46,47,48,49,50,51,52,53,54,55,56,57,58,59,60,61,62,63,64,65,66,67,68,69,70,71,72,73,74,75,76,77,78,79,80,81,82,83,84,85,86,87,88,89,90,91,92,93,94,95,96,97,98,99,100,101,102,103,104,105,106,6,107,108,6,6,6,6,6,109,110,111,112,113,114,115,116","0.000446081161499023","walktrap","edit-xhwikibooks.graphml"
"0.34","0.65","0.01","0.889458656255463","2,2,2,7,8,9,10,3,11,12,13,14,1,1,1,15,16,17,18,19,20,21,22,3,4,4,4,23,24,25,26,27,28,29,5,5,30,31,32,33,34,35,36,37,38,39,40,41,42,43,44,45,46,47,48,49,50,51,52,53,54,55,56,57,58,59,60,61,62,63,64,65,66,67,68,69,70,71,72,73,74,75,76,77,78,79,80,81,82,83,84,85,86,87,88,89,90,91,92,93,94,95,96,97,98,99,100,101,102,103,104,105,106,6,107,108,6,6,6,6,6,109,110,111,112,113,114,115,116","0.00037693977355957","walktrap","edit-xhwikibooks.graphml"
"0.33","0.66","0.01","0.889458656255463","2,2,2,7,8,9,10,3,11,12,13,14,1,1,1,15,16,17,18,19,20,21,22,3,4,4,4,23,24,25,26,27,28,29,5,5,30,31,32,33,34,35,36,37,38,39,40,41,42,43,44,45,46,47,48,49,50,51,52,53,54,55,56,57,58,59,60,61,62,63,64,65,66,67,68,69,70,71,72,73,74,75,76,77,78,79,80,81,82,83,84,85,86,87,88,89,90,91,92,93,94,95,96,97,98,99,100,101,102,103,104,105,106,6,107,108,6,6,6,6,6,109,110,111,112,113,114,115,116","0.000390052795410156","walktrap","edit-xhwikibooks.graphml"
"0.32","0.67","0.01","0.900828358554307","1,1,1,7,8,9,10,3,11,12,13,14,2,2,2,15,16,17,18,19,20,21,22,3,4,4,4,23,24,25,26,27,28,29,5,5,30,31,32,33,34,35,36,37,38,39,40,41,42,43,44,45,46,47,48,49,50,51,52,53,54,55,56,57,58,59,60,61,62,63,64,65,66,67,68,69,70,71,72,73,74,75,76,77,78,79,80,81,82,83,84,85,86,87,88,89,90,91,92,93,94,95,96,97,98,99,100,101,102,103,104,105,106,6,107,108,6,6,6,6,6,109,110,111,112,113,114,115,116","0.00043797492980957","walktrap","edit-xhwikibooks.graphml"
"0.31","0.68","0.01","0.900828358554307","1,1,1,7,8,9,10,3,11,12,13,14,2,2,2,15,16,17,18,19,20,21,22,3,4,4,4,23,24,25,26,27,28,29,5,5,30,31,32,33,34,35,36,37,38,39,40,41,42,43,44,45,46,47,48,49,50,51,52,53,54,55,56,57,58,59,60,61,62,63,64,65,66,67,68,69,70,71,72,73,74,75,76,77,78,79,80,81,82,83,84,85,86,87,88,89,90,91,92,93,94,95,96,97,98,99,100,101,102,103,104,105,106,6,107,108,6,6,6,6,6,109,110,111,112,113,114,115,116","0.000377893447875977","walktrap","edit-xhwikibooks.graphml"
"0.3","0.69","0.01","0.899196493791089","1,1,1,7,8,9,10,3,11,12,13,14,2,2,2,15,16,17,18,19,20,21,22,3,4,4,4,23,24,25,26,27,28,29,5,5,30,31,32,33,34,35,36,37,38,39,40,41,42,43,44,45,46,47,48,49,50,51,52,53,54,55,56,57,58,59,60,61,62,63,64,65,66,67,68,69,70,71,72,73,74,75,76,77,78,79,80,81,82,83,84,85,86,87,88,89,90,91,92,93,94,95,96,97,98,99,100,101,102,103,104,105,106,6,107,108,6,6,6,6,6,109,110,111,112,113,114,115,116","0.000387191772460938","walktrap","edit-xhwikibooks.graphml"
"0.29","0.7","0.01","0.899779289221207","1,1,1,7,8,9,10,3,11,12,13,14,2,2,2,15,16,17,18,19,20,21,22,3,4,4,4,23,24,25,26,27,28,29,5,5,30,31,32,33,34,35,36,37,38,39,40,41,42,43,44,45,46,47,48,49,50,51,52,53,54,55,56,57,58,59,60,61,62,63,64,65,66,67,68,69,70,71,72,73,74,75,76,77,78,79,80,81,82,83,84,85,86,87,88,89,90,91,92,93,94,95,96,97,98,99,100,101,102,103,104,105,106,6,107,108,6,6,6,6,6,109,110,111,112,113,114,115,116","0.000382900238037109","walktrap","edit-xhwikibooks.graphml"
"0.28","0.71","0.01","0.898133333333334","1,1,1,7,8,9,10,3,11,12,13,14,2,2,2,15,16,17,18,19,20,21,22,3,4,4,4,23,24,25,26,27,28,29,5,5,30,31,32,33,34,35,36,37,38,39,40,41,42,43,44,45,46,47,48,49,50,51,52,53,54,55,56,57,58,59,60,61,62,63,64,65,66,67,68,69,70,71,72,73,74,75,76,77,78,79,80,81,82,83,84,85,86,87,88,89,90,91,92,93,94,95,96,97,98,99,100,101,102,103,104,105,106,6,107,108,6,6,6,6,6,109,110,111,112,113,114,115,116","0.000375986099243164","walktrap","edit-xhwikibooks.graphml"
"0.27","0.72","0.01","0.898459141274238","1,1,1,7,8,9,10,3,11,12,13,14,2,2,2,15,16,17,18,19,20,21,22,3,4,4,4,23,24,25,26,27,28,29,5,5,30,31,32,33,34,35,36,37,38,39,40,41,42,43,44,45,46,47,48,49,50,51,52,53,54,55,56,57,58,59,60,61,62,63,64,65,66,67,68,69,70,71,72,73,74,75,76,77,78,79,80,81,82,83,84,85,86,87,88,89,90,91,92,93,94,95,96,97,98,99,100,101,102,103,104,105,106,6,107,108,6,6,6,6,6,109,110,111,112,113,114,115,116","0.000383138656616211","walktrap","edit-xhwikibooks.graphml"
"0.26","0.73","0.01","0.896834550813789","1,1,1,7,8,9,10,3,11,12,13,14,2,2,2,15,16,17,18,19,20,21,22,3,4,4,4,23,24,25,26,27,28,29,5,5,30,31,32,33,34,35,36,37,38,39,40,41,42,43,44,45,46,47,48,49,50,51,52,53,54,55,56,57,58,59,60,61,62,63,64,65,66,67,68,69,70,71,72,73,74,75,76,77,78,79,80,81,82,83,84,85,86,87,88,89,90,91,92,93,94,95,96,97,98,99,100,101,102,103,104,105,106,6,107,108,6,6,6,6,6,109,110,111,112,113,114,115,116","0.000391006469726562","walktrap","edit-xhwikibooks.graphml"
"0.25","0.74","0.01","0.896834550813789","1,1,1,7,8,9,10,3,11,12,13,14,2,2,2,15,16,17,18,19,20,21,22,3,4,4,4,23,24,25,26,27,28,29,5,5,30,31,32,33,34,35,36,37,38,39,40,41,42,43,44,45,46,47,48,49,50,51,52,53,54,55,56,57,58,59,60,61,62,63,64,65,66,67,68,69,70,71,72,73,74,75,76,77,78,79,80,81,82,83,84,85,86,87,88,89,90,91,92,93,94,95,96,97,98,99,100,101,102,103,104,105,106,6,107,108,6,6,6,6,6,109,110,111,112,113,114,115,116","0.000390052795410156","walktrap","edit-xhwikibooks.graphml"
"0.24","0.75","0.01","0.897724045600227","1,1,1,7,8,9,10,3,11,12,13,14,2,2,2,15,16,17,18,19,20,21,22,3,4,4,4,23,24,25,26,27,28,29,5,5,30,31,32,33,34,35,36,37,38,39,40,41,42,43,44,45,46,47,48,49,50,51,52,53,54,55,56,57,58,59,60,61,62,63,64,65,66,67,68,69,70,71,72,73,74,75,76,77,78,79,80,81,82,83,84,85,86,87,88,89,90,91,92,93,94,95,96,97,98,99,100,101,102,103,104,105,106,6,107,108,6,6,6,6,6,109,110,111,112,113,114,115,116","0.000400066375732422","walktrap","edit-xhwikibooks.graphml"
"0.23","0.76","0.01","0.897724045600227","1,1,1,7,8,9,10,3,11,12,13,14,2,2,2,15,16,17,18,19,20,21,22,3,4,4,4,23,24,25,26,27,28,29,5,5,30,31,32,33,34,35,36,37,38,39,40,41,42,43,44,45,46,47,48,49,50,51,52,53,54,55,56,57,58,59,60,61,62,63,64,65,66,67,68,69,70,71,72,73,74,75,76,77,78,79,80,81,82,83,84,85,86,87,88,89,90,91,92,93,94,95,96,97,98,99,100,101,102,103,104,105,106,6,107,108,6,6,6,6,6,109,110,111,112,113,114,115,116","0.000402927398681641","walktrap","edit-xhwikibooks.graphml"
"0.22","0.77","0.01","0.898253485018427","1,1,1,7,8,9,10,3,11,12,13,14,2,2,2,15,16,17,18,19,20,21,22,3,4,4,4,23,24,25,26,27,28,29,5,5,30,31,32,33,34,35,36,37,38,39,40,41,42,43,44,45,46,47,48,49,50,51,52,53,54,55,56,57,58,59,60,61,62,63,64,65,66,67,68,69,70,71,72,73,74,75,76,77,78,79,80,81,82,83,84,85,86,87,88,89,90,91,92,93,94,95,96,97,98,99,100,101,102,103,104,105,106,6,107,108,6,6,6,6,6,109,110,111,112,113,114,115,116","0.000401973724365234","walktrap","edit-xhwikibooks.graphml"
"0.21","0.78","0.01","0.897496238571043","1,1,1,7,8,9,10,3,11,12,13,14,2,2,2,15,16,17,18,19,20,21,22,3,4,4,4,23,24,25,26,27,28,29,5,5,30,31,32,33,34,35,36,37,38,39,40,41,42,43,44,45,46,47,48,49,50,51,52,53,54,55,56,57,58,59,60,61,62,63,64,65,66,67,68,69,70,71,72,73,74,75,76,77,78,79,80,81,82,83,84,85,86,87,88,89,90,91,92,93,94,95,96,97,98,99,100,101,102,103,104,105,106,6,107,108,6,6,6,6,6,109,110,111,112,113,114,115,116","0.000500917434692383","walktrap","edit-xhwikibooks.graphml"
"0.2","0.79","0.01","0.897496238571043","1,1,1,7,8,9,10,3,11,12,13,14,2,2,2,15,16,17,18,19,20,21,22,3,4,4,4,23,24,25,26,27,28,29,5,5,30,31,32,33,34,35,36,37,38,39,40,41,42,43,44,45,46,47,48,49,50,51,52,53,54,55,56,57,58,59,60,61,62,63,64,65,66,67,68,69,70,71,72,73,74,75,76,77,78,79,80,81,82,83,84,85,86,87,88,89,90,91,92,93,94,95,96,97,98,99,100,101,102,103,104,105,106,6,107,108,6,6,6,6,6,109,110,111,112,113,114,115,116","0.000436782836914062","walktrap","edit-xhwikibooks.graphml"
"0.19","0.8","0.01","0.897704315886134","1,1,1,7,8,9,10,3,11,12,13,14,2,2,2,15,16,17,18,19,20,21,22,3,4,4,4,23,24,25,26,27,28,29,5,5,30,31,32,33,34,35,36,37,38,39,40,41,42,43,44,45,46,47,48,49,50,51,52,53,54,55,56,57,58,59,60,61,62,63,64,65,66,67,68,69,70,71,72,73,74,75,76,77,78,79,80,81,82,83,84,85,86,87,88,89,90,91,92,93,94,95,96,97,98,99,100,101,102,103,104,105,106,6,107,108,6,6,6,6,6,109,110,111,112,113,114,115,116","0.000391006469726562","walktrap","edit-xhwikibooks.graphml"
"0.18","0.81","0.01","0.897704315886134","1,1,1,7,8,9,10,3,11,12,13,14,2,2,2,15,16,17,18,19,20,21,22,3,4,4,4,23,24,25,26,27,28,29,5,5,30,31,32,33,34,35,36,37,38,39,40,41,42,43,44,45,46,47,48,49,50,51,52,53,54,55,56,57,58,59,60,61,62,63,64,65,66,67,68,69,70,71,72,73,74,75,76,77,78,79,80,81,82,83,84,85,86,87,88,89,90,91,92,93,94,95,96,97,98,99,100,101,102,103,104,105,106,6,107,108,6,6,6,6,6,109,110,111,112,113,114,115,116","0.000388860702514648","walktrap","edit-xhwikibooks.graphml"
"0.17","0.82","0.01","0.896138771955291","1,1,1,7,8,9,10,3,11,12,13,14,2,2,2,15,16,17,18,19,20,21,22,3,4,4,4,23,24,25,26,27,28,29,5,5,30,31,32,33,34,35,36,37,38,39,40,41,42,43,44,45,46,47,48,49,50,51,52,53,54,55,56,57,58,59,60,61,62,63,64,65,66,67,68,69,70,71,72,73,74,75,76,77,78,79,80,81,82,83,84,85,86,87,88,89,90,91,92,93,94,95,96,97,98,99,100,101,102,103,104,105,106,6,107,108,6,6,6,6,6,109,110,111,112,113,114,115,116","0.00039982795715332","walktrap","edit-xhwikibooks.graphml"
"0.16","0.83","0.01","0.896138771955291","1,1,1,7,8,9,10,3,11,12,13,14,2,2,2,15,16,17,18,19,20,21,22,3,4,4,4,23,24,25,26,27,28,29,5,5,30,31,32,33,34,35,36,37,38,39,40,41,42,43,44,45,46,47,48,49,50,51,52,53,54,55,56,57,58,59,60,61,62,63,64,65,66,67,68,69,70,71,72,73,74,75,76,77,78,79,80,81,82,83,84,85,86,87,88,89,90,91,92,93,94,95,96,97,98,99,100,101,102,103,104,105,106,6,107,108,6,6,6,6,6,109,110,111,112,113,114,115,116","0.000396013259887695","walktrap","edit-xhwikibooks.graphml"
"0.15","0.84","0.01","0.894628684807256","1,1,1,7,8,9,10,3,11,12,13,14,2,2,2,15,16,17,18,19,20,21,22,3,4,4,4,23,24,25,26,27,28,29,5,5,30,31,32,33,34,35,36,37,38,39,40,41,42,43,44,45,46,47,48,49,50,51,52,53,54,55,56,57,58,59,60,61,62,63,64,65,66,67,68,69,70,71,72,73,74,75,76,77,78,79,80,81,82,83,84,85,86,87,88,89,90,91,92,93,94,95,96,97,98,99,100,101,102,103,104,105,106,6,107,108,6,6,6,6,6,109,110,111,112,113,114,115,116","0.000396013259887695","walktrap","edit-xhwikibooks.graphml"
"0.14","0.85","0.01","0.89513672490459","1,1,1,7,8,9,10,3,11,12,13,14,2,2,2,15,16,17,18,19,20,21,22,3,4,4,4,23,24,25,26,27,28,29,5,5,30,31,32,33,34,35,36,37,38,39,40,41,42,43,44,45,46,47,48,49,50,51,52,53,54,55,56,57,58,59,60,61,62,63,64,65,66,67,68,69,70,71,72,73,74,75,76,77,78,79,80,81,82,83,84,85,86,87,88,89,90,91,92,93,94,95,96,97,98,99,100,101,102,103,104,105,106,6,107,108,6,6,6,6,6,109,110,111,112,113,114,115,116","0.000400066375732422","walktrap","edit-xhwikibooks.graphml"
"0.13","0.86","0.01","0.893861546782045","1,1,1,7,8,9,10,3,11,12,13,14,2,2,2,15,16,17,18,19,20,21,22,3,4,4,4,23,24,25,26,27,28,29,5,5,30,31,32,33,34,35,36,37,38,39,40,41,42,43,44,45,46,47,48,49,50,51,52,53,54,55,56,57,58,59,60,61,62,63,64,65,66,67,68,69,70,71,72,73,74,75,76,77,78,79,80,81,82,83,84,85,86,87,88,89,90,91,92,93,94,95,96,97,98,99,100,101,102,103,104,105,106,6,107,108,6,6,6,6,6,109,110,111,112,113,114,115,116","0.000416040420532227","walktrap","edit-xhwikibooks.graphml"
"0.12","0.87","0.01","0.893861546782045","1,1,1,7,8,9,10,3,11,12,13,14,2,2,2,15,16,17,18,19,20,21,22,3,4,4,4,23,24,25,26,27,28,29,5,5,30,31,32,33,34,35,36,37,38,39,40,41,42,43,44,45,46,47,48,49,50,51,52,53,54,55,56,57,58,59,60,61,62,63,64,65,66,67,68,69,70,71,72,73,74,75,76,77,78,79,80,81,82,83,84,85,86,87,88,89,90,91,92,93,94,95,96,97,98,99,100,101,102,103,104,105,106,6,107,108,6,6,6,6,6,109,110,111,112,113,114,115,116","0.000397205352783203","walktrap","edit-xhwikibooks.graphml"
"0.11","0.88","0.01","0.892311804604231","1,1,1,7,8,9,10,3,11,12,13,14,2,2,2,15,16,17,18,19,20,21,22,3,4,4,4,23,24,25,26,27,28,29,5,5,30,31,32,33,34,35,36,37,38,39,40,41,42,43,44,45,46,47,48,49,50,51,52,53,54,55,56,57,58,59,60,61,62,63,64,65,66,67,68,69,70,71,72,73,74,75,76,77,78,79,80,81,82,83,84,85,86,87,88,89,90,91,92,93,94,95,96,97,98,99,100,101,102,103,104,105,106,6,107,108,6,6,6,6,6,109,110,111,112,113,114,115,116","0.000425815582275391","walktrap","edit-xhwikibooks.graphml"
"0.1","0.89","0.01","0.893061224489796","1,1,1,7,8,9,10,3,11,12,13,14,2,2,2,15,16,17,18,19,20,21,22,3,4,4,4,23,24,25,26,27,28,29,5,5,30,31,32,33,34,35,36,37,38,39,40,41,42,43,44,45,46,47,48,49,50,51,52,53,54,55,56,57,58,59,60,61,62,63,64,65,66,67,68,69,70,71,72,73,74,75,76,77,78,79,80,81,82,83,84,85,86,87,88,89,90,91,92,93,94,95,96,97,98,99,100,101,102,103,104,105,106,6,107,108,6,6,6,6,6,109,110,111,112,113,114,115,116","0.000417947769165039","walktrap","edit-xhwikibooks.graphml"
"0.09","0.9","0.01","0.891528925619835","1,1,1,7,8,9,10,3,11,12,13,14,2,2,2,15,16,17,18,19,20,21,22,3,4,4,4,23,24,25,26,27,28,29,5,5,30,31,32,33,34,35,36,37,38,39,40,41,42,43,44,45,46,47,48,49,50,51,52,53,54,55,56,57,58,59,60,61,62,63,64,65,66,67,68,69,70,71,72,73,74,75,76,77,78,79,80,81,82,83,84,85,86,87,88,89,90,91,92,93,94,95,96,97,98,99,100,101,102,103,104,105,106,6,107,108,6,6,6,6,6,109,110,111,112,113,114,115,116","0.000421047210693359","walktrap","edit-xhwikibooks.graphml"
"0.08","0.91","0.01","0.891528925619835","1,1,1,7,8,9,10,3,11,12,13,14,2,2,2,15,16,17,18,19,20,21,22,3,4,4,4,23,24,25,26,27,28,29,5,5,30,31,32,33,34,35,36,37,38,39,40,41,42,43,44,45,46,47,48,49,50,51,52,53,54,55,56,57,58,59,60,61,62,63,64,65,66,67,68,69,70,71,72,73,74,75,76,77,78,79,80,81,82,83,84,85,86,87,88,89,90,91,92,93,94,95,96,97,98,99,100,101,102,103,104,105,106,6,107,108,6,6,6,6,6,109,110,111,112,113,114,115,116","0.000413894653320312","walktrap","edit-xhwikibooks.graphml"
"0.07","0.92","0.01","0.889974145360528","1,1,1,7,8,9,10,3,11,12,13,14,2,2,2,15,16,17,18,19,20,21,22,3,4,4,4,23,24,25,26,27,28,29,5,5,30,31,32,33,34,35,36,37,38,39,40,41,42,43,44,45,46,47,48,49,50,51,52,53,54,55,56,57,58,59,60,61,62,63,64,65,66,67,68,69,70,71,72,73,74,75,76,77,78,79,80,81,82,83,84,85,86,87,88,89,90,91,92,93,94,95,96,97,98,99,100,101,102,103,104,105,106,6,107,108,6,6,6,6,6,109,110,111,112,113,114,115,116","0.000474214553833008","walktrap","edit-xhwikibooks.graphml"
"0.06","0.93","0.01","0.890480999873754","1,1,1,7,8,9,10,3,11,12,13,14,2,2,2,15,16,17,18,19,20,21,22,3,4,4,4,23,24,25,26,27,28,29,5,5,30,31,32,33,34,35,36,37,38,39,40,41,42,43,44,45,46,47,48,49,50,51,52,53,54,55,56,57,58,59,60,61,62,63,64,65,66,67,68,69,70,71,72,73,74,75,76,77,78,79,80,81,82,83,84,85,86,87,88,89,90,91,92,93,94,95,96,97,98,99,100,101,102,103,104,105,106,6,107,108,6,6,6,6,6,109,110,111,112,113,114,115,116","0.000401973724365234","walktrap","edit-xhwikibooks.graphml"
"0.05","0.94","0.01","0.888923566680192","1,1,1,7,8,9,10,3,11,12,13,14,2,2,2,15,16,17,18,19,20,21,22,3,4,4,4,23,24,25,26,27,28,29,5,5,30,31,32,33,34,35,36,37,38,39,40,41,42,43,44,45,46,47,48,49,50,51,52,53,54,55,56,57,58,59,60,61,62,63,64,65,66,67,68,69,70,71,72,73,74,75,76,77,78,79,80,81,82,83,84,85,86,87,88,89,90,91,92,93,94,95,96,97,98,99,100,101,102,103,104,105,106,6,107,108,6,6,6,6,6,109,110,111,112,113,114,115,116","0.000393867492675781","walktrap","edit-xhwikibooks.graphml"
"0.04","0.95","0.01","0.888923566680192","1,1,1,7,8,9,10,3,11,12,13,14,2,2,2,15,16,17,18,19,20,21,22,3,4,4,4,23,24,25,26,27,28,29,5,5,30,31,32,33,34,35,36,37,38,39,40,41,42,43,44,45,46,47,48,49,50,51,52,53,54,55,56,57,58,59,60,61,62,63,64,65,66,67,68,69,70,71,72,73,74,75,76,77,78,79,80,81,82,83,84,85,86,87,88,89,90,91,92,93,94,95,96,97,98,99,100,101,102,103,104,105,106,6,107,108,6,6,6,6,6,109,110,111,112,113,114,115,116","0.000396013259887695","walktrap","edit-xhwikibooks.graphml"
"0.03","0.96","0.01","0.887345679012346","1,1,1,7,8,9,10,3,11,12,13,14,2,2,2,15,16,17,18,19,20,21,22,3,4,4,4,23,24,25,26,27,28,29,5,5,30,31,32,33,34,35,36,37,38,39,40,41,42,43,44,45,46,47,48,49,50,51,52,53,54,55,56,57,58,59,60,61,62,63,64,65,66,67,68,69,70,71,72,73,74,75,76,77,78,79,80,81,82,83,84,85,86,87,88,89,90,91,92,93,94,95,96,97,98,99,100,101,102,103,104,105,106,6,107,108,6,6,6,6,6,109,110,111,112,113,114,115,116","0.000444173812866211","walktrap","edit-xhwikibooks.graphml"
"0.02","0.97","0.01","0.887345679012346","1,1,1,7,8,9,10,3,11,12,13,14,2,2,2,15,16,17,18,19,20,21,22,3,4,4,4,23,24,25,26,27,28,29,5,5,30,31,32,33,34,35,36,37,38,39,40,41,42,43,44,45,46,47,48,49,50,51,52,53,54,55,56,57,58,59,60,61,62,63,64,65,66,67,68,69,70,71,72,73,74,75,76,77,78,79,80,81,82,83,84,85,86,87,88,89,90,91,92,93,94,95,96,97,98,99,100,101,102,103,104,105,106,6,107,108,6,6,6,6,6,109,110,111,112,113,114,115,116","0.000406980514526367","walktrap","edit-xhwikibooks.graphml"
"0.01","0.98","0.01","0.885748298281493","1,1,1,7,8,9,10,3,11,12,13,14,2,2,2,15,16,17,18,19,20,21,22,3,4,4,4,23,24,25,26,27,28,29,5,5,30,31,32,33,34,35,36,37,38,39,40,41,42,43,44,45,46,47,48,49,50,51,52,53,54,55,56,57,58,59,60,61,62,63,64,65,66,67,68,69,70,71,72,73,74,75,76,77,78,79,80,81,82,83,84,85,86,87,88,89,90,91,92,93,94,95,96,97,98,99,100,101,102,103,104,105,106,6,107,108,6,6,6,6,6,109,110,111,112,113,114,115,116","0.00041508674621582","walktrap","edit-xhwikibooks.graphml"
"0","0.99","0.01","0.75792950925226","1,1,1,1,1,6,7,1,8,9,10,11,2,2,2,12,13,14,15,16,1,1,17,1,3,3,3,18,1,19,20,21,22,23,4,4,24,25,26,27,28,29,30,31,32,33,34,35,36,37,38,39,40,41,42,43,44,45,46,47,48,49,50,51,52,53,54,55,56,57,58,59,60,61,62,63,64,65,66,67,68,69,70,71,72,73,74,75,76,77,78,79,80,81,82,83,84,85,86,87,88,89,90,91,92,93,94,95,96,97,98,99,100,5,101,102,5,5,5,5,5,103,104,105,106,107,108,109,110","0.000422000885009766","walktrap","edit-xhwikibooks.graphml"
"0.98","0","0.02","0.718359452489585","2,1,2,2,2,1,2,1,1,4,2,2,1,1,1,3,4,5,2,2,7,8,1,1,1,1,1,3,1,4,5,2,10,2,6,6,9,1,7,7,7,7,8,8,8,8,7,8,8,8,7,7,7,7,7,8,8,8,8,7,1,7,7,1,1,7,7,7,7,7,8,7,1,1,7,7,7,7,7,7,7,1,3,3,3,1,7,7,7,7,4,5,2,7,7,7,3,7,7,7,7,7,7,7,7,7,7,10,10,2,7,7,7,6,6,6,6,6,6,6,6,9,9,9,9,9,9,9,9","0.000953197479248047","walktrap","edit-xhwikibooks.graphml"
"0.97","0.01","0.02","0.718359452489585","2,1,2,2,2,1,2,1,1,4,2,2,1,1,1,3,4,5,2,2,7,8,1,1,1,1,1,3,1,4,5,2,10,2,6,6,9,1,7,7,7,7,8,8,8,8,7,8,8,8,7,7,7,7,7,8,8,8,8,7,1,7,7,1,1,7,7,7,7,7,8,7,1,1,7,7,7,7,7,7,7,1,3,3,3,1,7,7,7,7,4,5,2,7,7,7,3,7,7,7,7,7,7,7,7,7,7,10,10,2,7,7,7,6,6,6,6,6,6,6,6,9,9,9,9,9,9,9,9","0.000944137573242188","walktrap","edit-xhwikibooks.graphml"
"0.96","0.02","0.02","0.718359452489585","2,1,2,2,2,1,2,1,1,4,2,2,1,1,1,3,4,5,2,2,7,8,1,1,1,1,1,3,1,4,5,2,10,2,6,6,9,1,7,7,7,7,8,8,8,8,7,8,8,8,7,7,7,7,7,8,8,8,8,7,1,7,7,1,1,7,7,7,7,7,8,7,1,1,7,7,7,7,7,7,7,1,3,3,3,1,7,7,7,7,4,5,2,7,7,7,3,7,7,7,7,7,7,7,7,7,7,10,10,2,7,7,7,6,6,6,6,6,6,6,6,9,9,9,9,9,9,9,9","0.000914096832275391","walktrap","edit-xhwikibooks.graphml"
"0.95","0.03","0.02","0.722068304118493","1,1,1,1,1,2,1,2,2,4,1,1,2,2,2,3,4,1,1,1,6,7,2,2,2,2,2,3,1,4,1,1,9,1,5,5,8,2,6,6,6,6,7,7,7,7,6,7,7,7,6,6,6,6,6,7,7,7,7,6,10,6,6,2,2,6,6,6,6,6,7,6,2,2,6,6,6,6,6,6,6,2,3,3,3,11,6,6,6,6,12,13,14,6,6,6,3,6,6,6,6,6,6,6,6,6,6,9,9,1,6,6,6,5,5,5,5,5,5,5,5,8,8,8,8,8,8,8,8","0.000908851623535156","walktrap","edit-xhwikibooks.graphml"
"0.94","0.04","0.02","0.722068304118493","1,1,1,1,1,2,1,2,2,4,1,1,2,2,2,3,4,1,1,1,6,7,2,2,2,2,2,3,1,4,1,1,9,1,5,5,8,2,6,6,6,6,7,7,7,7,6,7,7,7,6,6,6,6,6,7,7,7,7,6,10,6,6,2,2,6,6,6,6,6,7,6,2,2,6,6,6,6,6,6,6,2,3,3,3,11,6,6,6,6,12,13,14,6,6,6,3,6,6,6,6,6,6,6,6,6,6,9,9,1,6,6,6,5,5,5,5,5,5,5,5,8,8,8,8,8,8,8,8","0.000916957855224609","walktrap","edit-xhwikibooks.graphml"
"0.93","0.05","0.02","0.704376220703125","1,1,1,1,2,1,2,1,1,1,2,2,1,1,1,1,9,2,2,8,4,5,1,1,1,1,1,7,1,10,11,2,8,8,3,3,6,1,4,4,4,4,5,5,5,5,4,5,5,5,4,4,4,4,4,5,5,5,5,4,12,4,4,13,14,4,4,4,4,4,5,4,1,1,4,4,4,4,4,4,4,15,7,7,7,16,4,4,4,4,17,18,19,4,4,4,20,4,4,4,4,4,4,4,4,4,4,21,22,4,4,4,4,3,3,3,3,3,3,3,3,6,6,6,6,6,6,6,6","0.000900983810424805","walktrap","edit-xhwikibooks.graphml"
"0.92","0.06","0.02","0.704376220703125","1,1,1,1,2,1,2,1,1,1,2,2,1,1,1,1,9,2,2,8,4,5,1,1,1,1,1,7,1,10,11,2,8,8,3,3,6,1,4,4,4,4,5,5,5,5,4,5,5,5,4,4,4,4,4,5,5,5,5,4,12,4,4,13,14,4,4,4,4,4,5,4,1,1,4,4,4,4,4,4,4,15,7,7,7,16,4,4,4,4,17,18,19,4,4,4,20,4,4,4,4,4,4,4,4,4,4,21,22,4,4,4,4,3,3,3,3,3,3,3,3,6,6,6,6,6,6,6,6","0.00090789794921875","walktrap","edit-xhwikibooks.graphml"
"0.91","0.07","0.02","0.65882797731569","2,2,2,3,7,3,1,3,3,3,1,8,3,3,3,3,9,10,1,6,2,4,11,3,3,3,3,3,2,12,13,14,6,15,1,1,5,3,2,2,2,2,4,4,4,4,2,4,4,4,2,2,2,2,2,4,4,4,4,2,16,2,2,17,18,2,2,2,2,2,4,2,19,20,2,2,2,2,2,2,2,21,22,23,24,25,2,2,2,2,26,27,28,2,2,2,29,2,2,2,2,2,2,2,2,2,2,30,31,2,2,2,2,1,1,1,1,1,1,1,1,5,5,5,5,5,5,5,5","0.000868082046508789","walktrap","edit-xhwikibooks.graphml"
"0.9","0.08","0.02","0.662455410225921","2,2,2,3,7,3,1,3,3,3,1,8,3,3,3,3,9,10,1,6,2,4,11,3,3,3,3,3,2,12,13,14,6,15,1,1,5,3,2,2,2,2,4,4,4,4,2,4,4,4,2,2,2,2,2,4,4,4,4,2,16,2,2,17,18,2,2,2,2,2,4,2,19,20,2,2,2,2,2,2,2,21,22,23,24,25,2,2,2,2,26,27,28,2,2,2,29,2,2,2,2,2,2,2,2,2,2,30,31,2,2,2,2,1,1,1,1,1,1,1,1,5,5,5,5,5,5,5,5","0.00088191032409668","walktrap","edit-xhwikibooks.graphml"
"0.89","0.09","0.02","0.659779932286858","6,2,6,1,7,1,8,1,1,1,9,10,1,1,1,1,11,12,3,13,2,4,14,1,1,1,1,1,2,15,16,17,18,19,3,3,5,1,2,2,2,2,4,4,4,4,2,4,4,4,2,2,2,2,2,4,4,4,4,2,20,2,2,21,22,2,2,2,2,2,4,2,23,24,2,2,2,2,2,2,2,25,26,27,28,29,2,2,2,2,30,31,32,2,2,2,33,2,2,2,2,2,2,2,2,2,2,34,35,2,2,2,2,3,3,3,3,3,3,3,3,5,5,5,5,5,5,5,5","0.000934839248657227","walktrap","edit-xhwikibooks.graphml"
"0.88","0.1","0.02","0.659779932286858","6,2,6,1,7,1,8,1,1,1,9,10,1,1,1,1,11,12,3,13,2,4,14,1,1,1,1,1,2,15,16,17,18,19,3,3,5,1,2,2,2,2,4,4,4,4,2,4,4,4,2,2,2,2,2,4,4,4,4,2,20,2,2,21,22,2,2,2,2,2,4,2,23,24,2,2,2,2,2,2,2,25,26,27,28,29,2,2,2,2,30,31,32,2,2,2,33,2,2,2,2,2,2,2,2,2,2,34,35,2,2,2,2,3,3,3,3,3,3,3,3,5,5,5,5,5,5,5,5","0.000840902328491211","walktrap","edit-xhwikibooks.graphml"
"0.87","0.11","0.02","0.644263950845888","6,2,6,7,8,1,9,1,1,10,11,12,1,1,1,1,13,14,3,15,2,4,16,1,1,1,1,17,18,19,20,21,22,23,3,3,5,1,2,2,2,2,4,4,4,4,2,4,4,4,2,2,2,2,2,4,4,4,4,2,24,2,2,25,26,2,2,2,2,2,4,2,27,28,2,2,2,2,2,2,2,29,30,31,32,33,2,2,2,2,34,35,36,2,2,2,37,2,2,2,2,2,2,2,2,2,2,38,39,2,2,2,2,3,3,3,3,3,3,3,3,5,5,5,5,5,5,5,5","0.000821828842163086","walktrap","edit-xhwikibooks.graphml"
"0.86","0.12","0.02","0.652098043989936","6,2,6,7,8,1,9,1,1,10,11,12,1,1,1,1,13,14,3,15,2,4,16,1,1,1,1,17,18,19,20,21,22,23,3,3,5,1,2,2,2,2,4,4,4,4,2,4,4,4,2,2,2,2,2,4,4,4,4,2,24,2,2,25,26,2,2,2,2,2,4,2,27,28,2,2,2,2,2,2,2,29,30,31,32,33,2,2,2,2,34,35,36,2,2,2,37,2,2,2,2,2,2,2,2,2,2,38,39,2,2,2,2,3,3,3,3,3,3,3,3,5,5,5,5,5,5,5,5","0.000828981399536133","walktrap","edit-xhwikibooks.graphml"
"0.85","0.13","0.02","0.640223886878209","7,8,7,9,10,3,11,3,1,12,13,14,15,1,1,16,17,18,2,19,4,5,20,1,1,1,1,21,22,23,24,25,26,27,2,2,6,28,4,4,4,4,5,5,5,5,4,5,5,5,4,4,4,4,4,5,5,5,5,4,29,4,4,30,31,4,4,4,4,4,5,4,32,33,4,4,4,4,4,4,4,34,35,36,37,38,4,4,4,4,39,40,41,4,4,4,42,4,4,4,4,4,4,4,4,4,4,43,44,4,4,4,4,2,2,2,2,2,2,2,2,6,6,6,6,6,6,6,6","0.000828027725219727","walktrap","edit-xhwikibooks.graphml"
"0.84","0.14","0.02","0.640223886878209","7,8,7,9,10,3,11,3,1,12,13,14,15,1,1,16,17,18,2,19,4,5,20,1,1,1,1,21,22,23,24,25,26,27,2,2,6,28,4,4,4,4,5,5,5,5,4,5,5,5,4,4,4,4,4,5,5,5,5,4,29,4,4,30,31,4,4,4,4,4,5,4,32,33,4,4,4,4,4,4,4,34,35,36,37,38,4,4,4,4,39,40,41,4,4,4,42,4,4,4,4,4,4,4,4,4,4,43,44,4,4,4,4,2,2,2,2,2,2,2,2,6,6,6,6,6,6,6,6","0.000900030136108398","walktrap","edit-xhwikibooks.graphml"
"0.83","0.15","0.02","0.6417609739369","6,7,6,8,9,10,11,1,12,13,14,15,16,1,1,17,18,19,2,20,3,4,21,22,1,1,1,23,24,25,26,27,28,29,2,2,5,30,3,3,3,3,4,4,4,4,3,4,4,4,3,3,3,3,3,4,4,4,4,3,31,3,3,32,33,3,3,3,3,3,4,3,34,35,3,3,3,3,3,3,3,36,37,38,39,40,3,3,3,3,41,42,43,3,3,3,44,3,3,3,3,3,3,3,3,3,3,45,46,3,3,3,3,2,2,2,2,2,2,2,2,5,5,5,5,5,5,5,5","0.000741958618164062","walktrap","edit-xhwikibooks.graphml"
"0.82","0.16","0.02","0.645526470835788","6,7,6,8,9,10,11,1,12,13,14,15,16,1,1,17,18,19,2,20,3,4,21,22,1,1,1,23,24,25,26,27,28,29,2,2,5,30,3,3,3,3,4,4,4,4,3,4,4,4,3,3,3,3,3,4,4,4,4,3,31,3,3,32,33,3,3,3,3,3,4,3,34,35,3,3,3,3,3,3,3,36,37,38,39,40,3,3,3,3,41,42,43,3,3,3,44,3,3,3,3,3,3,3,3,3,3,45,46,3,3,3,3,2,2,2,2,2,2,2,2,5,5,5,5,5,5,5,5","0.000765085220336914","walktrap","edit-xhwikibooks.graphml"
"0.81","0.17","0.02","0.574344023323615","5,2,5,6,7,8,9,10,11,12,13,14,15,1,1,16,17,18,3,19,2,4,20,21,1,1,1,22,23,24,25,26,27,28,3,3,1,29,2,2,2,2,4,4,4,4,2,4,4,4,2,2,2,2,2,4,4,4,4,2,30,2,2,31,32,2,2,2,2,2,4,2,33,34,2,2,2,2,2,2,2,35,36,37,38,39,2,2,2,2,40,41,42,2,2,2,43,2,2,2,2,2,2,2,2,2,2,44,45,2,2,2,2,3,46,47,3,3,3,3,3,48,49,50,51,52,53,54,55","0.000790834426879883","walktrap","edit-xhwikibooks.graphml"
"0.8","0.18","0.02","0.574344023323615","5,2,5,6,7,8,9,10,11,12,13,14,15,1,1,16,17,18,3,19,2,4,20,21,1,1,1,22,23,24,25,26,27,28,3,3,1,29,2,2,2,2,4,4,4,4,2,4,4,4,2,2,2,2,2,4,4,4,4,2,30,2,2,31,32,2,2,2,2,2,4,2,33,34,2,2,2,2,2,2,2,35,36,37,38,39,2,2,2,2,40,41,42,2,2,2,43,2,2,2,2,2,2,2,2,2,2,44,45,2,2,2,2,3,46,47,3,3,3,3,3,48,49,50,51,52,53,54,55","0.000782966613769531","walktrap","edit-xhwikibooks.graphml"
"0.79","0.19","0.02","0.563827571845065","5,2,5,6,7,8,9,10,11,12,13,14,15,16,1,17,18,19,3,20,2,4,21,22,1,1,1,23,24,25,26,27,28,29,3,3,1,30,2,2,2,2,4,4,4,4,2,4,4,4,2,2,2,2,2,4,4,4,4,2,31,2,2,32,33,2,2,2,2,2,4,2,34,35,2,2,2,2,2,2,2,36,37,38,39,40,2,2,2,2,41,42,43,2,2,2,44,2,2,2,2,2,2,2,2,2,2,45,46,2,2,2,2,3,47,48,3,3,3,3,3,49,50,51,52,53,54,55,56","0.000781059265136719","walktrap","edit-xhwikibooks.graphml"
"0.78","0.2","0.02","0.576806195471032","5,2,5,6,7,8,9,10,11,12,13,14,15,16,1,17,18,19,3,20,2,4,21,22,1,1,1,23,24,25,26,27,28,29,3,3,1,30,2,2,2,2,4,4,4,4,2,4,4,4,2,2,2,2,2,4,4,4,4,2,31,2,2,32,33,2,2,2,2,2,4,2,34,35,2,2,2,2,2,2,2,36,37,38,39,40,2,2,2,2,41,42,43,2,2,2,44,2,2,2,2,2,2,2,2,2,2,45,46,2,2,2,2,3,47,48,3,3,3,3,3,49,50,51,52,53,54,55,56","0.000794172286987305","walktrap","edit-xhwikibooks.graphml"
"0.77","0.21","0.02","0.572747678808285","4,6,4,7,8,9,10,11,12,13,14,15,16,17,1,18,19,20,21,22,2,3,23,24,25,1,26,27,28,29,30,31,32,33,5,5,1,34,2,2,2,2,3,3,3,3,2,3,3,3,2,2,2,2,2,3,3,3,3,2,35,2,2,36,37,2,2,2,2,2,3,2,38,39,2,2,2,2,2,2,2,40,41,42,43,44,2,2,2,2,45,46,47,2,2,2,48,2,2,2,2,2,2,2,2,2,2,49,50,2,2,2,2,5,51,52,5,5,5,5,5,53,54,55,56,57,58,59,60","0.000787019729614258","walktrap","edit-xhwikibooks.graphml"
"0.76","0.22","0.02","0.572747678808285","4,6,4,7,8,9,10,11,12,13,14,15,16,17,1,18,19,20,21,22,2,3,23,24,25,1,26,27,28,29,30,31,32,33,5,5,1,34,2,2,2,2,3,3,3,3,2,3,3,3,2,2,2,2,2,3,3,3,3,2,35,2,2,36,37,2,2,2,2,2,3,2,38,39,2,2,2,2,2,2,2,40,41,42,43,44,2,2,2,2,45,46,47,2,2,2,48,2,2,2,2,2,2,2,2,2,2,49,50,2,2,2,2,5,51,52,5,5,5,5,5,53,54,55,56,57,58,59,60","0.000772953033447266","walktrap","edit-xhwikibooks.graphml"
"0.75","0.23","0.02","0.550779335359279","4,2,4,5,6,7,8,9,10,11,12,13,14,15,1,16,17,18,19,20,2,3,21,22,23,24,25,26,27,28,29,30,31,32,1,1,1,33,2,2,2,2,3,3,3,3,2,3,3,3,2,2,2,2,2,3,3,3,3,2,34,2,2,35,36,2,2,2,2,2,3,2,37,38,2,2,2,2,2,2,2,39,40,41,42,43,2,2,2,2,44,45,46,2,2,2,47,2,2,2,2,2,2,2,2,2,2,48,49,2,2,2,2,1,50,51,1,1,1,1,1,52,53,54,55,56,57,58,59","0.000818014144897461","walktrap","edit-xhwikibooks.graphml"
"0.74","0.24","0.02","0.556468665897732","4,2,4,5,6,7,8,9,10,11,12,13,14,15,1,16,17,18,19,20,2,3,21,22,23,24,25,26,27,28,29,30,31,32,1,1,1,33,2,2,2,2,3,3,3,3,2,3,3,3,2,2,2,2,2,3,3,3,3,2,34,2,2,35,36,2,2,2,2,2,3,2,37,38,2,2,2,2,2,2,2,39,40,41,42,43,2,2,2,2,44,45,46,2,2,2,47,2,2,2,2,2,2,2,2,2,2,48,49,2,2,2,2,1,50,51,1,1,1,1,1,52,53,54,55,56,57,58,59","0.000753879547119141","walktrap","edit-xhwikibooks.graphml"
"0.73","0.25","0.02","0.495243757431629","1,1,1,5,6,7,8,9,10,11,12,13,14,15,3,16,17,18,19,20,4,1,21,22,23,24,25,26,27,28,29,30,31,32,2,2,3,33,4,4,4,4,34,35,36,37,4,38,39,40,4,4,4,4,4,41,42,43,44,4,45,4,4,46,47,4,4,4,4,4,48,4,49,50,4,4,4,4,4,4,4,51,52,53,54,55,4,4,4,4,56,57,58,4,4,4,59,4,4,4,4,4,4,4,4,4,4,60,61,4,4,4,4,2,62,63,2,2,2,2,2,64,65,66,67,68,69,70,71","0.000697135925292969","walktrap","edit-xhwikibooks.graphml"
"0.72","0.26","0.02","0.495243757431629","1,1,1,5,6,7,8,9,10,11,12,13,14,15,3,16,17,18,19,20,4,1,21,22,23,24,25,26,27,28,29,30,31,32,2,2,3,33,4,4,4,4,34,35,36,37,4,38,39,40,4,4,4,4,4,41,42,43,44,4,45,4,4,46,47,4,4,4,4,4,48,4,49,50,4,4,4,4,4,4,4,51,52,53,54,55,4,4,4,4,56,57,58,4,4,4,59,4,4,4,4,4,4,4,4,4,4,60,61,4,4,4,4,2,62,63,2,2,2,2,2,64,65,66,67,68,69,70,71","0.000703811645507812","walktrap","edit-xhwikibooks.graphml"
"0.71","0.27","0.02","0.495243757431629","1,1,1,5,6,7,8,9,10,11,12,13,14,15,3,16,17,18,19,20,4,1,21,22,23,24,25,26,27,28,29,30,31,32,2,2,3,33,4,4,4,4,34,35,36,37,4,38,39,40,4,4,4,4,4,41,42,43,44,4,45,4,4,46,47,4,4,4,4,4,48,4,49,50,4,4,4,4,4,4,4,51,52,53,54,55,4,4,4,4,56,57,58,4,4,4,59,4,4,4,4,4,4,4,4,4,4,60,61,4,4,4,4,2,62,63,2,2,2,2,2,64,65,66,67,68,69,70,71","0.000698089599609375","walktrap","edit-xhwikibooks.graphml"
"0.7","0.28","0.02","0.491025309917355","1,1,1,5,6,7,8,9,10,11,12,13,14,15,3,16,17,18,19,20,4,1,21,22,23,24,25,26,27,28,29,30,31,32,2,2,3,33,4,4,4,4,34,35,36,37,4,38,39,40,4,4,4,4,4,41,42,43,44,4,45,4,4,46,47,4,4,4,4,4,48,4,49,50,4,4,4,4,4,4,4,51,52,53,54,55,4,4,4,4,56,57,58,4,4,4,59,4,4,4,4,4,4,4,4,4,4,60,61,4,4,4,4,2,62,63,2,2,2,2,2,64,65,66,67,68,69,70,71","0.000735044479370117","walktrap","edit-xhwikibooks.graphml"
"0.69","0.29","0.02","0.440629989838874","1,1,1,4,5,6,7,8,9,10,11,12,13,14,15,16,17,18,19,20,3,1,21,22,23,24,25,26,27,28,29,30,31,32,2,2,33,34,3,3,3,3,35,36,37,38,3,39,40,41,3,3,3,3,3,42,43,44,45,3,46,3,3,47,48,3,3,3,3,3,49,3,50,51,3,3,3,3,3,3,3,52,53,54,55,56,3,3,3,3,57,58,59,3,3,3,60,3,3,3,3,3,3,3,3,3,3,61,62,3,3,3,3,63,64,65,66,67,68,69,70,71,72,73,74,75,76,77,78","0.00070500373840332","walktrap","edit-xhwikibooks.graphml"
"0.68","0.3","0.02","0.436437074829932","1,1,1,4,5,6,7,8,9,10,11,12,13,14,15,16,17,18,19,20,3,1,21,22,23,24,25,26,27,28,29,30,31,32,2,2,33,34,3,3,3,3,35,36,37,38,3,39,40,41,3,3,3,3,3,42,43,44,45,3,46,3,3,47,48,3,3,3,3,3,49,3,50,51,3,3,3,3,3,3,3,52,53,54,55,56,3,3,3,3,57,58,59,3,3,3,60,3,3,3,3,3,3,3,3,3,3,61,62,3,3,3,3,63,64,65,66,67,68,69,70,71,72,73,74,75,76,77,78","0.000684022903442383","walktrap","edit-xhwikibooks.graphml"
"0.67","0.31","0.02","0.446989619377163","1,1,1,4,5,6,7,8,9,10,11,12,13,14,15,16,17,18,19,20,3,1,21,22,23,24,25,26,27,28,29,30,31,32,2,2,33,34,3,3,3,3,35,36,37,38,3,39,40,41,3,3,3,3,3,42,43,44,45,3,46,3,3,47,48,3,3,3,3,3,49,3,50,51,3,3,3,3,3,3,3,52,53,54,55,56,3,3,3,3,57,58,59,3,3,3,60,3,3,3,3,3,3,3,3,3,3,61,62,3,3,3,3,63,64,65,66,67,68,69,70,71,72,73,74,75,76,77,78","0.00067591667175293","walktrap","edit-xhwikibooks.graphml"
"0.66","0.32","0.02","0.442874526771228","1,1,1,4,5,6,7,8,9,10,11,12,13,14,15,16,17,18,19,20,3,1,21,22,23,24,25,26,27,28,29,30,31,32,2,2,33,34,3,3,3,3,35,36,37,38,3,39,40,41,3,3,3,3,3,42,43,44,45,3,46,3,3,47,48,3,3,3,3,3,49,3,50,51,3,3,3,3,3,3,3,52,53,54,55,56,3,3,3,3,57,58,59,3,3,3,60,3,3,3,3,3,3,3,3,3,3,61,62,3,3,3,3,63,64,65,66,67,68,69,70,71,72,73,74,75,76,77,78","0.000700950622558594","walktrap","edit-xhwikibooks.graphml"
"0.65","0.33","0.02","0.44882368848026","1,1,1,4,5,6,7,8,9,10,11,12,13,14,15,16,17,18,19,20,3,21,22,23,24,25,26,27,28,29,30,31,32,33,2,2,34,35,3,3,3,3,36,37,38,39,3,40,41,42,3,3,3,3,3,43,44,45,46,3,47,3,3,48,49,3,3,3,3,3,50,3,51,52,3,3,3,3,3,3,3,53,54,55,56,57,3,3,3,3,58,59,60,3,3,3,61,3,3,3,3,3,3,3,3,3,3,62,63,3,3,3,3,64,65,66,67,68,69,70,71,72,73,74,75,76,77,78,79","0.000679969787597656","walktrap","edit-xhwikibooks.graphml"
"0.64","0.34","0.02","0.581658660915597","1,1,1,5,6,7,8,9,10,11,12,13,14,2,2,15,16,17,18,19,3,20,21,22,23,24,25,26,27,28,29,30,31,32,4,4,33,34,3,3,3,3,35,36,37,38,3,39,40,41,3,3,3,3,3,42,43,44,45,3,46,3,3,47,48,3,3,3,3,3,49,3,50,51,3,3,3,3,3,3,3,52,53,54,55,56,3,3,3,3,57,58,59,3,3,3,60,3,3,3,3,3,3,3,3,3,3,61,62,3,3,3,3,63,64,65,66,67,68,69,70,71,72,73,74,75,76,77,78","0.000673055648803711","walktrap","edit-xhwikibooks.graphml"
"0.63","0.35","0.02","0.581658660915597","1,1,1,5,6,7,8,9,10,11,12,13,14,2,2,15,16,17,18,19,3,20,21,22,23,24,25,26,27,28,29,30,31,32,4,4,33,34,3,3,3,3,35,36,37,38,3,39,40,41,3,3,3,3,3,42,43,44,45,3,46,3,3,47,48,3,3,3,3,3,49,3,50,51,3,3,3,3,3,3,3,52,53,54,55,56,3,3,3,3,57,58,59,3,3,3,60,3,3,3,3,3,3,3,3,3,3,61,62,3,3,3,3,63,64,65,66,67,68,69,70,71,72,73,74,75,76,77,78","0.000671863555908203","walktrap","edit-xhwikibooks.graphml"
"0.62","0.36","0.02","0.57742214532872","1,1,1,5,6,7,8,9,10,11,12,13,14,2,2,15,16,17,18,19,3,20,21,22,23,24,25,26,27,28,29,30,31,32,4,4,33,34,3,3,3,3,35,36,37,38,3,39,40,41,3,3,3,3,3,42,43,44,45,3,46,3,3,47,48,3,3,3,3,3,49,3,50,51,3,3,3,3,3,3,3,52,53,54,55,56,3,3,3,3,57,58,59,3,3,3,60,3,3,3,3,3,3,3,3,3,3,61,62,3,3,3,3,63,64,65,66,67,68,69,70,71,72,73,74,75,76,77,78","0.00069117546081543","walktrap","edit-xhwikibooks.graphml"
"0.61","0.37","0.02","0.57742214532872","1,1,1,5,6,7,8,9,10,11,12,13,14,2,2,15,16,17,18,19,3,20,21,22,23,24,25,26,27,28,29,30,31,32,4,4,33,34,3,3,3,3,35,36,37,38,3,39,40,41,3,3,3,3,3,42,43,44,45,3,46,3,3,47,48,3,3,3,3,3,49,3,50,51,3,3,3,3,3,3,3,52,53,54,55,56,3,3,3,3,57,58,59,3,3,3,60,3,3,3,3,3,3,3,3,3,3,61,62,3,3,3,3,63,64,65,66,67,68,69,70,71,72,73,74,75,76,77,78","0.000685930252075195","walktrap","edit-xhwikibooks.graphml"
"0.6","0.38","0.02","0.573239702139693","1,1,1,5,6,7,8,9,10,11,12,13,14,2,2,15,16,17,18,19,3,20,21,22,23,24,25,26,27,28,29,30,31,32,4,4,33,34,3,3,3,3,35,36,37,38,3,39,40,41,3,3,3,3,3,42,43,44,45,3,46,3,3,47,48,3,3,3,3,3,49,3,50,51,3,3,3,3,3,3,3,52,53,54,55,56,3,3,3,3,57,58,59,3,3,3,60,3,3,3,3,3,3,3,3,3,3,61,62,3,3,3,3,63,64,65,66,67,68,69,70,71,72,73,74,75,76,77,78","0.000685930252075195","walktrap","edit-xhwikibooks.graphml"
"0.59","0.39","0.02","0.580482618343195","1,1,1,5,6,7,8,9,10,11,12,13,14,2,2,15,16,17,18,19,3,20,21,22,23,24,25,26,27,28,29,30,31,32,4,4,33,34,3,3,3,3,35,36,37,38,3,39,40,41,3,3,3,3,3,42,43,44,45,3,46,3,3,47,48,3,3,3,3,3,49,3,50,51,3,3,3,3,3,3,3,52,53,54,55,56,3,3,3,3,57,58,59,3,3,3,60,3,3,3,3,3,3,3,3,3,3,61,62,3,3,3,3,63,64,65,66,67,68,69,70,71,72,73,74,75,76,77,78","0.00069880485534668","walktrap","edit-xhwikibooks.graphml"
"0.58","0.4","0.02","0.597265089163237","1,1,1,5,6,7,8,9,10,11,12,13,14,2,2,15,16,17,18,19,3,20,21,22,23,24,25,26,27,28,29,30,31,32,4,4,33,34,3,3,3,3,35,36,37,38,3,39,40,41,3,3,3,3,3,42,43,44,45,3,46,3,3,47,48,3,3,3,3,3,49,3,50,51,3,3,3,3,3,3,3,52,53,54,55,56,3,3,3,3,57,58,59,3,3,3,60,3,3,3,3,3,3,3,3,3,3,61,62,3,3,3,3,63,64,65,66,67,68,69,70,71,72,73,74,75,76,77,78","0.000771045684814453","walktrap","edit-xhwikibooks.graphml"
"0.57","0.41","0.02","0.597265089163237","1,1,1,5,6,7,8,9,10,11,12,13,14,2,2,15,16,17,18,19,3,20,21,22,23,24,25,26,27,28,29,30,31,32,4,4,33,34,3,3,3,3,35,36,37,38,3,39,40,41,3,3,3,3,3,42,43,44,45,3,46,3,3,47,48,3,3,3,3,3,49,3,50,51,3,3,3,3,3,3,3,52,53,54,55,56,3,3,3,3,57,58,59,3,3,3,60,3,3,3,3,3,3,3,3,3,3,61,62,3,3,3,3,63,64,65,66,67,68,69,70,71,72,73,74,75,76,77,78","0.000668048858642578","walktrap","edit-xhwikibooks.graphml"
"0.56","0.42","0.02","0.593258143253935","1,1,1,5,6,7,8,9,10,11,12,13,14,2,2,15,16,17,18,19,3,20,21,22,23,24,25,26,27,28,29,30,31,32,4,4,33,34,3,3,3,3,35,36,37,38,3,39,40,41,3,3,3,3,3,42,43,44,45,3,46,3,3,47,48,3,3,3,3,3,49,3,50,51,3,3,3,3,3,3,3,52,53,54,55,56,3,3,3,3,57,58,59,3,3,3,60,3,3,3,3,3,3,3,3,3,3,61,62,3,3,3,3,63,64,65,66,67,68,69,70,71,72,73,74,75,76,77,78","0.000686883926391602","walktrap","edit-xhwikibooks.graphml"
"0.55","0.43","0.02","0.605510916321727","1,1,1,5,6,7,8,9,10,11,12,13,14,2,2,15,16,17,18,19,3,20,21,22,23,24,25,26,27,28,29,30,31,32,4,4,33,34,3,3,3,3,35,36,37,38,3,39,40,41,3,3,3,3,3,42,43,44,45,3,46,3,3,47,48,3,3,3,3,3,49,3,50,51,3,3,3,3,3,3,3,52,53,54,55,56,3,3,3,3,57,58,59,3,3,3,60,3,3,3,3,3,3,3,3,3,3,61,62,3,3,3,3,63,64,65,66,67,68,69,70,71,72,73,74,75,76,77,78","0.000677824020385742","walktrap","edit-xhwikibooks.graphml"
"0.54","0.44","0.02","0.601602359693878","1,1,1,5,6,7,8,9,10,11,12,13,14,2,2,15,16,17,18,19,3,20,21,22,23,24,25,26,27,28,29,30,31,32,4,4,33,34,3,3,3,3,35,36,37,38,3,39,40,41,3,3,3,3,3,42,43,44,45,3,46,3,3,47,48,3,3,3,3,3,49,3,50,51,3,3,3,3,3,3,3,52,53,54,55,56,3,3,3,3,57,58,59,3,3,3,60,3,3,3,3,3,3,3,3,3,3,61,62,3,3,3,3,63,64,65,66,67,68,69,70,71,72,73,74,75,76,77,78","0.000808000564575195","walktrap","edit-xhwikibooks.graphml"
"0.53","0.45","0.02","0.613457987072945","1,1,1,5,6,7,8,9,10,11,12,13,14,2,2,15,16,17,18,19,3,20,21,22,23,24,25,26,27,28,29,30,31,32,4,4,33,34,3,3,3,3,35,36,37,38,3,39,40,41,3,3,3,3,3,42,43,44,45,3,46,3,3,47,48,3,3,3,3,3,49,3,50,51,3,3,3,3,3,3,3,52,53,54,55,56,3,3,3,3,57,58,59,3,3,3,60,3,3,3,3,3,3,3,3,3,3,61,62,3,3,3,3,63,64,65,66,67,68,69,70,71,72,73,74,75,76,77,78","0.000687837600708008","walktrap","edit-xhwikibooks.graphml"
"0.52","0.46","0.02","0.6152274078478","1,1,1,5,6,7,8,9,10,11,12,13,14,2,2,15,16,17,18,19,3,20,21,22,23,24,25,26,27,28,29,30,31,32,4,4,33,34,3,3,3,3,35,36,37,38,3,39,40,41,3,3,3,3,3,42,43,44,45,3,46,3,3,47,48,3,3,3,3,3,49,3,50,51,3,3,3,3,3,3,3,52,53,54,55,56,3,3,3,3,57,58,59,3,3,3,60,3,3,3,3,3,3,3,3,3,3,61,62,3,3,3,3,63,64,65,66,67,68,69,70,71,72,73,74,75,76,77,78","0.000689029693603516","walktrap","edit-xhwikibooks.graphml"
"0.51","0.47","0.02","0.620899992694864","1,1,1,5,6,7,8,9,10,11,12,13,14,2,2,15,16,17,18,19,3,20,21,22,23,24,25,26,27,28,29,30,31,32,4,4,33,34,3,3,3,3,35,36,37,38,3,39,40,41,3,3,3,3,3,42,43,44,45,3,46,3,3,47,48,3,3,3,3,3,49,3,50,51,3,3,3,3,3,3,3,52,53,54,55,56,3,3,3,3,57,58,59,3,3,3,60,3,3,3,3,3,3,3,3,3,3,61,62,3,3,3,3,63,64,65,66,67,68,69,70,71,72,73,74,75,76,77,78","0.000699996948242188","walktrap","edit-xhwikibooks.graphml"
"0.5","0.48","0.02","0.617171789715599","1,1,1,5,6,7,8,9,10,11,12,13,14,2,2,15,16,17,18,19,3,20,21,22,23,24,25,26,27,28,29,30,31,32,4,4,33,34,3,3,3,3,35,36,37,38,3,39,40,41,3,3,3,3,3,42,43,44,45,3,46,3,3,47,48,3,3,3,3,3,49,3,50,51,3,3,3,3,3,3,3,52,53,54,55,56,3,3,3,3,57,58,59,3,3,3,60,3,3,3,3,3,3,3,3,3,3,61,62,3,3,3,3,63,64,65,66,67,68,69,70,71,72,73,74,75,76,77,78","0.000690937042236328","walktrap","edit-xhwikibooks.graphml"
"0.49","0.49","0.02","0.617171789715599","1,1,1,5,6,7,8,9,10,11,12,13,14,2,2,15,16,17,18,19,3,20,21,22,23,24,25,26,27,28,29,30,31,32,4,4,33,34,3,3,3,3,35,36,37,38,3,39,40,41,3,3,3,3,3,42,43,44,45,3,46,3,3,47,48,3,3,3,3,3,49,3,50,51,3,3,3,3,3,3,3,52,53,54,55,56,3,3,3,3,57,58,59,3,3,3,60,3,3,3,3,3,3,3,3,3,3,61,62,3,3,3,3,63,64,65,66,67,68,69,70,71,72,73,74,75,76,77,78","0.000730037689208984","walktrap","edit-xhwikibooks.graphml"
"0.48","0.5","0.02","0.765723211261244","3,3,3,8,9,10,11,4,12,13,14,15,1,1,1,16,17,18,19,20,2,21,22,4,5,5,5,23,24,25,26,27,28,29,6,6,30,31,2,2,2,2,32,33,34,35,2,36,37,38,2,2,2,2,2,39,40,41,42,2,43,2,2,44,45,2,2,2,2,2,46,2,47,48,2,2,2,2,2,2,2,49,50,51,52,53,2,2,2,2,54,55,56,2,2,2,57,2,2,2,2,2,2,2,2,2,2,58,59,2,2,2,2,7,60,61,7,7,7,7,7,62,63,64,65,66,67,68,69","0.000737905502319336","walktrap","edit-xhwikibooks.graphml"
"0.47","0.51","0.02","0.765723211261244","3,3,3,8,9,10,11,4,12,13,14,15,1,1,1,16,17,18,19,20,2,21,22,4,5,5,5,23,24,25,26,27,28,29,6,6,30,31,2,2,2,2,32,33,34,35,2,36,37,38,2,2,2,2,2,39,40,41,42,2,43,2,2,44,45,2,2,2,2,2,46,2,47,48,2,2,2,2,2,2,2,49,50,51,52,53,2,2,2,2,54,55,56,2,2,2,57,2,2,2,2,2,2,2,2,2,2,58,59,2,2,2,2,7,60,61,7,7,7,7,7,62,63,64,65,66,67,68,69","0.000724077224731445","walktrap","edit-xhwikibooks.graphml"
"0.46","0.52","0.02","0.765723211261244","3,3,3,8,9,10,11,4,12,13,14,15,1,1,1,16,17,18,19,20,2,21,22,4,5,5,5,23,24,25,26,27,28,29,6,6,30,31,2,2,2,2,32,33,34,35,2,36,37,38,2,2,2,2,2,39,40,41,42,2,43,2,2,44,45,2,2,2,2,2,46,2,47,48,2,2,2,2,2,2,2,49,50,51,52,53,2,2,2,2,54,55,56,2,2,2,57,2,2,2,2,2,2,2,2,2,2,58,59,2,2,2,2,7,60,61,7,7,7,7,7,62,63,64,65,66,67,68,69","0.000699996948242188","walktrap","edit-xhwikibooks.graphml"
"0.45","0.53","0.02","0.763106038072575","3,3,3,8,9,10,11,4,12,13,14,15,1,1,1,16,17,18,19,20,2,21,22,4,5,5,5,23,24,25,26,27,28,29,6,6,30,31,2,2,2,2,32,33,34,35,2,36,37,38,2,2,2,2,2,39,40,41,42,2,43,2,2,44,45,2,2,2,2,2,46,2,47,48,2,2,2,2,2,2,2,49,50,51,52,53,2,2,2,2,54,55,56,2,2,2,57,2,2,2,2,2,2,2,2,2,2,58,59,2,2,2,2,7,60,61,7,7,7,7,7,62,63,64,65,66,67,68,69","0.0007171630859375","walktrap","edit-xhwikibooks.graphml"
"0.44","0.54","0.02","0.765454545454545","3,3,3,8,9,10,11,4,12,13,14,15,1,1,1,16,17,18,19,20,2,21,22,4,5,5,5,23,24,25,26,27,28,29,6,6,30,31,2,2,2,2,32,33,34,35,2,36,37,38,2,2,2,2,2,39,40,41,42,2,43,2,2,44,45,2,2,2,2,2,46,2,47,48,2,2,2,2,2,2,2,49,50,51,52,53,2,2,2,2,54,55,56,2,2,2,57,2,2,2,2,2,2,2,2,2,2,58,59,2,2,2,2,7,60,61,7,7,7,7,7,62,63,64,65,66,67,68,69","0.000695943832397461","walktrap","edit-xhwikibooks.graphml"
"0.43","0.55","0.02","0.762864711859485","3,3,3,8,9,10,11,4,12,13,14,15,1,1,1,16,17,18,19,20,2,21,22,4,5,5,5,23,24,25,26,27,28,29,6,6,30,31,2,2,2,2,32,33,34,35,2,36,37,38,2,2,2,2,2,39,40,41,42,2,43,2,2,44,45,2,2,2,2,2,46,2,47,48,2,2,2,2,2,2,2,49,50,51,52,53,2,2,2,2,54,55,56,2,2,2,57,2,2,2,2,2,2,2,2,2,2,58,59,2,2,2,2,7,60,61,7,7,7,7,7,62,63,64,65,66,67,68,69","0.000750064849853516","walktrap","edit-xhwikibooks.graphml"
"0.42","0.56","0.02","0.76734339569161","3,3,3,8,9,10,11,4,12,13,14,15,1,1,1,16,17,18,19,20,2,21,22,4,5,5,5,23,24,25,26,27,28,29,6,6,30,31,2,2,2,2,32,33,34,35,2,36,37,38,2,2,2,2,2,39,40,41,42,2,43,2,2,44,45,2,2,2,2,2,46,2,47,48,2,2,2,2,2,2,2,49,50,51,52,53,2,2,2,2,54,55,56,2,2,2,57,2,2,2,2,2,2,2,2,2,2,58,59,2,2,2,2,7,60,61,7,7,7,7,7,62,63,64,65,66,67,68,69","0.000773906707763672","walktrap","edit-xhwikibooks.graphml"
"0.41","0.57","0.02","0.764801652603201","3,3,3,8,9,10,11,4,12,13,14,15,1,1,1,16,17,18,19,20,2,21,22,4,5,5,5,23,24,25,26,27,28,29,6,6,30,31,2,2,2,2,32,33,34,35,2,36,37,38,2,2,2,2,2,39,40,41,42,2,43,2,2,44,45,2,2,2,2,2,46,2,47,48,2,2,2,2,2,2,2,49,50,51,52,53,2,2,2,2,54,55,56,2,2,2,57,2,2,2,2,2,2,2,2,2,2,58,59,2,2,2,2,7,60,61,7,7,7,7,7,62,63,64,65,66,67,68,69","0.000718116760253906","walktrap","edit-xhwikibooks.graphml"
"0.4","0.58","0.02","0.768834855169112","3,3,3,8,9,10,11,4,12,13,14,15,1,1,1,16,17,18,19,20,2,21,22,4,5,5,5,23,24,25,26,27,28,29,6,6,30,31,2,2,2,2,32,33,34,35,2,36,37,38,2,2,2,2,2,39,40,41,42,2,43,2,2,44,45,2,2,2,2,2,46,2,47,48,2,2,2,2,2,2,2,49,50,51,52,53,2,2,2,2,54,55,56,2,2,2,57,2,2,2,2,2,2,2,2,2,2,58,59,2,2,2,2,7,60,61,7,7,7,7,7,62,63,64,65,66,67,68,69","0.000700950622558594","walktrap","edit-xhwikibooks.graphml"
"0.39","0.59","0.02","0.766343293672257","3,3,3,8,9,10,11,4,12,13,14,15,1,1,1,16,17,18,19,20,2,21,22,4,5,5,5,23,24,25,26,27,28,29,6,6,30,31,2,2,2,2,32,33,34,35,2,36,37,38,2,2,2,2,2,39,40,41,42,2,43,2,2,44,45,2,2,2,2,2,46,2,47,48,2,2,2,2,2,2,2,49,50,51,52,53,2,2,2,2,54,55,56,2,2,2,57,2,2,2,2,2,2,2,2,2,2,58,59,2,2,2,2,7,60,61,7,7,7,7,7,62,63,64,65,66,67,68,69","0.000772953033447266","walktrap","edit-xhwikibooks.graphml"
"0.38","0.6","0.02","0.772881632653061","3,3,3,8,9,10,11,4,12,13,14,15,1,1,1,16,17,18,19,20,2,21,22,4,5,5,5,23,24,25,26,27,28,29,6,6,30,31,2,2,2,2,32,33,34,35,2,36,37,38,2,2,2,2,2,39,40,41,42,2,43,2,2,44,45,2,2,2,2,2,46,2,47,48,2,2,2,2,2,2,2,49,50,51,52,53,2,2,2,2,54,55,56,2,2,2,57,2,2,2,2,2,2,2,2,2,2,58,59,2,2,2,2,7,60,61,7,7,7,7,7,62,63,64,65,66,67,68,69","0.000737905502319336","walktrap","edit-xhwikibooks.graphml"
"0.37","0.61","0.02","0.770451317148762","3,3,3,8,9,10,11,4,12,13,14,15,1,1,1,16,17,18,19,20,2,21,22,4,5,5,5,23,24,25,26,27,28,29,6,6,30,31,2,2,2,2,32,33,34,35,2,36,37,38,2,2,2,2,2,39,40,41,42,2,43,2,2,44,45,2,2,2,2,2,46,2,47,48,2,2,2,2,2,2,2,49,50,51,52,53,2,2,2,2,54,55,56,2,2,2,57,2,2,2,2,2,2,2,2,2,2,58,59,2,2,2,2,7,60,61,7,7,7,7,7,62,63,64,65,66,67,68,69","0.000717878341674805","walktrap","edit-xhwikibooks.graphml"
"0.36","0.62","0.02","0.77252705161352","3,3,3,8,9,10,11,4,12,13,14,15,1,1,1,16,17,18,19,20,2,21,22,4,5,5,5,23,24,25,26,27,28,29,6,6,30,31,2,2,2,2,32,33,34,35,2,36,37,38,2,2,2,2,2,39,40,41,42,2,43,2,2,44,45,2,2,2,2,2,46,2,47,48,2,2,2,2,2,2,2,49,50,51,52,53,2,2,2,2,54,55,56,2,2,2,57,2,2,2,2,2,2,2,2,2,2,58,59,2,2,2,2,7,60,61,7,7,7,7,7,62,63,64,65,66,67,68,69","0.00071406364440918","walktrap","edit-xhwikibooks.graphml"
"0.35","0.63","0.02","0.770120565585154","3,3,3,8,9,10,11,4,12,13,14,15,1,1,1,16,17,18,19,20,2,21,22,4,5,5,5,23,24,25,26,27,28,29,6,6,30,31,2,2,2,2,32,33,34,35,2,36,37,38,2,2,2,2,2,39,40,41,42,2,43,2,2,44,45,2,2,2,2,2,46,2,47,48,2,2,2,2,2,2,2,49,50,51,52,53,2,2,2,2,54,55,56,2,2,2,57,2,2,2,2,2,2,2,2,2,2,58,59,2,2,2,2,7,60,61,7,7,7,7,7,62,63,64,65,66,67,68,69","0.000730991363525391","walktrap","edit-xhwikibooks.graphml"
"0.34","0.64","0.02","0.770120565585154","3,3,3,8,9,10,11,4,12,13,14,15,1,1,1,16,17,18,19,20,2,21,22,4,5,5,5,23,24,25,26,27,28,29,6,6,30,31,2,2,2,2,32,33,34,35,2,36,37,38,2,2,2,2,2,39,40,41,42,2,43,2,2,44,45,2,2,2,2,2,46,2,47,48,2,2,2,2,2,2,2,49,50,51,52,53,2,2,2,2,54,55,56,2,2,2,57,2,2,2,2,2,2,2,2,2,2,58,59,2,2,2,2,7,60,61,7,7,7,7,7,62,63,64,65,66,67,68,69","0.000732898712158203","walktrap","edit-xhwikibooks.graphml"
"0.33","0.65","0.02","0.7677194844106","3,3,3,8,9,10,11,4,12,13,14,15,1,1,1,16,17,18,19,20,2,21,22,4,5,5,5,23,24,25,26,27,28,29,6,6,30,31,2,2,2,2,32,33,34,35,2,36,37,38,2,2,2,2,2,39,40,41,42,2,43,2,2,44,45,2,2,2,2,2,46,2,47,48,2,2,2,2,2,2,2,49,50,51,52,53,2,2,2,2,54,55,56,2,2,2,57,2,2,2,2,2,2,2,2,2,2,58,59,2,2,2,2,7,60,61,7,7,7,7,7,62,63,64,65,66,67,68,69","0.000752925872802734","walktrap","edit-xhwikibooks.graphml"
"0.32","0.66","0.02","0.769706790123457","3,3,3,8,9,10,11,4,12,13,14,15,1,1,1,16,17,18,19,20,2,21,22,4,5,5,5,23,24,25,26,27,28,29,6,6,30,31,2,2,2,2,32,33,34,35,2,36,37,38,2,2,2,2,2,39,40,41,42,2,43,2,2,44,45,2,2,2,2,2,46,2,47,48,2,2,2,2,2,2,2,49,50,51,52,53,2,2,2,2,54,55,56,2,2,2,57,2,2,2,2,2,2,2,2,2,2,58,59,2,2,2,2,7,60,61,7,7,7,7,7,62,63,64,65,66,67,68,69","0.00072789192199707","walktrap","edit-xhwikibooks.graphml"
"0.31","0.67","0.02","0.794806048652202","3,3,3,8,9,10,11,4,12,13,14,15,1,1,1,16,17,18,19,20,2,21,22,4,5,5,5,23,24,25,26,27,28,29,6,6,30,31,2,2,2,2,32,33,34,35,2,36,37,38,2,2,2,2,2,39,40,41,42,2,43,2,2,44,45,2,2,2,2,2,46,2,47,48,2,2,2,2,2,2,2,49,50,51,52,53,2,2,2,2,54,55,56,2,2,2,57,2,2,2,2,2,2,2,2,2,2,58,59,2,2,2,2,7,60,61,7,7,7,7,7,62,63,64,65,66,67,68,69","0.000743865966796875","walktrap","edit-xhwikibooks.graphml"
"0.3","0.68","0.02","0.794806048652202","3,3,3,8,9,10,11,4,12,13,14,15,1,1,1,16,17,18,19,20,2,21,22,4,5,5,5,23,24,25,26,27,28,29,6,6,30,31,2,2,2,2,32,33,34,35,2,36,37,38,2,2,2,2,2,39,40,41,42,2,43,2,2,44,45,2,2,2,2,2,46,2,47,48,2,2,2,2,2,2,2,49,50,51,52,53,2,2,2,2,54,55,56,2,2,2,57,2,2,2,2,2,2,2,2,2,2,58,59,2,2,2,2,7,60,61,7,7,7,7,7,62,63,64,65,66,67,68,69","0.000730037689208984","walktrap","edit-xhwikibooks.graphml"
"0.29","0.69","0.02","0.79265149937526","3,3,3,8,9,10,11,4,12,13,14,15,1,1,1,16,17,18,19,20,2,21,22,4,5,5,5,23,24,25,26,27,28,29,6,6,30,31,2,2,2,2,32,33,34,35,2,36,37,38,2,2,2,2,2,39,40,41,42,2,43,2,2,44,45,2,2,2,2,2,46,2,47,48,2,2,2,2,2,2,2,49,50,51,52,53,2,2,2,2,54,55,56,2,2,2,57,2,2,2,2,2,2,2,2,2,2,58,59,2,2,2,2,7,60,61,7,7,7,7,7,62,63,64,65,66,67,68,69","0.00084996223449707","walktrap","edit-xhwikibooks.graphml"
"0.28","0.7","0.02","0.794287407560102","3,3,3,8,9,10,11,4,12,13,14,15,1,1,1,16,17,18,19,20,2,21,22,4,5,5,5,23,24,25,26,27,28,29,6,6,30,31,2,2,2,2,32,33,34,35,2,36,37,38,2,2,2,2,2,39,40,41,42,2,43,2,2,44,45,2,2,2,2,2,46,2,47,48,2,2,2,2,2,2,2,49,50,51,52,53,2,2,2,2,54,55,56,2,2,2,57,2,2,2,2,2,2,2,2,2,2,58,59,2,2,2,2,7,60,61,7,7,7,7,7,62,63,64,65,66,67,68,69","0.000869035720825195","walktrap","edit-xhwikibooks.graphml"
"0.27","0.71","0.02","0.792151311090705","3,3,3,8,9,10,11,4,12,13,14,15,1,1,1,16,17,18,19,20,2,21,22,4,5,5,5,23,24,25,26,27,28,29,6,6,30,31,2,2,2,2,32,33,34,35,2,36,37,38,2,2,2,2,2,39,40,41,42,2,43,2,2,44,45,2,2,2,2,2,46,2,47,48,2,2,2,2,2,2,2,49,50,51,52,53,2,2,2,2,54,55,56,2,2,2,57,2,2,2,2,2,2,2,2,2,2,58,59,2,2,2,2,7,60,61,7,7,7,7,7,62,63,64,65,66,67,68,69","0.000894069671630859","walktrap","edit-xhwikibooks.graphml"
"0.26","0.72","0.02","0.7948875","3,3,3,8,9,10,11,4,12,13,14,15,1,1,1,16,17,18,19,20,2,21,22,4,5,5,5,23,24,25,26,27,28,29,6,6,30,31,2,2,2,2,32,33,34,35,2,36,37,38,2,2,2,2,2,39,40,41,42,2,43,2,2,44,45,2,2,2,2,2,46,2,47,48,2,2,2,2,2,2,2,49,50,51,52,53,2,2,2,2,54,55,56,2,2,2,57,2,2,2,2,2,2,2,2,2,2,58,59,2,2,2,2,7,60,61,7,7,7,7,7,62,63,64,65,66,67,68,69","0.000926971435546875","walktrap","edit-xhwikibooks.graphml"
"0.25","0.73","0.02","0.792789782431127","3,3,3,8,9,10,11,4,12,13,14,15,1,1,1,16,17,18,19,20,2,21,22,4,5,5,5,23,24,25,26,27,28,29,6,6,30,31,2,2,2,2,32,33,34,35,2,36,37,38,2,2,2,2,2,39,40,41,42,2,43,2,2,44,45,2,2,2,2,2,46,2,47,48,2,2,2,2,2,2,2,49,50,51,52,53,2,2,2,2,54,55,56,2,2,2,57,2,2,2,2,2,2,2,2,2,2,58,59,2,2,2,2,7,60,61,7,7,7,7,7,62,63,64,65,66,67,68,69","0.000814914703369141","walktrap","edit-xhwikibooks.graphml"
"0.24","0.74","0.02","0.792789782431127","3,3,3,8,9,10,11,4,12,13,14,15,1,1,1,16,17,18,19,20,2,21,22,4,5,5,5,23,24,25,26,27,28,29,6,6,30,31,2,2,2,2,32,33,34,35,2,36,37,38,2,2,2,2,2,39,40,41,42,2,43,2,2,44,45,2,2,2,2,2,46,2,47,48,2,2,2,2,2,2,2,49,50,51,52,53,2,2,2,2,54,55,56,2,2,2,57,2,2,2,2,2,2,2,2,2,2,58,59,2,2,2,2,7,60,61,7,7,7,7,7,62,63,64,65,66,67,68,69","0.000887870788574219","walktrap","edit-xhwikibooks.graphml"
"0.23","0.75","0.02","0.795871505056514","3,3,3,8,9,10,11,4,12,13,14,15,1,1,1,16,17,18,19,20,2,21,22,4,5,5,5,23,24,25,26,27,28,29,6,6,30,31,2,2,2,2,32,33,34,35,2,36,37,38,2,2,2,2,2,39,40,41,42,2,43,2,2,44,45,2,2,2,2,2,46,2,47,48,2,2,2,2,2,2,2,49,50,51,52,53,2,2,2,2,54,55,56,2,2,2,57,2,2,2,2,2,2,2,2,2,2,58,59,2,2,2,2,7,60,61,7,7,7,7,7,62,63,64,65,66,67,68,69","0.000813007354736328","walktrap","edit-xhwikibooks.graphml"
"0.22","0.76","0.02","0.795871505056514","3,3,3,8,9,10,11,4,12,13,14,15,1,1,1,16,17,18,19,20,2,21,22,4,5,5,5,23,24,25,26,27,28,29,6,6,30,31,2,2,2,2,32,33,34,35,2,36,37,38,2,2,2,2,2,39,40,41,42,2,43,2,2,44,45,2,2,2,2,2,46,2,47,48,2,2,2,2,2,2,2,49,50,51,52,53,2,2,2,2,54,55,56,2,2,2,57,2,2,2,2,2,2,2,2,2,2,58,59,2,2,2,2,7,60,61,7,7,7,7,7,62,63,64,65,66,67,68,69","0.000825166702270508","walktrap","edit-xhwikibooks.graphml"
"0.21","0.77","0.02","0.797377226882835","3,3,3,8,9,10,11,4,12,13,14,15,1,1,1,16,17,18,19,20,2,21,22,4,5,5,5,23,24,25,26,27,28,29,6,6,30,31,2,2,2,2,32,33,34,35,2,36,37,38,2,2,2,2,2,39,40,41,42,2,43,2,2,44,45,2,2,2,2,2,46,2,47,48,2,2,2,2,2,2,2,49,50,51,52,53,2,2,2,2,54,55,56,2,2,2,57,2,2,2,2,2,2,2,2,2,2,58,59,2,2,2,2,7,60,61,7,7,7,7,7,62,63,64,65,66,67,68,69","0.000816106796264648","walktrap","edit-xhwikibooks.graphml"
"0.2","0.78","0.02","0.798184565371673","3,3,3,8,9,10,11,4,12,13,14,15,1,1,1,16,17,18,19,20,2,21,22,4,5,5,5,23,24,25,26,27,28,29,6,6,30,31,2,2,2,2,32,33,34,35,2,36,37,38,2,2,2,2,2,39,40,41,42,2,43,2,2,44,45,2,2,2,2,2,46,2,47,48,2,2,2,2,2,2,2,49,50,51,52,53,2,2,2,2,54,55,56,2,2,2,57,2,2,2,2,2,2,2,2,2,2,58,59,2,2,2,2,7,60,61,7,7,7,7,7,62,63,64,65,66,67,68,69","0.000839948654174805","walktrap","edit-xhwikibooks.graphml"
"0.19","0.79","0.02","0.798184565371673","3,3,3,8,9,10,11,4,12,13,14,15,1,1,1,16,17,18,19,20,2,21,22,4,5,5,5,23,24,25,26,27,28,29,6,6,30,31,2,2,2,2,32,33,34,35,2,36,37,38,2,2,2,2,2,39,40,41,42,2,43,2,2,44,45,2,2,2,2,2,46,2,47,48,2,2,2,2,2,2,2,49,50,51,52,53,2,2,2,2,54,55,56,2,2,2,57,2,2,2,2,2,2,2,2,2,2,58,59,2,2,2,2,7,60,61,7,7,7,7,7,62,63,64,65,66,67,68,69","0.000861883163452148","walktrap","edit-xhwikibooks.graphml"
"0.18","0.8","0.02","0.800623773942559","2,2,2,8,9,10,11,4,12,13,14,15,1,1,1,16,17,18,19,20,3,21,22,4,5,5,5,23,24,25,26,27,28,29,6,6,30,31,3,3,3,3,32,33,34,35,3,36,37,38,3,3,3,3,3,39,40,41,42,3,43,3,3,44,45,3,3,3,3,3,46,3,47,48,3,3,3,3,3,3,3,49,50,51,52,53,3,3,3,3,54,55,56,3,3,3,57,3,3,3,3,3,3,3,3,3,3,58,59,3,3,3,3,7,60,61,7,7,7,7,7,62,63,64,65,66,67,68,69","0.000854969024658203","walktrap","edit-xhwikibooks.graphml"
"0.17","0.81","0.02","0.800623773942559","2,2,2,8,9,10,11,4,12,13,14,15,1,1,1,16,17,18,19,20,3,21,22,4,5,5,5,23,24,25,26,27,28,29,6,6,30,31,3,3,3,3,32,33,34,35,3,36,37,38,3,3,3,3,3,39,40,41,42,3,43,3,3,44,45,3,3,3,3,3,46,3,47,48,3,3,3,3,3,3,3,49,50,51,52,53,3,3,3,3,54,55,56,3,3,3,57,3,3,3,3,3,3,3,3,3,3,58,59,3,3,3,3,7,60,61,7,7,7,7,7,62,63,64,65,66,67,68,69","0.000869989395141602","walktrap","edit-xhwikibooks.graphml"
"0.16","0.82","0.02","0.798661455148921","2,2,2,8,9,10,11,4,12,13,14,15,1,1,1,16,17,18,19,20,3,21,22,4,5,5,5,23,24,25,26,27,28,29,6,6,30,31,3,3,3,3,32,33,34,35,3,36,37,38,3,3,3,3,3,39,40,41,42,3,43,3,3,44,45,3,3,3,3,3,46,3,47,48,3,3,3,3,3,3,3,49,50,51,52,53,3,3,3,3,54,55,56,3,3,3,57,3,3,3,3,3,3,3,3,3,3,58,59,3,3,3,3,7,60,61,7,7,7,7,7,62,63,64,65,66,67,68,69","0.000874042510986328","walktrap","edit-xhwikibooks.graphml"
"0.15","0.83","0.02","0.798661455148921","2,2,2,8,9,10,11,4,12,13,14,15,1,1,1,16,17,18,19,20,3,21,22,4,5,5,5,23,24,25,26,27,28,29,6,6,30,31,3,3,3,3,32,33,34,35,3,36,37,38,3,3,3,3,3,39,40,41,42,3,43,3,3,44,45,3,3,3,3,3,46,3,47,48,3,3,3,3,3,3,3,49,50,51,52,53,3,3,3,3,54,55,56,3,3,3,57,3,3,3,3,3,3,3,3,3,3,58,59,3,3,3,3,7,60,61,7,7,7,7,7,62,63,64,65,66,67,68,69","0.000894784927368164","walktrap","edit-xhwikibooks.graphml"
"0.14","0.84","0.02","0.797850222908094","2,2,2,8,9,10,11,4,12,13,14,15,1,1,1,16,17,18,19,20,3,21,22,4,5,5,5,23,24,25,26,27,28,29,6,6,30,31,3,3,3,3,32,33,34,35,3,36,37,38,3,3,3,3,3,39,40,41,42,3,43,3,3,44,45,3,3,3,3,3,46,3,47,48,3,3,3,3,3,3,3,49,50,51,52,53,3,3,3,3,54,55,56,3,3,3,57,3,3,3,3,3,3,3,3,3,3,58,59,3,3,3,3,7,60,61,7,7,7,7,7,62,63,64,65,66,67,68,69","0.000848054885864258","walktrap","edit-xhwikibooks.graphml"
"0.13","0.85","0.02","0.799241861156533","2,2,2,8,9,10,11,4,12,13,14,15,1,1,1,16,17,18,19,20,3,21,22,4,5,5,5,23,24,25,26,27,28,29,6,6,30,31,3,3,3,3,32,33,34,35,3,36,37,38,3,3,3,3,3,39,40,41,42,3,43,3,3,44,45,3,3,3,3,3,46,3,47,48,3,3,3,3,3,3,3,49,50,51,52,53,3,3,3,3,54,55,56,3,3,3,57,3,3,3,3,3,3,3,3,3,3,58,59,3,3,3,3,7,60,61,7,7,7,7,7,62,63,64,65,66,67,68,69","0.000833988189697266","walktrap","edit-xhwikibooks.graphml"
"0.12","0.86","0.02","0.799617768595041","2,2,2,8,9,10,11,4,12,13,14,15,1,1,1,16,17,18,19,20,3,21,22,4,5,5,5,23,24,25,26,27,28,29,6,6,30,31,3,3,3,3,32,33,34,35,3,36,37,38,3,3,3,3,3,39,40,41,42,3,43,3,3,44,45,3,3,3,3,3,46,3,47,48,3,3,3,3,3,3,3,49,50,51,52,53,3,3,3,3,54,55,56,3,3,3,57,3,3,3,3,3,3,3,3,3,3,58,59,3,3,3,3,7,60,61,7,7,7,7,7,62,63,64,65,66,67,68,69","0.000982046127319336","walktrap","edit-xhwikibooks.graphml"
"0.11","0.87","0.02","0.799617768595041","2,2,2,8,9,10,11,4,12,13,14,15,1,1,1,16,17,18,19,20,3,21,22,4,5,5,5,23,24,25,26,27,28,29,6,6,30,31,3,3,3,3,32,33,34,35,3,36,37,38,3,3,3,3,3,39,40,41,42,3,43,3,3,44,45,3,3,3,3,3,46,3,47,48,3,3,3,3,3,3,3,49,50,51,52,53,3,3,3,3,54,55,56,3,3,3,57,3,3,3,3,3,3,3,3,3,3,58,59,3,3,3,3,7,60,61,7,7,7,7,7,62,63,64,65,66,67,68,69","0.000854015350341797","walktrap","edit-xhwikibooks.graphml"
"0.1","0.88","0.02","0.79772117688008","2,2,2,8,9,10,11,4,12,13,14,15,1,1,1,16,17,18,19,20,3,21,22,4,5,5,5,23,24,25,26,27,28,29,6,6,30,31,3,3,3,3,32,33,34,35,3,36,37,38,3,3,3,3,3,39,40,41,42,3,43,3,3,44,45,3,3,3,3,3,46,3,47,48,3,3,3,3,3,3,3,49,50,51,52,53,3,3,3,3,54,55,56,3,3,3,57,3,3,3,3,3,3,3,3,3,3,58,59,3,3,3,3,7,60,61,7,7,7,7,7,62,63,64,65,66,67,68,69","0.000835180282592773","walktrap","edit-xhwikibooks.graphml"
"0.09","0.89","0.02","0.800247340585976","2,2,2,8,9,10,11,4,12,13,14,15,1,1,1,16,17,18,19,20,3,21,22,4,5,5,5,23,24,25,26,27,28,29,6,6,30,31,3,3,3,3,32,33,34,35,3,36,37,38,3,3,3,3,3,39,40,41,42,3,43,3,3,44,45,3,3,3,3,3,46,3,47,48,3,3,3,3,3,3,3,49,50,51,52,53,3,3,3,3,54,55,56,3,3,3,57,3,3,3,3,3,3,3,3,3,3,58,59,3,3,3,3,7,60,61,7,7,7,7,7,62,63,64,65,66,67,68,69","0.000821113586425781","walktrap","edit-xhwikibooks.graphml"
"0.08","0.9","0.02","0.798379703443877","2,2,2,8,9,10,11,4,12,13,14,15,1,1,1,16,17,18,19,20,3,21,22,4,5,5,5,23,24,25,26,27,28,29,6,6,30,31,3,3,3,3,32,33,34,35,3,36,37,38,3,3,3,3,3,39,40,41,42,3,43,3,3,44,45,3,3,3,3,3,46,3,47,48,3,3,3,3,3,3,3,49,50,51,52,53,3,3,3,3,54,55,56,3,3,3,57,3,3,3,3,3,3,3,3,3,3,58,59,3,3,3,3,7,60,61,7,7,7,7,7,62,63,64,65,66,67,68,69","0.000812053680419922","walktrap","edit-xhwikibooks.graphml"
"0.07","0.91","0.02","0.798379703443877","2,2,2,8,9,10,11,4,12,13,14,15,1,1,1,16,17,18,19,20,3,21,22,4,5,5,5,23,24,25,26,27,28,29,6,6,30,31,3,3,3,3,32,33,34,35,3,36,37,38,3,3,3,3,3,39,40,41,42,3,43,3,3,44,45,3,3,3,3,3,46,3,47,48,3,3,3,3,3,3,3,49,50,51,52,53,3,3,3,3,54,55,56,3,3,3,57,3,3,3,3,3,3,3,3,3,3,58,59,3,3,3,3,7,60,61,7,7,7,7,7,62,63,64,65,66,67,68,69","0.000826835632324219","walktrap","edit-xhwikibooks.graphml"
"0.06","0.92","0.02","0.796513580246914","2,2,2,8,9,10,11,4,12,13,14,15,1,1,1,16,17,18,19,20,3,21,22,4,5,5,5,23,24,25,26,27,28,29,6,6,30,31,3,3,3,3,32,33,34,35,3,36,37,38,3,3,3,3,3,39,40,41,42,3,43,3,3,44,45,3,3,3,3,3,46,3,47,48,3,3,3,3,3,3,3,49,50,51,52,53,3,3,3,3,54,55,56,3,3,3,57,3,3,3,3,3,3,3,3,3,3,58,59,3,3,3,3,7,60,61,7,7,7,7,7,62,63,64,65,66,67,68,69","0.00082707405090332","walktrap","edit-xhwikibooks.graphml"
"0.05","0.93","0.02","0.797840473020597","2,2,2,8,9,10,11,4,12,13,14,15,1,1,1,16,17,18,19,20,3,21,22,4,5,5,5,23,24,25,26,27,28,29,6,6,30,31,3,3,3,3,32,33,34,35,3,36,37,38,3,3,3,3,3,39,40,41,42,3,43,3,3,44,45,3,3,3,3,3,46,3,47,48,3,3,3,3,3,3,3,49,50,51,52,53,3,3,3,3,54,55,56,3,3,3,57,3,3,3,3,3,3,3,3,3,3,58,59,3,3,3,3,7,60,61,7,7,7,7,7,62,63,64,65,66,67,68,69","0.000835895538330078","walktrap","edit-xhwikibooks.graphml"
"0.04","0.94","0.02","0.795988666576103","2,2,2,8,9,10,11,4,12,13,14,15,1,1,1,16,17,18,19,20,3,21,22,4,5,5,5,23,24,25,26,27,28,29,6,6,30,31,3,3,3,3,32,33,34,35,3,36,37,38,3,3,3,3,3,39,40,41,42,3,43,3,3,44,45,3,3,3,3,3,46,3,47,48,3,3,3,3,3,3,3,49,50,51,52,53,3,3,3,3,54,55,56,3,3,3,57,3,3,3,3,3,3,3,3,3,3,58,59,3,3,3,3,7,60,61,7,7,7,7,7,62,63,64,65,66,67,68,69","0.000836849212646484","walktrap","edit-xhwikibooks.graphml"
"0.03","0.95","0.02","0.853575898171606","1,1,1,7,8,9,10,3,11,12,13,14,2,2,2,15,16,17,18,19,1,20,21,3,4,4,4,22,23,24,25,26,27,28,5,5,29,30,31,32,33,34,35,36,37,38,39,40,41,42,43,44,45,46,47,48,49,50,51,52,53,54,55,56,57,58,59,60,61,62,63,64,65,66,67,68,69,70,71,72,73,74,75,76,77,78,79,80,81,82,83,84,85,86,87,88,89,90,91,92,93,94,95,96,97,98,99,100,101,1,102,103,104,6,105,106,6,6,6,6,6,107,108,109,110,111,112,113,114","0.000572919845581055","walktrap","edit-xhwikibooks.graphml"
"0.02","0.96","0.02","0.849711845680671","1,1,1,7,8,9,10,3,11,12,13,14,2,2,2,15,16,17,18,19,1,20,21,3,4,4,4,22,23,24,25,26,27,28,5,5,29,30,31,32,33,34,35,36,37,38,39,40,41,42,43,44,45,46,47,48,49,50,51,52,53,54,55,56,57,58,59,60,61,62,63,64,65,66,67,68,69,70,71,72,73,74,75,76,77,78,79,80,81,82,83,84,85,86,87,88,89,90,91,92,93,94,95,96,97,98,99,100,101,1,102,103,104,6,105,106,6,6,6,6,6,107,108,109,110,111,112,113,114","0.000552892684936523","walktrap","edit-xhwikibooks.graphml"
"0.01","0.97","0.02","0.855150344161333","1,1,1,7,8,9,10,3,11,12,13,14,2,2,2,15,16,17,18,19,1,20,21,3,4,4,4,22,23,24,25,26,27,28,5,5,29,30,31,32,33,34,35,36,37,38,39,40,41,42,43,44,45,46,47,48,49,50,51,52,53,54,55,56,57,58,59,60,61,62,63,64,65,66,67,68,69,70,71,72,73,74,75,76,77,78,79,80,81,82,83,84,85,86,87,88,89,90,91,92,93,94,95,96,97,98,99,100,101,102,103,104,105,6,106,107,6,6,6,6,6,108,109,110,111,112,113,114,115","0.00055384635925293","walktrap","edit-xhwikibooks.graphml"
"0","0.98","0.02","0.755678670360112","1,1,1,1,1,6,7,1,8,9,10,11,2,2,2,12,13,14,15,16,1,1,17,1,3,3,3,18,1,19,20,21,22,23,4,4,24,25,26,27,28,29,30,31,32,33,34,35,36,37,38,39,40,41,42,43,44,45,46,47,48,49,50,51,52,53,54,55,56,57,58,59,60,61,62,63,64,65,66,67,68,69,70,71,72,73,74,75,76,77,78,79,80,81,82,83,84,85,86,87,88,89,90,91,92,93,94,95,96,97,98,99,100,5,101,102,5,5,5,5,5,103,104,105,106,107,108,109,110","0.000592947006225586","walktrap","edit-xhwikibooks.graphml"
"0.97","0","0.03","0.615324319028023","2,6,2,2,2,1,2,1,1,4,2,2,1,1,1,3,4,5,2,2,6,11,10,1,1,1,1,3,8,4,5,9,13,2,7,7,12,1,6,6,6,6,11,11,11,11,6,11,11,11,6,6,6,6,6,11,11,11,11,6,10,6,6,1,1,6,6,6,6,6,11,6,1,1,6,6,6,6,6,6,6,1,3,3,3,8,6,6,6,6,4,5,9,6,6,6,3,6,6,6,6,6,6,6,6,6,6,13,13,6,6,6,6,7,7,7,7,7,7,7,7,12,12,12,12,12,12,12,12","0.000903844833374023","walktrap","edit-xhwikibooks.graphml"
"0.96","0.01","0.03","0.615324319028023","2,6,2,2,2,1,2,1,1,4,2,2,1,1,1,3,4,5,2,2,6,11,10,1,1,1,1,3,8,4,5,9,13,2,7,7,12,1,6,6,6,6,11,11,11,11,6,11,11,11,6,6,6,6,6,11,11,11,11,6,10,6,6,1,1,6,6,6,6,6,11,6,1,1,6,6,6,6,6,6,6,1,3,3,3,8,6,6,6,6,4,5,9,6,6,6,3,6,6,6,6,6,6,6,6,6,6,13,13,6,6,6,6,7,7,7,7,7,7,7,7,12,12,12,12,12,12,12,12","0.000919818878173828","walktrap","edit-xhwikibooks.graphml"
"0.95","0.02","0.03","0.615324319028023","2,6,2,2,2,1,2,1,1,4,2,2,1,1,1,3,4,5,2,2,6,11,10,1,1,1,1,3,8,4,5,9,13,2,7,7,12,1,6,6,6,6,11,11,11,11,6,11,11,11,6,6,6,6,6,11,11,11,11,6,10,6,6,1,1,6,6,6,6,6,11,6,1,1,6,6,6,6,6,6,6,1,3,3,3,8,6,6,6,6,4,5,9,6,6,6,3,6,6,6,6,6,6,6,6,6,6,13,13,6,6,6,6,7,7,7,7,7,7,7,7,12,12,12,12,12,12,12,12","0.000960111618041992","walktrap","edit-xhwikibooks.graphml"
"0.94","0.03","0.03","0.613462603878116","2,6,2,2,2,1,2,1,1,4,2,2,1,1,1,3,4,5,2,2,6,11,10,1,1,1,1,3,8,4,5,9,13,2,7,7,12,1,6,6,6,6,11,11,11,11,6,11,11,11,6,6,6,6,6,11,11,11,11,6,10,6,6,1,1,6,6,6,6,6,11,6,1,1,6,6,6,6,6,6,6,1,3,3,3,8,6,6,6,6,4,5,9,6,6,6,3,6,6,6,6,6,6,6,6,6,6,13,13,6,6,6,6,7,7,7,7,7,7,7,7,12,12,12,12,12,12,12,12","0.000910043716430664","walktrap","edit-xhwikibooks.graphml"
"0.93","0.04","0.03","0.62254200146092","1,1,1,1,1,2,1,2,2,4,1,1,2,2,2,3,4,1,1,1,6,7,2,2,2,2,2,3,1,4,1,1,9,1,5,5,8,2,6,6,6,6,7,7,7,7,6,7,7,7,6,6,6,6,6,7,7,7,7,6,10,6,6,2,2,6,6,6,6,6,7,6,2,2,6,6,6,6,6,6,6,2,3,3,3,11,6,6,6,6,12,13,14,6,6,6,3,6,6,6,6,6,6,6,6,6,6,9,9,6,6,6,6,5,5,5,5,5,5,5,5,8,8,8,8,8,8,8,8","0.000890970230102539","walktrap","edit-xhwikibooks.graphml"
"0.92","0.05","0.03","0.620635333564574","1,1,1,1,1,2,1,2,2,4,1,1,2,2,2,3,4,1,1,1,6,7,2,2,2,2,2,3,1,4,1,1,9,1,5,5,8,2,6,6,6,6,7,7,7,7,6,7,7,7,6,6,6,6,6,7,7,7,7,6,10,6,6,2,2,6,6,6,6,6,7,6,2,2,6,6,6,6,6,6,6,2,3,3,3,11,6,6,6,6,12,13,14,6,6,6,3,6,6,6,6,6,6,6,6,6,6,9,9,6,6,6,6,5,5,5,5,5,5,5,5,8,8,8,8,8,8,8,8","0.000892877578735352","walktrap","edit-xhwikibooks.graphml"
"0.91","0.06","0.03","0.620635333564574","1,1,1,1,1,2,1,2,2,4,1,1,2,2,2,3,4,1,1,1,6,7,2,2,2,2,2,3,1,4,1,1,9,1,5,5,8,2,6,6,6,6,7,7,7,7,6,7,7,7,6,6,6,6,6,7,7,7,7,6,10,6,6,2,2,6,6,6,6,6,7,6,2,2,6,6,6,6,6,6,6,2,3,3,3,11,6,6,6,6,12,13,14,6,6,6,3,6,6,6,6,6,6,6,6,6,6,9,9,6,6,6,6,5,5,5,5,5,5,5,5,8,8,8,8,8,8,8,8","0.000894069671630859","walktrap","edit-xhwikibooks.graphml"
"0.9","0.07","0.03","0.597960356219477","1,1,1,1,2,1,2,1,1,1,2,2,1,1,1,1,9,2,2,7,8,4,1,1,1,1,1,6,1,10,11,2,7,7,3,3,5,1,8,8,8,8,4,4,4,4,8,4,4,4,8,8,8,8,8,4,4,4,4,8,12,8,8,13,14,8,8,8,8,8,4,8,1,1,8,8,8,8,8,8,8,15,6,6,6,16,8,8,8,8,17,18,19,8,8,8,20,8,8,8,8,8,8,8,8,8,8,21,22,8,8,8,8,3,3,3,3,3,3,3,3,5,5,5,5,5,5,5,5","0.00087285041809082","walktrap","edit-xhwikibooks.graphml"
"0.89","0.08","0.03","0.601360308041914","1,1,1,1,2,1,2,1,1,1,2,2,1,1,1,1,9,2,2,7,8,4,1,1,1,1,1,6,1,10,11,2,7,7,3,3,5,1,8,8,8,8,4,4,4,4,8,4,4,4,8,8,8,8,8,4,4,4,4,8,12,8,8,13,14,8,8,8,8,8,4,8,1,1,8,8,8,8,8,8,8,15,6,6,6,16,8,8,8,8,17,18,19,8,8,8,20,8,8,8,8,8,8,8,8,8,8,21,22,8,8,8,8,3,3,3,3,3,3,3,3,5,5,5,5,5,5,5,5","0.000866174697875977","walktrap","edit-xhwikibooks.graphml"
"0.88","0.09","0.03","0.599372678755345","1,1,1,1,2,1,2,1,1,1,2,2,1,1,1,1,9,2,2,7,8,4,1,1,1,1,1,6,1,10,11,2,7,7,3,3,5,1,8,8,8,8,4,4,4,4,8,4,4,4,8,8,8,8,8,4,4,4,4,8,12,8,8,13,14,8,8,8,8,8,4,8,1,1,8,8,8,8,8,8,8,15,6,6,6,16,8,8,8,8,17,18,19,8,8,8,20,8,8,8,8,8,8,8,8,8,8,21,22,8,8,8,8,3,3,3,3,3,3,3,3,5,5,5,5,5,5,5,5","0.000863075256347656","walktrap","edit-xhwikibooks.graphml"
"0.87","0.1","0.03","0.536198347107438","3,3,3,2,7,2,1,2,2,2,1,8,2,2,2,2,9,10,1,6,3,4,11,2,2,2,2,2,3,12,13,14,6,15,1,1,5,2,3,3,3,3,4,4,4,4,3,4,4,4,3,3,3,3,3,4,4,4,4,3,16,3,3,17,18,3,3,3,3,3,4,3,19,20,3,3,3,3,3,3,3,21,22,23,24,25,3,3,3,3,26,27,28,3,3,3,29,3,3,3,3,3,3,3,3,3,3,30,31,3,3,3,3,1,1,1,1,1,1,1,1,5,5,5,5,5,5,5,5","0.000838041305541992","walktrap","edit-xhwikibooks.graphml"
"0.86","0.11","0.03","0.533967194077515","3,3,3,2,7,2,1,2,2,2,1,8,2,2,2,2,9,10,1,6,3,4,11,2,2,2,2,2,3,12,13,14,6,15,1,1,5,2,3,3,3,3,4,4,4,4,3,4,4,4,3,3,3,3,3,4,4,4,4,3,16,3,3,17,18,3,3,3,3,3,4,3,19,20,3,3,3,3,3,3,3,21,22,23,24,25,3,3,3,3,26,27,28,3,3,3,29,3,3,3,3,3,3,3,3,3,3,30,31,3,3,3,3,1,1,1,1,1,1,1,1,5,5,5,5,5,5,5,5","0.000856876373291016","walktrap","edit-xhwikibooks.graphml"
"0.85","0.12","0.03","0.542800453514739","3,3,3,2,7,2,1,2,2,2,1,8,2,2,2,2,9,10,1,6,3,4,11,2,2,2,2,2,3,12,13,14,6,15,1,1,5,2,3,3,3,3,4,4,4,4,3,4,4,4,3,3,3,3,3,4,4,4,4,3,16,3,3,17,18,3,3,3,3,3,4,3,19,20,3,3,3,3,3,3,3,21,22,23,24,25,3,3,3,3,26,27,28,3,3,3,29,3,3,3,3,3,3,3,3,3,3,30,31,3,3,3,3,1,1,1,1,1,1,1,1,5,5,5,5,5,5,5,5","0.000857830047607422","walktrap","edit-xhwikibooks.graphml"
"0.84","0.13","0.03","0.526854405574104","2,2,2,1,6,1,7,1,1,1,8,9,1,1,1,1,10,11,3,12,2,4,13,1,1,1,1,1,2,14,15,16,17,18,3,3,5,1,2,2,2,2,4,4,4,4,2,4,4,4,2,2,2,2,2,4,4,4,4,2,19,2,2,20,21,2,2,2,2,2,4,2,22,23,2,2,2,2,2,2,2,24,25,26,27,28,2,2,2,2,29,30,31,2,2,2,32,2,2,2,2,2,2,2,2,2,2,33,34,2,2,2,2,3,3,3,3,3,3,3,3,5,5,5,5,5,5,5,5","0.000845193862915039","walktrap","edit-xhwikibooks.graphml"
"0.83","0.14","0.03","0.526854405574104","2,2,2,1,6,1,7,1,1,1,8,9,1,1,1,1,10,11,3,12,2,4,13,1,1,1,1,1,2,14,15,16,17,18,3,3,5,1,2,2,2,2,4,4,4,4,2,4,4,4,2,2,2,2,2,4,4,4,4,2,19,2,2,20,21,2,2,2,2,2,4,2,22,23,2,2,2,2,2,2,2,24,25,26,27,28,2,2,2,2,29,30,31,2,2,2,32,2,2,2,2,2,2,2,2,2,2,33,34,2,2,2,2,3,3,3,3,3,3,3,3,5,5,5,5,5,5,5,5","0.000864028930664062","walktrap","edit-xhwikibooks.graphml"
"0.82","0.15","0.03","0.5329645320542","2,2,2,1,6,1,7,1,1,1,8,9,1,1,1,1,10,11,3,12,2,4,13,1,1,1,1,1,2,14,15,16,17,18,3,3,5,1,2,2,2,2,4,4,4,4,2,4,4,4,2,2,2,2,2,4,4,4,4,2,19,2,2,20,21,2,2,2,2,2,4,2,22,23,2,2,2,2,2,2,2,24,25,26,27,28,2,2,2,2,29,30,31,2,2,2,32,2,2,2,2,2,2,2,2,2,2,33,34,2,2,2,2,3,3,3,3,3,3,3,3,5,5,5,5,5,5,5,5","0.000854969024658203","walktrap","edit-xhwikibooks.graphml"
"0.81","0.16","0.03","0.531770523497918","6,2,6,7,8,1,9,1,1,10,11,12,1,1,1,1,13,14,3,15,2,4,16,1,1,1,1,17,18,19,20,21,22,23,3,3,5,1,2,2,2,2,4,4,4,4,2,4,4,4,2,2,2,2,2,4,4,4,4,2,24,2,2,25,26,2,2,2,2,2,4,2,27,28,2,2,2,2,2,2,2,29,30,31,32,33,2,2,2,2,34,35,36,2,2,2,37,2,2,2,2,2,2,2,2,2,2,38,39,2,2,2,2,3,3,3,3,3,3,3,3,5,5,5,5,5,5,5,5","0.000941038131713867","walktrap","edit-xhwikibooks.graphml"
"0.8","0.17","0.03","0.533695021048048","6,2,6,7,8,1,9,1,1,10,11,12,1,1,1,1,13,14,3,15,2,4,16,1,1,1,1,17,18,19,20,21,22,23,3,3,5,1,2,2,2,2,4,4,4,4,2,4,4,4,2,2,2,2,2,4,4,4,4,2,24,2,2,25,26,2,2,2,2,2,4,2,27,28,2,2,2,2,2,2,2,29,30,31,32,33,2,2,2,2,34,35,36,2,2,2,37,2,2,2,2,2,2,2,2,2,2,38,39,2,2,2,2,3,3,3,3,3,3,3,3,5,5,5,5,5,5,5,5","0.000831842422485352","walktrap","edit-xhwikibooks.graphml"
"0.79","0.18","0.03","0.533695021048048","6,2,6,7,8,1,9,1,1,10,11,12,1,1,1,1,13,14,3,15,2,4,16,1,1,1,1,17,18,19,20,21,22,23,3,3,5,1,2,2,2,2,4,4,4,4,2,4,4,4,2,2,2,2,2,4,4,4,4,2,24,2,2,25,26,2,2,2,2,2,4,2,27,28,2,2,2,2,2,2,2,29,30,31,32,33,2,2,2,2,34,35,36,2,2,2,37,2,2,2,2,2,2,2,2,2,2,38,39,2,2,2,2,3,3,3,3,3,3,3,3,5,5,5,5,5,5,5,5","0.00079798698425293","walktrap","edit-xhwikibooks.graphml"
"0.78","0.19","0.03","0.51786511005354","6,2,6,7,8,1,9,1,1,10,11,12,13,1,1,14,15,16,3,17,2,4,18,1,1,1,1,19,20,21,22,23,24,25,3,3,5,26,2,2,2,2,4,4,4,4,2,4,4,4,2,2,2,2,2,4,4,4,4,2,27,2,2,28,29,2,2,2,2,2,4,2,30,31,2,2,2,2,2,2,2,32,33,34,35,36,2,2,2,2,37,38,39,2,2,2,40,2,2,2,2,2,2,2,2,2,2,41,42,2,2,2,2,3,3,3,3,3,3,3,3,5,5,5,5,5,5,5,5","0.000800848007202148","walktrap","edit-xhwikibooks.graphml"
"0.77","0.2","0.03","0.544121338161999","1,1,1,6,7,1,8,1,1,9,10,11,12,1,1,13,14,15,2,16,5,3,17,1,1,1,1,18,19,20,21,22,23,24,2,2,4,25,5,5,5,5,3,3,3,3,5,3,3,3,5,5,5,5,5,3,3,3,3,5,26,5,5,27,28,5,5,5,5,5,3,5,29,30,5,5,5,5,5,5,5,31,32,33,34,35,5,5,5,5,36,37,38,5,5,5,39,5,5,5,5,5,5,5,5,5,5,40,41,5,5,5,5,2,2,2,2,2,2,2,2,4,4,4,4,4,4,4,4","0.000817060470581055","walktrap","edit-xhwikibooks.graphml"
"0.76","0.21","0.03","0.541950113378685","1,1,1,6,7,1,8,1,1,9,10,11,12,1,1,13,14,15,2,16,5,3,17,1,1,1,1,18,19,20,21,22,23,24,2,2,4,25,5,5,5,5,3,3,3,3,5,3,3,3,5,5,5,5,5,3,3,3,3,5,26,5,5,27,28,5,5,5,5,5,3,5,29,30,5,5,5,5,5,5,5,31,32,33,34,35,5,5,5,5,36,37,38,5,5,5,39,5,5,5,5,5,5,5,5,5,5,40,41,5,5,5,5,2,2,2,2,2,2,2,2,4,4,4,4,4,4,4,4","0.000986814498901367","walktrap","edit-xhwikibooks.graphml"
"0.75","0.22","0.03","0.514054134443783","6,2,6,7,8,9,10,1,11,12,13,14,15,1,1,16,17,18,3,19,2,4,20,21,1,1,1,22,23,24,25,26,27,28,3,3,5,29,2,2,2,2,4,4,4,4,2,4,4,4,2,2,2,2,2,4,4,4,4,2,30,2,2,31,32,2,2,2,2,2,4,2,33,34,2,2,2,2,2,2,2,35,36,37,38,39,2,2,2,2,40,41,42,2,2,2,43,2,2,2,2,2,2,2,2,2,2,44,45,2,2,2,2,3,3,3,3,3,3,3,3,5,5,5,5,5,5,5,5","0.00094294548034668","walktrap","edit-xhwikibooks.graphml"
"0.74","0.23","0.03","0.521065653124888","6,2,6,7,8,9,10,1,11,12,13,14,15,1,1,16,17,18,3,19,2,4,20,21,1,1,1,22,23,24,25,26,27,28,3,3,5,29,2,2,2,2,4,4,4,4,2,4,4,4,2,2,2,2,2,4,4,4,4,2,30,2,2,31,32,2,2,2,2,2,4,2,33,34,2,2,2,2,2,2,2,35,36,37,38,39,2,2,2,2,40,41,42,2,2,2,43,2,2,2,2,2,2,2,2,2,2,44,45,2,2,2,2,3,3,3,3,3,3,3,3,5,5,5,5,5,5,5,5","0.000936985015869141","walktrap","edit-xhwikibooks.graphml"
"0.73","0.24","0.03","0.525545634920635","6,2,6,7,8,9,10,1,11,12,13,14,15,1,1,16,17,18,3,19,2,4,20,21,1,1,1,22,23,24,25,26,27,28,3,3,5,29,2,2,2,2,4,4,4,4,2,4,4,4,2,2,2,2,2,4,4,4,4,2,30,2,2,31,32,2,2,2,2,2,4,2,33,34,2,2,2,2,2,2,2,35,36,37,38,39,2,2,2,2,40,41,42,2,2,2,43,2,2,2,2,2,2,2,2,2,2,44,45,2,2,2,2,3,3,3,3,3,3,3,3,5,5,5,5,5,5,5,5","0.000963926315307617","walktrap","edit-xhwikibooks.graphml"
"0.72","0.25","0.03","0.476167873106285","5,2,5,6,7,8,9,10,11,12,13,14,15,1,1,16,17,18,3,19,2,4,20,21,1,1,1,22,23,24,25,26,27,28,3,3,1,29,2,2,2,2,4,4,4,4,2,4,4,4,2,2,2,2,2,4,4,4,4,2,30,2,2,31,32,2,2,2,2,2,4,2,33,34,2,2,2,2,2,2,2,35,36,37,38,39,2,2,2,2,40,41,42,2,2,2,43,2,2,2,2,2,2,2,2,2,2,44,45,2,2,2,2,3,46,47,3,3,3,3,3,48,49,50,51,52,53,54,55","0.000940799713134766","walktrap","edit-xhwikibooks.graphml"
"0.71","0.26","0.03","0.476167873106285","5,2,5,6,7,8,9,10,11,12,13,14,15,1,1,16,17,18,3,19,2,4,20,21,1,1,1,22,23,24,25,26,27,28,3,3,1,29,2,2,2,2,4,4,4,4,2,4,4,4,2,2,2,2,2,4,4,4,4,2,30,2,2,31,32,2,2,2,2,2,4,2,33,34,2,2,2,2,2,2,2,35,36,37,38,39,2,2,2,2,40,41,42,2,2,2,43,2,2,2,2,2,2,2,2,2,2,44,45,2,2,2,2,3,46,47,3,3,3,3,3,48,49,50,51,52,53,54,55","0.000937938690185547","walktrap","edit-xhwikibooks.graphml"
"0.7","0.27","0.03","0.476167873106285","5,2,5,6,7,8,9,10,11,12,13,14,15,1,1,16,17,18,3,19,2,4,20,21,1,1,1,22,23,24,25,26,27,28,3,3,1,29,2,2,2,2,4,4,4,4,2,4,4,4,2,2,2,2,2,4,4,4,4,2,30,2,2,31,32,2,2,2,2,2,4,2,33,34,2,2,2,2,2,2,2,35,36,37,38,39,2,2,2,2,40,41,42,2,2,2,43,2,2,2,2,2,2,2,2,2,2,44,45,2,2,2,2,3,46,47,3,3,3,3,3,48,49,50,51,52,53,54,55","0.000952959060668945","walktrap","edit-xhwikibooks.graphml"
"0.69","0.28","0.03","0.468889679996836","5,2,5,6,7,8,9,10,11,12,13,14,15,16,1,17,18,19,3,20,2,4,21,22,1,1,1,23,24,25,26,27,28,29,3,3,1,30,2,2,2,2,4,4,4,4,2,4,4,4,2,2,2,2,2,4,4,4,4,2,31,2,2,32,33,2,2,2,2,2,4,2,34,35,2,2,2,2,2,2,2,36,37,38,39,40,2,2,2,2,41,42,43,2,2,2,44,2,2,2,2,2,2,2,2,2,2,45,46,2,2,2,2,3,47,48,3,3,3,3,3,49,50,51,52,53,54,55,56","0.000943183898925781","walktrap","edit-xhwikibooks.graphml"
"0.68","0.29","0.03","0.479688283631033","5,2,5,6,7,8,9,10,11,12,13,14,15,16,1,17,18,19,3,20,2,4,21,22,1,1,1,23,24,25,26,27,28,29,3,3,1,30,2,2,2,2,4,4,4,4,2,4,4,4,2,2,2,2,2,4,4,4,4,2,31,2,2,32,33,2,2,2,2,2,4,2,34,35,2,2,2,2,2,2,2,36,37,38,39,40,2,2,2,2,41,42,43,2,2,2,44,2,2,2,2,2,2,2,2,2,2,45,46,2,2,2,2,3,47,48,3,3,3,3,3,49,50,51,52,53,54,55,56","0.00102901458740234","walktrap","edit-xhwikibooks.graphml"
"0.67","0.3","0.03","0.47748056698674","5,2,5,6,7,8,9,10,11,12,13,14,15,16,1,17,18,19,3,20,2,4,21,22,1,1,1,23,24,25,26,27,28,29,3,3,1,30,2,2,2,2,4,4,4,4,2,4,4,4,2,2,2,2,2,4,4,4,4,2,31,2,2,32,33,2,2,2,2,2,4,2,34,35,2,2,2,2,2,2,2,36,37,38,39,40,2,2,2,2,41,42,43,2,2,2,44,2,2,2,2,2,2,2,2,2,2,45,46,2,2,2,2,3,47,48,3,3,3,3,3,49,50,51,52,53,54,55,56","0.00102591514587402","walktrap","edit-xhwikibooks.graphml"
"0.66","0.31","0.03","0.46205078125","4,2,4,5,6,7,8,9,10,11,12,13,14,15,1,16,17,18,19,20,2,3,21,22,23,1,24,25,26,27,28,29,30,31,1,1,1,32,2,2,2,2,3,3,3,3,2,3,3,3,2,2,2,2,2,3,3,3,3,2,33,2,2,34,35,2,2,2,2,2,3,2,36,37,2,2,2,2,2,2,2,38,39,40,41,42,2,2,2,2,43,44,45,2,2,2,46,2,2,2,2,2,2,2,2,2,2,47,48,2,2,2,2,1,49,50,1,1,1,1,1,51,52,53,54,55,56,57,58","0.000870943069458008","walktrap","edit-xhwikibooks.graphml"
"0.65","0.32","0.03","0.459955248640099","4,2,4,5,6,7,8,9,10,11,12,13,14,15,1,16,17,18,19,20,2,3,21,22,23,1,24,25,26,27,28,29,30,31,1,1,1,32,2,2,2,2,3,3,3,3,2,3,3,3,2,2,2,2,2,3,3,3,3,2,33,2,2,34,35,2,2,2,2,2,3,2,36,37,2,2,2,2,2,2,2,38,39,40,41,42,2,2,2,2,43,44,45,2,2,2,46,2,2,2,2,2,2,2,2,2,2,47,48,2,2,2,2,1,49,50,1,1,1,1,1,51,52,53,54,55,56,57,58","0.000867128372192383","walktrap","edit-xhwikibooks.graphml"
"0.64","0.33","0.03","0.466297058375248","3,2,3,5,6,7,8,9,10,11,12,13,14,15,1,16,17,18,19,20,2,4,21,22,23,1,24,25,26,27,28,29,30,31,1,1,1,32,2,2,2,2,4,4,4,4,2,4,4,4,2,2,2,2,2,4,4,4,4,2,33,2,2,34,35,2,2,2,2,2,4,2,36,37,2,2,2,2,2,2,2,38,39,40,41,42,2,2,2,2,43,44,45,2,2,2,46,2,2,2,2,2,2,2,2,2,2,47,48,2,2,2,2,1,49,50,1,1,1,1,1,51,52,53,54,55,56,57,58","0.000869989395141602","walktrap","edit-xhwikibooks.graphml"
"0.63","0.34","0.03","0.534139333677687","3,2,3,5,6,7,8,9,10,11,12,13,14,1,1,15,16,17,18,19,2,4,20,21,22,23,24,25,26,27,28,29,30,31,1,1,1,32,2,2,2,2,4,4,4,4,2,4,4,4,2,2,2,2,2,4,4,4,4,2,33,2,2,34,35,2,2,2,2,2,4,2,36,37,2,2,2,2,2,2,2,38,39,40,41,42,2,2,2,2,43,44,45,2,2,2,46,2,2,2,2,2,2,2,2,2,2,47,48,2,2,2,2,1,49,50,1,1,1,1,1,51,52,53,54,55,56,57,58","0.000876903533935547","walktrap","edit-xhwikibooks.graphml"
"0.62","0.35","0.03","0.534139333677687","3,2,3,5,6,7,8,9,10,11,12,13,14,1,1,15,16,17,18,19,2,4,20,21,22,23,24,25,26,27,28,29,30,31,1,1,1,32,2,2,2,2,4,4,4,4,2,4,4,4,2,2,2,2,2,4,4,4,4,2,33,2,2,34,35,2,2,2,2,2,4,2,36,37,2,2,2,2,2,2,2,38,39,40,41,42,2,2,2,2,43,44,45,2,2,2,46,2,2,2,2,2,2,2,2,2,2,47,48,2,2,2,2,1,49,50,1,1,1,1,1,51,52,53,54,55,56,57,58","0.000880956649780273","walktrap","edit-xhwikibooks.graphml"
"0.61","0.36","0.03","0.532015065913371","3,2,3,5,6,7,8,9,10,11,12,13,14,1,1,15,16,17,18,19,2,4,20,21,22,23,24,25,26,27,28,29,30,31,1,1,1,32,2,2,2,2,4,4,4,4,2,4,4,4,2,2,2,2,2,4,4,4,4,2,33,2,2,34,35,2,2,2,2,2,4,2,36,37,2,2,2,2,2,2,2,38,39,40,41,42,2,2,2,2,43,44,45,2,2,2,46,2,2,2,2,2,2,2,2,2,2,47,48,2,2,2,2,1,49,50,1,1,1,1,1,51,52,53,54,55,56,57,58","0.00092315673828125","walktrap","edit-xhwikibooks.graphml"
"0.6","0.37","0.03","0.411252203172568","4,1,4,5,6,7,8,9,10,11,12,13,14,2,2,15,16,17,18,19,1,1,20,21,22,23,24,25,26,27,28,29,30,31,3,3,2,32,1,1,1,1,33,34,35,36,1,37,38,39,1,1,1,1,1,40,41,42,43,1,44,1,1,45,46,1,1,1,1,1,47,1,48,49,1,1,1,1,1,1,1,50,51,52,53,54,1,1,1,1,55,56,57,1,1,1,58,1,1,1,1,1,1,1,1,1,1,59,60,1,1,1,1,3,61,62,3,3,3,3,3,63,64,65,66,67,68,69,70","0.000887870788574219","walktrap","edit-xhwikibooks.graphml"
"0.59","0.38","0.03","0.409101696926546","4,1,4,5,6,7,8,9,10,11,12,13,14,2,2,15,16,17,18,19,1,1,20,21,22,23,24,25,26,27,28,29,30,31,3,3,2,32,1,1,1,1,33,34,35,36,1,37,38,39,1,1,1,1,1,40,41,42,43,1,44,1,1,45,46,1,1,1,1,1,47,1,48,49,1,1,1,1,1,1,1,50,51,52,53,54,1,1,1,1,55,56,57,1,1,1,58,1,1,1,1,1,1,1,1,1,1,59,60,1,1,1,1,3,61,62,3,3,3,3,3,63,64,65,66,67,68,69,70","0.000883817672729492","walktrap","edit-xhwikibooks.graphml"
"0.58","0.39","0.03","0.406972656249999","4,1,4,5,6,7,8,9,10,11,12,13,14,2,2,15,16,17,18,19,1,1,20,21,22,23,24,25,26,27,28,29,30,31,3,3,2,32,1,1,1,1,33,34,35,36,1,37,38,39,1,1,1,1,1,40,41,42,43,1,44,1,1,45,46,1,1,1,1,1,47,1,48,49,1,1,1,1,1,1,1,50,51,52,53,54,1,1,1,1,55,56,57,1,1,1,58,1,1,1,1,1,1,1,1,1,1,59,60,1,1,1,1,3,61,62,3,3,3,3,3,63,64,65,66,67,68,69,70","0.000883817672729492","walktrap","edit-xhwikibooks.graphml"
"0.57","0.4","0.03","0.416437388459251","4,1,4,5,6,7,8,9,10,11,12,13,14,2,2,15,16,17,18,19,1,1,20,21,22,23,24,25,26,27,28,29,30,31,3,3,2,32,1,1,1,1,33,34,35,36,1,37,38,39,1,1,1,1,1,40,41,42,43,1,44,1,1,45,46,1,1,1,1,1,47,1,48,49,1,1,1,1,1,1,1,50,51,52,53,54,1,1,1,1,55,56,57,1,1,1,58,1,1,1,1,1,1,1,1,1,1,59,60,1,1,1,1,3,61,62,3,3,3,3,3,63,64,65,66,67,68,69,70","0.000859975814819336","walktrap","edit-xhwikibooks.graphml"
"0.56","0.41","0.03","0.416437388459251","4,1,4,5,6,7,8,9,10,11,12,13,14,2,2,15,16,17,18,19,1,1,20,21,22,23,24,25,26,27,28,29,30,31,3,3,2,32,1,1,1,1,33,34,35,36,1,37,38,39,1,1,1,1,1,40,41,42,43,1,44,1,1,45,46,1,1,1,1,1,47,1,48,49,1,1,1,1,1,1,1,50,51,52,53,54,1,1,1,1,55,56,57,1,1,1,58,1,1,1,1,1,1,1,1,1,1,59,60,1,1,1,1,3,61,62,3,3,3,3,3,63,64,65,66,67,68,69,70","0.000905990600585938","walktrap","edit-xhwikibooks.graphml"
"0.55","0.42","0.03","0.536720570581174","4,1,4,5,6,7,8,9,10,11,12,13,14,2,2,15,16,17,18,19,1,1,20,21,22,23,24,25,26,27,28,29,30,31,3,3,2,32,1,1,1,1,33,34,35,36,1,37,38,39,1,1,1,1,1,40,41,42,43,1,44,1,1,45,46,1,1,1,1,1,47,1,48,49,1,1,1,1,1,1,1,50,51,52,53,54,1,1,1,1,55,56,57,1,1,1,58,1,1,1,1,1,1,1,1,1,1,59,60,1,1,1,1,3,61,62,3,3,3,3,3,63,64,65,66,67,68,69,70","0.00171589851379395","walktrap","edit-xhwikibooks.graphml"
"0.54","0.43","0.03","0.506425053862727","3,1,3,5,6,7,8,9,10,11,12,13,14,2,2,15,16,17,18,19,1,1,20,21,22,23,24,25,26,27,28,29,30,31,4,4,32,33,1,1,1,1,34,35,36,37,1,38,39,40,1,1,1,1,1,41,42,43,44,1,45,1,1,46,47,1,1,1,1,1,48,1,49,50,1,1,1,1,1,1,1,51,52,53,54,55,1,1,1,1,56,57,58,1,1,1,59,1,1,1,1,1,1,1,1,1,1,60,61,1,1,1,1,62,63,64,65,66,67,68,69,70,71,72,73,74,75,76,77","0.00141406059265137","walktrap","edit-xhwikibooks.graphml"
"0.53","0.44","0.03","0.510813020214032","3,1,3,5,6,7,8,9,10,11,12,13,14,2,2,15,16,17,18,19,1,1,20,21,22,23,24,25,26,27,28,29,30,31,4,4,32,33,1,1,1,1,34,35,36,37,1,38,39,40,1,1,1,1,1,41,42,43,44,1,45,1,1,46,47,1,1,1,1,1,48,1,49,50,1,1,1,1,1,1,1,51,52,53,54,55,1,1,1,1,56,57,58,1,1,1,59,1,1,1,1,1,1,1,1,1,1,60,61,1,1,1,1,62,63,64,65,66,67,68,69,70,71,72,73,74,75,76,77","0.00144004821777344","walktrap","edit-xhwikibooks.graphml"
"0.52","0.45","0.03","0.528855285265542","3,1,3,5,6,7,8,9,10,11,12,13,14,2,2,15,16,17,18,19,1,1,20,21,22,23,24,25,26,27,28,29,30,31,4,4,32,33,1,1,1,1,34,35,36,37,1,38,39,40,1,1,1,1,1,41,42,43,44,1,45,1,1,46,47,1,1,1,1,1,48,1,49,50,1,1,1,1,1,1,1,51,52,53,54,55,1,1,1,1,56,57,58,1,1,1,59,1,1,1,1,1,1,1,1,1,1,60,61,1,1,1,1,62,63,64,65,66,67,68,69,70,71,72,73,74,75,76,77","0.00136685371398926","walktrap","edit-xhwikibooks.graphml"
"0.51","0.46","0.03","0.525387819592071","3,1,3,5,6,7,8,9,10,11,12,13,14,2,2,15,16,17,18,19,1,1,20,21,22,23,24,25,26,27,28,29,30,31,4,4,32,33,1,1,1,1,34,35,36,37,1,38,39,40,1,1,1,1,1,41,42,43,44,1,45,1,1,46,47,1,1,1,1,1,48,1,49,50,1,1,1,1,1,1,1,51,52,53,54,55,1,1,1,1,56,57,58,1,1,1,59,1,1,1,1,1,1,1,1,1,1,60,61,1,1,1,1,62,63,64,65,66,67,68,69,70,71,72,73,74,75,76,77","0.00126791000366211","walktrap","edit-xhwikibooks.graphml"
"0.5","0.47","0.03","0.521961725866817","3,1,3,5,6,7,8,9,10,11,12,13,14,2,2,15,16,17,18,19,1,1,20,21,22,23,24,25,26,27,28,29,30,31,4,4,32,33,1,1,1,1,34,35,36,37,1,38,39,40,1,1,1,1,1,41,42,43,44,1,45,1,1,46,47,1,1,1,1,1,48,1,49,50,1,1,1,1,1,1,1,51,52,53,54,55,1,1,1,1,56,57,58,1,1,1,59,1,1,1,1,1,1,1,1,1,1,60,61,1,1,1,1,62,63,64,65,66,67,68,69,70,71,72,73,74,75,76,77","0.00123906135559082","walktrap","edit-xhwikibooks.graphml"
"0.49","0.48","0.03","0.518576388888889","3,1,3,5,6,7,8,9,10,11,12,13,14,2,2,15,16,17,18,19,1,1,20,21,22,23,24,25,26,27,28,29,30,31,4,4,32,33,1,1,1,1,34,35,36,37,1,38,39,40,1,1,1,1,1,41,42,43,44,1,45,1,1,46,47,1,1,1,1,1,48,1,49,50,1,1,1,1,1,1,1,51,52,53,54,55,1,1,1,1,56,57,58,1,1,1,59,1,1,1,1,1,1,1,1,1,1,60,61,1,1,1,1,62,63,64,65,66,67,68,69,70,71,72,73,74,75,76,77","0.00124812126159668","walktrap","edit-xhwikibooks.graphml"
"0.48","0.49","0.03","0.585092860673681","3,1,3,5,6,7,8,9,10,11,12,13,14,2,2,15,16,17,18,19,1,20,21,22,23,24,25,26,27,28,29,30,31,32,4,4,33,34,1,1,1,1,35,36,37,38,1,39,40,41,1,1,1,1,1,42,43,44,45,1,46,1,1,47,48,1,1,1,1,1,49,1,50,51,1,1,1,1,1,1,1,52,53,54,55,56,1,1,1,1,57,58,59,1,1,1,60,1,1,1,1,1,1,1,1,1,1,61,62,1,1,1,1,63,64,65,66,67,68,69,70,71,72,73,74,75,76,77,78","0.00137805938720703","walktrap","edit-xhwikibooks.graphml"
"0.47","0.5","0.03","0.72821237358715","1,1,1,7,8,9,10,3,11,12,13,14,2,2,2,15,16,17,18,19,1,20,21,3,4,4,4,22,23,24,25,26,27,28,5,5,29,30,1,1,1,1,31,32,33,34,1,35,36,37,1,1,1,1,1,38,39,40,41,1,42,1,1,43,44,1,1,1,1,1,45,1,46,47,1,1,1,1,1,1,1,48,49,50,51,52,1,1,1,1,53,54,55,1,1,1,56,1,1,1,1,1,1,1,1,1,1,57,58,1,1,1,1,6,59,60,6,6,6,6,6,61,62,63,64,65,66,67,68","0.189934015274048","walktrap","edit-xhwikibooks.graphml"
"0.46","0.51","0.03","0.72821237358715","1,1,1,7,8,9,10,3,11,12,13,14,2,2,2,15,16,17,18,19,1,20,21,3,4,4,4,22,23,24,25,26,27,28,5,5,29,30,1,1,1,1,31,32,33,34,1,35,36,37,1,1,1,1,1,38,39,40,41,1,42,1,1,43,44,1,1,1,1,1,45,1,46,47,1,1,1,1,1,1,1,48,49,50,51,52,1,1,1,1,53,54,55,1,1,1,56,1,1,1,1,1,1,1,1,1,1,57,58,1,1,1,1,6,59,60,6,6,6,6,6,61,62,63,64,65,66,67,68","0.0010380744934082","walktrap","edit-xhwikibooks.graphml"
"0.45","0.52","0.03","0.72821237358715","1,1,1,7,8,9,10,3,11,12,13,14,2,2,2,15,16,17,18,19,1,20,21,3,4,4,4,22,23,24,25,26,27,28,5,5,29,30,1,1,1,1,31,32,33,34,1,35,36,37,1,1,1,1,1,38,39,40,41,1,42,1,1,43,44,1,1,1,1,1,45,1,46,47,1,1,1,1,1,1,1,48,49,50,51,52,1,1,1,1,53,54,55,1,1,1,56,1,1,1,1,1,1,1,1,1,1,57,58,1,1,1,1,6,59,60,6,6,6,6,6,61,62,63,64,65,66,67,68","0.000816106796264648","walktrap","edit-xhwikibooks.graphml"
"0.44","0.53","0.03","0.725509641873278","1,1,1,7,8,9,10,3,11,12,13,14,2,2,2,15,16,17,18,19,1,20,21,3,4,4,4,22,23,24,25,26,27,28,5,5,29,30,1,1,1,1,31,32,33,34,1,35,36,37,1,1,1,1,1,38,39,40,41,1,42,1,1,43,44,1,1,1,1,1,45,1,46,47,1,1,1,1,1,1,1,48,49,50,51,52,1,1,1,1,53,54,55,1,1,1,56,1,1,1,1,1,1,1,1,1,1,57,58,1,1,1,1,6,59,60,6,6,6,6,6,61,62,63,64,65,66,67,68","0.000761985778808594","walktrap","edit-xhwikibooks.graphml"
"0.43","0.54","0.03","0.765454545454545","3,3,3,8,9,10,11,4,12,13,14,15,1,1,1,16,17,18,19,20,2,21,22,4,5,5,5,23,24,25,26,27,28,29,6,6,30,31,2,2,2,2,32,33,34,35,2,36,37,38,2,2,2,2,2,39,40,41,42,2,43,2,2,44,45,2,2,2,2,2,46,2,47,48,2,2,2,2,2,2,2,49,50,51,52,53,2,2,2,2,54,55,56,2,2,2,57,2,2,2,2,2,2,2,2,2,2,58,59,2,2,2,2,7,60,61,7,7,7,7,7,62,63,64,65,66,67,68,69","0.000592947006225586","walktrap","edit-xhwikibooks.graphml"
"0.42","0.55","0.03","0.762864711859485","3,3,3,8,9,10,11,4,12,13,14,15,1,1,1,16,17,18,19,20,2,21,22,4,5,5,5,23,24,25,26,27,28,29,6,6,30,31,2,2,2,2,32,33,34,35,2,36,37,38,2,2,2,2,2,39,40,41,42,2,43,2,2,44,45,2,2,2,2,2,46,2,47,48,2,2,2,2,2,2,2,49,50,51,52,53,2,2,2,2,54,55,56,2,2,2,57,2,2,2,2,2,2,2,2,2,2,58,59,2,2,2,2,7,60,61,7,7,7,7,7,62,63,64,65,66,67,68,69","0.00061488151550293","walktrap","edit-xhwikibooks.graphml"
"0.41","0.56","0.03","0.76734339569161","3,3,3,8,9,10,11,4,12,13,14,15,1,1,1,16,17,18,19,20,2,21,22,4,5,5,5,23,24,25,26,27,28,29,6,6,30,31,2,2,2,2,32,33,34,35,2,36,37,38,2,2,2,2,2,39,40,41,42,2,43,2,2,44,45,2,2,2,2,2,46,2,47,48,2,2,2,2,2,2,2,49,50,51,52,53,2,2,2,2,54,55,56,2,2,2,57,2,2,2,2,2,2,2,2,2,2,58,59,2,2,2,2,7,60,61,7,7,7,7,7,62,63,64,65,66,67,68,69","0.000585079193115234","walktrap","edit-xhwikibooks.graphml"
"0.4","0.57","0.03","0.764801652603201","3,3,3,8,9,10,11,4,12,13,14,15,1,1,1,16,17,18,19,20,2,21,22,4,5,5,5,23,24,25,26,27,28,29,6,6,30,31,2,2,2,2,32,33,34,35,2,36,37,38,2,2,2,2,2,39,40,41,42,2,43,2,2,44,45,2,2,2,2,2,46,2,47,48,2,2,2,2,2,2,2,49,50,51,52,53,2,2,2,2,54,55,56,2,2,2,57,2,2,2,2,2,2,2,2,2,2,58,59,2,2,2,2,7,60,61,7,7,7,7,7,62,63,64,65,66,67,68,69","0.000598907470703125","walktrap","edit-xhwikibooks.graphml"
"0.39","0.58","0.03","0.768834855169112","3,3,3,8,9,10,11,4,12,13,14,15,1,1,1,16,17,18,19,20,2,21,22,4,5,5,5,23,24,25,26,27,28,29,6,6,30,31,2,2,2,2,32,33,34,35,2,36,37,38,2,2,2,2,2,39,40,41,42,2,43,2,2,44,45,2,2,2,2,2,46,2,47,48,2,2,2,2,2,2,2,49,50,51,52,53,2,2,2,2,54,55,56,2,2,2,57,2,2,2,2,2,2,2,2,2,2,58,59,2,2,2,2,7,60,61,7,7,7,7,7,62,63,64,65,66,67,68,69","0.000627040863037109","walktrap","edit-xhwikibooks.graphml"
"0.38","0.59","0.03","0.766343293672257","3,3,3,8,9,10,11,4,12,13,14,15,1,1,1,16,17,18,19,20,2,21,22,4,5,5,5,23,24,25,26,27,28,29,6,6,30,31,2,2,2,2,32,33,34,35,2,36,37,38,2,2,2,2,2,39,40,41,42,2,43,2,2,44,45,2,2,2,2,2,46,2,47,48,2,2,2,2,2,2,2,49,50,51,52,53,2,2,2,2,54,55,56,2,2,2,57,2,2,2,2,2,2,2,2,2,2,58,59,2,2,2,2,7,60,61,7,7,7,7,7,62,63,64,65,66,67,68,69","0.000610113143920898","walktrap","edit-xhwikibooks.graphml"
"0.37","0.6","0.03","0.772881632653061","3,3,3,8,9,10,11,4,12,13,14,15,1,1,1,16,17,18,19,20,2,21,22,4,5,5,5,23,24,25,26,27,28,29,6,6,30,31,2,2,2,2,32,33,34,35,2,36,37,38,2,2,2,2,2,39,40,41,42,2,43,2,2,44,45,2,2,2,2,2,46,2,47,48,2,2,2,2,2,2,2,49,50,51,52,53,2,2,2,2,54,55,56,2,2,2,57,2,2,2,2,2,2,2,2,2,2,58,59,2,2,2,2,7,60,61,7,7,7,7,7,62,63,64,65,66,67,68,69","0.000603914260864258","walktrap","edit-xhwikibooks.graphml"
"0.36","0.61","0.03","0.770451317148762","3,3,3,8,9,10,11,4,12,13,14,15,1,1,1,16,17,18,19,20,2,21,22,4,5,5,5,23,24,25,26,27,28,29,6,6,30,31,2,2,2,2,32,33,34,35,2,36,37,38,2,2,2,2,2,39,40,41,42,2,43,2,2,44,45,2,2,2,2,2,46,2,47,48,2,2,2,2,2,2,2,49,50,51,52,53,2,2,2,2,54,55,56,2,2,2,57,2,2,2,2,2,2,2,2,2,2,58,59,2,2,2,2,7,60,61,7,7,7,7,7,62,63,64,65,66,67,68,69","0.000746965408325195","walktrap","edit-xhwikibooks.graphml"
"0.35","0.62","0.03","0.77252705161352","3,3,3,8,9,10,11,4,12,13,14,15,1,1,1,16,17,18,19,20,2,21,22,4,5,5,5,23,24,25,26,27,28,29,6,6,30,31,2,2,2,2,32,33,34,35,2,36,37,38,2,2,2,2,2,39,40,41,42,2,43,2,2,44,45,2,2,2,2,2,46,2,47,48,2,2,2,2,2,2,2,49,50,51,52,53,2,2,2,2,54,55,56,2,2,2,57,2,2,2,2,2,2,2,2,2,2,58,59,2,2,2,2,7,60,61,7,7,7,7,7,62,63,64,65,66,67,68,69","0.000593900680541992","walktrap","edit-xhwikibooks.graphml"
"0.34","0.63","0.03","0.770120565585154","3,3,3,8,9,10,11,4,12,13,14,15,1,1,1,16,17,18,19,20,2,21,22,4,5,5,5,23,24,25,26,27,28,29,6,6,30,31,2,2,2,2,32,33,34,35,2,36,37,38,2,2,2,2,2,39,40,41,42,2,43,2,2,44,45,2,2,2,2,2,46,2,47,48,2,2,2,2,2,2,2,49,50,51,52,53,2,2,2,2,54,55,56,2,2,2,57,2,2,2,2,2,2,2,2,2,2,58,59,2,2,2,2,7,60,61,7,7,7,7,7,62,63,64,65,66,67,68,69","0.000587940216064453","walktrap","edit-xhwikibooks.graphml"
"0.33","0.64","0.03","0.770120565585154","3,3,3,8,9,10,11,4,12,13,14,15,1,1,1,16,17,18,19,20,2,21,22,4,5,5,5,23,24,25,26,27,28,29,6,6,30,31,2,2,2,2,32,33,34,35,2,36,37,38,2,2,2,2,2,39,40,41,42,2,43,2,2,44,45,2,2,2,2,2,46,2,47,48,2,2,2,2,2,2,2,49,50,51,52,53,2,2,2,2,54,55,56,2,2,2,57,2,2,2,2,2,2,2,2,2,2,58,59,2,2,2,2,7,60,61,7,7,7,7,7,62,63,64,65,66,67,68,69","0.00060582160949707","walktrap","edit-xhwikibooks.graphml"
"0.32","0.65","0.03","0.7677194844106","3,3,3,8,9,10,11,4,12,13,14,15,1,1,1,16,17,18,19,20,2,21,22,4,5,5,5,23,24,25,26,27,28,29,6,6,30,31,2,2,2,2,32,33,34,35,2,36,37,38,2,2,2,2,2,39,40,41,42,2,43,2,2,44,45,2,2,2,2,2,46,2,47,48,2,2,2,2,2,2,2,49,50,51,52,53,2,2,2,2,54,55,56,2,2,2,57,2,2,2,2,2,2,2,2,2,2,58,59,2,2,2,2,7,60,61,7,7,7,7,7,62,63,64,65,66,67,68,69","0.000605106353759766","walktrap","edit-xhwikibooks.graphml"
"0.31","0.66","0.03","0.769706790123457","3,3,3,8,9,10,11,4,12,13,14,15,1,1,1,16,17,18,19,20,2,21,22,4,5,5,5,23,24,25,26,27,28,29,6,6,30,31,2,2,2,2,32,33,34,35,2,36,37,38,2,2,2,2,2,39,40,41,42,2,43,2,2,44,45,2,2,2,2,2,46,2,47,48,2,2,2,2,2,2,2,49,50,51,52,53,2,2,2,2,54,55,56,2,2,2,57,2,2,2,2,2,2,2,2,2,2,58,59,2,2,2,2,7,60,61,7,7,7,7,7,62,63,64,65,66,67,68,69","0.000613927841186523","walktrap","edit-xhwikibooks.graphml"
"0.3","0.67","0.03","0.794806048652202","3,3,3,8,9,10,11,4,12,13,14,15,1,1,1,16,17,18,19,20,2,21,22,4,5,5,5,23,24,25,26,27,28,29,6,6,30,31,2,2,2,2,32,33,34,35,2,36,37,38,2,2,2,2,2,39,40,41,42,2,43,2,2,44,45,2,2,2,2,2,46,2,47,48,2,2,2,2,2,2,2,49,50,51,52,53,2,2,2,2,54,55,56,2,2,2,57,2,2,2,2,2,2,2,2,2,2,58,59,2,2,2,2,7,60,61,7,7,7,7,7,62,63,64,65,66,67,68,69","0.000615119934082031","walktrap","edit-xhwikibooks.graphml"
"0.29","0.68","0.03","0.794806048652202","3,3,3,8,9,10,11,4,12,13,14,15,1,1,1,16,17,18,19,20,2,21,22,4,5,5,5,23,24,25,26,27,28,29,6,6,30,31,2,2,2,2,32,33,34,35,2,36,37,38,2,2,2,2,2,39,40,41,42,2,43,2,2,44,45,2,2,2,2,2,46,2,47,48,2,2,2,2,2,2,2,49,50,51,52,53,2,2,2,2,54,55,56,2,2,2,57,2,2,2,2,2,2,2,2,2,2,58,59,2,2,2,2,7,60,61,7,7,7,7,7,62,63,64,65,66,67,68,69","0.000607013702392578","walktrap","edit-xhwikibooks.graphml"
"0.28","0.69","0.03","0.79265149937526","3,3,3,8,9,10,11,4,12,13,14,15,1,1,1,16,17,18,19,20,2,21,22,4,5,5,5,23,24,25,26,27,28,29,6,6,30,31,2,2,2,2,32,33,34,35,2,36,37,38,2,2,2,2,2,39,40,41,42,2,43,2,2,44,45,2,2,2,2,2,46,2,47,48,2,2,2,2,2,2,2,49,50,51,52,53,2,2,2,2,54,55,56,2,2,2,57,2,2,2,2,2,2,2,2,2,2,58,59,2,2,2,2,7,60,61,7,7,7,7,7,62,63,64,65,66,67,68,69","0.000614166259765625","walktrap","edit-xhwikibooks.graphml"
"0.27","0.7","0.03","0.794287407560102","3,3,3,8,9,10,11,4,12,13,14,15,1,1,1,16,17,18,19,20,2,21,22,4,5,5,5,23,24,25,26,27,28,29,6,6,30,31,2,2,2,2,32,33,34,35,2,36,37,38,2,2,2,2,2,39,40,41,42,2,43,2,2,44,45,2,2,2,2,2,46,2,47,48,2,2,2,2,2,2,2,49,50,51,52,53,2,2,2,2,54,55,56,2,2,2,57,2,2,2,2,2,2,2,2,2,2,58,59,2,2,2,2,7,60,61,7,7,7,7,7,62,63,64,65,66,67,68,69","0.000617027282714844","walktrap","edit-xhwikibooks.graphml"
"0.26","0.71","0.03","0.792151311090705","3,3,3,8,9,10,11,4,12,13,14,15,1,1,1,16,17,18,19,20,2,21,22,4,5,5,5,23,24,25,26,27,28,29,6,6,30,31,2,2,2,2,32,33,34,35,2,36,37,38,2,2,2,2,2,39,40,41,42,2,43,2,2,44,45,2,2,2,2,2,46,2,47,48,2,2,2,2,2,2,2,49,50,51,52,53,2,2,2,2,54,55,56,2,2,2,57,2,2,2,2,2,2,2,2,2,2,58,59,2,2,2,2,7,60,61,7,7,7,7,7,62,63,64,65,66,67,68,69","0.000633955001831055","walktrap","edit-xhwikibooks.graphml"
"0.25","0.72","0.03","0.7948875","3,3,3,8,9,10,11,4,12,13,14,15,1,1,1,16,17,18,19,20,2,21,22,4,5,5,5,23,24,25,26,27,28,29,6,6,30,31,2,2,2,2,32,33,34,35,2,36,37,38,2,2,2,2,2,39,40,41,42,2,43,2,2,44,45,2,2,2,2,2,46,2,47,48,2,2,2,2,2,2,2,49,50,51,52,53,2,2,2,2,54,55,56,2,2,2,57,2,2,2,2,2,2,2,2,2,2,58,59,2,2,2,2,7,60,61,7,7,7,7,7,62,63,64,65,66,67,68,69","0.000633001327514648","walktrap","edit-xhwikibooks.graphml"
"0.24","0.73","0.03","0.792789782431127","3,3,3,8,9,10,11,4,12,13,14,15,1,1,1,16,17,18,19,20,2,21,22,4,5,5,5,23,24,25,26,27,28,29,6,6,30,31,2,2,2,2,32,33,34,35,2,36,37,38,2,2,2,2,2,39,40,41,42,2,43,2,2,44,45,2,2,2,2,2,46,2,47,48,2,2,2,2,2,2,2,49,50,51,52,53,2,2,2,2,54,55,56,2,2,2,57,2,2,2,2,2,2,2,2,2,2,58,59,2,2,2,2,7,60,61,7,7,7,7,7,62,63,64,65,66,67,68,69","0.000636816024780273","walktrap","edit-xhwikibooks.graphml"
"0.23","0.74","0.03","0.792789782431127","3,3,3,8,9,10,11,4,12,13,14,15,1,1,1,16,17,18,19,20,2,21,22,4,5,5,5,23,24,25,26,27,28,29,6,6,30,31,2,2,2,2,32,33,34,35,2,36,37,38,2,2,2,2,2,39,40,41,42,2,43,2,2,44,45,2,2,2,2,2,46,2,47,48,2,2,2,2,2,2,2,49,50,51,52,53,2,2,2,2,54,55,56,2,2,2,57,2,2,2,2,2,2,2,2,2,2,58,59,2,2,2,2,7,60,61,7,7,7,7,7,62,63,64,65,66,67,68,69","0.000627994537353516","walktrap","edit-xhwikibooks.graphml"
"0.22","0.75","0.03","0.795871505056514","3,3,3,8,9,10,11,4,12,13,14,15,1,1,1,16,17,18,19,20,2,21,22,4,5,5,5,23,24,25,26,27,28,29,6,6,30,31,2,2,2,2,32,33,34,35,2,36,37,38,2,2,2,2,2,39,40,41,42,2,43,2,2,44,45,2,2,2,2,2,46,2,47,48,2,2,2,2,2,2,2,49,50,51,52,53,2,2,2,2,54,55,56,2,2,2,57,2,2,2,2,2,2,2,2,2,2,58,59,2,2,2,2,7,60,61,7,7,7,7,7,62,63,64,65,66,67,68,69","0.000642061233520508","walktrap","edit-xhwikibooks.graphml"
"0.21","0.76","0.03","0.795871505056514","3,3,3,8,9,10,11,4,12,13,14,15,1,1,1,16,17,18,19,20,2,21,22,4,5,5,5,23,24,25,26,27,28,29,6,6,30,31,2,2,2,2,32,33,34,35,2,36,37,38,2,2,2,2,2,39,40,41,42,2,43,2,2,44,45,2,2,2,2,2,46,2,47,48,2,2,2,2,2,2,2,49,50,51,52,53,2,2,2,2,54,55,56,2,2,2,57,2,2,2,2,2,2,2,2,2,2,58,59,2,2,2,2,7,60,61,7,7,7,7,7,62,63,64,65,66,67,68,69","0.000606060028076172","walktrap","edit-xhwikibooks.graphml"
"0.2","0.77","0.03","0.797377226882835","3,3,3,8,9,10,11,4,12,13,14,15,1,1,1,16,17,18,19,20,2,21,22,4,5,5,5,23,24,25,26,27,28,29,6,6,30,31,2,2,2,2,32,33,34,35,2,36,37,38,2,2,2,2,2,39,40,41,42,2,43,2,2,44,45,2,2,2,2,2,46,2,47,48,2,2,2,2,2,2,2,49,50,51,52,53,2,2,2,2,54,55,56,2,2,2,57,2,2,2,2,2,2,2,2,2,2,58,59,2,2,2,2,7,60,61,7,7,7,7,7,62,63,64,65,66,67,68,69","0.000615119934082031","walktrap","edit-xhwikibooks.graphml"
"0.19","0.78","0.03","0.798184565371673","3,3,3,8,9,10,11,4,12,13,14,15,1,1,1,16,17,18,19,20,2,21,22,4,5,5,5,23,24,25,26,27,28,29,6,6,30,31,2,2,2,2,32,33,34,35,2,36,37,38,2,2,2,2,2,39,40,41,42,2,43,2,2,44,45,2,2,2,2,2,46,2,47,48,2,2,2,2,2,2,2,49,50,51,52,53,2,2,2,2,54,55,56,2,2,2,57,2,2,2,2,2,2,2,2,2,2,58,59,2,2,2,2,7,60,61,7,7,7,7,7,62,63,64,65,66,67,68,69","0.000674962997436523","walktrap","edit-xhwikibooks.graphml"
"0.18","0.79","0.03","0.798184565371673","3,3,3,8,9,10,11,4,12,13,14,15,1,1,1,16,17,18,19,20,2,21,22,4,5,5,5,23,24,25,26,27,28,29,6,6,30,31,2,2,2,2,32,33,34,35,2,36,37,38,2,2,2,2,2,39,40,41,42,2,43,2,2,44,45,2,2,2,2,2,46,2,47,48,2,2,2,2,2,2,2,49,50,51,52,53,2,2,2,2,54,55,56,2,2,2,57,2,2,2,2,2,2,2,2,2,2,58,59,2,2,2,2,7,60,61,7,7,7,7,7,62,63,64,65,66,67,68,69","0.000635147094726562","walktrap","edit-xhwikibooks.graphml"
"0.17","0.8","0.03","0.800623773942559","2,2,2,8,9,10,11,4,12,13,14,15,1,1,1,16,17,18,19,20,3,21,22,4,5,5,5,23,24,25,26,27,28,29,6,6,30,31,3,3,3,3,32,33,34,35,3,36,37,38,3,3,3,3,3,39,40,41,42,3,43,3,3,44,45,3,3,3,3,3,46,3,47,48,3,3,3,3,3,3,3,49,50,51,52,53,3,3,3,3,54,55,56,3,3,3,57,3,3,3,3,3,3,3,3,3,3,58,59,3,3,3,3,7,60,61,7,7,7,7,7,62,63,64,65,66,67,68,69","0.000663042068481445","walktrap","edit-xhwikibooks.graphml"
"0.16","0.81","0.03","0.800623773942559","2,2,2,8,9,10,11,4,12,13,14,15,1,1,1,16,17,18,19,20,3,21,22,4,5,5,5,23,24,25,26,27,28,29,6,6,30,31,3,3,3,3,32,33,34,35,3,36,37,38,3,3,3,3,3,39,40,41,42,3,43,3,3,44,45,3,3,3,3,3,46,3,47,48,3,3,3,3,3,3,3,49,50,51,52,53,3,3,3,3,54,55,56,3,3,3,57,3,3,3,3,3,3,3,3,3,3,58,59,3,3,3,3,7,60,61,7,7,7,7,7,62,63,64,65,66,67,68,69","0.000708818435668945","walktrap","edit-xhwikibooks.graphml"
"0.15","0.82","0.03","0.798661455148921","2,2,2,8,9,10,11,4,12,13,14,15,1,1,1,16,17,18,19,20,3,21,22,4,5,5,5,23,24,25,26,27,28,29,6,6,30,31,3,3,3,3,32,33,34,35,3,36,37,38,3,3,3,3,3,39,40,41,42,3,43,3,3,44,45,3,3,3,3,3,46,3,47,48,3,3,3,3,3,3,3,49,50,51,52,53,3,3,3,3,54,55,56,3,3,3,57,3,3,3,3,3,3,3,3,3,3,58,59,3,3,3,3,7,60,61,7,7,7,7,7,62,63,64,65,66,67,68,69","0.000616788864135742","walktrap","edit-xhwikibooks.graphml"
"0.14","0.83","0.03","0.798661455148921","2,2,2,8,9,10,11,4,12,13,14,15,1,1,1,16,17,18,19,20,3,21,22,4,5,5,5,23,24,25,26,27,28,29,6,6,30,31,3,3,3,3,32,33,34,35,3,36,37,38,3,3,3,3,3,39,40,41,42,3,43,3,3,44,45,3,3,3,3,3,46,3,47,48,3,3,3,3,3,3,3,49,50,51,52,53,3,3,3,3,54,55,56,3,3,3,57,3,3,3,3,3,3,3,3,3,3,58,59,3,3,3,3,7,60,61,7,7,7,7,7,62,63,64,65,66,67,68,69","0.000612974166870117","walktrap","edit-xhwikibooks.graphml"
"0.13","0.84","0.03","0.797850222908094","2,2,2,8,9,10,11,4,12,13,14,15,1,1,1,16,17,18,19,20,3,21,22,4,5,5,5,23,24,25,26,27,28,29,6,6,30,31,3,3,3,3,32,33,34,35,3,36,37,38,3,3,3,3,3,39,40,41,42,3,43,3,3,44,45,3,3,3,3,3,46,3,47,48,3,3,3,3,3,3,3,49,50,51,52,53,3,3,3,3,54,55,56,3,3,3,57,3,3,3,3,3,3,3,3,3,3,58,59,3,3,3,3,7,60,61,7,7,7,7,7,62,63,64,65,66,67,68,69","0.000613927841186523","walktrap","edit-xhwikibooks.graphml"
"0.12","0.85","0.03","0.799241861156533","2,2,2,8,9,10,11,4,12,13,14,15,1,1,1,16,17,18,19,20,3,21,22,4,5,5,5,23,24,25,26,27,28,29,6,6,30,31,3,3,3,3,32,33,34,35,3,36,37,38,3,3,3,3,3,39,40,41,42,3,43,3,3,44,45,3,3,3,3,3,46,3,47,48,3,3,3,3,3,3,3,49,50,51,52,53,3,3,3,3,54,55,56,3,3,3,57,3,3,3,3,3,3,3,3,3,3,58,59,3,3,3,3,7,60,61,7,7,7,7,7,62,63,64,65,66,67,68,69","0.000634908676147461","walktrap","edit-xhwikibooks.graphml"
"0.11","0.86","0.03","0.799617768595041","2,2,2,8,9,10,11,4,12,13,14,15,1,1,1,16,17,18,19,20,3,21,22,4,5,5,5,23,24,25,26,27,28,29,6,6,30,31,3,3,3,3,32,33,34,35,3,36,37,38,3,3,3,3,3,39,40,41,42,3,43,3,3,44,45,3,3,3,3,3,46,3,47,48,3,3,3,3,3,3,3,49,50,51,52,53,3,3,3,3,54,55,56,3,3,3,57,3,3,3,3,3,3,3,3,3,3,58,59,3,3,3,3,7,60,61,7,7,7,7,7,62,63,64,65,66,67,68,69","0.000635147094726562","walktrap","edit-xhwikibooks.graphml"
"0.1","0.87","0.03","0.799617768595041","2,2,2,8,9,10,11,4,12,13,14,15,1,1,1,16,17,18,19,20,3,21,22,4,5,5,5,23,24,25,26,27,28,29,6,6,30,31,3,3,3,3,32,33,34,35,3,36,37,38,3,3,3,3,3,39,40,41,42,3,43,3,3,44,45,3,3,3,3,3,46,3,47,48,3,3,3,3,3,3,3,49,50,51,52,53,3,3,3,3,54,55,56,3,3,3,57,3,3,3,3,3,3,3,3,3,3,58,59,3,3,3,3,7,60,61,7,7,7,7,7,62,63,64,65,66,67,68,69","0.000636100769042969","walktrap","edit-xhwikibooks.graphml"
"0.09","0.88","0.03","0.79772117688008","2,2,2,8,9,10,11,4,12,13,14,15,1,1,1,16,17,18,19,20,3,21,22,4,5,5,5,23,24,25,26,27,28,29,6,6,30,31,3,3,3,3,32,33,34,35,3,36,37,38,3,3,3,3,3,39,40,41,42,3,43,3,3,44,45,3,3,3,3,3,46,3,47,48,3,3,3,3,3,3,3,49,50,51,52,53,3,3,3,3,54,55,56,3,3,3,57,3,3,3,3,3,3,3,3,3,3,58,59,3,3,3,3,7,60,61,7,7,7,7,7,62,63,64,65,66,67,68,69","0.000649929046630859","walktrap","edit-xhwikibooks.graphml"
"0.08","0.89","0.03","0.800247340585976","2,2,2,8,9,10,11,4,12,13,14,15,1,1,1,16,17,18,19,20,3,21,22,4,5,5,5,23,24,25,26,27,28,29,6,6,30,31,3,3,3,3,32,33,34,35,3,36,37,38,3,3,3,3,3,39,40,41,42,3,43,3,3,44,45,3,3,3,3,3,46,3,47,48,3,3,3,3,3,3,3,49,50,51,52,53,3,3,3,3,54,55,56,3,3,3,57,3,3,3,3,3,3,3,3,3,3,58,59,3,3,3,3,7,60,61,7,7,7,7,7,62,63,64,65,66,67,68,69","0.000652074813842773","walktrap","edit-xhwikibooks.graphml"
"0.07","0.9","0.03","0.798379703443877","2,2,2,8,9,10,11,4,12,13,14,15,1,1,1,16,17,18,19,20,3,21,22,4,5,5,5,23,24,25,26,27,28,29,6,6,30,31,3,3,3,3,32,33,34,35,3,36,37,38,3,3,3,3,3,39,40,41,42,3,43,3,3,44,45,3,3,3,3,3,46,3,47,48,3,3,3,3,3,3,3,49,50,51,52,53,3,3,3,3,54,55,56,3,3,3,57,3,3,3,3,3,3,3,3,3,3,58,59,3,3,3,3,7,60,61,7,7,7,7,7,62,63,64,65,66,67,68,69","0.000666141510009766","walktrap","edit-xhwikibooks.graphml"
"0.06","0.91","0.03","0.798379703443877","2,2,2,8,9,10,11,4,12,13,14,15,1,1,1,16,17,18,19,20,3,21,22,4,5,5,5,23,24,25,26,27,28,29,6,6,30,31,3,3,3,3,32,33,34,35,3,36,37,38,3,3,3,3,3,39,40,41,42,3,43,3,3,44,45,3,3,3,3,3,46,3,47,48,3,3,3,3,3,3,3,49,50,51,52,53,3,3,3,3,54,55,56,3,3,3,57,3,3,3,3,3,3,3,3,3,3,58,59,3,3,3,3,7,60,61,7,7,7,7,7,62,63,64,65,66,67,68,69","0.000665903091430664","walktrap","edit-xhwikibooks.graphml"
"0.05","0.92","0.03","0.796513580246914","2,2,2,8,9,10,11,4,12,13,14,15,1,1,1,16,17,18,19,20,3,21,22,4,5,5,5,23,24,25,26,27,28,29,6,6,30,31,3,3,3,3,32,33,34,35,3,36,37,38,3,3,3,3,3,39,40,41,42,3,43,3,3,44,45,3,3,3,3,3,46,3,47,48,3,3,3,3,3,3,3,49,50,51,52,53,3,3,3,3,54,55,56,3,3,3,57,3,3,3,3,3,3,3,3,3,3,58,59,3,3,3,3,7,60,61,7,7,7,7,7,62,63,64,65,66,67,68,69","0.000674962997436523","walktrap","edit-xhwikibooks.graphml"
"0.04","0.93","0.03","0.797840473020597","2,2,2,8,9,10,11,4,12,13,14,15,1,1,1,16,17,18,19,20,3,21,22,4,5,5,5,23,24,25,26,27,28,29,6,6,30,31,3,3,3,3,32,33,34,35,3,36,37,38,3,3,3,3,3,39,40,41,42,3,43,3,3,44,45,3,3,3,3,3,46,3,47,48,3,3,3,3,3,3,3,49,50,51,52,53,3,3,3,3,54,55,56,3,3,3,57,3,3,3,3,3,3,3,3,3,3,58,59,3,3,3,3,7,60,61,7,7,7,7,7,62,63,64,65,66,67,68,69","0.000669002532958984","walktrap","edit-xhwikibooks.graphml"
"0.03","0.94","0.03","0.797331871345029","2,2,2,8,9,10,11,4,12,13,14,15,1,1,1,16,17,18,19,20,3,21,22,4,5,5,5,23,24,25,26,27,28,29,6,6,30,31,3,3,3,3,32,33,34,35,3,36,37,38,3,3,3,3,3,39,40,41,42,3,43,3,3,44,45,3,3,3,3,3,46,3,47,48,3,3,3,3,3,3,3,49,50,51,52,53,3,3,3,3,54,55,56,3,3,3,57,3,3,3,3,3,3,3,3,3,3,58,59,3,3,3,3,7,60,61,7,7,7,7,7,62,63,64,65,66,67,68,69","0.00071406364440918","walktrap","edit-xhwikibooks.graphml"
"0.02","0.95","0.03","0.797331871345029","2,2,2,8,9,10,11,4,12,13,14,15,1,1,1,16,17,18,19,20,3,21,22,4,5,5,5,23,24,25,26,27,28,29,6,6,30,31,3,3,3,3,32,33,34,35,3,36,37,38,3,3,3,3,3,39,40,41,42,3,43,3,3,44,45,3,3,3,3,3,46,3,47,48,3,3,3,3,3,3,3,49,50,51,52,53,3,3,3,3,54,55,56,3,3,3,57,3,3,3,3,3,3,3,3,3,3,58,59,3,3,3,3,7,60,61,7,7,7,7,7,62,63,64,65,66,67,68,69","0.000627994537353516","walktrap","edit-xhwikibooks.graphml"
"0.01","0.96","0.03","0.795493983715033","2,2,2,8,9,10,11,4,12,13,14,15,1,1,1,16,17,18,19,20,3,21,22,4,5,5,5,23,24,25,26,27,28,29,6,6,30,31,3,3,3,3,32,33,34,35,3,36,37,38,3,3,3,3,3,39,40,41,42,3,43,3,3,44,45,3,3,3,3,3,46,3,47,48,3,3,3,3,3,3,3,49,50,51,52,53,3,3,3,3,54,55,56,3,3,3,57,3,3,3,3,3,3,3,3,3,3,58,59,3,3,3,3,7,60,61,7,7,7,7,7,62,63,64,65,66,67,68,69","0.000638961791992188","walktrap","edit-xhwikibooks.graphml"
"0","0.97","0.03","0.779732835392129","1,1,1,1,1,7,8,1,9,10,11,12,2,2,2,13,14,15,16,17,3,1,18,1,4,4,4,19,1,20,21,22,23,24,5,5,25,26,3,3,3,3,27,28,29,30,3,31,32,33,3,3,3,3,3,34,35,36,37,3,38,3,3,39,40,3,3,3,3,3,41,3,42,43,3,3,3,3,3,3,3,44,45,46,47,48,3,3,3,3,49,50,51,3,3,3,52,3,3,3,3,3,3,3,3,3,3,53,54,3,3,3,3,6,55,56,6,6,6,6,6,57,58,59,60,61,62,63,64","0.000798940658569336","walktrap","edit-xhwikibooks.graphml"
"0.96","0","0.04","0.613462603878116","2,6,2,2,2,1,2,1,1,4,2,2,1,1,1,3,4,5,2,2,6,11,10,1,1,1,1,3,8,4,5,9,13,2,7,7,12,1,6,6,6,6,11,11,11,11,6,11,11,11,6,6,6,6,6,11,11,11,11,6,10,6,6,1,1,6,6,6,6,6,11,6,1,1,6,6,6,6,6,6,6,1,3,3,3,8,6,6,6,6,4,5,9,6,6,6,3,6,6,6,6,6,6,6,6,6,6,13,13,6,6,6,6,7,7,7,7,7,7,7,7,12,12,12,12,12,12,12,12","0.000738859176635742","walktrap","edit-xhwikibooks.graphml"
"0.95","0.01","0.04","0.613462603878116","2,6,2,2,2,1,2,1,1,4,2,2,1,1,1,3,4,5,2,2,6,11,10,1,1,1,1,3,8,4,5,9,13,2,7,7,12,1,6,6,6,6,11,11,11,11,6,11,11,11,6,6,6,6,6,11,11,11,11,6,10,6,6,1,1,6,6,6,6,6,11,6,1,1,6,6,6,6,6,6,6,1,3,3,3,8,6,6,6,6,4,5,9,6,6,6,3,6,6,6,6,6,6,6,6,6,6,13,13,6,6,6,6,7,7,7,7,7,7,7,7,12,12,12,12,12,12,12,12","0.000730991363525391","walktrap","edit-xhwikibooks.graphml"
"0.94","0.02","0.04","0.613462603878116","2,6,2,2,2,1,2,1,1,4,2,2,1,1,1,3,4,5,2,2,6,11,10,1,1,1,1,3,8,4,5,9,13,2,7,7,12,1,6,6,6,6,11,11,11,11,6,11,11,11,6,6,6,6,6,11,11,11,11,6,10,6,6,1,1,6,6,6,6,6,11,6,1,1,6,6,6,6,6,6,6,1,3,3,3,8,6,6,6,6,4,5,9,6,6,6,3,6,6,6,6,6,6,6,6,6,6,13,13,6,6,6,6,7,7,7,7,7,7,7,7,12,12,12,12,12,12,12,12","0.000746965408325195","walktrap","edit-xhwikibooks.graphml"
"0.93","0.03","0.04","0.611606041501055","2,6,2,2,2,1,2,1,1,4,2,2,1,1,1,3,4,5,2,2,6,11,10,1,1,1,1,3,8,4,5,9,13,2,7,7,12,1,6,6,6,6,11,11,11,11,6,11,11,11,6,6,6,6,6,11,11,11,11,6,10,6,6,1,1,6,6,6,6,6,11,6,1,1,6,6,6,6,6,6,6,1,3,3,3,8,6,6,6,6,4,5,9,6,6,6,3,6,6,6,6,6,6,6,6,6,6,13,13,6,6,6,6,7,7,7,7,7,7,7,7,12,12,12,12,12,12,12,12","0.000741004943847656","walktrap","edit-xhwikibooks.graphml"
"0.92","0.04","0.04","0.611606041501055","2,6,2,2,2,1,2,1,1,4,2,2,1,1,1,3,4,5,2,2,6,11,10,1,1,1,1,3,8,4,5,9,13,2,7,7,12,1,6,6,6,6,11,11,11,11,6,11,11,11,6,6,6,6,6,11,11,11,11,6,10,6,6,1,1,6,6,6,6,6,11,6,1,1,6,6,6,6,6,6,6,1,3,3,3,8,6,6,6,6,4,5,9,6,6,6,3,6,6,6,6,6,6,6,6,6,6,13,13,6,6,6,6,7,7,7,7,7,7,7,7,12,12,12,12,12,12,12,12","0.000739097595214844","walktrap","edit-xhwikibooks.graphml"
"0.91","0.05","0.04","0.620635333564574","1,1,1,1,1,2,1,2,2,4,1,1,2,2,2,3,4,1,1,1,6,7,2,2,2,2,2,3,1,4,1,1,9,1,5,5,8,2,6,6,6,6,7,7,7,7,6,7,7,7,6,6,6,6,6,7,7,7,7,6,10,6,6,2,2,6,6,6,6,6,7,6,2,2,6,6,6,6,6,6,6,2,3,3,3,11,6,6,6,6,12,13,14,6,6,6,3,6,6,6,6,6,6,6,6,6,6,9,9,6,6,6,6,5,5,5,5,5,5,5,5,8,8,8,8,8,8,8,8","0.000730991363525391","walktrap","edit-xhwikibooks.graphml"
"0.9","0.06","0.04","0.620635333564574","1,1,1,1,1,2,1,2,2,4,1,1,2,2,2,3,4,1,1,1,6,7,2,2,2,2,2,3,1,4,1,1,9,1,5,5,8,2,6,6,6,6,7,7,7,7,6,7,7,7,6,6,6,6,6,7,7,7,7,6,10,6,6,2,2,6,6,6,6,6,7,6,2,2,6,6,6,6,6,6,6,2,3,3,3,11,6,6,6,6,12,13,14,6,6,6,3,6,6,6,6,6,6,6,6,6,6,9,9,6,6,6,6,5,5,5,5,5,5,5,5,8,8,8,8,8,8,8,8","0.000729084014892578","walktrap","edit-xhwikibooks.graphml"
"0.89","0.07","0.04","0.618733735594384","1,1,1,1,1,2,1,2,2,4,1,1,2,2,2,3,4,1,1,1,6,7,2,2,2,2,2,3,1,4,1,1,9,1,5,5,8,2,6,6,6,6,7,7,7,7,6,7,7,7,6,6,6,6,6,7,7,7,7,6,10,6,6,2,2,6,6,6,6,6,7,6,2,2,6,6,6,6,6,6,6,2,3,3,3,11,6,6,6,6,12,13,14,6,6,6,3,6,6,6,6,6,6,6,6,6,6,9,9,6,6,6,6,5,5,5,5,5,5,5,5,8,8,8,8,8,8,8,8","0.000749826431274414","walktrap","edit-xhwikibooks.graphml"
"0.88","0.08","0.04","0.621703825260299","1,1,1,1,1,2,1,2,2,4,1,1,2,2,2,3,4,1,1,1,6,7,2,2,2,2,2,3,1,4,1,1,9,1,5,5,8,2,6,6,6,6,7,7,7,7,6,7,7,7,6,6,6,6,6,7,7,7,7,6,10,6,6,2,2,6,6,6,6,6,7,6,2,2,6,6,6,6,6,6,6,2,3,3,3,11,6,6,6,6,12,13,14,6,6,6,3,6,6,6,6,6,6,6,6,6,6,9,9,6,6,6,6,5,5,5,5,5,5,5,5,8,8,8,8,8,8,8,8","0.00074005126953125","walktrap","edit-xhwikibooks.graphml"
"0.87","0.09","0.04","0.599372678755345","1,1,1,1,2,1,2,1,1,1,2,2,1,1,1,1,9,2,2,7,8,4,1,1,1,1,1,6,1,10,11,2,7,7,3,3,5,1,8,8,8,8,4,4,4,4,8,4,4,4,8,8,8,8,8,4,4,4,4,8,12,8,8,13,14,8,8,8,8,8,4,8,1,1,8,8,8,8,8,8,8,15,6,6,6,16,8,8,8,8,17,18,19,8,8,8,20,8,8,8,8,8,8,8,8,8,8,21,22,8,8,8,8,3,3,3,3,3,3,3,3,5,5,5,5,5,5,5,5","0.000731945037841797","walktrap","edit-xhwikibooks.graphml"
"0.86","0.1","0.04","0.599372678755345","1,1,1,1,2,1,2,1,1,1,2,2,1,1,1,1,9,2,2,7,8,4,1,1,1,1,1,6,1,10,11,2,7,7,3,3,5,1,8,8,8,8,4,4,4,4,8,4,4,4,8,8,8,8,8,4,4,4,4,8,12,8,8,13,14,8,8,8,8,8,4,8,1,1,8,8,8,8,8,8,8,15,6,6,6,16,8,8,8,8,17,18,19,8,8,8,20,8,8,8,8,8,8,8,8,8,8,21,22,8,8,8,8,3,3,3,3,3,3,3,3,5,5,5,5,5,5,5,5","0.000705957412719727","walktrap","edit-xhwikibooks.graphml"
"0.85","0.11","0.04","0.581126543209876","1,3,1,1,1,1,1,2,1,1,1,1,2,2,2,1,9,1,1,8,3,5,2,2,2,2,2,7,3,10,11,1,8,8,4,4,6,2,3,3,3,3,5,5,5,5,3,5,5,5,3,3,3,3,3,5,5,5,5,3,12,3,3,13,14,3,3,3,3,3,5,3,2,2,3,3,3,3,3,3,3,15,7,7,7,16,3,3,3,3,17,18,19,3,3,3,20,3,3,3,3,3,3,3,3,3,3,21,22,3,3,3,3,4,4,4,4,4,4,4,4,6,6,6,6,6,6,6,6","0.000793933868408203","walktrap","edit-xhwikibooks.graphml"
"0.84","0.12","0.04","0.588198889023065","1,3,1,1,1,1,1,2,1,1,1,1,2,2,2,1,9,1,1,8,3,5,2,2,2,2,2,7,3,10,11,1,8,8,4,4,6,2,3,3,3,3,5,5,5,5,3,5,5,5,3,3,3,3,3,5,5,5,5,3,12,3,3,13,14,3,3,3,3,3,5,3,2,2,3,3,3,3,3,3,3,15,7,7,7,16,3,3,3,3,17,18,19,3,3,3,20,3,3,3,3,3,3,3,3,3,3,21,22,3,3,3,3,4,4,4,4,4,4,4,4,6,6,6,6,6,6,6,6","0.000665903091430664","walktrap","edit-xhwikibooks.graphml"
"0.83","0.13","0.04","0.540597318021078","3,3,3,2,7,2,1,2,2,2,1,8,2,2,2,2,9,10,1,6,3,4,11,2,2,2,2,2,3,12,13,14,6,15,1,1,5,2,3,3,3,3,4,4,4,4,3,4,4,4,3,3,3,3,3,4,4,4,4,3,16,3,3,17,18,3,3,3,3,3,4,3,19,20,3,3,3,3,3,3,3,21,22,23,24,25,3,3,3,3,26,27,28,3,3,3,29,3,3,3,3,3,3,3,3,3,3,30,31,3,3,3,3,1,1,1,1,1,1,1,1,5,5,5,5,5,5,5,5","0.00063014030456543","walktrap","edit-xhwikibooks.graphml"
"0.82","0.14","0.04","0.540597318021078","3,3,3,2,7,2,1,2,2,2,1,8,2,2,2,2,9,10,1,6,3,4,11,2,2,2,2,2,3,12,13,14,6,15,1,1,5,2,3,3,3,3,4,4,4,4,3,4,4,4,3,3,3,3,3,4,4,4,4,3,16,3,3,17,18,3,3,3,3,3,4,3,19,20,3,3,3,3,3,3,3,21,22,23,24,25,3,3,3,3,26,27,28,3,3,3,29,3,3,3,3,3,3,3,3,3,3,30,31,3,3,3,3,1,1,1,1,1,1,1,1,5,5,5,5,5,5,5,5","0.00063014030456543","walktrap","edit-xhwikibooks.graphml"
"0.81","0.15","0.04","0.546173607355327","3,3,3,2,7,2,1,2,2,2,1,8,2,2,2,2,9,10,1,6,3,4,11,2,2,2,2,2,3,12,13,14,6,15,1,1,5,2,3,3,3,3,4,4,4,4,3,4,4,4,3,3,3,3,3,4,4,4,4,3,16,3,3,17,18,3,3,3,3,3,4,3,19,20,3,3,3,3,3,3,3,21,22,23,24,25,3,3,3,3,26,27,28,3,3,3,29,3,3,3,3,3,3,3,3,3,3,30,31,3,3,3,3,1,1,1,1,1,1,1,1,5,5,5,5,5,5,5,5","0.000792980194091797","walktrap","edit-xhwikibooks.graphml"
"0.8","0.16","0.04","0.550335794714157","3,3,3,2,7,2,1,2,2,2,1,8,2,2,2,2,9,10,1,6,3,4,11,2,2,2,2,2,3,12,13,14,6,15,1,1,5,2,3,3,3,3,4,4,4,4,3,4,4,4,3,3,3,3,3,4,4,4,4,3,16,3,3,17,18,3,3,3,3,3,4,3,19,20,3,3,3,3,3,3,3,21,22,23,24,25,3,3,3,3,26,27,28,3,3,3,29,3,3,3,3,3,3,3,3,3,3,30,31,3,3,3,3,1,1,1,1,1,1,1,1,5,5,5,5,5,5,5,5","0.000619888305664062","walktrap","edit-xhwikibooks.graphml"
"0.79","0.17","0.04","0.539210383991347","2,2,2,1,6,1,7,1,1,1,8,9,1,1,1,1,10,11,3,12,2,4,13,1,1,1,1,1,2,14,15,16,17,18,3,3,5,1,2,2,2,2,4,4,4,4,2,4,4,4,2,2,2,2,2,4,4,4,4,2,19,2,2,20,21,2,2,2,2,2,4,2,22,23,2,2,2,2,2,2,2,24,25,26,27,28,2,2,2,2,29,30,31,2,2,2,32,2,2,2,2,2,2,2,2,2,2,33,34,2,2,2,2,3,3,3,3,3,3,3,3,5,5,5,5,5,5,5,5","0.000627994537353516","walktrap","edit-xhwikibooks.graphml"
"0.78","0.18","0.04","0.539210383991347","2,2,2,1,6,1,7,1,1,1,8,9,1,1,1,1,10,11,3,12,2,4,13,1,1,1,1,1,2,14,15,16,17,18,3,3,5,1,2,2,2,2,4,4,4,4,2,4,4,4,2,2,2,2,2,4,4,4,4,2,19,2,2,20,21,2,2,2,2,2,4,2,22,23,2,2,2,2,2,2,2,24,25,26,27,28,2,2,2,2,29,30,31,2,2,2,32,2,2,2,2,2,2,2,2,2,2,33,34,2,2,2,2,3,3,3,3,3,3,3,3,5,5,5,5,5,5,5,5","0.000615119934082031","walktrap","edit-xhwikibooks.graphml"
"0.77","0.19","0.04","0.537071068194727","2,2,2,1,6,1,7,1,1,1,8,9,1,1,1,1,10,11,3,12,2,4,13,1,1,1,1,1,2,14,15,16,17,18,3,3,5,1,2,2,2,2,4,4,4,4,2,4,4,4,2,2,2,2,2,4,4,4,4,2,19,2,2,20,21,2,2,2,2,2,4,2,22,23,2,2,2,2,2,2,2,24,25,26,27,28,2,2,2,2,29,30,31,2,2,2,32,2,2,2,2,2,2,2,2,2,2,33,34,2,2,2,2,3,3,3,3,3,3,3,3,5,5,5,5,5,5,5,5","0.000637054443359375","walktrap","edit-xhwikibooks.graphml"
"0.76","0.2","0.04","0.542419938016529","2,2,2,1,6,1,7,1,1,1,8,9,1,1,1,1,10,11,3,12,2,4,13,1,1,1,1,1,2,14,15,16,17,18,3,3,5,1,2,2,2,2,4,4,4,4,2,4,4,4,2,2,2,2,2,4,4,4,4,2,19,2,2,20,21,2,2,2,2,2,4,2,22,23,2,2,2,2,2,2,2,24,25,26,27,28,2,2,2,2,29,30,31,2,2,2,32,2,2,2,2,2,2,2,2,2,2,33,34,2,2,2,2,3,3,3,3,3,3,3,3,5,5,5,5,5,5,5,5","0.000645160675048828","walktrap","edit-xhwikibooks.graphml"
"0.75","0.21","0.04","0.535498101980097","6,2,6,7,8,1,9,1,1,10,11,12,1,1,1,1,13,14,3,15,2,4,16,1,1,1,1,17,18,19,20,21,22,23,3,3,5,1,2,2,2,2,4,4,4,4,2,4,4,4,2,2,2,2,2,4,4,4,4,2,24,2,2,25,26,2,2,2,2,2,4,2,27,28,2,2,2,2,2,2,2,29,30,31,32,33,2,2,2,2,34,35,36,2,2,2,37,2,2,2,2,2,2,2,2,2,2,38,39,2,2,2,2,3,3,3,3,3,3,3,3,5,5,5,5,5,5,5,5","0.000818014144897461","walktrap","edit-xhwikibooks.graphml"
"0.74","0.22","0.04","0.535498101980097","6,2,6,7,8,1,9,1,1,10,11,12,1,1,1,1,13,14,3,15,2,4,16,1,1,1,1,17,18,19,20,21,22,23,3,3,5,1,2,2,2,2,4,4,4,4,2,4,4,4,2,2,2,2,2,4,4,4,4,2,24,2,2,25,26,2,2,2,2,2,4,2,27,28,2,2,2,2,2,2,2,29,30,31,32,33,2,2,2,2,34,35,36,2,2,2,37,2,2,2,2,2,2,2,2,2,2,38,39,2,2,2,2,3,3,3,3,3,3,3,3,5,5,5,5,5,5,5,5","0.000808000564575195","walktrap","edit-xhwikibooks.graphml"
"0.73","0.23","0.04","0.541765755053508","6,2,6,7,8,1,9,1,1,10,11,12,1,1,1,1,13,14,3,15,2,4,16,1,1,1,1,17,18,19,20,21,22,23,3,3,5,1,2,2,2,2,4,4,4,4,2,4,4,4,2,2,2,2,2,4,4,4,4,2,24,2,2,25,26,2,2,2,2,2,4,2,27,28,2,2,2,2,2,2,2,29,30,31,32,33,2,2,2,2,34,35,36,2,2,2,37,2,2,2,2,2,2,2,2,2,2,38,39,2,2,2,2,3,3,3,3,3,3,3,3,5,5,5,5,5,5,5,5","0.000833034515380859","walktrap","edit-xhwikibooks.graphml"
"0.72","0.24","0.04","0.545844897959184","6,2,6,7,8,1,9,1,1,10,11,12,1,1,1,1,13,14,3,15,2,4,16,1,1,1,1,17,18,19,20,21,22,23,3,3,5,1,2,2,2,2,4,4,4,4,2,4,4,4,2,2,2,2,2,4,4,4,4,2,24,2,2,25,26,2,2,2,2,2,4,2,27,28,2,2,2,2,2,2,2,29,30,31,32,33,2,2,2,2,34,35,36,2,2,2,37,2,2,2,2,2,2,2,2,2,2,38,39,2,2,2,2,3,3,3,3,3,3,3,3,5,5,5,5,5,5,5,5","0.000838994979858398","walktrap","edit-xhwikibooks.graphml"
"0.71","0.25","0.04","0.544792742768595","6,2,6,7,8,1,9,1,1,10,11,12,13,1,1,14,15,16,3,17,2,4,18,1,1,1,1,19,20,21,22,23,24,25,3,3,5,26,2,2,2,2,4,4,4,4,2,4,4,4,2,2,2,2,2,4,4,4,4,2,27,2,2,28,29,2,2,2,2,2,4,2,30,31,2,2,2,2,2,2,2,32,33,34,35,36,2,2,2,2,37,38,39,2,2,2,40,2,2,2,2,2,2,2,2,2,2,41,42,2,2,2,2,3,3,3,3,3,3,3,3,5,5,5,5,5,5,5,5","0.000842809677124023","walktrap","edit-xhwikibooks.graphml"
"0.7","0.26","0.04","0.544792742768595","6,2,6,7,8,1,9,1,1,10,11,12,13,1,1,14,15,16,3,17,2,4,18,1,1,1,1,19,20,21,22,23,24,25,3,3,5,26,2,2,2,2,4,4,4,4,2,4,4,4,2,2,2,2,2,4,4,4,4,2,27,2,2,28,29,2,2,2,2,2,4,2,30,31,2,2,2,2,2,2,2,32,33,34,35,36,2,2,2,2,37,38,39,2,2,2,40,2,2,2,2,2,2,2,2,2,2,41,42,2,2,2,2,3,3,3,3,3,3,3,3,5,5,5,5,5,5,5,5","0.000854015350341797","walktrap","edit-xhwikibooks.graphml"
"0.69","0.27","0.04","0.544792742768595","6,2,6,7,8,1,9,1,1,10,11,12,13,1,1,14,15,16,3,17,2,4,18,1,1,1,1,19,20,21,22,23,24,25,3,3,5,26,2,2,2,2,4,4,4,4,2,4,4,4,2,2,2,2,2,4,4,4,4,2,27,2,2,28,29,2,2,2,2,2,4,2,30,31,2,2,2,2,2,2,2,32,33,34,35,36,2,2,2,2,37,38,39,2,2,2,40,2,2,2,2,2,2,2,2,2,2,41,42,2,2,2,2,3,3,3,3,3,3,3,3,5,5,5,5,5,5,5,5","0.000807046890258789","walktrap","edit-xhwikibooks.graphml"
"0.68","0.28","0.04","0.542676114781832","6,2,6,7,8,1,9,1,1,10,11,12,13,1,1,14,15,16,3,17,2,4,18,1,1,1,1,19,20,21,22,23,24,25,3,3,5,26,2,2,2,2,4,4,4,4,2,4,4,4,2,2,2,2,2,4,4,4,4,2,27,2,2,28,29,2,2,2,2,2,4,2,30,31,2,2,2,2,2,2,2,32,33,34,35,36,2,2,2,2,37,38,39,2,2,2,40,2,2,2,2,2,2,2,2,2,2,41,42,2,2,2,2,3,3,3,3,3,3,3,3,5,5,5,5,5,5,5,5","0.000782966613769531","walktrap","edit-xhwikibooks.graphml"
"0.67","0.29","0.04","0.543869387755102","6,2,6,7,8,9,10,1,11,12,13,14,15,1,1,16,17,18,3,19,2,4,20,21,1,1,1,22,23,24,25,26,27,28,3,3,5,29,2,2,2,2,4,4,4,4,2,4,4,4,2,2,2,2,2,4,4,4,4,2,30,2,2,31,32,2,2,2,2,2,4,2,33,34,2,2,2,2,2,2,2,35,36,37,38,39,2,2,2,2,40,41,42,2,2,2,43,2,2,2,2,2,2,2,2,2,2,44,45,2,2,2,2,3,3,3,3,3,3,3,3,5,5,5,5,5,5,5,5","0.00074005126953125","walktrap","edit-xhwikibooks.graphml"
"0.66","0.3","0.04","0.541709710743802","6,2,6,7,8,9,10,1,11,12,13,14,15,1,1,16,17,18,3,19,2,4,20,21,1,1,1,22,23,24,25,26,27,28,3,3,5,29,2,2,2,2,4,4,4,4,2,4,4,4,2,2,2,2,2,4,4,4,4,2,30,2,2,31,32,2,2,2,2,2,4,2,33,34,2,2,2,2,2,2,2,35,36,37,38,39,2,2,2,2,40,41,42,2,2,2,43,2,2,2,2,2,2,2,2,2,2,44,45,2,2,2,2,3,3,3,3,3,3,3,3,5,5,5,5,5,5,5,5","0.000735044479370117","walktrap","edit-xhwikibooks.graphml"
"0.65","0.31","0.04","0.54572440869482","6,2,6,7,8,9,10,1,11,12,13,14,15,1,1,16,17,18,3,19,2,4,20,21,1,1,1,22,23,24,25,26,27,28,3,3,5,29,2,2,2,2,4,4,4,4,2,4,4,4,2,2,2,2,2,4,4,4,4,2,30,2,2,31,32,2,2,2,2,2,4,2,33,34,2,2,2,2,2,2,2,35,36,37,38,39,2,2,2,2,40,41,42,2,2,2,43,2,2,2,2,2,2,2,2,2,2,44,45,2,2,2,2,3,3,3,3,3,3,3,3,5,5,5,5,5,5,5,5","0.000856876373291016","walktrap","edit-xhwikibooks.graphml"
"0.64","0.32","0.04","0.548359913860367","3,2,3,7,8,9,10,1,11,12,13,14,15,1,1,16,17,18,4,19,2,5,20,21,1,1,1,22,23,24,25,26,27,28,4,4,6,29,2,2,2,2,5,5,5,5,2,5,5,5,2,2,2,2,2,5,5,5,5,2,30,2,2,31,32,2,2,2,2,2,5,2,33,34,2,2,2,2,2,2,2,35,36,37,38,39,2,2,2,2,40,41,42,2,2,2,43,2,2,2,2,2,2,2,2,2,2,44,45,2,2,2,2,4,4,4,4,4,4,4,4,6,6,6,6,6,6,6,6","0.000711917877197266","walktrap","edit-xhwikibooks.graphml"
"0.63","0.33","0.04","0.490891275947162","3,2,3,6,7,8,9,10,11,12,13,14,15,1,1,16,17,18,4,19,2,5,20,21,1,1,1,22,23,24,25,26,27,28,4,4,1,29,2,2,2,2,5,5,5,5,2,5,5,5,2,2,2,2,2,5,5,5,5,2,30,2,2,31,32,2,2,2,2,2,5,2,33,34,2,2,2,2,2,2,2,35,36,37,38,39,2,2,2,2,40,41,42,2,2,2,43,2,2,2,2,2,2,2,2,2,2,44,45,2,2,2,2,4,46,47,4,4,4,4,4,48,49,50,51,52,53,54,55","0.000710010528564453","walktrap","edit-xhwikibooks.graphml"
"0.62","0.34","0.04","0.556301700192301","4,3,4,6,7,8,9,10,11,12,13,14,15,1,1,16,17,18,2,19,3,5,20,21,1,1,1,22,23,24,25,26,27,28,2,2,1,29,3,3,3,3,5,5,5,5,3,5,5,5,3,3,3,3,3,5,5,5,5,3,30,3,3,31,32,3,3,3,3,3,5,3,33,34,3,3,3,3,3,3,3,35,36,37,38,39,3,3,3,3,40,41,42,3,3,3,43,3,3,3,3,3,3,3,3,3,3,44,45,3,3,3,3,2,46,47,2,2,2,2,2,48,49,50,51,52,53,54,55","0.000696182250976562","walktrap","edit-xhwikibooks.graphml"
"0.61","0.35","0.04","0.556301700192301","4,3,4,6,7,8,9,10,11,12,13,14,15,1,1,16,17,18,2,19,3,5,20,21,1,1,1,22,23,24,25,26,27,28,2,2,1,29,3,3,3,3,5,5,5,5,3,5,5,5,3,3,3,3,3,5,5,5,5,3,30,3,3,31,32,3,3,3,3,3,5,3,33,34,3,3,3,3,3,3,3,35,36,37,38,39,3,3,3,3,40,41,42,3,3,3,43,3,3,3,3,3,3,3,3,3,3,44,45,3,3,3,3,2,46,47,2,2,2,2,2,48,49,50,51,52,53,54,55","0.000707864761352539","walktrap","edit-xhwikibooks.graphml"
"0.6","0.36","0.04","0.554160125588697","4,3,4,6,7,8,9,10,11,12,13,14,15,1,1,16,17,18,2,19,3,5,20,21,1,1,1,22,23,24,25,26,27,28,2,2,1,29,3,3,3,3,5,5,5,5,3,5,5,5,3,3,3,3,3,5,5,5,5,3,30,3,3,31,32,3,3,3,3,3,5,3,33,34,3,3,3,3,3,3,3,35,36,37,38,39,3,3,3,3,40,41,42,3,3,3,43,3,3,3,3,3,3,3,3,3,3,44,45,3,3,3,3,2,46,47,2,2,2,2,2,48,49,50,51,52,53,54,55","0.000692129135131836","walktrap","edit-xhwikibooks.graphml"
"0.59","0.37","0.04","0.550227404535881","4,3,4,6,7,8,9,10,11,12,13,14,15,1,1,16,17,18,2,19,3,5,20,21,1,1,1,22,23,24,25,26,27,28,2,2,1,29,3,3,3,3,5,5,5,5,3,5,5,5,3,3,3,3,3,5,5,5,5,3,30,3,3,31,32,3,3,3,3,3,5,3,33,34,3,3,3,3,3,3,3,35,36,37,38,39,3,3,3,3,40,41,42,3,3,3,43,3,3,3,3,3,3,3,3,3,3,44,45,3,3,3,3,2,46,47,2,2,2,2,2,48,49,50,51,52,53,54,55","0.000705957412719727","walktrap","edit-xhwikibooks.graphml"
"0.58","0.38","0.04","0.548092017872237","4,3,4,6,7,8,9,10,11,12,13,14,15,1,1,16,17,18,2,19,3,5,20,21,1,1,1,22,23,24,25,26,27,28,2,2,1,29,3,3,3,3,5,5,5,5,3,5,5,5,3,3,3,3,3,5,5,5,5,3,30,3,3,31,32,3,3,3,3,3,5,3,33,34,3,3,3,3,3,3,3,35,36,37,38,39,3,3,3,3,40,41,42,3,3,3,43,3,3,3,3,3,3,3,3,3,3,44,45,3,3,3,3,2,46,47,2,2,2,2,2,48,49,50,51,52,53,54,55","0.000696897506713867","walktrap","edit-xhwikibooks.graphml"
"0.57","0.39","0.04","0.551912568306011","4,3,4,6,7,8,9,10,11,12,13,14,15,1,1,16,17,18,2,19,3,5,20,21,1,1,1,22,23,24,25,26,27,28,2,2,1,29,3,3,3,3,5,5,5,5,3,5,5,5,3,3,3,3,3,5,5,5,5,3,30,3,3,31,32,3,3,3,3,3,5,3,33,34,3,3,3,3,3,3,3,35,36,37,38,39,3,3,3,3,40,41,42,3,3,3,43,3,3,3,3,3,3,3,3,3,3,44,45,3,3,3,3,2,46,47,2,2,2,2,2,48,49,50,51,52,53,54,55","0.00070500373840332","walktrap","edit-xhwikibooks.graphml"
"0.56","0.4","0.04","0.556206926134576","4,3,4,6,7,8,9,10,11,12,13,14,15,1,1,16,17,18,2,19,3,5,20,21,1,1,1,22,23,24,25,26,27,28,2,2,1,29,3,3,3,3,5,5,5,5,3,5,5,5,3,3,3,3,3,5,5,5,5,3,30,3,3,31,32,3,3,3,3,3,5,3,33,34,3,3,3,3,3,3,3,35,36,37,38,39,3,3,3,3,40,41,42,3,3,3,43,3,3,3,3,3,3,3,3,3,3,44,45,3,3,3,3,2,46,47,2,2,2,2,2,48,49,50,51,52,53,54,55","0.000710964202880859","walktrap","edit-xhwikibooks.graphml"
"0.55","0.41","0.04","0.539594163516068","3,2,3,5,6,7,8,9,10,11,12,13,14,1,1,15,16,17,18,19,2,4,20,21,22,1,23,24,25,26,27,28,29,30,1,1,1,31,2,2,2,2,4,4,4,4,2,4,4,4,2,2,2,2,2,4,4,4,4,2,32,2,2,33,34,2,2,2,2,2,4,2,35,36,2,2,2,2,2,2,2,37,38,39,40,41,2,2,2,2,42,43,44,2,2,2,45,2,2,2,2,2,2,2,2,2,2,46,47,2,2,2,2,1,48,49,1,1,1,1,1,50,51,52,53,54,55,56,57","0.000777959823608398","walktrap","edit-xhwikibooks.graphml"
"0.54","0.42","0.04","0.542244768181293","3,2,3,5,6,7,8,9,10,11,12,13,14,1,1,15,16,17,18,19,2,4,20,21,22,1,23,24,25,26,27,28,29,30,1,1,1,31,2,2,2,2,4,4,4,4,2,4,4,4,2,2,2,2,2,4,4,4,4,2,32,2,2,33,34,2,2,2,2,2,4,2,35,36,2,2,2,2,2,2,2,37,38,39,40,41,2,2,2,2,42,43,44,2,2,2,45,2,2,2,2,2,2,2,2,2,2,46,47,2,2,2,2,1,48,49,1,1,1,1,1,50,51,52,53,54,55,56,57","0.000694036483764648","walktrap","edit-xhwikibooks.graphml"
"0.53","0.43","0.04","0.548197713897692","3,2,3,5,6,7,8,9,10,11,12,13,14,1,1,15,16,17,18,19,2,4,20,21,22,1,23,24,25,26,27,28,29,30,1,1,1,31,2,2,2,2,4,4,4,4,2,4,4,4,2,2,2,2,2,4,4,4,4,2,32,2,2,33,34,2,2,2,2,2,4,2,35,36,2,2,2,2,2,2,2,37,38,39,40,41,2,2,2,2,42,43,44,2,2,2,45,2,2,2,2,2,2,2,2,2,2,46,47,2,2,2,2,1,48,49,1,1,1,1,1,50,51,52,53,54,55,56,57","0.000692129135131836","walktrap","edit-xhwikibooks.graphml"
"0.52","0.44","0.04","0.546219310769576","3,2,3,5,6,7,8,9,10,11,12,13,14,1,1,15,16,17,18,19,2,4,20,21,22,1,23,24,25,26,27,28,29,30,1,1,1,31,2,2,2,2,4,4,4,4,2,4,4,4,2,2,2,2,2,4,4,4,4,2,32,2,2,33,34,2,2,2,2,2,4,2,35,36,2,2,2,2,2,2,2,37,38,39,40,41,2,2,2,2,42,43,44,2,2,2,45,2,2,2,2,2,2,2,2,2,2,46,47,2,2,2,2,1,48,49,1,1,1,1,1,50,51,52,53,54,55,56,57","0.000703096389770508","walktrap","edit-xhwikibooks.graphml"
"0.51","0.45","0.04","0.550900277008311","3,2,3,5,6,7,8,9,10,11,12,13,14,1,1,15,16,17,18,19,2,4,20,21,22,23,24,25,26,27,28,29,30,31,1,1,1,32,2,2,2,2,4,4,4,4,2,4,4,4,2,2,2,2,2,4,4,4,4,2,33,2,2,34,35,2,2,2,2,2,4,2,36,37,2,2,2,2,2,2,2,38,39,40,41,42,2,2,2,2,43,44,45,2,2,2,46,2,2,2,2,2,2,2,2,2,2,47,48,2,2,2,2,1,49,50,1,1,1,1,1,51,52,53,54,55,56,57,58","0.000710964202880859","walktrap","edit-xhwikibooks.graphml"
"0.5","0.46","0.04","0.548929579781256","3,2,3,5,6,7,8,9,10,11,12,13,14,1,1,15,16,17,18,19,2,4,20,21,22,23,24,25,26,27,28,29,30,31,1,1,1,32,2,2,2,2,4,4,4,4,2,4,4,4,2,2,2,2,2,4,4,4,4,2,33,2,2,34,35,2,2,2,2,2,4,2,36,37,2,2,2,2,2,2,2,38,39,40,41,42,2,2,2,2,43,44,45,2,2,2,46,2,2,2,2,2,2,2,2,2,2,47,48,2,2,2,2,1,49,50,1,1,1,1,1,51,52,53,54,55,56,57,58","0.000699996948242188","walktrap","edit-xhwikibooks.graphml"
"0.49","0.47","0.04","0.552585177951389","3,2,3,5,6,7,8,9,10,11,12,13,14,1,1,15,16,17,18,19,2,4,20,21,22,23,24,25,26,27,28,29,30,31,1,1,1,32,2,2,2,2,4,4,4,4,2,4,4,4,2,2,2,2,2,4,4,4,4,2,33,2,2,34,35,2,2,2,2,2,4,2,36,37,2,2,2,2,2,2,2,38,39,40,41,42,2,2,2,2,43,44,45,2,2,2,46,2,2,2,2,2,2,2,2,2,2,47,48,2,2,2,2,1,49,50,1,1,1,1,1,51,52,53,54,55,56,57,58","0.000909090042114258","walktrap","edit-xhwikibooks.graphml"
"0.48","0.48","0.04","0.550632231737765","3,2,3,5,6,7,8,9,10,11,12,13,14,1,1,15,16,17,18,19,2,4,20,21,22,23,24,25,26,27,28,29,30,31,1,1,1,32,2,2,2,2,4,4,4,4,2,4,4,4,2,2,2,2,2,4,4,4,4,2,33,2,2,34,35,2,2,2,2,2,4,2,36,37,2,2,2,2,2,2,2,38,39,40,41,42,2,2,2,2,43,44,45,2,2,2,46,2,2,2,2,2,2,2,2,2,2,47,48,2,2,2,2,1,49,50,1,1,1,1,1,51,52,53,54,55,56,57,58","0.000694990158081055","walktrap","edit-xhwikibooks.graphml"
"0.47","0.49","0.04","0.436203593605496","4,1,4,5,6,7,8,9,10,11,12,13,14,2,2,15,16,17,18,19,1,1,20,21,22,23,24,25,26,27,28,29,30,31,3,3,2,32,1,1,1,1,33,34,35,36,1,37,38,39,1,1,1,1,1,40,41,42,43,1,44,1,1,45,46,1,1,1,1,1,47,1,48,49,1,1,1,1,1,1,1,50,51,52,53,54,1,1,1,1,55,56,57,1,1,1,58,1,1,1,1,1,1,1,1,1,1,59,60,1,1,1,1,3,61,62,3,3,3,3,3,63,64,65,66,67,68,69,70","0.000642061233520508","walktrap","edit-xhwikibooks.graphml"
"0.46","0.5","0.04","0.605940243114198","4,2,4,7,8,9,10,5,11,12,13,14,1,1,1,15,16,17,18,19,2,2,20,5,6,6,6,21,22,23,24,25,26,27,3,3,1,28,2,2,2,2,29,30,31,32,2,33,34,35,2,2,2,2,2,36,37,38,39,2,40,2,2,41,42,2,2,2,2,2,43,2,44,45,2,2,2,2,2,2,2,46,47,48,49,50,2,2,2,2,51,52,53,2,2,2,54,2,2,2,2,2,2,2,2,2,2,55,56,2,2,2,2,3,57,58,3,3,3,3,3,59,60,61,62,63,64,65,66","0.000663042068481445","walktrap","edit-xhwikibooks.graphml"
"0.45","0.51","0.04","0.605940243114198","4,2,4,7,8,9,10,5,11,12,13,14,1,1,1,15,16,17,18,19,2,2,20,5,6,6,6,21,22,23,24,25,26,27,3,3,1,28,2,2,2,2,29,30,31,32,2,33,34,35,2,2,2,2,2,36,37,38,39,2,40,2,2,41,42,2,2,2,2,2,43,2,44,45,2,2,2,2,2,2,2,46,47,48,49,50,2,2,2,2,51,52,53,2,2,2,54,2,2,2,2,2,2,2,2,2,2,55,56,2,2,2,2,3,57,58,3,3,3,3,3,59,60,61,62,63,64,65,66","0.000663995742797852","walktrap","edit-xhwikibooks.graphml"
"0.44","0.52","0.04","0.605940243114198","4,2,4,7,8,9,10,5,11,12,13,14,1,1,1,15,16,17,18,19,2,2,20,5,6,6,6,21,22,23,24,25,26,27,3,3,1,28,2,2,2,2,29,30,31,32,2,33,34,35,2,2,2,2,2,36,37,38,39,2,40,2,2,41,42,2,2,2,2,2,43,2,44,45,2,2,2,2,2,2,2,46,47,48,49,50,2,2,2,2,51,52,53,2,2,2,54,2,2,2,2,2,2,2,2,2,2,55,56,2,2,2,2,3,57,58,3,3,3,3,3,59,60,61,62,63,64,65,66","0.00065302848815918","walktrap","edit-xhwikibooks.graphml"
"0.43","0.53","0.04","0.604080578512396","4,2,4,7,8,9,10,5,11,12,13,14,1,1,1,15,16,17,18,19,2,2,20,5,6,6,6,21,22,23,24,25,26,27,3,3,1,28,2,2,2,2,29,30,31,32,2,33,34,35,2,2,2,2,2,36,37,38,39,2,40,2,2,41,42,2,2,2,2,2,43,2,44,45,2,2,2,2,2,2,2,46,47,48,49,50,2,2,2,2,51,52,53,2,2,2,54,2,2,2,2,2,2,2,2,2,2,55,56,2,2,2,2,3,57,58,3,3,3,3,3,59,60,61,62,63,64,65,66","0.00067901611328125","walktrap","edit-xhwikibooks.graphml"
"0.42","0.54","0.04","0.602229684076903","4,2,4,7,8,9,10,5,11,12,13,14,1,1,1,15,16,17,18,19,2,2,20,5,6,6,6,21,22,23,24,25,26,27,3,3,1,28,2,2,2,2,29,30,31,32,2,33,34,35,2,2,2,2,2,36,37,38,39,2,40,2,2,41,42,2,2,2,2,2,43,2,44,45,2,2,2,2,2,2,2,46,47,48,49,50,2,2,2,2,51,52,53,2,2,2,54,2,2,2,2,2,2,2,2,2,2,55,56,2,2,2,2,3,57,58,3,3,3,3,3,59,60,61,62,63,64,65,66","0.000658035278320312","walktrap","edit-xhwikibooks.graphml"
"0.41","0.55","0.04","0.600387549711873","4,2,4,7,8,9,10,5,11,12,13,14,1,1,1,15,16,17,18,19,2,2,20,5,6,6,6,21,22,23,24,25,26,27,3,3,1,28,2,2,2,2,29,30,31,32,2,33,34,35,2,2,2,2,2,36,37,38,39,2,40,2,2,41,42,2,2,2,2,2,43,2,44,45,2,2,2,2,2,2,2,46,47,48,49,50,2,2,2,2,51,52,53,2,2,2,54,2,2,2,2,2,2,2,2,2,2,55,56,2,2,2,2,3,57,58,3,3,3,3,3,59,60,61,62,63,64,65,66","0.000669002532958984","walktrap","edit-xhwikibooks.graphml"
"0.4","0.56","0.04","0.605418925382653","4,2,4,7,8,9,10,5,11,12,13,14,1,1,1,15,16,17,18,19,2,2,20,5,6,6,6,21,22,23,24,25,26,27,3,3,1,28,2,2,2,2,29,30,31,32,2,33,34,35,2,2,2,2,2,36,37,38,39,2,40,2,2,41,42,2,2,2,2,2,43,2,44,45,2,2,2,2,2,2,2,46,47,48,49,50,2,2,2,2,51,52,53,2,2,2,54,2,2,2,2,2,2,2,2,2,2,55,56,2,2,2,2,3,57,58,3,3,3,3,3,59,60,61,62,63,64,65,66","0.000681877136230469","walktrap","edit-xhwikibooks.graphml"
"0.39","0.57","0.04","0.59869750021042","3,1,3,8,9,10,11,4,12,13,14,15,2,2,2,16,17,18,19,20,1,1,21,4,5,5,5,22,23,24,25,26,27,28,6,6,29,30,1,1,1,1,31,32,33,34,1,35,36,37,1,1,1,1,1,38,39,40,41,1,42,1,1,43,44,1,1,1,1,1,45,1,46,47,1,1,1,1,1,1,1,48,49,50,51,52,1,1,1,1,53,54,55,1,1,1,56,1,1,1,1,1,1,1,1,1,1,57,58,1,1,1,1,7,59,60,7,7,7,7,7,61,62,63,64,65,66,67,68","0.000771045684814453","walktrap","edit-xhwikibooks.graphml"
"0.38","0.58","0.04","0.605092975206611","3,1,3,8,9,10,11,4,12,13,14,15,2,2,2,16,17,18,19,20,1,1,21,4,5,5,5,22,23,24,25,26,27,28,6,6,29,30,1,1,1,1,31,32,33,34,1,35,36,37,1,1,1,1,1,38,39,40,41,1,42,1,1,43,44,1,1,1,1,1,45,1,46,47,1,1,1,1,1,1,1,48,49,50,51,52,1,1,1,1,53,54,55,1,1,1,56,1,1,1,1,1,1,1,1,1,1,57,58,1,1,1,1,7,59,60,7,7,7,7,7,61,62,63,64,65,66,67,68","0.000647068023681641","walktrap","edit-xhwikibooks.graphml"
"0.37","0.59","0.04","0.60311009193096","3,1,3,8,9,10,11,4,12,13,14,15,2,2,2,16,17,18,19,20,1,1,21,4,5,5,5,22,23,24,25,26,27,28,6,6,29,30,1,1,1,1,31,32,33,34,1,35,36,37,1,1,1,1,1,38,39,40,41,1,42,1,1,43,44,1,1,1,1,1,45,1,46,47,1,1,1,1,1,1,1,48,49,50,51,52,1,1,1,1,53,54,55,1,1,1,56,1,1,1,1,1,1,1,1,1,1,57,58,1,1,1,1,7,59,60,7,7,7,7,7,61,62,63,64,65,66,67,68","0.000629901885986328","walktrap","edit-xhwikibooks.graphml"
"0.36","0.6","0.04","0.607710857780612","3,1,3,8,9,10,11,4,12,13,14,15,2,2,2,16,17,18,19,20,1,1,21,4,5,5,5,22,23,24,25,26,27,28,6,6,29,30,1,1,1,1,31,32,33,34,1,35,36,37,1,1,1,1,1,38,39,40,41,1,42,1,1,43,44,1,1,1,1,1,45,1,46,47,1,1,1,1,1,1,1,48,49,50,51,52,1,1,1,1,53,54,55,1,1,1,56,1,1,1,1,1,1,1,1,1,1,57,58,1,1,1,1,7,59,60,7,7,7,7,7,61,62,63,64,65,66,67,68","0.000635147094726562","walktrap","edit-xhwikibooks.graphml"
"0.35","0.61","0.04","0.605758024691358","3,1,3,8,9,10,11,4,12,13,14,15,2,2,2,16,17,18,19,20,1,1,21,4,5,5,5,22,23,24,25,26,27,28,6,6,29,30,1,1,1,1,31,32,33,34,1,35,36,37,1,1,1,1,1,38,39,40,41,1,42,1,1,43,44,1,1,1,1,1,45,1,46,47,1,1,1,1,1,1,1,48,49,50,51,52,1,1,1,1,53,54,55,1,1,1,56,1,1,1,1,1,1,1,1,1,1,57,58,1,1,1,1,7,59,60,7,7,7,7,7,61,62,63,64,65,66,67,68","0.000666141510009766","walktrap","edit-xhwikibooks.graphml"
"0.34","0.62","0.04","0.603815882214739","3,1,3,8,9,10,11,4,12,13,14,15,2,2,2,16,17,18,19,20,1,1,21,4,5,5,5,22,23,24,25,26,27,28,6,6,29,30,1,1,1,1,31,32,33,34,1,35,36,37,1,1,1,1,1,38,39,40,41,1,42,1,1,43,44,1,1,1,1,1,45,1,46,47,1,1,1,1,1,1,1,48,49,50,51,52,1,1,1,1,53,54,55,1,1,1,56,1,1,1,1,1,1,1,1,1,1,57,58,1,1,1,1,7,59,60,7,7,7,7,7,61,62,63,64,65,66,67,68","0.000628948211669922","walktrap","edit-xhwikibooks.graphml"
"0.33","0.63","0.04","0.601884375788391","3,1,3,8,9,10,11,4,12,13,14,15,2,2,2,16,17,18,19,20,1,1,21,4,5,5,5,22,23,24,25,26,27,28,6,6,29,30,1,1,1,1,31,32,33,34,1,35,36,37,1,1,1,1,1,38,39,40,41,1,42,1,1,43,44,1,1,1,1,1,45,1,46,47,1,1,1,1,1,1,1,48,49,50,51,52,1,1,1,1,53,54,55,1,1,1,56,1,1,1,1,1,1,1,1,1,1,57,58,1,1,1,1,7,59,60,7,7,7,7,7,61,62,63,64,65,66,67,68","0.000634908676147461","walktrap","edit-xhwikibooks.graphml"
"0.32","0.64","0.04","0.601884375788391","3,1,3,8,9,10,11,4,12,13,14,15,2,2,2,16,17,18,19,20,1,1,21,4,5,5,5,22,23,24,25,26,27,28,6,6,29,30,1,1,1,1,31,32,33,34,1,35,36,37,1,1,1,1,1,38,39,40,41,1,42,1,1,43,44,1,1,1,1,1,45,1,46,47,1,1,1,1,1,1,1,48,49,50,51,52,1,1,1,1,53,54,55,1,1,1,56,1,1,1,1,1,1,1,1,1,1,57,58,1,1,1,1,7,59,60,7,7,7,7,7,61,62,63,64,65,66,67,68","0.000812768936157227","walktrap","edit-xhwikibooks.graphml"
"0.31","0.65","0.04","0.642715752294825","3,2,3,8,9,10,11,4,12,13,14,15,1,1,1,16,17,18,19,20,2,21,22,4,5,5,5,23,24,25,26,27,28,29,6,6,30,31,2,2,2,2,32,33,34,35,2,36,37,38,2,2,2,2,2,39,40,41,42,2,43,2,2,44,45,2,2,2,2,2,46,2,47,48,2,2,2,2,2,2,2,49,50,51,52,53,2,2,2,2,54,55,56,2,2,2,57,2,2,2,2,2,2,2,2,2,2,58,59,2,2,2,2,7,60,61,7,7,7,7,7,62,63,64,65,66,67,68,69","0.000630855560302734","walktrap","edit-xhwikibooks.graphml"
"0.3","0.66","0.04","0.645631348107109","3,2,3,8,9,10,11,4,12,13,14,15,1,1,1,16,17,18,19,20,2,21,22,4,5,5,5,23,24,25,26,27,28,29,6,6,30,31,2,2,2,2,32,33,34,35,2,36,37,38,2,2,2,2,2,39,40,41,42,2,43,2,2,44,45,2,2,2,2,2,46,2,47,48,2,2,2,2,2,2,2,49,50,51,52,53,2,2,2,2,54,55,56,2,2,2,57,2,2,2,2,2,2,2,2,2,2,58,59,2,2,2,2,7,60,61,7,7,7,7,7,62,63,64,65,66,67,68,69","0.000626087188720703","walktrap","edit-xhwikibooks.graphml"
"0.29","0.67","0.04","0.68049416586225","3,2,3,8,9,10,11,4,12,13,14,15,1,1,1,16,17,18,19,20,2,21,22,4,5,5,5,23,24,25,26,27,28,29,6,6,30,31,2,2,2,2,32,33,34,35,2,36,37,38,2,2,2,2,2,39,40,41,42,2,43,2,2,44,45,2,2,2,2,2,46,2,47,48,2,2,2,2,2,2,2,49,50,51,52,53,2,2,2,2,54,55,56,2,2,2,57,2,2,2,2,2,2,2,2,2,2,58,59,2,2,2,2,7,60,61,7,7,7,7,7,62,63,64,65,66,67,68,69","0.000651121139526367","walktrap","edit-xhwikibooks.graphml"
"0.28","0.68","0.04","0.68049416586225","3,2,3,8,9,10,11,4,12,13,14,15,1,1,1,16,17,18,19,20,2,21,22,4,5,5,5,23,24,25,26,27,28,29,6,6,30,31,2,2,2,2,32,33,34,35,2,36,37,38,2,2,2,2,2,39,40,41,42,2,43,2,2,44,45,2,2,2,2,2,46,2,47,48,2,2,2,2,2,2,2,49,50,51,52,53,2,2,2,2,54,55,56,2,2,2,57,2,2,2,2,2,2,2,2,2,2,58,59,2,2,2,2,7,60,61,7,7,7,7,7,62,63,64,65,66,67,68,69","0.000638008117675781","walktrap","edit-xhwikibooks.graphml"
"0.27","0.69","0.04","0.678623018005912","3,2,3,8,9,10,11,4,12,13,14,15,1,1,1,16,17,18,19,20,2,21,22,4,5,5,5,23,24,25,26,27,28,29,6,6,30,31,2,2,2,2,32,33,34,35,2,36,37,38,2,2,2,2,2,39,40,41,42,2,43,2,2,44,45,2,2,2,2,2,46,2,47,48,2,2,2,2,2,2,2,49,50,51,52,53,2,2,2,2,54,55,56,2,2,2,57,2,2,2,2,2,2,2,2,2,2,58,59,2,2,2,2,7,60,61,7,7,7,7,7,62,63,64,65,66,67,68,69","0.000645160675048828","walktrap","edit-xhwikibooks.graphml"
"0.26","0.7","0.04","0.680941274468972","3,2,3,8,9,10,11,4,12,13,14,15,1,1,1,16,17,18,19,20,2,21,22,4,5,5,5,23,24,25,26,27,28,29,6,6,30,31,2,2,2,2,32,33,34,35,2,36,37,38,2,2,2,2,2,39,40,41,42,2,43,2,2,44,45,2,2,2,2,2,46,2,47,48,2,2,2,2,2,2,2,49,50,51,52,53,2,2,2,2,54,55,56,2,2,2,57,2,2,2,2,2,2,2,2,2,2,58,59,2,2,2,2,7,60,61,7,7,7,7,7,62,63,64,65,66,67,68,69","0.000658035278320312","walktrap","edit-xhwikibooks.graphml"
"0.25","0.71","0.04","0.679084870116993","3,2,3,8,9,10,11,4,12,13,14,15,1,1,1,16,17,18,19,20,2,21,22,4,5,5,5,23,24,25,26,27,28,29,6,6,30,31,2,2,2,2,32,33,34,35,2,36,37,38,2,2,2,2,2,39,40,41,42,2,43,2,2,44,45,2,2,2,2,2,46,2,47,48,2,2,2,2,2,2,2,49,50,51,52,53,2,2,2,2,54,55,56,2,2,2,57,2,2,2,2,2,2,2,2,2,2,58,59,2,2,2,2,7,60,61,7,7,7,7,7,62,63,64,65,66,67,68,69","0.00065302848815918","walktrap","edit-xhwikibooks.graphml"
"0.24","0.72","0.04","0.683329539542143","3,2,3,8,9,10,11,4,12,13,14,15,1,1,1,16,17,18,19,20,2,21,22,4,5,5,5,23,24,25,26,27,28,29,6,6,30,31,2,2,2,2,32,33,34,35,2,36,37,38,2,2,2,2,2,39,40,41,42,2,43,2,2,44,45,2,2,2,2,2,46,2,47,48,2,2,2,2,2,2,2,49,50,51,52,53,2,2,2,2,54,55,56,2,2,2,57,2,2,2,2,2,2,2,2,2,2,58,59,2,2,2,2,7,60,61,7,7,7,7,7,62,63,64,65,66,67,68,69","0.000648975372314453","walktrap","edit-xhwikibooks.graphml"
"0.23","0.73","0.04","0.681497072627862","3,2,3,8,9,10,11,4,12,13,14,15,1,1,1,16,17,18,19,20,2,21,22,4,5,5,5,23,24,25,26,27,28,29,6,6,30,31,2,2,2,2,32,33,34,35,2,36,37,38,2,2,2,2,2,39,40,41,42,2,43,2,2,44,45,2,2,2,2,2,46,2,47,48,2,2,2,2,2,2,2,49,50,51,52,53,2,2,2,2,54,55,56,2,2,2,57,2,2,2,2,2,2,2,2,2,2,58,59,2,2,2,2,7,60,61,7,7,7,7,7,62,63,64,65,66,67,68,69","0.000665187835693359","walktrap","edit-xhwikibooks.graphml"
"0.22","0.74","0.04","0.681497072627862","3,2,3,8,9,10,11,4,12,13,14,15,1,1,1,16,17,18,19,20,2,21,22,4,5,5,5,23,24,25,26,27,28,29,6,6,30,31,2,2,2,2,32,33,34,35,2,36,37,38,2,2,2,2,2,39,40,41,42,2,43,2,2,44,45,2,2,2,2,2,46,2,47,48,2,2,2,2,2,2,2,49,50,51,52,53,2,2,2,2,54,55,56,2,2,2,57,2,2,2,2,2,2,2,2,2,2,58,59,2,2,2,2,7,60,61,7,7,7,7,7,62,63,64,65,66,67,68,69","0.00108909606933594","walktrap","edit-xhwikibooks.graphml"
"0.21","0.75","0.04","0.686630005155524","4,2,4,8,9,10,11,3,12,13,14,15,1,1,1,16,17,18,19,20,2,21,22,3,5,5,5,23,24,25,26,27,28,29,6,6,30,31,2,2,2,2,32,33,34,35,2,36,37,38,2,2,2,2,2,39,40,41,42,2,43,2,2,44,45,2,2,2,2,2,46,2,47,48,2,2,2,2,2,2,2,49,50,51,52,53,2,2,2,2,54,55,56,2,2,2,57,2,2,2,2,2,2,2,2,2,2,58,59,2,2,2,2,7,60,61,7,7,7,7,7,62,63,64,65,66,67,68,69","0.00101900100708008","walktrap","edit-xhwikibooks.graphml"
"0.2","0.76","0.04","0.686630005155524","4,2,4,8,9,10,11,3,12,13,14,15,1,1,1,16,17,18,19,20,2,21,22,3,5,5,5,23,24,25,26,27,28,29,6,6,30,31,2,2,2,2,32,33,34,35,2,36,37,38,2,2,2,2,2,39,40,41,42,2,43,2,2,44,45,2,2,2,2,2,46,2,47,48,2,2,2,2,2,2,2,49,50,51,52,53,2,2,2,2,54,55,56,2,2,2,57,2,2,2,2,2,2,2,2,2,2,58,59,2,2,2,2,7,60,61,7,7,7,7,7,62,63,64,65,66,67,68,69","0.00103998184204102","walktrap","edit-xhwikibooks.graphml"
"0.19","0.77","0.04","0.688782627565255","4,2,4,8,9,10,11,3,12,13,14,15,1,1,1,16,17,18,19,20,2,21,22,3,5,5,5,23,24,25,26,27,28,29,6,6,30,31,2,2,2,2,32,33,34,35,2,36,37,38,2,2,2,2,2,39,40,41,42,2,43,2,2,44,45,2,2,2,2,2,46,2,47,48,2,2,2,2,2,2,2,49,50,51,52,53,2,2,2,2,54,55,56,2,2,2,57,2,2,2,2,2,2,2,2,2,2,58,59,2,2,2,2,7,60,61,7,7,7,7,7,62,63,64,65,66,67,68,69","0.0010380744934082","walktrap","edit-xhwikibooks.graphml"
"0.18","0.78","0.04","0.691145967387848","4,2,4,8,9,10,11,3,12,13,14,15,1,1,1,16,17,18,19,20,2,21,22,3,5,5,5,23,24,25,26,27,28,29,6,6,30,31,2,2,2,2,32,33,34,35,2,36,37,38,2,2,2,2,2,39,40,41,42,2,43,2,2,44,45,2,2,2,2,2,46,2,47,48,2,2,2,2,2,2,2,49,50,51,52,53,2,2,2,2,54,55,56,2,2,2,57,2,2,2,2,2,2,2,2,2,2,58,59,2,2,2,2,7,60,61,7,7,7,7,7,62,63,64,65,66,67,68,69","0.00121688842773438","walktrap","edit-xhwikibooks.graphml"
"0.17","0.79","0.04","0.691145967387848","4,2,4,8,9,10,11,3,12,13,14,15,1,1,1,16,17,18,19,20,2,21,22,3,5,5,5,23,24,25,26,27,28,29,6,6,30,31,2,2,2,2,32,33,34,35,2,36,37,38,2,2,2,2,2,39,40,41,42,2,43,2,2,44,45,2,2,2,2,2,46,2,47,48,2,2,2,2,2,2,2,49,50,51,52,53,2,2,2,2,54,55,56,2,2,2,57,2,2,2,2,2,2,2,2,2,2,58,59,2,2,2,2,7,60,61,7,7,7,7,7,62,63,64,65,66,67,68,69","0.00106287002563477","walktrap","edit-xhwikibooks.graphml"
"0.16","0.8","0.04","0.691849796685311","4,2,4,8,9,10,11,3,12,13,14,15,1,1,1,16,17,18,19,20,2,21,22,3,5,5,5,23,24,25,26,27,28,29,6,6,30,31,2,2,2,2,32,33,34,35,2,36,37,38,2,2,2,2,2,39,40,41,42,2,43,2,2,44,45,2,2,2,2,2,46,2,47,48,2,2,2,2,2,2,2,49,50,51,52,53,2,2,2,2,54,55,56,2,2,2,57,2,2,2,2,2,2,2,2,2,2,58,59,2,2,2,2,7,60,61,7,7,7,7,7,62,63,64,65,66,67,68,69","0.00103998184204102","walktrap","edit-xhwikibooks.graphml"
"0.15","0.81","0.04","0.691849796685311","4,2,4,8,9,10,11,3,12,13,14,15,1,1,1,16,17,18,19,20,2,21,22,3,5,5,5,23,24,25,26,27,28,29,6,6,30,31,2,2,2,2,32,33,34,35,2,36,37,38,2,2,2,2,2,39,40,41,42,2,43,2,2,44,45,2,2,2,2,2,46,2,47,48,2,2,2,2,2,2,2,49,50,51,52,53,2,2,2,2,54,55,56,2,2,2,57,2,2,2,2,2,2,2,2,2,2,58,59,2,2,2,2,7,60,61,7,7,7,7,7,62,63,64,65,66,67,68,69","0.00107812881469727","walktrap","edit-xhwikibooks.graphml"
"0.14","0.82","0.04","0.690104014917546","4,2,4,8,9,10,11,3,12,13,14,15,1,1,1,16,17,18,19,20,2,21,22,3,5,5,5,23,24,25,26,27,28,29,6,6,30,31,2,2,2,2,32,33,34,35,2,36,37,38,2,2,2,2,2,39,40,41,42,2,43,2,2,44,45,2,2,2,2,2,46,2,47,48,2,2,2,2,2,2,2,49,50,51,52,53,2,2,2,2,54,55,56,2,2,2,57,2,2,2,2,2,2,2,2,2,2,58,59,2,2,2,2,7,60,61,7,7,7,7,7,62,63,64,65,66,67,68,69","0.00108504295349121","walktrap","edit-xhwikibooks.graphml"
"0.13","0.83","0.04","0.690104014917546","4,2,4,8,9,10,11,3,12,13,14,15,1,1,1,16,17,18,19,20,2,21,22,3,5,5,5,23,24,25,26,27,28,29,6,6,30,31,2,2,2,2,32,33,34,35,2,36,37,38,2,2,2,2,2,39,40,41,42,2,43,2,2,44,45,2,2,2,2,2,46,2,47,48,2,2,2,2,2,2,2,49,50,51,52,53,2,2,2,2,54,55,56,2,2,2,57,2,2,2,2,2,2,2,2,2,2,58,59,2,2,2,2,7,60,61,7,7,7,7,7,62,63,64,65,66,67,68,69","0.00111198425292969","walktrap","edit-xhwikibooks.graphml"
"0.12","0.84","0.04","0.690233298898072","4,2,4,8,9,10,11,3,12,13,14,15,1,1,1,16,17,18,19,20,2,21,22,3,5,5,5,23,24,25,26,27,28,29,6,6,30,31,2,2,2,2,32,33,34,35,2,36,37,38,2,2,2,2,2,39,40,41,42,2,43,2,2,44,45,2,2,2,2,2,46,2,47,48,2,2,2,2,2,2,2,49,50,51,52,53,2,2,2,2,54,55,56,2,2,2,57,2,2,2,2,2,2,2,2,2,2,58,59,2,2,2,2,7,60,61,7,7,7,7,7,62,63,64,65,66,67,68,69","0.00106406211853027","walktrap","edit-xhwikibooks.graphml"
"0.11","0.85","0.04","0.692253470986117","4,2,4,8,9,10,11,3,12,13,14,15,1,1,1,16,17,18,19,20,2,21,22,3,5,5,5,23,24,25,26,27,28,29,6,6,30,31,2,2,2,2,32,33,34,35,2,36,37,38,2,2,2,2,2,39,40,41,42,2,43,2,2,44,45,2,2,2,2,2,46,2,47,48,2,2,2,2,2,2,2,49,50,51,52,53,2,2,2,2,54,55,56,2,2,2,57,2,2,2,2,2,2,2,2,2,2,58,59,2,2,2,2,7,60,61,7,7,7,7,7,62,63,64,65,66,67,68,69","0.001068115234375","walktrap","edit-xhwikibooks.graphml"
"0.1","0.86","0.04","0.694217810202716","4,2,4,8,9,10,11,3,12,13,14,15,1,1,1,16,17,18,19,20,2,21,22,3,5,5,5,23,24,25,26,27,28,29,6,6,30,31,2,2,2,2,32,33,34,35,2,36,37,38,2,2,2,2,2,39,40,41,42,2,43,2,2,44,45,2,2,2,2,2,46,2,47,48,2,2,2,2,2,2,2,49,50,51,52,53,2,2,2,2,54,55,56,2,2,2,57,2,2,2,2,2,2,2,2,2,2,58,59,2,2,2,2,7,60,61,7,7,7,7,7,62,63,64,65,66,67,68,69","0.00110602378845215","walktrap","edit-xhwikibooks.graphml"
"0.09","0.87","0.04","0.694217810202716","4,2,4,8,9,10,11,3,12,13,14,15,1,1,1,16,17,18,19,20,2,21,22,3,5,5,5,23,24,25,26,27,28,29,6,6,30,31,2,2,2,2,32,33,34,35,2,36,37,38,2,2,2,2,2,39,40,41,42,2,43,2,2,44,45,2,2,2,2,2,46,2,47,48,2,2,2,2,2,2,2,49,50,51,52,53,2,2,2,2,54,55,56,2,2,2,57,2,2,2,2,2,2,2,2,2,2,58,59,2,2,2,2,7,60,61,7,7,7,7,7,62,63,64,65,66,67,68,69","0.00109314918518066","walktrap","edit-xhwikibooks.graphml"
"0.08","0.88","0.04","0.692520833045426","4,2,4,8,9,10,11,3,12,13,14,15,1,1,1,16,17,18,19,20,2,21,22,3,5,5,5,23,24,25,26,27,28,29,6,6,30,31,2,2,2,2,32,33,34,35,2,36,37,38,2,2,2,2,2,39,40,41,42,2,43,2,2,44,45,2,2,2,2,2,46,2,47,48,2,2,2,2,2,2,2,49,50,51,52,53,2,2,2,2,54,55,56,2,2,2,57,2,2,2,2,2,2,2,2,2,2,58,59,2,2,2,2,7,60,61,7,7,7,7,7,62,63,64,65,66,67,68,69","0.00112318992614746","walktrap","edit-xhwikibooks.graphml"
"0.07","0.89","0.04","0.762587654320988","1,1,1,7,8,9,10,3,11,12,13,14,2,2,2,15,16,17,18,19,1,20,21,3,4,4,4,22,23,24,25,26,27,28,5,5,29,30,1,1,1,1,31,32,33,34,1,35,36,37,1,1,1,1,1,38,39,40,41,1,42,1,1,43,44,1,1,1,1,1,45,1,46,47,1,1,1,1,1,1,1,48,49,50,51,52,1,1,1,1,53,54,55,1,1,1,56,1,1,1,1,1,1,1,1,1,1,57,58,1,1,1,1,6,59,60,6,6,6,6,6,61,62,63,64,65,66,67,68","0.00113201141357422","walktrap","edit-xhwikibooks.graphml"
"0.06","0.9","0.04","0.760631216226799","1,1,1,7,8,9,10,3,11,12,13,14,2,2,2,15,16,17,18,19,1,20,21,3,4,4,4,22,23,24,25,26,27,28,5,5,29,30,1,1,1,1,31,32,33,34,1,35,36,37,1,1,1,1,1,38,39,40,41,1,42,1,1,43,44,1,1,1,1,1,45,1,46,47,1,1,1,1,1,1,1,48,49,50,51,52,1,1,1,1,53,54,55,1,1,1,56,1,1,1,1,1,1,1,1,1,1,57,58,1,1,1,1,6,59,60,6,6,6,6,6,61,62,63,64,65,66,67,68","0.00116109848022461","walktrap","edit-xhwikibooks.graphml"
"0.05","0.91","0.04","0.760631216226799","1,1,1,7,8,9,10,3,11,12,13,14,2,2,2,15,16,17,18,19,1,20,21,3,4,4,4,22,23,24,25,26,27,28,5,5,29,30,1,1,1,1,31,32,33,34,1,35,36,37,1,1,1,1,1,38,39,40,41,1,42,1,1,43,44,1,1,1,1,1,45,1,46,47,1,1,1,1,1,1,1,48,49,50,51,52,1,1,1,1,53,54,55,1,1,1,56,1,1,1,1,1,1,1,1,1,1,57,58,1,1,1,1,6,59,60,6,6,6,6,6,61,62,63,64,65,66,67,68","0.0010831356048584","walktrap","edit-xhwikibooks.graphml"
"0.04","0.92","0.04","0.756732840874115","1,1,1,7,8,9,10,3,11,12,13,14,2,2,2,15,16,17,18,19,1,20,21,3,4,4,4,22,23,24,25,26,27,28,5,5,29,30,1,1,1,1,31,32,33,34,1,35,36,37,1,1,1,1,1,38,39,40,41,1,42,1,1,43,44,1,1,1,1,1,45,1,46,47,1,1,1,1,1,1,1,48,49,50,51,52,1,1,1,1,53,54,55,1,1,1,56,1,1,1,1,1,1,1,1,1,1,57,58,1,1,1,1,6,59,60,6,6,6,6,6,61,62,63,64,65,66,67,68","0.00109601020812988","walktrap","edit-xhwikibooks.graphml"
"0.03","0.93","0.04","0.760349338257925","1,1,1,7,8,9,10,3,11,12,13,14,2,2,2,15,16,17,18,19,1,20,21,3,4,4,4,22,23,24,25,26,27,28,5,5,29,30,1,1,1,1,31,32,33,34,1,35,36,37,1,1,1,1,1,38,39,40,41,1,42,1,1,43,44,1,1,1,1,1,45,1,46,47,1,1,1,1,1,1,1,48,49,50,51,52,1,1,1,1,53,54,55,1,1,1,56,1,1,1,1,1,1,1,1,1,1,57,58,1,1,1,1,6,59,60,6,6,6,6,6,61,62,63,64,65,66,67,68","0.000853061676025391","walktrap","edit-xhwikibooks.graphml"
"0.02","0.94","0.04","0.758414217882955","1,1,1,7,8,9,10,3,11,12,13,14,2,2,2,15,16,17,18,19,1,20,21,3,4,4,4,22,23,24,25,26,27,28,5,5,29,30,1,1,1,1,31,32,33,34,1,35,36,37,1,1,1,1,1,38,39,40,41,1,42,1,1,43,44,1,1,1,1,1,45,1,46,47,1,1,1,1,1,1,1,48,49,50,51,52,1,1,1,1,53,54,55,1,1,1,56,1,1,1,1,1,1,1,1,1,1,57,58,1,1,1,1,6,59,60,6,6,6,6,6,61,62,63,64,65,66,67,68","0.000678062438964844","walktrap","edit-xhwikibooks.graphml"
"0.01","0.95","0.04","0.758414217882955","1,1,1,7,8,9,10,3,11,12,13,14,2,2,2,15,16,17,18,19,1,20,21,3,4,4,4,22,23,24,25,26,27,28,5,5,29,30,1,1,1,1,31,32,33,34,1,35,36,37,1,1,1,1,1,38,39,40,41,1,42,1,1,43,44,1,1,1,1,1,45,1,46,47,1,1,1,1,1,1,1,48,49,50,51,52,1,1,1,1,53,54,55,1,1,1,56,1,1,1,1,1,1,1,1,1,1,57,58,1,1,1,1,6,59,60,6,6,6,6,6,61,62,63,64,65,66,67,68","0.000671863555908203","walktrap","edit-xhwikibooks.graphml"
"0","0.96","0.04","0.774938133133935","1,1,1,1,1,7,8,1,9,10,11,12,2,2,2,13,14,15,16,17,3,1,18,1,4,4,4,19,1,20,21,22,23,24,5,5,25,26,3,3,3,3,27,28,29,30,3,31,32,33,3,3,3,3,3,34,35,36,37,3,38,3,3,39,40,3,3,3,3,3,41,3,42,43,3,3,3,3,3,3,3,44,45,46,47,48,3,3,3,3,49,50,51,3,3,3,52,3,3,3,3,3,3,3,3,3,3,53,54,3,3,3,3,6,55,56,6,6,6,6,6,57,58,59,60,61,62,63,64","0.000742912292480469","walktrap","edit-xhwikibooks.graphml"
"0.95","0","0.05","0.533176663284018","3,7,3,3,3,1,3,1,1,4,3,3,1,1,1,2,4,5,3,3,7,11,10,1,1,1,1,2,8,4,5,9,13,3,6,6,12,1,7,7,7,7,11,11,11,11,7,11,11,11,7,7,7,7,7,11,11,11,11,7,10,7,7,1,1,7,7,7,7,7,11,7,1,1,7,7,7,7,7,7,7,1,2,2,2,8,7,7,7,7,4,5,9,7,7,7,2,7,7,7,7,7,7,7,7,7,7,13,13,7,7,7,7,6,6,6,6,6,6,6,6,12,12,12,12,12,12,12,12","0.000761032104492188","walktrap","edit-xhwikibooks.graphml"
"0.94","0.01","0.05","0.533176663284018","3,7,3,3,3,1,3,1,1,4,3,3,1,1,1,2,4,5,3,3,7,11,10,1,1,1,1,2,8,4,5,9,13,3,6,6,12,1,7,7,7,7,11,11,11,11,7,11,11,11,7,7,7,7,7,11,11,11,11,7,10,7,7,1,1,7,7,7,7,7,11,7,1,1,7,7,7,7,7,7,7,1,2,2,2,8,7,7,7,7,4,5,9,7,7,7,2,7,7,7,7,7,7,7,7,7,7,13,13,7,7,7,7,6,6,6,6,6,6,6,6,12,12,12,12,12,12,12,12","0.000758171081542969","walktrap","edit-xhwikibooks.graphml"
"0.93","0.02","0.05","0.533176663284018","3,7,3,3,3,1,3,1,1,4,3,3,1,1,1,2,4,5,3,3,7,11,10,1,1,1,1,2,8,4,5,9,13,3,6,6,12,1,7,7,7,7,11,11,11,11,7,11,11,11,7,7,7,7,7,11,11,11,11,7,10,7,7,1,1,7,7,7,7,7,11,7,1,1,7,7,7,7,7,7,7,1,2,2,2,8,7,7,7,7,4,5,9,7,7,7,2,7,7,7,7,7,7,7,7,7,7,13,13,7,7,7,7,6,6,6,6,6,6,6,6,12,12,12,12,12,12,12,12","0.000766992568969727","walktrap","edit-xhwikibooks.graphml"
"0.92","0.03","0.05","0.531636183885319","3,7,3,3,3,1,3,1,1,4,3,3,1,1,1,2,4,5,3,3,7,11,10,1,1,1,1,2,8,4,5,9,13,3,6,6,12,1,7,7,7,7,11,11,11,11,7,11,11,11,7,7,7,7,7,11,11,11,11,7,10,7,7,1,1,7,7,7,7,7,11,7,1,1,7,7,7,7,7,7,7,1,2,2,2,8,7,7,7,7,4,5,9,7,7,7,2,7,7,7,7,7,7,7,7,7,7,13,13,7,7,7,7,6,6,6,6,6,6,6,6,12,12,12,12,12,12,12,12","0.000805139541625977","walktrap","edit-xhwikibooks.graphml"
"0.91","0.04","0.05","0.531636183885319","3,7,3,3,3,1,3,1,1,4,3,3,1,1,1,2,4,5,3,3,7,11,10,1,1,1,1,2,8,4,5,9,13,3,6,6,12,1,7,7,7,7,11,11,11,11,7,11,11,11,7,7,7,7,7,11,11,11,11,7,10,7,7,1,1,7,7,7,7,7,11,7,1,1,7,7,7,7,7,7,7,1,2,2,2,8,7,7,7,7,4,5,9,7,7,7,2,7,7,7,7,7,7,7,7,7,7,13,13,7,7,7,7,6,6,6,6,6,6,6,6,12,12,12,12,12,12,12,12","0.000867128372192383","walktrap","edit-xhwikibooks.graphml"
"0.9","0.05","0.05","0.530102764307348","3,7,3,3,3,1,3,1,1,4,3,3,1,1,1,2,4,5,3,3,7,11,10,1,1,1,1,2,8,4,5,9,13,3,6,6,12,1,7,7,7,7,11,11,11,11,7,11,11,11,7,7,7,7,7,11,11,11,11,7,10,7,7,1,1,7,7,7,7,7,11,7,1,1,7,7,7,7,7,7,7,1,2,2,2,8,7,7,7,7,4,5,9,7,7,7,2,7,7,7,7,7,7,7,7,7,7,13,13,7,7,7,7,6,6,6,6,6,6,6,6,12,12,12,12,12,12,12,12","0.000739097595214844","walktrap","edit-xhwikibooks.graphml"
"0.89","0.06","0.05","0.52070092775221","4,5,4,4,4,1,4,1,1,6,4,4,1,1,1,3,6,7,2,4,5,8,1,1,1,1,1,3,5,6,7,2,10,4,2,2,9,1,5,5,5,5,8,8,8,8,5,8,8,8,5,5,5,5,5,8,8,8,8,5,11,5,5,1,1,5,5,5,5,5,8,5,1,1,5,5,5,5,5,5,5,1,3,3,3,12,5,5,5,5,13,14,15,5,5,5,3,5,5,5,5,5,5,5,5,5,5,10,10,5,5,5,5,2,2,2,2,2,2,2,2,9,9,9,9,9,9,9,9","0.000720977783203125","walktrap","edit-xhwikibooks.graphml"
"0.88","0.07","0.05","0.519139882299683","4,5,4,4,4,1,4,1,1,6,4,4,1,1,1,3,6,7,2,4,5,8,1,1,1,1,1,3,5,6,7,2,10,4,2,2,9,1,5,5,5,5,8,8,8,8,5,8,8,8,5,5,5,5,5,8,8,8,8,5,11,5,5,1,1,5,5,5,5,5,8,5,1,1,5,5,5,5,5,5,5,1,3,3,3,12,5,5,5,5,13,14,15,5,5,5,3,5,5,5,5,5,5,5,5,5,5,10,10,5,5,5,5,2,2,2,2,2,2,2,2,9,9,9,9,9,9,9,9","0.000745058059692383","walktrap","edit-xhwikibooks.graphml"
"0.87","0.08","0.05","0.522524059178397","4,5,4,4,4,1,4,1,1,6,4,4,1,1,1,3,6,7,2,4,5,8,1,1,1,1,1,3,5,6,7,2,10,4,2,2,9,1,5,5,5,5,8,8,8,8,5,8,8,8,5,5,5,5,5,8,8,8,8,5,11,5,5,1,1,5,5,5,5,5,8,5,1,1,5,5,5,5,5,5,5,1,3,3,3,12,5,5,5,5,13,14,15,5,5,5,3,5,5,5,5,5,5,5,5,5,5,10,10,5,5,5,5,2,2,2,2,2,2,2,2,9,9,9,9,9,9,9,9","0.000741004943847656","walktrap","edit-xhwikibooks.graphml"
"0.86","0.09","0.05","0.520972422510637","4,5,4,4,4,1,4,1,1,6,4,4,1,1,1,3,6,7,2,4,5,8,1,1,1,1,1,3,5,6,7,2,10,4,2,2,9,1,5,5,5,5,8,8,8,8,5,8,8,8,5,5,5,5,5,8,8,8,8,5,11,5,5,1,1,5,5,5,5,5,8,5,1,1,5,5,5,5,5,5,5,1,3,3,3,12,5,5,5,5,13,14,15,5,5,5,3,5,5,5,5,5,5,5,5,5,5,10,10,5,5,5,5,2,2,2,2,2,2,2,2,9,9,9,9,9,9,9,9","0.00073695182800293","walktrap","edit-xhwikibooks.graphml"
"0.85","0.1","0.05","0.520972422510637","4,5,4,4,4,1,4,1,1,6,4,4,1,1,1,3,6,7,2,4,5,8,1,1,1,1,1,3,5,6,7,2,10,4,2,2,9,1,5,5,5,5,8,8,8,8,5,8,8,8,5,5,5,5,5,8,8,8,8,5,11,5,5,1,1,5,5,5,5,5,8,5,1,1,5,5,5,5,5,5,5,1,3,3,3,12,5,5,5,5,13,14,15,5,5,5,3,5,5,5,5,5,5,5,5,5,5,10,10,5,5,5,5,2,2,2,2,2,2,2,2,9,9,9,9,9,9,9,9","0.000818967819213867","walktrap","edit-xhwikibooks.graphml"
"0.84","0.11","0.05","0.494238611880579","1,3,1,1,1,1,1,2,1,1,1,1,2,2,2,1,9,1,1,8,3,5,2,2,2,2,2,7,3,10,11,1,8,8,4,4,6,2,3,3,3,3,5,5,5,5,3,5,5,5,3,3,3,3,3,5,5,5,5,3,12,3,3,13,14,3,3,3,3,3,5,3,2,2,3,3,3,3,3,3,3,15,7,7,7,16,3,3,3,3,17,18,19,3,3,3,20,3,3,3,3,3,3,3,3,3,3,21,22,3,3,3,3,4,4,4,4,4,4,4,4,6,6,6,6,6,6,6,6","0.000699043273925781","walktrap","edit-xhwikibooks.graphml"
"0.83","0.12","0.05","0.501691871455577","1,3,1,1,1,1,1,2,1,1,1,1,2,2,2,1,9,1,1,8,3,5,2,2,2,2,2,7,3,10,11,1,8,8,4,4,6,2,3,3,3,3,5,5,5,5,3,5,5,5,3,3,3,3,3,5,5,5,5,3,12,3,3,13,14,3,3,3,3,3,5,3,2,2,3,3,3,3,3,3,3,15,7,7,7,16,3,3,3,3,17,18,19,3,3,3,20,3,3,3,3,3,3,3,3,3,3,21,22,3,3,3,3,4,4,4,4,4,4,4,4,6,6,6,6,6,6,6,6","0.00067591667175293","walktrap","edit-xhwikibooks.graphml"
"0.82","0.13","0.05","0.500112441670883","1,3,1,1,1,1,1,2,1,1,1,1,2,2,2,1,9,1,1,8,3,5,2,2,2,2,2,7,3,10,11,1,8,8,4,4,6,2,3,3,3,3,5,5,5,5,3,5,5,5,3,3,3,3,3,5,5,5,5,3,12,3,3,13,14,3,3,3,3,3,5,3,2,2,3,3,3,3,3,3,3,15,7,7,7,16,3,3,3,3,17,18,19,3,3,3,20,3,3,3,3,3,3,3,3,3,3,21,22,3,3,3,3,4,4,4,4,4,4,4,4,6,6,6,6,6,6,6,6","0.000681877136230469","walktrap","edit-xhwikibooks.graphml"
"0.81","0.14","0.05","0.500112441670883","1,3,1,1,1,1,1,2,1,1,1,1,2,2,2,1,9,1,1,8,3,5,2,2,2,2,2,7,3,10,11,1,8,8,4,4,6,2,3,3,3,3,5,5,5,5,3,5,5,5,3,3,3,3,3,5,5,5,5,3,12,3,3,13,14,3,3,3,3,3,5,3,2,2,3,3,3,3,3,3,3,15,7,7,7,16,3,3,3,3,17,18,19,3,3,3,20,3,3,3,3,3,3,3,3,3,3,21,22,3,3,3,3,4,4,4,4,4,4,4,4,6,6,6,6,6,6,6,6","0.000690937042236328","walktrap","edit-xhwikibooks.graphml"
"0.8","0.15","0.05","0.505487983052086","1,3,1,1,1,1,1,2,1,1,1,1,2,2,2,1,9,1,1,8,3,5,2,2,2,2,2,7,3,10,11,1,8,8,4,4,6,2,3,3,3,3,5,5,5,5,3,5,5,5,3,3,3,3,3,5,5,5,5,3,12,3,3,13,14,3,3,3,3,3,5,3,2,2,3,3,3,3,3,3,3,15,7,7,7,16,3,3,3,3,17,18,19,3,3,3,20,3,3,3,3,3,3,3,3,3,3,21,22,3,3,3,3,4,4,4,4,4,4,4,4,6,6,6,6,6,6,6,6","0.000680208206176758","walktrap","edit-xhwikibooks.graphml"
"0.79","0.16","0.05","0.461067545709547","3,3,3,2,7,2,1,2,2,2,1,8,2,2,2,2,9,10,1,6,3,4,11,2,2,2,2,2,3,12,13,14,6,15,1,1,5,2,3,3,3,3,4,4,4,4,3,4,4,4,3,3,3,3,3,4,4,4,4,3,16,3,3,17,18,3,3,3,3,3,4,3,19,20,3,3,3,3,3,3,3,21,22,23,24,25,3,3,3,3,26,27,28,3,3,3,29,3,3,3,3,3,3,3,3,3,3,30,31,3,3,3,3,1,1,1,1,1,1,1,1,5,5,5,5,5,5,5,5","0.000689029693603516","walktrap","edit-xhwikibooks.graphml"
"0.78","0.17","0.05","0.46343180035794","3,3,3,2,7,2,1,2,2,2,1,8,2,2,2,2,9,10,1,6,3,4,11,2,2,2,2,2,3,12,13,14,6,15,1,1,5,2,3,3,3,3,4,4,4,4,3,4,4,4,3,3,3,3,3,4,4,4,4,3,16,3,3,17,18,3,3,3,3,3,4,3,19,20,3,3,3,3,3,3,3,21,22,23,24,25,3,3,3,3,26,27,28,3,3,3,29,3,3,3,3,3,3,3,3,3,3,30,31,3,3,3,3,1,1,1,1,1,1,1,1,5,5,5,5,5,5,5,5","0.000689029693603516","walktrap","edit-xhwikibooks.graphml"
"0.77","0.18","0.05","0.46343180035794","3,3,3,2,7,2,1,2,2,2,1,8,2,2,2,2,9,10,1,6,3,4,11,2,2,2,2,2,3,12,13,14,6,15,1,1,5,2,3,3,3,3,4,4,4,4,3,4,4,4,3,3,3,3,3,4,4,4,4,3,16,3,3,17,18,3,3,3,3,3,4,3,19,20,3,3,3,3,3,3,3,21,22,23,24,25,3,3,3,3,26,27,28,3,3,3,29,3,3,3,3,3,3,3,3,3,3,30,31,3,3,3,3,1,1,1,1,1,1,1,1,5,5,5,5,5,5,5,5","0.000705957412719727","walktrap","edit-xhwikibooks.graphml"
"0.76","0.19","0.05","0.460286419753086","3,3,3,2,7,2,1,2,2,2,1,8,2,2,2,2,9,10,1,6,3,4,11,2,2,2,2,2,3,12,13,14,6,15,1,1,5,2,3,3,3,3,4,4,4,4,3,4,4,4,3,3,3,3,3,4,4,4,4,3,16,3,3,17,18,3,3,3,3,3,4,3,19,20,3,3,3,3,3,3,3,21,22,23,24,25,3,3,3,3,26,27,28,3,3,3,29,3,3,3,3,3,3,3,3,3,3,30,31,3,3,3,3,1,1,1,1,1,1,1,1,5,5,5,5,5,5,5,5","0.000702857971191406","walktrap","edit-xhwikibooks.graphml"
"0.75","0.2","0.05","0.467930679811368","3,3,3,2,7,2,1,2,2,2,1,8,2,2,2,2,9,10,1,6,3,4,11,2,2,2,2,2,3,12,13,14,6,15,1,1,5,2,3,3,3,3,4,4,4,4,3,4,4,4,3,3,3,3,3,4,4,4,4,3,16,3,3,17,18,3,3,3,3,3,4,3,19,20,3,3,3,3,3,3,3,21,22,23,24,25,3,3,3,3,26,27,28,3,3,3,29,3,3,3,3,3,3,3,3,3,3,30,31,3,3,3,3,1,1,1,1,1,1,1,1,5,5,5,5,5,5,5,5","0.000839948654174805","walktrap","edit-xhwikibooks.graphml"
"0.74","0.21","0.05","0.453846913580247","2,2,2,1,6,1,7,1,1,1,8,9,1,1,1,1,10,11,3,12,2,4,13,1,1,1,1,1,2,14,15,16,17,18,3,3,5,1,2,2,2,2,4,4,4,4,2,4,4,4,2,2,2,2,2,4,4,4,4,2,19,2,2,20,21,2,2,2,2,2,4,2,22,23,2,2,2,2,2,2,2,24,25,26,27,28,2,2,2,2,29,30,31,2,2,2,32,2,2,2,2,2,2,2,2,2,2,33,34,2,2,2,2,3,3,3,3,3,3,3,3,5,5,5,5,5,5,5,5","0.000662088394165039","walktrap","edit-xhwikibooks.graphml"
"0.73","0.22","0.05","0.453846913580247","2,2,2,1,6,1,7,1,1,1,8,9,1,1,1,1,10,11,3,12,2,4,13,1,1,1,1,1,2,14,15,16,17,18,3,3,5,1,2,2,2,2,4,4,4,4,2,4,4,4,2,2,2,2,2,4,4,4,4,2,19,2,2,20,21,2,2,2,2,2,4,2,22,23,2,2,2,2,2,2,2,24,25,26,27,28,2,2,2,2,29,30,31,2,2,2,32,2,2,2,2,2,2,2,2,2,2,33,34,2,2,2,2,3,3,3,3,3,3,3,3,5,5,5,5,5,5,5,5","0.0006561279296875","walktrap","edit-xhwikibooks.graphml"
"0.72","0.23","0.05","0.460603262542321","2,2,2,1,6,1,7,1,1,1,8,9,1,1,1,1,10,11,3,12,2,4,13,1,1,1,1,1,2,14,15,16,17,18,3,3,5,1,2,2,2,2,4,4,4,4,2,4,4,4,2,2,2,2,2,4,4,4,4,2,19,2,2,20,21,2,2,2,2,2,4,2,22,23,2,2,2,2,2,2,2,24,25,26,27,28,2,2,2,2,29,30,31,2,2,2,32,2,2,2,2,2,2,2,2,2,2,33,34,2,2,2,2,3,3,3,3,3,3,3,3,5,5,5,5,5,5,5,5","0.00065302848815918","walktrap","edit-xhwikibooks.graphml"
"0.71","0.24","0.05","0.464655517629336","2,2,2,1,6,1,7,1,1,1,8,9,1,1,1,1,10,11,3,12,2,4,13,1,1,1,1,1,2,14,15,16,17,18,3,3,5,1,2,2,2,2,4,4,4,4,2,4,4,4,2,2,2,2,2,4,4,4,4,2,19,2,2,20,21,2,2,2,2,2,4,2,22,23,2,2,2,2,2,2,2,24,25,26,27,28,2,2,2,2,29,30,31,2,2,2,32,2,2,2,2,2,2,2,2,2,2,33,34,2,2,2,2,3,3,3,3,3,3,3,3,5,5,5,5,5,5,5,5","0.000658988952636719","walktrap","edit-xhwikibooks.graphml"
"0.7","0.25","0.05","0.473981837941388","2,2,2,1,6,1,7,1,1,1,8,9,1,1,1,1,10,11,3,12,2,4,13,1,1,1,1,1,2,14,15,16,17,18,3,3,5,1,2,2,2,2,4,4,4,4,2,4,4,4,2,2,2,2,2,4,4,4,4,2,19,2,2,20,21,2,2,2,2,2,4,2,22,23,2,2,2,2,2,2,2,24,25,26,27,28,2,2,2,2,29,30,31,2,2,2,32,2,2,2,2,2,2,2,2,2,2,33,34,2,2,2,2,3,3,3,3,3,3,3,3,5,5,5,5,5,5,5,5","0.000649929046630859","walktrap","edit-xhwikibooks.graphml"
"0.69","0.26","0.05","0.468736051543791","6,2,6,7,8,1,9,1,1,10,11,12,1,1,1,1,13,14,3,15,2,4,16,1,1,1,1,17,18,19,20,21,22,23,3,3,5,1,2,2,2,2,4,4,4,4,2,4,4,4,2,2,2,2,2,4,4,4,4,2,24,2,2,25,26,2,2,2,2,2,4,2,27,28,2,2,2,2,2,2,2,29,30,31,32,33,2,2,2,2,34,35,36,2,2,2,37,2,2,2,2,2,2,2,2,2,2,38,39,2,2,2,2,3,3,3,3,3,3,3,3,5,5,5,5,5,5,5,5","0.000663995742797852","walktrap","edit-xhwikibooks.graphml"
"0.68","0.27","0.05","0.468736051543791","6,2,6,7,8,1,9,1,1,10,11,12,1,1,1,1,13,14,3,15,2,4,16,1,1,1,1,17,18,19,20,21,22,23,3,3,5,1,2,2,2,2,4,4,4,4,2,4,4,4,2,2,2,2,2,4,4,4,4,2,24,2,2,25,26,2,2,2,2,2,4,2,27,28,2,2,2,2,2,2,2,29,30,31,32,33,2,2,2,2,34,35,36,2,2,2,37,2,2,2,2,2,2,2,2,2,2,38,39,2,2,2,2,3,3,3,3,3,3,3,3,5,5,5,5,5,5,5,5","0.000648021697998047","walktrap","edit-xhwikibooks.graphml"
"0.67","0.28","0.05","0.467172591566636","6,2,6,7,8,1,9,1,1,10,11,12,1,1,1,1,13,14,3,15,2,4,16,1,1,1,1,17,18,19,20,21,22,23,3,3,5,1,2,2,2,2,4,4,4,4,2,4,4,4,2,2,2,2,2,4,4,4,4,2,24,2,2,25,26,2,2,2,2,2,4,2,27,28,2,2,2,2,2,2,2,29,30,31,32,33,2,2,2,2,34,35,36,2,2,2,37,2,2,2,2,2,2,2,2,2,2,38,39,2,2,2,2,3,3,3,3,3,3,3,3,5,5,5,5,5,5,5,5","0.000658988952636719","walktrap","edit-xhwikibooks.graphml"
"0.66","0.29","0.05","0.474697542533081","6,2,6,7,8,1,9,1,1,10,11,12,1,1,1,1,13,14,3,15,2,4,16,1,1,1,1,17,18,19,20,21,22,23,3,3,5,1,2,2,2,2,4,4,4,4,2,4,4,4,2,2,2,2,2,4,4,4,4,2,24,2,2,25,26,2,2,2,2,2,4,2,27,28,2,2,2,2,2,2,2,29,30,31,32,33,2,2,2,2,34,35,36,2,2,2,37,2,2,2,2,2,2,2,2,2,2,38,39,2,2,2,2,3,3,3,3,3,3,3,3,5,5,5,5,5,5,5,5","0.000657796859741211","walktrap","edit-xhwikibooks.graphml"
"0.65","0.3","0.05","0.473145180937389","6,2,6,7,8,1,9,1,1,10,11,12,1,1,1,1,13,14,3,15,2,4,16,1,1,1,1,17,18,19,20,21,22,23,3,3,5,1,2,2,2,2,4,4,4,4,2,4,4,4,2,2,2,2,2,4,4,4,4,2,24,2,2,25,26,2,2,2,2,2,4,2,27,28,2,2,2,2,2,2,2,29,30,31,32,33,2,2,2,2,34,35,36,2,2,2,37,2,2,2,2,2,2,2,2,2,2,38,39,2,2,2,2,3,3,3,3,3,3,3,3,5,5,5,5,5,5,5,5","0.000656843185424805","walktrap","edit-xhwikibooks.graphml"
"0.64","0.31","0.05","0.465656642703228","6,2,6,7,8,1,9,1,1,10,11,12,13,1,1,14,15,16,3,17,2,4,18,1,1,1,1,19,20,21,22,23,24,25,3,3,5,26,2,2,2,2,4,4,4,4,2,4,4,4,2,2,2,2,2,4,4,4,4,2,27,2,2,28,29,2,2,2,2,2,4,2,30,31,2,2,2,2,2,2,2,32,33,34,35,36,2,2,2,2,37,38,39,2,2,2,40,2,2,2,2,2,2,2,2,2,2,41,42,2,2,2,2,3,3,3,3,3,3,3,3,5,5,5,5,5,5,5,5","0.000654935836791992","walktrap","edit-xhwikibooks.graphml"
"0.63","0.32","0.05","0.468535072431176","2,4,2,7,8,1,9,1,1,10,11,12,13,1,1,14,15,16,3,17,4,5,18,1,1,1,1,19,20,21,22,23,24,25,3,3,6,26,4,4,4,4,5,5,5,5,4,5,5,5,4,4,4,4,4,5,5,5,5,4,27,4,4,28,29,4,4,4,4,4,5,4,30,31,4,4,4,4,4,4,4,32,33,34,35,36,4,4,4,4,37,38,39,4,4,4,40,4,4,4,4,4,4,4,4,4,4,41,42,4,4,4,4,3,3,3,3,3,3,3,3,6,6,6,6,6,6,6,6","0.000645875930786133","walktrap","edit-xhwikibooks.graphml"
"0.62","0.33","0.05","0.468535072431176","2,4,2,7,8,1,9,1,1,10,11,12,13,1,1,14,15,16,3,17,4,5,18,1,1,1,1,19,20,21,22,23,24,25,3,3,6,26,4,4,4,4,5,5,5,5,4,5,5,5,4,4,4,4,4,5,5,5,5,4,27,4,4,28,29,4,4,4,4,4,5,4,30,31,4,4,4,4,4,4,4,32,33,34,35,36,4,4,4,4,37,38,39,4,4,4,40,4,4,4,4,4,4,4,4,4,4,41,42,4,4,4,4,3,3,3,3,3,3,3,3,6,6,6,6,6,6,6,6","0.000621795654296875","walktrap","edit-xhwikibooks.graphml"
"0.61","0.34","0.05","0.519556811421772","3,4,3,7,8,1,9,1,1,10,11,12,13,1,1,14,15,16,2,17,4,5,18,1,1,1,1,19,20,21,22,23,24,25,2,2,6,26,4,4,4,4,5,5,5,5,4,5,5,5,4,4,4,4,4,5,5,5,5,4,27,4,4,28,29,4,4,4,4,4,5,4,30,31,4,4,4,4,4,4,4,32,33,34,35,36,4,4,4,4,37,38,39,4,4,4,40,4,4,4,4,4,4,4,4,4,4,41,42,4,4,4,4,2,2,2,2,2,2,2,2,6,6,6,6,6,6,6,6","0.000689983367919922","walktrap","edit-xhwikibooks.graphml"
"0.6","0.35","0.05","0.519556811421772","3,4,3,7,8,1,9,1,1,10,11,12,13,1,1,14,15,16,2,17,4,5,18,1,1,1,1,19,20,21,22,23,24,25,2,2,6,26,4,4,4,4,5,5,5,5,4,5,5,5,4,4,4,4,4,5,5,5,5,4,27,4,4,28,29,4,4,4,4,4,5,4,30,31,4,4,4,4,4,4,4,32,33,34,35,36,4,4,4,4,37,38,39,4,4,4,40,4,4,4,4,4,4,4,4,4,4,41,42,4,4,4,4,2,2,2,2,2,2,2,2,6,6,6,6,6,6,6,6","0.000655889511108398","walktrap","edit-xhwikibooks.graphml"
"0.59","0.36","0.05","0.595171223169883","3,4,3,7,8,9,10,1,11,12,13,14,15,1,1,16,17,18,2,19,4,5,20,21,1,1,1,22,23,24,25,26,27,28,2,2,6,29,4,4,4,4,5,5,5,5,4,5,5,5,4,4,4,4,4,5,5,5,5,4,30,4,4,31,32,4,4,4,4,4,5,4,33,34,4,4,4,4,4,4,4,35,36,37,38,39,4,4,4,4,40,41,42,4,4,4,43,4,4,4,4,4,4,4,4,4,4,44,45,4,4,4,4,2,2,2,2,2,2,2,2,6,6,6,6,6,6,6,6","0.000813007354736328","walktrap","edit-xhwikibooks.graphml"
"0.58","0.37","0.05","0.595171223169883","3,4,3,7,8,9,10,1,11,12,13,14,15,1,1,16,17,18,2,19,4,5,20,21,1,1,1,22,23,24,25,26,27,28,2,2,6,29,4,4,4,4,5,5,5,5,4,5,5,5,4,4,4,4,4,5,5,5,5,4,30,4,4,31,32,4,4,4,4,4,5,4,33,34,4,4,4,4,4,4,4,35,36,37,38,39,4,4,4,4,40,41,42,4,4,4,43,4,4,4,4,4,4,4,4,4,4,44,45,4,4,4,4,2,2,2,2,2,2,2,2,6,6,6,6,6,6,6,6","0.000947952270507812","walktrap","edit-xhwikibooks.graphml"
"0.57","0.38","0.05","0.593153759820427","3,4,3,7,8,9,10,1,11,12,13,14,15,1,1,16,17,18,2,19,4,5,20,21,1,1,1,22,23,24,25,26,27,28,2,2,6,29,4,4,4,4,5,5,5,5,4,5,5,5,4,4,4,4,4,5,5,5,5,4,30,4,4,31,32,4,4,4,4,4,5,4,33,34,4,4,4,4,4,4,4,35,36,37,38,39,4,4,4,4,40,41,42,4,4,4,43,4,4,4,4,4,4,4,4,4,4,44,45,4,4,4,4,2,2,2,2,2,2,2,2,6,6,6,6,6,6,6,6","0.000943899154663086","walktrap","edit-xhwikibooks.graphml"
"0.56","0.39","0.05","0.594275","3,4,3,7,8,9,10,1,11,12,13,14,15,1,1,16,17,18,2,19,4,5,20,21,1,1,1,22,23,24,25,26,27,28,2,2,6,29,4,4,4,4,5,5,5,5,4,5,5,5,4,4,4,4,4,5,5,5,5,4,30,4,4,31,32,4,4,4,4,4,5,4,33,34,4,4,4,4,4,4,4,35,36,37,38,39,4,4,4,4,40,41,42,4,4,4,43,4,4,4,4,4,4,4,4,4,4,44,45,4,4,4,4,2,2,2,2,2,2,2,2,6,6,6,6,6,6,6,6","0.000910043716430664","walktrap","edit-xhwikibooks.graphml"
"0.55","0.4","0.05","0.602845059592464","3,4,3,7,8,9,10,1,11,12,13,14,15,1,1,16,17,18,2,19,4,5,20,21,1,1,1,22,23,24,25,26,27,28,2,2,6,29,4,4,4,4,5,5,5,5,4,5,5,5,4,4,4,4,4,5,5,5,5,4,30,4,4,31,32,4,4,4,4,4,5,4,33,34,4,4,4,4,4,4,4,35,36,37,38,39,4,4,4,4,40,41,42,4,4,4,43,4,4,4,4,4,4,4,4,4,4,44,45,4,4,4,4,2,2,2,2,2,2,2,2,6,6,6,6,6,6,6,6","0.000934839248657227","walktrap","edit-xhwikibooks.graphml"
"0.54","0.41","0.05","0.56218836565097","3,4,3,6,7,8,9,10,11,12,13,14,15,1,1,16,17,18,2,19,4,5,20,21,1,1,1,22,23,24,25,26,27,28,2,2,1,29,4,4,4,4,5,5,5,5,4,5,5,5,4,4,4,4,4,5,5,5,5,4,30,4,4,31,32,4,4,4,4,4,5,4,33,34,4,4,4,4,4,4,4,35,36,37,38,39,4,4,4,4,40,41,42,4,4,4,43,4,4,4,4,4,4,4,4,4,4,44,45,4,4,4,4,2,46,47,2,2,2,2,2,48,49,50,51,52,53,54,55","0.000725984573364258","walktrap","edit-xhwikibooks.graphml"
"0.53","0.42","0.05","0.560127189495902","3,4,3,6,7,8,9,10,11,12,13,14,15,1,1,16,17,18,2,19,4,5,20,21,1,1,1,22,23,24,25,26,27,28,2,2,1,29,4,4,4,4,5,5,5,5,4,5,5,5,4,4,4,4,4,5,5,5,5,4,30,4,4,31,32,4,4,4,4,4,5,4,33,34,4,4,4,4,4,4,4,35,36,37,38,39,4,4,4,4,40,41,42,4,4,4,43,4,4,4,4,4,4,4,4,4,4,44,45,4,4,4,4,2,46,47,2,2,2,2,2,48,49,50,51,52,53,54,55","0.000755071640014648","walktrap","edit-xhwikibooks.graphml"
"0.52","0.43","0.05","0.566941394399849","3,4,3,6,7,8,9,10,11,12,13,14,15,1,1,16,17,18,2,19,4,5,20,21,1,1,1,22,23,24,25,26,27,28,2,2,1,29,4,4,4,4,5,5,5,5,4,5,5,5,4,4,4,4,4,5,5,5,5,4,30,4,4,31,32,4,4,4,4,4,5,4,33,34,4,4,4,4,4,4,4,35,36,37,38,39,4,4,4,4,40,41,42,4,4,4,43,4,4,4,4,4,4,4,4,4,4,44,45,4,4,4,4,2,46,47,2,2,2,2,2,48,49,50,51,52,53,54,55","0.000755071640014648","walktrap","edit-xhwikibooks.graphml"
"0.51","0.44","0.05","0.56491125518121","3,4,3,6,7,8,9,10,11,12,13,14,15,1,1,16,17,18,2,19,4,5,20,21,1,1,1,22,23,24,25,26,27,28,2,2,1,29,4,4,4,4,5,5,5,5,4,5,5,5,4,4,4,4,4,5,5,5,5,4,30,4,4,31,32,4,4,4,4,4,5,4,33,34,4,4,4,4,4,4,4,35,36,37,38,39,4,4,4,4,40,41,42,4,4,4,43,4,4,4,4,4,4,4,4,4,4,44,45,4,4,4,4,2,46,47,2,2,2,2,2,48,49,50,51,52,53,54,55","0.000735044479370117","walktrap","edit-xhwikibooks.graphml"
"0.5","0.45","0.05","0.571454602249062","3,4,3,6,7,8,9,10,11,12,13,14,15,1,1,16,17,18,2,19,4,5,20,21,1,1,1,22,23,24,25,26,27,28,2,2,1,29,4,4,4,4,5,5,5,5,4,5,5,5,4,4,4,4,4,5,5,5,5,4,30,4,4,31,32,4,4,4,4,4,5,4,33,34,4,4,4,4,4,4,4,35,36,37,38,39,4,4,4,4,40,41,42,4,4,4,43,4,4,4,4,4,4,4,4,4,4,44,45,4,4,4,4,2,46,47,2,2,2,2,2,48,49,50,51,52,53,54,55","0.000715017318725586","walktrap","edit-xhwikibooks.graphml"
"0.49","0.46","0.05","0.56606622240733","3,4,3,6,7,8,9,10,11,12,13,14,15,1,1,16,17,18,2,19,4,5,20,21,1,1,1,22,23,24,25,26,27,28,2,2,1,29,4,4,4,4,5,5,5,5,4,5,5,5,4,4,4,4,4,5,5,5,5,4,30,4,4,31,32,4,4,4,4,4,5,4,33,34,4,4,4,4,4,4,4,35,36,37,38,39,4,4,4,4,40,41,42,4,4,4,43,4,4,4,4,4,4,4,4,4,4,44,45,4,4,4,4,2,46,47,2,2,2,2,2,48,49,50,51,52,53,54,55","0.00074005126953125","walktrap","edit-xhwikibooks.graphml"
"0.48","0.47","0.05","0.569455538663712","3,4,3,6,7,8,9,10,11,12,13,14,15,1,1,16,17,18,2,19,4,5,20,21,1,1,1,22,23,24,25,26,27,28,2,2,1,29,4,4,4,4,5,5,5,5,4,5,5,5,4,4,4,4,4,5,5,5,5,4,30,4,4,31,32,4,4,4,4,4,5,4,33,34,4,4,4,4,4,4,4,35,36,37,38,39,4,4,4,4,40,41,42,4,4,4,43,4,4,4,4,4,4,4,4,4,4,44,45,4,4,4,4,2,46,47,2,2,2,2,2,48,49,50,51,52,53,54,55","0.000733137130737305","walktrap","edit-xhwikibooks.graphml"
"0.47","0.48","0.05","0.567467605346393","3,4,3,6,7,8,9,10,11,12,13,14,15,1,1,16,17,18,2,19,4,5,20,21,1,1,1,22,23,24,25,26,27,28,2,2,1,29,4,4,4,4,5,5,5,5,4,5,5,5,4,4,4,4,4,5,5,5,5,4,30,4,4,31,32,4,4,4,4,4,5,4,33,34,4,4,4,4,4,4,4,35,36,37,38,39,4,4,4,4,40,41,42,4,4,4,43,4,4,4,4,4,4,4,4,4,4,44,45,4,4,4,4,2,46,47,2,2,2,2,2,48,49,50,51,52,53,54,55","0.00075984001159668","walktrap","edit-xhwikibooks.graphml"
"0.46","0.49","0.05","0.567467605346393","3,4,3,6,7,8,9,10,11,12,13,14,15,1,1,16,17,18,2,19,4,5,20,21,1,1,1,22,23,24,25,26,27,28,2,2,1,29,4,4,4,4,5,5,5,5,4,5,5,5,4,4,4,4,4,5,5,5,5,4,30,4,4,31,32,4,4,4,4,4,5,4,33,34,4,4,4,4,4,4,4,35,36,37,38,39,4,4,4,4,40,41,42,4,4,4,43,4,4,4,4,4,4,4,4,4,4,44,45,4,4,4,4,2,46,47,2,2,2,2,2,48,49,50,51,52,53,54,55","0.000793933868408203","walktrap","edit-xhwikibooks.graphml"
"0.45","0.5","0.05","0.671781063184812","3,4,3,7,8,9,10,5,11,12,13,14,1,1,1,15,16,17,2,18,4,6,19,5,1,1,1,20,21,22,23,24,25,26,2,2,1,27,4,4,4,4,6,6,6,6,4,6,6,6,4,4,4,4,4,6,6,6,6,4,28,4,4,29,30,4,4,4,4,4,6,4,31,32,4,4,4,4,4,4,4,33,34,35,36,37,4,4,4,4,38,39,40,4,4,4,41,4,4,4,4,4,4,4,4,4,4,42,43,4,4,4,4,2,44,45,2,2,2,2,2,46,47,48,49,50,51,52,53","0.000730037689208984","walktrap","edit-xhwikibooks.graphml"
"0.44","0.51","0.05","0.650815972222223","2,3,2,7,8,9,10,4,11,12,13,14,1,1,1,15,16,17,18,19,3,6,20,4,5,5,5,21,22,23,24,25,26,27,1,1,1,28,3,3,3,3,6,6,6,6,3,6,6,6,3,3,3,3,3,6,6,6,6,3,29,3,3,30,31,3,3,3,3,3,6,3,32,33,3,3,3,3,3,3,3,34,35,36,37,38,3,3,3,3,39,40,41,3,3,3,42,3,3,3,3,3,3,3,3,3,3,43,44,3,3,3,3,1,45,46,1,1,1,1,1,47,48,49,50,51,52,53,54","0.000765800476074219","walktrap","edit-xhwikibooks.graphml"
"0.43","0.52","0.05","0.650815972222223","2,3,2,7,8,9,10,4,11,12,13,14,1,1,1,15,16,17,18,19,3,6,20,4,5,5,5,21,22,23,24,25,26,27,1,1,1,28,3,3,3,3,6,6,6,6,3,6,6,6,3,3,3,3,3,6,6,6,6,3,29,3,3,30,31,3,3,3,3,3,6,3,32,33,3,3,3,3,3,3,3,34,35,36,37,38,3,3,3,3,39,40,41,3,3,3,42,3,3,3,3,3,3,3,3,3,3,43,44,3,3,3,3,1,45,46,1,1,1,1,1,47,48,49,50,51,52,53,54","0.000870943069458008","walktrap","edit-xhwikibooks.graphml"
"0.42","0.53","0.05","0.649334550024965","2,3,2,7,8,9,10,4,11,12,13,14,1,1,1,15,16,17,18,19,3,6,20,4,5,5,5,21,22,23,24,25,26,27,1,1,1,28,3,3,3,3,6,6,6,6,3,6,6,6,3,3,3,3,3,6,6,6,6,3,29,3,3,30,31,3,3,3,3,3,6,3,32,33,3,3,3,3,3,3,3,34,35,36,37,38,3,3,3,3,39,40,41,3,3,3,42,3,3,3,3,3,3,3,3,3,3,43,44,3,3,3,3,1,45,46,1,1,1,1,1,47,48,49,50,51,52,53,54","0.000791788101196289","walktrap","edit-xhwikibooks.graphml"
"0.41","0.54","0.05","0.640931288846389","2,3,2,6,7,8,9,4,10,11,12,13,1,1,1,14,15,16,17,18,3,5,19,4,1,1,1,20,21,22,23,24,25,26,1,1,1,27,3,3,3,3,5,5,5,5,3,5,5,5,3,3,3,3,3,5,5,5,5,3,28,3,3,29,30,3,3,3,3,3,5,3,31,32,3,3,3,3,3,3,3,33,34,35,36,37,3,3,3,3,38,39,40,3,3,3,41,3,3,3,3,3,3,3,3,3,3,42,43,3,3,3,3,1,44,45,1,1,1,1,1,46,47,48,49,50,51,52,53","0.000796079635620117","walktrap","edit-xhwikibooks.graphml"
"0.4","0.55","0.05","0.639562058629274","2,3,2,6,7,8,9,4,10,11,12,13,1,1,1,14,15,16,17,18,3,5,19,4,1,1,1,20,21,22,23,24,25,26,1,1,1,27,3,3,3,3,5,5,5,5,3,5,5,5,3,3,3,3,3,5,5,5,5,3,28,3,3,29,30,3,3,3,3,3,5,3,31,32,3,3,3,3,3,3,3,33,34,35,36,37,3,3,3,3,38,39,40,3,3,3,41,3,3,3,3,3,3,3,3,3,3,42,43,3,3,3,3,1,44,45,1,1,1,1,1,46,47,48,49,50,51,52,53","0.000781059265136719","walktrap","edit-xhwikibooks.graphml"
"0.39","0.56","0.05","0.655616521871666","3,2,3,7,8,9,10,4,11,12,13,14,1,1,1,15,16,17,18,19,2,5,20,4,6,6,6,21,22,23,24,25,26,27,1,1,1,28,2,2,2,2,5,5,5,5,2,5,5,5,2,2,2,2,2,5,5,5,5,2,29,2,2,30,31,2,2,2,2,2,5,2,32,33,2,2,2,2,2,2,2,34,35,36,37,38,2,2,2,2,39,40,41,2,2,2,42,2,2,2,2,2,2,2,2,2,2,43,44,2,2,2,2,1,45,46,1,1,1,1,1,47,48,49,50,51,52,53,54","0.000735044479370117","walktrap","edit-xhwikibooks.graphml"
"0.38","0.57","0.05","0.654150429991937","3,2,3,7,8,9,10,4,11,12,13,14,1,1,1,15,16,17,18,19,2,5,20,4,6,6,6,21,22,23,24,25,26,27,1,1,1,28,2,2,2,2,5,5,5,5,2,5,5,5,2,2,2,2,2,5,5,5,5,2,29,2,2,30,31,2,2,2,2,2,5,2,32,33,2,2,2,2,2,2,2,34,35,36,37,38,2,2,2,2,39,40,41,2,2,2,42,2,2,2,2,2,2,2,2,2,2,43,44,2,2,2,2,1,45,46,1,1,1,1,1,47,48,49,50,51,52,53,54","0.000772953033447266","walktrap","edit-xhwikibooks.graphml"
"0.37","0.58","0.05","0.6557191486549","3,2,3,7,8,9,10,4,11,12,13,14,1,1,1,15,16,17,18,19,2,5,20,4,6,6,6,21,22,23,24,25,26,27,1,1,1,28,2,2,2,2,5,5,5,5,2,5,5,5,2,2,2,2,2,5,5,5,5,2,29,2,2,30,31,2,2,2,2,2,5,2,32,33,2,2,2,2,2,2,2,34,35,36,37,38,2,2,2,2,39,40,41,2,2,2,42,2,2,2,2,2,2,2,2,2,2,43,44,2,2,2,2,1,45,46,1,1,1,1,1,47,48,49,50,51,52,53,54","0.00077509880065918","walktrap","edit-xhwikibooks.graphml"
"0.36","0.59","0.05","0.654288711501583","3,2,3,7,8,9,10,4,11,12,13,14,1,1,1,15,16,17,18,19,2,5,20,4,6,6,6,21,22,23,24,25,26,27,1,1,1,28,2,2,2,2,5,5,5,5,2,5,5,5,2,2,2,2,2,5,5,5,5,2,29,2,2,30,31,2,2,2,2,2,5,2,32,33,2,2,2,2,2,2,2,34,35,36,37,38,2,2,2,2,39,40,41,2,2,2,42,2,2,2,2,2,2,2,2,2,2,43,44,2,2,2,2,1,45,46,1,1,1,1,1,47,48,49,50,51,52,53,54","0.000735044479370117","walktrap","edit-xhwikibooks.graphml"
"0.35","0.6","0.05","0.65628","3,2,3,7,8,9,10,4,11,12,13,14,1,1,1,15,16,17,18,19,2,5,20,4,6,6,6,21,22,23,24,25,26,27,1,1,1,28,2,2,2,2,5,5,5,5,2,5,5,5,2,2,2,2,2,5,5,5,5,2,29,2,2,30,31,2,2,2,2,2,5,2,32,33,2,2,2,2,2,2,2,34,35,36,37,38,2,2,2,2,39,40,41,2,2,2,42,2,2,2,2,2,2,2,2,2,2,43,44,2,2,2,2,1,45,46,1,1,1,1,1,47,48,49,50,51,52,53,54","0.000787019729614258","walktrap","edit-xhwikibooks.graphml"
"0.34","0.61","0.05","0.609235656956005","4,2,4,7,8,9,10,5,11,12,13,14,1,1,1,15,16,17,18,19,2,2,20,5,6,6,6,21,22,23,24,25,26,27,3,3,1,28,2,2,2,2,29,30,31,32,2,33,34,35,2,2,2,2,2,36,37,38,39,2,40,2,2,41,42,2,2,2,2,2,43,2,44,45,2,2,2,2,2,2,2,46,47,48,49,50,2,2,2,2,51,52,53,2,2,2,54,2,2,2,2,2,2,2,2,2,2,55,56,2,2,2,2,3,57,58,3,3,3,3,3,59,60,61,62,63,64,65,66","0.000710010528564453","walktrap","edit-xhwikibooks.graphml"
"0.33","0.62","0.05","0.607480336716461","4,2,4,7,8,9,10,5,11,12,13,14,1,1,1,15,16,17,18,19,2,2,20,5,6,6,6,21,22,23,24,25,26,27,3,3,1,28,2,2,2,2,29,30,31,32,2,33,34,35,2,2,2,2,2,36,37,38,39,2,40,2,2,41,42,2,2,2,2,2,43,2,44,45,2,2,2,2,2,2,2,46,47,48,49,50,2,2,2,2,51,52,53,2,2,2,54,2,2,2,2,2,2,2,2,2,2,55,56,2,2,2,2,3,57,58,3,3,3,3,3,59,60,61,62,63,64,65,66","0.000693798065185547","walktrap","edit-xhwikibooks.graphml"
"0.32","0.63","0.05","0.605732705091678","4,2,4,7,8,9,10,5,11,12,13,14,1,1,1,15,16,17,18,19,2,2,20,5,6,6,6,21,22,23,24,25,26,27,3,3,1,28,2,2,2,2,29,30,31,32,2,33,34,35,2,2,2,2,2,36,37,38,39,2,40,2,2,41,42,2,2,2,2,2,43,2,44,45,2,2,2,2,2,2,2,46,47,48,49,50,2,2,2,2,51,52,53,2,2,2,54,2,2,2,2,2,2,2,2,2,2,55,56,2,2,2,2,3,57,58,3,3,3,3,3,59,60,61,62,63,64,65,66","0.00069880485534668","walktrap","edit-xhwikibooks.graphml"
"0.31","0.64","0.05","0.605732705091678","4,2,4,7,8,9,10,5,11,12,13,14,1,1,1,15,16,17,18,19,2,2,20,5,6,6,6,21,22,23,24,25,26,27,3,3,1,28,2,2,2,2,29,30,31,32,2,33,34,35,2,2,2,2,2,36,37,38,39,2,40,2,2,41,42,2,2,2,2,2,43,2,44,45,2,2,2,2,2,2,2,46,47,48,49,50,2,2,2,2,51,52,53,2,2,2,54,2,2,2,2,2,2,2,2,2,2,55,56,2,2,2,2,3,57,58,3,3,3,3,3,59,60,61,62,63,64,65,66","0.000727176666259766","walktrap","edit-xhwikibooks.graphml"
"0.3","0.65","0.05","0.607144139615053","4,2,4,7,8,9,10,5,11,12,13,14,1,1,1,15,16,17,18,19,2,2,20,5,6,6,6,21,22,23,24,25,26,27,3,3,1,28,2,2,2,2,29,30,31,32,2,33,34,35,2,2,2,2,2,36,37,38,39,2,40,2,2,41,42,2,2,2,2,2,43,2,44,45,2,2,2,2,2,2,2,46,47,48,49,50,2,2,2,2,51,52,53,2,2,2,54,2,2,2,2,2,2,2,2,2,2,55,56,2,2,2,2,3,57,58,3,3,3,3,3,59,60,61,62,63,64,65,66","0.000734806060791016","walktrap","edit-xhwikibooks.graphml"
"0.29","0.66","0.05","0.607144139615053","4,2,4,7,8,9,10,5,11,12,13,14,1,1,1,15,16,17,18,19,2,2,20,5,6,6,6,21,22,23,24,25,26,27,3,3,1,28,2,2,2,2,29,30,31,32,2,33,34,35,2,2,2,2,2,36,37,38,39,2,40,2,2,41,42,2,2,2,2,2,43,2,44,45,2,2,2,2,2,2,2,46,47,48,49,50,2,2,2,2,51,52,53,2,2,2,54,2,2,2,2,2,2,2,2,2,2,55,56,2,2,2,2,3,57,58,3,3,3,3,3,59,60,61,62,63,64,65,66","0.000763177871704102","walktrap","edit-xhwikibooks.graphml"
"0.28","0.67","0.05","0.642839002555516","4,2,4,7,8,9,10,5,11,12,13,14,1,1,1,15,16,17,18,19,2,2,20,5,6,6,6,21,22,23,24,25,26,27,3,3,1,28,2,2,2,2,29,30,31,32,2,33,34,35,2,2,2,2,2,36,37,38,39,2,40,2,2,41,42,2,2,2,2,2,43,2,44,45,2,2,2,2,2,2,2,46,47,48,49,50,2,2,2,2,51,52,53,2,2,2,54,2,2,2,2,2,2,2,2,2,2,55,56,2,2,2,2,3,57,58,3,3,3,3,3,59,60,61,62,63,64,65,66","0.000891923904418945","walktrap","edit-xhwikibooks.graphml"
"0.27","0.68","0.05","0.642839002555516","4,2,4,7,8,9,10,5,11,12,13,14,1,1,1,15,16,17,18,19,2,2,20,5,6,6,6,21,22,23,24,25,26,27,3,3,1,28,2,2,2,2,29,30,31,32,2,33,34,35,2,2,2,2,2,36,37,38,39,2,40,2,2,41,42,2,2,2,2,2,43,2,44,45,2,2,2,2,2,2,2,46,47,48,49,50,2,2,2,2,51,52,53,2,2,2,54,2,2,2,2,2,2,2,2,2,2,55,56,2,2,2,2,3,57,58,3,3,3,3,3,59,60,61,62,63,64,65,66","0.000713109970092773","walktrap","edit-xhwikibooks.graphml"
"0.26","0.69","0.05","0.641180083144369","4,2,4,7,8,9,10,5,11,12,13,14,1,1,1,15,16,17,18,19,2,2,20,5,6,6,6,21,22,23,24,25,26,27,3,3,1,28,2,2,2,2,29,30,31,32,2,33,34,35,2,2,2,2,2,36,37,38,39,2,40,2,2,41,42,2,2,2,2,2,43,2,44,45,2,2,2,2,2,2,2,46,47,48,49,50,2,2,2,2,51,52,53,2,2,2,54,2,2,2,2,2,2,2,2,2,2,55,56,2,2,2,2,3,57,58,3,3,3,3,3,59,60,61,62,63,64,65,66","0.000755071640014648","walktrap","edit-xhwikibooks.graphml"
"0.25","0.7","0.05","0.639527253979908","4,2,4,7,8,9,10,5,11,12,13,14,1,1,1,15,16,17,18,19,2,2,20,5,6,6,6,21,22,23,24,25,26,27,3,3,1,28,2,2,2,2,29,30,31,32,2,33,34,35,2,2,2,2,2,36,37,38,39,2,40,2,2,41,42,2,2,2,2,2,43,2,44,45,2,2,2,2,2,2,2,46,47,48,49,50,2,2,2,2,51,52,53,2,2,2,54,2,2,2,2,2,2,2,2,2,2,55,56,2,2,2,2,3,57,58,3,3,3,3,3,59,60,61,62,63,64,65,66","0.000725984573364258","walktrap","edit-xhwikibooks.graphml"
"0.24","0.71","0.05","0.637258437279746","3,1,3,8,9,10,11,4,12,13,14,15,2,2,2,16,17,18,19,20,1,1,21,4,5,5,5,22,23,24,25,26,27,28,6,6,29,30,1,1,1,1,31,32,33,34,1,35,36,37,1,1,1,1,1,38,39,40,41,1,42,1,1,43,44,1,1,1,1,1,45,1,46,47,1,1,1,1,1,1,1,48,49,50,51,52,1,1,1,1,53,54,55,1,1,1,56,1,1,1,1,1,1,1,1,1,1,57,58,1,1,1,1,7,59,60,7,7,7,7,7,61,62,63,64,65,66,67,68","0.000695943832397461","walktrap","edit-xhwikibooks.graphml"
"0.23","0.72","0.05","0.642158997435527","3,1,3,8,9,10,11,4,12,13,14,15,2,2,2,16,17,18,19,20,1,1,21,4,5,5,5,22,23,24,25,26,27,28,6,6,29,30,1,1,1,1,31,32,33,34,1,35,36,37,1,1,1,1,1,38,39,40,41,1,42,1,1,43,44,1,1,1,1,1,45,1,46,47,1,1,1,1,1,1,1,48,49,50,51,52,1,1,1,1,53,54,55,1,1,1,56,1,1,1,1,1,1,1,1,1,1,57,58,1,1,1,1,7,59,60,7,7,7,7,7,61,62,63,64,65,66,67,68","0.000690221786499023","walktrap","edit-xhwikibooks.graphml"
"0.22","0.73","0.05","0.64036","3,1,3,8,9,10,11,4,12,13,14,15,2,2,2,16,17,18,19,20,1,1,21,4,5,5,5,22,23,24,25,26,27,28,6,6,29,30,1,1,1,1,31,32,33,34,1,35,36,37,1,1,1,1,1,38,39,40,41,1,42,1,1,43,44,1,1,1,1,1,45,1,46,47,1,1,1,1,1,1,1,48,49,50,51,52,1,1,1,1,53,54,55,1,1,1,56,1,1,1,1,1,1,1,1,1,1,57,58,1,1,1,1,7,59,60,7,7,7,7,7,61,62,63,64,65,66,67,68","0.000704050064086914","walktrap","edit-xhwikibooks.graphml"
"0.21","0.74","0.05","0.64036","3,1,3,8,9,10,11,4,12,13,14,15,2,2,2,16,17,18,19,20,1,1,21,4,5,5,5,22,23,24,25,26,27,28,6,6,29,30,1,1,1,1,31,32,33,34,1,35,36,37,1,1,1,1,1,38,39,40,41,1,42,1,1,43,44,1,1,1,1,1,45,1,46,47,1,1,1,1,1,1,1,48,49,50,51,52,1,1,1,1,53,54,55,1,1,1,56,1,1,1,1,1,1,1,1,1,1,57,58,1,1,1,1,7,59,60,7,7,7,7,7,61,62,63,64,65,66,67,68","0.000700950622558594","walktrap","edit-xhwikibooks.graphml"
"0.2","0.75","0.05","0.646467542935086","4,1,4,8,9,10,11,3,12,13,14,15,2,2,2,16,17,18,19,20,1,1,21,3,5,5,5,22,23,24,25,26,27,28,6,6,29,30,1,1,1,1,31,32,33,34,1,35,36,37,1,1,1,1,1,38,39,40,41,1,42,1,1,43,44,1,1,1,1,1,45,1,46,47,1,1,1,1,1,1,1,48,49,50,51,52,1,1,1,1,53,54,55,1,1,1,56,1,1,1,1,1,1,1,1,1,1,57,58,1,1,1,1,7,59,60,7,7,7,7,7,61,62,63,64,65,66,67,68","0.000690937042236328","walktrap","edit-xhwikibooks.graphml"
"0.19","0.76","0.05","0.646467542935086","4,1,4,8,9,10,11,3,12,13,14,15,2,2,2,16,17,18,19,20,1,1,21,3,5,5,5,22,23,24,25,26,27,28,6,6,29,30,1,1,1,1,31,32,33,34,1,35,36,37,1,1,1,1,1,38,39,40,41,1,42,1,1,43,44,1,1,1,1,1,45,1,46,47,1,1,1,1,1,1,1,48,49,50,51,52,1,1,1,1,53,54,55,1,1,1,56,1,1,1,1,1,1,1,1,1,1,57,58,1,1,1,1,7,59,60,7,7,7,7,7,61,62,63,64,65,66,67,68","0.000690937042236328","walktrap","edit-xhwikibooks.graphml"
"0.18","0.77","0.05","0.64469819300269","4,1,4,8,9,10,11,3,12,13,14,15,2,2,2,16,17,18,19,20,1,1,21,3,5,5,5,22,23,24,25,26,27,28,6,6,29,30,1,1,1,1,31,32,33,34,1,35,36,37,1,1,1,1,1,38,39,40,41,1,42,1,1,43,44,1,1,1,1,1,45,1,46,47,1,1,1,1,1,1,1,48,49,50,51,52,1,1,1,1,53,54,55,1,1,1,56,1,1,1,1,1,1,1,1,1,1,57,58,1,1,1,1,7,59,60,7,7,7,7,7,61,62,63,64,65,66,67,68","0.000683069229125977","walktrap","edit-xhwikibooks.graphml"
"0.17","0.78","0.05","0.647760050477736","4,1,4,8,9,10,11,3,12,13,14,15,2,2,2,16,17,18,19,20,1,1,21,3,5,5,5,22,23,24,25,26,27,28,6,6,29,30,1,1,1,1,31,32,33,34,1,35,36,37,1,1,1,1,1,38,39,40,41,1,42,1,1,43,44,1,1,1,1,1,45,1,46,47,1,1,1,1,1,1,1,48,49,50,51,52,1,1,1,1,53,54,55,1,1,1,56,1,1,1,1,1,1,1,1,1,1,57,58,1,1,1,1,7,59,60,7,7,7,7,7,61,62,63,64,65,66,67,68","0.00068211555480957","walktrap","edit-xhwikibooks.graphml"
"0.16","0.79","0.05","0.646017501229856","4,1,4,8,9,10,11,3,12,13,14,15,2,2,2,16,17,18,19,20,1,1,21,3,5,5,5,22,23,24,25,26,27,28,6,6,29,30,1,1,1,1,31,32,33,34,1,35,36,37,1,1,1,1,1,38,39,40,41,1,42,1,1,43,44,1,1,1,1,1,45,1,46,47,1,1,1,1,1,1,1,48,49,50,51,52,1,1,1,1,53,54,55,1,1,1,56,1,1,1,1,1,1,1,1,1,1,57,58,1,1,1,1,7,59,60,7,7,7,7,7,61,62,63,64,65,66,67,68","0.000693082809448242","walktrap","edit-xhwikibooks.graphml"
"0.15","0.8","0.05","0.649168172017948","4,1,4,8,9,10,11,3,12,13,14,15,2,2,2,16,17,18,19,20,1,1,21,3,5,5,5,22,23,24,25,26,27,28,6,6,29,30,1,1,1,1,31,32,33,34,1,35,36,37,1,1,1,1,1,38,39,40,41,1,42,1,1,43,44,1,1,1,1,1,45,1,46,47,1,1,1,1,1,1,1,48,49,50,51,52,1,1,1,1,53,54,55,1,1,1,56,1,1,1,1,1,1,1,1,1,1,57,58,1,1,1,1,7,59,60,7,7,7,7,7,61,62,63,64,65,66,67,68","0.000716924667358398","walktrap","edit-xhwikibooks.graphml"
"0.14","0.81","0.05","0.691849796685311","4,2,4,8,9,10,11,3,12,13,14,15,1,1,1,16,17,18,19,20,2,21,22,3,5,5,5,23,24,25,26,27,28,29,6,6,30,31,2,2,2,2,32,33,34,35,2,36,37,38,2,2,2,2,2,39,40,41,42,2,43,2,2,44,45,2,2,2,2,2,46,2,47,48,2,2,2,2,2,2,2,49,50,51,52,53,2,2,2,2,54,55,56,2,2,2,57,2,2,2,2,2,2,2,2,2,2,58,59,2,2,2,2,7,60,61,7,7,7,7,7,62,63,64,65,66,67,68,69","0.000774145126342773","walktrap","edit-xhwikibooks.graphml"
"0.13","0.82","0.05","0.690104014917546","4,2,4,8,9,10,11,3,12,13,14,15,1,1,1,16,17,18,19,20,2,21,22,3,5,5,5,23,24,25,26,27,28,29,6,6,30,31,2,2,2,2,32,33,34,35,2,36,37,38,2,2,2,2,2,39,40,41,42,2,43,2,2,44,45,2,2,2,2,2,46,2,47,48,2,2,2,2,2,2,2,49,50,51,52,53,2,2,2,2,54,55,56,2,2,2,57,2,2,2,2,2,2,2,2,2,2,58,59,2,2,2,2,7,60,61,7,7,7,7,7,62,63,64,65,66,67,68,69","0.000688076019287109","walktrap","edit-xhwikibooks.graphml"
"0.12","0.83","0.05","0.690104014917546","4,2,4,8,9,10,11,3,12,13,14,15,1,1,1,16,17,18,19,20,2,21,22,3,5,5,5,23,24,25,26,27,28,29,6,6,30,31,2,2,2,2,32,33,34,35,2,36,37,38,2,2,2,2,2,39,40,41,42,2,43,2,2,44,45,2,2,2,2,2,46,2,47,48,2,2,2,2,2,2,2,49,50,51,52,53,2,2,2,2,54,55,56,2,2,2,57,2,2,2,2,2,2,2,2,2,2,58,59,2,2,2,2,7,60,61,7,7,7,7,7,62,63,64,65,66,67,68,69","0.000838041305541992","walktrap","edit-xhwikibooks.graphml"
"0.11","0.84","0.05","0.690233298898072","4,2,4,8,9,10,11,3,12,13,14,15,1,1,1,16,17,18,19,20,2,21,22,3,5,5,5,23,24,25,26,27,28,29,6,6,30,31,2,2,2,2,32,33,34,35,2,36,37,38,2,2,2,2,2,39,40,41,42,2,43,2,2,44,45,2,2,2,2,2,46,2,47,48,2,2,2,2,2,2,2,49,50,51,52,53,2,2,2,2,54,55,56,2,2,2,57,2,2,2,2,2,2,2,2,2,2,58,59,2,2,2,2,7,60,61,7,7,7,7,7,62,63,64,65,66,67,68,69","0.000669956207275391","walktrap","edit-xhwikibooks.graphml"
"0.1","0.85","0.05","0.692253470986117","4,2,4,8,9,10,11,3,12,13,14,15,1,1,1,16,17,18,19,20,2,21,22,3,5,5,5,23,24,25,26,27,28,29,6,6,30,31,2,2,2,2,32,33,34,35,2,36,37,38,2,2,2,2,2,39,40,41,42,2,43,2,2,44,45,2,2,2,2,2,46,2,47,48,2,2,2,2,2,2,2,49,50,51,52,53,2,2,2,2,54,55,56,2,2,2,57,2,2,2,2,2,2,2,2,2,2,58,59,2,2,2,2,7,60,61,7,7,7,7,7,62,63,64,65,66,67,68,69","0.000693798065185547","walktrap","edit-xhwikibooks.graphml"
"0.09","0.86","0.05","0.694217810202716","4,2,4,8,9,10,11,3,12,13,14,15,1,1,1,16,17,18,19,20,2,21,22,3,5,5,5,23,24,25,26,27,28,29,6,6,30,31,2,2,2,2,32,33,34,35,2,36,37,38,2,2,2,2,2,39,40,41,42,2,43,2,2,44,45,2,2,2,2,2,46,2,47,48,2,2,2,2,2,2,2,49,50,51,52,53,2,2,2,2,54,55,56,2,2,2,57,2,2,2,2,2,2,2,2,2,2,58,59,2,2,2,2,7,60,61,7,7,7,7,7,62,63,64,65,66,67,68,69","0.000676870346069336","walktrap","edit-xhwikibooks.graphml"
"0.08","0.87","0.05","0.694217810202716","4,2,4,8,9,10,11,3,12,13,14,15,1,1,1,16,17,18,19,20,2,21,22,3,5,5,5,23,24,25,26,27,28,29,6,6,30,31,2,2,2,2,32,33,34,35,2,36,37,38,2,2,2,2,2,39,40,41,42,2,43,2,2,44,45,2,2,2,2,2,46,2,47,48,2,2,2,2,2,2,2,49,50,51,52,53,2,2,2,2,54,55,56,2,2,2,57,2,2,2,2,2,2,2,2,2,2,58,59,2,2,2,2,7,60,61,7,7,7,7,7,62,63,64,65,66,67,68,69","0.00068211555480957","walktrap","edit-xhwikibooks.graphml"
"0.07","0.88","0.05","0.692520833045426","4,2,4,8,9,10,11,3,12,13,14,15,1,1,1,16,17,18,19,20,2,21,22,3,5,5,5,23,24,25,26,27,28,29,6,6,30,31,2,2,2,2,32,33,34,35,2,36,37,38,2,2,2,2,2,39,40,41,42,2,43,2,2,44,45,2,2,2,2,2,46,2,47,48,2,2,2,2,2,2,2,49,50,51,52,53,2,2,2,2,54,55,56,2,2,2,57,2,2,2,2,2,2,2,2,2,2,58,59,2,2,2,2,7,60,61,7,7,7,7,7,62,63,64,65,66,67,68,69","0.000691890716552734","walktrap","edit-xhwikibooks.graphml"
"0.06","0.89","0.05","0.696307239825165","4,2,4,8,9,10,11,3,12,13,14,15,1,1,1,16,17,18,19,20,2,21,22,3,5,5,5,23,24,25,26,27,28,29,6,6,30,31,2,2,2,2,32,33,34,35,2,36,37,38,2,2,2,2,2,39,40,41,42,2,43,2,2,44,45,2,2,2,2,2,46,2,47,48,2,2,2,2,2,2,2,49,50,51,52,53,2,2,2,2,54,55,56,2,2,2,57,2,2,2,2,2,2,2,2,2,2,58,59,2,2,2,2,7,60,61,7,7,7,7,7,62,63,64,65,66,67,68,69","0.000673055648803711","walktrap","edit-xhwikibooks.graphml"
"0.05","0.9","0.05","0.696688537347878","3,2,3,8,9,10,11,4,12,13,14,15,1,1,1,16,17,18,19,20,2,21,22,4,5,5,5,23,24,25,26,27,28,29,6,6,30,31,2,2,2,2,32,33,34,35,2,36,37,38,2,2,2,2,2,39,40,41,42,2,43,2,2,44,45,2,2,2,2,2,46,2,47,48,2,2,2,2,2,2,2,49,50,51,52,53,2,2,2,2,54,55,56,2,2,2,57,2,2,2,2,2,2,2,2,2,2,58,59,2,2,2,2,7,60,61,7,7,7,7,7,62,63,64,65,66,67,68,69","0.0007171630859375","walktrap","edit-xhwikibooks.graphml"
"0.04","0.91","0.05","0.696688537347878","3,2,3,8,9,10,11,4,12,13,14,15,1,1,1,16,17,18,19,20,2,21,22,4,5,5,5,23,24,25,26,27,28,29,6,6,30,31,2,2,2,2,32,33,34,35,2,36,37,38,2,2,2,2,2,39,40,41,42,2,43,2,2,44,45,2,2,2,2,2,46,2,47,48,2,2,2,2,2,2,2,49,50,51,52,53,2,2,2,2,54,55,56,2,2,2,57,2,2,2,2,2,2,2,2,2,2,58,59,2,2,2,2,7,60,61,7,7,7,7,7,62,63,64,65,66,67,68,69","0.000689029693603516","walktrap","edit-xhwikibooks.graphml"
"0.03","0.92","0.05","0.695022377324313","3,2,3,8,9,10,11,4,12,13,14,15,1,1,1,16,17,18,19,20,2,21,22,4,5,5,5,23,24,25,26,27,28,29,6,6,30,31,2,2,2,2,32,33,34,35,2,36,37,38,2,2,2,2,2,39,40,41,42,2,43,2,2,44,45,2,2,2,2,2,46,2,47,48,2,2,2,2,2,2,2,49,50,51,52,53,2,2,2,2,54,55,56,2,2,2,57,2,2,2,2,2,2,2,2,2,2,58,59,2,2,2,2,7,60,61,7,7,7,7,7,62,63,64,65,66,67,68,69","0.000705957412719727","walktrap","edit-xhwikibooks.graphml"
"0.02","0.93","0.05","0.696919008264463","3,2,3,8,9,10,11,4,12,13,14,15,1,1,1,16,17,18,19,20,2,21,22,4,5,5,5,23,24,25,26,27,28,29,6,6,30,31,2,2,2,2,32,33,34,35,2,36,37,38,2,2,2,2,2,39,40,41,42,2,43,2,2,44,45,2,2,2,2,2,46,2,47,48,2,2,2,2,2,2,2,49,50,51,52,53,2,2,2,2,54,55,56,2,2,2,57,2,2,2,2,2,2,2,2,2,2,58,59,2,2,2,2,7,60,61,7,7,7,7,7,62,63,64,65,66,67,68,69","0.000705957412719727","walktrap","edit-xhwikibooks.graphml"
"0.01","0.94","0.05","0.695264912833439","3,2,3,8,9,10,11,4,12,13,14,15,1,1,1,16,17,18,19,20,2,21,22,4,5,5,5,23,24,25,26,27,28,29,6,6,30,31,2,2,2,2,32,33,34,35,2,36,37,38,2,2,2,2,2,39,40,41,42,2,43,2,2,44,45,2,2,2,2,2,46,2,47,48,2,2,2,2,2,2,2,49,50,51,52,53,2,2,2,2,54,55,56,2,2,2,57,2,2,2,2,2,2,2,2,2,2,58,59,2,2,2,2,7,60,61,7,7,7,7,7,62,63,64,65,66,67,68,69","0.00067901611328125","walktrap","edit-xhwikibooks.graphml"
"0","0.95","0.05","0.704310204897053","1,1,1,1,1,7,8,1,9,10,11,12,2,2,2,13,14,15,16,17,3,1,18,1,4,4,4,19,1,20,21,22,23,24,5,5,25,26,3,3,3,3,27,28,29,30,3,31,32,33,3,3,3,3,3,34,35,36,37,3,38,3,3,39,40,3,3,3,3,3,41,3,42,43,3,3,3,3,3,3,3,44,45,46,47,48,3,3,3,3,49,50,51,3,3,3,52,3,3,3,3,3,3,3,3,3,3,53,54,3,3,3,3,6,55,56,6,6,6,6,6,57,58,59,60,61,62,63,64","0.000701904296875","walktrap","edit-xhwikibooks.graphml"
"0.94","0","0.06","0.531636183885319","3,8,3,3,3,1,3,1,1,4,3,3,1,1,1,2,4,5,3,3,8,11,10,1,1,1,1,2,7,4,5,9,13,3,6,6,12,1,8,8,8,8,11,11,11,11,8,11,11,11,8,8,8,8,8,11,11,11,11,8,10,8,8,1,1,8,8,8,8,8,11,8,1,1,8,8,8,8,8,8,8,1,2,2,2,7,8,8,8,8,4,5,9,8,8,8,2,8,8,8,8,8,8,8,8,8,8,13,13,8,8,8,8,6,6,6,6,6,6,6,6,12,12,12,12,12,12,12,12","0.00080108642578125","walktrap","edit-xhwikibooks.graphml"
"0.93","0.01","0.06","0.531636183885319","3,8,3,3,3,1,3,1,1,4,3,3,1,1,1,2,4,5,3,3,8,11,10,1,1,1,1,2,7,4,5,9,13,3,6,6,12,1,8,8,8,8,11,11,11,11,8,11,11,11,8,8,8,8,8,11,11,11,11,8,10,8,8,1,1,8,8,8,8,8,11,8,1,1,8,8,8,8,8,8,8,1,2,2,2,7,8,8,8,8,4,5,9,8,8,8,2,8,8,8,8,8,8,8,8,8,8,13,13,8,8,8,8,6,6,6,6,6,6,6,6,12,12,12,12,12,12,12,12","0.000817060470581055","walktrap","edit-xhwikibooks.graphml"
"0.92","0.02","0.06","0.531636183885319","3,8,3,3,3,1,3,1,1,4,3,3,1,1,1,2,4,5,3,3,8,11,10,1,1,1,1,2,7,4,5,9,13,3,6,6,12,1,8,8,8,8,11,11,11,11,8,11,11,11,8,8,8,8,8,11,11,11,11,8,10,8,8,1,1,8,8,8,8,8,11,8,1,1,8,8,8,8,8,8,8,1,2,2,2,7,8,8,8,8,4,5,9,8,8,8,2,8,8,8,8,8,8,8,8,8,8,13,13,8,8,8,8,6,6,6,6,6,6,6,6,12,12,12,12,12,12,12,12","0.000818967819213867","walktrap","edit-xhwikibooks.graphml"
"0.91","0.03","0.06","0.530102764307348","3,8,3,3,3,1,3,1,1,4,3,3,1,1,1,2,4,5,3,3,8,11,10,1,1,1,1,2,7,4,5,9,13,3,6,6,12,1,8,8,8,8,11,11,11,11,8,11,11,11,8,8,8,8,8,11,11,11,11,8,10,8,8,1,1,8,8,8,8,8,11,8,1,1,8,8,8,8,8,8,8,1,2,2,2,7,8,8,8,8,4,5,9,8,8,8,2,8,8,8,8,8,8,8,8,8,8,13,13,8,8,8,8,6,6,6,6,6,6,6,6,12,12,12,12,12,12,12,12","0.000777959823608398","walktrap","edit-xhwikibooks.graphml"
"0.9","0.04","0.06","0.530102764307348","3,8,3,3,3,1,3,1,1,4,3,3,1,1,1,2,4,5,3,3,8,11,10,1,1,1,1,2,7,4,5,9,13,3,6,6,12,1,8,8,8,8,11,11,11,11,8,11,11,11,8,8,8,8,8,11,11,11,11,8,10,8,8,1,1,8,8,8,8,8,11,8,1,1,8,8,8,8,8,8,8,1,2,2,2,7,8,8,8,8,4,5,9,8,8,8,2,8,8,8,8,8,8,8,8,8,8,13,13,8,8,8,8,6,6,6,6,6,6,6,6,12,12,12,12,12,12,12,12","0.000771999359130859","walktrap","edit-xhwikibooks.graphml"
"0.89","0.05","0.06","0.528576388888889","3,8,3,3,3,1,3,1,1,4,3,3,1,1,1,2,4,5,3,3,8,11,10,1,1,1,1,2,7,4,5,9,13,3,6,6,12,1,8,8,8,8,11,11,11,11,8,11,11,11,8,8,8,8,8,11,11,11,11,8,10,8,8,1,1,8,8,8,8,8,11,8,1,1,8,8,8,8,8,8,8,1,2,2,2,7,8,8,8,8,4,5,9,8,8,8,2,8,8,8,8,8,8,8,8,8,8,13,13,8,8,8,8,6,6,6,6,6,6,6,6,12,12,12,12,12,12,12,12","0.000766992568969727","walktrap","edit-xhwikibooks.graphml"
"0.88","0.06","0.06","0.528576388888889","3,8,3,3,3,1,3,1,1,4,3,3,1,1,1,2,4,5,3,3,8,11,10,1,1,1,1,2,7,4,5,9,13,3,6,6,12,1,8,8,8,8,11,11,11,11,8,11,11,11,8,8,8,8,8,11,11,11,11,8,10,8,8,1,1,8,8,8,8,8,11,8,1,1,8,8,8,8,8,8,8,1,2,2,2,7,8,8,8,8,4,5,9,8,8,8,2,8,8,8,8,8,8,8,8,8,8,13,13,8,8,8,8,6,6,6,6,6,6,6,6,12,12,12,12,12,12,12,12","0.000752925872802734","walktrap","edit-xhwikibooks.graphml"
"0.87","0.07","0.06","0.519139882299683","4,5,4,4,4,1,4,1,1,6,4,4,1,1,1,3,6,7,2,4,5,8,1,1,1,1,1,3,5,6,7,2,10,4,2,2,9,1,5,5,5,5,8,8,8,8,5,8,8,8,5,5,5,5,5,8,8,8,8,5,11,5,5,1,1,5,5,5,5,5,8,5,1,1,5,5,5,5,5,5,5,1,3,3,3,12,5,5,5,5,13,14,15,5,5,5,3,5,5,5,5,5,5,5,5,5,5,10,10,5,5,5,5,2,2,2,2,2,2,2,2,9,9,9,9,9,9,9,9","0.000795125961303711","walktrap","edit-xhwikibooks.graphml"
"0.86","0.08","0.06","0.522524059178397","4,5,4,4,4,1,4,1,1,6,4,4,1,1,1,3,6,7,2,4,5,8,1,1,1,1,1,3,5,6,7,2,10,4,2,2,9,1,5,5,5,5,8,8,8,8,5,8,8,8,5,5,5,5,5,8,8,8,8,5,11,5,5,1,1,5,5,5,5,5,8,5,1,1,5,5,5,5,5,5,5,1,3,3,3,12,5,5,5,5,13,14,15,5,5,5,3,5,5,5,5,5,5,5,5,5,5,10,10,5,5,5,5,2,2,2,2,2,2,2,2,9,9,9,9,9,9,9,9","0.000774145126342773","walktrap","edit-xhwikibooks.graphml"
"0.85","0.09","0.06","0.520972422510637","4,5,4,4,4,1,4,1,1,6,4,4,1,1,1,3,6,7,2,4,5,8,1,1,1,1,1,3,5,6,7,2,10,4,2,2,9,1,5,5,5,5,8,8,8,8,5,8,8,8,5,5,5,5,5,8,8,8,8,5,11,5,5,1,1,5,5,5,5,5,8,5,1,1,5,5,5,5,5,5,5,1,3,3,3,12,5,5,5,5,13,14,15,5,5,5,3,5,5,5,5,5,5,5,5,5,5,10,10,5,5,5,5,2,2,2,2,2,2,2,2,9,9,9,9,9,9,9,9","0.000758171081542969","walktrap","edit-xhwikibooks.graphml"
"0.84","0.1","0.06","0.520972422510637","4,5,4,4,4,1,4,1,1,6,4,4,1,1,1,3,6,7,2,4,5,8,1,1,1,1,1,3,5,6,7,2,10,4,2,2,9,1,5,5,5,5,8,8,8,8,5,8,8,8,5,5,5,5,5,8,8,8,8,5,11,5,5,1,1,5,5,5,5,5,8,5,1,1,5,5,5,5,5,5,5,1,3,3,3,12,5,5,5,5,13,14,15,5,5,5,3,5,5,5,5,5,5,5,5,5,5,10,10,5,5,5,5,2,2,2,2,2,2,2,2,9,9,9,9,9,9,9,9","0.000785112380981445","walktrap","edit-xhwikibooks.graphml"
"0.83","0.11","0.06","0.519428359579126","4,5,4,4,4,1,4,1,1,6,4,4,1,1,1,3,6,7,2,4,5,8,1,1,1,1,1,3,5,6,7,2,10,4,2,2,9,1,5,5,5,5,8,8,8,8,5,8,8,8,5,5,5,5,5,8,8,8,8,5,11,5,5,1,1,5,5,5,5,5,8,5,1,1,5,5,5,5,5,5,5,1,3,3,3,12,5,5,5,5,13,14,15,5,5,5,3,5,5,5,5,5,5,5,5,5,5,10,10,5,5,5,5,2,2,2,2,2,2,2,2,9,9,9,9,9,9,9,9","0.000771999359130859","walktrap","edit-xhwikibooks.graphml"
"0.82","0.12","0.06","0.526067708333333","4,5,4,4,4,1,4,1,1,6,4,4,1,1,1,3,6,7,2,4,5,8,1,1,1,1,1,3,5,6,7,2,10,4,2,2,9,1,5,5,5,5,8,8,8,8,5,8,8,8,5,5,5,5,5,8,8,8,8,5,11,5,5,1,1,5,5,5,5,5,8,5,1,1,5,5,5,5,5,5,5,1,3,3,3,12,5,5,5,5,13,14,15,5,5,5,3,5,5,5,5,5,5,5,5,5,5,10,10,5,5,5,5,2,2,2,2,2,2,2,2,9,9,9,9,9,9,9,9","0.000802993774414062","walktrap","edit-xhwikibooks.graphml"
"0.81","0.13","0.06","0.500112441670883","1,3,1,1,1,1,1,2,1,1,1,1,2,2,2,1,9,1,1,8,3,5,2,2,2,2,2,7,3,10,11,1,8,8,4,4,6,2,3,3,3,3,5,5,5,5,3,5,5,5,3,3,3,3,3,5,5,5,5,3,12,3,3,13,14,3,3,3,3,3,5,3,2,2,3,3,3,3,3,3,3,15,7,7,7,16,3,3,3,3,17,18,19,3,3,3,20,3,3,3,3,3,3,3,3,3,3,21,22,3,3,3,3,4,4,4,4,4,4,4,4,6,6,6,6,6,6,6,6","0.000746965408325195","walktrap","edit-xhwikibooks.graphml"
"0.8","0.14","0.06","0.500112441670883","1,3,1,1,1,1,1,2,1,1,1,1,2,2,2,1,9,1,1,8,3,5,2,2,2,2,2,7,3,10,11,1,8,8,4,4,6,2,3,3,3,3,5,5,5,5,3,5,5,5,3,3,3,3,3,5,5,5,5,3,12,3,3,13,14,3,3,3,3,3,5,3,2,2,3,3,3,3,3,3,3,15,7,7,7,16,3,3,3,3,17,18,19,3,3,3,20,3,3,3,3,3,3,3,3,3,3,21,22,3,3,3,3,4,4,4,4,4,4,4,4,6,6,6,6,6,6,6,6","0.000756025314331055","walktrap","edit-xhwikibooks.graphml"
"0.79","0.15","0.06","0.505487983052086","1,3,1,1,1,1,1,2,1,1,1,1,2,2,2,1,9,1,1,8,3,5,2,2,2,2,2,7,3,10,11,1,8,8,4,4,6,2,3,3,3,3,5,5,5,5,3,5,5,5,3,3,3,3,3,5,5,5,5,3,12,3,3,13,14,3,3,3,3,3,5,3,2,2,3,3,3,3,3,3,3,15,7,7,7,16,3,3,3,3,17,18,19,3,3,3,20,3,3,3,3,3,3,3,3,3,3,21,22,3,3,3,3,4,4,4,4,4,4,4,4,6,6,6,6,6,6,6,6","0.000844955444335938","walktrap","edit-xhwikibooks.graphml"
"0.78","0.16","0.06","0.508999547306474","1,3,1,1,1,1,1,2,1,1,1,1,2,2,2,1,9,1,1,8,3,5,2,2,2,2,2,7,3,10,11,1,8,8,4,4,6,2,3,3,3,3,5,5,5,5,3,5,5,5,3,3,3,3,3,5,5,5,5,3,12,3,3,13,14,3,3,3,3,3,5,3,2,2,3,3,3,3,3,3,3,15,7,7,7,16,3,3,3,3,17,18,19,3,3,3,20,3,3,3,3,3,3,3,3,3,3,21,22,3,3,3,3,4,4,4,4,4,4,4,4,6,6,6,6,6,6,6,6","0.000716924667358398","walktrap","edit-xhwikibooks.graphml"
"0.77","0.17","0.06","0.510788869305133","1,3,1,1,1,1,1,2,1,1,1,1,2,2,2,1,9,1,1,8,3,5,2,2,2,2,2,7,3,10,11,1,8,8,4,4,6,2,3,3,3,3,5,5,5,5,3,5,5,5,3,3,3,3,3,5,5,5,5,3,12,3,3,13,14,3,3,3,3,3,5,3,2,2,3,3,3,3,3,3,3,15,7,7,7,16,3,3,3,3,17,18,19,3,3,3,20,3,3,3,3,3,3,3,3,3,3,21,22,3,3,3,3,4,4,4,4,4,4,4,4,6,6,6,6,6,6,6,6","0.00076603889465332","walktrap","edit-xhwikibooks.graphml"
"0.76","0.18","0.06","0.510788869305133","1,3,1,1,1,1,1,2,1,1,1,1,2,2,2,1,9,1,1,8,3,5,2,2,2,2,2,7,3,10,11,1,8,8,4,4,6,2,3,3,3,3,5,5,5,5,3,5,5,5,3,3,3,3,3,5,5,5,5,3,12,3,3,13,14,3,3,3,3,3,5,3,2,2,3,3,3,3,3,3,3,15,7,7,7,16,3,3,3,3,17,18,19,3,3,3,20,3,3,3,3,3,3,3,3,3,3,21,22,3,3,3,3,4,4,4,4,4,4,4,4,6,6,6,6,6,6,6,6","0.000707864761352539","walktrap","edit-xhwikibooks.graphml"
"0.75","0.19","0.06","0.460286419753086","3,3,3,2,7,2,1,2,2,2,1,8,2,2,2,2,9,10,1,6,3,4,11,2,2,2,2,2,3,12,13,14,6,15,1,1,5,2,3,3,3,3,4,4,4,4,3,4,4,4,3,3,3,3,3,4,4,4,4,3,16,3,3,17,18,3,3,3,3,3,4,3,19,20,3,3,3,3,3,3,3,21,22,23,24,25,3,3,3,3,26,27,28,3,3,3,29,3,3,3,3,3,3,3,3,3,3,30,31,3,3,3,3,1,1,1,1,1,1,1,1,5,5,5,5,5,5,5,5","0.000709056854248047","walktrap","edit-xhwikibooks.graphml"
"0.74","0.2","0.06","0.467930679811368","3,3,3,2,7,2,1,2,2,2,1,8,2,2,2,2,9,10,1,6,3,4,11,2,2,2,2,2,3,12,13,14,6,15,1,1,5,2,3,3,3,3,4,4,4,4,3,4,4,4,3,3,3,3,3,4,4,4,4,3,16,3,3,17,18,3,3,3,3,3,4,3,19,20,3,3,3,3,3,3,3,21,22,23,24,25,3,3,3,3,26,27,28,3,3,3,29,3,3,3,3,3,3,3,3,3,3,30,31,3,3,3,3,1,1,1,1,1,1,1,1,5,5,5,5,5,5,5,5","0.000699996948242188","walktrap","edit-xhwikibooks.graphml"
"0.73","0.21","0.06","0.466374269005848","3,3,3,2,7,2,1,2,2,2,1,8,2,2,2,2,9,10,1,6,3,4,11,2,2,2,2,2,3,12,13,14,6,15,1,1,5,2,3,3,3,3,4,4,4,4,3,4,4,4,3,3,3,3,3,4,4,4,4,3,16,3,3,17,18,3,3,3,3,3,4,3,19,20,3,3,3,3,3,3,3,21,22,23,24,25,3,3,3,3,26,27,28,3,3,3,29,3,3,3,3,3,3,3,3,3,3,30,31,3,3,3,3,1,1,1,1,1,1,1,1,5,5,5,5,5,5,5,5","0.000684976577758789","walktrap","edit-xhwikibooks.graphml"
"0.72","0.22","0.06","0.466374269005848","3,3,3,2,7,2,1,2,2,2,1,8,2,2,2,2,9,10,1,6,3,4,11,2,2,2,2,2,3,12,13,14,6,15,1,1,5,2,3,3,3,3,4,4,4,4,3,4,4,4,3,3,3,3,3,4,4,4,4,3,16,3,3,17,18,3,3,3,3,3,4,3,19,20,3,3,3,3,3,3,3,21,22,23,24,25,3,3,3,3,26,27,28,3,3,3,29,3,3,3,3,3,3,3,3,3,3,30,31,3,3,3,3,1,1,1,1,1,1,1,1,5,5,5,5,5,5,5,5","0.000716924667358398","walktrap","edit-xhwikibooks.graphml"
"0.71","0.23","0.06","0.472742264950057","3,3,3,2,7,2,1,2,2,2,1,8,2,2,2,2,9,10,1,6,3,4,11,2,2,2,2,2,3,12,13,14,6,15,1,1,5,2,3,3,3,3,4,4,4,4,3,4,4,4,3,3,3,3,3,4,4,4,4,3,16,3,3,17,18,3,3,3,3,3,4,3,19,20,3,3,3,3,3,3,3,21,22,23,24,25,3,3,3,3,26,27,28,3,3,3,29,3,3,3,3,3,3,3,3,3,3,30,31,3,3,3,3,1,1,1,1,1,1,1,1,5,5,5,5,5,5,5,5","0.000680923461914062","walktrap","edit-xhwikibooks.graphml"
"0.7","0.24","0.06","0.476646105826397","3,3,3,2,7,2,1,2,2,2,1,8,2,2,2,2,9,10,1,6,3,4,11,2,2,2,2,2,3,12,13,14,6,15,1,1,5,2,3,3,3,3,4,4,4,4,3,4,4,4,3,3,3,3,3,4,4,4,4,3,16,3,3,17,18,3,3,3,3,3,4,3,19,20,3,3,3,3,3,3,3,21,22,23,24,25,3,3,3,3,26,27,28,3,3,3,29,3,3,3,3,3,3,3,3,3,3,30,31,3,3,3,3,1,1,1,1,1,1,1,1,5,5,5,5,5,5,5,5","0.000735998153686523","walktrap","edit-xhwikibooks.graphml"
"0.69","0.25","0.06","0.473981837941388","2,2,2,1,6,1,7,1,1,1,8,9,1,1,1,1,10,11,3,12,2,4,13,1,1,1,1,1,2,14,15,16,17,18,3,3,5,1,2,2,2,2,4,4,4,4,2,4,4,4,2,2,2,2,2,4,4,4,4,2,19,2,2,20,21,2,2,2,2,2,4,2,22,23,2,2,2,2,2,2,2,24,25,26,27,28,2,2,2,2,29,30,31,2,2,2,32,2,2,2,2,2,2,2,2,2,2,33,34,2,2,2,2,3,3,3,3,3,3,3,3,5,5,5,5,5,5,5,5","0.000676155090332031","walktrap","edit-xhwikibooks.graphml"
"0.68","0.26","0.06","0.473981837941388","2,2,2,1,6,1,7,1,1,1,8,9,1,1,1,1,10,11,3,12,2,4,13,1,1,1,1,1,2,14,15,16,17,18,3,3,5,1,2,2,2,2,4,4,4,4,2,4,4,4,2,2,2,2,2,4,4,4,4,2,19,2,2,20,21,2,2,2,2,2,4,2,22,23,2,2,2,2,2,2,2,24,25,26,27,28,2,2,2,2,29,30,31,2,2,2,32,2,2,2,2,2,2,2,2,2,2,33,34,2,2,2,2,3,3,3,3,3,3,3,3,5,5,5,5,5,5,5,5","0.000733852386474609","walktrap","edit-xhwikibooks.graphml"
"0.67","0.27","0.06","0.473981837941388","2,2,2,1,6,1,7,1,1,1,8,9,1,1,1,1,10,11,3,12,2,4,13,1,1,1,1,1,2,14,15,16,17,18,3,3,5,1,2,2,2,2,4,4,4,4,2,4,4,4,2,2,2,2,2,4,4,4,4,2,19,2,2,20,21,2,2,2,2,2,4,2,22,23,2,2,2,2,2,2,2,24,25,26,27,28,2,2,2,2,29,30,31,2,2,2,32,2,2,2,2,2,2,2,2,2,2,33,34,2,2,2,2,3,3,3,3,3,3,3,3,5,5,5,5,5,5,5,5","0.000709056854248047","walktrap","edit-xhwikibooks.graphml"
"0.66","0.28","0.06","0.472459639126306","2,2,2,1,6,1,7,1,1,1,8,9,1,1,1,1,10,11,3,12,2,4,13,1,1,1,1,1,2,14,15,16,17,18,3,3,5,1,2,2,2,2,4,4,4,4,2,4,4,4,2,2,2,2,2,4,4,4,4,2,19,2,2,20,21,2,2,2,2,2,4,2,22,23,2,2,2,2,2,2,2,24,25,26,27,28,2,2,2,2,29,30,31,2,2,2,32,2,2,2,2,2,2,2,2,2,2,33,34,2,2,2,2,3,3,3,3,3,3,3,3,5,5,5,5,5,5,5,5","0.000670194625854492","walktrap","edit-xhwikibooks.graphml"
"0.65","0.29","0.06","0.479567652973283","2,2,2,1,6,1,7,1,1,1,8,9,1,1,1,1,10,11,3,12,2,4,13,1,1,1,1,1,2,14,15,16,17,18,3,3,5,1,2,2,2,2,4,4,4,4,2,4,4,4,2,2,2,2,2,4,4,4,4,2,19,2,2,20,21,2,2,2,2,2,4,2,22,23,2,2,2,2,2,2,2,24,25,26,27,28,2,2,2,2,29,30,31,2,2,2,32,2,2,2,2,2,2,2,2,2,2,33,34,2,2,2,2,3,3,3,3,3,3,3,3,5,5,5,5,5,5,5,5","0.000709056854248047","walktrap","edit-xhwikibooks.graphml"
"0.64","0.3","0.06","0.478057291388488","2,2,2,1,6,1,7,1,1,1,8,9,1,1,1,1,10,11,3,12,2,4,13,1,1,1,1,1,2,14,15,16,17,18,3,3,5,1,2,2,2,2,4,4,4,4,2,4,4,4,2,2,2,2,2,4,4,4,4,2,19,2,2,20,21,2,2,2,2,2,4,2,22,23,2,2,2,2,2,2,2,24,25,26,27,28,2,2,2,2,29,30,31,2,2,2,32,2,2,2,2,2,2,2,2,2,2,33,34,2,2,2,2,3,3,3,3,3,3,3,3,5,5,5,5,5,5,5,5","0.000764846801757812","walktrap","edit-xhwikibooks.graphml"
"0.63","0.31","0.06","0.476989818668252","6,2,6,7,8,1,9,1,1,10,11,12,1,1,1,1,13,14,3,15,2,4,16,1,1,1,1,17,18,19,20,21,22,23,3,3,5,1,2,2,2,2,4,4,4,4,2,4,4,4,2,2,2,2,2,4,4,4,4,2,24,2,2,25,26,2,2,2,2,2,4,2,27,28,2,2,2,2,2,2,2,29,30,31,32,33,2,2,2,2,34,35,36,2,2,2,37,2,2,2,2,2,2,2,2,2,2,38,39,2,2,2,2,3,3,3,3,3,3,3,3,5,5,5,5,5,5,5,5","0.000679969787597656","walktrap","edit-xhwikibooks.graphml"
"0.62","0.32","0.06","0.478623347213091","3,5,3,8,9,1,10,1,2,11,12,13,1,2,2,1,14,15,4,16,5,6,17,2,2,2,2,18,19,20,21,22,23,24,4,4,7,2,5,5,5,5,6,6,6,6,5,6,6,6,5,5,5,5,5,6,6,6,6,5,25,5,5,26,27,5,5,5,5,5,6,5,28,29,5,5,5,5,5,5,5,30,31,32,33,34,5,5,5,5,35,36,37,5,5,5,38,5,5,5,5,5,5,5,5,5,5,39,40,5,5,5,5,4,4,4,4,4,4,4,4,7,7,7,7,7,7,7,7","0.000663042068481445","walktrap","edit-xhwikibooks.graphml"
"0.61","0.33","0.06","0.478623347213091","3,5,3,8,9,1,10,1,2,11,12,13,1,2,2,1,14,15,4,16,5,6,17,2,2,2,2,18,19,20,21,22,23,24,4,4,7,2,5,5,5,5,6,6,6,6,5,6,6,6,5,5,5,5,5,6,6,6,6,5,25,5,5,26,27,5,5,5,5,5,6,5,28,29,5,5,5,5,5,5,5,30,31,32,33,34,5,5,5,5,35,36,37,5,5,5,38,5,5,5,5,5,5,5,5,5,5,39,40,5,5,5,5,4,4,4,4,4,4,4,4,7,7,7,7,7,7,7,7","0.000743865966796875","walktrap","edit-xhwikibooks.graphml"
"0.6","0.34","0.06","0.526983435751037","3,4,3,7,8,1,9,1,1,10,11,12,1,1,1,1,13,14,2,15,4,5,16,1,1,1,1,17,18,19,20,21,22,23,2,2,6,1,4,4,4,4,5,5,5,5,4,5,5,5,4,4,4,4,4,5,5,5,5,4,24,4,4,25,26,4,4,4,4,4,5,4,27,28,4,4,4,4,4,4,4,29,30,31,32,33,4,4,4,4,34,35,36,4,4,4,37,4,4,4,4,4,4,4,4,4,4,38,39,4,4,4,4,2,2,2,2,2,2,2,2,6,6,6,6,6,6,6,6","0.000689983367919922","walktrap","edit-xhwikibooks.graphml"
"0.59","0.35","0.06","0.526983435751037","3,4,3,7,8,1,9,1,1,10,11,12,1,1,1,1,13,14,2,15,4,5,16,1,1,1,1,17,18,19,20,21,22,23,2,2,6,1,4,4,4,4,5,5,5,5,4,5,5,5,4,4,4,4,4,5,5,5,5,4,24,4,4,25,26,4,4,4,4,4,5,4,27,28,4,4,4,4,4,4,4,29,30,31,32,33,4,4,4,4,34,35,36,4,4,4,37,4,4,4,4,4,4,4,4,4,4,38,39,4,4,4,4,2,2,2,2,2,2,2,2,6,6,6,6,6,6,6,6","0.00067901611328125","walktrap","edit-xhwikibooks.graphml"
"0.58","0.36","0.06","0.525464","3,4,3,7,8,1,9,1,1,10,11,12,1,1,1,1,13,14,2,15,4,5,16,1,1,1,1,17,18,19,20,21,22,23,2,2,6,1,4,4,4,4,5,5,5,5,4,5,5,5,4,4,4,4,4,5,5,5,5,4,24,4,4,25,26,4,4,4,4,4,5,4,27,28,4,4,4,4,4,4,4,29,30,31,32,33,4,4,4,4,34,35,36,4,4,4,37,4,4,4,4,4,4,4,4,4,4,38,39,4,4,4,4,2,2,2,2,2,2,2,2,6,6,6,6,6,6,6,6","0.000687837600708008","walktrap","edit-xhwikibooks.graphml"
"0.57","0.37","0.06","0.518013735678343","3,4,3,7,8,1,9,1,1,10,11,12,13,1,1,14,15,16,2,17,4,5,18,1,1,1,1,19,20,21,22,23,24,25,2,2,6,26,4,4,4,4,5,5,5,5,4,5,5,5,4,4,4,4,4,5,5,5,5,4,27,4,4,28,29,4,4,4,4,4,5,4,30,31,4,4,4,4,4,4,4,32,33,34,35,36,4,4,4,4,37,38,39,4,4,4,40,4,4,4,4,4,4,4,4,4,4,41,42,4,4,4,4,2,2,2,2,2,2,2,2,6,6,6,6,6,6,6,6","0.000680923461914062","walktrap","edit-xhwikibooks.graphml"
"0.56","0.38","0.06","0.520144836373607","3,4,3,7,8,1,9,1,1,10,11,12,13,1,1,14,15,16,2,17,4,5,18,1,1,1,1,19,20,21,22,23,24,25,2,2,6,26,4,4,4,4,5,5,5,5,4,5,5,5,4,4,4,4,4,5,5,5,5,4,27,4,4,28,29,4,4,4,4,4,5,4,30,31,4,4,4,4,4,4,4,32,33,34,35,36,4,4,4,4,37,38,39,4,4,4,40,4,4,4,4,4,4,4,4,4,4,41,42,4,4,4,4,2,2,2,2,2,2,2,2,6,6,6,6,6,6,6,6","0.000677108764648438","walktrap","edit-xhwikibooks.graphml"
"0.55","0.39","0.06","0.521825050396026","3,4,3,7,8,1,9,1,1,10,11,12,13,1,1,14,15,16,2,17,4,5,18,1,1,1,1,19,20,21,22,23,24,25,2,2,6,26,4,4,4,4,5,5,5,5,4,5,5,5,4,4,4,4,4,5,5,5,5,4,27,4,4,28,29,4,4,4,4,4,5,4,30,31,4,4,4,4,4,4,4,32,33,34,35,36,4,4,4,4,37,38,39,4,4,4,40,4,4,4,4,4,4,4,4,4,4,41,42,4,4,4,4,2,2,2,2,2,2,2,2,6,6,6,6,6,6,6,6","0.000703096389770508","walktrap","edit-xhwikibooks.graphml"
"0.54","0.4","0.06","0.526280302560605","3,4,3,7,8,1,9,1,1,10,11,12,13,1,1,14,15,16,2,17,4,5,18,1,1,1,1,19,20,21,22,23,24,25,2,2,6,26,4,4,4,4,5,5,5,5,4,5,5,5,4,4,4,4,4,5,5,5,5,4,27,4,4,28,29,4,4,4,4,4,5,4,30,31,4,4,4,4,4,4,4,32,33,34,35,36,4,4,4,4,37,38,39,4,4,4,40,4,4,4,4,4,4,4,4,4,4,41,42,4,4,4,4,2,2,2,2,2,2,2,2,6,6,6,6,6,6,6,6","0.000667095184326172","walktrap","edit-xhwikibooks.graphml"
"0.53","0.41","0.06","0.526280302560605","3,4,3,7,8,1,9,1,1,10,11,12,13,1,1,14,15,16,2,17,4,5,18,1,1,1,1,19,20,21,22,23,24,25,2,2,6,26,4,4,4,4,5,5,5,5,4,5,5,5,4,4,4,4,4,5,5,5,5,4,27,4,4,28,29,4,4,4,4,4,5,4,30,31,4,4,4,4,4,4,4,32,33,34,35,36,4,4,4,4,37,38,39,4,4,4,40,4,4,4,4,4,4,4,4,4,4,41,42,4,4,4,4,2,2,2,2,2,2,2,2,6,6,6,6,6,6,6,6","0.000683069229125977","walktrap","edit-xhwikibooks.graphml"
"0.52","0.42","0.06","0.52477508650519","3,4,3,7,8,1,9,1,1,10,11,12,13,1,1,14,15,16,2,17,4,5,18,1,1,1,1,19,20,21,22,23,24,25,2,2,6,26,4,4,4,4,5,5,5,5,4,5,5,5,4,4,4,4,4,5,5,5,5,4,27,4,4,28,29,4,4,4,4,4,5,4,30,31,4,4,4,4,4,4,4,32,33,34,35,36,4,4,4,4,37,38,39,4,4,4,40,4,4,4,4,4,4,4,4,4,4,41,42,4,4,4,4,2,2,2,2,2,2,2,2,6,6,6,6,6,6,6,6","0.000684976577758789","walktrap","edit-xhwikibooks.graphml"
"0.51","0.43","0.06","0.526691558999515","3,4,3,7,8,9,10,1,11,12,13,14,15,1,1,16,17,18,2,19,4,5,20,21,1,1,1,22,23,24,25,26,27,28,2,2,6,29,4,4,4,4,5,5,5,5,4,5,5,5,4,4,4,4,4,5,5,5,5,4,30,4,4,31,32,4,4,4,4,4,5,4,33,34,4,4,4,4,4,4,4,35,36,37,38,39,4,4,4,4,40,41,42,4,4,4,43,4,4,4,4,4,4,4,4,4,4,44,45,4,4,4,4,2,2,2,2,2,2,2,2,6,6,6,6,6,6,6,6","0.000682830810546875","walktrap","edit-xhwikibooks.graphml"
"0.5","0.44","0.06","0.525156550313101","3,4,3,7,8,9,10,1,11,12,13,14,15,1,1,16,17,18,2,19,4,5,20,21,1,1,1,22,23,24,25,26,27,28,2,2,6,29,4,4,4,4,5,5,5,5,4,5,5,5,4,4,4,4,4,5,5,5,5,4,30,4,4,31,32,4,4,4,4,4,5,4,33,34,4,4,4,4,4,4,4,35,36,37,38,39,4,4,4,4,40,41,42,4,4,4,43,4,4,4,4,4,4,4,4,4,4,44,45,4,4,4,4,2,2,2,2,2,2,2,2,6,6,6,6,6,6,6,6","0.000678062438964844","walktrap","edit-xhwikibooks.graphml"
"0.49","0.45","0.06","0.531295776367188","3,4,3,7,8,9,10,1,11,12,13,14,15,1,1,16,17,18,2,19,4,5,20,21,1,1,1,22,23,24,25,26,27,28,2,2,6,29,4,4,4,4,5,5,5,5,4,5,5,5,4,4,4,4,4,5,5,5,5,4,30,4,4,31,32,4,4,4,4,4,5,4,33,34,4,4,4,4,4,4,4,35,36,37,38,39,4,4,4,4,40,41,42,4,4,4,43,4,4,4,4,4,4,4,4,4,4,44,45,4,4,4,4,2,2,2,2,2,2,2,2,6,6,6,6,6,6,6,6","0.000687122344970703","walktrap","edit-xhwikibooks.graphml"
"0.48","0.46","0.06","0.529773350088571","3,4,3,7,8,9,10,1,11,12,13,14,15,1,1,16,17,18,2,19,4,5,20,21,1,1,1,22,23,24,25,26,27,28,2,2,6,29,4,4,4,4,5,5,5,5,4,5,5,5,4,4,4,4,4,5,5,5,5,4,30,4,4,31,32,4,4,4,4,4,5,4,33,34,4,4,4,4,4,4,4,35,36,37,38,39,4,4,4,4,40,41,42,4,4,4,43,4,4,4,4,4,4,4,4,4,4,44,45,4,4,4,4,2,2,2,2,2,2,2,2,6,6,6,6,6,6,6,6","0.000687122344970703","walktrap","edit-xhwikibooks.graphml"
"0.47","0.47","0.06","0.532810528213449","3,4,3,7,8,9,10,1,11,12,13,14,15,1,1,16,17,18,2,19,4,5,20,21,1,1,1,22,23,24,25,26,27,28,2,2,6,29,4,4,4,4,5,5,5,5,4,5,5,5,4,4,4,4,4,5,5,5,5,4,30,4,4,31,32,4,4,4,4,4,5,4,33,34,4,4,4,4,4,4,4,35,36,37,38,39,4,4,4,4,40,41,42,4,4,4,43,4,4,4,4,4,4,4,4,4,4,44,45,4,4,4,4,2,2,2,2,2,2,2,2,6,6,6,6,6,6,6,6","0.000717878341674805","walktrap","edit-xhwikibooks.graphml"
"0.46","0.48","0.06","0.531297983035435","3,4,3,7,8,9,10,1,11,12,13,14,15,1,1,16,17,18,2,19,4,5,20,21,1,1,1,22,23,24,25,26,27,28,2,2,6,29,4,4,4,4,5,5,5,5,4,5,5,5,4,4,4,4,4,5,5,5,5,4,30,4,4,31,32,4,4,4,4,4,5,4,33,34,4,4,4,4,4,4,4,35,36,37,38,39,4,4,4,4,40,41,42,4,4,4,43,4,4,4,4,4,4,4,4,4,4,44,45,4,4,4,4,2,2,2,2,2,2,2,2,6,6,6,6,6,6,6,6","0.00070500373840332","walktrap","edit-xhwikibooks.graphml"
"0.45","0.49","0.06","0.489259038931853","3,4,3,6,7,8,9,10,11,12,13,14,15,1,1,16,17,18,2,19,4,5,20,21,1,1,1,22,23,24,25,26,27,28,2,2,1,29,4,4,4,4,5,5,5,5,4,5,5,5,4,4,4,4,4,5,5,5,5,4,30,4,4,31,32,4,4,4,4,4,5,4,33,34,4,4,4,4,4,4,4,35,36,37,38,39,4,4,4,4,40,41,42,4,4,4,43,4,4,4,4,4,4,4,4,4,4,44,45,4,4,4,4,2,46,47,2,2,2,2,2,48,49,50,51,52,53,54,55","0.000638961791992188","walktrap","edit-xhwikibooks.graphml"
"0.44","0.5","0.06","0.604019791924988","3,4,3,7,8,9,10,5,11,12,13,14,1,1,1,15,16,17,2,18,4,6,19,5,1,1,1,20,21,22,23,24,25,26,2,2,1,27,4,4,4,4,6,6,6,6,4,6,6,6,4,4,4,4,4,6,6,6,6,4,28,4,4,29,30,4,4,4,4,4,6,4,31,32,4,4,4,4,4,4,4,33,34,35,36,37,4,4,4,4,38,39,40,4,4,4,41,4,4,4,4,4,4,4,4,4,4,42,43,4,4,4,4,2,44,45,2,2,2,2,2,46,47,48,49,50,51,52,53","0.0259349346160889","walktrap","edit-xhwikibooks.graphml"
"0.43","0.51","0.06","0.604019791924988","3,4,3,7,8,9,10,5,11,12,13,14,1,1,1,15,16,17,2,18,4,6,19,5,1,1,1,20,21,22,23,24,25,26,2,2,1,27,4,4,4,4,6,6,6,6,4,6,6,6,4,4,4,4,4,6,6,6,6,4,28,4,4,29,30,4,4,4,4,4,6,4,31,32,4,4,4,4,4,4,4,33,34,35,36,37,4,4,4,4,38,39,40,4,4,4,41,4,4,4,4,4,4,4,4,4,4,42,43,4,4,4,4,2,44,45,2,2,2,2,2,46,47,48,49,50,51,52,53","0.000685930252075195","walktrap","edit-xhwikibooks.graphml"
"0.42","0.52","0.06","0.604019791924988","3,4,3,7,8,9,10,5,11,12,13,14,1,1,1,15,16,17,2,18,4,6,19,5,1,1,1,20,21,22,23,24,25,26,2,2,1,27,4,4,4,4,6,6,6,6,4,6,6,6,4,4,4,4,4,6,6,6,6,4,28,4,4,29,30,4,4,4,4,4,6,4,31,32,4,4,4,4,4,4,4,33,34,35,36,37,4,4,4,4,38,39,40,4,4,4,41,4,4,4,4,4,4,4,4,4,4,42,43,4,4,4,4,2,44,45,2,2,2,2,2,46,47,48,49,50,51,52,53","0.000584840774536133","walktrap","edit-xhwikibooks.graphml"
"0.41","0.53","0.06","0.602645899793582","3,4,3,7,8,9,10,5,11,12,13,14,1,1,1,15,16,17,2,18,4,6,19,5,1,1,1,20,21,22,23,24,25,26,2,2,1,27,4,4,4,4,6,6,6,6,4,6,6,6,4,4,4,4,4,6,6,6,6,4,28,4,4,29,30,4,4,4,4,4,6,4,31,32,4,4,4,4,4,4,4,33,34,35,36,37,4,4,4,4,38,39,40,4,4,4,41,4,4,4,4,4,4,4,4,4,4,42,43,4,4,4,4,2,44,45,2,2,2,2,2,46,47,48,49,50,51,52,53","0.000581026077270508","walktrap","edit-xhwikibooks.graphml"
"0.4","0.54","0.06","0.604876003214949","3,4,3,7,8,9,10,5,11,12,13,14,1,1,1,15,16,17,2,18,4,6,19,5,1,1,1,20,21,22,23,24,25,26,2,2,1,27,4,4,4,4,6,6,6,6,4,6,6,6,4,4,4,4,4,6,6,6,6,4,28,4,4,29,30,4,4,4,4,4,6,4,31,32,4,4,4,4,4,4,4,33,34,35,36,37,4,4,4,4,38,39,40,4,4,4,41,4,4,4,4,4,4,4,4,4,4,42,43,4,4,4,4,2,44,45,2,2,2,2,2,46,47,48,49,50,51,52,53","0.000569820404052734","walktrap","edit-xhwikibooks.graphml"
"0.39","0.55","0.06","0.601393143775701","3,4,3,7,8,9,10,5,11,12,13,14,1,1,1,15,16,17,2,18,4,6,19,5,1,1,1,20,21,22,23,24,25,26,2,2,1,27,4,4,4,4,6,6,6,6,4,6,6,6,4,4,4,4,4,6,6,6,6,4,28,4,4,29,30,4,4,4,4,4,6,4,31,32,4,4,4,4,4,4,4,33,34,35,36,37,4,4,4,4,38,39,40,4,4,4,41,4,4,4,4,4,4,4,4,4,4,42,43,4,4,4,4,2,44,45,2,2,2,2,2,46,47,48,49,50,51,52,53","0.000581979751586914","walktrap","edit-xhwikibooks.graphml"
"0.38","0.56","0.06","0.603780522838264","4,5,4,8,9,10,11,6,12,13,14,15,3,3,1,16,17,18,2,19,5,7,20,6,1,1,1,21,22,23,24,25,26,27,2,2,1,28,5,5,5,5,7,7,7,7,5,7,7,7,5,5,5,5,5,7,7,7,7,5,29,5,5,30,31,5,5,5,5,5,7,5,32,33,5,5,5,5,5,5,5,34,35,36,37,38,5,5,5,5,39,40,41,5,5,5,42,5,5,5,5,5,5,5,5,5,5,43,44,5,5,5,5,2,45,46,2,2,2,2,2,47,48,49,50,51,52,53,54","0.000777006149291992","walktrap","edit-xhwikibooks.graphml"
"0.37","0.57","0.06","0.602424214755296","4,5,4,8,9,10,11,6,12,13,14,15,3,3,1,16,17,18,2,19,5,7,20,6,1,1,1,21,22,23,24,25,26,27,2,2,1,28,5,5,5,5,7,7,7,7,5,7,7,7,5,5,5,5,5,7,7,7,7,5,29,5,5,30,31,5,5,5,5,5,7,5,32,33,5,5,5,5,5,5,5,34,35,36,37,38,5,5,5,5,39,40,41,5,5,5,42,5,5,5,5,5,5,5,5,5,5,43,44,5,5,5,5,2,45,46,2,2,2,2,2,47,48,49,50,51,52,53,54","0.000571012496948242","walktrap","edit-xhwikibooks.graphml"
"0.36","0.58","0.06","0.606132606639341","4,5,4,8,9,10,11,6,12,13,14,15,3,3,1,16,17,18,2,19,5,7,20,6,1,1,1,21,22,23,24,25,26,27,2,2,1,28,5,5,5,5,7,7,7,7,5,7,7,7,5,5,5,5,5,7,7,7,7,5,29,5,5,30,31,5,5,5,5,5,7,5,32,33,5,5,5,5,5,5,5,34,35,36,37,38,5,5,5,5,39,40,41,5,5,5,42,5,5,5,5,5,5,5,5,5,5,43,44,5,5,5,5,2,45,46,2,2,2,2,2,47,48,49,50,51,52,53,54","0.000560998916625977","walktrap","edit-xhwikibooks.graphml"
"0.35","0.59","0.06","0.603455555555556","4,5,4,8,9,10,11,6,12,13,14,15,3,3,1,16,17,18,2,19,5,7,20,6,1,1,1,21,22,23,24,25,26,27,2,2,1,28,5,5,5,5,7,7,7,7,5,7,7,7,5,5,5,5,5,7,7,7,7,5,29,5,5,30,31,5,5,5,5,5,7,5,32,33,5,5,5,5,5,5,5,34,35,36,37,38,5,5,5,5,39,40,41,5,5,5,42,5,5,5,5,5,5,5,5,5,5,43,44,5,5,5,5,2,45,46,2,2,2,2,2,47,48,49,50,51,52,53,54","0.000575065612792969","walktrap","edit-xhwikibooks.graphml"
"0.34","0.6","0.06","0.609216701021885","3,4,3,7,8,9,10,5,11,12,13,14,1,1,1,15,16,17,2,18,4,6,19,5,1,1,1,20,21,22,23,24,25,26,2,2,1,27,4,4,4,4,6,6,6,6,4,6,6,6,4,4,4,4,4,6,6,6,6,4,28,4,4,29,30,4,4,4,4,4,6,4,31,32,4,4,4,4,4,4,4,33,34,35,36,37,4,4,4,4,38,39,40,4,4,4,41,4,4,4,4,4,4,4,4,4,4,42,43,4,4,4,4,2,44,45,2,2,2,2,2,46,47,48,49,50,51,52,53","0.000580072402954102","walktrap","edit-xhwikibooks.graphml"
"0.33","0.61","0.06","0.581861111111111","2,3,2,6,7,8,9,4,10,11,12,13,1,1,1,14,15,16,17,18,3,5,19,4,1,1,1,20,21,22,23,24,25,26,1,1,1,27,3,3,3,3,5,5,5,5,3,5,5,5,3,3,3,3,3,5,5,5,5,3,28,3,3,29,30,3,3,3,3,3,5,3,31,32,3,3,3,3,3,3,3,33,34,35,36,37,3,3,3,3,38,39,40,3,3,3,41,3,3,3,3,3,3,3,3,3,3,42,43,3,3,3,3,1,44,45,1,1,1,1,1,46,47,48,49,50,51,52,53","0.000569820404052734","walktrap","edit-xhwikibooks.graphml"
"0.32","0.62","0.06","0.584171256387899","2,3,2,6,7,8,9,4,10,11,12,13,1,1,1,14,15,16,17,18,3,5,19,4,1,1,1,20,21,22,23,24,25,26,1,1,1,27,3,3,3,3,5,5,5,5,3,5,5,5,3,3,3,3,3,5,5,5,5,3,28,3,3,29,30,3,3,3,3,3,5,3,31,32,3,3,3,3,3,3,3,33,34,35,36,37,3,3,3,3,38,39,40,3,3,3,41,3,3,3,3,3,3,3,3,3,3,42,43,3,3,3,3,1,44,45,1,1,1,1,1,46,47,48,49,50,51,52,53","0.000577926635742188","walktrap","edit-xhwikibooks.graphml"
"0.31","0.63","0.06","0.582984298934258","2,3,2,6,7,8,9,4,10,11,12,13,1,1,1,14,15,16,17,18,3,5,19,4,1,1,1,20,21,22,23,24,25,26,1,1,1,27,3,3,3,3,5,5,5,5,3,5,5,5,3,3,3,3,3,5,5,5,5,3,28,3,3,29,30,3,3,3,3,3,5,3,31,32,3,3,3,3,3,3,3,33,34,35,36,37,3,3,3,3,38,39,40,3,3,3,41,3,3,3,3,3,3,3,3,3,3,42,43,3,3,3,3,1,44,45,1,1,1,1,1,46,47,48,49,50,51,52,53","0.000581979751586914","walktrap","edit-xhwikibooks.graphml"
"0.3","0.64","0.06","0.582984298934258","2,3,2,6,7,8,9,4,10,11,12,13,1,1,1,14,15,16,17,18,3,5,19,4,1,1,1,20,21,22,23,24,25,26,1,1,1,27,3,3,3,3,5,5,5,5,3,5,5,5,3,3,3,3,3,5,5,5,5,3,28,3,3,29,30,3,3,3,3,3,5,3,31,32,3,3,3,3,3,3,3,33,34,35,36,37,3,3,3,3,38,39,40,3,3,3,41,3,3,3,3,3,3,3,3,3,3,42,43,3,3,3,3,1,44,45,1,1,1,1,1,46,47,48,49,50,51,52,53","0.000584840774536133","walktrap","edit-xhwikibooks.graphml"
"0.29","0.65","0.06","0.591272074099723","2,3,2,7,8,9,10,4,11,12,13,14,1,1,1,15,16,17,18,19,3,6,20,4,5,5,5,21,22,23,24,25,26,27,1,1,1,28,3,3,3,3,6,6,6,6,3,6,6,6,3,3,3,3,3,6,6,6,6,3,29,3,3,30,31,3,3,3,3,3,6,3,32,33,3,3,3,3,3,3,3,34,35,36,37,38,3,3,3,3,39,40,41,3,3,3,42,3,3,3,3,3,3,3,3,3,3,43,44,3,3,3,3,1,45,46,1,1,1,1,1,47,48,49,50,51,52,53,54","0.000617027282714844","walktrap","edit-xhwikibooks.graphml"
"0.28","0.66","0.06","0.591272074099723","2,3,2,7,8,9,10,4,11,12,13,14,1,1,1,15,16,17,18,19,3,6,20,4,5,5,5,21,22,23,24,25,26,27,1,1,1,28,3,3,3,3,6,6,6,6,3,6,6,6,3,3,3,3,3,6,6,6,6,3,29,3,3,30,31,3,3,3,3,3,6,3,32,33,3,3,3,3,3,3,3,34,35,36,37,38,3,3,3,3,39,40,41,3,3,3,42,3,3,3,3,3,3,3,3,3,3,43,44,3,3,3,3,1,45,46,1,1,1,1,1,47,48,49,50,51,52,53,54","0.000633955001831055","walktrap","edit-xhwikibooks.graphml"
"0.27","0.67","0.06","0.619353467030577","2,4,2,7,8,9,10,3,11,12,13,14,1,1,1,15,16,17,18,19,4,5,20,3,6,6,6,21,22,23,24,25,26,27,1,1,1,28,4,4,4,4,5,5,5,5,4,5,5,5,4,4,4,4,4,5,5,5,5,4,29,4,4,30,31,4,4,4,4,4,5,4,32,33,4,4,4,4,4,4,4,34,35,36,37,38,4,4,4,4,39,40,41,4,4,4,42,4,4,4,4,4,4,4,4,4,4,43,44,4,4,4,4,1,45,46,1,1,1,1,1,47,48,49,50,51,52,53,54","0.000572919845581055","walktrap","edit-xhwikibooks.graphml"
"0.26","0.68","0.06","0.619353467030577","2,4,2,7,8,9,10,3,11,12,13,14,1,1,1,15,16,17,18,19,4,5,20,3,6,6,6,21,22,23,24,25,26,27,1,1,1,28,4,4,4,4,5,5,5,5,4,5,5,5,4,4,4,4,4,5,5,5,5,4,29,4,4,30,31,4,4,4,4,4,5,4,32,33,4,4,4,4,4,4,4,34,35,36,37,38,4,4,4,4,39,40,41,4,4,4,42,4,4,4,4,4,4,4,4,4,4,43,44,4,4,4,4,1,45,46,1,1,1,1,1,47,48,49,50,51,52,53,54","0.000556230545043945","walktrap","edit-xhwikibooks.graphml"
"0.25","0.69","0.06","0.618149389255216","2,4,2,7,8,9,10,3,11,12,13,14,1,1,1,15,16,17,18,19,4,5,20,3,6,6,6,21,22,23,24,25,26,27,1,1,1,28,4,4,4,4,5,5,5,5,4,5,5,5,4,4,4,4,4,5,5,5,5,4,29,4,4,30,31,4,4,4,4,4,5,4,32,33,4,4,4,4,4,4,4,34,35,36,37,38,4,4,4,4,39,40,41,4,4,4,42,4,4,4,4,4,4,4,4,4,4,43,44,4,4,4,4,1,45,46,1,1,1,1,1,47,48,49,50,51,52,53,54","0.000565052032470703","walktrap","edit-xhwikibooks.graphml"
"0.24","0.7","0.06","0.620102539062501","2,4,2,7,8,9,10,3,11,12,13,14,1,1,1,15,16,17,18,19,4,5,20,3,6,6,6,21,22,23,24,25,26,27,1,1,1,28,4,4,4,4,5,5,5,5,4,5,5,5,4,4,4,4,4,5,5,5,5,4,29,4,4,30,31,4,4,4,4,4,5,4,32,33,4,4,4,4,4,4,4,34,35,36,37,38,4,4,4,4,39,40,41,4,4,4,42,4,4,4,4,4,4,4,4,4,4,43,44,4,4,4,4,1,45,46,1,1,1,1,1,47,48,49,50,51,52,53,54","0.000554084777832031","walktrap","edit-xhwikibooks.graphml"
"0.23","0.71","0.06","0.61890412554226","2,4,2,7,8,9,10,3,11,12,13,14,1,1,1,15,16,17,18,19,4,5,20,3,6,6,6,21,22,23,24,25,26,27,1,1,1,28,4,4,4,4,5,5,5,5,4,5,5,5,4,4,4,4,4,5,5,5,5,4,29,4,4,30,31,4,4,4,4,4,5,4,32,33,4,4,4,4,4,4,4,34,35,36,37,38,4,4,4,4,39,40,41,4,4,4,42,4,4,4,4,4,4,4,4,4,4,43,44,4,4,4,4,1,45,46,1,1,1,1,1,47,48,49,50,51,52,53,54","0.000566959381103516","walktrap","edit-xhwikibooks.graphml"
"0.22","0.72","0.06","0.620963490496411","2,4,2,7,8,9,10,3,11,12,13,14,1,1,1,15,16,17,18,19,4,5,20,3,6,6,6,21,22,23,24,25,26,27,1,1,1,28,4,4,4,4,5,5,5,5,4,5,5,5,4,4,4,4,4,5,5,5,5,4,29,4,4,30,31,4,4,4,4,4,5,4,32,33,4,4,4,4,4,4,4,34,35,36,37,38,4,4,4,4,39,40,41,4,4,4,42,4,4,4,4,4,4,4,4,4,4,43,44,4,4,4,4,1,45,46,1,1,1,1,1,47,48,49,50,51,52,53,54","0.000581979751586914","walktrap","edit-xhwikibooks.graphml"
"0.21","0.73","0.06","0.568959957000806","4,2,4,7,8,9,10,5,11,12,13,14,1,1,1,15,16,17,18,19,2,2,20,5,6,6,6,21,22,23,24,25,26,27,3,3,1,28,2,2,2,2,29,30,31,32,2,33,34,35,2,2,2,2,2,36,37,38,39,2,40,2,2,41,42,2,2,2,2,2,43,2,44,45,2,2,2,2,2,2,2,46,47,48,49,50,2,2,2,2,51,52,53,2,2,2,54,2,2,2,2,2,2,2,2,2,2,55,56,2,2,2,2,3,57,58,3,3,3,3,3,59,60,61,62,63,64,65,66","0.000541210174560547","walktrap","edit-xhwikibooks.graphml"
"0.2","0.74","0.06","0.568959957000806","4,2,4,7,8,9,10,5,11,12,13,14,1,1,1,15,16,17,18,19,2,2,20,5,6,6,6,21,22,23,24,25,26,27,3,3,1,28,2,2,2,2,29,30,31,32,2,33,34,35,2,2,2,2,2,36,37,38,39,2,40,2,2,41,42,2,2,2,2,2,43,2,44,45,2,2,2,2,2,2,2,46,47,48,49,50,2,2,2,2,51,52,53,2,2,2,54,2,2,2,2,2,2,2,2,2,2,55,56,2,2,2,2,3,57,58,3,3,3,3,3,59,60,61,62,63,64,65,66","0.000622987747192383","walktrap","edit-xhwikibooks.graphml"
"0.19","0.75","0.06","0.575575245336768","5,2,5,7,8,9,10,4,11,12,13,14,1,1,1,15,16,17,18,19,2,2,20,4,6,6,6,21,22,23,24,25,26,27,3,3,1,28,2,2,2,2,29,30,31,32,2,33,34,35,2,2,2,2,2,36,37,38,39,2,40,2,2,41,42,2,2,2,2,2,43,2,44,45,2,2,2,2,2,2,2,46,47,48,49,50,2,2,2,2,51,52,53,2,2,2,54,2,2,2,2,2,2,2,2,2,2,55,56,2,2,2,2,3,57,58,3,3,3,3,3,59,60,61,62,63,64,65,66","0.000531911849975586","walktrap","edit-xhwikibooks.graphml"
"0.18","0.76","0.06","0.575575245336768","5,2,5,7,8,9,10,4,11,12,13,14,1,1,1,15,16,17,18,19,2,2,20,4,6,6,6,21,22,23,24,25,26,27,3,3,1,28,2,2,2,2,29,30,31,32,2,33,34,35,2,2,2,2,2,36,37,38,39,2,40,2,2,41,42,2,2,2,2,2,43,2,44,45,2,2,2,2,2,2,2,46,47,48,49,50,2,2,2,2,51,52,53,2,2,2,54,2,2,2,2,2,2,2,2,2,2,55,56,2,2,2,2,3,57,58,3,3,3,3,3,59,60,61,62,63,64,65,66","0.000519037246704102","walktrap","edit-xhwikibooks.graphml"
"0.17","0.77","0.06","0.574240374609781","5,2,5,7,8,9,10,4,11,12,13,14,1,1,1,15,16,17,18,19,2,2,20,4,6,6,6,21,22,23,24,25,26,27,3,3,1,28,2,2,2,2,29,30,31,32,2,33,34,35,2,2,2,2,2,36,37,38,39,2,40,2,2,41,42,2,2,2,2,2,43,2,44,45,2,2,2,2,2,2,2,46,47,48,49,50,2,2,2,2,51,52,53,2,2,2,54,2,2,2,2,2,2,2,2,2,2,55,56,2,2,2,2,3,57,58,3,3,3,3,3,59,60,61,62,63,64,65,66","0.000532865524291992","walktrap","edit-xhwikibooks.graphml"
"0.16","0.78","0.06","0.577044779471058","5,2,5,7,8,9,10,4,11,12,13,14,1,1,1,15,16,17,18,19,2,2,20,4,6,6,6,21,22,23,24,25,26,27,3,3,1,28,2,2,2,2,29,30,31,32,2,33,34,35,2,2,2,2,2,36,37,38,39,2,40,2,2,41,42,2,2,2,2,2,43,2,44,45,2,2,2,2,2,2,2,46,47,48,49,50,2,2,2,2,51,52,53,2,2,2,54,2,2,2,2,2,2,2,2,2,2,55,56,2,2,2,2,3,57,58,3,3,3,3,3,59,60,61,62,63,64,65,66","0.000522136688232422","walktrap","edit-xhwikibooks.graphml"
"0.15","0.79","0.06","0.575728224268733","5,2,5,7,8,9,10,4,11,12,13,14,1,1,1,15,16,17,18,19,2,2,20,4,6,6,6,21,22,23,24,25,26,27,3,3,1,28,2,2,2,2,29,30,31,32,2,33,34,35,2,2,2,2,2,36,37,38,39,2,40,2,2,41,42,2,2,2,2,2,43,2,44,45,2,2,2,2,2,2,2,46,47,48,49,50,2,2,2,2,51,52,53,2,2,2,54,2,2,2,2,2,2,2,2,2,2,55,56,2,2,2,2,3,57,58,3,3,3,3,3,59,60,61,62,63,64,65,66","0.000532865524291992","walktrap","edit-xhwikibooks.graphml"
"0.14","0.8","0.06","0.579252455492641","5,2,5,7,8,9,10,4,11,12,13,14,1,1,1,15,16,17,18,19,2,2,20,4,6,6,6,21,22,23,24,25,26,27,3,3,1,28,2,2,2,2,29,30,31,32,2,33,34,35,2,2,2,2,2,36,37,38,39,2,40,2,2,41,42,2,2,2,2,2,43,2,44,45,2,2,2,2,2,2,2,46,47,48,49,50,2,2,2,2,51,52,53,2,2,2,54,2,2,2,2,2,2,2,2,2,2,55,56,2,2,2,2,3,57,58,3,3,3,3,3,59,60,61,62,63,64,65,66","0.000536918640136719","walktrap","edit-xhwikibooks.graphml"
"0.13","0.81","0.06","0.579252455492641","5,2,5,7,8,9,10,4,11,12,13,14,1,1,1,15,16,17,18,19,2,2,20,4,6,6,6,21,22,23,24,25,26,27,3,3,1,28,2,2,2,2,29,30,31,32,2,33,34,35,2,2,2,2,2,36,37,38,39,2,40,2,2,41,42,2,2,2,2,2,43,2,44,45,2,2,2,2,2,2,2,46,47,48,49,50,2,2,2,2,51,52,53,2,2,2,54,2,2,2,2,2,2,2,2,2,2,55,56,2,2,2,2,3,57,58,3,3,3,3,3,59,60,61,62,63,64,65,66","0.000545978546142578","walktrap","edit-xhwikibooks.graphml"
"0.12","0.82","0.06","0.577948854871247","5,2,5,7,8,9,10,4,11,12,13,14,1,1,1,15,16,17,18,19,2,2,20,4,6,6,6,21,22,23,24,25,26,27,3,3,1,28,2,2,2,2,29,30,31,32,2,33,34,35,2,2,2,2,2,36,37,38,39,2,40,2,2,41,42,2,2,2,2,2,43,2,44,45,2,2,2,2,2,2,2,46,47,48,49,50,2,2,2,2,51,52,53,2,2,2,54,2,2,2,2,2,2,2,2,2,2,55,56,2,2,2,2,3,57,58,3,3,3,3,3,59,60,61,62,63,64,65,66","0.000548124313354492","walktrap","edit-xhwikibooks.graphml"
"0.11","0.83","0.06","0.643226913927336","5,2,5,7,8,9,10,4,11,12,13,14,1,1,1,15,16,17,18,19,2,2,20,4,6,6,6,21,22,23,24,25,26,27,3,3,1,28,2,2,2,2,29,30,31,32,2,33,34,35,2,2,2,2,2,36,37,38,39,2,40,2,2,41,42,2,2,2,2,2,43,2,44,45,2,2,2,2,2,2,2,46,47,48,49,50,2,2,2,2,51,52,53,2,2,2,54,2,2,2,2,2,2,2,2,2,2,55,56,2,2,2,2,3,57,58,3,3,3,3,3,59,60,61,62,63,64,65,66","0.000666141510009766","walktrap","edit-xhwikibooks.graphml"
"0.1","0.84","0.06","0.644538428088485","4,1,4,8,9,10,11,3,12,13,14,15,2,2,2,16,17,18,19,20,1,1,21,3,5,5,5,22,23,24,25,26,27,28,6,6,29,30,1,1,1,1,31,32,33,34,1,35,36,37,1,1,1,1,1,38,39,40,41,1,42,1,1,43,44,1,1,1,1,1,45,1,46,47,1,1,1,1,1,1,1,48,49,50,51,52,1,1,1,1,53,54,55,1,1,1,56,1,1,1,1,1,1,1,1,1,1,57,58,1,1,1,1,7,59,60,7,7,7,7,7,61,62,63,64,65,66,67,68","0.000730991363525391","walktrap","edit-xhwikibooks.graphml"
"0.09","0.85","0.06","0.642856148362663","4,1,4,8,9,10,11,3,12,13,14,15,2,2,2,16,17,18,19,20,1,1,21,3,5,5,5,22,23,24,25,26,27,28,6,6,29,30,1,1,1,1,31,32,33,34,1,35,36,37,1,1,1,1,1,38,39,40,41,1,42,1,1,43,44,1,1,1,1,1,45,1,46,47,1,1,1,1,1,1,1,48,49,50,51,52,1,1,1,1,53,54,55,1,1,1,56,1,1,1,1,1,1,1,1,1,1,57,58,1,1,1,1,7,59,60,7,7,7,7,7,61,62,63,64,65,66,67,68","0.000626087188720703","walktrap","edit-xhwikibooks.graphml"
"0.08","0.86","0.06","0.645559020165846","4,1,4,8,9,10,11,3,12,13,14,15,2,2,2,16,17,18,19,20,1,1,21,3,5,5,5,22,23,24,25,26,27,28,6,6,29,30,1,1,1,1,31,32,33,34,1,35,36,37,1,1,1,1,1,38,39,40,41,1,42,1,1,43,44,1,1,1,1,1,45,1,46,47,1,1,1,1,1,1,1,48,49,50,51,52,1,1,1,1,53,54,55,1,1,1,56,1,1,1,1,1,1,1,1,1,1,57,58,1,1,1,1,7,59,60,7,7,7,7,7,61,62,63,64,65,66,67,68","0.000622034072875977","walktrap","edit-xhwikibooks.graphml"
"0.07","0.87","0.06","0.645559020165846","4,1,4,8,9,10,11,3,12,13,14,15,2,2,2,16,17,18,19,20,1,1,21,3,5,5,5,22,23,24,25,26,27,28,6,6,29,30,1,1,1,1,31,32,33,34,1,35,36,37,1,1,1,1,1,38,39,40,41,1,42,1,1,43,44,1,1,1,1,1,45,1,46,47,1,1,1,1,1,1,1,48,49,50,51,52,1,1,1,1,53,54,55,1,1,1,56,1,1,1,1,1,1,1,1,1,1,57,58,1,1,1,1,7,59,60,7,7,7,7,7,61,62,63,64,65,66,67,68","0.000648975372314453","walktrap","edit-xhwikibooks.graphml"
"0.06","0.88","0.06","0.646332300178454","3,1,3,8,9,10,11,4,12,13,14,15,2,2,2,16,17,18,19,20,1,1,21,4,5,5,5,22,23,24,25,26,27,28,6,6,29,30,1,1,1,1,31,32,33,34,1,35,36,37,1,1,1,1,1,38,39,40,41,1,42,1,1,43,44,1,1,1,1,1,45,1,46,47,1,1,1,1,1,1,1,48,49,50,51,52,1,1,1,1,53,54,55,1,1,1,56,1,1,1,1,1,1,1,1,1,1,57,58,1,1,1,1,7,59,60,7,7,7,7,7,61,62,63,64,65,66,67,68","0.000668048858642578","walktrap","edit-xhwikibooks.graphml"
"0.05","0.89","0.06","0.652385582609624","3,1,3,8,9,10,11,4,12,13,14,15,2,2,2,16,17,18,19,20,1,1,21,4,5,5,5,22,23,24,25,26,27,28,6,6,29,30,1,1,1,1,31,32,33,34,1,35,36,37,1,1,1,1,1,38,39,40,41,1,42,1,1,43,44,1,1,1,1,1,45,1,46,47,1,1,1,1,1,1,1,48,49,50,51,52,1,1,1,1,53,54,55,1,1,1,56,1,1,1,1,1,1,1,1,1,1,57,58,1,1,1,1,7,59,60,7,7,7,7,7,61,62,63,64,65,66,67,68","0.000664949417114258","walktrap","edit-xhwikibooks.graphml"
"0.04","0.9","0.06","0.650743801652893","3,1,3,8,9,10,11,4,12,13,14,15,2,2,2,16,17,18,19,20,1,1,21,4,5,5,5,22,23,24,25,26,27,28,6,6,29,30,1,1,1,1,31,32,33,34,1,35,36,37,1,1,1,1,1,38,39,40,41,1,42,1,1,43,44,1,1,1,1,1,45,1,46,47,1,1,1,1,1,1,1,48,49,50,51,52,1,1,1,1,53,54,55,1,1,1,56,1,1,1,1,1,1,1,1,1,1,57,58,1,1,1,1,7,59,60,7,7,7,7,7,61,62,63,64,65,66,67,68","0.000650167465209961","walktrap","edit-xhwikibooks.graphml"
"0.03","0.91","0.06","0.650743801652893","3,1,3,8,9,10,11,4,12,13,14,15,2,2,2,16,17,18,19,20,1,1,21,4,5,5,5,22,23,24,25,26,27,28,6,6,29,30,1,1,1,1,31,32,33,34,1,35,36,37,1,1,1,1,1,38,39,40,41,1,42,1,1,43,44,1,1,1,1,1,45,1,46,47,1,1,1,1,1,1,1,48,49,50,51,52,1,1,1,1,53,54,55,1,1,1,56,1,1,1,1,1,1,1,1,1,1,57,58,1,1,1,1,7,59,60,7,7,7,7,7,61,62,63,64,65,66,67,68","0.000659942626953125","walktrap","edit-xhwikibooks.graphml"
"0.02","0.92","0.06","0.649108643142198","3,1,3,8,9,10,11,4,12,13,14,15,2,2,2,16,17,18,19,20,1,1,21,4,5,5,5,22,23,24,25,26,27,28,6,6,29,30,1,1,1,1,31,32,33,34,1,35,36,37,1,1,1,1,1,38,39,40,41,1,42,1,1,43,44,1,1,1,1,1,45,1,46,47,1,1,1,1,1,1,1,48,49,50,51,52,1,1,1,1,53,54,55,1,1,1,56,1,1,1,1,1,1,1,1,1,1,57,58,1,1,1,1,7,59,60,7,7,7,7,7,61,62,63,64,65,66,67,68","0.000834226608276367","walktrap","edit-xhwikibooks.graphml"
"0.01","0.93","0.06","0.647480092272805","3,1,3,8,9,10,11,4,12,13,14,15,2,2,2,16,17,18,19,20,1,1,21,4,5,5,5,22,23,24,25,26,27,28,6,6,29,30,1,1,1,1,31,32,33,34,1,35,36,37,1,1,1,1,1,38,39,40,41,1,42,1,1,43,44,1,1,1,1,1,45,1,46,47,1,1,1,1,1,1,1,48,49,50,51,52,1,1,1,1,53,54,55,1,1,1,56,1,1,1,1,1,1,1,1,1,1,57,58,1,1,1,1,7,59,60,7,7,7,7,7,61,62,63,64,65,66,67,68","0.000648021697998047","walktrap","edit-xhwikibooks.graphml"
"0","0.94","0.06","0.701631271160357","1,1,1,1,1,7,8,1,9,10,11,12,2,2,2,13,14,15,16,17,3,1,18,1,4,4,4,19,1,20,21,22,23,24,5,5,25,26,3,3,3,3,27,28,29,30,3,31,32,33,3,3,3,3,3,34,35,36,37,3,38,3,3,39,40,3,3,3,3,3,41,3,42,43,3,3,3,3,3,3,3,44,45,46,47,48,3,3,3,3,49,50,51,3,3,3,52,3,3,3,3,3,3,3,3,3,3,53,54,3,3,3,3,6,55,56,6,6,6,6,6,57,58,59,60,61,62,63,64","0.000669956207275391","walktrap","edit-xhwikibooks.graphml"
"0.93","0","0.07","0.464307545601252","3,8,3,3,3,1,3,1,1,4,3,3,1,1,1,2,4,5,3,3,8,11,10,1,1,1,1,2,7,4,5,9,13,3,6,6,12,1,8,8,8,8,11,11,11,11,8,11,11,11,8,8,8,8,8,11,11,11,11,8,10,8,8,1,1,8,8,8,8,8,11,8,1,1,8,8,8,8,8,8,8,1,2,2,2,7,8,8,8,8,4,5,9,8,8,8,2,8,8,8,8,8,8,8,8,8,8,13,13,8,8,8,8,6,6,6,6,6,6,6,6,12,12,12,12,12,12,12,12","0.000742197036743164","walktrap","edit-xhwikibooks.graphml"
"0.92","0.01","0.07","0.464307545601252","3,8,3,3,3,1,3,1,1,4,3,3,1,1,1,2,4,5,3,3,8,11,10,1,1,1,1,2,7,4,5,9,13,3,6,6,12,1,8,8,8,8,11,11,11,11,8,11,11,11,8,8,8,8,8,11,11,11,11,8,10,8,8,1,1,8,8,8,8,8,11,8,1,1,8,8,8,8,8,8,8,1,2,2,2,7,8,8,8,8,4,5,9,8,8,8,2,8,8,8,8,8,8,8,8,8,8,13,13,8,8,8,8,6,6,6,6,6,6,6,6,12,12,12,12,12,12,12,12","0.000743865966796875","walktrap","edit-xhwikibooks.graphml"
"0.91","0.02","0.07","0.464307545601252","3,8,3,3,3,1,3,1,1,4,3,3,1,1,1,2,4,5,3,3,8,11,10,1,1,1,1,2,7,4,5,9,13,3,6,6,12,1,8,8,8,8,11,11,11,11,8,11,11,11,8,8,8,8,8,11,11,11,11,8,10,8,8,1,1,8,8,8,8,8,11,8,1,1,8,8,8,8,8,8,8,1,2,2,2,7,8,8,8,8,4,5,9,8,8,8,2,8,8,8,8,8,8,8,8,8,8,13,13,8,8,8,8,6,6,6,6,6,6,6,6,12,12,12,12,12,12,12,12","0.000745058059692383","walktrap","edit-xhwikibooks.graphml"
"0.9","0.03","0.07","0.463092911168036","3,8,3,3,3,1,3,1,1,4,3,3,1,1,1,2,4,5,3,3,8,11,10,1,1,1,1,2,7,4,5,9,13,3,6,6,12,1,8,8,8,8,11,11,11,11,8,11,11,11,8,8,8,8,8,11,11,11,11,8,10,8,8,1,1,8,8,8,8,8,11,8,1,1,8,8,8,8,8,8,8,1,2,2,2,7,8,8,8,8,4,5,9,8,8,8,2,8,8,8,8,8,8,8,8,8,8,13,13,8,8,8,8,6,6,6,6,6,6,6,6,12,12,12,12,12,12,12,12","0.00075984001159668","walktrap","edit-xhwikibooks.graphml"
"0.89","0.04","0.07","0.463092911168036","3,8,3,3,3,1,3,1,1,4,3,3,1,1,1,2,4,5,3,3,8,11,10,1,1,1,1,2,7,4,5,9,13,3,6,6,12,1,8,8,8,8,11,11,11,11,8,11,11,11,8,8,8,8,8,11,11,11,11,8,10,8,8,1,1,8,8,8,8,8,11,8,1,1,8,8,8,8,8,8,8,1,2,2,2,7,8,8,8,8,4,5,9,8,8,8,2,8,8,8,8,8,8,8,8,8,8,13,13,8,8,8,8,6,6,6,6,6,6,6,6,12,12,12,12,12,12,12,12","0.000843048095703125","walktrap","edit-xhwikibooks.graphml"
"0.88","0.05","0.07","0.461883921682099","3,8,3,3,3,1,3,1,1,4,3,3,1,1,1,2,4,5,3,3,8,11,10,1,1,1,1,2,7,4,5,9,13,3,6,6,12,1,8,8,8,8,11,11,11,11,8,11,11,11,8,8,8,8,8,11,11,11,11,8,10,8,8,1,1,8,8,8,8,8,11,8,1,1,8,8,8,8,8,8,8,1,2,2,2,7,8,8,8,8,4,5,9,8,8,8,2,8,8,8,8,8,8,8,8,8,8,13,13,8,8,8,8,6,6,6,6,6,6,6,6,12,12,12,12,12,12,12,12","0.000737905502319336","walktrap","edit-xhwikibooks.graphml"
"0.87","0.06","0.07","0.461883921682099","3,8,3,3,3,1,3,1,1,4,3,3,1,1,1,2,4,5,3,3,8,11,10,1,1,1,1,2,7,4,5,9,13,3,6,6,12,1,8,8,8,8,11,11,11,11,8,11,11,11,8,8,8,8,8,11,11,11,11,8,10,8,8,1,1,8,8,8,8,8,11,8,1,1,8,8,8,8,8,8,8,1,2,2,2,7,8,8,8,8,4,5,9,8,8,8,2,8,8,8,8,8,8,8,8,8,8,13,13,8,8,8,8,6,6,6,6,6,6,6,6,12,12,12,12,12,12,12,12","0.000726222991943359","walktrap","edit-xhwikibooks.graphml"
"0.86","0.07","0.07","0.460680547407239","3,8,3,3,3,1,3,1,1,4,3,3,1,1,1,2,4,5,3,3,8,11,10,1,1,1,1,2,7,4,5,9,13,3,6,6,12,1,8,8,8,8,11,11,11,11,8,11,11,11,8,8,8,8,8,11,11,11,11,8,10,8,8,1,1,8,8,8,8,8,11,8,1,1,8,8,8,8,8,8,8,1,2,2,2,7,8,8,8,8,4,5,9,8,8,8,2,8,8,8,8,8,8,8,8,8,8,13,13,8,8,8,8,6,6,6,6,6,6,6,6,12,12,12,12,12,12,12,12","0.000738859176635742","walktrap","edit-xhwikibooks.graphml"
"0.85","0.08","0.07","0.453585718682672","4,6,4,4,4,1,4,1,1,5,4,4,1,1,1,3,5,7,2,4,6,8,1,1,1,1,1,3,6,5,7,2,10,4,2,2,9,1,6,6,6,6,8,8,8,8,6,8,8,8,6,6,6,6,6,8,8,8,8,6,11,6,6,1,1,6,6,6,6,6,8,6,1,1,6,6,6,6,6,6,6,1,3,3,3,12,6,6,6,6,13,14,15,6,6,6,3,6,6,6,6,6,6,6,6,6,6,10,10,6,6,6,6,2,2,2,2,2,2,2,2,9,9,9,9,9,9,9,9","0.000711917877197266","walktrap","edit-xhwikibooks.graphml"
"0.84","0.09","0.07","0.452375421781016","4,6,4,4,4,1,4,1,1,5,4,4,1,1,1,3,5,7,2,4,6,8,1,1,1,1,1,3,6,5,7,2,10,4,2,2,9,1,6,6,6,6,8,8,8,8,6,8,8,8,6,6,6,6,6,8,8,8,8,6,11,6,6,1,1,6,6,6,6,6,8,6,1,1,6,6,6,6,6,6,6,1,3,3,3,12,6,6,6,6,13,14,15,6,6,6,3,6,6,6,6,6,6,6,6,6,6,10,10,6,6,6,6,2,2,2,2,2,2,2,2,9,9,9,9,9,9,9,9","0.000710010528564453","walktrap","edit-xhwikibooks.graphml"
"0.83","0.1","0.07","0.452375421781016","4,6,4,4,4,1,4,1,1,5,4,4,1,1,1,3,5,7,2,4,6,8,1,1,1,1,1,3,6,5,7,2,10,4,2,2,9,1,6,6,6,6,8,8,8,8,6,8,8,8,6,6,6,6,6,8,8,8,8,6,11,6,6,1,1,6,6,6,6,6,8,6,1,1,6,6,6,6,6,6,6,1,3,3,3,12,6,6,6,6,13,14,15,6,6,6,3,6,6,6,6,6,6,6,6,6,6,10,10,6,6,6,6,2,2,2,2,2,2,2,2,9,9,9,9,9,9,9,9","0.000728130340576172","walktrap","edit-xhwikibooks.graphml"
"0.82","0.11","0.07","0.451170950236132","4,6,4,4,4,1,4,1,1,5,4,4,1,1,1,3,5,7,2,4,6,8,1,1,1,1,1,3,6,5,7,2,10,4,2,2,9,1,6,6,6,6,8,8,8,8,6,8,8,8,6,6,6,6,6,8,8,8,8,6,11,6,6,1,1,6,6,6,6,6,8,6,1,1,6,6,6,6,6,6,6,1,3,3,3,12,6,6,6,6,13,14,15,6,6,6,3,6,6,6,6,6,6,6,6,6,6,10,10,6,6,6,6,2,2,2,2,2,2,2,2,9,9,9,9,9,9,9,9","0.000731945037841797","walktrap","edit-xhwikibooks.graphml"
"0.81","0.12","0.07","0.457795045557405","4,6,4,4,4,1,4,1,1,5,4,4,1,1,1,3,5,7,2,4,6,8,1,1,1,1,1,3,6,5,7,2,10,4,2,2,9,1,6,6,6,6,8,8,8,8,6,8,8,8,6,6,6,6,6,8,8,8,8,6,11,6,6,1,1,6,6,6,6,6,8,6,1,1,6,6,6,6,6,6,6,1,3,3,3,12,6,6,6,6,13,14,15,6,6,6,3,6,6,6,6,6,6,6,6,6,6,10,10,6,6,6,6,2,2,2,2,2,2,2,2,9,9,9,9,9,9,9,9","0.000746011734008789","walktrap","edit-xhwikibooks.graphml"
"0.8","0.13","0.07","0.459016295302978","4,6,4,4,4,1,4,1,1,5,4,4,1,1,1,3,5,7,2,4,6,8,1,1,1,1,1,3,6,5,7,2,10,4,2,2,9,1,6,6,6,6,8,8,8,8,6,8,8,8,6,6,6,6,6,8,8,8,8,6,11,6,6,1,1,6,6,6,6,6,8,6,1,1,6,6,6,6,6,6,6,1,3,3,3,12,6,6,6,6,13,14,15,6,6,6,3,6,6,6,6,6,6,6,6,6,6,10,10,6,6,6,6,2,2,2,2,2,2,2,2,9,9,9,9,9,9,9,9","0.000873088836669922","walktrap","edit-xhwikibooks.graphml"
"0.79","0.14","0.07","0.459016295302978","4,6,4,4,4,1,4,1,1,5,4,4,1,1,1,3,5,7,2,4,6,8,1,1,1,1,1,3,6,5,7,2,10,4,2,2,9,1,6,6,6,6,8,8,8,8,6,8,8,8,6,6,6,6,6,8,8,8,8,6,11,6,6,1,1,6,6,6,6,6,8,6,1,1,6,6,6,6,6,6,6,1,3,3,3,12,6,6,6,6,13,14,15,6,6,6,3,6,6,6,6,6,6,6,6,6,6,10,10,6,6,6,6,2,2,2,2,2,2,2,2,9,9,9,9,9,9,9,9","0.000706911087036133","walktrap","edit-xhwikibooks.graphml"
"0.78","0.15","0.07","0.438804637593682","1,2,1,1,1,1,1,1,1,1,1,1,1,1,1,1,8,1,1,7,2,4,1,1,1,1,1,6,2,9,10,1,7,7,3,3,5,1,2,2,2,2,4,4,4,4,2,4,4,4,2,2,2,2,2,4,4,4,4,2,11,2,2,12,13,2,2,2,2,2,4,2,1,1,2,2,2,2,2,2,2,14,6,6,6,15,2,2,2,2,16,17,18,2,2,2,19,2,2,2,2,2,2,2,2,2,2,20,21,2,2,2,2,3,3,3,3,3,3,3,3,5,5,5,5,5,5,5,5","0.000685930252075195","walktrap","edit-xhwikibooks.graphml"
"0.77","0.16","0.07","0.442314175479779","1,2,1,1,1,1,1,1,1,1,1,1,1,1,1,1,8,1,1,7,2,4,1,1,1,1,1,6,2,9,10,1,7,7,3,3,5,1,2,2,2,2,4,4,4,4,2,4,4,4,2,2,2,2,2,4,4,4,4,2,11,2,2,12,13,2,2,2,2,2,4,2,1,1,2,2,2,2,2,2,2,14,6,6,6,15,2,2,2,2,16,17,18,2,2,2,19,2,2,2,2,2,2,2,2,2,2,20,21,2,2,2,2,3,3,3,3,3,3,3,3,5,5,5,5,5,5,5,5","0.000684022903442383","walktrap","edit-xhwikibooks.graphml"
"0.76","0.17","0.07","0.444819944598338","1,3,1,1,1,1,1,2,1,1,1,1,2,2,2,1,9,1,1,8,3,5,2,2,2,2,2,7,3,10,11,1,8,8,4,4,6,2,3,3,3,3,5,5,5,5,3,5,5,5,3,3,3,3,3,5,5,5,5,3,12,3,3,13,14,3,3,3,3,3,5,3,2,2,3,3,3,3,3,3,3,15,7,7,7,16,3,3,3,3,17,18,19,3,3,3,20,3,3,3,3,3,3,3,3,3,3,21,22,3,3,3,3,4,4,4,4,4,4,4,4,6,6,6,6,6,6,6,6","0.000694990158081055","walktrap","edit-xhwikibooks.graphml"
"0.75","0.18","0.07","0.444819944598338","1,3,1,1,1,1,1,2,1,1,1,1,2,2,2,1,9,1,1,8,3,5,2,2,2,2,2,7,3,10,11,1,8,8,4,4,6,2,3,3,3,3,5,5,5,5,3,5,5,5,3,3,3,3,3,5,5,5,5,3,12,3,3,13,14,3,3,3,3,3,5,3,2,2,3,3,3,3,3,3,3,15,7,7,7,16,3,3,3,3,17,18,19,3,3,3,20,3,3,3,3,3,3,3,3,3,3,21,22,3,3,3,3,4,4,4,4,4,4,4,4,6,6,6,6,6,6,6,6","0.00067901611328125","walktrap","edit-xhwikibooks.graphml"
"0.74","0.19","0.07","0.442405516638541","1,3,1,1,1,1,1,2,1,1,1,1,2,2,2,1,9,1,1,8,3,5,2,2,2,2,2,7,3,10,11,1,8,8,4,4,6,2,3,3,3,3,5,5,5,5,3,5,5,5,3,3,3,3,3,5,5,5,5,3,12,3,3,13,14,3,3,3,3,3,5,3,2,2,3,3,3,3,3,3,3,15,7,7,7,16,3,3,3,3,17,18,19,3,3,3,20,3,3,3,3,3,3,3,3,3,3,21,22,3,3,3,3,4,4,4,4,4,4,4,4,6,6,6,6,6,6,6,6","0.000808954238891602","walktrap","edit-xhwikibooks.graphml"
"0.73","0.2","0.07","0.449006836603968","1,3,1,1,1,1,1,2,1,1,1,1,2,2,2,1,9,1,1,8,3,5,2,2,2,2,2,7,3,10,11,1,8,8,4,4,6,2,3,3,3,3,5,5,5,5,3,5,5,5,3,3,3,3,3,5,5,5,5,3,12,3,3,13,14,3,3,3,3,3,5,3,2,2,3,3,3,3,3,3,3,15,7,7,7,16,3,3,3,3,17,18,19,3,3,3,20,3,3,3,3,3,3,3,3,3,3,21,22,3,3,3,3,4,4,4,4,4,4,4,4,6,6,6,6,6,6,6,6","0.000674962997436523","walktrap","edit-xhwikibooks.graphml"
"0.72","0.21","0.07","0.447806183115339","1,3,1,1,1,1,1,2,1,1,1,1,2,2,2,1,9,1,1,8,3,5,2,2,2,2,2,7,3,10,11,1,8,8,4,4,6,2,3,3,3,3,5,5,5,5,3,5,5,5,3,3,3,3,3,5,5,5,5,3,12,3,3,13,14,3,3,3,3,3,5,3,2,2,3,3,3,3,3,3,3,15,7,7,7,16,3,3,3,3,17,18,19,3,3,3,20,3,3,3,3,3,3,3,3,3,3,21,22,3,3,3,3,4,4,4,4,4,4,4,4,6,6,6,6,6,6,6,6","0.000689983367919922","walktrap","edit-xhwikibooks.graphml"
"0.71","0.22","0.07","0.40143877336694","3,3,3,2,7,2,1,2,2,2,1,8,2,2,2,2,9,10,1,6,3,4,11,2,2,2,2,2,3,12,13,14,6,15,1,1,5,2,3,3,3,3,4,4,4,4,3,4,4,4,3,3,3,3,3,4,4,4,4,3,16,3,3,17,18,3,3,3,3,3,4,3,19,20,3,3,3,3,3,3,3,21,22,23,24,25,3,3,3,3,26,27,28,3,3,3,29,3,3,3,3,3,3,3,3,3,3,30,31,3,3,3,3,1,1,1,1,1,1,1,1,5,5,5,5,5,5,5,5","0.000651121139526367","walktrap","edit-xhwikibooks.graphml"
"0.7","0.23","0.07","0.407934122120733","3,3,3,2,7,2,1,2,2,2,1,8,2,2,2,2,9,10,1,6,3,4,11,2,2,2,2,2,3,12,13,14,6,15,1,1,5,2,3,3,3,3,4,4,4,4,3,4,4,4,3,3,3,3,3,4,4,4,4,3,16,3,3,17,18,3,3,3,3,3,4,3,19,20,3,3,3,3,3,3,3,21,22,23,24,25,3,3,3,3,26,27,28,3,3,3,29,3,3,3,3,3,3,3,3,3,3,30,31,3,3,3,3,1,1,1,1,1,1,1,1,5,5,5,5,5,5,5,5","0.000655174255371094","walktrap","edit-xhwikibooks.graphml"
"0.69","0.24","0.07","0.41172193877551","3,3,3,2,7,2,1,2,2,2,1,8,2,2,2,2,9,10,1,6,3,4,11,2,2,2,2,2,3,12,13,14,6,15,1,1,5,2,3,3,3,3,4,4,4,4,3,4,4,4,3,3,3,3,3,4,4,4,4,3,16,3,3,17,18,3,3,3,3,3,4,3,19,20,3,3,3,3,3,3,3,21,22,23,24,25,3,3,3,3,26,27,28,3,3,3,29,3,3,3,3,3,3,3,3,3,3,30,31,3,3,3,3,1,1,1,1,1,1,1,1,5,5,5,5,5,5,5,5","0.000650882720947266","walktrap","edit-xhwikibooks.graphml"
"0.68","0.25","0.07","0.420997817893275","3,3,3,2,7,2,1,2,2,2,1,8,2,2,2,2,9,10,1,6,3,4,11,2,2,2,2,2,3,12,13,14,6,15,1,1,5,2,3,3,3,3,4,4,4,4,3,4,4,4,3,3,3,3,3,4,4,4,4,3,16,3,3,17,18,3,3,3,3,3,4,3,19,20,3,3,3,3,3,3,3,21,22,23,24,25,3,3,3,3,26,27,28,3,3,3,29,3,3,3,3,3,3,3,3,3,3,30,31,3,3,3,3,1,1,1,1,1,1,1,1,5,5,5,5,5,5,5,5","0.000666141510009766","walktrap","edit-xhwikibooks.graphml"
"0.67","0.26","0.07","0.420997817893275","3,3,3,2,7,2,1,2,2,2,1,8,2,2,2,2,9,10,1,6,3,4,11,2,2,2,2,2,3,12,13,14,6,15,1,1,5,2,3,3,3,3,4,4,4,4,3,4,4,4,3,3,3,3,3,4,4,4,4,3,16,3,3,17,18,3,3,3,3,3,4,3,19,20,3,3,3,3,3,3,3,21,22,23,24,25,3,3,3,3,26,27,28,3,3,3,29,3,3,3,3,3,3,3,3,3,3,30,31,3,3,3,3,1,1,1,1,1,1,1,1,5,5,5,5,5,5,5,5","0.000674009323120117","walktrap","edit-xhwikibooks.graphml"
"0.66","0.27","0.07","0.420997817893275","3,3,3,2,7,2,1,2,2,2,1,8,2,2,2,2,9,10,1,6,3,4,11,2,2,2,2,2,3,12,13,14,6,15,1,1,5,2,3,3,3,3,4,4,4,4,3,4,4,4,3,3,3,3,3,4,4,4,4,3,16,3,3,17,18,3,3,3,3,3,4,3,19,20,3,3,3,3,3,3,3,21,22,23,24,25,3,3,3,3,26,27,28,3,3,3,29,3,3,3,3,3,3,3,3,3,3,30,31,3,3,3,3,1,1,1,1,1,1,1,1,5,5,5,5,5,5,5,5","0.000758171081542969","walktrap","edit-xhwikibooks.graphml"
"0.65","0.28","0.07","0.419821483533395","3,3,3,2,7,2,1,2,2,2,1,8,2,2,2,2,9,10,1,6,3,4,11,2,2,2,2,2,3,12,13,14,6,15,1,1,5,2,3,3,3,3,4,4,4,4,3,4,4,4,3,3,3,3,3,4,4,4,4,3,16,3,3,17,18,3,3,3,3,3,4,3,19,20,3,3,3,3,3,3,3,21,22,23,24,25,3,3,3,3,26,27,28,3,3,3,29,3,3,3,3,3,3,3,3,3,3,30,31,3,3,3,3,1,1,1,1,1,1,1,1,5,5,5,5,5,5,5,5","0.000638008117675781","walktrap","edit-xhwikibooks.graphml"
"0.64","0.29","0.07","0.415666534417774","2,2,2,1,6,1,7,1,1,1,8,9,1,1,1,1,10,11,3,12,2,4,13,1,1,1,1,1,2,14,15,16,17,18,3,3,5,1,2,2,2,2,4,4,4,4,2,4,4,4,2,2,2,2,2,4,4,4,4,2,19,2,2,20,21,2,2,2,2,2,4,2,22,23,2,2,2,2,2,2,2,24,25,26,27,28,2,2,2,2,29,30,31,2,2,2,32,2,2,2,2,2,2,2,2,2,2,33,34,2,2,2,2,3,3,3,3,3,3,3,3,5,5,5,5,5,5,5,5","0.00091099739074707","walktrap","edit-xhwikibooks.graphml"
"0.63","0.3","0.07","0.475061711104498","2,2,2,1,6,1,7,1,1,1,8,9,1,1,1,1,10,11,3,12,2,4,13,1,1,1,1,1,2,14,15,16,17,18,3,3,5,1,2,2,2,2,4,4,4,4,2,4,4,4,2,2,2,2,2,4,4,4,4,2,19,2,2,20,21,2,2,2,2,2,4,2,22,23,2,2,2,2,2,2,2,24,25,26,27,28,2,2,2,2,29,30,31,2,2,2,32,2,2,2,2,2,2,2,2,2,2,33,34,2,2,2,2,3,3,3,3,3,3,3,3,5,5,5,5,5,5,5,5","0.000663995742797852","walktrap","edit-xhwikibooks.graphml"
"0.62","0.31","0.07","0.477316161911813","2,2,2,1,6,1,7,1,1,1,8,9,1,1,1,1,10,11,3,12,2,4,13,1,1,1,1,1,2,14,15,16,17,18,3,3,5,1,2,2,2,2,4,4,4,4,2,4,4,4,2,2,2,2,2,4,4,4,4,2,19,2,2,20,21,2,2,2,2,2,4,2,22,23,2,2,2,2,2,2,2,24,25,26,27,28,2,2,2,2,29,30,31,2,2,2,32,2,2,2,2,2,2,2,2,2,2,33,34,2,2,2,2,3,3,3,3,3,3,3,3,5,5,5,5,5,5,5,5","0.000643014907836914","walktrap","edit-xhwikibooks.graphml"
"0.61","0.32","0.07","0.475838399016461","2,2,2,1,6,1,7,1,1,1,8,9,1,1,1,1,10,11,3,12,2,4,13,1,1,1,1,1,2,14,15,16,17,18,3,3,5,1,2,2,2,2,4,4,4,4,2,4,4,4,2,2,2,2,2,4,4,4,4,2,19,2,2,20,21,2,2,2,2,2,4,2,22,23,2,2,2,2,2,2,2,24,25,26,27,28,2,2,2,2,29,30,31,2,2,2,32,2,2,2,2,2,2,2,2,2,2,33,34,2,2,2,2,3,3,3,3,3,3,3,3,5,5,5,5,5,5,5,5","0.000626802444458008","walktrap","edit-xhwikibooks.graphml"
"0.6","0.33","0.07","0.475838399016461","2,2,2,1,6,1,7,1,1,1,8,9,1,1,1,1,10,11,3,12,2,4,13,1,1,1,1,1,2,14,15,16,17,18,3,3,5,1,2,2,2,2,4,4,4,4,2,4,4,4,2,2,2,2,2,4,4,4,4,2,19,2,2,20,21,2,2,2,2,2,4,2,22,23,2,2,2,2,2,2,2,24,25,26,27,28,2,2,2,2,29,30,31,2,2,2,32,2,2,2,2,2,2,2,2,2,2,33,34,2,2,2,2,3,3,3,3,3,3,3,3,5,5,5,5,5,5,5,5","0.000629186630249023","walktrap","edit-xhwikibooks.graphml"
"0.59","0.34","0.07","0.53512543717543","4,3,4,1,7,1,8,1,1,1,9,10,1,1,1,1,11,12,2,13,3,5,14,1,1,1,1,1,3,15,16,17,18,19,2,2,6,1,3,3,3,3,5,5,5,5,3,5,5,5,3,3,3,3,3,5,5,5,5,3,20,3,3,21,22,3,3,3,3,3,5,3,23,24,3,3,3,3,3,3,3,25,26,27,28,29,3,3,3,3,30,31,32,3,3,3,33,3,3,3,3,3,3,3,3,3,3,34,35,3,3,3,3,2,2,2,2,2,2,2,2,6,6,6,6,6,6,6,6","0.000653982162475586","walktrap","edit-xhwikibooks.graphml"
"0.58","0.35","0.07","0.53512543717543","4,3,4,1,7,1,8,1,1,1,9,10,1,1,1,1,11,12,2,13,3,5,14,1,1,1,1,1,3,15,16,17,18,19,2,2,6,1,3,3,3,3,5,5,5,5,3,5,5,5,3,3,3,3,3,5,5,5,5,3,20,3,3,21,22,3,3,3,3,3,5,3,23,24,3,3,3,3,3,3,3,25,26,27,28,29,3,3,3,3,30,31,32,3,3,3,33,3,3,3,3,3,3,3,3,3,3,34,35,3,3,3,3,2,2,2,2,2,2,2,2,6,6,6,6,6,6,6,6","0.000655889511108398","walktrap","edit-xhwikibooks.graphml"
"0.57","0.36","0.07","0.526683747597994","4,5,4,8,9,1,10,1,2,11,12,13,1,2,2,1,14,15,3,16,5,6,17,2,2,2,2,18,19,20,21,22,23,24,3,3,7,2,5,5,5,5,6,6,6,6,5,6,6,6,5,5,5,5,5,6,6,6,6,5,25,5,5,26,27,5,5,5,5,5,6,5,28,29,5,5,5,5,5,5,5,30,31,32,33,34,5,5,5,5,35,36,37,5,5,5,38,5,5,5,5,5,5,5,5,5,5,39,40,5,5,5,5,3,3,3,3,3,3,3,3,7,7,7,7,7,7,7,7","0.000645875930786133","walktrap","edit-xhwikibooks.graphml"
"0.56","0.37","0.07","0.528210821365583","4,5,4,8,9,1,10,1,2,11,12,13,1,2,2,1,14,15,3,16,5,6,17,2,2,2,2,18,19,20,21,22,23,24,3,3,7,2,5,5,5,5,6,6,6,6,5,6,6,6,5,5,5,5,5,6,6,6,6,5,25,5,5,26,27,5,5,5,5,5,6,5,28,29,5,5,5,5,5,5,5,30,31,32,33,34,5,5,5,5,35,36,37,5,5,5,38,5,5,5,5,5,5,5,5,5,5,39,40,5,5,5,5,3,3,3,3,3,3,3,3,7,7,7,7,7,7,7,7","0.000659942626953125","walktrap","edit-xhwikibooks.graphml"
"0.55","0.38","0.07","0.526683747597994","4,5,4,8,9,1,10,1,2,11,12,13,1,2,2,1,14,15,3,16,5,6,17,2,2,2,2,18,19,20,21,22,23,24,3,3,7,2,5,5,5,5,6,6,6,6,5,6,6,6,5,5,5,5,5,6,6,6,6,5,25,5,5,26,27,5,5,5,5,5,6,5,28,29,5,5,5,5,5,5,5,30,31,32,33,34,5,5,5,5,35,36,37,5,5,5,38,5,5,5,5,5,5,5,5,5,5,39,40,5,5,5,5,3,3,3,3,3,3,3,3,7,7,7,7,7,7,7,7","0.000658988952636719","walktrap","edit-xhwikibooks.graphml"
"0.54","0.39","0.07","0.528266051518646","4,5,4,8,9,1,10,1,2,11,12,13,1,2,2,1,14,15,3,16,5,6,17,2,2,2,2,18,19,20,21,22,23,24,3,3,7,2,5,5,5,5,6,6,6,6,5,6,6,6,5,5,5,5,5,6,6,6,6,5,25,5,5,26,27,5,5,5,5,5,6,5,28,29,5,5,5,5,5,5,5,30,31,32,33,34,5,5,5,5,35,36,37,5,5,5,38,5,5,5,5,5,5,5,5,5,5,39,40,5,5,5,5,3,3,3,3,3,3,3,3,7,7,7,7,7,7,7,7","0.00067591667175293","walktrap","edit-xhwikibooks.graphml"
"0.53","0.4","0.07","0.53166125833784","3,4,3,7,8,1,9,1,1,10,11,12,1,1,1,1,13,14,2,15,4,5,16,1,1,1,1,17,18,19,20,21,22,23,2,2,6,1,4,4,4,4,5,5,5,5,4,5,5,5,4,4,4,4,4,5,5,5,5,4,24,4,4,25,26,4,4,4,4,4,5,4,27,28,4,4,4,4,4,4,4,29,30,31,32,33,4,4,4,4,34,35,36,4,4,4,37,4,4,4,4,4,4,4,4,4,4,38,39,4,4,4,4,2,2,2,2,2,2,2,2,6,6,6,6,6,6,6,6","0.00067591667175293","walktrap","edit-xhwikibooks.graphml"
"0.52","0.41","0.07","0.53166125833784","3,4,3,7,8,1,9,1,1,10,11,12,1,1,1,1,13,14,2,15,4,5,16,1,1,1,1,17,18,19,20,21,22,23,2,2,6,1,4,4,4,4,5,5,5,5,4,5,5,5,4,4,4,4,4,5,5,5,5,4,24,4,4,25,26,4,4,4,4,4,5,4,27,28,4,4,4,4,4,4,4,29,30,31,32,33,4,4,4,4,34,35,36,4,4,4,37,4,4,4,4,4,4,4,4,4,4,38,39,4,4,4,4,2,2,2,2,2,2,2,2,6,6,6,6,6,6,6,6","0.00067591667175293","walktrap","edit-xhwikibooks.graphml"
"0.51","0.42","0.07","0.530187385399741","3,4,3,7,8,1,9,1,1,10,11,12,1,1,1,1,13,14,2,15,4,5,16,1,1,1,1,17,18,19,20,21,22,23,2,2,6,1,4,4,4,4,5,5,5,5,4,5,5,5,4,4,4,4,4,5,5,5,5,4,24,4,4,25,26,4,4,4,4,4,5,4,27,28,4,4,4,4,4,4,4,29,30,31,32,33,4,4,4,4,34,35,36,4,4,4,37,4,4,4,4,4,4,4,4,4,4,38,39,4,4,4,4,2,2,2,2,2,2,2,2,6,6,6,6,6,6,6,6","0.000671148300170898","walktrap","edit-xhwikibooks.graphml"
"0.5","0.43","0.07","0.529047232738417","3,4,3,7,8,1,9,1,1,10,11,12,13,1,1,14,15,16,2,17,4,5,18,1,1,1,1,19,20,21,22,23,24,25,2,2,6,26,4,4,4,4,5,5,5,5,4,5,5,5,4,4,4,4,4,5,5,5,5,4,27,4,4,28,29,4,4,4,4,4,5,4,30,31,4,4,4,4,4,4,4,32,33,34,35,36,4,4,4,4,37,38,39,4,4,4,40,4,4,4,4,4,4,4,4,4,4,41,42,4,4,4,4,2,2,2,2,2,2,2,2,6,6,6,6,6,6,6,6","0.000645160675048828","walktrap","edit-xhwikibooks.graphml"
"0.49","0.44","0.07","0.527563691656356","3,4,3,7,8,1,9,1,1,10,11,12,13,1,1,14,15,16,2,17,4,5,18,1,1,1,1,19,20,21,22,23,24,25,2,2,6,26,4,4,4,4,5,5,5,5,4,5,5,5,4,4,4,4,4,5,5,5,5,4,27,4,4,28,29,4,4,4,4,4,5,4,30,31,4,4,4,4,4,4,4,32,33,34,35,36,4,4,4,4,37,38,39,4,4,4,40,4,4,4,4,4,4,4,4,4,4,41,42,4,4,4,4,2,2,2,2,2,2,2,2,6,6,6,6,6,6,6,6","0.000641107559204102","walktrap","edit-xhwikibooks.graphml"
"0.48","0.45","0.07","0.533543253915827","3,4,3,7,8,1,9,1,1,10,11,12,13,1,1,14,15,16,2,17,4,5,18,1,1,1,1,19,20,21,22,23,24,25,2,2,6,26,4,4,4,4,5,5,5,5,4,5,5,5,4,4,4,4,4,5,5,5,5,4,27,4,4,28,29,4,4,4,4,4,5,4,30,31,4,4,4,4,4,4,4,32,33,34,35,36,4,4,4,4,37,38,39,4,4,4,40,4,4,4,4,4,4,4,4,4,4,41,42,4,4,4,4,2,2,2,2,2,2,2,2,6,6,6,6,6,6,6,6","0.000658035278320312","walktrap","edit-xhwikibooks.graphml"
"0.47","0.46","0.07","0.532071266243226","3,4,3,7,8,1,9,1,1,10,11,12,13,1,1,14,15,16,2,17,4,5,18,1,1,1,1,19,20,21,22,23,24,25,2,2,6,26,4,4,4,4,5,5,5,5,4,5,5,5,4,4,4,4,4,5,5,5,5,4,27,4,4,28,29,4,4,4,4,4,5,4,30,31,4,4,4,4,4,4,4,32,33,34,35,36,4,4,4,4,37,38,39,4,4,4,40,4,4,4,4,4,4,4,4,4,4,41,42,4,4,4,4,2,2,2,2,2,2,2,2,6,6,6,6,6,6,6,6","0.00065302848815918","walktrap","edit-xhwikibooks.graphml"
"0.46","0.47","0.07","0.535030143561422","3,4,3,7,8,1,9,1,1,10,11,12,13,1,1,14,15,16,2,17,4,5,18,1,1,1,1,19,20,21,22,23,24,25,2,2,6,26,4,4,4,4,5,5,5,5,4,5,5,5,4,4,4,4,4,5,5,5,5,4,27,4,4,28,29,4,4,4,4,4,5,4,30,31,4,4,4,4,4,4,4,32,33,34,35,36,4,4,4,4,37,38,39,4,4,4,40,4,4,4,4,4,4,4,4,4,4,41,42,4,4,4,4,2,2,2,2,2,2,2,2,6,6,6,6,6,6,6,6","0.00063014030456543","walktrap","edit-xhwikibooks.graphml"
"0.45","0.48","0.07","0.533567206152433","3,4,3,7,8,1,9,1,1,10,11,12,13,1,1,14,15,16,2,17,4,5,18,1,1,1,1,19,20,21,22,23,24,25,2,2,6,26,4,4,4,4,5,5,5,5,4,5,5,5,4,4,4,4,4,5,5,5,5,4,27,4,4,28,29,4,4,4,4,4,5,4,30,31,4,4,4,4,4,4,4,32,33,34,35,36,4,4,4,4,37,38,39,4,4,4,40,4,4,4,4,4,4,4,4,4,4,41,42,4,4,4,4,2,2,2,2,2,2,2,2,6,6,6,6,6,6,6,6","0.000631093978881836","walktrap","edit-xhwikibooks.graphml"
"0.44","0.49","0.07","0.533567206152433","3,4,3,7,8,1,9,1,1,10,11,12,13,1,1,14,15,16,2,17,4,5,18,1,1,1,1,19,20,21,22,23,24,25,2,2,6,26,4,4,4,4,5,5,5,5,4,5,5,5,4,4,4,4,4,5,5,5,5,4,27,4,4,28,29,4,4,4,4,4,5,4,30,31,4,4,4,4,4,4,4,32,33,34,35,36,4,4,4,4,37,38,39,4,4,4,40,4,4,4,4,4,4,4,4,4,4,41,42,4,4,4,4,2,2,2,2,2,2,2,2,6,6,6,6,6,6,6,6","0.000623941421508789","walktrap","edit-xhwikibooks.graphml"
"0.43","0.5","0.07","0.627207739854877","3,4,3,7,8,9,10,1,11,12,13,14,1,1,1,15,16,17,2,18,4,5,19,1,1,1,1,20,21,22,23,24,25,26,2,2,6,27,4,4,4,4,5,5,5,5,4,5,5,5,4,4,4,4,4,5,5,5,5,4,28,4,4,29,30,4,4,4,4,4,5,4,31,32,4,4,4,4,4,4,4,33,34,35,36,37,4,4,4,4,38,39,40,4,4,4,41,4,4,4,4,4,4,4,4,4,4,42,43,4,4,4,4,2,2,2,2,2,2,2,2,6,6,6,6,6,6,6,6","0.000652074813842773","walktrap","edit-xhwikibooks.graphml"
"0.42","0.51","0.07","0.627207739854877","3,4,3,7,8,9,10,1,11,12,13,14,1,1,1,15,16,17,2,18,4,5,19,1,1,1,1,20,21,22,23,24,25,26,2,2,6,27,4,4,4,4,5,5,5,5,4,5,5,5,4,4,4,4,4,5,5,5,5,4,28,4,4,29,30,4,4,4,4,4,5,4,31,32,4,4,4,4,4,4,4,33,34,35,36,37,4,4,4,4,38,39,40,4,4,4,41,4,4,4,4,4,4,4,4,4,4,42,43,4,4,4,4,2,2,2,2,2,2,2,2,6,6,6,6,6,6,6,6","0.000655174255371094","walktrap","edit-xhwikibooks.graphml"
"0.41","0.52","0.07","0.627207739854877","3,4,3,7,8,9,10,1,11,12,13,14,1,1,1,15,16,17,2,18,4,5,19,1,1,1,1,20,21,22,23,24,25,26,2,2,6,27,4,4,4,4,5,5,5,5,4,5,5,5,4,4,4,4,4,5,5,5,5,4,28,4,4,29,30,4,4,4,4,4,5,4,31,32,4,4,4,4,4,4,4,33,34,35,36,37,4,4,4,4,38,39,40,4,4,4,41,4,4,4,4,4,4,4,4,4,4,42,43,4,4,4,4,2,2,2,2,2,2,2,2,6,6,6,6,6,6,6,6","0.000657081604003906","walktrap","edit-xhwikibooks.graphml"
"0.4","0.53","0.07","0.625891751035926","3,4,3,7,8,9,10,1,11,12,13,14,1,1,1,15,16,17,2,18,4,5,19,1,1,1,1,20,21,22,23,24,25,26,2,2,6,27,4,4,4,4,5,5,5,5,4,5,5,5,4,4,4,4,4,5,5,5,5,4,28,4,4,29,30,4,4,4,4,4,5,4,31,32,4,4,4,4,4,4,4,33,34,35,36,37,4,4,4,4,38,39,40,4,4,4,41,4,4,4,4,4,4,4,4,4,4,42,43,4,4,4,4,2,2,2,2,2,2,2,2,6,6,6,6,6,6,6,6","0.000654935836791992","walktrap","edit-xhwikibooks.graphml"
"0.39","0.54","0.07","0.627879340894865","3,4,3,7,8,9,10,1,11,12,13,14,1,1,1,15,16,17,2,18,4,5,19,1,1,1,1,20,21,22,23,24,25,26,2,2,6,27,4,4,4,4,5,5,5,5,4,5,5,5,4,4,4,4,4,5,5,5,5,4,28,4,4,29,30,4,4,4,4,4,5,4,31,32,4,4,4,4,4,4,4,33,34,35,36,37,4,4,4,4,38,39,40,4,4,4,41,4,4,4,4,4,4,4,4,4,4,42,43,4,4,4,4,2,2,2,2,2,2,2,2,6,6,6,6,6,6,6,6","0.000679969787597656","walktrap","edit-xhwikibooks.graphml"
"0.38","0.55","0.07","0.626570669590152","3,4,3,7,8,9,10,1,11,12,13,14,1,1,1,15,16,17,2,18,4,5,19,1,1,1,1,20,21,22,23,24,25,26,2,2,6,27,4,4,4,4,5,5,5,5,4,5,5,5,4,4,4,4,4,5,5,5,5,4,28,4,4,29,30,4,4,4,4,4,5,4,31,32,4,4,4,4,4,4,4,33,34,35,36,37,4,4,4,4,38,39,40,4,4,4,41,4,4,4,4,4,4,4,4,4,4,42,43,4,4,4,4,2,2,2,2,2,2,2,2,6,6,6,6,6,6,6,6","0.000647068023681641","walktrap","edit-xhwikibooks.graphml"
"0.37","0.56","0.07","0.630020811654525","3,4,3,7,8,9,10,1,11,12,13,14,1,1,1,15,16,17,2,18,4,5,19,1,1,1,1,20,21,22,23,24,25,26,2,2,6,27,4,4,4,4,5,5,5,5,4,5,5,5,4,4,4,4,4,5,5,5,5,4,28,4,4,29,30,4,4,4,4,4,5,4,31,32,4,4,4,4,4,4,4,33,34,35,36,37,4,4,4,4,38,39,40,4,4,4,41,4,4,4,4,4,4,4,4,4,4,42,43,4,4,4,4,2,2,2,2,2,2,2,2,6,6,6,6,6,6,6,6","0.000654935836791992","walktrap","edit-xhwikibooks.graphml"
"0.36","0.57","0.07","0.604466015044367","3,5,3,7,8,9,10,4,11,12,13,14,1,1,1,15,16,17,2,18,5,6,19,4,1,1,1,20,21,22,23,24,25,26,2,2,1,27,5,5,5,5,6,6,6,6,5,6,6,6,5,5,5,5,5,6,6,6,6,5,28,5,5,29,30,5,5,5,5,5,6,5,31,32,5,5,5,5,5,5,5,33,34,35,36,37,5,5,5,5,38,39,40,5,5,5,41,5,5,5,5,5,5,5,5,5,5,42,43,5,5,5,5,2,44,45,2,2,2,2,2,46,47,48,49,50,51,52,53","0.000625848770141602","walktrap","edit-xhwikibooks.graphml"
"0.35","0.58","0.07","0.609366785606424","3,4,3,7,8,9,10,5,11,12,13,14,1,1,1,15,16,17,2,18,4,6,19,5,1,1,1,20,21,22,23,24,25,26,2,2,1,27,4,4,4,4,6,6,6,6,4,6,6,6,4,4,4,4,4,6,6,6,6,4,28,4,4,29,30,4,4,4,4,4,6,4,31,32,4,4,4,4,4,4,4,33,34,35,36,37,4,4,4,4,38,39,40,4,4,4,41,4,4,4,4,4,4,4,4,4,4,42,43,4,4,4,4,2,44,45,2,2,2,2,2,46,47,48,49,50,51,52,53","0.000611066818237305","walktrap","edit-xhwikibooks.graphml"
"0.34","0.59","0.07","0.606704120263574","3,4,3,7,8,9,10,5,11,12,13,14,1,1,1,15,16,17,2,18,4,6,19,5,1,1,1,20,21,22,23,24,25,26,2,2,1,27,4,4,4,4,6,6,6,6,4,6,6,6,4,4,4,4,4,6,6,6,6,4,28,4,4,29,30,4,4,4,4,4,6,4,31,32,4,4,4,4,4,4,4,33,34,35,36,37,4,4,4,4,38,39,40,4,4,4,41,4,4,4,4,4,4,4,4,4,4,42,43,4,4,4,4,2,44,45,2,2,2,2,2,46,47,48,49,50,51,52,53","0.000633955001831055","walktrap","edit-xhwikibooks.graphml"
"0.33","0.6","0.07","0.611171018091909","3,4,3,7,8,9,10,5,11,12,13,14,1,1,1,15,16,17,2,18,4,6,19,5,1,1,1,20,21,22,23,24,25,26,2,2,1,27,4,4,4,4,6,6,6,6,4,6,6,6,4,4,4,4,4,6,6,6,6,4,28,4,4,29,30,4,4,4,4,4,6,4,31,32,4,4,4,4,4,4,4,33,34,35,36,37,4,4,4,4,38,39,40,4,4,4,41,4,4,4,4,4,4,4,4,4,4,42,43,4,4,4,4,2,44,45,2,2,2,2,2,46,47,48,49,50,51,52,53","0.00061798095703125","walktrap","edit-xhwikibooks.graphml"
"0.32","0.61","0.07","0.609851108033241","3,4,3,7,8,9,10,5,11,12,13,14,1,1,1,15,16,17,2,18,4,6,19,5,1,1,1,20,21,22,23,24,25,26,2,2,1,27,4,4,4,4,6,6,6,6,4,6,6,6,4,4,4,4,4,6,6,6,6,4,28,4,4,29,30,4,4,4,4,4,6,4,31,32,4,4,4,4,4,4,4,33,34,35,36,37,4,4,4,4,38,39,40,4,4,4,41,4,4,4,4,4,4,4,4,4,4,42,43,4,4,4,4,2,44,45,2,2,2,2,2,46,47,48,49,50,51,52,53","0.000606060028076172","walktrap","edit-xhwikibooks.graphml"
"0.31","0.62","0.07","0.61194302606826","3,4,3,7,8,9,10,5,11,12,13,14,1,1,1,15,16,17,2,18,4,6,19,5,1,1,1,20,21,22,23,24,25,26,2,2,1,27,4,4,4,4,6,6,6,6,4,6,6,6,4,4,4,4,4,6,6,6,6,4,28,4,4,29,30,4,4,4,4,4,6,4,31,32,4,4,4,4,4,4,4,33,34,35,36,37,4,4,4,4,38,39,40,4,4,4,41,4,4,4,4,4,4,4,4,4,4,42,43,4,4,4,4,2,44,45,2,2,2,2,2,46,47,48,49,50,51,52,53","0.000601053237915039","walktrap","edit-xhwikibooks.graphml"
"0.3","0.63","0.07","0.610630526720492","3,4,3,7,8,9,10,5,11,12,13,14,1,1,1,15,16,17,2,18,4,6,19,5,1,1,1,20,21,22,23,24,25,26,2,2,1,27,4,4,4,4,6,6,6,6,4,6,6,6,4,4,4,4,4,6,6,6,6,4,28,4,4,29,30,4,4,4,4,4,6,4,31,32,4,4,4,4,4,4,4,33,34,35,36,37,4,4,4,4,38,39,40,4,4,4,41,4,4,4,4,4,4,4,4,4,4,42,43,4,4,4,4,2,44,45,2,2,2,2,2,46,47,48,49,50,51,52,53","0.000662088394165039","walktrap","edit-xhwikibooks.graphml"
"0.29","0.64","0.07","0.608685837140553","3,4,3,7,8,9,10,5,11,12,13,14,1,1,1,15,16,17,2,18,4,6,19,5,1,1,1,20,21,22,23,24,25,26,2,2,1,27,4,4,4,4,6,6,6,6,4,6,6,6,4,4,4,4,4,6,6,6,6,4,28,4,4,29,30,4,4,4,4,4,6,4,31,32,4,4,4,4,4,4,4,33,34,35,36,37,4,4,4,4,38,39,40,4,4,4,41,4,4,4,4,4,4,4,4,4,4,42,43,4,4,4,4,2,44,45,2,2,2,2,2,46,47,48,49,50,51,52,53","0.000594139099121094","walktrap","edit-xhwikibooks.graphml"
"0.28","0.65","0.07","0.609788963278126","3,4,3,7,8,9,10,5,11,12,13,14,1,1,1,15,16,17,2,18,4,6,19,5,1,1,1,20,21,22,23,24,25,26,2,2,1,27,4,4,4,4,6,6,6,6,4,6,6,6,4,4,4,4,4,6,6,6,6,4,28,4,4,29,30,4,4,4,4,4,6,4,31,32,4,4,4,4,4,4,4,33,34,35,36,37,4,4,4,4,38,39,40,4,4,4,41,4,4,4,4,4,4,4,4,4,4,42,43,4,4,4,4,2,44,45,2,2,2,2,2,46,47,48,49,50,51,52,53","0.000584125518798828","walktrap","edit-xhwikibooks.graphml"
"0.27","0.66","0.07","0.609788963278126","3,4,3,7,8,9,10,5,11,12,13,14,1,1,1,15,16,17,2,18,4,6,19,5,1,1,1,20,21,22,23,24,25,26,2,2,1,27,4,4,4,4,6,6,6,6,4,6,6,6,4,4,4,4,4,6,6,6,6,4,28,4,4,29,30,4,4,4,4,4,6,4,31,32,4,4,4,4,4,4,4,33,34,35,36,37,4,4,4,4,38,39,40,4,4,4,41,4,4,4,4,4,4,4,4,4,4,42,43,4,4,4,4,2,44,45,2,2,2,2,2,46,47,48,49,50,51,52,53","0.000597953796386719","walktrap","edit-xhwikibooks.graphml"
"0.26","0.67","0.07","0.635517534045753","3,5,3,7,8,9,10,4,11,12,13,14,1,1,1,15,16,17,2,18,5,6,19,4,1,1,1,20,21,22,23,24,25,26,2,2,1,27,5,5,5,5,6,6,6,6,5,6,6,6,5,5,5,5,5,6,6,6,6,5,28,5,5,29,30,5,5,5,5,5,6,5,31,32,5,5,5,5,5,5,5,33,34,35,36,37,5,5,5,5,38,39,40,5,5,5,41,5,5,5,5,5,5,5,5,5,5,42,43,5,5,5,5,2,44,45,2,2,2,2,2,46,47,48,49,50,51,52,53","0.000617027282714844","walktrap","edit-xhwikibooks.graphml"
"0.25","0.68","0.07","0.635517534045753","3,5,3,7,8,9,10,4,11,12,13,14,1,1,1,15,16,17,2,18,5,6,19,4,1,1,1,20,21,22,23,24,25,26,2,2,1,27,5,5,5,5,6,6,6,6,5,6,6,6,5,5,5,5,5,6,6,6,6,5,28,5,5,29,30,5,5,5,5,5,6,5,31,32,5,5,5,5,5,5,5,33,34,35,36,37,5,5,5,5,38,39,40,5,5,5,41,5,5,5,5,5,5,5,5,5,5,42,43,5,5,5,5,2,44,45,2,2,2,2,2,46,47,48,49,50,51,52,53","0.000608921051025391","walktrap","edit-xhwikibooks.graphml"
"0.24","0.69","0.07","0.634262764907169","3,5,3,7,8,9,10,4,11,12,13,14,1,1,1,15,16,17,2,18,5,6,19,4,1,1,1,20,21,22,23,24,25,26,2,2,1,27,5,5,5,5,6,6,6,6,5,6,6,6,5,5,5,5,5,6,6,6,6,5,28,5,5,29,30,5,5,5,5,5,6,5,31,32,5,5,5,5,5,5,5,33,34,35,36,37,5,5,5,5,38,39,40,5,5,5,41,5,5,5,5,5,5,5,5,5,5,42,43,5,5,5,5,2,44,45,2,2,2,2,2,46,47,48,49,50,51,52,53","0.00061798095703125","walktrap","edit-xhwikibooks.graphml"
"0.23","0.7","0.07","0.636088248742571","3,5,3,7,8,9,10,4,11,12,13,14,1,1,1,15,16,17,2,18,5,6,19,4,1,1,1,20,21,22,23,24,25,26,2,2,1,27,5,5,5,5,6,6,6,6,5,6,6,6,5,5,5,5,5,6,6,6,6,5,28,5,5,29,30,5,5,5,5,5,6,5,31,32,5,5,5,5,5,5,5,33,34,35,36,37,5,5,5,5,38,39,40,5,5,5,41,5,5,5,5,5,5,5,5,5,5,42,43,5,5,5,5,2,44,45,2,2,2,2,2,46,47,48,49,50,51,52,53","0.000609874725341797","walktrap","edit-xhwikibooks.graphml"
"0.22","0.71","0.07","0.608141082519963","2,4,2,6,7,8,9,3,10,11,12,13,1,1,1,14,15,16,17,18,4,5,19,3,1,1,1,20,21,22,23,24,25,26,1,1,1,27,4,4,4,4,5,5,5,5,4,5,5,5,4,4,4,4,4,5,5,5,5,4,28,4,4,29,30,4,4,4,4,4,5,4,31,32,4,4,4,4,4,4,4,33,34,35,36,37,4,4,4,4,38,39,40,4,4,4,41,4,4,4,4,4,4,4,4,4,4,42,43,4,4,4,4,1,44,45,1,1,1,1,1,46,47,48,49,50,51,52,53","0.000597953796386719","walktrap","edit-xhwikibooks.graphml"
"0.21","0.72","0.07","0.609953703703705","2,4,2,6,7,8,9,3,10,11,12,13,1,1,1,14,15,16,17,18,4,5,19,3,1,1,1,20,21,22,23,24,25,26,1,1,1,27,4,4,4,4,5,5,5,5,4,5,5,5,4,4,4,4,4,5,5,5,5,4,28,4,4,29,30,4,4,4,4,4,5,4,31,32,4,4,4,4,4,4,4,33,34,35,36,37,4,4,4,4,38,39,40,4,4,4,41,4,4,4,4,4,4,4,4,4,4,42,43,4,4,4,4,1,44,45,1,1,1,1,1,46,47,48,49,50,51,52,53","0.000611066818237305","walktrap","edit-xhwikibooks.graphml"
"0.2","0.73","0.07","0.608856804733729","2,4,2,6,7,8,9,3,10,11,12,13,1,1,1,14,15,16,17,18,4,5,19,3,1,1,1,20,21,22,23,24,25,26,1,1,1,27,4,4,4,4,5,5,5,5,4,5,5,5,4,4,4,4,4,5,5,5,5,4,28,4,4,29,30,4,4,4,4,4,5,4,31,32,4,4,4,4,4,4,4,33,34,35,36,37,4,4,4,4,38,39,40,4,4,4,41,4,4,4,4,4,4,4,4,4,4,42,43,4,4,4,4,1,44,45,1,1,1,1,1,46,47,48,49,50,51,52,53","0.000612020492553711","walktrap","edit-xhwikibooks.graphml"
"0.19","0.74","0.07","0.608856804733729","2,4,2,6,7,8,9,3,10,11,12,13,1,1,1,14,15,16,17,18,4,5,19,3,1,1,1,20,21,22,23,24,25,26,1,1,1,27,4,4,4,4,5,5,5,5,4,5,5,5,4,4,4,4,4,5,5,5,5,4,28,4,4,29,30,4,4,4,4,4,5,4,31,32,4,4,4,4,4,4,4,33,34,35,36,37,4,4,4,4,38,39,40,4,4,4,41,4,4,4,4,4,4,4,4,4,4,42,43,4,4,4,4,1,44,45,1,1,1,1,1,46,47,48,49,50,51,52,53","0.000614166259765625","walktrap","edit-xhwikibooks.graphml"
"0.18","0.75","0.07","0.613210336194232","3,4,3,6,7,8,9,2,10,11,12,13,1,1,1,14,15,16,17,18,4,5,19,2,1,1,1,20,21,22,23,24,25,26,1,1,1,27,4,4,4,4,5,5,5,5,4,5,5,5,4,4,4,4,4,5,5,5,5,4,28,4,4,29,30,4,4,4,4,4,5,4,31,32,4,4,4,4,4,4,4,33,34,35,36,37,4,4,4,4,38,39,40,4,4,4,41,4,4,4,4,4,4,4,4,4,4,42,43,4,4,4,4,1,44,45,1,1,1,1,1,46,47,48,49,50,51,52,53","0.000638008117675781","walktrap","edit-xhwikibooks.graphml"
"0.17","0.76","0.07","0.613210336194232","3,4,3,6,7,8,9,2,10,11,12,13,1,1,1,14,15,16,17,18,4,5,19,2,1,1,1,20,21,22,23,24,25,26,1,1,1,27,4,4,4,4,5,5,5,5,4,5,5,5,4,4,4,4,4,5,5,5,5,4,28,4,4,29,30,4,4,4,4,4,5,4,31,32,4,4,4,4,4,4,4,33,34,35,36,37,4,4,4,4,38,39,40,4,4,4,41,4,4,4,4,4,4,4,4,4,4,42,43,4,4,4,4,1,44,45,1,1,1,1,1,46,47,48,49,50,51,52,53","0.000645160675048828","walktrap","edit-xhwikibooks.graphml"
"0.16","0.77","0.07","0.615128558310377","3,4,3,6,7,8,9,2,10,11,12,13,1,1,1,14,15,16,17,18,4,5,19,2,1,1,1,20,21,22,23,24,25,26,1,1,1,27,4,4,4,4,5,5,5,5,4,5,5,5,4,4,4,4,4,5,5,5,5,4,28,4,4,29,30,4,4,4,4,4,5,4,31,32,4,4,4,4,4,4,4,33,34,35,36,37,4,4,4,4,38,39,40,4,4,4,41,4,4,4,4,4,4,4,4,4,4,42,43,4,4,4,4,1,44,45,1,1,1,1,1,46,47,48,49,50,51,52,53","0.000659942626953125","walktrap","edit-xhwikibooks.graphml"
"0.15","0.78","0.07","0.627771628683409","3,4,3,7,8,9,10,2,11,12,13,14,1,1,1,15,16,17,18,19,4,6,20,2,5,5,5,21,22,23,24,25,26,27,1,1,1,28,4,4,4,4,6,6,6,6,4,6,6,6,4,4,4,4,4,6,6,6,6,4,29,4,4,30,31,4,4,4,4,4,6,4,32,33,4,4,4,4,4,4,4,34,35,36,37,38,4,4,4,4,39,40,41,4,4,4,42,4,4,4,4,4,4,4,4,4,4,43,44,4,4,4,4,1,45,46,1,1,1,1,1,47,48,49,50,51,52,53,54","0.000671148300170898","walktrap","edit-xhwikibooks.graphml"
"0.14","0.79","0.07","0.626622117613109","3,4,3,7,8,9,10,2,11,12,13,14,1,1,1,15,16,17,18,19,4,6,20,2,5,5,5,21,22,23,24,25,26,27,1,1,1,28,4,4,4,4,6,6,6,6,4,6,6,6,4,4,4,4,4,6,6,6,6,4,29,4,4,30,31,4,4,4,4,4,6,4,32,33,4,4,4,4,4,4,4,34,35,36,37,38,4,4,4,4,39,40,41,4,4,4,42,4,4,4,4,4,4,4,4,4,4,43,44,4,4,4,4,1,45,46,1,1,1,1,1,47,48,49,50,51,52,53,54","0.000607013702392578","walktrap","edit-xhwikibooks.graphml"
"0.13","0.8","0.07","0.628556370464852","3,4,3,7,8,9,10,2,11,12,13,14,1,1,1,15,16,17,18,19,4,6,20,2,5,5,5,21,22,23,24,25,26,27,1,1,1,28,4,4,4,4,6,6,6,6,4,6,6,6,4,4,4,4,4,6,6,6,6,4,29,4,4,30,31,4,4,4,4,4,6,4,32,33,4,4,4,4,4,4,4,34,35,36,37,38,4,4,4,4,39,40,41,4,4,4,42,4,4,4,4,4,4,4,4,4,4,43,44,4,4,4,4,1,45,46,1,1,1,1,1,47,48,49,50,51,52,53,54","0.00067591667175293","walktrap","edit-xhwikibooks.graphml"
"0.12","0.81","0.07","0.628556370464852","3,4,3,7,8,9,10,2,11,12,13,14,1,1,1,15,16,17,18,19,4,6,20,2,5,5,5,21,22,23,24,25,26,27,1,1,1,28,4,4,4,4,6,6,6,6,4,6,6,6,4,4,4,4,4,6,6,6,6,4,29,4,4,30,31,4,4,4,4,4,6,4,32,33,4,4,4,4,4,4,4,34,35,36,37,38,4,4,4,4,39,40,41,4,4,4,42,4,4,4,4,4,4,4,4,4,4,43,44,4,4,4,4,1,45,46,1,1,1,1,1,47,48,49,50,51,52,53,54","0.000602960586547852","walktrap","edit-xhwikibooks.graphml"
"0.11","0.82","0.07","0.627420334774454","3,4,3,7,8,9,10,2,11,12,13,14,1,1,1,15,16,17,18,19,4,6,20,2,5,5,5,21,22,23,24,25,26,27,1,1,1,28,4,4,4,4,6,6,6,6,4,6,6,6,4,4,4,4,4,6,6,6,6,4,29,4,4,30,31,4,4,4,4,4,6,4,32,33,4,4,4,4,4,4,4,34,35,36,37,38,4,4,4,4,39,40,41,4,4,4,42,4,4,4,4,4,4,4,4,4,4,43,44,4,4,4,4,1,45,46,1,1,1,1,1,47,48,49,50,51,52,53,54","0.000605106353759766","walktrap","edit-xhwikibooks.graphml"
"0.1","0.83","0.07","0.627420334774454","3,4,3,7,8,9,10,2,11,12,13,14,1,1,1,15,16,17,18,19,4,6,20,2,5,5,5,21,22,23,24,25,26,27,1,1,1,28,4,4,4,4,6,6,6,6,4,6,6,6,4,4,4,4,4,6,6,6,6,4,29,4,4,30,31,4,4,4,4,4,6,4,32,33,4,4,4,4,4,4,4,34,35,36,37,38,4,4,4,4,39,40,41,4,4,4,42,4,4,4,4,4,4,4,4,4,4,43,44,4,4,4,4,1,45,46,1,1,1,1,1,47,48,49,50,51,52,53,54","0.0005950927734375","walktrap","edit-xhwikibooks.graphml"
"0.09","0.84","0.07","0.627209126269351","3,4,3,7,8,9,10,2,11,12,13,14,1,1,1,15,16,17,18,19,4,6,20,2,5,5,5,21,22,23,24,25,26,27,1,1,1,28,4,4,4,4,6,6,6,6,4,6,6,6,4,4,4,4,4,6,6,6,6,4,29,4,4,30,31,4,4,4,4,4,6,4,32,33,4,4,4,4,4,4,4,34,35,36,37,38,4,4,4,4,39,40,41,4,4,4,42,4,4,4,4,4,4,4,4,4,4,43,44,4,4,4,4,1,45,46,1,1,1,1,1,47,48,49,50,51,52,53,54","0.000611066818237305","walktrap","edit-xhwikibooks.graphml"
"0.08","0.85","0.07","0.577144049456041","5,2,5,7,8,9,10,4,11,12,13,14,1,1,1,15,16,17,18,19,2,2,20,4,6,6,6,21,22,23,24,25,26,27,3,3,1,28,2,2,2,2,29,30,31,32,2,33,34,35,2,2,2,2,2,36,37,38,39,2,40,2,2,41,42,2,2,2,2,2,43,2,44,45,2,2,2,2,2,2,2,46,47,48,49,50,2,2,2,2,51,52,53,2,2,2,54,2,2,2,2,2,2,2,2,2,2,55,56,2,2,2,2,3,57,58,3,3,3,3,3,59,60,61,62,63,64,65,66","0.000581026077270508","walktrap","edit-xhwikibooks.graphml"
"0.07","0.86","0.07","0.582243786982249","5,2,5,7,8,9,10,4,11,12,13,14,1,1,1,15,16,17,18,19,2,2,20,4,6,6,6,21,22,23,24,25,26,27,3,3,1,28,2,2,2,2,29,30,31,32,2,33,34,35,2,2,2,2,2,36,37,38,39,2,40,2,2,41,42,2,2,2,2,2,43,2,44,45,2,2,2,2,2,2,2,46,47,48,49,50,2,2,2,2,51,52,53,2,2,2,54,2,2,2,2,2,2,2,2,2,2,55,56,2,2,2,2,3,57,58,3,3,3,3,3,59,60,61,62,63,64,65,66","0.000582218170166016","walktrap","edit-xhwikibooks.graphml"
"0.06","0.87","0.07","0.582243786982249","5,2,5,7,8,9,10,4,11,12,13,14,1,1,1,15,16,17,18,19,2,2,20,4,6,6,6,21,22,23,24,25,26,27,3,3,1,28,2,2,2,2,29,30,31,32,2,33,34,35,2,2,2,2,2,36,37,38,39,2,40,2,2,41,42,2,2,2,2,2,43,2,44,45,2,2,2,2,2,2,2,46,47,48,49,50,2,2,2,2,51,52,53,2,2,2,54,2,2,2,2,2,2,2,2,2,2,55,56,2,2,2,2,3,57,58,3,3,3,3,3,59,60,61,62,63,64,65,66","0.000602006912231445","walktrap","edit-xhwikibooks.graphml"
"0.05","0.88","0.07","0.580973126576085","5,2,5,7,8,9,10,4,11,12,13,14,1,1,1,15,16,17,18,19,2,2,20,4,6,6,6,21,22,23,24,25,26,27,3,3,1,28,2,2,2,2,29,30,31,32,2,33,34,35,2,2,2,2,2,36,37,38,39,2,40,2,2,41,42,2,2,2,2,2,43,2,44,45,2,2,2,2,2,2,2,46,47,48,49,50,2,2,2,2,51,52,53,2,2,2,54,2,2,2,2,2,2,2,2,2,2,55,56,2,2,2,2,3,57,58,3,3,3,3,3,59,60,61,62,63,64,65,66","0.000593900680541992","walktrap","edit-xhwikibooks.graphml"
"0.04","0.89","0.07","0.584766322129684","5,2,5,7,8,9,10,4,11,12,13,14,1,1,1,15,16,17,18,19,2,2,20,4,6,6,6,21,22,23,24,25,26,27,3,3,1,28,2,2,2,2,29,30,31,32,2,33,34,35,2,2,2,2,2,36,37,38,39,2,40,2,2,41,42,2,2,2,2,2,43,2,44,45,2,2,2,2,2,2,2,46,47,48,49,50,2,2,2,2,51,52,53,2,2,2,54,2,2,2,2,2,2,2,2,2,2,55,56,2,2,2,2,3,57,58,3,3,3,3,3,59,60,61,62,63,64,65,66","0.000633001327514648","walktrap","edit-xhwikibooks.graphml"
"0.03","0.9","0.07","0.583508097670937","5,2,5,7,8,9,10,4,11,12,13,14,1,1,1,15,16,17,18,19,2,2,20,4,6,6,6,21,22,23,24,25,26,27,3,3,1,28,2,2,2,2,29,30,31,32,2,33,34,35,2,2,2,2,2,36,37,38,39,2,40,2,2,41,42,2,2,2,2,2,43,2,44,45,2,2,2,2,2,2,2,46,47,48,49,50,2,2,2,2,51,52,53,2,2,2,54,2,2,2,2,2,2,2,2,2,2,55,56,2,2,2,2,3,57,58,3,3,3,3,3,59,60,61,62,63,64,65,66","0.000718832015991211","walktrap","edit-xhwikibooks.graphml"
"0.02","0.91","0.07","0.583508097670937","5,2,5,7,8,9,10,4,11,12,13,14,1,1,1,15,16,17,18,19,2,2,20,4,6,6,6,21,22,23,24,25,26,27,3,3,1,28,2,2,2,2,29,30,31,32,2,33,34,35,2,2,2,2,2,36,37,38,39,2,40,2,2,41,42,2,2,2,2,2,43,2,44,45,2,2,2,2,2,2,2,46,47,48,49,50,2,2,2,2,51,52,53,2,2,2,54,2,2,2,2,2,2,2,2,2,2,55,56,2,2,2,2,3,57,58,3,3,3,3,3,59,60,61,62,63,64,65,66","0.000724077224731445","walktrap","edit-xhwikibooks.graphml"
"0.01","0.92","0.07","0.582254361799817","5,2,5,7,8,9,10,4,11,12,13,14,1,1,1,15,16,17,18,19,2,2,20,4,6,6,6,21,22,23,24,25,26,27,3,3,1,28,2,2,2,2,29,30,31,32,2,33,34,35,2,2,2,2,2,36,37,38,39,2,40,2,2,41,42,2,2,2,2,2,43,2,44,45,2,2,2,2,2,2,2,46,47,48,49,50,2,2,2,2,51,52,53,2,2,2,54,2,2,2,2,2,2,2,2,2,2,55,56,2,2,2,2,3,57,58,3,3,3,3,3,59,60,61,62,63,64,65,66","0.000720024108886719","walktrap","edit-xhwikibooks.graphml"
"0","0.93","0.07","0.640090508035434","2,2,2,2,2,7,8,4,9,10,11,12,1,1,1,13,14,15,16,17,6,2,18,4,5,5,5,19,2,20,21,22,23,24,3,3,1,25,6,6,6,6,26,27,28,29,6,30,31,32,6,6,6,6,6,33,34,35,36,6,37,6,6,38,39,6,6,6,6,6,40,6,41,42,6,6,6,6,6,6,6,43,44,45,46,47,6,6,6,6,48,49,50,6,6,6,51,6,6,6,6,6,6,6,6,6,6,52,53,6,6,6,6,3,54,55,3,3,3,3,3,56,57,58,59,60,61,62,63","0.000777006149291992","walktrap","edit-xhwikibooks.graphml"
"0.92","0","0.08","0.480795039104077","3,7,3,3,3,1,3,1,1,4,3,3,1,1,1,2,4,5,3,3,7,11,10,1,1,1,1,2,6,4,5,9,13,3,8,8,12,1,7,7,7,7,11,11,11,11,7,11,11,11,7,7,7,7,7,11,11,11,11,7,10,7,7,1,1,7,7,7,7,7,11,7,1,1,7,7,7,7,7,7,7,1,2,2,2,6,7,7,7,7,4,5,9,7,7,7,2,7,7,7,7,7,7,7,7,7,7,13,13,7,7,7,7,8,8,8,8,8,8,8,8,12,12,12,12,12,12,12,12","0.000817060470581055","walktrap","edit-xhwikibooks.graphml"
"0.91","0.01","0.08","0.480795039104077","3,7,3,3,3,1,3,1,1,4,3,3,1,1,1,2,4,5,3,3,7,11,10,1,1,1,1,2,6,4,5,9,13,3,8,8,12,1,7,7,7,7,11,11,11,11,7,11,11,11,7,7,7,7,7,11,11,11,11,7,10,7,7,1,1,7,7,7,7,7,11,7,1,1,7,7,7,7,7,7,7,1,2,2,2,6,7,7,7,7,4,5,9,7,7,7,2,7,7,7,7,7,7,7,7,7,7,13,13,7,7,7,7,8,8,8,8,8,8,8,8,12,12,12,12,12,12,12,12","0.000741958618164062","walktrap","edit-xhwikibooks.graphml"
"0.9","0.02","0.08","0.480795039104077","3,7,3,3,3,1,3,1,1,4,3,3,1,1,1,2,4,5,3,3,7,11,10,1,1,1,1,2,6,4,5,9,13,3,8,8,12,1,7,7,7,7,11,11,11,11,7,11,11,11,7,7,7,7,7,11,11,11,11,7,10,7,7,1,1,7,7,7,7,7,11,7,1,1,7,7,7,7,7,7,7,1,2,2,2,6,7,7,7,7,4,5,9,7,7,7,2,7,7,7,7,7,7,7,7,7,7,13,13,7,7,7,7,8,8,8,8,8,8,8,8,12,12,12,12,12,12,12,12","0.000756978988647461","walktrap","edit-xhwikibooks.graphml"
"0.89","0.03","0.08","0.479597816719333","3,7,3,3,3,1,3,1,1,4,3,3,1,1,1,2,4,5,3,3,7,11,10,1,1,1,1,2,6,4,5,9,13,3,8,8,12,1,7,7,7,7,11,11,11,11,7,11,11,11,7,7,7,7,7,11,11,11,11,7,10,7,7,1,1,7,7,7,7,7,11,7,1,1,7,7,7,7,7,7,7,1,2,2,2,6,7,7,7,7,4,5,9,7,7,7,2,7,7,7,7,7,7,7,7,7,7,13,13,7,7,7,7,8,8,8,8,8,8,8,8,12,12,12,12,12,12,12,12","0.000905990600585938","walktrap","edit-xhwikibooks.graphml"
"0.88","0.04","0.08","0.479597816719333","3,7,3,3,3,1,3,1,1,4,3,3,1,1,1,2,4,5,3,3,7,11,10,1,1,1,1,2,6,4,5,9,13,3,8,8,12,1,7,7,7,7,11,11,11,11,7,11,11,11,7,7,7,7,7,11,11,11,11,7,10,7,7,1,1,7,7,7,7,7,11,7,1,1,7,7,7,7,7,7,7,1,2,2,2,6,7,7,7,7,4,5,9,7,7,7,2,7,7,7,7,7,7,7,7,7,7,13,13,7,7,7,7,8,8,8,8,8,8,8,8,12,12,12,12,12,12,12,12","0.000746011734008789","walktrap","edit-xhwikibooks.graphml"
"0.87","0.05","0.08","0.4784057706355","3,7,3,3,3,1,3,1,1,4,3,3,1,1,1,2,4,5,3,3,7,11,10,1,1,1,1,2,6,4,5,9,13,3,8,8,12,1,7,7,7,7,11,11,11,11,7,11,11,11,7,7,7,7,7,11,11,11,11,7,10,7,7,1,1,7,7,7,7,7,11,7,1,1,7,7,7,7,7,7,7,1,2,2,2,6,7,7,7,7,4,5,9,7,7,7,2,7,7,7,7,7,7,7,7,7,7,13,13,7,7,7,7,8,8,8,8,8,8,8,8,12,12,12,12,12,12,12,12","0.000746965408325195","walktrap","edit-xhwikibooks.graphml"
"0.86","0.06","0.08","0.4784057706355","3,7,3,3,3,1,3,1,1,4,3,3,1,1,1,2,4,5,3,3,7,11,10,1,1,1,1,2,6,4,5,9,13,3,8,8,12,1,7,7,7,7,11,11,11,11,7,11,11,11,7,7,7,7,7,11,11,11,11,7,10,7,7,1,1,7,7,7,7,7,11,7,1,1,7,7,7,7,7,7,7,1,2,2,2,6,7,7,7,7,4,5,9,7,7,7,2,7,7,7,7,7,7,7,7,7,7,13,13,7,7,7,7,8,8,8,8,8,8,8,8,12,12,12,12,12,12,12,12","0.000735044479370117","walktrap","edit-xhwikibooks.graphml"
"0.85","0.07","0.08","0.477218877892279","3,7,3,3,3,1,3,1,1,4,3,3,1,1,1,2,4,5,3,3,7,11,10,1,1,1,1,2,6,4,5,9,13,3,8,8,12,1,7,7,7,7,11,11,11,11,7,11,11,11,7,7,7,7,7,11,11,11,11,7,10,7,7,1,1,7,7,7,7,7,11,7,1,1,7,7,7,7,7,7,7,1,2,2,2,6,7,7,7,7,4,5,9,7,7,7,2,7,7,7,7,7,7,7,7,7,7,13,13,7,7,7,7,8,8,8,8,8,8,8,8,12,12,12,12,12,12,12,12","0.000735998153686523","walktrap","edit-xhwikibooks.graphml"
"0.84","0.08","0.08","0.480226115940723","3,7,3,3,3,1,3,1,1,4,3,3,1,1,1,2,4,5,3,3,7,11,10,1,1,1,1,2,6,4,5,9,13,3,8,8,12,1,7,7,7,7,11,11,11,11,7,11,11,11,7,7,7,7,7,11,11,11,11,7,10,7,7,1,1,7,7,7,7,7,11,7,1,1,7,7,7,7,7,7,7,1,2,2,2,6,7,7,7,7,4,5,9,7,7,7,2,7,7,7,7,7,7,7,7,7,7,13,13,7,7,7,7,8,8,8,8,8,8,8,8,12,12,12,12,12,12,12,12","0.000747203826904297","walktrap","edit-xhwikibooks.graphml"
"0.83","0.09","0.08","0.470587892695314","4,6,4,4,4,1,4,1,1,5,4,4,1,1,1,3,5,7,2,4,6,8,1,1,1,1,1,3,6,5,7,2,10,4,2,2,9,1,6,6,6,6,8,8,8,8,6,8,8,8,6,6,6,6,6,8,8,8,8,6,11,6,6,1,1,6,6,6,6,6,8,6,1,1,6,6,6,6,6,6,6,1,3,3,3,12,6,6,6,6,13,14,15,6,6,6,3,6,6,6,6,6,6,6,6,6,6,10,10,6,6,6,6,2,2,2,2,2,2,2,2,9,9,9,9,9,9,9,9","0.000752925872802734","walktrap","edit-xhwikibooks.graphml"
"0.82","0.1","0.08","0.470587892695314","4,6,4,4,4,1,4,1,1,5,4,4,1,1,1,3,5,7,2,4,6,8,1,1,1,1,1,3,6,5,7,2,10,4,2,2,9,1,6,6,6,6,8,8,8,8,6,8,8,8,6,6,6,6,6,8,8,8,8,6,11,6,6,1,1,6,6,6,6,6,8,6,1,1,6,6,6,6,6,6,6,1,3,3,3,12,6,6,6,6,13,14,15,6,6,6,3,6,6,6,6,6,6,6,6,6,6,10,10,6,6,6,6,2,2,2,2,2,2,2,2,9,9,9,9,9,9,9,9","0.000783920288085938","walktrap","edit-xhwikibooks.graphml"
"0.81","0.11","0.08","0.469393539728817","4,6,4,4,4,1,4,1,1,5,4,4,1,1,1,3,5,7,2,4,6,8,1,1,1,1,1,3,6,5,7,2,10,4,2,2,9,1,6,6,6,6,8,8,8,8,6,8,8,8,6,6,6,6,6,8,8,8,8,6,11,6,6,1,1,6,6,6,6,6,8,6,1,1,6,6,6,6,6,6,6,1,3,3,3,12,6,6,6,6,13,14,15,6,6,6,3,6,6,6,6,6,6,6,6,6,6,10,10,6,6,6,6,2,2,2,2,2,2,2,2,9,9,9,9,9,9,9,9","0.000776052474975586","walktrap","edit-xhwikibooks.graphml"
"0.8","0.12","0.08","0.475466809715121","4,6,4,4,4,1,4,1,1,5,4,4,1,1,1,3,5,7,2,4,6,8,1,1,1,1,1,3,6,5,7,2,10,4,2,2,9,1,6,6,6,6,8,8,8,8,6,8,8,8,6,6,6,6,6,8,8,8,8,6,11,6,6,1,1,6,6,6,6,6,8,6,1,1,6,6,6,6,6,6,6,1,3,3,3,12,6,6,6,6,13,14,15,6,6,6,3,6,6,6,6,6,6,6,6,6,6,10,10,6,6,6,6,2,2,2,2,2,2,2,2,9,9,9,9,9,9,9,9","0.000802993774414062","walktrap","edit-xhwikibooks.graphml"
"0.79","0.13","0.08","0.456593341260404","4,6,4,4,4,1,4,1,1,5,4,4,1,1,1,3,5,7,2,4,6,8,1,1,1,1,1,3,6,5,7,2,10,4,2,2,9,1,6,6,6,6,8,8,8,8,6,8,8,8,6,6,6,6,6,8,8,8,8,6,11,6,6,1,1,6,6,6,6,6,8,6,1,1,6,6,6,6,6,6,6,1,3,3,3,12,6,6,6,6,13,14,15,6,6,6,3,6,6,6,6,6,6,6,6,6,6,10,10,6,6,6,6,2,2,2,2,2,2,2,2,9,9,9,9,9,9,9,9","0.000735998153686523","walktrap","edit-xhwikibooks.graphml"
"0.78","0.14","0.08","0.456593341260404","4,6,4,4,4,1,4,1,1,5,4,4,1,1,1,3,5,7,2,4,6,8,1,1,1,1,1,3,6,5,7,2,10,4,2,2,9,1,6,6,6,6,8,8,8,8,6,8,8,8,6,6,6,6,6,8,8,8,8,6,11,6,6,1,1,6,6,6,6,6,8,6,1,1,6,6,6,6,6,6,6,1,3,3,3,12,6,6,6,6,13,14,15,6,6,6,3,6,6,6,6,6,6,6,6,6,6,10,10,6,6,6,6,2,2,2,2,2,2,2,2,9,9,9,9,9,9,9,9","0.000800132751464844","walktrap","edit-xhwikibooks.graphml"
"0.77","0.15","0.08","0.461525469137672","4,6,4,4,4,1,4,1,1,5,4,4,1,1,1,3,5,7,2,4,6,8,1,1,1,1,1,3,6,5,7,2,10,4,2,2,9,1,6,6,6,6,8,8,8,8,6,8,8,8,6,6,6,6,6,8,8,8,8,6,11,6,6,1,1,6,6,6,6,6,8,6,1,1,6,6,6,6,6,6,6,1,3,3,3,12,6,6,6,6,13,14,15,6,6,6,3,6,6,6,6,6,6,6,6,6,6,10,10,6,6,6,6,2,2,2,2,2,2,2,2,9,9,9,9,9,9,9,9","0.000739097595214844","walktrap","edit-xhwikibooks.graphml"
"0.76","0.16","0.08","0.464696422786802","4,6,4,4,4,1,4,1,1,5,4,4,1,1,1,3,5,7,2,4,6,8,1,1,1,1,1,3,6,5,7,2,10,4,2,2,9,1,6,6,6,6,8,8,8,8,6,8,8,8,6,6,6,6,6,8,8,8,8,6,11,6,6,1,1,6,6,6,6,6,8,6,1,1,6,6,6,6,6,6,6,1,3,3,3,12,6,6,6,6,13,14,15,6,6,6,3,6,6,6,6,6,6,6,6,6,6,10,10,6,6,6,6,2,2,2,2,2,2,2,2,9,9,9,9,9,9,9,9","0.00072789192199707","walktrap","edit-xhwikibooks.graphml"
"0.75","0.17","0.08","0.442417722138002","1,3,1,1,1,1,1,2,1,1,1,1,2,2,2,1,9,1,1,8,3,5,2,2,2,2,2,7,3,10,11,1,8,8,4,4,6,2,3,3,3,3,5,5,5,5,3,5,5,5,3,3,3,3,3,5,5,5,5,3,12,3,3,13,14,3,3,3,3,3,5,3,2,2,3,3,3,3,3,3,3,15,7,7,7,16,3,3,3,3,17,18,19,3,3,3,20,3,3,3,3,3,3,3,3,3,3,21,22,3,3,3,3,4,4,4,4,4,4,4,4,6,6,6,6,6,6,6,6","0.000708103179931641","walktrap","edit-xhwikibooks.graphml"
"0.74","0.18","0.08","0.442417722138002","1,3,1,1,1,1,1,2,1,1,1,1,2,2,2,1,9,1,1,8,3,5,2,2,2,2,2,7,3,10,11,1,8,8,4,4,6,2,3,3,3,3,5,5,5,5,3,5,5,5,3,3,3,3,3,5,5,5,5,3,12,3,3,13,14,3,3,3,3,3,5,3,2,2,3,3,3,3,3,3,3,15,7,7,7,16,3,3,3,3,17,18,19,3,3,3,20,3,3,3,3,3,3,3,3,3,3,21,22,3,3,3,3,4,4,4,4,4,4,4,4,6,6,6,6,6,6,6,6","0.00090789794921875","walktrap","edit-xhwikibooks.graphml"
"0.73","0.19","0.08","0.440031828703704","1,3,1,1,1,1,1,2,1,1,1,1,2,2,2,1,9,1,1,8,3,5,2,2,2,2,2,7,3,10,11,1,8,8,4,4,6,2,3,3,3,3,5,5,5,5,3,5,5,5,3,3,3,3,3,5,5,5,5,3,12,3,3,13,14,3,3,3,3,3,5,3,2,2,3,3,3,3,3,3,3,15,7,7,7,16,3,3,3,3,17,18,19,3,3,3,20,3,3,3,3,3,3,3,3,3,3,21,22,3,3,3,3,4,4,4,4,4,4,4,4,6,6,6,6,6,6,6,6","0.000710010528564453","walktrap","edit-xhwikibooks.graphml"
"0.72","0.2","0.08","0.446623067776457","1,3,1,1,1,1,1,2,1,1,1,1,2,2,2,1,9,1,1,8,3,5,2,2,2,2,2,7,3,10,11,1,8,8,4,4,6,2,3,3,3,3,5,5,5,5,3,5,5,5,3,3,3,3,3,5,5,5,5,3,12,3,3,13,14,3,3,3,3,3,5,3,2,2,3,3,3,3,3,3,3,15,7,7,7,16,3,3,3,3,17,18,19,3,3,3,20,3,3,3,3,3,3,3,3,3,3,21,22,3,3,3,3,4,4,4,4,4,4,4,4,6,6,6,6,6,6,6,6","0.000699996948242188","walktrap","edit-xhwikibooks.graphml"
"0.71","0.21","0.08","0.445436402498789","1,3,1,1,1,1,1,2,1,1,1,1,2,2,2,1,9,1,1,8,3,5,2,2,2,2,2,7,3,10,11,1,8,8,4,4,6,2,3,3,3,3,5,5,5,5,3,5,5,5,3,3,3,3,3,5,5,5,5,3,12,3,3,13,14,3,3,3,3,3,5,3,2,2,3,3,3,3,3,3,3,15,7,7,7,16,3,3,3,3,17,18,19,3,3,3,20,3,3,3,3,3,3,3,3,3,3,21,22,3,3,3,3,4,4,4,4,4,4,4,4,6,6,6,6,6,6,6,6","0.000720024108886719","walktrap","edit-xhwikibooks.graphml"
"0.7","0.22","0.08","0.445436402498789","1,3,1,1,1,1,1,2,1,1,1,1,2,2,2,1,9,1,1,8,3,5,2,2,2,2,2,7,3,10,11,1,8,8,4,4,6,2,3,3,3,3,5,5,5,5,3,5,5,5,3,3,3,3,3,5,5,5,5,3,12,3,3,13,14,3,3,3,3,3,5,3,2,2,3,3,3,3,3,3,3,15,7,7,7,16,3,3,3,3,17,18,19,3,3,3,20,3,3,3,3,3,3,3,3,3,3,21,22,3,3,3,3,4,4,4,4,4,4,4,4,6,6,6,6,6,6,6,6","0.000705957412719727","walktrap","edit-xhwikibooks.graphml"
"0.69","0.23","0.08","0.450876949419223","1,3,1,1,1,1,1,2,1,1,1,1,2,2,2,1,9,1,1,8,3,5,2,2,2,2,2,7,3,10,11,1,8,8,4,4,6,2,3,3,3,3,5,5,5,5,3,5,5,5,3,3,3,3,3,5,5,5,5,3,12,3,3,13,14,3,3,3,3,3,5,3,2,2,3,3,3,3,3,3,3,15,7,7,7,16,3,3,3,3,17,18,19,3,3,3,20,3,3,3,3,3,3,3,3,3,3,21,22,3,3,3,3,4,4,4,4,4,4,4,4,6,6,6,6,6,6,6,6","0.000699043273925781","walktrap","edit-xhwikibooks.graphml"
"0.68","0.24","0.08","0.454110887675955","1,3,1,1,1,1,1,2,1,1,1,1,2,2,2,1,9,1,1,8,3,5,2,2,2,2,2,7,3,10,11,1,8,8,4,4,6,2,3,3,3,3,5,5,5,5,3,5,5,5,3,3,3,3,3,5,5,5,5,3,12,3,3,13,14,3,3,3,3,3,5,3,2,2,3,3,3,3,3,3,3,15,7,7,7,16,3,3,3,3,17,18,19,3,3,3,20,3,3,3,3,3,3,3,3,3,3,21,22,3,3,3,3,4,4,4,4,4,4,4,4,6,6,6,6,6,6,6,6","0.000721931457519531","walktrap","edit-xhwikibooks.graphml"
"0.67","0.25","0.08","0.418713450292398","3,3,3,2,7,2,1,2,2,2,1,8,2,2,2,2,9,10,1,6,3,4,11,2,2,2,2,2,3,12,13,14,6,15,1,1,5,2,3,3,3,3,4,4,4,4,3,4,4,4,3,3,3,3,3,4,4,4,4,3,16,3,3,17,18,3,3,3,3,3,4,3,19,20,3,3,3,3,3,3,3,21,22,23,24,25,3,3,3,3,26,27,28,3,3,3,29,3,3,3,3,3,3,3,3,3,3,30,31,3,3,3,3,1,1,1,1,1,1,1,1,5,5,5,5,5,5,5,5","0.000685214996337891","walktrap","edit-xhwikibooks.graphml"
"0.66","0.26","0.08","0.418713450292398","3,3,3,2,7,2,1,2,2,2,1,8,2,2,2,2,9,10,1,6,3,4,11,2,2,2,2,2,3,12,13,14,6,15,1,1,5,2,3,3,3,3,4,4,4,4,3,4,4,4,3,3,3,3,3,4,4,4,4,3,16,3,3,17,18,3,3,3,3,3,4,3,19,20,3,3,3,3,3,3,3,21,22,23,24,25,3,3,3,3,26,27,28,3,3,3,29,3,3,3,3,3,3,3,3,3,3,30,31,3,3,3,3,1,1,1,1,1,1,1,1,5,5,5,5,5,5,5,5","0.000730037689208984","walktrap","edit-xhwikibooks.graphml"
"0.65","0.27","0.08","0.418713450292398","3,3,3,2,7,2,1,2,2,2,1,8,2,2,2,2,9,10,1,6,3,4,11,2,2,2,2,2,3,12,13,14,6,15,1,1,5,2,3,3,3,3,4,4,4,4,3,4,4,4,3,3,3,3,3,4,4,4,4,3,16,3,3,17,18,3,3,3,3,3,4,3,19,20,3,3,3,3,3,3,3,21,22,23,24,25,3,3,3,3,26,27,28,3,3,3,29,3,3,3,3,3,3,3,3,3,3,30,31,3,3,3,3,1,1,1,1,1,1,1,1,5,5,5,5,5,5,5,5","0.000715970993041992","walktrap","edit-xhwikibooks.graphml"
"0.64","0.28","0.08","0.417550980488044","3,3,3,2,7,2,1,2,2,2,1,8,2,2,2,2,9,10,1,6,3,4,11,2,2,2,2,2,3,12,13,14,6,15,1,1,5,2,3,3,3,3,4,4,4,4,3,4,4,4,3,3,3,3,3,4,4,4,4,3,16,3,3,17,18,3,3,3,3,3,4,3,19,20,3,3,3,3,3,3,3,21,22,23,24,25,3,3,3,3,26,27,28,3,3,3,29,3,3,3,3,3,3,3,3,3,3,30,31,3,3,3,3,1,1,1,1,1,1,1,1,5,5,5,5,5,5,5,5","0.000733137130737305","walktrap","edit-xhwikibooks.graphml"
"0.63","0.29","0.08","0.426616809722104","3,3,3,2,7,2,1,2,2,2,1,8,2,2,2,2,9,10,1,6,3,4,11,2,2,2,2,2,3,12,13,14,6,15,1,1,5,2,3,3,3,3,4,4,4,4,3,4,4,4,3,3,3,3,3,4,4,4,4,3,16,3,3,17,18,3,3,3,3,3,4,3,19,20,3,3,3,3,3,3,3,21,22,23,24,25,3,3,3,3,26,27,28,3,3,3,29,3,3,3,3,3,3,3,3,3,3,30,31,3,3,3,3,1,1,1,1,1,1,1,1,5,5,5,5,5,5,5,5","0.000658035278320312","walktrap","edit-xhwikibooks.graphml"
"0.62","0.3","0.08","0.425443672839506","3,3,3,2,7,2,1,2,2,2,1,8,2,2,2,2,9,10,1,6,3,4,11,2,2,2,2,2,3,12,13,14,6,15,1,1,5,2,3,3,3,3,4,4,4,4,3,4,4,4,3,3,3,3,3,4,4,4,4,3,16,3,3,17,18,3,3,3,3,3,4,3,19,20,3,3,3,3,3,3,3,21,22,23,24,25,3,3,3,3,26,27,28,3,3,3,29,3,3,3,3,3,3,3,3,3,3,30,31,3,3,3,3,1,1,1,1,1,1,1,1,5,5,5,5,5,5,5,5","0.000669002532958984","walktrap","edit-xhwikibooks.graphml"
"0.61","0.31","0.08","0.427812128418549","3,3,3,2,7,2,1,2,2,2,1,8,2,2,2,2,9,10,1,6,3,4,11,2,2,2,2,2,3,12,13,14,6,15,1,1,5,2,3,3,3,3,4,4,4,4,3,4,4,4,3,3,3,3,3,4,4,4,4,3,16,3,3,17,18,3,3,3,3,3,4,3,19,20,3,3,3,3,3,3,3,21,22,23,24,25,3,3,3,3,26,27,28,3,3,3,29,3,3,3,3,3,3,3,3,3,3,30,31,3,3,3,3,1,1,1,1,1,1,1,1,5,5,5,5,5,5,5,5","0.000663995742797852","walktrap","edit-xhwikibooks.graphml"
"0.6","0.32","0.08","0.426648244588515","3,3,3,2,7,2,1,2,2,2,1,8,2,2,2,2,9,10,1,6,3,4,11,2,2,2,2,2,3,12,13,14,6,15,1,1,5,2,3,3,3,3,4,4,4,4,3,4,4,4,3,3,3,3,3,4,4,4,4,3,16,3,3,17,18,3,3,3,3,3,4,3,19,20,3,3,3,3,3,3,3,21,22,23,24,25,3,3,3,3,26,27,28,3,3,3,29,3,3,3,3,3,3,3,3,3,3,30,31,3,3,3,3,1,1,1,1,1,1,1,1,5,5,5,5,5,5,5,5","0.000716924667358398","walktrap","edit-xhwikibooks.graphml"
"0.59","0.33","0.08","0.415834780092593","2,2,2,1,6,1,7,1,1,1,8,9,1,1,1,1,10,11,3,12,2,4,13,1,1,1,1,1,2,14,15,16,17,18,3,3,5,1,2,2,2,2,4,4,4,4,2,4,4,4,2,2,2,2,2,4,4,4,4,2,19,2,2,20,21,2,2,2,2,2,4,2,22,23,2,2,2,2,2,2,2,24,25,26,27,28,2,2,2,2,29,30,31,2,2,2,32,2,2,2,2,2,2,2,2,2,2,33,34,2,2,2,2,3,3,3,3,3,3,3,3,5,5,5,5,5,5,5,5","0.000772953033447266","walktrap","edit-xhwikibooks.graphml"
"0.58","0.34","0.08","0.475475025969529","5,4,5,1,8,1,9,2,1,1,10,11,2,2,2,1,12,13,3,14,4,6,15,2,2,2,2,1,4,16,17,18,19,20,3,3,7,2,4,4,4,4,6,6,6,6,4,6,6,6,4,4,4,4,4,6,6,6,6,4,21,4,4,22,23,4,4,4,4,4,6,4,24,25,4,4,4,4,4,4,4,26,27,28,29,30,4,4,4,4,31,32,33,4,4,4,34,4,4,4,4,4,4,4,4,4,4,35,36,4,4,4,4,3,3,3,3,3,3,3,3,7,7,7,7,7,7,7,7","0.000905990600585938","walktrap","edit-xhwikibooks.graphml"
"0.57","0.35","0.08","0.475475025969529","5,4,5,1,8,1,9,2,1,1,10,11,2,2,2,1,12,13,3,14,4,6,15,2,2,2,2,1,4,16,17,18,19,20,3,3,7,2,4,4,4,4,6,6,6,6,4,6,6,6,4,4,4,4,4,6,6,6,6,4,21,4,4,22,23,4,4,4,4,4,6,4,24,25,4,4,4,4,4,4,4,26,27,28,29,30,4,4,4,4,31,32,33,4,4,4,34,4,4,4,4,4,4,4,4,4,4,35,36,4,4,4,4,3,3,3,3,3,3,3,3,7,7,7,7,7,7,7,7","0.000858068466186523","walktrap","edit-xhwikibooks.graphml"
"0.56","0.36","0.08","0.474275732330019","5,4,5,1,8,1,9,2,1,1,10,11,2,2,2,1,12,13,3,14,4,6,15,2,2,2,2,1,4,16,17,18,19,20,3,3,7,2,4,4,4,4,6,6,6,6,4,6,6,6,4,4,4,4,4,6,6,6,6,4,21,4,4,22,23,4,4,4,4,4,6,4,24,25,4,4,4,4,4,4,4,26,27,28,29,30,4,4,4,4,31,32,33,4,4,4,34,4,4,4,4,4,4,4,4,4,4,35,36,4,4,4,4,3,3,3,3,3,3,3,3,7,7,7,7,7,7,7,7","0.000978946685791016","walktrap","edit-xhwikibooks.graphml"
"0.55","0.37","0.08","0.474275732330019","5,4,5,1,8,1,9,2,1,1,10,11,2,2,2,1,12,13,3,14,4,6,15,2,2,2,2,1,4,16,17,18,19,20,3,3,7,2,4,4,4,4,6,6,6,6,4,6,6,6,4,4,4,4,4,6,6,6,6,4,21,4,4,22,23,4,4,4,4,4,6,4,24,25,4,4,4,4,4,4,4,26,27,28,29,30,4,4,4,4,31,32,33,4,4,4,34,4,4,4,4,4,4,4,4,4,4,35,36,4,4,4,4,3,3,3,3,3,3,3,3,7,7,7,7,7,7,7,7","0.000786066055297852","walktrap","edit-xhwikibooks.graphml"
"0.54","0.38","0.08","0.473081934298774","5,4,5,1,8,1,9,2,1,1,10,11,2,2,2,1,12,13,3,14,4,6,15,2,2,2,2,1,4,16,17,18,19,20,3,3,7,2,4,4,4,4,6,6,6,6,4,6,6,6,4,4,4,4,4,6,6,6,6,4,21,4,4,22,23,4,4,4,4,4,6,4,24,25,4,4,4,4,4,4,4,26,27,28,29,30,4,4,4,4,31,32,33,4,4,4,34,4,4,4,4,4,4,4,4,4,4,35,36,4,4,4,4,3,3,3,3,3,3,3,3,7,7,7,7,7,7,7,7","0.000691890716552734","walktrap","edit-xhwikibooks.graphml"
"0.53","0.39","0.08","0.474885098667566","5,4,5,1,8,1,9,2,1,1,10,11,2,2,2,1,12,13,3,14,4,6,15,2,2,2,2,1,4,16,17,18,19,20,3,3,7,2,4,4,4,4,6,6,6,6,4,6,6,6,4,4,4,4,4,6,6,6,6,4,21,4,4,22,23,4,4,4,4,4,6,4,24,25,4,4,4,4,4,4,4,26,27,28,29,30,4,4,4,4,31,32,33,4,4,4,34,4,4,4,4,4,4,4,4,4,4,35,36,4,4,4,4,3,3,3,3,3,3,3,3,7,7,7,7,7,7,7,7","0.000678062438964844","walktrap","edit-xhwikibooks.graphml"
"0.52","0.4","0.08","0.479611459765718","5,4,5,1,8,1,9,2,1,1,10,11,2,2,2,1,12,13,3,14,4,6,15,2,2,2,2,1,4,16,17,18,19,20,3,3,7,2,4,4,4,4,6,6,6,6,4,6,6,6,4,4,4,4,4,6,6,6,6,4,21,4,4,22,23,4,4,4,4,4,6,4,24,25,4,4,4,4,4,4,4,26,27,28,29,30,4,4,4,4,31,32,33,4,4,4,34,4,4,4,4,4,4,4,4,4,4,35,36,4,4,4,4,3,3,3,3,3,3,3,3,7,7,7,7,7,7,7,7","0.000694990158081055","walktrap","edit-xhwikibooks.graphml"
"0.51","0.41","0.08","0.469352324643913","3,4,3,7,8,1,9,1,1,10,11,12,1,1,1,1,13,14,2,15,4,5,16,1,1,1,1,17,18,19,20,21,22,23,2,2,6,1,4,4,4,4,5,5,5,5,4,5,5,5,4,4,4,4,4,5,5,5,5,4,24,4,4,25,26,4,4,4,4,4,5,4,27,28,4,4,4,4,4,4,4,29,30,31,32,33,4,4,4,4,34,35,36,4,4,4,37,4,4,4,4,4,4,4,4,4,4,38,39,4,4,4,4,2,2,2,2,2,2,2,2,6,6,6,6,6,6,6,6","0.000661134719848633","walktrap","edit-xhwikibooks.graphml"
"0.5","0.42","0.08","0.468169293861335","3,4,3,7,8,1,9,1,1,10,11,12,1,1,1,1,13,14,2,15,4,5,16,1,1,1,1,17,18,19,20,21,22,23,2,2,6,1,4,4,4,4,5,5,5,5,4,5,5,5,4,4,4,4,4,5,5,5,5,4,24,4,4,25,26,4,4,4,4,4,5,4,27,28,4,4,4,4,4,4,4,29,30,31,32,33,4,4,4,4,34,35,36,4,4,4,37,4,4,4,4,4,4,4,4,4,4,38,39,4,4,4,4,2,2,2,2,2,2,2,2,6,6,6,6,6,6,6,6","0.000719070434570312","walktrap","edit-xhwikibooks.graphml"
"0.49","0.43","0.08","0.473830958003036","3,4,3,7,8,1,9,1,1,10,11,12,1,1,1,1,13,14,2,15,4,5,16,1,1,1,1,17,18,19,20,21,22,23,2,2,6,1,4,4,4,4,5,5,5,5,4,5,5,5,4,4,4,4,4,5,5,5,5,4,24,4,4,25,26,4,4,4,4,4,5,4,27,28,4,4,4,4,4,4,4,29,30,31,32,33,4,4,4,4,34,35,36,4,4,4,37,4,4,4,4,4,4,4,4,4,4,38,39,4,4,4,4,2,2,2,2,2,2,2,2,6,6,6,6,6,6,6,6","0.000673055648803711","walktrap","edit-xhwikibooks.graphml"
"0.48","0.44","0.08","0.472654245347242","3,4,3,7,8,1,9,1,1,10,11,12,1,1,1,1,13,14,2,15,4,5,16,1,1,1,1,17,18,19,20,21,22,23,2,2,6,1,4,4,4,4,5,5,5,5,4,5,5,5,4,4,4,4,4,5,5,5,5,4,24,4,4,25,26,4,4,4,4,4,5,4,27,28,4,4,4,4,4,4,4,29,30,31,32,33,4,4,4,4,34,35,36,4,4,4,37,4,4,4,4,4,4,4,4,4,4,38,39,4,4,4,4,2,2,2,2,2,2,2,2,6,6,6,6,6,6,6,6","0.000690937042236328","walktrap","edit-xhwikibooks.graphml"
"0.47","0.45","0.08","0.478546541082081","3,4,3,7,8,1,9,1,1,10,11,12,1,1,1,1,13,14,2,15,4,5,16,1,1,1,1,17,18,19,20,21,22,23,2,2,6,1,4,4,4,4,5,5,5,5,4,5,5,5,4,4,4,4,4,5,5,5,5,4,24,4,4,25,26,4,4,4,4,4,5,4,27,28,4,4,4,4,4,4,4,29,30,31,32,33,4,4,4,4,34,35,36,4,4,4,37,4,4,4,4,4,4,4,4,4,4,38,39,4,4,4,4,2,2,2,2,2,2,2,2,6,6,6,6,6,6,6,6","0.000689029693603516","walktrap","edit-xhwikibooks.graphml"
"0.46","0.46","0.08","0.477374054898093","3,4,3,7,8,1,9,1,1,10,11,12,1,1,1,1,13,14,2,15,4,5,16,1,1,1,1,17,18,19,20,21,22,23,2,2,6,1,4,4,4,4,5,5,5,5,4,5,5,5,4,4,4,4,4,5,5,5,5,4,24,4,4,25,26,4,4,4,4,4,5,4,27,28,4,4,4,4,4,4,4,29,30,31,32,33,4,4,4,4,34,35,36,4,4,4,37,4,4,4,4,4,4,4,4,4,4,38,39,4,4,4,4,2,2,2,2,2,2,2,2,6,6,6,6,6,6,6,6","0.000689983367919922","walktrap","edit-xhwikibooks.graphml"
"0.45","0.47","0.08","0.480289683471302","3,4,3,7,8,1,9,1,1,10,11,12,1,1,1,1,13,14,2,15,4,5,16,1,1,1,1,17,18,19,20,21,22,23,2,2,6,1,4,4,4,4,5,5,5,5,4,5,5,5,4,4,4,4,4,5,5,5,5,4,24,4,4,25,26,4,4,4,4,4,5,4,27,28,4,4,4,4,4,4,4,29,30,31,32,33,4,4,4,4,34,35,36,4,4,4,37,4,4,4,4,4,4,4,4,4,4,38,39,4,4,4,4,2,2,2,2,2,2,2,2,6,6,6,6,6,6,6,6","0.000674962997436523","walktrap","edit-xhwikibooks.graphml"
"0.44","0.48","0.08","0.47912187106982","3,4,3,7,8,1,9,1,1,10,11,12,1,1,1,1,13,14,2,15,4,5,16,1,1,1,1,17,18,19,20,21,22,23,2,2,6,1,4,4,4,4,5,5,5,5,4,5,5,5,4,4,4,4,4,5,5,5,5,4,24,4,4,25,26,4,4,4,4,4,5,4,27,28,4,4,4,4,4,4,4,29,30,31,32,33,4,4,4,4,34,35,36,4,4,4,37,4,4,4,4,4,4,4,4,4,4,38,39,4,4,4,4,2,2,2,2,2,2,2,2,6,6,6,6,6,6,6,6","0.000656843185424805","walktrap","edit-xhwikibooks.graphml"
"0.43","0.49","0.08","0.471950248653343","3,4,3,7,8,1,9,1,1,10,11,12,13,1,1,14,15,16,2,17,4,5,18,1,1,1,1,19,20,21,22,23,24,25,2,2,6,26,4,4,4,4,5,5,5,5,4,5,5,5,4,4,4,4,4,5,5,5,5,4,27,4,4,28,29,4,4,4,4,4,5,4,30,31,4,4,4,4,4,4,4,32,33,34,35,36,4,4,4,4,37,38,39,4,4,4,40,4,4,4,4,4,4,4,4,4,4,41,42,4,4,4,4,2,2,2,2,2,2,2,2,6,6,6,6,6,6,6,6","0.00119280815124512","walktrap","edit-xhwikibooks.graphml"
"0.42","0.5","0.08","0.571404336573664","3,4,3,7,8,1,9,1,1,10,11,12,1,1,1,13,14,15,2,16,4,5,17,1,1,1,1,18,19,20,21,22,23,24,2,2,6,25,4,4,4,4,5,5,5,5,4,5,5,5,4,4,4,4,4,5,5,5,5,4,26,4,4,27,28,4,4,4,4,4,5,4,29,30,4,4,4,4,4,4,4,31,32,33,34,35,4,4,4,4,36,37,38,4,4,4,39,4,4,4,4,4,4,4,4,4,4,40,41,4,4,4,4,2,2,2,2,2,2,2,2,6,6,6,6,6,6,6,6","0.000720977783203125","walktrap","edit-xhwikibooks.graphml"
"0.41","0.51","0.08","0.571404336573664","3,4,3,7,8,1,9,1,1,10,11,12,1,1,1,13,14,15,2,16,4,5,17,1,1,1,1,18,19,20,21,22,23,24,2,2,6,25,4,4,4,4,5,5,5,5,4,5,5,5,4,4,4,4,4,5,5,5,5,4,26,4,4,27,28,4,4,4,4,4,5,4,29,30,4,4,4,4,4,4,4,31,32,33,34,35,4,4,4,4,36,37,38,4,4,4,39,4,4,4,4,4,4,4,4,4,4,40,41,4,4,4,4,2,2,2,2,2,2,2,2,6,6,6,6,6,6,6,6","0.00067901611328125","walktrap","edit-xhwikibooks.graphml"
"0.4","0.52","0.08","0.571404336573664","3,4,3,7,8,1,9,1,1,10,11,12,1,1,1,13,14,15,2,16,4,5,17,1,1,1,1,18,19,20,21,22,23,24,2,2,6,25,4,4,4,4,5,5,5,5,4,5,5,5,4,4,4,4,4,5,5,5,5,4,26,4,4,27,28,4,4,4,4,4,5,4,29,30,4,4,4,4,4,4,4,31,32,33,34,35,4,4,4,4,36,37,38,4,4,4,39,4,4,4,4,4,4,4,4,4,4,40,41,4,4,4,4,2,2,2,2,2,2,2,2,6,6,6,6,6,6,6,6","0.000663995742797852","walktrap","edit-xhwikibooks.graphml"
"0.39","0.53","0.08","0.570294784580498","3,4,3,7,8,1,9,1,1,10,11,12,1,1,1,13,14,15,2,16,4,5,17,1,1,1,1,18,19,20,21,22,23,24,2,2,6,25,4,4,4,4,5,5,5,5,4,5,5,5,4,4,4,4,4,5,5,5,5,4,26,4,4,27,28,4,4,4,4,4,5,4,29,30,4,4,4,4,4,4,4,31,32,33,34,35,4,4,4,4,36,37,38,4,4,4,39,4,4,4,4,4,4,4,4,4,4,40,41,4,4,4,4,2,2,2,2,2,2,2,2,6,6,6,6,6,6,6,6","0.000671148300170898","walktrap","edit-xhwikibooks.graphml"
"0.38","0.54","0.08","0.57235651196904","3,4,3,7,8,1,9,1,1,10,11,12,1,1,1,13,14,15,2,16,4,5,17,1,1,1,1,18,19,20,21,22,23,24,2,2,6,25,4,4,4,4,5,5,5,5,4,5,5,5,4,4,4,4,4,5,5,5,5,4,26,4,4,27,28,4,4,4,4,4,5,4,29,30,4,4,4,4,4,4,4,31,32,33,34,35,4,4,4,4,36,37,38,4,4,4,39,4,4,4,4,4,4,4,4,4,4,40,41,4,4,4,4,2,2,2,2,2,2,2,2,6,6,6,6,6,6,6,6","0.00069117546081543","walktrap","edit-xhwikibooks.graphml"
"0.37","0.55","0.08","0.571251774893118","3,4,3,7,8,1,9,1,1,10,11,12,1,1,1,13,14,15,2,16,4,5,17,1,1,1,1,18,19,20,21,22,23,24,2,2,6,25,4,4,4,4,5,5,5,5,4,5,5,5,4,4,4,4,4,5,5,5,5,4,26,4,4,27,28,4,4,4,4,4,5,4,29,30,4,4,4,4,4,4,4,31,32,33,34,35,4,4,4,4,36,37,38,4,4,4,39,4,4,4,4,4,4,4,4,4,4,40,41,4,4,4,4,2,2,2,2,2,2,2,2,6,6,6,6,6,6,6,6","0.000673055648803711","walktrap","edit-xhwikibooks.graphml"
"0.36","0.56","0.08","0.574976404416785","3,4,3,7,8,1,9,1,1,10,11,12,1,1,1,13,14,15,2,16,4,5,17,1,1,1,1,18,19,20,21,22,23,24,2,2,6,25,4,4,4,4,5,5,5,5,4,5,5,5,4,4,4,4,4,5,5,5,5,4,26,4,4,27,28,4,4,4,4,4,5,4,29,30,4,4,4,4,4,4,4,31,32,33,34,35,4,4,4,4,36,37,38,4,4,4,39,4,4,4,4,4,4,4,4,4,4,40,41,4,4,4,4,2,2,2,2,2,2,2,2,6,6,6,6,6,6,6,6","0.00067591667175293","walktrap","edit-xhwikibooks.graphml"
"0.35","0.57","0.08","0.572024905589714","3,4,3,7,8,9,10,1,11,12,13,14,1,1,1,15,16,17,2,18,4,5,19,1,1,1,1,20,21,22,23,24,25,26,2,2,6,27,4,4,4,4,5,5,5,5,4,5,5,5,4,4,4,4,4,5,5,5,5,4,28,4,4,29,30,4,4,4,4,4,5,4,31,32,4,4,4,4,4,4,4,33,34,35,36,37,4,4,4,4,38,39,40,4,4,4,41,4,4,4,4,4,4,4,4,4,4,42,43,4,4,4,4,2,2,2,2,2,2,2,2,6,6,6,6,6,6,6,6","0.000678062438964844","walktrap","edit-xhwikibooks.graphml"
"0.34","0.58","0.08","0.575524691358024","3,4,3,7,8,9,10,1,11,12,13,14,1,1,1,15,16,17,2,18,4,5,19,1,1,1,1,20,21,22,23,24,25,26,2,2,6,27,4,4,4,4,5,5,5,5,4,5,5,5,4,4,4,4,4,5,5,5,5,4,28,4,4,29,30,4,4,4,4,4,5,4,31,32,4,4,4,4,4,4,4,33,34,35,36,37,4,4,4,4,38,39,40,4,4,4,41,4,4,4,4,4,4,4,4,4,4,42,43,4,4,4,4,2,2,2,2,2,2,2,2,6,6,6,6,6,6,6,6","0.000702142715454102","walktrap","edit-xhwikibooks.graphml"
"0.33","0.59","0.08","0.573303623210525","3,4,3,7,8,9,10,1,11,12,13,14,1,1,1,15,16,17,2,18,4,5,19,1,1,1,1,20,21,22,23,24,25,26,2,2,6,27,4,4,4,4,5,5,5,5,4,5,5,5,4,4,4,4,4,5,5,5,5,4,28,4,4,29,30,4,4,4,4,4,5,4,31,32,4,4,4,4,4,4,4,33,34,35,36,37,4,4,4,4,38,39,40,4,4,4,41,4,4,4,4,4,4,4,4,4,4,42,43,4,4,4,4,2,2,2,2,2,2,2,2,6,6,6,6,6,6,6,6","0.000662088394165039","walktrap","edit-xhwikibooks.graphml"
"0.32","0.6","0.08","0.577451394759087","3,4,3,7,8,9,10,1,11,12,13,14,1,1,1,15,16,17,2,18,4,5,19,1,1,1,1,20,21,22,23,24,25,26,2,2,6,27,4,4,4,4,5,5,5,5,4,5,5,5,4,4,4,4,4,5,5,5,5,4,28,4,4,29,30,4,4,4,4,4,5,4,31,32,4,4,4,4,4,4,4,33,34,35,36,37,4,4,4,4,38,39,40,4,4,4,41,4,4,4,4,4,4,4,4,4,4,42,43,4,4,4,4,2,2,2,2,2,2,2,2,6,6,6,6,6,6,6,6","0.000680923461914062","walktrap","edit-xhwikibooks.graphml"
"0.31","0.61","0.08","0.576348282979922","3,4,3,7,8,9,10,1,11,12,13,14,1,1,1,15,16,17,2,18,4,5,19,1,1,1,1,20,21,22,23,24,25,26,2,2,6,27,4,4,4,4,5,5,5,5,4,5,5,5,4,4,4,4,4,5,5,5,5,4,28,4,4,29,30,4,4,4,4,4,5,4,31,32,4,4,4,4,4,4,4,33,34,35,36,37,4,4,4,4,38,39,40,4,4,4,41,4,4,4,4,4,4,4,4,4,4,42,43,4,4,4,4,2,2,2,2,2,2,2,2,6,6,6,6,6,6,6,6","0.000690937042236328","walktrap","edit-xhwikibooks.graphml"
"0.3","0.62","0.08","0.578331691003016","3,4,3,7,8,9,10,1,11,12,13,14,1,1,1,15,16,17,2,18,4,5,19,1,1,1,1,20,21,22,23,24,25,26,2,2,6,27,4,4,4,4,5,5,5,5,4,5,5,5,4,4,4,4,4,5,5,5,5,4,28,4,4,29,30,4,4,4,4,4,5,4,31,32,4,4,4,4,4,4,4,33,34,35,36,37,4,4,4,4,38,39,40,4,4,4,41,4,4,4,4,4,4,4,4,4,4,42,43,4,4,4,4,2,2,2,2,2,2,2,2,6,6,6,6,6,6,6,6","0.000694036483764648","walktrap","edit-xhwikibooks.graphml"
"0.29","0.63","0.08","0.577233478606271","3,4,3,7,8,9,10,1,11,12,13,14,1,1,1,15,16,17,2,18,4,5,19,1,1,1,1,20,21,22,23,24,25,26,2,2,6,27,4,4,4,4,5,5,5,5,4,5,5,5,4,4,4,4,4,5,5,5,5,4,28,4,4,29,30,4,4,4,4,4,5,4,31,32,4,4,4,4,4,4,4,33,34,35,36,37,4,4,4,4,38,39,40,4,4,4,41,4,4,4,4,4,4,4,4,4,4,42,43,4,4,4,4,2,2,2,2,2,2,2,2,6,6,6,6,6,6,6,6","0.000888824462890625","walktrap","edit-xhwikibooks.graphml"
"0.28","0.64","0.08","0.579424621928165","3,4,3,7,8,9,10,1,11,12,13,14,1,1,1,15,16,17,2,18,4,5,19,1,1,1,1,20,21,22,23,24,25,26,2,2,6,27,4,4,4,4,5,5,5,5,4,5,5,5,4,4,4,4,4,5,5,5,5,4,28,4,4,29,30,4,4,4,4,4,5,4,31,32,4,4,4,4,4,4,4,33,34,35,36,37,4,4,4,4,38,39,40,4,4,4,41,4,4,4,4,4,4,4,4,4,4,42,43,4,4,4,4,2,2,2,2,2,2,2,2,6,6,6,6,6,6,6,6","0.000878810882568359","walktrap","edit-xhwikibooks.graphml"
"0.27","0.65","0.08","0.553702184067668","3,5,3,7,8,9,10,4,11,12,13,14,1,1,1,15,16,17,2,18,5,6,19,4,1,1,1,20,21,22,23,24,25,26,2,2,1,27,5,5,5,5,6,6,6,6,5,6,6,6,5,5,5,5,5,6,6,6,6,5,28,5,5,29,30,5,5,5,5,5,6,5,31,32,5,5,5,5,5,5,5,33,34,35,36,37,5,5,5,5,38,39,40,5,5,5,41,5,5,5,5,5,5,5,5,5,5,42,43,5,5,5,5,2,44,45,2,2,2,2,2,46,47,48,49,50,51,52,53","0.000655174255371094","walktrap","edit-xhwikibooks.graphml"
"0.26","0.66","0.08","0.553702184067668","3,5,3,7,8,9,10,4,11,12,13,14,1,1,1,15,16,17,2,18,5,6,19,4,1,1,1,20,21,22,23,24,25,26,2,2,1,27,5,5,5,5,6,6,6,6,5,6,6,6,5,5,5,5,5,6,6,6,6,5,28,5,5,29,30,5,5,5,5,5,6,5,31,32,5,5,5,5,5,5,5,33,34,35,36,37,5,5,5,5,38,39,40,5,5,5,41,5,5,5,5,5,5,5,5,5,5,42,43,5,5,5,5,2,44,45,2,2,2,2,2,46,47,48,49,50,51,52,53","0.000670909881591797","walktrap","edit-xhwikibooks.graphml"
"0.25","0.67","0.08","0.580924288547745","3,5,3,7,8,9,10,4,11,12,13,14,1,1,1,15,16,17,2,18,5,6,19,4,1,1,1,20,21,22,23,24,25,26,2,2,1,27,5,5,5,5,6,6,6,6,5,6,6,6,5,5,5,5,5,6,6,6,6,5,28,5,5,29,30,5,5,5,5,5,6,5,31,32,5,5,5,5,5,5,5,33,34,35,36,37,5,5,5,5,38,39,40,5,5,5,41,5,5,5,5,5,5,5,5,5,5,42,43,5,5,5,5,2,44,45,2,2,2,2,2,46,47,48,49,50,51,52,53","0.000659942626953125","walktrap","edit-xhwikibooks.graphml"
"0.24","0.68","0.08","0.580924288547745","3,5,3,7,8,9,10,4,11,12,13,14,1,1,1,15,16,17,2,18,5,6,19,4,1,1,1,20,21,22,23,24,25,26,2,2,1,27,5,5,5,5,6,6,6,6,5,6,6,6,5,5,5,5,5,6,6,6,6,5,28,5,5,29,30,5,5,5,5,5,6,5,31,32,5,5,5,5,5,5,5,33,34,35,36,37,5,5,5,5,38,39,40,5,5,5,41,5,5,5,5,5,5,5,5,5,5,42,43,5,5,5,5,2,44,45,2,2,2,2,2,46,47,48,49,50,51,52,53","0.000656843185424805","walktrap","edit-xhwikibooks.graphml"
"0.23","0.69","0.08","0.579835819169847","3,5,3,7,8,9,10,4,11,12,13,14,1,1,1,15,16,17,2,18,5,6,19,4,1,1,1,20,21,22,23,24,25,26,2,2,1,27,5,5,5,5,6,6,6,6,5,6,6,6,5,5,5,5,5,6,6,6,6,5,28,5,5,29,30,5,5,5,5,5,6,5,31,32,5,5,5,5,5,5,5,33,34,35,36,37,5,5,5,5,38,39,40,5,5,5,41,5,5,5,5,5,5,5,5,5,5,42,43,5,5,5,5,2,44,45,2,2,2,2,2,46,47,48,49,50,51,52,53","0.000646114349365234","walktrap","edit-xhwikibooks.graphml"
"0.22","0.7","0.08","0.581762249423197","3,5,3,7,8,9,10,4,11,12,13,14,1,1,1,15,16,17,2,18,5,6,19,4,1,1,1,20,21,22,23,24,25,26,2,2,1,27,5,5,5,5,6,6,6,6,5,6,6,6,5,5,5,5,5,6,6,6,6,5,28,5,5,29,30,5,5,5,5,5,6,5,31,32,5,5,5,5,5,5,5,33,34,35,36,37,5,5,5,5,38,39,40,5,5,5,41,5,5,5,5,5,5,5,5,5,5,42,43,5,5,5,5,2,44,45,2,2,2,2,2,46,47,48,49,50,51,52,53","0.00063014030456543","walktrap","edit-xhwikibooks.graphml"
"0.21","0.71","0.08","0.580678601046642","3,5,3,7,8,9,10,4,11,12,13,14,1,1,1,15,16,17,2,18,5,6,19,4,1,1,1,20,21,22,23,24,25,26,2,2,1,27,5,5,5,5,6,6,6,6,5,6,6,6,5,5,5,5,5,6,6,6,6,5,28,5,5,29,30,5,5,5,5,5,6,5,31,32,5,5,5,5,5,5,5,33,34,35,36,37,5,5,5,5,38,39,40,5,5,5,41,5,5,5,5,5,5,5,5,5,5,42,43,5,5,5,5,2,44,45,2,2,2,2,2,46,47,48,49,50,51,52,53","0.00064396858215332","walktrap","edit-xhwikibooks.graphml"
"0.2","0.72","0.08","0.583896842462653","3,5,3,7,8,9,10,4,11,12,13,14,1,1,1,15,16,17,2,18,5,6,19,4,1,1,1,20,21,22,23,24,25,26,2,2,1,27,5,5,5,5,6,6,6,6,5,6,6,6,5,5,5,5,5,6,6,6,6,5,28,5,5,29,30,5,5,5,5,5,6,5,31,32,5,5,5,5,5,5,5,33,34,35,36,37,5,5,5,5,38,39,40,5,5,5,41,5,5,5,5,5,5,5,5,5,5,42,43,5,5,5,5,2,44,45,2,2,2,2,2,46,47,48,49,50,51,52,53","0.000687122344970703","walktrap","edit-xhwikibooks.graphml"
"0.19","0.73","0.08","0.581088727931191","3,5,3,7,8,9,10,4,11,12,13,14,1,1,1,15,16,17,2,18,5,6,19,4,1,1,1,20,21,22,23,24,25,26,2,2,1,27,5,5,5,5,6,6,6,6,5,6,6,6,5,5,5,5,5,6,6,6,6,5,28,5,5,29,30,5,5,5,5,5,6,5,31,32,5,5,5,5,5,5,5,33,34,35,36,37,5,5,5,5,38,39,40,5,5,5,41,5,5,5,5,5,5,5,5,5,5,42,43,5,5,5,5,2,44,45,2,2,2,2,2,46,47,48,49,50,51,52,53","0.00067591667175293","walktrap","edit-xhwikibooks.graphml"
"0.18","0.74","0.08","0.581088727931191","3,5,3,7,8,9,10,4,11,12,13,14,1,1,1,15,16,17,2,18,5,6,19,4,1,1,1,20,21,22,23,24,25,26,2,2,1,27,5,5,5,5,6,6,6,6,5,6,6,6,5,5,5,5,5,6,6,6,6,5,28,5,5,29,30,5,5,5,5,5,6,5,31,32,5,5,5,5,5,5,5,33,34,35,36,37,5,5,5,5,38,39,40,5,5,5,41,5,5,5,5,5,5,5,5,5,5,42,43,5,5,5,5,2,44,45,2,2,2,2,2,46,47,48,49,50,51,52,53","0.000665903091430664","walktrap","edit-xhwikibooks.graphml"
"0.17","0.75","0.08","0.585990304709141","4,5,4,7,8,9,10,3,11,12,13,14,1,1,1,15,16,17,2,18,5,6,19,3,1,1,1,20,21,22,23,24,25,26,2,2,1,27,5,5,5,5,6,6,6,6,5,6,6,6,5,5,5,5,5,6,6,6,6,5,28,5,5,29,30,5,5,5,5,5,6,5,31,32,5,5,5,5,5,5,5,33,34,35,36,37,5,5,5,5,38,39,40,5,5,5,41,5,5,5,5,5,5,5,5,5,5,42,43,5,5,5,5,2,44,45,2,2,2,2,2,46,47,48,49,50,51,52,53","0.0006561279296875","walktrap","edit-xhwikibooks.graphml"
"0.16","0.76","0.08","0.585990304709141","4,5,4,7,8,9,10,3,11,12,13,14,1,1,1,15,16,17,2,18,5,6,19,3,1,1,1,20,21,22,23,24,25,26,2,2,1,27,5,5,5,5,6,6,6,6,5,6,6,6,5,5,5,5,5,6,6,6,6,5,28,5,5,29,30,5,5,5,5,5,6,5,31,32,5,5,5,5,5,5,5,33,34,35,36,37,5,5,5,5,38,39,40,5,5,5,41,5,5,5,5,5,5,5,5,5,5,42,43,5,5,5,5,2,44,45,2,2,2,2,2,46,47,48,49,50,51,52,53","0.00065302848815918","walktrap","edit-xhwikibooks.graphml"
"0.15","0.77","0.08","0.64025840944531","4,5,4,7,8,9,10,3,11,12,13,14,1,1,1,15,16,17,2,18,5,6,19,3,1,1,1,20,21,22,23,24,25,26,2,2,1,27,5,5,5,5,6,6,6,6,5,6,6,6,5,5,5,5,5,6,6,6,6,5,28,5,5,29,30,5,5,5,5,5,6,5,31,32,5,5,5,5,5,5,5,33,34,35,36,37,5,5,5,5,38,39,40,5,5,5,41,5,5,5,5,5,5,5,5,5,5,42,43,5,5,5,5,2,44,45,2,2,2,2,2,46,47,48,49,50,51,52,53","0.000683069229125977","walktrap","edit-xhwikibooks.graphml"
"0.14","0.78","0.08","0.641749238472043","4,5,4,7,8,9,10,3,11,12,13,14,1,1,1,15,16,17,2,18,5,6,19,3,1,1,1,20,21,22,23,24,25,26,2,2,1,27,5,5,5,5,6,6,6,6,5,6,6,6,5,5,5,5,5,6,6,6,6,5,28,5,5,29,30,5,5,5,5,5,6,5,31,32,5,5,5,5,5,5,5,33,34,35,36,37,5,5,5,5,38,39,40,5,5,5,41,5,5,5,5,5,5,5,5,5,5,42,43,5,5,5,5,2,44,45,2,2,2,2,2,46,47,48,49,50,51,52,53","0.000635862350463867","walktrap","edit-xhwikibooks.graphml"
"0.13","0.79","0.08","0.640553075591059","4,5,4,7,8,9,10,3,11,12,13,14,1,1,1,15,16,17,2,18,5,6,19,3,1,1,1,20,21,22,23,24,25,26,2,2,1,27,5,5,5,5,6,6,6,6,5,6,6,6,5,5,5,5,5,6,6,6,6,5,28,5,5,29,30,5,5,5,5,5,6,5,31,32,5,5,5,5,5,5,5,33,34,35,36,37,5,5,5,5,38,39,40,5,5,5,41,5,5,5,5,5,5,5,5,5,5,42,43,5,5,5,5,2,44,45,2,2,2,2,2,46,47,48,49,50,51,52,53","0.000684022903442383","walktrap","edit-xhwikibooks.graphml"
"0.12","0.8","0.08","0.642855921480113","4,5,4,7,8,9,10,3,11,12,13,14,1,1,1,15,16,17,2,18,5,6,19,3,1,1,1,20,21,22,23,24,25,26,2,2,1,27,5,5,5,5,6,6,6,6,5,6,6,6,5,5,5,5,5,6,6,6,6,5,28,5,5,29,30,5,5,5,5,5,6,5,31,32,5,5,5,5,5,5,5,33,34,35,36,37,5,5,5,5,38,39,40,5,5,5,41,5,5,5,5,5,5,5,5,5,5,42,43,5,5,5,5,2,44,45,2,2,2,2,2,46,47,48,49,50,51,52,53","0.000719070434570312","walktrap","edit-xhwikibooks.graphml"
"0.11","0.81","0.08","0.614504746739065","3,4,3,6,7,8,9,2,10,11,12,13,1,1,1,14,15,16,17,18,4,5,19,2,1,1,1,20,21,22,23,24,25,26,1,1,1,27,4,4,4,4,5,5,5,5,4,5,5,5,4,4,4,4,4,5,5,5,5,4,28,4,4,29,30,4,4,4,4,4,5,4,31,32,4,4,4,4,4,4,4,33,34,35,36,37,4,4,4,4,38,39,40,4,4,4,41,4,4,4,4,4,4,4,4,4,4,42,43,4,4,4,4,1,44,45,1,1,1,1,1,46,47,48,49,50,51,52,53","0.000652074813842773","walktrap","edit-xhwikibooks.graphml"
"0.1","0.82","0.08","0.613455882352941","3,4,3,6,7,8,9,2,10,11,12,13,1,1,1,14,15,16,17,18,4,5,19,2,1,1,1,20,21,22,23,24,25,26,1,1,1,27,4,4,4,4,5,5,5,5,4,5,5,5,4,4,4,4,4,5,5,5,5,4,28,4,4,29,30,4,4,4,4,4,5,4,31,32,4,4,4,4,4,4,4,33,34,35,36,37,4,4,4,4,38,39,40,4,4,4,41,4,4,4,4,4,4,4,4,4,4,42,43,4,4,4,4,1,44,45,1,1,1,1,1,46,47,48,49,50,51,52,53","0.00065302848815918","walktrap","edit-xhwikibooks.graphml"
"0.09","0.83","0.08","0.613455882352941","3,4,3,6,7,8,9,2,10,11,12,13,1,1,1,14,15,16,17,18,4,5,19,2,1,1,1,20,21,22,23,24,25,26,1,1,1,27,4,4,4,4,5,5,5,5,4,5,5,5,4,4,4,4,4,5,5,5,5,4,28,4,4,29,30,4,4,4,4,4,5,4,31,32,4,4,4,4,4,4,4,33,34,35,36,37,4,4,4,4,38,39,40,4,4,4,41,4,4,4,4,4,4,4,4,4,4,42,43,4,4,4,4,1,44,45,1,1,1,1,1,46,47,48,49,50,51,52,53","0.000635862350463867","walktrap","edit-xhwikibooks.graphml"
"0.08","0.84","0.08","0.615360096558407","3,4,3,6,7,8,9,2,10,11,12,13,1,1,1,14,15,16,17,18,4,5,19,2,1,1,1,20,21,22,23,24,25,26,1,1,1,27,4,4,4,4,5,5,5,5,4,5,5,5,4,4,4,4,4,5,5,5,5,4,28,4,4,29,30,4,4,4,4,4,5,4,31,32,4,4,4,4,4,4,4,33,34,35,36,37,4,4,4,4,38,39,40,4,4,4,41,4,4,4,4,4,4,4,4,4,4,42,43,4,4,4,4,1,44,45,1,1,1,1,1,46,47,48,49,50,51,52,53","0.000663995742797852","walktrap","edit-xhwikibooks.graphml"
"0.07","0.85","0.08","0.618224549294937","3,4,3,6,7,8,9,2,10,11,12,13,1,1,1,14,15,16,17,18,4,5,19,2,1,1,1,20,21,22,23,24,25,26,1,1,1,27,4,4,4,4,5,5,5,5,4,5,5,5,4,4,4,4,4,5,5,5,5,4,28,4,4,29,30,4,4,4,4,4,5,4,31,32,4,4,4,4,4,4,4,33,34,35,36,37,4,4,4,4,38,39,40,4,4,4,41,4,4,4,4,4,4,4,4,4,4,42,43,4,4,4,4,1,44,45,1,1,1,1,1,46,47,48,49,50,51,52,53","0.000650882720947266","walktrap","edit-xhwikibooks.graphml"
"0.06","0.86","0.08","0.618726820141","3,4,3,6,7,8,9,2,10,11,12,13,1,1,1,14,15,16,17,18,4,5,19,2,1,1,1,20,21,22,23,24,25,26,1,1,1,27,4,4,4,4,5,5,5,5,4,5,5,5,4,4,4,4,4,5,5,5,5,4,28,4,4,29,30,4,4,4,4,4,5,4,31,32,4,4,4,4,4,4,4,33,34,35,36,37,4,4,4,4,38,39,40,4,4,4,41,4,4,4,4,4,4,4,4,4,4,42,43,4,4,4,4,1,44,45,1,1,1,1,1,46,47,48,49,50,51,52,53","0.000634908676147461","walktrap","edit-xhwikibooks.graphml"
"0.05","0.87","0.08","0.618726820141","3,4,3,6,7,8,9,2,10,11,12,13,1,1,1,14,15,16,17,18,4,5,19,2,1,1,1,20,21,22,23,24,25,26,1,1,1,27,4,4,4,4,5,5,5,5,4,5,5,5,4,4,4,4,4,5,5,5,5,4,28,4,4,29,30,4,4,4,4,4,5,4,31,32,4,4,4,4,4,4,4,33,34,35,36,37,4,4,4,4,38,39,40,4,4,4,41,4,4,4,4,4,4,4,4,4,4,42,43,4,4,4,4,1,44,45,1,1,1,1,1,46,47,48,49,50,51,52,53","0.000650167465209961","walktrap","edit-xhwikibooks.graphml"
"0.04","0.88","0.08","0.617707148136768","3,4,3,6,7,8,9,2,10,11,12,13,1,1,1,14,15,16,17,18,4,5,19,2,1,1,1,20,21,22,23,24,25,26,1,1,1,27,4,4,4,4,5,5,5,5,4,5,5,5,4,4,4,4,4,5,5,5,5,4,28,4,4,29,30,4,4,4,4,4,5,4,31,32,4,4,4,4,4,4,4,33,34,35,36,37,4,4,4,4,38,39,40,4,4,4,41,4,4,4,4,4,4,4,4,4,4,42,43,4,4,4,4,1,44,45,1,1,1,1,1,46,47,48,49,50,51,52,53","0.000637054443359375","walktrap","edit-xhwikibooks.graphml"
"0.03","0.89","0.08","0.631172380763642","3,5,3,7,8,9,10,2,11,12,13,14,1,1,1,15,16,17,18,19,5,6,20,2,4,4,4,21,22,23,24,25,26,27,1,1,1,28,5,5,5,5,6,6,6,6,5,6,6,6,5,5,5,5,5,6,6,6,6,5,29,5,5,30,31,5,5,5,5,5,6,5,32,33,5,5,5,5,5,5,5,34,35,36,37,38,5,5,5,5,39,40,41,5,5,5,42,5,5,5,5,5,5,5,5,5,5,43,44,5,5,5,5,1,45,46,1,1,1,1,1,47,48,49,50,51,52,53,54","0.000638008117675781","walktrap","edit-xhwikibooks.graphml"
"0.02","0.9","0.08","0.630089243930673","3,5,3,7,8,9,10,2,11,12,13,14,1,1,1,15,16,17,18,19,5,6,20,2,4,4,4,21,22,23,24,25,26,27,1,1,1,28,5,5,5,5,6,6,6,6,5,6,6,6,5,5,5,5,5,6,6,6,6,5,29,5,5,30,31,5,5,5,5,5,6,5,32,33,5,5,5,5,5,5,5,34,35,36,37,38,5,5,5,5,39,40,41,5,5,5,42,5,5,5,5,5,5,5,5,5,5,43,44,5,5,5,5,1,45,46,1,1,1,1,1,47,48,49,50,51,52,53,54","0.000763893127441406","walktrap","edit-xhwikibooks.graphml"
"0.01","0.91","0.08","0.630089243930673","3,5,3,7,8,9,10,2,11,12,13,14,1,1,1,15,16,17,18,19,5,6,20,2,4,4,4,21,22,23,24,25,26,27,1,1,1,28,5,5,5,5,6,6,6,6,5,6,6,6,5,5,5,5,5,6,6,6,6,5,29,5,5,30,31,5,5,5,5,5,6,5,32,33,5,5,5,5,5,5,5,34,35,36,37,38,5,5,5,5,39,40,41,5,5,5,42,5,5,5,5,5,5,5,5,5,5,43,44,5,5,5,5,1,45,46,1,1,1,1,1,47,48,49,50,51,52,53,54","0.000763893127441406","walktrap","edit-xhwikibooks.graphml"
"0","0.92","0.08","0.642378520035465","2,2,2,2,2,7,8,3,9,10,11,12,1,1,1,13,14,15,16,17,6,5,18,3,4,4,4,19,2,20,21,22,23,24,1,1,1,25,6,6,6,6,5,5,5,5,6,5,5,5,6,6,6,6,6,5,5,5,5,6,26,6,6,27,28,6,6,6,6,6,5,6,29,30,6,6,6,6,6,6,6,31,32,33,34,35,6,6,6,6,36,37,38,6,6,6,39,6,6,6,6,6,6,6,6,6,6,40,41,6,6,6,6,1,42,43,1,1,1,1,1,44,45,46,47,48,49,50,51","0.000865936279296875","walktrap","edit-xhwikibooks.graphml"
"0.91","0","0.09","0.476948302469136","3,10,3,3,3,1,3,1,1,4,3,3,1,1,1,2,4,5,3,3,10,13,8,1,1,1,1,2,6,4,5,9,12,3,7,7,11,1,10,10,10,10,13,13,13,13,10,13,13,13,10,10,10,10,10,13,13,13,13,10,8,10,10,1,1,10,10,10,10,10,13,10,1,1,10,10,10,10,10,10,10,1,2,2,2,6,10,10,10,10,4,5,9,10,10,10,2,10,10,10,10,10,10,10,10,10,10,12,12,10,10,10,10,7,7,7,7,7,7,7,7,11,11,11,11,11,11,11,11","0.00079798698425293","walktrap","edit-xhwikibooks.graphml"
"0.9","0.01","0.09","0.476948302469136","3,10,3,3,3,1,3,1,1,4,3,3,1,1,1,2,4,5,3,3,10,13,8,1,1,1,1,2,6,4,5,9,12,3,7,7,11,1,10,10,10,10,13,13,13,13,10,13,13,13,10,10,10,10,10,13,13,13,13,10,8,10,10,1,1,10,10,10,10,10,13,10,1,1,10,10,10,10,10,10,10,1,2,2,2,6,10,10,10,10,4,5,9,10,10,10,2,10,10,10,10,10,10,10,10,10,10,12,12,10,10,10,10,7,7,7,7,7,7,7,7,11,11,11,11,11,11,11,11","0.000755071640014648","walktrap","edit-xhwikibooks.graphml"
"0.89","0.02","0.09","0.476948302469136","3,10,3,3,3,1,3,1,1,4,3,3,1,1,1,2,4,5,3,3,10,13,8,1,1,1,1,2,6,4,5,9,12,3,7,7,11,1,10,10,10,10,13,13,13,13,10,13,13,13,10,10,10,10,10,13,13,13,13,10,8,10,10,1,1,10,10,10,10,10,13,10,1,1,10,10,10,10,10,10,10,1,2,2,2,6,10,10,10,10,4,5,9,10,10,10,2,10,10,10,10,10,10,10,10,10,10,12,12,10,10,10,10,7,7,7,7,7,7,7,7,11,11,11,11,11,11,11,11","0.000851869583129883","walktrap","edit-xhwikibooks.graphml"
"0.88","0.03","0.09","0.475967035243744","3,10,3,3,3,1,3,1,1,4,3,3,1,1,1,2,4,5,3,3,10,13,8,1,1,1,1,2,6,4,5,9,12,3,7,7,11,1,10,10,10,10,13,13,13,13,10,13,13,13,10,10,10,10,10,13,13,13,13,10,8,10,10,1,1,10,10,10,10,10,13,10,1,1,10,10,10,10,10,10,10,1,2,2,2,6,10,10,10,10,4,5,9,10,10,10,2,10,10,10,10,10,10,10,10,10,10,12,12,10,10,10,10,7,7,7,7,7,7,7,7,11,11,11,11,11,11,11,11","0.00100207328796387","walktrap","edit-xhwikibooks.graphml"
"0.87","0.04","0.09","0.475967035243744","3,10,3,3,3,1,3,1,1,4,3,3,1,1,1,2,4,5,3,3,10,13,8,1,1,1,1,2,6,4,5,9,12,3,7,7,11,1,10,10,10,10,13,13,13,13,10,13,13,13,10,10,10,10,10,13,13,13,13,10,8,10,10,1,1,10,10,10,10,10,13,10,1,1,10,10,10,10,10,10,10,1,2,2,2,6,10,10,10,10,4,5,9,10,10,10,2,10,10,10,10,10,10,10,10,10,10,12,12,10,10,10,10,7,7,7,7,7,7,7,7,11,11,11,11,11,11,11,11","0.000757217407226562","walktrap","edit-xhwikibooks.graphml"
"0.86","0.05","0.09","0.474989316565428","3,10,3,3,3,1,3,1,1,4,3,3,1,1,1,2,4,5,3,3,10,13,8,1,1,1,1,2,6,4,5,9,12,3,7,7,11,1,10,10,10,10,13,13,13,13,10,13,13,13,10,10,10,10,10,13,13,13,13,10,8,10,10,1,1,10,10,10,10,10,13,10,1,1,10,10,10,10,10,10,10,1,2,2,2,6,10,10,10,10,4,5,9,10,10,10,2,10,10,10,10,10,10,10,10,10,10,12,12,10,10,10,10,7,7,7,7,7,7,7,7,11,11,11,11,11,11,11,11","0.00079798698425293","walktrap","edit-xhwikibooks.graphml"
"0.85","0.06","0.09","0.474989316565428","3,10,3,3,3,1,3,1,1,4,3,3,1,1,1,2,4,5,3,3,10,13,8,1,1,1,1,2,6,4,5,9,12,3,7,7,11,1,10,10,10,10,13,13,13,13,10,13,13,13,10,10,10,10,10,13,13,13,13,10,8,10,10,1,1,10,10,10,10,10,13,10,1,1,10,10,10,10,10,10,10,1,2,2,2,6,10,10,10,10,4,5,9,10,10,10,2,10,10,10,10,10,10,10,10,10,10,12,12,10,10,10,10,7,7,7,7,7,7,7,7,11,11,11,11,11,11,11,11","0.000761032104492188","walktrap","edit-xhwikibooks.graphml"
"0.84","0.07","0.09","0.474015132542556","3,10,3,3,3,1,3,1,1,4,3,3,1,1,1,2,4,5,3,3,10,13,8,1,1,1,1,2,6,4,5,9,12,3,7,7,11,1,10,10,10,10,13,13,13,13,10,13,13,13,10,10,10,10,10,13,13,13,13,10,8,10,10,1,1,10,10,10,10,10,13,10,1,1,10,10,10,10,10,10,10,1,2,2,2,6,10,10,10,10,4,5,9,10,10,10,2,10,10,10,10,10,10,10,10,10,10,12,12,10,10,10,10,7,7,7,7,7,7,7,7,11,11,11,11,11,11,11,11","0.000767946243286133","walktrap","edit-xhwikibooks.graphml"
"0.83","0.08","0.09","0.476380419031518","3,10,3,3,3,1,3,1,1,4,3,3,1,1,1,2,4,5,3,3,10,13,8,1,1,1,1,2,6,4,5,9,12,3,7,7,11,1,10,10,10,10,13,13,13,13,10,13,13,13,10,10,10,10,10,13,13,13,13,10,8,10,10,1,1,10,10,10,10,10,13,10,1,1,10,10,10,10,10,10,10,1,2,2,2,6,10,10,10,10,4,5,9,10,10,10,2,10,10,10,10,10,10,10,10,10,10,12,12,10,10,10,10,7,7,7,7,7,7,7,7,11,11,11,11,11,11,11,11","0.000762939453125","walktrap","edit-xhwikibooks.graphml"
"0.82","0.09","0.09","0.428798155635003","3,7,3,3,3,1,3,1,1,4,3,3,1,1,1,2,4,5,3,3,7,11,10,1,1,1,1,2,6,4,5,9,13,3,8,8,12,1,7,7,7,7,11,11,11,11,7,11,11,11,7,7,7,7,7,11,11,11,11,7,10,7,7,1,1,7,7,7,7,7,11,7,1,1,7,7,7,7,7,7,7,1,2,2,2,6,7,7,7,7,4,5,9,7,7,7,2,7,7,7,7,7,7,7,7,7,7,13,13,7,7,7,7,8,8,8,8,8,8,8,8,12,12,12,12,12,12,12,12","0.000763177871704102","walktrap","edit-xhwikibooks.graphml"
"0.81","0.1","0.09","0.418843147203756","4,6,4,4,4,1,4,1,1,5,4,4,1,1,1,3,5,7,2,4,6,8,1,1,1,1,1,3,6,5,7,2,10,4,2,2,9,1,6,6,6,6,8,8,8,8,6,8,8,8,6,6,6,6,6,8,8,8,8,6,11,6,6,1,1,6,6,6,6,6,8,6,1,1,6,6,6,6,6,6,6,1,3,3,3,12,6,6,6,6,13,14,15,6,6,6,3,6,6,6,6,6,6,6,6,6,6,10,10,6,6,6,6,2,2,2,2,2,2,2,2,9,9,9,9,9,9,9,9","0.000760078430175781","walktrap","edit-xhwikibooks.graphml"
"0.8","0.11","0.09","0.417876440614206","4,6,4,4,4,1,4,1,1,5,4,4,1,1,1,3,5,7,2,4,6,8,1,1,1,1,1,3,6,5,7,2,10,4,2,2,9,1,6,6,6,6,8,8,8,8,6,8,8,8,6,6,6,6,6,8,8,8,8,6,11,6,6,1,1,6,6,6,6,6,8,6,1,1,6,6,6,6,6,6,6,1,3,3,3,12,6,6,6,6,13,14,15,6,6,6,3,6,6,6,6,6,6,6,6,6,6,10,10,6,6,6,6,2,2,2,2,2,2,2,2,9,9,9,9,9,9,9,9","0.000774860382080078","walktrap","edit-xhwikibooks.graphml"
"0.79","0.12","0.09","0.423831293942672","4,6,4,4,4,1,4,1,1,5,4,4,1,1,1,3,5,7,2,4,6,8,1,1,1,1,1,3,6,5,7,2,10,4,2,2,9,1,6,6,6,6,8,8,8,8,6,8,8,8,6,6,6,6,6,8,8,8,8,6,11,6,6,1,1,6,6,6,6,6,8,6,1,1,6,6,6,6,6,6,6,1,3,3,3,12,6,6,6,6,13,14,15,6,6,6,3,6,6,6,6,6,6,6,6,6,6,10,10,6,6,6,6,2,2,2,2,2,2,2,2,9,9,9,9,9,9,9,9","0.000761032104492188","walktrap","edit-xhwikibooks.graphml"
"0.78","0.13","0.09","0.422864944339425","4,6,4,4,4,1,4,1,1,5,4,4,1,1,1,3,5,7,2,4,6,8,1,1,1,1,1,3,6,5,7,2,10,4,2,2,9,1,6,6,6,6,8,8,8,8,6,8,8,8,6,6,6,6,6,8,8,8,8,6,11,6,6,1,1,6,6,6,6,6,8,6,1,1,6,6,6,6,6,6,6,1,3,3,3,12,6,6,6,6,13,14,15,6,6,6,3,6,6,6,6,6,6,6,6,6,6,10,10,6,6,6,6,2,2,2,2,2,2,2,2,9,9,9,9,9,9,9,9","0.000757217407226562","walktrap","edit-xhwikibooks.graphml"
"0.77","0.14","0.09","0.422864944339425","4,6,4,4,4,1,4,1,1,5,4,4,1,1,1,3,5,7,2,4,6,8,1,1,1,1,1,3,6,5,7,2,10,4,2,2,9,1,6,6,6,6,8,8,8,8,6,8,8,8,6,6,6,6,6,8,8,8,8,6,11,6,6,1,1,6,6,6,6,6,8,6,1,1,6,6,6,6,6,6,6,1,3,3,3,12,6,6,6,6,13,14,15,6,6,6,3,6,6,6,6,6,6,6,6,6,6,10,10,6,6,6,6,2,2,2,2,2,2,2,2,9,9,9,9,9,9,9,9","0.000819206237792969","walktrap","edit-xhwikibooks.graphml"
"0.76","0.15","0.09","0.427496201611838","4,6,4,4,4,1,4,1,1,5,4,4,1,1,1,3,5,7,2,4,6,8,1,1,1,1,1,3,6,5,7,2,10,4,2,2,9,1,6,6,6,6,8,8,8,8,6,8,8,8,6,6,6,6,6,8,8,8,8,6,11,6,6,1,1,6,6,6,6,6,8,6,1,1,6,6,6,6,6,6,6,1,3,3,3,12,6,6,6,6,13,14,15,6,6,6,3,6,6,6,6,6,6,6,6,6,6,10,10,6,6,6,6,2,2,2,2,2,2,2,2,9,9,9,9,9,9,9,9","0.000769853591918945","walktrap","edit-xhwikibooks.graphml"
"0.75","0.16","0.09","0.430419290482016","4,6,4,4,4,1,4,1,1,5,4,4,1,1,1,3,5,7,2,4,6,8,1,1,1,1,1,3,6,5,7,2,10,4,2,2,9,1,6,6,6,6,8,8,8,8,6,8,8,8,6,6,6,6,6,8,8,8,8,6,11,6,6,1,1,6,6,6,6,6,8,6,1,1,6,6,6,6,6,6,6,1,3,3,3,12,6,6,6,6,13,14,15,6,6,6,3,6,6,6,6,6,6,6,6,6,6,10,10,6,6,6,6,2,2,2,2,2,2,2,2,9,9,9,9,9,9,9,9","0.000844001770019531","walktrap","edit-xhwikibooks.graphml"
"0.74","0.17","0.09","0.432175875195818","4,6,4,4,4,1,4,1,1,5,4,4,1,1,1,3,5,7,2,4,6,8,1,1,1,1,1,3,6,5,7,2,10,4,2,2,9,1,6,6,6,6,8,8,8,8,6,8,8,8,6,6,6,6,6,8,8,8,8,6,11,6,6,1,1,6,6,6,6,6,8,6,1,1,6,6,6,6,6,6,6,1,3,3,3,12,6,6,6,6,13,14,15,6,6,6,3,6,6,6,6,6,6,6,6,6,6,10,10,6,6,6,6,2,2,2,2,2,2,2,2,9,9,9,9,9,9,9,9","0.0007781982421875","walktrap","edit-xhwikibooks.graphml"
"0.73","0.18","0.09","0.432175875195818","4,6,4,4,4,1,4,1,1,5,4,4,1,1,1,3,5,7,2,4,6,8,1,1,1,1,1,3,6,5,7,2,10,4,2,2,9,1,6,6,6,6,8,8,8,8,6,8,8,8,6,6,6,6,6,8,8,8,8,6,11,6,6,1,1,6,6,6,6,6,8,6,1,1,6,6,6,6,6,6,6,1,3,3,3,12,6,6,6,6,13,14,15,6,6,6,3,6,6,6,6,6,6,6,6,6,6,10,10,6,6,6,6,2,2,2,2,2,2,2,2,9,9,9,9,9,9,9,9","0.00076603889465332","walktrap","edit-xhwikibooks.graphml"
"0.72","0.19","0.09","0.410326479613086","1,3,1,1,1,2,1,2,2,2,1,1,2,2,2,2,9,1,1,8,3,5,2,2,2,2,2,7,3,10,11,1,8,8,4,4,6,2,3,3,3,3,5,5,5,5,3,5,5,5,3,3,3,3,3,5,5,5,5,3,12,3,3,13,14,3,3,3,3,3,5,3,2,2,3,3,3,3,3,3,3,15,7,7,7,16,3,3,3,3,17,18,19,3,3,3,20,3,3,3,3,3,3,3,3,3,3,21,22,3,3,3,3,4,4,4,4,4,4,4,4,6,6,6,6,6,6,6,6","0.000742197036743164","walktrap","edit-xhwikibooks.graphml"
"0.71","0.2","0.09","0.41615206889309","1,3,1,1,1,2,1,2,2,2,1,1,2,2,2,2,9,1,1,8,3,5,2,2,2,2,2,7,3,10,11,1,8,8,4,4,6,2,3,3,3,3,5,5,5,5,3,5,5,5,3,3,3,3,3,5,5,5,5,3,12,3,3,13,14,3,3,3,3,3,5,3,2,2,3,3,3,3,3,3,3,15,7,7,7,16,3,3,3,3,17,18,19,3,3,3,20,3,3,3,3,3,3,3,3,3,3,21,22,3,3,3,3,4,4,4,4,4,4,4,4,6,6,6,6,6,6,6,6","0.000720977783203125","walktrap","edit-xhwikibooks.graphml"
"0.7","0.21","0.09","0.415195128470714","1,3,1,1,1,2,1,2,2,2,1,1,2,2,2,2,9,1,1,8,3,5,2,2,2,2,2,7,3,10,11,1,8,8,4,4,6,2,3,3,3,3,5,5,5,5,3,5,5,5,3,3,3,3,3,5,5,5,5,3,12,3,3,13,14,3,3,3,3,3,5,3,2,2,3,3,3,3,3,3,3,15,7,7,7,16,3,3,3,3,17,18,19,3,3,3,20,3,3,3,3,3,3,3,3,3,3,21,22,3,3,3,3,4,4,4,4,4,4,4,4,6,6,6,6,6,6,6,6","0.000762939453125","walktrap","edit-xhwikibooks.graphml"
"0.69","0.22","0.09","0.415195128470714","1,3,1,1,1,2,1,2,2,2,1,1,2,2,2,2,9,1,1,8,3,5,2,2,2,2,2,7,3,10,11,1,8,8,4,4,6,2,3,3,3,3,5,5,5,5,3,5,5,5,3,3,3,3,3,5,5,5,5,3,12,3,3,13,14,3,3,3,3,3,5,3,2,2,3,3,3,3,3,3,3,15,7,7,7,16,3,3,3,3,17,18,19,3,3,3,20,3,3,3,3,3,3,3,3,3,3,21,22,3,3,3,3,4,4,4,4,4,4,4,4,6,6,6,6,6,6,6,6","0.000726938247680664","walktrap","edit-xhwikibooks.graphml"
"0.68","0.23","0.09","0.420181279299842","1,3,1,1,1,2,1,2,2,2,1,1,2,2,2,2,9,1,1,8,3,5,2,2,2,2,2,7,3,10,11,1,8,8,4,4,6,2,3,3,3,3,5,5,5,5,3,5,5,5,3,3,3,3,3,5,5,5,5,3,12,3,3,13,14,3,3,3,3,3,5,3,2,2,3,3,3,3,3,3,3,15,7,7,7,16,3,3,3,3,17,18,19,3,3,3,20,3,3,3,3,3,3,3,3,3,3,21,22,3,3,3,3,4,4,4,4,4,4,4,4,6,6,6,6,6,6,6,6","0.000737905502319336","walktrap","edit-xhwikibooks.graphml"
"0.67","0.24","0.09","0.47179600934903","1,3,1,1,1,2,1,2,2,2,1,1,2,2,2,2,9,1,1,8,3,5,2,2,2,2,2,7,3,10,11,1,8,8,4,4,6,2,3,3,3,3,5,5,5,5,3,5,5,5,3,3,3,3,3,5,5,5,5,3,12,3,3,13,14,3,3,3,3,3,5,3,2,2,3,3,3,3,3,3,3,15,7,7,7,16,3,3,3,3,17,18,19,3,3,3,20,3,3,3,3,3,3,3,3,3,3,21,22,3,3,3,3,4,4,4,4,4,4,4,4,6,6,6,6,6,6,6,6","0.00073695182800293","walktrap","edit-xhwikibooks.graphml"
"0.66","0.25","0.09","0.477256915162759","1,3,1,1,1,1,1,2,1,1,1,1,2,2,2,1,9,1,1,8,3,5,2,2,2,2,2,7,3,10,11,1,8,8,4,4,6,2,3,3,3,3,5,5,5,5,3,5,5,5,3,3,3,3,3,5,5,5,5,3,12,3,3,13,14,3,3,3,3,3,5,3,2,2,3,3,3,3,3,3,3,15,7,7,7,16,3,3,3,3,17,18,19,3,3,3,20,3,3,3,3,3,3,3,3,3,3,21,22,3,3,3,3,4,4,4,4,4,4,4,4,6,6,6,6,6,6,6,6","0.000812053680419922","walktrap","edit-xhwikibooks.graphml"
"0.65","0.26","0.09","0.477256915162759","1,3,1,1,1,1,1,2,1,1,1,1,2,2,2,1,9,1,1,8,3,5,2,2,2,2,2,7,3,10,11,1,8,8,4,4,6,2,3,3,3,3,5,5,5,5,3,5,5,5,3,3,3,3,3,5,5,5,5,3,12,3,3,13,14,3,3,3,3,3,5,3,2,2,3,3,3,3,3,3,3,15,7,7,7,16,3,3,3,3,17,18,19,3,3,3,20,3,3,3,3,3,3,3,3,3,3,21,22,3,3,3,3,4,4,4,4,4,4,4,4,6,6,6,6,6,6,6,6","0.000810861587524414","walktrap","edit-xhwikibooks.graphml"
"0.64","0.27","0.09","0.458670434101169","1,2,1,1,1,1,1,1,1,1,1,1,1,1,1,1,8,1,1,7,2,4,1,1,1,1,1,6,2,9,10,1,7,7,3,3,5,1,2,2,2,2,4,4,4,4,2,4,4,4,2,2,2,2,2,4,4,4,4,2,11,2,2,12,13,2,2,2,2,2,4,2,1,1,2,2,2,2,2,2,2,14,6,6,6,15,2,2,2,2,16,17,18,2,2,2,19,2,2,2,2,2,2,2,2,2,2,20,21,2,2,2,2,3,3,3,3,3,3,3,3,5,5,5,5,5,5,5,5","0.000824928283691406","walktrap","edit-xhwikibooks.graphml"
"0.63","0.28","0.09","0.415244020061728","3,3,3,2,7,2,1,2,2,2,1,8,2,2,2,2,9,10,1,6,3,4,11,2,2,2,2,2,3,12,13,14,6,15,1,1,5,2,3,3,3,3,4,4,4,4,3,4,4,4,3,3,3,3,3,4,4,4,4,3,16,3,3,17,18,3,3,3,3,3,4,3,19,20,3,3,3,3,3,3,3,21,22,23,24,25,3,3,3,3,26,27,28,3,3,3,29,3,3,3,3,3,3,3,3,3,3,30,31,3,3,3,3,1,1,1,1,1,1,1,1,5,5,5,5,5,5,5,5","0.000713109970092773","walktrap","edit-xhwikibooks.graphml"
"0.62","0.29","0.09","0.422021403091558","3,3,3,2,7,2,1,2,2,2,1,8,2,2,2,2,9,10,1,6,3,4,11,2,2,2,2,2,3,12,13,14,6,15,1,1,5,2,3,3,3,3,4,4,4,4,3,4,4,4,3,3,3,3,3,4,4,4,4,3,16,3,3,17,18,3,3,3,3,3,4,3,19,20,3,3,3,3,3,3,3,21,22,23,24,25,3,3,3,3,26,27,28,3,3,3,29,3,3,3,3,3,3,3,3,3,3,30,31,3,3,3,3,1,1,1,1,1,1,1,1,5,5,5,5,5,5,5,5","0.000710964202880859","walktrap","edit-xhwikibooks.graphml"
"0.61","0.3","0.09","0.420873631629291","3,3,3,2,7,2,1,2,2,2,1,8,2,2,2,2,9,10,1,6,3,4,11,2,2,2,2,2,3,12,13,14,6,15,1,1,5,2,3,3,3,3,4,4,4,4,3,4,4,4,3,3,3,3,3,4,4,4,4,3,16,3,3,17,18,3,3,3,3,3,4,3,19,20,3,3,3,3,3,3,3,21,22,23,24,25,3,3,3,3,26,27,28,3,3,3,29,3,3,3,3,3,3,3,3,3,3,30,31,3,3,3,3,1,1,1,1,1,1,1,1,5,5,5,5,5,5,5,5","0.000757932662963867","walktrap","edit-xhwikibooks.graphml"
"0.6","0.31","0.09","0.423243136204266","3,3,3,2,7,2,1,2,2,2,1,8,2,2,2,2,9,10,1,6,3,4,11,2,2,2,2,2,3,12,13,14,6,15,1,1,5,2,3,3,3,3,4,4,4,4,3,4,4,4,3,3,3,3,3,4,4,4,4,3,16,3,3,17,18,3,3,3,3,3,4,3,19,20,3,3,3,3,3,3,3,21,22,23,24,25,3,3,3,3,26,27,28,3,3,3,29,3,3,3,3,3,3,3,3,3,3,30,31,3,3,3,3,1,1,1,1,1,1,1,1,5,5,5,5,5,5,5,5","0.000707864761352539","walktrap","edit-xhwikibooks.graphml"
"0.59","0.32","0.09","0.422104215835994","3,3,3,2,7,2,1,2,2,2,1,8,2,2,2,2,9,10,1,6,3,4,11,2,2,2,2,2,3,12,13,14,6,15,1,1,5,2,3,3,3,3,4,4,4,4,3,4,4,4,3,3,3,3,3,4,4,4,4,3,16,3,3,17,18,3,3,3,3,3,4,3,19,20,3,3,3,3,3,3,3,21,22,23,24,25,3,3,3,3,26,27,28,3,3,3,29,3,3,3,3,3,3,3,3,3,3,30,31,3,3,3,3,1,1,1,1,1,1,1,1,5,5,5,5,5,5,5,5","0.000777959823608398","walktrap","edit-xhwikibooks.graphml"
"0.58","0.33","0.09","0.422104215835994","3,3,3,2,7,2,1,2,2,2,1,8,2,2,2,2,9,10,1,6,3,4,11,2,2,2,2,2,3,12,13,14,6,15,1,1,5,2,3,3,3,3,4,4,4,4,3,4,4,4,3,3,3,3,3,4,4,4,4,3,16,3,3,17,18,3,3,3,3,3,4,3,19,20,3,3,3,3,3,3,3,21,22,23,24,25,3,3,3,3,26,27,28,3,3,3,29,3,3,3,3,3,3,3,3,3,3,30,31,3,3,3,3,1,1,1,1,1,1,1,1,5,5,5,5,5,5,5,5","0.000721931457519531","walktrap","edit-xhwikibooks.graphml"
"0.57","0.34","0.09","0.478974874582378","5,4,5,1,10,1,3,2,1,1,3,11,2,2,2,1,12,13,3,9,4,7,14,2,2,2,2,1,4,15,16,17,9,18,6,6,8,2,4,4,4,4,7,7,7,7,4,7,7,7,4,4,4,4,4,7,7,7,7,4,19,4,4,20,21,4,4,4,4,4,7,4,22,23,4,4,4,4,4,4,4,24,25,26,27,28,4,4,4,4,29,30,31,4,4,4,32,4,4,4,4,4,4,4,4,4,4,33,34,4,4,4,4,6,6,6,6,6,6,6,6,8,8,8,8,8,8,8,8","0.000746011734008789","walktrap","edit-xhwikibooks.graphml"
"0.56","0.35","0.09","0.478974874582378","5,4,5,1,10,1,3,2,1,1,3,11,2,2,2,1,12,13,3,9,4,7,14,2,2,2,2,1,4,15,16,17,9,18,6,6,8,2,4,4,4,4,7,7,7,7,4,7,7,7,4,4,4,4,4,7,7,7,7,4,19,4,4,20,21,4,4,4,4,4,7,4,22,23,4,4,4,4,4,4,4,24,25,26,27,28,4,4,4,4,29,30,31,4,4,4,32,4,4,4,4,4,4,4,4,4,4,33,34,4,4,4,4,6,6,6,6,6,6,6,6,8,8,8,8,8,8,8,8","0.000789165496826172","walktrap","edit-xhwikibooks.graphml"
"0.55","0.36","0.09","0.477793964620187","5,4,5,1,10,1,3,2,1,1,3,11,2,2,2,1,12,13,3,9,4,7,14,2,2,2,2,1,4,15,16,17,9,18,6,6,8,2,4,4,4,4,7,7,7,7,4,7,7,7,4,4,4,4,4,7,7,7,7,4,19,4,4,20,21,4,4,4,4,4,7,4,22,23,4,4,4,4,4,4,4,24,25,26,27,28,4,4,4,4,29,30,31,4,4,4,32,4,4,4,4,4,4,4,4,4,4,33,34,4,4,4,4,6,6,6,6,6,6,6,6,8,8,8,8,8,8,8,8","0.000777959823608398","walktrap","edit-xhwikibooks.graphml"
"0.54","0.37","0.09","0.470731784952626","5,4,5,1,8,1,9,2,1,1,10,11,2,2,2,1,12,13,3,14,4,6,15,2,2,2,2,1,4,16,17,18,19,20,3,3,7,2,4,4,4,4,6,6,6,6,4,6,6,6,4,4,4,4,4,6,6,6,6,4,21,4,4,22,23,4,4,4,4,4,6,4,24,25,4,4,4,4,4,4,4,26,27,28,29,30,4,4,4,4,31,32,33,4,4,4,34,4,4,4,4,4,4,4,4,4,4,35,36,4,4,4,4,3,3,3,3,3,3,3,3,7,7,7,7,7,7,7,7","0.000737190246582031","walktrap","edit-xhwikibooks.graphml"
"0.53","0.38","0.09","0.469556417608365","5,4,5,1,8,1,9,2,1,1,10,11,2,2,2,1,12,13,3,14,4,6,15,2,2,2,2,1,4,16,17,18,19,20,3,3,7,2,4,4,4,4,6,6,6,6,4,6,6,6,4,4,4,4,4,6,6,6,6,4,21,4,4,22,23,4,4,4,4,4,6,4,24,25,4,4,4,4,4,4,4,26,27,28,29,30,4,4,4,4,31,32,33,4,4,4,34,4,4,4,4,4,4,4,4,4,4,35,36,4,4,4,4,3,3,3,3,3,3,3,3,7,7,7,7,7,7,7,7","0.000713825225830078","walktrap","edit-xhwikibooks.graphml"
"0.52","0.39","0.09","0.471363163371488","5,4,5,1,8,1,9,2,1,1,10,11,2,2,2,1,12,13,3,14,4,6,15,2,2,2,2,1,4,16,17,18,19,20,3,3,7,2,4,4,4,4,6,6,6,6,4,6,6,6,4,4,4,4,4,6,6,6,6,4,21,4,4,22,23,4,4,4,4,4,6,4,24,25,4,4,4,4,4,4,4,26,27,28,29,30,4,4,4,4,31,32,33,4,4,4,34,4,4,4,4,4,4,4,4,4,4,35,36,4,4,4,4,3,3,3,3,3,3,3,3,7,7,7,7,7,7,7,7","0.000688791275024414","walktrap","edit-xhwikibooks.graphml"
"0.51","0.4","0.09","0.476099582521001","5,4,5,1,8,1,9,2,1,1,10,11,2,2,2,1,12,13,3,14,4,6,15,2,2,2,2,1,4,16,17,18,19,20,3,3,7,2,4,4,4,4,6,6,6,6,4,6,6,6,4,4,4,4,4,6,6,6,6,4,21,4,4,22,23,4,4,4,4,4,6,4,24,25,4,4,4,4,4,4,4,26,27,28,29,30,4,4,4,4,31,32,33,4,4,4,34,4,4,4,4,4,4,4,4,4,4,35,36,4,4,4,4,3,3,3,3,3,3,3,3,7,7,7,7,7,7,7,7","0.000713109970092773","walktrap","edit-xhwikibooks.graphml"
"0.5","0.41","0.09","0.476099582521001","5,4,5,1,8,1,9,2,1,1,10,11,2,2,2,1,12,13,3,14,4,6,15,2,2,2,2,1,4,16,17,18,19,20,3,3,7,2,4,4,4,4,6,6,6,6,4,6,6,6,4,4,4,4,4,6,6,6,6,4,21,4,4,22,23,4,4,4,4,4,6,4,24,25,4,4,4,4,4,4,4,26,27,28,29,30,4,4,4,4,31,32,33,4,4,4,34,4,4,4,4,4,4,4,4,4,4,35,36,4,4,4,4,3,3,3,3,3,3,3,3,7,7,7,7,7,7,7,7","0.000687122344970703","walktrap","edit-xhwikibooks.graphml"
"0.49","0.42","0.09","0.474938131364355","5,4,5,1,8,1,9,2,1,1,10,11,2,2,2,1,12,13,3,14,4,6,15,2,2,2,2,1,4,16,17,18,19,20,3,3,7,2,4,4,4,4,6,6,6,6,4,6,6,6,4,4,4,4,4,6,6,6,6,4,21,4,4,22,23,4,4,4,4,4,6,4,24,25,4,4,4,4,4,4,4,26,27,28,29,30,4,4,4,4,31,32,33,4,4,4,34,4,4,4,4,4,4,4,4,4,4,35,36,4,4,4,4,3,3,3,3,3,3,3,3,7,7,7,7,7,7,7,7","0.000712871551513672","walktrap","edit-xhwikibooks.graphml"
"0.48","0.43","0.09","0.48042180740266","5,4,5,1,8,1,9,2,1,1,10,11,2,2,2,1,12,13,3,14,4,6,15,2,2,2,2,1,4,16,17,18,19,20,3,3,7,2,4,4,4,4,6,6,6,6,4,6,6,6,4,4,4,4,4,6,6,6,6,4,21,4,4,22,23,4,4,4,4,4,6,4,24,25,4,4,4,4,4,4,4,26,27,28,29,30,4,4,4,4,31,32,33,4,4,4,34,4,4,4,4,4,4,4,4,4,4,35,36,4,4,4,4,3,3,3,3,3,3,3,3,7,7,7,7,7,7,7,7","0.000680208206176758","walktrap","edit-xhwikibooks.graphml"
"0.47","0.44","0.09","0.479266387365781","5,4,5,1,8,1,9,2,1,1,10,11,2,2,2,1,12,13,3,14,4,6,15,2,2,2,2,1,4,16,17,18,19,20,3,3,7,2,4,4,4,4,6,6,6,6,4,6,6,6,4,4,4,4,4,6,6,6,6,4,21,4,4,22,23,4,4,4,4,4,6,4,24,25,4,4,4,4,4,4,4,26,27,28,29,30,4,4,4,4,31,32,33,4,4,4,34,4,4,4,4,4,4,4,4,4,4,35,36,4,4,4,4,3,3,3,3,3,3,3,3,7,7,7,7,7,7,7,7","0.0249612331390381","walktrap","edit-xhwikibooks.graphml"
"0.46","0.45","0.09","0.487208773387129","5,4,5,1,8,1,9,2,1,1,10,11,2,2,2,1,12,13,3,14,4,6,15,2,2,2,2,1,4,16,17,18,19,20,3,3,7,2,4,4,4,4,6,6,6,6,4,6,6,6,4,4,4,4,4,6,6,6,6,4,21,4,4,22,23,4,4,4,4,4,6,4,24,25,4,4,4,4,4,4,4,26,27,28,29,30,4,4,4,4,31,32,33,4,4,4,34,4,4,4,4,4,4,4,4,4,4,35,36,4,4,4,4,3,3,3,3,3,3,3,3,7,7,7,7,7,7,7,7","0.000746965408325195","walktrap","edit-xhwikibooks.graphml"
"0.45","0.46","0.09","0.476206759280997","3,6,3,7,8,1,9,1,1,10,11,12,1,1,1,1,13,14,2,15,6,4,16,1,1,1,1,17,18,19,20,21,22,23,2,2,5,1,6,6,6,6,4,4,4,4,6,4,4,4,6,6,6,6,6,4,4,4,4,6,24,6,6,25,26,6,6,6,6,6,4,6,27,28,6,6,6,6,6,6,6,29,30,31,32,33,6,6,6,6,34,35,36,6,6,6,37,6,6,6,6,6,6,6,6,6,6,38,39,6,6,6,6,2,2,2,2,2,2,2,2,5,5,5,5,5,5,5,5","0.000665903091430664","walktrap","edit-xhwikibooks.graphml"
"0.44","0.47","0.09","0.47912187106982","3,6,3,7,8,1,9,1,1,10,11,12,1,1,1,1,13,14,2,15,6,4,16,1,1,1,1,17,18,19,20,21,22,23,2,2,5,1,6,6,6,6,4,4,4,4,6,4,4,4,6,6,6,6,6,4,4,4,4,6,24,6,6,25,26,6,6,6,6,6,4,6,27,28,6,6,6,6,6,6,6,29,30,31,32,33,6,6,6,6,34,35,36,6,6,6,37,6,6,6,6,6,6,6,6,6,6,38,39,6,6,6,6,2,2,2,2,2,2,2,2,5,5,5,5,5,5,5,5","0.000651836395263672","walktrap","edit-xhwikibooks.graphml"
"0.43","0.48","0.09","0.477959183673469","3,6,3,7,8,1,9,1,1,10,11,12,1,1,1,1,13,14,2,15,6,4,16,1,1,1,1,17,18,19,20,21,22,23,2,2,5,1,6,6,6,6,4,4,4,4,6,4,4,4,6,6,6,6,6,4,4,4,4,6,24,6,6,25,26,6,6,6,6,6,4,6,27,28,6,6,6,6,6,6,6,29,30,31,32,33,6,6,6,6,34,35,36,6,6,6,37,6,6,6,6,6,6,6,6,6,6,38,39,6,6,6,6,2,2,2,2,2,2,2,2,5,5,5,5,5,5,5,5","0.000636100769042969","walktrap","edit-xhwikibooks.graphml"
"0.42","0.49","0.09","0.477959183673469","3,6,3,7,8,1,9,1,1,10,11,12,1,1,1,1,13,14,2,15,6,4,16,1,1,1,1,17,18,19,20,21,22,23,2,2,5,1,6,6,6,6,4,4,4,4,6,4,4,4,6,6,6,6,6,4,4,4,4,6,24,6,6,25,26,6,6,6,6,6,4,6,27,28,6,6,6,6,6,6,6,29,30,31,32,33,6,6,6,6,34,35,36,6,6,6,37,6,6,6,6,6,6,6,6,6,6,38,39,6,6,6,6,2,2,2,2,2,2,2,2,5,5,5,5,5,5,5,5","0.000823020935058594","walktrap","edit-xhwikibooks.graphml"
"0.41","0.5","0.09","0.574641203703703","4,7,4,8,9,3,10,1,1,11,12,13,1,1,1,3,14,15,2,16,7,5,17,1,1,1,1,18,19,20,21,22,23,24,2,2,6,1,7,7,7,7,5,5,5,5,7,5,5,5,7,7,7,7,7,5,5,5,5,7,25,7,7,26,27,7,7,7,7,7,5,7,28,29,7,7,7,7,7,7,7,30,31,32,33,34,7,7,7,7,35,36,37,7,7,7,38,7,7,7,7,7,7,7,7,7,7,39,40,7,7,7,7,2,2,2,2,2,2,2,2,6,6,6,6,6,6,6,6","0.000616788864135742","walktrap","edit-xhwikibooks.graphml"
"0.4","0.51","0.09","0.574641203703703","4,7,4,8,9,3,10,1,1,11,12,13,1,1,1,3,14,15,2,16,7,5,17,1,1,1,1,18,19,20,21,22,23,24,2,2,6,1,7,7,7,7,5,5,5,5,7,5,5,5,7,7,7,7,7,5,5,5,5,7,25,7,7,26,27,7,7,7,7,7,5,7,28,29,7,7,7,7,7,7,7,30,31,32,33,34,7,7,7,7,35,36,37,7,7,7,38,7,7,7,7,7,7,7,7,7,7,39,40,7,7,7,7,2,2,2,2,2,2,2,2,6,6,6,6,6,6,6,6","0.000603914260864258","walktrap","edit-xhwikibooks.graphml"
"0.39","0.52","0.09","0.574641203703703","4,7,4,8,9,3,10,1,1,11,12,13,1,1,1,3,14,15,2,16,7,5,17,1,1,1,1,18,19,20,21,22,23,24,2,2,6,1,7,7,7,7,5,5,5,5,7,5,5,5,7,7,7,7,7,5,5,5,5,7,25,7,7,26,27,7,7,7,7,7,5,7,28,29,7,7,7,7,7,7,7,30,31,32,33,34,7,7,7,7,35,36,37,7,7,7,38,7,7,7,7,7,7,7,7,7,7,39,40,7,7,7,7,2,2,2,2,2,2,2,2,6,6,6,6,6,6,6,6","0.000613927841186523","walktrap","edit-xhwikibooks.graphml"
"0.38","0.53","0.09","0.573541486022973","4,7,4,8,9,3,10,1,1,11,12,13,1,1,1,3,14,15,2,16,7,5,17,1,1,1,1,18,19,20,21,22,23,24,2,2,6,1,7,7,7,7,5,5,5,5,7,5,5,5,7,7,7,7,7,5,5,5,5,7,25,7,7,26,27,7,7,7,7,7,5,7,28,29,7,7,7,7,7,7,7,30,31,32,33,34,7,7,7,7,35,36,37,7,7,7,38,7,7,7,7,7,7,7,7,7,7,39,40,7,7,7,7,2,2,2,2,2,2,2,2,6,6,6,6,6,6,6,6","0.000622034072875977","walktrap","edit-xhwikibooks.graphml"
"0.37","0.54","0.09","0.575558591007601","4,7,4,8,9,3,10,1,1,11,12,13,1,1,1,3,14,15,2,16,7,5,17,1,1,1,1,18,19,20,21,22,23,24,2,2,6,1,7,7,7,7,5,5,5,5,7,5,5,5,7,7,7,7,7,5,5,5,5,7,25,7,7,26,27,7,7,7,7,7,5,7,28,29,7,7,7,7,7,7,7,30,31,32,33,34,7,7,7,7,35,36,37,7,7,7,38,7,7,7,7,7,7,7,7,7,7,39,40,7,7,7,7,2,2,2,2,2,2,2,2,6,6,6,6,6,6,6,6","0.000623941421508789","walktrap","edit-xhwikibooks.graphml"
"0.36","0.55","0.09","0.570150462962962","3,6,3,7,8,1,9,1,1,10,11,12,1,1,1,13,14,15,2,16,6,4,17,1,1,1,1,18,19,20,21,22,23,24,2,2,5,25,6,6,6,6,4,4,4,4,6,4,4,4,6,6,6,6,6,4,4,4,4,6,26,6,6,27,28,6,6,6,6,6,4,6,29,30,6,6,6,6,6,6,6,31,32,33,34,35,6,6,6,6,36,37,38,6,6,6,39,6,6,6,6,6,6,6,6,6,6,40,41,6,6,6,6,2,2,2,2,2,2,2,2,5,5,5,5,5,5,5,5","0.000812053680419922","walktrap","edit-xhwikibooks.graphml"
"0.35","0.56","0.09","0.573879765574921","3,6,3,7,8,1,9,1,1,10,11,12,1,1,1,13,14,15,2,16,6,4,17,1,1,1,1,18,19,20,21,22,23,24,2,2,5,25,6,6,6,6,4,4,4,4,6,4,4,4,6,6,6,6,6,4,4,4,4,6,26,6,6,27,28,6,6,6,6,6,4,6,29,30,6,6,6,6,6,6,6,31,32,33,34,35,6,6,6,6,36,37,38,6,6,6,39,6,6,6,6,6,6,6,6,6,6,40,41,6,6,6,6,2,2,2,2,2,2,2,2,5,5,5,5,5,5,5,5","0.000609159469604492","walktrap","edit-xhwikibooks.graphml"
"0.34","0.57","0.09","0.572786467226739","3,6,3,7,8,1,9,1,1,10,11,12,1,1,1,13,14,15,2,16,6,4,17,1,1,1,1,18,19,20,21,22,23,24,2,2,5,25,6,6,6,6,4,4,4,4,6,4,4,4,6,6,6,6,6,4,4,4,4,6,26,6,6,27,28,6,6,6,6,6,4,6,29,30,6,6,6,6,6,6,6,31,32,33,34,35,6,6,6,6,36,37,38,6,6,6,39,6,6,6,6,6,6,6,6,6,6,40,41,6,6,6,6,2,2,2,2,2,2,2,2,5,5,5,5,5,5,5,5","0.000607967376708984","walktrap","edit-xhwikibooks.graphml"
"0.33","0.58","0.09","0.576134359166824","3,6,3,7,8,1,9,1,1,10,11,12,1,1,1,13,14,15,2,16,6,4,17,1,1,1,1,18,19,20,21,22,23,24,2,2,5,25,6,6,6,6,4,4,4,4,6,4,4,4,6,6,6,6,6,4,4,4,4,6,26,6,6,27,28,6,6,6,6,6,4,6,29,30,6,6,6,6,6,6,6,31,32,33,34,35,6,6,6,6,36,37,38,6,6,6,39,6,6,6,6,6,6,6,6,6,6,40,41,6,6,6,6,2,2,2,2,2,2,2,2,5,5,5,5,5,5,5,5","0.000619888305664062","walktrap","edit-xhwikibooks.graphml"
"0.32","0.59","0.09","0.573970405898032","3,4,3,7,8,1,9,1,1,10,11,12,1,1,1,13,14,15,2,16,4,5,17,1,1,1,1,18,19,20,21,22,23,24,2,2,6,25,4,4,4,4,5,5,5,5,4,5,5,5,4,4,4,4,4,5,5,5,5,4,26,4,4,27,28,4,4,4,4,4,5,4,29,30,4,4,4,4,4,4,4,31,32,33,34,35,4,4,4,4,36,37,38,4,4,4,39,4,4,4,4,4,4,4,4,4,4,40,41,4,4,4,4,2,2,2,2,2,2,2,2,6,6,6,6,6,6,6,6","0.000615835189819336","walktrap","edit-xhwikibooks.graphml"
"0.31","0.6","0.09","0.578534823960302","3,4,3,7,8,1,9,1,1,10,11,12,1,1,1,13,14,15,2,16,4,5,17,1,1,1,1,18,19,20,21,22,23,24,2,2,6,25,4,4,4,4,5,5,5,5,4,5,5,5,4,4,4,4,4,5,5,5,5,4,26,4,4,27,28,4,4,4,4,4,5,4,29,30,4,4,4,4,4,4,4,31,32,33,34,35,4,4,4,4,36,37,38,4,4,4,39,4,4,4,4,4,4,4,4,4,4,40,41,4,4,4,4,2,2,2,2,2,2,2,2,6,6,6,6,6,6,6,6","0.000624895095825195","walktrap","edit-xhwikibooks.graphml"
"0.3","0.61","0.09","0.577459771887692","3,4,3,7,8,1,9,1,1,10,11,12,1,1,1,13,14,15,2,16,4,5,17,1,1,1,1,18,19,20,21,22,23,24,2,2,6,25,4,4,4,4,5,5,5,5,4,5,5,5,4,4,4,4,4,5,5,5,5,4,26,4,4,27,28,4,4,4,4,4,5,4,29,30,4,4,4,4,4,4,4,31,32,33,34,35,4,4,4,4,36,37,38,4,4,4,39,4,4,4,4,4,4,4,4,4,4,40,41,4,4,4,4,2,2,2,2,2,2,2,2,6,6,6,6,6,6,6,6","0.000624895095825195","walktrap","edit-xhwikibooks.graphml"
"0.29","0.62","0.09","0.579411979547114","3,4,3,7,8,1,9,1,1,10,11,12,1,1,1,13,14,15,2,16,4,5,17,1,1,1,1,18,19,20,21,22,23,24,2,2,6,25,4,4,4,4,5,5,5,5,4,5,5,5,4,4,4,4,4,5,5,5,5,4,26,4,4,27,28,4,4,4,4,4,5,4,29,30,4,4,4,4,4,4,4,31,32,33,34,35,4,4,4,4,36,37,38,4,4,4,39,4,4,4,4,4,4,4,4,4,4,40,41,4,4,4,4,2,2,2,2,2,2,2,2,6,6,6,6,6,6,6,6","0.000618934631347656","walktrap","edit-xhwikibooks.graphml"
"0.28","0.63","0.09","0.578341482552439","3,4,3,7,8,1,9,1,1,10,11,12,1,1,1,13,14,15,2,16,4,5,17,1,1,1,1,18,19,20,21,22,23,24,2,2,6,25,4,4,4,4,5,5,5,5,4,5,5,5,4,4,4,4,4,5,5,5,5,4,26,4,4,27,28,4,4,4,4,4,5,4,29,30,4,4,4,4,4,4,4,31,32,33,34,35,4,4,4,4,36,37,38,4,4,4,39,4,4,4,4,4,4,4,4,4,4,40,41,4,4,4,4,2,2,2,2,2,2,2,2,6,6,6,6,6,6,6,6","0.000639915466308594","walktrap","edit-xhwikibooks.graphml"
"0.27","0.64","0.09","0.579424621928165","3,4,3,7,8,9,10,1,11,12,13,14,1,1,1,15,16,17,2,18,4,5,19,1,1,1,1,20,21,22,23,24,25,26,2,2,6,27,4,4,4,4,5,5,5,5,4,5,5,5,4,4,4,4,4,5,5,5,5,4,28,4,4,29,30,4,4,4,4,4,5,4,31,32,4,4,4,4,4,4,4,33,34,35,36,37,4,4,4,4,38,39,40,4,4,4,41,4,4,4,4,4,4,4,4,4,4,42,43,4,4,4,4,2,2,2,2,2,2,2,2,6,6,6,6,6,6,6,6","0.000658988952636719","walktrap","edit-xhwikibooks.graphml"
"0.26","0.65","0.09","0.57833006514347","3,4,3,7,8,9,10,1,11,12,13,14,1,1,1,15,16,17,2,18,4,5,19,1,1,1,1,20,21,22,23,24,25,26,2,2,6,27,4,4,4,4,5,5,5,5,4,5,5,5,4,4,4,4,4,5,5,5,5,4,28,4,4,29,30,4,4,4,4,4,5,4,31,32,4,4,4,4,4,4,4,33,34,35,36,37,4,4,4,4,38,39,40,4,4,4,41,4,4,4,4,4,4,4,4,4,4,42,43,4,4,4,4,2,2,2,2,2,2,2,2,6,6,6,6,6,6,6,6","0.000726222991943359","walktrap","edit-xhwikibooks.graphml"
"0.25","0.66","0.09","0.57833006514347","3,4,3,7,8,9,10,1,11,12,13,14,1,1,1,15,16,17,2,18,4,5,19,1,1,1,1,20,21,22,23,24,25,26,2,2,6,27,4,4,4,4,5,5,5,5,4,5,5,5,4,4,4,4,4,5,5,5,5,4,28,4,4,29,30,4,4,4,4,4,5,4,31,32,4,4,4,4,4,4,4,33,34,35,36,37,4,4,4,4,38,39,40,4,4,4,41,4,4,4,4,4,4,4,4,4,4,42,43,4,4,4,4,2,2,2,2,2,2,2,2,6,6,6,6,6,6,6,6","0.000588893890380859","walktrap","edit-xhwikibooks.graphml"
"0.24","0.67","0.09","0.602620442708333","3,4,3,7,8,9,10,1,11,12,13,14,1,1,1,15,16,17,2,18,4,5,19,1,1,1,1,20,21,22,23,24,25,26,2,2,6,27,4,4,4,4,5,5,5,5,4,5,5,5,4,4,4,4,4,5,5,5,5,4,28,4,4,29,30,4,4,4,4,4,5,4,31,32,4,4,4,4,4,4,4,33,34,35,36,37,4,4,4,4,38,39,40,4,4,4,41,4,4,4,4,4,4,4,4,4,4,42,43,4,4,4,4,2,2,2,2,2,2,2,2,6,6,6,6,6,6,6,6","0.000606060028076172","walktrap","edit-xhwikibooks.graphml"
"0.23","0.68","0.09","0.602620442708333","3,4,3,7,8,9,10,1,11,12,13,14,1,1,1,15,16,17,2,18,4,5,19,1,1,1,1,20,21,22,23,24,25,26,2,2,6,27,4,4,4,4,5,5,5,5,4,5,5,5,4,4,4,4,4,5,5,5,5,4,28,4,4,29,30,4,4,4,4,4,5,4,31,32,4,4,4,4,4,4,4,33,34,35,36,37,4,4,4,4,38,39,40,4,4,4,41,4,4,4,4,4,4,4,4,4,4,42,43,4,4,4,4,2,2,2,2,2,2,2,2,6,6,6,6,6,6,6,6","0.000599861145019531","walktrap","edit-xhwikibooks.graphml"
"0.22","0.69","0.09","0.601558441558441","3,4,3,7,8,9,10,1,11,12,13,14,1,1,1,15,16,17,2,18,4,5,19,1,1,1,1,20,21,22,23,24,25,26,2,2,6,27,4,4,4,4,5,5,5,5,4,5,5,5,4,4,4,4,4,5,5,5,5,4,28,4,4,29,30,4,4,4,4,4,5,4,31,32,4,4,4,4,4,4,4,33,34,35,36,37,4,4,4,4,38,39,40,4,4,4,41,4,4,4,4,4,4,4,4,4,4,42,43,4,4,4,4,2,2,2,2,2,2,2,2,6,6,6,6,6,6,6,6","0.000619173049926758","walktrap","edit-xhwikibooks.graphml"
"0.21","0.7","0.09","0.603311498295256","3,4,3,7,8,9,10,1,11,12,13,14,1,1,1,15,16,17,2,18,4,5,19,1,1,1,1,20,21,22,23,24,25,26,2,2,6,27,4,4,4,4,5,5,5,5,4,5,5,5,4,4,4,4,4,5,5,5,5,4,28,4,4,29,30,4,4,4,4,4,5,4,31,32,4,4,4,4,4,4,4,33,34,35,36,37,4,4,4,4,38,39,40,4,4,4,41,4,4,4,4,4,4,4,4,4,4,42,43,4,4,4,4,2,2,2,2,2,2,2,2,6,6,6,6,6,6,6,6","0.000607967376708984","walktrap","edit-xhwikibooks.graphml"
"0.2","0.71","0.09","0.602254138039247","3,4,3,7,8,9,10,1,11,12,13,14,1,1,1,15,16,17,2,18,4,5,19,1,1,1,1,20,21,22,23,24,25,26,2,2,6,27,4,4,4,4,5,5,5,5,4,5,5,5,4,4,4,4,4,5,5,5,5,4,28,4,4,29,30,4,4,4,4,4,5,4,31,32,4,4,4,4,4,4,4,33,34,35,36,37,4,4,4,4,38,39,40,4,4,4,41,4,4,4,4,4,4,4,4,4,4,42,43,4,4,4,4,2,2,2,2,2,2,2,2,6,6,6,6,6,6,6,6","0.000607967376708984","walktrap","edit-xhwikibooks.graphml"
"0.19","0.72","0.09","0.605124206157772","3,4,3,7,8,9,10,1,11,12,13,14,1,1,1,15,16,17,2,18,4,5,19,1,1,1,1,20,21,22,23,24,25,26,2,2,6,27,4,4,4,4,5,5,5,5,4,5,5,5,4,4,4,4,4,5,5,5,5,4,28,4,4,29,30,4,4,4,4,4,5,4,31,32,4,4,4,4,4,4,4,33,34,35,36,37,4,4,4,4,38,39,40,4,4,4,41,4,4,4,4,4,4,4,4,4,4,42,43,4,4,4,4,2,2,2,2,2,2,2,2,6,6,6,6,6,6,6,6","0.000816106796264648","walktrap","edit-xhwikibooks.graphml"
"0.18","0.73","0.09","0.582822647031923","3,5,3,7,8,9,10,4,11,12,13,14,1,1,1,15,16,17,2,18,5,6,19,4,1,1,1,20,21,22,23,24,25,26,2,2,1,27,5,5,5,5,6,6,6,6,5,6,6,6,5,5,5,5,5,6,6,6,6,5,28,5,5,29,30,5,5,5,5,5,6,5,31,32,5,5,5,5,5,5,5,33,34,35,36,37,5,5,5,5,38,39,40,5,5,5,41,5,5,5,5,5,5,5,5,5,5,42,43,5,5,5,5,2,44,45,2,2,2,2,2,46,47,48,49,50,51,52,53","0.000585079193115234","walktrap","edit-xhwikibooks.graphml"
"0.17","0.74","0.09","0.582822647031923","3,5,3,7,8,9,10,4,11,12,13,14,1,1,1,15,16,17,2,18,5,6,19,4,1,1,1,20,21,22,23,24,25,26,2,2,1,27,5,5,5,5,6,6,6,6,5,6,6,6,5,5,5,5,5,6,6,6,6,5,28,5,5,29,30,5,5,5,5,5,6,5,31,32,5,5,5,5,5,5,5,33,34,35,36,37,5,5,5,5,38,39,40,5,5,5,41,5,5,5,5,5,5,5,5,5,5,42,43,5,5,5,5,2,44,45,2,2,2,2,2,46,47,48,49,50,51,52,53","0.000590085983276367","walktrap","edit-xhwikibooks.graphml"
"0.16","0.75","0.09","0.587671619787684","4,5,4,7,8,9,10,3,11,12,13,14,1,1,1,15,16,17,2,18,5,6,19,3,1,1,1,20,21,22,23,24,25,26,2,2,1,27,5,5,5,5,6,6,6,6,5,6,6,6,5,5,5,5,5,6,6,6,6,5,28,5,5,29,30,5,5,5,5,5,6,5,31,32,5,5,5,5,5,5,5,33,34,35,36,37,5,5,5,5,38,39,40,5,5,5,41,5,5,5,5,5,5,5,5,5,5,42,43,5,5,5,5,2,44,45,2,2,2,2,2,46,47,48,49,50,51,52,53","0.00058293342590332","walktrap","edit-xhwikibooks.graphml"
"0.15","0.76","0.09","0.587671619787684","4,5,4,7,8,9,10,3,11,12,13,14,1,1,1,15,16,17,2,18,5,6,19,3,1,1,1,20,21,22,23,24,25,26,2,2,1,27,5,5,5,5,6,6,6,6,5,6,6,6,5,5,5,5,5,6,6,6,6,5,28,5,5,29,30,5,5,5,5,5,6,5,31,32,5,5,5,5,5,5,5,33,34,35,36,37,5,5,5,5,38,39,40,5,5,5,41,5,5,5,5,5,5,5,5,5,5,42,43,5,5,5,5,2,44,45,2,2,2,2,2,46,47,48,49,50,51,52,53","0.000586032867431641","walktrap","edit-xhwikibooks.graphml"
"0.14","0.77","0.09","0.589505496011622","4,5,4,7,8,9,10,3,11,12,13,14,1,1,1,15,16,17,2,18,5,6,19,3,1,1,1,20,21,22,23,24,25,26,2,2,1,27,5,5,5,5,6,6,6,6,5,6,6,6,5,5,5,5,5,6,6,6,6,5,28,5,5,29,30,5,5,5,5,5,6,5,31,32,5,5,5,5,5,5,5,33,34,35,36,37,5,5,5,5,38,39,40,5,5,5,41,5,5,5,5,5,5,5,5,5,5,42,43,5,5,5,5,2,44,45,2,2,2,2,2,46,47,48,49,50,51,52,53","0.000592947006225586","walktrap","edit-xhwikibooks.graphml"
"0.13","0.78","0.09","0.591492663180974","4,5,4,7,8,9,10,3,11,12,13,14,1,1,1,15,16,17,2,18,5,6,19,3,1,1,1,20,21,22,23,24,25,26,2,2,1,27,5,5,5,5,6,6,6,6,5,6,6,6,5,5,5,5,5,6,6,6,6,5,28,5,5,29,30,5,5,5,5,5,6,5,31,32,5,5,5,5,5,5,5,33,34,35,36,37,5,5,5,5,38,39,40,5,5,5,41,5,5,5,5,5,5,5,5,5,5,42,43,5,5,5,5,2,44,45,2,2,2,2,2,46,47,48,49,50,51,52,53","0.000606060028076172","walktrap","edit-xhwikibooks.graphml"
"0.12","0.79","0.09","0.590438669494483","4,5,4,7,8,9,10,3,11,12,13,14,1,1,1,15,16,17,2,18,5,6,19,3,1,1,1,20,21,22,23,24,25,26,2,2,1,27,5,5,5,5,6,6,6,6,5,6,6,6,5,5,5,5,5,6,6,6,6,5,28,5,5,29,30,5,5,5,5,5,6,5,31,32,5,5,5,5,5,5,5,33,34,35,36,37,5,5,5,5,38,39,40,5,5,5,41,5,5,5,5,5,5,5,5,5,5,42,43,5,5,5,5,2,44,45,2,2,2,2,2,46,47,48,49,50,51,52,53","0.000607967376708984","walktrap","edit-xhwikibooks.graphml"
"0.11","0.8","0.09","0.593037318019311","4,5,4,7,8,9,10,3,11,12,13,14,1,1,1,15,16,17,2,18,5,6,19,3,1,1,1,20,21,22,23,24,25,26,2,2,1,27,5,5,5,5,6,6,6,6,5,6,6,6,5,5,5,5,5,6,6,6,6,5,28,5,5,29,30,5,5,5,5,5,6,5,31,32,5,5,5,5,5,5,5,33,34,35,36,37,5,5,5,5,38,39,40,5,5,5,41,5,5,5,5,5,5,5,5,5,5,42,43,5,5,5,5,2,44,45,2,2,2,2,2,46,47,48,49,50,51,52,53","0.000620841979980469","walktrap","edit-xhwikibooks.graphml"
"0.1","0.81","0.09","0.591435062174513","4,5,4,7,8,9,10,3,11,12,13,14,1,1,1,15,16,17,2,18,5,6,19,3,1,1,1,20,21,22,23,24,25,26,2,2,1,27,5,5,5,5,6,6,6,6,5,6,6,6,5,5,5,5,5,6,6,6,6,5,28,5,5,29,30,5,5,5,5,5,6,5,31,32,5,5,5,5,5,5,5,33,34,35,36,37,5,5,5,5,38,39,40,5,5,5,41,5,5,5,5,5,5,5,5,5,5,42,43,5,5,5,5,2,44,45,2,2,2,2,2,46,47,48,49,50,51,52,53","0.000699043273925781","walktrap","edit-xhwikibooks.graphml"
"0.09","0.82","0.09","0.592386587771203","4,5,4,7,8,9,10,3,11,12,13,14,1,1,1,15,16,17,2,18,5,6,19,3,1,1,1,20,21,22,23,24,25,26,2,2,1,27,5,5,5,5,6,6,6,6,5,6,6,6,5,5,5,5,5,6,6,6,6,5,28,5,5,29,30,5,5,5,5,5,6,5,31,32,5,5,5,5,5,5,5,33,34,35,36,37,5,5,5,5,38,39,40,5,5,5,41,5,5,5,5,5,5,5,5,5,5,42,43,5,5,5,5,2,44,45,2,2,2,2,2,46,47,48,49,50,51,52,53","0.000585079193115234","walktrap","edit-xhwikibooks.graphml"
"0.08","0.83","0.09","0.592386587771203","4,5,4,7,8,9,10,3,11,12,13,14,1,1,1,15,16,17,2,18,5,6,19,3,1,1,1,20,21,22,23,24,25,26,2,2,1,27,5,5,5,5,6,6,6,6,5,6,6,6,5,5,5,5,5,6,6,6,6,5,28,5,5,29,30,5,5,5,5,5,6,5,31,32,5,5,5,5,5,5,5,33,34,35,36,37,5,5,5,5,38,39,40,5,5,5,41,5,5,5,5,5,5,5,5,5,5,42,43,5,5,5,5,2,44,45,2,2,2,2,2,46,47,48,49,50,51,52,53","0.000590801239013672","walktrap","edit-xhwikibooks.graphml"
"0.07","0.84","0.09","0.592715274885463","4,5,4,7,8,9,10,3,11,12,13,14,1,1,1,15,16,17,2,18,5,6,19,3,1,1,1,20,21,22,23,24,25,26,2,2,1,27,5,5,5,5,6,6,6,6,5,6,6,6,5,5,5,5,5,6,6,6,6,5,28,5,5,29,30,5,5,5,5,5,6,5,31,32,5,5,5,5,5,5,5,33,34,35,36,37,5,5,5,5,38,39,40,5,5,5,41,5,5,5,5,5,5,5,5,5,5,42,43,5,5,5,5,2,44,45,2,2,2,2,2,46,47,48,49,50,51,52,53","0.000584125518798828","walktrap","edit-xhwikibooks.graphml"
"0.06","0.85","0.09","0.594468076840899","4,5,4,7,8,9,10,3,11,12,13,14,1,1,1,15,16,17,2,18,5,6,19,3,1,1,1,20,21,22,23,24,25,26,2,2,1,27,5,5,5,5,6,6,6,6,5,6,6,6,5,5,5,5,5,6,6,6,6,5,28,5,5,29,30,5,5,5,5,5,6,5,31,32,5,5,5,5,5,5,5,33,34,35,36,37,5,5,5,5,38,39,40,5,5,5,41,5,5,5,5,5,5,5,5,5,5,42,43,5,5,5,5,2,44,45,2,2,2,2,2,46,47,48,49,50,51,52,53","0.000590085983276367","walktrap","edit-xhwikibooks.graphml"
"0.05","0.86","0.09","0.596342209978574","4,5,4,7,8,9,10,3,11,12,13,14,1,1,1,15,16,17,2,18,5,6,19,3,1,1,1,20,21,22,23,24,25,26,2,2,1,27,5,5,5,5,6,6,6,6,5,6,6,6,5,5,5,5,5,6,6,6,6,5,28,5,5,29,30,5,5,5,5,5,6,5,31,32,5,5,5,5,5,5,5,33,34,35,36,37,5,5,5,5,38,39,40,5,5,5,41,5,5,5,5,5,5,5,5,5,5,42,43,5,5,5,5,2,44,45,2,2,2,2,2,46,47,48,49,50,51,52,53","0.000611066818237305","walktrap","edit-xhwikibooks.graphml"
"0.04","0.87","0.09","0.596342209978574","4,5,4,7,8,9,10,3,11,12,13,14,1,1,1,15,16,17,2,18,5,6,19,3,1,1,1,20,21,22,23,24,25,26,2,2,1,27,5,5,5,5,6,6,6,6,5,6,6,6,5,5,5,5,5,6,6,6,6,5,28,5,5,29,30,5,5,5,5,5,6,5,31,32,5,5,5,5,5,5,5,33,34,35,36,37,5,5,5,5,38,39,40,5,5,5,41,5,5,5,5,5,5,5,5,5,5,42,43,5,5,5,5,2,44,45,2,2,2,2,2,46,47,48,49,50,51,52,53","0.000610828399658203","walktrap","edit-xhwikibooks.graphml"
"0.03","0.88","0.09","0.595314988357264","4,5,4,7,8,9,10,3,11,12,13,14,1,1,1,15,16,17,2,18,5,6,19,3,1,1,1,20,21,22,23,24,25,26,2,2,1,27,5,5,5,5,6,6,6,6,5,6,6,6,5,5,5,5,5,6,6,6,6,5,28,5,5,29,30,5,5,5,5,5,6,5,31,32,5,5,5,5,5,5,5,33,34,35,36,37,5,5,5,5,38,39,40,5,5,5,41,5,5,5,5,5,5,5,5,5,5,42,43,5,5,5,5,2,44,45,2,2,2,2,2,46,47,48,49,50,51,52,53","0.000619173049926758","walktrap","edit-xhwikibooks.graphml"
"0.02","0.89","0.09","0.598168353213863","4,5,4,7,8,9,10,3,11,12,13,14,1,1,1,15,16,17,2,18,5,6,19,3,1,1,1,20,21,22,23,24,25,26,2,2,1,27,5,5,5,5,6,6,6,6,5,6,6,6,5,5,5,5,5,6,6,6,6,5,28,5,5,29,30,5,5,5,5,5,6,5,31,32,5,5,5,5,5,5,5,33,34,35,36,37,5,5,5,5,38,39,40,5,5,5,41,5,5,5,5,5,5,5,5,5,5,42,43,5,5,5,5,2,44,45,2,2,2,2,2,46,47,48,49,50,51,52,53","0.000669956207275391","walktrap","edit-xhwikibooks.graphml"
"0.01","0.9","0.09","0.597149999999999","4,5,4,7,8,9,10,3,11,12,13,14,1,1,1,15,16,17,2,18,5,6,19,3,1,1,1,20,21,22,23,24,25,26,2,2,1,27,5,5,5,5,6,6,6,6,5,6,6,6,5,5,5,5,5,6,6,6,6,5,28,5,5,29,30,5,5,5,5,5,6,5,31,32,5,5,5,5,5,5,5,33,34,35,36,37,5,5,5,5,38,39,40,5,5,5,41,5,5,5,5,5,5,5,5,5,5,42,43,5,5,5,5,2,44,45,2,2,2,2,2,46,47,48,49,50,51,52,53","0.000620841979980469","walktrap","edit-xhwikibooks.graphml"
"0","0.91","0.09","0.59621605724929","2,2,2,2,2,7,8,3,9,10,11,12,1,1,1,13,14,15,16,17,6,5,18,3,4,4,4,19,2,20,21,22,23,24,1,1,1,25,6,6,6,6,5,5,5,5,6,5,5,5,6,6,6,6,6,5,5,5,5,6,26,6,6,27,28,6,6,6,6,6,5,6,29,30,6,6,6,6,6,6,6,31,32,33,34,35,6,6,6,6,36,37,38,6,6,6,39,6,6,6,6,6,6,6,6,6,6,40,41,6,6,6,6,1,42,43,1,1,1,1,1,44,45,46,47,48,49,50,51","0.000622034072875977","walktrap","edit-xhwikibooks.graphml"
"0.9","0","0.1","0.480656783636705","1,10,1,1,1,4,1,4,4,5,1,1,2,4,4,3,5,6,1,1,10,12,2,2,4,4,4,3,7,5,6,8,11,1,1,1,9,4,10,10,10,10,12,12,12,12,10,12,12,12,10,10,10,10,10,12,12,12,12,10,2,10,10,2,4,10,10,10,10,10,12,10,4,4,10,10,10,10,10,10,10,4,3,3,3,7,10,10,10,10,5,6,8,10,10,10,3,10,10,10,10,10,10,10,10,10,10,11,11,10,10,10,10,1,1,1,1,1,1,1,1,9,9,9,9,9,9,9,9","0.000732898712158203","walktrap","edit-xhwikibooks.graphml"
"0.89","0.01","0.1","0.478354598455481","3,11,3,3,3,1,3,1,1,4,3,3,1,1,1,2,4,5,3,3,11,13,9,1,1,1,1,2,6,4,5,8,12,3,7,7,10,1,11,11,11,11,13,13,13,13,11,13,13,13,11,11,11,11,11,13,13,13,13,11,9,11,11,1,1,11,11,11,11,11,13,11,1,1,11,11,11,11,11,11,11,1,2,2,2,6,11,11,11,11,4,5,8,11,11,11,2,11,11,11,11,11,11,11,11,11,11,12,12,11,11,11,11,7,7,7,7,7,7,7,7,10,10,10,10,10,10,10,10","0.000733137130737305","walktrap","edit-xhwikibooks.graphml"
"0.88","0.02","0.1","0.478354598455481","3,11,3,3,3,1,3,1,1,4,3,3,1,1,1,2,4,5,3,3,11,13,9,1,1,1,1,2,6,4,5,8,12,3,7,7,10,1,11,11,11,11,13,13,13,13,11,13,13,13,11,11,11,11,11,13,13,13,13,11,9,11,11,1,1,11,11,11,11,11,13,11,1,1,11,11,11,11,11,11,11,1,2,2,2,6,11,11,11,11,4,5,8,11,11,11,2,11,11,11,11,11,11,11,11,11,11,12,12,11,11,11,11,7,7,7,7,7,7,7,7,10,10,10,10,10,10,10,10","0.000746011734008789","walktrap","edit-xhwikibooks.graphml"
"0.87","0.03","0.1","0.47737707655063","3,11,3,3,3,1,3,1,1,4,3,3,1,1,1,2,4,5,3,3,11,13,9,1,1,1,1,2,6,4,5,8,12,3,7,7,10,1,11,11,11,11,13,13,13,13,11,13,13,13,11,11,11,11,11,13,13,13,13,11,9,11,11,1,1,11,11,11,11,11,13,11,1,1,11,11,11,11,11,11,11,1,2,2,2,6,11,11,11,11,4,5,8,11,11,11,2,11,11,11,11,11,11,11,11,11,11,12,12,11,11,11,11,7,7,7,7,7,7,7,7,10,10,10,10,10,10,10,10","0.000734090805053711","walktrap","edit-xhwikibooks.graphml"
"0.86","0.04","0.1","0.47737707655063","3,11,3,3,3,1,3,1,1,4,3,3,1,1,1,2,4,5,3,3,11,13,9,1,1,1,1,2,6,4,5,8,12,3,7,7,10,1,11,11,11,11,13,13,13,13,11,13,13,13,11,11,11,11,11,13,13,13,13,11,9,11,11,1,1,11,11,11,11,11,13,11,1,1,11,11,11,11,11,11,11,1,2,2,2,6,11,11,11,11,4,5,8,11,11,11,2,11,11,11,11,11,11,11,11,11,11,12,12,11,11,11,11,7,7,7,7,7,7,7,7,10,10,10,10,10,10,10,10","0.000745058059692383","walktrap","edit-xhwikibooks.graphml"
"0.85","0.05","0.1","0.47640306122449","3,11,3,3,3,1,3,1,1,4,3,3,1,1,1,2,4,5,3,3,11,13,9,1,1,1,1,2,6,4,5,8,12,3,7,7,10,1,11,11,11,11,13,13,13,13,11,13,13,13,11,11,11,11,11,13,13,13,13,11,9,11,11,1,1,11,11,11,11,11,13,11,1,1,11,11,11,11,11,11,11,1,2,2,2,6,11,11,11,11,4,5,8,11,11,11,2,11,11,11,11,11,11,11,11,11,11,12,12,11,11,11,11,7,7,7,7,7,7,7,7,10,10,10,10,10,10,10,10","0.000855922698974609","walktrap","edit-xhwikibooks.graphml"
"0.84","0.06","0.1","0.47640306122449","3,11,3,3,3,1,3,1,1,4,3,3,1,1,1,2,4,5,3,3,11,13,9,1,1,1,1,2,6,4,5,8,12,3,7,7,10,1,11,11,11,11,13,13,13,13,11,13,13,13,11,11,11,11,11,13,13,13,13,11,9,11,11,1,1,11,11,11,11,11,13,11,1,1,11,11,11,11,11,11,11,1,2,2,2,6,11,11,11,11,4,5,8,11,11,11,2,11,11,11,11,11,11,11,11,11,11,12,12,11,11,11,11,7,7,7,7,7,7,7,7,10,10,10,10,10,10,10,10","0.000699996948242188","walktrap","edit-xhwikibooks.graphml"
"0.83","0.07","0.1","0.475432538937887","3,11,3,3,3,1,3,1,1,4,3,3,1,1,1,2,4,5,3,3,11,13,9,1,1,1,1,2,6,4,5,8,12,3,7,7,10,1,11,11,11,11,13,13,13,13,11,13,13,13,11,11,11,11,11,13,13,13,13,11,9,11,11,1,1,11,11,11,11,11,13,11,1,1,11,11,11,11,11,11,11,1,2,2,2,6,11,11,11,11,4,5,8,11,11,11,2,11,11,11,11,11,11,11,11,11,11,12,12,11,11,11,11,7,7,7,7,7,7,7,7,10,10,10,10,10,10,10,10","0.000710010528564453","walktrap","edit-xhwikibooks.graphml"
"0.82","0.08","0.1","0.47778001731912","3,12,3,3,3,1,3,1,1,4,3,3,1,1,1,2,4,5,3,3,12,13,9,1,1,1,1,2,6,4,5,8,11,3,7,7,10,1,12,12,12,12,13,13,13,13,12,13,13,13,12,12,12,12,12,13,13,13,13,12,9,12,12,1,1,12,12,12,12,12,13,12,1,1,12,12,12,12,12,12,12,1,2,2,2,6,12,12,12,12,4,5,8,12,12,12,2,12,12,12,12,12,12,12,12,12,12,11,11,12,12,12,12,7,7,7,7,7,7,7,7,10,10,10,10,10,10,10,10","0.000722885131835938","walktrap","edit-xhwikibooks.graphml"
"0.81","0.09","0.1","0.476813251267735","3,12,3,3,3,1,3,1,1,4,3,3,1,1,1,2,4,5,3,3,12,13,9,1,1,1,1,2,6,4,5,8,11,3,7,7,10,1,12,12,12,12,13,13,13,13,12,13,13,13,12,12,12,12,12,13,13,13,13,12,9,12,12,1,1,12,12,12,12,12,13,12,1,1,12,12,12,12,12,12,12,1,2,2,2,6,12,12,12,12,4,5,8,12,12,12,2,12,12,12,12,12,12,12,12,12,12,11,11,12,12,12,12,7,7,7,7,7,7,7,7,10,10,10,10,10,10,10,10","0.000713109970092773","walktrap","edit-xhwikibooks.graphml"
"0.8","0.1","0.1","0.476813251267735","3,12,3,3,3,1,3,1,1,4,3,3,1,1,1,2,4,5,3,3,12,13,9,1,1,1,1,2,6,4,5,8,11,3,7,7,10,1,12,12,12,12,13,13,13,13,12,13,13,13,12,12,12,12,12,13,13,13,13,12,9,12,12,1,1,12,12,12,12,12,13,12,1,1,12,12,12,12,12,12,12,1,2,2,2,6,12,12,12,12,4,5,8,12,12,12,2,12,12,12,12,12,12,12,12,12,12,11,11,12,12,12,12,7,7,7,7,7,7,7,7,10,10,10,10,10,10,10,10","0.000710964202880859","walktrap","edit-xhwikibooks.graphml"
"0.79","0.11","0.1","0.466244887623637","4,6,4,4,4,1,4,1,1,5,4,4,1,1,1,3,5,7,2,4,6,10,1,1,1,1,1,3,6,5,7,2,9,4,2,2,8,1,6,6,6,6,10,10,10,10,6,10,10,10,6,6,6,6,6,10,10,10,10,6,11,6,6,1,1,6,6,6,6,6,10,6,1,1,6,6,6,6,6,6,6,1,3,3,3,12,6,6,6,6,13,14,15,6,6,6,3,6,6,6,6,6,6,6,6,6,6,9,9,6,6,6,6,2,2,2,2,2,2,2,2,8,8,8,8,8,8,8,8","0.000757932662963867","walktrap","edit-xhwikibooks.graphml"
"0.78","0.12","0.1","0.471283078721095","4,6,4,4,4,1,4,1,1,5,4,4,1,1,1,3,5,7,2,4,6,10,1,1,1,1,1,3,6,5,7,2,9,4,2,2,8,1,6,6,6,6,10,10,10,10,6,10,10,10,6,6,6,6,6,10,10,10,10,6,11,6,6,1,1,6,6,6,6,6,10,6,1,1,6,6,6,6,6,6,6,1,3,3,3,12,6,6,6,6,13,14,15,6,6,6,3,6,6,6,6,6,6,6,6,6,6,9,9,6,6,6,6,2,2,2,2,2,2,2,2,8,8,8,8,8,8,8,8","0.00070500373840332","walktrap","edit-xhwikibooks.graphml"
"0.77","0.13","0.1","0.470312311315059","4,6,4,4,4,1,4,1,1,5,4,4,1,1,1,3,5,7,2,4,6,10,1,1,1,1,1,3,6,5,7,2,9,4,2,2,8,1,6,6,6,6,10,10,10,10,6,10,10,10,6,6,6,6,6,10,10,10,10,6,11,6,6,1,1,6,6,6,6,6,10,6,1,1,6,6,6,6,6,6,6,1,3,3,3,12,6,6,6,6,13,14,15,6,6,6,3,6,6,6,6,6,6,6,6,6,6,9,9,6,6,6,6,2,2,2,2,2,2,2,2,8,8,8,8,8,8,8,8","0.000854015350341797","walktrap","edit-xhwikibooks.graphml"
"0.76","0.14","0.1","0.470312311315059","4,6,4,4,4,1,4,1,1,5,4,4,1,1,1,3,5,7,2,4,6,10,1,1,1,1,1,3,6,5,7,2,9,4,2,2,8,1,6,6,6,6,10,10,10,10,6,10,10,10,6,6,6,6,6,10,10,10,10,6,11,6,6,1,1,6,6,6,6,6,10,6,1,1,6,6,6,6,6,6,6,1,3,3,3,12,6,6,6,6,13,14,15,6,6,6,3,6,6,6,6,6,6,6,6,6,6,9,9,6,6,6,6,2,2,2,2,2,2,2,2,8,8,8,8,8,8,8,8","0.000702857971191406","walktrap","edit-xhwikibooks.graphml"
"0.75","0.15","0.1","0.474066182093564","4,6,4,4,4,1,4,1,1,5,4,4,1,1,1,3,5,7,2,4,6,10,1,1,1,1,1,3,6,5,7,2,9,4,2,2,8,1,6,6,6,6,10,10,10,10,6,10,10,10,6,6,6,6,6,10,10,10,10,6,11,6,6,1,1,6,6,6,6,6,10,6,1,1,6,6,6,6,6,6,6,1,3,3,3,12,6,6,6,6,13,14,15,6,6,6,3,6,6,6,6,6,6,6,6,6,6,9,9,6,6,6,6,2,2,2,2,2,2,2,2,8,8,8,8,8,8,8,8","0.00068211555480957","walktrap","edit-xhwikibooks.graphml"
"0.74","0.16","0.1","0.476418507797732","4,6,4,4,4,1,4,1,1,5,4,4,1,1,1,3,5,7,2,4,6,10,1,1,1,1,1,3,6,5,7,2,9,4,2,2,8,1,6,6,6,6,10,10,10,10,6,10,10,10,6,6,6,6,6,10,10,10,10,6,11,6,6,1,1,6,6,6,6,6,10,6,1,1,6,6,6,6,6,6,6,1,3,3,3,12,6,6,6,6,13,14,15,6,6,6,3,6,6,6,6,6,6,6,6,6,6,9,9,6,6,6,6,2,2,2,2,2,2,2,2,8,8,8,8,8,8,8,8","0.000705957412719727","walktrap","edit-xhwikibooks.graphml"
"0.73","0.17","0.1","0.477710007304602","4,6,4,4,4,1,4,1,1,5,4,4,1,1,1,3,5,7,2,4,6,10,1,1,1,1,1,3,6,5,7,2,9,4,2,2,8,1,6,6,6,6,10,10,10,10,6,10,10,10,6,6,6,6,6,10,10,10,10,6,11,6,6,1,1,6,6,6,6,6,10,6,1,1,6,6,6,6,6,6,6,1,3,3,3,12,6,6,6,6,13,14,15,6,6,6,3,6,6,6,6,6,6,6,6,6,6,9,9,6,6,6,6,2,2,2,2,2,2,2,2,8,8,8,8,8,8,8,8","0.000699043273925781","walktrap","edit-xhwikibooks.graphml"
"0.72","0.18","0.1","0.477710007304602","4,6,4,4,4,1,4,1,1,5,4,4,1,1,1,3,5,7,2,4,6,10,1,1,1,1,1,3,6,5,7,2,9,4,2,2,8,1,6,6,6,6,10,10,10,10,6,10,10,10,6,6,6,6,6,10,10,10,10,6,11,6,6,1,1,6,6,6,6,6,10,6,1,1,6,6,6,6,6,6,6,1,3,3,3,12,6,6,6,6,13,14,15,6,6,6,3,6,6,6,6,6,6,6,6,6,6,9,9,6,6,6,6,2,2,2,2,2,2,2,2,8,8,8,8,8,8,8,8","0.000710010528564453","walktrap","edit-xhwikibooks.graphml"
"0.71","0.19","0.1","0.475795612209504","4,6,4,4,4,1,4,1,1,5,4,4,1,1,1,3,5,7,2,4,6,10,1,1,1,1,1,3,6,5,7,2,9,4,2,2,8,1,6,6,6,6,10,10,10,10,6,10,10,10,6,6,6,6,6,10,10,10,10,6,11,6,6,1,1,6,6,6,6,6,10,6,1,1,6,6,6,6,6,6,6,1,3,3,3,12,6,6,6,6,13,14,15,6,6,6,3,6,6,6,6,6,6,6,6,6,6,9,9,6,6,6,6,2,2,2,2,2,2,2,2,8,8,8,8,8,8,8,8","0.000731945037841797","walktrap","edit-xhwikibooks.graphml"
"0.7","0.2","0.1","0.480429094340702","4,6,4,4,4,1,4,1,1,5,4,4,1,1,1,3,5,7,2,4,6,10,1,1,1,1,1,3,6,5,7,2,9,4,2,2,8,1,6,6,6,6,10,10,10,10,6,10,10,10,6,6,6,6,6,10,10,10,10,6,11,6,6,1,1,6,6,6,6,6,10,6,1,1,6,6,6,6,6,6,6,1,3,3,3,12,6,6,6,6,13,14,15,6,6,6,3,6,6,6,6,6,6,6,6,6,6,9,9,6,6,6,6,2,2,2,2,2,2,2,2,8,8,8,8,8,8,8,8","0.000753164291381836","walktrap","edit-xhwikibooks.graphml"
"0.69","0.21","0.1","0.415195128470714","1,3,1,1,1,2,1,2,2,2,1,1,2,2,2,2,9,1,1,8,3,5,2,2,2,2,2,7,3,10,11,1,8,8,4,4,6,2,3,3,3,3,5,5,5,5,3,5,5,5,3,3,3,3,3,5,5,5,5,3,12,3,3,13,14,3,3,3,3,3,5,3,2,2,3,3,3,3,3,3,3,15,7,7,7,16,3,3,3,3,17,18,19,3,3,3,20,3,3,3,3,3,3,3,3,3,3,21,22,3,3,3,3,4,4,4,4,4,4,4,4,6,6,6,6,6,6,6,6","0.00069117546081543","walktrap","edit-xhwikibooks.graphml"
"0.68","0.22","0.1","0.415195128470714","1,3,1,1,1,2,1,2,2,2,1,1,2,2,2,2,9,1,1,8,3,5,2,2,2,2,2,7,3,10,11,1,8,8,4,4,6,2,3,3,3,3,5,5,5,5,3,5,5,5,3,3,3,3,3,5,5,5,5,3,12,3,3,13,14,3,3,3,3,3,5,3,2,2,3,3,3,3,3,3,3,15,7,7,7,16,3,3,3,3,17,18,19,3,3,3,20,3,3,3,3,3,3,3,3,3,3,21,22,3,3,3,3,4,4,4,4,4,4,4,4,6,6,6,6,6,6,6,6","0.000697135925292969","walktrap","edit-xhwikibooks.graphml"
"0.67","0.23","0.1","0.420181279299842","1,3,1,1,1,2,1,2,2,2,1,1,2,2,2,2,9,1,1,8,3,5,2,2,2,2,2,7,3,10,11,1,8,8,4,4,6,2,3,3,3,3,5,5,5,5,3,5,5,5,3,3,3,3,3,5,5,5,5,3,12,3,3,13,14,3,3,3,3,3,5,3,2,2,3,3,3,3,3,3,3,15,7,7,7,16,3,3,3,3,17,18,19,3,3,3,20,3,3,3,3,3,3,3,3,3,3,21,22,3,3,3,3,4,4,4,4,4,4,4,4,6,6,6,6,6,6,6,6","0.000707864761352539","walktrap","edit-xhwikibooks.graphml"
"0.66","0.24","0.1","0.42314693877551","1,3,1,1,1,2,1,2,2,2,1,1,2,2,2,2,9,1,1,8,3,5,2,2,2,2,2,7,3,10,11,1,8,8,4,4,6,2,3,3,3,3,5,5,5,5,3,5,5,5,3,3,3,3,3,5,5,5,5,3,12,3,3,13,14,3,3,3,3,3,5,3,2,2,3,3,3,3,3,3,3,15,7,7,7,16,3,3,3,3,17,18,19,3,3,3,20,3,3,3,3,3,3,3,3,3,3,21,22,3,3,3,3,4,4,4,4,4,4,4,4,6,6,6,6,6,6,6,6","0.000716209411621094","walktrap","edit-xhwikibooks.graphml"
"0.65","0.25","0.1","0.42882393309713","1,3,1,1,1,1,1,2,1,1,1,1,2,2,2,1,9,1,1,8,3,5,2,2,2,2,2,7,3,10,11,1,8,8,4,4,6,2,3,3,3,3,5,5,5,5,3,5,5,5,3,3,3,3,3,5,5,5,5,3,12,3,3,13,14,3,3,3,3,3,5,3,2,2,3,3,3,3,3,3,3,15,7,7,7,16,3,3,3,3,17,18,19,3,3,3,20,3,3,3,3,3,3,3,3,3,3,21,22,3,3,3,3,4,4,4,4,4,4,4,4,6,6,6,6,6,6,6,6","0.000718832015991211","walktrap","edit-xhwikibooks.graphml"
"0.64","0.26","0.1","0.42882393309713","1,3,1,1,1,1,1,2,1,1,1,1,2,2,2,1,9,1,1,8,3,5,2,2,2,2,2,7,3,10,11,1,8,8,4,4,6,2,3,3,3,3,5,5,5,5,3,5,5,5,3,3,3,3,3,5,5,5,5,3,12,3,3,13,14,3,3,3,3,3,5,3,2,2,3,3,3,3,3,3,3,15,7,7,7,16,3,3,3,3,17,18,19,3,3,3,20,3,3,3,3,3,3,3,3,3,3,21,22,3,3,3,3,4,4,4,4,4,4,4,4,6,6,6,6,6,6,6,6","0.000728845596313477","walktrap","edit-xhwikibooks.graphml"
"0.63","0.27","0.1","0.42882393309713","1,3,1,1,1,1,1,2,1,1,1,1,2,2,2,1,9,1,1,8,3,5,2,2,2,2,2,7,3,10,11,1,8,8,4,4,6,2,3,3,3,3,5,5,5,5,3,5,5,5,3,3,3,3,3,5,5,5,5,3,12,3,3,13,14,3,3,3,3,3,5,3,2,2,3,3,3,3,3,3,3,15,7,7,7,16,3,3,3,3,17,18,19,3,3,3,20,3,3,3,3,3,3,3,3,3,3,21,22,3,3,3,3,4,4,4,4,4,4,4,4,6,6,6,6,6,6,6,6","0.000720977783203125","walktrap","edit-xhwikibooks.graphml"
"0.62","0.28","0.1","0.427871454076572","1,3,1,1,1,1,1,2,1,1,1,1,2,2,2,1,9,1,1,8,3,5,2,2,2,2,2,7,3,10,11,1,8,8,4,4,6,2,3,3,3,3,5,5,5,5,3,5,5,5,3,3,3,3,3,5,5,5,5,3,12,3,3,13,14,3,3,3,3,3,5,3,2,2,3,3,3,3,3,3,3,15,7,7,7,16,3,3,3,3,17,18,19,3,3,3,20,3,3,3,3,3,3,3,3,3,3,21,22,3,3,3,3,4,4,4,4,4,4,4,4,6,6,6,6,6,6,6,6","0.000737905502319336","walktrap","edit-xhwikibooks.graphml"
"0.61","0.29","0.1","0.433338041098792","1,3,1,1,1,1,1,2,1,1,1,1,2,2,2,1,9,1,1,8,3,5,2,2,2,2,2,7,3,10,11,1,8,8,4,4,6,2,3,3,3,3,5,5,5,5,3,5,5,5,3,3,3,3,3,5,5,5,5,3,12,3,3,13,14,3,3,3,3,3,5,3,2,2,3,3,3,3,3,3,3,15,7,7,7,16,3,3,3,3,17,18,19,3,3,3,20,3,3,3,3,3,3,3,3,3,3,21,22,3,3,3,3,4,4,4,4,4,4,4,4,6,6,6,6,6,6,6,6","0.000746965408325195","walktrap","edit-xhwikibooks.graphml"
"0.6","0.3","0.1","0.43516499716793","1,3,1,1,1,1,1,2,1,1,1,1,2,2,2,1,9,1,1,8,3,5,2,2,2,2,2,7,3,10,11,1,8,8,4,4,6,2,3,3,3,3,5,5,5,5,3,5,5,5,3,3,3,3,3,5,5,5,5,3,12,3,3,13,14,3,3,3,3,3,5,3,2,2,3,3,3,3,3,3,3,15,7,7,7,16,3,3,3,3,17,18,19,3,3,3,20,3,3,3,3,3,3,3,3,3,3,21,22,3,3,3,3,4,4,4,4,4,4,4,4,6,6,6,6,6,6,6,6","0.000681161880493164","walktrap","edit-xhwikibooks.graphml"
"0.59","0.31","0.1","0.405389132041625","5,4,5,1,10,1,3,2,2,1,3,11,2,2,2,1,12,13,3,9,4,7,14,2,2,2,2,1,4,15,16,17,9,18,6,6,8,2,4,4,4,4,7,7,7,7,4,7,7,7,4,4,4,4,4,7,7,7,7,4,19,4,4,20,21,4,4,4,4,4,7,4,22,23,4,4,4,4,4,4,4,24,25,26,27,28,4,4,4,4,29,30,31,4,4,4,32,4,4,4,4,4,4,4,4,4,4,33,34,4,4,4,4,6,6,6,6,6,6,6,6,8,8,8,8,8,8,8,8","0.000648975372314453","walktrap","edit-xhwikibooks.graphml"
"0.58","0.32","0.1","0.404449894305721","5,4,5,1,10,1,3,2,2,1,3,11,2,2,2,1,12,13,3,9,4,7,14,2,2,2,2,1,4,15,16,17,9,18,6,6,8,2,4,4,4,4,7,7,7,7,4,7,7,7,4,4,4,4,4,7,7,7,7,4,19,4,4,20,21,4,4,4,4,4,7,4,22,23,4,4,4,4,4,4,4,24,25,26,27,28,4,4,4,4,29,30,31,4,4,4,32,4,4,4,4,4,4,4,4,4,4,33,34,4,4,4,4,6,6,6,6,6,6,6,6,8,8,8,8,8,8,8,8","0.000651121139526367","walktrap","edit-xhwikibooks.graphml"
"0.57","0.33","0.1","0.404449894305721","5,4,5,1,10,1,3,2,2,1,3,11,2,2,2,1,12,13,3,9,4,7,14,2,2,2,2,1,4,15,16,17,9,18,6,6,8,2,4,4,4,4,7,7,7,7,4,7,7,7,4,4,4,4,4,7,7,7,7,4,19,4,4,20,21,4,4,4,4,4,7,4,22,23,4,4,4,4,4,4,4,24,25,26,27,28,4,4,4,4,29,30,31,4,4,4,32,4,4,4,4,4,4,4,4,4,4,33,34,4,4,4,4,6,6,6,6,6,6,6,6,8,8,8,8,8,8,8,8","0.000643014907836914","walktrap","edit-xhwikibooks.graphml"
"0.56","0.34","0.1","0.444759389537752","5,4,5,1,10,1,3,2,1,1,3,11,2,2,2,1,12,13,3,9,4,7,14,2,2,2,2,1,4,15,16,17,9,18,6,6,8,2,4,4,4,4,7,7,7,7,4,7,7,7,4,4,4,4,4,7,7,7,7,4,19,4,4,20,21,4,4,4,4,4,7,4,22,23,4,4,4,4,4,4,4,24,25,26,27,28,4,4,4,4,29,30,31,4,4,4,32,4,4,4,4,4,4,4,4,4,4,33,34,4,4,4,4,6,6,6,6,6,6,6,6,8,8,8,8,8,8,8,8","0.000672101974487305","walktrap","edit-xhwikibooks.graphml"
"0.55","0.35","0.1","0.444759389537752","5,4,5,1,10,1,3,2,1,1,3,11,2,2,2,1,12,13,3,9,4,7,14,2,2,2,2,1,4,15,16,17,9,18,6,6,8,2,4,4,4,4,7,7,7,7,4,7,7,7,4,4,4,4,4,7,7,7,7,4,19,4,4,20,21,4,4,4,4,4,7,4,22,23,4,4,4,4,4,4,4,24,25,26,27,28,4,4,4,4,29,30,31,4,4,4,32,4,4,4,4,4,4,4,4,4,4,33,34,4,4,4,4,6,6,6,6,6,6,6,6,8,8,8,8,8,8,8,8","0.00104093551635742","walktrap","edit-xhwikibooks.graphml"
"0.54","0.36","0.1","0.443798303345007","5,4,5,1,10,1,3,2,1,1,3,11,2,2,2,1,12,13,3,9,4,7,14,2,2,2,2,1,4,15,16,17,9,18,6,6,8,2,4,4,4,4,7,7,7,7,4,7,7,7,4,4,4,4,4,7,7,7,7,4,19,4,4,20,21,4,4,4,4,4,7,4,22,23,4,4,4,4,4,4,4,24,25,26,27,28,4,4,4,4,29,30,31,4,4,4,32,4,4,4,4,4,4,4,4,4,4,33,34,4,4,4,4,6,6,6,6,6,6,6,6,8,8,8,8,8,8,8,8","0.00106501579284668","walktrap","edit-xhwikibooks.graphml"
"0.53","0.37","0.1","0.443798303345007","5,4,5,1,10,1,3,2,1,1,3,11,2,2,2,1,12,13,3,9,4,7,14,2,2,2,2,1,4,15,16,17,9,18,6,6,8,2,4,4,4,4,7,7,7,7,4,7,7,7,4,4,4,4,4,7,7,7,7,4,19,4,4,20,21,4,4,4,4,4,7,4,22,23,4,4,4,4,4,4,4,24,25,26,27,28,4,4,4,4,29,30,31,4,4,4,32,4,4,4,4,4,4,4,4,4,4,33,34,4,4,4,4,6,6,6,6,6,6,6,6,8,8,8,8,8,8,8,8","0.00105690956115723","walktrap","edit-xhwikibooks.graphml"
"0.52","0.38","0.1","0.441887634745738","5,4,5,1,10,1,3,2,1,1,3,11,2,2,2,1,12,13,3,9,4,7,14,2,2,2,2,1,4,15,16,17,9,18,6,6,8,2,4,4,4,4,7,7,7,7,4,7,7,7,4,4,4,4,4,7,7,7,7,4,19,4,4,20,21,4,4,4,4,4,7,4,22,23,4,4,4,4,4,4,4,24,25,26,27,28,4,4,4,4,29,30,31,4,4,4,32,4,4,4,4,4,4,4,4,4,4,33,34,4,4,4,4,6,6,6,6,6,6,6,6,8,8,8,8,8,8,8,8","0.00110316276550293","walktrap","edit-xhwikibooks.graphml"
"0.51","0.39","0.1","0.44459087230583","5,4,5,1,10,1,3,2,1,1,3,11,2,2,2,1,12,13,3,9,4,7,14,2,2,2,2,1,4,15,16,17,9,18,6,6,8,2,4,4,4,4,7,7,7,7,4,7,7,7,4,4,4,4,4,7,7,7,7,4,19,4,4,20,21,4,4,4,4,4,7,4,22,23,4,4,4,4,4,4,4,24,25,26,27,28,4,4,4,4,29,30,31,4,4,4,32,4,4,4,4,4,4,4,4,4,4,33,34,4,4,4,4,6,6,6,6,6,6,6,6,8,8,8,8,8,8,8,8","0.00110697746276855","walktrap","edit-xhwikibooks.graphml"
"0.5","0.4","0.1","0.44899561723886","5,4,5,1,10,1,3,2,1,1,3,11,2,2,2,1,12,13,3,9,4,7,14,2,2,2,2,1,4,15,16,17,9,18,6,6,8,2,4,4,4,4,7,7,7,7,4,7,7,7,4,4,4,4,4,7,7,7,7,4,19,4,4,20,21,4,4,4,4,4,7,4,22,23,4,4,4,4,4,4,4,24,25,26,27,28,4,4,4,4,29,30,31,4,4,4,32,4,4,4,4,4,4,4,4,4,4,33,34,4,4,4,4,6,6,6,6,6,6,6,6,8,8,8,8,8,8,8,8","0.00111913681030273","walktrap","edit-xhwikibooks.graphml"
"0.49","0.41","0.1","0.426628086419753","5,4,5,1,8,1,9,2,1,1,10,11,2,2,2,1,12,13,3,14,4,6,15,2,2,2,2,1,4,16,17,18,19,20,3,3,7,2,4,4,4,4,6,6,6,6,4,6,6,6,4,4,4,4,4,6,6,6,6,4,21,4,4,22,23,4,4,4,4,4,6,4,24,25,4,4,4,4,4,4,4,26,27,28,29,30,4,4,4,4,31,32,33,4,4,4,34,4,4,4,4,4,4,4,4,4,4,35,36,4,4,4,4,3,3,3,3,3,3,3,3,7,7,7,7,7,7,7,7","0.00118708610534668","walktrap","edit-xhwikibooks.graphml"
"0.48","0.42","0.1","0.425679667896962","5,4,5,1,8,1,9,2,1,1,10,11,2,2,2,1,12,13,3,14,4,6,15,2,2,2,2,1,4,16,17,18,19,20,3,3,7,2,4,4,4,4,6,6,6,6,4,6,6,6,4,4,4,4,4,6,6,6,6,4,21,4,4,22,23,4,4,4,4,4,6,4,24,25,4,4,4,4,4,4,4,26,27,28,29,30,4,4,4,4,31,32,33,4,4,4,34,4,4,4,4,4,4,4,4,4,4,35,36,4,4,4,4,3,3,3,3,3,3,3,3,7,7,7,7,7,7,7,7","0.0010828971862793","walktrap","edit-xhwikibooks.graphml"
"0.47","0.43","0.1","0.431125682064826","5,4,5,1,8,1,9,2,1,1,10,11,2,2,2,1,12,13,3,14,4,6,15,2,2,2,2,1,4,16,17,18,19,20,3,3,7,2,4,4,4,4,6,6,6,6,4,6,6,6,4,4,4,4,4,6,6,6,6,4,21,4,4,22,23,4,4,4,4,4,6,4,24,25,4,4,4,4,4,4,4,26,27,28,29,30,4,4,4,4,31,32,33,4,4,4,34,4,4,4,4,4,4,4,4,4,4,35,36,4,4,4,4,3,3,3,3,3,3,3,3,7,7,7,7,7,7,7,7","0.00109195709228516","walktrap","edit-xhwikibooks.graphml"
"0.46","0.44","0.1","0.430179024272431","5,4,5,1,8,1,9,2,1,1,10,11,2,2,2,1,12,13,3,14,4,6,15,2,2,2,2,1,4,16,17,18,19,20,3,3,7,2,4,4,4,4,6,6,6,6,4,6,6,6,4,4,4,4,4,6,6,6,6,4,21,4,4,22,23,4,4,4,4,4,6,4,24,25,4,4,4,4,4,4,4,26,27,28,29,30,4,4,4,4,31,32,33,4,4,4,34,4,4,4,4,4,4,4,4,4,4,35,36,4,4,4,4,3,3,3,3,3,3,3,3,7,7,7,7,7,7,7,7","0.000755786895751953","walktrap","edit-xhwikibooks.graphml"
"0.45","0.45","0.1","0.435717698348712","5,4,5,1,8,1,9,2,1,1,10,11,2,2,2,1,12,13,3,14,4,6,15,2,2,2,2,1,4,16,17,18,19,20,3,3,7,2,4,4,4,4,6,6,6,6,4,6,6,6,4,4,4,4,4,6,6,6,6,4,21,4,4,22,23,4,4,4,4,4,6,4,24,25,4,4,4,4,4,4,4,26,27,28,29,30,4,4,4,4,31,32,33,4,4,4,34,4,4,4,4,4,4,4,4,4,4,35,36,4,4,4,4,3,3,3,3,3,3,3,3,7,7,7,7,7,7,7,7","0.000674009323120117","walktrap","edit-xhwikibooks.graphml"
"0.44","0.46","0.1","0.434771956135987","5,4,5,1,8,1,9,2,1,1,10,11,2,2,2,1,12,13,3,14,4,6,15,2,2,2,2,1,4,16,17,18,19,20,3,3,7,2,4,4,4,4,6,6,6,6,4,6,6,6,4,4,4,4,4,6,6,6,6,4,21,4,4,22,23,4,4,4,4,4,6,4,24,25,4,4,4,4,4,4,4,26,27,28,29,30,4,4,4,4,31,32,33,4,4,4,34,4,4,4,4,4,4,4,4,4,4,35,36,4,4,4,4,3,3,3,3,3,3,3,3,7,7,7,7,7,7,7,7","0.000677108764648438","walktrap","edit-xhwikibooks.graphml"
"0.43","0.47","0.1","0.437507384215501","5,4,5,1,8,1,9,2,1,1,10,11,2,2,2,1,12,13,3,14,4,6,15,2,2,2,2,1,4,16,17,18,19,20,3,3,7,2,4,4,4,4,6,6,6,6,4,6,6,6,4,4,4,4,4,6,6,6,6,4,21,4,4,22,23,4,4,4,4,4,6,4,24,25,4,4,4,4,4,4,4,26,27,28,29,30,4,4,4,4,31,32,33,4,4,4,34,4,4,4,4,4,4,4,4,4,4,35,36,4,4,4,4,3,3,3,3,3,3,3,3,7,7,7,7,7,7,7,7","0.000672817230224609","walktrap","edit-xhwikibooks.graphml"
"0.42","0.48","0.1","0.436564067537695","5,4,5,1,8,1,9,2,1,1,10,11,2,2,2,1,12,13,3,14,4,6,15,2,2,2,2,1,4,16,17,18,19,20,3,3,7,2,4,4,4,4,6,6,6,6,4,6,6,6,4,4,4,4,4,6,6,6,6,4,21,4,4,22,23,4,4,4,4,4,6,4,24,25,4,4,4,4,4,4,4,26,27,28,29,30,4,4,4,4,31,32,33,4,4,4,34,4,4,4,4,4,4,4,4,4,4,35,36,4,4,4,4,3,3,3,3,3,3,3,3,7,7,7,7,7,7,7,7","0.00067901611328125","walktrap","edit-xhwikibooks.graphml"
"0.41","0.49","0.1","0.436564067537695","5,4,5,1,8,1,9,2,1,1,10,11,2,2,2,1,12,13,3,14,4,6,15,2,2,2,2,1,4,16,17,18,19,20,3,3,7,2,4,4,4,4,6,6,6,6,4,6,6,6,4,4,4,4,4,6,6,6,6,4,21,4,4,22,23,4,4,4,4,4,6,4,24,25,4,4,4,4,4,4,4,26,27,28,29,30,4,4,4,4,31,32,33,4,4,4,34,4,4,4,4,4,4,4,4,4,4,35,36,4,4,4,4,3,3,3,3,3,3,3,3,7,7,7,7,7,7,7,7","0.000677108764648438","walktrap","edit-xhwikibooks.graphml"
"0.4","0.5","0.1","0.528507083012439","5,2,5,1,8,1,9,3,1,1,10,11,3,3,3,1,12,13,4,14,2,6,15,3,3,3,3,1,2,16,17,18,19,20,4,4,7,3,2,2,2,2,6,6,6,6,2,6,6,6,2,2,2,2,2,6,6,6,6,2,21,2,2,22,23,2,2,2,2,2,6,2,24,25,2,2,2,2,2,2,2,26,27,28,29,30,2,2,2,2,31,32,33,2,2,2,34,2,2,2,2,2,2,2,2,2,2,35,36,2,2,2,2,4,4,4,4,4,4,4,4,7,7,7,7,7,7,7,7","0.000703811645507812","walktrap","edit-xhwikibooks.graphml"
"0.39","0.51","0.1","0.524581891580161","4,5,4,8,9,3,10,1,1,11,12,13,1,1,1,3,14,15,2,16,5,6,17,1,1,1,1,18,19,20,21,22,23,24,2,2,7,1,5,5,5,5,6,6,6,6,5,6,6,6,5,5,5,5,5,6,6,6,6,5,25,5,5,26,27,5,5,5,5,5,6,5,28,29,5,5,5,5,5,5,5,30,31,32,33,34,5,5,5,5,35,36,37,5,5,5,38,5,5,5,5,5,5,5,5,5,5,39,40,5,5,5,5,2,2,2,2,2,2,2,2,7,7,7,7,7,7,7,7","0.000698089599609375","walktrap","edit-xhwikibooks.graphml"
"0.38","0.52","0.1","0.524581891580161","4,5,4,8,9,3,10,1,1,11,12,13,1,1,1,3,14,15,2,16,5,6,17,1,1,1,1,18,19,20,21,22,23,24,2,2,7,1,5,5,5,5,6,6,6,6,5,6,6,6,5,5,5,5,5,6,6,6,6,5,25,5,5,26,27,5,5,5,5,5,6,5,28,29,5,5,5,5,5,5,5,30,31,32,33,34,5,5,5,5,35,36,37,5,5,5,38,5,5,5,5,5,5,5,5,5,5,39,40,5,5,5,5,2,2,2,2,2,2,2,2,7,7,7,7,7,7,7,7","0.000722169876098633","walktrap","edit-xhwikibooks.graphml"
"0.37","0.53","0.1","0.523639863463275","4,5,4,8,9,3,10,1,1,11,12,13,1,1,1,3,14,15,2,16,5,6,17,1,1,1,1,18,19,20,21,22,23,24,2,2,7,1,5,5,5,5,6,6,6,6,5,6,6,6,5,5,5,5,5,6,6,6,6,5,25,5,5,26,27,5,5,5,5,5,6,5,28,29,5,5,5,5,5,5,5,30,31,32,33,34,5,5,5,5,35,36,37,5,5,5,38,5,5,5,5,5,5,5,5,5,5,39,40,5,5,5,5,2,2,2,2,2,2,2,2,7,7,7,7,7,7,7,7","0.000701189041137695","walktrap","edit-xhwikibooks.graphml"
"0.36","0.54","0.1","0.525687091017252","4,5,4,8,9,3,10,1,1,11,12,13,1,1,1,3,14,15,2,16,5,6,17,1,1,1,1,18,19,20,21,22,23,24,2,2,7,1,5,5,5,5,6,6,6,6,5,6,6,6,5,5,5,5,5,6,6,6,6,5,25,5,5,26,27,5,5,5,5,5,6,5,28,29,5,5,5,5,5,5,5,30,31,32,33,34,5,5,5,5,35,36,37,5,5,5,38,5,5,5,5,5,5,5,5,5,5,39,40,5,5,5,5,2,2,2,2,2,2,2,2,7,7,7,7,7,7,7,7","0.000669002532958984","walktrap","edit-xhwikibooks.graphml"
"0.35","0.55","0.1","0.524748255101498","4,5,4,8,9,3,10,1,1,11,12,13,1,1,1,3,14,15,2,16,5,6,17,1,1,1,1,18,19,20,21,22,23,24,2,2,7,1,5,5,5,5,6,6,6,6,5,6,6,6,5,5,5,5,5,6,6,6,6,5,25,5,5,26,27,5,5,5,5,5,6,5,28,29,5,5,5,5,5,5,5,30,31,32,33,34,5,5,5,5,35,36,37,5,5,5,38,5,5,5,5,5,5,5,5,5,5,39,40,5,5,5,5,2,2,2,2,2,2,2,2,7,7,7,7,7,7,7,7","0.000745058059692383","walktrap","edit-xhwikibooks.graphml"
"0.34","0.56","0.1","0.528542701194238","4,5,4,8,9,3,10,1,1,11,12,13,1,1,1,3,14,15,2,16,5,6,17,1,1,1,1,18,19,20,21,22,23,24,2,2,7,1,5,5,5,5,6,6,6,6,5,6,6,6,5,5,5,5,5,6,6,6,6,5,25,5,5,26,27,5,5,5,5,5,6,5,28,29,5,5,5,5,5,5,5,30,31,32,33,34,5,5,5,5,35,36,37,5,5,5,38,5,5,5,5,5,5,5,5,5,5,39,40,5,5,5,5,2,2,2,2,2,2,2,2,7,7,7,7,7,7,7,7","0.000644207000732422","walktrap","edit-xhwikibooks.graphml"
"0.33","0.57","0.1","0.527608578963336","4,5,4,8,9,3,10,1,1,11,12,13,1,1,1,3,14,15,2,16,5,6,17,1,1,1,1,18,19,20,21,22,23,24,2,2,7,1,5,5,5,5,6,6,6,6,5,6,6,6,5,5,5,5,5,6,6,6,6,5,25,5,5,26,27,5,5,5,5,5,6,5,28,29,5,5,5,5,5,5,5,30,31,32,33,34,5,5,5,5,35,36,37,5,5,5,38,5,5,5,5,5,5,5,5,5,5,39,40,5,5,5,5,2,2,2,2,2,2,2,2,7,7,7,7,7,7,7,7","0.000648021697998047","walktrap","edit-xhwikibooks.graphml"
"0.32","0.58","0.1","0.530177297011312","4,5,4,8,9,3,10,1,1,11,12,13,1,1,1,3,14,15,2,16,5,6,17,1,1,1,1,18,19,20,21,22,23,24,2,2,7,1,5,5,5,5,6,6,6,6,5,6,6,6,5,5,5,5,5,6,6,6,6,5,25,5,5,26,27,5,5,5,5,5,6,5,28,29,5,5,5,5,5,5,5,30,31,32,33,34,5,5,5,5,35,36,37,5,5,5,38,5,5,5,5,5,5,5,5,5,5,39,40,5,5,5,5,2,2,2,2,2,2,2,2,7,7,7,7,7,7,7,7","0.000645160675048828","walktrap","edit-xhwikibooks.graphml"
"0.31","0.59","0.1","0.529251848629838","4,5,4,8,9,3,10,1,1,11,12,13,1,1,1,3,14,15,2,16,5,6,17,1,1,1,1,18,19,20,21,22,23,24,2,2,7,1,5,5,5,5,6,6,6,6,5,6,6,6,5,5,5,5,5,6,6,6,6,5,25,5,5,26,27,5,5,5,5,5,6,5,28,29,5,5,5,5,5,5,5,30,31,32,33,34,5,5,5,5,35,36,37,5,5,5,38,5,5,5,5,5,5,5,5,5,5,39,40,5,5,5,5,2,2,2,2,2,2,2,2,7,7,7,7,7,7,7,7","0.000633955001831055","walktrap","edit-xhwikibooks.graphml"
"0.3","0.6","0.1","0.533197278911564","4,5,4,8,9,3,10,1,1,11,12,13,1,1,1,3,14,15,2,16,5,6,17,1,1,1,1,18,19,20,21,22,23,24,2,2,7,1,5,5,5,5,6,6,6,6,5,6,6,6,5,5,5,5,5,6,6,6,6,5,25,5,5,26,27,5,5,5,5,5,6,5,28,29,5,5,5,5,5,5,5,30,31,32,33,34,5,5,5,5,35,36,37,5,5,5,38,5,5,5,5,5,5,5,5,5,5,39,40,5,5,5,5,2,2,2,2,2,2,2,2,7,7,7,7,7,7,7,7","0.000634908676147461","walktrap","edit-xhwikibooks.graphml"
"0.29","0.61","0.1","0.529461323027909","3,5,3,7,8,1,9,1,1,10,11,12,1,1,1,13,14,15,2,16,5,4,17,1,1,1,1,18,19,20,21,22,23,24,2,2,6,25,5,5,5,5,4,4,4,4,5,4,4,4,5,5,5,5,5,4,4,4,4,5,26,5,5,27,28,5,5,5,5,5,4,5,29,30,5,5,5,5,5,5,5,31,32,33,34,35,5,5,5,5,36,37,38,5,5,5,39,5,5,5,5,5,5,5,5,5,5,40,41,5,5,5,5,2,2,2,2,2,2,2,2,6,6,6,6,6,6,6,6","0.000639915466308594","walktrap","edit-xhwikibooks.graphml"
"0.28","0.62","0.1","0.531452462168906","3,5,3,7,8,1,9,1,1,10,11,12,1,1,1,13,14,15,2,16,5,4,17,1,1,1,1,18,19,20,21,22,23,24,2,2,6,25,5,5,5,5,4,4,4,4,5,4,4,4,5,5,5,5,5,4,4,4,4,5,26,5,5,27,28,5,5,5,5,5,4,5,29,30,5,5,5,5,5,5,5,31,32,33,34,35,5,5,5,5,36,37,38,5,5,5,39,5,5,5,5,5,5,5,5,5,5,40,41,5,5,5,5,2,2,2,2,2,2,2,2,6,6,6,6,6,6,6,6","0.000634908676147461","walktrap","edit-xhwikibooks.graphml"
"0.27","0.63","0.1","0.530525002705613","3,5,3,7,8,1,9,1,1,10,11,12,1,1,1,13,14,15,2,16,5,4,17,1,1,1,1,18,19,20,21,22,23,24,2,2,6,25,5,5,5,5,4,4,4,4,5,4,4,4,5,5,5,5,5,4,4,4,4,5,26,5,5,27,28,5,5,5,5,5,4,5,29,30,5,5,5,5,5,5,5,31,32,33,34,35,5,5,5,5,36,37,38,5,5,5,39,5,5,5,5,5,5,5,5,5,5,40,41,5,5,5,5,2,2,2,2,2,2,2,2,6,6,6,6,6,6,6,6","0.000655889511108398","walktrap","edit-xhwikibooks.graphml"
"0.26","0.64","0.1","0.532672902494331","3,6,3,7,8,1,9,1,1,10,11,12,1,1,1,13,14,15,2,16,6,4,17,1,1,1,1,18,19,20,21,22,23,24,2,2,5,25,6,6,6,6,4,4,4,4,6,4,4,4,6,6,6,6,6,4,4,4,4,6,26,6,6,27,28,6,6,6,6,6,4,6,29,30,6,6,6,6,6,6,6,31,32,33,34,35,6,6,6,6,36,37,38,6,6,6,39,6,6,6,6,6,6,6,6,6,6,40,41,6,6,6,6,2,2,2,2,2,2,2,2,5,5,5,5,5,5,5,5","0.000656843185424805","walktrap","edit-xhwikibooks.graphml"
"0.25","0.65","0.1","0.531747733312269","3,6,3,7,8,1,9,1,1,10,11,12,1,1,1,13,14,15,2,16,6,4,17,1,1,1,1,18,19,20,21,22,23,24,2,2,5,25,6,6,6,6,4,4,4,4,6,4,4,4,6,6,6,6,6,4,4,4,4,6,26,6,6,27,28,6,6,6,6,6,4,6,29,30,6,6,6,6,6,6,6,31,32,33,34,35,6,6,6,6,36,37,38,6,6,6,39,6,6,6,6,6,6,6,6,6,6,40,41,6,6,6,6,2,2,2,2,2,2,2,2,5,5,5,5,5,5,5,5","0.000663042068481445","walktrap","edit-xhwikibooks.graphml"
"0.24","0.66","0.1","0.531747733312269","3,6,3,7,8,1,9,1,1,10,11,12,1,1,1,13,14,15,2,16,6,4,17,1,1,1,1,18,19,20,21,22,23,24,2,2,5,25,6,6,6,6,4,4,4,4,6,4,4,4,6,6,6,6,6,4,4,4,4,6,26,6,6,27,28,6,6,6,6,6,4,6,29,30,6,6,6,6,6,6,6,31,32,33,34,35,6,6,6,6,36,37,38,6,6,6,39,6,6,6,6,6,6,6,6,6,6,40,41,6,6,6,6,2,2,2,2,2,2,2,2,5,5,5,5,5,5,5,5","0.000685930252075195","walktrap","edit-xhwikibooks.graphml"
"0.23","0.67","0.1","0.556216332800269","3,6,3,7,8,1,9,1,1,10,11,12,1,1,1,13,14,15,2,16,6,4,17,1,1,1,1,18,19,20,21,22,23,24,2,2,5,25,6,6,6,6,4,4,4,4,6,4,4,4,6,6,6,6,6,4,4,4,4,6,26,6,6,27,28,6,6,6,6,6,4,6,29,30,6,6,6,6,6,6,6,31,32,33,34,35,6,6,6,6,36,37,38,6,6,6,39,6,6,6,6,6,6,6,6,6,6,40,41,6,6,6,6,2,2,2,2,2,2,2,2,5,5,5,5,5,5,5,5","0.000691890716552734","walktrap","edit-xhwikibooks.graphml"
"0.22","0.68","0.1","0.556216332800269","3,6,3,7,8,1,9,1,1,10,11,12,1,1,1,13,14,15,2,16,6,4,17,1,1,1,1,18,19,20,21,22,23,24,2,2,5,25,6,6,6,6,4,4,4,4,6,4,4,4,6,6,6,6,6,4,4,4,4,6,26,6,6,27,28,6,6,6,6,6,4,6,29,30,6,6,6,6,6,6,6,31,32,33,34,35,6,6,6,6,36,37,38,6,6,6,39,6,6,6,6,6,6,6,6,6,6,40,41,6,6,6,6,2,2,2,2,2,2,2,2,5,5,5,5,5,5,5,5","0.000699043273925781","walktrap","edit-xhwikibooks.graphml"
"0.21","0.69","0.1","0.555307405914049","3,6,3,7,8,1,9,1,1,10,11,12,1,1,1,13,14,15,2,16,6,4,17,1,1,1,1,18,19,20,21,22,23,24,2,2,5,25,6,6,6,6,4,4,4,4,6,4,4,4,6,6,6,6,6,4,4,4,4,6,26,6,6,27,28,6,6,6,6,6,4,6,29,30,6,6,6,6,6,6,6,31,32,33,34,35,6,6,6,6,36,37,38,6,6,6,39,6,6,6,6,6,6,6,6,6,6,40,41,6,6,6,6,2,2,2,2,2,2,2,2,5,5,5,5,5,5,5,5","0.000715017318725586","walktrap","edit-xhwikibooks.graphml"
"0.2","0.7","0.1","0.55709065699214","3,6,3,7,8,1,9,1,1,10,11,12,1,1,1,13,14,15,2,16,6,4,17,1,1,1,1,18,19,20,21,22,23,24,2,2,5,25,6,6,6,6,4,4,4,4,6,4,4,4,6,6,6,6,6,4,4,4,4,6,26,6,6,27,28,6,6,6,6,6,4,6,29,30,6,6,6,6,6,6,6,31,32,33,34,35,6,6,6,6,36,37,38,6,6,6,39,6,6,6,6,6,6,6,6,6,6,40,41,6,6,6,6,2,2,2,2,2,2,2,2,5,5,5,5,5,5,5,5","0.000693082809448242","walktrap","edit-xhwikibooks.graphml"
"0.19","0.71","0.1","0.60014802968524","3,6,3,7,8,9,10,1,11,12,13,14,1,1,1,15,16,17,2,18,6,4,19,1,1,1,1,20,21,22,23,24,25,26,2,2,5,27,6,6,6,6,4,4,4,4,6,4,4,4,6,6,6,6,6,4,4,4,4,6,28,6,6,29,30,6,6,6,6,6,4,6,31,32,6,6,6,6,6,6,6,33,34,35,36,37,6,6,6,6,38,39,40,6,6,6,41,6,6,6,6,6,6,6,6,6,6,42,43,6,6,6,6,2,2,2,2,2,2,2,2,5,5,5,5,5,5,5,5","0.000869989395141602","walktrap","edit-xhwikibooks.graphml"
"0.18","0.72","0.1","0.603031115704372","3,6,3,7,8,9,10,1,11,12,13,14,1,1,1,15,16,17,2,18,6,4,19,1,1,1,1,20,21,22,23,24,25,26,2,2,5,27,6,6,6,6,4,4,4,4,6,4,4,4,6,6,6,6,6,4,4,4,4,6,28,6,6,29,30,6,6,6,6,6,4,6,31,32,6,6,6,6,6,6,6,33,34,35,36,37,6,6,6,6,38,39,40,6,6,6,41,6,6,6,6,6,6,6,6,6,6,42,43,6,6,6,6,2,2,2,2,2,2,2,2,5,5,5,5,5,5,5,5","0.00065302848815918","walktrap","edit-xhwikibooks.graphml"
"0.17","0.73","0.1","0.601988754685547","3,6,3,7,8,9,10,1,11,12,13,14,1,1,1,15,16,17,2,18,6,4,19,1,1,1,1,20,21,22,23,24,25,26,2,2,5,27,6,6,6,6,4,4,4,4,6,4,4,4,6,6,6,6,6,4,4,4,4,6,28,6,6,29,30,6,6,6,6,6,4,6,31,32,6,6,6,6,6,6,6,33,34,35,36,37,6,6,6,6,38,39,40,6,6,6,41,6,6,6,6,6,6,6,6,6,6,42,43,6,6,6,6,2,2,2,2,2,2,2,2,5,5,5,5,5,5,5,5","0.000633955001831055","walktrap","edit-xhwikibooks.graphml"
"0.16","0.74","0.1","0.601988754685547","3,6,3,7,8,9,10,1,11,12,13,14,1,1,1,15,16,17,2,18,6,4,19,1,1,1,1,20,21,22,23,24,25,26,2,2,5,27,6,6,6,6,4,4,4,4,6,4,4,4,6,6,6,6,6,4,4,4,4,6,28,6,6,29,30,6,6,6,6,6,4,6,31,32,6,6,6,6,6,6,6,33,34,35,36,37,6,6,6,6,38,39,40,6,6,6,41,6,6,6,6,6,6,6,6,6,6,42,43,6,6,6,6,2,2,2,2,2,2,2,2,5,5,5,5,5,5,5,5","0.00067591667175293","walktrap","edit-xhwikibooks.graphml"
"0.15","0.75","0.1","0.605945821854913","3,6,3,7,8,9,10,1,11,12,13,14,1,1,1,15,16,17,2,18,6,4,19,1,1,1,1,20,21,22,23,24,25,26,2,2,5,27,6,6,6,6,4,4,4,4,6,4,4,4,6,6,6,6,6,4,4,4,4,6,28,6,6,29,30,6,6,6,6,6,4,6,31,32,6,6,6,6,6,6,6,33,34,35,36,37,6,6,6,6,38,39,40,6,6,6,41,6,6,6,6,6,6,6,6,6,6,42,43,6,6,6,6,2,2,2,2,2,2,2,2,5,5,5,5,5,5,5,5","0.000637054443359375","walktrap","edit-xhwikibooks.graphml"
"0.14","0.76","0.1","0.605945821854913","3,6,3,7,8,9,10,1,11,12,13,14,1,1,1,15,16,17,2,18,6,4,19,1,1,1,1,20,21,22,23,24,25,26,2,2,5,27,6,6,6,6,4,4,4,4,6,4,4,4,6,6,6,6,6,4,4,4,4,6,28,6,6,29,30,6,6,6,6,6,4,6,31,32,6,6,6,6,6,6,6,33,34,35,36,37,6,6,6,6,38,39,40,6,6,6,41,6,6,6,6,6,6,6,6,6,6,42,43,6,6,6,6,2,2,2,2,2,2,2,2,5,5,5,5,5,5,5,5","0.000643014907836914","walktrap","edit-xhwikibooks.graphml"
"0.13","0.77","0.1","0.607623930105514","3,6,3,7,8,9,10,1,11,12,13,14,1,1,1,15,16,17,2,18,6,4,19,1,1,1,1,20,21,22,23,24,25,26,2,2,5,27,6,6,6,6,4,4,4,4,6,4,4,4,6,6,6,6,6,4,4,4,4,6,28,6,6,29,30,6,6,6,6,6,4,6,31,32,6,6,6,6,6,6,6,33,34,35,36,37,6,6,6,6,38,39,40,6,6,6,41,6,6,6,6,6,6,6,6,6,6,42,43,6,6,6,6,2,2,2,2,2,2,2,2,5,5,5,5,5,5,5,5","0.000633955001831055","walktrap","edit-xhwikibooks.graphml"
"0.12","0.78","0.1","0.608584523728086","3,4,3,7,8,9,10,1,11,12,13,14,1,1,1,15,16,17,2,18,4,5,19,1,1,1,1,20,21,22,23,24,25,26,2,2,6,27,4,4,4,4,5,5,5,5,4,5,5,5,4,4,4,4,4,5,5,5,5,4,28,4,4,29,30,4,4,4,4,4,5,4,31,32,4,4,4,4,4,4,4,33,34,35,36,37,4,4,4,4,38,39,40,4,4,4,41,4,4,4,4,4,4,4,4,4,4,42,43,4,4,4,4,2,2,2,2,2,2,2,2,6,6,6,6,6,6,6,6","0.000651836395263672","walktrap","edit-xhwikibooks.graphml"
"0.11","0.79","0.1","0.608584523728086","3,4,3,7,8,9,10,1,11,12,13,14,1,1,1,15,16,17,2,18,4,5,19,1,1,1,1,20,21,22,23,24,25,26,2,2,6,27,4,4,4,4,5,5,5,5,4,5,5,5,4,4,4,4,4,5,5,5,5,4,28,4,4,29,30,4,4,4,4,4,5,4,31,32,4,4,4,4,4,4,4,33,34,35,36,37,4,4,4,4,38,39,40,4,4,4,41,4,4,4,4,4,4,4,4,4,4,42,43,4,4,4,4,2,2,2,2,2,2,2,2,6,6,6,6,6,6,6,6","0.000641107559204102","walktrap","edit-xhwikibooks.graphml"
"0.1","0.8","0.1","0.612711476909008","3,4,3,7,8,9,10,1,11,12,13,14,1,1,1,15,16,17,2,18,4,5,19,1,1,1,1,20,21,22,23,24,25,26,2,2,6,27,4,4,4,4,5,5,5,5,4,5,5,5,4,4,4,4,4,5,5,5,5,4,28,4,4,29,30,4,4,4,4,4,5,4,31,32,4,4,4,4,4,4,4,33,34,35,36,37,4,4,4,4,38,39,40,4,4,4,41,4,4,4,4,4,4,4,4,4,4,42,43,4,4,4,4,2,2,2,2,2,2,2,2,6,6,6,6,6,6,6,6","0.000662803649902344","walktrap","edit-xhwikibooks.graphml"
"0.09","0.81","0.1","0.593978323009399","4,5,4,7,8,9,10,3,11,12,13,14,1,1,1,15,16,17,2,18,5,6,19,3,1,1,1,20,21,22,23,24,25,26,2,2,1,27,5,5,5,5,6,6,6,6,5,6,6,6,5,5,5,5,5,6,6,6,6,5,28,5,5,29,30,5,5,5,5,5,6,5,31,32,5,5,5,5,5,5,5,33,34,35,36,37,5,5,5,5,38,39,40,5,5,5,41,5,5,5,5,5,5,5,5,5,5,42,43,5,5,5,5,2,44,45,2,2,2,2,2,46,47,48,49,50,51,52,53","0.000644922256469727","walktrap","edit-xhwikibooks.graphml"
"0.08","0.82","0.1","0.592936536859641","4,5,4,7,8,9,10,3,11,12,13,14,1,1,1,15,16,17,2,18,5,6,19,3,1,1,1,20,21,22,23,24,25,26,2,2,1,27,5,5,5,5,6,6,6,6,5,6,6,6,5,5,5,5,5,6,6,6,6,5,28,5,5,29,30,5,5,5,5,5,6,5,31,32,5,5,5,5,5,5,5,33,34,35,36,37,5,5,5,5,38,39,40,5,5,5,41,5,5,5,5,5,5,5,5,5,5,42,43,5,5,5,5,2,44,45,2,2,2,2,2,46,47,48,49,50,51,52,53","0.00065302848815918","walktrap","edit-xhwikibooks.graphml"
"0.07","0.83","0.1","0.592936536859641","4,5,4,7,8,9,10,3,11,12,13,14,1,1,1,15,16,17,2,18,5,6,19,3,1,1,1,20,21,22,23,24,25,26,2,2,1,27,5,5,5,5,6,6,6,6,5,6,6,6,5,5,5,5,5,6,6,6,6,5,28,5,5,29,30,5,5,5,5,5,6,5,31,32,5,5,5,5,5,5,5,33,34,35,36,37,5,5,5,5,38,39,40,5,5,5,41,5,5,5,5,5,5,5,5,5,5,42,43,5,5,5,5,2,44,45,2,2,2,2,2,46,47,48,49,50,51,52,53","0.00066685676574707","walktrap","edit-xhwikibooks.graphml"
"0.06","0.84","0.1","0.593264448968023","4,5,4,7,8,9,10,3,11,12,13,14,1,1,1,15,16,17,2,18,5,6,19,3,1,1,1,20,21,22,23,24,25,26,2,2,1,27,5,5,5,5,6,6,6,6,5,6,6,6,5,5,5,5,5,6,6,6,6,5,28,5,5,29,30,5,5,5,5,5,6,5,31,32,5,5,5,5,5,5,5,33,34,35,36,37,5,5,5,5,38,39,40,5,5,5,41,5,5,5,5,5,5,5,5,5,5,42,43,5,5,5,5,2,44,45,2,2,2,2,2,46,47,48,49,50,51,52,53","0.000667810440063477","walktrap","edit-xhwikibooks.graphml"
"0.05","0.85","0.1","0.595007210382952","4,5,4,7,8,9,10,3,11,12,13,14,1,1,1,15,16,17,2,18,5,6,19,3,1,1,1,20,21,22,23,24,25,26,2,2,1,27,5,5,5,5,6,6,6,6,5,6,6,6,5,5,5,5,5,6,6,6,6,5,28,5,5,29,30,5,5,5,5,5,6,5,31,32,5,5,5,5,5,5,5,33,34,35,36,37,5,5,5,5,38,39,40,5,5,5,41,5,5,5,5,5,5,5,5,5,5,42,43,5,5,5,5,2,44,45,2,2,2,2,2,46,47,48,49,50,51,52,53","0.000636816024780273","walktrap","edit-xhwikibooks.graphml"
"0.04","0.86","0.1","0.5968599277796","4,5,4,7,8,9,10,3,11,12,13,14,1,1,1,15,16,17,2,18,5,6,19,3,1,1,1,20,21,22,23,24,25,26,2,2,1,27,5,5,5,5,6,6,6,6,5,6,6,6,5,5,5,5,5,6,6,6,6,5,28,5,5,29,30,5,5,5,5,5,6,5,31,32,5,5,5,5,5,5,5,33,34,35,36,37,5,5,5,5,38,39,40,5,5,5,41,5,5,5,5,5,5,5,5,5,5,42,43,5,5,5,5,2,44,45,2,2,2,2,2,46,47,48,49,50,51,52,53","0.000660896301269531","walktrap","edit-xhwikibooks.graphml"
"0.03","0.87","0.1","0.5968599277796","4,5,4,7,8,9,10,3,11,12,13,14,1,1,1,15,16,17,2,18,5,6,19,3,1,1,1,20,21,22,23,24,25,26,2,2,1,27,5,5,5,5,6,6,6,6,5,6,6,6,5,5,5,5,5,6,6,6,6,5,28,5,5,29,30,5,5,5,5,5,6,5,31,32,5,5,5,5,5,5,5,33,34,35,36,37,5,5,5,5,38,39,40,5,5,5,41,5,5,5,5,5,5,5,5,5,5,42,43,5,5,5,5,2,44,45,2,2,2,2,2,46,47,48,49,50,51,52,53","0.000749826431274414","walktrap","edit-xhwikibooks.graphml"
"0.02","0.88","0.1","0.595837965841924","4,5,4,7,8,9,10,3,11,12,13,14,1,1,1,15,16,17,2,18,5,6,19,3,1,1,1,20,21,22,23,24,25,26,2,2,1,27,5,5,5,5,6,6,6,6,5,6,6,6,5,5,5,5,5,6,6,6,6,5,28,5,5,29,30,5,5,5,5,5,6,5,31,32,5,5,5,5,5,5,5,33,34,35,36,37,5,5,5,5,38,39,40,5,5,5,41,5,5,5,5,5,5,5,5,5,5,42,43,5,5,5,5,2,44,45,2,2,2,2,2,46,47,48,49,50,51,52,53","0.000831842422485352","walktrap","edit-xhwikibooks.graphml"
"0.01","0.89","0.1","0.598665431185129","4,5,4,7,8,9,10,3,11,12,13,14,1,1,1,15,16,17,2,18,5,6,19,3,1,1,1,20,21,22,23,24,25,26,2,2,1,27,5,5,5,5,6,6,6,6,5,6,6,6,5,5,5,5,5,6,6,6,6,5,28,5,5,29,30,5,5,5,5,5,6,5,31,32,5,5,5,5,5,5,5,33,34,35,36,37,5,5,5,5,38,39,40,5,5,5,41,5,5,5,5,5,5,5,5,5,5,42,43,5,5,5,5,2,44,45,2,2,2,2,2,46,47,48,49,50,51,52,53","0.00186491012573242","walktrap","edit-xhwikibooks.graphml"
"0","0.9","0.1","0.598654360028933","1,4,1,1,1,6,7,1,8,9,10,11,2,2,2,12,13,14,3,15,4,5,16,1,2,2,2,17,1,18,19,20,21,22,3,3,2,23,4,4,4,4,5,5,5,5,4,5,5,5,4,4,4,4,4,5,5,5,5,4,24,4,4,25,26,4,4,4,4,4,5,4,27,28,4,4,4,4,4,4,4,29,30,31,32,33,4,4,4,4,34,35,36,4,4,4,37,4,4,4,4,4,4,4,4,4,4,38,39,4,4,4,4,3,40,41,3,3,3,3,3,42,43,44,45,46,47,48,49","0.00126409530639648","walktrap","edit-xhwikibooks.graphml"
"0.89","0","0.11","0.439270312941842","1,10,1,1,1,4,1,4,4,5,1,1,2,4,4,3,5,6,1,1,10,12,2,2,4,4,4,3,7,5,6,8,11,1,1,1,9,4,10,10,10,10,12,12,12,12,10,12,12,12,10,10,10,10,10,12,12,12,12,10,2,10,10,2,4,10,10,10,10,10,12,10,4,4,10,10,10,10,10,10,10,4,3,3,3,7,10,10,10,10,5,6,8,10,10,10,3,10,10,10,10,10,10,10,10,10,10,11,11,10,10,10,10,1,1,1,1,1,1,1,1,9,9,9,9,9,9,9,9","0.00119304656982422","walktrap","edit-xhwikibooks.graphml"
"0.88","0.01","0.11","0.439270312941842","1,10,1,1,1,4,1,4,4,5,1,1,2,4,4,3,5,6,1,1,10,12,2,2,4,4,4,3,7,5,6,8,11,1,1,1,9,4,10,10,10,10,12,12,12,12,10,12,12,12,10,10,10,10,10,12,12,12,12,10,2,10,10,2,4,10,10,10,10,10,12,10,4,4,10,10,10,10,10,10,10,4,3,3,3,7,10,10,10,10,5,6,8,10,10,10,3,10,10,10,10,10,10,10,10,10,10,11,11,10,10,10,10,1,1,1,1,1,1,1,1,9,9,9,9,9,9,9,9","0.00120282173156738","walktrap","edit-xhwikibooks.graphml"
"0.87","0.02","0.11","0.439270312941842","1,10,1,1,1,4,1,4,4,5,1,1,2,4,4,3,5,6,1,1,10,12,2,2,4,4,4,3,7,5,6,8,11,1,1,1,9,4,10,10,10,10,12,12,12,12,10,12,12,12,10,10,10,10,10,12,12,12,12,10,2,10,10,2,4,10,10,10,10,10,12,10,4,4,10,10,10,10,10,10,10,4,3,3,3,7,10,10,10,10,5,6,8,10,10,10,3,10,10,10,10,10,10,10,10,10,10,11,11,10,10,10,10,1,1,1,1,1,1,1,1,9,9,9,9,9,9,9,9","0.00121092796325684","walktrap","edit-xhwikibooks.graphml"
"0.86","0.03","0.11","0.438458922781983","1,11,1,1,1,4,1,4,4,5,1,1,2,4,4,3,5,6,1,1,11,12,2,2,4,4,4,3,7,5,6,8,10,1,1,1,9,4,11,11,11,11,12,12,12,12,11,12,12,12,11,11,11,11,11,12,12,12,12,11,2,11,11,2,4,11,11,11,11,11,12,11,4,4,11,11,11,11,11,11,11,4,3,3,3,7,11,11,11,11,5,6,8,11,11,11,3,11,11,11,11,11,11,11,11,11,11,10,10,11,11,11,11,1,1,1,1,1,1,1,1,9,9,9,9,9,9,9,9","0.00118899345397949","walktrap","edit-xhwikibooks.graphml"
"0.85","0.04","0.11","0.438458922781983","1,11,1,1,1,4,1,4,4,5,1,1,2,4,4,3,5,6,1,1,11,12,2,2,4,4,4,3,7,5,6,8,10,1,1,1,9,4,11,11,11,11,12,12,12,12,11,12,12,12,11,11,11,11,11,12,12,12,12,11,2,11,11,2,4,11,11,11,11,11,12,11,4,4,11,11,11,11,11,11,11,4,3,3,3,7,11,11,11,11,5,6,8,11,11,11,3,11,11,11,11,11,11,11,11,11,11,10,10,11,11,11,11,1,1,1,1,1,1,1,1,9,9,9,9,9,9,9,9","0.00124907493591309","walktrap","edit-xhwikibooks.graphml"
"0.84","0.05","0.11","0.43765023687834","1,11,1,1,1,4,1,4,4,5,1,1,2,4,4,3,5,6,1,1,11,12,2,2,4,4,4,3,7,5,6,8,10,1,1,1,9,4,11,11,11,11,12,12,12,12,11,12,12,12,11,11,11,11,11,12,12,12,12,11,2,11,11,2,4,11,11,11,11,11,12,11,4,4,11,11,11,11,11,11,11,4,3,3,3,7,11,11,11,11,5,6,8,11,11,11,3,11,11,11,11,11,11,11,11,11,11,10,10,11,11,11,11,1,1,1,1,1,1,1,1,9,9,9,9,9,9,9,9","0.00124096870422363","walktrap","edit-xhwikibooks.graphml"
"0.83","0.06","0.11","0.43765023687834","1,11,1,1,1,4,1,4,4,5,1,1,2,4,4,3,5,6,1,1,11,12,2,2,4,4,4,3,7,5,6,8,10,1,1,1,9,4,11,11,11,11,12,12,12,12,11,12,12,12,11,11,11,11,11,12,12,12,12,11,2,11,11,2,4,11,11,11,11,11,12,11,4,4,11,11,11,11,11,11,11,4,3,3,3,7,11,11,11,11,5,6,8,11,11,11,3,11,11,11,11,11,11,11,11,11,11,10,10,11,11,11,11,1,1,1,1,1,1,1,1,9,9,9,9,9,9,9,9","0.000782012939453125","walktrap","edit-xhwikibooks.graphml"
"0.82","0.07","0.11","0.43684424444767","1,11,1,1,1,4,1,4,4,5,1,1,2,4,4,3,5,6,1,1,11,12,2,2,4,4,4,3,7,5,6,8,10,1,1,1,9,4,11,11,11,11,12,12,12,12,11,12,12,12,11,11,11,11,11,12,12,12,12,11,2,11,11,2,4,11,11,11,11,11,12,11,4,4,11,11,11,11,11,11,11,4,3,3,3,7,11,11,11,11,5,6,8,11,11,11,3,11,11,11,11,11,11,11,11,11,11,10,10,11,11,11,11,1,1,1,1,1,1,1,1,9,9,9,9,9,9,9,9","0.000792980194091797","walktrap","edit-xhwikibooks.graphml"
"0.81","0.08","0.11","0.439149754992604","1,11,1,1,1,4,1,4,4,5,1,1,2,4,4,3,5,6,1,1,11,12,2,2,4,4,4,3,7,5,6,8,10,1,1,1,9,4,11,11,11,11,12,12,12,12,11,12,12,12,11,11,11,11,11,12,12,12,12,11,2,11,11,2,4,11,11,11,11,11,12,11,4,4,11,11,11,11,11,11,11,4,3,3,3,7,11,11,11,11,5,6,8,11,11,11,3,11,11,11,11,11,11,11,11,11,11,10,10,11,11,11,11,1,1,1,1,1,1,1,1,9,9,9,9,9,9,9,9","0.000764131546020508","walktrap","edit-xhwikibooks.graphml"
"0.8","0.09","0.11","0.438345726296661","1,11,1,1,1,4,1,4,4,5,1,1,2,4,4,3,5,6,1,1,11,12,2,2,4,4,4,3,7,5,6,8,10,1,1,1,9,4,11,11,11,11,12,12,12,12,11,12,12,12,11,11,11,11,11,12,12,12,12,11,2,11,11,2,4,11,11,11,11,11,12,11,4,4,11,11,11,11,11,11,11,4,3,3,3,7,11,11,11,11,5,6,8,11,11,11,3,11,11,11,11,11,11,11,11,11,11,10,10,11,11,11,11,1,1,1,1,1,1,1,1,9,9,9,9,9,9,9,9","0.000814199447631836","walktrap","edit-xhwikibooks.graphml"
"0.79","0.1","0.11","0.438345726296661","1,11,1,1,1,4,1,4,4,5,1,1,2,4,4,3,5,6,1,1,11,12,2,2,4,4,4,3,7,5,6,8,10,1,1,1,9,4,11,11,11,11,12,12,12,12,11,12,12,12,11,11,11,11,11,12,12,12,12,11,2,11,11,2,4,11,11,11,11,11,12,11,4,4,11,11,11,11,11,11,11,4,3,3,3,7,11,11,11,11,5,6,8,11,11,11,3,11,11,11,11,11,11,11,11,11,11,10,10,11,11,11,11,1,1,1,1,1,1,1,1,9,9,9,9,9,9,9,9","0.000771045684814453","walktrap","edit-xhwikibooks.graphml"
"0.78","0.11","0.11","0.434208157932937","3,12,3,3,3,1,3,1,1,4,3,3,1,1,1,2,4,5,3,3,12,13,9,1,1,1,1,2,6,4,5,8,11,3,7,7,10,1,12,12,12,12,13,13,13,13,12,13,13,13,12,12,12,12,12,13,13,13,13,12,9,12,12,1,1,12,12,12,12,12,13,12,1,1,12,12,12,12,12,12,12,1,2,2,2,6,12,12,12,12,4,5,8,12,12,12,2,12,12,12,12,12,12,12,12,12,12,11,11,12,12,12,12,7,7,7,7,7,7,7,7,10,10,10,10,10,10,10,10","0.000751018524169922","walktrap","edit-xhwikibooks.graphml"
"0.77","0.12","0.11","0.430834079555095","4,6,4,4,4,1,4,1,1,5,4,4,1,1,1,3,5,7,2,4,6,10,1,1,1,1,1,3,6,5,7,2,9,4,2,2,8,1,6,6,6,6,10,10,10,10,6,10,10,10,6,6,6,6,6,10,10,10,10,6,11,6,6,1,1,6,6,6,6,6,10,6,1,1,6,6,6,6,6,6,6,1,3,3,3,12,6,6,6,6,13,14,15,6,6,6,3,6,6,6,6,6,6,6,6,6,6,9,9,6,6,6,6,2,2,2,2,2,2,2,2,8,8,8,8,8,8,8,8","0.000735044479370117","walktrap","edit-xhwikibooks.graphml"
"0.76","0.13","0.11","0.43001659152601","4,6,4,4,4,1,4,1,1,5,4,4,1,1,1,3,5,7,2,4,6,10,1,1,1,1,1,3,6,5,7,2,9,4,2,2,8,1,6,6,6,6,10,10,10,10,6,10,10,10,6,6,6,6,6,10,10,10,10,6,11,6,6,1,1,6,6,6,6,6,10,6,1,1,6,6,6,6,6,6,6,1,3,3,3,12,6,6,6,6,13,14,15,6,6,6,3,6,6,6,6,6,6,6,6,6,6,9,9,6,6,6,6,2,2,2,2,2,2,2,2,8,8,8,8,8,8,8,8","0.000768899917602539","walktrap","edit-xhwikibooks.graphml"
"0.75","0.14","0.11","0.43001659152601","4,6,4,4,4,1,4,1,1,5,4,4,1,1,1,3,5,7,2,4,6,10,1,1,1,1,1,3,6,5,7,2,9,4,2,2,8,1,6,6,6,6,10,10,10,10,6,10,10,10,6,6,6,6,6,10,10,10,10,6,11,6,6,1,1,6,6,6,6,6,10,6,1,1,6,6,6,6,6,6,6,1,3,3,3,12,6,6,6,6,13,14,15,6,6,6,3,6,6,6,6,6,6,6,6,6,6,9,9,6,6,6,6,2,2,2,2,2,2,2,2,8,8,8,8,8,8,8,8","0.000768899917602539","walktrap","edit-xhwikibooks.graphml"
"0.74","0.15","0.11","0.433850892196745","4,6,4,4,4,1,4,1,1,5,4,4,1,1,1,3,5,7,2,4,6,10,1,1,1,1,1,3,6,5,7,2,9,4,2,2,8,1,6,6,6,6,10,10,10,10,6,10,10,10,6,6,6,6,6,10,10,10,10,6,11,6,6,1,1,6,6,6,6,6,10,6,1,1,6,6,6,6,6,6,6,1,3,3,3,12,6,6,6,6,13,14,15,6,6,6,3,6,6,6,6,6,6,6,6,6,6,9,9,6,6,6,6,2,2,2,2,2,2,2,2,8,8,8,8,8,8,8,8","0.00074005126953125","walktrap","edit-xhwikibooks.graphml"
"0.73","0.16","0.11","0.436171925768737","4,6,4,4,4,1,4,1,1,5,4,4,1,1,1,3,5,7,2,4,6,10,1,1,1,1,1,3,6,5,7,2,9,4,2,2,8,1,6,6,6,6,10,10,10,10,6,10,10,10,6,6,6,6,6,10,10,10,10,6,11,6,6,1,1,6,6,6,6,6,10,6,1,1,6,6,6,6,6,6,6,1,3,3,3,12,6,6,6,6,13,14,15,6,6,6,3,6,6,6,6,6,6,6,6,6,6,9,9,6,6,6,6,2,2,2,2,2,2,2,2,8,8,8,8,8,8,8,8","0.000776052474975586","walktrap","edit-xhwikibooks.graphml"
"0.72","0.17","0.11","0.437600036454566","4,6,4,4,4,1,4,1,1,5,4,4,1,1,1,3,5,7,2,4,6,10,1,1,1,1,1,3,6,5,7,2,9,4,2,2,8,1,6,6,6,6,10,10,10,10,6,10,10,10,6,6,6,6,6,10,10,10,10,6,11,6,6,1,1,6,6,6,6,6,10,6,1,1,6,6,6,6,6,6,6,1,3,3,3,12,6,6,6,6,13,14,15,6,6,6,3,6,6,6,6,6,6,6,6,6,6,9,9,6,6,6,6,2,2,2,2,2,2,2,2,8,8,8,8,8,8,8,8","0.000771999359130859","walktrap","edit-xhwikibooks.graphml"
"0.71","0.18","0.11","0.477176213217421","4,6,4,4,4,1,4,1,1,5,4,4,1,1,1,3,5,7,2,4,6,10,1,1,1,1,1,3,6,5,7,2,9,4,2,2,8,1,6,6,6,6,10,10,10,10,6,10,10,10,6,6,6,6,6,10,10,10,10,6,11,6,6,1,1,6,6,6,6,6,10,6,1,1,6,6,6,6,6,6,6,1,3,3,3,12,6,6,6,6,13,14,15,6,6,6,3,6,6,6,6,6,6,6,6,6,6,9,9,6,6,6,6,2,2,2,2,2,2,2,2,8,8,8,8,8,8,8,8","0.000758886337280273","walktrap","edit-xhwikibooks.graphml"
"0.7","0.19","0.11","0.476227555555555","4,6,4,4,4,1,4,1,1,5,4,4,1,1,1,3,5,7,2,4,6,10,1,1,1,1,1,3,6,5,7,2,9,4,2,2,8,1,6,6,6,6,10,10,10,10,6,10,10,10,6,6,6,6,6,10,10,10,10,6,11,6,6,1,1,6,6,6,6,6,10,6,1,1,6,6,6,6,6,6,6,1,3,3,3,12,6,6,6,6,13,14,15,6,6,6,3,6,6,6,6,6,6,6,6,6,6,9,9,6,6,6,6,2,2,2,2,2,2,2,2,8,8,8,8,8,8,8,8","0.000808000564575195","walktrap","edit-xhwikibooks.graphml"
"0.69","0.2","0.11","0.480799133181828","4,6,4,4,4,1,4,1,1,5,4,4,1,1,1,3,5,7,2,4,6,10,1,1,1,1,1,3,6,5,7,2,9,4,2,2,8,1,6,6,6,6,10,10,10,10,6,10,10,10,6,6,6,6,6,10,10,10,10,6,11,6,6,1,1,6,6,6,6,6,10,6,1,1,6,6,6,6,6,6,6,1,3,3,3,12,6,6,6,6,13,14,15,6,6,6,3,6,6,6,6,6,6,6,6,6,6,9,9,6,6,6,6,2,2,2,2,2,2,2,2,8,8,8,8,8,8,8,8","0.000852108001708984","walktrap","edit-xhwikibooks.graphml"
"0.68","0.21","0.11","0.47985428739397","4,6,4,4,4,1,4,1,1,5,4,4,1,1,1,3,5,7,2,4,6,10,1,1,1,1,1,3,6,5,7,2,9,4,2,2,8,1,6,6,6,6,10,10,10,10,6,10,10,10,6,6,6,6,6,10,10,10,10,6,11,6,6,1,1,6,6,6,6,6,10,6,1,1,6,6,6,6,6,6,6,1,3,3,3,12,6,6,6,6,13,14,15,6,6,6,3,6,6,6,6,6,6,6,6,6,6,9,9,6,6,6,6,2,2,2,2,2,2,2,2,8,8,8,8,8,8,8,8","0.000761985778808594","walktrap","edit-xhwikibooks.graphml"
"0.67","0.22","0.11","0.477583744344926","4,6,4,4,4,1,4,1,1,5,4,4,1,1,1,3,5,7,2,4,6,10,1,1,1,1,1,3,6,5,7,2,9,4,2,2,8,1,6,6,6,6,10,10,10,10,6,10,10,10,6,6,6,6,6,10,10,10,10,6,11,6,6,1,1,6,6,6,6,6,10,6,1,1,6,6,6,6,6,6,6,1,3,3,3,12,6,6,6,6,13,14,15,6,6,6,3,6,6,6,6,6,6,6,6,6,6,9,9,6,6,6,6,2,2,2,2,2,2,2,2,8,8,8,8,8,8,8,8","0.000746965408325195","walktrap","edit-xhwikibooks.graphml"
"0.66","0.23","0.11","0.465712198685172","1,3,1,1,1,2,1,2,2,2,1,1,2,2,2,2,9,1,1,7,3,8,2,2,2,2,2,6,3,10,11,1,7,7,4,4,5,2,3,3,3,3,8,8,8,8,3,8,8,8,3,3,3,3,3,8,8,8,8,3,12,3,3,13,14,3,3,3,3,3,8,3,2,2,3,3,3,3,3,3,3,15,6,6,6,16,3,3,3,3,17,18,19,3,3,3,20,3,3,3,3,3,3,3,3,3,3,21,22,3,3,3,3,4,4,4,4,4,4,4,4,5,5,5,5,5,5,5,5","0.000693082809448242","walktrap","edit-xhwikibooks.graphml"
"0.65","0.24","0.11","0.468101801062183","1,3,1,1,1,2,1,2,2,2,1,1,2,2,2,2,9,1,1,7,3,8,2,2,2,2,2,6,3,10,11,1,7,7,4,4,5,2,3,3,3,3,8,8,8,8,3,8,8,8,3,3,3,3,3,8,8,8,8,3,12,3,3,13,14,3,3,3,3,3,8,3,2,2,3,3,3,3,3,3,3,15,6,6,6,16,3,3,3,3,17,18,19,3,3,3,20,3,3,3,3,3,3,3,3,3,3,21,22,3,3,3,3,4,4,4,4,4,4,4,4,5,5,5,5,5,5,5,5","0.000684976577758789","walktrap","edit-xhwikibooks.graphml"
"0.64","0.25","0.11","0.472718222222222","1,3,1,1,1,1,1,2,1,1,1,1,2,2,2,1,9,1,1,7,3,8,2,2,2,2,2,6,3,10,11,1,7,7,4,4,5,2,3,3,3,3,8,8,8,8,3,8,8,8,3,3,3,3,3,8,8,8,8,3,12,3,3,13,14,3,3,3,3,3,8,3,2,2,3,3,3,3,3,3,3,15,6,6,6,16,3,3,3,3,17,18,19,3,3,3,20,3,3,3,3,3,3,3,3,3,3,21,22,3,3,3,3,4,4,4,4,4,4,4,4,5,5,5,5,5,5,5,5","0.000694990158081055","walktrap","edit-xhwikibooks.graphml"
"0.63","0.26","0.11","0.472718222222222","1,3,1,1,1,1,1,2,1,1,1,1,2,2,2,1,9,1,1,7,3,8,2,2,2,2,2,6,3,10,11,1,7,7,4,4,5,2,3,3,3,3,8,8,8,8,3,8,8,8,3,3,3,3,3,8,8,8,8,3,12,3,3,13,14,3,3,3,3,3,8,3,2,2,3,3,3,3,3,3,3,15,6,6,6,16,3,3,3,3,17,18,19,3,3,3,20,3,3,3,3,3,3,3,3,3,3,21,22,3,3,3,3,4,4,4,4,4,4,4,4,5,5,5,5,5,5,5,5","0.000703096389770508","walktrap","edit-xhwikibooks.graphml"
"0.62","0.27","0.11","0.472718222222222","1,3,1,1,1,1,1,2,1,1,1,1,2,2,2,1,9,1,1,7,3,8,2,2,2,2,2,6,3,10,11,1,7,7,4,4,5,2,3,3,3,3,8,8,8,8,3,8,8,8,3,3,3,3,3,8,8,8,8,3,12,3,3,13,14,3,3,3,3,3,8,3,2,2,3,3,3,3,3,3,3,15,6,6,6,16,3,3,3,3,17,18,19,3,3,3,20,3,3,3,3,3,3,3,3,3,3,21,22,3,3,3,3,4,4,4,4,4,4,4,4,5,5,5,5,5,5,5,5","0.000715017318725586","walktrap","edit-xhwikibooks.graphml"
"0.61","0.28","0.11","0.474217084479592","1,3,1,1,1,1,1,2,1,1,1,1,2,2,2,1,9,1,1,7,3,8,2,2,2,2,2,6,3,10,11,1,7,7,4,4,5,2,3,3,3,3,8,8,8,8,3,8,8,8,3,3,3,3,3,8,8,8,8,3,12,3,3,13,14,3,3,3,3,3,8,3,2,2,3,3,3,3,3,3,3,15,6,6,6,16,3,3,3,3,17,18,19,3,3,3,20,3,3,3,3,3,3,3,3,3,3,21,22,3,3,3,3,4,4,4,4,4,4,4,4,5,5,5,5,5,5,5,5","0.000720977783203125","walktrap","edit-xhwikibooks.graphml"
"0.6","0.29","0.11","0.479766803840878","1,3,1,1,1,1,1,2,1,1,1,1,2,2,2,1,9,1,1,7,3,8,2,2,2,2,2,6,3,10,11,1,7,7,4,4,5,2,3,3,3,3,8,8,8,8,3,8,8,8,3,3,3,3,3,8,8,8,8,3,12,3,3,13,14,3,3,3,3,3,8,3,2,2,3,3,3,3,3,3,3,15,6,6,6,16,3,3,3,3,17,18,19,3,3,3,20,3,3,3,3,3,3,3,3,3,3,21,22,3,3,3,3,4,4,4,4,4,4,4,4,5,5,5,5,5,5,5,5","0.000709056854248047","walktrap","edit-xhwikibooks.graphml"
"0.59","0.3","0.11","0.481198060941828","1,3,1,1,1,1,1,2,1,1,1,1,2,2,2,1,9,1,1,7,3,8,2,2,2,2,2,6,3,10,11,1,7,7,4,4,5,2,3,3,3,3,8,8,8,8,3,8,8,8,3,3,3,3,3,8,8,8,8,3,12,3,3,13,14,3,3,3,3,3,8,3,2,2,3,3,3,3,3,3,3,15,6,6,6,16,3,3,3,3,17,18,19,3,3,3,20,3,3,3,3,3,3,3,3,3,3,21,22,3,3,3,3,4,4,4,4,4,4,4,4,5,5,5,5,5,5,5,5","0.000709056854248047","walktrap","edit-xhwikibooks.graphml"
"0.58","0.31","0.11","0.483435633537934","1,3,1,1,1,1,1,2,1,1,1,1,2,2,2,1,9,1,1,7,3,8,2,2,2,2,2,6,3,10,11,1,7,7,4,4,5,2,3,3,3,3,8,8,8,8,3,8,8,8,3,3,3,3,3,8,8,8,8,3,12,3,3,13,14,3,3,3,3,3,8,3,2,2,3,3,3,3,3,3,3,15,6,6,6,16,3,3,3,3,17,18,19,3,3,3,20,3,3,3,3,3,3,3,3,3,3,21,22,3,3,3,3,4,4,4,4,4,4,4,4,5,5,5,5,5,5,5,5","0.000734806060791016","walktrap","edit-xhwikibooks.graphml"
"0.57","0.32","0.11","0.482490885666511","1,3,1,1,1,1,1,2,1,1,1,1,2,2,2,1,9,1,1,7,3,8,2,2,2,2,2,6,3,10,11,1,7,7,4,4,5,2,3,3,3,3,8,8,8,8,3,8,8,8,3,3,3,3,3,8,8,8,8,3,12,3,3,13,14,3,3,3,3,3,8,3,2,2,3,3,3,3,3,3,3,15,6,6,6,16,3,3,3,3,17,18,19,3,3,3,20,3,3,3,3,3,3,3,3,3,3,21,22,3,3,3,3,4,4,4,4,4,4,4,4,5,5,5,5,5,5,5,5","0.000732898712158203","walktrap","edit-xhwikibooks.graphml"
"0.56","0.33","0.11","0.438771638245718","1,3,1,1,1,1,1,2,1,1,1,1,2,2,2,1,9,1,1,8,3,5,2,2,2,2,2,7,3,10,11,1,8,8,4,4,6,2,3,3,3,3,5,5,5,5,3,5,5,5,3,3,3,3,3,5,5,5,5,3,12,3,3,13,14,3,3,3,3,3,5,3,2,2,3,3,3,3,3,3,3,15,7,7,7,16,3,3,3,3,17,18,19,3,3,3,20,3,3,3,3,3,3,3,3,3,3,21,22,3,3,3,3,4,4,4,4,4,4,4,4,6,6,6,6,6,6,6,6","0.000773906707763672","walktrap","edit-xhwikibooks.graphml"
"0.55","0.34","0.11","0.443798303345007","5,4,5,1,10,1,3,2,1,1,3,11,2,2,2,1,12,13,3,9,4,7,14,2,2,2,2,1,4,15,16,17,9,18,6,6,8,2,4,4,4,4,7,7,7,7,4,7,7,7,4,4,4,4,4,7,7,7,7,4,19,4,4,20,21,4,4,4,4,4,7,4,22,23,4,4,4,4,4,4,4,24,25,26,27,28,4,4,4,4,29,30,31,4,4,4,32,4,4,4,4,4,4,4,4,4,4,33,34,4,4,4,4,6,6,6,6,6,6,6,6,8,8,8,8,8,8,8,8","0.000699996948242188","walktrap","edit-xhwikibooks.graphml"
"0.54","0.35","0.11","0.443798303345007","5,4,5,1,10,1,3,2,1,1,3,11,2,2,2,1,12,13,3,9,4,7,14,2,2,2,2,1,4,15,16,17,9,18,6,6,8,2,4,4,4,4,7,7,7,7,4,7,7,7,4,4,4,4,4,7,7,7,7,4,19,4,4,20,21,4,4,4,4,4,7,4,22,23,4,4,4,4,4,4,4,24,25,26,27,28,4,4,4,4,29,30,31,4,4,4,32,4,4,4,4,4,4,4,4,4,4,33,34,4,4,4,4,6,6,6,6,6,6,6,6,8,8,8,8,8,8,8,8","0.000936031341552734","walktrap","edit-xhwikibooks.graphml"
"0.53","0.36","0.11","0.442841058359917","5,4,5,1,10,1,3,2,1,1,3,11,2,2,2,1,12,13,3,9,4,7,14,2,2,2,2,1,4,15,16,17,9,18,6,6,8,2,4,4,4,4,7,7,7,7,4,7,7,7,4,4,4,4,4,7,7,7,7,4,19,4,4,20,21,4,4,4,4,4,7,4,22,23,4,4,4,4,4,4,4,24,25,26,27,28,4,4,4,4,29,30,31,4,4,4,32,4,4,4,4,4,4,4,4,4,4,33,34,4,4,4,4,6,6,6,6,6,6,6,6,8,8,8,8,8,8,8,8","0.000685930252075195","walktrap","edit-xhwikibooks.graphml"
"0.52","0.37","0.11","0.442841058359917","5,4,5,1,10,1,3,2,1,1,3,11,2,2,2,1,12,13,3,9,4,7,14,2,2,2,2,1,4,15,16,17,9,18,6,6,8,2,4,4,4,4,7,7,7,7,4,7,7,7,4,4,4,4,4,7,7,7,7,4,19,4,4,20,21,4,4,4,4,4,7,4,22,23,4,4,4,4,4,4,4,24,25,26,27,28,4,4,4,4,29,30,31,4,4,4,32,4,4,4,4,4,4,4,4,4,4,33,34,4,4,4,4,6,6,6,6,6,6,6,6,8,8,8,8,8,8,8,8","0.00066685676574707","walktrap","edit-xhwikibooks.graphml"
"0.51","0.38","0.11","0.44093801275531","5,4,5,1,10,1,3,2,1,1,3,11,2,2,2,1,12,13,3,9,4,7,14,2,2,2,2,1,4,15,16,17,9,18,6,6,8,2,4,4,4,4,7,7,7,7,4,7,7,7,4,4,4,4,4,7,7,7,7,4,19,4,4,20,21,4,4,4,4,4,7,4,22,23,4,4,4,4,4,4,4,24,25,26,27,28,4,4,4,4,29,30,31,4,4,4,32,4,4,4,4,4,4,4,4,4,4,33,34,4,4,4,4,6,6,6,6,6,6,6,6,8,8,8,8,8,8,8,8","0.000689983367919922","walktrap","edit-xhwikibooks.graphml"
"0.5","0.39","0.11","0.443639975189036","5,4,5,1,10,1,3,2,1,1,3,11,2,2,2,1,12,13,3,9,4,7,14,2,2,2,2,1,4,15,16,17,9,18,6,6,8,2,4,4,4,4,7,7,7,7,4,7,7,7,4,4,4,4,4,7,7,7,7,4,19,4,4,20,21,4,4,4,4,4,7,4,22,23,4,4,4,4,4,4,4,24,25,26,27,28,4,4,4,4,29,30,31,4,4,4,32,4,4,4,4,4,4,4,4,4,4,33,34,4,4,4,4,6,6,6,6,6,6,6,6,8,8,8,8,8,8,8,8","0.000684976577758789","walktrap","edit-xhwikibooks.graphml"
"0.49","0.4","0.11","0.448046003734352","5,4,5,1,10,1,3,2,1,1,3,11,2,2,2,1,12,13,3,9,4,7,14,2,2,2,2,1,4,15,16,17,9,18,6,6,8,2,4,4,4,4,7,7,7,7,4,7,7,7,4,4,4,4,4,7,7,7,7,4,19,4,4,20,21,4,4,4,4,4,7,4,22,23,4,4,4,4,4,4,4,24,25,26,27,28,4,4,4,4,29,30,31,4,4,4,32,4,4,4,4,4,4,4,4,4,4,33,34,4,4,4,4,6,6,6,6,6,6,6,6,8,8,8,8,8,8,8,8","0.000688076019287109","walktrap","edit-xhwikibooks.graphml"
"0.48","0.41","0.11","0.448046003734352","5,4,5,1,10,1,3,2,1,1,3,11,2,2,2,1,12,13,3,9,4,7,14,2,2,2,2,1,4,15,16,17,9,18,6,6,8,2,4,4,4,4,7,7,7,7,4,7,7,7,4,4,4,4,4,7,7,7,7,4,19,4,4,20,21,4,4,4,4,4,7,4,22,23,4,4,4,4,4,4,4,24,25,26,27,28,4,4,4,4,29,30,31,4,4,4,32,4,4,4,4,4,4,4,4,4,4,33,34,4,4,4,4,6,6,6,6,6,6,6,6,8,8,8,8,8,8,8,8","0.00067901611328125","walktrap","edit-xhwikibooks.graphml"
"0.47","0.42","0.11","0.447100098277257","5,4,5,1,10,1,3,2,1,1,3,11,2,2,2,1,12,13,3,9,4,7,14,2,2,2,2,1,4,15,16,17,9,18,6,6,8,2,4,4,4,4,7,7,7,7,4,7,7,7,4,4,4,4,4,7,7,7,7,4,19,4,4,20,21,4,4,4,4,4,7,4,22,23,4,4,4,4,4,4,4,24,25,26,27,28,4,4,4,4,29,30,31,4,4,4,32,4,4,4,4,4,4,4,4,4,4,33,34,4,4,4,4,6,6,6,6,6,6,6,6,8,8,8,8,8,8,8,8","0.000698089599609375","walktrap","edit-xhwikibooks.graphml"
"0.46","0.43","0.11","0.452082558837828","5,4,5,1,10,1,3,2,1,1,3,11,2,2,2,1,12,13,3,9,4,7,14,2,2,2,2,1,4,15,16,17,9,18,6,6,8,2,4,4,4,4,7,7,7,7,4,7,7,7,4,4,4,4,4,7,7,7,7,4,19,4,4,20,21,4,4,4,4,4,7,4,22,23,4,4,4,4,4,4,4,24,25,26,27,28,4,4,4,4,29,30,31,4,4,4,32,4,4,4,4,4,4,4,4,4,4,33,34,4,4,4,4,6,6,6,6,6,6,6,6,8,8,8,8,8,8,8,8","0.000695943832397461","walktrap","edit-xhwikibooks.graphml"
"0.45","0.44","0.11","0.451139555555556","5,4,5,1,10,1,3,2,1,1,3,11,2,2,2,1,12,13,3,9,4,7,14,2,2,2,2,1,4,15,16,17,9,18,6,6,8,2,4,4,4,4,7,7,7,7,4,7,7,7,4,4,4,4,4,7,7,7,7,4,19,4,4,20,21,4,4,4,4,4,7,4,22,23,4,4,4,4,4,4,4,24,25,26,27,28,4,4,4,4,29,30,31,4,4,4,32,4,4,4,4,4,4,4,4,4,4,33,34,4,4,4,4,6,6,6,6,6,6,6,6,8,8,8,8,8,8,8,8","0.000732898712158203","walktrap","edit-xhwikibooks.graphml"
"0.44","0.45","0.11","0.449937802053247","5,4,5,1,8,1,9,2,1,1,10,11,2,2,2,1,12,13,3,14,4,6,15,2,2,2,2,1,4,16,17,18,19,20,3,3,7,2,4,4,4,4,6,6,6,6,4,6,6,6,4,4,4,4,4,6,6,6,6,4,21,4,4,22,23,4,4,4,4,4,6,4,24,25,4,4,4,4,4,4,4,26,27,28,29,30,4,4,4,4,31,32,33,4,4,4,34,4,4,4,4,4,4,4,4,4,4,35,36,4,4,4,4,3,3,3,3,3,3,3,3,7,7,7,7,7,7,7,7","0.000703096389770508","walktrap","edit-xhwikibooks.graphml"
"0.43","0.46","0.11","0.448999111111111","5,4,5,1,8,1,9,2,1,1,10,11,2,2,2,1,12,13,3,14,4,6,15,2,2,2,2,1,4,16,17,18,19,20,3,3,7,2,4,4,4,4,6,6,6,6,4,6,6,6,4,4,4,4,4,6,6,6,6,4,21,4,4,22,23,4,4,4,4,4,6,4,24,25,4,4,4,4,4,4,4,26,27,28,29,30,4,4,4,4,31,32,33,4,4,4,34,4,4,4,4,4,4,4,4,4,4,35,36,4,4,4,4,3,3,3,3,3,3,3,3,7,7,7,7,7,7,7,7","0.000696897506713867","walktrap","edit-xhwikibooks.graphml"
"0.42","0.47","0.11","0.451600696016297","5,4,5,1,8,1,9,2,1,1,10,11,2,2,2,1,12,13,3,14,4,6,15,2,2,2,2,1,4,16,17,18,19,20,3,3,7,2,4,4,4,4,6,6,6,6,4,6,6,6,4,4,4,4,4,6,6,6,6,4,21,4,4,22,23,4,4,4,4,4,6,4,24,25,4,4,4,4,4,4,4,26,27,28,29,30,4,4,4,4,31,32,33,4,4,4,34,4,4,4,4,4,4,4,4,4,4,35,36,4,4,4,4,3,3,3,3,3,3,3,3,7,7,7,7,7,7,7,7","0.000690937042236328","walktrap","edit-xhwikibooks.graphml"
"0.41","0.48","0.11","0.450664537145832","5,4,5,1,8,1,9,2,1,1,10,11,2,2,2,1,12,13,3,14,4,6,15,2,2,2,2,1,4,16,17,18,19,20,3,3,7,2,4,4,4,4,6,6,6,6,4,6,6,6,4,4,4,4,4,6,6,6,6,4,21,4,4,22,23,4,4,4,4,4,6,4,24,25,4,4,4,4,4,4,4,26,27,28,29,30,4,4,4,4,31,32,33,4,4,4,34,4,4,4,4,4,4,4,4,4,4,35,36,4,4,4,4,3,3,3,3,3,3,3,3,7,7,7,7,7,7,7,7","0.000697851181030273","walktrap","edit-xhwikibooks.graphml"
"0.4","0.49","0.11","0.450664537145832","5,4,5,1,8,1,9,2,1,1,10,11,2,2,2,1,12,13,3,14,4,6,15,2,2,2,2,1,4,16,17,18,19,20,3,3,7,2,4,4,4,4,6,6,6,6,4,6,6,6,4,4,4,4,4,6,6,6,6,4,21,4,4,22,23,4,4,4,4,4,6,4,24,25,4,4,4,4,4,4,4,26,27,28,29,30,4,4,4,4,31,32,33,4,4,4,34,4,4,4,4,4,4,4,4,4,4,35,36,4,4,4,4,3,3,3,3,3,3,3,3,7,7,7,7,7,7,7,7","0.000720977783203125","walktrap","edit-xhwikibooks.graphml"
"0.39","0.5","0.11","0.536777588104489","5,2,5,1,8,1,9,3,1,1,10,11,3,3,3,1,12,13,4,14,2,6,15,3,3,3,3,1,2,16,17,18,19,20,4,4,7,3,2,2,2,2,6,6,6,6,2,6,6,6,2,2,2,2,2,6,6,6,6,2,21,2,2,22,23,2,2,2,2,2,6,2,24,25,2,2,2,2,2,2,2,26,27,28,29,30,2,2,2,2,31,32,33,2,2,2,34,2,2,2,2,2,2,2,2,2,2,35,36,2,2,2,2,4,4,4,4,4,4,4,4,7,7,7,7,7,7,7,7","0.00082087516784668","walktrap","edit-xhwikibooks.graphml"
"0.38","0.51","0.11","0.536777588104489","5,2,5,1,8,1,9,3,1,1,10,11,3,3,3,1,12,13,4,14,2,6,15,3,3,3,3,1,2,16,17,18,19,20,4,4,7,3,2,2,2,2,6,6,6,6,2,6,6,6,2,2,2,2,2,6,6,6,6,2,21,2,2,22,23,2,2,2,2,2,6,2,24,25,2,2,2,2,2,2,2,26,27,28,29,30,2,2,2,2,31,32,33,2,2,2,34,2,2,2,2,2,2,2,2,2,2,35,36,2,2,2,2,4,4,4,4,4,4,4,4,7,7,7,7,7,7,7,7","0.000711202621459961","walktrap","edit-xhwikibooks.graphml"
"0.37","0.52","0.11","0.536777588104489","5,2,5,1,8,1,9,3,1,1,10,11,3,3,3,1,12,13,4,14,2,6,15,3,3,3,3,1,2,16,17,18,19,20,4,4,7,3,2,2,2,2,6,6,6,6,2,6,6,6,2,2,2,2,2,6,6,6,6,2,21,2,2,22,23,2,2,2,2,2,6,2,24,25,2,2,2,2,2,2,2,26,27,28,29,30,2,2,2,2,31,32,33,2,2,2,34,2,2,2,2,2,2,2,2,2,2,35,36,2,2,2,2,4,4,4,4,4,4,4,4,7,7,7,7,7,7,7,7","0.000684976577758789","walktrap","edit-xhwikibooks.graphml"
"0.36","0.53","0.11","0.535868975962532","5,2,5,1,8,1,9,3,1,1,10,11,3,3,3,1,12,13,4,14,2,6,15,3,3,3,3,1,2,16,17,18,19,20,4,4,7,3,2,2,2,2,6,6,6,6,2,6,6,6,2,2,2,2,2,6,6,6,6,2,21,2,2,22,23,2,2,2,2,2,6,2,24,25,2,2,2,2,2,2,2,26,27,28,29,30,2,2,2,2,31,32,33,2,2,2,34,2,2,2,2,2,2,2,2,2,2,35,36,2,2,2,2,4,4,4,4,4,4,4,4,7,7,7,7,7,7,7,7","0.00070500373840332","walktrap","edit-xhwikibooks.graphml"
"0.35","0.54","0.11","0.53778869259523","5,2,5,1,8,1,9,3,1,1,10,11,3,3,3,1,12,13,4,14,2,6,15,3,3,3,3,1,2,16,17,18,19,20,4,4,7,3,2,2,2,2,6,6,6,6,2,6,6,6,2,2,2,2,2,6,6,6,6,2,21,2,2,22,23,2,2,2,2,2,6,2,24,25,2,2,2,2,2,2,2,26,27,28,29,30,2,2,2,2,31,32,33,2,2,2,34,2,2,2,2,2,2,2,2,2,2,35,36,2,2,2,2,4,4,4,4,4,4,4,4,7,7,7,7,7,7,7,7","0.000704050064086914","walktrap","edit-xhwikibooks.graphml"
"0.34","0.55","0.11","0.527723724273711","5,2,5,1,8,1,9,3,1,1,10,11,3,3,3,1,12,13,4,14,2,6,15,3,3,3,3,1,2,16,17,18,19,20,4,4,7,3,2,2,2,2,6,6,6,6,2,6,6,6,2,2,2,2,2,6,6,6,6,2,21,2,2,22,23,2,2,2,2,2,6,2,24,25,2,2,2,2,2,2,2,26,27,28,29,30,2,2,2,2,31,32,33,2,2,2,34,2,2,2,2,2,2,2,2,2,2,35,36,2,2,2,2,4,4,4,4,4,4,4,4,7,7,7,7,7,7,7,7","0.000687122344970703","walktrap","edit-xhwikibooks.graphml"
"0.33","0.56","0.11","0.527608578963337","4,7,4,8,9,3,10,1,1,11,12,13,1,1,1,3,14,15,2,16,7,5,17,1,1,1,1,18,19,20,21,22,23,24,2,2,6,1,7,7,7,7,5,5,5,5,7,5,5,5,7,7,7,7,7,5,5,5,5,7,25,7,7,26,27,7,7,7,7,7,5,7,28,29,7,7,7,7,7,7,7,30,31,32,33,34,7,7,7,7,35,36,37,7,7,7,38,7,7,7,7,7,7,7,7,7,7,39,40,7,7,7,7,2,2,2,2,2,2,2,2,6,6,6,6,6,6,6,6","0.000697851181030273","walktrap","edit-xhwikibooks.graphml"
"0.32","0.57","0.11","0.526677311656263","4,7,4,8,9,3,10,1,1,11,12,13,1,1,1,3,14,15,2,16,7,5,17,1,1,1,1,18,19,20,21,22,23,24,2,2,6,1,7,7,7,7,5,5,5,5,7,5,5,5,7,7,7,7,7,5,5,5,5,7,25,7,7,26,27,7,7,7,7,7,5,7,28,29,7,7,7,7,7,7,7,30,31,32,33,34,7,7,7,7,35,36,37,7,7,7,38,7,7,7,7,7,7,7,7,7,7,39,40,7,7,7,7,2,2,2,2,2,2,2,2,6,6,6,6,6,6,6,6","0.000701189041137695","walktrap","edit-xhwikibooks.graphml"
"0.31","0.58","0.11","0.529251848629838","4,7,4,8,9,3,10,1,1,11,12,13,1,1,1,3,14,15,2,16,7,5,17,1,1,1,1,18,19,20,21,22,23,24,2,2,6,1,7,7,7,7,5,5,5,5,7,5,5,5,7,7,7,7,7,5,5,5,5,7,25,7,7,26,27,7,7,7,7,7,5,7,28,29,7,7,7,7,7,7,7,30,31,32,33,34,7,7,7,7,35,36,37,7,7,7,38,7,7,7,7,7,7,7,7,7,7,39,40,7,7,7,7,2,2,2,2,2,2,2,2,6,6,6,6,6,6,6,6","0.000702142715454102","walktrap","edit-xhwikibooks.graphml"
"0.3","0.59","0.11","0.528329184727816","4,7,4,8,9,3,10,1,1,11,12,13,1,1,1,3,14,15,2,16,7,5,17,1,1,1,1,18,19,20,21,22,23,24,2,2,6,1,7,7,7,7,5,5,5,5,7,5,5,5,7,7,7,7,7,5,5,5,5,7,25,7,7,26,27,7,7,7,7,7,5,7,28,29,7,7,7,7,7,7,7,30,31,32,33,34,7,7,7,7,35,36,37,7,7,7,38,7,7,7,7,7,7,7,7,7,7,39,40,7,7,7,7,2,2,2,2,2,2,2,2,6,6,6,6,6,6,6,6","0.000713109970092773","walktrap","edit-xhwikibooks.graphml"
"0.29","0.6","0.11","0.532275263624104","4,7,4,8,9,3,10,1,1,11,12,13,1,1,1,3,14,15,2,16,7,5,17,1,1,1,1,18,19,20,21,22,23,24,2,2,6,1,7,7,7,7,5,5,5,5,7,5,5,5,7,7,7,7,7,5,5,5,5,7,25,7,7,26,27,7,7,7,7,7,5,7,28,29,7,7,7,7,7,7,7,30,31,32,33,34,7,7,7,7,35,36,37,7,7,7,38,7,7,7,7,7,7,7,7,7,7,39,40,7,7,7,7,2,2,2,2,2,2,2,2,6,6,6,6,6,6,6,6","0.000725984573364258","walktrap","edit-xhwikibooks.graphml"
"0.28","0.61","0.11","0.531355989308416","4,7,4,8,9,3,10,1,1,11,12,13,1,1,1,3,14,15,2,16,7,5,17,1,1,1,1,18,19,20,21,22,23,24,2,2,6,1,7,7,7,7,5,5,5,5,7,5,5,5,7,7,7,7,7,5,5,5,5,7,25,7,7,26,27,7,7,7,7,7,5,7,28,29,7,7,7,7,7,7,7,30,31,32,33,34,7,7,7,7,35,36,37,7,7,7,38,7,7,7,7,7,7,7,7,7,7,39,40,7,7,7,7,2,2,2,2,2,2,2,2,6,6,6,6,6,6,6,6","0.000750064849853516","walktrap","edit-xhwikibooks.graphml"
"0.27","0.62","0.11","0.534219806383504","4,5,4,8,9,3,10,1,1,11,12,13,1,1,1,3,14,15,2,16,5,6,17,1,1,1,1,18,19,20,21,22,23,24,2,2,7,1,5,5,5,5,6,6,6,6,5,6,6,6,5,5,5,5,5,6,6,6,6,5,25,5,5,26,27,5,5,5,5,5,6,5,28,29,5,5,5,5,5,5,5,30,31,32,33,34,5,5,5,5,35,36,37,5,5,5,38,5,5,5,5,5,5,5,5,5,5,39,40,5,5,5,5,2,2,2,2,2,2,2,2,7,7,7,7,7,7,7,7","0.000726938247680664","walktrap","edit-xhwikibooks.graphml"
"0.26","0.63","0.11","0.535405170879317","3,5,3,8,9,4,10,1,1,11,12,13,1,1,1,4,14,15,2,16,5,6,17,1,1,1,1,18,19,20,21,22,23,24,2,2,7,1,5,5,5,5,6,6,6,6,5,6,6,6,5,5,5,5,5,6,6,6,6,5,25,5,5,26,27,5,5,5,5,5,6,5,28,29,5,5,5,5,5,5,5,30,31,32,33,34,5,5,5,5,35,36,37,5,5,5,38,5,5,5,5,5,5,5,5,5,5,39,40,5,5,5,5,2,2,2,2,2,2,2,2,7,7,7,7,7,7,7,7","0.000725984573364258","walktrap","edit-xhwikibooks.graphml"
"0.25","0.64","0.11","0.535405170879317","3,5,3,8,9,4,10,1,1,11,12,13,1,1,1,4,14,15,2,16,5,6,17,1,1,1,1,18,19,20,21,22,23,24,2,2,7,1,5,5,5,5,6,6,6,6,5,6,6,6,5,5,5,5,5,6,6,6,6,5,25,5,5,26,27,5,5,5,5,5,6,5,28,29,5,5,5,5,5,5,5,30,31,32,33,34,5,5,5,5,35,36,37,5,5,5,38,5,5,5,5,5,5,5,5,5,5,39,40,5,5,5,5,2,2,2,2,2,2,2,2,7,7,7,7,7,7,7,7","0.000819206237792969","walktrap","edit-xhwikibooks.graphml"
"0.24","0.65","0.11","0.534488581314879","3,5,3,8,9,4,10,1,1,11,12,13,1,1,1,4,14,15,2,16,5,6,17,1,1,1,1,18,19,20,21,22,23,24,2,2,7,1,5,5,5,5,6,6,6,6,5,6,6,6,5,5,5,5,5,6,6,6,6,5,25,5,5,26,27,5,5,5,5,5,6,5,28,29,5,5,5,5,5,5,5,30,31,32,33,34,5,5,5,5,35,36,37,5,5,5,38,5,5,5,5,5,5,5,5,5,5,39,40,5,5,5,5,2,2,2,2,2,2,2,2,7,7,7,7,7,7,7,7","0.00067901611328125","walktrap","edit-xhwikibooks.graphml"
"0.23","0.66","0.11","0.534488581314879","3,5,3,8,9,4,10,1,1,11,12,13,1,1,1,4,14,15,2,16,5,6,17,1,1,1,1,18,19,20,21,22,23,24,2,2,7,1,5,5,5,5,6,6,6,6,5,6,6,6,5,5,5,5,5,6,6,6,6,5,25,5,5,26,27,5,5,5,5,5,6,5,28,29,5,5,5,5,5,5,5,30,31,32,33,34,5,5,5,5,35,36,37,5,5,5,38,5,5,5,5,5,5,5,5,5,5,39,40,5,5,5,5,2,2,2,2,2,2,2,2,7,7,7,7,7,7,7,7","0.000892877578735352","walktrap","edit-xhwikibooks.graphml"
"0.22","0.67","0.11","0.554367462781918","3,4,3,7,8,1,9,1,1,10,11,12,1,1,1,13,14,15,2,16,4,5,17,1,1,1,1,18,19,20,21,22,23,24,2,2,6,25,4,4,4,4,5,5,5,5,4,5,5,5,4,4,4,4,4,5,5,5,5,4,26,4,4,27,28,4,4,4,4,4,5,4,29,30,4,4,4,4,4,4,4,31,32,33,34,35,4,4,4,4,36,37,38,4,4,4,39,4,4,4,4,4,4,4,4,4,4,40,41,4,4,4,4,2,2,2,2,2,2,2,2,6,6,6,6,6,6,6,6","0.000687122344970703","walktrap","edit-xhwikibooks.graphml"
"0.21","0.68","0.11","0.554367462781918","3,4,3,7,8,1,9,1,1,10,11,12,1,1,1,13,14,15,2,16,4,5,17,1,1,1,1,18,19,20,21,22,23,24,2,2,6,25,4,4,4,4,5,5,5,5,4,5,5,5,4,4,4,4,4,5,5,5,5,4,26,4,4,27,28,4,4,4,4,4,5,4,29,30,4,4,4,4,4,4,4,31,32,33,34,35,4,4,4,4,36,37,38,4,4,4,39,4,4,4,4,4,4,4,4,4,4,40,41,4,4,4,4,2,2,2,2,2,2,2,2,6,6,6,6,6,6,6,6","0.000700950622558594","walktrap","edit-xhwikibooks.graphml"
"0.2","0.69","0.11","0.5534653155689","3,4,3,7,8,1,9,1,1,10,11,12,1,1,1,13,14,15,2,16,4,5,17,1,1,1,1,18,19,20,21,22,23,24,2,2,6,25,4,4,4,4,5,5,5,5,4,5,5,5,4,4,4,4,4,5,5,5,5,4,26,4,4,27,28,4,4,4,4,4,5,4,29,30,4,4,4,4,4,4,4,31,32,33,34,35,4,4,4,4,36,37,38,4,4,4,39,4,4,4,4,4,4,4,4,4,4,40,41,4,4,4,4,2,2,2,2,2,2,2,2,6,6,6,6,6,6,6,6","0.000695943832397461","walktrap","edit-xhwikibooks.graphml"
"0.19","0.7","0.11","0.555243071590537","3,4,3,7,8,1,9,1,1,10,11,12,1,1,1,13,14,15,2,16,4,5,17,1,1,1,1,18,19,20,21,22,23,24,2,2,6,25,4,4,4,4,5,5,5,5,4,5,5,5,4,4,4,4,4,5,5,5,5,4,26,4,4,27,28,4,4,4,4,4,5,4,29,30,4,4,4,4,4,4,4,31,32,33,34,35,4,4,4,4,36,37,38,4,4,4,39,4,4,4,4,4,4,4,4,4,4,40,41,4,4,4,4,2,2,2,2,2,2,2,2,6,6,6,6,6,6,6,6","0.000692129135131836","walktrap","edit-xhwikibooks.graphml"
"0.18","0.71","0.11","0.554344008264463","3,4,3,7,8,1,9,1,1,10,11,12,1,1,1,13,14,15,2,16,4,5,17,1,1,1,1,18,19,20,21,22,23,24,2,2,6,25,4,4,4,4,5,5,5,5,4,5,5,5,4,4,4,4,4,5,5,5,5,4,26,4,4,27,28,4,4,4,4,4,5,4,29,30,4,4,4,4,4,4,4,31,32,33,34,35,4,4,4,4,36,37,38,4,4,4,39,4,4,4,4,4,4,4,4,4,4,40,41,4,4,4,4,2,2,2,2,2,2,2,2,6,6,6,6,6,6,6,6","0.000711917877197266","walktrap","edit-xhwikibooks.graphml"
"0.17","0.72","0.11","0.557334002170308","3,4,3,7,8,1,9,1,1,10,11,12,1,1,1,13,14,15,2,16,4,5,17,1,1,1,1,18,19,20,21,22,23,24,2,2,6,25,4,4,4,4,5,5,5,5,4,5,5,5,4,4,4,4,4,5,5,5,5,4,26,4,4,27,28,4,4,4,4,4,5,4,29,30,4,4,4,4,4,4,4,31,32,33,34,35,4,4,4,4,36,37,38,4,4,4,39,4,4,4,4,4,4,4,4,4,4,40,41,4,4,4,4,2,2,2,2,2,2,2,2,6,6,6,6,6,6,6,6","0.000716924667358398","walktrap","edit-xhwikibooks.graphml"
"0.16","0.73","0.11","0.556441051928927","3,4,3,7,8,1,9,1,1,10,11,12,1,1,1,13,14,15,2,16,4,5,17,1,1,1,1,18,19,20,21,22,23,24,2,2,6,25,4,4,4,4,5,5,5,5,4,5,5,5,4,4,4,4,4,5,5,5,5,4,26,4,4,27,28,4,4,4,4,4,5,4,29,30,4,4,4,4,4,4,4,31,32,33,34,35,4,4,4,4,36,37,38,4,4,4,39,4,4,4,4,4,4,4,4,4,4,40,41,4,4,4,4,2,2,2,2,2,2,2,2,6,6,6,6,6,6,6,6","0.000685930252075195","walktrap","edit-xhwikibooks.graphml"
"0.15","0.74","0.11","0.556441051928927","3,4,3,7,8,1,9,1,1,10,11,12,1,1,1,13,14,15,2,16,4,5,17,1,1,1,1,18,19,20,21,22,23,24,2,2,6,25,4,4,4,4,5,5,5,5,4,5,5,5,4,4,4,4,4,5,5,5,5,4,26,4,4,27,28,4,4,4,4,4,5,4,29,30,4,4,4,4,4,4,4,31,32,33,34,35,4,4,4,4,36,37,38,4,4,4,39,4,4,4,4,4,4,4,4,4,4,40,41,4,4,4,4,2,2,2,2,2,2,2,2,6,6,6,6,6,6,6,6","0.000669956207275391","walktrap","edit-xhwikibooks.graphml"
"0.14","0.75","0.11","0.560510287324396","3,4,3,7,8,1,9,1,1,10,11,12,1,1,1,13,14,15,2,16,4,5,17,1,1,1,1,18,19,20,21,22,23,24,2,2,6,25,4,4,4,4,5,5,5,5,4,5,5,5,4,4,4,4,4,5,5,5,5,4,26,4,4,27,28,4,4,4,4,4,5,4,29,30,4,4,4,4,4,4,4,31,32,33,34,35,4,4,4,4,36,37,38,4,4,4,39,4,4,4,4,4,4,4,4,4,4,40,41,4,4,4,4,2,2,2,2,2,2,2,2,6,6,6,6,6,6,6,6","0.000687837600708008","walktrap","edit-xhwikibooks.graphml"
"0.13","0.76","0.11","0.560510287324396","3,4,3,7,8,1,9,1,1,10,11,12,1,1,1,13,14,15,2,16,4,5,17,1,1,1,1,18,19,20,21,22,23,24,2,2,6,25,4,4,4,4,5,5,5,5,4,5,5,5,4,4,4,4,4,5,5,5,5,4,26,4,4,27,28,4,4,4,4,4,5,4,29,30,4,4,4,4,4,4,4,31,32,33,34,35,4,4,4,4,36,37,38,4,4,4,39,4,4,4,4,4,4,4,4,4,4,40,41,4,4,4,4,2,2,2,2,2,2,2,2,6,6,6,6,6,6,6,6","0.000700950622558594","walktrap","edit-xhwikibooks.graphml"
"0.12","0.77","0.11","0.564046164086704","3,6,3,7,8,1,9,1,1,10,11,12,1,1,1,13,14,15,2,16,6,4,17,1,1,1,1,18,19,20,21,22,23,24,2,2,5,25,6,6,6,6,4,4,4,4,6,4,4,4,6,6,6,6,6,4,4,4,4,6,26,6,6,27,28,6,6,6,6,6,4,6,29,30,6,6,6,6,6,6,6,31,32,33,34,35,6,6,6,6,36,37,38,6,6,6,39,6,6,6,6,6,6,6,6,6,6,40,41,6,6,6,6,2,2,2,2,2,2,2,2,5,5,5,5,5,5,5,5","0.000731945037841797","walktrap","edit-xhwikibooks.graphml"
"0.11","0.78","0.11","0.566226881377551","3,4,3,7,8,9,10,1,11,12,13,14,1,1,1,15,16,17,2,18,4,5,19,1,1,1,1,20,21,22,23,24,25,26,2,2,6,27,4,4,4,4,5,5,5,5,4,5,5,5,4,4,4,4,4,5,5,5,5,4,28,4,4,29,30,4,4,4,4,4,5,4,31,32,4,4,4,4,4,4,4,33,34,35,36,37,4,4,4,4,38,39,40,4,4,4,41,4,4,4,4,4,4,4,4,4,4,42,43,4,4,4,4,2,2,2,2,2,2,2,2,6,6,6,6,6,6,6,6","0.000704050064086914","walktrap","edit-xhwikibooks.graphml"
"0.1","0.79","0.11","0.566226881377551","3,4,3,7,8,9,10,1,11,12,13,14,1,1,1,15,16,17,2,18,4,5,19,1,1,1,1,20,21,22,23,24,25,26,2,2,6,27,4,4,4,4,5,5,5,5,4,5,5,5,4,4,4,4,4,5,5,5,5,4,28,4,4,29,30,4,4,4,4,4,5,4,31,32,4,4,4,4,4,4,4,33,34,35,36,37,4,4,4,4,38,39,40,4,4,4,41,4,4,4,4,4,4,4,4,4,4,42,43,4,4,4,4,2,2,2,2,2,2,2,2,6,6,6,6,6,6,6,6","0.0007171630859375","walktrap","edit-xhwikibooks.graphml"
"0.09","0.8","0.11","0.568728767311861","3,4,3,7,8,9,10,1,11,12,13,14,1,1,1,15,16,17,2,18,4,5,19,1,1,1,1,20,21,22,23,24,25,26,2,2,6,27,4,4,4,4,5,5,5,5,4,5,5,5,4,4,4,4,4,5,5,5,5,4,28,4,4,29,30,4,4,4,4,4,5,4,31,32,4,4,4,4,4,4,4,33,34,35,36,37,4,4,4,4,38,39,40,4,4,4,41,4,4,4,4,4,4,4,4,4,4,42,43,4,4,4,4,2,2,2,2,2,2,2,2,6,6,6,6,6,6,6,6","0.000674962997436523","walktrap","edit-xhwikibooks.graphml"
"0.08","0.81","0.11","0.568728767311861","3,4,3,7,8,9,10,1,11,12,13,14,1,1,1,15,16,17,2,18,4,5,19,1,1,1,1,20,21,22,23,24,25,26,2,2,6,27,4,4,4,4,5,5,5,5,4,5,5,5,4,4,4,4,4,5,5,5,5,4,28,4,4,29,30,4,4,4,4,4,5,4,31,32,4,4,4,4,4,4,4,33,34,35,36,37,4,4,4,4,38,39,40,4,4,4,41,4,4,4,4,4,4,4,4,4,4,42,43,4,4,4,4,2,2,2,2,2,2,2,2,6,6,6,6,6,6,6,6","0.000731945037841797","walktrap","edit-xhwikibooks.graphml"
"0.07","0.82","0.11","0.567830292113712","3,4,3,7,8,9,10,1,11,12,13,14,1,1,1,15,16,17,2,18,4,5,19,1,1,1,1,20,21,22,23,24,25,26,2,2,6,27,4,4,4,4,5,5,5,5,4,5,5,5,4,4,4,4,4,5,5,5,5,4,28,4,4,29,30,4,4,4,4,4,5,4,31,32,4,4,4,4,4,4,4,33,34,35,36,37,4,4,4,4,38,39,40,4,4,4,41,4,4,4,4,4,4,4,4,4,4,42,43,4,4,4,4,2,2,2,2,2,2,2,2,6,6,6,6,6,6,6,6","0.000671863555908203","walktrap","edit-xhwikibooks.graphml"
"0.06","0.83","0.11","0.567830292113712","3,4,3,7,8,9,10,1,11,12,13,14,1,1,1,15,16,17,2,18,4,5,19,1,1,1,1,20,21,22,23,24,25,26,2,2,6,27,4,4,4,4,5,5,5,5,4,5,5,5,4,4,4,4,4,5,5,5,5,4,28,4,4,29,30,4,4,4,4,4,5,4,31,32,4,4,4,4,4,4,4,33,34,35,36,37,4,4,4,4,38,39,40,4,4,4,41,4,4,4,4,4,4,4,4,4,4,42,43,4,4,4,4,2,2,2,2,2,2,2,2,6,6,6,6,6,6,6,6","0.000669956207275391","walktrap","edit-xhwikibooks.graphml"
"0.05","0.84","0.11","0.568070892119001","4,5,4,8,9,10,11,3,12,13,14,15,2,2,2,16,17,18,1,19,5,6,20,3,2,2,2,21,22,23,24,25,26,27,1,1,7,28,5,5,5,5,6,6,6,6,5,6,6,6,5,5,5,5,5,6,6,6,6,5,29,5,5,30,31,5,5,5,5,5,6,5,32,33,5,5,5,5,5,5,5,34,35,36,37,38,5,5,5,5,39,40,41,5,5,5,42,5,5,5,5,5,5,5,5,5,5,43,44,5,5,5,5,1,1,1,1,1,1,1,1,7,7,7,7,7,7,7,7","0.000667095184326172","walktrap","edit-xhwikibooks.graphml"
"0.04","0.85","0.11","0.569721048182586","4,5,4,8,9,10,11,3,12,13,14,15,2,2,2,16,17,18,1,19,5,6,20,3,2,2,2,21,22,23,24,25,26,27,1,1,7,28,5,5,5,5,6,6,6,6,5,6,6,6,5,5,5,5,5,6,6,6,6,5,29,5,5,30,31,5,5,5,5,5,6,5,32,33,5,5,5,5,5,5,5,34,35,36,37,38,5,5,5,5,39,40,41,5,5,5,42,5,5,5,5,5,5,5,5,5,5,43,44,5,5,5,5,1,1,1,1,1,1,1,1,7,7,7,7,7,7,7,7","0.000680923461914062","walktrap","edit-xhwikibooks.graphml"
"0.03","0.86","0.11","0.571697240708606","4,5,4,8,9,10,11,3,12,13,14,15,2,2,2,16,17,18,1,19,5,6,20,3,2,2,2,21,22,23,24,25,26,27,1,1,7,28,5,5,5,5,6,6,6,6,5,6,6,6,5,5,5,5,5,6,6,6,6,5,29,5,5,30,31,5,5,5,5,5,6,5,32,33,5,5,5,5,5,5,5,34,35,36,37,38,5,5,5,5,39,40,41,5,5,5,42,5,5,5,5,5,5,5,5,5,5,43,44,5,5,5,5,1,1,1,1,1,1,1,1,7,7,7,7,7,7,7,7","0.000728130340576172","walktrap","edit-xhwikibooks.graphml"
"0.02","0.87","0.11","0.571697240708606","4,5,4,8,9,10,11,3,12,13,14,15,2,2,2,16,17,18,1,19,5,6,20,3,2,2,2,21,22,23,24,25,26,27,1,1,7,28,5,5,5,5,6,6,6,6,5,6,6,6,5,5,5,5,5,6,6,6,6,5,29,5,5,30,31,5,5,5,5,5,6,5,32,33,5,5,5,5,5,5,5,34,35,36,37,38,5,5,5,5,39,40,41,5,5,5,42,5,5,5,5,5,5,5,5,5,5,43,44,5,5,5,5,1,1,1,1,1,1,1,1,7,7,7,7,7,7,7,7","0.000710010528564453","walktrap","edit-xhwikibooks.graphml"
"0.01","0.88","0.11","0.570808473474115","4,5,4,8,9,10,11,3,12,13,14,15,2,2,2,16,17,18,1,19,5,6,20,3,2,2,2,21,22,23,24,25,26,27,1,1,7,28,5,5,5,5,6,6,6,6,5,6,6,6,5,5,5,5,5,6,6,6,6,5,29,5,5,30,31,5,5,5,5,5,6,5,32,33,5,5,5,5,5,5,5,34,35,36,37,38,5,5,5,5,39,40,41,5,5,5,42,5,5,5,5,5,5,5,5,5,5,43,44,5,5,5,5,1,1,1,1,1,1,1,1,7,7,7,7,7,7,7,7","0.000687122344970703","walktrap","edit-xhwikibooks.graphml"
"0","0.89","0.11","0.556162299239222","1,4,1,1,1,6,7,1,8,9,10,11,2,2,2,12,13,14,3,15,4,5,16,1,2,2,2,17,1,18,19,20,21,22,3,3,2,23,4,4,4,4,5,5,5,5,4,5,5,5,4,4,4,4,4,5,5,5,5,4,24,4,4,25,26,4,4,4,4,4,5,4,27,28,4,4,4,4,4,4,4,29,30,31,32,33,4,4,4,4,34,35,36,4,4,4,37,4,4,4,4,4,4,4,4,4,4,38,39,4,4,4,4,3,40,41,3,3,3,3,3,42,43,44,45,46,47,48,49","0.00071406364440918","walktrap","edit-xhwikibooks.graphml"
"0.88","0","0.12","0.438405797101449","2,12,2,2,2,2,2,2,2,4,2,2,1,5,5,3,4,6,2,2,12,13,1,1,5,5,5,3,7,4,6,9,11,2,8,8,10,5,12,12,12,12,13,13,13,13,12,13,13,13,12,12,12,12,12,13,13,13,13,12,1,12,12,1,5,12,12,12,12,12,13,12,5,5,12,12,12,12,12,12,12,5,3,3,3,7,12,12,12,12,4,6,9,12,12,12,3,12,12,12,12,12,12,12,12,12,12,11,11,12,12,12,12,8,8,8,8,8,8,8,8,10,10,10,10,10,10,10,10","0.000813961029052734","walktrap","edit-xhwikibooks.graphml"
"0.87","0.01","0.12","0.438405797101449","2,12,2,2,2,2,2,2,2,4,2,2,1,5,5,3,4,6,2,2,12,13,1,1,5,5,5,3,7,4,6,9,11,2,8,8,10,5,12,12,12,12,13,13,13,13,12,13,13,13,12,12,12,12,12,13,13,13,13,12,1,12,12,1,5,12,12,12,12,12,13,12,5,5,12,12,12,12,12,12,12,5,3,3,3,7,12,12,12,12,4,6,9,12,12,12,3,12,12,12,12,12,12,12,12,12,12,11,11,12,12,12,12,8,8,8,8,8,8,8,8,10,10,10,10,10,10,10,10","0.000784873962402344","walktrap","edit-xhwikibooks.graphml"
"0.86","0.02","0.12","0.438405797101449","2,12,2,2,2,2,2,2,2,4,2,2,1,5,5,3,4,6,2,2,12,13,1,1,5,5,5,3,7,4,6,9,11,2,8,8,10,5,12,12,12,12,13,13,13,13,12,13,13,13,12,12,12,12,12,13,13,13,13,12,1,12,12,1,5,12,12,12,12,12,13,12,5,5,12,12,12,12,12,12,12,5,3,3,3,7,12,12,12,12,4,6,9,12,12,12,3,12,12,12,12,12,12,12,12,12,12,11,11,12,12,12,12,8,8,8,8,8,8,8,8,10,10,10,10,10,10,10,10","0.000792026519775391","walktrap","edit-xhwikibooks.graphml"
"0.85","0.03","0.12","0.437590361445783","2,12,2,2,2,2,2,2,2,4,2,2,1,5,5,3,4,6,2,2,12,13,1,1,5,5,5,3,7,4,6,9,11,2,8,8,10,5,12,12,12,12,13,13,13,13,12,13,13,13,12,12,12,12,12,13,13,13,13,12,1,12,12,1,5,12,12,12,12,12,13,12,5,5,12,12,12,12,12,12,12,5,3,3,3,7,12,12,12,12,4,6,9,12,12,12,3,12,12,12,12,12,12,12,12,12,12,11,11,12,12,12,12,8,8,8,8,8,8,8,8,10,10,10,10,10,10,10,10","0.000871181488037109","walktrap","edit-xhwikibooks.graphml"
"0.84","0.04","0.12","0.437590361445783","2,12,2,2,2,2,2,2,2,4,2,2,1,5,5,3,4,6,2,2,12,13,1,1,5,5,5,3,7,4,6,9,11,2,8,8,10,5,12,12,12,12,13,13,13,13,12,13,13,13,12,12,12,12,12,13,13,13,13,12,1,12,12,1,5,12,12,12,12,12,13,12,5,5,12,12,12,12,12,12,12,5,3,3,3,7,12,12,12,12,4,6,9,12,12,12,3,12,12,12,12,12,12,12,12,12,12,11,11,12,12,12,12,8,8,8,8,8,8,8,8,10,10,10,10,10,10,10,10","0.000761032104492188","walktrap","edit-xhwikibooks.graphml"
"0.83","0.05","0.12","0.43677769045858","2,12,2,2,2,2,2,2,2,4,2,2,1,5,5,3,4,6,2,2,12,13,1,1,5,5,5,3,7,4,6,9,11,2,8,8,10,5,12,12,12,12,13,13,13,13,12,13,13,13,12,12,12,12,12,13,13,13,13,12,1,12,12,1,5,12,12,12,12,12,13,12,5,5,12,12,12,12,12,12,12,5,3,3,3,7,12,12,12,12,4,6,9,12,12,12,3,12,12,12,12,12,12,12,12,12,12,11,11,12,12,12,12,8,8,8,8,8,8,8,8,10,10,10,10,10,10,10,10","0.00082707405090332","walktrap","edit-xhwikibooks.graphml"
"0.82","0.06","0.12","0.43677769045858","2,12,2,2,2,2,2,2,2,4,2,2,1,5,5,3,4,6,2,2,12,13,1,1,5,5,5,3,7,4,6,9,11,2,8,8,10,5,12,12,12,12,13,13,13,13,12,13,13,13,12,12,12,12,12,13,13,13,13,12,1,12,12,1,5,12,12,12,12,12,13,12,5,5,12,12,12,12,12,12,12,5,3,3,3,7,12,12,12,12,4,6,9,12,12,12,3,12,12,12,12,12,12,12,12,12,12,11,11,12,12,12,12,8,8,8,8,8,8,8,8,10,10,10,10,10,10,10,10","0.000867128372192383","walktrap","edit-xhwikibooks.graphml"
"0.81","0.07","0.12","0.435967772544554","2,12,2,2,2,2,2,2,2,4,2,2,1,5,5,3,4,6,2,2,12,13,1,1,5,5,5,3,7,4,6,9,11,2,8,8,10,5,12,12,12,12,13,13,13,13,12,13,13,13,12,12,12,12,12,13,13,13,13,12,1,12,12,1,5,12,12,12,12,12,13,12,5,5,12,12,12,12,12,12,12,5,3,3,3,7,12,12,12,12,4,6,9,12,12,12,3,12,12,12,12,12,12,12,12,12,12,11,11,12,12,12,12,8,8,8,8,8,8,8,8,10,10,10,10,10,10,10,10","0.000914096832275391","walktrap","edit-xhwikibooks.graphml"
"0.8","0.08","0.12","0.438251184725624","2,12,2,2,2,2,2,2,2,4,2,2,1,5,5,3,4,6,2,2,12,13,1,1,5,5,5,3,7,4,6,9,11,2,8,8,10,5,12,12,12,12,13,13,13,13,12,13,13,13,12,12,12,12,12,13,13,13,13,12,1,12,12,1,5,12,12,12,12,12,13,12,5,5,12,12,12,12,12,12,12,5,3,3,3,7,12,12,12,12,4,6,9,12,12,12,3,12,12,12,12,12,12,12,12,12,12,11,11,12,12,12,12,8,8,8,8,8,8,8,8,10,10,10,10,10,10,10,10","0.000782966613769531","walktrap","edit-xhwikibooks.graphml"
"0.79","0.09","0.12","0.437544355669513","1,11,1,1,1,4,1,4,4,5,1,1,2,4,4,3,5,6,1,1,11,12,2,2,4,4,4,3,7,5,6,8,10,1,1,1,9,4,11,11,11,11,12,12,12,12,11,12,12,12,11,11,11,11,11,12,12,12,12,11,2,11,11,2,4,11,11,11,11,11,12,11,4,4,11,11,11,11,11,11,11,4,3,3,3,7,11,11,11,11,5,6,8,11,11,11,3,11,11,11,11,11,11,11,11,11,11,10,10,11,11,11,11,1,1,1,1,1,1,1,1,9,9,9,9,9,9,9,9","0.000756025314331055","walktrap","edit-xhwikibooks.graphml"
"0.78","0.1","0.12","0.437544355669513","1,11,1,1,1,4,1,4,4,5,1,1,2,4,4,3,5,6,1,1,11,12,2,2,4,4,4,3,7,5,6,8,10,1,1,1,9,4,11,11,11,11,12,12,12,12,11,12,12,12,11,11,11,11,11,12,12,12,12,11,2,11,11,2,4,11,11,11,11,11,12,11,4,4,11,11,11,11,11,11,11,4,3,3,3,7,11,11,11,11,5,6,8,11,11,11,3,11,11,11,11,11,11,11,11,11,11,10,10,11,11,11,11,1,1,1,1,1,1,1,1,9,9,9,9,9,9,9,9","0.000803947448730469","walktrap","edit-xhwikibooks.graphml"
"0.77","0.11","0.12","0.436745632572154","1,11,1,1,1,4,1,4,4,5,1,1,2,4,4,3,5,6,1,1,11,12,2,2,4,4,4,3,7,5,6,8,10,1,1,1,9,4,11,11,11,11,12,12,12,12,11,12,12,12,11,11,11,11,11,12,12,12,12,11,2,11,11,2,4,11,11,11,11,11,12,11,4,4,11,11,11,11,11,11,11,4,3,3,3,7,11,11,11,11,5,6,8,11,11,11,3,11,11,11,11,11,11,11,11,11,11,10,10,11,11,11,11,1,1,1,1,1,1,1,1,9,9,9,9,9,9,9,9","0.000812053680419922","walktrap","edit-xhwikibooks.graphml"
"0.76","0.12","0.12","0.441294621447633","1,11,1,1,1,4,1,4,4,5,1,1,2,4,4,3,5,6,1,1,11,12,2,2,4,4,4,3,7,5,6,8,10,1,1,1,9,4,11,11,11,11,12,12,12,12,11,12,12,12,11,11,11,11,11,12,12,12,12,11,2,11,11,2,4,11,11,11,11,11,12,11,4,4,11,11,11,11,11,11,11,4,3,3,3,7,11,11,11,11,5,6,8,11,11,11,3,11,11,11,11,11,11,11,11,11,11,10,10,11,11,11,11,1,1,1,1,1,1,1,1,9,9,9,9,9,9,9,9","0.00078892707824707","walktrap","edit-xhwikibooks.graphml"
"0.75","0.13","0.12","0.436988604844674","3,6,3,3,3,1,3,1,1,5,3,3,1,1,1,2,5,7,4,3,6,10,1,1,1,1,1,2,6,5,7,4,9,3,4,4,8,1,6,6,6,6,10,10,10,10,6,10,10,10,6,6,6,6,6,10,10,10,10,6,11,6,6,1,1,6,6,6,6,6,10,6,1,1,6,6,6,6,6,6,6,1,2,2,2,12,6,6,6,6,13,14,15,6,6,6,2,6,6,6,6,6,6,6,6,6,6,9,9,6,6,6,6,4,4,4,4,4,4,4,4,8,8,8,8,8,8,8,8","0.000833034515380859","walktrap","edit-xhwikibooks.graphml"
"0.74","0.14","0.12","0.436988604844674","3,6,3,3,3,1,3,1,1,5,3,3,1,1,1,2,5,7,4,3,6,10,1,1,1,1,1,2,6,5,7,4,9,3,4,4,8,1,6,6,6,6,10,10,10,10,6,10,10,10,6,6,6,6,6,10,10,10,10,6,11,6,6,1,1,6,6,6,6,6,10,6,1,1,6,6,6,6,6,6,6,1,2,2,2,12,6,6,6,6,13,14,15,6,6,6,2,6,6,6,6,6,6,6,6,6,6,9,9,6,6,6,6,4,4,4,4,4,4,4,4,8,8,8,8,8,8,8,8","0.000822067260742188","walktrap","edit-xhwikibooks.graphml"
"0.73","0.15","0.12","0.440692978508894","3,6,3,3,3,1,3,1,1,5,3,3,1,1,1,2,5,7,4,3,6,10,1,1,1,1,1,2,6,5,7,4,9,3,4,4,8,1,6,6,6,6,10,10,10,10,6,10,10,10,6,6,6,6,6,10,10,10,10,6,11,6,6,1,1,6,6,6,6,6,10,6,1,1,6,6,6,6,6,6,6,1,2,2,2,12,6,6,6,6,13,14,15,6,6,6,2,6,6,6,6,6,6,6,6,6,6,9,9,6,6,6,6,4,4,4,4,4,4,4,4,8,8,8,8,8,8,8,8","0.000787973403930664","walktrap","edit-xhwikibooks.graphml"
"0.72","0.16","0.12","0.44296768707483","3,6,3,3,3,1,3,1,1,5,3,3,1,1,1,2,5,7,4,3,6,10,1,1,1,1,1,2,6,5,7,4,9,3,4,4,8,1,6,6,6,6,10,10,10,10,6,10,10,10,6,6,6,6,6,10,10,10,10,6,11,6,6,1,1,6,6,6,6,6,10,6,1,1,6,6,6,6,6,6,6,1,2,2,2,12,6,6,6,6,13,14,15,6,6,6,2,6,6,6,6,6,6,6,6,6,6,9,9,6,6,6,6,4,4,4,4,4,4,4,4,8,8,8,8,8,8,8,8","0.000784873962402344","walktrap","edit-xhwikibooks.graphml"
"0.71","0.17","0.12","0.444338065182723","3,6,3,3,3,1,3,1,1,5,3,3,1,1,1,2,5,7,4,3,6,10,1,1,1,1,1,2,6,5,7,4,9,3,4,4,8,1,6,6,6,6,10,10,10,10,6,10,10,10,6,6,6,6,6,10,10,10,10,6,11,6,6,1,1,6,6,6,6,6,10,6,1,1,6,6,6,6,6,6,6,1,2,2,2,12,6,6,6,6,13,14,15,6,6,6,2,6,6,6,6,6,6,6,6,6,6,9,9,6,6,6,6,4,4,4,4,4,4,4,4,8,8,8,8,8,8,8,8","0.000755071640014648","walktrap","edit-xhwikibooks.graphml"
"0.7","0.18","0.12","0.443525085369057","3,6,3,3,3,1,3,1,1,5,3,3,1,1,1,2,5,7,4,3,6,10,1,1,1,1,1,2,6,5,7,4,9,3,4,4,8,1,6,6,6,6,10,10,10,10,6,10,10,10,6,6,6,6,6,10,10,10,10,6,11,6,6,1,1,6,6,6,6,6,10,6,1,1,6,6,6,6,6,6,6,1,2,2,2,12,6,6,6,6,13,14,15,6,6,6,2,6,6,6,6,6,6,6,6,6,6,9,9,6,6,6,6,4,4,4,4,4,4,4,4,8,8,8,8,8,8,8,8","0.000768899917602539","walktrap","edit-xhwikibooks.graphml"
"0.69","0.19","0.12","0.442714822890709","3,6,3,3,3,1,3,1,1,5,3,3,1,1,1,2,5,7,4,3,6,10,1,1,1,1,1,2,6,5,7,4,9,3,4,4,8,1,6,6,6,6,10,10,10,10,6,10,10,10,6,6,6,6,6,10,10,10,10,6,11,6,6,1,1,6,6,6,6,6,10,6,1,1,6,6,6,6,6,6,6,1,2,2,2,12,6,6,6,6,13,14,15,6,6,6,2,6,6,6,6,6,6,6,6,6,6,9,9,6,6,6,6,4,4,4,4,4,4,4,4,8,8,8,8,8,8,8,8","0.000760078430175781","walktrap","edit-xhwikibooks.graphml"
"0.68","0.2","0.12","0.447130750071635","3,6,3,3,3,1,3,1,1,5,3,3,1,1,1,2,5,7,4,3,6,10,1,1,1,1,1,2,6,5,7,4,9,3,4,4,8,1,6,6,6,6,10,10,10,10,6,10,10,10,6,6,6,6,6,10,10,10,10,6,11,6,6,1,1,6,6,6,6,6,10,6,1,1,6,6,6,6,6,6,6,1,2,2,2,12,6,6,6,6,13,14,15,6,6,6,2,6,6,6,6,6,6,6,6,6,6,9,9,6,6,6,6,4,4,4,4,4,4,4,4,8,8,8,8,8,8,8,8","0.000982999801635742","walktrap","edit-xhwikibooks.graphml"
"0.67","0.21","0.12","0.439722209861161","4,6,4,4,4,1,4,1,1,5,4,4,1,1,1,3,5,7,2,4,6,10,1,1,1,1,1,3,6,5,7,2,9,4,2,2,8,1,6,6,6,6,10,10,10,10,6,10,10,10,6,6,6,6,6,10,10,10,10,6,11,6,6,1,1,6,6,6,6,6,10,6,1,1,6,6,6,6,6,6,6,1,3,3,3,12,6,6,6,6,13,14,15,6,6,6,3,6,6,6,6,6,6,6,6,6,6,9,9,6,6,6,6,2,2,2,2,2,2,2,2,8,8,8,8,8,8,8,8","0.000784873962402344","walktrap","edit-xhwikibooks.graphml"
"0.66","0.22","0.12","0.439722209861161","4,6,4,4,4,1,4,1,1,5,4,4,1,1,1,3,5,7,2,4,6,10,1,1,1,1,1,3,6,5,7,2,9,4,2,2,8,1,6,6,6,6,10,10,10,10,6,10,10,10,6,6,6,6,6,10,10,10,10,6,11,6,6,1,1,6,6,6,6,6,10,6,1,1,6,6,6,6,6,6,6,1,3,3,3,12,6,6,6,6,13,14,15,6,6,6,3,6,6,6,6,6,6,6,6,6,6,9,9,6,6,6,6,2,2,2,2,2,2,2,2,8,8,8,8,8,8,8,8","0.000771045684814453","walktrap","edit-xhwikibooks.graphml"
"0.65","0.23","0.12","0.443519681454952","4,6,4,4,4,1,4,1,1,5,4,4,1,1,1,3,5,7,2,4,6,10,1,1,1,1,1,3,6,5,7,2,9,4,2,2,8,1,6,6,6,6,10,10,10,10,6,10,10,10,6,6,6,6,6,10,10,10,10,6,11,6,6,1,1,6,6,6,6,6,10,6,1,1,6,6,6,6,6,6,6,1,3,3,3,12,6,6,6,6,13,14,15,6,6,6,3,6,6,6,6,6,6,6,6,6,6,9,9,6,6,6,6,2,2,2,2,2,2,2,2,8,8,8,8,8,8,8,8","0.000778913497924805","walktrap","edit-xhwikibooks.graphml"
"0.64","0.24","0.12","0.445734889510001","4,6,4,4,4,1,4,1,1,5,4,4,1,1,1,3,5,7,2,4,6,10,1,1,1,1,1,3,6,5,7,2,9,4,2,2,8,1,6,6,6,6,10,10,10,10,6,10,10,10,6,6,6,6,6,10,10,10,10,6,11,6,6,1,1,6,6,6,6,6,10,6,1,1,6,6,6,6,6,6,6,1,3,3,3,12,6,6,6,6,13,14,15,6,6,6,3,6,6,6,6,6,6,6,6,6,6,9,9,6,6,6,6,2,2,2,2,2,2,2,2,8,8,8,8,8,8,8,8","0.000772953033447266","walktrap","edit-xhwikibooks.graphml"
"0.63","0.25","0.12","0.434783585274365","1,3,1,1,1,1,1,2,1,1,1,1,2,2,2,1,9,1,1,7,3,8,2,2,2,2,2,6,3,10,11,1,7,7,4,4,5,2,3,3,3,3,8,8,8,8,3,8,8,8,3,3,3,3,3,8,8,8,8,3,12,3,3,13,14,3,3,3,3,3,8,3,2,2,3,3,3,3,3,3,3,15,6,6,6,16,3,3,3,3,17,18,19,3,3,3,20,3,3,3,3,3,3,3,3,3,3,21,22,3,3,3,3,4,4,4,4,4,4,4,4,5,5,5,5,5,5,5,5","0.000752925872802734","walktrap","edit-xhwikibooks.graphml"
"0.62","0.26","0.12","0.437173403975879","1,3,1,1,1,1,1,2,1,1,1,1,2,2,2,1,9,1,1,7,3,8,2,2,2,2,2,6,3,10,11,1,7,7,4,4,5,2,3,3,3,3,8,8,8,8,3,8,8,8,3,3,3,3,3,8,8,8,8,3,12,3,3,13,14,3,3,3,3,3,8,3,2,2,3,3,3,3,3,3,3,15,6,6,6,16,3,3,3,3,17,18,19,3,3,3,20,3,3,3,3,3,3,3,3,3,3,21,22,3,3,3,3,4,4,4,4,4,4,4,4,5,5,5,5,5,5,5,5","0.000747919082641602","walktrap","edit-xhwikibooks.graphml"
"0.61","0.27","0.12","0.437173403975879","1,3,1,1,1,1,1,2,1,1,1,1,2,2,2,1,9,1,1,7,3,8,2,2,2,2,2,6,3,10,11,1,7,7,4,4,5,2,3,3,3,3,8,8,8,8,3,8,8,8,3,3,3,3,3,8,8,8,8,3,12,3,3,13,14,3,3,3,3,3,8,3,2,2,3,3,3,3,3,3,3,15,6,6,6,16,3,3,3,3,17,18,19,3,3,3,20,3,3,3,3,3,3,3,3,3,3,21,22,3,3,3,3,4,4,4,4,4,4,4,4,5,5,5,5,5,5,5,5","0.000732898712158203","walktrap","edit-xhwikibooks.graphml"
"0.6","0.28","0.12","0.436365254538982","1,3,1,1,1,1,1,2,1,1,1,1,2,2,2,1,9,1,1,7,3,8,2,2,2,2,2,6,3,10,11,1,7,7,4,4,5,2,3,3,3,3,8,8,8,8,3,8,8,8,3,3,3,3,3,8,8,8,8,3,12,3,3,13,14,3,3,3,3,3,8,3,2,2,3,3,3,3,3,3,3,15,6,6,6,16,3,3,3,3,17,18,19,3,3,3,20,3,3,3,3,3,3,3,3,3,3,21,22,3,3,3,3,4,4,4,4,4,4,4,4,5,5,5,5,5,5,5,5","0.000712156295776367","walktrap","edit-xhwikibooks.graphml"
"0.59","0.29","0.12","0.440895765831295","1,3,1,1,1,1,1,2,1,1,1,1,2,2,2,1,9,1,1,7,3,8,2,2,2,2,2,6,3,10,11,1,7,7,4,4,5,2,3,3,3,3,8,8,8,8,3,8,8,8,3,3,3,3,3,8,8,8,8,3,12,3,3,13,14,3,3,3,3,3,8,3,2,2,3,3,3,3,3,3,3,15,6,6,6,16,3,3,3,3,17,18,19,3,3,3,20,3,3,3,3,3,3,3,3,3,3,21,22,3,3,3,3,4,4,4,4,4,4,4,4,5,5,5,5,5,5,5,5","0.000770092010498047","walktrap","edit-xhwikibooks.graphml"
"0.58","0.3","0.12","0.442418551838589","1,3,1,1,1,1,1,2,1,1,1,1,2,2,2,1,9,1,1,7,3,8,2,2,2,2,2,6,3,10,11,1,7,7,4,4,5,2,3,3,3,3,8,8,8,8,3,8,8,8,3,3,3,3,3,8,8,8,8,3,12,3,3,13,14,3,3,3,3,3,8,3,2,2,3,3,3,3,3,3,3,15,6,6,6,16,3,3,3,3,17,18,19,3,3,3,20,3,3,3,3,3,3,3,3,3,3,21,22,3,3,3,3,4,4,4,4,4,4,4,4,5,5,5,5,5,5,5,5","0.000743865966796875","walktrap","edit-xhwikibooks.graphml"
"0.57","0.31","0.12","0.444634619459794","1,3,1,1,1,1,1,2,1,1,1,1,2,2,2,1,9,1,1,7,3,8,2,2,2,2,2,6,3,10,11,1,7,7,4,4,5,2,3,3,3,3,8,8,8,8,3,8,8,8,3,3,3,3,3,8,8,8,8,3,12,3,3,13,14,3,3,3,3,3,8,3,2,2,3,3,3,3,3,3,3,15,6,6,6,16,3,3,3,3,17,18,19,3,3,3,20,3,3,3,3,3,3,3,3,3,3,21,22,3,3,3,3,4,4,4,4,4,4,4,4,5,5,5,5,5,5,5,5","0.000782966613769531","walktrap","edit-xhwikibooks.graphml"
"0.56","0.32","0.12","0.443829096809086","1,3,1,1,1,1,1,2,1,1,1,1,2,2,2,1,9,1,1,7,3,8,2,2,2,2,2,6,3,10,11,1,7,7,4,4,5,2,3,3,3,3,8,8,8,8,3,8,8,8,3,3,3,3,3,8,8,8,8,3,12,3,3,13,14,3,3,3,3,3,8,3,2,2,3,3,3,3,3,3,3,15,6,6,6,16,3,3,3,3,17,18,19,3,3,3,20,3,3,3,3,3,3,3,3,3,3,21,22,3,3,3,3,4,4,4,4,4,4,4,4,5,5,5,5,5,5,5,5","0.000753879547119141","walktrap","edit-xhwikibooks.graphml"
"0.55","0.33","0.12","0.441553784211127","1,3,1,1,1,1,1,2,1,1,1,1,2,2,2,1,9,1,1,7,3,8,2,2,2,2,2,6,3,10,11,1,7,7,4,4,5,2,3,3,3,3,8,8,8,8,3,8,8,8,3,3,3,3,3,8,8,8,8,3,12,3,3,13,14,3,3,3,3,3,8,3,2,2,3,3,3,3,3,3,3,15,6,6,6,16,3,3,3,3,17,18,19,3,3,3,20,3,3,3,3,3,3,3,3,3,3,21,22,3,3,3,3,4,4,4,4,4,4,4,4,5,5,5,5,5,5,5,5","0.000753164291381836","walktrap","edit-xhwikibooks.graphml"
"0.54","0.34","0.12","0.473018626734843","1,4,1,1,1,2,1,2,2,2,1,1,2,2,2,2,9,1,1,3,4,8,2,2,2,2,2,7,4,10,11,1,3,3,5,5,6,2,4,4,4,4,8,8,8,8,4,8,8,8,4,4,4,4,4,8,8,8,8,4,12,4,4,13,14,4,4,4,4,4,8,4,2,2,4,4,4,4,4,4,4,15,7,7,7,16,4,4,4,4,17,18,19,4,4,4,20,4,4,4,4,4,4,4,4,4,4,21,22,4,4,4,4,5,5,5,5,5,5,5,5,6,6,6,6,6,6,6,6","0.192556858062744","walktrap","edit-xhwikibooks.graphml"
"0.53","0.35","0.12","0.473018626734843","1,4,1,1,1,2,1,2,2,2,1,1,2,2,2,2,9,1,1,3,4,8,2,2,2,2,2,7,4,10,11,1,3,3,5,5,6,2,4,4,4,4,8,8,8,8,4,8,8,8,4,4,4,4,4,8,8,8,8,4,12,4,4,13,14,4,4,4,4,4,8,4,2,2,4,4,4,4,4,4,4,15,7,7,7,16,4,4,4,4,17,18,19,4,4,4,20,4,4,4,4,4,4,4,4,4,4,21,22,4,4,4,4,5,5,5,5,5,5,5,5,6,6,6,6,6,6,6,6","0.000925064086914062","walktrap","edit-xhwikibooks.graphml"
"0.52","0.36","0.12","0.472208054538568","1,4,1,1,1,2,1,2,2,2,1,1,2,2,2,2,9,1,1,3,4,8,2,2,2,2,2,7,4,10,11,1,3,3,5,5,6,2,4,4,4,4,8,8,8,8,4,8,8,8,4,4,4,4,4,8,8,8,8,4,12,4,4,13,14,4,4,4,4,4,8,4,2,2,4,4,4,4,4,4,4,15,7,7,7,16,4,4,4,4,17,18,19,4,4,4,20,4,4,4,4,4,4,4,4,4,4,21,22,4,4,4,4,5,5,5,5,5,5,5,5,6,6,6,6,6,6,6,6","0.000801801681518555","walktrap","edit-xhwikibooks.graphml"
"0.51","0.37","0.12","0.444781197344975","5,4,5,1,10,1,3,2,1,1,3,11,2,2,2,1,12,13,3,8,4,9,14,2,2,2,2,1,4,15,16,17,8,18,6,6,7,2,4,4,4,4,9,9,9,9,4,9,9,9,4,4,4,4,4,9,9,9,9,4,19,4,4,20,21,4,4,4,4,4,9,4,22,23,4,4,4,4,4,4,4,24,25,26,27,28,4,4,4,4,29,30,31,4,4,4,32,4,4,4,4,4,4,4,4,4,4,33,34,4,4,4,4,6,6,6,6,6,6,6,6,7,7,7,7,7,7,7,7","0.0006561279296875","walktrap","edit-xhwikibooks.graphml"
"0.5","0.38","0.12","0.443167332483506","5,4,5,1,10,1,3,2,1,1,3,11,2,2,2,1,12,13,3,8,4,9,14,2,2,2,2,1,4,15,16,17,8,18,6,6,7,2,4,4,4,4,9,9,9,9,4,9,9,9,4,4,4,4,4,9,9,9,9,4,19,4,4,20,21,4,4,4,4,4,9,4,22,23,4,4,4,4,4,4,4,24,25,26,27,28,4,4,4,4,29,30,31,4,4,4,32,4,4,4,4,4,4,4,4,4,4,33,34,4,4,4,4,6,6,6,6,6,6,6,6,7,7,7,7,7,7,7,7","0.000636100769042969","walktrap","edit-xhwikibooks.graphml"
"0.49","0.39","0.12","0.445358788676761","5,4,5,1,10,1,3,2,1,1,3,11,2,2,2,1,12,13,3,8,4,9,14,2,2,2,2,1,4,15,16,17,8,18,6,6,7,2,4,4,4,4,9,9,9,9,4,9,9,9,4,4,4,4,4,9,9,9,9,4,19,4,4,20,21,4,4,4,4,4,9,4,22,23,4,4,4,4,4,4,4,24,25,26,27,28,4,4,4,4,29,30,31,4,4,4,32,4,4,4,4,4,4,4,4,4,4,33,34,4,4,4,4,6,6,6,6,6,6,6,6,7,7,7,7,7,7,7,7","0.000642061233520508","walktrap","edit-xhwikibooks.graphml"
"0.48","0.4","0.12","0.449151432955087","5,4,5,1,10,1,3,2,1,1,3,11,2,2,2,1,12,13,3,8,4,9,14,2,2,2,2,1,4,15,16,17,8,18,6,6,7,2,4,4,4,4,9,9,9,9,4,9,9,9,4,4,4,4,4,9,9,9,9,4,19,4,4,20,21,4,4,4,4,4,9,4,22,23,4,4,4,4,4,4,4,24,25,26,27,28,4,4,4,4,29,30,31,4,4,4,32,4,4,4,4,4,4,4,4,4,4,33,34,4,4,4,4,6,6,6,6,6,6,6,6,7,7,7,7,7,7,7,7","0.000667810440063477","walktrap","edit-xhwikibooks.graphml"
"0.47","0.41","0.12","0.449151432955087","5,4,5,1,10,1,3,2,1,1,3,11,2,2,2,1,12,13,3,8,4,9,14,2,2,2,2,1,4,15,16,17,8,18,6,6,7,2,4,4,4,4,9,9,9,9,4,9,9,9,4,4,4,4,4,9,9,9,9,4,19,4,4,20,21,4,4,4,4,4,9,4,22,23,4,4,4,4,4,4,4,24,25,26,27,28,4,4,4,4,29,30,31,4,4,4,32,4,4,4,4,4,4,4,4,4,4,33,34,4,4,4,4,6,6,6,6,6,6,6,6,7,7,7,7,7,7,7,7","0.000650882720947266","walktrap","edit-xhwikibooks.graphml"
"0.46","0.42","0.12","0.448348658284857","5,4,5,1,10,1,3,2,1,1,3,11,2,2,2,1,12,13,3,8,4,9,14,2,2,2,2,1,4,15,16,17,8,18,6,6,7,2,4,4,4,4,9,9,9,9,4,9,9,9,4,4,4,4,4,9,9,9,9,4,19,4,4,20,21,4,4,4,4,4,9,4,22,23,4,4,4,4,4,4,4,24,25,26,27,28,4,4,4,4,29,30,31,4,4,4,32,4,4,4,4,4,4,4,4,4,4,33,34,4,4,4,4,6,6,6,6,6,6,6,6,7,7,7,7,7,7,7,7","0.000629901885986328","walktrap","edit-xhwikibooks.graphml"
"0.45","0.43","0.12","0.452427685950413","5,4,5,1,10,1,3,2,2,1,3,11,2,2,2,1,12,13,3,8,4,9,14,2,2,2,2,1,4,15,16,17,8,18,6,6,7,2,4,4,4,4,9,9,9,9,4,9,9,9,4,4,4,4,4,9,9,9,9,4,19,4,4,20,21,4,4,4,4,4,9,4,22,23,4,4,4,4,4,4,4,24,25,26,27,28,4,4,4,4,29,30,31,4,4,4,32,4,4,4,4,4,4,4,4,4,4,33,34,4,4,4,4,6,6,6,6,6,6,6,6,7,7,7,7,7,7,7,7","0.000633955001831055","walktrap","edit-xhwikibooks.graphml"
"0.44","0.44","0.12","0.451627665427471","5,4,5,1,10,1,3,2,2,1,3,11,2,2,2,1,12,13,3,8,4,9,14,2,2,2,2,1,4,15,16,17,8,18,6,6,7,2,4,4,4,4,9,9,9,9,4,9,9,9,4,4,4,4,4,9,9,9,9,4,19,4,4,20,21,4,4,4,4,4,9,4,22,23,4,4,4,4,4,4,4,24,25,26,27,28,4,4,4,4,29,30,31,4,4,4,32,4,4,4,4,4,4,4,4,4,4,33,34,4,4,4,4,6,6,6,6,6,6,6,6,7,7,7,7,7,7,7,7","0.000637054443359375","walktrap","edit-xhwikibooks.graphml"
"0.43","0.45","0.12","0.415581056425774","5,4,5,1,10,1,3,2,1,1,3,11,2,2,2,1,12,13,3,9,4,7,14,2,2,2,2,1,4,15,16,17,9,18,6,6,8,2,4,4,4,4,7,7,7,7,4,7,7,7,4,4,4,4,4,7,7,7,7,4,19,4,4,20,21,4,4,4,4,4,7,4,22,23,4,4,4,4,4,4,4,24,25,26,27,28,4,4,4,4,29,30,31,4,4,4,32,4,4,4,4,4,4,4,4,4,4,33,34,4,4,4,4,6,6,6,6,6,6,6,6,8,8,8,8,8,8,8,8","0.000645160675048828","walktrap","edit-xhwikibooks.graphml"
"0.42","0.46","0.12","0.414790311418685","5,4,5,1,10,1,3,2,1,1,3,11,2,2,2,1,12,13,3,9,4,7,14,2,2,2,2,1,4,15,16,17,9,18,6,6,8,2,4,4,4,4,7,7,7,7,4,7,7,7,4,4,4,4,4,7,7,7,7,4,19,4,4,20,21,4,4,4,4,4,7,4,22,23,4,4,4,4,4,4,4,24,25,26,27,28,4,4,4,4,29,30,31,4,4,4,32,4,4,4,4,4,4,4,4,4,4,33,34,4,4,4,4,6,6,6,6,6,6,6,6,8,8,8,8,8,8,8,8","0.000648021697998047","walktrap","edit-xhwikibooks.graphml"
"0.41","0.47","0.12","0.41727556260883","5,4,5,1,10,1,3,2,1,1,3,11,2,2,2,1,12,13,3,9,4,7,14,2,2,2,2,1,4,15,16,17,9,18,6,6,8,2,4,4,4,4,7,7,7,7,4,7,7,7,4,4,4,4,4,7,7,7,7,4,19,4,4,20,21,4,4,4,4,4,7,4,22,23,4,4,4,4,4,4,4,24,25,26,27,28,4,4,4,4,29,30,31,4,4,4,32,4,4,4,4,4,4,4,4,4,4,33,34,4,4,4,4,6,6,6,6,6,6,6,6,8,8,8,8,8,8,8,8","0.000659942626953125","walktrap","edit-xhwikibooks.graphml"
"0.4","0.48","0.12","0.416486132211552","5,4,5,1,10,1,3,2,1,1,3,11,2,2,2,1,12,13,3,9,4,7,14,2,2,2,2,1,4,15,16,17,9,18,6,6,8,2,4,4,4,4,7,7,7,7,4,7,7,7,4,4,4,4,4,7,7,7,7,4,19,4,4,20,21,4,4,4,4,4,7,4,22,23,4,4,4,4,4,4,4,24,25,26,27,28,4,4,4,4,29,30,31,4,4,4,32,4,4,4,4,4,4,4,4,4,4,33,34,4,4,4,4,6,6,6,6,6,6,6,6,8,8,8,8,8,8,8,8","0.000668048858642578","walktrap","edit-xhwikibooks.graphml"
"0.39","0.49","0.12","0.410407952118192","5,4,5,1,8,1,9,2,1,1,10,11,2,2,2,1,12,13,3,14,4,6,15,2,2,2,2,1,4,16,17,18,19,20,3,3,7,2,4,4,4,4,6,6,6,6,4,6,6,6,4,4,4,4,4,6,6,6,6,4,21,4,4,22,23,4,4,4,4,4,6,4,24,25,4,4,4,4,4,4,4,26,27,28,29,30,4,4,4,4,31,32,33,4,4,4,34,4,4,4,4,4,4,4,4,4,4,35,36,4,4,4,4,3,3,3,3,3,3,3,3,7,7,7,7,7,7,7,7","0.000688076019287109","walktrap","edit-xhwikibooks.graphml"
"0.38","0.5","0.12","0.496763062542905","5,2,5,1,8,1,9,3,1,1,10,11,3,3,3,1,12,13,4,14,2,6,15,3,3,3,3,1,2,16,17,18,19,20,4,4,7,3,2,2,2,2,6,6,6,6,2,6,6,6,2,2,2,2,2,6,6,6,6,2,21,2,2,22,23,2,2,2,2,2,6,2,24,25,2,2,2,2,2,2,2,26,27,28,29,30,2,2,2,2,31,32,33,2,2,2,34,2,2,2,2,2,2,2,2,2,2,35,36,2,2,2,2,4,4,4,4,4,4,4,4,7,7,7,7,7,7,7,7","0.000674009323120117","walktrap","edit-xhwikibooks.graphml"
"0.37","0.51","0.12","0.496763062542905","5,2,5,1,8,1,9,3,1,1,10,11,3,3,3,1,12,13,4,14,2,6,15,3,3,3,3,1,2,16,17,18,19,20,4,4,7,3,2,2,2,2,6,6,6,6,2,6,6,6,2,2,2,2,2,6,6,6,6,2,21,2,2,22,23,2,2,2,2,2,6,2,24,25,2,2,2,2,2,2,2,26,27,28,29,30,2,2,2,2,31,32,33,2,2,2,34,2,2,2,2,2,2,2,2,2,2,35,36,2,2,2,2,4,4,4,4,4,4,4,4,7,7,7,7,7,7,7,7","0.000764131546020508","walktrap","edit-xhwikibooks.graphml"
"0.36","0.52","0.12","0.496763062542905","5,2,5,1,8,1,9,3,1,1,10,11,3,3,3,1,12,13,4,14,2,6,15,3,3,3,3,1,2,16,17,18,19,20,4,4,7,3,2,2,2,2,6,6,6,6,2,6,6,6,2,2,2,2,2,6,6,6,6,2,21,2,2,22,23,2,2,2,2,2,6,2,24,25,2,2,2,2,2,2,2,26,27,28,29,30,2,2,2,2,31,32,33,2,2,2,34,2,2,2,2,2,2,2,2,2,2,35,36,2,2,2,2,4,4,4,4,4,4,4,4,7,7,7,7,7,7,7,7","0.000620841979980469","walktrap","edit-xhwikibooks.graphml"
"0.35","0.53","0.12","0.495968764146673","5,2,5,1,8,1,9,3,1,1,10,11,3,3,3,1,12,13,4,14,2,6,15,3,3,3,3,1,2,16,17,18,19,20,4,4,7,3,2,2,2,2,6,6,6,6,2,6,6,6,2,2,2,2,2,6,6,6,6,2,21,2,2,22,23,2,2,2,2,2,6,2,24,25,2,2,2,2,2,2,2,26,27,28,29,30,2,2,2,2,31,32,33,2,2,2,34,2,2,2,2,2,2,2,2,2,2,35,36,2,2,2,2,4,4,4,4,4,4,4,4,7,7,7,7,7,7,7,7","0.000615119934082031","walktrap","edit-xhwikibooks.graphml"
"0.34","0.54","0.12","0.497890380948517","5,2,5,1,8,1,9,3,1,1,10,11,3,3,3,1,12,13,4,14,2,6,15,3,3,3,3,1,2,16,17,18,19,20,4,4,7,3,2,2,2,2,6,6,6,6,2,6,6,6,2,2,2,2,2,6,6,6,6,2,21,2,2,22,23,2,2,2,2,2,6,2,24,25,2,2,2,2,2,2,2,26,27,28,29,30,2,2,2,2,31,32,33,2,2,2,34,2,2,2,2,2,2,2,2,2,2,35,36,2,2,2,2,4,4,4,4,4,4,4,4,7,7,7,7,7,7,7,7","0.000632047653198242","walktrap","edit-xhwikibooks.graphml"
"0.33","0.55","0.12","0.497098086038495","5,2,5,1,8,1,9,3,1,1,10,11,3,3,3,1,12,13,4,14,2,6,15,3,3,3,3,1,2,16,17,18,19,20,4,4,7,3,2,2,2,2,6,6,6,6,2,6,6,6,2,2,2,2,2,6,6,6,6,2,21,2,2,22,23,2,2,2,2,2,6,2,24,25,2,2,2,2,2,2,2,26,27,28,29,30,2,2,2,2,31,32,33,2,2,2,34,2,2,2,2,2,2,2,2,2,2,35,36,2,2,2,2,4,4,4,4,4,4,4,4,7,7,7,7,7,7,7,7","0.00064396858215332","walktrap","edit-xhwikibooks.graphml"
"0.32","0.56","0.12","0.500652050063202","5,2,5,1,8,1,9,3,1,1,10,11,3,3,3,1,12,13,4,14,2,6,15,3,3,3,3,1,2,16,17,18,19,20,4,4,7,3,2,2,2,2,6,6,6,6,2,6,6,6,2,2,2,2,2,6,6,6,6,2,21,2,2,22,23,2,2,2,2,2,6,2,24,25,2,2,2,2,2,2,2,26,27,28,29,30,2,2,2,2,31,32,33,2,2,2,34,2,2,2,2,2,2,2,2,2,2,35,36,2,2,2,2,4,4,4,4,4,4,4,4,7,7,7,7,7,7,7,7","0.000670194625854492","walktrap","edit-xhwikibooks.graphml"
"0.31","0.57","0.12","0.499862603878116","5,2,5,1,8,1,9,3,1,1,10,11,3,3,3,1,12,13,4,14,2,6,15,3,3,3,3,1,2,16,17,18,19,20,4,4,7,3,2,2,2,2,6,6,6,6,2,6,6,6,2,2,2,2,2,6,6,6,6,2,21,2,2,22,23,2,2,2,2,2,6,2,24,25,2,2,2,2,2,2,2,26,27,28,29,30,2,2,2,2,31,32,33,2,2,2,34,2,2,2,2,2,2,2,2,2,2,35,36,2,2,2,2,4,4,4,4,4,4,4,4,7,7,7,7,7,7,7,7","0.000657081604003906","walktrap","edit-xhwikibooks.graphml"
"0.3","0.58","0.12","0.50240498240577","5,2,5,1,8,1,9,3,1,1,10,11,3,3,3,1,12,13,4,14,2,6,15,3,3,3,3,1,2,16,17,18,19,20,4,4,7,3,2,2,2,2,6,6,6,6,2,6,6,6,2,2,2,2,2,6,6,6,6,2,21,2,2,22,23,2,2,2,2,2,6,2,24,25,2,2,2,2,2,2,2,26,27,28,29,30,2,2,2,2,31,32,33,2,2,2,34,2,2,2,2,2,2,2,2,2,2,35,36,2,2,2,2,4,4,4,4,4,4,4,4,7,7,7,7,7,7,7,7","0.000624895095825195","walktrap","edit-xhwikibooks.graphml"
"0.29","0.59","0.12","0.50162133184566","5,2,5,1,8,1,9,3,1,1,10,11,3,3,3,1,12,13,4,14,2,6,15,3,3,3,3,1,2,16,17,18,19,20,4,4,7,3,2,2,2,2,6,6,6,6,2,6,6,6,2,2,2,2,2,6,6,6,6,2,21,2,2,22,23,2,2,2,2,2,6,2,24,25,2,2,2,2,2,2,2,26,27,28,29,30,2,2,2,2,31,32,33,2,2,2,34,2,2,2,2,2,2,2,2,2,2,35,36,2,2,2,2,4,4,4,4,4,4,4,4,7,7,7,7,7,7,7,7","0.000637054443359375","walktrap","edit-xhwikibooks.graphml"
"0.28","0.6","0.12","0.504566456749409","5,2,5,1,8,1,9,1,1,1,10,11,1,1,1,4,12,13,3,14,2,6,15,1,1,1,1,4,2,16,17,18,19,20,3,3,7,1,2,2,2,2,6,6,6,6,2,6,6,6,2,2,2,2,2,6,6,6,6,2,21,2,2,22,23,2,2,2,2,2,6,2,24,25,2,2,2,2,2,2,2,26,27,28,29,30,2,2,2,2,31,32,33,2,2,2,34,2,2,2,2,2,2,2,2,2,2,35,36,2,2,2,2,3,3,3,3,3,3,3,3,7,7,7,7,7,7,7,7","0.000653982162475586","walktrap","edit-xhwikibooks.graphml"
"0.27","0.61","0.12","0.500635548336982","4,7,4,8,9,3,10,1,1,11,12,13,1,1,1,3,14,15,2,16,7,5,17,1,1,1,1,18,19,20,21,22,23,24,2,2,6,1,7,7,7,7,5,5,5,5,7,5,5,5,7,7,7,7,7,5,5,5,5,7,25,7,7,26,27,7,7,7,7,7,5,7,28,29,7,7,7,7,7,7,7,30,31,32,33,34,7,7,7,7,35,36,37,7,7,7,38,7,7,7,7,7,7,7,7,7,7,39,40,7,7,7,7,2,2,2,2,2,2,2,2,6,6,6,6,6,6,6,6","0.000633955001831055","walktrap","edit-xhwikibooks.graphml"
"0.26","0.62","0.12","0.502511767730707","4,7,4,8,9,3,10,1,1,11,12,13,1,1,1,3,14,15,2,16,7,5,17,1,1,1,1,18,19,20,21,22,23,24,2,2,6,1,7,7,7,7,5,5,5,5,7,5,5,5,7,7,7,7,7,5,5,5,5,7,25,7,7,26,27,7,7,7,7,7,5,7,28,29,7,7,7,7,7,7,7,30,31,32,33,34,7,7,7,7,35,36,37,7,7,7,38,7,7,7,7,7,7,7,7,7,7,39,40,7,7,7,7,2,2,2,2,2,2,2,2,6,6,6,6,6,6,6,6","0.000647068023681641","walktrap","edit-xhwikibooks.graphml"
"0.25","0.63","0.12","0.503724268984183","3,7,3,8,9,4,10,1,1,11,12,13,1,1,1,4,14,15,2,16,7,5,17,1,1,1,1,18,19,20,21,22,23,24,2,2,6,1,7,7,7,7,5,5,5,5,7,5,5,5,7,7,7,7,7,5,5,5,5,7,25,7,7,26,27,7,7,7,7,7,5,7,28,29,7,7,7,7,7,7,7,30,31,32,33,34,7,7,7,7,35,36,37,7,7,7,38,7,7,7,7,7,7,7,7,7,7,39,40,7,7,7,7,2,2,2,2,2,2,2,2,6,6,6,6,6,6,6,6","0.00065302848815918","walktrap","edit-xhwikibooks.graphml"
"0.24","0.64","0.12","0.503724268984183","3,7,3,8,9,4,10,1,1,11,12,13,1,1,1,4,14,15,2,16,7,5,17,1,1,1,1,18,19,20,21,22,23,24,2,2,6,1,7,7,7,7,5,5,5,5,7,5,5,5,7,7,7,7,7,5,5,5,5,7,25,7,7,26,27,7,7,7,7,7,5,7,28,29,7,7,7,7,7,7,7,30,31,32,33,34,7,7,7,7,35,36,37,7,7,7,38,7,7,7,7,7,7,7,7,7,7,39,40,7,7,7,7,2,2,2,2,2,2,2,2,6,6,6,6,6,6,6,6","0.000655889511108398","walktrap","edit-xhwikibooks.graphml"
"0.23","0.65","0.12","0.541448108900168","3,7,3,8,9,4,10,1,1,11,12,13,1,1,1,4,14,15,2,16,7,5,17,1,1,1,1,18,19,20,21,22,23,24,2,2,6,1,7,7,7,7,5,5,5,5,7,5,5,5,7,7,7,7,7,5,5,5,5,7,25,7,7,26,27,7,7,7,7,7,5,7,28,29,7,7,7,7,7,7,7,30,31,32,33,34,7,7,7,7,35,36,37,7,7,7,38,7,7,7,7,7,7,7,7,7,7,39,40,7,7,7,7,2,2,2,2,2,2,2,2,6,6,6,6,6,6,6,6","0.000685930252075195","walktrap","edit-xhwikibooks.graphml"
"0.22","0.66","0.12","0.541448108900168","3,7,3,8,9,4,10,1,1,11,12,13,1,1,1,4,14,15,2,16,7,5,17,1,1,1,1,18,19,20,21,22,23,24,2,2,6,1,7,7,7,7,5,5,5,5,7,5,5,5,7,7,7,7,7,5,5,5,5,7,25,7,7,26,27,7,7,7,7,7,5,7,28,29,7,7,7,7,7,7,7,30,31,32,33,34,7,7,7,7,35,36,37,7,7,7,38,7,7,7,7,7,7,7,7,7,7,39,40,7,7,7,7,2,2,2,2,2,2,2,2,6,6,6,6,6,6,6,6","0.000705957412719727","walktrap","edit-xhwikibooks.graphml"
"0.21","0.67","0.12","0.564362279949008","4,7,4,8,9,3,10,2,2,11,12,13,2,2,2,3,14,15,1,16,7,5,17,2,2,2,2,18,19,20,21,22,23,24,1,1,6,2,7,7,7,7,5,5,5,5,7,5,5,5,7,7,7,7,7,5,5,5,5,7,25,7,7,26,27,7,7,7,7,7,5,7,28,29,7,7,7,7,7,7,7,30,31,32,33,34,7,7,7,7,35,36,37,7,7,7,38,7,7,7,7,7,7,7,7,7,7,39,40,7,7,7,7,1,1,1,1,1,1,1,1,6,6,6,6,6,6,6,6","0.00068211555480957","walktrap","edit-xhwikibooks.graphml"
"0.2","0.68","0.12","0.556294916156508","3,6,3,7,8,1,9,1,1,10,11,12,1,1,1,1,13,14,2,15,6,4,16,1,1,1,1,17,18,19,20,21,22,23,2,2,5,1,6,6,6,6,4,4,4,4,6,4,4,4,6,6,6,6,6,4,4,4,4,6,24,6,6,25,26,6,6,6,6,6,4,6,27,28,6,6,6,6,6,6,6,29,30,31,32,33,6,6,6,6,34,35,36,6,6,6,37,6,6,6,6,6,6,6,6,6,6,38,39,6,6,6,6,2,2,2,2,2,2,2,2,5,5,5,5,5,5,5,5","0.000628948211669922","walktrap","edit-xhwikibooks.graphml"
"0.19","0.69","0.12","0.555406651753639","3,6,3,7,8,1,9,1,1,10,11,12,1,1,1,1,13,14,2,15,6,4,16,1,1,1,1,17,18,19,20,21,22,23,2,2,5,1,6,6,6,6,4,4,4,4,6,4,4,4,6,6,6,6,6,4,4,4,4,6,24,6,6,25,26,6,6,6,6,6,4,6,27,28,6,6,6,6,6,6,6,29,30,31,32,33,6,6,6,6,34,35,36,6,6,6,37,6,6,6,6,6,6,6,6,6,6,38,39,6,6,6,6,2,2,2,2,2,2,2,2,5,5,5,5,5,5,5,5","0.000639915466308594","walktrap","edit-xhwikibooks.graphml"
"0.18","0.7","0.12","0.557158509861212","3,6,3,7,8,1,9,1,1,10,11,12,1,1,1,1,13,14,2,15,6,4,16,1,1,1,1,17,18,19,20,21,22,23,2,2,5,1,6,6,6,6,4,4,4,4,6,4,4,4,6,6,6,6,6,4,4,4,4,6,24,6,6,25,26,6,6,6,6,6,4,6,27,28,6,6,6,6,6,6,6,29,30,31,32,33,6,6,6,6,34,35,36,6,6,6,37,6,6,6,6,6,6,6,6,6,6,38,39,6,6,6,6,2,2,2,2,2,2,2,2,5,5,5,5,5,5,5,5","0.000638008117675781","walktrap","edit-xhwikibooks.graphml"
"0.17","0.71","0.12","0.556273197828556","3,6,3,7,8,1,9,1,1,10,11,12,1,1,1,1,13,14,2,15,6,4,16,1,1,1,1,17,18,19,20,21,22,23,2,2,5,1,6,6,6,6,4,4,4,4,6,4,4,4,6,6,6,6,6,4,4,4,4,6,24,6,6,25,26,6,6,6,6,6,4,6,27,28,6,6,6,6,6,6,6,29,30,31,32,33,6,6,6,6,34,35,36,6,6,6,37,6,6,6,6,6,6,6,6,6,6,38,39,6,6,6,6,2,2,2,2,2,2,2,2,5,5,5,5,5,5,5,5","0.000634908676147461","walktrap","edit-xhwikibooks.graphml"
"0.16","0.72","0.12","0.559174011180679","3,6,3,7,8,1,9,1,1,10,11,12,1,1,1,1,13,14,2,15,6,4,16,1,1,1,1,17,18,19,20,21,22,23,2,2,5,1,6,6,6,6,4,4,4,4,6,4,4,4,6,6,6,6,6,4,4,4,4,6,24,6,6,25,26,6,6,6,6,6,4,6,27,28,6,6,6,6,6,6,6,29,30,31,32,33,6,6,6,6,34,35,36,6,6,6,37,6,6,6,6,6,6,6,6,6,6,38,39,6,6,6,6,2,2,2,2,2,2,2,2,5,5,5,5,5,5,5,5","0.000653982162475586","walktrap","edit-xhwikibooks.graphml"
"0.15","0.73","0.12","0.554662290114884","3,6,3,7,8,1,9,1,1,10,11,12,1,1,1,13,14,15,2,16,6,4,17,1,1,1,1,18,19,20,21,22,23,24,2,2,5,25,6,6,6,6,4,4,4,4,6,4,4,4,6,6,6,6,6,4,4,4,4,6,26,6,6,27,28,6,6,6,6,6,4,6,29,30,6,6,6,6,6,6,6,31,32,33,34,35,6,6,6,6,36,37,38,6,6,6,39,6,6,6,6,6,6,6,6,6,6,40,41,6,6,6,6,2,2,2,2,2,2,2,2,5,5,5,5,5,5,5,5","0.000796079635620117","walktrap","edit-xhwikibooks.graphml"
"0.14","0.74","0.12","0.554662290114884","3,6,3,7,8,1,9,1,1,10,11,12,1,1,1,13,14,15,2,16,6,4,17,1,1,1,1,18,19,20,21,22,23,24,2,2,5,25,6,6,6,6,4,4,4,4,6,4,4,4,6,6,6,6,6,4,4,4,4,6,26,6,6,27,28,6,6,6,6,6,4,6,29,30,6,6,6,6,6,6,6,31,32,33,34,35,6,6,6,6,36,37,38,6,6,6,39,6,6,6,6,6,6,6,6,6,6,40,41,6,6,6,6,2,2,2,2,2,2,2,2,5,5,5,5,5,5,5,5","0.000638961791992188","walktrap","edit-xhwikibooks.graphml"
"0.13","0.75","0.12","0.558742268143511","3,6,3,7,8,1,9,1,1,10,11,12,1,1,1,13,14,15,2,16,6,4,17,1,1,1,1,18,19,20,21,22,23,24,2,2,5,25,6,6,6,6,4,4,4,4,6,4,4,4,6,6,6,6,6,4,4,4,4,6,26,6,6,27,28,6,6,6,6,6,4,6,29,30,6,6,6,6,6,6,6,31,32,33,34,35,6,6,6,6,36,37,38,6,6,6,39,6,6,6,6,6,6,6,6,6,6,40,41,6,6,6,6,2,2,2,2,2,2,2,2,5,5,5,5,5,5,5,5","0.000642061233520508","walktrap","edit-xhwikibooks.graphml"
"0.12","0.76","0.12","0.560612345679012","3,6,3,7,8,1,9,1,1,10,11,12,1,1,1,13,14,15,2,16,6,4,17,1,1,1,1,18,19,20,21,22,23,24,2,2,5,25,6,6,6,6,4,4,4,4,6,4,4,4,6,6,6,6,6,4,4,4,4,6,26,6,6,27,28,6,6,6,6,6,4,6,29,30,6,6,6,6,6,6,6,31,32,33,34,35,6,6,6,6,36,37,38,6,6,6,39,6,6,6,6,6,6,6,6,6,6,40,41,6,6,6,6,2,2,2,2,2,2,2,2,5,5,5,5,5,5,5,5","0.000635862350463867","walktrap","edit-xhwikibooks.graphml"
"0.11","0.77","0.12","0.56319012345679","3,6,3,7,8,1,9,1,1,10,11,12,1,1,1,13,14,15,2,16,6,4,17,1,1,1,1,18,19,20,21,22,23,24,2,2,5,25,6,6,6,6,4,4,4,4,6,4,4,4,6,6,6,6,6,4,4,4,4,6,26,6,6,27,28,6,6,6,6,6,4,6,29,30,6,6,6,6,6,6,6,31,32,33,34,35,6,6,6,6,36,37,38,6,6,6,39,6,6,6,6,6,6,6,6,6,6,40,41,6,6,6,6,2,2,2,2,2,2,2,2,5,5,5,5,5,5,5,5","0.000639915466308594","walktrap","edit-xhwikibooks.graphml"
"0.1","0.78","0.12","0.564555881154302","3,6,3,7,8,1,9,1,1,10,11,12,1,1,1,13,14,15,2,16,6,4,17,1,1,1,1,18,19,20,21,22,23,24,2,2,5,25,6,6,6,6,4,4,4,4,6,4,4,4,6,6,6,6,6,4,4,4,4,6,26,6,6,27,28,6,6,6,6,6,4,6,29,30,6,6,6,6,6,6,6,31,32,33,34,35,6,6,6,6,36,37,38,6,6,6,39,6,6,6,6,6,6,6,6,6,6,40,41,6,6,6,6,2,2,2,2,2,2,2,2,5,5,5,5,5,5,5,5","0.000658035278320312","walktrap","edit-xhwikibooks.graphml"
"0.09","0.79","0.12","0.564555881154302","3,6,3,7,8,1,9,1,1,10,11,12,1,1,1,13,14,15,2,16,6,4,17,1,1,1,1,18,19,20,21,22,23,24,2,2,5,25,6,6,6,6,4,4,4,4,6,4,4,4,6,6,6,6,6,4,4,4,4,6,26,6,6,27,28,6,6,6,6,6,4,6,29,30,6,6,6,6,6,6,6,31,32,33,34,35,6,6,6,6,36,37,38,6,6,6,39,6,6,6,6,6,6,6,6,6,6,40,41,6,6,6,6,2,2,2,2,2,2,2,2,5,5,5,5,5,5,5,5","0.000658035278320312","walktrap","edit-xhwikibooks.graphml"
"0.08","0.8","0.12","0.566562444637034","3,6,3,7,8,1,9,1,1,10,11,12,1,1,1,13,14,15,2,16,6,4,17,1,1,1,1,18,19,20,21,22,23,24,2,2,5,25,6,6,6,6,4,4,4,4,6,4,4,4,6,6,6,6,6,4,4,4,4,6,26,6,6,27,28,6,6,6,6,6,4,6,29,30,6,6,6,6,6,6,6,31,32,33,34,35,6,6,6,6,36,37,38,6,6,6,39,6,6,6,6,6,6,6,6,6,6,40,41,6,6,6,6,2,2,2,2,2,2,2,2,5,5,5,5,5,5,5,5","0.00067901611328125","walktrap","edit-xhwikibooks.graphml"
"0.07","0.81","0.12","0.566562444637034","3,6,3,7,8,1,9,1,1,10,11,12,1,1,1,13,14,15,2,16,6,4,17,1,1,1,1,18,19,20,21,22,23,24,2,2,5,25,6,6,6,6,4,4,4,4,6,4,4,4,6,6,6,6,6,4,4,4,4,6,26,6,6,27,28,6,6,6,6,6,4,6,29,30,6,6,6,6,6,6,6,31,32,33,34,35,6,6,6,6,36,37,38,6,6,6,39,6,6,6,6,6,6,6,6,6,6,40,41,6,6,6,6,2,2,2,2,2,2,2,2,5,5,5,5,5,5,5,5","0.000691890716552734","walktrap","edit-xhwikibooks.graphml"
"0.06","0.82","0.12","0.565692873896378","3,6,3,7,8,1,9,1,1,10,11,12,1,1,1,13,14,15,2,16,6,4,17,1,1,1,1,18,19,20,21,22,23,24,2,2,5,25,6,6,6,6,4,4,4,4,6,4,4,4,6,6,6,6,6,4,4,4,4,6,26,6,6,27,28,6,6,6,6,6,4,6,29,30,6,6,6,6,6,6,6,31,32,33,34,35,6,6,6,6,36,37,38,6,6,6,39,6,6,6,6,6,6,6,6,6,6,40,41,6,6,6,6,2,2,2,2,2,2,2,2,5,5,5,5,5,5,5,5","0.000648021697998047","walktrap","edit-xhwikibooks.graphml"
"0.05","0.83","0.12","0.565692873896378","3,6,3,7,8,1,9,1,1,10,11,12,1,1,1,13,14,15,2,16,6,4,17,1,1,1,1,18,19,20,21,22,23,24,2,2,5,25,6,6,6,6,4,4,4,4,6,4,4,4,6,6,6,6,6,4,4,4,4,6,26,6,6,27,28,6,6,6,6,6,4,6,29,30,6,6,6,6,6,6,6,31,32,33,34,35,6,6,6,6,36,37,38,6,6,6,39,6,6,6,6,6,6,6,6,6,6,40,41,6,6,6,6,2,2,2,2,2,2,2,2,5,5,5,5,5,5,5,5","0.000644922256469727","walktrap","edit-xhwikibooks.graphml"
"0.04","0.84","0.12","0.566167296786389","3,6,3,7,8,1,9,1,1,10,11,12,1,1,1,13,14,15,2,16,6,4,17,1,1,1,1,18,19,20,21,22,23,24,2,2,5,25,6,6,6,6,4,4,4,4,6,4,4,4,6,6,6,6,6,4,4,4,4,6,26,6,6,27,28,6,6,6,6,6,4,6,29,30,6,6,6,6,6,6,6,31,32,33,34,35,6,6,6,6,36,37,38,6,6,6,39,6,6,6,6,6,6,6,6,6,6,40,41,6,6,6,6,2,2,2,2,2,2,2,2,5,5,5,5,5,5,5,5","0.000634908676147461","walktrap","edit-xhwikibooks.graphml"
"0.03","0.85","0.12","0.56701013651011","4,7,4,8,9,10,11,3,12,13,14,15,2,2,2,16,17,18,1,19,7,5,20,3,2,2,2,21,22,23,24,25,26,27,1,1,6,28,7,7,7,7,5,5,5,5,7,5,5,5,7,7,7,7,7,5,5,5,5,7,29,7,7,30,31,7,7,7,7,7,5,7,32,33,7,7,7,7,7,7,7,34,35,36,37,38,7,7,7,7,39,40,41,7,7,7,42,7,7,7,7,7,7,7,7,7,7,43,44,7,7,7,7,1,1,1,1,1,1,1,1,6,6,6,6,6,6,6,6","0.000657081604003906","walktrap","edit-xhwikibooks.graphml"
"0.02","0.86","0.12","0.569000472589792","4,7,4,8,9,10,11,3,12,13,14,15,2,2,2,16,17,18,1,19,7,5,20,3,2,2,2,21,22,23,24,25,26,27,1,1,6,28,7,7,7,7,5,5,5,5,7,5,5,5,7,7,7,7,7,5,5,5,5,7,29,7,7,30,31,7,7,7,7,7,5,7,32,33,7,7,7,7,7,7,7,34,35,36,37,38,7,7,7,7,39,40,41,7,7,7,42,7,7,7,7,7,7,7,7,7,7,43,44,7,7,7,7,1,1,1,1,1,1,1,1,6,6,6,6,6,6,6,6","0.000649213790893555","walktrap","edit-xhwikibooks.graphml"
"0.01","0.87","0.12","0.569000472589792","4,7,4,8,9,10,11,3,12,13,14,15,2,2,2,16,17,18,1,19,7,5,20,3,2,2,2,21,22,23,24,25,26,27,1,1,6,28,7,7,7,7,5,5,5,5,7,5,5,5,7,7,7,7,7,5,5,5,5,7,29,7,7,30,31,7,7,7,7,7,5,7,32,33,7,7,7,7,7,7,7,34,35,36,37,38,7,7,7,7,39,40,41,7,7,7,42,7,7,7,7,7,7,7,7,7,7,43,44,7,7,7,7,1,1,1,1,1,1,1,1,6,6,6,6,6,6,6,6","0.000656843185424805","walktrap","edit-xhwikibooks.graphml"
"0","0.88","0.12","0.565627511140332","1,5,1,1,1,6,7,1,8,9,10,11,1,1,1,12,13,14,2,15,5,3,16,1,1,1,1,17,1,18,19,20,21,22,2,2,4,23,5,5,5,5,3,3,3,3,5,3,3,3,5,5,5,5,5,3,3,3,3,5,24,5,5,25,26,5,5,5,5,5,3,5,27,28,5,5,5,5,5,5,5,29,30,31,32,33,5,5,5,5,34,35,36,5,5,5,37,5,5,5,5,5,5,5,5,5,5,38,39,5,5,5,5,2,2,2,2,2,2,2,2,4,4,4,4,4,4,4,4","0.00068211555480957","walktrap","edit-xhwikibooks.graphml"
"0.87","0","0.13","0.434116343490305","1,10,1,1,1,2,1,2,2,4,1,1,2,2,2,3,4,5,1,1,10,12,8,2,2,2,2,3,6,4,5,7,9,1,1,1,11,2,10,10,10,10,12,12,12,12,10,12,12,12,10,10,10,10,10,12,12,12,12,10,8,10,10,2,2,10,10,10,10,10,12,10,2,2,10,10,10,10,10,10,10,2,3,3,3,6,10,10,10,10,4,5,7,10,10,10,3,10,10,10,10,10,10,10,10,10,10,9,9,10,10,10,10,1,1,1,1,1,1,1,1,11,11,11,11,11,11,11,11","0.00100088119506836","walktrap","edit-xhwikibooks.graphml"
"0.86","0.01","0.13","0.434116343490305","1,10,1,1,1,2,1,2,2,4,1,1,2,2,2,3,4,5,1,1,10,12,8,2,2,2,2,3,6,4,5,7,9,1,1,1,11,2,10,10,10,10,12,12,12,12,10,12,12,12,10,10,10,10,10,12,12,12,12,10,8,10,10,2,2,10,10,10,10,10,12,10,2,2,10,10,10,10,10,10,10,2,3,3,3,6,10,10,10,10,4,5,7,10,10,10,3,10,10,10,10,10,10,10,10,10,10,9,9,10,10,10,10,1,1,1,1,1,1,1,1,11,11,11,11,11,11,11,11","0.000866174697875977","walktrap","edit-xhwikibooks.graphml"
"0.85","0.02","0.13","0.434116343490305","1,10,1,1,1,2,1,2,2,4,1,1,2,2,2,3,4,5,1,1,10,12,8,2,2,2,2,3,6,4,5,7,9,1,1,1,11,2,10,10,10,10,12,12,12,12,10,12,12,12,10,10,10,10,10,12,12,12,12,10,8,10,10,2,2,10,10,10,10,10,12,10,2,2,10,10,10,10,10,10,10,2,3,3,3,6,10,10,10,10,4,5,7,10,10,10,3,10,10,10,10,10,10,10,10,10,10,9,9,10,10,10,10,1,1,1,1,1,1,1,1,11,11,11,11,11,11,11,11","0.000813961029052734","walktrap","edit-xhwikibooks.graphml"
"0.84","0.03","0.13","0.433410864345738","1,10,1,1,1,2,1,2,2,4,1,1,2,2,2,3,4,5,1,1,10,12,8,2,2,2,2,3,6,4,5,7,9,1,1,1,11,2,10,10,10,10,12,12,12,12,10,12,12,12,10,10,10,10,10,12,12,12,12,10,8,10,10,2,2,10,10,10,10,10,12,10,2,2,10,10,10,10,10,10,10,2,3,3,3,6,10,10,10,10,4,5,7,10,10,10,3,10,10,10,10,10,10,10,10,10,10,9,9,10,10,10,10,1,1,1,1,1,1,1,1,11,11,11,11,11,11,11,11","0.000751018524169922","walktrap","edit-xhwikibooks.graphml"
"0.83","0.04","0.13","0.433410864345738","1,10,1,1,1,2,1,2,2,4,1,1,2,2,2,3,4,5,1,1,10,12,8,2,2,2,2,3,6,4,5,7,9,1,1,1,11,2,10,10,10,10,12,12,12,12,10,12,12,12,10,10,10,10,10,12,12,12,12,10,8,10,10,2,2,10,10,10,10,10,12,10,2,2,10,10,10,10,10,10,10,2,3,3,3,6,10,10,10,10,4,5,7,10,10,10,3,10,10,10,10,10,10,10,10,10,10,9,9,10,10,10,10,1,1,1,1,1,1,1,1,11,11,11,11,11,11,11,11","0.000713825225830078","walktrap","edit-xhwikibooks.graphml"
"0.82","0.05","0.13","0.400116583680143","2,12,2,2,2,2,2,2,2,4,2,2,1,5,5,3,4,6,2,2,12,13,1,1,5,5,5,3,7,4,6,9,11,2,8,8,10,5,12,12,12,12,13,13,13,13,12,13,13,13,12,12,12,12,12,13,13,13,13,12,1,12,12,1,5,12,12,12,12,12,13,12,5,5,12,12,12,12,12,12,12,5,3,3,3,7,12,12,12,12,4,6,9,12,12,12,3,12,12,12,12,12,12,12,12,12,12,11,11,12,12,12,12,8,8,8,8,8,8,8,8,10,10,10,10,10,10,10,10","0.000735044479370117","walktrap","edit-xhwikibooks.graphml"
"0.81","0.06","0.13","0.400116583680143","2,12,2,2,2,2,2,2,2,4,2,2,1,5,5,3,4,6,2,2,12,13,1,1,5,5,5,3,7,4,6,9,11,2,8,8,10,5,12,12,12,12,13,13,13,13,12,13,13,13,12,12,12,12,12,13,13,13,13,12,1,12,12,1,5,12,12,12,12,12,13,12,5,5,12,12,12,12,12,12,12,5,3,3,3,7,12,12,12,12,4,6,9,12,12,12,3,12,12,12,12,12,12,12,12,12,12,11,11,12,12,12,12,8,8,8,8,8,8,8,8,10,10,10,10,10,10,10,10","0.000720977783203125","walktrap","edit-xhwikibooks.graphml"
"0.8","0.07","0.13","0.39942883570355","2,12,2,2,2,2,2,2,2,4,2,2,1,5,5,3,4,6,2,2,12,13,1,1,5,5,5,3,7,4,6,9,11,2,8,8,10,5,12,12,12,12,13,13,13,13,12,13,13,13,12,12,12,12,12,13,13,13,13,12,1,12,12,1,5,12,12,12,12,12,13,12,5,5,12,12,12,12,12,12,12,5,3,3,3,7,12,12,12,12,4,6,9,12,12,12,3,12,12,12,12,12,12,12,12,12,12,11,11,12,12,12,12,8,8,8,8,8,8,8,8,10,10,10,10,10,10,10,10","0.000722885131835938","walktrap","edit-xhwikibooks.graphml"
"0.79","0.08","0.13","0.401662859879534","2,12,2,2,2,2,2,2,2,4,2,2,1,5,5,3,4,6,2,2,12,13,1,1,5,5,5,3,7,4,6,9,11,2,8,8,10,5,12,12,12,12,13,13,13,13,12,13,13,13,12,12,12,12,12,13,13,13,13,12,1,12,12,1,5,12,12,12,12,12,13,12,5,5,12,12,12,12,12,12,12,5,3,3,3,7,12,12,12,12,4,6,9,12,12,12,3,12,12,12,12,12,12,12,12,12,12,11,11,12,12,12,12,8,8,8,8,8,8,8,8,10,10,10,10,10,10,10,10","0.000702857971191406","walktrap","edit-xhwikibooks.graphml"
"0.78","0.09","0.13","0.402351305052589","2,12,2,2,2,2,2,2,2,4,2,2,1,5,5,3,4,6,2,2,12,13,1,1,5,5,5,3,7,4,6,9,11,2,8,8,10,5,12,12,12,12,13,13,13,13,12,13,13,13,12,12,12,12,12,13,13,13,13,12,1,12,12,1,5,12,12,12,12,12,13,12,5,5,12,12,12,12,12,12,12,5,3,3,3,7,12,12,12,12,4,6,9,12,12,12,3,12,12,12,12,12,12,12,12,12,12,11,11,12,12,12,12,8,8,8,8,8,8,8,8,10,10,10,10,10,10,10,10","0.000725984573364258","walktrap","edit-xhwikibooks.graphml"
"0.77","0.1","0.13","0.402351305052589","2,12,2,2,2,2,2,2,2,4,2,2,1,5,5,3,4,6,2,2,12,13,1,1,5,5,5,3,7,4,6,9,11,2,8,8,10,5,12,12,12,12,13,13,13,13,12,13,13,13,12,12,12,12,12,13,13,13,13,12,1,12,12,1,5,12,12,12,12,12,13,12,5,5,12,12,12,12,12,12,12,5,3,3,3,7,12,12,12,12,4,6,9,12,12,12,3,12,12,12,12,12,12,12,12,12,12,11,11,12,12,12,12,8,8,8,8,8,8,8,8,10,10,10,10,10,10,10,10","0.000710010528564453","walktrap","edit-xhwikibooks.graphml"
"0.76","0.11","0.13","0.401661706917818","2,12,2,2,2,2,2,2,2,4,2,2,1,5,5,3,4,6,2,2,12,13,1,1,5,5,5,3,7,4,6,9,11,2,8,8,10,5,12,12,12,12,13,13,13,13,12,13,13,13,12,12,12,12,12,13,13,13,13,12,1,12,12,1,5,12,12,12,12,12,13,12,5,5,12,12,12,12,12,12,12,5,3,3,3,7,12,12,12,12,4,6,9,12,12,12,3,12,12,12,12,12,12,12,12,12,12,11,11,12,12,12,12,8,8,8,8,8,8,8,8,10,10,10,10,10,10,10,10","0.000741004943847656","walktrap","edit-xhwikibooks.graphml"
"0.75","0.12","0.13","0.440498745312386","2,12,2,2,2,2,2,2,2,4,2,2,1,5,5,3,4,6,2,2,12,13,1,1,5,5,5,3,7,4,6,9,11,2,8,8,10,5,12,12,12,12,13,13,13,13,12,13,13,13,12,12,12,12,12,13,13,13,13,12,1,12,12,1,5,12,12,12,12,12,13,12,5,5,12,12,12,12,12,12,12,5,3,3,3,7,12,12,12,12,4,6,9,12,12,12,3,12,12,12,12,12,12,12,12,12,12,11,11,12,12,12,12,8,8,8,8,8,8,8,8,10,10,10,10,10,10,10,10","0.00073695182800293","walktrap","edit-xhwikibooks.graphml"
"0.74","0.13","0.13","0.439697178711285","2,12,2,2,2,2,2,2,2,4,2,2,1,5,5,3,4,6,2,2,12,13,1,1,5,5,5,3,7,4,6,9,11,2,8,8,10,5,12,12,12,12,13,13,13,13,12,13,13,13,12,12,12,12,12,13,13,13,13,12,1,12,12,1,5,12,12,12,12,12,13,12,5,5,12,12,12,12,12,12,12,5,3,3,3,7,12,12,12,12,4,6,9,12,12,12,3,12,12,12,12,12,12,12,12,12,12,11,11,12,12,12,12,8,8,8,8,8,8,8,8,10,10,10,10,10,10,10,10","0.000751972198486328","walktrap","edit-xhwikibooks.graphml"
"0.73","0.14","0.13","0.431992298973007","1,7,1,1,1,1,1,1,1,6,1,1,5,4,4,2,6,8,3,1,7,11,5,5,4,4,4,2,7,6,8,3,10,1,3,3,9,4,7,7,7,7,11,11,11,11,7,11,11,11,7,7,7,7,7,11,11,11,11,7,12,7,7,5,4,7,7,7,7,7,11,7,4,4,7,7,7,7,7,7,7,4,2,2,2,13,7,7,7,7,14,15,16,7,7,7,2,7,7,7,7,7,7,7,7,7,7,10,10,7,7,7,7,3,3,3,3,3,3,3,3,9,9,9,9,9,9,9,9","0.000929117202758789","walktrap","edit-xhwikibooks.graphml"
"0.72","0.15","0.13","0.435794344242043","1,7,1,1,1,1,1,1,1,6,1,1,5,4,4,2,6,8,3,1,7,11,5,5,4,4,4,2,7,6,8,3,10,1,3,3,9,4,7,7,7,7,11,11,11,11,7,11,11,11,7,7,7,7,7,11,11,11,11,7,12,7,7,5,4,7,7,7,7,7,11,7,4,4,7,7,7,7,7,7,7,4,2,2,2,13,7,7,7,7,14,15,16,7,7,7,2,7,7,7,7,7,7,7,7,7,7,10,10,7,7,7,7,3,3,3,3,3,3,3,3,9,9,9,9,9,9,9,9","0.000745058059692383","walktrap","edit-xhwikibooks.graphml"
"0.71","0.16","0.13","0.438062024601937","1,7,1,1,1,1,1,1,1,6,1,1,5,4,4,2,6,8,3,1,7,11,5,5,4,4,4,2,7,6,8,3,10,1,3,3,9,4,7,7,7,7,11,11,11,11,7,11,11,11,7,7,7,7,7,11,11,11,11,7,12,7,7,5,4,7,7,7,7,7,11,7,4,4,7,7,7,7,7,7,7,4,2,2,2,13,7,7,7,7,14,15,16,7,7,7,2,7,7,7,7,7,7,7,7,7,7,10,10,7,7,7,7,3,3,3,3,3,3,3,3,9,9,9,9,9,9,9,9","0.000802993774414062","walktrap","edit-xhwikibooks.graphml"
"0.7","0.17","0.13","0.439440830449827","1,7,1,1,1,1,1,1,1,6,1,1,5,4,4,2,6,8,3,1,7,11,5,5,4,4,4,2,7,6,8,3,10,1,3,3,9,4,7,7,7,7,11,11,11,11,7,11,11,11,7,7,7,7,7,11,11,11,11,7,12,7,7,5,4,7,7,7,7,7,11,7,4,4,7,7,7,7,7,7,7,4,2,2,2,13,7,7,7,7,14,15,16,7,7,7,2,7,7,7,7,7,7,7,7,7,7,10,10,7,7,7,7,3,3,3,3,3,3,3,3,9,9,9,9,9,9,9,9","0.000738143920898438","walktrap","edit-xhwikibooks.graphml"
"0.69","0.18","0.13","0.441907266435986","3,6,3,3,3,1,3,1,1,5,3,3,1,1,1,2,5,7,4,3,6,10,1,1,1,1,1,2,6,5,7,4,9,3,4,4,8,1,6,6,6,6,10,10,10,10,6,10,10,10,6,6,6,6,6,10,10,10,10,6,11,6,6,1,1,6,6,6,6,6,10,6,1,1,6,6,6,6,6,6,6,1,2,2,2,12,6,6,6,6,13,14,15,6,6,6,2,6,6,6,6,6,6,6,6,6,6,9,9,6,6,6,6,4,4,4,4,4,4,4,4,8,8,8,8,8,8,8,8","0.000729084014892578","walktrap","edit-xhwikibooks.graphml"
"0.68","0.19","0.13","0.441102404725694","3,6,3,3,3,1,3,1,1,5,3,3,1,1,1,2,5,7,4,3,6,10,1,1,1,1,1,2,6,5,7,4,9,3,4,4,8,1,6,6,6,6,10,10,10,10,6,10,10,10,6,6,6,6,6,10,10,10,10,6,11,6,6,1,1,6,6,6,6,6,10,6,1,1,6,6,6,6,6,6,6,1,2,2,2,12,6,6,6,6,13,14,15,6,6,6,2,6,6,6,6,6,6,6,6,6,6,9,9,6,6,6,6,4,4,4,4,4,4,4,4,8,8,8,8,8,8,8,8","0.00075221061706543","walktrap","edit-xhwikibooks.graphml"
"0.67","0.2","0.13","0.445516529827933","3,6,3,3,3,1,3,1,1,5,3,3,1,1,1,2,5,7,4,3,6,10,1,1,1,1,1,2,6,5,7,4,9,3,4,4,8,1,6,6,6,6,10,10,10,10,6,10,10,10,6,6,6,6,6,10,10,10,10,6,11,6,6,1,1,6,6,6,6,6,10,6,1,1,6,6,6,6,6,6,6,1,2,2,2,12,6,6,6,6,13,14,15,6,6,6,2,6,6,6,6,6,6,6,6,6,6,9,9,6,6,6,6,4,4,4,4,4,4,4,4,8,8,8,8,8,8,8,8","0.000722885131835938","walktrap","edit-xhwikibooks.graphml"
"0.66","0.21","0.13","0.444713406251868","3,6,3,3,3,1,3,1,1,5,3,3,1,1,1,2,5,7,4,3,6,10,1,1,1,1,1,2,6,5,7,4,9,3,4,4,8,1,6,6,6,6,10,10,10,10,6,10,10,10,6,6,6,6,6,10,10,10,10,6,11,6,6,1,1,6,6,6,6,6,10,6,1,1,6,6,6,6,6,6,6,1,2,2,2,12,6,6,6,6,13,14,15,6,6,6,2,6,6,6,6,6,6,6,6,6,6,9,9,6,6,6,6,4,4,4,4,4,4,4,4,8,8,8,8,8,8,8,8","0.000720024108886719","walktrap","edit-xhwikibooks.graphml"
"0.65","0.22","0.13","0.444713406251868","3,6,3,3,3,1,3,1,1,5,3,3,1,1,1,2,5,7,4,3,6,10,1,1,1,1,1,2,6,5,7,4,9,3,4,4,8,1,6,6,6,6,10,10,10,10,6,10,10,10,6,6,6,6,6,10,10,10,10,6,11,6,6,1,1,6,6,6,6,6,10,6,1,1,6,6,6,6,6,6,6,1,2,2,2,12,6,6,6,6,13,14,15,6,6,6,2,6,6,6,6,6,6,6,6,6,6,9,9,6,6,6,6,4,4,4,4,4,4,4,4,8,8,8,8,8,8,8,8","0.000700950622558594","walktrap","edit-xhwikibooks.graphml"
"0.64","0.23","0.13","0.448412315672154","3,6,3,3,3,1,3,1,1,5,3,3,1,1,1,2,5,7,4,3,6,10,1,1,1,1,1,2,6,5,7,4,9,3,4,4,8,1,6,6,6,6,10,10,10,10,6,10,10,10,6,6,6,6,6,10,10,10,10,6,11,6,6,1,1,6,6,6,6,6,10,6,1,1,6,6,6,6,6,6,6,1,2,2,2,12,6,6,6,6,13,14,15,6,6,6,2,6,6,6,6,6,6,6,6,6,6,9,9,6,6,6,6,4,4,4,4,4,4,4,4,8,8,8,8,8,8,8,8","0.0007171630859375","walktrap","edit-xhwikibooks.graphml"
"0.63","0.24","0.13","0.452900358894859","3,6,3,3,3,1,3,1,1,5,3,3,1,1,1,2,5,7,4,3,6,10,1,1,1,1,1,2,6,5,7,4,9,3,4,4,8,1,6,6,6,6,10,10,10,10,6,10,10,10,6,6,6,6,6,10,10,10,10,6,11,6,6,1,1,6,6,6,6,6,10,6,1,1,6,6,6,6,6,6,6,1,2,2,2,12,6,6,6,6,13,14,15,6,6,6,2,6,6,6,6,6,6,6,6,6,6,9,9,6,6,6,6,4,4,4,4,4,4,4,4,8,8,8,8,8,8,8,8","0.000699996948242188","walktrap","edit-xhwikibooks.graphml"
"0.62","0.25","0.13","0.459438442888636","3,6,3,3,3,1,3,1,1,5,3,3,1,1,1,2,5,7,4,3,6,10,1,1,1,1,1,2,6,5,7,4,9,3,4,4,8,1,6,6,6,6,10,10,10,10,6,10,10,10,6,6,6,6,6,10,10,10,10,6,11,6,6,1,1,6,6,6,6,6,10,6,1,1,6,6,6,6,6,6,6,1,2,2,2,12,6,6,6,6,13,14,15,6,6,6,2,6,6,6,6,6,6,6,6,6,6,9,9,6,6,6,6,4,4,4,4,4,4,4,4,8,8,8,8,8,8,8,8","0.000731945037841797","walktrap","edit-xhwikibooks.graphml"
"0.61","0.26","0.13","0.459438442888636","3,6,3,3,3,1,3,1,1,5,3,3,1,1,1,2,5,7,4,3,6,10,1,1,1,1,1,2,6,5,7,4,9,3,4,4,8,1,6,6,6,6,10,10,10,10,6,10,10,10,6,6,6,6,6,10,10,10,10,6,11,6,6,1,1,6,6,6,6,6,10,6,1,1,6,6,6,6,6,6,6,1,2,2,2,12,6,6,6,6,13,14,15,6,6,6,2,6,6,6,6,6,6,6,6,6,6,9,9,6,6,6,6,4,4,4,4,4,4,4,4,8,8,8,8,8,8,8,8","0.000716924667358398","walktrap","edit-xhwikibooks.graphml"
"0.6","0.27","0.13","0.44306171810299","1,3,1,1,1,1,1,1,1,1,2,1,1,1,1,1,8,2,2,6,3,7,1,1,1,1,1,5,3,9,10,2,6,6,2,2,4,1,3,3,3,3,7,7,7,7,3,7,7,7,3,3,3,3,3,7,7,7,7,3,11,3,3,12,13,3,3,3,3,3,7,3,1,1,3,3,3,3,3,3,3,14,5,5,5,15,3,3,3,3,16,17,18,3,3,3,19,3,3,3,3,3,3,3,3,3,3,20,21,3,3,3,3,2,2,2,2,2,2,2,2,4,4,4,4,4,4,4,4","0.000742912292480469","walktrap","edit-xhwikibooks.graphml"
"0.59","0.28","0.13","0.442265700061141","1,3,1,1,1,1,1,1,1,1,2,1,1,1,1,1,8,2,2,6,3,7,1,1,1,1,1,5,3,9,10,2,6,6,2,2,4,1,3,3,3,3,7,7,7,7,3,7,7,7,3,3,3,3,3,7,7,7,7,3,11,3,3,12,13,3,3,3,3,3,7,3,1,1,3,3,3,3,3,3,3,14,5,5,5,15,3,3,3,3,16,17,18,3,3,3,19,3,3,3,3,3,3,3,3,3,3,20,21,3,3,3,3,2,2,2,2,2,2,2,2,4,4,4,4,4,4,4,4","0.000738143920898438","walktrap","edit-xhwikibooks.graphml"
"0.58","0.29","0.13","0.446489994591671","1,3,1,1,1,1,1,1,1,1,2,1,1,1,1,1,8,2,2,6,3,7,1,1,1,1,1,5,3,9,10,2,6,6,2,2,4,1,3,3,3,3,7,7,7,7,3,7,7,7,3,3,3,3,3,7,7,7,7,3,11,3,3,12,13,3,3,3,3,3,7,3,1,1,3,3,3,3,3,3,3,14,5,5,5,15,3,3,3,3,16,17,18,3,3,3,19,3,3,3,3,3,3,3,3,3,3,20,21,3,3,3,3,2,2,2,2,2,2,2,2,4,4,4,4,4,4,4,4","0.000773906707763672","walktrap","edit-xhwikibooks.graphml"
"0.57","0.3","0.13","0.447761274005487","1,3,1,1,1,1,1,1,1,1,2,1,1,1,1,1,8,2,2,6,3,7,1,1,1,1,1,5,3,9,10,2,6,6,2,2,4,1,3,3,3,3,7,7,7,7,3,7,7,7,3,3,3,3,3,7,7,7,7,3,11,3,3,12,13,3,3,3,3,3,7,3,1,1,3,3,3,3,3,3,3,14,5,5,5,15,3,3,3,3,16,17,18,3,3,3,19,3,3,3,3,3,3,3,3,3,3,20,21,3,3,3,3,2,2,2,2,2,2,2,2,4,4,4,4,4,4,4,4","0.000706911087036133","walktrap","edit-xhwikibooks.graphml"
"0.56","0.31","0.13","0.443829096809086","1,3,1,1,1,1,1,2,1,1,1,1,2,2,2,1,9,1,1,7,3,8,2,2,2,2,2,6,3,10,11,1,7,7,4,4,5,2,3,3,3,3,8,8,8,8,3,8,8,8,3,3,3,3,3,8,8,8,8,3,12,3,3,13,14,3,3,3,3,3,8,3,2,2,3,3,3,3,3,3,3,15,6,6,6,16,3,3,3,3,17,18,19,3,3,3,20,3,3,3,3,3,3,3,3,3,3,21,22,3,3,3,3,4,4,4,4,4,4,4,4,5,5,5,5,5,5,5,5","0.000734090805053711","walktrap","edit-xhwikibooks.graphml"
"0.55","0.32","0.13","0.443026254165298","1,3,1,1,1,1,1,2,1,1,1,1,2,2,2,1,9,1,1,7,3,8,2,2,2,2,2,6,3,10,11,1,7,7,4,4,5,2,3,3,3,3,8,8,8,8,3,8,8,8,3,3,3,3,3,8,8,8,8,3,12,3,3,13,14,3,3,3,3,3,8,3,2,2,3,3,3,3,3,3,3,15,6,6,6,16,3,3,3,3,17,18,19,3,3,3,20,3,3,3,3,3,3,3,3,3,3,21,22,3,3,3,3,4,4,4,4,4,4,4,4,5,5,5,5,5,5,5,5","0.000685930252075195","walktrap","edit-xhwikibooks.graphml"
"0.54","0.33","0.13","0.443026254165298","1,3,1,1,1,1,1,2,1,1,1,1,2,2,2,1,9,1,1,7,3,8,2,2,2,2,2,6,3,10,11,1,7,7,4,4,5,2,3,3,3,3,8,8,8,8,3,8,8,8,3,3,3,3,3,8,8,8,8,3,12,3,3,13,14,3,3,3,3,3,8,3,2,2,3,3,3,3,3,3,3,15,6,6,6,16,3,3,3,3,17,18,19,3,3,3,20,3,3,3,3,3,3,3,3,3,3,21,22,3,3,3,3,4,4,4,4,4,4,4,4,5,5,5,5,5,5,5,5","0.000686883926391602","walktrap","edit-xhwikibooks.graphml"
"0.53","0.34","0.13","0.474159946912265","1,4,1,1,1,2,1,2,2,2,1,1,2,2,2,2,9,1,1,3,4,8,2,2,2,2,2,7,4,10,11,1,3,3,5,5,6,2,4,4,4,4,8,8,8,8,4,8,8,8,4,4,4,4,4,8,8,8,8,4,12,4,4,13,14,4,4,4,4,4,8,4,2,2,4,4,4,4,4,4,4,15,7,7,7,16,4,4,4,4,17,18,19,4,4,4,20,4,4,4,4,4,4,4,4,4,4,21,22,4,4,4,4,5,5,5,5,5,5,5,5,6,6,6,6,6,6,6,6","0.000700950622558594","walktrap","edit-xhwikibooks.graphml"
"0.52","0.35","0.13","0.474159946912265","1,4,1,1,1,2,1,2,2,2,1,1,2,2,2,2,9,1,1,3,4,8,2,2,2,2,2,7,4,10,11,1,3,3,5,5,6,2,4,4,4,4,8,8,8,8,4,8,8,8,4,4,4,4,4,8,8,8,8,4,12,4,4,13,14,4,4,4,4,4,8,4,2,2,4,4,4,4,4,4,4,15,7,7,7,16,4,4,4,4,17,18,19,4,4,4,20,4,4,4,4,4,4,4,4,4,4,21,22,4,4,4,4,5,5,5,5,5,5,5,5,6,6,6,6,6,6,6,6","0.000718832015991211","walktrap","edit-xhwikibooks.graphml"
"0.51","0.36","0.13","0.473352051208905","1,4,1,1,1,2,1,2,2,2,1,1,2,2,2,2,9,1,1,3,4,8,2,2,2,2,2,7,4,10,11,1,3,3,5,5,6,2,4,4,4,4,8,8,8,8,4,8,8,8,4,4,4,4,4,8,8,8,8,4,12,4,4,13,14,4,4,4,4,4,8,4,2,2,4,4,4,4,4,4,4,15,7,7,7,16,4,4,4,4,17,18,19,4,4,4,20,4,4,4,4,4,4,4,4,4,4,21,22,4,4,4,4,5,5,5,5,5,5,5,5,6,6,6,6,6,6,6,6","0.000705957412719727","walktrap","edit-xhwikibooks.graphml"
"0.5","0.37","0.13","0.473352051208905","1,4,1,1,1,2,1,2,2,2,1,1,2,2,2,2,9,1,1,3,4,8,2,2,2,2,2,7,4,10,11,1,3,3,5,5,6,2,4,4,4,4,8,8,8,8,4,8,8,8,4,4,4,4,4,8,8,8,8,4,12,4,4,13,14,4,4,4,4,4,8,4,2,2,4,4,4,4,4,4,4,15,7,7,7,16,4,4,4,4,17,18,19,4,4,4,20,4,4,4,4,4,4,4,4,4,4,21,22,4,4,4,4,5,5,5,5,5,5,5,5,6,6,6,6,6,6,6,6","0.000721931457519531","walktrap","edit-xhwikibooks.graphml"
"0.49","0.38","0.13","0.471743691747561","1,4,1,1,1,2,1,2,2,2,1,1,2,2,2,2,9,1,1,3,4,8,2,2,2,2,2,7,4,10,11,1,3,3,5,5,6,2,4,4,4,4,8,8,8,8,4,8,8,8,4,4,4,4,4,8,8,8,8,4,12,4,4,13,14,4,4,4,4,4,8,4,2,2,4,4,4,4,4,4,4,15,7,7,7,16,4,4,4,4,17,18,19,4,4,4,20,4,4,4,4,4,4,4,4,4,4,21,22,4,4,4,4,5,5,5,5,5,5,5,5,6,6,6,6,6,6,6,6","0.000726938247680664","walktrap","edit-xhwikibooks.graphml"
"0.48","0.39","0.13","0.473738271604938","1,4,1,1,1,2,1,2,2,2,1,1,2,2,2,2,9,1,1,3,4,8,2,2,2,2,2,7,4,10,11,1,3,3,5,5,6,2,4,4,4,4,8,8,8,8,4,8,8,8,4,4,4,4,4,8,8,8,8,4,12,4,4,13,14,4,4,4,4,4,8,4,2,2,4,4,4,4,4,4,4,15,7,7,7,16,4,4,4,4,17,18,19,4,4,4,20,4,4,4,4,4,4,4,4,4,4,21,22,4,4,4,4,5,5,5,5,5,5,5,5,6,6,6,6,6,6,6,6","0.000727176666259766","walktrap","edit-xhwikibooks.graphml"
"0.47","0.4","0.13","0.450532116375486","5,4,5,1,10,1,3,2,1,1,3,11,2,2,2,1,12,13,3,8,4,9,14,2,2,2,2,1,4,15,16,17,8,18,6,6,7,2,4,4,4,4,9,9,9,9,4,9,9,9,4,4,4,4,4,9,9,9,9,4,19,4,4,20,21,4,4,4,4,4,9,4,22,23,4,4,4,4,4,4,4,24,25,26,27,28,4,4,4,4,29,30,31,4,4,4,32,4,4,4,4,4,4,4,4,4,4,33,34,4,4,4,4,6,6,6,6,6,6,6,6,7,7,7,7,7,7,7,7","0.000689983367919922","walktrap","edit-xhwikibooks.graphml"
"0.46","0.41","0.13","0.450532116375486","5,4,5,1,10,1,3,2,1,1,3,11,2,2,2,1,12,13,3,8,4,9,14,2,2,2,2,1,4,15,16,17,8,18,6,6,7,2,4,4,4,4,9,9,9,9,4,9,9,9,4,4,4,4,4,9,9,9,9,4,19,4,4,20,21,4,4,4,4,4,9,4,22,23,4,4,4,4,4,4,4,24,25,26,27,28,4,4,4,4,29,30,31,4,4,4,32,4,4,4,4,4,4,4,4,4,4,33,34,4,4,4,4,6,6,6,6,6,6,6,6,7,7,7,7,7,7,7,7","0.000734090805053711","walktrap","edit-xhwikibooks.graphml"
"0.45","0.42","0.13","0.449731404958678","5,4,5,1,10,1,3,2,1,1,3,11,2,2,2,1,12,13,3,8,4,9,14,2,2,2,2,1,4,15,16,17,8,18,6,6,7,2,4,4,4,4,9,9,9,9,4,9,9,9,4,4,4,4,4,9,9,9,9,4,19,4,4,20,21,4,4,4,4,4,9,4,22,23,4,4,4,4,4,4,4,24,25,26,27,28,4,4,4,4,29,30,31,4,4,4,32,4,4,4,4,4,4,4,4,4,4,33,34,4,4,4,4,6,6,6,6,6,6,6,6,7,7,7,7,7,7,7,7","0.000685214996337891","walktrap","edit-xhwikibooks.graphml"
"0.44","0.43","0.13","0.453952621772691","5,4,5,1,10,1,3,2,1,1,3,11,2,2,2,1,12,13,3,8,4,9,14,2,2,2,2,1,4,15,16,17,8,18,6,6,7,2,4,4,4,4,9,9,9,9,4,9,9,9,4,4,4,4,4,9,9,9,9,4,19,4,4,20,21,4,4,4,4,4,9,4,22,23,4,4,4,4,4,4,4,24,25,26,27,28,4,4,4,4,29,30,31,4,4,4,32,4,4,4,4,4,4,4,4,4,4,33,34,4,4,4,4,6,6,6,6,6,6,6,6,7,7,7,7,7,7,7,7","0.000741004943847656","walktrap","edit-xhwikibooks.graphml"
"0.43","0.44","0.13","0.450830245080977","5,4,5,1,10,1,3,2,2,1,3,11,2,2,2,1,12,13,3,8,4,9,14,2,2,2,2,1,4,15,16,17,8,18,6,6,7,2,4,4,4,4,9,9,9,9,4,9,9,9,4,4,4,4,4,9,9,9,9,4,19,4,4,20,21,4,4,4,4,4,9,4,22,23,4,4,4,4,4,4,4,24,25,26,27,28,4,4,4,4,29,30,31,4,4,4,32,4,4,4,4,4,4,4,4,4,4,33,34,4,4,4,4,6,6,6,6,6,6,6,6,7,7,7,7,7,7,7,7","0.000671148300170898","walktrap","edit-xhwikibooks.graphml"
"0.42","0.45","0.13","0.455162933203474","5,4,5,1,10,1,3,2,2,1,3,11,2,2,2,1,12,13,3,8,4,9,14,2,2,2,2,1,4,15,16,17,8,18,6,6,7,2,4,4,4,4,9,9,9,9,4,9,9,9,4,4,4,4,4,9,9,9,9,4,19,4,4,20,21,4,4,4,4,4,9,4,22,23,4,4,4,4,4,4,4,24,25,26,27,28,4,4,4,4,29,30,31,4,4,4,32,4,4,4,4,4,4,4,4,4,4,33,34,4,4,4,4,6,6,6,6,6,6,6,6,7,7,7,7,7,7,7,7","0.000878095626831055","walktrap","edit-xhwikibooks.graphml"
"0.41","0.46","0.13","0.454366872869587","5,4,5,1,10,1,3,2,2,1,3,11,2,2,2,1,12,13,3,8,4,9,14,2,2,2,2,1,4,15,16,17,8,18,6,6,7,2,4,4,4,4,9,9,9,9,4,9,9,9,4,4,4,4,4,9,9,9,9,4,19,4,4,20,21,4,4,4,4,4,9,4,22,23,4,4,4,4,4,4,4,24,25,26,27,28,4,4,4,4,29,30,31,4,4,4,32,4,4,4,4,4,4,4,4,4,4,33,34,4,4,4,4,6,6,6,6,6,6,6,6,7,7,7,7,7,7,7,7","0.000678062438964844","walktrap","edit-xhwikibooks.graphml"
"0.4","0.47","0.13","0.456448953327033","5,4,5,1,10,1,3,2,2,1,3,11,2,2,2,1,12,13,3,8,4,9,14,2,2,2,2,1,4,15,16,17,8,18,6,6,7,2,4,4,4,4,9,9,9,9,4,9,9,9,4,4,4,4,4,9,9,9,9,4,19,4,4,20,21,4,4,4,4,4,9,4,22,23,4,4,4,4,4,4,4,24,25,26,27,28,4,4,4,4,29,30,31,4,4,4,32,4,4,4,4,4,4,4,4,4,4,33,34,4,4,4,4,6,6,6,6,6,6,6,6,7,7,7,7,7,7,7,7","0.000669956207275391","walktrap","edit-xhwikibooks.graphml"
"0.39","0.48","0.13","0.455655150668889","5,4,5,1,10,1,3,2,2,1,3,11,2,2,2,1,12,13,3,8,4,9,14,2,2,2,2,1,4,15,16,17,8,18,6,6,7,2,4,4,4,4,9,9,9,9,4,9,9,9,4,4,4,4,4,9,9,9,9,4,19,4,4,20,21,4,4,4,4,4,9,4,22,23,4,4,4,4,4,4,4,24,25,26,27,28,4,4,4,4,29,30,31,4,4,4,32,4,4,4,4,4,4,4,4,4,4,33,34,4,4,4,4,6,6,6,6,6,6,6,6,7,7,7,7,7,7,7,7","0.000678062438964844","walktrap","edit-xhwikibooks.graphml"
"0.38","0.49","0.13","0.455655150668889","5,4,5,1,10,1,3,2,2,1,3,11,2,2,2,1,12,13,3,8,4,9,14,2,2,2,2,1,4,15,16,17,8,18,6,6,7,2,4,4,4,4,9,9,9,9,4,9,9,9,4,4,4,4,4,9,9,9,9,4,19,4,4,20,21,4,4,4,4,4,9,4,22,23,4,4,4,4,4,4,4,24,25,26,27,28,4,4,4,4,29,30,31,4,4,4,32,4,4,4,4,4,4,4,4,4,4,33,34,4,4,4,4,6,6,6,6,6,6,6,6,7,7,7,7,7,7,7,7","0.000672101974487305","walktrap","edit-xhwikibooks.graphml"
"0.37","0.5","0.13","0.528399514178069","6,1,6,3,11,3,4,2,3,3,4,12,2,2,2,5,13,14,4,9,1,10,15,2,2,2,2,5,1,16,17,18,9,19,7,7,8,2,1,1,1,1,10,10,10,10,1,10,10,10,1,1,1,1,1,10,10,10,10,1,20,1,1,21,22,1,1,1,1,1,10,1,23,24,1,1,1,1,1,1,1,25,26,27,28,29,1,1,1,1,30,31,32,1,1,1,33,1,1,1,1,1,1,1,1,1,1,34,35,1,1,1,1,7,7,7,7,7,7,7,7,8,8,8,8,8,8,8,8","0.000686883926391602","walktrap","edit-xhwikibooks.graphml"
"0.36","0.51","0.13","0.528399514178069","6,1,6,3,11,3,4,2,3,3,4,12,2,2,2,5,13,14,4,9,1,10,15,2,2,2,2,5,1,16,17,18,9,19,7,7,8,2,1,1,1,1,10,10,10,10,1,10,10,10,1,1,1,1,1,10,10,10,10,1,20,1,1,21,22,1,1,1,1,1,10,1,23,24,1,1,1,1,1,1,1,25,26,27,28,29,1,1,1,1,30,31,32,1,1,1,33,1,1,1,1,1,1,1,1,1,1,34,35,1,1,1,1,7,7,7,7,7,7,7,7,8,8,8,8,8,8,8,8","0.000688076019287109","walktrap","edit-xhwikibooks.graphml"
"0.35","0.52","0.13","0.528399514178069","6,1,6,3,11,3,4,2,3,3,4,12,2,2,2,5,13,14,4,9,1,10,15,2,2,2,2,5,1,16,17,18,9,19,7,7,8,2,1,1,1,1,10,10,10,10,1,10,10,10,1,1,1,1,1,10,10,10,10,1,20,1,1,21,22,1,1,1,1,1,10,1,23,24,1,1,1,1,1,1,1,25,26,27,28,29,1,1,1,1,30,31,32,1,1,1,33,1,1,1,1,1,1,1,1,1,1,34,35,1,1,1,1,7,7,7,7,7,7,7,7,8,8,8,8,8,8,8,8","0.000707149505615234","walktrap","edit-xhwikibooks.graphml"
"0.34","0.53","0.13","0.525104123281966","5,2,5,1,8,1,9,4,1,1,10,11,4,4,4,1,12,13,3,14,2,7,15,4,4,4,4,1,2,16,17,18,19,20,3,3,6,4,2,2,2,2,7,7,7,7,2,7,7,7,2,2,2,2,2,7,7,7,7,2,21,2,2,22,23,2,2,2,2,2,7,2,24,25,2,2,2,2,2,2,2,26,27,28,29,30,2,2,2,2,31,32,33,2,2,2,34,2,2,2,2,2,2,2,2,2,2,35,36,2,2,2,2,3,3,3,3,3,3,3,3,6,6,6,6,6,6,6,6","0.000718116760253906","walktrap","edit-xhwikibooks.graphml"
"0.33","0.54","0.13","0.526733753385792","5,2,5,1,8,1,9,4,1,1,10,11,4,4,4,1,12,13,3,14,2,7,15,4,4,4,4,1,2,16,17,18,19,20,3,3,6,4,2,2,2,2,7,7,7,7,2,7,7,7,2,2,2,2,2,7,7,7,7,2,21,2,2,22,23,2,2,2,2,2,7,2,24,25,2,2,2,2,2,2,2,26,27,28,29,30,2,2,2,2,31,32,33,2,2,2,34,2,2,2,2,2,2,2,2,2,2,35,36,2,2,2,2,3,3,3,3,3,3,3,3,6,6,6,6,6,6,6,6","0.000725984573364258","walktrap","edit-xhwikibooks.graphml"
"0.32","0.55","0.13","0.525958011104502","5,2,5,1,8,1,9,4,1,1,10,11,4,4,4,1,12,13,3,14,2,7,15,4,4,4,4,1,2,16,17,18,19,20,3,3,6,4,2,2,2,2,7,7,7,7,2,7,7,7,2,2,2,2,2,7,7,7,7,2,21,2,2,22,23,2,2,2,2,2,7,2,24,25,2,2,2,2,2,2,2,26,27,28,29,30,2,2,2,2,31,32,33,2,2,2,34,2,2,2,2,2,2,2,2,2,2,35,36,2,2,2,2,3,3,3,3,3,3,3,3,6,6,6,6,6,6,6,6","0.000712156295776367","walktrap","edit-xhwikibooks.graphml"
"0.31","0.56","0.13","0.529100214722417","5,2,5,1,8,1,9,4,1,1,10,11,4,4,4,1,12,13,3,14,2,7,15,4,4,4,4,1,2,16,17,18,19,20,3,3,6,4,2,2,2,2,7,7,7,7,2,7,7,7,2,2,2,2,2,7,7,7,7,2,21,2,2,22,23,2,2,2,2,2,7,2,24,25,2,2,2,2,2,2,2,26,27,28,29,30,2,2,2,2,31,32,33,2,2,2,34,2,2,2,2,2,2,2,2,2,2,35,36,2,2,2,2,3,3,3,3,3,3,3,3,6,6,6,6,6,6,6,6","0.000704050064086914","walktrap","edit-xhwikibooks.graphml"
"0.3","0.57","0.13","0.499075365440294","5,2,5,1,8,1,9,3,1,1,10,11,3,3,3,1,12,13,4,14,2,6,15,3,3,3,3,1,2,16,17,18,19,20,4,4,7,3,2,2,2,2,6,6,6,6,2,6,6,6,2,2,2,2,2,6,6,6,6,2,21,2,2,22,23,2,2,2,2,2,6,2,24,25,2,2,2,2,2,2,2,26,27,28,29,30,2,2,2,2,31,32,33,2,2,2,34,2,2,2,2,2,2,2,2,2,2,35,36,2,2,2,2,4,4,4,4,4,4,4,4,7,7,7,7,7,7,7,7","0.0007171630859375","walktrap","edit-xhwikibooks.graphml"
"0.29","0.58","0.13","0.50162133184566","5,2,5,1,8,1,9,3,1,1,10,11,3,3,3,1,12,13,4,14,2,6,15,3,3,3,3,1,2,16,17,18,19,20,4,4,7,3,2,2,2,2,6,6,6,6,2,6,6,6,2,2,2,2,2,6,6,6,6,2,21,2,2,22,23,2,2,2,2,2,6,2,24,25,2,2,2,2,2,2,2,26,27,28,29,30,2,2,2,2,31,32,33,2,2,2,34,2,2,2,2,2,2,2,2,2,2,35,36,2,2,2,2,4,4,4,4,4,4,4,4,7,7,7,7,7,7,7,7","0.000713109970092773","walktrap","edit-xhwikibooks.graphml"
"0.28","0.59","0.13","0.50083984375","5,2,5,1,8,1,9,3,1,1,10,11,3,3,3,1,12,13,4,14,2,6,15,3,3,3,3,1,2,16,17,18,19,20,4,4,7,3,2,2,2,2,6,6,6,6,2,6,6,6,2,2,2,2,2,6,6,6,6,2,21,2,2,22,23,2,2,2,2,2,6,2,24,25,2,2,2,2,2,2,2,26,27,28,29,30,2,2,2,2,31,32,33,2,2,2,34,2,2,2,2,2,2,2,2,2,2,35,36,2,2,2,2,4,4,4,4,4,4,4,4,7,7,7,7,7,7,7,7","0.000735998153686523","walktrap","edit-xhwikibooks.graphml"
"0.27","0.6","0.13","0.503792117904306","5,2,5,1,8,1,9,1,1,1,10,11,1,1,1,4,12,13,3,14,2,6,15,1,1,1,1,4,2,16,17,18,19,20,3,3,7,1,2,2,2,2,6,6,6,6,2,6,6,6,2,2,2,2,2,6,6,6,6,2,21,2,2,22,23,2,2,2,2,2,6,2,24,25,2,2,2,2,2,2,2,26,27,28,29,30,2,2,2,2,31,32,33,2,2,2,34,2,2,2,2,2,2,2,2,2,2,35,36,2,2,2,2,3,3,3,3,3,3,3,3,7,7,7,7,7,7,7,7","0.000770092010498047","walktrap","edit-xhwikibooks.graphml"
"0.26","0.61","0.13","0.503019859487588","5,2,5,1,8,1,9,1,1,1,10,11,1,1,1,4,12,13,3,14,2,6,15,1,1,1,1,4,2,16,17,18,19,20,3,3,7,1,2,2,2,2,6,6,6,6,2,6,6,6,2,2,2,2,2,6,6,6,6,2,21,2,2,22,23,2,2,2,2,2,6,2,24,25,2,2,2,2,2,2,2,26,27,28,29,30,2,2,2,2,31,32,33,2,2,2,34,2,2,2,2,2,2,2,2,2,2,35,36,2,2,2,2,3,3,3,3,3,3,3,3,7,7,7,7,7,7,7,7","0.000685930252075195","walktrap","edit-xhwikibooks.graphml"
"0.25","0.62","0.13","0.50486220203538","5,2,5,1,8,1,9,1,1,1,10,11,1,1,1,4,12,13,3,14,2,6,15,1,1,1,1,4,2,16,17,18,19,20,3,3,7,1,2,2,2,2,6,6,6,6,2,6,6,6,2,2,2,2,2,6,6,6,6,2,21,2,2,22,23,2,2,2,2,2,6,2,24,25,2,2,2,2,2,2,2,26,27,28,29,30,2,2,2,2,31,32,33,2,2,2,34,2,2,2,2,2,2,2,2,2,2,35,36,2,2,2,2,3,3,3,3,3,3,3,3,7,7,7,7,7,7,7,7","0.000661849975585938","walktrap","edit-xhwikibooks.graphml"
"0.24","0.63","0.13","0.506054293891513","4,2,4,1,8,1,9,1,1,1,10,11,1,1,1,5,12,13,3,14,2,6,15,1,1,1,1,5,2,16,17,18,19,20,3,3,7,1,2,2,2,2,6,6,6,6,2,6,6,6,2,2,2,2,2,6,6,6,6,2,21,2,2,22,23,2,2,2,2,2,6,2,24,25,2,2,2,2,2,2,2,26,27,28,29,30,2,2,2,2,31,32,33,2,2,2,34,2,2,2,2,2,2,2,2,2,2,35,36,2,2,2,2,3,3,3,3,3,3,3,3,7,7,7,7,7,7,7,7","0.000684022903442383","walktrap","edit-xhwikibooks.graphml"
"0.23","0.64","0.13","0.506825379955362","4,2,4,1,8,1,9,1,1,1,10,11,1,1,1,5,12,13,3,14,2,6,15,1,1,1,1,5,2,16,17,18,19,20,3,3,7,1,2,2,2,2,6,6,6,6,2,6,6,6,2,2,2,2,2,6,6,6,6,2,21,2,2,22,23,2,2,2,2,2,6,2,24,25,2,2,2,2,2,2,2,26,27,28,29,30,2,2,2,2,31,32,33,2,2,2,34,2,2,2,2,2,2,2,2,2,2,35,36,2,2,2,2,3,3,3,3,3,3,3,3,7,7,7,7,7,7,7,7","0.000683069229125977","walktrap","edit-xhwikibooks.graphml"
"0.22","0.65","0.13","0.506054293891513","4,2,4,1,8,1,9,1,1,1,10,11,1,1,1,5,12,13,3,14,2,6,15,1,1,1,1,5,2,16,17,18,19,20,3,3,7,1,2,2,2,2,6,6,6,6,2,6,6,6,2,2,2,2,2,6,6,6,6,2,21,2,2,22,23,2,2,2,2,2,6,2,24,25,2,2,2,2,2,2,2,26,27,28,29,30,2,2,2,2,31,32,33,2,2,2,34,2,2,2,2,2,2,2,2,2,2,35,36,2,2,2,2,3,3,3,3,3,3,3,3,7,7,7,7,7,7,7,7","0.000682830810546875","walktrap","edit-xhwikibooks.graphml"
"0.21","0.66","0.13","0.502938368055555","3,7,3,8,9,4,10,1,1,11,12,13,1,1,1,4,14,15,2,16,7,5,17,1,1,1,1,18,19,20,21,22,23,24,2,2,6,1,7,7,7,7,5,5,5,5,7,5,5,5,7,7,7,7,7,5,5,5,5,7,25,7,7,26,27,7,7,7,7,7,5,7,28,29,7,7,7,7,7,7,7,30,31,32,33,34,7,7,7,7,35,36,37,7,7,7,38,7,7,7,7,7,7,7,7,7,7,39,40,7,7,7,7,2,2,2,2,2,2,2,2,6,6,6,6,6,6,6,6","0.000694990158081055","walktrap","edit-xhwikibooks.graphml"
"0.2","0.67","0.13","0.526297316600347","4,7,4,8,9,3,10,2,2,11,12,13,2,2,2,3,14,15,1,16,7,5,17,2,2,2,2,18,19,20,21,22,23,24,1,1,6,2,7,7,7,7,5,5,5,5,7,5,5,5,7,7,7,7,7,5,5,5,5,7,25,7,7,26,27,7,7,7,7,7,5,7,28,29,7,7,7,7,7,7,7,30,31,32,33,34,7,7,7,7,35,36,37,7,7,7,38,7,7,7,7,7,7,7,7,7,7,39,40,7,7,7,7,1,1,1,1,1,1,1,1,6,6,6,6,6,6,6,6","0.000689029693603516","walktrap","edit-xhwikibooks.graphml"
"0.19","0.68","0.13","0.526297316600347","4,7,4,8,9,3,10,2,2,11,12,13,2,2,2,3,14,15,1,16,7,5,17,2,2,2,2,18,19,20,21,22,23,24,1,1,6,2,7,7,7,7,5,5,5,5,7,5,5,5,7,7,7,7,7,5,5,5,5,7,25,7,7,26,27,7,7,7,7,7,5,7,28,29,7,7,7,7,7,7,7,30,31,32,33,34,7,7,7,7,35,36,37,7,7,7,38,7,7,7,7,7,7,7,7,7,7,39,40,7,7,7,7,1,1,1,1,1,1,1,1,6,6,6,6,6,6,6,6","0.000708818435668945","walktrap","edit-xhwikibooks.graphml"
"0.18","0.69","0.13","0.525518665452654","4,7,4,8,9,3,10,2,2,11,12,13,2,2,2,3,14,15,1,16,7,5,17,2,2,2,2,18,19,20,21,22,23,24,1,1,6,2,7,7,7,7,5,5,5,5,7,5,5,5,7,7,7,7,7,5,5,5,5,7,25,7,7,26,27,7,7,7,7,7,5,7,28,29,7,7,7,7,7,7,7,30,31,32,33,34,7,7,7,7,35,36,37,7,7,7,38,7,7,7,7,7,7,7,7,7,7,39,40,7,7,7,7,1,1,1,1,1,1,1,1,6,6,6,6,6,6,6,6","0.000699996948242188","walktrap","edit-xhwikibooks.graphml"
"0.17","0.7","0.13","0.527219655963953","4,7,4,8,9,3,10,2,2,11,12,13,2,2,2,3,14,15,1,16,7,5,17,2,2,2,2,18,19,20,21,22,23,24,1,1,6,2,7,7,7,7,5,5,5,5,7,5,5,5,7,7,7,7,7,5,5,5,5,7,25,7,7,26,27,7,7,7,7,7,5,7,28,29,7,7,7,7,7,7,7,30,31,32,33,34,7,7,7,7,35,36,37,7,7,7,38,7,7,7,7,7,7,7,7,7,7,39,40,7,7,7,7,1,1,1,1,1,1,1,1,6,6,6,6,6,6,6,6","0.000703811645507812","walktrap","edit-xhwikibooks.graphml"
"0.16","0.71","0.13","0.526443121885131","4,7,4,8,9,3,10,2,2,11,12,13,2,2,2,3,14,15,1,16,7,5,17,2,2,2,2,18,19,20,21,22,23,24,1,1,6,2,7,7,7,7,5,5,5,5,7,5,5,5,7,7,7,7,7,5,5,5,5,7,25,7,7,26,27,7,7,7,7,7,5,7,28,29,7,7,7,7,7,7,7,30,31,32,33,34,7,7,7,7,35,36,37,7,7,7,38,7,7,7,7,7,7,7,7,7,7,39,40,7,7,7,7,1,1,1,1,1,1,1,1,6,6,6,6,6,6,6,6","0.000710010528564453","walktrap","edit-xhwikibooks.graphml"
"0.15","0.72","0.13","0.52936","4,7,4,8,9,3,10,2,2,11,12,13,2,2,2,3,14,15,1,16,7,5,17,2,2,2,2,18,19,20,21,22,23,24,1,1,6,2,7,7,7,7,5,5,5,5,7,5,5,5,7,7,7,7,7,5,5,5,5,7,25,7,7,26,27,7,7,7,7,7,5,7,28,29,7,7,7,7,7,7,7,30,31,32,33,34,7,7,7,7,35,36,37,7,7,7,38,7,7,7,7,7,7,7,7,7,7,39,40,7,7,7,7,1,1,1,1,1,1,1,1,6,6,6,6,6,6,6,6","0.000704050064086914","walktrap","edit-xhwikibooks.graphml"
"0.14","0.73","0.13","0.528587535507827","4,7,4,8,9,3,10,2,2,11,12,13,2,2,2,3,14,15,1,16,7,5,17,2,2,2,2,18,19,20,21,22,23,24,1,1,6,2,7,7,7,7,5,5,5,5,7,5,5,5,7,7,7,7,7,5,5,5,5,7,25,7,7,26,27,7,7,7,7,7,5,7,28,29,7,7,7,7,7,7,7,30,31,32,33,34,7,7,7,7,35,36,37,7,7,7,38,7,7,7,7,7,7,7,7,7,7,39,40,7,7,7,7,1,1,1,1,1,1,1,1,6,6,6,6,6,6,6,6","0.00067901611328125","walktrap","edit-xhwikibooks.graphml"
"0.13","0.74","0.13","0.528587535507827","4,7,4,8,9,3,10,2,2,11,12,13,2,2,2,3,14,15,1,16,7,5,17,2,2,2,2,18,19,20,21,22,23,24,1,1,6,2,7,7,7,7,5,5,5,5,7,5,5,5,7,7,7,7,7,5,5,5,5,7,25,7,7,26,27,7,7,7,7,7,5,7,28,29,7,7,7,7,7,7,7,30,31,32,33,34,7,7,7,7,35,36,37,7,7,7,38,7,7,7,7,7,7,7,7,7,7,39,40,7,7,7,7,1,1,1,1,1,1,1,1,6,6,6,6,6,6,6,6","0.000838041305541992","walktrap","edit-xhwikibooks.graphml"
"0.12","0.75","0.13","0.534397506600634","4,7,4,8,9,3,10,2,2,11,12,13,2,2,2,3,14,15,1,16,7,5,17,2,2,2,2,18,19,20,21,22,23,24,1,1,6,2,7,7,7,7,5,5,5,5,7,5,5,5,7,7,7,7,7,5,5,5,5,7,25,7,7,26,27,7,7,7,7,7,5,7,28,29,7,7,7,7,7,7,7,30,31,32,33,34,7,7,7,7,35,36,37,7,7,7,38,7,7,7,7,7,7,7,7,7,7,39,40,7,7,7,7,1,1,1,1,1,1,1,1,6,6,6,6,6,6,6,6","0.000659942626953125","walktrap","edit-xhwikibooks.graphml"
"0.11","0.76","0.13","0.534397506600634","4,7,4,8,9,3,10,2,2,11,12,13,2,2,2,3,14,15,1,16,7,5,17,2,2,2,2,18,19,20,21,22,23,24,1,1,6,2,7,7,7,7,5,5,5,5,7,5,5,5,7,7,7,7,7,5,5,5,5,7,25,7,7,26,27,7,7,7,7,7,5,7,28,29,7,7,7,7,7,7,7,30,31,32,33,34,7,7,7,7,35,36,37,7,7,7,38,7,7,7,7,7,7,7,7,7,7,39,40,7,7,7,7,1,1,1,1,1,1,1,1,6,6,6,6,6,6,6,6","0.000854015350341797","walktrap","edit-xhwikibooks.graphml"
"0.1","0.77","0.13","0.536026205120425","4,7,4,8,9,3,10,2,2,11,12,13,2,2,2,3,14,15,1,16,7,5,17,2,2,2,2,18,19,20,21,22,23,24,1,1,6,2,7,7,7,7,5,5,5,5,7,5,5,5,7,7,7,7,7,5,5,5,5,7,25,7,7,26,27,7,7,7,7,7,5,7,28,29,7,7,7,7,7,7,7,30,31,32,33,34,7,7,7,7,35,36,37,7,7,7,38,7,7,7,7,7,7,7,7,7,7,39,40,7,7,7,7,1,1,1,1,1,1,1,1,6,6,6,6,6,6,6,6","0.000658035278320312","walktrap","edit-xhwikibooks.graphml"
"0.09","0.78","0.13","0.537490282282926","4,7,4,8,9,3,10,2,2,11,12,13,2,2,2,3,14,15,1,16,7,5,17,2,2,2,2,18,19,20,21,22,23,24,1,1,6,2,7,7,7,7,5,5,5,5,7,5,5,5,7,7,7,7,7,5,5,5,5,7,25,7,7,26,27,7,7,7,7,7,5,7,28,29,7,7,7,7,7,7,7,30,31,32,33,34,7,7,7,7,35,36,37,7,7,7,38,7,7,7,7,7,7,7,7,7,7,39,40,7,7,7,7,1,1,1,1,1,1,1,1,6,6,6,6,6,6,6,6","0.000658988952636719","walktrap","edit-xhwikibooks.graphml"
"0.08","0.79","0.13","0.53370675491351","3,6,3,7,8,1,9,1,1,10,11,12,1,1,1,13,14,15,2,16,6,4,17,1,1,1,1,18,19,20,21,22,23,24,2,2,5,25,6,6,6,6,4,4,4,4,6,4,4,4,6,6,6,6,6,4,4,4,4,6,26,6,6,27,28,6,6,6,6,6,4,6,29,30,6,6,6,6,6,6,6,31,32,33,34,35,6,6,6,6,36,37,38,6,6,6,39,6,6,6,6,6,6,6,6,6,6,40,41,6,6,6,6,2,2,2,2,2,2,2,2,5,5,5,5,5,5,5,5","0.000654935836791992","walktrap","edit-xhwikibooks.graphml"
"0.07","0.8","0.13","0.535833962032927","3,6,3,7,8,1,9,1,1,10,11,12,1,1,1,13,14,15,2,16,6,4,17,1,1,1,1,18,19,20,21,22,23,24,2,2,5,25,6,6,6,6,4,4,4,4,6,4,4,4,6,6,6,6,6,4,4,4,4,6,26,6,6,27,28,6,6,6,6,6,4,6,29,30,6,6,6,6,6,6,6,31,32,33,34,35,6,6,6,6,36,37,38,6,6,6,39,6,6,6,6,6,6,6,6,6,6,40,41,6,6,6,6,2,2,2,2,2,2,2,2,5,5,5,5,5,5,5,5","0.000673055648803711","walktrap","edit-xhwikibooks.graphml"
"0.06","0.81","0.13","0.535833962032927","3,6,3,7,8,1,9,1,1,10,11,12,1,1,1,13,14,15,2,16,6,4,17,1,1,1,1,18,19,20,21,22,23,24,2,2,5,25,6,6,6,6,4,4,4,4,6,4,4,4,6,6,6,6,6,4,4,4,4,6,26,6,6,27,28,6,6,6,6,6,4,6,29,30,6,6,6,6,6,6,6,31,32,33,34,35,6,6,6,6,36,37,38,6,6,6,39,6,6,6,6,6,6,6,6,6,6,40,41,6,6,6,6,2,2,2,2,2,2,2,2,5,5,5,5,5,5,5,5","0.000671148300170898","walktrap","edit-xhwikibooks.graphml"
"0.05","0.82","0.13","0.535074234008789","3,6,3,7,8,1,9,1,1,10,11,12,1,1,1,13,14,15,2,16,6,4,17,1,1,1,1,18,19,20,21,22,23,24,2,2,5,25,6,6,6,6,4,4,4,4,6,4,4,4,6,6,6,6,6,4,4,4,4,6,26,6,6,27,28,6,6,6,6,6,4,6,29,30,6,6,6,6,6,6,6,31,32,33,34,35,6,6,6,6,36,37,38,6,6,6,39,6,6,6,6,6,6,6,6,6,6,40,41,6,6,6,6,2,2,2,2,2,2,2,2,5,5,5,5,5,5,5,5","0.000672101974487305","walktrap","edit-xhwikibooks.graphml"
"0.04","0.83","0.13","0.527218900107832","3,6,3,7,8,1,9,1,1,10,11,12,1,1,1,13,14,15,2,16,6,4,17,1,1,1,1,18,19,20,21,22,23,24,2,2,5,25,6,6,6,6,4,4,4,4,6,4,4,4,6,6,6,6,6,4,4,4,4,6,26,6,6,27,28,6,6,6,6,6,4,6,29,30,6,6,6,6,6,6,6,31,32,33,34,35,6,6,6,6,36,37,38,6,6,6,39,6,6,6,6,6,6,6,6,6,6,40,41,6,6,6,6,2,2,2,2,2,2,2,2,5,5,5,5,5,5,5,5","0.000696897506713867","walktrap","edit-xhwikibooks.graphml"
"0.03","0.84","0.13","0.527864337149726","3,6,3,7,8,1,9,1,1,10,11,12,1,1,1,13,14,15,2,16,6,4,17,1,1,1,1,18,19,20,21,22,23,24,2,2,5,25,6,6,6,6,4,4,4,4,6,4,4,4,6,6,6,6,6,4,4,4,4,6,26,6,6,27,28,6,6,6,6,6,4,6,29,30,6,6,6,6,6,6,6,31,32,33,34,35,6,6,6,6,36,37,38,6,6,6,39,6,6,6,6,6,6,6,6,6,6,40,41,6,6,6,6,2,2,2,2,2,2,2,2,5,5,5,5,5,5,5,5","0.00070500373840332","walktrap","edit-xhwikibooks.graphml"
"0.02","0.85","0.13","0.529515934031868","3,6,3,7,8,1,9,1,1,10,11,12,1,1,1,13,14,15,2,16,6,4,17,1,1,1,1,18,19,20,21,22,23,24,2,2,5,25,6,6,6,6,4,4,4,4,6,4,4,4,6,6,6,6,6,4,4,4,4,6,26,6,6,27,28,6,6,6,6,6,4,6,29,30,6,6,6,6,6,6,6,31,32,33,34,35,6,6,6,6,36,37,38,6,6,6,39,6,6,6,6,6,6,6,6,6,6,40,41,6,6,6,6,2,2,2,2,2,2,2,2,5,5,5,5,5,5,5,5","0.000692844390869141","walktrap","edit-xhwikibooks.graphml"
"0.01","0.86","0.13","0.531596462942467","3,6,3,7,8,1,9,1,1,10,11,12,1,1,1,13,14,15,2,16,6,4,17,1,1,1,1,18,19,20,21,22,23,24,2,2,5,25,6,6,6,6,4,4,4,4,6,4,4,4,6,6,6,6,6,4,4,4,4,6,26,6,6,27,28,6,6,6,6,6,4,6,29,30,6,6,6,6,6,6,6,31,32,33,34,35,6,6,6,6,36,37,38,6,6,6,39,6,6,6,6,6,6,6,6,6,6,40,41,6,6,6,6,2,2,2,2,2,2,2,2,5,5,5,5,5,5,5,5","0.000703811645507812","walktrap","edit-xhwikibooks.graphml"
"0","0.87","0.13","0.529643267095005","1,5,1,1,1,1,6,1,1,7,8,9,1,1,1,10,11,12,2,13,5,3,14,1,1,1,1,15,1,16,17,18,19,20,2,2,4,21,5,5,5,5,3,3,3,3,5,3,3,3,5,5,5,5,5,3,3,3,3,5,22,5,5,23,24,5,5,5,5,5,3,5,25,26,5,5,5,5,5,5,5,27,28,29,30,31,5,5,5,5,32,33,34,5,5,5,35,5,5,5,5,5,5,5,5,5,5,36,37,5,5,5,5,2,2,2,2,2,2,2,2,4,4,4,4,4,4,4,4","0.000759124755859375","walktrap","edit-xhwikibooks.graphml"
"0.86","0","0.14","0.433410864345738","1,10,1,1,1,2,1,2,2,4,1,1,2,2,2,3,4,5,1,1,10,12,8,2,2,2,2,3,6,4,5,7,9,1,1,1,11,2,10,10,10,10,12,12,12,12,10,12,12,12,10,10,10,10,10,12,12,12,12,10,8,10,10,2,2,10,10,10,10,10,12,10,2,2,10,10,10,10,10,10,10,2,3,3,3,6,10,10,10,10,4,5,7,10,10,10,3,10,10,10,10,10,10,10,10,10,10,9,9,10,10,10,10,1,1,1,1,1,1,1,1,11,11,11,11,11,11,11,11","0.000817060470581055","walktrap","edit-xhwikibooks.graphml"
"0.85","0.01","0.14","0.433410864345738","1,10,1,1,1,2,1,2,2,4,1,1,2,2,2,3,4,5,1,1,10,12,8,2,2,2,2,3,6,4,5,7,9,1,1,1,11,2,10,10,10,10,12,12,12,12,10,12,12,12,10,10,10,10,10,12,12,12,12,10,8,10,10,2,2,10,10,10,10,10,12,10,2,2,10,10,10,10,10,10,10,2,3,3,3,6,10,10,10,10,4,5,7,10,10,10,3,10,10,10,10,10,10,10,10,10,10,9,9,10,10,10,10,1,1,1,1,1,1,1,1,11,11,11,11,11,11,11,11","0.000754117965698242","walktrap","edit-xhwikibooks.graphml"
"0.84","0.02","0.14","0.433410864345738","1,10,1,1,1,2,1,2,2,4,1,1,2,2,2,3,4,5,1,1,10,12,8,2,2,2,2,3,6,4,5,7,9,1,1,1,11,2,10,10,10,10,12,12,12,12,10,12,12,12,10,10,10,10,10,12,12,12,12,10,8,10,10,2,2,10,10,10,10,10,12,10,2,2,10,10,10,10,10,10,10,2,3,3,3,6,10,10,10,10,4,5,7,10,10,10,3,10,10,10,10,10,10,10,10,10,10,9,9,10,10,10,10,1,1,1,1,1,1,1,1,11,11,11,11,11,11,11,11","0.000750064849853516","walktrap","edit-xhwikibooks.graphml"
"0.83","0.03","0.14","0.432707479046627","1,10,1,1,1,2,1,2,2,4,1,1,2,2,2,3,4,5,1,1,10,12,8,2,2,2,2,3,6,4,5,7,9,1,1,1,11,2,10,10,10,10,12,12,12,12,10,12,12,12,10,10,10,10,10,12,12,12,12,10,8,10,10,2,2,10,10,10,10,10,12,10,2,2,10,10,10,10,10,10,10,2,3,3,3,6,10,10,10,10,4,5,7,10,10,10,3,10,10,10,10,10,10,10,10,10,10,9,9,10,10,10,10,1,1,1,1,1,1,1,1,11,11,11,11,11,11,11,11","0.000909805297851562","walktrap","edit-xhwikibooks.graphml"
"0.82","0.04","0.14","0.432707479046627","1,10,1,1,1,2,1,2,2,4,1,1,2,2,2,3,4,5,1,1,10,12,8,2,2,2,2,3,6,4,5,7,9,1,1,1,11,2,10,10,10,10,12,12,12,12,10,12,12,12,10,10,10,10,10,12,12,12,12,10,8,10,10,2,2,10,10,10,10,10,12,10,2,2,10,10,10,10,10,10,10,2,3,3,3,6,10,10,10,10,4,5,7,10,10,10,3,10,10,10,10,10,10,10,10,10,10,9,9,10,10,10,10,1,1,1,1,1,1,1,1,11,11,11,11,11,11,11,11","0.000747919082641602","walktrap","edit-xhwikibooks.graphml"
"0.81","0.05","0.14","0.432006179863798","1,10,1,1,1,2,1,2,2,4,1,1,2,2,2,3,4,5,1,1,10,12,8,2,2,2,2,3,6,4,5,7,9,1,1,1,11,2,10,10,10,10,12,12,12,12,10,12,12,12,10,10,10,10,10,12,12,12,12,10,8,10,10,2,2,10,10,10,10,10,12,10,2,2,10,10,10,10,10,10,10,2,3,3,3,6,10,10,10,10,4,5,7,10,10,10,3,10,10,10,10,10,10,10,10,10,10,9,9,10,10,10,10,1,1,1,1,1,1,1,1,11,11,11,11,11,11,11,11","0.000758171081542969","walktrap","edit-xhwikibooks.graphml"
"0.8","0.06","0.14","0.432006179863798","1,10,1,1,1,2,1,2,2,4,1,1,2,2,2,3,4,5,1,1,10,12,8,2,2,2,2,3,6,4,5,7,9,1,1,1,11,2,10,10,10,10,12,12,12,12,10,12,12,12,10,10,10,10,10,12,12,12,12,10,8,10,10,2,2,10,10,10,10,10,12,10,2,2,10,10,10,10,10,10,10,2,3,3,3,6,10,10,10,10,4,5,7,10,10,10,3,10,10,10,10,10,10,10,10,10,10,9,9,10,10,10,10,1,1,1,1,1,1,1,1,11,11,11,11,11,11,11,11","0.000749111175537109","walktrap","edit-xhwikibooks.graphml"
"0.79","0.07","0.14","0.431306959087521","1,10,1,1,1,2,1,2,2,4,1,1,2,2,2,3,4,5,1,1,10,12,8,2,2,2,2,3,6,4,5,7,9,1,1,1,11,2,10,10,10,10,12,12,12,12,10,12,12,12,10,10,10,10,10,12,12,12,12,10,8,10,10,2,2,10,10,10,10,10,12,10,2,2,10,10,10,10,10,10,10,2,3,3,3,6,10,10,10,10,4,5,7,10,10,10,3,10,10,10,10,10,10,10,10,10,10,9,9,10,10,10,10,1,1,1,1,1,1,1,1,11,11,11,11,11,11,11,11","0.000747919082641602","walktrap","edit-xhwikibooks.graphml"
"0.78","0.08","0.14","0.433370225694445","1,10,1,1,1,2,1,2,2,4,1,1,2,2,2,3,4,5,1,1,10,12,8,2,2,2,2,3,6,4,5,7,9,1,1,1,11,2,10,10,10,10,12,12,12,12,10,12,12,12,10,10,10,10,10,12,12,12,12,10,8,10,10,2,2,10,10,10,10,10,12,10,2,2,10,10,10,10,10,10,10,2,3,3,3,6,10,10,10,10,4,5,7,10,10,10,3,10,10,10,10,10,10,10,10,10,10,9,9,10,10,10,10,1,1,1,1,1,1,1,1,11,11,11,11,11,11,11,11","0.000751018524169922","walktrap","edit-xhwikibooks.graphml"
"0.77","0.09","0.14","0.432672317287702","1,10,1,1,1,2,1,2,2,4,1,1,2,2,2,3,4,5,1,1,10,12,8,2,2,2,2,3,6,4,5,7,9,1,1,1,11,2,10,10,10,10,12,12,12,12,10,12,12,12,10,10,10,10,10,12,12,12,12,10,8,10,10,2,2,10,10,10,10,10,12,10,2,2,10,10,10,10,10,10,10,2,3,3,3,6,10,10,10,10,4,5,7,10,10,10,3,10,10,10,10,10,10,10,10,10,10,9,9,10,10,10,10,1,1,1,1,1,1,1,1,11,11,11,11,11,11,11,11","0.000823020935058594","walktrap","edit-xhwikibooks.graphml"
"0.76","0.1","0.14","0.432672317287702","1,10,1,1,1,2,1,2,2,4,1,1,2,2,2,3,4,5,1,1,10,12,8,2,2,2,2,3,6,4,5,7,9,1,1,1,11,2,10,10,10,10,12,12,12,12,10,12,12,12,10,10,10,10,10,12,12,12,12,10,8,10,10,2,2,10,10,10,10,10,12,10,2,2,10,10,10,10,10,10,10,2,3,3,3,6,10,10,10,10,4,5,7,10,10,10,3,10,10,10,10,10,10,10,10,10,10,9,9,10,10,10,10,1,1,1,1,1,1,1,1,11,11,11,11,11,11,11,11","0.000765085220336914","walktrap","edit-xhwikibooks.graphml"
"0.75","0.11","0.14","0.431976463903858","1,10,1,1,1,2,1,2,2,4,1,1,2,2,2,3,4,5,1,1,10,12,8,2,2,2,2,3,6,4,5,7,9,1,1,1,11,2,10,10,10,10,12,12,12,12,10,12,12,12,10,10,10,10,10,12,12,12,12,10,8,10,10,2,2,10,10,10,10,10,12,10,2,2,10,10,10,10,10,10,10,2,3,3,3,6,10,10,10,10,4,5,7,10,10,10,3,10,10,10,10,10,10,10,10,10,10,9,9,10,10,10,10,1,1,1,1,1,1,1,1,11,11,11,11,11,11,11,11","0.00074005126953125","walktrap","edit-xhwikibooks.graphml"
"0.74","0.12","0.14","0.435978160644765","1,10,1,1,1,2,1,2,2,4,1,1,2,2,2,3,4,5,1,1,10,11,8,2,2,2,2,3,6,4,5,7,9,1,1,1,12,2,10,10,10,10,11,11,11,11,10,11,11,11,10,10,10,10,10,11,11,11,11,10,8,10,10,2,2,10,10,10,10,10,11,10,2,2,10,10,10,10,10,10,10,2,3,3,3,6,10,10,10,10,4,5,7,10,10,10,3,10,10,10,10,10,10,10,10,10,10,9,9,10,10,10,10,1,1,1,1,1,1,1,1,12,12,12,12,12,12,12,12","0.000746965408325195","walktrap","edit-xhwikibooks.graphml"
"0.73","0.13","0.14","0.403473768313703","2,12,2,2,2,2,2,2,2,4,2,2,1,5,5,3,4,6,2,2,12,13,1,1,5,5,5,3,7,4,6,9,11,2,8,8,10,5,12,12,12,12,13,13,13,13,12,13,13,13,12,12,12,12,12,13,13,13,13,12,1,12,12,1,5,12,12,12,12,12,13,12,5,5,12,12,12,12,12,12,12,5,3,3,3,7,12,12,12,12,4,6,9,12,12,12,3,12,12,12,12,12,12,12,12,12,12,11,11,12,12,12,12,8,8,8,8,8,8,8,8,10,10,10,10,10,10,10,10","0.000771999359130859","walktrap","edit-xhwikibooks.graphml"
"0.72","0.14","0.14","0.403473768313703","2,12,2,2,2,2,2,2,2,4,2,2,1,5,5,3,4,6,2,2,12,13,1,1,5,5,5,3,7,4,6,9,11,2,8,8,10,5,12,12,12,12,13,13,13,13,12,13,13,13,12,12,12,12,12,13,13,13,13,12,1,12,12,1,5,12,12,12,12,12,13,12,5,5,12,12,12,12,12,12,12,5,3,3,3,7,12,12,12,12,4,6,9,12,12,12,3,12,12,12,12,12,12,12,12,12,12,11,11,12,12,12,12,8,8,8,8,8,8,8,8,10,10,10,10,10,10,10,10","0.000977039337158203","walktrap","edit-xhwikibooks.graphml"
"0.71","0.15","0.14","0.400230040779956","1,7,1,1,1,1,1,1,1,6,1,1,5,4,4,2,6,8,3,1,7,11,5,5,4,4,4,2,7,6,8,3,10,1,3,3,9,4,7,7,7,7,11,11,11,11,7,11,11,11,7,7,7,7,7,11,11,11,11,7,12,7,7,5,4,7,7,7,7,7,11,7,4,4,7,7,7,7,7,7,7,4,2,2,2,13,7,7,7,7,14,15,16,7,7,7,2,7,7,7,7,7,7,7,7,7,7,10,10,7,7,7,7,3,3,3,3,3,3,3,3,9,9,9,9,9,9,9,9","0.000763893127441406","walktrap","edit-xhwikibooks.graphml"
"0.7","0.16","0.14","0.402449071978271","1,7,1,1,1,1,1,1,1,6,1,1,5,4,4,2,6,8,3,1,7,11,5,5,4,4,4,2,7,6,8,3,10,1,3,3,9,4,7,7,7,7,11,11,11,11,7,11,11,11,7,7,7,7,7,11,11,11,11,7,12,7,7,5,4,7,7,7,7,7,11,7,4,4,7,7,7,7,7,7,7,4,2,2,2,13,7,7,7,7,14,15,16,7,7,7,2,7,7,7,7,7,7,7,7,7,7,10,10,7,7,7,7,3,3,3,3,3,3,3,3,9,9,9,9,9,9,9,9","0.000737905502319336","walktrap","edit-xhwikibooks.graphml"
"0.69","0.17","0.14","0.403915900603275","1,7,1,1,1,1,1,1,1,6,1,1,5,4,4,2,6,8,3,1,7,11,5,5,4,4,4,2,7,6,8,3,10,1,3,3,9,4,7,7,7,7,11,11,11,11,7,11,11,11,7,7,7,7,7,11,11,11,11,7,12,7,7,5,4,7,7,7,7,7,11,7,4,4,7,7,7,7,7,7,7,4,2,2,2,13,7,7,7,7,14,15,16,7,7,7,2,7,7,7,7,7,7,7,7,7,7,10,10,7,7,7,7,3,3,3,3,3,3,3,3,9,9,9,9,9,9,9,9","0.000880956649780273","walktrap","edit-xhwikibooks.graphml"
"0.68","0.18","0.14","0.403233376093399","1,7,1,1,1,1,1,1,1,6,1,1,5,4,4,2,6,8,3,1,7,11,5,5,4,4,4,2,7,6,8,3,10,1,3,3,9,4,7,7,7,7,11,11,11,11,7,11,11,11,7,7,7,7,7,11,11,11,11,7,12,7,7,5,4,7,7,7,7,7,11,7,4,4,7,7,7,7,7,7,7,4,2,2,2,13,7,7,7,7,14,15,16,7,7,7,2,7,7,7,7,7,7,7,7,7,7,10,10,7,7,7,7,3,3,3,3,3,3,3,3,9,9,9,9,9,9,9,9","0.00074315071105957","walktrap","edit-xhwikibooks.graphml"
"0.67","0.19","0.14","0.402553009667254","1,7,1,1,1,1,1,1,1,6,1,1,5,4,4,2,6,8,3,1,7,11,5,5,4,4,4,2,7,6,8,3,10,1,3,3,9,4,7,7,7,7,11,11,11,11,7,11,11,11,7,7,7,7,7,11,11,11,11,7,12,7,7,5,4,7,7,7,7,7,11,7,4,4,7,7,7,7,7,7,7,4,2,2,2,13,7,7,7,7,14,15,16,7,7,7,2,7,7,7,7,7,7,7,7,7,7,10,10,7,7,7,7,3,3,3,3,3,3,3,3,9,9,9,9,9,9,9,9","0.000722169876098633","walktrap","edit-xhwikibooks.graphml"
"0.66","0.2","0.14","0.40705988277664","1,7,1,1,1,1,1,1,1,6,1,1,5,4,4,2,6,8,3,1,7,11,5,5,4,4,4,2,7,6,8,3,10,1,3,3,9,4,7,7,7,7,11,11,11,11,7,11,11,11,7,7,7,7,7,11,11,11,11,7,12,7,7,5,4,7,7,7,7,7,11,7,4,4,7,7,7,7,7,7,7,4,2,2,2,13,7,7,7,7,14,15,16,7,7,7,2,7,7,7,7,7,7,7,7,7,7,10,10,7,7,7,7,3,3,3,3,3,3,3,3,9,9,9,9,9,9,9,9","0.000748157501220703","walktrap","edit-xhwikibooks.graphml"
"0.65","0.21","0.14","0.406378967076724","1,7,1,1,1,1,1,1,1,6,1,1,5,4,4,2,6,8,3,1,7,11,5,5,4,4,4,2,7,6,8,3,10,1,3,3,9,4,7,7,7,7,11,11,11,11,7,11,11,11,7,7,7,7,7,11,11,11,11,7,12,7,7,5,4,7,7,7,7,7,11,7,4,4,7,7,7,7,7,7,7,4,2,2,2,13,7,7,7,7,14,15,16,7,7,7,2,7,7,7,7,7,7,7,7,7,7,10,10,7,7,7,7,3,3,3,3,3,3,3,3,9,9,9,9,9,9,9,9","0.000745058059692383","walktrap","edit-xhwikibooks.graphml"
"0.64","0.22","0.14","0.413514731884946","3,6,3,3,3,1,3,1,1,5,3,3,1,1,1,2,5,7,4,3,6,10,1,1,1,1,1,2,6,5,7,4,9,3,4,4,8,1,6,6,6,6,10,10,10,10,6,10,10,10,6,6,6,6,6,10,10,10,10,6,11,6,6,1,1,6,6,6,6,6,10,6,1,1,6,6,6,6,6,6,6,1,2,2,2,12,6,6,6,6,13,14,15,6,6,6,2,6,6,6,6,6,6,6,6,6,6,9,9,6,6,6,6,4,4,4,4,4,4,4,4,8,8,8,8,8,8,8,8","0.00074315071105957","walktrap","edit-xhwikibooks.graphml"
"0.63","0.23","0.14","0.417177052312187","3,6,3,3,3,1,3,1,1,5,3,3,1,1,1,2,5,7,4,3,6,10,1,1,1,1,1,2,6,5,7,4,9,3,4,4,8,1,6,6,6,6,10,10,10,10,6,10,10,10,6,6,6,6,6,10,10,10,10,6,11,6,6,1,1,6,6,6,6,6,10,6,1,1,6,6,6,6,6,6,6,1,2,2,2,12,6,6,6,6,13,14,15,6,6,6,2,6,6,6,6,6,6,6,6,6,6,9,9,6,6,6,6,4,4,4,4,4,4,4,4,8,8,8,8,8,8,8,8","0.000746965408325195","walktrap","edit-xhwikibooks.graphml"
"0.62","0.24","0.14","0.4192829841084","3,6,3,3,3,1,3,1,1,5,3,3,1,1,1,2,5,7,4,3,6,10,1,1,1,1,1,2,6,5,7,4,9,3,4,4,8,1,6,6,6,6,10,10,10,10,6,10,10,10,6,6,6,6,6,10,10,10,10,6,11,6,6,1,1,6,6,6,6,6,10,6,1,1,6,6,6,6,6,6,6,1,2,2,2,12,6,6,6,6,13,14,15,6,6,6,2,6,6,6,6,6,6,6,6,6,6,9,9,6,6,6,6,4,4,4,4,4,4,4,4,8,8,8,8,8,8,8,8","0.000782012939453125","walktrap","edit-xhwikibooks.graphml"
"0.61","0.25","0.14","0.426330109469657","3,6,3,3,3,1,3,1,1,5,3,3,1,1,1,2,5,7,4,3,6,10,1,1,1,1,1,2,6,5,7,4,9,3,4,4,8,1,6,6,6,6,10,10,10,10,6,10,10,10,6,6,6,6,6,10,10,10,10,6,11,6,6,1,1,6,6,6,6,6,10,6,1,1,6,6,6,6,6,6,6,1,2,2,2,12,6,6,6,6,13,14,15,6,6,6,2,6,6,6,6,6,6,6,6,6,6,9,9,6,6,6,6,4,4,4,4,4,4,4,4,8,8,8,8,8,8,8,8","0.000748157501220703","walktrap","edit-xhwikibooks.graphml"
"0.6","0.26","0.14","0.426330109469657","3,6,3,3,3,1,3,1,1,5,3,3,1,1,1,2,5,7,4,3,6,10,1,1,1,1,1,2,6,5,7,4,9,3,4,4,8,1,6,6,6,6,10,10,10,10,6,10,10,10,6,6,6,6,6,10,10,10,10,6,11,6,6,1,1,6,6,6,6,6,10,6,1,1,6,6,6,6,6,6,6,1,2,2,2,12,6,6,6,6,13,14,15,6,6,6,2,6,6,6,6,6,6,6,6,6,6,9,9,6,6,6,6,4,4,4,4,4,4,4,4,8,8,8,8,8,8,8,8","0.000733852386474609","walktrap","edit-xhwikibooks.graphml"
"0.59","0.27","0.14","0.424298630558022","3,6,3,3,3,1,3,1,1,5,3,3,1,1,1,2,5,7,4,3,6,10,1,1,1,1,1,2,6,5,7,4,9,3,4,4,8,1,6,6,6,6,10,10,10,10,6,10,10,10,6,6,6,6,6,10,10,10,10,6,11,6,6,1,1,6,6,6,6,6,10,6,1,1,6,6,6,6,6,6,6,1,2,2,2,12,6,6,6,6,13,14,15,6,6,6,2,6,6,6,6,6,6,6,6,6,6,9,9,6,6,6,6,4,4,4,4,4,4,4,4,8,8,8,8,8,8,8,8","0.000760078430175781","walktrap","edit-xhwikibooks.graphml"
"0.58","0.28","0.14","0.423605058986077","3,6,3,3,3,1,3,1,1,5,3,3,1,1,1,2,5,7,4,3,6,10,1,1,1,1,1,2,6,5,7,4,9,3,4,4,8,1,6,6,6,6,10,10,10,10,6,10,10,10,6,6,6,6,6,10,10,10,10,6,11,6,6,1,1,6,6,6,6,6,10,6,1,1,6,6,6,6,6,6,6,1,2,2,2,12,6,6,6,6,13,14,15,6,6,6,2,6,6,6,6,6,6,6,6,6,6,9,9,6,6,6,6,4,4,4,4,4,4,4,4,8,8,8,8,8,8,8,8","0.000852108001708984","walktrap","edit-xhwikibooks.graphml"
"0.57","0.29","0.14","0.413845170777823","1,3,1,1,1,1,1,1,1,1,2,1,1,1,1,1,8,2,2,6,3,7,1,1,1,1,1,5,3,9,10,2,6,6,2,2,4,1,3,3,3,3,7,7,7,7,3,7,7,7,3,3,3,3,3,7,7,7,7,3,11,3,3,12,13,3,3,3,3,3,7,3,1,1,3,3,3,3,3,3,3,14,5,5,5,15,3,3,3,3,16,17,18,3,3,3,19,3,3,3,3,3,3,3,3,3,3,20,21,3,3,3,3,2,2,2,2,2,2,2,2,4,4,4,4,4,4,4,4","0.000707864761352539","walktrap","edit-xhwikibooks.graphml"
"0.56","0.3","0.14","0.413160681831059","1,3,1,1,1,1,1,1,1,1,2,1,1,1,1,1,8,2,2,6,3,7,1,1,1,1,1,5,3,9,10,2,6,6,2,2,4,1,3,3,3,3,7,7,7,7,3,7,7,7,3,3,3,3,3,7,7,7,7,3,11,3,3,12,13,3,3,3,3,3,7,3,1,1,3,3,3,3,3,3,3,14,5,5,5,15,3,3,3,3,16,17,18,3,3,3,19,3,3,3,3,3,3,3,3,3,3,20,21,3,3,3,3,2,2,2,2,2,2,2,2,4,4,4,4,4,4,4,4","0.000705957412719727","walktrap","edit-xhwikibooks.graphml"
"0.55","0.31","0.14","0.415308159722222","1,3,1,1,1,1,1,1,1,1,2,1,1,1,1,1,8,2,2,6,3,7,1,1,1,1,1,5,3,9,10,2,6,6,2,2,4,1,3,3,3,3,7,7,7,7,3,7,7,7,3,3,3,3,3,7,7,7,7,3,11,3,3,12,13,3,3,3,3,3,7,3,1,1,3,3,3,3,3,3,3,14,5,5,5,15,3,3,3,3,16,17,18,3,3,3,19,3,3,3,3,3,3,3,3,3,3,20,21,3,3,3,3,2,2,2,2,2,2,2,2,4,4,4,4,4,4,4,4","0.000718832015991211","walktrap","edit-xhwikibooks.graphml"
"0.54","0.32","0.14","0.414624763897113","1,3,1,1,1,1,1,1,1,1,2,1,1,1,1,1,8,2,2,6,3,7,1,1,1,1,1,5,3,9,10,2,6,6,2,2,4,1,3,3,3,3,7,7,7,7,3,7,7,7,3,3,3,3,3,7,7,7,7,3,11,3,3,12,13,3,3,3,3,3,7,3,1,1,3,3,3,3,3,3,3,14,5,5,5,15,3,3,3,3,16,17,18,3,3,3,19,3,3,3,3,3,3,3,3,3,3,20,21,3,3,3,3,2,2,2,2,2,2,2,2,4,4,4,4,4,4,4,4","0.000845909118652344","walktrap","edit-xhwikibooks.graphml"
"0.53","0.33","0.14","0.414624763897113","1,3,1,1,1,1,1,1,1,1,2,1,1,1,1,1,8,2,2,6,3,7,1,1,1,1,1,5,3,9,10,2,6,6,2,2,4,1,3,3,3,3,7,7,7,7,3,7,7,7,3,3,3,3,3,7,7,7,7,3,11,3,3,12,13,3,3,3,3,3,7,3,1,1,3,3,3,3,3,3,3,14,5,5,5,15,3,3,3,3,16,17,18,3,3,3,19,3,3,3,3,3,3,3,3,3,3,20,21,3,3,3,3,2,2,2,2,2,2,2,2,4,4,4,4,4,4,4,4","0.000715017318725586","walktrap","edit-xhwikibooks.graphml"
"0.52","0.34","0.14","0.441581035379813","1,4,1,1,1,2,1,2,2,2,1,1,2,2,2,2,8,1,1,3,4,7,2,2,2,2,2,6,4,9,10,1,3,3,1,1,5,2,4,4,4,4,7,7,7,7,4,7,7,7,4,4,4,4,4,7,7,7,7,4,11,4,4,12,13,4,4,4,4,4,7,4,2,2,4,4,4,4,4,4,4,14,6,6,6,15,4,4,4,4,16,17,18,4,4,4,19,4,4,4,4,4,4,4,4,4,4,20,21,4,4,4,4,1,1,1,1,1,1,1,1,5,5,5,5,5,5,5,5","0.000719070434570312","walktrap","edit-xhwikibooks.graphml"
"0.51","0.35","0.14","0.441581035379813","1,4,1,1,1,2,1,2,2,2,1,1,2,2,2,2,8,1,1,3,4,7,2,2,2,2,2,6,4,9,10,1,3,3,1,1,5,2,4,4,4,4,7,7,7,7,4,7,7,7,4,4,4,4,4,7,7,7,7,4,11,4,4,12,13,4,4,4,4,4,7,4,2,2,4,4,4,4,4,4,4,14,6,6,6,15,4,4,4,4,16,17,18,4,4,4,19,4,4,4,4,4,4,4,4,4,4,20,21,4,4,4,4,1,1,1,1,1,1,1,1,5,5,5,5,5,5,5,5","0.000735044479370117","walktrap","edit-xhwikibooks.graphml"
"0.5","0.36","0.14","0.440894866178965","1,4,1,1,1,2,1,2,2,2,1,1,2,2,2,2,8,1,1,3,4,7,2,2,2,2,2,6,4,9,10,1,3,3,1,1,5,2,4,4,4,4,7,7,7,7,4,7,7,7,4,4,4,4,4,7,7,7,7,4,11,4,4,12,13,4,4,4,4,4,7,4,2,2,4,4,4,4,4,4,4,14,6,6,6,15,4,4,4,4,16,17,18,4,4,4,19,4,4,4,4,4,4,4,4,4,4,20,21,4,4,4,4,1,1,1,1,1,1,1,1,5,5,5,5,5,5,5,5","0.000745058059692383","walktrap","edit-xhwikibooks.graphml"
"0.49","0.37","0.14","0.440894866178965","1,4,1,1,1,2,1,2,2,2,1,1,2,2,2,2,8,1,1,3,4,7,2,2,2,2,2,6,4,9,10,1,3,3,1,1,5,2,4,4,4,4,7,7,7,7,4,7,7,7,4,4,4,4,4,7,7,7,7,4,11,4,4,12,13,4,4,4,4,4,7,4,2,2,4,4,4,4,4,4,4,14,6,6,6,15,4,4,4,4,16,17,18,4,4,4,19,4,4,4,4,4,4,4,4,4,4,20,21,4,4,4,4,1,1,1,1,1,1,1,1,5,5,5,5,5,5,5,5","0.000725030899047852","walktrap","edit-xhwikibooks.graphml"
"0.48","0.38","0.14","0.43952835530781","1,4,1,1,1,2,1,2,2,2,1,1,2,2,2,2,8,1,1,3,4,7,2,2,2,2,2,6,4,9,10,1,3,3,1,1,5,2,4,4,4,4,7,7,7,7,4,7,7,7,4,4,4,4,4,7,7,7,7,4,11,4,4,12,13,4,4,4,4,4,7,4,2,2,4,4,4,4,4,4,4,14,6,6,6,15,4,4,4,4,16,17,18,4,4,4,19,4,4,4,4,4,4,4,4,4,4,20,21,4,4,4,4,1,1,1,1,1,1,1,1,5,5,5,5,5,5,5,5","0.000750064849853516","walktrap","edit-xhwikibooks.graphml"
"0.47","0.39","0.14","0.441488","1,4,1,1,1,2,1,2,2,2,1,1,2,2,2,2,8,1,1,3,4,7,2,2,2,2,2,6,4,9,10,1,3,3,1,1,5,2,4,4,4,4,7,7,7,7,4,7,7,7,4,4,4,4,4,7,7,7,7,4,11,4,4,12,13,4,4,4,4,4,7,4,2,2,4,4,4,4,4,4,4,14,6,6,6,15,4,4,4,4,16,17,18,4,4,4,19,4,4,4,4,4,4,4,4,4,4,20,21,4,4,4,4,1,1,1,1,1,1,1,1,5,5,5,5,5,5,5,5","0.000729084014892578","walktrap","edit-xhwikibooks.graphml"
"0.46","0.4","0.14","0.444549403380907","1,4,1,1,1,2,1,2,2,2,1,1,2,2,2,2,8,1,1,3,4,7,2,2,2,2,2,6,4,9,10,1,3,3,1,1,5,2,4,4,4,4,7,7,7,7,4,7,7,7,4,4,4,4,4,7,7,7,7,4,11,4,4,12,13,4,4,4,4,4,7,4,2,2,4,4,4,4,4,4,4,14,6,6,6,15,4,4,4,4,16,17,18,4,4,4,19,4,4,4,4,4,4,4,4,4,4,20,21,4,4,4,4,1,1,1,1,1,1,1,1,5,5,5,5,5,5,5,5","0.000750064849853516","walktrap","edit-xhwikibooks.graphml"
"0.45","0.41","0.14","0.44172","1,4,1,1,1,2,1,2,2,2,1,1,2,2,2,2,9,1,1,3,4,8,2,2,2,2,2,7,4,10,11,1,3,3,5,5,6,2,4,4,4,4,8,8,8,8,4,8,8,8,4,4,4,4,4,8,8,8,8,4,12,4,4,13,14,4,4,4,4,4,8,4,2,2,4,4,4,4,4,4,4,15,7,7,7,16,4,4,4,4,17,18,19,4,4,4,20,4,4,4,4,4,4,4,4,4,4,21,22,4,4,4,4,5,5,5,5,5,5,5,5,6,6,6,6,6,6,6,6","0.000776052474975586","walktrap","edit-xhwikibooks.graphml"
"0.44","0.42","0.14","0.441026131369995","1,4,1,1,1,2,1,2,2,2,1,1,2,2,2,2,9,1,1,3,4,8,2,2,2,2,2,7,4,10,11,1,3,3,5,5,6,2,4,4,4,4,8,8,8,8,4,8,8,8,4,4,4,4,4,8,8,8,8,4,12,4,4,13,14,4,4,4,4,4,8,4,2,2,4,4,4,4,4,4,4,15,7,7,7,16,4,4,4,4,17,18,19,4,4,4,20,4,4,4,4,4,4,4,4,4,4,21,22,4,4,4,4,5,5,5,5,5,5,5,5,6,6,6,6,6,6,6,6","0.00084686279296875","walktrap","edit-xhwikibooks.graphml"
"0.43","0.43","0.14","0.414963554016586","5,4,5,2,9,2,3,1,2,2,3,10,1,1,1,2,11,12,3,7,4,8,13,1,1,1,1,2,4,14,15,16,7,17,1,1,6,1,4,4,4,4,8,8,8,8,4,8,8,8,4,4,4,4,4,8,8,8,8,4,18,4,4,19,20,4,4,4,4,4,8,4,21,22,4,4,4,4,4,4,4,23,24,25,26,27,4,4,4,4,28,29,30,4,4,4,31,4,4,4,4,4,4,4,4,4,4,32,33,4,4,4,4,1,1,1,1,1,1,1,1,6,6,6,6,6,6,6,6","0.000692844390869141","walktrap","edit-xhwikibooks.graphml"
"0.42","0.44","0.14","0.414300291545189","5,4,5,2,9,2,3,1,2,2,3,10,1,1,1,2,11,12,3,7,4,8,13,1,1,1,1,2,4,14,15,16,7,17,1,1,6,1,4,4,4,4,8,8,8,8,4,8,8,8,4,4,4,4,4,8,8,8,8,4,18,4,4,19,20,4,4,4,4,4,8,4,21,22,4,4,4,4,4,4,4,23,24,25,26,27,4,4,4,4,28,29,30,4,4,4,31,4,4,4,4,4,4,4,4,4,4,32,33,4,4,4,4,1,1,1,1,1,1,1,1,6,6,6,6,6,6,6,6","0.000687837600708008","walktrap","edit-xhwikibooks.graphml"
"0.41","0.45","0.14","0.418350105757155","5,4,5,2,9,2,3,1,2,2,3,10,1,1,1,2,11,12,3,7,4,8,13,1,1,1,1,2,4,14,15,16,7,17,1,1,6,1,4,4,4,4,8,8,8,8,4,8,8,8,4,4,4,4,4,8,8,8,8,4,18,4,4,19,20,4,4,4,4,4,8,4,21,22,4,4,4,4,4,4,4,23,24,25,26,27,4,4,4,4,28,29,30,4,4,4,31,4,4,4,4,4,4,4,4,4,4,32,33,4,4,4,4,1,1,1,1,1,1,1,1,6,6,6,6,6,6,6,6","0.000720977783203125","walktrap","edit-xhwikibooks.graphml"
"0.4","0.46","0.14","0.417687379911047","5,4,5,2,9,2,3,1,2,2,3,10,1,1,1,2,11,12,3,7,4,8,13,1,1,1,1,2,4,14,15,16,7,17,1,1,6,1,4,4,4,4,8,8,8,8,4,8,8,8,4,4,4,4,4,8,8,8,8,4,18,4,4,19,20,4,4,4,4,4,8,4,21,22,4,4,4,4,4,4,4,23,24,25,26,27,4,4,4,4,28,29,30,4,4,4,31,4,4,4,4,4,4,4,4,4,4,32,33,4,4,4,4,1,1,1,1,1,1,1,1,6,6,6,6,6,6,6,6","0.000710964202880859","walktrap","edit-xhwikibooks.graphml"
"0.39","0.47","0.14","0.41975569178318","5,4,5,2,9,2,3,1,2,2,3,10,1,1,1,2,11,12,3,7,4,8,13,1,1,1,1,2,4,14,15,16,7,17,1,1,6,1,4,4,4,4,8,8,8,8,4,8,8,8,4,4,4,4,4,8,8,8,8,4,18,4,4,19,20,4,4,4,4,4,8,4,21,22,4,4,4,4,4,4,4,23,24,25,26,27,4,4,4,4,28,29,30,4,4,4,31,4,4,4,4,4,4,4,4,4,4,32,33,4,4,4,4,1,1,1,1,1,1,1,1,6,6,6,6,6,6,6,6","0.00085902214050293","walktrap","edit-xhwikibooks.graphml"
"0.38","0.48","0.14","0.419093970003061","5,4,5,2,9,2,3,1,2,2,3,10,1,1,1,2,11,12,3,7,4,8,13,1,1,1,1,2,4,14,15,16,7,17,1,1,6,1,4,4,4,4,8,8,8,8,4,8,8,8,4,4,4,4,4,8,8,8,8,4,18,4,4,19,20,4,4,4,4,4,8,4,21,22,4,4,4,4,4,4,4,23,24,25,26,27,4,4,4,4,28,29,30,4,4,4,31,4,4,4,4,4,4,4,4,4,4,32,33,4,4,4,4,1,1,1,1,1,1,1,1,6,6,6,6,6,6,6,6","0.00069117546081543","walktrap","edit-xhwikibooks.graphml"
"0.37","0.49","0.14","0.419093970003061","5,4,5,2,9,2,3,1,2,2,3,10,1,1,1,2,11,12,3,7,4,8,13,1,1,1,1,2,4,14,15,16,7,17,1,1,6,1,4,4,4,4,8,8,8,8,4,8,8,8,4,4,4,4,4,8,8,8,8,4,18,4,4,19,20,4,4,4,4,4,8,4,21,22,4,4,4,4,4,4,4,23,24,25,26,27,4,4,4,4,28,29,30,4,4,4,31,4,4,4,4,4,4,4,4,4,4,32,33,4,4,4,4,1,1,1,1,1,1,1,1,6,6,6,6,6,6,6,6","0.000710010528564453","walktrap","edit-xhwikibooks.graphml"
"0.36","0.5","0.14","0.495574417009602","6,1,6,3,11,3,4,2,3,3,4,12,2,2,2,5,13,14,4,9,1,10,15,2,2,2,2,5,1,16,17,18,9,19,7,7,8,2,1,1,1,1,10,10,10,10,1,10,10,10,1,1,1,1,1,10,10,10,10,1,20,1,1,21,22,1,1,1,1,1,10,1,23,24,1,1,1,1,1,1,1,25,26,27,28,29,1,1,1,1,30,31,32,1,1,1,33,1,1,1,1,1,1,1,1,1,1,34,35,1,1,1,1,7,7,7,7,7,7,7,7,8,8,8,8,8,8,8,8","0.000717878341674805","walktrap","edit-xhwikibooks.graphml"
"0.35","0.51","0.14","0.495574417009602","6,1,6,3,11,3,4,2,3,3,4,12,2,2,2,5,13,14,4,9,1,10,15,2,2,2,2,5,1,16,17,18,9,19,7,7,8,2,1,1,1,1,10,10,10,10,1,10,10,10,1,1,1,1,1,10,10,10,10,1,20,1,1,21,22,1,1,1,1,1,10,1,23,24,1,1,1,1,1,1,1,25,26,27,28,29,1,1,1,1,30,31,32,1,1,1,33,1,1,1,1,1,1,1,1,1,1,34,35,1,1,1,1,7,7,7,7,7,7,7,7,8,8,8,8,8,8,8,8","0.000695943832397461","walktrap","edit-xhwikibooks.graphml"
"0.34","0.52","0.14","0.495574417009602","6,1,6,3,11,3,4,2,3,3,4,12,2,2,2,5,13,14,4,9,1,10,15,2,2,2,2,5,1,16,17,18,9,19,7,7,8,2,1,1,1,1,10,10,10,10,1,10,10,10,1,1,1,1,1,10,10,10,10,1,20,1,1,21,22,1,1,1,1,1,10,1,23,24,1,1,1,1,1,1,1,25,26,27,28,29,1,1,1,1,30,31,32,1,1,1,33,1,1,1,1,1,1,1,1,1,1,34,35,1,1,1,1,7,7,7,7,7,7,7,7,8,8,8,8,8,8,8,8","0.000715017318725586","walktrap","edit-xhwikibooks.graphml"
"0.33","0.53","0.14","0.494885216327674","6,1,6,3,11,3,4,2,3,3,4,12,2,2,2,5,13,14,4,9,1,10,15,2,2,2,2,5,1,16,17,18,9,19,7,7,8,2,1,1,1,1,10,10,10,10,1,10,10,10,1,1,1,1,1,10,10,10,10,1,20,1,1,21,22,1,1,1,1,1,10,1,23,24,1,1,1,1,1,1,1,25,26,27,28,29,1,1,1,1,30,31,32,1,1,1,33,1,1,1,1,1,1,1,1,1,1,34,35,1,1,1,1,7,7,7,7,7,7,7,7,8,8,8,8,8,8,8,8","0.000720024108886719","walktrap","edit-xhwikibooks.graphml"
"0.32","0.54","0.14","0.496492082079492","6,1,6,3,11,3,4,2,3,3,4,12,2,2,2,5,13,14,4,9,1,10,15,2,2,2,2,5,1,16,17,18,9,19,7,7,8,2,1,1,1,1,10,10,10,10,1,10,10,10,1,1,1,1,1,10,10,10,10,1,20,1,1,21,22,1,1,1,1,1,10,1,23,24,1,1,1,1,1,1,1,25,26,27,28,29,1,1,1,1,30,31,32,1,1,1,33,1,1,1,1,1,1,1,1,1,1,34,35,1,1,1,1,7,7,7,7,7,7,7,7,8,8,8,8,8,8,8,8","0.000733852386474609","walktrap","edit-xhwikibooks.graphml"
"0.31","0.55","0.14","0.494214743807954","6,1,6,3,11,3,4,2,3,3,4,12,2,2,2,5,13,14,4,9,1,10,15,2,2,2,2,5,1,16,17,18,9,19,7,7,8,2,1,1,1,1,10,10,10,10,1,10,10,10,1,1,1,1,1,10,10,10,10,1,20,1,1,21,22,1,1,1,1,1,10,1,23,24,1,1,1,1,1,1,1,25,26,27,28,29,1,1,1,1,30,31,32,1,1,1,33,1,1,1,1,1,1,1,1,1,1,34,35,1,1,1,1,7,7,7,7,7,7,7,7,8,8,8,8,8,8,8,8","0.000718832015991211","walktrap","edit-xhwikibooks.graphml"
"0.3","0.56","0.14","0.497355847210207","6,1,6,3,11,3,4,2,3,3,4,12,2,2,2,5,13,14,4,9,1,10,15,2,2,2,2,5,1,16,17,18,9,19,7,7,8,2,1,1,1,1,10,10,10,10,1,10,10,10,1,1,1,1,1,10,10,10,10,1,20,1,1,21,22,1,1,1,1,1,10,1,23,24,1,1,1,1,1,1,1,25,26,27,28,29,1,1,1,1,30,31,32,1,1,1,33,1,1,1,1,1,1,1,1,1,1,34,35,1,1,1,1,7,7,7,7,7,7,7,7,8,8,8,8,8,8,8,8","0.000805854797363281","walktrap","edit-xhwikibooks.graphml"
"0.29","0.57","0.14","0.494109216922427","5,2,5,1,8,1,9,4,1,1,10,11,4,4,4,1,12,13,3,14,2,7,15,4,4,4,4,1,2,16,17,18,19,20,3,3,6,4,2,2,2,2,7,7,7,7,2,7,7,7,2,2,2,2,2,7,7,7,7,2,21,2,2,22,23,2,2,2,2,2,7,2,24,25,2,2,2,2,2,2,2,26,27,28,29,30,2,2,2,2,31,32,33,2,2,2,34,2,2,2,2,2,2,2,2,2,2,35,36,2,2,2,2,3,3,3,3,3,3,3,3,6,6,6,6,6,6,6,6","0.000678062438964844","walktrap","edit-xhwikibooks.graphml"
"0.28","0.58","0.14","0.496424543388603","5,2,5,1,8,1,9,4,1,1,10,11,4,4,4,1,12,13,3,14,2,7,15,4,4,4,4,1,2,16,17,18,19,20,3,3,6,4,2,2,2,2,7,7,7,7,2,7,7,7,2,2,2,2,2,7,7,7,7,2,21,2,2,22,23,2,2,2,2,2,7,2,24,25,2,2,2,2,2,2,2,26,27,28,29,30,2,2,2,2,31,32,33,2,2,2,34,2,2,2,2,2,2,2,2,2,2,35,36,2,2,2,2,3,3,3,3,3,3,3,3,6,6,6,6,6,6,6,6","0.000720024108886719","walktrap","edit-xhwikibooks.graphml"
"0.27","0.59","0.14","0.528962","5,2,5,1,8,1,9,4,1,1,10,11,4,4,4,1,12,13,3,14,2,7,15,4,4,4,4,1,2,16,17,18,19,20,3,3,6,4,2,2,2,2,7,7,7,7,2,7,7,7,2,2,2,2,2,7,7,7,7,2,21,2,2,22,23,2,2,2,2,2,7,2,24,25,2,2,2,2,2,2,2,26,27,28,29,30,2,2,2,2,31,32,33,2,2,2,34,2,2,2,2,2,2,2,2,2,2,35,36,2,2,2,2,3,3,3,3,3,3,3,3,6,6,6,6,6,6,6,6","0.000725984573364258","walktrap","edit-xhwikibooks.graphml"
"0.26","0.6","0.14","0.531644338978746","5,2,5,1,8,1,9,1,1,1,10,11,1,1,1,4,12,13,3,14,2,7,15,1,1,1,1,4,2,16,17,18,19,20,3,3,6,1,2,2,2,2,7,7,7,7,2,7,7,7,2,2,2,2,2,7,7,7,7,2,21,2,2,22,23,2,2,2,2,2,7,2,24,25,2,2,2,2,2,2,2,26,27,28,29,30,2,2,2,2,31,32,33,2,2,2,34,2,2,2,2,2,2,2,2,2,2,35,36,2,2,2,2,3,3,3,3,3,3,3,3,6,6,6,6,6,6,6,6","0.000720977783203125","walktrap","edit-xhwikibooks.graphml"
"0.25","0.61","0.14","0.530888229272476","5,2,5,1,8,1,9,1,1,1,10,11,1,1,1,4,12,13,3,14,2,7,15,1,1,1,1,4,2,16,17,18,19,20,3,3,6,1,2,2,2,2,7,7,7,7,2,7,7,7,2,2,2,2,2,7,7,7,7,2,21,2,2,22,23,2,2,2,2,2,7,2,24,25,2,2,2,2,2,2,2,26,27,28,29,30,2,2,2,2,31,32,33,2,2,2,34,2,2,2,2,2,2,2,2,2,2,35,36,2,2,2,2,3,3,3,3,3,3,3,3,6,6,6,6,6,6,6,6","0.000716924667358398","walktrap","edit-xhwikibooks.graphml"
"0.24","0.62","0.14","0.534231938045289","4,2,4,1,8,1,9,1,1,1,10,11,1,1,1,5,12,13,3,14,2,7,15,1,1,1,1,5,2,16,17,18,19,20,3,3,6,1,2,2,2,2,7,7,7,7,2,7,7,7,2,2,2,2,2,7,7,7,7,2,21,2,2,22,23,2,2,2,2,2,7,2,24,25,2,2,2,2,2,2,2,26,27,28,29,30,2,2,2,2,31,32,33,2,2,2,34,2,2,2,2,2,2,2,2,2,2,35,36,2,2,2,2,3,3,3,3,3,3,3,3,6,6,6,6,6,6,6,6","0.000808000564575195","walktrap","edit-xhwikibooks.graphml"
"0.23","0.63","0.14","0.533477714071459","4,2,4,1,8,1,9,1,1,1,10,11,1,1,1,5,12,13,3,14,2,7,15,1,1,1,1,5,2,16,17,18,19,20,3,3,6,1,2,2,2,2,7,7,7,7,2,7,7,7,2,2,2,2,2,7,7,7,7,2,21,2,2,22,23,2,2,2,2,2,7,2,24,25,2,2,2,2,2,2,2,26,27,28,29,30,2,2,2,2,31,32,33,2,2,2,34,2,2,2,2,2,2,2,2,2,2,35,36,2,2,2,2,3,3,3,3,3,3,3,3,6,6,6,6,6,6,6,6","0.000707864761352539","walktrap","edit-xhwikibooks.graphml"
"0.22","0.64","0.14","0.533477714071459","4,2,4,1,8,1,9,1,1,1,10,11,1,1,1,5,12,13,3,14,2,7,15,1,1,1,1,5,2,16,17,18,19,20,3,3,6,1,2,2,2,2,7,7,7,7,2,7,7,7,2,2,2,2,2,7,7,7,7,2,21,2,2,22,23,2,2,2,2,2,7,2,24,25,2,2,2,2,2,2,2,26,27,28,29,30,2,2,2,2,31,32,33,2,2,2,34,2,2,2,2,2,2,2,2,2,2,35,36,2,2,2,2,3,3,3,3,3,3,3,3,6,6,6,6,6,6,6,6","0.00070500373840332","walktrap","edit-xhwikibooks.graphml"
"0.21","0.65","0.14","0.532725278059826","4,2,4,1,8,1,9,1,1,1,10,11,1,1,1,5,12,13,3,14,2,7,15,1,1,1,1,5,2,16,17,18,19,20,3,3,6,1,2,2,2,2,7,7,7,7,2,7,7,7,2,2,2,2,2,7,7,7,7,2,21,2,2,22,23,2,2,2,2,2,7,2,24,25,2,2,2,2,2,2,2,26,27,28,29,30,2,2,2,2,31,32,33,2,2,2,34,2,2,2,2,2,2,2,2,2,2,35,36,2,2,2,2,3,3,3,3,3,3,3,3,6,6,6,6,6,6,6,6","0.000706195831298828","walktrap","edit-xhwikibooks.graphml"
"0.2","0.66","0.14","0.532725278059826","4,2,4,1,8,1,9,1,1,1,10,11,1,1,1,5,12,13,3,14,2,7,15,1,1,1,1,5,2,16,17,18,19,20,3,3,6,1,2,2,2,2,7,7,7,7,2,7,7,7,2,2,2,2,2,7,7,7,7,2,21,2,2,22,23,2,2,2,2,2,7,2,24,25,2,2,2,2,2,2,2,26,27,28,29,30,2,2,2,2,31,32,33,2,2,2,34,2,2,2,2,2,2,2,2,2,2,35,36,2,2,2,2,3,3,3,3,3,3,3,3,6,6,6,6,6,6,6,6","0.000717878341674805","walktrap","edit-xhwikibooks.graphml"
"0.19","0.67","0.14","0.552204900104227","6,2,6,4,9,4,10,3,4,4,11,12,3,3,3,5,13,14,1,15,2,8,16,3,3,3,3,5,2,17,18,19,20,21,1,1,7,3,2,2,2,2,8,8,8,8,2,8,8,8,2,2,2,2,2,8,8,8,8,2,22,2,2,23,24,2,2,2,2,2,8,2,25,26,2,2,2,2,2,2,2,27,28,29,30,31,2,2,2,2,32,33,34,2,2,2,35,2,2,2,2,2,2,2,2,2,2,36,37,2,2,2,2,1,1,1,1,1,1,1,1,7,7,7,7,7,7,7,7","0.000818967819213867","walktrap","edit-xhwikibooks.graphml"
"0.18","0.68","0.14","0.552204900104227","6,2,6,4,9,4,10,3,4,4,11,12,3,3,3,5,13,14,1,15,2,8,16,3,3,3,3,5,2,17,18,19,20,21,1,1,7,3,2,2,2,2,8,8,8,8,2,8,8,8,2,2,2,2,2,8,8,8,8,2,22,2,2,23,24,2,2,2,2,2,8,2,25,26,2,2,2,2,2,2,2,27,28,29,30,31,2,2,2,2,32,33,34,2,2,2,35,2,2,2,2,2,2,2,2,2,2,36,37,2,2,2,2,1,1,1,1,1,1,1,1,7,7,7,7,7,7,7,7","0.000818014144897461","walktrap","edit-xhwikibooks.graphml"
"0.17","0.69","0.14","0.526340860418241","5,3,5,1,8,1,9,1,1,1,10,11,1,1,1,4,12,13,2,14,3,6,15,1,1,1,1,4,3,16,17,18,19,20,2,2,7,1,3,3,3,3,6,6,6,6,3,6,6,6,3,3,3,3,3,6,6,6,6,3,21,3,3,22,23,3,3,3,3,3,6,3,24,25,3,3,3,3,3,3,3,26,27,28,29,30,3,3,3,3,31,32,33,3,3,3,34,3,3,3,3,3,3,3,3,3,3,35,36,3,3,3,3,2,2,2,2,2,2,2,2,7,7,7,7,7,7,7,7","0.000829935073852539","walktrap","edit-xhwikibooks.graphml"
"0.16","0.7","0.14","0.528014900499951","5,3,5,1,8,1,9,1,1,1,10,11,1,1,1,4,12,13,2,14,3,6,15,1,1,1,1,4,3,16,17,18,19,20,2,2,7,1,3,3,3,3,6,6,6,6,3,6,6,6,3,3,3,3,3,6,6,6,6,3,21,3,3,22,23,3,3,3,3,3,6,3,24,25,3,3,3,3,3,3,3,26,27,28,29,30,3,3,3,3,31,32,33,3,3,3,34,3,3,3,3,3,3,3,3,3,3,35,36,3,3,3,3,2,2,2,2,2,2,2,2,7,7,7,7,7,7,7,7","0.0010368824005127","walktrap","edit-xhwikibooks.graphml"
"0.15","0.71","0.14","0.524896","4,7,4,8,9,3,10,2,2,11,12,13,2,2,2,3,14,15,1,16,7,5,17,2,2,2,2,18,19,20,21,22,23,24,1,1,6,2,7,7,7,7,5,5,5,5,7,5,5,5,7,7,7,7,7,5,5,5,5,7,25,7,7,26,27,7,7,7,7,7,5,7,28,29,7,7,7,7,7,7,7,30,31,32,33,34,7,7,7,7,35,36,37,7,7,7,38,7,7,7,7,7,7,7,7,7,7,39,40,7,7,7,7,1,1,1,1,1,1,1,1,6,6,6,6,6,6,6,6","0.000710010528564453","walktrap","edit-xhwikibooks.graphml"
"0.14","0.72","0.14","0.529613571058737","4,7,4,8,9,3,10,2,2,11,12,13,2,2,2,3,14,15,1,16,7,5,17,2,2,2,2,18,19,20,21,22,23,24,1,1,6,2,7,7,7,7,5,5,5,5,7,5,5,5,7,7,7,7,7,5,5,5,5,7,25,7,7,26,27,7,7,7,7,7,5,7,28,29,7,7,7,7,7,7,7,30,31,32,33,34,7,7,7,7,35,36,37,7,7,7,38,7,7,7,7,7,7,7,7,7,7,39,40,7,7,7,7,1,1,1,1,1,1,1,1,6,6,6,6,6,6,6,6","0.000709056854248047","walktrap","edit-xhwikibooks.graphml"
"0.13","0.73","0.14","0.529613571058737","4,7,4,8,9,3,10,2,2,11,12,13,2,2,2,3,14,15,1,16,7,5,17,2,2,2,2,18,19,20,21,22,23,24,1,1,6,2,7,7,7,7,5,5,5,5,7,5,5,5,7,7,7,7,7,5,5,5,5,7,25,7,7,26,27,7,7,7,7,7,5,7,28,29,7,7,7,7,7,7,7,30,31,32,33,34,7,7,7,7,35,36,37,7,7,7,38,7,7,7,7,7,7,7,7,7,7,39,40,7,7,7,7,1,1,1,1,1,1,1,1,6,6,6,6,6,6,6,6","0.000701904296875","walktrap","edit-xhwikibooks.graphml"
"0.12","0.74","0.14","0.529613571058737","4,7,4,8,9,3,10,2,2,11,12,13,2,2,2,3,14,15,1,16,7,5,17,2,2,2,2,18,19,20,21,22,23,24,1,1,6,2,7,7,7,7,5,5,5,5,7,5,5,5,7,7,7,7,7,5,5,5,5,7,25,7,7,26,27,7,7,7,7,7,5,7,28,29,7,7,7,7,7,7,7,30,31,32,33,34,7,7,7,7,35,36,37,7,7,7,38,7,7,7,7,7,7,7,7,7,7,39,40,7,7,7,7,1,1,1,1,1,1,1,1,6,6,6,6,6,6,6,6","0.000710964202880859","walktrap","edit-xhwikibooks.graphml"
"0.11","0.75","0.14","0.533629774867827","4,7,4,8,9,3,10,2,2,11,12,13,2,2,2,3,14,15,1,16,7,5,17,2,2,2,2,18,19,20,21,22,23,24,1,1,6,2,7,7,7,7,5,5,5,5,7,5,5,5,7,7,7,7,7,5,5,5,5,7,25,7,7,26,27,7,7,7,7,7,5,7,28,29,7,7,7,7,7,7,7,30,31,32,33,34,7,7,7,7,35,36,37,7,7,7,38,7,7,7,7,7,7,7,7,7,7,39,40,7,7,7,7,1,1,1,1,1,1,1,1,6,6,6,6,6,6,6,6","0.000726938247680664","walktrap","edit-xhwikibooks.graphml"
"0.1","0.76","0.14","0.533629774867827","4,7,4,8,9,3,10,2,2,11,12,13,2,2,2,3,14,15,1,16,7,5,17,2,2,2,2,18,19,20,21,22,23,24,1,1,6,2,7,7,7,7,5,5,5,5,7,5,5,5,7,7,7,7,7,5,5,5,5,7,25,7,7,26,27,7,7,7,7,7,5,7,28,29,7,7,7,7,7,7,7,30,31,32,33,34,7,7,7,7,35,36,37,7,7,7,38,7,7,7,7,7,7,7,7,7,7,39,40,7,7,7,7,1,1,1,1,1,1,1,1,6,6,6,6,6,6,6,6","0.000689983367919922","walktrap","edit-xhwikibooks.graphml"
"0.09","0.77","0.14","0.535258695517391","4,7,4,8,9,3,10,2,2,11,12,13,2,2,2,3,14,15,1,16,7,5,17,2,2,2,2,18,19,20,21,22,23,24,1,1,6,2,7,7,7,7,5,5,5,5,7,5,5,5,7,7,7,7,7,5,5,5,5,7,25,7,7,26,27,7,7,7,7,7,5,7,28,29,7,7,7,7,7,7,7,30,31,32,33,34,7,7,7,7,35,36,37,7,7,7,38,7,7,7,7,7,7,7,7,7,7,39,40,7,7,7,7,1,1,1,1,1,1,1,1,6,6,6,6,6,6,6,6","0.000895977020263672","walktrap","edit-xhwikibooks.graphml"
"0.08","0.78","0.14","0.536727905273438","4,7,4,8,9,3,10,2,2,11,12,13,2,2,2,3,14,15,1,16,7,5,17,2,2,2,2,18,19,20,21,22,23,24,1,1,6,2,7,7,7,7,5,5,5,5,7,5,5,5,7,7,7,7,7,5,5,5,5,7,25,7,7,26,27,7,7,7,7,7,5,7,28,29,7,7,7,7,7,7,7,30,31,32,33,34,7,7,7,7,35,36,37,7,7,7,38,7,7,7,7,7,7,7,7,7,7,39,40,7,7,7,7,1,1,1,1,1,1,1,1,6,6,6,6,6,6,6,6","0.000695943832397461","walktrap","edit-xhwikibooks.graphml"
"0.07","0.79","0.14","0.536727905273438","4,7,4,8,9,3,10,2,2,11,12,13,2,2,2,3,14,15,1,16,7,5,17,2,2,2,2,18,19,20,21,22,23,24,1,1,6,2,7,7,7,7,5,5,5,5,7,5,5,5,7,7,7,7,7,5,5,5,5,7,25,7,7,26,27,7,7,7,7,7,5,7,28,29,7,7,7,7,7,7,7,30,31,32,33,34,7,7,7,7,35,36,37,7,7,7,38,7,7,7,7,7,7,7,7,7,7,39,40,7,7,7,7,1,1,1,1,1,1,1,1,6,6,6,6,6,6,6,6","0.000699996948242188","walktrap","edit-xhwikibooks.graphml"
"0.06","0.8","0.14","0.539119615420869","4,7,4,8,9,3,10,2,2,11,12,13,2,2,2,3,14,15,1,16,7,5,17,2,2,2,2,18,19,20,21,22,23,24,1,1,6,2,7,7,7,7,5,5,5,5,7,5,5,5,7,7,7,7,7,5,5,5,5,7,25,7,7,26,27,7,7,7,7,7,5,7,28,29,7,7,7,7,7,7,7,30,31,32,33,34,7,7,7,7,35,36,37,7,7,7,38,7,7,7,7,7,7,7,7,7,7,39,40,7,7,7,7,1,1,1,1,1,1,1,1,6,6,6,6,6,6,6,6","0.000705957412719727","walktrap","edit-xhwikibooks.graphml"
"0.05","0.81","0.14","0.539119615420869","4,7,4,8,9,3,10,2,2,11,12,13,2,2,2,3,14,15,1,16,7,5,17,2,2,2,2,18,19,20,21,22,23,24,1,1,6,2,7,7,7,7,5,5,5,5,7,5,5,5,7,7,7,7,7,5,5,5,5,7,25,7,7,26,27,7,7,7,7,7,5,7,28,29,7,7,7,7,7,7,7,30,31,32,33,34,7,7,7,7,35,36,37,7,7,7,38,7,7,7,7,7,7,7,7,7,7,39,40,7,7,7,7,1,1,1,1,1,1,1,1,6,6,6,6,6,6,6,6","0.000703096389770508","walktrap","edit-xhwikibooks.graphml"
"0.04","0.82","0.14","0.538361576828316","4,7,4,8,9,3,10,2,2,11,12,13,2,2,2,3,14,15,1,16,7,5,17,2,2,2,2,18,19,20,21,22,23,24,1,1,6,2,7,7,7,7,5,5,5,5,7,5,5,5,7,7,7,7,7,5,5,5,5,7,25,7,7,26,27,7,7,7,7,7,5,7,28,29,7,7,7,7,7,7,7,30,31,32,33,34,7,7,7,7,35,36,37,7,7,7,38,7,7,7,7,7,7,7,7,7,7,39,40,7,7,7,7,1,1,1,1,1,1,1,1,6,6,6,6,6,6,6,6","0.000755071640014648","walktrap","edit-xhwikibooks.graphml"
"0.03","0.83","0.14","0.538361576828316","4,7,4,8,9,3,10,2,2,11,12,13,2,2,2,3,14,15,1,16,7,5,17,2,2,2,2,18,19,20,21,22,23,24,1,1,6,2,7,7,7,7,5,5,5,5,7,5,5,5,7,7,7,7,7,5,5,5,5,7,25,7,7,26,27,7,7,7,7,7,5,7,28,29,7,7,7,7,7,7,7,30,31,32,33,34,7,7,7,7,35,36,37,7,7,7,38,7,7,7,7,7,7,7,7,7,7,39,40,7,7,7,7,1,1,1,1,1,1,1,1,6,6,6,6,6,6,6,6","0.000735998153686523","walktrap","edit-xhwikibooks.graphml"
"0.02","0.84","0.14","0.538904458788629","4,7,4,8,9,3,10,2,2,11,12,13,2,2,2,3,14,15,1,16,7,5,17,2,2,2,2,18,19,20,21,22,23,24,1,1,6,2,7,7,7,7,5,5,5,5,7,5,5,5,7,7,7,7,7,5,5,5,5,7,25,7,7,26,27,7,7,7,7,7,5,7,28,29,7,7,7,7,7,7,7,30,31,32,33,34,7,7,7,7,35,36,37,7,7,7,38,7,7,7,7,7,7,7,7,7,7,39,40,7,7,7,7,1,1,1,1,1,1,1,1,6,6,6,6,6,6,6,6","0.000777006149291992","walktrap","edit-xhwikibooks.graphml"
"0.01","0.85","0.14","0.536481806982754","3,6,3,7,8,1,9,1,1,10,11,12,1,1,1,13,14,15,2,16,6,4,17,1,1,1,1,18,19,20,21,22,23,24,2,2,5,25,6,6,6,6,4,4,4,4,6,4,4,4,6,6,6,6,6,4,4,4,4,6,26,6,6,27,28,6,6,6,6,6,4,6,29,30,6,6,6,6,6,6,6,31,32,33,34,35,6,6,6,6,36,37,38,6,6,6,39,6,6,6,6,6,6,6,6,6,6,40,41,6,6,6,6,2,2,2,2,2,2,2,2,5,5,5,5,5,5,5,5","0.000696897506713867","walktrap","edit-xhwikibooks.graphml"
"0","0.86","0.14","0.536376483684888","1,5,1,1,1,1,6,1,1,7,8,9,1,1,1,10,11,12,2,13,5,3,14,1,1,1,1,15,1,16,17,18,19,20,2,2,4,21,5,5,5,5,3,3,3,3,5,3,3,3,5,5,5,5,5,3,3,3,3,5,22,5,5,23,24,5,5,5,5,5,3,5,25,26,5,5,5,5,5,5,5,27,28,29,30,31,5,5,5,5,32,33,34,5,5,5,35,5,5,5,5,5,5,5,5,5,5,36,37,5,5,5,5,2,2,2,2,2,2,2,2,4,4,4,4,4,4,4,4","0.000716924667358398","walktrap","edit-xhwikibooks.graphml"
"0.85","0","0.15","0.418099215867806","1,10,1,1,1,3,1,3,3,4,1,1,3,3,3,2,4,5,1,1,10,12,8,3,3,3,3,2,6,4,5,7,9,1,1,1,11,3,10,10,10,10,12,12,12,12,10,12,12,12,10,10,10,10,10,12,12,12,12,10,8,10,10,3,3,10,10,10,10,10,12,10,3,3,10,10,10,10,10,10,10,3,2,2,2,6,10,10,10,10,4,5,7,10,10,10,2,10,10,10,10,10,10,10,10,10,10,9,9,10,10,10,10,1,1,1,1,1,1,1,1,11,11,11,11,11,11,11,11","0.000796079635620117","walktrap","edit-xhwikibooks.graphml"
"0.84","0.01","0.15","0.418099215867806","1,10,1,1,1,3,1,3,3,4,1,1,3,3,3,2,4,5,1,1,10,12,8,3,3,3,3,2,6,4,5,7,9,1,1,1,11,3,10,10,10,10,12,12,12,12,10,12,12,12,10,10,10,10,10,12,12,12,12,10,8,10,10,3,3,10,10,10,10,10,12,10,3,3,10,10,10,10,10,10,10,3,2,2,2,6,10,10,10,10,4,5,7,10,10,10,2,10,10,10,10,10,10,10,10,10,10,9,9,10,10,10,10,1,1,1,1,1,1,1,1,11,11,11,11,11,11,11,11","0.000796079635620117","walktrap","edit-xhwikibooks.graphml"
"0.83","0.02","0.15","0.418099215867806","1,10,1,1,1,3,1,3,3,4,1,1,3,3,3,2,4,5,1,1,10,12,8,3,3,3,3,2,6,4,5,7,9,1,1,1,11,3,10,10,10,10,12,12,12,12,10,12,12,12,10,10,10,10,10,12,12,12,12,10,8,10,10,3,3,10,10,10,10,10,12,10,3,3,10,10,10,10,10,10,10,3,2,2,2,6,10,10,10,10,4,5,7,10,10,10,2,10,10,10,10,10,10,10,10,10,10,9,9,10,10,10,10,1,1,1,1,1,1,1,1,11,11,11,11,11,11,11,11","0.000773906707763672","walktrap","edit-xhwikibooks.graphml"
"0.82","0.03","0.15","0.417487990217486","1,10,1,1,1,3,1,3,3,4,1,1,3,3,3,2,4,5,1,1,10,12,8,3,3,3,3,2,6,4,5,7,9,1,1,1,11,3,10,10,10,10,12,12,12,12,10,12,12,12,10,10,10,10,10,12,12,12,12,10,8,10,10,3,3,10,10,10,10,10,12,10,3,3,10,10,10,10,10,10,10,3,2,2,2,6,10,10,10,10,4,5,7,10,10,10,2,10,10,10,10,10,10,10,10,10,10,9,9,10,10,10,10,1,1,1,1,1,1,1,1,11,11,11,11,11,11,11,11","0.000824213027954102","walktrap","edit-xhwikibooks.graphml"
"0.81","0.04","0.15","0.417487990217486","1,10,1,1,1,3,1,3,3,4,1,1,3,3,3,2,4,5,1,1,10,12,8,3,3,3,3,2,6,4,5,7,9,1,1,1,11,3,10,10,10,10,12,12,12,12,10,12,12,12,10,10,10,10,10,12,12,12,12,10,8,10,10,3,3,10,10,10,10,10,12,10,3,3,10,10,10,10,10,10,10,3,2,2,2,6,10,10,10,10,4,5,7,10,10,10,2,10,10,10,10,10,10,10,10,10,10,9,9,10,10,10,10,1,1,1,1,1,1,1,1,11,11,11,11,11,11,11,11","0.000812053680419922","walktrap","edit-xhwikibooks.graphml"
"0.8","0.05","0.15","0.446711786755518","1,10,1,1,1,3,1,3,3,4,1,1,3,3,3,2,4,5,1,1,10,12,8,3,3,3,3,2,6,4,5,7,9,1,1,1,11,3,10,10,10,10,12,12,12,12,10,12,12,12,10,10,10,10,10,12,12,12,12,10,8,10,10,3,3,10,10,10,10,10,12,10,3,3,10,10,10,10,10,10,10,3,2,2,2,6,10,10,10,10,4,5,7,10,10,10,2,10,10,10,10,10,10,10,10,10,10,9,9,10,10,10,10,1,1,1,1,1,1,1,1,11,11,11,11,11,11,11,11","0.000771999359130859","walktrap","edit-xhwikibooks.graphml"
"0.79","0.06","0.15","0.442388948161696","1,10,1,1,1,2,1,2,2,4,1,1,2,2,2,3,4,5,1,1,10,12,8,2,2,2,2,3,6,4,5,7,9,1,1,1,11,2,10,10,10,10,12,12,12,12,10,12,12,12,10,10,10,10,10,12,12,12,12,10,8,10,10,2,2,10,10,10,10,10,12,10,2,2,10,10,10,10,10,10,10,2,3,3,3,6,10,10,10,10,4,5,7,10,10,10,3,10,10,10,10,10,10,10,10,10,10,9,9,10,10,10,10,1,1,1,1,1,1,1,1,11,11,11,11,11,11,11,11","0.000769853591918945","walktrap","edit-xhwikibooks.graphml"
"0.78","0.07","0.15","0.441695584161505","1,10,1,1,1,2,1,2,2,4,1,1,2,2,2,3,4,5,1,1,10,12,8,2,2,2,2,3,6,4,5,7,9,1,1,1,11,2,10,10,10,10,12,12,12,12,10,12,12,12,10,10,10,10,10,12,12,12,12,10,8,10,10,2,2,10,10,10,10,10,12,10,2,2,10,10,10,10,10,10,10,2,3,3,3,6,10,10,10,10,4,5,7,10,10,10,3,10,10,10,10,10,10,10,10,10,10,9,9,10,10,10,10,1,1,1,1,1,1,1,1,11,11,11,11,11,11,11,11","0.000765085220336914","walktrap","edit-xhwikibooks.graphml"
"0.77","0.08","0.15","0.443683233673744","1,10,1,1,1,2,1,2,2,4,1,1,2,2,2,3,4,5,1,1,10,12,8,2,2,2,2,3,6,4,5,7,9,1,1,1,11,2,10,10,10,10,12,12,12,12,10,12,12,12,10,10,10,10,10,12,12,12,12,10,8,10,10,2,2,10,10,10,10,10,12,10,2,2,10,10,10,10,10,10,10,2,3,3,3,6,10,10,10,10,4,5,7,10,10,10,3,10,10,10,10,10,10,10,10,10,10,9,9,10,10,10,10,1,1,1,1,1,1,1,1,11,11,11,11,11,11,11,11","0.000787019729614258","walktrap","edit-xhwikibooks.graphml"
"0.76","0.09","0.15","0.442991205289372","1,10,1,1,1,2,1,2,2,4,1,1,2,2,2,3,4,5,1,1,10,12,8,2,2,2,2,3,6,4,5,7,9,1,1,1,11,2,10,10,10,10,12,12,12,12,10,12,12,12,10,10,10,10,10,12,12,12,12,10,8,10,10,2,2,10,10,10,10,10,12,10,2,2,10,10,10,10,10,10,10,2,3,3,3,6,10,10,10,10,4,5,7,10,10,10,3,10,10,10,10,10,10,10,10,10,10,9,9,10,10,10,10,1,1,1,1,1,1,1,1,11,11,11,11,11,11,11,11","0.000800132751464844","walktrap","edit-xhwikibooks.graphml"
"0.75","0.1","0.15","0.442991205289372","1,10,1,1,1,2,1,2,2,4,1,1,2,2,2,3,4,5,1,1,10,12,8,2,2,2,2,3,6,4,5,7,9,1,1,1,11,2,10,10,10,10,12,12,12,12,10,12,12,12,10,10,10,10,10,12,12,12,12,10,8,10,10,2,2,10,10,10,10,10,12,10,2,2,10,10,10,10,10,10,10,2,3,3,3,6,10,10,10,10,4,5,7,10,10,10,3,10,10,10,10,10,10,10,10,10,10,9,9,10,10,10,10,1,1,1,1,1,1,1,1,11,11,11,11,11,11,11,11","0.000812053680419922","walktrap","edit-xhwikibooks.graphml"
"0.74","0.11","0.15","0.431282657990733","1,10,1,1,1,2,1,2,2,4,1,1,2,2,2,3,4,5,1,1,10,12,8,2,2,2,2,3,6,4,5,7,9,1,1,1,11,2,10,10,10,10,12,12,12,12,10,12,12,12,10,10,10,10,10,12,12,12,12,10,8,10,10,2,2,10,10,10,10,10,12,10,2,2,10,10,10,10,10,10,10,2,3,3,3,6,10,10,10,10,4,5,7,10,10,10,3,10,10,10,10,10,10,10,10,10,10,9,9,10,10,10,10,1,1,1,1,1,1,1,1,11,11,11,11,11,11,11,11","0.000810146331787109","walktrap","edit-xhwikibooks.graphml"
"0.73","0.12","0.15","0.435283239451589","1,10,1,1,1,2,1,2,2,4,1,1,2,2,2,3,4,5,1,1,10,11,8,2,2,2,2,3,6,4,5,7,9,1,1,1,12,2,10,10,10,10,11,11,11,11,10,11,11,11,10,10,10,10,10,11,11,11,11,10,8,10,10,2,2,10,10,10,10,10,11,10,2,2,10,10,10,10,10,10,10,2,3,3,3,6,10,10,10,10,4,5,7,10,10,10,3,10,10,10,10,10,10,10,10,10,10,9,9,10,10,10,10,1,1,1,1,1,1,1,1,12,12,12,12,12,12,12,12","0.000795841217041016","walktrap","edit-xhwikibooks.graphml"
"0.72","0.13","0.15","0.434590340225914","1,10,1,1,1,2,1,2,2,4,1,1,2,2,2,3,4,5,1,1,10,11,8,2,2,2,2,3,6,4,5,7,9,1,1,1,12,2,10,10,10,10,11,11,11,11,10,11,11,11,10,10,10,10,10,11,11,11,11,10,8,10,10,2,2,10,10,10,10,10,11,10,2,2,10,10,10,10,10,10,10,2,3,3,3,6,10,10,10,10,4,5,7,10,10,10,3,10,10,10,10,10,10,10,10,10,10,9,9,10,10,10,10,1,1,1,1,1,1,1,1,12,12,12,12,12,12,12,12","0.000771045684814453","walktrap","edit-xhwikibooks.graphml"
"0.71","0.14","0.15","0.434590340225914","1,10,1,1,1,2,1,2,2,4,1,1,2,2,2,3,4,5,1,1,10,11,8,2,2,2,2,3,6,4,5,7,9,1,1,1,12,2,10,10,10,10,11,11,11,11,10,11,11,11,10,10,10,10,10,11,11,11,11,10,8,10,10,2,2,10,10,10,10,10,11,10,2,2,10,10,10,10,10,10,10,2,3,3,3,6,10,10,10,10,4,5,7,10,10,10,3,10,10,10,10,10,10,10,10,10,10,9,9,10,10,10,10,1,1,1,1,1,1,1,1,12,12,12,12,12,12,12,12","0.000775814056396484","walktrap","edit-xhwikibooks.graphml"
"0.7","0.15","0.15","0.437730270448852","1,10,1,1,1,2,1,2,2,4,1,1,2,2,2,3,4,5,1,1,10,11,8,2,2,2,2,3,6,4,5,7,9,1,1,1,12,2,10,10,10,10,11,11,11,11,10,11,11,11,10,10,10,10,10,11,11,11,11,10,8,10,10,2,2,10,10,10,10,10,11,10,2,2,10,10,10,10,10,10,10,2,3,3,3,6,10,10,10,10,4,5,7,10,10,10,3,10,10,10,10,10,10,10,10,10,10,9,9,10,10,10,10,1,1,1,1,1,1,1,1,12,12,12,12,12,12,12,12","0.000771045684814453","walktrap","edit-xhwikibooks.graphml"
"0.69","0.16","0.15","0.434394728451483","3,6,3,3,3,1,3,1,1,5,3,3,1,1,1,2,5,7,4,3,6,10,1,1,1,1,1,2,6,5,7,4,8,3,4,4,9,1,6,6,6,6,10,10,10,10,6,10,10,10,6,6,6,6,6,10,10,10,10,6,11,6,6,1,1,6,6,6,6,6,10,6,1,1,6,6,6,6,6,6,6,1,2,2,2,12,6,6,6,6,13,14,15,6,6,6,2,6,6,6,6,6,6,6,6,6,6,8,8,6,6,6,6,4,4,4,4,4,4,4,4,9,9,9,9,9,9,9,9","0.000761985778808594","walktrap","edit-xhwikibooks.graphml"
"0.68","0.17","0.15","0.43495322158022","3,6,3,3,3,1,3,1,1,5,3,3,1,1,1,2,5,7,4,3,6,10,1,1,1,1,1,2,6,5,7,4,8,3,4,4,9,1,6,6,6,6,10,10,10,10,6,10,10,10,6,6,6,6,6,10,10,10,10,6,11,6,6,1,1,6,6,6,6,6,10,6,1,1,6,6,6,6,6,6,6,1,2,2,2,12,6,6,6,6,13,14,15,6,6,6,2,6,6,6,6,6,6,6,6,6,6,8,8,6,6,6,6,4,4,4,4,4,4,4,4,9,9,9,9,9,9,9,9","0.000776052474975586","walktrap","edit-xhwikibooks.graphml"
"0.67","0.18","0.15","0.43495322158022","3,6,3,3,3,1,3,1,1,5,3,3,1,1,1,2,5,7,4,3,6,10,1,1,1,1,1,2,6,5,7,4,8,3,4,4,9,1,6,6,6,6,10,10,10,10,6,10,10,10,6,6,6,6,6,10,10,10,10,6,11,6,6,1,1,6,6,6,6,6,10,6,1,1,6,6,6,6,6,6,6,1,2,2,2,12,6,6,6,6,13,14,15,6,6,6,2,6,6,6,6,6,6,6,6,6,6,8,8,6,6,6,6,4,4,4,4,4,4,4,4,9,9,9,9,9,9,9,9","0.000770092010498047","walktrap","edit-xhwikibooks.graphml"
"0.66","0.19","0.15","0.434255042426219","3,6,3,3,3,1,3,1,1,5,3,3,1,1,1,2,5,7,4,3,6,10,1,1,1,1,1,2,6,5,7,4,8,3,4,4,9,1,6,6,6,6,10,10,10,10,6,10,10,10,6,6,6,6,6,10,10,10,10,6,11,6,6,1,1,6,6,6,6,6,10,6,1,1,6,6,6,6,6,6,6,1,2,2,2,12,6,6,6,6,13,14,15,6,6,6,2,6,6,6,6,6,6,6,6,6,6,8,8,6,6,6,6,4,4,4,4,4,4,4,4,9,9,9,9,9,9,9,9","0.000882863998413086","walktrap","edit-xhwikibooks.graphml"
"0.65","0.2","0.15","0.44028645316941","3,6,3,3,3,1,3,1,1,5,3,3,1,1,1,2,5,7,4,3,6,10,1,1,1,1,1,2,6,5,7,4,8,3,4,4,9,1,6,6,6,6,10,10,10,10,6,10,10,10,6,6,6,6,6,10,10,10,10,6,11,6,6,1,1,6,6,6,6,6,10,6,1,1,6,6,6,6,6,6,6,1,2,2,2,12,6,6,6,6,13,14,15,6,6,6,2,6,6,6,6,6,6,6,6,6,6,8,8,6,6,6,6,4,4,4,4,4,4,4,4,9,9,9,9,9,9,9,9","0.000784158706665039","walktrap","edit-xhwikibooks.graphml"
"0.64","0.21","0.15","0.412827262782153","3,6,3,3,3,1,3,1,1,5,3,3,1,1,1,2,5,7,4,3,6,10,1,1,1,1,1,2,6,5,7,4,9,3,4,4,8,1,6,6,6,6,10,10,10,10,6,10,10,10,6,6,6,6,6,10,10,10,10,6,11,6,6,1,1,6,6,6,6,6,10,6,1,1,6,6,6,6,6,6,6,1,2,2,2,12,6,6,6,6,13,14,15,6,6,6,2,6,6,6,6,6,6,6,6,6,6,9,9,6,6,6,6,4,4,4,4,4,4,4,4,8,8,8,8,8,8,8,8","0.000779867172241211","walktrap","edit-xhwikibooks.graphml"
"0.63","0.22","0.15","0.412827262782153","3,6,3,3,3,1,3,1,1,5,3,3,1,1,1,2,5,7,4,3,6,10,1,1,1,1,1,2,6,5,7,4,9,3,4,4,8,1,6,6,6,6,10,10,10,10,6,10,10,10,6,6,6,6,6,10,10,10,10,6,11,6,6,1,1,6,6,6,6,6,10,6,1,1,6,6,6,6,6,6,6,1,2,2,2,12,6,6,6,6,13,14,15,6,6,6,2,6,6,6,6,6,6,6,6,6,6,9,9,6,6,6,6,4,4,4,4,4,4,4,4,8,8,8,8,8,8,8,8","0.000769138336181641","walktrap","edit-xhwikibooks.graphml"
"0.62","0.23","0.15","0.416489471600007","3,6,3,3,3,1,3,1,1,5,3,3,1,1,1,2,5,7,4,3,6,10,1,1,1,1,1,2,6,5,7,4,9,3,4,4,8,1,6,6,6,6,10,10,10,10,6,10,10,10,6,6,6,6,6,10,10,10,10,6,11,6,6,1,1,6,6,6,6,6,10,6,1,1,6,6,6,6,6,6,6,1,2,2,2,12,6,6,6,6,13,14,15,6,6,6,2,6,6,6,6,6,6,6,6,6,6,9,9,6,6,6,6,4,4,4,4,4,4,4,4,8,8,8,8,8,8,8,8","0.000791072845458984","walktrap","edit-xhwikibooks.graphml"
"0.61","0.24","0.15","0.418594532961263","3,6,3,3,3,1,3,1,1,5,3,3,1,1,1,2,5,7,4,3,6,10,1,1,1,1,1,2,6,5,7,4,9,3,4,4,8,1,6,6,6,6,10,10,10,10,6,10,10,10,6,6,6,6,6,10,10,10,10,6,11,6,6,1,1,6,6,6,6,6,10,6,1,1,6,6,6,6,6,6,6,1,2,2,2,12,6,6,6,6,13,14,15,6,6,6,2,6,6,6,6,6,6,6,6,6,6,9,9,6,6,6,6,4,4,4,4,4,4,4,4,8,8,8,8,8,8,8,8","0.187055826187134","walktrap","edit-xhwikibooks.graphml"
"0.6","0.25","0.15","0.424264975608111","3,6,3,3,3,1,3,1,1,5,3,3,1,1,1,2,5,7,4,3,6,10,1,1,1,1,1,2,6,5,7,4,9,3,4,4,8,1,6,6,6,6,10,10,10,10,6,10,10,10,6,6,6,6,6,10,10,10,10,6,11,6,6,1,1,6,6,6,6,6,10,6,1,1,6,6,6,6,6,6,6,1,2,2,2,12,6,6,6,6,13,14,15,6,6,6,2,6,6,6,6,6,6,6,6,6,6,9,9,6,6,6,6,4,4,4,4,4,4,4,4,8,8,8,8,8,8,8,8","0.000958919525146484","walktrap","edit-xhwikibooks.graphml"
"0.59","0.26","0.15","0.424264975608111","3,6,3,3,3,1,3,1,1,5,3,3,1,1,1,2,5,7,4,3,6,10,1,1,1,1,1,2,6,5,7,4,9,3,4,4,8,1,6,6,6,6,10,10,10,10,6,10,10,10,6,6,6,6,6,10,10,10,10,6,11,6,6,1,1,6,6,6,6,6,10,6,1,1,6,6,6,6,6,6,6,1,2,2,2,12,6,6,6,6,13,14,15,6,6,6,2,6,6,6,6,6,6,6,6,6,6,9,9,6,6,6,6,4,4,4,4,4,4,4,4,8,8,8,8,8,8,8,8","0.000804901123046875","walktrap","edit-xhwikibooks.graphml"
"0.58","0.27","0.15","0.424264975608111","3,6,3,3,3,1,3,1,1,5,3,3,1,1,1,2,5,7,4,3,6,10,1,1,1,1,1,2,6,5,7,4,9,3,4,4,8,1,6,6,6,6,10,10,10,10,6,10,10,10,6,6,6,6,6,10,10,10,10,6,11,6,6,1,1,6,6,6,6,6,10,6,1,1,6,6,6,6,6,6,6,1,2,2,2,12,6,6,6,6,13,14,15,6,6,6,2,6,6,6,6,6,6,6,6,6,6,9,9,6,6,6,6,4,4,4,4,4,4,4,4,8,8,8,8,8,8,8,8","0.000810146331787109","walktrap","edit-xhwikibooks.graphml"
"0.57","0.28","0.15","0.423577751276538","3,6,3,3,3,1,3,1,1,5,3,3,1,1,1,2,5,7,4,3,6,10,1,1,1,1,1,2,6,5,7,4,9,3,4,4,8,1,6,6,6,6,10,10,10,10,6,10,10,10,6,6,6,6,6,10,10,10,10,6,11,6,6,1,1,6,6,6,6,6,10,6,1,1,6,6,6,6,6,6,6,1,2,2,2,12,6,6,6,6,13,14,15,6,6,6,2,6,6,6,6,6,6,6,6,6,6,9,9,6,6,6,6,4,4,4,4,4,4,4,4,8,8,8,8,8,8,8,8","0.000820159912109375","walktrap","edit-xhwikibooks.graphml"
"0.56","0.29","0.15","0.429720716273783","2,6,2,2,2,1,2,1,1,5,2,2,1,1,1,3,5,7,4,2,6,10,1,1,1,1,1,3,6,5,7,4,9,2,4,4,8,1,6,6,6,6,10,10,10,10,6,10,10,10,6,6,6,6,6,10,10,10,10,6,11,6,6,1,1,6,6,6,6,6,10,6,1,1,6,6,6,6,6,6,6,1,3,3,3,12,6,6,6,6,13,14,15,6,6,6,3,6,6,6,6,6,6,6,6,6,6,9,9,6,6,6,6,4,4,4,4,4,4,4,4,8,8,8,8,8,8,8,8","0.000737190246582031","walktrap","edit-xhwikibooks.graphml"
"0.55","0.3","0.15","0.429033230881089","2,6,2,2,2,1,2,1,1,5,2,2,1,1,1,3,5,7,4,2,6,10,1,1,1,1,1,3,6,5,7,4,9,2,4,4,8,1,6,6,6,6,10,10,10,10,6,10,10,10,6,6,6,6,6,10,10,10,10,6,11,6,6,1,1,6,6,6,6,6,10,6,1,1,6,6,6,6,6,6,6,1,3,3,3,12,6,6,6,6,13,14,15,6,6,6,3,6,6,6,6,6,6,6,6,6,6,9,9,6,6,6,6,4,4,4,4,4,4,4,4,8,8,8,8,8,8,8,8","0.000746011734008789","walktrap","edit-xhwikibooks.graphml"
"0.54","0.31","0.15","0.415289619313384","1,3,1,1,1,1,1,1,1,1,2,1,1,1,1,1,8,2,2,6,3,7,1,1,1,1,1,5,3,9,10,2,6,6,2,2,4,1,3,3,3,3,7,7,7,7,3,7,7,7,3,3,3,3,3,7,7,7,7,3,11,3,3,12,13,3,3,3,3,3,7,3,1,1,3,3,3,3,3,3,3,14,5,5,5,15,3,3,3,3,16,17,18,3,3,3,19,3,3,3,3,3,3,3,3,3,3,20,21,3,3,3,3,2,2,2,2,2,2,2,2,4,4,4,4,4,4,4,4","0.000720977783203125","walktrap","edit-xhwikibooks.graphml"
"0.53","0.32","0.15","0.414612645994126","1,3,1,1,1,1,1,1,1,1,2,1,1,1,1,1,8,2,2,6,3,7,1,1,1,1,1,5,3,9,10,2,6,6,2,2,4,1,3,3,3,3,7,7,7,7,3,7,7,7,3,3,3,3,3,7,7,7,7,3,11,3,3,12,13,3,3,3,3,3,7,3,1,1,3,3,3,3,3,3,3,14,5,5,5,15,3,3,3,3,16,17,18,3,3,3,19,3,3,3,3,3,3,3,3,3,3,20,21,3,3,3,3,2,2,2,2,2,2,2,2,4,4,4,4,4,4,4,4","0.000717878341674805","walktrap","edit-xhwikibooks.graphml"
"0.52","0.33","0.15","0.414612645994126","1,3,1,1,1,1,1,1,1,1,2,1,1,1,1,1,8,2,2,6,3,7,1,1,1,1,1,5,3,9,10,2,6,6,2,2,4,1,3,3,3,3,7,7,7,7,3,7,7,7,3,3,3,3,3,7,7,7,7,3,11,3,3,12,13,3,3,3,3,3,7,3,1,1,3,3,3,3,3,3,3,14,5,5,5,15,3,3,3,3,16,17,18,3,3,3,19,3,3,3,3,3,3,3,3,3,3,20,21,3,3,3,3,2,2,2,2,2,2,2,2,4,4,4,4,4,4,4,4","0.00071406364440918","walktrap","edit-xhwikibooks.graphml"
"0.51","0.34","0.15","0.441417905952185","1,4,1,1,1,2,1,2,2,2,1,1,2,2,2,2,8,1,1,3,4,7,2,2,2,2,2,6,4,9,10,1,3,3,1,1,5,2,4,4,4,4,7,7,7,7,4,7,7,7,4,4,4,4,4,7,7,7,7,4,11,4,4,12,13,4,4,4,4,4,7,4,2,2,4,4,4,4,4,4,4,14,6,6,6,15,4,4,4,4,16,17,18,4,4,4,19,4,4,4,4,4,4,4,4,4,4,20,21,4,4,4,4,1,1,1,1,1,1,1,1,5,5,5,5,5,5,5,5","0.000721931457519531","walktrap","edit-xhwikibooks.graphml"
"0.5","0.35","0.15","0.441417905952185","1,4,1,1,1,2,1,2,2,2,1,1,2,2,2,2,8,1,1,3,4,7,2,2,2,2,2,6,4,9,10,1,3,3,1,1,5,2,4,4,4,4,7,7,7,7,4,7,7,7,4,4,4,4,4,7,7,7,7,4,11,4,4,12,13,4,4,4,4,4,7,4,2,2,4,4,4,4,4,4,4,14,6,6,6,15,4,4,4,4,16,17,18,4,4,4,19,4,4,4,4,4,4,4,4,4,4,20,21,4,4,4,4,1,1,1,1,1,1,1,1,5,5,5,5,5,5,5,5","0.000735044479370117","walktrap","edit-xhwikibooks.graphml"
"0.49","0.36","0.15","0.43884763515006","1,4,1,1,1,2,1,2,2,2,1,1,2,2,2,2,8,1,1,3,4,7,2,2,2,2,2,6,4,9,10,1,3,3,1,1,5,2,4,4,4,4,7,7,7,7,4,7,7,7,4,4,4,4,4,7,7,7,7,4,11,4,4,12,13,4,4,4,4,4,7,4,2,2,4,4,4,4,4,4,4,14,6,6,6,15,4,4,4,4,16,17,18,4,4,4,19,4,4,4,4,4,4,4,4,4,4,20,21,4,4,4,4,1,1,1,1,1,1,1,1,5,5,5,5,5,5,5,5","0.000743865966796875","walktrap","edit-xhwikibooks.graphml"
"0.48","0.37","0.15","0.43817","1,4,1,1,1,2,1,2,2,2,1,1,2,2,2,2,8,1,1,3,4,7,2,2,2,2,2,6,4,9,10,1,3,3,1,1,5,2,4,4,4,4,7,7,7,7,4,7,7,7,4,4,4,4,4,7,7,7,7,4,11,4,4,12,13,4,4,4,4,4,7,4,2,2,4,4,4,4,4,4,4,14,6,6,6,15,4,4,4,4,16,17,18,4,4,4,19,4,4,4,4,4,4,4,4,4,4,20,21,4,4,4,4,1,1,1,1,1,1,1,1,5,5,5,5,5,5,5,5","0.000751018524169922","walktrap","edit-xhwikibooks.graphml"
"0.47","0.38","0.15","0.437494272931184","1,4,1,1,1,2,1,2,2,2,1,1,2,2,2,2,8,1,1,3,4,7,2,2,2,2,2,6,4,9,10,1,3,3,1,1,5,2,4,4,4,4,7,7,7,7,4,7,7,7,4,4,4,4,4,7,7,7,7,4,11,4,4,12,13,4,4,4,4,4,7,4,2,2,4,4,4,4,4,4,4,14,6,6,6,15,4,4,4,4,16,17,18,4,4,4,19,4,4,4,4,4,4,4,4,4,4,20,21,4,4,4,4,1,1,1,1,1,1,1,1,5,5,5,5,5,5,5,5","0.00076603889465332","walktrap","edit-xhwikibooks.graphml"
"0.46","0.39","0.15","0.439447389723973","1,4,1,1,1,2,1,2,2,2,1,1,2,2,2,2,8,1,1,3,4,7,2,2,2,2,2,6,4,9,10,1,3,3,1,1,5,2,4,4,4,4,7,7,7,7,4,7,7,7,4,4,4,4,4,7,7,7,7,4,11,4,4,12,13,4,4,4,4,4,7,4,2,2,4,4,4,4,4,4,4,14,6,6,6,15,4,4,4,4,16,17,18,4,4,4,19,4,4,4,4,4,4,4,4,4,4,20,21,4,4,4,4,1,1,1,1,1,1,1,1,5,5,5,5,5,5,5,5","0.000784873962402344","walktrap","edit-xhwikibooks.graphml"
"0.45","0.4","0.15","0.442511518478581","1,4,1,1,1,2,1,2,2,2,1,1,2,2,2,2,8,1,1,3,4,7,2,2,2,2,2,6,4,9,10,1,3,3,1,1,5,2,4,4,4,4,7,7,7,7,4,7,7,7,4,4,4,4,4,7,7,7,7,4,11,4,4,12,13,4,4,4,4,4,7,4,2,2,4,4,4,4,4,4,4,14,6,6,6,15,4,4,4,4,16,17,18,4,4,4,19,4,4,4,4,4,4,4,4,4,4,20,21,4,4,4,4,1,1,1,1,1,1,1,1,5,5,5,5,5,5,5,5","0.00078892707824707","walktrap","edit-xhwikibooks.graphml"
"0.44","0.41","0.15","0.44386967750063","1,4,1,1,1,2,1,2,2,2,1,1,2,2,2,2,8,1,1,3,4,7,2,2,2,2,2,6,4,9,10,1,3,3,1,1,5,2,4,4,4,4,7,7,7,7,4,7,7,7,4,4,4,4,4,7,7,7,7,4,11,4,4,12,13,4,4,4,4,4,7,4,2,2,4,4,4,4,4,4,4,14,6,6,6,15,4,4,4,4,16,17,18,4,4,4,19,4,4,4,4,4,4,4,4,4,4,20,21,4,4,4,4,1,1,1,1,1,1,1,1,5,5,5,5,5,5,5,5","0.000709056854248047","walktrap","edit-xhwikibooks.graphml"
"0.43","0.42","0.15","0.443191843936869","1,4,1,1,1,2,1,2,2,2,1,1,2,2,2,2,8,1,1,3,4,7,2,2,2,2,2,6,4,9,10,1,3,3,1,1,5,2,4,4,4,4,7,7,7,7,4,7,7,7,4,4,4,4,4,7,7,7,7,4,11,4,4,12,13,4,4,4,4,4,7,4,2,2,4,4,4,4,4,4,4,14,6,6,6,15,4,4,4,4,16,17,18,4,4,4,19,4,4,4,4,4,4,4,4,4,4,20,21,4,4,4,4,1,1,1,1,1,1,1,1,5,5,5,5,5,5,5,5","0.000747919082641602","walktrap","edit-xhwikibooks.graphml"
"0.42","0.43","0.15","0.446766958828862","1,4,1,1,1,2,1,2,2,2,1,1,2,2,2,2,8,1,1,3,4,7,2,2,2,2,2,6,4,9,10,1,3,3,1,1,5,2,4,4,4,4,7,7,7,7,4,7,7,7,4,4,4,4,4,7,7,7,7,4,11,4,4,12,13,4,4,4,4,4,7,4,2,2,4,4,4,4,4,4,4,14,6,6,6,15,4,4,4,4,16,17,18,4,4,4,19,4,4,4,4,4,4,4,4,4,4,20,21,4,4,4,4,1,1,1,1,1,1,1,1,5,5,5,5,5,5,5,5","0.000711917877197266","walktrap","edit-xhwikibooks.graphml"
"0.41","0.44","0.15","0.446090892181784","1,4,1,1,1,2,1,2,2,2,1,1,2,2,2,2,8,1,1,3,4,7,2,2,2,2,2,6,4,9,10,1,3,3,1,1,5,2,4,4,4,4,7,7,7,7,4,7,7,7,4,4,4,4,4,7,7,7,7,4,11,4,4,12,13,4,4,4,4,4,7,4,2,2,4,4,4,4,4,4,4,14,6,6,6,15,4,4,4,4,16,17,18,4,4,4,19,4,4,4,4,4,4,4,4,4,4,20,21,4,4,4,4,1,1,1,1,1,1,1,1,5,5,5,5,5,5,5,5","0.000703096389770508","walktrap","edit-xhwikibooks.graphml"
"0.4","0.45","0.15","0.449830834294502","1,4,1,1,1,2,1,2,2,2,1,1,2,2,2,2,8,1,1,3,4,7,2,2,2,2,2,6,4,9,10,1,3,3,1,1,5,2,4,4,4,4,7,7,7,7,4,7,7,7,4,4,4,4,4,7,7,7,7,4,11,4,4,12,13,4,4,4,4,4,7,4,2,2,4,4,4,4,4,4,4,14,6,6,6,15,4,4,4,4,16,17,18,4,4,4,19,4,4,4,4,4,4,4,4,4,4,20,21,4,4,4,4,1,1,1,1,1,1,1,1,5,5,5,5,5,5,5,5","0.000711917877197266","walktrap","edit-xhwikibooks.graphml"
"0.39","0.46","0.15","0.426725341991587","5,4,5,1,10,1,6,2,1,1,6,11,2,2,2,1,12,13,3,8,4,9,14,2,2,2,2,1,4,15,16,17,8,18,3,3,7,2,4,4,4,4,9,9,9,9,4,9,9,9,4,4,4,4,4,9,9,9,9,4,19,4,4,20,21,4,4,4,4,4,9,4,22,23,4,4,4,4,4,4,4,24,25,26,27,28,4,4,4,4,29,30,31,4,4,4,32,4,4,4,4,4,4,4,4,4,4,33,34,4,4,4,4,3,3,3,3,3,3,3,3,7,7,7,7,7,7,7,7","0.000687122344970703","walktrap","edit-xhwikibooks.graphml"
"0.38","0.47","0.15","0.428735020402897","5,4,5,1,10,1,6,2,1,1,6,11,2,2,2,1,12,13,3,8,4,9,14,2,2,2,2,1,4,15,16,17,8,18,3,3,7,2,4,4,4,4,9,9,9,9,4,9,9,9,4,4,4,4,4,9,9,9,9,4,19,4,4,20,21,4,4,4,4,4,9,4,22,23,4,4,4,4,4,4,4,24,25,26,27,28,4,4,4,4,29,30,31,4,4,4,32,4,4,4,4,4,4,4,4,4,4,33,34,4,4,4,4,3,3,3,3,3,3,3,3,7,7,7,7,7,7,7,7","0.000695943832397461","walktrap","edit-xhwikibooks.graphml"
"0.37","0.48","0.15","0.428050489757069","5,4,5,1,10,1,6,2,1,1,6,11,2,2,2,1,12,13,3,8,4,9,14,2,2,2,2,1,4,15,16,17,8,18,3,3,7,2,4,4,4,4,9,9,9,9,4,9,9,9,4,4,4,4,4,9,9,9,9,4,19,4,4,20,21,4,4,4,4,4,9,4,22,23,4,4,4,4,4,4,4,24,25,26,27,28,4,4,4,4,29,30,31,4,4,4,32,4,4,4,4,4,4,4,4,4,4,33,34,4,4,4,4,3,3,3,3,3,3,3,3,7,7,7,7,7,7,7,7","0.000686168670654297","walktrap","edit-xhwikibooks.graphml"
"0.36","0.49","0.15","0.428050489757069","5,4,5,1,10,1,6,2,1,1,6,11,2,2,2,1,12,13,3,8,4,9,14,2,2,2,2,1,4,15,16,17,8,18,3,3,7,2,4,4,4,4,9,9,9,9,4,9,9,9,4,4,4,4,4,9,9,9,9,4,19,4,4,20,21,4,4,4,4,4,9,4,22,23,4,4,4,4,4,4,4,24,25,26,27,28,4,4,4,4,29,30,31,4,4,4,32,4,4,4,4,4,4,4,4,4,4,33,34,4,4,4,4,3,3,3,3,3,3,3,3,7,7,7,7,7,7,7,7","0.000708818435668945","walktrap","edit-xhwikibooks.graphml"
"0.35","0.5","0.15","0.498683837045847","6,1,6,3,11,3,7,2,3,3,7,12,2,2,2,5,13,14,4,9,1,10,15,2,2,2,2,5,1,16,17,18,9,19,4,4,8,2,1,1,1,1,10,10,10,10,1,10,10,10,1,1,1,1,1,10,10,10,10,1,20,1,1,21,22,1,1,1,1,1,10,1,23,24,1,1,1,1,1,1,1,25,26,27,28,29,1,1,1,1,30,31,32,1,1,1,33,1,1,1,1,1,1,1,1,1,1,34,35,1,1,1,1,4,4,4,4,4,4,4,4,8,8,8,8,8,8,8,8","0.000725030899047852","walktrap","edit-xhwikibooks.graphml"
"0.34","0.51","0.15","0.494885216327674","6,1,6,3,11,3,4,2,3,3,4,12,2,2,2,5,13,14,4,9,1,10,15,2,2,2,2,5,1,16,17,18,9,19,7,7,8,2,1,1,1,1,10,10,10,10,1,10,10,10,1,1,1,1,1,10,10,10,10,1,20,1,1,21,22,1,1,1,1,1,10,1,23,24,1,1,1,1,1,1,1,25,26,27,28,29,1,1,1,1,30,31,32,1,1,1,33,1,1,1,1,1,1,1,1,1,1,34,35,1,1,1,1,7,7,7,7,7,7,7,7,8,8,8,8,8,8,8,8","0.000741004943847656","walktrap","edit-xhwikibooks.graphml"
"0.33","0.52","0.15","0.494885216327674","6,1,6,3,11,3,4,2,3,3,4,12,2,2,2,5,13,14,4,9,1,10,15,2,2,2,2,5,1,16,17,18,9,19,7,7,8,2,1,1,1,1,10,10,10,10,1,10,10,10,1,1,1,1,1,10,10,10,10,1,20,1,1,21,22,1,1,1,1,1,10,1,23,24,1,1,1,1,1,1,1,25,26,27,28,29,1,1,1,1,30,31,32,1,1,1,33,1,1,1,1,1,1,1,1,1,1,34,35,1,1,1,1,7,7,7,7,7,7,7,7,8,8,8,8,8,8,8,8","0.000741958618164062","walktrap","edit-xhwikibooks.graphml"
"0.32","0.53","0.15","0.494197723342547","6,1,6,3,11,3,4,2,3,3,4,12,2,2,2,5,13,14,4,9,1,10,15,2,2,2,2,5,1,16,17,18,9,19,7,7,8,2,1,1,1,1,10,10,10,10,1,10,10,10,1,1,1,1,1,10,10,10,10,1,20,1,1,21,22,1,1,1,1,1,10,1,23,24,1,1,1,1,1,1,1,25,26,27,28,29,1,1,1,1,30,31,32,1,1,1,33,1,1,1,1,1,1,1,1,1,1,34,35,1,1,1,1,7,7,7,7,7,7,7,7,8,8,8,8,8,8,8,8","0.000735044479370117","walktrap","edit-xhwikibooks.graphml"
"0.31","0.54","0.15","0.495804632201568","6,1,6,3,11,3,4,2,3,3,4,12,2,2,2,5,13,14,4,9,1,10,15,2,2,2,2,5,1,16,17,18,9,19,7,7,8,2,1,1,1,1,10,10,10,10,1,10,10,10,1,1,1,1,1,10,10,10,10,1,20,1,1,21,22,1,1,1,1,1,10,1,23,24,1,1,1,1,1,1,1,25,26,27,28,29,1,1,1,1,30,31,32,1,1,1,33,1,1,1,1,1,1,1,1,1,1,34,35,1,1,1,1,7,7,7,7,7,7,7,7,8,8,8,8,8,8,8,8","0.000759124755859375","walktrap","edit-xhwikibooks.graphml"
"0.3","0.55","0.15","0.495118877054498","6,1,6,3,11,3,4,2,3,3,4,12,2,2,2,5,13,14,4,9,1,10,15,2,2,2,2,5,1,16,17,18,9,19,7,7,8,2,1,1,1,1,10,10,10,10,1,10,10,10,1,1,1,1,1,10,10,10,10,1,20,1,1,21,22,1,1,1,1,1,10,1,23,24,1,1,1,1,1,1,1,25,26,27,28,29,1,1,1,1,30,31,32,1,1,1,33,1,1,1,1,1,1,1,1,1,1,34,35,1,1,1,1,7,7,7,7,7,7,7,7,8,8,8,8,8,8,8,8","0.00070500373840332","walktrap","edit-xhwikibooks.graphml"
"0.29","0.56","0.15","0.498243972145071","6,1,6,3,11,3,4,2,3,3,4,12,2,2,2,5,13,14,4,9,1,10,15,2,2,2,2,5,1,16,17,18,9,19,7,7,8,2,1,1,1,1,10,10,10,10,1,10,10,10,1,1,1,1,1,10,10,10,10,1,20,1,1,21,22,1,1,1,1,1,10,1,23,24,1,1,1,1,1,1,1,25,26,27,28,29,1,1,1,1,30,31,32,1,1,1,33,1,1,1,1,1,1,1,1,1,1,34,35,1,1,1,1,7,7,7,7,7,7,7,7,8,8,8,8,8,8,8,8","0.000782012939453125","walktrap","edit-xhwikibooks.graphml"
"0.28","0.57","0.15","0.496878163461026","6,1,6,3,11,3,4,2,3,3,4,12,2,2,2,5,13,14,4,9,1,10,15,2,2,2,2,5,1,16,17,18,9,19,7,7,8,2,1,1,1,1,10,10,10,10,1,10,10,10,1,1,1,1,1,10,10,10,10,1,20,1,1,21,22,1,1,1,1,1,10,1,23,24,1,1,1,1,1,1,1,25,26,27,28,29,1,1,1,1,30,31,32,1,1,1,33,1,1,1,1,1,1,1,1,1,1,34,35,1,1,1,1,7,7,7,7,7,7,7,7,8,8,8,8,8,8,8,8","0.000826120376586914","walktrap","edit-xhwikibooks.graphml"
"0.27","0.58","0.15","0.499823140495868","6,1,6,3,11,3,4,2,3,3,4,12,2,2,2,5,13,14,4,9,1,10,15,2,2,2,2,5,1,16,17,18,9,19,7,7,8,2,1,1,1,1,10,10,10,10,1,10,10,10,1,1,1,1,1,10,10,10,10,1,20,1,1,21,22,1,1,1,1,1,10,1,23,24,1,1,1,1,1,1,1,25,26,27,28,29,1,1,1,1,30,31,32,1,1,1,33,1,1,1,1,1,1,1,1,1,1,34,35,1,1,1,1,7,7,7,7,7,7,7,7,8,8,8,8,8,8,8,8","0.000652074813842773","walktrap","edit-xhwikibooks.graphml"
"0.26","0.59","0.15","0.49914361283395","6,1,6,3,11,3,4,2,3,3,4,12,2,2,2,5,13,14,4,9,1,10,15,2,2,2,2,5,1,16,17,18,9,19,7,7,8,2,1,1,1,1,10,10,10,10,1,10,10,10,1,1,1,1,1,10,10,10,10,1,20,1,1,21,22,1,1,1,1,1,10,1,23,24,1,1,1,1,1,1,1,25,26,27,28,29,1,1,1,1,30,31,32,1,1,1,33,1,1,1,1,1,1,1,1,1,1,34,35,1,1,1,1,7,7,7,7,7,7,7,7,8,8,8,8,8,8,8,8","0.000658035278320312","walktrap","edit-xhwikibooks.graphml"
"0.25","0.6","0.15","0.502380570879209","6,1,6,3,11,3,4,2,3,3,4,12,2,2,2,5,13,14,4,9,1,10,15,2,2,2,2,5,1,16,17,18,9,19,7,7,8,2,1,1,1,1,10,10,10,10,1,10,10,10,1,1,1,1,1,10,10,10,10,1,20,1,1,21,22,1,1,1,1,1,10,1,23,24,1,1,1,1,1,1,1,25,26,27,28,29,1,1,1,1,30,31,32,1,1,1,33,1,1,1,1,1,1,1,1,1,1,34,35,1,1,1,1,7,7,7,7,7,7,7,7,8,8,8,8,8,8,8,8","0.000660896301269531","walktrap","edit-xhwikibooks.graphml"
"0.24","0.61","0.15","0.498810939357908","5,2,5,1,8,1,9,1,1,1,10,11,1,1,1,4,12,13,3,14,2,7,15,1,1,1,1,4,2,16,17,18,19,20,3,3,6,1,2,2,2,2,7,7,7,7,2,7,7,7,2,2,2,2,2,7,7,7,7,2,21,2,2,22,23,2,2,2,2,2,7,2,24,25,2,2,2,2,2,2,2,26,27,28,29,30,2,2,2,2,31,32,33,2,2,2,34,2,2,2,2,2,2,2,2,2,2,35,36,2,2,2,2,3,3,3,3,3,3,3,3,6,6,6,6,6,6,6,6","0.000660896301269531","walktrap","edit-xhwikibooks.graphml"
"0.23","0.62","0.15","0.502125509713579","4,2,4,1,8,1,9,1,1,1,10,11,1,1,1,5,12,13,3,14,2,7,15,1,1,1,1,5,2,16,17,18,19,20,3,3,6,1,2,2,2,2,7,7,7,7,2,7,7,7,2,2,2,2,2,7,7,7,7,2,21,2,2,22,23,2,2,2,2,2,7,2,24,25,2,2,2,2,2,2,2,26,27,28,29,30,2,2,2,2,31,32,33,2,2,2,34,2,2,2,2,2,2,2,2,2,2,35,36,2,2,2,2,3,3,3,3,3,3,3,3,6,6,6,6,6,6,6,6","0.000677108764648438","walktrap","edit-xhwikibooks.graphml"
"0.22","0.63","0.15","0.501451537228428","4,2,4,1,8,1,9,1,1,1,10,11,1,1,1,5,12,13,3,14,2,7,15,1,1,1,1,5,2,16,17,18,19,20,3,3,6,1,2,2,2,2,7,7,7,7,2,7,7,7,2,2,2,2,2,7,7,7,7,2,21,2,2,22,23,2,2,2,2,2,7,2,24,25,2,2,2,2,2,2,2,26,27,28,29,30,2,2,2,2,31,32,33,2,2,2,34,2,2,2,2,2,2,2,2,2,2,35,36,2,2,2,2,3,3,3,3,3,3,3,3,6,6,6,6,6,6,6,6","0.000664949417114258","walktrap","edit-xhwikibooks.graphml"
"0.21","0.64","0.15","0.501451537228428","4,2,4,1,8,1,9,1,1,1,10,11,1,1,1,5,12,13,3,14,2,7,15,1,1,1,1,5,2,16,17,18,19,20,3,3,6,1,2,2,2,2,7,7,7,7,2,7,7,7,2,2,2,2,2,7,7,7,7,2,21,2,2,22,23,2,2,2,2,2,7,2,24,25,2,2,2,2,2,2,2,26,27,28,29,30,2,2,2,2,31,32,33,2,2,2,34,2,2,2,2,2,2,2,2,2,2,35,36,2,2,2,2,3,3,3,3,3,3,3,3,6,6,6,6,6,6,6,6","0.00067591667175293","walktrap","edit-xhwikibooks.graphml"
"0.2","0.65","0.15","0.499307628145812","4,2,4,1,8,1,9,1,1,1,10,11,1,1,1,5,12,13,3,14,2,7,15,1,1,1,1,5,2,16,17,18,19,20,3,3,6,1,2,2,2,2,7,7,7,7,2,7,7,7,2,2,2,2,2,7,7,7,7,2,21,2,2,22,23,2,2,2,2,2,7,2,24,25,2,2,2,2,2,2,2,26,27,28,29,30,2,2,2,2,31,32,33,2,2,2,34,2,2,2,2,2,2,2,2,2,2,35,36,2,2,2,2,3,3,3,3,3,3,3,3,6,6,6,6,6,6,6,6","0.000705957412719727","walktrap","edit-xhwikibooks.graphml"
"0.19","0.66","0.15","0.499980379910336","4,2,4,1,8,1,9,1,1,1,10,11,1,1,1,5,12,13,3,14,2,7,15,1,1,1,1,5,2,16,17,18,19,20,3,3,6,1,2,2,2,2,7,7,7,7,2,7,7,7,2,2,2,2,2,7,7,7,7,2,21,2,2,22,23,2,2,2,2,2,7,2,24,25,2,2,2,2,2,2,2,26,27,28,29,30,2,2,2,2,31,32,33,2,2,2,34,2,2,2,2,2,2,2,2,2,2,35,36,2,2,2,2,3,3,3,3,3,3,3,3,6,6,6,6,6,6,6,6","0.000707864761352539","walktrap","edit-xhwikibooks.graphml"
"0.18","0.67","0.15","0.519567670105138","6,2,6,4,9,4,10,3,4,4,11,12,3,3,3,5,13,14,1,15,2,8,16,3,3,3,3,5,2,17,18,19,20,21,1,1,7,3,2,2,2,2,8,8,8,8,2,8,8,8,2,2,2,2,2,8,8,8,8,2,22,2,2,23,24,2,2,2,2,2,8,2,25,26,2,2,2,2,2,2,2,27,28,29,30,31,2,2,2,2,32,33,34,2,2,2,35,2,2,2,2,2,2,2,2,2,2,36,37,2,2,2,2,1,1,1,1,1,1,1,1,7,7,7,7,7,7,7,7","0.000713109970092773","walktrap","edit-xhwikibooks.graphml"
"0.17","0.68","0.15","0.519567670105138","6,2,6,4,9,4,10,3,4,4,11,12,3,3,3,5,13,14,1,15,2,8,16,3,3,3,3,5,2,17,18,19,20,21,1,1,7,3,2,2,2,2,8,8,8,8,2,8,8,8,2,2,2,2,2,8,8,8,8,2,22,2,2,23,24,2,2,2,2,2,8,2,25,26,2,2,2,2,2,2,2,27,28,29,30,31,2,2,2,2,32,33,34,2,2,2,35,2,2,2,2,2,2,2,2,2,2,36,37,2,2,2,2,1,1,1,1,1,1,1,1,7,7,7,7,7,7,7,7","0.00072789192199707","walktrap","edit-xhwikibooks.graphml"
"0.16","0.69","0.15","0.518895110899707","6,2,6,4,9,4,10,3,4,4,11,12,3,3,3,5,13,14,1,15,2,8,16,3,3,3,3,5,2,17,18,19,20,21,1,1,7,3,2,2,2,2,8,8,8,8,2,8,8,8,2,2,2,2,2,8,8,8,8,2,22,2,2,23,24,2,2,2,2,2,8,2,25,26,2,2,2,2,2,2,2,27,28,29,30,31,2,2,2,2,32,33,34,2,2,2,35,2,2,2,2,2,2,2,2,2,2,36,37,2,2,2,2,1,1,1,1,1,1,1,1,7,7,7,7,7,7,7,7","0.000703811645507812","walktrap","edit-xhwikibooks.graphml"
"0.15","0.7","0.15","0.521949693443462","5,2,5,4,9,4,10,3,4,4,11,12,3,3,3,6,13,14,1,15,2,8,16,3,3,3,3,6,2,17,18,19,20,21,1,1,7,3,2,2,2,2,8,8,8,8,2,8,8,8,2,2,2,2,2,8,8,8,8,2,22,2,2,23,24,2,2,2,2,2,8,2,25,26,2,2,2,2,2,2,2,27,28,29,30,31,2,2,2,2,32,33,34,2,2,2,35,2,2,2,2,2,2,2,2,2,2,36,37,2,2,2,2,1,1,1,1,1,1,1,1,7,7,7,7,7,7,7,7","0.000715017318725586","walktrap","edit-xhwikibooks.graphml"
"0.14","0.71","0.15","0.521278546628197","5,2,5,4,9,4,10,3,4,4,11,12,3,3,3,6,13,14,1,15,2,8,16,3,3,3,3,6,2,17,18,19,20,21,1,1,7,3,2,2,2,2,8,8,8,8,2,8,8,8,2,2,2,2,2,8,8,8,8,2,22,2,2,23,24,2,2,2,2,2,8,2,25,26,2,2,2,2,2,2,2,27,28,29,30,31,2,2,2,2,32,33,34,2,2,2,35,2,2,2,2,2,2,2,2,2,2,36,37,2,2,2,2,1,1,1,1,1,1,1,1,7,7,7,7,7,7,7,7","0.000912904739379883","walktrap","edit-xhwikibooks.graphml"
"0.13","0.72","0.15","0.523895518945234","5,2,5,4,9,4,10,3,4,4,11,12,3,3,3,6,13,14,1,15,2,8,16,3,3,3,3,6,2,17,18,19,20,21,1,1,7,3,2,2,2,2,8,8,8,8,2,8,8,8,2,2,2,2,2,8,8,8,8,2,22,2,2,23,24,2,2,2,2,2,8,2,25,26,2,2,2,2,2,2,2,27,28,29,30,31,2,2,2,2,32,33,34,2,2,2,35,2,2,2,2,2,2,2,2,2,2,36,37,2,2,2,2,1,1,1,1,1,1,1,1,7,7,7,7,7,7,7,7","0.00118112564086914","walktrap","edit-xhwikibooks.graphml"
"0.12","0.73","0.15","0.523227221172023","5,2,5,4,9,4,10,3,4,4,11,12,3,3,3,6,13,14,1,15,2,8,16,3,3,3,3,6,2,17,18,19,20,21,1,1,7,3,2,2,2,2,8,8,8,8,2,8,8,8,2,2,2,2,2,8,8,8,8,2,22,2,2,23,24,2,2,2,2,2,8,2,25,26,2,2,2,2,2,2,2,27,28,29,30,31,2,2,2,2,32,33,34,2,2,2,35,2,2,2,2,2,2,2,2,2,2,36,37,2,2,2,2,1,1,1,1,1,1,1,1,7,7,7,7,7,7,7,7","0.000975131988525391","walktrap","edit-xhwikibooks.graphml"
"0.11","0.74","0.15","0.523227221172023","5,2,5,4,9,4,10,3,4,4,11,12,3,3,3,6,13,14,1,15,2,8,16,3,3,3,3,6,2,17,18,19,20,21,1,1,7,3,2,2,2,2,8,8,8,8,2,8,8,8,2,2,2,2,2,8,8,8,8,2,22,2,2,23,24,2,2,2,2,2,8,2,25,26,2,2,2,2,2,2,2,27,28,29,30,31,2,2,2,2,32,33,34,2,2,2,35,2,2,2,2,2,2,2,2,2,2,36,37,2,2,2,2,1,1,1,1,1,1,1,1,7,7,7,7,7,7,7,7","0.00102996826171875","walktrap","edit-xhwikibooks.graphml"
"0.1","0.75","0.15","0.525367847494433","4,6,4,8,9,3,10,2,2,11,12,13,2,2,2,3,14,15,1,16,6,7,17,2,2,2,2,18,19,20,21,22,23,24,1,1,5,2,6,6,6,6,7,7,7,7,6,7,7,7,6,6,6,6,6,7,7,7,7,6,25,6,6,26,27,6,6,6,6,6,7,6,28,29,6,6,6,6,6,6,6,30,31,32,33,34,6,6,6,6,35,36,37,6,6,6,38,6,6,6,6,6,6,6,6,6,6,39,40,6,6,6,6,1,1,1,1,1,1,1,1,5,5,5,5,5,5,5,5","0.000900030136108398","walktrap","edit-xhwikibooks.graphml"
"0.09","0.76","0.15","0.525367847494433","4,6,4,8,9,3,10,2,2,11,12,13,2,2,2,3,14,15,1,16,6,7,17,2,2,2,2,18,19,20,21,22,23,24,1,1,5,2,6,6,6,6,7,7,7,7,6,7,7,7,6,6,6,6,6,7,7,7,7,6,25,6,6,26,27,6,6,6,6,6,7,6,28,29,6,6,6,6,6,6,6,30,31,32,33,34,6,6,6,6,35,36,37,6,6,6,38,6,6,6,6,6,6,6,6,6,6,39,40,6,6,6,6,1,1,1,1,1,1,1,1,5,5,5,5,5,5,5,5","0.000673055648803711","walktrap","edit-xhwikibooks.graphml"
"0.08","0.77","0.15","0.526111153119093","4,6,4,8,9,3,10,2,2,11,12,13,2,2,2,3,14,15,1,16,6,7,17,2,2,2,2,18,19,20,21,22,23,24,1,1,5,2,6,6,6,6,7,7,7,7,6,7,7,7,6,6,6,6,6,7,7,7,7,6,25,6,6,26,27,6,6,6,6,6,7,6,28,29,6,6,6,6,6,6,6,30,31,32,33,34,6,6,6,6,35,36,37,6,6,6,38,6,6,6,6,6,6,6,6,6,6,39,40,6,6,6,6,1,1,1,1,1,1,1,1,5,5,5,5,5,5,5,5","0.000650882720947266","walktrap","edit-xhwikibooks.graphml"
"0.07","0.78","0.15","0.528174052034818","4,6,4,8,9,3,10,2,2,11,12,13,2,2,2,3,14,15,1,16,6,7,17,2,2,2,2,18,19,20,21,22,23,24,1,1,5,2,6,6,6,6,7,7,7,7,6,7,7,7,6,6,6,6,6,7,7,7,7,6,25,6,6,26,27,6,6,6,6,6,7,6,28,29,6,6,6,6,6,6,6,30,31,32,33,34,6,6,6,6,35,36,37,6,6,6,38,6,6,6,6,6,6,6,6,6,6,39,40,6,6,6,6,1,1,1,1,1,1,1,1,5,5,5,5,5,5,5,5","0.000631093978881836","walktrap","edit-xhwikibooks.graphml"
"0.06","0.79","0.15","0.528174052034818","4,6,4,8,9,3,10,2,2,11,12,13,2,2,2,3,14,15,1,16,6,7,17,2,2,2,2,18,19,20,21,22,23,24,1,1,5,2,6,6,6,6,7,7,7,7,6,7,7,7,6,6,6,6,6,7,7,7,7,6,25,6,6,26,27,6,6,6,6,6,7,6,28,29,6,6,6,6,6,6,6,30,31,32,33,34,6,6,6,6,35,36,37,6,6,6,38,6,6,6,6,6,6,6,6,6,6,39,40,6,6,6,6,1,1,1,1,1,1,1,1,5,5,5,5,5,5,5,5","0.000648975372314453","walktrap","edit-xhwikibooks.graphml"
"0.05","0.8","0.15","0.530394506474385","4,6,4,8,9,3,10,2,2,11,12,13,2,2,2,3,14,15,1,16,6,7,17,2,2,2,2,18,19,20,21,22,23,24,1,1,5,2,6,6,6,6,7,7,7,7,6,7,7,7,6,6,6,6,6,7,7,7,7,6,25,6,6,26,27,6,6,6,6,6,7,6,28,29,6,6,6,6,6,6,6,30,31,32,33,34,6,6,6,6,35,36,37,6,6,6,38,6,6,6,6,6,6,6,6,6,6,39,40,6,6,6,6,1,1,1,1,1,1,1,1,5,5,5,5,5,5,5,5","0.000642061233520508","walktrap","edit-xhwikibooks.graphml"
"0.04","0.81","0.15","0.505395068451514","4,7,4,8,9,3,10,2,2,11,12,13,2,2,2,3,14,15,1,16,7,5,17,2,2,2,2,18,19,20,21,22,23,24,1,1,6,2,7,7,7,7,5,5,5,5,7,5,5,5,7,7,7,7,7,5,5,5,5,7,25,7,7,26,27,7,7,7,7,7,5,7,28,29,7,7,7,7,7,7,7,30,31,32,33,34,7,7,7,7,35,36,37,7,7,7,38,7,7,7,7,7,7,7,7,7,7,39,40,7,7,7,7,1,1,1,1,1,1,1,1,6,6,6,6,6,6,6,6","0.000653982162475586","walktrap","edit-xhwikibooks.graphml"
"0.03","0.82","0.15","0.504718127009266","4,7,4,8,9,3,10,2,2,11,12,13,2,2,2,3,14,15,1,16,7,5,17,2,2,2,2,18,19,20,21,22,23,24,1,1,6,2,7,7,7,7,5,5,5,5,7,5,5,5,7,7,7,7,7,5,5,5,5,7,25,7,7,26,27,7,7,7,7,7,5,7,28,29,7,7,7,7,7,7,7,30,31,32,33,34,7,7,7,7,35,36,37,7,7,7,38,7,7,7,7,7,7,7,7,7,7,39,40,7,7,7,7,1,1,1,1,1,1,1,1,6,6,6,6,6,6,6,6","0.000665187835693359","walktrap","edit-xhwikibooks.graphml"
"0.02","0.83","0.15","0.504718127009266","4,7,4,8,9,3,10,2,2,11,12,13,2,2,2,3,14,15,1,16,7,5,17,2,2,2,2,18,19,20,21,22,23,24,1,1,6,2,7,7,7,7,5,5,5,5,7,5,5,5,7,7,7,7,7,5,5,5,5,7,25,7,7,26,27,7,7,7,7,7,5,7,28,29,7,7,7,7,7,7,7,30,31,32,33,34,7,7,7,7,35,36,37,7,7,7,38,7,7,7,7,7,7,7,7,7,7,39,40,7,7,7,7,1,1,1,1,1,1,1,1,6,6,6,6,6,6,6,6","0.000683069229125977","walktrap","edit-xhwikibooks.graphml"
"0.01","0.84","0.15","0.505389615474978","4,7,4,8,9,3,10,2,2,11,12,13,2,2,2,3,14,15,1,16,7,5,17,2,2,2,2,18,19,20,21,22,23,24,1,1,6,2,7,7,7,7,5,5,5,5,7,5,5,5,7,7,7,7,7,5,5,5,5,7,25,7,7,26,27,7,7,7,7,7,5,7,28,29,7,7,7,7,7,7,7,30,31,32,33,34,7,7,7,7,35,36,37,7,7,7,38,7,7,7,7,7,7,7,7,7,7,39,40,7,7,7,7,1,1,1,1,1,1,1,1,6,6,6,6,6,6,6,6","0.000669956207275391","walktrap","edit-xhwikibooks.graphml"
"0","0.85","0.15","0.506507192480713","1,6,1,1,1,3,7,1,1,8,9,10,1,1,1,3,11,12,2,13,6,4,14,1,1,1,1,15,1,16,17,18,19,20,2,2,5,1,6,6,6,6,4,4,4,4,6,4,4,4,6,6,6,6,6,4,4,4,4,6,21,6,6,22,23,6,6,6,6,6,4,6,24,25,6,6,6,6,6,6,6,26,27,28,29,30,6,6,6,6,31,32,33,6,6,6,34,6,6,6,6,6,6,6,6,6,6,35,36,6,6,6,6,2,2,2,2,2,2,2,2,5,5,5,5,5,5,5,5","0.000707149505615234","walktrap","edit-xhwikibooks.graphml"
"0.84","0","0.16","0.417487990217486","1,10,1,1,1,3,1,3,3,4,1,1,3,3,3,2,4,5,1,1,10,12,8,3,3,3,3,2,6,4,5,7,9,1,1,1,11,3,10,10,10,10,12,12,12,12,10,12,12,12,10,10,10,10,10,12,12,12,12,10,8,10,10,3,3,10,10,10,10,10,12,10,3,3,10,10,10,10,10,10,10,3,2,2,2,6,10,10,10,10,4,5,7,10,10,10,2,10,10,10,10,10,10,10,10,10,10,9,9,10,10,10,10,1,1,1,1,1,1,1,1,11,11,11,11,11,11,11,11","0.000966072082519531","walktrap","edit-xhwikibooks.graphml"
"0.83","0.01","0.16","0.417487990217486","1,10,1,1,1,3,1,3,3,4,1,1,3,3,3,2,4,5,1,1,10,12,8,3,3,3,3,2,6,4,5,7,9,1,1,1,11,3,10,10,10,10,12,12,12,12,10,12,12,12,10,10,10,10,10,12,12,12,12,10,8,10,10,3,3,10,10,10,10,10,12,10,3,3,10,10,10,10,10,10,10,3,2,2,2,6,10,10,10,10,4,5,7,10,10,10,2,10,10,10,10,10,10,10,10,10,10,9,9,10,10,10,10,1,1,1,1,1,1,1,1,11,11,11,11,11,11,11,11","0.000869035720825195","walktrap","edit-xhwikibooks.graphml"
"0.82","0.02","0.16","0.417487990217486","1,10,1,1,1,3,1,3,3,4,1,1,3,3,3,2,4,5,1,1,10,12,8,3,3,3,3,2,6,4,5,7,9,1,1,1,11,3,10,10,10,10,12,12,12,12,10,12,12,12,10,10,10,10,10,12,12,12,12,10,8,10,10,3,3,10,10,10,10,10,12,10,3,3,10,10,10,10,10,10,10,3,2,2,2,6,10,10,10,10,4,5,7,10,10,10,2,10,10,10,10,10,10,10,10,10,10,9,9,10,10,10,10,1,1,1,1,1,1,1,1,11,11,11,11,11,11,11,11","0.000817060470581055","walktrap","edit-xhwikibooks.graphml"
"0.81","0.03","0.16","0.416878411116062","1,10,1,1,1,3,1,3,3,4,1,1,3,3,3,2,4,5,1,1,10,12,8,3,3,3,3,2,6,4,5,7,9,1,1,1,11,3,10,10,10,10,12,12,12,12,10,12,12,12,10,10,10,10,10,12,12,12,12,10,8,10,10,3,3,10,10,10,10,10,12,10,3,3,10,10,10,10,10,10,10,3,2,2,2,6,10,10,10,10,4,5,7,10,10,10,2,10,10,10,10,10,10,10,10,10,10,9,9,10,10,10,10,1,1,1,1,1,1,1,1,11,11,11,11,11,11,11,11","0.000909090042114258","walktrap","edit-xhwikibooks.graphml"
"0.8","0.04","0.16","0.416878411116062","1,10,1,1,1,3,1,3,3,4,1,1,3,3,3,2,4,5,1,1,10,12,8,3,3,3,3,2,6,4,5,7,9,1,1,1,11,3,10,10,10,10,12,12,12,12,10,12,12,12,10,10,10,10,10,12,12,12,12,10,8,10,10,3,3,10,10,10,10,10,12,10,3,3,10,10,10,10,10,10,10,3,2,2,2,6,10,10,10,10,4,5,7,10,10,10,2,10,10,10,10,10,10,10,10,10,10,9,9,10,10,10,10,1,1,1,1,1,1,1,1,11,11,11,11,11,11,11,11","0.000853061676025391","walktrap","edit-xhwikibooks.graphml"
"0.79","0.05","0.16","0.41627047290104","1,10,1,1,1,3,1,3,3,4,1,1,3,3,3,2,4,5,1,1,10,12,8,3,3,3,3,2,6,4,5,7,9,1,1,1,11,3,10,10,10,10,12,12,12,12,10,12,12,12,10,10,10,10,10,12,12,12,12,10,8,10,10,3,3,10,10,10,10,10,12,10,3,3,10,10,10,10,10,10,10,3,2,2,2,6,10,10,10,10,4,5,7,10,10,10,2,10,10,10,10,10,10,10,10,10,10,9,9,10,10,10,10,1,1,1,1,1,1,1,1,11,11,11,11,11,11,11,11","0.00110912322998047","walktrap","edit-xhwikibooks.graphml"
"0.78","0.06","0.16","0.41627047290104","1,10,1,1,1,3,1,3,3,4,1,1,3,3,3,2,4,5,1,1,10,12,8,3,3,3,3,2,6,4,5,7,9,1,1,1,11,3,10,10,10,10,12,12,12,12,10,12,12,12,10,10,10,10,10,12,12,12,12,10,8,10,10,3,3,10,10,10,10,10,12,10,3,3,10,10,10,10,10,10,10,3,2,2,2,6,10,10,10,10,4,5,7,10,10,10,2,10,10,10,10,10,10,10,10,10,10,9,9,10,10,10,10,1,1,1,1,1,1,1,1,11,11,11,11,11,11,11,11","0.000898122787475586","walktrap","edit-xhwikibooks.graphml"
"0.77","0.07","0.16","0.415664169925789","1,10,1,1,1,3,1,3,3,4,1,1,3,3,3,2,4,5,1,1,10,12,8,3,3,3,3,2,6,4,5,7,9,1,1,1,11,3,10,10,10,10,12,12,12,12,10,12,12,12,10,10,10,10,10,12,12,12,12,10,8,10,10,3,3,10,10,10,10,10,12,10,3,3,10,10,10,10,10,10,10,3,2,2,2,6,10,10,10,10,4,5,7,10,10,10,2,10,10,10,10,10,10,10,10,10,10,9,9,10,10,10,10,1,1,1,1,1,1,1,1,11,11,11,11,11,11,11,11","0.00133800506591797","walktrap","edit-xhwikibooks.graphml"
"0.76","0.08","0.16","0.41758254997057","1,10,1,1,1,3,1,3,3,4,1,1,3,3,3,2,4,5,1,1,10,12,8,3,3,3,3,2,6,4,5,7,9,1,1,1,11,3,10,10,10,10,12,12,12,12,10,12,12,12,10,10,10,10,10,12,12,12,12,10,8,10,10,3,3,10,10,10,10,10,12,10,3,3,10,10,10,10,10,10,10,3,2,2,2,6,10,10,10,10,4,5,7,10,10,10,2,10,10,10,10,10,10,10,10,10,10,9,9,10,10,10,10,1,1,1,1,1,1,1,1,11,11,11,11,11,11,11,11","0.00093388557434082","walktrap","edit-xhwikibooks.graphml"
"0.75","0.09","0.16","0.416977023319616","1,10,1,1,1,3,1,3,3,4,1,1,3,3,3,2,4,5,1,1,10,12,8,3,3,3,3,2,6,4,5,7,9,1,1,1,11,3,10,10,10,10,12,12,12,12,10,12,12,12,10,10,10,10,10,12,12,12,12,10,8,10,10,3,3,10,10,10,10,10,12,10,3,3,10,10,10,10,10,10,10,3,2,2,2,6,10,10,10,10,4,5,7,10,10,10,2,10,10,10,10,10,10,10,10,10,10,9,9,10,10,10,10,1,1,1,1,1,1,1,1,11,11,11,11,11,11,11,11","0.000742912292480469","walktrap","edit-xhwikibooks.graphml"
"0.74","0.1","0.16","0.416977023319616","1,10,1,1,1,3,1,3,3,4,1,1,3,3,3,2,4,5,1,1,10,12,8,3,3,3,3,2,6,4,5,7,9,1,1,1,11,3,10,10,10,10,12,12,12,12,10,12,12,12,10,10,10,10,10,12,12,12,12,10,8,10,10,3,3,10,10,10,10,10,12,10,3,3,10,10,10,10,10,10,10,3,2,2,2,6,10,10,10,10,4,5,7,10,10,10,2,10,10,10,10,10,10,10,10,10,10,9,9,10,10,10,10,1,1,1,1,1,1,1,1,11,11,11,11,11,11,11,11","0.000734090805053711","walktrap","edit-xhwikibooks.graphml"
"0.73","0.11","0.16","0.416373116123014","1,10,1,1,1,3,1,3,3,4,1,1,3,3,3,2,4,5,1,1,10,12,8,3,3,3,3,2,6,4,5,7,9,1,1,1,11,3,10,10,10,10,12,12,12,12,10,12,12,12,10,10,10,10,10,12,12,12,12,10,8,10,10,3,3,10,10,10,10,10,12,10,3,3,10,10,10,10,10,10,10,3,2,2,2,6,10,10,10,10,4,5,7,10,10,10,2,10,10,10,10,10,10,10,10,10,10,9,9,10,10,10,10,1,1,1,1,1,1,1,1,11,11,11,11,11,11,11,11","0.000735044479370117","walktrap","edit-xhwikibooks.graphml"
"0.72","0.12","0.16","0.42006416843876","1,10,1,1,1,3,1,3,3,4,1,1,3,3,3,2,4,5,1,1,10,12,8,3,3,3,3,2,6,4,5,7,9,1,1,1,11,3,10,10,10,10,12,12,12,12,10,12,12,12,10,10,10,10,10,12,12,12,12,10,8,10,10,3,3,10,10,10,10,10,12,10,3,3,10,10,10,10,10,10,10,3,2,2,2,6,10,10,10,10,4,5,7,10,10,10,2,10,10,10,10,10,10,10,10,10,10,9,9,10,10,10,10,1,1,1,1,1,1,1,1,11,11,11,11,11,11,11,11","0.000723123550415039","walktrap","edit-xhwikibooks.graphml"
"0.71","0.13","0.16","0.415094307270233","1,10,1,1,1,2,1,2,2,4,1,1,2,2,2,3,4,5,1,1,10,12,8,2,2,2,2,3,6,4,5,7,9,1,1,1,11,2,10,10,10,10,12,12,12,12,10,12,12,12,10,10,10,10,10,12,12,12,12,10,8,10,10,2,2,10,10,10,10,10,12,10,2,2,10,10,10,10,10,10,10,2,3,3,3,6,10,10,10,10,4,5,7,10,10,10,3,10,10,10,10,10,10,10,10,10,10,9,9,10,10,10,10,1,1,1,1,1,1,1,1,11,11,11,11,11,11,11,11","0.000854969024658203","walktrap","edit-xhwikibooks.graphml"
"0.7","0.14","0.16","0.415094307270233","1,10,1,1,1,2,1,2,2,4,1,1,2,2,2,3,4,5,1,1,10,12,8,2,2,2,2,3,6,4,5,7,9,1,1,1,11,2,10,10,10,10,12,12,12,12,10,12,12,12,10,10,10,10,10,12,12,12,12,10,8,10,10,2,2,10,10,10,10,10,12,10,2,2,10,10,10,10,10,10,10,2,3,3,3,6,10,10,10,10,4,5,7,10,10,10,3,10,10,10,10,10,10,10,10,10,10,9,9,10,10,10,10,1,1,1,1,1,1,1,1,11,11,11,11,11,11,11,11","0.000718116760253906","walktrap","edit-xhwikibooks.graphml"
"0.69","0.15","0.16","0.418103842984036","1,10,1,1,1,2,1,2,2,4,1,1,2,2,2,3,4,5,1,1,10,11,8,2,2,2,2,3,6,4,5,7,9,1,1,1,12,2,10,10,10,10,11,11,11,11,10,11,11,11,10,10,10,10,10,11,11,11,11,10,8,10,10,2,2,10,10,10,10,10,11,10,2,2,10,10,10,10,10,10,10,2,3,3,3,6,10,10,10,10,4,5,7,10,10,10,3,10,10,10,10,10,10,10,10,10,10,9,9,10,10,10,10,1,1,1,1,1,1,1,1,12,12,12,12,12,12,12,12","0.000720024108886719","walktrap","edit-xhwikibooks.graphml"
"0.68","0.16","0.16","0.419994525843426","1,10,1,1,1,2,1,2,2,4,1,1,2,2,2,3,4,5,1,1,10,12,8,2,2,2,2,3,6,4,5,7,9,1,1,1,11,2,10,10,10,10,12,12,12,12,10,12,12,12,10,10,10,10,10,12,12,12,12,10,8,10,10,2,2,10,10,10,10,10,12,10,2,2,10,10,10,10,10,10,10,2,3,3,3,6,10,10,10,10,4,5,7,10,10,10,3,10,10,10,10,10,10,10,10,10,10,9,9,10,10,10,10,1,1,1,1,1,1,1,1,11,11,11,11,11,11,11,11","0.000720977783203125","walktrap","edit-xhwikibooks.graphml"
"0.67","0.17","0.16","0.416183489874642","3,6,3,3,3,1,3,1,1,5,3,3,1,1,1,2,5,7,4,3,6,10,1,1,1,1,1,2,6,5,7,4,8,3,4,4,9,1,6,6,6,6,10,10,10,10,6,10,10,10,6,6,6,6,6,10,10,10,10,6,11,6,6,1,1,6,6,6,6,6,10,6,1,1,6,6,6,6,6,6,6,1,2,2,2,12,6,6,6,6,13,14,15,6,6,6,2,6,6,6,6,6,6,6,6,6,6,8,8,6,6,6,6,4,4,4,4,4,4,4,4,9,9,9,9,9,9,9,9","0.00072789192199707","walktrap","edit-xhwikibooks.graphml"
"0.66","0.18","0.16","0.418192835064882","3,6,3,3,3,1,3,1,1,5,3,3,1,1,1,2,5,7,4,3,6,10,1,1,1,1,1,2,6,5,7,4,8,3,4,4,9,1,6,6,6,6,10,10,10,10,6,10,10,10,6,6,6,6,6,10,10,10,10,6,11,6,6,1,1,6,6,6,6,6,10,6,1,1,6,6,6,6,6,6,6,1,2,2,2,12,6,6,6,6,13,14,15,6,6,6,2,6,6,6,6,6,6,6,6,6,6,8,8,6,6,6,6,4,4,4,4,4,4,4,4,9,9,9,9,9,9,9,9","0.000723123550415039","walktrap","edit-xhwikibooks.graphml"
"0.65","0.19","0.16","0.417579845955048","3,6,3,3,3,1,3,1,1,5,3,3,1,1,1,2,5,7,4,3,6,10,1,1,1,1,1,2,6,5,7,4,8,3,4,4,9,1,6,6,6,6,10,10,10,10,6,10,10,10,6,6,6,6,6,10,10,10,10,6,11,6,6,1,1,6,6,6,6,6,10,6,1,1,6,6,6,6,6,6,6,1,2,2,2,12,6,6,6,6,13,14,15,6,6,6,2,6,6,6,6,6,6,6,6,6,6,8,8,6,6,6,6,4,4,4,4,4,4,4,4,9,9,9,9,9,9,9,9","0.000733137130737305","walktrap","edit-xhwikibooks.graphml"
"0.64","0.2","0.16","0.421281036949752","3,6,3,3,3,1,3,1,1,5,3,3,1,1,1,2,5,7,4,3,6,10,1,1,1,1,1,2,6,5,7,4,8,3,4,4,9,1,6,6,6,6,10,10,10,10,6,10,10,10,6,6,6,6,6,10,10,10,10,6,11,6,6,1,1,6,6,6,6,6,10,6,1,1,6,6,6,6,6,6,6,1,2,2,2,12,6,6,6,6,13,14,15,6,6,6,2,6,6,6,6,6,6,6,6,6,6,8,8,6,6,6,6,4,4,4,4,4,4,4,4,9,9,9,9,9,9,9,9","0.00076603889465332","walktrap","edit-xhwikibooks.graphml"
"0.63","0.21","0.16","0.420668464624509","3,6,3,3,3,1,3,1,1,5,3,3,1,1,1,2,5,7,4,3,6,10,1,1,1,1,1,2,6,5,7,4,8,3,4,4,9,1,6,6,6,6,10,10,10,10,6,10,10,10,6,6,6,6,6,10,10,10,10,6,11,6,6,1,1,6,6,6,6,6,10,6,1,1,6,6,6,6,6,6,6,1,2,2,2,12,6,6,6,6,13,14,15,6,6,6,2,6,6,6,6,6,6,6,6,6,6,8,8,6,6,6,6,4,4,4,4,4,4,4,4,9,9,9,9,9,9,9,9","0.000757932662963867","walktrap","edit-xhwikibooks.graphml"
"0.62","0.22","0.16","0.420668464624509","3,6,3,3,3,1,3,1,1,5,3,3,1,1,1,2,5,7,4,3,6,10,1,1,1,1,1,2,6,5,7,4,8,3,4,4,9,1,6,6,6,6,10,10,10,10,6,10,10,10,6,6,6,6,6,10,10,10,10,6,11,6,6,1,1,6,6,6,6,6,10,6,1,1,6,6,6,6,6,6,6,1,2,2,2,12,6,6,6,6,13,14,15,6,6,6,2,6,6,6,6,6,6,6,6,6,6,8,8,6,6,6,6,4,4,4,4,4,4,4,4,9,9,9,9,9,9,9,9","0.000756978988647461","walktrap","edit-xhwikibooks.graphml"
"0.61","0.23","0.16","0.423757718123032","3,6,3,3,3,1,3,1,1,5,3,3,1,1,1,2,5,7,4,3,6,9,1,1,1,1,1,2,6,5,7,4,8,3,4,4,10,1,6,6,6,6,9,9,9,9,6,9,9,9,6,6,6,6,6,9,9,9,9,6,11,6,6,1,1,6,6,6,6,6,9,6,1,1,6,6,6,6,6,6,6,1,2,2,2,12,6,6,6,6,13,14,15,6,6,6,2,6,6,6,6,6,6,6,6,6,6,8,8,6,6,6,6,4,4,4,4,4,4,4,4,10,10,10,10,10,10,10,10","0.000761985778808594","walktrap","edit-xhwikibooks.graphml"
"0.6","0.24","0.16","0.425609917355372","3,6,3,3,3,1,3,1,1,5,3,3,1,1,1,2,5,7,4,3,6,10,1,1,1,1,1,2,6,5,7,4,8,3,4,4,9,1,6,6,6,6,10,10,10,10,6,10,10,10,6,6,6,6,6,10,10,10,10,6,11,6,6,1,1,6,6,6,6,6,10,6,1,1,6,6,6,6,6,6,6,1,2,2,2,12,6,6,6,6,13,14,15,6,6,6,2,6,6,6,6,6,6,6,6,6,6,8,8,6,6,6,6,4,4,4,4,4,4,4,4,9,9,9,9,9,9,9,9","0.000731945037841797","walktrap","edit-xhwikibooks.graphml"
"0.59","0.25","0.16","0.419868720526455","3,6,3,3,3,1,3,1,1,5,3,3,1,1,1,2,5,7,4,3,6,10,1,1,1,1,1,2,6,5,7,4,8,3,4,4,9,1,6,6,6,6,10,10,10,10,6,10,10,10,6,6,6,6,6,10,10,10,10,6,11,6,6,1,1,6,6,6,6,6,10,6,1,1,6,6,6,6,6,6,6,1,2,2,2,12,6,6,6,6,13,14,15,6,6,6,2,6,6,6,6,6,6,6,6,6,6,8,8,6,6,6,6,4,4,4,4,4,4,4,4,9,9,9,9,9,9,9,9","0.000747919082641602","walktrap","edit-xhwikibooks.graphml"
"0.58","0.26","0.16","0.419868720526455","3,6,3,3,3,1,3,1,1,5,3,3,1,1,1,2,5,7,4,3,6,10,1,1,1,1,1,2,6,5,7,4,8,3,4,4,9,1,6,6,6,6,10,10,10,10,6,10,10,10,6,6,6,6,6,10,10,10,10,6,11,6,6,1,1,6,6,6,6,6,10,6,1,1,6,6,6,6,6,6,6,1,2,2,2,12,6,6,6,6,13,14,15,6,6,6,2,6,6,6,6,6,6,6,6,6,6,8,8,6,6,6,6,4,4,4,4,4,4,4,4,9,9,9,9,9,9,9,9","0.000778913497924805","walktrap","edit-xhwikibooks.graphml"
"0.57","0.27","0.16","0.419868720526455","3,6,3,3,3,1,3,1,1,5,3,3,1,1,1,2,5,7,4,3,6,10,1,1,1,1,1,2,6,5,7,4,8,3,4,4,9,1,6,6,6,6,10,10,10,10,6,10,10,10,6,6,6,6,6,10,10,10,10,6,11,6,6,1,1,6,6,6,6,6,10,6,1,1,6,6,6,6,6,6,6,1,2,2,2,12,6,6,6,6,13,14,15,6,6,6,2,6,6,6,6,6,6,6,6,6,6,8,8,6,6,6,6,4,4,4,4,4,4,4,4,9,9,9,9,9,9,9,9","0.000874996185302734","walktrap","edit-xhwikibooks.graphml"
"0.56","0.28","0.16","0.421227865866404","2,6,2,2,2,1,2,1,1,5,2,2,1,1,1,3,5,7,4,2,6,10,1,1,1,1,1,3,6,5,7,4,8,2,4,4,9,1,6,6,6,6,10,10,10,10,6,10,10,10,6,6,6,6,6,10,10,10,10,6,11,6,6,1,1,6,6,6,6,6,10,6,1,1,6,6,6,6,6,6,6,1,3,3,3,12,6,6,6,6,13,14,15,6,6,6,3,6,6,6,6,6,6,6,6,6,6,8,8,6,6,6,6,4,4,4,4,4,4,4,4,9,9,9,9,9,9,9,9","0.000708103179931641","walktrap","edit-xhwikibooks.graphml"
"0.55","0.29","0.16","0.399488329348682","2,6,2,2,2,1,2,1,1,5,2,2,1,1,1,3,5,7,4,2,6,10,1,1,1,1,1,3,6,5,7,4,9,2,4,4,8,1,6,6,6,6,10,10,10,10,6,10,10,10,6,6,6,6,6,10,10,10,10,6,11,6,6,1,1,6,6,6,6,6,10,6,1,1,6,6,6,6,6,6,6,1,3,3,3,12,6,6,6,6,13,14,15,6,6,6,3,6,6,6,6,6,6,6,6,6,6,9,9,6,6,6,6,4,4,4,4,4,4,4,4,8,8,8,8,8,8,8,8","0.000718116760253906","walktrap","edit-xhwikibooks.graphml"
"0.54","0.3","0.16","0.398888548504239","2,6,2,2,2,1,2,1,1,5,2,2,1,1,1,3,5,7,4,2,6,10,1,1,1,1,1,3,6,5,7,4,9,2,4,4,8,1,6,6,6,6,10,10,10,10,6,10,10,10,6,6,6,6,6,10,10,10,10,6,11,6,6,1,1,6,6,6,6,6,10,6,1,1,6,6,6,6,6,6,6,1,3,3,3,12,6,6,6,6,13,14,15,6,6,6,3,6,6,6,6,6,6,6,6,6,6,9,9,6,6,6,6,4,4,4,4,4,4,4,4,8,8,8,8,8,8,8,8","0.000738143920898438","walktrap","edit-xhwikibooks.graphml"
"0.53","0.31","0.16","0.400859053497942","2,6,2,2,2,1,2,1,1,5,2,2,1,1,1,3,5,7,4,2,6,10,1,1,1,1,1,3,6,5,7,4,9,2,4,4,8,1,6,6,6,6,10,10,10,10,6,10,10,10,6,6,6,6,6,10,10,10,10,6,11,6,6,1,1,6,6,6,6,6,10,6,1,1,6,6,6,6,6,6,6,1,3,3,3,12,6,6,6,6,13,14,15,6,6,6,3,6,6,6,6,6,6,6,6,6,6,9,9,6,6,6,6,4,4,4,4,4,4,4,4,8,8,8,8,8,8,8,8","0.000728845596313477","walktrap","edit-xhwikibooks.graphml"
"0.52","0.32","0.16","0.400260010045066","2,6,2,2,2,1,2,1,1,5,2,2,1,1,1,3,5,7,4,2,6,10,1,1,1,1,1,3,6,5,7,4,9,2,4,4,8,1,6,6,6,6,10,10,10,10,6,10,10,10,6,6,6,6,6,10,10,10,10,6,11,6,6,1,1,6,6,6,6,6,10,6,1,1,6,6,6,6,6,6,6,1,3,3,3,12,6,6,6,6,13,14,15,6,6,6,3,6,6,6,6,6,6,6,6,6,6,9,9,6,6,6,6,4,4,4,4,4,4,4,4,8,8,8,8,8,8,8,8","0.000733137130737305","walktrap","edit-xhwikibooks.graphml"
"0.51","0.33","0.16","0.384969907185746","1,3,1,1,1,1,1,1,1,1,2,1,1,1,1,1,8,2,2,6,3,7,1,1,1,1,1,5,3,9,10,2,6,6,2,2,4,1,3,3,3,3,7,7,7,7,3,7,7,7,3,3,3,3,3,7,7,7,7,3,11,3,3,12,13,3,3,3,3,3,7,3,1,1,3,3,3,3,3,3,3,14,5,5,5,15,3,3,3,3,16,17,18,3,3,3,19,3,3,3,3,3,3,3,3,3,3,20,21,3,3,3,3,2,2,2,2,2,2,2,2,4,4,4,4,4,4,4,4","0.000699043273925781","walktrap","edit-xhwikibooks.graphml"
"0.5","0.34","0.16","0.411418709495633","1,4,1,1,1,2,1,2,2,2,1,1,2,2,2,2,8,1,1,3,4,7,2,2,2,2,2,6,4,9,10,1,3,3,1,1,5,2,4,4,4,4,7,7,7,7,4,7,7,7,4,4,4,4,4,7,7,7,7,4,11,4,4,12,13,4,4,4,4,4,7,4,2,2,4,4,4,4,4,4,4,14,6,6,6,15,4,4,4,4,16,17,18,4,4,4,19,4,4,4,4,4,4,4,4,4,4,20,21,4,4,4,4,1,1,1,1,1,1,1,1,5,5,5,5,5,5,5,5","0.000700950622558594","walktrap","edit-xhwikibooks.graphml"
"0.49","0.35","0.16","0.411418709495633","1,4,1,1,1,2,1,2,2,2,1,1,2,2,2,2,8,1,1,3,4,7,2,2,2,2,2,6,4,9,10,1,3,3,1,1,5,2,4,4,4,4,7,7,7,7,4,7,7,7,4,4,4,4,4,7,7,7,7,4,11,4,4,12,13,4,4,4,4,4,7,4,2,2,4,4,4,4,4,4,4,14,6,6,6,15,4,4,4,4,16,17,18,4,4,4,19,4,4,4,4,4,4,4,4,4,4,20,21,4,4,4,4,1,1,1,1,1,1,1,1,5,5,5,5,5,5,5,5","0.000706911087036133","walktrap","edit-xhwikibooks.graphml"
"0.48","0.36","0.16","0.410821532774749","1,4,1,1,1,2,1,2,2,2,1,1,2,2,2,2,8,1,1,3,4,7,2,2,2,2,2,6,4,9,10,1,3,3,1,1,5,2,4,4,4,4,7,7,7,7,4,7,7,7,4,4,4,4,4,7,7,7,7,4,11,4,4,12,13,4,4,4,4,4,7,4,2,2,4,4,4,4,4,4,4,14,6,6,6,15,4,4,4,4,16,17,18,4,4,4,19,4,4,4,4,4,4,4,4,4,4,20,21,4,4,4,4,1,1,1,1,1,1,1,1,5,5,5,5,5,5,5,5","0.000727176666259766","walktrap","edit-xhwikibooks.graphml"
"0.47","0.37","0.16","0.410225971016037","1,4,1,1,1,2,1,2,2,2,1,1,2,2,2,2,8,1,1,3,4,7,2,2,2,2,2,6,4,9,10,1,3,3,1,1,5,2,4,4,4,4,7,7,7,7,4,7,7,7,4,4,4,4,4,7,7,7,7,4,11,4,4,12,13,4,4,4,4,4,7,4,2,2,4,4,4,4,4,4,4,14,6,6,6,15,4,4,4,4,16,17,18,4,4,4,19,4,4,4,4,4,4,4,4,4,4,20,21,4,4,4,4,1,1,1,1,1,1,1,1,5,5,5,5,5,5,5,5","0.000720024108886719","walktrap","edit-xhwikibooks.graphml"
"0.46","0.38","0.16","0.409632018473728","1,4,1,1,1,2,1,2,2,2,1,1,2,2,2,2,8,1,1,3,4,7,2,2,2,2,2,6,4,9,10,1,3,3,1,1,5,2,4,4,4,4,7,7,7,7,4,7,7,7,4,4,4,4,4,7,7,7,7,4,11,4,4,12,13,4,4,4,4,4,7,4,2,2,4,4,4,4,4,4,4,14,6,6,6,15,4,4,4,4,16,17,18,4,4,4,19,4,4,4,4,4,4,4,4,4,4,20,21,4,4,4,4,1,1,1,1,1,1,1,1,5,5,5,5,5,5,5,5","0.000707864761352539","walktrap","edit-xhwikibooks.graphml"
"0.45","0.39","0.16","0.411538842975207","1,4,1,1,1,2,1,2,2,2,1,1,2,2,2,2,8,1,1,3,4,7,2,2,2,2,2,6,4,9,10,1,3,3,1,1,5,2,4,4,4,4,7,7,7,7,4,7,7,7,4,4,4,4,4,7,7,7,7,4,11,4,4,12,13,4,4,4,4,4,7,4,2,2,4,4,4,4,4,4,4,14,6,6,6,15,4,4,4,4,16,17,18,4,4,4,19,4,4,4,4,4,4,4,4,4,4,20,21,4,4,4,4,1,1,1,1,1,1,1,1,5,5,5,5,5,5,5,5","0.000704050064086914","walktrap","edit-xhwikibooks.graphml"
"0.44","0.4","0.16","0.414603559738268","1,4,1,1,1,2,1,2,2,2,1,1,2,2,2,2,8,1,1,3,4,7,2,2,2,2,2,6,4,9,10,1,3,3,1,1,5,2,4,4,4,4,7,7,7,7,4,7,7,7,4,4,4,4,4,7,7,7,7,4,11,4,4,12,13,4,4,4,4,4,7,4,2,2,4,4,4,4,4,4,4,14,6,6,6,15,4,4,4,4,16,17,18,4,4,4,19,4,4,4,4,4,4,4,4,4,4,20,21,4,4,4,4,1,1,1,1,1,1,1,1,5,5,5,5,5,5,5,5","0.000856876373291016","walktrap","edit-xhwikibooks.graphml"
"0.43","0.41","0.16","0.414603559738268","1,4,1,1,1,2,1,2,2,2,1,1,2,2,2,2,8,1,1,3,4,7,2,2,2,2,2,6,4,9,10,1,3,3,1,1,5,2,4,4,4,4,7,7,7,7,4,7,7,7,4,4,4,4,4,7,7,7,7,4,11,4,4,12,13,4,4,4,4,4,7,4,2,2,4,4,4,4,4,4,4,14,6,6,6,15,4,4,4,4,16,17,18,4,4,4,19,4,4,4,4,4,4,4,4,4,4,20,21,4,4,4,4,1,1,1,1,1,1,1,1,5,5,5,5,5,5,5,5","0.0007171630859375","walktrap","edit-xhwikibooks.graphml"
"0.42","0.42","0.16","0.414010673930326","1,4,1,1,1,2,1,2,2,2,1,1,2,2,2,2,8,1,1,3,4,7,2,2,2,2,2,6,4,9,10,1,3,3,1,1,5,2,4,4,4,4,7,7,7,7,4,7,7,7,4,4,4,4,4,7,7,7,7,4,11,4,4,12,13,4,4,4,4,4,7,4,2,2,4,4,4,4,4,4,4,14,6,6,6,15,4,4,4,4,16,17,18,4,4,4,19,4,4,4,4,4,4,4,4,4,4,20,21,4,4,4,4,1,1,1,1,1,1,1,1,5,5,5,5,5,5,5,5","0.000874996185302734","walktrap","edit-xhwikibooks.graphml"
"0.41","0.43","0.16","0.417533059883029","1,4,1,1,1,2,1,2,2,2,1,1,2,2,2,2,8,1,1,3,4,7,2,2,2,2,2,6,4,9,10,1,3,3,1,1,5,2,4,4,4,4,7,7,7,7,4,7,7,7,4,4,4,4,4,7,7,7,7,4,11,4,4,12,13,4,4,4,4,4,7,4,2,2,4,4,4,4,4,4,4,14,6,6,6,15,4,4,4,4,16,17,18,4,4,4,19,4,4,4,4,4,4,4,4,4,4,20,21,4,4,4,4,1,1,1,1,1,1,1,1,5,5,5,5,5,5,5,5","0.000697851181030273","walktrap","edit-xhwikibooks.graphml"
"0.4","0.44","0.16","0.416940908753936","1,4,1,1,1,2,1,2,2,2,1,1,2,2,2,2,8,1,1,3,4,7,2,2,2,2,2,6,4,9,10,1,3,3,1,1,5,2,4,4,4,4,7,7,7,7,4,7,7,7,4,4,4,4,4,7,7,7,7,4,11,4,4,12,13,4,4,4,4,4,7,4,2,2,4,4,4,4,4,4,4,14,6,6,6,15,4,4,4,4,16,17,18,4,4,4,19,4,4,4,4,4,4,4,4,4,4,20,21,4,4,4,4,1,1,1,1,1,1,1,1,5,5,5,5,5,5,5,5","0.00070500373840332","walktrap","edit-xhwikibooks.graphml"
"0.39","0.45","0.16","0.418826518158811","1,4,1,1,1,2,1,2,2,2,1,1,2,2,2,2,8,1,1,3,4,7,2,2,2,2,2,6,4,9,10,1,3,3,1,1,5,2,4,4,4,4,7,7,7,7,4,7,7,7,4,4,4,4,4,7,7,7,7,4,11,4,4,12,13,4,4,4,4,4,7,4,2,2,4,4,4,4,4,4,4,14,6,6,6,15,4,4,4,4,16,17,18,4,4,4,19,4,4,4,4,4,4,4,4,4,4,20,21,4,4,4,4,1,1,1,1,1,1,1,1,5,5,5,5,5,5,5,5","0.000701904296875","walktrap","edit-xhwikibooks.graphml"
"0.38","0.46","0.16","0.418235028689744","1,4,1,1,1,2,1,2,2,2,1,1,2,2,2,2,8,1,1,3,4,7,2,2,2,2,2,6,4,9,10,1,3,3,1,1,5,2,4,4,4,4,7,7,7,7,4,7,7,7,4,4,4,4,4,7,7,7,7,4,11,4,4,12,13,4,4,4,4,4,7,4,2,2,4,4,4,4,4,4,4,14,6,6,6,15,4,4,4,4,16,17,18,4,4,4,19,4,4,4,4,4,4,4,4,4,4,20,21,4,4,4,4,1,1,1,1,1,1,1,1,5,5,5,5,5,5,5,5","0.00070500373840332","walktrap","edit-xhwikibooks.graphml"
"0.37","0.47","0.16","0.42007493622449","1,4,1,1,1,2,1,2,2,2,1,1,2,2,2,2,8,1,1,3,4,7,2,2,2,2,2,6,4,9,10,1,3,3,1,1,5,2,4,4,4,4,7,7,7,7,4,7,7,7,4,4,4,4,4,7,7,7,7,4,11,4,4,12,13,4,4,4,4,4,7,4,2,2,4,4,4,4,4,4,4,14,6,6,6,15,4,4,4,4,16,17,18,4,4,4,19,4,4,4,4,4,4,4,4,4,4,20,21,4,4,4,4,1,1,1,1,1,1,1,1,5,5,5,5,5,5,5,5","0.00071406364440918","walktrap","edit-xhwikibooks.graphml"
"0.36","0.48","0.16","0.419484241598114","1,4,1,1,1,2,1,2,2,2,1,1,2,2,2,2,8,1,1,3,4,7,2,2,2,2,2,6,4,9,10,1,3,3,1,1,5,2,4,4,4,4,7,7,7,7,4,7,7,7,4,4,4,4,4,7,7,7,7,4,11,4,4,12,13,4,4,4,4,4,7,4,2,2,4,4,4,4,4,4,4,14,6,6,6,15,4,4,4,4,16,17,18,4,4,4,19,4,4,4,4,4,4,4,4,4,4,20,21,4,4,4,4,1,1,1,1,1,1,1,1,5,5,5,5,5,5,5,5","0.000724077224731445","walktrap","edit-xhwikibooks.graphml"
"0.35","0.49","0.16","0.396898154801493","5,4,5,1,10,1,6,2,1,1,6,11,2,2,2,1,12,13,3,8,4,9,14,2,2,2,2,1,4,15,16,17,8,18,3,3,7,2,4,4,4,4,9,9,9,9,4,9,9,9,4,4,4,4,4,9,9,9,9,4,19,4,4,20,21,4,4,4,4,4,9,4,22,23,4,4,4,4,4,4,4,24,25,26,27,28,4,4,4,4,29,30,31,4,4,4,32,4,4,4,4,4,4,4,4,4,4,33,34,4,4,4,4,3,3,3,3,3,3,3,3,7,7,7,7,7,7,7,7","0.000694036483764648","walktrap","edit-xhwikibooks.graphml"
"0.34","0.5","0.16","0.467069370891162","6,1,6,3,11,3,7,2,3,3,7,12,2,2,2,5,13,14,4,9,1,10,15,2,2,2,2,5,1,16,17,18,9,19,4,4,8,2,1,1,1,1,10,10,10,10,1,10,10,10,1,1,1,1,1,10,10,10,10,1,20,1,1,21,22,1,1,1,1,1,10,1,23,24,1,1,1,1,1,1,1,25,26,27,28,29,1,1,1,1,30,31,32,1,1,1,33,1,1,1,1,1,1,1,1,1,1,34,35,1,1,1,1,4,4,4,4,4,4,4,4,8,8,8,8,8,8,8,8","0.000730991363525391","walktrap","edit-xhwikibooks.graphml"
"0.33","0.51","0.16","0.467069370891162","6,1,6,3,11,3,7,2,3,3,7,12,2,2,2,5,13,14,4,9,1,10,15,2,2,2,2,5,1,16,17,18,9,19,4,4,8,2,1,1,1,1,10,10,10,10,1,10,10,10,1,1,1,1,1,10,10,10,10,1,20,1,1,21,22,1,1,1,1,1,10,1,23,24,1,1,1,1,1,1,1,25,26,27,28,29,1,1,1,1,30,31,32,1,1,1,33,1,1,1,1,1,1,1,1,1,1,34,35,1,1,1,1,4,4,4,4,4,4,4,4,8,8,8,8,8,8,8,8","0.000705957412719727","walktrap","edit-xhwikibooks.graphml"
"0.32","0.52","0.16","0.467069370891162","6,1,6,3,11,3,7,2,3,3,7,12,2,2,2,5,13,14,4,9,1,10,15,2,2,2,2,5,1,16,17,18,9,19,4,4,8,2,1,1,1,1,10,10,10,10,1,10,10,10,1,1,1,1,1,10,10,10,10,1,20,1,1,21,22,1,1,1,1,1,10,1,23,24,1,1,1,1,1,1,1,25,26,27,28,29,1,1,1,1,30,31,32,1,1,1,33,1,1,1,1,1,1,1,1,1,1,34,35,1,1,1,1,4,4,4,4,4,4,4,4,8,8,8,8,8,8,8,8","0.000686883926391602","walktrap","edit-xhwikibooks.graphml"
"0.31","0.53","0.16","0.495944306488107","6,1,6,3,11,3,7,2,3,3,7,12,2,2,2,5,13,14,4,9,1,10,15,2,2,2,2,5,1,16,17,18,9,19,4,4,8,2,1,1,1,1,10,10,10,10,1,10,10,10,1,1,1,1,1,10,10,10,10,1,20,1,1,21,22,1,1,1,1,1,10,1,23,24,1,1,1,1,1,1,1,25,26,27,28,29,1,1,1,1,30,31,32,1,1,1,33,1,1,1,1,1,1,1,1,1,1,34,35,1,1,1,1,4,4,4,4,4,4,4,4,8,8,8,8,8,8,8,8","0.000686883926391602","walktrap","edit-xhwikibooks.graphml"
"0.3","0.54","0.16","0.497525840481646","6,1,6,3,11,3,7,2,3,3,7,12,2,2,2,5,13,14,4,9,1,10,15,2,2,2,2,5,1,16,17,18,9,19,4,4,8,2,1,1,1,1,10,10,10,10,1,10,10,10,1,1,1,1,1,10,10,10,10,1,20,1,1,21,22,1,1,1,1,1,10,1,23,24,1,1,1,1,1,1,1,25,26,27,28,29,1,1,1,1,30,31,32,1,1,1,33,1,1,1,1,1,1,1,1,1,1,34,35,1,1,1,1,4,4,4,4,4,4,4,4,8,8,8,8,8,8,8,8","0.000692844390869141","walktrap","edit-xhwikibooks.graphml"
"0.29","0.55","0.16","0.496849711845681","6,1,6,3,11,3,7,2,3,3,7,12,2,2,2,5,13,14,4,9,1,10,15,2,2,2,2,5,1,16,17,18,9,19,4,4,8,2,1,1,1,1,10,10,10,10,1,10,10,10,1,1,1,1,1,10,10,10,10,1,20,1,1,21,22,1,1,1,1,1,10,1,23,24,1,1,1,1,1,1,1,25,26,27,28,29,1,1,1,1,30,31,32,1,1,1,33,1,1,1,1,1,1,1,1,1,1,34,35,1,1,1,1,4,4,4,4,4,4,4,4,8,8,8,8,8,8,8,8","0.000700950622558594","walktrap","edit-xhwikibooks.graphml"
"0.28","0.56","0.16","0.499912714384999","6,1,6,3,11,3,7,2,3,3,7,12,2,2,2,5,13,14,4,9,1,10,15,2,2,2,2,5,1,16,17,18,9,19,4,4,8,2,1,1,1,1,10,10,10,10,1,10,10,10,1,1,1,1,1,10,10,10,10,1,20,1,1,21,22,1,1,1,1,1,10,1,23,24,1,1,1,1,1,1,1,25,26,27,28,29,1,1,1,1,30,31,32,1,1,1,33,1,1,1,1,1,1,1,1,1,1,34,35,1,1,1,1,4,4,4,4,4,4,4,4,8,8,8,8,8,8,8,8","0.00073695182800293","walktrap","edit-xhwikibooks.graphml"
"0.27","0.57","0.16","0.499932721592103","6,1,6,3,11,3,7,2,3,3,7,12,2,2,2,5,13,14,4,9,1,10,15,2,2,2,2,5,1,16,17,18,9,19,4,4,8,2,1,1,1,1,10,10,10,10,1,10,10,10,1,1,1,1,1,10,10,10,10,1,20,1,1,21,22,1,1,1,1,1,10,1,23,24,1,1,1,1,1,1,1,25,26,27,28,29,1,1,1,1,30,31,32,1,1,1,33,1,1,1,1,1,1,1,1,1,1,34,35,1,1,1,1,4,4,4,4,4,4,4,4,8,8,8,8,8,8,8,8","0.000751972198486328","walktrap","edit-xhwikibooks.graphml"
"0.26","0.58","0.16","0.502806956952391","6,1,6,3,11,3,7,2,3,3,7,12,2,2,2,5,13,14,4,9,1,10,15,2,2,2,2,5,1,16,17,18,9,19,4,4,8,2,1,1,1,1,10,10,10,10,1,10,10,10,1,1,1,1,1,10,10,10,10,1,20,1,1,21,22,1,1,1,1,1,10,1,23,24,1,1,1,1,1,1,1,25,26,27,28,29,1,1,1,1,30,31,32,1,1,1,33,1,1,1,1,1,1,1,1,1,1,34,35,1,1,1,1,4,4,4,4,4,4,4,4,8,8,8,8,8,8,8,8","0.000668048858642578","walktrap","edit-xhwikibooks.graphml"
"0.25","0.59","0.16","0.502132943754565","6,1,6,3,11,3,7,2,3,3,7,12,2,2,2,5,13,14,4,9,1,10,15,2,2,2,2,5,1,16,17,18,9,19,4,4,8,2,1,1,1,1,10,10,10,10,1,10,10,10,1,1,1,1,1,10,10,10,10,1,20,1,1,21,22,1,1,1,1,1,10,1,23,24,1,1,1,1,1,1,1,25,26,27,28,29,1,1,1,1,30,31,32,1,1,1,33,1,1,1,1,1,1,1,1,1,1,34,35,1,1,1,1,4,4,4,4,4,4,4,4,8,8,8,8,8,8,8,8","0.000685930252075195","walktrap","edit-xhwikibooks.graphml"
"0.24","0.6","0.16","0.505315085624772","6,1,6,3,11,3,7,2,3,3,7,12,2,2,2,5,13,14,4,9,1,10,15,2,2,2,2,5,1,16,17,18,9,19,4,4,8,2,1,1,1,1,10,10,10,10,1,10,10,10,1,1,1,1,1,10,10,10,10,1,20,1,1,21,22,1,1,1,1,1,10,1,23,24,1,1,1,1,1,1,1,25,26,27,28,29,1,1,1,1,30,31,32,1,1,1,33,1,1,1,1,1,1,1,1,1,1,34,35,1,1,1,1,4,4,4,4,4,4,4,4,8,8,8,8,8,8,8,8","0.000677108764648438","walktrap","edit-xhwikibooks.graphml"
"0.23","0.61","0.16","0.50102589075562","6,1,6,3,11,3,4,2,3,3,4,12,2,2,2,5,13,14,4,9,1,10,15,2,2,2,2,5,1,16,17,18,9,19,7,7,8,2,1,1,1,1,10,10,10,10,1,10,10,10,1,1,1,1,1,10,10,10,10,1,20,1,1,21,22,1,1,1,1,1,10,1,23,24,1,1,1,1,1,1,1,25,26,27,28,29,1,1,1,1,30,31,32,1,1,1,33,1,1,1,1,1,1,1,1,1,1,34,35,1,1,1,1,7,7,7,7,7,7,7,7,8,8,8,8,8,8,8,8","0.000671863555908203","walktrap","edit-xhwikibooks.graphml"
"0.22","0.62","0.16","0.504283656031123","5,1,5,3,11,3,4,2,3,3,4,12,2,2,2,6,13,14,4,9,1,10,15,2,2,2,2,6,1,16,17,18,9,19,7,7,8,2,1,1,1,1,10,10,10,10,1,10,10,10,1,1,1,1,1,10,10,10,10,1,20,1,1,21,22,1,1,1,1,1,10,1,23,24,1,1,1,1,1,1,1,25,26,27,28,29,1,1,1,1,30,31,32,1,1,1,33,1,1,1,1,1,1,1,1,1,1,34,35,1,1,1,1,7,7,7,7,7,7,7,7,8,8,8,8,8,8,8,8","0.000695943832397461","walktrap","edit-xhwikibooks.graphml"
"0.21","0.63","0.16","0.50360831695379","5,1,5,3,11,3,4,2,3,3,4,12,2,2,2,6,13,14,4,9,1,10,15,2,2,2,2,6,1,16,17,18,9,19,7,7,8,2,1,1,1,1,10,10,10,10,1,10,10,10,1,1,1,1,1,10,10,10,10,1,20,1,1,21,22,1,1,1,1,1,10,1,23,24,1,1,1,1,1,1,1,25,26,27,28,29,1,1,1,1,30,31,32,1,1,1,33,1,1,1,1,1,1,1,1,1,1,34,35,1,1,1,1,7,7,7,7,7,7,7,7,8,8,8,8,8,8,8,8","0.00070500373840332","walktrap","edit-xhwikibooks.graphml"
"0.2","0.64","0.16","0.50360831695379","5,1,5,3,11,3,4,2,3,3,4,12,2,2,2,6,13,14,4,9,1,10,15,2,2,2,2,6,1,16,17,18,9,19,7,7,8,2,1,1,1,1,10,10,10,10,1,10,10,10,1,1,1,1,1,10,10,10,10,1,20,1,1,21,22,1,1,1,1,1,10,1,23,24,1,1,1,1,1,1,1,25,26,27,28,29,1,1,1,1,30,31,32,1,1,1,33,1,1,1,1,1,1,1,1,1,1,34,35,1,1,1,1,7,7,7,7,7,7,7,7,8,8,8,8,8,8,8,8","0.000694990158081055","walktrap","edit-xhwikibooks.graphml"
"0.19","0.65","0.16","0.500108366544175","4,2,4,1,8,1,9,1,1,1,10,11,1,1,1,5,12,13,3,14,2,7,15,1,1,1,1,5,2,16,17,18,19,20,3,3,6,1,2,2,2,2,7,7,7,7,2,7,7,7,2,2,2,2,2,7,7,7,7,2,21,2,2,22,23,2,2,2,2,2,7,2,24,25,2,2,2,2,2,2,2,26,27,28,29,30,2,2,2,2,31,32,33,2,2,2,34,2,2,2,2,2,2,2,2,2,2,35,36,2,2,2,2,3,3,3,3,3,3,3,3,6,6,6,6,6,6,6,6","0.000723123550415039","walktrap","edit-xhwikibooks.graphml"
"0.18","0.66","0.16","0.500108366544175","4,2,4,1,8,1,9,1,1,1,10,11,1,1,1,5,12,13,3,14,2,7,15,1,1,1,1,5,2,16,17,18,19,20,3,3,6,1,2,2,2,2,7,7,7,7,2,7,7,7,2,2,2,2,2,7,7,7,7,2,21,2,2,22,23,2,2,2,2,2,7,2,24,25,2,2,2,2,2,2,2,26,27,28,29,30,2,2,2,2,31,32,33,2,2,2,34,2,2,2,2,2,2,2,2,2,2,35,36,2,2,2,2,3,3,3,3,3,3,3,3,6,6,6,6,6,6,6,6","0.000716924667358398","walktrap","edit-xhwikibooks.graphml"
"0.17","0.67","0.16","0.519624832459721","6,2,6,4,9,4,10,3,4,4,11,12,3,3,3,5,13,14,1,15,2,8,16,3,3,3,3,5,2,17,18,19,20,21,1,1,7,3,2,2,2,2,8,8,8,8,2,8,8,8,2,2,2,2,2,8,8,8,8,2,22,2,2,23,24,2,2,2,2,2,8,2,25,26,2,2,2,2,2,2,2,27,28,29,30,31,2,2,2,2,32,33,34,2,2,2,35,2,2,2,2,2,2,2,2,2,2,36,37,2,2,2,2,1,1,1,1,1,1,1,1,7,7,7,7,7,7,7,7","0.000725984573364258","walktrap","edit-xhwikibooks.graphml"
"0.16","0.68","0.16","0.521232700865568","5,2,5,4,9,4,10,3,4,4,11,12,3,3,3,6,13,14,1,15,2,8,16,3,3,3,3,6,2,17,18,19,20,21,1,1,7,3,2,2,2,2,8,8,8,8,2,8,8,8,2,2,2,2,2,8,8,8,8,2,22,2,2,23,24,2,2,2,2,2,8,2,25,26,2,2,2,2,2,2,2,27,28,29,30,31,2,2,2,2,32,33,34,2,2,2,35,2,2,2,2,2,2,2,2,2,2,36,37,2,2,2,2,1,1,1,1,1,1,1,1,7,7,7,7,7,7,7,7","0.000677824020385742","walktrap","edit-xhwikibooks.graphml"
"0.15","0.69","0.16","0.521232700865568","5,2,5,4,9,4,10,3,4,4,11,12,3,3,3,6,13,14,1,15,2,8,16,3,3,3,3,6,2,17,18,19,20,21,1,1,7,3,2,2,2,2,8,8,8,8,2,8,8,8,2,2,2,2,2,8,8,8,8,2,22,2,2,23,24,2,2,2,2,2,8,2,25,26,2,2,2,2,2,2,2,27,28,29,30,31,2,2,2,2,32,33,34,2,2,2,35,2,2,2,2,2,2,2,2,2,2,36,37,2,2,2,2,1,1,1,1,1,1,1,1,7,7,7,7,7,7,7,7","0.000716924667358398","walktrap","edit-xhwikibooks.graphml"
"0.14","0.7","0.16","0.522664766133969","5,2,5,4,9,4,10,3,4,4,11,12,3,3,3,6,13,14,1,15,2,8,16,3,3,3,3,6,2,17,18,19,20,21,1,1,7,3,2,2,2,2,8,8,8,8,2,8,8,8,2,2,2,2,2,8,8,8,8,2,22,2,2,23,24,2,2,2,2,2,8,2,25,26,2,2,2,2,2,2,2,27,28,29,30,31,2,2,2,2,32,33,34,2,2,2,35,2,2,2,2,2,2,2,2,2,2,36,37,2,2,2,2,1,1,1,1,1,1,1,1,7,7,7,7,7,7,7,7","0.000695943832397461","walktrap","edit-xhwikibooks.graphml"
"0.13","0.71","0.16","0.521995532299773","5,2,5,4,9,4,10,3,4,4,11,12,3,3,3,6,13,14,1,15,2,8,16,3,3,3,3,6,2,17,18,19,20,21,1,1,7,3,2,2,2,2,8,8,8,8,2,8,8,8,2,2,2,2,2,8,8,8,8,2,22,2,2,23,24,2,2,2,2,2,8,2,25,26,2,2,2,2,2,2,2,27,28,29,30,31,2,2,2,2,32,33,34,2,2,2,35,2,2,2,2,2,2,2,2,2,2,36,37,2,2,2,2,1,1,1,1,1,1,1,1,7,7,7,7,7,7,7,7","0.000850915908813477","walktrap","edit-xhwikibooks.graphml"
"0.12","0.72","0.16","0.524594907407408","5,2,5,4,9,4,10,3,4,4,11,12,3,3,3,6,13,14,1,15,2,8,16,3,3,3,3,6,2,17,18,19,20,21,1,1,7,3,2,2,2,2,8,8,8,8,2,8,8,8,2,2,2,2,2,8,8,8,8,2,22,2,2,23,24,2,2,2,2,2,8,2,25,26,2,2,2,2,2,2,2,27,28,29,30,31,2,2,2,2,32,33,34,2,2,2,35,2,2,2,2,2,2,2,2,2,2,36,37,2,2,2,2,1,1,1,1,1,1,1,1,7,7,7,7,7,7,7,7","0.000699996948242188","walktrap","edit-xhwikibooks.graphml"
"0.11","0.73","0.16","0.52392852530119","5,2,5,4,9,4,10,3,4,4,11,12,3,3,3,6,13,14,1,15,2,8,16,3,3,3,3,6,2,17,18,19,20,21,1,1,7,3,2,2,2,2,8,8,8,8,2,8,8,8,2,2,2,2,2,8,8,8,8,2,22,2,2,23,24,2,2,2,2,2,8,2,25,26,2,2,2,2,2,2,2,27,28,29,30,31,2,2,2,2,32,33,34,2,2,2,35,2,2,2,2,2,2,2,2,2,2,36,37,2,2,2,2,1,1,1,1,1,1,1,1,7,7,7,7,7,7,7,7","0.000692844390869141","walktrap","edit-xhwikibooks.graphml"
"0.1","0.74","0.16","0.52392852530119","5,2,5,4,9,4,10,3,4,4,11,12,3,3,3,6,13,14,1,15,2,8,16,3,3,3,3,6,2,17,18,19,20,21,1,1,7,3,2,2,2,2,8,8,8,8,2,8,8,8,2,2,2,2,2,8,8,8,8,2,22,2,2,23,24,2,2,2,2,2,8,2,25,26,2,2,2,2,2,2,2,27,28,29,30,31,2,2,2,2,32,33,34,2,2,2,35,2,2,2,2,2,2,2,2,2,2,36,37,2,2,2,2,1,1,1,1,1,1,1,1,7,7,7,7,7,7,7,7","0.00067901611328125","walktrap","edit-xhwikibooks.graphml"
"0.09","0.75","0.16","0.527525395410015","6,2,6,4,9,4,10,3,4,4,11,12,3,3,3,5,13,14,1,15,2,8,16,3,3,3,3,5,2,17,18,19,20,21,1,1,7,3,2,2,2,2,8,8,8,8,2,8,8,8,2,2,2,2,2,8,8,8,8,2,22,2,2,23,24,2,2,2,2,2,8,2,25,26,2,2,2,2,2,2,2,27,28,29,30,31,2,2,2,2,32,33,34,2,2,2,35,2,2,2,2,2,2,2,2,2,2,36,37,2,2,2,2,1,1,1,1,1,1,1,1,7,7,7,7,7,7,7,7","0.000684976577758789","walktrap","edit-xhwikibooks.graphml"
"0.08","0.76","0.16","0.527525395410015","6,2,6,4,9,4,10,3,4,4,11,12,3,3,3,5,13,14,1,15,2,8,16,3,3,3,3,5,2,17,18,19,20,21,1,1,7,3,2,2,2,2,8,8,8,8,2,8,8,8,2,2,2,2,2,8,8,8,8,2,22,2,2,23,24,2,2,2,2,2,8,2,25,26,2,2,2,2,2,2,2,27,28,29,30,31,2,2,2,2,32,33,34,2,2,2,35,2,2,2,2,2,2,2,2,2,2,36,37,2,2,2,2,1,1,1,1,1,1,1,1,7,7,7,7,7,7,7,7","0.000701904296875","walktrap","edit-xhwikibooks.graphml"
"0.07","0.77","0.16","0.528233901347409","5,3,5,1,8,1,9,4,1,1,10,11,4,4,4,1,12,13,2,14,3,7,15,4,4,4,4,1,3,16,17,18,19,20,2,2,6,4,3,3,3,3,7,7,7,7,3,7,7,7,3,3,3,3,3,7,7,7,7,3,21,3,3,22,23,3,3,3,3,3,7,3,24,25,3,3,3,3,3,3,3,26,27,28,29,30,3,3,3,3,31,32,33,3,3,3,34,3,3,3,3,3,3,3,3,3,3,35,36,3,3,3,3,2,2,2,2,2,2,2,2,6,6,6,6,6,6,6,6","0.000699043273925781","walktrap","edit-xhwikibooks.graphml"
"0.06","0.78","0.16","0.528947329972971","6,2,6,4,9,4,10,3,4,4,11,12,3,3,3,5,13,14,1,15,2,8,16,3,3,3,3,5,2,17,18,19,20,21,1,1,7,3,2,2,2,2,8,8,8,8,2,8,8,8,2,2,2,2,2,8,8,8,8,2,22,2,2,23,24,2,2,2,2,2,8,2,25,26,2,2,2,2,2,2,2,27,28,29,30,31,2,2,2,2,32,33,34,2,2,2,35,2,2,2,2,2,2,2,2,2,2,36,37,2,2,2,2,1,1,1,1,1,1,1,1,7,7,7,7,7,7,7,7","0.000718832015991211","walktrap","edit-xhwikibooks.graphml"
"0.05","0.79","0.16","0.528947329972971","6,2,6,4,9,4,10,3,4,4,11,12,3,3,3,5,13,14,1,15,2,8,16,3,3,3,3,5,2,17,18,19,20,21,1,1,7,3,2,2,2,2,8,8,8,8,2,8,8,8,2,2,2,2,2,8,8,8,8,2,22,2,2,23,24,2,2,2,2,2,8,2,25,26,2,2,2,2,2,2,2,27,28,29,30,31,2,2,2,2,32,33,34,2,2,2,35,2,2,2,2,2,2,2,2,2,2,36,37,2,2,2,2,1,1,1,1,1,1,1,1,7,7,7,7,7,7,7,7","0.0007171630859375","walktrap","edit-xhwikibooks.graphml"
"0.04","0.8","0.16","0.531109722800685","6,2,6,4,9,4,10,3,4,4,11,12,3,3,3,5,13,14,1,15,2,8,16,3,3,3,3,5,2,17,18,19,20,21,1,1,7,3,2,2,2,2,8,8,8,8,2,8,8,8,2,2,2,2,2,8,8,8,8,2,22,2,2,23,24,2,2,2,2,2,8,2,25,26,2,2,2,2,2,2,2,27,28,29,30,31,2,2,2,2,32,33,34,2,2,2,35,2,2,2,2,2,2,2,2,2,2,36,37,2,2,2,2,1,1,1,1,1,1,1,1,7,7,7,7,7,7,7,7","0.000769138336181641","walktrap","edit-xhwikibooks.graphml"
"0.03","0.81","0.16","0.529727742941155","4,6,4,8,9,3,10,2,2,11,12,13,2,2,2,3,14,15,1,16,6,7,17,2,2,2,2,18,19,20,21,22,23,24,1,1,5,2,6,6,6,6,7,7,7,7,6,7,7,7,6,6,6,6,6,7,7,7,7,6,25,6,6,26,27,6,6,6,6,6,7,6,28,29,6,6,6,6,6,6,6,30,31,32,33,34,6,6,6,6,35,36,37,6,6,6,38,6,6,6,6,6,6,6,6,6,6,39,40,6,6,6,6,1,1,1,1,1,1,1,1,5,5,5,5,5,5,5,5","0.000731945037841797","walktrap","edit-xhwikibooks.graphml"
"0.02","0.82","0.16","0.529062429204828","4,6,4,8,9,3,10,2,2,11,12,13,2,2,2,3,14,15,1,16,6,7,17,2,2,2,2,18,19,20,21,22,23,24,1,1,5,2,6,6,6,6,7,7,7,7,6,7,7,7,6,6,6,6,6,7,7,7,7,6,25,6,6,26,27,6,6,6,6,6,7,6,28,29,6,6,6,6,6,6,6,30,31,32,33,34,6,6,6,6,35,36,37,6,6,6,38,6,6,6,6,6,6,6,6,6,6,39,40,6,6,6,6,1,1,1,1,1,1,1,1,5,5,5,5,5,5,5,5","0.000738859176635742","walktrap","edit-xhwikibooks.graphml"
"0.01","0.83","0.16","0.529062429204828","4,6,4,8,9,3,10,2,2,11,12,13,2,2,2,3,14,15,1,16,6,7,17,2,2,2,2,18,19,20,21,22,23,24,1,1,5,2,6,6,6,6,7,7,7,7,6,7,7,7,6,6,6,6,6,7,7,7,7,6,25,6,6,26,27,6,6,6,6,6,7,6,28,29,6,6,6,6,6,6,6,30,31,32,33,34,6,6,6,6,35,36,37,6,6,6,38,6,6,6,6,6,6,6,6,6,6,39,40,6,6,6,6,1,1,1,1,1,1,1,1,5,5,5,5,5,5,5,5","0.000720024108886719","walktrap","edit-xhwikibooks.graphml"
"0","0.84","0.16","0.530816289262235","3,6,3,3,3,4,8,2,2,9,10,11,2,2,2,4,12,13,1,14,6,7,15,2,2,2,2,16,3,17,18,19,20,21,1,1,5,2,6,6,6,6,7,7,7,7,6,7,7,7,6,6,6,6,6,7,7,7,7,6,22,6,6,23,24,6,6,6,6,6,7,6,25,26,6,6,6,6,6,6,6,27,28,29,30,31,6,6,6,6,32,33,34,6,6,6,35,6,6,6,6,6,6,6,6,6,6,36,37,6,6,6,6,1,1,1,1,1,1,1,1,5,5,5,5,5,5,5,5","0.000748872756958008","walktrap","edit-xhwikibooks.graphml"
"0.83","0","0.17","0.456653489773448","2,12,2,2,2,4,2,4,4,5,3,2,4,4,4,1,5,3,6,2,12,11,9,4,4,4,4,1,7,5,3,8,10,2,6,6,13,4,12,12,12,12,11,11,11,11,12,11,11,11,12,12,12,12,12,11,11,11,11,12,9,12,12,4,4,12,12,12,12,12,11,12,4,4,12,12,12,12,12,12,12,4,1,1,1,7,12,12,12,12,5,3,8,12,12,12,1,12,12,12,12,12,12,12,12,12,12,10,10,12,12,12,12,6,6,6,6,6,6,6,6,13,13,13,13,13,13,13,13","0.00103187561035156","walktrap","edit-xhwikibooks.graphml"
"0.82","0.01","0.17","0.456653489773448","2,12,2,2,2,4,2,4,4,5,3,2,4,4,4,1,5,3,6,2,12,11,9,4,4,4,4,1,7,5,3,8,10,2,6,6,13,4,12,12,12,12,11,11,11,11,12,11,11,11,12,12,12,12,12,11,11,11,11,12,9,12,12,4,4,12,12,12,12,12,11,12,4,4,12,12,12,12,12,12,12,4,1,1,1,7,12,12,12,12,5,3,8,12,12,12,1,12,12,12,12,12,12,12,12,12,12,10,10,12,12,12,12,6,6,6,6,6,6,6,6,13,13,13,13,13,13,13,13","0.000793933868408203","walktrap","edit-xhwikibooks.graphml"
"0.81","0.02","0.17","0.456653489773448","2,12,2,2,2,4,2,4,4,5,3,2,4,4,4,1,5,3,6,2,12,11,9,4,4,4,4,1,7,5,3,8,10,2,6,6,13,4,12,12,12,12,11,11,11,11,12,11,11,11,12,12,12,12,12,11,11,11,11,12,9,12,12,4,4,12,12,12,12,12,11,12,4,4,12,12,12,12,12,12,12,4,1,1,1,7,12,12,12,12,5,3,8,12,12,12,1,12,12,12,12,12,12,12,12,12,12,10,10,12,12,12,12,6,6,6,6,6,6,6,6,13,13,13,13,13,13,13,13","0.000936031341552734","walktrap","edit-xhwikibooks.graphml"
"0.8","0.03","0.17","0.452831237826519","2,12,2,2,2,3,2,3,3,5,4,2,3,3,3,1,5,4,6,2,12,11,9,3,3,3,3,1,7,5,4,8,10,2,6,6,13,3,12,12,12,12,11,11,11,11,12,11,11,11,12,12,12,12,12,11,11,11,11,12,9,12,12,3,3,12,12,12,12,12,11,12,3,3,12,12,12,12,12,12,12,3,1,1,1,7,12,12,12,12,5,4,8,12,12,12,1,12,12,12,12,12,12,12,12,12,12,10,10,12,12,12,12,6,6,6,6,6,6,6,6,13,13,13,13,13,13,13,13","0.000756025314331055","walktrap","edit-xhwikibooks.graphml"
"0.79","0.04","0.17","0.452831237826519","2,12,2,2,2,3,2,3,3,5,4,2,3,3,3,1,5,4,6,2,12,11,9,3,3,3,3,1,7,5,4,8,10,2,6,6,13,3,12,12,12,12,11,11,11,11,12,11,11,11,12,12,12,12,12,11,11,11,11,12,9,12,12,3,3,12,12,12,12,12,11,12,3,3,12,12,12,12,12,12,12,3,1,1,1,7,12,12,12,12,5,4,8,12,12,12,1,12,12,12,12,12,12,12,12,12,12,10,10,12,12,12,12,6,6,6,6,6,6,6,6,13,13,13,13,13,13,13,13","0.000748872756958008","walktrap","edit-xhwikibooks.graphml"
"0.78","0.05","0.17","0.421257999857554","2,11,2,2,2,3,2,3,3,5,4,2,3,3,3,1,5,4,6,2,11,13,9,3,3,3,3,1,7,5,4,8,10,2,6,6,12,3,11,11,11,11,13,13,13,13,11,13,13,13,11,11,11,11,11,13,13,13,13,11,9,11,11,3,3,11,11,11,11,11,13,11,3,3,11,11,11,11,11,11,11,3,1,1,1,7,11,11,11,11,5,4,8,11,11,11,1,11,11,11,11,11,11,11,11,11,11,10,10,11,11,11,11,6,6,6,6,6,6,6,6,12,12,12,12,12,12,12,12","0.000772953033447266","walktrap","edit-xhwikibooks.graphml"
"0.77","0.06","0.17","0.421257999857554","2,11,2,2,2,3,2,3,3,5,4,2,3,3,3,1,5,4,6,2,11,13,9,3,3,3,3,1,7,5,4,8,10,2,6,6,12,3,11,11,11,11,13,13,13,13,11,13,13,13,11,11,11,11,11,13,13,13,13,11,9,11,11,3,3,11,11,11,11,11,13,11,3,3,11,11,11,11,11,11,11,3,1,1,1,7,11,11,11,11,5,4,8,11,11,11,1,11,11,11,11,11,11,11,11,11,11,10,10,11,11,11,11,6,6,6,6,6,6,6,6,12,12,12,12,12,12,12,12","0.000761985778808594","walktrap","edit-xhwikibooks.graphml"
"0.76","0.07","0.17","0.420650072988754","2,11,2,2,2,3,2,3,3,5,4,2,3,3,3,1,5,4,6,2,11,13,9,3,3,3,3,1,7,5,4,8,10,2,6,6,12,3,11,11,11,11,13,13,13,13,11,13,13,13,11,11,11,11,11,13,13,13,13,11,9,11,11,3,3,11,11,11,11,11,13,11,3,3,11,11,11,11,11,11,11,3,1,1,1,7,11,11,11,11,5,4,8,11,11,11,1,11,11,11,11,11,11,11,11,11,11,10,10,11,11,11,11,6,6,6,6,6,6,6,6,12,12,12,12,12,12,12,12","0.000741004943847656","walktrap","edit-xhwikibooks.graphml"
"0.75","0.08","0.17","0.422521673259826","2,11,2,2,2,3,2,3,3,5,4,2,3,3,3,1,5,4,6,2,11,13,9,3,3,3,3,1,7,5,4,8,10,2,6,6,12,3,11,11,11,11,13,13,13,13,11,13,13,13,11,11,11,11,11,13,13,13,13,11,9,11,11,3,3,11,11,11,11,11,13,11,3,3,11,11,11,11,11,11,11,3,1,1,1,7,11,11,11,11,5,4,8,11,11,11,1,11,11,11,11,11,11,11,11,11,11,10,10,11,11,11,11,6,6,6,6,6,6,6,6,12,12,12,12,12,12,12,12","0.000759124755859375","walktrap","edit-xhwikibooks.graphml"
"0.74","0.09","0.17","0.421914623837701","2,11,2,2,2,3,2,3,3,5,4,2,3,3,3,1,5,4,6,2,11,13,9,3,3,3,3,1,7,5,4,8,10,2,6,6,12,3,11,11,11,11,13,13,13,13,11,13,13,13,11,11,11,11,11,13,13,13,13,11,9,11,11,3,3,11,11,11,11,11,13,11,3,3,11,11,11,11,11,11,11,3,1,1,1,7,11,11,11,11,5,4,8,11,11,11,1,11,11,11,11,11,11,11,11,11,11,10,10,11,11,11,11,6,6,6,6,6,6,6,6,12,12,12,12,12,12,12,12","0.000771999359130859","walktrap","edit-xhwikibooks.graphml"
"0.73","0.1","0.17","0.421914623837701","2,11,2,2,2,3,2,3,3,5,4,2,3,3,3,1,5,4,6,2,11,13,9,3,3,3,3,1,7,5,4,8,10,2,6,6,12,3,11,11,11,11,13,13,13,13,11,13,13,13,11,11,11,11,11,13,13,13,13,11,9,11,11,3,3,11,11,11,11,11,13,11,3,3,11,11,11,11,11,11,11,3,1,1,1,7,11,11,11,11,5,4,8,11,11,11,1,11,11,11,11,11,11,11,11,11,11,10,10,11,11,11,11,6,6,6,6,6,6,6,6,12,12,12,12,12,12,12,12","0.000771045684814453","walktrap","edit-xhwikibooks.graphml"
"0.72","0.11","0.17","0.421309185218359","2,11,2,2,2,3,2,3,3,5,4,2,3,3,3,1,5,4,6,2,11,13,9,3,3,3,3,1,7,5,4,8,10,2,6,6,12,3,11,11,11,11,13,13,13,13,11,13,13,13,11,11,11,11,11,13,13,13,13,11,9,11,11,3,3,11,11,11,11,11,13,11,3,3,11,11,11,11,11,11,11,3,1,1,1,7,11,11,11,11,5,4,8,11,11,11,1,11,11,11,11,11,11,11,11,11,11,10,10,11,11,11,11,6,6,6,6,6,6,6,6,12,12,12,12,12,12,12,12","0.000806093215942383","walktrap","edit-xhwikibooks.graphml"
"0.71","0.12","0.17","0.424967070447676","2,11,2,2,2,3,2,3,3,5,4,2,3,3,3,1,5,4,6,2,11,13,9,3,3,3,3,1,7,5,4,8,10,2,6,6,12,3,11,11,11,11,13,13,13,13,11,13,13,13,11,11,11,11,11,13,13,13,13,11,9,11,11,3,3,11,11,11,11,11,13,11,3,3,11,11,11,11,11,11,11,3,1,1,1,7,11,11,11,11,5,4,8,11,11,11,1,11,11,11,11,11,11,11,11,11,11,10,10,11,11,11,11,6,6,6,6,6,6,6,6,12,12,12,12,12,12,12,12","0.00080418586730957","walktrap","edit-xhwikibooks.graphml"
"0.7","0.13","0.17","0.424361983471074","2,11,2,2,2,3,2,3,3,5,4,2,3,3,3,1,5,4,6,2,11,13,9,3,3,3,3,1,7,5,4,8,10,2,6,6,12,3,11,11,11,11,13,13,13,13,11,13,13,13,11,11,11,11,11,13,13,13,13,11,9,11,11,3,3,11,11,11,11,11,13,11,3,3,11,11,11,11,11,11,11,3,1,1,1,7,11,11,11,11,5,4,8,11,11,11,1,11,11,11,11,11,11,11,11,11,11,10,10,11,11,11,11,6,6,6,6,6,6,6,6,12,12,12,12,12,12,12,12","0.000758886337280273","walktrap","edit-xhwikibooks.graphml"
"0.69","0.14","0.17","0.424361983471074","2,11,2,2,2,3,2,3,3,5,4,2,3,3,3,1,5,4,6,2,11,13,9,3,3,3,3,1,7,5,4,8,10,2,6,6,12,3,11,11,11,11,13,13,13,13,11,13,13,13,11,11,11,11,11,13,13,13,13,11,9,11,11,3,3,11,11,11,11,11,13,11,3,3,11,11,11,11,11,11,11,3,1,1,1,7,11,11,11,11,5,4,8,11,11,11,1,11,11,11,11,11,11,11,11,11,11,10,10,11,11,11,11,6,6,6,6,6,6,6,6,12,12,12,12,12,12,12,12","0.00076603889465332","walktrap","edit-xhwikibooks.graphml"
"0.68","0.15","0.17","0.427255247556481","2,11,2,2,2,3,2,3,3,5,4,2,3,3,3,1,5,4,6,2,11,12,9,3,3,3,3,1,7,5,4,8,10,2,6,6,13,3,11,11,11,11,12,12,12,12,11,12,12,12,11,11,11,11,11,12,12,12,12,11,9,11,11,3,3,11,11,11,11,11,12,11,3,3,11,11,11,11,11,11,11,3,1,1,1,7,11,11,11,11,5,4,8,11,11,11,1,11,11,11,11,11,11,11,11,11,11,10,10,11,11,11,11,6,6,6,6,6,6,6,6,13,13,13,13,13,13,13,13","0.000754117965698242","walktrap","edit-xhwikibooks.graphml"
"0.67","0.16","0.17","0.430976381787193","2,11,2,2,2,3,2,3,3,5,4,2,3,3,3,1,5,4,6,2,11,13,9,3,3,3,3,1,7,5,4,8,10,2,6,6,12,3,11,11,11,11,13,13,13,13,11,13,13,13,11,11,11,11,11,13,13,13,13,11,9,11,11,3,3,11,11,11,11,11,13,11,3,3,11,11,11,11,11,11,11,3,1,1,1,7,11,11,11,11,5,4,8,11,11,11,1,11,11,11,11,11,11,11,11,11,11,10,10,11,11,11,11,6,6,6,6,6,6,6,6,12,12,12,12,12,12,12,12","0.000936031341552734","walktrap","edit-xhwikibooks.graphml"
"0.66","0.17","0.17","0.432057798735854","2,11,2,2,2,3,2,3,3,5,4,2,3,3,3,1,5,4,6,2,11,13,9,3,3,3,3,1,7,5,4,8,10,2,6,6,12,3,11,11,11,11,13,13,13,13,11,13,13,13,11,11,11,11,11,13,13,13,13,11,9,11,11,3,3,11,11,11,11,11,13,11,3,3,11,11,11,11,11,11,11,3,1,1,1,7,11,11,11,11,5,4,8,11,11,11,1,11,11,11,11,11,11,11,11,11,11,10,10,11,11,11,11,6,6,6,6,6,6,6,6,12,12,12,12,12,12,12,12","0.000941038131713867","walktrap","edit-xhwikibooks.graphml"
"0.65","0.18","0.17","0.425921550094518","3,6,3,3,3,1,3,1,1,5,3,3,1,1,1,2,5,7,4,3,6,10,1,1,1,1,1,2,6,5,7,4,8,3,4,4,9,1,6,6,6,6,10,10,10,10,6,10,10,10,6,6,6,6,6,10,10,10,10,6,11,6,6,1,1,6,6,6,6,6,10,6,1,1,6,6,6,6,6,6,6,1,2,2,2,12,6,6,6,6,13,14,15,6,6,6,2,6,6,6,6,6,6,6,6,6,6,8,8,6,6,6,6,4,4,4,4,4,4,4,4,9,9,9,9,9,9,9,9","0.000845909118652344","walktrap","edit-xhwikibooks.graphml"
"0.64","0.19","0.17","0.42531776370218","3,6,3,3,3,1,3,1,1,5,3,3,1,1,1,2,5,7,4,3,6,10,1,1,1,1,1,2,6,5,7,4,8,3,4,4,9,1,6,6,6,6,10,10,10,10,6,10,10,10,6,6,6,6,6,10,10,10,10,6,11,6,6,1,1,6,6,6,6,6,10,6,1,1,6,6,6,6,6,6,6,1,2,2,2,12,6,6,6,6,13,14,15,6,6,6,2,6,6,6,6,6,6,6,6,6,6,8,8,6,6,6,6,4,4,4,4,4,4,4,4,9,9,9,9,9,9,9,9","0.000842809677124023","walktrap","edit-xhwikibooks.graphml"
"0.63","0.2","0.17","0.420321408691012","1,6,1,1,1,1,1,2,1,5,1,1,3,2,2,1,5,7,4,1,6,11,3,3,2,2,2,8,6,5,7,4,9,1,4,4,10,2,6,6,6,6,11,11,11,11,6,11,11,11,6,6,6,6,6,11,11,11,11,6,12,6,6,3,2,6,6,6,6,6,11,6,2,2,6,6,6,6,6,6,6,2,8,8,8,13,6,6,6,6,14,15,16,6,6,6,1,6,6,6,6,6,6,6,6,6,6,9,9,6,6,6,6,4,4,4,4,4,4,4,4,10,10,10,10,10,10,10,10","0.000755071640014648","walktrap","edit-xhwikibooks.graphml"
"0.62","0.21","0.17","0.41972209094728","1,6,1,1,1,1,1,2,1,5,1,1,3,2,2,1,5,7,4,1,6,11,3,3,2,2,2,8,6,5,7,4,9,1,4,4,10,2,6,6,6,6,11,11,11,11,6,11,11,11,6,6,6,6,6,11,11,11,11,6,12,6,6,3,2,6,6,6,6,6,11,6,2,2,6,6,6,6,6,6,6,2,8,8,8,13,6,6,6,6,14,15,16,6,6,6,1,6,6,6,6,6,6,6,6,6,6,9,9,6,6,6,6,4,4,4,4,4,4,4,4,10,10,10,10,10,10,10,10","0.000755071640014648","walktrap","edit-xhwikibooks.graphml"
"0.61","0.22","0.17","0.41972209094728","1,6,1,1,1,1,1,2,1,5,1,1,3,2,2,1,5,7,4,1,6,11,3,3,2,2,2,8,6,5,7,4,9,1,4,4,10,2,6,6,6,6,11,11,11,11,6,11,11,11,6,6,6,6,6,11,11,11,11,6,12,6,6,3,2,6,6,6,6,6,11,6,2,2,6,6,6,6,6,6,6,2,8,8,8,13,6,6,6,6,14,15,16,6,6,6,1,6,6,6,6,6,6,6,6,6,6,9,9,6,6,6,6,4,4,4,4,4,4,4,4,10,10,10,10,10,10,10,10","0.000747919082641602","walktrap","edit-xhwikibooks.graphml"
"0.6","0.23","0.17","0.422741660579498","1,6,1,1,1,1,1,2,1,5,1,1,3,2,2,1,5,7,4,1,6,10,3,3,2,2,2,8,6,5,7,4,9,1,4,4,11,2,6,6,6,6,10,10,10,10,6,10,10,10,6,6,6,6,6,10,10,10,10,6,12,6,6,3,2,6,6,6,6,6,10,6,2,2,6,6,6,6,6,6,6,2,8,8,8,13,6,6,6,6,14,15,16,6,6,6,1,6,6,6,6,6,6,6,6,6,6,9,9,6,6,6,6,4,4,4,4,4,4,4,4,11,11,11,11,11,11,11,11","0.000759124755859375","walktrap","edit-xhwikibooks.graphml"
"0.59","0.24","0.17","0.42456394596553","1,6,1,1,1,1,1,2,1,5,1,1,3,2,2,1,5,7,4,1,6,11,3,3,2,2,2,8,6,5,7,4,9,1,4,4,10,2,6,6,6,6,11,11,11,11,6,11,11,11,6,6,6,6,6,11,11,11,11,6,12,6,6,3,2,6,6,6,6,6,11,6,2,2,6,6,6,6,6,6,6,2,8,8,8,13,6,6,6,6,14,15,16,6,6,6,1,6,6,6,6,6,6,6,6,6,6,9,9,6,6,6,6,4,4,4,4,4,4,4,4,10,10,10,10,10,10,10,10","0.000758886337280273","walktrap","edit-xhwikibooks.graphml"
"0.58","0.25","0.17","0.42953443877551","1,6,1,1,1,1,1,2,1,5,1,1,3,2,2,1,5,7,4,1,6,11,3,3,2,2,2,8,6,5,7,4,9,1,4,4,10,2,6,6,6,6,11,11,11,11,6,11,11,11,6,6,6,6,6,11,11,11,11,6,12,6,6,3,2,6,6,6,6,6,11,6,2,2,6,6,6,6,6,6,6,2,8,8,8,13,6,6,6,6,14,15,16,6,6,6,1,6,6,6,6,6,6,6,6,6,6,9,9,6,6,6,6,4,4,4,4,4,4,4,4,10,10,10,10,10,10,10,10","0.000863790512084961","walktrap","edit-xhwikibooks.graphml"
"0.57","0.26","0.17","0.42953443877551","1,6,1,1,1,1,1,2,1,5,1,1,3,2,2,1,5,7,4,1,6,11,3,3,2,2,2,8,6,5,7,4,9,1,4,4,10,2,6,6,6,6,11,11,11,11,6,11,11,11,6,6,6,6,6,11,11,11,11,6,12,6,6,3,2,6,6,6,6,6,11,6,2,2,6,6,6,6,6,6,6,2,8,8,8,13,6,6,6,6,14,15,16,6,6,6,1,6,6,6,6,6,6,6,6,6,6,9,9,6,6,6,6,4,4,4,4,4,4,4,4,10,10,10,10,10,10,10,10","0.00129294395446777","walktrap","edit-xhwikibooks.graphml"
"0.56","0.27","0.17","0.42953443877551","1,6,1,1,1,1,1,2,1,5,1,1,3,2,2,1,5,7,4,1,6,11,3,3,2,2,2,8,6,5,7,4,9,1,4,4,10,2,6,6,6,6,11,11,11,11,6,11,11,11,6,6,6,6,6,11,11,11,11,6,12,6,6,3,2,6,6,6,6,6,11,6,2,2,6,6,6,6,6,6,6,2,8,8,8,13,6,6,6,6,14,15,16,6,6,6,1,6,6,6,6,6,6,6,6,6,6,9,9,6,6,6,6,4,4,4,4,4,4,4,4,10,10,10,10,10,10,10,10","0.00119781494140625","walktrap","edit-xhwikibooks.graphml"
"0.55","0.28","0.17","0.430766454325553","1,6,1,1,1,1,1,2,1,5,1,1,3,2,2,1,5,7,4,1,6,11,3,3,2,2,2,8,6,5,7,4,9,1,4,4,10,2,6,6,6,6,11,11,11,11,6,11,11,11,6,6,6,6,6,11,11,11,11,6,12,6,6,3,2,6,6,6,6,6,11,6,2,2,6,6,6,6,6,6,6,2,8,8,8,13,6,6,6,6,14,15,16,6,6,6,1,6,6,6,6,6,6,6,6,6,6,9,9,6,6,6,6,4,4,4,4,4,4,4,4,10,10,10,10,10,10,10,10","0.000946998596191406","walktrap","edit-xhwikibooks.graphml"
"0.54","0.29","0.17","0.434183391177506","1,6,1,1,1,1,1,2,1,5,1,1,3,2,2,1,5,7,4,1,6,11,3,3,2,2,2,8,6,5,7,4,9,1,4,4,10,2,6,6,6,6,11,11,11,11,6,11,11,11,6,6,6,6,6,11,11,11,11,6,12,6,6,3,2,6,6,6,6,6,11,6,2,2,6,6,6,6,6,6,6,2,8,8,8,13,6,6,6,6,14,15,16,6,6,6,1,6,6,6,6,6,6,6,6,6,6,9,9,6,6,6,6,4,4,4,4,4,4,4,4,10,10,10,10,10,10,10,10","0.000808000564575195","walktrap","edit-xhwikibooks.graphml"
"0.53","0.3","0.17","0.433584462369802","1,6,1,1,1,1,1,2,1,5,1,1,3,2,2,1,5,7,4,1,6,11,3,3,2,2,2,8,6,5,7,4,9,1,4,4,10,2,6,6,6,6,11,11,11,11,6,11,11,11,6,6,6,6,6,11,11,11,11,6,12,6,6,3,2,6,6,6,6,6,11,6,2,2,6,6,6,6,6,6,6,2,8,8,8,13,6,6,6,6,14,15,16,6,6,6,1,6,6,6,6,6,6,6,6,6,6,9,9,6,6,6,6,4,4,4,4,4,4,4,4,10,10,10,10,10,10,10,10","0.000837087631225586","walktrap","edit-xhwikibooks.graphml"
"0.52","0.31","0.17","0.435334440435016","1,6,1,1,1,1,1,2,1,5,1,1,3,2,2,1,5,7,4,1,6,11,3,3,2,2,2,8,6,5,7,4,9,1,4,4,10,2,6,6,6,6,11,11,11,11,6,11,11,11,6,6,6,6,6,11,11,11,11,6,12,6,6,3,2,6,6,6,6,6,11,6,2,2,6,6,6,6,6,6,6,2,8,8,8,13,6,6,6,6,14,15,16,6,6,6,1,6,6,6,6,6,6,6,6,6,6,9,9,6,6,6,6,4,4,4,4,4,4,4,4,10,10,10,10,10,10,10,10","0.000844001770019531","walktrap","edit-xhwikibooks.graphml"
"0.51","0.32","0.17","0.434736491761771","1,6,1,1,1,1,1,2,1,5,1,1,3,2,2,1,5,7,4,1,6,11,3,3,2,2,2,8,6,5,7,4,9,1,4,4,10,2,6,6,6,6,11,11,11,11,6,11,11,11,6,6,6,6,6,11,11,11,11,6,12,6,6,3,2,6,6,6,6,6,11,6,2,2,6,6,6,6,6,6,6,2,8,8,8,13,6,6,6,6,14,15,16,6,6,6,1,6,6,6,6,6,6,6,6,6,6,9,9,6,6,6,6,4,4,4,4,4,4,4,4,10,10,10,10,10,10,10,10","0.000751972198486328","walktrap","edit-xhwikibooks.graphml"
"0.5","0.33","0.17","0.434736491761771","1,6,1,1,1,1,1,2,1,5,1,1,3,2,2,1,5,7,4,1,6,11,3,3,2,2,2,8,6,5,7,4,9,1,4,4,10,2,6,6,6,6,11,11,11,11,6,11,11,11,6,6,6,6,6,11,11,11,11,6,12,6,6,3,2,6,6,6,6,6,11,6,2,2,6,6,6,6,6,6,6,2,8,8,8,13,6,6,6,6,14,15,16,6,6,6,1,6,6,6,6,6,6,6,6,6,6,9,9,6,6,6,6,4,4,4,4,4,4,4,4,10,10,10,10,10,10,10,10","0.00075221061706543","walktrap","edit-xhwikibooks.graphml"
"0.49","0.34","0.17","0.459610184102691","2,7,2,2,2,3,2,3,3,6,2,2,4,3,3,1,6,8,5,2,7,11,4,4,3,3,3,1,7,6,8,5,9,2,5,5,10,3,7,7,7,7,11,11,11,11,7,11,11,11,7,7,7,7,7,11,11,11,11,7,12,7,7,4,3,7,7,7,7,7,11,7,3,3,7,7,7,7,7,7,7,3,1,1,1,13,7,7,7,7,14,15,16,7,7,7,1,7,7,7,7,7,7,7,7,7,7,9,9,7,7,7,7,5,5,5,5,5,5,5,5,10,10,10,10,10,10,10,10","0.000772953033447266","walktrap","edit-xhwikibooks.graphml"
"0.48","0.35","0.17","0.448855995403198","1,5,1,1,2,1,2,1,1,1,2,2,1,1,1,1,9,2,3,4,5,8,1,1,1,1,1,6,5,10,11,3,4,4,3,3,7,1,5,5,5,5,8,8,8,8,5,8,8,8,5,5,5,5,5,8,8,8,8,5,12,5,5,13,14,5,5,5,5,5,8,5,1,1,5,5,5,5,5,5,5,15,6,6,6,16,5,5,5,5,17,18,19,5,5,5,20,5,5,5,5,5,5,5,5,5,5,21,22,5,5,5,5,3,3,3,3,3,3,3,3,7,7,7,7,7,7,7,7","0.000737190246582031","walktrap","edit-xhwikibooks.graphml"
"0.47","0.36","0.17","0.448253124152908","1,5,1,1,2,1,2,1,1,1,2,2,1,1,1,1,9,2,3,4,5,8,1,1,1,1,1,6,5,10,11,3,4,4,3,3,7,1,5,5,5,5,8,8,8,8,5,8,8,8,5,5,5,5,5,8,8,8,8,5,12,5,5,13,14,5,5,5,5,5,8,5,1,1,5,5,5,5,5,5,5,15,6,6,6,16,5,5,5,5,17,18,19,5,5,5,20,5,5,5,5,5,5,5,5,5,5,21,22,5,5,5,5,3,3,3,3,3,3,3,3,7,7,7,7,7,7,7,7","0.000768899917602539","walktrap","edit-xhwikibooks.graphml"
"0.46","0.37","0.17","0.424793706171498","1,5,1,1,2,1,2,1,1,1,2,2,1,1,1,1,9,2,3,4,5,8,1,1,1,1,1,7,5,10,11,3,4,4,3,3,6,1,5,5,5,5,8,8,8,8,5,8,8,8,5,5,5,5,5,8,8,8,8,5,12,5,5,13,14,5,5,5,5,5,8,5,1,1,5,5,5,5,5,5,5,15,7,7,7,16,5,5,5,5,17,18,19,5,5,5,20,5,5,5,5,5,5,5,5,5,5,21,22,5,5,5,5,3,3,3,3,3,3,3,3,6,6,6,6,6,6,6,6","0.00125503540039062","walktrap","edit-xhwikibooks.graphml"
"0.45","0.38","0.17","0.424201504540216","1,5,1,1,2,1,2,1,1,1,2,2,1,1,1,1,9,2,3,4,5,8,1,1,1,1,1,7,5,10,11,3,4,4,3,3,6,1,5,5,5,5,8,8,8,8,5,8,8,8,5,5,5,5,5,8,8,8,8,5,12,5,5,13,14,5,5,5,5,5,8,5,1,1,5,5,5,5,5,5,5,15,7,7,7,16,5,5,5,5,17,18,19,5,5,5,20,5,5,5,5,5,5,5,5,5,5,21,22,5,5,5,5,3,3,3,3,3,3,3,3,6,6,6,6,6,6,6,6","0.00113892555236816","walktrap","edit-xhwikibooks.graphml"
"0.44","0.39","0.17","0.415318824077429","2,4,2,2,1,2,1,2,2,2,1,1,2,2,2,2,8,1,1,3,4,7,2,2,2,2,2,6,4,9,10,1,3,3,1,1,5,2,4,4,4,4,7,7,7,7,4,7,7,7,4,4,4,4,4,7,7,7,7,4,11,4,4,12,13,4,4,4,4,4,7,4,2,2,4,4,4,4,4,4,4,14,6,6,6,15,4,4,4,4,16,17,18,4,4,4,19,4,4,4,4,4,4,4,4,4,4,20,21,4,4,4,4,1,1,1,1,1,1,1,1,5,5,5,5,5,5,5,5","0.00123095512390137","walktrap","edit-xhwikibooks.graphml"
"0.43","0.4","0.17","0.419948732882959","2,5,2,2,2,1,2,1,1,1,2,2,1,1,1,1,9,2,3,4,5,8,1,1,1,1,1,7,5,10,11,3,4,4,3,3,6,1,5,5,5,5,8,8,8,8,5,8,8,8,5,5,5,5,5,8,8,8,8,5,12,5,5,13,14,5,5,5,5,5,8,5,1,1,5,5,5,5,5,5,5,15,7,7,7,16,5,5,5,5,17,18,19,5,5,5,20,5,5,5,5,5,5,5,5,5,5,21,22,5,5,5,5,3,3,3,3,3,3,3,3,6,6,6,6,6,6,6,6","0.00126791000366211","walktrap","edit-xhwikibooks.graphml"
"0.42","0.41","0.17","0.419948732882959","2,5,2,2,2,1,2,1,1,1,2,2,1,1,1,1,9,2,3,4,5,8,1,1,1,1,1,7,5,10,11,3,4,4,3,3,6,1,5,5,5,5,8,8,8,8,5,8,8,8,5,5,5,5,5,8,8,8,8,5,12,5,5,13,14,5,5,5,5,5,8,5,1,1,5,5,5,5,5,5,5,15,7,7,7,16,5,5,5,5,17,18,19,5,5,5,20,5,5,5,5,5,5,5,5,5,5,21,22,5,5,5,5,3,3,3,3,3,3,3,3,6,6,6,6,6,6,6,6","0.00120401382446289","walktrap","edit-xhwikibooks.graphml"
"0.41","0.42","0.17","0.419352678571429","2,5,2,2,2,1,2,1,1,1,2,2,1,1,1,1,9,2,3,4,5,8,1,1,1,1,1,7,5,10,11,3,4,4,3,3,6,1,5,5,5,5,8,8,8,8,5,8,8,8,5,5,5,5,5,8,8,8,8,5,12,5,5,13,14,5,5,5,5,5,8,5,1,1,5,5,5,5,5,5,5,15,7,7,7,16,5,5,5,5,17,18,19,5,5,5,20,5,5,5,5,5,5,5,5,5,5,21,22,5,5,5,5,3,3,3,3,3,3,3,3,6,6,6,6,6,6,6,6","0.00127601623535156","walktrap","edit-xhwikibooks.graphml"
"0.4","0.43","0.17","0.422851154367346","2,5,2,2,2,1,2,1,1,1,2,2,1,1,1,1,9,2,3,4,5,8,1,1,1,1,1,7,5,10,11,3,4,4,3,3,6,1,5,5,5,5,8,8,8,8,5,8,8,8,5,5,5,5,5,8,8,8,8,5,12,5,5,13,14,5,5,5,5,5,8,5,1,1,5,5,5,5,5,5,5,15,7,7,7,16,5,5,5,5,17,18,19,5,5,5,20,5,5,5,5,5,5,5,5,5,5,21,22,5,5,5,5,3,3,3,3,3,3,3,3,6,6,6,6,6,6,6,6","0.00124812126159668","walktrap","edit-xhwikibooks.graphml"
"0.39","0.44","0.17","0.422255804195363","2,5,2,2,2,1,2,1,1,1,2,2,1,1,1,1,9,2,3,4,5,8,1,1,1,1,1,7,5,10,11,3,4,4,3,3,6,1,5,5,5,5,8,8,8,8,5,8,8,8,5,5,5,5,5,8,8,8,8,5,12,5,5,13,14,5,5,5,5,5,8,5,1,1,5,5,5,5,5,5,5,15,7,7,7,16,5,5,5,5,17,18,19,5,5,5,20,5,5,5,5,5,5,5,5,5,5,21,22,5,5,5,5,3,3,3,3,3,3,3,3,6,6,6,6,6,6,6,6","0.00140619277954102","walktrap","edit-xhwikibooks.graphml"
"0.38","0.45","0.17","0.425893961939071","2,5,2,2,2,1,2,1,1,1,2,2,1,1,1,1,9,2,3,4,5,8,1,1,1,1,1,7,5,10,11,3,4,4,3,3,6,1,5,5,5,5,8,8,8,8,5,8,8,8,5,5,5,5,5,8,8,8,8,5,12,5,5,13,14,5,5,5,5,5,8,5,1,1,5,5,5,5,5,5,5,15,7,7,7,16,5,5,5,5,17,18,19,5,5,5,20,5,5,5,5,5,5,5,5,5,5,21,22,5,5,5,5,3,3,3,3,3,3,3,3,6,6,6,6,6,6,6,6","0.0014801025390625","walktrap","edit-xhwikibooks.graphml"
"0.37","0.46","0.17","0.425298730162694","2,5,2,2,2,1,2,1,1,1,2,2,1,1,1,1,9,2,3,4,5,8,1,1,1,1,1,7,5,10,11,3,4,4,3,3,6,1,5,5,5,5,8,8,8,8,5,8,8,8,5,5,5,5,5,8,8,8,8,5,12,5,5,13,14,5,5,5,5,5,8,5,1,1,5,5,5,5,5,5,5,15,7,7,7,16,5,5,5,5,17,18,19,5,5,5,20,5,5,5,5,5,5,5,5,5,5,21,22,5,5,5,5,3,3,3,3,3,3,3,3,6,6,6,6,6,6,6,6","0.00154590606689453","walktrap","edit-xhwikibooks.graphml"
"0.36","0.47","0.17","0.427084596984656","2,5,2,2,2,1,2,1,1,1,2,2,1,1,1,1,9,2,3,4,5,8,1,1,1,1,1,7,5,10,11,3,4,4,3,3,6,1,5,5,5,5,8,8,8,8,5,8,8,8,5,5,5,5,5,8,8,8,8,5,12,5,5,13,14,5,5,5,5,5,8,5,1,1,5,5,5,5,5,5,5,15,7,7,7,16,5,5,5,5,17,18,19,5,5,5,20,5,5,5,5,5,5,5,5,5,5,21,22,5,5,5,5,3,3,3,3,3,3,3,3,6,6,6,6,6,6,6,6","0.0014798641204834","walktrap","edit-xhwikibooks.graphml"
"0.35","0.48","0.17","0.426490279706407","2,5,2,2,2,1,2,1,1,1,2,2,1,1,1,1,9,2,3,4,5,8,1,1,1,1,1,7,5,10,11,3,4,4,3,3,6,1,5,5,5,5,8,8,8,8,5,8,8,8,5,5,5,5,5,8,8,8,8,5,12,5,5,13,14,5,5,5,5,5,8,5,1,1,5,5,5,5,5,5,5,15,7,7,7,16,5,5,5,5,17,18,19,5,5,5,20,5,5,5,5,5,5,5,5,5,5,21,22,5,5,5,5,3,3,3,3,3,3,3,3,6,6,6,6,6,6,6,6","0.0011138916015625","walktrap","edit-xhwikibooks.graphml"
"0.34","0.49","0.17","0.426490279706407","2,5,2,2,2,1,2,1,1,1,2,2,1,1,1,1,9,2,3,4,5,8,1,1,1,1,1,7,5,10,11,3,4,4,3,3,6,1,5,5,5,5,8,8,8,8,5,8,8,8,5,5,5,5,5,8,8,8,8,5,12,5,5,13,14,5,5,5,5,5,8,5,1,1,5,5,5,5,5,5,5,15,7,7,7,16,5,5,5,5,17,18,19,5,5,5,20,5,5,5,5,5,5,5,5,5,5,21,22,5,5,5,5,3,3,3,3,3,3,3,3,6,6,6,6,6,6,6,6","0.000952005386352539","walktrap","edit-xhwikibooks.graphml"
"0.33","0.5","0.17","0.489082388382224","1,4,1,1,1,1,1,2,1,1,1,1,2,2,2,1,9,1,3,5,4,8,2,2,2,2,2,7,4,10,11,3,5,5,3,3,6,2,4,4,4,4,8,8,8,8,4,8,8,8,4,4,4,4,4,8,8,8,8,4,12,4,4,13,14,4,4,4,4,4,8,4,2,2,4,4,4,4,4,4,4,15,7,7,7,16,4,4,4,4,17,18,19,4,4,4,20,4,4,4,4,4,4,4,4,4,4,21,22,4,4,4,4,3,3,3,3,3,3,3,3,6,6,6,6,6,6,6,6","0.000737190246582031","walktrap","edit-xhwikibooks.graphml"
"0.32","0.51","0.17","0.489082388382224","1,4,1,1,1,1,1,2,1,1,1,1,2,2,2,1,9,1,3,5,4,8,2,2,2,2,2,7,4,10,11,3,5,5,3,3,6,2,4,4,4,4,8,8,8,8,4,8,8,8,4,4,4,4,4,8,8,8,8,4,12,4,4,13,14,4,4,4,4,4,8,4,2,2,4,4,4,4,4,4,4,15,7,7,7,16,4,4,4,4,17,18,19,4,4,4,20,4,4,4,4,4,4,4,4,4,4,21,22,4,4,4,4,3,3,3,3,3,3,3,3,6,6,6,6,6,6,6,6","0.000719070434570312","walktrap","edit-xhwikibooks.graphml"
"0.31","0.52","0.17","0.470820872851525","4,1,4,3,11,3,6,2,3,3,6,12,2,2,2,5,13,14,7,9,1,10,15,2,2,2,2,5,1,16,17,18,9,19,7,7,8,2,1,1,1,1,10,10,10,10,1,10,10,10,1,1,1,1,1,10,10,10,10,1,20,1,1,21,22,1,1,1,1,1,10,1,23,24,1,1,1,1,1,1,1,25,26,27,28,29,1,1,1,1,30,31,32,1,1,1,33,1,1,1,1,1,1,1,1,1,1,34,35,1,1,1,1,7,7,7,7,7,7,7,7,8,8,8,8,8,8,8,8","0.00072789192199707","walktrap","edit-xhwikibooks.graphml"
"0.3","0.53","0.17","0.470222222222222","4,1,4,3,11,3,6,2,3,3,6,12,2,2,2,5,13,14,7,9,1,10,15,2,2,2,2,5,1,16,17,18,9,19,7,7,8,2,1,1,1,1,10,10,10,10,1,10,10,10,1,1,1,1,1,10,10,10,10,1,20,1,1,21,22,1,1,1,1,1,10,1,23,24,1,1,1,1,1,1,1,25,26,27,28,29,1,1,1,1,30,31,32,1,1,1,33,1,1,1,1,1,1,1,1,1,1,34,35,1,1,1,1,7,7,7,7,7,7,7,7,8,8,8,8,8,8,8,8","0.000698089599609375","walktrap","edit-xhwikibooks.graphml"
"0.29","0.54","0.17","0.470252777777778","4,1,4,3,11,3,6,2,3,3,6,12,2,2,2,5,13,14,7,9,1,10,15,2,2,2,2,5,1,16,17,18,9,19,7,7,8,2,1,1,1,1,10,10,10,10,1,10,10,10,1,1,1,1,1,10,10,10,10,1,20,1,1,21,22,1,1,1,1,1,10,1,23,24,1,1,1,1,1,1,1,25,26,27,28,29,1,1,1,1,30,31,32,1,1,1,33,1,1,1,1,1,1,1,1,1,1,34,35,1,1,1,1,7,7,7,7,7,7,7,7,8,8,8,8,8,8,8,8","0.000719070434570312","walktrap","edit-xhwikibooks.graphml"
"0.28","0.55","0.17","0.469655399625139","4,1,4,3,11,3,6,2,3,3,6,12,2,2,2,5,13,14,7,9,1,10,15,2,2,2,2,5,1,16,17,18,9,19,7,7,8,2,1,1,1,1,10,10,10,10,1,10,10,10,1,1,1,1,1,10,10,10,10,1,20,1,1,21,22,1,1,1,1,1,10,1,23,24,1,1,1,1,1,1,1,25,26,27,28,29,1,1,1,1,30,31,32,1,1,1,33,1,1,1,1,1,1,1,1,1,1,34,35,1,1,1,1,7,7,7,7,7,7,7,7,8,8,8,8,8,8,8,8","0.000735998153686523","walktrap","edit-xhwikibooks.graphml"
"0.27","0.56","0.17","0.472650566955163","4,1,4,3,11,3,6,2,3,3,6,12,2,2,2,5,13,14,7,9,1,10,15,2,2,2,2,5,1,16,17,18,9,19,7,7,8,2,1,1,1,1,10,10,10,10,1,10,10,10,1,1,1,1,1,10,10,10,10,1,20,1,1,21,22,1,1,1,1,1,10,1,23,24,1,1,1,1,1,1,1,25,26,27,28,29,1,1,1,1,30,31,32,1,1,1,33,1,1,1,1,1,1,1,1,1,1,34,35,1,1,1,1,7,7,7,7,7,7,7,7,8,8,8,8,8,8,8,8","0.000751972198486328","walktrap","edit-xhwikibooks.graphml"
"0.26","0.57","0.17","0.471459599754115","4,1,4,3,11,3,6,2,3,3,6,12,2,2,2,5,13,14,7,9,1,10,15,2,2,2,2,5,1,16,17,18,9,19,7,7,8,2,1,1,1,1,10,10,10,10,1,10,10,10,1,1,1,1,1,10,10,10,10,1,20,1,1,21,22,1,1,1,1,1,10,1,23,24,1,1,1,1,1,1,1,25,26,27,28,29,1,1,1,1,30,31,32,1,1,1,33,1,1,1,1,1,1,1,1,1,1,34,35,1,1,1,1,7,7,7,7,7,7,7,7,8,8,8,8,8,8,8,8","0.000746965408325195","walktrap","edit-xhwikibooks.graphml"
"0.25","0.58","0.17","0.474290878791909","4,1,4,3,11,3,6,2,3,3,6,12,2,2,2,5,13,14,7,9,1,10,15,2,2,2,2,5,1,16,17,18,9,19,7,7,8,2,1,1,1,1,10,10,10,10,1,10,10,10,1,1,1,1,1,10,10,10,10,1,20,1,1,21,22,1,1,1,1,1,10,1,23,24,1,1,1,1,1,1,1,25,26,27,28,29,1,1,1,1,30,31,32,1,1,1,33,1,1,1,1,1,1,1,1,1,1,34,35,1,1,1,1,7,7,7,7,7,7,7,7,8,8,8,8,8,8,8,8","0.000742912292480469","walktrap","edit-xhwikibooks.graphml"
"0.24","0.59","0.17","0.473697736322714","4,1,4,3,11,3,6,2,3,3,6,12,2,2,2,5,13,14,7,9,1,10,15,2,2,2,2,5,1,16,17,18,9,19,7,7,8,2,1,1,1,1,10,10,10,10,1,10,10,10,1,1,1,1,1,10,10,10,10,1,20,1,1,21,22,1,1,1,1,1,10,1,23,24,1,1,1,1,1,1,1,25,26,27,28,29,1,1,1,1,30,31,32,1,1,1,33,1,1,1,1,1,1,1,1,1,1,34,35,1,1,1,1,7,7,7,7,7,7,7,7,8,8,8,8,8,8,8,8","0.000730991363525391","walktrap","edit-xhwikibooks.graphml"
"0.23","0.6","0.17","0.476801934963719","4,1,4,3,11,3,6,2,3,3,6,12,2,2,2,5,13,14,7,9,1,10,15,2,2,2,2,5,1,16,17,18,9,19,7,7,8,2,1,1,1,1,10,10,10,10,1,10,10,10,1,1,1,1,1,10,10,10,10,1,20,1,1,21,22,1,1,1,1,1,10,1,23,24,1,1,1,1,1,1,1,25,26,27,28,29,1,1,1,1,30,31,32,1,1,1,33,1,1,1,1,1,1,1,1,1,1,34,35,1,1,1,1,7,7,7,7,7,7,7,7,8,8,8,8,8,8,8,8","0.000712156295776367","walktrap","edit-xhwikibooks.graphml"
"0.22","0.61","0.17","0.477850399419027","4,1,4,3,11,3,6,2,3,3,6,12,2,2,2,5,13,14,7,9,1,10,15,2,2,2,2,5,1,16,17,18,9,19,7,7,8,2,1,1,1,1,10,10,10,10,1,10,10,10,1,1,1,1,1,10,10,10,10,1,20,1,1,21,22,1,1,1,1,1,10,1,23,24,1,1,1,1,1,1,1,25,26,27,28,29,1,1,1,1,30,31,32,1,1,1,33,1,1,1,1,1,1,1,1,1,1,34,35,1,1,1,1,7,7,7,7,7,7,7,7,8,8,8,8,8,8,8,8","0.000710964202880859","walktrap","edit-xhwikibooks.graphml"
"0.21","0.62","0.17","0.479337039510976","4,1,4,3,11,3,6,2,3,3,6,12,2,2,2,5,13,14,7,9,1,10,15,2,2,2,2,5,1,16,17,18,9,19,7,7,8,2,1,1,1,1,10,10,10,10,1,10,10,10,1,1,1,1,1,10,10,10,10,1,20,1,1,21,22,1,1,1,1,1,10,1,23,24,1,1,1,1,1,1,1,25,26,27,28,29,1,1,1,1,30,31,32,1,1,1,33,1,1,1,1,1,1,1,1,1,1,34,35,1,1,1,1,7,7,7,7,7,7,7,7,8,8,8,8,8,8,8,8","0.000837087631225586","walktrap","edit-xhwikibooks.graphml"
"0.2","0.63","0.17","0.478745132574351","4,1,4,3,11,3,6,2,3,3,6,12,2,2,2,5,13,14,7,9,1,10,15,2,2,2,2,5,1,16,17,18,9,19,7,7,8,2,1,1,1,1,10,10,10,10,1,10,10,10,1,1,1,1,1,10,10,10,10,1,20,1,1,21,22,1,1,1,1,1,10,1,23,24,1,1,1,1,1,1,1,25,26,27,28,29,1,1,1,1,30,31,32,1,1,1,33,1,1,1,1,1,1,1,1,1,1,34,35,1,1,1,1,7,7,7,7,7,7,7,7,8,8,8,8,8,8,8,8","0.000885009765625","walktrap","edit-xhwikibooks.graphml"
"0.19","0.64","0.17","0.478745132574351","4,1,4,3,11,3,6,2,3,3,6,12,2,2,2,5,13,14,7,9,1,10,15,2,2,2,2,5,1,16,17,18,9,19,7,7,8,2,1,1,1,1,10,10,10,10,1,10,10,10,1,1,1,1,1,10,10,10,10,1,20,1,1,21,22,1,1,1,1,1,10,1,23,24,1,1,1,1,1,1,1,25,26,27,28,29,1,1,1,1,30,31,32,1,1,1,33,1,1,1,1,1,1,1,1,1,1,34,35,1,1,1,1,7,7,7,7,7,7,7,7,8,8,8,8,8,8,8,8","0.000708818435668945","walktrap","edit-xhwikibooks.graphml"
"0.18","0.65","0.17","0.478154537642937","4,1,4,3,11,3,6,2,3,3,6,12,2,2,2,5,13,14,7,9,1,10,15,2,2,2,2,5,1,16,17,18,9,19,7,7,8,2,1,1,1,1,10,10,10,10,1,10,10,10,1,1,1,1,1,10,10,10,10,1,20,1,1,21,22,1,1,1,1,1,10,1,23,24,1,1,1,1,1,1,1,25,26,27,28,29,1,1,1,1,30,31,32,1,1,1,33,1,1,1,1,1,1,1,1,1,1,34,35,1,1,1,1,7,7,7,7,7,7,7,7,8,8,8,8,8,8,8,8","0.000689983367919922","walktrap","edit-xhwikibooks.graphml"
"0.17","0.66","0.17","0.479773675999325","4,1,4,3,11,3,6,2,3,3,6,12,2,2,2,5,13,14,7,9,1,10,15,2,2,2,2,5,1,16,17,18,9,19,7,7,8,2,1,1,1,1,10,10,10,10,1,10,10,10,1,1,1,1,1,10,10,10,10,1,20,1,1,21,22,1,1,1,1,1,10,1,23,24,1,1,1,1,1,1,1,25,26,27,28,29,1,1,1,1,30,31,32,1,1,1,33,1,1,1,1,1,1,1,1,1,1,34,35,1,1,1,1,7,7,7,7,7,7,7,7,8,8,8,8,8,8,8,8","0.000694990158081055","walktrap","edit-xhwikibooks.graphml"
"0.16","0.67","0.17","0.499252814816117","4,1,4,3,11,3,6,2,3,3,6,12,2,2,2,5,13,14,8,7,1,10,15,2,2,2,2,5,1,16,17,18,7,19,8,8,9,2,1,1,1,1,10,10,10,10,1,10,10,10,1,1,1,1,1,10,10,10,10,1,20,1,1,21,22,1,1,1,1,1,10,1,23,24,1,1,1,1,1,1,1,25,26,27,28,29,1,1,1,1,30,31,32,1,1,1,33,1,1,1,1,1,1,1,1,1,1,34,35,1,1,1,1,8,8,8,8,8,8,8,8,9,9,9,9,9,9,9,9","0.000725984573364258","walktrap","edit-xhwikibooks.graphml"
"0.15","0.68","0.17","0.499843789367598","4,1,4,3,11,3,6,2,3,3,6,12,2,2,2,5,13,14,8,7,1,10,15,2,2,2,2,5,1,16,17,18,7,19,8,8,9,2,1,1,1,1,10,10,10,10,1,10,10,10,1,1,1,1,1,10,10,10,10,1,20,1,1,21,22,1,1,1,1,1,10,1,23,24,1,1,1,1,1,1,1,25,26,27,28,29,1,1,1,1,30,31,32,1,1,1,33,1,1,1,1,1,1,1,1,1,1,34,35,1,1,1,1,8,8,8,8,8,8,8,8,9,9,9,9,9,9,9,9","0.000734806060791016","walktrap","edit-xhwikibooks.graphml"
"0.14","0.69","0.17","0.496440017850623","4,1,4,3,9,3,10,2,3,3,11,12,2,2,2,5,13,14,6,15,1,8,16,2,2,2,2,5,1,17,18,19,20,21,6,6,7,2,1,1,1,1,8,8,8,8,1,8,8,8,1,1,1,1,1,8,8,8,8,1,22,1,1,23,24,1,1,1,1,1,8,1,25,26,1,1,1,1,1,1,1,27,28,29,30,31,1,1,1,1,32,33,34,1,1,1,35,1,1,1,1,1,1,1,1,1,1,36,37,1,1,1,1,6,6,6,6,6,6,6,6,7,7,7,7,7,7,7,7","0.000735998153686523","walktrap","edit-xhwikibooks.graphml"
"0.13","0.7","0.17","0.497832631097384","4,1,4,3,9,3,10,2,3,3,11,12,2,2,2,5,13,14,6,15,1,8,16,2,2,2,2,5,1,17,18,19,20,21,6,6,7,2,1,1,1,1,8,8,8,8,1,8,8,8,1,1,1,1,1,8,8,8,8,1,22,1,1,23,24,1,1,1,1,1,8,1,25,26,1,1,1,1,1,1,1,27,28,29,30,31,1,1,1,1,32,33,34,1,1,1,35,1,1,1,1,1,1,1,1,1,1,36,37,1,1,1,1,6,6,6,6,6,6,6,6,7,7,7,7,7,7,7,7","0.000707149505615234","walktrap","edit-xhwikibooks.graphml"
"0.12","0.71","0.17","0.493313899508813","4,1,4,3,9,3,10,2,3,3,11,12,2,2,2,6,13,14,5,15,1,8,16,2,2,2,2,6,1,17,18,19,20,21,5,5,7,2,1,1,1,1,8,8,8,8,1,8,8,8,1,1,1,1,1,8,8,8,8,1,22,1,1,23,24,1,1,1,1,1,8,1,25,26,1,1,1,1,1,1,1,27,28,29,30,31,1,1,1,1,32,33,34,1,1,1,35,1,1,1,1,1,1,1,1,1,1,36,37,1,1,1,1,5,5,5,5,5,5,5,5,7,7,7,7,7,7,7,7","0.000706911087036133","walktrap","edit-xhwikibooks.graphml"
"0.11","0.72","0.17","0.49589653246251","4,1,4,3,9,3,10,2,3,3,11,12,2,2,2,6,13,14,5,15,1,8,16,2,2,2,2,6,1,17,18,19,20,21,5,5,7,2,1,1,1,1,8,8,8,8,1,8,8,8,1,1,1,1,1,8,8,8,8,1,22,1,1,23,24,1,1,1,1,1,8,1,25,26,1,1,1,1,1,1,1,27,28,29,30,31,1,1,1,1,32,33,34,1,1,1,35,1,1,1,1,1,1,1,1,1,1,36,37,1,1,1,1,5,5,5,5,5,5,5,5,7,7,7,7,7,7,7,7","0.000701189041137695","walktrap","edit-xhwikibooks.graphml"
"0.1","0.73","0.17","0.496493032825213","4,1,4,3,9,3,10,2,3,3,11,12,2,2,2,6,13,14,5,15,1,8,16,2,2,2,2,6,1,17,18,19,20,21,5,5,7,2,1,1,1,1,8,8,8,8,1,8,8,8,1,1,1,1,1,8,8,8,8,1,22,1,1,23,24,1,1,1,1,1,8,1,25,26,1,1,1,1,1,1,1,27,28,29,30,31,1,1,1,1,32,33,34,1,1,1,35,1,1,1,1,1,1,1,1,1,1,36,37,1,1,1,1,5,5,5,5,5,5,5,5,7,7,7,7,7,7,7,7","0.000699043273925781","walktrap","edit-xhwikibooks.graphml"
"0.09","0.74","0.17","0.496493032825213","4,1,4,3,9,3,10,2,3,3,11,12,2,2,2,6,13,14,5,15,1,8,16,2,2,2,2,6,1,17,18,19,20,21,5,5,7,2,1,1,1,1,8,8,8,8,1,8,8,8,1,1,1,1,1,8,8,8,8,1,22,1,1,23,24,1,1,1,1,1,8,1,25,26,1,1,1,1,1,1,1,27,28,29,30,31,1,1,1,1,32,33,34,1,1,1,35,1,1,1,1,1,1,1,1,1,1,36,37,1,1,1,1,5,5,5,5,5,5,5,5,7,7,7,7,7,7,7,7","0.000688076019287109","walktrap","edit-xhwikibooks.graphml"
"0.08","0.75","0.17","0.490468917289968","4,3,4,1,7,1,8,2,1,1,9,10,2,2,2,1,11,12,2,13,3,6,14,2,2,2,2,1,3,15,16,17,18,19,2,2,5,2,3,3,3,3,6,6,6,6,3,6,6,6,3,3,3,3,3,6,6,6,6,3,20,3,3,21,22,3,3,3,3,3,6,3,23,24,3,3,3,3,3,3,3,25,26,27,28,29,3,3,3,3,30,31,32,3,3,3,33,3,3,3,3,3,3,3,3,3,3,34,35,3,3,3,3,2,2,2,2,2,2,2,2,5,5,5,5,5,5,5,5","0.000710964202880859","walktrap","edit-xhwikibooks.graphml"
"0.07","0.76","0.17","0.490468917289968","4,3,4,1,7,1,8,2,1,1,9,10,2,2,2,1,11,12,2,13,3,6,14,2,2,2,2,1,3,15,16,17,18,19,2,2,5,2,3,3,3,3,6,6,6,6,3,6,6,6,3,3,3,3,3,6,6,6,6,3,20,3,3,21,22,3,3,3,3,3,6,3,23,24,3,3,3,3,3,3,3,25,26,27,28,29,3,3,3,3,30,31,32,3,3,3,33,3,3,3,3,3,3,3,3,3,3,34,35,3,3,3,3,2,2,2,2,2,2,2,2,5,5,5,5,5,5,5,5","0.000786066055297852","walktrap","edit-xhwikibooks.graphml"
"0.06","0.77","0.17","0.491329902659805","4,3,4,1,7,1,8,2,1,1,9,10,2,2,2,1,11,12,2,13,3,6,14,2,2,2,2,1,3,15,16,17,18,19,2,2,5,2,3,3,3,3,6,6,6,6,3,6,6,6,3,3,3,3,3,6,6,6,6,3,20,3,3,21,22,3,3,3,3,3,6,3,23,24,3,3,3,3,3,3,3,25,26,27,28,29,3,3,3,3,30,31,32,3,3,3,33,3,3,3,3,3,3,3,3,3,3,34,35,3,3,3,3,2,2,2,2,2,2,2,2,5,5,5,5,5,5,5,5","0.000739812850952148","walktrap","edit-xhwikibooks.graphml"
"0.05","0.78","0.17","0.493282053045862","4,3,4,1,7,1,8,2,1,1,9,10,2,2,2,1,11,12,2,13,3,6,14,2,2,2,2,1,3,15,16,17,18,19,2,2,5,2,3,3,3,3,6,6,6,6,3,6,6,6,3,3,3,3,3,6,6,6,6,3,20,3,3,21,22,3,3,3,3,3,6,3,23,24,3,3,3,3,3,3,3,25,26,27,28,29,3,3,3,3,30,31,32,3,3,3,33,3,3,3,3,3,3,3,3,3,3,34,35,3,3,3,3,2,2,2,2,2,2,2,2,5,5,5,5,5,5,5,5","0.000877141952514648","walktrap","edit-xhwikibooks.graphml"
"0.04","0.79","0.17","0.493282053045862","4,3,4,1,7,1,8,2,1,1,9,10,2,2,2,1,11,12,2,13,3,6,14,2,2,2,2,1,3,15,16,17,18,19,2,2,5,2,3,3,3,3,6,6,6,6,3,6,6,6,3,3,3,3,3,6,6,6,6,3,20,3,3,21,22,3,3,3,3,3,6,3,23,24,3,3,3,3,3,3,3,25,26,27,28,29,3,3,3,3,30,31,32,3,3,3,33,3,3,3,3,3,3,3,3,3,3,34,35,3,3,3,3,2,2,2,2,2,2,2,2,5,5,5,5,5,5,5,5","0.000710010528564453","walktrap","edit-xhwikibooks.graphml"
"0.03","0.8","0.17","0.495200556852228","4,3,4,1,7,1,8,2,1,1,9,10,2,2,2,1,11,12,2,13,3,6,14,2,2,2,2,1,3,15,16,17,18,19,2,2,5,2,3,3,3,3,6,6,6,6,3,6,6,6,3,3,3,3,3,6,6,6,6,3,20,3,3,21,22,3,3,3,3,3,6,3,23,24,3,3,3,3,3,3,3,25,26,27,28,29,3,3,3,3,30,31,32,3,3,3,33,3,3,3,3,3,3,3,3,3,3,34,35,3,3,3,3,2,2,2,2,2,2,2,2,5,5,5,5,5,5,5,5","0.000700950622558594","walktrap","edit-xhwikibooks.graphml"
"0.02","0.81","0.17","0.495200556852228","4,3,4,1,7,1,8,2,1,1,9,10,2,2,2,1,11,12,2,13,3,6,14,2,2,2,2,1,3,15,16,17,18,19,2,2,5,2,3,3,3,3,6,6,6,6,3,6,6,6,3,3,3,3,3,6,6,6,6,3,20,3,3,21,22,3,3,3,3,3,6,3,23,24,3,3,3,3,3,3,3,25,26,27,28,29,3,3,3,3,30,31,32,3,3,3,33,3,3,3,3,3,3,3,3,3,3,34,35,3,3,3,3,2,2,2,2,2,2,2,2,5,5,5,5,5,5,5,5","0.00070500373840332","walktrap","edit-xhwikibooks.graphml"
"0.01","0.82","0.17","0.494653827117361","4,3,4,1,7,1,8,2,1,1,9,10,2,2,2,1,11,12,2,13,3,6,14,2,2,2,2,1,3,15,16,17,18,19,2,2,5,2,3,3,3,3,6,6,6,6,3,6,6,6,3,3,3,3,3,6,6,6,6,3,20,3,3,21,22,3,3,3,3,3,6,3,23,24,3,3,3,3,3,3,3,25,26,27,28,29,3,3,3,3,30,31,32,3,3,3,33,3,3,3,3,3,3,3,3,3,3,34,35,3,3,3,3,2,2,2,2,2,2,2,2,5,5,5,5,5,5,5,5","0.000695943832397461","walktrap","edit-xhwikibooks.graphml"
"0","0.83","0.17","0.518259690741475","4,4,4,1,10,1,11,6,1,1,12,13,6,5,5,2,14,15,3,16,8,9,17,6,5,5,5,2,4,18,19,20,21,22,3,3,7,5,8,8,8,8,9,9,9,9,8,9,9,9,8,8,8,8,8,9,9,9,9,8,23,8,8,24,25,8,8,8,8,8,9,8,26,27,8,8,8,8,8,8,8,28,29,30,31,32,8,8,8,8,33,34,35,8,8,8,36,8,8,8,8,8,8,8,8,8,8,37,38,8,8,8,8,3,3,3,3,3,3,3,3,7,7,7,7,7,7,7,7","0.000743865966796875","walktrap","edit-xhwikibooks.graphml"
"0.82","0","0.18","0.42941413598495","2,12,2,2,2,4,2,4,4,5,3,2,4,4,4,1,5,3,6,2,12,11,9,4,4,4,4,1,7,5,3,8,10,2,6,6,13,4,12,12,12,12,11,11,11,11,12,11,11,11,12,12,12,12,12,11,11,11,11,12,9,12,12,4,4,12,12,12,12,12,11,12,4,4,12,12,12,12,12,12,12,4,1,1,1,7,12,12,12,12,5,3,8,12,12,12,1,12,12,12,12,12,12,12,12,12,12,10,10,12,12,12,12,6,6,6,6,6,6,6,6,13,13,13,13,13,13,13,13","0.000806093215942383","walktrap","edit-xhwikibooks.graphml"
"0.81","0.01","0.18","0.42941413598495","2,12,2,2,2,4,2,4,4,5,3,2,4,4,4,1,5,3,6,2,12,11,9,4,4,4,4,1,7,5,3,8,10,2,6,6,13,4,12,12,12,12,11,11,11,11,12,11,11,11,12,12,12,12,12,11,11,11,11,12,9,12,12,4,4,12,12,12,12,12,11,12,4,4,12,12,12,12,12,12,12,4,1,1,1,7,12,12,12,12,5,3,8,12,12,12,1,12,12,12,12,12,12,12,12,12,12,10,10,12,12,12,12,6,6,6,6,6,6,6,6,13,13,13,13,13,13,13,13","0.000784158706665039","walktrap","edit-xhwikibooks.graphml"
"0.8","0.02","0.18","0.42941413598495","2,12,2,2,2,4,2,4,4,5,3,2,4,4,4,1,5,3,6,2,12,11,9,4,4,4,4,1,7,5,3,8,10,2,6,6,13,4,12,12,12,12,11,11,11,11,12,11,11,11,12,12,12,12,12,11,11,11,11,12,9,12,12,4,4,12,12,12,12,12,11,12,4,4,12,12,12,12,12,12,12,4,1,1,1,7,12,12,12,12,5,3,8,12,12,12,1,12,12,12,12,12,12,12,12,12,12,10,10,12,12,12,12,6,6,6,6,6,6,6,6,13,13,13,13,13,13,13,13","0.000790834426879883","walktrap","edit-xhwikibooks.graphml"
"0.79","0.03","0.18","0.428866846494036","2,12,2,2,2,4,2,4,4,5,3,2,4,4,4,1,5,3,6,2,12,11,9,4,4,4,4,1,7,5,3,8,10,2,6,6,13,4,12,12,12,12,11,11,11,11,12,11,11,11,12,12,12,12,12,11,11,11,11,12,9,12,12,4,4,12,12,12,12,12,11,12,4,4,12,12,12,12,12,12,12,4,1,1,1,7,12,12,12,12,5,3,8,12,12,12,1,12,12,12,12,12,12,12,12,12,12,10,10,12,12,12,12,6,6,6,6,6,6,6,6,13,13,13,13,13,13,13,13","0.000798940658569336","walktrap","edit-xhwikibooks.graphml"
"0.78","0.04","0.18","0.428866846494036","2,12,2,2,2,4,2,4,4,5,3,2,4,4,4,1,5,3,6,2,12,11,9,4,4,4,4,1,7,5,3,8,10,2,6,6,13,4,12,12,12,12,11,11,11,11,12,11,11,11,12,12,12,12,12,11,11,11,11,12,9,12,12,4,4,12,12,12,12,12,11,12,4,4,12,12,12,12,12,12,12,4,1,1,1,7,12,12,12,12,5,3,8,12,12,12,1,12,12,12,12,12,12,12,12,12,12,10,10,12,12,12,12,6,6,6,6,6,6,6,6,13,13,13,13,13,13,13,13","0.000777006149291992","walktrap","edit-xhwikibooks.graphml"
"0.77","0.05","0.18","0.428320838139177","2,12,2,2,2,4,2,4,4,5,3,2,4,4,4,1,5,3,6,2,12,11,9,4,4,4,4,1,7,5,3,8,10,2,6,6,13,4,12,12,12,12,11,11,11,11,12,11,11,11,12,12,12,12,12,11,11,11,11,12,9,12,12,4,4,12,12,12,12,12,11,12,4,4,12,12,12,12,12,12,12,4,1,1,1,7,12,12,12,12,5,3,8,12,12,12,1,12,12,12,12,12,12,12,12,12,12,10,10,12,12,12,12,6,6,6,6,6,6,6,6,13,13,13,13,13,13,13,13","0.000774145126342773","walktrap","edit-xhwikibooks.graphml"
"0.76","0.06","0.18","0.428320838139177","2,12,2,2,2,4,2,4,4,5,3,2,4,4,4,1,5,3,6,2,12,11,9,4,4,4,4,1,7,5,3,8,10,2,6,6,13,4,12,12,12,12,11,11,11,11,12,11,11,11,12,12,12,12,12,11,11,11,11,12,9,12,12,4,4,12,12,12,12,12,11,12,4,4,12,12,12,12,12,12,12,4,1,1,1,7,12,12,12,12,5,3,8,12,12,12,1,12,12,12,12,12,12,12,12,12,12,10,10,12,12,12,12,6,6,6,6,6,6,6,6,13,13,13,13,13,13,13,13","0.000777959823608398","walktrap","edit-xhwikibooks.graphml"
"0.75","0.07","0.18","0.427776107129646","2,12,2,2,2,4,2,4,4,5,3,2,4,4,4,1,5,3,6,2,12,11,9,4,4,4,4,1,7,5,3,8,10,2,6,6,13,4,12,12,12,12,11,11,11,11,12,11,11,11,12,12,12,12,12,11,11,11,11,12,9,12,12,4,4,12,12,12,12,12,11,12,4,4,12,12,12,12,12,12,12,4,1,1,1,7,12,12,12,12,5,3,8,12,12,12,1,12,12,12,12,12,12,12,12,12,12,10,10,12,12,12,12,6,6,6,6,6,6,6,6,13,13,13,13,13,13,13,13","0.000789165496826172","walktrap","edit-xhwikibooks.graphml"
"0.74","0.08","0.18","0.429370603401628","2,11,2,2,2,4,2,4,4,5,3,2,4,4,4,1,5,3,6,2,11,12,9,4,4,4,4,1,7,5,3,8,10,2,6,6,13,4,11,11,11,11,12,12,12,12,11,12,12,12,11,11,11,11,11,12,12,12,12,11,9,11,11,4,4,11,11,11,11,11,12,11,4,4,11,11,11,11,11,11,11,4,1,1,1,7,11,11,11,11,5,3,8,11,11,11,1,11,11,11,11,11,11,11,11,11,11,10,10,11,11,11,11,6,6,6,6,6,6,6,6,13,13,13,13,13,13,13,13","0.000951051712036133","walktrap","edit-xhwikibooks.graphml"
"0.73","0.09","0.18","0.425553473023196","2,11,2,2,2,3,2,3,3,5,4,2,3,3,3,1,5,4,6,2,11,12,9,3,3,3,3,1,7,5,4,8,10,2,6,6,13,3,11,11,11,11,12,12,12,12,11,12,12,12,11,11,11,11,11,12,12,12,12,11,9,11,11,3,3,11,11,11,11,11,12,11,3,3,11,11,11,11,11,11,11,3,1,1,1,7,11,11,11,11,5,4,8,11,11,11,1,11,11,11,11,11,11,11,11,11,11,10,10,11,11,11,11,6,6,6,6,6,6,6,6,13,13,13,13,13,13,13,13","0.000758171081542969","walktrap","edit-xhwikibooks.graphml"
"0.72","0.1","0.18","0.425553473023196","2,11,2,2,2,3,2,3,3,5,4,2,3,3,3,1,5,4,6,2,11,12,9,3,3,3,3,1,7,5,4,8,10,2,6,6,13,3,11,11,11,11,12,12,12,12,11,12,12,12,11,11,11,11,11,12,12,12,12,11,9,11,11,3,3,11,11,11,11,11,12,11,3,3,11,11,11,11,11,11,11,3,1,1,1,7,11,11,11,11,5,4,8,11,11,11,1,11,11,11,11,11,11,11,11,11,11,10,10,11,11,11,11,6,6,6,6,6,6,6,6,13,13,13,13,13,13,13,13","0.000796079635620117","walktrap","edit-xhwikibooks.graphml"
"0.71","0.11","0.18","0.425009779944594","2,11,2,2,2,3,2,3,3,5,4,2,3,3,3,1,5,4,6,2,11,12,9,3,3,3,3,1,7,5,4,8,10,2,6,6,13,3,11,11,11,11,12,12,12,12,11,12,12,12,11,11,11,11,11,12,12,12,12,11,9,11,11,3,3,11,11,11,11,11,12,11,3,3,11,11,11,11,11,11,11,3,1,1,1,7,11,11,11,11,5,4,8,11,11,11,1,11,11,11,11,11,11,11,11,11,11,10,10,11,11,11,11,6,6,6,6,6,6,6,6,13,13,13,13,13,13,13,13","0.000778913497924805","walktrap","edit-xhwikibooks.graphml"
"0.7","0.12","0.18","0.428264921673607","2,11,2,2,2,3,2,3,3,5,4,2,3,3,3,1,5,4,6,2,11,12,9,3,3,3,3,1,7,5,4,8,10,2,6,6,13,3,11,11,11,11,12,12,12,12,11,12,12,12,11,11,11,11,11,12,12,12,12,11,9,11,11,3,3,11,11,11,11,11,12,11,3,3,11,11,11,11,11,11,11,3,1,1,1,7,11,11,11,11,5,4,8,11,11,11,1,11,11,11,11,11,11,11,11,11,11,10,10,11,11,11,11,6,6,6,6,6,6,6,6,13,13,13,13,13,13,13,13","0.000771999359130859","walktrap","edit-xhwikibooks.graphml"
"0.69","0.13","0.18","0.427721527660651","2,11,2,2,2,3,2,3,3,5,4,2,3,3,3,1,5,4,6,2,11,12,9,3,3,3,3,1,7,5,4,8,10,2,6,6,13,3,11,11,11,11,12,12,12,12,11,12,12,12,11,11,11,11,11,12,12,12,12,11,9,11,11,3,3,11,11,11,11,11,12,11,3,3,11,11,11,11,11,11,11,3,1,1,1,7,11,11,11,11,5,4,8,11,11,11,1,11,11,11,11,11,11,11,11,11,11,10,10,11,11,11,11,6,6,6,6,6,6,6,6,13,13,13,13,13,13,13,13","0.000777959823608398","walktrap","edit-xhwikibooks.graphml"
"0.68","0.14","0.18","0.429451599599673","2,11,2,2,2,3,2,3,3,5,4,2,3,3,3,1,5,4,6,2,11,12,9,3,3,3,3,1,7,5,4,8,10,2,6,6,13,3,11,11,11,11,12,12,12,12,11,12,12,12,11,11,11,11,11,12,12,12,12,11,9,11,11,3,3,11,11,11,11,11,12,11,3,3,11,11,11,11,11,11,11,3,1,1,1,7,11,11,11,11,5,4,8,11,11,11,1,11,11,11,11,11,11,11,11,11,11,10,10,11,11,11,11,6,6,6,6,6,6,6,6,13,13,13,13,13,13,13,13","0.0223560333251953","walktrap","edit-xhwikibooks.graphml"
"0.67","0.15","0.18","0.432017429760666","2,11,2,2,2,3,2,3,3,5,4,2,3,3,3,1,5,4,6,2,11,12,9,3,3,3,3,1,7,5,4,8,10,2,6,6,13,3,11,11,11,11,12,12,12,12,11,12,12,12,11,11,11,11,11,12,12,12,12,11,9,11,11,3,3,11,11,11,11,11,12,11,3,3,11,11,11,11,11,11,11,3,1,1,1,7,11,11,11,11,5,4,8,11,11,11,1,11,11,11,11,11,11,11,11,11,11,10,10,11,11,11,11,6,6,6,6,6,6,6,6,13,13,13,13,13,13,13,13","0.000804901123046875","walktrap","edit-xhwikibooks.graphml"
"0.66","0.16","0.18","0.43358071366893","2,11,2,2,2,3,2,3,3,5,4,2,3,3,3,1,5,4,6,2,11,12,9,3,3,3,3,1,7,5,4,8,10,2,6,6,13,3,11,11,11,11,12,12,12,12,11,12,12,12,11,11,11,11,11,12,12,12,12,11,9,11,11,3,3,11,11,11,11,11,12,11,3,3,11,11,11,11,11,11,11,3,1,1,1,7,11,11,11,11,5,4,8,11,11,11,1,11,11,11,11,11,11,11,11,11,11,10,10,11,11,11,11,6,6,6,6,6,6,6,6,13,13,13,13,13,13,13,13","0.000750064849853516","walktrap","edit-xhwikibooks.graphml"
"0.65","0.17","0.18","0.404774264053002","2,11,2,2,2,3,2,3,3,5,4,2,3,3,3,1,5,4,6,2,11,13,9,3,3,3,3,1,7,5,4,8,10,2,6,6,12,3,11,11,11,11,13,13,13,13,11,13,13,13,11,11,11,11,11,13,13,13,13,11,9,11,11,3,3,11,11,11,11,11,13,11,3,3,11,11,11,11,11,11,11,3,1,1,1,7,11,11,11,11,5,4,8,11,11,11,1,11,11,11,11,11,11,11,11,11,11,10,10,11,11,11,11,6,6,6,6,6,6,6,6,12,12,12,12,12,12,12,12","0.000869035720825195","walktrap","edit-xhwikibooks.graphml"
"0.64","0.18","0.18","0.404774264053002","2,11,2,2,2,3,2,3,3,5,4,2,3,3,3,1,5,4,6,2,11,13,9,3,3,3,3,1,7,5,4,8,10,2,6,6,12,3,11,11,11,11,13,13,13,13,11,13,13,13,11,11,11,11,11,13,13,13,13,11,9,11,11,3,3,11,11,11,11,11,13,11,3,3,11,11,11,11,11,11,11,3,1,1,1,7,11,11,11,11,5,4,8,11,11,11,1,11,11,11,11,11,11,11,11,11,11,10,10,11,11,11,11,6,6,6,6,6,6,6,6,12,12,12,12,12,12,12,12","0.00113606452941895","walktrap","edit-xhwikibooks.graphml"
"0.63","0.19","0.18","0.398633333333333","3,6,3,3,3,1,3,1,1,5,3,3,1,1,1,2,5,7,4,3,6,10,1,1,1,1,1,2,6,5,7,4,8,3,4,4,9,1,6,6,6,6,10,10,10,10,6,10,10,10,6,6,6,6,6,10,10,10,10,6,11,6,6,1,1,6,6,6,6,6,10,6,1,1,6,6,6,6,6,6,6,1,2,2,2,12,6,6,6,6,13,14,15,6,6,6,2,6,6,6,6,6,6,6,6,6,6,8,8,6,6,6,6,4,4,4,4,4,4,4,4,9,9,9,9,9,9,9,9","0.00110888481140137","walktrap","edit-xhwikibooks.graphml"
"0.62","0.2","0.18","0.402098210836525","3,6,3,3,3,1,3,1,1,5,3,3,1,1,1,2,5,7,4,3,6,10,1,1,1,1,1,2,6,5,7,4,8,3,4,4,9,1,6,6,6,6,10,10,10,10,6,10,10,10,6,6,6,6,6,10,10,10,10,6,11,6,6,1,1,6,6,6,6,6,10,6,1,1,6,6,6,6,6,6,6,1,2,2,2,12,6,6,6,6,13,14,15,6,6,6,2,6,6,6,6,6,6,6,6,6,6,8,8,6,6,6,6,4,4,4,4,4,4,4,4,9,9,9,9,9,9,9,9","0.00112795829772949","walktrap","edit-xhwikibooks.graphml"
"0.61","0.21","0.18","0.401563217632127","3,6,3,3,3,1,3,1,1,5,3,3,1,1,1,2,5,7,4,3,6,10,1,1,1,1,1,2,6,5,7,4,8,3,4,4,9,1,6,6,6,6,10,10,10,10,6,10,10,10,6,6,6,6,6,10,10,10,10,6,11,6,6,1,1,6,6,6,6,6,10,6,1,1,6,6,6,6,6,6,6,1,2,2,2,12,6,6,6,6,13,14,15,6,6,6,2,6,6,6,6,6,6,6,6,6,6,8,8,6,6,6,6,4,4,4,4,4,4,4,4,9,9,9,9,9,9,9,9","0.00112390518188477","walktrap","edit-xhwikibooks.graphml"
"0.6","0.22","0.18","0.401563217632127","3,6,3,3,3,1,3,1,1,5,3,3,1,1,1,2,5,7,4,3,6,10,1,1,1,1,1,2,6,5,7,4,8,3,4,4,9,1,6,6,6,6,10,10,10,10,6,10,10,10,6,6,6,6,6,10,10,10,10,6,11,6,6,1,1,6,6,6,6,6,10,6,1,1,6,6,6,6,6,6,6,1,2,2,2,12,6,6,6,6,13,14,15,6,6,6,2,6,6,6,6,6,6,6,6,6,6,8,8,6,6,6,6,4,4,4,4,4,4,4,4,9,9,9,9,9,9,9,9","0.00116920471191406","walktrap","edit-xhwikibooks.graphml"
"0.59","0.23","0.18","0.404516441743184","3,6,3,3,3,1,3,1,1,5,3,3,1,1,1,2,5,7,4,3,6,9,1,1,1,1,1,2,6,5,7,4,8,3,4,4,10,1,6,6,6,6,9,9,9,9,6,9,9,9,6,6,6,6,6,9,9,9,9,6,11,6,6,1,1,6,6,6,6,6,9,6,1,1,6,6,6,6,6,6,6,1,2,2,2,12,6,6,6,6,13,14,15,6,6,6,2,6,6,6,6,6,6,6,6,6,6,8,8,6,6,6,6,4,4,4,4,4,4,4,4,10,10,10,10,10,10,10,10","0.00117897987365723","walktrap","edit-xhwikibooks.graphml"
"0.58","0.24","0.18","0.406270610043724","3,6,3,3,3,1,3,1,1,5,3,3,1,1,1,2,5,7,4,3,6,10,1,1,1,1,1,2,6,5,7,4,8,3,4,4,9,1,6,6,6,6,10,10,10,10,6,10,10,10,6,6,6,6,6,10,10,10,10,6,11,6,6,1,1,6,6,6,6,6,10,6,1,1,6,6,6,6,6,6,6,1,2,2,2,12,6,6,6,6,13,14,15,6,6,6,2,6,6,6,6,6,6,6,6,6,6,8,8,6,6,6,6,4,4,4,4,4,4,4,4,9,9,9,9,9,9,9,9","0.00120282173156738","walktrap","edit-xhwikibooks.graphml"
"0.57","0.25","0.18","0.410941254309294","3,6,3,3,3,1,3,1,1,5,3,3,1,1,1,2,5,7,4,3,6,10,1,1,1,1,1,2,6,5,7,4,8,3,4,4,9,1,6,6,6,6,10,10,10,10,6,10,10,10,6,6,6,6,6,10,10,10,10,6,11,6,6,1,1,6,6,6,6,6,10,6,1,1,6,6,6,6,6,6,6,1,2,2,2,12,6,6,6,6,13,14,15,6,6,6,2,6,6,6,6,6,6,6,6,6,6,8,8,6,6,6,6,4,4,4,4,4,4,4,4,9,9,9,9,9,9,9,9","0.00122904777526855","walktrap","edit-xhwikibooks.graphml"
"0.56","0.26","0.18","0.410941254309294","3,6,3,3,3,1,3,1,1,5,3,3,1,1,1,2,5,7,4,3,6,10,1,1,1,1,1,2,6,5,7,4,8,3,4,4,9,1,6,6,6,6,10,10,10,10,6,10,10,10,6,6,6,6,6,10,10,10,10,6,11,6,6,1,1,6,6,6,6,6,10,6,1,1,6,6,6,6,6,6,6,1,2,2,2,12,6,6,6,6,13,14,15,6,6,6,2,6,6,6,6,6,6,6,6,6,6,8,8,6,6,6,6,4,4,4,4,4,4,4,4,9,9,9,9,9,9,9,9","0.000851154327392578","walktrap","edit-xhwikibooks.graphml"
"0.55","0.27","0.18","0.402967574888248","1,6,1,1,1,1,1,2,1,5,1,1,3,2,2,1,5,7,4,1,6,11,3,3,2,2,2,8,6,5,7,4,9,1,4,4,10,2,6,6,6,6,11,11,11,11,6,11,11,11,6,6,6,6,6,11,11,11,11,6,12,6,6,3,2,6,6,6,6,6,11,6,2,2,6,6,6,6,6,6,6,2,8,8,8,13,6,6,6,6,14,15,16,6,6,6,1,6,6,6,6,6,6,6,6,6,6,9,9,6,6,6,6,4,4,4,4,4,4,4,4,10,10,10,10,10,10,10,10","0.00071406364440918","walktrap","edit-xhwikibooks.graphml"
"0.54","0.28","0.18","0.404226692658831","1,6,1,1,1,1,1,2,1,5,1,1,3,2,2,1,5,7,4,1,6,11,3,3,2,2,2,8,6,5,7,4,9,1,4,4,10,2,6,6,6,6,11,11,11,11,6,11,11,11,6,6,6,6,6,11,11,11,11,6,12,6,6,3,2,6,6,6,6,6,11,6,2,2,6,6,6,6,6,6,6,2,8,8,8,13,6,6,6,6,14,15,16,6,6,6,1,6,6,6,6,6,6,6,6,6,6,9,9,6,6,6,6,4,4,4,4,4,4,4,4,10,10,10,10,10,10,10,10","0.000715017318725586","walktrap","edit-xhwikibooks.graphml"
"0.53","0.29","0.18","0.407598286729115","1,6,1,1,1,1,1,2,1,5,1,1,3,2,2,1,5,7,4,1,6,11,3,3,2,2,2,8,6,5,7,4,9,1,4,4,10,2,6,6,6,6,11,11,11,11,6,11,11,11,6,6,6,6,6,11,11,11,11,6,12,6,6,3,2,6,6,6,6,6,11,6,2,2,6,6,6,6,6,6,6,2,8,8,8,13,6,6,6,6,14,15,16,6,6,6,1,6,6,6,6,6,6,6,6,6,6,9,9,6,6,6,6,4,4,4,4,4,4,4,4,10,10,10,10,10,10,10,10","0.000712156295776367","walktrap","edit-xhwikibooks.graphml"
"0.52","0.3","0.18","0.407065658507412","1,6,1,1,1,1,1,2,1,5,1,1,3,2,2,1,5,7,4,1,6,11,3,3,2,2,2,8,6,5,7,4,9,1,4,4,10,2,6,6,6,6,11,11,11,11,6,11,11,11,6,6,6,6,6,11,11,11,11,6,12,6,6,3,2,6,6,6,6,6,11,6,2,2,6,6,6,6,6,6,6,2,8,8,8,13,6,6,6,6,14,15,16,6,6,6,1,6,6,6,6,6,6,6,6,6,6,9,9,6,6,6,6,4,4,4,4,4,4,4,4,10,10,10,10,10,10,10,10","0.00071406364440918","walktrap","edit-xhwikibooks.graphml"
"0.51","0.31","0.18","0.408785716756837","1,6,1,1,1,1,1,2,1,5,1,1,3,2,2,1,5,7,4,1,6,11,3,3,2,2,2,8,6,5,7,4,9,1,4,4,10,2,6,6,6,6,11,11,11,11,6,11,11,11,6,6,6,6,6,11,11,11,11,6,12,6,6,3,2,6,6,6,6,6,11,6,2,2,6,6,6,6,6,6,6,2,8,8,8,13,6,6,6,6,14,15,16,6,6,6,1,6,6,6,6,6,6,6,6,6,6,9,9,6,6,6,6,4,4,4,4,4,4,4,4,10,10,10,10,10,10,10,10","0.000745058059692383","walktrap","edit-xhwikibooks.graphml"
"0.5","0.32","0.18","0.408253668473936","1,6,1,1,1,1,1,2,1,5,1,1,3,2,2,1,5,7,4,1,6,11,3,3,2,2,2,8,6,5,7,4,9,1,4,4,10,2,6,6,6,6,11,11,11,11,6,11,11,11,6,6,6,6,6,11,11,11,11,6,12,6,6,3,2,6,6,6,6,6,11,6,2,2,6,6,6,6,6,6,6,2,8,8,8,13,6,6,6,6,14,15,16,6,6,6,1,6,6,6,6,6,6,6,6,6,6,9,9,6,6,6,6,4,4,4,4,4,4,4,4,10,10,10,10,10,10,10,10","0.000726938247680664","walktrap","edit-xhwikibooks.graphml"
"0.49","0.33","0.18","0.408253668473936","1,6,1,1,1,1,1,2,1,5,1,1,3,2,2,1,5,7,4,1,6,11,3,3,2,2,2,8,6,5,7,4,9,1,4,4,10,2,6,6,6,6,11,11,11,11,6,11,11,11,6,6,6,6,6,11,11,11,11,6,12,6,6,3,2,6,6,6,6,6,11,6,2,2,6,6,6,6,6,6,6,2,8,8,8,13,6,6,6,6,14,15,16,6,6,6,1,6,6,6,6,6,6,6,6,6,6,9,9,6,6,6,6,4,4,4,4,4,4,4,4,10,10,10,10,10,10,10,10","0.000725984573364258","walktrap","edit-xhwikibooks.graphml"
"0.48","0.34","0.18","0.432692769455137","2,7,2,2,2,3,2,3,3,6,2,2,4,3,3,1,6,8,5,2,7,11,4,4,3,3,3,1,7,6,8,5,9,2,5,5,10,3,7,7,7,7,11,11,11,11,7,11,11,11,7,7,7,7,7,11,11,11,11,7,12,7,7,4,3,7,7,7,7,7,11,7,3,3,7,7,7,7,7,7,7,3,1,1,1,13,7,7,7,7,14,15,16,7,7,7,1,7,7,7,7,7,7,7,7,7,7,9,9,7,7,7,7,5,5,5,5,5,5,5,5,10,10,10,10,10,10,10,10","0.000760078430175781","walktrap","edit-xhwikibooks.graphml"
"0.47","0.35","0.18","0.432692769455137","2,7,2,2,2,3,2,3,3,6,2,2,4,3,3,1,6,8,5,2,7,11,4,4,3,3,3,1,7,6,8,5,9,2,5,5,10,3,7,7,7,7,11,11,11,11,7,11,11,11,7,7,7,7,7,11,11,11,11,7,12,7,7,4,3,7,7,7,7,7,11,7,3,3,7,7,7,7,7,7,7,3,1,1,1,13,7,7,7,7,14,15,16,7,7,7,1,7,7,7,7,7,7,7,7,7,7,9,9,7,7,7,7,5,5,5,5,5,5,5,5,10,10,10,10,10,10,10,10","0.000726938247680664","walktrap","edit-xhwikibooks.graphml"
"0.46","0.36","0.18","0.432151675485009","2,7,2,2,2,3,2,3,3,6,2,2,4,3,3,1,6,8,5,2,7,11,4,4,3,3,3,1,7,6,8,5,9,2,5,5,10,3,7,7,7,7,11,11,11,11,7,11,11,11,7,7,7,7,7,11,11,11,11,7,12,7,7,4,3,7,7,7,7,7,11,7,3,3,7,7,7,7,7,7,7,3,1,1,1,13,7,7,7,7,14,15,16,7,7,7,1,7,7,7,7,7,7,7,7,7,7,9,9,7,7,7,7,5,5,5,5,5,5,5,5,10,10,10,10,10,10,10,10","0.000744104385375977","walktrap","edit-xhwikibooks.graphml"
"0.45","0.37","0.18","0.420967946872869","1,5,1,1,2,1,2,1,1,1,2,2,1,1,1,1,9,2,3,4,5,8,1,1,1,1,1,6,5,10,11,3,4,4,3,3,7,1,5,5,5,5,8,8,8,8,5,8,8,8,5,5,5,5,5,8,8,8,8,5,12,5,5,13,14,5,5,5,5,5,8,5,1,1,5,5,5,5,5,5,5,15,6,6,6,16,5,5,5,5,17,18,19,5,5,5,20,5,5,5,5,5,5,5,5,5,5,21,22,5,5,5,5,3,3,3,3,3,3,3,3,7,7,7,7,7,7,7,7","0.000715970993041992","walktrap","edit-xhwikibooks.graphml"
"0.44","0.38","0.18","0.420432222578344","1,5,1,1,2,1,2,1,1,1,2,2,1,1,1,1,9,2,3,4,5,8,1,1,1,1,1,6,5,10,11,3,4,4,3,3,7,1,5,5,5,5,8,8,8,8,5,8,8,8,5,5,5,5,5,8,8,8,8,5,12,5,5,13,14,5,5,5,5,5,8,5,1,1,5,5,5,5,5,5,5,15,6,6,6,16,5,5,5,5,17,18,19,5,5,5,20,5,5,5,5,5,5,5,5,5,5,21,22,5,5,5,5,3,3,3,3,3,3,3,3,7,7,7,7,7,7,7,7","0.000694036483764648","walktrap","edit-xhwikibooks.graphml"
"0.43","0.39","0.18","0.422095488870968","1,5,1,1,2,1,2,1,1,1,2,2,1,1,1,1,9,2,3,4,5,8,1,1,1,1,1,6,5,10,11,3,4,4,3,3,7,1,5,5,5,5,8,8,8,8,5,8,8,8,5,5,5,5,5,8,8,8,8,5,12,5,5,13,14,5,5,5,5,5,8,5,1,1,5,5,5,5,5,5,5,15,6,6,6,16,5,5,5,5,17,18,19,5,5,5,20,5,5,5,5,5,5,5,5,5,5,21,22,5,5,5,5,3,3,3,3,3,3,3,3,7,7,7,7,7,7,7,7","0.000926017761230469","walktrap","edit-xhwikibooks.graphml"
"0.42","0.4","0.18","0.425975308515959","2,5,2,2,2,1,2,1,1,1,2,2,1,1,1,1,9,2,3,4,5,8,1,1,1,1,1,6,5,10,11,3,4,4,3,3,7,1,5,5,5,5,8,8,8,8,5,8,8,8,5,5,5,5,5,8,8,8,8,5,12,5,5,13,14,5,5,5,5,5,8,5,1,1,5,5,5,5,5,5,5,15,6,6,6,16,5,5,5,5,17,18,19,5,5,5,20,5,5,5,5,5,5,5,5,5,5,21,22,5,5,5,5,3,3,3,3,3,3,3,3,7,7,7,7,7,7,7,7","0.000793933868408203","walktrap","edit-xhwikibooks.graphml"
"0.41","0.41","0.18","0.425975308515959","2,5,2,2,2,1,2,1,1,1,2,2,1,1,1,1,9,2,3,4,5,8,1,1,1,1,1,6,5,10,11,3,4,4,3,3,7,1,5,5,5,5,8,8,8,8,5,8,8,8,5,5,5,5,5,8,8,8,8,5,12,5,5,13,14,5,5,5,5,5,8,5,1,1,5,5,5,5,5,5,5,15,6,6,6,16,5,5,5,5,17,18,19,5,5,5,20,5,5,5,5,5,5,5,5,5,5,21,22,5,5,5,5,3,3,3,3,3,3,3,3,7,7,7,7,7,7,7,7","0.000684022903442383","walktrap","edit-xhwikibooks.graphml"
"0.4","0.42","0.18","0.425436688720496","2,5,2,2,2,1,2,1,1,1,2,2,1,1,1,1,9,2,3,4,5,8,1,1,1,1,1,6,5,10,11,3,4,4,3,3,7,1,5,5,5,5,8,8,8,8,5,8,8,8,5,5,5,5,5,8,8,8,8,5,12,5,5,13,14,5,5,5,5,5,8,5,1,1,5,5,5,5,5,5,5,15,6,6,6,16,5,5,5,5,17,18,19,5,5,5,20,5,5,5,5,5,5,5,5,5,5,21,22,5,5,5,5,3,3,3,3,3,3,3,3,7,7,7,7,7,7,7,7","0.000679969787597656","walktrap","edit-xhwikibooks.graphml"
"0.39","0.43","0.18","0.428521058232084","2,5,2,2,2,1,2,1,1,1,2,2,1,1,1,1,9,2,3,4,5,8,1,1,1,1,1,6,5,10,11,3,4,4,3,3,7,1,5,5,5,5,8,8,8,8,5,8,8,8,5,5,5,5,5,8,8,8,8,5,12,5,5,13,14,5,5,5,5,5,8,5,1,1,5,5,5,5,5,5,5,15,6,6,6,16,5,5,5,5,17,18,19,5,5,5,20,5,5,5,5,5,5,5,5,5,5,21,22,5,5,5,5,3,3,3,3,3,3,3,3,7,7,7,7,7,7,7,7","0.000671148300170898","walktrap","edit-xhwikibooks.graphml"
"0.38","0.44","0.18","0.427983119173595","2,5,2,2,2,1,2,1,1,1,2,2,1,1,1,1,9,2,3,4,5,8,1,1,1,1,1,6,5,10,11,3,4,4,3,3,7,1,5,5,5,5,8,8,8,8,5,8,8,8,5,5,5,5,5,8,8,8,8,5,12,5,5,13,14,5,5,5,5,5,8,5,1,1,5,5,5,5,5,5,5,15,6,6,6,16,5,5,5,5,17,18,19,5,5,5,20,5,5,5,5,5,5,5,5,5,5,21,22,5,5,5,5,3,3,3,3,3,3,3,3,7,7,7,7,7,7,7,7","0.000688076019287109","walktrap","edit-xhwikibooks.graphml"
"0.37","0.45","0.18","0.409505403733679","2,5,2,2,2,1,2,1,1,1,2,2,1,1,1,1,9,2,3,4,5,8,1,1,1,1,1,7,5,10,11,3,4,4,3,3,6,1,5,5,5,5,8,8,8,8,5,8,8,8,5,5,5,5,5,8,8,8,8,5,12,5,5,13,14,5,5,5,5,5,8,5,1,1,5,5,5,5,5,5,5,15,7,7,7,16,5,5,5,5,17,18,19,5,5,5,20,5,5,5,5,5,5,5,5,5,5,21,22,5,5,5,5,3,3,3,3,3,3,3,3,6,6,6,6,6,6,6,6","0.000693798065185547","walktrap","edit-xhwikibooks.graphml"
"0.36","0.46","0.18","0.408976326742976","2,5,2,2,2,1,2,1,1,1,2,2,1,1,1,1,9,2,3,4,5,8,1,1,1,1,1,7,5,10,11,3,4,4,3,3,6,1,5,5,5,5,8,8,8,8,5,8,8,8,5,5,5,5,5,8,8,8,8,5,12,5,5,13,14,5,5,5,5,5,8,5,1,1,5,5,5,5,5,5,5,15,7,7,7,16,5,5,5,5,17,18,19,5,5,5,20,5,5,5,5,5,5,5,5,5,5,21,22,5,5,5,5,3,3,3,3,3,3,3,3,6,6,6,6,6,6,6,6","0.000709056854248047","walktrap","edit-xhwikibooks.graphml"
"0.35","0.47","0.18","0.436438563327032","2,5,2,2,2,1,2,1,1,1,2,2,1,1,1,1,9,2,3,4,5,8,1,1,1,1,1,7,5,10,11,3,4,4,3,3,6,1,5,5,5,5,8,8,8,8,5,8,8,8,5,5,5,5,5,8,8,8,8,5,12,5,5,13,14,5,5,5,5,5,8,5,1,1,5,5,5,5,5,5,5,15,7,7,7,16,5,5,5,5,17,18,19,5,5,5,20,5,5,5,5,5,5,5,5,5,5,21,22,5,5,5,5,3,3,3,3,3,3,3,3,6,6,6,6,6,6,6,6","0.000722169876098633","walktrap","edit-xhwikibooks.graphml"
"0.34","0.48","0.18","0.435846776138117","2,5,2,2,2,1,2,1,1,1,2,2,1,1,1,1,9,2,3,4,5,8,1,1,1,1,1,7,5,10,11,3,4,4,3,3,6,1,5,5,5,5,8,8,8,8,5,8,8,8,5,5,5,5,5,8,8,8,8,5,12,5,5,13,14,5,5,5,5,5,8,5,1,1,5,5,5,5,5,5,5,15,7,7,7,16,5,5,5,5,17,18,19,5,5,5,20,5,5,5,5,5,5,5,5,5,5,21,22,5,5,5,5,3,3,3,3,3,3,3,3,6,6,6,6,6,6,6,6","0.000756025314331055","walktrap","edit-xhwikibooks.graphml"
"0.33","0.49","0.18","0.435846776138117","2,5,2,2,2,1,2,1,1,1,2,2,1,1,1,1,9,2,3,4,5,8,1,1,1,1,1,7,5,10,11,3,4,4,3,3,6,1,5,5,5,5,8,8,8,8,5,8,8,8,5,5,5,5,5,8,8,8,8,5,12,5,5,13,14,5,5,5,5,5,8,5,1,1,5,5,5,5,5,5,5,15,7,7,7,16,5,5,5,5,17,18,19,5,5,5,20,5,5,5,5,5,5,5,5,5,5,21,22,5,5,5,5,3,3,3,3,3,3,3,3,6,6,6,6,6,6,6,6","0.000748872756958008","walktrap","edit-xhwikibooks.graphml"
"0.32","0.5","0.18","0.495731781631103","1,4,1,1,1,1,1,2,1,1,1,1,2,2,2,1,9,1,3,5,4,8,2,2,2,2,2,7,4,10,11,3,5,5,3,3,6,2,4,4,4,4,8,8,8,8,4,8,8,8,4,4,4,4,4,8,8,8,8,4,12,4,4,13,14,4,4,4,4,4,8,4,2,2,4,4,4,4,4,4,4,15,7,7,7,16,4,4,4,4,17,18,19,4,4,4,20,4,4,4,4,4,4,4,4,4,4,21,22,4,4,4,4,3,3,3,3,3,3,3,3,6,6,6,6,6,6,6,6","0.000735044479370117","walktrap","edit-xhwikibooks.graphml"
"0.31","0.51","0.18","0.495731781631103","1,4,1,1,1,1,1,2,1,1,1,1,2,2,2,1,9,1,3,5,4,8,2,2,2,2,2,7,4,10,11,3,5,5,3,3,6,2,4,4,4,4,8,8,8,8,4,8,8,8,4,4,4,4,4,8,8,8,8,4,12,4,4,13,14,4,4,4,4,4,8,4,2,2,4,4,4,4,4,4,4,15,7,7,7,16,4,4,4,4,17,18,19,4,4,4,20,4,4,4,4,4,4,4,4,4,4,21,22,4,4,4,4,3,3,3,3,3,3,3,3,6,6,6,6,6,6,6,6","0.000712871551513672","walktrap","edit-xhwikibooks.graphml"
"0.3","0.52","0.18","0.488487941516621","1,4,1,1,1,1,1,2,1,1,1,1,2,2,2,1,9,1,3,5,4,8,2,2,2,2,2,7,4,10,11,3,5,5,3,3,6,2,4,4,4,4,8,8,8,8,4,8,8,8,4,4,4,4,4,8,8,8,8,4,12,4,4,13,14,4,4,4,4,4,8,4,2,2,4,4,4,4,4,4,4,15,7,7,7,16,4,4,4,4,17,18,19,4,4,4,20,4,4,4,4,4,4,4,4,4,4,21,22,4,4,4,4,3,3,3,3,3,3,3,3,6,6,6,6,6,6,6,6","0.0007171630859375","walktrap","edit-xhwikibooks.graphml"
"0.29","0.53","0.18","0.487894771630643","1,4,1,1,1,1,1,2,1,1,1,1,2,2,2,1,9,1,3,5,4,8,2,2,2,2,2,7,4,10,11,3,5,5,3,3,6,2,4,4,4,4,8,8,8,8,4,8,8,8,4,4,4,4,4,8,8,8,8,4,12,4,4,13,14,4,4,4,4,4,8,4,2,2,4,4,4,4,4,4,4,15,7,7,7,16,4,4,4,4,17,18,19,4,4,4,20,4,4,4,4,4,4,4,4,4,4,21,22,4,4,4,4,3,3,3,3,3,3,3,3,6,6,6,6,6,6,6,6","0.00074315071105957","walktrap","edit-xhwikibooks.graphml"
"0.28","0.54","0.18","0.48934527323326","1,4,1,1,1,1,1,2,1,1,1,1,2,2,2,1,9,1,3,5,4,8,2,2,2,2,2,7,4,10,11,3,5,5,3,3,6,2,4,4,4,4,8,8,8,8,4,8,8,8,4,4,4,4,4,8,8,8,8,4,12,4,4,13,14,4,4,4,4,4,8,4,2,2,4,4,4,4,4,4,4,15,7,7,7,16,4,4,4,4,17,18,19,4,4,4,20,4,4,4,4,4,4,4,4,4,4,21,22,4,4,4,4,3,3,3,3,3,3,3,3,6,6,6,6,6,6,6,6","0.000709056854248047","walktrap","edit-xhwikibooks.graphml"
"0.27","0.55","0.18","0.47057141049864","4,1,4,3,11,3,6,2,3,3,6,12,2,2,2,5,13,14,7,9,1,10,15,2,2,2,2,5,1,16,17,18,9,19,7,7,8,2,1,1,1,1,10,10,10,10,1,10,10,10,1,1,1,1,1,10,10,10,10,1,20,1,1,21,22,1,1,1,1,1,10,1,23,24,1,1,1,1,1,1,1,25,26,27,28,29,1,1,1,1,30,31,32,1,1,1,33,1,1,1,1,1,1,1,1,1,1,34,35,1,1,1,1,7,7,7,7,7,7,7,7,8,8,8,8,8,8,8,8","0.000804901123046875","walktrap","edit-xhwikibooks.graphml"
"0.26","0.56","0.18","0.473552352981354","4,1,4,3,11,3,6,2,3,3,6,12,2,2,2,5,13,14,7,9,1,10,15,2,2,2,2,5,1,16,17,18,9,19,7,7,8,2,1,1,1,1,10,10,10,10,1,10,10,10,1,1,1,1,1,10,10,10,10,1,20,1,1,21,22,1,1,1,1,1,10,1,23,24,1,1,1,1,1,1,1,25,26,27,28,29,1,1,1,1,30,31,32,1,1,1,33,1,1,1,1,1,1,1,1,1,1,34,35,1,1,1,1,7,7,7,7,7,7,7,7,8,8,8,8,8,8,8,8","0.000674962997436523","walktrap","edit-xhwikibooks.graphml"
"0.25","0.57","0.18","0.472363882111229","4,1,4,3,11,3,6,2,3,3,6,12,2,2,2,5,13,14,7,9,1,10,15,2,2,2,2,5,1,16,17,18,9,19,7,7,8,2,1,1,1,1,10,10,10,10,1,10,10,10,1,1,1,1,1,10,10,10,10,1,20,1,1,21,22,1,1,1,1,1,10,1,23,24,1,1,1,1,1,1,1,25,26,27,28,29,1,1,1,1,30,31,32,1,1,1,33,1,1,1,1,1,1,1,1,1,1,34,35,1,1,1,1,7,7,7,7,7,7,7,7,8,8,8,8,8,8,8,8","0.000662088394165039","walktrap","edit-xhwikibooks.graphml"
"0.24","0.58","0.18","0.475176673919667","4,1,4,3,11,3,6,2,3,3,6,12,2,2,2,5,13,14,7,9,1,10,15,2,2,2,2,5,1,16,17,18,9,19,7,7,8,2,1,1,1,1,10,10,10,10,1,10,10,10,1,1,1,1,1,10,10,10,10,1,20,1,1,21,22,1,1,1,1,1,10,1,23,24,1,1,1,1,1,1,1,25,26,27,28,29,1,1,1,1,30,31,32,1,1,1,33,1,1,1,1,1,1,1,1,1,1,34,35,1,1,1,1,7,7,7,7,7,7,7,7,8,8,8,8,8,8,8,8","0.000670909881591797","walktrap","edit-xhwikibooks.graphml"
"0.23","0.59","0.18","0.474584789035206","4,1,4,3,11,3,6,2,3,3,6,12,2,2,2,5,13,14,7,9,1,10,15,2,2,2,2,5,1,16,17,18,9,19,7,7,8,2,1,1,1,1,10,10,10,10,1,10,10,10,1,1,1,1,1,10,10,10,10,1,20,1,1,21,22,1,1,1,1,1,10,1,23,24,1,1,1,1,1,1,1,25,26,27,28,29,1,1,1,1,30,31,32,1,1,1,33,1,1,1,1,1,1,1,1,1,1,34,35,1,1,1,1,7,7,7,7,7,7,7,7,8,8,8,8,8,8,8,8","0.000683069229125977","walktrap","edit-xhwikibooks.graphml"
"0.22","0.6","0.18","0.477668845315904","4,1,4,3,11,3,6,2,3,3,6,12,2,2,2,5,13,14,7,9,1,10,15,2,2,2,2,5,1,16,17,18,9,19,7,7,8,2,1,1,1,1,10,10,10,10,1,10,10,10,1,1,1,1,1,10,10,10,10,1,20,1,1,21,22,1,1,1,1,1,10,1,23,24,1,1,1,1,1,1,1,25,26,27,28,29,1,1,1,1,30,31,32,1,1,1,33,1,1,1,1,1,1,1,1,1,1,34,35,1,1,1,1,7,7,7,7,7,7,7,7,8,8,8,8,8,8,8,8","0.000690937042236328","walktrap","edit-xhwikibooks.graphml"
"0.21","0.61","0.18","0.478710649449861","4,1,4,3,11,3,6,2,3,3,6,12,2,2,2,5,13,14,7,9,1,10,15,2,2,2,2,5,1,16,17,18,9,19,7,7,8,2,1,1,1,1,10,10,10,10,1,10,10,10,1,1,1,1,1,10,10,10,10,1,20,1,1,21,22,1,1,1,1,1,10,1,23,24,1,1,1,1,1,1,1,25,26,27,28,29,1,1,1,1,30,31,32,1,1,1,33,1,1,1,1,1,1,1,1,1,1,34,35,1,1,1,1,7,7,7,7,7,7,7,7,8,8,8,8,8,8,8,8","0.000706911087036133","walktrap","edit-xhwikibooks.graphml"
"0.2","0.62","0.18","0.478745132574351","4,1,4,3,11,3,6,2,3,3,6,12,2,2,2,5,13,14,7,9,1,10,15,2,2,2,2,5,1,16,17,18,9,19,7,7,8,2,1,1,1,1,10,10,10,10,1,10,10,10,1,1,1,1,1,10,10,10,10,1,20,1,1,21,22,1,1,1,1,1,10,1,23,24,1,1,1,1,1,1,1,25,26,27,28,29,1,1,1,1,30,31,32,1,1,1,33,1,1,1,1,1,1,1,1,1,1,34,35,1,1,1,1,7,7,7,7,7,7,7,7,8,8,8,8,8,8,8,8","0.000697851181030273","walktrap","edit-xhwikibooks.graphml"
"0.19","0.63","0.18","0.478154537642937","4,1,4,3,11,3,6,2,3,3,6,12,2,2,2,5,13,14,7,9,1,10,15,2,2,2,2,5,1,16,17,18,9,19,7,7,8,2,1,1,1,1,10,10,10,10,1,10,10,10,1,1,1,1,1,10,10,10,10,1,20,1,1,21,22,1,1,1,1,1,10,1,23,24,1,1,1,1,1,1,1,25,26,27,28,29,1,1,1,1,30,31,32,1,1,1,33,1,1,1,1,1,1,1,1,1,1,34,35,1,1,1,1,7,7,7,7,7,7,7,7,8,8,8,8,8,8,8,8","0.000751018524169922","walktrap","edit-xhwikibooks.graphml"
"0.18","0.64","0.18","0.479773675999325","4,1,4,3,11,3,6,2,3,3,6,12,2,2,2,5,13,14,7,9,1,10,15,2,2,2,2,5,1,16,17,18,9,19,7,7,8,2,1,1,1,1,10,10,10,10,1,10,10,10,1,1,1,1,1,10,10,10,10,1,20,1,1,21,22,1,1,1,1,1,10,1,23,24,1,1,1,1,1,1,1,25,26,27,28,29,1,1,1,1,30,31,32,1,1,1,33,1,1,1,1,1,1,1,1,1,1,34,35,1,1,1,1,7,7,7,7,7,7,7,7,8,8,8,8,8,8,8,8","0.000733852386474609","walktrap","edit-xhwikibooks.graphml"
"0.17","0.65","0.18","0.479773675999325","4,1,4,3,11,3,6,2,3,3,6,12,2,2,2,5,13,14,7,9,1,10,15,2,2,2,2,5,1,16,17,18,9,19,7,7,8,2,1,1,1,1,10,10,10,10,1,10,10,10,1,1,1,1,1,10,10,10,10,1,20,1,1,21,22,1,1,1,1,1,10,1,23,24,1,1,1,1,1,1,1,25,26,27,28,29,1,1,1,1,30,31,32,1,1,1,33,1,1,1,1,1,1,1,1,1,1,34,35,1,1,1,1,7,7,7,7,7,7,7,7,8,8,8,8,8,8,8,8","0.000738143920898438","walktrap","edit-xhwikibooks.graphml"
"0.16","0.66","0.18","0.479773675999325","4,1,4,3,11,3,6,2,3,3,6,12,2,2,2,5,13,14,7,9,1,10,15,2,2,2,2,5,1,16,17,18,9,19,7,7,8,2,1,1,1,1,10,10,10,10,1,10,10,10,1,1,1,1,1,10,10,10,10,1,20,1,1,21,22,1,1,1,1,1,10,1,23,24,1,1,1,1,1,1,1,25,26,27,28,29,1,1,1,1,30,31,32,1,1,1,33,1,1,1,1,1,1,1,1,1,1,34,35,1,1,1,1,7,7,7,7,7,7,7,7,8,8,8,8,8,8,8,8","0.000699043273925781","walktrap","edit-xhwikibooks.graphml"
"0.15","0.67","0.18","0.499252814816117","4,1,4,3,11,3,6,2,3,3,6,12,2,2,2,5,13,14,8,7,1,10,15,2,2,2,2,5,1,16,17,18,7,19,8,8,9,2,1,1,1,1,10,10,10,10,1,10,10,10,1,1,1,1,1,10,10,10,10,1,20,1,1,21,22,1,1,1,1,1,10,1,23,24,1,1,1,1,1,1,1,25,26,27,28,29,1,1,1,1,30,31,32,1,1,1,33,1,1,1,1,1,1,1,1,1,1,34,35,1,1,1,1,8,8,8,8,8,8,8,8,9,9,9,9,9,9,9,9","0.000724077224731445","walktrap","edit-xhwikibooks.graphml"
"0.14","0.68","0.18","0.499252814816117","4,1,4,3,11,3,6,2,3,3,6,12,2,2,2,5,13,14,8,7,1,10,15,2,2,2,2,5,1,16,17,18,7,19,8,8,9,2,1,1,1,1,10,10,10,10,1,10,10,10,1,1,1,1,1,10,10,10,10,1,20,1,1,21,22,1,1,1,1,1,10,1,23,24,1,1,1,1,1,1,1,25,26,27,28,29,1,1,1,1,30,31,32,1,1,1,33,1,1,1,1,1,1,1,1,1,1,34,35,1,1,1,1,8,8,8,8,8,8,8,8,9,9,9,9,9,9,9,9","0.000664949417114258","walktrap","edit-xhwikibooks.graphml"
"0.13","0.69","0.18","0.498663074827752","4,1,4,3,11,3,6,2,3,3,6,12,2,2,2,5,13,14,8,7,1,10,15,2,2,2,2,5,1,16,17,18,7,19,8,8,9,2,1,1,1,1,10,10,10,10,1,10,10,10,1,1,1,1,1,10,10,10,10,1,20,1,1,21,22,1,1,1,1,1,10,1,23,24,1,1,1,1,1,1,1,25,26,27,28,29,1,1,1,1,30,31,32,1,1,1,33,1,1,1,1,1,1,1,1,1,1,34,35,1,1,1,1,8,8,8,8,8,8,8,8,9,9,9,9,9,9,9,9","0.000663042068481445","walktrap","edit-xhwikibooks.graphml"
"0.12","0.7","0.18","0.500038683367899","4,1,4,3,11,3,6,2,3,3,6,12,2,2,2,5,13,14,8,7,1,10,15,2,2,2,2,5,1,16,17,18,7,19,8,8,9,2,1,1,1,1,10,10,10,10,1,10,10,10,1,1,1,1,1,10,10,10,10,1,20,1,1,21,22,1,1,1,1,1,10,1,23,24,1,1,1,1,1,1,1,25,26,27,28,29,1,1,1,1,30,31,32,1,1,1,33,1,1,1,1,1,1,1,1,1,1,34,35,1,1,1,1,8,8,8,8,8,8,8,8,9,9,9,9,9,9,9,9","0.000754833221435547","walktrap","edit-xhwikibooks.graphml"
"0.11","0.71","0.18","0.499450188577854","4,1,4,3,11,3,6,2,3,3,6,12,2,2,2,5,13,14,8,7,1,10,15,2,2,2,2,5,1,16,17,18,7,19,8,8,9,2,1,1,1,1,10,10,10,10,1,10,10,10,1,1,1,1,1,10,10,10,10,1,20,1,1,21,22,1,1,1,1,1,10,1,23,24,1,1,1,1,1,1,1,25,26,27,28,29,1,1,1,1,30,31,32,1,1,1,33,1,1,1,1,1,1,1,1,1,1,34,35,1,1,1,1,8,8,8,8,8,8,8,8,9,9,9,9,9,9,9,9","0.000659942626953125","walktrap","edit-xhwikibooks.graphml"
"0.1","0.72","0.18","0.499185153572971","4,1,4,3,9,3,10,2,3,3,11,12,2,2,2,5,13,14,6,15,1,8,16,2,2,2,2,5,1,17,18,19,20,21,6,6,7,2,1,1,1,1,8,8,8,8,1,8,8,8,1,1,1,1,1,8,8,8,8,1,22,1,1,23,24,1,1,1,1,1,8,1,25,26,1,1,1,1,1,1,1,27,28,29,30,31,1,1,1,1,32,33,34,1,1,1,35,1,1,1,1,1,1,1,1,1,1,36,37,1,1,1,1,6,6,6,6,6,6,6,6,7,7,7,7,7,7,7,7","0.000663995742797852","walktrap","edit-xhwikibooks.graphml"
"0.09","0.73","0.18","0.498596861348008","4,1,4,3,9,3,10,2,3,3,11,12,2,2,2,5,13,14,6,15,1,8,16,2,2,2,2,5,1,17,18,19,20,21,6,6,7,2,1,1,1,1,8,8,8,8,1,8,8,8,1,1,1,1,1,8,8,8,8,1,22,1,1,23,24,1,1,1,1,1,8,1,25,26,1,1,1,1,1,1,1,27,28,29,30,31,1,1,1,1,32,33,34,1,1,1,35,1,1,1,1,1,1,1,1,1,1,36,37,1,1,1,1,6,6,6,6,6,6,6,6,7,7,7,7,7,7,7,7","0.000660181045532227","walktrap","edit-xhwikibooks.graphml"
"0.08","0.74","0.18","0.498596861348008","4,1,4,3,9,3,10,2,3,3,11,12,2,2,2,5,13,14,6,15,1,8,16,2,2,2,2,5,1,17,18,19,20,21,6,6,7,2,1,1,1,1,8,8,8,8,1,8,8,8,1,1,1,1,1,8,8,8,8,1,22,1,1,23,24,1,1,1,1,1,8,1,25,26,1,1,1,1,1,1,1,27,28,29,30,31,1,1,1,1,32,33,34,1,1,1,35,1,1,1,1,1,1,1,1,1,1,36,37,1,1,1,1,6,6,6,6,6,6,6,6,7,7,7,7,7,7,7,7","0.000676870346069336","walktrap","edit-xhwikibooks.graphml"
"0.07","0.75","0.18","0.502134904334666","4,1,4,3,9,3,10,2,3,3,11,12,2,2,2,5,13,14,6,15,1,8,16,2,2,2,2,5,1,17,18,19,20,21,6,6,7,2,1,1,1,1,8,8,8,8,1,8,8,8,1,1,1,1,1,8,8,8,8,1,22,1,1,23,24,1,1,1,1,1,8,1,25,26,1,1,1,1,1,1,1,27,28,29,30,31,1,1,1,1,32,33,34,1,1,1,35,1,1,1,1,1,1,1,1,1,1,36,37,1,1,1,1,6,6,6,6,6,6,6,6,7,7,7,7,7,7,7,7","0.000658035278320312","walktrap","edit-xhwikibooks.graphml"
"0.06","0.76","0.18","0.502134904334666","4,1,4,3,9,3,10,2,3,3,11,12,2,2,2,5,13,14,6,15,1,8,16,2,2,2,2,5,1,17,18,19,20,21,6,6,7,2,1,1,1,1,8,8,8,8,1,8,8,8,1,1,1,1,1,8,8,8,8,1,22,1,1,23,24,1,1,1,1,1,8,1,25,26,1,1,1,1,1,1,1,27,28,29,30,31,1,1,1,1,32,33,34,1,1,1,35,1,1,1,1,1,1,1,1,1,1,36,37,1,1,1,1,6,6,6,6,6,6,6,6,7,7,7,7,7,7,7,7","0.000663995742797852","walktrap","edit-xhwikibooks.graphml"
"0.05","0.77","0.18","0.502900390625","4,1,4,3,9,3,10,2,3,3,11,12,2,2,2,5,13,14,6,15,1,8,16,2,2,2,2,5,1,17,18,19,20,21,6,6,7,2,1,1,1,1,8,8,8,8,1,8,8,8,1,1,1,1,1,8,8,8,8,1,22,1,1,23,24,1,1,1,1,1,8,1,25,26,1,1,1,1,1,1,1,27,28,29,30,31,1,1,1,1,32,33,34,1,1,1,35,1,1,1,1,1,1,1,1,1,1,36,37,1,1,1,1,6,6,6,6,6,6,6,6,7,7,7,7,7,7,7,7","0.000681161880493164","walktrap","edit-xhwikibooks.graphml"
"0.04","0.78","0.18","0.504920800388923","4,1,4,3,9,3,10,2,3,3,11,12,2,2,2,5,13,14,6,15,1,8,16,2,2,2,2,5,1,17,18,19,20,21,6,6,7,2,1,1,1,1,8,8,8,8,1,8,8,8,1,1,1,1,1,8,8,8,8,1,22,1,1,23,24,1,1,1,1,1,8,1,25,26,1,1,1,1,1,1,1,27,28,29,30,31,1,1,1,1,32,33,34,1,1,1,35,1,1,1,1,1,1,1,1,1,1,36,37,1,1,1,1,6,6,6,6,6,6,6,6,7,7,7,7,7,7,7,7","0.00068211555480957","walktrap","edit-xhwikibooks.graphml"
"0.03","0.79","0.18","0.504920800388923","4,1,4,3,9,3,10,2,3,3,11,12,2,2,2,5,13,14,6,15,1,8,16,2,2,2,2,5,1,17,18,19,20,21,6,6,7,2,1,1,1,1,8,8,8,8,1,8,8,8,1,1,1,1,1,8,8,8,8,1,22,1,1,23,24,1,1,1,1,1,8,1,25,26,1,1,1,1,1,1,1,27,28,29,30,31,1,1,1,1,32,33,34,1,1,1,35,1,1,1,1,1,1,1,1,1,1,36,37,1,1,1,1,6,6,6,6,6,6,6,6,7,7,7,7,7,7,7,7","0.00069117546081543","walktrap","edit-xhwikibooks.graphml"
"0.02","0.8","0.18","0.507054606101851","4,1,4,3,9,3,10,2,3,3,11,12,2,2,2,5,13,14,6,15,1,8,16,2,2,2,2,5,1,17,18,19,20,21,6,6,7,2,1,1,1,1,8,8,8,8,1,8,8,8,1,1,1,1,1,8,8,8,8,1,22,1,1,23,24,1,1,1,1,1,8,1,25,26,1,1,1,1,1,1,1,27,28,29,30,31,1,1,1,1,32,33,34,1,1,1,35,1,1,1,1,1,1,1,1,1,1,36,37,1,1,1,1,6,6,6,6,6,6,6,6,7,7,7,7,7,7,7,7","0.000706195831298828","walktrap","edit-xhwikibooks.graphml"
"0.01","0.81","0.18","0.493515524284736","4,3,4,1,7,1,8,2,1,1,9,10,2,2,2,1,11,12,2,13,3,6,14,2,2,2,2,1,3,15,16,17,18,19,2,2,5,2,3,3,3,3,6,6,6,6,3,6,6,6,3,3,3,3,3,6,6,6,6,3,20,3,3,21,22,3,3,3,3,3,6,3,23,24,3,3,3,3,3,3,3,25,26,27,28,29,3,3,3,3,30,31,32,3,3,3,33,3,3,3,3,3,3,3,3,3,3,34,35,3,3,3,3,2,2,2,2,2,2,2,2,5,5,5,5,5,5,5,5","0.000756025314331055","walktrap","edit-xhwikibooks.graphml"
"0","0.82","0.18","0.516822754075616","4,4,4,1,10,1,11,6,1,1,12,13,6,5,5,2,14,15,3,16,8,9,17,6,5,5,5,2,4,18,19,20,21,22,3,3,7,5,8,8,8,8,9,9,9,9,8,9,9,9,8,8,8,8,8,9,9,9,9,8,23,8,8,24,25,8,8,8,8,8,9,8,26,27,8,8,8,8,8,8,8,28,29,30,31,32,8,8,8,8,33,34,35,8,8,8,36,8,8,8,8,8,8,8,8,8,8,37,38,8,8,8,8,3,3,3,3,3,3,3,3,7,7,7,7,7,7,7,7","0.000695228576660156","walktrap","edit-xhwikibooks.graphml"
"0.81","0","0.19","0.429350212497572","2,12,2,2,2,4,2,4,4,5,3,2,4,4,4,1,5,3,6,2,12,11,9,4,4,4,4,1,7,5,3,8,10,2,6,6,13,4,12,12,12,12,11,11,11,11,12,11,11,11,12,12,12,12,12,11,11,11,11,12,9,12,12,4,4,12,12,12,12,12,11,12,4,4,12,12,12,12,12,12,12,4,1,1,1,7,12,12,12,12,5,3,8,12,12,12,1,12,12,12,12,12,12,12,12,12,12,10,10,12,12,12,12,6,6,6,6,6,6,6,6,13,13,13,13,13,13,13,13","0.000745058059692383","walktrap","edit-xhwikibooks.graphml"
"0.8","0.01","0.19","0.429350212497572","2,12,2,2,2,4,2,4,4,5,3,2,4,4,4,1,5,3,6,2,12,11,9,4,4,4,4,1,7,5,3,8,10,2,6,6,13,4,12,12,12,12,11,11,11,11,12,11,11,11,12,12,12,12,12,11,11,11,11,12,9,12,12,4,4,12,12,12,12,12,11,12,4,4,12,12,12,12,12,12,12,4,1,1,1,7,12,12,12,12,5,3,8,12,12,12,1,12,12,12,12,12,12,12,12,12,12,10,10,12,12,12,12,6,6,6,6,6,6,6,6,13,13,13,13,13,13,13,13","0.000721931457519531","walktrap","edit-xhwikibooks.graphml"
"0.79","0.02","0.19","0.429350212497572","2,12,2,2,2,4,2,4,4,5,3,2,4,4,4,1,5,3,6,2,12,11,9,4,4,4,4,1,7,5,3,8,10,2,6,6,13,4,12,12,12,12,11,11,11,11,12,11,11,11,12,12,12,12,12,11,11,11,11,12,9,12,12,4,4,12,12,12,12,12,11,12,4,4,12,12,12,12,12,12,12,4,1,1,1,7,12,12,12,12,5,3,8,12,12,12,1,12,12,12,12,12,12,12,12,12,12,10,10,12,12,12,12,6,6,6,6,6,6,6,6,13,13,13,13,13,13,13,13","0.000794172286987305","walktrap","edit-xhwikibooks.graphml"
"0.78","0.03","0.19","0.428806936943628","2,12,2,2,2,4,2,4,4,5,3,2,4,4,4,1,5,3,6,2,12,11,9,4,4,4,4,1,7,5,3,8,10,2,6,6,13,4,12,12,12,12,11,11,11,11,12,11,11,11,12,12,12,12,12,11,11,11,11,12,9,12,12,4,4,12,12,12,12,12,11,12,4,4,12,12,12,12,12,12,12,4,1,1,1,7,12,12,12,12,5,3,8,12,12,12,1,12,12,12,12,12,12,12,12,12,12,10,10,12,12,12,12,6,6,6,6,6,6,6,6,13,13,13,13,13,13,13,13","0.00072789192199707","walktrap","edit-xhwikibooks.graphml"
"0.77","0.04","0.19","0.428806936943628","2,12,2,2,2,4,2,4,4,5,3,2,4,4,4,1,5,3,6,2,12,11,9,4,4,4,4,1,7,5,3,8,10,2,6,6,13,4,12,12,12,12,11,11,11,11,12,11,11,11,12,12,12,12,12,11,11,11,11,12,9,12,12,4,4,12,12,12,12,12,11,12,4,4,12,12,12,12,12,12,12,4,1,1,1,7,12,12,12,12,5,3,8,12,12,12,1,12,12,12,12,12,12,12,12,12,12,10,10,12,12,12,12,6,6,6,6,6,6,6,6,13,13,13,13,13,13,13,13","0.000698089599609375","walktrap","edit-xhwikibooks.graphml"
"0.76","0.05","0.19","0.42936795085359","2,12,2,2,2,4,2,4,4,5,3,2,4,4,4,1,5,3,6,2,12,11,9,4,4,4,4,1,7,5,3,8,10,2,6,6,13,4,12,12,12,12,11,11,11,11,12,11,11,11,12,12,12,12,12,11,11,11,11,12,9,12,12,4,4,12,12,12,12,12,11,12,4,4,12,12,12,12,12,12,12,4,1,1,1,7,12,12,12,12,5,3,8,12,12,12,1,12,12,12,12,12,12,12,12,12,12,10,10,12,12,12,12,6,6,6,6,6,6,6,6,13,13,13,13,13,13,13,13","0.000731945037841797","walktrap","edit-xhwikibooks.graphml"
"0.75","0.06","0.19","0.42936795085359","2,12,2,2,2,4,2,4,4,5,3,2,4,4,4,1,5,3,6,2,12,11,9,4,4,4,4,1,7,5,3,8,10,2,6,6,13,4,12,12,12,12,11,11,11,11,12,11,11,11,12,12,12,12,12,11,11,11,11,12,9,12,12,4,4,12,12,12,12,12,11,12,4,4,12,12,12,12,12,12,12,4,1,1,1,7,12,12,12,12,5,3,8,12,12,12,1,12,12,12,12,12,12,12,12,12,12,10,10,12,12,12,12,6,6,6,6,6,6,6,6,13,13,13,13,13,13,13,13","0.000730037689208984","walktrap","edit-xhwikibooks.graphml"
"0.74","0.07","0.19","0.42882411263137","2,12,2,2,2,4,2,4,4,5,3,2,4,4,4,1,5,3,6,2,12,11,9,4,4,4,4,1,7,5,3,8,10,2,6,6,13,4,12,12,12,12,11,11,11,11,12,11,11,11,12,12,12,12,12,11,11,11,11,12,9,12,12,4,4,12,12,12,12,12,11,12,4,4,12,12,12,12,12,12,12,4,1,1,1,7,12,12,12,12,5,3,8,12,12,12,1,12,12,12,12,12,12,12,12,12,12,10,10,12,12,12,12,6,6,6,6,6,6,6,6,13,13,13,13,13,13,13,13","0.000742912292480469","walktrap","edit-xhwikibooks.graphml"
"0.73","0.08","0.19","0.430410904031034","2,11,2,2,2,4,2,4,4,5,3,2,4,4,4,1,5,3,6,2,11,12,9,4,4,4,4,1,7,5,3,8,10,2,6,6,13,4,11,11,11,11,12,12,12,12,11,12,12,12,11,11,11,11,11,12,12,12,12,11,9,11,11,4,4,11,11,11,11,11,12,11,4,4,11,11,11,11,11,11,11,4,1,1,1,7,11,11,11,11,5,3,8,11,11,11,1,11,11,11,11,11,11,11,11,11,11,10,10,11,11,11,11,6,6,6,6,6,6,6,6,13,13,13,13,13,13,13,13","0.000741004943847656","walktrap","edit-xhwikibooks.graphml"
"0.72","0.09","0.19","0.429867949953899","2,11,2,2,2,4,2,4,4,5,3,2,4,4,4,1,5,3,6,2,11,12,9,4,4,4,4,1,7,5,3,8,10,2,6,6,13,4,11,11,11,11,12,12,12,12,11,12,12,12,11,11,11,11,11,12,12,12,12,11,9,11,11,4,4,11,11,11,11,11,12,11,4,4,11,11,11,11,11,11,11,4,1,1,1,7,11,11,11,11,5,3,8,11,11,11,1,11,11,11,11,11,11,11,11,11,11,10,10,11,11,11,11,6,6,6,6,6,6,6,6,13,13,13,13,13,13,13,13","0.000772953033447266","walktrap","edit-xhwikibooks.graphml"
"0.71","0.1","0.19","0.428284175240344","2,11,2,2,2,4,2,4,4,5,3,2,4,4,4,1,5,3,6,2,11,12,9,4,4,4,4,1,7,5,3,8,10,2,6,6,13,4,11,11,11,11,12,12,12,12,11,12,12,12,11,11,11,11,11,12,12,12,12,11,9,11,11,4,4,11,11,11,11,11,12,11,4,4,11,11,11,11,11,11,11,4,1,1,1,7,11,11,11,11,5,3,8,11,11,11,1,11,11,11,11,11,11,11,11,11,11,10,10,11,11,11,11,6,6,6,6,6,6,6,6,13,13,13,13,13,13,13,13","0.000748872756958008","walktrap","edit-xhwikibooks.graphml"
"0.7","0.11","0.19","0.427742855716871","2,11,2,2,2,4,2,4,4,5,3,2,4,4,4,1,5,3,6,2,11,12,9,4,4,4,4,1,7,5,3,8,10,2,6,6,13,4,11,11,11,11,12,12,12,12,11,12,12,12,11,11,11,11,11,12,12,12,12,11,9,11,11,4,4,11,11,11,11,11,12,11,4,4,11,11,11,11,11,11,11,4,1,1,1,7,11,11,11,11,5,3,8,11,11,11,1,11,11,11,11,11,11,11,11,11,11,10,10,11,11,11,11,6,6,6,6,6,6,6,6,13,13,13,13,13,13,13,13","0.000741958618164062","walktrap","edit-xhwikibooks.graphml"
"0.69","0.12","0.19","0.432666493236212","2,11,2,2,2,4,2,4,4,5,3,2,4,4,4,1,5,3,6,2,11,12,9,4,4,4,4,1,7,5,3,8,10,2,6,6,13,4,11,11,11,11,12,12,12,12,11,12,12,12,11,11,11,11,11,12,12,12,12,11,9,11,11,4,4,11,11,11,11,11,12,11,4,4,11,11,11,11,11,11,11,4,1,1,1,7,11,11,11,11,5,3,8,11,11,11,1,11,11,11,11,11,11,11,11,11,11,10,10,11,11,11,11,6,6,6,6,6,6,6,6,13,13,13,13,13,13,13,13","0.000766992568969727","walktrap","edit-xhwikibooks.graphml"
"0.68","0.13","0.19","0.432666493236212","2,11,2,2,2,4,2,4,4,5,3,2,4,4,4,1,5,3,6,2,11,12,9,4,4,4,4,1,7,5,3,8,10,2,6,6,13,4,11,11,11,11,12,12,12,12,11,12,12,12,11,11,11,11,11,12,12,12,12,11,9,11,11,4,4,11,11,11,11,11,12,11,4,4,11,11,11,11,11,11,11,4,1,1,1,7,11,11,11,11,5,3,8,11,11,11,1,11,11,11,11,11,11,11,11,11,11,10,10,11,11,11,11,6,6,6,6,6,6,6,6,13,13,13,13,13,13,13,13","0.000715017318725586","walktrap","edit-xhwikibooks.graphml"
"0.67","0.14","0.19","0.432666493236212","2,11,2,2,2,4,2,4,4,5,3,2,4,4,4,1,5,3,6,2,11,12,9,4,4,4,4,1,7,5,3,8,10,2,6,6,13,4,11,11,11,11,12,12,12,12,11,12,12,12,11,11,11,11,11,12,12,12,12,11,9,11,11,4,4,11,11,11,11,11,12,11,4,4,11,11,11,11,11,11,11,4,1,1,1,7,11,11,11,11,5,3,8,11,11,11,1,11,11,11,11,11,11,11,11,11,11,10,10,11,11,11,11,6,6,6,6,6,6,6,6,13,13,13,13,13,13,13,13","0.000715017318725586","walktrap","edit-xhwikibooks.graphml"
"0.66","0.15","0.19","0.432017429760666","2,11,2,2,2,3,2,3,3,5,4,2,3,3,3,1,5,4,6,2,11,12,9,3,3,3,3,1,7,5,4,8,10,2,6,6,13,3,11,11,11,11,12,12,12,12,11,12,12,12,11,11,11,11,11,12,12,12,12,11,9,11,11,3,3,11,11,11,11,11,12,11,3,3,11,11,11,11,11,11,11,3,1,1,1,7,11,11,11,11,5,4,8,11,11,11,1,11,11,11,11,11,11,11,11,11,11,10,10,11,11,11,11,6,6,6,6,6,6,6,6,13,13,13,13,13,13,13,13","0.000745058059692383","walktrap","edit-xhwikibooks.graphml"
"0.65","0.16","0.19","0.43358071366893","2,11,2,2,2,3,2,3,3,5,4,2,3,3,3,1,5,4,6,2,11,12,9,3,3,3,3,1,7,5,4,8,10,2,6,6,13,3,11,11,11,11,12,12,12,12,11,12,12,12,11,11,11,11,11,12,12,12,12,11,9,11,11,3,3,11,11,11,11,11,12,11,3,3,11,11,11,11,11,11,11,3,1,1,1,7,11,11,11,11,5,4,8,11,11,11,1,11,11,11,11,11,11,11,11,11,11,10,10,11,11,11,11,6,6,6,6,6,6,6,6,13,13,13,13,13,13,13,13","0.00074315071105957","walktrap","edit-xhwikibooks.graphml"
"0.64","0.17","0.19","0.43399310691979","2,11,2,2,2,3,2,3,3,5,4,2,3,3,3,1,5,4,6,2,11,12,9,3,3,3,3,1,7,5,4,8,10,2,6,6,13,3,11,11,11,11,12,12,12,12,11,12,12,12,11,11,11,11,11,12,12,12,12,11,9,11,11,3,3,11,11,11,11,11,12,11,3,3,11,11,11,11,11,11,11,3,1,1,1,7,11,11,11,11,5,4,8,11,11,11,1,11,11,11,11,11,11,11,11,11,11,10,10,11,11,11,11,6,6,6,6,6,6,6,6,13,13,13,13,13,13,13,13","0.000952005386352539","walktrap","edit-xhwikibooks.graphml"
"0.63","0.18","0.19","0.43399310691979","2,11,2,2,2,3,2,3,3,5,4,2,3,3,3,1,5,4,6,2,11,12,9,3,3,3,3,1,7,5,4,8,10,2,6,6,13,3,11,11,11,11,12,12,12,12,11,12,12,12,11,11,11,11,11,12,12,12,12,11,9,11,11,3,3,11,11,11,11,11,12,11,3,3,11,11,11,11,11,11,11,3,1,1,1,7,11,11,11,11,5,4,8,11,11,11,1,11,11,11,11,11,11,11,11,11,11,10,10,11,11,11,11,6,6,6,6,6,6,6,6,13,13,13,13,13,13,13,13","0.000727176666259766","walktrap","edit-xhwikibooks.graphml"
"0.62","0.19","0.19","0.4334528","2,11,2,2,2,3,2,3,3,5,4,2,3,3,3,1,5,4,6,2,11,12,9,3,3,3,3,1,7,5,4,8,10,2,6,6,13,3,11,11,11,11,12,12,12,12,11,12,12,12,11,11,11,11,11,12,12,12,12,11,9,11,11,3,3,11,11,11,11,11,12,11,3,3,11,11,11,11,11,11,11,3,1,1,1,7,11,11,11,11,5,4,8,11,11,11,1,11,11,11,11,11,11,11,11,11,11,10,10,11,11,11,11,6,6,6,6,6,6,6,6,13,13,13,13,13,13,13,13","0.000726938247680664","walktrap","edit-xhwikibooks.graphml"
"0.61","0.2","0.19","0.431175752938865","3,6,3,3,3,1,3,1,1,5,3,3,1,1,1,2,5,7,4,3,6,9,1,1,1,1,1,2,6,5,7,4,8,3,4,4,10,1,6,6,6,6,9,9,9,9,6,9,9,9,6,6,6,6,6,9,9,9,9,6,11,6,6,1,1,6,6,6,6,6,9,6,1,1,6,6,6,6,6,6,6,1,2,2,2,12,6,6,6,6,13,14,15,6,6,6,2,6,6,6,6,6,6,6,6,6,6,8,8,6,6,6,6,4,4,4,4,4,4,4,4,10,10,10,10,10,10,10,10","0.000715970993041992","walktrap","edit-xhwikibooks.graphml"
"0.6","0.21","0.19","0.430635175418482","3,6,3,3,3,1,3,1,1,5,3,3,1,1,1,2,5,7,4,3,6,9,1,1,1,1,1,2,6,5,7,4,8,3,4,4,10,1,6,6,6,6,9,9,9,9,6,9,9,9,6,6,6,6,6,9,9,9,9,6,11,6,6,1,1,6,6,6,6,6,9,6,1,1,6,6,6,6,6,6,6,1,2,2,2,12,6,6,6,6,13,14,15,6,6,6,2,6,6,6,6,6,6,6,6,6,6,8,8,6,6,6,6,4,4,4,4,4,4,4,4,10,10,10,10,10,10,10,10","0.000747919082641602","walktrap","edit-xhwikibooks.graphml"
"0.59","0.22","0.19","0.430635175418482","3,6,3,3,3,1,3,1,1,5,3,3,1,1,1,2,5,7,4,3,6,9,1,1,1,1,1,2,6,5,7,4,8,3,4,4,10,1,6,6,6,6,9,9,9,9,6,9,9,9,6,6,6,6,6,9,9,9,9,6,11,6,6,1,1,6,6,6,6,6,9,6,1,1,6,6,6,6,6,6,6,1,2,2,2,12,6,6,6,6,13,14,15,6,6,6,2,6,6,6,6,6,6,6,6,6,6,8,8,6,6,6,6,4,4,4,4,4,4,4,4,10,10,10,10,10,10,10,10","0.000751972198486328","walktrap","edit-xhwikibooks.graphml"
"0.58","0.23","0.19","0.433262052281844","3,6,3,3,3,1,3,1,1,5,3,3,1,1,1,2,5,7,4,3,6,9,1,1,1,1,1,2,6,5,7,4,8,3,4,4,10,1,6,6,6,6,9,9,9,9,6,9,9,9,6,6,6,6,6,9,9,9,9,6,11,6,6,1,1,6,6,6,6,6,9,6,1,1,6,6,6,6,6,6,6,1,2,2,2,12,6,6,6,6,13,14,15,6,6,6,2,6,6,6,6,6,6,6,6,6,6,8,8,6,6,6,6,4,4,4,4,4,4,4,4,10,10,10,10,10,10,10,10","0.00076603889465332","walktrap","edit-xhwikibooks.graphml"
"0.57","0.24","0.19","0.434811474096289","3,6,3,3,3,1,3,1,1,5,3,3,1,1,1,2,5,7,4,3,6,9,1,1,1,1,1,2,6,5,7,4,8,3,4,4,10,1,6,6,6,6,9,9,9,9,6,9,9,9,6,6,6,6,6,9,9,9,9,6,11,6,6,1,1,6,6,6,6,6,9,6,1,1,6,6,6,6,6,6,6,1,2,2,2,12,6,6,6,6,13,14,15,6,6,6,2,6,6,6,6,6,6,6,6,6,6,8,8,6,6,6,6,4,4,4,4,4,4,4,4,10,10,10,10,10,10,10,10","0.000779151916503906","walktrap","edit-xhwikibooks.graphml"
"0.56","0.25","0.19","0.43904852559643","3,6,3,3,3,1,3,1,1,5,3,3,1,1,1,2,5,7,4,3,6,9,1,1,1,1,1,2,6,5,7,4,8,3,4,4,10,1,6,6,6,6,9,9,9,9,6,9,9,9,6,6,6,6,6,9,9,9,9,6,11,6,6,1,1,6,6,6,6,6,9,6,1,1,6,6,6,6,6,6,6,1,2,2,2,12,6,6,6,6,13,14,15,6,6,6,2,6,6,6,6,6,6,6,6,6,6,8,8,6,6,6,6,4,4,4,4,4,4,4,4,10,10,10,10,10,10,10,10","0.000787973403930664","walktrap","edit-xhwikibooks.graphml"
"0.55","0.26","0.19","0.43904852559643","3,6,3,3,3,1,3,1,1,5,3,3,1,1,1,2,5,7,4,3,6,9,1,1,1,1,1,2,6,5,7,4,8,3,4,4,10,1,6,6,6,6,9,9,9,9,6,9,9,9,6,6,6,6,6,9,9,9,9,6,11,6,6,1,1,6,6,6,6,6,9,6,1,1,6,6,6,6,6,6,6,1,2,2,2,12,6,6,6,6,13,14,15,6,6,6,2,6,6,6,6,6,6,6,6,6,6,8,8,6,6,6,6,4,4,4,4,4,4,4,4,10,10,10,10,10,10,10,10","0.000757932662963867","walktrap","edit-xhwikibooks.graphml"
"0.54","0.27","0.19","0.440699607434706","3,6,3,3,3,1,3,1,1,5,3,3,1,1,1,2,5,7,4,3,6,9,1,1,1,1,1,2,6,5,7,4,8,3,4,4,10,1,6,6,6,6,9,9,9,9,6,9,9,9,6,6,6,6,6,9,9,9,9,6,11,6,6,1,1,6,6,6,6,6,9,6,1,1,6,6,6,6,6,6,6,1,2,2,2,12,6,6,6,6,13,14,15,6,6,6,2,6,6,6,6,6,6,6,6,6,6,8,8,6,6,6,6,4,4,4,4,4,4,4,4,10,10,10,10,10,10,10,10","0.000739097595214844","walktrap","edit-xhwikibooks.graphml"
"0.53","0.28","0.19","0.44015932556172","3,6,3,3,3,1,3,1,1,5,3,3,1,1,1,2,5,7,4,3,6,9,1,1,1,1,1,2,6,5,7,4,8,3,4,4,10,1,6,6,6,6,9,9,9,9,6,9,9,9,6,6,6,6,6,9,9,9,9,6,11,6,6,1,1,6,6,6,6,6,9,6,1,1,6,6,6,6,6,6,6,1,2,2,2,12,6,6,6,6,13,14,15,6,6,6,2,6,6,6,6,6,6,6,6,6,6,8,8,6,6,6,6,4,4,4,4,4,4,4,4,10,10,10,10,10,10,10,10","0.000746011734008789","walktrap","edit-xhwikibooks.graphml"
"0.52","0.29","0.19","0.414912400910778","3,6,3,3,3,1,3,1,1,5,3,3,1,1,1,2,5,7,4,3,6,10,1,1,1,1,1,2,6,5,7,4,8,3,4,4,9,1,6,6,6,6,10,10,10,10,6,10,10,10,6,6,6,6,6,10,10,10,10,6,11,6,6,1,1,6,6,6,6,6,10,6,1,1,6,6,6,6,6,6,6,1,2,2,2,12,6,6,6,6,13,14,15,6,6,6,2,6,6,6,6,6,6,6,6,6,6,8,8,6,6,6,6,4,4,4,4,4,4,4,4,9,9,9,9,9,9,9,9","0.000765085220336914","walktrap","edit-xhwikibooks.graphml"
"0.51","0.3","0.19","0.414377615323794","3,6,3,3,3,1,3,1,1,5,3,3,1,1,1,2,5,7,4,3,6,10,1,1,1,1,1,2,6,5,7,4,8,3,4,4,9,1,6,6,6,6,10,10,10,10,6,10,10,10,6,6,6,6,6,10,10,10,10,6,11,6,6,1,1,6,6,6,6,6,10,6,1,1,6,6,6,6,6,6,6,1,2,2,2,12,6,6,6,6,13,14,15,6,6,6,2,6,6,6,6,6,6,6,6,6,6,8,8,6,6,6,6,4,4,4,4,4,4,4,4,9,9,9,9,9,9,9,9","0.000751018524169922","walktrap","edit-xhwikibooks.graphml"
"0.5","0.31","0.19","0.416067070935579","3,6,3,3,3,1,3,1,1,5,3,3,1,1,1,2,5,7,4,3,6,10,1,1,1,1,1,2,6,5,7,4,8,3,4,4,9,1,6,6,6,6,10,10,10,10,6,10,10,10,6,6,6,6,6,10,10,10,10,6,11,6,6,1,1,6,6,6,6,6,10,6,1,1,6,6,6,6,6,6,6,1,2,2,2,12,6,6,6,6,13,14,15,6,6,6,2,6,6,6,6,6,6,6,6,6,6,8,8,6,6,6,6,4,4,4,4,4,4,4,4,9,9,9,9,9,9,9,9","0.000896215438842773","walktrap","edit-xhwikibooks.graphml"
"0.49","0.32","0.19","0.415532896093287","3,6,3,3,3,1,3,1,1,5,3,3,1,1,1,2,5,7,4,3,6,10,1,1,1,1,1,2,6,5,7,4,8,3,4,4,9,1,6,6,6,6,10,10,10,10,6,10,10,10,6,6,6,6,6,10,10,10,10,6,11,6,6,1,1,6,6,6,6,6,10,6,1,1,6,6,6,6,6,6,6,1,2,2,2,12,6,6,6,6,13,14,15,6,6,6,2,6,6,6,6,6,6,6,6,6,6,8,8,6,6,6,6,4,4,4,4,4,4,4,4,9,9,9,9,9,9,9,9","0.000730991363525391","walktrap","edit-xhwikibooks.graphml"
"0.48","0.33","0.19","0.415532896093287","3,6,3,3,3,1,3,1,1,5,3,3,1,1,1,2,5,7,4,3,6,10,1,1,1,1,1,2,6,5,7,4,8,3,4,4,9,1,6,6,6,6,10,10,10,10,6,10,10,10,6,6,6,6,6,10,10,10,10,6,11,6,6,1,1,6,6,6,6,6,10,6,1,1,6,6,6,6,6,6,6,1,2,2,2,12,6,6,6,6,13,14,15,6,6,6,2,6,6,6,6,6,6,6,6,6,6,8,8,6,6,6,6,4,4,4,4,4,4,4,4,9,9,9,9,9,9,9,9","0.00071406364440918","walktrap","edit-xhwikibooks.graphml"
"0.47","0.34","0.19","0.432151675485009","2,7,2,2,2,3,2,3,3,6,2,2,4,3,3,1,6,8,5,2,7,11,4,4,3,3,3,1,7,6,8,5,9,2,5,5,10,3,7,7,7,7,11,11,11,11,7,11,11,11,7,7,7,7,7,11,11,11,11,7,12,7,7,4,3,7,7,7,7,7,11,7,3,3,7,7,7,7,7,7,7,3,1,1,1,13,7,7,7,7,14,15,16,7,7,7,1,7,7,7,7,7,7,7,7,7,7,9,9,7,7,7,7,5,5,5,5,5,5,5,5,10,10,10,10,10,10,10,10","0.000732898712158203","walktrap","edit-xhwikibooks.graphml"
"0.46","0.35","0.19","0.432151675485009","2,7,2,2,2,3,2,3,3,6,2,2,4,3,3,1,6,8,5,2,7,11,4,4,3,3,3,1,7,6,8,5,9,2,5,5,10,3,7,7,7,7,11,11,11,11,7,11,11,11,7,7,7,7,7,11,11,11,11,7,12,7,7,4,3,7,7,7,7,7,11,7,3,3,7,7,7,7,7,7,7,3,1,1,1,13,7,7,7,7,14,15,16,7,7,7,1,7,7,7,7,7,7,7,7,7,7,9,9,7,7,7,7,5,5,5,5,5,5,5,5,10,10,10,10,10,10,10,10","0.000723838806152344","walktrap","edit-xhwikibooks.graphml"
"0.45","0.36","0.19","0.431611835413313","2,7,2,2,2,3,2,3,3,6,2,2,4,3,3,1,6,8,5,2,7,11,4,4,3,3,3,1,7,6,8,5,9,2,5,5,10,3,7,7,7,7,11,11,11,11,7,11,11,11,7,7,7,7,7,11,11,11,11,7,12,7,7,4,3,7,7,7,7,7,11,7,3,3,7,7,7,7,7,7,7,3,1,1,1,13,7,7,7,7,14,15,16,7,7,7,1,7,7,7,7,7,7,7,7,7,7,9,9,7,7,7,7,5,5,5,5,5,5,5,5,10,10,10,10,10,10,10,10","0.000751018524169922","walktrap","edit-xhwikibooks.graphml"
"0.44","0.37","0.19","0.431073245473482","2,7,2,2,2,3,2,3,3,6,2,2,4,3,3,1,6,8,5,2,7,11,4,4,3,3,3,1,7,6,8,5,9,2,5,5,10,3,7,7,7,7,11,11,11,11,7,11,11,11,7,7,7,7,7,11,11,11,11,7,12,7,7,4,3,7,7,7,7,7,11,7,3,3,7,7,7,7,7,7,7,3,1,1,1,13,7,7,7,7,14,15,16,7,7,7,1,7,7,7,7,7,7,7,7,7,7,9,9,7,7,7,7,5,5,5,5,5,5,5,5,10,10,10,10,10,10,10,10","0.000759124755859375","walktrap","edit-xhwikibooks.graphml"
"0.43","0.38","0.19","0.430535901908962","2,7,2,2,2,3,2,3,3,6,2,2,4,3,3,1,6,8,5,2,7,11,4,4,3,3,3,1,7,6,8,5,9,2,5,5,10,3,7,7,7,7,11,11,11,11,7,11,11,11,7,7,7,7,7,11,11,11,11,7,12,7,7,4,3,7,7,7,7,7,11,7,3,3,7,7,7,7,7,7,7,3,1,1,1,13,7,7,7,7,14,15,16,7,7,7,1,7,7,7,7,7,7,7,7,7,7,9,9,7,7,7,7,5,5,5,5,5,5,5,5,10,10,10,10,10,10,10,10","0.000763893127441406","walktrap","edit-xhwikibooks.graphml"
"0.42","0.39","0.19","0.421560394066404","1,5,1,1,2,1,2,1,1,1,2,2,1,1,1,1,9,2,3,4,5,8,1,1,1,1,1,6,5,10,11,3,4,4,3,3,7,1,5,5,5,5,8,8,8,8,5,8,8,8,5,5,5,5,5,8,8,8,8,5,12,5,5,13,14,5,5,5,5,5,8,5,1,1,5,5,5,5,5,5,5,15,6,6,6,16,5,5,5,5,17,18,19,5,5,5,20,5,5,5,5,5,5,5,5,5,5,21,22,5,5,5,5,3,3,3,3,3,3,3,3,7,7,7,7,7,7,7,7","0.001007080078125","walktrap","edit-xhwikibooks.graphml"
"0.41","0.4","0.19","0.425436688720496","2,5,2,2,2,1,2,1,1,1,2,2,1,1,1,1,9,2,3,4,5,8,1,1,1,1,1,6,5,10,11,3,4,4,3,3,7,1,5,5,5,5,8,8,8,8,5,8,8,8,5,5,5,5,5,8,8,8,8,5,12,5,5,13,14,5,5,5,5,5,8,5,1,1,5,5,5,5,5,5,5,15,6,6,6,16,5,5,5,5,17,18,19,5,5,5,20,5,5,5,5,5,5,5,5,5,5,21,22,5,5,5,5,3,3,3,3,3,3,3,3,7,7,7,7,7,7,7,7","0.0013279914855957","walktrap","edit-xhwikibooks.graphml"
"0.4","0.41","0.19","0.425436688720496","2,5,2,2,2,1,2,1,1,1,2,2,1,1,1,1,9,2,3,4,5,8,1,1,1,1,1,6,5,10,11,3,4,4,3,3,7,1,5,5,5,5,8,8,8,8,5,8,8,8,5,5,5,5,5,8,8,8,8,5,12,5,5,13,14,5,5,5,5,5,8,5,1,1,5,5,5,5,5,5,5,15,6,6,6,16,5,5,5,5,17,18,19,5,5,5,20,5,5,5,5,5,5,5,5,5,5,21,22,5,5,5,5,3,3,3,3,3,3,3,3,7,7,7,7,7,7,7,7","0.00186610221862793","walktrap","edit-xhwikibooks.graphml"
"0.39","0.42","0.19","0.424899336687087","2,5,2,2,2,1,2,1,1,1,2,2,1,1,1,1,9,2,3,4,5,8,1,1,1,1,1,6,5,10,11,3,4,4,3,3,7,1,5,5,5,5,8,8,8,8,5,8,8,8,5,5,5,5,5,8,8,8,8,5,12,5,5,13,14,5,5,5,5,5,8,5,1,1,5,5,5,5,5,5,5,15,6,6,6,16,5,5,5,5,17,18,19,5,5,5,20,5,5,5,5,5,5,5,5,5,5,21,22,5,5,5,5,3,3,3,3,3,3,3,3,7,7,7,7,7,7,7,7","0.00178790092468262","walktrap","edit-xhwikibooks.graphml"
"0.38","0.43","0.19","0.427983119173595","2,5,2,2,2,1,2,1,1,1,2,2,1,1,1,1,9,2,3,4,5,8,1,1,1,1,1,6,5,10,11,3,4,4,3,3,7,1,5,5,5,5,8,8,8,8,5,8,8,8,5,5,5,5,5,8,8,8,8,5,12,5,5,13,14,5,5,5,5,5,8,5,1,1,5,5,5,5,5,5,5,15,6,6,6,16,5,5,5,5,17,18,19,5,5,5,20,5,5,5,5,5,5,5,5,5,5,21,22,5,5,5,5,3,3,3,3,3,3,3,3,7,7,7,7,7,7,7,7","0.000703096389770508","walktrap","edit-xhwikibooks.graphml"
"0.37","0.44","0.19","0.427446434984843","2,5,2,2,2,1,2,1,1,1,2,2,1,1,1,1,9,2,3,4,5,8,1,1,1,1,1,6,5,10,11,3,4,4,3,3,7,1,5,5,5,5,8,8,8,8,5,8,8,8,5,5,5,5,5,8,8,8,8,5,12,5,5,13,14,5,5,5,5,5,8,5,1,1,5,5,5,5,5,5,5,15,6,6,6,16,5,5,5,5,17,18,19,5,5,5,20,5,5,5,5,5,5,5,5,5,5,21,22,5,5,5,5,3,3,3,3,3,3,3,3,7,7,7,7,7,7,7,7","0.000700950622558594","walktrap","edit-xhwikibooks.graphml"
"0.36","0.45","0.19","0.430617012196492","2,5,2,2,2,1,2,1,1,1,2,2,1,1,1,1,9,2,3,4,5,8,1,1,1,1,1,6,5,10,11,3,4,4,3,3,7,1,5,5,5,5,8,8,8,8,5,8,8,8,5,5,5,5,5,8,8,8,8,5,12,5,5,13,14,5,5,5,5,5,8,5,1,1,5,5,5,5,5,5,5,15,6,6,6,16,5,5,5,5,17,18,19,5,5,5,20,5,5,5,5,5,5,5,5,5,5,21,22,5,5,5,5,3,3,3,3,3,3,3,3,7,7,7,7,7,7,7,7","0.000713109970092773","walktrap","edit-xhwikibooks.graphml"
"0.35","0.46","0.19","0.430080655594144","2,5,2,2,2,1,2,1,1,1,2,2,1,1,1,1,9,2,3,4,5,8,1,1,1,1,1,6,5,10,11,3,4,4,3,3,7,1,5,5,5,5,8,8,8,8,5,8,8,8,5,5,5,5,5,8,8,8,8,5,12,5,5,13,14,5,5,5,5,5,8,5,1,1,5,5,5,5,5,5,5,15,6,6,6,16,5,5,5,5,17,18,19,5,5,5,20,5,5,5,5,5,5,5,5,5,5,21,22,5,5,5,5,3,3,3,3,3,3,3,3,7,7,7,7,7,7,7,7","0.000713109970092773","walktrap","edit-xhwikibooks.graphml"
"0.34","0.47","0.19","0.431680823361647","2,5,2,2,2,1,2,1,1,1,2,2,1,1,1,1,9,2,3,4,5,8,1,1,1,1,1,6,5,10,11,3,4,4,3,3,7,1,5,5,5,5,8,8,8,8,5,8,8,8,5,5,5,5,5,8,8,8,8,5,12,5,5,13,14,5,5,5,5,5,8,5,1,1,5,5,5,5,5,5,5,15,6,6,6,16,5,5,5,5,17,18,19,5,5,5,20,5,5,5,5,5,5,5,5,5,5,21,22,5,5,5,5,3,3,3,3,3,3,3,3,7,7,7,7,7,7,7,7","0.000729084014892578","walktrap","edit-xhwikibooks.graphml"
"0.33","0.48","0.19","0.431145178197065","2,5,2,2,2,1,2,1,1,1,2,2,1,1,1,1,9,2,3,4,5,8,1,1,1,1,1,6,5,10,11,3,4,4,3,3,7,1,5,5,5,5,8,8,8,8,5,8,8,8,5,5,5,5,5,8,8,8,8,5,12,5,5,13,14,5,5,5,5,5,8,5,1,1,5,5,5,5,5,5,5,15,6,6,6,16,5,5,5,5,17,18,19,5,5,5,20,5,5,5,5,5,5,5,5,5,5,21,22,5,5,5,5,3,3,3,3,3,3,3,3,7,7,7,7,7,7,7,7","0.000725030899047852","walktrap","edit-xhwikibooks.graphml"
"0.32","0.49","0.19","0.431145178197065","2,5,2,2,2,1,2,1,1,1,2,2,1,1,1,1,9,2,3,4,5,8,1,1,1,1,1,6,5,10,11,3,4,4,3,3,7,1,5,5,5,5,8,8,8,8,5,8,8,8,5,5,5,5,5,8,8,8,8,5,12,5,5,13,14,5,5,5,5,5,8,5,1,1,5,5,5,5,5,5,5,15,6,6,6,16,5,5,5,5,17,18,19,5,5,5,20,5,5,5,5,5,5,5,5,5,5,21,22,5,5,5,5,3,3,3,3,3,3,3,3,7,7,7,7,7,7,7,7","0.000808954238891602","walktrap","edit-xhwikibooks.graphml"
"0.31","0.5","0.19","0.486130787194266","1,4,1,1,1,1,1,2,1,1,6,1,2,2,2,1,10,6,3,5,4,9,2,2,2,2,2,7,4,11,12,3,5,5,3,3,8,2,4,4,4,4,9,9,9,9,4,9,9,9,4,4,4,4,4,9,9,9,9,4,13,4,4,14,15,4,4,4,4,4,9,4,2,2,4,4,4,4,4,4,4,16,7,7,7,17,4,4,4,4,18,19,20,4,4,4,21,4,4,4,4,4,4,4,4,4,4,22,23,4,4,4,4,3,3,3,3,3,3,3,3,8,8,8,8,8,8,8,8","0.000726938247680664","walktrap","edit-xhwikibooks.graphml"
"0.3","0.51","0.19","0.486130787194266","1,4,1,1,1,1,1,2,1,1,6,1,2,2,2,1,10,6,3,5,4,9,2,2,2,2,2,7,4,11,12,3,5,5,3,3,8,2,4,4,4,4,9,9,9,9,4,9,9,9,4,4,4,4,4,9,9,9,9,4,13,4,4,14,15,4,4,4,4,4,9,4,2,2,4,4,4,4,4,4,4,16,7,7,7,17,4,4,4,4,18,19,20,4,4,4,21,4,4,4,4,4,4,4,4,4,4,22,23,4,4,4,4,3,3,3,3,3,3,3,3,8,8,8,8,8,8,8,8","0.000728845596313477","walktrap","edit-xhwikibooks.graphml"
"0.29","0.52","0.19","0.486130787194266","1,4,1,1,1,1,1,2,1,1,6,1,2,2,2,1,10,6,3,5,4,9,2,2,2,2,2,7,4,11,12,3,5,5,3,3,8,2,4,4,4,4,9,9,9,9,4,9,9,9,4,4,4,4,4,9,9,9,9,4,13,4,4,14,15,4,4,4,4,4,9,4,2,2,4,4,4,4,4,4,4,16,7,7,7,17,4,4,4,4,18,19,20,4,4,4,21,4,4,4,4,4,4,4,4,4,4,22,23,4,4,4,4,3,3,3,3,3,3,3,3,8,8,8,8,8,8,8,8","0.000750064849853516","walktrap","edit-xhwikibooks.graphml"
"0.28","0.53","0.19","0.468866813685732","1,4,1,1,1,1,1,2,1,1,1,1,2,2,2,1,9,1,3,5,4,8,2,2,2,2,2,7,4,10,11,3,5,5,3,3,6,2,4,4,4,4,8,8,8,8,4,8,8,8,4,4,4,4,4,8,8,8,8,4,12,4,4,13,14,4,4,4,4,4,8,4,2,2,4,4,4,4,4,4,4,15,7,7,7,16,4,4,4,4,17,18,19,4,4,4,20,4,4,4,4,4,4,4,4,4,4,21,22,4,4,4,4,3,3,3,3,3,3,3,3,6,6,6,6,6,6,6,6","0.000773191452026367","walktrap","edit-xhwikibooks.graphml"
"0.27","0.54","0.19","0.470270661617287","1,4,1,1,1,1,1,2,1,1,1,1,2,2,2,1,9,1,3,5,4,8,2,2,2,2,2,7,4,10,11,3,5,5,3,3,6,2,4,4,4,4,8,8,8,8,4,8,8,8,4,4,4,4,4,8,8,8,8,4,12,4,4,13,14,4,4,4,4,4,8,4,2,2,4,4,4,4,4,4,4,15,7,7,7,16,4,4,4,4,17,18,19,4,4,4,20,4,4,4,4,4,4,4,4,4,4,21,22,4,4,4,4,3,3,3,3,3,3,3,3,6,6,6,6,6,6,6,6","0.000754117965698242","walktrap","edit-xhwikibooks.graphml"
"0.26","0.55","0.19","0.469738428974705","1,4,1,1,1,1,1,2,1,1,1,1,2,2,2,1,9,1,3,5,4,8,2,2,2,2,2,7,4,10,11,3,5,5,3,3,6,2,4,4,4,4,8,8,8,8,4,8,8,8,4,4,4,4,4,8,8,8,8,4,12,4,4,13,14,4,4,4,4,4,8,4,2,2,4,4,4,4,4,4,4,15,7,7,7,16,4,4,4,4,17,18,19,4,4,4,20,4,4,4,4,4,4,4,4,4,4,21,22,4,4,4,4,3,3,3,3,3,3,3,3,6,6,6,6,6,6,6,6","0.000790834426879883","walktrap","edit-xhwikibooks.graphml"
"0.25","0.56","0.19","0.47242393399407","1,4,1,1,1,1,1,2,1,1,1,1,2,2,2,1,9,1,3,5,4,8,2,2,2,2,2,7,4,10,11,3,5,5,3,3,6,2,4,4,4,4,8,8,8,8,4,8,8,8,4,4,4,4,4,8,8,8,8,4,12,4,4,13,14,4,4,4,4,4,8,4,2,2,4,4,4,4,4,4,4,15,7,7,7,16,4,4,4,4,17,18,19,4,4,4,20,4,4,4,4,4,4,4,4,4,4,21,22,4,4,4,4,3,3,3,3,3,3,3,3,6,6,6,6,6,6,6,6","0.000855922698974609","walktrap","edit-xhwikibooks.graphml"
"0.24","0.57","0.19","0.471362414266118","1,4,1,1,1,1,1,2,1,1,1,1,2,2,2,1,9,1,3,5,4,8,2,2,2,2,2,7,4,10,11,3,5,5,3,3,6,2,4,4,4,4,8,8,8,8,4,8,8,8,4,4,4,4,4,8,8,8,8,4,12,4,4,13,14,4,4,4,4,4,8,4,2,2,4,4,4,4,4,4,4,15,7,7,7,16,4,4,4,4,17,18,19,4,4,4,20,4,4,4,4,4,4,4,4,4,4,21,22,4,4,4,4,3,3,3,3,3,3,3,3,6,6,6,6,6,6,6,6","0.000730991363525391","walktrap","edit-xhwikibooks.graphml"
"0.23","0.58","0.19","0.456534696486786","4,1,4,3,11,3,6,2,3,3,6,12,2,2,2,5,13,14,7,9,1,10,15,2,2,2,2,5,1,16,17,18,9,19,7,7,8,2,1,1,1,1,10,10,10,10,1,10,10,10,1,1,1,1,1,10,10,10,10,1,20,1,1,21,22,1,1,1,1,1,10,1,23,24,1,1,1,1,1,1,1,25,26,27,28,29,1,1,1,1,30,31,32,1,1,1,33,1,1,1,1,1,1,1,1,1,1,34,35,1,1,1,1,7,7,7,7,7,7,7,7,8,8,8,8,8,8,8,8","0.000689983367919922","walktrap","edit-xhwikibooks.graphml"
"0.22","0.59","0.19","0.456004363840906","4,1,4,3,11,3,6,2,3,3,6,12,2,2,2,5,13,14,7,9,1,10,15,2,2,2,2,5,1,16,17,18,9,19,7,7,8,2,1,1,1,1,10,10,10,10,1,10,10,10,1,1,1,1,1,10,10,10,10,1,20,1,1,21,22,1,1,1,1,1,10,1,23,24,1,1,1,1,1,1,1,25,26,27,28,29,1,1,1,1,30,31,32,1,1,1,33,1,1,1,1,1,1,1,1,1,1,34,35,1,1,1,1,7,7,7,7,7,7,7,7,8,8,8,8,8,8,8,8","0.000685930252075195","walktrap","edit-xhwikibooks.graphml"
"0.21","0.6","0.19","0.458969104239375","4,1,4,3,11,3,6,2,3,3,6,12,2,2,2,5,13,14,7,9,1,10,15,2,2,2,2,5,1,16,17,18,9,19,7,7,8,2,1,1,1,1,10,10,10,10,1,10,10,10,1,1,1,1,1,10,10,10,10,1,20,1,1,21,22,1,1,1,1,1,10,1,23,24,1,1,1,1,1,1,1,25,26,27,28,29,1,1,1,1,30,31,32,1,1,1,33,1,1,1,1,1,1,1,1,1,1,34,35,1,1,1,1,7,7,7,7,7,7,7,7,8,8,8,8,8,8,8,8","0.000709056854248047","walktrap","edit-xhwikibooks.graphml"
"0.2","0.61","0.19","0.459998789845459","4,1,4,3,11,3,6,2,3,3,6,12,2,2,2,5,13,14,7,9,1,10,15,2,2,2,2,5,1,16,17,18,9,19,7,7,8,2,1,1,1,1,10,10,10,10,1,10,10,10,1,1,1,1,1,10,10,10,10,1,20,1,1,21,22,1,1,1,1,1,10,1,23,24,1,1,1,1,1,1,1,25,26,27,28,29,1,1,1,1,30,31,32,1,1,1,33,1,1,1,1,1,1,1,1,1,1,34,35,1,1,1,1,7,7,7,7,7,7,7,7,8,8,8,8,8,8,8,8","0.000710010528564453","walktrap","edit-xhwikibooks.graphml"
"0.19","0.62","0.19","0.462970594787258","4,1,4,3,11,3,6,2,3,3,6,12,2,2,2,5,13,14,7,9,1,10,15,2,2,2,2,5,1,16,17,18,9,19,7,7,8,2,1,1,1,1,10,10,10,10,1,10,10,10,1,1,1,1,1,10,10,10,10,1,20,1,1,21,22,1,1,1,1,1,10,1,23,24,1,1,1,1,1,1,1,25,26,27,28,29,1,1,1,1,30,31,32,1,1,1,33,1,1,1,1,1,1,1,1,1,1,34,35,1,1,1,1,7,7,7,7,7,7,7,7,8,8,8,8,8,8,8,8","0.000699996948242188","walktrap","edit-xhwikibooks.graphml"
"0.18","0.63","0.19","0.462440115404861","4,1,4,3,11,3,6,2,3,3,6,12,2,2,2,5,13,14,7,9,1,10,15,2,2,2,2,5,1,16,17,18,9,19,7,7,8,2,1,1,1,1,10,10,10,10,1,10,10,10,1,1,1,1,1,10,10,10,10,1,20,1,1,21,22,1,1,1,1,1,10,1,23,24,1,1,1,1,1,1,1,25,26,27,28,29,1,1,1,1,30,31,32,1,1,1,33,1,1,1,1,1,1,1,1,1,1,34,35,1,1,1,1,7,7,7,7,7,7,7,7,8,8,8,8,8,8,8,8","0.000802040100097656","walktrap","edit-xhwikibooks.graphml"
"0.17","0.64","0.19","0.462440115404861","4,1,4,3,11,3,6,2,3,3,6,12,2,2,2,5,13,14,7,9,1,10,15,2,2,2,2,5,1,16,17,18,9,19,7,7,8,2,1,1,1,1,10,10,10,10,1,10,10,10,1,1,1,1,1,10,10,10,10,1,20,1,1,21,22,1,1,1,1,1,10,1,23,24,1,1,1,1,1,1,1,25,26,27,28,29,1,1,1,1,30,31,32,1,1,1,33,1,1,1,1,1,1,1,1,1,1,34,35,1,1,1,1,7,7,7,7,7,7,7,7,8,8,8,8,8,8,8,8","0.000696897506713867","walktrap","edit-xhwikibooks.graphml"
"0.16","0.65","0.19","0.461910740858844","4,1,4,3,11,3,6,2,3,3,6,12,2,2,2,5,13,14,7,9,1,10,15,2,2,2,2,5,1,16,17,18,9,19,7,7,8,2,1,1,1,1,10,10,10,10,1,10,10,10,1,1,1,1,1,10,10,10,10,1,20,1,1,21,22,1,1,1,1,1,10,1,23,24,1,1,1,1,1,1,1,25,26,27,28,29,1,1,1,1,30,31,32,1,1,1,33,1,1,1,1,1,1,1,1,1,1,34,35,1,1,1,1,7,7,7,7,7,7,7,7,8,8,8,8,8,8,8,8","0.000685930252075195","walktrap","edit-xhwikibooks.graphml"
"0.15","0.66","0.19","0.461910740858844","4,1,4,3,11,3,6,2,3,3,6,12,2,2,2,5,13,14,7,9,1,10,15,2,2,2,2,5,1,16,17,18,9,19,7,7,8,2,1,1,1,1,10,10,10,10,1,10,10,10,1,1,1,1,1,10,10,10,10,1,20,1,1,21,22,1,1,1,1,1,10,1,23,24,1,1,1,1,1,1,1,25,26,27,28,29,1,1,1,1,30,31,32,1,1,1,33,1,1,1,1,1,1,1,1,1,1,34,35,1,1,1,1,7,7,7,7,7,7,7,7,8,8,8,8,8,8,8,8","0.000712871551513672","walktrap","edit-xhwikibooks.graphml"
"0.14","0.67","0.19","0.473611591695502","4,1,4,3,11,3,6,2,3,3,6,12,2,2,2,5,13,14,8,7,1,10,15,2,2,2,2,5,1,16,17,18,7,19,8,8,9,2,1,1,1,1,10,10,10,10,1,10,10,10,1,1,1,1,1,10,10,10,10,1,20,1,1,21,22,1,1,1,1,1,10,1,23,24,1,1,1,1,1,1,1,25,26,27,28,29,1,1,1,1,30,31,32,1,1,1,33,1,1,1,1,1,1,1,1,1,1,34,35,1,1,1,1,8,8,8,8,8,8,8,8,9,9,9,9,9,9,9,9","0.000709056854248047","walktrap","edit-xhwikibooks.graphml"
"0.13","0.68","0.19","0.473611591695502","4,1,4,3,11,3,6,2,3,3,6,12,2,2,2,5,13,14,8,7,1,10,15,2,2,2,2,5,1,16,17,18,7,19,8,8,9,2,1,1,1,1,10,10,10,10,1,10,10,10,1,1,1,1,1,10,10,10,10,1,20,1,1,21,22,1,1,1,1,1,10,1,23,24,1,1,1,1,1,1,1,25,26,27,28,29,1,1,1,1,30,31,32,1,1,1,33,1,1,1,1,1,1,1,1,1,1,34,35,1,1,1,1,8,8,8,8,8,8,8,8,9,9,9,9,9,9,9,9","0.000720024108886719","walktrap","edit-xhwikibooks.graphml"
"0.12","0.69","0.19","0.473077727536382","4,1,4,3,11,3,6,2,3,3,6,12,2,2,2,5,13,14,8,7,1,10,15,2,2,2,2,5,1,16,17,18,7,19,8,8,9,2,1,1,1,1,10,10,10,10,1,10,10,10,1,1,1,1,1,10,10,10,10,1,20,1,1,21,22,1,1,1,1,1,10,1,23,24,1,1,1,1,1,1,1,25,26,27,28,29,1,1,1,1,30,31,32,1,1,1,33,1,1,1,1,1,1,1,1,1,1,34,35,1,1,1,1,8,8,8,8,8,8,8,8,9,9,9,9,9,9,9,9","0.000715017318725586","walktrap","edit-xhwikibooks.graphml"
"0.11","0.7","0.19","0.47497741293468","4,1,4,3,11,3,6,2,3,3,6,12,2,2,2,5,13,14,8,7,1,10,15,2,2,2,2,5,1,16,17,18,7,19,8,8,9,2,1,1,1,1,10,10,10,10,1,10,10,10,1,1,1,1,1,10,10,10,10,1,20,1,1,21,22,1,1,1,1,1,10,1,23,24,1,1,1,1,1,1,1,25,26,27,28,29,1,1,1,1,30,31,32,1,1,1,33,1,1,1,1,1,1,1,1,1,1,34,35,1,1,1,1,8,8,8,8,8,8,8,8,9,9,9,9,9,9,9,9","0.000746011734008789","walktrap","edit-xhwikibooks.graphml"
"0.1","0.71","0.19","0.474443374239988","4,1,4,3,11,3,6,2,3,3,6,12,2,2,2,5,13,14,8,7,1,10,15,2,2,2,2,5,1,16,17,18,7,19,8,8,9,2,1,1,1,1,10,10,10,10,1,10,10,10,1,1,1,1,1,10,10,10,10,1,20,1,1,21,22,1,1,1,1,1,10,1,23,24,1,1,1,1,1,1,1,25,26,27,28,29,1,1,1,1,30,31,32,1,1,1,33,1,1,1,1,1,1,1,1,1,1,34,35,1,1,1,1,8,8,8,8,8,8,8,8,9,9,9,9,9,9,9,9","0.000877857208251953","walktrap","edit-xhwikibooks.graphml"
"0.09","0.72","0.19","0.475646799817359","4,1,4,3,11,3,6,2,3,3,6,12,2,2,2,5,13,14,8,7,1,10,15,2,2,2,2,5,1,16,17,18,7,19,8,8,9,2,1,1,1,1,10,10,10,10,1,10,10,10,1,1,1,1,1,10,10,10,10,1,20,1,1,21,22,1,1,1,1,1,10,1,23,24,1,1,1,1,1,1,1,25,26,27,28,29,1,1,1,1,30,31,32,1,1,1,33,1,1,1,1,1,1,1,1,1,1,34,35,1,1,1,1,8,8,8,8,8,8,8,8,9,9,9,9,9,9,9,9","0.000701904296875","walktrap","edit-xhwikibooks.graphml"
"0.08","0.73","0.19","0.47511413768339","4,1,4,3,11,3,6,2,3,3,6,12,2,2,2,5,13,14,8,7,1,10,15,2,2,2,2,5,1,16,17,18,7,19,8,8,9,2,1,1,1,1,10,10,10,10,1,10,10,10,1,1,1,1,1,10,10,10,10,1,20,1,1,21,22,1,1,1,1,1,10,1,23,24,1,1,1,1,1,1,1,25,26,27,28,29,1,1,1,1,30,31,32,1,1,1,33,1,1,1,1,1,1,1,1,1,1,34,35,1,1,1,1,8,8,8,8,8,8,8,8,9,9,9,9,9,9,9,9","0.000684022903442383","walktrap","edit-xhwikibooks.graphml"
"0.07","0.74","0.19","0.47511413768339","4,1,4,3,11,3,6,2,3,3,6,12,2,2,2,5,13,14,8,7,1,10,15,2,2,2,2,5,1,16,17,18,7,19,8,8,9,2,1,1,1,1,10,10,10,10,1,10,10,10,1,1,1,1,1,10,10,10,10,1,20,1,1,21,22,1,1,1,1,1,10,1,23,24,1,1,1,1,1,1,1,25,26,27,28,29,1,1,1,1,30,31,32,1,1,1,33,1,1,1,1,1,1,1,1,1,1,34,35,1,1,1,1,8,8,8,8,8,8,8,8,9,9,9,9,9,9,9,9","0.000697135925292969","walktrap","edit-xhwikibooks.graphml"
"0.06","0.75","0.19","0.478645551649541","4,1,4,3,11,3,6,2,3,3,6,12,2,2,2,5,13,14,8,7,1,10,15,2,2,2,2,5,1,16,17,18,7,19,8,8,9,2,1,1,1,1,10,10,10,10,1,10,10,10,1,1,1,1,1,10,10,10,10,1,20,1,1,21,22,1,1,1,1,1,10,1,23,24,1,1,1,1,1,1,1,25,26,27,28,29,1,1,1,1,30,31,32,1,1,1,33,1,1,1,1,1,1,1,1,1,1,34,35,1,1,1,1,8,8,8,8,8,8,8,8,9,9,9,9,9,9,9,9","0.000696897506713867","walktrap","edit-xhwikibooks.graphml"
"0.05","0.76","0.19","0.478645551649541","4,1,4,3,11,3,6,2,3,3,6,12,2,2,2,5,13,14,8,7,1,10,15,2,2,2,2,5,1,16,17,18,7,19,8,8,9,2,1,1,1,1,10,10,10,10,1,10,10,10,1,1,1,1,1,10,10,10,10,1,20,1,1,21,22,1,1,1,1,1,10,1,23,24,1,1,1,1,1,1,1,25,26,27,28,29,1,1,1,1,30,31,32,1,1,1,33,1,1,1,1,1,1,1,1,1,1,34,35,1,1,1,1,8,8,8,8,8,8,8,8,9,9,9,9,9,9,9,9","0.000716924667358398","walktrap","edit-xhwikibooks.graphml"
"0.04","0.77","0.19","0.468167400825054","4,3,4,1,7,1,8,2,1,1,9,10,2,2,2,1,11,12,2,13,3,6,14,2,2,2,2,1,3,15,16,17,18,19,2,2,5,2,3,3,3,3,6,6,6,6,3,6,6,6,3,3,3,3,3,6,6,6,6,3,20,3,3,21,22,3,3,3,3,3,6,3,23,24,3,3,3,3,3,3,3,25,26,27,28,29,3,3,3,3,30,31,32,3,3,3,33,3,3,3,3,3,3,3,3,3,3,34,35,3,3,3,3,2,2,2,2,2,2,2,2,5,5,5,5,5,5,5,5","0.000761032104492188","walktrap","edit-xhwikibooks.graphml"
"0.03","0.78","0.19","0.470148078134845","4,3,4,1,7,1,8,2,1,1,9,10,2,2,2,1,11,12,2,13,3,6,14,2,2,2,2,1,3,15,16,17,18,19,2,2,5,2,3,3,3,3,6,6,6,6,3,6,6,6,3,3,3,3,3,6,6,6,6,3,20,3,3,21,22,3,3,3,3,3,6,3,23,24,3,3,3,3,3,3,3,25,26,27,28,29,3,3,3,3,30,31,32,3,3,3,33,3,3,3,3,3,3,3,3,3,3,34,35,3,3,3,3,2,2,2,2,2,2,2,2,5,5,5,5,5,5,5,5","0.000694990158081055","walktrap","edit-xhwikibooks.graphml"
"0.02","0.79","0.19","0.470148078134845","4,3,4,1,7,1,8,2,1,1,9,10,2,2,2,1,11,12,2,13,3,6,14,2,2,2,2,1,3,15,16,17,18,19,2,2,5,2,3,3,3,3,6,6,6,6,3,6,6,6,3,3,3,3,3,6,6,6,6,3,20,3,3,21,22,3,3,3,3,3,6,3,23,24,3,3,3,3,3,3,3,25,26,27,28,29,3,3,3,3,30,31,32,3,3,3,33,3,3,3,3,3,3,3,3,3,3,34,35,3,3,3,3,2,2,2,2,2,2,2,2,5,5,5,5,5,5,5,5","0.000694990158081055","walktrap","edit-xhwikibooks.graphml"
"0.01","0.8","0.19","0.480929684392888","4,1,4,3,9,3,10,2,3,3,11,12,2,2,2,5,13,14,6,15,1,8,16,2,2,2,2,5,1,17,18,19,20,21,6,6,7,2,1,1,1,1,8,8,8,8,1,8,8,8,1,1,1,1,1,8,8,8,8,1,22,1,1,23,24,1,1,1,1,1,8,1,25,26,1,1,1,1,1,1,1,27,28,29,30,31,1,1,1,1,32,33,34,1,1,1,35,1,1,1,1,1,1,1,1,1,1,36,37,1,1,1,1,6,6,6,6,6,6,6,6,7,7,7,7,7,7,7,7","0.000689029693603516","walktrap","edit-xhwikibooks.graphml"
"0","0.81","0.19","0.495265306122449","3,3,3,1,10,1,11,6,1,1,12,13,6,4,4,2,14,15,5,16,8,9,17,6,4,4,4,2,3,18,19,20,21,22,5,5,7,4,8,8,8,8,9,9,9,9,8,9,9,9,8,8,8,8,8,9,9,9,9,8,23,8,8,24,25,8,8,8,8,8,9,8,26,27,8,8,8,8,8,8,8,28,29,30,31,32,8,8,8,8,33,34,35,8,8,8,36,8,8,8,8,8,8,8,8,8,8,37,38,8,8,8,8,5,5,5,5,5,5,5,5,7,7,7,7,7,7,7,7","0.000706911087036133","walktrap","edit-xhwikibooks.graphml"
"0.8","0","0.2","0.41425302919602","4,2,4,1,4,1,4,1,1,1,3,4,1,1,1,1,5,3,6,4,2,11,8,1,1,1,1,9,2,5,3,7,10,4,6,6,12,1,2,2,2,2,11,11,11,11,2,11,11,11,2,2,2,2,2,11,11,11,11,2,8,2,2,1,1,2,2,2,2,2,11,2,1,1,2,2,2,2,2,2,2,1,9,9,9,2,2,2,2,2,5,3,7,2,2,2,1,2,2,2,2,2,2,2,2,2,2,10,10,2,2,2,2,6,6,6,6,6,6,6,6,12,12,12,12,12,12,12,12","0.000777959823608398","walktrap","edit-xhwikibooks.graphml"
"0.79","0.01","0.2","0.405120523415978","2,12,2,2,2,4,2,4,4,5,3,2,4,4,4,1,5,3,6,2,12,11,9,4,4,4,4,1,7,5,3,8,10,2,6,6,13,4,12,12,12,12,11,11,11,11,12,11,11,11,12,12,12,12,12,11,11,11,11,12,9,12,12,4,4,12,12,12,12,12,11,12,4,4,12,12,12,12,12,12,12,4,1,1,1,7,12,12,12,12,5,3,8,12,12,12,1,12,12,12,12,12,12,12,12,12,12,10,10,12,12,12,12,6,6,6,6,6,6,6,6,13,13,13,13,13,13,13,13","0.000790119171142578","walktrap","edit-xhwikibooks.graphml"
"0.78","0.02","0.2","0.405120523415978","2,12,2,2,2,4,2,4,4,5,3,2,4,4,4,1,5,3,6,2,12,11,9,4,4,4,4,1,7,5,3,8,10,2,6,6,13,4,12,12,12,12,11,11,11,11,12,11,11,11,12,12,12,12,12,11,11,11,11,12,9,12,12,4,4,12,12,12,12,12,11,12,4,4,12,12,12,12,12,12,12,4,1,1,1,7,12,12,12,12,5,3,8,12,12,12,1,12,12,12,12,12,12,12,12,12,12,10,10,12,12,12,12,6,6,6,6,6,6,6,6,13,13,13,13,13,13,13,13","0.000832080841064453","walktrap","edit-xhwikibooks.graphml"
"0.77","0.03","0.2","0.404632645260814","2,12,2,2,2,4,2,4,4,5,3,2,4,4,4,1,5,3,6,2,12,11,9,4,4,4,4,1,7,5,3,8,10,2,6,6,13,4,12,12,12,12,11,11,11,11,12,11,11,11,12,12,12,12,12,11,11,11,11,12,9,12,12,4,4,12,12,12,12,12,11,12,4,4,12,12,12,12,12,12,12,4,1,1,1,7,12,12,12,12,5,3,8,12,12,12,1,12,12,12,12,12,12,12,12,12,12,10,10,12,12,12,12,6,6,6,6,6,6,6,6,13,13,13,13,13,13,13,13","0.000797033309936523","walktrap","edit-xhwikibooks.graphml"
"0.76","0.04","0.2","0.404632645260814","2,12,2,2,2,4,2,4,4,5,3,2,4,4,4,1,5,3,6,2,12,11,9,4,4,4,4,1,7,5,3,8,10,2,6,6,13,4,12,12,12,12,11,11,11,11,12,11,11,11,12,12,12,12,12,11,11,11,11,12,9,12,12,4,4,12,12,12,12,12,11,12,4,4,12,12,12,12,12,12,12,4,1,1,1,7,12,12,12,12,5,3,8,12,12,12,1,12,12,12,12,12,12,12,12,12,12,10,10,12,12,12,12,6,6,6,6,6,6,6,6,13,13,13,13,13,13,13,13","0.00106906890869141","walktrap","edit-xhwikibooks.graphml"
"0.75","0.05","0.2","0.404145863947938","2,12,2,2,2,4,2,4,4,5,3,2,4,4,4,1,5,3,6,2,12,11,9,4,4,4,4,1,7,5,3,8,10,2,6,6,13,4,12,12,12,12,11,11,11,11,12,11,11,11,12,12,12,12,12,11,11,11,11,12,9,12,12,4,4,12,12,12,12,12,11,12,4,4,12,12,12,12,12,12,12,4,1,1,1,7,12,12,12,12,5,3,8,12,12,12,1,12,12,12,12,12,12,12,12,12,12,10,10,12,12,12,12,6,6,6,6,6,6,6,6,13,13,13,13,13,13,13,13","0.000791788101196289","walktrap","edit-xhwikibooks.graphml"
"0.74","0.06","0.2","0.404145863947938","2,12,2,2,2,4,2,4,4,5,3,2,4,4,4,1,5,3,6,2,12,11,9,4,4,4,4,1,7,5,3,8,10,2,6,6,13,4,12,12,12,12,11,11,11,11,12,11,11,11,12,12,12,12,12,11,11,11,11,12,9,12,12,4,4,12,12,12,12,12,11,12,4,4,12,12,12,12,12,12,12,4,1,1,1,7,12,12,12,12,5,3,8,12,12,12,1,12,12,12,12,12,12,12,12,12,12,10,10,12,12,12,12,6,6,6,6,6,6,6,6,13,13,13,13,13,13,13,13","0.000760078430175781","walktrap","edit-xhwikibooks.graphml"
"0.73","0.07","0.2","0.403660176218068","2,12,2,2,2,4,2,4,4,5,3,2,4,4,4,1,5,3,6,2,12,11,9,4,4,4,4,1,7,5,3,8,10,2,6,6,13,4,12,12,12,12,11,11,11,11,12,11,11,11,12,12,12,12,12,11,11,11,11,12,9,12,12,4,4,12,12,12,12,12,11,12,4,4,12,12,12,12,12,12,12,4,1,1,1,7,12,12,12,12,5,3,8,12,12,12,1,12,12,12,12,12,12,12,12,12,12,10,10,12,12,12,12,6,6,6,6,6,6,6,6,13,13,13,13,13,13,13,13","0.000771999359130859","walktrap","edit-xhwikibooks.graphml"
"0.72","0.08","0.2","0.405221412759472","2,11,2,2,2,4,2,4,4,5,3,2,4,4,4,1,5,3,6,2,11,12,9,4,4,4,4,1,7,5,3,8,10,2,6,6,13,4,11,11,11,11,12,12,12,12,11,12,12,12,11,11,11,11,11,12,12,12,12,11,9,11,11,4,4,11,11,11,11,11,12,11,4,4,11,11,11,11,11,11,11,4,1,1,1,7,11,11,11,11,5,3,8,11,11,11,1,11,11,11,11,11,11,11,11,11,11,10,10,11,11,11,11,6,6,6,6,6,6,6,6,13,13,13,13,13,13,13,13","0.000782012939453125","walktrap","edit-xhwikibooks.graphml"
"0.71","0.09","0.2","0.404736276782181","2,11,2,2,2,4,2,4,4,5,3,2,4,4,4,1,5,3,6,2,11,12,9,4,4,4,4,1,7,5,3,8,10,2,6,6,13,4,11,11,11,11,12,12,12,12,11,12,12,12,11,11,11,11,11,12,12,12,12,11,9,11,11,4,4,11,11,11,11,11,12,11,4,4,11,11,11,11,11,11,11,4,1,1,1,7,11,11,11,11,5,3,8,11,11,11,1,11,11,11,11,11,11,11,11,11,11,10,10,11,11,11,11,6,6,6,6,6,6,6,6,13,13,13,13,13,13,13,13","0.000748872756958008","walktrap","edit-xhwikibooks.graphml"
"0.7","0.1","0.2","0.406412042673304","2,11,2,2,2,4,2,4,4,5,3,2,4,4,4,1,5,3,6,2,11,13,9,4,4,4,4,1,7,5,3,8,10,2,6,6,12,4,11,11,11,11,13,13,13,13,11,13,13,13,11,11,11,11,11,13,13,13,13,11,9,11,11,4,4,11,11,11,11,11,13,11,4,4,11,11,11,11,11,11,11,4,1,1,1,7,11,11,11,11,5,3,8,11,11,11,1,11,11,11,11,11,11,11,11,11,11,10,10,11,11,11,11,6,6,6,6,6,6,6,6,12,12,12,12,12,12,12,12","0.000754117965698242","walktrap","edit-xhwikibooks.graphml"
"0.69","0.11","0.2","0.405927096421804","2,11,2,2,2,4,2,4,4,5,3,2,4,4,4,1,5,3,6,2,11,13,9,4,4,4,4,1,7,5,3,8,10,2,6,6,12,4,11,11,11,11,13,13,13,13,11,13,13,13,11,11,11,11,11,13,13,13,13,11,9,11,11,4,4,11,11,11,11,11,13,11,4,4,11,11,11,11,11,11,11,4,1,1,1,7,11,11,11,11,5,3,8,11,11,11,1,11,11,11,11,11,11,11,11,11,11,10,10,11,11,11,11,6,6,6,6,6,6,6,6,12,12,12,12,12,12,12,12","0.000763893127441406","walktrap","edit-xhwikibooks.graphml"
"0.68","0.12","0.2","0.409060440923137","2,11,2,2,2,4,2,4,4,5,3,2,4,4,4,1,5,3,6,2,11,12,9,4,4,4,4,1,7,5,3,8,10,2,6,6,13,4,11,11,11,11,12,12,12,12,11,12,12,12,11,11,11,11,11,12,12,12,12,11,9,11,11,4,4,11,11,11,11,11,12,11,4,4,11,11,11,11,11,11,11,4,1,1,1,7,11,11,11,11,5,3,8,11,11,11,1,11,11,11,11,11,11,11,11,11,11,10,10,11,11,11,11,6,6,6,6,6,6,6,6,13,13,13,13,13,13,13,13","0.000765800476074219","walktrap","edit-xhwikibooks.graphml"
"0.67","0.13","0.2","0.408575406549343","2,11,2,2,2,4,2,4,4,5,3,2,4,4,4,1,5,3,6,2,11,12,9,4,4,4,4,1,7,5,3,8,10,2,6,6,13,4,11,11,11,11,12,12,12,12,11,12,12,12,11,11,11,11,11,12,12,12,12,11,9,11,11,4,4,11,11,11,11,11,12,11,4,4,11,11,11,11,11,11,11,4,1,1,1,7,11,11,11,11,5,3,8,11,11,11,1,11,11,11,11,11,11,11,11,11,11,10,10,11,11,11,11,6,6,6,6,6,6,6,6,13,13,13,13,13,13,13,13","0.00077509880065918","walktrap","edit-xhwikibooks.graphml"
"0.66","0.14","0.2","0.408575406549343","2,11,2,2,2,4,2,4,4,5,3,2,4,4,4,1,5,3,6,2,11,12,9,4,4,4,4,1,7,5,3,8,10,2,6,6,13,4,11,11,11,11,12,12,12,12,11,12,12,12,11,11,11,11,11,12,12,12,12,11,9,11,11,4,4,11,11,11,11,11,12,11,4,4,11,11,11,11,11,11,11,4,1,1,1,7,11,11,11,11,5,3,8,11,11,11,1,11,11,11,11,11,11,11,11,11,11,10,10,11,11,11,11,6,6,6,6,6,6,6,6,13,13,13,13,13,13,13,13","0.000785112380981445","walktrap","edit-xhwikibooks.graphml"
"0.65","0.15","0.2","0.411096441164068","2,11,2,2,2,4,2,4,4,5,3,2,4,4,4,1,5,3,6,2,11,12,9,4,4,4,4,1,7,5,3,8,10,2,6,6,13,4,11,11,11,11,12,12,12,12,11,12,12,12,11,11,11,11,11,12,12,12,12,11,9,11,11,4,4,11,11,11,11,11,12,11,4,4,11,11,11,11,11,11,11,4,1,1,1,7,11,11,11,11,5,3,8,11,11,11,1,11,11,11,11,11,11,11,11,11,11,10,10,11,11,11,11,6,6,6,6,6,6,6,6,13,13,13,13,13,13,13,13","0.000787019729614258","walktrap","edit-xhwikibooks.graphml"
"0.64","0.16","0.2","0.412127297668038","2,11,2,2,2,4,2,4,4,5,3,2,4,4,4,1,5,3,6,2,11,12,9,4,4,4,4,1,7,5,3,8,10,2,6,6,13,4,11,11,11,11,12,12,12,12,11,12,12,12,11,11,11,11,11,12,12,12,12,11,9,11,11,4,4,11,11,11,11,11,12,11,4,4,11,11,11,11,11,11,11,4,1,1,1,7,11,11,11,11,5,3,8,11,11,11,1,11,11,11,11,11,11,11,11,11,11,10,10,11,11,11,11,6,6,6,6,6,6,6,6,13,13,13,13,13,13,13,13","0.000738859176635742","walktrap","edit-xhwikibooks.graphml"
"0.63","0.17","0.2","0.414182825001254","2,11,2,2,2,1,2,1,1,4,3,2,1,1,1,1,4,3,5,2,11,12,8,1,1,1,1,9,6,4,3,7,10,2,5,5,13,1,11,11,11,11,12,12,12,12,11,12,12,12,11,11,11,11,11,12,12,12,12,11,8,11,11,1,1,11,11,11,11,11,12,11,1,1,11,11,11,11,11,11,11,1,9,9,9,6,11,11,11,11,4,3,7,11,11,11,1,11,11,11,11,11,11,11,11,11,11,10,10,11,11,11,11,5,5,5,5,5,5,5,5,13,13,13,13,13,13,13,13","0.000761032104492188","walktrap","edit-xhwikibooks.graphml"
"0.62","0.18","0.2","0.414182825001254","2,11,2,2,2,1,2,1,1,4,3,2,1,1,1,1,4,3,5,2,11,12,8,1,1,1,1,9,6,4,3,7,10,2,5,5,13,1,11,11,11,11,12,12,12,12,11,12,12,12,11,11,11,11,11,12,12,12,12,11,8,11,11,1,1,11,11,11,11,11,12,11,1,1,11,11,11,11,11,11,11,1,9,9,9,6,11,11,11,11,4,3,7,11,11,11,1,11,11,11,11,11,11,11,11,11,11,10,10,11,11,11,11,5,5,5,5,5,5,5,5,13,13,13,13,13,13,13,13","0.000869035720825195","walktrap","edit-xhwikibooks.graphml"
"0.61","0.19","0.2","0.413699410899662","2,11,2,2,2,1,2,1,1,4,3,2,1,1,1,1,4,3,5,2,11,12,8,1,1,1,1,9,6,4,3,7,10,2,5,5,13,1,11,11,11,11,12,12,12,12,11,12,12,12,11,11,11,11,11,12,12,12,12,11,8,11,11,1,1,11,11,11,11,11,12,11,1,1,11,11,11,11,11,11,11,1,9,9,9,6,11,11,11,11,4,3,7,11,11,11,1,11,11,11,11,11,11,11,11,11,11,10,10,11,11,11,11,5,5,5,5,5,5,5,5,13,13,13,13,13,13,13,13","0.000757932662963867","walktrap","edit-xhwikibooks.graphml"
"0.6","0.2","0.2","0.416658737024222","2,11,2,2,2,1,2,1,1,4,3,2,1,1,1,1,4,3,5,2,11,12,8,1,1,1,1,9,6,4,3,7,10,2,5,5,13,1,11,11,11,11,12,12,12,12,11,12,12,12,11,11,11,11,11,12,12,12,12,11,8,11,11,1,1,11,11,11,11,11,12,11,1,1,11,11,11,11,11,11,11,1,9,9,9,6,11,11,11,11,4,3,7,11,11,11,1,11,11,11,11,11,11,11,11,11,11,10,10,11,11,11,11,5,5,5,5,5,5,5,5,13,13,13,13,13,13,13,13","0.000750064849853516","walktrap","edit-xhwikibooks.graphml"
"0.59","0.21","0.2","0.406573847182","3,6,3,3,3,1,3,1,1,5,3,3,1,1,1,2,5,7,4,3,6,9,1,1,1,1,1,2,6,5,7,4,8,3,4,4,10,1,6,6,6,6,9,9,9,9,6,9,9,9,6,6,6,6,6,9,9,9,9,6,11,6,6,1,1,6,6,6,6,6,9,6,1,1,6,6,6,6,6,6,6,1,2,2,2,12,6,6,6,6,13,14,15,6,6,6,2,6,6,6,6,6,6,6,6,6,6,8,8,6,6,6,6,4,4,4,4,4,4,4,4,10,10,10,10,10,10,10,10","0.00076603889465332","walktrap","edit-xhwikibooks.graphml"
"0.58","0.22","0.2","0.406573847182","3,6,3,3,3,1,3,1,1,5,3,3,1,1,1,2,5,7,4,3,6,9,1,1,1,1,1,2,6,5,7,4,8,3,4,4,10,1,6,6,6,6,9,9,9,9,6,9,9,9,6,6,6,6,6,9,9,9,9,6,11,6,6,1,1,6,6,6,6,6,9,6,1,1,6,6,6,6,6,6,6,1,2,2,2,12,6,6,6,6,13,14,15,6,6,6,2,6,6,6,6,6,6,6,6,6,6,8,8,6,6,6,6,4,4,4,4,4,4,4,4,10,10,10,10,10,10,10,10","0.000756978988647461","walktrap","edit-xhwikibooks.graphml"
"0.57","0.23","0.2","0.409207624153013","3,6,3,3,3,1,3,1,1,5,3,3,1,1,1,2,5,7,4,3,6,9,1,1,1,1,1,2,6,5,7,4,8,3,4,4,10,1,6,6,6,6,9,9,9,9,6,9,9,9,6,6,6,6,6,9,9,9,9,6,11,6,6,1,1,6,6,6,6,6,9,6,1,1,6,6,6,6,6,6,6,1,2,2,2,12,6,6,6,6,13,14,15,6,6,6,2,6,6,6,6,6,6,6,6,6,6,8,8,6,6,6,6,4,4,4,4,4,4,4,4,10,10,10,10,10,10,10,10","0.000752925872802734","walktrap","edit-xhwikibooks.graphml"
"0.56","0.24","0.2","0.410737084943955","3,6,3,3,3,1,3,1,1,5,3,3,1,1,1,2,5,7,4,3,6,9,1,1,1,1,1,2,6,5,7,4,8,3,4,4,10,1,6,6,6,6,9,9,9,9,6,9,9,9,6,6,6,6,6,9,9,9,9,6,11,6,6,1,1,6,6,6,6,6,9,6,1,1,6,6,6,6,6,6,6,1,2,2,2,12,6,6,6,6,13,14,15,6,6,6,2,6,6,6,6,6,6,6,6,6,6,8,8,6,6,6,6,4,4,4,4,4,4,4,4,10,10,10,10,10,10,10,10","0.00078582763671875","walktrap","edit-xhwikibooks.graphml"
"0.55","0.25","0.2","0.414948094778152","3,6,3,3,3,1,3,1,1,5,3,3,1,1,1,2,5,7,4,3,6,9,1,1,1,1,1,2,6,5,7,4,8,3,4,4,10,1,6,6,6,6,9,9,9,9,6,9,9,9,6,6,6,6,6,9,9,9,9,6,11,6,6,1,1,6,6,6,6,6,9,6,1,1,6,6,6,6,6,6,6,1,2,2,2,12,6,6,6,6,13,14,15,6,6,6,2,6,6,6,6,6,6,6,6,6,6,8,8,6,6,6,6,4,4,4,4,4,4,4,4,10,10,10,10,10,10,10,10","0.000754833221435547","walktrap","edit-xhwikibooks.graphml"
"0.54","0.26","0.2","0.414948094778152","3,6,3,3,3,1,3,1,1,5,3,3,1,1,1,2,5,7,4,3,6,9,1,1,1,1,1,2,6,5,7,4,8,3,4,4,10,1,6,6,6,6,9,9,9,9,6,9,9,9,6,6,6,6,6,9,9,9,9,6,11,6,6,1,1,6,6,6,6,6,9,6,1,1,6,6,6,6,6,6,6,1,2,2,2,12,6,6,6,6,13,14,15,6,6,6,2,6,6,6,6,6,6,6,6,6,6,8,8,6,6,6,6,4,4,4,4,4,4,4,4,10,10,10,10,10,10,10,10","0.000767946243286133","walktrap","edit-xhwikibooks.graphml"
"0.53","0.27","0.2","0.416563819703671","3,6,3,3,3,1,3,1,1,5,3,3,1,1,1,2,5,7,4,3,6,9,1,1,1,1,1,2,6,5,7,4,8,3,4,4,10,1,6,6,6,6,9,9,9,9,6,9,9,9,6,6,6,6,6,9,9,9,9,6,11,6,6,1,1,6,6,6,6,6,9,6,1,1,6,6,6,6,6,6,6,1,2,2,2,12,6,6,6,6,13,14,15,6,6,6,2,6,6,6,6,6,6,6,6,6,6,8,8,6,6,6,6,4,4,4,4,4,4,4,4,10,10,10,10,10,10,10,10","0.000776052474975586","walktrap","edit-xhwikibooks.graphml"
"0.52","0.28","0.2","0.416076989619377","3,6,3,3,3,1,3,1,1,5,3,3,1,1,1,2,5,7,4,3,6,9,1,1,1,1,1,2,6,5,7,4,8,3,4,4,10,1,6,6,6,6,9,9,9,9,6,9,9,9,6,6,6,6,6,9,9,9,9,6,11,6,6,1,1,6,6,6,6,6,9,6,1,1,6,6,6,6,6,6,6,1,2,2,2,12,6,6,6,6,13,14,15,6,6,6,2,6,6,6,6,6,6,6,6,6,6,8,8,6,6,6,6,4,4,4,4,4,4,4,4,10,10,10,10,10,10,10,10","0.000756978988647461","walktrap","edit-xhwikibooks.graphml"
"0.51","0.29","0.2","0.41900009459843","3,6,3,3,3,1,3,1,1,5,3,3,1,1,1,2,5,7,4,3,6,9,1,1,1,1,1,2,6,5,7,4,8,3,4,4,10,1,6,6,6,6,9,9,9,9,6,9,9,9,6,6,6,6,6,9,9,9,9,6,11,6,6,1,1,6,6,6,6,6,9,6,1,1,6,6,6,6,6,6,6,1,2,2,2,12,6,6,6,6,13,14,15,6,6,6,2,6,6,6,6,6,6,6,6,6,6,8,8,6,6,6,6,4,4,4,4,4,4,4,4,10,10,10,10,10,10,10,10","0.000771999359130859","walktrap","edit-xhwikibooks.graphml"
"0.5","0.3","0.2","0.41851361982812","3,6,3,3,3,1,3,1,1,5,3,3,1,1,1,2,5,7,4,3,6,9,1,1,1,1,1,2,6,5,7,4,8,3,4,4,10,1,6,6,6,6,9,9,9,9,6,9,9,9,6,6,6,6,6,9,9,9,9,6,11,6,6,1,1,6,6,6,6,6,9,6,1,1,6,6,6,6,6,6,6,1,2,2,2,12,6,6,6,6,13,14,15,6,6,6,2,6,6,6,6,6,6,6,6,6,6,8,8,6,6,6,6,4,4,4,4,4,4,4,4,10,10,10,10,10,10,10,10","0.00076603889465332","walktrap","edit-xhwikibooks.graphml"
"0.49","0.31","0.2","0.4199924763175","3,6,3,3,3,1,3,1,1,5,3,3,1,1,1,2,5,7,4,3,6,9,1,1,1,1,1,2,6,5,7,4,8,3,4,4,10,1,6,6,6,6,9,9,9,9,6,9,9,9,6,6,6,6,6,9,9,9,9,6,11,6,6,1,1,6,6,6,6,6,9,6,1,1,6,6,6,6,6,6,6,1,2,2,2,12,6,6,6,6,13,14,15,6,6,6,2,6,6,6,6,6,6,6,6,6,6,8,8,6,6,6,6,4,4,4,4,4,4,4,4,10,10,10,10,10,10,10,10","0.000833034515380859","walktrap","edit-xhwikibooks.graphml"
"0.48","0.32","0.2","0.419506633278278","3,6,3,3,3,1,3,1,1,5,3,3,1,1,1,2,5,7,4,3,6,9,1,1,1,1,1,2,6,5,7,4,8,3,4,4,10,1,6,6,6,6,9,9,9,9,6,9,9,9,6,6,6,6,6,9,9,9,9,6,11,6,6,1,1,6,6,6,6,6,9,6,1,1,6,6,6,6,6,6,6,1,2,2,2,12,6,6,6,6,13,14,15,6,6,6,2,6,6,6,6,6,6,6,6,6,6,8,8,6,6,6,6,4,4,4,4,4,4,4,4,10,10,10,10,10,10,10,10","0.000871896743774414","walktrap","edit-xhwikibooks.graphml"
"0.47","0.33","0.2","0.419506633278278","3,6,3,3,3,1,3,1,1,5,3,3,1,1,1,2,5,7,4,3,6,9,1,1,1,1,1,2,6,5,7,4,8,3,4,4,10,1,6,6,6,6,9,9,9,9,6,9,9,9,6,6,6,6,6,9,9,9,9,6,11,6,6,1,1,6,6,6,6,6,9,6,1,1,6,6,6,6,6,6,6,1,2,2,2,12,6,6,6,6,13,14,15,6,6,6,2,6,6,6,6,6,6,6,6,6,6,8,8,6,6,6,6,4,4,4,4,4,4,4,4,10,10,10,10,10,10,10,10","0.000757932662963867","walktrap","edit-xhwikibooks.graphml"
"0.46","0.34","0.2","0.434404081632653","3,5,3,3,3,1,3,1,1,4,3,3,1,1,1,2,4,6,1,3,5,8,1,1,1,1,1,2,5,4,6,1,7,3,1,1,9,1,5,5,5,5,8,8,8,8,5,8,8,8,5,5,5,5,5,8,8,8,8,5,10,5,5,1,1,5,5,5,5,5,8,5,1,1,5,5,5,5,5,5,5,1,2,2,2,11,5,5,5,5,12,13,14,5,5,5,2,5,5,5,5,5,5,5,5,5,5,7,7,5,5,5,5,1,1,1,1,1,1,1,1,9,9,9,9,9,9,9,9","0.000774145126342773","walktrap","edit-xhwikibooks.graphml"
"0.45","0.35","0.2","0.434404081632653","3,5,3,3,3,1,3,1,1,4,3,3,1,1,1,2,4,6,1,3,5,8,1,1,1,1,1,2,5,4,6,1,7,3,1,1,9,1,5,5,5,5,8,8,8,8,5,8,8,8,5,5,5,5,5,8,8,8,8,5,10,5,5,1,1,5,5,5,5,5,8,5,1,1,5,5,5,5,5,5,5,1,2,2,2,11,5,5,5,5,12,13,14,5,5,5,2,5,5,5,5,5,5,5,5,5,5,7,7,5,5,5,5,1,1,1,1,1,1,1,1,9,9,9,9,9,9,9,9","0.00076603889465332","walktrap","edit-xhwikibooks.graphml"
"0.44","0.36","0.2","0.433936845875364","3,5,3,3,3,1,3,1,1,4,3,3,1,1,1,2,4,6,1,3,5,8,1,1,1,1,1,2,5,4,6,1,7,3,1,1,9,1,5,5,5,5,8,8,8,8,5,8,8,8,5,5,5,5,5,8,8,8,8,5,10,5,5,1,1,5,5,5,5,5,8,5,1,1,5,5,5,5,5,5,5,1,2,2,2,11,5,5,5,5,12,13,14,5,5,5,2,5,5,5,5,5,5,5,5,5,5,7,7,5,5,5,5,1,1,1,1,1,1,1,1,9,9,9,9,9,9,9,9","0.000799894332885742","walktrap","edit-xhwikibooks.graphml"
"0.43","0.37","0.2","0.433470507544582","3,5,3,3,3,1,3,1,1,4,3,3,1,1,1,2,4,6,1,3,5,8,1,1,1,1,1,2,5,4,6,1,7,3,1,1,9,1,5,5,5,5,8,8,8,8,5,8,8,8,5,5,5,5,5,8,8,8,8,5,10,5,5,1,1,5,5,5,5,5,8,5,1,1,5,5,5,5,5,5,5,1,2,2,2,11,5,5,5,5,12,13,14,5,5,5,2,5,5,5,5,5,5,5,5,5,5,7,7,5,5,5,5,1,1,1,1,1,1,1,1,9,9,9,9,9,9,9,9","0.000760078430175781","walktrap","edit-xhwikibooks.graphml"
"0.42","0.38","0.2","0.433005064658879","3,5,3,3,3,1,3,1,1,4,3,3,1,1,1,2,4,6,1,3,5,8,1,1,1,1,1,2,5,4,6,1,7,3,1,1,9,1,5,5,5,5,8,8,8,8,5,8,8,8,5,5,5,5,5,8,8,8,8,5,10,5,5,1,1,5,5,5,5,5,8,5,1,1,5,5,5,5,5,5,5,1,2,2,2,11,5,5,5,5,12,13,14,5,5,5,2,5,5,5,5,5,5,5,5,5,5,7,7,5,5,5,5,1,1,1,1,1,1,1,1,9,9,9,9,9,9,9,9","0.000751018524169922","walktrap","edit-xhwikibooks.graphml"
"0.41","0.39","0.2","0.434410914901859","3,5,3,3,3,1,3,1,1,4,3,3,1,1,1,2,4,6,1,3,5,8,1,1,1,1,1,2,5,4,6,1,7,3,1,1,9,1,5,5,5,5,8,8,8,8,5,8,8,8,5,5,5,5,5,8,8,8,8,5,10,5,5,1,1,5,5,5,5,5,8,5,1,1,5,5,5,5,5,5,5,1,2,2,2,11,5,5,5,5,12,13,14,5,5,5,2,5,5,5,5,5,5,5,5,5,5,7,7,5,5,5,5,1,1,1,1,1,1,1,1,9,9,9,9,9,9,9,9","0.000764846801757812","walktrap","edit-xhwikibooks.graphml"
"0.4","0.4","0.2","0.436239744402809","3,5,3,3,3,1,3,1,1,4,3,3,1,1,1,2,4,6,1,3,5,8,1,1,1,1,1,2,5,4,6,1,7,3,1,1,9,1,5,5,5,5,8,8,8,8,5,8,8,8,5,5,5,5,5,8,8,8,8,5,10,5,5,1,1,5,5,5,5,5,8,5,1,1,5,5,5,5,5,5,5,1,2,2,2,11,5,5,5,5,12,13,14,5,5,5,2,5,5,5,5,5,5,5,5,5,5,7,7,5,5,5,5,1,1,1,1,1,1,1,1,9,9,9,9,9,9,9,9","0.000761032104492188","walktrap","edit-xhwikibooks.graphml"
"0.39","0.41","0.2","0.424899336687087","2,5,2,2,2,1,2,1,1,1,2,2,1,1,1,1,9,2,3,4,5,8,1,1,1,1,1,6,5,10,11,3,4,4,3,3,7,1,5,5,5,5,8,8,8,8,5,8,8,8,5,5,5,5,5,8,8,8,8,5,12,5,5,13,14,5,5,5,5,5,8,5,1,1,5,5,5,5,5,5,5,15,6,6,6,16,5,5,5,5,17,18,19,5,5,5,20,5,5,5,5,5,5,5,5,5,5,21,22,5,5,5,5,3,3,3,3,3,3,3,3,7,7,7,7,7,7,7,7","0.000747919082641602","walktrap","edit-xhwikibooks.graphml"
"0.38","0.42","0.2","0.424363248500535","2,5,2,2,2,1,2,1,1,1,2,2,1,1,1,1,9,2,3,4,5,8,1,1,1,1,1,6,5,10,11,3,4,4,3,3,7,1,5,5,5,5,8,8,8,8,5,8,8,8,5,5,5,5,5,8,8,8,8,5,12,5,5,13,14,5,5,5,5,5,8,5,1,1,5,5,5,5,5,5,5,15,6,6,6,16,5,5,5,5,17,18,19,5,5,5,20,5,5,5,5,5,5,5,5,5,5,21,22,5,5,5,5,3,3,3,3,3,3,3,3,7,7,7,7,7,7,7,7","0.000718116760253906","walktrap","edit-xhwikibooks.graphml"
"0.37","0.43","0.2","0.427446434984843","2,5,2,2,2,1,2,1,1,1,2,2,1,1,1,1,9,2,3,4,5,8,1,1,1,1,1,6,5,10,11,3,4,4,3,3,7,1,5,5,5,5,8,8,8,8,5,8,8,8,5,5,5,5,5,8,8,8,8,5,12,5,5,13,14,5,5,5,5,5,8,5,1,1,5,5,5,5,5,5,5,15,6,6,6,16,5,5,5,5,17,18,19,5,5,5,20,5,5,5,5,5,5,5,5,5,5,21,22,5,5,5,5,3,3,3,3,3,3,3,3,7,7,7,7,7,7,7,7","0.00074005126953125","walktrap","edit-xhwikibooks.graphml"
"0.36","0.44","0.2","0.426911001842653","2,5,2,2,2,1,2,1,1,1,2,2,1,1,1,1,9,2,3,4,5,8,1,1,1,1,1,6,5,10,11,3,4,4,3,3,7,1,5,5,5,5,8,8,8,8,5,8,8,8,5,5,5,5,5,8,8,8,8,5,12,5,5,13,14,5,5,5,5,5,8,5,1,1,5,5,5,5,5,5,5,15,6,6,6,16,5,5,5,5,17,18,19,5,5,5,20,5,5,5,5,5,5,5,5,5,5,21,22,5,5,5,5,3,3,3,3,3,3,3,3,7,7,7,7,7,7,7,7","0.000826120376586914","walktrap","edit-xhwikibooks.graphml"
"0.35","0.45","0.2","0.430080655594144","2,5,2,2,2,1,2,1,1,1,2,2,1,1,1,1,9,2,3,4,5,8,1,1,1,1,1,6,5,10,11,3,4,4,3,3,7,1,5,5,5,5,8,8,8,8,5,8,8,8,5,5,5,5,5,8,8,8,8,5,12,5,5,13,14,5,5,5,5,5,8,5,1,1,5,5,5,5,5,5,5,15,6,6,6,16,5,5,5,5,17,18,19,5,5,5,20,5,5,5,5,5,5,5,5,5,5,21,22,5,5,5,5,3,3,3,3,3,3,3,3,7,7,7,7,7,7,7,7","0.000715017318725586","walktrap","edit-xhwikibooks.graphml"
"0.34","0.46","0.2","0.429545539091078","2,5,2,2,2,1,2,1,1,1,2,2,1,1,1,1,9,2,3,4,5,8,1,1,1,1,1,6,5,10,11,3,4,4,3,3,7,1,5,5,5,5,8,8,8,8,5,8,8,8,5,5,5,5,5,8,8,8,8,5,12,5,5,13,14,5,5,5,5,5,8,5,1,1,5,5,5,5,5,5,5,15,6,6,6,16,5,5,5,5,17,18,19,5,5,5,20,5,5,5,5,5,5,5,5,5,5,21,22,5,5,5,5,3,3,3,3,3,3,3,3,7,7,7,7,7,7,7,7","0.000936031341552734","walktrap","edit-xhwikibooks.graphml"
"0.33","0.47","0.2","0.431145178197065","2,5,2,2,2,1,2,1,1,1,2,2,1,1,1,1,9,2,3,4,5,8,1,1,1,1,1,6,5,10,11,3,4,4,3,3,7,1,5,5,5,5,8,8,8,8,5,8,8,8,5,5,5,5,5,8,8,8,8,5,12,5,5,13,14,5,5,5,5,5,8,5,1,1,5,5,5,5,5,5,5,15,6,6,6,16,5,5,5,5,17,18,19,5,5,5,20,5,5,5,5,5,5,5,5,5,5,21,22,5,5,5,5,3,3,3,3,3,3,3,3,7,7,7,7,7,7,7,7","0.000712871551513672","walktrap","edit-xhwikibooks.graphml"
"0.32","0.48","0.2","0.430610766224133","2,5,2,2,2,1,2,1,1,1,2,2,1,1,1,1,9,2,3,4,5,8,1,1,1,1,1,6,5,10,11,3,4,4,3,3,7,1,5,5,5,5,8,8,8,8,5,8,8,8,5,5,5,5,5,8,8,8,8,5,12,5,5,13,14,5,5,5,5,5,8,5,1,1,5,5,5,5,5,5,5,15,6,6,6,16,5,5,5,5,17,18,19,5,5,5,20,5,5,5,5,5,5,5,5,5,5,21,22,5,5,5,5,3,3,3,3,3,3,3,3,7,7,7,7,7,7,7,7","0.000730991363525391","walktrap","edit-xhwikibooks.graphml"
"0.31","0.49","0.2","0.430610766224133","2,5,2,2,2,1,2,1,1,1,2,2,1,1,1,1,9,2,3,4,5,8,1,1,1,1,1,6,5,10,11,3,4,4,3,3,7,1,5,5,5,5,8,8,8,8,5,8,8,8,5,5,5,5,5,8,8,8,8,5,12,5,5,13,14,5,5,5,5,5,8,5,1,1,5,5,5,5,5,5,5,15,6,6,6,16,5,5,5,5,17,18,19,5,5,5,20,5,5,5,5,5,5,5,5,5,5,21,22,5,5,5,5,3,3,3,3,3,3,3,3,7,7,7,7,7,7,7,7","0.000753879547119141","walktrap","edit-xhwikibooks.graphml"
"0.3","0.5","0.2","0.485596314101186","1,4,1,1,1,1,1,2,1,1,6,1,2,2,2,1,10,6,3,5,4,9,2,2,2,2,2,7,4,11,12,3,5,5,3,3,8,2,4,4,4,4,9,9,9,9,4,9,9,9,4,4,4,4,4,9,9,9,9,4,13,4,4,14,15,4,4,4,4,4,9,4,2,2,4,4,4,4,4,4,4,16,7,7,7,17,4,4,4,4,18,19,20,4,4,4,21,4,4,4,4,4,4,4,4,4,4,22,23,4,4,4,4,3,3,3,3,3,3,3,3,8,8,8,8,8,8,8,8","0.000782966613769531","walktrap","edit-xhwikibooks.graphml"
"0.29","0.51","0.2","0.485596314101186","1,4,1,1,1,1,1,2,1,1,6,1,2,2,2,1,10,6,3,5,4,9,2,2,2,2,2,7,4,11,12,3,5,5,3,3,8,2,4,4,4,4,9,9,9,9,4,9,9,9,4,4,4,4,4,9,9,9,9,4,13,4,4,14,15,4,4,4,4,4,9,4,2,2,4,4,4,4,4,4,4,16,7,7,7,17,4,4,4,4,18,19,20,4,4,4,21,4,4,4,4,4,4,4,4,4,4,22,23,4,4,4,4,3,3,3,3,3,3,3,3,8,8,8,8,8,8,8,8","0.000772953033447266","walktrap","edit-xhwikibooks.graphml"
"0.28","0.52","0.2","0.485596314101186","1,4,1,1,1,1,1,2,1,1,6,1,2,2,2,1,10,6,3,5,4,9,2,2,2,2,2,7,4,11,12,3,5,5,3,3,8,2,4,4,4,4,9,9,9,9,4,9,9,9,4,4,4,4,4,9,9,9,9,4,13,4,4,14,15,4,4,4,4,4,9,4,2,2,4,4,4,4,4,4,4,16,7,7,7,17,4,4,4,4,18,19,20,4,4,4,21,4,4,4,4,4,4,4,4,4,4,22,23,4,4,4,4,3,3,3,3,3,3,3,3,8,8,8,8,8,8,8,8","0.000787019729614258","walktrap","edit-xhwikibooks.graphml"
"0.27","0.53","0.2","0.485062884655373","1,4,1,1,1,1,1,2,1,1,6,1,2,2,2,1,10,6,3,5,4,9,2,2,2,2,2,7,4,11,12,3,5,5,3,3,8,2,4,4,4,4,9,9,9,9,4,9,9,9,4,4,4,4,4,9,9,9,9,4,13,4,4,14,15,4,4,4,4,4,9,4,2,2,4,4,4,4,4,4,4,16,7,7,7,17,4,4,4,4,18,19,20,4,4,4,21,4,4,4,4,4,4,4,4,4,4,22,23,4,4,4,4,3,3,3,3,3,3,3,3,8,8,8,8,8,8,8,8","0.000763177871704102","walktrap","edit-xhwikibooks.graphml"
"0.26","0.54","0.2","0.486392180499983","1,4,1,1,1,1,1,2,1,1,6,1,2,2,2,1,10,6,3,5,4,9,2,2,2,2,2,7,4,11,12,3,5,5,3,3,8,2,4,4,4,4,9,9,9,9,4,9,9,9,4,4,4,4,4,9,9,9,9,4,13,4,4,14,15,4,4,4,4,4,9,4,2,2,4,4,4,4,4,4,4,16,7,7,7,17,4,4,4,4,18,19,20,4,4,4,21,4,4,4,4,4,4,4,4,4,4,22,23,4,4,4,4,3,3,3,3,3,3,3,3,8,8,8,8,8,8,8,8","0.000770092010498047","walktrap","edit-xhwikibooks.graphml"
"0.25","0.55","0.2","0.485859662208962","1,4,1,1,1,1,1,2,1,1,6,1,2,2,2,1,10,6,3,5,4,9,2,2,2,2,2,7,4,11,12,3,5,5,3,3,8,2,4,4,4,4,9,9,9,9,4,9,9,9,4,4,4,4,4,9,9,9,9,4,13,4,4,14,15,4,4,4,4,4,9,4,2,2,4,4,4,4,4,4,4,16,7,7,7,17,4,4,4,4,18,19,20,4,4,4,21,4,4,4,4,4,4,4,4,4,4,22,23,4,4,4,4,3,3,3,3,3,3,3,3,8,8,8,8,8,8,8,8","0.000767946243286133","walktrap","edit-xhwikibooks.graphml"
"0.24","0.56","0.2","0.487828091197945","1,4,1,1,1,1,1,2,1,1,6,1,2,2,2,1,10,6,3,5,4,9,2,2,2,2,2,7,4,11,12,3,5,5,3,3,8,2,4,4,4,4,9,9,9,9,4,9,9,9,4,4,4,4,4,9,9,9,9,4,13,4,4,14,15,4,4,4,4,4,9,4,2,2,4,4,4,4,4,4,4,16,7,7,7,17,4,4,4,4,18,19,20,4,4,4,21,4,4,4,4,4,4,4,4,4,4,22,23,4,4,4,4,3,3,3,3,3,3,3,3,8,8,8,8,8,8,8,8","0.000751972198486328","walktrap","edit-xhwikibooks.graphml"
"0.23","0.57","0.2","0.487297802288081","1,4,1,1,1,1,1,2,1,1,6,1,2,2,2,1,10,6,3,5,4,9,2,2,2,2,2,7,4,11,12,3,5,5,3,3,8,2,4,4,4,4,9,9,9,9,4,9,9,9,4,4,4,4,4,9,9,9,9,4,13,4,4,14,15,4,4,4,4,4,9,4,2,2,4,4,4,4,4,4,4,16,7,7,7,17,4,4,4,4,18,19,20,4,4,4,21,4,4,4,4,4,4,4,4,4,4,22,23,4,4,4,4,3,3,3,3,3,3,3,3,8,8,8,8,8,8,8,8","0.000870943069458008","walktrap","edit-xhwikibooks.graphml"
"0.22","0.58","0.2","0.489672887507566","1,4,1,1,1,1,1,2,1,1,6,1,2,2,2,1,10,6,3,5,4,9,2,2,2,2,2,7,4,11,12,3,5,5,3,3,8,2,4,4,4,4,9,9,9,9,4,9,9,9,4,4,4,4,4,9,9,9,9,4,13,4,4,14,15,4,4,4,4,4,9,4,2,2,4,4,4,4,4,4,4,16,7,7,7,17,4,4,4,4,18,19,20,4,4,4,21,4,4,4,4,4,4,4,4,4,4,22,23,4,4,4,4,3,3,3,3,3,3,3,3,8,8,8,8,8,8,8,8","0.00077509880065918","walktrap","edit-xhwikibooks.graphml"
"0.21","0.59","0.2","0.489144099368506","1,4,1,1,1,1,1,2,1,1,6,1,2,2,2,1,10,6,3,5,4,9,2,2,2,2,2,7,4,11,12,3,5,5,3,3,8,2,4,4,4,4,9,9,9,9,4,9,9,9,4,4,4,4,4,9,9,9,9,4,13,4,4,14,15,4,4,4,4,4,9,4,2,2,4,4,4,4,4,4,4,16,7,7,7,17,4,4,4,4,18,19,20,4,4,4,21,4,4,4,4,4,4,4,4,4,4,22,23,4,4,4,4,3,3,3,3,3,3,3,3,8,8,8,8,8,8,8,8","0.00073695182800293","walktrap","edit-xhwikibooks.graphml"
"0.2","0.6","0.2","0.49302727602091","1,4,1,1,1,1,1,2,1,1,6,1,2,2,2,1,10,6,3,5,4,9,2,2,2,2,2,7,4,11,12,3,5,5,3,3,8,2,4,4,4,4,9,9,9,9,4,9,9,9,4,4,4,4,4,9,9,9,9,4,13,4,4,14,15,4,4,4,4,4,9,4,2,2,4,4,4,4,4,4,4,16,7,7,7,17,4,4,4,4,18,19,20,4,4,4,21,4,4,4,4,4,4,4,4,4,4,22,23,4,4,4,4,3,3,3,3,3,3,3,3,8,8,8,8,8,8,8,8","0.000952005386352539","walktrap","edit-xhwikibooks.graphml"
"0.19","0.61","0.2","0.461547141060102","4,1,4,3,11,3,6,2,3,3,6,12,2,2,2,5,13,14,7,9,1,10,15,2,2,2,2,5,1,16,17,18,9,19,7,7,8,2,1,1,1,1,10,10,10,10,1,10,10,10,1,1,1,1,1,10,10,10,10,1,20,1,1,21,22,1,1,1,1,1,10,1,23,24,1,1,1,1,1,1,1,25,26,27,28,29,1,1,1,1,30,31,32,1,1,1,33,1,1,1,1,1,1,1,1,1,1,34,35,1,1,1,1,7,7,7,7,7,7,7,7,8,8,8,8,8,8,8,8","0.00073695182800293","walktrap","edit-xhwikibooks.graphml"
"0.18","0.62","0.2","0.462970594787258","4,1,4,3,11,3,6,2,3,3,6,12,2,2,2,5,13,14,7,9,1,10,15,2,2,2,2,5,1,16,17,18,9,19,7,7,8,2,1,1,1,1,10,10,10,10,1,10,10,10,1,1,1,1,1,10,10,10,10,1,20,1,1,21,22,1,1,1,1,1,10,1,23,24,1,1,1,1,1,1,1,25,26,27,28,29,1,1,1,1,30,31,32,1,1,1,33,1,1,1,1,1,1,1,1,1,1,34,35,1,1,1,1,7,7,7,7,7,7,7,7,8,8,8,8,8,8,8,8","0.000730037689208984","walktrap","edit-xhwikibooks.graphml"
"0.17","0.63","0.2","0.462440115404861","4,1,4,3,11,3,6,2,3,3,6,12,2,2,2,5,13,14,7,9,1,10,15,2,2,2,2,5,1,16,17,18,9,19,7,7,8,2,1,1,1,1,10,10,10,10,1,10,10,10,1,1,1,1,1,10,10,10,10,1,20,1,1,21,22,1,1,1,1,1,10,1,23,24,1,1,1,1,1,1,1,25,26,27,28,29,1,1,1,1,30,31,32,1,1,1,33,1,1,1,1,1,1,1,1,1,1,34,35,1,1,1,1,7,7,7,7,7,7,7,7,8,8,8,8,8,8,8,8","0.000757932662963867","walktrap","edit-xhwikibooks.graphml"
"0.16","0.64","0.2","0.462440115404861","4,1,4,3,11,3,6,2,3,3,6,12,2,2,2,5,13,14,7,9,1,10,15,2,2,2,2,5,1,16,17,18,9,19,7,7,8,2,1,1,1,1,10,10,10,10,1,10,10,10,1,1,1,1,1,10,10,10,10,1,20,1,1,21,22,1,1,1,1,1,10,1,23,24,1,1,1,1,1,1,1,25,26,27,28,29,1,1,1,1,30,31,32,1,1,1,33,1,1,1,1,1,1,1,1,1,1,34,35,1,1,1,1,7,7,7,7,7,7,7,7,8,8,8,8,8,8,8,8","0.000749111175537109","walktrap","edit-xhwikibooks.graphml"
"0.15","0.65","0.2","0.461910740858844","4,1,4,3,11,3,6,2,3,3,6,12,2,2,2,5,13,14,7,9,1,10,15,2,2,2,2,5,1,16,17,18,9,19,7,7,8,2,1,1,1,1,10,10,10,10,1,10,10,10,1,1,1,1,1,10,10,10,10,1,20,1,1,21,22,1,1,1,1,1,10,1,23,24,1,1,1,1,1,1,1,25,26,27,28,29,1,1,1,1,30,31,32,1,1,1,33,1,1,1,1,1,1,1,1,1,1,34,35,1,1,1,1,7,7,7,7,7,7,7,7,8,8,8,8,8,8,8,8","0.000741004943847656","walktrap","edit-xhwikibooks.graphml"
"0.14","0.66","0.2","0.461910740858844","4,1,4,3,11,3,6,2,3,3,6,12,2,2,2,5,13,14,7,9,1,10,15,2,2,2,2,5,1,16,17,18,9,19,7,7,8,2,1,1,1,1,10,10,10,10,1,10,10,10,1,1,1,1,1,10,10,10,10,1,20,1,1,21,22,1,1,1,1,1,10,1,23,24,1,1,1,1,1,1,1,25,26,27,28,29,1,1,1,1,30,31,32,1,1,1,33,1,1,1,1,1,1,1,1,1,1,34,35,1,1,1,1,7,7,7,7,7,7,7,7,8,8,8,8,8,8,8,8","0.000756978988647461","walktrap","edit-xhwikibooks.graphml"
"0.13","0.67","0.2","0.4806216086226","4,1,4,3,11,3,6,2,3,3,6,12,2,2,2,5,13,14,8,7,1,10,15,2,2,2,2,5,1,16,17,18,7,19,8,8,9,2,1,1,1,1,10,10,10,10,1,10,10,10,1,1,1,1,1,10,10,10,10,1,20,1,1,21,22,1,1,1,1,1,10,1,23,24,1,1,1,1,1,1,1,25,26,27,28,29,1,1,1,1,30,31,32,1,1,1,33,1,1,1,1,1,1,1,1,1,1,34,35,1,1,1,1,8,8,8,8,8,8,8,8,9,9,9,9,9,9,9,9","0.000777006149291992","walktrap","edit-xhwikibooks.graphml"
"0.12","0.68","0.2","0.4806216086226","4,1,4,3,11,3,6,2,3,3,6,12,2,2,2,5,13,14,8,7,1,10,15,2,2,2,2,5,1,16,17,18,7,19,8,8,9,2,1,1,1,1,10,10,10,10,1,10,10,10,1,1,1,1,1,10,10,10,10,1,20,1,1,21,22,1,1,1,1,1,10,1,23,24,1,1,1,1,1,1,1,25,26,27,28,29,1,1,1,1,30,31,32,1,1,1,33,1,1,1,1,1,1,1,1,1,1,34,35,1,1,1,1,8,8,8,8,8,8,8,8,9,9,9,9,9,9,9,9","0.000763893127441406","walktrap","edit-xhwikibooks.graphml"
"0.11","0.69","0.2","0.480091645822066","4,1,4,3,11,3,6,2,3,3,6,12,2,2,2,5,13,14,8,7,1,10,15,2,2,2,2,5,1,16,17,18,7,19,8,8,9,2,1,1,1,1,10,10,10,10,1,10,10,10,1,1,1,1,1,10,10,10,10,1,20,1,1,21,22,1,1,1,1,1,10,1,23,24,1,1,1,1,1,1,1,25,26,27,28,29,1,1,1,1,30,31,32,1,1,1,33,1,1,1,1,1,1,1,1,1,1,34,35,1,1,1,1,8,8,8,8,8,8,8,8,9,9,9,9,9,9,9,9","0.00073695182800293","walktrap","edit-xhwikibooks.graphml"
"0.1","0.7","0.2","0.481422772533762","4,1,4,3,11,3,6,2,3,3,6,12,2,2,2,5,13,14,8,7,1,10,15,2,2,2,2,5,1,16,17,18,7,19,8,8,9,2,1,1,1,1,10,10,10,10,1,10,10,10,1,1,1,1,1,10,10,10,10,1,20,1,1,21,22,1,1,1,1,1,10,1,23,24,1,1,1,1,1,1,1,25,26,27,28,29,1,1,1,1,30,31,32,1,1,1,33,1,1,1,1,1,1,1,1,1,1,34,35,1,1,1,1,8,8,8,8,8,8,8,8,9,9,9,9,9,9,9,9","0.000753164291381836","walktrap","edit-xhwikibooks.graphml"
"0.09","0.71","0.2","0.480893719806763","4,1,4,3,11,3,6,2,3,3,6,12,2,2,2,5,13,14,8,7,1,10,15,2,2,2,2,5,1,16,17,18,7,19,8,8,9,2,1,1,1,1,10,10,10,10,1,10,10,10,1,1,1,1,1,10,10,10,10,1,20,1,1,21,22,1,1,1,1,1,10,1,23,24,1,1,1,1,1,1,1,25,26,27,28,29,1,1,1,1,30,31,32,1,1,1,33,1,1,1,1,1,1,1,1,1,1,34,35,1,1,1,1,8,8,8,8,8,8,8,8,9,9,9,9,9,9,9,9","0.000723838806152344","walktrap","edit-xhwikibooks.graphml"
"0.08","0.72","0.2","0.483311545658058","4,1,4,3,11,3,6,2,3,3,6,12,2,2,2,5,13,14,8,7,1,10,15,2,2,2,2,5,1,16,17,18,7,19,8,8,9,2,1,1,1,1,10,10,10,10,1,10,10,10,1,1,1,1,1,10,10,10,10,1,20,1,1,21,22,1,1,1,1,1,10,1,23,24,1,1,1,1,1,1,1,25,26,27,28,29,1,1,1,1,30,31,32,1,1,1,33,1,1,1,1,1,1,1,1,1,1,34,35,1,1,1,1,8,8,8,8,8,8,8,8,9,9,9,9,9,9,9,9","0.000720977783203125","walktrap","edit-xhwikibooks.graphml"
"0.07","0.73","0.2","0.482783930835879","4,1,4,3,11,3,6,2,3,3,6,12,2,2,2,5,13,14,8,7,1,10,15,2,2,2,2,5,1,16,17,18,7,19,8,8,9,2,1,1,1,1,10,10,10,10,1,10,10,10,1,1,1,1,1,10,10,10,10,1,20,1,1,21,22,1,1,1,1,1,10,1,23,24,1,1,1,1,1,1,1,25,26,27,28,29,1,1,1,1,30,31,32,1,1,1,33,1,1,1,1,1,1,1,1,1,1,34,35,1,1,1,1,8,8,8,8,8,8,8,8,9,9,9,9,9,9,9,9","0.000754117965698242","walktrap","edit-xhwikibooks.graphml"
"0.06","0.74","0.2","0.482783930835879","4,1,4,3,11,3,6,2,3,3,6,12,2,2,2,5,13,14,8,7,1,10,15,2,2,2,2,5,1,16,17,18,7,19,8,8,9,2,1,1,1,1,10,10,10,10,1,10,10,10,1,1,1,1,1,10,10,10,10,1,20,1,1,21,22,1,1,1,1,1,10,1,23,24,1,1,1,1,1,1,1,25,26,27,28,29,1,1,1,1,30,31,32,1,1,1,33,1,1,1,1,1,1,1,1,1,1,34,35,1,1,1,1,8,8,8,8,8,8,8,8,9,9,9,9,9,9,9,9","0.000976085662841797","walktrap","edit-xhwikibooks.graphml"
"0.05","0.75","0.2","0.48619004588223","4,1,4,3,11,3,6,2,3,3,6,12,2,2,2,5,13,14,8,7,1,10,15,2,2,2,2,5,1,16,17,18,7,19,8,8,9,2,1,1,1,1,10,10,10,10,1,10,10,10,1,1,1,1,1,10,10,10,10,1,20,1,1,21,22,1,1,1,1,1,10,1,23,24,1,1,1,1,1,1,1,25,26,27,28,29,1,1,1,1,30,31,32,1,1,1,33,1,1,1,1,1,1,1,1,1,1,34,35,1,1,1,1,8,8,8,8,8,8,8,8,9,9,9,9,9,9,9,9","0.00122809410095215","walktrap","edit-xhwikibooks.graphml"
"0.04","0.76","0.2","0.48566411605816","4,1,4,3,11,3,6,2,3,3,6,12,2,2,2,5,13,14,8,7,1,10,15,2,2,2,2,5,1,16,17,18,7,19,8,8,9,2,1,1,1,1,10,10,10,10,1,10,10,10,1,1,1,1,1,10,10,10,10,1,20,1,1,21,22,1,1,1,1,1,10,1,23,24,1,1,1,1,1,1,1,25,26,27,28,29,1,1,1,1,30,31,32,1,1,1,33,1,1,1,1,1,1,1,1,1,1,34,35,1,1,1,1,8,8,8,8,8,8,8,8,9,9,9,9,9,9,9,9","0.000871181488037109","walktrap","edit-xhwikibooks.graphml"
"0.03","0.77","0.2","0.486958684079648","4,1,4,3,11,3,6,2,3,3,6,12,2,2,2,5,13,14,8,7,1,10,15,2,2,2,2,5,1,16,17,18,7,19,8,8,9,2,1,1,1,1,10,10,10,10,1,10,10,10,1,1,1,1,1,10,10,10,10,1,20,1,1,21,22,1,1,1,1,1,10,1,23,24,1,1,1,1,1,1,1,25,26,27,28,29,1,1,1,1,30,31,32,1,1,1,33,1,1,1,1,1,1,1,1,1,1,34,35,1,1,1,1,8,8,8,8,8,8,8,8,9,9,9,9,9,9,9,9","0.00073695182800293","walktrap","edit-xhwikibooks.graphml"
"0.02","0.78","0.2","0.488911413056712","4,1,4,3,11,3,6,2,3,3,6,12,2,2,2,5,13,14,8,7,1,10,15,2,2,2,2,5,1,16,17,18,7,19,8,8,9,2,1,1,1,1,10,10,10,10,1,10,10,10,1,1,1,1,1,10,10,10,10,1,20,1,1,21,22,1,1,1,1,1,10,1,23,24,1,1,1,1,1,1,1,25,26,27,28,29,1,1,1,1,30,31,32,1,1,1,33,1,1,1,1,1,1,1,1,1,1,34,35,1,1,1,1,8,8,8,8,8,8,8,8,9,9,9,9,9,9,9,9","0.000730037689208984","walktrap","edit-xhwikibooks.graphml"
"0.01","0.79","0.2","0.488911413056712","4,1,4,3,11,3,6,2,3,3,6,12,2,2,2,5,13,14,8,7,1,10,15,2,2,2,2,5,1,16,17,18,7,19,8,8,9,2,1,1,1,1,10,10,10,10,1,10,10,10,1,1,1,1,1,10,10,10,10,1,20,1,1,21,22,1,1,1,1,1,10,1,23,24,1,1,1,1,1,1,1,25,26,27,28,29,1,1,1,1,30,31,32,1,1,1,33,1,1,1,1,1,1,1,1,1,1,34,35,1,1,1,1,8,8,8,8,8,8,8,8,9,9,9,9,9,9,9,9","0.000738143920898438","walktrap","edit-xhwikibooks.graphml"
"0","0.8","0.2","0.502680769473551","3,3,3,5,12,5,2,8,5,13,2,14,8,7,7,1,15,16,6,4,10,11,17,8,7,7,7,1,3,18,19,20,4,21,6,6,9,7,10,10,10,10,11,11,11,11,10,11,11,11,10,10,10,10,10,11,11,11,11,10,22,10,10,23,24,10,10,10,10,10,11,10,25,26,10,10,10,10,10,10,10,27,28,29,30,31,10,10,10,10,32,33,34,10,10,10,35,10,10,10,10,10,10,10,10,10,10,36,37,10,10,10,10,6,6,6,6,6,6,6,6,9,9,9,9,9,9,9,9","0.000761985778808594","walktrap","edit-xhwikibooks.graphml"
"0.79","0","0.21","0.413765872131878","4,2,4,1,4,1,4,1,1,1,3,4,1,1,1,1,5,3,6,4,2,11,8,1,1,1,1,9,2,5,3,7,10,4,6,6,12,1,2,2,2,2,11,11,11,11,2,11,11,11,2,2,2,2,2,11,11,11,11,2,8,2,2,1,1,2,2,2,2,2,11,2,1,1,2,2,2,2,2,2,2,1,9,9,9,2,2,2,2,2,5,3,7,2,2,2,1,2,2,2,2,2,2,2,2,2,2,10,10,2,2,2,2,6,6,6,6,6,6,6,6,12,12,12,12,12,12,12,12","0.000824928283691406","walktrap","edit-xhwikibooks.graphml"
"0.78","0.01","0.21","0.413765872131878","4,2,4,1,4,1,4,1,1,1,3,4,1,1,1,1,5,3,6,4,2,11,8,1,1,1,1,9,2,5,3,7,10,4,6,6,12,1,2,2,2,2,11,11,11,11,2,11,11,11,2,2,2,2,2,11,11,11,11,2,8,2,2,1,1,2,2,2,2,2,11,2,1,1,2,2,2,2,2,2,2,1,9,9,9,2,2,2,2,2,5,3,7,2,2,2,1,2,2,2,2,2,2,2,2,2,2,10,10,2,2,2,2,6,6,6,6,6,6,6,6,12,12,12,12,12,12,12,12","0.000805139541625977","walktrap","edit-xhwikibooks.graphml"
"0.77","0.02","0.21","0.413765872131878","4,2,4,1,4,1,4,1,1,1,3,4,1,1,1,1,5,3,6,4,2,11,8,1,1,1,1,9,2,5,3,7,10,4,6,6,12,1,2,2,2,2,11,11,11,11,2,11,11,11,2,2,2,2,2,11,11,11,11,2,8,2,2,1,1,2,2,2,2,2,11,2,1,1,2,2,2,2,2,2,2,1,9,9,9,2,2,2,2,2,5,3,7,2,2,2,1,2,2,2,2,2,2,2,2,2,2,10,10,2,2,2,2,6,6,6,6,6,6,6,6,12,12,12,12,12,12,12,12","0.000798940658569336","walktrap","edit-xhwikibooks.graphml"
"0.76","0.03","0.21","0.413279776830631","4,2,4,1,4,1,4,1,1,1,3,4,1,1,1,1,5,3,6,4,2,11,8,1,1,1,1,9,2,5,3,7,10,4,6,6,12,1,2,2,2,2,11,11,11,11,2,11,11,11,2,2,2,2,2,11,11,11,11,2,8,2,2,1,1,2,2,2,2,2,11,2,1,1,2,2,2,2,2,2,2,1,9,9,9,2,2,2,2,2,5,3,7,2,2,2,1,2,2,2,2,2,2,2,2,2,2,10,10,2,2,2,2,6,6,6,6,6,6,6,6,12,12,12,12,12,12,12,12","0.000796079635620117","walktrap","edit-xhwikibooks.graphml"
"0.75","0.04","0.21","0.413279776830631","4,2,4,1,4,1,4,1,1,1,3,4,1,1,1,1,5,3,6,4,2,11,8,1,1,1,1,9,2,5,3,7,10,4,6,6,12,1,2,2,2,2,11,11,11,11,2,11,11,11,2,2,2,2,2,11,11,11,11,2,8,2,2,1,1,2,2,2,2,2,11,2,1,1,2,2,2,2,2,2,2,1,9,9,9,2,2,2,2,2,5,3,7,2,2,2,1,2,2,2,2,2,2,2,2,2,2,10,10,2,2,2,2,6,6,6,6,6,6,6,6,12,12,12,12,12,12,12,12","0.0227930545806885","walktrap","edit-xhwikibooks.graphml"
"0.74","0.05","0.21","0.41279474029195","4,2,4,1,4,1,4,1,1,1,3,4,1,1,1,1,5,3,6,4,2,11,8,1,1,1,1,9,2,5,3,7,10,4,6,6,12,1,2,2,2,2,11,11,11,11,2,11,11,11,2,2,2,2,2,11,11,11,11,2,8,2,2,1,1,2,2,2,2,2,11,2,1,1,2,2,2,2,2,2,2,1,9,9,9,2,2,2,2,2,5,3,7,2,2,2,1,2,2,2,2,2,2,2,2,2,2,10,10,2,2,2,2,6,6,6,6,6,6,6,6,12,12,12,12,12,12,12,12","0.000842094421386719","walktrap","edit-xhwikibooks.graphml"
"0.73","0.06","0.21","0.409344028713398","2,12,2,2,2,1,2,1,1,4,3,2,1,1,1,1,4,3,5,2,12,11,8,1,1,1,1,9,6,4,3,7,10,2,5,5,13,1,12,12,12,12,11,11,11,11,12,11,11,11,12,12,12,12,12,11,11,11,11,12,8,12,12,1,1,12,12,12,12,12,11,12,1,1,12,12,12,12,12,12,12,1,9,9,9,6,12,12,12,12,4,3,7,12,12,12,1,12,12,12,12,12,12,12,12,12,12,10,10,12,12,12,12,5,5,5,5,5,5,5,5,13,13,13,13,13,13,13,13","0.00077509880065918","walktrap","edit-xhwikibooks.graphml"
"0.72","0.07","0.21","0.408857040744995","2,12,2,2,2,1,2,1,1,4,3,2,1,1,1,1,4,3,5,2,12,11,8,1,1,1,1,9,6,4,3,7,10,2,5,5,13,1,12,12,12,12,11,11,11,11,12,11,11,11,12,12,12,12,12,11,11,11,11,12,8,12,12,1,1,12,12,12,12,12,11,12,1,1,12,12,12,12,12,12,12,1,9,9,9,6,12,12,12,12,4,3,7,12,12,12,1,12,12,12,12,12,12,12,12,12,12,10,10,12,12,12,12,5,5,5,5,5,5,5,5,13,13,13,13,13,13,13,13","0.000724077224731445","walktrap","edit-xhwikibooks.graphml"
"0.71","0.08","0.21","0.412051094711112","2,11,2,2,2,1,2,1,1,4,3,2,1,1,1,1,4,3,5,2,11,13,8,1,1,1,1,9,6,4,3,7,10,2,5,5,12,1,11,11,11,11,13,13,13,13,11,13,13,13,11,11,11,11,11,13,13,13,13,11,8,11,11,1,1,11,11,11,11,11,13,11,1,1,11,11,11,11,11,11,11,1,9,9,9,6,11,11,11,11,4,3,7,11,11,11,1,11,11,11,11,11,11,11,11,11,11,10,10,11,11,11,11,5,5,5,5,5,5,5,5,12,12,12,12,12,12,12,12","0.000724077224731445","walktrap","edit-xhwikibooks.graphml"
"0.7","0.09","0.21","0.412051094711112","2,11,2,2,2,1,2,1,1,4,3,2,1,1,1,1,4,3,5,2,11,13,8,1,1,1,1,9,6,4,3,7,10,2,5,5,12,1,11,11,11,11,13,13,13,13,11,13,13,13,11,11,11,11,11,13,13,13,13,11,8,11,11,1,1,11,11,11,11,11,13,11,1,1,11,11,11,11,11,11,11,1,9,9,9,6,11,11,11,11,4,3,7,11,11,11,1,11,11,11,11,11,11,11,11,11,11,10,10,11,11,11,11,5,5,5,5,5,5,5,5,12,12,12,12,12,12,12,12","0.00071406364440918","walktrap","edit-xhwikibooks.graphml"
"0.69","0.1","0.21","0.412051094711112","2,11,2,2,2,1,2,1,1,4,3,2,1,1,1,1,4,3,5,2,11,13,8,1,1,1,1,9,6,4,3,7,10,2,5,5,12,1,11,11,11,11,13,13,13,13,11,13,13,13,11,11,11,11,11,13,13,13,13,11,8,11,11,1,1,11,11,11,11,11,13,11,1,1,11,11,11,11,11,11,11,1,9,9,9,6,11,11,11,11,4,3,7,11,11,11,1,11,11,11,11,11,11,11,11,11,11,10,10,11,11,11,11,5,5,5,5,5,5,5,5,12,12,12,12,12,12,12,12","0.000734806060791016","walktrap","edit-xhwikibooks.graphml"
"0.68","0.11","0.21","0.405927096421804","2,11,2,2,2,4,2,4,4,5,3,2,4,4,4,1,5,3,6,2,11,13,9,4,4,4,4,1,7,5,3,8,10,2,6,6,12,4,11,11,11,11,13,13,13,13,11,13,13,13,11,11,11,11,11,13,13,13,13,11,9,11,11,4,4,11,11,11,11,11,13,11,4,4,11,11,11,11,11,11,11,4,1,1,1,7,11,11,11,11,5,3,8,11,11,11,1,11,11,11,11,11,11,11,11,11,11,10,10,11,11,11,11,6,6,6,6,6,6,6,6,12,12,12,12,12,12,12,12","0.000719070434570312","walktrap","edit-xhwikibooks.graphml"
"0.67","0.12","0.21","0.409060440923137","2,11,2,2,2,4,2,4,4,5,3,2,4,4,4,1,5,3,6,2,11,12,9,4,4,4,4,1,7,5,3,8,10,2,6,6,13,4,11,11,11,11,12,12,12,12,11,12,12,12,11,11,11,11,11,12,12,12,12,11,9,11,11,4,4,11,11,11,11,11,12,11,4,4,11,11,11,11,11,11,11,4,1,1,1,7,11,11,11,11,5,3,8,11,11,11,1,11,11,11,11,11,11,11,11,11,11,10,10,11,11,11,11,6,6,6,6,6,6,6,6,13,13,13,13,13,13,13,13","0.000754833221435547","walktrap","edit-xhwikibooks.graphml"
"0.66","0.13","0.21","0.408575406549343","2,11,2,2,2,4,2,4,4,5,3,2,4,4,4,1,5,3,6,2,11,12,9,4,4,4,4,1,7,5,3,8,10,2,6,6,13,4,11,11,11,11,12,12,12,12,11,12,12,12,11,11,11,11,11,12,12,12,12,11,9,11,11,4,4,11,11,11,11,11,12,11,4,4,11,11,11,11,11,11,11,4,1,1,1,7,11,11,11,11,5,3,8,11,11,11,1,11,11,11,11,11,11,11,11,11,11,10,10,11,11,11,11,6,6,6,6,6,6,6,6,13,13,13,13,13,13,13,13","0.000732898712158203","walktrap","edit-xhwikibooks.graphml"
"0.65","0.14","0.21","0.408575406549343","2,11,2,2,2,4,2,4,4,5,3,2,4,4,4,1,5,3,6,2,11,12,9,4,4,4,4,1,7,5,3,8,10,2,6,6,13,4,11,11,11,11,12,12,12,12,11,12,12,12,11,11,11,11,11,12,12,12,12,11,9,11,11,4,4,11,11,11,11,11,12,11,4,4,11,11,11,11,11,11,11,4,1,1,1,7,11,11,11,11,5,3,8,11,11,11,1,11,11,11,11,11,11,11,11,11,11,10,10,11,11,11,11,6,6,6,6,6,6,6,6,13,13,13,13,13,13,13,13","0.000751018524169922","walktrap","edit-xhwikibooks.graphml"
"0.64","0.15","0.21","0.411096441164068","2,11,2,2,2,4,2,4,4,5,3,2,4,4,4,1,5,3,6,2,11,12,9,4,4,4,4,1,7,5,3,8,10,2,6,6,13,4,11,11,11,11,12,12,12,12,11,12,12,12,11,11,11,11,11,12,12,12,12,11,9,11,11,4,4,11,11,11,11,11,12,11,4,4,11,11,11,11,11,11,11,4,1,1,1,7,11,11,11,11,5,3,8,11,11,11,1,11,11,11,11,11,11,11,11,11,11,10,10,11,11,11,11,6,6,6,6,6,6,6,6,13,13,13,13,13,13,13,13","0.000828981399536133","walktrap","edit-xhwikibooks.graphml"
"0.63","0.16","0.21","0.412127297668038","2,11,2,2,2,4,2,4,4,5,3,2,4,4,4,1,5,3,6,2,11,12,9,4,4,4,4,1,7,5,3,8,10,2,6,6,13,4,11,11,11,11,12,12,12,12,11,12,12,12,11,11,11,11,11,12,12,12,12,11,9,11,11,4,4,11,11,11,11,11,12,11,4,4,11,11,11,11,11,11,11,4,1,1,1,7,11,11,11,11,5,3,8,11,11,11,1,11,11,11,11,11,11,11,11,11,11,10,10,11,11,11,11,6,6,6,6,6,6,6,6,13,13,13,13,13,13,13,13","0.000718116760253906","walktrap","edit-xhwikibooks.graphml"
"0.62","0.17","0.21","0.414182825001254","2,11,2,2,2,1,2,1,1,4,3,2,1,1,1,1,4,3,5,2,11,12,8,1,1,1,1,9,6,4,3,7,10,2,5,5,13,1,11,11,11,11,12,12,12,12,11,12,12,12,11,11,11,11,11,12,12,12,12,11,8,11,11,1,1,11,11,11,11,11,12,11,1,1,11,11,11,11,11,11,11,1,9,9,9,6,11,11,11,11,4,3,7,11,11,11,1,11,11,11,11,11,11,11,11,11,11,10,10,11,11,11,11,5,5,5,5,5,5,5,5,13,13,13,13,13,13,13,13","0.000718116760253906","walktrap","edit-xhwikibooks.graphml"
"0.61","0.18","0.21","0.414182825001254","2,11,2,2,2,1,2,1,1,4,3,2,1,1,1,1,4,3,5,2,11,12,8,1,1,1,1,9,6,4,3,7,10,2,5,5,13,1,11,11,11,11,12,12,12,12,11,12,12,12,11,11,11,11,11,12,12,12,12,11,8,11,11,1,1,11,11,11,11,11,12,11,1,1,11,11,11,11,11,11,11,1,9,9,9,6,11,11,11,11,4,3,7,11,11,11,1,11,11,11,11,11,11,11,11,11,11,10,10,11,11,11,11,5,5,5,5,5,5,5,5,13,13,13,13,13,13,13,13","0.000718832015991211","walktrap","edit-xhwikibooks.graphml"
"0.6","0.19","0.21","0.413699410899662","2,11,2,2,2,1,2,1,1,4,3,2,1,1,1,1,4,3,5,2,11,12,8,1,1,1,1,9,6,4,3,7,10,2,5,5,13,1,11,11,11,11,12,12,12,12,11,12,12,12,11,11,11,11,11,12,12,12,12,11,8,11,11,1,1,11,11,11,11,11,12,11,1,1,11,11,11,11,11,11,11,1,9,9,9,6,11,11,11,11,4,3,7,11,11,11,1,11,11,11,11,11,11,11,11,11,11,10,10,11,11,11,11,5,5,5,5,5,5,5,5,13,13,13,13,13,13,13,13","0.000710964202880859","walktrap","edit-xhwikibooks.graphml"
"0.59","0.2","0.21","0.416658737024222","2,11,2,2,2,1,2,1,1,4,3,2,1,1,1,1,4,3,5,2,11,12,8,1,1,1,1,9,6,4,3,7,10,2,5,5,13,1,11,11,11,11,12,12,12,12,11,12,12,12,11,11,11,11,11,12,12,12,12,11,8,11,11,1,1,11,11,11,11,11,12,11,1,1,11,11,11,11,11,11,11,1,9,9,9,6,11,11,11,11,4,3,7,11,11,11,1,11,11,11,11,11,11,11,11,11,11,10,10,11,11,11,11,5,5,5,5,5,5,5,5,13,13,13,13,13,13,13,13","0.000715017318725586","walktrap","edit-xhwikibooks.graphml"
"0.58","0.21","0.21","0.416175573193951","2,11,2,2,2,1,2,1,1,4,3,2,1,1,1,1,4,3,5,2,11,12,8,1,1,1,1,9,6,4,3,7,10,2,5,5,13,1,11,11,11,11,12,12,12,12,11,12,12,12,11,11,11,11,11,12,12,12,12,11,8,11,11,1,1,11,11,11,11,11,12,11,1,1,11,11,11,11,11,11,11,1,9,9,9,6,11,11,11,11,4,3,7,11,11,11,1,11,11,11,11,11,11,11,11,11,11,10,10,11,11,11,11,5,5,5,5,5,5,5,5,13,13,13,13,13,13,13,13","0.000735044479370117","walktrap","edit-xhwikibooks.graphml"
"0.57","0.22","0.21","0.410894664052379","2,5,2,2,2,1,2,1,1,4,2,2,1,1,1,1,4,6,3,2,5,9,1,1,1,1,1,7,5,4,6,3,8,2,3,3,10,1,5,5,5,5,9,9,9,9,5,9,9,9,5,5,5,5,5,9,9,9,9,5,11,5,5,1,1,5,5,5,5,5,9,5,1,1,5,5,5,5,5,5,5,1,7,7,7,12,5,5,5,5,13,14,15,5,5,5,1,5,5,5,5,5,5,5,5,5,5,8,8,5,5,5,5,3,3,3,3,3,3,3,3,10,10,10,10,10,10,10,10","0.000722885131835938","walktrap","edit-xhwikibooks.graphml"
"0.56","0.23","0.21","0.413477326311543","2,5,2,2,2,1,2,1,1,4,2,2,1,1,1,1,4,6,3,2,5,9,1,1,1,1,1,7,5,4,6,3,8,2,3,3,10,1,5,5,5,5,9,9,9,9,5,9,9,9,5,5,5,5,5,9,9,9,9,5,11,5,5,1,1,5,5,5,5,5,9,5,1,1,5,5,5,5,5,5,5,1,7,7,7,12,5,5,5,5,13,14,15,5,5,5,1,5,5,5,5,5,5,5,5,5,5,8,8,5,5,5,5,3,3,3,3,3,3,3,3,10,10,10,10,10,10,10,10","0.000724077224731445","walktrap","edit-xhwikibooks.graphml"
"0.55","0.24","0.21","0.414978373702422","2,5,2,2,2,1,2,1,1,4,2,2,1,1,1,1,4,6,3,2,5,9,1,1,1,1,1,7,5,4,6,3,8,2,3,3,10,1,5,5,5,5,9,9,9,9,5,9,9,9,5,5,5,5,5,9,9,9,9,5,11,5,5,1,1,5,5,5,5,5,9,5,1,1,5,5,5,5,5,5,5,1,7,7,7,12,5,5,5,5,13,14,15,5,5,5,1,5,5,5,5,5,5,5,5,5,5,8,8,5,5,5,5,3,3,3,3,3,3,3,3,10,10,10,10,10,10,10,10","0.00073695182800293","walktrap","edit-xhwikibooks.graphml"
"0.54","0.25","0.21","0.419069115283335","2,5,2,2,2,1,2,1,1,4,2,2,1,1,1,1,4,6,3,2,5,9,1,1,1,1,1,7,5,4,6,3,8,2,3,3,10,1,5,5,5,5,9,9,9,9,5,9,9,9,5,5,5,5,5,9,9,9,9,5,11,5,5,1,1,5,5,5,5,5,9,5,1,1,5,5,5,5,5,5,5,1,7,7,7,12,5,5,5,5,13,14,15,5,5,5,1,5,5,5,5,5,5,5,5,5,5,8,8,5,5,5,5,3,3,3,3,3,3,3,3,10,10,10,10,10,10,10,10","0.00073695182800293","walktrap","edit-xhwikibooks.graphml"
"0.53","0.26","0.21","0.419069115283335","2,5,2,2,2,1,2,1,1,4,2,2,1,1,1,1,4,6,3,2,5,9,1,1,1,1,1,7,5,4,6,3,8,2,3,3,10,1,5,5,5,5,9,9,9,9,5,9,9,9,5,5,5,5,5,9,9,9,9,5,11,5,5,1,1,5,5,5,5,5,9,5,1,1,5,5,5,5,5,5,5,1,7,7,7,12,5,5,5,5,13,14,15,5,5,5,1,5,5,5,5,5,5,5,5,5,5,8,8,5,5,5,5,3,3,3,3,3,3,3,3,10,10,10,10,10,10,10,10","0.000743865966796875","walktrap","edit-xhwikibooks.graphml"
"0.52","0.27","0.21","0.416600734427808","3,6,3,3,3,1,3,1,1,5,3,3,1,1,1,2,5,7,4,3,6,9,1,1,1,1,1,2,6,5,7,4,8,3,4,4,10,1,6,6,6,6,9,9,9,9,6,9,9,9,6,6,6,6,6,9,9,9,9,6,11,6,6,1,1,6,6,6,6,6,9,6,1,1,6,6,6,6,6,6,6,1,2,2,2,12,6,6,6,6,13,14,15,6,6,6,2,6,6,6,6,6,6,6,6,6,6,8,8,6,6,6,6,4,4,4,4,4,4,4,4,10,10,10,10,10,10,10,10","0.000735044479370117","walktrap","edit-xhwikibooks.graphml"
"0.51","0.28","0.21","0.416116993112378","3,6,3,3,3,1,3,1,1,5,3,3,1,1,1,2,5,7,4,3,6,9,1,1,1,1,1,2,6,5,7,4,8,3,4,4,10,1,6,6,6,6,9,9,9,9,6,9,9,9,6,6,6,6,6,9,9,9,9,6,11,6,6,1,1,6,6,6,6,6,9,6,1,1,6,6,6,6,6,6,6,1,2,2,2,12,6,6,6,6,13,14,15,6,6,6,2,6,6,6,6,6,6,6,6,6,6,8,8,6,6,6,6,4,4,4,4,4,4,4,4,10,10,10,10,10,10,10,10","0.000761032104492188","walktrap","edit-xhwikibooks.graphml"
"0.5","0.29","0.21","0.41902072566466","3,6,3,3,3,1,3,1,1,5,3,3,1,1,1,2,5,7,4,3,6,9,1,1,1,1,1,2,6,5,7,4,8,3,4,4,10,1,6,6,6,6,9,9,9,9,6,9,9,9,6,6,6,6,6,9,9,9,9,6,11,6,6,1,1,6,6,6,6,6,9,6,1,1,6,6,6,6,6,6,6,1,2,2,2,12,6,6,6,6,13,14,15,6,6,6,2,6,6,6,6,6,6,6,6,6,6,8,8,6,6,6,6,4,4,4,4,4,4,4,4,10,10,10,10,10,10,10,10","0.000861883163452148","walktrap","edit-xhwikibooks.graphml"
"0.49","0.3","0.21","0.418537344133822","3,6,3,3,3,1,3,1,1,5,3,3,1,1,1,2,5,7,4,3,6,9,1,1,1,1,1,2,6,5,7,4,8,3,4,4,10,1,6,6,6,6,9,9,9,9,6,9,9,9,6,6,6,6,6,9,9,9,9,6,11,6,6,1,1,6,6,6,6,6,9,6,1,1,6,6,6,6,6,6,6,1,2,2,2,12,6,6,6,6,13,14,15,6,6,6,2,6,6,6,6,6,6,6,6,6,6,8,8,6,6,6,6,4,4,4,4,4,4,4,4,10,10,10,10,10,10,10,10","0.000710010528564453","walktrap","edit-xhwikibooks.graphml"
"0.48","0.31","0.21","0.42000639872534","3,6,3,3,3,1,3,1,1,5,3,3,1,1,1,2,5,7,4,3,6,9,1,1,1,1,1,2,6,5,7,4,8,3,4,4,10,1,6,6,6,6,9,9,9,9,6,9,9,9,6,6,6,6,6,9,9,9,9,6,11,6,6,1,1,6,6,6,6,6,9,6,1,1,6,6,6,6,6,6,6,1,2,2,2,12,6,6,6,6,13,14,15,6,6,6,2,6,6,6,6,6,6,6,6,6,6,8,8,6,6,6,6,4,4,4,4,4,4,4,4,10,10,10,10,10,10,10,10","0.000709056854248047","walktrap","edit-xhwikibooks.graphml"
"0.47","0.32","0.21","0.418059236941409","3,6,3,3,3,1,3,1,1,5,3,3,1,1,1,2,5,7,4,3,6,9,1,1,1,1,1,2,6,5,7,4,8,3,4,4,10,1,6,6,6,6,9,9,9,9,6,9,9,9,6,6,6,6,6,9,9,9,9,6,11,6,6,1,1,6,6,6,6,6,9,6,1,1,6,6,6,6,6,6,6,1,2,2,2,12,6,6,6,6,13,14,15,6,6,6,2,6,6,6,6,6,6,6,6,6,6,8,8,6,6,6,6,4,4,4,4,4,4,4,4,10,10,10,10,10,10,10,10","0.000707149505615234","walktrap","edit-xhwikibooks.graphml"
"0.46","0.33","0.21","0.418059236941409","3,6,3,3,3,1,3,1,1,5,3,3,1,1,1,2,5,7,4,3,6,9,1,1,1,1,1,2,6,5,7,4,8,3,4,4,10,1,6,6,6,6,9,9,9,9,6,9,9,9,6,6,6,6,6,9,9,9,9,6,11,6,6,1,1,6,6,6,6,6,9,6,1,1,6,6,6,6,6,6,6,1,2,2,2,12,6,6,6,6,13,14,15,6,6,6,2,6,6,6,6,6,6,6,6,6,6,8,8,6,6,6,6,4,4,4,4,4,4,4,4,10,10,10,10,10,10,10,10","0.000708818435668945","walktrap","edit-xhwikibooks.graphml"
"0.45","0.34","0.21","0.432983498510564","3,5,3,3,3,1,3,1,1,4,3,3,1,1,1,2,4,6,1,3,5,8,1,1,1,1,1,2,5,4,6,1,7,3,1,1,9,1,5,5,5,5,8,8,8,8,5,8,8,8,5,5,5,5,5,8,8,8,8,5,10,5,5,1,1,5,5,5,5,5,8,5,1,1,5,5,5,5,5,5,5,1,2,2,2,11,5,5,5,5,12,13,14,5,5,5,2,5,5,5,5,5,5,5,5,5,5,7,7,5,5,5,5,1,1,1,1,1,1,1,1,9,9,9,9,9,9,9,9","0.00074005126953125","walktrap","edit-xhwikibooks.graphml"
"0.44","0.35","0.21","0.432983498510564","3,5,3,3,3,1,3,1,1,4,3,3,1,1,1,2,4,6,1,3,5,8,1,1,1,1,1,2,5,4,6,1,7,3,1,1,9,1,5,5,5,5,8,8,8,8,5,8,8,8,5,5,5,5,5,8,8,8,8,5,10,5,5,1,1,5,5,5,5,5,8,5,1,1,5,5,5,5,5,5,5,1,2,2,2,11,5,5,5,5,12,13,14,5,5,5,2,5,5,5,5,5,5,5,5,5,5,7,7,5,5,5,5,1,1,1,1,1,1,1,1,9,9,9,9,9,9,9,9","0.000720024108886719","walktrap","edit-xhwikibooks.graphml"
"0.43","0.36","0.21","0.432056269369835","3,5,3,3,3,1,3,1,1,4,3,3,1,1,1,2,4,6,1,3,5,8,1,1,1,1,1,2,5,4,6,1,7,3,1,1,9,1,5,5,5,5,8,8,8,8,5,8,8,8,5,5,5,5,5,8,8,8,8,5,10,5,5,1,1,5,5,5,5,5,8,5,1,1,5,5,5,5,5,5,5,1,2,2,2,11,5,5,5,5,12,13,14,5,5,5,2,5,5,5,5,5,5,5,5,5,5,7,7,5,5,5,5,1,1,1,1,1,1,1,1,9,9,9,9,9,9,9,9","0.00074005126953125","walktrap","edit-xhwikibooks.graphml"
"0.42","0.37","0.21","0.433005064658879","3,5,3,3,3,1,3,1,1,4,3,3,1,1,1,2,4,6,1,3,5,8,1,1,1,1,1,2,5,4,6,1,7,3,1,1,9,1,5,5,5,5,8,8,8,8,5,8,8,8,5,5,5,5,5,8,8,8,8,5,10,5,5,1,1,5,5,5,5,5,8,5,1,1,5,5,5,5,5,5,5,1,2,2,2,11,5,5,5,5,12,13,14,5,5,5,2,5,5,5,5,5,5,5,5,5,5,7,7,5,5,5,5,1,1,1,1,1,1,1,1,9,9,9,9,9,9,9,9","0.000770092010498047","walktrap","edit-xhwikibooks.graphml"
"0.41","0.38","0.21","0.432540515237603","3,5,3,3,3,1,3,1,1,4,3,3,1,1,1,2,4,6,1,3,5,8,1,1,1,1,1,2,5,4,6,1,7,3,1,1,9,1,5,5,5,5,8,8,8,8,5,8,8,8,5,5,5,5,5,8,8,8,8,5,10,5,5,1,1,5,5,5,5,5,8,5,1,1,5,5,5,5,5,5,5,1,2,2,2,11,5,5,5,5,12,13,14,5,5,5,2,5,5,5,5,5,5,5,5,5,5,7,7,5,5,5,5,1,1,1,1,1,1,1,1,9,9,9,9,9,9,9,9","0.00072789192199707","walktrap","edit-xhwikibooks.graphml"
"0.4","0.39","0.21","0.433945978572506","3,5,3,3,3,1,3,1,1,4,3,3,1,1,1,2,4,6,1,3,5,8,1,1,1,1,1,2,5,4,6,1,7,3,1,1,9,1,5,5,5,5,8,8,8,8,5,8,8,8,5,5,5,5,5,8,8,8,8,5,10,5,5,1,1,5,5,5,5,5,8,5,1,1,5,5,5,5,5,5,5,1,2,2,2,11,5,5,5,5,12,13,14,5,5,5,2,5,5,5,5,5,5,5,5,5,5,7,7,5,5,5,5,1,1,1,1,1,1,1,1,9,9,9,9,9,9,9,9","0.000729799270629883","walktrap","edit-xhwikibooks.graphml"
"0.39","0.4","0.21","0.435776357368572","3,5,3,3,3,1,3,1,1,4,3,3,1,1,1,2,4,6,1,3,5,8,1,1,1,1,1,2,5,4,6,1,7,3,1,1,9,1,5,5,5,5,8,8,8,8,5,8,8,8,5,5,5,5,5,8,8,8,8,5,10,5,5,1,1,5,5,5,5,5,8,5,1,1,5,5,5,5,5,5,5,1,2,2,2,11,5,5,5,5,12,13,14,5,5,5,2,5,5,5,5,5,5,5,5,5,5,7,7,5,5,5,5,1,1,1,1,1,1,1,1,9,9,9,9,9,9,9,9","0.000716924667358398","walktrap","edit-xhwikibooks.graphml"
"0.38","0.41","0.21","0.435776357368572","3,5,3,3,3,1,3,1,1,4,3,3,1,1,1,2,4,6,1,3,5,8,1,1,1,1,1,2,5,4,6,1,7,3,1,1,9,1,5,5,5,5,8,8,8,8,5,8,8,8,5,5,5,5,5,8,8,8,8,5,10,5,5,1,1,5,5,5,5,5,8,5,1,1,5,5,5,5,5,5,5,1,2,2,2,11,5,5,5,5,12,13,14,5,5,5,2,5,5,5,5,5,5,5,5,5,5,7,7,5,5,5,5,1,1,1,1,1,1,1,1,9,9,9,9,9,9,9,9","0.000739812850952148","walktrap","edit-xhwikibooks.graphml"
"0.37","0.42","0.21","0.435313847151573","3,5,3,3,3,1,3,1,1,4,3,3,1,1,1,2,4,6,1,3,5,8,1,1,1,1,1,2,5,4,6,1,7,3,1,1,9,1,5,5,5,5,8,8,8,8,5,8,8,8,5,5,5,5,5,8,8,8,8,5,10,5,5,1,1,5,5,5,5,5,8,5,1,1,5,5,5,5,5,5,5,1,2,2,2,11,5,5,5,5,12,13,14,5,5,5,2,5,5,5,5,5,5,5,5,5,5,7,7,5,5,5,5,1,1,1,1,1,1,1,1,9,9,9,9,9,9,9,9","0.000837802886962891","walktrap","edit-xhwikibooks.graphml"
"0.36","0.43","0.21","0.432243727627742","1,5,1,1,2,1,2,1,1,1,2,2,1,1,1,1,9,2,3,4,5,7,1,1,1,1,1,6,5,10,11,3,4,4,3,3,8,1,5,5,5,5,7,7,7,7,5,7,7,7,5,5,5,5,5,7,7,7,7,5,12,5,5,13,14,5,5,5,5,5,7,5,1,1,5,5,5,5,5,5,5,15,6,6,6,16,5,5,5,5,17,18,19,5,5,5,20,5,5,5,5,5,5,5,5,5,5,21,22,5,5,5,5,3,3,3,3,3,3,3,3,8,8,8,8,8,8,8,8","0.000699043273925781","walktrap","edit-xhwikibooks.graphml"
"0.35","0.44","0.21","0.431761917516903","1,5,1,1,2,1,2,1,1,1,2,2,1,1,1,1,9,2,3,4,5,7,1,1,1,1,1,6,5,10,11,3,4,4,3,3,8,1,5,5,5,5,7,7,7,7,5,7,7,7,5,5,5,5,5,7,7,7,7,5,12,5,5,13,14,5,5,5,5,5,7,5,1,1,5,5,5,5,5,5,5,15,6,6,6,16,5,5,5,5,17,18,19,5,5,5,20,5,5,5,5,5,5,5,5,5,5,21,22,5,5,5,5,3,3,3,3,3,3,3,3,8,8,8,8,8,8,8,8","0.000906944274902344","walktrap","edit-xhwikibooks.graphml"
"0.34","0.45","0.21","0.434594524793389","1,5,1,1,2,1,2,1,1,1,2,2,1,1,1,1,9,2,3,4,5,7,1,1,1,1,1,6,5,10,11,3,4,4,3,3,8,1,5,5,5,5,7,7,7,7,5,7,7,7,5,5,5,5,5,7,7,7,7,5,12,5,5,13,14,5,5,5,5,5,7,5,1,1,5,5,5,5,5,5,5,15,6,6,6,16,5,5,5,5,17,18,19,5,5,5,20,5,5,5,5,5,5,5,5,5,5,21,22,5,5,5,5,3,3,3,3,3,3,3,3,8,8,8,8,8,8,8,8","0.000679969787597656","walktrap","edit-xhwikibooks.graphml"
"0.33","0.46","0.21","0.434112972184498","1,5,1,1,2,1,2,1,1,1,2,2,1,1,1,1,9,2,3,4,5,7,1,1,1,1,1,6,5,10,11,3,4,4,3,3,8,1,5,5,5,5,7,7,7,7,5,7,7,7,5,5,5,5,5,7,7,7,7,5,12,5,5,13,14,5,5,5,5,5,7,5,1,1,5,5,5,5,5,5,5,15,6,6,6,16,5,5,5,5,17,18,19,5,5,5,20,5,5,5,5,5,5,5,5,5,5,21,22,5,5,5,5,3,3,3,3,3,3,3,3,8,8,8,8,8,8,8,8","0.000695943832397461","walktrap","edit-xhwikibooks.graphml"
"0.32","0.47","0.21","0.435506263592517","1,5,1,1,2,1,2,1,1,1,2,2,1,1,1,1,9,2,3,4,5,8,1,1,1,1,1,6,5,10,11,3,4,4,3,3,7,1,5,5,5,5,8,8,8,8,5,8,8,8,5,5,5,5,5,8,8,8,8,5,12,5,5,13,14,5,5,5,5,5,8,5,1,1,5,5,5,5,5,5,5,15,6,6,6,16,5,5,5,5,17,18,19,5,5,5,20,5,5,5,5,5,5,5,5,5,5,21,22,5,5,5,5,3,3,3,3,3,3,3,3,7,7,7,7,7,7,7,7","0.000699043273925781","walktrap","edit-xhwikibooks.graphml"
"0.31","0.48","0.21","0.431029179962324","2,6,2,2,2,1,2,1,1,1,2,2,5,1,1,1,10,2,3,4,6,9,5,5,1,1,1,7,6,11,12,3,4,4,3,3,8,1,6,6,6,6,9,9,9,9,6,9,9,9,6,6,6,6,6,9,9,9,9,6,13,6,6,14,15,6,6,6,6,6,9,6,1,1,6,6,6,6,6,6,6,16,7,7,7,17,6,6,6,6,18,19,20,6,6,6,21,6,6,6,6,6,6,6,6,6,6,22,23,6,6,6,6,3,3,3,3,3,3,3,3,8,8,8,8,8,8,8,8","0.000688791275024414","walktrap","edit-xhwikibooks.graphml"
"0.3","0.49","0.21","0.431029179962324","2,6,2,2,2,1,2,1,1,1,2,2,5,1,1,1,10,2,3,4,6,9,5,5,1,1,1,7,6,11,12,3,4,4,3,3,8,1,6,6,6,6,9,9,9,9,6,9,9,9,6,6,6,6,6,9,9,9,9,6,13,6,6,14,15,6,6,6,6,6,9,6,1,1,6,6,6,6,6,6,6,16,7,7,7,17,6,6,6,6,18,19,20,6,6,6,21,6,6,6,6,6,6,6,6,6,6,22,23,6,6,6,6,3,3,3,3,3,3,3,3,8,8,8,8,8,8,8,8","0.000696182250976562","walktrap","edit-xhwikibooks.graphml"
"0.29","0.5","0.21","0.483160978295061","1,4,1,1,1,1,1,2,1,1,6,1,2,2,2,1,10,6,3,5,4,9,2,2,2,2,2,7,4,11,12,3,5,5,3,3,8,2,4,4,4,4,9,9,9,9,4,9,9,9,4,4,4,4,4,9,9,9,9,4,13,4,4,14,15,4,4,4,4,4,9,4,2,2,4,4,4,4,4,4,4,16,7,7,7,17,4,4,4,4,18,19,20,4,4,4,21,4,4,4,4,4,4,4,4,4,4,22,23,4,4,4,4,3,3,3,3,3,3,3,3,8,8,8,8,8,8,8,8","0.000730991363525391","walktrap","edit-xhwikibooks.graphml"
"0.28","0.51","0.21","0.483160978295061","1,4,1,1,1,1,1,2,1,1,6,1,2,2,2,1,10,6,3,5,4,9,2,2,2,2,2,7,4,11,12,3,5,5,3,3,8,2,4,4,4,4,9,9,9,9,4,9,9,9,4,4,4,4,4,9,9,9,9,4,13,4,4,14,15,4,4,4,4,4,9,4,2,2,4,4,4,4,4,4,4,16,7,7,7,17,4,4,4,4,18,19,20,4,4,4,21,4,4,4,4,4,4,4,4,4,4,22,23,4,4,4,4,3,3,3,3,3,3,3,3,8,8,8,8,8,8,8,8","0.00070500373840332","walktrap","edit-xhwikibooks.graphml"
"0.27","0.52","0.21","0.483160978295061","1,4,1,1,1,1,1,2,1,1,6,1,2,2,2,1,10,6,3,5,4,9,2,2,2,2,2,7,4,11,12,3,5,5,3,3,8,2,4,4,4,4,9,9,9,9,4,9,9,9,4,4,4,4,4,9,9,9,9,4,13,4,4,14,15,4,4,4,4,4,9,4,2,2,4,4,4,4,4,4,4,16,7,7,7,17,4,4,4,4,18,19,20,4,4,4,21,4,4,4,4,4,4,4,4,4,4,22,23,4,4,4,4,3,3,3,3,3,3,3,3,8,8,8,8,8,8,8,8","0.000691890716552734","walktrap","edit-xhwikibooks.graphml"
"0.26","0.53","0.21","0.461126853068118","1,4,1,1,1,1,1,2,1,1,6,1,2,2,2,1,10,6,3,5,4,9,2,2,2,2,2,7,4,11,12,3,5,5,3,3,8,2,4,4,4,4,9,9,9,9,4,9,9,9,4,4,4,4,4,9,9,9,9,4,13,4,4,14,15,4,4,4,4,4,9,4,2,2,4,4,4,4,4,4,4,16,7,7,7,17,4,4,4,4,18,19,20,4,4,4,21,4,4,4,4,4,4,4,4,4,4,22,23,4,4,4,4,3,3,3,3,3,3,3,3,8,8,8,8,8,8,8,8","0.00070500373840332","walktrap","edit-xhwikibooks.graphml"
"0.25","0.54","0.21","0.462446735446636","1,4,1,1,1,1,1,2,1,1,6,1,2,2,2,1,10,6,3,5,4,9,2,2,2,2,2,7,4,11,12,3,5,5,3,3,8,2,4,4,4,4,9,9,9,9,4,9,9,9,4,4,4,4,4,9,9,9,9,4,13,4,4,14,15,4,4,4,4,4,9,4,2,2,4,4,4,4,4,4,4,16,7,7,7,17,4,4,4,4,18,19,20,4,4,4,21,4,4,4,4,4,4,4,4,4,4,22,23,4,4,4,4,3,3,3,3,3,3,3,3,8,8,8,8,8,8,8,8","0.000721931457519531","walktrap","edit-xhwikibooks.graphml"
"0.24","0.55","0.21","0.461960457165039","1,4,1,1,1,1,1,2,1,1,6,1,2,2,2,1,10,6,3,5,4,9,2,2,2,2,2,7,4,11,12,3,5,5,3,3,8,2,4,4,4,4,9,9,9,9,4,9,9,9,4,4,4,4,4,9,9,9,9,4,13,4,4,14,15,4,4,4,4,4,9,4,2,2,4,4,4,4,4,4,4,16,7,7,7,17,4,4,4,4,18,19,20,4,4,4,21,4,4,4,4,4,4,4,4,4,4,22,23,4,4,4,4,3,3,3,3,3,3,3,3,8,8,8,8,8,8,8,8","0.000719070434570312","walktrap","edit-xhwikibooks.graphml"
"0.23","0.56","0.21","0.463974269980101","1,4,1,1,1,1,1,2,1,1,6,1,2,2,2,1,10,6,3,5,4,9,2,2,2,2,2,7,4,11,12,3,5,5,3,3,8,2,4,4,4,4,9,9,9,9,4,9,9,9,4,4,4,4,4,9,9,9,9,4,13,4,4,14,15,4,4,4,4,4,9,4,2,2,4,4,4,4,4,4,4,16,7,7,7,17,4,4,4,4,18,19,20,4,4,4,21,4,4,4,4,4,4,4,4,4,4,22,23,4,4,4,4,3,3,3,3,3,3,3,3,8,8,8,8,8,8,8,8","0.000794887542724609","walktrap","edit-xhwikibooks.graphml"
"0.22","0.57","0.21","0.463489669482514","1,4,1,1,1,1,1,2,1,1,6,1,2,2,2,1,10,6,3,5,4,9,2,2,2,2,2,7,4,11,12,3,5,5,3,3,8,2,4,4,4,4,9,9,9,9,4,9,9,9,4,4,4,4,4,9,9,9,9,4,13,4,4,14,15,4,4,4,4,4,9,4,2,2,4,4,4,4,4,4,4,16,7,7,7,17,4,4,4,4,18,19,20,4,4,4,21,4,4,4,4,4,4,4,4,4,4,22,23,4,4,4,4,3,3,3,3,3,3,3,3,8,8,8,8,8,8,8,8","0.000699996948242188","walktrap","edit-xhwikibooks.graphml"
"0.21","0.58","0.21","0.467197745554557","1,4,1,1,1,1,1,2,1,1,6,1,2,2,2,1,10,6,3,5,4,9,2,2,2,2,2,7,4,11,12,3,5,5,3,3,8,2,4,4,4,4,9,9,9,9,4,9,9,9,4,4,4,4,4,9,9,9,9,4,13,4,4,14,15,4,4,4,4,4,9,4,2,2,4,4,4,4,4,4,4,16,7,7,7,17,4,4,4,4,18,19,20,4,4,4,21,4,4,4,4,4,4,4,4,4,4,22,23,4,4,4,4,3,3,3,3,3,3,3,3,8,8,8,8,8,8,8,8","0.000684022903442383","walktrap","edit-xhwikibooks.graphml"
"0.2","0.59","0.21","0.466713842220599","1,4,1,1,1,1,1,2,1,1,6,1,2,2,2,1,10,6,3,5,4,9,2,2,2,2,2,7,4,11,12,3,5,5,3,3,8,2,4,4,4,4,9,9,9,9,4,9,9,9,4,4,4,4,4,9,9,9,9,4,13,4,4,14,15,4,4,4,4,4,9,4,2,2,4,4,4,4,4,4,4,16,7,7,7,17,4,4,4,4,18,19,20,4,4,4,21,4,4,4,4,4,4,4,4,4,4,22,23,4,4,4,4,3,3,3,3,3,3,3,3,8,8,8,8,8,8,8,8","0.000782966613769531","walktrap","edit-xhwikibooks.graphml"
"0.19","0.6","0.21","0.470551527128932","1,4,1,1,1,1,1,2,1,1,6,1,2,2,2,1,10,6,3,5,4,9,2,2,2,2,2,7,4,11,12,3,5,5,3,3,8,2,4,4,4,4,9,9,9,9,4,9,9,9,4,4,4,4,4,9,9,9,9,4,13,4,4,14,15,4,4,4,4,4,9,4,2,2,4,4,4,4,4,4,4,16,7,7,7,17,4,4,4,4,18,19,20,4,4,4,21,4,4,4,4,4,4,4,4,4,4,22,23,4,4,4,4,3,3,3,3,3,3,3,3,8,8,8,8,8,8,8,8","0.000677824020385742","walktrap","edit-xhwikibooks.graphml"
"0.18","0.61","0.21","0.470067890796624","1,4,1,1,1,1,1,2,1,1,6,1,2,2,2,1,10,6,3,5,4,9,2,2,2,2,2,7,4,11,12,3,5,5,3,3,8,2,4,4,4,4,9,9,9,9,4,9,9,9,4,4,4,4,4,9,9,9,9,4,13,4,4,14,15,4,4,4,4,4,9,4,2,2,4,4,4,4,4,4,4,16,7,7,7,17,4,4,4,4,18,19,20,4,4,4,21,4,4,4,4,4,4,4,4,4,4,22,23,4,4,4,4,3,3,3,3,3,3,3,3,8,8,8,8,8,8,8,8","0.000703096389770508","walktrap","edit-xhwikibooks.graphml"
"0.17","0.62","0.21","0.471338228007747","1,4,1,1,1,1,1,2,1,1,6,1,2,2,2,1,10,6,3,5,4,9,2,2,2,2,2,7,4,11,12,3,5,5,3,3,8,2,4,4,4,4,9,9,9,9,4,9,9,9,4,4,4,4,4,9,9,9,9,4,13,4,4,14,15,4,4,4,4,4,9,4,2,2,4,4,4,4,4,4,4,16,7,7,7,17,4,4,4,4,18,19,20,4,4,4,21,4,4,4,4,4,4,4,4,4,4,22,23,4,4,4,4,3,3,3,3,3,3,3,3,8,8,8,8,8,8,8,8","0.000693798065185547","walktrap","edit-xhwikibooks.graphml"
"0.16","0.63","0.21","0.47085528538263","1,4,1,1,1,1,1,2,1,1,6,1,2,2,2,1,10,6,3,5,4,9,2,2,2,2,2,7,4,11,12,3,5,5,3,3,8,2,4,4,4,4,9,9,9,9,4,9,9,9,4,4,4,4,4,9,9,9,9,4,13,4,4,14,15,4,4,4,4,4,9,4,2,2,4,4,4,4,4,4,4,16,7,7,7,17,4,4,4,4,18,19,20,4,4,4,21,4,4,4,4,4,4,4,4,4,4,22,23,4,4,4,4,3,3,3,3,3,3,3,3,8,8,8,8,8,8,8,8","0.000713825225830078","walktrap","edit-xhwikibooks.graphml"
"0.15","0.64","0.21","0.456038736600078","4,1,4,2,11,2,6,3,2,2,6,12,3,3,3,5,13,14,7,8,1,10,15,3,3,3,3,5,1,16,17,18,8,19,7,7,9,3,1,1,1,1,10,10,10,10,1,10,10,10,1,1,1,1,1,10,10,10,10,1,20,1,1,21,22,1,1,1,1,1,10,1,23,24,1,1,1,1,1,1,1,25,26,27,28,29,1,1,1,1,30,31,32,1,1,1,33,1,1,1,1,1,1,1,1,1,1,34,35,1,1,1,1,7,7,7,7,7,7,7,7,9,9,9,9,9,9,9,9","0.00066685676574707","walktrap","edit-xhwikibooks.graphml"
"0.14","0.65","0.21","0.455554645637636","4,1,4,2,11,2,6,3,2,2,6,12,3,3,3,5,13,14,7,8,1,10,15,3,3,3,3,5,1,16,17,18,8,19,7,7,9,3,1,1,1,1,10,10,10,10,1,10,10,10,1,1,1,1,1,10,10,10,10,1,20,1,1,21,22,1,1,1,1,1,10,1,23,24,1,1,1,1,1,1,1,25,26,27,28,29,1,1,1,1,30,31,32,1,1,1,33,1,1,1,1,1,1,1,1,1,1,34,35,1,1,1,1,7,7,7,7,7,7,7,7,9,9,9,9,9,9,9,9","0.000670194625854492","walktrap","edit-xhwikibooks.graphml"
"0.13","0.66","0.21","0.455554645637636","4,1,4,2,11,2,6,3,2,2,6,12,3,3,3,5,13,14,7,8,1,10,15,3,3,3,3,5,1,16,17,18,8,19,7,7,9,3,1,1,1,1,10,10,10,10,1,10,10,10,1,1,1,1,1,10,10,10,10,1,20,1,1,21,22,1,1,1,1,1,10,1,23,24,1,1,1,1,1,1,1,25,26,27,28,29,1,1,1,1,30,31,32,1,1,1,33,1,1,1,1,1,1,1,1,1,1,34,35,1,1,1,1,7,7,7,7,7,7,7,7,9,9,9,9,9,9,9,9","0.000648021697998047","walktrap","edit-xhwikibooks.graphml"
"0.12","0.67","0.21","0.473075259515571","4,1,4,2,11,2,6,3,2,2,6,12,3,3,3,5,13,14,8,7,1,10,15,3,3,3,3,5,1,16,17,18,7,19,8,8,9,3,1,1,1,1,10,10,10,10,1,10,10,10,1,1,1,1,1,10,10,10,10,1,20,1,1,21,22,1,1,1,1,1,10,1,23,24,1,1,1,1,1,1,1,25,26,27,28,29,1,1,1,1,30,31,32,1,1,1,33,1,1,1,1,1,1,1,1,1,1,34,35,1,1,1,1,8,8,8,8,8,8,8,8,9,9,9,9,9,9,9,9","0.000669956207275391","walktrap","edit-xhwikibooks.graphml"
"0.11","0.68","0.21","0.473075259515571","4,1,4,2,11,2,6,3,2,2,6,12,3,3,3,5,13,14,8,7,1,10,15,3,3,3,3,5,1,16,17,18,7,19,8,8,9,3,1,1,1,1,10,10,10,10,1,10,10,10,1,1,1,1,1,10,10,10,10,1,20,1,1,21,22,1,1,1,1,1,10,1,23,24,1,1,1,1,1,1,1,25,26,27,28,29,1,1,1,1,30,31,32,1,1,1,33,1,1,1,1,1,1,1,1,1,1,34,35,1,1,1,1,8,8,8,8,8,8,8,8,9,9,9,9,9,9,9,9","0.000683069229125977","walktrap","edit-xhwikibooks.graphml"
"0.1","0.69","0.21","0.455843314331285","4,1,4,3,11,3,6,2,3,3,6,12,2,2,2,5,13,14,8,7,1,10,15,2,2,2,2,5,1,16,17,18,7,19,8,8,9,2,1,1,1,1,10,10,10,10,1,10,10,10,1,1,1,1,1,10,10,10,10,1,20,1,1,21,22,1,1,1,1,1,10,1,23,24,1,1,1,1,1,1,1,25,26,27,28,29,1,1,1,1,30,31,32,1,1,1,33,1,1,1,1,1,1,1,1,1,1,34,35,1,1,1,1,8,8,8,8,8,8,8,8,9,9,9,9,9,9,9,9","0.000672817230224609","walktrap","edit-xhwikibooks.graphml"
"0.09","0.7","0.21","0.457164344798764","4,1,4,3,11,3,6,2,3,3,6,12,2,2,2,5,13,14,8,7,1,10,15,2,2,2,2,5,1,16,17,18,7,19,8,8,9,2,1,1,1,1,10,10,10,10,1,10,10,10,1,1,1,1,1,10,10,10,10,1,20,1,1,21,22,1,1,1,1,1,10,1,23,24,1,1,1,1,1,1,1,25,26,27,28,29,1,1,1,1,30,31,32,1,1,1,33,1,1,1,1,1,1,1,1,1,1,34,35,1,1,1,1,8,8,8,8,8,8,8,8,9,9,9,9,9,9,9,9","0.000751972198486328","walktrap","edit-xhwikibooks.graphml"
"0.08","0.71","0.21","0.456682713846109","4,1,4,3,11,3,6,2,3,3,6,12,2,2,2,5,13,14,8,7,1,10,15,2,2,2,2,5,1,16,17,18,7,19,8,8,9,2,1,1,1,1,10,10,10,10,1,10,10,10,1,1,1,1,1,10,10,10,10,1,20,1,1,21,22,1,1,1,1,1,10,1,23,24,1,1,1,1,1,1,1,25,26,27,28,29,1,1,1,1,30,31,32,1,1,1,33,1,1,1,1,1,1,1,1,1,1,34,35,1,1,1,1,8,8,8,8,8,8,8,8,9,9,9,9,9,9,9,9","0.000658035278320312","walktrap","edit-xhwikibooks.graphml"
"0.07","0.72","0.21","0.459591372607902","4,1,4,3,11,3,6,2,3,3,6,12,2,2,2,5,13,14,8,7,1,10,15,2,2,2,2,5,1,16,17,18,7,19,8,8,9,2,1,1,1,1,10,10,10,10,1,10,10,10,1,1,1,1,1,10,10,10,10,1,20,1,1,21,22,1,1,1,1,1,10,1,23,24,1,1,1,1,1,1,1,25,26,27,28,29,1,1,1,1,30,31,32,1,1,1,33,1,1,1,1,1,1,1,1,1,1,34,35,1,1,1,1,8,8,8,8,8,8,8,8,9,9,9,9,9,9,9,9","0.000644922256469727","walktrap","edit-xhwikibooks.graphml"
"0.06","0.73","0.21","0.459109751643535","4,1,4,3,11,3,6,2,3,3,6,12,2,2,2,5,13,14,8,7,1,10,15,2,2,2,2,5,1,16,17,18,7,19,8,8,9,2,1,1,1,1,10,10,10,10,1,10,10,10,1,1,1,1,1,10,10,10,10,1,20,1,1,21,22,1,1,1,1,1,10,1,23,24,1,1,1,1,1,1,1,25,26,27,28,29,1,1,1,1,30,31,32,1,1,1,33,1,1,1,1,1,1,1,1,1,1,34,35,1,1,1,1,8,8,8,8,8,8,8,8,9,9,9,9,9,9,9,9","0.0006561279296875","walktrap","edit-xhwikibooks.graphml"
"0.05","0.74","0.21","0.459109751643535","4,1,4,3,11,3,6,2,3,3,6,12,2,2,2,5,13,14,8,7,1,10,15,2,2,2,2,5,1,16,17,18,7,19,8,8,9,2,1,1,1,1,10,10,10,10,1,10,10,10,1,1,1,1,1,10,10,10,10,1,20,1,1,21,22,1,1,1,1,1,10,1,23,24,1,1,1,1,1,1,1,25,26,27,28,29,1,1,1,1,30,31,32,1,1,1,33,1,1,1,1,1,1,1,1,1,1,34,35,1,1,1,1,8,8,8,8,8,8,8,8,9,9,9,9,9,9,9,9","0.000807046890258789","walktrap","edit-xhwikibooks.graphml"
"0.04","0.75","0.21","0.462534505434154","4,1,4,3,11,3,6,2,3,3,6,12,2,2,2,5,13,14,8,7,1,10,15,2,2,2,2,5,1,16,17,18,7,19,8,8,9,2,1,1,1,1,10,10,10,10,1,10,10,10,1,1,1,1,1,10,10,10,10,1,20,1,1,21,22,1,1,1,1,1,10,1,23,24,1,1,1,1,1,1,1,25,26,27,28,29,1,1,1,1,30,31,32,1,1,1,33,1,1,1,1,1,1,1,1,1,1,34,35,1,1,1,1,8,8,8,8,8,8,8,8,9,9,9,9,9,9,9,9","0.000627040863037109","walktrap","edit-xhwikibooks.graphml"
"0.03","0.76","0.21","0.462053961533264","4,1,4,3,11,3,6,2,3,3,6,12,2,2,2,5,13,14,8,7,1,10,15,2,2,2,2,5,1,16,17,18,7,19,8,8,9,2,1,1,1,1,10,10,10,10,1,10,10,10,1,1,1,1,1,10,10,10,10,1,20,1,1,21,22,1,1,1,1,1,10,1,23,24,1,1,1,1,1,1,1,25,26,27,28,29,1,1,1,1,30,31,32,1,1,1,33,1,1,1,1,1,1,1,1,1,1,34,35,1,1,1,1,8,8,8,8,8,8,8,8,9,9,9,9,9,9,9,9","0.000641107559204102","walktrap","edit-xhwikibooks.graphml"
"0.02","0.77","0.21","0.463340676638228","4,1,4,3,11,3,6,2,3,3,6,12,2,2,2,5,13,14,8,7,1,10,15,2,2,2,2,5,1,16,17,18,7,19,8,8,9,2,1,1,1,1,10,10,10,10,1,10,10,10,1,1,1,1,1,10,10,10,10,1,20,1,1,21,22,1,1,1,1,1,10,1,23,24,1,1,1,1,1,1,1,25,26,27,28,29,1,1,1,1,30,31,32,1,1,1,33,1,1,1,1,1,1,1,1,1,1,34,35,1,1,1,1,8,8,8,8,8,8,8,8,9,9,9,9,9,9,9,9","0.000648021697998047","walktrap","edit-xhwikibooks.graphml"
"0.01","0.78","0.21","0.465335177655655","4,1,4,3,11,3,6,2,3,3,6,12,2,2,2,5,13,14,8,7,1,10,15,2,2,2,2,5,1,16,17,18,7,19,8,8,9,2,1,1,1,1,10,10,10,10,1,10,10,10,1,1,1,1,1,10,10,10,10,1,20,1,1,21,22,1,1,1,1,1,10,1,23,24,1,1,1,1,1,1,1,25,26,27,28,29,1,1,1,1,30,31,32,1,1,1,33,1,1,1,1,1,1,1,1,1,1,34,35,1,1,1,1,8,8,8,8,8,8,8,8,9,9,9,9,9,9,9,9","0.000660181045532227","walktrap","edit-xhwikibooks.graphml"
"0","0.79","0.21","0.477551720276588","3,3,3,5,12,5,2,8,5,13,2,14,8,7,7,1,15,16,6,4,10,11,17,8,7,7,7,1,3,18,19,20,4,21,6,6,9,7,10,10,10,10,11,11,11,11,10,11,11,11,10,10,10,10,10,11,11,11,11,10,22,10,10,23,24,10,10,10,10,10,11,10,25,26,10,10,10,10,10,10,10,27,28,29,30,31,10,10,10,10,32,33,34,10,10,10,35,10,10,10,10,10,10,10,10,10,10,36,37,10,10,10,10,6,6,6,6,6,6,6,6,9,9,9,9,9,9,9,9","0.00067901611328125","walktrap","edit-xhwikibooks.graphml"
"0.78","0","0.22","0.400681259729557","4,2,4,1,4,1,4,1,1,1,3,4,1,1,1,1,5,3,6,4,2,11,8,1,1,1,1,9,2,5,3,7,10,4,6,6,12,1,2,2,2,2,11,11,11,11,2,11,11,11,2,2,2,2,2,11,11,11,11,2,8,2,2,1,1,2,2,2,2,2,11,2,1,1,2,2,2,2,2,2,2,1,9,9,9,2,2,2,2,2,5,3,7,2,2,2,1,2,2,2,2,2,2,2,2,2,2,10,10,2,2,2,2,6,6,6,6,6,6,6,6,12,12,12,12,12,12,12,12","0.000746011734008789","walktrap","edit-xhwikibooks.graphml"
"0.77","0.01","0.22","0.400681259729557","4,2,4,1,4,1,4,1,1,1,3,4,1,1,1,1,5,3,6,4,2,11,8,1,1,1,1,9,2,5,3,7,10,4,6,6,12,1,2,2,2,2,11,11,11,11,2,11,11,11,2,2,2,2,2,11,11,11,11,2,8,2,2,1,1,2,2,2,2,2,11,2,1,1,2,2,2,2,2,2,2,1,9,9,9,2,2,2,2,2,5,3,7,2,2,2,1,2,2,2,2,2,2,2,2,2,2,10,10,2,2,2,2,6,6,6,6,6,6,6,6,12,12,12,12,12,12,12,12","0.000710010528564453","walktrap","edit-xhwikibooks.graphml"
"0.76","0.02","0.22","0.400681259729557","4,2,4,1,4,1,4,1,1,1,3,4,1,1,1,1,5,3,6,4,2,11,8,1,1,1,1,9,2,5,3,7,10,4,6,6,12,1,2,2,2,2,11,11,11,11,2,11,11,11,2,2,2,2,2,11,11,11,11,2,8,2,2,1,1,2,2,2,2,2,11,2,1,1,2,2,2,2,2,2,2,1,9,9,9,2,2,2,2,2,5,3,7,2,2,2,1,2,2,2,2,2,2,2,2,2,2,10,10,2,2,2,2,6,6,6,6,6,6,6,6,12,12,12,12,12,12,12,12","0.000741004943847656","walktrap","edit-xhwikibooks.graphml"
"0.75","0.03","0.22","0.400240665873959","4,2,4,1,4,1,4,1,1,1,3,4,1,1,1,1,5,3,6,4,2,11,8,1,1,1,1,9,2,5,3,7,10,4,6,6,12,1,2,2,2,2,11,11,11,11,2,11,11,11,2,2,2,2,2,11,11,11,11,2,8,2,2,1,1,2,2,2,2,2,11,2,1,1,2,2,2,2,2,2,2,1,9,9,9,2,2,2,2,2,5,3,7,2,2,2,1,2,2,2,2,2,2,2,2,2,2,10,10,2,2,2,2,6,6,6,6,6,6,6,6,12,12,12,12,12,12,12,12","0.000701904296875","walktrap","edit-xhwikibooks.graphml"
"0.74","0.04","0.22","0.400240665873959","4,2,4,1,4,1,4,1,1,1,3,4,1,1,1,1,5,3,6,4,2,11,8,1,1,1,1,9,2,5,3,7,10,4,6,6,12,1,2,2,2,2,11,11,11,11,2,11,11,11,2,2,2,2,2,11,11,11,11,2,8,2,2,1,1,2,2,2,2,2,11,2,1,1,2,2,2,2,2,2,2,1,9,9,9,2,2,2,2,2,5,3,7,2,2,2,1,2,2,2,2,2,2,2,2,2,2,10,10,2,2,2,2,6,6,6,6,6,6,6,6,12,12,12,12,12,12,12,12","0.000699996948242188","walktrap","edit-xhwikibooks.graphml"
"0.73","0.05","0.22","0.399800977468145","4,2,4,1,4,1,4,1,1,1,3,4,1,1,1,1,5,3,6,4,2,11,8,1,1,1,1,9,2,5,3,7,10,4,6,6,12,1,2,2,2,2,11,11,11,11,2,11,11,11,2,2,2,2,2,11,11,11,11,2,8,2,2,1,1,2,2,2,2,2,11,2,1,1,2,2,2,2,2,2,2,1,9,9,9,2,2,2,2,2,5,3,7,2,2,2,1,2,2,2,2,2,2,2,2,2,2,10,10,2,2,2,2,6,6,6,6,6,6,6,6,12,12,12,12,12,12,12,12","0.000781059265136719","walktrap","edit-xhwikibooks.graphml"
"0.72","0.06","0.22","0.401362082307688","4,2,4,1,4,1,4,1,1,1,3,4,1,1,1,1,5,3,6,4,2,11,8,1,1,1,1,9,2,5,3,7,10,4,6,6,12,1,2,2,2,2,11,11,11,11,2,11,11,11,2,2,2,2,2,11,11,11,11,2,8,2,2,1,1,2,2,2,2,2,11,2,1,1,2,2,2,2,2,2,2,1,9,9,9,2,2,2,2,2,5,3,7,2,2,2,1,2,2,2,2,2,2,2,2,2,2,10,10,2,2,2,2,6,6,6,6,6,6,6,6,12,12,12,12,12,12,12,12","0.000880002975463867","walktrap","edit-xhwikibooks.graphml"
"0.71","0.07","0.22","0.400922480678662","4,2,4,1,4,1,4,1,1,1,3,4,1,1,1,1,5,3,6,4,2,11,8,1,1,1,1,9,2,5,3,7,10,4,6,6,12,1,2,2,2,2,11,11,11,11,2,11,11,11,2,2,2,2,2,11,11,11,11,2,8,2,2,1,1,2,2,2,2,2,11,2,1,1,2,2,2,2,2,2,2,1,9,9,9,2,2,2,2,2,5,3,7,2,2,2,1,2,2,2,2,2,2,2,2,2,2,10,10,2,2,2,2,6,6,6,6,6,6,6,6,12,12,12,12,12,12,12,12","0.000812053680419922","walktrap","edit-xhwikibooks.graphml"
"0.7","0.08","0.22","0.402371100460823","4,2,4,1,4,1,4,1,1,1,3,4,1,1,1,1,5,3,6,4,2,12,8,1,1,1,1,9,2,5,3,7,10,4,6,6,11,1,2,2,2,2,12,12,12,12,2,12,12,12,2,2,2,2,2,12,12,12,12,2,8,2,2,1,1,2,2,2,2,2,12,2,1,1,2,2,2,2,2,2,2,1,9,9,9,2,2,2,2,2,5,3,7,2,2,2,1,2,2,2,2,2,2,2,2,2,2,10,10,2,2,2,2,6,6,6,6,6,6,6,6,11,11,11,11,11,11,11,11","0.000858068466186523","walktrap","edit-xhwikibooks.graphml"
"0.69","0.09","0.22","0.393350091538828","4,2,4,1,4,1,4,1,1,1,3,4,1,1,1,1,5,3,6,4,2,12,8,1,1,1,1,9,2,5,3,7,10,4,6,6,11,1,2,2,2,2,12,12,12,12,2,12,12,12,2,2,2,2,2,12,12,12,12,2,8,2,2,1,1,2,2,2,2,2,12,2,1,1,2,2,2,2,2,2,2,1,9,9,9,2,2,2,2,2,5,3,7,2,2,2,1,2,2,2,2,2,2,2,2,2,2,10,10,2,2,2,2,6,6,6,6,6,6,6,6,11,11,11,11,11,11,11,11","0.000720977783203125","walktrap","edit-xhwikibooks.graphml"
"0.68","0.1","0.22","0.393350091538828","4,2,4,1,4,1,4,1,1,1,3,4,1,1,1,1,5,3,6,4,2,12,8,1,1,1,1,9,2,5,3,7,10,4,6,6,11,1,2,2,2,2,12,12,12,12,2,12,12,12,2,2,2,2,2,12,12,12,12,2,8,2,2,1,1,2,2,2,2,2,12,2,1,1,2,2,2,2,2,2,2,1,9,9,9,2,2,2,2,2,5,3,7,2,2,2,1,2,2,2,2,2,2,2,2,2,2,10,10,2,2,2,2,6,6,6,6,6,6,6,6,11,11,11,11,11,11,11,11","0.000704765319824219","walktrap","edit-xhwikibooks.graphml"
"0.67","0.11","0.22","0.389380513807311","2,11,2,2,2,1,2,1,1,4,3,2,1,1,1,1,4,3,5,2,11,13,8,1,1,1,1,9,6,4,3,7,10,2,5,5,12,1,11,11,11,11,13,13,13,13,11,13,13,13,11,11,11,11,11,13,13,13,13,11,8,11,11,1,1,11,11,11,11,11,13,11,1,1,11,11,11,11,11,11,11,1,9,9,9,6,11,11,11,11,4,3,7,11,11,11,1,11,11,11,11,11,11,11,11,11,11,10,10,11,11,11,11,5,5,5,5,5,5,5,5,12,12,12,12,12,12,12,12","0.000713109970092773","walktrap","edit-xhwikibooks.graphml"
"0.66","0.12","0.22","0.392411265432099","2,11,2,2,2,1,2,1,1,4,3,2,1,1,1,1,4,3,7,2,11,12,8,1,1,1,1,9,5,4,3,6,10,2,7,7,13,1,11,11,11,11,12,12,12,12,11,12,12,12,11,11,11,11,11,12,12,12,12,11,8,11,11,1,1,11,11,11,11,11,12,11,1,1,11,11,11,11,11,11,11,1,9,9,9,5,11,11,11,11,4,3,6,11,11,11,1,11,11,11,11,11,11,11,11,11,11,10,10,11,11,11,11,7,7,7,7,7,7,7,7,13,13,13,13,13,13,13,13","0.000769138336181641","walktrap","edit-xhwikibooks.graphml"
"0.65","0.13","0.22","0.391971775985349","2,11,2,2,2,1,2,1,1,4,3,2,1,1,1,1,4,3,7,2,11,12,8,1,1,1,1,9,5,4,3,6,10,2,7,7,13,1,11,11,11,11,12,12,12,12,11,12,12,12,11,11,11,11,11,12,12,12,12,11,8,11,11,1,1,11,11,11,11,11,12,11,1,1,11,11,11,11,11,11,11,1,9,9,9,5,11,11,11,11,4,3,6,11,11,11,1,11,11,11,11,11,11,11,11,11,11,10,10,11,11,11,11,7,7,7,7,7,7,7,7,13,13,13,13,13,13,13,13","0.000755071640014648","walktrap","edit-xhwikibooks.graphml"
"0.64","0.14","0.22","0.391971775985349","2,11,2,2,2,1,2,1,1,4,3,2,1,1,1,1,4,3,7,2,11,12,8,1,1,1,1,9,5,4,3,6,10,2,7,7,13,1,11,11,11,11,12,12,12,12,11,12,12,12,11,11,11,11,11,12,12,12,12,11,8,11,11,1,1,11,11,11,11,11,12,11,1,1,11,11,11,11,11,11,11,1,9,9,9,5,11,11,11,11,4,3,6,11,11,11,1,11,11,11,11,11,11,11,11,11,11,10,10,11,11,11,11,7,7,7,7,7,7,7,7,13,13,13,13,13,13,13,13","0.000705957412719727","walktrap","edit-xhwikibooks.graphml"
"0.63","0.15","0.22","0.394434312139434","2,11,2,2,2,1,2,1,1,4,3,2,1,1,1,1,4,3,7,2,11,12,8,1,1,1,1,9,5,4,3,6,10,2,7,7,13,1,11,11,11,11,12,12,12,12,11,12,12,12,11,11,11,11,11,12,12,12,12,11,8,11,11,1,1,11,11,11,11,11,12,11,1,1,11,11,11,11,11,11,11,1,9,9,9,5,11,11,11,11,4,3,6,11,11,11,1,11,11,11,11,11,11,11,11,11,11,10,10,11,11,11,11,7,7,7,7,7,7,7,7,13,13,13,13,13,13,13,13","0.000694990158081055","walktrap","edit-xhwikibooks.graphml"
"0.62","0.16","0.22","0.395466687915974","2,11,2,2,2,1,2,1,1,4,3,2,1,1,1,1,4,3,7,2,11,12,8,1,1,1,1,9,5,4,3,6,10,2,7,7,13,1,11,11,11,11,12,12,12,12,11,12,12,12,11,11,11,11,11,12,12,12,12,11,8,11,11,1,1,11,11,11,11,11,12,11,1,1,11,11,11,11,11,11,11,1,9,9,9,5,11,11,11,11,4,3,6,11,11,11,1,11,11,11,11,11,11,11,11,11,11,10,10,11,11,11,11,7,7,7,7,7,7,7,7,13,13,13,13,13,13,13,13","0.000699996948242188","walktrap","edit-xhwikibooks.graphml"
"0.61","0.17","0.22","0.396447817292598","2,11,2,2,2,1,2,1,1,4,3,2,1,1,1,1,4,3,7,2,11,12,8,1,1,1,1,9,5,4,3,6,10,2,7,7,13,1,11,11,11,11,12,12,12,12,11,12,12,12,11,11,11,11,11,12,12,12,12,11,8,11,11,1,1,11,11,11,11,11,12,11,1,1,11,11,11,11,11,11,11,1,9,9,9,5,11,11,11,11,4,3,6,11,11,11,1,11,11,11,11,11,11,11,11,11,11,10,10,11,11,11,11,7,7,7,7,7,7,7,7,13,13,13,13,13,13,13,13","0.000715970993041992","walktrap","edit-xhwikibooks.graphml"
"0.6","0.18","0.22","0.396447817292598","2,11,2,2,2,1,2,1,1,4,3,2,1,1,1,1,4,3,7,2,11,12,8,1,1,1,1,9,5,4,3,6,10,2,7,7,13,1,11,11,11,11,12,12,12,12,11,12,12,12,11,11,11,11,11,12,12,12,12,11,8,11,11,1,1,11,11,11,11,11,12,11,1,1,11,11,11,11,11,11,11,1,9,9,9,5,11,11,11,11,4,3,6,11,11,11,1,11,11,11,11,11,11,11,11,11,11,10,10,11,11,11,11,7,7,7,7,7,7,7,7,13,13,13,13,13,13,13,13","0.000722885131835938","walktrap","edit-xhwikibooks.graphml"
"0.59","0.19","0.22","0.396010093312334","2,11,2,2,2,1,2,1,1,4,3,2,1,1,1,1,4,3,7,2,11,12,8,1,1,1,1,9,5,4,3,6,10,2,7,7,13,1,11,11,11,11,12,12,12,12,11,12,12,12,11,11,11,11,11,12,12,12,12,11,8,11,11,1,1,11,11,11,11,11,12,11,1,1,11,11,11,11,11,11,11,1,9,9,9,5,11,11,11,11,4,3,6,11,11,11,1,11,11,11,11,11,11,11,11,11,11,10,10,11,11,11,11,7,7,7,7,7,7,7,7,13,13,13,13,13,13,13,13","0.000695943832397461","walktrap","edit-xhwikibooks.graphml"
"0.58","0.2","0.22","0.398876415007832","2,11,2,2,2,1,2,1,1,4,3,2,1,1,1,1,4,3,7,2,11,12,8,1,1,1,1,9,5,4,3,6,10,2,7,7,13,1,11,11,11,11,12,12,12,12,11,12,12,12,11,11,11,11,11,12,12,12,12,11,8,11,11,1,1,11,11,11,11,11,12,11,1,1,11,11,11,11,11,11,11,1,9,9,9,5,11,11,11,11,4,3,6,11,11,11,1,11,11,11,11,11,11,11,11,11,11,10,10,11,11,11,11,7,7,7,7,7,7,7,7,13,13,13,13,13,13,13,13","0.000693082809448242","walktrap","edit-xhwikibooks.graphml"
"0.57","0.21","0.22","0.394154760359099","2,11,2,2,2,1,2,1,1,4,3,2,1,1,1,1,4,3,5,2,11,12,8,1,1,1,1,9,6,4,3,7,10,2,5,5,13,1,11,11,11,11,12,12,12,12,11,12,12,12,11,11,11,11,11,12,12,12,12,11,8,11,11,1,1,11,11,11,11,11,12,11,1,1,11,11,11,11,11,11,11,1,9,9,9,6,11,11,11,11,4,3,7,11,11,11,1,11,11,11,11,11,11,11,11,11,11,10,10,11,11,11,11,5,5,5,5,5,5,5,5,13,13,13,13,13,13,13,13","0.000710964202880859","walktrap","edit-xhwikibooks.graphml"
"0.56","0.22","0.22","0.394154760359099","2,11,2,2,2,1,2,1,1,4,3,2,1,1,1,1,4,3,5,2,11,12,8,1,1,1,1,9,6,4,3,7,10,2,5,5,13,1,11,11,11,11,12,12,12,12,11,12,12,12,11,11,11,11,11,12,12,12,12,11,8,11,11,1,1,11,11,11,11,11,12,11,1,1,11,11,11,11,11,11,11,1,9,9,9,6,11,11,11,11,4,3,7,11,11,11,1,11,11,11,11,11,11,11,11,11,11,10,10,11,11,11,11,5,5,5,5,5,5,5,5,13,13,13,13,13,13,13,13","0.000716924667358398","walktrap","edit-xhwikibooks.graphml"
"0.55","0.23","0.22","0.391903634390486","2,5,2,2,2,1,2,1,1,4,2,2,1,1,1,1,4,6,3,2,5,9,1,1,1,1,1,7,5,4,6,3,8,2,3,3,10,1,5,5,5,5,9,9,9,9,5,9,9,9,5,5,5,5,5,9,9,9,9,5,11,5,5,1,1,5,5,5,5,5,9,5,1,1,5,5,5,5,5,5,5,1,7,7,7,12,5,5,5,5,13,14,15,5,5,5,1,5,5,5,5,5,5,5,5,5,5,8,8,5,5,5,5,3,3,3,3,3,3,3,3,10,10,10,10,10,10,10,10","0.000750064849853516","walktrap","edit-xhwikibooks.graphml"
"0.54","0.24","0.22","0.393380495677626","2,5,2,2,2,1,2,1,1,4,2,2,1,1,1,1,4,6,3,2,5,9,1,1,1,1,1,7,5,4,6,3,8,2,3,3,10,1,5,5,5,5,9,9,9,9,5,9,9,9,5,5,5,5,5,9,9,9,9,5,11,5,5,1,1,5,5,5,5,5,9,5,1,1,5,5,5,5,5,5,5,1,7,7,7,12,5,5,5,5,13,14,15,5,5,5,1,5,5,5,5,5,5,5,5,5,5,8,8,5,5,5,5,3,3,3,3,3,3,3,3,10,10,10,10,10,10,10,10","0.000689983367919922","walktrap","edit-xhwikibooks.graphml"
"0.53","0.25","0.22","0.397433570189441","2,5,2,2,2,1,2,1,1,4,2,2,1,1,1,1,4,6,3,2,5,9,1,1,1,1,1,7,5,4,6,3,8,2,3,3,10,1,5,5,5,5,9,9,9,9,5,9,9,9,5,5,5,5,5,9,9,9,9,5,11,5,5,1,1,5,5,5,5,5,9,5,1,1,5,5,5,5,5,5,5,1,7,7,7,12,5,5,5,5,13,14,15,5,5,5,1,5,5,5,5,5,5,5,5,5,5,8,8,5,5,5,5,3,3,3,3,3,3,3,3,10,10,10,10,10,10,10,10","0.000708818435668945","walktrap","edit-xhwikibooks.graphml"
"0.52","0.26","0.22","0.398985487772104","2,5,2,2,2,1,2,1,1,4,2,2,1,1,1,1,4,6,3,2,5,9,1,1,1,1,1,7,5,4,6,3,8,2,3,3,10,1,5,5,5,5,9,9,9,9,5,9,9,9,5,5,5,5,5,9,9,9,9,5,11,5,5,1,1,5,5,5,5,5,9,5,1,1,5,5,5,5,5,5,5,1,7,7,7,12,5,5,5,5,13,14,15,5,5,5,1,5,5,5,5,5,5,5,5,5,5,8,8,5,5,5,5,3,3,3,3,3,3,3,3,10,10,10,10,10,10,10,10","0.00068211555480957","walktrap","edit-xhwikibooks.graphml"
"0.51","0.27","0.22","0.398985487772104","2,5,2,2,2,1,2,1,1,4,2,2,1,1,1,1,4,6,3,2,5,9,1,1,1,1,1,7,5,4,6,3,8,2,3,3,10,1,5,5,5,5,9,9,9,9,5,9,9,9,5,5,5,5,5,9,9,9,9,5,11,5,5,1,1,5,5,5,5,5,9,5,1,1,5,5,5,5,5,5,5,1,7,7,7,12,5,5,5,5,13,14,15,5,5,5,1,5,5,5,5,5,5,5,5,5,5,8,8,5,5,5,5,3,3,3,3,3,3,3,3,10,10,10,10,10,10,10,10","0.000699043273925781","walktrap","edit-xhwikibooks.graphml"
"0.5","0.28","0.22","0.398547150602376","2,5,2,2,2,1,2,1,1,4,2,2,1,1,1,1,4,6,3,2,5,9,1,1,1,1,1,7,5,4,6,3,8,2,3,3,10,1,5,5,5,5,9,9,9,9,5,9,9,9,5,5,5,5,5,9,9,9,9,5,11,5,5,1,1,5,5,5,5,5,9,5,1,1,5,5,5,5,5,5,5,1,7,7,7,12,5,5,5,5,13,14,15,5,5,5,1,5,5,5,5,5,5,5,5,5,5,8,8,5,5,5,5,3,3,3,3,3,3,3,3,10,10,10,10,10,10,10,10","0.000689983367919922","walktrap","edit-xhwikibooks.graphml"
"0.49","0.29","0.22","0.401362395298255","2,5,2,2,2,1,2,1,1,4,2,2,1,1,1,1,4,6,3,2,5,9,1,1,1,1,1,7,5,4,6,3,8,2,3,3,10,1,5,5,5,5,9,9,9,9,5,9,9,9,5,5,5,5,5,9,9,9,9,5,11,5,5,1,1,5,5,5,5,5,9,5,1,1,5,5,5,5,5,5,5,1,7,7,7,12,5,5,5,5,13,14,15,5,5,5,1,5,5,5,5,5,5,5,5,5,5,8,8,5,5,5,5,3,3,3,3,3,3,3,3,10,10,10,10,10,10,10,10","0.000690937042236328","walktrap","edit-xhwikibooks.graphml"
"0.48","0.3","0.22","0.400924134569943","2,5,2,2,2,1,2,1,1,4,2,2,1,1,1,1,4,6,3,2,5,9,1,1,1,1,1,7,5,4,6,3,8,2,3,3,10,1,5,5,5,5,9,9,9,9,5,9,9,9,5,5,5,5,5,9,9,9,9,5,11,5,5,1,1,5,5,5,5,5,9,5,1,1,5,5,5,5,5,5,5,1,7,7,7,12,5,5,5,5,13,14,15,5,5,5,1,5,5,5,5,5,5,5,5,5,5,8,8,5,5,5,5,3,3,3,3,3,3,3,3,10,10,10,10,10,10,10,10","0.000707864761352539","walktrap","edit-xhwikibooks.graphml"
"0.47","0.31","0.22","0.402355436337494","2,5,2,2,2,1,2,1,1,4,2,2,1,1,1,1,4,6,3,2,5,9,1,1,1,1,1,7,5,4,6,3,8,2,3,3,10,1,5,5,5,5,9,9,9,9,5,9,9,9,5,5,5,5,5,9,9,9,9,5,11,5,5,1,1,5,5,5,5,5,9,5,1,1,5,5,5,5,5,5,5,1,7,7,7,12,5,5,5,5,13,14,15,5,5,5,1,5,5,5,5,5,5,5,5,5,5,8,8,5,5,5,5,3,3,3,3,3,3,3,3,10,10,10,10,10,10,10,10","0.000700950622558594","walktrap","edit-xhwikibooks.graphml"
"0.46","0.32","0.22","0.401917582861466","2,5,2,2,2,1,2,1,1,4,2,2,1,1,1,1,4,6,3,2,5,9,1,1,1,1,1,7,5,4,6,3,8,2,3,3,10,1,5,5,5,5,9,9,9,9,5,9,9,9,5,5,5,5,5,9,9,9,9,5,11,5,5,1,1,5,5,5,5,5,9,5,1,1,5,5,5,5,5,5,5,1,7,7,7,12,5,5,5,5,13,14,15,5,5,5,1,5,5,5,5,5,5,5,5,5,5,8,8,5,5,5,5,3,3,3,3,3,3,3,3,10,10,10,10,10,10,10,10","0.000694990158081055","walktrap","edit-xhwikibooks.graphml"
"0.45","0.33","0.22","0.397949002730344","3,6,3,3,3,1,3,1,1,5,3,3,1,1,1,2,5,7,4,3,6,9,1,1,1,1,1,2,6,5,7,4,8,3,4,4,10,1,6,6,6,6,9,9,9,9,6,9,9,9,6,6,6,6,6,9,9,9,9,6,11,6,6,1,1,6,6,6,6,6,9,6,1,1,6,6,6,6,6,6,6,1,2,2,2,12,6,6,6,6,13,14,15,6,6,6,2,6,6,6,6,6,6,6,6,6,6,8,8,6,6,6,6,4,4,4,4,4,4,4,4,10,10,10,10,10,10,10,10","0.000689029693603516","walktrap","edit-xhwikibooks.graphml"
"0.44","0.34","0.22","0.414534222222222","2,7,2,2,2,4,2,4,4,6,2,2,3,4,4,1,6,8,5,2,7,10,3,3,4,4,4,1,7,6,8,5,9,2,5,5,11,4,7,7,7,7,10,10,10,10,7,10,10,10,7,7,7,7,7,10,10,10,10,7,12,7,7,3,4,7,7,7,7,7,10,7,4,4,7,7,7,7,7,7,7,4,1,1,1,13,7,7,7,7,14,15,16,7,7,7,1,7,7,7,7,7,7,7,7,7,7,9,9,7,7,7,7,5,5,5,5,5,5,5,5,11,11,11,11,11,11,11,11","0.000690937042236328","walktrap","edit-xhwikibooks.graphml"
"0.43","0.35","0.22","0.433674457644628","3,5,3,3,3,1,3,1,1,4,3,3,1,1,1,2,4,6,1,3,5,8,1,1,1,1,1,2,5,4,6,1,7,3,1,1,9,1,5,5,5,5,8,8,8,8,5,8,8,8,5,5,5,5,5,8,8,8,8,5,10,5,5,1,1,5,5,5,5,5,8,5,1,1,5,5,5,5,5,5,5,1,2,2,2,11,5,5,5,5,12,13,14,5,5,5,2,5,5,5,5,5,5,5,5,5,5,7,7,5,5,5,5,1,1,1,1,1,1,1,1,9,9,9,9,9,9,9,9","0.000698089599609375","walktrap","edit-xhwikibooks.graphml"
"0.42","0.36","0.22","0.432749640876662","3,5,3,3,3,1,3,1,1,4,3,3,1,1,1,2,4,6,1,3,5,8,1,1,1,1,1,2,5,4,6,1,7,3,1,1,9,1,5,5,5,5,8,8,8,8,5,8,8,8,5,5,5,5,5,8,8,8,8,5,10,5,5,1,1,5,5,5,5,5,8,5,1,1,5,5,5,5,5,5,5,1,2,2,2,11,5,5,5,5,12,13,14,5,5,5,2,5,5,5,5,5,5,5,5,5,5,7,7,5,5,5,5,1,1,1,1,1,1,1,1,9,9,9,9,9,9,9,9","0.000742912292480469","walktrap","edit-xhwikibooks.graphml"
"0.41","0.37","0.22","0.432749640876662","3,5,3,3,3,1,3,1,1,4,3,3,1,1,1,2,4,6,1,3,5,8,1,1,1,1,1,2,5,4,6,1,7,3,1,1,9,1,5,5,5,5,8,8,8,8,5,8,8,8,5,5,5,5,5,8,8,8,8,5,10,5,5,1,1,5,5,5,5,5,8,5,1,1,5,5,5,5,5,5,5,1,2,2,2,11,5,5,5,5,12,13,14,5,5,5,2,5,5,5,5,5,5,5,5,5,5,7,7,5,5,5,5,1,1,1,1,1,1,1,1,9,9,9,9,9,9,9,9","0.000937938690185547","walktrap","edit-xhwikibooks.graphml"
"0.4","0.38","0.22","0.432288551142445","3,5,3,3,3,1,3,1,1,4,3,3,1,1,1,2,4,6,1,3,5,8,1,1,1,1,1,2,5,4,6,1,7,3,1,1,9,1,5,5,5,5,8,8,8,8,5,8,8,8,5,5,5,5,5,8,8,8,8,5,10,5,5,1,1,5,5,5,5,5,8,5,1,1,5,5,5,5,5,5,5,1,2,2,2,11,5,5,5,5,12,13,14,5,5,5,2,5,5,5,5,5,5,5,5,5,5,7,7,5,5,5,5,1,1,1,1,1,1,1,1,9,9,9,9,9,9,9,9","0.000682830810546875","walktrap","edit-xhwikibooks.graphml"
"0.39","0.39","0.22","0.433685642695266","3,5,3,3,3,1,3,1,1,4,3,3,1,1,1,2,4,6,1,3,5,8,1,1,1,1,1,2,5,4,6,1,7,3,1,1,9,1,5,5,5,5,8,8,8,8,5,8,8,8,5,5,5,5,5,8,8,8,8,5,10,5,5,1,1,5,5,5,5,5,8,5,1,1,5,5,5,5,5,5,5,1,2,2,2,11,5,5,5,5,12,13,14,5,5,5,2,5,5,5,5,5,5,5,5,5,5,7,7,5,5,5,5,1,1,1,1,1,1,1,1,9,9,9,9,9,9,9,9","0.00069117546081543","walktrap","edit-xhwikibooks.graphml"
"0.38","0.4","0.22","0.437953121630951","2,7,2,2,2,4,2,4,4,6,2,2,3,4,4,1,6,8,5,2,7,10,3,3,4,4,4,1,7,6,8,5,9,2,5,5,11,4,7,7,7,7,10,10,10,10,7,10,10,10,7,7,7,7,7,10,10,10,10,7,12,7,7,3,4,7,7,7,7,7,10,7,4,4,7,7,7,7,7,7,7,4,1,1,1,13,7,7,7,7,14,15,16,7,7,7,1,7,7,7,7,7,7,7,7,7,7,9,9,7,7,7,7,5,5,5,5,5,5,5,5,11,11,11,11,11,11,11,11","0.00068211555480957","walktrap","edit-xhwikibooks.graphml"
"0.37","0.41","0.22","0.437953121630951","2,7,2,2,2,4,2,4,4,6,2,2,3,4,4,1,6,8,5,2,7,10,3,3,4,4,4,1,7,6,8,5,9,2,5,5,11,4,7,7,7,7,10,10,10,10,7,10,10,10,7,7,7,7,7,10,10,10,10,7,12,7,7,3,4,7,7,7,7,7,10,7,4,4,7,7,7,7,7,7,7,4,1,1,1,13,7,7,7,7,14,15,16,7,7,7,1,7,7,7,7,7,7,7,7,7,7,9,9,7,7,7,7,5,5,5,5,5,5,5,5,11,11,11,11,11,11,11,11","0.000681877136230469","walktrap","edit-xhwikibooks.graphml"
"0.36","0.42","0.22","0.437473369839667","2,7,2,2,2,4,2,4,4,6,2,2,3,4,4,1,6,8,5,2,7,10,3,3,4,4,4,1,7,6,8,5,9,2,5,5,11,4,7,7,7,7,10,10,10,10,7,10,10,10,7,7,7,7,7,10,10,10,10,7,12,7,7,3,4,7,7,7,7,7,10,7,4,4,7,7,7,7,7,7,7,4,1,1,1,13,7,7,7,7,14,15,16,7,7,7,1,7,7,7,7,7,7,7,7,7,7,9,9,7,7,7,7,5,5,5,5,5,5,5,5,11,11,11,11,11,11,11,11","0.000696897506713867","walktrap","edit-xhwikibooks.graphml"
"0.35","0.43","0.22","0.438776754680163","2,7,2,2,2,3,2,3,3,6,2,2,4,3,3,1,6,8,5,2,7,10,4,4,3,3,3,1,7,6,8,5,9,2,5,5,11,3,7,7,7,7,10,10,10,10,7,10,10,10,7,7,7,7,7,10,10,10,10,7,12,7,7,4,3,7,7,7,7,7,10,7,3,3,7,7,7,7,7,7,7,3,1,1,1,13,7,7,7,7,14,15,16,7,7,7,1,7,7,7,7,7,7,7,7,7,7,9,9,7,7,7,7,5,5,5,5,5,5,5,5,11,11,11,11,11,11,11,11","0.000678062438964844","walktrap","edit-xhwikibooks.graphml"
"0.34","0.44","0.22","0.438297868166875","2,7,2,2,2,3,2,3,3,6,2,2,4,3,3,1,6,8,5,2,7,10,4,4,3,3,3,1,7,6,8,5,9,2,5,5,11,3,7,7,7,7,10,10,10,10,7,10,10,10,7,7,7,7,7,10,10,10,10,7,12,7,7,4,3,7,7,7,7,7,10,7,3,3,7,7,7,7,7,7,7,3,1,1,1,13,7,7,7,7,14,15,16,7,7,7,1,7,7,7,7,7,7,7,7,7,7,9,9,7,7,7,7,5,5,5,5,5,5,5,5,11,11,11,11,11,11,11,11","0.000710964202880859","walktrap","edit-xhwikibooks.graphml"
"0.33","0.45","0.22","0.433153905416142","1,5,1,1,2,1,2,1,1,1,2,2,1,1,1,1,9,2,3,4,5,7,1,1,1,1,1,6,5,10,11,3,4,4,3,3,8,1,5,5,5,5,7,7,7,7,5,7,7,7,5,5,5,5,5,7,7,7,7,5,12,5,5,13,14,5,5,5,5,5,7,5,1,1,5,5,5,5,5,5,5,15,6,6,6,16,5,5,5,5,17,18,19,5,5,5,20,5,5,5,5,5,5,5,5,5,5,21,22,5,5,5,5,3,3,3,3,3,3,3,3,8,8,8,8,8,8,8,8","0.000814914703369141","walktrap","edit-xhwikibooks.graphml"
"0.32","0.46","0.22","0.432675668051752","1,5,1,1,2,1,2,1,1,1,2,2,1,1,1,1,9,2,3,4,5,7,1,1,1,1,1,6,5,10,11,3,4,4,3,3,8,1,5,5,5,5,7,7,7,7,5,7,7,7,5,5,5,5,5,7,7,7,7,5,12,5,5,13,14,5,5,5,5,5,7,5,1,1,5,5,5,5,5,5,5,15,6,6,6,16,5,5,5,5,17,18,19,5,5,5,20,5,5,5,5,5,5,5,5,5,5,21,22,5,5,5,5,3,3,3,3,3,3,3,3,8,8,8,8,8,8,8,8","0.000656843185424805","walktrap","edit-xhwikibooks.graphml"
"0.31","0.47","0.22","0.434065681956015","1,5,1,1,2,1,2,1,1,1,2,2,1,1,1,1,9,2,3,4,5,8,1,1,1,1,1,6,5,10,11,3,4,4,3,3,7,1,5,5,5,5,8,8,8,8,5,8,8,8,5,5,5,5,5,8,8,8,8,5,12,5,5,13,14,5,5,5,5,5,8,5,1,1,5,5,5,5,5,5,5,15,6,6,6,16,5,5,5,5,17,18,19,5,5,5,20,5,5,5,5,5,5,5,5,5,5,21,22,5,5,5,5,3,3,3,3,3,3,3,3,7,7,7,7,7,7,7,7","0.000658035278320312","walktrap","edit-xhwikibooks.graphml"
"0.3","0.48","0.22","0.433588100604558","1,5,1,1,2,1,2,1,1,1,2,2,1,1,1,1,9,2,3,4,5,8,1,1,1,1,1,6,5,10,11,3,4,4,3,3,7,1,5,5,5,5,8,8,8,8,5,8,8,8,5,5,5,5,5,8,8,8,8,5,12,5,5,13,14,5,5,5,5,5,8,5,1,1,5,5,5,5,5,5,5,15,6,6,6,16,5,5,5,5,17,18,19,5,5,5,20,5,5,5,5,5,5,5,5,5,5,21,22,5,5,5,5,3,3,3,3,3,3,3,3,7,7,7,7,7,7,7,7","0.000649213790893555","walktrap","edit-xhwikibooks.graphml"
"0.29","0.49","0.22","0.433588100604558","1,5,1,1,2,1,2,1,1,1,2,2,1,1,1,1,9,2,3,4,5,8,1,1,1,1,1,6,5,10,11,3,4,4,3,3,7,1,5,5,5,5,8,8,8,8,5,8,8,8,5,5,5,5,5,8,8,8,8,5,12,5,5,13,14,5,5,5,5,5,8,5,1,1,5,5,5,5,5,5,5,15,6,6,6,16,5,5,5,5,17,18,19,5,5,5,20,5,5,5,5,5,5,5,5,5,5,21,22,5,5,5,5,3,3,3,3,3,3,3,3,7,7,7,7,7,7,7,7","0.000674962997436523","walktrap","edit-xhwikibooks.graphml"
"0.28","0.5","0.22","0.485436645582534","1,4,1,1,1,2,1,2,2,2,1,1,2,2,2,2,9,1,3,5,4,8,2,2,2,2,2,6,4,10,11,3,5,5,3,3,7,2,4,4,4,4,8,8,8,8,4,8,8,8,4,4,4,4,4,8,8,8,8,4,12,4,4,13,14,4,4,4,4,4,8,4,2,2,4,4,4,4,4,4,4,15,6,6,6,16,4,4,4,4,17,18,19,4,4,4,20,4,4,4,4,4,4,4,4,4,4,21,22,4,4,4,4,3,3,3,3,3,3,3,3,7,7,7,7,7,7,7,7","0.000679969787597656","walktrap","edit-xhwikibooks.graphml"
"0.27","0.51","0.22","0.485436645582534","1,4,1,1,1,2,1,2,2,2,1,1,2,2,2,2,9,1,3,5,4,8,2,2,2,2,2,6,4,10,11,3,5,5,3,3,7,2,4,4,4,4,8,8,8,8,4,8,8,8,4,4,4,4,4,8,8,8,8,4,12,4,4,13,14,4,4,4,4,4,8,4,2,2,4,4,4,4,4,4,4,15,6,6,6,16,4,4,4,4,17,18,19,4,4,4,20,4,4,4,4,4,4,4,4,4,4,21,22,4,4,4,4,3,3,3,3,3,3,3,3,7,7,7,7,7,7,7,7","0.000684976577758789","walktrap","edit-xhwikibooks.graphml"
"0.26","0.52","0.22","0.485436645582534","1,4,1,1,1,2,1,2,2,2,1,1,2,2,2,2,9,1,3,5,4,8,2,2,2,2,2,6,4,10,11,3,5,5,3,3,7,2,4,4,4,4,8,8,8,8,4,8,8,8,4,4,4,4,4,8,8,8,8,4,12,4,4,13,14,4,4,4,4,4,8,4,2,2,4,4,4,4,4,4,4,15,6,6,6,16,4,4,4,4,17,18,19,4,4,4,20,4,4,4,4,4,4,4,4,4,4,21,22,4,4,4,4,3,3,3,3,3,3,3,3,7,7,7,7,7,7,7,7","0.000797033309936523","walktrap","edit-xhwikibooks.graphml"
"0.25","0.53","0.22","0.485933553321279","1,4,1,1,1,2,1,2,2,2,1,1,2,2,2,2,9,1,3,5,4,8,2,2,2,2,2,6,4,10,11,3,5,5,3,3,7,2,4,4,4,4,8,8,8,8,4,8,8,8,4,4,4,4,4,8,8,8,8,4,12,4,4,13,14,4,4,4,4,4,8,4,2,2,4,4,4,4,4,4,4,15,6,6,6,16,4,4,4,4,17,18,19,4,4,4,20,4,4,4,4,4,4,4,4,4,4,21,22,4,4,4,4,3,3,3,3,3,3,3,3,7,7,7,7,7,7,7,7","0.000660181045532227","walktrap","edit-xhwikibooks.graphml"
"0.24","0.54","0.22","0.487108460155256","1,4,1,1,1,2,1,2,2,2,1,1,2,2,2,2,9,1,3,5,4,8,2,2,2,2,2,6,4,10,11,3,5,5,3,3,7,2,4,4,4,4,8,8,8,8,4,8,8,8,4,4,4,4,4,8,8,8,8,4,12,4,4,13,14,4,4,4,4,4,8,4,2,2,4,4,4,4,4,4,4,15,6,6,6,16,4,4,4,4,17,18,19,4,4,4,20,4,4,4,4,4,4,4,4,4,4,21,22,4,4,4,4,3,3,3,3,3,3,3,3,7,7,7,7,7,7,7,7","0.000658035278320312","walktrap","edit-xhwikibooks.graphml"
"0.23","0.55","0.22","0.482895788535536","1,4,1,1,1,1,1,2,1,1,6,1,2,2,2,1,10,6,3,5,4,9,2,2,2,2,2,7,4,11,12,3,5,5,3,3,8,2,4,4,4,4,9,9,9,9,4,9,9,9,4,4,4,4,4,9,9,9,9,4,13,4,4,14,15,4,4,4,4,4,9,4,2,2,4,4,4,4,4,4,4,16,7,7,7,17,4,4,4,4,18,19,20,4,4,4,21,4,4,4,4,4,4,4,4,4,4,22,23,4,4,4,4,3,3,3,3,3,3,3,3,8,8,8,8,8,8,8,8","0.000661849975585938","walktrap","edit-xhwikibooks.graphml"
"0.22","0.56","0.22","0.485961514235324","1,4,1,1,1,1,1,2,1,1,6,1,2,2,2,1,10,6,3,5,4,9,2,2,2,2,2,7,4,11,12,3,5,5,3,3,8,2,4,4,4,4,9,9,9,9,4,9,9,9,4,4,4,4,4,9,9,9,9,4,13,4,4,14,15,4,4,4,4,4,9,4,2,2,4,4,4,4,4,4,4,16,7,7,7,17,4,4,4,4,18,19,20,4,4,4,21,4,4,4,4,4,4,4,4,4,4,22,23,4,4,4,4,3,3,3,3,3,3,3,3,8,8,8,8,8,8,8,8","0.000667095184326172","walktrap","edit-xhwikibooks.graphml"
"0.21","0.57","0.22","0.485961514235324","1,4,1,1,1,1,1,2,1,1,6,1,2,2,2,1,10,6,3,5,4,9,2,2,2,2,2,7,4,11,12,3,5,5,3,3,8,2,4,4,4,4,9,9,9,9,4,9,9,9,4,4,4,4,4,9,9,9,9,4,13,4,4,14,15,4,4,4,4,4,9,4,2,2,4,4,4,4,4,4,4,16,7,7,7,17,4,4,4,4,18,19,20,4,4,4,21,4,4,4,4,4,4,4,4,4,4,22,23,4,4,4,4,3,3,3,3,3,3,3,3,8,8,8,8,8,8,8,8","0.000660896301269531","walktrap","edit-xhwikibooks.graphml"
"0.2","0.58","0.22","0.488153626053843","1,4,1,1,1,1,1,2,1,1,6,1,2,2,2,1,10,6,3,5,4,9,2,2,2,2,2,7,4,11,12,3,5,5,3,3,8,2,4,4,4,4,9,9,9,9,4,9,9,9,4,4,4,4,4,9,9,9,9,4,13,4,4,14,15,4,4,4,4,4,9,4,2,2,4,4,4,4,4,4,4,16,7,7,7,17,4,4,4,4,18,19,20,4,4,4,21,4,4,4,4,4,4,4,4,4,4,22,23,4,4,4,4,3,3,3,3,3,3,3,3,8,8,8,8,8,8,8,8","0.000673055648803711","walktrap","edit-xhwikibooks.graphml"
"0.19","0.59","0.22","0.487671872531814","1,4,1,1,1,1,1,2,1,1,6,1,2,2,2,1,10,6,3,5,4,9,2,2,2,2,2,7,4,11,12,3,5,5,3,3,8,2,4,4,4,4,9,9,9,9,4,9,9,9,4,4,4,4,4,9,9,9,9,4,13,4,4,14,15,4,4,4,4,4,9,4,2,2,4,4,4,4,4,4,4,16,7,7,7,17,4,4,4,4,18,19,20,4,4,4,21,4,4,4,4,4,4,4,4,4,4,22,23,4,4,4,4,3,3,3,3,3,3,3,3,8,8,8,8,8,8,8,8","0.000674009323120117","walktrap","edit-xhwikibooks.graphml"
"0.18","0.6","0.22","0.491253676951798","1,4,1,1,1,1,1,2,1,1,6,1,2,2,2,1,10,6,3,5,4,9,2,2,2,2,2,7,4,11,12,3,5,5,3,3,8,2,4,4,4,4,9,9,9,9,4,9,9,9,4,4,4,4,4,9,9,9,9,4,13,4,4,14,15,4,4,4,4,4,9,4,2,2,4,4,4,4,4,4,4,16,7,7,7,17,4,4,4,4,18,19,20,4,4,4,21,4,4,4,4,4,4,4,4,4,4,22,23,4,4,4,4,3,3,3,3,3,3,3,3,8,8,8,8,8,8,8,8","0.000657796859741211","walktrap","edit-xhwikibooks.graphml"
"0.17","0.61","0.22","0.490772438930964","1,4,1,1,1,1,1,2,1,1,6,1,2,2,2,1,10,6,3,5,4,9,2,2,2,2,2,7,4,11,12,3,5,5,3,3,8,2,4,4,4,4,9,9,9,9,4,9,9,9,4,4,4,4,4,9,9,9,9,4,13,4,4,14,15,4,4,4,4,4,9,4,2,2,4,4,4,4,4,4,4,16,7,7,7,17,4,4,4,4,18,19,20,4,4,4,21,4,4,4,4,4,4,4,4,4,4,22,23,4,4,4,4,3,3,3,3,3,3,3,3,8,8,8,8,8,8,8,8","0.000659942626953125","walktrap","edit-xhwikibooks.graphml"
"0.16","0.62","0.22","0.491917881911132","1,4,1,1,1,1,1,2,1,1,6,1,2,2,2,1,10,6,3,5,4,9,2,2,2,2,2,7,4,11,12,3,5,5,3,3,8,2,4,4,4,4,9,9,9,9,4,9,9,9,4,4,4,4,4,9,9,9,9,4,13,4,4,14,15,4,4,4,4,4,9,4,2,2,4,4,4,4,4,4,4,16,7,7,7,17,4,4,4,4,18,19,20,4,4,4,21,4,4,4,4,4,4,4,4,4,4,22,23,4,4,4,4,3,3,3,3,3,3,3,3,8,8,8,8,8,8,8,8","0.000682830810546875","walktrap","edit-xhwikibooks.graphml"
"0.15","0.63","0.22","0.491437481310607","1,4,1,1,1,1,1,2,1,1,6,1,2,2,2,1,10,6,3,5,4,9,2,2,2,2,2,7,4,11,12,3,5,5,3,3,8,2,4,4,4,4,9,9,9,9,4,9,9,9,4,4,4,4,4,9,9,9,9,4,13,4,4,14,15,4,4,4,4,4,9,4,2,2,4,4,4,4,4,4,4,16,7,7,7,17,4,4,4,4,18,19,20,4,4,4,21,4,4,4,4,4,4,4,4,4,4,22,23,4,4,4,4,3,3,3,3,3,3,3,3,8,8,8,8,8,8,8,8","0.000679969787597656","walktrap","edit-xhwikibooks.graphml"
"0.14","0.64","0.22","0.491437481310607","1,4,1,1,1,1,1,2,1,1,6,1,2,2,2,1,10,6,3,5,4,9,2,2,2,2,2,7,4,11,12,3,5,5,3,3,8,2,4,4,4,4,9,9,9,9,4,9,9,9,4,4,4,4,4,9,9,9,9,4,13,4,4,14,15,4,4,4,4,4,9,4,2,2,4,4,4,4,4,4,4,16,7,7,7,17,4,4,4,4,18,19,20,4,4,4,21,4,4,4,4,4,4,4,4,4,4,22,23,4,4,4,4,3,3,3,3,3,3,3,3,8,8,8,8,8,8,8,8","0.000680923461914062","walktrap","edit-xhwikibooks.graphml"
"0.13","0.65","0.22","0.470373237707635","1,4,1,1,1,1,1,2,1,1,6,1,2,2,2,1,10,6,3,5,4,9,2,2,2,2,2,7,4,11,12,3,5,5,3,3,8,2,4,4,4,4,9,9,9,9,4,9,9,9,4,4,4,4,4,9,9,9,9,4,13,4,4,14,15,4,4,4,4,4,9,4,2,2,4,4,4,4,4,4,4,16,7,7,7,17,4,4,4,4,18,19,20,4,4,4,21,4,4,4,4,4,4,4,4,4,4,22,23,4,4,4,4,3,3,3,3,3,3,3,3,8,8,8,8,8,8,8,8","0.000693798065185547","walktrap","edit-xhwikibooks.graphml"
"0.12","0.66","0.22","0.470373237707635","1,4,1,1,1,1,1,2,1,1,6,1,2,2,2,1,10,6,3,5,4,9,2,2,2,2,2,7,4,11,12,3,5,5,3,3,8,2,4,4,4,4,9,9,9,9,4,9,9,9,4,4,4,4,4,9,9,9,9,4,13,4,4,14,15,4,4,4,4,4,9,4,2,2,4,4,4,4,4,4,4,16,7,7,7,17,4,4,4,4,18,19,20,4,4,4,21,4,4,4,4,4,4,4,4,4,4,22,23,4,4,4,4,3,3,3,3,3,3,3,3,8,8,8,8,8,8,8,8","0.000668764114379883","walktrap","edit-xhwikibooks.graphml"
"0.11","0.67","0.22","0.473075259515571","4,1,4,2,11,2,6,3,2,2,6,12,3,3,3,5,13,14,8,7,1,10,15,3,3,3,3,5,1,16,17,18,7,19,8,8,9,3,1,1,1,1,10,10,10,10,1,10,10,10,1,1,1,1,1,10,10,10,10,1,20,1,1,21,22,1,1,1,1,1,10,1,23,24,1,1,1,1,1,1,1,25,26,27,28,29,1,1,1,1,30,31,32,1,1,1,33,1,1,1,1,1,1,1,1,1,1,34,35,1,1,1,1,8,8,8,8,8,8,8,8,9,9,9,9,9,9,9,9","0.000699996948242188","walktrap","edit-xhwikibooks.graphml"
"0.1","0.68","0.22","0.473075259515571","4,1,4,2,11,2,6,3,2,2,6,12,3,3,3,5,13,14,8,7,1,10,15,3,3,3,3,5,1,16,17,18,7,19,8,8,9,3,1,1,1,1,10,10,10,10,1,10,10,10,1,1,1,1,1,10,10,10,10,1,20,1,1,21,22,1,1,1,1,1,10,1,23,24,1,1,1,1,1,1,1,25,26,27,28,29,1,1,1,1,30,31,32,1,1,1,33,1,1,1,1,1,1,1,1,1,1,34,35,1,1,1,1,8,8,8,8,8,8,8,8,9,9,9,9,9,9,9,9","0.000629901885986328","walktrap","edit-xhwikibooks.graphml"
"0.09","0.69","0.22","0.472590066684374","4,1,4,2,11,2,6,3,2,2,6,12,3,3,3,5,13,14,8,7,1,10,15,3,3,3,3,5,1,16,17,18,7,19,8,8,9,3,1,1,1,1,10,10,10,10,1,10,10,10,1,1,1,1,1,10,10,10,10,1,20,1,1,21,22,1,1,1,1,1,10,1,23,24,1,1,1,1,1,1,1,25,26,27,28,29,1,1,1,1,30,31,32,1,1,1,33,1,1,1,1,1,1,1,1,1,1,34,35,1,1,1,1,8,8,8,8,8,8,8,8,9,9,9,9,9,9,9,9","0.000632047653198242","walktrap","edit-xhwikibooks.graphml"
"0.08","0.7","0.22","0.473846222222222","4,1,4,2,11,2,6,3,2,2,6,12,3,3,3,5,13,14,8,7,1,10,15,3,3,3,3,5,1,16,17,18,7,19,8,8,9,3,1,1,1,1,10,10,10,10,1,10,10,10,1,1,1,1,1,10,10,10,10,1,20,1,1,21,22,1,1,1,1,1,10,1,23,24,1,1,1,1,1,1,1,25,26,27,28,29,1,1,1,1,30,31,32,1,1,1,33,1,1,1,1,1,1,1,1,1,1,34,35,1,1,1,1,8,8,8,8,8,8,8,8,9,9,9,9,9,9,9,9","0.00063014030456543","walktrap","edit-xhwikibooks.graphml"
"0.07","0.71","0.22","0.473361749358601","4,1,4,2,11,2,6,3,2,2,6,12,3,3,3,5,13,14,8,7,1,10,15,3,3,3,3,5,1,16,17,18,7,19,8,8,9,3,1,1,1,1,10,10,10,10,1,10,10,10,1,1,1,1,1,10,10,10,10,1,20,1,1,21,22,1,1,1,1,1,10,1,23,24,1,1,1,1,1,1,1,25,26,27,28,29,1,1,1,1,30,31,32,1,1,1,33,1,1,1,1,1,1,1,1,1,1,34,35,1,1,1,1,8,8,8,8,8,8,8,8,9,9,9,9,9,9,9,9","0.000651121139526367","walktrap","edit-xhwikibooks.graphml"
"0.06","0.72","0.22","0.475649416499562","4,1,4,2,11,2,6,3,2,2,6,12,3,3,3,5,13,14,8,7,1,10,15,3,3,3,3,5,1,16,17,18,7,19,8,8,9,3,1,1,1,1,10,10,10,10,1,10,10,10,1,1,1,1,1,10,10,10,10,1,20,1,1,21,22,1,1,1,1,1,10,1,23,24,1,1,1,1,1,1,1,25,26,27,28,29,1,1,1,1,30,31,32,1,1,1,33,1,1,1,1,1,1,1,1,1,1,34,35,1,1,1,1,8,8,8,8,8,8,8,8,9,9,9,9,9,9,9,9","0.000635862350463867","walktrap","edit-xhwikibooks.graphml"
"0.05","0.73","0.22","0.475166046338186","4,1,4,2,11,2,6,3,2,2,6,12,3,3,3,5,13,14,8,7,1,10,15,3,3,3,3,5,1,16,17,18,7,19,8,8,9,3,1,1,1,1,10,10,10,10,1,10,10,10,1,1,1,1,1,10,10,10,10,1,20,1,1,21,22,1,1,1,1,1,10,1,23,24,1,1,1,1,1,1,1,25,26,27,28,29,1,1,1,1,30,31,32,1,1,1,33,1,1,1,1,1,1,1,1,1,1,34,35,1,1,1,1,8,8,8,8,8,8,8,8,9,9,9,9,9,9,9,9","0.000650882720947266","walktrap","edit-xhwikibooks.graphml"
"0.04","0.74","0.22","0.475166046338186","4,1,4,2,11,2,6,3,2,2,6,12,3,3,3,5,13,14,8,7,1,10,15,3,3,3,3,5,1,16,17,18,7,19,8,8,9,3,1,1,1,1,10,10,10,10,1,10,10,10,1,1,1,1,1,10,10,10,10,1,20,1,1,21,22,1,1,1,1,1,10,1,23,24,1,1,1,1,1,1,1,25,26,27,28,29,1,1,1,1,30,31,32,1,1,1,33,1,1,1,1,1,1,1,1,1,1,34,35,1,1,1,1,8,8,8,8,8,8,8,8,9,9,9,9,9,9,9,9","0.000725984573364258","walktrap","edit-xhwikibooks.graphml"
"0.03","0.75","0.22","0.478377517561142","4,1,4,2,11,2,6,3,2,2,6,12,3,3,3,5,13,14,8,7,1,10,15,3,3,3,3,5,1,16,17,18,7,19,8,8,9,3,1,1,1,1,10,10,10,10,1,10,10,10,1,1,1,1,1,10,10,10,10,1,20,1,1,21,22,1,1,1,1,1,10,1,23,24,1,1,1,1,1,1,1,25,26,27,28,29,1,1,1,1,30,31,32,1,1,1,33,1,1,1,1,1,1,1,1,1,1,34,35,1,1,1,1,8,8,8,8,8,8,8,8,9,9,9,9,9,9,9,9","0.000639915466308594","walktrap","edit-xhwikibooks.graphml"
"0.02","0.76","0.22","0.477895469560704","4,1,4,2,11,2,6,3,2,2,6,12,3,3,3,5,13,14,8,7,1,10,15,3,3,3,3,5,1,16,17,18,7,19,8,8,9,3,1,1,1,1,10,10,10,10,1,10,10,10,1,1,1,1,1,10,10,10,10,1,20,1,1,21,22,1,1,1,1,1,10,1,23,24,1,1,1,1,1,1,1,25,26,27,28,29,1,1,1,1,30,31,32,1,1,1,33,1,1,1,1,1,1,1,1,1,1,34,35,1,1,1,1,8,8,8,8,8,8,8,8,9,9,9,9,9,9,9,9","0.000638008117675781","walktrap","edit-xhwikibooks.graphml"
"0.01","0.77","0.22","0.462860814072892","4,1,4,3,11,3,6,2,3,3,6,12,2,2,2,5,13,14,8,7,1,10,15,2,2,2,2,5,1,16,17,18,7,19,8,8,9,2,1,1,1,1,10,10,10,10,1,10,10,10,1,1,1,1,1,10,10,10,10,1,20,1,1,21,22,1,1,1,1,1,10,1,23,24,1,1,1,1,1,1,1,25,26,27,28,29,1,1,1,1,30,31,32,1,1,1,33,1,1,1,1,1,1,1,1,1,1,34,35,1,1,1,1,8,8,8,8,8,8,8,8,9,9,9,9,9,9,9,9","0.000623941421508789","walktrap","edit-xhwikibooks.graphml"
"0","0.78","0.22","0.448677163732944","2,2,2,1,2,1,4,1,1,1,4,9,1,1,1,3,10,11,6,5,2,8,12,1,1,1,1,3,2,13,14,15,5,16,6,6,7,1,2,2,2,2,8,8,8,8,2,8,8,8,2,2,2,2,2,8,8,8,8,2,17,2,2,18,19,2,2,2,2,2,8,2,20,21,2,2,2,2,2,2,2,22,23,24,25,26,2,2,2,2,27,28,29,2,2,2,30,2,2,2,2,2,2,2,2,2,2,31,32,2,2,2,2,6,6,6,6,6,6,6,6,7,7,7,7,7,7,7,7","0.000674962997436523","walktrap","edit-xhwikibooks.graphml"
"0.77","0","0.23","0.401648908316827","4,2,4,1,4,1,4,1,1,1,3,4,1,1,1,1,5,3,6,4,2,11,8,1,1,1,1,9,2,5,3,7,10,4,6,6,12,1,2,2,2,2,11,11,11,11,2,11,11,11,2,2,2,2,2,11,11,11,11,2,8,2,2,1,1,2,2,2,2,2,11,2,1,1,2,2,2,2,2,2,2,1,9,9,9,2,2,2,2,2,5,3,7,2,2,2,1,2,2,2,2,2,2,2,2,2,2,10,10,2,2,2,2,6,6,6,6,6,6,6,6,12,12,12,12,12,12,12,12","0.00071406364440918","walktrap","edit-xhwikibooks.graphml"
"0.76","0.01","0.23","0.401648908316827","4,2,4,1,4,1,4,1,1,1,3,4,1,1,1,1,5,3,6,4,2,11,8,1,1,1,1,9,2,5,3,7,10,4,6,6,12,1,2,2,2,2,11,11,11,11,2,11,11,11,2,2,2,2,2,11,11,11,11,2,8,2,2,1,1,2,2,2,2,2,11,2,1,1,2,2,2,2,2,2,2,1,9,9,9,2,2,2,2,2,5,3,7,2,2,2,1,2,2,2,2,2,2,2,2,2,2,10,10,2,2,2,2,6,6,6,6,6,6,6,6,12,12,12,12,12,12,12,12","0.000699996948242188","walktrap","edit-xhwikibooks.graphml"
"0.75","0.02","0.23","0.401648908316827","4,2,4,1,4,1,4,1,1,1,3,4,1,1,1,1,5,3,6,4,2,11,8,1,1,1,1,9,2,5,3,7,10,4,6,6,12,1,2,2,2,2,11,11,11,11,2,11,11,11,2,2,2,2,2,11,11,11,11,2,8,2,2,1,1,2,2,2,2,2,11,2,1,1,2,2,2,2,2,2,2,1,9,9,9,2,2,2,2,2,5,3,7,2,2,2,1,2,2,2,2,2,2,2,2,2,2,10,10,2,2,2,2,6,6,6,6,6,6,6,6,12,12,12,12,12,12,12,12","0.000710010528564453","walktrap","edit-xhwikibooks.graphml"
"0.74","0.03","0.23","0.401208826762581","4,2,4,1,4,1,4,1,1,1,3,4,1,1,1,1,5,3,6,4,2,11,8,1,1,1,1,9,2,5,3,7,10,4,6,6,12,1,2,2,2,2,11,11,11,11,2,11,11,11,2,2,2,2,2,11,11,11,11,2,8,2,2,1,1,2,2,2,2,2,11,2,1,1,2,2,2,2,2,2,2,1,9,9,9,2,2,2,2,2,5,3,7,2,2,2,1,2,2,2,2,2,2,2,2,2,2,10,10,2,2,2,2,6,6,6,6,6,6,6,6,12,12,12,12,12,12,12,12","0.000728130340576172","walktrap","edit-xhwikibooks.graphml"
"0.73","0.04","0.23","0.40276404570704","4,2,4,1,4,1,4,1,1,1,3,4,1,1,1,1,5,3,6,4,2,11,8,1,1,1,1,9,2,5,3,7,10,4,6,6,12,1,2,2,2,2,11,11,11,11,2,11,11,11,2,2,2,2,2,11,11,11,11,2,8,2,2,1,1,2,2,2,2,2,11,2,1,1,2,2,2,2,2,2,2,1,9,9,9,2,2,2,2,2,5,3,7,2,2,2,1,2,2,2,2,2,2,2,2,2,2,10,10,2,2,2,2,6,6,6,6,6,6,6,6,12,12,12,12,12,12,12,12","0.000777006149291992","walktrap","edit-xhwikibooks.graphml"
"0.72","0.05","0.23","0.40276404570704","4,2,4,1,4,1,4,1,1,1,3,4,1,1,1,1,5,3,6,4,2,11,8,1,1,1,1,9,2,5,3,7,10,4,6,6,12,1,2,2,2,2,11,11,11,11,2,11,11,11,2,2,2,2,2,11,11,11,11,2,8,2,2,1,1,2,2,2,2,2,11,2,1,1,2,2,2,2,2,2,2,1,9,9,9,2,2,2,2,2,5,3,7,2,2,2,1,2,2,2,2,2,2,2,2,2,2,10,10,2,2,2,2,6,6,6,6,6,6,6,6,12,12,12,12,12,12,12,12","0.000687837600708008","walktrap","edit-xhwikibooks.graphml"
"0.71","0.06","0.23","0.40276404570704","4,2,4,1,4,1,4,1,1,1,3,4,1,1,1,1,5,3,6,4,2,11,8,1,1,1,1,9,2,5,3,7,10,4,6,6,12,1,2,2,2,2,11,11,11,11,2,11,11,11,2,2,2,2,2,11,11,11,11,2,8,2,2,1,1,2,2,2,2,2,11,2,1,1,2,2,2,2,2,2,2,1,9,9,9,2,2,2,2,2,5,3,7,2,2,2,1,2,2,2,2,2,2,2,2,2,2,10,10,2,2,2,2,6,6,6,6,6,6,6,6,12,12,12,12,12,12,12,12","0.000678062438964844","walktrap","edit-xhwikibooks.graphml"
"0.7","0.07","0.23","0.402324058550244","4,2,4,1,4,1,4,1,1,1,3,4,1,1,1,1,5,3,6,4,2,11,8,1,1,1,1,9,2,5,3,7,10,4,6,6,12,1,2,2,2,2,11,11,11,11,2,11,11,11,2,2,2,2,2,11,11,11,11,2,8,2,2,1,1,2,2,2,2,2,11,2,1,1,2,2,2,2,2,2,2,1,9,9,9,2,2,2,2,2,5,3,7,2,2,2,1,2,2,2,2,2,2,2,2,2,2,10,10,2,2,2,2,6,6,6,6,6,6,6,6,12,12,12,12,12,12,12,12","0.000697135925292969","walktrap","edit-xhwikibooks.graphml"
"0.69","0.08","0.23","0.402371100460823","4,2,4,1,4,1,4,1,1,1,3,4,1,1,1,1,5,3,6,4,2,12,8,1,1,1,1,9,2,5,3,7,10,4,6,6,11,1,2,2,2,2,12,12,12,12,2,12,12,12,2,2,2,2,2,12,12,12,12,2,8,2,2,1,1,2,2,2,2,2,12,2,1,1,2,2,2,2,2,2,2,1,9,9,9,2,2,2,2,2,5,3,7,2,2,2,1,2,2,2,2,2,2,2,2,2,2,10,10,2,2,2,2,6,6,6,6,6,6,6,6,11,11,11,11,11,11,11,11","0.000700950622558594","walktrap","edit-xhwikibooks.graphml"
"0.68","0.09","0.23","0.40193188215425","4,2,4,1,4,1,4,1,1,1,3,4,1,1,1,1,5,3,6,4,2,12,8,1,1,1,1,9,2,5,3,7,10,4,6,6,11,1,2,2,2,2,12,12,12,12,2,12,12,12,2,2,2,2,2,12,12,12,12,2,8,2,2,1,1,2,2,2,2,2,12,2,1,1,2,2,2,2,2,2,2,1,9,9,9,2,2,2,2,2,5,3,7,2,2,2,1,2,2,2,2,2,2,2,2,2,2,10,10,2,2,2,2,6,6,6,6,6,6,6,6,11,11,11,11,11,11,11,11","0.000825881958007812","walktrap","edit-xhwikibooks.graphml"
"0.67","0.1","0.23","0.40193188215425","4,2,4,1,4,1,4,1,1,1,3,4,1,1,1,1,5,3,6,4,2,12,8,1,1,1,1,9,2,5,3,7,10,4,6,6,11,1,2,2,2,2,12,12,12,12,2,12,12,12,2,2,2,2,2,12,12,12,12,2,8,2,2,1,1,2,2,2,2,2,12,2,1,1,2,2,2,2,2,2,2,1,9,9,9,2,2,2,2,2,5,3,7,2,2,2,1,2,2,2,2,2,2,2,2,2,2,10,10,2,2,2,2,6,6,6,6,6,6,6,6,11,11,11,11,11,11,11,11","0.000696182250976562","walktrap","edit-xhwikibooks.graphml"
"0.66","0.11","0.23","0.401493559597351","4,2,4,1,4,1,4,1,1,1,3,4,1,1,1,1,5,3,6,4,2,12,8,1,1,1,1,9,2,5,3,7,10,4,6,6,11,1,2,2,2,2,12,12,12,12,2,12,12,12,2,2,2,2,2,12,12,12,12,2,8,2,2,1,1,2,2,2,2,2,12,2,1,1,2,2,2,2,2,2,2,1,9,9,9,2,2,2,2,2,5,3,7,2,2,2,1,2,2,2,2,2,2,2,2,2,2,10,10,2,2,2,2,6,6,6,6,6,6,6,6,11,11,11,11,11,11,11,11","0.000689983367919922","walktrap","edit-xhwikibooks.graphml"
"0.65","0.12","0.23","0.404382929857116","4,2,4,1,4,1,4,1,1,1,3,4,1,1,1,1,5,3,7,4,2,11,8,1,1,1,1,9,2,5,3,6,10,4,7,7,12,1,2,2,2,2,11,11,11,11,2,11,11,11,2,2,2,2,2,11,11,11,11,2,8,2,2,1,1,2,2,2,2,2,11,2,1,1,2,2,2,2,2,2,2,1,9,9,9,2,2,2,2,2,5,3,6,2,2,2,1,2,2,2,2,2,2,2,2,2,2,10,10,2,2,2,2,7,7,7,7,7,7,7,7,12,12,12,12,12,12,12,12","0.000690937042236328","walktrap","edit-xhwikibooks.graphml"
"0.64","0.13","0.23","0.403944457231103","4,2,4,1,4,1,4,1,1,1,3,4,1,1,1,1,5,3,7,4,2,11,8,1,1,1,1,9,2,5,3,6,10,4,7,7,12,1,2,2,2,2,11,11,11,11,2,11,11,11,2,2,2,2,2,11,11,11,11,2,8,2,2,1,1,2,2,2,2,2,11,2,1,1,2,2,2,2,2,2,2,1,9,9,9,2,2,2,2,2,5,3,6,2,2,2,1,2,2,2,2,2,2,2,2,2,2,10,10,2,2,2,2,7,7,7,7,7,7,7,7,12,12,12,12,12,12,12,12","0.000697135925292969","walktrap","edit-xhwikibooks.graphml"
"0.63","0.14","0.23","0.403944457231103","4,2,4,1,4,1,4,1,1,1,3,4,1,1,1,1,5,3,7,4,2,11,8,1,1,1,1,9,2,5,3,6,10,4,7,7,12,1,2,2,2,2,11,11,11,11,2,11,11,11,2,2,2,2,2,11,11,11,11,2,8,2,2,1,1,2,2,2,2,2,11,2,1,1,2,2,2,2,2,2,2,1,9,9,9,2,2,2,2,2,5,3,6,2,2,2,1,2,2,2,2,2,2,2,2,2,2,10,10,2,2,2,2,7,7,7,7,7,7,7,7,12,12,12,12,12,12,12,12","0.000674009323120117","walktrap","edit-xhwikibooks.graphml"
"0.62","0.15","0.23","0.406248331550585","4,2,4,1,4,1,4,1,1,1,3,4,1,1,1,1,5,3,8,4,2,11,7,1,1,1,1,9,2,5,3,6,10,4,8,8,12,1,2,2,2,2,11,11,11,11,2,11,11,11,2,2,2,2,2,11,11,11,11,2,7,2,2,1,1,2,2,2,2,2,11,2,1,1,2,2,2,2,2,2,2,1,9,9,9,2,2,2,2,2,5,3,6,2,2,2,1,2,2,2,2,2,2,2,2,2,2,10,10,2,2,2,2,8,8,8,8,8,8,8,8,12,12,12,12,12,12,12,12","0.000720977783203125","walktrap","edit-xhwikibooks.graphml"
"0.61","0.16","0.23","0.403943687661575","2,11,2,2,2,1,2,1,1,4,3,2,1,1,1,1,4,3,7,2,11,12,8,1,1,1,1,9,5,4,3,6,10,2,7,7,13,1,11,11,11,11,12,12,12,12,11,12,12,12,11,11,11,11,11,12,12,12,12,11,8,11,11,1,1,11,11,11,11,11,12,11,1,1,11,11,11,11,11,11,11,1,9,9,9,5,11,11,11,11,4,3,6,11,11,11,1,11,11,11,11,11,11,11,11,11,11,10,10,11,11,11,11,7,7,7,7,7,7,7,7,13,13,13,13,13,13,13,13","0.000704050064086914","walktrap","edit-xhwikibooks.graphml"
"0.6","0.17","0.23","0.404865565273728","2,11,2,2,2,1,2,1,1,4,3,2,1,1,1,1,4,3,7,2,11,12,8,1,1,1,1,9,5,4,3,6,10,2,7,7,13,1,11,11,11,11,12,12,12,12,11,12,12,12,11,11,11,11,11,12,12,12,12,11,8,11,11,1,1,11,11,11,11,11,12,11,1,1,11,11,11,11,11,11,11,1,9,9,9,5,11,11,11,11,4,3,6,11,11,11,1,11,11,11,11,11,11,11,11,11,11,10,10,11,11,11,11,7,7,7,7,7,7,7,7,13,13,13,13,13,13,13,13","0.00074005126953125","walktrap","edit-xhwikibooks.graphml"
"0.59","0.18","0.23","0.404865565273728","2,11,2,2,2,1,2,1,1,4,3,2,1,1,1,1,4,3,7,2,11,12,8,1,1,1,1,9,5,4,3,6,10,2,7,7,13,1,11,11,11,11,12,12,12,12,11,12,12,12,11,11,11,11,11,12,12,12,12,11,8,11,11,1,1,11,11,11,11,11,12,11,1,1,11,11,11,11,11,11,11,1,9,9,9,5,11,11,11,11,4,3,6,11,11,11,1,11,11,11,11,11,11,11,11,11,11,10,10,11,11,11,11,7,7,7,7,7,7,7,7,13,13,13,13,13,13,13,13","0.000890016555786133","walktrap","edit-xhwikibooks.graphml"
"0.58","0.19","0.23","0.404427021798204","2,11,2,2,2,1,2,1,1,4,3,2,1,1,1,1,4,3,7,2,11,12,8,1,1,1,1,9,5,4,3,6,10,2,7,7,13,1,11,11,11,11,12,12,12,12,11,12,12,12,11,11,11,11,11,12,12,12,12,11,8,11,11,1,1,11,11,11,11,11,12,11,1,1,11,11,11,11,11,11,11,1,9,9,9,5,11,11,11,11,4,3,6,11,11,11,1,11,11,11,11,11,11,11,11,11,11,10,10,11,11,11,11,7,7,7,7,7,7,7,7,13,13,13,13,13,13,13,13","0.000684022903442383","walktrap","edit-xhwikibooks.graphml"
"0.57","0.2","0.23","0.407217375019279","2,11,2,2,2,1,2,1,1,4,3,2,1,1,1,1,4,3,7,2,11,12,8,1,1,1,1,9,5,4,3,6,10,2,7,7,13,1,11,11,11,11,12,12,12,12,11,12,12,12,11,11,11,11,11,12,12,12,12,11,8,11,11,1,1,11,11,11,11,11,12,11,1,1,11,11,11,11,11,11,11,1,9,9,9,5,11,11,11,11,4,3,6,11,11,11,1,11,11,11,11,11,11,11,11,11,11,10,10,11,11,11,11,7,7,7,7,7,7,7,7,13,13,13,13,13,13,13,13","0.000687122344970703","walktrap","edit-xhwikibooks.graphml"
"0.56","0.21","0.23","0.40677890064656","2,11,2,2,2,1,2,1,1,4,3,2,1,1,1,1,4,3,7,2,11,12,8,1,1,1,1,9,5,4,3,6,10,2,7,7,13,1,11,11,11,11,12,12,12,12,11,12,12,12,11,11,11,11,11,12,12,12,12,11,8,11,11,1,1,11,11,11,11,11,12,11,1,1,11,11,11,11,11,11,11,1,9,9,9,5,11,11,11,11,4,3,6,11,11,11,1,11,11,11,11,11,11,11,11,11,11,10,10,11,11,11,11,7,7,7,7,7,7,7,7,13,13,13,13,13,13,13,13","0.000690937042236328","walktrap","edit-xhwikibooks.graphml"
"0.55","0.22","0.23","0.40677890064656","2,11,2,2,2,1,2,1,1,4,3,2,1,1,1,1,4,3,7,2,11,12,8,1,1,1,1,9,5,4,3,6,10,2,7,7,13,1,11,11,11,11,12,12,12,12,11,12,12,12,11,11,11,11,11,12,12,12,12,11,8,11,11,1,1,11,11,11,11,11,12,11,1,1,11,11,11,11,11,11,11,1,9,9,9,5,11,11,11,11,4,3,6,11,11,11,1,11,11,11,11,11,11,11,11,11,11,10,10,11,11,11,11,7,7,7,7,7,7,7,7,13,13,13,13,13,13,13,13","0.000697135925292969","walktrap","edit-xhwikibooks.graphml"
"0.54","0.23","0.23","0.400916284881299","2,11,2,2,2,1,2,1,1,4,3,2,1,1,1,1,4,3,7,2,11,12,8,1,1,1,1,9,5,4,3,6,10,2,7,7,13,1,11,11,11,11,12,12,12,12,11,12,12,12,11,11,11,11,11,12,12,12,12,11,8,11,11,1,1,11,11,11,11,11,12,11,1,1,11,11,11,11,11,11,11,1,9,9,9,5,11,11,11,11,4,3,6,11,11,11,1,11,11,11,11,11,11,11,11,11,11,10,10,11,11,11,11,7,7,7,7,7,7,7,7,13,13,13,13,13,13,13,13","0.00110697746276855","walktrap","edit-xhwikibooks.graphml"
"0.53","0.24","0.23","0.397250173571799","2,5,2,2,2,1,2,1,1,3,2,2,1,1,1,1,3,6,4,2,5,9,1,1,1,1,1,7,5,3,6,4,8,2,4,4,10,1,5,5,5,5,9,9,9,9,5,9,9,9,5,5,5,5,5,9,9,9,9,5,11,5,5,1,1,5,5,5,5,5,9,5,1,1,5,5,5,5,5,5,5,1,7,7,7,12,5,5,5,5,13,14,15,5,5,5,1,5,5,5,5,5,5,5,5,5,5,8,8,5,5,5,5,4,4,4,4,4,4,4,4,10,10,10,10,10,10,10,10","0.00114989280700684","walktrap","edit-xhwikibooks.graphml"
"0.52","0.25","0.23","0.401234670739044","2,5,2,2,2,1,2,1,1,3,2,2,1,1,1,1,3,6,4,2,5,9,1,1,1,1,1,7,5,3,6,4,8,2,4,4,10,1,5,5,5,5,9,9,9,9,5,9,9,9,5,5,5,5,5,9,9,9,9,5,11,5,5,1,1,5,5,5,5,5,9,5,1,1,5,5,5,5,5,5,5,1,7,7,7,12,5,5,5,5,13,14,15,5,5,5,1,5,5,5,5,5,5,5,5,5,5,8,8,5,5,5,5,4,4,4,4,4,4,4,4,10,10,10,10,10,10,10,10","0.00115108489990234","walktrap","edit-xhwikibooks.graphml"
"0.51","0.26","0.23","0.402768342391304","2,5,2,2,2,1,2,1,1,3,2,2,1,1,1,1,3,6,4,2,5,9,1,1,1,1,1,7,5,3,6,4,8,2,4,4,10,1,5,5,5,5,9,9,9,9,5,9,9,9,5,5,5,5,5,9,9,9,9,5,11,5,5,1,1,5,5,5,5,5,9,5,1,1,5,5,5,5,5,5,5,1,7,7,7,12,5,5,5,5,13,14,15,5,5,5,1,5,5,5,5,5,5,5,5,5,5,8,8,5,5,5,5,4,4,4,4,4,4,4,4,10,10,10,10,10,10,10,10","0.00113296508789062","walktrap","edit-xhwikibooks.graphml"
"0.5","0.27","0.23","0.402768342391304","2,5,2,2,2,1,2,1,1,3,2,2,1,1,1,1,3,6,4,2,5,9,1,1,1,1,1,7,5,3,6,4,8,2,4,4,10,1,5,5,5,5,9,9,9,9,5,9,9,9,5,5,5,5,5,9,9,9,9,5,11,5,5,1,1,5,5,5,5,5,9,5,1,1,5,5,5,5,5,5,5,1,7,7,7,12,5,5,5,5,13,14,15,5,5,5,1,5,5,5,5,5,5,5,5,5,5,8,8,5,5,5,5,4,4,4,4,4,4,4,4,10,10,10,10,10,10,10,10","0.00115585327148438","walktrap","edit-xhwikibooks.graphml"
"0.49","0.28","0.23","0.402329661670677","2,5,2,2,2,1,2,1,1,3,2,2,1,1,1,1,3,6,4,2,5,9,1,1,1,1,1,7,5,3,6,4,8,2,4,4,10,1,5,5,5,5,9,9,9,9,5,9,9,9,5,5,5,5,5,9,9,9,9,5,11,5,5,1,1,5,5,5,5,5,9,5,1,1,5,5,5,5,5,5,5,1,7,7,7,12,5,5,5,5,13,14,15,5,5,5,1,5,5,5,5,5,5,5,5,5,5,8,8,5,5,5,5,4,4,4,4,4,4,4,4,10,10,10,10,10,10,10,10","0.00118303298950195","walktrap","edit-xhwikibooks.graphml"
"0.48","0.29","0.23","0.405100701126673","2,5,2,2,2,1,2,1,1,3,2,2,1,1,1,1,3,6,4,2,5,9,1,1,1,1,1,7,5,3,6,4,8,2,4,4,10,1,5,5,5,5,9,9,9,9,5,9,9,9,5,5,5,5,5,9,9,9,9,5,11,5,5,1,1,5,5,5,5,5,9,5,1,1,5,5,5,5,5,5,5,1,7,7,7,12,5,5,5,5,13,14,15,5,5,5,1,5,5,5,5,5,5,5,5,5,5,8,8,5,5,5,5,4,4,4,4,4,4,4,4,10,10,10,10,10,10,10,10","0.00131916999816895","walktrap","edit-xhwikibooks.graphml"
"0.47","0.3","0.23","0.404662162162162","2,5,2,2,2,1,2,1,1,3,2,2,1,1,1,1,3,6,4,2,5,9,1,1,1,1,1,7,5,3,6,4,8,2,4,4,10,1,5,5,5,5,9,9,9,9,5,9,9,9,5,5,5,5,5,9,9,9,9,5,11,5,5,1,1,5,5,5,5,5,9,5,1,1,5,5,5,5,5,5,5,1,7,7,7,12,5,5,5,5,13,14,15,5,5,5,1,5,5,5,5,5,5,5,5,5,5,8,8,5,5,5,5,4,4,4,4,4,4,4,4,10,10,10,10,10,10,10,10","0.00115799903869629","walktrap","edit-xhwikibooks.graphml"
"0.46","0.31","0.23","0.401917582861466","2,5,2,2,2,1,2,1,1,4,2,2,1,1,1,1,4,6,3,2,5,9,1,1,1,1,1,7,5,4,6,3,8,2,3,3,10,1,5,5,5,5,9,9,9,9,5,9,9,9,5,5,5,5,5,9,9,9,9,5,11,5,5,1,1,5,5,5,5,5,9,5,1,1,5,5,5,5,5,5,5,1,7,7,7,12,5,5,5,5,13,14,15,5,5,5,1,5,5,5,5,5,5,5,5,5,5,8,8,5,5,5,5,3,3,3,3,3,3,3,3,10,10,10,10,10,10,10,10","0.00118803977966309","walktrap","edit-xhwikibooks.graphml"
"0.45","0.32","0.23","0.401480624257261","2,5,2,2,2,1,2,1,1,4,2,2,1,1,1,1,4,6,3,2,5,9,1,1,1,1,1,7,5,4,6,3,8,2,3,3,10,1,5,5,5,5,9,9,9,9,5,9,9,9,5,5,5,5,5,9,9,9,9,5,11,5,5,1,1,5,5,5,5,5,9,5,1,1,5,5,5,5,5,5,5,1,7,7,7,12,5,5,5,5,13,14,15,5,5,5,1,5,5,5,5,5,5,5,5,5,5,8,8,5,5,5,5,3,3,3,3,3,3,3,3,10,10,10,10,10,10,10,10","0.00118899345397949","walktrap","edit-xhwikibooks.graphml"
"0.44","0.33","0.23","0.401480624257261","2,5,2,2,2,1,2,1,1,4,2,2,1,1,1,1,4,6,3,2,5,9,1,1,1,1,1,7,5,4,6,3,8,2,3,3,10,1,5,5,5,5,9,9,9,9,5,9,9,9,5,5,5,5,5,9,9,9,9,5,11,5,5,1,1,5,5,5,5,5,9,5,1,1,5,5,5,5,5,5,5,1,7,7,7,12,5,5,5,5,13,14,15,5,5,5,1,5,5,5,5,5,5,5,5,5,5,8,8,5,5,5,5,3,3,3,3,3,3,3,3,10,10,10,10,10,10,10,10","0.00119113922119141","walktrap","edit-xhwikibooks.graphml"
"0.43","0.34","0.23","0.420631961105756","2,5,2,2,2,1,2,1,1,4,2,2,1,1,1,1,4,6,3,2,5,9,1,1,1,1,1,7,5,4,6,3,8,2,3,3,10,1,5,5,5,5,9,9,9,9,5,9,9,9,5,5,5,5,5,9,9,9,9,5,11,5,5,1,1,5,5,5,5,5,9,5,1,1,5,5,5,5,5,5,5,1,7,7,7,12,5,5,5,5,13,14,15,5,5,5,1,5,5,5,5,5,5,5,5,5,5,8,8,5,5,5,5,3,3,3,3,3,3,3,3,10,10,10,10,10,10,10,10","0.00119209289550781","walktrap","edit-xhwikibooks.graphml"
"0.42","0.35","0.23","0.420631961105756","2,5,2,2,2,1,2,1,1,4,2,2,1,1,1,1,4,6,3,2,5,9,1,1,1,1,1,7,5,4,6,3,8,2,3,3,10,1,5,5,5,5,9,9,9,9,5,9,9,9,5,5,5,5,5,9,9,9,9,5,11,5,5,1,1,5,5,5,5,5,9,5,1,1,5,5,5,5,5,5,5,1,7,7,7,12,5,5,5,5,13,14,15,5,5,5,1,5,5,5,5,5,5,5,5,5,5,8,8,5,5,5,5,3,3,3,3,3,3,3,3,10,10,10,10,10,10,10,10","0.00121307373046875","walktrap","edit-xhwikibooks.graphml"
"0.41","0.36","0.23","0.419749587077629","2,5,2,2,2,1,2,1,1,4,2,2,1,1,1,1,4,6,3,2,5,9,1,1,1,1,1,7,5,4,6,3,8,2,3,3,10,1,5,5,5,5,9,9,9,9,5,9,9,9,5,5,5,5,5,9,9,9,9,5,11,5,5,1,1,5,5,5,5,5,9,5,1,1,5,5,5,5,5,5,5,1,7,7,7,12,5,5,5,5,13,14,15,5,5,5,1,5,5,5,5,5,5,5,5,5,5,8,8,5,5,5,5,3,3,3,3,3,3,3,3,10,10,10,10,10,10,10,10","0.00121402740478516","walktrap","edit-xhwikibooks.graphml"
"0.4","0.37","0.23","0.419749587077629","2,5,2,2,2,1,2,1,1,4,2,2,1,1,1,1,4,6,3,2,5,9,1,1,1,1,1,7,5,4,6,3,8,2,3,3,10,1,5,5,5,5,9,9,9,9,5,9,9,9,5,5,5,5,5,9,9,9,9,5,11,5,5,1,1,5,5,5,5,5,9,5,1,1,5,5,5,5,5,5,5,1,7,7,7,12,5,5,5,5,13,14,15,5,5,5,1,5,5,5,5,5,5,5,5,5,5,8,8,5,5,5,5,3,3,3,3,3,3,3,3,10,10,10,10,10,10,10,10","0.00138497352600098","walktrap","edit-xhwikibooks.graphml"
"0.39","0.38","0.23","0.419309692539381","2,5,2,2,2,1,2,1,1,4,2,2,1,1,1,1,4,6,3,2,5,9,1,1,1,1,1,7,5,4,6,3,8,2,3,3,10,1,5,5,5,5,9,9,9,9,5,9,9,9,5,5,5,5,5,9,9,9,9,5,11,5,5,1,1,5,5,5,5,5,9,5,1,1,5,5,5,5,5,5,5,1,7,7,7,12,5,5,5,5,13,14,15,5,5,5,1,5,5,5,5,5,5,5,5,5,5,8,8,5,5,5,5,3,3,3,3,3,3,3,3,10,10,10,10,10,10,10,10","0.00114297866821289","walktrap","edit-xhwikibooks.graphml"
"0.38","0.39","0.23","0.414140607868076","2,7,2,2,2,4,2,4,4,6,2,2,3,4,4,1,6,8,5,2,7,10,3,3,4,4,4,1,7,6,8,5,9,2,5,5,11,4,7,7,7,7,10,10,10,10,7,10,10,10,7,7,7,7,7,10,10,10,10,7,12,7,7,3,4,7,7,7,7,7,10,7,4,4,7,7,7,7,7,7,7,4,1,1,1,13,7,7,7,7,14,15,16,7,7,7,1,7,7,7,7,7,7,7,7,7,7,9,9,7,7,7,7,5,5,5,5,5,5,5,5,11,11,11,11,11,11,11,11","0.000912189483642578","walktrap","edit-xhwikibooks.graphml"
"0.37","0.4","0.23","0.416410530419588","2,7,2,2,2,4,2,4,4,6,2,2,3,4,4,1,6,8,5,2,7,10,3,3,4,4,4,1,7,6,8,5,9,2,5,5,11,4,7,7,7,7,10,10,10,10,7,10,10,10,7,7,7,7,7,10,10,10,10,7,12,7,7,3,4,7,7,7,7,7,10,7,4,4,7,7,7,7,7,7,7,4,1,1,1,13,7,7,7,7,14,15,16,7,7,7,1,7,7,7,7,7,7,7,7,7,7,9,9,7,7,7,7,5,5,5,5,5,5,5,5,11,11,11,11,11,11,11,11","0.000725984573364258","walktrap","edit-xhwikibooks.graphml"
"0.36","0.41","0.23","0.416410530419588","2,7,2,2,2,4,2,4,4,6,2,2,3,4,4,1,6,8,5,2,7,10,3,3,4,4,4,1,7,6,8,5,9,2,5,5,11,4,7,7,7,7,10,10,10,10,7,10,10,10,7,7,7,7,7,10,10,10,10,7,12,7,7,3,4,7,7,7,7,7,10,7,4,4,7,7,7,7,7,7,7,4,1,1,1,13,7,7,7,7,14,15,16,7,7,7,1,7,7,7,7,7,7,7,7,7,7,9,9,7,7,7,7,5,5,5,5,5,5,5,5,11,11,11,11,11,11,11,11","0.000712871551513672","walktrap","edit-xhwikibooks.graphml"
"0.35","0.42","0.23","0.415973621764995","2,7,2,2,2,4,2,4,4,6,2,2,3,4,4,1,6,8,5,2,7,10,3,3,4,4,4,1,7,6,8,5,9,2,5,5,11,4,7,7,7,7,10,10,10,10,7,10,10,10,7,7,7,7,7,10,10,10,10,7,12,7,7,3,4,7,7,7,7,7,10,7,4,4,7,7,7,7,7,7,7,4,1,1,1,13,7,7,7,7,14,15,16,7,7,7,1,7,7,7,7,7,7,7,7,7,7,9,9,7,7,7,7,5,5,5,5,5,5,5,5,11,11,11,11,11,11,11,11","0.00070500373840332","walktrap","edit-xhwikibooks.graphml"
"0.34","0.43","0.23","0.418604229513349","2,7,2,2,2,4,2,4,4,6,2,2,3,4,4,1,6,8,5,2,7,10,3,3,4,4,4,1,7,6,8,5,9,2,5,5,11,4,7,7,7,7,10,10,10,10,7,10,10,10,7,7,7,7,7,10,10,10,10,7,12,7,7,3,4,7,7,7,7,7,10,7,4,4,7,7,7,7,7,7,7,4,1,1,1,13,7,7,7,7,14,15,16,7,7,7,1,7,7,7,7,7,7,7,7,7,7,9,9,7,7,7,7,5,5,5,5,5,5,5,5,11,11,11,11,11,11,11,11","0.000730037689208984","walktrap","edit-xhwikibooks.graphml"
"0.33","0.44","0.23","0.418167586335173","2,7,2,2,2,4,2,4,4,6,2,2,3,4,4,1,6,8,5,2,7,10,3,3,4,4,4,1,7,6,8,5,9,2,5,5,11,4,7,7,7,7,10,10,10,10,7,10,10,10,7,7,7,7,7,10,10,10,10,7,12,7,7,3,4,7,7,7,7,7,10,7,4,4,7,7,7,7,7,7,7,4,1,1,1,13,7,7,7,7,14,15,16,7,7,7,1,7,7,7,7,7,7,7,7,7,7,9,9,7,7,7,7,5,5,5,5,5,5,5,5,11,11,11,11,11,11,11,11","0.000694990158081055","walktrap","edit-xhwikibooks.graphml"
"0.32","0.45","0.23","0.420853492228832","2,7,2,2,2,4,2,4,4,6,2,2,3,4,4,1,6,8,5,2,7,10,3,3,4,4,4,1,7,6,8,5,9,2,5,5,11,4,7,7,7,7,10,10,10,10,7,10,10,10,7,7,7,7,7,10,10,10,10,7,12,7,7,3,4,7,7,7,7,7,10,7,4,4,7,7,7,7,7,7,7,4,1,1,1,13,7,7,7,7,14,15,16,7,7,7,1,7,7,7,7,7,7,7,7,7,7,9,9,7,7,7,7,5,5,5,5,5,5,5,5,11,11,11,11,11,11,11,11","0.000711917877197266","walktrap","edit-xhwikibooks.graphml"
"0.31","0.46","0.23","0.420416933657995","2,7,2,2,2,4,2,4,4,6,2,2,3,4,4,1,6,8,5,2,7,10,3,3,4,4,4,1,7,6,8,5,9,2,5,5,11,4,7,7,7,7,10,10,10,10,7,10,10,10,7,7,7,7,7,10,10,10,10,7,12,7,7,3,4,7,7,7,7,7,10,7,4,4,7,7,7,7,7,7,7,4,1,1,1,13,7,7,7,7,14,15,16,7,7,7,1,7,7,7,7,7,7,7,7,7,7,9,9,7,7,7,7,5,5,5,5,5,5,5,5,11,11,11,11,11,11,11,11","0.000697135925292969","walktrap","edit-xhwikibooks.graphml"
"0.3","0.47","0.23","0.413945053329974","1,5,1,1,2,1,2,1,1,1,2,2,1,1,1,1,9,2,3,4,5,8,1,1,1,1,1,6,5,10,11,3,4,4,3,3,7,1,5,5,5,5,8,8,8,8,5,8,8,8,5,5,5,5,5,8,8,8,8,5,12,5,5,13,14,5,5,5,5,5,8,5,1,1,5,5,5,5,5,5,5,15,6,6,6,16,5,5,5,5,17,18,19,5,5,5,20,5,5,5,5,5,5,5,5,5,5,21,22,5,5,5,5,3,3,3,3,3,3,3,3,7,7,7,7,7,7,7,7","0.000685930252075195","walktrap","edit-xhwikibooks.graphml"
"0.29","0.48","0.23","0.413510013977862","1,5,1,1,2,1,2,1,1,1,2,2,1,1,1,1,9,2,3,4,5,8,1,1,1,1,1,6,5,10,11,3,4,4,3,3,7,1,5,5,5,5,8,8,8,8,5,8,8,8,5,5,5,5,5,8,8,8,8,5,12,5,5,13,14,5,5,5,5,5,8,5,1,1,5,5,5,5,5,5,5,15,6,6,6,16,5,5,5,5,17,18,19,5,5,5,20,5,5,5,5,5,5,5,5,5,5,21,22,5,5,5,5,3,3,3,3,3,3,3,3,7,7,7,7,7,7,7,7","0.000684022903442383","walktrap","edit-xhwikibooks.graphml"
"0.28","0.49","0.23","0.413510013977862","1,5,1,1,2,1,2,1,1,1,2,2,1,1,1,1,9,2,3,4,5,8,1,1,1,1,1,6,5,10,11,3,4,4,3,3,7,1,5,5,5,5,8,8,8,8,5,8,8,8,5,5,5,5,5,8,8,8,8,5,12,5,5,13,14,5,5,5,5,5,8,5,1,1,5,5,5,5,5,5,5,15,6,6,6,16,5,5,5,5,17,18,19,5,5,5,20,5,5,5,5,5,5,5,5,5,5,21,22,5,5,5,5,3,3,3,3,3,3,3,3,7,7,7,7,7,7,7,7","0.00074005126953125","walktrap","edit-xhwikibooks.graphml"
"0.27","0.5","0.23","0.463640617906605","1,4,1,1,2,1,2,1,1,1,2,2,1,1,1,1,9,2,3,5,4,8,1,1,1,1,1,6,4,10,11,3,5,5,3,3,7,1,4,4,4,4,8,8,8,8,4,8,8,8,4,4,4,4,4,8,8,8,8,4,12,4,4,13,14,4,4,4,4,4,8,4,1,1,4,4,4,4,4,4,4,15,6,6,6,16,4,4,4,4,17,18,19,4,4,4,20,4,4,4,4,4,4,4,4,4,4,21,22,4,4,4,4,3,3,3,3,3,3,3,3,7,7,7,7,7,7,7,7","0.000729084014892578","walktrap","edit-xhwikibooks.graphml"
"0.26","0.51","0.23","0.463640617906605","1,4,1,1,2,1,2,1,1,1,2,2,1,1,1,1,9,2,3,5,4,8,1,1,1,1,1,6,4,10,11,3,5,5,3,3,7,1,4,4,4,4,8,8,8,8,4,8,8,8,4,4,4,4,4,8,8,8,8,4,12,4,4,13,14,4,4,4,4,4,8,4,1,1,4,4,4,4,4,4,4,15,6,6,6,16,4,4,4,4,17,18,19,4,4,4,20,4,4,4,4,4,4,4,4,4,4,21,22,4,4,4,4,3,3,3,3,3,3,3,3,7,7,7,7,7,7,7,7","0.00067901611328125","walktrap","edit-xhwikibooks.graphml"
"0.25","0.52","0.23","0.463640617906605","1,4,1,1,2,1,2,1,1,1,2,2,1,1,1,1,9,2,3,5,4,8,1,1,1,1,1,6,4,10,11,3,5,5,3,3,7,1,4,4,4,4,8,8,8,8,4,8,8,8,4,4,4,4,4,8,8,8,8,4,12,4,4,13,14,4,4,4,4,4,8,4,1,1,4,4,4,4,4,4,4,15,6,6,6,16,4,4,4,4,17,18,19,4,4,4,20,4,4,4,4,4,4,4,4,4,4,21,22,4,4,4,4,3,3,3,3,3,3,3,3,7,7,7,7,7,7,7,7","0.00067591667175293","walktrap","edit-xhwikibooks.graphml"
"0.24","0.53","0.23","0.463201506182451","1,4,1,1,2,1,2,1,1,1,2,2,1,1,1,1,9,2,3,5,4,8,1,1,1,1,1,6,4,10,11,3,5,5,3,3,7,1,4,4,4,4,8,8,8,8,4,8,8,8,4,4,4,4,4,8,8,8,8,4,12,4,4,13,14,4,4,4,4,4,8,4,1,1,4,4,4,4,4,4,4,15,6,6,6,16,4,4,4,4,17,18,19,4,4,4,20,4,4,4,4,4,4,4,4,4,4,21,22,4,4,4,4,3,3,3,3,3,3,3,3,7,7,7,7,7,7,7,7","0.000685930252075195","walktrap","edit-xhwikibooks.graphml"
"0.23","0.54","0.23","0.465733366748348","1,4,1,1,1,2,1,2,2,2,1,1,2,2,2,2,9,1,3,5,4,8,2,2,2,2,2,6,4,10,11,3,5,5,3,3,7,2,4,4,4,4,8,8,8,8,4,8,8,8,4,4,4,4,4,8,8,8,8,4,12,4,4,13,14,4,4,4,4,4,8,4,2,2,4,4,4,4,4,4,4,15,6,6,6,16,4,4,4,4,17,18,19,4,4,4,20,4,4,4,4,4,4,4,4,4,4,21,22,4,4,4,4,3,3,3,3,3,3,3,3,7,7,7,7,7,7,7,7","0.000685930252075195","walktrap","edit-xhwikibooks.graphml"
"0.22","0.55","0.23","0.465291462520736","1,4,1,1,1,2,1,2,2,2,1,1,2,2,2,2,9,1,3,5,4,8,2,2,2,2,2,6,4,10,11,3,5,5,3,3,7,2,4,4,4,4,8,8,8,8,4,8,8,8,4,4,4,4,4,8,8,8,8,4,12,4,4,13,14,4,4,4,4,4,8,4,2,2,4,4,4,4,4,4,4,15,6,6,6,16,4,4,4,4,17,18,19,4,4,4,20,4,4,4,4,4,4,4,4,4,4,21,22,4,4,4,4,3,3,3,3,3,3,3,3,7,7,7,7,7,7,7,7","0.000684976577758789","walktrap","edit-xhwikibooks.graphml"
"0.21","0.56","0.23","0.467119491961572","1,4,1,1,1,2,1,2,2,2,1,1,2,2,2,2,9,1,3,5,4,8,2,2,2,2,2,6,4,10,11,3,5,5,3,3,7,2,4,4,4,4,8,8,8,8,4,8,8,8,4,4,4,4,4,8,8,8,8,4,12,4,4,13,14,4,4,4,4,4,8,4,2,2,4,4,4,4,4,4,4,15,6,6,6,16,4,4,4,4,17,18,19,4,4,4,20,4,4,4,4,4,4,4,4,4,4,21,22,4,4,4,4,3,3,3,3,3,3,3,3,7,7,7,7,7,7,7,7","0.000700950622558594","walktrap","edit-xhwikibooks.graphml"
"0.2","0.57","0.23","0.466678941023498","1,4,1,1,1,2,1,2,2,2,1,1,2,2,2,2,9,1,3,5,4,8,2,2,2,2,2,6,4,10,11,3,5,5,3,3,7,2,4,4,4,4,8,8,8,8,4,8,8,8,4,4,4,4,4,8,8,8,8,4,12,4,4,13,14,4,4,4,4,4,8,4,2,2,4,4,4,4,4,4,4,15,6,6,6,16,4,4,4,4,17,18,19,4,4,4,20,4,4,4,4,4,4,4,4,4,4,21,22,4,4,4,4,3,3,3,3,3,3,3,3,7,7,7,7,7,7,7,7","0.000660896301269531","walktrap","edit-xhwikibooks.graphml"
"0.19","0.58","0.23","0.468813524275491","1,4,1,1,1,2,1,2,2,2,1,1,2,2,2,2,9,1,3,5,4,8,2,2,2,2,2,6,4,10,11,3,5,5,3,3,7,2,4,4,4,4,8,8,8,8,4,8,8,8,4,4,4,4,4,8,8,8,8,4,12,4,4,13,14,4,4,4,4,4,8,4,2,2,4,4,4,4,4,4,4,15,6,6,6,16,4,4,4,4,17,18,19,4,4,4,20,4,4,4,4,4,4,4,4,4,4,21,22,4,4,4,4,3,3,3,3,3,3,3,3,7,7,7,7,7,7,7,7","0.000677108764648438","walktrap","edit-xhwikibooks.graphml"
"0.18","0.59","0.23","0.469591614735336","1,4,1,1,1,2,1,2,2,2,1,1,2,2,2,2,9,1,3,5,4,8,2,2,2,2,2,6,4,10,11,3,5,5,3,3,7,2,4,4,4,4,8,8,8,8,4,8,8,8,4,4,4,4,4,8,8,8,8,4,12,4,4,13,14,4,4,4,4,4,8,4,2,2,4,4,4,4,4,4,4,15,6,6,6,16,4,4,4,4,17,18,19,4,4,4,20,4,4,4,4,4,4,4,4,4,4,21,22,4,4,4,4,3,3,3,3,3,3,3,3,7,7,7,7,7,7,7,7","0.00069880485534668","walktrap","edit-xhwikibooks.graphml"
"0.17","0.6","0.23","0.471764085964846","1,4,1,1,1,2,1,2,2,2,1,1,2,2,2,2,9,1,3,5,4,8,2,2,2,2,2,6,4,10,11,3,5,5,3,3,7,2,4,4,4,4,8,8,8,8,4,8,8,8,4,4,4,4,4,8,8,8,8,4,12,4,4,13,14,4,4,4,4,4,8,4,2,2,4,4,4,4,4,4,4,15,6,6,6,16,4,4,4,4,17,18,19,4,4,4,20,4,4,4,4,4,4,4,4,4,4,21,22,4,4,4,4,3,3,3,3,3,3,3,3,7,7,7,7,7,7,7,7","0.000686883926391602","walktrap","edit-xhwikibooks.graphml"
"0.16","0.61","0.23","0.471324881055363","1,4,1,1,1,2,1,2,2,2,1,1,2,2,2,2,9,1,3,5,4,8,2,2,2,2,2,6,4,10,11,3,5,5,3,3,7,2,4,4,4,4,8,8,8,8,4,8,8,8,4,4,4,4,4,8,8,8,8,4,12,4,4,13,14,4,4,4,4,4,8,4,2,2,4,4,4,4,4,4,4,15,6,6,6,16,4,4,4,4,17,18,19,4,4,4,20,4,4,4,4,4,4,4,4,4,4,21,22,4,4,4,4,3,3,3,3,3,3,3,3,7,7,7,7,7,7,7,7","0.000708818435668945","walktrap","edit-xhwikibooks.graphml"
"0.15","0.62","0.23","0.468885076304638","1,4,1,1,1,1,1,2,1,1,6,1,2,2,2,1,10,6,3,5,4,9,2,2,2,2,2,7,4,11,12,3,5,5,3,3,8,2,4,4,4,4,9,9,9,9,4,9,9,9,4,4,4,4,4,9,9,9,9,4,13,4,4,14,15,4,4,4,4,4,9,4,2,2,4,4,4,4,4,4,4,16,7,7,7,17,4,4,4,4,18,19,20,4,4,4,21,4,4,4,4,4,4,4,4,4,4,22,23,4,4,4,4,3,3,3,3,3,3,3,3,8,8,8,8,8,8,8,8","0.000673055648803711","walktrap","edit-xhwikibooks.graphml"
"0.14","0.63","0.23","0.468444572560052","1,4,1,1,1,1,1,2,1,1,6,1,2,2,2,1,10,6,3,5,4,9,2,2,2,2,2,7,4,11,12,3,5,5,3,3,8,2,4,4,4,4,9,9,9,9,4,9,9,9,4,4,4,4,4,9,9,9,9,4,13,4,4,14,15,4,4,4,4,4,9,4,2,2,4,4,4,4,4,4,4,16,7,7,7,17,4,4,4,4,18,19,20,4,4,4,21,4,4,4,4,4,4,4,4,4,4,22,23,4,4,4,4,3,3,3,3,3,3,3,3,8,8,8,8,8,8,8,8","0.000764846801757812","walktrap","edit-xhwikibooks.graphml"
"0.13","0.64","0.23","0.468444572560052","1,4,1,1,1,1,1,2,1,1,6,1,2,2,2,1,10,6,3,5,4,9,2,2,2,2,2,7,4,11,12,3,5,5,3,3,8,2,4,4,4,4,9,9,9,9,4,9,9,9,4,4,4,4,4,9,9,9,9,4,13,4,4,14,15,4,4,4,4,4,9,4,2,2,4,4,4,4,4,4,4,16,7,7,7,17,4,4,4,4,18,19,20,4,4,4,21,4,4,4,4,4,4,4,4,4,4,22,23,4,4,4,4,3,3,3,3,3,3,3,3,8,8,8,8,8,8,8,8","0.000661849975585938","walktrap","edit-xhwikibooks.graphml"
"0.12","0.65","0.23","0.468004817644623","1,4,1,1,1,1,1,2,1,1,6,1,2,2,2,1,10,6,3,5,4,9,2,2,2,2,2,7,4,11,12,3,5,5,3,3,8,2,4,4,4,4,9,9,9,9,4,9,9,9,4,4,4,4,4,9,9,9,9,4,13,4,4,14,15,4,4,4,4,4,9,4,2,2,4,4,4,4,4,4,4,16,7,7,7,17,4,4,4,4,18,19,20,4,4,4,21,4,4,4,4,4,4,4,4,4,4,22,23,4,4,4,4,3,3,3,3,3,3,3,3,8,8,8,8,8,8,8,8","0.000828027725219727","walktrap","edit-xhwikibooks.graphml"
"0.11","0.66","0.23","0.468004817644623","1,4,1,1,1,1,1,2,1,1,6,1,2,2,2,1,10,6,3,5,4,9,2,2,2,2,2,7,4,11,12,3,5,5,3,3,8,2,4,4,4,4,9,9,9,9,4,9,9,9,4,4,4,4,4,9,9,9,9,4,13,4,4,14,15,4,4,4,4,4,9,4,2,2,4,4,4,4,4,4,4,16,7,7,7,17,4,4,4,4,18,19,20,4,4,4,21,4,4,4,4,4,4,4,4,4,4,22,23,4,4,4,4,3,3,3,3,3,3,3,3,8,8,8,8,8,8,8,8","0.000656843185424805","walktrap","edit-xhwikibooks.graphml"
"0.1","0.67","0.23","0.483329220496444","1,4,1,1,1,1,1,2,1,1,6,5,2,2,2,1,10,6,3,5,4,9,2,2,2,2,2,7,4,11,12,3,5,5,3,3,8,2,4,4,4,4,9,9,9,9,4,9,9,9,4,4,4,4,4,9,9,9,9,4,13,4,4,14,15,4,4,4,4,4,9,4,2,2,4,4,4,4,4,4,4,16,7,7,7,17,4,4,4,4,18,19,20,4,4,4,21,4,4,4,4,4,4,4,4,4,4,22,23,4,4,4,4,3,3,3,3,3,3,3,3,8,8,8,8,8,8,8,8","0.00065302848815918","walktrap","edit-xhwikibooks.graphml"
"0.09","0.68","0.23","0.483329220496444","1,4,1,1,1,1,1,2,1,1,6,5,2,2,2,1,10,6,3,5,4,9,2,2,2,2,2,7,4,11,12,3,5,5,3,3,8,2,4,4,4,4,9,9,9,9,4,9,9,9,4,4,4,4,4,9,9,9,9,4,13,4,4,14,15,4,4,4,4,4,9,4,2,2,4,4,4,4,4,4,4,16,7,7,7,17,4,4,4,4,18,19,20,4,4,4,21,4,4,4,4,4,4,4,4,4,4,22,23,4,4,4,4,3,3,3,3,3,3,3,3,8,8,8,8,8,8,8,8","0.000689983367919922","walktrap","edit-xhwikibooks.graphml"
"0.08","0.69","0.23","0.483771955291044","1,4,1,1,1,1,1,2,1,1,6,5,2,2,2,1,10,6,3,5,4,9,2,2,2,2,2,7,4,11,12,3,5,5,3,3,8,2,4,4,4,4,9,9,9,9,4,9,9,9,4,4,4,4,4,9,9,9,9,4,13,4,4,14,15,4,4,4,4,4,9,4,2,2,4,4,4,4,4,4,4,16,7,7,7,17,4,4,4,4,18,19,20,4,4,4,21,4,4,4,4,4,4,4,4,4,4,22,23,4,4,4,4,3,3,3,3,3,3,3,3,8,8,8,8,8,8,8,8","0.000676155090332031","walktrap","edit-xhwikibooks.graphml"
"0.07","0.7","0.23","0.471992047809027","4,1,4,2,11,2,6,3,2,2,6,12,3,3,3,5,13,14,8,7,1,10,15,3,3,3,3,5,1,16,17,18,7,19,8,8,9,3,1,1,1,1,10,10,10,10,1,10,10,10,1,1,1,1,1,10,10,10,10,1,20,1,1,21,22,1,1,1,1,1,10,1,23,24,1,1,1,1,1,1,1,25,26,27,28,29,1,1,1,1,30,31,32,1,1,1,33,1,1,1,1,1,1,1,1,1,1,34,35,1,1,1,1,8,8,8,8,8,8,8,8,9,9,9,9,9,9,9,9","0.000662088394165039","walktrap","edit-xhwikibooks.graphml"
"0.06","0.71","0.23","0.471548621780118","4,1,4,2,11,2,6,3,2,2,6,12,3,3,3,5,13,14,8,7,1,10,15,3,3,3,3,5,1,16,17,18,7,19,8,8,9,3,1,1,1,1,10,10,10,10,1,10,10,10,1,1,1,1,1,10,10,10,10,1,20,1,1,21,22,1,1,1,1,1,10,1,23,24,1,1,1,1,1,1,1,25,26,27,28,29,1,1,1,1,30,31,32,1,1,1,33,1,1,1,1,1,1,1,1,1,1,34,35,1,1,1,1,8,8,8,8,8,8,8,8,9,9,9,9,9,9,9,9","0.000651121139526367","walktrap","edit-xhwikibooks.graphml"
"0.05","0.72","0.23","0.473672665080309","4,1,4,2,11,2,6,3,2,2,6,12,3,3,3,5,13,14,8,7,1,10,15,3,3,3,3,5,1,16,17,18,7,19,8,8,9,3,1,1,1,1,10,10,10,10,1,10,10,10,1,1,1,1,1,10,10,10,10,1,20,1,1,21,22,1,1,1,1,1,10,1,23,24,1,1,1,1,1,1,1,25,26,27,28,29,1,1,1,1,30,31,32,1,1,1,33,1,1,1,1,1,1,1,1,1,1,34,35,1,1,1,1,8,8,8,8,8,8,8,8,9,9,9,9,9,9,9,9","0.000622987747192383","walktrap","edit-xhwikibooks.graphml"
"0.04","0.73","0.23","0.47323011508202","4,1,4,2,11,2,6,3,2,2,6,12,3,3,3,5,13,14,8,7,1,10,15,3,3,3,3,5,1,16,17,18,7,19,8,8,9,3,1,1,1,1,10,10,10,10,1,10,10,10,1,1,1,1,1,10,10,10,10,1,20,1,1,21,22,1,1,1,1,1,10,1,23,24,1,1,1,1,1,1,1,25,26,27,28,29,1,1,1,1,30,31,32,1,1,1,33,1,1,1,1,1,1,1,1,1,1,34,35,1,1,1,1,8,8,8,8,8,8,8,8,9,9,9,9,9,9,9,9","0.000912904739379883","walktrap","edit-xhwikibooks.graphml"
"0.03","0.74","0.23","0.473672665080309","4,1,4,2,11,2,6,3,2,2,6,12,3,3,3,5,13,14,8,7,1,10,15,3,3,3,3,5,1,16,17,18,7,19,8,8,9,3,1,1,1,1,10,10,10,10,1,10,10,10,1,1,1,1,1,10,10,10,10,1,20,1,1,21,22,1,1,1,1,1,10,1,23,24,1,1,1,1,1,1,1,25,26,27,28,29,1,1,1,1,30,31,32,1,1,1,33,1,1,1,1,1,1,1,1,1,1,34,35,1,1,1,1,8,8,8,8,8,8,8,8,9,9,9,9,9,9,9,9","0.000756025314331055","walktrap","edit-xhwikibooks.graphml"
"0.02","0.75","0.23","0.476665596427561","4,1,4,2,11,2,6,3,2,2,6,12,3,3,3,5,13,14,8,7,1,10,15,3,3,3,3,5,1,16,17,18,7,19,8,8,9,3,1,1,1,1,10,10,10,10,1,10,10,10,1,1,1,1,1,10,10,10,10,1,20,1,1,21,22,1,1,1,1,1,10,1,23,24,1,1,1,1,1,1,1,25,26,27,28,29,1,1,1,1,30,31,32,1,1,1,33,1,1,1,1,1,1,1,1,1,1,34,35,1,1,1,1,8,8,8,8,8,8,8,8,9,9,9,9,9,9,9,9","0.000686883926391602","walktrap","edit-xhwikibooks.graphml"
"0.01","0.76","0.23","0.476223324150597","4,1,4,2,11,2,6,3,2,2,6,12,3,3,3,5,13,14,8,7,1,10,15,3,3,3,3,5,1,16,17,18,7,19,8,8,9,3,1,1,1,1,10,10,10,10,1,10,10,10,1,1,1,1,1,10,10,10,10,1,20,1,1,21,22,1,1,1,1,1,10,1,23,24,1,1,1,1,1,1,1,25,26,27,28,29,1,1,1,1,30,31,32,1,1,1,33,1,1,1,1,1,1,1,1,1,1,34,35,1,1,1,1,8,8,8,8,8,8,8,8,9,9,9,9,9,9,9,9","0.000658988952636719","walktrap","edit-xhwikibooks.graphml"
"0","0.77","0.23","0.458489788649494","6,8,6,1,11,1,4,2,1,1,4,12,2,2,2,3,13,14,7,5,8,10,15,2,2,2,2,3,6,16,17,18,5,19,7,7,9,2,8,8,8,8,10,10,10,10,8,10,10,10,8,8,8,8,8,10,10,10,10,8,20,8,8,21,22,8,8,8,8,8,10,8,23,24,8,8,8,8,8,8,8,25,26,27,28,29,8,8,8,8,30,31,32,8,8,8,33,8,8,8,8,8,8,8,8,8,8,34,35,8,8,8,8,7,7,7,7,7,7,7,7,9,9,9,9,9,9,9,9","0.00070500373840332","walktrap","edit-xhwikibooks.graphml"
"0.76","0","0.24","0.381900292705459","4,2,4,1,4,1,4,1,1,1,3,4,1,1,1,1,5,3,6,4,2,11,8,1,1,1,1,9,2,5,3,7,10,4,6,6,12,1,2,2,2,2,11,11,11,11,2,11,11,11,2,2,2,2,2,11,11,11,11,2,8,2,2,1,1,2,2,2,2,2,11,2,1,1,2,2,2,2,2,2,2,1,9,9,9,2,2,2,2,2,5,3,7,2,2,2,1,2,2,2,2,2,2,2,2,2,2,10,10,2,2,2,2,6,6,6,6,6,6,6,6,12,12,12,12,12,12,12,12","0.00073695182800293","walktrap","edit-xhwikibooks.graphml"
"0.75","0.01","0.24","0.381900292705459","4,2,4,1,4,1,4,1,1,1,3,4,1,1,1,1,5,3,6,4,2,11,8,1,1,1,1,9,2,5,3,7,10,4,6,6,12,1,2,2,2,2,11,11,11,11,2,11,11,11,2,2,2,2,2,11,11,11,11,2,8,2,2,1,1,2,2,2,2,2,11,2,1,1,2,2,2,2,2,2,2,1,9,9,9,2,2,2,2,2,5,3,7,2,2,2,1,2,2,2,2,2,2,2,2,2,2,10,10,2,2,2,2,6,6,6,6,6,6,6,6,12,12,12,12,12,12,12,12","0.000742912292480469","walktrap","edit-xhwikibooks.graphml"
"0.74","0.02","0.24","0.383417963664043","4,2,4,1,4,1,4,1,1,1,3,4,1,1,1,1,5,3,6,4,2,11,8,1,1,1,1,9,2,5,3,7,10,4,6,6,12,1,2,2,2,2,11,11,11,11,2,11,11,11,2,2,2,2,2,11,11,11,11,2,8,2,2,1,1,2,2,2,2,2,11,2,1,1,2,2,2,2,2,2,2,1,9,9,9,2,2,2,2,2,5,3,7,2,2,2,1,2,2,2,2,2,2,2,2,2,2,10,10,2,2,2,2,6,6,6,6,6,6,6,6,12,12,12,12,12,12,12,12","0.000729084014892578","walktrap","edit-xhwikibooks.graphml"
"0.73","0.03","0.24","0.383016857440166","4,2,4,1,4,1,4,1,1,1,3,4,1,1,1,1,5,3,6,4,2,11,8,1,1,1,1,9,2,5,3,7,10,4,6,6,12,1,2,2,2,2,11,11,11,11,2,11,11,11,2,2,2,2,2,11,11,11,11,2,8,2,2,1,1,2,2,2,2,2,11,2,1,1,2,2,2,2,2,2,2,1,9,9,9,2,2,2,2,2,5,3,7,2,2,2,1,2,2,2,2,2,2,2,2,2,2,10,10,2,2,2,2,6,6,6,6,6,6,6,6,12,12,12,12,12,12,12,12","0.000744104385375977","walktrap","edit-xhwikibooks.graphml"
"0.72","0.04","0.24","0.383016857440166","4,2,4,1,4,1,4,1,1,1,3,4,1,1,1,1,5,3,6,4,2,11,8,1,1,1,1,9,2,5,3,7,10,4,6,6,12,1,2,2,2,2,11,11,11,11,2,11,11,11,2,2,2,2,2,11,11,11,11,2,8,2,2,1,1,2,2,2,2,2,11,2,1,1,2,2,2,2,2,2,2,1,9,9,9,2,2,2,2,2,5,3,7,2,2,2,1,2,2,2,2,2,2,2,2,2,2,10,10,2,2,2,2,6,6,6,6,6,6,6,6,12,12,12,12,12,12,12,12","0.000782966613769531","walktrap","edit-xhwikibooks.graphml"
"0.71","0.05","0.24","0.382616544000425","4,2,4,1,4,1,4,1,1,1,3,4,1,1,1,1,5,3,6,4,2,11,8,1,1,1,1,9,2,5,3,7,10,4,6,6,12,1,2,2,2,2,11,11,11,11,2,11,11,11,2,2,2,2,2,11,11,11,11,2,8,2,2,1,1,2,2,2,2,2,11,2,1,1,2,2,2,2,2,2,2,1,9,9,9,2,2,2,2,2,5,3,7,2,2,2,1,2,2,2,2,2,2,2,2,2,2,10,10,2,2,2,2,6,6,6,6,6,6,6,6,12,12,12,12,12,12,12,12","0.000715970993041992","walktrap","edit-xhwikibooks.graphml"
"0.7","0.06","0.24","0.382616544000425","4,2,4,1,4,1,4,1,1,1,3,4,1,1,1,1,5,3,6,4,2,11,8,1,1,1,1,9,2,5,3,7,10,4,6,6,12,1,2,2,2,2,11,11,11,11,2,11,11,11,2,2,2,2,2,11,11,11,11,2,8,2,2,1,1,2,2,2,2,2,11,2,1,1,2,2,2,2,2,2,2,1,9,9,9,2,2,2,2,2,5,3,7,2,2,2,1,2,2,2,2,2,2,2,2,2,2,10,10,2,2,2,2,6,6,6,6,6,6,6,6,12,12,12,12,12,12,12,12","0.000695943832397461","walktrap","edit-xhwikibooks.graphml"
"0.69","0.07","0.24","0.38221702121316","4,2,4,1,4,1,4,1,1,1,3,4,1,1,1,1,5,3,6,4,2,11,8,1,1,1,1,9,2,5,3,7,10,4,6,6,12,1,2,2,2,2,11,11,11,11,2,11,11,11,2,2,2,2,2,11,11,11,11,2,8,2,2,1,1,2,2,2,2,2,11,2,1,1,2,2,2,2,2,2,2,1,9,9,9,2,2,2,2,2,5,3,7,2,2,2,1,2,2,2,2,2,2,2,2,2,2,10,10,2,2,2,2,6,6,6,6,6,6,6,6,12,12,12,12,12,12,12,12","0.000679969787597656","walktrap","edit-xhwikibooks.graphml"
"0.68","0.08","0.24","0.383633963560907","4,2,4,1,4,1,4,1,1,1,3,4,1,1,1,1,5,3,6,4,2,12,8,1,1,1,1,9,2,5,3,7,10,4,6,6,11,1,2,2,2,2,12,12,12,12,2,12,12,12,2,2,2,2,2,12,12,12,12,2,8,2,2,1,1,2,2,2,2,2,12,2,1,1,2,2,2,2,2,2,2,1,9,9,9,2,2,2,2,2,5,3,7,2,2,2,1,2,2,2,2,2,2,2,2,2,2,10,10,2,2,2,2,6,6,6,6,6,6,6,6,11,11,11,11,11,11,11,11","0.00088191032409668","walktrap","edit-xhwikibooks.graphml"
"0.67","0.09","0.24","0.383234652899195","4,2,4,1,4,1,4,1,1,1,3,4,1,1,1,1,5,3,6,4,2,12,8,1,1,1,1,9,2,5,3,7,10,4,6,6,11,1,2,2,2,2,12,12,12,12,2,12,12,12,2,2,2,2,2,12,12,12,12,2,8,2,2,1,1,2,2,2,2,2,12,2,1,1,2,2,2,2,2,2,2,1,9,9,9,2,2,2,2,2,5,3,7,2,2,2,1,2,2,2,2,2,2,2,2,2,2,10,10,2,2,2,2,6,6,6,6,6,6,6,6,11,11,11,11,11,11,11,11","0.000692129135131836","walktrap","edit-xhwikibooks.graphml"
"0.66","0.1","0.24","0.383234652899195","4,2,4,1,4,1,4,1,1,1,3,4,1,1,1,1,5,3,6,4,2,12,8,1,1,1,1,9,2,5,3,7,10,4,6,6,11,1,2,2,2,2,12,12,12,12,2,12,12,12,2,2,2,2,2,12,12,12,12,2,8,2,2,1,1,2,2,2,2,2,12,2,1,1,2,2,2,2,2,2,2,1,9,9,9,2,2,2,2,2,5,3,7,2,2,2,1,2,2,2,2,2,2,2,2,2,2,10,10,2,2,2,2,6,6,6,6,6,6,6,6,11,11,11,11,11,11,11,11","0.000701904296875","walktrap","edit-xhwikibooks.graphml"
"0.65","0.11","0.24","0.382836127547666","4,2,4,1,4,1,4,1,1,1,3,4,1,1,1,1,5,3,6,4,2,12,8,1,1,1,1,9,2,5,3,7,10,4,6,6,11,1,2,2,2,2,12,12,12,12,2,12,12,12,2,2,2,2,2,12,12,12,12,2,8,2,2,1,1,2,2,2,2,2,12,2,1,1,2,2,2,2,2,2,2,1,9,9,9,2,2,2,2,2,5,3,7,2,2,2,1,2,2,2,2,2,2,2,2,2,2,10,10,2,2,2,2,6,6,6,6,6,6,6,6,11,11,11,11,11,11,11,11","0.000701189041137695","walktrap","edit-xhwikibooks.graphml"
"0.64","0.12","0.24","0.385661887350292","4,2,4,1,4,1,4,1,1,1,3,4,1,1,1,1,5,3,7,4,2,11,8,1,1,1,1,9,2,5,3,6,10,4,7,7,12,1,2,2,2,2,11,11,11,11,2,11,11,11,2,2,2,2,2,11,11,11,11,2,8,2,2,1,1,2,2,2,2,2,11,2,1,1,2,2,2,2,2,2,2,1,9,9,9,2,2,2,2,2,5,3,6,2,2,2,1,2,2,2,2,2,2,2,2,2,2,10,10,2,2,2,2,7,7,7,7,7,7,7,7,12,12,12,12,12,12,12,12","0.000702142715454102","walktrap","edit-xhwikibooks.graphml"
"0.63","0.13","0.24","0.385262987918557","4,2,4,1,4,1,4,1,1,1,3,4,1,1,1,1,5,3,7,4,2,11,8,1,1,1,1,9,2,5,3,6,10,4,7,7,12,1,2,2,2,2,11,11,11,11,2,11,11,11,2,2,2,2,2,11,11,11,11,2,8,2,2,1,1,2,2,2,2,2,11,2,1,1,2,2,2,2,2,2,2,1,9,9,9,2,2,2,2,2,5,3,6,2,2,2,1,2,2,2,2,2,2,2,2,2,2,10,10,2,2,2,2,7,7,7,7,7,7,7,7,12,12,12,12,12,12,12,12","0.000713825225830078","walktrap","edit-xhwikibooks.graphml"
"0.62","0.14","0.24","0.385262987918557","4,2,4,1,4,1,4,1,1,1,3,4,1,1,1,1,5,3,7,4,2,11,8,1,1,1,1,9,2,5,3,6,10,4,7,7,12,1,2,2,2,2,11,11,11,11,2,11,11,11,2,2,2,2,2,11,11,11,11,2,8,2,2,1,1,2,2,2,2,2,11,2,1,1,2,2,2,2,2,2,2,1,9,9,9,2,2,2,2,2,5,3,6,2,2,2,1,2,2,2,2,2,2,2,2,2,2,10,10,2,2,2,2,7,7,7,7,7,7,7,7,12,12,12,12,12,12,12,12","0.000697851181030273","walktrap","edit-xhwikibooks.graphml"
"0.61","0.15","0.24","0.387555924609418","4,2,4,1,4,1,4,1,1,1,3,4,1,1,1,1,5,3,8,4,2,11,7,1,1,1,1,9,2,5,3,6,10,4,8,8,12,1,2,2,2,2,11,11,11,11,2,11,11,11,2,2,2,2,2,11,11,11,11,2,7,2,2,1,1,2,2,2,2,2,11,2,1,1,2,2,2,2,2,2,2,1,9,9,9,2,2,2,2,2,5,3,6,2,2,2,1,2,2,2,2,2,2,2,2,2,2,10,10,2,2,2,2,8,8,8,8,8,8,8,8,12,12,12,12,12,12,12,12","0.000753164291381836","walktrap","edit-xhwikibooks.graphml"
"0.6","0.16","0.24","0.388543089231879","4,2,4,1,4,1,4,1,1,1,3,4,1,1,1,1,5,3,8,4,2,11,7,1,1,1,1,9,2,5,3,6,10,4,8,8,12,1,2,2,2,2,11,11,11,11,2,11,11,11,2,2,2,2,2,11,11,11,11,2,7,2,2,1,1,2,2,2,2,2,11,2,1,1,2,2,2,2,2,2,2,1,9,9,9,2,2,2,2,2,5,3,6,2,2,2,1,2,2,2,2,2,2,2,2,2,2,10,10,2,2,2,2,8,8,8,8,8,8,8,8,12,12,12,12,12,12,12,12","0.000765085220336914","walktrap","edit-xhwikibooks.graphml"
"0.59","0.17","0.24","0.388127468792217","4,2,4,1,4,1,4,1,1,1,3,4,1,1,1,1,5,3,8,4,2,11,7,1,1,1,1,9,2,5,3,6,10,4,8,8,12,1,2,2,2,2,11,11,11,11,2,11,11,11,2,2,2,2,2,11,11,11,11,2,7,2,2,1,1,2,2,2,2,2,11,2,1,1,2,2,2,2,2,2,2,1,9,9,9,2,2,2,2,2,5,3,6,2,2,2,1,2,2,2,2,2,2,2,2,2,2,10,10,2,2,2,2,8,8,8,8,8,8,8,8,12,12,12,12,12,12,12,12","0.000848054885864258","walktrap","edit-xhwikibooks.graphml"
"0.58","0.18","0.24","0.388127468792217","4,2,4,1,4,1,4,1,1,1,3,4,1,1,1,1,5,3,8,4,2,11,7,1,1,1,1,9,2,5,3,6,10,4,8,8,12,1,2,2,2,2,11,11,11,11,2,11,11,11,2,2,2,2,2,11,11,11,11,2,7,2,2,1,1,2,2,2,2,2,11,2,1,1,2,2,2,2,2,2,2,1,9,9,9,2,2,2,2,2,5,3,6,2,2,2,1,2,2,2,2,2,2,2,2,2,2,10,10,2,2,2,2,8,8,8,8,8,8,8,8,12,12,12,12,12,12,12,12","0.000689029693603516","walktrap","edit-xhwikibooks.graphml"
"0.57","0.19","0.24","0.387730331677616","4,2,4,1,4,1,4,1,1,1,3,4,1,1,1,1,5,3,8,4,2,11,7,1,1,1,1,9,2,5,3,6,10,4,8,8,12,1,2,2,2,2,11,11,11,11,2,11,11,11,2,2,2,2,2,11,11,11,11,2,7,2,2,1,1,2,2,2,2,2,11,2,1,1,2,2,2,2,2,2,2,1,9,9,9,2,2,2,2,2,5,3,6,2,2,2,1,2,2,2,2,2,2,2,2,2,2,10,10,2,2,2,2,8,8,8,8,8,8,8,8,12,12,12,12,12,12,12,12","0.000684022903442383","walktrap","edit-xhwikibooks.graphml"
"0.56","0.2","0.24","0.39040101137639","4,2,4,1,4,1,4,1,1,1,3,4,1,1,1,1,5,3,8,4,2,11,7,1,1,1,1,9,2,5,3,6,10,4,8,8,12,1,2,2,2,2,11,11,11,11,2,11,11,11,2,2,2,2,2,11,11,11,11,2,7,2,2,1,1,2,2,2,2,2,11,2,1,1,2,2,2,2,2,2,2,1,9,9,9,2,2,2,2,2,5,3,6,2,2,2,1,2,2,2,2,2,2,2,2,2,2,10,10,2,2,2,2,8,8,8,8,8,8,8,8,12,12,12,12,12,12,12,12","0.000698089599609375","walktrap","edit-xhwikibooks.graphml"
"0.55","0.21","0.24","0.386726652447895","2,11,2,2,2,1,2,1,1,4,3,2,1,1,1,1,4,3,7,2,11,12,8,1,1,1,1,9,5,4,3,6,10,2,7,7,13,1,11,11,11,11,12,12,12,12,11,12,12,12,11,11,11,11,11,12,12,12,12,11,8,11,11,1,1,11,11,11,11,11,12,11,1,1,11,11,11,11,11,11,11,1,9,9,9,5,11,11,11,11,4,3,6,11,11,11,1,11,11,11,11,11,11,11,11,11,11,10,10,11,11,11,11,7,7,7,7,7,7,7,7,13,13,13,13,13,13,13,13","0.000691890716552734","walktrap","edit-xhwikibooks.graphml"
"0.54","0.22","0.24","0.386726652447895","2,11,2,2,2,1,2,1,1,4,3,2,1,1,1,1,4,3,7,2,11,12,8,1,1,1,1,9,5,4,3,6,10,2,7,7,13,1,11,11,11,11,12,12,12,12,11,12,12,12,11,11,11,11,11,12,12,12,12,11,8,11,11,1,1,11,11,11,11,11,12,11,1,1,11,11,11,11,11,11,11,1,9,9,9,5,11,11,11,11,4,3,6,11,11,11,1,11,11,11,11,11,11,11,11,11,11,10,10,11,11,11,11,7,7,7,7,7,7,7,7,13,13,13,13,13,13,13,13","0.000756025314331055","walktrap","edit-xhwikibooks.graphml"
"0.53","0.23","0.24","0.389098702131069","2,11,2,2,2,1,2,1,1,4,3,2,1,1,1,1,4,3,7,2,11,12,8,1,1,1,1,9,5,4,3,6,10,2,7,7,13,1,11,11,11,11,12,12,12,12,11,12,12,12,11,11,11,11,11,12,12,12,12,11,8,11,11,1,1,11,11,11,11,11,12,11,1,1,11,11,11,11,11,11,11,1,9,9,9,5,11,11,11,11,4,3,6,11,11,11,1,11,11,11,11,11,11,11,11,11,11,10,10,11,11,11,11,7,7,7,7,7,7,7,7,13,13,13,13,13,13,13,13","0.000676870346069336","walktrap","edit-xhwikibooks.graphml"
"0.52","0.24","0.24","0.390471342425293","2,11,2,2,2,1,2,1,1,4,3,2,1,1,1,1,4,3,7,2,11,12,8,1,1,1,1,9,5,4,3,6,10,2,7,7,13,1,11,11,11,11,12,12,12,12,11,12,12,12,11,11,11,11,11,12,12,12,12,11,8,11,11,1,1,11,11,11,11,11,12,11,1,1,11,11,11,11,11,11,11,1,9,9,9,5,11,11,11,11,4,3,6,11,11,11,1,11,11,11,11,11,11,11,11,11,11,10,10,11,11,11,11,7,7,7,7,7,7,7,7,13,13,13,13,13,13,13,13","0.000686883926391602","walktrap","edit-xhwikibooks.graphml"
"0.51","0.25","0.24","0.389794079235881","2,5,2,2,2,1,2,1,1,3,2,2,1,1,1,1,3,6,4,2,5,9,1,1,1,1,1,7,5,3,6,4,8,2,4,4,10,1,5,5,5,5,9,9,9,9,5,9,9,9,5,5,5,5,5,9,9,9,9,5,11,5,5,1,1,5,5,5,5,5,9,5,1,1,5,5,5,5,5,5,5,1,7,7,7,12,5,5,5,5,13,14,15,5,5,5,1,5,5,5,5,5,5,5,5,5,5,8,8,5,5,5,5,4,4,4,4,4,4,4,4,10,10,10,10,10,10,10,10","0.000674962997436523","walktrap","edit-xhwikibooks.graphml"
"0.5","0.26","0.24","0.391256208940875","2,5,2,2,2,1,2,1,1,3,2,2,1,1,1,1,3,6,4,2,5,9,1,1,1,1,1,7,5,3,6,4,8,2,4,4,10,1,5,5,5,5,9,9,9,9,5,9,9,9,5,5,5,5,5,9,9,9,9,5,11,5,5,1,1,5,5,5,5,5,9,5,1,1,5,5,5,5,5,5,5,1,7,7,7,12,5,5,5,5,13,14,15,5,5,5,1,5,5,5,5,5,5,5,5,5,5,8,8,5,5,5,5,4,4,4,4,4,4,4,4,10,10,10,10,10,10,10,10","0.000700950622558594","walktrap","edit-xhwikibooks.graphml"
"0.49","0.27","0.24","0.391256208940875","2,5,2,2,2,1,2,1,1,3,2,2,1,1,1,1,3,6,4,2,5,9,1,1,1,1,1,7,5,3,6,4,8,2,4,4,10,1,5,5,5,5,9,9,9,9,5,9,9,9,5,5,5,5,5,9,9,9,9,5,11,5,5,1,1,5,5,5,5,5,9,5,1,1,5,5,5,5,5,5,5,1,7,7,7,12,5,5,5,5,13,14,15,5,5,5,1,5,5,5,5,5,5,5,5,5,5,8,8,5,5,5,5,4,4,4,4,4,4,4,4,10,10,10,10,10,10,10,10","0.000680923461914062","walktrap","edit-xhwikibooks.graphml"
"0.48","0.28","0.24","0.390855723603562","2,5,2,2,2,1,2,1,1,3,2,2,1,1,1,1,3,6,4,2,5,9,1,1,1,1,1,7,5,3,6,4,8,2,4,4,10,1,5,5,5,5,9,9,9,9,5,9,9,9,5,5,5,5,5,9,9,9,9,5,11,5,5,1,1,5,5,5,5,5,9,5,1,1,5,5,5,5,5,5,5,1,7,7,7,12,5,5,5,5,13,14,15,5,5,5,1,5,5,5,5,5,5,5,5,5,5,8,8,5,5,5,5,4,4,4,4,4,4,4,4,10,10,10,10,10,10,10,10","0.000674009323120117","walktrap","edit-xhwikibooks.graphml"
"0.47","0.29","0.24","0.412790833122763","2,5,2,2,2,1,2,1,1,3,2,2,1,1,1,1,3,6,4,2,5,9,1,1,1,1,1,7,5,3,6,4,8,2,4,4,10,1,5,5,5,5,9,9,9,9,5,9,9,9,5,5,5,5,5,9,9,9,9,5,11,5,5,1,1,5,5,5,5,5,9,5,1,1,5,5,5,5,5,5,5,1,7,7,7,12,5,5,5,5,13,14,15,5,5,5,1,5,5,5,5,5,5,5,5,5,5,8,8,5,5,5,5,4,4,4,4,4,4,4,4,10,10,10,10,10,10,10,10","0.000691890716552734","walktrap","edit-xhwikibooks.graphml"
"0.46","0.3","0.24","0.412352726700792","2,5,2,2,2,1,2,1,1,3,2,2,1,1,1,1,3,6,4,2,5,9,1,1,1,1,1,7,5,3,6,4,8,2,4,4,10,1,5,5,5,5,9,9,9,9,5,9,9,9,5,5,5,5,5,9,9,9,9,5,11,5,5,1,1,5,5,5,5,5,9,5,1,1,5,5,5,5,5,5,5,1,7,7,7,12,5,5,5,5,13,14,15,5,5,5,1,5,5,5,5,5,5,5,5,5,5,8,8,5,5,5,5,4,4,4,4,4,4,4,4,10,10,10,10,10,10,10,10","0.000667095184326172","walktrap","edit-xhwikibooks.graphml"
"0.45","0.31","0.24","0.413731882830868","2,5,2,2,2,1,2,1,1,3,2,2,1,1,1,1,3,6,4,2,5,9,1,1,1,1,1,7,5,3,6,4,8,2,4,4,10,1,5,5,5,5,9,9,9,9,5,9,9,9,5,5,5,5,5,9,9,9,9,5,11,5,5,1,1,5,5,5,5,5,9,5,1,1,5,5,5,5,5,5,5,1,7,7,7,12,5,5,5,5,13,14,15,5,5,5,1,5,5,5,5,5,5,5,5,5,5,8,8,5,5,5,5,4,4,4,4,4,4,4,4,10,10,10,10,10,10,10,10","0.00082707405090332","walktrap","edit-xhwikibooks.graphml"
"0.44","0.32","0.24","0.413294222222222","2,5,2,2,2,1,2,1,1,3,2,2,1,1,1,1,3,6,4,2,5,9,1,1,1,1,1,7,5,3,6,4,8,2,4,4,10,1,5,5,5,5,9,9,9,9,5,9,9,9,5,5,5,5,5,9,9,9,9,5,11,5,5,1,1,5,5,5,5,5,9,5,1,1,5,5,5,5,5,5,5,1,7,7,7,12,5,5,5,5,13,14,15,5,5,5,1,5,5,5,5,5,5,5,5,5,5,8,8,5,5,5,5,4,4,4,4,4,4,4,4,10,10,10,10,10,10,10,10","0.00067591667175293","walktrap","edit-xhwikibooks.graphml"
"0.43","0.33","0.24","0.413294222222222","2,5,2,2,2,1,2,1,1,3,2,2,1,1,1,1,3,6,4,2,5,9,1,1,1,1,1,7,5,3,6,4,8,2,4,4,10,1,5,5,5,5,9,9,9,9,5,9,9,9,5,5,5,5,5,9,9,9,9,5,11,5,5,1,1,5,5,5,5,5,9,5,1,1,5,5,5,5,5,5,5,1,7,7,7,12,5,5,5,5,13,14,15,5,5,5,1,5,5,5,5,5,5,5,5,5,5,8,8,5,5,5,5,4,4,4,4,4,4,4,4,10,10,10,10,10,10,10,10","0.000681161880493164","walktrap","edit-xhwikibooks.graphml"
"0.42","0.34","0.24","0.431623734461105","2,5,2,2,2,1,2,1,1,3,2,2,1,1,1,1,3,6,4,2,5,9,1,1,1,1,1,7,5,3,6,4,8,2,4,4,10,1,5,5,5,5,9,9,9,9,5,9,9,9,5,5,5,5,5,9,9,9,9,5,11,5,5,1,1,5,5,5,5,5,9,5,1,1,5,5,5,5,5,5,5,1,7,7,7,12,5,5,5,5,13,14,15,5,5,5,1,5,5,5,5,5,5,5,5,5,5,8,8,5,5,5,5,4,4,4,4,4,4,4,4,10,10,10,10,10,10,10,10","0.000676870346069336","walktrap","edit-xhwikibooks.graphml"
"0.41","0.35","0.24","0.431623734461105","2,5,2,2,2,1,2,1,1,3,2,2,1,1,1,1,3,6,4,2,5,9,1,1,1,1,1,7,5,3,6,4,8,2,4,4,10,1,5,5,5,5,9,9,9,9,5,9,9,9,5,5,5,5,5,9,9,9,9,5,11,5,5,1,1,5,5,5,5,5,9,5,1,1,5,5,5,5,5,5,5,1,7,7,7,12,5,5,5,5,13,14,15,5,5,5,1,5,5,5,5,5,5,5,5,5,5,8,8,5,5,5,5,4,4,4,4,4,4,4,4,10,10,10,10,10,10,10,10","0.000693082809448242","walktrap","edit-xhwikibooks.graphml"
"0.4","0.36","0.24","0.423192520775623","2,5,2,2,2,1,2,1,1,3,2,2,1,1,1,1,3,6,4,2,5,9,1,1,1,1,1,7,5,3,6,4,8,2,4,4,10,1,5,5,5,5,9,9,9,9,5,9,9,9,5,5,5,5,5,9,9,9,9,5,11,5,5,1,1,5,5,5,5,5,9,5,1,1,5,5,5,5,5,5,5,1,7,7,7,12,5,5,5,5,13,14,15,5,5,5,1,5,5,5,5,5,5,5,5,5,5,8,8,5,5,5,5,4,4,4,4,4,4,4,4,10,10,10,10,10,10,10,10","0.000699043273925781","walktrap","edit-xhwikibooks.graphml"
"0.39","0.37","0.24","0.423192520775623","2,5,2,2,2,1,2,1,1,3,2,2,1,1,1,1,3,6,4,2,5,9,1,1,1,1,1,7,5,3,6,4,8,2,4,4,10,1,5,5,5,5,9,9,9,9,5,9,9,9,5,5,5,5,5,9,9,9,9,5,11,5,5,1,1,5,5,5,5,5,9,5,1,1,5,5,5,5,5,5,5,1,7,7,7,12,5,5,5,5,13,14,15,5,5,5,1,5,5,5,5,5,5,5,5,5,5,8,8,5,5,5,5,4,4,4,4,4,4,4,4,10,10,10,10,10,10,10,10","0.000796079635620117","walktrap","edit-xhwikibooks.graphml"
"0.38","0.38","0.24","0.422752758059196","2,5,2,2,2,1,2,1,1,3,2,2,1,1,1,1,3,6,4,2,5,9,1,1,1,1,1,7,5,3,6,4,8,2,4,4,10,1,5,5,5,5,9,9,9,9,5,9,9,9,5,5,5,5,5,9,9,9,9,5,11,5,5,1,1,5,5,5,5,5,9,5,1,1,5,5,5,5,5,5,5,1,7,7,7,12,5,5,5,5,13,14,15,5,5,5,1,5,5,5,5,5,5,5,5,5,5,8,8,5,5,5,5,4,4,4,4,4,4,4,4,10,10,10,10,10,10,10,10","0.000696897506713867","walktrap","edit-xhwikibooks.graphml"
"0.37","0.39","0.24","0.424082570387363","2,5,2,2,2,1,2,1,1,3,2,2,1,1,1,1,3,6,4,2,5,9,1,1,1,1,1,7,5,3,6,4,8,2,4,4,10,1,5,5,5,5,9,9,9,9,5,9,9,9,5,5,5,5,5,9,9,9,9,5,11,5,5,1,1,5,5,5,5,5,9,5,1,1,5,5,5,5,5,5,5,1,7,7,7,12,5,5,5,5,13,14,15,5,5,5,1,5,5,5,5,5,5,5,5,5,5,8,8,5,5,5,5,4,4,4,4,4,4,4,4,10,10,10,10,10,10,10,10","0.000664949417114258","walktrap","edit-xhwikibooks.graphml"
"0.36","0.4","0.24","0.422363789172023","2,5,2,2,2,1,2,1,1,4,2,2,1,1,1,1,4,6,3,2,5,9,1,1,1,1,1,7,5,4,6,3,8,2,3,3,10,1,5,5,5,5,9,9,9,9,5,9,9,9,5,5,5,5,5,9,9,9,9,5,11,5,5,1,1,5,5,5,5,5,9,5,1,1,5,5,5,5,5,5,5,1,7,7,7,12,5,5,5,5,13,14,15,5,5,5,1,5,5,5,5,5,5,5,5,5,5,8,8,5,5,5,5,3,3,3,3,3,3,3,3,10,10,10,10,10,10,10,10","0.000684022903442383","walktrap","edit-xhwikibooks.graphml"
"0.35","0.41","0.24","0.422363789172023","2,5,2,2,2,1,2,1,1,4,2,2,1,1,1,1,4,6,3,2,5,9,1,1,1,1,1,7,5,4,6,3,8,2,3,3,10,1,5,5,5,5,9,9,9,9,5,9,9,9,5,5,5,5,5,9,9,9,9,5,11,5,5,1,1,5,5,5,5,5,9,5,1,1,5,5,5,5,5,5,5,1,7,7,7,12,5,5,5,5,13,14,15,5,5,5,1,5,5,5,5,5,5,5,5,5,5,8,8,5,5,5,5,3,3,3,3,3,3,3,3,10,10,10,10,10,10,10,10","0.000697135925292969","walktrap","edit-xhwikibooks.graphml"
"0.34","0.42","0.24","0.421925592053167","2,5,2,2,2,1,2,1,1,4,2,2,1,1,1,1,4,6,3,2,5,9,1,1,1,1,1,7,5,4,6,3,8,2,3,3,10,1,5,5,5,5,9,9,9,9,5,9,9,9,5,5,5,5,5,9,9,9,9,5,11,5,5,1,1,5,5,5,5,5,9,5,1,1,5,5,5,5,5,5,5,1,7,7,7,12,5,5,5,5,13,14,15,5,5,5,1,5,5,5,5,5,5,5,5,5,5,8,8,5,5,5,5,3,3,3,3,3,3,3,3,10,10,10,10,10,10,10,10","0.000687122344970703","walktrap","edit-xhwikibooks.graphml"
"0.33","0.43","0.24","0.424481182451194","2,5,2,2,2,1,2,1,1,4,2,2,1,1,1,1,4,6,3,2,5,9,1,1,1,1,1,7,5,4,6,3,8,2,3,3,10,1,5,5,5,5,9,9,9,9,5,9,9,9,5,5,5,5,5,9,9,9,9,5,11,5,5,1,1,5,5,5,5,5,9,5,1,1,5,5,5,5,5,5,5,1,7,7,7,12,5,5,5,5,13,14,15,5,5,5,1,5,5,5,5,5,5,5,5,5,5,8,8,5,5,5,5,3,3,3,3,3,3,3,3,10,10,10,10,10,10,10,10","0.000712156295776367","walktrap","edit-xhwikibooks.graphml"
"0.32","0.44","0.24","0.424043384302845","2,5,2,2,2,1,2,1,1,4,2,2,1,1,1,1,4,6,3,2,5,9,1,1,1,1,1,7,5,4,6,3,8,2,3,3,10,1,5,5,5,5,9,9,9,9,5,9,9,9,5,5,5,5,5,9,9,9,9,5,11,5,5,1,1,5,5,5,5,5,9,5,1,1,5,5,5,5,5,5,5,1,7,7,7,12,5,5,5,5,13,14,15,5,5,5,1,5,5,5,5,5,5,5,5,5,5,8,8,5,5,5,5,3,3,3,3,3,3,3,3,10,10,10,10,10,10,10,10","0.000726938247680664","walktrap","edit-xhwikibooks.graphml"
"0.31","0.45","0.24","0.420416933657995","2,7,2,2,2,4,2,4,4,6,2,2,3,4,4,1,6,8,5,2,7,10,3,3,4,4,4,1,7,6,8,5,9,2,5,5,11,4,7,7,7,7,10,10,10,10,7,10,10,10,7,7,7,7,7,10,10,10,10,7,12,7,7,3,4,7,7,7,7,7,10,7,4,4,7,7,7,7,7,7,7,4,1,1,1,13,7,7,7,7,14,15,16,7,7,7,1,7,7,7,7,7,7,7,7,7,7,9,9,7,7,7,7,5,5,5,5,5,5,5,5,11,11,11,11,11,11,11,11","0.000695943832397461","walktrap","edit-xhwikibooks.graphml"
"0.3","0.46","0.24","0.41998121876896","2,7,2,2,2,4,2,4,4,6,2,2,3,4,4,1,6,8,5,2,7,10,3,3,4,4,4,1,7,6,8,5,9,2,5,5,11,4,7,7,7,7,10,10,10,10,7,10,10,10,7,7,7,7,7,10,10,10,10,7,12,7,7,3,4,7,7,7,7,7,10,7,4,4,7,7,7,7,7,7,7,4,1,1,1,13,7,7,7,7,14,15,16,7,7,7,1,7,7,7,7,7,7,7,7,7,7,9,9,7,7,7,7,5,5,5,5,5,5,5,5,11,11,11,11,11,11,11,11","0.000671863555908203","walktrap","edit-xhwikibooks.graphml"
"0.29","0.47","0.24","0.42130228510137","2,7,2,2,2,4,2,4,4,6,2,2,3,4,4,1,6,8,5,2,7,11,3,3,4,4,4,1,7,6,8,5,9,2,5,5,10,4,7,7,7,7,11,11,11,11,7,11,11,11,7,7,7,7,7,11,11,11,11,7,12,7,7,3,4,7,7,7,7,7,11,7,4,4,7,7,7,7,7,7,7,4,1,1,1,13,7,7,7,7,14,15,16,7,7,7,1,7,7,7,7,7,7,7,7,7,7,9,9,7,7,7,7,5,5,5,5,5,5,5,5,10,10,10,10,10,10,10,10","0.000697851181030273","walktrap","edit-xhwikibooks.graphml"
"0.28","0.48","0.24","0.420867072211372","2,7,2,2,2,4,2,4,4,6,2,2,3,4,4,1,6,8,5,2,7,11,3,3,4,4,4,1,7,6,8,5,9,2,5,5,10,4,7,7,7,7,11,11,11,11,7,11,11,11,7,7,7,7,7,11,11,11,11,7,12,7,7,3,4,7,7,7,7,7,11,7,4,4,7,7,7,7,7,7,7,4,1,1,1,13,7,7,7,7,14,15,16,7,7,7,1,7,7,7,7,7,7,7,7,7,7,9,9,7,7,7,7,5,5,5,5,5,5,5,5,10,10,10,10,10,10,10,10","0.000696897506713867","walktrap","edit-xhwikibooks.graphml"
"0.27","0.49","0.24","0.413075827932136","1,5,1,1,2,1,2,1,1,1,2,2,1,1,1,1,9,2,3,4,5,8,1,1,1,1,1,6,5,10,11,3,4,4,3,3,7,1,5,5,5,5,8,8,8,8,5,8,8,8,5,5,5,5,5,8,8,8,8,5,12,5,5,13,14,5,5,5,5,5,8,5,1,1,5,5,5,5,5,5,5,15,6,6,6,16,5,5,5,5,17,18,19,5,5,5,20,5,5,5,5,5,5,5,5,5,5,21,22,5,5,5,5,3,3,3,3,3,3,3,3,7,7,7,7,7,7,7,7","0.000649929046630859","walktrap","edit-xhwikibooks.graphml"
"0.26","0.5","0.24","0.463201506182451","1,4,1,1,2,1,2,1,1,1,2,2,1,1,1,1,9,2,3,5,4,8,1,1,1,1,1,6,4,10,11,3,5,5,3,3,7,1,4,4,4,4,8,8,8,8,4,8,8,8,4,4,4,4,4,8,8,8,8,4,12,4,4,13,14,4,4,4,4,4,8,4,1,1,4,4,4,4,4,4,4,15,6,6,6,16,4,4,4,4,17,18,19,4,4,4,20,4,4,4,4,4,4,4,4,4,4,21,22,4,4,4,4,3,3,3,3,3,3,3,3,7,7,7,7,7,7,7,7","0.000674009323120117","walktrap","edit-xhwikibooks.graphml"
"0.25","0.51","0.24","0.463201506182451","1,4,1,1,2,1,2,1,1,1,2,2,1,1,1,1,9,2,3,5,4,8,1,1,1,1,1,6,4,10,11,3,5,5,3,3,7,1,4,4,4,4,8,8,8,8,4,8,8,8,4,4,4,4,4,8,8,8,8,4,12,4,4,13,14,4,4,4,4,4,8,4,1,1,4,4,4,4,4,4,4,15,6,6,6,16,4,4,4,4,17,18,19,4,4,4,20,4,4,4,4,4,4,4,4,4,4,21,22,4,4,4,4,3,3,3,3,3,3,3,3,7,7,7,7,7,7,7,7","0.000668048858642578","walktrap","edit-xhwikibooks.graphml"
"0.24","0.52","0.24","0.46429311774461","1,4,1,1,2,1,2,1,1,1,2,2,1,1,1,1,9,2,3,5,4,8,1,1,1,1,1,6,4,10,11,3,5,5,3,3,7,1,4,4,4,4,8,8,8,8,4,8,8,8,4,4,4,4,4,8,8,8,8,4,12,4,4,13,14,4,4,4,4,4,8,4,1,1,4,4,4,4,4,4,4,15,6,6,6,16,4,4,4,4,17,18,19,4,4,4,20,4,4,4,4,4,4,4,4,4,4,21,22,4,4,4,4,3,3,3,3,3,3,3,3,7,7,7,7,7,7,7,7","0.000809907913208008","walktrap","edit-xhwikibooks.graphml"
"0.23","0.53","0.24","0.46429311774461","1,4,1,1,2,1,2,1,1,1,2,2,1,1,1,1,9,2,3,5,4,8,1,1,1,1,1,6,4,10,11,3,5,5,3,3,7,1,4,4,4,4,8,8,8,8,4,8,8,8,4,4,4,4,4,8,8,8,8,4,12,4,4,13,14,4,4,4,4,4,8,4,1,1,4,4,4,4,4,4,4,15,6,6,6,16,4,4,4,4,17,18,19,4,4,4,20,4,4,4,4,4,4,4,4,4,4,21,22,4,4,4,4,3,3,3,3,3,3,3,3,7,7,7,7,7,7,7,7","0.000648975372314453","walktrap","edit-xhwikibooks.graphml"
"0.22","0.54","0.24","0.465456579607268","1,4,1,1,2,1,2,1,1,1,2,2,1,1,1,1,9,2,3,5,4,8,1,1,1,1,1,6,4,10,11,3,5,5,3,3,7,1,4,4,4,4,8,8,8,8,4,8,8,8,4,4,4,4,4,8,8,8,8,4,12,4,4,13,14,4,4,4,4,4,8,4,1,1,4,4,4,4,4,4,4,15,6,6,6,16,4,4,4,4,17,18,19,4,4,4,20,4,4,4,4,4,4,4,4,4,4,21,22,4,4,4,4,3,3,3,3,3,3,3,3,7,7,7,7,7,7,7,7","0.000664949417114258","walktrap","edit-xhwikibooks.graphml"
"0.21","0.55","0.24","0.465018102445062","1,4,1,1,2,1,2,1,1,1,2,2,1,1,1,1,9,2,3,5,4,8,1,1,1,1,1,6,4,10,11,3,5,5,3,3,7,1,4,4,4,4,8,8,8,8,4,8,8,8,4,4,4,4,4,8,8,8,8,4,12,4,4,13,14,4,4,4,4,4,8,4,1,1,4,4,4,4,4,4,4,15,6,6,6,16,4,4,4,4,17,18,19,4,4,4,20,4,4,4,4,4,4,4,4,4,4,21,22,4,4,4,4,3,3,3,3,3,3,3,3,7,7,7,7,7,7,7,7","0.000659942626953125","walktrap","edit-xhwikibooks.graphml"
"0.2","0.56","0.24","0.466848541057724","1,4,1,1,2,1,2,1,1,1,2,2,1,1,1,1,9,2,3,5,4,8,1,1,1,1,1,6,4,10,11,3,5,5,3,3,7,1,4,4,4,4,8,8,8,8,4,8,8,8,4,4,4,4,4,8,8,8,8,4,12,4,4,13,14,4,4,4,4,4,8,4,1,1,4,4,4,4,4,4,4,15,6,6,6,16,4,4,4,4,17,18,19,4,4,4,20,4,4,4,4,4,4,4,4,4,4,21,22,4,4,4,4,3,3,3,3,3,3,3,3,7,7,7,7,7,7,7,7","0.000658035278320312","walktrap","edit-xhwikibooks.graphml"
"0.19","0.57","0.24","0.466411370217954","1,4,1,1,2,1,2,1,1,1,2,2,1,1,1,1,9,2,3,5,4,8,1,1,1,1,1,6,4,10,11,3,5,5,3,3,7,1,4,4,4,4,8,8,8,8,4,8,8,8,4,4,4,4,4,8,8,8,8,4,12,4,4,13,14,4,4,4,4,4,8,4,1,1,4,4,4,4,4,4,4,15,6,6,6,16,4,4,4,4,17,18,19,4,4,4,20,4,4,4,4,4,4,4,4,4,4,21,22,4,4,4,4,3,3,3,3,3,3,3,3,7,7,7,7,7,7,7,7","0.000673055648803711","walktrap","edit-xhwikibooks.graphml"
"0.18","0.58","0.24","0.46851491785775","1,4,1,1,2,1,2,1,1,1,2,2,1,1,1,1,9,2,3,5,4,8,1,1,1,1,1,6,4,10,11,3,5,5,3,3,7,1,4,4,4,4,8,8,8,8,4,8,8,8,4,4,4,4,4,8,8,8,8,4,12,4,4,13,14,4,4,4,4,4,8,4,1,1,4,4,4,4,4,4,4,15,6,6,6,16,4,4,4,4,17,18,19,4,4,4,20,4,4,4,4,4,4,4,4,4,4,21,22,4,4,4,4,3,3,3,3,3,3,3,3,7,7,7,7,7,7,7,7","0.000684022903442383","walktrap","edit-xhwikibooks.graphml"
"0.17","0.59","0.24","0.469141830014066","1,4,1,1,2,1,2,1,1,1,2,2,1,1,1,1,9,2,3,5,4,8,1,1,1,1,1,6,4,10,11,3,5,5,3,3,7,1,4,4,4,4,8,8,8,8,4,8,8,8,4,4,4,4,4,8,8,8,8,4,12,4,4,13,14,4,4,4,4,4,8,4,1,1,4,4,4,4,4,4,4,15,6,6,6,16,4,4,4,4,17,18,19,4,4,4,20,4,4,4,4,4,4,4,4,4,4,21,22,4,4,4,4,3,3,3,3,3,3,3,3,7,7,7,7,7,7,7,7","0.000684022903442383","walktrap","edit-xhwikibooks.graphml"
"0.16","0.6","0.24","0.471248287918108","1,4,1,1,2,1,2,1,1,1,2,2,1,1,1,1,9,2,3,5,4,8,1,1,1,1,1,6,4,10,11,3,5,5,3,3,7,1,4,4,4,4,8,8,8,8,4,8,8,8,4,4,4,4,4,8,8,8,8,4,12,4,4,13,14,4,4,4,4,4,8,4,1,1,4,4,4,4,4,4,4,15,6,6,6,16,4,4,4,4,17,18,19,4,4,4,20,4,4,4,4,4,4,4,4,4,4,21,22,4,4,4,4,3,3,3,3,3,3,3,3,7,7,7,7,7,7,7,7","0.000643014907836914","walktrap","edit-xhwikibooks.graphml"
"0.15","0.61","0.24","0.470813002161834","1,4,1,1,2,1,2,1,1,1,2,2,1,1,1,1,9,2,3,5,4,8,1,1,1,1,1,6,4,10,11,3,5,5,3,3,7,1,4,4,4,4,8,8,8,8,4,8,8,8,4,4,4,4,4,8,8,8,8,4,12,4,4,13,14,4,4,4,4,4,8,4,1,1,4,4,4,4,4,4,4,15,6,6,6,16,4,4,4,4,17,18,19,4,4,4,20,4,4,4,4,4,4,4,4,4,4,21,22,4,4,4,4,3,3,3,3,3,3,3,3,7,7,7,7,7,7,7,7","0.000672101974487305","walktrap","edit-xhwikibooks.graphml"
"0.14","0.62","0.24","0.471941672993346","1,4,1,1,2,1,2,1,1,1,2,2,1,1,1,1,9,2,3,5,4,8,1,1,1,1,1,6,4,10,11,3,5,5,3,3,7,1,4,4,4,4,8,8,8,8,4,8,8,8,4,4,4,4,4,8,8,8,8,4,12,4,4,13,14,4,4,4,4,4,8,4,1,1,4,4,4,4,4,4,4,15,6,6,6,16,4,4,4,4,17,18,19,4,4,4,20,4,4,4,4,4,4,4,4,4,4,21,22,4,4,4,4,3,3,3,3,3,3,3,3,7,7,7,7,7,7,7,7","0.000651836395263672","walktrap","edit-xhwikibooks.graphml"
"0.13","0.63","0.24","0.471506989822008","1,4,1,1,2,1,2,1,1,1,2,2,1,1,1,1,9,2,3,5,4,8,1,1,1,1,1,6,4,10,11,3,5,5,3,3,7,1,4,4,4,4,8,8,8,8,4,8,8,8,4,4,4,4,4,8,8,8,8,4,12,4,4,13,14,4,4,4,4,4,8,4,1,1,4,4,4,4,4,4,4,15,6,6,6,16,4,4,4,4,17,18,19,4,4,4,20,4,4,4,4,4,4,4,4,4,4,21,22,4,4,4,4,3,3,3,3,3,3,3,3,7,7,7,7,7,7,7,7","0.000680923461914062","walktrap","edit-xhwikibooks.graphml"
"0.12","0.64","0.24","0.471506989822008","1,4,1,1,2,1,2,1,1,1,2,2,1,1,1,1,9,2,3,5,4,8,1,1,1,1,1,6,4,10,11,3,5,5,3,3,7,1,4,4,4,4,8,8,8,8,4,8,8,8,4,4,4,4,4,8,8,8,8,4,12,4,4,13,14,4,4,4,4,4,8,4,1,1,4,4,4,4,4,4,4,15,6,6,6,16,4,4,4,4,17,18,19,4,4,4,20,4,4,4,4,4,4,4,4,4,4,21,22,4,4,4,4,3,3,3,3,3,3,3,3,7,7,7,7,7,7,7,7","0.00067901611328125","walktrap","edit-xhwikibooks.graphml"
"0.11","0.65","0.24","0.471577059489147","1,4,1,1,1,2,1,2,2,2,1,1,2,2,2,2,9,1,3,5,4,8,2,2,2,2,2,6,4,10,11,3,5,5,3,3,7,2,4,4,4,4,8,8,8,8,4,8,8,8,4,4,4,4,4,8,8,8,8,4,12,4,4,13,14,4,4,4,4,4,8,4,2,2,4,4,4,4,4,4,4,15,6,6,6,16,4,4,4,4,17,18,19,4,4,4,20,4,4,4,4,4,4,4,4,4,4,21,22,4,4,4,4,3,3,3,3,3,3,3,3,7,7,7,7,7,7,7,7","0.000677108764648438","walktrap","edit-xhwikibooks.graphml"
"0.1","0.66","0.24","0.471577059489147","1,4,1,1,1,2,1,2,2,2,1,1,2,2,2,2,9,1,3,5,4,8,2,2,2,2,2,6,4,10,11,3,5,5,3,3,7,2,4,4,4,4,8,8,8,8,4,8,8,8,4,4,4,4,4,8,8,8,8,4,12,4,4,13,14,4,4,4,4,4,8,4,2,2,4,4,4,4,4,4,4,15,6,6,6,16,4,4,4,4,17,18,19,4,4,4,20,4,4,4,4,4,4,4,4,4,4,21,22,4,4,4,4,3,3,3,3,3,3,3,3,7,7,7,7,7,7,7,7","0.000697135925292969","walktrap","edit-xhwikibooks.graphml"
"0.09","0.67","0.24","0.485889705501786","5,4,5,5,5,1,5,1,1,1,7,3,1,1,1,6,10,7,2,3,4,9,1,1,1,1,1,6,4,11,12,2,3,3,2,2,8,1,4,4,4,4,9,9,9,9,4,9,9,9,4,4,4,4,4,9,9,9,9,4,13,4,4,14,15,4,4,4,4,4,9,4,1,1,4,4,4,4,4,4,4,16,6,6,6,17,4,4,4,4,18,19,20,4,4,4,21,4,4,4,4,4,4,4,4,4,4,22,23,4,4,4,4,2,2,2,2,2,2,2,2,8,8,8,8,8,8,8,8","0.000854969024658203","walktrap","edit-xhwikibooks.graphml"
"0.08","0.68","0.24","0.485889705501786","5,4,5,5,5,1,5,1,1,1,7,3,1,1,1,6,10,7,2,3,4,9,1,1,1,1,1,6,4,11,12,2,3,3,2,2,8,1,4,4,4,4,9,9,9,9,4,9,9,9,4,4,4,4,4,9,9,9,9,4,13,4,4,14,15,4,4,4,4,4,9,4,1,1,4,4,4,4,4,4,4,16,6,6,6,17,4,4,4,4,18,19,20,4,4,4,21,4,4,4,4,4,4,4,4,4,4,22,23,4,4,4,4,2,2,2,2,2,2,2,2,8,8,8,8,8,8,8,8","0.000647068023681641","walktrap","edit-xhwikibooks.graphml"
"0.07","0.69","0.24","0.482889274082956","1,4,1,1,1,1,1,2,1,1,6,5,2,2,2,1,10,6,3,5,4,9,2,2,2,2,2,7,4,11,12,3,5,5,3,3,8,2,4,4,4,4,9,9,9,9,4,9,9,9,4,4,4,4,4,9,9,9,9,4,13,4,4,14,15,4,4,4,4,4,9,4,2,2,4,4,4,4,4,4,4,16,7,7,7,17,4,4,4,4,18,19,20,4,4,4,21,4,4,4,4,4,4,4,4,4,4,22,23,4,4,4,4,3,3,3,3,3,3,3,3,8,8,8,8,8,8,8,8","0.000649213790893555","walktrap","edit-xhwikibooks.graphml"
"0.06","0.7","0.24","0.48396833972818","1,4,1,1,1,1,1,2,1,1,6,5,2,2,2,1,10,6,3,5,4,9,2,2,2,2,2,7,4,11,12,3,5,5,3,3,8,2,4,4,4,4,9,9,9,9,4,9,9,9,4,4,4,4,4,9,9,9,9,4,13,4,4,14,15,4,4,4,4,4,9,4,2,2,4,4,4,4,4,4,4,16,7,7,7,17,4,4,4,4,18,19,20,4,4,4,21,4,4,4,4,4,4,4,4,4,4,22,23,4,4,4,4,3,3,3,3,3,3,3,3,8,8,8,8,8,8,8,8","0.000653982162475586","walktrap","edit-xhwikibooks.graphml"
"0.05","0.71","0.24","0.48352906588806","1,4,1,1,1,1,1,2,1,1,6,5,2,2,2,1,10,6,3,5,4,9,2,2,2,2,2,7,4,11,12,3,5,5,3,3,8,2,4,4,4,4,9,9,9,9,4,9,9,9,4,4,4,4,4,9,9,9,9,4,13,4,4,14,15,4,4,4,4,4,9,4,2,2,4,4,4,4,4,4,4,16,7,7,7,17,4,4,4,4,18,19,20,4,4,4,21,4,4,4,4,4,4,4,4,4,4,22,23,4,4,4,4,3,3,3,3,3,3,3,3,8,8,8,8,8,8,8,8","0.000657081604003906","walktrap","edit-xhwikibooks.graphml"
"0.04","0.72","0.24","0.48553981856646","1,4,1,1,1,1,1,2,1,1,6,5,2,2,2,1,10,6,3,5,4,9,2,2,2,2,2,7,4,11,12,3,5,5,3,3,8,2,4,4,4,4,9,9,9,9,4,9,9,9,4,4,4,4,4,9,9,9,9,4,13,4,4,14,15,4,4,4,4,4,9,4,2,2,4,4,4,4,4,4,4,16,7,7,7,17,4,4,4,4,18,19,20,4,4,4,21,4,4,4,4,4,4,4,4,4,4,22,23,4,4,4,4,3,3,3,3,3,3,3,3,8,8,8,8,8,8,8,8","0.00067591667175293","walktrap","edit-xhwikibooks.graphml"
"0.03","0.73","0.24","0.472351720626802","4,1,4,2,11,2,6,3,2,2,6,12,3,3,3,5,13,14,8,7,1,10,15,3,3,3,3,5,1,16,17,18,7,19,8,8,9,3,1,1,1,1,10,10,10,10,1,10,10,10,1,1,1,1,1,10,10,10,10,1,20,1,1,21,22,1,1,1,1,1,10,1,23,24,1,1,1,1,1,1,1,25,26,27,28,29,1,1,1,1,30,31,32,1,1,1,33,1,1,1,1,1,1,1,1,1,1,34,35,1,1,1,1,8,8,8,8,8,8,8,8,9,9,9,9,9,9,9,9","0.000801801681518555","walktrap","edit-xhwikibooks.graphml"
"0.02","0.74","0.24","0.472351720626802","4,1,4,2,11,2,6,3,2,2,6,12,3,3,3,5,13,14,8,7,1,10,15,3,3,3,3,5,1,16,17,18,7,19,8,8,9,3,1,1,1,1,10,10,10,10,1,10,10,10,1,1,1,1,1,10,10,10,10,1,20,1,1,21,22,1,1,1,1,1,10,1,23,24,1,1,1,1,1,1,1,25,26,27,28,29,1,1,1,1,30,31,32,1,1,1,33,1,1,1,1,1,1,1,1,1,1,34,35,1,1,1,1,8,8,8,8,8,8,8,8,9,9,9,9,9,9,9,9","0.000617027282714844","walktrap","edit-xhwikibooks.graphml"
"0.01","0.75","0.24","0.475345021662788","4,1,4,2,11,2,6,3,2,2,6,12,3,3,3,5,13,14,8,7,1,10,15,3,3,3,3,5,1,16,17,18,7,19,8,8,9,3,1,1,1,1,10,10,10,10,1,10,10,10,1,1,1,1,1,10,10,10,10,1,20,1,1,21,22,1,1,1,1,1,10,1,23,24,1,1,1,1,1,1,1,25,26,27,28,29,1,1,1,1,30,31,32,1,1,1,33,1,1,1,1,1,1,1,1,1,1,34,35,1,1,1,1,8,8,8,8,8,8,8,8,9,9,9,9,9,9,9,9","0.000612974166870117","walktrap","edit-xhwikibooks.graphml"
"0","0.76","0.24","0.474462875742571","5,8,5,6,11,6,3,1,6,12,3,13,1,1,1,2,14,15,7,4,8,10,16,1,1,1,1,2,5,17,18,19,4,20,7,7,9,1,8,8,8,8,10,10,10,10,8,10,10,10,8,8,8,8,8,10,10,10,10,8,21,8,8,22,23,8,8,8,8,8,10,8,24,25,8,8,8,8,8,8,8,26,27,28,29,30,8,8,8,8,31,32,33,8,8,8,34,8,8,8,8,8,8,8,8,8,8,35,36,8,8,8,8,7,7,7,7,7,7,7,7,9,9,9,9,9,9,9,9","0.000665903091430664","walktrap","edit-xhwikibooks.graphml"
"0.75","0","0.25","0.428365851891651","1,13,1,1,1,1,1,3,3,1,1,2,3,3,3,1,5,4,6,2,13,11,9,3,3,3,3,10,7,5,4,8,2,2,6,6,12,3,13,13,13,13,11,11,11,11,13,11,11,11,13,13,13,13,13,11,11,11,11,13,9,13,13,3,3,13,13,13,13,13,11,13,3,3,13,13,13,13,13,13,13,3,10,10,10,7,13,13,13,13,5,4,8,13,13,13,1,13,13,13,13,13,13,13,13,13,13,2,2,13,13,13,13,6,6,6,6,6,6,6,6,12,12,12,12,12,12,12,12","0.000689983367919922","walktrap","edit-xhwikibooks.graphml"
"0.74","0.01","0.25","0.388500469581551","1,12,1,1,2,1,2,1,1,1,2,2,1,1,1,3,5,4,6,2,12,11,9,1,1,1,1,3,7,5,4,8,10,2,6,6,13,1,12,12,12,12,11,11,11,11,12,11,11,11,12,12,12,12,12,11,11,11,11,12,9,12,12,1,1,12,12,12,12,12,11,12,1,1,12,12,12,12,12,12,12,1,3,3,3,7,12,12,12,12,5,4,8,12,12,12,3,12,12,12,12,12,12,12,12,12,12,10,10,12,12,12,12,6,6,6,6,6,6,6,6,13,13,13,13,13,13,13,13","0.000669002532958984","walktrap","edit-xhwikibooks.graphml"
"0.73","0.02","0.25","0.388500469581551","1,12,1,1,2,1,2,1,1,1,2,2,1,1,1,3,5,4,6,2,12,11,9,1,1,1,1,3,7,5,4,8,10,2,6,6,13,1,12,12,12,12,11,11,11,11,12,11,11,11,12,12,12,12,12,11,11,11,11,12,9,12,12,1,1,12,12,12,12,12,11,12,1,1,12,12,12,12,12,12,12,1,3,3,3,7,12,12,12,12,5,4,8,12,12,12,3,12,12,12,12,12,12,12,12,12,12,10,10,12,12,12,12,6,6,6,6,6,6,6,6,13,13,13,13,13,13,13,13","0.000688076019287109","walktrap","edit-xhwikibooks.graphml"
"0.72","0.03","0.25","0.388098809814897","1,12,1,1,2,1,2,1,1,1,2,2,1,1,1,3,5,4,6,2,12,11,9,1,1,1,1,3,7,5,4,8,10,2,6,6,13,1,12,12,12,12,11,11,11,11,12,11,11,11,12,12,12,12,12,11,11,11,11,12,9,12,12,1,1,12,12,12,12,12,11,12,1,1,12,12,12,12,12,12,12,1,3,3,3,7,12,12,12,12,5,4,8,12,12,12,3,12,12,12,12,12,12,12,12,12,12,10,10,12,12,12,12,6,6,6,6,6,6,6,6,13,13,13,13,13,13,13,13","0.000694036483764648","walktrap","edit-xhwikibooks.graphml"
"0.71","0.04","0.25","0.388098809814897","1,12,1,1,2,1,2,1,1,1,2,2,1,1,1,3,5,4,6,2,12,11,9,1,1,1,1,3,7,5,4,8,10,2,6,6,13,1,12,12,12,12,11,11,11,11,12,11,11,11,12,12,12,12,12,11,11,11,11,12,9,12,12,1,1,12,12,12,12,12,11,12,1,1,12,12,12,12,12,12,12,1,3,3,3,7,12,12,12,12,5,4,8,12,12,12,3,12,12,12,12,12,12,12,12,12,12,10,10,12,12,12,12,6,6,6,6,6,6,6,6,13,13,13,13,13,13,13,13","0.000686883926391602","walktrap","edit-xhwikibooks.graphml"
"0.7","0.05","0.25","0.387697930759457","1,12,1,1,2,1,2,1,1,1,2,2,1,1,1,3,5,4,6,2,12,11,9,1,1,1,1,3,7,5,4,8,10,2,6,6,13,1,12,12,12,12,11,11,11,11,12,11,11,11,12,12,12,12,12,11,11,11,11,12,9,12,12,1,1,12,12,12,12,12,11,12,1,1,12,12,12,12,12,12,12,1,3,3,3,7,12,12,12,12,5,4,8,12,12,12,3,12,12,12,12,12,12,12,12,12,12,10,10,12,12,12,12,6,6,6,6,6,6,6,6,13,13,13,13,13,13,13,13","0.000872135162353516","walktrap","edit-xhwikibooks.graphml"
"0.69","0.06","0.25","0.387697930759457","1,12,1,1,2,1,2,1,1,1,2,2,1,1,1,3,5,4,6,2,12,11,9,1,1,1,1,3,7,5,4,8,10,2,6,6,13,1,12,12,12,12,11,11,11,11,12,11,11,11,12,12,12,12,12,11,11,11,11,12,9,12,12,1,1,12,12,12,12,12,11,12,1,1,12,12,12,12,12,12,12,1,3,3,3,7,12,12,12,12,5,4,8,12,12,12,3,12,12,12,12,12,12,12,12,12,12,10,10,12,12,12,12,6,6,6,6,6,6,6,6,13,13,13,13,13,13,13,13","0.000663995742797852","walktrap","edit-xhwikibooks.graphml"
"0.68","0.07","0.25","0.387297830374753","1,12,1,1,2,1,2,1,1,1,2,2,1,1,1,3,5,4,6,2,12,11,9,1,1,1,1,3,7,5,4,8,10,2,6,6,13,1,12,12,12,12,11,11,11,11,12,11,11,11,12,12,12,12,12,11,11,11,11,12,9,12,12,1,1,12,12,12,12,12,11,12,1,1,12,12,12,12,12,12,12,1,3,3,3,7,12,12,12,12,5,4,8,12,12,12,3,12,12,12,12,12,12,12,12,12,12,10,10,12,12,12,12,6,6,6,6,6,6,6,6,13,13,13,13,13,13,13,13","0.000672817230224609","walktrap","edit-xhwikibooks.graphml"
"0.67","0.08","0.25","0.38869370336792","1,11,1,1,2,1,2,1,1,1,2,2,1,1,1,3,5,4,6,2,11,13,9,1,1,1,1,3,7,5,4,8,10,2,6,6,12,1,11,11,11,11,13,13,13,13,11,13,13,13,11,11,11,11,11,13,13,13,13,11,9,11,11,1,1,11,11,11,11,11,13,11,1,1,11,11,11,11,11,11,11,1,3,3,3,7,11,11,11,11,5,4,8,11,11,11,3,11,11,11,11,11,11,11,11,11,11,10,10,11,11,11,11,6,6,6,6,6,6,6,6,12,12,12,12,12,12,12,12","0.000677108764648438","walktrap","edit-xhwikibooks.graphml"
"0.66","0.09","0.25","0.388293836382546","1,11,1,1,2,1,2,1,1,1,2,2,1,1,1,3,5,4,6,2,11,13,9,1,1,1,1,3,7,5,4,8,10,2,6,6,12,1,11,11,11,11,13,13,13,13,11,13,13,13,11,11,11,11,11,13,13,13,13,11,9,11,11,1,1,11,11,11,11,11,13,11,1,1,11,11,11,11,11,11,11,1,3,3,3,7,11,11,11,11,5,4,8,11,11,11,3,11,11,11,11,11,11,11,11,11,11,10,10,11,11,11,11,6,6,6,6,6,6,6,6,12,12,12,12,12,12,12,12","0.000694990158081055","walktrap","edit-xhwikibooks.graphml"
"0.65","0.1","0.25","0.388293836382546","1,11,1,1,2,1,2,1,1,1,2,2,1,1,1,3,5,4,6,2,11,13,9,1,1,1,1,3,7,5,4,8,10,2,6,6,12,1,11,11,11,11,13,13,13,13,11,13,13,13,11,11,11,11,11,13,13,13,13,11,9,11,11,1,1,11,11,11,11,11,13,11,1,1,11,11,11,11,11,11,11,1,3,3,3,7,11,11,11,11,5,4,8,11,11,11,3,11,11,11,11,11,11,11,11,11,11,10,10,11,11,11,11,6,6,6,6,6,6,6,6,12,12,12,12,12,12,12,12","0.000725030899047852","walktrap","edit-xhwikibooks.graphml"
"0.64","0.11","0.25","0.387894742851364","1,11,1,1,2,1,2,1,1,1,2,2,1,1,1,3,5,4,6,2,11,13,9,1,1,1,1,3,7,5,4,8,10,2,6,6,12,1,11,11,11,11,13,13,13,13,11,13,13,13,11,11,11,11,11,13,13,13,13,11,9,11,11,1,1,11,11,11,11,11,13,11,1,1,11,11,11,11,11,11,11,1,3,3,3,7,11,11,11,11,5,4,8,11,11,11,3,11,11,11,11,11,11,11,11,11,11,10,10,11,11,11,11,6,6,6,6,6,6,6,6,12,12,12,12,12,12,12,12","0.000693082809448242","walktrap","edit-xhwikibooks.graphml"
"0.63","0.12","0.25","0.390678729360218","1,11,1,1,2,1,2,1,1,1,2,2,1,1,1,3,5,4,8,2,11,12,9,1,1,1,1,3,6,5,4,7,10,2,8,8,13,1,11,11,11,11,12,12,12,12,11,12,12,12,11,11,11,11,11,12,12,12,12,11,9,11,11,1,1,11,11,11,11,11,12,11,1,1,11,11,11,11,11,11,11,1,3,3,3,6,11,11,11,11,5,4,7,11,11,11,3,11,11,11,11,11,11,11,11,11,11,10,10,11,11,11,11,8,8,8,8,8,8,8,8,13,13,13,13,13,13,13,13","0.000677824020385742","walktrap","edit-xhwikibooks.graphml"
"0.62","0.13","0.25","0.390279315502205","1,11,1,1,2,1,2,1,1,1,2,2,1,1,1,3,5,4,8,2,11,12,9,1,1,1,1,3,6,5,4,7,10,2,8,8,13,1,11,11,11,11,12,12,12,12,11,12,12,12,11,11,11,11,11,12,12,12,12,11,9,11,11,1,1,11,11,11,11,11,12,11,1,1,11,11,11,11,11,11,11,1,3,3,3,6,11,11,11,11,5,4,7,11,11,11,3,11,11,11,11,11,11,11,11,11,11,10,10,11,11,11,11,8,8,8,8,8,8,8,8,13,13,13,13,13,13,13,13","0.000705957412719727","walktrap","edit-xhwikibooks.graphml"
"0.61","0.14","0.25","0.390279315502205","1,11,1,1,2,1,2,1,1,1,2,2,1,1,1,3,5,4,8,2,11,12,9,1,1,1,1,3,6,5,4,7,10,2,8,8,13,1,11,11,11,11,12,12,12,12,11,12,12,12,11,11,11,11,11,12,12,12,12,11,9,11,11,1,1,11,11,11,11,11,12,11,1,1,11,11,11,11,11,11,11,1,3,3,3,6,11,11,11,11,5,4,7,11,11,11,3,11,11,11,11,11,11,11,11,11,11,10,10,11,11,11,11,8,8,8,8,8,8,8,8,13,13,13,13,13,13,13,13","0.000699996948242188","walktrap","edit-xhwikibooks.graphml"
"0.6","0.15","0.25","0.392116647973081","1,11,1,1,2,1,2,1,1,1,2,2,1,1,1,3,5,4,9,2,11,12,8,1,1,1,1,3,6,5,4,7,10,2,9,9,13,1,11,11,11,11,12,12,12,12,11,12,12,12,11,11,11,11,11,12,12,12,12,11,8,11,11,1,1,11,11,11,11,11,12,11,1,1,11,11,11,11,11,11,11,1,3,3,3,6,11,11,11,11,5,4,7,11,11,11,3,11,11,11,11,11,11,11,11,11,11,10,10,11,11,11,11,9,9,9,9,9,9,9,9,13,13,13,13,13,13,13,13","0.000668048858642578","walktrap","edit-xhwikibooks.graphml"
"0.59","0.16","0.25","0.39348166238067","1,11,1,1,2,1,2,1,1,1,2,2,1,1,1,3,5,4,9,2,11,12,8,1,1,1,1,3,6,5,4,7,10,2,9,9,13,1,11,11,11,11,12,12,12,12,11,12,12,12,11,11,11,11,11,12,12,12,12,11,8,11,11,1,1,11,11,11,11,11,12,11,1,1,11,11,11,11,11,11,11,1,3,3,3,6,11,11,11,11,5,4,7,11,11,11,3,11,11,11,11,11,11,11,11,11,11,10,10,11,11,11,11,9,9,9,9,9,9,9,9,13,13,13,13,13,13,13,13","0.000709056854248047","walktrap","edit-xhwikibooks.graphml"
"0.58","0.17","0.25","0.394385615624737","1,11,1,1,2,1,2,1,1,1,2,2,1,1,1,3,5,4,9,2,11,12,8,1,1,1,1,3,6,5,4,7,10,2,9,9,13,1,11,11,11,11,12,12,12,12,11,12,12,12,11,11,11,11,11,12,12,12,12,11,8,11,11,1,1,11,11,11,11,11,12,11,1,1,11,11,11,11,11,11,11,1,3,3,3,6,11,11,11,11,5,4,7,11,11,11,3,11,11,11,11,11,11,11,11,11,11,10,10,11,11,11,11,9,9,9,9,9,9,9,9,13,13,13,13,13,13,13,13","0.000705957412719727","walktrap","edit-xhwikibooks.graphml"
"0.57","0.18","0.25","0.394385615624737","1,11,1,1,2,1,2,1,1,1,2,2,1,1,1,3,5,4,9,2,11,12,8,1,1,1,1,3,6,5,4,7,10,2,9,9,13,1,11,11,11,11,12,12,12,12,11,12,12,12,11,11,11,11,11,12,12,12,12,11,8,11,11,1,1,11,11,11,11,11,12,11,1,1,11,11,11,11,11,11,11,1,3,3,3,6,11,11,11,11,5,4,7,11,11,11,3,11,11,11,11,11,11,11,11,11,11,10,10,11,11,11,11,9,9,9,9,9,9,9,9,13,13,13,13,13,13,13,13","0.000715970993041992","walktrap","edit-xhwikibooks.graphml"
"0.56","0.19","0.25","0.39398765298936","1,11,1,1,2,1,2,1,1,1,2,2,1,1,1,3,5,4,9,2,11,12,8,1,1,1,1,3,6,5,4,7,10,2,9,9,13,1,11,11,11,11,12,12,12,12,11,12,12,12,11,11,11,11,11,12,12,12,12,11,8,11,11,1,1,11,11,11,11,11,12,11,1,1,11,11,11,11,11,11,11,1,3,3,3,6,11,11,11,11,5,4,7,11,11,11,3,11,11,11,11,11,11,11,11,11,11,10,10,11,11,11,11,9,9,9,9,9,9,9,9,13,13,13,13,13,13,13,13","0.000722885131835938","walktrap","edit-xhwikibooks.graphml"
"0.55","0.2","0.25","0.396571424964016","1,11,1,1,2,1,2,1,1,1,2,2,1,1,1,3,5,4,9,2,11,12,8,1,1,1,1,3,6,5,4,7,10,2,9,9,13,1,11,11,11,11,12,12,12,12,11,12,12,12,11,11,11,11,11,12,12,12,12,11,8,11,11,1,1,11,11,11,11,11,12,11,1,1,11,11,11,11,11,11,11,1,3,3,3,6,11,11,11,11,5,4,7,11,11,11,3,11,11,11,11,11,11,11,11,11,11,10,10,11,11,11,11,9,9,9,9,9,9,9,9,13,13,13,13,13,13,13,13","0.000821113586425781","walktrap","edit-xhwikibooks.graphml"
"0.54","0.21","0.25","0.396173542881162","1,11,1,1,2,1,2,1,1,1,2,2,1,1,1,3,5,4,9,2,11,12,8,1,1,1,1,3,6,5,4,7,10,2,9,9,13,1,11,11,11,11,12,12,12,12,11,12,12,12,11,11,11,11,11,12,12,12,12,11,8,11,11,1,1,11,11,11,11,11,12,11,1,1,11,11,11,11,11,11,11,1,3,3,3,6,11,11,11,11,5,4,7,11,11,11,3,11,11,11,11,11,11,11,11,11,11,10,10,11,11,11,11,9,9,9,9,9,9,9,9,13,13,13,13,13,13,13,13","0.000905036926269531","walktrap","edit-xhwikibooks.graphml"
"0.53","0.22","0.25","0.396173542881162","1,11,1,1,2,1,2,1,1,1,2,2,1,1,1,3,5,4,9,2,11,12,8,1,1,1,1,3,6,5,4,7,10,2,9,9,13,1,11,11,11,11,12,12,12,12,11,12,12,12,11,11,11,11,11,12,12,12,12,11,8,11,11,1,1,11,11,11,11,11,12,11,1,1,11,11,11,11,11,11,11,1,3,3,3,6,11,11,11,11,5,4,7,11,11,11,3,11,11,11,11,11,11,11,11,11,11,10,10,11,11,11,11,9,9,9,9,9,9,9,9,13,13,13,13,13,13,13,13","0.000762939453125","walktrap","edit-xhwikibooks.graphml"
"0.52","0.23","0.25","0.3984625","1,11,1,1,2,1,2,1,1,1,2,2,1,1,1,3,5,4,9,2,11,12,8,1,1,1,1,3,6,5,4,7,10,2,9,9,13,1,11,11,11,11,12,12,12,12,11,12,12,12,11,11,11,11,11,12,12,12,12,11,8,11,11,1,1,11,11,11,11,11,12,11,1,1,11,11,11,11,11,11,11,1,3,3,3,6,11,11,11,11,5,4,7,11,11,11,3,11,11,11,11,11,11,11,11,11,11,10,10,11,11,11,11,9,9,9,9,9,9,9,9,13,13,13,13,13,13,13,13","0.000741004943847656","walktrap","edit-xhwikibooks.graphml"
"0.51","0.24","0.25","0.399793641219387","1,11,1,1,2,1,2,1,1,1,2,2,1,1,1,3,5,4,9,2,11,12,8,1,1,1,1,3,6,5,4,7,10,2,9,9,13,1,11,11,11,11,12,12,12,12,11,12,12,12,11,11,11,11,11,12,12,12,12,11,8,11,11,1,1,11,11,11,11,11,12,11,1,1,11,11,11,11,11,11,11,1,3,3,3,6,11,11,11,11,5,4,7,11,11,11,3,11,11,11,11,11,11,11,11,11,11,10,10,11,11,11,11,9,9,9,9,9,9,9,9,13,13,13,13,13,13,13,13","0.00071406364440918","walktrap","edit-xhwikibooks.graphml"
"0.5","0.25","0.25","0.404583489831229","1,11,1,1,2,1,2,1,1,1,2,2,1,1,1,3,5,4,9,2,11,12,8,1,1,1,1,3,6,5,4,7,10,2,9,9,13,1,11,11,11,11,12,12,12,12,11,12,12,12,11,11,11,11,11,12,12,12,12,11,8,11,11,1,1,11,11,11,11,11,12,11,1,1,11,11,11,11,11,11,11,1,3,3,3,6,11,11,11,11,5,4,7,11,11,11,3,11,11,11,11,11,11,11,11,11,11,10,10,11,11,11,11,9,9,9,9,9,9,9,9,13,13,13,13,13,13,13,13","0.000752925872802734","walktrap","edit-xhwikibooks.graphml"
"0.49","0.26","0.25","0.394972685569986","2,5,2,2,2,1,2,1,1,3,2,2,1,1,1,1,3,6,4,2,5,9,1,1,1,1,1,7,5,3,6,4,8,2,4,4,10,1,5,5,5,5,9,9,9,9,5,9,9,9,5,5,5,5,5,9,9,9,9,5,11,5,5,1,1,5,5,5,5,5,9,5,1,1,5,5,5,5,5,5,5,1,7,7,7,12,5,5,5,5,13,14,15,5,5,5,1,5,5,5,5,5,5,5,5,5,5,8,8,5,5,5,5,4,4,4,4,4,4,4,4,10,10,10,10,10,10,10,10","0.000729799270629883","walktrap","edit-xhwikibooks.graphml"
"0.48","0.27","0.25","0.394972685569986","2,5,2,2,2,1,2,1,1,3,2,2,1,1,1,1,3,6,4,2,5,9,1,1,1,1,1,7,5,3,6,4,8,2,4,4,10,1,5,5,5,5,9,9,9,9,5,9,9,9,5,5,5,5,5,9,9,9,9,5,11,5,5,1,1,5,5,5,5,5,9,5,1,1,5,5,5,5,5,5,5,1,7,7,7,12,5,5,5,5,13,14,15,5,5,5,1,5,5,5,5,5,5,5,5,5,5,8,8,5,5,5,5,4,4,4,4,4,4,4,4,10,10,10,10,10,10,10,10","0.000730037689208984","walktrap","edit-xhwikibooks.graphml"
"0.47","0.28","0.25","0.394571417269887","2,5,2,2,2,1,2,1,1,3,2,2,1,1,1,1,3,6,4,2,5,9,1,1,1,1,1,7,5,3,6,4,8,2,4,4,10,1,5,5,5,5,9,9,9,9,5,9,9,9,5,5,5,5,5,9,9,9,9,5,11,5,5,1,1,5,5,5,5,5,9,5,1,1,5,5,5,5,5,5,5,1,7,7,7,12,5,5,5,5,13,14,15,5,5,5,1,5,5,5,5,5,5,5,5,5,5,8,8,5,5,5,5,4,4,4,4,4,4,4,4,10,10,10,10,10,10,10,10","0.000741004943847656","walktrap","edit-xhwikibooks.graphml"
"0.46","0.29","0.25","0.397181085280593","2,5,2,2,2,1,2,1,1,3,2,2,1,1,1,1,3,6,4,2,5,9,1,1,1,1,1,7,5,3,6,4,8,2,4,4,10,1,5,5,5,5,9,9,9,9,5,9,9,9,5,5,5,5,5,9,9,9,9,5,11,5,5,1,1,5,5,5,5,5,9,5,1,1,5,5,5,5,5,5,5,1,7,7,7,12,5,5,5,5,13,14,15,5,5,5,1,5,5,5,5,5,5,5,5,5,5,8,8,5,5,5,5,4,4,4,4,4,4,4,4,10,10,10,10,10,10,10,10","0.000720024108886719","walktrap","edit-xhwikibooks.graphml"
"0.45","0.3","0.25","0.396779856910447","2,5,2,2,2,1,2,1,1,3,2,2,1,1,1,1,3,6,4,2,5,9,1,1,1,1,1,7,5,3,6,4,8,2,4,4,10,1,5,5,5,5,9,9,9,9,5,9,9,9,5,5,5,5,5,9,9,9,9,5,11,5,5,1,1,5,5,5,5,5,9,5,1,1,5,5,5,5,5,5,5,1,7,7,7,12,5,5,5,5,13,14,15,5,5,5,1,5,5,5,5,5,5,5,5,5,5,8,8,5,5,5,5,4,4,4,4,4,4,4,4,10,10,10,10,10,10,10,10","0.000720977783203125","walktrap","edit-xhwikibooks.graphml"
"0.44","0.31","0.25","0.398122809958005","2,5,2,2,2,1,2,1,1,3,2,2,1,1,1,1,3,6,4,2,5,9,1,1,1,1,1,7,5,3,6,4,8,2,4,4,10,1,5,5,5,5,9,9,9,9,5,9,9,9,5,5,5,5,5,9,9,9,9,5,11,5,5,1,1,5,5,5,5,5,9,5,1,1,5,5,5,5,5,5,5,1,7,7,7,12,5,5,5,5,13,14,15,5,5,5,1,5,5,5,5,5,5,5,5,5,5,8,8,5,5,5,5,4,4,4,4,4,4,4,4,10,10,10,10,10,10,10,10","0.000704050064086914","walktrap","edit-xhwikibooks.graphml"
"0.43","0.32","0.25","0.397721875","2,5,2,2,2,1,2,1,1,3,2,2,1,1,1,1,3,6,4,2,5,9,1,1,1,1,1,7,5,3,6,4,8,2,4,4,10,1,5,5,5,5,9,9,9,9,5,9,9,9,5,5,5,5,5,9,9,9,9,5,11,5,5,1,1,5,5,5,5,5,9,5,1,1,5,5,5,5,5,5,5,1,7,7,7,12,5,5,5,5,13,14,15,5,5,5,1,5,5,5,5,5,5,5,5,5,5,8,8,5,5,5,5,4,4,4,4,4,4,4,4,10,10,10,10,10,10,10,10","0.00072479248046875","walktrap","edit-xhwikibooks.graphml"
"0.42","0.33","0.25","0.397721875","2,5,2,2,2,1,2,1,1,3,2,2,1,1,1,1,3,6,4,2,5,9,1,1,1,1,1,7,5,3,6,4,8,2,4,4,10,1,5,5,5,5,9,9,9,9,5,9,9,9,5,5,5,5,5,9,9,9,9,5,11,5,5,1,1,5,5,5,5,5,9,5,1,1,5,5,5,5,5,5,5,1,7,7,7,12,5,5,5,5,13,14,15,5,5,5,1,5,5,5,5,5,5,5,5,5,5,8,8,5,5,5,5,4,4,4,4,4,4,4,4,10,10,10,10,10,10,10,10","0.000915050506591797","walktrap","edit-xhwikibooks.graphml"
"0.41","0.34","0.25","0.415577552787083","2,5,2,2,2,1,2,1,1,3,2,2,1,1,1,1,3,6,4,2,5,9,1,1,1,1,1,7,5,3,6,4,8,2,4,4,10,1,5,5,5,5,9,9,9,9,5,9,9,9,5,5,5,5,5,9,9,9,9,5,11,5,5,1,1,5,5,5,5,5,9,5,1,1,5,5,5,5,5,5,5,1,7,7,7,12,5,5,5,5,13,14,15,5,5,5,1,5,5,5,5,5,5,5,5,5,5,8,8,5,5,5,5,4,4,4,4,4,4,4,4,10,10,10,10,10,10,10,10","0.000721931457519531","walktrap","edit-xhwikibooks.graphml"
"0.4","0.35","0.25","0.415172349577086","2,5,2,2,2,1,2,1,1,3,2,2,1,1,1,1,3,6,4,2,5,9,1,1,1,1,1,7,5,3,6,4,8,2,4,4,10,1,5,5,5,5,9,9,9,9,5,9,9,9,5,5,5,5,5,9,9,9,9,5,11,5,5,1,1,5,5,5,5,5,9,5,1,1,5,5,5,5,5,5,5,1,7,7,7,12,5,5,5,5,13,14,15,5,5,5,1,5,5,5,5,5,5,5,5,5,5,8,8,5,5,5,5,4,4,4,4,4,4,4,4,10,10,10,10,10,10,10,10","0.00071406364440918","walktrap","edit-xhwikibooks.graphml"
"0.39","0.36","0.25","0.414767883815314","2,5,2,2,2,1,2,1,1,3,2,2,1,1,1,1,3,6,4,2,5,9,1,1,1,1,1,7,5,3,6,4,8,2,4,4,10,1,5,5,5,5,9,9,9,9,5,9,9,9,5,5,5,5,5,9,9,9,9,5,11,5,5,1,1,5,5,5,5,5,9,5,1,1,5,5,5,5,5,5,5,1,7,7,7,12,5,5,5,5,13,14,15,5,5,5,1,5,5,5,5,5,5,5,5,5,5,8,8,5,5,5,5,4,4,4,4,4,4,4,4,10,10,10,10,10,10,10,10","0.000704050064086914","walktrap","edit-xhwikibooks.graphml"
"0.38","0.37","0.25","0.414767883815314","2,5,2,2,2,1,2,1,1,3,2,2,1,1,1,1,3,6,4,2,5,9,1,1,1,1,1,7,5,3,6,4,8,2,4,4,10,1,5,5,5,5,9,9,9,9,5,9,9,9,5,5,5,5,5,9,9,9,9,5,11,5,5,1,1,5,5,5,5,5,9,5,1,1,5,5,5,5,5,5,5,1,7,7,7,12,5,5,5,5,13,14,15,5,5,5,1,5,5,5,5,5,5,5,5,5,5,8,8,5,5,5,5,4,4,4,4,4,4,4,4,10,10,10,10,10,10,10,10","0.000722885131835938","walktrap","edit-xhwikibooks.graphml"
"0.37","0.38","0.25","0.414364153729354","2,5,2,2,2,1,2,1,1,3,2,2,1,1,1,1,3,6,4,2,5,9,1,1,1,1,1,7,5,3,6,4,8,2,4,4,10,1,5,5,5,5,9,9,9,9,5,9,9,9,5,5,5,5,5,9,9,9,9,5,11,5,5,1,1,5,5,5,5,5,9,5,1,1,5,5,5,5,5,5,5,1,7,7,7,12,5,5,5,5,13,14,15,5,5,5,1,5,5,5,5,5,5,5,5,5,5,8,8,5,5,5,5,4,4,4,4,4,4,4,4,10,10,10,10,10,10,10,10","0.000710010528564453","walktrap","edit-xhwikibooks.graphml"
"0.36","0.39","0.25","0.415632393654371","2,5,2,2,2,1,2,1,1,3,2,2,1,1,1,1,3,6,4,2,5,10,1,1,1,1,1,7,5,3,6,4,8,2,4,4,9,1,5,5,5,5,10,10,10,10,5,10,10,10,5,5,5,5,5,10,10,10,10,5,11,5,5,1,1,5,5,5,5,5,10,5,1,1,5,5,5,5,5,5,5,1,7,7,7,12,5,5,5,5,13,14,15,5,5,5,1,5,5,5,5,5,5,5,5,5,5,8,8,5,5,5,5,4,4,4,4,4,4,4,4,9,9,9,9,9,9,9,9","0.000737905502319336","walktrap","edit-xhwikibooks.graphml"
"0.35","0.4","0.25","0.417650854541472","2,5,2,2,2,1,2,1,1,3,2,2,1,1,1,1,3,6,4,2,5,10,1,1,1,1,1,7,5,3,6,4,8,2,4,4,9,1,5,5,5,5,10,10,10,10,5,10,10,10,5,5,5,5,5,10,10,10,10,5,11,5,5,1,1,5,5,5,5,5,10,5,1,1,5,5,5,5,5,5,5,1,7,7,7,12,5,5,5,5,13,14,15,5,5,5,1,5,5,5,5,5,5,5,5,5,5,8,8,5,5,5,5,4,4,4,4,4,4,4,4,9,9,9,9,9,9,9,9","0.000769138336181641","walktrap","edit-xhwikibooks.graphml"
"0.34","0.41","0.25","0.417650854541472","2,5,2,2,2,1,2,1,1,3,2,2,1,1,1,1,3,6,4,2,5,10,1,1,1,1,1,7,5,3,6,4,8,2,4,4,9,1,5,5,5,5,10,10,10,10,5,10,10,10,5,5,5,5,5,10,10,10,10,5,11,5,5,1,1,5,5,5,5,5,10,5,1,1,5,5,5,5,5,5,5,1,7,7,7,12,5,5,5,5,13,14,15,5,5,5,1,5,5,5,5,5,5,5,5,5,5,8,8,5,5,5,5,4,4,4,4,4,4,4,4,9,9,9,9,9,9,9,9","0.000754117965698242","walktrap","edit-xhwikibooks.graphml"
"0.33","0.42","0.25","0.417247748140121","2,5,2,2,2,1,2,1,1,3,2,2,1,1,1,1,3,6,4,2,5,10,1,1,1,1,1,7,5,3,6,4,8,2,4,4,9,1,5,5,5,5,10,10,10,10,5,10,10,10,5,5,5,5,5,10,10,10,10,5,11,5,5,1,1,5,5,5,5,5,10,5,1,1,5,5,5,5,5,5,5,1,7,7,7,12,5,5,5,5,13,14,15,5,5,5,1,5,5,5,5,5,5,5,5,5,5,8,8,5,5,5,5,4,4,4,4,4,4,4,4,9,9,9,9,9,9,9,9","0.000746965408325195","walktrap","edit-xhwikibooks.graphml"
"0.32","0.43","0.25","0.419634894398531","2,5,2,2,2,1,2,1,1,3,2,2,1,1,1,1,3,6,4,2,5,10,1,1,1,1,1,7,5,3,6,4,8,2,4,4,9,1,5,5,5,5,10,10,10,10,5,10,10,10,5,5,5,5,5,10,10,10,10,5,11,5,5,1,1,5,5,5,5,5,10,5,1,1,5,5,5,5,5,5,5,1,7,7,7,12,5,5,5,5,13,14,15,5,5,5,1,5,5,5,5,5,5,5,5,5,5,8,8,5,5,5,5,4,4,4,4,4,4,4,4,9,9,9,9,9,9,9,9","0.000771999359130859","walktrap","edit-xhwikibooks.graphml"
"0.31","0.44","0.25","0.419232099619509","2,5,2,2,2,1,2,1,1,3,2,2,1,1,1,1,3,6,4,2,5,10,1,1,1,1,1,7,5,3,6,4,8,2,4,4,9,1,5,5,5,5,10,10,10,10,5,10,10,10,5,5,5,5,5,10,10,10,10,5,11,5,5,1,1,5,5,5,5,5,10,5,1,1,5,5,5,5,5,5,5,1,7,7,7,12,5,5,5,5,13,14,15,5,5,5,1,5,5,5,5,5,5,5,5,5,5,8,8,5,5,5,5,4,4,4,4,4,4,4,4,9,9,9,9,9,9,9,9","0.000734806060791016","walktrap","edit-xhwikibooks.graphml"
"0.3","0.45","0.25","0.421714917500992","2,5,2,2,2,1,2,1,1,3,2,2,1,1,1,1,3,6,4,2,5,9,1,1,1,1,1,7,5,3,6,4,8,2,4,4,10,1,5,5,5,5,9,9,9,9,5,9,9,9,5,5,5,5,5,9,9,9,9,5,11,5,5,1,1,5,5,5,5,5,9,5,1,1,5,5,5,5,5,5,5,1,7,7,7,12,5,5,5,5,13,14,15,5,5,5,1,5,5,5,5,5,5,5,5,5,5,8,8,5,5,5,5,4,4,4,4,4,4,4,4,10,10,10,10,10,10,10,10","0.000758171081542969","walktrap","edit-xhwikibooks.graphml"
"0.29","0.46","0.25","0.421312174331857","2,5,2,2,2,1,2,1,1,3,2,2,1,1,1,1,3,6,4,2,5,9,1,1,1,1,1,7,5,3,6,4,8,2,4,4,10,1,5,5,5,5,9,9,9,9,5,9,9,9,5,5,5,5,5,9,9,9,9,5,11,5,5,1,1,5,5,5,5,5,9,5,1,1,5,5,5,5,5,5,5,1,7,7,7,12,5,5,5,5,13,14,15,5,5,5,1,5,5,5,5,5,5,5,5,5,5,8,8,5,5,5,5,4,4,4,4,4,4,4,4,10,10,10,10,10,10,10,10","0.000720977783203125","walktrap","edit-xhwikibooks.graphml"
"0.28","0.47","0.25","0.422546087966323","2,5,2,2,2,1,2,1,1,3,2,2,1,1,1,1,3,6,4,2,5,10,1,1,1,1,1,7,5,3,6,4,8,2,4,4,9,1,5,5,5,5,10,10,10,10,5,10,10,10,5,5,5,5,5,10,10,10,10,5,11,5,5,1,1,5,5,5,5,5,10,5,1,1,5,5,5,5,5,5,5,1,7,7,7,12,5,5,5,5,13,14,15,5,5,5,1,5,5,5,5,5,5,5,5,5,5,8,8,5,5,5,5,4,4,4,4,4,4,4,4,9,9,9,9,9,9,9,9","0.000730037689208984","walktrap","edit-xhwikibooks.graphml"
"0.27","0.48","0.25","0.422143735310856","2,5,2,2,2,1,2,1,1,3,2,2,1,1,1,1,3,6,4,2,5,10,1,1,1,1,1,7,5,3,6,4,8,2,4,4,9,1,5,5,5,5,10,10,10,10,5,10,10,10,5,5,5,5,5,10,10,10,10,5,11,5,5,1,1,5,5,5,5,5,10,5,1,1,5,5,5,5,5,5,5,1,7,7,7,12,5,5,5,5,13,14,15,5,5,5,1,5,5,5,5,5,5,5,5,5,5,8,8,5,5,5,5,4,4,4,4,4,4,4,4,9,9,9,9,9,9,9,9","0.000720977783203125","walktrap","edit-xhwikibooks.graphml"
"0.26","0.49","0.25","0.422143735310856","2,5,2,2,2,1,2,1,1,3,2,2,1,1,1,1,3,6,4,2,5,10,1,1,1,1,1,7,5,3,6,4,8,2,4,4,9,1,5,5,5,5,10,10,10,10,5,10,10,10,5,5,5,5,5,10,10,10,10,5,11,5,5,1,1,5,5,5,5,5,10,5,1,1,5,5,5,5,5,5,5,1,7,7,7,12,5,5,5,5,13,14,15,5,5,5,1,5,5,5,5,5,5,5,5,5,5,8,8,5,5,5,5,4,4,4,4,4,4,4,4,9,9,9,9,9,9,9,9","0.000725030899047852","walktrap","edit-xhwikibooks.graphml"
"0.25","0.5","0.25","0.467175207279923","1,4,1,1,1,1,1,2,2,5,1,1,2,2,2,1,5,6,3,1,4,10,2,2,2,2,2,7,4,5,6,3,8,1,3,3,9,2,4,4,4,4,10,10,10,10,4,10,10,10,4,4,4,4,4,10,10,10,10,4,11,4,4,2,2,4,4,4,4,4,10,4,2,2,4,4,4,4,4,4,4,2,7,7,7,12,4,4,4,4,13,14,15,4,4,4,1,4,4,4,4,4,4,4,4,4,4,8,8,4,4,4,4,3,3,3,3,3,3,3,3,9,9,9,9,9,9,9,9","0.000733137130737305","walktrap","edit-xhwikibooks.graphml"
"0.24","0.51","0.25","0.448062979558929","1,4,1,1,2,1,2,1,1,1,2,2,1,1,1,6,9,2,3,5,4,8,1,1,1,1,1,6,4,10,11,3,5,5,3,3,7,1,4,4,4,4,8,8,8,8,4,8,8,8,4,4,4,4,4,8,8,8,8,4,12,4,4,13,14,4,4,4,4,4,8,4,1,1,4,4,4,4,4,4,4,15,6,6,6,16,4,4,4,4,17,18,19,4,4,4,20,4,4,4,4,4,4,4,4,4,4,21,22,4,4,4,4,3,3,3,3,3,3,3,3,7,7,7,7,7,7,7,7","0.000713825225830078","walktrap","edit-xhwikibooks.graphml"
"0.23","0.52","0.25","0.448062979558929","1,4,1,1,2,1,2,1,1,1,2,2,1,1,1,6,9,2,3,5,4,8,1,1,1,1,1,6,4,10,11,3,5,5,3,3,7,1,4,4,4,4,8,8,8,8,4,8,8,8,4,4,4,4,4,8,8,8,8,4,12,4,4,13,14,4,4,4,4,4,8,4,1,1,4,4,4,4,4,4,4,15,6,6,6,16,4,4,4,4,17,18,19,4,4,4,20,4,4,4,4,4,4,4,4,4,4,21,22,4,4,4,4,3,3,3,3,3,3,3,3,7,7,7,7,7,7,7,7","0.000694036483764648","walktrap","edit-xhwikibooks.graphml"
"0.22","0.53","0.25","0.4476570568722","1,4,1,1,2,1,2,1,1,1,2,2,1,1,1,6,9,2,3,5,4,8,1,1,1,1,1,6,4,10,11,3,5,5,3,3,7,1,4,4,4,4,8,8,8,8,4,8,8,8,4,4,4,4,4,8,8,8,8,4,12,4,4,13,14,4,4,4,4,4,8,4,1,1,4,4,4,4,4,4,4,15,6,6,6,16,4,4,4,4,17,18,19,4,4,4,20,4,4,4,4,4,4,4,4,4,4,21,22,4,4,4,4,3,3,3,3,3,3,3,3,7,7,7,7,7,7,7,7","0.000725030899047852","walktrap","edit-xhwikibooks.graphml"
"0.21","0.54","0.25","0.448799431173028","1,4,1,1,2,1,2,1,1,1,2,2,1,1,1,6,9,2,3,5,4,8,1,1,1,1,1,6,4,10,11,3,5,5,3,3,7,1,4,4,4,4,8,8,8,8,4,8,8,8,4,4,4,4,4,8,8,8,8,4,12,4,4,13,14,4,4,4,4,4,8,4,1,1,4,4,4,4,4,4,4,15,6,6,6,16,4,4,4,4,17,18,19,4,4,4,20,4,4,4,4,4,4,4,4,4,4,21,22,4,4,4,4,3,3,3,3,3,3,3,3,7,7,7,7,7,7,7,7","0.000724077224731445","walktrap","edit-xhwikibooks.graphml"
"0.2","0.55","0.25","0.447989170891269","1,4,1,1,2,1,2,1,1,1,2,2,1,1,1,6,9,2,3,5,4,8,1,1,1,1,1,6,4,10,11,3,5,5,3,3,7,1,4,4,4,4,8,8,8,8,4,8,8,8,4,4,4,4,4,8,8,8,8,4,12,4,4,13,14,4,4,4,4,4,8,4,1,1,4,4,4,4,4,4,4,15,6,6,6,16,4,4,4,4,17,18,19,4,4,4,20,4,4,4,4,4,4,4,4,4,4,21,22,4,4,4,4,3,3,3,3,3,3,3,3,7,7,7,7,7,7,7,7","0.000730991363525391","walktrap","edit-xhwikibooks.graphml"
"0.19","0.56","0.25","0.450221065440779","1,4,1,1,2,1,2,1,1,1,2,2,1,1,1,6,9,2,3,5,4,8,1,1,1,1,1,6,4,10,11,3,5,5,3,3,7,1,4,4,4,4,8,8,8,8,4,8,8,8,4,4,4,4,4,8,8,8,8,4,12,4,4,13,14,4,4,4,4,4,8,4,1,1,4,4,4,4,4,4,4,15,6,6,6,16,4,4,4,4,17,18,19,4,4,4,20,4,4,4,4,4,4,4,4,4,4,21,22,4,4,4,4,3,3,3,3,3,3,3,3,7,7,7,7,7,7,7,7","0.000716924667358398","walktrap","edit-xhwikibooks.graphml"
"0.18","0.57","0.25","0.44981661115765","1,4,1,1,2,1,2,1,1,1,2,2,1,1,1,6,9,2,3,5,4,8,1,1,1,1,1,6,4,10,11,3,5,5,3,3,7,1,4,4,4,4,8,8,8,8,4,8,8,8,4,4,4,4,4,8,8,8,8,4,12,4,4,13,14,4,4,4,4,4,8,4,1,1,4,4,4,4,4,4,4,15,6,6,6,16,4,4,4,4,17,18,19,4,4,4,20,4,4,4,4,4,4,4,4,4,4,21,22,4,4,4,4,3,3,3,3,3,3,3,3,7,7,7,7,7,7,7,7","0.00074315071105957","walktrap","edit-xhwikibooks.graphml"
"0.17","0.58","0.25","0.451899179477127","1,4,1,1,2,1,2,1,1,1,2,2,1,1,1,6,9,2,3,5,4,8,1,1,1,1,1,6,4,10,11,3,5,5,3,3,7,1,4,4,4,4,8,8,8,8,4,8,8,8,4,4,4,4,4,8,8,8,8,4,12,4,4,13,14,4,4,4,4,4,8,4,1,1,4,4,4,4,4,4,4,15,6,6,6,16,4,4,4,4,17,18,19,4,4,4,20,4,4,4,4,4,4,4,4,4,4,21,22,4,4,4,4,3,3,3,3,3,3,3,3,7,7,7,7,7,7,7,7","0.000725030899047852","walktrap","edit-xhwikibooks.graphml"
"0.16","0.59","0.25","0.452545023221624","1,4,1,1,2,1,2,1,1,1,2,2,1,1,1,6,9,2,3,5,4,8,1,1,1,1,1,6,4,10,11,3,5,5,3,3,7,1,4,4,4,4,8,8,8,8,4,8,8,8,4,4,4,4,4,8,8,8,8,4,12,4,4,13,14,4,4,4,4,4,8,4,1,1,4,4,4,4,4,4,4,15,6,6,6,16,4,4,4,4,17,18,19,4,4,4,20,4,4,4,4,4,4,4,4,4,4,21,22,4,4,4,4,3,3,3,3,3,3,3,3,7,7,7,7,7,7,7,7","0.000765085220336914","walktrap","edit-xhwikibooks.graphml"
"0.15","0.6","0.25","0.45425900871238","1,4,1,1,2,1,2,1,1,1,2,2,1,1,1,1,9,2,3,5,4,8,1,1,1,1,1,6,4,10,11,3,5,5,3,3,7,1,4,4,4,4,8,8,8,8,4,8,8,8,4,4,4,4,4,8,8,8,8,4,12,4,4,13,14,4,4,4,4,4,8,4,1,1,4,4,4,4,4,4,4,15,6,6,6,16,4,4,4,4,17,18,19,4,4,4,20,4,4,4,4,4,4,4,4,4,4,21,22,4,4,4,4,3,3,3,3,3,3,3,3,7,7,7,7,7,7,7,7","0.000705957412719727","walktrap","edit-xhwikibooks.graphml"
"0.14","0.61","0.25","0.453856659729448","1,4,1,1,2,1,2,1,1,1,2,2,1,1,1,1,9,2,3,5,4,8,1,1,1,1,1,6,4,10,11,3,5,5,3,3,7,1,4,4,4,4,8,8,8,8,4,8,8,8,4,4,4,4,4,8,8,8,8,4,12,4,4,13,14,4,4,4,4,4,8,4,1,1,4,4,4,4,4,4,4,15,6,6,6,16,4,4,4,4,17,18,19,4,4,4,20,4,4,4,4,4,4,4,4,4,4,21,22,4,4,4,4,3,3,3,3,3,3,3,3,7,7,7,7,7,7,7,7","0.000686168670654297","walktrap","edit-xhwikibooks.graphml"
"0.13","0.62","0.25","0.454967218910934","1,4,1,1,2,1,2,1,1,1,2,2,1,1,1,1,9,2,3,5,4,8,1,1,1,1,1,6,4,10,11,3,5,5,3,3,7,1,4,4,4,4,8,8,8,8,4,8,8,8,4,4,4,4,4,8,8,8,8,4,12,4,4,13,14,4,4,4,4,4,8,4,1,1,4,4,4,4,4,4,4,15,6,6,6,16,4,4,4,4,17,18,19,4,4,4,20,4,4,4,4,4,4,4,4,4,4,21,22,4,4,4,4,3,3,3,3,3,3,3,3,7,7,7,7,7,7,7,7","0.000679969787597656","walktrap","edit-xhwikibooks.graphml"
"0.12","0.63","0.25","0.454565332276391","1,4,1,1,2,1,2,1,1,1,2,2,1,1,1,1,9,2,3,5,4,8,1,1,1,1,1,6,4,10,11,3,5,5,3,3,7,1,4,4,4,4,8,8,8,8,4,8,8,8,4,4,4,4,4,8,8,8,8,4,12,4,4,13,14,4,4,4,4,4,8,4,1,1,4,4,4,4,4,4,4,15,6,6,6,16,4,4,4,4,17,18,19,4,4,4,20,4,4,4,4,4,4,4,4,4,4,21,22,4,4,4,4,3,3,3,3,3,3,3,3,7,7,7,7,7,7,7,7","0.000699996948242188","walktrap","edit-xhwikibooks.graphml"
"0.11","0.64","0.25","0.454565332276391","1,4,1,1,2,1,2,1,1,1,2,2,1,1,1,1,9,2,3,5,4,8,1,1,1,1,1,6,4,10,11,3,5,5,3,3,7,1,4,4,4,4,8,8,8,8,4,8,8,8,4,4,4,4,4,8,8,8,8,4,12,4,4,13,14,4,4,4,4,4,8,4,1,1,4,4,4,4,4,4,4,15,6,6,6,16,4,4,4,4,17,18,19,4,4,4,20,4,4,4,4,4,4,4,4,4,4,21,22,4,4,4,4,3,3,3,3,3,3,3,3,7,7,7,7,7,7,7,7","0.000699996948242188","walktrap","edit-xhwikibooks.graphml"
"0.1","0.65","0.25","0.45416409078866","1,4,1,1,2,1,2,1,1,1,2,2,1,1,1,1,9,2,3,5,4,8,1,1,1,1,1,6,4,10,11,3,5,5,3,3,7,1,4,4,4,4,8,8,8,8,4,8,8,8,4,4,4,4,4,8,8,8,8,4,12,4,4,13,14,4,4,4,4,4,8,4,1,1,4,4,4,4,4,4,4,15,6,6,6,16,4,4,4,4,17,18,19,4,4,4,20,4,4,4,4,4,4,4,4,4,4,21,22,4,4,4,4,3,3,3,3,3,3,3,3,7,7,7,7,7,7,7,7","0.000700950622558594","walktrap","edit-xhwikibooks.graphml"
"0.09","0.66","0.25","0.45416409078866","1,4,1,1,2,1,2,1,1,1,2,2,1,1,1,1,9,2,3,5,4,8,1,1,1,1,1,6,4,10,11,3,5,5,3,3,7,1,4,4,4,4,8,8,8,8,4,8,8,8,4,4,4,4,4,8,8,8,8,4,12,4,4,13,14,4,4,4,4,4,8,4,1,1,4,4,4,4,4,4,4,15,6,6,6,16,4,4,4,4,17,18,19,4,4,4,20,4,4,4,4,4,4,4,4,4,4,21,22,4,4,4,4,3,3,3,3,3,3,3,3,7,7,7,7,7,7,7,7","0.000708103179931641","walktrap","edit-xhwikibooks.graphml"
"0.08","0.67","0.25","0.46841639957401","3,5,3,3,3,3,3,1,1,3,7,4,1,1,1,6,10,7,2,4,5,9,1,1,1,1,1,6,5,11,12,2,4,4,2,2,8,1,5,5,5,5,9,9,9,9,5,9,9,9,5,5,5,5,5,9,9,9,9,5,13,5,5,14,15,5,5,5,5,5,9,5,1,1,5,5,5,5,5,5,5,16,6,6,6,17,5,5,5,5,18,19,20,5,5,5,21,5,5,5,5,5,5,5,5,5,5,22,23,5,5,5,5,2,2,2,2,2,2,2,2,8,8,8,8,8,8,8,8","0.000716924667358398","walktrap","edit-xhwikibooks.graphml"
"0.07","0.68","0.25","0.46841639957401","3,5,3,3,3,3,3,1,1,3,7,4,1,1,1,6,10,7,2,4,5,9,1,1,1,1,1,6,5,11,12,2,4,4,2,2,8,1,5,5,5,5,9,9,9,9,5,9,9,9,5,5,5,5,5,9,9,9,9,5,13,5,5,14,15,5,5,5,5,5,9,5,1,1,5,5,5,5,5,5,5,16,6,6,6,17,5,5,5,5,18,19,20,5,5,5,21,5,5,5,5,5,5,5,5,5,5,22,23,5,5,5,5,2,2,2,2,2,2,2,2,8,8,8,8,8,8,8,8","0.000715970993041992","walktrap","edit-xhwikibooks.graphml"
"0.06","0.69","0.25","0.468011576460181","3,5,3,3,3,3,3,1,1,3,7,4,1,1,1,6,10,7,2,4,5,9,1,1,1,1,1,6,5,11,12,2,4,4,2,2,8,1,5,5,5,5,9,9,9,9,5,9,9,9,5,5,5,5,5,9,9,9,9,5,13,5,5,14,15,5,5,5,5,5,9,5,1,1,5,5,5,5,5,5,5,16,6,6,6,17,5,5,5,5,18,19,20,5,5,5,21,5,5,5,5,5,5,5,5,5,5,22,23,5,5,5,5,2,2,2,2,2,2,2,2,8,8,8,8,8,8,8,8","0.000731945037841797","walktrap","edit-xhwikibooks.graphml"
"0.05","0.7","0.25","0.46906323553283","3,5,3,3,3,3,3,1,1,3,7,4,1,1,1,6,10,7,2,4,5,9,1,1,1,1,1,6,5,11,12,2,4,4,2,2,8,1,5,5,5,5,9,9,9,9,5,9,9,9,5,5,5,5,5,9,9,9,9,5,13,5,5,14,15,5,5,5,5,5,9,5,1,1,5,5,5,5,5,5,5,16,6,6,6,17,5,5,5,5,18,19,20,5,5,5,21,5,5,5,5,5,5,5,5,5,5,22,23,5,5,5,5,2,2,2,2,2,2,2,2,8,8,8,8,8,8,8,8","0.000741958618164062","walktrap","edit-xhwikibooks.graphml"
"0.04","0.71","0.25","0.468658937317875","3,5,3,3,3,3,3,1,1,3,7,4,1,1,1,6,10,7,2,4,5,9,1,1,1,1,1,6,5,11,12,2,4,4,2,2,8,1,5,5,5,5,9,9,9,9,5,9,9,9,5,5,5,5,5,9,9,9,9,5,13,5,5,14,15,5,5,5,5,5,9,5,1,1,5,5,5,5,5,5,5,16,6,6,6,17,5,5,5,5,18,19,20,5,5,5,21,5,5,5,5,5,5,5,5,5,5,22,23,5,5,5,5,2,2,2,2,2,2,2,2,8,8,8,8,8,8,8,8","0.000720977783203125","walktrap","edit-xhwikibooks.graphml"
"0.03","0.72","0.25","0.47061209425594","3,5,3,3,3,3,3,1,1,3,7,4,1,1,1,6,10,7,2,4,5,9,1,1,1,1,1,6,5,11,12,2,4,4,2,2,8,1,5,5,5,5,9,9,9,9,5,9,9,9,5,5,5,5,5,9,9,9,9,5,13,5,5,14,15,5,5,5,5,5,9,5,1,1,5,5,5,5,5,5,5,16,6,6,6,17,5,5,5,5,18,19,20,5,5,5,21,5,5,5,5,5,5,5,5,5,5,22,23,5,5,5,5,2,2,2,2,2,2,2,2,8,8,8,8,8,8,8,8","0.000709056854248047","walktrap","edit-xhwikibooks.graphml"
"0.02","0.73","0.25","0.470208530233868","3,5,3,3,3,3,3,1,1,3,7,4,1,1,1,6,10,7,2,4,5,9,1,1,1,1,1,6,5,11,12,2,4,4,2,2,8,1,5,5,5,5,9,9,9,9,5,9,9,9,5,5,5,5,5,9,9,9,9,5,13,5,5,14,15,5,5,5,5,5,9,5,1,1,5,5,5,5,5,5,5,16,6,6,6,17,5,5,5,5,18,19,20,5,5,5,21,5,5,5,5,5,5,5,5,5,5,22,23,5,5,5,5,2,2,2,2,2,2,2,2,8,8,8,8,8,8,8,8","0.000796079635620117","walktrap","edit-xhwikibooks.graphml"
"0.01","0.74","0.25","0.470208530233868","3,5,3,3,3,3,3,1,1,3,7,4,1,1,1,6,10,7,2,4,5,9,1,1,1,1,1,6,5,11,12,2,4,4,2,2,8,1,5,5,5,5,9,9,9,9,5,9,9,9,5,5,5,5,5,9,9,9,9,5,13,5,5,14,15,5,5,5,5,5,9,5,1,1,5,5,5,5,5,5,5,16,6,6,6,17,5,5,5,5,18,19,20,5,5,5,21,5,5,5,5,5,5,5,5,5,5,22,23,5,5,5,5,2,2,2,2,2,2,2,2,8,8,8,8,8,8,8,8","0.00066685676574707","walktrap","edit-xhwikibooks.graphml"
"0","0.75","0.25","0.474836518129846","2,7,2,2,2,2,2,1,1,2,5,2,1,1,1,2,10,5,3,4,7,9,1,1,1,1,1,6,2,11,12,3,4,4,3,3,8,1,7,7,7,7,9,9,9,9,7,9,9,9,7,7,7,7,7,9,9,9,9,7,13,7,7,14,15,7,7,7,7,7,9,7,1,1,7,7,7,7,7,7,7,16,6,6,6,17,7,7,7,7,18,19,20,7,7,7,21,7,7,7,7,7,7,7,7,7,7,22,23,7,7,7,7,3,3,3,3,3,3,3,3,8,8,8,8,8,8,8,8","0.000722885131835938","walktrap","edit-xhwikibooks.graphml"
"0.74","0","0.26","0.409883842491984","1,13,1,1,1,1,1,3,3,1,1,2,3,3,3,1,5,4,6,2,13,11,9,3,3,3,3,10,7,5,4,8,2,2,6,6,12,3,13,13,13,13,11,11,11,11,13,11,11,11,13,13,13,13,13,11,11,11,11,13,9,13,13,3,3,13,13,13,13,13,11,13,3,3,13,13,13,13,13,13,13,3,10,10,10,7,13,13,13,13,5,4,8,13,13,13,1,13,13,13,13,13,13,13,13,13,13,2,2,13,13,13,13,6,6,6,6,6,6,6,6,12,12,12,12,12,12,12,12","0.000696897506713867","walktrap","edit-xhwikibooks.graphml"
"0.73","0.01","0.26","0.409883842491984","1,13,1,1,1,1,1,3,3,1,1,2,3,3,3,1,5,4,6,2,13,11,9,3,3,3,3,10,7,5,4,8,2,2,6,6,12,3,13,13,13,13,11,11,11,11,13,11,11,11,13,13,13,13,13,11,11,11,11,13,9,13,13,3,3,13,13,13,13,13,11,13,3,3,13,13,13,13,13,13,13,3,10,10,10,7,13,13,13,13,5,4,8,13,13,13,1,13,13,13,13,13,13,13,13,13,13,2,2,13,13,13,13,6,6,6,6,6,6,6,6,12,12,12,12,12,12,12,12","0.00067901611328125","walktrap","edit-xhwikibooks.graphml"
"0.72","0.02","0.26","0.409883842491984","1,13,1,1,1,1,1,3,3,1,1,2,3,3,3,1,5,4,6,2,13,11,9,3,3,3,3,10,7,5,4,8,2,2,6,6,12,3,13,13,13,13,11,11,11,11,13,11,11,11,13,13,13,13,13,11,11,11,11,13,9,13,13,3,3,13,13,13,13,13,11,13,3,3,13,13,13,13,13,13,13,3,10,10,10,7,13,13,13,13,5,4,8,13,13,13,1,13,13,13,13,13,13,13,13,13,13,2,2,13,13,13,13,6,6,6,6,6,6,6,6,12,12,12,12,12,12,12,12","0.000691890716552734","walktrap","edit-xhwikibooks.graphml"
"0.71","0.03","0.26","0.409506704851934","1,13,1,1,1,1,1,3,3,1,1,2,3,3,3,1,5,4,6,2,13,11,9,3,3,3,3,10,7,5,4,8,2,2,6,6,12,3,13,13,13,13,11,11,11,11,13,11,11,11,13,13,13,13,13,11,11,11,11,13,9,13,13,3,3,13,13,13,13,13,11,13,3,3,13,13,13,13,13,13,13,3,10,10,10,7,13,13,13,13,5,4,8,13,13,13,1,13,13,13,13,13,13,13,13,13,13,2,2,13,13,13,13,6,6,6,6,6,6,6,6,12,12,12,12,12,12,12,12","0.000674962997436523","walktrap","edit-xhwikibooks.graphml"
"0.7","0.04","0.26","0.409506704851934","1,13,1,1,1,1,1,3,3,1,1,2,3,3,3,1,5,4,6,2,13,11,9,3,3,3,3,10,7,5,4,8,2,2,6,6,12,3,13,13,13,13,11,11,11,11,13,11,11,11,13,13,13,13,13,11,11,11,11,13,9,13,13,3,3,13,13,13,13,13,11,13,3,3,13,13,13,13,13,13,13,3,10,10,10,7,13,13,13,13,5,4,8,13,13,13,1,13,13,13,13,13,13,13,13,13,13,2,2,13,13,13,13,6,6,6,6,6,6,6,6,12,12,12,12,12,12,12,12","0.00068211555480957","walktrap","edit-xhwikibooks.graphml"
"0.69","0.05","0.26","0.408491076257436","1,13,1,1,2,1,2,1,1,1,2,2,1,1,1,3,5,4,6,2,13,10,9,1,1,1,1,3,7,5,4,8,11,2,6,6,12,1,13,13,13,13,10,10,10,10,13,10,10,10,13,13,13,13,13,10,10,10,10,13,9,13,13,1,1,13,13,13,13,13,10,13,1,1,13,13,13,13,13,13,13,1,3,3,3,7,13,13,13,13,5,4,8,13,13,13,3,13,13,13,13,13,13,13,13,13,13,11,11,13,13,13,13,6,6,6,6,6,6,6,6,12,12,12,12,12,12,12,12","0.000678062438964844","walktrap","edit-xhwikibooks.graphml"
"0.68","0.06","0.26","0.408491076257436","1,13,1,1,2,1,2,1,1,1,2,2,1,1,1,3,5,4,6,2,13,10,9,1,1,1,1,3,7,5,4,8,11,2,6,6,12,1,13,13,13,13,10,10,10,10,13,10,10,10,13,13,13,13,13,10,10,10,10,13,9,13,13,1,1,13,13,13,13,13,10,13,1,1,13,13,13,13,13,13,13,1,3,3,3,7,13,13,13,13,5,4,8,13,13,13,3,13,13,13,13,13,13,13,13,13,13,11,11,13,13,13,13,6,6,6,6,6,6,6,6,12,12,12,12,12,12,12,12","0.000687122344970703","walktrap","edit-xhwikibooks.graphml"
"0.67","0.07","0.26","0.408114703347133","1,13,1,1,2,1,2,1,1,1,2,2,1,1,1,3,5,4,6,2,13,10,9,1,1,1,1,3,7,5,4,8,11,2,6,6,12,1,13,13,13,13,10,10,10,10,13,10,10,10,13,13,13,13,13,10,10,10,10,13,9,13,13,1,1,13,13,13,13,13,10,13,1,1,13,13,13,13,13,13,13,1,3,3,3,7,13,13,13,13,5,4,8,13,13,13,3,13,13,13,13,13,13,13,13,13,13,11,11,13,13,13,13,6,6,6,6,6,6,6,6,12,12,12,12,12,12,12,12","0.000710010528564453","walktrap","edit-xhwikibooks.graphml"
"0.66","0.08","0.26","0.409309542907284","1,13,1,1,2,1,2,1,1,1,2,2,1,1,1,3,5,4,6,2,13,12,9,1,1,1,1,3,7,5,4,8,10,2,6,6,11,1,13,13,13,13,12,12,12,12,13,12,12,12,13,13,13,13,13,12,12,12,12,13,9,13,13,1,1,13,13,13,13,13,12,13,1,1,13,13,13,13,13,13,13,1,3,3,3,7,13,13,13,13,5,4,8,13,13,13,3,13,13,13,13,13,13,13,13,13,13,10,10,13,13,13,13,6,6,6,6,6,6,6,6,11,11,11,11,11,11,11,11","0.000701904296875","walktrap","edit-xhwikibooks.graphml"
"0.65","0.09","0.26","0.392574394463668","1,12,1,1,2,1,2,1,1,1,2,2,1,1,1,3,5,4,6,2,12,11,9,1,1,1,1,3,7,5,4,8,10,2,6,6,13,1,12,12,12,12,11,11,11,11,12,11,11,11,12,12,12,12,12,11,11,11,11,12,9,12,12,1,1,12,12,12,12,12,11,12,1,1,12,12,12,12,12,12,12,1,3,3,3,7,12,12,12,12,5,4,8,12,12,12,3,12,12,12,12,12,12,12,12,12,12,10,10,12,12,12,12,6,6,6,6,6,6,6,6,13,13,13,13,13,13,13,13","0.000700950622558594","walktrap","edit-xhwikibooks.graphml"
"0.64","0.1","0.26","0.392574394463668","1,12,1,1,2,1,2,1,1,1,2,2,1,1,1,3,5,4,6,2,12,11,9,1,1,1,1,3,7,5,4,8,10,2,6,6,13,1,12,12,12,12,11,11,11,11,12,11,11,11,12,12,12,12,12,11,11,11,11,12,9,12,12,1,1,12,12,12,12,12,11,12,1,1,12,12,12,12,12,12,12,1,3,3,3,7,12,12,12,12,5,4,8,12,12,12,3,12,12,12,12,12,12,12,12,12,12,10,10,12,12,12,12,6,6,6,6,6,6,6,6,13,13,13,13,13,13,13,13","0.000672101974487305","walktrap","edit-xhwikibooks.graphml"
"0.63","0.11","0.26","0.392204650366404","1,12,1,1,2,1,2,1,1,1,2,2,1,1,1,3,5,4,6,2,12,11,9,1,1,1,1,3,7,5,4,8,10,2,6,6,13,1,12,12,12,12,11,11,11,11,12,11,11,11,12,12,12,12,12,11,11,11,11,12,9,12,12,1,1,12,12,12,12,12,11,12,1,1,12,12,12,12,12,12,12,1,3,3,3,7,12,12,12,12,5,4,8,12,12,12,3,12,12,12,12,12,12,12,12,12,12,10,10,12,12,12,12,6,6,6,6,6,6,6,6,13,13,13,13,13,13,13,13","0.000770092010498047","walktrap","edit-xhwikibooks.graphml"
"0.62","0.12","0.26","0.394747728519026","1,12,1,1,2,1,2,1,1,1,2,2,1,1,1,3,5,4,7,2,12,11,9,1,1,1,1,3,6,5,4,8,10,2,7,7,13,1,12,12,12,12,11,11,11,11,12,11,11,11,12,12,12,12,12,11,11,11,11,12,9,12,12,1,1,12,12,12,12,12,11,12,1,1,12,12,12,12,12,12,12,1,3,3,3,6,12,12,12,12,5,4,8,12,12,12,3,12,12,12,12,12,12,12,12,12,12,10,10,12,12,12,12,7,7,7,7,7,7,7,7,13,13,13,13,13,13,13,13","0.00067901611328125","walktrap","edit-xhwikibooks.graphml"
"0.61","0.13","0.26","0.371270393345046","1,11,1,1,2,1,2,1,1,1,2,2,1,1,1,3,5,4,8,2,11,12,9,1,1,1,1,3,6,5,4,7,10,2,8,8,13,1,11,11,11,11,12,12,12,12,11,12,12,12,11,11,11,11,11,12,12,12,12,11,9,11,11,1,1,11,11,11,11,11,12,11,1,1,11,11,11,11,11,11,11,1,3,3,3,6,11,11,11,11,5,4,7,11,11,11,3,11,11,11,11,11,11,11,11,11,11,10,10,11,11,11,11,8,8,8,8,8,8,8,8,13,13,13,13,13,13,13,13","0.000828981399536133","walktrap","edit-xhwikibooks.graphml"
"0.6","0.14","0.26","0.371270393345046","1,11,1,1,2,1,2,1,1,1,2,2,1,1,1,3,5,4,8,2,11,12,9,1,1,1,1,3,6,5,4,7,10,2,8,8,13,1,11,11,11,11,12,12,12,12,11,12,12,12,11,11,11,11,11,12,12,12,12,11,9,11,11,1,1,11,11,11,11,11,12,11,1,1,11,11,11,11,11,11,11,1,3,3,3,6,11,11,11,11,5,4,7,11,11,11,3,11,11,11,11,11,11,11,11,11,11,10,10,11,11,11,11,8,8,8,8,8,8,8,8,13,13,13,13,13,13,13,13","0.000662088394165039","walktrap","edit-xhwikibooks.graphml"
"0.59","0.15","0.26","0.373138462980931","1,11,1,1,2,1,2,1,1,1,2,2,1,1,1,3,5,4,9,2,11,12,8,1,1,1,1,3,6,5,4,7,10,2,9,9,13,1,11,11,11,11,12,12,12,12,11,12,12,12,11,11,11,11,11,12,12,12,12,11,8,11,11,1,1,11,11,11,11,11,12,11,1,1,11,11,11,11,11,11,11,1,3,3,3,6,11,11,11,11,5,4,7,11,11,11,3,11,11,11,11,11,11,11,11,11,11,10,10,11,11,11,11,9,9,9,9,9,9,9,9,13,13,13,13,13,13,13,13","0.000670909881591797","walktrap","edit-xhwikibooks.graphml"
"0.58","0.16","0.26","0.374475623582766","1,11,1,1,2,1,2,1,1,1,2,2,1,1,1,3,5,4,9,2,11,12,8,1,1,1,1,3,6,5,4,7,10,2,9,9,13,1,11,11,11,11,12,12,12,12,11,12,12,12,11,11,11,11,11,12,12,12,12,11,8,11,11,1,1,11,11,11,11,11,12,11,1,1,11,11,11,11,11,11,11,1,3,3,3,6,11,11,11,11,5,4,7,11,11,11,3,11,11,11,11,11,11,11,11,11,11,10,10,11,11,11,11,9,9,9,9,9,9,9,9,13,13,13,13,13,13,13,13","0.000661849975585938","walktrap","edit-xhwikibooks.graphml"
"0.57","0.17","0.26","0.376100870799583","1,11,1,1,2,1,2,1,1,1,2,2,1,1,1,3,5,4,9,2,11,12,8,1,1,1,1,3,6,5,4,7,10,2,9,9,13,1,11,11,11,11,12,12,12,12,11,12,12,12,11,11,11,11,11,12,12,12,12,11,8,11,11,1,1,11,11,11,11,11,12,11,1,1,11,11,11,11,11,11,11,1,3,3,3,6,11,11,11,11,5,4,7,11,11,11,3,11,11,11,11,11,11,11,11,11,11,10,10,11,11,11,11,9,9,9,9,9,9,9,9,13,13,13,13,13,13,13,13","0.000684976577758789","walktrap","edit-xhwikibooks.graphml"
"0.56","0.18","0.26","0.376100870799583","1,11,1,1,2,1,2,1,1,1,2,2,1,1,1,3,5,4,9,2,11,12,8,1,1,1,1,3,6,5,4,7,10,2,9,9,13,1,11,11,11,11,12,12,12,12,11,12,12,12,11,11,11,11,11,12,12,12,12,11,8,11,11,1,1,11,11,11,11,11,12,11,1,1,11,11,11,11,11,11,11,1,3,3,3,6,11,11,11,11,5,4,7,11,11,11,3,11,11,11,11,11,11,11,11,11,11,10,10,11,11,11,11,9,9,9,9,9,9,9,9,13,13,13,13,13,13,13,13","0.000679969787597656","walktrap","edit-xhwikibooks.graphml"
"0.55","0.19","0.26","0.375736990876829","1,11,1,1,2,1,2,1,1,1,2,2,1,1,1,3,5,4,9,2,11,12,8,1,1,1,1,3,6,5,4,7,10,2,9,9,13,1,11,11,11,11,12,12,12,12,11,12,12,12,11,11,11,11,11,12,12,12,12,11,8,11,11,1,1,11,11,11,11,11,12,11,1,1,11,11,11,11,11,11,11,1,3,3,3,6,11,11,11,11,5,4,7,11,11,11,3,11,11,11,11,11,11,11,11,11,11,10,10,11,11,11,11,9,9,9,9,9,9,9,9,13,13,13,13,13,13,13,13","0.000671863555908203","walktrap","edit-xhwikibooks.graphml"
"0.54","0.2","0.26","0.378284966644954","1,11,1,1,2,1,2,1,1,1,2,2,1,1,1,3,5,4,9,2,11,12,8,1,1,1,1,3,6,5,4,7,10,2,9,9,13,1,11,11,11,11,12,12,12,12,11,12,12,12,11,11,11,11,11,12,12,12,12,11,8,11,11,1,1,11,11,11,11,11,12,11,1,1,11,11,11,11,11,11,11,1,3,3,3,6,11,11,11,11,5,4,7,11,11,11,3,11,11,11,11,11,11,11,11,11,11,10,10,11,11,11,11,9,9,9,9,9,9,9,9,13,13,13,13,13,13,13,13","0.00070500373840332","walktrap","edit-xhwikibooks.graphml"
"0.53","0.21","0.26","0.377920941143517","1,11,1,1,2,1,2,1,1,1,2,2,1,1,1,3,5,4,9,2,11,12,8,1,1,1,1,3,6,5,4,7,10,2,9,9,13,1,11,11,11,11,12,12,12,12,11,12,12,12,11,11,11,11,11,12,12,12,12,11,8,11,11,1,1,11,11,11,11,11,12,11,1,1,11,11,11,11,11,11,11,1,3,3,3,6,11,11,11,11,5,4,7,11,11,11,3,11,11,11,11,11,11,11,11,11,11,10,10,11,11,11,11,9,9,9,9,9,9,9,9,13,13,13,13,13,13,13,13","0.000680208206176758","walktrap","edit-xhwikibooks.graphml"
"0.52","0.22","0.26","0.377920941143517","1,11,1,1,2,1,2,1,1,1,2,2,1,1,1,3,5,4,9,2,11,12,8,1,1,1,1,3,6,5,4,7,10,2,9,9,13,1,11,11,11,11,12,12,12,12,11,12,12,12,11,11,11,11,11,12,12,12,12,11,8,11,11,1,1,11,11,11,11,11,12,11,1,1,11,11,11,11,11,11,11,1,3,3,3,6,11,11,11,11,5,4,7,11,11,11,3,11,11,11,11,11,11,11,11,11,11,10,10,11,11,11,11,9,9,9,9,9,9,9,9,13,13,13,13,13,13,13,13","0.000663995742797852","walktrap","edit-xhwikibooks.graphml"
"0.51","0.23","0.26","0.397668546837395","1,11,1,1,2,1,2,1,1,1,2,2,1,1,1,3,5,4,9,2,11,12,8,1,1,1,1,3,6,5,4,7,10,2,9,9,13,1,11,11,11,11,12,12,12,12,11,12,12,12,11,11,11,11,11,12,12,12,12,11,8,11,11,1,1,11,11,11,11,11,12,11,1,1,11,11,11,11,11,11,11,1,3,3,3,6,11,11,11,11,5,4,7,11,11,11,3,11,11,11,11,11,11,11,11,11,11,10,10,11,11,11,11,9,9,9,9,9,9,9,9,13,13,13,13,13,13,13,13","0.000694036483764648","walktrap","edit-xhwikibooks.graphml"
"0.5","0.24","0.26","0.39899877328015","1,11,1,1,2,1,2,1,1,1,2,2,1,1,1,3,5,4,9,2,11,12,8,1,1,1,1,3,6,5,4,7,10,2,9,9,13,1,11,11,11,11,12,12,12,12,11,12,12,12,11,11,11,11,11,12,12,12,12,11,8,11,11,1,1,11,11,11,11,11,12,11,1,1,11,11,11,11,11,11,11,1,3,3,3,6,11,11,11,11,5,4,7,11,11,11,3,11,11,11,11,11,11,11,11,11,11,10,10,11,11,11,11,9,9,9,9,9,9,9,9,13,13,13,13,13,13,13,13","0.000686883926391602","walktrap","edit-xhwikibooks.graphml"
"0.49","0.25","0.26","0.403787006175865","1,11,1,1,2,1,2,1,1,1,2,2,1,1,1,3,5,4,9,2,11,12,8,1,1,1,1,3,6,5,4,7,10,2,9,9,13,1,11,11,11,11,12,12,12,12,11,12,12,12,11,11,11,11,11,12,12,12,12,11,8,11,11,1,1,11,11,11,11,11,12,11,1,1,11,11,11,11,11,11,11,1,3,3,3,6,11,11,11,11,5,4,7,11,11,11,3,11,11,11,11,11,11,11,11,11,11,10,10,11,11,11,11,9,9,9,9,9,9,9,9,13,13,13,13,13,13,13,13","0.00070500373840332","walktrap","edit-xhwikibooks.graphml"
"0.48","0.26","0.26","0.403787006175865","1,11,1,1,2,1,2,1,1,1,2,2,1,1,1,3,5,4,9,2,11,12,8,1,1,1,1,3,6,5,4,7,10,2,9,9,13,1,11,11,11,11,12,12,12,12,11,12,12,12,11,11,11,11,11,12,12,12,12,11,8,11,11,1,1,11,11,11,11,11,12,11,1,1,11,11,11,11,11,11,11,1,3,3,3,6,11,11,11,11,5,4,7,11,11,11,3,11,11,11,11,11,11,11,11,11,11,10,10,11,11,11,11,9,9,9,9,9,9,9,9,13,13,13,13,13,13,13,13","0.000697135925292969","walktrap","edit-xhwikibooks.graphml"
"0.47","0.27","0.26","0.399917444543255","1,5,1,1,2,1,2,1,1,1,2,2,1,1,1,3,6,7,4,2,5,9,1,1,1,1,1,3,5,6,7,4,8,2,4,4,10,1,5,5,5,5,9,9,9,9,5,9,9,9,5,5,5,5,5,9,9,9,9,5,11,5,5,1,1,5,5,5,5,5,9,5,1,1,5,5,5,5,5,5,5,1,3,3,3,12,5,5,5,5,13,14,15,5,5,5,3,5,5,5,5,5,5,5,5,5,5,8,8,5,5,5,5,4,4,4,4,4,4,4,4,10,10,10,10,10,10,10,10","0.00066685676574707","walktrap","edit-xhwikibooks.graphml"
"0.46","0.28","0.26","0.399519082394942","1,5,1,1,2,1,2,1,1,1,2,2,1,1,1,3,6,7,4,2,5,9,1,1,1,1,1,3,5,6,7,4,8,2,4,4,10,1,5,5,5,5,9,9,9,9,5,9,9,9,5,5,5,5,5,9,9,9,9,5,11,5,5,1,1,5,5,5,5,5,9,5,1,1,5,5,5,5,5,5,5,1,3,3,3,12,5,5,5,5,13,14,15,5,5,5,3,5,5,5,5,5,5,5,5,5,5,8,8,5,5,5,5,4,4,4,4,4,4,4,4,10,10,10,10,10,10,10,10","0.000808000564575195","walktrap","edit-xhwikibooks.graphml"
"0.45","0.29","0.26","0.402043902627213","1,5,1,1,2,1,2,1,1,1,2,2,1,1,1,3,6,7,4,2,5,9,1,1,1,1,1,3,5,6,7,4,8,2,4,4,10,1,5,5,5,5,9,9,9,9,5,9,9,9,5,5,5,5,5,9,9,9,9,5,11,5,5,1,1,5,5,5,5,5,9,5,1,1,5,5,5,5,5,5,5,1,3,3,3,12,5,5,5,5,13,14,15,5,5,5,3,5,5,5,5,5,5,5,5,5,5,8,8,5,5,5,5,4,4,4,4,4,4,4,4,10,10,10,10,10,10,10,10","0.000667810440063477","walktrap","edit-xhwikibooks.graphml"
"0.44","0.3","0.26","0.401645690817627","1,5,1,1,2,1,2,1,1,1,2,2,1,1,1,3,6,7,4,2,5,9,1,1,1,1,1,3,5,6,7,4,8,2,4,4,10,1,5,5,5,5,9,9,9,9,5,9,9,9,5,5,5,5,5,9,9,9,9,5,11,5,5,1,1,5,5,5,5,5,9,5,1,1,5,5,5,5,5,5,5,1,3,3,3,12,5,5,5,5,13,14,15,5,5,5,3,5,5,5,5,5,5,5,5,5,5,8,8,5,5,5,5,4,4,4,4,4,4,4,4,10,10,10,10,10,10,10,10","0.000671863555908203","walktrap","edit-xhwikibooks.graphml"
"0.43","0.31","0.26","0.399023692294744","2,5,2,2,2,1,2,1,1,3,2,2,1,1,1,1,3,6,4,2,5,9,1,1,1,1,1,7,5,3,6,4,8,2,4,4,10,1,5,5,5,5,9,9,9,9,5,9,9,9,5,5,5,5,5,9,9,9,9,5,11,5,5,1,1,5,5,5,5,5,9,5,1,1,5,5,5,5,5,5,5,1,7,7,7,12,5,5,5,5,13,14,15,5,5,5,1,5,5,5,5,5,5,5,5,5,5,8,8,5,5,5,5,4,4,4,4,4,4,4,4,10,10,10,10,10,10,10,10","0.00067901611328125","walktrap","edit-xhwikibooks.graphml"
"0.42","0.32","0.26","0.398623142890902","2,5,2,2,2,1,2,1,1,3,2,2,1,1,1,1,3,6,4,2,5,9,1,1,1,1,1,7,5,3,6,4,8,2,4,4,10,1,5,5,5,5,9,9,9,9,5,9,9,9,5,5,5,5,5,9,9,9,9,5,11,5,5,1,1,5,5,5,5,5,9,5,1,1,5,5,5,5,5,5,5,1,7,7,7,12,5,5,5,5,13,14,15,5,5,5,1,5,5,5,5,5,5,5,5,5,5,8,8,5,5,5,5,4,4,4,4,4,4,4,4,10,10,10,10,10,10,10,10","0.000678062438964844","walktrap","edit-xhwikibooks.graphml"
"0.41","0.33","0.26","0.398623142890902","2,5,2,2,2,1,2,1,1,3,2,2,1,1,1,1,3,6,4,2,5,9,1,1,1,1,1,7,5,3,6,4,8,2,4,4,10,1,5,5,5,5,9,9,9,9,5,9,9,9,5,5,5,5,5,9,9,9,9,5,11,5,5,1,1,5,5,5,5,5,9,5,1,1,5,5,5,5,5,5,5,1,7,7,7,12,5,5,5,5,13,14,15,5,5,5,1,5,5,5,5,5,5,5,5,5,5,8,8,5,5,5,5,4,4,4,4,4,4,4,4,10,10,10,10,10,10,10,10","0.000670194625854492","walktrap","edit-xhwikibooks.graphml"
"0.4","0.34","0.26","0.416391880615261","2,5,2,2,2,1,2,1,1,3,2,2,1,1,1,1,3,6,4,2,5,9,1,1,1,1,1,7,5,3,6,4,8,2,4,4,10,1,5,5,5,5,9,9,9,9,5,9,9,9,5,5,5,5,5,9,9,9,9,5,11,5,5,1,1,5,5,5,5,5,9,5,1,1,5,5,5,5,5,5,5,1,7,7,7,12,5,5,5,5,13,14,15,5,5,5,1,5,5,5,5,5,5,5,5,5,5,8,8,5,5,5,5,4,4,4,4,4,4,4,4,10,10,10,10,10,10,10,10","0.000687837600708008","walktrap","edit-xhwikibooks.graphml"
"0.39","0.35","0.26","0.414767883815314","2,5,2,2,2,1,2,1,1,3,2,2,1,1,1,1,3,6,4,2,5,9,1,1,1,1,1,7,5,3,6,4,8,2,4,4,10,1,5,5,5,5,9,9,9,9,5,9,9,9,5,5,5,5,5,9,9,9,9,5,11,5,5,1,1,5,5,5,5,5,9,5,1,1,5,5,5,5,5,5,5,1,7,7,7,12,5,5,5,5,13,14,15,5,5,5,1,5,5,5,5,5,5,5,5,5,5,8,8,5,5,5,5,4,4,4,4,4,4,4,4,10,10,10,10,10,10,10,10","0.000676155090332031","walktrap","edit-xhwikibooks.graphml"
"0.38","0.36","0.26","0.414364153729354","2,5,2,2,2,1,2,1,1,3,2,2,1,1,1,1,3,6,4,2,5,9,1,1,1,1,1,7,5,3,6,4,8,2,4,4,10,1,5,5,5,5,9,9,9,9,5,9,9,9,5,5,5,5,5,9,9,9,9,5,11,5,5,1,1,5,5,5,5,5,9,5,1,1,5,5,5,5,5,5,5,1,7,7,7,12,5,5,5,5,13,14,15,5,5,5,1,5,5,5,5,5,5,5,5,5,5,8,8,5,5,5,5,4,4,4,4,4,4,4,4,10,10,10,10,10,10,10,10","0.000680208206176758","walktrap","edit-xhwikibooks.graphml"
"0.37","0.37","0.26","0.414364153729354","2,5,2,2,2,1,2,1,1,3,2,2,1,1,1,1,3,6,4,2,5,9,1,1,1,1,1,7,5,3,6,4,8,2,4,4,10,1,5,5,5,5,9,9,9,9,5,9,9,9,5,5,5,5,5,9,9,9,9,5,11,5,5,1,1,5,5,5,5,5,9,5,1,1,5,5,5,5,5,5,5,1,7,7,7,12,5,5,5,5,13,14,15,5,5,5,1,5,5,5,5,5,5,5,5,5,5,8,8,5,5,5,5,4,4,4,4,4,4,4,4,10,10,10,10,10,10,10,10","0.000665187835693359","walktrap","edit-xhwikibooks.graphml"
"0.36","0.38","0.26","0.413961157550901","2,5,2,2,2,1,2,1,1,3,2,2,1,1,1,1,3,6,4,2,5,9,1,1,1,1,1,7,5,3,6,4,8,2,4,4,10,1,5,5,5,5,9,9,9,9,5,9,9,9,5,5,5,5,5,9,9,9,9,5,11,5,5,1,1,5,5,5,5,5,9,5,1,1,5,5,5,5,5,5,5,1,7,7,7,12,5,5,5,5,13,14,15,5,5,5,1,5,5,5,5,5,5,5,5,5,5,8,8,5,5,5,5,4,4,4,4,4,4,4,4,10,10,10,10,10,10,10,10","0.000699996948242188","walktrap","edit-xhwikibooks.graphml"
"0.35","0.39","0.26","0.415229030339084","2,5,2,2,2,1,2,1,1,3,2,2,1,1,1,1,3,6,4,2,5,10,1,1,1,1,1,7,5,3,6,4,8,2,4,4,9,1,5,5,5,5,10,10,10,10,5,10,10,10,5,5,5,5,5,10,10,10,10,5,11,5,5,1,1,5,5,5,5,5,10,5,1,1,5,5,5,5,5,5,5,1,7,7,7,12,5,5,5,5,13,14,15,5,5,5,1,5,5,5,5,5,5,5,5,5,5,8,8,5,5,5,5,4,4,4,4,4,4,4,4,9,9,9,9,9,9,9,9","0.000778913497924805","walktrap","edit-xhwikibooks.graphml"
"0.34","0.4","0.26","0.417247748140121","2,5,2,2,2,1,2,1,1,3,2,2,1,1,1,1,3,6,4,2,5,10,1,1,1,1,1,7,5,3,6,4,8,2,4,4,9,1,5,5,5,5,10,10,10,10,5,10,10,10,5,5,5,5,5,10,10,10,10,5,11,5,5,1,1,5,5,5,5,5,10,5,1,1,5,5,5,5,5,5,5,1,7,7,7,12,5,5,5,5,13,14,15,5,5,5,1,5,5,5,5,5,5,5,5,5,5,8,8,5,5,5,5,4,4,4,4,4,4,4,4,9,9,9,9,9,9,9,9","0.000677824020385742","walktrap","edit-xhwikibooks.graphml"
"0.33","0.41","0.26","0.417247748140121","2,5,2,2,2,1,2,1,1,3,2,2,1,1,1,1,3,6,4,2,5,10,1,1,1,1,1,7,5,3,6,4,8,2,4,4,9,1,5,5,5,5,10,10,10,10,5,10,10,10,5,5,5,5,5,10,10,10,10,5,11,5,5,1,1,5,5,5,5,5,10,5,1,1,5,5,5,5,5,5,5,1,7,7,7,12,5,5,5,5,13,14,15,5,5,5,1,5,5,5,5,5,5,5,5,5,5,8,8,5,5,5,5,4,4,4,4,4,4,4,4,9,9,9,9,9,9,9,9","0.000662088394165039","walktrap","edit-xhwikibooks.graphml"
"0.32","0.42","0.26","0.416845367141107","2,5,2,2,2,1,2,1,1,3,2,2,1,1,1,1,3,6,4,2,5,10,1,1,1,1,1,7,5,3,6,4,8,2,4,4,9,1,5,5,5,5,10,10,10,10,5,10,10,10,5,5,5,5,5,10,10,10,10,5,11,5,5,1,1,5,5,5,5,5,10,5,1,1,5,5,5,5,5,5,5,1,7,7,7,12,5,5,5,5,13,14,15,5,5,5,1,5,5,5,5,5,5,5,5,5,5,8,8,5,5,5,5,4,4,4,4,4,4,4,4,9,9,9,9,9,9,9,9","0.000669002532958984","walktrap","edit-xhwikibooks.graphml"
"0.31","0.43","0.26","0.419232099619509","2,5,2,2,2,1,2,1,1,3,2,2,1,1,1,1,3,6,4,2,5,10,1,1,1,1,1,7,5,3,6,4,8,2,4,4,9,1,5,5,5,5,10,10,10,10,5,10,10,10,5,5,5,5,5,10,10,10,10,5,11,5,5,1,1,5,5,5,5,5,10,5,1,1,5,5,5,5,5,5,5,1,7,7,7,12,5,5,5,5,13,14,15,5,5,5,1,5,5,5,5,5,5,5,5,5,5,8,8,5,5,5,5,4,4,4,4,4,4,4,4,9,9,9,9,9,9,9,9","0.000689029693603516","walktrap","edit-xhwikibooks.graphml"
"0.3","0.44","0.26","0.418830024754032","2,5,2,2,2,1,2,1,1,3,2,2,1,1,1,1,3,6,4,2,5,10,1,1,1,1,1,7,5,3,6,4,8,2,4,4,9,1,5,5,5,5,10,10,10,10,5,10,10,10,5,5,5,5,5,10,10,10,10,5,11,5,5,1,1,5,5,5,5,5,10,5,1,1,5,5,5,5,5,5,5,1,7,7,7,12,5,5,5,5,13,14,15,5,5,5,1,5,5,5,5,5,5,5,5,5,5,8,8,5,5,5,5,4,4,4,4,4,4,4,4,9,9,9,9,9,9,9,9","0.000672101974487305","walktrap","edit-xhwikibooks.graphml"
"0.29","0.45","0.26","0.421312174331857","2,5,2,2,2,1,2,1,1,3,2,2,1,1,1,1,3,6,4,2,5,9,1,1,1,1,1,7,5,3,6,4,8,2,4,4,10,1,5,5,5,5,9,9,9,9,5,9,9,9,5,5,5,5,5,9,9,9,9,5,11,5,5,1,1,5,5,5,5,5,9,5,1,1,5,5,5,5,5,5,5,1,7,7,7,12,5,5,5,5,13,14,15,5,5,5,1,5,5,5,5,5,5,5,5,5,5,8,8,5,5,5,5,4,4,4,4,4,4,4,4,10,10,10,10,10,10,10,10","0.000674009323120117","walktrap","edit-xhwikibooks.graphml"
"0.28","0.46","0.26","0.420910146610539","2,5,2,2,2,1,2,1,1,3,2,2,1,1,1,1,3,6,4,2,5,9,1,1,1,1,1,7,5,3,6,4,8,2,4,4,10,1,5,5,5,5,9,9,9,9,5,9,9,9,5,5,5,5,5,9,9,9,9,5,11,5,5,1,1,5,5,5,5,5,9,5,1,1,5,5,5,5,5,5,5,1,7,7,7,12,5,5,5,5,13,14,15,5,5,5,1,5,5,5,5,5,5,5,5,5,5,8,8,5,5,5,5,4,4,4,4,4,4,4,4,10,10,10,10,10,10,10,10","0.000730991363525391","walktrap","edit-xhwikibooks.graphml"
"0.27","0.47","0.26","0.422143735310856","2,5,2,2,2,1,2,1,1,3,2,2,1,1,1,1,3,6,4,2,5,10,1,1,1,1,1,7,5,3,6,4,8,2,4,4,9,1,5,5,5,5,10,10,10,10,5,10,10,10,5,5,5,5,5,10,10,10,10,5,11,5,5,1,1,5,5,5,5,5,10,5,1,1,5,5,5,5,5,5,5,1,7,7,7,12,5,5,5,5,13,14,15,5,5,5,1,5,5,5,5,5,5,5,5,5,5,8,8,5,5,5,5,4,4,4,4,4,4,4,4,9,9,9,9,9,9,9,9","0.00067901611328125","walktrap","edit-xhwikibooks.graphml"
"0.26","0.48","0.26","0.423041725693879","2,5,2,2,2,1,2,1,1,3,2,2,1,1,1,1,3,6,4,2,5,10,1,1,1,1,1,7,5,3,6,4,8,2,4,4,9,1,5,5,5,5,10,10,10,10,5,10,10,10,5,5,5,5,5,10,10,10,10,5,11,5,5,1,1,5,5,5,5,5,10,5,1,1,5,5,5,5,5,5,5,1,7,7,7,12,5,5,5,5,13,14,15,5,5,5,1,5,5,5,5,5,5,5,5,5,5,8,8,5,5,5,5,4,4,4,4,4,4,4,4,9,9,9,9,9,9,9,9","0.000709056854248047","walktrap","edit-xhwikibooks.graphml"
"0.25","0.49","0.26","0.423443856323964","2,5,2,2,2,1,2,1,1,3,2,2,1,1,1,1,3,6,4,2,5,10,1,1,1,1,1,7,5,3,6,4,8,2,4,4,9,1,5,5,5,5,10,10,10,10,5,10,10,10,5,5,5,5,5,10,10,10,10,5,11,5,5,1,1,5,5,5,5,5,10,5,1,1,5,5,5,5,5,5,5,1,7,7,7,12,5,5,5,5,13,14,15,5,5,5,1,5,5,5,5,5,5,5,5,5,5,8,8,5,5,5,5,4,4,4,4,4,4,4,4,9,9,9,9,9,9,9,9","0.000724077224731445","walktrap","edit-xhwikibooks.graphml"
"0.24","0.5","0.26","0.467175207279923","1,4,1,1,1,1,1,2,2,5,1,1,2,2,2,1,5,6,3,1,4,10,2,2,2,2,2,7,4,5,6,3,8,1,3,3,9,2,4,4,4,4,10,10,10,10,4,10,10,10,4,4,4,4,4,10,10,10,10,4,11,4,4,2,2,4,4,4,4,4,10,4,2,2,4,4,4,4,4,4,4,2,7,7,7,12,4,4,4,4,13,14,15,4,4,4,1,4,4,4,4,4,4,4,4,4,4,8,8,4,4,4,4,3,3,3,3,3,3,3,3,9,9,9,9,9,9,9,9","0.000744104385375977","walktrap","edit-xhwikibooks.graphml"
"0.23","0.51","0.26","0.467175207279923","1,4,1,1,1,1,1,2,2,5,1,1,2,2,2,1,5,6,3,1,4,10,2,2,2,2,2,7,4,5,6,3,8,1,3,3,9,2,4,4,4,4,10,10,10,10,4,10,10,10,4,4,4,4,4,10,10,10,10,4,11,4,4,2,2,4,4,4,4,4,10,4,2,2,4,4,4,4,4,4,4,2,7,7,7,12,4,4,4,4,13,14,15,4,4,4,1,4,4,4,4,4,4,4,4,4,4,8,8,4,4,4,4,3,3,3,3,3,3,3,3,9,9,9,9,9,9,9,9","0.000745058059692383","walktrap","edit-xhwikibooks.graphml"
"0.22","0.52","0.26","0.467175207279923","1,4,1,1,1,1,1,2,2,5,1,1,2,2,2,1,5,6,3,1,4,10,2,2,2,2,2,7,4,5,6,3,8,1,3,3,9,2,4,4,4,4,10,10,10,10,4,10,10,10,4,4,4,4,4,10,10,10,10,4,11,4,4,2,2,4,4,4,4,4,10,4,2,2,4,4,4,4,4,4,4,2,7,7,7,12,4,4,4,4,13,14,15,4,4,4,1,4,4,4,4,4,4,4,4,4,4,8,8,4,4,4,4,3,3,3,3,3,3,3,3,9,9,9,9,9,9,9,9","0.00072789192199707","walktrap","edit-xhwikibooks.graphml"
"0.21","0.53","0.26","0.459546019240162","1,4,1,1,2,1,2,1,1,1,2,2,1,1,1,1,9,2,3,5,4,8,1,1,1,1,1,6,4,10,11,3,5,5,3,3,7,1,4,4,4,4,8,8,8,8,4,8,8,8,4,4,4,4,4,8,8,8,8,4,12,4,4,13,14,4,4,4,4,4,8,4,1,1,4,4,4,4,4,4,4,15,6,6,6,16,4,4,4,4,17,18,19,4,4,4,20,4,4,4,4,4,4,4,4,4,4,21,22,4,4,4,4,3,3,3,3,3,3,3,3,7,7,7,7,7,7,7,7","0.000664949417114258","walktrap","edit-xhwikibooks.graphml"
"0.2","0.54","0.26","0.460644816138545","1,4,1,1,2,1,2,1,1,1,2,2,1,1,1,1,9,2,3,5,4,8,1,1,1,1,1,6,4,10,11,3,5,5,3,3,7,1,4,4,4,4,8,8,8,8,4,8,8,8,4,4,4,4,4,8,8,8,8,4,12,4,4,13,14,4,4,4,4,4,8,4,1,1,4,4,4,4,4,4,4,15,6,6,6,16,4,4,4,4,17,18,19,4,4,4,20,4,4,4,4,4,4,4,4,4,4,21,22,4,4,4,4,3,3,3,3,3,3,3,3,7,7,7,7,7,7,7,7","0.000699996948242188","walktrap","edit-xhwikibooks.graphml"
"0.19","0.55","0.26","0.459839370664122","1,4,1,1,2,1,2,1,1,1,2,2,1,1,1,1,9,2,3,5,4,8,1,1,1,1,1,6,4,10,11,3,5,5,3,3,7,1,4,4,4,4,8,8,8,8,4,8,8,8,4,4,4,4,4,8,8,8,8,4,12,4,4,13,14,4,4,4,4,4,8,4,1,1,4,4,4,4,4,4,4,15,6,6,6,16,4,4,4,4,17,18,19,4,4,4,20,4,4,4,4,4,4,4,4,4,4,21,22,4,4,4,4,3,3,3,3,3,3,3,3,7,7,7,7,7,7,7,7","0.000699043273925781","walktrap","edit-xhwikibooks.graphml"
"0.18","0.56","0.26","0.461966412510218","1,4,1,1,2,1,2,1,1,1,2,2,1,1,1,1,9,2,3,5,4,8,1,1,1,1,1,6,4,10,11,3,5,5,3,3,7,1,4,4,4,4,8,8,8,8,4,8,8,8,4,4,4,4,4,8,8,8,8,4,12,4,4,13,14,4,4,4,4,4,8,4,1,1,4,4,4,4,4,4,4,15,6,6,6,16,4,4,4,4,17,18,19,4,4,4,20,4,4,4,4,4,4,4,4,4,4,21,22,4,4,4,4,3,3,3,3,3,3,3,3,7,7,7,7,7,7,7,7","0.000689029693603516","walktrap","edit-xhwikibooks.graphml"
"0.17","0.57","0.26","0.458888987017575","1,4,1,1,2,1,2,1,1,1,2,2,1,1,1,6,9,2,3,5,4,8,1,1,1,1,1,6,4,10,11,3,5,5,3,3,7,1,4,4,4,4,8,8,8,8,4,8,8,8,4,4,4,4,4,8,8,8,8,4,12,4,4,13,14,4,4,4,4,4,8,4,1,1,4,4,4,4,4,4,4,15,6,6,6,16,4,4,4,4,17,18,19,4,4,4,20,4,4,4,4,4,4,4,4,4,4,21,22,4,4,4,4,3,3,3,3,3,3,3,3,7,7,7,7,7,7,7,7","0.000758886337280273","walktrap","edit-xhwikibooks.graphml"
"0.16","0.58","0.26","0.460883918601707","1,4,1,1,2,1,2,1,1,1,2,2,1,1,1,6,9,2,3,5,4,8,1,1,1,1,1,6,4,10,11,3,5,5,3,3,7,1,4,4,4,4,8,8,8,8,4,8,8,8,4,4,4,4,4,8,8,8,8,4,12,4,4,13,14,4,4,4,4,4,8,4,1,1,4,4,4,4,4,4,4,15,6,6,6,16,4,4,4,4,17,18,19,4,4,4,20,4,4,4,4,4,4,4,4,4,4,21,22,4,4,4,4,3,3,3,3,3,3,3,3,7,7,7,7,7,7,7,7","0.000655889511108398","walktrap","edit-xhwikibooks.graphml"
"0.15","0.59","0.26","0.461493551020408","1,4,1,1,2,1,2,1,1,1,2,2,1,1,1,6,9,2,3,5,4,8,1,1,1,1,1,6,4,10,11,3,5,5,3,3,7,1,4,4,4,4,8,8,8,8,4,8,8,8,4,4,4,4,4,8,8,8,8,4,12,4,4,13,14,4,4,4,4,4,8,4,1,1,4,4,4,4,4,4,4,15,6,6,6,16,4,4,4,4,17,18,19,4,4,4,20,4,4,4,4,4,4,4,4,4,4,21,22,4,4,4,4,3,3,3,3,3,3,3,3,7,7,7,7,7,7,7,7","0.000665903091430664","walktrap","edit-xhwikibooks.graphml"
"0.14","0.6","0.26","0.46312777180421","1,4,1,1,2,1,2,1,1,1,2,2,1,1,1,1,9,2,3,5,4,8,1,1,1,1,1,6,4,10,11,3,5,5,3,3,7,1,4,4,4,4,8,8,8,8,4,8,8,8,4,4,4,4,4,8,8,8,8,4,12,4,4,13,14,4,4,4,4,4,8,4,1,1,4,4,4,4,4,4,4,15,6,6,6,16,4,4,4,4,17,18,19,4,4,4,20,4,4,4,4,4,4,4,4,4,4,21,22,4,4,4,4,3,3,3,3,3,3,3,3,7,7,7,7,7,7,7,7","0.000660896301269531","walktrap","edit-xhwikibooks.graphml"
"0.13","0.61","0.26","0.459757714285715","1,4,1,1,2,1,2,1,1,1,2,2,1,1,1,1,9,2,3,5,4,8,1,1,1,1,1,6,4,10,11,3,5,5,3,3,7,1,4,4,4,4,8,8,8,8,4,8,8,8,4,4,4,4,4,8,8,8,8,4,12,4,4,13,14,4,4,4,4,4,8,4,1,1,4,4,4,4,4,4,4,15,6,6,6,16,4,4,4,4,17,18,19,4,4,4,20,4,4,4,4,4,4,4,4,4,4,21,22,4,4,4,4,3,3,3,3,3,3,3,3,7,7,7,7,7,7,7,7","0.000653982162475586","walktrap","edit-xhwikibooks.graphml"
"0.12","0.62","0.26","0.460845791372156","1,4,1,1,2,1,2,1,1,1,2,2,1,1,1,1,9,2,3,5,4,8,1,1,1,1,1,6,4,10,11,3,5,5,3,3,7,1,4,4,4,4,8,8,8,8,4,8,8,8,4,4,4,4,4,8,8,8,8,4,12,4,4,13,14,4,4,4,4,4,8,4,1,1,4,4,4,4,4,4,4,15,6,6,6,16,4,4,4,4,17,18,19,4,4,4,20,4,4,4,4,4,4,4,4,4,4,21,22,4,4,4,4,3,3,3,3,3,3,3,3,7,7,7,7,7,7,7,7","0.0331010818481445","walktrap","edit-xhwikibooks.graphml"
"0.11","0.63","0.26","0.460445516941891","1,4,1,1,2,1,2,1,1,1,2,2,1,1,1,1,9,2,3,5,4,8,1,1,1,1,1,6,4,10,11,3,5,5,3,3,7,1,4,4,4,4,8,8,8,8,4,8,8,8,4,4,4,4,4,8,8,8,8,4,12,4,4,13,14,4,4,4,4,4,8,4,1,1,4,4,4,4,4,4,4,15,6,6,6,16,4,4,4,4,17,18,19,4,4,4,20,4,4,4,4,4,4,4,4,4,4,21,22,4,4,4,4,3,3,3,3,3,3,3,3,7,7,7,7,7,7,7,7","0.00088810920715332","walktrap","edit-xhwikibooks.graphml"
"0.1","0.64","0.26","0.460445516941891","1,4,1,1,2,1,2,1,1,1,2,2,1,1,1,1,9,2,3,5,4,8,1,1,1,1,1,6,4,10,11,3,5,5,3,3,7,1,4,4,4,4,8,8,8,8,4,8,8,8,4,4,4,4,4,8,8,8,8,4,12,4,4,13,14,4,4,4,4,4,8,4,1,1,4,4,4,4,4,4,4,15,6,6,6,16,4,4,4,4,17,18,19,4,4,4,20,4,4,4,4,4,4,4,4,4,4,21,22,4,4,4,4,3,3,3,3,3,3,3,3,7,7,7,7,7,7,7,7","0.000733137130737305","walktrap","edit-xhwikibooks.graphml"
"0.09","0.65","0.26","0.45416409078866","1,4,1,1,2,1,2,1,1,1,2,2,1,1,1,1,9,2,3,5,4,8,1,1,1,1,1,6,4,10,11,3,5,5,3,3,7,1,4,4,4,4,8,8,8,8,4,8,8,8,4,4,4,4,4,8,8,8,8,4,12,4,4,13,14,4,4,4,4,4,8,4,1,1,4,4,4,4,4,4,4,15,6,6,6,16,4,4,4,4,17,18,19,4,4,4,20,4,4,4,4,4,4,4,4,4,4,21,22,4,4,4,4,3,3,3,3,3,3,3,3,7,7,7,7,7,7,7,7","0.000699996948242188","walktrap","edit-xhwikibooks.graphml"
"0.08","0.66","0.26","0.45416409078866","1,4,1,1,2,1,2,1,1,1,2,2,1,1,1,1,9,2,3,5,4,8,1,1,1,1,1,6,4,10,11,3,5,5,3,3,7,1,4,4,4,4,8,8,8,8,4,8,8,8,4,4,4,4,4,8,8,8,8,4,12,4,4,13,14,4,4,4,4,4,8,4,1,1,4,4,4,4,4,4,4,15,6,6,6,16,4,4,4,4,17,18,19,4,4,4,20,4,4,4,4,4,4,4,4,4,4,21,22,4,4,4,4,3,3,3,3,3,3,3,3,7,7,7,7,7,7,7,7","0.000724077224731445","walktrap","edit-xhwikibooks.graphml"
"0.07","0.67","0.26","0.46841639957401","3,5,3,3,3,3,3,1,1,3,7,4,1,1,1,6,10,7,2,4,5,9,1,1,1,1,1,6,5,11,12,2,4,4,2,2,8,1,5,5,5,5,9,9,9,9,5,9,9,9,5,5,5,5,5,9,9,9,9,5,13,5,5,14,15,5,5,5,5,5,9,5,1,1,5,5,5,5,5,5,5,16,6,6,6,17,5,5,5,5,18,19,20,5,5,5,21,5,5,5,5,5,5,5,5,5,5,22,23,5,5,5,5,2,2,2,2,2,2,2,2,8,8,8,8,8,8,8,8","0.000703096389770508","walktrap","edit-xhwikibooks.graphml"
"0.06","0.68","0.26","0.46841639957401","3,5,3,3,3,3,3,1,1,3,7,4,1,1,1,6,10,7,2,4,5,9,1,1,1,1,1,6,5,11,12,2,4,4,2,2,8,1,5,5,5,5,9,9,9,9,5,9,9,9,5,5,5,5,5,9,9,9,9,5,13,5,5,14,15,5,5,5,5,5,9,5,1,1,5,5,5,5,5,5,5,16,6,6,6,17,5,5,5,5,18,19,20,5,5,5,21,5,5,5,5,5,5,5,5,5,5,22,23,5,5,5,5,2,2,2,2,2,2,2,2,8,8,8,8,8,8,8,8","0.00071406364440918","walktrap","edit-xhwikibooks.graphml"
"0.05","0.69","0.26","0.468011576460181","3,5,3,3,3,3,3,1,1,3,7,4,1,1,1,6,10,7,2,4,5,9,1,1,1,1,1,6,5,11,12,2,4,4,2,2,8,1,5,5,5,5,9,9,9,9,5,9,9,9,5,5,5,5,5,9,9,9,9,5,13,5,5,14,15,5,5,5,5,5,9,5,1,1,5,5,5,5,5,5,5,16,6,6,6,17,5,5,5,5,18,19,20,5,5,5,21,5,5,5,5,5,5,5,5,5,5,22,23,5,5,5,5,2,2,2,2,2,2,2,2,8,8,8,8,8,8,8,8","0.000818967819213867","walktrap","edit-xhwikibooks.graphml"
"0.04","0.7","0.26","0.46906323553283","3,5,3,3,3,3,3,1,1,3,7,4,1,1,1,6,10,7,2,4,5,9,1,1,1,1,1,6,5,11,12,2,4,4,2,2,8,1,5,5,5,5,9,9,9,9,5,9,9,9,5,5,5,5,5,9,9,9,9,5,13,5,5,14,15,5,5,5,5,5,9,5,1,1,5,5,5,5,5,5,5,16,6,6,6,17,5,5,5,5,18,19,20,5,5,5,21,5,5,5,5,5,5,5,5,5,5,22,23,5,5,5,5,2,2,2,2,2,2,2,2,8,8,8,8,8,8,8,8","0.00088810920715332","walktrap","edit-xhwikibooks.graphml"
"0.03","0.71","0.26","0.468658937317875","3,5,3,3,3,3,3,1,1,3,7,4,1,1,1,6,10,7,2,4,5,9,1,1,1,1,1,6,5,11,12,2,4,4,2,2,8,1,5,5,5,5,9,9,9,9,5,9,9,9,5,5,5,5,5,9,9,9,9,5,13,5,5,14,15,5,5,5,5,5,9,5,1,1,5,5,5,5,5,5,5,16,6,6,6,17,5,5,5,5,18,19,20,5,5,5,21,5,5,5,5,5,5,5,5,5,5,22,23,5,5,5,5,2,2,2,2,2,2,2,2,8,8,8,8,8,8,8,8","0.000699996948242188","walktrap","edit-xhwikibooks.graphml"
"0.02","0.72","0.26","0.47061209425594","3,5,3,3,3,3,3,1,1,3,7,4,1,1,1,6,10,7,2,4,5,9,1,1,1,1,1,6,5,11,12,2,4,4,2,2,8,1,5,5,5,5,9,9,9,9,5,9,9,9,5,5,5,5,5,9,9,9,9,5,13,5,5,14,15,5,5,5,5,5,9,5,1,1,5,5,5,5,5,5,5,16,6,6,6,17,5,5,5,5,18,19,20,5,5,5,21,5,5,5,5,5,5,5,5,5,5,22,23,5,5,5,5,2,2,2,2,2,2,2,2,8,8,8,8,8,8,8,8","0.000706911087036133","walktrap","edit-xhwikibooks.graphml"
"0.01","0.73","0.26","0.470208530233868","3,5,3,3,3,3,3,1,1,3,7,4,1,1,1,6,10,7,2,4,5,9,1,1,1,1,1,6,5,11,12,2,4,4,2,2,8,1,5,5,5,5,9,9,9,9,5,9,9,9,5,5,5,5,5,9,9,9,9,5,13,5,5,14,15,5,5,5,5,5,9,5,1,1,5,5,5,5,5,5,5,16,6,6,6,17,5,5,5,5,18,19,20,5,5,5,21,5,5,5,5,5,5,5,5,5,5,22,23,5,5,5,5,2,2,2,2,2,2,2,2,8,8,8,8,8,8,8,8","0.000689029693603516","walktrap","edit-xhwikibooks.graphml"
"0","0.74","0.26","0.472555713244601","2,7,2,2,2,2,2,1,1,2,5,2,1,1,1,2,10,5,3,4,7,9,1,1,1,1,1,6,2,11,12,3,4,4,3,3,8,1,7,7,7,7,9,9,9,9,7,9,9,9,7,7,7,7,7,9,9,9,9,7,13,7,7,14,15,7,7,7,7,7,9,7,1,1,7,7,7,7,7,7,7,16,6,6,6,17,7,7,7,7,18,19,20,7,7,7,21,7,7,7,7,7,7,7,7,7,7,22,23,7,7,7,7,3,3,3,3,3,3,3,3,8,8,8,8,8,8,8,8","0.000741958618164062","walktrap","edit-xhwikibooks.graphml"
"0.73","0","0.27","0.409883842491984","1,13,1,1,1,1,1,3,3,1,1,2,3,3,3,1,5,4,6,2,13,11,9,3,3,3,3,10,7,5,4,8,2,2,6,6,12,3,13,13,13,13,11,11,11,11,13,11,11,11,13,13,13,13,13,11,11,11,11,13,9,13,13,3,3,13,13,13,13,13,11,13,3,3,13,13,13,13,13,13,13,3,10,10,10,7,13,13,13,13,5,4,8,13,13,13,1,13,13,13,13,13,13,13,13,13,13,2,2,13,13,13,13,6,6,6,6,6,6,6,6,12,12,12,12,12,12,12,12","0.000711917877197266","walktrap","edit-xhwikibooks.graphml"
"0.72","0.01","0.27","0.409883842491984","1,13,1,1,1,1,1,3,3,1,1,2,3,3,3,1,5,4,6,2,13,11,9,3,3,3,3,10,7,5,4,8,2,2,6,6,12,3,13,13,13,13,11,11,11,11,13,11,11,11,13,13,13,13,13,11,11,11,11,13,9,13,13,3,3,13,13,13,13,13,11,13,3,3,13,13,13,13,13,13,13,3,10,10,10,7,13,13,13,13,5,4,8,13,13,13,1,13,13,13,13,13,13,13,13,13,13,2,2,13,13,13,13,6,6,6,6,6,6,6,6,12,12,12,12,12,12,12,12","0.000724077224731445","walktrap","edit-xhwikibooks.graphml"
"0.71","0.02","0.27","0.409883842491984","1,13,1,1,1,1,1,3,3,1,1,2,3,3,3,1,5,4,6,2,13,11,9,3,3,3,3,10,7,5,4,8,2,2,6,6,12,3,13,13,13,13,11,11,11,11,13,11,11,11,13,13,13,13,13,11,11,11,11,13,9,13,13,3,3,13,13,13,13,13,11,13,3,3,13,13,13,13,13,13,13,3,10,10,10,7,13,13,13,13,5,4,8,13,13,13,1,13,13,13,13,13,13,13,13,13,13,2,2,13,13,13,13,6,6,6,6,6,6,6,6,12,12,12,12,12,12,12,12","0.000725984573364258","walktrap","edit-xhwikibooks.graphml"
"0.7","0.03","0.27","0.409506704851934","1,13,1,1,1,1,1,3,3,1,1,2,3,3,3,1,5,4,6,2,13,11,9,3,3,3,3,10,7,5,4,8,2,2,6,6,12,3,13,13,13,13,11,11,11,11,13,11,11,11,13,13,13,13,13,11,11,11,11,13,9,13,13,3,3,13,13,13,13,13,11,13,3,3,13,13,13,13,13,13,13,3,10,10,10,7,13,13,13,13,5,4,8,13,13,13,1,13,13,13,13,13,13,13,13,13,13,2,2,13,13,13,13,6,6,6,6,6,6,6,6,12,12,12,12,12,12,12,12","0.000710010528564453","walktrap","edit-xhwikibooks.graphml"
"0.69","0.04","0.27","0.409506704851934","1,13,1,1,1,1,1,3,3,1,1,2,3,3,3,1,5,4,6,2,13,11,9,3,3,3,3,10,7,5,4,8,2,2,6,6,12,3,13,13,13,13,11,11,11,11,13,11,11,11,13,13,13,13,13,11,11,11,11,13,9,13,13,3,3,13,13,13,13,13,11,13,3,3,13,13,13,13,13,13,13,3,10,10,10,7,13,13,13,13,5,4,8,13,13,13,1,13,13,13,13,13,13,13,13,13,13,2,2,13,13,13,13,6,6,6,6,6,6,6,6,12,12,12,12,12,12,12,12","0.000721216201782227","walktrap","edit-xhwikibooks.graphml"
"0.68","0.05","0.27","0.409130213529296","1,13,1,1,1,1,1,3,3,1,1,2,3,3,3,1,5,4,6,2,13,11,9,3,3,3,3,10,7,5,4,8,2,2,6,6,12,3,13,13,13,13,11,11,11,11,13,11,11,11,13,13,13,13,13,11,11,11,11,13,9,13,13,3,3,13,13,13,13,13,11,13,3,3,13,13,13,13,13,13,13,3,10,10,10,7,13,13,13,13,5,4,8,13,13,13,1,13,13,13,13,13,13,13,13,13,13,2,2,13,13,13,13,6,6,6,6,6,6,6,6,12,12,12,12,12,12,12,12","0.000699996948242188","walktrap","edit-xhwikibooks.graphml"
"0.67","0.06","0.27","0.409130213529296","1,13,1,1,1,1,1,3,3,1,1,2,3,3,3,1,5,4,6,2,13,11,9,3,3,3,3,10,7,5,4,8,2,2,6,6,12,3,13,13,13,13,11,11,11,11,13,11,11,11,13,13,13,13,13,11,11,11,11,13,9,13,13,3,3,13,13,13,13,13,11,13,3,3,13,13,13,13,13,13,13,3,10,10,10,7,13,13,13,13,5,4,8,13,13,13,1,13,13,13,13,13,13,13,13,13,13,2,2,13,13,13,13,6,6,6,6,6,6,6,6,12,12,12,12,12,12,12,12","0.000689983367919922","walktrap","edit-xhwikibooks.graphml"
"0.66","0.07","0.27","0.408754367069616","1,13,1,1,1,1,1,3,3,1,1,2,3,3,3,1,5,4,6,2,13,11,9,3,3,3,3,10,7,5,4,8,2,2,6,6,12,3,13,13,13,13,11,11,11,11,13,11,11,11,13,13,13,13,13,11,11,11,11,13,9,13,13,3,3,13,13,13,13,13,11,13,3,3,13,13,13,13,13,13,13,3,10,10,10,7,13,13,13,13,5,4,8,13,13,13,1,13,13,13,13,13,13,13,13,13,13,2,2,13,13,13,13,6,6,6,6,6,6,6,6,12,12,12,12,12,12,12,12","0.000703096389770508","walktrap","edit-xhwikibooks.graphml"
"0.65","0.08","0.27","0.409938855290855","1,13,1,1,1,1,1,3,3,1,1,2,3,3,3,1,5,4,6,2,13,12,9,3,3,3,3,10,7,5,4,8,2,2,6,6,11,3,13,13,13,13,12,12,12,12,13,12,12,12,13,13,13,13,13,12,12,12,12,13,9,13,13,3,3,13,13,13,13,13,12,13,3,3,13,13,13,13,13,13,13,3,10,10,10,7,13,13,13,13,5,4,8,13,13,13,1,13,13,13,13,13,13,13,13,13,13,2,2,13,13,13,13,6,6,6,6,6,6,6,6,11,11,11,11,11,11,11,11","0.000739097595214844","walktrap","edit-xhwikibooks.graphml"
"0.64","0.09","0.27","0.408933508242153","1,13,1,1,2,1,2,1,1,1,2,2,1,1,1,3,5,4,6,2,13,12,9,1,1,1,1,3,7,5,4,8,10,2,6,6,11,1,13,13,13,13,12,12,12,12,13,12,12,12,13,13,13,13,13,12,12,12,12,13,9,13,13,1,1,13,13,13,13,13,12,13,1,1,13,13,13,13,13,13,13,1,3,3,3,7,13,13,13,13,5,4,8,13,13,13,3,13,13,13,13,13,13,13,13,13,13,10,10,13,13,13,13,6,6,6,6,6,6,6,6,11,11,11,11,11,11,11,11","0.000790119171142578","walktrap","edit-xhwikibooks.graphml"
"0.63","0.1","0.27","0.408933508242153","1,13,1,1,2,1,2,1,1,1,2,2,1,1,1,3,5,4,6,2,13,12,9,1,1,1,1,3,7,5,4,8,10,2,6,6,11,1,13,13,13,13,12,12,12,12,13,12,12,12,13,13,13,13,13,12,12,12,12,13,9,13,13,1,1,13,13,13,13,13,12,13,1,1,13,13,13,13,13,13,13,1,3,3,3,7,13,13,13,13,5,4,8,13,13,13,3,13,13,13,13,13,13,13,13,13,13,10,10,13,13,13,13,6,6,6,6,6,6,6,6,11,11,11,11,11,11,11,11","0.000694990158081055","walktrap","edit-xhwikibooks.graphml"
"0.62","0.11","0.27","0.408558116855281","1,13,1,1,2,1,2,1,1,1,2,2,1,1,1,3,5,4,6,2,13,12,9,1,1,1,1,3,7,5,4,8,10,2,6,6,11,1,13,13,13,13,12,12,12,12,13,12,12,12,13,13,13,13,13,12,12,12,12,13,9,13,13,1,1,13,13,13,13,13,12,13,1,1,13,13,13,13,13,13,13,1,3,3,3,7,13,13,13,13,5,4,8,13,13,13,3,13,13,13,13,13,13,13,13,13,13,10,10,13,13,13,13,6,6,6,6,6,6,6,6,11,11,11,11,11,11,11,11","0.000676870346069336","walktrap","edit-xhwikibooks.graphml"
"0.61","0.12","0.27","0.410965443306007","1,12,1,1,2,1,2,1,1,1,2,2,1,1,1,3,5,4,7,2,12,11,9,1,1,1,1,3,6,5,4,8,10,2,7,7,13,1,12,12,12,12,11,11,11,11,12,11,11,11,12,12,12,12,12,11,11,11,11,12,9,12,12,1,1,12,12,12,12,12,11,12,1,1,12,12,12,12,12,12,12,1,3,3,3,6,12,12,12,12,5,4,8,12,12,12,3,12,12,12,12,12,12,12,12,12,12,10,10,12,12,12,12,7,7,7,7,7,7,7,7,13,13,13,13,13,13,13,13","0.000689029693603516","walktrap","edit-xhwikibooks.graphml"
"0.6","0.13","0.27","0.410590017946252","1,12,1,1,2,1,2,1,1,1,2,2,1,1,1,3,5,4,7,2,12,11,9,1,1,1,1,3,6,5,4,8,10,2,7,7,13,1,12,12,12,12,11,11,11,11,12,11,11,11,12,12,12,12,12,11,11,11,11,12,9,12,12,1,1,12,12,12,12,12,11,12,1,1,12,12,12,12,12,12,12,1,3,3,3,6,12,12,12,12,5,4,8,12,12,12,3,12,12,12,12,12,12,12,12,12,12,10,10,12,12,12,12,7,7,7,7,7,7,7,7,13,13,13,13,13,13,13,13","0.000693082809448242","walktrap","edit-xhwikibooks.graphml"
"0.59","0.14","0.27","0.410590017946252","1,12,1,1,2,1,2,1,1,1,2,2,1,1,1,3,5,4,7,2,12,11,9,1,1,1,1,3,6,5,4,8,10,2,7,7,13,1,12,12,12,12,11,11,11,11,12,11,11,11,12,12,12,12,12,11,11,11,11,12,9,12,12,1,1,12,12,12,12,12,11,12,1,1,12,12,12,12,12,12,12,1,3,3,3,6,12,12,12,12,5,4,8,12,12,12,3,12,12,12,12,12,12,12,12,12,12,10,10,12,12,12,12,7,7,7,7,7,7,7,7,13,13,13,13,13,13,13,13","0.000698089599609375","walktrap","edit-xhwikibooks.graphml"
"0.58","0.15","0.27","0.412138284115939","1,12,1,1,2,1,2,1,1,1,2,2,1,1,1,3,5,4,9,2,12,11,8,1,1,1,1,3,6,5,4,7,10,2,9,9,13,1,12,12,12,12,11,11,11,11,12,11,11,11,12,12,12,12,12,11,11,11,11,12,8,12,12,1,1,12,12,12,12,12,11,12,1,1,12,12,12,12,12,12,12,1,3,3,3,6,12,12,12,12,5,4,7,12,12,12,3,12,12,12,12,12,12,12,12,12,12,10,10,12,12,12,12,9,9,9,9,9,9,9,9,13,13,13,13,13,13,13,13","0.000699043273925781","walktrap","edit-xhwikibooks.graphml"
"0.57","0.16","0.27","0.413309590943523","1,11,1,1,2,1,2,1,1,1,2,2,1,1,1,3,5,4,9,2,11,12,8,1,1,1,1,3,6,5,4,7,10,2,9,9,13,1,11,11,11,11,12,12,12,12,11,12,12,12,11,11,11,11,11,12,12,12,12,11,8,11,11,1,1,11,11,11,11,11,12,11,1,1,11,11,11,11,11,11,11,1,3,3,3,6,11,11,11,11,5,4,7,11,11,11,3,11,11,11,11,11,11,11,11,11,11,10,10,11,11,11,11,9,9,9,9,9,9,9,9,13,13,13,13,13,13,13,13","0.000715017318725586","walktrap","edit-xhwikibooks.graphml"
"0.56","0.17","0.27","0.398096101418954","1,11,1,1,2,1,2,1,1,1,2,2,1,1,1,3,5,4,9,2,11,12,8,1,1,1,1,3,6,5,4,7,10,2,9,9,13,1,11,11,11,11,12,12,12,12,11,12,12,12,11,11,11,11,11,12,12,12,12,11,8,11,11,1,1,11,11,11,11,11,12,11,1,1,11,11,11,11,11,11,11,1,3,3,3,6,11,11,11,11,5,4,7,11,11,11,3,11,11,11,11,11,11,11,11,11,11,10,10,11,11,11,11,9,9,9,9,9,9,9,9,13,13,13,13,13,13,13,13","0.000733137130737305","walktrap","edit-xhwikibooks.graphml"
"0.55","0.18","0.27","0.398096101418954","1,11,1,1,2,1,2,1,1,1,2,2,1,1,1,3,5,4,9,2,11,12,8,1,1,1,1,3,6,5,4,7,10,2,9,9,13,1,11,11,11,11,12,12,12,12,11,12,12,12,11,11,11,11,11,12,12,12,12,11,8,11,11,1,1,11,11,11,11,11,12,11,1,1,11,11,11,11,11,11,11,1,3,3,3,6,11,11,11,11,5,4,7,11,11,11,3,11,11,11,11,11,11,11,11,11,11,10,10,11,11,11,11,9,9,9,9,9,9,9,9,13,13,13,13,13,13,13,13","0.000704050064086914","walktrap","edit-xhwikibooks.graphml"
"0.54","0.19","0.27","0.397727456247544","1,11,1,1,2,1,2,1,1,1,2,2,1,1,1,3,5,4,9,2,11,12,8,1,1,1,1,3,6,5,4,7,10,2,9,9,13,1,11,11,11,11,12,12,12,12,11,12,12,12,11,11,11,11,11,12,12,12,12,11,8,11,11,1,1,11,11,11,11,11,12,11,1,1,11,11,11,11,11,11,11,1,3,3,3,6,11,11,11,11,5,4,7,11,11,11,3,11,11,11,11,11,11,11,11,11,11,10,10,11,11,11,11,9,9,9,9,9,9,9,9,13,13,13,13,13,13,13,13","0.00072789192199707","walktrap","edit-xhwikibooks.graphml"
"0.53","0.2","0.27","0.400116008659122","1,11,1,1,2,1,2,1,1,1,2,2,1,1,1,3,5,4,9,2,11,12,8,1,1,1,1,3,6,5,4,7,10,2,9,9,13,1,11,11,11,11,12,12,12,12,11,12,12,12,11,11,11,11,11,12,12,12,12,11,8,11,11,1,1,11,11,11,11,11,12,11,1,1,11,11,11,11,11,11,11,1,3,3,3,6,11,11,11,11,5,4,7,11,11,11,3,11,11,11,11,11,11,11,11,11,11,10,10,11,11,11,11,9,9,9,9,9,9,9,9,13,13,13,13,13,13,13,13","0.000731945037841797","walktrap","edit-xhwikibooks.graphml"
"0.52","0.21","0.27","0.399747402185172","1,11,1,1,2,1,2,1,1,1,2,2,1,1,1,3,5,4,9,2,11,12,8,1,1,1,1,3,6,5,4,7,10,2,9,9,13,1,11,11,11,11,12,12,12,12,11,12,12,12,11,11,11,11,11,12,12,12,12,11,8,11,11,1,1,11,11,11,11,11,12,11,1,1,11,11,11,11,11,11,11,1,3,3,3,6,11,11,11,11,5,4,7,11,11,11,3,11,11,11,11,11,11,11,11,11,11,10,10,11,11,11,11,9,9,9,9,9,9,9,9,13,13,13,13,13,13,13,13","0.000720977783203125","walktrap","edit-xhwikibooks.graphml"
"0.51","0.22","0.27","0.399747402185172","1,11,1,1,2,1,2,1,1,1,2,2,1,1,1,3,5,4,9,2,11,12,8,1,1,1,1,3,6,5,4,7,10,2,9,9,13,1,11,11,11,11,12,12,12,12,11,12,12,12,11,11,11,11,11,12,12,12,12,11,8,11,11,1,1,11,11,11,11,11,12,11,1,1,11,11,11,11,11,11,11,1,3,3,3,6,11,11,11,11,5,4,7,11,11,11,3,11,11,11,11,11,11,11,11,11,11,10,10,11,11,11,11,9,9,9,9,9,9,9,9,13,13,13,13,13,13,13,13","0.000728845596313477","walktrap","edit-xhwikibooks.graphml"
"0.5","0.23","0.27","0.401840132515025","1,11,1,1,2,1,2,1,1,1,2,2,1,1,1,3,5,4,9,2,11,12,8,1,1,1,1,3,6,5,4,7,10,2,9,9,13,1,11,11,11,11,12,12,12,12,11,12,12,12,11,11,11,11,11,12,12,12,12,11,8,11,11,1,1,11,11,11,11,11,12,11,1,1,11,11,11,11,11,11,11,1,3,3,3,6,11,11,11,11,5,4,7,11,11,11,3,11,11,11,11,11,11,11,11,11,11,10,10,11,11,11,11,9,9,9,9,9,9,9,9,13,13,13,13,13,13,13,13","0.000828981399536133","walktrap","edit-xhwikibooks.graphml"
"0.49","0.24","0.27","0.403035908898897","1,11,1,1,2,1,2,1,1,1,2,2,1,1,1,3,5,4,9,2,11,12,8,1,1,1,1,3,6,5,4,7,10,2,9,9,13,1,11,11,11,11,12,12,12,12,11,12,12,12,11,11,11,11,11,12,12,12,12,11,8,11,11,1,1,11,11,11,11,11,12,11,1,1,11,11,11,11,11,11,11,1,3,3,3,6,11,11,11,11,5,4,7,11,11,11,3,11,11,11,11,11,11,11,11,11,11,10,10,11,11,11,11,9,9,9,9,9,9,9,9,13,13,13,13,13,13,13,13","0.000699043273925781","walktrap","edit-xhwikibooks.graphml"
"0.48","0.25","0.27","0.382893881878185","4,12,4,4,2,4,2,1,1,4,2,2,1,1,1,3,6,5,10,2,12,13,9,1,1,1,1,3,7,6,5,8,11,2,10,10,14,1,12,12,12,12,13,13,13,13,12,13,13,13,12,12,12,12,12,13,13,13,13,12,9,12,12,1,1,12,12,12,12,12,13,12,1,1,12,12,12,12,12,12,12,1,3,3,3,7,12,12,12,12,6,5,8,12,12,12,3,12,12,12,12,12,12,12,12,12,12,11,11,12,12,12,12,10,10,10,10,10,10,10,10,14,14,14,14,14,14,14,14","0.000704050064086914","walktrap","edit-xhwikibooks.graphml"
"0.47","0.26","0.27","0.382893881878185","4,12,4,4,2,4,2,1,1,4,2,2,1,1,1,3,6,5,10,2,12,13,9,1,1,1,1,3,7,6,5,8,11,2,10,10,14,1,12,12,12,12,13,13,13,13,12,13,13,13,12,12,12,12,12,13,13,13,13,12,9,12,12,1,1,12,12,12,12,12,13,12,1,1,12,12,12,12,12,12,12,1,3,3,3,7,12,12,12,12,6,5,8,12,12,12,3,12,12,12,12,12,12,12,12,12,12,11,11,12,12,12,12,10,10,10,10,10,10,10,10,14,14,14,14,14,14,14,14","0.000720024108886719","walktrap","edit-xhwikibooks.graphml"
"0.46","0.27","0.27","0.382893881878185","4,12,4,4,2,4,2,1,1,4,2,2,1,1,1,3,6,5,10,2,12,13,9,1,1,1,1,3,7,6,5,8,11,2,10,10,14,1,12,12,12,12,13,13,13,13,12,13,13,13,12,12,12,12,12,13,13,13,13,12,9,12,12,1,1,12,12,12,12,12,13,12,1,1,12,12,12,12,12,12,12,1,3,3,3,7,12,12,12,12,6,5,8,12,12,12,3,12,12,12,12,12,12,12,12,12,12,11,11,12,12,12,12,10,10,10,10,10,10,10,10,14,14,14,14,14,14,14,14","0.000715017318725586","walktrap","edit-xhwikibooks.graphml"
"0.45","0.28","0.27","0.380899087408054","1,5,1,1,2,1,2,1,1,1,2,2,1,1,1,3,6,7,4,2,5,9,1,1,1,1,1,3,5,6,7,4,8,2,4,4,10,1,5,5,5,5,9,9,9,9,5,9,9,9,5,5,5,5,5,9,9,9,9,5,11,5,5,1,1,5,5,5,5,5,9,5,1,1,5,5,5,5,5,5,5,1,3,3,3,12,5,5,5,5,13,14,15,5,5,5,3,5,5,5,5,5,5,5,5,5,5,8,8,5,5,5,5,4,4,4,4,4,4,4,4,10,10,10,10,10,10,10,10","0.000697851181030273","walktrap","edit-xhwikibooks.graphml"
"0.44","0.29","0.27","0.383390667240235","1,5,1,1,2,1,2,1,1,1,2,2,1,1,1,3,6,7,4,2,5,9,1,1,1,1,1,3,5,6,7,4,8,2,4,4,10,1,5,5,5,5,9,9,9,9,5,9,9,9,5,5,5,5,5,9,9,9,9,5,11,5,5,1,1,5,5,5,5,5,9,5,1,1,5,5,5,5,5,5,5,1,3,3,3,12,5,5,5,5,13,14,15,5,5,5,3,5,5,5,5,5,5,5,5,5,5,8,8,5,5,5,5,4,4,4,4,4,4,4,4,10,10,10,10,10,10,10,10","0.000706195831298828","walktrap","edit-xhwikibooks.graphml"
"0.43","0.3","0.27","0.38302669898919","1,5,1,1,2,1,2,1,1,1,2,2,1,1,1,3,6,7,4,2,5,9,1,1,1,1,1,3,5,6,7,4,8,2,4,4,10,1,5,5,5,5,9,9,9,9,5,9,9,9,5,5,5,5,5,9,9,9,9,5,11,5,5,1,1,5,5,5,5,5,9,5,1,1,5,5,5,5,5,5,5,1,3,3,3,12,5,5,5,5,13,14,15,5,5,5,3,5,5,5,5,5,5,5,5,5,5,8,8,5,5,5,5,4,4,4,4,4,4,4,4,10,10,10,10,10,10,10,10","0.000704050064086914","walktrap","edit-xhwikibooks.graphml"
"0.42","0.31","0.27","0.384319961697616","1,5,1,1,2,1,2,1,1,1,2,2,1,1,1,3,6,7,4,2,5,9,1,1,1,1,1,3,5,6,7,4,8,2,4,4,10,1,5,5,5,5,9,9,9,9,5,9,9,9,5,5,5,5,5,9,9,9,9,5,11,5,5,1,1,5,5,5,5,5,9,5,1,1,5,5,5,5,5,5,5,1,3,3,3,12,5,5,5,5,13,14,15,5,5,5,3,5,5,5,5,5,5,5,5,5,5,8,8,5,5,5,5,4,4,4,4,4,4,4,4,10,10,10,10,10,10,10,10","0.000732183456420898","walktrap","edit-xhwikibooks.graphml"
"0.41","0.32","0.27","0.383956158834833","1,5,1,1,2,1,2,1,1,1,2,2,1,1,1,3,6,7,4,2,5,9,1,1,1,1,1,3,5,6,7,4,8,2,4,4,10,1,5,5,5,5,9,9,9,9,5,9,9,9,5,5,5,5,5,9,9,9,9,5,11,5,5,1,1,5,5,5,5,5,9,5,1,1,5,5,5,5,5,5,5,1,3,3,3,12,5,5,5,5,13,14,15,5,5,5,3,5,5,5,5,5,5,5,5,5,5,8,8,5,5,5,5,4,4,4,4,4,4,4,4,10,10,10,10,10,10,10,10","0.000720977783203125","walktrap","edit-xhwikibooks.graphml"
"0.4","0.33","0.27","0.384661947265825","1,7,1,1,2,1,2,1,1,1,2,2,1,1,1,3,5,6,4,2,7,9,1,1,1,1,1,3,7,5,6,4,8,2,4,4,10,1,7,7,7,7,9,9,9,9,7,9,9,9,7,7,7,7,7,9,9,9,9,7,11,7,7,1,1,7,7,7,7,7,9,7,1,1,7,7,7,7,7,7,7,1,3,3,3,12,7,7,7,7,13,14,15,7,7,7,3,7,7,7,7,7,7,7,7,7,7,8,8,7,7,7,7,4,4,4,4,4,4,4,4,10,10,10,10,10,10,10,10","0.000733137130737305","walktrap","edit-xhwikibooks.graphml"
"0.39","0.34","0.27","0.401983749504558","1,7,1,1,2,1,2,1,1,1,2,2,1,1,1,3,6,5,4,2,7,9,1,1,1,1,1,3,7,6,5,4,8,2,4,4,10,1,7,7,7,7,9,9,9,9,7,9,9,9,7,7,7,7,7,9,9,9,9,7,11,7,7,1,1,7,7,7,7,7,9,7,1,1,7,7,7,7,7,7,7,1,3,3,3,12,7,7,7,7,13,14,15,7,7,7,3,7,7,7,7,7,7,7,7,7,7,8,8,7,7,7,7,4,4,4,4,4,4,4,4,10,10,10,10,10,10,10,10","0.000731945037841797","walktrap","edit-xhwikibooks.graphml"
"0.38","0.35","0.27","0.401613543164685","1,7,1,1,2,1,2,1,1,1,2,2,1,1,1,3,6,5,4,2,7,9,1,1,1,1,1,3,7,6,5,4,8,2,4,4,10,1,7,7,7,7,9,9,9,9,7,9,9,9,7,7,7,7,7,9,9,9,9,7,11,7,7,1,1,7,7,7,7,7,9,7,1,1,7,7,7,7,7,7,7,1,3,3,3,12,7,7,7,7,13,14,15,7,7,7,3,7,7,7,7,7,7,7,7,7,7,8,8,7,7,7,7,4,4,4,4,4,4,4,4,10,10,10,10,10,10,10,10","0.000723123550415039","walktrap","edit-xhwikibooks.graphml"
"0.37","0.36","0.27","0.397392647035293","2,5,2,2,2,1,2,1,1,3,2,2,1,1,1,1,3,6,4,2,5,9,1,1,1,1,1,7,5,3,6,4,8,2,4,4,10,1,5,5,5,5,9,9,9,9,5,9,9,9,5,5,5,5,5,9,9,9,9,5,11,5,5,1,1,5,5,5,5,5,9,5,1,1,5,5,5,5,5,5,5,1,7,7,7,12,5,5,5,5,13,14,15,5,5,5,1,5,5,5,5,5,5,5,5,5,5,8,8,5,5,5,5,4,4,4,4,4,4,4,4,10,10,10,10,10,10,10,10","0.000725984573364258","walktrap","edit-xhwikibooks.graphml"
"0.36","0.37","0.27","0.397392647035293","2,5,2,2,2,1,2,1,1,3,2,2,1,1,1,1,3,6,4,2,5,9,1,1,1,1,1,7,5,3,6,4,8,2,4,4,10,1,5,5,5,5,9,9,9,9,5,9,9,9,5,5,5,5,5,9,9,9,9,5,11,5,5,1,1,5,5,5,5,5,9,5,1,1,5,5,5,5,5,5,5,1,7,7,7,12,5,5,5,5,13,14,15,5,5,5,1,5,5,5,5,5,5,5,5,5,5,8,8,5,5,5,5,4,4,4,4,4,4,4,4,10,10,10,10,10,10,10,10","0.000823020935058594","walktrap","edit-xhwikibooks.graphml"
"0.35","0.38","0.27","0.397021906666188","2,5,2,2,2,1,2,1,1,3,2,2,1,1,1,1,3,6,4,2,5,9,1,1,1,1,1,7,5,3,6,4,8,2,4,4,10,1,5,5,5,5,9,9,9,9,5,9,9,9,5,5,5,5,5,9,9,9,9,5,11,5,5,1,1,5,5,5,5,5,9,5,1,1,5,5,5,5,5,5,5,1,7,7,7,12,5,5,5,5,13,14,15,5,5,5,1,5,5,5,5,5,5,5,5,5,5,8,8,5,5,5,5,4,4,4,4,4,4,4,4,10,10,10,10,10,10,10,10","0.000678062438964844","walktrap","edit-xhwikibooks.graphml"
"0.34","0.39","0.27","0.398267111214933","2,5,2,2,2,1,2,1,1,3,2,2,1,1,1,1,3,6,4,2,5,10,1,1,1,1,1,7,5,3,6,4,8,2,4,4,9,1,5,5,5,5,10,10,10,10,5,10,10,10,5,5,5,5,5,10,10,10,10,5,11,5,5,1,1,5,5,5,5,5,10,5,1,1,5,5,5,5,5,5,5,1,7,7,7,12,5,5,5,5,13,14,15,5,5,5,1,5,5,5,5,5,5,5,5,5,5,8,8,5,5,5,5,4,4,4,4,4,4,4,4,9,9,9,9,9,9,9,9","0.000685930252075195","walktrap","edit-xhwikibooks.graphml"
"0.33","0.4","0.27","0.400278919805283","2,5,2,2,2,1,2,1,1,3,2,2,1,1,1,1,3,6,4,2,5,10,1,1,1,1,1,7,5,3,6,4,8,2,4,4,9,1,5,5,5,5,10,10,10,10,5,10,10,10,5,5,5,5,5,10,10,10,10,5,11,5,5,1,1,5,5,5,5,5,10,5,1,1,5,5,5,5,5,5,5,1,7,7,7,12,5,5,5,5,13,14,15,5,5,5,1,5,5,5,5,5,5,5,5,5,5,8,8,5,5,5,5,4,4,4,4,4,4,4,4,9,9,9,9,9,9,9,9","0.000705957412719727","walktrap","edit-xhwikibooks.graphml"
"0.32","0.41","0.27","0.400278919805283","2,5,2,2,2,1,2,1,1,3,2,2,1,1,1,1,3,6,4,2,5,10,1,1,1,1,1,7,5,3,6,4,8,2,4,4,9,1,5,5,5,5,10,10,10,10,5,10,10,10,5,5,5,5,5,10,10,10,10,5,11,5,5,1,1,5,5,5,5,5,10,5,1,1,5,5,5,5,5,5,5,1,7,7,7,12,5,5,5,5,13,14,15,5,5,5,1,5,5,5,5,5,5,5,5,5,5,8,8,5,5,5,5,4,4,4,4,4,4,4,4,9,9,9,9,9,9,9,9","0.00070500373840332","walktrap","edit-xhwikibooks.graphml"
"0.31","0.42","0.27","0.399908467300732","2,5,2,2,2,1,2,1,1,3,2,2,1,1,1,1,3,6,4,2,5,10,1,1,1,1,1,7,5,3,6,4,8,2,4,4,9,1,5,5,5,5,10,10,10,10,5,10,10,10,5,5,5,5,5,10,10,10,10,5,11,5,5,1,1,5,5,5,5,5,10,5,1,1,5,5,5,5,5,5,5,1,7,7,7,12,5,5,5,5,13,14,15,5,5,5,1,5,5,5,5,5,5,5,5,5,5,8,8,5,5,5,5,4,4,4,4,4,4,4,4,9,9,9,9,9,9,9,9","0.000719070434570312","walktrap","edit-xhwikibooks.graphml"
"0.3","0.43","0.27","0.402261623614304","2,5,2,2,2,1,2,1,1,3,2,2,1,1,1,1,3,6,4,2,5,10,1,1,1,1,1,7,5,3,6,4,8,2,4,4,9,1,5,5,5,5,10,10,10,10,5,10,10,10,5,5,5,5,5,10,10,10,10,5,11,5,5,1,1,5,5,5,5,5,10,5,1,1,5,5,5,5,5,5,5,1,7,7,7,12,5,5,5,5,13,14,15,5,5,5,1,5,5,5,5,5,5,5,5,5,5,8,8,5,5,5,5,4,4,4,4,4,4,4,4,9,9,9,9,9,9,9,9","0.000700950622558594","walktrap","edit-xhwikibooks.graphml"
"0.29","0.44","0.27","0.40071425205138","2,5,2,2,2,1,2,1,1,3,2,2,1,1,1,1,3,6,4,2,5,10,1,1,1,1,1,7,5,3,6,4,8,2,4,4,9,1,5,5,5,5,10,10,10,10,5,10,10,10,5,5,5,5,5,10,10,10,10,5,11,5,5,1,1,5,5,5,5,5,10,5,1,1,5,5,5,5,5,5,5,1,7,7,7,12,5,5,5,5,13,14,15,5,5,5,1,5,5,5,5,5,5,5,5,5,5,8,8,5,5,5,5,4,4,4,4,4,4,4,4,9,9,9,9,9,9,9,9","0.000712871551513672","walktrap","edit-xhwikibooks.graphml"
"0.28","0.45","0.27","0.403162204707992","2,5,2,2,2,1,2,1,1,3,2,2,1,1,1,1,3,6,4,2,5,9,1,1,1,1,1,7,5,3,6,4,8,2,4,4,10,1,5,5,5,5,9,9,9,9,5,9,9,9,5,5,5,5,5,9,9,9,9,5,11,5,5,1,1,5,5,5,5,5,9,5,1,1,5,5,5,5,5,5,5,1,7,7,7,12,5,5,5,5,13,14,15,5,5,5,1,5,5,5,5,5,5,5,5,5,5,8,8,5,5,5,5,4,4,4,4,4,4,4,4,10,10,10,10,10,10,10,10","0.000722885131835938","walktrap","edit-xhwikibooks.graphml"
"0.27","0.46","0.27","0.40407246745295","2,5,2,2,2,1,2,1,1,3,2,2,1,1,1,1,3,6,4,2,5,9,1,1,1,1,1,7,5,3,6,4,8,2,4,4,10,1,5,5,5,5,9,9,9,9,5,9,9,9,5,5,5,5,5,9,9,9,9,5,11,5,5,1,1,5,5,5,5,5,9,5,1,1,5,5,5,5,5,5,5,1,7,7,7,12,5,5,5,5,13,14,15,5,5,5,1,5,5,5,5,5,5,5,5,5,5,8,8,5,5,5,5,4,4,4,4,4,4,4,4,10,10,10,10,10,10,10,10","0.00072789192199707","walktrap","edit-xhwikibooks.graphml"
"0.26","0.47","0.27","0.405285248906025","2,5,2,2,2,1,2,1,1,3,2,2,1,1,1,1,3,6,4,2,5,10,1,1,1,1,1,7,5,3,6,4,8,2,4,4,9,1,5,5,5,5,10,10,10,10,5,10,10,10,5,5,5,5,5,10,10,10,10,5,11,5,5,1,1,5,5,5,5,5,10,5,1,1,5,5,5,5,5,5,5,1,7,7,7,12,5,5,5,5,13,14,15,5,5,5,1,5,5,5,5,5,5,5,5,5,5,8,8,5,5,5,5,4,4,4,4,4,4,4,4,9,9,9,9,9,9,9,9","0.000697135925292969","walktrap","edit-xhwikibooks.graphml"
"0.25","0.48","0.27","0.404914772727273","2,5,2,2,2,1,2,1,1,3,2,2,1,1,1,1,3,6,4,2,5,10,1,1,1,1,1,7,5,3,6,4,8,2,4,4,9,1,5,5,5,5,10,10,10,10,5,10,10,10,5,5,5,5,5,10,10,10,10,5,11,5,5,1,1,5,5,5,5,5,10,5,1,1,5,5,5,5,5,5,5,1,7,7,7,12,5,5,5,5,13,14,15,5,5,5,1,5,5,5,5,5,5,5,5,5,5,8,8,5,5,5,5,4,4,4,4,4,4,4,4,9,9,9,9,9,9,9,9","0.000737905502319336","walktrap","edit-xhwikibooks.graphml"
"0.24","0.49","0.27","0.404914772727273","2,5,2,2,2,1,2,1,1,3,2,2,1,1,1,1,3,6,4,2,5,10,1,1,1,1,1,7,5,3,6,4,8,2,4,4,9,1,5,5,5,5,10,10,10,10,5,10,10,10,5,5,5,5,5,10,10,10,10,5,11,5,5,1,1,5,5,5,5,5,10,5,1,1,5,5,5,5,5,5,5,1,7,7,7,12,5,5,5,5,13,14,15,5,5,5,1,5,5,5,5,5,5,5,5,5,5,8,8,5,5,5,5,4,4,4,4,4,4,4,4,9,9,9,9,9,9,9,9","0.000777959823608398","walktrap","edit-xhwikibooks.graphml"
"0.23","0.5","0.27","0.448446457268079","1,4,1,1,1,1,1,2,2,5,1,1,2,2,2,1,5,6,3,1,4,10,2,2,2,2,2,7,4,5,6,3,8,1,3,3,9,2,4,4,4,4,10,10,10,10,4,10,10,10,4,4,4,4,4,10,10,10,10,4,11,4,4,2,2,4,4,4,4,4,10,4,2,2,4,4,4,4,4,4,4,2,7,7,7,12,4,4,4,4,13,14,15,4,4,4,1,4,4,4,4,4,4,4,4,4,4,8,8,4,4,4,4,3,3,3,3,3,3,3,3,9,9,9,9,9,9,9,9","0.000715017318725586","walktrap","edit-xhwikibooks.graphml"
"0.22","0.51","0.27","0.448446457268079","1,4,1,1,1,1,1,2,2,5,1,1,2,2,2,1,5,6,3,1,4,10,2,2,2,2,2,7,4,5,6,3,8,1,3,3,9,2,4,4,4,4,10,10,10,10,4,10,10,10,4,4,4,4,4,10,10,10,10,4,11,4,4,2,2,4,4,4,4,4,10,4,2,2,4,4,4,4,4,4,4,2,7,7,7,12,4,4,4,4,13,14,15,4,4,4,1,4,4,4,4,4,4,4,4,4,4,8,8,4,4,4,4,3,3,3,3,3,3,3,3,9,9,9,9,9,9,9,9","0.000748872756958008","walktrap","edit-xhwikibooks.graphml"
"0.21","0.52","0.27","0.448446457268079","1,4,1,1,1,1,1,2,2,5,1,1,2,2,2,1,5,6,3,1,4,10,2,2,2,2,2,7,4,5,6,3,8,1,3,3,9,2,4,4,4,4,10,10,10,10,4,10,10,10,4,4,4,4,4,10,10,10,10,4,11,4,4,2,2,4,4,4,4,4,10,4,2,2,4,4,4,4,4,4,4,2,7,7,7,12,4,4,4,4,13,14,15,4,4,4,1,4,4,4,4,4,4,4,4,4,4,8,8,4,4,4,4,3,3,3,3,3,3,3,3,9,9,9,9,9,9,9,9","0.000693082809448242","walktrap","edit-xhwikibooks.graphml"
"0.2","0.53","0.27","0.448070849796379","1,4,1,1,1,1,1,2,2,5,1,1,2,2,2,1,5,6,3,1,4,10,2,2,2,2,2,7,4,5,6,3,8,1,3,3,9,2,4,4,4,4,10,10,10,10,4,10,10,10,4,4,4,4,4,10,10,10,10,4,11,4,4,2,2,4,4,4,4,4,10,4,2,2,4,4,4,4,4,4,4,2,7,7,7,12,4,4,4,4,13,14,15,4,4,4,1,4,4,4,4,4,4,4,4,4,4,8,8,4,4,4,4,3,3,3,3,3,3,3,3,9,9,9,9,9,9,9,9","0.00069117546081543","walktrap","edit-xhwikibooks.graphml"
"0.19","0.54","0.27","0.449128331523782","1,4,1,1,1,1,1,2,2,5,1,1,2,2,2,1,5,6,3,1,4,10,2,2,2,2,2,7,4,5,6,3,8,1,3,3,9,2,4,4,4,4,10,10,10,10,4,10,10,10,4,4,4,4,4,10,10,10,10,4,11,4,4,2,2,4,4,4,4,4,10,4,2,2,4,4,4,4,4,4,4,2,7,7,7,12,4,4,4,4,13,14,15,4,4,4,1,4,4,4,4,4,4,4,4,4,4,8,8,4,4,4,4,3,3,3,3,3,3,3,3,9,9,9,9,9,9,9,9","0.000684022903442383","walktrap","edit-xhwikibooks.graphml"
"0.18","0.55","0.27","0.441248175087412","1,4,1,1,2,1,2,1,1,1,2,2,1,1,1,1,9,2,3,5,4,8,1,1,1,1,1,6,4,10,11,3,5,5,3,3,7,1,4,4,4,4,8,8,8,8,4,8,8,8,4,4,4,4,4,8,8,8,8,4,12,4,4,13,14,4,4,4,4,4,8,4,1,1,4,4,4,4,4,4,4,15,6,6,6,16,4,4,4,4,17,18,19,4,4,4,20,4,4,4,4,4,4,4,4,4,4,21,22,4,4,4,4,3,3,3,3,3,3,3,3,7,7,7,7,7,7,7,7","0.000677108764648438","walktrap","edit-xhwikibooks.graphml"
"0.17","0.56","0.27","0.443362204845085","1,4,1,1,2,1,2,1,1,1,2,2,1,1,1,1,9,2,3,5,4,8,1,1,1,1,1,6,4,10,11,3,5,5,3,3,7,1,4,4,4,4,8,8,8,8,4,8,8,8,4,4,4,4,4,8,8,8,8,4,12,4,4,13,14,4,4,4,4,4,8,4,1,1,4,4,4,4,4,4,4,15,6,6,6,16,4,4,4,4,17,18,19,4,4,4,20,4,4,4,4,4,4,4,4,4,4,21,22,4,4,4,4,3,3,3,3,3,3,3,3,7,7,7,7,7,7,7,7","0.000671863555908203","walktrap","edit-xhwikibooks.graphml"
"0.16","0.57","0.27","0.44298916342385","1,4,1,1,2,1,2,1,1,1,2,2,1,1,1,1,9,2,3,5,4,8,1,1,1,1,1,6,4,10,11,3,5,5,3,3,7,1,4,4,4,4,8,8,8,8,4,8,8,8,4,4,4,4,4,8,8,8,8,4,12,4,4,13,14,4,4,4,4,4,8,4,1,1,4,4,4,4,4,4,4,15,6,6,6,16,4,4,4,4,17,18,19,4,4,4,20,4,4,4,4,4,4,4,4,4,4,21,22,4,4,4,4,3,3,3,3,3,3,3,3,7,7,7,7,7,7,7,7","0.000669002532958984","walktrap","edit-xhwikibooks.graphml"
"0.15","0.58","0.27","0.445946530314098","1,4,1,1,2,1,2,1,1,1,2,2,1,1,1,1,9,2,3,5,4,8,1,1,1,1,1,6,4,10,11,3,5,5,3,3,7,1,4,4,4,4,8,8,8,8,4,8,8,8,4,4,4,4,4,8,8,8,8,4,12,4,4,13,14,4,4,4,4,4,8,4,1,1,4,4,4,4,4,4,4,15,6,6,6,16,4,4,4,4,17,18,19,4,4,4,20,4,4,4,4,4,4,4,4,4,4,21,22,4,4,4,4,3,3,3,3,3,3,3,3,7,7,7,7,7,7,7,7","0.00069880485534668","walktrap","edit-xhwikibooks.graphml"
"0.14","0.59","0.27","0.445573986910421","1,4,1,1,2,1,2,1,1,1,2,2,1,1,1,1,9,2,3,5,4,8,1,1,1,1,1,6,4,10,11,3,5,5,3,3,7,1,4,4,4,4,8,8,8,8,4,8,8,8,4,4,4,4,4,8,8,8,8,4,12,4,4,13,14,4,4,4,4,4,8,4,1,1,4,4,4,4,4,4,4,15,6,6,6,16,4,4,4,4,17,18,19,4,4,4,20,4,4,4,4,4,4,4,4,4,4,21,22,4,4,4,4,3,3,3,3,3,3,3,3,7,7,7,7,7,7,7,7","0.000686883926391602","walktrap","edit-xhwikibooks.graphml"
"0.13","0.6","0.27","0.447538505127824","1,4,1,1,2,1,2,1,1,1,2,2,1,1,1,1,9,2,3,5,4,8,1,1,1,1,1,6,4,10,11,3,5,5,3,3,7,1,4,4,4,4,8,8,8,8,4,8,8,8,4,4,4,4,4,8,8,8,8,4,12,4,4,13,14,4,4,4,4,4,8,4,1,1,4,4,4,4,4,4,4,15,6,6,6,16,4,4,4,4,17,18,19,4,4,4,20,4,4,4,4,4,4,4,4,4,4,21,22,4,4,4,4,3,3,3,3,3,3,3,3,7,7,7,7,7,7,7,7","0.000690937042236328","walktrap","edit-xhwikibooks.graphml"
"0.12","0.61","0.27","0.447166472971736","1,4,1,1,2,1,2,1,1,1,2,2,1,1,1,1,9,2,3,5,4,8,1,1,1,1,1,6,4,10,11,3,5,5,3,3,7,1,4,4,4,4,8,8,8,8,4,8,8,8,4,4,4,4,4,8,8,8,8,4,12,4,4,13,14,4,4,4,4,4,8,4,1,1,4,4,4,4,4,4,4,15,6,6,6,16,4,4,4,4,17,18,19,4,4,4,20,4,4,4,4,4,4,4,4,4,4,21,22,4,4,4,4,3,3,3,3,3,3,3,3,7,7,7,7,7,7,7,7","0.000656843185424805","walktrap","edit-xhwikibooks.graphml"
"0.11","0.62","0.27","0.448226384553128","1,4,1,1,2,1,2,1,1,1,2,2,1,1,1,1,9,2,3,5,4,8,1,1,1,1,1,6,4,10,11,3,5,5,3,3,7,1,4,4,4,4,8,8,8,8,4,8,8,8,4,4,4,4,4,8,8,8,8,4,12,4,4,13,14,4,4,4,4,4,8,4,1,1,4,4,4,4,4,4,4,15,6,6,6,16,4,4,4,4,17,18,19,4,4,4,20,4,4,4,4,4,4,4,4,4,4,21,22,4,4,4,4,3,3,3,3,3,3,3,3,7,7,7,7,7,7,7,7","0.000667095184326172","walktrap","edit-xhwikibooks.graphml"
"0.1","0.63","0.27","0.445241667285969","1,4,1,1,2,1,2,1,1,1,2,2,1,1,1,6,9,2,3,5,4,8,1,1,1,1,1,6,4,10,11,3,5,5,3,3,7,1,4,4,4,4,8,8,8,8,4,8,8,8,4,4,4,4,4,8,8,8,8,4,12,4,4,13,14,4,4,4,4,4,8,4,1,1,4,4,4,4,4,4,4,15,6,6,6,16,4,4,4,4,17,18,19,4,4,4,20,4,4,4,4,4,4,4,4,4,4,21,22,4,4,4,4,3,3,3,3,3,3,3,3,7,7,7,7,7,7,7,7","0.000676870346069336","walktrap","edit-xhwikibooks.graphml"
"0.09","0.64","0.27","0.445241667285969","1,4,1,1,2,1,2,1,1,1,2,2,1,1,1,6,9,2,3,5,4,8,1,1,1,1,1,6,4,10,11,3,5,5,3,3,7,1,4,4,4,4,8,8,8,8,4,8,8,8,4,4,4,4,4,8,8,8,8,4,12,4,4,13,14,4,4,4,4,4,8,4,1,1,4,4,4,4,4,4,4,15,6,6,6,16,4,4,4,4,17,18,19,4,4,4,20,4,4,4,4,4,4,4,4,4,4,21,22,4,4,4,4,3,3,3,3,3,3,3,3,7,7,7,7,7,7,7,7","0.000658988952636719","walktrap","edit-xhwikibooks.graphml"
"0.08","0.65","0.27","0.444869942447694","1,4,1,1,2,1,2,1,1,1,2,2,1,1,1,6,9,2,3,5,4,8,1,1,1,1,1,6,4,10,11,3,5,5,3,3,7,1,4,4,4,4,8,8,8,8,4,8,8,8,4,4,4,4,4,8,8,8,8,4,12,4,4,13,14,4,4,4,4,4,8,4,1,1,4,4,4,4,4,4,4,15,6,6,6,16,4,4,4,4,17,18,19,4,4,4,20,4,4,4,4,4,4,4,4,4,4,21,22,4,4,4,4,3,3,3,3,3,3,3,3,7,7,7,7,7,7,7,7","0.00067591667175293","walktrap","edit-xhwikibooks.graphml"
"0.07","0.66","0.27","0.444869942447694","1,4,1,1,2,1,2,1,1,1,2,2,1,1,1,6,9,2,3,5,4,8,1,1,1,1,1,6,4,10,11,3,5,5,3,3,7,1,4,4,4,4,8,8,8,8,4,8,8,8,4,4,4,4,4,8,8,8,8,4,12,4,4,13,14,4,4,4,4,4,8,4,1,1,4,4,4,4,4,4,4,15,6,6,6,16,4,4,4,4,17,18,19,4,4,4,20,4,4,4,4,4,4,4,4,4,4,21,22,4,4,4,4,3,3,3,3,3,3,3,3,7,7,7,7,7,7,7,7","0.000899076461791992","walktrap","edit-xhwikibooks.graphml"
"0.06","0.67","0.27","0.45818146725079","2,5,2,2,2,2,2,1,1,2,7,4,1,1,1,6,10,7,3,4,5,9,1,1,1,1,1,6,5,11,12,3,4,4,3,3,8,1,5,5,5,5,9,9,9,9,5,9,9,9,5,5,5,5,5,9,9,9,9,5,13,5,5,14,15,5,5,5,5,5,9,5,1,1,5,5,5,5,5,5,5,16,6,6,6,17,5,5,5,5,18,19,20,5,5,5,21,5,5,5,5,5,5,5,5,5,5,22,23,5,5,5,5,3,3,3,3,3,3,3,3,8,8,8,8,8,8,8,8","0.000649929046630859","walktrap","edit-xhwikibooks.graphml"
"0.05","0.68","0.27","0.45818146725079","2,5,2,2,2,2,2,1,1,2,7,4,1,1,1,6,10,7,3,4,5,9,1,1,1,1,1,6,5,11,12,3,4,4,3,3,8,1,5,5,5,5,9,9,9,9,5,9,9,9,5,5,5,5,5,9,9,9,9,5,13,5,5,14,15,5,5,5,5,5,9,5,1,1,5,5,5,5,5,5,5,16,6,6,6,17,5,5,5,5,18,19,20,5,5,5,21,5,5,5,5,5,5,5,5,5,5,22,23,5,5,5,5,3,3,3,3,3,3,3,3,8,8,8,8,8,8,8,8","0.000654935836791992","walktrap","edit-xhwikibooks.graphml"
"0.04","0.69","0.27","0.457806892304247","2,5,2,2,2,2,2,1,1,2,7,4,1,1,1,6,10,7,3,4,5,9,1,1,1,1,1,6,5,11,12,3,4,4,3,3,8,1,5,5,5,5,9,9,9,9,5,9,9,9,5,5,5,5,5,9,9,9,9,5,13,5,5,14,15,5,5,5,5,5,9,5,1,1,5,5,5,5,5,5,5,16,6,6,6,17,5,5,5,5,18,19,20,5,5,5,21,5,5,5,5,5,5,5,5,5,5,22,23,5,5,5,5,3,3,3,3,3,3,3,3,8,8,8,8,8,8,8,8","0.000664949417114258","walktrap","edit-xhwikibooks.graphml"
"0.03","0.7","0.27","0.476654320987654","2,5,2,2,2,2,2,1,1,2,7,4,1,1,1,6,10,7,3,4,5,9,1,1,1,1,1,6,5,11,12,3,4,4,3,3,8,1,5,5,5,5,9,9,9,9,5,9,9,9,5,5,5,5,5,9,9,9,9,5,13,5,5,14,15,5,5,5,5,5,9,5,1,1,5,5,5,5,5,5,5,16,6,6,6,17,5,5,5,5,18,19,20,5,5,5,21,5,5,5,5,5,5,5,5,5,5,22,23,5,5,5,5,3,3,3,3,3,3,3,3,8,8,8,8,8,8,8,8","0.000660896301269531","walktrap","edit-xhwikibooks.graphml"
"0.02","0.71","0.27","0.473374388023869","3,5,3,3,3,3,3,1,1,3,7,4,1,1,1,6,10,7,2,4,5,9,1,1,1,1,1,6,5,11,12,2,4,4,2,2,8,1,5,5,5,5,9,9,9,9,5,9,9,9,5,5,5,5,5,9,9,9,9,5,13,5,5,14,15,5,5,5,5,5,9,5,1,1,5,5,5,5,5,5,5,16,6,6,6,17,5,5,5,5,18,19,20,5,5,5,21,5,5,5,5,5,5,5,5,5,5,22,23,5,5,5,5,2,2,2,2,2,2,2,2,8,8,8,8,8,8,8,8","0.000678062438964844","walktrap","edit-xhwikibooks.graphml"
"0.01","0.72","0.27","0.475272839506173","3,5,3,3,3,3,3,1,1,3,7,4,1,1,1,6,10,7,2,4,5,9,1,1,1,1,1,6,5,11,12,2,4,4,2,2,8,1,5,5,5,5,9,9,9,9,5,9,9,9,5,5,5,5,5,9,9,9,9,5,13,5,5,14,15,5,5,5,5,5,9,5,1,1,5,5,5,5,5,5,5,16,6,6,6,17,5,5,5,5,18,19,20,5,5,5,21,5,5,5,5,5,5,5,5,5,5,22,23,5,5,5,5,2,2,2,2,2,2,2,2,8,8,8,8,8,8,8,8","0.000670909881591797","walktrap","edit-xhwikibooks.graphml"
"0","0.73","0.27","0.474171704283025","7,9,7,7,7,2,6,3,3,2,4,6,3,3,3,2,12,4,5,1,9,11,13,3,3,3,3,8,7,14,15,16,1,1,5,5,10,3,9,9,9,9,11,11,11,11,9,11,11,11,9,9,9,9,9,11,11,11,11,9,17,9,9,18,19,9,9,9,9,9,11,9,3,3,9,9,9,9,9,9,9,20,8,8,8,21,9,9,9,9,22,23,24,9,9,9,25,9,9,9,9,9,9,9,9,9,9,26,27,9,9,9,9,5,5,5,5,5,5,5,5,10,10,10,10,10,10,10,10","0.000688076019287109","walktrap","edit-xhwikibooks.graphml"
"0.72","0","0.28","0.392873445236082","4,14,4,3,4,3,4,2,2,3,4,1,2,2,2,3,6,5,7,1,14,12,10,2,2,2,2,11,8,6,5,9,1,1,7,7,13,2,14,14,14,14,12,12,12,12,14,12,12,12,14,14,14,14,14,12,12,12,12,14,10,14,14,2,2,14,14,14,14,14,12,14,2,2,14,14,14,14,14,14,14,2,11,11,11,8,14,14,14,14,6,5,9,14,14,14,3,14,14,14,14,14,14,14,14,14,14,1,1,14,14,14,14,7,7,7,7,7,7,7,7,13,13,13,13,13,13,13,13","0.000734090805053711","walktrap","edit-xhwikibooks.graphml"
"0.71","0.01","0.28","0.392873445236082","4,14,4,3,4,3,4,2,2,3,4,1,2,2,2,3,6,5,7,1,14,12,10,2,2,2,2,11,8,6,5,9,1,1,7,7,13,2,14,14,14,14,12,12,12,12,14,12,12,12,14,14,14,14,14,12,12,12,12,14,10,14,14,2,2,14,14,14,14,14,12,14,2,2,14,14,14,14,14,14,14,2,11,11,11,8,14,14,14,14,6,5,9,14,14,14,3,14,14,14,14,14,14,14,14,14,14,1,1,14,14,14,14,7,7,7,7,7,7,7,7,13,13,13,13,13,13,13,13","0.00071406364440918","walktrap","edit-xhwikibooks.graphml"
"0.7","0.02","0.28","0.392873445236082","4,14,4,3,4,3,4,2,2,3,4,1,2,2,2,3,6,5,7,1,14,12,10,2,2,2,2,11,8,6,5,9,1,1,7,7,13,2,14,14,14,14,12,12,12,12,14,12,12,12,14,14,14,14,14,12,12,12,12,14,10,14,14,2,2,14,14,14,14,14,12,14,2,2,14,14,14,14,14,14,14,2,11,11,11,8,14,14,14,14,6,5,9,14,14,14,3,14,14,14,14,14,14,14,14,14,14,1,1,14,14,14,14,7,7,7,7,7,7,7,7,13,13,13,13,13,13,13,13","0.00083613395690918","walktrap","edit-xhwikibooks.graphml"
"0.69","0.03","0.28","0.392525915117222","4,14,4,3,4,3,4,2,2,3,4,1,2,2,2,3,6,5,7,1,14,12,10,2,2,2,2,11,8,6,5,9,1,1,7,7,13,2,14,14,14,14,12,12,12,12,14,12,12,12,14,14,14,14,14,12,12,12,12,14,10,14,14,2,2,14,14,14,14,14,12,14,2,2,14,14,14,14,14,14,14,2,11,11,11,8,14,14,14,14,6,5,9,14,14,14,3,14,14,14,14,14,14,14,14,14,14,1,1,14,14,14,14,7,7,7,7,7,7,7,7,13,13,13,13,13,13,13,13","0.000679969787597656","walktrap","edit-xhwikibooks.graphml"
"0.68","0.04","0.28","0.392525915117222","4,14,4,3,4,3,4,2,2,3,4,1,2,2,2,3,6,5,7,1,14,12,10,2,2,2,2,11,8,6,5,9,1,1,7,7,13,2,14,14,14,14,12,12,12,12,14,12,12,12,14,14,14,14,14,12,12,12,12,14,10,14,14,2,2,14,14,14,14,14,12,14,2,2,14,14,14,14,14,14,14,2,11,11,11,8,14,14,14,14,6,5,9,14,14,14,3,14,14,14,14,14,14,14,14,14,14,1,1,14,14,14,14,7,7,7,7,7,7,7,7,13,13,13,13,13,13,13,13","0.000684976577758789","walktrap","edit-xhwikibooks.graphml"
"0.67","0.05","0.28","0.392178963719606","4,14,4,3,4,3,4,2,2,3,4,1,2,2,2,3,6,5,7,1,14,12,10,2,2,2,2,11,8,6,5,9,1,1,7,7,13,2,14,14,14,14,12,12,12,12,14,12,12,12,14,14,14,14,14,12,12,12,12,14,10,14,14,2,2,14,14,14,14,14,12,14,2,2,14,14,14,14,14,14,14,2,11,11,11,8,14,14,14,14,6,5,9,14,14,14,3,14,14,14,14,14,14,14,14,14,14,1,1,14,14,14,14,7,7,7,7,7,7,7,7,13,13,13,13,13,13,13,13","0.000689029693603516","walktrap","edit-xhwikibooks.graphml"
"0.66","0.06","0.28","0.392178963719606","4,14,4,3,4,3,4,2,2,3,4,1,2,2,2,3,6,5,7,1,14,12,10,2,2,2,2,11,8,6,5,9,1,1,7,7,13,2,14,14,14,14,12,12,12,12,14,12,12,12,14,14,14,14,14,12,12,12,12,14,10,14,14,2,2,14,14,14,14,14,12,14,2,2,14,14,14,14,14,14,14,2,11,11,11,8,14,14,14,14,6,5,9,14,14,14,3,14,14,14,14,14,14,14,14,14,14,1,1,14,14,14,14,7,7,7,7,7,7,7,7,13,13,13,13,13,13,13,13","0.000773906707763672","walktrap","edit-xhwikibooks.graphml"
"0.65","0.07","0.28","0.391832589743621","4,14,4,3,4,3,4,2,2,3,4,1,2,2,2,3,6,5,7,1,14,12,10,2,2,2,2,11,8,6,5,9,1,1,7,7,13,2,14,14,14,14,12,12,12,12,14,12,12,12,14,14,14,14,14,12,12,12,12,14,10,14,14,2,2,14,14,14,14,14,12,14,2,2,14,14,14,14,14,14,14,2,11,11,11,8,14,14,14,14,6,5,9,14,14,14,3,14,14,14,14,14,14,14,14,14,14,1,1,14,14,14,14,7,7,7,7,7,7,7,7,13,13,13,13,13,13,13,13","0.000689983367919922","walktrap","edit-xhwikibooks.graphml"
"0.64","0.08","0.28","0.392998649742158","4,14,4,3,4,3,4,2,2,3,4,1,2,2,2,3,6,5,7,1,14,13,10,2,2,2,2,11,8,6,5,9,1,1,7,7,12,2,14,14,14,14,13,13,13,13,14,13,13,13,14,14,14,14,14,13,13,13,13,14,10,14,14,2,2,14,14,14,14,14,13,14,2,2,14,14,14,14,14,14,14,2,11,11,11,8,14,14,14,14,6,5,9,14,14,14,3,14,14,14,14,14,14,14,14,14,14,1,1,14,14,14,14,7,7,7,7,7,7,7,7,12,12,12,12,12,12,12,12","0.000662803649902344","walktrap","edit-xhwikibooks.graphml"
"0.63","0.09","0.28","0.391476018558863","4,14,4,3,4,3,4,2,2,3,4,1,2,2,2,3,6,5,7,1,14,13,10,2,2,2,2,11,8,6,5,9,1,1,7,7,12,2,14,14,14,14,13,13,13,13,14,13,13,13,14,14,14,14,14,13,13,13,13,14,10,14,14,2,2,14,14,14,14,14,13,14,2,2,14,14,14,14,14,14,14,2,11,11,11,8,14,14,14,14,6,5,9,14,14,14,3,14,14,14,14,14,14,14,14,14,14,1,1,14,14,14,14,7,7,7,7,7,7,7,7,12,12,12,12,12,12,12,12","0.000674962997436523","walktrap","edit-xhwikibooks.graphml"
"0.62","0.1","0.28","0.391476018558863","4,14,4,3,4,3,4,2,2,3,4,1,2,2,2,3,6,5,7,1,14,13,10,2,2,2,2,11,8,6,5,9,1,1,7,7,12,2,14,14,14,14,13,13,13,13,14,13,13,13,14,14,14,14,14,13,13,13,13,14,10,14,14,2,2,14,14,14,14,14,13,14,2,2,14,14,14,14,14,14,14,2,11,11,11,8,14,14,14,14,6,5,9,14,14,14,3,14,14,14,14,14,14,14,14,14,14,1,1,14,14,14,14,7,7,7,7,7,7,7,7,12,12,12,12,12,12,12,12","0.000696897506713867","walktrap","edit-xhwikibooks.graphml"
"0.61","0.11","0.28","0.39113081907492","4,14,4,3,4,3,4,2,2,3,4,1,2,2,2,3,6,5,7,1,14,13,10,2,2,2,2,11,8,6,5,9,1,1,7,7,12,2,14,14,14,14,13,13,13,13,14,13,13,13,14,14,14,14,14,13,13,13,13,14,10,14,14,2,2,14,14,14,14,14,13,14,2,2,14,14,14,14,14,14,14,2,11,11,11,8,14,14,14,14,6,5,9,14,14,14,3,14,14,14,14,14,14,14,14,14,14,1,1,14,14,14,14,7,7,7,7,7,7,7,7,12,12,12,12,12,12,12,12","0.00067591667175293","walktrap","edit-xhwikibooks.graphml"
"0.6","0.12","0.28","0.393484157837717","4,13,4,3,4,3,4,2,2,3,4,1,2,2,2,3,6,5,8,1,13,12,10,2,2,2,2,11,7,6,5,9,1,1,8,8,14,2,13,13,13,13,12,12,12,12,13,12,12,12,13,13,13,13,13,12,12,12,12,13,10,13,13,2,2,13,13,13,13,13,12,13,2,2,13,13,13,13,13,13,13,2,11,11,11,7,13,13,13,13,6,5,9,13,13,13,3,13,13,13,13,13,13,13,13,13,13,1,1,13,13,13,13,8,8,8,8,8,8,8,8,14,14,14,14,14,14,14,14","0.000707149505615234","walktrap","edit-xhwikibooks.graphml"
"0.59","0.13","0.28","0.39329451461674","1,12,1,1,2,1,2,1,1,1,2,2,1,1,1,3,5,4,7,2,12,11,9,1,1,1,1,3,6,5,4,8,10,2,7,7,13,1,12,12,12,12,11,11,11,11,12,11,11,11,12,12,12,12,12,11,11,11,11,12,9,12,12,1,1,12,12,12,12,12,11,12,1,1,12,12,12,12,12,12,12,1,3,3,3,6,12,12,12,12,5,4,8,12,12,12,3,12,12,12,12,12,12,12,12,12,12,10,10,12,12,12,12,7,7,7,7,7,7,7,7,13,13,13,13,13,13,13,13","0.000709056854248047","walktrap","edit-xhwikibooks.graphml"
"0.58","0.14","0.28","0.39329451461674","1,12,1,1,2,1,2,1,1,1,2,2,1,1,1,3,5,4,7,2,12,11,9,1,1,1,1,3,6,5,4,8,10,2,7,7,13,1,12,12,12,12,11,11,11,11,12,11,11,11,12,12,12,12,12,11,11,11,11,12,9,12,12,1,1,12,12,12,12,12,11,12,1,1,12,12,12,12,12,12,12,1,3,3,3,6,12,12,12,12,5,4,8,12,12,12,3,12,12,12,12,12,12,12,12,12,12,10,10,12,12,12,12,7,7,7,7,7,7,7,7,13,13,13,13,13,13,13,13","0.000703096389770508","walktrap","edit-xhwikibooks.graphml"
"0.57","0.15","0.28","0.394876154593925","1,12,1,1,2,1,2,1,1,1,2,2,1,1,1,3,5,4,9,2,12,11,8,1,1,1,1,3,6,5,4,7,10,2,9,9,13,1,12,12,12,12,11,11,11,11,12,11,11,11,12,12,12,12,12,11,11,11,11,12,8,12,12,1,1,12,12,12,12,12,11,12,1,1,12,12,12,12,12,12,12,1,3,3,3,6,12,12,12,12,5,4,7,12,12,12,3,12,12,12,12,12,12,12,12,12,12,10,10,12,12,12,12,9,9,9,9,9,9,9,9,13,13,13,13,13,13,13,13","0.000692129135131836","walktrap","edit-xhwikibooks.graphml"
"0.56","0.16","0.28","0.396032608695652","1,12,1,1,2,1,2,1,1,1,2,2,1,1,1,3,5,4,9,2,12,11,8,1,1,1,1,3,6,5,4,7,10,2,9,9,13,1,12,12,12,12,11,11,11,11,12,11,11,11,12,12,12,12,12,11,11,11,11,12,8,12,12,1,1,12,12,12,12,12,11,12,1,1,12,12,12,12,12,12,12,1,3,3,3,6,12,12,12,12,5,4,7,12,12,12,3,12,12,12,12,12,12,12,12,12,12,10,10,12,12,12,12,9,9,9,9,9,9,9,9,13,13,13,13,13,13,13,13","0.00087285041809082","walktrap","edit-xhwikibooks.graphml"
"0.55","0.17","0.28","0.413318894518463","1,12,1,1,2,1,2,1,1,1,2,2,1,1,1,3,5,4,9,2,12,11,8,1,1,1,1,3,6,5,4,7,10,2,9,9,13,1,12,12,12,12,11,11,11,11,12,11,11,11,12,12,12,12,12,11,11,11,11,12,8,12,12,1,1,12,12,12,12,12,11,12,1,1,12,12,12,12,12,12,12,1,3,3,3,6,12,12,12,12,5,4,7,12,12,12,3,12,12,12,12,12,12,12,12,12,12,10,10,12,12,12,12,9,9,9,9,9,9,9,9,13,13,13,13,13,13,13,13","0.000694036483764648","walktrap","edit-xhwikibooks.graphml"
"0.54","0.18","0.28","0.413318894518463","1,12,1,1,2,1,2,1,1,1,2,2,1,1,1,3,5,4,9,2,12,11,8,1,1,1,1,3,6,5,4,7,10,2,9,9,13,1,12,12,12,12,11,11,11,11,12,11,11,11,12,12,12,12,12,11,11,11,11,12,8,12,12,1,1,12,12,12,12,12,11,12,1,1,12,12,12,12,12,12,12,1,3,3,3,6,12,12,12,12,5,4,7,12,12,12,3,12,12,12,12,12,12,12,12,12,12,10,10,12,12,12,12,9,9,9,9,9,9,9,9,13,13,13,13,13,13,13,13","0.000681877136230469","walktrap","edit-xhwikibooks.graphml"
"0.53","0.19","0.28","0.412946332799829","1,12,1,1,2,1,2,1,1,1,2,2,1,1,1,3,5,4,9,2,12,11,8,1,1,1,1,3,6,5,4,7,10,2,9,9,13,1,12,12,12,12,11,11,11,11,12,11,11,11,12,12,12,12,12,11,11,11,11,12,8,12,12,1,1,12,12,12,12,12,11,12,1,1,12,12,12,12,12,12,12,1,3,3,3,6,12,12,12,12,5,4,7,12,12,12,3,12,12,12,12,12,12,12,12,12,12,10,10,12,12,12,12,9,9,9,9,9,9,9,9,13,13,13,13,13,13,13,13","0.000679969787597656","walktrap","edit-xhwikibooks.graphml"
"0.52","0.2","0.28","0.415216122364721","1,12,1,1,2,1,2,1,1,1,2,2,1,1,1,3,5,4,9,2,12,11,8,1,1,1,1,3,6,5,4,7,10,2,9,9,13,1,12,12,12,12,11,11,11,11,12,11,11,11,12,12,12,12,12,11,11,11,11,12,8,12,12,1,1,12,12,12,12,12,11,12,1,1,12,12,12,12,12,12,12,1,3,3,3,6,12,12,12,12,5,4,7,12,12,12,3,12,12,12,12,12,12,12,12,12,12,10,10,12,12,12,12,9,9,9,9,9,9,9,9,13,13,13,13,13,13,13,13","0.000704050064086914","walktrap","edit-xhwikibooks.graphml"
"0.51","0.21","0.28","0.41484375","1,12,1,1,2,1,2,1,1,1,2,2,1,1,1,3,5,4,9,2,12,11,8,1,1,1,1,3,6,5,4,7,10,2,9,9,13,1,12,12,12,12,11,11,11,11,12,11,11,11,12,12,12,12,12,11,11,11,11,12,8,12,12,1,1,12,12,12,12,12,11,12,1,1,12,12,12,12,12,12,12,1,3,3,3,6,12,12,12,12,5,4,7,12,12,12,3,12,12,12,12,12,12,12,12,12,12,10,10,12,12,12,12,9,9,9,9,9,9,9,9,13,13,13,13,13,13,13,13","0.000747919082641602","walktrap","edit-xhwikibooks.graphml"
"0.5","0.22","0.28","0.41484375","1,12,1,1,2,1,2,1,1,1,2,2,1,1,1,3,5,4,9,2,12,11,8,1,1,1,1,3,6,5,4,7,10,2,9,9,13,1,12,12,12,12,11,11,11,11,12,11,11,11,12,12,12,12,12,11,11,11,11,12,8,12,12,1,1,12,12,12,12,12,11,12,1,1,12,12,12,12,12,12,12,1,3,3,3,6,12,12,12,12,5,4,7,12,12,12,3,12,12,12,12,12,12,12,12,12,12,10,10,12,12,12,12,9,9,9,9,9,9,9,9,13,13,13,13,13,13,13,13","0.000677824020385742","walktrap","edit-xhwikibooks.graphml"
"0.49","0.23","0.28","0.416802083907815","1,12,1,1,2,1,2,1,1,1,2,2,1,1,1,3,5,4,9,2,12,11,8,1,1,1,1,3,6,5,4,7,10,2,9,9,13,1,12,12,12,12,11,11,11,11,12,11,11,11,12,12,12,12,12,11,11,11,11,12,8,12,12,1,1,12,12,12,12,12,11,12,1,1,12,12,12,12,12,12,12,1,3,3,3,6,12,12,12,12,5,4,7,12,12,12,3,12,12,12,12,12,12,12,12,12,12,10,10,12,12,12,12,9,9,9,9,9,9,9,9,13,13,13,13,13,13,13,13","0.000684022903442383","walktrap","edit-xhwikibooks.graphml"
"0.48","0.24","0.28","0.419060933958952","1,11,1,1,2,1,2,1,1,1,2,2,1,1,1,3,5,4,9,2,11,12,8,1,1,1,1,3,6,5,4,7,10,2,9,9,13,1,11,11,11,11,12,12,12,12,11,12,12,12,11,11,11,11,11,12,12,12,12,11,8,11,11,1,1,11,11,11,11,11,12,11,1,1,11,11,11,11,11,11,11,1,3,3,3,6,11,11,11,11,5,4,7,11,11,11,3,11,11,11,11,11,11,11,11,11,11,10,10,11,11,11,11,9,9,9,9,9,9,9,9,13,13,13,13,13,13,13,13","0.000680923461914062","walktrap","edit-xhwikibooks.graphml"
"0.47","0.25","0.28","0.406724995308688","1,11,1,1,2,1,2,1,1,1,2,2,1,1,1,3,5,4,9,2,11,12,8,1,1,1,1,3,6,5,4,7,10,2,9,9,13,1,11,11,11,11,12,12,12,12,11,12,12,12,11,11,11,11,11,12,12,12,12,11,8,11,11,1,1,11,11,11,11,11,12,11,1,1,11,11,11,11,11,11,11,1,3,3,3,6,11,11,11,11,5,4,7,11,11,11,3,11,11,11,11,11,11,11,11,11,11,10,10,11,11,11,11,9,9,9,9,9,9,9,9,13,13,13,13,13,13,13,13","0.000694990158081055","walktrap","edit-xhwikibooks.graphml"
"0.46","0.26","0.28","0.406724995308688","1,11,1,1,2,1,2,1,1,1,2,2,1,1,1,3,5,4,9,2,11,12,8,1,1,1,1,3,6,5,4,7,10,2,9,9,13,1,11,11,11,11,12,12,12,12,11,12,12,12,11,11,11,11,11,12,12,12,12,11,8,11,11,1,1,11,11,11,11,11,12,11,1,1,11,11,11,11,11,11,11,1,3,3,3,6,11,11,11,11,5,4,7,11,11,11,3,11,11,11,11,11,11,11,11,11,11,10,10,11,11,11,11,9,9,9,9,9,9,9,9,13,13,13,13,13,13,13,13","0.000699043273925781","walktrap","edit-xhwikibooks.graphml"
"0.45","0.27","0.28","0.406724995308688","1,11,1,1,2,1,2,1,1,1,2,2,1,1,1,3,5,4,9,2,11,12,8,1,1,1,1,3,6,5,4,7,10,2,9,9,13,1,11,11,11,11,12,12,12,12,11,12,12,12,11,11,11,11,11,12,12,12,12,11,8,11,11,1,1,11,11,11,11,11,12,11,1,1,11,11,11,11,11,11,11,1,3,3,3,6,11,11,11,11,5,4,7,11,11,11,3,11,11,11,11,11,11,11,11,11,11,10,10,11,11,11,11,9,9,9,9,9,9,9,9,13,13,13,13,13,13,13,13","0.000694990158081055","walktrap","edit-xhwikibooks.graphml"
"0.44","0.28","0.28","0.406357061039175","1,11,1,1,2,1,2,1,1,1,2,2,1,1,1,3,5,4,9,2,11,12,8,1,1,1,1,3,6,5,4,7,10,2,9,9,13,1,11,11,11,11,12,12,12,12,11,12,12,12,11,11,11,11,11,12,12,12,12,11,8,11,11,1,1,11,11,11,11,11,12,11,1,1,11,11,11,11,11,11,11,1,3,3,3,6,11,11,11,11,5,4,7,11,11,11,3,11,11,11,11,11,11,11,11,11,11,10,10,11,11,11,11,9,9,9,9,9,9,9,9,13,13,13,13,13,13,13,13","0.000709056854248047","walktrap","edit-xhwikibooks.graphml"
"0.43","0.29","0.28","0.405153851906961","1,7,1,1,2,1,2,1,1,1,2,2,1,1,1,3,5,6,4,2,7,9,1,1,1,1,1,3,7,5,6,4,8,2,4,4,10,1,7,7,7,7,9,9,9,9,7,9,9,9,7,7,7,7,7,9,9,9,9,7,11,7,7,1,1,7,7,7,7,7,9,7,1,1,7,7,7,7,7,7,7,1,3,3,3,12,7,7,7,7,13,14,15,7,7,7,3,7,7,7,7,7,7,7,7,7,7,8,8,7,7,7,7,4,4,4,4,4,4,4,4,10,10,10,10,10,10,10,10","0.000712156295776367","walktrap","edit-xhwikibooks.graphml"
"0.42","0.3","0.28","0.404784938916787","1,7,1,1,2,1,2,1,1,1,2,2,1,1,1,3,5,6,4,2,7,9,1,1,1,1,1,3,7,5,6,4,8,2,4,4,10,1,7,7,7,7,9,9,9,9,7,9,9,9,7,7,7,7,7,9,9,9,9,7,11,7,7,1,1,7,7,7,7,7,9,7,1,1,7,7,7,7,7,7,7,1,3,3,3,12,7,7,7,7,13,14,15,7,7,7,3,7,7,7,7,7,7,7,7,7,7,8,8,7,7,7,7,4,4,4,4,4,4,4,4,10,10,10,10,10,10,10,10","0.000723123550415039","walktrap","edit-xhwikibooks.graphml"
"0.41","0.31","0.28","0.405969632653061","1,7,1,1,2,1,2,1,1,1,2,2,1,1,1,3,5,6,4,2,7,9,1,1,1,1,1,3,7,5,6,4,8,2,4,4,10,1,7,7,7,7,9,9,9,9,7,9,9,9,7,7,7,7,7,9,9,9,9,7,11,7,7,1,1,7,7,7,7,7,9,7,1,1,7,7,7,7,7,7,7,1,3,3,3,12,7,7,7,7,13,14,15,7,7,7,3,7,7,7,7,7,7,7,7,7,7,8,8,7,7,7,7,4,4,4,4,4,4,4,4,10,10,10,10,10,10,10,10","0.000709056854248047","walktrap","edit-xhwikibooks.graphml"
"0.4","0.32","0.28","0.405601035216113","1,7,1,1,2,1,2,1,1,1,2,2,1,1,1,3,5,6,4,2,7,9,1,1,1,1,1,3,7,5,6,4,8,2,4,4,10,1,7,7,7,7,9,9,9,9,7,9,9,9,7,7,7,7,7,9,9,9,9,7,11,7,7,1,1,7,7,7,7,7,9,7,1,1,7,7,7,7,7,7,7,1,3,3,3,12,7,7,7,7,13,14,15,7,7,7,3,7,7,7,7,7,7,7,7,7,7,8,8,7,7,7,7,4,4,4,4,4,4,4,4,10,10,10,10,10,10,10,10","0.000712156295776367","walktrap","edit-xhwikibooks.graphml"
"0.39","0.33","0.28","0.405601035216113","1,7,1,1,2,1,2,1,1,1,2,2,1,1,1,3,5,6,4,2,7,9,1,1,1,1,1,3,7,5,6,4,8,2,4,4,10,1,7,7,7,7,9,9,9,9,7,9,9,9,7,7,7,7,7,9,9,9,9,7,11,7,7,1,1,7,7,7,7,7,9,7,1,1,7,7,7,7,7,7,7,1,3,3,3,12,7,7,7,7,13,14,15,7,7,7,3,7,7,7,7,7,7,7,7,7,7,8,8,7,7,7,7,4,4,4,4,4,4,4,4,10,10,10,10,10,10,10,10","0.000706911087036133","walktrap","edit-xhwikibooks.graphml"
"0.38","0.34","0.28","0.421808180319217","1,7,1,1,2,1,2,1,1,1,2,2,1,1,1,3,6,5,4,2,7,9,1,1,1,1,1,3,7,6,5,4,8,2,4,4,10,1,7,7,7,7,9,9,9,9,7,9,9,9,7,7,7,7,7,9,9,9,9,7,11,7,7,1,1,7,7,7,7,7,9,7,1,1,7,7,7,7,7,7,7,1,3,3,3,12,7,7,7,7,13,14,15,7,7,7,3,7,7,7,7,7,7,7,7,7,7,8,8,7,7,7,7,4,4,4,4,4,4,4,4,10,10,10,10,10,10,10,10","0.000777006149291992","walktrap","edit-xhwikibooks.graphml"
"0.37","0.35","0.28","0.421436058436727","1,7,1,1,2,1,2,1,1,1,2,2,1,1,1,3,6,5,4,2,7,9,1,1,1,1,1,3,7,6,5,4,8,2,4,4,10,1,7,7,7,7,9,9,9,9,7,9,9,9,7,7,7,7,7,9,9,9,9,7,11,7,7,1,1,7,7,7,7,7,9,7,1,1,7,7,7,7,7,7,7,1,3,3,3,12,7,7,7,7,13,14,15,7,7,7,3,7,7,7,7,7,7,7,7,7,7,8,8,7,7,7,7,4,4,4,4,4,4,4,4,10,10,10,10,10,10,10,10","0.000678062438964844","walktrap","edit-xhwikibooks.graphml"
"0.36","0.36","0.28","0.421064544566486","1,7,1,1,2,1,2,1,1,1,2,2,1,1,1,3,6,5,4,2,7,9,1,1,1,1,1,3,7,6,5,4,8,2,4,4,10,1,7,7,7,7,9,9,9,9,7,9,9,9,7,7,7,7,7,9,9,9,9,7,11,7,7,1,1,7,7,7,7,7,9,7,1,1,7,7,7,7,7,7,7,1,3,3,3,12,7,7,7,7,13,14,15,7,7,7,3,7,7,7,7,7,7,7,7,7,7,8,8,7,7,7,7,4,4,4,4,4,4,4,4,10,10,10,10,10,10,10,10","0.000674962997436523","walktrap","edit-xhwikibooks.graphml"
"0.35","0.37","0.28","0.40016115180998","1,6,1,1,2,1,2,1,1,1,2,2,1,1,1,3,7,5,4,2,6,9,1,1,1,1,1,3,6,7,5,4,8,2,4,4,10,1,6,6,6,6,9,9,9,9,6,9,9,9,6,6,6,6,6,9,9,9,9,6,11,6,6,1,1,6,6,6,6,6,9,6,1,1,6,6,6,6,6,6,6,1,3,3,3,12,6,6,6,6,13,14,15,6,6,6,3,6,6,6,6,6,6,6,6,6,6,8,8,6,6,6,6,4,4,4,4,4,4,4,4,10,10,10,10,10,10,10,10","0.000673055648803711","walktrap","edit-xhwikibooks.graphml"
"0.34","0.38","0.28","0.399794285714286","1,6,1,1,2,1,2,1,1,1,2,2,1,1,1,3,7,5,4,2,6,9,1,1,1,1,1,3,6,7,5,4,8,2,4,4,10,1,6,6,6,6,9,9,9,9,6,9,9,9,6,6,6,6,6,9,9,9,9,6,11,6,6,1,1,6,6,6,6,6,9,6,1,1,6,6,6,6,6,6,6,1,3,3,3,12,6,6,6,6,13,14,15,6,6,6,3,6,6,6,6,6,6,6,6,6,6,8,8,6,6,6,6,4,4,4,4,4,4,4,4,10,10,10,10,10,10,10,10","0.000680923461914062","walktrap","edit-xhwikibooks.graphml"
"0.33","0.39","0.28","0.401019187464815","1,6,1,1,2,1,2,1,1,1,2,2,1,1,1,3,7,5,4,2,6,10,1,1,1,1,1,3,6,7,5,4,8,2,4,4,9,1,6,6,6,6,10,10,10,10,6,10,10,10,6,6,6,6,6,10,10,10,10,6,11,6,6,1,1,6,6,6,6,6,10,6,1,1,6,6,6,6,6,6,6,1,3,3,3,12,6,6,6,6,13,14,15,6,6,6,3,6,6,6,6,6,6,6,6,6,6,8,8,6,6,6,6,4,4,4,4,4,4,4,4,9,9,9,9,9,9,9,9","0.000699996948242188","walktrap","edit-xhwikibooks.graphml"
"0.32","0.4","0.28","0.402949752860643","1,6,1,1,2,1,2,1,1,1,2,2,1,1,1,3,7,5,4,2,6,10,1,1,1,1,1,3,6,7,5,4,8,2,4,4,9,1,6,6,6,6,10,10,10,10,6,10,10,10,6,6,6,6,6,10,10,10,10,6,11,6,6,1,1,6,6,6,6,6,10,6,1,1,6,6,6,6,6,6,6,1,3,3,3,12,6,6,6,6,13,14,15,6,6,6,3,6,6,6,6,6,6,6,6,6,6,8,8,6,6,6,6,4,4,4,4,4,4,4,4,9,9,9,9,9,9,9,9","0.000678062438964844","walktrap","edit-xhwikibooks.graphml"
"0.31","0.41","0.28","0.399193574841004","2,5,2,2,2,1,2,1,1,3,2,2,1,1,1,1,3,6,4,2,5,10,1,1,1,1,1,7,5,3,6,4,8,2,4,4,9,1,5,5,5,5,10,10,10,10,5,10,10,10,5,5,5,5,5,10,10,10,10,5,11,5,5,1,1,5,5,5,5,5,10,5,1,1,5,5,5,5,5,5,5,1,7,7,7,12,5,5,5,5,13,14,15,5,5,5,1,5,5,5,5,5,5,5,5,5,5,8,8,5,5,5,5,4,4,4,4,4,4,4,4,9,9,9,9,9,9,9,9","0.000686883926391602","walktrap","edit-xhwikibooks.graphml"
"0.3","0.42","0.28","0.398825201996136","2,5,2,2,2,1,2,1,1,3,2,2,1,1,1,1,3,6,4,2,5,10,1,1,1,1,1,7,5,3,6,4,8,2,4,4,9,1,5,5,5,5,10,10,10,10,5,10,10,10,5,5,5,5,5,10,10,10,10,5,11,5,5,1,1,5,5,5,5,5,10,5,1,1,5,5,5,5,5,5,5,1,7,7,7,12,5,5,5,5,13,14,15,5,5,5,1,5,5,5,5,5,5,5,5,5,5,8,8,5,5,5,5,4,4,4,4,4,4,4,4,9,9,9,9,9,9,9,9","0.000700950622558594","walktrap","edit-xhwikibooks.graphml"
"0.29","0.43","0.28","0.401176216092242","2,5,2,2,2,1,2,1,1,3,2,2,1,1,1,1,3,6,4,2,5,10,1,1,1,1,1,7,5,3,6,4,8,2,4,4,9,1,5,5,5,5,10,10,10,10,5,10,10,10,5,5,5,5,5,10,10,10,10,5,11,5,5,1,1,5,5,5,5,5,10,5,1,1,5,5,5,5,5,5,5,1,7,7,7,12,5,5,5,5,13,14,15,5,5,5,1,5,5,5,5,5,5,5,5,5,5,8,8,5,5,5,5,4,4,4,4,4,4,4,4,9,9,9,9,9,9,9,9","0.000699996948242188","walktrap","edit-xhwikibooks.graphml"
"0.28","0.44","0.28","0.402091624680237","2,5,2,2,2,1,2,1,1,3,2,2,1,1,1,1,3,6,4,2,5,10,1,1,1,1,1,7,5,3,6,4,8,2,4,4,9,1,5,5,5,5,10,10,10,10,5,10,10,10,5,5,5,5,5,10,10,10,10,5,11,5,5,1,1,5,5,5,5,5,10,5,1,1,5,5,5,5,5,5,5,1,7,7,7,12,5,5,5,5,13,14,15,5,5,5,1,5,5,5,5,5,5,5,5,5,5,8,8,5,5,5,5,4,4,4,4,4,4,4,4,9,9,9,9,9,9,9,9","0.00071406364440918","walktrap","edit-xhwikibooks.graphml"
"0.27","0.45","0.28","0.404890498951","2,5,2,2,2,1,2,1,1,3,2,2,1,1,1,1,3,6,4,2,5,9,1,1,1,1,1,7,5,3,6,4,8,2,4,4,10,1,5,5,5,5,9,9,9,9,5,9,9,9,5,5,5,5,5,9,9,9,9,5,11,5,5,1,1,5,5,5,5,5,9,5,1,1,5,5,5,5,5,5,5,1,7,7,7,12,5,5,5,5,13,14,15,5,5,5,1,5,5,5,5,5,5,5,5,5,5,8,8,5,5,5,5,4,4,4,4,4,4,4,4,10,10,10,10,10,10,10,10","0.000706911087036133","walktrap","edit-xhwikibooks.graphml"
"0.26","0.46","0.28","0.404520919421488","2,5,2,2,2,1,2,1,1,3,2,2,1,1,1,1,3,6,4,2,5,9,1,1,1,1,1,7,5,3,6,4,8,2,4,4,10,1,5,5,5,5,9,9,9,9,5,9,9,9,5,5,5,5,5,9,9,9,9,5,11,5,5,1,1,5,5,5,5,5,9,5,1,1,5,5,5,5,5,5,5,1,7,7,7,12,5,5,5,5,13,14,15,5,5,5,1,5,5,5,5,5,5,5,5,5,5,8,8,5,5,5,5,4,4,4,4,4,4,4,4,10,10,10,10,10,10,10,10","0.000713109970092773","walktrap","edit-xhwikibooks.graphml"
"0.25","0.47","0.28","0.405727677633893","2,5,2,2,2,1,2,1,1,3,2,2,1,1,1,1,3,6,4,2,5,10,1,1,1,1,1,7,5,3,6,4,8,2,4,4,9,1,5,5,5,5,10,10,10,10,5,10,10,10,5,5,5,5,5,10,10,10,10,5,11,5,5,1,1,5,5,5,5,5,10,5,1,1,5,5,5,5,5,5,5,1,7,7,7,12,5,5,5,5,13,14,15,5,5,5,1,5,5,5,5,5,5,5,5,5,5,8,8,5,5,5,5,4,4,4,4,4,4,4,4,9,9,9,9,9,9,9,9","0.000735044479370117","walktrap","edit-xhwikibooks.graphml"
"0.24","0.48","0.28","0.405358364056129","2,5,2,2,2,1,2,1,1,3,2,2,1,1,1,1,3,6,4,2,5,10,1,1,1,1,1,7,5,3,6,4,8,2,4,4,9,1,5,5,5,5,10,10,10,10,5,10,10,10,5,5,5,5,5,10,10,10,10,5,11,5,5,1,1,5,5,5,5,5,10,5,1,1,5,5,5,5,5,5,5,1,7,7,7,12,5,5,5,5,13,14,15,5,5,5,1,5,5,5,5,5,5,5,5,5,5,8,8,5,5,5,5,4,4,4,4,4,4,4,4,9,9,9,9,9,9,9,9","0.000685930252075195","walktrap","edit-xhwikibooks.graphml"
"0.23","0.49","0.28","0.406075543605","2,5,2,2,2,1,2,1,1,3,2,2,1,1,1,1,3,6,4,2,5,10,1,1,1,1,1,7,5,3,6,4,8,2,4,4,9,1,5,5,5,5,10,10,10,10,5,10,10,10,5,5,5,5,5,10,10,10,10,5,11,5,5,1,1,5,5,5,5,5,10,5,1,1,5,5,5,5,5,5,5,1,7,7,7,12,5,5,5,5,13,14,15,5,5,5,1,5,5,5,5,5,5,5,5,5,5,8,8,5,5,5,5,4,4,4,4,4,4,4,4,9,9,9,9,9,9,9,9","0.000804901123046875","walktrap","edit-xhwikibooks.graphml"
"0.22","0.5","0.28","0.44946330859406","1,4,1,1,1,1,1,2,2,5,1,1,2,2,2,1,5,6,3,1,4,10,2,2,2,2,2,7,4,5,6,3,8,1,3,3,9,2,4,4,4,4,10,10,10,10,4,10,10,10,4,4,4,4,4,10,10,10,10,4,11,4,4,2,2,4,4,4,4,4,10,4,2,2,4,4,4,4,4,4,4,2,7,7,7,12,4,4,4,4,13,14,15,4,4,4,1,4,4,4,4,4,4,4,4,4,4,8,8,4,4,4,4,3,3,3,3,3,3,3,3,9,9,9,9,9,9,9,9","0.000703096389770508","walktrap","edit-xhwikibooks.graphml"
"0.21","0.51","0.28","0.44946330859406","1,4,1,1,1,1,1,2,2,5,1,1,2,2,2,1,5,6,3,1,4,10,2,2,2,2,2,7,4,5,6,3,8,1,3,3,9,2,4,4,4,4,10,10,10,10,4,10,10,10,4,4,4,4,4,10,10,10,10,4,11,4,4,2,2,4,4,4,4,4,10,4,2,2,4,4,4,4,4,4,4,2,7,7,7,12,4,4,4,4,13,14,15,4,4,4,1,4,4,4,4,4,4,4,4,4,4,8,8,4,4,4,4,3,3,3,3,3,3,3,3,9,9,9,9,9,9,9,9","0.000679969787597656","walktrap","edit-xhwikibooks.graphml"
"0.2","0.52","0.28","0.44946330859406","1,4,1,1,1,1,1,2,2,5,1,1,2,2,2,1,5,6,3,1,4,10,2,2,2,2,2,7,4,5,6,3,8,1,3,3,9,2,4,4,4,4,10,10,10,10,4,10,10,10,4,4,4,4,4,10,10,10,10,4,11,4,4,2,2,4,4,4,4,4,10,4,2,2,4,4,4,4,4,4,4,2,7,7,7,12,4,4,4,4,13,14,15,4,4,4,1,4,4,4,4,4,4,4,4,4,4,8,8,4,4,4,4,3,3,3,3,3,3,3,3,9,9,9,9,9,9,9,9","0.000694990158081055","walktrap","edit-xhwikibooks.graphml"
"0.19","0.53","0.28","0.448070849796379","1,4,1,1,1,1,1,2,2,5,1,1,2,2,2,1,5,6,3,1,4,10,2,2,2,2,2,7,4,5,6,3,8,1,3,3,9,2,4,4,4,4,10,10,10,10,4,10,10,10,4,4,4,4,4,10,10,10,10,4,11,4,4,2,2,4,4,4,4,4,10,4,2,2,4,4,4,4,4,4,4,2,7,7,7,12,4,4,4,4,13,14,15,4,4,4,1,4,4,4,4,4,4,4,4,4,4,8,8,4,4,4,4,3,3,3,3,3,3,3,3,9,9,9,9,9,9,9,9","0.000688791275024414","walktrap","edit-xhwikibooks.graphml"
"0.18","0.54","0.28","0.449128331523782","1,4,1,1,1,1,1,2,2,5,1,1,2,2,2,1,5,6,3,1,4,10,2,2,2,2,2,7,4,5,6,3,8,1,3,3,9,2,4,4,4,4,10,10,10,10,4,10,10,10,4,4,4,4,4,10,10,10,10,4,11,4,4,2,2,4,4,4,4,4,10,4,2,2,4,4,4,4,4,4,4,2,7,7,7,12,4,4,4,4,13,14,15,4,4,4,1,4,4,4,4,4,4,4,4,4,4,8,8,4,4,4,4,3,3,3,3,3,3,3,3,9,9,9,9,9,9,9,9","0.000690937042236328","walktrap","edit-xhwikibooks.graphml"
"0.17","0.55","0.28","0.448378466376453","1,4,1,1,1,1,1,2,2,5,1,1,2,2,2,1,5,6,3,1,4,10,2,2,2,2,2,7,4,5,6,3,8,1,3,3,9,2,4,4,4,4,10,10,10,10,4,10,10,10,4,4,4,4,4,10,10,10,10,4,11,4,4,2,2,4,4,4,4,4,10,4,2,2,4,4,4,4,4,4,4,2,7,7,7,12,4,4,4,4,13,14,15,4,4,4,1,4,4,4,4,4,4,4,4,4,4,8,8,4,4,4,4,3,3,3,3,3,3,3,3,9,9,9,9,9,9,9,9","0.000702142715454102","walktrap","edit-xhwikibooks.graphml"
"0.16","0.56","0.28","0.45043097232109","1,4,1,1,1,1,1,2,2,5,1,1,2,2,2,1,5,6,3,1,4,10,2,2,2,2,2,7,4,5,6,3,8,1,3,3,9,2,4,4,4,4,10,10,10,10,4,10,10,10,4,4,4,4,4,10,10,10,10,4,11,4,4,2,2,4,4,4,4,4,10,4,2,2,4,4,4,4,4,4,4,2,7,7,7,12,4,4,4,4,13,14,15,4,4,4,1,4,4,4,4,4,4,4,4,4,4,8,8,4,4,4,4,3,3,3,3,3,3,3,3,9,9,9,9,9,9,9,9","0.000717878341674805","walktrap","edit-xhwikibooks.graphml"
"0.15","0.57","0.28","0.44298916342385","1,4,1,1,2,1,2,1,1,1,2,2,1,1,1,1,9,2,3,5,4,8,1,1,1,1,1,6,4,10,11,3,5,5,3,3,7,1,4,4,4,4,8,8,8,8,4,8,8,8,4,4,4,4,4,8,8,8,8,4,12,4,4,13,14,4,4,4,4,4,8,4,1,1,4,4,4,4,4,4,4,15,6,6,6,16,4,4,4,4,17,18,19,4,4,4,20,4,4,4,4,4,4,4,4,4,4,21,22,4,4,4,4,3,3,3,3,3,3,3,3,7,7,7,7,7,7,7,7","0.000715017318725586","walktrap","edit-xhwikibooks.graphml"
"0.14","0.58","0.28","0.445946530314098","1,4,1,1,2,1,2,1,1,1,2,2,1,1,1,1,9,2,3,5,4,8,1,1,1,1,1,6,4,10,11,3,5,5,3,3,7,1,4,4,4,4,8,8,8,8,4,8,8,8,4,4,4,4,4,8,8,8,8,4,12,4,4,13,14,4,4,4,4,4,8,4,1,1,4,4,4,4,4,4,4,15,6,6,6,16,4,4,4,4,17,18,19,4,4,4,20,4,4,4,4,4,4,4,4,4,4,21,22,4,4,4,4,3,3,3,3,3,3,3,3,7,7,7,7,7,7,7,7","0.000674962997436523","walktrap","edit-xhwikibooks.graphml"
"0.13","0.59","0.28","0.445573986910421","1,4,1,1,2,1,2,1,1,1,2,2,1,1,1,1,9,2,3,5,4,8,1,1,1,1,1,6,4,10,11,3,5,5,3,3,7,1,4,4,4,4,8,8,8,8,4,8,8,8,4,4,4,4,4,8,8,8,8,4,12,4,4,13,14,4,4,4,4,4,8,4,1,1,4,4,4,4,4,4,4,15,6,6,6,16,4,4,4,4,17,18,19,4,4,4,20,4,4,4,4,4,4,4,4,4,4,21,22,4,4,4,4,3,3,3,3,3,3,3,3,7,7,7,7,7,7,7,7","0.000669956207275391","walktrap","edit-xhwikibooks.graphml"
"0.12","0.6","0.28","0.447538505127824","1,4,1,1,2,1,2,1,1,1,2,2,1,1,1,1,9,2,3,5,4,8,1,1,1,1,1,6,4,10,11,3,5,5,3,3,7,1,4,4,4,4,8,8,8,8,4,8,8,8,4,4,4,4,4,8,8,8,8,4,12,4,4,13,14,4,4,4,4,4,8,4,1,1,4,4,4,4,4,4,4,15,6,6,6,16,4,4,4,4,17,18,19,4,4,4,20,4,4,4,4,4,4,4,4,4,4,21,22,4,4,4,4,3,3,3,3,3,3,3,3,7,7,7,7,7,7,7,7","0.000666141510009766","walktrap","edit-xhwikibooks.graphml"
"0.11","0.61","0.28","0.447166472971736","1,4,1,1,2,1,2,1,1,1,2,2,1,1,1,1,9,2,3,5,4,8,1,1,1,1,1,6,4,10,11,3,5,5,3,3,7,1,4,4,4,4,8,8,8,8,4,8,8,8,4,4,4,4,4,8,8,8,8,4,12,4,4,13,14,4,4,4,4,4,8,4,1,1,4,4,4,4,4,4,4,15,6,6,6,16,4,4,4,4,17,18,19,4,4,4,20,4,4,4,4,4,4,4,4,4,4,21,22,4,4,4,4,3,3,3,3,3,3,3,3,7,7,7,7,7,7,7,7","0.000666141510009766","walktrap","edit-xhwikibooks.graphml"
"0.1","0.62","0.28","0.448226384553128","1,4,1,1,2,1,2,1,1,1,2,2,1,1,1,1,9,2,3,5,4,8,1,1,1,1,1,6,4,10,11,3,5,5,3,3,7,1,4,4,4,4,8,8,8,8,4,8,8,8,4,4,4,4,4,8,8,8,8,4,12,4,4,13,14,4,4,4,4,4,8,4,1,1,4,4,4,4,4,4,4,15,6,6,6,16,4,4,4,4,17,18,19,4,4,4,20,4,4,4,4,4,4,4,4,4,4,21,22,4,4,4,4,3,3,3,3,3,3,3,3,7,7,7,7,7,7,7,7","0.000653982162475586","walktrap","edit-xhwikibooks.graphml"
"0.09","0.63","0.28","0.447854714275331","1,4,1,1,2,1,2,1,1,1,2,2,1,1,1,1,9,2,3,5,4,8,1,1,1,1,1,6,4,10,11,3,5,5,3,3,7,1,4,4,4,4,8,8,8,8,4,8,8,8,4,4,4,4,4,8,8,8,8,4,12,4,4,13,14,4,4,4,4,4,8,4,1,1,4,4,4,4,4,4,4,15,6,6,6,16,4,4,4,4,17,18,19,4,4,4,20,4,4,4,4,4,4,4,4,4,4,21,22,4,4,4,4,3,3,3,3,3,3,3,3,7,7,7,7,7,7,7,7","0.000802040100097656","walktrap","edit-xhwikibooks.graphml"
"0.08","0.64","0.28","0.447854714275331","1,4,1,1,2,1,2,1,1,1,2,2,1,1,1,1,9,2,3,5,4,8,1,1,1,1,1,6,4,10,11,3,5,5,3,3,7,1,4,4,4,4,8,8,8,8,4,8,8,8,4,4,4,4,4,8,8,8,8,4,12,4,4,13,14,4,4,4,4,4,8,4,1,1,4,4,4,4,4,4,4,15,6,6,6,16,4,4,4,4,17,18,19,4,4,4,20,4,4,4,4,4,4,4,4,4,4,21,22,4,4,4,4,3,3,3,3,3,3,3,3,7,7,7,7,7,7,7,7","0.000653982162475586","walktrap","edit-xhwikibooks.graphml"
"0.07","0.65","0.28","0.447483606255411","1,4,1,1,2,1,2,1,1,1,2,2,1,1,1,1,9,2,3,5,4,8,1,1,1,1,1,6,4,10,11,3,5,5,3,3,7,1,4,4,4,4,8,8,8,8,4,8,8,8,4,4,4,4,4,8,8,8,8,4,12,4,4,13,14,4,4,4,4,4,8,4,1,1,4,4,4,4,4,4,4,15,6,6,6,16,4,4,4,4,17,18,19,4,4,4,20,4,4,4,4,4,4,4,4,4,4,21,22,4,4,4,4,3,3,3,3,3,3,3,3,7,7,7,7,7,7,7,7","0.000663042068481445","walktrap","edit-xhwikibooks.graphml"
"0.06","0.66","0.28","0.447483606255411","1,4,1,1,2,1,2,1,1,1,2,2,1,1,1,1,9,2,3,5,4,8,1,1,1,1,1,6,4,10,11,3,5,5,3,3,7,1,4,4,4,4,8,8,8,8,4,8,8,8,4,4,4,4,4,8,8,8,8,4,12,4,4,13,14,4,4,4,4,4,8,4,1,1,4,4,4,4,4,4,4,15,6,6,6,16,4,4,4,4,17,18,19,4,4,4,20,4,4,4,4,4,4,4,4,4,4,21,22,4,4,4,4,3,3,3,3,3,3,3,3,7,7,7,7,7,7,7,7","0.000669002532958984","walktrap","edit-xhwikibooks.graphml"
"0.05","0.67","0.28","0.461914409868768","5,4,5,5,5,1,5,1,1,1,6,3,1,1,1,1,10,6,2,3,4,9,1,1,1,1,1,7,4,11,12,2,3,3,2,2,8,1,4,4,4,4,9,9,9,9,4,9,9,9,4,4,4,4,4,9,9,9,9,4,13,4,4,14,15,4,4,4,4,4,9,4,1,1,4,4,4,4,4,4,4,16,7,7,7,17,4,4,4,4,18,19,20,4,4,4,21,4,4,4,4,4,4,4,4,4,4,22,23,4,4,4,4,2,2,2,2,2,2,2,2,8,8,8,8,8,8,8,8","0.000653982162475586","walktrap","edit-xhwikibooks.graphml"
"0.04","0.68","0.28","0.461914409868768","5,4,5,5,5,1,5,1,1,1,6,3,1,1,1,1,10,6,2,3,4,9,1,1,1,1,1,7,4,11,12,2,3,3,2,2,8,1,4,4,4,4,9,9,9,9,4,9,9,9,4,4,4,4,4,9,9,9,9,4,13,4,4,14,15,4,4,4,4,4,9,4,1,1,4,4,4,4,4,4,4,16,7,7,7,17,4,4,4,4,18,19,20,4,4,4,21,4,4,4,4,4,4,4,4,4,4,22,23,4,4,4,4,2,2,2,2,2,2,2,2,8,8,8,8,8,8,8,8","0.000700950622558594","walktrap","edit-xhwikibooks.graphml"
"0.03","0.69","0.28","0.457806892304247","2,5,2,2,2,2,2,1,1,2,7,4,1,1,1,6,10,7,3,4,5,9,1,1,1,1,1,6,5,11,12,3,4,4,3,3,8,1,5,5,5,5,9,9,9,9,5,9,9,9,5,5,5,5,5,9,9,9,9,5,13,5,5,14,15,5,5,5,5,5,9,5,1,1,5,5,5,5,5,5,5,16,6,6,6,17,5,5,5,5,18,19,20,5,5,5,21,5,5,5,5,5,5,5,5,5,5,22,23,5,5,5,5,3,3,3,3,3,3,3,3,8,8,8,8,8,8,8,8","0.000671148300170898","walktrap","edit-xhwikibooks.graphml"
"0.02","0.7","0.28","0.458822950980874","2,5,2,2,2,2,2,1,1,2,7,4,1,1,1,6,10,7,3,4,5,9,1,1,1,1,1,6,5,11,12,3,4,4,3,3,8,1,5,5,5,5,9,9,9,9,5,9,9,9,5,5,5,5,5,9,9,9,9,5,13,5,5,14,15,5,5,5,5,5,9,5,1,1,5,5,5,5,5,5,5,16,6,6,6,17,5,5,5,5,18,19,20,5,5,5,21,5,5,5,5,5,5,5,5,5,5,22,23,5,5,5,5,3,3,3,3,3,3,3,3,8,8,8,8,8,8,8,8","0.000664949417114258","walktrap","edit-xhwikibooks.graphml"
"0.01","0.71","0.28","0.458448788984053","2,5,2,2,2,2,2,1,1,2,7,4,1,1,1,6,10,7,3,4,5,9,1,1,1,1,1,6,5,11,12,3,4,4,3,3,8,1,5,5,5,5,9,9,9,9,5,9,9,9,5,5,5,5,5,9,9,9,9,5,13,5,5,14,15,5,5,5,5,5,9,5,1,1,5,5,5,5,5,5,5,16,6,6,6,17,5,5,5,5,18,19,20,5,5,5,21,5,5,5,5,5,5,5,5,5,5,22,23,5,5,5,5,3,3,3,3,3,3,3,3,8,8,8,8,8,8,8,8","0.000665903091430664","walktrap","edit-xhwikibooks.graphml"
"0","0.72","0.28","0.461168506328671","6,8,6,6,6,3,5,3,3,11,4,5,3,3,3,2,12,4,7,1,8,10,13,3,3,3,3,2,6,14,15,16,1,1,7,7,9,3,8,8,8,8,10,10,10,10,8,10,10,10,8,8,8,8,8,10,10,10,10,8,17,8,8,18,19,8,8,8,8,8,10,8,3,3,8,8,8,8,8,8,8,20,2,2,2,21,8,8,8,8,22,23,24,8,8,8,25,8,8,8,8,8,8,8,8,8,8,26,27,8,8,8,8,7,7,7,7,7,7,7,7,9,9,9,9,9,9,9,9","0.000717878341674805","walktrap","edit-xhwikibooks.graphml"
"0.71","0","0.29","0.403814481969157","1,2,1,1,1,1,1,1,1,1,1,3,1,1,1,1,5,4,6,3,2,10,8,1,1,1,1,9,2,5,4,7,3,3,6,6,11,1,2,2,2,2,10,10,10,10,2,10,10,10,2,2,2,2,2,10,10,10,10,2,8,2,2,1,1,2,2,2,2,2,10,2,1,1,2,2,2,2,2,2,2,1,9,9,9,2,2,2,2,2,5,4,7,2,2,2,1,2,2,2,2,2,2,2,2,2,2,3,3,2,2,2,2,6,6,6,6,6,6,6,6,11,11,11,11,11,11,11,11","0.000715017318725586","walktrap","edit-xhwikibooks.graphml"
"0.7","0.01","0.29","0.403814481969157","1,2,1,1,1,1,1,1,1,1,1,3,1,1,1,1,5,4,6,3,2,10,8,1,1,1,1,9,2,5,4,7,3,3,6,6,11,1,2,2,2,2,10,10,10,10,2,10,10,10,2,2,2,2,2,10,10,10,10,2,8,2,2,1,1,2,2,2,2,2,10,2,1,1,2,2,2,2,2,2,2,1,9,9,9,2,2,2,2,2,5,4,7,2,2,2,1,2,2,2,2,2,2,2,2,2,2,3,3,2,2,2,2,6,6,6,6,6,6,6,6,11,11,11,11,11,11,11,11","0.000777006149291992","walktrap","edit-xhwikibooks.graphml"
"0.69","0.02","0.29","0.403814481969157","1,2,1,1,1,1,1,1,1,1,1,3,1,1,1,1,5,4,6,3,2,10,8,1,1,1,1,9,2,5,4,7,3,3,6,6,11,1,2,2,2,2,10,10,10,10,2,10,10,10,2,2,2,2,2,10,10,10,10,2,8,2,2,1,1,2,2,2,2,2,10,2,1,1,2,2,2,2,2,2,2,1,9,9,9,2,2,2,2,2,5,4,7,2,2,2,1,2,2,2,2,2,2,2,2,2,2,3,3,2,2,2,2,6,6,6,6,6,6,6,6,11,11,11,11,11,11,11,11","0.000705957412719727","walktrap","edit-xhwikibooks.graphml"
"0.68","0.03","0.29","0.403467186772131","1,2,1,1,1,1,1,1,1,1,1,3,1,1,1,1,5,4,6,3,2,10,8,1,1,1,1,9,2,5,4,7,3,3,6,6,11,1,2,2,2,2,10,10,10,10,2,10,10,10,2,2,2,2,2,10,10,10,10,2,8,2,2,1,1,2,2,2,2,2,10,2,1,1,2,2,2,2,2,2,2,1,9,9,9,2,2,2,2,2,5,4,7,2,2,2,1,2,2,2,2,2,2,2,2,2,2,3,3,2,2,2,2,6,6,6,6,6,6,6,6,11,11,11,11,11,11,11,11","0.000697851181030273","walktrap","edit-xhwikibooks.graphml"
"0.67","0.04","0.29","0.399333589645008","4,14,4,3,4,3,4,2,2,3,4,1,2,2,2,3,6,5,7,1,14,12,10,2,2,2,2,11,8,6,5,9,1,1,7,7,13,2,14,14,14,14,12,12,12,12,14,12,12,12,14,14,14,14,14,12,12,12,12,14,10,14,14,2,2,14,14,14,14,14,12,14,2,2,14,14,14,14,14,14,14,2,11,11,11,8,14,14,14,14,6,5,9,14,14,14,3,14,14,14,14,14,14,14,14,14,14,1,1,14,14,14,14,7,7,7,7,7,7,7,7,13,13,13,13,13,13,13,13","0.000710964202880859","walktrap","edit-xhwikibooks.graphml"
"0.66","0.05","0.29","0.398985982066423","4,14,4,3,4,3,4,2,2,3,4,1,2,2,2,3,6,5,7,1,14,12,10,2,2,2,2,11,8,6,5,9,1,1,7,7,13,2,14,14,14,14,12,12,12,12,14,12,12,12,14,14,14,14,14,12,12,12,12,14,10,14,14,2,2,14,14,14,14,14,12,14,2,2,14,14,14,14,14,14,14,2,11,11,11,8,14,14,14,14,6,5,9,14,14,14,3,14,14,14,14,14,14,14,14,14,14,1,1,14,14,14,14,7,7,7,7,7,7,7,7,13,13,13,13,13,13,13,13","0.000674009323120117","walktrap","edit-xhwikibooks.graphml"
"0.65","0.06","0.29","0.398985982066423","4,14,4,3,4,3,4,2,2,3,4,1,2,2,2,3,6,5,7,1,14,12,10,2,2,2,2,11,8,6,5,9,1,1,7,7,13,2,14,14,14,14,12,12,12,12,14,12,12,12,14,14,14,14,14,12,12,12,12,14,10,14,14,2,2,14,14,14,14,14,12,14,2,2,14,14,14,14,14,14,14,2,11,11,11,8,14,14,14,14,6,5,9,14,14,14,3,14,14,14,14,14,14,14,14,14,14,1,1,14,14,14,14,7,7,7,7,7,7,7,7,13,13,13,13,13,13,13,13","0.000671148300170898","walktrap","edit-xhwikibooks.graphml"
"0.64","0.07","0.29","0.391832589743621","4,14,4,3,4,3,4,2,2,3,4,1,2,2,2,3,6,5,7,1,14,12,10,2,2,2,2,11,8,6,5,9,1,1,7,7,13,2,14,14,14,14,12,12,12,12,14,12,12,12,14,14,14,14,14,12,12,12,12,14,10,14,14,2,2,14,14,14,14,14,12,14,2,2,14,14,14,14,14,14,14,2,11,11,11,8,14,14,14,14,6,5,9,14,14,14,3,14,14,14,14,14,14,14,14,14,14,1,1,14,14,14,14,7,7,7,7,7,7,7,7,13,13,13,13,13,13,13,13","0.000669956207275391","walktrap","edit-xhwikibooks.graphml"
"0.63","0.08","0.29","0.392998649742158","4,14,4,3,4,3,4,2,2,3,4,1,2,2,2,3,6,5,7,1,14,13,10,2,2,2,2,11,8,6,5,9,1,1,7,7,12,2,14,14,14,14,13,13,13,13,14,13,13,13,14,14,14,14,14,13,13,13,13,14,10,14,14,2,2,14,14,14,14,14,13,14,2,2,14,14,14,14,14,14,14,2,11,11,11,8,14,14,14,14,6,5,9,14,14,14,3,14,14,14,14,14,14,14,14,14,14,1,1,14,14,14,14,7,7,7,7,7,7,7,7,12,12,12,12,12,12,12,12","0.000671148300170898","walktrap","edit-xhwikibooks.graphml"
"0.62","0.09","0.29","0.392652512765386","4,14,4,3,4,3,4,2,2,3,4,1,2,2,2,3,6,5,7,1,14,13,10,2,2,2,2,11,8,6,5,9,1,1,7,7,12,2,14,14,14,14,13,13,13,13,14,13,13,13,14,14,14,14,14,13,13,13,13,14,10,14,14,2,2,14,14,14,14,14,13,14,2,2,14,14,14,14,14,14,14,2,11,11,11,8,14,14,14,14,6,5,9,14,14,14,3,14,14,14,14,14,14,14,14,14,14,1,1,14,14,14,14,7,7,7,7,7,7,7,7,12,12,12,12,12,12,12,12","0.000708103179931641","walktrap","edit-xhwikibooks.graphml"
"0.61","0.1","0.29","0.392652512765386","4,14,4,3,4,3,4,2,2,3,4,1,2,2,2,3,6,5,7,1,14,13,10,2,2,2,2,11,8,6,5,9,1,1,7,7,12,2,14,14,14,14,13,13,13,13,14,13,13,13,14,14,14,14,14,13,13,13,13,14,10,14,14,2,2,14,14,14,14,14,13,14,2,2,14,14,14,14,14,14,14,2,11,11,11,8,14,14,14,14,6,5,9,14,14,14,3,14,14,14,14,14,14,14,14,14,14,1,1,14,14,14,14,7,7,7,7,7,7,7,7,12,12,12,12,12,12,12,12","0.000683069229125977","walktrap","edit-xhwikibooks.graphml"
"0.6","0.11","0.29","0.392306949714918","4,14,4,3,4,3,4,2,2,3,4,1,2,2,2,3,6,5,7,1,14,13,10,2,2,2,2,11,8,6,5,9,1,1,7,7,12,2,14,14,14,14,13,13,13,13,14,13,13,13,14,14,14,14,14,13,13,13,13,14,10,14,14,2,2,14,14,14,14,14,13,14,2,2,14,14,14,14,14,14,14,2,11,11,11,8,14,14,14,14,6,5,9,14,14,14,3,14,14,14,14,14,14,14,14,14,14,1,1,14,14,14,14,7,7,7,7,7,7,7,7,12,12,12,12,12,12,12,12","0.000673055648803711","walktrap","edit-xhwikibooks.graphml"
"0.59","0.12","0.29","0.394652935006004","4,13,4,3,4,3,4,2,2,3,4,1,2,2,2,3,6,5,8,1,13,12,10,2,2,2,2,11,7,6,5,9,1,1,8,8,14,2,13,13,13,13,12,12,12,12,13,12,12,12,13,13,13,13,13,12,12,12,12,13,10,13,13,2,2,13,13,13,13,13,12,13,2,2,13,13,13,13,13,13,13,2,11,11,11,7,13,13,13,13,6,5,9,13,13,13,3,13,13,13,13,13,13,13,13,13,13,1,1,13,13,13,13,8,8,8,8,8,8,8,8,14,14,14,14,14,14,14,14","0.000684022903442383","walktrap","edit-xhwikibooks.graphml"
"0.58","0.13","0.29","0.394307219963981","4,13,4,3,4,3,4,2,2,3,4,1,2,2,2,3,6,5,8,1,13,12,10,2,2,2,2,11,7,6,5,9,1,1,8,8,14,2,13,13,13,13,12,12,12,12,13,12,12,12,13,13,13,13,13,12,12,12,12,13,10,13,13,2,2,13,13,13,13,13,12,13,2,2,13,13,13,13,13,13,13,2,11,11,11,7,13,13,13,13,6,5,9,13,13,13,3,13,13,13,13,13,13,13,13,13,13,1,1,13,13,13,13,8,8,8,8,8,8,8,8,14,14,14,14,14,14,14,14","0.000709056854248047","walktrap","edit-xhwikibooks.graphml"
"0.57","0.14","0.29","0.394307219963981","4,13,4,3,4,3,4,2,2,3,4,1,2,2,2,3,6,5,8,1,13,12,10,2,2,2,2,11,7,6,5,9,1,1,8,8,14,2,13,13,13,13,12,12,12,12,13,12,12,12,13,13,13,13,13,12,12,12,12,13,10,13,13,2,2,13,13,13,13,13,12,13,2,2,13,13,13,13,13,13,13,2,11,11,11,7,13,13,13,13,6,5,9,13,13,13,3,13,13,13,13,13,13,13,13,13,13,1,1,13,13,13,13,8,8,8,8,8,8,8,8,14,14,14,14,14,14,14,14","0.000686168670654297","walktrap","edit-xhwikibooks.graphml"
"0.56","0.15","0.29","0.395895080458583","4,13,4,3,4,3,4,2,2,3,4,1,2,2,2,3,6,5,8,1,13,12,10,2,2,2,2,11,7,6,5,9,1,1,8,8,14,2,13,13,13,13,12,12,12,12,13,12,12,12,13,13,13,13,13,12,12,12,12,13,10,13,13,2,2,13,13,13,13,13,12,13,2,2,13,13,13,13,13,13,13,2,11,11,11,7,13,13,13,13,6,5,9,13,13,13,3,13,13,13,13,13,13,13,13,13,13,1,1,13,13,13,13,8,8,8,8,8,8,8,8,14,14,14,14,14,14,14,14","0.000772953033447266","walktrap","edit-xhwikibooks.graphml"
"0.55","0.16","0.29","0.397039153126815","4,13,4,3,4,3,4,2,2,3,4,1,2,2,2,3,6,5,8,1,13,12,10,2,2,2,2,11,7,6,5,9,1,1,8,8,14,2,13,13,13,13,12,12,12,12,13,12,12,12,13,13,13,13,13,12,12,12,12,13,10,13,13,2,2,13,13,13,13,13,12,13,2,2,13,13,13,13,13,13,13,2,11,11,11,7,13,13,13,13,6,5,9,13,13,13,3,13,13,13,13,13,13,13,13,13,13,1,1,13,13,13,13,8,8,8,8,8,8,8,8,14,14,14,14,14,14,14,14","0.000693082809448242","walktrap","edit-xhwikibooks.graphml"
"0.54","0.17","0.29","0.397933395858106","1,12,1,1,2,1,2,1,1,1,2,2,1,1,1,3,5,4,9,2,12,11,8,1,1,1,1,3,6,5,4,7,10,2,9,9,13,1,12,12,12,12,11,11,11,11,12,11,11,11,12,12,12,12,12,11,11,11,11,12,8,12,12,1,1,12,12,12,12,12,11,12,1,1,12,12,12,12,12,12,12,1,3,3,3,6,12,12,12,12,5,4,7,12,12,12,3,12,12,12,12,12,12,12,12,12,12,10,10,12,12,12,12,9,9,9,9,9,9,9,9,13,13,13,13,13,13,13,13","0.00067901611328125","walktrap","edit-xhwikibooks.graphml"
"0.53","0.18","0.29","0.397933395858106","1,12,1,1,2,1,2,1,1,1,2,2,1,1,1,3,5,4,9,2,12,11,8,1,1,1,1,3,6,5,4,7,10,2,9,9,13,1,12,12,12,12,11,11,11,11,12,11,11,11,12,12,12,12,12,11,11,11,11,12,8,12,12,1,1,12,12,12,12,12,11,12,1,1,12,12,12,12,12,12,12,1,3,3,3,6,12,12,12,12,5,4,7,12,12,12,3,12,12,12,12,12,12,12,12,12,12,10,10,12,12,12,12,9,9,9,9,9,9,9,9,13,13,13,13,13,13,13,13","0.00069880485534668","walktrap","edit-xhwikibooks.graphml"
"0.52","0.19","0.29","0.396461442209386","1,12,1,1,2,1,2,1,1,1,2,2,1,1,1,3,5,4,9,2,12,11,8,1,1,1,1,3,6,5,4,7,10,2,9,9,13,1,12,12,12,12,11,11,11,11,12,11,11,11,12,12,12,12,12,11,11,11,11,12,8,12,12,1,1,12,12,12,12,12,11,12,1,1,12,12,12,12,12,12,12,1,3,3,3,6,12,12,12,12,5,4,7,12,12,12,3,12,12,12,12,12,12,12,12,12,12,10,10,12,12,12,12,9,9,9,9,9,9,9,9,13,13,13,13,13,13,13,13","0.000785112380981445","walktrap","edit-xhwikibooks.graphml"
"0.51","0.2","0.29","0.398708546384222","1,12,1,1,2,1,2,1,1,1,2,2,1,1,1,3,5,4,9,2,12,11,8,1,1,1,1,3,6,5,4,7,10,2,9,9,13,1,12,12,12,12,11,11,11,11,12,11,11,11,12,12,12,12,12,11,11,11,11,12,8,12,12,1,1,12,12,12,12,12,11,12,1,1,12,12,12,12,12,12,12,1,3,3,3,6,12,12,12,12,5,4,7,12,12,12,3,12,12,12,12,12,12,12,12,12,12,10,10,12,12,12,12,9,9,9,9,9,9,9,9,13,13,13,13,13,13,13,13","0.000691890716552734","walktrap","edit-xhwikibooks.graphml"
"0.5","0.21","0.29","0.398363336116696","1,12,1,1,2,1,2,1,1,1,2,2,1,1,1,3,5,4,9,2,12,11,8,1,1,1,1,3,6,5,4,7,10,2,9,9,13,1,12,12,12,12,11,11,11,11,12,11,11,11,12,12,12,12,12,11,11,11,11,12,8,12,12,1,1,12,12,12,12,12,11,12,1,1,12,12,12,12,12,12,12,1,3,3,3,6,12,12,12,12,5,4,7,12,12,12,3,12,12,12,12,12,12,12,12,12,12,10,10,12,12,12,12,9,9,9,9,9,9,9,9,13,13,13,13,13,13,13,13","0.000696897506713867","walktrap","edit-xhwikibooks.graphml"
"0.49","0.22","0.29","0.398363336116696","1,12,1,1,2,1,2,1,1,1,2,2,1,1,1,3,5,4,9,2,12,11,8,1,1,1,1,3,6,5,4,7,10,2,9,9,13,1,12,12,12,12,11,11,11,11,12,11,11,11,12,12,12,12,12,11,11,11,11,12,8,12,12,1,1,12,12,12,12,12,11,12,1,1,12,12,12,12,12,12,12,1,3,3,3,6,12,12,12,12,5,4,7,12,12,12,3,12,12,12,12,12,12,12,12,12,12,10,10,12,12,12,12,9,9,9,9,9,9,9,9,13,13,13,13,13,13,13,13","0.000700950622558594","walktrap","edit-xhwikibooks.graphml"
"0.48","0.23","0.29","0.400319335929579","1,12,1,1,2,1,2,1,1,1,2,2,1,1,1,3,5,4,9,2,12,11,8,1,1,1,1,3,6,5,4,7,10,2,9,9,13,1,12,12,12,12,11,11,11,11,12,11,11,11,12,12,12,12,12,11,11,11,11,12,8,12,12,1,1,12,12,12,12,12,11,12,1,1,12,12,12,12,12,12,12,1,3,3,3,6,12,12,12,12,5,4,7,12,12,12,3,12,12,12,12,12,12,12,12,12,12,10,10,12,12,12,12,9,9,9,9,9,9,9,9,13,13,13,13,13,13,13,13","0.000715970993041992","walktrap","edit-xhwikibooks.graphml"
"0.47","0.24","0.29","0.402555029587164","1,11,1,1,2,1,2,1,1,1,2,2,1,1,1,3,5,4,9,2,11,12,8,1,1,1,1,3,6,5,4,7,10,2,9,9,13,1,11,11,11,11,12,12,12,12,11,12,12,12,11,11,11,11,11,12,12,12,12,11,8,11,11,1,1,11,11,11,11,11,12,11,1,1,11,11,11,11,11,11,11,1,3,3,3,6,11,11,11,11,5,4,7,11,11,11,3,11,11,11,11,11,11,11,11,11,11,10,10,11,11,11,11,9,9,9,9,9,9,9,9,13,13,13,13,13,13,13,13","0.000694036483764648","walktrap","edit-xhwikibooks.graphml"
"0.46","0.25","0.29","0.405622122451314","1,11,1,1,2,1,2,1,1,1,2,2,1,1,1,3,5,4,9,2,11,12,8,1,1,1,1,3,6,5,4,7,10,2,9,9,13,1,11,11,11,11,12,12,12,12,11,12,12,12,11,11,11,11,11,12,12,12,12,11,8,11,11,1,1,11,11,11,11,11,12,11,1,1,11,11,11,11,11,11,11,1,3,3,3,6,11,11,11,11,5,4,7,11,11,11,3,11,11,11,11,11,11,11,11,11,11,10,10,11,11,11,11,9,9,9,9,9,9,9,9,13,13,13,13,13,13,13,13","0.000713109970092773","walktrap","edit-xhwikibooks.graphml"
"0.45","0.26","0.29","0.405622122451314","1,11,1,1,2,1,2,1,1,1,2,2,1,1,1,3,5,4,9,2,11,12,8,1,1,1,1,3,6,5,4,7,10,2,9,9,13,1,11,11,11,11,12,12,12,12,11,12,12,12,11,11,11,11,11,12,12,12,12,11,8,11,11,1,1,11,11,11,11,11,12,11,1,1,11,11,11,11,11,11,11,1,3,3,3,6,11,11,11,11,5,4,7,11,11,11,3,11,11,11,11,11,11,11,11,11,11,10,10,11,11,11,11,9,9,9,9,9,9,9,9,13,13,13,13,13,13,13,13","0.000689029693603516","walktrap","edit-xhwikibooks.graphml"
"0.44","0.27","0.29","0.405622122451314","1,11,1,1,2,1,2,1,1,1,2,2,1,1,1,3,5,4,9,2,11,12,8,1,1,1,1,3,6,5,4,7,10,2,9,9,13,1,11,11,11,11,12,12,12,12,11,12,12,12,11,11,11,11,11,12,12,12,12,11,8,11,11,1,1,11,11,11,11,11,12,11,1,1,11,11,11,11,11,11,11,1,3,3,3,6,11,11,11,11,5,4,7,11,11,11,3,11,11,11,11,11,11,11,11,11,11,10,10,11,11,11,11,9,9,9,9,9,9,9,9,13,13,13,13,13,13,13,13","0.000708103179931641","walktrap","edit-xhwikibooks.graphml"
"0.43","0.28","0.29","0.405276362407773","1,11,1,1,2,1,2,1,1,1,2,2,1,1,1,3,5,4,9,2,11,12,8,1,1,1,1,3,6,5,4,7,10,2,9,9,13,1,11,11,11,11,12,12,12,12,11,12,12,12,11,11,11,11,11,12,12,12,12,11,8,11,11,1,1,11,11,11,11,11,12,11,1,1,11,11,11,11,11,11,11,1,3,3,3,6,11,11,11,11,5,4,7,11,11,11,3,11,11,11,11,11,11,11,11,11,11,10,10,11,11,11,11,9,9,9,9,9,9,9,9,13,13,13,13,13,13,13,13","0.000731229782104492","walktrap","edit-xhwikibooks.graphml"
"0.42","0.29","0.29","0.407435863630371","1,11,1,1,2,1,2,1,1,1,2,2,1,1,1,3,5,4,9,2,11,12,8,1,1,1,1,3,6,5,4,7,10,2,9,9,13,1,11,11,11,11,12,12,12,12,11,12,12,12,11,11,11,11,11,12,12,12,12,11,8,11,11,1,1,11,11,11,11,11,12,11,1,1,11,11,11,11,11,11,11,1,3,3,3,6,11,11,11,11,5,4,7,11,11,11,3,11,11,11,11,11,11,11,11,11,11,10,10,11,11,11,11,9,9,9,9,9,9,9,9,13,13,13,13,13,13,13,13","0.000724077224731445","walktrap","edit-xhwikibooks.graphml"
"0.41","0.3","0.29","0.403450540834246","1,7,1,1,2,1,2,1,1,1,2,2,1,1,1,3,5,6,4,2,7,9,1,1,1,1,1,3,7,5,6,4,8,2,4,4,10,1,7,7,7,7,9,9,9,9,7,9,9,9,7,7,7,7,7,9,9,9,9,7,11,7,7,1,1,7,7,7,7,7,9,7,1,1,7,7,7,7,7,7,7,1,3,3,3,12,7,7,7,7,13,14,15,7,7,7,3,7,7,7,7,7,7,7,7,7,7,8,8,7,7,7,7,4,4,4,4,4,4,4,4,10,10,10,10,10,10,10,10","0.000674962997436523","walktrap","edit-xhwikibooks.graphml"
"0.4","0.31","0.29","0.404572621464726","1,7,1,1,2,1,2,1,1,1,2,2,1,1,1,3,5,6,4,2,7,9,1,1,1,1,1,3,7,5,6,4,8,2,4,4,10,1,7,7,7,7,9,9,9,9,7,9,9,9,7,7,7,7,7,9,9,9,9,7,11,7,7,1,1,7,7,7,7,7,9,7,1,1,7,7,7,7,7,7,7,1,3,3,3,12,7,7,7,7,13,14,15,7,7,7,3,7,7,7,7,7,7,7,7,7,7,8,8,7,7,7,7,4,4,4,4,4,4,4,4,10,10,10,10,10,10,10,10","0.000685930252075195","walktrap","edit-xhwikibooks.graphml"
"0.39","0.32","0.29","0.404226819891884","1,7,1,1,2,1,2,1,1,1,2,2,1,1,1,3,5,6,4,2,7,9,1,1,1,1,1,3,7,5,6,4,8,2,4,4,10,1,7,7,7,7,9,9,9,9,7,9,9,9,7,7,7,7,7,9,9,9,9,7,11,7,7,1,1,7,7,7,7,7,9,7,1,1,7,7,7,7,7,7,7,1,3,3,3,12,7,7,7,7,13,14,15,7,7,7,3,7,7,7,7,7,7,7,7,7,7,8,8,7,7,7,7,4,4,4,4,4,4,4,4,10,10,10,10,10,10,10,10","0.000699043273925781","walktrap","edit-xhwikibooks.graphml"
"0.38","0.33","0.29","0.388957882640455","1,7,1,1,2,1,2,1,1,1,2,2,1,1,1,3,5,6,4,2,7,9,1,1,1,1,1,3,7,5,6,4,8,2,4,4,10,1,7,7,7,7,9,9,9,9,7,9,9,9,7,7,7,7,7,9,9,9,9,7,11,7,7,1,1,7,7,7,7,7,9,7,1,1,7,7,7,7,7,7,7,1,3,3,3,12,7,7,7,7,13,14,15,7,7,7,3,7,7,7,7,7,7,7,7,7,7,8,8,7,7,7,7,4,4,4,4,4,4,4,4,10,10,10,10,10,10,10,10","0.000853061676025391","walktrap","edit-xhwikibooks.graphml"
"0.37","0.34","0.29","0.404955310259546","1,7,1,1,2,1,2,1,1,1,2,2,1,1,1,3,6,5,4,2,7,9,1,1,1,1,1,3,7,6,5,4,8,2,4,4,10,1,7,7,7,7,9,9,9,9,7,9,9,9,7,7,7,7,7,9,9,9,9,7,11,7,7,1,1,7,7,7,7,7,9,7,1,1,7,7,7,7,7,7,7,1,3,3,3,12,7,7,7,7,13,14,15,7,7,7,3,7,7,7,7,7,7,7,7,7,7,8,8,7,7,7,7,4,4,4,4,4,4,4,4,10,10,10,10,10,10,10,10","0.000691890716552734","walktrap","edit-xhwikibooks.graphml"
"0.36","0.35","0.29","0.40461041531278","1,7,1,1,2,1,2,1,1,1,2,2,1,1,1,3,6,5,4,2,7,9,1,1,1,1,1,3,7,6,5,4,8,2,4,4,10,1,7,7,7,7,9,9,9,9,7,9,9,9,7,7,7,7,7,9,9,9,9,7,11,7,7,1,1,7,7,7,7,7,9,7,1,1,7,7,7,7,7,7,7,1,3,3,3,12,7,7,7,7,13,14,15,7,7,7,3,7,7,7,7,7,7,7,7,7,7,8,8,7,7,7,7,4,4,4,4,4,4,4,4,10,10,10,10,10,10,10,10","0.000681161880493164","walktrap","edit-xhwikibooks.graphml"
"0.35","0.36","0.29","0.40426607062019","1,7,1,1,2,1,2,1,1,1,2,2,1,1,1,3,6,5,4,2,7,9,1,1,1,1,1,3,7,6,5,4,8,2,4,4,10,1,7,7,7,7,9,9,9,9,7,9,9,9,7,7,7,7,7,9,9,9,9,7,11,7,7,1,1,7,7,7,7,7,9,7,1,1,7,7,7,7,7,7,7,1,3,3,3,12,7,7,7,7,13,14,15,7,7,7,3,7,7,7,7,7,7,7,7,7,7,8,8,7,7,7,7,4,4,4,4,4,4,4,4,10,10,10,10,10,10,10,10","0.000680208206176758","walktrap","edit-xhwikibooks.graphml"
"0.34","0.37","0.29","0.40426607062019","1,7,1,1,2,1,2,1,1,1,2,2,1,1,1,3,6,5,4,2,7,9,1,1,1,1,1,3,7,6,5,4,8,2,4,4,10,1,7,7,7,7,9,9,9,9,7,9,9,9,7,7,7,7,7,9,9,9,9,7,11,7,7,1,1,7,7,7,7,7,9,7,1,1,7,7,7,7,7,7,7,1,3,3,3,12,7,7,7,7,13,14,15,7,7,7,3,7,7,7,7,7,7,7,7,7,7,8,8,7,7,7,7,4,4,4,4,4,4,4,4,10,10,10,10,10,10,10,10","0.000722885131835938","walktrap","edit-xhwikibooks.graphml"
"0.33","0.38","0.29","0.403922275012112","1,7,1,1,2,1,2,1,1,1,2,2,1,1,1,3,6,5,4,2,7,9,1,1,1,1,1,3,7,6,5,4,8,2,4,4,10,1,7,7,7,7,9,9,9,9,7,9,9,9,7,7,7,7,7,9,9,9,9,7,11,7,7,1,1,7,7,7,7,7,9,7,1,1,7,7,7,7,7,7,7,1,3,3,3,12,7,7,7,7,13,14,15,7,7,7,3,7,7,7,7,7,7,7,7,7,7,8,8,7,7,7,7,4,4,4,4,4,4,4,4,10,10,10,10,10,10,10,10","0.000702857971191406","walktrap","edit-xhwikibooks.graphml"
"0.32","0.39","0.29","0.40503389815228","1,7,1,1,2,1,2,1,1,1,2,2,1,1,1,3,6,5,4,2,7,9,1,1,1,1,1,3,7,6,5,4,8,2,4,4,10,1,7,7,7,7,9,9,9,9,7,9,9,9,7,7,7,7,7,9,9,9,9,7,11,7,7,1,1,7,7,7,7,7,9,7,1,1,7,7,7,7,7,7,7,1,3,3,3,12,7,7,7,7,13,14,15,7,7,7,3,7,7,7,7,7,7,7,7,7,7,8,8,7,7,7,7,4,4,4,4,4,4,4,4,10,10,10,10,10,10,10,10","0.000704050064086914","walktrap","edit-xhwikibooks.graphml"
"0.31","0.4","0.29","0.406833515299124","1,7,1,1,2,1,2,1,1,1,2,2,1,1,1,3,6,5,4,2,7,9,1,1,1,1,1,3,7,6,5,4,8,2,4,4,10,1,7,7,7,7,9,9,9,9,7,9,9,9,7,7,7,7,7,9,9,9,9,7,11,7,7,1,1,7,7,7,7,7,9,7,1,1,7,7,7,7,7,7,7,1,3,3,3,12,7,7,7,7,13,14,15,7,7,7,3,7,7,7,7,7,7,7,7,7,7,8,8,7,7,7,7,4,4,4,4,4,4,4,4,10,10,10,10,10,10,10,10","0.000717878341674805","walktrap","edit-xhwikibooks.graphml"
"0.3","0.41","0.29","0.406833515299124","1,7,1,1,2,1,2,1,1,1,2,2,1,1,1,3,6,5,4,2,7,9,1,1,1,1,1,3,7,6,5,4,8,2,4,4,10,1,7,7,7,7,9,9,9,9,7,9,9,9,7,7,7,7,7,9,9,9,9,7,11,7,7,1,1,7,7,7,7,7,9,7,1,1,7,7,7,7,7,7,7,1,3,3,3,12,7,7,7,7,13,14,15,7,7,7,3,7,7,7,7,7,7,7,7,7,7,8,8,7,7,7,7,4,4,4,4,4,4,4,4,10,10,10,10,10,10,10,10","0.000783920288085938","walktrap","edit-xhwikibooks.graphml"
"0.29","0.42","0.29","0.40755333632914","1,7,1,1,2,1,2,1,1,1,2,2,1,1,1,3,6,5,4,2,7,9,1,1,1,1,1,3,7,6,5,4,8,2,4,4,10,1,7,7,7,7,9,9,9,9,7,9,9,9,7,7,7,7,7,9,9,9,9,7,11,7,7,1,1,7,7,7,7,7,9,7,1,1,7,7,7,7,7,7,7,1,3,3,3,12,7,7,7,7,13,14,15,7,7,7,3,7,7,7,7,7,7,7,7,7,7,8,8,7,7,7,7,4,4,4,4,4,4,4,4,10,10,10,10,10,10,10,10","0.000699043273925781","walktrap","edit-xhwikibooks.graphml"
"0.28","0.43","0.29","0.409671430522506","1,7,1,1,2,1,2,1,1,1,2,2,1,1,1,3,6,5,4,2,7,9,1,1,1,1,1,3,7,6,5,4,8,2,4,4,10,1,7,7,7,7,9,9,9,9,7,9,9,9,7,7,7,7,7,9,9,9,9,7,11,7,7,1,1,7,7,7,7,7,9,7,1,1,7,7,7,7,7,7,7,1,3,3,3,12,7,7,7,7,13,14,15,7,7,7,3,7,7,7,7,7,7,7,7,7,7,8,8,7,7,7,7,4,4,4,4,4,4,4,4,10,10,10,10,10,10,10,10","0.000730991363525391","walktrap","edit-xhwikibooks.graphml"
"0.27","0.44","0.29","0.409327977839335","1,7,1,1,2,1,2,1,1,1,2,2,1,1,1,3,6,5,4,2,7,9,1,1,1,1,1,3,7,6,5,4,8,2,4,4,10,1,7,7,7,7,9,9,9,9,7,9,9,9,7,7,7,7,7,9,9,9,9,7,11,7,7,1,1,7,7,7,7,7,9,7,1,1,7,7,7,7,7,7,7,1,3,3,3,12,7,7,7,7,13,14,15,7,7,7,3,7,7,7,7,7,7,7,7,7,7,8,8,7,7,7,7,4,4,4,4,4,4,4,4,10,10,10,10,10,10,10,10","0.000730991363525391","walktrap","edit-xhwikibooks.graphml"
"0.26","0.45","0.29","0.40822099504311","2,5,2,2,2,1,2,1,1,3,2,2,1,1,1,1,3,6,4,2,5,9,1,1,1,1,1,7,5,3,6,4,8,2,4,4,10,1,5,5,5,5,9,9,9,9,5,9,9,9,5,5,5,5,5,9,9,9,9,5,11,5,5,1,1,5,5,5,5,5,9,5,1,1,5,5,5,5,5,5,5,1,7,7,7,12,5,5,5,5,13,14,15,5,5,5,1,5,5,5,5,5,5,5,5,5,5,8,8,5,5,5,5,4,4,4,4,4,4,4,4,10,10,10,10,10,10,10,10","0.000701904296875","walktrap","edit-xhwikibooks.graphml"
"0.25","0.46","0.29","0.407875590008575","2,5,2,2,2,1,2,1,1,3,2,2,1,1,1,1,3,6,4,2,5,9,1,1,1,1,1,7,5,3,6,4,8,2,4,4,10,1,5,5,5,5,9,9,9,9,5,9,9,9,5,5,5,5,5,9,9,9,9,5,11,5,5,1,1,5,5,5,5,5,9,5,1,1,5,5,5,5,5,5,5,1,7,7,7,12,5,5,5,5,13,14,15,5,5,5,1,5,5,5,5,5,5,5,5,5,5,8,8,5,5,5,5,4,4,4,4,4,4,4,4,10,10,10,10,10,10,10,10","0.0007171630859375","walktrap","edit-xhwikibooks.graphml"
"0.24","0.47","0.29","0.408971697021489","2,5,2,2,2,1,2,1,1,3,2,2,1,1,1,1,3,6,4,2,5,9,1,1,1,1,1,7,5,3,6,4,8,2,4,4,10,1,5,5,5,5,9,9,9,9,5,9,9,9,5,5,5,5,5,9,9,9,9,5,11,5,5,1,1,5,5,5,5,5,9,5,1,1,5,5,5,5,5,5,5,1,7,7,7,12,5,5,5,5,13,14,15,5,5,5,1,5,5,5,5,5,5,5,5,5,5,8,8,5,5,5,5,4,4,4,4,4,4,4,4,10,10,10,10,10,10,10,10","0.000779867172241211","walktrap","edit-xhwikibooks.graphml"
"0.23","0.48","0.29","0.388347785871199","2,5,2,2,2,1,2,1,1,3,2,2,1,1,1,1,3,6,4,2,5,10,1,1,1,1,1,7,5,3,6,4,8,2,4,4,9,1,5,5,5,5,10,10,10,10,5,10,10,10,5,5,5,5,5,10,10,10,10,5,11,5,5,1,1,5,5,5,5,5,10,5,1,1,5,5,5,5,5,5,5,1,7,7,7,12,5,5,5,5,13,14,15,5,5,5,1,5,5,5,5,5,5,5,5,5,5,8,8,5,5,5,5,4,4,4,4,4,4,4,4,9,9,9,9,9,9,9,9","0.000697135925292969","walktrap","edit-xhwikibooks.graphml"
"0.22","0.49","0.29","0.388347785871199","2,5,2,2,2,1,2,1,1,3,2,2,1,1,1,1,3,6,4,2,5,10,1,1,1,1,1,7,5,3,6,4,8,2,4,4,9,1,5,5,5,5,10,10,10,10,5,10,10,10,5,5,5,5,5,10,10,10,10,5,11,5,5,1,1,5,5,5,5,5,10,5,1,1,5,5,5,5,5,5,5,1,7,7,7,12,5,5,5,5,13,14,15,5,5,5,1,5,5,5,5,5,5,5,5,5,5,8,8,5,5,5,5,4,4,4,4,4,4,4,4,9,9,9,9,9,9,9,9","0.00071406364440918","walktrap","edit-xhwikibooks.graphml"
"0.21","0.5","0.29","0.431381459566075","1,4,1,1,1,1,1,2,2,5,1,1,2,2,2,1,5,6,3,1,4,10,2,2,2,2,2,7,4,5,6,3,8,1,3,3,9,2,4,4,4,4,10,10,10,10,4,10,10,10,4,4,4,4,4,10,10,10,10,4,11,4,4,2,2,4,4,4,4,4,10,4,2,2,4,4,4,4,4,4,4,2,7,7,7,12,4,4,4,4,13,14,15,4,4,4,1,4,4,4,4,4,4,4,4,4,4,8,8,4,4,4,4,3,3,3,3,3,3,3,3,9,9,9,9,9,9,9,9","0.000735044479370117","walktrap","edit-xhwikibooks.graphml"
"0.2","0.51","0.29","0.431381459566075","1,4,1,1,1,1,1,2,2,5,1,1,2,2,2,1,5,6,3,1,4,10,2,2,2,2,2,7,4,5,6,3,8,1,3,3,9,2,4,4,4,4,10,10,10,10,4,10,10,10,4,4,4,4,4,10,10,10,10,4,11,4,4,2,2,4,4,4,4,4,10,4,2,2,4,4,4,4,4,4,4,2,7,7,7,12,4,4,4,4,13,14,15,4,4,4,1,4,4,4,4,4,4,4,4,4,4,8,8,4,4,4,4,3,3,3,3,3,3,3,3,9,9,9,9,9,9,9,9","0.000703096389770508","walktrap","edit-xhwikibooks.graphml"
"0.19","0.52","0.29","0.431381459566075","1,4,1,1,1,1,1,2,2,5,1,1,2,2,2,1,5,6,3,1,4,10,2,2,2,2,2,7,4,5,6,3,8,1,3,3,9,2,4,4,4,4,10,10,10,10,4,10,10,10,4,4,4,4,4,10,10,10,10,4,11,4,4,2,2,4,4,4,4,4,10,4,2,2,4,4,4,4,4,4,4,2,7,7,7,12,4,4,4,4,13,14,15,4,4,4,1,4,4,4,4,4,4,4,4,4,4,8,8,4,4,4,4,3,3,3,3,3,3,3,3,9,9,9,9,9,9,9,9","0.000745058059692383","walktrap","edit-xhwikibooks.graphml"
"0.18","0.53","0.29","0.431033324375168","1,4,1,1,1,1,1,2,2,5,1,1,2,2,2,1,5,6,3,1,4,10,2,2,2,2,2,7,4,5,6,3,8,1,3,3,9,2,4,4,4,4,10,10,10,10,4,10,10,10,4,4,4,4,4,10,10,10,10,4,11,4,4,2,2,4,4,4,4,4,10,4,2,2,4,4,4,4,4,4,4,2,7,7,7,12,4,4,4,4,13,14,15,4,4,4,1,4,4,4,4,4,4,4,4,4,4,8,8,4,4,4,4,3,3,3,3,3,3,3,3,9,9,9,9,9,9,9,9","0.000715017318725586","walktrap","edit-xhwikibooks.graphml"
"0.17","0.54","0.29","0.43207592435641","1,4,1,1,1,1,1,2,2,5,1,1,2,2,2,1,5,6,3,1,4,10,2,2,2,2,2,7,4,5,6,3,8,1,3,3,9,2,4,4,4,4,10,10,10,10,4,10,10,10,4,4,4,4,4,10,10,10,10,4,11,4,4,2,2,4,4,4,4,4,10,4,2,2,4,4,4,4,4,4,4,2,7,7,7,12,4,4,4,4,13,14,15,4,4,4,1,4,4,4,4,4,4,4,4,4,4,8,8,4,4,4,4,3,3,3,3,3,3,3,3,9,9,9,9,9,9,9,9","0.0326981544494629","walktrap","edit-xhwikibooks.graphml"
"0.16","0.55","0.29","0.431380752701522","1,4,1,1,1,1,1,2,2,5,1,1,2,2,2,1,5,6,3,1,4,10,2,2,2,2,2,7,4,5,6,3,8,1,3,3,9,2,4,4,4,4,10,10,10,10,4,10,10,10,4,4,4,4,4,10,10,10,10,4,11,4,4,2,2,4,4,4,4,4,10,4,2,2,4,4,4,4,4,4,4,2,7,7,7,12,4,4,4,4,13,14,15,4,4,4,1,4,4,4,4,4,4,4,4,4,4,8,8,4,4,4,4,3,3,3,3,3,3,3,3,9,9,9,9,9,9,9,9","0.000851154327392578","walktrap","edit-xhwikibooks.graphml"
"0.15","0.56","0.29","0.433411162754933","1,4,1,1,1,1,1,2,2,5,1,1,2,2,2,1,5,6,3,1,4,10,2,2,2,2,2,7,4,5,6,3,8,1,3,3,9,2,4,4,4,4,10,10,10,10,4,10,10,10,4,4,4,4,4,10,10,10,10,4,11,4,4,2,2,4,4,4,4,4,10,4,2,2,4,4,4,4,4,4,4,2,7,7,7,12,4,4,4,4,13,14,15,4,4,4,1,4,4,4,4,4,4,4,4,4,4,8,8,4,4,4,4,3,3,3,3,3,3,3,3,9,9,9,9,9,9,9,9","0.000789165496826172","walktrap","edit-xhwikibooks.graphml"
"0.14","0.57","0.29","0.434121675813344","1,4,1,1,1,1,1,2,2,5,1,1,2,2,2,1,5,6,3,1,4,10,2,2,2,2,2,7,4,5,6,3,8,1,3,3,9,2,4,4,4,4,10,10,10,10,4,10,10,10,4,4,4,4,4,10,10,10,10,4,11,4,4,2,2,4,4,4,4,4,10,4,2,2,4,4,4,4,4,4,4,2,7,7,7,12,4,4,4,4,13,14,15,4,4,4,1,4,4,4,4,4,4,4,4,4,4,8,8,4,4,4,4,3,3,3,3,3,3,3,3,9,9,9,9,9,9,9,9","0.000731945037841797","walktrap","edit-xhwikibooks.graphml"
"0.13","0.58","0.29","0.428997238658777","1,4,1,1,2,1,2,1,1,1,2,2,1,1,1,1,9,2,3,5,4,8,1,1,1,1,1,6,4,10,11,3,5,5,3,3,7,1,4,4,4,4,8,8,8,8,4,8,8,8,4,4,4,4,4,8,8,8,8,4,12,4,4,13,14,4,4,4,4,4,8,4,1,1,4,4,4,4,4,4,4,15,6,6,6,16,4,4,4,4,17,18,19,4,4,4,20,4,4,4,4,4,4,4,4,4,4,21,22,4,4,4,4,3,3,3,3,3,3,3,3,7,7,7,7,7,7,7,7","0.00072789192199707","walktrap","edit-xhwikibooks.graphml"
"0.12","0.59","0.29","0.428651887093523","1,4,1,1,2,1,2,1,1,1,2,2,1,1,1,1,9,2,3,5,4,8,1,1,1,1,1,6,4,10,11,3,5,5,3,3,7,1,4,4,4,4,8,8,8,8,4,8,8,8,4,4,4,4,4,8,8,8,8,4,12,4,4,13,14,4,4,4,4,4,8,4,1,1,4,4,4,4,4,4,4,15,6,6,6,16,4,4,4,4,17,18,19,4,4,4,20,4,4,4,4,4,4,4,4,4,4,21,22,4,4,4,4,3,3,3,3,3,3,3,3,7,7,7,7,7,7,7,7","0.000730037689208984","walktrap","edit-xhwikibooks.graphml"
"0.11","0.6","0.29","0.430599466378946","1,4,1,1,2,1,2,1,1,1,2,2,1,1,1,1,9,2,3,5,4,8,1,1,1,1,1,6,4,10,11,3,5,5,3,3,7,1,4,4,4,4,8,8,8,8,4,8,8,8,4,4,4,4,4,8,8,8,8,4,12,4,4,13,14,4,4,4,4,4,8,4,1,1,4,4,4,4,4,4,4,15,6,6,6,16,4,4,4,4,17,18,19,4,4,4,20,4,4,4,4,4,4,4,4,4,4,21,22,4,4,4,4,3,3,3,3,3,3,3,3,7,7,7,7,7,7,7,7","0.000777959823608398","walktrap","edit-xhwikibooks.graphml"
"0.1","0.61","0.29","0.430254444457197","1,4,1,1,2,1,2,1,1,1,2,2,1,1,1,1,9,2,3,5,4,8,1,1,1,1,1,6,4,10,11,3,5,5,3,3,7,1,4,4,4,4,8,8,8,8,4,8,8,8,4,4,4,4,4,8,8,8,8,4,12,4,4,13,14,4,4,4,4,4,8,4,1,1,4,4,4,4,4,4,4,15,6,6,6,16,4,4,4,4,17,18,19,4,4,4,20,4,4,4,4,4,4,4,4,4,4,21,22,4,4,4,4,3,3,3,3,3,3,3,3,7,7,7,7,7,7,7,7","0.000695943832397461","walktrap","edit-xhwikibooks.graphml"
"0.09","0.62","0.29","0.430330609813228","1,4,1,1,2,1,2,1,1,1,2,2,1,1,1,1,9,2,3,5,4,8,1,1,1,1,1,6,4,10,11,3,5,5,3,3,7,1,4,4,4,4,8,8,8,8,4,8,8,8,4,4,4,4,4,8,8,8,8,4,12,4,4,13,14,4,4,4,4,4,8,4,1,1,4,4,4,4,4,4,4,15,6,6,6,16,4,4,4,4,17,18,19,4,4,4,20,4,4,4,4,4,4,4,4,4,4,21,22,4,4,4,4,3,3,3,3,3,3,3,3,7,7,7,7,7,7,7,7","0.000682830810546875","walktrap","edit-xhwikibooks.graphml"
"0.08","0.63","0.29","0.446384847470528","1,4,1,1,2,1,2,1,1,1,2,2,1,1,1,1,9,2,3,5,4,8,1,1,1,1,1,6,4,10,11,3,5,5,3,3,7,1,4,4,4,4,8,8,8,8,4,8,8,8,4,4,4,4,4,8,8,8,8,4,12,4,4,13,14,4,4,4,4,4,8,4,1,1,4,4,4,4,4,4,4,15,6,6,6,16,4,4,4,4,17,18,19,4,4,4,20,4,4,4,4,4,4,4,4,4,4,21,22,4,4,4,4,3,3,3,3,3,3,3,3,7,7,7,7,7,7,7,7","0.000697851181030273","walktrap","edit-xhwikibooks.graphml"
"0.07","0.64","0.29","0.446384847470528","1,4,1,1,2,1,2,1,1,1,2,2,1,1,1,1,9,2,3,5,4,8,1,1,1,1,1,6,4,10,11,3,5,5,3,3,7,1,4,4,4,4,8,8,8,8,4,8,8,8,4,4,4,4,4,8,8,8,8,4,12,4,4,13,14,4,4,4,4,4,8,4,1,1,4,4,4,4,4,4,4,15,6,6,6,16,4,4,4,4,17,18,19,4,4,4,20,4,4,4,4,4,4,4,4,4,4,21,22,4,4,4,4,3,3,3,3,3,3,3,3,7,7,7,7,7,7,7,7","0.000682830810546875","walktrap","edit-xhwikibooks.graphml"
"0.06","0.65","0.29","0.446743072782213","1,4,1,1,2,1,2,1,1,1,2,2,1,1,1,1,9,2,3,5,4,8,1,1,1,1,1,6,4,10,11,3,5,5,3,3,7,1,4,4,4,4,8,8,8,8,4,8,8,8,4,4,4,4,4,8,8,8,8,4,12,4,4,13,14,4,4,4,4,4,8,4,1,1,4,4,4,4,4,4,4,15,6,6,6,16,4,4,4,4,17,18,19,4,4,4,20,4,4,4,4,4,4,4,4,4,4,21,22,4,4,4,4,3,3,3,3,3,3,3,3,7,7,7,7,7,7,7,7","0.000689983367919922","walktrap","edit-xhwikibooks.graphml"
"0.05","0.66","0.29","0.446743072782213","1,4,1,1,2,1,2,1,1,1,2,2,1,1,1,1,9,2,3,5,4,8,1,1,1,1,1,6,4,10,11,3,5,5,3,3,7,1,4,4,4,4,8,8,8,8,4,8,8,8,4,4,4,4,4,8,8,8,8,4,12,4,4,13,14,4,4,4,4,4,8,4,1,1,4,4,4,4,4,4,4,15,6,6,6,16,4,4,4,4,17,18,19,4,4,4,20,4,4,4,4,4,4,4,4,4,4,21,22,4,4,4,4,3,3,3,3,3,3,3,3,7,7,7,7,7,7,7,7","0.000677108764648438","walktrap","edit-xhwikibooks.graphml"
"0.04","0.67","0.29","0.461166487712094","5,4,5,5,5,1,5,1,1,1,6,3,1,1,1,1,10,6,2,3,4,9,1,1,1,1,1,7,4,11,12,2,3,3,2,2,8,1,4,4,4,4,9,9,9,9,4,9,9,9,4,4,4,4,4,9,9,9,9,4,13,4,4,14,15,4,4,4,4,4,9,4,1,1,4,4,4,4,4,4,4,16,7,7,7,17,4,4,4,4,18,19,20,4,4,4,21,4,4,4,4,4,4,4,4,4,4,22,23,4,4,4,4,2,2,2,2,2,2,2,2,8,8,8,8,8,8,8,8","0.00066685676574707","walktrap","edit-xhwikibooks.graphml"
"0.03","0.68","0.29","0.461166487712094","5,4,5,5,5,1,5,1,1,1,6,3,1,1,1,1,10,6,2,3,4,9,1,1,1,1,1,7,4,11,12,2,3,3,2,2,8,1,4,4,4,4,9,9,9,9,4,9,9,9,4,4,4,4,4,9,9,9,9,4,13,4,4,14,15,4,4,4,4,4,9,4,1,1,4,4,4,4,4,4,4,16,7,7,7,17,4,4,4,4,18,19,20,4,4,4,21,4,4,4,4,4,4,4,4,4,4,22,23,4,4,4,4,2,2,2,2,2,2,2,2,8,8,8,8,8,8,8,8","0.00067591667175293","walktrap","edit-xhwikibooks.graphml"
"0.02","0.69","0.29","0.460793351800554","5,4,5,5,5,1,5,1,1,1,6,3,1,1,1,1,10,6,2,3,4,9,1,1,1,1,1,7,4,11,12,2,3,3,2,2,8,1,4,4,4,4,9,9,9,9,4,9,9,9,4,4,4,4,4,9,9,9,9,4,13,4,4,14,15,4,4,4,4,4,9,4,1,1,4,4,4,4,4,4,4,16,7,7,7,17,4,4,4,4,18,19,20,4,4,4,21,4,4,4,4,4,4,4,4,4,4,22,23,4,4,4,4,2,2,2,2,2,2,2,2,8,8,8,8,8,8,8,8","0.000684976577758789","walktrap","edit-xhwikibooks.graphml"
"0.01","0.7","0.29","0.461800683546347","5,4,5,5,5,1,5,1,1,1,6,3,1,1,1,1,10,6,2,3,4,9,1,1,1,1,1,7,4,11,12,2,3,3,2,2,8,1,4,4,4,4,9,9,9,9,4,9,9,9,4,4,4,4,4,9,9,9,9,4,13,4,4,14,15,4,4,4,4,4,9,4,1,1,4,4,4,4,4,4,4,16,7,7,7,17,4,4,4,4,18,19,20,4,4,4,21,4,4,4,4,4,4,4,4,4,4,22,23,4,4,4,4,2,2,2,2,2,2,2,2,8,8,8,8,8,8,8,8","0.000685930252075195","walktrap","edit-xhwikibooks.graphml"
"0","0.71","0.29","0.4602731816793","6,9,6,6,6,2,5,3,3,2,4,5,3,3,3,2,12,4,7,1,9,11,13,3,3,3,3,8,6,14,15,16,1,1,7,7,10,3,9,9,9,9,11,11,11,11,9,11,11,11,9,9,9,9,9,11,11,11,11,9,17,9,9,18,19,9,9,9,9,9,11,9,3,3,9,9,9,9,9,9,9,20,8,8,8,21,9,9,9,9,22,23,24,9,9,9,25,9,9,9,9,9,9,9,9,9,9,26,27,9,9,9,9,7,7,7,7,7,7,7,7,10,10,10,10,10,10,10,10","0.000708103179931641","walktrap","edit-xhwikibooks.graphml"
"0.7","0","0.3","0.390965554031398","1,2,1,1,1,1,1,1,1,1,1,3,1,1,1,1,5,4,6,3,2,10,8,1,1,1,1,9,2,5,4,7,3,3,6,6,11,1,2,2,2,2,10,10,10,10,2,10,10,10,2,2,2,2,2,10,10,10,10,2,8,2,2,1,1,2,2,2,2,2,10,2,1,1,2,2,2,2,2,2,2,1,9,9,9,2,2,2,2,2,5,4,7,2,2,2,1,2,2,2,2,2,2,2,2,2,2,3,3,2,2,2,2,6,6,6,6,6,6,6,6,11,11,11,11,11,11,11,11","0.000753164291381836","walktrap","edit-xhwikibooks.graphml"
"0.69","0.01","0.3","0.387751993959281","1,2,1,1,1,1,1,1,1,1,1,3,1,1,1,1,5,4,6,3,2,10,8,1,1,1,1,9,2,5,4,7,3,3,6,6,11,1,2,2,2,2,10,10,10,10,2,10,10,10,2,2,2,2,2,10,10,10,10,2,8,2,2,1,1,2,2,2,2,2,10,2,1,1,2,2,2,2,2,2,2,1,9,9,9,2,2,2,2,2,5,4,7,2,2,2,1,2,2,2,2,2,2,2,2,2,2,3,3,2,2,2,2,6,6,6,6,6,6,6,6,11,11,11,11,11,11,11,11","0.000749111175537109","walktrap","edit-xhwikibooks.graphml"
"0.68","0.02","0.3","0.387751993959281","1,2,1,1,1,1,1,1,1,1,1,3,1,1,1,1,5,4,6,3,2,10,8,1,1,1,1,9,2,5,4,7,3,3,6,6,11,1,2,2,2,2,10,10,10,10,2,10,10,10,2,2,2,2,2,10,10,10,10,2,8,2,2,1,1,2,2,2,2,2,10,2,1,1,2,2,2,2,2,2,2,1,9,9,9,2,2,2,2,2,5,4,7,2,2,2,1,2,2,2,2,2,2,2,2,2,2,3,3,2,2,2,2,6,6,6,6,6,6,6,6,11,11,11,11,11,11,11,11","0.00075984001159668","walktrap","edit-xhwikibooks.graphml"
"0.67","0.03","0.3","0.387430120097779","1,2,1,1,1,1,1,1,1,1,1,3,1,1,1,1,5,4,6,3,2,10,8,1,1,1,1,9,2,5,4,7,3,3,6,6,11,1,2,2,2,2,10,10,10,10,2,10,10,10,2,2,2,2,2,10,10,10,10,2,8,2,2,1,1,2,2,2,2,2,10,2,1,1,2,2,2,2,2,2,2,1,9,9,9,2,2,2,2,2,5,4,7,2,2,2,1,2,2,2,2,2,2,2,2,2,2,3,3,2,2,2,2,6,6,6,6,6,6,6,6,11,11,11,11,11,11,11,11","0.000716209411621094","walktrap","edit-xhwikibooks.graphml"
"0.66","0.04","0.3","0.387430120097779","1,2,1,1,1,1,1,1,1,1,1,3,1,1,1,1,5,4,6,3,2,10,8,1,1,1,1,9,2,5,4,7,3,3,6,6,11,1,2,2,2,2,10,10,10,10,2,10,10,10,2,2,2,2,2,10,10,10,10,2,8,2,2,1,1,2,2,2,2,2,10,2,1,1,2,2,2,2,2,2,2,1,9,9,9,2,2,2,2,2,5,4,7,2,2,2,1,2,2,2,2,2,2,2,2,2,2,3,3,2,2,2,2,6,6,6,6,6,6,6,6,11,11,11,11,11,11,11,11","0.000702142715454102","walktrap","edit-xhwikibooks.graphml"
"0.65","0.05","0.3","0.387108748983127","1,2,1,1,1,1,1,1,1,1,1,3,1,1,1,1,5,4,6,3,2,10,8,1,1,1,1,9,2,5,4,7,3,3,6,6,11,1,2,2,2,2,10,10,10,10,2,10,10,10,2,2,2,2,2,10,10,10,10,2,8,2,2,1,1,2,2,2,2,2,10,2,1,1,2,2,2,2,2,2,2,1,9,9,9,2,2,2,2,2,5,4,7,2,2,2,1,2,2,2,2,2,2,2,2,2,2,3,3,2,2,2,2,6,6,6,6,6,6,6,6,11,11,11,11,11,11,11,11","0.0007171630859375","walktrap","edit-xhwikibooks.graphml"
"0.64","0.06","0.3","0.387108748983127","1,2,1,1,1,1,1,1,1,1,1,3,1,1,1,1,5,4,6,3,2,10,8,1,1,1,1,9,2,5,4,7,3,3,6,6,11,1,2,2,2,2,10,10,10,10,2,10,10,10,2,2,2,2,2,10,10,10,10,2,8,2,2,1,1,2,2,2,2,2,10,2,1,1,2,2,2,2,2,2,2,1,9,9,9,2,2,2,2,2,5,4,7,2,2,2,1,2,2,2,2,2,2,2,2,2,2,3,3,2,2,2,2,6,6,6,6,6,6,6,6,11,11,11,11,11,11,11,11","0.000709056854248047","walktrap","edit-xhwikibooks.graphml"
"0.63","0.07","0.3","0.386787879557655","1,2,1,1,1,1,1,1,1,1,1,3,1,1,1,1,5,4,6,3,2,10,8,1,1,1,1,9,2,5,4,7,3,3,6,6,11,1,2,2,2,2,10,10,10,10,2,10,10,10,2,2,2,2,2,10,10,10,10,2,8,2,2,1,1,2,2,2,2,2,10,2,1,1,2,2,2,2,2,2,2,1,9,9,9,2,2,2,2,2,5,4,7,2,2,2,1,2,2,2,2,2,2,2,2,2,2,3,3,2,2,2,2,6,6,6,6,6,6,6,6,11,11,11,11,11,11,11,11","0.000726938247680664","walktrap","edit-xhwikibooks.graphml"
"0.62","0.08","0.3","0.38790826097014","1,2,1,1,1,1,1,1,1,1,1,3,1,1,1,1,5,4,6,3,2,11,8,1,1,1,1,9,2,5,4,7,3,3,6,6,10,1,2,2,2,2,11,11,11,11,2,11,11,11,2,2,2,2,2,11,11,11,11,2,8,2,2,1,1,2,2,2,2,2,11,2,1,1,2,2,2,2,2,2,2,1,9,9,9,2,2,2,2,2,5,4,7,2,2,2,1,2,2,2,2,2,2,2,2,2,2,3,3,2,2,2,2,6,6,6,6,6,6,6,6,10,10,10,10,10,10,10,10","0.000715017318725586","walktrap","edit-xhwikibooks.graphml"
"0.61","0.09","0.3","0.387587543060012","1,2,1,1,1,1,1,1,1,1,1,3,1,1,1,1,5,4,6,3,2,11,8,1,1,1,1,9,2,5,4,7,3,3,6,6,10,1,2,2,2,2,11,11,11,11,2,11,11,11,2,2,2,2,2,11,11,11,11,2,8,2,2,1,1,2,2,2,2,2,11,2,1,1,2,2,2,2,2,2,2,1,9,9,9,2,2,2,2,2,5,4,7,2,2,2,1,2,2,2,2,2,2,2,2,2,2,3,3,2,2,2,2,6,6,6,6,6,6,6,6,10,10,10,10,10,10,10,10","0.000710964202880859","walktrap","edit-xhwikibooks.graphml"
"0.6","0.1","0.3","0.402874414759215","1,2,1,1,1,1,1,1,1,1,1,3,1,1,1,1,5,4,6,3,2,11,8,1,1,1,1,9,2,5,4,7,3,3,6,6,10,1,2,2,2,2,11,11,11,11,2,11,11,11,2,2,2,2,2,11,11,11,11,2,8,2,2,1,1,2,2,2,2,2,11,2,1,1,2,2,2,2,2,2,2,1,9,9,9,2,2,2,2,2,5,4,7,2,2,2,1,2,2,2,2,2,2,2,2,2,2,3,3,2,2,2,2,6,6,6,6,6,6,6,6,10,10,10,10,10,10,10,10","0.000754833221435547","walktrap","edit-xhwikibooks.graphml"
"0.59","0.11","0.3","0.398397662527392","4,14,4,3,4,3,4,2,2,3,4,1,2,2,2,3,6,5,7,1,14,13,10,2,2,2,2,11,8,6,5,9,1,1,7,7,12,2,14,14,14,14,13,13,13,13,14,13,13,13,14,14,14,14,14,13,13,13,13,14,10,14,14,2,2,14,14,14,14,14,13,14,2,2,14,14,14,14,14,14,14,2,11,11,11,8,14,14,14,14,6,5,9,14,14,14,3,14,14,14,14,14,14,14,14,14,14,1,1,14,14,14,14,7,7,7,7,7,7,7,7,12,12,12,12,12,12,12,12","0.000718832015991211","walktrap","edit-xhwikibooks.graphml"
"0.58","0.12","0.3","0.40068006549296","4,14,4,3,4,3,4,2,2,3,4,1,2,2,2,3,6,5,8,1,14,12,10,2,2,2,2,11,7,6,5,9,1,1,8,8,13,2,14,14,14,14,12,12,12,12,14,12,12,12,14,14,14,14,14,12,12,12,12,14,10,14,14,2,2,14,14,14,14,14,12,14,2,2,14,14,14,14,14,14,14,2,11,11,11,7,14,14,14,14,6,5,9,14,14,14,3,14,14,14,14,14,14,14,14,14,14,1,1,14,14,14,14,8,8,8,8,8,8,8,8,13,13,13,13,13,13,13,13","0.000723838806152344","walktrap","edit-xhwikibooks.graphml"
"0.57","0.13","0.3","0.400334887782402","4,14,4,3,4,3,4,2,2,3,4,1,2,2,2,3,6,5,8,1,14,12,10,2,2,2,2,11,7,6,5,9,1,1,8,8,13,2,14,14,14,14,12,12,12,12,14,12,12,12,14,14,14,14,14,12,12,12,12,14,10,14,14,2,2,14,14,14,14,14,12,14,2,2,14,14,14,14,14,14,14,2,11,11,11,7,14,14,14,14,6,5,9,14,14,14,3,14,14,14,14,14,14,14,14,14,14,1,1,14,14,14,14,8,8,8,8,8,8,8,8,13,13,13,13,13,13,13,13","0.000723838806152344","walktrap","edit-xhwikibooks.graphml"
"0.56","0.14","0.3","0.39999026697457","4,14,4,3,4,3,4,2,2,3,4,1,2,2,2,3,6,5,8,1,14,12,10,2,2,2,2,11,7,6,5,9,1,1,8,8,13,2,14,14,14,14,12,12,12,12,14,12,12,12,14,14,14,14,14,12,12,12,12,14,10,14,14,2,2,14,14,14,14,14,12,14,2,2,14,14,14,14,14,14,14,2,11,11,11,7,14,14,14,14,6,5,9,14,14,14,3,14,14,14,14,14,14,14,14,14,14,1,1,14,14,14,14,8,8,8,8,8,8,8,8,13,13,13,13,13,13,13,13","0.000716924667358398","walktrap","edit-xhwikibooks.graphml"
"0.55","0.15","0.3","0.401862025456354","4,13,4,3,4,3,4,2,2,3,4,1,2,2,2,3,6,5,8,1,13,12,10,2,2,2,2,11,7,6,5,9,1,1,8,8,14,2,13,13,13,13,12,12,12,12,13,12,12,12,13,13,13,13,13,12,12,12,12,13,10,13,13,2,2,13,13,13,13,13,12,13,2,2,13,13,13,13,13,13,13,2,11,11,11,7,13,13,13,13,6,5,9,13,13,13,3,13,13,13,13,13,13,13,13,13,13,1,1,13,13,13,13,8,8,8,8,8,8,8,8,14,14,14,14,14,14,14,14","0.000735998153686523","walktrap","edit-xhwikibooks.graphml"
"0.54","0.16","0.3","0.402982691337857","4,13,4,3,4,3,4,2,2,3,4,1,2,2,2,3,6,5,8,1,13,12,10,2,2,2,2,11,7,6,5,9,1,1,8,8,14,2,13,13,13,13,12,12,12,12,13,12,12,12,13,13,13,13,13,12,12,12,12,13,10,13,13,2,2,13,13,13,13,13,12,13,2,2,13,13,13,13,13,13,13,2,11,11,11,7,13,13,13,13,6,5,9,13,13,13,3,13,13,13,13,13,13,13,13,13,13,1,1,13,13,13,13,8,8,8,8,8,8,8,8,14,14,14,14,14,14,14,14","0.000833034515380859","walktrap","edit-xhwikibooks.graphml"
"0.53","0.17","0.3","0.403708427464325","4,13,4,3,4,3,4,2,2,3,4,1,2,2,2,3,6,5,8,1,13,12,10,2,2,2,2,11,7,6,5,9,1,1,8,8,14,2,13,13,13,13,12,12,12,12,13,12,12,12,13,13,13,13,13,12,12,12,12,13,10,13,13,2,2,13,13,13,13,13,12,13,2,2,13,13,13,13,13,13,13,2,11,11,11,7,13,13,13,13,6,5,9,13,13,13,3,13,13,13,13,13,13,13,13,13,13,1,1,13,13,13,13,8,8,8,8,8,8,8,8,14,14,14,14,14,14,14,14","0.000693798065185547","walktrap","edit-xhwikibooks.graphml"
"0.52","0.18","0.3","0.403708427464325","4,13,4,3,4,3,4,2,2,3,4,1,2,2,2,3,6,5,8,1,13,12,10,2,2,2,2,11,7,6,5,9,1,1,8,8,14,2,13,13,13,13,12,12,12,12,13,12,12,12,13,13,13,13,13,12,12,12,12,13,10,13,13,2,2,13,13,13,13,13,12,13,2,2,13,13,13,13,13,13,13,2,11,11,11,7,13,13,13,13,6,5,9,13,13,13,3,13,13,13,13,13,13,13,13,13,13,1,1,13,13,13,13,8,8,8,8,8,8,8,8,14,14,14,14,14,14,14,14","0.000688076019287109","walktrap","edit-xhwikibooks.graphml"
"0.51","0.19","0.3","0.403364471473446","4,13,4,3,4,3,4,2,2,3,4,1,2,2,2,3,6,5,8,1,13,12,10,2,2,2,2,11,7,6,5,9,1,1,8,8,14,2,13,13,13,13,12,12,12,12,13,12,12,12,13,13,13,13,13,12,12,12,12,13,10,13,13,2,2,13,13,13,13,13,12,13,2,2,13,13,13,13,13,13,13,2,11,11,11,7,13,13,13,13,6,5,9,13,13,13,3,13,13,13,13,13,13,13,13,13,13,1,1,13,13,13,13,8,8,8,8,8,8,8,8,14,14,14,14,14,14,14,14","0.000696897506713867","walktrap","edit-xhwikibooks.graphml"
"0.5","0.2","0.3","0.405686689913212","4,13,4,3,4,3,4,2,2,3,4,1,2,2,2,3,6,5,8,1,13,12,10,2,2,2,2,11,7,6,5,9,1,1,8,8,14,2,13,13,13,13,12,12,12,12,13,12,12,12,13,13,13,13,13,12,12,12,12,13,10,13,13,2,2,13,13,13,13,13,12,13,2,2,13,13,13,13,13,13,13,2,11,11,11,7,13,13,13,13,6,5,9,13,13,13,3,13,13,13,13,13,13,13,13,13,13,1,1,13,13,13,13,8,8,8,8,8,8,8,8,14,14,14,14,14,14,14,14","0.000798940658569336","walktrap","edit-xhwikibooks.graphml"
"0.49","0.21","0.3","0.398788701811385","1,12,1,1,2,1,2,1,1,1,2,2,1,1,1,3,5,4,9,2,12,11,8,1,1,1,1,3,6,5,4,7,10,2,9,9,13,1,12,12,12,12,11,11,11,11,12,11,11,11,12,12,12,12,12,11,11,11,11,12,8,12,12,1,1,12,12,12,12,12,11,12,1,1,12,12,12,12,12,12,12,1,3,3,3,6,12,12,12,12,5,4,7,12,12,12,3,12,12,12,12,12,12,12,12,12,12,10,10,12,12,12,12,9,9,9,9,9,9,9,9,13,13,13,13,13,13,13,13","0.000699996948242188","walktrap","edit-xhwikibooks.graphml"
"0.48","0.22","0.3","0.398788701811385","1,12,1,1,2,1,2,1,1,1,2,2,1,1,1,3,5,4,9,2,12,11,8,1,1,1,1,3,6,5,4,7,10,2,9,9,13,1,12,12,12,12,11,11,11,11,12,11,11,11,12,12,12,12,12,11,11,11,11,12,8,12,12,1,1,12,12,12,12,12,11,12,1,1,12,12,12,12,12,12,12,1,3,3,3,6,12,12,12,12,5,4,7,12,12,12,3,12,12,12,12,12,12,12,12,12,12,10,10,12,12,12,12,9,9,9,9,9,9,9,9,13,13,13,13,13,13,13,13","0.000699996948242188","walktrap","edit-xhwikibooks.graphml"
"0.47","0.23","0.3","0.400737258008068","1,12,1,1,2,1,2,1,1,1,2,2,1,1,1,3,5,4,9,2,12,11,8,1,1,1,1,3,6,5,4,7,10,2,9,9,13,1,12,12,12,12,11,11,11,11,12,11,11,11,12,12,12,12,12,11,11,11,11,12,8,12,12,1,1,12,12,12,12,12,11,12,1,1,12,12,12,12,12,12,12,1,3,3,3,6,12,12,12,12,5,4,7,12,12,12,3,12,12,12,12,12,12,12,12,12,12,10,10,12,12,12,12,9,9,9,9,9,9,9,9,13,13,13,13,13,13,13,13","0.000710010528564453","walktrap","edit-xhwikibooks.graphml"
"0.46","0.24","0.3","0.402962781249857","1,11,1,1,2,1,2,1,1,1,2,2,1,1,1,3,5,4,9,2,11,12,8,1,1,1,1,3,6,5,4,7,10,2,9,9,13,1,11,11,11,11,12,12,12,12,11,12,12,12,11,11,11,11,11,12,12,12,12,11,8,11,11,1,1,11,11,11,11,11,12,11,1,1,11,11,11,11,11,11,11,1,3,3,3,6,11,11,11,11,5,4,7,11,11,11,3,11,11,11,11,11,11,11,11,11,11,10,10,11,11,11,11,9,9,9,9,9,9,9,9,13,13,13,13,13,13,13,13","0.000715970993041992","walktrap","edit-xhwikibooks.graphml"
"0.45","0.25","0.3","0.4060140206673","1,11,1,1,2,1,2,1,1,1,2,2,1,1,1,3,5,4,9,2,11,12,8,1,1,1,1,3,6,5,4,7,10,2,9,9,13,1,11,11,11,11,12,12,12,12,11,12,12,12,11,11,11,11,11,12,12,12,12,11,8,11,11,1,1,11,11,11,11,11,12,11,1,1,11,11,11,11,11,11,11,1,3,3,3,6,11,11,11,11,5,4,7,11,11,11,3,11,11,11,11,11,11,11,11,11,11,10,10,11,11,11,11,9,9,9,9,9,9,9,9,13,13,13,13,13,13,13,13","0.000720024108886719","walktrap","edit-xhwikibooks.graphml"
"0.44","0.26","0.3","0.4060140206673","1,11,1,1,2,1,2,1,1,1,2,2,1,1,1,3,5,4,9,2,11,12,8,1,1,1,1,3,6,5,4,7,10,2,9,9,13,1,11,11,11,11,12,12,12,12,11,12,12,12,11,11,11,11,11,12,12,12,12,11,8,11,11,1,1,11,11,11,11,11,12,11,1,1,11,11,11,11,11,11,11,1,3,3,3,6,11,11,11,11,5,4,7,11,11,11,3,11,11,11,11,11,11,11,11,11,11,10,10,11,11,11,11,9,9,9,9,9,9,9,9,13,13,13,13,13,13,13,13","0.00074315071105957","walktrap","edit-xhwikibooks.graphml"
"0.43","0.27","0.3","0.4060140206673","1,11,1,1,2,1,2,1,1,1,2,2,1,1,1,3,5,4,9,2,11,12,8,1,1,1,1,3,6,5,4,7,10,2,9,9,13,1,11,11,11,11,12,12,12,12,11,12,12,12,11,11,11,11,11,12,12,12,12,11,8,11,11,1,1,11,11,11,11,11,12,11,1,1,11,11,11,11,11,11,11,1,3,3,3,6,11,11,11,11,5,4,7,11,11,11,3,11,11,11,11,11,11,11,11,11,11,10,10,11,11,11,11,9,9,9,9,9,9,9,9,13,13,13,13,13,13,13,13","0.000720024108886719","walktrap","edit-xhwikibooks.graphml"
"0.42","0.28","0.3","0.405669140238239","1,11,1,1,2,1,2,1,1,1,2,2,1,1,1,3,5,4,9,2,11,12,8,1,1,1,1,3,6,5,4,7,10,2,9,9,13,1,11,11,11,11,12,12,12,12,11,12,12,12,11,11,11,11,11,12,12,12,12,11,8,11,11,1,1,11,11,11,11,11,12,11,1,1,11,11,11,11,11,11,11,1,3,3,3,6,11,11,11,11,5,4,7,11,11,11,3,11,11,11,11,11,11,11,11,11,11,10,10,11,11,11,11,9,9,9,9,9,9,9,9,13,13,13,13,13,13,13,13","0.000761985778808594","walktrap","edit-xhwikibooks.graphml"
"0.41","0.29","0.3","0.407819027172802","1,11,1,1,2,1,2,1,1,1,2,2,1,1,1,3,5,4,9,2,11,12,8,1,1,1,1,3,6,5,4,7,10,2,9,9,13,1,11,11,11,11,12,12,12,12,11,12,12,12,11,11,11,11,11,12,12,12,12,11,8,11,11,1,1,11,11,11,11,11,12,11,1,1,11,11,11,11,11,11,11,1,3,3,3,6,11,11,11,11,5,4,7,11,11,11,3,11,11,11,11,11,11,11,11,11,11,10,10,11,11,11,11,9,9,9,9,9,9,9,9,13,13,13,13,13,13,13,13","0.000762224197387695","walktrap","edit-xhwikibooks.graphml"
"0.4","0.3","0.3","0.406400589058376","1,11,1,1,2,1,2,1,1,1,2,2,1,1,1,3,5,4,9,2,11,12,8,1,1,1,1,3,6,5,4,7,10,2,9,9,13,1,11,11,11,11,12,12,12,12,11,12,12,12,11,11,11,11,11,12,12,12,12,11,8,11,11,1,1,11,11,11,11,11,12,11,1,1,11,11,11,11,11,11,11,1,3,3,3,6,11,11,11,11,5,4,7,11,11,11,3,11,11,11,11,11,11,11,11,11,11,10,10,11,11,11,11,9,9,9,9,9,9,9,9,13,13,13,13,13,13,13,13","0.000941038131713867","walktrap","edit-xhwikibooks.graphml"
"0.39","0.31","0.3","0.404226819891884","1,7,1,1,2,1,2,1,1,1,2,2,1,1,1,3,5,6,4,2,7,9,1,1,1,1,1,3,7,5,6,4,8,2,4,4,10,1,7,7,7,7,9,9,9,9,7,9,9,9,7,7,7,7,7,9,9,9,9,7,11,7,7,1,1,7,7,7,7,7,9,7,1,1,7,7,7,7,7,7,7,1,3,3,3,12,7,7,7,7,13,14,15,7,7,7,3,7,7,7,7,7,7,7,7,7,7,8,8,7,7,7,7,4,4,4,4,4,4,4,4,10,10,10,10,10,10,10,10","0.000699996948242188","walktrap","edit-xhwikibooks.graphml"
"0.38","0.32","0.3","0.403881572128401","1,7,1,1,2,1,2,1,1,1,2,2,1,1,1,3,5,6,4,2,7,9,1,1,1,1,1,3,7,5,6,4,8,2,4,4,10,1,7,7,7,7,9,9,9,9,7,9,9,9,7,7,7,7,7,9,9,9,9,7,11,7,7,1,1,7,7,7,7,7,9,7,1,1,7,7,7,7,7,7,7,1,3,3,3,12,7,7,7,7,13,14,15,7,7,7,3,7,7,7,7,7,7,7,7,7,7,8,8,7,7,7,7,4,4,4,4,4,4,4,4,10,10,10,10,10,10,10,10","0.000680208206176758","walktrap","edit-xhwikibooks.graphml"
"0.37","0.33","0.3","0.403881572128401","1,7,1,1,2,1,2,1,1,1,2,2,1,1,1,3,5,6,4,2,7,9,1,1,1,1,1,3,7,5,6,4,8,2,4,4,10,1,7,7,7,7,9,9,9,9,7,9,9,9,7,7,7,7,7,9,9,9,9,7,11,7,7,1,1,7,7,7,7,7,9,7,1,1,7,7,7,7,7,7,7,1,3,3,3,12,7,7,7,7,13,14,15,7,7,7,3,7,7,7,7,7,7,7,7,7,7,8,8,7,7,7,7,4,4,4,4,4,4,4,4,10,10,10,10,10,10,10,10","0.000828981399536133","walktrap","edit-xhwikibooks.graphml"
"0.36","0.34","0.3","0.418813841307452","1,7,1,1,2,1,2,1,1,1,2,2,1,1,1,3,6,5,4,2,7,9,1,1,1,1,1,3,7,6,5,4,8,2,4,4,10,1,7,7,7,7,9,9,9,9,7,9,9,9,7,7,7,7,7,9,9,9,9,7,11,7,7,1,1,7,7,7,7,7,9,7,1,1,7,7,7,7,7,7,7,1,3,3,3,12,7,7,7,7,13,14,15,7,7,7,3,7,7,7,7,7,7,7,7,7,7,8,8,7,7,7,7,4,4,4,4,4,4,4,4,10,10,10,10,10,10,10,10","0.000699996948242188","walktrap","edit-xhwikibooks.graphml"
"0.35","0.35","0.3","0.418813841307452","1,7,1,1,2,1,2,1,1,1,2,2,1,1,1,3,6,5,4,2,7,9,1,1,1,1,1,3,7,6,5,4,8,2,4,4,10,1,7,7,7,7,9,9,9,9,7,9,9,9,7,7,7,7,7,9,9,9,9,7,11,7,7,1,1,7,7,7,7,7,9,7,1,1,7,7,7,7,7,7,7,1,3,3,3,12,7,7,7,7,13,14,15,7,7,7,3,7,7,7,7,7,7,7,7,7,7,8,8,7,7,7,7,4,4,4,4,4,4,4,4,10,10,10,10,10,10,10,10","0.000699043273925781","walktrap","edit-xhwikibooks.graphml"
"0.34","0.36","0.3","0.418465887864844","1,7,1,1,2,1,2,1,1,1,2,2,1,1,1,3,6,5,4,2,7,9,1,1,1,1,1,3,7,6,5,4,8,2,4,4,10,1,7,7,7,7,9,9,9,9,7,9,9,9,7,7,7,7,7,9,9,9,9,7,11,7,7,1,1,7,7,7,7,7,9,7,1,1,7,7,7,7,7,7,7,1,3,3,3,12,7,7,7,7,13,14,15,7,7,7,3,7,7,7,7,7,7,7,7,7,7,8,8,7,7,7,7,4,4,4,4,4,4,4,4,10,10,10,10,10,10,10,10","0.00070500373840332","walktrap","edit-xhwikibooks.graphml"
"0.33","0.37","0.3","0.418465887864844","1,7,1,1,2,1,2,1,1,1,2,2,1,1,1,3,6,5,4,2,7,9,1,1,1,1,1,3,7,6,5,4,8,2,4,4,10,1,7,7,7,7,9,9,9,9,7,9,9,9,7,7,7,7,7,9,9,9,9,7,11,7,7,1,1,7,7,7,7,7,9,7,1,1,7,7,7,7,7,7,7,1,3,3,3,12,7,7,7,7,13,14,15,7,7,7,3,7,7,7,7,7,7,7,7,7,7,8,8,7,7,7,7,4,4,4,4,4,4,4,4,10,10,10,10,10,10,10,10","0.000691890716552734","walktrap","edit-xhwikibooks.graphml"
"0.32","0.38","0.3","0.418118472629588","1,7,1,1,2,1,2,1,1,1,2,2,1,1,1,3,6,5,4,2,7,9,1,1,1,1,1,3,7,6,5,4,8,2,4,4,10,1,7,7,7,7,9,9,9,9,7,9,9,9,7,7,7,7,7,9,9,9,9,7,11,7,7,1,1,7,7,7,7,7,9,7,1,1,7,7,7,7,7,7,7,1,3,3,3,12,7,7,7,7,13,14,15,7,7,7,3,7,7,7,7,7,7,7,7,7,7,8,8,7,7,7,7,4,4,4,4,4,4,4,4,10,10,10,10,10,10,10,10","0.000695943832397461","walktrap","edit-xhwikibooks.graphml"
"0.31","0.39","0.3","0.41918635440556","1,7,1,1,2,1,2,1,1,1,2,2,1,1,1,3,6,5,4,2,7,9,1,1,1,1,1,3,7,6,5,4,8,2,4,4,10,1,7,7,7,7,9,9,9,9,7,9,9,9,7,7,7,7,7,9,9,9,9,7,11,7,7,1,1,7,7,7,7,7,9,7,1,1,7,7,7,7,7,7,7,1,3,3,3,12,7,7,7,7,13,14,15,7,7,7,3,7,7,7,7,7,7,7,7,7,7,8,8,7,7,7,7,4,4,4,4,4,4,4,4,10,10,10,10,10,10,10,10","0.000700950622558594","walktrap","edit-xhwikibooks.graphml"
"0.3","0.4","0.3","0.40755333632914","1,7,1,1,2,1,2,1,1,1,2,2,1,1,1,3,6,5,4,2,7,9,1,1,1,1,1,3,7,6,5,4,8,2,4,4,10,1,7,7,7,7,9,9,9,9,7,9,9,9,7,7,7,7,7,9,9,9,9,7,11,7,7,1,1,7,7,7,7,7,9,7,1,1,7,7,7,7,7,7,7,1,3,3,3,12,7,7,7,7,13,14,15,7,7,7,3,7,7,7,7,7,7,7,7,7,7,8,8,7,7,7,7,4,4,4,4,4,4,4,4,10,10,10,10,10,10,10,10","0.000697135925292969","walktrap","edit-xhwikibooks.graphml"
"0.29","0.41","0.3","0.407896942282851","1,7,1,1,2,1,2,1,1,1,2,2,1,1,1,3,6,5,4,2,7,9,1,1,1,1,1,3,7,6,5,4,8,2,4,4,10,1,7,7,7,7,9,9,9,9,7,9,9,9,7,7,7,7,7,9,9,9,9,7,11,7,7,1,1,7,7,7,7,7,9,7,1,1,7,7,7,7,7,7,7,1,3,3,3,12,7,7,7,7,13,14,15,7,7,7,3,7,7,7,7,7,7,7,7,7,7,8,8,7,7,7,7,4,4,4,4,4,4,4,4,10,10,10,10,10,10,10,10","0.000710010528564453","walktrap","edit-xhwikibooks.graphml"
"0.28","0.42","0.3","0.40755333632914","1,7,1,1,2,1,2,1,1,1,2,2,1,1,1,3,6,5,4,2,7,9,1,1,1,1,1,3,7,6,5,4,8,2,4,4,10,1,7,7,7,7,9,9,9,9,7,9,9,9,7,7,7,7,7,9,9,9,9,7,11,7,7,1,1,7,7,7,7,7,9,7,1,1,7,7,7,7,7,7,7,1,3,3,3,12,7,7,7,7,13,14,15,7,7,7,3,7,7,7,7,7,7,7,7,7,7,8,8,7,7,7,7,4,4,4,4,4,4,4,4,10,10,10,10,10,10,10,10","0.000676870346069336","walktrap","edit-xhwikibooks.graphml"
"0.27","0.43","0.3","0.409671430522506","1,7,1,1,2,1,2,1,1,1,2,2,1,1,1,3,6,5,4,2,7,9,1,1,1,1,1,3,7,6,5,4,8,2,4,4,10,1,7,7,7,7,9,9,9,9,7,9,9,9,7,7,7,7,7,9,9,9,9,7,11,7,7,1,1,7,7,7,7,7,9,7,1,1,7,7,7,7,7,7,7,1,3,3,3,12,7,7,7,7,13,14,15,7,7,7,3,7,7,7,7,7,7,7,7,7,7,8,8,7,7,7,7,4,4,4,4,4,4,4,4,10,10,10,10,10,10,10,10","0.000701904296875","walktrap","edit-xhwikibooks.graphml"
"0.26","0.44","0.3","0.409327977839335","1,7,1,1,2,1,2,1,1,1,2,2,1,1,1,3,6,5,4,2,7,9,1,1,1,1,1,3,7,6,5,4,8,2,4,4,10,1,7,7,7,7,9,9,9,9,7,9,9,9,7,7,7,7,7,9,9,9,9,7,11,7,7,1,1,7,7,7,7,7,9,7,1,1,7,7,7,7,7,7,7,1,3,3,3,12,7,7,7,7,13,14,15,7,7,7,3,7,7,7,7,7,7,7,7,7,7,8,8,7,7,7,7,4,4,4,4,4,4,4,4,10,10,10,10,10,10,10,10","0.000825881958007812","walktrap","edit-xhwikibooks.graphml"
"0.25","0.45","0.3","0.411544581067721","1,7,1,1,2,1,2,1,1,1,2,2,1,1,1,3,6,5,4,2,7,9,1,1,1,1,1,3,7,6,5,4,8,2,4,4,10,1,7,7,7,7,9,9,9,9,7,9,9,9,7,7,7,7,7,9,9,9,9,7,11,7,7,1,1,7,7,7,7,7,9,7,1,1,7,7,7,7,7,7,7,1,3,3,3,12,7,7,7,7,13,14,15,7,7,7,3,7,7,7,7,7,7,7,7,7,7,8,8,7,7,7,7,4,4,4,4,4,4,4,4,10,10,10,10,10,10,10,10","0.00076603889465332","walktrap","edit-xhwikibooks.graphml"
"0.24","0.46","0.3","0.411201056144566","1,7,1,1,2,1,2,1,1,1,2,2,1,1,1,3,6,5,4,2,7,9,1,1,1,1,1,3,7,6,5,4,8,2,4,4,10,1,7,7,7,7,9,9,9,9,7,9,9,9,7,7,7,7,7,9,9,9,9,7,11,7,7,1,1,7,7,7,7,7,9,7,1,1,7,7,7,7,7,7,7,1,3,3,3,12,7,7,7,7,13,14,15,7,7,7,3,7,7,7,7,7,7,7,7,7,7,8,8,7,7,7,7,4,4,4,4,4,4,4,4,10,10,10,10,10,10,10,10","0.000692129135131836","walktrap","edit-xhwikibooks.graphml"
"0.23","0.47","0.3","0.412283159509337","1,7,1,1,2,1,2,1,1,1,2,2,1,1,1,3,6,5,4,2,7,9,1,1,1,1,1,3,7,6,5,4,8,2,4,4,10,1,7,7,7,7,9,9,9,9,7,9,9,9,7,7,7,7,7,9,9,9,9,7,11,7,7,1,1,7,7,7,7,7,9,7,1,1,7,7,7,7,7,7,7,1,3,3,3,12,7,7,7,7,13,14,15,7,7,7,3,7,7,7,7,7,7,7,7,7,7,8,8,7,7,7,7,4,4,4,4,4,4,4,4,10,10,10,10,10,10,10,10","0.000686883926391602","walktrap","edit-xhwikibooks.graphml"
"0.22","0.48","0.3","0.411939913927798","1,7,1,1,2,1,2,1,1,1,2,2,1,1,1,3,6,5,4,2,7,9,1,1,1,1,1,3,7,6,5,4,8,2,4,4,10,1,7,7,7,7,9,9,9,9,7,9,9,9,7,7,7,7,7,9,9,9,9,7,11,7,7,1,1,7,7,7,7,7,9,7,1,1,7,7,7,7,7,7,7,1,3,3,3,12,7,7,7,7,13,14,15,7,7,7,3,7,7,7,7,7,7,7,7,7,7,8,8,7,7,7,7,4,4,4,4,4,4,4,4,10,10,10,10,10,10,10,10","0.000689029693603516","walktrap","edit-xhwikibooks.graphml"
"0.21","0.49","0.3","0.411939913927798","1,7,1,1,2,1,2,1,1,1,2,2,1,1,1,3,6,5,4,2,7,9,1,1,1,1,1,3,7,6,5,4,8,2,4,4,10,1,7,7,7,7,9,9,9,9,7,9,9,9,7,7,7,7,7,9,9,9,9,7,11,7,7,1,1,7,7,7,7,7,9,7,1,1,7,7,7,7,7,7,7,1,3,3,3,12,7,7,7,7,13,14,15,7,7,7,3,7,7,7,7,7,7,7,7,7,7,8,8,7,7,7,7,4,4,4,4,4,4,4,4,10,10,10,10,10,10,10,10","0.000684976577758789","walktrap","edit-xhwikibooks.graphml"
"0.2","0.5","0.3","0.448908238161363","1,4,1,1,1,1,1,2,2,5,1,1,2,2,2,1,5,6,3,1,4,9,2,2,2,2,2,7,4,5,6,3,8,1,3,3,10,2,4,4,4,4,9,9,9,9,4,9,9,9,4,4,4,4,4,9,9,9,9,4,11,4,4,2,2,4,4,4,4,4,9,4,2,2,4,4,4,4,4,4,4,2,7,7,7,12,4,4,4,4,13,14,15,4,4,4,1,4,4,4,4,4,4,4,4,4,4,8,8,4,4,4,4,3,3,3,3,3,3,3,3,10,10,10,10,10,10,10,10","0.000710010528564453","walktrap","edit-xhwikibooks.graphml"
"0.19","0.51","0.3","0.448908238161363","1,4,1,1,1,1,1,2,2,5,1,1,2,2,2,1,5,6,3,1,4,9,2,2,2,2,2,7,4,5,6,3,8,1,3,3,10,2,4,4,4,4,9,9,9,9,4,9,9,9,4,4,4,4,4,9,9,9,9,4,11,4,4,2,2,4,4,4,4,4,9,4,2,2,4,4,4,4,4,4,4,2,7,7,7,12,4,4,4,4,13,14,15,4,4,4,1,4,4,4,4,4,4,4,4,4,4,8,8,4,4,4,4,3,3,3,3,3,3,3,3,10,10,10,10,10,10,10,10","0.000732898712158203","walktrap","edit-xhwikibooks.graphml"
"0.18","0.52","0.3","0.448908238161363","1,4,1,1,1,1,1,2,2,5,1,1,2,2,2,1,5,6,3,1,4,9,2,2,2,2,2,7,4,5,6,3,8,1,3,3,10,2,4,4,4,4,9,9,9,9,4,9,9,9,4,4,4,4,4,9,9,9,9,4,11,4,4,2,2,4,4,4,4,4,9,4,2,2,4,4,4,4,4,4,4,2,7,7,7,12,4,4,4,4,13,14,15,4,4,4,1,4,4,4,4,4,4,4,4,4,4,8,8,4,4,4,4,3,3,3,3,3,3,3,3,10,10,10,10,10,10,10,10","0.000731945037841797","walktrap","edit-xhwikibooks.graphml"
"0.17","0.53","0.3","0.448558874775889","1,4,1,1,1,1,1,2,2,5,1,1,2,2,2,1,5,6,3,1,4,9,2,2,2,2,2,7,4,5,6,3,8,1,3,3,10,2,4,4,4,4,9,9,9,9,4,9,9,9,4,4,4,4,4,9,9,9,9,4,11,4,4,2,2,4,4,4,4,4,9,4,2,2,4,4,4,4,4,4,4,2,7,7,7,12,4,4,4,4,13,14,15,4,4,4,1,4,4,4,4,4,4,4,4,4,4,8,8,4,4,4,4,3,3,3,3,3,3,3,3,10,10,10,10,10,10,10,10","0.000711917877197266","walktrap","edit-xhwikibooks.graphml"
"0.16","0.54","0.3","0.449174504456197","1,4,1,1,1,1,1,2,2,5,1,1,2,2,2,1,5,6,3,1,4,9,2,2,2,2,2,7,4,5,6,3,8,1,3,3,10,2,4,4,4,4,9,9,9,9,4,9,9,9,4,4,4,4,4,9,9,9,9,4,11,4,4,2,2,4,4,4,4,4,9,4,2,2,4,4,4,4,4,4,4,2,7,7,7,12,4,4,4,4,13,14,15,4,4,4,1,4,4,4,4,4,4,4,4,4,4,8,8,4,4,4,4,3,3,3,3,3,3,3,3,10,10,10,10,10,10,10,10","0.000709056854248047","walktrap","edit-xhwikibooks.graphml"
"0.15","0.55","0.3","0.448826008730889","1,4,1,1,1,1,1,2,2,5,1,1,2,2,2,1,5,6,3,1,4,9,2,2,2,2,2,7,4,5,6,3,8,1,3,3,10,2,4,4,4,4,9,9,9,9,4,9,9,9,4,4,4,4,4,9,9,9,9,4,11,4,4,2,2,4,4,4,4,4,9,4,2,2,4,4,4,4,4,4,4,2,7,7,7,12,4,4,4,4,13,14,15,4,4,4,1,4,4,4,4,4,4,4,4,4,4,8,8,4,4,4,4,3,3,3,3,3,3,3,3,10,10,10,10,10,10,10,10","0.000709056854248047","walktrap","edit-xhwikibooks.graphml"
"0.14","0.56","0.3","0.4507385","1,4,1,1,1,1,1,2,2,5,1,1,2,2,2,1,5,6,3,1,4,9,2,2,2,2,2,7,4,5,6,3,8,1,3,3,10,2,4,4,4,4,9,9,9,9,4,9,9,9,4,4,4,4,4,9,9,9,9,4,11,4,4,2,2,4,4,4,4,4,9,4,2,2,4,4,4,4,4,4,4,2,7,7,7,12,4,4,4,4,13,14,15,4,4,4,1,4,4,4,4,4,4,4,4,4,4,8,8,4,4,4,4,3,3,3,3,3,3,3,3,10,10,10,10,10,10,10,10","0.000713109970092773","walktrap","edit-xhwikibooks.graphml"
"0.13","0.57","0.3","0.451394117951721","1,4,1,1,1,1,1,2,2,5,1,1,2,2,2,1,5,6,3,1,4,9,2,2,2,2,2,7,4,5,6,3,8,1,3,3,10,2,4,4,4,4,9,9,9,9,4,9,9,9,4,4,4,4,4,9,9,9,9,4,11,4,4,2,2,4,4,4,4,4,9,4,2,2,4,4,4,4,4,4,4,2,7,7,7,12,4,4,4,4,13,14,15,4,4,4,1,4,4,4,4,4,4,4,4,4,4,8,8,4,4,4,4,3,3,3,3,3,3,3,3,10,10,10,10,10,10,10,10","0.000721931457519531","walktrap","edit-xhwikibooks.graphml"
"0.12","0.58","0.3","0.453206595927049","1,4,1,1,1,1,1,2,2,5,1,1,2,2,2,1,5,6,3,1,4,9,2,2,2,2,2,7,4,5,6,3,8,1,3,3,10,2,4,4,4,4,9,9,9,9,4,9,9,9,4,4,4,4,4,9,9,9,9,4,11,4,4,2,2,4,4,4,4,4,9,4,2,2,4,4,4,4,4,4,4,2,7,7,7,12,4,4,4,4,13,14,15,4,4,4,1,4,4,4,4,4,4,4,4,4,4,8,8,4,4,4,4,3,3,3,3,3,3,3,3,10,10,10,10,10,10,10,10","0.00101709365844727","walktrap","edit-xhwikibooks.graphml"
"0.11","0.59","0.3","0.452858592609094","1,4,1,1,1,1,1,2,2,5,1,1,2,2,2,1,5,6,3,1,4,9,2,2,2,2,2,7,4,5,6,3,8,1,3,3,10,2,4,4,4,4,9,9,9,9,4,9,9,9,4,4,4,4,4,9,9,9,9,4,11,4,4,2,2,4,4,4,4,4,9,4,2,2,4,4,4,4,4,4,4,2,7,7,7,12,4,4,4,4,13,14,15,4,4,4,1,4,4,4,4,4,4,4,4,4,4,8,8,4,4,4,4,3,3,3,3,3,3,3,3,10,10,10,10,10,10,10,10","0.00092005729675293","walktrap","edit-xhwikibooks.graphml"
"0.1","0.6","0.3","0.44813729050743","1,4,1,1,2,1,2,1,1,1,2,2,1,1,1,1,9,2,3,5,4,7,1,1,1,1,1,6,4,10,11,3,5,5,3,3,8,1,4,4,4,4,7,7,7,7,4,7,7,7,4,4,4,4,4,7,7,7,7,4,12,4,4,13,14,4,4,4,4,4,7,4,1,1,4,4,4,4,4,4,4,15,6,6,6,16,4,4,4,4,17,18,19,4,4,4,20,4,4,4,4,4,4,4,4,4,4,21,22,4,4,4,4,3,3,3,3,3,3,3,3,8,8,8,8,8,8,8,8","0.000758886337280273","walktrap","edit-xhwikibooks.graphml"
"0.09","0.61","0.3","0.430254444457197","1,4,1,1,2,1,2,1,1,1,2,2,1,1,1,1,9,2,3,5,4,8,1,1,1,1,1,6,4,10,11,3,5,5,3,3,7,1,4,4,4,4,8,8,8,8,4,8,8,8,4,4,4,4,4,8,8,8,8,4,12,4,4,13,14,4,4,4,4,4,8,4,1,1,4,4,4,4,4,4,4,15,6,6,6,16,4,4,4,4,17,18,19,4,4,4,20,4,4,4,4,4,4,4,4,4,4,21,22,4,4,4,4,3,3,3,3,3,3,3,3,7,7,7,7,7,7,7,7","0.000667810440063477","walktrap","edit-xhwikibooks.graphml"
"0.08","0.62","0.3","0.431298937942524","1,4,1,1,2,1,2,1,1,1,2,2,1,1,1,1,9,2,3,5,4,8,1,1,1,1,1,6,4,10,11,3,5,5,3,3,7,1,4,4,4,4,8,8,8,8,4,8,8,8,4,4,4,4,4,8,8,8,8,4,12,4,4,13,14,4,4,4,4,4,8,4,1,1,4,4,4,4,4,4,4,15,6,6,6,16,4,4,4,4,17,18,19,4,4,4,20,4,4,4,4,4,4,4,4,4,4,21,22,4,4,4,4,3,3,3,3,3,3,3,3,7,7,7,7,7,7,7,7","0.000681161880493164","walktrap","edit-xhwikibooks.graphml"
"0.07","0.63","0.3","0.430954184552366","1,4,1,1,2,1,2,1,1,1,2,2,1,1,1,1,9,2,3,5,4,8,1,1,1,1,1,6,4,10,11,3,5,5,3,3,7,1,4,4,4,4,8,8,8,8,4,8,8,8,4,4,4,4,4,8,8,8,8,4,12,4,4,13,14,4,4,4,4,4,8,4,1,1,4,4,4,4,4,4,4,15,6,6,6,16,4,4,4,4,17,18,19,4,4,4,20,4,4,4,4,4,4,4,4,4,4,21,22,4,4,4,4,3,3,3,3,3,3,3,3,7,7,7,7,7,7,7,7","0.000650167465209961","walktrap","edit-xhwikibooks.graphml"
"0.06","0.64","0.3","0.430954184552366","1,4,1,1,2,1,2,1,1,1,2,2,1,1,1,1,9,2,3,5,4,8,1,1,1,1,1,6,4,10,11,3,5,5,3,3,7,1,4,4,4,4,8,8,8,8,4,8,8,8,4,4,4,4,4,8,8,8,8,4,12,4,4,13,14,4,4,4,4,4,8,4,1,1,4,4,4,4,4,4,4,15,6,6,6,16,4,4,4,4,17,18,19,4,4,4,20,4,4,4,4,4,4,4,4,4,4,21,22,4,4,4,4,3,3,3,3,3,3,3,3,7,7,7,7,7,7,7,7","0.000658988952636719","walktrap","edit-xhwikibooks.graphml"
"0.05","0.65","0.3","0.430609940227558","1,4,1,1,2,1,2,1,1,1,2,2,1,1,1,1,9,2,3,5,4,8,1,1,1,1,1,6,4,10,11,3,5,5,3,3,7,1,4,4,4,4,8,8,8,8,4,8,8,8,4,4,4,4,4,8,8,8,8,4,12,4,4,13,14,4,4,4,4,4,8,4,1,1,4,4,4,4,4,4,4,15,6,6,6,16,4,4,4,4,17,18,19,4,4,4,20,4,4,4,4,4,4,4,4,4,4,21,22,4,4,4,4,3,3,3,3,3,3,3,3,7,7,7,7,7,7,7,7","0.000669956207275391","walktrap","edit-xhwikibooks.graphml"
"0.04","0.66","0.3","0.430609940227558","1,4,1,1,2,1,2,1,1,1,2,2,1,1,1,1,9,2,3,5,4,8,1,1,1,1,1,6,4,10,11,3,5,5,3,3,7,1,4,4,4,4,8,8,8,8,4,8,8,8,4,4,4,4,4,8,8,8,8,4,12,4,4,13,14,4,4,4,4,4,8,4,1,1,4,4,4,4,4,4,4,15,6,6,6,16,4,4,4,4,17,18,19,4,4,4,20,4,4,4,4,4,4,4,4,4,4,21,22,4,4,4,4,3,3,3,3,3,3,3,3,7,7,7,7,7,7,7,7","0.000671148300170898","walktrap","edit-xhwikibooks.graphml"
"0.03","0.67","0.3","0.444814382968363","5,4,5,5,5,1,5,1,1,1,6,3,1,1,1,1,10,6,2,3,4,9,1,1,1,1,1,7,4,11,12,2,3,3,2,2,8,1,4,4,4,4,9,9,9,9,4,9,9,9,4,4,4,4,4,9,9,9,9,4,13,4,4,14,15,4,4,4,4,4,9,4,1,1,4,4,4,4,4,4,4,16,7,7,7,17,4,4,4,4,18,19,20,4,4,4,21,4,4,4,4,4,4,4,4,4,4,22,23,4,4,4,4,2,2,2,2,2,2,2,2,8,8,8,8,8,8,8,8","0.000694990158081055","walktrap","edit-xhwikibooks.graphml"
"0.02","0.68","0.3","0.444814382968363","5,4,5,5,5,1,5,1,1,1,6,3,1,1,1,1,10,6,2,3,4,9,1,1,1,1,1,7,4,11,12,2,3,3,2,2,8,1,4,4,4,4,9,9,9,9,4,9,9,9,4,4,4,4,4,9,9,9,9,4,13,4,4,14,15,4,4,4,4,4,9,4,1,1,4,4,4,4,4,4,4,16,7,7,7,17,4,4,4,4,18,19,20,4,4,4,21,4,4,4,4,4,4,4,4,4,4,22,23,4,4,4,4,2,2,2,2,2,2,2,2,8,8,8,8,8,8,8,8","0.00067901611328125","walktrap","edit-xhwikibooks.graphml"
"0.01","0.69","0.3","0.444466588487597","5,4,5,5,5,1,5,1,1,1,6,3,1,1,1,1,10,6,2,3,4,9,1,1,1,1,1,7,4,11,12,2,3,3,2,2,8,1,4,4,4,4,9,9,9,9,4,9,9,9,4,4,4,4,4,9,9,9,9,4,13,4,4,14,15,4,4,4,4,4,9,4,1,1,4,4,4,4,4,4,4,16,7,7,7,17,4,4,4,4,18,19,20,4,4,4,21,4,4,4,4,4,4,4,4,4,4,22,23,4,4,4,4,2,2,2,2,2,2,2,2,8,8,8,8,8,8,8,8","0.000695943832397461","walktrap","edit-xhwikibooks.graphml"
"0","0.7","0.3","0.444535569880913","6,9,6,6,6,2,5,3,3,2,4,5,3,3,3,2,12,4,7,1,9,11,13,3,3,3,3,8,6,14,15,16,1,1,7,7,10,3,9,9,9,9,11,11,11,11,9,11,11,11,9,9,9,9,9,11,11,11,11,9,17,9,9,18,19,9,9,9,9,9,11,9,3,3,9,9,9,9,9,9,9,20,8,8,8,21,9,9,9,9,22,23,24,9,9,9,25,9,9,9,9,9,9,9,9,9,9,26,27,9,9,9,9,7,7,7,7,7,7,7,7,10,10,10,10,10,10,10,10","0.000708103179931641","walktrap","edit-xhwikibooks.graphml"
"0.69","0","0.31","0.390965554031398","1,2,1,1,1,1,1,1,1,1,1,3,1,1,1,1,5,4,6,3,2,10,8,1,1,1,1,9,2,5,4,7,3,3,6,6,11,1,2,2,2,2,10,10,10,10,2,10,10,10,2,2,2,2,2,10,10,10,10,2,8,2,2,1,1,2,2,2,2,2,10,2,1,1,2,2,2,2,2,2,2,1,9,9,9,2,2,2,2,2,5,4,7,2,2,2,1,2,2,2,2,2,2,2,2,2,2,3,3,2,2,2,2,6,6,6,6,6,6,6,6,11,11,11,11,11,11,11,11","0.000755071640014648","walktrap","edit-xhwikibooks.graphml"
"0.68","0.01","0.31","0.390965554031398","1,2,1,1,1,1,1,1,1,1,1,3,1,1,1,1,5,4,6,3,2,10,8,1,1,1,1,9,2,5,4,7,3,3,6,6,11,1,2,2,2,2,10,10,10,10,2,10,10,10,2,2,2,2,2,10,10,10,10,2,8,2,2,1,1,2,2,2,2,2,10,2,1,1,2,2,2,2,2,2,2,1,9,9,9,2,2,2,2,2,5,4,7,2,2,2,1,2,2,2,2,2,2,2,2,2,2,3,3,2,2,2,2,6,6,6,6,6,6,6,6,11,11,11,11,11,11,11,11","0.000715970993041992","walktrap","edit-xhwikibooks.graphml"
"0.67","0.02","0.31","0.390965554031398","1,2,1,1,1,1,1,1,1,1,1,3,1,1,1,1,5,4,6,3,2,10,8,1,1,1,1,9,2,5,4,7,3,3,6,6,11,1,2,2,2,2,10,10,10,10,2,10,10,10,2,2,2,2,2,10,10,10,10,2,8,2,2,1,1,2,2,2,2,2,10,2,1,1,2,2,2,2,2,2,2,1,9,9,9,2,2,2,2,2,5,4,7,2,2,2,1,2,2,2,2,2,2,2,2,2,2,3,3,2,2,2,2,6,6,6,6,6,6,6,6,11,11,11,11,11,11,11,11","0.000692844390869141","walktrap","edit-xhwikibooks.graphml"
"0.66","0.03","0.31","0.390642940059933","1,2,1,1,1,1,1,1,1,1,1,3,1,1,1,1,5,4,6,3,2,10,8,1,1,1,1,9,2,5,4,7,3,3,6,6,11,1,2,2,2,2,10,10,10,10,2,10,10,10,2,2,2,2,2,10,10,10,10,2,8,2,2,1,1,2,2,2,2,2,10,2,1,1,2,2,2,2,2,2,2,1,9,9,9,2,2,2,2,2,5,4,7,2,2,2,1,2,2,2,2,2,2,2,2,2,2,3,3,2,2,2,2,6,6,6,6,6,6,6,6,11,11,11,11,11,11,11,11","0.000689029693603516","walktrap","edit-xhwikibooks.graphml"
"0.65","0.04","0.31","0.390642940059933","1,2,1,1,1,1,1,1,1,1,1,3,1,1,1,1,5,4,6,3,2,10,8,1,1,1,1,9,2,5,4,7,3,3,6,6,11,1,2,2,2,2,10,10,10,10,2,10,10,10,2,2,2,2,2,10,10,10,10,2,8,2,2,1,1,2,2,2,2,2,10,2,1,1,2,2,2,2,2,2,2,1,9,9,9,2,2,2,2,2,5,4,7,2,2,2,1,2,2,2,2,2,2,2,2,2,2,3,3,2,2,2,2,6,6,6,6,6,6,6,6,11,11,11,11,11,11,11,11","0.000695943832397461","walktrap","edit-xhwikibooks.graphml"
"0.64","0.05","0.31","0.390320826077607","1,2,1,1,1,1,1,1,1,1,1,3,1,1,1,1,5,4,6,3,2,10,8,1,1,1,1,9,2,5,4,7,3,3,6,6,11,1,2,2,2,2,10,10,10,10,2,10,10,10,2,2,2,2,2,10,10,10,10,2,8,2,2,1,1,2,2,2,2,2,10,2,1,1,2,2,2,2,2,2,2,1,9,9,9,2,2,2,2,2,5,4,7,2,2,2,1,2,2,2,2,2,2,2,2,2,2,3,3,2,2,2,2,6,6,6,6,6,6,6,6,11,11,11,11,11,11,11,11","0.000719070434570312","walktrap","edit-xhwikibooks.graphml"
"0.63","0.06","0.31","0.390320826077607","1,2,1,1,1,1,1,1,1,1,1,3,1,1,1,1,5,4,6,3,2,10,8,1,1,1,1,9,2,5,4,7,3,3,6,6,11,1,2,2,2,2,10,10,10,10,2,10,10,10,2,2,2,2,2,10,10,10,10,2,8,2,2,1,1,2,2,2,2,2,10,2,1,1,2,2,2,2,2,2,2,1,9,9,9,2,2,2,2,2,5,4,7,2,2,2,1,2,2,2,2,2,2,2,2,2,2,3,3,2,2,2,2,6,6,6,6,6,6,6,6,11,11,11,11,11,11,11,11","0.000696897506713867","walktrap","edit-xhwikibooks.graphml"
"0.62","0.07","0.31","0.389999211045365","1,2,1,1,1,1,1,1,1,1,1,3,1,1,1,1,5,4,6,3,2,10,8,1,1,1,1,9,2,5,4,7,3,3,6,6,11,1,2,2,2,2,10,10,10,10,2,10,10,10,2,2,2,2,2,10,10,10,10,2,8,2,2,1,1,2,2,2,2,2,10,2,1,1,2,2,2,2,2,2,2,1,9,9,9,2,2,2,2,2,5,4,7,2,2,2,1,2,2,2,2,2,2,2,2,2,2,3,3,2,2,2,2,6,6,6,6,6,6,6,6,11,11,11,11,11,11,11,11","0.000673055648803711","walktrap","edit-xhwikibooks.graphml"
"0.61","0.08","0.31","0.391110000671862","1,2,1,1,1,1,1,1,1,1,1,3,1,1,1,1,5,4,6,3,2,11,8,1,1,1,1,9,2,5,4,7,3,3,6,6,10,1,2,2,2,2,11,11,11,11,2,11,11,11,2,2,2,2,2,11,11,11,11,2,8,2,2,1,1,2,2,2,2,2,11,2,1,1,2,2,2,2,2,2,2,1,9,9,9,2,2,2,2,2,5,4,7,2,2,2,1,2,2,2,2,2,2,2,2,2,2,3,3,2,2,2,2,6,6,6,6,6,6,6,6,10,10,10,10,10,10,10,10","0.000684976577758789","walktrap","edit-xhwikibooks.graphml"
"0.6","0.09","0.31","0.390788545973983","1,2,1,1,1,1,1,1,1,1,1,3,1,1,1,1,5,4,6,3,2,11,8,1,1,1,1,9,2,5,4,7,3,3,6,6,10,1,2,2,2,2,11,11,11,11,2,11,11,11,2,2,2,2,2,11,11,11,11,2,8,2,2,1,1,2,2,2,2,2,11,2,1,1,2,2,2,2,2,2,2,1,9,9,9,2,2,2,2,2,5,4,7,2,2,2,1,2,2,2,2,2,2,2,2,2,2,3,3,2,2,2,2,6,6,6,6,6,6,6,6,10,10,10,10,10,10,10,10","0.000694990158081055","walktrap","edit-xhwikibooks.graphml"
"0.59","0.1","0.31","0.390788545973983","1,2,1,1,1,1,1,1,1,1,1,3,1,1,1,1,5,4,6,3,2,11,8,1,1,1,1,9,2,5,4,7,3,3,6,6,10,1,2,2,2,2,11,11,11,11,2,11,11,11,2,2,2,2,2,11,11,11,11,2,8,2,2,1,1,2,2,2,2,2,11,2,1,1,2,2,2,2,2,2,2,1,9,9,9,2,2,2,2,2,5,4,7,2,2,2,1,2,2,2,2,2,2,2,2,2,2,3,3,2,2,2,2,6,6,6,6,6,6,6,6,10,10,10,10,10,10,10,10","0.000698089599609375","walktrap","edit-xhwikibooks.graphml"
"0.58","0.11","0.31","0.387267324128863","1,2,1,1,1,1,1,1,1,1,1,3,1,1,1,1,5,4,6,3,2,11,8,1,1,1,1,9,2,5,4,7,3,3,6,6,10,1,2,2,2,2,11,11,11,11,2,11,11,11,2,2,2,2,2,11,11,11,11,2,8,2,2,1,1,2,2,2,2,2,11,2,1,1,2,2,2,2,2,2,2,1,9,9,9,2,2,2,2,2,5,4,7,2,2,2,1,2,2,2,2,2,2,2,2,2,2,3,3,2,2,2,2,6,6,6,6,6,6,6,6,10,10,10,10,10,10,10,10","0.000744104385375977","walktrap","edit-xhwikibooks.graphml"
"0.57","0.12","0.31","0.38784468570363","1,13,1,1,1,1,1,3,3,1,1,2,3,3,3,1,5,4,7,2,13,11,9,3,3,3,3,10,6,5,4,8,2,2,7,7,12,3,13,13,13,13,11,11,11,11,13,11,11,11,13,13,13,13,13,11,11,11,11,13,9,13,13,3,3,13,13,13,13,13,11,13,3,3,13,13,13,13,13,13,13,3,10,10,10,6,13,13,13,13,5,4,8,13,13,13,1,13,13,13,13,13,13,13,13,13,13,2,2,13,13,13,13,7,7,7,7,7,7,7,7,12,12,12,12,12,12,12,12","0.000707864761352539","walktrap","edit-xhwikibooks.graphml"
"0.56","0.13","0.31","0.387524516876393","1,13,1,1,1,1,1,3,3,1,1,2,3,3,3,1,5,4,7,2,13,11,9,3,3,3,3,10,6,5,4,8,2,2,7,7,12,3,13,13,13,13,11,11,11,11,13,11,11,11,13,13,13,13,13,11,11,11,11,13,9,13,13,3,3,13,13,13,13,13,11,13,3,3,13,13,13,13,13,13,13,3,10,10,10,6,13,13,13,13,5,4,8,13,13,13,1,13,13,13,13,13,13,13,13,13,13,2,2,13,13,13,13,7,7,7,7,7,7,7,7,12,12,12,12,12,12,12,12","0.00069117546081543","walktrap","edit-xhwikibooks.graphml"
"0.55","0.14","0.31","0.387204846203366","1,13,1,1,1,1,1,3,3,1,1,2,3,3,3,1,5,4,7,2,13,11,9,3,3,3,3,10,6,5,4,8,2,2,7,7,12,3,13,13,13,13,11,11,11,11,13,11,11,11,13,13,13,13,13,11,11,11,11,13,9,13,13,3,3,13,13,13,13,13,11,13,3,3,13,13,13,13,13,13,13,3,10,10,10,6,13,13,13,13,5,4,8,13,13,13,1,13,13,13,13,13,13,13,13,13,13,2,2,13,13,13,13,7,7,7,7,7,7,7,7,12,12,12,12,12,12,12,12","0.00074315071105957","walktrap","edit-xhwikibooks.graphml"
"0.54","0.15","0.31","0.389049738469643","1,12,1,1,1,1,1,3,3,1,1,2,3,3,3,1,5,4,7,2,12,11,9,3,3,3,3,10,6,5,4,8,2,2,7,7,13,3,12,12,12,12,11,11,11,11,12,11,11,11,12,12,12,12,12,11,11,11,11,12,9,12,12,3,3,12,12,12,12,12,11,12,3,3,12,12,12,12,12,12,12,3,10,10,10,6,12,12,12,12,5,4,8,12,12,12,1,12,12,12,12,12,12,12,12,12,12,2,2,12,12,12,12,7,7,7,7,7,7,7,7,13,13,13,13,13,13,13,13","0.000701904296875","walktrap","edit-xhwikibooks.graphml"
"0.53","0.16","0.31","0.390146219195293","1,12,1,1,1,1,1,3,3,1,1,2,3,3,3,1,5,4,7,2,12,11,9,3,3,3,3,10,6,5,4,8,2,2,7,7,13,3,12,12,12,12,11,11,11,11,12,11,11,11,12,12,12,12,12,11,11,11,11,12,9,12,12,3,3,12,12,12,12,12,11,12,3,3,12,12,12,12,12,12,12,3,10,10,10,6,12,12,12,12,5,4,8,12,12,12,1,12,12,12,12,12,12,12,12,12,12,2,2,12,12,12,12,7,7,7,7,7,7,7,7,13,13,13,13,13,13,13,13","0.000686883926391602","walktrap","edit-xhwikibooks.graphml"
"0.52","0.17","0.31","0.390877373805045","1,12,1,1,1,1,1,3,3,1,1,2,3,3,3,1,5,4,7,2,12,11,9,3,3,3,3,10,6,5,4,8,2,2,7,7,13,3,12,12,12,12,11,11,11,11,12,11,11,11,12,12,12,12,12,11,11,11,11,12,9,12,12,3,3,12,12,12,12,12,11,12,3,3,12,12,12,12,12,12,12,3,10,10,10,6,12,12,12,12,5,4,8,12,12,12,1,12,12,12,12,12,12,12,12,12,12,2,2,12,12,12,12,7,7,7,7,7,7,7,7,13,13,13,13,13,13,13,13","0.000701189041137695","walktrap","edit-xhwikibooks.graphml"
"0.51","0.18","0.31","0.38843635600362","4,13,4,3,4,3,4,2,2,3,4,1,2,2,2,3,6,5,8,1,13,12,10,2,2,2,2,11,7,6,5,9,1,1,8,8,14,2,13,13,13,13,12,12,12,12,13,12,12,12,13,13,13,13,13,12,12,12,12,13,10,13,13,2,2,13,13,13,13,13,12,13,2,2,13,13,13,13,13,13,13,2,11,11,11,7,13,13,13,13,6,5,9,13,13,13,3,13,13,13,13,13,13,13,13,13,13,1,1,13,13,13,13,8,8,8,8,8,8,8,8,14,14,14,14,14,14,14,14","0.000702857971191406","walktrap","edit-xhwikibooks.graphml"
"0.5","0.19","0.31","0.388116442191628","4,13,4,3,4,3,4,2,2,3,4,1,2,2,2,3,6,5,8,1,13,12,10,2,2,2,2,11,7,6,5,9,1,1,8,8,14,2,13,13,13,13,12,12,12,12,13,12,12,12,13,13,13,13,13,12,12,12,12,13,10,13,13,2,2,13,13,13,13,13,12,13,2,2,13,13,13,13,13,13,13,2,11,11,11,7,13,13,13,13,6,5,9,13,13,13,3,13,13,13,13,13,13,13,13,13,13,1,1,13,13,13,13,8,8,8,8,8,8,8,8,14,14,14,14,14,14,14,14","0.000707149505615234","walktrap","edit-xhwikibooks.graphml"
"0.49","0.2","0.31","0.390401918500892","4,13,4,3,4,3,4,2,2,3,4,1,2,2,2,3,6,5,8,1,13,12,10,2,2,2,2,11,7,6,5,9,1,1,8,8,14,2,13,13,13,13,12,12,12,12,13,12,12,12,13,13,13,13,13,12,12,12,12,13,10,13,13,2,2,13,13,13,13,13,12,13,2,2,13,13,13,13,13,13,13,2,11,11,11,7,13,13,13,13,6,5,9,13,13,13,3,13,13,13,13,13,13,13,13,13,13,1,1,13,13,13,13,8,8,8,8,8,8,8,8,14,14,14,14,14,14,14,14","0.000690937042236328","walktrap","edit-xhwikibooks.graphml"
"0.48","0.21","0.31","0.390081682084053","4,13,4,3,4,3,4,2,2,3,4,1,2,2,2,3,6,5,8,1,13,12,10,2,2,2,2,11,7,6,5,9,1,1,8,8,14,2,13,13,13,13,12,12,12,12,13,12,12,12,13,13,13,13,13,12,12,12,12,13,10,13,13,2,2,13,13,13,13,13,12,13,2,2,13,13,13,13,13,13,13,2,11,11,11,7,13,13,13,13,6,5,9,13,13,13,3,13,13,13,13,13,13,13,13,13,13,1,1,13,13,13,13,8,8,8,8,8,8,8,8,14,14,14,14,14,14,14,14","0.000679969787597656","walktrap","edit-xhwikibooks.graphml"
"0.47","0.22","0.31","0.390081682084053","4,13,4,3,4,3,4,2,2,3,4,1,2,2,2,3,6,5,8,1,13,12,10,2,2,2,2,11,7,6,5,9,1,1,8,8,14,2,13,13,13,13,12,12,12,12,13,12,12,12,13,13,13,13,13,12,12,12,12,13,10,13,13,2,2,13,13,13,13,13,12,13,2,2,13,13,13,13,13,13,13,2,11,11,11,7,13,13,13,13,6,5,9,13,13,13,3,13,13,13,13,13,13,13,13,13,13,1,1,13,13,13,13,8,8,8,8,8,8,8,8,14,14,14,14,14,14,14,14","0.000724077224731445","walktrap","edit-xhwikibooks.graphml"
"0.46","0.23","0.31","0.393115984627669","4,13,4,3,4,3,4,2,2,3,4,1,2,2,2,3,6,5,8,1,13,12,10,2,2,2,2,11,7,6,5,9,1,1,8,8,14,2,13,13,13,13,12,12,12,12,13,12,12,12,13,13,13,13,13,12,12,12,12,13,10,13,13,2,2,13,13,13,13,13,12,13,2,2,13,13,13,13,13,13,13,2,11,11,11,7,13,13,13,13,6,5,9,13,13,13,3,13,13,13,13,13,13,13,13,13,13,1,1,13,13,13,13,8,8,8,8,8,8,8,8,14,14,14,14,14,14,14,14","0.000703096389770508","walktrap","edit-xhwikibooks.graphml"
"0.45","0.24","0.31","0.394196510560147","4,12,4,3,4,3,4,2,2,3,4,1,2,2,2,3,6,5,8,1,12,13,10,2,2,2,2,11,7,6,5,9,1,1,8,8,14,2,12,12,12,12,13,13,13,13,12,13,13,13,12,12,12,12,12,13,13,13,13,12,10,12,12,2,2,12,12,12,12,12,13,12,2,2,12,12,12,12,12,12,12,2,11,11,11,7,12,12,12,12,6,5,9,12,12,12,3,12,12,12,12,12,12,12,12,12,12,1,1,12,12,12,12,8,8,8,8,8,8,8,8,14,14,14,14,14,14,14,14","0.000720977783203125","walktrap","edit-xhwikibooks.graphml"
"0.44","0.25","0.31","0.397095046131633","1,11,1,1,2,1,2,1,1,1,2,2,1,1,1,3,5,4,9,2,11,12,8,1,1,1,1,3,6,5,4,7,10,2,9,9,13,1,11,11,11,11,12,12,12,12,11,12,12,12,11,11,11,11,11,12,12,12,12,11,8,11,11,1,1,11,11,11,11,11,12,11,1,1,11,11,11,11,11,11,11,1,3,3,3,6,11,11,11,11,5,4,7,11,11,11,3,11,11,11,11,11,11,11,11,11,11,10,10,11,11,11,11,9,9,9,9,9,9,9,9,13,13,13,13,13,13,13,13","0.000688076019287109","walktrap","edit-xhwikibooks.graphml"
"0.43","0.26","0.31","0.397095046131633","1,11,1,1,2,1,2,1,1,1,2,2,1,1,1,3,5,4,9,2,11,12,8,1,1,1,1,3,6,5,4,7,10,2,9,9,13,1,11,11,11,11,12,12,12,12,11,12,12,12,11,11,11,11,11,12,12,12,12,11,8,11,11,1,1,11,11,11,11,11,12,11,1,1,11,11,11,11,11,11,11,1,3,3,3,6,11,11,11,11,5,4,7,11,11,11,3,11,11,11,11,11,11,11,11,11,11,10,10,11,11,11,11,9,9,9,9,9,9,9,9,13,13,13,13,13,13,13,13","0.000684022903442383","walktrap","edit-xhwikibooks.graphml"
"0.42","0.27","0.31","0.397095046131633","1,11,1,1,2,1,2,1,1,1,2,2,1,1,1,3,5,4,9,2,11,12,8,1,1,1,1,3,6,5,4,7,10,2,9,9,13,1,11,11,11,11,12,12,12,12,11,12,12,12,11,11,11,11,11,12,12,12,12,11,8,11,11,1,1,11,11,11,11,11,12,11,1,1,11,11,11,11,11,11,11,1,3,3,3,6,11,11,11,11,5,4,7,11,11,11,3,11,11,11,11,11,11,11,11,11,11,10,10,11,11,11,11,9,9,9,9,9,9,9,9,13,13,13,13,13,13,13,13","0.000707149505615234","walktrap","edit-xhwikibooks.graphml"
"0.41","0.28","0.31","0.396773482212539","1,11,1,1,2,1,2,1,1,1,2,2,1,1,1,3,5,4,9,2,11,12,8,1,1,1,1,3,6,5,4,7,10,2,9,9,13,1,11,11,11,11,12,12,12,12,11,12,12,12,11,11,11,11,11,12,12,12,12,11,8,11,11,1,1,11,11,11,11,11,12,11,1,1,11,11,11,11,11,11,11,1,3,3,3,6,11,11,11,11,5,4,7,11,11,11,3,11,11,11,11,11,11,11,11,11,11,10,10,11,11,11,11,9,9,9,9,9,9,9,9,13,13,13,13,13,13,13,13","0.000766992568969727","walktrap","edit-xhwikibooks.graphml"
"0.4","0.29","0.31","0.398848321316227","1,11,1,1,2,1,2,1,1,1,2,2,1,1,1,3,5,4,9,2,11,12,8,1,1,1,1,3,6,5,4,7,10,2,9,9,13,1,11,11,11,11,12,12,12,12,11,12,12,12,11,11,11,11,11,12,12,12,12,11,8,11,11,1,1,11,11,11,11,11,12,11,1,1,11,11,11,11,11,11,11,1,3,3,3,6,11,11,11,11,5,4,7,11,11,11,3,11,11,11,11,11,11,11,11,11,11,10,10,11,11,11,11,9,9,9,9,9,9,9,9,13,13,13,13,13,13,13,13","0.000673055648803711","walktrap","edit-xhwikibooks.graphml"
"0.39","0.3","0.31","0.398526804878665","1,11,1,1,2,1,2,1,1,1,2,2,1,1,1,3,5,4,9,2,11,12,8,1,1,1,1,3,6,5,4,7,10,2,9,9,13,1,11,11,11,11,12,12,12,12,11,12,12,12,11,11,11,11,11,12,12,12,12,11,8,11,11,1,1,11,11,11,11,11,12,11,1,1,11,11,11,11,11,11,11,1,3,3,3,6,11,11,11,11,5,4,7,11,11,11,3,11,11,11,11,11,11,11,11,11,11,10,10,11,11,11,11,9,9,9,9,9,9,9,9,13,13,13,13,13,13,13,13","0.000687837600708008","walktrap","edit-xhwikibooks.graphml"
"0.38","0.31","0.31","0.39959385735714","1,11,1,1,2,1,2,1,1,1,2,2,1,1,1,3,5,4,9,2,11,12,8,1,1,1,1,3,6,5,4,7,10,2,9,9,13,1,11,11,11,11,12,12,12,12,11,12,12,12,11,11,11,11,11,12,12,12,12,11,8,11,11,1,1,11,11,11,11,11,12,11,1,1,11,11,11,11,11,11,11,1,3,3,3,6,11,11,11,11,5,4,7,11,11,11,3,11,11,11,11,11,11,11,11,11,11,10,10,11,11,11,11,9,9,9,9,9,9,9,9,13,13,13,13,13,13,13,13","0.000687122344970703","walktrap","edit-xhwikibooks.graphml"
"0.37","0.32","0.31","0.395751190979448","1,7,1,1,2,1,2,1,1,1,2,2,1,1,1,3,5,6,4,2,7,9,1,1,1,1,1,3,7,5,6,4,8,2,4,4,10,1,7,7,7,7,9,9,9,9,7,9,9,9,7,7,7,7,7,9,9,9,9,7,11,7,7,1,1,7,7,7,7,7,9,7,1,1,7,7,7,7,7,7,7,1,3,3,3,12,7,7,7,7,13,14,15,7,7,7,3,7,7,7,7,7,7,7,7,7,7,8,8,7,7,7,7,4,4,4,4,4,4,4,4,10,10,10,10,10,10,10,10","0.000690937042236328","walktrap","edit-xhwikibooks.graphml"
"0.36","0.33","0.31","0.395751190979448","1,7,1,1,2,1,2,1,1,1,2,2,1,1,1,3,5,6,4,2,7,9,1,1,1,1,1,3,7,5,6,4,8,2,4,4,10,1,7,7,7,7,9,9,9,9,7,9,9,9,7,7,7,7,7,9,9,9,9,7,11,7,7,1,1,7,7,7,7,7,9,7,1,1,7,7,7,7,7,7,7,1,3,3,3,12,7,7,7,7,13,14,15,7,7,7,3,7,7,7,7,7,7,7,7,7,7,8,8,7,7,7,7,4,4,4,4,4,4,4,4,10,10,10,10,10,10,10,10","0.000685930252075195","walktrap","edit-xhwikibooks.graphml"
"0.35","0.34","0.31","0.410135089915596","1,7,1,1,2,1,2,1,1,1,2,2,1,1,1,3,6,5,4,2,7,9,1,1,1,1,1,3,7,6,5,4,8,2,4,4,10,1,7,7,7,7,9,9,9,9,7,9,9,9,7,7,7,7,7,9,9,9,9,7,11,7,7,1,1,7,7,7,7,7,9,7,1,1,7,7,7,7,7,7,7,1,3,3,3,12,7,7,7,7,13,14,15,7,7,7,3,7,7,7,7,7,7,7,7,7,7,8,8,7,7,7,7,4,4,4,4,4,4,4,4,10,10,10,10,10,10,10,10","0.00070500373840332","walktrap","edit-xhwikibooks.graphml"
"0.34","0.35","0.31","0.404045005943108","1,7,1,1,2,1,2,1,1,1,2,2,1,1,1,3,6,5,4,2,7,9,1,1,1,1,1,3,7,6,5,4,8,2,4,4,10,1,7,7,7,7,9,9,9,9,7,9,9,9,7,7,7,7,7,9,9,9,9,7,11,7,7,1,1,7,7,7,7,7,9,7,1,1,7,7,7,7,7,7,7,1,3,3,3,12,7,7,7,7,13,14,15,7,7,7,3,7,7,7,7,7,7,7,7,7,7,8,8,7,7,7,7,4,4,4,4,4,4,4,4,10,10,10,10,10,10,10,10","0.000696897506713867","walktrap","edit-xhwikibooks.graphml"
"0.33","0.36","0.31","0.403721001111549","1,7,1,1,2,1,2,1,1,1,2,2,1,1,1,3,6,5,4,2,7,9,1,1,1,1,1,3,7,6,5,4,8,2,4,4,10,1,7,7,7,7,9,9,9,9,7,9,9,9,7,7,7,7,7,9,9,9,9,7,11,7,7,1,1,7,7,7,7,7,9,7,1,1,7,7,7,7,7,7,7,1,3,3,3,12,7,7,7,7,13,14,15,7,7,7,3,7,7,7,7,7,7,7,7,7,7,8,8,7,7,7,7,4,4,4,4,4,4,4,4,10,10,10,10,10,10,10,10","0.000697135925292969","walktrap","edit-xhwikibooks.graphml"
"0.32","0.37","0.31","0.403721001111549","1,7,1,1,2,1,2,1,1,1,2,2,1,1,1,3,6,5,4,2,7,9,1,1,1,1,1,3,7,6,5,4,8,2,4,4,10,1,7,7,7,7,9,9,9,9,7,9,9,9,7,7,7,7,7,9,9,9,9,7,11,7,7,1,1,7,7,7,7,7,9,7,1,1,7,7,7,7,7,7,7,1,3,3,3,12,7,7,7,7,13,14,15,7,7,7,3,7,7,7,7,7,7,7,7,7,7,8,8,7,7,7,7,4,4,4,4,4,4,4,4,10,10,10,10,10,10,10,10","0.000688791275024414","walktrap","edit-xhwikibooks.graphml"
"0.31","0.38","0.31","0.404412727575753","1,7,1,1,2,1,2,1,1,1,2,2,1,1,1,3,6,5,4,2,7,9,1,1,1,1,1,3,7,6,5,4,8,2,4,4,10,1,7,7,7,7,9,9,9,9,7,9,9,9,7,7,7,7,7,9,9,9,9,7,11,7,7,1,1,7,7,7,7,7,9,7,1,1,7,7,7,7,7,7,7,1,3,3,3,12,7,7,7,7,13,14,15,7,7,7,3,7,7,7,7,7,7,7,7,7,7,8,8,7,7,7,7,4,4,4,4,4,4,4,4,10,10,10,10,10,10,10,10","0.000698089599609375","walktrap","edit-xhwikibooks.graphml"
"0.3","0.39","0.31","0.405462736070889","1,7,1,1,2,1,2,1,1,1,2,2,1,1,1,3,6,5,4,2,7,9,1,1,1,1,1,3,7,6,5,4,8,2,4,4,10,1,7,7,7,7,9,9,9,9,7,9,9,9,7,7,7,7,7,9,9,9,9,7,11,7,7,1,1,7,7,7,7,7,9,7,1,1,7,7,7,7,7,7,7,1,3,3,3,12,7,7,7,7,13,14,15,7,7,7,3,7,7,7,7,7,7,7,7,7,7,8,8,7,7,7,7,4,4,4,4,4,4,4,4,10,10,10,10,10,10,10,10","0.000694036483764648","walktrap","edit-xhwikibooks.graphml"
"0.29","0.4","0.31","0.407149057539683","1,7,1,1,2,1,2,1,1,1,2,2,1,1,1,3,6,5,4,2,7,9,1,1,1,1,1,3,7,6,5,4,8,2,4,4,10,1,7,7,7,7,9,9,9,9,7,9,9,9,7,7,7,7,7,9,9,9,9,7,11,7,7,1,1,7,7,7,7,7,9,7,1,1,7,7,7,7,7,7,7,1,3,3,3,12,7,7,7,7,13,14,15,7,7,7,3,7,7,7,7,7,7,7,7,7,7,8,8,7,7,7,7,4,4,4,4,4,4,4,4,10,10,10,10,10,10,10,10","0.000712871551513672","walktrap","edit-xhwikibooks.graphml"
"0.28","0.41","0.31","0.407149057539683","1,7,1,1,2,1,2,1,1,1,2,2,1,1,1,3,6,5,4,2,7,9,1,1,1,1,1,3,7,6,5,4,8,2,4,4,10,1,7,7,7,7,9,9,9,9,7,9,9,9,7,7,7,7,7,9,9,9,9,7,11,7,7,1,1,7,7,7,7,7,9,7,1,1,7,7,7,7,7,7,7,1,3,3,3,12,7,7,7,7,13,14,15,7,7,7,3,7,7,7,7,7,7,7,7,7,7,8,8,7,7,7,7,4,4,4,4,4,4,4,4,10,10,10,10,10,10,10,10","0.000686883926391602","walktrap","edit-xhwikibooks.graphml"
"0.27","0.42","0.31","0.405823353647014","1,7,1,1,2,1,2,1,1,1,2,2,1,1,1,3,6,5,4,2,7,9,1,1,1,1,1,3,7,6,5,4,8,2,4,4,10,1,7,7,7,7,9,9,9,9,7,9,9,9,7,7,7,7,7,9,9,9,9,7,11,7,7,1,1,7,7,7,7,7,9,7,1,1,7,7,7,7,7,7,7,1,3,3,3,12,7,7,7,7,13,14,15,7,7,7,3,7,7,7,7,7,7,7,7,7,7,8,8,7,7,7,7,4,4,4,4,4,4,4,4,10,10,10,10,10,10,10,10","0.000735998153686523","walktrap","edit-xhwikibooks.graphml"
"0.26","0.43","0.31","0.407832075286737","1,7,1,1,2,1,2,1,1,1,2,2,1,1,1,3,6,5,4,2,7,9,1,1,1,1,1,3,7,6,5,4,8,2,4,4,10,1,7,7,7,7,9,9,9,9,7,9,9,9,7,7,7,7,7,9,9,9,9,7,11,7,7,1,1,7,7,7,7,7,9,7,1,1,7,7,7,7,7,7,7,1,3,3,3,12,7,7,7,7,13,14,15,7,7,7,3,7,7,7,7,7,7,7,7,7,7,8,8,7,7,7,7,4,4,4,4,4,4,4,4,10,10,10,10,10,10,10,10","0.000685214996337891","walktrap","edit-xhwikibooks.graphml"
"0.25","0.44","0.31","0.407508993553601","1,7,1,1,2,1,2,1,1,1,2,2,1,1,1,3,6,5,4,2,7,9,1,1,1,1,1,3,7,6,5,4,8,2,4,4,10,1,7,7,7,7,9,9,9,9,7,9,9,9,7,7,7,7,7,9,9,9,9,7,11,7,7,1,1,7,7,7,7,7,9,7,1,1,7,7,7,7,7,7,7,1,3,3,3,12,7,7,7,7,13,14,15,7,7,7,3,7,7,7,7,7,7,7,7,7,7,8,8,7,7,7,7,4,4,4,4,4,4,4,4,10,10,10,10,10,10,10,10","0.000683069229125977","walktrap","edit-xhwikibooks.graphml"
"0.24","0.45","0.31","0.409594813329968","1,7,1,1,2,1,2,1,1,1,2,2,1,1,1,3,6,5,4,2,7,9,1,1,1,1,1,3,7,6,5,4,8,2,4,4,10,1,7,7,7,7,9,9,9,9,7,9,9,9,7,7,7,7,7,9,9,9,9,7,11,7,7,1,1,7,7,7,7,7,9,7,1,1,7,7,7,7,7,7,7,1,3,3,3,12,7,7,7,7,13,14,15,7,7,7,3,7,7,7,7,7,7,7,7,7,7,8,8,7,7,7,7,4,4,4,4,4,4,4,4,10,10,10,10,10,10,10,10","0.000689983367919922","walktrap","edit-xhwikibooks.graphml"
"0.23","0.46","0.31","0.409271675828344","1,7,1,1,2,1,2,1,1,1,2,2,1,1,1,3,6,5,4,2,7,9,1,1,1,1,1,3,7,6,5,4,8,2,4,4,10,1,7,7,7,7,9,9,9,9,7,9,9,9,7,7,7,7,7,9,9,9,9,7,11,7,7,1,1,7,7,7,7,7,9,7,1,1,7,7,7,7,7,7,7,1,3,3,3,12,7,7,7,7,13,14,15,7,7,7,3,7,7,7,7,7,7,7,7,7,7,8,8,7,7,7,7,4,4,4,4,4,4,4,4,10,10,10,10,10,10,10,10","0.000702142715454102","walktrap","edit-xhwikibooks.graphml"
"0.22","0.47","0.31","0.410301147807518","1,7,1,1,2,1,2,1,1,1,2,2,1,1,1,3,6,5,4,2,7,9,1,1,1,1,1,3,7,6,5,4,8,2,4,4,10,1,7,7,7,7,9,9,9,9,7,9,9,9,7,7,7,7,7,9,9,9,9,7,11,7,7,1,1,7,7,7,7,7,9,7,1,1,7,7,7,7,7,7,7,1,3,3,3,12,7,7,7,7,13,14,15,7,7,7,3,7,7,7,7,7,7,7,7,7,7,8,8,7,7,7,7,4,4,4,4,4,4,4,4,10,10,10,10,10,10,10,10","0.000691890716552734","walktrap","edit-xhwikibooks.graphml"
"0.21","0.48","0.31","0.409978241831484","1,7,1,1,2,1,2,1,1,1,2,2,1,1,1,3,6,5,4,2,7,9,1,1,1,1,1,3,7,6,5,4,8,2,4,4,10,1,7,7,7,7,9,9,9,9,7,9,9,9,7,7,7,7,7,9,9,9,9,7,11,7,7,1,1,7,7,7,7,7,9,7,1,1,7,7,7,7,7,7,7,1,3,3,3,12,7,7,7,7,13,14,15,7,7,7,3,7,7,7,7,7,7,7,7,7,7,8,8,7,7,7,7,4,4,4,4,4,4,4,4,10,10,10,10,10,10,10,10","0.000702857971191406","walktrap","edit-xhwikibooks.graphml"
"0.2","0.49","0.31","0.396071506318532","1,7,1,1,2,1,2,1,1,1,2,2,1,1,1,3,6,5,4,2,7,9,1,1,1,1,1,3,7,6,5,4,8,2,4,4,10,1,7,7,7,7,9,9,9,9,7,9,9,9,7,7,7,7,7,9,9,9,9,7,11,7,7,1,1,7,7,7,7,7,9,7,1,1,7,7,7,7,7,7,7,1,3,3,3,12,7,7,7,7,13,14,15,7,7,7,3,7,7,7,7,7,7,7,7,7,7,8,8,7,7,7,7,4,4,4,4,4,4,4,4,10,10,10,10,10,10,10,10","0.000708103179931641","walktrap","edit-xhwikibooks.graphml"
"0.19","0.5","0.31","0.436454296806713","1,5,1,1,3,1,3,1,1,1,3,3,1,1,1,4,7,6,2,3,5,9,1,1,1,1,1,4,5,7,6,2,8,3,2,2,10,1,5,5,5,5,9,9,9,9,5,9,9,9,5,5,5,5,5,9,9,9,9,5,11,5,5,1,1,5,5,5,5,5,9,5,1,1,5,5,5,5,5,5,5,1,4,4,4,12,5,5,5,5,13,14,15,5,5,5,4,5,5,5,5,5,5,5,5,5,5,8,8,5,5,5,5,2,2,2,2,2,2,2,2,10,10,10,10,10,10,10,10","0.000735998153686523","walktrap","edit-xhwikibooks.graphml"
"0.18","0.51","0.31","0.436454296806713","1,5,1,1,3,1,3,1,1,1,3,3,1,1,1,4,7,6,2,3,5,9,1,1,1,1,1,4,5,7,6,2,8,3,2,2,10,1,5,5,5,5,9,9,9,9,5,9,9,9,5,5,5,5,5,9,9,9,9,5,11,5,5,1,1,5,5,5,5,5,9,5,1,1,5,5,5,5,5,5,5,1,4,4,4,12,5,5,5,5,13,14,15,5,5,5,4,5,5,5,5,5,5,5,5,5,5,8,8,5,5,5,5,2,2,2,2,2,2,2,2,10,10,10,10,10,10,10,10","0.000710010528564453","walktrap","edit-xhwikibooks.graphml"
"0.17","0.52","0.31","0.436454296806713","1,5,1,1,3,1,3,1,1,1,3,3,1,1,1,4,7,6,2,3,5,9,1,1,1,1,1,4,5,7,6,2,8,3,2,2,10,1,5,5,5,5,9,9,9,9,5,9,9,9,5,5,5,5,5,9,9,9,9,5,11,5,5,1,1,5,5,5,5,5,9,5,1,1,5,5,5,5,5,5,5,1,4,4,4,12,5,5,5,5,13,14,15,5,5,5,4,5,5,5,5,5,5,5,5,5,5,8,8,5,5,5,5,2,2,2,2,2,2,2,2,10,10,10,10,10,10,10,10","0.000700950622558594","walktrap","edit-xhwikibooks.graphml"
"0.16","0.53","0.31","0.436129647283127","1,5,1,1,3,1,3,1,1,1,3,3,1,1,1,4,7,6,2,3,5,9,1,1,1,1,1,4,5,7,6,2,8,3,2,2,10,1,5,5,5,5,9,9,9,9,5,9,9,9,5,5,5,5,5,9,9,9,9,5,11,5,5,1,1,5,5,5,5,5,9,5,1,1,5,5,5,5,5,5,5,1,4,4,4,12,5,5,5,5,13,14,15,5,5,5,4,5,5,5,5,5,5,5,5,5,5,8,8,5,5,5,5,2,2,2,2,2,2,2,2,10,10,10,10,10,10,10,10","0.000726938247680664","walktrap","edit-xhwikibooks.graphml"
"0.15","0.54","0.31","0.436751822603818","1,5,1,1,3,1,3,1,1,1,3,3,1,1,1,4,7,6,2,3,5,9,1,1,1,1,1,4,5,7,6,2,8,3,2,2,10,1,5,5,5,5,9,9,9,9,5,9,9,9,5,5,5,5,5,9,9,9,9,5,11,5,5,1,1,5,5,5,5,5,9,5,1,1,5,5,5,5,5,5,5,1,4,4,4,12,5,5,5,5,13,14,15,5,5,5,4,5,5,5,5,5,5,5,5,5,5,8,8,5,5,5,5,2,2,2,2,2,2,2,2,10,10,10,10,10,10,10,10","0.000734090805053711","walktrap","edit-xhwikibooks.graphml"
"0.14","0.55","0.31","0.436427897613093","1,5,1,1,3,1,3,1,1,1,3,3,1,1,1,4,7,6,2,3,5,9,1,1,1,1,1,4,5,7,6,2,8,3,2,2,10,1,5,5,5,5,9,9,9,9,5,9,9,9,5,5,5,5,5,9,9,9,9,5,11,5,5,1,1,5,5,5,5,5,9,5,1,1,5,5,5,5,5,5,5,1,4,4,4,12,5,5,5,5,13,14,15,5,5,5,4,5,5,5,5,5,5,5,5,5,5,8,8,5,5,5,5,2,2,2,2,2,2,2,2,10,10,10,10,10,10,10,10","0.000713109970092773","walktrap","edit-xhwikibooks.graphml"
"0.13","0.56","0.31","0.43456319925995","1,4,1,1,1,1,1,2,2,5,1,1,2,2,2,1,5,6,3,1,4,9,2,2,2,2,2,7,4,5,6,3,8,1,3,3,10,2,4,4,4,4,9,9,9,9,4,9,9,9,4,4,4,4,4,9,9,9,9,4,11,4,4,2,2,4,4,4,4,4,9,4,2,2,4,4,4,4,4,4,4,2,7,7,7,12,4,4,4,4,13,14,15,4,4,4,1,4,4,4,4,4,4,4,4,4,4,8,8,4,4,4,4,3,3,3,3,3,3,3,3,10,10,10,10,10,10,10,10","0.000885963439941406","walktrap","edit-xhwikibooks.graphml"
"0.12","0.57","0.31","0.450698699226996","1,4,1,1,1,1,1,2,2,5,1,1,2,2,2,1,5,6,3,1,4,9,2,2,2,2,2,7,4,5,6,3,8,1,3,3,10,2,4,4,4,4,9,9,9,9,4,9,9,9,4,4,4,4,4,9,9,9,9,4,11,4,4,2,2,4,4,4,4,4,9,4,2,2,4,4,4,4,4,4,4,2,7,7,7,12,4,4,4,4,13,14,15,4,4,4,1,4,4,4,4,4,4,4,4,4,4,8,8,4,4,4,4,3,3,3,3,3,3,3,3,10,10,10,10,10,10,10,10","0.000713825225830078","walktrap","edit-xhwikibooks.graphml"
"0.11","0.58","0.31","0.452511076681067","1,4,1,1,1,1,1,2,2,5,1,1,2,2,2,1,5,6,3,1,4,9,2,2,2,2,2,7,4,5,6,3,8,1,3,3,10,2,4,4,4,4,9,9,9,9,4,9,9,9,4,4,4,4,4,9,9,9,9,4,11,4,4,2,2,4,4,4,4,4,9,4,2,2,4,4,4,4,4,4,4,2,7,7,7,12,4,4,4,4,13,14,15,4,4,4,1,4,4,4,4,4,4,4,4,4,4,8,8,4,4,4,4,3,3,3,3,3,3,3,3,10,10,10,10,10,10,10,10","0.000723123550415039","walktrap","edit-xhwikibooks.graphml"
"0.1","0.59","0.31","0.45216404729949","1,4,1,1,1,1,1,2,2,5,1,1,2,2,2,1,5,6,3,1,4,9,2,2,2,2,2,7,4,5,6,3,8,1,3,3,10,2,4,4,4,4,9,9,9,9,4,9,9,9,4,4,4,4,4,9,9,9,9,4,11,4,4,2,2,4,4,4,4,4,9,4,2,2,4,4,4,4,4,4,4,2,7,7,7,12,4,4,4,4,13,14,15,4,4,4,1,4,4,4,4,4,4,4,4,4,4,8,8,4,4,4,4,3,3,3,3,3,3,3,3,10,10,10,10,10,10,10,10","0.000690937042236328","walktrap","edit-xhwikibooks.graphml"
"0.09","0.6","0.31","0.454087150236573","1,4,1,1,1,1,1,2,2,5,1,1,2,2,2,1,5,6,3,1,4,9,2,2,2,2,2,7,4,5,6,3,8,1,3,3,10,2,4,4,4,4,9,9,9,9,4,9,9,9,4,4,4,4,4,9,9,9,9,4,11,4,4,2,2,4,4,4,4,4,9,4,2,2,4,4,4,4,4,4,4,2,7,7,7,12,4,4,4,4,13,14,15,4,4,4,1,4,4,4,4,4,4,4,4,4,4,8,8,4,4,4,4,3,3,3,3,3,3,3,3,10,10,10,10,10,10,10,10","0.000684976577758789","walktrap","edit-xhwikibooks.graphml"
"0.08","0.61","0.31","0.453740319576512","1,4,1,1,1,1,1,2,2,5,1,1,2,2,2,1,5,6,3,1,4,9,2,2,2,2,2,7,4,5,6,3,8,1,3,3,10,2,4,4,4,4,9,9,9,9,4,9,9,9,4,4,4,4,4,9,9,9,9,4,11,4,4,2,2,4,4,4,4,4,9,4,2,2,4,4,4,4,4,4,4,2,7,7,7,12,4,4,4,4,13,14,15,4,4,4,1,4,4,4,4,4,4,4,4,4,4,8,8,4,4,4,4,3,3,3,3,3,3,3,3,10,10,10,10,10,10,10,10","0.00070500373840332","walktrap","edit-xhwikibooks.graphml"
"0.07","0.62","0.31","0.45468051238552","1,4,1,1,1,1,1,2,2,5,1,1,2,2,2,1,5,6,3,1,4,9,2,2,2,2,2,7,4,5,6,3,8,1,3,3,10,2,4,4,4,4,9,9,9,9,4,9,9,9,4,4,4,4,4,9,9,9,9,4,11,4,4,2,2,4,4,4,4,4,9,4,2,2,4,4,4,4,4,4,4,2,7,7,7,12,4,4,4,4,13,14,15,4,4,4,1,4,4,4,4,4,4,4,4,4,4,8,8,4,4,4,4,3,3,3,3,3,3,3,3,10,10,10,10,10,10,10,10","0.00071406364440918","walktrap","edit-xhwikibooks.graphml"
"0.06","0.63","0.31","0.447720825813443","1,4,1,1,2,1,2,1,1,1,2,2,1,1,1,1,9,2,3,5,4,7,1,1,1,1,1,6,4,10,11,3,5,5,3,3,8,1,4,4,4,4,7,7,7,7,4,7,7,7,4,4,4,4,4,7,7,7,7,4,12,4,4,13,14,4,4,4,4,4,7,4,1,1,4,4,4,4,4,4,4,15,6,6,6,16,4,4,4,4,17,18,19,4,4,4,20,4,4,4,4,4,4,4,4,4,4,21,22,4,4,4,4,3,3,3,3,3,3,3,3,8,8,8,8,8,8,8,8","0.000669002532958984","walktrap","edit-xhwikibooks.graphml"
"0.05","0.64","0.31","0.447720825813443","1,4,1,1,2,1,2,1,1,1,2,2,1,1,1,1,9,2,3,5,4,7,1,1,1,1,1,6,4,10,11,3,5,5,3,3,8,1,4,4,4,4,7,7,7,7,4,7,7,7,4,4,4,4,4,7,7,7,7,4,12,4,4,13,14,4,4,4,4,4,7,4,1,1,4,4,4,4,4,4,4,15,6,6,6,16,4,4,4,4,17,18,19,4,4,4,20,4,4,4,4,4,4,4,4,4,4,21,22,4,4,4,4,3,3,3,3,3,3,3,3,8,8,8,8,8,8,8,8","0.000651121139526367","walktrap","edit-xhwikibooks.graphml"
"0.04","0.65","0.31","0.447376216316156","1,4,1,1,2,1,2,1,1,1,2,2,1,1,1,1,9,2,3,5,4,7,1,1,1,1,1,6,4,10,11,3,5,5,3,3,8,1,4,4,4,4,7,7,7,7,4,7,7,7,4,4,4,4,4,7,7,7,7,4,12,4,4,13,14,4,4,4,4,4,7,4,1,1,4,4,4,4,4,4,4,15,6,6,6,16,4,4,4,4,17,18,19,4,4,4,20,4,4,4,4,4,4,4,4,4,4,21,22,4,4,4,4,3,3,3,3,3,3,3,3,8,8,8,8,8,8,8,8","0.000681161880493164","walktrap","edit-xhwikibooks.graphml"
"0.03","0.66","0.31","0.447376216316156","1,4,1,1,2,1,2,1,1,1,2,2,1,1,1,1,9,2,3,5,4,7,1,1,1,1,1,6,4,10,11,3,5,5,3,3,8,1,4,4,4,4,7,7,7,7,4,7,7,7,4,4,4,4,4,7,7,7,7,4,12,4,4,13,14,4,4,4,4,4,7,4,1,1,4,4,4,4,4,4,4,15,6,6,6,16,4,4,4,4,17,18,19,4,4,4,20,4,4,4,4,4,4,4,4,4,4,21,22,4,4,4,4,3,3,3,3,3,3,3,3,8,8,8,8,8,8,8,8","0.000674009323120117","walktrap","edit-xhwikibooks.graphml"
"0.02","0.67","0.31","0.460784947564661","5,4,5,5,5,1,5,1,1,1,6,3,1,1,1,1,10,6,2,3,4,8,1,1,1,1,1,7,4,11,12,2,3,3,2,2,9,1,4,4,4,4,8,8,8,8,4,8,8,8,4,4,4,4,4,8,8,8,8,4,13,4,4,14,15,4,4,4,4,4,8,4,1,1,4,4,4,4,4,4,4,16,7,7,7,17,4,4,4,4,18,19,20,4,4,4,21,4,4,4,4,4,4,4,4,4,4,22,23,4,4,4,4,2,2,2,2,2,2,2,2,9,9,9,9,9,9,9,9","0.000677824020385742","walktrap","edit-xhwikibooks.graphml"
"0.01","0.68","0.31","0.460784947564661","5,4,5,5,5,1,5,1,1,1,6,3,1,1,1,1,10,6,2,3,4,8,1,1,1,1,1,7,4,11,12,2,3,3,2,2,9,1,4,4,4,4,8,8,8,8,4,8,8,8,4,4,4,4,4,8,8,8,8,4,13,4,4,14,15,4,4,4,4,4,8,4,1,1,4,4,4,4,4,4,4,16,7,7,7,17,4,4,4,4,18,19,20,4,4,4,21,4,4,4,4,4,4,4,4,4,4,22,23,4,4,4,4,2,2,2,2,2,2,2,2,9,9,9,9,9,9,9,9","0.000694036483764648","walktrap","edit-xhwikibooks.graphml"
"0","0.69","0.31","0.459297067663745","6,9,6,6,6,2,5,3,3,2,4,5,3,3,3,2,12,4,7,1,9,10,13,3,3,3,3,8,6,14,15,16,1,1,7,7,11,3,9,9,9,9,10,10,10,10,9,10,10,10,9,9,9,9,9,10,10,10,10,9,17,9,9,18,19,9,9,9,9,9,10,9,3,3,9,9,9,9,9,9,9,20,8,8,8,21,9,9,9,9,22,23,24,9,9,9,25,9,9,9,9,9,9,9,9,9,9,26,27,9,9,9,9,7,7,7,7,7,7,7,7,11,11,11,11,11,11,11,11","0.000722885131835938","walktrap","edit-xhwikibooks.graphml"
"0.68","0","0.32","0.375445229034545","1,2,1,1,1,1,1,1,1,1,1,3,1,1,1,1,5,4,6,3,2,10,8,1,1,1,1,9,2,5,4,7,3,3,6,6,11,1,2,2,2,2,10,10,10,10,2,10,10,10,2,2,2,2,2,10,10,10,10,2,8,2,2,1,1,2,2,2,2,2,10,2,1,1,2,2,2,2,2,2,2,1,9,9,9,2,2,2,2,2,5,4,7,2,2,2,1,2,2,2,2,2,2,2,2,2,2,3,3,2,2,2,2,6,6,6,6,6,6,6,6,11,11,11,11,11,11,11,11","0.000830888748168945","walktrap","edit-xhwikibooks.graphml"
"0.67","0.01","0.32","0.375445229034545","1,2,1,1,1,1,1,1,1,1,1,3,1,1,1,1,5,4,6,3,2,10,8,1,1,1,1,9,2,5,4,7,3,3,6,6,11,1,2,2,2,2,10,10,10,10,2,10,10,10,2,2,2,2,2,10,10,10,10,2,8,2,2,1,1,2,2,2,2,2,10,2,1,1,2,2,2,2,2,2,2,1,9,9,9,2,2,2,2,2,5,4,7,2,2,2,1,2,2,2,2,2,2,2,2,2,2,3,3,2,2,2,2,6,6,6,6,6,6,6,6,11,11,11,11,11,11,11,11","0.000718116760253906","walktrap","edit-xhwikibooks.graphml"
"0.66","0.02","0.32","0.375445229034545","1,2,1,1,1,1,1,1,1,1,1,3,1,1,1,1,5,4,6,3,2,10,8,1,1,1,1,9,2,5,4,7,3,3,6,6,11,1,2,2,2,2,10,10,10,10,2,10,10,10,2,2,2,2,2,10,10,10,10,2,8,2,2,1,1,2,2,2,2,2,10,2,1,1,2,2,2,2,2,2,2,1,9,9,9,2,2,2,2,2,5,4,7,2,2,2,1,2,2,2,2,2,2,2,2,2,2,3,3,2,2,2,2,6,6,6,6,6,6,6,6,11,11,11,11,11,11,11,11","0.00070500373840332","walktrap","edit-xhwikibooks.graphml"
"0.65","0.03","0.32","0.375146483814017","1,2,1,1,1,1,1,1,1,1,1,3,1,1,1,1,5,4,6,3,2,10,8,1,1,1,1,9,2,5,4,7,3,3,6,6,11,1,2,2,2,2,10,10,10,10,2,10,10,10,2,2,2,2,2,10,10,10,10,2,8,2,2,1,1,2,2,2,2,2,10,2,1,1,2,2,2,2,2,2,2,1,9,9,9,2,2,2,2,2,5,4,7,2,2,2,1,2,2,2,2,2,2,2,2,2,2,3,3,2,2,2,2,6,6,6,6,6,6,6,6,11,11,11,11,11,11,11,11","0.000698089599609375","walktrap","edit-xhwikibooks.graphml"
"0.64","0.04","0.32","0.375146483814017","1,2,1,1,1,1,1,1,1,1,1,3,1,1,1,1,5,4,6,3,2,10,8,1,1,1,1,9,2,5,4,7,3,3,6,6,11,1,2,2,2,2,10,10,10,10,2,10,10,10,2,2,2,2,2,10,10,10,10,2,8,2,2,1,1,2,2,2,2,2,10,2,1,1,2,2,2,2,2,2,2,1,9,9,9,2,2,2,2,2,5,4,7,2,2,2,1,2,2,2,2,2,2,2,2,2,2,3,3,2,2,2,2,6,6,6,6,6,6,6,6,11,11,11,11,11,11,11,11","0.00068211555480957","walktrap","edit-xhwikibooks.graphml"
"0.63","0.05","0.32","0.389049992195104","1,2,1,1,1,1,1,1,1,1,1,3,1,1,1,1,5,4,6,3,2,10,8,1,1,1,1,9,2,5,4,7,3,3,6,6,11,1,2,2,2,2,10,10,10,10,2,10,10,10,2,2,2,2,2,10,10,10,10,2,8,2,2,1,1,2,2,2,2,2,10,2,1,1,2,2,2,2,2,2,2,1,9,9,9,2,2,2,2,2,5,4,7,2,2,2,1,2,2,2,2,2,2,2,2,2,2,3,3,2,2,2,2,6,6,6,6,6,6,6,6,11,11,11,11,11,11,11,11","0.000715970993041992","walktrap","edit-xhwikibooks.graphml"
"0.62","0.06","0.32","0.389049992195104","1,2,1,1,1,1,1,1,1,1,1,3,1,1,1,1,5,4,6,3,2,10,8,1,1,1,1,9,2,5,4,7,3,3,6,6,11,1,2,2,2,2,10,10,10,10,2,10,10,10,2,2,2,2,2,10,10,10,10,2,8,2,2,1,1,2,2,2,2,2,10,2,1,1,2,2,2,2,2,2,2,1,9,9,9,2,2,2,2,2,5,4,7,2,2,2,1,2,2,2,2,2,2,2,2,2,2,3,3,2,2,2,2,6,6,6,6,6,6,6,6,11,11,11,11,11,11,11,11","0.000712156295776367","walktrap","edit-xhwikibooks.graphml"
"0.61","0.07","0.32","0.388730496275944","1,2,1,1,1,1,1,1,1,1,1,3,1,1,1,1,5,4,6,3,2,10,8,1,1,1,1,9,2,5,4,7,3,3,6,6,11,1,2,2,2,2,10,10,10,10,2,10,10,10,2,2,2,2,2,10,10,10,10,2,8,2,2,1,1,2,2,2,2,2,10,2,1,1,2,2,2,2,2,2,2,1,9,9,9,2,2,2,2,2,5,4,7,2,2,2,1,2,2,2,2,2,2,2,2,2,2,3,3,2,2,2,2,6,6,6,6,6,6,6,6,11,11,11,11,11,11,11,11","0.000748872756958008","walktrap","edit-xhwikibooks.graphml"
"0.6","0.08","0.32","0.389838811152695","1,2,1,1,1,1,1,1,1,1,1,3,1,1,1,1,5,4,6,3,2,11,8,1,1,1,1,9,2,5,4,7,3,3,6,6,10,1,2,2,2,2,11,11,11,11,2,11,11,11,2,2,2,2,2,11,11,11,11,2,8,2,2,1,1,2,2,2,2,2,11,2,1,1,2,2,2,2,2,2,2,1,9,9,9,2,2,2,2,2,5,4,7,2,2,2,1,2,2,2,2,2,2,2,2,2,2,3,3,2,2,2,2,6,6,6,6,6,6,6,6,10,10,10,10,10,10,10,10","0.0007171630859375","walktrap","edit-xhwikibooks.graphml"
"0.59","0.09","0.32","0.389519471053728","1,2,1,1,1,1,1,1,1,1,1,3,1,1,1,1,5,4,6,3,2,11,8,1,1,1,1,9,2,5,4,7,3,3,6,6,10,1,2,2,2,2,11,11,11,11,2,11,11,11,2,2,2,2,2,11,11,11,11,2,8,2,2,1,1,2,2,2,2,2,11,2,1,1,2,2,2,2,2,2,2,1,9,9,9,2,2,2,2,2,5,4,7,2,2,2,1,2,2,2,2,2,2,2,2,2,2,3,3,2,2,2,2,6,6,6,6,6,6,6,6,10,10,10,10,10,10,10,10","0.000751972198486328","walktrap","edit-xhwikibooks.graphml"
"0.58","0.1","0.32","0.389519471053728","1,2,1,1,1,1,1,1,1,1,1,3,1,1,1,1,5,4,6,3,2,11,8,1,1,1,1,9,2,5,4,7,3,3,6,6,10,1,2,2,2,2,11,11,11,11,2,11,11,11,2,2,2,2,2,11,11,11,11,2,8,2,2,1,1,2,2,2,2,2,11,2,1,1,2,2,2,2,2,2,2,1,9,9,9,2,2,2,2,2,5,4,7,2,2,2,1,2,2,2,2,2,2,2,2,2,2,3,3,2,2,2,2,6,6,6,6,6,6,6,6,10,10,10,10,10,10,10,10","0.000732898712158203","walktrap","edit-xhwikibooks.graphml"
"0.57","0.11","0.32","0.389200622219728","1,2,1,1,1,1,1,1,1,1,1,3,1,1,1,1,5,4,6,3,2,11,8,1,1,1,1,9,2,5,4,7,3,3,6,6,10,1,2,2,2,2,11,11,11,11,2,11,11,11,2,2,2,2,2,11,11,11,11,2,8,2,2,1,1,2,2,2,2,2,11,2,1,1,2,2,2,2,2,2,2,1,9,9,9,2,2,2,2,2,5,4,7,2,2,2,1,2,2,2,2,2,2,2,2,2,2,3,3,2,2,2,2,6,6,6,6,6,6,6,6,10,10,10,10,10,10,10,10","0.000693082809448242","walktrap","edit-xhwikibooks.graphml"
"0.56","0.12","0.32","0.389836270515343","1,13,1,1,1,1,1,3,3,1,1,2,3,3,3,1,5,4,7,2,13,11,9,3,3,3,3,10,6,5,4,8,2,2,7,7,12,3,13,13,13,13,11,11,11,11,13,11,11,11,13,13,13,13,13,11,11,11,11,13,9,13,13,3,3,13,13,13,13,13,11,13,3,3,13,13,13,13,13,13,13,3,10,10,10,6,13,13,13,13,5,4,8,13,13,13,1,13,13,13,13,13,13,13,13,13,13,2,2,13,13,13,13,7,7,7,7,7,7,7,7,12,12,12,12,12,12,12,12","0.000685930252075195","walktrap","edit-xhwikibooks.graphml"
"0.55","0.13","0.32","0.390146219195293","1,13,1,1,1,1,1,3,3,1,1,2,3,3,3,1,5,4,7,2,13,11,9,3,3,3,3,10,6,5,4,8,2,2,7,7,12,3,13,13,13,13,11,11,11,11,13,11,11,11,13,13,13,13,13,11,11,11,11,13,9,13,13,3,3,13,13,13,13,13,11,13,3,3,13,13,13,13,13,13,13,3,10,10,10,6,13,13,13,13,5,4,8,13,13,13,1,13,13,13,13,13,13,13,13,13,13,2,2,13,13,13,13,7,7,7,7,7,7,7,7,12,12,12,12,12,12,12,12","0.000704050064086914","walktrap","edit-xhwikibooks.graphml"
"0.54","0.14","0.32","0.389826657412916","1,13,1,1,1,1,1,3,3,1,1,2,3,3,3,1,5,4,7,2,13,11,9,3,3,3,3,10,6,5,4,8,2,2,7,7,12,3,13,13,13,13,11,11,11,11,13,11,11,11,13,13,13,13,13,11,11,11,11,13,9,13,13,3,3,13,13,13,13,13,11,13,3,3,13,13,13,13,13,13,13,3,10,10,10,6,13,13,13,13,5,4,8,13,13,13,1,13,13,13,13,13,13,13,13,13,13,2,2,13,13,13,13,7,7,7,7,7,7,7,7,12,12,12,12,12,12,12,12","0.000776052474975586","walktrap","edit-xhwikibooks.graphml"
"0.53","0.15","0.32","0.39164559742714","1,13,1,1,1,1,1,3,3,1,1,2,3,3,3,1,5,4,8,2,13,11,9,3,3,3,3,10,6,5,4,7,2,2,8,8,12,3,13,13,13,13,11,11,11,11,13,11,11,11,13,13,13,13,13,11,11,11,11,13,9,13,13,3,3,13,13,13,13,13,11,13,3,3,13,13,13,13,13,13,13,3,10,10,10,6,13,13,13,13,5,4,7,13,13,13,1,13,13,13,13,13,13,13,13,13,13,2,2,13,13,13,13,8,8,8,8,8,8,8,8,12,12,12,12,12,12,12,12","0.000725030899047852","walktrap","edit-xhwikibooks.graphml"
"0.52","0.16","0.32","0.392732014948614","1,13,1,1,1,1,1,3,3,1,1,2,3,3,3,1,5,4,8,2,13,11,9,3,3,3,3,10,6,5,4,7,2,2,8,8,12,3,13,13,13,13,11,11,11,11,13,11,11,11,13,13,13,13,13,11,11,11,11,13,9,13,13,3,3,13,13,13,13,13,11,13,3,3,13,13,13,13,13,13,13,3,10,10,10,6,13,13,13,13,5,4,7,13,13,13,1,13,13,13,13,13,13,13,13,13,13,2,2,13,13,13,13,8,8,8,8,8,8,8,8,12,12,12,12,12,12,12,12","0.00070500373840332","walktrap","edit-xhwikibooks.graphml"
"0.51","0.17","0.32","0.393451688603204","1,13,1,1,1,1,1,3,3,1,1,2,3,3,3,1,5,4,9,2,13,11,8,3,3,3,3,10,6,5,4,7,2,2,9,9,12,3,13,13,13,13,11,11,11,11,13,11,11,11,13,13,13,13,13,11,11,11,11,13,8,13,13,3,3,13,13,13,13,13,11,13,3,3,13,13,13,13,13,13,13,3,10,10,10,6,13,13,13,13,5,4,7,13,13,13,1,13,13,13,13,13,13,13,13,13,13,2,2,13,13,13,13,9,9,9,9,9,9,9,9,12,12,12,12,12,12,12,12","0.000702142715454102","walktrap","edit-xhwikibooks.graphml"
"0.5","0.18","0.32","0.393451688603204","1,13,1,1,1,1,1,3,3,1,1,2,3,3,3,1,5,4,9,2,13,11,8,3,3,3,3,10,6,5,4,7,2,2,9,9,12,3,13,13,13,13,11,11,11,11,13,11,11,11,13,13,13,13,13,11,11,11,11,13,8,13,13,3,3,13,13,13,13,13,11,13,3,3,13,13,13,13,13,13,13,3,10,10,10,6,13,13,13,13,5,4,7,13,13,13,1,13,13,13,13,13,13,13,13,13,13,2,2,13,13,13,13,9,9,9,9,9,9,9,9,12,12,12,12,12,12,12,12","0.000716209411621094","walktrap","edit-xhwikibooks.graphml"
"0.49","0.19","0.32","0.393132542020465","1,13,1,1,1,1,1,3,3,1,1,2,3,3,3,1,5,4,9,2,13,11,8,3,3,3,3,10,6,5,4,7,2,2,9,9,12,3,13,13,13,13,11,11,11,11,13,11,11,11,13,13,13,13,13,11,11,11,11,13,8,13,13,3,3,13,13,13,13,13,11,13,3,3,13,13,13,13,13,13,13,3,10,10,10,6,13,13,13,13,5,4,7,13,13,13,1,13,13,13,13,13,13,13,13,13,13,2,2,13,13,13,13,9,9,9,9,9,9,9,9,12,12,12,12,12,12,12,12","0.000693082809448242","walktrap","edit-xhwikibooks.graphml"
"0.48","0.2","0.32","0.395342422131152","1,13,1,1,1,1,1,3,3,1,1,2,3,3,3,1,5,4,9,2,13,11,8,3,3,3,3,10,6,5,4,7,2,2,9,9,12,3,13,13,13,13,11,11,11,11,13,11,11,11,13,13,13,13,13,11,11,11,11,13,8,13,13,3,3,13,13,13,13,13,11,13,3,3,13,13,13,13,13,13,13,3,10,10,10,6,13,13,13,13,5,4,7,13,13,13,1,13,13,13,13,13,13,13,13,13,13,2,2,13,13,13,13,9,9,9,9,9,9,9,9,12,12,12,12,12,12,12,12","0.000721931457519531","walktrap","edit-xhwikibooks.graphml"
"0.47","0.21","0.32","0.391835296681231","1,13,1,1,1,1,1,3,3,1,1,2,3,3,3,1,5,4,7,2,13,11,9,3,3,3,3,10,6,5,4,8,2,2,7,7,12,3,13,13,13,13,11,11,11,11,13,11,11,11,13,13,13,13,13,11,11,11,11,13,9,13,13,3,3,13,13,13,13,13,11,13,3,3,13,13,13,13,13,13,13,3,10,10,10,6,13,13,13,13,5,4,8,13,13,13,1,13,13,13,13,13,13,13,13,13,13,2,2,13,13,13,13,7,7,7,7,7,7,7,7,12,12,12,12,12,12,12,12","0.000711917877197266","walktrap","edit-xhwikibooks.graphml"
"0.46","0.22","0.32","0.391835296681231","1,13,1,1,1,1,1,3,3,1,1,2,3,3,3,1,5,4,7,2,13,11,9,3,3,3,3,10,6,5,4,8,2,2,7,7,12,3,13,13,13,13,11,11,11,11,13,11,11,11,13,13,13,13,13,11,11,11,11,13,9,13,13,3,3,13,13,13,13,13,11,13,3,3,13,13,13,13,13,13,13,3,10,10,10,6,13,13,13,13,5,4,8,13,13,13,1,13,13,13,13,13,13,13,13,13,13,2,2,13,13,13,13,7,7,7,7,7,7,7,7,12,12,12,12,12,12,12,12","0.000723838806152344","walktrap","edit-xhwikibooks.graphml"
"0.45","0.23","0.32","0.39481427236686","1,12,1,1,1,1,1,3,3,1,1,2,3,3,3,1,5,4,7,2,12,11,9,3,3,3,3,10,6,5,4,8,2,2,7,7,13,3,12,12,12,12,11,11,11,11,12,11,11,11,12,12,12,12,12,11,11,11,11,12,9,12,12,3,3,12,12,12,12,12,11,12,3,3,12,12,12,12,12,12,12,3,10,10,10,6,12,12,12,12,5,4,8,12,12,12,1,12,12,12,12,12,12,12,12,12,12,2,2,12,12,12,12,7,7,7,7,7,7,7,7,13,13,13,13,13,13,13,13","0.000735044479370117","walktrap","edit-xhwikibooks.graphml"
"0.44","0.24","0.32","0.395884743794455","1,11,1,1,1,1,1,3,3,1,1,2,3,3,3,1,5,4,7,2,11,12,9,3,3,3,3,10,6,5,4,8,2,2,7,7,13,3,11,11,11,11,12,12,12,12,11,12,12,12,11,11,11,11,11,12,12,12,12,11,9,11,11,3,3,11,11,11,11,11,12,11,3,3,11,11,11,11,11,11,11,3,10,10,10,6,11,11,11,11,5,4,8,11,11,11,1,11,11,11,11,11,11,11,11,11,11,2,2,11,11,11,11,7,7,7,7,7,7,7,7,13,13,13,13,13,13,13,13","0.000721931457519531","walktrap","edit-xhwikibooks.graphml"
"0.43","0.25","0.32","0.393443754939436","1,2,1,1,1,1,1,1,1,1,1,3,1,1,1,1,5,4,1,3,2,9,7,1,1,1,1,8,2,5,4,6,3,3,1,1,10,1,2,2,2,2,9,9,9,9,2,9,9,9,2,2,2,2,2,9,9,9,9,2,7,2,2,1,1,2,2,2,2,2,9,2,1,1,2,2,2,2,2,2,2,1,8,8,8,2,2,2,2,2,5,4,6,2,2,2,1,2,2,2,2,2,2,2,2,2,2,3,3,2,2,2,2,1,1,1,1,1,1,1,1,10,10,10,10,10,10,10,10","0.000725030899047852","walktrap","edit-xhwikibooks.graphml"
"0.42","0.26","0.32","0.393443754939436","1,2,1,1,1,1,1,1,1,1,1,3,1,1,1,1,5,4,1,3,2,9,7,1,1,1,1,8,2,5,4,6,3,3,1,1,10,1,2,2,2,2,9,9,9,9,2,9,9,9,2,2,2,2,2,9,9,9,9,2,7,2,2,1,1,2,2,2,2,2,9,2,1,1,2,2,2,2,2,2,2,1,8,8,8,2,2,2,2,2,5,4,6,2,2,2,1,2,2,2,2,2,2,2,2,2,2,3,3,2,2,2,2,1,1,1,1,1,1,1,1,10,10,10,10,10,10,10,10","0.000708103179931641","walktrap","edit-xhwikibooks.graphml"
"0.41","0.27","0.32","0.393443754939436","1,2,1,1,1,1,1,1,1,1,1,3,1,1,1,1,5,4,1,3,2,9,7,1,1,1,1,8,2,5,4,6,3,3,1,1,10,1,2,2,2,2,9,9,9,9,2,9,9,9,2,2,2,2,2,9,9,9,9,2,7,2,2,1,1,2,2,2,2,2,9,2,1,1,2,2,2,2,2,2,2,1,8,8,8,2,2,2,2,2,5,4,6,2,2,2,1,2,2,2,2,2,2,2,2,2,2,3,3,2,2,2,2,1,1,1,1,1,1,1,1,10,10,10,10,10,10,10,10","0.000764846801757812","walktrap","edit-xhwikibooks.graphml"
"0.4","0.28","0.32","0.393139800545065","1,2,1,1,1,1,1,1,1,1,1,3,1,1,1,1,5,4,1,3,2,9,7,1,1,1,1,8,2,5,4,6,3,3,1,1,10,1,2,2,2,2,9,9,9,9,2,9,9,9,2,2,2,2,2,9,9,9,9,2,7,2,2,1,1,2,2,2,2,2,9,2,1,1,2,2,2,2,2,2,2,1,8,8,8,2,2,2,2,2,5,4,6,2,2,2,1,2,2,2,2,2,2,2,2,2,2,3,3,2,2,2,2,1,1,1,1,1,1,1,1,10,10,10,10,10,10,10,10","0.000694990158081055","walktrap","edit-xhwikibooks.graphml"
"0.39","0.29","0.32","0.398205774906856","1,11,1,1,2,1,2,1,1,1,2,2,1,1,1,3,5,4,9,2,11,12,8,1,1,1,1,3,6,5,4,7,10,2,9,9,13,1,11,11,11,11,12,12,12,12,11,12,12,12,11,11,11,11,11,12,12,12,12,11,8,11,11,1,1,11,11,11,11,11,12,11,1,1,11,11,11,11,11,11,11,1,3,3,3,6,11,11,11,11,5,4,7,11,11,11,3,11,11,11,11,11,11,11,11,11,11,10,10,11,11,11,11,9,9,9,9,9,9,9,9,13,13,13,13,13,13,13,13","0.000696897506713867","walktrap","edit-xhwikibooks.graphml"
"0.38","0.3","0.32","0.397885230415419","1,11,1,1,2,1,2,1,1,1,2,2,1,1,1,3,5,4,9,2,11,12,8,1,1,1,1,3,6,5,4,7,10,2,9,9,13,1,11,11,11,11,12,12,12,12,11,12,12,12,11,11,11,11,11,12,12,12,12,11,8,11,11,1,1,11,11,11,11,11,12,11,1,1,11,11,11,11,11,11,11,1,3,3,3,6,11,11,11,11,5,4,7,11,11,11,3,11,11,11,11,11,11,11,11,11,11,10,10,11,11,11,11,9,9,9,9,9,9,9,9,13,13,13,13,13,13,13,13","0.000694036483764648","walktrap","edit-xhwikibooks.graphml"
"0.37","0.31","0.32","0.398951711037305","1,11,1,1,2,1,2,1,1,1,2,2,1,1,1,3,5,4,9,2,11,12,8,1,1,1,1,3,6,5,4,7,10,2,9,9,13,1,11,11,11,11,12,12,12,12,11,12,12,12,11,11,11,11,11,12,12,12,12,11,8,11,11,1,1,11,11,11,11,11,12,11,1,1,11,11,11,11,11,11,11,1,3,3,3,6,11,11,11,11,5,4,7,11,11,11,3,11,11,11,11,11,11,11,11,11,11,10,10,11,11,11,11,9,9,9,9,9,9,9,9,13,13,13,13,13,13,13,13","0.000696897506713867","walktrap","edit-xhwikibooks.graphml"
"0.36","0.32","0.32","0.39863136409683","1,11,1,1,2,1,2,1,1,1,2,2,1,1,1,3,5,4,9,2,11,12,8,1,1,1,1,3,6,5,4,7,10,2,9,9,13,1,11,11,11,11,12,12,12,12,11,12,12,12,11,11,11,11,11,12,12,12,12,11,8,11,11,1,1,11,11,11,11,11,12,11,1,1,11,11,11,11,11,11,11,1,3,3,3,6,11,11,11,11,5,4,7,11,11,11,3,11,11,11,11,11,11,11,11,11,11,10,10,11,11,11,11,9,9,9,9,9,9,9,9,13,13,13,13,13,13,13,13","0.000725984573364258","walktrap","edit-xhwikibooks.graphml"
"0.35","0.33","0.32","0.395430145966377","1,7,1,1,2,1,2,1,1,1,2,2,1,1,1,3,5,6,4,2,7,9,1,1,1,1,1,3,7,5,6,4,8,2,4,4,10,1,7,7,7,7,9,9,9,9,7,9,9,9,7,7,7,7,7,9,9,9,9,7,11,7,7,1,1,7,7,7,7,7,9,7,1,1,7,7,7,7,7,7,7,1,3,3,3,12,7,7,7,7,13,14,15,7,7,7,3,7,7,7,7,7,7,7,7,7,7,8,8,7,7,7,7,4,4,4,4,4,4,4,4,10,10,10,10,10,10,10,10","0.000720977783203125","walktrap","edit-xhwikibooks.graphml"
"0.34","0.34","0.32","0.409810712507158","1,7,1,1,2,1,2,1,1,1,2,2,1,1,1,3,6,5,4,2,7,9,1,1,1,1,1,3,7,6,5,4,8,2,4,4,10,1,7,7,7,7,9,9,9,9,7,9,9,9,7,7,7,7,7,9,9,9,9,7,11,7,7,1,1,7,7,7,7,7,9,7,1,1,7,7,7,7,7,7,7,1,3,3,3,12,7,7,7,7,13,14,15,7,7,7,3,7,7,7,7,7,7,7,7,7,7,8,8,7,7,7,7,4,4,4,4,4,4,4,4,10,10,10,10,10,10,10,10","0.000761985778808594","walktrap","edit-xhwikibooks.graphml"
"0.33","0.35","0.32","0.409810712507158","1,7,1,1,2,1,2,1,1,1,2,2,1,1,1,3,6,5,4,2,7,9,1,1,1,1,1,3,7,6,5,4,8,2,4,4,10,1,7,7,7,7,9,9,9,9,7,9,9,9,7,7,7,7,7,9,9,9,9,7,11,7,7,1,1,7,7,7,7,7,9,7,1,1,7,7,7,7,7,7,7,1,3,3,3,12,7,7,7,7,13,14,15,7,7,7,3,7,7,7,7,7,7,7,7,7,7,8,8,7,7,7,7,4,4,4,4,4,4,4,4,10,10,10,10,10,10,10,10","0.000733137130737305","walktrap","edit-xhwikibooks.graphml"
"0.32","0.36","0.32","0.410482222750536","1,7,1,1,2,1,2,1,1,1,2,2,1,1,1,3,6,5,4,2,7,9,1,1,1,1,1,3,7,6,5,4,8,2,4,4,10,1,7,7,7,7,9,9,9,9,7,9,9,9,7,7,7,7,7,9,9,9,9,7,11,7,7,1,1,7,7,7,7,7,9,7,1,1,7,7,7,7,7,7,7,1,3,3,3,12,7,7,7,7,13,14,15,7,7,7,3,7,7,7,7,7,7,7,7,7,7,8,8,7,7,7,7,4,4,4,4,4,4,4,4,10,10,10,10,10,10,10,10","0.00143003463745117","walktrap","edit-xhwikibooks.graphml"
"0.31","0.37","0.32","0.410806293500637","1,7,1,1,2,1,2,1,1,1,2,2,1,1,1,3,6,5,4,2,7,9,1,1,1,1,1,3,7,6,5,4,8,2,4,4,10,1,7,7,7,7,9,9,9,9,7,9,9,9,7,7,7,7,7,9,9,9,9,7,11,7,7,1,1,7,7,7,7,7,9,7,1,1,7,7,7,7,7,7,7,1,3,3,3,12,7,7,7,7,13,14,15,7,7,7,3,7,7,7,7,7,7,7,7,7,7,8,8,7,7,7,7,4,4,4,4,4,4,4,4,10,10,10,10,10,10,10,10","0.000742912292480469","walktrap","edit-xhwikibooks.graphml"
"0.3","0.38","0.32","0.410482222750536","1,7,1,1,2,1,2,1,1,1,2,2,1,1,1,3,6,5,4,2,7,9,1,1,1,1,1,3,7,6,5,4,8,2,4,4,10,1,7,7,7,7,9,9,9,9,7,9,9,9,7,7,7,7,7,9,9,9,9,7,11,7,7,1,1,7,7,7,7,7,9,7,1,1,7,7,7,7,7,7,7,1,3,3,3,12,7,7,7,7,13,14,15,7,7,7,3,7,7,7,7,7,7,7,7,7,7,8,8,7,7,7,7,4,4,4,4,4,4,4,4,10,10,10,10,10,10,10,10","0.000720024108886719","walktrap","edit-xhwikibooks.graphml"
"0.29","0.39","0.32","0.411512931775219","1,7,1,1,2,1,2,1,1,1,2,2,1,1,1,3,6,5,4,2,7,9,1,1,1,1,1,3,7,6,5,4,8,2,4,4,10,1,7,7,7,7,9,9,9,9,7,9,9,9,7,7,7,7,7,9,9,9,9,7,11,7,7,1,1,7,7,7,7,7,9,7,1,1,7,7,7,7,7,7,7,1,3,3,3,12,7,7,7,7,13,14,15,7,7,7,3,7,7,7,7,7,7,7,7,7,7,8,8,7,7,7,7,4,4,4,4,4,4,4,4,10,10,10,10,10,10,10,10","0.000703096389770508","walktrap","edit-xhwikibooks.graphml"
"0.28","0.4","0.32","0.413159746657284","1,7,1,1,2,1,2,1,1,1,2,2,1,1,1,3,6,5,4,2,7,9,1,1,1,1,1,3,7,6,5,4,8,2,4,4,10,1,7,7,7,7,9,9,9,9,7,9,9,9,7,7,7,7,7,9,9,9,9,7,11,7,7,1,1,7,7,7,7,7,9,7,1,1,7,7,7,7,7,7,7,1,3,3,3,12,7,7,7,7,13,14,15,7,7,7,3,7,7,7,7,7,7,7,7,7,7,8,8,7,7,7,7,4,4,4,4,4,4,4,4,10,10,10,10,10,10,10,10","0.000796079635620117","walktrap","edit-xhwikibooks.graphml"
"0.27","0.41","0.32","0.413159746657284","1,7,1,1,2,1,2,1,1,1,2,2,1,1,1,3,6,5,4,2,7,9,1,1,1,1,1,3,7,6,5,4,8,2,4,4,10,1,7,7,7,7,9,9,9,9,7,9,9,9,7,7,7,7,7,9,9,9,9,7,11,7,7,1,1,7,7,7,7,7,9,7,1,1,7,7,7,7,7,7,7,1,3,3,3,12,7,7,7,7,13,14,15,7,7,7,3,7,7,7,7,7,7,7,7,7,7,8,8,7,7,7,7,4,4,4,4,4,4,4,4,10,10,10,10,10,10,10,10","0.00070500373840332","walktrap","edit-xhwikibooks.graphml"
"0.26","0.42","0.32","0.41283606004712","1,7,1,1,2,1,2,1,1,1,2,2,1,1,1,3,6,5,4,2,7,9,1,1,1,1,1,3,7,6,5,4,8,2,4,4,10,1,7,7,7,7,9,9,9,9,7,9,9,9,7,7,7,7,7,9,9,9,9,7,11,7,7,1,1,7,7,7,7,7,9,7,1,1,7,7,7,7,7,7,7,1,3,3,3,12,7,7,7,7,13,14,15,7,7,7,3,7,7,7,7,7,7,7,7,7,7,8,8,7,7,7,7,4,4,4,4,4,4,4,4,10,10,10,10,10,10,10,10","0.000720024108886719","walktrap","edit-xhwikibooks.graphml"
"0.25","0.43","0.32","0.414787749777097","1,7,1,1,2,1,2,1,1,1,2,2,1,1,1,3,6,5,4,2,7,9,1,1,1,1,1,3,7,6,5,4,8,2,4,4,10,1,7,7,7,7,9,9,9,9,7,9,9,9,7,7,7,7,7,9,9,9,9,7,11,7,7,1,1,7,7,7,7,7,9,7,1,1,7,7,7,7,7,7,7,1,3,3,3,12,7,7,7,7,13,14,15,7,7,7,3,7,7,7,7,7,7,7,7,7,7,8,8,7,7,7,7,4,4,4,4,4,4,4,4,10,10,10,10,10,10,10,10","0.000723838806152344","walktrap","edit-xhwikibooks.graphml"
"0.24","0.44","0.32","0.414464237389501","1,7,1,1,2,1,2,1,1,1,2,2,1,1,1,3,6,5,4,2,7,9,1,1,1,1,1,3,7,6,5,4,8,2,4,4,10,1,7,7,7,7,9,9,9,9,7,9,9,9,7,7,7,7,7,9,9,9,9,7,11,7,7,1,1,7,7,7,7,7,9,7,1,1,7,7,7,7,7,7,7,1,3,3,3,12,7,7,7,7,13,14,15,7,7,7,3,7,7,7,7,7,7,7,7,7,7,8,8,7,7,7,7,4,4,4,4,4,4,4,4,10,10,10,10,10,10,10,10","0.000731945037841797","walktrap","edit-xhwikibooks.graphml"
"0.23","0.45","0.32","0.416494074964434","1,7,1,1,2,1,2,1,1,1,2,2,1,1,1,3,6,5,4,2,7,9,1,1,1,1,1,3,7,6,5,4,8,2,4,4,10,1,7,7,7,7,9,9,9,9,7,9,9,9,7,7,7,7,7,9,9,9,9,7,11,7,7,1,1,7,7,7,7,7,9,7,1,1,7,7,7,7,7,7,7,1,3,3,3,12,7,7,7,7,13,14,15,7,7,7,3,7,7,7,7,7,7,7,7,7,7,8,8,7,7,7,7,4,4,4,4,4,4,4,4,10,10,10,10,10,10,10,10","0.0007171630859375","walktrap","edit-xhwikibooks.graphml"
"0.22","0.46","0.32","0.416170568433791","1,7,1,1,2,1,2,1,1,1,2,2,1,1,1,3,6,5,4,2,7,9,1,1,1,1,1,3,7,6,5,4,8,2,4,4,10,1,7,7,7,7,9,9,9,9,7,9,9,9,7,7,7,7,7,9,9,9,9,7,11,7,7,1,1,7,7,7,7,7,9,7,1,1,7,7,7,7,7,7,7,1,3,3,3,12,7,7,7,7,13,14,15,7,7,7,3,7,7,7,7,7,7,7,7,7,7,8,8,7,7,7,7,4,4,4,4,4,4,4,4,10,10,10,10,10,10,10,10","0.000722169876098633","walktrap","edit-xhwikibooks.graphml"
"0.21","0.47","0.32","0.417178597057511","1,7,1,1,2,1,2,1,1,1,2,2,1,1,1,3,6,5,4,2,7,9,1,1,1,1,1,3,7,6,5,4,8,2,4,4,10,1,7,7,7,7,9,9,9,9,7,9,9,9,7,7,7,7,7,9,9,9,9,7,11,7,7,1,1,7,7,7,7,7,9,7,1,1,7,7,7,7,7,7,7,1,3,3,3,12,7,7,7,7,13,14,15,7,7,7,3,7,7,7,7,7,7,7,7,7,7,8,8,7,7,7,7,4,4,4,4,4,4,4,4,10,10,10,10,10,10,10,10","0.000720024108886719","walktrap","edit-xhwikibooks.graphml"
"0.2","0.48","0.32","0.416855335235596","1,7,1,1,2,1,2,1,1,1,2,2,1,1,1,3,6,5,4,2,7,9,1,1,1,1,1,3,7,6,5,4,8,2,4,4,10,1,7,7,7,7,9,9,9,9,7,9,9,9,7,7,7,7,7,9,9,9,9,7,11,7,7,1,1,7,7,7,7,7,9,7,1,1,7,7,7,7,7,7,7,1,3,3,3,12,7,7,7,7,13,14,15,7,7,7,3,7,7,7,7,7,7,7,7,7,7,8,8,7,7,7,7,4,4,4,4,4,4,4,4,10,10,10,10,10,10,10,10","0.000792026519775391","walktrap","edit-xhwikibooks.graphml"
"0.19","0.49","0.32","0.410963956882458","1,7,1,1,2,1,2,1,1,1,2,2,1,1,1,3,6,5,4,2,7,9,1,1,1,1,1,3,7,6,5,4,8,2,4,4,10,1,7,7,7,7,9,9,9,9,7,9,9,9,7,7,7,7,7,9,9,9,9,7,11,7,7,1,1,7,7,7,7,7,9,7,1,1,7,7,7,7,7,7,7,1,3,3,3,12,7,7,7,7,13,14,15,7,7,7,3,7,7,7,7,7,7,7,7,7,7,8,8,7,7,7,7,4,4,4,4,4,4,4,4,10,10,10,10,10,10,10,10","0.000962018966674805","walktrap","edit-xhwikibooks.graphml"
"0.18","0.5","0.32","0.44956882334791","1,5,1,1,3,1,3,1,1,1,3,3,1,1,1,4,7,6,2,3,5,9,1,1,1,1,1,4,5,7,6,2,8,3,2,2,10,1,5,5,5,5,9,9,9,9,5,9,9,9,5,5,5,5,5,9,9,9,9,5,11,5,5,1,1,5,5,5,5,5,9,5,1,1,5,5,5,5,5,5,5,1,4,4,4,12,5,5,5,5,13,14,15,5,5,5,4,5,5,5,5,5,5,5,5,5,5,8,8,5,5,5,5,2,2,2,2,2,2,2,2,10,10,10,10,10,10,10,10","0.000844955444335938","walktrap","edit-xhwikibooks.graphml"
"0.17","0.51","0.32","0.44956882334791","1,5,1,1,3,1,3,1,1,1,3,3,1,1,1,4,7,6,2,3,5,9,1,1,1,1,1,4,5,7,6,2,8,3,2,2,10,1,5,5,5,5,9,9,9,9,5,9,9,9,5,5,5,5,5,9,9,9,9,5,11,5,5,1,1,5,5,5,5,5,9,5,1,1,5,5,5,5,5,5,5,1,4,4,4,12,5,5,5,5,13,14,15,5,5,5,4,5,5,5,5,5,5,5,5,5,5,8,8,5,5,5,5,2,2,2,2,2,2,2,2,10,10,10,10,10,10,10,10","0.000756025314331055","walktrap","edit-xhwikibooks.graphml"
"0.16","0.52","0.32","0.44956882334791","1,5,1,1,3,1,3,1,1,1,3,3,1,1,1,4,7,6,2,3,5,9,1,1,1,1,1,4,5,7,6,2,8,3,2,2,10,1,5,5,5,5,9,9,9,9,5,9,9,9,5,5,5,5,5,9,9,9,9,5,11,5,5,1,1,5,5,5,5,5,9,5,1,1,5,5,5,5,5,5,5,1,4,4,4,12,5,5,5,5,13,14,15,5,5,5,4,5,5,5,5,5,5,5,5,5,5,8,8,5,5,5,5,2,2,2,2,2,2,2,2,10,10,10,10,10,10,10,10","0.000743865966796875","walktrap","edit-xhwikibooks.graphml"
"0.15","0.53","0.32","0.448383375715081","1,5,1,1,3,1,3,1,1,1,3,3,1,1,1,4,7,6,2,3,5,9,1,1,1,1,1,4,5,7,6,2,8,3,2,2,10,1,5,5,5,5,9,9,9,9,5,9,9,9,5,5,5,5,5,9,9,9,9,5,11,5,5,1,1,5,5,5,5,5,9,5,1,1,5,5,5,5,5,5,5,1,4,4,4,12,5,5,5,5,13,14,15,5,5,5,4,5,5,5,5,5,5,5,5,5,5,8,8,5,5,5,5,2,2,2,2,2,2,2,2,10,10,10,10,10,10,10,10","0.000890016555786133","walktrap","edit-xhwikibooks.graphml"
"0.14","0.54","0.32","0.448970317004918","1,5,1,1,3,1,3,1,1,1,3,3,1,1,1,4,7,6,2,3,5,9,1,1,1,1,1,4,5,7,6,2,8,3,2,2,10,1,5,5,5,5,9,9,9,9,5,9,9,9,5,5,5,5,5,9,9,9,9,5,11,5,5,1,1,5,5,5,5,5,9,5,1,1,5,5,5,5,5,5,5,1,4,4,4,12,5,5,5,5,13,14,15,5,5,5,4,5,5,5,5,5,5,5,5,5,5,8,8,5,5,5,5,2,2,2,2,2,2,2,2,10,10,10,10,10,10,10,10","0.000733137130737305","walktrap","edit-xhwikibooks.graphml"
"0.13","0.55","0.32","0.44864422843792","1,5,1,1,3,1,3,1,1,1,3,3,1,1,1,4,7,6,2,3,5,9,1,1,1,1,1,4,5,7,6,2,8,3,2,2,10,1,5,5,5,5,9,9,9,9,5,9,9,9,5,5,5,5,5,9,9,9,9,5,11,5,5,1,1,5,5,5,5,5,9,5,1,1,5,5,5,5,5,5,5,1,4,4,4,12,5,5,5,5,13,14,15,5,5,5,4,5,5,5,5,5,5,5,5,5,5,8,8,5,5,5,5,2,2,2,2,2,2,2,2,10,10,10,10,10,10,10,10","0.000731945037841797","walktrap","edit-xhwikibooks.graphml"
"0.12","0.56","0.32","0.451290258665432","1,5,1,1,3,1,3,1,1,1,3,3,1,1,1,4,7,6,2,3,5,9,1,1,1,1,1,4,5,7,6,2,8,3,2,2,10,1,5,5,5,5,9,9,9,9,5,9,9,9,5,5,5,5,5,9,9,9,9,5,11,5,5,1,1,5,5,5,5,5,9,5,1,1,5,5,5,5,5,5,5,1,4,4,4,12,5,5,5,5,13,14,15,5,5,5,4,5,5,5,5,5,5,5,5,5,5,8,8,5,5,5,5,2,2,2,2,2,2,2,2,10,10,10,10,10,10,10,10","0.000716924667358398","walktrap","edit-xhwikibooks.graphml"
"0.11","0.57","0.32","0.43886978807966","1,5,1,1,3,1,3,1,1,1,3,3,1,1,1,4,7,6,2,3,5,9,1,1,1,1,1,4,5,7,6,2,8,3,2,2,10,1,5,5,5,5,9,9,9,9,5,9,9,9,5,5,5,5,5,9,9,9,9,5,11,5,5,1,1,5,5,5,5,5,9,5,1,1,5,5,5,5,5,5,5,1,4,4,4,12,5,5,5,5,13,14,15,5,5,5,4,5,5,5,5,5,5,5,5,5,5,8,8,5,5,5,5,2,2,2,2,2,2,2,2,10,10,10,10,10,10,10,10","0.0007171630859375","walktrap","edit-xhwikibooks.graphml"
"0.1","0.58","0.32","0.440616725211817","1,5,1,1,3,1,3,1,1,1,3,3,1,1,1,4,7,6,2,3,5,9,1,1,1,1,1,4,5,7,6,2,8,3,2,2,10,1,5,5,5,5,9,9,9,9,5,9,9,9,5,5,5,5,5,9,9,9,9,5,11,5,5,1,1,5,5,5,5,5,9,5,1,1,5,5,5,5,5,5,5,1,4,4,4,12,5,5,5,5,13,14,15,5,5,5,4,5,5,5,5,5,5,5,5,5,5,8,8,5,5,5,5,2,2,2,2,2,2,2,2,10,10,10,10,10,10,10,10","0.000742912292480469","walktrap","edit-xhwikibooks.graphml"
"0.09","0.59","0.32","0.440293237246106","1,5,1,1,3,1,3,1,1,1,3,3,1,1,1,4,7,6,2,3,5,9,1,1,1,1,1,4,5,7,6,2,8,3,2,2,10,1,5,5,5,5,9,9,9,9,5,9,9,9,5,5,5,5,5,9,9,9,9,5,11,5,5,1,1,5,5,5,5,5,9,5,1,1,5,5,5,5,5,5,5,1,4,4,4,12,5,5,5,5,13,14,15,5,5,5,4,5,5,5,5,5,5,5,5,5,5,8,8,5,5,5,5,2,2,2,2,2,2,2,2,10,10,10,10,10,10,10,10","0.000717878341674805","walktrap","edit-xhwikibooks.graphml"
"0.08","0.6","0.32","0.442044254304575","1,5,1,1,3,1,3,1,1,1,3,3,1,1,1,4,7,6,2,3,5,9,1,1,1,1,1,4,5,7,6,2,8,3,2,2,10,1,5,5,5,5,9,9,9,9,5,9,9,9,5,5,5,5,5,9,9,9,9,5,11,5,5,1,1,5,5,5,5,5,9,5,1,1,5,5,5,5,5,5,5,1,4,4,4,12,5,5,5,5,13,14,15,5,5,5,4,5,5,5,5,5,5,5,5,5,5,8,8,5,5,5,5,2,2,2,2,2,2,2,2,10,10,10,10,10,10,10,10","0.000710964202880859","walktrap","edit-xhwikibooks.graphml"
"0.07","0.61","0.32","0.438294970299587","1,4,1,1,1,1,1,2,2,5,1,1,2,2,2,1,5,6,3,1,4,9,2,2,2,2,2,7,4,5,6,3,8,1,3,3,10,2,4,4,4,4,9,9,9,9,4,9,9,9,4,4,4,4,4,9,9,9,9,4,11,4,4,2,2,4,4,4,4,4,9,4,2,2,4,4,4,4,4,4,4,2,7,7,7,12,4,4,4,4,13,14,15,4,4,4,1,4,4,4,4,4,4,4,4,4,4,8,8,4,4,4,4,3,3,3,3,3,3,3,3,10,10,10,10,10,10,10,10","0.000763177871704102","walktrap","edit-xhwikibooks.graphml"
"0.06","0.62","0.32","0.43922930340506","1,4,1,1,1,1,1,2,2,5,1,1,2,2,2,1,5,6,3,1,4,9,2,2,2,2,2,7,4,5,6,3,8,1,3,3,10,2,4,4,4,4,9,9,9,9,4,9,9,9,4,4,4,4,4,9,9,9,9,4,11,4,4,2,2,4,4,4,4,4,9,4,2,2,4,4,4,4,4,4,4,2,7,7,7,12,4,4,4,4,13,14,15,4,4,4,1,4,4,4,4,4,4,4,4,4,4,8,8,4,4,4,4,3,3,3,3,3,3,3,3,10,10,10,10,10,10,10,10","0.000729084014892578","walktrap","edit-xhwikibooks.graphml"
"0.05","0.63","0.32","0.438904145568376","1,4,1,1,1,1,1,2,2,5,1,1,2,2,2,1,5,6,3,1,4,9,2,2,2,2,2,7,4,5,6,3,8,1,3,3,10,2,4,4,4,4,9,9,9,9,4,9,9,9,4,4,4,4,4,9,9,9,9,4,11,4,4,2,2,4,4,4,4,4,9,4,2,2,4,4,4,4,4,4,4,2,7,7,7,12,4,4,4,4,13,14,15,4,4,4,1,4,4,4,4,4,4,4,4,4,4,8,8,4,4,4,4,3,3,3,3,3,3,3,3,10,10,10,10,10,10,10,10","0.000720024108886719","walktrap","edit-xhwikibooks.graphml"
"0.04","0.64","0.32","0.438904145568376","1,4,1,1,1,1,1,2,2,5,1,1,2,2,2,1,5,6,3,1,4,9,2,2,2,2,2,7,4,5,6,3,8,1,3,3,10,2,4,4,4,4,9,9,9,9,4,9,9,9,4,4,4,4,4,9,9,9,9,4,11,4,4,2,2,4,4,4,4,4,9,4,2,2,4,4,4,4,4,4,4,2,7,7,7,12,4,4,4,4,13,14,15,4,4,4,1,4,4,4,4,4,4,4,4,4,4,8,8,4,4,4,4,3,3,3,3,3,3,3,3,10,10,10,10,10,10,10,10","0.000735044479370117","walktrap","edit-xhwikibooks.graphml"
"0.03","0.65","0.32","0.432033867653701","1,4,1,1,2,1,2,1,1,1,2,2,1,1,1,1,9,2,3,5,4,7,1,1,1,1,1,6,4,10,11,3,5,5,3,3,8,1,4,4,4,4,7,7,7,7,4,7,7,7,4,4,4,4,4,7,7,7,7,4,12,4,4,13,14,4,4,4,4,4,7,4,1,1,4,4,4,4,4,4,4,15,6,6,6,16,4,4,4,4,17,18,19,4,4,4,20,4,4,4,4,4,4,4,4,4,4,21,22,4,4,4,4,3,3,3,3,3,3,3,3,8,8,8,8,8,8,8,8","0.000723838806152344","walktrap","edit-xhwikibooks.graphml"
"0.02","0.66","0.32","0.432033867653701","1,4,1,1,2,1,2,1,1,1,2,2,1,1,1,1,9,2,3,5,4,7,1,1,1,1,1,6,4,10,11,3,5,5,3,3,8,1,4,4,4,4,7,7,7,7,4,7,7,7,4,4,4,4,4,7,7,7,7,4,12,4,4,13,14,4,4,4,4,4,7,4,1,1,4,4,4,4,4,4,4,15,6,6,6,16,4,4,4,4,17,18,19,4,4,4,20,4,4,4,4,4,4,4,4,4,4,21,22,4,4,4,4,3,3,3,3,3,3,3,3,8,8,8,8,8,8,8,8","0.000725030899047852","walktrap","edit-xhwikibooks.graphml"
"0.01","0.67","0.32","0.445289533749788","5,4,5,5,5,1,5,1,1,1,6,3,1,1,1,1,10,6,2,3,4,8,1,1,1,1,1,7,4,11,12,2,3,3,2,2,9,1,4,4,4,4,8,8,8,8,4,8,8,8,4,4,4,4,4,8,8,8,8,4,13,4,4,14,15,4,4,4,4,4,8,4,1,1,4,4,4,4,4,4,4,16,7,7,7,17,4,4,4,4,18,19,20,4,4,4,21,4,4,4,4,4,4,4,4,4,4,22,23,4,4,4,4,2,2,2,2,2,2,2,2,9,9,9,9,9,9,9,9","0.000797033309936523","walktrap","edit-xhwikibooks.graphml"
"0","0.68","0.32","0.444344186476334","6,9,6,6,6,2,5,3,3,2,4,5,3,3,3,2,12,4,7,1,9,10,13,3,3,3,3,8,6,14,15,16,1,1,7,7,11,3,9,9,9,9,10,10,10,10,9,10,10,10,9,9,9,9,9,10,10,10,10,9,17,9,9,18,19,9,9,9,9,9,10,9,3,3,9,9,9,9,9,9,9,20,8,8,8,21,9,9,9,9,22,23,24,9,9,9,25,9,9,9,9,9,9,9,9,9,9,26,27,9,9,9,9,7,7,7,7,7,7,7,7,11,11,11,11,11,11,11,11","0.000735044479370117","walktrap","edit-xhwikibooks.graphml"
"0.67","0","0.33","0.375445229034545","1,2,1,1,1,1,1,1,1,1,1,3,1,1,1,1,5,4,6,3,2,10,8,1,1,1,1,9,2,5,4,7,3,3,6,6,11,1,2,2,2,2,10,10,10,10,2,10,10,10,2,2,2,2,2,10,10,10,10,2,8,2,2,1,1,2,2,2,2,2,10,2,1,1,2,2,2,2,2,2,2,1,9,9,9,2,2,2,2,2,5,4,7,2,2,2,1,2,2,2,2,2,2,2,2,2,2,3,3,2,2,2,2,6,6,6,6,6,6,6,6,11,11,11,11,11,11,11,11","0.000710010528564453","walktrap","edit-xhwikibooks.graphml"
"0.66","0.01","0.33","0.375445229034545","1,2,1,1,1,1,1,1,1,1,1,3,1,1,1,1,5,4,6,3,2,10,8,1,1,1,1,9,2,5,4,7,3,3,6,6,11,1,2,2,2,2,10,10,10,10,2,10,10,10,2,2,2,2,2,10,10,10,10,2,8,2,2,1,1,2,2,2,2,2,10,2,1,1,2,2,2,2,2,2,2,1,9,9,9,2,2,2,2,2,5,4,7,2,2,2,1,2,2,2,2,2,2,2,2,2,2,3,3,2,2,2,2,6,6,6,6,6,6,6,6,11,11,11,11,11,11,11,11","0.000715017318725586","walktrap","edit-xhwikibooks.graphml"
"0.65","0.02","0.33","0.375445229034545","1,2,1,1,1,1,1,1,1,1,1,3,1,1,1,1,5,4,6,3,2,10,8,1,1,1,1,9,2,5,4,7,3,3,6,6,11,1,2,2,2,2,10,10,10,10,2,10,10,10,2,2,2,2,2,10,10,10,10,2,8,2,2,1,1,2,2,2,2,2,10,2,1,1,2,2,2,2,2,2,2,1,9,9,9,2,2,2,2,2,5,4,7,2,2,2,1,2,2,2,2,2,2,2,2,2,2,3,3,2,2,2,2,6,6,6,6,6,6,6,6,11,11,11,11,11,11,11,11","0.000701904296875","walktrap","edit-xhwikibooks.graphml"
"0.64","0.03","0.33","0.375146483814017","1,2,1,1,1,1,1,1,1,1,1,3,1,1,1,1,5,4,6,3,2,10,8,1,1,1,1,9,2,5,4,7,3,3,6,6,11,1,2,2,2,2,10,10,10,10,2,10,10,10,2,2,2,2,2,10,10,10,10,2,8,2,2,1,1,2,2,2,2,2,10,2,1,1,2,2,2,2,2,2,2,1,9,9,9,2,2,2,2,2,5,4,7,2,2,2,1,2,2,2,2,2,2,2,2,2,2,3,3,2,2,2,2,6,6,6,6,6,6,6,6,11,11,11,11,11,11,11,11","0.00115203857421875","walktrap","edit-xhwikibooks.graphml"
"0.63","0.04","0.33","0.375146483814017","1,2,1,1,1,1,1,1,1,1,1,3,1,1,1,1,5,4,6,3,2,10,8,1,1,1,1,9,2,5,4,7,3,3,6,6,11,1,2,2,2,2,10,10,10,10,2,10,10,10,2,2,2,2,2,10,10,10,10,2,8,2,2,1,1,2,2,2,2,2,10,2,1,1,2,2,2,2,2,2,2,1,9,9,9,2,2,2,2,2,5,4,7,2,2,2,1,2,2,2,2,2,2,2,2,2,2,3,3,2,2,2,2,6,6,6,6,6,6,6,6,11,11,11,11,11,11,11,11","0.00113511085510254","walktrap","edit-xhwikibooks.graphml"
"0.62","0.05","0.33","0.37484818863118","1,2,1,1,1,1,1,1,1,1,1,3,1,1,1,1,5,4,6,3,2,10,8,1,1,1,1,9,2,5,4,7,3,3,6,6,11,1,2,2,2,2,10,10,10,10,2,10,10,10,2,2,2,2,2,10,10,10,10,2,8,2,2,1,1,2,2,2,2,2,10,2,1,1,2,2,2,2,2,2,2,1,9,9,9,2,2,2,2,2,5,4,7,2,2,2,1,2,2,2,2,2,2,2,2,2,2,3,3,2,2,2,2,6,6,6,6,6,6,6,6,11,11,11,11,11,11,11,11","0.00116109848022461","walktrap","edit-xhwikibooks.graphml"
"0.61","0.06","0.33","0.37484818863118","1,2,1,1,1,1,1,1,1,1,1,3,1,1,1,1,5,4,6,3,2,10,8,1,1,1,1,9,2,5,4,7,3,3,6,6,11,1,2,2,2,2,10,10,10,10,2,10,10,10,2,2,2,2,2,10,10,10,10,2,8,2,2,1,1,2,2,2,2,2,10,2,1,1,2,2,2,2,2,2,2,1,9,9,9,2,2,2,2,2,5,4,7,2,2,2,1,2,2,2,2,2,2,2,2,2,2,3,3,2,2,2,2,6,6,6,6,6,6,6,6,11,11,11,11,11,11,11,11","0.00118684768676758","walktrap","edit-xhwikibooks.graphml"
"0.6","0.07","0.33","0.374550342559814","1,2,1,1,1,1,1,1,1,1,1,3,1,1,1,1,5,4,6,3,2,10,8,1,1,1,1,9,2,5,4,7,3,3,6,6,11,1,2,2,2,2,10,10,10,10,2,10,10,10,2,2,2,2,2,10,10,10,10,2,8,2,2,1,1,2,2,2,2,2,10,2,1,1,2,2,2,2,2,2,2,1,9,9,9,2,2,2,2,2,5,4,7,2,2,2,1,2,2,2,2,2,2,2,2,2,2,3,3,2,2,2,2,6,6,6,6,6,6,6,6,11,11,11,11,11,11,11,11","0.00117802619934082","walktrap","edit-xhwikibooks.graphml"
"0.59","0.08","0.33","0.37564259369423","1,2,1,1,1,1,1,1,1,1,1,3,1,1,1,1,5,4,6,3,2,11,8,1,1,1,1,9,2,5,4,7,3,3,6,6,10,1,2,2,2,2,11,11,11,11,2,11,11,11,2,2,2,2,2,11,11,11,11,2,8,2,2,1,1,2,2,2,2,2,11,2,1,1,2,2,2,2,2,2,2,1,9,9,9,2,2,2,2,2,5,4,7,2,2,2,1,2,2,2,2,2,2,2,2,2,2,3,3,2,2,2,2,6,6,6,6,6,6,6,6,10,10,10,10,10,10,10,10","0.00114202499389648","walktrap","edit-xhwikibooks.graphml"
"0.58","0.09","0.33","0.375344835447944","1,2,1,1,1,1,1,1,1,1,1,3,1,1,1,1,5,4,6,3,2,11,8,1,1,1,1,9,2,5,4,7,3,3,6,6,10,1,2,2,2,2,11,11,11,11,2,11,11,11,2,2,2,2,2,11,11,11,11,2,8,2,2,1,1,2,2,2,2,2,11,2,1,1,2,2,2,2,2,2,2,1,9,9,9,2,2,2,2,2,5,4,7,2,2,2,1,2,2,2,2,2,2,2,2,2,2,3,3,2,2,2,2,6,6,6,6,6,6,6,6,10,10,10,10,10,10,10,10","0.00116205215454102","walktrap","edit-xhwikibooks.graphml"
"0.57","0.1","0.33","0.375344835447944","1,2,1,1,1,1,1,1,1,1,1,3,1,1,1,1,5,4,6,3,2,11,8,1,1,1,1,9,2,5,4,7,3,3,6,6,10,1,2,2,2,2,11,11,11,11,2,11,11,11,2,2,2,2,2,11,11,11,11,2,8,2,2,1,1,2,2,2,2,2,11,2,1,1,2,2,2,2,2,2,2,1,9,9,9,2,2,2,2,2,5,4,7,2,2,2,1,2,2,2,2,2,2,2,2,2,2,3,3,2,2,2,2,6,6,6,6,6,6,6,6,10,10,10,10,10,10,10,10","0.00121593475341797","walktrap","edit-xhwikibooks.graphml"
"0.56","0.11","0.33","0.375047524055942","1,2,1,1,1,1,1,1,1,1,1,3,1,1,1,1,5,4,6,3,2,11,8,1,1,1,1,9,2,5,4,7,3,3,6,6,10,1,2,2,2,2,11,11,11,11,2,11,11,11,2,2,2,2,2,11,11,11,11,2,8,2,2,1,1,2,2,2,2,2,11,2,1,1,2,2,2,2,2,2,2,1,9,9,9,2,2,2,2,2,5,4,7,2,2,2,1,2,2,2,2,2,2,2,2,2,2,3,3,2,2,2,2,6,6,6,6,6,6,6,6,10,10,10,10,10,10,10,10","0.00118899345397949","walktrap","edit-xhwikibooks.graphml"
"0.55","0.12","0.33","0.375658384969981","1,13,1,1,1,1,1,3,3,1,1,2,3,3,3,1,5,4,7,2,13,11,9,3,3,3,3,10,6,5,4,8,2,2,7,7,12,3,13,13,13,13,11,11,11,11,13,11,11,11,13,13,13,13,13,11,11,11,11,13,9,13,13,3,3,13,13,13,13,13,11,13,3,3,13,13,13,13,13,13,13,3,10,10,10,6,13,13,13,13,5,4,8,13,13,13,1,13,13,13,13,13,13,13,13,13,13,2,2,13,13,13,13,7,7,7,7,7,7,7,7,12,12,12,12,12,12,12,12","0.00111889839172363","walktrap","edit-xhwikibooks.graphml"
"0.54","0.13","0.33","0.375361014233198","1,13,1,1,1,1,1,3,3,1,1,2,3,3,3,1,5,4,7,2,13,11,9,3,3,3,3,10,6,5,4,8,2,2,7,7,12,3,13,13,13,13,11,11,11,11,13,11,11,11,13,13,13,13,13,11,11,11,11,13,9,13,13,3,3,13,13,13,13,13,11,13,3,3,13,13,13,13,13,13,13,3,10,10,10,6,13,13,13,13,5,4,8,13,13,13,1,13,13,13,13,13,13,13,13,13,13,2,2,13,13,13,13,7,7,7,7,7,7,7,7,12,12,12,12,12,12,12,12","0.000758886337280273","walktrap","edit-xhwikibooks.graphml"
"0.53","0.14","0.33","0.375064089839608","1,12,1,1,1,1,1,3,3,1,1,2,3,3,3,1,5,4,7,2,12,11,9,3,3,3,3,10,6,5,4,8,2,2,7,7,13,3,12,12,12,12,11,11,11,11,12,11,11,11,12,12,12,12,12,11,11,11,11,12,9,12,12,3,3,12,12,12,12,12,11,12,3,3,12,12,12,12,12,12,12,3,10,10,10,6,12,12,12,12,5,4,8,12,12,12,1,12,12,12,12,12,12,12,12,12,12,2,2,12,12,12,12,7,7,7,7,7,7,7,7,13,13,13,13,13,13,13,13","0.00074005126953125","walktrap","edit-xhwikibooks.graphml"
"0.52","0.15","0.33","0.376878116944581","1,12,1,1,1,1,1,3,3,1,1,2,3,3,3,1,5,4,8,2,12,11,9,3,3,3,3,10,6,5,4,7,2,2,8,8,13,3,12,12,12,12,11,11,11,11,12,11,11,11,12,12,12,12,12,11,11,11,11,12,9,12,12,3,3,12,12,12,12,12,11,12,3,3,12,12,12,12,12,12,12,3,10,10,10,6,12,12,12,12,5,4,7,12,12,12,1,12,12,12,12,12,12,12,12,12,12,2,2,12,12,12,12,8,8,8,8,8,8,8,8,13,13,13,13,13,13,13,13","0.00076603889465332","walktrap","edit-xhwikibooks.graphml"
"0.51","0.16","0.33","0.377948143480595","1,12,1,1,1,1,1,3,3,1,1,2,3,3,3,1,5,4,8,2,12,11,9,3,3,3,3,10,6,5,4,7,2,2,8,8,13,3,12,12,12,12,11,11,11,11,12,11,11,11,12,12,12,12,12,11,11,11,11,12,9,12,12,3,3,12,12,12,12,12,11,12,3,3,12,12,12,12,12,12,12,3,10,10,10,6,12,12,12,12,5,4,7,12,12,12,1,12,12,12,12,12,12,12,12,12,12,2,2,12,12,12,12,8,8,8,8,8,8,8,8,13,13,13,13,13,13,13,13","0.000772953033447266","walktrap","edit-xhwikibooks.graphml"
"0.5","0.17","0.33","0.37867885349122","1,12,1,1,1,1,1,3,3,1,1,2,3,3,3,1,5,4,9,2,12,11,8,3,3,3,3,10,6,5,4,7,2,2,9,9,13,3,12,12,12,12,11,11,11,11,12,11,11,11,12,12,12,12,12,11,11,11,11,12,8,12,12,3,3,12,12,12,12,12,11,12,3,3,12,12,12,12,12,12,12,3,10,10,10,6,12,12,12,12,5,4,7,12,12,12,1,12,12,12,12,12,12,12,12,12,12,2,2,12,12,12,12,9,9,9,9,9,9,9,9,13,13,13,13,13,13,13,13","0.000748872756958008","walktrap","edit-xhwikibooks.graphml"
"0.49","0.18","0.33","0.37867885349122","1,12,1,1,1,1,1,3,3,1,1,2,3,3,3,1,5,4,9,2,12,11,8,3,3,3,3,10,6,5,4,7,2,2,9,9,13,3,12,12,12,12,11,11,11,11,12,11,11,11,12,12,12,12,12,11,11,11,11,12,8,12,12,3,3,12,12,12,12,12,11,12,3,3,12,12,12,12,12,12,12,3,10,10,10,6,12,12,12,12,5,4,7,12,12,12,1,12,12,12,12,12,12,12,12,12,12,2,2,12,12,12,12,9,9,9,9,9,9,9,9,13,13,13,13,13,13,13,13","0.000846147537231445","walktrap","edit-xhwikibooks.graphml"
"0.48","0.19","0.33","0.378382078326112","1,12,1,1,1,1,1,3,3,1,1,2,3,3,3,1,5,4,9,2,12,11,8,3,3,3,3,10,6,5,4,7,2,2,9,9,13,3,12,12,12,12,11,11,11,11,12,11,11,11,12,12,12,12,12,11,11,11,11,12,8,12,12,3,3,12,12,12,12,12,11,12,3,3,12,12,12,12,12,12,12,3,10,10,10,6,12,12,12,12,5,4,7,12,12,12,1,12,12,12,12,12,12,12,12,12,12,2,2,12,12,12,12,9,9,9,9,9,9,9,9,13,13,13,13,13,13,13,13","0.0007171630859375","walktrap","edit-xhwikibooks.graphml"
"0.47","0.2","0.33","0.380557045118343","1,12,1,1,1,1,1,3,3,1,1,2,3,3,3,1,5,4,9,2,12,11,8,3,3,3,3,10,6,5,4,7,2,2,9,9,13,3,12,12,12,12,11,11,11,11,12,11,11,11,12,12,12,12,12,11,11,11,11,12,8,12,12,3,3,12,12,12,12,12,11,12,3,3,12,12,12,12,12,12,12,3,10,10,10,6,12,12,12,12,5,4,7,12,12,12,1,12,12,12,12,12,12,12,12,12,12,2,2,12,12,12,12,9,9,9,9,9,9,9,9,13,13,13,13,13,13,13,13","0.000710010528564453","walktrap","edit-xhwikibooks.graphml"
"0.46","0.21","0.33","0.380259965801744","1,12,1,1,1,1,1,3,3,1,1,2,3,3,3,1,5,4,9,2,12,11,8,3,3,3,3,10,6,5,4,7,2,2,9,9,13,3,12,12,12,12,11,11,11,11,12,11,11,11,12,12,12,12,12,11,11,11,11,12,8,12,12,3,3,12,12,12,12,12,11,12,3,3,12,12,12,12,12,12,12,3,10,10,10,6,12,12,12,12,5,4,7,12,12,12,1,12,12,12,12,12,12,12,12,12,12,2,2,12,12,12,12,9,9,9,9,9,9,9,9,13,13,13,13,13,13,13,13","0.00114178657531738","walktrap","edit-xhwikibooks.graphml"
"0.45","0.22","0.33","0.380259965801744","1,12,1,1,1,1,1,3,3,1,1,2,3,3,3,1,5,4,9,2,12,11,8,3,3,3,3,10,6,5,4,7,2,2,9,9,13,3,12,12,12,12,11,11,11,11,12,11,11,11,12,12,12,12,12,11,11,11,11,12,8,12,12,3,3,12,12,12,12,12,11,12,3,3,12,12,12,12,12,12,12,3,10,10,10,6,12,12,12,12,5,4,7,12,12,12,1,12,12,12,12,12,12,12,12,12,12,2,2,12,12,12,12,9,9,9,9,9,9,9,9,13,13,13,13,13,13,13,13","0.00162196159362793","walktrap","edit-xhwikibooks.graphml"
"0.44","0.23","0.33","0.383181245850599","1,12,1,1,1,1,1,3,3,1,1,2,3,3,3,1,5,4,9,2,12,11,8,3,3,3,3,10,6,5,4,7,2,2,9,9,13,3,12,12,12,12,11,11,11,11,12,11,11,11,12,12,12,12,12,11,11,11,11,12,8,12,12,3,3,12,12,12,12,12,11,12,3,3,12,12,12,12,12,12,12,3,10,10,10,6,12,12,12,12,5,4,7,12,12,12,1,12,12,12,12,12,12,12,12,12,12,2,2,12,12,12,12,9,9,9,9,9,9,9,9,13,13,13,13,13,13,13,13","0.00162100791931152","walktrap","edit-xhwikibooks.graphml"
"0.43","0.24","0.33","0.384227540772642","1,11,1,1,1,1,1,3,3,1,1,2,3,3,3,1,5,4,9,2,11,12,8,3,3,3,3,10,6,5,4,7,2,2,9,9,13,3,11,11,11,11,12,12,12,12,11,12,12,12,11,11,11,11,11,12,12,12,12,11,8,11,11,3,3,11,11,11,11,11,12,11,3,3,11,11,11,11,11,11,11,3,10,10,10,6,11,11,11,11,5,4,7,11,11,11,1,11,11,11,11,11,11,11,11,11,11,2,2,11,11,11,11,9,9,9,9,9,9,9,9,13,13,13,13,13,13,13,13","0.00119400024414062","walktrap","edit-xhwikibooks.graphml"
"0.42","0.25","0.33","0.387132426303855","1,11,1,1,1,1,1,3,3,1,1,2,3,3,3,1,5,4,9,2,11,12,8,3,3,3,3,10,6,5,4,7,2,2,9,9,13,3,11,11,11,11,12,12,12,12,11,12,12,12,11,11,11,11,11,12,12,12,12,11,8,11,11,3,3,11,11,11,11,11,12,11,3,3,11,11,11,11,11,11,11,3,10,10,10,6,11,11,11,11,5,4,7,11,11,11,1,11,11,11,11,11,11,11,11,11,11,2,2,11,11,11,11,9,9,9,9,9,9,9,9,13,13,13,13,13,13,13,13","0.00119113922119141","walktrap","edit-xhwikibooks.graphml"
"0.41","0.26","0.33","0.387132426303855","1,11,1,1,1,1,1,3,3,1,1,2,3,3,3,1,5,4,9,2,11,12,8,3,3,3,3,10,6,5,4,7,2,2,9,9,13,3,11,11,11,11,12,12,12,12,11,12,12,12,11,11,11,11,11,12,12,12,12,11,8,11,11,3,3,11,11,11,11,11,12,11,3,3,11,11,11,11,11,11,11,3,10,10,10,6,11,11,11,11,5,4,7,11,11,11,1,11,11,11,11,11,11,11,11,11,11,2,2,11,11,11,11,9,9,9,9,9,9,9,9,13,13,13,13,13,13,13,13","0.000692129135131836","walktrap","edit-xhwikibooks.graphml"
"0.4","0.27","0.33","0.387132426303855","1,11,1,1,1,1,1,3,3,1,1,2,3,3,3,1,5,4,9,2,11,12,8,3,3,3,3,10,6,5,4,7,2,2,9,9,13,3,11,11,11,11,12,12,12,12,11,12,12,12,11,11,11,11,11,12,12,12,12,11,8,11,11,3,3,11,11,11,11,11,12,11,3,3,11,11,11,11,11,11,11,3,10,10,10,6,11,11,11,11,5,4,7,11,11,11,1,11,11,11,11,11,11,11,11,11,11,2,2,11,11,11,11,9,9,9,9,9,9,9,9,13,13,13,13,13,13,13,13","0.000786066055297852","walktrap","edit-xhwikibooks.graphml"
"0.39","0.28","0.33","0.386834250557441","1,11,1,1,1,1,1,3,3,1,1,2,3,3,3,1,5,4,9,2,11,12,8,3,3,3,3,10,6,5,4,7,2,2,9,9,13,3,11,11,11,11,12,12,12,12,11,12,12,12,11,11,11,11,11,12,12,12,12,11,8,11,11,3,3,11,11,11,11,11,12,11,3,3,11,11,11,11,11,11,11,3,10,10,10,6,11,11,11,11,5,4,7,11,11,11,1,11,11,11,11,11,11,11,11,11,11,2,2,11,11,11,11,9,9,9,9,9,9,9,9,13,13,13,13,13,13,13,13","0.000856161117553711","walktrap","edit-xhwikibooks.graphml"
"0.38","0.29","0.33","0.389438368344201","1,11,1,1,1,1,1,3,3,1,1,2,3,3,3,1,5,4,9,2,11,12,8,3,3,3,3,10,6,5,4,7,2,2,9,9,13,3,11,11,11,11,12,12,12,12,11,12,12,12,11,11,11,11,11,12,12,12,12,11,8,11,11,3,3,11,11,11,11,11,12,11,3,3,11,11,11,11,11,11,11,3,10,10,10,6,11,11,11,11,5,4,7,11,11,11,1,11,11,11,11,11,11,11,11,11,11,2,2,11,11,11,11,9,9,9,9,9,9,9,9,13,13,13,13,13,13,13,13","0.000699043273925781","walktrap","edit-xhwikibooks.graphml"
"0.37","0.3","0.33","0.389139157420259","1,11,1,1,1,1,1,3,3,1,1,2,3,3,3,1,5,4,9,2,11,12,8,3,3,3,3,10,6,5,4,7,2,2,9,9,13,3,11,11,11,11,12,12,12,12,11,12,12,12,11,11,11,11,11,12,12,12,12,11,8,11,11,3,3,11,11,11,11,11,12,11,3,3,11,11,11,11,11,11,11,3,10,10,10,6,11,11,11,11,5,4,7,11,11,11,1,11,11,11,11,11,11,11,11,11,11,2,2,11,11,11,11,9,9,9,9,9,9,9,9,13,13,13,13,13,13,13,13","0.000725984573364258","walktrap","edit-xhwikibooks.graphml"
"0.36","0.31","0.33","0.387122589966875","1,11,1,1,1,1,1,3,3,1,1,2,3,3,3,1,5,4,7,2,11,12,9,3,3,3,3,10,6,5,4,8,2,2,7,7,13,3,11,11,11,11,12,12,12,12,11,12,12,12,11,11,11,11,11,12,12,12,12,11,9,11,11,3,3,11,11,11,11,11,12,11,3,3,11,11,11,11,11,11,11,3,10,10,10,6,11,11,11,11,5,4,8,11,11,11,1,11,11,11,11,11,11,11,11,11,11,2,2,11,11,11,11,7,7,7,7,7,7,7,7,13,13,13,13,13,13,13,13","0.000716924667358398","walktrap","edit-xhwikibooks.graphml"
"0.35","0.32","0.33","0.381881063894878","1,2,1,1,1,1,1,1,1,1,1,3,1,1,1,1,5,4,1,3,2,9,7,1,1,1,1,8,2,5,4,6,3,3,1,1,10,1,2,2,2,2,9,9,9,9,2,9,9,9,2,2,2,2,2,9,9,9,9,2,7,2,2,1,1,2,2,2,2,2,9,2,1,1,2,2,2,2,2,2,2,1,8,8,8,2,2,2,2,2,5,4,6,2,2,2,1,2,2,2,2,2,2,2,2,2,2,3,3,2,2,2,2,1,1,1,1,1,1,1,1,10,10,10,10,10,10,10,10","0.000724077224731445","walktrap","edit-xhwikibooks.graphml"
"0.34","0.33","0.33","0.384401913875598","1,11,1,1,2,1,2,1,1,1,2,2,1,1,1,3,5,4,9,2,11,12,8,1,1,1,1,3,6,5,4,7,10,2,9,9,13,1,11,11,11,11,12,12,12,12,11,12,12,12,11,11,11,11,11,12,12,12,12,11,8,11,11,1,1,11,11,11,11,11,12,11,1,1,11,11,11,11,11,11,11,1,3,3,3,6,11,11,11,11,5,4,7,11,11,11,3,11,11,11,11,11,11,11,11,11,11,10,10,11,11,11,11,9,9,9,9,9,9,9,9,13,13,13,13,13,13,13,13","0.000707864761352539","walktrap","edit-xhwikibooks.graphml"
"0.33","0.34","0.33","0.396076881697813","1,7,1,1,2,1,2,1,1,1,2,2,1,1,1,3,6,5,4,2,7,9,1,1,1,1,1,3,7,6,5,4,8,2,4,4,10,1,7,7,7,7,9,9,9,9,7,9,9,9,7,7,7,7,7,9,9,9,9,7,11,7,7,1,1,7,7,7,7,7,9,7,1,1,7,7,7,7,7,7,7,1,3,3,3,12,7,7,7,7,13,14,15,7,7,7,3,7,7,7,7,7,7,7,7,7,7,8,8,7,7,7,7,4,4,4,4,4,4,4,4,10,10,10,10,10,10,10,10","0.000701904296875","walktrap","edit-xhwikibooks.graphml"
"0.32","0.35","0.33","0.396076881697813","1,7,1,1,2,1,2,1,1,1,2,2,1,1,1,3,6,5,4,2,7,9,1,1,1,1,1,3,7,6,5,4,8,2,4,4,10,1,7,7,7,7,9,9,9,9,7,9,9,9,7,7,7,7,7,9,9,9,9,7,11,7,7,1,1,7,7,7,7,7,9,7,1,1,7,7,7,7,7,7,7,1,3,3,3,12,7,7,7,7,13,14,15,7,7,7,3,7,7,7,7,7,7,7,7,7,7,8,8,7,7,7,7,4,4,4,4,4,4,4,4,10,10,10,10,10,10,10,10","0.00070500373840332","walktrap","edit-xhwikibooks.graphml"
"0.31","0.36","0.33","0.395774296832844","1,7,1,1,2,1,2,1,1,1,2,2,1,1,1,3,6,5,4,2,7,9,1,1,1,1,1,3,7,6,5,4,8,2,4,4,10,1,7,7,7,7,9,9,9,9,7,9,9,9,7,7,7,7,7,9,9,9,9,7,11,7,7,1,1,7,7,7,7,7,9,7,1,1,7,7,7,7,7,7,7,1,3,3,3,12,7,7,7,7,13,14,15,7,7,7,3,7,7,7,7,7,7,7,7,7,7,8,8,7,7,7,7,4,4,4,4,4,4,4,4,10,10,10,10,10,10,10,10","0.00067591667175293","walktrap","edit-xhwikibooks.graphml"
"0.3","0.37","0.33","0.395774296832844","1,7,1,1,2,1,2,1,1,1,2,2,1,1,1,3,6,5,4,2,7,9,1,1,1,1,1,3,7,6,5,4,8,2,4,4,10,1,7,7,7,7,9,9,9,9,7,9,9,9,7,7,7,7,7,9,9,9,9,7,11,7,7,1,1,7,7,7,7,7,9,7,1,1,7,7,7,7,7,7,7,1,3,3,3,12,7,7,7,7,13,14,15,7,7,7,3,7,7,7,7,7,7,7,7,7,7,8,8,7,7,7,7,4,4,4,4,4,4,4,4,10,10,10,10,10,10,10,10","0.000716924667358398","walktrap","edit-xhwikibooks.graphml"
"0.29","0.38","0.33","0.395472147990024","1,7,1,1,2,1,2,1,1,1,2,2,1,1,1,3,6,5,4,2,7,9,1,1,1,1,1,3,7,6,5,4,8,2,4,4,10,1,7,7,7,7,9,9,9,9,7,9,9,9,7,7,7,7,7,9,9,9,9,7,11,7,7,1,1,7,7,7,7,7,9,7,1,1,7,7,7,7,7,7,7,1,3,3,3,12,7,7,7,7,13,14,15,7,7,7,3,7,7,7,7,7,7,7,7,7,7,8,8,7,7,7,7,4,4,4,4,4,4,4,4,10,10,10,10,10,10,10,10","0.000689029693603516","walktrap","edit-xhwikibooks.graphml"
"0.28","0.39","0.33","0.396490299038804","1,7,1,1,2,1,2,1,1,1,2,2,1,1,1,3,6,5,4,2,7,9,1,1,1,1,1,3,7,6,5,4,8,2,4,4,10,1,7,7,7,7,9,9,9,9,7,9,9,9,7,7,7,7,7,9,9,9,9,7,11,7,7,1,1,7,7,7,7,7,9,7,1,1,7,7,7,7,7,7,7,1,3,3,3,12,7,7,7,7,13,14,15,7,7,7,3,7,7,7,7,7,7,7,7,7,7,8,8,7,7,7,7,4,4,4,4,4,4,4,4,10,10,10,10,10,10,10,10","0.000699043273925781","walktrap","edit-xhwikibooks.graphml"
"0.27","0.4","0.33","0.398141453438103","1,8,1,1,2,1,2,1,1,1,2,2,1,1,1,3,6,5,4,2,8,9,1,1,1,1,1,3,8,6,5,4,7,2,4,4,10,1,8,8,8,8,9,9,9,9,8,9,9,9,8,8,8,8,8,9,9,9,9,8,11,8,8,1,1,8,8,8,8,8,9,8,1,1,8,8,8,8,8,8,8,1,3,3,3,12,8,8,8,8,13,14,15,8,8,8,3,8,8,8,8,8,8,8,8,8,8,7,7,8,8,8,8,4,4,4,4,4,4,4,4,10,10,10,10,10,10,10,10","0.000679969787597656","walktrap","edit-xhwikibooks.graphml"
"0.26","0.41","0.33","0.398141453438103","1,8,1,1,2,1,2,1,1,1,2,2,1,1,1,3,6,5,4,2,8,9,1,1,1,1,1,3,8,6,5,4,7,2,4,4,10,1,8,8,8,8,9,9,9,9,8,9,9,9,8,8,8,8,8,9,9,9,9,8,11,8,8,1,1,8,8,8,8,8,9,8,1,1,8,8,8,8,8,8,8,1,3,3,3,12,8,8,8,8,13,14,15,8,8,8,3,8,8,8,8,8,8,8,8,8,8,7,7,8,8,8,8,4,4,4,4,4,4,4,4,10,10,10,10,10,10,10,10","0.000885009765625","walktrap","edit-xhwikibooks.graphml"
"0.25","0.42","0.33","0.397839494177172","1,8,1,1,2,1,2,1,1,1,2,2,1,1,1,3,6,5,4,2,8,9,1,1,1,1,1,3,8,6,5,4,7,2,4,4,10,1,8,8,8,8,9,9,9,9,8,9,9,9,8,8,8,8,8,9,9,9,9,8,11,8,8,1,1,8,8,8,8,8,9,8,1,1,8,8,8,8,8,8,8,1,3,3,3,12,8,8,8,8,13,14,15,8,8,8,3,8,8,8,8,8,8,8,8,8,8,7,7,8,8,8,8,4,4,4,4,4,4,4,4,10,10,10,10,10,10,10,10","0.000671863555908203","walktrap","edit-xhwikibooks.graphml"
"0.24","0.43","0.33","0.3997748064867","1,8,1,1,2,1,2,1,1,1,2,2,1,1,1,3,6,5,4,2,8,9,1,1,1,1,1,3,8,6,5,4,7,2,4,4,10,1,8,8,8,8,9,9,9,9,8,9,9,9,8,8,8,8,8,9,9,9,9,8,11,8,8,1,1,8,8,8,8,8,9,8,1,1,8,8,8,8,8,8,8,1,3,3,3,12,8,8,8,8,13,14,15,8,8,8,3,8,8,8,8,8,8,8,8,8,8,7,7,8,8,8,8,4,4,4,4,4,4,4,4,10,10,10,10,10,10,10,10","0.000690937042236328","walktrap","edit-xhwikibooks.graphml"
"0.23","0.44","0.33","0.399472897849694","1,8,1,1,2,1,2,1,1,1,2,2,1,1,1,3,6,5,4,2,8,9,1,1,1,1,1,3,8,6,5,4,7,2,4,4,10,1,8,8,8,8,9,9,9,9,8,9,9,9,8,8,8,8,8,9,9,9,9,8,11,8,8,1,1,8,8,8,8,8,9,8,1,1,8,8,8,8,8,8,8,1,3,3,3,12,8,8,8,8,13,14,15,8,8,8,3,8,8,8,8,8,8,8,8,8,8,7,7,8,8,8,8,4,4,4,4,4,4,4,4,10,10,10,10,10,10,10,10","0.000669002532958984","walktrap","edit-xhwikibooks.graphml"
"0.22","0.45","0.33","0.401478961917671","1,8,1,1,2,1,2,1,1,1,2,2,1,1,1,3,6,5,4,2,8,9,1,1,1,1,1,3,8,6,5,4,7,2,4,4,10,1,8,8,8,8,9,9,9,9,8,9,9,9,8,8,8,8,8,9,9,9,9,8,11,8,8,1,1,8,8,8,8,8,9,8,1,1,8,8,8,8,8,8,8,1,3,3,3,12,8,8,8,8,13,14,15,8,8,8,3,8,8,8,8,8,8,8,8,8,8,7,7,8,8,8,8,4,4,4,4,4,4,4,4,10,10,10,10,10,10,10,10","0.000686883926391602","walktrap","edit-xhwikibooks.graphml"
"0.21","0.46","0.33","0.401176958686348","1,8,1,1,2,1,2,1,1,1,2,2,1,1,1,3,6,5,4,2,8,9,1,1,1,1,1,3,8,6,5,4,7,2,4,4,10,1,8,8,8,8,9,9,9,9,8,9,9,9,8,8,8,8,8,9,9,9,9,8,11,8,8,1,1,8,8,8,8,8,9,8,1,1,8,8,8,8,8,8,8,1,3,3,3,12,8,8,8,8,13,14,15,8,8,8,3,8,8,8,8,8,8,8,8,8,8,7,7,8,8,8,8,4,4,4,4,4,4,4,4,10,10,10,10,10,10,10,10","0.000684022903442383","walktrap","edit-xhwikibooks.graphml"
"0.2","0.47","0.33","0.402173505567804","1,8,1,1,2,1,2,1,1,1,2,2,1,1,1,3,6,5,4,2,8,9,1,1,1,1,1,3,8,6,5,4,7,2,4,4,10,1,8,8,8,8,9,9,9,9,8,9,9,9,8,8,8,8,8,9,9,9,9,8,11,8,8,1,1,8,8,8,8,8,9,8,1,1,8,8,8,8,8,8,8,1,3,3,3,12,8,8,8,8,13,14,15,8,8,8,3,8,8,8,8,8,8,8,8,8,8,7,7,8,8,8,8,4,4,4,4,4,4,4,4,10,10,10,10,10,10,10,10","0.000699043273925781","walktrap","edit-xhwikibooks.graphml"
"0.19","0.48","0.33","0.401871675902205","1,8,1,1,2,1,2,1,1,1,2,2,1,1,1,3,6,5,4,2,8,9,1,1,1,1,1,3,8,6,5,4,7,2,4,4,10,1,8,8,8,8,9,9,9,9,8,9,9,9,8,8,8,8,8,9,9,9,9,8,11,8,8,1,1,8,8,8,8,8,9,8,1,1,8,8,8,8,8,8,8,1,3,3,3,12,8,8,8,8,13,14,15,8,8,8,3,8,8,8,8,8,8,8,8,8,8,7,7,8,8,8,8,4,4,4,4,4,4,4,4,10,10,10,10,10,10,10,10","0.000700950622558594","walktrap","edit-xhwikibooks.graphml"
"0.18","0.49","0.33","0.401871675902205","1,8,1,1,2,1,2,1,1,1,2,2,1,1,1,3,6,5,4,2,8,9,1,1,1,1,1,3,8,6,5,4,7,2,4,4,10,1,8,8,8,8,9,9,9,9,8,9,9,9,8,8,8,8,8,9,9,9,9,8,11,8,8,1,1,8,8,8,8,8,9,8,1,1,8,8,8,8,8,8,8,1,3,3,3,12,8,8,8,8,13,14,15,8,8,8,3,8,8,8,8,8,8,8,8,8,8,7,7,8,8,8,8,4,4,4,4,4,4,4,4,10,10,10,10,10,10,10,10","0.000696897506713867","walktrap","edit-xhwikibooks.graphml"
"0.17","0.5","0.33","0.439326226327234","1,5,1,1,3,1,3,1,1,1,3,3,1,1,1,4,7,6,2,3,5,9,1,1,1,1,1,4,5,7,6,2,8,3,2,2,10,1,5,5,5,5,9,9,9,9,5,9,9,9,5,5,5,5,5,9,9,9,9,5,11,5,5,1,1,5,5,5,5,5,9,5,1,1,5,5,5,5,5,5,5,1,4,4,4,12,5,5,5,5,13,14,15,5,5,5,4,5,5,5,5,5,5,5,5,5,5,8,8,5,5,5,5,2,2,2,2,2,2,2,2,10,10,10,10,10,10,10,10","0.000733852386474609","walktrap","edit-xhwikibooks.graphml"
"0.16","0.51","0.33","0.439326226327234","1,5,1,1,3,1,3,1,1,1,3,3,1,1,1,4,7,6,2,3,5,9,1,1,1,1,1,4,5,7,6,2,8,3,2,2,10,1,5,5,5,5,9,9,9,9,5,9,9,9,5,5,5,5,5,9,9,9,9,5,11,5,5,1,1,5,5,5,5,5,9,5,1,1,5,5,5,5,5,5,5,1,4,4,4,12,5,5,5,5,13,14,15,5,5,5,4,5,5,5,5,5,5,5,5,5,5,8,8,5,5,5,5,2,2,2,2,2,2,2,2,10,10,10,10,10,10,10,10","0.000724077224731445","walktrap","edit-xhwikibooks.graphml"
"0.15","0.52","0.33","0.453853436799556","1,5,1,1,3,1,3,1,1,1,3,3,1,1,1,4,7,6,2,3,5,9,1,1,1,1,1,4,5,7,6,2,8,3,2,2,10,1,5,5,5,5,9,9,9,9,5,9,9,9,5,5,5,5,5,9,9,9,9,5,11,5,5,1,1,5,5,5,5,5,9,5,1,1,5,5,5,5,5,5,5,1,4,4,4,12,5,5,5,5,13,14,15,5,5,5,4,5,5,5,5,5,5,5,5,5,5,8,8,5,5,5,5,2,2,2,2,2,2,2,2,10,10,10,10,10,10,10,10","0.000705957412719727","walktrap","edit-xhwikibooks.graphml"
"0.14","0.53","0.33","0.453528329666964","1,5,1,1,3,1,3,1,1,1,3,3,1,1,1,4,7,6,2,3,5,9,1,1,1,1,1,4,5,7,6,2,8,3,2,2,10,1,5,5,5,5,9,9,9,9,5,9,9,9,5,5,5,5,5,9,9,9,9,5,11,5,5,1,1,5,5,5,5,5,9,5,1,1,5,5,5,5,5,5,5,1,4,4,4,12,5,5,5,5,13,14,15,5,5,5,4,5,5,5,5,5,5,5,5,5,5,8,8,5,5,5,5,2,2,2,2,2,2,2,2,10,10,10,10,10,10,10,10","0.000696182250976562","walktrap","edit-xhwikibooks.graphml"
"0.13","0.54","0.33","0.454099175015345","1,5,1,1,3,1,3,1,1,1,3,3,1,1,1,4,7,6,2,3,5,9,1,1,1,1,1,4,5,7,6,2,8,3,2,2,10,1,5,5,5,5,9,9,9,9,5,9,9,9,5,5,5,5,5,9,9,9,9,5,11,5,5,1,1,5,5,5,5,5,9,5,1,1,5,5,5,5,5,5,5,1,4,4,4,12,5,5,5,5,13,14,15,5,5,5,4,5,5,5,5,5,5,5,5,5,5,8,8,5,5,5,5,2,2,2,2,2,2,2,2,10,10,10,10,10,10,10,10","0.000798940658569336","walktrap","edit-xhwikibooks.graphml"
"0.12","0.55","0.33","0.453774797187669","1,5,1,1,3,1,3,1,1,1,3,3,1,1,1,4,7,6,2,3,5,9,1,1,1,1,1,4,5,7,6,2,8,3,2,2,10,1,5,5,5,5,9,9,9,9,5,9,9,9,5,5,5,5,5,9,9,9,9,5,11,5,5,1,1,5,5,5,5,5,9,5,1,1,5,5,5,5,5,5,5,1,4,4,4,12,5,5,5,5,13,14,15,5,5,5,4,5,5,5,5,5,5,5,5,5,5,8,8,5,5,5,5,2,2,2,2,2,2,2,2,10,10,10,10,10,10,10,10","0.000860929489135742","walktrap","edit-xhwikibooks.graphml"
"0.11","0.56","0.33","0.456355564657976","1,5,1,1,3,1,3,1,1,1,3,3,1,1,1,4,7,6,2,3,5,9,1,1,1,1,1,4,5,7,6,2,8,3,2,2,10,1,5,5,5,5,9,9,9,9,5,9,9,9,5,5,5,5,5,9,9,9,9,5,11,5,5,1,1,5,5,5,5,5,9,5,1,1,5,5,5,5,5,5,5,1,4,4,4,12,5,5,5,5,13,14,15,5,5,5,4,5,5,5,5,5,5,5,5,5,5,8,8,5,5,5,5,2,2,2,2,2,2,2,2,10,10,10,10,10,10,10,10","0.000688076019287109","walktrap","edit-xhwikibooks.graphml"
"0.1","0.57","0.33","0.456031440225864","1,5,1,1,3,1,3,1,1,1,3,3,1,1,1,4,7,6,2,3,5,9,1,1,1,1,1,4,5,7,6,2,8,3,2,2,10,1,5,5,5,5,9,9,9,9,5,9,9,9,5,5,5,5,5,9,9,9,9,5,11,5,5,1,1,5,5,5,5,5,9,5,1,1,5,5,5,5,5,5,5,1,4,4,4,12,5,5,5,5,13,14,15,5,5,5,4,5,5,5,5,5,5,5,5,5,5,8,8,5,5,5,5,2,2,2,2,2,2,2,2,10,10,10,10,10,10,10,10","0.000690937042236328","walktrap","edit-xhwikibooks.graphml"
"0.09","0.58","0.33","0.457662458356902","1,5,1,1,3,1,3,1,1,1,3,3,1,1,1,4,7,6,2,3,5,9,1,1,1,1,1,4,5,7,6,2,8,3,2,2,10,1,5,5,5,5,9,9,9,9,5,9,9,9,5,5,5,5,5,9,9,9,9,5,11,5,5,1,1,5,5,5,5,5,9,5,1,1,5,5,5,5,5,5,5,1,4,4,4,12,5,5,5,5,13,14,15,5,5,5,4,5,5,5,5,5,5,5,5,5,5,8,8,5,5,5,5,2,2,2,2,2,2,2,2,10,10,10,10,10,10,10,10","0.000702142715454102","walktrap","edit-xhwikibooks.graphml"
"0.08","0.59","0.33","0.457338792063714","1,5,1,1,3,1,3,1,1,1,3,3,1,1,1,4,7,6,2,3,5,9,1,1,1,1,1,4,5,7,6,2,8,3,2,2,10,1,5,5,5,5,9,9,9,9,5,9,9,9,5,5,5,5,5,9,9,9,9,5,11,5,5,1,1,5,5,5,5,5,9,5,1,1,5,5,5,5,5,5,5,1,4,4,4,12,5,5,5,5,13,14,15,5,5,5,4,5,5,5,5,5,5,5,5,5,5,8,8,5,5,5,5,2,2,2,2,2,2,2,2,10,10,10,10,10,10,10,10","0.000694036483764648","walktrap","edit-xhwikibooks.graphml"
"0.07","0.6","0.33","0.458980252856034","1,5,1,1,3,1,3,1,1,1,3,3,1,1,1,4,7,6,2,3,5,9,1,1,1,1,1,4,5,7,6,2,8,3,2,2,10,1,5,5,5,5,9,9,9,9,5,9,9,9,5,5,5,5,5,9,9,9,9,5,11,5,5,1,1,5,5,5,5,5,9,5,1,1,5,5,5,5,5,5,5,1,4,4,4,12,5,5,5,5,13,14,15,5,5,5,4,5,5,5,5,5,5,5,5,5,5,8,8,5,5,5,5,2,2,2,2,2,2,2,2,10,10,10,10,10,10,10,10","0.000719070434570312","walktrap","edit-xhwikibooks.graphml"
"0.06","0.61","0.33","0.458657011191573","1,5,1,1,3,1,3,1,1,1,3,3,1,1,1,4,7,6,2,3,5,9,1,1,1,1,1,4,5,7,6,2,8,3,2,2,10,1,5,5,5,5,9,9,9,9,5,9,9,9,5,5,5,5,5,9,9,9,9,5,11,5,5,1,1,5,5,5,5,5,9,5,1,1,5,5,5,5,5,5,5,1,4,4,4,12,5,5,5,5,13,14,15,5,5,5,4,5,5,5,5,5,5,5,5,5,5,8,8,5,5,5,5,2,2,2,2,2,2,2,2,10,10,10,10,10,10,10,10","0.000710964202880859","walktrap","edit-xhwikibooks.graphml"
"0.05","0.62","0.33","0.459532252101923","1,5,1,1,3,1,3,1,1,1,3,3,1,1,1,4,7,6,2,3,5,9,1,1,1,1,1,4,5,7,6,2,8,3,2,2,10,1,5,5,5,5,9,9,9,9,5,9,9,9,5,5,5,5,5,9,9,9,9,5,11,5,5,1,1,5,5,5,5,5,9,5,1,1,5,5,5,5,5,5,5,1,4,4,4,12,5,5,5,5,13,14,15,5,5,5,4,5,5,5,5,5,5,5,5,5,5,8,8,5,5,5,5,2,2,2,2,2,2,2,2,10,10,10,10,10,10,10,10","0.000751018524169922","walktrap","edit-xhwikibooks.graphml"
"0.04","0.63","0.33","0.454420010288066","1,5,1,1,3,1,3,1,1,1,3,3,1,1,1,4,7,6,2,3,5,9,1,1,1,1,1,4,5,7,6,2,8,3,2,2,10,1,5,5,5,5,9,9,9,9,5,9,9,9,5,5,5,5,5,9,9,9,9,5,11,5,5,1,1,5,5,5,5,5,9,5,1,1,5,5,5,5,5,5,5,1,4,4,4,12,5,5,5,5,13,14,15,5,5,5,4,5,5,5,5,5,5,5,5,5,5,8,8,5,5,5,5,2,2,2,2,2,2,2,2,10,10,10,10,10,10,10,10","0.000751972198486328","walktrap","edit-xhwikibooks.graphml"
"0.03","0.64","0.33","0.453588647024113","1,5,1,1,3,1,3,1,1,1,3,3,1,1,1,4,7,6,2,3,5,9,1,1,1,1,1,4,5,7,6,2,8,3,2,2,10,1,5,5,5,5,9,9,9,9,5,9,9,9,5,5,5,5,5,9,9,9,9,5,11,5,5,1,1,5,5,5,5,5,9,5,1,1,5,5,5,5,5,5,5,1,4,4,4,12,5,5,5,5,13,14,15,5,5,5,4,5,5,5,5,5,5,5,5,5,5,8,8,5,5,5,5,2,2,2,2,2,2,2,2,10,10,10,10,10,10,10,10","0.000739097595214844","walktrap","edit-xhwikibooks.graphml"
"0.02","0.65","0.33","0.441356482144316","1,5,1,1,3,1,3,1,1,1,3,3,1,1,1,4,7,6,2,3,5,9,1,1,1,1,1,4,5,7,6,2,8,3,2,2,10,1,5,5,5,5,9,9,9,9,5,9,9,9,5,5,5,5,5,9,9,9,9,5,11,5,5,1,1,5,5,5,5,5,9,5,1,1,5,5,5,5,5,5,5,1,4,4,4,12,5,5,5,5,13,14,15,5,5,5,4,5,5,5,5,5,5,5,5,5,5,8,8,5,5,5,5,2,2,2,2,2,2,2,2,10,10,10,10,10,10,10,10","0.000751018524169922","walktrap","edit-xhwikibooks.graphml"
"0.01","0.66","0.33","0.437931334673511","1,4,1,1,1,1,1,2,2,5,1,1,2,2,2,1,5,6,3,1,4,9,2,2,2,2,2,7,4,5,6,3,8,1,3,3,10,2,4,4,4,4,9,9,9,9,4,9,9,9,4,4,4,4,4,9,9,9,9,4,11,4,4,2,2,4,4,4,4,4,9,4,2,2,4,4,4,4,4,4,4,2,7,7,7,12,4,4,4,4,13,14,15,4,4,4,1,4,4,4,4,4,4,4,4,4,4,8,8,4,4,4,4,3,3,3,3,3,3,3,3,10,10,10,10,10,10,10,10","0.000730037689208984","walktrap","edit-xhwikibooks.graphml"
"0","0.67","0.33","0.443700280284784","6,9,6,6,6,2,5,3,3,2,4,5,3,3,3,2,12,4,7,1,9,10,13,3,3,3,3,8,6,14,15,16,1,1,7,7,11,3,9,9,9,9,10,10,10,10,9,10,10,10,9,9,9,9,9,10,10,10,10,9,17,9,9,18,19,9,9,9,9,9,10,9,3,3,9,9,9,9,9,9,9,20,8,8,8,21,9,9,9,9,22,23,24,9,9,9,25,9,9,9,9,9,9,9,9,9,9,26,27,9,9,9,9,7,7,7,7,7,7,7,7,11,11,11,11,11,11,11,11","0.000821828842163086","walktrap","edit-xhwikibooks.graphml"
"0.66","0","0.34","0.412333812581983","1,13,1,1,1,1,1,4,4,1,1,2,4,4,4,1,3,1,5,2,13,10,8,4,4,4,4,12,6,3,9,7,2,2,5,5,11,4,13,13,13,13,10,10,10,10,13,10,10,10,13,13,13,13,13,10,10,10,10,13,8,13,13,4,4,13,13,13,13,13,10,13,4,4,13,13,13,13,13,13,13,4,12,12,12,6,13,13,13,13,3,9,7,13,13,13,1,13,13,13,13,13,13,13,13,13,13,2,2,13,13,13,13,5,5,5,5,5,5,5,5,11,11,11,11,11,11,11,11","0.000703811645507812","walktrap","edit-xhwikibooks.graphml"
"0.65","0.01","0.34","0.412333812581983","1,13,1,1,1,1,1,4,4,1,1,2,4,4,4,1,3,1,5,2,13,10,8,4,4,4,4,12,6,3,9,7,2,2,5,5,11,4,13,13,13,13,10,10,10,10,13,10,10,10,13,13,13,13,13,10,10,10,10,13,8,13,13,4,4,13,13,13,13,13,10,13,4,4,13,13,13,13,13,13,13,4,12,12,12,6,13,13,13,13,3,9,7,13,13,13,1,13,13,13,13,13,13,13,13,13,13,2,2,13,13,13,13,5,5,5,5,5,5,5,5,11,11,11,11,11,11,11,11","0.000789880752563477","walktrap","edit-xhwikibooks.graphml"
"0.64","0.02","0.34","0.412333812581983","1,13,1,1,1,1,1,4,4,1,1,2,4,4,4,1,3,1,5,2,13,10,8,4,4,4,4,12,6,3,9,7,2,2,5,5,11,4,13,13,13,13,10,10,10,10,13,10,10,10,13,13,13,13,13,10,10,10,10,13,8,13,13,4,4,13,13,13,13,13,10,13,4,4,13,13,13,13,13,13,13,4,12,12,12,6,13,13,13,13,3,9,7,13,13,13,1,13,13,13,13,13,13,13,13,13,13,2,2,13,13,13,13,5,5,5,5,5,5,5,5,11,11,11,11,11,11,11,11","0.000703096389770508","walktrap","edit-xhwikibooks.graphml"
"0.63","0.03","0.34","0.401419199093205","1,13,1,1,2,1,2,1,1,1,2,2,1,1,1,1,4,3,5,2,13,9,8,1,1,1,1,10,6,4,3,7,11,2,5,5,12,1,13,13,13,13,9,9,9,9,13,9,9,9,13,13,13,13,13,9,9,9,9,13,8,13,13,1,1,13,13,13,13,13,9,13,1,1,13,13,13,13,13,13,13,1,10,10,10,6,13,13,13,13,4,3,7,13,13,13,1,13,13,13,13,13,13,13,13,13,13,11,11,13,13,13,13,5,5,5,5,5,5,5,5,12,12,12,12,12,12,12,12","0.000706195831298828","walktrap","edit-xhwikibooks.graphml"
"0.62","0.04","0.34","0.401419199093205","1,13,1,1,2,1,2,1,1,1,2,2,1,1,1,1,4,3,5,2,13,9,8,1,1,1,1,10,6,4,3,7,11,2,5,5,12,1,13,13,13,13,9,9,9,9,13,9,9,9,13,13,13,13,13,9,9,9,9,13,8,13,13,1,1,13,13,13,13,13,9,13,1,1,13,13,13,13,13,13,13,1,10,10,10,6,13,13,13,13,4,3,7,13,13,13,1,13,13,13,13,13,13,13,13,13,13,11,11,13,13,13,13,5,5,5,5,5,5,5,5,12,12,12,12,12,12,12,12","0.000710010528564453","walktrap","edit-xhwikibooks.graphml"
"0.61","0.05","0.34","0.396926950372485","1,2,1,1,1,1,1,1,1,1,1,3,1,1,1,4,6,5,1,3,2,9,8,1,1,1,1,4,2,6,5,7,3,3,1,1,10,1,2,2,2,2,9,9,9,9,2,9,9,9,2,2,2,2,2,9,9,9,9,2,8,2,2,1,1,2,2,2,2,2,9,2,1,1,2,2,2,2,2,2,2,1,4,4,4,2,2,2,2,2,6,5,7,2,2,2,4,2,2,2,2,2,2,2,2,2,2,3,3,2,2,2,2,1,1,1,1,1,1,1,1,10,10,10,10,10,10,10,10","0.000693798065185547","walktrap","edit-xhwikibooks.graphml"
"0.6","0.06","0.34","0.396926950372485","1,2,1,1,1,1,1,1,1,1,1,3,1,1,1,4,6,5,1,3,2,9,8,1,1,1,1,4,2,6,5,7,3,3,1,1,10,1,2,2,2,2,9,9,9,9,2,9,9,9,2,2,2,2,2,9,9,9,9,2,8,2,2,1,1,2,2,2,2,2,9,2,1,1,2,2,2,2,2,2,2,1,4,4,4,2,2,2,2,2,6,5,7,2,2,2,4,2,2,2,2,2,2,2,2,2,2,3,3,2,2,2,2,1,1,1,1,1,1,1,1,10,10,10,10,10,10,10,10","0.000699996948242188","walktrap","edit-xhwikibooks.graphml"
"0.59","0.07","0.34","0.395803553103925","1,2,1,1,1,1,1,1,1,1,1,3,1,1,1,4,6,5,1,3,2,9,8,1,1,1,1,4,2,6,5,7,3,3,1,1,10,1,2,2,2,2,9,9,9,9,2,9,9,9,2,2,2,2,2,9,9,9,9,2,8,2,2,1,1,2,2,2,2,2,9,2,1,1,2,2,2,2,2,2,2,1,4,4,4,2,2,2,2,2,6,5,7,2,2,2,4,2,2,2,2,2,2,2,2,2,2,3,3,2,2,2,2,1,1,1,1,1,1,1,1,10,10,10,10,10,10,10,10","0.000701904296875","walktrap","edit-xhwikibooks.graphml"
"0.58","0.08","0.34","0.396810943150423","1,2,1,1,1,1,1,1,1,1,1,3,1,1,1,4,6,5,1,3,2,9,8,1,1,1,1,4,2,6,5,7,3,3,1,1,10,1,2,2,2,2,9,9,9,9,2,9,9,9,2,2,2,2,2,9,9,9,9,2,8,2,2,1,1,2,2,2,2,2,9,2,1,1,2,2,2,2,2,2,2,1,4,4,4,2,2,2,2,2,6,5,7,2,2,2,4,2,2,2,2,2,2,2,2,2,2,3,3,2,2,2,2,1,1,1,1,1,1,1,1,10,10,10,10,10,10,10,10","0.000750064849853516","walktrap","edit-xhwikibooks.graphml"
"0.57","0.09","0.34","0.379970503148222","1,2,1,1,1,1,1,1,1,1,1,3,1,1,1,4,6,5,7,3,2,11,9,1,1,1,1,4,2,6,5,8,3,3,7,7,10,1,2,2,2,2,11,11,11,11,2,11,11,11,2,2,2,2,2,11,11,11,11,2,9,2,2,1,1,2,2,2,2,2,11,2,1,1,2,2,2,2,2,2,2,1,4,4,4,2,2,2,2,2,6,5,8,2,2,2,4,2,2,2,2,2,2,2,2,2,2,3,3,2,2,2,2,7,7,7,7,7,7,7,7,10,10,10,10,10,10,10,10","0.000713109970092773","walktrap","edit-xhwikibooks.graphml"
"0.56","0.1","0.34","0.379970503148222","1,2,1,1,1,1,1,1,1,1,1,3,1,1,1,4,6,5,7,3,2,11,9,1,1,1,1,4,2,6,5,8,3,3,7,7,10,1,2,2,2,2,11,11,11,11,2,11,11,11,2,2,2,2,2,11,11,11,11,2,9,2,2,1,1,2,2,2,2,2,11,2,1,1,2,2,2,2,2,2,2,1,4,4,4,2,2,2,2,2,6,5,8,2,2,2,4,2,2,2,2,2,2,2,2,2,2,3,3,2,2,2,2,7,7,7,7,7,7,7,7,10,10,10,10,10,10,10,10","0.00073695182800293","walktrap","edit-xhwikibooks.graphml"
"0.55","0.11","0.34","0.37967495294419","1,2,1,1,1,1,1,1,1,1,1,3,1,1,1,4,6,5,7,3,2,11,9,1,1,1,1,4,2,6,5,8,3,3,7,7,10,1,2,2,2,2,11,11,11,11,2,11,11,11,2,2,2,2,2,11,11,11,11,2,9,2,2,1,1,2,2,2,2,2,11,2,1,1,2,2,2,2,2,2,2,1,4,4,4,2,2,2,2,2,6,5,8,2,2,2,4,2,2,2,2,2,2,2,2,2,2,3,3,2,2,2,2,7,7,7,7,7,7,7,7,10,10,10,10,10,10,10,10","0.000733852386474609","walktrap","edit-xhwikibooks.graphml"
"0.54","0.12","0.34","0.379706453402367","1,2,1,1,1,1,1,1,1,1,1,3,1,1,1,4,6,5,1,3,2,9,8,1,1,1,1,4,2,6,5,7,3,3,1,1,10,1,2,2,2,2,9,9,9,9,2,9,9,9,2,2,2,2,2,9,9,9,9,2,8,2,2,1,1,2,2,2,2,2,9,2,1,1,2,2,2,2,2,2,2,1,4,4,4,2,2,2,2,2,6,5,7,2,2,2,4,2,2,2,2,2,2,2,2,2,2,3,3,2,2,2,2,1,1,1,1,1,1,1,1,10,10,10,10,10,10,10,10","0.000840902328491211","walktrap","edit-xhwikibooks.graphml"
"0.53","0.13","0.34","0.379423003632988","1,2,1,1,1,1,1,1,1,1,1,3,1,1,1,4,6,5,1,3,2,9,8,1,1,1,1,4,2,6,5,7,3,3,1,1,10,1,2,2,2,2,9,9,9,9,2,9,9,9,2,2,2,2,2,9,9,9,9,2,8,2,2,1,1,2,2,2,2,2,9,2,1,1,2,2,2,2,2,2,2,1,4,4,4,2,2,2,2,2,6,5,7,2,2,2,4,2,2,2,2,2,2,2,2,2,2,3,3,2,2,2,2,1,1,1,1,1,1,1,1,10,10,10,10,10,10,10,10","0.000713109970092773","walktrap","edit-xhwikibooks.graphml"
"0.52","0.14","0.34","0.379139942013182","1,2,1,1,1,1,1,1,1,1,1,3,1,1,1,4,6,5,1,3,2,9,8,1,1,1,1,4,2,6,5,7,3,3,1,1,10,1,2,2,2,2,9,9,9,9,2,9,9,9,2,2,2,2,2,9,9,9,9,2,8,2,2,1,1,2,2,2,2,2,9,2,1,1,2,2,2,2,2,2,2,1,4,4,4,2,2,2,2,2,6,5,7,2,2,2,4,2,2,2,2,2,2,2,2,2,2,3,3,2,2,2,2,1,1,1,1,1,1,1,1,10,10,10,10,10,10,10,10","0.000849008560180664","walktrap","edit-xhwikibooks.graphml"
"0.51","0.15","0.34","0.380622696366842","1,2,1,1,1,1,1,1,1,1,1,3,1,1,1,4,6,5,1,3,2,9,8,1,1,1,1,4,2,6,5,7,3,3,1,1,10,1,2,2,2,2,9,9,9,9,2,9,9,9,2,2,2,2,2,9,9,9,9,2,8,2,2,1,1,2,2,2,2,2,9,2,1,1,2,2,2,2,2,2,2,1,4,4,4,2,2,2,2,2,6,5,7,2,2,2,4,2,2,2,2,2,2,2,2,2,2,3,3,2,2,2,2,1,1,1,1,1,1,1,1,10,10,10,10,10,10,10,10","0.000691890716552734","walktrap","edit-xhwikibooks.graphml"
"0.5","0.16","0.34","0.381686676732632","1,2,1,1,1,1,1,1,1,1,1,3,1,1,1,4,6,5,1,3,2,9,8,1,1,1,1,4,2,6,5,7,3,3,1,1,10,1,2,2,2,2,9,9,9,9,2,9,9,9,2,2,2,2,2,9,9,9,9,2,8,2,2,1,1,2,2,2,2,2,9,2,1,1,2,2,2,2,2,2,2,1,4,4,4,2,2,2,2,2,6,5,7,2,2,2,4,2,2,2,2,2,2,2,2,2,2,3,3,2,2,2,2,1,1,1,1,1,1,1,1,10,10,10,10,10,10,10,10","0.000713825225830078","walktrap","edit-xhwikibooks.graphml"
"0.49","0.17","0.34","0.382278039595595","1,2,1,1,1,1,1,1,1,1,1,3,1,1,1,4,6,5,1,3,2,9,8,1,1,1,1,4,2,6,5,7,3,3,1,1,10,1,2,2,2,2,9,9,9,9,2,9,9,9,2,2,2,2,2,9,9,9,9,2,8,2,2,1,1,2,2,2,2,2,9,2,1,1,2,2,2,2,2,2,2,1,4,4,4,2,2,2,2,2,6,5,7,2,2,2,4,2,2,2,2,2,2,2,2,2,2,3,3,2,2,2,2,1,1,1,1,1,1,1,1,10,10,10,10,10,10,10,10","0.000737905502319336","walktrap","edit-xhwikibooks.graphml"
"0.48","0.18","0.34","0.382278039595595","1,2,1,1,1,1,1,1,1,1,1,3,1,1,1,4,6,5,1,3,2,9,8,1,1,1,1,4,2,6,5,7,3,3,1,1,10,1,2,2,2,2,9,9,9,9,2,9,9,9,2,2,2,2,2,9,9,9,9,2,8,2,2,1,1,2,2,2,2,2,9,2,1,1,2,2,2,2,2,2,2,1,4,4,4,2,2,2,2,2,6,5,7,2,2,2,4,2,2,2,2,2,2,2,2,2,2,3,3,2,2,2,2,1,1,1,1,1,1,1,1,10,10,10,10,10,10,10,10","0.000694990158081055","walktrap","edit-xhwikibooks.graphml"
"0.47","0.19","0.34","0.381995745187436","1,2,1,1,1,1,1,1,1,1,1,3,1,1,1,4,6,5,1,3,2,9,8,1,1,1,1,4,2,6,5,7,3,3,1,1,10,1,2,2,2,2,9,9,9,9,2,9,9,9,2,2,2,2,2,9,9,9,9,2,8,2,2,1,1,2,2,2,2,2,9,2,1,1,2,2,2,2,2,2,2,1,4,4,4,2,2,2,2,2,6,5,7,2,2,2,4,2,2,2,2,2,2,2,2,2,2,3,3,2,2,2,2,1,1,1,1,1,1,1,1,10,10,10,10,10,10,10,10","0.000699043273925781","walktrap","edit-xhwikibooks.graphml"
"0.46","0.2","0.34","0.383731772830189","1,2,1,1,1,1,1,1,1,1,1,3,1,1,1,4,6,5,1,3,2,9,8,1,1,1,1,4,2,6,5,7,3,3,1,1,10,1,2,2,2,2,9,9,9,9,2,9,9,9,2,2,2,2,2,9,9,9,9,2,8,2,2,1,1,2,2,2,2,2,9,2,1,1,2,2,2,2,2,2,2,1,4,4,4,2,2,2,2,2,6,5,7,2,2,2,4,2,2,2,2,2,2,2,2,2,2,3,3,2,2,2,2,1,1,1,1,1,1,1,1,10,10,10,10,10,10,10,10","0.000723123550415039","walktrap","edit-xhwikibooks.graphml"
"0.45","0.21","0.34","0.383449865546704","1,2,1,1,1,1,1,1,1,1,1,3,1,1,1,4,6,5,1,3,2,9,8,1,1,1,1,4,2,6,5,7,3,3,1,1,10,1,2,2,2,2,9,9,9,9,2,9,9,9,2,2,2,2,2,9,9,9,9,2,8,2,2,1,1,2,2,2,2,2,9,2,1,1,2,2,2,2,2,2,2,1,4,4,4,2,2,2,2,2,6,5,7,2,2,2,4,2,2,2,2,2,2,2,2,2,2,3,3,2,2,2,2,1,1,1,1,1,1,1,1,10,10,10,10,10,10,10,10","0.000708103179931641","walktrap","edit-xhwikibooks.graphml"
"0.44","0.22","0.34","0.385544760188635","1,12,1,1,1,1,1,3,3,1,1,2,3,3,3,1,5,4,10,2,12,11,8,3,3,3,3,9,6,5,4,7,2,2,10,10,13,3,12,12,12,12,11,11,11,11,12,11,11,11,12,12,12,12,12,11,11,11,11,12,8,12,12,3,3,12,12,12,12,12,11,12,3,3,12,12,12,12,12,12,12,3,9,9,9,6,12,12,12,12,5,4,7,12,12,12,1,12,12,12,12,12,12,12,12,12,12,2,2,12,12,12,12,10,10,10,10,10,10,10,10,13,13,13,13,13,13,13,13","0.00071406364440918","walktrap","edit-xhwikibooks.graphml"
"0.43","0.23","0.34","0.387309260933196","1,12,1,1,1,1,1,3,3,1,1,2,3,3,3,1,5,4,10,2,12,11,8,3,3,3,3,9,6,5,4,7,2,2,10,10,13,3,12,12,12,12,11,11,11,11,12,11,11,11,12,12,12,12,12,11,11,11,11,12,8,12,12,3,3,12,12,12,12,12,11,12,3,3,12,12,12,12,12,12,12,3,9,9,9,6,12,12,12,12,5,4,7,12,12,12,1,12,12,12,12,12,12,12,12,12,12,2,2,12,12,12,12,10,10,10,10,10,10,10,10,13,13,13,13,13,13,13,13","0.000705957412719727","walktrap","edit-xhwikibooks.graphml"
"0.42","0.24","0.34","0.388334650556859","1,11,1,1,1,1,1,3,3,1,1,2,3,3,3,1,5,4,10,2,11,12,8,3,3,3,3,9,6,5,4,7,2,2,10,10,13,3,11,11,11,11,12,12,12,12,11,12,12,12,11,11,11,11,11,12,12,12,12,11,8,11,11,3,3,11,11,11,11,11,12,11,3,3,11,11,11,11,11,11,11,3,9,9,9,6,11,11,11,11,5,4,7,11,11,11,1,11,11,11,11,11,11,11,11,11,11,2,2,11,11,11,11,10,10,10,10,10,10,10,10,13,13,13,13,13,13,13,13","0.000776052474975586","walktrap","edit-xhwikibooks.graphml"
"0.41","0.25","0.34","0.391165750661132","1,11,1,1,1,1,1,3,3,1,1,2,3,3,3,1,5,4,10,2,11,12,8,3,3,3,3,9,6,5,4,7,2,2,10,10,13,3,11,11,11,11,12,12,12,12,11,12,12,12,11,11,11,11,11,12,12,12,12,11,8,11,11,3,3,11,11,11,11,11,12,11,3,3,11,11,11,11,11,11,11,3,9,9,9,6,11,11,11,11,5,4,7,11,11,11,1,11,11,11,11,11,11,11,11,11,11,2,2,11,11,11,11,10,10,10,10,10,10,10,10,13,13,13,13,13,13,13,13","0.000763893127441406","walktrap","edit-xhwikibooks.graphml"
"0.4","0.26","0.34","0.391165750661132","1,11,1,1,1,1,1,3,3,1,1,2,3,3,3,1,5,4,10,2,11,12,8,3,3,3,3,9,6,5,4,7,2,2,10,10,13,3,11,11,11,11,12,12,12,12,11,12,12,12,11,11,11,11,11,12,12,12,12,11,8,11,11,3,3,11,11,11,11,11,12,11,3,3,11,11,11,11,11,11,11,3,9,9,9,6,11,11,11,11,5,4,7,11,11,11,1,11,11,11,11,11,11,11,11,11,11,2,2,11,11,11,11,10,10,10,10,10,10,10,10,13,13,13,13,13,13,13,13","0.000696897506713867","walktrap","edit-xhwikibooks.graphml"
"0.39","0.27","0.34","0.391165750661132","1,11,1,1,1,1,1,3,3,1,1,2,3,3,3,1,5,4,10,2,11,12,8,3,3,3,3,9,6,5,4,7,2,2,10,10,13,3,11,11,11,11,12,12,12,12,11,12,12,12,11,11,11,11,11,12,12,12,12,11,8,11,11,3,3,11,11,11,11,11,12,11,3,3,11,11,11,11,11,11,11,3,9,9,9,6,11,11,11,11,5,4,7,11,11,11,1,11,11,11,11,11,11,11,11,11,11,2,2,11,11,11,11,10,10,10,10,10,10,10,10,13,13,13,13,13,13,13,13","0.000768899917602539","walktrap","edit-xhwikibooks.graphml"
"0.38","0.28","0.34","0.390870102602842","1,11,1,1,1,1,1,3,3,1,1,2,3,3,3,1,5,4,10,2,11,12,8,3,3,3,3,9,6,5,4,7,2,2,10,10,13,3,11,11,11,11,12,12,12,12,11,12,12,12,11,11,11,11,11,12,12,12,12,11,8,11,11,3,3,11,11,11,11,11,12,11,3,3,11,11,11,11,11,11,11,3,9,9,9,6,11,11,11,11,5,4,7,11,11,11,1,11,11,11,11,11,11,11,11,11,11,2,2,11,11,11,11,10,10,10,10,10,10,10,10,13,13,13,13,13,13,13,13","0.000683069229125977","walktrap","edit-xhwikibooks.graphml"
"0.37","0.29","0.34","0.39283638490022","1,11,1,1,1,1,1,3,3,1,1,2,3,3,3,1,5,4,10,2,11,12,8,3,3,3,3,9,6,5,4,7,2,2,10,10,13,3,11,11,11,11,12,12,12,12,11,12,12,12,11,11,11,11,11,12,12,12,12,11,8,11,11,3,3,11,11,11,11,11,12,11,3,3,11,11,11,11,11,11,11,3,9,9,9,6,11,11,11,11,5,4,7,11,11,11,1,11,11,11,11,11,11,11,11,11,11,2,2,11,11,11,11,10,10,10,10,10,10,10,10,13,13,13,13,13,13,13,13","0.000701904296875","walktrap","edit-xhwikibooks.graphml"
"0.36","0.3","0.34","0.392540721638123","1,11,1,1,1,1,1,3,3,1,1,2,3,3,3,1,5,4,10,2,11,12,8,3,3,3,3,9,6,5,4,7,2,2,10,10,13,3,11,11,11,11,12,12,12,12,11,12,12,12,11,11,11,11,11,12,12,12,12,11,8,11,11,3,3,11,11,11,11,11,12,11,3,3,11,11,11,11,11,11,11,3,9,9,9,6,11,11,11,11,5,4,7,11,11,11,1,11,11,11,11,11,11,11,11,11,11,2,2,11,11,11,11,10,10,10,10,10,10,10,10,13,13,13,13,13,13,13,13","0.000683069229125977","walktrap","edit-xhwikibooks.graphml"
"0.35","0.31","0.34","0.393547004635871","1,11,1,1,1,1,1,3,3,1,1,2,3,3,3,1,5,4,10,2,11,12,8,3,3,3,3,9,6,5,4,7,2,2,10,10,13,3,11,11,11,11,12,12,12,12,11,12,12,12,11,11,11,11,11,12,12,12,12,11,8,11,11,3,3,11,11,11,11,11,12,11,3,3,11,11,11,11,11,11,11,3,9,9,9,6,11,11,11,11,5,4,7,11,11,11,1,11,11,11,11,11,11,11,11,11,11,2,2,11,11,11,11,10,10,10,10,10,10,10,10,13,13,13,13,13,13,13,13","0.000700950622558594","walktrap","edit-xhwikibooks.graphml"
"0.34","0.32","0.34","0.395441880935348","1,11,1,1,2,1,2,1,1,1,2,2,1,1,1,3,5,4,10,2,11,12,8,1,1,1,1,3,6,5,4,7,9,2,10,10,13,1,11,11,11,11,12,12,12,12,11,12,12,12,11,11,11,11,11,12,12,12,12,11,8,11,11,1,1,11,11,11,11,11,12,11,1,1,11,11,11,11,11,11,11,1,3,3,3,6,11,11,11,11,5,4,7,11,11,11,3,11,11,11,11,11,11,11,11,11,11,9,9,11,11,11,11,10,10,10,10,10,10,10,10,13,13,13,13,13,13,13,13","0.00069880485534668","walktrap","edit-xhwikibooks.graphml"
"0.33","0.33","0.34","0.395737244716462","1,11,1,1,2,1,2,1,1,1,2,2,1,1,1,3,5,4,10,2,11,12,8,1,1,1,1,3,6,5,4,7,9,2,10,10,13,1,11,11,11,11,12,12,12,12,11,12,12,12,11,11,11,11,11,12,12,12,12,11,8,11,11,1,1,11,11,11,11,11,12,11,1,1,11,11,11,11,11,11,11,1,3,3,3,6,11,11,11,11,5,4,7,11,11,11,3,11,11,11,11,11,11,11,11,11,11,9,9,11,11,11,11,10,10,10,10,10,10,10,10,13,13,13,13,13,13,13,13","0.000689983367919922","walktrap","edit-xhwikibooks.graphml"
"0.32","0.34","0.34","0.408979451593458","1,11,1,1,2,1,2,1,1,1,2,2,1,1,1,3,5,4,9,2,11,12,8,1,1,1,1,3,6,5,4,7,10,2,9,9,13,1,11,11,11,11,12,12,12,12,11,12,12,12,11,11,11,11,11,12,12,12,12,11,8,11,11,1,1,11,11,11,11,11,12,11,1,1,11,11,11,11,11,11,11,1,3,3,3,6,11,11,11,11,5,4,7,11,11,11,3,11,11,11,11,11,11,11,11,11,11,10,10,11,11,11,11,9,9,9,9,9,9,9,9,13,13,13,13,13,13,13,13","0.000720977783203125","walktrap","edit-xhwikibooks.graphml"
"0.31","0.35","0.34","0.400890916599206","1,5,1,1,1,1,1,1,1,1,1,2,1,1,1,1,4,3,1,2,5,7,1,1,1,1,1,6,5,4,3,1,2,2,1,1,8,1,5,5,5,5,7,7,7,7,5,7,7,7,5,5,5,5,5,7,7,7,7,5,9,5,5,1,1,5,5,5,5,5,7,5,1,1,5,5,5,5,5,5,5,1,6,6,6,10,5,5,5,5,11,12,13,5,5,5,1,5,5,5,5,5,5,5,5,5,5,2,2,5,5,5,5,1,1,1,1,1,1,1,1,8,8,8,8,8,8,8,8","0.000718116760253906","walktrap","edit-xhwikibooks.graphml"
"0.3","0.36","0.34","0.400611315533128","1,5,1,1,1,1,1,1,1,1,1,2,1,1,1,1,4,3,1,2,5,7,1,1,1,1,1,6,5,4,3,1,2,2,1,1,8,1,5,5,5,5,7,7,7,7,5,7,7,7,5,5,5,5,5,7,7,7,7,5,9,5,5,1,1,5,5,5,5,5,7,5,1,1,5,5,5,5,5,5,5,1,6,6,6,10,5,5,5,5,11,12,13,5,5,5,1,5,5,5,5,5,5,5,5,5,5,2,2,5,5,5,5,1,1,1,1,1,1,1,1,8,8,8,8,8,8,8,8","0.000708103179931641","walktrap","edit-xhwikibooks.graphml"
"0.29","0.37","0.34","0.404608328826392","1,7,1,1,2,1,2,1,1,1,2,2,1,1,1,3,6,5,4,2,7,9,1,1,1,1,1,3,7,6,5,4,8,2,4,4,10,1,7,7,7,7,9,9,9,9,7,9,9,9,7,7,7,7,7,9,9,9,9,7,11,7,7,1,1,7,7,7,7,7,9,7,1,1,7,7,7,7,7,7,7,1,3,3,3,12,7,7,7,7,13,14,15,7,7,7,3,7,7,7,7,7,7,7,7,7,7,8,8,7,7,7,7,4,4,4,4,4,4,4,4,10,10,10,10,10,10,10,10","0.000761032104492188","walktrap","edit-xhwikibooks.graphml"
"0.28","0.38","0.34","0.404309210071724","1,7,1,1,2,1,2,1,1,1,2,2,1,1,1,3,6,5,4,2,7,9,1,1,1,1,1,3,7,6,5,4,8,2,4,4,10,1,7,7,7,7,9,9,9,9,7,9,9,9,7,7,7,7,7,9,9,9,9,7,11,7,7,1,1,7,7,7,7,7,9,7,1,1,7,7,7,7,7,7,7,1,3,3,3,12,7,7,7,7,13,14,15,7,7,7,3,7,7,7,7,7,7,7,7,7,7,8,8,7,7,7,7,4,4,4,4,4,4,4,4,10,10,10,10,10,10,10,10","0.000709056854248047","walktrap","edit-xhwikibooks.graphml"
"0.27","0.39","0.34","0.403090689107979","1,7,1,1,2,1,2,1,1,1,2,2,1,1,1,3,6,5,4,2,7,9,1,1,1,1,1,3,7,6,5,4,8,2,4,4,10,1,7,7,7,7,9,9,9,9,7,9,9,9,7,7,7,7,7,9,9,9,9,7,11,7,7,1,1,7,7,7,7,7,9,7,1,1,7,7,7,7,7,7,7,1,3,3,3,12,7,7,7,7,13,14,15,7,7,7,3,7,7,7,7,7,7,7,7,7,7,8,8,7,7,7,7,4,4,4,4,4,4,4,4,10,10,10,10,10,10,10,10","0.000681161880493164","walktrap","edit-xhwikibooks.graphml"
"0.26","0.4","0.34","0.404670678956897","1,7,1,1,2,1,2,1,1,1,2,2,1,1,1,3,6,5,4,2,7,9,1,1,1,1,1,3,7,6,5,4,8,2,4,4,10,1,7,7,7,7,9,9,9,9,7,9,9,9,7,7,7,7,7,9,9,9,9,7,11,7,7,1,1,7,7,7,7,7,9,7,1,1,7,7,7,7,7,7,7,1,3,3,3,12,7,7,7,7,13,14,15,7,7,7,3,7,7,7,7,7,7,7,7,7,7,8,8,7,7,7,7,4,4,4,4,4,4,4,4,10,10,10,10,10,10,10,10","0.000715970993041992","walktrap","edit-xhwikibooks.graphml"
"0.25","0.41","0.34","0.401848646216676","1,7,1,1,2,1,2,1,1,1,2,2,1,1,1,3,6,5,4,2,7,9,1,1,1,1,1,3,7,6,5,4,8,2,4,4,10,1,7,7,7,7,9,9,9,9,7,9,9,9,7,7,7,7,7,9,9,9,9,7,11,7,7,1,1,7,7,7,7,7,9,7,1,1,7,7,7,7,7,7,7,1,3,3,3,12,7,7,7,7,13,14,15,7,7,7,3,7,7,7,7,7,7,7,7,7,7,8,8,7,7,7,7,4,4,4,4,4,4,4,4,10,10,10,10,10,10,10,10","0.000793933868408203","walktrap","edit-xhwikibooks.graphml"
"0.24","0.42","0.34","0.401549750493292","1,7,1,1,2,1,2,1,1,1,2,2,1,1,1,3,6,5,4,2,7,9,1,1,1,1,1,3,7,6,5,4,8,2,4,4,10,1,7,7,7,7,9,9,9,9,7,9,9,9,7,7,7,7,7,9,9,9,9,7,11,7,7,1,1,7,7,7,7,7,9,7,1,1,7,7,7,7,7,7,7,1,3,3,3,12,7,7,7,7,13,14,15,7,7,7,3,7,7,7,7,7,7,7,7,7,7,8,8,7,7,7,7,4,4,4,4,4,4,4,4,10,10,10,10,10,10,10,10","0.000677108764648438","walktrap","edit-xhwikibooks.graphml"
"0.23","0.43","0.34","0.403433824850403","1,7,1,1,2,1,2,1,1,1,2,2,1,1,1,3,6,5,4,2,7,9,1,1,1,1,1,3,7,6,5,4,8,2,4,4,10,1,7,7,7,7,9,9,9,9,7,9,9,9,7,7,7,7,7,9,9,9,9,7,11,7,7,1,1,7,7,7,7,7,9,7,1,1,7,7,7,7,7,7,7,1,3,3,3,12,7,7,7,7,13,14,15,7,7,7,3,7,7,7,7,7,7,7,7,7,7,8,8,7,7,7,7,4,4,4,4,4,4,4,4,10,10,10,10,10,10,10,10","0.000694990158081055","walktrap","edit-xhwikibooks.graphml"
"0.22","0.44","0.34","0.40313501947102","1,7,1,1,2,1,2,1,1,1,2,2,1,1,1,3,6,5,4,2,7,9,1,1,1,1,1,3,7,6,5,4,8,2,4,4,10,1,7,7,7,7,9,9,9,9,7,9,9,9,7,7,7,7,7,9,9,9,9,7,11,7,7,1,1,7,7,7,7,7,9,7,1,1,7,7,7,7,7,7,7,1,3,3,3,12,7,7,7,7,13,14,15,7,7,7,3,7,7,7,7,7,7,7,7,7,7,8,8,7,7,7,7,4,4,4,4,4,4,4,4,10,10,10,10,10,10,10,10","0.000694990158081055","walktrap","edit-xhwikibooks.graphml"
"0.21","0.45","0.34","0.405681947260267","1,7,1,1,2,1,2,1,1,1,2,2,1,1,1,3,6,5,4,2,7,9,1,1,1,1,1,3,7,6,5,4,8,2,4,4,10,1,7,7,7,7,9,9,9,9,7,9,9,9,7,7,7,7,7,9,9,9,9,7,11,7,7,1,1,7,7,7,7,7,9,7,1,1,7,7,7,7,7,7,7,1,3,3,3,12,7,7,7,7,13,14,15,7,7,7,3,7,7,7,7,7,7,7,7,7,7,8,8,7,7,7,7,4,4,4,4,4,4,4,4,10,10,10,10,10,10,10,10","0.000687837600708008","walktrap","edit-xhwikibooks.graphml"
"0.2","0.46","0.34","0.405382133080694","1,7,1,1,2,1,2,1,1,1,2,2,1,1,1,3,6,5,4,2,7,9,1,1,1,1,1,3,7,6,5,4,8,2,4,4,10,1,7,7,7,7,9,9,9,9,7,9,9,9,7,7,7,7,7,9,9,9,9,7,11,7,7,1,1,7,7,7,7,7,9,7,1,1,7,7,7,7,7,7,7,1,3,3,3,12,7,7,7,7,13,14,15,7,7,7,3,7,7,7,7,7,7,7,7,7,7,8,8,7,7,7,7,4,4,4,4,4,4,4,4,10,10,10,10,10,10,10,10","0.000719070434570312","walktrap","edit-xhwikibooks.graphml"
"0.19","0.47","0.34","0.406360168038409","1,7,1,1,2,1,2,1,1,1,2,2,1,1,1,3,6,5,4,2,7,9,1,1,1,1,1,3,7,6,5,4,8,2,4,4,10,1,7,7,7,7,9,9,9,9,7,9,9,9,7,7,7,7,7,9,9,9,9,7,11,7,7,1,1,7,7,7,7,7,9,7,1,1,7,7,7,7,7,7,7,1,3,3,3,12,7,7,7,7,13,14,15,7,7,7,3,7,7,7,7,7,7,7,7,7,7,8,8,7,7,7,7,4,4,4,4,4,4,4,4,10,10,10,10,10,10,10,10","0.000705957412719727","walktrap","edit-xhwikibooks.graphml"
"0.18","0.48","0.34","0.406060530858038","1,7,1,1,2,1,2,1,1,1,2,2,1,1,1,3,6,5,4,2,7,9,1,1,1,1,1,3,7,6,5,4,8,2,4,4,10,1,7,7,7,7,9,9,9,9,7,9,9,9,7,7,7,7,7,9,9,9,9,7,11,7,7,1,1,7,7,7,7,7,9,7,1,1,7,7,7,7,7,7,7,1,3,3,3,12,7,7,7,7,13,14,15,7,7,7,3,7,7,7,7,7,7,7,7,7,7,8,8,7,7,7,7,4,4,4,4,4,4,4,4,10,10,10,10,10,10,10,10","0.000706911087036133","walktrap","edit-xhwikibooks.graphml"
"0.17","0.49","0.34","0.406060530858038","1,7,1,1,2,1,2,1,1,1,2,2,1,1,1,3,6,5,4,2,7,9,1,1,1,1,1,3,7,6,5,4,8,2,4,4,10,1,7,7,7,7,9,9,9,9,7,9,9,9,7,7,7,7,7,9,9,9,9,7,11,7,7,1,1,7,7,7,7,7,9,7,1,1,7,7,7,7,7,7,7,1,3,3,3,12,7,7,7,7,13,14,15,7,7,7,3,7,7,7,7,7,7,7,7,7,7,8,8,7,7,7,7,4,4,4,4,4,4,4,4,10,10,10,10,10,10,10,10","0.000690937042236328","walktrap","edit-xhwikibooks.graphml"
"0.16","0.5","0.34","0.442613867602195","1,5,1,1,3,1,3,1,1,1,3,3,1,1,1,4,7,6,2,3,5,9,1,1,1,1,1,4,5,7,6,2,8,3,2,2,10,1,5,5,5,5,9,9,9,9,5,9,9,9,5,5,5,5,5,9,9,9,9,5,11,5,5,1,1,5,5,5,5,5,9,5,1,1,5,5,5,5,5,5,5,1,4,4,4,12,5,5,5,5,13,14,15,5,5,5,4,5,5,5,5,5,5,5,5,5,5,8,8,5,5,5,5,2,2,2,2,2,2,2,2,10,10,10,10,10,10,10,10","0.000806093215942383","walktrap","edit-xhwikibooks.graphml"
"0.15","0.51","0.34","0.442613867602195","1,5,1,1,3,1,3,1,1,1,3,3,1,1,1,4,7,6,2,3,5,9,1,1,1,1,1,4,5,7,6,2,8,3,2,2,10,1,5,5,5,5,9,9,9,9,5,9,9,9,5,5,5,5,5,9,9,9,9,5,11,5,5,1,1,5,5,5,5,5,9,5,1,1,5,5,5,5,5,5,5,1,4,4,4,12,5,5,5,5,13,14,15,5,5,5,4,5,5,5,5,5,5,5,5,5,5,8,8,5,5,5,5,2,2,2,2,2,2,2,2,10,10,10,10,10,10,10,10","0.000710964202880859","walktrap","edit-xhwikibooks.graphml"
"0.14","0.52","0.34","0.442613867602195","1,5,1,1,3,1,3,1,1,1,3,3,1,1,1,4,7,6,2,3,5,9,1,1,1,1,1,4,5,7,6,2,8,3,2,2,10,1,5,5,5,5,9,9,9,9,5,9,9,9,5,5,5,5,5,9,9,9,9,5,11,5,5,1,1,5,5,5,5,5,9,5,1,1,5,5,5,5,5,5,5,1,4,4,4,12,5,5,5,5,13,14,15,5,5,5,4,5,5,5,5,5,5,5,5,5,5,8,8,5,5,5,5,2,2,2,2,2,2,2,2,10,10,10,10,10,10,10,10","0.000710964202880859","walktrap","edit-xhwikibooks.graphml"
"0.13","0.53","0.34","0.442310584200502","1,5,1,1,3,1,3,1,1,1,3,3,1,1,1,4,7,6,2,3,5,9,1,1,1,1,1,4,5,7,6,2,8,3,2,2,10,1,5,5,5,5,9,9,9,9,5,9,9,9,5,5,5,5,5,9,9,9,9,5,11,5,5,1,1,5,5,5,5,5,9,5,1,1,5,5,5,5,5,5,5,1,4,4,4,12,5,5,5,5,13,14,15,5,5,5,4,5,5,5,5,5,5,5,5,5,5,8,8,5,5,5,5,2,2,2,2,2,2,2,2,10,10,10,10,10,10,10,10","0.000710010528564453","walktrap","edit-xhwikibooks.graphml"
"0.12","0.54","0.34","0.442881956566594","1,5,1,1,3,1,3,1,1,1,3,3,1,1,1,4,7,6,2,3,5,9,1,1,1,1,1,4,5,7,6,2,8,3,2,2,10,1,5,5,5,5,9,9,9,9,5,9,9,9,5,5,5,5,5,9,9,9,9,5,11,5,5,1,1,5,5,5,5,5,9,5,1,1,5,5,5,5,5,5,5,1,4,4,4,12,5,5,5,5,13,14,15,5,5,5,4,5,5,5,5,5,5,5,5,5,5,8,8,5,5,5,5,2,2,2,2,2,2,2,2,10,10,10,10,10,10,10,10","0.000730991363525391","walktrap","edit-xhwikibooks.graphml"
"0.11","0.55","0.34","0.442579293601692","1,5,1,1,3,1,3,1,1,1,3,3,1,1,1,4,7,6,2,3,5,9,1,1,1,1,1,4,5,7,6,2,8,3,2,2,10,1,5,5,5,5,9,9,9,9,5,9,9,9,5,5,5,5,5,9,9,9,9,5,11,5,5,1,1,5,5,5,5,5,9,5,1,1,5,5,5,5,5,5,5,1,4,4,4,12,5,5,5,5,13,14,15,5,5,5,4,5,5,5,5,5,5,5,5,5,5,8,8,5,5,5,5,2,2,2,2,2,2,2,2,10,10,10,10,10,10,10,10","0.000916957855224609","walktrap","edit-xhwikibooks.graphml"
"0.1","0.56","0.34","0.445092619785634","1,5,1,1,3,1,3,1,1,1,3,3,1,1,1,4,7,6,2,3,5,9,1,1,1,1,1,4,5,7,6,2,8,3,2,2,10,1,5,5,5,5,9,9,9,9,5,9,9,9,5,5,5,5,5,9,9,9,9,5,11,5,5,1,1,5,5,5,5,5,9,5,1,1,5,5,5,5,5,5,5,1,4,4,4,12,5,5,5,5,13,14,15,5,5,5,4,5,5,5,5,5,5,5,5,5,5,8,8,5,5,5,5,2,2,2,2,2,2,2,2,10,10,10,10,10,10,10,10","0.000704050064086914","walktrap","edit-xhwikibooks.graphml"
"0.09","0.57","0.34","0.444790101683106","1,5,1,1,3,1,3,1,1,1,3,3,1,1,1,4,7,6,2,3,5,9,1,1,1,1,1,4,5,7,6,2,8,3,2,2,10,1,5,5,5,5,9,9,9,9,5,9,9,9,5,5,5,5,5,9,9,9,9,5,11,5,5,1,1,5,5,5,5,5,9,5,1,1,5,5,5,5,5,5,5,1,4,4,4,12,5,5,5,5,13,14,15,5,5,5,4,5,5,5,5,5,5,5,5,5,5,8,8,5,5,5,5,2,2,2,2,2,2,2,2,10,10,10,10,10,10,10,10","0.000710010528564453","walktrap","edit-xhwikibooks.graphml"
"0.08","0.58","0.34","0.446380693934735","1,5,1,1,3,1,3,1,1,1,3,3,1,1,1,4,7,6,2,3,5,9,1,1,1,1,1,4,5,7,6,2,8,3,2,2,10,1,5,5,5,5,9,9,9,9,5,9,9,9,5,5,5,5,5,9,9,9,9,5,11,5,5,1,1,5,5,5,5,5,9,5,1,1,5,5,5,5,5,5,5,1,4,4,4,12,5,5,5,5,13,14,15,5,5,5,4,5,5,5,5,5,5,5,5,5,5,8,8,5,5,5,5,2,2,2,2,2,2,2,2,10,10,10,10,10,10,10,10","0.00070500373840332","walktrap","edit-xhwikibooks.graphml"
"0.07","0.59","0.34","0.44607853375197","1,5,1,1,3,1,3,1,1,1,3,3,1,1,1,4,7,6,2,3,5,9,1,1,1,1,1,4,5,7,6,2,8,3,2,2,10,1,5,5,5,5,9,9,9,9,5,9,9,9,5,5,5,5,5,9,9,9,9,5,11,5,5,1,1,5,5,5,5,5,9,5,1,1,5,5,5,5,5,5,5,1,4,4,4,12,5,5,5,5,13,14,15,5,5,5,4,5,5,5,5,5,5,5,5,5,5,8,8,5,5,5,5,2,2,2,2,2,2,2,2,10,10,10,10,10,10,10,10","0.000730037689208984","walktrap","edit-xhwikibooks.graphml"
"0.06","0.6","0.34","0.447678330960495","1,5,1,1,3,1,3,1,1,1,3,3,1,1,1,4,7,6,2,3,5,9,1,1,1,1,1,4,5,7,6,2,8,3,2,2,10,1,5,5,5,5,9,9,9,9,5,9,9,9,5,5,5,5,5,9,9,9,9,5,11,5,5,1,1,5,5,5,5,5,9,5,1,1,5,5,5,5,5,5,5,1,4,4,4,12,5,5,5,5,13,14,15,5,5,5,4,5,5,5,5,5,5,5,5,5,5,8,8,5,5,5,5,2,2,2,2,2,2,2,2,10,10,10,10,10,10,10,10","0.00074005126953125","walktrap","edit-xhwikibooks.graphml"
"0.05","0.61","0.34","0.44737650046168","1,5,1,1,3,1,3,1,1,1,3,3,1,1,1,4,7,6,2,3,5,9,1,1,1,1,1,4,5,7,6,2,8,3,2,2,10,1,5,5,5,5,9,9,9,9,5,9,9,9,5,5,5,5,5,9,9,9,9,5,11,5,5,1,1,5,5,5,5,5,9,5,1,1,5,5,5,5,5,5,5,1,4,4,4,12,5,5,5,5,13,14,15,5,5,5,4,5,5,5,5,5,5,5,5,5,5,8,8,5,5,5,5,2,2,2,2,2,2,2,2,10,10,10,10,10,10,10,10","0.000709056854248047","walktrap","edit-xhwikibooks.graphml"
"0.04","0.62","0.34","0.448231827640161","1,5,1,1,3,1,3,1,1,1,3,3,1,1,1,4,7,6,2,3,5,9,1,1,1,1,1,4,5,7,6,2,8,3,2,2,10,1,5,5,5,5,9,9,9,9,5,9,9,9,5,5,5,5,5,9,9,9,9,5,11,5,5,1,1,5,5,5,5,5,9,5,1,1,5,5,5,5,5,5,5,1,4,4,4,12,5,5,5,5,13,14,15,5,5,5,4,5,5,5,5,5,5,5,5,5,5,8,8,5,5,5,5,2,2,2,2,2,2,2,2,10,10,10,10,10,10,10,10","0.000720024108886719","walktrap","edit-xhwikibooks.graphml"
"0.03","0.63","0.34","0.447930244969191","1,5,1,1,3,1,3,1,1,1,3,3,1,1,1,4,7,6,2,3,5,9,1,1,1,1,1,4,5,7,6,2,8,3,2,2,10,1,5,5,5,5,9,9,9,9,5,9,9,9,5,5,5,5,5,9,9,9,9,5,11,5,5,1,1,5,5,5,5,5,9,5,1,1,5,5,5,5,5,5,5,1,4,4,4,12,5,5,5,5,13,14,15,5,5,5,4,5,5,5,5,5,5,5,5,5,5,8,8,5,5,5,5,2,2,2,2,2,2,2,2,10,10,10,10,10,10,10,10","0.000731945037841797","walktrap","edit-xhwikibooks.graphml"
"0.02","0.64","0.34","0.447930244969191","1,5,1,1,3,1,3,1,1,1,3,3,1,1,1,4,7,6,2,3,5,9,1,1,1,1,1,4,5,7,6,2,8,3,2,2,10,1,5,5,5,5,9,9,9,9,5,9,9,9,5,5,5,5,5,9,9,9,9,5,11,5,5,1,1,5,5,5,5,5,9,5,1,1,5,5,5,5,5,5,5,1,4,4,4,12,5,5,5,5,13,14,15,5,5,5,4,5,5,5,5,5,5,5,5,5,5,8,8,5,5,5,5,2,2,2,2,2,2,2,2,10,10,10,10,10,10,10,10","0.000725030899047852","walktrap","edit-xhwikibooks.graphml"
"0.01","0.65","0.34","0.447629031060531","1,5,1,1,3,1,3,1,1,1,3,3,1,1,1,4,7,6,2,3,5,9,1,1,1,1,1,4,5,7,6,2,8,3,2,2,10,1,5,5,5,5,9,9,9,9,5,9,9,9,5,5,5,5,5,9,9,9,9,5,11,5,5,1,1,5,5,5,5,5,9,5,1,1,5,5,5,5,5,5,5,1,4,4,4,12,5,5,5,5,13,14,15,5,5,5,4,5,5,5,5,5,5,5,5,5,5,8,8,5,5,5,5,2,2,2,2,2,2,2,2,10,10,10,10,10,10,10,10","0.000741004943847656","walktrap","edit-xhwikibooks.graphml"
"0","0.66","0.34","0.44681134215501","4,9,4,4,4,4,2,3,4,4,2,2,3,3,3,1,6,5,7,2,9,10,12,3,3,3,3,1,4,6,5,13,8,2,7,7,11,3,9,9,9,9,10,10,10,10,9,10,10,10,9,9,9,9,9,10,10,10,10,9,14,9,9,3,3,9,9,9,9,9,10,9,3,3,9,9,9,9,9,9,9,3,1,1,1,15,9,9,9,9,16,17,18,9,9,9,1,9,9,9,9,9,9,9,9,9,9,8,8,9,9,9,9,7,7,7,7,7,7,7,7,11,11,11,11,11,11,11,11","0.000751972198486328","walktrap","edit-xhwikibooks.graphml"
"0.65","0","0.35","0.398808743389169","1,13,1,1,1,1,1,4,4,1,1,2,4,4,4,1,3,1,5,2,13,10,8,4,4,4,4,12,6,3,9,7,2,2,5,5,11,4,13,13,13,13,10,10,10,10,13,10,10,10,13,13,13,13,13,10,10,10,10,13,8,13,13,4,4,13,13,13,13,13,10,13,4,4,13,13,13,13,13,13,13,4,12,12,12,6,13,13,13,13,3,9,7,13,13,13,1,13,13,13,13,13,13,13,13,13,13,2,2,13,13,13,13,5,5,5,5,5,5,5,5,11,11,11,11,11,11,11,11","0.000754833221435547","walktrap","edit-xhwikibooks.graphml"
"0.64","0.01","0.35","0.398808743389169","1,13,1,1,1,1,1,4,4,1,1,2,4,4,4,1,3,1,5,2,13,10,8,4,4,4,4,12,6,3,9,7,2,2,5,5,11,4,13,13,13,13,10,10,10,10,13,10,10,10,13,13,13,13,13,10,10,10,10,13,8,13,13,4,4,13,13,13,13,13,10,13,4,4,13,13,13,13,13,13,13,4,12,12,12,6,13,13,13,13,3,9,7,13,13,13,1,13,13,13,13,13,13,13,13,13,13,2,2,13,13,13,13,5,5,5,5,5,5,5,5,11,11,11,11,11,11,11,11","0.000865936279296875","walktrap","edit-xhwikibooks.graphml"
"0.63","0.02","0.35","0.398808743389169","1,13,1,1,1,1,1,4,4,1,1,2,4,4,4,1,3,1,5,2,13,10,8,4,4,4,4,12,6,3,9,7,2,2,5,5,11,4,13,13,13,13,10,10,10,10,13,10,10,10,13,13,13,13,13,10,10,10,10,13,8,13,13,4,4,13,13,13,13,13,10,13,4,4,13,13,13,13,13,13,13,4,12,12,12,6,13,13,13,13,3,9,7,13,13,13,1,13,13,13,13,13,13,13,13,13,13,2,2,13,13,13,13,5,5,5,5,5,5,5,5,11,11,11,11,11,11,11,11","0.000730991363525391","walktrap","edit-xhwikibooks.graphml"
"0.62","0.03","0.35","0.398523914132655","1,13,1,1,1,1,1,4,4,1,1,2,4,4,4,1,3,1,5,2,13,10,8,4,4,4,4,12,6,3,9,7,2,2,5,5,11,4,13,13,13,13,10,10,10,10,13,10,10,10,13,13,13,13,13,10,10,10,10,13,8,13,13,4,4,13,13,13,13,13,10,13,4,4,13,13,13,13,13,13,13,4,12,12,12,6,13,13,13,13,3,9,7,13,13,13,1,13,13,13,13,13,13,13,13,13,13,2,2,13,13,13,13,5,5,5,5,5,5,5,5,11,11,11,11,11,11,11,11","0.000725984573364258","walktrap","edit-xhwikibooks.graphml"
"0.61","0.04","0.35","0.398523914132655","1,13,1,1,1,1,1,4,4,1,1,2,4,4,4,1,3,1,5,2,13,10,8,4,4,4,4,12,6,3,9,7,2,2,5,5,11,4,13,13,13,13,10,10,10,10,13,10,10,10,13,13,13,13,13,10,10,10,10,13,8,13,13,4,4,13,13,13,13,13,10,13,4,4,13,13,13,13,13,13,13,4,12,12,12,6,13,13,13,13,3,9,7,13,13,13,1,13,13,13,13,13,13,13,13,13,13,2,2,13,13,13,13,5,5,5,5,5,5,5,5,11,11,11,11,11,11,11,11","0.000695943832397461","walktrap","edit-xhwikibooks.graphml"
"0.6","0.05","0.35","0.39823946512312","1,13,1,1,1,1,1,4,4,1,1,2,4,4,4,1,3,1,5,2,13,10,8,4,4,4,4,12,6,3,9,7,2,2,5,5,11,4,13,13,13,13,10,10,10,10,13,10,10,10,13,13,13,13,13,10,10,10,10,13,8,13,13,4,4,13,13,13,13,13,10,13,4,4,13,13,13,13,13,13,13,4,12,12,12,6,13,13,13,13,3,9,7,13,13,13,1,13,13,13,13,13,13,13,13,13,13,2,2,13,13,13,13,5,5,5,5,5,5,5,5,11,11,11,11,11,11,11,11","0.000728845596313477","walktrap","edit-xhwikibooks.graphml"
"0.59","0.06","0.35","0.387756460785676","1,13,1,1,2,1,2,1,1,1,2,2,1,1,1,1,4,3,5,2,13,9,8,1,1,1,1,10,6,4,3,7,11,2,5,5,12,1,13,13,13,13,9,9,9,9,13,9,9,9,13,13,13,13,13,9,9,9,9,13,8,13,13,1,1,13,13,13,13,13,9,13,1,1,13,13,13,13,13,13,13,1,10,10,10,6,13,13,13,13,4,3,7,13,13,13,1,13,13,13,13,13,13,13,13,13,13,11,11,13,13,13,13,5,5,5,5,5,5,5,5,12,12,12,12,12,12,12,12","0.00071406364440918","walktrap","edit-xhwikibooks.graphml"
"0.58","0.07","0.35","0.387475221854652","1,13,1,1,2,1,2,1,1,1,2,2,1,1,1,1,4,3,5,2,13,9,8,1,1,1,1,10,6,4,3,7,11,2,5,5,12,1,13,13,13,13,9,9,9,9,13,9,9,9,13,13,13,13,13,9,9,9,9,13,8,13,13,1,1,13,13,13,13,13,9,13,1,1,13,13,13,13,13,13,13,1,10,10,10,6,13,13,13,13,4,3,7,13,13,13,1,13,13,13,13,13,13,13,13,13,13,11,11,13,13,13,13,5,5,5,5,5,5,5,5,12,12,12,12,12,12,12,12","0.000734090805053711","walktrap","edit-xhwikibooks.graphml"
"0.57","0.08","0.35","0.388446592002621","1,13,1,1,2,1,2,1,1,1,2,2,1,1,1,1,4,3,5,2,13,11,8,1,1,1,1,9,6,4,3,7,10,2,5,5,12,1,13,13,13,13,11,11,11,11,13,11,11,11,13,13,13,13,13,11,11,11,11,13,8,13,13,1,1,13,13,13,13,13,11,13,1,1,13,13,13,13,13,13,13,1,9,9,9,6,13,13,13,13,4,3,7,13,13,13,1,13,13,13,13,13,13,13,13,13,13,10,10,13,13,13,13,5,5,5,5,5,5,5,5,12,12,12,12,12,12,12,12","0.000773191452026367","walktrap","edit-xhwikibooks.graphml"
"0.56","0.09","0.35","0.388165488916284","1,13,1,1,2,1,2,1,1,1,2,2,1,1,1,1,4,3,5,2,13,11,8,1,1,1,1,9,6,4,3,7,10,2,5,5,12,1,13,13,13,13,11,11,11,11,13,11,11,11,13,13,13,13,13,11,11,11,11,13,8,13,13,1,1,13,13,13,13,13,11,13,1,1,13,13,13,13,13,13,13,1,9,9,9,6,13,13,13,13,4,3,7,13,13,13,1,13,13,13,13,13,13,13,13,13,13,10,10,13,13,13,13,5,5,5,5,5,5,5,5,12,12,12,12,12,12,12,12","0.000706911087036133","walktrap","edit-xhwikibooks.graphml"
"0.55","0.1","0.35","0.388165488916284","1,13,1,1,2,1,2,1,1,1,2,2,1,1,1,1,4,3,5,2,13,11,8,1,1,1,1,9,6,4,3,7,10,2,5,5,12,1,13,13,13,13,11,11,11,11,13,11,11,11,13,13,13,13,13,11,11,11,11,13,8,13,13,1,1,13,13,13,13,13,11,13,1,1,13,13,13,13,13,13,13,1,9,9,9,6,13,13,13,13,4,3,7,13,13,13,1,13,13,13,13,13,13,13,13,13,13,10,10,13,13,13,13,5,5,5,5,5,5,5,5,12,12,12,12,12,12,12,12","0.000726938247680664","walktrap","edit-xhwikibooks.graphml"
"0.54","0.11","0.35","0.384257755067213","1,2,1,1,1,1,1,1,1,1,1,3,1,1,1,4,6,5,1,3,2,9,8,1,1,1,1,4,2,6,5,7,3,3,1,1,10,1,2,2,2,2,9,9,9,9,2,9,9,9,2,2,2,2,2,9,9,9,9,2,8,2,2,1,1,2,2,2,2,2,9,2,1,1,2,2,2,2,2,2,2,1,4,4,4,2,2,2,2,2,6,5,7,2,2,2,4,2,2,2,2,2,2,2,2,2,2,3,3,2,2,2,2,1,1,1,1,1,1,1,1,10,10,10,10,10,10,10,10","0.000729084014892578","walktrap","edit-xhwikibooks.graphml"
"0.53","0.12","0.35","0.386133583380476","1,2,1,1,1,1,1,1,1,1,1,3,1,1,1,4,6,5,1,3,2,9,8,1,1,1,1,4,2,6,5,7,3,3,1,1,10,1,2,2,2,2,9,9,9,9,2,9,9,9,2,2,2,2,2,9,9,9,9,2,8,2,2,1,1,2,2,2,2,2,9,2,1,1,2,2,2,2,2,2,2,1,4,4,4,2,2,2,2,2,6,5,7,2,2,2,4,2,2,2,2,2,2,2,2,2,2,3,3,2,2,2,2,1,1,1,1,1,1,1,1,10,10,10,10,10,10,10,10","0.000741004943847656","walktrap","edit-xhwikibooks.graphml"
"0.52","0.13","0.35","0.385592882091517","1,2,1,1,1,1,1,1,1,1,1,3,1,1,1,4,6,5,1,3,2,9,8,1,1,1,1,4,2,6,5,7,3,3,1,1,10,1,2,2,2,2,9,9,9,9,2,9,9,9,2,2,2,2,2,9,9,9,9,2,8,2,2,1,1,2,2,2,2,2,9,2,1,1,2,2,2,2,2,2,2,1,4,4,4,2,2,2,2,2,6,5,7,2,2,2,4,2,2,2,2,2,2,2,2,2,2,3,3,2,2,2,2,1,1,1,1,1,1,1,1,10,10,10,10,10,10,10,10","0.000717878341674805","walktrap","edit-xhwikibooks.graphml"
"0.51","0.14","0.35","0.385592882091517","1,2,1,1,1,1,1,1,1,1,1,3,1,1,1,4,6,5,1,3,2,9,8,1,1,1,1,4,2,6,5,7,3,3,1,1,10,1,2,2,2,2,9,9,9,9,2,9,9,9,2,2,2,2,2,9,9,9,9,2,8,2,2,1,1,2,2,2,2,2,9,2,1,1,2,2,2,2,2,2,2,1,4,4,4,2,2,2,2,2,6,5,7,2,2,2,4,2,2,2,2,2,2,2,2,2,2,3,3,2,2,2,2,1,1,1,1,1,1,1,1,10,10,10,10,10,10,10,10","0.000720024108886719","walktrap","edit-xhwikibooks.graphml"
"0.5","0.15","0.35","0.386968624855285","1,2,1,1,1,1,1,1,1,1,1,3,1,1,1,4,6,5,1,3,2,9,8,1,1,1,1,4,2,6,5,7,3,3,1,1,10,1,2,2,2,2,9,9,9,9,2,9,9,9,2,2,2,2,2,9,9,9,9,2,8,2,2,1,1,2,2,2,2,2,9,2,1,1,2,2,2,2,2,2,2,1,4,4,4,2,2,2,2,2,6,5,7,2,2,2,4,2,2,2,2,2,2,2,2,2,2,3,3,2,2,2,2,1,1,1,1,1,1,1,1,10,10,10,10,10,10,10,10","0.000738859176635742","walktrap","edit-xhwikibooks.graphml"
"0.49","0.16","0.35","0.387126606450024","1,2,1,1,1,1,1,1,1,1,1,3,1,1,1,4,6,5,1,3,2,9,8,1,1,1,1,4,2,6,5,7,3,3,1,1,10,1,2,2,2,2,9,9,9,9,2,9,9,9,2,2,2,2,2,9,9,9,9,2,8,2,2,1,1,2,2,2,2,2,9,2,1,1,2,2,2,2,2,2,2,1,4,4,4,2,2,2,2,2,6,5,7,2,2,2,4,2,2,2,2,2,2,2,2,2,2,3,3,2,2,2,2,1,1,1,1,1,1,1,1,10,10,10,10,10,10,10,10","0.000721931457519531","walktrap","edit-xhwikibooks.graphml"
"0.48","0.17","0.35","0.387675587619645","1,2,1,1,1,1,1,1,1,1,1,3,1,1,1,4,6,5,1,3,2,9,8,1,1,1,1,4,2,6,5,7,3,3,1,1,10,1,2,2,2,2,9,9,9,9,2,9,9,9,2,2,2,2,2,9,9,9,9,2,8,2,2,1,1,2,2,2,2,2,9,2,1,1,2,2,2,2,2,2,2,1,4,4,4,2,2,2,2,2,6,5,7,2,2,2,4,2,2,2,2,2,2,2,2,2,2,3,3,2,2,2,2,1,1,1,1,1,1,1,1,10,10,10,10,10,10,10,10","0.000725030899047852","walktrap","edit-xhwikibooks.graphml"
"0.47","0.18","0.35","0.387675587619645","1,2,1,1,1,1,1,1,1,1,1,3,1,1,1,4,6,5,1,3,2,9,8,1,1,1,1,4,2,6,5,7,3,3,1,1,10,1,2,2,2,2,9,9,9,9,2,9,9,9,2,2,2,2,2,9,9,9,9,2,8,2,2,1,1,2,2,2,2,2,9,2,1,1,2,2,2,2,2,2,2,1,4,4,4,2,2,2,2,2,6,5,7,2,2,2,4,2,2,2,2,2,2,2,2,2,2,3,3,2,2,2,2,1,1,1,1,1,1,1,1,10,10,10,10,10,10,10,10","0.000705957412719727","walktrap","edit-xhwikibooks.graphml"
"0.46","0.19","0.35","0.387406164081109","1,2,1,1,1,1,1,1,1,1,1,3,1,1,1,4,6,5,1,3,2,9,8,1,1,1,1,4,2,6,5,7,3,3,1,1,10,1,2,2,2,2,9,9,9,9,2,9,9,9,2,2,2,2,2,9,9,9,9,2,8,2,2,1,1,2,2,2,2,2,9,2,1,1,2,2,2,2,2,2,2,1,4,4,4,2,2,2,2,2,6,5,7,2,2,2,4,2,2,2,2,2,2,2,2,2,2,3,3,2,2,2,2,1,1,1,1,1,1,1,1,10,10,10,10,10,10,10,10","0.000737905502319336","walktrap","edit-xhwikibooks.graphml"
"0.45","0.2","0.35","0.38903301280816","1,2,1,1,1,1,1,1,1,1,1,3,1,1,1,4,6,5,1,3,2,9,8,1,1,1,1,4,2,6,5,7,3,3,1,1,10,1,2,2,2,2,9,9,9,9,2,9,9,9,2,2,2,2,2,9,9,9,9,2,8,2,2,1,1,2,2,2,2,2,9,2,1,1,2,2,2,2,2,2,2,1,4,4,4,2,2,2,2,2,6,5,7,2,2,2,4,2,2,2,2,2,2,2,2,2,2,3,3,2,2,2,2,1,1,1,1,1,1,1,1,10,10,10,10,10,10,10,10","0.000750064849853516","walktrap","edit-xhwikibooks.graphml"
"0.44","0.21","0.35","0.370880902850355","1,2,1,1,1,1,1,1,1,1,1,3,1,1,1,4,6,5,1,3,2,9,8,1,1,1,1,4,2,6,5,7,3,3,1,1,10,1,2,2,2,2,9,9,9,9,2,9,9,9,2,2,2,2,2,9,9,9,9,2,8,2,2,1,1,2,2,2,2,2,9,2,1,1,2,2,2,2,2,2,2,1,4,4,4,2,2,2,2,2,6,5,7,2,2,2,4,2,2,2,2,2,2,2,2,2,2,3,3,2,2,2,2,1,1,1,1,1,1,1,1,10,10,10,10,10,10,10,10","0.000792980194091797","walktrap","edit-xhwikibooks.graphml"
"0.43","0.22","0.35","0.370974605916041","1,2,1,1,1,1,1,1,1,1,1,3,1,1,1,1,5,4,1,3,2,9,7,1,1,1,1,8,2,5,4,6,3,3,1,1,10,1,2,2,2,2,9,9,9,9,2,9,9,9,2,2,2,2,2,9,9,9,9,2,7,2,2,1,1,2,2,2,2,2,9,2,1,1,2,2,2,2,2,2,2,1,8,8,8,2,2,2,2,2,5,4,6,2,2,2,1,2,2,2,2,2,2,2,2,2,2,3,3,2,2,2,2,1,1,1,1,1,1,1,1,10,10,10,10,10,10,10,10","0.000734090805053711","walktrap","edit-xhwikibooks.graphml"
"0.42","0.23","0.35","0.372636700801381","1,2,1,1,1,1,1,1,1,1,1,3,1,1,1,1,5,4,1,3,2,9,7,1,1,1,1,8,2,5,4,6,3,3,1,1,10,1,2,2,2,2,9,9,9,9,2,9,9,9,2,2,2,2,2,9,9,9,9,2,7,2,2,1,1,2,2,2,2,2,9,2,1,1,2,2,2,2,2,2,2,1,8,8,8,2,2,2,2,2,5,4,6,2,2,2,1,2,2,2,2,2,2,2,2,2,2,3,3,2,2,2,2,1,1,1,1,1,1,1,1,10,10,10,10,10,10,10,10","0.000735998153686523","walktrap","edit-xhwikibooks.graphml"
"0.41","0.24","0.35","0.373664422998679","1,2,1,1,1,1,1,1,1,1,1,3,1,1,1,1,5,4,1,3,2,9,7,1,1,1,1,8,2,5,4,6,3,3,1,1,10,1,2,2,2,2,9,9,9,9,2,9,9,9,2,2,2,2,2,9,9,9,9,2,7,2,2,1,1,2,2,2,2,2,9,2,1,1,2,2,2,2,2,2,2,1,8,8,8,2,2,2,2,2,5,4,6,2,2,2,1,2,2,2,2,2,2,2,2,2,2,3,3,2,2,2,2,1,1,1,1,1,1,1,1,10,10,10,10,10,10,10,10","0.000756025314331055","walktrap","edit-xhwikibooks.graphml"
"0.4","0.25","0.35","0.376187421916375","1,2,1,1,1,1,1,1,1,1,1,3,1,1,1,1,5,4,1,3,2,9,7,1,1,1,1,8,2,5,4,6,3,3,1,1,10,1,2,2,2,2,9,9,9,9,2,9,9,9,2,2,2,2,2,9,9,9,9,2,7,2,2,1,1,2,2,2,2,2,9,2,1,1,2,2,2,2,2,2,2,1,8,8,8,2,2,2,2,2,5,4,6,2,2,2,1,2,2,2,2,2,2,2,2,2,2,3,3,2,2,2,2,1,1,1,1,1,1,1,1,10,10,10,10,10,10,10,10","0.000732183456420898","walktrap","edit-xhwikibooks.graphml"
"0.39","0.26","0.35","0.376187421916375","1,2,1,1,1,1,1,1,1,1,1,3,1,1,1,1,5,4,1,3,2,9,7,1,1,1,1,8,2,5,4,6,3,3,1,1,10,1,2,2,2,2,9,9,9,9,2,9,9,9,2,2,2,2,2,9,9,9,9,2,7,2,2,1,1,2,2,2,2,2,9,2,1,1,2,2,2,2,2,2,2,1,8,8,8,2,2,2,2,2,5,4,6,2,2,2,1,2,2,2,2,2,2,2,2,2,2,3,3,2,2,2,2,1,1,1,1,1,1,1,1,10,10,10,10,10,10,10,10","0.000715017318725586","walktrap","edit-xhwikibooks.graphml"
"0.38","0.27","0.35","0.376187421916375","1,2,1,1,1,1,1,1,1,1,1,3,1,1,1,1,5,4,1,3,2,9,7,1,1,1,1,8,2,5,4,6,3,3,1,1,10,1,2,2,2,2,9,9,9,9,2,9,9,9,2,2,2,2,2,9,9,9,9,2,7,2,2,1,1,2,2,2,2,2,9,2,1,1,2,2,2,2,2,2,2,1,8,8,8,2,2,2,2,2,5,4,6,2,2,2,1,2,2,2,2,2,2,2,2,2,2,3,3,2,2,2,2,1,1,1,1,1,1,1,1,10,10,10,10,10,10,10,10","0.000737905502319336","walktrap","edit-xhwikibooks.graphml"
"0.37","0.28","0.35","0.375923298231438","1,2,1,1,1,1,1,1,1,1,1,3,1,1,1,1,5,4,1,3,2,9,7,1,1,1,1,8,2,5,4,6,3,3,1,1,10,1,2,2,2,2,9,9,9,9,2,9,9,9,2,2,2,2,2,9,9,9,9,2,7,2,2,1,1,2,2,2,2,2,9,2,1,1,2,2,2,2,2,2,2,1,8,8,8,2,2,2,2,2,5,4,6,2,2,2,1,2,2,2,2,2,2,2,2,2,2,3,3,2,2,2,2,1,1,1,1,1,1,1,1,10,10,10,10,10,10,10,10","0.000812053680419922","walktrap","edit-xhwikibooks.graphml"
"0.36","0.29","0.35","0.377590698806915","1,2,1,1,1,1,1,1,1,1,1,3,1,1,1,1,5,4,1,3,2,9,7,1,1,1,1,8,2,5,4,6,3,3,1,1,10,1,2,2,2,2,9,9,9,9,2,9,9,9,2,2,2,2,2,9,9,9,9,2,7,2,2,1,1,2,2,2,2,2,9,2,1,1,2,2,2,2,2,2,2,1,8,8,8,2,2,2,2,2,5,4,6,2,2,2,1,2,2,2,2,2,2,2,2,2,2,3,3,2,2,2,2,1,1,1,1,1,1,1,1,10,10,10,10,10,10,10,10","0.000709056854248047","walktrap","edit-xhwikibooks.graphml"
"0.35","0.3","0.35","0.381574371797526","1,11,1,1,2,1,2,1,1,1,2,2,1,1,1,3,5,4,10,2,11,12,8,1,1,1,1,3,6,5,4,7,9,2,10,10,13,1,11,11,11,11,12,12,12,12,11,12,12,12,11,11,11,11,11,12,12,12,12,11,8,11,11,1,1,11,11,11,11,11,12,11,1,1,11,11,11,11,11,11,11,1,3,3,3,6,11,11,11,11,5,4,7,11,11,11,3,11,11,11,11,11,11,11,11,11,11,9,9,11,11,11,11,10,10,10,10,10,10,10,10,13,13,13,13,13,13,13,13","0.000723123550415039","walktrap","edit-xhwikibooks.graphml"
"0.34","0.31","0.35","0.382565676086502","1,11,1,1,2,1,2,1,1,1,2,2,1,1,1,3,5,4,10,2,11,12,8,1,1,1,1,3,6,5,4,7,9,2,10,10,13,1,11,11,11,11,12,12,12,12,11,12,12,12,11,11,11,11,11,12,12,12,12,11,8,11,11,1,1,11,11,11,11,11,12,11,1,1,11,11,11,11,11,11,11,1,3,3,3,6,11,11,11,11,5,4,7,11,11,11,3,11,11,11,11,11,11,11,11,11,11,9,9,11,11,11,11,10,10,10,10,10,10,10,10,13,13,13,13,13,13,13,13","0.000719070434570312","walktrap","edit-xhwikibooks.graphml"
"0.33","0.32","0.35","0.382288500526996","1,11,1,1,2,1,2,1,1,1,2,2,1,1,1,3,5,4,10,2,11,12,8,1,1,1,1,3,6,5,4,7,9,2,10,10,13,1,11,11,11,11,12,12,12,12,11,12,12,12,11,11,11,11,11,12,12,12,12,11,8,11,11,1,1,11,11,11,11,11,12,11,1,1,11,11,11,11,11,11,11,1,3,3,3,6,11,11,11,11,5,4,7,11,11,11,3,11,11,11,11,11,11,11,11,11,11,9,9,11,11,11,11,10,10,10,10,10,10,10,10,13,13,13,13,13,13,13,13","0.000756978988647461","walktrap","edit-xhwikibooks.graphml"
"0.32","0.33","0.35","0.382011703432605","1,11,1,1,2,1,2,1,1,1,2,2,1,1,1,3,5,4,10,2,11,12,8,1,1,1,1,3,6,5,4,7,9,2,10,10,13,1,11,11,11,11,12,12,12,12,11,12,12,12,11,11,11,11,11,12,12,12,12,11,8,11,11,1,1,11,11,11,11,11,12,11,1,1,11,11,11,11,11,11,11,1,3,3,3,6,11,11,11,11,5,4,7,11,11,11,3,11,11,11,11,11,11,11,11,11,11,9,9,11,11,11,11,10,10,10,10,10,10,10,10,13,13,13,13,13,13,13,13","0.000773906707763672","walktrap","edit-xhwikibooks.graphml"
"0.31","0.34","0.35","0.39539470592842","1,11,1,1,2,1,2,1,1,1,2,2,1,1,1,3,5,4,9,2,11,12,8,1,1,1,1,3,6,5,4,7,10,2,9,9,13,1,11,11,11,11,12,12,12,12,11,12,12,12,11,11,11,11,11,12,12,12,12,11,8,11,11,1,1,11,11,11,11,11,12,11,1,1,11,11,11,11,11,11,11,1,3,3,3,6,11,11,11,11,5,4,7,11,11,11,3,11,11,11,11,11,11,11,11,11,11,10,10,11,11,11,11,9,9,9,9,9,9,9,9,13,13,13,13,13,13,13,13","0.000754833221435547","walktrap","edit-xhwikibooks.graphml"
"0.3","0.35","0.35","0.39539470592842","1,11,1,1,2,1,2,1,1,1,2,2,1,1,1,3,5,4,9,2,11,12,8,1,1,1,1,3,6,5,4,7,10,2,9,9,13,1,11,11,11,11,12,12,12,12,11,12,12,12,11,11,11,11,11,12,12,12,12,11,8,11,11,1,1,11,11,11,11,11,12,11,1,1,11,11,11,11,11,11,11,1,3,3,3,6,11,11,11,11,5,4,7,11,11,11,3,11,11,11,11,11,11,11,11,11,11,10,10,11,11,11,11,9,9,9,9,9,9,9,9,13,13,13,13,13,13,13,13","0.000729084014892578","walktrap","edit-xhwikibooks.graphml"
"0.29","0.36","0.35","0.387589953591676","1,5,1,1,1,1,1,1,1,1,1,2,1,1,1,1,4,3,1,2,5,7,1,1,1,1,1,6,5,4,3,1,2,2,1,1,8,1,5,5,5,5,7,7,7,7,5,7,7,7,5,5,5,5,5,7,7,7,7,5,9,5,5,1,1,5,5,5,5,5,7,5,1,1,5,5,5,5,5,5,5,1,6,6,6,10,5,5,5,5,11,12,13,5,5,5,1,5,5,5,5,5,5,5,5,5,5,2,2,5,5,5,5,1,1,1,1,1,1,1,1,8,8,8,8,8,8,8,8","0.000735998153686523","walktrap","edit-xhwikibooks.graphml"
"0.28","0.37","0.35","0.387589953591676","1,5,1,1,1,1,1,1,1,1,1,2,1,1,1,1,4,3,1,2,5,7,1,1,1,1,1,6,5,4,3,1,2,2,1,1,8,1,5,5,5,5,7,7,7,7,5,7,7,7,5,5,5,5,5,7,7,7,7,5,9,5,5,1,1,5,5,5,5,5,7,5,1,1,5,5,5,5,5,5,5,1,6,6,6,10,5,5,5,5,11,12,13,5,5,5,1,5,5,5,5,5,5,5,5,5,5,2,2,5,5,5,5,1,1,1,1,1,1,1,1,8,8,8,8,8,8,8,8","0.00074315071105957","walktrap","edit-xhwikibooks.graphml"
"0.27","0.38","0.35","0.387326799088911","1,5,1,1,1,1,1,1,1,1,1,2,1,1,1,1,4,3,1,2,5,7,1,1,1,1,1,6,5,4,3,1,2,2,1,1,8,1,5,5,5,5,7,7,7,7,5,7,7,7,5,5,5,5,5,7,7,7,7,5,9,5,5,1,1,5,5,5,5,5,7,5,1,1,5,5,5,5,5,5,5,1,6,6,6,10,5,5,5,5,11,12,13,5,5,5,1,5,5,5,5,5,5,5,5,5,5,2,2,5,5,5,5,1,1,1,1,1,1,1,1,8,8,8,8,8,8,8,8","0.000761032104492188","walktrap","edit-xhwikibooks.graphml"
"0.26","0.39","0.35","0.388306517529299","1,5,1,1,1,1,1,1,1,1,1,2,1,1,1,1,4,3,1,2,5,7,1,1,1,1,1,6,5,4,3,1,2,2,1,1,8,1,5,5,5,5,7,7,7,7,5,7,7,7,5,5,5,5,5,7,7,7,7,5,9,5,5,1,1,5,5,5,5,5,7,5,1,1,5,5,5,5,5,5,5,1,6,6,6,10,5,5,5,5,11,12,13,5,5,5,1,5,5,5,5,5,5,5,5,5,5,2,2,5,5,5,5,1,1,1,1,1,1,1,1,8,8,8,8,8,8,8,8","0.000744104385375977","walktrap","edit-xhwikibooks.graphml"
"0.25","0.4","0.35","0.389603810622744","1,5,1,1,1,1,1,1,1,1,1,2,1,1,1,1,4,3,1,2,5,7,1,1,1,1,1,6,5,4,3,1,2,2,1,1,8,1,5,5,5,5,7,7,7,7,5,7,7,7,5,5,5,5,5,7,7,7,7,5,9,5,5,1,1,5,5,5,5,5,7,5,1,1,5,5,5,5,5,5,5,1,6,6,6,10,5,5,5,5,11,12,13,5,5,5,1,5,5,5,5,5,5,5,5,5,5,2,2,5,5,5,5,1,1,1,1,1,1,1,1,8,8,8,8,8,8,8,8","0.000751018524169922","walktrap","edit-xhwikibooks.graphml"
"0.24","0.41","0.35","0.39294937691766","1,7,1,1,2,1,2,1,1,1,2,2,1,1,1,3,6,5,4,2,7,9,1,1,1,1,1,3,7,6,5,4,8,2,4,4,10,1,7,7,7,7,9,9,9,9,7,9,9,9,7,7,7,7,7,9,9,9,9,7,11,7,7,1,1,7,7,7,7,7,9,7,1,1,7,7,7,7,7,7,7,1,3,3,3,12,7,7,7,7,13,14,15,7,7,7,3,7,7,7,7,7,7,7,7,7,7,8,8,7,7,7,7,4,4,4,4,4,4,4,4,10,10,10,10,10,10,10,10","0.000864028930664062","walktrap","edit-xhwikibooks.graphml"
"0.23","0.42","0.35","0.392669386909726","1,7,1,1,2,1,2,1,1,1,2,2,1,1,1,3,6,5,4,2,7,9,1,1,1,1,1,3,7,6,5,4,8,2,4,4,10,1,7,7,7,7,9,9,9,9,7,9,9,9,7,7,7,7,7,9,9,9,9,7,11,7,7,1,1,7,7,7,7,7,9,7,1,1,7,7,7,7,7,7,7,1,3,3,3,12,7,7,7,7,13,14,15,7,7,7,3,7,7,7,7,7,7,7,7,7,7,8,8,7,7,7,7,4,4,4,4,4,4,4,4,10,10,10,10,10,10,10,10","0.000741004943847656","walktrap","edit-xhwikibooks.graphml"
"0.22","0.43","0.35","0.394497252495972","1,7,1,1,2,1,2,1,1,1,2,2,1,1,1,3,6,5,4,2,7,9,1,1,1,1,1,3,7,6,5,4,8,2,4,4,10,1,7,7,7,7,9,9,9,9,7,9,9,9,7,7,7,7,7,9,9,9,9,7,11,7,7,1,1,7,7,7,7,7,9,7,1,1,7,7,7,7,7,7,7,1,3,3,3,12,7,7,7,7,13,14,15,7,7,7,3,7,7,7,7,7,7,7,7,7,7,8,8,7,7,7,7,4,4,4,4,4,4,4,4,10,10,10,10,10,10,10,10","0.000771045684814453","walktrap","edit-xhwikibooks.graphml"
"0.21","0.44","0.35","0.394217292636941","1,7,1,1,2,1,2,1,1,1,2,2,1,1,1,3,6,5,4,2,7,9,1,1,1,1,1,3,7,6,5,4,8,2,4,4,10,1,7,7,7,7,9,9,9,9,7,9,9,9,7,7,7,7,7,9,9,9,9,7,11,7,7,1,1,7,7,7,7,7,9,7,1,1,7,7,7,7,7,7,7,1,3,3,3,12,7,7,7,7,13,14,15,7,7,7,3,7,7,7,7,7,7,7,7,7,7,8,8,7,7,7,7,4,4,4,4,4,4,4,4,10,10,10,10,10,10,10,10","0.000721931457519531","walktrap","edit-xhwikibooks.graphml"
"0.2","0.45","0.35","0.396122029058537","1,7,1,1,2,1,2,1,1,1,2,2,1,1,1,3,6,5,4,2,7,9,1,1,1,1,1,3,7,6,5,4,8,2,4,4,10,1,7,7,7,7,9,9,9,9,7,9,9,9,7,7,7,7,7,9,9,9,9,7,11,7,7,1,1,7,7,7,7,7,9,7,1,1,7,7,7,7,7,7,7,1,3,3,3,12,7,7,7,7,13,14,15,7,7,7,3,7,7,7,7,7,7,7,7,7,7,8,8,7,7,7,7,4,4,4,4,4,4,4,4,10,10,10,10,10,10,10,10","0.000752925872802734","walktrap","edit-xhwikibooks.graphml"
"0.19","0.46","0.35","0.406982522457474","1,7,1,1,2,1,2,1,1,1,2,2,1,1,1,3,6,5,4,2,7,9,1,1,1,1,1,3,7,6,5,4,8,2,4,4,10,1,7,7,7,7,9,9,9,9,7,9,9,9,7,7,7,7,7,9,9,9,9,7,11,7,7,1,1,7,7,7,7,7,9,7,1,1,7,7,7,7,7,7,7,1,3,3,3,12,7,7,7,7,13,14,15,7,7,7,3,7,7,7,7,7,7,7,7,7,7,8,8,7,7,7,7,4,4,4,4,4,4,4,4,10,10,10,10,10,10,10,10","0.00119400024414062","walktrap","edit-xhwikibooks.graphml"
"0.18","0.47","0.35","0.407951188574491","1,7,1,1,2,1,2,1,1,1,2,2,1,1,1,3,6,5,4,2,7,9,1,1,1,1,1,3,7,6,5,4,8,2,4,4,10,1,7,7,7,7,9,9,9,9,7,9,9,9,7,7,7,7,7,9,9,9,9,7,11,7,7,1,1,7,7,7,7,7,9,7,1,1,7,7,7,7,7,7,7,1,3,3,3,12,7,7,7,7,13,14,15,7,7,7,3,7,7,7,7,7,7,7,7,7,7,8,8,7,7,7,7,4,4,4,4,4,4,4,4,10,10,10,10,10,10,10,10","0.00107812881469727","walktrap","edit-xhwikibooks.graphml"
"0.17","0.48","0.35","0.407652875117746","1,7,1,1,2,1,2,1,1,1,2,2,1,1,1,3,6,5,4,2,7,9,1,1,1,1,1,3,7,6,5,4,8,2,4,4,10,1,7,7,7,7,9,9,9,9,7,9,9,9,7,7,7,7,7,9,9,9,9,7,11,7,7,1,1,7,7,7,7,7,9,7,1,1,7,7,7,7,7,7,7,1,3,3,3,12,7,7,7,7,13,14,15,7,7,7,3,7,7,7,7,7,7,7,7,7,7,8,8,7,7,7,7,4,4,4,4,4,4,4,4,10,10,10,10,10,10,10,10","0.00159001350402832","walktrap","edit-xhwikibooks.graphml"
"0.16","0.49","0.35","0.407652875117746","1,7,1,1,2,1,2,1,1,1,2,2,1,1,1,3,6,5,4,2,7,9,1,1,1,1,1,3,7,6,5,4,8,2,4,4,10,1,7,7,7,7,9,9,9,9,7,9,9,9,7,7,7,7,7,9,9,9,9,7,11,7,7,1,1,7,7,7,7,7,9,7,1,1,7,7,7,7,7,7,7,1,3,3,3,12,7,7,7,7,13,14,15,7,7,7,3,7,7,7,7,7,7,7,7,7,7,8,8,7,7,7,7,4,4,4,4,4,4,4,4,10,10,10,10,10,10,10,10","0.00139999389648438","walktrap","edit-xhwikibooks.graphml"
"0.15","0.5","0.35","0.44382889660253","1,5,1,1,3,1,3,1,1,1,3,3,1,1,1,4,7,6,2,3,5,9,1,1,1,1,1,4,5,7,6,2,8,3,2,2,10,1,5,5,5,5,9,9,9,9,5,9,9,9,5,5,5,5,5,9,9,9,9,5,11,5,5,1,1,5,5,5,5,5,9,5,1,1,5,5,5,5,5,5,5,1,4,4,4,12,5,5,5,5,13,14,15,5,5,5,4,5,5,5,5,5,5,5,5,5,5,8,8,5,5,5,5,2,2,2,2,2,2,2,2,10,10,10,10,10,10,10,10","0.00124120712280273","walktrap","edit-xhwikibooks.graphml"
"0.14","0.51","0.35","0.441408208271976","1,5,1,1,3,1,3,1,1,1,3,3,1,1,1,4,7,6,2,3,5,9,1,1,1,1,1,4,5,7,6,2,8,3,2,2,10,1,5,5,5,5,9,9,9,9,5,9,9,9,5,5,5,5,5,9,9,9,9,5,11,5,5,1,1,5,5,5,5,5,9,5,1,1,5,5,5,5,5,5,5,1,4,4,4,12,5,5,5,5,13,14,15,5,5,5,4,5,5,5,5,5,5,5,5,5,5,8,8,5,5,5,5,2,2,2,2,2,2,2,2,10,10,10,10,10,10,10,10","0.00119900703430176","walktrap","edit-xhwikibooks.graphml"
"0.13","0.52","0.35","0.441408208271976","1,5,1,1,3,1,3,1,1,1,3,3,1,1,1,4,7,6,2,3,5,9,1,1,1,1,1,4,5,7,6,2,8,3,2,2,10,1,5,5,5,5,9,9,9,9,5,9,9,9,5,5,5,5,5,9,9,9,9,5,11,5,5,1,1,5,5,5,5,5,9,5,1,1,5,5,5,5,5,5,5,1,4,4,4,12,5,5,5,5,13,14,15,5,5,5,4,5,5,5,5,5,5,5,5,5,5,8,8,5,5,5,5,2,2,2,2,2,2,2,2,10,10,10,10,10,10,10,10","0.00121688842773438","walktrap","edit-xhwikibooks.graphml"
"0.12","0.53","0.35","0.440805340375449","1,5,1,1,3,1,3,1,1,1,3,3,1,1,1,4,7,6,2,3,5,9,1,1,1,1,1,4,5,7,6,2,8,3,2,2,10,1,5,5,5,5,9,9,9,9,5,9,9,9,5,5,5,5,5,9,9,9,9,5,11,5,5,1,1,5,5,5,5,5,9,5,1,1,5,5,5,5,5,5,5,1,4,4,4,12,5,5,5,5,13,14,15,5,5,5,4,5,5,5,5,5,5,5,5,5,5,8,8,5,5,5,5,2,2,2,2,2,2,2,2,10,10,10,10,10,10,10,10","0.00125694274902344","walktrap","edit-xhwikibooks.graphml"
"0.11","0.54","0.35","0.441678164292225","1,5,1,1,3,1,3,1,1,1,3,3,1,1,1,4,7,6,2,3,5,9,1,1,1,1,1,4,5,7,6,2,8,3,2,2,10,1,5,5,5,5,9,9,9,9,5,9,9,9,5,5,5,5,5,9,9,9,9,5,11,5,5,1,1,5,5,5,5,5,9,5,1,1,5,5,5,5,5,5,5,1,4,4,4,12,5,5,5,5,13,14,15,5,5,5,4,5,5,5,5,5,5,5,5,5,5,8,8,5,5,5,5,2,2,2,2,2,2,2,2,10,10,10,10,10,10,10,10","0.00125813484191895","walktrap","edit-xhwikibooks.graphml"
"0.1","0.55","0.35","0.442191645748377","1,5,1,1,3,1,3,1,1,1,3,3,1,1,1,4,7,6,2,3,5,9,1,1,1,1,1,4,5,7,6,2,8,3,2,2,10,1,5,5,5,5,9,9,9,9,5,9,9,9,5,5,5,5,5,9,9,9,9,5,11,5,5,1,1,5,5,5,5,5,9,5,1,1,5,5,5,5,5,5,5,1,4,4,4,12,5,5,5,5,13,14,15,5,5,5,4,5,5,5,5,5,5,5,5,5,5,8,8,5,5,5,5,2,2,2,2,2,2,2,2,10,10,10,10,10,10,10,10","0.00128483772277832","walktrap","edit-xhwikibooks.graphml"
"0.09","0.56","0.35","0.443889016316207","1,5,1,1,3,1,3,1,1,1,3,3,1,1,1,4,7,6,2,3,5,9,1,1,1,1,1,4,5,7,6,2,8,3,2,2,10,1,5,5,5,5,9,9,9,9,5,9,9,9,5,5,5,5,5,9,9,9,9,5,11,5,5,1,1,5,5,5,5,5,9,5,1,1,5,5,5,5,5,5,5,1,4,4,4,12,5,5,5,5,13,14,15,5,5,5,4,5,5,5,5,5,5,5,5,5,5,8,8,5,5,5,5,2,2,2,2,2,2,2,2,10,10,10,10,10,10,10,10","0.00125908851623535","walktrap","edit-xhwikibooks.graphml"
"0.08","0.57","0.35","0.443588142970631","1,5,1,1,3,1,3,1,1,1,3,3,1,1,1,4,7,6,2,3,5,9,1,1,1,1,1,4,5,7,6,2,8,3,2,2,10,1,5,5,5,5,9,9,9,9,5,9,9,9,5,5,5,5,5,9,9,9,9,5,11,5,5,1,1,5,5,5,5,5,9,5,1,1,5,5,5,5,5,5,5,1,4,4,4,12,5,5,5,5,13,14,15,5,5,5,4,5,5,5,5,5,5,5,5,5,5,8,8,5,5,5,5,2,2,2,2,2,2,2,2,10,10,10,10,10,10,10,10","0.00203609466552734","walktrap","edit-xhwikibooks.graphml"
"0.07","0.58","0.35","0.445178178723693","1,5,1,1,3,1,3,1,1,1,3,3,1,1,1,4,7,6,2,3,5,9,1,1,1,1,1,4,5,7,6,2,8,3,2,2,10,1,5,5,5,5,9,9,9,9,5,9,9,9,5,5,5,5,5,9,9,9,9,5,11,5,5,1,1,5,5,5,5,5,9,5,1,1,5,5,5,5,5,5,5,1,4,4,4,12,5,5,5,5,13,14,15,5,5,5,4,5,5,5,5,5,5,5,5,5,5,8,8,5,5,5,5,2,2,2,2,2,2,2,2,10,10,10,10,10,10,10,10","0.00157499313354492","walktrap","edit-xhwikibooks.graphml"
"0.06","0.59","0.35","0.444877654662973","1,5,1,1,3,1,3,1,1,1,3,3,1,1,1,4,7,6,2,3,5,9,1,1,1,1,1,4,5,7,6,2,8,3,2,2,10,1,5,5,5,5,9,9,9,9,5,9,9,9,5,5,5,5,5,9,9,9,9,5,11,5,5,1,1,5,5,5,5,5,9,5,1,1,5,5,5,5,5,5,5,1,4,4,4,12,5,5,5,5,13,14,15,5,5,5,4,5,5,5,5,5,5,5,5,5,5,8,8,5,5,5,5,2,2,2,2,2,2,2,2,10,10,10,10,10,10,10,10","0.000707149505615234","walktrap","edit-xhwikibooks.graphml"
"0.05","0.6","0.35","0.446476823466987","1,5,1,1,3,1,3,1,1,1,3,3,1,1,1,4,7,6,2,3,5,9,1,1,1,1,1,4,5,7,6,2,8,3,2,2,10,1,5,5,5,5,9,9,9,9,5,9,9,9,5,5,5,5,5,9,9,9,9,5,11,5,5,1,1,5,5,5,5,5,9,5,1,1,5,5,5,5,5,5,5,1,4,4,4,12,5,5,5,5,13,14,15,5,5,5,4,5,5,5,5,5,5,5,5,5,5,8,8,5,5,5,5,2,2,2,2,2,2,2,2,10,10,10,10,10,10,10,10","0.0007171630859375","walktrap","edit-xhwikibooks.graphml"
"0.04","0.61","0.35","0.446773948675167","1,5,1,1,3,1,3,1,1,1,3,3,1,1,1,4,7,6,2,3,5,9,1,1,1,1,1,4,5,7,6,2,8,3,2,2,10,1,5,5,5,5,9,9,9,9,5,9,9,9,5,5,5,5,5,9,9,9,9,5,11,5,5,1,1,5,5,5,5,5,9,5,1,1,5,5,5,5,5,5,5,1,4,4,4,12,5,5,5,5,13,14,15,5,5,5,4,5,5,5,5,5,5,5,5,5,5,8,8,5,5,5,5,2,2,2,2,2,2,2,2,10,10,10,10,10,10,10,10","0.000738143920898438","walktrap","edit-xhwikibooks.graphml"
"0.03","0.62","0.35","0.447629031060531","1,5,1,1,3,1,3,1,1,1,3,3,1,1,1,4,7,6,2,3,5,9,1,1,1,1,1,4,5,7,6,2,8,3,2,2,10,1,5,5,5,5,9,9,9,9,5,9,9,9,5,5,5,5,5,9,9,9,9,5,11,5,5,1,1,5,5,5,5,5,9,5,1,1,5,5,5,5,5,5,5,1,4,4,4,12,5,5,5,5,13,14,15,5,5,5,4,5,5,5,5,5,5,5,5,5,5,8,8,5,5,5,5,2,2,2,2,2,2,2,2,10,10,10,10,10,10,10,10","0.000716924667358398","walktrap","edit-xhwikibooks.graphml"
"0.02","0.63","0.35","0.447328185363587","1,5,1,1,3,1,3,1,1,1,3,3,1,1,1,4,7,6,2,3,5,9,1,1,1,1,1,4,5,7,6,2,8,3,2,2,10,1,5,5,5,5,9,9,9,9,5,9,9,9,5,5,5,5,5,9,9,9,9,5,11,5,5,1,1,5,5,5,5,5,9,5,1,1,5,5,5,5,5,5,5,1,4,4,4,12,5,5,5,5,13,14,15,5,5,5,4,5,5,5,5,5,5,5,5,5,5,8,8,5,5,5,5,2,2,2,2,2,2,2,2,10,10,10,10,10,10,10,10","0.000773906707763672","walktrap","edit-xhwikibooks.graphml"
"0.01","0.64","0.35","0.447328185363587","1,5,1,1,3,1,3,1,1,1,3,3,1,1,1,4,7,6,2,3,5,9,1,1,1,1,1,4,5,7,6,2,8,3,2,2,10,1,5,5,5,5,9,9,9,9,5,9,9,9,5,5,5,5,5,9,9,9,9,5,11,5,5,1,1,5,5,5,5,5,9,5,1,1,5,5,5,5,5,5,5,1,4,4,4,12,5,5,5,5,13,14,15,5,5,5,4,5,5,5,5,5,5,5,5,5,5,8,8,5,5,5,5,2,2,2,2,2,2,2,2,10,10,10,10,10,10,10,10","0.000805854797363281","walktrap","edit-xhwikibooks.graphml"
"0","0.65","0.35","0.446215217496142","4,9,4,4,4,4,2,3,4,4,2,2,3,3,3,1,6,5,7,2,9,10,12,3,3,3,3,1,4,6,5,13,8,2,7,7,11,3,9,9,9,9,10,10,10,10,9,10,10,10,9,9,9,9,9,10,10,10,10,9,14,9,9,3,3,9,9,9,9,9,10,9,3,3,9,9,9,9,9,9,9,3,1,1,1,15,9,9,9,9,16,17,18,9,9,9,1,9,9,9,9,9,9,9,9,9,9,8,8,9,9,9,9,7,7,7,7,7,7,7,7,11,11,11,11,11,11,11,11","0.000760078430175781","walktrap","edit-xhwikibooks.graphml"
"0.64","0","0.36","0.405600153873431","3,13,3,3,3,1,3,1,1,1,3,2,1,1,1,1,4,3,5,2,13,10,8,1,1,1,1,12,6,4,9,7,2,2,5,5,11,1,13,13,13,13,10,10,10,10,13,10,10,10,13,13,13,13,13,10,10,10,10,13,8,13,13,1,1,13,13,13,13,13,10,13,1,1,13,13,13,13,13,13,13,1,12,12,12,6,13,13,13,13,4,9,7,13,13,13,1,13,13,13,13,13,13,13,13,13,13,2,2,13,13,13,13,5,5,5,5,5,5,5,5,11,11,11,11,11,11,11,11","0.000731945037841797","walktrap","edit-xhwikibooks.graphml"
"0.63","0.01","0.36","0.405600153873431","3,13,3,3,3,1,3,1,1,1,3,2,1,1,1,1,4,3,5,2,13,10,8,1,1,1,1,12,6,4,9,7,2,2,5,5,11,1,13,13,13,13,10,10,10,10,13,10,10,10,13,13,13,13,13,10,10,10,10,13,8,13,13,1,1,13,13,13,13,13,10,13,1,1,13,13,13,13,13,13,13,1,12,12,12,6,13,13,13,13,4,9,7,13,13,13,1,13,13,13,13,13,13,13,13,13,13,2,2,13,13,13,13,5,5,5,5,5,5,5,5,11,11,11,11,11,11,11,11","0.000734806060791016","walktrap","edit-xhwikibooks.graphml"
"0.62","0.02","0.36","0.405600153873431","3,13,3,3,3,1,3,1,1,1,3,2,1,1,1,1,4,3,5,2,13,10,8,1,1,1,1,12,6,4,9,7,2,2,5,5,11,1,13,13,13,13,10,10,10,10,13,10,10,10,13,13,13,13,13,10,10,10,10,13,8,13,13,1,1,13,13,13,13,13,10,13,1,1,13,13,13,13,13,13,13,1,12,12,12,6,13,13,13,13,4,9,7,13,13,13,1,13,13,13,13,13,13,13,13,13,13,2,2,13,13,13,13,5,5,5,5,5,5,5,5,11,11,11,11,11,11,11,11","0.000725984573364258","walktrap","edit-xhwikibooks.graphml"
"0.61","0.03","0.36","0.405314765432099","3,13,3,3,3,1,3,1,1,1,3,2,1,1,1,1,4,3,5,2,13,10,8,1,1,1,1,12,6,4,9,7,2,2,5,5,11,1,13,13,13,13,10,10,10,10,13,10,10,10,13,13,13,13,13,10,10,10,10,13,8,13,13,1,1,13,13,13,13,13,10,13,1,1,13,13,13,13,13,13,13,1,12,12,12,6,13,13,13,13,4,9,7,13,13,13,1,13,13,13,13,13,13,13,13,13,13,2,2,13,13,13,13,5,5,5,5,5,5,5,5,11,11,11,11,11,11,11,11","0.000722885131835938","walktrap","edit-xhwikibooks.graphml"
"0.6","0.04","0.36","0.397955395688058","1,13,1,1,1,1,1,4,4,1,1,2,4,4,4,1,3,1,5,2,13,10,8,4,4,4,4,12,6,3,9,7,2,2,5,5,11,4,13,13,13,13,10,10,10,10,13,10,10,10,13,13,13,13,13,10,10,10,10,13,8,13,13,4,4,13,13,13,13,13,10,13,4,4,13,13,13,13,13,13,13,4,12,12,12,6,13,13,13,13,3,9,7,13,13,13,1,13,13,13,13,13,13,13,13,13,13,2,2,13,13,13,13,5,5,5,5,5,5,5,5,11,11,11,11,11,11,11,11","0.000727176666259766","walktrap","edit-xhwikibooks.graphml"
"0.59","0.05","0.36","0.397671705156126","1,13,1,1,1,1,1,4,4,1,1,2,4,4,4,1,3,1,5,2,13,10,8,4,4,4,4,12,6,3,9,7,2,2,5,5,11,4,13,13,13,13,10,10,10,10,13,10,10,10,13,13,13,13,13,10,10,10,10,13,8,13,13,4,4,13,13,13,13,13,10,13,4,4,13,13,13,13,13,13,13,4,12,12,12,6,13,13,13,13,3,9,7,13,13,13,1,13,13,13,13,13,13,13,13,13,13,2,2,13,13,13,13,5,5,5,5,5,5,5,5,11,11,11,11,11,11,11,11","0.000760078430175781","walktrap","edit-xhwikibooks.graphml"
"0.58","0.06","0.36","0.397671705156126","1,13,1,1,1,1,1,4,4,1,1,2,4,4,4,1,3,1,5,2,13,10,8,4,4,4,4,12,6,3,9,7,2,2,5,5,11,4,13,13,13,13,10,10,10,10,13,10,10,10,13,13,13,13,13,10,10,10,10,13,8,13,13,4,4,13,13,13,13,13,10,13,4,4,13,13,13,13,13,13,13,4,12,12,12,6,13,13,13,13,3,9,7,13,13,13,1,13,13,13,13,13,13,13,13,13,13,2,2,13,13,13,13,5,5,5,5,5,5,5,5,11,11,11,11,11,11,11,11","0.000742912292480469","walktrap","edit-xhwikibooks.graphml"
"0.57","0.07","0.36","0.397388392857143","1,13,1,1,1,1,1,4,4,1,1,2,4,4,4,1,3,1,5,2,13,10,8,4,4,4,4,12,6,3,9,7,2,2,5,5,11,4,13,13,13,13,10,10,10,10,13,10,10,10,13,13,13,13,13,10,10,10,10,13,8,13,13,4,4,13,13,13,13,13,10,13,4,4,13,13,13,13,13,13,13,4,12,12,12,6,13,13,13,13,3,9,7,13,13,13,1,13,13,13,13,13,13,13,13,13,13,2,2,13,13,13,13,5,5,5,5,5,5,5,5,11,11,11,11,11,11,11,11","0.00072789192199707","walktrap","edit-xhwikibooks.graphml"
"0.56","0.08","0.36","0.398325376937407","1,13,1,1,1,1,1,4,4,1,1,2,4,4,4,1,3,1,5,2,13,10,8,4,4,4,4,12,6,3,9,7,2,2,5,5,11,4,13,13,13,13,10,10,10,10,13,10,10,10,13,13,13,13,13,10,10,10,10,13,8,13,13,4,4,13,13,13,13,13,10,13,4,4,13,13,13,13,13,13,13,4,12,12,12,6,13,13,13,13,3,9,7,13,13,13,1,13,13,13,13,13,13,13,13,13,13,2,2,13,13,13,13,5,5,5,5,5,5,5,5,11,11,11,11,11,11,11,11","0.000718116760253906","walktrap","edit-xhwikibooks.graphml"
"0.55","0.09","0.36","0.387604425966714","1,13,1,1,2,1,2,1,1,1,2,2,1,1,1,1,4,3,5,2,13,11,8,1,1,1,1,9,6,4,3,7,10,2,5,5,12,1,13,13,13,13,11,11,11,11,13,11,11,11,13,13,13,13,13,11,11,11,11,13,8,13,13,1,1,13,13,13,13,13,11,13,1,1,13,13,13,13,13,13,13,1,9,9,9,6,13,13,13,13,4,3,7,13,13,13,1,13,13,13,13,13,13,13,13,13,13,10,10,13,13,13,13,5,5,5,5,5,5,5,5,12,12,12,12,12,12,12,12","0.000732898712158203","walktrap","edit-xhwikibooks.graphml"
"0.54","0.1","0.36","0.387604425966714","1,13,1,1,2,1,2,1,1,1,2,2,1,1,1,1,4,3,5,2,13,11,8,1,1,1,1,9,6,4,3,7,10,2,5,5,12,1,13,13,13,13,11,11,11,11,13,11,11,11,13,13,13,13,13,11,11,11,11,13,8,13,13,1,1,13,13,13,13,13,11,13,1,1,13,13,13,13,13,13,13,1,9,9,9,6,13,13,13,13,4,3,7,13,13,13,1,13,13,13,13,13,13,13,13,13,13,10,10,13,13,13,13,5,5,5,5,5,5,5,5,12,12,12,12,12,12,12,12","0.000802040100097656","walktrap","edit-xhwikibooks.graphml"
"0.53","0.11","0.36","0.387324464724636","1,13,1,1,2,1,2,1,1,1,2,2,1,1,1,1,4,3,5,2,13,11,8,1,1,1,1,9,6,4,3,7,10,2,5,5,12,1,13,13,13,13,11,11,11,11,13,11,11,11,13,13,13,13,13,11,11,11,11,13,8,13,13,1,1,13,13,13,13,13,11,13,1,1,13,13,13,13,13,13,13,1,9,9,9,6,13,13,13,13,4,3,7,13,13,13,1,13,13,13,13,13,13,13,13,13,13,10,10,13,13,13,13,5,5,5,5,5,5,5,5,12,12,12,12,12,12,12,12","0.000708818435668945","walktrap","edit-xhwikibooks.graphml"
"0.52","0.12","0.36","0.389286093325804","1,13,1,1,2,1,2,1,1,1,2,2,1,1,1,1,4,3,6,2,13,11,8,1,1,1,1,9,5,4,3,7,10,2,6,6,12,1,13,13,13,13,11,11,11,11,13,11,11,11,13,13,13,13,13,11,11,11,11,13,8,13,13,1,1,13,13,13,13,13,11,13,1,1,13,13,13,13,13,13,13,1,9,9,9,5,13,13,13,13,4,3,7,13,13,13,1,13,13,13,13,13,13,13,13,13,13,10,10,13,13,13,13,6,6,6,6,6,6,6,6,12,12,12,12,12,12,12,12","0.000781059265136719","walktrap","edit-xhwikibooks.graphml"
"0.51","0.13","0.36","0.388726227408016","1,13,1,1,2,1,2,1,1,1,2,2,1,1,1,1,4,3,6,2,13,11,8,1,1,1,1,9,5,4,3,7,10,2,6,6,12,1,13,13,13,13,11,11,11,11,13,11,11,11,13,13,13,13,13,11,11,11,11,13,8,13,13,1,1,13,13,13,13,13,11,13,1,1,13,13,13,13,13,13,13,1,9,9,9,5,13,13,13,13,4,3,7,13,13,13,1,13,13,13,13,13,13,13,13,13,13,10,10,13,13,13,13,6,6,6,6,6,6,6,6,12,12,12,12,12,12,12,12","0.000715970993041992","walktrap","edit-xhwikibooks.graphml"
"0.5","0.14","0.36","0.388726227408016","1,13,1,1,2,1,2,1,1,1,2,2,1,1,1,1,4,3,6,2,13,11,8,1,1,1,1,9,5,4,3,7,10,2,6,6,12,1,13,13,13,13,11,11,11,11,13,11,11,11,13,13,13,13,13,11,11,11,11,13,8,13,13,1,1,13,13,13,13,13,11,13,1,1,13,13,13,13,13,13,13,1,9,9,9,5,13,13,13,13,4,3,7,13,13,13,1,13,13,13,13,13,13,13,13,13,13,10,10,13,13,13,13,6,6,6,6,6,6,6,6,12,12,12,12,12,12,12,12","0.000720977783203125","walktrap","edit-xhwikibooks.graphml"
"0.49","0.15","0.36","0.387678087383256","2,14,2,2,1,2,1,4,4,2,1,1,4,4,4,2,5,3,9,1,14,12,8,4,4,4,4,10,6,5,3,7,11,1,9,9,13,4,14,14,14,14,12,12,12,12,14,12,12,12,14,14,14,14,14,12,12,12,12,14,8,14,14,4,4,14,14,14,14,14,12,14,4,4,14,14,14,14,14,14,14,4,10,10,10,6,14,14,14,14,5,3,7,14,14,14,2,14,14,14,14,14,14,14,14,14,14,11,11,14,14,14,14,9,9,9,9,9,9,9,9,13,13,13,13,13,13,13,13","0.000720024108886719","walktrap","edit-xhwikibooks.graphml"
"0.48","0.16","0.36","0.388634507477424","2,14,2,2,1,2,1,4,4,2,1,1,4,4,4,2,5,3,9,1,14,12,8,4,4,4,4,10,6,5,3,7,11,1,9,9,13,4,14,14,14,14,12,12,12,12,14,12,12,12,14,14,14,14,14,12,12,12,12,14,8,14,14,4,4,14,14,14,14,14,12,14,4,4,14,14,14,14,14,14,14,4,10,10,10,6,14,14,14,14,5,3,7,14,14,14,2,14,14,14,14,14,14,14,14,14,14,11,11,14,14,14,14,9,9,9,9,9,9,9,9,13,13,13,13,13,13,13,13","0.000725984573364258","walktrap","edit-xhwikibooks.graphml"
"0.47","0.17","0.36","0.387952284143318","1,2,1,1,1,1,1,1,1,1,1,3,1,1,1,4,6,5,1,3,2,9,8,1,1,1,1,4,2,6,5,7,3,3,1,1,10,1,2,2,2,2,9,9,9,9,2,9,9,9,2,2,2,2,2,9,9,9,9,2,8,2,2,1,1,2,2,2,2,2,9,2,1,1,2,2,2,2,2,2,2,1,4,4,4,2,2,2,2,2,6,5,7,2,2,2,4,2,2,2,2,2,2,2,2,2,2,3,3,2,2,2,2,1,1,1,1,1,1,1,1,10,10,10,10,10,10,10,10","0.00072789192199707","walktrap","edit-xhwikibooks.graphml"
"0.46","0.18","0.36","0.387952284143318","1,2,1,1,1,1,1,1,1,1,1,3,1,1,1,4,6,5,1,3,2,9,8,1,1,1,1,4,2,6,5,7,3,3,1,1,10,1,2,2,2,2,9,9,9,9,2,9,9,9,2,2,2,2,2,9,9,9,9,2,8,2,2,1,1,2,2,2,2,2,9,2,1,1,2,2,2,2,2,2,2,1,4,4,4,2,2,2,2,2,6,5,7,2,2,2,4,2,2,2,2,2,2,2,2,2,2,3,3,2,2,2,2,1,1,1,1,1,1,1,1,10,10,10,10,10,10,10,10","0.000721216201782227","walktrap","edit-xhwikibooks.graphml"
"0.45","0.19","0.36","0.387683549346031","1,2,1,1,1,1,1,1,1,1,1,3,1,1,1,4,6,5,1,3,2,9,8,1,1,1,1,4,2,6,5,7,3,3,1,1,10,1,2,2,2,2,9,9,9,9,2,9,9,9,2,2,2,2,2,9,9,9,9,2,8,2,2,1,1,2,2,2,2,2,9,2,1,1,2,2,2,2,2,2,2,1,4,4,4,2,2,2,2,2,6,5,7,2,2,2,4,2,2,2,2,2,2,2,2,2,2,3,3,2,2,2,2,1,1,1,1,1,1,1,1,10,10,10,10,10,10,10,10","0.000757932662963867","walktrap","edit-xhwikibooks.graphml"
"0.44","0.2","0.36","0.389303372329916","1,2,1,1,1,1,1,1,1,1,1,3,1,1,1,4,6,5,1,3,2,9,8,1,1,1,1,4,2,6,5,7,3,3,1,1,10,1,2,2,2,2,9,9,9,9,2,9,9,9,2,2,2,2,2,9,9,9,9,2,8,2,2,1,1,2,2,2,2,2,9,2,1,1,2,2,2,2,2,2,2,1,4,4,4,2,2,2,2,2,6,5,7,2,2,2,4,2,2,2,2,2,2,2,2,2,2,3,3,2,2,2,2,1,1,1,1,1,1,1,1,10,10,10,10,10,10,10,10","0.00074315071105957","walktrap","edit-xhwikibooks.graphml"
"0.43","0.21","0.36","0.389034996811225","1,2,1,1,1,1,1,1,1,1,1,3,1,1,1,4,6,5,1,3,2,9,8,1,1,1,1,4,2,6,5,7,3,3,1,1,10,1,2,2,2,2,9,9,9,9,2,9,9,9,2,2,2,2,2,9,9,9,9,2,8,2,2,1,1,2,2,2,2,2,9,2,1,1,2,2,2,2,2,2,2,1,4,4,4,2,2,2,2,2,6,5,7,2,2,2,4,2,2,2,2,2,2,2,2,2,2,3,3,2,2,2,2,1,1,1,1,1,1,1,1,10,10,10,10,10,10,10,10","0.000739812850952148","walktrap","edit-xhwikibooks.graphml"
"0.42","0.22","0.36","0.389063781939313","1,2,1,1,1,1,1,1,1,1,1,3,1,1,1,1,5,4,1,3,2,9,7,1,1,1,1,8,2,5,4,6,3,3,1,1,10,1,2,2,2,2,9,9,9,9,2,9,9,9,2,2,2,2,2,9,9,9,9,2,7,2,2,1,1,2,2,2,2,2,9,2,1,1,2,2,2,2,2,2,2,1,8,8,8,2,2,2,2,2,5,4,6,2,2,2,1,2,2,2,2,2,2,2,2,2,2,3,3,2,2,2,2,1,1,1,1,1,1,1,1,10,10,10,10,10,10,10,10","0.00075984001159668","walktrap","edit-xhwikibooks.graphml"
"0.41","0.23","0.36","0.390614907992553","1,2,1,1,1,1,1,1,1,1,1,3,1,1,1,1,5,4,1,3,2,9,7,1,1,1,1,8,2,5,4,6,3,3,1,1,10,1,2,2,2,2,9,9,9,9,2,9,9,9,2,2,2,2,2,9,9,9,9,2,7,2,2,1,1,2,2,2,2,2,9,2,1,1,2,2,2,2,2,2,2,1,8,8,8,2,2,2,2,2,5,4,6,2,2,2,1,2,2,2,2,2,2,2,2,2,2,3,3,2,2,2,2,1,1,1,1,1,1,1,1,10,10,10,10,10,10,10,10","0.000792026519775391","walktrap","edit-xhwikibooks.graphml"
"0.4","0.24","0.36","0.39078033776168","1,2,1,1,1,1,1,1,1,1,1,3,1,1,1,1,5,4,1,3,2,9,7,1,1,1,1,8,2,5,4,6,3,3,1,1,10,1,2,2,2,2,9,9,9,9,2,9,9,9,2,2,2,2,2,9,9,9,9,2,7,2,2,1,1,2,2,2,2,2,9,2,1,1,2,2,2,2,2,2,2,1,8,8,8,2,2,2,2,2,5,4,6,2,2,2,1,2,2,2,2,2,2,2,2,2,2,3,3,2,2,2,2,1,1,1,1,1,1,1,1,10,10,10,10,10,10,10,10","0.000891923904418945","walktrap","edit-xhwikibooks.graphml"
"0.39","0.25","0.36","0.393146644409235","1,2,1,1,1,1,1,1,1,1,1,3,1,1,1,1,5,4,1,3,2,9,7,1,1,1,1,8,2,5,4,6,3,3,1,1,10,1,2,2,2,2,9,9,9,9,2,9,9,9,2,2,2,2,2,9,9,9,9,2,7,2,2,1,1,2,2,2,2,2,9,2,1,1,2,2,2,2,2,2,2,1,8,8,8,2,2,2,2,2,5,4,6,2,2,2,1,2,2,2,2,2,2,2,2,2,2,3,3,2,2,2,2,1,1,1,1,1,1,1,1,10,10,10,10,10,10,10,10","0.000882148742675781","walktrap","edit-xhwikibooks.graphml"
"0.38","0.26","0.36","0.393146644409235","1,2,1,1,1,1,1,1,1,1,1,3,1,1,1,1,5,4,1,3,2,9,7,1,1,1,1,8,2,5,4,6,3,3,1,1,10,1,2,2,2,2,9,9,9,9,2,9,9,9,2,2,2,2,2,9,9,9,9,2,7,2,2,1,1,2,2,2,2,2,9,2,1,1,2,2,2,2,2,2,2,1,8,8,8,2,2,2,2,2,5,4,6,2,2,2,1,2,2,2,2,2,2,2,2,2,2,3,3,2,2,2,2,1,1,1,1,1,1,1,1,10,10,10,10,10,10,10,10","0.000715017318725586","walktrap","edit-xhwikibooks.graphml"
"0.37","0.27","0.36","0.393146644409235","1,2,1,1,1,1,1,1,1,1,1,3,1,1,1,1,5,4,1,3,2,9,7,1,1,1,1,8,2,5,4,6,3,3,1,1,10,1,2,2,2,2,9,9,9,9,2,9,9,9,2,2,2,2,2,9,9,9,9,2,7,2,2,1,1,2,2,2,2,2,9,2,1,1,2,2,2,2,2,2,2,1,8,8,8,2,2,2,2,2,5,4,6,2,2,2,1,2,2,2,2,2,2,2,2,2,2,3,3,2,2,2,2,1,1,1,1,1,1,1,1,10,10,10,10,10,10,10,10","0.000719070434570312","walktrap","edit-xhwikibooks.graphml"
"0.36","0.28","0.36","0.39659017934059","1,12,1,1,2,1,2,1,1,1,2,2,1,1,1,3,5,4,10,2,12,11,8,1,1,1,1,3,6,5,4,7,9,2,10,10,13,1,12,12,12,12,11,11,11,11,12,11,11,11,12,12,12,12,12,11,11,11,11,12,8,12,12,1,1,12,12,12,12,12,11,12,1,1,12,12,12,12,12,12,12,1,3,3,3,6,12,12,12,12,5,4,7,12,12,12,3,12,12,12,12,12,12,12,12,12,12,9,9,12,12,12,12,10,10,10,10,10,10,10,10,13,13,13,13,13,13,13,13","0.000715970993041992","walktrap","edit-xhwikibooks.graphml"
"0.35","0.29","0.36","0.39868085409108","1,12,1,1,2,1,2,1,1,1,2,2,1,1,1,3,5,4,10,2,12,11,8,1,1,1,1,3,6,5,4,7,9,2,10,10,13,1,12,12,12,12,11,11,11,11,12,11,11,11,12,12,12,12,12,11,11,11,11,12,8,12,12,1,1,12,12,12,12,12,11,12,1,1,12,12,12,12,12,12,12,1,3,3,3,6,12,12,12,12,5,4,7,12,12,12,3,12,12,12,12,12,12,12,12,12,12,9,9,12,12,12,12,10,10,10,10,10,10,10,10,13,13,13,13,13,13,13,13","0.000731945037841797","walktrap","edit-xhwikibooks.graphml"
"0.34","0.3","0.36","0.39840052941103","1,12,1,1,2,1,2,1,1,1,2,2,1,1,1,3,5,4,10,2,12,11,8,1,1,1,1,3,6,5,4,7,9,2,10,10,13,1,12,12,12,12,11,11,11,11,12,11,11,11,12,12,12,12,12,11,11,11,11,12,8,12,12,1,1,12,12,12,12,12,11,12,1,1,12,12,12,12,12,12,12,1,3,3,3,6,12,12,12,12,5,4,7,12,12,12,3,12,12,12,12,12,12,12,12,12,12,9,9,12,12,12,12,10,10,10,10,10,10,10,10,13,13,13,13,13,13,13,13","0.000734090805053711","walktrap","edit-xhwikibooks.graphml"
"0.33","0.31","0.36","0.399327251382539","1,12,1,1,2,1,2,1,1,1,2,2,1,1,1,3,5,4,10,2,12,11,8,1,1,1,1,3,6,5,4,7,9,2,10,10,13,1,12,12,12,12,11,11,11,11,12,11,11,11,12,12,12,12,12,11,11,11,11,12,8,12,12,1,1,12,12,12,12,12,11,12,1,1,12,12,12,12,12,12,12,1,3,3,3,6,12,12,12,12,5,4,7,12,12,12,3,12,12,12,12,12,12,12,12,12,12,9,9,12,12,12,12,10,10,10,10,10,10,10,10,13,13,13,13,13,13,13,13","0.000737905502319336","walktrap","edit-xhwikibooks.graphml"
"0.32","0.32","0.36","0.399047090258143","1,12,1,1,2,1,2,1,1,1,2,2,1,1,1,3,5,4,10,2,12,11,8,1,1,1,1,3,6,5,4,7,9,2,10,10,13,1,12,12,12,12,11,11,11,11,12,11,11,11,12,12,12,12,12,11,11,11,11,12,8,12,12,1,1,12,12,12,12,12,11,12,1,1,12,12,12,12,12,12,12,1,3,3,3,6,12,12,12,12,5,4,7,12,12,12,3,12,12,12,12,12,12,12,12,12,12,9,9,12,12,12,12,10,10,10,10,10,10,10,10,13,13,13,13,13,13,13,13","0.000750064849853516","walktrap","edit-xhwikibooks.graphml"
"0.31","0.33","0.36","0.381735284104778","1,11,1,1,2,1,2,1,1,1,2,2,1,1,1,3,5,4,10,2,11,12,8,1,1,1,1,3,6,5,4,7,9,2,10,10,13,1,11,11,11,11,12,12,12,12,11,12,12,12,11,11,11,11,11,12,12,12,12,11,8,11,11,1,1,11,11,11,11,11,12,11,1,1,11,11,11,11,11,11,11,1,3,3,3,6,11,11,11,11,5,4,7,11,11,11,3,11,11,11,11,11,11,11,11,11,11,9,9,11,11,11,11,10,10,10,10,10,10,10,10,13,13,13,13,13,13,13,13","0.000751018524169922","walktrap","edit-xhwikibooks.graphml"
"0.3","0.34","0.36","0.395114844808433","1,11,1,1,2,1,2,1,1,1,2,2,1,1,1,3,5,4,9,2,11,12,8,1,1,1,1,3,6,5,4,7,10,2,9,9,13,1,11,11,11,11,12,12,12,12,11,12,12,12,11,11,11,11,11,12,12,12,12,11,8,11,11,1,1,11,11,11,11,11,12,11,1,1,11,11,11,11,11,11,11,1,3,3,3,6,11,11,11,11,5,4,7,11,11,11,3,11,11,11,11,11,11,11,11,11,11,10,10,11,11,11,11,9,9,9,9,9,9,9,9,13,13,13,13,13,13,13,13","0.000752925872802734","walktrap","edit-xhwikibooks.graphml"
"0.29","0.35","0.36","0.395114844808433","1,11,1,1,2,1,2,1,1,1,2,2,1,1,1,3,5,4,9,2,11,12,8,1,1,1,1,3,6,5,4,7,10,2,9,9,13,1,11,11,11,11,12,12,12,12,11,12,12,12,11,11,11,11,11,12,12,12,12,11,8,11,11,1,1,11,11,11,11,11,12,11,1,1,11,11,11,11,11,11,11,1,3,3,3,6,11,11,11,11,5,4,7,11,11,11,3,11,11,11,11,11,11,11,11,11,11,10,10,11,11,11,11,9,9,9,9,9,9,9,9,13,13,13,13,13,13,13,13","0.000730991363525391","walktrap","edit-xhwikibooks.graphml"
"0.28","0.36","0.36","0.394835355042515","1,11,1,1,2,1,2,1,1,1,2,2,1,1,1,3,5,4,9,2,11,12,8,1,1,1,1,3,6,5,4,7,10,2,9,9,13,1,11,11,11,11,12,12,12,12,11,12,12,12,11,11,11,11,11,12,12,12,12,11,8,11,11,1,1,11,11,11,11,11,12,11,1,1,11,11,11,11,11,11,11,1,3,3,3,6,11,11,11,11,5,4,7,11,11,11,3,11,11,11,11,11,11,11,11,11,11,10,10,11,11,11,11,9,9,9,9,9,9,9,9,13,13,13,13,13,13,13,13","0.000755071640014648","walktrap","edit-xhwikibooks.graphml"
"0.27","0.37","0.36","0.387589953591676","1,5,1,1,1,1,1,1,1,1,1,2,1,1,1,1,4,3,1,2,5,7,1,1,1,1,1,6,5,4,3,1,2,2,1,1,8,1,5,5,5,5,7,7,7,7,5,7,7,7,5,5,5,5,5,7,7,7,7,5,9,5,5,1,1,5,5,5,5,5,7,5,1,1,5,5,5,5,5,5,5,1,6,6,6,10,5,5,5,5,11,12,13,5,5,5,1,5,5,5,5,5,5,5,5,5,5,2,2,5,5,5,5,1,1,1,1,1,1,1,1,8,8,8,8,8,8,8,8","0.000723123550415039","walktrap","edit-xhwikibooks.graphml"
"0.26","0.38","0.36","0.387326799088911","1,5,1,1,1,1,1,1,1,1,1,2,1,1,1,1,4,3,1,2,5,7,1,1,1,1,1,6,5,4,3,1,2,2,1,1,8,1,5,5,5,5,7,7,7,7,5,7,7,7,5,5,5,5,5,7,7,7,7,5,9,5,5,1,1,5,5,5,5,5,7,5,1,1,5,5,5,5,5,5,5,1,6,6,6,10,5,5,5,5,11,12,13,5,5,5,1,5,5,5,5,5,5,5,5,5,5,2,2,5,5,5,5,1,1,1,1,1,1,1,1,8,8,8,8,8,8,8,8","0.000848054885864258","walktrap","edit-xhwikibooks.graphml"
"0.25","0.39","0.36","0.388306517529299","1,5,1,1,1,1,1,1,1,1,1,2,1,1,1,1,4,3,1,2,5,7,1,1,1,1,1,6,5,4,3,1,2,2,1,1,8,1,5,5,5,5,7,7,7,7,5,7,7,7,5,5,5,5,5,7,7,7,7,5,9,5,5,1,1,5,5,5,5,5,7,5,1,1,5,5,5,5,5,5,5,1,6,6,6,10,5,5,5,5,11,12,13,5,5,5,1,5,5,5,5,5,5,5,5,5,5,2,2,5,5,5,5,1,1,1,1,1,1,1,1,8,8,8,8,8,8,8,8","0.000724077224731445","walktrap","edit-xhwikibooks.graphml"
"0.24","0.4","0.36","0.389603810622744","1,5,1,1,1,1,1,1,1,1,1,2,1,1,1,1,4,3,1,2,5,7,1,1,1,1,1,6,5,4,3,1,2,2,1,1,8,1,5,5,5,5,7,7,7,7,5,7,7,7,5,5,5,5,5,7,7,7,7,5,9,5,5,1,1,5,5,5,5,5,7,5,1,1,5,5,5,5,5,5,5,1,6,6,6,10,5,5,5,5,11,12,13,5,5,5,1,5,5,5,5,5,5,5,5,5,5,2,2,5,5,5,5,1,1,1,1,1,1,1,1,8,8,8,8,8,8,8,8","0.000702857971191406","walktrap","edit-xhwikibooks.graphml"
"0.23","0.41","0.36","0.389603810622744","1,5,1,1,1,1,1,1,1,1,1,2,1,1,1,1,4,3,1,2,5,7,1,1,1,1,1,6,5,4,3,1,2,2,1,1,8,1,5,5,5,5,7,7,7,7,5,7,7,7,5,5,5,5,5,7,7,7,7,5,9,5,5,1,1,5,5,5,5,5,7,5,1,1,5,5,5,5,5,5,5,1,6,6,6,10,5,5,5,5,11,12,13,5,5,5,1,5,5,5,5,5,5,5,5,5,5,2,2,5,5,5,5,1,1,1,1,1,1,1,1,8,8,8,8,8,8,8,8","0.00070500373840332","walktrap","edit-xhwikibooks.graphml"
"0.22","0.42","0.36","0.389341076802058","1,5,1,1,1,1,1,1,1,1,1,2,1,1,1,1,4,3,1,2,5,7,1,1,1,1,1,6,5,4,3,1,2,2,1,1,8,1,5,5,5,5,7,7,7,7,5,7,7,7,5,5,5,5,5,7,7,7,7,5,9,5,5,1,1,5,5,5,5,5,7,5,1,1,5,5,5,5,5,5,5,1,6,6,6,10,5,5,5,5,11,12,13,5,5,5,1,5,5,5,5,5,5,5,5,5,5,2,2,5,5,5,5,1,1,1,1,1,1,1,1,8,8,8,8,8,8,8,8","0.000699996948242188","walktrap","edit-xhwikibooks.graphml"
"0.21","0.43","0.36","0.390888179688885","1,5,1,1,1,1,1,1,1,1,1,2,1,1,1,1,4,3,1,2,5,7,1,1,1,1,1,6,5,4,3,1,2,2,1,1,8,1,5,5,5,5,7,7,7,7,5,7,7,7,5,5,5,5,5,7,7,7,7,5,9,5,5,1,1,5,5,5,5,5,7,5,1,1,5,5,5,5,5,5,5,1,6,6,6,10,5,5,5,5,11,12,13,5,5,5,1,5,5,5,5,5,5,5,5,5,5,2,2,5,5,5,5,1,1,1,1,1,1,1,1,8,8,8,8,8,8,8,8","0.000701189041137695","walktrap","edit-xhwikibooks.graphml"
"0.2","0.44","0.36","0.394217292636941","1,7,1,1,2,1,2,1,1,1,2,2,1,1,1,3,6,5,4,2,7,9,1,1,1,1,1,3,7,6,5,4,8,2,4,4,10,1,7,7,7,7,9,9,9,9,7,9,9,9,7,7,7,7,7,9,9,9,9,7,11,7,7,1,1,7,7,7,7,7,9,7,1,1,7,7,7,7,7,7,7,1,3,3,3,12,7,7,7,7,13,14,15,7,7,7,3,7,7,7,7,7,7,7,7,7,7,8,8,7,7,7,7,4,4,4,4,4,4,4,4,10,10,10,10,10,10,10,10","0.000716924667358398","walktrap","edit-xhwikibooks.graphml"
"0.19","0.45","0.36","0.396122029058537","1,7,1,1,2,1,2,1,1,1,2,2,1,1,1,3,6,5,4,2,7,9,1,1,1,1,1,3,7,6,5,4,8,2,4,4,10,1,7,7,7,7,9,9,9,9,7,9,9,9,7,7,7,7,7,9,9,9,9,7,11,7,7,1,1,7,7,7,7,7,9,7,1,1,7,7,7,7,7,7,7,1,3,3,3,12,7,7,7,7,13,14,15,7,7,7,3,7,7,7,7,7,7,7,7,7,7,8,8,7,7,7,7,4,4,4,4,4,4,4,4,10,10,10,10,10,10,10,10","0.000702857971191406","walktrap","edit-xhwikibooks.graphml"
"0.18","0.46","0.36","0.395841953074968","1,7,1,1,2,1,2,1,1,1,2,2,1,1,1,3,6,5,4,2,7,9,1,1,1,1,1,3,7,6,5,4,8,2,4,4,10,1,7,7,7,7,9,9,9,9,7,9,9,9,7,7,7,7,7,9,9,9,9,7,11,7,7,1,1,7,7,7,7,7,9,7,1,1,7,7,7,7,7,7,7,1,3,3,3,12,7,7,7,7,13,14,15,7,7,7,3,7,7,7,7,7,7,7,7,7,7,8,8,7,7,7,7,4,4,4,4,4,4,4,4,10,10,10,10,10,10,10,10","0.000738143920898438","walktrap","edit-xhwikibooks.graphml"
"0.17","0.47","0.36","0.396792008654037","1,7,1,1,2,1,2,1,1,1,2,2,1,1,1,3,6,5,4,2,7,9,1,1,1,1,1,3,7,6,5,4,8,2,4,4,10,1,7,7,7,7,9,9,9,9,7,9,9,9,7,7,7,7,7,9,9,9,9,7,11,7,7,1,1,7,7,7,7,7,9,7,1,1,7,7,7,7,7,7,7,1,3,3,3,12,7,7,7,7,13,14,15,7,7,7,3,7,7,7,7,7,7,7,7,7,7,8,8,7,7,7,7,4,4,4,4,4,4,4,4,10,10,10,10,10,10,10,10","0.000729084014892578","walktrap","edit-xhwikibooks.graphml"
"0.16","0.48","0.36","0.396512060546006","1,7,1,1,2,1,2,1,1,1,2,2,1,1,1,3,6,5,4,2,7,9,1,1,1,1,1,3,7,6,5,4,8,2,4,4,10,1,7,7,7,7,9,9,9,9,7,9,9,9,7,7,7,7,7,9,9,9,9,7,11,7,7,1,1,7,7,7,7,7,9,7,1,1,7,7,7,7,7,7,7,1,3,3,3,12,7,7,7,7,13,14,15,7,7,7,3,7,7,7,7,7,7,7,7,7,7,8,8,7,7,7,7,4,4,4,4,4,4,4,4,10,10,10,10,10,10,10,10","0.000756978988647461","walktrap","edit-xhwikibooks.graphml"
"0.15","0.49","0.36","0.396512060546006","1,7,1,1,2,1,2,1,1,1,2,2,1,1,1,3,6,5,4,2,7,9,1,1,1,1,1,3,7,6,5,4,8,2,4,4,10,1,7,7,7,7,9,9,9,9,7,9,9,9,7,7,7,7,7,9,9,9,9,7,11,7,7,1,1,7,7,7,7,7,9,7,1,1,7,7,7,7,7,7,7,1,3,3,3,12,7,7,7,7,13,14,15,7,7,7,3,7,7,7,7,7,7,7,7,7,7,8,8,7,7,7,7,4,4,4,4,4,4,4,4,10,10,10,10,10,10,10,10","0.000780820846557617","walktrap","edit-xhwikibooks.graphml"
"0.14","0.5","0.36","0.432145249813188","1,5,1,1,3,1,3,1,1,1,3,3,1,1,1,4,7,6,2,3,5,9,1,1,1,1,1,4,5,7,6,2,8,3,2,2,10,1,5,5,5,5,9,9,9,9,5,9,9,9,5,5,5,5,5,9,9,9,9,5,11,5,5,1,1,5,5,5,5,5,9,5,1,1,5,5,5,5,5,5,5,1,4,4,4,12,5,5,5,5,13,14,15,5,5,5,4,5,5,5,5,5,5,5,5,5,5,8,8,5,5,5,5,2,2,2,2,2,2,2,2,10,10,10,10,10,10,10,10","0.000720977783203125","walktrap","edit-xhwikibooks.graphml"
"0.13","0.51","0.36","0.432145249813188","1,5,1,1,3,1,3,1,1,1,3,3,1,1,1,4,7,6,2,3,5,9,1,1,1,1,1,4,5,7,6,2,8,3,2,2,10,1,5,5,5,5,9,9,9,9,5,9,9,9,5,5,5,5,5,9,9,9,9,5,11,5,5,1,1,5,5,5,5,5,9,5,1,1,5,5,5,5,5,5,5,1,4,4,4,12,5,5,5,5,13,14,15,5,5,5,4,5,5,5,5,5,5,5,5,5,5,8,8,5,5,5,5,2,2,2,2,2,2,2,2,10,10,10,10,10,10,10,10","0.00071406364440918","walktrap","edit-xhwikibooks.graphml"
"0.12","0.52","0.36","0.432145249813188","1,5,1,1,3,1,3,1,1,1,3,3,1,1,1,4,7,6,2,3,5,9,1,1,1,1,1,4,5,7,6,2,8,3,2,2,10,1,5,5,5,5,9,9,9,9,5,9,9,9,5,5,5,5,5,9,9,9,9,5,11,5,5,1,1,5,5,5,5,5,9,5,1,1,5,5,5,5,5,5,5,1,4,4,4,12,5,5,5,5,13,14,15,5,5,5,4,5,5,5,5,5,5,5,5,5,5,8,8,5,5,5,5,2,2,2,2,2,2,2,2,10,10,10,10,10,10,10,10","0.000970840454101562","walktrap","edit-xhwikibooks.graphml"
"0.11","0.53","0.36","0.42975940821603","1,5,1,1,3,1,3,1,1,1,3,3,1,1,1,4,7,6,2,3,5,9,1,1,1,1,1,4,5,7,6,2,8,3,2,2,10,1,5,5,5,5,9,9,9,9,5,9,9,9,5,5,5,5,5,9,9,9,9,5,11,5,5,1,1,5,5,5,5,5,9,5,1,1,5,5,5,5,5,5,5,1,4,4,4,12,5,5,5,5,13,14,15,5,5,5,4,5,5,5,5,5,5,5,5,5,5,8,8,5,5,5,5,2,2,2,2,2,2,2,2,10,10,10,10,10,10,10,10","0.000882148742675781","walktrap","edit-xhwikibooks.graphml"
"0.1","0.54","0.36","0.430619296065778","1,5,1,1,3,1,3,1,1,1,3,3,1,1,1,4,7,6,2,3,5,9,1,1,1,1,1,4,5,7,6,2,8,3,2,2,10,1,5,5,5,5,9,9,9,9,5,9,9,9,5,5,5,5,5,9,9,9,9,5,11,5,5,1,1,5,5,5,5,5,9,5,1,1,5,5,5,5,5,5,5,1,4,4,4,12,5,5,5,5,13,14,15,5,5,5,4,5,5,5,5,5,5,5,5,5,5,8,8,5,5,5,5,2,2,2,2,2,2,2,2,10,10,10,10,10,10,10,10","0.000733137130737305","walktrap","edit-xhwikibooks.graphml"
"0.09","0.55","0.36","0.431138079684799","1,5,1,1,3,1,3,1,1,1,3,3,1,1,1,4,7,6,2,3,5,9,1,1,1,1,1,4,5,7,6,2,8,3,2,2,10,1,5,5,5,5,9,9,9,9,5,9,9,9,5,5,5,5,5,9,9,9,9,5,11,5,5,1,1,5,5,5,5,5,9,5,1,1,5,5,5,5,5,5,5,1,4,4,4,12,5,5,5,5,13,14,15,5,5,5,4,5,5,5,5,5,5,5,5,5,5,8,8,5,5,5,5,2,2,2,2,2,2,2,2,10,10,10,10,10,10,10,10","0.000715970993041992","walktrap","edit-xhwikibooks.graphml"
"0.08","0.56","0.36","0.432811693282772","1,5,1,1,3,1,3,1,1,1,3,3,1,1,1,4,7,6,2,3,5,9,1,1,1,1,1,4,5,7,6,2,8,3,2,2,10,1,5,5,5,5,9,9,9,9,5,9,9,9,5,5,5,5,5,9,9,9,9,5,11,5,5,1,1,5,5,5,5,5,9,5,1,1,5,5,5,5,5,5,5,1,4,4,4,12,5,5,5,5,13,14,15,5,5,5,4,5,5,5,5,5,5,5,5,5,5,8,8,5,5,5,5,2,2,2,2,2,2,2,2,10,10,10,10,10,10,10,10","0.000699043273925781","walktrap","edit-xhwikibooks.graphml"
"0.07","0.57","0.36","0.432527179090514","1,5,1,1,3,1,3,1,1,1,3,3,1,1,1,4,7,6,2,3,5,9,1,1,1,1,1,4,5,7,6,2,8,3,2,2,10,1,5,5,5,5,9,9,9,9,5,9,9,9,5,5,5,5,5,9,9,9,9,5,11,5,5,1,1,5,5,5,5,5,9,5,1,1,5,5,5,5,5,5,5,1,4,4,4,12,5,5,5,5,13,14,15,5,5,5,4,5,5,5,5,5,5,5,5,5,5,8,8,5,5,5,5,2,2,2,2,2,2,2,2,10,10,10,10,10,10,10,10","0.000715017318725586","walktrap","edit-xhwikibooks.graphml"
"0.06","0.58","0.36","0.434098986497977","1,5,1,1,3,1,3,1,1,1,3,3,1,1,1,4,7,6,2,3,5,9,1,1,1,1,1,4,5,7,6,2,8,3,2,2,10,1,5,5,5,5,9,9,9,9,5,9,9,9,5,5,5,5,5,9,9,9,9,5,11,5,5,1,1,5,5,5,5,5,9,5,1,1,5,5,5,5,5,5,5,1,4,4,4,12,5,5,5,5,13,14,15,5,5,5,4,5,5,5,5,5,5,5,5,5,5,8,8,5,5,5,5,2,2,2,2,2,2,2,2,10,10,10,10,10,10,10,10","0.000732183456420898","walktrap","edit-xhwikibooks.graphml"
"0.05","0.59","0.36","0.433814734307547","1,5,1,1,3,1,3,1,1,1,3,3,1,1,1,4,7,6,2,3,5,9,1,1,1,1,1,4,5,7,6,2,8,3,2,2,10,1,5,5,5,5,9,9,9,9,5,9,9,9,5,5,5,5,5,9,9,9,9,5,11,5,5,1,1,5,5,5,5,5,9,5,1,1,5,5,5,5,5,5,5,1,4,4,4,12,5,5,5,5,13,14,15,5,5,5,4,5,5,5,5,5,5,5,5,5,5,8,8,5,5,5,5,2,2,2,2,2,2,2,2,10,10,10,10,10,10,10,10","0.000726938247680664","walktrap","edit-xhwikibooks.graphml"
"0.04","0.6","0.36","0.435393212880539","1,5,1,1,3,1,3,1,1,1,3,3,1,1,1,4,7,6,2,3,5,9,1,1,1,1,1,4,5,7,6,2,8,3,2,2,10,1,5,5,5,5,9,9,9,9,5,9,9,9,5,5,5,5,5,9,9,9,9,5,11,5,5,1,1,5,5,5,5,5,9,5,1,1,5,5,5,5,5,5,5,1,4,4,4,12,5,5,5,5,13,14,15,5,5,5,4,5,5,5,5,5,5,5,5,5,5,8,8,5,5,5,5,2,2,2,2,2,2,2,2,10,10,10,10,10,10,10,10","0.000728845596313477","walktrap","edit-xhwikibooks.graphml"
"0.03","0.61","0.36","0.432755119291572","1,5,1,1,3,1,3,1,1,1,3,3,1,1,1,4,7,6,2,3,5,9,1,1,1,1,1,4,5,7,6,2,8,3,2,2,10,1,5,5,5,5,9,9,9,9,5,9,9,9,5,5,5,5,5,9,9,9,9,5,11,5,5,1,1,5,5,5,5,5,9,5,1,1,5,5,5,5,5,5,5,1,4,4,4,12,5,5,5,5,13,14,15,5,5,5,4,5,5,5,5,5,5,5,5,5,5,8,8,5,5,5,5,2,2,2,2,2,2,2,2,10,10,10,10,10,10,10,10","0.000808000564575195","walktrap","edit-xhwikibooks.graphml"
"0.02","0.62","0.36","0.433602852905868","1,5,1,1,3,1,3,1,1,1,3,3,1,1,1,4,7,6,2,3,5,9,1,1,1,1,1,4,5,7,6,2,8,3,2,2,10,1,5,5,5,5,9,9,9,9,5,9,9,9,5,5,5,5,5,9,9,9,9,5,11,5,5,1,1,5,5,5,5,5,9,5,1,1,5,5,5,5,5,5,5,1,4,4,4,12,5,5,5,5,13,14,15,5,5,5,4,5,5,5,5,5,5,5,5,5,5,8,8,5,5,5,5,2,2,2,2,2,2,2,2,10,10,10,10,10,10,10,10","0.000715970993041992","walktrap","edit-xhwikibooks.graphml"
"0.01","0.63","0.36","0.433319163245754","1,5,1,1,3,1,3,1,1,1,3,3,1,1,1,4,7,6,2,3,5,9,1,1,1,1,1,4,5,7,6,2,8,3,2,2,10,1,5,5,5,5,9,9,9,9,5,9,9,9,5,5,5,5,5,9,9,9,9,5,11,5,5,1,1,5,5,5,5,5,9,5,1,1,5,5,5,5,5,5,5,1,4,4,4,12,5,5,5,5,13,14,15,5,5,5,4,5,5,5,5,5,5,5,5,5,5,8,8,5,5,5,5,2,2,2,2,2,2,2,2,10,10,10,10,10,10,10,10","0.000715970993041992","walktrap","edit-xhwikibooks.graphml"
"0","0.64","0.36","0.432617244656509","4,9,4,4,4,4,2,3,4,4,2,2,3,3,3,1,6,5,7,2,9,10,12,3,3,3,3,1,4,6,5,13,8,2,7,7,11,3,9,9,9,9,10,10,10,10,9,10,10,10,9,9,9,9,9,10,10,10,10,9,14,9,9,3,3,9,9,9,9,9,10,9,3,3,9,9,9,9,9,9,9,3,1,1,1,15,9,9,9,9,16,17,18,9,9,9,1,9,9,9,9,9,9,9,9,9,9,8,8,9,9,9,9,7,7,7,7,7,7,7,7,11,11,11,11,11,11,11,11","0.000916004180908203","walktrap","edit-xhwikibooks.graphml"
"0.63","0","0.37","0.393745884202704","3,13,3,3,3,1,3,1,1,1,3,2,1,1,1,1,4,3,5,2,13,10,8,1,1,1,1,12,6,4,9,7,2,2,5,5,11,1,13,13,13,13,10,10,10,10,13,10,10,10,13,13,13,13,13,10,10,10,10,13,8,13,13,1,1,13,13,13,13,13,10,13,1,1,13,13,13,13,13,13,13,1,12,12,12,6,13,13,13,13,4,9,7,13,13,13,1,13,13,13,13,13,13,13,13,13,13,2,2,13,13,13,13,5,5,5,5,5,5,5,5,11,11,11,11,11,11,11,11","0.000746011734008789","walktrap","edit-xhwikibooks.graphml"
"0.62","0.01","0.37","0.393745884202704","3,13,3,3,3,1,3,1,1,1,3,2,1,1,1,1,4,3,5,2,13,10,8,1,1,1,1,12,6,4,9,7,2,2,5,5,11,1,13,13,13,13,10,10,10,10,13,10,10,10,13,13,13,13,13,10,10,10,10,13,8,13,13,1,1,13,13,13,13,13,10,13,1,1,13,13,13,13,13,13,13,1,12,12,12,6,13,13,13,13,4,9,7,13,13,13,1,13,13,13,13,13,13,13,13,13,13,2,2,13,13,13,13,5,5,5,5,5,5,5,5,11,11,11,11,11,11,11,11","0.00071406364440918","walktrap","edit-xhwikibooks.graphml"
"0.61","0.02","0.37","0.393745884202704","3,13,3,3,3,1,3,1,1,1,3,2,1,1,1,1,4,3,5,2,13,10,8,1,1,1,1,12,6,4,9,7,2,2,5,5,11,1,13,13,13,13,10,10,10,10,13,10,10,10,13,13,13,13,13,10,10,10,10,13,8,13,13,1,1,13,13,13,13,13,10,13,1,1,13,13,13,13,13,13,13,1,12,12,12,6,13,13,13,13,4,9,7,13,13,13,1,13,13,13,13,13,13,13,13,13,13,2,2,13,13,13,13,5,5,5,5,5,5,5,5,11,11,11,11,11,11,11,11","0.000739097595214844","walktrap","edit-xhwikibooks.graphml"
"0.6","0.03","0.37","0.393476845973745","3,13,3,3,3,1,3,1,1,1,3,2,1,1,1,1,4,3,5,2,13,10,8,1,1,1,1,12,6,4,9,7,2,2,5,5,11,1,13,13,13,13,10,10,10,10,13,10,10,10,13,13,13,13,13,10,10,10,10,13,8,13,13,1,1,13,13,13,13,13,10,13,1,1,13,13,13,13,13,13,13,1,12,12,12,6,13,13,13,13,4,9,7,13,13,13,1,13,13,13,13,13,13,13,13,13,13,2,2,13,13,13,13,5,5,5,5,5,5,5,5,11,11,11,11,11,11,11,11","0.000707149505615234","walktrap","edit-xhwikibooks.graphml"
"0.59","0.04","0.37","0.393476845973745","3,13,3,3,3,1,3,1,1,1,3,2,1,1,1,1,4,3,5,2,13,10,8,1,1,1,1,12,6,4,9,7,2,2,5,5,11,1,13,13,13,13,10,10,10,10,13,10,10,10,13,13,13,13,13,10,10,10,10,13,8,13,13,1,1,13,13,13,13,13,10,13,1,1,13,13,13,13,13,13,13,1,12,12,12,6,13,13,13,13,4,9,7,13,13,13,1,13,13,13,13,13,13,13,13,13,13,2,2,13,13,13,13,5,5,5,5,5,5,5,5,11,11,11,11,11,11,11,11","0.000735998153686523","walktrap","edit-xhwikibooks.graphml"
"0.58","0.05","0.37","0.393208152455541","3,13,3,3,3,1,3,1,1,1,3,2,1,1,1,1,4,3,5,2,13,10,8,1,1,1,1,12,6,4,9,7,2,2,5,5,11,1,13,13,13,13,10,10,10,10,13,10,10,10,13,13,13,13,13,10,10,10,10,13,8,13,13,1,1,13,13,13,13,13,10,13,1,1,13,13,13,13,13,13,13,1,12,12,12,6,13,13,13,13,4,9,7,13,13,13,1,13,13,13,13,13,13,13,13,13,13,2,2,13,13,13,13,5,5,5,5,5,5,5,5,11,11,11,11,11,11,11,11","0.000720977783203125","walktrap","edit-xhwikibooks.graphml"
"0.57","0.06","0.37","0.393208152455541","3,13,3,3,3,1,3,1,1,1,3,2,1,1,1,1,4,3,5,2,13,10,8,1,1,1,1,12,6,4,9,7,2,2,5,5,11,1,13,13,13,13,10,10,10,10,13,10,10,10,13,13,13,13,13,10,10,10,10,13,8,13,13,1,1,13,13,13,13,13,10,13,1,1,13,13,13,13,13,13,13,1,12,12,12,6,13,13,13,13,4,9,7,13,13,13,1,13,13,13,13,13,13,13,13,13,13,2,2,13,13,13,13,5,5,5,5,5,5,5,5,11,11,11,11,11,11,11,11","0.000715970993041992","walktrap","edit-xhwikibooks.graphml"
"0.56","0.07","0.37","0.392939803058313","3,13,3,3,3,1,3,1,1,1,3,2,1,1,1,1,4,3,5,2,13,10,8,1,1,1,1,12,6,4,9,7,2,2,5,5,11,1,13,13,13,13,10,10,10,10,13,10,10,10,13,13,13,13,13,10,10,10,10,13,8,13,13,1,1,13,13,13,13,13,10,13,1,1,13,13,13,13,13,13,13,1,12,12,12,6,13,13,13,13,4,9,7,13,13,13,1,13,13,13,13,13,13,13,13,13,13,2,2,13,13,13,13,5,5,5,5,5,5,5,5,11,11,11,11,11,11,11,11","0.00071406364440918","walktrap","edit-xhwikibooks.graphml"
"0.55","0.08","0.37","0.392955039484109","3,13,3,3,3,1,3,1,1,1,3,2,1,1,1,1,4,3,5,2,13,10,8,1,1,1,1,12,6,4,9,7,2,2,5,5,11,1,13,13,13,13,10,10,10,10,13,10,10,10,13,13,13,13,13,10,10,10,10,13,8,13,13,1,1,13,13,13,13,13,10,13,1,1,13,13,13,13,13,13,13,1,12,12,12,6,13,13,13,13,4,9,7,13,13,13,1,13,13,13,13,13,13,13,13,13,13,2,2,13,13,13,13,5,5,5,5,5,5,5,5,11,11,11,11,11,11,11,11","0.0007171630859375","walktrap","edit-xhwikibooks.graphml"
"0.54","0.09","0.37","0.39268700769579","3,13,3,3,3,1,3,1,1,1,3,2,1,1,1,1,4,3,5,2,13,10,8,1,1,1,1,12,6,4,9,7,2,2,5,5,11,1,13,13,13,13,10,10,10,10,13,10,10,10,13,13,13,13,13,10,10,10,10,13,8,13,13,1,1,13,13,13,13,13,10,13,1,1,13,13,13,13,13,13,13,1,12,12,12,6,13,13,13,13,4,9,7,13,13,13,1,13,13,13,13,13,13,13,13,13,13,2,2,13,13,13,13,5,5,5,5,5,5,5,5,11,11,11,11,11,11,11,11","0.000732898712158203","walktrap","edit-xhwikibooks.graphml"
"0.53","0.1","0.37","0.39268700769579","3,13,3,3,3,1,3,1,1,1,3,2,1,1,1,1,4,3,5,2,13,10,8,1,1,1,1,12,6,4,9,7,2,2,5,5,11,1,13,13,13,13,10,10,10,10,13,10,10,10,13,13,13,13,13,10,10,10,10,13,8,13,13,1,1,13,13,13,13,13,10,13,1,1,13,13,13,13,13,13,13,1,12,12,12,6,13,13,13,13,4,9,7,13,13,13,1,13,13,13,13,13,13,13,13,13,13,2,2,13,13,13,13,5,5,5,5,5,5,5,5,11,11,11,11,11,11,11,11","0.000734090805053711","walktrap","edit-xhwikibooks.graphml"
"0.52","0.11","0.37","0.392419318918043","3,13,3,3,3,1,3,1,1,1,3,2,1,1,1,1,4,3,5,2,13,10,8,1,1,1,1,12,6,4,9,7,2,2,5,5,11,1,13,13,13,13,10,10,10,10,13,10,10,10,13,13,13,13,13,10,10,10,10,13,8,13,13,1,1,13,13,13,13,13,10,13,1,1,13,13,13,13,13,13,13,1,12,12,12,6,13,13,13,13,4,9,7,13,13,13,1,13,13,13,13,13,13,13,13,13,13,2,2,13,13,13,13,5,5,5,5,5,5,5,5,11,11,11,11,11,11,11,11","0.000723123550415039","walktrap","edit-xhwikibooks.graphml"
"0.51","0.12","0.37","0.382352593852222","1,13,1,1,2,1,2,1,1,1,2,2,1,1,1,1,4,3,6,2,13,11,8,1,1,1,1,9,5,4,3,7,10,2,6,6,12,1,13,13,13,13,11,11,11,11,13,11,11,11,13,13,13,13,13,11,11,11,11,13,8,13,13,1,1,13,13,13,13,13,11,13,1,1,13,13,13,13,13,13,13,1,9,9,9,5,13,13,13,13,4,3,7,13,13,13,1,13,13,13,13,13,13,13,13,13,13,10,10,13,13,13,13,6,6,6,6,6,6,6,6,12,12,12,12,12,12,12,12","0.00131511688232422","walktrap","edit-xhwikibooks.graphml"
"0.5","0.13","0.37","0.381824654519564","1,13,1,1,2,1,2,1,1,1,2,2,1,1,1,1,4,3,6,2,13,11,8,1,1,1,1,9,5,4,3,7,10,2,6,6,12,1,13,13,13,13,11,11,11,11,13,11,11,11,13,13,13,13,13,11,11,11,11,13,8,13,13,1,1,13,13,13,13,13,11,13,1,1,13,13,13,13,13,13,13,1,9,9,9,5,13,13,13,13,4,3,7,13,13,13,1,13,13,13,13,13,13,13,13,13,13,10,10,13,13,13,13,6,6,6,6,6,6,6,6,12,12,12,12,12,12,12,12","0.000783920288085938","walktrap","edit-xhwikibooks.graphml"
"0.49","0.14","0.37","0.381824654519564","1,13,1,1,2,1,2,1,1,1,2,2,1,1,1,1,4,3,6,2,13,11,8,1,1,1,1,9,5,4,3,7,10,2,6,6,12,1,13,13,13,13,11,11,11,11,13,11,11,11,13,13,13,13,13,11,11,11,11,13,8,13,13,1,1,13,13,13,13,13,11,13,1,1,13,13,13,13,13,13,13,1,9,9,9,5,13,13,13,13,4,3,7,13,13,13,1,13,13,13,13,13,13,13,13,13,13,10,10,13,13,13,13,6,6,6,6,6,6,6,6,12,12,12,12,12,12,12,12","0.000775814056396484","walktrap","edit-xhwikibooks.graphml"
"0.48","0.15","0.37","0.380787977997323","2,14,2,2,1,2,1,4,4,2,1,1,4,4,4,2,5,3,8,1,14,12,9,4,4,4,4,10,6,5,3,7,11,1,8,8,13,4,14,14,14,14,12,12,12,12,14,12,12,12,14,14,14,14,14,12,12,12,12,14,9,14,14,4,4,14,14,14,14,14,12,14,4,4,14,14,14,14,14,14,14,4,10,10,10,6,14,14,14,14,5,3,7,14,14,14,2,14,14,14,14,14,14,14,14,14,14,11,11,14,14,14,14,8,8,8,8,8,8,8,8,13,13,13,13,13,13,13,13","0.000782966613769531","walktrap","edit-xhwikibooks.graphml"
"0.47","0.16","0.37","0.381718167872014","2,14,2,2,1,2,1,4,4,2,1,1,4,4,4,2,5,3,8,1,14,12,9,4,4,4,4,10,6,5,3,7,11,1,8,8,13,4,14,14,14,14,12,12,12,12,14,12,12,12,14,14,14,14,14,12,12,12,12,14,9,14,14,4,4,14,14,14,14,14,12,14,4,4,14,14,14,14,14,14,14,4,10,10,10,6,14,14,14,14,5,3,7,14,14,14,2,14,14,14,14,14,14,14,14,14,14,11,11,14,14,14,14,8,8,8,8,8,8,8,8,13,13,13,13,13,13,13,13","0.000779867172241211","walktrap","edit-xhwikibooks.graphml"
"0.46","0.17","0.37","0.382345746601591","2,14,2,2,1,2,1,4,4,2,1,1,4,4,4,2,5,3,10,1,14,12,8,4,4,4,4,9,6,5,3,7,11,1,10,10,13,4,14,14,14,14,12,12,12,12,14,12,12,12,14,14,14,14,14,12,12,12,12,14,8,14,14,4,4,14,14,14,14,14,12,14,4,4,14,14,14,14,14,14,14,4,9,9,9,6,14,14,14,14,5,3,7,14,14,14,2,14,14,14,14,14,14,14,14,14,14,11,11,14,14,14,14,10,10,10,10,10,10,10,10,13,13,13,13,13,13,13,13","0.000764131546020508","walktrap","edit-xhwikibooks.graphml"
"0.45","0.18","0.37","0.382345746601591","2,14,2,2,1,2,1,4,4,2,1,1,4,4,4,2,5,3,10,1,14,12,8,4,4,4,4,9,6,5,3,7,11,1,10,10,13,4,14,14,14,14,12,12,12,12,14,12,12,12,14,14,14,14,14,12,12,12,12,14,8,14,14,4,4,14,14,14,14,14,12,14,4,4,14,14,14,14,14,14,14,4,9,9,9,6,14,14,14,14,5,3,7,14,14,14,2,14,14,14,14,14,14,14,14,14,14,11,11,14,14,14,14,10,10,10,10,10,10,10,10,13,13,13,13,13,13,13,13","0.000787973403930664","walktrap","edit-xhwikibooks.graphml"
"0.44","0.19","0.37","0.37657367552348","2,14,2,2,1,2,1,4,4,2,1,1,4,4,4,2,5,3,11,1,14,12,8,4,4,4,4,9,6,5,3,7,10,1,11,11,13,4,14,14,14,14,12,12,12,12,14,12,12,12,14,14,14,14,14,12,12,12,12,14,8,14,14,4,4,14,14,14,14,14,12,14,4,4,14,14,14,14,14,14,14,4,9,9,9,6,14,14,14,14,5,3,7,14,14,14,2,14,14,14,14,14,14,14,14,14,14,10,10,14,14,14,14,11,11,11,11,11,11,11,11,13,13,13,13,13,13,13,13","0.000777959823608398","walktrap","edit-xhwikibooks.graphml"
"0.43","0.2","0.37","0.378522881872771","2,14,2,2,1,2,1,4,4,2,1,1,4,4,4,2,5,3,11,1,14,12,8,4,4,4,4,9,6,5,3,7,10,1,11,11,13,4,14,14,14,14,12,12,12,12,14,12,12,12,14,14,14,14,14,12,12,12,12,14,8,14,14,4,4,14,14,14,14,14,12,14,4,4,14,14,14,14,14,14,14,4,9,9,9,6,14,14,14,14,5,3,7,14,14,14,2,14,14,14,14,14,14,14,14,14,14,10,10,14,14,14,14,11,11,11,11,11,11,11,11,13,13,13,13,13,13,13,13","0.000789165496826172","walktrap","edit-xhwikibooks.graphml"
"0.42","0.21","0.37","0.379518226313098","1,2,1,1,1,1,1,1,1,1,1,3,1,1,1,1,5,4,1,3,2,9,7,1,1,1,1,8,2,5,4,6,3,3,1,1,10,1,2,2,2,2,9,9,9,9,2,9,9,9,2,2,2,2,2,9,9,9,9,2,7,2,2,1,1,2,2,2,2,2,9,2,1,1,2,2,2,2,2,2,2,1,8,8,8,2,2,2,2,2,5,4,6,2,2,2,1,2,2,2,2,2,2,2,2,2,2,3,3,2,2,2,2,1,1,1,1,1,1,1,1,10,10,10,10,10,10,10,10","0.000805139541625977","walktrap","edit-xhwikibooks.graphml"
"0.41","0.22","0.37","0.379518226313098","1,2,1,1,1,1,1,1,1,1,1,3,1,1,1,1,5,4,1,3,2,9,7,1,1,1,1,8,2,5,4,6,3,3,1,1,10,1,2,2,2,2,9,9,9,9,2,9,9,9,2,2,2,2,2,9,9,9,9,2,7,2,2,1,1,2,2,2,2,2,9,2,1,1,2,2,2,2,2,2,2,1,8,8,8,2,2,2,2,2,5,4,6,2,2,2,1,2,2,2,2,2,2,2,2,2,2,3,3,2,2,2,2,1,1,1,1,1,1,1,1,10,10,10,10,10,10,10,10","0.000807046890258789","walktrap","edit-xhwikibooks.graphml"
"0.4","0.23","0.37","0.378683249324275","1,2,1,1,1,1,1,1,1,1,1,3,1,1,1,1,5,4,1,3,2,9,7,1,1,1,1,8,2,5,4,6,3,3,1,1,10,1,2,2,2,2,9,9,9,9,2,9,9,9,2,2,2,2,2,9,9,9,9,2,7,2,2,1,1,2,2,2,2,2,9,2,1,1,2,2,2,2,2,2,2,1,8,8,8,2,2,2,2,2,5,4,6,2,2,2,1,2,2,2,2,2,2,2,2,2,2,3,3,2,2,2,2,1,1,1,1,1,1,1,1,10,10,10,10,10,10,10,10","0.00083613395690918","walktrap","edit-xhwikibooks.graphml"
"0.39","0.24","0.37","0.379629474322894","1,2,1,1,1,1,1,1,1,1,1,3,1,1,1,1,5,4,1,3,2,9,7,1,1,1,1,8,2,5,4,6,3,3,1,1,10,1,2,2,2,2,9,9,9,9,2,9,9,9,2,2,2,2,2,9,9,9,9,2,7,2,2,1,1,2,2,2,2,2,9,2,1,1,2,2,2,2,2,2,2,1,8,8,8,2,2,2,2,2,5,4,6,2,2,2,1,2,2,2,2,2,2,2,2,2,2,3,3,2,2,2,2,1,1,1,1,1,1,1,1,10,10,10,10,10,10,10,10","0.000773191452026367","walktrap","edit-xhwikibooks.graphml"
"0.38","0.25","0.37","0.381982435491173","1,2,1,1,1,1,1,1,1,1,1,3,1,1,1,1,5,4,1,3,2,9,7,1,1,1,1,8,2,5,4,6,3,3,1,1,10,1,2,2,2,2,9,9,9,9,2,9,9,9,2,2,2,2,2,9,9,9,9,2,7,2,2,1,1,2,2,2,2,2,9,2,1,1,2,2,2,2,2,2,2,1,8,8,8,2,2,2,2,2,5,4,6,2,2,2,1,2,2,2,2,2,2,2,2,2,2,3,3,2,2,2,2,1,1,1,1,1,1,1,1,10,10,10,10,10,10,10,10","0.000756978988647461","walktrap","edit-xhwikibooks.graphml"
"0.37","0.26","0.37","0.385266266370494","1,12,1,1,2,1,2,1,1,1,2,2,1,1,1,3,5,4,10,2,12,11,8,1,1,1,1,3,6,5,4,7,9,2,10,10,13,1,12,12,12,12,11,11,11,11,12,11,11,11,12,12,12,12,12,11,11,11,11,12,8,12,12,1,1,12,12,12,12,12,11,12,1,1,12,12,12,12,12,12,12,1,3,3,3,6,12,12,12,12,5,4,7,12,12,12,3,12,12,12,12,12,12,12,12,12,12,9,9,12,12,12,12,10,10,10,10,10,10,10,10,13,13,13,13,13,13,13,13","0.000761985778808594","walktrap","edit-xhwikibooks.graphml"
"0.36","0.27","0.37","0.385266266370494","1,12,1,1,2,1,2,1,1,1,2,2,1,1,1,3,5,4,10,2,12,11,8,1,1,1,1,3,6,5,4,7,9,2,10,10,13,1,12,12,12,12,11,11,11,11,12,11,11,11,12,12,12,12,12,11,11,11,11,12,8,12,12,1,1,12,12,12,12,12,11,12,1,1,12,12,12,12,12,12,12,1,3,3,3,6,12,12,12,12,5,4,7,12,12,12,3,12,12,12,12,12,12,12,12,12,12,9,9,12,12,12,12,10,10,10,10,10,10,10,10,13,13,13,13,13,13,13,13","0.000751972198486328","walktrap","edit-xhwikibooks.graphml"
"0.35","0.28","0.37","0.385002407370379","1,12,1,1,2,1,2,1,1,1,2,2,1,1,1,3,5,4,10,2,12,11,8,1,1,1,1,3,6,5,4,7,9,2,10,10,13,1,12,12,12,12,11,11,11,11,12,11,11,11,12,12,12,12,12,11,11,11,11,12,8,12,12,1,1,12,12,12,12,12,11,12,1,1,12,12,12,12,12,12,12,1,3,3,3,6,12,12,12,12,5,4,7,12,12,12,3,12,12,12,12,12,12,12,12,12,12,9,9,12,12,12,12,10,10,10,10,10,10,10,10,13,13,13,13,13,13,13,13","0.000762939453125","walktrap","edit-xhwikibooks.graphml"
"0.34","0.29","0.37","0.386790749337609","1,12,1,1,2,1,2,1,1,1,2,2,1,1,1,3,5,4,10,2,12,11,8,1,1,1,1,3,6,5,4,7,9,2,10,10,13,1,12,12,12,12,11,11,11,11,12,11,11,11,12,12,12,12,12,11,11,11,11,12,8,12,12,1,1,12,12,12,12,12,11,12,1,1,12,12,12,12,12,12,12,1,3,3,3,6,12,12,12,12,5,4,7,12,12,12,3,12,12,12,12,12,12,12,12,12,12,9,9,12,12,12,12,10,10,10,10,10,10,10,10,13,13,13,13,13,13,13,13","0.000780820846557617","walktrap","edit-xhwikibooks.graphml"
"0.33","0.3","0.37","0.386526860097673","1,12,1,1,2,1,2,1,1,1,2,2,1,1,1,3,5,4,10,2,12,11,8,1,1,1,1,3,6,5,4,7,9,2,10,10,13,1,12,12,12,12,11,11,11,11,12,11,11,11,12,12,12,12,12,11,11,11,11,12,8,12,12,1,1,12,12,12,12,12,11,12,1,1,12,12,12,12,12,12,12,1,3,3,3,6,12,12,12,12,5,4,7,12,12,12,3,12,12,12,12,12,12,12,12,12,12,9,9,12,12,12,12,10,10,10,10,10,10,10,10,13,13,13,13,13,13,13,13","0.000791072845458984","walktrap","edit-xhwikibooks.graphml"
"0.32","0.31","0.37","0.387441289224462","1,12,1,1,2,1,2,1,1,1,2,2,1,1,1,3,5,4,10,2,12,11,8,1,1,1,1,3,6,5,4,7,9,2,10,10,13,1,12,12,12,12,11,11,11,11,12,11,11,11,12,12,12,12,12,11,11,11,11,12,8,12,12,1,1,12,12,12,12,12,11,12,1,1,12,12,12,12,12,12,12,1,3,3,3,6,12,12,12,12,5,4,7,12,12,12,3,12,12,12,12,12,12,12,12,12,12,9,9,12,12,12,12,10,10,10,10,10,10,10,10,13,13,13,13,13,13,13,13","0.000772953033447266","walktrap","edit-xhwikibooks.graphml"
"0.31","0.32","0.37","0.387177516097354","1,12,1,1,2,1,2,1,1,1,2,2,1,1,1,3,5,4,10,2,12,11,8,1,1,1,1,3,6,5,4,7,9,2,10,10,13,1,12,12,12,12,11,11,11,11,12,11,11,11,12,12,12,12,12,11,11,11,11,12,8,12,12,1,1,12,12,12,12,12,11,12,1,1,12,12,12,12,12,12,12,1,3,3,3,6,12,12,12,12,5,4,7,12,12,12,3,12,12,12,12,12,12,12,12,12,12,9,9,12,12,12,12,10,10,10,10,10,10,10,10,13,13,13,13,13,13,13,13","0.000777006149291992","walktrap","edit-xhwikibooks.graphml"
"0.3","0.33","0.37","0.386914080782343","1,12,1,1,2,1,2,1,1,1,2,2,1,1,1,3,5,4,10,2,12,11,8,1,1,1,1,3,6,5,4,7,9,2,10,10,13,1,12,12,12,12,11,11,11,11,12,11,11,11,12,12,12,12,12,11,11,11,11,12,8,12,12,1,1,12,12,12,12,12,11,12,1,1,12,12,12,12,12,12,12,1,3,3,3,6,12,12,12,12,5,4,7,12,12,12,3,12,12,12,12,12,12,12,12,12,12,9,9,12,12,12,12,10,10,10,10,10,10,10,10,13,13,13,13,13,13,13,13","0.000768899917602539","walktrap","edit-xhwikibooks.graphml"
"0.29","0.34","0.37","0.398605117639546","1,12,1,1,2,1,2,1,1,1,2,2,1,1,1,3,5,4,9,2,12,11,8,1,1,1,1,3,6,5,4,7,10,2,9,9,13,1,12,12,12,12,11,11,11,11,12,11,11,11,12,12,12,12,12,11,11,11,11,12,8,12,12,1,1,12,12,12,12,12,11,12,1,1,12,12,12,12,12,12,12,1,3,3,3,6,12,12,12,12,5,4,7,12,12,12,3,12,12,12,12,12,12,12,12,12,12,10,10,12,12,12,12,9,9,9,9,9,9,9,9,13,13,13,13,13,13,13,13","0.000763177871704102","walktrap","edit-xhwikibooks.graphml"
"0.28","0.35","0.37","0.398605117639546","1,12,1,1,2,1,2,1,1,1,2,2,1,1,1,3,5,4,9,2,12,11,8,1,1,1,1,3,6,5,4,7,10,2,9,9,13,1,12,12,12,12,11,11,11,11,12,11,11,11,12,12,12,12,12,11,11,11,11,12,8,12,12,1,1,12,12,12,12,12,11,12,1,1,12,12,12,12,12,12,12,1,3,3,3,6,12,12,12,12,5,4,7,12,12,12,3,12,12,12,12,12,12,12,12,12,12,10,10,12,12,12,12,9,9,9,9,9,9,9,9,13,13,13,13,13,13,13,13","0.000765085220336914","walktrap","edit-xhwikibooks.graphml"
"0.27","0.36","0.37","0.398339190804931","1,12,1,1,2,1,2,1,1,1,2,2,1,1,1,3,5,4,9,2,12,11,8,1,1,1,1,3,6,5,4,7,10,2,9,9,13,1,12,12,12,12,11,11,11,11,12,11,11,11,12,12,12,12,12,11,11,11,11,12,8,12,12,1,1,12,12,12,12,12,11,12,1,1,12,12,12,12,12,12,12,1,3,3,3,6,12,12,12,12,5,4,7,12,12,12,3,12,12,12,12,12,12,12,12,12,12,10,10,12,12,12,12,9,9,9,9,9,9,9,9,13,13,13,13,13,13,13,13","0.000818014144897461","walktrap","edit-xhwikibooks.graphml"
"0.26","0.37","0.37","0.398339190804931","1,12,1,1,2,1,2,1,1,1,2,2,1,1,1,3,5,4,9,2,12,11,8,1,1,1,1,3,6,5,4,7,10,2,9,9,13,1,12,12,12,12,11,11,11,11,12,11,11,11,12,12,12,12,12,11,11,11,11,12,8,12,12,1,1,12,12,12,12,12,11,12,1,1,12,12,12,12,12,12,12,1,3,3,3,6,12,12,12,12,5,4,7,12,12,12,3,12,12,12,12,12,12,12,12,12,12,10,10,12,12,12,12,9,9,9,9,9,9,9,9,13,13,13,13,13,13,13,13","0.000850915908813477","walktrap","edit-xhwikibooks.graphml"
"0.25","0.38","0.37","0.391653970578745","1,6,1,1,1,1,1,1,1,1,1,2,1,1,1,1,4,3,1,2,6,7,1,1,1,1,1,5,6,4,3,1,2,2,1,1,8,1,6,6,6,6,7,7,7,7,6,7,7,7,6,6,6,6,6,7,7,7,7,6,9,6,6,1,1,6,6,6,6,6,7,6,1,1,6,6,6,6,6,6,6,1,5,5,5,10,6,6,6,6,11,12,13,6,6,6,1,6,6,6,6,6,6,6,6,6,6,2,2,6,6,6,6,1,1,1,1,1,1,1,1,8,8,8,8,8,8,8,8","0.000749111175537109","walktrap","edit-xhwikibooks.graphml"
"0.24","0.39","0.37","0.404447504584529","1,6,1,1,1,1,1,1,1,1,1,2,1,1,1,1,4,3,1,2,6,7,1,1,1,1,1,5,6,4,3,1,2,2,1,1,8,1,6,6,6,6,7,7,7,7,6,7,7,7,6,6,6,6,6,7,7,7,7,6,9,6,6,1,1,6,6,6,6,6,7,6,1,1,6,6,6,6,6,6,6,1,5,5,5,10,6,6,6,6,11,12,13,6,6,6,1,6,6,6,6,6,6,6,6,6,6,2,2,6,6,6,6,1,1,1,1,1,1,1,1,8,8,8,8,8,8,8,8","0.000753879547119141","walktrap","edit-xhwikibooks.graphml"
"0.23","0.4","0.37","0.405647937162423","1,6,1,1,1,1,1,1,1,1,1,2,1,1,1,1,4,3,1,2,6,7,1,1,1,1,1,5,6,4,3,1,2,2,1,1,8,1,6,6,6,6,7,7,7,7,6,7,7,7,6,6,6,6,6,7,7,7,7,6,9,6,6,1,1,6,6,6,6,6,7,6,1,1,6,6,6,6,6,6,6,1,5,5,5,10,6,6,6,6,11,12,13,6,6,6,1,6,6,6,6,6,6,6,6,6,6,2,2,6,6,6,6,1,1,1,1,1,1,1,1,8,8,8,8,8,8,8,8","0.000754117965698242","walktrap","edit-xhwikibooks.graphml"
"0.22","0.41","0.37","0.405647937162423","1,6,1,1,1,1,1,1,1,1,1,2,1,1,1,1,4,3,1,2,6,7,1,1,1,1,1,5,6,4,3,1,2,2,1,1,8,1,6,6,6,6,7,7,7,7,6,7,7,7,6,6,6,6,6,7,7,7,7,6,9,6,6,1,1,6,6,6,6,6,7,6,1,1,6,6,6,6,6,6,6,1,5,5,5,10,6,6,6,6,11,12,13,6,6,6,1,6,6,6,6,6,6,6,6,6,6,2,2,6,6,6,6,1,1,1,1,1,1,1,1,8,8,8,8,8,8,8,8","0.000750064849853516","walktrap","edit-xhwikibooks.graphml"
"0.21","0.42","0.37","0.405383143938397","1,6,1,1,1,1,1,1,1,1,1,2,1,1,1,1,4,3,1,2,6,7,1,1,1,1,1,5,6,4,3,1,2,2,1,1,8,1,6,6,6,6,7,7,7,7,6,7,7,7,6,6,6,6,6,7,7,7,7,6,9,6,6,1,1,6,6,6,6,6,7,6,1,1,6,6,6,6,6,6,6,1,5,5,5,10,6,6,6,6,11,12,13,6,6,6,1,6,6,6,6,6,6,6,6,6,6,2,2,6,6,6,6,1,1,1,1,1,1,1,1,8,8,8,8,8,8,8,8","0.000756025314331055","walktrap","edit-xhwikibooks.graphml"
"0.2","0.43","0.37","0.4068364535897","1,6,1,1,1,1,1,1,1,1,1,2,1,1,1,1,4,3,1,2,6,7,1,1,1,1,1,5,6,4,3,1,2,2,1,1,8,1,6,6,6,6,7,7,7,7,6,7,7,7,6,6,6,6,6,7,7,7,7,6,9,6,6,1,1,6,6,6,6,6,7,6,1,1,6,6,6,6,6,6,6,1,5,5,5,10,6,6,6,6,11,12,13,6,6,6,1,6,6,6,6,6,6,6,6,6,6,2,2,6,6,6,6,1,1,1,1,1,1,1,1,8,8,8,8,8,8,8,8","0.000822067260742188","walktrap","edit-xhwikibooks.graphml"
"0.19","0.44","0.37","0.406572149519282","1,6,1,1,1,1,1,1,1,1,1,2,1,1,1,1,4,3,1,2,6,7,1,1,1,1,1,5,6,4,3,1,2,2,1,1,8,1,6,6,6,6,7,7,7,7,6,7,7,7,6,6,6,6,6,7,7,7,7,6,9,6,6,1,1,6,6,6,6,6,7,6,1,1,6,6,6,6,6,6,6,1,5,5,5,10,6,6,6,6,11,12,13,6,6,6,1,6,6,6,6,6,6,6,6,6,6,2,2,6,6,6,6,1,1,1,1,1,1,1,1,8,8,8,8,8,8,8,8","0.000794887542724609","walktrap","edit-xhwikibooks.graphml"
"0.18","0.45","0.37","0.391874485959913","1,6,1,1,1,1,1,1,1,1,1,2,1,1,1,1,4,3,1,2,6,7,1,1,1,1,1,5,6,4,3,1,2,2,1,1,8,1,6,6,6,6,7,7,7,7,6,7,7,7,6,6,6,6,6,7,7,7,7,6,9,6,6,1,1,6,6,6,6,6,7,6,1,1,6,6,6,6,6,6,6,1,5,5,5,10,6,6,6,6,11,12,13,6,6,6,1,6,6,6,6,6,6,6,6,6,6,2,2,6,6,6,6,1,1,1,1,1,1,1,1,8,8,8,8,8,8,8,8","0.0007781982421875","walktrap","edit-xhwikibooks.graphml"
"0.17","0.46","0.37","0.391612803939674","1,6,1,1,1,1,1,1,1,1,1,2,1,1,1,1,4,3,1,2,6,7,1,1,1,1,1,5,6,4,3,1,2,2,1,1,8,1,6,6,6,6,7,7,7,7,6,7,7,7,6,6,6,6,6,7,7,7,7,6,9,6,6,1,1,6,6,6,6,6,7,6,1,1,6,6,6,6,6,6,6,1,5,5,5,10,6,6,6,6,11,12,13,6,6,6,1,6,6,6,6,6,6,6,6,6,6,2,2,6,6,6,6,1,1,1,1,1,1,1,1,8,8,8,8,8,8,8,8","0.000746011734008789","walktrap","edit-xhwikibooks.graphml"
"0.16","0.47","0.37","0.392573514783609","1,6,1,1,1,1,1,1,1,1,1,2,1,1,1,1,4,3,1,2,6,7,1,1,1,1,1,5,6,4,3,1,2,2,1,1,8,1,6,6,6,6,7,7,7,7,6,7,7,7,6,6,6,6,6,7,7,7,7,6,9,6,6,1,1,6,6,6,6,6,7,6,1,1,6,6,6,6,6,6,6,1,5,5,5,10,6,6,6,6,11,12,13,6,6,6,1,6,6,6,6,6,6,6,6,6,6,2,2,6,6,6,6,1,1,1,1,1,1,1,1,8,8,8,8,8,8,8,8","0.000761985778808594","walktrap","edit-xhwikibooks.graphml"
"0.15","0.48","0.37","0.392311856484307","1,6,1,1,1,1,1,1,1,1,1,2,1,1,1,1,4,3,1,2,6,7,1,1,1,1,1,5,6,4,3,1,2,2,1,1,8,1,6,6,6,6,7,7,7,7,6,7,7,7,6,6,6,6,6,7,7,7,7,6,9,6,6,1,1,6,6,6,6,6,7,6,1,1,6,6,6,6,6,6,6,1,5,5,5,10,6,6,6,6,11,12,13,6,6,6,1,6,6,6,6,6,6,6,6,6,6,2,2,6,6,6,6,1,1,1,1,1,1,1,1,8,8,8,8,8,8,8,8","0.000758171081542969","walktrap","edit-xhwikibooks.graphml"
"0.14","0.49","0.37","0.395953276020353","1,7,1,1,2,1,2,1,1,1,2,2,1,1,1,3,6,5,4,2,7,9,1,1,1,1,1,3,7,6,5,4,8,2,4,4,10,1,7,7,7,7,9,9,9,9,7,9,9,9,7,7,7,7,7,9,9,9,9,7,11,7,7,1,1,7,7,7,7,7,9,7,1,1,7,7,7,7,7,7,7,1,3,3,3,12,7,7,7,7,13,14,15,7,7,7,3,7,7,7,7,7,7,7,7,7,7,8,8,7,7,7,7,4,4,4,4,4,4,4,4,10,10,10,10,10,10,10,10","0.000782966613769531","walktrap","edit-xhwikibooks.graphml"
"0.13","0.5","0.37","0.431576781067385","1,5,1,1,3,1,3,1,1,1,3,3,1,1,1,4,7,6,2,3,5,9,1,1,1,1,1,4,5,7,6,2,8,3,2,2,10,1,5,5,5,5,9,9,9,9,5,9,9,9,5,5,5,5,5,9,9,9,9,5,11,5,5,1,1,5,5,5,5,5,9,5,1,1,5,5,5,5,5,5,5,1,4,4,4,12,5,5,5,5,13,14,15,5,5,5,4,5,5,5,5,5,5,5,5,5,5,8,8,5,5,5,5,2,2,2,2,2,2,2,2,10,10,10,10,10,10,10,10","0.000734090805053711","walktrap","edit-xhwikibooks.graphml"
"0.12","0.51","0.37","0.431576781067385","1,5,1,1,3,1,3,1,1,1,3,3,1,1,1,4,7,6,2,3,5,9,1,1,1,1,1,4,5,7,6,2,8,3,2,2,10,1,5,5,5,5,9,9,9,9,5,9,9,9,5,5,5,5,5,9,9,9,9,5,11,5,5,1,1,5,5,5,5,5,9,5,1,1,5,5,5,5,5,5,5,1,4,4,4,12,5,5,5,5,13,14,15,5,5,5,4,5,5,5,5,5,5,5,5,5,5,8,8,5,5,5,5,2,2,2,2,2,2,2,2,10,10,10,10,10,10,10,10","0.000697135925292969","walktrap","edit-xhwikibooks.graphml"
"0.11","0.52","0.37","0.431576781067385","1,5,1,1,3,1,3,1,1,1,3,3,1,1,1,4,7,6,2,3,5,9,1,1,1,1,1,4,5,7,6,2,8,3,2,2,10,1,5,5,5,5,9,9,9,9,5,9,9,9,5,5,5,5,5,9,9,9,9,5,11,5,5,1,1,5,5,5,5,5,9,5,1,1,5,5,5,5,5,5,5,1,4,4,4,12,5,5,5,5,13,14,15,5,5,5,4,5,5,5,5,5,5,5,5,5,5,8,8,5,5,5,5,2,2,2,2,2,2,2,2,10,10,10,10,10,10,10,10","0.000695943832397461","walktrap","edit-xhwikibooks.graphml"
"0.1","0.53","0.37","0.431009685794642","1,5,1,1,3,1,3,1,1,1,3,3,1,1,1,4,7,6,2,3,5,9,1,1,1,1,1,4,5,7,6,2,8,3,2,2,10,1,5,5,5,5,9,9,9,9,5,9,9,9,5,5,5,5,5,9,9,9,9,5,11,5,5,1,1,5,5,5,5,5,9,5,1,1,5,5,5,5,5,5,5,1,4,4,4,12,5,5,5,5,13,14,15,5,5,5,4,5,5,5,5,5,5,5,5,5,5,8,8,5,5,5,5,2,2,2,2,2,2,2,2,10,10,10,10,10,10,10,10","0.000715017318725586","walktrap","edit-xhwikibooks.graphml"
"0.09","0.54","0.37","0.431862943755328","1,5,1,1,3,1,3,1,1,1,3,3,1,1,1,4,7,6,2,3,5,9,1,1,1,1,1,4,5,7,6,2,8,3,2,2,10,1,5,5,5,5,9,9,9,9,5,9,9,9,5,5,5,5,5,9,9,9,9,5,11,5,5,1,1,5,5,5,5,5,9,5,1,1,5,5,5,5,5,5,5,1,4,4,4,12,5,5,5,5,13,14,15,5,5,5,4,5,5,5,5,5,5,5,5,5,5,8,8,5,5,5,5,2,2,2,2,2,2,2,2,10,10,10,10,10,10,10,10","0.000724077224731445","walktrap","edit-xhwikibooks.graphml"
"0.08","0.55","0.37","0.432372087561831","1,5,1,1,3,1,3,1,1,1,3,3,1,1,1,4,7,6,2,3,5,9,1,1,1,1,1,4,5,7,6,2,8,3,2,2,10,1,5,5,5,5,9,9,9,9,5,9,9,9,5,5,5,5,5,9,9,9,9,5,11,5,5,1,1,5,5,5,5,5,9,5,1,1,5,5,5,5,5,5,5,1,4,4,4,12,5,5,5,5,13,14,15,5,5,5,4,5,5,5,5,5,5,5,5,5,5,8,8,5,5,5,5,2,2,2,2,2,2,2,2,10,10,10,10,10,10,10,10","0.000703096389770508","walktrap","edit-xhwikibooks.graphml"
"0.07","0.56","0.37","0.434032954970846","1,5,1,1,3,1,3,1,1,1,3,3,1,1,1,4,7,6,2,3,5,9,1,1,1,1,1,4,5,7,6,2,8,3,2,2,10,1,5,5,5,5,9,9,9,9,5,9,9,9,5,5,5,5,5,9,9,9,9,5,11,5,5,1,1,5,5,5,5,5,9,5,1,1,5,5,5,5,5,5,5,1,4,4,4,12,5,5,5,5,13,14,15,5,5,5,4,5,5,5,5,5,5,5,5,5,5,8,8,5,5,5,5,2,2,2,2,2,2,2,2,10,10,10,10,10,10,10,10","0.000744104385375977","walktrap","edit-xhwikibooks.graphml"
"0.06","0.57","0.37","0.433749817012747","1,5,1,1,3,1,3,1,1,1,3,3,1,1,1,4,7,6,2,3,5,9,1,1,1,1,1,4,5,7,6,2,8,3,2,2,10,1,5,5,5,5,9,9,9,9,5,9,9,9,5,5,5,5,5,9,9,9,9,5,11,5,5,1,1,5,5,5,5,5,9,5,1,1,5,5,5,5,5,5,5,1,4,4,4,12,5,5,5,5,13,14,15,5,5,5,4,5,5,5,5,5,5,5,5,5,5,8,8,5,5,5,5,2,2,2,2,2,2,2,2,10,10,10,10,10,10,10,10","0.000738859176635742","walktrap","edit-xhwikibooks.graphml"
"0.05","0.58","0.37","0.435305014744297","1,5,1,1,3,1,3,1,1,1,3,3,1,1,1,4,7,6,2,3,5,9,1,1,1,1,1,4,5,7,6,2,8,3,2,2,10,1,5,5,5,5,9,9,9,9,5,9,9,9,5,5,5,5,5,9,9,9,9,5,11,5,5,1,1,5,5,5,5,5,9,5,1,1,5,5,5,5,5,5,5,1,4,4,4,12,5,5,5,5,13,14,15,5,5,5,4,5,5,5,5,5,5,5,5,5,5,8,8,5,5,5,5,2,2,2,2,2,2,2,2,10,10,10,10,10,10,10,10","0.000771999359130859","walktrap","edit-xhwikibooks.graphml"
"0.04","0.59","0.37","0.435022145970834","1,5,1,1,3,1,3,1,1,1,3,3,1,1,1,4,7,6,2,3,5,9,1,1,1,1,1,4,5,7,6,2,8,3,2,2,10,1,5,5,5,5,9,9,9,9,5,9,9,9,5,5,5,5,5,9,9,9,9,5,11,5,5,1,1,5,5,5,5,5,9,5,1,1,5,5,5,5,5,5,5,1,4,4,4,12,5,5,5,5,13,14,15,5,5,5,4,5,5,5,5,5,5,5,5,5,5,8,8,5,5,5,5,2,2,2,2,2,2,2,2,10,10,10,10,10,10,10,10","0.000751972198486328","walktrap","edit-xhwikibooks.graphml"
"0.03","0.6","0.37","0.434825529475166","1,5,1,1,3,1,3,1,1,1,3,3,1,1,1,4,7,6,2,3,5,9,1,1,1,1,1,4,5,7,6,2,8,3,2,2,10,1,5,5,5,5,9,9,9,9,5,9,9,9,5,5,5,5,5,9,9,9,9,5,11,5,5,1,1,5,5,5,5,5,9,5,1,1,5,5,5,5,5,5,5,1,4,4,4,12,5,5,5,5,13,14,15,5,5,5,4,5,5,5,5,5,5,5,5,5,5,8,8,5,5,5,5,2,2,2,2,2,2,2,2,10,10,10,10,10,10,10,10","0.00079798698425293","walktrap","edit-xhwikibooks.graphml"
"0.02","0.61","0.37","0.434542197307027","1,5,1,1,3,1,3,1,1,1,3,3,1,1,1,4,7,6,2,3,5,9,1,1,1,1,1,4,5,7,6,2,8,3,2,2,10,1,5,5,5,5,9,9,9,9,5,9,9,9,5,5,5,5,5,9,9,9,9,5,11,5,5,1,1,5,5,5,5,5,9,5,1,1,5,5,5,5,5,5,5,1,4,4,4,12,5,5,5,5,13,14,15,5,5,5,4,5,5,5,5,5,5,5,5,5,5,8,8,5,5,5,5,2,2,2,2,2,2,2,2,10,10,10,10,10,10,10,10","0.000701904296875","walktrap","edit-xhwikibooks.graphml"
"0.01","0.62","0.37","0.435383834316626","1,5,1,1,3,1,3,1,1,1,3,3,1,1,1,4,7,6,2,3,5,9,1,1,1,1,1,4,5,7,6,2,8,3,2,2,10,1,5,5,5,5,9,9,9,9,5,9,9,9,5,5,5,5,5,9,9,9,9,5,11,5,5,1,1,5,5,5,5,5,9,5,1,1,5,5,5,5,5,5,5,1,4,4,4,12,5,5,5,5,13,14,15,5,5,5,4,5,5,5,5,5,5,5,5,5,5,8,8,5,5,5,5,2,2,2,2,2,2,2,2,10,10,10,10,10,10,10,10","0.000708103179931641","walktrap","edit-xhwikibooks.graphml"
"0","0.63","0.37","0.434445888603512","4,9,4,4,4,4,2,3,4,4,2,2,3,3,3,1,6,5,8,2,9,10,12,3,3,3,3,1,4,6,5,13,7,2,8,8,11,3,9,9,9,9,10,10,10,10,9,10,10,10,9,9,9,9,9,10,10,10,10,9,14,9,9,3,3,9,9,9,9,9,10,9,3,3,9,9,9,9,9,9,9,3,1,1,1,15,9,9,9,9,16,17,18,9,9,9,1,9,9,9,9,9,9,9,9,9,9,7,7,9,9,9,9,8,8,8,8,8,8,8,8,11,11,11,11,11,11,11,11","0.000757932662963867","walktrap","edit-xhwikibooks.graphml"
"0.62","0","0.38","0.404557871748775","3,13,3,3,3,1,3,1,1,1,3,2,1,1,1,1,4,3,5,2,13,10,8,1,1,1,1,12,6,4,9,7,2,2,5,5,11,1,13,13,13,13,10,10,10,10,13,10,10,10,13,13,13,13,13,10,10,10,10,13,8,13,13,1,1,13,13,13,13,13,10,13,1,1,13,13,13,13,13,13,13,1,12,12,12,6,13,13,13,13,4,9,7,13,13,13,1,13,13,13,13,13,13,13,13,13,13,2,2,13,13,13,13,5,5,5,5,5,5,5,5,11,11,11,11,11,11,11,11","0.000725984573364258","walktrap","edit-xhwikibooks.graphml"
"0.61","0.01","0.38","0.404557871748775","3,13,3,3,3,1,3,1,1,1,3,2,1,1,1,1,4,3,5,2,13,10,8,1,1,1,1,12,6,4,9,7,2,2,5,5,11,1,13,13,13,13,10,10,10,10,13,10,10,10,13,13,13,13,13,10,10,10,10,13,8,13,13,1,1,13,13,13,13,13,10,13,1,1,13,13,13,13,13,13,13,1,12,12,12,6,13,13,13,13,4,9,7,13,13,13,1,13,13,13,13,13,13,13,13,13,13,2,2,13,13,13,13,5,5,5,5,5,5,5,5,11,11,11,11,11,11,11,11","0.000733137130737305","walktrap","edit-xhwikibooks.graphml"
"0.6","0.02","0.38","0.404557871748775","3,13,3,3,3,1,3,1,1,1,3,2,1,1,1,1,4,3,5,2,13,10,8,1,1,1,1,12,6,4,9,7,2,2,5,5,11,1,13,13,13,13,10,10,10,10,13,10,10,10,13,13,13,13,13,10,10,10,10,13,8,13,13,1,1,13,13,13,13,13,10,13,1,1,13,13,13,13,13,13,13,1,12,12,12,6,13,13,13,13,4,9,7,13,13,13,1,13,13,13,13,13,13,13,13,13,13,2,2,13,13,13,13,5,5,5,5,5,5,5,5,11,11,11,11,11,11,11,11","0.000774860382080078","walktrap","edit-xhwikibooks.graphml"
"0.59","0.03","0.38","0.404287331791541","3,13,3,3,3,1,3,1,1,1,3,2,1,1,1,1,4,3,5,2,13,10,8,1,1,1,1,12,6,4,9,7,2,2,5,5,11,1,13,13,13,13,10,10,10,10,13,10,10,10,13,13,13,13,13,10,10,10,10,13,8,13,13,1,1,13,13,13,13,13,10,13,1,1,13,13,13,13,13,13,13,1,12,12,12,6,13,13,13,13,4,9,7,13,13,13,1,13,13,13,13,13,13,13,13,13,13,2,2,13,13,13,13,5,5,5,5,5,5,5,5,11,11,11,11,11,11,11,11","0.000739097595214844","walktrap","edit-xhwikibooks.graphml"
"0.58","0.04","0.38","0.404287331791541","3,13,3,3,3,1,3,1,1,1,3,2,1,1,1,1,4,3,5,2,13,10,8,1,1,1,1,12,6,4,9,7,2,2,5,5,11,1,13,13,13,13,10,10,10,10,13,10,10,10,13,13,13,13,13,10,10,10,10,13,8,13,13,1,1,13,13,13,13,13,10,13,1,1,13,13,13,13,13,13,13,1,12,12,12,6,13,13,13,13,4,9,7,13,13,13,1,13,13,13,13,13,13,13,13,13,13,2,2,13,13,13,13,5,5,5,5,5,5,5,5,11,11,11,11,11,11,11,11","0.000725030899047852","walktrap","edit-xhwikibooks.graphml"
"0.57","0.05","0.38","0.392142379911148","3,13,3,3,3,1,3,1,1,1,3,2,1,1,1,1,4,3,5,2,13,10,8,1,1,1,1,12,6,4,9,7,2,2,5,5,11,1,13,13,13,13,10,10,10,10,13,10,10,10,13,13,13,13,13,10,10,10,10,13,8,13,13,1,1,13,13,13,13,13,10,13,1,1,13,13,13,13,13,13,13,1,12,12,12,6,13,13,13,13,4,9,7,13,13,13,1,13,13,13,13,13,13,13,13,13,13,2,2,13,13,13,13,5,5,5,5,5,5,5,5,11,11,11,11,11,11,11,11","0.000728130340576172","walktrap","edit-xhwikibooks.graphml"
"0.56","0.06","0.38","0.392142379911148","3,13,3,3,3,1,3,1,1,1,3,2,1,1,1,1,4,3,5,2,13,10,8,1,1,1,1,12,6,4,9,7,2,2,5,5,11,1,13,13,13,13,10,10,10,10,13,10,10,10,13,13,13,13,13,10,10,10,10,13,8,13,13,1,1,13,13,13,13,13,10,13,1,1,13,13,13,13,13,13,13,1,12,12,12,6,13,13,13,13,4,9,7,13,13,13,1,13,13,13,13,13,13,13,13,13,13,2,2,13,13,13,13,5,5,5,5,5,5,5,5,11,11,11,11,11,11,11,11","0.000730991363525391","walktrap","edit-xhwikibooks.graphml"
"0.55","0.07","0.38","0.391875503941663","3,13,3,3,3,1,3,1,1,1,3,2,1,1,1,1,4,3,5,2,13,10,8,1,1,1,1,12,6,4,9,7,2,2,5,5,11,1,13,13,13,13,10,10,10,10,13,10,10,10,13,13,13,13,13,10,10,10,10,13,8,13,13,1,1,13,13,13,13,13,10,13,1,1,13,13,13,13,13,13,13,1,12,12,12,6,13,13,13,13,4,9,7,13,13,13,1,13,13,13,13,13,13,13,13,13,13,2,2,13,13,13,13,5,5,5,5,5,5,5,5,11,11,11,11,11,11,11,11","0.000720024108886719","walktrap","edit-xhwikibooks.graphml"
"0.54","0.08","0.38","0.392782866992774","3,13,3,3,3,1,3,1,1,1,3,2,1,1,1,1,4,3,5,2,13,10,8,1,1,1,1,12,6,4,9,7,2,2,5,5,11,1,13,13,13,13,10,10,10,10,13,10,10,10,13,13,13,13,13,10,10,10,10,13,8,13,13,1,1,13,13,13,13,13,10,13,1,1,13,13,13,13,13,13,13,1,12,12,12,6,13,13,13,13,4,9,7,13,13,13,1,13,13,13,13,13,13,13,13,13,13,2,2,13,13,13,13,5,5,5,5,5,5,5,5,11,11,11,11,11,11,11,11","0.000764131546020508","walktrap","edit-xhwikibooks.graphml"
"0.53","0.09","0.38","0.393045174549826","3,13,3,3,3,1,3,1,1,1,3,2,1,1,1,1,4,3,5,2,13,10,8,1,1,1,1,12,6,4,9,7,2,2,5,5,11,1,13,13,13,13,10,10,10,10,13,10,10,10,13,13,13,13,13,10,10,10,10,13,8,13,13,1,1,13,13,13,13,13,10,13,1,1,13,13,13,13,13,13,13,1,12,12,12,6,13,13,13,13,4,9,7,13,13,13,1,13,13,13,13,13,13,13,13,13,13,2,2,13,13,13,13,5,5,5,5,5,5,5,5,11,11,11,11,11,11,11,11","0.000715970993041992","walktrap","edit-xhwikibooks.graphml"
"0.52","0.1","0.38","0.393045174549826","3,13,3,3,3,1,3,1,1,1,3,2,1,1,1,1,4,3,5,2,13,10,8,1,1,1,1,12,6,4,9,7,2,2,5,5,11,1,13,13,13,13,10,10,10,10,13,10,10,10,13,13,13,13,13,10,10,10,10,13,8,13,13,1,1,13,13,13,13,13,10,13,1,1,13,13,13,13,13,13,13,1,12,12,12,6,13,13,13,13,4,9,7,13,13,13,1,13,13,13,13,13,13,13,13,13,13,2,2,13,13,13,13,5,5,5,5,5,5,5,5,11,11,11,11,11,11,11,11","0.00071406364440918","walktrap","edit-xhwikibooks.graphml"
"0.51","0.11","0.38","0.392777982807701","3,13,3,3,3,1,3,1,1,1,3,2,1,1,1,1,4,3,5,2,13,10,8,1,1,1,1,12,6,4,9,7,2,2,5,5,11,1,13,13,13,13,10,10,10,10,13,10,10,10,13,13,13,13,13,10,10,10,10,13,8,13,13,1,1,13,13,13,13,13,10,13,1,1,13,13,13,13,13,13,13,1,12,12,12,6,13,13,13,13,4,9,7,13,13,13,1,13,13,13,13,13,13,13,13,13,13,2,2,13,13,13,13,5,5,5,5,5,5,5,5,11,11,11,11,11,11,11,11","0.000729084014892578","walktrap","edit-xhwikibooks.graphml"
"0.5","0.12","0.38","0.394602731220618","3,13,3,3,3,1,3,1,1,1,3,2,1,1,1,1,4,3,6,2,13,10,8,1,1,1,1,11,5,4,9,7,2,2,6,6,12,1,13,13,13,13,10,10,10,10,13,10,10,10,13,13,13,13,13,10,10,10,10,13,8,13,13,1,1,13,13,13,13,13,10,13,1,1,13,13,13,13,13,13,13,1,11,11,11,5,13,13,13,13,4,9,7,13,13,13,1,13,13,13,13,13,13,13,13,13,13,2,2,13,13,13,13,6,6,6,6,6,6,6,6,12,12,12,12,12,12,12,12","0.000772953033447266","walktrap","edit-xhwikibooks.graphml"
"0.49","0.13","0.38","0.394068477851559","3,13,3,3,3,1,3,1,1,1,3,2,1,1,1,1,4,3,6,2,13,10,8,1,1,1,1,11,5,4,9,7,2,2,6,6,12,1,13,13,13,13,10,10,10,10,13,10,10,10,13,13,13,13,13,10,10,10,10,13,8,13,13,1,1,13,13,13,13,13,10,13,1,1,13,13,13,13,13,13,13,1,11,11,11,5,13,13,13,13,4,9,7,13,13,13,1,13,13,13,13,13,13,13,13,13,13,2,2,13,13,13,13,6,6,6,6,6,6,6,6,12,12,12,12,12,12,12,12","0.000730991363525391","walktrap","edit-xhwikibooks.graphml"
"0.48","0.14","0.38","0.394068477851559","3,13,3,3,3,1,3,1,1,1,3,2,1,1,1,1,4,3,6,2,13,10,8,1,1,1,1,11,5,4,9,7,2,2,6,6,12,1,13,13,13,13,10,10,10,10,13,10,10,10,13,13,13,13,13,10,10,10,10,13,8,13,13,1,1,13,13,13,13,13,10,13,1,1,13,13,13,13,13,13,13,1,11,11,11,5,13,13,13,13,4,9,7,13,13,13,1,13,13,13,13,13,13,13,13,13,13,2,2,13,13,13,13,6,6,6,6,6,6,6,6,12,12,12,12,12,12,12,12","0.000756025314331055","walktrap","edit-xhwikibooks.graphml"
"0.47","0.15","0.38","0.381196927162809","2,14,2,2,1,2,1,4,4,2,1,1,4,4,4,2,5,3,8,1,14,12,9,4,4,4,4,10,6,5,3,7,11,1,8,8,13,4,14,14,14,14,12,12,12,12,14,12,12,12,14,14,14,14,14,12,12,12,12,14,9,14,14,4,4,14,14,14,14,14,12,14,4,4,14,14,14,14,14,14,14,4,10,10,10,6,14,14,14,14,5,3,7,14,14,14,2,14,14,14,14,14,14,14,14,14,14,11,11,14,14,14,14,8,8,8,8,8,8,8,8,13,13,13,13,13,13,13,13","0.000733852386474609","walktrap","edit-xhwikibooks.graphml"
"0.46","0.16","0.38","0.382124368335866","2,14,2,2,1,2,1,4,4,2,1,1,4,4,4,2,5,3,8,1,14,12,9,4,4,4,4,10,6,5,3,7,11,1,8,8,13,4,14,14,14,14,12,12,12,12,14,12,12,12,14,14,14,14,14,12,12,12,12,14,9,14,14,4,4,14,14,14,14,14,12,14,4,4,14,14,14,14,14,14,14,4,10,10,10,6,14,14,14,14,5,3,7,14,14,14,2,14,14,14,14,14,14,14,14,14,14,11,11,14,14,14,14,8,8,8,8,8,8,8,8,13,13,13,13,13,13,13,13","0.000716924667358398","walktrap","edit-xhwikibooks.graphml"
"0.45","0.17","0.38","0.382749841557266","2,14,2,2,1,2,1,4,4,2,1,1,4,4,4,2,5,3,10,1,14,12,8,4,4,4,4,9,6,5,3,7,11,1,10,10,13,4,14,14,14,14,12,12,12,12,14,12,12,12,14,14,14,14,14,12,12,12,12,14,8,14,14,4,4,14,14,14,14,14,12,14,4,4,14,14,14,14,14,14,14,4,9,9,9,6,14,14,14,14,5,3,7,14,14,14,2,14,14,14,14,14,14,14,14,14,14,11,11,14,14,14,14,10,10,10,10,10,10,10,10,13,13,13,13,13,13,13,13","0.000730991363525391","walktrap","edit-xhwikibooks.graphml"
"0.44","0.18","0.38","0.382749841557266","2,14,2,2,1,2,1,4,4,2,1,1,4,4,4,2,5,3,10,1,14,12,8,4,4,4,4,9,6,5,3,7,11,1,10,10,13,4,14,14,14,14,12,12,12,12,14,12,12,12,14,14,14,14,14,12,12,12,12,14,8,14,14,4,4,14,14,14,14,14,12,14,4,4,14,14,14,14,14,14,14,4,9,9,9,6,14,14,14,14,5,3,7,14,14,14,2,14,14,14,14,14,14,14,14,14,14,11,11,14,14,14,14,10,10,10,10,10,10,10,10,13,13,13,13,13,13,13,13","0.000715017318725586","walktrap","edit-xhwikibooks.graphml"
"0.43","0.19","0.38","0.381558352195564","2,14,2,2,1,2,1,4,4,2,1,1,4,4,4,2,5,3,10,1,14,12,8,4,4,4,4,9,6,5,3,7,11,1,10,10,13,4,14,14,14,14,12,12,12,12,14,12,12,12,14,14,14,14,14,12,12,12,12,14,8,14,14,4,4,14,14,14,14,14,12,14,4,4,14,14,14,14,14,14,14,4,9,9,9,6,14,14,14,14,5,3,7,14,14,14,2,14,14,14,14,14,14,14,14,14,14,11,11,14,14,14,14,10,10,10,10,10,10,10,10,13,13,13,13,13,13,13,13","0.000725984573364258","walktrap","edit-xhwikibooks.graphml"
"0.42","0.2","0.38","0.383474972371184","2,14,2,2,1,2,1,4,4,2,1,1,4,4,4,2,5,3,10,1,14,12,8,4,4,4,4,9,6,5,3,7,11,1,10,10,13,4,14,14,14,14,12,12,12,12,14,12,12,12,14,14,14,14,14,12,12,12,12,14,8,14,14,4,4,14,14,14,14,14,12,14,4,4,14,14,14,14,14,14,14,4,9,9,9,6,14,14,14,14,5,3,7,14,14,14,2,14,14,14,14,14,14,14,14,14,14,11,11,14,14,14,14,10,10,10,10,10,10,10,10,13,13,13,13,13,13,13,13","0.000724077224731445","walktrap","edit-xhwikibooks.graphml"
"0.41","0.21","0.38","0.385740420606299","1,13,1,1,1,1,1,4,4,1,1,2,4,4,4,1,5,3,10,2,13,11,8,4,4,4,4,9,6,5,3,7,2,2,10,10,12,4,13,13,13,13,11,11,11,11,13,11,11,11,13,13,13,13,13,11,11,11,11,13,8,13,13,4,4,13,13,13,13,13,11,13,4,4,13,13,13,13,13,13,13,4,9,9,9,6,13,13,13,13,5,3,7,13,13,13,1,13,13,13,13,13,13,13,13,13,13,2,2,13,13,13,13,10,10,10,10,10,10,10,10,12,12,12,12,12,12,12,12","0.000817060470581055","walktrap","edit-xhwikibooks.graphml"
"0.4","0.22","0.38","0.385740420606299","1,13,1,1,1,1,1,4,4,1,1,2,4,4,4,1,5,3,10,2,13,11,8,4,4,4,4,9,6,5,3,7,2,2,10,10,12,4,13,13,13,13,11,11,11,11,13,11,11,11,13,13,13,13,13,11,11,11,11,13,8,13,13,4,4,13,13,13,13,13,11,13,4,4,13,13,13,13,13,13,13,4,9,9,9,6,13,13,13,13,5,3,7,13,13,13,1,13,13,13,13,13,13,13,13,13,13,2,2,13,13,13,13,10,10,10,10,10,10,10,10,12,12,12,12,12,12,12,12","0.000716924667358398","walktrap","edit-xhwikibooks.graphml"
"0.39","0.23","0.38","0.387319951557628","1,12,1,1,1,1,1,4,4,1,1,2,4,4,4,1,5,3,10,2,12,11,8,4,4,4,4,9,6,5,3,7,2,2,10,10,13,4,12,12,12,12,11,11,11,11,12,11,11,11,12,12,12,12,12,11,11,11,11,12,8,12,12,4,4,12,12,12,12,12,11,12,4,4,12,12,12,12,12,12,12,4,9,9,9,6,12,12,12,12,5,3,7,12,12,12,1,12,12,12,12,12,12,12,12,12,12,2,2,12,12,12,12,10,10,10,10,10,10,10,10,13,13,13,13,13,13,13,13","0.000748872756958008","walktrap","edit-xhwikibooks.graphml"
"0.38","0.24","0.38","0.389193326561359","1,12,1,1,1,1,1,4,4,1,1,2,4,4,4,1,5,3,10,2,12,11,8,4,4,4,4,9,6,5,3,7,2,2,10,10,13,4,12,12,12,12,11,11,11,11,12,11,11,11,12,12,12,12,12,11,11,11,11,12,8,12,12,4,4,12,12,12,12,12,11,12,4,4,12,12,12,12,12,12,12,4,9,9,9,6,12,12,12,12,5,3,7,12,12,12,1,12,12,12,12,12,12,12,12,12,12,2,2,12,12,12,12,10,10,10,10,10,10,10,10,13,13,13,13,13,13,13,13","0.000726938247680664","walktrap","edit-xhwikibooks.graphml"
"0.37","0.25","0.38","0.391997978663832","1,12,1,1,1,1,1,5,5,1,1,2,5,5,5,1,4,3,10,2,12,11,8,5,5,5,5,9,6,4,3,7,2,2,10,10,13,5,12,12,12,12,11,11,11,11,12,11,11,11,12,12,12,12,12,11,11,11,11,12,8,12,12,5,5,12,12,12,12,12,11,12,5,5,12,12,12,12,12,12,12,5,9,9,9,6,12,12,12,12,4,3,7,12,12,12,1,12,12,12,12,12,12,12,12,12,12,2,2,12,12,12,12,10,10,10,10,10,10,10,10,13,13,13,13,13,13,13,13","0.000900030136108398","walktrap","edit-xhwikibooks.graphml"
"0.36","0.26","0.38","0.391997978663832","1,12,1,1,1,1,1,5,5,1,1,2,5,5,5,1,4,3,10,2,12,11,8,5,5,5,5,9,6,4,3,7,2,2,10,10,13,5,12,12,12,12,11,11,11,11,12,11,11,11,12,12,12,12,12,11,11,11,11,12,8,12,12,5,5,12,12,12,12,12,11,12,5,5,12,12,12,12,12,12,12,5,9,9,9,6,12,12,12,12,4,3,7,12,12,12,1,12,12,12,12,12,12,12,12,12,12,2,2,12,12,12,12,10,10,10,10,10,10,10,10,13,13,13,13,13,13,13,13","0.000730037689208984","walktrap","edit-xhwikibooks.graphml"
"0.35","0.27","0.38","0.391997978663832","1,12,1,1,1,1,1,5,5,1,1,2,5,5,5,1,4,3,10,2,12,11,8,5,5,5,5,9,6,4,3,7,2,2,10,10,13,5,12,12,12,12,11,11,11,11,12,11,11,11,12,12,12,12,12,11,11,11,11,12,8,12,12,5,5,12,12,12,12,12,11,12,5,5,12,12,12,12,12,12,12,5,9,9,9,6,12,12,12,12,4,3,7,12,12,12,1,12,12,12,12,12,12,12,12,12,12,2,2,12,12,12,12,10,10,10,10,10,10,10,10,13,13,13,13,13,13,13,13","0.000739812850952148","walktrap","edit-xhwikibooks.graphml"
"0.34","0.28","0.38","0.391732986429956","1,12,1,1,1,1,1,5,5,1,1,2,5,5,5,1,4,3,10,2,12,11,8,5,5,5,5,9,6,4,3,7,2,2,10,10,13,5,12,12,12,12,11,11,11,11,12,11,11,11,12,12,12,12,12,11,11,11,11,12,8,12,12,5,5,12,12,12,12,12,11,12,5,5,12,12,12,12,12,12,12,5,9,9,9,6,12,12,12,12,4,3,7,12,12,12,1,12,12,12,12,12,12,12,12,12,12,2,2,12,12,12,12,10,10,10,10,10,10,10,10,13,13,13,13,13,13,13,13","0.00075984001159668","walktrap","edit-xhwikibooks.graphml"
"0.33","0.29","0.38","0.391859579593305","1,12,1,1,2,1,2,1,1,1,2,2,1,1,1,3,5,4,10,2,12,11,8,1,1,1,1,3,6,5,4,7,9,2,10,10,13,1,12,12,12,12,11,11,11,11,12,11,11,11,12,12,12,12,12,11,11,11,11,12,8,12,12,1,1,12,12,12,12,12,11,12,1,1,12,12,12,12,12,12,12,1,3,3,3,6,12,12,12,12,5,4,7,12,12,12,3,12,12,12,12,12,12,12,12,12,12,9,9,12,12,12,12,10,10,10,10,10,10,10,10,13,13,13,13,13,13,13,13","0.000735044479370117","walktrap","edit-xhwikibooks.graphml"
"0.32","0.3","0.38","0.391595528800916","1,12,1,1,2,1,2,1,1,1,2,2,1,1,1,3,5,4,10,2,12,11,8,1,1,1,1,3,6,5,4,7,9,2,10,10,13,1,12,12,12,12,11,11,11,11,12,11,11,11,12,12,12,12,12,11,11,11,11,12,8,12,12,1,1,12,12,12,12,12,11,12,1,1,12,12,12,12,12,12,12,1,3,3,3,6,12,12,12,12,5,4,7,12,12,12,3,12,12,12,12,12,12,12,12,12,12,9,9,12,12,12,12,10,10,10,10,10,10,10,10,13,13,13,13,13,13,13,13","0.000746011734008789","walktrap","edit-xhwikibooks.graphml"
"0.31","0.31","0.38","0.392495407509685","1,12,1,1,2,1,2,1,1,1,2,2,1,1,1,3,5,4,10,2,12,11,8,1,1,1,1,3,6,5,4,7,9,2,10,10,13,1,12,12,12,12,11,11,11,11,12,11,11,11,12,12,12,12,12,11,11,11,11,12,8,12,12,1,1,12,12,12,12,12,11,12,1,1,12,12,12,12,12,12,12,1,3,3,3,6,12,12,12,12,5,4,7,12,12,12,3,12,12,12,12,12,12,12,12,12,12,9,9,12,12,12,12,10,10,10,10,10,10,10,10,13,13,13,13,13,13,13,13","0.000739097595214844","walktrap","edit-xhwikibooks.graphml"
"0.3","0.32","0.38","0.392231480827625","1,12,1,1,2,1,2,1,1,1,2,2,1,1,1,3,5,4,10,2,12,11,8,1,1,1,1,3,6,5,4,7,9,2,10,10,13,1,12,12,12,12,11,11,11,11,12,11,11,11,12,12,12,12,12,11,11,11,11,12,8,12,12,1,1,12,12,12,12,12,11,12,1,1,12,12,12,12,12,12,12,1,3,3,3,6,12,12,12,12,5,4,7,12,12,12,3,12,12,12,12,12,12,12,12,12,12,9,9,12,12,12,12,10,10,10,10,10,10,10,10,13,13,13,13,13,13,13,13","0.000726938247680664","walktrap","edit-xhwikibooks.graphml"
"0.29","0.33","0.38","0.386650982697224","1,12,1,1,2,1,2,1,1,1,2,2,1,1,1,3,5,4,10,2,12,11,8,1,1,1,1,3,6,5,4,7,9,2,10,10,13,1,12,12,12,12,11,11,11,11,12,11,11,11,12,12,12,12,12,11,11,11,11,12,8,12,12,1,1,12,12,12,12,12,11,12,1,1,12,12,12,12,12,12,12,1,3,3,3,6,12,12,12,12,5,4,7,12,12,12,3,12,12,12,12,12,12,12,12,12,12,9,9,12,12,12,12,10,10,10,10,10,10,10,10,13,13,13,13,13,13,13,13","0.000822067260742188","walktrap","edit-xhwikibooks.graphml"
"0.28","0.34","0.38","0.399196299946925","1,12,1,1,2,1,2,1,1,1,2,2,1,1,1,3,5,4,9,2,12,11,8,1,1,1,1,3,6,5,4,7,10,2,9,9,13,1,12,12,12,12,11,11,11,11,12,11,11,11,12,12,12,12,12,11,11,11,11,12,8,12,12,1,1,12,12,12,12,12,11,12,1,1,12,12,12,12,12,12,12,1,3,3,3,6,12,12,12,12,5,4,7,12,12,12,3,12,12,12,12,12,12,12,12,12,12,10,10,12,12,12,12,9,9,9,9,9,9,9,9,13,13,13,13,13,13,13,13","0.000729084014892578","walktrap","edit-xhwikibooks.graphml"
"0.27","0.35","0.38","0.399196299946925","1,12,1,1,2,1,2,1,1,1,2,2,1,1,1,3,5,4,9,2,12,11,8,1,1,1,1,3,6,5,4,7,10,2,9,9,13,1,12,12,12,12,11,11,11,11,12,11,11,11,12,12,12,12,12,11,11,11,11,12,8,12,12,1,1,12,12,12,12,12,11,12,1,1,12,12,12,12,12,12,12,1,3,3,3,6,12,12,12,12,5,4,7,12,12,12,3,12,12,12,12,12,12,12,12,12,12,10,10,12,12,12,12,9,9,9,9,9,9,9,9,13,13,13,13,13,13,13,13","0.000725984573364258","walktrap","edit-xhwikibooks.graphml"
"0.26","0.36","0.38","0.398930555555556","1,12,1,1,2,1,2,1,1,1,2,2,1,1,1,3,5,4,9,2,12,11,8,1,1,1,1,3,6,5,4,7,10,2,9,9,13,1,12,12,12,12,11,11,11,11,12,11,11,11,12,12,12,12,12,11,11,11,11,12,8,12,12,1,1,12,12,12,12,12,11,12,1,1,12,12,12,12,12,12,12,1,3,3,3,6,12,12,12,12,5,4,7,12,12,12,3,12,12,12,12,12,12,12,12,12,12,10,10,12,12,12,12,9,9,9,9,9,9,9,9,13,13,13,13,13,13,13,13","0.000757932662963867","walktrap","edit-xhwikibooks.graphml"
"0.25","0.37","0.38","0.398930555555556","1,12,1,1,2,1,2,1,1,1,2,2,1,1,1,3,5,4,9,2,12,11,8,1,1,1,1,3,6,5,4,7,10,2,9,9,13,1,12,12,12,12,11,11,11,11,12,11,11,11,12,12,12,12,12,11,11,11,11,12,8,12,12,1,1,12,12,12,12,12,11,12,1,1,12,12,12,12,12,12,12,1,3,3,3,6,12,12,12,12,5,4,7,12,12,12,3,12,12,12,12,12,12,12,12,12,12,10,10,12,12,12,12,9,9,9,9,9,9,9,9,13,13,13,13,13,13,13,13","0.000780820846557617","walktrap","edit-xhwikibooks.graphml"
"0.24","0.38","0.38","0.39866514235639","1,12,1,1,2,1,2,1,1,1,2,2,1,1,1,3,5,4,9,2,12,11,8,1,1,1,1,3,6,5,4,7,10,2,9,9,13,1,12,12,12,12,11,11,11,11,12,11,11,11,12,12,12,12,12,11,11,11,11,12,8,12,12,1,1,12,12,12,12,12,11,12,1,1,12,12,12,12,12,12,12,1,3,3,3,6,12,12,12,12,5,4,7,12,12,12,3,12,12,12,12,12,12,12,12,12,12,10,10,12,12,12,12,9,9,9,9,9,9,9,9,13,13,13,13,13,13,13,13","0.000762939453125","walktrap","edit-xhwikibooks.graphml"
"0.23","0.39","0.38","0.393297474301182","1,6,1,1,1,1,1,1,1,1,1,2,1,1,1,1,4,3,1,2,6,7,1,1,1,1,1,5,6,4,3,1,2,2,1,1,8,1,6,6,6,6,7,7,7,7,6,7,7,7,6,6,6,6,6,7,7,7,7,6,9,6,6,1,1,6,6,6,6,6,7,6,1,1,6,6,6,6,6,6,6,1,5,5,5,10,6,6,6,6,11,12,13,6,6,6,1,6,6,6,6,6,6,6,6,6,6,2,2,6,6,6,6,1,1,1,1,1,1,1,1,8,8,8,8,8,8,8,8","0.000769853591918945","walktrap","edit-xhwikibooks.graphml"
"0.22","0.4","0.38","0.394511411719942","1,6,1,1,1,1,1,1,1,1,1,2,1,1,1,1,4,3,1,2,6,7,1,1,1,1,1,5,6,4,3,1,2,2,1,1,8,1,6,6,6,6,7,7,7,7,6,7,7,7,6,6,6,6,6,7,7,7,7,6,9,6,6,1,1,6,6,6,6,6,7,6,1,1,6,6,6,6,6,6,6,1,5,5,5,10,6,6,6,6,11,12,13,6,6,6,1,6,6,6,6,6,6,6,6,6,6,2,2,6,6,6,6,1,1,1,1,1,1,1,1,8,8,8,8,8,8,8,8","0.000748157501220703","walktrap","edit-xhwikibooks.graphml"
"0.21","0.41","0.38","0.394511411719942","1,6,1,1,1,1,1,1,1,1,1,2,1,1,1,1,4,3,1,2,6,7,1,1,1,1,1,5,6,4,3,1,2,2,1,1,8,1,6,6,6,6,7,7,7,7,6,7,7,7,6,6,6,6,6,7,7,7,7,6,9,6,6,1,1,6,6,6,6,6,7,6,1,1,6,6,6,6,6,6,6,1,5,5,5,10,6,6,6,6,11,12,13,6,6,6,1,6,6,6,6,6,6,6,6,6,6,2,2,6,6,6,6,1,1,1,1,1,1,1,1,8,8,8,8,8,8,8,8","0.000773906707763672","walktrap","edit-xhwikibooks.graphml"
"0.2","0.42","0.38","0.394260416666667","1,6,1,1,1,1,1,1,1,1,1,2,1,1,1,1,4,3,1,2,6,7,1,1,1,1,1,5,6,4,3,1,2,2,1,1,8,1,6,6,6,6,7,7,7,7,6,7,7,7,6,6,6,6,6,7,7,7,7,6,9,6,6,1,1,6,6,6,6,6,7,6,1,1,6,6,6,6,6,6,6,1,5,5,5,10,6,6,6,6,11,12,13,6,6,6,1,6,6,6,6,6,6,6,6,6,6,2,2,6,6,6,6,1,1,1,1,1,1,1,1,8,8,8,8,8,8,8,8","0.000752925872802734","walktrap","edit-xhwikibooks.graphml"
"0.19","0.43","0.38","0.394988633535334","1,6,1,1,1,1,1,1,1,1,1,2,1,1,1,1,4,3,1,2,6,7,1,1,1,1,1,5,6,4,3,1,2,2,1,1,8,1,6,6,6,6,7,7,7,7,6,7,7,7,6,6,6,6,6,7,7,7,7,6,9,6,6,1,1,6,6,6,6,6,7,6,1,1,6,6,6,6,6,6,6,1,5,5,5,10,6,6,6,6,11,12,13,6,6,6,1,6,6,6,6,6,6,6,6,6,6,2,2,6,6,6,6,1,1,1,1,1,1,1,1,8,8,8,8,8,8,8,8","0.000735998153686523","walktrap","edit-xhwikibooks.graphml"
"0.18","0.44","0.38","0.394737971378817","1,6,1,1,1,1,1,1,1,1,1,2,1,1,1,1,4,3,1,2,6,7,1,1,1,1,1,5,6,4,3,1,2,2,1,1,8,1,6,6,6,6,7,7,7,7,6,7,7,7,6,6,6,6,6,7,7,7,7,6,9,6,6,1,1,6,6,6,6,6,7,6,1,1,6,6,6,6,6,6,6,1,5,5,5,10,6,6,6,6,11,12,13,6,6,6,1,6,6,6,6,6,6,6,6,6,6,2,2,6,6,6,6,1,1,1,1,1,1,1,1,8,8,8,8,8,8,8,8","0.000774860382080078","walktrap","edit-xhwikibooks.graphml"
"0.17","0.45","0.38","0.396408428163045","1,6,1,1,1,1,1,1,1,1,1,2,1,1,1,1,4,3,1,2,6,7,1,1,1,1,1,5,6,4,3,1,2,2,1,1,8,1,6,6,6,6,7,7,7,7,6,7,7,7,6,6,6,6,6,7,7,7,7,6,9,6,6,1,1,6,6,6,6,6,7,6,1,1,6,6,6,6,6,6,6,1,5,5,5,10,6,6,6,6,11,12,13,6,6,6,1,6,6,6,6,6,6,6,6,6,6,2,2,6,6,6,6,1,1,1,1,1,1,1,1,8,8,8,8,8,8,8,8","0.000899076461791992","walktrap","edit-xhwikibooks.graphml"
"0.16","0.46","0.38","0.396157779652554","1,6,1,1,1,1,1,1,1,1,1,2,1,1,1,1,4,3,1,2,6,7,1,1,1,1,1,5,6,4,3,1,2,2,1,1,8,1,6,6,6,6,7,7,7,7,6,7,7,7,6,6,6,6,6,7,7,7,7,6,9,6,6,1,1,6,6,6,6,6,7,6,1,1,6,6,6,6,6,6,6,1,5,5,5,10,6,6,6,6,11,12,13,6,6,6,1,6,6,6,6,6,6,6,6,6,6,2,2,6,6,6,6,1,1,1,1,1,1,1,1,8,8,8,8,8,8,8,8","0.000746011734008789","walktrap","edit-xhwikibooks.graphml"
"0.15","0.47","0.38","0.397048065366919","1,6,1,1,1,1,1,1,1,1,1,2,1,1,1,1,4,3,1,2,6,7,1,1,1,1,1,5,6,4,3,1,2,2,1,1,8,1,6,6,6,6,7,7,7,7,6,7,7,7,6,6,6,6,6,7,7,7,7,6,9,6,6,1,1,6,6,6,6,6,7,6,1,1,6,6,6,6,6,6,6,1,5,5,5,10,6,6,6,6,11,12,13,6,6,6,1,6,6,6,6,6,6,6,6,6,6,2,2,6,6,6,6,1,1,1,1,1,1,1,1,8,8,8,8,8,8,8,8","0.000751018524169922","walktrap","edit-xhwikibooks.graphml"
"0.14","0.48","0.38","0.396797471803873","1,6,1,1,1,1,1,1,1,1,1,2,1,1,1,1,4,3,1,2,6,7,1,1,1,1,1,5,6,4,3,1,2,2,1,1,8,1,6,6,6,6,7,7,7,7,6,7,7,7,6,6,6,6,6,7,7,7,7,6,9,6,6,1,1,6,6,6,6,6,7,6,1,1,6,6,6,6,6,6,6,1,5,5,5,10,6,6,6,6,11,12,13,6,6,6,1,6,6,6,6,6,6,6,6,6,6,2,2,6,6,6,6,1,1,1,1,1,1,1,1,8,8,8,8,8,8,8,8","0.0417790412902832","walktrap","edit-xhwikibooks.graphml"
"0.13","0.49","0.38","0.396797471803873","1,6,1,1,1,1,1,1,1,1,1,2,1,1,1,1,4,3,1,2,6,7,1,1,1,1,1,5,6,4,3,1,2,2,1,1,8,1,6,6,6,6,7,7,7,7,6,7,7,7,6,6,6,6,6,7,7,7,7,6,9,6,6,1,1,6,6,6,6,6,7,6,1,1,6,6,6,6,6,6,6,1,5,5,5,10,6,6,6,6,11,12,13,6,6,6,1,6,6,6,6,6,6,6,6,6,6,2,2,6,6,6,6,1,1,1,1,1,1,1,1,8,8,8,8,8,8,8,8","0.000941991806030273","walktrap","edit-xhwikibooks.graphml"
"0.12","0.5","0.38","0.433580392777307","1,5,1,1,1,1,1,2,2,1,1,3,2,2,2,1,7,6,4,3,5,9,2,2,2,2,2,8,5,7,6,4,3,3,4,4,10,2,5,5,5,5,9,9,9,9,5,9,9,9,5,5,5,5,5,9,9,9,9,5,11,5,5,2,2,5,5,5,5,5,9,5,2,2,5,5,5,5,5,5,5,2,8,8,8,12,5,5,5,5,13,14,15,5,5,5,1,5,5,5,5,5,5,5,5,5,5,3,3,5,5,5,5,4,4,4,4,4,4,4,4,10,10,10,10,10,10,10,10","0.000853061676025391","walktrap","edit-xhwikibooks.graphml"
"0.11","0.51","0.38","0.433580392777307","1,5,1,1,1,1,1,2,2,1,1,3,2,2,2,1,7,6,4,3,5,9,2,2,2,2,2,8,5,7,6,4,3,3,4,4,10,2,5,5,5,5,9,9,9,9,5,9,9,9,5,5,5,5,5,9,9,9,9,5,11,5,5,2,2,5,5,5,5,5,9,5,2,2,5,5,5,5,5,5,5,2,8,8,8,12,5,5,5,5,13,14,15,5,5,5,1,5,5,5,5,5,5,5,5,5,5,3,3,5,5,5,5,4,4,4,4,4,4,4,4,10,10,10,10,10,10,10,10","0.000802040100097656","walktrap","edit-xhwikibooks.graphml"
"0.1","0.52","0.38","0.433580392777307","1,5,1,1,1,1,1,2,2,1,1,3,2,2,2,1,7,6,4,3,5,9,2,2,2,2,2,8,5,7,6,4,3,3,4,4,10,2,5,5,5,5,9,9,9,9,5,9,9,9,5,5,5,5,5,9,9,9,9,5,11,5,5,2,2,5,5,5,5,5,9,5,2,2,5,5,5,5,5,5,5,2,8,8,8,12,5,5,5,5,13,14,15,5,5,5,1,5,5,5,5,5,5,5,5,5,5,3,3,5,5,5,5,4,4,4,4,4,4,4,4,10,10,10,10,10,10,10,10","0.000809192657470703","walktrap","edit-xhwikibooks.graphml"
"0.09","0.53","0.38","0.432716975899696","1,5,1,1,3,1,3,1,1,1,3,3,1,1,1,4,7,6,2,3,5,9,1,1,1,1,1,4,5,7,6,2,8,3,2,2,10,1,5,5,5,5,9,9,9,9,5,9,9,9,5,5,5,5,5,9,9,9,9,5,11,5,5,1,1,5,5,5,5,5,9,5,1,1,5,5,5,5,5,5,5,1,4,4,4,12,5,5,5,5,13,14,15,5,5,5,4,5,5,5,5,5,5,5,5,5,5,8,8,5,5,5,5,2,2,2,2,2,2,2,2,10,10,10,10,10,10,10,10","0.000838994979858398","walktrap","edit-xhwikibooks.graphml"
"0.08","0.54","0.38","0.434267892731825","1,5,1,1,3,1,3,1,1,1,3,3,1,1,1,4,7,6,2,3,5,9,1,1,1,1,1,4,5,7,6,2,8,3,2,2,10,1,5,5,5,5,9,9,9,9,5,9,9,9,5,5,5,5,5,9,9,9,9,5,11,5,5,1,1,5,5,5,5,5,9,5,1,1,5,5,5,5,5,5,5,1,4,4,4,12,5,5,5,5,13,14,15,5,5,5,4,5,5,5,5,5,5,5,5,5,5,8,8,5,5,5,5,2,2,2,2,2,2,2,2,10,10,10,10,10,10,10,10","0.000750064849853516","walktrap","edit-xhwikibooks.graphml"
"0.07","0.55","0.38","0.433998445802777","1,5,1,1,3,1,3,1,1,1,3,3,1,1,1,4,7,6,2,3,5,9,1,1,1,1,1,4,5,7,6,2,8,3,2,2,10,1,5,5,5,5,9,9,9,9,5,9,9,9,5,5,5,5,5,9,9,9,9,5,11,5,5,1,1,5,5,5,5,5,9,5,1,1,5,5,5,5,5,5,5,1,4,4,4,12,5,5,5,5,13,14,15,5,5,5,4,5,5,5,5,5,5,5,5,5,5,8,8,5,5,5,5,2,2,2,2,2,2,2,2,10,10,10,10,10,10,10,10","0.000843048095703125","walktrap","edit-xhwikibooks.graphml"
"0.06","0.56","0.38","0.435570725485821","1,5,1,1,3,1,3,1,1,1,3,3,1,1,1,4,7,6,2,3,5,9,1,1,1,1,1,4,5,7,6,2,8,3,2,2,10,1,5,5,5,5,9,9,9,9,5,9,9,9,5,5,5,5,5,9,9,9,9,5,11,5,5,1,1,5,5,5,5,5,9,5,1,1,5,5,5,5,5,5,5,1,4,4,4,12,5,5,5,5,13,14,15,5,5,5,4,5,5,5,5,5,5,5,5,5,5,8,8,5,5,5,5,2,2,2,2,2,2,2,2,10,10,10,10,10,10,10,10","0.000733137130737305","walktrap","edit-xhwikibooks.graphml"
"0.05","0.57","0.38","0.421083761134353","1,5,1,1,3,1,3,1,1,1,3,3,1,1,1,4,7,6,2,3,5,9,1,1,1,1,1,4,5,7,6,2,8,3,2,2,10,1,5,5,5,5,9,9,9,9,5,9,9,9,5,5,5,5,5,9,9,9,9,5,11,5,5,1,1,5,5,5,5,5,9,5,1,1,5,5,5,5,5,5,5,1,4,4,4,12,5,5,5,5,13,14,15,5,5,5,4,5,5,5,5,5,5,5,5,5,5,8,8,5,5,5,5,2,2,2,2,2,2,2,2,10,10,10,10,10,10,10,10","0.000739812850952148","walktrap","edit-xhwikibooks.graphml"
"0.04","0.58","0.38","0.422634300208117","1,5,1,1,3,1,3,1,1,1,3,3,1,1,1,4,7,6,2,3,5,9,1,1,1,1,1,4,5,7,6,2,8,3,2,2,10,1,5,5,5,5,9,9,9,9,5,9,9,9,5,5,5,5,5,9,9,9,9,5,11,5,5,1,1,5,5,5,5,5,9,5,1,1,5,5,5,5,5,5,5,1,4,4,4,12,5,5,5,5,13,14,15,5,5,5,4,5,5,5,5,5,5,5,5,5,5,8,8,5,5,5,5,2,2,2,2,2,2,2,2,10,10,10,10,10,10,10,10","0.000777006149291992","walktrap","edit-xhwikibooks.graphml"
"0.03","0.59","0.38","0.422366420986948","1,5,1,1,3,1,3,1,1,1,3,3,1,1,1,4,7,6,2,3,5,9,1,1,1,1,1,4,5,7,6,2,8,3,2,2,10,1,5,5,5,5,9,9,9,9,5,9,9,9,5,5,5,5,5,9,9,9,9,5,11,5,5,1,1,5,5,5,5,5,9,5,1,1,5,5,5,5,5,5,5,1,4,4,4,12,5,5,5,5,13,14,15,5,5,5,4,5,5,5,5,5,5,5,5,5,5,8,8,5,5,5,5,2,2,2,2,2,2,2,2,10,10,10,10,10,10,10,10","0.000720977783203125","walktrap","edit-xhwikibooks.graphml"
"0.02","0.6","0.38","0.423918270553232","1,5,1,1,3,1,3,1,1,1,3,3,1,1,1,4,7,6,2,3,5,9,1,1,1,1,1,4,5,7,6,2,8,3,2,2,10,1,5,5,5,5,9,9,9,9,5,9,9,9,5,5,5,5,5,9,9,9,9,5,11,5,5,1,1,5,5,5,5,5,9,5,1,1,5,5,5,5,5,5,5,1,4,4,4,12,5,5,5,5,13,14,15,5,5,5,4,5,5,5,5,5,5,5,5,5,5,8,8,5,5,5,5,2,2,2,2,2,2,2,2,10,10,10,10,10,10,10,10","0.000774860382080078","walktrap","edit-xhwikibooks.graphml"
"0.01","0.61","0.38","0.423650564510292","1,5,1,1,3,1,3,1,1,1,3,3,1,1,1,4,7,6,2,3,5,9,1,1,1,1,1,4,5,7,6,2,8,3,2,2,10,1,5,5,5,5,9,9,9,9,5,9,9,9,5,5,5,5,5,9,9,9,9,5,11,5,5,1,1,5,5,5,5,5,9,5,1,1,5,5,5,5,5,5,5,1,4,4,4,12,5,5,5,5,13,14,15,5,5,5,4,5,5,5,5,5,5,5,5,5,5,8,8,5,5,5,5,2,2,2,2,2,2,2,2,10,10,10,10,10,10,10,10","0.000749111175537109","walktrap","edit-xhwikibooks.graphml"
"0","0.62","0.38","0.423841661648072","4,9,4,4,4,4,2,3,3,4,2,2,3,3,3,1,6,5,8,2,9,10,12,3,3,3,3,1,4,6,5,13,7,2,8,8,11,3,9,9,9,9,10,10,10,10,9,10,10,10,9,9,9,9,9,10,10,10,10,9,14,9,9,3,3,9,9,9,9,9,10,9,3,3,9,9,9,9,9,9,9,3,1,1,1,15,9,9,9,9,16,17,18,9,9,9,1,9,9,9,9,9,9,9,9,9,9,7,7,9,9,9,9,8,8,8,8,8,8,8,8,11,11,11,11,11,11,11,11","0.000768899917602539","walktrap","edit-xhwikibooks.graphml"
"0.61","0","0.39","0.392454000522269","3,13,3,3,3,1,3,1,1,1,3,2,1,1,1,1,4,3,5,2,13,10,8,1,1,1,1,12,6,4,9,7,2,2,5,5,11,1,13,13,13,13,10,10,10,10,13,10,10,10,13,13,13,13,13,10,10,10,10,13,8,13,13,1,1,13,13,13,13,13,10,13,1,1,13,13,13,13,13,13,13,1,12,12,12,6,13,13,13,13,4,9,7,13,13,13,1,13,13,13,13,13,13,13,13,13,13,2,2,13,13,13,13,5,5,5,5,5,5,5,5,11,11,11,11,11,11,11,11","0.000761032104492188","walktrap","edit-xhwikibooks.graphml"
"0.6","0.01","0.39","0.392454000522269","3,13,3,3,3,1,3,1,1,1,3,2,1,1,1,1,4,3,5,2,13,10,8,1,1,1,1,12,6,4,9,7,2,2,5,5,11,1,13,13,13,13,10,10,10,10,13,10,10,10,13,13,13,13,13,10,10,10,10,13,8,13,13,1,1,13,13,13,13,13,10,13,1,1,13,13,13,13,13,13,13,1,12,12,12,6,13,13,13,13,4,9,7,13,13,13,1,13,13,13,13,13,13,13,13,13,13,2,2,13,13,13,13,5,5,5,5,5,5,5,5,11,11,11,11,11,11,11,11","0.000763177871704102","walktrap","edit-xhwikibooks.graphml"
"0.59","0.02","0.39","0.392454000522269","3,13,3,3,3,1,3,1,1,1,3,2,1,1,1,1,4,3,5,2,13,10,8,1,1,1,1,12,6,4,9,7,2,2,5,5,11,1,13,13,13,13,10,10,10,10,13,10,10,10,13,13,13,13,13,10,10,10,10,13,8,13,13,1,1,13,13,13,13,13,10,13,1,1,13,13,13,13,13,13,13,1,12,12,12,6,13,13,13,13,4,9,7,13,13,13,1,13,13,13,13,13,13,13,13,13,13,2,2,13,13,13,13,5,5,5,5,5,5,5,5,11,11,11,11,11,11,11,11","0.000774860382080078","walktrap","edit-xhwikibooks.graphml"
"0.58","0.03","0.39","0.392198421808878","3,13,3,3,3,1,3,1,1,1,3,2,1,1,1,1,4,3,5,2,13,10,8,1,1,1,1,12,6,4,9,7,2,2,5,5,11,1,13,13,13,13,10,10,10,10,13,10,10,10,13,13,13,13,13,10,10,10,10,13,8,13,13,1,1,13,13,13,13,13,10,13,1,1,13,13,13,13,13,13,13,1,12,12,12,6,13,13,13,13,4,9,7,13,13,13,1,13,13,13,13,13,13,13,13,13,13,2,2,13,13,13,13,5,5,5,5,5,5,5,5,11,11,11,11,11,11,11,11","0.000737190246582031","walktrap","edit-xhwikibooks.graphml"
"0.57","0.04","0.39","0.392198421808878","3,13,3,3,3,1,3,1,1,1,3,2,1,1,1,1,4,3,5,2,13,10,8,1,1,1,1,12,6,4,9,7,2,2,5,5,11,1,13,13,13,13,10,10,10,10,13,10,10,10,13,13,13,13,13,10,10,10,10,13,8,13,13,1,1,13,13,13,13,13,10,13,1,1,13,13,13,13,13,13,13,1,12,12,12,6,13,13,13,13,4,9,7,13,13,13,1,13,13,13,13,13,13,13,13,13,13,2,2,13,13,13,13,5,5,5,5,5,5,5,5,11,11,11,11,11,11,11,11","0.000725030899047852","walktrap","edit-xhwikibooks.graphml"
"0.56","0.05","0.39","0.391943155927814","3,13,3,3,3,1,3,1,1,1,3,2,1,1,1,1,4,3,5,2,13,10,8,1,1,1,1,12,6,4,9,7,2,2,5,5,11,1,13,13,13,13,10,10,10,10,13,10,10,10,13,13,13,13,13,10,10,10,10,13,8,13,13,1,1,13,13,13,13,13,10,13,1,1,13,13,13,13,13,13,13,1,12,12,12,6,13,13,13,13,4,9,7,13,13,13,1,13,13,13,13,13,13,13,13,13,13,2,2,13,13,13,13,5,5,5,5,5,5,5,5,11,11,11,11,11,11,11,11","0.000819921493530273","walktrap","edit-xhwikibooks.graphml"
"0.55","0.06","0.39","0.391943155927814","3,13,3,3,3,1,3,1,1,1,3,2,1,1,1,1,4,3,5,2,13,10,8,1,1,1,1,12,6,4,9,7,2,2,5,5,11,1,13,13,13,13,10,10,10,10,13,10,10,10,13,13,13,13,13,10,10,10,10,13,8,13,13,1,1,13,13,13,13,13,10,13,1,1,13,13,13,13,13,13,13,1,12,12,12,6,13,13,13,13,4,9,7,13,13,13,1,13,13,13,13,13,13,13,13,13,13,2,2,13,13,13,13,5,5,5,5,5,5,5,5,11,11,11,11,11,11,11,11","0.000721931457519531","walktrap","edit-xhwikibooks.graphml"
"0.54","0.07","0.39","0.391688202364868","3,13,3,3,3,1,3,1,1,1,3,2,1,1,1,1,4,3,5,2,13,10,8,1,1,1,1,12,6,4,9,7,2,2,5,5,11,1,13,13,13,13,10,10,10,10,13,10,10,10,13,13,13,13,13,10,10,10,10,13,8,13,13,1,1,13,13,13,13,13,10,13,1,1,13,13,13,13,13,13,13,1,12,12,12,6,13,13,13,13,4,9,7,13,13,13,1,13,13,13,13,13,13,13,13,13,13,2,2,13,13,13,13,5,5,5,5,5,5,5,5,11,11,11,11,11,11,11,11","0.000725030899047852","walktrap","edit-xhwikibooks.graphml"
"0.53","0.08","0.39","0.392558272975077","3,13,3,3,3,1,3,1,1,1,3,2,1,1,1,1,4,3,5,2,13,11,8,1,1,1,1,12,6,4,9,7,2,2,5,5,10,1,13,13,13,13,11,11,11,11,13,11,11,11,13,13,13,13,13,11,11,11,11,13,8,13,13,1,1,13,13,13,13,13,11,13,1,1,13,13,13,13,13,13,13,1,12,12,12,6,13,13,13,13,4,9,7,13,13,13,1,13,13,13,13,13,13,13,13,13,13,2,2,13,13,13,13,5,5,5,5,5,5,5,5,10,10,10,10,10,10,10,10","0.000730991363525391","walktrap","edit-xhwikibooks.graphml"
"0.52","0.09","0.39","0.39230343119472","3,13,3,3,3,1,3,1,1,1,3,2,1,1,1,1,4,3,5,2,13,11,8,1,1,1,1,12,6,4,9,7,2,2,5,5,10,1,13,13,13,13,11,11,11,11,13,11,11,11,13,13,13,13,13,11,11,11,11,13,8,13,13,1,1,13,13,13,13,13,11,13,1,1,13,13,13,13,13,13,13,1,12,12,12,6,13,13,13,13,4,9,7,13,13,13,1,13,13,13,13,13,13,13,13,13,13,2,2,13,13,13,13,5,5,5,5,5,5,5,5,10,10,10,10,10,10,10,10","0.000720977783203125","walktrap","edit-xhwikibooks.graphml"
"0.51","0.1","0.39","0.39230343119472","3,13,3,3,3,1,3,1,1,1,3,2,1,1,1,1,4,3,5,2,13,11,8,1,1,1,1,12,6,4,9,7,2,2,5,5,10,1,13,13,13,13,11,11,11,11,13,11,11,11,13,13,13,13,13,11,11,11,11,13,8,13,13,1,1,13,13,13,13,13,11,13,1,1,13,13,13,13,13,13,13,1,12,12,12,6,13,13,13,13,4,9,7,13,13,13,1,13,13,13,13,13,13,13,13,13,13,2,2,13,13,13,13,5,5,5,5,5,5,5,5,10,10,10,10,10,10,10,10","0.000719070434570312","walktrap","edit-xhwikibooks.graphml"
"0.5","0.11","0.39","0.39204890037984","3,13,3,3,3,1,3,1,1,1,3,2,1,1,1,1,4,3,5,2,13,11,8,1,1,1,1,12,6,4,9,7,2,2,5,5,10,1,13,13,13,13,11,11,11,11,13,11,11,11,13,13,13,13,13,11,11,11,11,13,8,13,13,1,1,13,13,13,13,13,11,13,1,1,13,13,13,13,13,13,13,1,12,12,12,6,13,13,13,13,4,9,7,13,13,13,1,13,13,13,13,13,13,13,13,13,13,2,2,13,13,13,13,5,5,5,5,5,5,5,5,10,10,10,10,10,10,10,10","0.000741004943847656","walktrap","edit-xhwikibooks.graphml"
"0.49","0.12","0.39","0.39378415810597","3,13,3,3,3,1,3,1,1,1,3,2,1,1,1,1,4,3,6,2,13,10,8,1,1,1,1,12,5,4,9,7,2,2,6,6,11,1,13,13,13,13,10,10,10,10,13,10,10,10,13,13,13,13,13,10,10,10,10,13,8,13,13,1,1,13,13,13,13,13,10,13,1,1,13,13,13,13,13,13,13,1,12,12,12,5,13,13,13,13,4,9,7,13,13,13,1,13,13,13,13,13,13,13,13,13,13,2,2,13,13,13,13,6,6,6,6,6,6,6,6,11,11,11,11,11,11,11,11","0.000730991363525391","walktrap","edit-xhwikibooks.graphml"
"0.48","0.13","0.39","0.381652125057836","3,13,3,3,3,1,3,1,1,1,3,2,1,1,1,1,4,3,6,2,13,10,8,1,1,1,1,11,5,4,9,7,2,2,6,6,12,1,13,13,13,13,10,10,10,10,13,10,10,10,13,13,13,13,13,10,10,10,10,13,8,13,13,1,1,13,13,13,13,13,10,13,1,1,13,13,13,13,13,13,13,1,11,11,11,5,13,13,13,13,4,9,7,13,13,13,1,13,13,13,13,13,13,13,13,13,13,2,2,13,13,13,13,6,6,6,6,6,6,6,6,12,12,12,12,12,12,12,12","0.000731945037841797","walktrap","edit-xhwikibooks.graphml"
"0.47","0.14","0.39","0.381652125057836","3,13,3,3,3,1,3,1,1,1,3,2,1,1,1,1,4,3,6,2,13,10,8,1,1,1,1,11,5,4,9,7,2,2,6,6,12,1,13,13,13,13,10,10,10,10,13,10,10,10,13,13,13,13,13,10,10,10,10,13,8,13,13,1,1,13,13,13,13,13,10,13,1,1,13,13,13,13,13,13,13,1,11,11,11,5,13,13,13,13,4,9,7,13,13,13,1,13,13,13,13,13,13,13,13,13,13,2,2,13,13,13,13,6,6,6,6,6,6,6,6,12,12,12,12,12,12,12,12","0.000746011734008789","walktrap","edit-xhwikibooks.graphml"
"0.46","0.15","0.39","0.383130773162208","3,13,3,3,3,1,3,1,1,1,3,2,1,1,1,1,4,3,7,2,13,10,8,1,1,1,1,11,5,4,9,6,2,2,7,7,12,1,13,13,13,13,10,10,10,10,13,10,10,10,13,13,13,13,13,10,10,10,10,13,8,13,13,1,1,13,13,13,13,13,10,13,1,1,13,13,13,13,13,13,13,1,11,11,11,5,13,13,13,13,4,9,6,13,13,13,1,13,13,13,13,13,13,13,13,13,13,2,2,13,13,13,13,7,7,7,7,7,7,7,7,12,12,12,12,12,12,12,12","0.000807046890258789","walktrap","edit-xhwikibooks.graphml"
"0.45","0.16","0.39","0.384015232906651","3,13,3,3,3,1,3,1,1,1,3,2,1,1,1,1,4,3,7,2,13,10,8,1,1,1,1,11,5,4,9,6,2,2,7,7,12,1,13,13,13,13,10,10,10,10,13,10,10,10,13,13,13,13,13,10,10,10,10,13,8,13,13,1,1,13,13,13,13,13,10,13,1,1,13,13,13,13,13,13,13,1,11,11,11,5,13,13,13,13,4,9,6,13,13,13,1,13,13,13,13,13,13,13,13,13,13,2,2,13,13,13,13,7,7,7,7,7,7,7,7,12,12,12,12,12,12,12,12","0.000726938247680664","walktrap","edit-xhwikibooks.graphml"
"0.44","0.17","0.39","0.384612841821933","3,13,3,3,3,1,3,1,1,1,3,2,1,1,1,1,4,3,9,2,13,10,7,1,1,1,1,11,5,4,8,6,2,2,9,9,12,1,13,13,13,13,10,10,10,10,13,10,10,10,13,13,13,13,13,10,10,10,10,13,7,13,13,1,1,13,13,13,13,13,10,13,1,1,13,13,13,13,13,13,13,1,11,11,11,5,13,13,13,13,4,8,6,13,13,13,1,13,13,13,13,13,13,13,13,13,13,2,2,13,13,13,13,9,9,9,9,9,9,9,9,12,12,12,12,12,12,12,12","0.000739812850952148","walktrap","edit-xhwikibooks.graphml"
"0.43","0.18","0.39","0.370536348075785","2,14,2,2,1,2,1,4,4,2,1,1,4,4,4,2,5,3,10,1,14,12,8,4,4,4,4,9,6,5,3,7,11,1,10,10,13,4,14,14,14,14,12,12,12,12,14,12,12,12,14,14,14,14,14,12,12,12,12,14,8,14,14,4,4,14,14,14,14,14,12,14,4,4,14,14,14,14,14,14,14,4,9,9,9,6,14,14,14,14,5,3,7,14,14,14,2,14,14,14,14,14,14,14,14,14,14,11,11,14,14,14,14,10,10,10,10,10,10,10,10,13,13,13,13,13,13,13,13","0.000731945037841797","walktrap","edit-xhwikibooks.graphml"
"0.42","0.19","0.39","0.370289671457865","2,14,2,2,1,2,1,4,4,2,1,1,4,4,4,2,5,3,10,1,14,12,8,4,4,4,4,9,6,5,3,7,11,1,10,10,13,4,14,14,14,14,12,12,12,12,14,12,12,12,14,14,14,14,14,12,12,12,12,14,8,14,14,4,4,14,14,14,14,14,12,14,4,4,14,14,14,14,14,14,14,4,9,9,9,6,14,14,14,14,5,3,7,14,14,14,2,14,14,14,14,14,14,14,14,14,14,11,11,14,14,14,14,10,10,10,10,10,10,10,10,13,13,13,13,13,13,13,13","0.000753879547119141","walktrap","edit-xhwikibooks.graphml"
"0.41","0.2","0.39","0.372172261557684","2,14,2,2,1,2,1,4,4,2,1,1,4,4,4,2,5,3,10,1,14,12,8,4,4,4,4,9,6,5,3,7,11,1,10,10,13,4,14,14,14,14,12,12,12,12,14,12,12,12,14,14,14,14,14,12,12,12,12,14,8,14,14,4,4,14,14,14,14,14,12,14,4,4,14,14,14,14,14,14,14,4,9,9,9,6,14,14,14,14,5,3,7,14,14,14,2,14,14,14,14,14,14,14,14,14,14,11,11,14,14,14,14,10,10,10,10,10,10,10,10,13,13,13,13,13,13,13,13","0.000757217407226562","walktrap","edit-xhwikibooks.graphml"
"0.4","0.21","0.39","0.374380035190289","1,13,1,1,1,1,1,4,4,1,1,2,4,4,4,1,5,3,10,2,13,11,8,4,4,4,4,9,6,5,3,7,2,2,10,10,12,4,13,13,13,13,11,11,11,11,13,11,11,11,13,13,13,13,13,11,11,11,11,13,8,13,13,4,4,13,13,13,13,13,11,13,4,4,13,13,13,13,13,13,13,4,9,9,9,6,13,13,13,13,5,3,7,13,13,13,1,13,13,13,13,13,13,13,13,13,13,2,2,13,13,13,13,10,10,10,10,10,10,10,10,12,12,12,12,12,12,12,12","0.000725030899047852","walktrap","edit-xhwikibooks.graphml"
"0.39","0.22","0.39","0.375332894778724","1,13,1,1,1,1,1,4,4,1,1,2,4,4,4,1,5,3,10,2,13,11,8,4,4,4,4,9,6,5,3,7,2,2,10,10,12,4,13,13,13,13,11,11,11,11,13,11,11,11,13,13,13,13,13,11,11,11,11,13,8,13,13,4,4,13,13,13,13,13,11,13,4,4,13,13,13,13,13,13,13,4,9,9,9,6,13,13,13,13,5,3,7,13,13,13,1,13,13,13,13,13,13,13,13,13,13,2,2,13,13,13,13,10,10,10,10,10,10,10,10,12,12,12,12,12,12,12,12","0.000743865966796875","walktrap","edit-xhwikibooks.graphml"
"0.38","0.23","0.39","0.37689567040461","1,12,1,1,1,1,1,4,4,1,1,2,4,4,4,1,5,3,10,2,12,11,8,4,4,4,4,9,6,5,3,7,2,2,10,10,13,4,12,12,12,12,11,11,11,11,12,11,11,11,12,12,12,12,12,11,11,11,11,12,8,12,12,4,4,12,12,12,12,12,11,12,4,4,12,12,12,12,12,12,12,4,9,9,9,6,12,12,12,12,5,3,7,12,12,12,1,12,12,12,12,12,12,12,12,12,12,2,2,12,12,12,12,10,10,10,10,10,10,10,10,13,13,13,13,13,13,13,13","0.000766992568969727","walktrap","edit-xhwikibooks.graphml"
"0.37","0.24","0.39","0.377790178571428","1,12,1,1,1,1,1,4,4,1,1,2,4,4,4,1,5,3,10,2,12,11,8,4,4,4,4,9,6,5,3,7,2,2,10,10,13,4,12,12,12,12,11,11,11,11,12,11,11,11,12,12,12,12,12,11,11,11,11,12,8,12,12,4,4,12,12,12,12,12,11,12,4,4,12,12,12,12,12,12,12,4,9,9,9,6,12,12,12,12,5,3,7,12,12,12,1,12,12,12,12,12,12,12,12,12,12,2,2,12,12,12,12,10,10,10,10,10,10,10,10,13,13,13,13,13,13,13,13","0.00073695182800293","walktrap","edit-xhwikibooks.graphml"
"0.36","0.25","0.39","0.380788408267633","1,12,1,1,1,1,1,5,5,1,1,2,5,5,5,1,4,3,10,2,12,11,8,5,5,5,5,9,6,4,3,7,2,2,10,10,13,5,12,12,12,12,11,11,11,11,12,11,11,11,12,12,12,12,12,11,11,11,11,12,8,12,12,5,5,12,12,12,12,12,11,12,5,5,12,12,12,12,12,12,12,5,9,9,9,6,12,12,12,12,4,3,7,12,12,12,1,12,12,12,12,12,12,12,12,12,12,2,2,12,12,12,12,10,10,10,10,10,10,10,10,13,13,13,13,13,13,13,13","0.000733137130737305","walktrap","edit-xhwikibooks.graphml"
"0.35","0.26","0.39","0.380788408267633","1,12,1,1,1,1,1,5,5,1,1,2,5,5,5,1,4,3,10,2,12,11,8,5,5,5,5,9,6,4,3,7,2,2,10,10,13,5,12,12,12,12,11,11,11,11,12,11,11,11,12,12,12,12,12,11,11,11,11,12,8,12,12,5,5,12,12,12,12,12,11,12,5,5,12,12,12,12,12,12,12,5,9,9,9,6,12,12,12,12,4,3,7,12,12,12,1,12,12,12,12,12,12,12,12,12,12,2,2,12,12,12,12,10,10,10,10,10,10,10,10,13,13,13,13,13,13,13,13","0.000753879547119141","walktrap","edit-xhwikibooks.graphml"
"0.34","0.27","0.39","0.380788408267633","1,12,1,1,1,1,1,5,5,1,1,2,5,5,5,1,4,3,10,2,12,11,8,5,5,5,5,9,6,4,3,7,2,2,10,10,13,5,12,12,12,12,11,11,11,11,12,11,11,11,12,12,12,12,12,11,11,11,11,12,8,12,12,5,5,12,12,12,12,12,11,12,5,5,12,12,12,12,12,12,12,5,9,9,9,6,12,12,12,12,4,3,7,12,12,12,1,12,12,12,12,12,12,12,12,12,12,2,2,12,12,12,12,10,10,10,10,10,10,10,10,13,13,13,13,13,13,13,13","0.000835895538330078","walktrap","edit-xhwikibooks.graphml"
"0.33","0.28","0.39","0.380538405546653","1,12,1,1,1,1,1,5,5,1,1,2,5,5,5,1,4,3,10,2,12,11,8,5,5,5,5,9,6,4,3,7,2,2,10,10,13,5,12,12,12,12,11,11,11,11,12,11,11,11,12,12,12,12,12,11,11,11,11,12,8,12,12,5,5,12,12,12,12,12,11,12,5,5,12,12,12,12,12,12,12,5,9,9,9,6,12,12,12,12,4,3,7,12,12,12,1,12,12,12,12,12,12,12,12,12,12,2,2,12,12,12,12,10,10,10,10,10,10,10,10,13,13,13,13,13,13,13,13","0.000723123550415039","walktrap","edit-xhwikibooks.graphml"
"0.32","0.29","0.39","0.382275335955382","1,12,1,1,1,1,1,5,5,1,1,2,5,5,5,1,4,3,10,2,12,11,8,5,5,5,5,9,6,4,3,7,2,2,10,10,13,5,12,12,12,12,11,11,11,11,12,11,11,11,12,12,12,12,12,11,11,11,11,12,8,12,12,5,5,12,12,12,12,12,11,12,5,5,12,12,12,12,12,12,12,5,9,9,9,6,12,12,12,12,4,3,7,12,12,12,1,12,12,12,12,12,12,12,12,12,12,2,2,12,12,12,12,10,10,10,10,10,10,10,10,13,13,13,13,13,13,13,13","0.000739097595214844","walktrap","edit-xhwikibooks.graphml"
"0.31","0.3","0.39","0.378933072520429","1,2,1,1,1,1,1,1,1,1,1,3,1,1,1,1,5,4,1,3,2,9,7,1,1,1,1,8,2,5,4,6,3,3,1,1,10,1,2,2,2,2,9,9,9,9,2,9,9,9,2,2,2,2,2,9,9,9,9,2,7,2,2,1,1,2,2,2,2,2,9,2,1,1,2,2,2,2,2,2,2,1,8,8,8,2,2,2,2,2,5,4,6,2,2,2,1,2,2,2,2,2,2,2,2,2,2,3,3,2,2,2,2,1,1,1,1,1,1,1,1,10,10,10,10,10,10,10,10","0.000730991363525391","walktrap","edit-xhwikibooks.graphml"
"0.3","0.31","0.39","0.379830970978835","1,2,1,1,1,1,1,1,1,1,1,3,1,1,1,1,5,4,1,3,2,9,7,1,1,1,1,8,2,5,4,6,3,3,1,1,10,1,2,2,2,2,9,9,9,9,2,9,9,9,2,2,2,2,2,9,9,9,9,2,7,2,2,1,1,2,2,2,2,2,9,2,1,1,2,2,2,2,2,2,2,1,8,8,8,2,2,2,2,2,5,4,6,2,2,2,1,2,2,2,2,2,2,2,2,2,2,3,3,2,2,2,2,1,1,1,1,1,1,1,1,10,10,10,10,10,10,10,10","0.000764131546020508","walktrap","edit-xhwikibooks.graphml"
"0.29","0.32","0.39","0.379593197190427","1,2,1,1,1,1,1,1,1,1,1,3,1,1,1,1,5,4,1,3,2,9,7,1,1,1,1,8,2,5,4,6,3,3,1,1,10,1,2,2,2,2,9,9,9,9,2,9,9,9,2,2,2,2,2,9,9,9,9,2,7,2,2,1,1,2,2,2,2,2,9,2,1,1,2,2,2,2,2,2,2,1,8,8,8,2,2,2,2,2,5,4,6,2,2,2,1,2,2,2,2,2,2,2,2,2,2,3,3,2,2,2,2,1,1,1,1,1,1,1,1,10,10,10,10,10,10,10,10","0.000728845596313477","walktrap","edit-xhwikibooks.graphml"
"0.28","0.33","0.39","0.379355696226368","1,2,1,1,1,1,1,1,1,1,1,3,1,1,1,1,5,4,1,3,2,9,7,1,1,1,1,8,2,5,4,6,3,3,1,1,10,1,2,2,2,2,9,9,9,9,2,9,9,9,2,2,2,2,2,9,9,9,9,2,7,2,2,1,1,2,2,2,2,2,9,2,1,1,2,2,2,2,2,2,2,1,8,8,8,2,2,2,2,2,5,4,6,2,2,2,1,2,2,2,2,2,2,2,2,2,2,3,3,2,2,2,2,1,1,1,1,1,1,1,1,10,10,10,10,10,10,10,10","0.000764131546020508","walktrap","edit-xhwikibooks.graphml"
"0.27","0.34","0.39","0.404137012499146","2,13,2,2,1,2,1,4,4,2,1,1,4,4,4,2,5,3,10,1,13,12,8,4,4,4,4,9,6,5,3,7,11,1,10,10,14,4,13,13,13,13,12,12,12,12,13,12,12,12,13,13,13,13,13,12,12,12,12,13,8,13,13,4,4,13,13,13,13,13,12,13,4,4,13,13,13,13,13,13,13,4,9,9,9,6,13,13,13,13,5,3,7,13,13,13,2,13,13,13,13,13,13,13,13,13,13,11,11,13,13,13,13,10,10,10,10,10,10,10,10,14,14,14,14,14,14,14,14","0.000769138336181641","walktrap","edit-xhwikibooks.graphml"
"0.26","0.35","0.39","0.404019908720808","1,12,1,1,2,1,2,1,1,1,2,2,1,1,1,3,5,4,9,2,12,11,8,1,1,1,1,3,6,5,4,7,10,2,9,9,13,1,12,12,12,12,11,11,11,11,12,11,11,11,12,12,12,12,12,11,11,11,11,12,8,12,12,1,1,12,12,12,12,12,11,12,1,1,12,12,12,12,12,12,12,1,3,3,3,6,12,12,12,12,5,4,7,12,12,12,3,12,12,12,12,12,12,12,12,12,12,10,10,12,12,12,12,9,9,9,9,9,9,9,9,13,13,13,13,13,13,13,13","0.000777006149291992","walktrap","edit-xhwikibooks.graphml"
"0.25","0.36","0.39","0.403754221306083","1,12,1,1,2,1,2,1,1,1,2,2,1,1,1,3,5,4,9,2,12,11,8,1,1,1,1,3,6,5,4,7,10,2,9,9,13,1,12,12,12,12,11,11,11,11,12,11,11,11,12,12,12,12,12,11,11,11,11,12,8,12,12,1,1,12,12,12,12,12,11,12,1,1,12,12,12,12,12,12,12,1,3,3,3,6,12,12,12,12,5,4,7,12,12,12,3,12,12,12,12,12,12,12,12,12,12,10,10,12,12,12,12,9,9,9,9,9,9,9,9,13,13,13,13,13,13,13,13","0.000771999359130859","walktrap","edit-xhwikibooks.graphml"
"0.24","0.37","0.39","0.403754221306083","1,12,1,1,2,1,2,1,1,1,2,2,1,1,1,3,5,4,9,2,12,11,8,1,1,1,1,3,6,5,4,7,10,2,9,9,13,1,12,12,12,12,11,11,11,11,12,11,11,11,12,12,12,12,12,11,11,11,11,12,8,12,12,1,1,12,12,12,12,12,11,12,1,1,12,12,12,12,12,12,12,1,3,3,3,6,12,12,12,12,5,4,7,12,12,12,3,12,12,12,12,12,12,12,12,12,12,10,10,12,12,12,12,9,9,9,9,9,9,9,9,13,13,13,13,13,13,13,13","0.000751972198486328","walktrap","edit-xhwikibooks.graphml"
"0.23","0.38","0.39","0.403488859744363","1,12,1,1,2,1,2,1,1,1,2,2,1,1,1,3,5,4,9,2,12,11,8,1,1,1,1,3,6,5,4,7,10,2,9,9,13,1,12,12,12,12,11,11,11,11,12,11,11,11,12,12,12,12,12,11,11,11,11,12,8,12,12,1,1,12,12,12,12,12,11,12,1,1,12,12,12,12,12,12,12,1,3,3,3,6,12,12,12,12,5,4,7,12,12,12,3,12,12,12,12,12,12,12,12,12,12,10,10,12,12,12,12,9,9,9,9,9,9,9,9,13,13,13,13,13,13,13,13","0.000777006149291992","walktrap","edit-xhwikibooks.graphml"
"0.22","0.39","0.39","0.404354210777952","1,11,1,1,2,1,2,1,1,1,2,2,1,1,1,3,5,4,9,2,11,12,8,1,1,1,1,3,6,5,4,7,10,2,9,9,13,1,11,11,11,11,12,12,12,12,11,12,12,12,11,11,11,11,11,12,12,12,12,11,8,11,11,1,1,11,11,11,11,11,12,11,1,1,11,11,11,11,11,11,11,1,3,3,3,6,11,11,11,11,5,4,7,11,11,11,3,11,11,11,11,11,11,11,11,11,11,10,10,11,11,11,11,9,9,9,9,9,9,9,9,13,13,13,13,13,13,13,13","0.00080108642578125","walktrap","edit-xhwikibooks.graphml"
"0.21","0.4","0.39","0.398331624709443","1,6,1,1,1,1,1,1,1,1,1,2,1,1,1,1,4,3,1,2,6,7,1,1,1,1,1,5,6,4,3,1,2,2,1,1,8,1,6,6,6,6,7,7,7,7,6,7,7,7,6,6,6,6,6,7,7,7,7,6,9,6,6,1,1,6,6,6,6,6,7,6,1,1,6,6,6,6,6,6,6,1,5,5,5,10,6,6,6,6,11,12,13,6,6,6,1,6,6,6,6,6,6,6,6,6,6,2,2,6,6,6,6,1,1,1,1,1,1,1,1,8,8,8,8,8,8,8,8","0.000725030899047852","walktrap","edit-xhwikibooks.graphml"
"0.2","0.41","0.39","0.398331624709443","1,6,1,1,1,1,1,1,1,1,1,2,1,1,1,1,4,3,1,2,6,7,1,1,1,1,1,5,6,4,3,1,2,2,1,1,8,1,6,6,6,6,7,7,7,7,6,7,7,7,6,6,6,6,6,7,7,7,7,6,9,6,6,1,1,6,6,6,6,6,7,6,1,1,6,6,6,6,6,6,6,1,5,5,5,10,6,6,6,6,11,12,13,6,6,6,1,6,6,6,6,6,6,6,6,6,6,2,2,6,6,6,6,1,1,1,1,1,1,1,1,8,8,8,8,8,8,8,8","0.000718832015991211","walktrap","edit-xhwikibooks.graphml"
"0.19","0.42","0.39","0.39808207125905","1,6,1,1,1,1,1,1,1,1,1,2,1,1,1,1,4,3,1,2,6,7,1,1,1,1,1,5,6,4,3,1,2,2,1,1,8,1,6,6,6,6,7,7,7,7,6,7,7,7,6,6,6,6,6,7,7,7,7,6,9,6,6,1,1,6,6,6,6,6,7,6,1,1,6,6,6,6,6,6,6,1,5,5,5,10,6,6,6,6,11,12,13,6,6,6,1,6,6,6,6,6,6,6,6,6,6,2,2,6,6,6,6,1,1,1,1,1,1,1,1,8,8,8,8,8,8,8,8","0.000725984573364258","walktrap","edit-xhwikibooks.graphml"
"0.18","0.43","0.39","0.399497177333294","1,6,1,1,1,1,1,1,1,1,1,2,1,1,1,1,4,3,1,2,6,7,1,1,1,1,1,5,6,4,3,1,2,2,1,1,8,1,6,6,6,6,7,7,7,7,6,7,7,7,6,6,6,6,6,7,7,7,7,6,9,6,6,1,1,6,6,6,6,6,7,6,1,1,6,6,6,6,6,6,6,1,5,5,5,10,6,6,6,6,11,12,13,6,6,6,1,6,6,6,6,6,6,6,6,6,6,2,2,6,6,6,6,1,1,1,1,1,1,1,1,8,8,8,8,8,8,8,8","0.000718832015991211","walktrap","edit-xhwikibooks.graphml"
"0.17","0.44","0.39","0.399248031238768","1,6,1,1,1,1,1,1,1,1,1,2,1,1,1,1,4,3,1,2,6,7,1,1,1,1,1,5,6,4,3,1,2,2,1,1,8,1,6,6,6,6,7,7,7,7,6,7,7,7,6,6,6,6,6,7,7,7,7,6,9,6,6,1,1,6,6,6,6,6,7,6,1,1,6,6,6,6,6,6,6,1,5,5,5,10,6,6,6,6,11,12,13,6,6,6,1,6,6,6,6,6,6,6,6,6,6,2,2,6,6,6,6,1,1,1,1,1,1,1,1,8,8,8,8,8,8,8,8","0.000800848007202148","walktrap","edit-xhwikibooks.graphml"
"0.16","0.45","0.39","0.400880447497483","1,6,1,1,1,1,1,1,1,1,1,2,1,1,1,1,4,3,1,2,6,7,1,1,1,1,1,5,6,4,3,1,2,2,1,1,8,1,6,6,6,6,7,7,7,7,6,7,7,7,6,6,6,6,6,7,7,7,7,6,9,6,6,1,1,6,6,6,6,6,7,6,1,1,6,6,6,6,6,6,6,1,5,5,5,10,6,6,6,6,11,12,13,6,6,6,1,6,6,6,6,6,6,6,6,6,6,2,2,6,6,6,6,1,1,1,1,1,1,1,1,8,8,8,8,8,8,8,8","0.000700950622558594","walktrap","edit-xhwikibooks.graphml"
"0.15","0.46","0.39","0.400631340073498","1,6,1,1,1,1,1,1,1,1,1,2,1,1,1,1,4,3,1,2,6,7,1,1,1,1,1,5,6,4,3,1,2,2,1,1,8,1,6,6,6,6,7,7,7,7,6,7,7,7,6,6,6,6,6,7,7,7,7,6,9,6,6,1,1,6,6,6,6,6,7,6,1,1,6,6,6,6,6,6,6,1,5,5,5,10,6,6,6,6,11,12,13,6,6,6,1,6,6,6,6,6,6,6,6,6,6,2,2,6,6,6,6,1,1,1,1,1,1,1,1,8,8,8,8,8,8,8,8","0.000717878341674805","walktrap","edit-xhwikibooks.graphml"
"0.14","0.47","0.39","0.397265887700531","1,6,1,1,1,1,1,1,1,1,1,2,1,1,1,1,4,3,1,2,6,7,1,1,1,1,1,5,6,4,3,1,2,2,1,1,8,1,6,6,6,6,7,7,7,7,6,7,7,7,6,6,6,6,6,7,7,7,7,6,9,6,6,1,1,6,6,6,6,6,7,6,1,1,6,6,6,6,6,6,6,1,5,5,5,10,6,6,6,6,11,12,13,6,6,6,1,6,6,6,6,6,6,6,6,6,6,2,2,6,6,6,6,1,1,1,1,1,1,1,1,8,8,8,8,8,8,8,8","0.000710964202880859","walktrap","edit-xhwikibooks.graphml"
"0.13","0.48","0.39","0.39701591421351","1,6,1,1,1,1,1,1,1,1,1,2,1,1,1,1,4,3,1,2,6,7,1,1,1,1,1,5,6,4,3,1,2,2,1,1,8,1,6,6,6,6,7,7,7,7,6,7,7,7,6,6,6,6,6,7,7,7,7,6,9,6,6,1,1,6,6,6,6,6,7,6,1,1,6,6,6,6,6,6,6,1,5,5,5,10,6,6,6,6,11,12,13,6,6,6,1,6,6,6,6,6,6,6,6,6,6,2,2,6,6,6,6,1,1,1,1,1,1,1,1,8,8,8,8,8,8,8,8","0.000734090805053711","walktrap","edit-xhwikibooks.graphml"
"0.12","0.49","0.39","0.39701591421351","1,6,1,1,1,1,1,1,1,1,1,2,1,1,1,1,4,3,1,2,6,7,1,1,1,1,1,5,6,4,3,1,2,2,1,1,8,1,6,6,6,6,7,7,7,7,6,7,7,7,6,6,6,6,6,7,7,7,7,6,9,6,6,1,1,6,6,6,6,6,7,6,1,1,6,6,6,6,6,6,6,1,5,5,5,10,6,6,6,6,11,12,13,6,6,6,1,6,6,6,6,6,6,6,6,6,6,2,2,6,6,6,6,1,1,1,1,1,1,1,1,8,8,8,8,8,8,8,8","0.000710010528564453","walktrap","edit-xhwikibooks.graphml"
"0.11","0.5","0.39","0.433819145727846","1,5,1,1,1,1,1,2,2,1,1,3,2,2,2,1,7,6,4,3,5,9,2,2,2,2,2,8,5,7,6,4,3,3,4,4,10,2,5,5,5,5,9,9,9,9,5,9,9,9,5,5,5,5,5,9,9,9,9,5,11,5,5,2,2,5,5,5,5,5,9,5,2,2,5,5,5,5,5,5,5,2,8,8,8,12,5,5,5,5,13,14,15,5,5,5,1,5,5,5,5,5,5,5,5,5,5,3,3,5,5,5,5,4,4,4,4,4,4,4,4,10,10,10,10,10,10,10,10","0.00073695182800293","walktrap","edit-xhwikibooks.graphml"
"0.1","0.51","0.39","0.433819145727846","1,5,1,1,1,1,1,2,2,1,1,3,2,2,2,1,7,6,4,3,5,9,2,2,2,2,2,8,5,7,6,4,3,3,4,4,10,2,5,5,5,5,9,9,9,9,5,9,9,9,5,5,5,5,5,9,9,9,9,5,11,5,5,2,2,5,5,5,5,5,9,5,2,2,5,5,5,5,5,5,5,2,8,8,8,12,5,5,5,5,13,14,15,5,5,5,1,5,5,5,5,5,5,5,5,5,5,3,3,5,5,5,5,4,4,4,4,4,4,4,4,10,10,10,10,10,10,10,10","0.000725984573364258","walktrap","edit-xhwikibooks.graphml"
"0.09","0.52","0.39","0.433040426933653","1,5,1,1,1,1,1,2,2,1,1,3,2,2,2,1,7,6,4,3,5,9,2,2,2,2,2,8,5,7,6,4,3,3,4,4,10,2,5,5,5,5,9,9,9,9,5,9,9,9,5,5,5,5,5,9,9,9,9,5,11,5,5,2,2,5,5,5,5,5,9,5,2,2,5,5,5,5,5,5,5,2,8,8,8,12,5,5,5,5,13,14,15,5,5,5,1,5,5,5,5,5,5,5,5,5,5,3,3,5,5,5,5,4,4,4,4,4,4,4,4,10,10,10,10,10,10,10,10","0.00076603889465332","walktrap","edit-xhwikibooks.graphml"
"0.08","0.53","0.39","0.43250169885188","1,5,1,1,1,1,1,2,2,1,1,3,2,2,2,1,7,6,4,3,5,9,2,2,2,2,2,8,5,7,6,4,3,3,4,4,10,2,5,5,5,5,9,9,9,9,5,9,9,9,5,5,5,5,5,9,9,9,9,5,11,5,5,2,2,5,5,5,5,5,9,5,2,2,5,5,5,5,5,5,5,2,8,8,8,12,5,5,5,5,13,14,15,5,5,5,1,5,5,5,5,5,5,5,5,5,5,3,3,5,5,5,5,4,4,4,4,4,4,4,4,10,10,10,10,10,10,10,10","0.000728845596313477","walktrap","edit-xhwikibooks.graphml"
"0.07","0.54","0.39","0.434124623080014","1,5,1,1,1,1,1,2,2,1,1,3,2,2,2,1,7,6,4,3,5,9,2,2,2,2,2,8,5,7,6,4,3,3,4,4,10,2,5,5,5,5,9,9,9,9,5,9,9,9,5,5,5,5,5,9,9,9,9,5,11,5,5,2,2,5,5,5,5,5,9,5,2,2,5,5,5,5,5,5,5,2,8,8,8,12,5,5,5,5,13,14,15,5,5,5,1,5,5,5,5,5,5,5,5,5,5,3,3,5,5,5,5,4,4,4,4,4,4,4,4,10,10,10,10,10,10,10,10","0.000720977783203125","walktrap","edit-xhwikibooks.graphml"
"0.06","0.55","0.39","0.433855430731931","1,5,1,1,1,1,1,2,2,1,1,3,2,2,2,1,7,6,4,3,5,9,2,2,2,2,2,8,5,7,6,4,3,3,4,4,10,2,5,5,5,5,9,9,9,9,5,9,9,9,5,5,5,5,5,9,9,9,9,5,11,5,5,2,2,5,5,5,5,5,9,5,2,2,5,5,5,5,5,5,5,2,8,8,8,12,5,5,5,5,13,14,15,5,5,5,1,5,5,5,5,5,5,5,5,5,5,3,3,5,5,5,5,4,4,4,4,4,4,4,4,10,10,10,10,10,10,10,10","0.000724077224731445","walktrap","edit-xhwikibooks.graphml"
"0.05","0.56","0.39","0.435415921178325","1,5,1,1,1,1,1,2,2,1,1,3,2,2,2,1,7,6,4,3,5,9,2,2,2,2,2,8,5,7,6,4,3,3,4,4,10,2,5,5,5,5,9,9,9,9,5,9,9,9,5,5,5,5,5,9,9,9,9,5,11,5,5,2,2,5,5,5,5,5,9,5,2,2,5,5,5,5,5,5,5,2,8,8,8,12,5,5,5,5,13,14,15,5,5,5,1,5,5,5,5,5,5,5,5,5,5,3,3,5,5,5,5,4,4,4,4,4,4,4,4,10,10,10,10,10,10,10,10","0.000756025314331055","walktrap","edit-xhwikibooks.graphml"
"0.04","0.57","0.39","0.434763586214206","1,5,1,1,3,1,3,1,1,1,3,3,1,1,1,4,7,6,2,3,5,9,1,1,1,1,1,4,5,7,6,2,8,3,2,2,10,1,5,5,5,5,9,9,9,9,5,9,9,9,5,5,5,5,5,9,9,9,9,5,11,5,5,1,1,5,5,5,5,5,9,5,1,1,5,5,5,5,5,5,5,1,4,4,4,12,5,5,5,5,13,14,15,5,5,5,4,5,5,5,5,5,5,5,5,5,5,8,8,5,5,5,5,2,2,2,2,2,2,2,2,10,10,10,10,10,10,10,10","0.000823974609375","walktrap","edit-xhwikibooks.graphml"
"0.03","0.58","0.39","0.436240072296385","1,5,1,1,3,1,3,1,1,1,3,3,1,1,1,4,7,6,2,3,5,9,1,1,1,1,1,4,5,7,6,2,8,3,2,2,10,1,5,5,5,5,9,9,9,9,5,9,9,9,5,5,5,5,5,9,9,9,9,5,11,5,5,1,1,5,5,5,5,5,9,5,1,1,5,5,5,5,5,5,5,1,4,4,4,12,5,5,5,5,13,14,15,5,5,5,4,5,5,5,5,5,5,5,5,5,5,8,8,5,5,5,5,2,2,2,2,2,2,2,2,10,10,10,10,10,10,10,10","0.000747919082641602","walktrap","edit-xhwikibooks.graphml"
"0.02","0.59","0.39","0.435971566778263","1,5,1,1,3,1,3,1,1,1,3,3,1,1,1,4,7,6,2,3,5,9,1,1,1,1,1,4,5,7,6,2,8,3,2,2,10,1,5,5,5,5,9,9,9,9,5,9,9,9,5,5,5,5,5,9,9,9,9,5,11,5,5,1,1,5,5,5,5,5,9,5,1,1,5,5,5,5,5,5,5,1,4,4,4,12,5,5,5,5,13,14,15,5,5,5,4,5,5,5,5,5,5,5,5,5,5,8,8,5,5,5,5,2,2,2,2,2,2,2,2,10,10,10,10,10,10,10,10","0.000719070434570312","walktrap","edit-xhwikibooks.graphml"
"0.01","0.6","0.39","0.437457125761096","1,5,1,1,3,1,3,1,1,1,3,3,1,1,1,4,7,6,2,3,5,9,1,1,1,1,1,4,5,7,6,2,8,3,2,2,10,1,5,5,5,5,9,9,9,9,5,9,9,9,5,5,5,5,5,9,9,9,9,5,11,5,5,1,1,5,5,5,5,5,9,5,1,1,5,5,5,5,5,5,5,1,4,4,4,12,5,5,5,5,13,14,15,5,5,5,4,5,5,5,5,5,5,5,5,5,5,8,8,5,5,5,5,2,2,2,2,2,2,2,2,10,10,10,10,10,10,10,10","0.000732898712158203","walktrap","edit-xhwikibooks.graphml"
"0","0.61","0.39","0.436388740556149","4,9,4,4,4,4,2,3,3,4,2,2,3,3,3,1,6,5,8,2,9,10,12,3,3,3,3,1,4,6,5,13,7,2,8,8,11,3,9,9,9,9,10,10,10,10,9,10,10,10,9,9,9,9,9,10,10,10,10,9,14,9,9,3,3,9,9,9,9,9,10,9,3,3,9,9,9,9,9,9,9,3,1,1,1,15,9,9,9,9,16,17,18,9,9,9,1,9,9,9,9,9,9,9,9,9,9,7,7,9,9,9,9,8,8,8,8,8,8,8,8,11,11,11,11,11,11,11,11","0.000746965408325195","walktrap","edit-xhwikibooks.graphml"
"0.6","0","0.4","0.394400194890458","1,3,1,1,1,1,1,1,1,1,1,2,1,1,1,4,5,1,1,2,3,8,6,1,1,1,1,4,3,5,7,1,2,2,1,1,9,1,3,3,3,3,8,8,8,8,3,8,8,8,3,3,3,3,3,8,8,8,8,3,6,3,3,1,1,3,3,3,3,3,8,3,1,1,3,3,3,3,3,3,3,1,4,4,4,3,3,3,3,3,5,7,1,3,3,3,4,3,3,3,3,3,3,3,3,3,3,2,2,3,3,3,3,1,1,1,1,1,1,1,1,9,9,9,9,9,9,9,9","0.000765085220336914","walktrap","edit-xhwikibooks.graphml"
"0.59","0.01","0.4","0.391943155927814","3,13,3,3,3,1,3,1,1,1,3,2,1,1,1,1,4,3,5,2,13,10,8,1,1,1,1,12,6,4,9,7,2,2,5,5,11,1,13,13,13,13,10,10,10,10,13,10,10,10,13,13,13,13,13,10,10,10,10,13,8,13,13,1,1,13,13,13,13,13,10,13,1,1,13,13,13,13,13,13,13,1,12,12,12,6,13,13,13,13,4,9,7,13,13,13,1,13,13,13,13,13,13,13,13,13,13,2,2,13,13,13,13,5,5,5,5,5,5,5,5,11,11,11,11,11,11,11,11","0.000764131546020508","walktrap","edit-xhwikibooks.graphml"
"0.58","0.02","0.4","0.391943155927814","3,13,3,3,3,1,3,1,1,1,3,2,1,1,1,1,4,3,5,2,13,10,8,1,1,1,1,12,6,4,9,7,2,2,5,5,11,1,13,13,13,13,10,10,10,10,13,10,10,10,13,13,13,13,13,10,10,10,10,13,8,13,13,1,1,13,13,13,13,13,10,13,1,1,13,13,13,13,13,13,13,1,12,12,12,6,13,13,13,13,4,9,7,13,13,13,1,13,13,13,13,13,13,13,13,13,13,2,2,13,13,13,13,5,5,5,5,5,5,5,5,11,11,11,11,11,11,11,11","0.000719070434570312","walktrap","edit-xhwikibooks.graphml"
"0.57","0.03","0.4","0.391688202364868","3,13,3,3,3,1,3,1,1,1,3,2,1,1,1,1,4,3,5,2,13,10,8,1,1,1,1,12,6,4,9,7,2,2,5,5,11,1,13,13,13,13,10,10,10,10,13,10,10,10,13,13,13,13,13,10,10,10,10,13,8,13,13,1,1,13,13,13,13,13,10,13,1,1,13,13,13,13,13,13,13,1,12,12,12,6,13,13,13,13,4,9,7,13,13,13,1,13,13,13,13,13,13,13,13,13,13,2,2,13,13,13,13,5,5,5,5,5,5,5,5,11,11,11,11,11,11,11,11","0.000722885131835938","walktrap","edit-xhwikibooks.graphml"
"0.56","0.04","0.4","0.391688202364868","3,13,3,3,3,1,3,1,1,1,3,2,1,1,1,1,4,3,5,2,13,10,8,1,1,1,1,12,6,4,9,7,2,2,5,5,11,1,13,13,13,13,10,10,10,10,13,10,10,10,13,13,13,13,13,10,10,10,10,13,8,13,13,1,1,13,13,13,13,13,10,13,1,1,13,13,13,13,13,13,13,1,12,12,12,6,13,13,13,13,4,9,7,13,13,13,1,13,13,13,13,13,13,13,13,13,13,2,2,13,13,13,13,5,5,5,5,5,5,5,5,11,11,11,11,11,11,11,11","0.000722169876098633","walktrap","edit-xhwikibooks.graphml"
"0.55","0.05","0.4","0.391433560606704","3,13,3,3,3,1,3,1,1,1,3,2,1,1,1,1,4,3,5,2,13,10,8,1,1,1,1,12,6,4,9,7,2,2,5,5,11,1,13,13,13,13,10,10,10,10,13,10,10,10,13,13,13,13,13,10,10,10,10,13,8,13,13,1,1,13,13,13,13,13,10,13,1,1,13,13,13,13,13,13,13,1,12,12,12,6,13,13,13,13,4,9,7,13,13,13,1,13,13,13,13,13,13,13,13,13,13,2,2,13,13,13,13,5,5,5,5,5,5,5,5,11,11,11,11,11,11,11,11","0.000732898712158203","walktrap","edit-xhwikibooks.graphml"
"0.54","0.06","0.4","0.391433560606704","3,13,3,3,3,1,3,1,1,1,3,2,1,1,1,1,4,3,5,2,13,10,8,1,1,1,1,12,6,4,9,7,2,2,5,5,11,1,13,13,13,13,10,10,10,10,13,10,10,10,13,13,13,13,13,10,10,10,10,13,8,13,13,1,1,13,13,13,13,13,10,13,1,1,13,13,13,13,13,13,13,1,12,12,12,6,13,13,13,13,4,9,7,13,13,13,1,13,13,13,13,13,13,13,13,13,13,2,2,13,13,13,13,5,5,5,5,5,5,5,5,11,11,11,11,11,11,11,11","0.000746011734008789","walktrap","edit-xhwikibooks.graphml"
"0.53","0.07","0.4","0.391179230140855","3,13,3,3,3,1,3,1,1,1,3,2,1,1,1,1,4,3,5,2,13,10,8,1,1,1,1,12,6,4,9,7,2,2,5,5,11,1,13,13,13,13,10,10,10,10,13,10,10,10,13,13,13,13,13,10,10,10,10,13,8,13,13,1,1,13,13,13,13,13,10,13,1,1,13,13,13,13,13,13,13,1,12,12,12,6,13,13,13,13,4,9,7,13,13,13,1,13,13,13,13,13,13,13,13,13,13,2,2,13,13,13,13,5,5,5,5,5,5,5,5,11,11,11,11,11,11,11,11","0.000921964645385742","walktrap","edit-xhwikibooks.graphml"
"0.52","0.08","0.4","0.39204890037984","3,13,3,3,3,1,3,1,1,1,3,2,1,1,1,1,4,3,5,2,13,11,8,1,1,1,1,12,6,4,9,7,2,2,5,5,10,1,13,13,13,13,11,11,11,11,13,11,11,11,13,13,13,13,13,11,11,11,11,13,8,13,13,1,1,13,13,13,13,13,11,13,1,1,13,13,13,13,13,13,13,1,12,12,12,6,13,13,13,13,4,9,7,13,13,13,1,13,13,13,13,13,13,13,13,13,13,2,2,13,13,13,13,5,5,5,5,5,5,5,5,10,10,10,10,10,10,10,10","0.000913858413696289","walktrap","edit-xhwikibooks.graphml"
"0.51","0.09","0.4","0.391794680020812","3,13,3,3,3,1,3,1,1,1,3,2,1,1,1,1,4,3,5,2,13,11,8,1,1,1,1,12,6,4,9,7,2,2,5,5,10,1,13,13,13,13,11,11,11,11,13,11,11,11,13,13,13,13,13,11,11,11,11,13,8,13,13,1,1,13,13,13,13,13,11,13,1,1,13,13,13,13,13,13,13,1,12,12,12,6,13,13,13,13,4,9,7,13,13,13,1,13,13,13,13,13,13,13,13,13,13,2,2,13,13,13,13,5,5,5,5,5,5,5,5,10,10,10,10,10,10,10,10","0.000725984573364258","walktrap","edit-xhwikibooks.graphml"
"0.5","0.1","0.4","0.391794680020812","3,13,3,3,3,1,3,1,1,1,3,2,1,1,1,1,4,3,5,2,13,11,8,1,1,1,1,12,6,4,9,7,2,2,5,5,10,1,13,13,13,13,11,11,11,11,13,11,11,11,13,13,13,13,13,11,11,11,11,13,8,13,13,1,1,13,13,13,13,13,11,13,1,1,13,13,13,13,13,13,13,1,12,12,12,6,13,13,13,13,4,9,7,13,13,13,1,13,13,13,13,13,13,13,13,13,13,2,2,13,13,13,13,5,5,5,5,5,5,5,5,10,10,10,10,10,10,10,10","0.000698089599609375","walktrap","edit-xhwikibooks.graphml"
"0.49","0.11","0.4","0.391540769608871","3,13,3,3,3,1,3,1,1,1,3,2,1,1,1,1,4,3,5,2,13,11,8,1,1,1,1,12,6,4,9,7,2,2,5,5,10,1,13,13,13,13,11,11,11,11,13,11,11,11,13,13,13,13,13,11,11,11,11,13,8,13,13,1,1,13,13,13,13,13,11,13,1,1,13,13,13,13,13,13,13,1,12,12,12,6,13,13,13,13,4,9,7,13,13,13,1,13,13,13,13,13,13,13,13,13,13,2,2,13,13,13,13,5,5,5,5,5,5,5,5,10,10,10,10,10,10,10,10","0.000725030899047852","walktrap","edit-xhwikibooks.graphml"
"0.48","0.12","0.4","0.393021228585312","3,13,3,3,3,1,3,1,1,1,3,2,1,1,1,1,4,3,6,2,13,10,8,1,1,1,1,12,5,4,9,7,2,2,6,6,11,1,13,13,13,13,10,10,10,10,13,10,10,10,13,13,13,13,13,10,10,10,10,13,8,13,13,1,1,13,13,13,13,13,10,13,1,1,13,13,13,13,13,13,13,1,12,12,12,5,13,13,13,13,4,9,7,13,13,13,1,13,13,13,13,13,13,13,13,13,13,2,2,13,13,13,13,6,6,6,6,6,6,6,6,11,11,11,11,11,11,11,11","0.000725030899047852","walktrap","edit-xhwikibooks.graphml"
"0.47","0.13","0.4","0.392767536007484","3,13,3,3,3,1,3,1,1,1,3,2,1,1,1,1,4,3,6,2,13,10,8,1,1,1,1,12,5,4,9,7,2,2,6,6,11,1,13,13,13,13,10,10,10,10,13,10,10,10,13,13,13,13,13,10,10,10,10,13,8,13,13,1,1,13,13,13,13,13,10,13,1,1,13,13,13,13,13,13,13,1,12,12,12,5,13,13,13,13,4,9,7,13,13,13,1,13,13,13,13,13,13,13,13,13,13,2,2,13,13,13,13,6,6,6,6,6,6,6,6,11,11,11,11,11,11,11,11","0.000724077224731445","walktrap","edit-xhwikibooks.graphml"
"0.46","0.14","0.4","0.392767536007484","3,13,3,3,3,1,3,1,1,1,3,2,1,1,1,1,4,3,6,2,13,10,8,1,1,1,1,12,5,4,9,7,2,2,6,6,11,1,13,13,13,13,10,10,10,10,13,10,10,10,13,13,13,13,13,10,10,10,10,13,8,13,13,1,1,13,13,13,13,13,10,13,1,1,13,13,13,13,13,13,13,1,12,12,12,5,13,13,13,13,4,9,7,13,13,13,1,13,13,13,13,13,13,13,13,13,13,2,2,13,13,13,13,6,6,6,6,6,6,6,6,11,11,11,11,11,11,11,11","0.000792026519775391","walktrap","edit-xhwikibooks.graphml"
"0.45","0.15","0.4","0.394184220393655","3,13,3,3,3,1,3,1,1,1,3,2,1,1,1,1,4,3,7,2,13,10,8,1,1,1,1,12,5,4,9,6,2,2,7,7,11,1,13,13,13,13,10,10,10,10,13,10,10,10,13,13,13,13,13,10,10,10,10,13,8,13,13,1,1,13,13,13,13,13,10,13,1,1,13,13,13,13,13,13,13,1,12,12,12,5,13,13,13,13,4,9,6,13,13,13,1,13,13,13,13,13,13,13,13,13,13,2,2,13,13,13,13,7,7,7,7,7,7,7,7,11,11,11,11,11,11,11,11","0.000741958618164062","walktrap","edit-xhwikibooks.graphml"
"0.44","0.16","0.4","0.395041733947607","3,13,3,3,3,1,3,1,1,1,3,2,1,1,1,1,4,3,7,2,13,10,8,1,1,1,1,12,5,4,9,6,2,2,7,7,11,1,13,13,13,13,10,10,10,10,13,10,10,10,13,13,13,13,13,10,10,10,10,13,8,13,13,1,1,13,13,13,13,13,10,13,1,1,13,13,13,13,13,13,13,1,12,12,12,5,13,13,13,13,4,9,6,13,13,13,1,13,13,13,13,13,13,13,13,13,13,2,2,13,13,13,13,7,7,7,7,7,7,7,7,11,11,11,11,11,11,11,11","0.000725984573364258","walktrap","edit-xhwikibooks.graphml"
"0.43","0.17","0.4","0.39560837341318","3,13,3,3,3,1,3,1,1,1,3,2,1,1,1,1,4,3,9,2,13,10,7,1,1,1,1,12,5,4,8,6,2,2,9,9,11,1,13,13,13,13,10,10,10,10,13,10,10,10,13,13,13,13,13,10,10,10,10,13,7,13,13,1,1,13,13,13,13,13,10,13,1,1,13,13,13,13,13,13,13,1,12,12,12,5,13,13,13,13,4,8,6,13,13,13,1,13,13,13,13,13,13,13,13,13,13,2,2,13,13,13,13,9,9,9,9,9,9,9,9,11,11,11,11,11,11,11,11","0.000731945037841797","walktrap","edit-xhwikibooks.graphml"
"0.42","0.18","0.4","0.39560837341318","3,13,3,3,3,1,3,1,1,1,3,2,1,1,1,1,4,3,9,2,13,10,7,1,1,1,1,12,5,4,8,6,2,2,9,9,11,1,13,13,13,13,10,10,10,10,13,10,10,10,13,13,13,13,13,10,10,10,10,13,7,13,13,1,1,13,13,13,13,13,10,13,1,1,13,13,13,13,13,13,13,1,12,12,12,5,13,13,13,13,4,8,6,13,13,13,1,13,13,13,13,13,13,13,13,13,13,2,2,13,13,13,13,9,9,9,9,9,9,9,9,11,11,11,11,11,11,11,11","0.000721931457519531","walktrap","edit-xhwikibooks.graphml"
"0.41","0.19","0.4","0.395354971980933","3,13,3,3,3,1,3,1,1,1,3,2,1,1,1,1,4,3,9,2,13,10,7,1,1,1,1,12,5,4,8,6,2,2,9,9,11,1,13,13,13,13,10,10,10,10,13,10,10,10,13,13,13,13,13,10,10,10,10,13,7,13,13,1,1,13,13,13,13,13,10,13,1,1,13,13,13,13,13,13,13,1,12,12,12,5,13,13,13,13,4,8,6,13,13,13,1,13,13,13,13,13,13,13,13,13,13,2,2,13,13,13,13,9,9,9,9,9,9,9,9,11,11,11,11,11,11,11,11","0.000747919082641602","walktrap","edit-xhwikibooks.graphml"
"0.4","0.2","0.4","0.395881615379934","3,14,3,3,3,2,3,4,4,2,3,1,4,4,4,2,2,3,9,1,14,11,7,4,4,4,4,13,5,10,8,6,1,1,9,9,12,4,14,14,14,14,11,11,11,11,14,11,11,11,14,14,14,14,14,11,11,11,11,14,7,14,14,4,4,14,14,14,14,14,11,14,4,4,14,14,14,14,14,14,14,4,13,13,13,5,14,14,14,14,10,8,6,14,14,14,2,14,14,14,14,14,14,14,14,14,14,1,1,14,14,14,14,9,9,9,9,9,9,9,9,12,12,12,12,12,12,12,12","0.000799179077148438","walktrap","edit-xhwikibooks.graphml"
"0.39","0.21","0.4","0.375084495190477","1,13,1,1,1,1,1,4,4,1,1,2,4,4,4,1,5,3,10,2,13,11,8,4,4,4,4,9,6,5,3,7,2,2,10,10,12,4,13,13,13,13,11,11,11,11,13,11,11,11,13,13,13,13,13,11,11,11,11,13,8,13,13,4,4,13,13,13,13,13,11,13,4,4,13,13,13,13,13,13,13,4,9,9,9,6,13,13,13,13,5,3,7,13,13,13,1,13,13,13,13,13,13,13,13,13,13,2,2,13,13,13,13,10,10,10,10,10,10,10,10,12,12,12,12,12,12,12,12","0.000941038131713867","walktrap","edit-xhwikibooks.graphml"
"0.38","0.22","0.4","0.375084495190477","1,13,1,1,1,1,1,4,4,1,1,2,4,4,4,1,5,3,10,2,13,11,8,4,4,4,4,9,6,5,3,7,2,2,10,10,12,4,13,13,13,13,11,11,11,11,13,11,11,11,13,13,13,13,13,11,11,11,11,13,8,13,13,4,4,13,13,13,13,13,11,13,4,4,13,13,13,13,13,13,13,4,9,9,9,6,13,13,13,13,5,3,7,13,13,13,1,13,13,13,13,13,13,13,13,13,13,2,2,13,13,13,13,10,10,10,10,10,10,10,10,12,12,12,12,12,12,12,12","0.000723123550415039","walktrap","edit-xhwikibooks.graphml"
"0.37","0.23","0.4","0.376647094788328","1,12,1,1,1,1,1,4,4,1,1,2,4,4,4,1,5,3,10,2,12,11,8,4,4,4,4,9,6,5,3,7,2,2,10,10,13,4,12,12,12,12,11,11,11,11,12,11,11,11,12,12,12,12,12,11,11,11,11,12,8,12,12,4,4,12,12,12,12,12,11,12,4,4,12,12,12,12,12,12,12,4,9,9,9,6,12,12,12,12,5,3,7,12,12,12,1,12,12,12,12,12,12,12,12,12,12,2,2,12,12,12,12,10,10,10,10,10,10,10,10,13,13,13,13,13,13,13,13","0.000725984573364258","walktrap","edit-xhwikibooks.graphml"
"0.36","0.24","0.4","0.377541375356922","1,12,1,1,1,1,1,4,4,1,1,2,4,4,4,1,5,3,10,2,12,11,8,4,4,4,4,9,6,5,3,7,2,2,10,10,13,4,12,12,12,12,11,11,11,11,12,11,11,11,12,12,12,12,12,11,11,11,11,12,8,12,12,4,4,12,12,12,12,12,11,12,4,4,12,12,12,12,12,12,12,4,9,9,9,6,12,12,12,12,5,3,7,12,12,12,1,12,12,12,12,12,12,12,12,12,12,2,2,12,12,12,12,10,10,10,10,10,10,10,10,13,13,13,13,13,13,13,13","0.000771999359130859","walktrap","edit-xhwikibooks.graphml"
"0.35","0.25","0.4","0.380048216896304","1,12,1,1,1,1,1,5,5,1,1,2,5,5,5,1,4,3,10,2,12,11,8,5,5,5,5,9,6,4,3,7,2,2,10,10,13,5,12,12,12,12,11,11,11,11,12,11,11,11,12,12,12,12,12,11,11,11,11,12,8,12,12,5,5,12,12,12,12,12,11,12,5,5,12,12,12,12,12,12,12,5,9,9,9,6,12,12,12,12,4,3,7,12,12,12,1,12,12,12,12,12,12,12,12,12,12,2,2,12,12,12,12,10,10,10,10,10,10,10,10,13,13,13,13,13,13,13,13","0.000746965408325195","walktrap","edit-xhwikibooks.graphml"
"0.34","0.26","0.4","0.380048216896304","1,12,1,1,1,1,1,5,5,1,1,2,5,5,5,1,4,3,10,2,12,11,8,5,5,5,5,9,6,4,3,7,2,2,10,10,13,5,12,12,12,12,11,11,11,11,12,11,11,11,12,12,12,12,12,11,11,11,11,12,8,12,12,5,5,12,12,12,12,12,11,12,5,5,12,12,12,12,12,12,12,5,9,9,9,6,12,12,12,12,4,3,7,12,12,12,1,12,12,12,12,12,12,12,12,12,12,2,2,12,12,12,12,10,10,10,10,10,10,10,10,13,13,13,13,13,13,13,13","0.000717878341674805","walktrap","edit-xhwikibooks.graphml"
"0.33","0.27","0.4","0.380048216896304","1,12,1,1,1,1,1,5,5,1,1,2,5,5,5,1,4,3,10,2,12,11,8,5,5,5,5,9,6,4,3,7,2,2,10,10,13,5,12,12,12,12,11,11,11,11,12,11,11,11,12,12,12,12,12,11,11,11,11,12,8,12,12,5,5,12,12,12,12,12,11,12,5,5,12,12,12,12,12,12,12,5,9,9,9,6,12,12,12,12,4,3,7,12,12,12,1,12,12,12,12,12,12,12,12,12,12,2,2,12,12,12,12,10,10,10,10,10,10,10,10,13,13,13,13,13,13,13,13","0.000741004943847656","walktrap","edit-xhwikibooks.graphml"
"0.32","0.28","0.4","0.379799222781024","1,12,1,1,1,1,1,5,5,1,1,2,5,5,5,1,4,3,10,2,12,11,8,5,5,5,5,9,6,4,3,7,2,2,10,10,13,5,12,12,12,12,11,11,11,11,12,11,11,11,12,12,12,12,12,11,11,11,11,12,8,12,12,5,5,12,12,12,12,12,11,12,5,5,12,12,12,12,12,12,12,5,9,9,9,6,12,12,12,12,4,3,7,12,12,12,1,12,12,12,12,12,12,12,12,12,12,2,2,12,12,12,12,10,10,10,10,10,10,10,10,13,13,13,13,13,13,13,13","0.000741004943847656","walktrap","edit-xhwikibooks.graphml"
"0.31","0.29","0.4","0.381534859521332","1,12,1,1,1,1,1,5,5,1,1,2,5,5,5,1,4,3,10,2,12,11,8,5,5,5,5,9,6,4,3,7,2,2,10,10,13,5,12,12,12,12,11,11,11,11,12,11,11,11,12,12,12,12,12,11,11,11,11,12,8,12,12,5,5,12,12,12,12,12,11,12,5,5,12,12,12,12,12,12,12,5,9,9,9,6,12,12,12,12,4,3,7,12,12,12,1,12,12,12,12,12,12,12,12,12,12,2,2,12,12,12,12,10,10,10,10,10,10,10,10,13,13,13,13,13,13,13,13","0.000733137130737305","walktrap","edit-xhwikibooks.graphml"
"0.3","0.3","0.4","0.381285789513668","1,12,1,1,1,1,1,5,5,1,1,2,5,5,5,1,4,3,10,2,12,11,8,5,5,5,5,9,6,4,3,7,2,2,10,10,13,5,12,12,12,12,11,11,11,11,12,11,11,11,12,12,12,12,12,11,11,11,11,12,8,12,12,5,5,12,12,12,12,12,11,12,5,5,12,12,12,12,12,12,12,5,9,9,9,6,12,12,12,12,4,3,7,12,12,12,1,12,12,12,12,12,12,12,12,12,12,2,2,12,12,12,12,10,10,10,10,10,10,10,10,13,13,13,13,13,13,13,13","0.000746011734008789","walktrap","edit-xhwikibooks.graphml"
"0.29","0.31","0.4","0.382165667032292","1,12,1,1,1,1,1,5,5,1,1,2,5,5,5,1,4,3,10,2,12,11,8,5,5,5,5,9,6,4,3,7,2,2,10,10,13,5,12,12,12,12,11,11,11,11,12,11,11,11,12,12,12,12,12,11,11,11,11,12,8,12,12,5,5,12,12,12,12,12,11,12,5,5,12,12,12,12,12,12,12,5,9,9,9,6,12,12,12,12,4,3,7,12,12,12,1,12,12,12,12,12,12,12,12,12,12,2,2,12,12,12,12,10,10,10,10,10,10,10,10,13,13,13,13,13,13,13,13","0.000745773315429688","walktrap","edit-xhwikibooks.graphml"
"0.28","0.32","0.4","0.381668019354639","1,12,1,1,1,1,1,5,5,1,1,2,5,5,5,1,4,3,10,2,12,11,8,5,5,5,5,9,6,4,3,7,2,2,10,10,13,5,12,12,12,12,11,11,11,11,12,11,11,11,12,12,12,12,12,11,11,11,11,12,8,12,12,5,5,12,12,12,12,12,11,12,5,5,12,12,12,12,12,12,12,5,9,9,9,6,12,12,12,12,4,3,7,12,12,12,1,12,12,12,12,12,12,12,12,12,12,2,2,12,12,12,12,10,10,10,10,10,10,10,10,13,13,13,13,13,13,13,13","0.000771999359130859","walktrap","edit-xhwikibooks.graphml"
"0.27","0.33","0.4","0.381668019354639","1,12,1,1,1,1,1,5,5,1,1,2,5,5,5,1,4,3,10,2,12,11,8,5,5,5,5,9,6,4,3,7,2,2,10,10,13,5,12,12,12,12,11,11,11,11,12,11,11,11,12,12,12,12,12,11,11,11,11,12,8,12,12,5,5,12,12,12,12,12,11,12,5,5,12,12,12,12,12,12,12,5,9,9,9,6,12,12,12,12,4,3,7,12,12,12,1,12,12,12,12,12,12,12,12,12,12,2,2,12,12,12,12,10,10,10,10,10,10,10,10,13,13,13,13,13,13,13,13","0.000769853591918945","walktrap","edit-xhwikibooks.graphml"
"0.26","0.34","0.4","0.392354081589521","2,13,2,2,1,2,1,4,4,2,1,1,4,4,4,2,5,3,10,1,13,12,8,4,4,4,4,9,6,5,3,7,11,1,10,10,14,4,13,13,13,13,12,12,12,12,13,12,12,12,13,13,13,13,13,12,12,12,12,13,8,13,13,4,4,13,13,13,13,13,12,13,4,4,13,13,13,13,13,13,13,4,9,9,9,6,13,13,13,13,5,3,7,13,13,13,2,13,13,13,13,13,13,13,13,13,13,11,11,13,13,13,13,10,10,10,10,10,10,10,10,14,14,14,14,14,14,14,14","0.000725984573364258","walktrap","edit-xhwikibooks.graphml"
"0.25","0.35","0.4","0.392354081589521","2,13,2,2,1,2,1,4,4,2,1,1,4,4,4,2,5,3,10,1,13,12,8,4,4,4,4,9,6,5,3,7,11,1,10,10,14,4,13,13,13,13,12,12,12,12,13,12,12,12,13,13,13,13,13,12,12,12,12,13,8,13,13,4,4,13,13,13,13,13,12,13,4,4,13,13,13,13,13,13,13,4,9,9,9,6,13,13,13,13,5,3,7,13,13,13,2,13,13,13,13,13,13,13,13,13,13,11,11,13,13,13,13,10,10,10,10,10,10,10,10,14,14,14,14,14,14,14,14","0.000710010528564453","walktrap","edit-xhwikibooks.graphml"
"0.24","0.36","0.4","0.392103804484757","2,13,2,2,1,2,1,4,4,2,1,1,4,4,4,2,5,3,10,1,13,12,8,4,4,4,4,9,6,5,3,7,11,1,10,10,14,4,13,13,13,13,12,12,12,12,13,12,12,12,13,13,13,13,13,12,12,12,12,13,8,13,13,4,4,13,13,13,13,13,12,13,4,4,13,13,13,13,13,13,13,4,9,9,9,6,13,13,13,13,5,3,7,13,13,13,2,13,13,13,13,13,13,13,13,13,13,11,11,13,13,13,13,10,10,10,10,10,10,10,10,14,14,14,14,14,14,14,14","0.000745773315429688","walktrap","edit-xhwikibooks.graphml"
"0.23","0.37","0.4","0.392103804484757","2,13,2,2,1,2,1,4,4,2,1,1,4,4,4,2,5,3,10,1,13,12,8,4,4,4,4,9,6,5,3,7,11,1,10,10,14,4,13,13,13,13,12,12,12,12,13,12,12,12,13,13,13,13,13,12,12,12,12,13,8,13,13,4,4,13,13,13,13,13,12,13,4,4,13,13,13,13,13,13,13,4,9,9,9,6,13,13,13,13,5,3,7,13,13,13,2,13,13,13,13,13,13,13,13,13,13,11,11,13,13,13,13,10,10,10,10,10,10,10,10,14,14,14,14,14,14,14,14","0.000734090805053711","walktrap","edit-xhwikibooks.graphml"
"0.22","0.38","0.4","0.391853827476022","2,13,2,2,1,2,1,4,4,2,1,1,4,4,4,2,5,3,10,1,13,12,8,4,4,4,4,9,6,5,3,7,11,1,10,10,14,4,13,13,13,13,12,12,12,12,13,12,12,12,13,13,13,13,13,12,12,12,12,13,8,13,13,4,4,13,13,13,13,13,12,13,4,4,13,13,13,13,13,13,13,4,9,9,9,6,13,13,13,13,5,3,7,13,13,13,2,13,13,13,13,13,13,13,13,13,13,11,11,13,13,13,13,10,10,10,10,10,10,10,10,14,14,14,14,14,14,14,14","0.000750064849853516","walktrap","edit-xhwikibooks.graphml"
"0.21","0.39","0.4","0.392702323934288","2,12,2,2,1,2,1,4,4,2,1,1,4,4,4,2,5,3,10,1,12,13,8,4,4,4,4,9,6,5,3,7,11,1,10,10,14,4,12,12,12,12,13,13,13,13,12,13,13,13,12,12,12,12,12,13,13,13,13,12,8,12,12,4,4,12,12,12,12,12,13,12,4,4,12,12,12,12,12,12,12,4,9,9,9,6,12,12,12,12,5,3,7,12,12,12,2,12,12,12,12,12,12,12,12,12,12,11,11,12,12,12,12,10,10,10,10,10,10,10,10,14,14,14,14,14,14,14,14","0.000719070434570312","walktrap","edit-xhwikibooks.graphml"
"0.2","0.4","0.4","0.394194566389101","2,12,2,2,1,2,1,4,4,2,1,1,4,4,4,2,5,3,10,1,12,13,8,4,4,4,4,9,6,5,3,7,11,1,10,10,14,4,12,12,12,12,13,13,13,13,12,13,13,13,12,12,12,12,12,13,13,13,13,12,8,12,12,4,4,12,12,12,12,12,13,12,4,4,12,12,12,12,12,12,12,4,9,9,9,6,12,12,12,12,5,3,7,12,12,12,2,12,12,12,12,12,12,12,12,12,12,11,11,12,12,12,12,10,10,10,10,10,10,10,10,14,14,14,14,14,14,14,14","0.000729084014892578","walktrap","edit-xhwikibooks.graphml"
"0.19","0.41","0.4","0.38713691943357","1,6,1,1,1,1,1,1,1,1,1,2,1,1,1,1,4,3,1,2,6,7,1,1,1,1,1,5,6,4,3,1,2,2,1,1,8,1,6,6,6,6,7,7,7,7,6,7,7,7,6,6,6,6,6,7,7,7,7,6,9,6,6,1,1,6,6,6,6,6,7,6,1,1,6,6,6,6,6,6,6,1,5,5,5,10,6,6,6,6,11,12,13,6,6,6,1,6,6,6,6,6,6,6,6,6,6,2,2,6,6,6,6,1,1,1,1,1,1,1,1,8,8,8,8,8,8,8,8","0.00072789192199707","walktrap","edit-xhwikibooks.graphml"
"0.18","0.42","0.4","0.386899890477929","1,6,1,1,1,1,1,1,1,1,1,2,1,1,1,1,4,3,1,2,6,7,1,1,1,1,1,5,6,4,3,1,2,2,1,1,8,1,6,6,6,6,7,7,7,7,6,7,7,7,6,6,6,6,6,7,7,7,7,6,9,6,6,1,1,6,6,6,6,6,7,6,1,1,6,6,6,6,6,6,6,1,5,5,5,10,6,6,6,6,11,12,13,6,6,6,1,6,6,6,6,6,6,6,6,6,6,2,2,6,6,6,6,1,1,1,1,1,1,1,1,8,8,8,8,8,8,8,8","0.00072789192199707","walktrap","edit-xhwikibooks.graphml"
"0.17","0.43","0.4","0.388318969854732","1,6,1,1,1,1,1,1,1,1,1,2,1,1,1,1,4,3,1,2,6,7,1,1,1,1,1,5,6,4,3,1,2,2,1,1,8,1,6,6,6,6,7,7,7,7,6,7,7,7,6,6,6,6,6,7,7,7,7,6,9,6,6,1,1,6,6,6,6,6,7,6,1,1,6,6,6,6,6,6,6,1,5,5,5,10,6,6,6,6,11,12,13,6,6,6,1,6,6,6,6,6,6,6,6,6,6,2,2,6,6,6,6,1,1,1,1,1,1,1,1,8,8,8,8,8,8,8,8","0.000745058059692383","walktrap","edit-xhwikibooks.graphml"
"0.16","0.44","0.4","0.388082251333911","1,6,1,1,1,1,1,1,1,1,1,2,1,1,1,1,4,3,1,2,6,7,1,1,1,1,1,5,6,4,3,1,2,2,1,1,8,1,6,6,6,6,7,7,7,7,6,7,7,7,6,6,6,6,6,7,7,7,7,6,9,6,6,1,1,6,6,6,6,6,7,6,1,1,6,6,6,6,6,6,6,1,5,5,5,10,6,6,6,6,11,12,13,6,6,6,1,6,6,6,6,6,6,6,6,6,6,2,2,6,6,6,6,1,1,1,1,1,1,1,1,8,8,8,8,8,8,8,8","0.000784158706665039","walktrap","edit-xhwikibooks.graphml"
"0.15","0.45","0.4","0.389702695893172","1,6,1,1,1,1,1,1,1,1,1,2,1,1,1,1,4,3,1,2,6,7,1,1,1,1,1,5,6,4,3,1,2,2,1,1,8,1,6,6,6,6,7,7,7,7,6,7,7,7,6,6,6,6,6,7,7,7,7,6,9,6,6,1,1,6,6,6,6,6,7,6,1,1,6,6,6,6,6,6,6,1,5,5,5,10,6,6,6,6,11,12,13,6,6,6,1,6,6,6,6,6,6,6,6,6,6,2,2,6,6,6,6,1,1,1,1,1,1,1,1,8,8,8,8,8,8,8,8","0.000759124755859375","walktrap","edit-xhwikibooks.graphml"
"0.14","0.46","0.4","0.389465958879859","1,6,1,1,1,1,1,1,1,1,1,2,1,1,1,1,4,3,1,2,6,7,1,1,1,1,1,5,6,4,3,1,2,2,1,1,8,1,6,6,6,6,7,7,7,7,6,7,7,7,6,6,6,6,6,7,7,7,7,6,9,6,6,1,1,6,6,6,6,6,7,6,1,1,6,6,6,6,6,6,6,1,5,5,5,10,6,6,6,6,11,12,13,6,6,6,1,6,6,6,6,6,6,6,6,6,6,2,2,6,6,6,6,1,1,1,1,1,1,1,1,8,8,8,8,8,8,8,8","0.000851869583129883","walktrap","edit-xhwikibooks.graphml"
"0.13","0.47","0.4","0.390331423720555","1,6,1,1,1,1,1,1,1,1,1,2,1,1,1,1,4,3,1,2,6,7,1,1,1,1,1,5,6,4,3,1,2,2,1,1,8,1,6,6,6,6,7,7,7,7,6,7,7,7,6,6,6,6,6,7,7,7,7,6,9,6,6,1,1,6,6,6,6,6,7,6,1,1,6,6,6,6,6,6,6,1,5,5,5,10,6,6,6,6,11,12,13,6,6,6,1,6,6,6,6,6,6,6,6,6,6,2,2,6,6,6,6,1,1,1,1,1,1,1,1,8,8,8,8,8,8,8,8","0.000711917877197266","walktrap","edit-xhwikibooks.graphml"
"0.12","0.48","0.4","0.390094717236857","1,6,1,1,1,1,1,1,1,1,1,2,1,1,1,1,4,3,1,2,6,7,1,1,1,1,1,5,6,4,3,1,2,2,1,1,8,1,6,6,6,6,7,7,7,7,6,7,7,7,6,6,6,6,6,7,7,7,7,6,9,6,6,1,1,6,6,6,6,6,7,6,1,1,6,6,6,6,6,6,6,1,5,5,5,10,6,6,6,6,11,12,13,6,6,6,1,6,6,6,6,6,6,6,6,6,6,2,2,6,6,6,6,1,1,1,1,1,1,1,1,8,8,8,8,8,8,8,8","0.000715017318725586","walktrap","edit-xhwikibooks.graphml"
"0.11","0.49","0.4","0.390094717236857","1,6,1,1,1,1,1,1,1,1,1,2,1,1,1,1,4,3,1,2,6,7,1,1,1,1,1,5,6,4,3,1,2,2,1,1,8,1,6,6,6,6,7,7,7,7,6,7,7,7,6,6,6,6,6,7,7,7,7,6,9,6,6,1,1,6,6,6,6,6,7,6,1,1,6,6,6,6,6,6,6,1,5,5,5,10,6,6,6,6,11,12,13,6,6,6,1,6,6,6,6,6,6,6,6,6,6,2,2,6,6,6,6,1,1,1,1,1,1,1,1,8,8,8,8,8,8,8,8","0.000730037689208984","walktrap","edit-xhwikibooks.graphml"
"0.1","0.5","0.4","0.42608617634131","1,5,1,1,1,1,1,2,2,1,1,3,2,2,2,1,7,6,4,3,5,9,2,2,2,2,2,8,5,7,6,4,3,3,4,4,10,2,5,5,5,5,9,9,9,9,5,9,9,9,5,5,5,5,5,9,9,9,9,5,11,5,5,2,2,5,5,5,5,5,9,5,2,2,5,5,5,5,5,5,5,2,8,8,8,12,5,5,5,5,13,14,15,5,5,5,1,5,5,5,5,5,5,5,5,5,5,3,3,5,5,5,5,4,4,4,4,4,4,4,4,10,10,10,10,10,10,10,10","0.000733852386474609","walktrap","edit-xhwikibooks.graphml"
"0.09","0.51","0.4","0.42608617634131","1,5,1,1,1,1,1,2,2,1,1,3,2,2,2,1,7,6,4,3,5,9,2,2,2,2,2,8,5,7,6,4,3,3,4,4,10,2,5,5,5,5,9,9,9,9,5,9,9,9,5,5,5,5,5,9,9,9,9,5,11,5,5,2,2,5,5,5,5,5,9,5,2,2,5,5,5,5,5,5,5,2,8,8,8,12,5,5,5,5,13,14,15,5,5,5,1,5,5,5,5,5,5,5,5,5,5,3,3,5,5,5,5,4,4,4,4,4,4,4,4,10,10,10,10,10,10,10,10","0.00071406364440918","walktrap","edit-xhwikibooks.graphml"
"0.08","0.52","0.4","0.425830516941828","1,5,1,1,1,1,1,2,2,1,1,3,2,2,2,1,7,6,4,3,5,9,2,2,2,2,2,8,5,7,6,4,3,3,4,4,10,2,5,5,5,5,9,9,9,9,5,9,9,9,5,5,5,5,5,9,9,9,9,5,11,5,5,2,2,5,5,5,5,5,9,5,2,2,5,5,5,5,5,5,5,2,8,8,8,12,5,5,5,5,13,14,15,5,5,5,1,5,5,5,5,5,5,5,5,5,5,3,3,5,5,5,5,4,4,4,4,4,4,4,4,10,10,10,10,10,10,10,10","0.000741958618164062","walktrap","edit-xhwikibooks.graphml"
"0.07","0.53","0.4","0.425575141308782","1,5,1,1,1,1,1,2,2,1,1,3,2,2,2,1,7,6,4,3,5,9,2,2,2,2,2,8,5,7,6,4,3,3,4,4,10,2,5,5,5,5,9,9,9,9,5,9,9,9,5,5,5,5,5,9,9,9,9,5,11,5,5,2,2,5,5,5,5,5,9,5,2,2,5,5,5,5,5,5,5,2,8,8,8,12,5,5,5,5,13,14,15,5,5,5,1,5,5,5,5,5,5,5,5,5,5,3,3,5,5,5,5,4,4,4,4,4,4,4,4,10,10,10,10,10,10,10,10","0.000748157501220703","walktrap","edit-xhwikibooks.graphml"
"0.06","0.54","0.4","0.427158371598007","1,5,1,1,1,1,1,2,2,1,1,3,2,2,2,1,7,6,4,3,5,9,2,2,2,2,2,8,5,7,6,4,3,3,4,4,10,2,5,5,5,5,9,9,9,9,5,9,9,9,5,5,5,5,5,9,9,9,9,5,11,5,5,2,2,5,5,5,5,5,9,5,2,2,5,5,5,5,5,5,5,2,8,8,8,12,5,5,5,5,13,14,15,5,5,5,1,5,5,5,5,5,5,5,5,5,5,3,3,5,5,5,5,4,4,4,4,4,4,4,4,10,10,10,10,10,10,10,10","0.000747919082641602","walktrap","edit-xhwikibooks.graphml"
"0.05","0.55","0.4","0.42690297795378","1,5,1,1,1,1,1,2,2,1,1,3,2,2,2,1,7,6,4,3,5,9,2,2,2,2,2,8,5,7,6,4,3,3,4,4,10,2,5,5,5,5,9,9,9,9,5,9,9,9,5,5,5,5,5,9,9,9,9,5,11,5,5,2,2,5,5,5,5,5,9,5,2,2,5,5,5,5,5,5,5,2,8,8,8,12,5,5,5,5,13,14,15,5,5,5,1,5,5,5,5,5,5,5,5,5,5,3,3,5,5,5,5,4,4,4,4,4,4,4,4,10,10,10,10,10,10,10,10","0.000759124755859375","walktrap","edit-xhwikibooks.graphml"
"0.04","0.56","0.4","0.428421113504605","1,5,1,1,1,1,1,2,2,1,1,3,2,2,2,1,7,6,4,3,5,9,2,2,2,2,2,8,5,7,6,4,3,3,4,4,10,2,5,5,5,5,9,9,9,9,5,9,9,9,5,5,5,5,5,9,9,9,9,5,11,5,5,2,2,5,5,5,5,5,9,5,2,2,5,5,5,5,5,5,5,2,8,8,8,12,5,5,5,5,13,14,15,5,5,5,1,5,5,5,5,5,5,5,5,5,5,3,3,5,5,5,5,4,4,4,4,4,4,4,4,10,10,10,10,10,10,10,10","0.000781059265136719","walktrap","edit-xhwikibooks.graphml"
"0.03","0.57","0.4","0.428165794384753","1,5,1,1,1,1,1,2,2,1,1,3,2,2,2,1,7,6,4,3,5,9,2,2,2,2,2,8,5,7,6,4,3,3,4,4,10,2,5,5,5,5,9,9,9,9,5,9,9,9,5,5,5,5,5,9,9,9,9,5,11,5,5,2,2,5,5,5,5,5,9,5,2,2,5,5,5,5,5,5,5,2,8,8,8,12,5,5,5,5,13,14,15,5,5,5,1,5,5,5,5,5,5,5,5,5,5,3,3,5,5,5,5,4,4,4,4,4,4,4,4,10,10,10,10,10,10,10,10","0.000804901123046875","walktrap","edit-xhwikibooks.graphml"
"0.02","0.58","0.4","0.429620740948833","1,5,1,1,1,1,1,2,2,1,1,3,2,2,2,1,7,6,4,3,5,9,2,2,2,2,2,8,5,7,6,4,3,3,4,4,10,2,5,5,5,5,9,9,9,9,5,9,9,9,5,5,5,5,5,9,9,9,9,5,11,5,5,2,2,5,5,5,5,5,9,5,2,2,5,5,5,5,5,5,5,2,8,8,8,12,5,5,5,5,13,14,15,5,5,5,1,5,5,5,5,5,5,5,5,5,5,3,3,5,5,5,5,4,4,4,4,4,4,4,4,10,10,10,10,10,10,10,10","0.000774860382080078","walktrap","edit-xhwikibooks.graphml"
"0.01","0.59","0.4","0.42936558527292","1,5,1,1,1,1,1,2,2,1,1,3,2,2,2,1,7,6,4,3,5,9,2,2,2,2,2,8,5,7,6,4,3,3,4,4,10,2,5,5,5,5,9,9,9,9,5,9,9,9,5,5,5,5,5,9,9,9,9,5,11,5,5,2,2,5,5,5,5,5,9,5,2,2,5,5,5,5,5,5,5,2,8,8,8,12,5,5,5,5,13,14,15,5,5,5,1,5,5,5,5,5,5,5,5,5,5,3,3,5,5,5,5,4,4,4,4,4,4,4,4,10,10,10,10,10,10,10,10","0.000946998596191406","walktrap","edit-xhwikibooks.graphml"
"0","0.6","0.4","0.428573291660619","2,7,2,2,2,2,2,4,4,2,2,1,4,4,4,3,6,5,2,1,7,8,10,4,4,4,4,3,2,6,5,2,1,1,2,2,9,4,7,7,7,7,8,8,8,8,7,8,8,8,7,7,7,7,7,8,8,8,8,7,11,7,7,4,4,7,7,7,7,7,8,7,4,4,7,7,7,7,7,7,7,4,3,3,3,12,7,7,7,7,13,14,15,7,7,7,3,7,7,7,7,7,7,7,7,7,7,1,1,7,7,7,7,2,2,2,2,2,2,2,2,9,9,9,9,9,9,9,9","0.000755071640014648","walktrap","edit-xhwikibooks.graphml"
"0.59","0","0.41","0.38352532900667","1,3,1,1,1,1,1,1,1,1,1,2,1,1,1,4,5,1,1,2,3,8,6,1,1,1,1,4,3,5,7,1,2,2,1,1,9,1,3,3,3,3,8,8,8,8,3,8,8,8,3,3,3,3,3,8,8,8,8,3,6,3,3,1,1,3,3,3,3,3,8,3,1,1,3,3,3,3,3,3,3,1,4,4,4,3,3,3,3,3,5,7,1,3,3,3,4,3,3,3,3,3,3,3,3,3,3,2,2,3,3,3,3,1,1,1,1,1,1,1,1,9,9,9,9,9,9,9,9","0.000890016555786133","walktrap","edit-xhwikibooks.graphml"
"0.58","0.01","0.41","0.38352532900667","1,3,1,1,1,1,1,1,1,1,1,2,1,1,1,4,5,1,1,2,3,8,6,1,1,1,1,4,3,5,7,1,2,2,1,1,9,1,3,3,3,3,8,8,8,8,3,8,8,8,3,3,3,3,3,8,8,8,8,3,6,3,3,1,1,3,3,3,3,3,8,3,1,1,3,3,3,3,3,3,3,1,4,4,4,3,3,3,3,3,5,7,1,3,3,3,4,3,3,3,3,3,3,3,3,3,3,2,2,3,3,3,3,1,1,1,1,1,1,1,1,9,9,9,9,9,9,9,9","0.000741958618164062","walktrap","edit-xhwikibooks.graphml"
"0.57","0.02","0.41","0.38352532900667","1,3,1,1,1,1,1,1,1,1,1,2,1,1,1,4,5,1,1,2,3,8,6,1,1,1,1,4,3,5,7,1,2,2,1,1,9,1,3,3,3,3,8,8,8,8,3,8,8,8,3,3,3,3,3,8,8,8,8,3,6,3,3,1,1,3,3,3,3,3,8,3,1,1,3,3,3,3,3,3,3,1,4,4,4,3,3,3,3,3,5,7,1,3,3,3,4,3,3,3,3,3,3,3,3,3,3,2,2,3,3,3,3,1,1,1,1,1,1,1,1,9,9,9,9,9,9,9,9","0.000747919082641602","walktrap","edit-xhwikibooks.graphml"
"0.56","0.03","0.41","0.383295003662969","1,3,1,1,1,1,1,1,1,1,1,2,1,1,1,4,5,1,1,2,3,8,6,1,1,1,1,4,3,5,7,1,2,2,1,1,9,1,3,3,3,3,8,8,8,8,3,8,8,8,3,3,3,3,3,8,8,8,8,3,6,3,3,1,1,3,3,3,3,3,8,3,1,1,3,3,3,3,3,3,3,1,4,4,4,3,3,3,3,3,5,7,1,3,3,3,4,3,3,3,3,3,3,3,3,3,3,2,2,3,3,3,3,1,1,1,1,1,1,1,1,9,9,9,9,9,9,9,9","0.000758886337280273","walktrap","edit-xhwikibooks.graphml"
"0.55","0.04","0.41","0.383295003662969","1,3,1,1,1,1,1,1,1,1,1,2,1,1,1,4,5,1,1,2,3,8,6,1,1,1,1,4,3,5,7,1,2,2,1,1,9,1,3,3,3,3,8,8,8,8,3,8,8,8,3,3,3,3,3,8,8,8,8,3,6,3,3,1,1,3,3,3,3,3,8,3,1,1,3,3,3,3,3,3,3,1,4,4,4,3,3,3,3,3,5,7,1,3,3,3,4,3,3,3,3,3,3,3,3,3,3,2,2,3,3,3,3,1,1,1,1,1,1,1,1,9,9,9,9,9,9,9,9","0.000741958618164062","walktrap","edit-xhwikibooks.graphml"
"0.54","0.05","0.41","0.383064931610578","1,3,1,1,1,1,1,1,1,1,1,2,1,1,1,4,5,1,1,2,3,8,6,1,1,1,1,4,3,5,7,1,2,2,1,1,9,1,3,3,3,3,8,8,8,8,3,8,8,8,3,3,3,3,3,8,8,8,8,3,6,3,3,1,1,3,3,3,3,3,8,3,1,1,3,3,3,3,3,3,3,1,4,4,4,3,3,3,3,3,5,7,1,3,3,3,4,3,3,3,3,3,3,3,3,3,3,2,2,3,3,3,3,1,1,1,1,1,1,1,1,9,9,9,9,9,9,9,9","0.000794172286987305","walktrap","edit-xhwikibooks.graphml"
"0.53","0.06","0.41","0.382556554738311","3,13,3,3,3,1,3,1,1,1,3,2,1,1,1,1,4,3,5,2,13,10,8,1,1,1,1,12,6,4,9,7,2,2,5,5,11,1,13,13,13,13,10,10,10,10,13,10,10,10,13,13,13,13,13,10,10,10,10,13,8,13,13,1,1,13,13,13,13,13,10,13,1,1,13,13,13,13,13,13,13,1,12,12,12,6,13,13,13,13,4,9,7,13,13,13,1,13,13,13,13,13,13,13,13,13,13,2,2,13,13,13,13,5,5,5,5,5,5,5,5,11,11,11,11,11,11,11,11","0.000773191452026367","walktrap","edit-xhwikibooks.graphml"
"0.52","0.07","0.41","0.382315474390067","3,13,3,3,3,1,3,1,1,1,3,2,1,1,1,1,4,3,5,2,13,10,8,1,1,1,1,12,6,4,9,7,2,2,5,5,11,1,13,13,13,13,10,10,10,10,13,10,10,10,13,13,13,13,13,10,10,10,10,13,8,13,13,1,1,13,13,13,13,13,10,13,1,1,13,13,13,13,13,13,13,1,12,12,12,6,13,13,13,13,4,9,7,13,13,13,1,13,13,13,13,13,13,13,13,13,13,2,2,13,13,13,13,5,5,5,5,5,5,5,5,11,11,11,11,11,11,11,11","0.000781059265136719","walktrap","edit-xhwikibooks.graphml"
"0.51","0.08","0.41","0.383169956309556","3,13,3,3,3,1,3,1,1,1,3,2,1,1,1,1,4,3,5,2,13,11,8,1,1,1,1,12,6,4,9,7,2,2,5,5,10,1,13,13,13,13,11,11,11,11,13,11,11,11,13,13,13,13,13,11,11,11,11,13,8,13,13,1,1,13,13,13,13,13,11,13,1,1,13,13,13,13,13,13,13,1,12,12,12,6,13,13,13,13,4,9,7,13,13,13,1,13,13,13,13,13,13,13,13,13,13,2,2,13,13,13,13,5,5,5,5,5,5,5,5,10,10,10,10,10,10,10,10","0.000749111175537109","walktrap","edit-xhwikibooks.graphml"
"0.5","0.09","0.41","0.38292895485522","3,13,3,3,3,1,3,1,1,1,3,2,1,1,1,1,4,3,5,2,13,11,8,1,1,1,1,12,6,4,9,7,2,2,5,5,10,1,13,13,13,13,11,11,11,11,13,11,11,11,13,13,13,13,13,11,11,11,11,13,8,13,13,1,1,13,13,13,13,13,11,13,1,1,13,13,13,13,13,13,13,1,12,12,12,6,13,13,13,13,4,9,7,13,13,13,1,13,13,13,13,13,13,13,13,13,13,2,2,13,13,13,13,5,5,5,5,5,5,5,5,10,10,10,10,10,10,10,10","0.000748157501220703","walktrap","edit-xhwikibooks.graphml"
"0.49","0.1","0.41","0.38292895485522","3,13,3,3,3,1,3,1,1,1,3,2,1,1,1,1,4,3,5,2,13,11,8,1,1,1,1,12,6,4,9,7,2,2,5,5,10,1,13,13,13,13,11,11,11,11,13,11,11,11,13,13,13,13,13,11,11,11,11,13,8,13,13,1,1,13,13,13,13,13,11,13,1,1,13,13,13,13,13,13,13,1,12,12,12,6,13,13,13,13,4,9,7,13,13,13,1,13,13,13,13,13,13,13,13,13,13,2,2,13,13,13,13,5,5,5,5,5,5,5,5,10,10,10,10,10,10,10,10","0.000865936279296875","walktrap","edit-xhwikibooks.graphml"
"0.48","0.11","0.41","0.380187325408771","3,13,3,3,3,1,3,1,1,1,3,2,1,1,1,1,4,3,5,2,13,11,8,1,1,1,1,12,6,4,9,7,2,2,5,5,10,1,13,13,13,13,11,11,11,11,13,11,11,11,13,13,13,13,13,11,11,11,11,13,8,13,13,1,1,13,13,13,13,13,11,13,1,1,13,13,13,13,13,13,13,1,12,12,12,6,13,13,13,13,4,9,7,13,13,13,1,13,13,13,13,13,13,13,13,13,13,2,2,13,13,13,13,5,5,5,5,5,5,5,5,10,10,10,10,10,10,10,10","0.000946998596191406","walktrap","edit-xhwikibooks.graphml"
"0.47","0.12","0.41","0.381662460188691","3,13,3,3,3,1,3,1,1,1,3,2,1,1,1,1,4,3,6,2,13,10,8,1,1,1,1,12,5,4,9,7,2,2,6,6,11,1,13,13,13,13,10,10,10,10,13,10,10,10,13,13,13,13,13,10,10,10,10,13,8,13,13,1,1,13,13,13,13,13,10,13,1,1,13,13,13,13,13,13,13,1,12,12,12,5,13,13,13,13,4,9,7,13,13,13,1,13,13,13,13,13,13,13,13,13,13,2,2,13,13,13,13,6,6,6,6,6,6,6,6,11,11,11,11,11,11,11,11","0.000842094421386719","walktrap","edit-xhwikibooks.graphml"
"0.46","0.13","0.41","0.38142241976719","3,13,3,3,3,1,3,1,1,1,3,2,1,1,1,1,4,3,6,2,13,10,8,1,1,1,1,12,5,4,9,7,2,2,6,6,11,1,13,13,13,13,10,10,10,10,13,10,10,10,13,13,13,13,13,10,10,10,10,13,8,13,13,1,1,13,13,13,13,13,10,13,1,1,13,13,13,13,13,13,13,1,12,12,12,5,13,13,13,13,4,9,7,13,13,13,1,13,13,13,13,13,13,13,13,13,13,2,2,13,13,13,13,6,6,6,6,6,6,6,6,11,11,11,11,11,11,11,11","0.00075221061706543","walktrap","edit-xhwikibooks.graphml"
"0.45","0.14","0.41","0.38142241976719","3,13,3,3,3,1,3,1,1,1,3,2,1,1,1,1,4,3,6,2,13,10,8,1,1,1,1,12,5,4,9,7,2,2,6,6,11,1,13,13,13,13,10,10,10,10,13,10,10,10,13,13,13,13,13,10,10,10,10,13,8,13,13,1,1,13,13,13,13,13,10,13,1,1,13,13,13,13,13,13,13,1,12,12,12,5,13,13,13,13,4,9,7,13,13,13,1,13,13,13,13,13,13,13,13,13,13,2,2,13,13,13,13,6,6,6,6,6,6,6,6,11,11,11,11,11,11,11,11","0.00073695182800293","walktrap","edit-xhwikibooks.graphml"
"0.44","0.15","0.41","0.382837863017756","3,13,3,3,3,1,3,1,1,1,3,2,1,1,1,1,4,3,7,2,13,10,8,1,1,1,1,12,5,4,9,6,2,2,7,7,11,1,13,13,13,13,10,10,10,10,13,10,10,10,13,13,13,13,13,10,10,10,10,13,8,13,13,1,1,13,13,13,13,13,10,13,1,1,13,13,13,13,13,13,13,1,12,12,12,5,13,13,13,13,4,9,6,13,13,13,1,13,13,13,13,13,13,13,13,13,13,2,2,13,13,13,13,7,7,7,7,7,7,7,7,11,11,11,11,11,11,11,11","0.000741004943847656","walktrap","edit-xhwikibooks.graphml"
"0.43","0.16","0.41","0.383686289709456","3,13,3,3,3,1,3,1,1,1,3,2,1,1,1,1,4,3,7,2,13,10,8,1,1,1,1,12,5,4,9,6,2,2,7,7,11,1,13,13,13,13,10,10,10,10,13,10,10,10,13,13,13,13,13,10,10,10,10,13,8,13,13,1,1,13,13,13,13,13,10,13,1,1,13,13,13,13,13,13,13,1,12,12,12,5,13,13,13,13,4,9,6,13,13,13,1,13,13,13,13,13,13,13,13,13,13,2,2,13,13,13,13,7,7,7,7,7,7,7,7,11,11,11,11,11,11,11,11","0.000724077224731445","walktrap","edit-xhwikibooks.graphml"
"0.42","0.17","0.41","0.384259922518546","3,13,3,3,3,1,3,1,1,1,3,2,1,1,1,1,4,3,9,2,13,10,7,1,1,1,1,12,5,4,8,6,2,2,9,9,11,1,13,13,13,13,10,10,10,10,13,10,10,10,13,13,13,13,13,10,10,10,10,13,7,13,13,1,1,13,13,13,13,13,10,13,1,1,13,13,13,13,13,13,13,1,12,12,12,5,13,13,13,13,4,8,6,13,13,13,1,13,13,13,13,13,13,13,13,13,13,2,2,13,13,13,13,9,9,9,9,9,9,9,9,11,11,11,11,11,11,11,11","0.000756025314331055","walktrap","edit-xhwikibooks.graphml"
"0.41","0.18","0.41","0.385158451665594","3,13,3,3,3,1,3,1,1,1,3,2,1,1,1,1,4,3,9,2,13,10,7,1,1,1,1,12,5,4,8,6,2,2,9,9,11,1,13,13,13,13,10,10,10,10,13,10,10,10,13,13,13,13,13,10,10,10,10,13,7,13,13,1,1,13,13,13,13,13,10,13,1,1,13,13,13,13,13,13,13,1,12,12,12,5,13,13,13,13,4,8,6,13,13,13,1,13,13,13,13,13,13,13,13,13,13,2,2,13,13,13,13,9,9,9,9,9,9,9,9,11,11,11,11,11,11,11,11","0.000765800476074219","walktrap","edit-xhwikibooks.graphml"
"0.4","0.19","0.41","0.384918285576457","3,13,3,3,3,1,3,1,1,1,3,2,1,1,1,1,4,3,9,2,13,10,7,1,1,1,1,12,5,4,8,6,2,2,9,9,11,1,13,13,13,13,10,10,10,10,13,10,10,10,13,13,13,13,13,10,10,10,10,13,7,13,13,1,1,13,13,13,13,13,10,13,1,1,13,13,13,13,13,13,13,1,12,12,12,5,13,13,13,13,4,8,6,13,13,13,1,13,13,13,13,13,13,13,13,13,13,2,2,13,13,13,13,9,9,9,9,9,9,9,9,11,11,11,11,11,11,11,11","0.000786066055297852","walktrap","edit-xhwikibooks.graphml"
"0.39","0.2","0.41","0.384575248760621","3,14,3,3,3,2,3,4,4,2,3,1,4,4,4,2,2,3,9,1,14,11,7,4,4,4,4,13,5,10,8,6,1,1,9,9,12,4,14,14,14,14,11,11,11,11,14,11,11,11,14,14,14,14,14,11,11,11,11,14,7,14,14,4,4,14,14,14,14,14,11,14,4,4,14,14,14,14,14,14,14,4,13,13,13,5,14,14,14,14,10,8,6,14,14,14,2,14,14,14,14,14,14,14,14,14,14,1,1,14,14,14,14,9,9,9,9,9,9,9,9,12,12,12,12,12,12,12,12","0.000770092010498047","walktrap","edit-xhwikibooks.graphml"
"0.38","0.21","0.41","0.384336223921537","3,14,3,3,3,2,3,4,4,2,3,1,4,4,4,2,2,3,9,1,14,11,7,4,4,4,4,13,5,10,8,6,1,1,9,9,12,4,14,14,14,14,11,11,11,11,14,11,11,11,14,14,14,14,14,11,11,11,11,14,7,14,14,4,4,14,14,14,14,14,11,14,4,4,14,14,14,14,14,14,14,4,13,13,13,5,14,14,14,14,10,8,6,14,14,14,2,14,14,14,14,14,14,14,14,14,14,1,1,14,14,14,14,9,9,9,9,9,9,9,9,12,12,12,12,12,12,12,12","0.00075984001159668","walktrap","edit-xhwikibooks.graphml"
"0.37","0.22","0.41","0.384336223921537","3,14,3,3,3,2,3,4,4,2,3,1,4,4,4,2,2,3,9,1,14,11,7,4,4,4,4,13,5,10,8,6,1,1,9,9,12,4,14,14,14,14,11,11,11,11,14,11,11,11,14,14,14,14,14,11,11,11,11,14,7,14,14,4,4,14,14,14,14,14,11,14,4,4,14,14,14,14,14,14,14,4,13,13,13,5,14,14,14,14,10,8,6,14,14,14,2,14,14,14,14,14,14,14,14,14,14,1,1,14,14,14,14,9,9,9,9,9,9,9,9,12,12,12,12,12,12,12,12","0.000931978225708008","walktrap","edit-xhwikibooks.graphml"
"0.36","0.23","0.41","0.385770762343196","3,14,3,3,3,2,3,4,4,2,3,1,4,4,4,2,2,3,9,1,14,11,7,4,4,4,4,12,5,10,8,6,1,1,9,9,13,4,14,14,14,14,11,11,11,11,14,11,11,11,14,14,14,14,14,11,11,11,11,14,7,14,14,4,4,14,14,14,14,14,11,14,4,4,14,14,14,14,14,14,14,4,12,12,12,5,14,14,14,14,10,8,6,14,14,14,2,14,14,14,14,14,14,14,14,14,14,1,1,14,14,14,14,9,9,9,9,9,9,9,9,13,13,13,13,13,13,13,13","0.00083613395690918","walktrap","edit-xhwikibooks.graphml"
"0.35","0.24","0.41","0.376331833795995","2,14,2,2,1,2,1,4,4,2,1,1,4,4,4,2,5,3,11,1,14,12,8,4,4,4,4,9,6,5,3,7,10,1,11,11,13,4,14,14,14,14,12,12,12,12,14,12,12,12,14,14,14,14,14,12,12,12,12,14,8,14,14,4,4,14,14,14,14,14,12,14,4,4,14,14,14,14,14,14,14,4,9,9,9,6,14,14,14,14,5,3,7,14,14,14,2,14,14,14,14,14,14,14,14,14,14,10,10,14,14,14,14,11,11,11,11,11,11,11,11,13,13,13,13,13,13,13,13","0.000782966613769531","walktrap","edit-xhwikibooks.graphml"
"0.34","0.25","0.41","0.380139447595394","1,13,1,1,1,1,1,4,4,1,1,2,4,4,4,1,5,3,10,2,13,11,8,4,4,4,4,9,6,5,3,7,2,2,10,10,12,4,13,13,13,13,11,11,11,11,13,11,11,11,13,13,13,13,13,11,11,11,11,13,8,13,13,4,4,13,13,13,13,13,11,13,4,4,13,13,13,13,13,13,13,4,9,9,9,6,13,13,13,13,5,3,7,13,13,13,1,13,13,13,13,13,13,13,13,13,13,2,2,13,13,13,13,10,10,10,10,10,10,10,10,12,12,12,12,12,12,12,12","0.000805139541625977","walktrap","edit-xhwikibooks.graphml"
"0.33","0.26","0.41","0.380139447595394","1,13,1,1,1,1,1,4,4,1,1,2,4,4,4,1,5,3,10,2,13,11,8,4,4,4,4,9,6,5,3,7,2,2,10,10,12,4,13,13,13,13,11,11,11,11,13,11,11,11,13,13,13,13,13,11,11,11,11,13,8,13,13,4,4,13,13,13,13,13,11,13,4,4,13,13,13,13,13,13,13,4,9,9,9,6,13,13,13,13,5,3,7,13,13,13,1,13,13,13,13,13,13,13,13,13,13,2,2,13,13,13,13,10,10,10,10,10,10,10,10,12,12,12,12,12,12,12,12","0.00079798698425293","walktrap","edit-xhwikibooks.graphml"
"0.32","0.27","0.41","0.380139447595394","1,13,1,1,1,1,1,4,4,1,1,2,4,4,4,1,5,3,10,2,13,11,8,4,4,4,4,9,6,5,3,7,2,2,10,10,12,4,13,13,13,13,11,11,11,11,13,11,11,11,13,13,13,13,13,11,11,11,11,13,8,13,13,4,4,13,13,13,13,13,11,13,4,4,13,13,13,13,13,13,13,4,9,9,9,6,13,13,13,13,5,3,7,13,13,13,1,13,13,13,13,13,13,13,13,13,13,2,2,13,13,13,13,10,10,10,10,10,10,10,10,12,12,12,12,12,12,12,12","0.00078582763671875","walktrap","edit-xhwikibooks.graphml"
"0.31","0.28","0.41","0.391162638181466","1,13,1,1,1,1,1,4,4,1,1,2,4,4,4,1,5,3,10,2,13,11,8,4,4,4,4,9,6,5,3,7,2,2,10,10,12,4,13,13,13,13,11,11,11,11,13,11,11,11,13,13,13,13,13,11,11,11,11,13,8,13,13,4,4,13,13,13,13,13,11,13,4,4,13,13,13,13,13,13,13,4,9,9,9,6,13,13,13,13,5,3,7,13,13,13,1,13,13,13,13,13,13,13,13,13,13,2,2,13,13,13,13,10,10,10,10,10,10,10,10,12,12,12,12,12,12,12,12","0.000802040100097656","walktrap","edit-xhwikibooks.graphml"
"0.3","0.29","0.41","0.381285789513668","1,12,1,1,1,1,1,5,5,1,1,2,5,5,5,1,4,3,10,2,12,11,8,5,5,5,5,9,6,4,3,7,2,2,10,10,13,5,12,12,12,12,11,11,11,11,12,11,11,11,12,12,12,12,12,11,11,11,11,12,8,12,12,5,5,12,12,12,12,12,11,12,5,5,12,12,12,12,12,12,12,5,9,9,9,6,12,12,12,12,4,3,7,12,12,12,1,12,12,12,12,12,12,12,12,12,12,2,2,12,12,12,12,10,10,10,10,10,10,10,10,13,13,13,13,13,13,13,13","0.000792026519775391","walktrap","edit-xhwikibooks.graphml"
"0.29","0.3","0.41","0.381037026664696","1,12,1,1,1,1,1,5,5,1,1,2,5,5,5,1,4,3,10,2,12,11,8,5,5,5,5,9,6,4,3,7,2,2,10,10,13,5,12,12,12,12,11,11,11,11,12,11,11,11,12,12,12,12,12,11,11,11,11,12,8,12,12,5,5,12,12,12,12,12,11,12,5,5,12,12,12,12,12,12,12,5,9,9,9,6,12,12,12,12,4,3,7,12,12,12,1,12,12,12,12,12,12,12,12,12,12,2,2,12,12,12,12,10,10,10,10,10,10,10,10,13,13,13,13,13,13,13,13","0.000812053680419922","walktrap","edit-xhwikibooks.graphml"
"0.28","0.31","0.41","0.381916690020834","1,12,1,1,1,1,1,5,5,1,1,2,5,5,5,1,4,3,10,2,12,11,8,5,5,5,5,9,6,4,3,7,2,2,10,10,13,5,12,12,12,12,11,11,11,11,12,11,11,11,12,12,12,12,12,11,11,11,11,12,8,12,12,5,5,12,12,12,12,12,11,12,5,5,12,12,12,12,12,12,12,5,9,9,9,6,12,12,12,12,4,3,7,12,12,12,1,12,12,12,12,12,12,12,12,12,12,2,2,12,12,12,12,10,10,10,10,10,10,10,10,13,13,13,13,13,13,13,13","0.000799894332885742","walktrap","edit-xhwikibooks.graphml"
"0.27","0.32","0.41","0.381419654521701","1,12,1,1,1,1,1,5,5,1,1,2,5,5,5,1,4,3,10,2,12,11,8,5,5,5,5,9,6,4,3,7,2,2,10,10,13,5,12,12,12,12,11,11,11,11,12,11,11,11,12,12,12,12,12,11,11,11,11,12,8,12,12,5,5,12,12,12,12,12,11,12,5,5,12,12,12,12,12,12,12,5,9,9,9,6,12,12,12,12,4,3,7,12,12,12,1,12,12,12,12,12,12,12,12,12,12,2,2,12,12,12,12,10,10,10,10,10,10,10,10,13,13,13,13,13,13,13,13","0.000813961029052734","walktrap","edit-xhwikibooks.graphml"
"0.26","0.33","0.41","0.381419654521701","1,12,1,1,1,1,1,5,5,1,1,2,5,5,5,1,4,3,10,2,12,11,8,5,5,5,5,9,6,4,3,7,2,2,10,10,13,5,12,12,12,12,11,11,11,11,12,11,11,11,12,12,12,12,12,11,11,11,11,12,8,12,12,5,5,12,12,12,12,12,11,12,5,5,12,12,12,12,12,12,12,5,9,9,9,6,12,12,12,12,4,3,7,12,12,12,1,12,12,12,12,12,12,12,12,12,12,2,2,12,12,12,12,10,10,10,10,10,10,10,10,13,13,13,13,13,13,13,13","0.000809907913208008","walktrap","edit-xhwikibooks.graphml"
"0.25","0.34","0.41","0.392103804484757","2,13,2,2,1,2,1,4,4,2,1,1,4,4,4,2,5,3,10,1,13,12,8,4,4,4,4,9,6,5,3,7,11,1,10,10,14,4,13,13,13,13,12,12,12,12,13,12,12,12,13,13,13,13,13,12,12,12,12,13,8,13,13,4,4,13,13,13,13,13,12,13,4,4,13,13,13,13,13,13,13,4,9,9,9,6,13,13,13,13,5,3,7,13,13,13,2,13,13,13,13,13,13,13,13,13,13,11,11,13,13,13,13,10,10,10,10,10,10,10,10,14,14,14,14,14,14,14,14","0.000879049301147461","walktrap","edit-xhwikibooks.graphml"
"0.24","0.35","0.41","0.392103804484757","2,13,2,2,1,2,1,4,4,2,1,1,4,4,4,2,5,3,10,1,13,12,8,4,4,4,4,9,6,5,3,7,11,1,10,10,14,4,13,13,13,13,12,12,12,12,13,12,12,12,13,13,13,13,13,12,12,12,12,13,8,13,13,4,4,13,13,13,13,13,12,13,4,4,13,13,13,13,13,13,13,4,9,9,9,6,13,13,13,13,5,3,7,13,13,13,2,13,13,13,13,13,13,13,13,13,13,11,11,13,13,13,13,10,10,10,10,10,10,10,10,14,14,14,14,14,14,14,14","0.000954866409301758","walktrap","edit-xhwikibooks.graphml"
"0.23","0.36","0.41","0.391853827476022","2,13,2,2,1,2,1,4,4,2,1,1,4,4,4,2,5,3,10,1,13,12,8,4,4,4,4,9,6,5,3,7,11,1,10,10,14,4,13,13,13,13,12,12,12,12,13,12,12,12,13,13,13,13,13,12,12,12,12,13,8,13,13,4,4,13,13,13,13,13,12,13,4,4,13,13,13,13,13,13,13,4,9,9,9,6,13,13,13,13,5,3,7,13,13,13,2,13,13,13,13,13,13,13,13,13,13,11,11,13,13,13,13,10,10,10,10,10,10,10,10,14,14,14,14,14,14,14,14","0.000838994979858398","walktrap","edit-xhwikibooks.graphml"
"0.22","0.37","0.41","0.391853827476022","2,13,2,2,1,2,1,4,4,2,1,1,4,4,4,2,5,3,10,1,13,12,8,4,4,4,4,9,6,5,3,7,11,1,10,10,14,4,13,13,13,13,12,12,12,12,13,12,12,12,13,13,13,13,13,12,12,12,12,13,8,13,13,4,4,13,13,13,13,13,12,13,4,4,13,13,13,13,13,13,13,4,9,9,9,6,13,13,13,13,5,3,7,13,13,13,2,13,13,13,13,13,13,13,13,13,13,11,11,13,13,13,13,10,10,10,10,10,10,10,10,14,14,14,14,14,14,14,14","0.000813007354736328","walktrap","edit-xhwikibooks.graphml"
"0.21","0.38","0.41","0.391604150079993","2,13,2,2,1,2,1,4,4,2,1,1,4,4,4,2,5,3,10,1,13,12,8,4,4,4,4,9,6,5,3,7,11,1,10,10,14,4,13,13,13,13,12,12,12,12,13,12,12,12,13,13,13,13,13,12,12,12,12,13,8,13,13,4,4,13,13,13,13,13,12,13,4,4,13,13,13,13,13,13,13,4,9,9,9,6,13,13,13,13,5,3,7,13,13,13,2,13,13,13,13,13,13,13,13,13,13,11,11,13,13,13,13,10,10,10,10,10,10,10,10,14,14,14,14,14,14,14,14","0.000813007354736328","walktrap","edit-xhwikibooks.graphml"
"0.2","0.39","0.41","0.392452461149885","2,12,2,2,1,2,1,4,4,2,1,1,4,4,4,2,5,3,10,1,12,13,8,4,4,4,4,9,6,5,3,7,11,1,10,10,14,4,12,12,12,12,13,13,13,13,12,13,13,13,12,12,12,12,12,13,13,13,13,12,8,12,12,4,4,12,12,12,12,12,13,12,4,4,12,12,12,12,12,12,12,4,9,9,9,6,12,12,12,12,5,3,7,12,12,12,2,12,12,12,12,12,12,12,12,12,12,11,11,12,12,12,12,10,10,10,10,10,10,10,10,14,14,14,14,14,14,14,14","0.000830888748168945","walktrap","edit-xhwikibooks.graphml"
"0.19","0.4","0.41","0.393944555503146","2,12,2,2,1,2,1,4,4,2,1,1,4,4,4,2,5,3,10,1,12,13,8,4,4,4,4,9,6,5,3,7,11,1,10,10,14,4,12,12,12,12,13,13,13,13,12,13,13,13,12,12,12,12,12,13,13,13,13,12,8,12,12,4,4,12,12,12,12,12,13,12,4,4,12,12,12,12,12,12,12,4,9,9,9,6,12,12,12,12,5,3,7,12,12,12,2,12,12,12,12,12,12,12,12,12,12,11,11,12,12,12,12,10,10,10,10,10,10,10,10,14,14,14,14,14,14,14,14","0.000786066055297852","walktrap","edit-xhwikibooks.graphml"
"0.18","0.41","0.41","0.393944555503146","2,12,2,2,1,2,1,4,4,2,1,1,4,4,4,2,5,3,10,1,12,13,8,4,4,4,4,9,6,5,3,7,11,1,10,10,14,4,12,12,12,12,13,13,13,13,12,13,13,13,12,12,12,12,12,13,13,13,13,12,8,12,12,4,4,12,12,12,12,12,13,12,4,4,12,12,12,12,12,12,12,4,9,9,9,6,12,12,12,12,5,3,7,12,12,12,2,12,12,12,12,12,12,12,12,12,12,11,11,12,12,12,12,10,10,10,10,10,10,10,10,14,14,14,14,14,14,14,14","0.000837087631225586","walktrap","edit-xhwikibooks.graphml"
"0.17","0.42","0.41","0.388776776228712","1,6,1,1,1,1,1,1,1,1,1,2,1,1,1,1,4,3,1,2,6,7,1,1,1,1,1,5,6,4,3,1,2,2,1,1,8,1,6,6,6,6,7,7,7,7,6,7,7,7,6,6,6,6,6,7,7,7,7,6,9,6,6,1,1,6,6,6,6,6,7,6,1,1,6,6,6,6,6,6,6,1,5,5,5,10,6,6,6,6,11,12,13,6,6,6,1,6,6,6,6,6,6,6,6,6,6,2,2,6,6,6,6,1,1,1,1,1,1,1,1,8,8,8,8,8,8,8,8","0.000818967819213867","walktrap","edit-xhwikibooks.graphml"
"0.16","0.43","0.41","0.390173725164236","1,6,1,1,1,1,1,1,1,1,1,2,1,1,1,1,4,3,1,2,6,7,1,1,1,1,1,5,6,4,3,1,2,2,1,1,8,1,6,6,6,6,7,7,7,7,6,7,7,7,6,6,6,6,6,7,7,7,7,6,9,6,6,1,1,6,6,6,6,6,7,6,1,1,6,6,6,6,6,6,6,1,5,5,5,10,6,6,6,6,11,12,13,6,6,6,1,6,6,6,6,6,6,6,6,6,6,2,2,6,6,6,6,1,1,1,1,1,1,1,1,8,8,8,8,8,8,8,8","0.000832080841064453","walktrap","edit-xhwikibooks.graphml"
"0.15","0.44","0.41","0.389938289927979","1,6,1,1,1,1,1,1,1,1,1,2,1,1,1,1,4,3,1,2,6,7,1,1,1,1,1,5,6,4,3,1,2,2,1,1,8,1,6,6,6,6,7,7,7,7,6,7,7,7,6,6,6,6,6,7,7,7,7,6,9,6,6,1,1,6,6,6,6,6,7,6,1,1,6,6,6,6,6,6,6,1,5,5,5,10,6,6,6,6,11,12,13,6,6,6,1,6,6,6,6,6,6,6,6,6,6,2,2,6,6,6,6,1,1,1,1,1,1,1,1,8,8,8,8,8,8,8,8","0.000802040100097656","walktrap","edit-xhwikibooks.graphml"
"0.14","0.45","0.41","0.391539467348247","1,6,1,1,1,1,1,1,1,1,1,2,1,1,1,1,4,3,1,2,6,7,1,1,1,1,1,5,6,4,3,1,2,2,1,1,8,1,6,6,6,6,7,7,7,7,6,7,7,7,6,6,6,6,6,7,7,7,7,6,9,6,6,1,1,6,6,6,6,6,7,6,1,1,6,6,6,6,6,6,6,1,5,5,5,10,6,6,6,6,11,12,13,6,6,6,1,6,6,6,6,6,6,6,6,6,6,2,2,6,6,6,6,1,1,1,1,1,1,1,1,8,8,8,8,8,8,8,8","0.00113391876220703","walktrap","edit-xhwikibooks.graphml"
"0.13","0.46","0.41","0.391304023325936","1,6,1,1,1,1,1,1,1,1,1,2,1,1,1,1,4,3,1,2,6,7,1,1,1,1,1,5,6,4,3,1,2,2,1,1,8,1,6,6,6,6,7,7,7,7,6,7,7,7,6,6,6,6,6,7,7,7,7,6,9,6,6,1,1,6,6,6,6,6,7,6,1,1,6,6,6,6,6,6,6,1,5,5,5,10,6,6,6,6,11,12,13,6,6,6,1,6,6,6,6,6,6,6,6,6,6,2,2,6,6,6,6,1,1,1,1,1,1,1,1,8,8,8,8,8,8,8,8","0.00101709365844727","walktrap","edit-xhwikibooks.graphml"
"0.12","0.47","0.41","0.390079962264999","1,6,1,1,1,1,1,1,1,1,1,2,1,1,1,1,4,3,1,2,6,7,1,1,1,1,1,5,6,4,3,1,2,2,1,1,8,1,6,6,6,6,7,7,7,7,6,7,7,7,6,6,6,6,6,7,7,7,7,6,9,6,6,1,1,6,6,6,6,6,7,6,1,1,6,6,6,6,6,6,6,1,5,5,5,10,6,6,6,6,11,12,13,6,6,6,1,6,6,6,6,6,6,6,6,6,6,2,2,6,6,6,6,1,1,1,1,1,1,1,1,8,8,8,8,8,8,8,8","0.0010218620300293","walktrap","edit-xhwikibooks.graphml"
"0.11","0.48","0.41","0.389844445454993","1,6,1,1,1,1,1,1,1,1,1,2,1,1,1,1,4,3,1,2,6,7,1,1,1,1,1,5,6,4,3,1,2,2,1,1,8,1,6,6,6,6,7,7,7,7,6,7,7,7,6,6,6,6,6,7,7,7,7,6,9,6,6,1,1,6,6,6,6,6,7,6,1,1,6,6,6,6,6,6,6,1,5,5,5,10,6,6,6,6,11,12,13,6,6,6,1,6,6,6,6,6,6,6,6,6,6,2,2,6,6,6,6,1,1,1,1,1,1,1,1,8,8,8,8,8,8,8,8","0.00075984001159668","walktrap","edit-xhwikibooks.graphml"
"0.1","0.49","0.41","0.389844445454993","1,6,1,1,1,1,1,1,1,1,1,2,1,1,1,1,4,3,1,2,6,7,1,1,1,1,1,5,6,4,3,1,2,2,1,1,8,1,6,6,6,6,7,7,7,7,6,7,7,7,6,6,6,6,6,7,7,7,7,6,9,6,6,1,1,6,6,6,6,6,7,6,1,1,6,6,6,6,6,6,6,1,5,5,5,10,6,6,6,6,11,12,13,6,6,6,1,6,6,6,6,6,6,6,6,6,6,2,2,6,6,6,6,1,1,1,1,1,1,1,1,8,8,8,8,8,8,8,8","0.000706195831298828","walktrap","edit-xhwikibooks.graphml"
"0.09","0.5","0.41","0.425830339548632","1,5,1,1,1,1,1,2,2,1,1,3,2,2,2,1,7,6,4,3,5,9,2,2,2,2,2,8,5,7,6,4,3,3,4,4,10,2,5,5,5,5,9,9,9,9,5,9,9,9,5,5,5,5,5,9,9,9,9,5,11,5,5,2,2,5,5,5,5,5,9,5,2,2,5,5,5,5,5,5,5,2,8,8,8,12,5,5,5,5,13,14,15,5,5,5,1,5,5,5,5,5,5,5,5,5,5,3,3,5,5,5,5,4,4,4,4,4,4,4,4,10,10,10,10,10,10,10,10","0.000748872756958008","walktrap","edit-xhwikibooks.graphml"
"0.08","0.51","0.41","0.425830339548632","1,5,1,1,1,1,1,2,2,1,1,3,2,2,2,1,7,6,4,3,5,9,2,2,2,2,2,8,5,7,6,4,3,3,4,4,10,2,5,5,5,5,9,9,9,9,5,9,9,9,5,5,5,5,5,9,9,9,9,5,11,5,5,2,2,5,5,5,5,5,9,5,2,2,5,5,5,5,5,5,5,2,8,8,8,12,5,5,5,5,13,14,15,5,5,5,1,5,5,5,5,5,5,5,5,5,5,3,3,5,5,5,5,4,4,4,4,4,4,4,4,10,10,10,10,10,10,10,10","0.00072789192199707","walktrap","edit-xhwikibooks.graphml"
"0.07","0.52","0.41","0.42481659679878","1,5,1,1,1,1,1,2,2,1,1,3,2,2,2,1,7,6,4,3,5,9,2,2,2,2,2,8,5,7,6,4,3,3,4,4,10,2,5,5,5,5,9,9,9,9,5,9,9,9,5,5,5,5,5,9,9,9,9,5,11,5,5,2,2,5,5,5,5,5,9,5,2,2,5,5,5,5,5,5,5,2,8,8,8,12,5,5,5,5,13,14,15,5,5,5,1,5,5,5,5,5,5,5,5,5,5,3,3,5,5,5,5,4,4,4,4,4,4,4,4,10,10,10,10,10,10,10,10","0.000752925872802734","walktrap","edit-xhwikibooks.graphml"
"0.06","0.53","0.41","0.425374841595834","1,5,1,1,1,1,1,2,2,1,1,3,2,2,2,1,7,6,4,3,5,9,2,2,2,2,2,8,5,7,6,4,3,3,4,4,10,2,5,5,5,5,9,9,9,9,5,9,9,9,5,5,5,5,5,9,9,9,9,5,11,5,5,2,2,5,5,5,5,5,9,5,2,2,5,5,5,5,5,5,5,2,8,8,8,12,5,5,5,5,13,14,15,5,5,5,1,5,5,5,5,5,5,5,5,5,5,3,3,5,5,5,5,4,4,4,4,4,4,4,4,10,10,10,10,10,10,10,10","0.000734090805053711","walktrap","edit-xhwikibooks.graphml"
"0.05","0.54","0.41","0.426143792739522","1,5,1,1,1,1,1,2,2,1,1,3,2,2,2,1,7,6,4,3,5,9,2,2,2,2,2,8,5,7,6,4,3,3,4,4,10,2,5,5,5,5,9,9,9,9,5,9,9,9,5,5,5,5,5,9,9,9,9,5,11,5,5,2,2,5,5,5,5,5,9,5,2,2,5,5,5,5,5,5,5,2,8,8,8,12,5,5,5,5,13,14,15,5,5,5,1,5,5,5,5,5,5,5,5,5,5,3,3,5,5,5,5,4,4,4,4,4,4,4,4,10,10,10,10,10,10,10,10","0.000741958618164062","walktrap","edit-xhwikibooks.graphml"
"0.04","0.55","0.41","0.425889623617668","1,5,1,1,1,1,1,2,2,1,1,3,2,2,2,1,7,6,4,3,5,9,2,2,2,2,2,8,5,7,6,4,3,3,4,4,10,2,5,5,5,5,9,9,9,9,5,9,9,9,5,5,5,5,5,9,9,9,9,5,11,5,5,2,2,5,5,5,5,5,9,5,2,2,5,5,5,5,5,5,5,2,8,8,8,12,5,5,5,5,13,14,15,5,5,5,1,5,5,5,5,5,5,5,5,5,5,3,3,5,5,5,5,4,4,4,4,4,4,4,4,10,10,10,10,10,10,10,10","0.000757932662963867","walktrap","edit-xhwikibooks.graphml"
"0.03","0.56","0.41","0.427406736652076","1,5,1,1,1,1,1,2,2,1,1,3,2,2,2,1,7,6,4,3,5,9,2,2,2,2,2,8,5,7,6,4,3,3,4,4,10,2,5,5,5,5,9,9,9,9,5,9,9,9,5,5,5,5,5,9,9,9,9,5,11,5,5,2,2,5,5,5,5,5,9,5,2,2,5,5,5,5,5,5,5,2,8,8,8,12,5,5,5,5,13,14,15,5,5,5,1,5,5,5,5,5,5,5,5,5,5,3,3,5,5,5,5,4,4,4,4,4,4,4,4,10,10,10,10,10,10,10,10","0.000818014144897461","walktrap","edit-xhwikibooks.graphml"
"0.02","0.57","0.41","0.427655999226307","1,5,1,1,1,1,1,2,2,1,1,3,2,2,2,1,7,6,4,3,5,9,2,2,2,2,2,8,5,7,6,4,3,3,4,4,10,2,5,5,5,5,9,9,9,9,5,9,9,9,5,5,5,5,5,9,9,9,9,5,11,5,5,2,2,5,5,5,5,5,9,5,2,2,5,5,5,5,5,5,5,2,8,8,8,12,5,5,5,5,13,14,15,5,5,5,1,5,5,5,5,5,5,5,5,5,5,3,3,5,5,5,5,4,4,4,4,4,4,4,4,10,10,10,10,10,10,10,10","0.00168013572692871","walktrap","edit-xhwikibooks.graphml"
"0.01","0.58","0.41","0.429110709366391","1,5,1,1,1,1,1,2,2,1,1,3,2,2,2,1,7,6,4,3,5,9,2,2,2,2,2,8,5,7,6,4,3,3,4,4,10,2,5,5,5,5,9,9,9,9,5,9,9,9,5,5,5,5,5,9,9,9,9,5,11,5,5,2,2,5,5,5,5,5,9,5,2,2,5,5,5,5,5,5,5,2,8,8,8,12,5,5,5,5,13,14,15,5,5,5,1,5,5,5,5,5,5,5,5,5,5,3,3,5,5,5,5,4,4,4,4,4,4,4,4,10,10,10,10,10,10,10,10","0.0014040470123291","walktrap","edit-xhwikibooks.graphml"
"0","0.59","0.41","0.426681689105821","2,7,2,2,2,2,2,4,4,2,2,1,4,4,4,3,6,5,2,1,7,8,10,4,4,4,4,3,2,6,5,2,1,1,2,2,9,4,7,7,7,7,8,8,8,8,7,8,8,8,7,7,7,7,7,8,8,8,8,7,11,7,7,4,4,7,7,7,7,7,8,7,4,4,7,7,7,7,7,7,7,4,3,3,3,12,7,7,7,7,13,14,15,7,7,7,3,7,7,7,7,7,7,7,7,7,7,1,1,7,7,7,7,2,2,2,2,2,2,2,2,9,9,9,9,9,9,9,9","0.00131106376647949","walktrap","edit-xhwikibooks.graphml"
"0.58","0","0.42","0.397922932226929","1,3,1,1,1,1,1,1,1,1,1,2,1,1,1,4,5,1,1,2,3,7,6,1,1,1,1,4,3,5,8,1,2,2,1,1,9,1,3,3,3,3,7,7,7,7,3,7,7,7,3,3,3,3,3,7,7,7,7,3,6,3,3,1,1,3,3,3,3,3,7,3,1,1,3,3,3,3,3,3,3,1,4,4,4,3,3,3,3,3,5,8,1,3,3,3,4,3,3,3,3,3,3,3,3,3,3,2,2,3,3,3,3,1,1,1,1,1,1,1,1,9,9,9,9,9,9,9,9","0.00130605697631836","walktrap","edit-xhwikibooks.graphml"
"0.57","0.01","0.42","0.397922932226929","1,3,1,1,1,1,1,1,1,1,1,2,1,1,1,4,5,1,1,2,3,7,6,1,1,1,1,4,3,5,8,1,2,2,1,1,9,1,3,3,3,3,7,7,7,7,3,7,7,7,3,3,3,3,3,7,7,7,7,3,6,3,3,1,1,3,3,3,3,3,7,3,1,1,3,3,3,3,3,3,3,1,4,4,4,3,3,3,3,3,5,8,1,3,3,3,4,3,3,3,3,3,3,3,3,3,3,2,2,3,3,3,3,1,1,1,1,1,1,1,1,9,9,9,9,9,9,9,9","0.00114011764526367","walktrap","edit-xhwikibooks.graphml"
"0.56","0.02","0.42","0.397922932226929","1,3,1,1,1,1,1,1,1,1,1,2,1,1,1,4,5,1,1,2,3,7,6,1,1,1,1,4,3,5,8,1,2,2,1,1,9,1,3,3,3,3,7,7,7,7,3,7,7,7,3,3,3,3,3,7,7,7,7,3,6,3,3,1,1,3,3,3,3,3,7,3,1,1,3,3,3,3,3,3,3,1,4,4,4,3,3,3,3,3,5,8,1,3,3,3,4,3,3,3,3,3,3,3,3,3,3,2,2,3,3,3,3,1,1,1,1,1,1,1,1,9,9,9,9,9,9,9,9","0.000756978988647461","walktrap","edit-xhwikibooks.graphml"
"0.55","0.03","0.42","0.397690699825253","1,3,1,1,1,1,1,1,1,1,1,2,1,1,1,4,5,1,1,2,3,7,6,1,1,1,1,4,3,5,8,1,2,2,1,1,9,1,3,3,3,3,7,7,7,7,3,7,7,7,3,3,3,3,3,7,7,7,7,3,6,3,3,1,1,3,3,3,3,3,7,3,1,1,3,3,3,3,3,3,3,1,4,4,4,3,3,3,3,3,5,8,1,3,3,3,4,3,3,3,3,3,3,3,3,3,3,2,2,3,3,3,3,1,1,1,1,1,1,1,1,9,9,9,9,9,9,9,9","0.000765085220336914","walktrap","edit-xhwikibooks.graphml"
"0.54","0.04","0.42","0.397690699825253","1,3,1,1,1,1,1,1,1,1,1,2,1,1,1,4,5,1,1,2,3,7,6,1,1,1,1,4,3,5,8,1,2,2,1,1,9,1,3,3,3,3,7,7,7,7,3,7,7,7,3,3,3,3,3,7,7,7,7,3,6,3,3,1,1,3,3,3,3,3,7,3,1,1,3,3,3,3,3,3,3,1,4,4,4,3,3,3,3,3,5,8,1,3,3,3,4,3,3,3,3,3,3,3,3,3,3,2,2,3,3,3,3,1,1,1,1,1,1,1,1,9,9,9,9,9,9,9,9","0.000738143920898438","walktrap","edit-xhwikibooks.graphml"
"0.53","0.05","0.42","0.382605545986828","1,3,1,1,1,1,1,1,1,1,1,2,1,1,1,4,5,1,1,2,3,8,6,1,1,1,1,4,3,5,7,1,2,2,1,1,9,1,3,3,3,3,8,8,8,8,3,8,8,8,3,3,3,3,3,8,8,8,8,3,6,3,3,1,1,3,3,3,3,3,8,3,1,1,3,3,3,3,3,3,3,1,4,4,4,3,3,3,3,3,5,7,1,3,3,3,4,3,3,3,3,3,3,3,3,3,3,2,2,3,3,3,3,1,1,1,1,1,1,1,1,9,9,9,9,9,9,9,9","0.00072789192199707","walktrap","edit-xhwikibooks.graphml"
"0.52","0.06","0.42","0.382605545986828","1,3,1,1,1,1,1,1,1,1,1,2,1,1,1,4,5,1,1,2,3,8,6,1,1,1,1,4,3,5,7,1,2,2,1,1,9,1,3,3,3,3,8,8,8,8,3,8,8,8,3,3,3,3,3,8,8,8,8,3,6,3,3,1,1,3,3,3,3,3,8,3,1,1,3,3,3,3,3,3,3,1,4,4,4,3,3,3,3,3,5,7,1,3,3,3,4,3,3,3,3,3,3,3,3,3,3,2,2,3,3,3,3,1,1,1,1,1,1,1,1,9,9,9,9,9,9,9,9","0.000735998153686523","walktrap","edit-xhwikibooks.graphml"
"0.51","0.07","0.42","0.382376231719861","1,3,1,1,1,1,1,1,1,1,1,2,1,1,1,4,5,1,1,2,3,8,6,1,1,1,1,4,3,5,7,1,2,2,1,1,9,1,3,3,3,3,8,8,8,8,3,8,8,8,3,3,3,3,3,8,8,8,8,3,6,3,3,1,1,3,3,3,3,3,8,3,1,1,3,3,3,3,3,3,3,1,4,4,4,3,3,3,3,3,5,7,1,3,3,3,4,3,3,3,3,3,3,3,3,3,3,2,2,3,3,3,3,1,1,1,1,1,1,1,1,9,9,9,9,9,9,9,9","0.00074005126953125","walktrap","edit-xhwikibooks.graphml"
"0.5","0.08","0.42","0.383234917981253","1,3,1,1,1,1,1,1,1,1,1,2,1,1,1,4,5,1,1,2,3,9,6,1,1,1,1,4,3,5,7,1,2,2,1,1,8,1,3,3,3,3,9,9,9,9,3,9,9,9,3,3,3,3,3,9,9,9,9,3,6,3,3,1,1,3,3,3,3,3,9,3,1,1,3,3,3,3,3,3,3,1,4,4,4,3,3,3,3,3,5,7,1,3,3,3,4,3,3,3,3,3,3,3,3,3,3,2,2,3,3,3,3,1,1,1,1,1,1,1,1,8,8,8,8,8,8,8,8","0.000742197036743164","walktrap","edit-xhwikibooks.graphml"
"0.49","0.09","0.42","0.383005619396876","1,3,1,1,1,1,1,1,1,1,1,2,1,1,1,4,5,1,1,2,3,9,6,1,1,1,1,4,3,5,7,1,2,2,1,1,8,1,3,3,3,3,9,9,9,9,3,9,9,9,3,3,3,3,3,9,9,9,9,3,6,3,3,1,1,3,3,3,3,3,9,3,1,1,3,3,3,3,3,3,3,1,4,4,4,3,3,3,3,3,5,7,1,3,3,3,4,3,3,3,3,3,3,3,3,3,3,2,2,3,3,3,3,1,1,1,1,1,1,1,1,8,8,8,8,8,8,8,8","0.000745058059692383","walktrap","edit-xhwikibooks.graphml"
"0.48","0.1","0.42","0.383005619396876","1,3,1,1,1,1,1,1,1,1,1,2,1,1,1,4,5,1,1,2,3,9,6,1,1,1,1,4,3,5,7,1,2,2,1,1,8,1,3,3,3,3,9,9,9,9,3,9,9,9,3,3,3,3,3,9,9,9,9,3,6,3,3,1,1,3,3,3,3,3,9,3,1,1,3,3,3,3,3,3,3,1,4,4,4,3,3,3,3,3,5,7,1,3,3,3,4,3,3,3,3,3,3,3,3,3,3,2,2,3,3,3,3,1,1,1,1,1,1,1,1,8,8,8,8,8,8,8,8","0.000736236572265625","walktrap","edit-xhwikibooks.graphml"
"0.47","0.11","0.42","0.382083061756559","2,13,2,2,2,1,2,1,1,1,2,2,1,1,1,1,3,2,4,2,13,11,7,1,1,1,1,12,5,3,8,6,9,2,4,4,10,1,13,13,13,13,11,11,11,11,13,11,11,11,13,13,13,13,13,11,11,11,11,13,7,13,13,1,1,13,13,13,13,13,11,13,1,1,13,13,13,13,13,13,13,1,12,12,12,5,13,13,13,13,3,8,6,13,13,13,1,13,13,13,13,13,13,13,13,13,13,9,9,13,13,13,13,4,4,4,4,4,4,4,4,10,10,10,10,10,10,10,10","0.000760078430175781","walktrap","edit-xhwikibooks.graphml"
"0.46","0.12","0.42","0.383545564317765","2,13,2,2,2,1,2,1,1,1,2,2,1,1,1,1,3,2,6,2,13,10,7,1,1,1,1,12,4,3,8,5,9,2,6,6,11,1,13,13,13,13,10,10,10,10,13,10,10,10,13,13,13,13,13,10,10,10,10,13,7,13,13,1,1,13,13,13,13,13,10,13,1,1,13,13,13,13,13,13,13,1,12,12,12,4,13,13,13,13,3,8,5,13,13,13,1,13,13,13,13,13,13,13,13,13,13,9,9,13,13,13,13,6,6,6,6,6,6,6,6,11,11,11,11,11,11,11,11","0.000787973403930664","walktrap","edit-xhwikibooks.graphml"
"0.45","0.13","0.42","0.383305767508764","2,13,2,2,2,1,2,1,1,1,2,2,1,1,1,1,3,2,6,2,13,10,7,1,1,1,1,12,4,3,8,5,9,2,6,6,11,1,13,13,13,13,10,10,10,10,13,10,10,10,13,13,13,13,13,10,10,10,10,13,7,13,13,1,1,13,13,13,13,13,10,13,1,1,13,13,13,13,13,13,13,1,12,12,12,4,13,13,13,13,3,8,5,13,13,13,1,13,13,13,13,13,13,13,13,13,13,9,9,13,13,13,13,6,6,6,6,6,6,6,6,11,11,11,11,11,11,11,11","0.000783920288085938","walktrap","edit-xhwikibooks.graphml"
"0.44","0.14","0.42","0.383305767508764","2,13,2,2,2,1,2,1,1,1,2,2,1,1,1,1,3,2,6,2,13,10,7,1,1,1,1,12,4,3,8,5,9,2,6,6,11,1,13,13,13,13,10,10,10,10,13,10,10,10,13,13,13,13,13,10,10,10,10,13,7,13,13,1,1,13,13,13,13,13,10,13,1,1,13,13,13,13,13,13,13,1,12,12,12,4,13,13,13,13,3,8,5,13,13,13,1,13,13,13,13,13,13,13,13,13,13,9,9,13,13,13,13,6,6,6,6,6,6,6,6,11,11,11,11,11,11,11,11","0.000732183456420898","walktrap","edit-xhwikibooks.graphml"
"0.43","0.15","0.42","0.384706717608914","2,13,2,2,2,1,2,1,1,1,2,2,1,1,1,1,3,2,6,2,13,10,7,1,1,1,1,12,4,3,8,5,9,2,6,6,11,1,13,13,13,13,10,10,10,10,13,10,10,10,13,13,13,13,13,10,10,10,10,13,7,13,13,1,1,13,13,13,13,13,10,13,1,1,13,13,13,13,13,13,13,1,12,12,12,4,13,13,13,13,3,8,5,13,13,13,1,13,13,13,13,13,13,13,13,13,13,9,9,13,13,13,13,6,6,6,6,6,6,6,6,11,11,11,11,11,11,11,11","0.000856876373291016","walktrap","edit-xhwikibooks.graphml"
"0.42","0.16","0.42","0.386566887293579","3,13,3,3,3,1,3,1,1,1,3,2,1,1,1,1,4,3,7,2,13,10,8,1,1,1,1,12,5,4,9,6,2,2,7,7,11,1,13,13,13,13,10,10,10,10,13,10,10,10,13,13,13,13,13,10,10,10,10,13,8,13,13,1,1,13,13,13,13,13,10,13,1,1,13,13,13,13,13,13,13,1,12,12,12,5,13,13,13,13,4,9,6,13,13,13,1,13,13,13,13,13,13,13,13,13,13,2,2,13,13,13,13,7,7,7,7,7,7,7,7,11,11,11,11,11,11,11,11","0.00079798698425293","walktrap","edit-xhwikibooks.graphml"
"0.41","0.17","0.42","0.3873719623125","3,13,3,3,3,1,3,1,1,1,3,2,1,1,1,1,4,3,9,2,13,10,7,1,1,1,1,12,5,4,8,6,2,2,9,9,11,1,13,13,13,13,10,10,10,10,13,10,10,10,13,13,13,13,13,10,10,10,10,13,7,13,13,1,1,13,13,13,13,13,10,13,1,1,13,13,13,13,13,13,13,1,12,12,12,5,13,13,13,13,4,8,6,13,13,13,1,13,13,13,13,13,13,13,13,13,13,2,2,13,13,13,13,9,9,9,9,9,9,9,9,11,11,11,11,11,11,11,11","0.000730991363525391","walktrap","edit-xhwikibooks.graphml"
"0.4","0.18","0.42","0.3873719623125","3,13,3,3,3,1,3,1,1,1,3,2,1,1,1,1,4,3,9,2,13,10,7,1,1,1,1,12,5,4,8,6,2,2,9,9,11,1,13,13,13,13,10,10,10,10,13,10,10,10,13,13,13,13,13,10,10,10,10,13,7,13,13,1,1,13,13,13,13,13,10,13,1,1,13,13,13,13,13,13,13,1,12,12,12,5,13,13,13,13,4,8,6,13,13,13,1,13,13,13,13,13,13,13,13,13,13,2,2,13,13,13,13,9,9,9,9,9,9,9,9,11,11,11,11,11,11,11,11","0.000725984573364258","walktrap","edit-xhwikibooks.graphml"
"0.39","0.19","0.42","0.38713159136275","3,13,3,3,3,1,3,1,1,1,3,2,1,1,1,1,4,3,9,2,13,10,7,1,1,1,1,12,5,4,8,6,2,2,9,9,11,1,13,13,13,13,10,10,10,10,13,10,10,10,13,13,13,13,13,10,10,10,10,13,7,13,13,1,1,13,13,13,13,13,10,13,1,1,13,13,13,13,13,13,13,1,12,12,12,5,13,13,13,13,4,8,6,13,13,13,1,13,13,13,13,13,13,13,13,13,13,2,2,13,13,13,13,9,9,9,9,9,9,9,9,11,11,11,11,11,11,11,11","0.000734090805053711","walktrap","edit-xhwikibooks.graphml"
"0.38","0.2","0.42","0.386800876623148","3,14,3,3,3,2,3,4,4,2,3,1,4,4,4,2,2,3,9,1,14,11,7,4,4,4,4,13,5,10,8,6,1,1,9,9,12,4,14,14,14,14,11,11,11,11,14,11,11,11,14,14,14,14,14,11,11,11,11,14,7,14,14,4,4,14,14,14,14,14,11,14,4,4,14,14,14,14,14,14,14,4,13,13,13,5,14,14,14,14,10,8,6,14,14,14,2,14,14,14,14,14,14,14,14,14,14,1,1,14,14,14,14,9,9,9,9,9,9,9,9,12,12,12,12,12,12,12,12","0.000731945037841797","walktrap","edit-xhwikibooks.graphml"
"0.37","0.21","0.42","0.384097479675562","3,14,3,3,3,2,3,4,4,2,3,1,4,4,4,2,2,3,9,1,14,11,7,4,4,4,4,13,5,10,8,6,1,1,9,9,12,4,14,14,14,14,11,11,11,11,14,11,11,11,14,14,14,14,14,11,11,11,11,14,7,14,14,4,4,14,14,14,14,14,11,14,4,4,14,14,14,14,14,14,14,4,13,13,13,5,14,14,14,14,10,8,6,14,14,14,2,14,14,14,14,14,14,14,14,14,14,1,1,14,14,14,14,9,9,9,9,9,9,9,9,12,12,12,12,12,12,12,12","0.000719070434570312","walktrap","edit-xhwikibooks.graphml"
"0.36","0.22","0.42","0.384097479675562","3,14,3,3,3,2,3,4,4,2,3,1,4,4,4,2,2,3,9,1,14,11,7,4,4,4,4,13,5,10,8,6,1,1,9,9,12,4,14,14,14,14,11,11,11,11,14,11,11,11,14,14,14,14,14,11,11,11,11,14,7,14,14,4,4,14,14,14,14,14,11,14,4,4,14,14,14,14,14,14,14,4,13,13,13,5,14,14,14,14,10,8,6,14,14,14,2,14,14,14,14,14,14,14,14,14,14,1,1,14,14,14,14,9,9,9,9,9,9,9,9,12,12,12,12,12,12,12,12","0.00074005126953125","walktrap","edit-xhwikibooks.graphml"
"0.35","0.23","0.42","0.385531910160638","3,14,3,3,3,2,3,4,4,2,3,1,4,4,4,2,2,3,9,1,14,11,7,4,4,4,4,12,5,10,8,6,1,1,9,9,13,4,14,14,14,14,11,11,11,11,14,11,11,11,14,14,14,14,14,11,11,11,11,14,7,14,14,4,4,14,14,14,14,14,11,14,4,4,14,14,14,14,14,14,14,4,12,12,12,5,14,14,14,14,10,8,6,14,14,14,2,14,14,14,14,14,14,14,14,14,14,1,1,14,14,14,14,9,9,9,9,9,9,9,9,13,13,13,13,13,13,13,13","0.000741004943847656","walktrap","edit-xhwikibooks.graphml"
"0.34","0.24","0.42","0.386364725659082","3,14,3,3,3,2,3,4,4,2,3,1,4,4,4,2,2,3,9,1,14,11,7,4,4,4,4,12,5,10,8,6,1,1,9,9,13,4,14,14,14,14,11,11,11,11,14,11,11,11,14,14,14,14,14,11,11,11,11,14,7,14,14,4,4,14,14,14,14,14,11,14,4,4,14,14,14,14,14,14,14,4,12,12,12,5,14,14,14,14,10,8,6,14,14,14,2,14,14,14,14,14,14,14,14,14,14,1,1,14,14,14,14,9,9,9,9,9,9,9,9,13,13,13,13,13,13,13,13","0.000764131546020508","walktrap","edit-xhwikibooks.graphml"
"0.33","0.25","0.42","0.388672746412106","3,13,3,3,3,2,3,4,4,2,3,1,4,4,4,2,2,3,9,1,13,11,7,4,4,4,4,14,5,10,8,6,1,1,9,9,12,4,13,13,13,13,11,11,11,11,13,11,11,11,13,13,13,13,13,11,11,11,11,13,7,13,13,4,4,13,13,13,13,13,11,13,4,4,13,13,13,13,13,13,13,4,14,14,14,5,13,13,13,13,10,8,6,13,13,13,2,13,13,13,13,13,13,13,13,13,13,1,1,13,13,13,13,9,9,9,9,9,9,9,9,12,12,12,12,12,12,12,12","0.000766992568969727","walktrap","edit-xhwikibooks.graphml"
"0.32","0.26","0.42","0.388672746412106","3,13,3,3,3,2,3,4,4,2,3,1,4,4,4,2,2,3,9,1,13,11,7,4,4,4,4,14,5,10,8,6,1,1,9,9,12,4,13,13,13,13,11,11,11,11,13,11,11,11,13,13,13,13,13,11,11,11,11,13,7,13,13,4,4,13,13,13,13,13,11,13,4,4,13,13,13,13,13,13,13,4,14,14,14,5,13,13,13,13,10,8,6,13,13,13,2,13,13,13,13,13,13,13,13,13,13,1,1,13,13,13,13,9,9,9,9,9,9,9,9,12,12,12,12,12,12,12,12","0.000809907913208008","walktrap","edit-xhwikibooks.graphml"
"0.31","0.27","0.42","0.379901163577484","1,13,1,1,1,1,1,4,4,1,1,2,4,4,4,1,5,3,10,2,13,11,8,4,4,4,4,9,6,5,3,7,2,2,10,10,12,4,13,13,13,13,11,11,11,11,13,11,11,11,13,13,13,13,13,11,11,11,11,13,8,13,13,4,4,13,13,13,13,13,11,13,4,4,13,13,13,13,13,13,13,4,9,9,9,6,13,13,13,13,5,3,7,13,13,13,1,13,13,13,13,13,13,13,13,13,13,2,2,13,13,13,13,10,10,10,10,10,10,10,10,12,12,12,12,12,12,12,12","0.000791072845458984","walktrap","edit-xhwikibooks.graphml"
"0.3","0.28","0.42","0.379663162461087","1,13,1,1,1,1,1,4,4,1,1,2,4,4,4,1,5,3,10,2,13,11,8,4,4,4,4,9,6,5,3,7,2,2,10,10,12,4,13,13,13,13,11,11,11,11,13,11,11,11,13,13,13,13,13,11,11,11,11,13,8,13,13,4,4,13,13,13,13,13,11,13,4,4,13,13,13,13,13,13,13,4,9,9,9,6,13,13,13,13,5,3,7,13,13,13,1,13,13,13,13,13,13,13,13,13,13,2,2,13,13,13,13,10,10,10,10,10,10,10,10,12,12,12,12,12,12,12,12","0.000979900360107422","walktrap","edit-xhwikibooks.graphml"
"0.29","0.29","0.42","0.381323773293292","1,13,1,1,1,1,1,4,4,1,1,2,4,4,4,1,5,3,10,2,13,11,8,4,4,4,4,9,6,5,3,7,2,2,10,10,12,4,13,13,13,13,11,11,11,11,13,11,11,11,13,13,13,13,13,11,11,11,11,13,8,13,13,4,4,13,13,13,13,13,11,13,4,4,13,13,13,13,13,13,13,4,9,9,9,6,13,13,13,13,5,3,7,13,13,13,1,13,13,13,13,13,13,13,13,13,13,2,2,13,13,13,13,10,10,10,10,10,10,10,10,12,12,12,12,12,12,12,12","0.000739097595214844","walktrap","edit-xhwikibooks.graphml"
"0.28","0.3","0.42","0.381085698240448","1,13,1,1,1,1,1,4,4,1,1,2,4,4,4,1,5,3,10,2,13,11,8,4,4,4,4,9,6,5,3,7,2,2,10,10,12,4,13,13,13,13,11,11,11,11,13,11,11,11,13,13,13,13,13,11,11,11,11,13,8,13,13,4,4,13,13,13,13,13,11,13,4,4,13,13,13,13,13,13,13,4,9,9,9,6,13,13,13,13,5,3,7,13,13,13,1,13,13,13,13,13,13,13,13,13,13,2,2,13,13,13,13,10,10,10,10,10,10,10,10,12,12,12,12,12,12,12,12","0.000725984573364258","walktrap","edit-xhwikibooks.graphml"
"0.27","0.31","0.42","0.381929887284141","1,13,1,1,1,1,1,4,4,1,1,2,4,4,4,1,5,3,10,2,13,12,8,4,4,4,4,9,6,5,3,7,2,2,10,10,11,4,13,13,13,13,12,12,12,12,13,12,12,12,13,13,13,13,13,12,12,12,12,13,8,13,13,4,4,13,13,13,13,13,12,13,4,4,13,13,13,13,13,13,13,4,9,9,9,6,13,13,13,13,5,3,7,13,13,13,1,13,13,13,13,13,13,13,13,13,13,2,2,13,13,13,13,10,10,10,10,10,10,10,10,11,11,11,11,11,11,11,11","0.000781059265136719","walktrap","edit-xhwikibooks.graphml"
"0.26","0.32","0.42","0.381454177125996","1,13,1,1,1,1,1,4,4,1,1,2,4,4,4,1,5,3,10,2,13,12,8,4,4,4,4,9,6,5,3,7,2,2,10,10,11,4,13,13,13,13,12,12,12,12,13,12,12,12,13,13,13,13,13,12,12,12,12,13,8,13,13,4,4,13,13,13,13,13,12,13,4,4,13,13,13,13,13,13,13,4,9,9,9,6,13,13,13,13,5,3,7,13,13,13,1,13,13,13,13,13,13,13,13,13,13,2,2,13,13,13,13,10,10,10,10,10,10,10,10,11,11,11,11,11,11,11,11","0.000716924667358398","walktrap","edit-xhwikibooks.graphml"
"0.25","0.33","0.42","0.381454177125996","1,13,1,1,1,1,1,4,4,1,1,2,4,4,4,1,5,3,10,2,13,12,8,4,4,4,4,9,6,5,3,7,2,2,10,10,11,4,13,13,13,13,12,12,12,12,13,12,12,12,13,13,13,13,13,12,12,12,12,13,8,13,13,4,4,13,13,13,13,13,12,13,4,4,13,13,13,13,13,13,13,4,9,9,9,6,13,13,13,13,5,3,7,13,13,13,1,13,13,13,13,13,13,13,13,13,13,2,2,13,13,13,13,10,10,10,10,10,10,10,10,11,11,11,11,11,11,11,11","0.000794172286987305","walktrap","edit-xhwikibooks.graphml"
"0.24","0.34","0.42","0.391671258034894","2,13,2,2,1,2,1,4,4,2,1,1,4,4,4,2,5,3,10,1,13,12,8,4,4,4,4,9,6,5,3,7,11,1,10,10,14,4,13,13,13,13,12,12,12,12,13,12,12,12,13,13,13,13,13,12,12,12,12,13,8,13,13,4,4,13,13,13,13,13,12,13,4,4,13,13,13,13,13,13,13,4,9,9,9,6,13,13,13,13,5,3,7,13,13,13,2,13,13,13,13,13,13,13,13,13,13,11,11,13,13,13,13,10,10,10,10,10,10,10,10,14,14,14,14,14,14,14,14","0.000812053680419922","walktrap","edit-xhwikibooks.graphml"
"0.23","0.35","0.42","0.391671258034894","2,13,2,2,1,2,1,4,4,2,1,1,4,4,4,2,5,3,10,1,13,12,8,4,4,4,4,9,6,5,3,7,11,1,10,10,14,4,13,13,13,13,12,12,12,12,13,12,12,12,13,13,13,13,13,12,12,12,12,13,8,13,13,4,4,13,13,13,13,13,12,13,4,4,13,13,13,13,13,13,13,4,9,9,9,6,13,13,13,13,5,3,7,13,13,13,2,13,13,13,13,13,13,13,13,13,13,11,11,13,13,13,13,10,10,10,10,10,10,10,10,14,14,14,14,14,14,14,14","0.000765085220336914","walktrap","edit-xhwikibooks.graphml"
"0.22","0.36","0.42","0.39143206377386","2,13,2,2,1,2,1,4,4,2,1,1,4,4,4,2,5,3,10,1,13,12,8,4,4,4,4,9,6,5,3,7,11,1,10,10,14,4,13,13,13,13,12,12,12,12,13,12,12,12,13,13,13,13,13,12,12,12,12,13,8,13,13,4,4,13,13,13,13,13,12,13,4,4,13,13,13,13,13,13,13,4,9,9,9,6,13,13,13,13,5,3,7,13,13,13,2,13,13,13,13,13,13,13,13,13,13,11,11,13,13,13,13,10,10,10,10,10,10,10,10,14,14,14,14,14,14,14,14","0.00072789192199707","walktrap","edit-xhwikibooks.graphml"
"0.21","0.37","0.42","0.380434680956522","2,13,2,2,1,2,1,4,4,2,1,1,4,4,4,2,5,3,10,1,13,12,8,4,4,4,4,9,6,5,3,7,11,1,10,10,14,4,13,13,13,13,12,12,12,12,13,12,12,12,13,13,13,13,13,12,12,12,12,13,8,13,13,4,4,13,13,13,13,13,12,13,4,4,13,13,13,13,13,13,13,4,9,9,9,6,13,13,13,13,5,3,7,13,13,13,2,13,13,13,13,13,13,13,13,13,13,11,11,13,13,13,13,10,10,10,10,10,10,10,10,14,14,14,14,14,14,14,14","0.000730037689208984","walktrap","edit-xhwikibooks.graphml"
"0.2","0.38","0.42","0.380198554871633","2,13,2,2,1,2,1,4,4,2,1,1,4,4,4,2,5,3,10,1,13,12,8,4,4,4,4,9,6,5,3,7,11,1,10,10,14,4,13,13,13,13,12,12,12,12,13,12,12,12,13,13,13,13,13,12,12,12,12,13,8,13,13,4,4,13,13,13,13,13,12,13,4,4,13,13,13,13,13,13,13,4,9,9,9,6,13,13,13,13,5,3,7,13,13,13,2,13,13,13,13,13,13,13,13,13,13,11,11,13,13,13,13,10,10,10,10,10,10,10,10,14,14,14,14,14,14,14,14","0.000716209411621094","walktrap","edit-xhwikibooks.graphml"
"0.19","0.39","0.42","0.381037818308956","2,12,2,2,1,2,1,4,4,2,1,1,4,4,4,2,5,3,10,1,12,13,8,4,4,4,4,9,6,5,3,7,11,1,10,10,14,4,12,12,12,12,13,13,13,13,12,13,13,13,12,12,12,12,12,13,13,13,13,12,8,12,12,4,4,12,12,12,12,12,13,12,4,4,12,12,12,12,12,12,12,4,9,9,9,6,12,12,12,12,5,3,7,12,12,12,2,12,12,12,12,12,12,12,12,12,12,11,11,12,12,12,12,10,10,10,10,10,10,10,10,14,14,14,14,14,14,14,14","0.000728130340576172","walktrap","edit-xhwikibooks.graphml"
"0.18","0.4","0.42","0.382521959501592","2,12,2,2,1,2,1,4,4,2,1,1,4,4,4,2,5,3,10,1,12,13,8,4,4,4,4,9,6,5,3,7,11,1,10,10,14,4,12,12,12,12,13,13,13,13,12,13,13,13,12,12,12,12,12,13,13,13,13,12,8,12,12,4,4,12,12,12,12,12,13,12,4,4,12,12,12,12,12,12,12,4,9,9,9,6,12,12,12,12,5,3,7,12,12,12,2,12,12,12,12,12,12,12,12,12,12,11,11,12,12,12,12,10,10,10,10,10,10,10,10,14,14,14,14,14,14,14,14","0.000771999359130859","walktrap","edit-xhwikibooks.graphml"
"0.17","0.41","0.42","0.382521959501592","2,12,2,2,1,2,1,4,4,2,1,1,4,4,4,2,5,3,10,1,12,13,8,4,4,4,4,9,6,5,3,7,11,1,10,10,14,4,12,12,12,12,13,13,13,13,12,13,13,13,12,12,12,12,12,13,13,13,13,12,8,12,12,4,4,12,12,12,12,12,13,12,4,4,12,12,12,12,12,12,12,4,9,9,9,6,12,12,12,12,5,3,7,12,12,12,2,12,12,12,12,12,12,12,12,12,12,11,11,12,12,12,12,10,10,10,10,10,10,10,10,14,14,14,14,14,14,14,14","0.00074005126953125","walktrap","edit-xhwikibooks.graphml"
"0.16","0.42","0.42","0.382285722890589","2,12,2,2,1,2,1,4,4,2,1,1,4,4,4,2,5,3,10,1,12,13,8,4,4,4,4,9,6,5,3,7,11,1,10,10,14,4,12,12,12,12,13,13,13,13,12,13,13,13,12,12,12,12,12,13,13,13,13,12,8,12,12,4,4,12,12,12,12,12,13,12,4,4,12,12,12,12,12,12,12,4,9,9,9,6,12,12,12,12,5,3,7,12,12,12,2,12,12,12,12,12,12,12,12,12,12,11,11,12,12,12,12,10,10,10,10,10,10,10,10,14,14,14,14,14,14,14,14","0.000715970993041992","walktrap","edit-xhwikibooks.graphml"
"0.15","0.43","0.42","0.379604335411689","1,6,1,1,1,1,1,1,1,1,1,2,1,1,1,1,4,3,1,2,6,7,1,1,1,1,1,5,6,4,3,1,2,2,1,1,8,1,6,6,6,6,7,7,7,7,6,7,7,7,6,6,6,6,6,7,7,7,7,6,9,6,6,1,1,6,6,6,6,6,7,6,1,1,6,6,6,6,6,6,6,1,5,5,5,10,6,6,6,6,11,12,13,6,6,6,1,6,6,6,6,6,6,6,6,6,6,2,2,6,6,6,6,1,1,1,1,1,1,1,1,8,8,8,8,8,8,8,8","0.000723838806152344","walktrap","edit-xhwikibooks.graphml"
"0.14","0.44","0.42","0.379380364817792","1,6,1,1,1,1,1,1,1,1,1,2,1,1,1,1,4,3,1,2,6,7,1,1,1,1,1,5,6,4,3,1,2,2,1,1,8,1,6,6,6,6,7,7,7,7,6,7,7,7,6,6,6,6,6,7,7,7,7,6,9,6,6,1,1,6,6,6,6,6,7,6,1,1,6,6,6,6,6,6,6,1,5,5,5,10,6,6,6,6,11,12,13,6,6,6,1,6,6,6,6,6,6,6,6,6,6,2,2,6,6,6,6,1,1,1,1,1,1,1,1,8,8,8,8,8,8,8,8","0.000732898712158203","walktrap","edit-xhwikibooks.graphml"
"0.13","0.45","0.42","0.380968567300224","1,6,1,1,1,1,1,1,1,1,1,2,1,1,1,1,4,3,1,2,6,7,1,1,1,1,1,5,6,4,3,1,2,2,1,1,8,1,6,6,6,6,7,7,7,7,6,7,7,7,6,6,6,6,6,7,7,7,7,6,9,6,6,1,1,6,6,6,6,6,7,6,1,1,6,6,6,6,6,6,6,1,5,5,5,10,6,6,6,6,11,12,13,6,6,6,1,6,6,6,6,6,6,6,6,6,6,2,2,6,6,6,6,1,1,1,1,1,1,1,1,8,8,8,8,8,8,8,8","0.000735044479370117","walktrap","edit-xhwikibooks.graphml"
"0.12","0.46","0.42","0.380744540124036","1,6,1,1,1,1,1,1,1,1,1,2,1,1,1,1,4,3,1,2,6,7,1,1,1,1,1,5,6,4,3,1,2,2,1,1,8,1,6,6,6,6,7,7,7,7,6,7,7,7,6,6,6,6,6,7,7,7,7,6,9,6,6,1,1,6,6,6,6,6,7,6,1,1,6,6,6,6,6,6,6,1,5,5,5,10,6,6,6,6,11,12,13,6,6,6,1,6,6,6,6,6,6,6,6,6,6,2,2,6,6,6,6,1,1,1,1,1,1,1,1,8,8,8,8,8,8,8,8","0.000739097595214844","walktrap","edit-xhwikibooks.graphml"
"0.11","0.47","0.42","0.381591175237462","1,6,1,1,1,1,1,1,1,1,1,2,1,1,1,1,4,3,1,2,6,7,1,1,1,1,1,5,6,4,3,1,2,2,1,1,8,1,6,6,6,6,7,7,7,7,6,7,7,7,6,6,6,6,6,7,7,7,7,6,9,6,6,1,1,6,6,6,6,6,7,6,1,1,6,6,6,6,6,6,6,1,5,5,5,10,6,6,6,6,11,12,13,6,6,6,1,6,6,6,6,6,6,6,6,6,6,2,2,6,6,6,6,1,1,1,1,1,1,1,1,8,8,8,8,8,8,8,8","0.000756978988647461","walktrap","edit-xhwikibooks.graphml"
"0.1","0.48","0.42","0.381367157546586","1,6,1,1,1,1,1,1,1,1,1,2,1,1,1,1,4,3,1,2,6,7,1,1,1,1,1,5,6,4,3,1,2,2,1,1,8,1,6,6,6,6,7,7,7,7,6,7,7,7,6,6,6,6,6,7,7,7,7,6,9,6,6,1,1,6,6,6,6,6,7,6,1,1,6,6,6,6,6,6,6,1,5,5,5,10,6,6,6,6,11,12,13,6,6,6,1,6,6,6,6,6,6,6,6,6,6,2,2,6,6,6,6,1,1,1,1,1,1,1,1,8,8,8,8,8,8,8,8","0.000791072845458984","walktrap","edit-xhwikibooks.graphml"
"0.09","0.49","0.42","0.381367157546586","1,6,1,1,1,1,1,1,1,1,1,2,1,1,1,1,4,3,1,2,6,7,1,1,1,1,1,5,6,4,3,1,2,2,1,1,8,1,6,6,6,6,7,7,7,7,6,7,7,7,6,6,6,6,6,7,7,7,7,6,9,6,6,1,1,6,6,6,6,6,7,6,1,1,6,6,6,6,6,6,6,1,5,5,5,10,6,6,6,6,11,12,13,6,6,6,1,6,6,6,6,6,6,6,6,6,6,2,2,6,6,6,6,1,1,1,1,1,1,1,1,8,8,8,8,8,8,8,8","0.000756025314331055","walktrap","edit-xhwikibooks.graphml"
"0.08","0.5","0.42","0.416706661534367","1,5,1,1,1,1,1,2,2,1,1,3,2,2,2,1,7,6,4,3,5,9,2,2,2,2,2,8,5,7,6,4,3,3,4,4,10,2,5,5,5,5,9,9,9,9,5,9,9,9,5,5,5,5,5,9,9,9,9,5,11,5,5,2,2,5,5,5,5,5,9,5,2,2,5,5,5,5,5,5,5,2,8,8,8,12,5,5,5,5,13,14,15,5,5,5,1,5,5,5,5,5,5,5,5,5,5,3,3,5,5,5,5,4,4,4,4,4,4,4,4,10,10,10,10,10,10,10,10","0.000735998153686523","walktrap","edit-xhwikibooks.graphml"
"0.07","0.51","0.42","0.416706661534367","1,5,1,1,1,1,1,2,2,1,1,3,2,2,2,1,7,6,4,3,5,9,2,2,2,2,2,8,5,7,6,4,3,3,4,4,10,2,5,5,5,5,9,9,9,9,5,9,9,9,5,5,5,5,5,9,9,9,9,5,11,5,5,2,2,5,5,5,5,5,9,5,2,2,5,5,5,5,5,5,5,2,8,8,8,12,5,5,5,5,13,14,15,5,5,5,1,5,5,5,5,5,5,5,5,5,5,3,3,5,5,5,5,4,4,4,4,4,4,4,4,10,10,10,10,10,10,10,10","0.000753879547119141","walktrap","edit-xhwikibooks.graphml"
"0.06","0.52","0.42","0.416464245592018","1,5,1,1,1,1,1,2,2,1,1,3,2,2,2,1,7,6,4,3,5,9,2,2,2,2,2,8,5,7,6,4,3,3,4,4,10,2,5,5,5,5,9,9,9,9,5,9,9,9,5,5,5,5,5,9,9,9,9,5,11,5,5,2,2,5,5,5,5,5,9,5,2,2,5,5,5,5,5,5,5,2,8,8,8,12,5,5,5,5,13,14,15,5,5,5,1,5,5,5,5,5,5,5,5,5,5,3,3,5,5,5,5,4,4,4,4,4,4,4,4,10,10,10,10,10,10,10,10","0.000838041305541992","walktrap","edit-xhwikibooks.graphml"
"0.05","0.53","0.42","0.414725363476417","1,5,1,1,1,1,1,2,2,1,1,3,2,2,2,1,7,6,4,3,5,9,2,2,2,2,2,8,5,7,6,4,3,3,4,4,10,2,5,5,5,5,9,9,9,9,5,9,9,9,5,5,5,5,5,9,9,9,9,5,11,5,5,2,2,5,5,5,5,5,9,5,2,2,5,5,5,5,5,5,5,2,8,8,8,12,5,5,5,5,13,14,15,5,5,5,1,5,5,5,5,5,5,5,5,5,5,3,3,5,5,5,5,4,4,4,4,4,4,4,4,10,10,10,10,10,10,10,10","0.000819921493530273","walktrap","edit-xhwikibooks.graphml"
"0.04","0.54","0.42","0.41548691028353","1,5,1,1,1,1,1,2,2,1,1,3,2,2,2,1,7,6,4,3,5,9,2,2,2,2,2,8,5,7,6,4,3,3,4,4,10,2,5,5,5,5,9,9,9,9,5,9,9,9,5,5,5,5,5,9,9,9,9,5,11,5,5,2,2,5,5,5,5,5,9,5,2,2,5,5,5,5,5,5,5,2,8,8,8,12,5,5,5,5,13,14,15,5,5,5,1,5,5,5,5,5,5,5,5,5,5,3,3,5,5,5,5,4,4,4,4,4,4,4,4,10,10,10,10,10,10,10,10","0.000796079635620117","walktrap","edit-xhwikibooks.graphml"
"0.03","0.55","0.42","0.415245113897368","1,5,1,1,1,1,1,2,2,1,1,3,2,2,2,1,7,6,4,3,5,9,2,2,2,2,2,8,5,7,6,4,3,3,4,4,10,2,5,5,5,5,9,9,9,9,5,9,9,9,5,5,5,5,5,9,9,9,9,5,11,5,5,2,2,5,5,5,5,5,9,5,2,2,5,5,5,5,5,5,5,2,8,8,8,12,5,5,5,5,13,14,15,5,5,5,1,5,5,5,5,5,5,5,5,5,5,3,3,5,5,5,5,4,4,4,4,4,4,4,4,10,10,10,10,10,10,10,10","0.000712156295776367","walktrap","edit-xhwikibooks.graphml"
"0.02","0.56","0.42","0.41674864817722","1,5,1,1,1,1,1,2,2,1,1,3,2,2,2,1,7,6,4,3,5,9,2,2,2,2,2,8,5,7,6,4,3,3,4,4,10,2,5,5,5,5,9,9,9,9,5,9,9,9,5,5,5,5,5,9,9,9,9,5,11,5,5,2,2,5,5,5,5,5,9,5,2,2,5,5,5,5,5,5,5,2,8,8,8,12,5,5,5,5,13,14,15,5,5,5,1,5,5,5,5,5,5,5,5,5,5,3,3,5,5,5,5,4,4,4,4,4,4,4,4,10,10,10,10,10,10,10,10","0.000725030899047852","walktrap","edit-xhwikibooks.graphml"
"0.01","0.57","0.42","0.41650687368834","1,5,1,1,1,1,1,2,2,1,1,3,2,2,2,1,7,6,4,3,5,9,2,2,2,2,2,8,5,7,6,4,3,3,4,4,10,2,5,5,5,5,9,9,9,9,5,9,9,9,5,5,5,5,5,9,9,9,9,5,11,5,5,2,2,5,5,5,5,5,9,5,2,2,5,5,5,5,5,5,5,2,8,8,8,12,5,5,5,5,13,14,15,5,5,5,1,5,5,5,5,5,5,5,5,5,5,3,3,5,5,5,5,4,4,4,4,4,4,4,4,10,10,10,10,10,10,10,10","0.000730037689208984","walktrap","edit-xhwikibooks.graphml"
"0","0.58","0.42","0.416152595041322","2,7,2,2,2,2,2,4,4,2,2,1,4,4,4,3,6,5,2,1,7,8,10,4,4,4,4,3,2,6,5,2,1,1,2,2,9,4,7,7,7,7,8,8,8,8,7,8,8,8,7,7,7,7,7,8,8,8,8,7,11,7,7,4,4,7,7,7,7,7,8,7,4,4,7,7,7,7,7,7,7,4,3,3,3,12,7,7,7,7,13,14,15,7,7,7,3,7,7,7,7,7,7,7,7,7,7,1,1,7,7,7,7,2,2,2,2,2,2,2,2,9,9,9,9,9,9,9,9","0.000756978988647461","walktrap","edit-xhwikibooks.graphml"
"0.57","0","0.43","0.394979972470162","2,3,2,1,2,1,2,1,1,1,2,2,1,1,1,1,4,2,5,2,3,8,7,1,1,1,1,12,3,4,9,6,10,2,5,5,11,1,3,3,3,3,8,8,8,8,3,8,8,8,3,3,3,3,3,8,8,8,8,3,7,3,3,1,1,3,3,3,3,3,8,3,1,1,3,3,3,3,3,3,3,1,12,12,12,3,3,3,3,3,4,9,6,3,3,3,1,3,3,3,3,3,3,3,3,3,3,10,10,3,3,3,3,5,5,5,5,5,5,5,5,11,11,11,11,11,11,11,11","0.00074315071105957","walktrap","edit-xhwikibooks.graphml"
"0.56","0.01","0.43","0.394979972470162","2,3,2,1,2,1,2,1,1,1,2,2,1,1,1,1,4,2,5,2,3,8,7,1,1,1,1,12,3,4,9,6,10,2,5,5,11,1,3,3,3,3,8,8,8,8,3,8,8,8,3,3,3,3,3,8,8,8,8,3,7,3,3,1,1,3,3,3,3,3,8,3,1,1,3,3,3,3,3,3,3,1,12,12,12,3,3,3,3,3,4,9,6,3,3,3,1,3,3,3,3,3,3,3,3,3,3,10,10,3,3,3,3,5,5,5,5,5,5,5,5,11,11,11,11,11,11,11,11","0.000741958618164062","walktrap","edit-xhwikibooks.graphml"
"0.55","0.02","0.43","0.390453137227922","1,3,1,1,1,1,1,1,1,1,1,2,1,1,1,4,5,1,1,2,3,8,7,1,1,1,1,4,3,5,9,6,2,2,1,1,10,1,3,3,3,3,8,8,8,8,3,8,8,8,3,3,3,3,3,8,8,8,8,3,7,3,3,1,1,3,3,3,3,3,8,3,1,1,3,3,3,3,3,3,3,1,4,4,4,3,3,3,3,3,5,9,6,3,3,3,4,3,3,3,3,3,3,3,3,3,3,2,2,3,3,3,3,1,1,1,1,1,1,1,1,10,10,10,10,10,10,10,10","0.000739097595214844","walktrap","edit-xhwikibooks.graphml"
"0.54","0.03","0.43","0.386222971492774","1,3,1,1,1,1,1,1,1,1,1,2,1,1,1,4,5,1,1,2,3,8,7,1,1,1,1,4,3,5,9,6,2,2,1,1,10,1,3,3,3,3,8,8,8,8,3,8,8,8,3,3,3,3,3,8,8,8,8,3,7,3,3,1,1,3,3,3,3,3,8,3,1,1,3,3,3,3,3,3,3,1,4,4,4,3,3,3,3,3,5,9,6,3,3,3,4,3,3,3,3,3,3,3,3,3,3,2,2,3,3,3,3,1,1,1,1,1,1,1,1,10,10,10,10,10,10,10,10","0.000730991363525391","walktrap","edit-xhwikibooks.graphml"
"0.53","0.04","0.43","0.386222971492774","1,3,1,1,1,1,1,1,1,1,1,2,1,1,1,4,5,1,1,2,3,8,7,1,1,1,1,4,3,5,9,6,2,2,1,1,10,1,3,3,3,3,8,8,8,8,3,8,8,8,3,3,3,3,3,8,8,8,8,3,7,3,3,1,1,3,3,3,3,3,8,3,1,1,3,3,3,3,3,3,3,1,4,4,4,3,3,3,3,3,5,9,6,3,3,3,4,3,3,3,3,3,3,3,3,3,3,2,2,3,3,3,3,1,1,1,1,1,1,1,1,10,10,10,10,10,10,10,10","0.000735044479370117","walktrap","edit-xhwikibooks.graphml"
"0.52","0.05","0.43","0.386002400804383","1,3,1,1,1,1,1,1,1,1,1,2,1,1,1,4,5,1,1,2,3,8,7,1,1,1,1,4,3,5,9,6,2,2,1,1,10,1,3,3,3,3,8,8,8,8,3,8,8,8,3,3,3,3,3,8,8,8,8,3,7,3,3,1,1,3,3,3,3,3,8,3,1,1,3,3,3,3,3,3,3,1,4,4,4,3,3,3,3,3,5,9,6,3,3,3,4,3,3,3,3,3,3,3,3,3,3,2,2,3,3,3,3,1,1,1,1,1,1,1,1,10,10,10,10,10,10,10,10","0.000804901123046875","walktrap","edit-xhwikibooks.graphml"
"0.51","0.06","0.43","0.386002400804383","1,3,1,1,1,1,1,1,1,1,1,2,1,1,1,4,5,1,1,2,3,8,7,1,1,1,1,4,3,5,9,6,2,2,1,1,10,1,3,3,3,3,8,8,8,8,3,8,8,8,3,3,3,3,3,8,8,8,8,3,7,3,3,1,1,3,3,3,3,3,8,3,1,1,3,3,3,3,3,3,3,1,4,4,4,3,3,3,3,3,5,9,6,3,3,3,4,3,3,3,3,3,3,3,3,3,3,2,2,3,3,3,3,1,1,1,1,1,1,1,1,10,10,10,10,10,10,10,10","0.000733852386474609","walktrap","edit-xhwikibooks.graphml"
"0.5","0.07","0.43","0.385782060986159","1,3,1,1,1,1,1,1,1,1,1,2,1,1,1,4,5,1,1,2,3,8,7,1,1,1,1,4,3,5,9,6,2,2,1,1,10,1,3,3,3,3,8,8,8,8,3,8,8,8,3,3,3,3,3,8,8,8,8,3,7,3,3,1,1,3,3,3,3,3,8,3,1,1,3,3,3,3,3,3,3,1,4,4,4,3,3,3,3,3,5,9,6,3,3,3,4,3,3,3,3,3,3,3,3,3,3,2,2,3,3,3,3,1,1,1,1,1,1,1,1,10,10,10,10,10,10,10,10","0.000804901123046875","walktrap","edit-xhwikibooks.graphml"
"0.49","0.08","0.43","0.386584992557985","1,3,1,1,1,1,1,1,1,1,1,2,1,1,1,4,5,1,1,2,3,10,7,1,1,1,1,4,3,5,8,6,2,2,1,1,9,1,3,3,3,3,10,10,10,10,3,10,10,10,3,3,3,3,3,10,10,10,10,3,7,3,3,1,1,3,3,3,3,3,10,3,1,1,3,3,3,3,3,3,3,1,4,4,4,3,3,3,3,3,5,8,6,3,3,3,4,3,3,3,3,3,3,3,3,3,3,2,2,3,3,3,3,1,1,1,1,1,1,1,1,9,9,9,9,9,9,9,9","0.000719070434570312","walktrap","edit-xhwikibooks.graphml"
"0.48","0.09","0.43","0.386364690001962","1,3,1,1,1,1,1,1,1,1,1,2,1,1,1,4,5,1,1,2,3,10,7,1,1,1,1,4,3,5,8,6,2,2,1,1,9,1,3,3,3,3,10,10,10,10,3,10,10,10,3,3,3,3,3,10,10,10,10,3,7,3,3,1,1,3,3,3,3,3,10,3,1,1,3,3,3,3,3,3,3,1,4,4,4,3,3,3,3,3,5,8,6,3,3,3,4,3,3,3,3,3,3,3,3,3,3,2,2,3,3,3,3,1,1,1,1,1,1,1,1,9,9,9,9,9,9,9,9","0.000723123550415039","walktrap","edit-xhwikibooks.graphml"
"0.47","0.1","0.43","0.386364690001962","1,3,1,1,1,1,1,1,1,1,1,2,1,1,1,4,5,1,1,2,3,10,7,1,1,1,1,4,3,5,8,6,2,2,1,1,9,1,3,3,3,3,10,10,10,10,3,10,10,10,3,3,3,3,3,10,10,10,10,3,7,3,3,1,1,3,3,3,3,3,10,3,1,1,3,3,3,3,3,3,3,1,4,4,4,3,3,3,3,3,5,8,6,3,3,3,4,3,3,3,3,3,3,3,3,3,3,2,2,3,3,3,3,1,1,1,1,1,1,1,1,9,9,9,9,9,9,9,9","0.000743865966796875","walktrap","edit-xhwikibooks.graphml"
"0.46","0.11","0.43","0.386144617549329","1,3,1,1,1,1,1,1,1,1,1,2,1,1,1,4,5,1,1,2,3,10,7,1,1,1,1,4,3,5,8,6,2,2,1,1,9,1,3,3,3,3,10,10,10,10,3,10,10,10,3,3,3,3,3,10,10,10,10,3,7,3,3,1,1,3,3,3,3,3,10,3,1,1,3,3,3,3,3,3,3,1,4,4,4,3,3,3,3,3,5,8,6,3,3,3,4,3,3,3,3,3,3,3,3,3,3,2,2,3,3,3,3,1,1,1,1,1,1,1,1,9,9,9,9,9,9,9,9","0.000743865966796875","walktrap","edit-xhwikibooks.graphml"
"0.45","0.12","0.43","0.389509184568125","2,3,2,1,2,1,2,1,1,1,2,2,1,1,1,1,4,2,5,2,3,10,7,1,1,1,1,12,3,4,8,6,9,2,5,5,11,1,3,3,3,3,10,10,10,10,3,10,10,10,3,3,3,3,3,10,10,10,10,3,7,3,3,1,1,3,3,3,3,3,10,3,1,1,3,3,3,3,3,3,3,1,12,12,12,3,3,3,3,3,4,8,6,3,3,3,1,3,3,3,3,3,3,3,3,3,3,9,9,3,3,3,3,5,5,5,5,5,5,5,5,11,11,11,11,11,11,11,11","0.00073695182800293","walktrap","edit-xhwikibooks.graphml"
"0.44","0.13","0.43","0.389279328984117","2,3,2,1,2,1,2,1,1,1,2,2,1,1,1,1,4,2,5,2,3,10,7,1,1,1,1,12,3,4,8,6,9,2,5,5,11,1,3,3,3,3,10,10,10,10,3,10,10,10,3,3,3,3,3,10,10,10,10,3,7,3,3,1,1,3,3,3,3,3,10,3,1,1,3,3,3,3,3,3,3,1,12,12,12,3,3,3,3,3,4,8,6,3,3,3,1,3,3,3,3,3,3,3,3,3,3,9,9,3,3,3,3,5,5,5,5,5,5,5,5,11,11,11,11,11,11,11,11","0.00074005126953125","walktrap","edit-xhwikibooks.graphml"
"0.43","0.14","0.43","0.390122174344243","2,3,2,1,2,1,2,1,1,1,2,2,1,1,1,1,4,2,5,2,3,10,7,1,1,1,1,12,3,4,8,6,9,2,5,5,11,1,3,3,3,3,10,10,10,10,3,10,10,10,3,3,3,3,3,10,10,10,10,3,7,3,3,1,1,3,3,3,3,3,10,3,1,1,3,3,3,3,3,3,3,1,12,12,12,3,3,3,3,3,4,8,6,3,3,3,1,3,3,3,3,3,3,3,3,3,3,9,9,3,3,3,3,5,5,5,5,5,5,5,5,11,11,11,11,11,11,11,11","0.000741004943847656","walktrap","edit-xhwikibooks.graphml"
"0.42","0.15","0.43","0.391425277486499","2,3,2,1,2,1,2,1,1,1,2,2,1,1,1,1,4,2,7,2,3,10,6,1,1,1,1,12,3,4,8,5,9,2,7,7,11,1,3,3,3,3,10,10,10,10,3,10,10,10,3,3,3,3,3,10,10,10,10,3,6,3,3,1,1,3,3,3,3,3,10,3,1,1,3,3,3,3,3,3,3,1,12,12,12,3,3,3,3,3,4,8,5,3,3,3,1,3,3,3,3,3,3,3,3,3,3,9,9,3,3,3,3,7,7,7,7,7,7,7,7,11,11,11,11,11,11,11,11","0.000757932662963867","walktrap","edit-xhwikibooks.graphml"
"0.41","0.16","0.43","0.390221152052889","3,13,3,3,3,1,3,1,1,1,3,2,1,1,1,1,4,3,7,2,13,10,8,1,1,1,1,12,5,4,9,6,2,2,7,7,11,1,13,13,13,13,10,10,10,10,13,10,10,10,13,13,13,13,13,10,10,10,10,13,8,13,13,1,1,13,13,13,13,13,10,13,1,1,13,13,13,13,13,13,13,1,12,12,12,5,13,13,13,13,4,9,6,13,13,13,1,13,13,13,13,13,13,13,13,13,13,2,2,13,13,13,13,7,7,7,7,7,7,7,7,11,11,11,11,11,11,11,11","0.000750064849853516","walktrap","edit-xhwikibooks.graphml"
"0.4","0.17","0.43","0.37637164722956","3,13,3,3,3,1,3,1,1,1,3,2,1,1,1,1,4,3,9,2,13,10,7,1,1,1,1,12,5,4,8,6,2,2,9,9,11,1,13,13,13,13,10,10,10,10,13,10,10,10,13,13,13,13,13,10,10,10,10,13,7,13,13,1,1,13,13,13,13,13,10,13,1,1,13,13,13,13,13,13,13,1,12,12,12,5,13,13,13,13,4,8,6,13,13,13,1,13,13,13,13,13,13,13,13,13,13,2,2,13,13,13,13,9,9,9,9,9,9,9,9,11,11,11,11,11,11,11,11","0.000868082046508789","walktrap","edit-xhwikibooks.graphml"
"0.39","0.18","0.43","0.37637164722956","3,13,3,3,3,1,3,1,1,1,3,2,1,1,1,1,4,3,9,2,13,10,7,1,1,1,1,12,5,4,8,6,2,2,9,9,11,1,13,13,13,13,10,10,10,10,13,10,10,10,13,13,13,13,13,10,10,10,10,13,7,13,13,1,1,13,13,13,13,13,10,13,1,1,13,13,13,13,13,13,13,1,12,12,12,5,13,13,13,13,4,8,6,13,13,13,1,13,13,13,13,13,13,13,13,13,13,2,2,13,13,13,13,9,9,9,9,9,9,9,9,11,11,11,11,11,11,11,11","0.000726938247680664","walktrap","edit-xhwikibooks.graphml"
"0.38","0.19","0.43","0.377020119975827","3,13,3,3,3,1,3,1,1,1,3,2,1,1,1,1,4,3,9,2,13,10,7,1,1,1,1,12,5,4,8,6,2,2,9,9,11,1,13,13,13,13,10,10,10,10,13,10,10,10,13,13,13,13,13,10,10,10,10,13,7,13,13,1,1,13,13,13,13,13,10,13,1,1,13,13,13,13,13,13,13,1,12,12,12,5,13,13,13,13,4,8,6,13,13,13,1,13,13,13,13,13,13,13,13,13,13,2,2,13,13,13,13,9,9,9,9,9,9,9,9,11,11,11,11,11,11,11,11","0.000738143920898438","walktrap","edit-xhwikibooks.graphml"
"0.37","0.2","0.43","0.375850604907984","3,14,3,3,3,2,3,4,4,2,3,1,4,4,4,2,2,3,9,1,14,11,7,4,4,4,4,13,5,10,8,6,1,1,9,9,12,4,14,14,14,14,11,11,11,11,14,11,11,11,14,14,14,14,14,11,11,11,11,14,7,14,14,4,4,14,14,14,14,14,11,14,4,4,14,14,14,14,14,14,14,4,13,13,13,5,14,14,14,14,10,8,6,14,14,14,2,14,14,14,14,14,14,14,14,14,14,1,1,14,14,14,14,9,9,9,9,9,9,9,9,12,12,12,12,12,12,12,12","0.000871896743774414","walktrap","edit-xhwikibooks.graphml"
"0.36","0.21","0.43","0.375624005899692","3,14,3,3,3,2,3,4,4,2,3,1,4,4,4,2,2,3,9,1,14,11,7,4,4,4,4,13,5,10,8,6,1,1,9,9,12,4,14,14,14,14,11,11,11,11,14,11,11,11,14,14,14,14,14,11,11,11,11,14,7,14,14,4,4,14,14,14,14,14,11,14,4,4,14,14,14,14,14,14,14,4,13,13,13,5,14,14,14,14,10,8,6,14,14,14,2,14,14,14,14,14,14,14,14,14,14,1,1,14,14,14,14,9,9,9,9,9,9,9,9,12,12,12,12,12,12,12,12","0.000716924667358398","walktrap","edit-xhwikibooks.graphml"
"0.35","0.22","0.43","0.386322641659419","3,14,3,3,3,2,3,4,4,2,3,1,4,4,4,2,2,3,9,1,14,11,7,4,4,4,4,13,5,10,8,6,1,1,9,9,12,4,14,14,14,14,11,11,11,11,14,11,11,11,14,14,14,14,14,11,11,11,11,14,7,14,14,4,4,14,14,14,14,14,11,14,4,4,14,14,14,14,14,14,14,4,13,13,13,5,14,14,14,14,10,8,6,14,14,14,2,14,14,14,14,14,14,14,14,14,14,1,1,14,14,14,14,9,9,9,9,9,9,9,9,12,12,12,12,12,12,12,12","0.000732898712158203","walktrap","edit-xhwikibooks.graphml"
"0.34","0.23","0.43","0.387744433215164","3,14,3,3,3,2,3,4,4,2,3,1,4,4,4,2,2,3,9,1,14,11,7,4,4,4,4,12,5,10,8,6,1,1,9,9,13,4,14,14,14,14,11,11,11,11,14,11,11,11,14,14,14,14,14,11,11,11,11,14,7,14,14,4,4,14,14,14,14,14,11,14,4,4,14,14,14,14,14,14,14,4,12,12,12,5,14,14,14,14,10,8,6,14,14,14,2,14,14,14,14,14,14,14,14,14,14,1,1,14,14,14,14,9,9,9,9,9,9,9,9,13,13,13,13,13,13,13,13","0.000732898712158203","walktrap","edit-xhwikibooks.graphml"
"0.33","0.24","0.43","0.388571662607823","3,14,3,3,3,2,3,4,4,2,3,1,4,4,4,2,2,3,9,1,14,11,7,4,4,4,4,12,5,10,8,6,1,1,9,9,13,4,14,14,14,14,11,11,11,11,14,11,11,11,14,14,14,14,14,11,11,11,11,14,7,14,14,4,4,14,14,14,14,14,11,14,4,4,14,14,14,14,14,14,14,4,12,12,12,5,14,14,14,14,10,8,6,14,14,14,2,14,14,14,14,14,14,14,14,14,14,1,1,14,14,14,14,9,9,9,9,9,9,9,9,13,13,13,13,13,13,13,13","0.000726938247680664","walktrap","edit-xhwikibooks.graphml"
"0.32","0.25","0.43","0.39085784268438","3,13,3,3,3,2,3,4,4,2,3,1,4,4,4,2,2,3,9,1,13,11,7,4,4,4,4,14,5,10,8,6,1,1,9,9,12,4,13,13,13,13,11,11,11,11,13,11,11,11,13,13,13,13,13,11,11,11,11,13,7,13,13,4,4,13,13,13,13,13,11,13,4,4,13,13,13,13,13,13,13,4,14,14,14,5,13,13,13,13,10,8,6,13,13,13,2,13,13,13,13,13,13,13,13,13,13,1,1,13,13,13,13,9,9,9,9,9,9,9,9,12,12,12,12,12,12,12,12","0.000732898712158203","walktrap","edit-xhwikibooks.graphml"
"0.31","0.26","0.43","0.39085784268438","3,13,3,3,3,2,3,4,4,2,3,1,4,4,4,2,2,3,9,1,13,11,7,4,4,4,4,14,5,10,8,6,1,1,9,9,12,4,13,13,13,13,11,11,11,11,13,11,11,11,13,13,13,13,13,11,11,11,11,13,7,13,13,4,4,13,13,13,13,13,11,13,4,4,13,13,13,13,13,13,13,4,14,14,14,5,13,13,13,13,10,8,6,13,13,13,2,13,13,13,13,13,13,13,13,13,13,1,1,13,13,13,13,9,9,9,9,9,9,9,9,12,12,12,12,12,12,12,12","0.000756978988647461","walktrap","edit-xhwikibooks.graphml"
"0.3","0.27","0.43","0.39085784268438","3,13,3,3,3,2,3,4,4,2,3,1,4,4,4,2,2,3,9,1,13,11,7,4,4,4,4,14,5,10,8,6,1,1,9,9,12,4,13,13,13,13,11,11,11,11,13,11,11,11,13,13,13,13,13,11,11,11,11,13,7,13,13,4,4,13,13,13,13,13,11,13,4,4,13,13,13,13,13,13,13,4,14,14,14,5,13,13,13,13,10,8,6,13,13,13,2,13,13,13,13,13,13,13,13,13,13,1,1,13,13,13,13,9,9,9,9,9,9,9,9,12,12,12,12,12,12,12,12","0.000732898712158203","walktrap","edit-xhwikibooks.graphml"
"0.29","0.28","0.43","0.390618504931424","3,13,3,3,3,2,3,4,4,2,3,1,4,4,4,2,2,3,9,1,13,11,7,4,4,4,4,14,5,10,8,6,1,1,9,9,12,4,13,13,13,13,11,11,11,11,13,11,11,11,13,13,13,13,13,11,11,11,11,13,7,13,13,4,4,13,13,13,13,13,11,13,4,4,13,13,13,13,13,13,13,4,14,14,14,5,13,13,13,13,10,8,6,13,13,13,2,13,13,13,13,13,13,13,13,13,13,1,1,13,13,13,13,9,9,9,9,9,9,9,9,12,12,12,12,12,12,12,12","0.000761032104492188","walktrap","edit-xhwikibooks.graphml"
"0.28","0.29","0.43","0.392213930534137","3,13,3,3,3,2,3,4,4,2,3,1,4,4,4,2,2,3,9,1,13,11,7,4,4,4,4,14,5,10,8,6,1,1,9,9,12,4,13,13,13,13,11,11,11,11,13,11,11,11,13,13,13,13,13,11,11,11,11,13,7,13,13,4,4,13,13,13,13,13,11,13,4,4,13,13,13,13,13,13,13,4,14,14,14,5,13,13,13,13,10,8,6,13,13,13,2,13,13,13,13,13,13,13,13,13,13,1,1,13,13,13,13,9,9,9,9,9,9,9,9,12,12,12,12,12,12,12,12","0.000855922698974609","walktrap","edit-xhwikibooks.graphml"
"0.27","0.3","0.43","0.383334427744255","1,13,1,1,1,1,1,4,4,1,1,2,4,4,4,1,5,3,10,2,13,11,8,4,4,4,4,9,6,5,3,7,2,2,10,10,12,4,13,13,13,13,11,11,11,11,13,11,11,11,13,13,13,13,13,11,11,11,11,13,8,13,13,4,4,13,13,13,13,13,11,13,4,4,13,13,13,13,13,13,13,4,9,9,9,6,13,13,13,13,5,3,7,13,13,13,1,13,13,13,13,13,13,13,13,13,13,2,2,13,13,13,13,10,10,10,10,10,10,10,10,12,12,12,12,12,12,12,12","0.000741004943847656","walktrap","edit-xhwikibooks.graphml"
"0.26","0.31","0.43","0.381691891866461","1,13,1,1,1,1,1,4,4,1,1,2,4,4,4,1,5,3,10,2,13,12,8,4,4,4,4,9,6,5,3,7,2,2,10,10,11,4,13,13,13,13,12,12,12,12,13,12,12,12,13,13,13,13,13,12,12,12,12,13,8,13,13,4,4,13,13,13,13,13,12,13,4,4,13,13,13,13,13,13,13,4,9,9,9,6,13,13,13,13,5,3,7,13,13,13,1,13,13,13,13,13,13,13,13,13,13,2,2,13,13,13,13,10,10,10,10,10,10,10,10,11,11,11,11,11,11,11,11","0.000710010528564453","walktrap","edit-xhwikibooks.graphml"
"0.25","0.32","0.43","0.381216742610967","1,13,1,1,1,1,1,4,4,1,1,2,4,4,4,1,5,3,10,2,13,12,8,4,4,4,4,9,6,5,3,7,2,2,10,10,11,4,13,13,13,13,12,12,12,12,13,12,12,12,13,13,13,13,13,12,12,12,12,13,8,13,13,4,4,13,13,13,13,13,12,13,4,4,13,13,13,13,13,13,13,4,9,9,9,6,13,13,13,13,5,3,7,13,13,13,1,13,13,13,13,13,13,13,13,13,13,2,2,13,13,13,13,10,10,10,10,10,10,10,10,11,11,11,11,11,11,11,11","0.000730991363525391","walktrap","edit-xhwikibooks.graphml"
"0.24","0.33","0.43","0.381216742610967","1,13,1,1,1,1,1,4,4,1,1,2,4,4,4,1,5,3,10,2,13,12,8,4,4,4,4,9,6,5,3,7,2,2,10,10,11,4,13,13,13,13,12,12,12,12,13,12,12,12,13,13,13,13,13,12,12,12,12,13,8,13,13,4,4,13,13,13,13,13,12,13,4,4,13,13,13,13,13,13,13,4,9,9,9,6,13,13,13,13,5,3,7,13,13,13,1,13,13,13,13,13,13,13,13,13,13,2,2,13,13,13,13,10,10,10,10,10,10,10,10,11,11,11,11,11,11,11,11","0.00090789794921875","walktrap","edit-xhwikibooks.graphml"
"0.23","0.34","0.43","0.39143206377386","2,13,2,2,1,2,1,4,4,2,1,1,4,4,4,2,5,3,10,1,13,12,8,4,4,4,4,9,6,5,3,7,11,1,10,10,14,4,13,13,13,13,12,12,12,12,13,12,12,12,13,13,13,13,13,12,12,12,12,13,8,13,13,4,4,13,13,13,13,13,12,13,4,4,13,13,13,13,13,13,13,4,9,9,9,6,13,13,13,13,5,3,7,13,13,13,2,13,13,13,13,13,13,13,13,13,13,11,11,13,13,13,13,10,10,10,10,10,10,10,10,14,14,14,14,14,14,14,14","0.000712871551513672","walktrap","edit-xhwikibooks.graphml"
"0.22","0.35","0.43","0.39143206377386","2,13,2,2,1,2,1,4,4,2,1,1,4,4,4,2,5,3,10,1,13,12,8,4,4,4,4,9,6,5,3,7,11,1,10,10,14,4,13,13,13,13,12,12,12,12,13,12,12,12,13,13,13,13,13,12,12,12,12,13,8,13,13,4,4,13,13,13,13,13,12,13,4,4,13,13,13,13,13,13,13,4,9,9,9,6,13,13,13,13,5,3,7,13,13,13,2,13,13,13,13,13,13,13,13,13,13,11,11,13,13,13,13,10,10,10,10,10,10,10,10,14,14,14,14,14,14,14,14","0.000746965408325195","walktrap","edit-xhwikibooks.graphml"
"0.21","0.36","0.43","0.391193144756146","2,13,2,2,1,2,1,4,4,2,1,1,4,4,4,2,5,3,10,1,13,12,8,4,4,4,4,9,6,5,3,7,11,1,10,10,14,4,13,13,13,13,12,12,12,12,13,12,12,12,13,13,13,13,13,12,12,12,12,13,8,13,13,4,4,13,13,13,13,13,12,13,4,4,13,13,13,13,13,13,13,4,9,9,9,6,13,13,13,13,5,3,7,13,13,13,2,13,13,13,13,13,13,13,13,13,13,11,11,13,13,13,13,10,10,10,10,10,10,10,10,14,14,14,14,14,14,14,14","0.000766992568969727","walktrap","edit-xhwikibooks.graphml"
"0.2","0.37","0.43","0.391193144756146","2,13,2,2,1,2,1,4,4,2,1,1,4,4,4,2,5,3,10,1,13,12,8,4,4,4,4,9,6,5,3,7,11,1,10,10,14,4,13,13,13,13,12,12,12,12,13,12,12,12,13,13,13,13,13,12,12,12,12,13,8,13,13,4,4,13,13,13,13,13,12,13,4,4,13,13,13,13,13,13,13,4,9,9,9,6,13,13,13,13,5,3,7,13,13,13,2,13,13,13,13,13,13,13,13,13,13,11,11,13,13,13,13,10,10,10,10,10,10,10,10,14,14,14,14,14,14,14,14","0.000762939453125","walktrap","edit-xhwikibooks.graphml"
"0.19","0.38","0.43","0.390954500553896","2,13,2,2,1,2,1,4,4,2,1,1,4,4,4,2,5,3,10,1,13,12,8,4,4,4,4,9,6,5,3,7,11,1,10,10,14,4,13,13,13,13,12,12,12,12,13,12,12,12,13,13,13,13,13,12,12,12,12,13,8,13,13,4,4,13,13,13,13,13,12,13,4,4,13,13,13,13,13,13,13,4,9,9,9,6,13,13,13,13,5,3,7,13,13,13,2,13,13,13,13,13,13,13,13,13,13,11,11,13,13,13,13,10,10,10,10,10,10,10,10,14,14,14,14,14,14,14,14","0.000761032104492188","walktrap","edit-xhwikibooks.graphml"
"0.18","0.39","0.43","0.391769767526766","2,12,2,2,1,2,1,4,4,2,1,1,4,4,4,2,5,3,10,1,12,13,8,4,4,4,4,9,6,5,3,7,11,1,10,10,14,4,12,12,12,12,13,13,13,13,12,13,13,13,12,12,12,12,12,13,13,13,13,12,8,12,12,4,4,12,12,12,12,12,13,12,4,4,12,12,12,12,12,12,12,4,9,9,9,6,12,12,12,12,5,3,7,12,12,12,2,12,12,12,12,12,12,12,12,12,12,11,11,12,12,12,12,10,10,10,10,10,10,10,10,14,14,14,14,14,14,14,14","0.000784873962402344","walktrap","edit-xhwikibooks.graphml"
"0.17","0.4","0.43","0.393199271520885","2,12,2,2,1,2,1,4,4,2,1,1,4,4,4,2,5,3,10,1,12,13,8,4,4,4,4,9,6,5,3,7,11,1,10,10,14,4,12,12,12,12,13,13,13,13,12,13,13,13,12,12,12,12,12,13,13,13,13,12,8,12,12,4,4,12,12,12,12,12,13,12,4,4,12,12,12,12,12,12,12,4,9,9,9,6,12,12,12,12,5,3,7,12,12,12,2,12,12,12,12,12,12,12,12,12,12,11,11,12,12,12,12,10,10,10,10,10,10,10,10,14,14,14,14,14,14,14,14","0.000773906707763672","walktrap","edit-xhwikibooks.graphml"
"0.16","0.41","0.43","0.393199271520885","2,12,2,2,1,2,1,4,4,2,1,1,4,4,4,2,5,3,10,1,12,13,8,4,4,4,4,9,6,5,3,7,11,1,10,10,14,4,12,12,12,12,13,13,13,13,12,13,13,13,12,12,12,12,12,13,13,13,13,12,8,12,12,4,4,12,12,12,12,12,13,12,4,4,12,12,12,12,12,12,12,4,9,9,9,6,12,12,12,12,5,3,7,12,12,12,2,12,12,12,12,12,12,12,12,12,12,11,11,12,12,12,12,10,10,10,10,10,10,10,10,14,14,14,14,14,14,14,14","0.00076603889465332","walktrap","edit-xhwikibooks.graphml"
"0.15","0.42","0.43","0.392960584809116","2,12,2,2,1,2,1,4,4,2,1,1,4,4,4,2,5,3,10,1,12,13,8,4,4,4,4,9,6,5,3,7,11,1,10,10,14,4,12,12,12,12,13,13,13,13,12,13,13,13,12,12,12,12,12,13,13,13,13,12,8,12,12,4,4,12,12,12,12,12,13,12,4,4,12,12,12,12,12,12,12,4,9,9,9,6,12,12,12,12,5,3,7,12,12,12,2,12,12,12,12,12,12,12,12,12,12,11,11,12,12,12,12,10,10,10,10,10,10,10,10,14,14,14,14,14,14,14,14","0.000718116760253906","walktrap","edit-xhwikibooks.graphml"
"0.14","0.43","0.43","0.394535587088021","2,12,2,2,1,2,1,4,4,2,1,1,4,4,4,2,5,3,10,1,12,13,8,4,4,4,4,9,6,5,3,7,11,1,10,10,14,4,12,12,12,12,13,13,13,13,12,13,13,13,12,12,12,12,12,13,13,13,13,12,8,12,12,4,4,12,12,12,12,12,13,12,4,4,12,12,12,12,12,12,12,4,9,9,9,6,12,12,12,12,5,3,7,12,12,12,2,12,12,12,12,12,12,12,12,12,12,11,11,12,12,12,12,10,10,10,10,10,10,10,10,14,14,14,14,14,14,14,14","0.000721931457519531","walktrap","edit-xhwikibooks.graphml"
"0.13","0.44","0.43","0.389381985535832","1,6,1,1,1,1,1,1,1,1,1,2,1,1,1,1,4,3,1,2,6,7,1,1,1,1,1,5,6,4,3,1,2,2,1,1,8,1,6,6,6,6,7,7,7,7,6,7,7,7,6,6,6,6,6,7,7,7,7,6,9,6,6,1,1,6,6,6,6,6,7,6,1,1,6,6,6,6,6,6,6,1,5,5,5,10,6,6,6,6,11,12,13,6,6,6,1,6,6,6,6,6,6,6,6,6,6,2,2,6,6,6,6,1,1,1,1,1,1,1,1,8,8,8,8,8,8,8,8","0.000732898712158203","walktrap","edit-xhwikibooks.graphml"
"0.12","0.45","0.43","0.380520753516749","1,6,1,1,1,1,1,1,1,1,1,2,1,1,1,1,4,3,1,2,6,7,1,1,1,1,1,5,6,4,3,1,2,2,1,1,8,1,6,6,6,6,7,7,7,7,6,7,7,7,6,6,6,6,6,7,7,7,7,6,9,6,6,1,1,6,6,6,6,6,7,6,1,1,6,6,6,6,6,6,6,1,5,5,5,10,6,6,6,6,11,12,13,6,6,6,1,6,6,6,6,6,6,6,6,6,6,2,2,6,6,6,6,1,1,1,1,1,1,1,1,8,8,8,8,8,8,8,8","0.000695943832397461","walktrap","edit-xhwikibooks.graphml"
"0.11","0.46","0.43","0.380297207158101","1,6,1,1,1,1,1,1,1,1,1,2,1,1,1,1,4,3,1,2,6,7,1,1,1,1,1,5,6,4,3,1,2,2,1,1,8,1,6,6,6,6,7,7,7,7,6,7,7,7,6,6,6,6,6,7,7,7,7,6,9,6,6,1,1,6,6,6,6,6,7,6,1,1,6,6,6,6,6,6,6,1,5,5,5,10,6,6,6,6,11,12,13,6,6,6,1,6,6,6,6,6,6,6,6,6,6,2,2,6,6,6,6,1,1,1,1,1,1,1,1,8,8,8,8,8,8,8,8","0.00071406364440918","walktrap","edit-xhwikibooks.graphml"
"0.1","0.47","0.43","0.381143379981078","1,6,1,1,1,1,1,1,1,1,1,2,1,1,1,1,4,3,1,2,6,7,1,1,1,1,1,5,6,4,3,1,2,2,1,1,8,1,6,6,6,6,7,7,7,7,6,7,7,7,6,6,6,6,6,7,7,7,7,6,9,6,6,1,1,6,6,6,6,6,7,6,1,1,6,6,6,6,6,6,6,1,5,5,5,10,6,6,6,6,11,12,13,6,6,6,1,6,6,6,6,6,6,6,6,6,6,2,2,6,6,6,6,1,1,1,1,1,1,1,1,8,8,8,8,8,8,8,8","0.000708103179931641","walktrap","edit-xhwikibooks.graphml"
"0.09","0.48","0.43","0.380919842221971","1,6,1,1,1,1,1,1,1,1,1,2,1,1,1,1,4,3,1,2,6,7,1,1,1,1,1,5,6,4,3,1,2,2,1,1,8,1,6,6,6,6,7,7,7,7,6,7,7,7,6,6,6,6,6,7,7,7,7,6,9,6,6,1,1,6,6,6,6,6,7,6,1,1,6,6,6,6,6,6,6,1,5,5,5,10,6,6,6,6,11,12,13,6,6,6,1,6,6,6,6,6,6,6,6,6,6,2,2,6,6,6,6,1,1,1,1,1,1,1,1,8,8,8,8,8,8,8,8","0.000719070434570312","walktrap","edit-xhwikibooks.graphml"
"0.08","0.49","0.43","0.380919842221971","1,6,1,1,1,1,1,1,1,1,1,2,1,1,1,1,4,3,1,2,6,7,1,1,1,1,1,5,6,4,3,1,2,2,1,1,8,1,6,6,6,6,7,7,7,7,6,7,7,7,6,6,6,6,6,7,7,7,7,6,9,6,6,1,1,6,6,6,6,6,7,6,1,1,6,6,6,6,6,6,6,1,5,5,5,10,6,6,6,6,11,12,13,6,6,6,1,6,6,6,6,6,6,6,6,6,6,2,2,6,6,6,6,1,1,1,1,1,1,1,1,8,8,8,8,8,8,8,8","0.00070500373840332","walktrap","edit-xhwikibooks.graphml"
"0.07","0.5","0.43","0.416222092197684","1,5,1,1,1,1,1,2,2,1,1,3,2,2,2,1,7,6,4,3,5,9,2,2,2,2,2,8,5,7,6,4,3,3,4,4,10,2,5,5,5,5,9,9,9,9,5,9,9,9,5,5,5,5,5,9,9,9,9,5,11,5,5,2,2,5,5,5,5,5,9,5,2,2,5,5,5,5,5,5,5,2,8,8,8,12,5,5,5,5,13,14,15,5,5,5,1,5,5,5,5,5,5,5,5,5,5,3,3,5,5,5,5,4,4,4,4,4,4,4,4,10,10,10,10,10,10,10,10","0.000747203826904297","walktrap","edit-xhwikibooks.graphml"
"0.06","0.51","0.43","0.416222092197684","1,5,1,1,1,1,1,2,2,1,1,3,2,2,2,1,7,6,4,3,5,9,2,2,2,2,2,8,5,7,6,4,3,3,4,4,10,2,5,5,5,5,9,9,9,9,5,9,9,9,5,5,5,5,5,9,9,9,9,5,11,5,5,2,2,5,5,5,5,5,9,5,2,2,5,5,5,5,5,5,5,2,8,8,8,12,5,5,5,5,13,14,15,5,5,5,1,5,5,5,5,5,5,5,5,5,5,3,3,5,5,5,5,4,4,4,4,4,4,4,4,10,10,10,10,10,10,10,10","0.00074315071105957","walktrap","edit-xhwikibooks.graphml"
"0.05","0.52","0.43","0.415980200978664","1,5,1,1,1,1,1,2,2,1,1,3,2,2,2,1,7,6,4,3,5,9,2,2,2,2,2,8,5,7,6,4,3,3,4,4,10,2,5,5,5,5,9,9,9,9,5,9,9,9,5,5,5,5,5,9,9,9,9,5,11,5,5,2,2,5,5,5,5,5,9,5,2,2,5,5,5,5,5,5,5,2,8,8,8,12,5,5,5,5,13,14,15,5,5,5,1,5,5,5,5,5,5,5,5,5,5,3,3,5,5,5,5,4,4,4,4,4,4,4,4,10,10,10,10,10,10,10,10","0.000731945037841797","walktrap","edit-xhwikibooks.graphml"
"0.04","0.53","0.43","0.416534205522531","1,5,1,1,1,1,1,2,2,1,1,3,2,2,2,1,7,6,4,3,5,9,2,2,2,2,2,8,5,7,6,4,3,3,4,4,10,2,5,5,5,5,9,9,9,9,5,9,9,9,5,5,5,5,5,9,9,9,9,5,11,5,5,2,2,5,5,5,5,5,9,5,2,2,5,5,5,5,5,5,5,2,8,8,8,12,5,5,5,5,13,14,15,5,5,5,1,5,5,5,5,5,5,5,5,5,5,3,3,5,5,5,5,4,4,4,4,4,4,4,4,10,10,10,10,10,10,10,10","0.000919103622436523","walktrap","edit-xhwikibooks.graphml"
"0.03","0.54","0.43","0.417290678117119","1,5,1,1,1,1,1,2,2,1,1,3,2,2,2,1,7,6,4,3,5,9,2,2,2,2,2,8,5,7,6,4,3,3,4,4,10,2,5,5,5,5,9,9,9,9,5,9,9,9,5,5,5,5,5,9,9,9,9,5,11,5,5,2,2,5,5,5,5,5,9,5,2,2,5,5,5,5,5,5,5,2,8,8,8,12,5,5,5,5,13,14,15,5,5,5,1,5,5,5,5,5,5,5,5,5,5,3,3,5,5,5,5,4,4,4,4,4,4,4,4,10,10,10,10,10,10,10,10","0.0012209415435791","walktrap","edit-xhwikibooks.graphml"
"0.02","0.55","0.43","0.417048995844875","1,5,1,1,1,1,1,2,2,1,1,3,2,2,2,1,7,6,4,3,5,9,2,2,2,2,2,8,5,7,6,4,3,3,4,4,10,2,5,5,5,5,9,9,9,9,5,9,9,9,5,5,5,5,5,9,9,9,9,5,11,5,5,2,2,5,5,5,5,5,9,5,2,2,5,5,5,5,5,5,5,2,8,8,8,12,5,5,5,5,13,14,15,5,5,5,1,5,5,5,5,5,5,5,5,5,5,3,3,5,5,5,5,4,4,4,4,4,4,4,4,10,10,10,10,10,10,10,10","0.00125002861022949","walktrap","edit-xhwikibooks.graphml"
"0.01","0.56","0.43","0.418542543555863","1,5,1,1,1,1,1,2,2,1,1,3,2,2,2,1,7,6,4,3,5,9,2,2,2,2,2,8,5,7,6,4,3,3,4,4,10,2,5,5,5,5,9,9,9,9,5,9,9,9,5,5,5,5,5,9,9,9,9,5,11,5,5,2,2,5,5,5,5,5,9,5,2,2,5,5,5,5,5,5,5,2,8,8,8,12,5,5,5,5,13,14,15,5,5,5,1,5,5,5,5,5,5,5,5,5,5,3,3,5,5,5,5,4,4,4,4,4,4,4,4,10,10,10,10,10,10,10,10","0.00134181976318359","walktrap","edit-xhwikibooks.graphml"
"0","0.57","0.43","0.419596984333956","3,7,3,3,3,1,3,1,1,1,3,2,1,1,1,1,5,4,3,2,7,8,1,1,1,1,1,6,3,5,4,3,2,2,3,3,9,1,7,7,7,7,8,8,8,8,7,8,8,8,7,7,7,7,7,8,8,8,8,7,10,7,7,1,1,7,7,7,7,7,8,7,1,1,7,7,7,7,7,7,7,1,6,6,6,11,7,7,7,7,12,13,14,7,7,7,1,7,7,7,7,7,7,7,7,7,7,2,2,7,7,7,7,3,3,3,3,3,3,3,3,9,9,9,9,9,9,9,9","0.00127100944519043","walktrap","edit-xhwikibooks.graphml"
"0.56","0","0.44","0.394062217199987","2,3,2,1,2,1,2,1,1,1,2,2,1,1,1,1,4,2,5,2,3,8,7,1,1,1,1,12,3,4,9,6,10,2,5,5,11,1,3,3,3,3,8,8,8,8,3,8,8,8,3,3,3,3,3,8,8,8,8,3,7,3,3,1,1,3,3,3,3,3,8,3,1,1,3,3,3,3,3,3,3,1,12,12,12,3,3,3,3,3,4,9,6,3,3,3,1,3,3,3,3,3,3,3,3,3,3,10,10,3,3,3,3,5,5,5,5,5,5,5,5,11,11,11,11,11,11,11,11","0.00126194953918457","walktrap","edit-xhwikibooks.graphml"
"0.55","0.01","0.44","0.394062217199987","2,3,2,1,2,1,2,1,1,1,2,2,1,1,1,1,4,2,5,2,3,8,7,1,1,1,1,12,3,4,9,6,10,2,5,5,11,1,3,3,3,3,8,8,8,8,3,8,8,8,3,3,3,3,3,8,8,8,8,3,7,3,3,1,1,3,3,3,3,3,8,3,1,1,3,3,3,3,3,3,3,1,12,12,12,3,3,3,3,3,4,9,6,3,3,3,1,3,3,3,3,3,3,3,3,3,3,10,10,3,3,3,3,5,5,5,5,5,5,5,5,11,11,11,11,11,11,11,11","0.00128602981567383","walktrap","edit-xhwikibooks.graphml"
"0.54","0.02","0.44","0.394062217199987","2,3,2,1,2,1,2,1,1,1,2,2,1,1,1,1,4,2,5,2,3,8,7,1,1,1,1,12,3,4,9,6,10,2,5,5,11,1,3,3,3,3,8,8,8,8,3,8,8,8,3,3,3,3,3,8,8,8,8,3,7,3,3,1,1,3,3,3,3,3,8,3,1,1,3,3,3,3,3,3,3,1,12,12,12,3,3,3,3,3,4,9,6,3,3,3,1,3,3,3,3,3,3,3,3,3,3,10,10,3,3,3,3,5,5,5,5,5,5,5,5,11,11,11,11,11,11,11,11","0.00136184692382812","walktrap","edit-xhwikibooks.graphml"
"0.53","0.03","0.44","0.393832236143104","2,3,2,1,2,1,2,1,1,1,2,2,1,1,1,1,4,2,5,2,3,8,7,1,1,1,1,12,3,4,9,6,10,2,5,5,11,1,3,3,3,3,8,8,8,8,3,8,8,8,3,3,3,3,3,8,8,8,8,3,7,3,3,1,1,3,3,3,3,3,8,3,1,1,3,3,3,3,3,3,3,1,12,12,12,3,3,3,3,3,4,9,6,3,3,3,1,3,3,3,3,3,3,3,3,3,3,10,10,3,3,3,3,5,5,5,5,5,5,5,5,11,11,11,11,11,11,11,11","0.00125813484191895","walktrap","edit-xhwikibooks.graphml"
"0.52","0.04","0.44","0.393832236143104","2,3,2,1,2,1,2,1,1,1,2,2,1,1,1,1,4,2,5,2,3,8,7,1,1,1,1,12,3,4,9,6,10,2,5,5,11,1,3,3,3,3,8,8,8,8,3,8,8,8,3,3,3,3,3,8,8,8,8,3,7,3,3,1,1,3,3,3,3,3,8,3,1,1,3,3,3,3,3,3,3,1,12,12,12,3,3,3,3,3,4,9,6,3,3,3,1,3,3,3,3,3,3,3,3,3,3,10,10,3,3,3,3,5,5,5,5,5,5,5,5,11,11,11,11,11,11,11,11","0.00127196311950684","walktrap","edit-xhwikibooks.graphml"
"0.51","0.05","0.44","0.394057216805923","2,3,2,1,2,1,2,1,1,1,2,2,1,1,1,1,4,2,5,2,3,8,7,1,1,1,1,12,3,4,9,6,10,2,5,5,11,1,3,3,3,3,8,8,8,8,3,8,8,8,3,3,3,3,3,8,8,8,8,3,7,3,3,1,1,3,3,3,3,3,8,3,1,1,3,3,3,3,3,3,3,1,12,12,12,3,3,3,3,3,4,9,6,3,3,3,1,3,3,3,3,3,3,3,3,3,3,10,10,3,3,3,3,5,5,5,5,5,5,5,5,11,11,11,11,11,11,11,11","0.00127601623535156","walktrap","edit-xhwikibooks.graphml"
"0.5","0.06","0.44","0.394057216805923","2,3,2,1,2,1,2,1,1,1,2,2,1,1,1,1,4,2,5,2,3,8,7,1,1,1,1,12,3,4,9,6,10,2,5,5,11,1,3,3,3,3,8,8,8,8,3,8,8,8,3,3,3,3,3,8,8,8,8,3,7,3,3,1,1,3,3,3,3,3,8,3,1,1,3,3,3,3,3,3,3,1,12,12,12,3,3,3,3,3,4,9,6,3,3,3,1,3,3,3,3,3,3,3,3,3,3,10,10,3,3,3,3,5,5,5,5,5,5,5,5,11,11,11,11,11,11,11,11","0.0012669563293457","walktrap","edit-xhwikibooks.graphml"
"0.49","0.07","0.44","0.393827159838929","2,3,2,1,2,1,2,1,1,1,2,2,1,1,1,1,4,2,5,2,3,8,7,1,1,1,1,12,3,4,9,6,10,2,5,5,11,1,3,3,3,3,8,8,8,8,3,8,8,8,3,3,3,3,3,8,8,8,8,3,7,3,3,1,1,3,3,3,3,3,8,3,1,1,3,3,3,3,3,3,3,1,12,12,12,3,3,3,3,3,4,9,6,3,3,3,1,3,3,3,3,3,3,3,3,3,3,10,10,3,3,3,3,5,5,5,5,5,5,5,5,11,11,11,11,11,11,11,11","0.00191903114318848","walktrap","edit-xhwikibooks.graphml"
"0.48","0.08","0.44","0.394603776942977","2,3,2,1,2,1,2,1,1,1,2,2,1,1,1,1,4,2,5,2,3,10,7,1,1,1,1,12,3,4,8,6,9,2,5,5,11,1,3,3,3,3,10,10,10,10,3,10,10,10,3,3,3,3,3,10,10,10,10,3,7,3,3,1,1,3,3,3,3,3,10,3,1,1,3,3,3,3,3,3,3,1,12,12,12,3,3,3,3,3,4,8,6,3,3,3,1,3,3,3,3,3,3,3,3,3,3,9,9,3,3,3,3,5,5,5,5,5,5,5,5,11,11,11,11,11,11,11,11","0.00193214416503906","walktrap","edit-xhwikibooks.graphml"
"0.47","0.09","0.44","0.389926853053322","1,3,1,1,1,1,1,1,1,1,1,2,1,1,1,4,5,1,1,2,3,9,7,1,1,1,1,4,3,5,8,6,2,2,1,1,10,1,3,3,3,3,9,9,9,9,3,9,9,9,3,3,3,3,3,9,9,9,9,3,7,3,3,1,1,3,3,3,3,3,9,3,1,1,3,3,3,3,3,3,3,1,4,4,4,3,3,3,3,3,5,8,6,3,3,3,4,3,3,3,3,3,3,3,3,3,3,2,2,3,3,3,3,1,1,1,1,1,1,1,1,10,10,10,10,10,10,10,10","0.00160884857177734","walktrap","edit-xhwikibooks.graphml"
"0.46","0.1","0.44","0.389926853053322","1,3,1,1,1,1,1,1,1,1,1,2,1,1,1,4,5,1,1,2,3,9,7,1,1,1,1,4,3,5,8,6,2,2,1,1,10,1,3,3,3,3,9,9,9,9,3,9,9,9,3,3,3,3,3,9,9,9,9,3,7,3,3,1,1,3,3,3,3,3,9,3,1,1,3,3,3,3,3,3,3,1,4,4,4,3,3,3,3,3,5,8,6,3,3,3,4,3,3,3,3,3,3,3,3,3,3,2,2,3,3,3,3,1,1,1,1,1,1,1,1,10,10,10,10,10,10,10,10","0.000946044921875","walktrap","edit-xhwikibooks.graphml"
"0.45","0.11","0.44","0.389707679198294","1,3,1,1,1,1,1,1,1,1,1,2,1,1,1,4,5,1,1,2,3,9,7,1,1,1,1,4,3,5,8,6,2,2,1,1,10,1,3,3,3,3,9,9,9,9,3,9,9,9,3,3,3,3,3,9,9,9,9,3,7,3,3,1,1,3,3,3,3,3,9,3,1,1,3,3,3,3,3,3,3,1,4,4,4,3,3,3,3,3,5,8,6,3,3,3,4,3,3,3,3,3,3,3,3,3,3,2,2,3,3,3,3,1,1,1,1,1,1,1,1,10,10,10,10,10,10,10,10","0.000896215438842773","walktrap","edit-xhwikibooks.graphml"
"0.44","0.12","0.44","0.394482395467144","2,3,2,1,2,1,2,1,1,1,2,2,1,1,1,1,4,2,5,2,3,10,7,1,1,1,1,12,3,4,8,6,9,2,5,5,11,1,3,3,3,3,10,10,10,10,3,10,10,10,3,3,3,3,3,10,10,10,10,3,7,3,3,1,1,3,3,3,3,3,10,3,1,1,3,3,3,3,3,3,3,1,12,12,12,3,3,3,3,3,4,8,6,3,3,3,1,3,3,3,3,3,3,3,3,3,3,9,9,3,3,3,3,5,5,5,5,5,5,5,5,11,11,11,11,11,11,11,11","0.000703096389770508","walktrap","edit-xhwikibooks.graphml"
"0.43","0.13","0.44","0.394482395467144","2,3,2,1,2,1,2,1,1,1,2,2,1,1,1,1,4,2,5,2,3,10,7,1,1,1,1,12,3,4,8,6,9,2,5,5,11,1,3,3,3,3,10,10,10,10,3,10,10,10,3,3,3,3,3,10,10,10,10,3,7,3,3,1,1,3,3,3,3,3,10,3,1,1,3,3,3,3,3,3,3,1,12,12,12,3,3,3,3,3,4,8,6,3,3,3,1,3,3,3,3,3,3,3,3,3,3,9,9,3,3,3,3,5,5,5,5,5,5,5,5,11,11,11,11,11,11,11,11","0.000726938247680664","walktrap","edit-xhwikibooks.graphml"
"0.42","0.14","0.44","0.394482395467144","2,3,2,1,2,1,2,1,1,1,2,2,1,1,1,1,4,2,5,2,3,10,7,1,1,1,1,12,3,4,8,6,9,2,5,5,11,1,3,3,3,3,10,10,10,10,3,10,10,10,3,3,3,3,3,10,10,10,10,3,7,3,3,1,1,3,3,3,3,3,10,3,1,1,3,3,3,3,3,3,3,1,12,12,12,3,3,3,3,3,4,8,6,3,3,3,1,3,3,3,3,3,3,3,3,3,3,9,9,3,3,3,3,5,5,5,5,5,5,5,5,11,11,11,11,11,11,11,11","0.000721931457519531","walktrap","edit-xhwikibooks.graphml"
"0.41","0.15","0.44","0.39575740110778","2,3,2,1,2,1,2,1,1,1,2,2,1,1,1,1,4,2,6,2,3,10,7,1,1,1,1,11,3,4,8,5,9,2,6,6,12,1,3,3,3,3,10,10,10,10,3,10,10,10,3,3,3,3,3,10,10,10,10,3,7,3,3,1,1,3,3,3,3,3,10,3,1,1,3,3,3,3,3,3,3,1,11,11,11,3,3,3,3,3,4,8,5,3,3,3,1,3,3,3,3,3,3,3,3,3,3,9,9,3,3,3,3,6,6,6,6,6,6,6,6,12,12,12,12,12,12,12,12","0.0007171630859375","walktrap","edit-xhwikibooks.graphml"
"0.4","0.16","0.44","0.396527777777778","2,3,2,1,2,1,2,1,1,1,2,2,1,1,1,1,4,2,6,2,3,10,7,1,1,1,1,11,3,4,8,5,9,2,6,6,12,1,3,3,3,3,10,10,10,10,3,10,10,10,3,3,3,3,3,10,10,10,10,3,7,3,3,1,1,3,3,3,3,3,10,3,1,1,3,3,3,3,3,3,3,1,11,11,11,3,3,3,3,3,4,8,5,3,3,3,1,3,3,3,3,3,3,3,3,3,3,9,9,3,3,3,3,6,6,6,6,6,6,6,6,12,12,12,12,12,12,12,12","0.000734090805053711","walktrap","edit-xhwikibooks.graphml"
"0.39","0.17","0.44","0.392501421487603","2,3,2,1,2,1,2,1,1,1,2,2,1,1,1,1,4,2,8,2,3,10,6,1,1,1,1,12,3,4,7,5,9,2,8,8,11,1,3,3,3,3,10,10,10,10,3,10,10,10,3,3,3,3,3,10,10,10,10,3,6,3,3,1,1,3,3,3,3,3,10,3,1,1,3,3,3,3,3,3,3,1,12,12,12,3,3,3,3,3,4,7,5,3,3,3,1,3,3,3,3,3,3,3,3,3,3,9,9,3,3,3,3,8,8,8,8,8,8,8,8,11,11,11,11,11,11,11,11","0.000744819641113281","walktrap","edit-xhwikibooks.graphml"
"0.38","0.18","0.44","0.392501421487603","2,3,2,1,2,1,2,1,1,1,2,2,1,1,1,1,4,2,8,2,3,10,6,1,1,1,1,12,3,4,7,5,9,2,8,8,11,1,3,3,3,3,10,10,10,10,3,10,10,10,3,3,3,3,3,10,10,10,10,3,6,3,3,1,1,3,3,3,3,3,10,3,1,1,3,3,3,3,3,3,3,1,12,12,12,3,3,3,3,3,4,7,5,3,3,3,1,3,3,3,3,3,3,3,3,3,3,9,9,3,3,3,3,8,8,8,8,8,8,8,8,11,11,11,11,11,11,11,11","0.000738143920898438","walktrap","edit-xhwikibooks.graphml"
"0.37","0.19","0.44","0.393104055683975","2,3,2,1,2,1,2,1,1,1,2,2,1,1,1,1,4,2,8,2,3,10,6,1,1,1,1,12,3,4,7,5,9,2,8,8,11,1,3,3,3,3,10,10,10,10,3,10,10,10,3,3,3,3,3,10,10,10,10,3,6,3,3,1,1,3,3,3,3,3,10,3,1,1,3,3,3,3,3,3,3,1,12,12,12,3,3,3,3,3,4,7,5,3,3,3,1,3,3,3,3,3,3,3,3,3,3,9,9,3,3,3,3,8,8,8,8,8,8,8,8,11,11,11,11,11,11,11,11","0.000749826431274414","walktrap","edit-xhwikibooks.graphml"
"0.36","0.2","0.44","0.391740344260562","1,3,1,1,1,1,1,1,1,1,1,2,1,1,1,4,5,1,1,2,3,9,7,1,1,1,1,4,3,5,8,6,2,2,1,1,10,1,3,3,3,3,9,9,9,9,3,9,9,9,3,3,3,3,3,9,9,9,9,3,7,3,3,1,1,3,3,3,3,3,9,3,1,1,3,3,3,3,3,3,3,1,4,4,4,3,3,3,3,3,5,8,6,3,3,3,4,3,3,3,3,3,3,3,3,3,3,2,2,3,3,3,3,1,1,1,1,1,1,1,1,10,10,10,10,10,10,10,10","0.000730037689208984","walktrap","edit-xhwikibooks.graphml"
"0.35","0.21","0.44","0.389705414974289","3,14,3,3,3,2,3,4,4,2,3,1,4,4,4,2,2,3,9,1,14,11,7,4,4,4,4,13,5,10,8,6,1,1,9,9,12,4,14,14,14,14,11,11,11,11,14,11,11,11,14,14,14,14,14,11,11,11,11,14,7,14,14,4,4,14,14,14,14,14,11,14,4,4,14,14,14,14,14,14,14,4,13,13,13,5,14,14,14,14,10,8,6,14,14,14,2,14,14,14,14,14,14,14,14,14,14,1,1,14,14,14,14,9,9,9,9,9,9,9,9,12,12,12,12,12,12,12,12","0.000761985778808594","walktrap","edit-xhwikibooks.graphml"
"0.34","0.22","0.44","0.389705414974289","3,14,3,3,3,2,3,4,4,2,3,1,4,4,4,2,2,3,9,1,14,11,7,4,4,4,4,13,5,10,8,6,1,1,9,9,12,4,14,14,14,14,11,11,11,11,14,11,11,11,14,14,14,14,14,11,11,11,11,14,7,14,14,4,4,14,14,14,14,14,11,14,4,4,14,14,14,14,14,14,14,4,13,13,13,5,14,14,14,14,10,8,6,14,14,14,2,14,14,14,14,14,14,14,14,14,14,1,1,14,14,14,14,9,9,9,9,9,9,9,9,12,12,12,12,12,12,12,12","0.000760078430175781","walktrap","edit-xhwikibooks.graphml"
"0.33","0.23","0.44","0.391049606856917","3,14,3,3,3,2,3,4,4,2,3,1,4,4,4,2,2,3,9,1,14,11,7,4,4,4,4,12,5,10,8,6,1,1,9,9,13,4,14,14,14,14,11,11,11,11,14,11,11,11,14,14,14,14,14,11,11,11,11,14,7,14,14,4,4,14,14,14,14,14,11,14,4,4,14,14,14,14,14,14,14,4,12,12,12,5,14,14,14,14,10,8,6,14,14,14,2,14,14,14,14,14,14,14,14,14,14,1,1,14,14,14,14,9,9,9,9,9,9,9,9,13,13,13,13,13,13,13,13","0.00076603889465332","walktrap","edit-xhwikibooks.graphml"
"0.32","0.24","0.44","0.391824092466944","3,14,3,3,3,2,3,4,4,2,3,1,4,4,4,2,2,3,9,1,14,11,7,4,4,4,4,12,5,10,8,6,1,1,9,9,13,4,14,14,14,14,11,11,11,11,14,11,11,11,14,14,14,14,14,11,11,11,11,14,7,14,14,4,4,14,14,14,14,14,11,14,4,4,14,14,14,14,14,14,14,4,12,12,12,5,14,14,14,14,10,8,6,14,14,14,2,14,14,14,14,14,14,14,14,14,14,1,1,14,14,14,14,9,9,9,9,9,9,9,9,13,13,13,13,13,13,13,13","0.000741004943847656","walktrap","edit-xhwikibooks.graphml"
"0.31","0.25","0.44","0.393994996659553","3,13,3,3,3,2,3,4,4,2,3,1,4,4,4,2,2,3,9,1,13,11,7,4,4,4,4,14,5,10,8,6,1,1,9,9,12,4,13,13,13,13,11,11,11,11,13,11,11,11,13,13,13,13,13,11,11,11,11,13,7,13,13,4,4,13,13,13,13,13,11,13,4,4,13,13,13,13,13,13,13,4,14,14,14,5,13,13,13,13,10,8,6,13,13,13,2,13,13,13,13,13,13,13,13,13,13,1,1,13,13,13,13,9,9,9,9,9,9,9,9,12,12,12,12,12,12,12,12","0.00079798698425293","walktrap","edit-xhwikibooks.graphml"
"0.3","0.26","0.44","0.393994996659553","3,13,3,3,3,2,3,4,4,2,3,1,4,4,4,2,2,3,9,1,13,11,7,4,4,4,4,14,5,10,8,6,1,1,9,9,12,4,13,13,13,13,11,11,11,11,13,11,11,11,13,13,13,13,13,11,11,11,11,13,7,13,13,4,4,13,13,13,13,13,11,13,4,4,13,13,13,13,13,13,13,4,14,14,14,5,13,13,13,13,10,8,6,13,13,13,2,13,13,13,13,13,13,13,13,13,13,1,1,13,13,13,13,9,9,9,9,9,9,9,9,12,12,12,12,12,12,12,12","0.000707149505615234","walktrap","edit-xhwikibooks.graphml"
"0.29","0.27","0.44","0.393994996659553","3,13,3,3,3,2,3,4,4,2,3,1,4,4,4,2,2,3,9,1,13,11,7,4,4,4,4,14,5,10,8,6,1,1,9,9,12,4,13,13,13,13,11,11,11,11,13,11,11,11,13,13,13,13,13,11,11,11,11,13,7,13,13,4,4,13,13,13,13,13,11,13,4,4,13,13,13,13,13,13,13,4,14,14,14,5,13,13,13,13,10,8,6,13,13,13,2,13,13,13,13,13,13,13,13,13,13,1,1,13,13,13,13,9,9,9,9,9,9,9,9,12,12,12,12,12,12,12,12","0.000750064849853516","walktrap","edit-xhwikibooks.graphml"
"0.28","0.28","0.44","0.393765792556971","3,13,3,3,3,2,3,4,4,2,3,1,4,4,4,2,2,3,9,1,13,11,7,4,4,4,4,14,5,10,8,6,1,1,9,9,12,4,13,13,13,13,11,11,11,11,13,11,11,11,13,13,13,13,13,11,11,11,11,13,7,13,13,4,4,13,13,13,13,13,11,13,4,4,13,13,13,13,13,13,13,4,14,14,14,5,13,13,13,13,10,8,6,13,13,13,2,13,13,13,13,13,13,13,13,13,13,1,1,13,13,13,13,9,9,9,9,9,9,9,9,12,12,12,12,12,12,12,12","0.000723838806152344","walktrap","edit-xhwikibooks.graphml"
"0.27","0.29","0.44","0.381254702683236","3,13,3,3,3,2,3,4,4,2,3,1,4,4,4,2,2,3,9,1,13,11,7,4,4,4,4,14,5,10,8,6,1,1,9,9,12,4,13,13,13,13,11,11,11,11,13,11,11,11,13,13,13,13,13,11,11,11,11,13,7,13,13,4,4,13,13,13,13,13,11,13,4,4,13,13,13,13,13,13,13,4,14,14,14,5,13,13,13,13,10,8,6,13,13,13,2,13,13,13,13,13,13,13,13,13,13,1,1,13,13,13,13,9,9,9,9,9,9,9,9,12,12,12,12,12,12,12,12","0.000741004943847656","walktrap","edit-xhwikibooks.graphml"
"0.26","0.3","0.44","0.381027822179078","3,13,3,3,3,2,3,4,4,2,3,1,4,4,4,2,2,3,9,1,13,11,7,4,4,4,4,14,5,10,8,6,1,1,9,9,12,4,13,13,13,13,11,11,11,11,13,11,11,11,13,13,13,13,13,11,11,11,11,13,7,13,13,4,4,13,13,13,13,13,11,13,4,4,13,13,13,13,13,13,13,4,14,14,14,5,13,13,13,13,10,8,6,13,13,13,2,13,13,13,13,13,13,13,13,13,13,1,1,13,13,13,13,9,9,9,9,9,9,9,9,12,12,12,12,12,12,12,12","0.000725030899047852","walktrap","edit-xhwikibooks.graphml"
"0.25","0.31","0.44","0.381834100663452","3,13,3,3,3,2,3,4,4,2,3,1,4,4,4,2,2,3,9,1,13,12,7,4,4,4,4,14,5,10,8,6,1,1,9,9,11,4,13,13,13,13,12,12,12,12,13,12,12,12,13,13,13,13,13,12,12,12,12,13,7,13,13,4,4,13,13,13,13,13,12,13,4,4,13,13,13,13,13,13,13,4,14,14,14,5,13,13,13,13,10,8,6,13,13,13,2,13,13,13,13,13,13,13,13,13,13,1,1,13,13,13,13,9,9,9,9,9,9,9,9,11,11,11,11,11,11,11,11","0.000723838806152344","walktrap","edit-xhwikibooks.graphml"
"0.24","0.32","0.44","0.381380734189355","3,13,3,3,3,2,3,4,4,2,3,1,4,4,4,2,2,3,9,1,13,12,7,4,4,4,4,14,5,10,8,6,1,1,9,9,11,4,13,13,13,13,12,12,12,12,13,12,12,12,13,13,13,13,13,12,12,12,12,13,7,13,13,4,4,13,13,13,13,13,12,13,4,4,13,13,13,13,13,13,13,4,14,14,14,5,13,13,13,13,10,8,6,13,13,13,2,13,13,13,13,13,13,13,13,13,13,1,1,13,13,13,13,9,9,9,9,9,9,9,9,11,11,11,11,11,11,11,11","0.000724077224731445","walktrap","edit-xhwikibooks.graphml"
"0.23","0.33","0.44","0.372819154027549","1,13,1,1,1,1,1,4,4,1,1,2,4,4,4,1,5,3,10,2,13,12,8,4,4,4,4,9,6,5,3,7,2,2,10,10,11,4,13,13,13,13,12,12,12,12,13,12,12,12,13,13,13,13,13,12,12,12,12,13,8,13,13,4,4,13,13,13,13,13,12,13,4,4,13,13,13,13,13,13,13,4,9,9,9,6,13,13,13,13,5,3,7,13,13,13,1,13,13,13,13,13,13,13,13,13,13,2,2,13,13,13,13,10,10,10,10,10,10,10,10,11,11,11,11,11,11,11,11","0.00073695182800293","walktrap","edit-xhwikibooks.graphml"
"0.22","0.34","0.44","0.382862472142287","2,13,2,2,1,2,1,4,4,2,1,1,4,4,4,2,5,3,11,1,13,12,8,4,4,4,4,9,6,5,3,7,10,1,11,11,14,4,13,13,13,13,12,12,12,12,13,12,12,12,13,13,13,13,13,12,12,12,12,13,8,13,13,4,4,13,13,13,13,13,12,13,4,4,13,13,13,13,13,13,13,4,9,9,9,6,13,13,13,13,5,3,7,13,13,13,2,13,13,13,13,13,13,13,13,13,13,10,10,13,13,13,13,11,11,11,11,11,11,11,11,14,14,14,14,14,14,14,14","0.000751972198486328","walktrap","edit-xhwikibooks.graphml"
"0.21","0.35","0.44","0.382862472142287","2,13,2,2,1,2,1,4,4,2,1,1,4,4,4,2,5,3,11,1,13,12,8,4,4,4,4,9,6,5,3,7,10,1,11,11,14,4,13,13,13,13,12,12,12,12,13,12,12,12,13,13,13,13,13,12,12,12,12,13,8,13,13,4,4,13,13,13,13,13,12,13,4,4,13,13,13,13,13,13,13,4,9,9,9,6,13,13,13,13,5,3,7,13,13,13,2,13,13,13,13,13,13,13,13,13,13,10,10,13,13,13,13,11,11,11,11,11,11,11,11,14,14,14,14,14,14,14,14","0.000787019729614258","walktrap","edit-xhwikibooks.graphml"
"0.2","0.36","0.44","0.382635530263751","2,13,2,2,1,2,1,4,4,2,1,1,4,4,4,2,5,3,11,1,13,12,8,4,4,4,4,9,6,5,3,7,10,1,11,11,14,4,13,13,13,13,12,12,12,12,13,12,12,12,13,13,13,13,13,12,12,12,12,13,8,13,13,4,4,13,13,13,13,13,12,13,4,4,13,13,13,13,13,13,13,4,9,9,9,6,13,13,13,13,5,3,7,13,13,13,2,13,13,13,13,13,13,13,13,13,13,10,10,13,13,13,13,11,11,11,11,11,11,11,11,14,14,14,14,14,14,14,14","0.000764131546020508","walktrap","edit-xhwikibooks.graphml"
"0.19","0.37","0.44","0.382635530263751","2,13,2,2,1,2,1,4,4,2,1,1,4,4,4,2,5,3,11,1,13,12,8,4,4,4,4,9,6,5,3,7,10,1,11,11,14,4,13,13,13,13,12,12,12,12,13,12,12,12,13,13,13,13,13,12,12,12,12,13,8,13,13,4,4,13,13,13,13,13,12,13,4,4,13,13,13,13,13,13,13,4,9,9,9,6,13,13,13,13,5,3,7,13,13,13,2,13,13,13,13,13,13,13,13,13,13,10,10,13,13,13,13,11,11,11,11,11,11,11,11,14,14,14,14,14,14,14,14","0.000755071640014648","walktrap","edit-xhwikibooks.graphml"
"0.18","0.38","0.44","0.38240884310835","2,13,2,2,1,2,1,4,4,2,1,1,4,4,4,2,5,3,11,1,13,12,8,4,4,4,4,9,6,5,3,7,10,1,11,11,14,4,13,13,13,13,12,12,12,12,13,12,12,12,13,13,13,13,13,12,12,12,12,13,8,13,13,4,4,13,13,13,13,13,12,13,4,4,13,13,13,13,13,13,13,4,9,9,9,6,13,13,13,13,5,3,7,13,13,13,2,13,13,13,13,13,13,13,13,13,13,10,10,13,13,13,13,11,11,11,11,11,11,11,11,14,14,14,14,14,14,14,14","0.000956058502197266","walktrap","edit-xhwikibooks.graphml"
"0.17","0.39","0.44","0.383210549845435","2,12,2,2,1,2,1,4,4,2,1,1,4,4,4,2,5,3,11,1,12,13,8,4,4,4,4,9,6,5,3,7,10,1,11,11,14,4,12,12,12,12,13,13,13,13,12,13,13,13,12,12,12,12,12,13,13,13,13,12,8,12,12,4,4,12,12,12,12,12,13,12,4,4,12,12,12,12,12,12,12,4,9,9,9,6,12,12,12,12,5,3,7,12,12,12,2,12,12,12,12,12,12,12,12,12,12,10,10,12,12,12,12,11,11,11,11,11,11,11,11,14,14,14,14,14,14,14,14","0.000739812850952148","walktrap","edit-xhwikibooks.graphml"
"0.16","0.4","0.44","0.38461992828547","2,12,2,2,1,2,1,3,3,2,1,1,3,3,3,2,5,4,11,1,12,13,8,3,3,3,3,9,6,5,4,7,10,1,11,11,14,3,12,12,12,12,13,13,13,13,12,13,13,13,12,12,12,12,12,13,13,13,13,12,8,12,12,3,3,12,12,12,12,12,13,12,3,3,12,12,12,12,12,12,12,3,9,9,9,6,12,12,12,12,5,4,7,12,12,12,2,12,12,12,12,12,12,12,12,12,12,10,10,12,12,12,12,11,11,11,11,11,11,11,11,14,14,14,14,14,14,14,14","0.00074005126953125","walktrap","edit-xhwikibooks.graphml"
"0.15","0.41","0.44","0.382269280397653","2,12,2,2,1,2,1,4,4,2,1,1,4,4,4,2,5,3,10,1,12,13,8,4,4,4,4,9,6,5,3,7,11,1,10,10,14,4,12,12,12,12,13,13,13,13,12,13,13,13,12,12,12,12,12,13,13,13,13,12,8,12,12,4,4,12,12,12,12,12,13,12,4,4,12,12,12,12,12,12,12,4,9,9,9,6,12,12,12,12,5,3,7,12,12,12,2,12,12,12,12,12,12,12,12,12,12,11,11,12,12,12,12,10,10,10,10,10,10,10,10,14,14,14,14,14,14,14,14","0.000730991363525391","walktrap","edit-xhwikibooks.graphml"
"0.14","0.42","0.44","0.382042975206612","2,12,2,2,1,2,1,4,4,2,1,1,4,4,4,2,5,3,10,1,12,13,8,4,4,4,4,9,6,5,3,7,11,1,10,10,14,4,12,12,12,12,13,13,13,13,12,13,13,13,12,12,12,12,12,13,13,13,13,12,8,12,12,4,4,12,12,12,12,12,13,12,4,4,12,12,12,12,12,12,12,4,9,9,9,6,12,12,12,12,5,3,7,12,12,12,2,12,12,12,12,12,12,12,12,12,12,11,11,12,12,12,12,10,10,10,10,10,10,10,10,14,14,14,14,14,14,14,14","0.000729084014892578","walktrap","edit-xhwikibooks.graphml"
"0.13","0.43","0.44","0.383604174610483","2,12,2,2,1,2,1,4,4,2,1,1,4,4,4,2,5,3,10,1,12,13,8,4,4,4,4,9,6,5,3,7,11,1,10,10,14,4,12,12,12,12,13,13,13,13,12,13,13,13,12,12,12,12,12,13,13,13,13,12,8,12,12,4,4,12,12,12,12,12,13,12,4,4,12,12,12,12,12,12,12,4,9,9,9,6,12,12,12,12,5,3,7,12,12,12,2,12,12,12,12,12,12,12,12,12,12,11,11,12,12,12,12,10,10,10,10,10,10,10,10,14,14,14,14,14,14,14,14","0.000764846801757812","walktrap","edit-xhwikibooks.graphml"
"0.12","0.44","0.44","0.383377815601164","2,12,2,2,1,2,1,4,4,2,1,1,4,4,4,2,5,3,10,1,12,13,8,4,4,4,4,9,6,5,3,7,11,1,10,10,14,4,12,12,12,12,13,13,13,13,12,13,13,13,12,12,12,12,12,13,13,13,13,12,8,12,12,4,4,12,12,12,12,12,13,12,4,4,12,12,12,12,12,12,12,4,9,9,9,6,12,12,12,12,5,3,7,12,12,12,2,12,12,12,12,12,12,12,12,12,12,11,11,12,12,12,12,10,10,10,10,10,10,10,10,14,14,14,14,14,14,14,14","0.000723838806152344","walktrap","edit-xhwikibooks.graphml"
"0.11","0.45","0.44","0.380768652178427","1,6,1,1,1,1,1,1,1,1,1,2,1,1,1,1,4,3,1,2,6,7,1,1,1,1,1,5,6,4,3,1,2,2,1,1,8,1,6,6,6,6,7,7,7,7,6,7,7,7,6,6,6,6,6,7,7,7,7,6,9,6,6,1,1,6,6,6,6,6,7,6,1,1,6,6,6,6,6,6,6,1,5,5,5,10,6,6,6,6,11,12,13,6,6,6,1,6,6,6,6,6,6,6,6,6,6,2,2,6,6,6,6,1,1,1,1,1,1,1,1,8,8,8,8,8,8,8,8","0.000745058059692383","walktrap","edit-xhwikibooks.graphml"
"0.1","0.46","0.44","0.380553520661157","1,6,1,1,1,1,1,1,1,1,1,2,1,1,1,1,4,3,1,2,6,7,1,1,1,1,1,5,6,4,3,1,2,2,1,1,8,1,6,6,6,6,7,7,7,7,6,7,7,7,6,6,6,6,6,7,7,7,7,6,9,6,6,1,1,6,6,6,6,6,7,6,1,1,6,6,6,6,6,6,6,1,5,5,5,10,6,6,6,6,11,12,13,6,6,6,1,6,6,6,6,6,6,6,6,6,6,2,2,6,6,6,6,1,1,1,1,1,1,1,1,8,8,8,8,8,8,8,8","0.000741004943847656","walktrap","edit-xhwikibooks.graphml"
"0.09","0.47","0.44","0.381366933984586","1,6,1,1,1,1,1,1,1,1,1,2,1,1,1,1,4,3,1,2,6,7,1,1,1,1,1,5,6,4,3,1,2,2,1,1,8,1,6,6,6,6,7,7,7,7,6,7,7,7,6,6,6,6,6,7,7,7,7,6,9,6,6,1,1,6,6,6,6,6,7,6,1,1,6,6,6,6,6,6,6,1,5,5,5,10,6,6,6,6,11,12,13,6,6,6,1,6,6,6,6,6,6,6,6,6,6,2,2,6,6,6,6,1,1,1,1,1,1,1,1,8,8,8,8,8,8,8,8","0.000735998153686523","walktrap","edit-xhwikibooks.graphml"
"0.08","0.48","0.44","0.381151809818847","1,6,1,1,1,1,1,1,1,1,1,2,1,1,1,1,4,3,1,2,6,7,1,1,1,1,1,5,6,4,3,1,2,2,1,1,8,1,6,6,6,6,7,7,7,7,6,7,7,7,6,6,6,6,6,7,7,7,7,6,9,6,6,1,1,6,6,6,6,6,7,6,1,1,6,6,6,6,6,6,6,1,5,5,5,10,6,6,6,6,11,12,13,6,6,6,1,6,6,6,6,6,6,6,6,6,6,2,2,6,6,6,6,1,1,1,1,1,1,1,1,8,8,8,8,8,8,8,8","0.000910043716430664","walktrap","edit-xhwikibooks.graphml"
"0.07","0.49","0.44","0.381151809818847","1,6,1,1,1,1,1,1,1,1,1,2,1,1,1,1,4,3,1,2,6,7,1,1,1,1,1,5,6,4,3,1,2,2,1,1,8,1,6,6,6,6,7,7,7,7,6,7,7,7,6,6,6,6,6,7,7,7,7,6,9,6,6,1,1,6,6,6,6,6,7,6,1,1,6,6,6,6,6,6,6,1,5,5,5,10,6,6,6,6,11,12,13,6,6,6,1,6,6,6,6,6,6,6,6,6,6,2,2,6,6,6,6,1,1,1,1,1,1,1,1,8,8,8,8,8,8,8,8","0.000751972198486328","walktrap","edit-xhwikibooks.graphml"
"0.06","0.5","0.44","0.415148183754977","1,5,1,1,1,1,1,2,2,1,1,3,2,2,2,1,7,6,4,3,5,9,2,2,2,2,2,8,5,7,6,4,3,3,4,4,10,2,5,5,5,5,9,9,9,9,5,9,9,9,5,5,5,5,5,9,9,9,9,5,11,5,5,2,2,5,5,5,5,5,9,5,2,2,5,5,5,5,5,5,5,2,8,8,8,12,5,5,5,5,13,14,15,5,5,5,1,5,5,5,5,5,5,5,5,5,5,3,3,5,5,5,5,4,4,4,4,4,4,4,4,10,10,10,10,10,10,10,10","0.000918865203857422","walktrap","edit-xhwikibooks.graphml"
"0.05","0.51","0.44","0.415148183754977","1,5,1,1,1,1,1,2,2,1,1,3,2,2,2,1,7,6,4,3,5,9,2,2,2,2,2,8,5,7,6,4,3,3,4,4,10,2,5,5,5,5,9,9,9,9,5,9,9,9,5,5,5,5,5,9,9,9,9,5,11,5,5,2,2,5,5,5,5,5,9,5,2,2,5,5,5,5,5,5,5,2,8,8,8,12,5,5,5,5,13,14,15,5,5,5,1,5,5,5,5,5,5,5,5,5,5,3,3,5,5,5,5,4,4,4,4,4,4,4,4,10,10,10,10,10,10,10,10","0.000734090805053711","walktrap","edit-xhwikibooks.graphml"
"0.04","0.52","0.44","0.415682747995834","1,5,1,1,1,1,1,2,2,1,1,3,2,2,2,1,7,6,4,3,5,9,2,2,2,2,2,8,5,7,6,4,3,3,4,4,10,2,5,5,5,5,9,9,9,9,5,9,9,9,5,5,5,5,5,9,9,9,9,5,11,5,5,2,2,5,5,5,5,5,9,5,2,2,5,5,5,5,5,5,5,2,8,8,8,12,5,5,5,5,13,14,15,5,5,5,1,5,5,5,5,5,5,5,5,5,5,3,3,5,5,5,5,4,4,4,4,4,4,4,4,10,10,10,10,10,10,10,10","0.000780820846557617","walktrap","edit-xhwikibooks.graphml"
"0.03","0.53","0.44","0.405687239685737","1,5,1,1,1,1,1,2,2,1,1,3,2,2,2,1,7,6,4,3,5,9,2,2,2,2,2,8,5,7,6,4,3,3,4,4,10,2,5,5,5,5,9,9,9,9,5,9,9,9,5,5,5,5,5,9,9,9,9,5,11,5,5,2,2,5,5,5,5,5,9,5,2,2,5,5,5,5,5,5,5,2,8,8,8,12,5,5,5,5,13,14,15,5,5,5,1,5,5,5,5,5,5,5,5,5,5,3,3,5,5,5,5,4,4,4,4,4,4,4,4,10,10,10,10,10,10,10,10","0.00079798698425293","walktrap","edit-xhwikibooks.graphml"
"0.02","0.54","0.44","0.406437493520134","1,5,1,1,1,1,1,2,2,1,1,3,2,2,2,1,7,6,4,3,5,9,2,2,2,2,2,8,5,7,6,4,3,3,4,4,10,2,5,5,5,5,9,9,9,9,5,9,9,9,5,5,5,5,5,9,9,9,9,5,11,5,5,2,2,5,5,5,5,5,9,5,2,2,5,5,5,5,5,5,5,2,8,8,8,12,5,5,5,5,13,14,15,5,5,5,1,5,5,5,5,5,5,5,5,5,5,3,3,5,5,5,5,4,4,4,4,4,4,4,4,10,10,10,10,10,10,10,10","0.000769853591918945","walktrap","edit-xhwikibooks.graphml"
"0.01","0.55","0.44","0.406207424642242","1,5,1,1,1,1,1,2,2,1,1,3,2,2,2,1,7,6,4,3,5,9,2,2,2,2,2,8,5,7,6,4,3,3,4,4,10,2,5,5,5,5,9,9,9,9,5,9,9,9,5,5,5,5,5,9,9,9,9,5,11,5,5,2,2,5,5,5,5,5,9,5,2,2,5,5,5,5,5,5,5,2,8,8,8,12,5,5,5,5,13,14,15,5,5,5,1,5,5,5,5,5,5,5,5,5,5,3,3,5,5,5,5,4,4,4,4,4,4,4,4,10,10,10,10,10,10,10,10","0.000800132751464844","walktrap","edit-xhwikibooks.graphml"
"0","0.56","0.44","0.409212372384415","3,7,3,3,3,1,3,1,1,1,3,2,1,1,1,1,5,4,3,2,7,8,1,1,1,1,1,6,3,5,4,3,2,2,3,3,9,1,7,7,7,7,8,8,8,8,7,8,8,8,7,7,7,7,7,8,8,8,8,7,10,7,7,1,1,7,7,7,7,7,8,7,1,1,7,7,7,7,7,7,7,1,6,6,6,11,7,7,7,7,12,13,14,7,7,7,1,7,7,7,7,7,7,7,7,7,7,2,2,7,7,7,7,3,3,3,3,3,3,3,3,9,9,9,9,9,9,9,9","0.000837802886962891","walktrap","edit-xhwikibooks.graphml"
"0.55","0","0.45","0.38449260067518","2,3,2,1,2,1,2,1,1,1,2,2,1,1,1,1,4,2,5,2,3,8,7,1,1,1,1,12,3,4,9,6,10,2,5,5,11,1,3,3,3,3,8,8,8,8,3,8,8,8,3,3,3,3,3,8,8,8,8,3,7,3,3,1,1,3,3,3,3,3,8,3,1,1,3,3,3,3,3,3,3,1,12,12,12,3,3,3,3,3,4,9,6,3,3,3,1,3,3,3,3,3,3,3,3,3,3,10,10,3,3,3,3,5,5,5,5,5,5,5,5,11,11,11,11,11,11,11,11","0.000782966613769531","walktrap","edit-xhwikibooks.graphml"
"0.54","0.01","0.45","0.38449260067518","2,3,2,1,2,1,2,1,1,1,2,2,1,1,1,1,4,2,5,2,3,8,7,1,1,1,1,12,3,4,9,6,10,2,5,5,11,1,3,3,3,3,8,8,8,8,3,8,8,8,3,3,3,3,3,8,8,8,8,3,7,3,3,1,1,3,3,3,3,3,8,3,1,1,3,3,3,3,3,3,3,1,12,12,12,3,3,3,3,3,4,9,6,3,3,3,1,3,3,3,3,3,3,3,3,3,3,10,10,3,3,3,3,5,5,5,5,5,5,5,5,11,11,11,11,11,11,11,11","0.000782012939453125","walktrap","edit-xhwikibooks.graphml"
"0.53","0.02","0.45","0.38449260067518","2,3,2,1,2,1,2,1,1,1,2,2,1,1,1,1,4,2,5,2,3,8,7,1,1,1,1,12,3,4,9,6,10,2,5,5,11,1,3,3,3,3,8,8,8,8,3,8,8,8,3,3,3,3,3,8,8,8,8,3,7,3,3,1,1,3,3,3,3,3,8,3,1,1,3,3,3,3,3,3,3,1,12,12,12,3,3,3,3,3,4,9,6,3,3,3,1,3,3,3,3,3,3,3,3,3,3,10,10,3,3,3,3,5,5,5,5,5,5,5,5,11,11,11,11,11,11,11,11","0.00077509880065918","walktrap","edit-xhwikibooks.graphml"
"0.52","0.03","0.45","0.384273682297184","2,3,2,1,2,1,2,1,1,1,2,2,1,1,1,1,4,2,5,2,3,8,7,1,1,1,1,12,3,4,9,6,10,2,5,5,11,1,3,3,3,3,8,8,8,8,3,8,8,8,3,3,3,3,3,8,8,8,8,3,7,3,3,1,1,3,3,3,3,3,8,3,1,1,3,3,3,3,3,3,3,1,12,12,12,3,3,3,3,3,4,9,6,3,3,3,1,3,3,3,3,3,3,3,3,3,3,10,10,3,3,3,3,5,5,5,5,5,5,5,5,11,11,11,11,11,11,11,11","0.000778913497924805","walktrap","edit-xhwikibooks.graphml"
"0.51","0.04","0.45","0.384273682297184","2,3,2,1,2,1,2,1,1,1,2,2,1,1,1,1,4,2,5,2,3,8,7,1,1,1,1,12,3,4,9,6,10,2,5,5,11,1,3,3,3,3,8,8,8,8,3,8,8,8,3,3,3,3,3,8,8,8,8,3,7,3,3,1,1,3,3,3,3,3,8,3,1,1,3,3,3,3,3,3,3,1,12,12,12,3,3,3,3,3,4,9,6,3,3,3,1,3,3,3,3,3,3,3,3,3,3,10,10,3,3,3,3,5,5,5,5,5,5,5,5,11,11,11,11,11,11,11,11","0.000769853591918945","walktrap","edit-xhwikibooks.graphml"
"0.5","0.05","0.45","0.384054999008133","2,3,2,1,2,1,2,1,1,1,2,2,1,1,1,1,4,2,5,2,3,8,7,1,1,1,1,12,3,4,9,6,10,2,5,5,11,1,3,3,3,3,8,8,8,8,3,8,8,8,3,3,3,3,3,8,8,8,8,3,7,3,3,1,1,3,3,3,3,3,8,3,1,1,3,3,3,3,3,3,3,1,12,12,12,3,3,3,3,3,4,9,6,3,3,3,1,3,3,3,3,3,3,3,3,3,3,10,10,3,3,3,3,5,5,5,5,5,5,5,5,11,11,11,11,11,11,11,11","0.000945091247558594","walktrap","edit-xhwikibooks.graphml"
"0.49","0.06","0.45","0.383300779067533","2,3,2,1,2,1,2,1,1,1,2,2,1,1,1,1,4,2,5,2,3,8,7,1,1,1,1,12,3,4,9,6,10,2,5,5,11,1,3,3,3,3,8,8,8,8,3,8,8,8,3,3,3,3,3,8,8,8,8,3,7,3,3,1,1,3,3,3,3,3,8,3,1,1,3,3,3,3,3,3,3,1,12,12,12,3,3,3,3,3,4,9,6,3,3,3,1,3,3,3,3,3,3,3,3,3,3,10,10,3,3,3,3,5,5,5,5,5,5,5,5,11,11,11,11,11,11,11,11","0.000777006149291992","walktrap","edit-xhwikibooks.graphml"
"0.48","0.07","0.45","0.383082473715533","2,3,2,1,2,1,2,1,1,1,2,2,1,1,1,1,4,2,5,2,3,8,7,1,1,1,1,12,3,4,9,6,10,2,5,5,11,1,3,3,3,3,8,8,8,8,3,8,8,8,3,3,3,3,3,8,8,8,8,3,7,3,3,1,1,3,3,3,3,3,8,3,1,1,3,3,3,3,3,3,3,1,12,12,12,3,3,3,3,3,4,9,6,3,3,3,1,3,3,3,3,3,3,3,3,3,3,10,10,3,3,3,3,5,5,5,5,5,5,5,5,11,11,11,11,11,11,11,11","0.000754833221435547","walktrap","edit-xhwikibooks.graphml"
"0.47","0.08","0.45","0.383850912298235","2,3,2,1,2,1,2,1,1,1,2,2,1,1,1,1,4,2,5,2,3,11,7,1,1,1,1,12,3,4,8,6,9,2,5,5,10,1,3,3,3,3,11,11,11,11,3,11,11,11,3,3,3,3,3,11,11,11,11,3,7,3,3,1,1,3,3,3,3,3,11,3,1,1,3,3,3,3,3,3,3,1,12,12,12,3,3,3,3,3,4,8,6,3,3,3,1,3,3,3,3,3,3,3,3,3,3,9,9,3,3,3,3,5,5,5,5,5,5,5,5,10,10,10,10,10,10,10,10","0.000751972198486328","walktrap","edit-xhwikibooks.graphml"
"0.46","0.09","0.45","0.383632677969857","2,3,2,1,2,1,2,1,1,1,2,2,1,1,1,1,4,2,5,2,3,11,7,1,1,1,1,12,3,4,8,6,9,2,5,5,10,1,3,3,3,3,11,11,11,11,3,11,11,11,3,3,3,3,3,11,11,11,11,3,7,3,3,1,1,3,3,3,3,3,11,3,1,1,3,3,3,3,3,3,3,1,12,12,12,3,3,3,3,3,4,8,6,3,3,3,1,3,3,3,3,3,3,3,3,3,3,9,9,3,3,3,3,5,5,5,5,5,5,5,5,10,10,10,10,10,10,10,10","0.000758886337280273","walktrap","edit-xhwikibooks.graphml"
"0.45","0.1","0.45","0.384451257303342","2,3,2,1,2,1,2,1,1,1,2,2,1,1,1,1,4,2,5,2,3,11,7,1,1,1,1,12,3,4,8,6,9,2,5,5,10,1,3,3,3,3,11,11,11,11,3,11,11,11,3,3,3,3,3,11,11,11,11,3,7,3,3,1,1,3,3,3,3,3,11,3,1,1,3,3,3,3,3,3,3,1,12,12,12,3,3,3,3,3,4,8,6,3,3,3,1,3,3,3,3,3,3,3,3,3,3,9,9,3,3,3,3,5,5,5,5,5,5,5,5,10,10,10,10,10,10,10,10","0.000786066055297852","walktrap","edit-xhwikibooks.graphml"
"0.44","0.11","0.45","0.384015020006156","2,3,2,1,2,1,2,1,1,1,2,2,1,1,1,1,4,2,5,2,3,11,7,1,1,1,1,12,3,4,8,6,9,2,5,5,10,1,3,3,3,3,11,11,11,11,3,11,11,11,3,3,3,3,3,11,11,11,11,3,7,3,3,1,1,3,3,3,3,3,11,3,1,1,3,3,3,3,3,3,3,1,12,12,12,3,3,3,3,3,4,8,6,3,3,3,1,3,3,3,3,3,3,3,3,3,3,9,9,3,3,3,3,5,5,5,5,5,5,5,5,10,10,10,10,10,10,10,10","0.000798940658569336","walktrap","edit-xhwikibooks.graphml"
"0.43","0.12","0.45","0.3855553302045","2,3,2,1,2,1,2,1,1,1,2,2,1,1,1,1,4,2,5,2,3,10,7,1,1,1,1,12,3,4,8,6,9,2,5,5,11,1,3,3,3,3,10,10,10,10,3,10,10,10,3,3,3,3,3,10,10,10,10,3,7,3,3,1,1,3,3,3,3,3,10,3,1,1,3,3,3,3,3,3,3,1,12,12,12,3,3,3,3,3,4,8,6,3,3,3,1,3,3,3,3,3,3,3,3,3,3,9,9,3,3,3,3,5,5,5,5,5,5,5,5,11,11,11,11,11,11,11,11","0.00079798698425293","walktrap","edit-xhwikibooks.graphml"
"0.42","0.13","0.45","0.385337223124544","2,3,2,1,2,1,2,1,1,1,2,2,1,1,1,1,4,2,5,2,3,10,7,1,1,1,1,12,3,4,8,6,9,2,5,5,11,1,3,3,3,3,10,10,10,10,3,10,10,10,3,3,3,3,3,10,10,10,10,3,7,3,3,1,1,3,3,3,3,3,10,3,1,1,3,3,3,3,3,3,3,1,12,12,12,3,3,3,3,3,4,8,6,3,3,3,1,3,3,3,3,3,3,3,3,3,3,9,9,3,3,3,3,5,5,5,5,5,5,5,5,11,11,11,11,11,11,11,11","0.00100398063659668","walktrap","edit-xhwikibooks.graphml"
"0.41","0.14","0.45","0.385337223124544","2,3,2,1,2,1,2,1,1,1,2,2,1,1,1,1,4,2,5,2,3,10,7,1,1,1,1,12,3,4,8,6,9,2,5,5,11,1,3,3,3,3,10,10,10,10,3,10,10,10,3,3,3,3,3,10,10,10,10,3,7,3,3,1,1,3,3,3,3,3,10,3,1,1,3,3,3,3,3,3,3,1,12,12,12,3,3,3,3,3,4,8,6,3,3,3,1,3,3,3,3,3,3,3,3,3,3,9,9,3,3,3,3,5,5,5,5,5,5,5,5,11,11,11,11,11,11,11,11","0.000848770141601562","walktrap","edit-xhwikibooks.graphml"
"0.4","0.15","0.45","0.386598582549428","2,3,2,1,2,1,2,1,1,1,2,2,1,1,1,1,4,2,6,2,3,10,7,1,1,1,1,12,3,4,8,5,9,2,6,6,11,1,3,3,3,3,10,10,10,10,3,10,10,10,3,3,3,3,3,10,10,10,10,3,7,3,3,1,1,3,3,3,3,3,10,3,1,1,3,3,3,3,3,3,3,1,12,12,12,3,3,3,3,3,4,8,5,3,3,3,1,3,3,3,3,3,3,3,3,3,3,9,9,3,3,3,3,6,6,6,6,6,6,6,6,11,11,11,11,11,11,11,11","0.00102901458740234","walktrap","edit-xhwikibooks.graphml"
"0.39","0.16","0.45","0.395843237741397","2,3,2,1,2,1,2,1,1,1,2,2,1,1,1,1,4,2,6,2,3,10,7,1,1,1,1,11,3,4,8,5,9,2,6,6,12,1,3,3,3,3,10,10,10,10,3,10,10,10,3,3,3,3,3,10,10,10,10,3,7,3,3,1,1,3,3,3,3,3,10,3,1,1,3,3,3,3,3,3,3,1,11,11,11,3,3,3,3,3,4,8,5,3,3,3,1,3,3,3,3,3,3,3,3,3,3,9,9,3,3,3,3,6,6,6,6,6,6,6,6,12,12,12,12,12,12,12,12","0.00075984001159668","walktrap","edit-xhwikibooks.graphml"
"0.38","0.17","0.45","0.396351834758929","2,3,2,1,2,1,2,1,1,1,2,2,1,1,1,1,4,2,8,2,3,10,6,1,1,1,1,11,3,4,7,5,9,2,8,8,12,1,3,3,3,3,10,10,10,10,3,10,10,10,3,3,3,3,3,10,10,10,10,3,6,3,3,1,1,3,3,3,3,3,10,3,1,1,3,3,3,3,3,3,3,1,11,11,11,3,3,3,3,3,4,7,5,3,3,3,1,3,3,3,3,3,3,3,3,3,3,9,9,3,3,3,3,8,8,8,8,8,8,8,8,12,12,12,12,12,12,12,12","0.000745058059692383","walktrap","edit-xhwikibooks.graphml"
"0.37","0.18","0.45","0.396351834758929","2,3,2,1,2,1,2,1,1,1,2,2,1,1,1,1,4,2,8,2,3,10,6,1,1,1,1,11,3,4,7,5,9,2,8,8,12,1,3,3,3,3,10,10,10,10,3,10,10,10,3,3,3,3,3,10,10,10,10,3,6,3,3,1,1,3,3,3,3,3,10,3,1,1,3,3,3,3,3,3,3,1,11,11,11,3,3,3,3,3,4,7,5,3,3,3,1,3,3,3,3,3,3,3,3,3,3,9,9,3,3,3,3,8,8,8,8,8,8,8,8,12,12,12,12,12,12,12,12","0.000756025314331055","walktrap","edit-xhwikibooks.graphml"
"0.36","0.19","0.45","0.396943304410837","2,3,2,1,2,1,2,1,1,1,2,2,1,1,1,1,4,2,8,2,3,10,6,1,1,1,1,11,3,4,7,5,9,2,8,8,12,1,3,3,3,3,10,10,10,10,3,10,10,10,3,3,3,3,3,10,10,10,10,3,6,3,3,1,1,3,3,3,3,3,10,3,1,1,3,3,3,3,3,3,3,1,11,11,11,3,3,3,3,3,4,7,5,3,3,3,1,3,3,3,3,3,3,3,3,3,3,9,9,3,3,3,3,8,8,8,8,8,8,8,8,12,12,12,12,12,12,12,12","0.000742197036743164","walktrap","edit-xhwikibooks.graphml"
"0.35","0.2","0.45","0.394941148502188","1,3,1,1,1,1,1,1,1,1,1,2,1,1,1,4,5,1,1,2,3,9,7,1,1,1,1,4,3,5,8,6,2,2,1,1,10,1,3,3,3,3,9,9,9,9,3,9,9,9,3,3,3,3,3,9,9,9,9,3,7,3,3,1,1,3,3,3,3,3,9,3,1,1,3,3,3,3,3,3,3,1,4,4,4,3,3,3,3,3,5,8,6,3,3,3,4,3,3,3,3,3,3,3,3,3,3,2,2,3,3,3,3,1,1,1,1,1,1,1,1,10,10,10,10,10,10,10,10","0.000737190246582031","walktrap","edit-xhwikibooks.graphml"
"0.34","0.21","0.45","0.395165903296265","1,3,1,1,1,1,1,1,1,1,1,2,1,1,1,4,5,1,1,2,3,9,7,1,1,1,1,4,3,5,8,6,2,2,1,1,10,1,3,3,3,3,9,9,9,9,3,9,9,9,3,3,3,3,3,9,9,9,9,3,7,3,3,1,1,3,3,3,3,3,9,3,1,1,3,3,3,3,3,3,3,1,4,4,4,3,3,3,3,3,5,8,6,3,3,3,4,3,3,3,3,3,3,3,3,3,3,2,2,3,3,3,3,1,1,1,1,1,1,1,1,10,10,10,10,10,10,10,10","0.000742912292480469","walktrap","edit-xhwikibooks.graphml"
"0.33","0.22","0.45","0.395165903296265","1,3,1,1,1,1,1,1,1,1,1,2,1,1,1,4,5,1,1,2,3,9,7,1,1,1,1,4,3,5,8,6,2,2,1,1,10,1,3,3,3,3,9,9,9,9,3,9,9,9,3,3,3,3,3,9,9,9,9,3,7,3,3,1,1,3,3,3,3,3,9,3,1,1,3,3,3,3,3,3,3,1,4,4,4,3,3,3,3,3,5,8,6,3,3,3,4,3,3,3,3,3,3,3,3,3,3,2,2,3,3,3,3,1,1,1,1,1,1,1,1,10,10,10,10,10,10,10,10","0.000754833221435547","walktrap","edit-xhwikibooks.graphml"
"0.32","0.23","0.45","0.396394661997301","1,3,1,1,1,1,1,1,1,1,1,2,1,1,1,4,5,1,1,2,3,9,7,1,1,1,1,4,3,5,8,6,2,2,1,1,10,1,3,3,3,3,9,9,9,9,3,9,9,9,3,3,3,3,3,9,9,9,9,3,7,3,3,1,1,3,3,3,3,3,9,3,1,1,3,3,3,3,3,3,3,1,4,4,4,3,3,3,3,3,5,8,6,3,3,3,4,3,3,3,3,3,3,3,3,3,3,2,2,3,3,3,3,1,1,1,1,1,1,1,1,10,10,10,10,10,10,10,10","0.000741004943847656","walktrap","edit-xhwikibooks.graphml"
"0.31","0.24","0.45","0.397164059403488","1,3,1,1,1,1,1,1,1,1,1,2,1,1,1,4,5,1,1,2,3,9,7,1,1,1,1,4,3,5,8,6,2,2,1,1,10,1,3,3,3,3,9,9,9,9,3,9,9,9,3,3,3,3,3,9,9,9,9,3,7,3,3,1,1,3,3,3,3,3,9,3,1,1,3,3,3,3,3,3,3,1,4,4,4,3,3,3,3,3,5,8,6,3,3,3,4,3,3,3,3,3,3,3,3,3,3,2,2,3,3,3,3,1,1,1,1,1,1,1,1,10,10,10,10,10,10,10,10","0.000729084014892578","walktrap","edit-xhwikibooks.graphml"
"0.3","0.25","0.45","0.399033823613927","1,3,1,1,1,1,1,1,1,1,1,2,1,1,1,4,5,1,1,2,3,9,7,1,1,1,1,4,3,5,8,6,2,2,1,1,10,1,3,3,3,3,9,9,9,9,3,9,9,9,3,3,3,3,3,9,9,9,9,3,7,3,3,1,1,3,3,3,3,3,9,3,1,1,3,3,3,3,3,3,3,1,4,4,4,3,3,3,3,3,5,8,6,3,3,3,4,3,3,3,3,3,3,3,3,3,3,2,2,3,3,3,3,1,1,1,1,1,1,1,1,10,10,10,10,10,10,10,10","0.000749111175537109","walktrap","edit-xhwikibooks.graphml"
"0.29","0.26","0.45","0.398245691216811","3,13,3,3,3,2,3,4,4,2,3,1,4,4,4,2,2,3,9,1,13,11,7,4,4,4,4,14,5,10,8,6,1,1,9,9,12,4,13,13,13,13,11,11,11,11,13,11,11,11,13,13,13,13,13,11,11,11,11,13,7,13,13,4,4,13,13,13,13,13,11,13,4,4,13,13,13,13,13,13,13,4,14,14,14,5,13,13,13,13,10,8,6,13,13,13,2,13,13,13,13,13,13,13,13,13,13,1,1,13,13,13,13,9,9,9,9,9,9,9,9,12,12,12,12,12,12,12,12","0.000741958618164062","walktrap","edit-xhwikibooks.graphml"
"0.28","0.27","0.45","0.398245691216811","3,13,3,3,3,2,3,4,4,2,3,1,4,4,4,2,2,3,9,1,13,11,7,4,4,4,4,14,5,10,8,6,1,1,9,9,12,4,13,13,13,13,11,11,11,11,13,11,11,11,13,13,13,13,13,11,11,11,11,13,7,13,13,4,4,13,13,13,13,13,11,13,4,4,13,13,13,13,13,13,13,4,14,14,14,5,13,13,13,13,10,8,6,13,13,13,2,13,13,13,13,13,13,13,13,13,13,1,1,13,13,13,13,9,9,9,9,9,9,9,9,12,12,12,12,12,12,12,12","0.000746965408325195","walktrap","edit-xhwikibooks.graphml"
"0.27","0.28","0.45","0.39801646716258","3,13,3,3,3,2,3,4,4,2,3,1,4,4,4,2,2,3,9,1,13,11,7,4,4,4,4,14,5,10,8,6,1,1,9,9,12,4,13,13,13,13,11,11,11,11,13,11,11,11,13,13,13,13,13,11,11,11,11,13,7,13,13,4,4,13,13,13,13,13,11,13,4,4,13,13,13,13,13,13,13,4,14,14,14,5,13,13,13,13,10,8,6,13,13,13,2,13,13,13,13,13,13,13,13,13,13,1,1,13,13,13,13,9,9,9,9,9,9,9,9,12,12,12,12,12,12,12,12","0.000956058502197266","walktrap","edit-xhwikibooks.graphml"
"0.26","0.29","0.45","0.399502640883631","3,13,3,3,3,2,3,4,4,2,3,1,4,4,4,2,2,3,9,1,13,11,7,4,4,4,4,14,5,10,8,6,1,1,9,9,12,4,13,13,13,13,11,11,11,11,13,11,11,11,13,13,13,13,13,11,11,11,11,13,7,13,13,4,4,13,13,13,13,13,11,13,4,4,13,13,13,13,13,13,13,4,14,14,14,5,13,13,13,13,10,8,6,13,13,13,2,13,13,13,13,13,13,13,13,13,13,1,1,13,13,13,13,9,9,9,9,9,9,9,9,12,12,12,12,12,12,12,12","0.000743865966796875","walktrap","edit-xhwikibooks.graphml"
"0.25","0.3","0.45","0.399273428446159","3,13,3,3,3,2,3,4,4,2,3,1,4,4,4,2,2,3,9,1,13,11,7,4,4,4,4,14,5,10,8,6,1,1,9,9,12,4,13,13,13,13,11,11,11,11,13,11,11,11,13,13,13,13,13,11,11,11,11,13,7,13,13,4,4,13,13,13,13,13,11,13,4,4,13,13,13,13,13,13,13,4,14,14,14,5,13,13,13,13,10,8,6,13,13,13,2,13,13,13,13,13,13,13,13,13,13,1,1,13,13,13,13,9,9,9,9,9,9,9,9,12,12,12,12,12,12,12,12","0.000751972198486328","walktrap","edit-xhwikibooks.graphml"
"0.24","0.31","0.45","0.395355412603709","3,13,3,3,3,2,3,4,4,2,3,1,4,4,4,2,2,3,9,1,13,11,7,4,4,4,4,14,5,10,8,6,1,1,9,9,12,4,13,13,13,13,11,11,11,11,13,11,11,11,13,13,13,13,13,11,11,11,11,13,7,13,13,4,4,13,13,13,13,13,11,13,4,4,13,13,13,13,13,13,13,4,14,14,14,5,13,13,13,13,10,8,6,13,13,13,2,13,13,13,13,13,13,13,13,13,13,1,1,13,13,13,13,9,9,9,9,9,9,9,9,12,12,12,12,12,12,12,12","0.000734090805053711","walktrap","edit-xhwikibooks.graphml"
"0.23","0.32","0.45","0.395126805030796","3,13,3,3,3,2,3,4,4,2,3,1,4,4,4,2,2,3,9,1,13,11,7,4,4,4,4,14,5,10,8,6,1,1,9,9,12,4,13,13,13,13,11,11,11,11,13,11,11,11,13,13,13,13,13,11,11,11,11,13,7,13,13,4,4,13,13,13,13,13,11,13,4,4,13,13,13,13,13,13,13,4,14,14,14,5,13,13,13,13,10,8,6,13,13,13,2,13,13,13,13,13,13,13,13,13,13,1,1,13,13,13,13,9,9,9,9,9,9,9,9,12,12,12,12,12,12,12,12","0.000757932662963867","walktrap","edit-xhwikibooks.graphml"
"0.22","0.33","0.45","0.395126805030796","3,13,3,3,3,2,3,4,4,2,3,1,4,4,4,2,2,3,9,1,13,11,7,4,4,4,4,14,5,10,8,6,1,1,9,9,12,4,13,13,13,13,11,11,11,11,13,11,11,11,13,13,13,13,13,11,11,11,11,13,7,13,13,4,4,13,13,13,13,13,11,13,4,4,13,13,13,13,13,13,13,4,14,14,14,5,13,13,13,13,10,8,6,13,13,13,2,13,13,13,13,13,13,13,13,13,13,1,1,13,13,13,13,9,9,9,9,9,9,9,9,12,12,12,12,12,12,12,12","0.00077509880065918","walktrap","edit-xhwikibooks.graphml"
"0.21","0.34","0.45","0.405569584984993","2,12,2,2,2,1,2,3,3,1,2,2,3,3,3,1,1,2,9,2,12,11,6,3,3,3,3,14,4,10,7,5,8,2,9,9,13,3,12,12,12,12,11,11,11,11,12,11,11,11,12,12,12,12,12,11,11,11,11,12,6,12,12,3,3,12,12,12,12,12,11,12,3,3,12,12,12,12,12,12,12,3,14,14,14,4,12,12,12,12,10,7,5,12,12,12,1,12,12,12,12,12,12,12,12,12,12,8,8,12,12,12,12,9,9,9,9,9,9,9,9,13,13,13,13,13,13,13,13","0.000867128372192383","walktrap","edit-xhwikibooks.graphml"
"0.2","0.35","0.45","0.405569584984993","2,12,2,2,2,1,2,3,3,1,2,2,3,3,3,1,1,2,9,2,12,11,6,3,3,3,3,14,4,10,7,5,8,2,9,9,13,3,12,12,12,12,11,11,11,11,12,11,11,11,12,12,12,12,12,11,11,11,11,12,6,12,12,3,3,12,12,12,12,12,11,12,3,3,12,12,12,12,12,12,12,3,14,14,14,4,12,12,12,12,10,7,5,12,12,12,1,12,12,12,12,12,12,12,12,12,12,8,8,12,12,12,12,9,9,9,9,9,9,9,9,13,13,13,13,13,13,13,13","0.000751018524169922","walktrap","edit-xhwikibooks.graphml"
"0.19","0.36","0.45","0.396341677401242","2,13,2,2,1,2,1,4,4,2,1,1,4,4,4,2,5,3,11,1,13,12,8,4,4,4,4,9,6,5,3,7,10,1,11,11,14,4,13,13,13,13,12,12,12,12,13,12,12,12,13,13,13,13,13,12,12,12,12,13,8,13,13,4,4,13,13,13,13,13,12,13,4,4,13,13,13,13,13,13,13,4,9,9,9,6,13,13,13,13,5,3,7,13,13,13,2,13,13,13,13,13,13,13,13,13,13,10,10,13,13,13,13,11,11,11,11,11,11,11,11,14,14,14,14,14,14,14,14","0.000802040100097656","walktrap","edit-xhwikibooks.graphml"
"0.18","0.37","0.45","0.396341677401242","2,13,2,2,1,2,1,4,4,2,1,1,4,4,4,2,5,3,11,1,13,12,8,4,4,4,4,9,6,5,3,7,10,1,11,11,14,4,13,13,13,13,12,12,12,12,13,12,12,12,13,13,13,13,13,12,12,12,12,13,8,13,13,4,4,13,13,13,13,13,12,13,4,4,13,13,13,13,13,13,13,4,9,9,9,6,13,13,13,13,5,3,7,13,13,13,2,13,13,13,13,13,13,13,13,13,13,10,10,13,13,13,13,11,11,11,11,11,11,11,11,14,14,14,14,14,14,14,14","0.000787973403930664","walktrap","edit-xhwikibooks.graphml"
"0.17","0.38","0.45","0.396112961484687","2,13,2,2,1,2,1,4,4,2,1,1,4,4,4,2,5,3,11,1,13,12,8,4,4,4,4,9,6,5,3,7,10,1,11,11,14,4,13,13,13,13,12,12,12,12,13,12,12,12,13,13,13,13,13,12,12,12,12,13,8,13,13,4,4,13,13,13,13,13,12,13,4,4,13,13,13,13,13,13,13,4,9,9,9,6,13,13,13,13,5,3,7,13,13,13,2,13,13,13,13,13,13,13,13,13,13,10,10,13,13,13,13,11,11,11,11,11,11,11,11,14,14,14,14,14,14,14,14","0.000804901123046875","walktrap","edit-xhwikibooks.graphml"
"0.16","0.39","0.45","0.39687202172047","2,13,2,2,1,2,1,4,4,2,1,1,4,4,4,2,5,3,11,1,13,12,8,4,4,4,4,9,6,5,3,7,10,1,11,11,14,4,13,13,13,13,12,12,12,12,13,12,12,12,13,13,13,13,13,12,12,12,12,13,8,13,13,4,4,13,13,13,13,13,12,13,4,4,13,13,13,13,13,13,13,4,9,9,9,6,13,13,13,13,5,3,7,13,13,13,2,13,13,13,13,13,13,13,13,13,13,10,10,13,13,13,13,11,11,11,11,11,11,11,11,14,14,14,14,14,14,14,14","0.000790834426879883","walktrap","edit-xhwikibooks.graphml"
"0.15","0.4","0.45","0.398217573294651","2,13,2,2,1,2,1,3,3,2,1,1,3,3,3,2,5,4,11,1,13,12,8,3,3,3,3,9,6,5,4,7,10,1,11,11,14,3,13,13,13,13,12,12,12,12,13,12,12,12,13,13,13,13,13,12,12,12,12,13,8,13,13,3,3,13,13,13,13,13,12,13,3,3,13,13,13,13,13,13,13,3,9,9,9,6,13,13,13,13,5,4,7,13,13,13,2,13,13,13,13,13,13,13,13,13,13,10,10,13,13,13,13,11,11,11,11,11,11,11,11,14,14,14,14,14,14,14,14","0.000874996185302734","walktrap","edit-xhwikibooks.graphml"
"0.14","0.41","0.45","0.384393148817937","2,12,2,2,1,2,1,3,3,2,1,1,3,3,3,2,5,4,11,1,12,13,8,3,3,3,3,9,6,5,4,7,10,1,11,11,14,3,12,12,12,12,13,13,13,13,12,13,13,13,12,12,12,12,12,13,13,13,13,12,8,12,12,3,3,12,12,12,12,12,13,12,3,3,12,12,12,12,12,12,12,3,9,9,9,6,12,12,12,12,5,4,7,12,12,12,2,12,12,12,12,12,12,12,12,12,12,10,10,12,12,12,12,11,11,11,11,11,11,11,11,14,14,14,14,14,14,14,14","0.000780105590820312","walktrap","edit-xhwikibooks.graphml"
"0.13","0.42","0.45","0.384166622406648","2,12,2,2,1,2,1,3,3,2,1,1,3,3,3,2,5,4,11,1,12,13,8,3,3,3,3,9,6,5,4,7,10,1,11,11,14,3,12,12,12,12,13,13,13,13,12,13,13,13,12,12,12,12,12,13,13,13,13,12,8,12,12,3,3,12,12,12,12,12,13,12,3,3,12,12,12,12,12,12,12,3,9,9,9,6,12,12,12,12,5,4,7,12,12,12,2,12,12,12,12,12,12,12,12,12,12,10,10,12,12,12,12,11,11,11,11,11,11,11,11,14,14,14,14,14,14,14,14","0.000794887542724609","walktrap","edit-xhwikibooks.graphml"
"0.12","0.43","0.45","0.385714682714254","2,12,2,2,1,2,1,3,3,2,1,1,3,3,3,2,5,4,11,1,12,13,8,3,3,3,3,9,6,5,4,7,10,1,11,11,14,3,12,12,12,12,13,13,13,13,12,13,13,13,12,12,12,12,12,13,13,13,13,12,8,12,12,3,3,12,12,12,12,12,13,12,3,3,12,12,12,12,12,12,12,3,9,9,9,6,12,12,12,12,5,4,7,12,12,12,2,12,12,12,12,12,12,12,12,12,12,10,10,12,12,12,12,11,11,11,11,11,11,11,11,14,14,14,14,14,14,14,14","0.000778913497924805","walktrap","edit-xhwikibooks.graphml"
"0.11","0.44","0.45","0.385488113663162","2,12,2,2,1,2,1,3,3,2,1,1,3,3,3,2,5,4,11,1,12,13,8,3,3,3,3,9,6,5,4,7,10,1,11,11,14,3,12,12,12,12,13,13,13,13,12,13,13,13,12,12,12,12,12,13,13,13,13,12,8,12,12,3,3,12,12,12,12,12,13,12,3,3,12,12,12,12,12,12,12,3,9,9,9,6,12,12,12,12,5,4,7,12,12,12,2,12,12,12,12,12,12,12,12,12,12,10,10,12,12,12,12,11,11,11,11,11,11,11,11,14,14,14,14,14,14,14,14","0.000792026519775391","walktrap","edit-xhwikibooks.graphml"
"0.1","0.45","0.45","0.387068666677804","2,12,2,2,1,2,1,3,3,2,1,1,3,3,3,2,5,4,11,1,12,13,8,3,3,3,3,9,6,5,4,7,10,1,11,11,14,3,12,12,12,12,13,13,13,13,12,13,13,13,12,12,12,12,12,13,13,13,13,12,8,12,12,3,3,12,12,12,12,12,13,12,3,3,12,12,12,12,12,12,12,3,9,9,9,6,12,12,12,12,5,4,7,12,12,12,2,12,12,12,12,12,12,12,12,12,12,10,10,12,12,12,12,11,11,11,11,11,11,11,11,14,14,14,14,14,14,14,14","0.000812053680419922","walktrap","edit-xhwikibooks.graphml"
"0.09","0.46","0.45","0.382115101869355","1,6,1,1,1,1,1,1,1,1,1,2,1,1,1,1,4,3,1,2,6,7,1,1,1,1,1,5,6,4,3,1,2,2,1,1,8,1,6,6,6,6,7,7,7,7,6,7,7,7,6,6,6,6,6,7,7,7,7,6,9,6,6,1,1,6,6,6,6,6,7,6,1,1,6,6,6,6,6,6,6,1,5,5,5,10,6,6,6,6,11,12,13,6,6,6,1,6,6,6,6,6,6,6,6,6,6,2,2,6,6,6,6,1,1,1,1,1,1,1,1,8,8,8,8,8,8,8,8","0.000782012939453125","walktrap","edit-xhwikibooks.graphml"
"0.08","0.47","0.45","0.382923623123585","1,6,1,1,1,1,1,1,1,1,1,2,1,1,1,1,4,3,1,2,6,7,1,1,1,1,1,5,6,4,3,1,2,2,1,1,8,1,6,6,6,6,7,7,7,7,6,7,7,7,6,6,6,6,6,7,7,7,7,6,9,6,6,1,1,6,6,6,6,6,7,6,1,1,6,6,6,6,6,6,6,1,5,5,5,10,6,6,6,6,11,12,13,6,6,6,1,6,6,6,6,6,6,6,6,6,6,2,2,6,6,6,6,1,1,1,1,1,1,1,1,8,8,8,8,8,8,8,8","0.000811100006103516","walktrap","edit-xhwikibooks.graphml"
"0.07","0.48","0.45","0.382708945486836","1,6,1,1,1,1,1,1,1,1,1,2,1,1,1,1,4,3,1,2,6,7,1,1,1,1,1,5,6,4,3,1,2,2,1,1,8,1,6,6,6,6,7,7,7,7,6,7,7,7,6,6,6,6,6,7,7,7,7,6,9,6,6,1,1,6,6,6,6,6,7,6,1,1,6,6,6,6,6,6,6,1,5,5,5,10,6,6,6,6,11,12,13,6,6,6,1,6,6,6,6,6,6,6,6,6,6,2,2,6,6,6,6,1,1,1,1,1,1,1,1,8,8,8,8,8,8,8,8","0.000795125961303711","walktrap","edit-xhwikibooks.graphml"
"0.06","0.49","0.45","0.382708945486836","1,6,1,1,1,1,1,1,1,1,1,2,1,1,1,1,4,3,1,2,6,7,1,1,1,1,1,5,6,4,3,1,2,2,1,1,8,1,6,6,6,6,7,7,7,7,6,7,7,7,6,6,6,6,6,7,7,7,7,6,9,6,6,1,1,6,6,6,6,6,7,6,1,1,6,6,6,6,6,6,6,1,5,5,5,10,6,6,6,6,11,12,13,6,6,6,1,6,6,6,6,6,6,6,6,6,6,2,2,6,6,6,6,1,1,1,1,1,1,1,1,8,8,8,8,8,8,8,8","0.000770092010498047","walktrap","edit-xhwikibooks.graphml"
"0.05","0.5","0.45","0.416790950774654","1,5,1,1,1,1,1,2,2,1,1,3,2,2,2,1,7,6,4,3,5,9,2,2,2,2,2,8,5,7,6,4,3,3,4,4,10,2,5,5,5,5,9,9,9,9,5,9,9,9,5,5,5,5,5,9,9,9,9,5,11,5,5,2,2,5,5,5,5,5,9,5,2,2,5,5,5,5,5,5,5,2,8,8,8,12,5,5,5,5,13,14,15,5,5,5,1,5,5,5,5,5,5,5,5,5,5,3,3,5,5,5,5,4,4,4,4,4,4,4,4,10,10,10,10,10,10,10,10","0.000821113586425781","walktrap","edit-xhwikibooks.graphml"
"0.04","0.51","0.45","0.414452446906741","1,5,1,1,1,1,1,2,2,1,1,3,2,2,2,1,7,6,4,3,5,9,2,2,2,2,2,8,5,7,6,4,3,3,4,4,10,2,5,5,5,5,9,9,9,9,5,9,9,9,5,5,5,5,5,9,9,9,9,5,11,5,5,2,2,5,5,5,5,5,9,5,2,2,5,5,5,5,5,5,5,2,8,8,8,12,5,5,5,5,13,14,15,5,5,5,1,5,5,5,5,5,5,5,5,5,5,3,3,5,5,5,5,4,4,4,4,4,4,4,4,10,10,10,10,10,10,10,10","0.000841856002807617","walktrap","edit-xhwikibooks.graphml"
"0.03","0.52","0.45","0.415218817433793","1,5,1,1,1,1,1,2,2,1,1,3,2,2,2,1,7,6,4,3,5,9,2,2,2,2,2,8,5,7,6,4,3,3,4,4,10,2,5,5,5,5,9,9,9,9,5,9,9,9,5,5,5,5,5,9,9,9,9,5,11,5,5,2,2,5,5,5,5,5,9,5,2,2,5,5,5,5,5,5,5,2,8,8,8,12,5,5,5,5,13,14,15,5,5,5,1,5,5,5,5,5,5,5,5,5,5,3,3,5,5,5,5,4,4,4,4,4,4,4,4,10,10,10,10,10,10,10,10","0.000893831253051758","walktrap","edit-xhwikibooks.graphml"
"0.02","0.53","0.45","0.414987214737894","1,5,1,1,1,1,1,2,2,1,1,3,2,2,2,1,7,6,4,3,5,9,2,2,2,2,2,8,5,7,6,4,3,3,4,4,10,2,5,5,5,5,9,9,9,9,5,9,9,9,5,5,5,5,5,9,9,9,9,5,11,5,5,2,2,5,5,5,5,5,9,5,2,2,5,5,5,5,5,5,5,2,8,8,8,12,5,5,5,5,13,14,15,5,5,5,1,5,5,5,5,5,5,5,5,5,5,3,3,5,5,5,5,4,4,4,4,4,4,4,4,10,10,10,10,10,10,10,10","0.000794887542724609","walktrap","edit-xhwikibooks.graphml"
"0.01","0.54","0.45","0.415717512495194","1,5,1,1,1,1,1,2,2,1,1,3,2,2,2,1,7,6,4,3,5,9,2,2,2,2,2,8,5,7,6,4,3,3,4,4,10,2,5,5,5,5,9,9,9,9,5,9,9,9,5,5,5,5,5,9,9,9,9,5,11,5,5,2,2,5,5,5,5,5,9,5,2,2,5,5,5,5,5,5,5,2,8,8,8,12,5,5,5,5,13,14,15,5,5,5,1,5,5,5,5,5,5,5,5,5,5,3,3,5,5,5,5,4,4,4,4,4,4,4,4,10,10,10,10,10,10,10,10","0.000787019729614258","walktrap","edit-xhwikibooks.graphml"
"0","0.55","0.45","0.416881658273912","3,7,3,3,3,1,3,1,1,1,3,2,1,1,1,1,5,4,3,2,7,8,1,1,1,1,1,6,3,5,4,3,2,2,3,3,9,1,7,7,7,7,8,8,8,8,7,8,8,8,7,7,7,7,7,8,8,8,8,7,10,7,7,1,1,7,7,7,7,7,8,7,1,1,7,7,7,7,7,7,7,1,6,6,6,11,7,7,7,7,12,13,14,7,7,7,1,7,7,7,7,7,7,7,7,7,7,2,2,7,7,7,7,3,3,3,3,3,3,3,3,9,9,9,9,9,9,9,9","0.000854969024658203","walktrap","edit-xhwikibooks.graphml"
"0.54","0","0.46","0.384806716979301","2,3,2,1,2,1,2,1,1,1,2,2,1,1,1,1,4,2,5,2,3,8,7,1,1,1,1,12,3,4,9,6,10,2,5,5,11,1,3,3,3,3,8,8,8,8,3,8,8,8,3,3,3,3,3,8,8,8,8,3,7,3,3,1,1,3,3,3,3,3,8,3,1,1,3,3,3,3,3,3,3,1,12,12,12,3,3,3,3,3,4,9,6,3,3,3,1,3,3,3,3,3,3,3,3,3,3,10,10,3,3,3,3,5,5,5,5,5,5,5,5,11,11,11,11,11,11,11,11","0.000867128372192383","walktrap","edit-xhwikibooks.graphml"
"0.53","0.01","0.46","0.384806716979301","2,3,2,1,2,1,2,1,1,1,2,2,1,1,1,1,4,2,5,2,3,8,7,1,1,1,1,12,3,4,9,6,10,2,5,5,11,1,3,3,3,3,8,8,8,8,3,8,8,8,3,3,3,3,3,8,8,8,8,3,7,3,3,1,1,3,3,3,3,3,8,3,1,1,3,3,3,3,3,3,3,1,12,12,12,3,3,3,3,3,4,9,6,3,3,3,1,3,3,3,3,3,3,3,3,3,3,10,10,3,3,3,3,5,5,5,5,5,5,5,5,11,11,11,11,11,11,11,11","0.000817060470581055","walktrap","edit-xhwikibooks.graphml"
"0.52","0.02","0.46","0.384806716979301","2,3,2,1,2,1,2,1,1,1,2,2,1,1,1,1,4,2,5,2,3,8,7,1,1,1,1,12,3,4,9,6,10,2,5,5,11,1,3,3,3,3,8,8,8,8,3,8,8,8,3,3,3,3,3,8,8,8,8,3,7,3,3,1,1,3,3,3,3,3,8,3,1,1,3,3,3,3,3,3,3,1,12,12,12,3,3,3,3,3,4,9,6,3,3,3,1,3,3,3,3,3,3,3,3,3,3,10,10,3,3,3,3,5,5,5,5,5,5,5,5,11,11,11,11,11,11,11,11","0.000811100006103516","walktrap","edit-xhwikibooks.graphml"
"0.51","0.03","0.46","0.384588127891818","2,3,2,1,2,1,2,1,1,1,2,2,1,1,1,1,4,2,5,2,3,8,7,1,1,1,1,12,3,4,9,6,10,2,5,5,11,1,3,3,3,3,8,8,8,8,3,8,8,8,3,3,3,3,3,8,8,8,8,3,7,3,3,1,1,3,3,3,3,3,8,3,1,1,3,3,3,3,3,3,3,1,12,12,12,3,3,3,3,3,4,9,6,3,3,3,1,3,3,3,3,3,3,3,3,3,3,10,10,3,3,3,3,5,5,5,5,5,5,5,5,11,11,11,11,11,11,11,11","0.000805854797363281","walktrap","edit-xhwikibooks.graphml"
"0.5","0.04","0.46","0.384588127891818","2,3,2,1,2,1,2,1,1,1,2,2,1,1,1,1,4,2,5,2,3,8,7,1,1,1,1,12,3,4,9,6,10,2,5,5,11,1,3,3,3,3,8,8,8,8,3,8,8,8,3,3,3,3,3,8,8,8,8,3,7,3,3,1,1,3,3,3,3,3,8,3,1,1,3,3,3,3,3,3,3,1,12,12,12,3,3,3,3,3,4,9,6,3,3,3,1,3,3,3,3,3,3,3,3,3,3,10,10,3,3,3,3,5,5,5,5,5,5,5,5,11,11,11,11,11,11,11,11","0.000784873962402344","walktrap","edit-xhwikibooks.graphml"
"0.49","0.05","0.46","0.384369772964879","2,3,2,1,2,1,2,1,1,1,2,2,1,1,1,1,4,2,5,2,3,8,7,1,1,1,1,12,3,4,9,6,10,2,5,5,11,1,3,3,3,3,8,8,8,8,3,8,8,8,3,3,3,3,3,8,8,8,8,3,7,3,3,1,1,3,3,3,3,3,8,3,1,1,3,3,3,3,3,3,3,1,12,12,12,3,3,3,3,3,4,9,6,3,3,3,1,3,3,3,3,3,3,3,3,3,3,10,10,3,3,3,3,5,5,5,5,5,5,5,5,11,11,11,11,11,11,11,11","0.000802993774414062","walktrap","edit-xhwikibooks.graphml"
"0.48","0.06","0.46","0.384369772964879","2,3,2,1,2,1,2,1,1,1,2,2,1,1,1,1,4,2,5,2,3,8,7,1,1,1,1,12,3,4,9,6,10,2,5,5,11,1,3,3,3,3,8,8,8,8,3,8,8,8,3,3,3,3,3,8,8,8,8,3,7,3,3,1,1,3,3,3,3,3,8,3,1,1,3,3,3,3,3,3,3,1,12,12,12,3,3,3,3,3,4,9,6,3,3,3,1,3,3,3,3,3,3,3,3,3,3,10,10,3,3,3,3,5,5,5,5,5,5,5,5,11,11,11,11,11,11,11,11","0.000804901123046875","walktrap","edit-xhwikibooks.graphml"
"0.47","0.07","0.46","0.383400356259405","2,3,2,1,2,1,2,1,1,1,2,2,1,1,1,1,4,2,5,2,3,8,7,1,1,1,1,12,3,4,9,6,10,2,5,5,11,1,3,3,3,3,8,8,8,8,3,8,8,8,3,3,3,3,3,8,8,8,8,3,7,3,3,1,1,3,3,3,3,3,8,3,1,1,3,3,3,3,3,3,3,1,12,12,12,3,3,3,3,3,4,9,6,3,3,3,1,3,3,3,3,3,3,3,3,3,3,10,10,3,3,3,3,5,5,5,5,5,5,5,5,11,11,11,11,11,11,11,11","0.000792026519775391","walktrap","edit-xhwikibooks.graphml"
"0.46","0.08","0.46","0.384983687288396","2,3,2,1,2,1,2,1,1,1,2,2,1,1,1,1,4,2,5,2,3,11,7,1,1,1,1,12,3,4,8,6,9,2,5,5,10,1,3,3,3,3,11,11,11,11,3,11,11,11,3,3,3,3,3,11,11,11,11,3,7,3,3,1,1,3,3,3,3,3,11,3,1,1,3,3,3,3,3,3,3,1,12,12,12,3,3,3,3,3,4,8,6,3,3,3,1,3,3,3,3,3,3,3,3,3,3,9,9,3,3,3,3,5,5,5,5,5,5,5,5,10,10,10,10,10,10,10,10","0.000859975814819336","walktrap","edit-xhwikibooks.graphml"
"0.45","0.09","0.46","0.384983687288396","2,3,2,1,2,1,2,1,1,1,2,2,1,1,1,1,4,2,5,2,3,11,7,1,1,1,1,12,3,4,8,6,9,2,5,5,10,1,3,3,3,3,11,11,11,11,3,11,11,11,3,3,3,3,3,11,11,11,11,3,7,3,3,1,1,3,3,3,3,3,11,3,1,1,3,3,3,3,3,3,3,1,12,12,12,3,3,3,3,3,4,8,6,3,3,3,1,3,3,3,3,3,3,3,3,3,3,9,9,3,3,3,3,5,5,5,5,5,5,5,5,10,10,10,10,10,10,10,10","0.00079798698425293","walktrap","edit-xhwikibooks.graphml"
"0.44","0.1","0.46","0.384983687288396","2,3,2,1,2,1,2,1,1,1,2,2,1,1,1,1,4,2,5,2,3,11,7,1,1,1,1,12,3,4,8,6,9,2,5,5,10,1,3,3,3,3,11,11,11,11,3,11,11,11,3,3,3,3,3,11,11,11,11,3,7,3,3,1,1,3,3,3,3,3,11,3,1,1,3,3,3,3,3,3,3,1,12,12,12,3,3,3,3,3,4,8,6,3,3,3,1,3,3,3,3,3,3,3,3,3,3,9,9,3,3,3,3,5,5,5,5,5,5,5,5,10,10,10,10,10,10,10,10","0.00080108642578125","walktrap","edit-xhwikibooks.graphml"
"0.43","0.11","0.46","0.384547634493247","2,3,2,1,2,1,2,1,1,1,2,2,1,1,1,1,4,2,5,2,3,11,7,1,1,1,1,12,3,4,8,6,9,2,5,5,10,1,3,3,3,3,11,11,11,11,3,11,11,11,3,3,3,3,3,11,11,11,11,3,7,3,3,1,1,3,3,3,3,3,11,3,1,1,3,3,3,3,3,3,3,1,12,12,12,3,3,3,3,3,4,8,6,3,3,3,1,3,3,3,3,3,3,3,3,3,3,9,9,3,3,3,3,5,5,5,5,5,5,5,5,10,10,10,10,10,10,10,10","0.000805854797363281","walktrap","edit-xhwikibooks.graphml"
"0.42","0.12","0.46","0.38608455951668","2,3,2,1,2,1,2,1,1,1,2,2,1,1,1,1,4,2,5,2,3,10,7,1,1,1,1,12,3,4,8,6,9,2,5,5,11,1,3,3,3,3,10,10,10,10,3,10,10,10,3,3,3,3,3,10,10,10,10,3,7,3,3,1,1,3,3,3,3,3,10,3,1,1,3,3,3,3,3,3,3,1,12,12,12,3,3,3,3,3,4,8,6,3,3,3,1,3,3,3,3,3,3,3,3,3,3,9,9,3,3,3,3,5,5,5,5,5,5,5,5,11,11,11,11,11,11,11,11","0.000814199447631836","walktrap","edit-xhwikibooks.graphml"
"0.41","0.13","0.46","0.385866546041371","2,3,2,1,2,1,2,1,1,1,2,2,1,1,1,1,4,2,5,2,3,10,7,1,1,1,1,12,3,4,8,6,9,2,5,5,11,1,3,3,3,3,10,10,10,10,3,10,10,10,3,3,3,3,3,10,10,10,10,3,7,3,3,1,1,3,3,3,3,3,10,3,1,1,3,3,3,3,3,3,3,1,12,12,12,3,3,3,3,3,4,8,6,3,3,3,1,3,3,3,3,3,3,3,3,3,3,9,9,3,3,3,3,5,5,5,5,5,5,5,5,11,11,11,11,11,11,11,11","0.000792026519775391","walktrap","edit-xhwikibooks.graphml"
"0.4","0.14","0.46","0.385866546041371","2,3,2,1,2,1,2,1,1,1,2,2,1,1,1,1,4,2,5,2,3,10,7,1,1,1,1,12,3,4,8,6,9,2,5,5,11,1,3,3,3,3,10,10,10,10,3,10,10,10,3,3,3,3,3,10,10,10,10,3,7,3,3,1,1,3,3,3,3,3,10,3,1,1,3,3,3,3,3,3,3,1,12,12,12,3,3,3,3,3,4,8,6,3,3,3,1,3,3,3,3,3,3,3,3,3,3,9,9,3,3,3,3,5,5,5,5,5,5,5,5,11,11,11,11,11,11,11,11","0.000795125961303711","walktrap","edit-xhwikibooks.graphml"
"0.39","0.15","0.46","0.386380682172841","2,3,2,1,2,1,2,1,1,1,2,2,1,1,1,1,4,2,6,2,3,10,7,1,1,1,1,12,3,4,8,5,9,2,6,6,11,1,3,3,3,3,10,10,10,10,3,10,10,10,3,3,3,3,3,10,10,10,10,3,7,3,3,1,1,3,3,3,3,3,10,3,1,1,3,3,3,3,3,3,3,1,12,12,12,3,3,3,3,3,4,8,5,3,3,3,1,3,3,3,3,3,3,3,3,3,3,9,9,3,3,3,3,6,6,6,6,6,6,6,6,11,11,11,11,11,11,11,11","0.000788211822509766","walktrap","edit-xhwikibooks.graphml"
"0.38","0.16","0.46","0.387137939380245","2,3,2,1,2,1,2,1,1,1,2,2,1,1,1,1,4,2,6,2,3,10,7,1,1,1,1,12,3,4,8,5,9,2,6,6,11,1,3,3,3,3,10,10,10,10,3,10,10,10,3,3,3,3,3,10,10,10,10,3,7,3,3,1,1,3,3,3,3,3,10,3,1,1,3,3,3,3,3,3,3,1,12,12,12,3,3,3,3,3,4,8,5,3,3,3,1,3,3,3,3,3,3,3,3,3,3,9,9,3,3,3,3,6,6,6,6,6,6,6,6,11,11,11,11,11,11,11,11","0.000810861587524414","walktrap","edit-xhwikibooks.graphml"
"0.37","0.17","0.46","0.387648022921245","2,3,2,1,2,1,2,1,1,1,2,2,1,1,1,1,4,2,8,2,3,10,6,1,1,1,1,12,3,4,7,5,9,2,8,8,11,1,3,3,3,3,10,10,10,10,3,10,10,10,3,3,3,3,3,10,10,10,10,3,6,3,3,1,1,3,3,3,3,3,10,3,1,1,3,3,3,3,3,3,3,1,12,12,12,3,3,3,3,3,4,7,5,3,3,3,1,3,3,3,3,3,3,3,3,3,3,9,9,3,3,3,3,8,8,8,8,8,8,8,8,11,11,11,11,11,11,11,11","0.000807046890258789","walktrap","edit-xhwikibooks.graphml"
"0.36","0.18","0.46","0.388453059411395","2,3,2,1,2,1,2,1,1,1,2,2,1,1,1,1,4,2,8,2,3,10,6,1,1,1,1,12,3,4,7,5,9,2,8,8,11,1,3,3,3,3,10,10,10,10,3,10,10,10,3,3,3,3,3,10,10,10,10,3,6,3,3,1,1,3,3,3,3,3,10,3,1,1,3,3,3,3,3,3,3,1,12,12,12,3,3,3,3,3,4,7,5,3,3,3,1,3,3,3,3,3,3,3,3,3,3,9,9,3,3,3,3,8,8,8,8,8,8,8,8,11,11,11,11,11,11,11,11","0.000781059265136719","walktrap","edit-xhwikibooks.graphml"
"0.35","0.19","0.46","0.388235126047897","2,3,2,1,2,1,2,1,1,1,2,2,1,1,1,1,4,2,8,2,3,10,6,1,1,1,1,12,3,4,7,5,9,2,8,8,11,1,3,3,3,3,10,10,10,10,3,10,10,10,3,3,3,3,3,10,10,10,10,3,6,3,3,1,1,3,3,3,3,3,10,3,1,1,3,3,3,3,3,3,3,1,12,12,12,3,3,3,3,3,4,7,5,3,3,3,1,3,3,3,3,3,3,3,3,3,3,9,9,3,3,3,3,8,8,8,8,8,8,8,8,11,11,11,11,11,11,11,11","0.000787019729614258","walktrap","edit-xhwikibooks.graphml"
"0.34","0.2","0.46","0.389709429710714","2,3,2,1,2,1,2,1,1,1,2,2,1,1,1,1,4,2,8,2,3,10,6,1,1,1,1,12,3,4,7,5,9,2,8,8,11,1,3,3,3,3,10,10,10,10,3,10,10,10,3,3,3,3,3,10,10,10,10,3,6,3,3,1,1,3,3,3,3,3,10,3,1,1,3,3,3,3,3,3,3,1,12,12,12,3,3,3,3,3,4,7,5,3,3,3,1,3,3,3,3,3,3,3,3,3,3,9,9,3,3,3,3,8,8,8,8,8,8,8,8,11,11,11,11,11,11,11,11","0.000760078430175781","walktrap","edit-xhwikibooks.graphml"
"0.33","0.21","0.46","0.38949146412037","2,3,2,1,2,1,2,1,1,1,2,2,1,1,1,1,4,2,8,2,3,10,6,1,1,1,1,12,3,4,7,5,9,2,8,8,11,1,3,3,3,3,10,10,10,10,3,10,10,10,3,3,3,3,3,10,10,10,10,3,6,3,3,1,1,3,3,3,3,3,10,3,1,1,3,3,3,3,3,3,3,1,12,12,12,3,3,3,3,3,4,7,5,3,3,3,1,3,3,3,3,3,3,3,3,3,3,9,9,3,3,3,3,8,8,8,8,8,8,8,8,11,11,11,11,11,11,11,11","0.000712871551513672","walktrap","edit-xhwikibooks.graphml"
"0.32","0.22","0.46","0.38949146412037","2,3,2,1,2,1,2,1,1,1,2,2,1,1,1,1,4,2,8,2,3,10,6,1,1,1,1,12,3,4,7,5,9,2,8,8,11,1,3,3,3,3,10,10,10,10,3,10,10,10,3,3,3,3,3,10,10,10,10,3,6,3,3,1,1,3,3,3,3,3,10,3,1,1,3,3,3,3,3,3,3,1,12,12,12,3,3,3,3,3,4,7,5,3,3,3,1,3,3,3,3,3,3,3,3,3,3,9,9,3,3,3,3,8,8,8,8,8,8,8,8,11,11,11,11,11,11,11,11","0.000724077224731445","walktrap","edit-xhwikibooks.graphml"
"0.31","0.23","0.46","0.385966771960105","1,3,1,1,1,1,1,1,1,1,1,2,1,1,1,4,5,1,1,2,3,9,7,1,1,1,1,4,3,5,8,6,2,2,1,1,10,1,3,3,3,3,9,9,9,9,3,9,9,9,3,3,3,3,3,9,9,9,9,3,7,3,3,1,1,3,3,3,3,3,9,3,1,1,3,3,3,3,3,3,3,1,4,4,4,3,3,3,3,3,5,8,6,3,3,3,4,3,3,3,3,3,3,3,3,3,3,2,2,3,3,3,3,1,1,1,1,1,1,1,1,10,10,10,10,10,10,10,10","0.000790119171142578","walktrap","edit-xhwikibooks.graphml"
"0.3","0.24","0.46","0.386727189429012","1,3,1,1,1,1,1,1,1,1,1,2,1,1,1,4,5,1,1,2,3,9,7,1,1,1,1,4,3,5,8,6,2,2,1,1,10,1,3,3,3,3,9,9,9,9,3,9,9,9,3,3,3,3,3,9,9,9,9,3,7,3,3,1,1,3,3,3,3,3,9,3,1,1,3,3,3,3,3,3,3,1,4,4,4,3,3,3,3,3,5,8,6,3,3,3,4,3,3,3,3,3,3,3,3,3,3,2,2,3,3,3,3,1,1,1,1,1,1,1,1,10,10,10,10,10,10,10,10","0.000715017318725586","walktrap","edit-xhwikibooks.graphml"
"0.29","0.25","0.46","0.388595995656878","1,3,1,1,1,1,1,1,1,1,1,2,1,1,1,4,5,1,1,2,3,9,7,1,1,1,1,4,3,5,8,6,2,2,1,1,10,1,3,3,3,3,9,9,9,9,3,9,9,9,3,3,3,3,3,9,9,9,9,3,7,3,3,1,1,3,3,3,3,3,9,3,1,1,3,3,3,3,3,3,3,1,4,4,4,3,3,3,3,3,5,8,6,3,3,3,4,3,3,3,3,3,3,3,3,3,3,2,2,3,3,3,3,1,1,1,1,1,1,1,1,10,10,10,10,10,10,10,10","0.000748872756958008","walktrap","edit-xhwikibooks.graphml"
"0.28","0.26","0.46","0.388595995656878","1,3,1,1,1,1,1,1,1,1,1,2,1,1,1,4,5,1,1,2,3,9,7,1,1,1,1,4,3,5,8,6,2,2,1,1,10,1,3,3,3,3,9,9,9,9,3,9,9,9,3,3,3,3,3,9,9,9,9,3,7,3,3,1,1,3,3,3,3,3,9,3,1,1,3,3,3,3,3,3,3,1,4,4,4,3,3,3,3,3,5,8,6,3,3,3,4,3,3,3,3,3,3,3,3,3,3,2,2,3,3,3,3,1,1,1,1,1,1,1,1,10,10,10,10,10,10,10,10","0.00073695182800293","walktrap","edit-xhwikibooks.graphml"
"0.27","0.27","0.46","0.388595995656878","1,3,1,1,1,1,1,1,1,1,1,2,1,1,1,4,5,1,1,2,3,9,7,1,1,1,1,4,3,5,8,6,2,2,1,1,10,1,3,3,3,3,9,9,9,9,3,9,9,9,3,3,3,3,3,9,9,9,9,3,7,3,3,1,1,3,3,3,3,3,9,3,1,1,3,3,3,3,3,3,3,1,4,4,4,3,3,3,3,3,5,8,6,3,3,3,4,3,3,3,3,3,3,3,3,3,3,2,2,3,3,3,3,1,1,1,1,1,1,1,1,10,10,10,10,10,10,10,10","0.000746965408325195","walktrap","edit-xhwikibooks.graphml"
"0.26","0.28","0.46","0.388388309526945","1,3,1,1,1,1,1,1,1,1,1,2,1,1,1,4,5,1,1,2,3,9,7,1,1,1,1,4,3,5,8,6,2,2,1,1,10,1,3,3,3,3,9,9,9,9,3,9,9,9,3,3,3,3,3,9,9,9,9,3,7,3,3,1,1,3,3,3,3,3,9,3,1,1,3,3,3,3,3,3,3,1,4,4,4,3,3,3,3,3,5,8,6,3,3,3,4,3,3,3,3,3,3,3,3,3,3,2,2,3,3,3,3,1,1,1,1,1,1,1,1,10,10,10,10,10,10,10,10","0.000720977783203125","walktrap","edit-xhwikibooks.graphml"
"0.25","0.29","0.46","0.389633677188321","1,3,1,1,1,1,1,1,1,1,1,2,1,1,1,4,5,1,1,2,3,9,7,1,1,1,1,4,3,5,8,6,2,2,1,1,10,1,3,3,3,3,9,9,9,9,3,9,9,9,3,3,3,3,3,9,9,9,9,3,7,3,3,1,1,3,3,3,3,3,9,3,1,1,3,3,3,3,3,3,3,1,4,4,4,3,3,3,3,3,5,8,6,3,3,3,4,3,3,3,3,3,3,3,3,3,3,2,2,3,3,3,3,1,1,1,1,1,1,1,1,10,10,10,10,10,10,10,10","0.000754833221435547","walktrap","edit-xhwikibooks.graphml"
"0.24","0.3","0.46","0.389426213714477","1,3,1,1,1,1,1,1,1,1,1,2,1,1,1,4,5,1,1,2,3,9,7,1,1,1,1,4,3,5,8,6,2,2,1,1,10,1,3,3,3,3,9,9,9,9,3,9,9,9,3,3,3,3,3,9,9,9,9,3,7,3,3,1,1,3,3,3,3,3,9,3,1,1,3,3,3,3,3,3,3,1,4,4,4,3,3,3,3,3,5,8,6,3,3,3,4,3,3,3,3,3,3,3,3,3,3,2,2,3,3,3,3,1,1,1,1,1,1,1,1,10,10,10,10,10,10,10,10","0.000746965408325195","walktrap","edit-xhwikibooks.graphml"
"0.23","0.31","0.46","0.388871757046063","3,13,3,3,3,2,3,4,4,2,3,1,4,4,4,2,2,3,9,1,13,11,7,4,4,4,4,14,5,10,8,6,1,1,9,9,12,4,13,13,13,13,11,11,11,11,13,11,11,11,13,13,13,13,13,11,11,11,11,13,7,13,13,4,4,13,13,13,13,13,11,13,4,4,13,13,13,13,13,13,13,4,14,14,14,5,13,13,13,13,10,8,6,13,13,13,2,13,13,13,13,13,13,13,13,13,13,1,1,13,13,13,13,9,9,9,9,9,9,9,9,12,12,12,12,12,12,12,12","0.000737905502319336","walktrap","edit-xhwikibooks.graphml"
"0.22","0.32","0.46","0.388654589863627","3,13,3,3,3,2,3,4,4,2,3,1,4,4,4,2,2,3,9,1,13,11,7,4,4,4,4,14,5,10,8,6,1,1,9,9,12,4,13,13,13,13,11,11,11,11,13,11,11,11,13,13,13,13,13,11,11,11,11,13,7,13,13,4,4,13,13,13,13,13,11,13,4,4,13,13,13,13,13,13,13,4,14,14,14,5,13,13,13,13,10,8,6,13,13,13,2,13,13,13,13,13,13,13,13,13,13,1,1,13,13,13,13,9,9,9,9,9,9,9,9,12,12,12,12,12,12,12,12","0.000721931457519531","walktrap","edit-xhwikibooks.graphml"
"0.21","0.33","0.46","0.388654589863627","3,13,3,3,3,2,3,4,4,2,3,1,4,4,4,2,2,3,9,1,13,11,7,4,4,4,4,14,5,10,8,6,1,1,9,9,12,4,13,13,13,13,11,11,11,11,13,11,11,11,13,13,13,13,13,11,11,11,11,13,7,13,13,4,4,13,13,13,13,13,11,13,4,4,13,13,13,13,13,13,13,4,14,14,14,5,13,13,13,13,10,8,6,13,13,13,2,13,13,13,13,13,13,13,13,13,13,1,1,13,13,13,13,9,9,9,9,9,9,9,9,12,12,12,12,12,12,12,12","0.000715970993041992","walktrap","edit-xhwikibooks.graphml"
"0.2","0.34","0.46","0.398847579283168","2,12,2,2,2,1,2,3,3,1,2,2,3,3,3,1,1,2,9,2,12,11,6,3,3,3,3,14,4,10,7,5,8,2,9,9,13,3,12,12,12,12,11,11,11,11,12,11,11,11,12,12,12,12,12,11,11,11,11,12,6,12,12,3,3,12,12,12,12,12,11,12,3,3,12,12,12,12,12,12,12,3,14,14,14,4,12,12,12,12,10,7,5,12,12,12,1,12,12,12,12,12,12,12,12,12,12,8,8,12,12,12,12,9,9,9,9,9,9,9,9,13,13,13,13,13,13,13,13","0.000756978988647461","walktrap","edit-xhwikibooks.graphml"
"0.19","0.35","0.46","0.398847579283168","2,12,2,2,2,1,2,3,3,1,2,2,3,3,3,1,1,2,9,2,12,11,6,3,3,3,3,14,4,10,7,5,8,2,9,9,13,3,12,12,12,12,11,11,11,11,12,11,11,11,12,12,12,12,12,11,11,11,11,12,6,12,12,3,3,12,12,12,12,12,11,12,3,3,12,12,12,12,12,12,12,3,14,14,14,4,12,12,12,12,10,7,5,12,12,12,1,12,12,12,12,12,12,12,12,12,12,8,8,12,12,12,12,9,9,9,9,9,9,9,9,13,13,13,13,13,13,13,13","0.00082087516784668","walktrap","edit-xhwikibooks.graphml"
"0.18","0.36","0.46","0.398628779009436","2,12,2,2,2,1,2,3,3,1,2,2,3,3,3,1,1,2,9,2,12,11,6,3,3,3,3,14,4,10,7,5,8,2,9,9,13,3,12,12,12,12,11,11,11,11,12,11,11,11,12,12,12,12,12,11,11,11,11,12,6,12,12,3,3,12,12,12,12,12,11,12,3,3,12,12,12,12,12,12,12,3,14,14,14,4,12,12,12,12,10,7,5,12,12,12,1,12,12,12,12,12,12,12,12,12,12,8,8,12,12,12,12,9,9,9,9,9,9,9,9,13,13,13,13,13,13,13,13","0.000745058059692383","walktrap","edit-xhwikibooks.graphml"
"0.17","0.37","0.46","0.399061033965097","2,12,2,2,2,1,2,3,3,1,2,2,3,3,3,1,1,2,9,2,12,11,6,3,3,3,3,14,4,10,7,5,8,2,9,9,13,3,12,12,12,12,11,11,11,11,12,11,11,11,12,12,12,12,12,11,11,11,11,12,6,12,12,3,3,12,12,12,12,12,11,12,3,3,12,12,12,12,12,12,12,3,14,14,14,4,12,12,12,12,10,7,5,12,12,12,1,12,12,12,12,12,12,12,12,12,12,8,8,12,12,12,12,9,9,9,9,9,9,9,9,13,13,13,13,13,13,13,13","0.00071406364440918","walktrap","edit-xhwikibooks.graphml"
"0.16","0.38","0.46","0.398841941587832","2,12,2,2,2,1,2,3,3,1,2,2,3,3,3,1,1,2,9,2,12,11,6,3,3,3,3,14,4,10,7,5,8,2,9,9,13,3,12,12,12,12,11,11,11,11,12,11,11,11,12,12,12,12,12,11,11,11,11,12,6,12,12,3,3,12,12,12,12,12,11,12,3,3,12,12,12,12,12,12,12,3,14,14,14,4,12,12,12,12,10,7,5,12,12,12,1,12,12,12,12,12,12,12,12,12,12,8,8,12,12,12,12,9,9,9,9,9,9,9,9,13,13,13,13,13,13,13,13","0.000725984573364258","walktrap","edit-xhwikibooks.graphml"
"0.15","0.39","0.46","0.390783582231922","2,13,2,2,1,2,1,4,4,2,1,1,4,4,4,2,5,3,11,1,13,12,8,4,4,4,4,9,6,5,3,7,10,1,11,11,14,4,13,13,13,13,12,12,12,12,13,12,12,12,13,13,13,13,13,12,12,12,12,13,8,13,13,4,4,13,13,13,13,13,12,13,4,4,13,13,13,13,13,13,13,4,9,9,9,6,13,13,13,13,5,3,7,13,13,13,2,13,13,13,13,13,13,13,13,13,13,10,10,13,13,13,13,11,11,11,11,11,11,11,11,14,14,14,14,14,14,14,14","0.000718832015991211","walktrap","edit-xhwikibooks.graphml"
"0.14","0.4","0.46","0.392102264604225","2,13,2,2,1,2,1,3,3,2,1,1,3,3,3,2,5,4,11,1,13,12,8,3,3,3,3,9,6,5,4,7,10,1,11,11,14,3,13,13,13,13,12,12,12,12,13,12,12,12,13,13,13,13,13,12,12,12,12,13,8,13,13,3,3,13,13,13,13,13,12,13,3,3,13,13,13,13,13,13,13,3,9,9,9,6,13,13,13,13,5,4,7,13,13,13,2,13,13,13,13,13,13,13,13,13,13,10,10,13,13,13,13,11,11,11,11,11,11,11,11,14,14,14,14,14,14,14,14","0.000725030899047852","walktrap","edit-xhwikibooks.graphml"
"0.13","0.41","0.46","0.392102264604225","2,13,2,2,1,2,1,3,3,2,1,1,3,3,3,2,5,4,11,1,13,12,8,3,3,3,3,9,6,5,4,7,10,1,11,11,14,3,13,13,13,13,12,12,12,12,13,12,12,12,13,13,13,13,13,12,12,12,12,13,8,13,13,3,3,13,13,13,13,13,12,13,3,3,13,13,13,13,13,13,13,3,9,9,9,6,13,13,13,13,5,4,7,13,13,13,2,13,13,13,13,13,13,13,13,13,13,10,10,13,13,13,13,11,11,11,11,11,11,11,11,14,14,14,14,14,14,14,14","0.000728130340576172","walktrap","edit-xhwikibooks.graphml"
"0.12","0.42","0.46","0.391884424637054","2,13,2,2,1,2,1,3,3,2,1,1,3,3,3,2,5,4,11,1,13,12,8,3,3,3,3,9,6,5,4,7,10,1,11,11,14,3,13,13,13,13,12,12,12,12,13,12,12,12,13,13,13,13,13,12,12,12,12,13,8,13,13,3,3,13,13,13,13,13,12,13,3,3,13,13,13,13,13,13,13,3,9,9,9,6,13,13,13,13,5,4,7,13,13,13,2,13,13,13,13,13,13,13,13,13,13,10,10,13,13,13,13,11,11,11,11,11,11,11,11,14,14,14,14,14,14,14,14","0.000715970993041992","walktrap","edit-xhwikibooks.graphml"
"0.11","0.43","0.46","0.393330120012336","2,13,2,2,1,2,1,3,3,2,1,1,3,3,3,2,5,4,11,1,13,12,8,3,3,3,3,9,6,5,4,7,10,1,11,11,14,3,13,13,13,13,12,12,12,12,13,12,12,12,13,13,13,13,13,12,12,12,12,13,8,13,13,3,3,13,13,13,13,13,12,13,3,3,13,13,13,13,13,13,13,3,9,9,9,6,13,13,13,13,5,4,7,13,13,13,2,13,13,13,13,13,13,13,13,13,13,10,10,13,13,13,13,11,11,11,11,11,11,11,11,14,14,14,14,14,14,14,14","0.000734090805053711","walktrap","edit-xhwikibooks.graphml"
"0.1","0.44","0.46","0.393112268395508","2,13,2,2,1,2,1,3,3,2,1,1,3,3,3,2,5,4,11,1,13,12,8,3,3,3,3,9,6,5,4,7,10,1,11,11,14,3,13,13,13,13,12,12,12,12,13,12,12,12,13,13,13,13,13,12,12,12,12,13,8,13,13,3,3,13,13,13,13,13,12,13,3,3,13,13,13,13,13,13,13,3,9,9,9,6,13,13,13,13,5,4,7,13,13,13,2,13,13,13,13,13,13,13,13,13,13,10,10,13,13,13,13,11,11,11,11,11,11,11,11,14,14,14,14,14,14,14,14","0.000758886337280273","walktrap","edit-xhwikibooks.graphml"
"0.09","0.45","0.46","0.390265398335315","2,13,2,2,1,2,1,3,3,2,1,1,3,3,3,2,5,4,11,1,13,12,8,3,3,3,3,9,6,5,4,7,10,1,11,11,14,3,13,13,13,13,12,12,12,12,13,12,12,12,13,13,13,13,13,12,12,12,12,13,8,13,13,3,3,13,13,13,13,13,12,13,3,3,13,13,13,13,13,13,13,3,9,9,9,6,13,13,13,13,5,4,7,13,13,13,2,13,13,13,13,13,13,13,13,13,13,10,10,13,13,13,13,11,11,11,11,11,11,11,11,14,14,14,14,14,14,14,14","0.000809907913208008","walktrap","edit-xhwikibooks.graphml"
"0.08","0.46","0.46","0.390047786621171","2,13,2,2,1,2,1,3,3,2,1,1,3,3,3,2,5,4,11,1,13,12,8,3,3,3,3,9,6,5,4,7,10,1,11,11,14,3,13,13,13,13,12,12,12,12,13,12,12,12,13,13,13,13,13,12,12,12,12,13,8,13,13,3,3,13,13,13,13,13,12,13,3,3,13,13,13,13,13,13,13,3,9,9,9,6,13,13,13,13,5,4,7,13,13,13,2,13,13,13,13,13,13,13,13,13,13,10,10,13,13,13,13,11,11,11,11,11,11,11,11,14,14,14,14,14,14,14,14","0.000763893127441406","walktrap","edit-xhwikibooks.graphml"
"0.07","0.47","0.46","0.387094938294987","1,6,1,1,1,1,1,1,1,1,1,2,1,1,1,1,4,3,1,2,6,7,1,1,1,1,1,5,6,4,3,1,2,2,1,1,8,1,6,6,6,6,7,7,7,7,6,7,7,7,6,6,6,6,6,7,7,7,7,6,9,6,6,1,1,6,6,6,6,6,7,6,1,1,6,6,6,6,6,6,6,1,5,5,5,10,6,6,6,6,11,12,13,6,6,6,1,6,6,6,6,6,6,6,6,6,6,2,2,6,6,6,6,1,1,1,1,1,1,1,1,8,8,8,8,8,8,8,8","0.000729084014892578","walktrap","edit-xhwikibooks.graphml"
"0.06","0.48","0.46","0.386887724716056","1,6,1,1,1,1,1,1,1,1,1,2,1,1,1,1,4,3,1,2,6,7,1,1,1,1,1,5,6,4,3,1,2,2,1,1,8,1,6,6,6,6,7,7,7,7,6,7,7,7,6,6,6,6,6,7,7,7,7,6,9,6,6,1,1,6,6,6,6,6,7,6,1,1,6,6,6,6,6,6,6,1,5,5,5,10,6,6,6,6,11,12,13,6,6,6,1,6,6,6,6,6,6,6,6,6,6,2,2,6,6,6,6,1,1,1,1,1,1,1,1,8,8,8,8,8,8,8,8","0.000722169876098633","walktrap","edit-xhwikibooks.graphml"
"0.05","0.49","0.46","0.386887724716056","1,6,1,1,1,1,1,1,1,1,1,2,1,1,1,1,4,3,1,2,6,7,1,1,1,1,1,5,6,4,3,1,2,2,1,1,8,1,6,6,6,6,7,7,7,7,6,7,7,7,6,6,6,6,6,7,7,7,7,6,9,6,6,1,1,6,6,6,6,6,7,6,1,1,6,6,6,6,6,6,6,1,5,5,5,10,6,6,6,6,11,12,13,6,6,6,1,6,6,6,6,6,6,6,6,6,6,2,2,6,6,6,6,1,1,1,1,1,1,1,1,8,8,8,8,8,8,8,8","0.000722169876098633","walktrap","edit-xhwikibooks.graphml"
"0.04","0.5","0.46","0.417816379043909","3,6,3,4,3,4,3,5,5,4,3,1,5,5,5,4,8,7,2,1,6,10,12,5,5,5,5,9,6,8,7,2,1,1,2,2,11,5,6,6,6,6,10,10,10,10,6,10,10,10,6,6,6,6,6,10,10,10,10,6,13,6,6,5,5,6,6,6,6,6,10,6,5,5,6,6,6,6,6,6,6,5,9,9,9,14,6,6,6,6,15,16,17,6,6,6,4,6,6,6,6,6,6,6,6,6,6,1,1,6,6,6,6,2,2,2,2,2,2,2,2,11,11,11,11,11,11,11,11","0.000744104385375977","walktrap","edit-xhwikibooks.graphml"
"0.03","0.51","0.46","0.417594229646813","3,6,3,4,3,4,3,5,5,4,3,1,5,5,5,4,8,7,2,1,6,10,12,5,5,5,5,9,6,8,7,2,1,1,2,2,11,5,6,6,6,6,10,10,10,10,6,10,10,10,6,6,6,6,6,10,10,10,10,6,13,6,6,5,5,6,6,6,6,6,10,6,5,5,6,6,6,6,6,6,6,5,9,9,9,14,6,6,6,6,15,16,17,6,6,6,4,6,6,6,6,6,6,6,6,6,6,1,1,6,6,6,6,2,2,2,2,2,2,2,2,11,11,11,11,11,11,11,11","0.000738143920898438","walktrap","edit-xhwikibooks.graphml"
"0.02","0.52","0.46","0.418338234687971","3,6,3,4,3,4,3,5,5,4,3,1,5,5,5,4,8,7,2,1,6,10,12,5,5,5,5,9,6,8,7,2,1,1,2,2,11,5,6,6,6,6,10,10,10,10,6,10,10,10,6,6,6,6,6,10,10,10,10,6,13,6,6,5,5,6,6,6,6,6,10,6,5,5,6,6,6,6,6,6,6,5,9,9,9,14,6,6,6,6,15,16,17,6,6,6,4,6,6,6,6,6,6,6,6,6,6,1,1,6,6,6,6,2,2,2,2,2,2,2,2,11,11,11,11,11,11,11,11","0.000750064849853516","walktrap","edit-xhwikibooks.graphml"
"0.01","0.53","0.46","0.406678261396435","1,5,1,1,1,1,1,2,2,1,1,3,2,2,2,1,7,6,4,3,5,9,2,2,2,2,2,8,5,7,6,4,3,3,4,4,10,2,5,5,5,5,9,9,9,9,5,9,9,9,5,5,5,5,5,9,9,9,9,5,11,5,5,2,2,5,5,5,5,5,9,5,2,2,5,5,5,5,5,5,5,2,8,8,8,12,5,5,5,5,13,14,15,5,5,5,1,5,5,5,5,5,5,5,5,5,5,3,3,5,5,5,5,4,4,4,4,4,4,4,4,10,10,10,10,10,10,10,10","0.000752925872802734","walktrap","edit-xhwikibooks.graphml"
"0","0.54","0.46","0.408390078174381","3,7,3,3,3,1,3,1,1,1,3,2,1,1,1,1,5,4,3,2,7,8,10,1,1,1,1,6,3,5,4,3,2,2,3,3,9,1,7,7,7,7,8,8,8,8,7,8,8,8,7,7,7,7,7,8,8,8,8,7,11,7,7,1,1,7,7,7,7,7,8,7,1,1,7,7,7,7,7,7,7,1,6,6,6,12,7,7,7,7,13,14,15,7,7,7,1,7,7,7,7,7,7,7,7,7,7,2,2,7,7,7,7,3,3,3,3,3,3,3,3,9,9,9,9,9,9,9,9","0.000797033309936523","walktrap","edit-xhwikibooks.graphml"
"0.53","0","0.47","0.374988906127953","2,3,2,1,2,1,2,1,1,1,2,2,1,1,1,1,4,2,5,2,3,8,7,1,1,1,1,12,3,4,9,6,10,2,5,5,11,1,3,3,3,3,8,8,8,8,3,8,8,8,3,3,3,3,3,8,8,8,8,3,7,3,3,1,1,3,3,3,3,3,8,3,1,1,3,3,3,3,3,3,3,1,12,12,12,3,3,3,3,3,4,9,6,3,3,3,1,3,3,3,3,3,3,3,3,3,3,10,10,3,3,3,3,5,5,5,5,5,5,5,5,11,11,11,11,11,11,11,11","0.000787973403930664","walktrap","edit-xhwikibooks.graphml"
"0.52","0.01","0.47","0.374988906127953","2,3,2,1,2,1,2,1,1,1,2,2,1,1,1,1,4,2,5,2,3,8,7,1,1,1,1,12,3,4,9,6,10,2,5,5,11,1,3,3,3,3,8,8,8,8,3,8,8,8,3,3,3,3,3,8,8,8,8,3,7,3,3,1,1,3,3,3,3,3,8,3,1,1,3,3,3,3,3,3,3,1,12,12,12,3,3,3,3,3,4,9,6,3,3,3,1,3,3,3,3,3,3,3,3,3,3,10,10,3,3,3,3,5,5,5,5,5,5,5,5,11,11,11,11,11,11,11,11","0.000777006149291992","walktrap","edit-xhwikibooks.graphml"
"0.51","0.02","0.47","0.374988906127953","2,3,2,1,2,1,2,1,1,1,2,2,1,1,1,1,4,2,5,2,3,8,7,1,1,1,1,12,3,4,9,6,10,2,5,5,11,1,3,3,3,3,8,8,8,8,3,8,8,8,3,3,3,3,3,8,8,8,8,3,7,3,3,1,1,3,3,3,3,3,8,3,1,1,3,3,3,3,3,3,3,1,12,12,12,3,3,3,3,3,4,9,6,3,3,3,1,3,3,3,3,3,3,3,3,3,3,10,10,3,3,3,3,5,5,5,5,5,5,5,5,11,11,11,11,11,11,11,11","0.000774145126342773","walktrap","edit-xhwikibooks.graphml"
"0.5","0.03","0.47","0.374780744901217","2,3,2,1,2,1,2,1,1,1,2,2,1,1,1,1,4,2,5,2,3,8,7,1,1,1,1,12,3,4,9,6,10,2,5,5,11,1,3,3,3,3,8,8,8,8,3,8,8,8,3,3,3,3,3,8,8,8,8,3,7,3,3,1,1,3,3,3,3,3,8,3,1,1,3,3,3,3,3,3,3,1,12,12,12,3,3,3,3,3,4,9,6,3,3,3,1,3,3,3,3,3,3,3,3,3,3,10,10,3,3,3,3,5,5,5,5,5,5,5,5,11,11,11,11,11,11,11,11","0.000848054885864258","walktrap","edit-xhwikibooks.graphml"
"0.49","0.04","0.47","0.374780744901217","2,3,2,1,2,1,2,1,1,1,2,2,1,1,1,1,4,2,5,2,3,8,7,1,1,1,1,12,3,4,9,6,10,2,5,5,11,1,3,3,3,3,8,8,8,8,3,8,8,8,3,3,3,3,3,8,8,8,8,3,7,3,3,1,1,3,3,3,3,3,8,3,1,1,3,3,3,3,3,3,3,1,12,12,12,3,3,3,3,3,4,9,6,3,3,3,1,3,3,3,3,3,3,3,3,3,3,10,10,3,3,3,3,5,5,5,5,5,5,5,5,11,11,11,11,11,11,11,11","0.00090789794921875","walktrap","edit-xhwikibooks.graphml"
"0.48","0.05","0.47","0.374572802752228","2,3,2,1,2,1,2,1,1,1,2,2,1,1,1,1,4,2,5,2,3,8,7,1,1,1,1,12,3,4,9,6,10,2,5,5,11,1,3,3,3,3,8,8,8,8,3,8,8,8,3,3,3,3,3,8,8,8,8,3,7,3,3,1,1,3,3,3,3,3,8,3,1,1,3,3,3,3,3,3,3,1,12,12,12,3,3,3,3,3,4,9,6,3,3,3,1,3,3,3,3,3,3,3,3,3,3,10,10,3,3,3,3,5,5,5,5,5,5,5,5,11,11,11,11,11,11,11,11","0.000746011734008789","walktrap","edit-xhwikibooks.graphml"
"0.47","0.06","0.47","0.375379008746356","2,3,2,1,2,1,2,1,1,1,2,2,1,1,1,1,4,2,5,2,3,8,7,1,1,1,1,12,3,4,9,6,10,2,5,5,11,1,3,3,3,3,8,8,8,8,3,8,8,8,3,3,3,3,3,8,8,8,8,3,7,3,3,1,1,3,3,3,3,3,8,3,1,1,3,3,3,3,3,3,3,1,12,12,12,3,3,3,3,3,4,9,6,3,3,3,1,3,3,3,3,3,3,3,3,3,3,10,10,3,3,3,3,5,5,5,5,5,5,5,5,11,11,11,11,11,11,11,11","0.000764131546020508","walktrap","edit-xhwikibooks.graphml"
"0.46","0.07","0.47","0.37517104999859","2,3,2,1,2,1,2,1,1,1,2,2,1,1,1,1,4,2,5,2,3,8,7,1,1,1,1,12,3,4,9,6,10,2,5,5,11,1,3,3,3,3,8,8,8,8,3,8,8,8,3,3,3,3,3,8,8,8,8,3,7,3,3,1,1,3,3,3,3,3,8,3,1,1,3,3,3,3,3,3,3,1,12,12,12,3,3,3,3,3,4,9,6,3,3,3,1,3,3,3,3,3,3,3,3,3,3,10,10,3,3,3,3,5,5,5,5,5,5,5,5,11,11,11,11,11,11,11,11","0.000758886337280273","walktrap","edit-xhwikibooks.graphml"
"0.45","0.08","0.47","0.375926949802103","2,3,2,1,2,1,2,1,1,1,2,2,1,1,1,1,4,2,5,2,3,11,7,1,1,1,1,12,3,4,8,6,9,2,5,5,10,1,3,3,3,3,11,11,11,11,3,11,11,11,3,3,3,3,3,11,11,11,11,3,7,3,3,1,1,3,3,3,3,3,11,3,1,1,3,3,3,3,3,3,3,1,12,12,12,3,3,3,3,3,4,8,6,3,3,3,1,3,3,3,3,3,3,3,3,3,3,9,9,3,3,3,3,5,5,5,5,5,5,5,5,10,10,10,10,10,10,10,10","0.000761032104492188","walktrap","edit-xhwikibooks.graphml"
"0.44","0.09","0.47","0.375719041410241","2,3,2,1,2,1,2,1,1,1,2,2,1,1,1,1,4,2,5,2,3,11,7,1,1,1,1,12,3,4,8,6,9,2,5,5,10,1,3,3,3,3,11,11,11,11,3,11,11,11,3,3,3,3,3,11,11,11,11,3,7,3,3,1,1,3,3,3,3,3,11,3,1,1,3,3,3,3,3,3,3,1,12,12,12,3,3,3,3,3,4,8,6,3,3,3,1,3,3,3,3,3,3,3,3,3,3,9,9,3,3,3,3,5,5,5,5,5,5,5,5,10,10,10,10,10,10,10,10","0.000761032104492188","walktrap","edit-xhwikibooks.graphml"
"0.43","0.1","0.47","0.385513588423089","2,3,2,1,2,1,2,1,1,1,2,2,1,1,1,1,4,2,5,2,3,11,7,1,1,1,1,12,3,4,8,6,9,2,5,5,10,1,3,3,3,3,11,11,11,11,3,11,11,11,3,3,3,3,3,11,11,11,11,3,7,3,3,1,1,3,3,3,3,3,11,3,1,1,3,3,3,3,3,3,3,1,12,12,12,3,3,3,3,3,4,8,6,3,3,3,1,3,3,3,3,3,3,3,3,3,3,9,9,3,3,3,3,5,5,5,5,5,5,5,5,10,10,10,10,10,10,10,10","0.000777006149291992","walktrap","edit-xhwikibooks.graphml"
"0.42","0.11","0.47","0.38507772370878","2,3,2,1,2,1,2,1,1,1,2,2,1,1,1,1,4,2,5,2,3,11,7,1,1,1,1,12,3,4,8,6,9,2,5,5,10,1,3,3,3,3,11,11,11,11,3,11,11,11,3,3,3,3,3,11,11,11,11,3,7,3,3,1,1,3,3,3,3,3,11,3,1,1,3,3,3,3,3,3,3,1,12,12,12,3,3,3,3,3,4,8,6,3,3,3,1,3,3,3,3,3,3,3,3,3,3,9,9,3,3,3,3,5,5,5,5,5,5,5,5,10,10,10,10,10,10,10,10","0.000777006149291992","walktrap","edit-xhwikibooks.graphml"
"0.41","0.12","0.47","0.386611279343634","2,3,2,1,2,1,2,1,1,1,2,2,1,1,1,1,4,2,5,2,3,10,7,1,1,1,1,12,3,4,8,6,9,2,5,5,11,1,3,3,3,3,10,10,10,10,3,10,10,10,3,3,3,3,3,10,10,10,10,3,7,3,3,1,1,3,3,3,3,3,10,3,1,1,3,3,3,3,3,3,3,1,12,12,12,3,3,3,3,3,4,8,6,3,3,3,1,3,3,3,3,3,3,3,3,3,3,9,9,3,3,3,3,5,5,5,5,5,5,5,5,11,11,11,11,11,11,11,11","0.000730037689208984","walktrap","edit-xhwikibooks.graphml"
"0.4","0.13","0.47","0.386393361240286","2,3,2,1,2,1,2,1,1,1,2,2,1,1,1,1,4,2,5,2,3,10,7,1,1,1,1,12,3,4,8,6,9,2,5,5,11,1,3,3,3,3,10,10,10,10,3,10,10,10,3,3,3,3,3,10,10,10,10,3,7,3,3,1,1,3,3,3,3,3,10,3,1,1,3,3,3,3,3,3,3,1,12,12,12,3,3,3,3,3,4,8,6,3,3,3,1,3,3,3,3,3,3,3,3,3,3,9,9,3,3,3,3,5,5,5,5,5,5,5,5,11,11,11,11,11,11,11,11","0.000774145126342773","walktrap","edit-xhwikibooks.graphml"
"0.39","0.14","0.47","0.386393361240286","2,3,2,1,2,1,2,1,1,1,2,2,1,1,1,1,4,2,5,2,3,10,7,1,1,1,1,12,3,4,8,6,9,2,5,5,11,1,3,3,3,3,10,10,10,10,3,10,10,10,3,3,3,3,3,10,10,10,10,3,7,3,3,1,1,3,3,3,3,3,10,3,1,1,3,3,3,3,3,3,3,1,12,12,12,3,3,3,3,3,4,8,6,3,3,3,1,3,3,3,3,3,3,3,3,3,3,9,9,3,3,3,3,5,5,5,5,5,5,5,5,11,11,11,11,11,11,11,11","0.000747203826904297","walktrap","edit-xhwikibooks.graphml"
"0.38","0.15","0.47","0.387646566062475","2,3,2,1,2,1,2,1,1,1,2,2,1,1,1,1,4,2,6,2,3,10,7,1,1,1,1,12,3,4,8,5,9,2,6,6,11,1,3,3,3,3,10,10,10,10,3,10,10,10,3,3,3,3,3,10,10,10,10,3,7,3,3,1,1,3,3,3,3,3,10,3,1,1,3,3,3,3,3,3,3,1,12,12,12,3,3,3,3,3,4,8,5,3,3,3,1,3,3,3,3,3,3,3,3,3,3,9,9,3,3,3,3,6,6,6,6,6,6,6,6,11,11,11,11,11,11,11,11","0.000996112823486328","walktrap","edit-xhwikibooks.graphml"
"0.37","0.16","0.47","0.388400685516096","2,3,2,1,2,1,2,1,1,1,2,2,1,1,1,1,4,2,6,2,3,10,7,1,1,1,1,12,3,4,8,5,9,2,6,6,11,1,3,3,3,3,10,10,10,10,3,10,10,10,3,3,3,3,3,10,10,10,10,3,7,3,3,1,1,3,3,3,3,3,10,3,1,1,3,3,3,3,3,3,3,1,12,12,12,3,3,3,3,3,4,8,5,3,3,3,1,3,3,3,3,3,3,3,3,3,3,9,9,3,3,3,3,6,6,6,6,6,6,6,6,11,11,11,11,11,11,11,11","0.000757932662963867","walktrap","edit-xhwikibooks.graphml"
"0.36","0.17","0.47","0.388907722245972","2,3,2,1,2,1,2,1,1,1,2,2,1,1,1,1,4,2,8,2,3,10,6,1,1,1,1,11,3,4,7,5,9,2,8,8,12,1,3,3,3,3,10,10,10,10,3,10,10,10,3,3,3,3,3,10,10,10,10,3,6,3,3,1,1,3,3,3,3,3,10,3,1,1,3,3,3,3,3,3,3,1,11,11,11,3,3,3,3,3,4,7,5,3,3,3,1,3,3,3,3,3,3,3,3,3,3,9,9,3,3,3,3,8,8,8,8,8,8,8,8,12,12,12,12,12,12,12,12","0.00073695182800293","walktrap","edit-xhwikibooks.graphml"
"0.35","0.18","0.47","0.38897349123048","2,3,2,1,2,1,2,1,1,1,2,2,1,1,1,1,4,2,8,2,3,10,6,1,1,1,1,12,3,4,7,5,9,2,8,8,11,1,3,3,3,3,10,10,10,10,3,10,10,10,3,3,3,3,3,10,10,10,10,3,6,3,3,1,1,3,3,3,3,3,10,3,1,1,3,3,3,3,3,3,3,1,12,12,12,3,3,3,3,3,4,7,5,3,3,3,1,3,3,3,3,3,3,3,3,3,3,9,9,3,3,3,3,8,8,8,8,8,8,8,8,11,11,11,11,11,11,11,11","0.000726938247680664","walktrap","edit-xhwikibooks.graphml"
"0.34","0.19","0.47","0.388755655638785","2,3,2,1,2,1,2,1,1,1,2,2,1,1,1,1,4,2,8,2,3,10,6,1,1,1,1,12,3,4,7,5,9,2,8,8,11,1,3,3,3,3,10,10,10,10,3,10,10,10,3,3,3,3,3,10,10,10,10,3,6,3,3,1,1,3,3,3,3,3,10,3,1,1,3,3,3,3,3,3,3,1,12,12,12,3,3,3,3,3,4,7,5,3,3,3,1,3,3,3,3,3,3,3,3,3,3,9,9,3,3,3,3,8,8,8,8,8,8,8,8,11,11,11,11,11,11,11,11","0.000749111175537109","walktrap","edit-xhwikibooks.graphml"
"0.33","0.2","0.47","0.390224856379615","2,3,2,1,2,1,2,1,1,1,2,2,1,1,1,1,4,2,8,2,3,10,6,1,1,1,1,12,3,4,7,5,9,2,8,8,11,1,3,3,3,3,10,10,10,10,3,10,10,10,3,3,3,3,3,10,10,10,10,3,6,3,3,1,1,3,3,3,3,3,10,3,1,1,3,3,3,3,3,3,3,1,12,12,12,3,3,3,3,3,4,7,5,3,3,3,1,3,3,3,3,3,3,3,3,3,3,9,9,3,3,3,3,8,8,8,8,8,8,8,8,11,11,11,11,11,11,11,11","0.000721931457519531","walktrap","edit-xhwikibooks.graphml"
"0.32","0.21","0.47","0.390006992522714","2,3,2,1,2,1,2,1,1,1,2,2,1,1,1,1,4,2,8,2,3,10,6,1,1,1,1,12,3,4,7,5,9,2,8,8,11,1,3,3,3,3,10,10,10,10,3,10,10,10,3,3,3,3,3,10,10,10,10,3,6,3,3,1,1,3,3,3,3,3,10,3,1,1,3,3,3,3,3,3,3,1,12,12,12,3,3,3,3,3,4,7,5,3,3,3,1,3,3,3,3,3,3,3,3,3,3,9,9,3,3,3,3,8,8,8,8,8,8,8,8,11,11,11,11,11,11,11,11","0.000741004943847656","walktrap","edit-xhwikibooks.graphml"
"0.31","0.22","0.47","0.390006992522714","2,3,2,1,2,1,2,1,1,1,2,2,1,1,1,1,4,2,8,2,3,10,6,1,1,1,1,12,3,4,7,5,9,2,8,8,11,1,3,3,3,3,10,10,10,10,3,10,10,10,3,3,3,3,3,10,10,10,10,3,6,3,3,1,1,3,3,3,3,3,10,3,1,1,3,3,3,3,3,3,3,1,12,12,12,3,3,3,3,3,4,7,5,3,3,3,1,3,3,3,3,3,3,3,3,3,3,9,9,3,3,3,3,8,8,8,8,8,8,8,8,11,11,11,11,11,11,11,11","0.000742912292480469","walktrap","edit-xhwikibooks.graphml"
"0.3","0.23","0.47","0.391292968235534","2,3,2,1,2,1,2,1,1,1,2,2,1,1,1,1,4,2,9,2,3,10,6,1,1,1,1,11,3,4,7,5,8,2,9,9,12,1,3,3,3,3,10,10,10,10,3,10,10,10,3,3,3,3,3,10,10,10,10,3,6,3,3,1,1,3,3,3,3,3,10,3,1,1,3,3,3,3,3,3,3,1,11,11,11,3,3,3,3,3,4,7,5,3,3,3,1,3,3,3,3,3,3,3,3,3,3,8,8,3,3,3,3,9,9,9,9,9,9,9,9,12,12,12,12,12,12,12,12","0.000732898712158203","walktrap","edit-xhwikibooks.graphml"
"0.29","0.24","0.47","0.391307814801068","2,3,2,1,2,1,2,1,1,1,2,2,1,1,1,1,4,2,9,2,3,10,6,1,1,1,1,11,3,4,7,5,8,2,9,9,12,1,3,3,3,3,10,10,10,10,3,10,10,10,3,3,3,3,3,10,10,10,10,3,6,3,3,1,1,3,3,3,3,3,10,3,1,1,3,3,3,3,3,3,3,1,11,11,11,3,3,3,3,3,4,7,5,3,3,3,1,3,3,3,3,3,3,3,3,3,3,8,8,3,3,3,3,9,9,9,9,9,9,9,9,12,12,12,12,12,12,12,12","0.000732898712158203","walktrap","edit-xhwikibooks.graphml"
"0.28","0.25","0.47","0.393352594135743","2,3,2,1,2,1,2,1,1,1,2,2,1,1,1,1,4,2,9,2,3,10,6,1,1,1,1,12,3,4,7,5,8,2,9,9,11,1,3,3,3,3,10,10,10,10,3,10,10,10,3,3,3,3,3,10,10,10,10,3,6,3,3,1,1,3,3,3,3,3,10,3,1,1,3,3,3,3,3,3,3,1,12,12,12,3,3,3,3,3,4,7,5,3,3,3,1,3,3,3,3,3,3,3,3,3,3,8,8,3,3,3,3,9,9,9,9,9,9,9,9,11,11,11,11,11,11,11,11","0.00074005126953125","walktrap","edit-xhwikibooks.graphml"
"0.27","0.26","0.47","0.393352594135743","2,3,2,1,2,1,2,1,1,1,2,2,1,1,1,1,4,2,9,2,3,10,6,1,1,1,1,12,3,4,7,5,8,2,9,9,11,1,3,3,3,3,10,10,10,10,3,10,10,10,3,3,3,3,3,10,10,10,10,3,6,3,3,1,1,3,3,3,3,3,10,3,1,1,3,3,3,3,3,3,3,1,12,12,12,3,3,3,3,3,4,7,5,3,3,3,1,3,3,3,3,3,3,3,3,3,3,8,8,3,3,3,3,9,9,9,9,9,9,9,9,11,11,11,11,11,11,11,11","0.000741004943847656","walktrap","edit-xhwikibooks.graphml"
"0.26","0.27","0.47","0.393352594135743","2,3,2,1,2,1,2,1,1,1,2,2,1,1,1,1,4,2,9,2,3,10,6,1,1,1,1,12,3,4,7,5,8,2,9,9,11,1,3,3,3,3,10,10,10,10,3,10,10,10,3,3,3,3,3,10,10,10,10,3,6,3,3,1,1,3,3,3,3,3,10,3,1,1,3,3,3,3,3,3,3,1,12,12,12,3,3,3,3,3,4,7,5,3,3,3,1,3,3,3,3,3,3,3,3,3,3,8,8,3,3,3,3,9,9,9,9,9,9,9,9,11,11,11,11,11,11,11,11","0.00114607810974121","walktrap","edit-xhwikibooks.graphml"
"0.25","0.28","0.47","0.393134601664685","2,3,2,1,2,1,2,1,1,1,2,2,1,1,1,1,4,2,9,2,3,10,6,1,1,1,1,12,3,4,7,5,8,2,9,9,11,1,3,3,3,3,10,10,10,10,3,10,10,10,3,3,3,3,3,10,10,10,10,3,6,3,3,1,1,3,3,3,3,3,10,3,1,1,3,3,3,3,3,3,3,1,12,12,12,3,3,3,3,3,4,7,5,3,3,3,1,3,3,3,3,3,3,3,3,3,3,8,8,3,3,3,3,9,9,9,9,9,9,9,9,11,11,11,11,11,11,11,11","0.000749111175537109","walktrap","edit-xhwikibooks.graphml"
"0.24","0.29","0.47","0.394566201079161","2,3,2,1,2,1,2,1,1,1,2,2,1,1,1,1,4,2,9,2,3,10,6,1,1,1,1,12,3,4,7,5,8,2,9,9,11,1,3,3,3,3,10,10,10,10,3,10,10,10,3,3,3,3,3,10,10,10,10,3,6,3,3,1,1,3,3,3,3,3,10,3,1,1,3,3,3,3,3,3,3,1,12,12,12,3,3,3,3,3,4,7,5,3,3,3,1,3,3,3,3,3,3,3,3,3,3,8,8,3,3,3,3,9,9,9,9,9,9,9,9,11,11,11,11,11,11,11,11","0.000715970993041992","walktrap","edit-xhwikibooks.graphml"
"0.23","0.3","0.47","0.389218951600804","1,3,1,1,1,1,1,1,1,1,1,2,1,1,1,4,5,1,1,2,3,9,7,1,1,1,1,4,3,5,8,6,2,2,1,1,10,1,3,3,3,3,9,9,9,9,3,9,9,9,3,3,3,3,3,9,9,9,9,3,7,3,3,1,1,3,3,3,3,3,9,3,1,1,3,3,3,3,3,3,3,1,4,4,4,3,3,3,3,3,5,8,6,3,3,3,4,3,3,3,3,3,3,3,3,3,3,2,2,3,3,3,3,1,1,1,1,1,1,1,1,10,10,10,10,10,10,10,10","0.000728130340576172","walktrap","edit-xhwikibooks.graphml"
"0.22","0.31","0.47","0.389762092826972","1,3,1,1,1,1,1,1,1,1,1,2,1,1,1,4,5,1,1,2,3,9,7,1,1,1,1,4,3,5,8,6,2,2,1,1,10,1,3,3,3,3,9,9,9,9,3,9,9,9,3,3,3,3,3,9,9,9,9,3,7,3,3,1,1,3,3,3,3,3,9,3,1,1,3,3,3,3,3,3,3,1,4,4,4,3,3,3,3,3,5,8,6,3,3,3,4,3,3,3,3,3,3,3,3,3,3,2,2,3,3,3,3,1,1,1,1,1,1,1,1,10,10,10,10,10,10,10,10","0.000741004943847656","walktrap","edit-xhwikibooks.graphml"
"0.21","0.32","0.47","0.389555064165319","1,3,1,1,1,1,1,1,1,1,1,2,1,1,1,4,5,1,1,2,3,9,7,1,1,1,1,4,3,5,8,6,2,2,1,1,10,1,3,3,3,3,9,9,9,9,3,9,9,9,3,3,3,3,3,9,9,9,9,3,7,3,3,1,1,3,3,3,3,3,9,3,1,1,3,3,3,3,3,3,3,1,4,4,4,3,3,3,3,3,5,8,6,3,3,3,4,3,3,3,3,3,3,3,3,3,3,2,2,3,3,3,3,1,1,1,1,1,1,1,1,10,10,10,10,10,10,10,10","0.000746011734008789","walktrap","edit-xhwikibooks.graphml"
"0.2","0.33","0.47","0.389555064165319","1,3,1,1,1,1,1,1,1,1,1,2,1,1,1,4,5,1,1,2,3,9,7,1,1,1,1,4,3,5,8,6,2,2,1,1,10,1,3,3,3,3,9,9,9,9,3,9,9,9,3,3,3,3,3,9,9,9,9,3,7,3,3,1,1,3,3,3,3,3,9,3,1,1,3,3,3,3,3,3,3,1,4,4,4,3,3,3,3,3,5,8,6,3,3,3,4,3,3,3,3,3,3,3,3,3,3,2,2,3,3,3,3,1,1,1,1,1,1,1,1,10,10,10,10,10,10,10,10","0.000728130340576172","walktrap","edit-xhwikibooks.graphml"
"0.19","0.34","0.47","0.402974272904141","2,3,2,1,2,1,2,1,1,1,2,2,1,1,1,1,4,2,9,2,3,10,6,1,1,1,1,12,3,4,7,5,8,2,9,9,11,1,3,3,3,3,10,10,10,10,3,10,10,10,3,3,3,3,3,10,10,10,10,3,6,3,3,1,1,3,3,3,3,3,10,3,1,1,3,3,3,3,3,3,3,1,12,12,12,3,3,3,3,3,4,7,5,3,3,3,1,3,3,3,3,3,3,3,3,3,3,8,8,3,3,3,3,9,9,9,9,9,9,9,9,11,11,11,11,11,11,11,11","0.000770807266235352","walktrap","edit-xhwikibooks.graphml"
"0.18","0.35","0.47","0.402974272904141","2,3,2,1,2,1,2,1,1,1,2,2,1,1,1,1,4,2,9,2,3,10,6,1,1,1,1,12,3,4,7,5,8,2,9,9,11,1,3,3,3,3,10,10,10,10,3,10,10,10,3,3,3,3,3,10,10,10,10,3,6,3,3,1,1,3,3,3,3,3,10,3,1,1,3,3,3,3,3,3,3,1,12,12,12,3,3,3,3,3,4,7,5,3,3,3,1,3,3,3,3,3,3,3,3,3,3,8,8,3,3,3,3,9,9,9,9,9,9,9,9,11,11,11,11,11,11,11,11","0.000762224197387695","walktrap","edit-xhwikibooks.graphml"
"0.17","0.36","0.47","0.398410203963238","2,12,2,2,2,1,2,3,3,1,2,2,3,3,3,1,1,2,9,2,12,11,6,3,3,3,3,14,4,10,7,5,8,2,9,9,13,3,12,12,12,12,11,11,11,11,12,11,11,11,12,12,12,12,12,11,11,11,11,12,6,12,12,3,3,12,12,12,12,12,11,12,3,3,12,12,12,12,12,12,12,3,14,14,14,4,12,12,12,12,10,7,5,12,12,12,1,12,12,12,12,12,12,12,12,12,12,8,8,12,12,12,12,9,9,9,9,9,9,9,9,13,13,13,13,13,13,13,13","0.000759124755859375","walktrap","edit-xhwikibooks.graphml"
"0.16","0.37","0.47","0.398410203963238","2,12,2,2,2,1,2,3,3,1,2,2,3,3,3,1,1,2,9,2,12,11,6,3,3,3,3,14,4,10,7,5,8,2,9,9,13,3,12,12,12,12,11,11,11,11,12,11,11,11,12,12,12,12,12,11,11,11,11,12,6,12,12,3,3,12,12,12,12,12,11,12,3,3,12,12,12,12,12,12,12,3,14,14,14,4,12,12,12,12,10,7,5,12,12,12,1,12,12,12,12,12,12,12,12,12,12,8,8,12,12,12,12,9,9,9,9,9,9,9,9,13,13,13,13,13,13,13,13","0.000777006149291992","walktrap","edit-xhwikibooks.graphml"
"0.15","0.38","0.47","0.398191853834549","2,12,2,2,2,1,2,3,3,1,2,2,3,3,3,1,1,2,9,2,12,11,6,3,3,3,3,14,4,10,7,5,8,2,9,9,13,3,12,12,12,12,11,11,11,11,12,11,11,11,12,12,12,12,12,11,11,11,11,12,6,12,12,3,3,12,12,12,12,12,11,12,3,3,12,12,12,12,12,12,12,3,14,14,14,4,12,12,12,12,10,7,5,12,12,12,1,12,12,12,12,12,12,12,12,12,12,8,8,12,12,12,12,9,9,9,9,9,9,9,9,13,13,13,13,13,13,13,13","0.000746011734008789","walktrap","edit-xhwikibooks.graphml"
"0.14","0.39","0.47","0.398913869106274","2,12,2,2,2,1,2,3,3,1,2,2,3,3,3,1,1,2,9,2,12,11,6,3,3,3,3,14,4,10,7,5,8,2,9,9,13,3,12,12,12,12,11,11,11,11,12,11,11,11,12,12,12,12,12,11,11,11,11,12,6,12,12,3,3,12,12,12,12,12,11,12,3,3,12,12,12,12,12,12,12,3,14,14,14,4,12,12,12,12,10,7,5,12,12,12,1,12,12,12,12,12,12,12,12,12,12,8,8,12,12,12,12,9,9,9,9,9,9,9,9,13,13,13,13,13,13,13,13","0.000773906707763672","walktrap","edit-xhwikibooks.graphml"
"0.13","0.4","0.47","0.400196971407781","2,12,2,2,2,1,2,3,3,1,2,2,3,3,3,1,1,2,9,2,12,11,6,3,3,3,3,14,4,10,7,5,8,2,9,9,13,3,12,12,12,12,11,11,11,11,12,11,11,11,12,12,12,12,12,11,11,11,11,12,6,12,12,3,3,12,12,12,12,12,11,12,3,3,12,12,12,12,12,12,12,3,14,14,14,4,12,12,12,12,10,7,5,12,12,12,1,12,12,12,12,12,12,12,12,12,12,8,8,12,12,12,12,9,9,9,9,9,9,9,9,13,13,13,13,13,13,13,13","0.00094294548034668","walktrap","edit-xhwikibooks.graphml"
"0.12","0.41","0.47","0.400196971407781","2,12,2,2,2,1,2,3,3,1,2,2,3,3,3,1,1,2,9,2,12,11,6,3,3,3,3,14,4,10,7,5,8,2,9,9,13,3,12,12,12,12,11,11,11,11,12,11,11,11,12,12,12,12,12,11,11,11,11,12,6,12,12,3,3,12,12,12,12,12,11,12,3,3,12,12,12,12,12,12,12,3,14,14,14,4,12,12,12,12,10,7,5,12,12,12,1,12,12,12,12,12,12,12,12,12,12,8,8,12,12,12,12,9,9,9,9,9,9,9,9,13,13,13,13,13,13,13,13","0.000921964645385742","walktrap","edit-xhwikibooks.graphml"
"0.11","0.42","0.47","0.391238938639129","2,13,2,2,1,2,1,3,3,2,1,1,3,3,3,2,5,4,11,1,13,12,8,3,3,3,3,9,6,5,4,7,10,1,11,11,14,3,13,13,13,13,12,12,12,12,13,12,12,12,13,13,13,13,13,12,12,12,12,13,8,13,13,3,3,13,13,13,13,13,12,13,3,3,13,13,13,13,13,13,13,3,9,9,9,6,13,13,13,13,5,4,7,13,13,13,2,13,13,13,13,13,13,13,13,13,13,10,10,13,13,13,13,11,11,11,11,11,11,11,11,14,14,14,14,14,14,14,14","0.000766992568969727","walktrap","edit-xhwikibooks.graphml"
"0.1","0.43","0.47","0.392683788567202","2,13,2,2,1,2,1,3,3,2,1,1,3,3,3,2,5,4,11,1,13,12,8,3,3,3,3,9,6,5,4,7,10,1,11,11,14,3,13,13,13,13,12,12,12,12,13,12,12,12,13,13,13,13,13,12,12,12,12,13,8,13,13,3,3,13,13,13,13,13,12,13,3,3,13,13,13,13,13,13,13,3,9,9,9,6,13,13,13,13,5,4,7,13,13,13,2,13,13,13,13,13,13,13,13,13,13,10,10,13,13,13,13,11,11,11,11,11,11,11,11,14,14,14,14,14,14,14,14","0.000770807266235352","walktrap","edit-xhwikibooks.graphml"
"0.09","0.44","0.47","0.392466680390362","2,13,2,2,1,2,1,3,3,2,1,1,3,3,3,2,5,4,11,1,13,12,8,3,3,3,3,9,6,5,4,7,10,1,11,11,14,3,13,13,13,13,12,12,12,12,13,12,12,12,13,13,13,13,13,12,12,12,12,13,8,13,13,3,3,13,13,13,13,13,12,13,3,3,13,13,13,13,13,13,13,3,9,9,9,6,13,13,13,13,5,4,7,13,13,13,2,13,13,13,13,13,13,13,13,13,13,10,10,13,13,13,13,11,11,11,11,11,11,11,11,14,14,14,14,14,14,14,14","0.000724077224731445","walktrap","edit-xhwikibooks.graphml"
"0.08","0.45","0.47","0.393941365568631","2,13,2,2,1,2,1,3,3,2,1,1,3,3,3,2,5,4,11,1,13,12,8,3,3,3,3,9,6,5,4,7,10,1,11,11,14,3,13,13,13,13,12,12,12,12,13,12,12,12,13,13,13,13,13,12,12,12,12,13,8,13,13,3,3,13,13,13,13,13,12,13,3,3,13,13,13,13,13,13,13,3,9,9,9,6,13,13,13,13,5,4,7,13,13,13,2,13,13,13,13,13,13,13,13,13,13,10,10,13,13,13,13,11,11,11,11,11,11,11,11,14,14,14,14,14,14,14,14","0.000746011734008789","walktrap","edit-xhwikibooks.graphml"
"0.07","0.46","0.47","0.393724197785701","2,13,2,2,1,2,1,3,3,2,1,1,3,3,3,2,5,4,11,1,13,12,8,3,3,3,3,9,6,5,4,7,10,1,11,11,14,3,13,13,13,13,12,12,12,12,13,12,12,12,13,13,13,13,13,12,12,12,12,13,8,13,13,3,3,13,13,13,13,13,12,13,3,3,13,13,13,13,13,13,13,3,9,9,9,6,13,13,13,13,5,4,7,13,13,13,2,13,13,13,13,13,13,13,13,13,13,10,10,13,13,13,13,11,11,11,11,11,11,11,11,14,14,14,14,14,14,14,14","0.000753164291381836","walktrap","edit-xhwikibooks.graphml"
"0.06","0.47","0.47","0.394454071897161","2,13,2,2,1,2,1,3,3,2,1,1,3,3,3,2,5,4,11,1,13,12,8,3,3,3,3,9,6,5,4,7,10,1,11,11,14,3,13,13,13,13,12,12,12,12,13,12,12,12,13,13,13,13,13,12,12,12,12,13,8,13,13,3,3,13,13,13,13,13,12,13,3,3,13,13,13,13,13,13,13,3,9,9,9,6,13,13,13,13,5,4,7,13,13,13,2,13,13,13,13,13,13,13,13,13,13,10,10,13,13,13,13,11,11,11,11,11,11,11,11,14,14,14,14,14,14,14,14","0.000758171081542969","walktrap","edit-xhwikibooks.graphml"
"0.05","0.48","0.47","0.39258962837206","3,9,3,4,3,4,3,2,2,4,3,1,2,2,2,4,7,6,5,1,9,10,2,2,2,2,2,8,9,7,6,5,1,1,5,5,11,2,9,9,9,9,10,10,10,10,9,10,10,10,9,9,9,9,9,10,10,10,10,9,12,9,9,2,2,9,9,9,9,9,10,9,2,2,9,9,9,9,9,9,9,2,8,8,8,13,9,9,9,9,14,15,16,9,9,9,4,9,9,9,9,9,9,9,9,9,9,1,1,9,9,9,9,5,5,5,5,5,5,5,5,11,11,11,11,11,11,11,11","0.00076603889465332","walktrap","edit-xhwikibooks.graphml"
"0.04","0.49","0.47","0.39258962837206","3,9,3,4,3,4,3,2,2,4,3,1,2,2,2,4,7,6,5,1,9,10,2,2,2,2,2,8,9,7,6,5,1,1,5,5,11,2,9,9,9,9,10,10,10,10,9,10,10,10,9,9,9,9,9,10,10,10,10,9,12,9,9,2,2,9,9,9,9,9,10,9,2,2,9,9,9,9,9,9,9,2,8,8,8,13,9,9,9,9,14,15,16,9,9,9,4,9,9,9,9,9,9,9,9,9,9,1,1,9,9,9,9,5,5,5,5,5,5,5,5,11,11,11,11,11,11,11,11","0.000765085220336914","walktrap","edit-xhwikibooks.graphml"
"0.03","0.5","0.47","0.417020980459255","1,4,1,1,1,1,1,2,2,1,1,3,2,2,2,1,6,5,2,3,4,8,2,2,2,2,2,7,4,6,5,2,3,3,2,2,9,2,4,4,4,4,8,8,8,8,4,8,8,8,4,4,4,4,4,8,8,8,8,4,10,4,4,2,2,4,4,4,4,4,8,4,2,2,4,4,4,4,4,4,4,2,7,7,7,11,4,4,4,4,12,13,14,4,4,4,1,4,4,4,4,4,4,4,4,4,4,3,3,4,4,4,4,2,2,2,2,2,2,2,2,9,9,9,9,9,9,9,9","0.00120091438293457","walktrap","edit-xhwikibooks.graphml"
"0.02","0.51","0.47","0.417538602733137","1,4,1,1,1,1,1,2,2,1,1,3,2,2,2,1,6,5,2,3,4,8,2,2,2,2,2,7,4,6,5,2,3,3,2,2,9,2,4,4,4,4,8,8,8,8,4,8,8,8,4,4,4,4,4,8,8,8,8,4,10,4,4,2,2,4,4,4,4,4,8,4,2,2,4,4,4,4,4,4,4,2,7,7,7,11,4,4,4,4,12,13,14,4,4,4,1,4,4,4,4,4,4,4,4,4,4,3,3,4,4,4,4,2,2,2,2,2,2,2,2,9,9,9,9,9,9,9,9","0.000899791717529297","walktrap","edit-xhwikibooks.graphml"
"0.01","0.52","0.47","0.417538602733137","1,4,1,1,1,1,1,2,2,1,1,3,2,2,2,1,6,5,2,3,4,8,2,2,2,2,2,7,4,6,5,2,3,3,2,2,9,2,4,4,4,4,8,8,8,8,4,8,8,8,4,4,4,4,4,8,8,8,8,4,10,4,4,2,2,4,4,4,4,4,8,4,2,2,4,4,4,4,4,4,4,2,7,7,7,11,4,4,4,4,12,13,14,4,4,4,1,4,4,4,4,4,4,4,4,4,4,3,3,4,4,4,4,2,2,2,2,2,2,2,2,9,9,9,9,9,9,9,9","0.00077509880065918","walktrap","edit-xhwikibooks.graphml"
"0","0.53","0.47","0.420861180813457","2,9,2,2,2,3,2,4,4,3,2,1,4,4,4,3,6,5,2,1,9,8,11,4,4,4,4,7,2,6,5,2,1,1,2,2,10,4,9,9,9,9,8,8,8,8,9,8,8,8,9,9,9,9,9,8,8,8,8,9,12,9,9,4,4,9,9,9,9,9,8,9,4,4,9,9,9,9,9,9,9,4,7,7,7,13,9,9,9,9,14,15,16,9,9,9,3,9,9,9,9,9,9,9,9,9,9,1,1,9,9,9,9,2,2,2,2,2,2,2,2,10,10,10,10,10,10,10,10","0.000821828842163086","walktrap","edit-xhwikibooks.graphml"
"0.52","0","0.48","0.374572802752228","2,3,2,1,2,1,2,1,1,1,2,2,1,1,1,1,4,2,5,2,3,8,7,1,1,1,1,12,3,4,9,6,10,2,5,5,11,1,3,3,3,3,8,8,8,8,3,8,8,8,3,3,3,3,3,8,8,8,8,3,7,3,3,1,1,3,3,3,3,3,8,3,1,1,3,3,3,3,3,3,3,1,12,12,12,3,3,3,3,3,4,9,6,3,3,3,1,3,3,3,3,3,3,3,3,3,3,10,10,3,3,3,3,5,5,5,5,5,5,5,5,11,11,11,11,11,11,11,11","0.000792026519775391","walktrap","edit-xhwikibooks.graphml"
"0.51","0.01","0.48","0.374572802752228","2,3,2,1,2,1,2,1,1,1,2,2,1,1,1,1,4,2,5,2,3,8,7,1,1,1,1,12,3,4,9,6,10,2,5,5,11,1,3,3,3,3,8,8,8,8,3,8,8,8,3,3,3,3,3,8,8,8,8,3,7,3,3,1,1,3,3,3,3,3,8,3,1,1,3,3,3,3,3,3,3,1,12,12,12,3,3,3,3,3,4,9,6,3,3,3,1,3,3,3,3,3,3,3,3,3,3,10,10,3,3,3,3,5,5,5,5,5,5,5,5,11,11,11,11,11,11,11,11","0.000755071640014648","walktrap","edit-xhwikibooks.graphml"
"0.5","0.02","0.48","0.374572802752228","2,3,2,1,2,1,2,1,1,1,2,2,1,1,1,1,4,2,5,2,3,8,7,1,1,1,1,12,3,4,9,6,10,2,5,5,11,1,3,3,3,3,8,8,8,8,3,8,8,8,3,3,3,3,3,8,8,8,8,3,7,3,3,1,1,3,3,3,3,3,8,3,1,1,3,3,3,3,3,3,3,1,12,12,12,3,3,3,3,3,4,9,6,3,3,3,1,3,3,3,3,3,3,3,3,3,3,10,10,3,3,3,3,5,5,5,5,5,5,5,5,11,11,11,11,11,11,11,11","0.000764846801757812","walktrap","edit-xhwikibooks.graphml"
"0.49","0.03","0.48","0.374365079365079","2,3,2,1,2,1,2,1,1,1,2,2,1,1,1,1,4,2,5,2,3,8,7,1,1,1,1,12,3,4,9,6,10,2,5,5,11,1,3,3,3,3,8,8,8,8,3,8,8,8,3,3,3,3,3,8,8,8,8,3,7,3,3,1,1,3,3,3,3,3,8,3,1,1,3,3,3,3,3,3,3,1,12,12,12,3,3,3,3,3,4,9,6,3,3,3,1,3,3,3,3,3,3,3,3,3,3,10,10,3,3,3,3,5,5,5,5,5,5,5,5,11,11,11,11,11,11,11,11","0.000770092010498047","walktrap","edit-xhwikibooks.graphml"
"0.48","0.04","0.48","0.37517104999859","2,3,2,1,2,1,2,1,1,1,2,2,1,1,1,1,4,2,5,2,3,8,7,1,1,1,1,12,3,4,9,6,10,2,5,5,11,1,3,3,3,3,8,8,8,8,3,8,8,8,3,3,3,3,3,8,8,8,8,3,7,3,3,1,1,3,3,3,3,3,8,3,1,1,3,3,3,3,3,3,3,1,12,12,12,3,3,3,3,3,4,9,6,3,3,3,1,3,3,3,3,3,3,3,3,3,3,10,10,3,3,3,3,5,5,5,5,5,5,5,5,11,11,11,11,11,11,11,11","0.000764846801757812","walktrap","edit-xhwikibooks.graphml"
"0.47","0.05","0.48","0.37517104999859","2,3,2,1,2,1,2,1,1,1,2,2,1,1,1,1,4,2,5,2,3,8,7,1,1,1,1,12,3,4,9,6,10,2,5,5,11,1,3,3,3,3,8,8,8,8,3,8,8,8,3,3,3,3,3,8,8,8,8,3,7,3,3,1,1,3,3,3,3,3,8,3,1,1,3,3,3,3,3,3,3,1,12,12,12,3,3,3,3,3,4,9,6,3,3,3,1,3,3,3,3,3,3,3,3,3,3,10,10,3,3,3,3,5,5,5,5,5,5,5,5,11,11,11,11,11,11,11,11","0.000783920288085938","walktrap","edit-xhwikibooks.graphml"
"0.46","0.06","0.48","0.37517104999859","2,3,2,1,2,1,2,1,1,1,2,2,1,1,1,1,4,2,5,2,3,8,7,1,1,1,1,12,3,4,9,6,10,2,5,5,11,1,3,3,3,3,8,8,8,8,3,8,8,8,3,3,3,3,3,8,8,8,8,3,7,3,3,1,1,3,3,3,3,3,8,3,1,1,3,3,3,3,3,3,3,1,12,12,12,3,3,3,3,3,4,9,6,3,3,3,1,3,3,3,3,3,3,3,3,3,3,10,10,3,3,3,3,5,5,5,5,5,5,5,5,11,11,11,11,11,11,11,11","0.000777006149291992","walktrap","edit-xhwikibooks.graphml"
"0.45","0.07","0.48","0.37496330967923","2,3,2,1,2,1,2,1,1,1,2,2,1,1,1,1,4,2,5,2,3,8,7,1,1,1,1,12,3,4,9,6,10,2,5,5,11,1,3,3,3,3,8,8,8,8,3,8,8,8,3,3,3,3,3,8,8,8,8,3,7,3,3,1,1,3,3,3,3,3,8,3,1,1,3,3,3,3,3,3,3,1,12,12,12,3,3,3,3,3,4,9,6,3,3,3,1,3,3,3,3,3,3,3,3,3,3,10,10,3,3,3,3,5,5,5,5,5,5,5,5,11,11,11,11,11,11,11,11","0.000779867172241211","walktrap","edit-xhwikibooks.graphml"
"0.44","0.08","0.48","0.375719041410241","2,3,2,1,2,1,2,1,1,1,2,2,1,1,1,1,4,2,5,2,3,11,7,1,1,1,1,12,3,4,8,6,9,2,5,5,10,1,3,3,3,3,11,11,11,11,3,11,11,11,3,3,3,3,3,11,11,11,11,3,7,3,3,1,1,3,3,3,3,3,11,3,1,1,3,3,3,3,3,3,3,1,12,12,12,3,3,3,3,3,4,8,6,3,3,3,1,3,3,3,3,3,3,3,3,3,3,9,9,3,3,3,3,5,5,5,5,5,5,5,5,10,10,10,10,10,10,10,10","0.000827789306640625","walktrap","edit-xhwikibooks.graphml"
"0.43","0.09","0.48","0.375511350979161","2,3,2,1,2,1,2,1,1,1,2,2,1,1,1,1,4,2,5,2,3,11,7,1,1,1,1,12,3,4,8,6,9,2,5,5,10,1,3,3,3,3,11,11,11,11,3,11,11,11,3,3,3,3,3,11,11,11,11,3,7,3,3,1,1,3,3,3,3,3,11,3,1,1,3,3,3,3,3,3,3,1,12,12,12,3,3,3,3,3,4,8,6,3,3,3,1,3,3,3,3,3,3,3,3,3,3,9,9,3,3,3,3,5,5,5,5,5,5,5,5,10,10,10,10,10,10,10,10","0.00080418586730957","walktrap","edit-xhwikibooks.graphml"
"0.42","0.1","0.48","0.375511350979161","2,3,2,1,2,1,2,1,1,1,2,2,1,1,1,1,4,2,5,2,3,11,7,1,1,1,1,12,3,4,8,6,9,2,5,5,10,1,3,3,3,3,11,11,11,11,3,11,11,11,3,3,3,3,3,11,11,11,11,3,7,3,3,1,1,3,3,3,3,3,11,3,1,1,3,3,3,3,3,3,3,1,12,12,12,3,3,3,3,3,4,8,6,3,3,3,1,3,3,3,3,3,3,3,3,3,3,9,9,3,3,3,3,5,5,5,5,5,5,5,5,10,10,10,10,10,10,10,10","0.000763893127441406","walktrap","edit-xhwikibooks.graphml"
"0.41","0.11","0.48","0.37509662274807","2,3,2,1,2,1,2,1,1,1,2,2,1,1,1,1,4,2,5,2,3,11,7,1,1,1,1,12,3,4,8,6,9,2,5,5,10,1,3,3,3,3,11,11,11,11,3,11,11,11,3,3,3,3,3,11,11,11,11,3,7,3,3,1,1,3,3,3,3,3,11,3,1,1,3,3,3,3,3,3,3,1,12,12,12,3,3,3,3,3,4,8,6,3,3,3,1,3,3,3,3,3,3,3,3,3,3,9,9,3,3,3,3,5,5,5,5,5,5,5,5,10,10,10,10,10,10,10,10","0.000763893127441406","walktrap","edit-xhwikibooks.graphml"
"0.4","0.12","0.48","0.376614111158516","2,3,2,1,2,1,2,1,1,1,2,2,1,1,1,1,4,2,5,2,3,10,7,1,1,1,1,12,3,4,8,6,9,2,5,5,11,1,3,3,3,3,10,10,10,10,3,10,10,10,3,3,3,3,3,10,10,10,10,3,7,3,3,1,1,3,3,3,3,3,10,3,1,1,3,3,3,3,3,3,3,1,12,12,12,3,3,3,3,3,4,8,6,3,3,3,1,3,3,3,3,3,3,3,3,3,3,9,9,3,3,3,3,5,5,5,5,5,5,5,5,11,11,11,11,11,11,11,11","0.000732898712158203","walktrap","edit-xhwikibooks.graphml"
"0.39","0.13","0.48","0.376406723655632","2,3,2,1,2,1,2,1,1,1,2,2,1,1,1,1,4,2,5,2,3,10,7,1,1,1,1,12,3,4,8,6,9,2,5,5,11,1,3,3,3,3,10,10,10,10,3,10,10,10,3,3,3,3,3,10,10,10,10,3,7,3,3,1,1,3,3,3,3,3,10,3,1,1,3,3,3,3,3,3,3,1,12,12,12,3,3,3,3,3,4,8,6,3,3,3,1,3,3,3,3,3,3,3,3,3,3,9,9,3,3,3,3,5,5,5,5,5,5,5,5,11,11,11,11,11,11,11,11","0.000754117965698242","walktrap","edit-xhwikibooks.graphml"
"0.38","0.14","0.48","0.376406723655632","2,3,2,1,2,1,2,1,1,1,2,2,1,1,1,1,4,2,5,2,3,10,7,1,1,1,1,12,3,4,8,6,9,2,5,5,11,1,3,3,3,3,10,10,10,10,3,10,10,10,3,3,3,3,3,10,10,10,10,3,7,3,3,1,1,3,3,3,3,3,10,3,1,1,3,3,3,3,3,3,3,1,12,12,12,3,3,3,3,3,4,8,6,3,3,3,1,3,3,3,3,3,3,3,3,3,3,9,9,3,3,3,3,5,5,5,5,5,5,5,5,11,11,11,11,11,11,11,11","0.000762939453125","walktrap","edit-xhwikibooks.graphml"
"0.37","0.15","0.48","0.377658077769947","2,3,2,1,2,1,2,1,1,1,2,2,1,1,1,1,4,2,6,2,3,10,7,1,1,1,1,12,3,4,8,5,9,2,6,6,11,1,3,3,3,3,10,10,10,10,3,10,10,10,3,3,3,3,3,10,10,10,10,3,7,3,3,1,1,3,3,3,3,3,10,3,1,1,3,3,3,3,3,3,3,1,12,12,12,3,3,3,3,3,4,8,5,3,3,3,1,3,3,3,3,3,3,3,3,3,3,9,9,3,3,3,3,6,6,6,6,6,6,6,6,11,11,11,11,11,11,11,11","0.000777006149291992","walktrap","edit-xhwikibooks.graphml"
"0.36","0.16","0.48","0.378404793549188","2,3,2,1,2,1,2,1,1,1,2,2,1,1,1,1,4,2,6,2,3,10,7,1,1,1,1,12,3,4,8,5,9,2,6,6,11,1,3,3,3,3,10,10,10,10,3,10,10,10,3,3,3,3,3,10,10,10,10,3,7,3,3,1,1,3,3,3,3,3,10,3,1,1,3,3,3,3,3,3,3,1,12,12,12,3,3,3,3,3,4,8,5,3,3,3,1,3,3,3,3,3,3,3,3,3,3,9,9,3,3,3,3,6,6,6,6,6,6,6,6,11,11,11,11,11,11,11,11","0.000767946243286133","walktrap","edit-xhwikibooks.graphml"
"0.35","0.17","0.48","0.378916663832489","2,3,2,1,2,1,2,1,1,1,2,2,1,1,1,1,4,2,8,2,3,10,6,1,1,1,1,11,3,4,7,5,9,2,8,8,12,1,3,3,3,3,10,10,10,10,3,10,10,10,3,3,3,3,3,10,10,10,10,3,6,3,3,1,1,3,3,3,3,3,10,3,1,1,3,3,3,3,3,3,3,1,11,11,11,3,3,3,3,3,4,7,5,3,3,3,1,3,3,3,3,3,3,3,3,3,3,9,9,3,3,3,3,8,8,8,8,8,8,8,8,12,12,12,12,12,12,12,12","0.000776052474975586","walktrap","edit-xhwikibooks.graphml"
"0.34","0.18","0.48","0.379707915420551","2,3,2,1,2,1,2,1,1,1,2,2,1,1,1,1,4,2,8,2,3,10,6,1,1,1,1,12,3,4,7,5,9,2,8,8,11,1,3,3,3,3,10,10,10,10,3,10,10,10,3,3,3,3,3,10,10,10,10,3,6,3,3,1,1,3,3,3,3,3,10,3,1,1,3,3,3,3,3,3,3,1,12,12,12,3,3,3,3,3,4,7,5,3,3,3,1,3,3,3,3,3,3,3,3,3,3,9,9,3,3,3,3,8,8,8,8,8,8,8,8,11,11,11,11,11,11,11,11","0.000826835632324219","walktrap","edit-xhwikibooks.graphml"
"0.33","0.19","0.48","0.379500390969663","2,3,2,1,2,1,2,1,1,1,2,2,1,1,1,1,4,2,8,2,3,10,6,1,1,1,1,12,3,4,7,5,9,2,8,8,11,1,3,3,3,3,10,10,10,10,3,10,10,10,3,3,3,3,3,10,10,10,10,3,6,3,3,1,1,3,3,3,3,3,10,3,1,1,3,3,3,3,3,3,3,1,12,12,12,3,3,3,3,3,4,7,5,3,3,3,1,3,3,3,3,3,3,3,3,3,3,9,9,3,3,3,3,8,8,8,8,8,8,8,8,11,11,11,11,11,11,11,11","0.000896930694580078","walktrap","edit-xhwikibooks.graphml"
"0.32","0.2","0.48","0.380952370213444","2,3,2,1,2,1,2,1,1,1,2,2,1,1,1,1,4,2,8,2,3,10,6,1,1,1,1,12,3,4,7,5,9,2,8,8,11,1,3,3,3,3,10,10,10,10,3,10,10,10,3,3,3,3,3,10,10,10,10,3,6,3,3,1,1,3,3,3,3,3,10,3,1,1,3,3,3,3,3,3,3,1,12,12,12,3,3,3,3,3,4,7,5,3,3,3,1,3,3,3,3,3,3,3,3,3,3,9,9,3,3,3,3,8,8,8,8,8,8,8,8,11,11,11,11,11,11,11,11","0.00112700462341309","walktrap","edit-xhwikibooks.graphml"
"0.31","0.21","0.48","0.380744786270889","2,3,2,1,2,1,2,1,1,1,2,2,1,1,1,1,4,2,8,2,3,10,6,1,1,1,1,12,3,4,7,5,9,2,8,8,11,1,3,3,3,3,10,10,10,10,3,10,10,10,3,3,3,3,3,10,10,10,10,3,6,3,3,1,1,3,3,3,3,3,10,3,1,1,3,3,3,3,3,3,3,1,12,12,12,3,3,3,3,3,4,7,5,3,3,3,1,3,3,3,3,3,3,3,3,3,3,9,9,3,3,3,3,8,8,8,8,8,8,8,8,11,11,11,11,11,11,11,11","0.000856876373291016","walktrap","edit-xhwikibooks.graphml"
"0.3","0.22","0.48","0.380744786270889","2,3,2,1,2,1,2,1,1,1,2,2,1,1,1,1,4,2,8,2,3,10,6,1,1,1,1,12,3,4,7,5,9,2,8,8,11,1,3,3,3,3,10,10,10,10,3,10,10,10,3,3,3,3,3,10,10,10,10,3,6,3,3,1,1,3,3,3,3,3,10,3,1,1,3,3,3,3,3,3,3,1,12,12,12,3,3,3,3,3,4,7,5,3,3,3,1,3,3,3,3,3,3,3,3,3,3,9,9,3,3,3,3,8,8,8,8,8,8,8,8,11,11,11,11,11,11,11,11","0.000863075256347656","walktrap","edit-xhwikibooks.graphml"
"0.29","0.23","0.48","0.382023230534636","2,3,2,1,2,1,2,1,1,1,2,2,1,1,1,1,4,2,9,2,3,10,6,1,1,1,1,11,3,4,7,5,8,2,9,9,12,1,3,3,3,3,10,10,10,10,3,10,10,10,3,3,3,3,3,10,10,10,10,3,6,3,3,1,1,3,3,3,3,3,10,3,1,1,3,3,3,3,3,3,3,1,11,11,11,3,3,3,3,3,4,7,5,3,3,3,1,3,3,3,3,3,3,3,3,3,3,8,8,3,3,3,3,9,9,9,9,9,9,9,9,12,12,12,12,12,12,12,12","0.00083613395690918","walktrap","edit-xhwikibooks.graphml"
"0.28","0.24","0.48","0.382758387409522","2,3,2,1,2,1,2,1,1,1,2,2,1,1,1,1,4,2,9,2,3,10,6,1,1,1,1,11,3,4,7,5,8,2,9,9,12,1,3,3,3,3,10,10,10,10,3,10,10,10,3,3,3,3,3,10,10,10,10,3,6,3,3,1,1,3,3,3,3,3,10,3,1,1,3,3,3,3,3,3,3,1,11,11,11,3,3,3,3,3,4,7,5,3,3,3,1,3,3,3,3,3,3,3,3,3,3,8,8,3,3,3,3,9,9,9,9,9,9,9,9,12,12,12,12,12,12,12,12","0.000781059265136719","walktrap","edit-xhwikibooks.graphml"
"0.27","0.25","0.48","0.384778057436618","2,3,2,1,2,1,2,1,1,1,2,2,1,1,1,1,4,2,9,2,3,10,6,1,1,1,1,12,3,4,7,5,8,2,9,9,11,1,3,3,3,3,10,10,10,10,3,10,10,10,3,3,3,3,3,10,10,10,10,3,6,3,3,1,1,3,3,3,3,3,10,3,1,1,3,3,3,3,3,3,3,1,12,12,12,3,3,3,3,3,4,7,5,3,3,3,1,3,3,3,3,3,3,3,3,3,3,8,8,3,3,3,3,9,9,9,9,9,9,9,9,11,11,11,11,11,11,11,11","0.000751972198486328","walktrap","edit-xhwikibooks.graphml"
"0.26","0.26","0.48","0.384778057436618","2,3,2,1,2,1,2,1,1,1,2,2,1,1,1,1,4,2,9,2,3,10,6,1,1,1,1,12,3,4,7,5,8,2,9,9,11,1,3,3,3,3,10,10,10,10,3,10,10,10,3,3,3,3,3,10,10,10,10,3,6,3,3,1,1,3,3,3,3,3,10,3,1,1,3,3,3,3,3,3,3,1,12,12,12,3,3,3,3,3,4,7,5,3,3,3,1,3,3,3,3,3,3,3,3,3,3,8,8,3,3,3,3,9,9,9,9,9,9,9,9,11,11,11,11,11,11,11,11","0.000781059265136719","walktrap","edit-xhwikibooks.graphml"
"0.25","0.27","0.48","0.384778057436618","2,3,2,1,2,1,2,1,1,1,2,2,1,1,1,1,4,2,9,2,3,10,6,1,1,1,1,12,3,4,7,5,8,2,9,9,11,1,3,3,3,3,10,10,10,10,3,10,10,10,3,3,3,3,3,10,10,10,10,3,6,3,3,1,1,3,3,3,3,3,10,3,1,1,3,3,3,3,3,3,3,1,12,12,12,3,3,3,3,3,4,7,5,3,3,3,1,3,3,3,3,3,3,3,3,3,3,8,8,3,3,3,3,9,9,9,9,9,9,9,9,11,11,11,11,11,11,11,11","0.000787973403930664","walktrap","edit-xhwikibooks.graphml"
"0.24","0.28","0.48","0.384570144828596","2,3,2,1,2,1,2,1,1,1,2,2,1,1,1,1,4,2,9,2,3,10,6,1,1,1,1,12,3,4,7,5,8,2,9,9,11,1,3,3,3,3,10,10,10,10,3,10,10,10,3,3,3,3,3,10,10,10,10,3,6,3,3,1,1,3,3,3,3,3,10,3,1,1,3,3,3,3,3,3,3,1,12,12,12,3,3,3,3,3,4,7,5,3,3,3,1,3,3,3,3,3,3,3,3,3,3,8,8,3,3,3,3,9,9,9,9,9,9,9,9,11,11,11,11,11,11,11,11","0.000768899917602539","walktrap","edit-xhwikibooks.graphml"
"0.23","0.29","0.48","0.385273111111111","2,3,2,1,2,1,2,1,1,1,2,2,1,1,1,1,4,2,9,2,3,10,6,1,1,1,1,12,3,4,7,5,8,2,9,9,11,1,3,3,3,3,10,10,10,10,3,10,10,10,3,3,3,3,3,10,10,10,10,3,6,3,3,1,1,3,3,3,3,3,10,3,1,1,3,3,3,3,3,3,3,1,12,12,12,3,3,3,3,3,4,7,5,3,3,3,1,3,3,3,3,3,3,3,3,3,3,8,8,3,3,3,3,9,9,9,9,9,9,9,9,11,11,11,11,11,11,11,11","0.000776052474975586","walktrap","edit-xhwikibooks.graphml"
"0.22","0.3","0.48","0.385065297352287","2,3,2,1,2,1,2,1,1,1,2,2,1,1,1,1,4,2,9,2,3,10,6,1,1,1,1,12,3,4,7,5,8,2,9,9,11,1,3,3,3,3,10,10,10,10,3,10,10,10,3,3,3,3,3,10,10,10,10,3,6,3,3,1,1,3,3,3,3,3,10,3,1,1,3,3,3,3,3,3,3,1,12,12,12,3,3,3,3,3,4,7,5,3,3,3,1,3,3,3,3,3,3,3,3,3,3,8,8,3,3,3,3,9,9,9,9,9,9,9,9,11,11,11,11,11,11,11,11","0.000748872756958008","walktrap","edit-xhwikibooks.graphml"
"0.21","0.31","0.48","0.385584342514793","2,3,2,1,2,1,2,1,1,1,2,2,1,1,1,1,4,2,9,2,3,10,6,1,1,1,1,12,3,4,7,5,8,2,9,9,11,1,3,3,3,3,10,10,10,10,3,10,10,10,3,3,3,3,3,10,10,10,10,3,6,3,3,1,1,3,3,3,3,3,10,3,1,1,3,3,3,3,3,3,3,1,12,12,12,3,3,3,3,3,4,7,5,3,3,3,1,3,3,3,3,3,3,3,3,3,3,8,8,3,3,3,3,9,9,9,9,9,9,9,9,11,11,11,11,11,11,11,11","0.000871181488037109","walktrap","edit-xhwikibooks.graphml"
"0.2","0.32","0.48","0.385376805469104","2,3,2,1,2,1,2,1,1,1,2,2,1,1,1,1,4,2,9,2,3,10,6,1,1,1,1,12,3,4,7,5,8,2,9,9,11,1,3,3,3,3,10,10,10,10,3,10,10,10,3,3,3,3,3,10,10,10,10,3,6,3,3,1,1,3,3,3,3,3,10,3,1,1,3,3,3,3,3,3,3,1,12,12,12,3,3,3,3,3,4,7,5,3,3,3,1,3,3,3,3,3,3,3,3,3,3,8,8,3,3,3,3,9,9,9,9,9,9,9,9,11,11,11,11,11,11,11,11","0.000817060470581055","walktrap","edit-xhwikibooks.graphml"
"0.19","0.33","0.48","0.384665798144231","2,3,2,1,2,1,2,1,1,1,2,2,1,1,1,1,4,2,9,2,3,10,6,1,1,1,1,12,3,4,7,5,8,2,9,9,11,1,3,3,3,3,10,10,10,10,3,10,10,10,3,3,3,3,3,10,10,10,10,3,6,3,3,1,1,3,3,3,3,3,10,3,1,1,3,3,3,3,3,3,3,1,12,12,12,3,3,3,3,3,4,7,5,3,3,3,1,3,3,3,3,3,3,3,3,3,3,8,8,3,3,3,3,9,9,9,9,9,9,9,9,11,11,11,11,11,11,11,11","0.00237011909484863","walktrap","edit-xhwikibooks.graphml"
"0.18","0.34","0.48","0.394557145609732","2,3,2,1,2,1,2,1,1,1,2,2,1,1,1,1,4,2,9,2,3,10,6,1,1,1,1,12,3,4,7,5,8,2,9,9,11,1,3,3,3,3,10,10,10,10,3,10,10,10,3,3,3,3,3,10,10,10,10,3,6,3,3,1,1,3,3,3,3,3,10,3,1,1,3,3,3,3,3,3,3,1,12,12,12,3,3,3,3,3,4,7,5,3,3,3,1,3,3,3,3,3,3,3,3,3,3,8,8,3,3,3,3,9,9,9,9,9,9,9,9,11,11,11,11,11,11,11,11","0.00091099739074707","walktrap","edit-xhwikibooks.graphml"
"0.17","0.35","0.48","0.394557145609732","2,3,2,1,2,1,2,1,1,1,2,2,1,1,1,1,4,2,9,2,3,10,6,1,1,1,1,12,3,4,7,5,8,2,9,9,11,1,3,3,3,3,10,10,10,10,3,10,10,10,3,3,3,3,3,10,10,10,10,3,6,3,3,1,1,3,3,3,3,3,10,3,1,1,3,3,3,3,3,3,3,1,12,12,12,3,3,3,3,3,4,7,5,3,3,3,1,3,3,3,3,3,3,3,3,3,3,8,8,3,3,3,3,9,9,9,9,9,9,9,9,11,11,11,11,11,11,11,11","0.000825881958007812","walktrap","edit-xhwikibooks.graphml"
"0.16","0.36","0.48","0.394348131913472","2,3,2,1,2,1,2,1,1,1,2,2,1,1,1,1,4,2,9,2,3,10,6,1,1,1,1,12,3,4,7,5,8,2,9,9,11,1,3,3,3,3,10,10,10,10,3,10,10,10,3,3,3,3,3,10,10,10,10,3,6,3,3,1,1,3,3,3,3,3,10,3,1,1,3,3,3,3,3,3,3,1,12,12,12,3,3,3,3,3,4,7,5,3,3,3,1,3,3,3,3,3,3,3,3,3,3,8,8,3,3,3,3,9,9,9,9,9,9,9,9,11,11,11,11,11,11,11,11","0.000808000564575195","walktrap","edit-xhwikibooks.graphml"
"0.15","0.37","0.48","0.392692001873455","2,3,2,1,2,1,2,1,1,1,2,2,1,1,1,1,4,2,9,2,3,10,6,1,1,1,1,12,3,4,7,5,8,2,9,9,11,1,3,3,3,3,10,10,10,10,3,10,10,10,3,3,3,3,3,10,10,10,10,3,6,3,3,1,1,3,3,3,3,3,10,3,1,1,3,3,3,3,3,3,3,1,12,12,12,3,3,3,3,3,4,7,5,3,3,3,1,3,3,3,3,3,3,3,3,3,3,8,8,3,3,3,3,9,9,9,9,9,9,9,9,11,11,11,11,11,11,11,11","0.000821113586425781","walktrap","edit-xhwikibooks.graphml"
"0.14","0.38","0.48","0.392483039313288","2,3,2,1,2,1,2,1,1,1,2,2,1,1,1,1,4,2,9,2,3,10,6,1,1,1,1,12,3,4,7,5,8,2,9,9,11,1,3,3,3,3,10,10,10,10,3,10,10,10,3,3,3,3,3,10,10,10,10,3,6,3,3,1,1,3,3,3,3,3,10,3,1,1,3,3,3,3,3,3,3,1,12,12,12,3,3,3,3,3,4,7,5,3,3,3,1,3,3,3,3,3,3,3,3,3,3,8,8,3,3,3,3,9,9,9,9,9,9,9,9,11,11,11,11,11,11,11,11","0.000807046890258789","walktrap","edit-xhwikibooks.graphml"
"0.13","0.39","0.48","0.393193336430148","2,3,2,1,2,1,2,1,1,1,2,2,1,1,1,1,4,2,9,2,3,10,6,1,1,1,1,12,3,4,7,5,8,2,9,9,11,1,3,3,3,3,10,10,10,10,3,10,10,10,3,3,3,3,3,10,10,10,10,3,6,3,3,1,1,3,3,3,3,3,10,3,1,1,3,3,3,3,3,3,3,1,12,12,12,3,3,3,3,3,4,7,5,3,3,3,1,3,3,3,3,3,3,3,3,3,3,8,8,3,3,3,3,9,9,9,9,9,9,9,9,11,11,11,11,11,11,11,11","0.000866174697875977","walktrap","edit-xhwikibooks.graphml"
"0.12","0.4","0.48","0.394366992728532","2,3,2,1,2,1,2,1,1,1,2,2,1,1,1,1,4,2,9,2,3,10,6,1,1,1,1,12,3,4,7,5,8,2,9,9,11,1,3,3,3,3,10,10,10,10,3,10,10,10,3,3,3,3,3,10,10,10,10,3,6,3,3,1,1,3,3,3,3,3,10,3,1,1,3,3,3,3,3,3,3,1,12,12,12,3,3,3,3,3,4,7,5,3,3,3,1,3,3,3,3,3,3,3,3,3,3,8,8,3,3,3,3,9,9,9,9,9,9,9,9,11,11,11,11,11,11,11,11","0.00074005126953125","walktrap","edit-xhwikibooks.graphml"
"0.11","0.41","0.48","0.390170604956993","2,12,2,2,2,1,2,3,3,1,2,2,3,3,3,1,1,2,9,2,12,11,6,3,3,3,3,14,4,10,7,5,8,2,9,9,13,3,12,12,12,12,11,11,11,11,12,11,11,11,12,12,12,12,12,11,11,11,11,12,6,12,12,3,3,12,12,12,12,12,11,12,3,3,12,12,12,12,12,12,12,3,14,14,14,4,12,12,12,12,10,7,5,12,12,12,1,12,12,12,12,12,12,12,12,12,12,8,8,12,12,12,12,9,9,9,9,9,9,9,9,13,13,13,13,13,13,13,13","0.000757932662963867","walktrap","edit-xhwikibooks.graphml"
"0.1","0.42","0.48","0.389962421984773","2,12,2,2,2,1,2,3,3,1,2,2,3,3,3,1,1,2,9,2,12,11,6,3,3,3,3,14,4,10,7,5,8,2,9,9,13,3,12,12,12,12,11,11,11,11,12,11,11,11,12,12,12,12,12,11,11,11,11,12,6,12,12,3,3,12,12,12,12,12,11,12,3,3,12,12,12,12,12,12,12,3,14,14,14,4,12,12,12,12,10,7,5,12,12,12,1,12,12,12,12,12,12,12,12,12,12,8,8,12,12,12,12,9,9,9,9,9,9,9,9,13,13,13,13,13,13,13,13","0.000952959060668945","walktrap","edit-xhwikibooks.graphml"
"0.09","0.43","0.48","0.391356105208863","2,12,2,2,2,1,2,3,3,1,2,2,3,3,3,1,1,2,9,2,12,11,6,3,3,3,3,14,4,10,7,5,8,2,9,9,13,3,12,12,12,12,11,11,11,11,12,11,11,11,12,12,12,12,12,11,11,11,11,12,6,12,12,3,3,12,12,12,12,12,11,12,3,3,12,12,12,12,12,12,12,3,14,14,14,4,12,12,12,12,10,7,5,12,12,12,1,12,12,12,12,12,12,12,12,12,12,8,8,12,12,12,12,9,9,9,9,9,9,9,9,13,13,13,13,13,13,13,13","0.00074005126953125","walktrap","edit-xhwikibooks.graphml"
"0.08","0.44","0.48","0.391147902812278","2,12,2,2,2,1,2,3,3,1,2,2,3,3,3,1,1,2,9,2,12,11,6,3,3,3,3,14,4,10,7,5,8,2,9,9,13,3,12,12,12,12,11,11,11,11,12,11,11,11,12,12,12,12,12,11,11,11,11,12,6,12,12,3,3,12,12,12,12,12,11,12,3,3,12,12,12,12,12,12,12,3,14,14,14,4,12,12,12,12,10,7,5,12,12,12,1,12,12,12,12,12,12,12,12,12,12,8,8,12,12,12,12,9,9,9,9,9,9,9,9,13,13,13,13,13,13,13,13","0.000755071640014648","walktrap","edit-xhwikibooks.graphml"
"0.07","0.45","0.48","0.383972961628475","2,13,2,2,1,2,1,3,3,2,1,1,3,3,3,2,5,4,11,1,13,12,8,3,3,3,3,9,6,5,4,7,10,1,11,11,14,3,13,13,13,13,12,12,12,12,13,12,12,12,13,13,13,13,13,12,12,12,12,13,8,13,13,3,3,13,13,13,13,13,12,13,3,3,13,13,13,13,13,13,13,3,9,9,9,6,13,13,13,13,5,4,7,13,13,13,2,13,13,13,13,13,13,13,13,13,13,10,10,13,13,13,13,11,11,11,11,11,11,11,11,14,14,14,14,14,14,14,14","0.000803947448730469","walktrap","edit-xhwikibooks.graphml"
"0.06","0.46","0.48","0.383766048200633","2,13,2,2,1,2,1,3,3,2,1,1,3,3,3,2,5,4,11,1,13,12,8,3,3,3,3,9,6,5,4,7,10,1,11,11,14,3,13,13,13,13,12,12,12,12,13,12,12,12,13,13,13,13,13,12,12,12,12,13,8,13,13,3,3,13,13,13,13,13,12,13,3,3,13,13,13,13,13,13,13,3,9,9,9,6,13,13,13,13,5,4,7,13,13,13,2,13,13,13,13,13,13,13,13,13,13,10,10,13,13,13,13,11,11,11,11,11,11,11,11,14,14,14,14,14,14,14,14","0.000802040100097656","walktrap","edit-xhwikibooks.graphml"
"0.05","0.47","0.48","0.384489398715252","2,13,2,2,1,2,1,3,3,2,1,1,3,3,3,2,5,4,11,1,13,12,8,3,3,3,3,9,6,5,4,7,10,1,11,11,14,3,13,13,13,13,12,12,12,12,13,12,12,12,13,13,13,13,13,12,12,12,12,13,8,13,13,3,3,13,13,13,13,13,12,13,3,3,13,13,13,13,13,13,13,3,9,9,9,6,13,13,13,13,5,4,7,13,13,13,2,13,13,13,13,13,13,13,13,13,13,10,10,13,13,13,13,11,11,11,11,11,11,11,11,14,14,14,14,14,14,14,14","0.000755071640014648","walktrap","edit-xhwikibooks.graphml"
"0.04","0.48","0.48","0.384282552970228","2,13,2,2,1,2,1,3,3,2,1,1,3,3,3,2,5,4,11,1,13,12,8,3,3,3,3,9,6,5,4,7,10,1,11,11,14,3,13,13,13,13,12,12,12,12,13,12,12,12,13,13,13,13,13,12,12,12,12,13,8,13,13,3,3,13,13,13,13,13,12,13,3,3,13,13,13,13,13,13,13,3,9,9,9,6,13,13,13,13,5,4,7,13,13,13,2,13,13,13,13,13,13,13,13,13,13,10,10,13,13,13,13,11,11,11,11,11,11,11,11,14,14,14,14,14,14,14,14","0.000763177871704102","walktrap","edit-xhwikibooks.graphml"
"0.03","0.49","0.48","0.381259215877405","1,7,1,1,1,1,1,2,2,1,1,3,2,2,2,1,5,4,2,3,7,8,2,2,2,2,2,6,7,5,4,2,3,3,2,2,9,2,7,7,7,7,8,8,8,8,7,8,8,8,7,7,7,7,7,8,8,8,8,7,10,7,7,2,2,7,7,7,7,7,8,7,2,2,7,7,7,7,7,7,7,2,6,6,6,11,7,7,7,7,12,13,14,7,7,7,1,7,7,7,7,7,7,7,7,7,7,3,3,7,7,7,7,2,2,2,2,2,2,2,2,9,9,9,9,9,9,9,9","0.000751018524169922","walktrap","edit-xhwikibooks.graphml"
"0.02","0.5","0.48","0.407501302005088","1,4,1,1,1,1,1,2,2,1,1,3,2,2,2,1,6,5,2,3,4,8,2,2,2,2,2,7,4,6,5,2,3,3,2,2,9,2,4,4,4,4,8,8,8,8,4,8,8,8,4,4,4,4,4,8,8,8,8,4,10,4,4,2,2,4,4,4,4,4,8,4,2,2,4,4,4,4,4,4,4,2,7,7,7,11,4,4,4,4,12,13,14,4,4,4,1,4,4,4,4,4,4,4,4,4,4,3,3,4,4,4,4,2,2,2,2,2,2,2,2,9,9,9,9,9,9,9,9","0.000773906707763672","walktrap","edit-xhwikibooks.graphml"
"0.01","0.51","0.48","0.408019562955255","1,4,1,1,1,1,1,2,2,1,1,3,2,2,2,1,6,5,2,3,4,8,2,2,2,2,2,7,4,6,5,2,3,3,2,2,9,2,4,4,4,4,8,8,8,8,4,8,8,8,4,4,4,4,4,8,8,8,8,4,10,4,4,2,2,4,4,4,4,4,8,4,2,2,4,4,4,4,4,4,4,2,7,7,7,11,4,4,4,4,12,13,14,4,4,4,1,4,4,4,4,4,4,4,4,4,4,3,3,4,4,4,4,2,2,2,2,2,2,2,2,9,9,9,9,9,9,9,9","0.000821828842163086","walktrap","edit-xhwikibooks.graphml"
"0","0.52","0.48","0.410918391633863","2,9,2,2,2,3,2,4,4,3,2,1,4,4,4,3,6,5,2,1,9,8,11,4,4,4,4,7,2,6,5,2,1,1,2,2,10,4,9,9,9,9,8,8,8,8,9,8,8,8,9,9,9,9,9,8,8,8,8,9,12,9,9,4,4,9,9,9,9,9,8,9,4,4,9,9,9,9,9,9,9,4,7,7,7,13,9,9,9,9,14,15,16,9,9,9,3,9,9,9,9,9,9,9,9,9,9,1,1,9,9,9,9,2,2,2,2,2,2,2,2,10,10,10,10,10,10,10,10","0.000792980194091797","walktrap","edit-xhwikibooks.graphml"
"0.51","0","0.49","0.365238919931597","2,3,2,1,2,1,2,1,1,1,2,2,1,1,1,1,4,2,5,2,3,8,7,1,1,1,1,12,3,4,9,6,10,2,5,5,11,1,3,3,3,3,8,8,8,8,3,8,8,8,3,3,3,3,3,8,8,8,8,3,7,3,3,1,1,3,3,3,3,3,8,3,1,1,3,3,3,3,3,3,3,1,12,12,12,3,3,3,3,3,4,9,6,3,3,3,1,3,3,3,3,3,3,3,3,3,3,10,10,3,3,3,3,5,5,5,5,5,5,5,5,11,11,11,11,11,11,11,11","0.000756025314331055","walktrap","edit-xhwikibooks.graphml"
"0.5","0.01","0.49","0.365238919931597","2,3,2,1,2,1,2,1,1,1,2,2,1,1,1,1,4,2,5,2,3,8,7,1,1,1,1,12,3,4,9,6,10,2,5,5,11,1,3,3,3,3,8,8,8,8,3,8,8,8,3,3,3,3,3,8,8,8,8,3,7,3,3,1,1,3,3,3,3,3,8,3,1,1,3,3,3,3,3,3,3,1,12,12,12,3,3,3,3,3,4,9,6,3,3,3,1,3,3,3,3,3,3,3,3,3,3,10,10,3,3,3,3,5,5,5,5,5,5,5,5,11,11,11,11,11,11,11,11","0.000857830047607422","walktrap","edit-xhwikibooks.graphml"
"0.49","0.02","0.49","0.366034288608406","2,3,2,1,2,1,2,1,1,1,2,2,1,1,1,1,4,2,5,2,3,8,7,1,1,1,1,12,3,4,9,6,10,2,5,5,11,1,3,3,3,3,8,8,8,8,3,8,8,8,3,3,3,3,3,8,8,8,8,3,7,3,3,1,1,3,3,3,3,3,8,3,1,1,3,3,3,3,3,3,3,1,12,12,12,3,3,3,3,3,4,9,6,3,3,3,1,3,3,3,3,3,3,3,3,3,3,10,10,3,3,3,3,5,5,5,5,5,5,5,5,11,11,11,11,11,11,11,11","0.000755071640014648","walktrap","edit-xhwikibooks.graphml"
"0.48","0.03","0.49","0.365836059703931","2,3,2,1,2,1,2,1,1,1,2,2,1,1,1,1,4,2,5,2,3,8,7,1,1,1,1,12,3,4,9,6,10,2,5,5,11,1,3,3,3,3,8,8,8,8,3,8,8,8,3,3,3,3,3,8,8,8,8,3,7,3,3,1,1,3,3,3,3,3,8,3,1,1,3,3,3,3,3,3,3,1,12,12,12,3,3,3,3,3,4,9,6,3,3,3,1,3,3,3,3,3,3,3,3,3,3,10,10,3,3,3,3,5,5,5,5,5,5,5,5,11,11,11,11,11,11,11,11","0.000748157501220703","walktrap","edit-xhwikibooks.graphml"
"0.47","0.04","0.49","0.37517104999859","2,3,2,1,2,1,2,1,1,1,2,2,1,1,1,1,4,2,5,2,3,8,7,1,1,1,1,12,3,4,9,6,10,2,5,5,11,1,3,3,3,3,8,8,8,8,3,8,8,8,3,3,3,3,3,8,8,8,8,3,7,3,3,1,1,3,3,3,3,3,8,3,1,1,3,3,3,3,3,3,3,1,12,12,12,3,3,3,3,3,4,9,6,3,3,3,1,3,3,3,3,3,3,3,3,3,3,10,10,3,3,3,3,5,5,5,5,5,5,5,5,11,11,11,11,11,11,11,11","0.000751972198486328","walktrap","edit-xhwikibooks.graphml"
"0.46","0.05","0.49","0.37496330967923","2,3,2,1,2,1,2,1,1,1,2,2,1,1,1,1,4,2,5,2,3,8,7,1,1,1,1,12,3,4,9,6,10,2,5,5,11,1,3,3,3,3,8,8,8,8,3,8,8,8,3,3,3,3,3,8,8,8,8,3,7,3,3,1,1,3,3,3,3,3,8,3,1,1,3,3,3,3,3,3,3,1,12,12,12,3,3,3,3,3,4,9,6,3,3,3,1,3,3,3,3,3,3,3,3,3,3,10,10,3,3,3,3,5,5,5,5,5,5,5,5,11,11,11,11,11,11,11,11","0.000771999359130859","walktrap","edit-xhwikibooks.graphml"
"0.45","0.06","0.49","0.37496330967923","2,3,2,1,2,1,2,1,1,1,2,2,1,1,1,1,4,2,5,2,3,8,7,1,1,1,1,12,3,4,9,6,10,2,5,5,11,1,3,3,3,3,8,8,8,8,3,8,8,8,3,3,3,3,3,8,8,8,8,3,7,3,3,1,1,3,3,3,3,3,8,3,1,1,3,3,3,3,3,3,3,1,12,12,12,3,3,3,3,3,4,9,6,3,3,3,1,3,3,3,3,3,3,3,3,3,3,10,10,3,3,3,3,5,5,5,5,5,5,5,5,11,11,11,11,11,11,11,11","0.000771045684814453","walktrap","edit-xhwikibooks.graphml"
"0.44","0.07","0.49","0.37475578747392","2,3,2,1,2,1,2,1,1,1,2,2,1,1,1,1,4,2,5,2,3,8,7,1,1,1,1,12,3,4,9,6,10,2,5,5,11,1,3,3,3,3,8,8,8,8,3,8,8,8,3,3,3,3,3,8,8,8,8,3,7,3,3,1,1,3,3,3,3,3,8,3,1,1,3,3,3,3,3,3,3,1,12,12,12,3,3,3,3,3,4,9,6,3,3,3,1,3,3,3,3,3,3,3,3,3,3,10,10,3,3,3,3,5,5,5,5,5,5,5,5,11,11,11,11,11,11,11,11","0.000779867172241211","walktrap","edit-xhwikibooks.graphml"
"0.43","0.08","0.49","0.375511350979161","2,3,2,1,2,1,2,1,1,1,2,2,1,1,1,1,4,2,5,2,3,11,7,1,1,1,1,12,3,4,8,6,9,2,5,5,10,1,3,3,3,3,11,11,11,11,3,11,11,11,3,3,3,3,3,11,11,11,11,3,7,3,3,1,1,3,3,3,3,3,11,3,1,1,3,3,3,3,3,3,3,1,12,12,12,3,3,3,3,3,4,8,6,3,3,3,1,3,3,3,3,3,3,3,3,3,3,9,9,3,3,3,3,5,5,5,5,5,5,5,5,10,10,10,10,10,10,10,10","0.000771999359130859","walktrap","edit-xhwikibooks.graphml"
"0.42","0.09","0.49","0.375303878195921","2,3,2,1,2,1,2,1,1,1,2,2,1,1,1,1,4,2,5,2,3,11,7,1,1,1,1,12,3,4,8,6,9,2,5,5,10,1,3,3,3,3,11,11,11,11,3,11,11,11,3,3,3,3,3,11,11,11,11,3,7,3,3,1,1,3,3,3,3,3,11,3,1,1,3,3,3,3,3,3,3,1,12,12,12,3,3,3,3,3,4,8,6,3,3,3,1,3,3,3,3,3,3,3,3,3,3,9,9,3,3,3,3,5,5,5,5,5,5,5,5,10,10,10,10,10,10,10,10","0.000777006149291992","walktrap","edit-xhwikibooks.graphml"
"0.41","0.1","0.49","0.375303878195921","2,3,2,1,2,1,2,1,1,1,2,2,1,1,1,1,4,2,5,2,3,11,7,1,1,1,1,12,3,4,8,6,9,2,5,5,10,1,3,3,3,3,11,11,11,11,3,11,11,11,3,3,3,3,3,11,11,11,11,3,7,3,3,1,1,3,3,3,3,3,11,3,1,1,3,3,3,3,3,3,3,1,12,12,12,3,3,3,3,3,4,8,6,3,3,3,1,3,3,3,3,3,3,3,3,3,3,9,9,3,3,3,3,5,5,5,5,5,5,5,5,10,10,10,10,10,10,10,10","0.000769138336181641","walktrap","edit-xhwikibooks.graphml"
"0.4","0.11","0.49","0.374889584323656","2,3,2,1,2,1,2,1,1,1,2,2,1,1,1,1,4,2,5,2,3,11,7,1,1,1,1,12,3,4,8,6,9,2,5,5,10,1,3,3,3,3,11,11,11,11,3,11,11,11,3,3,3,3,3,11,11,11,11,3,7,3,3,1,1,3,3,3,3,3,11,3,1,1,3,3,3,3,3,3,3,1,12,12,12,3,3,3,3,3,4,8,6,3,3,3,1,3,3,3,3,3,3,3,3,3,3,9,9,3,3,3,3,5,5,5,5,5,5,5,5,10,10,10,10,10,10,10,10","0.000757932662963867","walktrap","edit-xhwikibooks.graphml"
"0.39","0.12","0.49","0.376406723655632","2,3,2,1,2,1,2,1,1,1,2,2,1,1,1,1,4,2,5,2,3,10,7,1,1,1,1,12,3,4,8,6,9,2,5,5,11,1,3,3,3,3,10,10,10,10,3,10,10,10,3,3,3,3,3,10,10,10,10,3,7,3,3,1,1,3,3,3,3,3,10,3,1,1,3,3,3,3,3,3,3,1,12,12,12,3,3,3,3,3,4,8,6,3,3,3,1,3,3,3,3,3,3,3,3,3,3,9,9,3,3,3,3,5,5,5,5,5,5,5,5,11,11,11,11,11,11,11,11","0.000761032104492188","walktrap","edit-xhwikibooks.graphml"
"0.38","0.13","0.49","0.376199552593134","2,3,2,1,2,1,2,1,1,1,2,2,1,1,1,1,4,2,5,2,3,10,7,1,1,1,1,12,3,4,8,6,9,2,5,5,11,1,3,3,3,3,10,10,10,10,3,10,10,10,3,3,3,3,3,10,10,10,10,3,7,3,3,1,1,3,3,3,3,3,10,3,1,1,3,3,3,3,3,3,3,1,12,12,12,3,3,3,3,3,4,8,6,3,3,3,1,3,3,3,3,3,3,3,3,3,3,9,9,3,3,3,3,5,5,5,5,5,5,5,5,11,11,11,11,11,11,11,11","0.00076603889465332","walktrap","edit-xhwikibooks.graphml"
"0.37","0.14","0.49","0.376199552593134","2,3,2,1,2,1,2,1,1,1,2,2,1,1,1,1,4,2,5,2,3,10,7,1,1,1,1,12,3,4,8,6,9,2,5,5,11,1,3,3,3,3,10,10,10,10,3,10,10,10,3,3,3,3,3,10,10,10,10,3,7,3,3,1,1,3,3,3,3,3,10,3,1,1,3,3,3,3,3,3,3,1,12,12,12,3,3,3,3,3,4,8,6,3,3,3,1,3,3,3,3,3,3,3,3,3,3,9,9,3,3,3,3,5,5,5,5,5,5,5,5,11,11,11,11,11,11,11,11","0.000782966613769531","walktrap","edit-xhwikibooks.graphml"
"0.36","0.15","0.49","0.377450848887981","2,3,2,1,2,1,2,1,1,1,2,2,1,1,1,1,4,2,6,2,3,10,7,1,1,1,1,12,3,4,8,5,9,2,6,6,11,1,3,3,3,3,10,10,10,10,3,10,10,10,3,3,3,3,3,10,10,10,10,3,7,3,3,1,1,3,3,3,3,3,10,3,1,1,3,3,3,3,3,3,3,1,12,12,12,3,3,3,3,3,4,8,5,3,3,3,1,3,3,3,3,3,3,3,3,3,3,9,9,3,3,3,3,6,6,6,6,6,6,6,6,11,11,11,11,11,11,11,11","0.000755786895751953","walktrap","edit-xhwikibooks.graphml"
"0.35","0.16","0.49","0.378197403026715","2,3,2,1,2,1,2,1,1,1,2,2,1,1,1,1,4,2,6,2,3,10,7,1,1,1,1,12,3,4,8,5,9,2,6,6,11,1,3,3,3,3,10,10,10,10,3,10,10,10,3,3,3,3,3,10,10,10,10,3,7,3,3,1,1,3,3,3,3,3,10,3,1,1,3,3,3,3,3,3,3,1,12,12,12,3,3,3,3,3,4,8,5,3,3,3,1,3,3,3,3,3,3,3,3,3,3,9,9,3,3,3,3,6,6,6,6,6,6,6,6,11,11,11,11,11,11,11,11","0.000767946243286133","walktrap","edit-xhwikibooks.graphml"
"0.34","0.17","0.49","0.379500390969663","2,3,2,1,2,1,2,1,1,1,2,2,1,1,1,1,4,2,8,2,3,10,6,1,1,1,1,12,3,4,7,5,9,2,8,8,11,1,3,3,3,3,10,10,10,10,3,10,10,10,3,3,3,3,3,10,10,10,10,3,6,3,3,1,1,3,3,3,3,3,10,3,1,1,3,3,3,3,3,3,3,1,12,12,12,3,3,3,3,3,4,7,5,3,3,3,1,3,3,3,3,3,3,3,3,3,3,9,9,3,3,3,3,8,8,8,8,8,8,8,8,11,11,11,11,11,11,11,11","0.000758886337280273","walktrap","edit-xhwikibooks.graphml"
"0.33","0.18","0.49","0.379500390969663","2,3,2,1,2,1,2,1,1,1,2,2,1,1,1,1,4,2,8,2,3,10,6,1,1,1,1,12,3,4,7,5,9,2,8,8,11,1,3,3,3,3,10,10,10,10,3,10,10,10,3,3,3,3,3,10,10,10,10,3,6,3,3,1,1,3,3,3,3,3,10,3,1,1,3,3,3,3,3,3,3,1,12,12,12,3,3,3,3,3,4,7,5,3,3,3,1,3,3,3,3,3,3,3,3,3,3,9,9,3,3,3,3,8,8,8,8,8,8,8,8,11,11,11,11,11,11,11,11","0.00076603889465332","walktrap","edit-xhwikibooks.graphml"
"0.32","0.19","0.49","0.37929308120881","2,3,2,1,2,1,2,1,1,1,2,2,1,1,1,1,4,2,8,2,3,10,6,1,1,1,1,12,3,4,7,5,9,2,8,8,11,1,3,3,3,3,10,10,10,10,3,10,10,10,3,3,3,3,3,10,10,10,10,3,6,3,3,1,1,3,3,3,3,3,10,3,1,1,3,3,3,3,3,3,3,1,12,12,12,3,3,3,3,3,4,7,5,3,3,3,1,3,3,3,3,3,3,3,3,3,3,9,9,3,3,3,3,8,8,8,8,8,8,8,8,11,11,11,11,11,11,11,11","0.000748872756958008","walktrap","edit-xhwikibooks.graphml"
"0.31","0.2","0.49","0.380744786270889","2,3,2,1,2,1,2,1,1,1,2,2,1,1,1,1,4,2,8,2,3,10,6,1,1,1,1,12,3,4,7,5,9,2,8,8,11,1,3,3,3,3,10,10,10,10,3,10,10,10,3,3,3,3,3,10,10,10,10,3,6,3,3,1,1,3,3,3,3,3,10,3,1,1,3,3,3,3,3,3,3,1,12,12,12,3,3,3,3,3,4,7,5,3,3,3,1,3,3,3,3,3,3,3,3,3,3,9,9,3,3,3,3,8,8,8,8,8,8,8,8,11,11,11,11,11,11,11,11","0.000778913497924805","walktrap","edit-xhwikibooks.graphml"
"0.3","0.21","0.49","0.380537416315465","2,3,2,1,2,1,2,1,1,1,2,2,1,1,1,1,4,2,8,2,3,10,6,1,1,1,1,12,3,4,7,5,9,2,8,8,11,1,3,3,3,3,10,10,10,10,3,10,10,10,3,3,3,3,3,10,10,10,10,3,6,3,3,1,1,3,3,3,3,3,10,3,1,1,3,3,3,3,3,3,3,1,12,12,12,3,3,3,3,3,4,7,5,3,3,3,1,3,3,3,3,3,3,3,3,3,3,9,9,3,3,3,3,8,8,8,8,8,8,8,8,11,11,11,11,11,11,11,11","0.000905036926269531","walktrap","edit-xhwikibooks.graphml"
"0.29","0.22","0.49","0.380537416315465","2,3,2,1,2,1,2,1,1,1,2,2,1,1,1,1,4,2,8,2,3,10,6,1,1,1,1,12,3,4,7,5,9,2,8,8,11,1,3,3,3,3,10,10,10,10,3,10,10,10,3,3,3,3,3,10,10,10,10,3,6,3,3,1,1,3,3,3,3,3,10,3,1,1,3,3,3,3,3,3,3,1,12,12,12,3,3,3,3,3,4,7,5,3,3,3,1,3,3,3,3,3,3,3,3,3,3,9,9,3,3,3,3,8,8,8,8,8,8,8,8,11,11,11,11,11,11,11,11","0.000747919082641602","walktrap","edit-xhwikibooks.graphml"
"0.28","0.23","0.49","0.381815750283598","2,3,2,1,2,1,2,1,1,1,2,2,1,1,1,1,4,2,9,2,3,10,6,1,1,1,1,11,3,4,7,5,8,2,9,9,12,1,3,3,3,3,10,10,10,10,3,10,10,10,3,3,3,3,3,10,10,10,10,3,6,3,3,1,1,3,3,3,3,3,10,3,1,1,3,3,3,3,3,3,3,1,11,11,11,3,3,3,3,3,4,7,5,3,3,3,1,3,3,3,3,3,3,3,3,3,3,8,8,3,3,3,3,9,9,9,9,9,9,9,9,12,12,12,12,12,12,12,12","0.000750064849853516","walktrap","edit-xhwikibooks.graphml"
"0.27","0.24","0.49","0.382550754465834","2,3,2,1,2,1,2,1,1,1,2,2,1,1,1,1,4,2,9,2,3,10,6,1,1,1,1,11,3,4,7,5,8,2,9,9,12,1,3,3,3,3,10,10,10,10,3,10,10,10,3,3,3,3,3,10,10,10,10,3,6,3,3,1,1,3,3,3,3,3,10,3,1,1,3,3,3,3,3,3,3,1,11,11,11,3,3,3,3,3,4,7,5,3,3,3,1,3,3,3,3,3,3,3,3,3,3,8,8,3,3,3,3,9,9,9,9,9,9,9,9,12,12,12,12,12,12,12,12","0.000777959823608398","walktrap","edit-xhwikibooks.graphml"
"0.26","0.25","0.49","0.384570144828596","2,3,2,1,2,1,2,1,1,1,2,2,1,1,1,1,4,2,9,2,3,10,6,1,1,1,1,12,3,4,7,5,8,2,9,9,11,1,3,3,3,3,10,10,10,10,3,10,10,10,3,3,3,3,3,10,10,10,10,3,6,3,3,1,1,3,3,3,3,3,10,3,1,1,3,3,3,3,3,3,3,1,12,12,12,3,3,3,3,3,4,7,5,3,3,3,1,3,3,3,3,3,3,3,3,3,3,8,8,3,3,3,3,9,9,9,9,9,9,9,9,11,11,11,11,11,11,11,11","0.000771045684814453","walktrap","edit-xhwikibooks.graphml"
"0.25","0.26","0.49","0.384570144828596","2,3,2,1,2,1,2,1,1,1,2,2,1,1,1,1,4,2,9,2,3,10,6,1,1,1,1,12,3,4,7,5,8,2,9,9,11,1,3,3,3,3,10,10,10,10,3,10,10,10,3,3,3,3,3,10,10,10,10,3,6,3,3,1,1,3,3,3,3,3,10,3,1,1,3,3,3,3,3,3,3,1,12,12,12,3,3,3,3,3,4,7,5,3,3,3,1,3,3,3,3,3,3,3,3,3,3,8,8,3,3,3,3,9,9,9,9,9,9,9,9,11,11,11,11,11,11,11,11","0.000938892364501953","walktrap","edit-xhwikibooks.graphml"
"0.24","0.27","0.49","0.384570144828596","2,3,2,1,2,1,2,1,1,1,2,2,1,1,1,1,4,2,9,2,3,10,6,1,1,1,1,12,3,4,7,5,8,2,9,9,11,1,3,3,3,3,10,10,10,10,3,10,10,10,3,3,3,3,3,10,10,10,10,3,6,3,3,1,1,3,3,3,3,3,10,3,1,1,3,3,3,3,3,3,3,1,12,12,12,3,3,3,3,3,4,7,5,3,3,3,1,3,3,3,3,3,3,3,3,3,3,8,8,3,3,3,3,9,9,9,9,9,9,9,9,11,11,11,11,11,11,11,11","0.000737905502319336","walktrap","edit-xhwikibooks.graphml"
"0.23","0.28","0.49","0.384362444444444","2,3,2,1,2,1,2,1,1,1,2,2,1,1,1,1,4,2,9,2,3,10,6,1,1,1,1,12,3,4,7,5,8,2,9,9,11,1,3,3,3,3,10,10,10,10,3,10,10,10,3,3,3,3,3,10,10,10,10,3,6,3,3,1,1,3,3,3,3,3,10,3,1,1,3,3,3,3,3,3,3,1,12,12,12,3,3,3,3,3,4,7,5,3,3,3,1,3,3,3,3,3,3,3,3,3,3,8,8,3,3,3,3,9,9,9,9,9,9,9,9,11,11,11,11,11,11,11,11","0.000766992568969727","walktrap","edit-xhwikibooks.graphml"
"0.22","0.29","0.49","0.385775690114025","2,3,2,1,2,1,2,1,1,1,2,2,1,1,1,1,4,2,9,2,3,10,6,1,1,1,1,12,3,4,7,5,8,2,9,9,11,1,3,3,3,3,10,10,10,10,3,10,10,10,3,3,3,3,3,10,10,10,10,3,6,3,3,1,1,3,3,3,3,3,10,3,1,1,3,3,3,3,3,3,3,1,12,12,12,3,3,3,3,3,4,7,5,3,3,3,1,3,3,3,3,3,3,3,3,3,3,8,8,3,3,3,3,9,9,9,9,9,9,9,9,11,11,11,11,11,11,11,11","0.000756978988647461","walktrap","edit-xhwikibooks.graphml"
"0.21","0.3","0.49","0.385567963651318","2,3,2,1,2,1,2,1,1,1,2,2,1,1,1,1,4,2,9,2,3,10,6,1,1,1,1,12,3,4,7,5,8,2,9,9,11,1,3,3,3,3,10,10,10,10,3,10,10,10,3,3,3,3,3,10,10,10,10,3,6,3,3,1,1,3,3,3,3,3,10,3,1,1,3,3,3,3,3,3,3,1,12,12,12,3,3,3,3,3,4,7,5,3,3,3,1,3,3,3,3,3,3,3,3,3,3,8,8,3,3,3,3,9,9,9,9,9,9,9,9,11,11,11,11,11,11,11,11","0.000781059265136719","walktrap","edit-xhwikibooks.graphml"
"0.2","0.31","0.49","0.386085584044326","2,3,2,1,2,1,2,1,1,1,2,2,1,1,1,1,4,2,9,2,3,10,6,1,1,1,1,12,3,4,7,5,8,2,9,9,11,1,3,3,3,3,10,10,10,10,3,10,10,10,3,3,3,3,3,10,10,10,10,3,6,3,3,1,1,3,3,3,3,3,10,3,1,1,3,3,3,3,3,3,3,1,12,12,12,3,3,3,3,3,4,7,5,3,3,3,1,3,3,3,3,3,3,3,3,3,3,8,8,3,3,3,3,9,9,9,9,9,9,9,9,11,11,11,11,11,11,11,11","0.000767946243286133","walktrap","edit-xhwikibooks.graphml"
"0.19","0.32","0.49","0.38587813420951","2,3,2,1,2,1,2,1,1,1,2,2,1,1,1,1,4,2,9,2,3,10,6,1,1,1,1,12,3,4,7,5,8,2,9,9,11,1,3,3,3,3,10,10,10,10,3,10,10,10,3,3,3,3,3,10,10,10,10,3,6,3,3,1,1,3,3,3,3,3,10,3,1,1,3,3,3,3,3,3,3,1,12,12,12,3,3,3,3,3,4,7,5,3,3,3,1,3,3,3,3,3,3,3,3,3,3,8,8,3,3,3,3,9,9,9,9,9,9,9,9,11,11,11,11,11,11,11,11","0.000900030136108398","walktrap","edit-xhwikibooks.graphml"
"0.18","0.33","0.49","0.38587813420951","2,3,2,1,2,1,2,1,1,1,2,2,1,1,1,1,4,2,9,2,3,10,6,1,1,1,1,12,3,4,7,5,8,2,9,9,11,1,3,3,3,3,10,10,10,10,3,10,10,10,3,3,3,3,3,10,10,10,10,3,6,3,3,1,1,3,3,3,3,3,10,3,1,1,3,3,3,3,3,3,3,1,12,12,12,3,3,3,3,3,4,7,5,3,3,3,1,3,3,3,3,3,3,3,3,3,3,8,8,3,3,3,3,9,9,9,9,9,9,9,9,11,11,11,11,11,11,11,11","0.00202703475952148","walktrap","edit-xhwikibooks.graphml"
"0.17","0.34","0.49","0.395719406719255","2,3,2,1,2,1,2,1,1,1,2,2,1,1,1,1,4,2,9,2,3,10,6,1,1,1,1,12,3,4,7,5,8,2,9,9,11,1,3,3,3,3,10,10,10,10,3,10,10,10,3,3,3,3,3,10,10,10,10,3,6,3,3,1,1,3,3,3,3,3,10,3,1,1,3,3,3,3,3,3,3,1,12,12,12,3,3,3,3,3,4,7,5,3,3,3,1,3,3,3,3,3,3,3,3,3,3,8,8,3,3,3,3,9,9,9,9,9,9,9,9,11,11,11,11,11,11,11,11","0.00110602378845215","walktrap","edit-xhwikibooks.graphml"
"0.16","0.35","0.49","0.395719406719255","2,3,2,1,2,1,2,1,1,1,2,2,1,1,1,1,4,2,9,2,3,10,6,1,1,1,1,12,3,4,7,5,8,2,9,9,11,1,3,3,3,3,10,10,10,10,3,10,10,10,3,3,3,3,3,10,10,10,10,3,6,3,3,1,1,3,3,3,3,3,10,3,1,1,3,3,3,3,3,3,3,1,12,12,12,3,3,3,3,3,4,7,5,3,3,3,1,3,3,3,3,3,3,3,3,3,3,8,8,3,3,3,3,9,9,9,9,9,9,9,9,11,11,11,11,11,11,11,11","0.000719070434570312","walktrap","edit-xhwikibooks.graphml"
"0.15","0.36","0.49","0.395510394200866","2,3,2,1,2,1,2,1,1,1,2,2,1,1,1,1,4,2,9,2,3,10,6,1,1,1,1,12,3,4,7,5,8,2,9,9,11,1,3,3,3,3,10,10,10,10,3,10,10,10,3,3,3,3,3,10,10,10,10,3,6,3,3,1,1,3,3,3,3,3,10,3,1,1,3,3,3,3,3,3,3,1,12,12,12,3,3,3,3,3,4,7,5,3,3,3,1,3,3,3,3,3,3,3,3,3,3,8,8,3,3,3,3,9,9,9,9,9,9,9,9,11,11,11,11,11,11,11,11","0.000828981399536133","walktrap","edit-xhwikibooks.graphml"
"0.14","0.37","0.49","0.395510394200866","2,3,2,1,2,1,2,1,1,1,2,2,1,1,1,1,4,2,9,2,3,10,6,1,1,1,1,12,3,4,7,5,8,2,9,9,11,1,3,3,3,3,10,10,10,10,3,10,10,10,3,3,3,3,3,10,10,10,10,3,6,3,3,1,1,3,3,3,3,3,10,3,1,1,3,3,3,3,3,3,3,1,12,12,12,3,3,3,3,3,4,7,5,3,3,3,1,3,3,3,3,3,3,3,3,3,3,8,8,3,3,3,3,9,9,9,9,9,9,9,9,11,11,11,11,11,11,11,11","0.000724077224731445","walktrap","edit-xhwikibooks.graphml"
"0.13","0.38","0.49","0.395301589245058","2,3,2,1,2,1,2,1,1,1,2,2,1,1,1,1,4,2,9,2,3,10,6,1,1,1,1,12,3,4,7,5,8,2,9,9,11,1,3,3,3,3,10,10,10,10,3,10,10,10,3,3,3,3,3,10,10,10,10,3,6,3,3,1,1,3,3,3,3,3,10,3,1,1,3,3,3,3,3,3,3,1,12,12,12,3,3,3,3,3,4,7,5,3,3,3,1,3,3,3,3,3,3,3,3,3,3,8,8,3,3,3,3,9,9,9,9,9,9,9,9,11,11,11,11,11,11,11,11","0.000746965408325195","walktrap","edit-xhwikibooks.graphml"
"0.12","0.39","0.49","0.396004910065376","2,3,2,1,2,1,2,1,1,1,2,2,1,1,1,1,4,2,9,2,3,10,6,1,1,1,1,12,3,4,7,5,8,2,9,9,11,1,3,3,3,3,10,10,10,10,3,10,10,10,3,3,3,3,3,10,10,10,10,3,6,3,3,1,1,3,3,3,3,3,10,3,1,1,3,3,3,3,3,3,3,1,12,12,12,3,3,3,3,3,4,7,5,3,3,3,1,3,3,3,3,3,3,3,3,3,3,8,8,3,3,3,3,9,9,9,9,9,9,9,9,11,11,11,11,11,11,11,11","0.000748157501220703","walktrap","edit-xhwikibooks.graphml"
"0.11","0.4","0.49","0.396477010971041","2,3,2,1,2,1,2,1,1,1,2,2,1,1,1,1,4,2,9,2,3,10,6,1,1,1,1,12,3,4,7,5,8,2,9,9,11,1,3,3,3,3,10,10,10,10,3,10,10,10,3,3,3,3,3,10,10,10,10,3,6,3,3,1,1,3,3,3,3,3,10,3,1,1,3,3,3,3,3,3,3,1,12,12,12,3,3,3,3,3,4,7,5,3,3,3,1,3,3,3,3,3,3,3,3,3,3,8,8,3,3,3,3,9,9,9,9,9,9,9,9,11,11,11,11,11,11,11,11","0.000744104385375977","walktrap","edit-xhwikibooks.graphml"
"0.1","0.41","0.49","0.396477010971041","2,3,2,1,2,1,2,1,1,1,2,2,1,1,1,1,4,2,9,2,3,10,6,1,1,1,1,12,3,4,7,5,8,2,9,9,11,1,3,3,3,3,10,10,10,10,3,10,10,10,3,3,3,3,3,10,10,10,10,3,6,3,3,1,1,3,3,3,3,3,10,3,1,1,3,3,3,3,3,3,3,1,12,12,12,3,3,3,3,3,4,7,5,3,3,3,1,3,3,3,3,3,3,3,3,3,3,8,8,3,3,3,3,9,9,9,9,9,9,9,9,11,11,11,11,11,11,11,11","0.000741004943847656","walktrap","edit-xhwikibooks.graphml"
"0.09","0.42","0.49","0.395587664406727","2,3,2,1,2,1,2,1,1,1,2,2,1,1,1,1,4,2,9,2,3,10,6,1,1,1,1,12,3,4,7,5,8,2,9,9,11,1,3,3,3,3,10,10,10,10,3,10,10,10,3,3,3,3,3,10,10,10,10,3,6,3,3,1,1,3,3,3,3,3,10,3,1,1,3,3,3,3,3,3,3,1,12,12,12,3,3,3,3,3,4,7,5,3,3,3,1,3,3,3,3,3,3,3,3,3,3,8,8,3,3,3,3,9,9,9,9,9,9,9,9,11,11,11,11,11,11,11,11","0.000813961029052734","walktrap","edit-xhwikibooks.graphml"
"0.08","0.43","0.49","0.396941858433157","2,3,2,1,2,1,2,1,1,1,2,2,1,1,1,1,4,2,9,2,3,10,6,1,1,1,1,12,3,4,7,5,8,2,9,9,11,1,3,3,3,3,10,10,10,10,3,10,10,10,3,3,3,3,3,10,10,10,10,3,6,3,3,1,1,3,3,3,3,3,10,3,1,1,3,3,3,3,3,3,3,1,12,12,12,3,3,3,3,3,4,7,5,3,3,3,1,3,3,3,3,3,3,3,3,3,3,8,8,3,3,3,3,9,9,9,9,9,9,9,9,11,11,11,11,11,11,11,11","0.000715970993041992","walktrap","edit-xhwikibooks.graphml"
"0.07","0.44","0.49","0.395106046761623","2,3,2,1,2,1,2,1,1,1,2,2,1,1,1,1,4,2,9,2,3,10,6,1,1,1,1,12,3,4,7,5,8,2,9,9,11,1,3,3,3,3,10,10,10,10,3,10,10,10,3,3,3,3,3,10,10,10,10,3,6,3,3,1,1,3,3,3,3,3,10,3,1,1,3,3,3,3,3,3,3,1,12,12,12,3,3,3,3,3,4,7,5,3,3,3,1,3,3,3,3,3,3,3,3,3,3,8,8,3,3,3,3,9,9,9,9,9,9,9,9,11,11,11,11,11,11,11,11","0.00073695182800293","walktrap","edit-xhwikibooks.graphml"
"0.06","0.45","0.49","0.39651842045109","2,3,2,1,2,1,2,1,1,1,2,2,1,1,1,1,4,2,9,2,3,10,6,1,1,1,1,12,3,4,7,5,8,2,9,9,11,1,3,3,3,3,10,10,10,10,3,10,10,10,3,3,3,3,3,10,10,10,10,3,6,3,3,1,1,3,3,3,3,3,10,3,1,1,3,3,3,3,3,3,3,1,12,12,12,3,3,3,3,3,4,7,5,3,3,3,1,3,3,3,3,3,3,3,3,3,3,8,8,3,3,3,3,9,9,9,9,9,9,9,9,11,11,11,11,11,11,11,11","0.000741004943847656","walktrap","edit-xhwikibooks.graphml"
"0.05","0.46","0.49","0.39215487782346","2,12,2,2,2,1,2,3,3,1,2,2,3,3,3,1,1,2,9,2,12,11,6,3,3,3,3,14,4,10,7,5,8,2,9,9,13,3,12,12,12,12,11,11,11,11,12,11,11,11,12,12,12,12,12,11,11,11,11,12,6,12,12,3,3,12,12,12,12,12,11,12,3,3,12,12,12,12,12,12,12,3,14,14,14,4,12,12,12,12,10,7,5,12,12,12,1,12,12,12,12,12,12,12,12,12,12,8,8,12,12,12,12,9,9,9,9,9,9,9,9,13,13,13,13,13,13,13,13","0.000750064849853516","walktrap","edit-xhwikibooks.graphml"
"0.04","0.47","0.49","0.392859714191976","2,12,2,2,2,1,2,3,3,1,2,2,3,3,3,1,1,2,9,2,12,11,6,3,3,3,3,14,4,10,7,5,8,2,9,9,13,3,12,12,12,12,11,11,11,11,12,11,11,11,12,12,12,12,12,11,11,11,11,12,6,12,12,3,3,12,12,12,12,12,11,12,3,3,12,12,12,12,12,12,12,3,14,14,14,4,12,12,12,12,10,7,5,12,12,12,1,12,12,12,12,12,12,12,12,12,12,8,8,12,12,12,12,9,9,9,9,9,9,9,9,13,13,13,13,13,13,13,13","0.000752925872802734","walktrap","edit-xhwikibooks.graphml"
"0.03","0.48","0.49","0.384075917722907","2,13,2,2,1,2,1,3,3,2,1,1,3,3,3,2,5,4,11,1,13,12,8,3,3,3,3,9,6,5,4,7,10,1,11,11,14,3,13,13,13,13,12,12,12,12,13,12,12,12,13,13,13,13,13,12,12,12,12,13,8,13,13,3,3,13,13,13,13,13,12,13,3,3,13,13,13,13,13,13,13,3,9,9,9,6,13,13,13,13,5,4,7,13,13,13,2,13,13,13,13,13,13,13,13,13,13,10,10,13,13,13,13,11,11,11,11,11,11,11,11,14,14,14,14,14,14,14,14","0.000887870788574219","walktrap","edit-xhwikibooks.graphml"
"0.02","0.49","0.49","0.384075917722907","2,13,2,2,1,2,1,3,3,2,1,1,3,3,3,2,5,4,11,1,13,12,8,3,3,3,3,9,6,5,4,7,10,1,11,11,14,3,13,13,13,13,12,12,12,12,13,12,12,12,13,13,13,13,13,12,12,12,12,13,8,13,13,3,3,13,13,13,13,13,12,13,3,3,13,13,13,13,13,13,13,3,9,9,9,6,13,13,13,13,5,4,7,13,13,13,2,13,13,13,13,13,13,13,13,13,13,10,10,13,13,13,13,11,11,11,11,11,11,11,11,14,14,14,14,14,14,14,14","0.000869989395141602","walktrap","edit-xhwikibooks.graphml"
"0.01","0.5","0.49","0.405925910509886","2,3,2,1,2,1,2,1,1,1,2,2,1,1,1,1,5,4,1,2,3,8,1,1,1,1,1,6,3,5,4,1,7,2,1,1,9,1,3,3,3,3,8,8,8,8,3,8,8,8,3,3,3,3,3,8,8,8,8,3,10,3,3,1,1,3,3,3,3,3,8,3,1,1,3,3,3,3,3,3,3,1,6,6,6,11,3,3,3,3,12,13,14,3,3,3,1,3,3,3,3,3,3,3,3,3,3,7,7,3,3,3,3,1,1,1,1,1,1,1,1,9,9,9,9,9,9,9,9","0.000764131546020508","walktrap","edit-xhwikibooks.graphml"
"0","0.51","0.49","0.410504957660644","2,9,2,2,2,3,2,4,4,3,2,1,4,4,4,3,6,5,2,1,9,8,11,4,4,4,4,7,2,6,5,2,1,1,2,2,10,4,9,9,9,9,8,8,8,8,9,8,8,8,9,9,9,9,9,8,8,8,8,9,12,9,9,4,4,9,9,9,9,9,8,9,4,4,9,9,9,9,9,9,9,4,7,7,7,13,9,9,9,9,14,15,16,9,9,9,3,9,9,9,9,9,9,9,9,9,9,1,1,9,9,9,9,2,2,2,2,2,2,2,2,10,10,10,10,10,10,10,10","0.000803947448730469","walktrap","edit-xhwikibooks.graphml"
"0.5","0","0.5","0.416059057798511","1,12,1,1,3,1,3,1,1,2,3,3,1,1,1,4,2,5,6,3,12,9,1,1,1,1,1,4,8,2,5,7,11,3,6,6,10,1,12,12,12,12,9,9,9,9,12,9,9,9,12,12,12,12,12,9,9,9,9,12,1,12,12,1,1,12,12,12,12,12,9,12,1,1,12,12,12,12,12,12,12,1,4,4,4,8,12,12,12,12,2,5,7,12,12,12,4,12,12,12,12,12,12,12,12,12,12,11,11,12,12,12,12,6,6,6,6,6,6,6,6,10,10,10,10,10,10,10,10","0.000791072845458984","walktrap","edit-xhwikibooks.graphml"
"0.49","0.01","0.5","0.38311948039342","1,2,1,1,3,1,3,1,1,1,3,3,1,1,1,4,5,3,6,3,2,8,1,1,1,1,1,4,2,5,9,7,10,3,6,6,11,1,2,2,2,2,8,8,8,8,2,8,8,8,2,2,2,2,2,8,8,8,8,2,1,2,2,1,1,2,2,2,2,2,8,2,1,1,2,2,2,2,2,2,2,1,4,4,4,2,2,2,2,2,5,9,7,2,2,2,4,2,2,2,2,2,2,2,2,2,2,10,10,2,2,2,2,6,6,6,6,6,6,6,6,11,11,11,11,11,11,11,11","0.000785112380981445","walktrap","edit-xhwikibooks.graphml"
"0.48","0.02","0.5","0.38311948039342","1,2,1,1,3,1,3,1,1,1,3,3,1,1,1,4,5,3,6,3,2,8,1,1,1,1,1,4,2,5,9,7,10,3,6,6,11,1,2,2,2,2,8,8,8,8,2,8,8,8,2,2,2,2,2,8,8,8,8,2,1,2,2,1,1,2,2,2,2,2,8,2,1,1,2,2,2,2,2,2,2,1,4,4,4,2,2,2,2,2,5,9,7,2,2,2,4,2,2,2,2,2,2,2,2,2,2,10,10,2,2,2,2,6,6,6,6,6,6,6,6,11,11,11,11,11,11,11,11","0.000774145126342773","walktrap","edit-xhwikibooks.graphml"
"0.47","0.03","0.5","0.382919753352089","1,2,1,1,3,1,3,1,1,1,3,3,1,1,1,4,5,3,6,3,2,8,1,1,1,1,1,4,2,5,9,7,10,3,6,6,11,1,2,2,2,2,8,8,8,8,2,8,8,8,2,2,2,2,2,8,8,8,8,2,1,2,2,1,1,2,2,2,2,2,8,2,1,1,2,2,2,2,2,2,2,1,4,4,4,2,2,2,2,2,5,9,7,2,2,2,4,2,2,2,2,2,2,2,2,2,2,10,10,2,2,2,2,6,6,6,6,6,6,6,6,11,11,11,11,11,11,11,11","0.000828027725219727","walktrap","edit-xhwikibooks.graphml"
"0.46","0.04","0.5","0.382919753352089","1,2,1,1,3,1,3,1,1,1,3,3,1,1,1,4,5,3,6,3,2,8,1,1,1,1,1,4,2,5,9,7,10,3,6,6,11,1,2,2,2,2,8,8,8,8,2,8,8,8,2,2,2,2,2,8,8,8,8,2,1,2,2,1,1,2,2,2,2,2,8,2,1,1,2,2,2,2,2,2,2,1,4,4,4,2,2,2,2,2,5,9,7,2,2,2,4,2,2,2,2,2,2,2,2,2,2,10,10,2,2,2,2,6,6,6,6,6,6,6,6,11,11,11,11,11,11,11,11","0.000810861587524414","walktrap","edit-xhwikibooks.graphml"
"0.45","0.05","0.5","0.382720222475946","1,2,1,1,3,1,3,1,1,1,3,3,1,1,1,4,5,3,6,3,2,8,1,1,1,1,1,4,2,5,9,7,10,3,6,6,11,1,2,2,2,2,8,8,8,8,2,8,8,8,2,2,2,2,2,8,8,8,8,2,1,2,2,1,1,2,2,2,2,2,8,2,1,1,2,2,2,2,2,2,2,1,4,4,4,2,2,2,2,2,5,9,7,2,2,2,4,2,2,2,2,2,2,2,2,2,2,10,10,2,2,2,2,6,6,6,6,6,6,6,6,11,11,11,11,11,11,11,11","0.000806093215942383","walktrap","edit-xhwikibooks.graphml"
"0.44","0.06","0.5","0.382720222475946","1,2,1,1,3,1,3,1,1,1,3,3,1,1,1,4,5,3,6,3,2,8,1,1,1,1,1,4,2,5,9,7,10,3,6,6,11,1,2,2,2,2,8,8,8,8,2,8,8,8,2,2,2,2,2,8,8,8,8,2,1,2,2,1,1,2,2,2,2,2,8,2,1,1,2,2,2,2,2,2,2,1,4,4,4,2,2,2,2,2,5,9,7,2,2,2,4,2,2,2,2,2,2,2,2,2,2,10,10,2,2,2,2,6,6,6,6,6,6,6,6,11,11,11,11,11,11,11,11","0.000803947448730469","walktrap","edit-xhwikibooks.graphml"
"0.43","0.07","0.5","0.38252088750484","1,2,1,1,3,1,3,1,1,1,3,3,1,1,1,4,5,3,6,3,2,8,1,1,1,1,1,4,2,5,9,7,10,3,6,6,11,1,2,2,2,2,8,8,8,8,2,8,8,8,2,2,2,2,2,8,8,8,8,2,1,2,2,1,1,2,2,2,2,2,8,2,1,1,2,2,2,2,2,2,2,1,4,4,4,2,2,2,2,2,5,9,7,2,2,2,4,2,2,2,2,2,2,2,2,2,2,10,10,2,2,2,2,6,6,6,6,6,6,6,6,11,11,11,11,11,11,11,11","0.000808954238891602","walktrap","edit-xhwikibooks.graphml"
"0.42","0.08","0.5","0.383232882414152","1,2,1,1,3,1,3,1,1,1,3,3,1,1,1,4,5,3,6,3,2,10,1,1,1,1,1,4,2,5,8,7,9,3,6,6,11,1,2,2,2,2,10,10,10,10,2,10,10,10,2,2,2,2,2,10,10,10,10,2,1,2,2,1,1,2,2,2,2,2,10,2,1,1,2,2,2,2,2,2,2,1,4,4,4,2,2,2,2,2,5,8,7,2,2,2,4,2,2,2,2,2,2,2,2,2,2,9,9,2,2,2,2,6,6,6,6,6,6,6,6,11,11,11,11,11,11,11,11","0.000904083251953125","walktrap","edit-xhwikibooks.graphml"
"0.41","0.09","0.5","0.383033595346859","1,2,1,1,3,1,3,1,1,1,3,3,1,1,1,4,5,3,6,3,2,10,1,1,1,1,1,4,2,5,8,7,9,3,6,6,11,1,2,2,2,2,10,10,10,10,2,10,10,10,2,2,2,2,2,10,10,10,10,2,1,2,2,1,1,2,2,2,2,2,10,2,1,1,2,2,2,2,2,2,2,1,4,4,4,2,2,2,2,2,5,8,7,2,2,2,4,2,2,2,2,2,2,2,2,2,2,9,9,2,2,2,2,6,6,6,6,6,6,6,6,11,11,11,11,11,11,11,11","0.000798940658569336","walktrap","edit-xhwikibooks.graphml"
"0.4","0.1","0.5","0.382834503533851","1,2,1,1,3,1,3,1,1,1,3,3,1,1,1,4,5,3,6,3,2,10,1,1,1,1,1,4,2,5,8,7,9,3,6,6,11,1,2,2,2,2,10,10,10,10,2,10,10,10,2,2,2,2,2,10,10,10,10,2,1,2,2,1,1,2,2,2,2,2,10,2,1,1,2,2,2,2,2,2,2,1,4,4,4,2,2,2,2,2,5,8,7,2,2,2,4,2,2,2,2,2,2,2,2,2,2,9,9,2,2,2,2,6,6,6,6,6,6,6,6,11,11,11,11,11,11,11,11","0.000800848007202148","walktrap","edit-xhwikibooks.graphml"
"0.39","0.11","0.5","0.382635606716784","1,2,1,1,3,1,3,1,1,1,3,3,1,1,1,4,5,3,6,3,2,10,1,1,1,1,1,4,2,5,8,7,9,3,6,6,11,1,2,2,2,2,10,10,10,10,2,10,10,10,2,2,2,2,2,10,10,10,10,2,1,2,2,1,1,2,2,2,2,2,10,2,1,1,2,2,2,2,2,2,2,1,4,4,4,2,2,2,2,2,5,8,7,2,2,2,4,2,2,2,2,2,2,2,2,2,2,9,9,2,2,2,2,6,6,6,6,6,6,6,6,11,11,11,11,11,11,11,11","0.000776052474975586","walktrap","edit-xhwikibooks.graphml"
"0.38","0.12","0.5","0.384062199522338","1,2,1,1,3,1,3,1,1,1,3,3,1,1,1,4,5,3,7,3,2,10,1,1,1,1,1,4,2,5,8,6,9,3,7,7,11,1,2,2,2,2,10,10,10,10,2,10,10,10,2,2,2,2,2,10,10,10,10,2,1,2,2,1,1,2,2,2,2,2,10,2,1,1,2,2,2,2,2,2,2,1,4,4,4,2,2,2,2,2,5,8,6,2,2,2,4,2,2,2,2,2,2,2,2,2,2,9,9,2,2,2,2,7,7,7,7,7,7,7,7,11,11,11,11,11,11,11,11","0.000804901123046875","walktrap","edit-xhwikibooks.graphml"
"0.37","0.13","0.5","0.383863194797814","1,2,1,1,3,1,3,1,1,1,3,3,1,1,1,4,5,3,7,3,2,10,1,1,1,1,1,4,2,5,8,6,9,3,7,7,11,1,2,2,2,2,10,10,10,10,2,10,10,10,2,2,2,2,2,10,10,10,10,2,1,2,2,1,1,2,2,2,2,2,10,2,1,1,2,2,2,2,2,2,2,1,4,4,4,2,2,2,2,2,5,8,6,2,2,2,4,2,2,2,2,2,2,2,2,2,2,9,9,2,2,2,2,7,7,7,7,7,7,7,7,11,11,11,11,11,11,11,11","0.000782966613769531","walktrap","edit-xhwikibooks.graphml"
"0.36","0.14","0.5","0.383863194797814","1,2,1,1,3,1,3,1,1,1,3,3,1,1,1,4,5,3,7,3,2,10,1,1,1,1,1,4,2,5,8,6,9,3,7,7,11,1,2,2,2,2,10,10,10,10,2,10,10,10,2,2,2,2,2,10,10,10,10,2,1,2,2,1,1,2,2,2,2,2,10,2,1,1,2,2,2,2,2,2,2,1,4,4,4,2,2,2,2,2,5,8,6,2,2,2,4,2,2,2,2,2,2,2,2,2,2,9,9,2,2,2,2,7,7,7,7,7,7,7,7,11,11,11,11,11,11,11,11","0.000796079635620117","walktrap","edit-xhwikibooks.graphml"
"0.35","0.15","0.5","0.385012678560334","1,2,1,1,3,1,3,1,1,1,3,3,1,1,1,4,5,3,7,3,2,10,1,1,1,1,1,4,2,5,8,6,9,3,7,7,11,1,2,2,2,2,10,10,10,10,2,10,10,10,2,2,2,2,2,10,10,10,10,2,1,2,2,1,1,2,2,2,2,2,10,2,1,1,2,2,2,2,2,2,2,1,4,4,4,2,2,2,2,2,5,8,6,2,2,2,4,2,2,2,2,2,2,2,2,2,2,9,9,2,2,2,2,7,7,7,7,7,7,7,7,11,11,11,11,11,11,11,11","0.000802040100097656","walktrap","edit-xhwikibooks.graphml"
"0.34","0.16","0.5","0.385716633793557","1,2,1,1,3,1,3,1,1,1,3,3,1,1,1,4,5,3,7,3,2,10,1,1,1,1,1,4,2,5,8,6,9,3,7,7,11,1,2,2,2,2,10,10,10,10,2,10,10,10,2,2,2,2,2,10,10,10,10,2,1,2,2,1,1,2,2,2,2,2,10,2,1,1,2,2,2,2,2,2,2,1,4,4,4,2,2,2,2,2,5,8,6,2,2,2,4,2,2,2,2,2,2,2,2,2,2,9,9,2,2,2,2,7,7,7,7,7,7,7,7,11,11,11,11,11,11,11,11","0.000777006149291992","walktrap","edit-xhwikibooks.graphml"
"0.33","0.17","0.5","0.386856730478365","1,2,1,1,3,1,3,1,1,1,3,3,1,1,1,4,5,3,8,3,2,10,1,1,1,1,1,4,2,5,7,6,9,3,8,8,11,1,2,2,2,2,10,10,10,10,2,10,10,10,2,2,2,2,2,10,10,10,10,2,1,2,2,1,1,2,2,2,2,2,10,2,1,1,2,2,2,2,2,2,2,1,4,4,4,2,2,2,2,2,5,7,6,2,2,2,4,2,2,2,2,2,2,2,2,2,2,9,9,2,2,2,2,8,8,8,8,8,8,8,8,11,11,11,11,11,11,11,11","0.000808000564575195","walktrap","edit-xhwikibooks.graphml"
"0.32","0.18","0.5","0.386856730478365","1,2,1,1,3,1,3,1,1,1,3,3,1,1,1,4,5,3,8,3,2,10,1,1,1,1,1,4,2,5,7,6,9,3,8,8,11,1,2,2,2,2,10,10,10,10,2,10,10,10,2,2,2,2,2,10,10,10,10,2,1,2,2,1,1,2,2,2,2,2,10,2,1,1,2,2,2,2,2,2,2,1,4,4,4,2,2,2,2,2,5,7,6,2,2,2,4,2,2,2,2,2,2,2,2,2,2,9,9,2,2,2,2,8,8,8,8,8,8,8,8,11,11,11,11,11,11,11,11","0.000770807266235352","walktrap","edit-xhwikibooks.graphml"
"0.31","0.19","0.5","0.386657759957091","1,2,1,1,3,1,3,1,1,1,3,3,1,1,1,4,5,3,8,3,2,10,1,1,1,1,1,4,2,5,7,6,9,3,8,8,11,1,2,2,2,2,10,10,10,10,2,10,10,10,2,2,2,2,2,10,10,10,10,2,1,2,2,1,1,2,2,2,2,2,10,2,1,1,2,2,2,2,2,2,2,1,4,4,4,2,2,2,2,2,5,7,6,2,2,2,4,2,2,2,2,2,2,2,2,2,2,9,9,2,2,2,2,8,8,8,8,8,8,8,8,11,11,11,11,11,11,11,11","0.000847816467285156","walktrap","edit-xhwikibooks.graphml"
"0.3","0.2","0.5","0.387977112621496","1,2,1,1,3,1,3,1,1,1,3,3,1,1,1,4,5,3,8,3,2,10,1,1,1,1,1,4,2,5,7,6,9,3,8,8,11,1,2,2,2,2,10,10,10,10,2,10,10,10,2,2,2,2,2,10,10,10,10,2,1,2,2,1,1,2,2,2,2,2,10,2,1,1,2,2,2,2,2,2,2,1,4,4,4,2,2,2,2,2,5,7,6,2,2,2,4,2,2,2,2,2,2,2,2,2,2,9,9,2,2,2,2,8,8,8,8,8,8,8,8,11,11,11,11,11,11,11,11","0.00096583366394043","walktrap","edit-xhwikibooks.graphml"
"0.29","0.21","0.5","0.387778157426077","1,2,1,1,3,1,3,1,1,1,3,3,1,1,1,4,5,3,8,3,2,10,1,1,1,1,1,4,2,5,7,6,9,3,8,8,11,1,2,2,2,2,10,10,10,10,2,10,10,10,2,2,2,2,2,10,10,10,10,2,1,2,2,1,1,2,2,2,2,2,10,2,1,1,2,2,2,2,2,2,2,1,4,4,4,2,2,2,2,2,5,7,6,2,2,2,4,2,2,2,2,2,2,2,2,2,2,9,9,2,2,2,2,8,8,8,8,8,8,8,8,11,11,11,11,11,11,11,11","0.000773906707763672","walktrap","edit-xhwikibooks.graphml"
"0.28","0.22","0.5","0.387778157426077","1,2,1,1,3,1,3,1,1,1,3,3,1,1,1,4,5,3,8,3,2,10,1,1,1,1,1,4,2,5,7,6,9,3,8,8,11,1,2,2,2,2,10,10,10,10,2,10,10,10,2,2,2,2,2,10,10,10,10,2,1,2,2,1,1,2,2,2,2,2,10,2,1,1,2,2,2,2,2,2,2,1,4,4,4,2,2,2,2,2,5,7,6,2,2,2,4,2,2,2,2,2,2,2,2,2,2,9,9,2,2,2,2,8,8,8,8,8,8,8,8,11,11,11,11,11,11,11,11","0.000760793685913086","walktrap","edit-xhwikibooks.graphml"
"0.27","0.23","0.5","0.388978051847945","1,2,1,1,3,1,3,1,1,1,3,3,1,1,1,4,5,3,9,3,2,10,1,1,1,1,1,4,2,5,7,6,8,3,9,9,11,1,2,2,2,2,10,10,10,10,2,10,10,10,2,2,2,2,2,10,10,10,10,2,1,2,2,1,1,2,2,2,2,2,10,2,1,1,2,2,2,2,2,2,2,1,4,4,4,2,2,2,2,2,5,7,6,2,2,2,4,2,2,2,2,2,2,2,2,2,2,8,8,2,2,2,2,9,9,9,9,9,9,9,9,11,11,11,11,11,11,11,11","0.000800132751464844","walktrap","edit-xhwikibooks.graphml"
"0.26","0.24","0.5","0.389671808531544","1,2,1,1,3,1,3,1,1,1,3,3,1,1,1,4,5,3,9,3,2,10,1,1,1,1,1,4,2,5,7,6,8,3,9,9,11,1,2,2,2,2,10,10,10,10,2,10,10,10,2,2,2,2,2,10,10,10,10,2,1,2,2,1,1,2,2,2,2,2,10,2,1,1,2,2,2,2,2,2,2,1,4,4,4,2,2,2,2,2,5,7,6,2,2,2,4,2,2,2,2,2,2,2,2,2,2,8,8,2,2,2,2,9,9,9,9,9,9,9,9,11,11,11,11,11,11,11,11","0.000792026519775391","walktrap","edit-xhwikibooks.graphml"
"0.25","0.25","0.5","0.391519879062736","1,2,1,1,3,1,3,1,1,1,3,3,1,1,1,4,5,3,9,3,2,10,1,1,1,1,1,4,2,5,7,6,8,3,9,9,11,1,2,2,2,2,10,10,10,10,2,10,10,10,2,2,2,2,2,10,10,10,10,2,1,2,2,1,1,2,2,2,2,2,10,2,1,1,2,2,2,2,2,2,2,1,4,4,4,2,2,2,2,2,5,7,6,2,2,2,4,2,2,2,2,2,2,2,2,2,2,8,8,2,2,2,2,9,9,9,9,9,9,9,9,11,11,11,11,11,11,11,11","0.000802040100097656","walktrap","edit-xhwikibooks.graphml"
"0.24","0.26","0.5","0.391519879062736","1,2,1,1,3,1,3,1,1,1,3,3,1,1,1,4,5,3,9,3,2,10,1,1,1,1,1,4,2,5,7,6,8,3,9,9,11,1,2,2,2,2,10,10,10,10,2,10,10,10,2,2,2,2,2,10,10,10,10,2,1,2,2,1,1,2,2,2,2,2,10,2,1,1,2,2,2,2,2,2,2,1,4,4,4,2,2,2,2,2,5,7,6,2,2,2,4,2,2,2,2,2,2,2,2,2,2,8,8,2,2,2,2,9,9,9,9,9,9,9,9,11,11,11,11,11,11,11,11","0.000783920288085938","walktrap","edit-xhwikibooks.graphml"
"0.23","0.27","0.5","0.391519879062736","1,2,1,1,3,1,3,1,1,1,3,3,1,1,1,4,5,3,9,3,2,10,1,1,1,1,1,4,2,5,7,6,8,3,9,9,11,1,2,2,2,2,10,10,10,10,2,10,10,10,2,2,2,2,2,10,10,10,10,2,1,2,2,1,1,2,2,2,2,2,10,2,1,1,2,2,2,2,2,2,2,1,4,4,4,2,2,2,2,2,5,7,6,2,2,2,4,2,2,2,2,2,2,2,2,2,2,8,8,2,2,2,2,9,9,9,9,9,9,9,9,11,11,11,11,11,11,11,11","0.000813007354736328","walktrap","edit-xhwikibooks.graphml"
"0.22","0.28","0.5","0.39132071491149","1,2,1,1,3,1,3,1,1,1,3,3,1,1,1,4,5,3,9,3,2,10,1,1,1,1,1,4,2,5,7,6,8,3,9,9,11,1,2,2,2,2,10,10,10,10,2,10,10,10,2,2,2,2,2,10,10,10,10,2,1,2,2,1,1,2,2,2,2,2,10,2,1,1,2,2,2,2,2,2,2,1,4,4,4,2,2,2,2,2,5,7,6,2,2,2,4,2,2,2,2,2,2,2,2,2,2,8,8,2,2,2,2,9,9,9,9,9,9,9,9,11,11,11,11,11,11,11,11","0.000789880752563477","walktrap","edit-xhwikibooks.graphml"
"0.21","0.29","0.5","0.392628923361622","1,2,1,1,3,1,3,1,1,1,3,3,1,1,1,4,5,3,9,3,2,10,1,1,1,1,1,4,2,5,7,6,8,3,9,9,11,1,2,2,2,2,10,10,10,10,2,10,10,10,2,2,2,2,2,10,10,10,10,2,1,2,2,1,1,2,2,2,2,2,10,2,1,1,2,2,2,2,2,2,2,1,4,4,4,2,2,2,2,2,5,7,6,2,2,2,4,2,2,2,2,2,2,2,2,2,2,8,8,2,2,2,2,9,9,9,9,9,9,9,9,11,11,11,11,11,11,11,11","0.000806808471679688","walktrap","edit-xhwikibooks.graphml"
"0.2","0.3","0.5","0.392230812369812","1,2,1,1,3,1,3,1,1,1,3,3,1,1,1,4,5,3,9,3,2,10,1,1,1,1,1,4,2,5,7,6,8,3,9,9,11,1,2,2,2,2,10,10,10,10,2,10,10,10,2,2,2,2,2,10,10,10,10,2,1,2,2,1,1,2,2,2,2,2,10,2,1,1,2,2,2,2,2,2,2,1,4,4,4,2,2,2,2,2,5,7,6,2,2,2,4,2,2,2,2,2,2,2,2,2,2,8,8,2,2,2,2,9,9,9,9,9,9,9,9,11,11,11,11,11,11,11,11","0.000804901123046875","walktrap","edit-xhwikibooks.graphml"
"0.19","0.31","0.5","0.39291579601378","1,2,1,1,3,1,3,1,1,1,3,3,1,1,1,4,5,3,9,3,2,10,1,1,1,1,1,4,2,5,7,6,8,3,9,9,11,1,2,2,2,2,10,10,10,10,2,10,10,10,2,2,2,2,2,10,10,10,10,2,1,2,2,1,1,2,2,2,2,2,10,2,1,1,2,2,2,2,2,2,2,1,4,4,4,2,2,2,2,2,5,7,6,2,2,2,4,2,2,2,2,2,2,2,2,2,2,8,8,2,2,2,2,9,9,9,9,9,9,9,9,11,11,11,11,11,11,11,11","0.000765085220336914","walktrap","edit-xhwikibooks.graphml"
"0.18","0.32","0.5","0.392716895670478","1,2,1,1,3,1,3,1,1,1,3,3,1,1,1,4,5,3,9,3,2,10,1,1,1,1,1,4,2,5,7,6,8,3,9,9,11,1,2,2,2,2,10,10,10,10,2,10,10,10,2,2,2,2,2,10,10,10,10,2,1,2,2,1,1,2,2,2,2,2,10,2,1,1,2,2,2,2,2,2,2,1,4,4,4,2,2,2,2,2,5,7,6,2,2,2,4,2,2,2,2,2,2,2,2,2,2,8,8,2,2,2,2,9,9,9,9,9,9,9,9,11,11,11,11,11,11,11,11","0.000988006591796875","walktrap","edit-xhwikibooks.graphml"
"0.17","0.33","0.5","0.392716895670478","1,2,1,1,3,1,3,1,1,1,3,3,1,1,1,4,5,3,9,3,2,10,1,1,1,1,1,4,2,5,7,6,8,3,9,9,11,1,2,2,2,2,10,10,10,10,2,10,10,10,2,2,2,2,2,10,10,10,10,2,1,2,2,1,1,2,2,2,2,2,10,2,1,1,2,2,2,2,2,2,2,1,4,4,4,2,2,2,2,2,5,7,6,2,2,2,4,2,2,2,2,2,2,2,2,2,2,8,8,2,2,2,2,9,9,9,9,9,9,9,9,11,11,11,11,11,11,11,11","0.000773906707763672","walktrap","edit-xhwikibooks.graphml"
"0.16","0.34","0.5","0.40128661716611","1,3,1,1,1,2,1,2,2,2,1,1,2,2,2,4,5,1,9,1,3,10,2,2,2,2,2,4,3,5,7,6,8,1,9,9,11,2,3,3,3,3,10,10,10,10,3,10,10,10,3,3,3,3,3,10,10,10,10,3,2,3,3,2,2,3,3,3,3,3,10,3,2,2,3,3,3,3,3,3,3,2,4,4,4,3,3,3,3,3,5,7,6,3,3,3,4,3,3,3,3,3,3,3,3,3,3,8,8,3,3,3,3,9,9,9,9,9,9,9,9,11,11,11,11,11,11,11,11","0.000771999359130859","walktrap","edit-xhwikibooks.graphml"
"0.15","0.35","0.5","0.40128661716611","1,3,1,1,1,2,1,2,2,2,1,1,2,2,2,4,5,1,9,1,3,10,2,2,2,2,2,4,3,5,7,6,8,1,9,9,11,2,3,3,3,3,10,10,10,10,3,10,10,10,3,3,3,3,3,10,10,10,10,3,2,3,3,2,2,3,3,3,3,3,10,3,2,2,3,3,3,3,3,3,3,2,4,4,4,3,3,3,3,3,5,7,6,3,3,3,4,3,3,3,3,3,3,3,3,3,3,8,8,3,3,3,3,9,9,9,9,9,9,9,9,11,11,11,11,11,11,11,11","0.000782012939453125","walktrap","edit-xhwikibooks.graphml"
"0.14","0.36","0.5","0.401086072860162","1,3,1,1,1,2,1,2,2,2,1,1,2,2,2,4,5,1,9,1,3,10,2,2,2,2,2,4,3,5,7,6,8,1,9,9,11,2,3,3,3,3,10,10,10,10,3,10,10,10,3,3,3,3,3,10,10,10,10,3,2,3,3,2,2,3,3,3,3,3,10,3,2,2,3,3,3,3,3,3,3,2,4,4,4,3,3,3,3,3,5,7,6,3,3,3,4,3,3,3,3,3,3,3,3,3,3,8,8,3,3,3,3,9,9,9,9,9,9,9,9,11,11,11,11,11,11,11,11","0.000784873962402344","walktrap","edit-xhwikibooks.graphml"
"0.13","0.37","0.5","0.401086072860162","1,3,1,1,1,2,1,2,2,2,1,1,2,2,2,4,5,1,9,1,3,10,2,2,2,2,2,4,3,5,7,6,8,1,9,9,11,2,3,3,3,3,10,10,10,10,3,10,10,10,3,3,3,3,3,10,10,10,10,3,2,3,3,2,2,3,3,3,3,3,10,3,2,2,3,3,3,3,3,3,3,2,4,4,4,3,3,3,3,3,5,7,6,3,3,3,4,3,3,3,3,3,3,3,3,3,3,8,8,3,3,3,3,9,9,9,9,9,9,9,9,11,11,11,11,11,11,11,11","0.00079798698425293","walktrap","edit-xhwikibooks.graphml"
"0.12","0.38","0.5","0.400885716174235","1,3,1,1,1,2,1,2,2,2,1,1,2,2,2,4,5,1,9,1,3,10,2,2,2,2,2,4,3,5,7,6,8,1,9,9,11,2,3,3,3,3,10,10,10,10,3,10,10,10,3,3,3,3,3,10,10,10,10,3,2,3,3,2,2,3,3,3,3,3,10,3,2,2,3,3,3,3,3,3,3,2,4,4,4,3,3,3,3,3,5,7,6,3,3,3,4,3,3,3,3,3,3,3,3,3,3,8,8,3,3,3,3,9,9,9,9,9,9,9,9,11,11,11,11,11,11,11,11","0.000823974609375","walktrap","edit-xhwikibooks.graphml"
"0.11","0.39","0.5","0.40155078125","1,3,1,1,1,2,1,2,2,2,1,1,2,2,2,4,5,1,9,1,3,10,2,2,2,2,2,4,3,5,7,6,8,1,9,9,11,2,3,3,3,3,10,10,10,10,3,10,10,10,3,3,3,3,3,10,10,10,10,3,2,3,3,2,2,3,3,3,3,3,10,3,2,2,3,3,3,3,3,3,3,2,4,4,4,3,3,3,3,3,5,7,6,3,3,3,4,3,3,3,3,3,3,3,3,3,3,8,8,3,3,3,3,9,9,9,9,9,9,9,9,11,11,11,11,11,11,11,11","0.000802993774414062","walktrap","edit-xhwikibooks.graphml"
"0.1","0.4","0.5","0.40328275624813","1,2,1,1,3,1,3,1,1,1,3,3,1,1,1,4,5,3,9,3,2,10,1,1,1,1,1,4,2,5,7,6,8,3,9,9,11,1,2,2,2,2,10,10,10,10,2,10,10,10,2,2,2,2,2,10,10,10,10,2,1,2,2,1,1,2,2,2,2,2,10,2,1,1,2,2,2,2,2,2,2,1,4,4,4,2,2,2,2,2,5,7,6,2,2,2,4,2,2,2,2,2,2,2,2,2,2,8,8,2,2,2,2,9,9,9,9,9,9,9,9,11,11,11,11,11,11,11,11","0.000834941864013672","walktrap","edit-xhwikibooks.graphml"
"0.09","0.41","0.5","0.40328275624813","1,2,1,1,3,1,3,1,1,1,3,3,1,1,1,4,5,3,9,3,2,10,1,1,1,1,1,4,2,5,7,6,8,3,9,9,11,1,2,2,2,2,10,10,10,10,2,10,10,10,2,2,2,2,2,10,10,10,10,2,1,2,2,1,1,2,2,2,2,2,10,2,1,1,2,2,2,2,2,2,2,1,4,4,4,2,2,2,2,2,5,7,6,2,2,2,4,2,2,2,2,2,2,2,2,2,2,8,8,2,2,2,2,9,9,9,9,9,9,9,9,11,11,11,11,11,11,11,11","0.000858068466186523","walktrap","edit-xhwikibooks.graphml"
"0.08","0.42","0.5","0.403082847743484","1,2,1,1,3,1,3,1,1,1,3,3,1,1,1,4,5,3,9,3,2,10,1,1,1,1,1,4,2,5,7,6,8,3,9,9,11,1,2,2,2,2,10,10,10,10,2,10,10,10,2,2,2,2,2,10,10,10,10,2,1,2,2,1,1,2,2,2,2,2,10,2,1,1,2,2,2,2,2,2,2,1,4,4,4,2,2,2,2,2,5,7,6,2,2,2,4,2,2,2,2,2,2,2,2,2,2,8,8,2,2,2,2,9,9,9,9,9,9,9,9,11,11,11,11,11,11,11,11","0.000787973403930664","walktrap","edit-xhwikibooks.graphml"
"0.07","0.43","0.5","0.404333686409464","1,2,1,1,3,1,3,1,1,1,3,3,1,1,1,4,5,3,9,3,2,10,1,1,1,1,1,4,2,5,7,6,8,3,9,9,11,1,2,2,2,2,10,10,10,10,2,10,10,10,2,2,2,2,2,10,10,10,10,2,1,2,2,1,1,2,2,2,2,2,10,2,1,1,2,2,2,2,2,2,2,1,4,4,4,2,2,2,2,2,5,7,6,2,2,2,4,2,2,2,2,2,2,2,2,2,2,8,8,2,2,2,2,9,9,9,9,9,9,9,9,11,11,11,11,11,11,11,11","0.000774860382080078","walktrap","edit-xhwikibooks.graphml"
"0.06","0.44","0.5","0.404133828005897","1,2,1,1,3,1,3,1,1,1,3,3,1,1,1,4,5,3,9,3,2,10,1,1,1,1,1,4,2,5,7,6,8,3,9,9,11,1,2,2,2,2,10,10,10,10,2,10,10,10,2,2,2,2,2,10,10,10,10,2,1,2,2,1,1,2,2,2,2,2,10,2,1,1,2,2,2,2,2,2,2,1,4,4,4,2,2,2,2,2,5,7,6,2,2,2,4,2,2,2,2,2,2,2,2,2,2,8,8,2,2,2,2,9,9,9,9,9,9,9,9,11,11,11,11,11,11,11,11","0.000772953033447266","walktrap","edit-xhwikibooks.graphml"
"0.05","0.45","0.5","0.405455098167896","1,2,1,1,3,1,3,1,1,1,3,3,1,1,1,4,5,3,9,3,2,10,1,1,1,1,1,4,2,5,7,6,8,3,9,9,11,1,2,2,2,2,10,10,10,10,2,10,10,10,2,2,2,2,2,10,10,10,10,2,1,2,2,1,1,2,2,2,2,2,10,2,1,1,2,2,2,2,2,2,2,1,4,4,4,2,2,2,2,2,5,7,6,2,2,2,4,2,2,2,2,2,2,2,2,2,2,8,8,2,2,2,2,9,9,9,9,9,9,9,9,11,11,11,11,11,11,11,11","0.00080108642578125","walktrap","edit-xhwikibooks.graphml"
"0.04","0.46","0.5","0.405255198487713","1,2,1,1,3,1,3,1,1,1,3,3,1,1,1,4,5,3,9,3,2,10,1,1,1,1,1,4,2,5,7,6,8,3,9,9,11,1,2,2,2,2,10,10,10,10,2,10,10,10,2,2,2,2,2,10,10,10,10,2,1,2,2,1,1,2,2,2,2,2,10,2,1,1,2,2,2,2,2,2,2,1,4,4,4,2,2,2,2,2,5,7,6,2,2,2,4,2,2,2,2,2,2,2,2,2,2,8,8,2,2,2,2,9,9,9,9,9,9,9,9,11,11,11,11,11,11,11,11","0.000772953033447266","walktrap","edit-xhwikibooks.graphml"
"0.03","0.47","0.5","0.405911253367117","1,2,1,1,3,1,3,1,1,1,3,3,1,1,1,4,5,3,9,3,2,10,1,1,1,1,1,4,2,5,7,6,8,3,9,9,11,1,2,2,2,2,10,10,10,10,2,10,10,10,2,2,2,2,2,10,10,10,10,2,1,2,2,1,1,2,2,2,2,2,10,2,1,1,2,2,2,2,2,2,2,1,4,4,4,2,2,2,2,2,5,7,6,2,2,2,4,2,2,2,2,2,2,2,2,2,2,8,8,2,2,2,2,9,9,9,9,9,9,9,9,11,11,11,11,11,11,11,11","0.000811100006103516","walktrap","edit-xhwikibooks.graphml"
"0.02","0.48","0.5","0.405711429169566","1,2,1,1,3,1,3,1,1,1,3,3,1,1,1,4,5,3,9,3,2,10,1,1,1,1,1,4,2,5,7,6,8,3,9,9,11,1,2,2,2,2,10,10,10,10,2,10,10,10,2,2,2,2,2,10,10,10,10,2,1,2,2,1,1,2,2,2,2,2,10,2,1,1,2,2,2,2,2,2,2,1,4,4,4,2,2,2,2,2,5,7,6,2,2,2,4,2,2,2,2,2,2,2,2,2,2,8,8,2,2,2,2,9,9,9,9,9,9,9,9,11,11,11,11,11,11,11,11","0.000786066055297852","walktrap","edit-xhwikibooks.graphml"
"0.01","0.49","0.5","0.405711429169566","1,2,1,1,3,1,3,1,1,1,3,3,1,1,1,4,5,3,9,3,2,10,1,1,1,1,1,4,2,5,7,6,8,3,9,9,11,1,2,2,2,2,10,10,10,10,2,10,10,10,2,2,2,2,2,10,10,10,10,2,1,2,2,1,1,2,2,2,2,2,10,2,1,1,2,2,2,2,2,2,2,1,4,4,4,2,2,2,2,2,5,7,6,2,2,2,4,2,2,2,2,2,2,2,2,2,2,8,8,2,2,2,2,9,9,9,9,9,9,9,9,11,11,11,11,11,11,11,11","0.00080108642578125","walktrap","edit-xhwikibooks.graphml"
"0","0.5","0.5","0.431189227061606","2,11,2,2,2,2,2,2,2,2,1,5,2,2,2,4,3,1,1,5,11,10,6,2,2,2,2,4,2,3,9,7,8,5,1,1,12,2,11,11,11,11,10,10,10,10,11,10,10,10,11,11,11,11,11,10,10,10,10,11,6,11,11,2,2,11,11,11,11,11,10,11,2,2,11,11,11,11,11,11,11,2,4,4,4,2,11,11,11,11,3,9,7,11,11,11,4,11,11,11,11,11,11,11,11,11,11,8,8,11,11,11,11,1,1,1,1,1,1,1,1,12,12,12,12,12,12,12,12","0.000861883163452148","walktrap","edit-xhwikibooks.graphml"
"0.49","0","0.51","0.415462415714696","1,2,1,1,4,1,4,1,1,3,4,4,1,1,1,5,3,6,7,4,2,9,1,1,1,1,1,5,2,3,6,8,11,4,7,7,10,1,2,2,2,2,9,9,9,9,2,9,9,9,2,2,2,2,2,9,9,9,9,2,1,2,2,1,1,2,2,2,2,2,9,2,1,1,2,2,2,2,2,2,2,1,5,5,5,2,2,2,2,2,3,6,8,2,2,2,5,2,2,2,2,2,2,2,2,2,2,11,11,2,2,2,2,7,7,7,7,7,7,7,7,10,10,10,10,10,10,10,10","0.000839948654174805","walktrap","edit-xhwikibooks.graphml"
"0.48","0.01","0.51","0.415462415714696","1,2,1,1,4,1,4,1,1,3,4,4,1,1,1,5,3,6,7,4,2,9,1,1,1,1,1,5,2,3,6,8,11,4,7,7,10,1,2,2,2,2,9,9,9,9,2,9,9,9,2,2,2,2,2,9,9,9,9,2,1,2,2,1,1,2,2,2,2,2,9,2,1,1,2,2,2,2,2,2,2,1,5,5,5,2,2,2,2,2,3,6,8,2,2,2,5,2,2,2,2,2,2,2,2,2,2,11,11,2,2,2,2,7,7,7,7,7,7,7,7,10,10,10,10,10,10,10,10","0.000865936279296875","walktrap","edit-xhwikibooks.graphml"
"0.47","0.02","0.51","0.416059057798511","1,12,1,1,3,1,3,1,1,2,3,3,1,1,1,4,2,5,6,3,12,9,1,1,1,1,1,4,8,2,5,7,11,3,6,6,10,1,12,12,12,12,9,9,9,9,12,9,9,9,12,12,12,12,12,9,9,9,9,12,1,12,12,1,1,12,12,12,12,12,9,12,1,1,12,12,12,12,12,12,12,1,4,4,4,8,12,12,12,12,2,5,7,12,12,12,4,12,12,12,12,12,12,12,12,12,12,11,11,12,12,12,12,6,6,6,6,6,6,6,6,10,10,10,10,10,10,10,10","0.000796079635620117","walktrap","edit-xhwikibooks.graphml"
"0.46","0.03","0.51","0.412928867487529","2,3,2,2,1,2,1,2,2,2,1,4,2,2,2,5,6,1,1,4,3,8,2,2,2,2,2,5,3,6,9,7,4,4,1,1,10,2,3,3,3,3,8,8,8,8,3,8,8,8,3,3,3,3,3,8,8,8,8,3,2,3,3,2,2,3,3,3,3,3,8,3,2,2,3,3,3,3,3,3,3,2,5,5,5,3,3,3,3,3,6,9,7,3,3,3,5,3,3,3,3,3,3,3,3,3,3,4,4,3,3,3,3,1,1,1,1,1,1,1,1,10,10,10,10,10,10,10,10","0.000790119171142578","walktrap","edit-xhwikibooks.graphml"
"0.45","0.04","0.51","0.412928867487529","2,3,2,2,1,2,1,2,2,2,1,4,2,2,2,5,6,1,1,4,3,8,2,2,2,2,2,5,3,6,9,7,4,4,1,1,10,2,3,3,3,3,8,8,8,8,3,8,8,8,3,3,3,3,3,8,8,8,8,3,2,3,3,2,2,3,3,3,3,3,8,3,2,2,3,3,3,3,3,3,3,2,5,5,5,3,3,3,3,3,6,9,7,3,3,3,5,3,3,3,3,3,3,3,3,3,3,4,4,3,3,3,3,1,1,1,1,1,1,1,1,10,10,10,10,10,10,10,10","0.000971078872680664","walktrap","edit-xhwikibooks.graphml"
"0.44","0.05","0.51","0.41042108469846","1,2,1,1,3,1,3,1,1,1,3,3,1,1,1,4,5,3,6,3,2,8,1,1,1,1,1,4,2,5,10,7,11,3,6,6,9,1,2,2,2,2,8,8,8,8,2,8,8,8,2,2,2,2,2,8,8,8,8,2,1,2,2,1,1,2,2,2,2,2,8,2,1,1,2,2,2,2,2,2,2,1,4,4,4,2,2,2,2,2,5,10,7,2,2,2,4,2,2,2,2,2,2,2,2,2,2,11,11,2,2,2,2,6,6,6,6,6,6,6,6,9,9,9,9,9,9,9,9","0.000787973403930664","walktrap","edit-xhwikibooks.graphml"
"0.43","0.06","0.51","0.41042108469846","1,2,1,1,3,1,3,1,1,1,3,3,1,1,1,4,5,3,6,3,2,8,1,1,1,1,1,4,2,5,10,7,11,3,6,6,9,1,2,2,2,2,8,8,8,8,2,8,8,8,2,2,2,2,2,8,8,8,8,2,1,2,2,1,1,2,2,2,2,2,8,2,1,1,2,2,2,2,2,2,2,1,4,4,4,2,2,2,2,2,5,10,7,2,2,2,4,2,2,2,2,2,2,2,2,2,2,11,11,2,2,2,2,6,6,6,6,6,6,6,6,9,9,9,9,9,9,9,9","0.000777006149291992","walktrap","edit-xhwikibooks.graphml"
"0.42","0.07","0.51","0.40894800659981","1,2,1,1,3,1,3,1,1,1,3,3,1,1,1,4,5,3,6,3,2,8,1,1,1,1,1,4,2,5,10,7,11,3,6,6,9,1,2,2,2,2,8,8,8,8,2,8,8,8,2,2,2,2,2,8,8,8,8,2,1,2,2,1,1,2,2,2,2,2,8,2,1,1,2,2,2,2,2,2,2,1,4,4,4,2,2,2,2,2,5,10,7,2,2,2,4,2,2,2,2,2,2,2,2,2,2,11,11,2,2,2,2,6,6,6,6,6,6,6,6,9,9,9,9,9,9,9,9","0.000808954238891602","walktrap","edit-xhwikibooks.graphml"
"0.41","0.08","0.51","0.409598454996702","1,2,1,1,3,1,3,1,1,1,3,3,1,1,1,4,5,3,6,3,2,10,1,1,1,1,1,4,2,5,9,7,11,3,6,6,8,1,2,2,2,2,10,10,10,10,2,10,10,10,2,2,2,2,2,10,10,10,10,2,1,2,2,1,1,2,2,2,2,2,10,2,1,1,2,2,2,2,2,2,2,1,4,4,4,2,2,2,2,2,5,9,7,2,2,2,4,2,2,2,2,2,2,2,2,2,2,11,11,2,2,2,2,6,6,6,6,6,6,6,6,8,8,8,8,8,8,8,8","0.000787973403930664","walktrap","edit-xhwikibooks.graphml"
"0.4","0.09","0.51","0.400683615132951","1,2,1,1,3,1,3,1,1,1,3,3,1,1,1,4,5,3,6,3,2,9,1,1,1,1,1,4,2,5,8,7,10,3,6,6,11,1,2,2,2,2,9,9,9,9,2,9,9,9,2,2,2,2,2,9,9,9,9,2,1,2,2,1,1,2,2,2,2,2,9,2,1,1,2,2,2,2,2,2,2,1,4,4,4,2,2,2,2,2,5,8,7,2,2,2,4,2,2,2,2,2,2,2,2,2,2,10,10,2,2,2,2,6,6,6,6,6,6,6,6,11,11,11,11,11,11,11,11","0.000816106796264648","walktrap","edit-xhwikibooks.graphml"
"0.39","0.1","0.51","0.400482822662935","1,2,1,1,3,1,3,1,1,1,3,3,1,1,1,4,5,3,6,3,2,10,1,1,1,1,1,4,2,5,8,7,9,3,6,6,11,1,2,2,2,2,10,10,10,10,2,10,10,10,2,2,2,2,2,10,10,10,10,2,1,2,2,1,1,2,2,2,2,2,10,2,1,1,2,2,2,2,2,2,2,1,4,4,4,2,2,2,2,2,5,8,7,2,2,2,4,2,2,2,2,2,2,2,2,2,2,9,9,2,2,2,2,6,6,6,6,6,6,6,6,11,11,11,11,11,11,11,11","0.00078892707824707","walktrap","edit-xhwikibooks.graphml"
"0.38","0.11","0.51","0.39836375267497","1,2,1,1,3,1,3,1,1,1,3,3,1,1,1,4,5,3,6,3,2,10,1,1,1,1,1,4,2,5,8,7,9,3,6,6,11,1,2,2,2,2,10,10,10,10,2,10,10,10,2,2,2,2,2,10,10,10,10,2,1,2,2,1,1,2,2,2,2,2,10,2,1,1,2,2,2,2,2,2,2,1,4,4,4,2,2,2,2,2,5,8,7,2,2,2,4,2,2,2,2,2,2,2,2,2,2,9,9,2,2,2,2,6,6,6,6,6,6,6,6,11,11,11,11,11,11,11,11","0.000796079635620117","walktrap","edit-xhwikibooks.graphml"
"0.37","0.12","0.51","0.399715430332309","1,2,1,1,3,1,3,1,1,1,3,3,1,1,1,4,5,3,7,3,2,10,1,1,1,1,1,4,2,5,8,6,9,3,7,7,11,1,2,2,2,2,10,10,10,10,2,10,10,10,2,2,2,2,2,10,10,10,10,2,1,2,2,1,1,2,2,2,2,2,10,2,1,1,2,2,2,2,2,2,2,1,4,4,4,2,2,2,2,2,5,8,6,2,2,2,4,2,2,2,2,2,2,2,2,2,2,9,9,2,2,2,2,7,7,7,7,7,7,7,7,11,11,11,11,11,11,11,11","0.000899076461791992","walktrap","edit-xhwikibooks.graphml"
"0.36","0.13","0.51","0.387387234737519","1,2,1,1,3,1,3,1,1,1,3,3,1,1,1,4,5,3,7,3,2,10,1,1,1,1,1,4,2,5,8,6,9,3,7,7,11,1,2,2,2,2,10,10,10,10,2,10,10,10,2,2,2,2,2,10,10,10,10,2,1,2,2,1,1,2,2,2,2,2,10,2,1,1,2,2,2,2,2,2,2,1,4,4,4,2,2,2,2,2,5,8,6,2,2,2,4,2,2,2,2,2,2,2,2,2,2,9,9,2,2,2,2,7,7,7,7,7,7,7,7,11,11,11,11,11,11,11,11","0.000809907913208008","walktrap","edit-xhwikibooks.graphml"
"0.35","0.14","0.51","0.387387234737519","1,2,1,1,3,1,3,1,1,1,3,3,1,1,1,4,5,3,7,3,2,10,1,1,1,1,1,4,2,5,8,6,9,3,7,7,11,1,2,2,2,2,10,10,10,10,2,10,10,10,2,2,2,2,2,10,10,10,10,2,1,2,2,1,1,2,2,2,2,2,10,2,1,1,2,2,2,2,2,2,2,1,4,4,4,2,2,2,2,2,5,8,6,2,2,2,4,2,2,2,2,2,2,2,2,2,2,9,9,2,2,2,2,7,7,7,7,7,7,7,7,11,11,11,11,11,11,11,11","0.000802040100097656","walktrap","edit-xhwikibooks.graphml"
"0.34","0.15","0.51","0.384426038106127","1,2,1,1,3,1,3,1,1,1,3,3,1,1,1,4,5,3,7,3,2,10,1,1,1,1,1,4,2,5,8,6,9,3,7,7,11,1,2,2,2,2,10,10,10,10,2,10,10,10,2,2,2,2,2,10,10,10,10,2,1,2,2,1,1,2,2,2,2,2,10,2,1,1,2,2,2,2,2,2,2,1,4,4,4,2,2,2,2,2,5,8,6,2,2,2,4,2,2,2,2,2,2,2,2,2,2,9,9,2,2,2,2,7,7,7,7,7,7,7,7,11,11,11,11,11,11,11,11","0.000790119171142578","walktrap","edit-xhwikibooks.graphml"
"0.33","0.16","0.51","0.385129131206749","1,2,1,1,3,1,3,1,1,1,3,3,1,1,1,4,5,3,7,3,2,10,1,1,1,1,1,4,2,5,8,6,9,3,7,7,11,1,2,2,2,2,10,10,10,10,2,10,10,10,2,2,2,2,2,10,10,10,10,2,1,2,2,1,1,2,2,2,2,2,10,2,1,1,2,2,2,2,2,2,2,1,4,4,4,2,2,2,2,2,5,8,6,2,2,2,4,2,2,2,2,2,2,2,2,2,2,9,9,2,2,2,2,7,7,7,7,7,7,7,7,11,11,11,11,11,11,11,11","0.000948905944824219","walktrap","edit-xhwikibooks.graphml"
"0.32","0.17","0.51","0.386657759957091","1,2,1,1,3,1,3,1,1,1,3,3,1,1,1,4,5,3,8,3,2,10,1,1,1,1,1,4,2,5,7,6,9,3,8,8,11,1,2,2,2,2,10,10,10,10,2,10,10,10,2,2,2,2,2,10,10,10,10,2,1,2,2,1,1,2,2,2,2,2,10,2,1,1,2,2,2,2,2,2,2,1,4,4,4,2,2,2,2,2,5,7,6,2,2,2,4,2,2,2,2,2,2,2,2,2,2,9,9,2,2,2,2,8,8,8,8,8,8,8,8,11,11,11,11,11,11,11,11","0.000775814056396484","walktrap","edit-xhwikibooks.graphml"
"0.31","0.18","0.51","0.386657759957091","1,2,1,1,3,1,3,1,1,1,3,3,1,1,1,4,5,3,8,3,2,10,1,1,1,1,1,4,2,5,7,6,9,3,8,8,11,1,2,2,2,2,10,10,10,10,2,10,10,10,2,2,2,2,2,10,10,10,10,2,1,2,2,1,1,2,2,2,2,2,10,2,1,1,2,2,2,2,2,2,2,1,4,4,4,2,2,2,2,2,5,7,6,2,2,2,4,2,2,2,2,2,2,2,2,2,2,9,9,2,2,2,2,8,8,8,8,8,8,8,8,11,11,11,11,11,11,11,11","0.000789880752563477","walktrap","edit-xhwikibooks.graphml"
"0.3","0.19","0.51","0.386458981922853","1,2,1,1,3,1,3,1,1,1,3,3,1,1,1,4,5,3,8,3,2,10,1,1,1,1,1,4,2,5,7,6,9,3,8,8,11,1,2,2,2,2,10,10,10,10,2,10,10,10,2,2,2,2,2,10,10,10,10,2,1,2,2,1,1,2,2,2,2,2,10,2,1,1,2,2,2,2,2,2,2,1,4,4,4,2,2,2,2,2,5,7,6,2,2,2,4,2,2,2,2,2,2,2,2,2,2,9,9,2,2,2,2,8,8,8,8,8,8,8,8,11,11,11,11,11,11,11,11","0.000773191452026367","walktrap","edit-xhwikibooks.graphml"
"0.29","0.2","0.51","0.387778157426077","1,2,1,1,3,1,3,1,1,1,3,3,1,1,1,4,5,3,8,3,2,10,1,1,1,1,1,4,2,5,7,6,9,3,8,8,11,1,2,2,2,2,10,10,10,10,2,10,10,10,2,2,2,2,2,10,10,10,10,2,1,2,2,1,1,2,2,2,2,2,10,2,1,1,2,2,2,2,2,2,2,1,4,4,4,2,2,2,2,2,5,7,6,2,2,2,4,2,2,2,2,2,2,2,2,2,2,9,9,2,2,2,2,8,8,8,8,8,8,8,8,11,11,11,11,11,11,11,11","0.000802040100097656","walktrap","edit-xhwikibooks.graphml"
"0.28","0.21","0.51","0.387579394002499","1,2,1,1,3,1,3,1,1,1,3,3,1,1,1,4,5,3,8,3,2,10,1,1,1,1,1,4,2,5,7,6,9,3,8,8,11,1,2,2,2,2,10,10,10,10,2,10,10,10,2,2,2,2,2,10,10,10,10,2,1,2,2,1,1,2,2,2,2,2,10,2,1,1,2,2,2,2,2,2,2,1,4,4,4,2,2,2,2,2,5,7,6,2,2,2,4,2,2,2,2,2,2,2,2,2,2,9,9,2,2,2,2,8,8,8,8,8,8,8,8,11,11,11,11,11,11,11,11","0.000823020935058594","walktrap","edit-xhwikibooks.graphml"
"0.27","0.22","0.51","0.387579394002499","1,2,1,1,3,1,3,1,1,1,3,3,1,1,1,4,5,3,8,3,2,10,1,1,1,1,1,4,2,5,7,6,9,3,8,8,11,1,2,2,2,2,10,10,10,10,2,10,10,10,2,2,2,2,2,10,10,10,10,2,1,2,2,1,1,2,2,2,2,2,10,2,1,1,2,2,2,2,2,2,2,1,4,4,4,2,2,2,2,2,5,7,6,2,2,2,4,2,2,2,2,2,2,2,2,2,2,9,9,2,2,2,2,8,8,8,8,8,8,8,8,11,11,11,11,11,11,11,11","0.000799894332885742","walktrap","edit-xhwikibooks.graphml"
"0.26","0.23","0.51","0.388779197752388","1,2,1,1,3,1,3,1,1,1,3,3,1,1,1,4,5,3,9,3,2,10,1,1,1,1,1,4,2,5,7,6,8,3,9,9,11,1,2,2,2,2,10,10,10,10,2,10,10,10,2,2,2,2,2,10,10,10,10,2,1,2,2,1,1,2,2,2,2,2,10,2,1,1,2,2,2,2,2,2,2,1,4,4,4,2,2,2,2,2,5,7,6,2,2,2,4,2,2,2,2,2,2,2,2,2,2,8,8,2,2,2,2,9,9,9,9,9,9,9,9,11,11,11,11,11,11,11,11","0.000952005386352539","walktrap","edit-xhwikibooks.graphml"
"0.25","0.24","0.51","0.389472819506763","1,2,1,1,3,1,3,1,1,1,3,3,1,1,1,4,5,3,9,3,2,10,1,1,1,1,1,4,2,5,7,6,8,3,9,9,11,1,2,2,2,2,10,10,10,10,2,10,10,10,2,2,2,2,2,10,10,10,10,2,1,2,2,1,1,2,2,2,2,2,10,2,1,1,2,2,2,2,2,2,2,1,4,4,4,2,2,2,2,2,5,7,6,2,2,2,4,2,2,2,2,2,2,2,2,2,2,8,8,2,2,2,2,9,9,9,9,9,9,9,9,11,11,11,11,11,11,11,11","0.000785112380981445","walktrap","edit-xhwikibooks.graphml"
"0.24","0.25","0.51","0.39132071491149","1,2,1,1,3,1,3,1,1,1,3,3,1,1,1,4,5,3,9,3,2,10,1,1,1,1,1,4,2,5,7,6,8,3,9,9,11,1,2,2,2,2,10,10,10,10,2,10,10,10,2,2,2,2,2,10,10,10,10,2,1,2,2,1,1,2,2,2,2,2,10,2,1,1,2,2,2,2,2,2,2,1,4,4,4,2,2,2,2,2,5,7,6,2,2,2,4,2,2,2,2,2,2,2,2,2,2,8,8,2,2,2,2,9,9,9,9,9,9,9,9,11,11,11,11,11,11,11,11","0.000790119171142578","walktrap","edit-xhwikibooks.graphml"
"0.23","0.26","0.51","0.39132071491149","1,2,1,1,3,1,3,1,1,1,3,3,1,1,1,4,5,3,9,3,2,10,1,1,1,1,1,4,2,5,7,6,8,3,9,9,11,1,2,2,2,2,10,10,10,10,2,10,10,10,2,2,2,2,2,10,10,10,10,2,1,2,2,1,1,2,2,2,2,2,10,2,1,1,2,2,2,2,2,2,2,1,4,4,4,2,2,2,2,2,5,7,6,2,2,2,4,2,2,2,2,2,2,2,2,2,2,8,8,2,2,2,2,9,9,9,9,9,9,9,9,11,11,11,11,11,11,11,11","0.000790119171142578","walktrap","edit-xhwikibooks.graphml"
"0.22","0.27","0.51","0.39132071491149","1,2,1,1,3,1,3,1,1,1,3,3,1,1,1,4,5,3,9,3,2,10,1,1,1,1,1,4,2,5,7,6,8,3,9,9,11,1,2,2,2,2,10,10,10,10,2,10,10,10,2,2,2,2,2,10,10,10,10,2,1,2,2,1,1,2,2,2,2,2,10,2,1,1,2,2,2,2,2,2,2,1,4,4,4,2,2,2,2,2,5,7,6,2,2,2,4,2,2,2,2,2,2,2,2,2,2,8,8,2,2,2,2,9,9,9,9,9,9,9,9,11,11,11,11,11,11,11,11","0.000874996185302734","walktrap","edit-xhwikibooks.graphml"
"0.21","0.28","0.51","0.391121740910175","1,2,1,1,3,1,3,1,1,1,3,3,1,1,1,4,5,3,9,3,2,10,1,1,1,1,1,4,2,5,7,6,8,3,9,9,11,1,2,2,2,2,10,10,10,10,2,10,10,10,2,2,2,2,2,10,10,10,10,2,1,2,2,1,1,2,2,2,2,2,10,2,1,1,2,2,2,2,2,2,2,1,4,4,4,2,2,2,2,2,5,7,6,2,2,2,4,2,2,2,2,2,2,2,2,2,2,8,8,2,2,2,2,9,9,9,9,9,9,9,9,11,11,11,11,11,11,11,11","0.00079798698425293","walktrap","edit-xhwikibooks.graphml"
"0.2","0.29","0.51","0.392429773134647","1,2,1,1,3,1,3,1,1,1,3,3,1,1,1,4,5,3,9,3,2,10,1,1,1,1,1,4,2,5,7,6,8,3,9,9,11,1,2,2,2,2,10,10,10,10,2,10,10,10,2,2,2,2,2,10,10,10,10,2,1,2,2,1,1,2,2,2,2,2,10,2,1,1,2,2,2,2,2,2,2,1,4,4,4,2,2,2,2,2,5,7,6,2,2,2,4,2,2,2,2,2,2,2,2,2,2,8,8,2,2,2,2,9,9,9,9,9,9,9,9,11,11,11,11,11,11,11,11","0.000841140747070312","walktrap","edit-xhwikibooks.graphml"
"0.19","0.3","0.51","0.392032040826369","1,2,1,1,3,1,3,1,1,1,3,3,1,1,1,4,5,3,9,3,2,10,1,1,1,1,1,4,2,5,7,6,8,3,9,9,11,1,2,2,2,2,10,10,10,10,2,10,10,10,2,2,2,2,2,10,10,10,10,2,1,2,2,1,1,2,2,2,2,2,10,2,1,1,2,2,2,2,2,2,2,1,4,4,4,2,2,2,2,2,5,7,6,2,2,2,4,2,2,2,2,2,2,2,2,2,2,8,8,2,2,2,2,9,9,9,9,9,9,9,9,11,11,11,11,11,11,11,11","0.000803947448730469","walktrap","edit-xhwikibooks.graphml"
"0.18","0.31","0.51","0.392716895670478","1,2,1,1,3,1,3,1,1,1,3,3,1,1,1,4,5,3,9,3,2,10,1,1,1,1,1,4,2,5,7,6,8,3,9,9,11,1,2,2,2,2,10,10,10,10,2,10,10,10,2,2,2,2,2,10,10,10,10,2,1,2,2,1,1,2,2,2,2,2,10,2,1,1,2,2,2,2,2,2,2,1,4,4,4,2,2,2,2,2,5,7,6,2,2,2,4,2,2,2,2,2,2,2,2,2,2,8,8,2,2,2,2,9,9,9,9,9,9,9,9,11,11,11,11,11,11,11,11","0.000854969024658203","walktrap","edit-xhwikibooks.graphml"
"0.17","0.32","0.51","0.39251818416538","1,2,1,1,3,1,3,1,1,1,3,3,1,1,1,4,5,3,9,3,2,10,1,1,1,1,1,4,2,5,7,6,8,3,9,9,11,1,2,2,2,2,10,10,10,10,2,10,10,10,2,2,2,2,2,10,10,10,10,2,1,2,2,1,1,2,2,2,2,2,10,2,1,1,2,2,2,2,2,2,2,1,4,4,4,2,2,2,2,2,5,7,6,2,2,2,4,2,2,2,2,2,2,2,2,2,2,8,8,2,2,2,2,9,9,9,9,9,9,9,9,11,11,11,11,11,11,11,11","0.000855207443237305","walktrap","edit-xhwikibooks.graphml"
"0.16","0.33","0.51","0.39251818416538","1,2,1,1,3,1,3,1,1,1,3,3,1,1,1,4,5,3,9,3,2,10,1,1,1,1,1,4,2,5,7,6,8,3,9,9,11,1,2,2,2,2,10,10,10,10,2,10,10,10,2,2,2,2,2,10,10,10,10,2,1,2,2,1,1,2,2,2,2,2,10,2,1,1,2,2,2,2,2,2,2,1,4,4,4,2,2,2,2,2,5,7,6,2,2,2,4,2,2,2,2,2,2,2,2,2,2,8,8,2,2,2,2,9,9,9,9,9,9,9,9,11,11,11,11,11,11,11,11","0.00083613395690918","walktrap","edit-xhwikibooks.graphml"
"0.15","0.34","0.51","0.401086072860162","1,3,1,1,1,2,1,2,2,2,1,1,2,2,2,4,5,1,9,1,3,10,2,2,2,2,2,4,3,5,7,6,8,1,9,9,11,2,3,3,3,3,10,10,10,10,3,10,10,10,3,3,3,3,3,10,10,10,10,3,2,3,3,2,2,3,3,3,3,3,10,3,2,2,3,3,3,3,3,3,3,2,4,4,4,3,3,3,3,3,5,7,6,3,3,3,4,3,3,3,3,3,3,3,3,3,3,8,8,3,3,3,3,9,9,9,9,9,9,9,9,11,11,11,11,11,11,11,11","0.000990867614746094","walktrap","edit-xhwikibooks.graphml"
"0.14","0.35","0.51","0.401086072860162","1,3,1,1,1,2,1,2,2,2,1,1,2,2,2,4,5,1,9,1,3,10,2,2,2,2,2,4,3,5,7,6,8,1,9,9,11,2,3,3,3,3,10,10,10,10,3,10,10,10,3,3,3,3,3,10,10,10,10,3,2,3,3,2,2,3,3,3,3,3,10,3,2,2,3,3,3,3,3,3,3,2,4,4,4,3,3,3,3,3,5,7,6,3,3,3,4,3,3,3,3,3,3,3,3,3,3,8,8,3,3,3,3,9,9,9,9,9,9,9,9,11,11,11,11,11,11,11,11","0.00080108642578125","walktrap","edit-xhwikibooks.graphml"
"0.13","0.36","0.51","0.400885716174235","1,3,1,1,1,2,1,2,2,2,1,1,2,2,2,4,5,1,9,1,3,10,2,2,2,2,2,4,3,5,7,6,8,1,9,9,11,2,3,3,3,3,10,10,10,10,3,10,10,10,3,3,3,3,3,10,10,10,10,3,2,3,3,2,2,3,3,3,3,3,10,3,2,2,3,3,3,3,3,3,3,2,4,4,4,3,3,3,3,3,5,7,6,3,3,3,4,3,3,3,3,3,3,3,3,3,3,8,8,3,3,3,3,9,9,9,9,9,9,9,9,11,11,11,11,11,11,11,11","0.000804901123046875","walktrap","edit-xhwikibooks.graphml"
"0.12","0.37","0.51","0.400885716174235","1,3,1,1,1,2,1,2,2,2,1,1,2,2,2,4,5,1,9,1,3,10,2,2,2,2,2,4,3,5,7,6,8,1,9,9,11,2,3,3,3,3,10,10,10,10,3,10,10,10,3,3,3,3,3,10,10,10,10,3,2,3,3,2,2,3,3,3,3,3,10,3,2,2,3,3,3,3,3,3,3,2,4,4,4,3,3,3,3,3,5,7,6,3,3,3,4,3,3,3,3,3,3,3,3,3,3,8,8,3,3,3,3,9,9,9,9,9,9,9,9,11,11,11,11,11,11,11,11","0.000814199447631836","walktrap","edit-xhwikibooks.graphml"
"0.11","0.38","0.51","0.400685546875","1,3,1,1,1,2,1,2,2,2,1,1,2,2,2,4,5,1,9,1,3,10,2,2,2,2,2,4,3,5,7,6,8,1,9,9,11,2,3,3,3,3,10,10,10,10,3,10,10,10,3,3,3,3,3,10,10,10,10,3,2,3,3,2,2,3,3,3,3,3,10,3,2,2,3,3,3,3,3,3,3,2,4,4,4,3,3,3,3,3,5,7,6,3,3,3,4,3,3,3,3,3,3,3,3,3,3,8,8,3,3,3,3,9,9,9,9,9,9,9,9,11,11,11,11,11,11,11,11","0.000793933868408203","walktrap","edit-xhwikibooks.graphml"
"0.1","0.39","0.51","0.4013504988489","1,3,1,1,1,2,1,2,2,2,1,1,2,2,2,4,5,1,9,1,3,10,2,2,2,2,2,4,3,5,7,6,8,1,9,9,11,2,3,3,3,3,10,10,10,10,3,10,10,10,3,3,3,3,3,10,10,10,10,3,2,3,3,2,2,3,3,3,3,3,10,3,2,2,3,3,3,3,3,3,3,2,4,4,4,3,3,3,3,3,5,7,6,3,3,3,4,3,3,3,3,3,3,3,3,3,3,8,8,3,3,3,3,9,9,9,9,9,9,9,9,11,11,11,11,11,11,11,11","0.000854969024658203","walktrap","edit-xhwikibooks.graphml"
"0.09","0.4","0.51","0.403082847743484","1,2,1,1,3,1,3,1,1,1,3,3,1,1,1,4,5,3,9,3,2,10,1,1,1,1,1,4,2,5,7,6,8,3,9,9,11,1,2,2,2,2,10,10,10,10,2,10,10,10,2,2,2,2,2,10,10,10,10,2,1,2,2,1,1,2,2,2,2,2,10,2,1,1,2,2,2,2,2,2,2,1,4,4,4,2,2,2,2,2,5,7,6,2,2,2,4,2,2,2,2,2,2,2,2,2,2,8,8,2,2,2,2,9,9,9,9,9,9,9,9,11,11,11,11,11,11,11,11","0.000789165496826172","walktrap","edit-xhwikibooks.graphml"
"0.08","0.41","0.51","0.403082847743484","1,2,1,1,3,1,3,1,1,1,3,3,1,1,1,4,5,3,9,3,2,10,1,1,1,1,1,4,2,5,7,6,8,3,9,9,11,1,2,2,2,2,10,10,10,10,2,10,10,10,2,2,2,2,2,10,10,10,10,2,1,2,2,1,1,2,2,2,2,2,10,2,1,1,2,2,2,2,2,2,2,1,4,4,4,2,2,2,2,2,5,7,6,2,2,2,4,2,2,2,2,2,2,2,2,2,2,8,8,2,2,2,2,9,9,9,9,9,9,9,9,11,11,11,11,11,11,11,11","0.000774860382080078","walktrap","edit-xhwikibooks.graphml"
"0.07","0.42","0.51","0.402883124193282","1,2,1,1,3,1,3,1,1,1,3,3,1,1,1,4,5,3,9,3,2,10,1,1,1,1,1,4,2,5,7,6,8,3,9,9,11,1,2,2,2,2,10,10,10,10,2,10,10,10,2,2,2,2,2,10,10,10,10,2,1,2,2,1,1,2,2,2,2,2,10,2,1,1,2,2,2,2,2,2,2,1,4,4,4,2,2,2,2,2,5,7,6,2,2,2,4,2,2,2,2,2,2,2,2,2,2,8,8,2,2,2,2,9,9,9,9,9,9,9,9,11,11,11,11,11,11,11,11","0.000803947448730469","walktrap","edit-xhwikibooks.graphml"
"0.06","0.43","0.51","0.404133828005897","1,2,1,1,3,1,3,1,1,1,3,3,1,1,1,4,5,3,9,3,2,10,1,1,1,1,1,4,2,5,7,6,8,3,9,9,11,1,2,2,2,2,10,10,10,10,2,10,10,10,2,2,2,2,2,10,10,10,10,2,1,2,2,1,1,2,2,2,2,2,10,2,1,1,2,2,2,2,2,2,2,1,4,4,4,2,2,2,2,2,5,7,6,2,2,2,4,2,2,2,2,2,2,2,2,2,2,8,8,2,2,2,2,9,9,9,9,9,9,9,9,11,11,11,11,11,11,11,11","0.000823020935058594","walktrap","edit-xhwikibooks.graphml"
"0.05","0.44","0.51","0.403934153857578","1,2,1,1,3,1,3,1,1,1,3,3,1,1,1,4,5,3,9,3,2,10,1,1,1,1,1,4,2,5,7,6,8,3,9,9,11,1,2,2,2,2,10,10,10,10,2,10,10,10,2,2,2,2,2,10,10,10,10,2,1,2,2,1,1,2,2,2,2,2,10,2,1,1,2,2,2,2,2,2,2,1,4,4,4,2,2,2,2,2,5,7,6,2,2,2,4,2,2,2,2,2,2,2,2,2,2,8,8,2,2,2,2,9,9,9,9,9,9,9,9,11,11,11,11,11,11,11,11","0.000846147537231445","walktrap","edit-xhwikibooks.graphml"
"0.04","0.45","0.51","0.405255198487713","1,2,1,1,3,1,3,1,1,1,3,3,1,1,1,4,5,3,9,3,2,10,1,1,1,1,1,4,2,5,7,6,8,3,9,9,11,1,2,2,2,2,10,10,10,10,2,10,10,10,2,2,2,2,2,10,10,10,10,2,1,2,2,1,1,2,2,2,2,2,10,2,1,1,2,2,2,2,2,2,2,1,4,4,4,2,2,2,2,2,5,7,6,2,2,2,4,2,2,2,2,2,2,2,2,2,2,8,8,2,2,2,2,9,9,9,9,9,9,9,9,11,11,11,11,11,11,11,11","0.000896930694580078","walktrap","edit-xhwikibooks.graphml"
"0.03","0.46","0.51","0.405055482539539","1,2,1,1,3,1,3,1,1,1,3,3,1,1,1,4,5,3,9,3,2,10,1,1,1,1,1,4,2,5,7,6,8,3,9,9,11,1,2,2,2,2,10,10,10,10,2,10,10,10,2,2,2,2,2,10,10,10,10,2,1,2,2,1,1,2,2,2,2,2,10,2,1,1,2,2,2,2,2,2,2,1,4,4,4,2,2,2,2,2,5,7,6,2,2,2,4,2,2,2,2,2,2,2,2,2,2,8,8,2,2,2,2,9,9,9,9,9,9,9,9,11,11,11,11,11,11,11,11","0.00080418586730957","walktrap","edit-xhwikibooks.graphml"
"0.02","0.47","0.51","0.405711429169566","1,2,1,1,3,1,3,1,1,1,3,3,1,1,1,4,5,3,9,3,2,10,1,1,1,1,1,4,2,5,7,6,8,3,9,9,11,1,2,2,2,2,10,10,10,10,2,10,10,10,2,2,2,2,2,10,10,10,10,2,1,2,2,1,1,2,2,2,2,2,10,2,1,1,2,2,2,2,2,2,2,1,4,4,4,2,2,2,2,2,5,7,6,2,2,2,4,2,2,2,2,2,2,2,2,2,2,8,8,2,2,2,2,9,9,9,9,9,9,9,9,11,11,11,11,11,11,11,11","0.000864028930664062","walktrap","edit-xhwikibooks.graphml"
"0.01","0.48","0.51","0.406122696541569","1,2,1,1,3,1,3,1,1,1,3,3,1,1,1,4,5,3,9,3,2,10,1,1,1,1,1,4,2,5,7,6,8,3,9,9,11,1,2,2,2,2,10,10,10,10,2,10,10,10,2,2,2,2,2,10,10,10,10,2,1,2,2,1,1,2,2,2,2,2,10,2,1,1,2,2,2,2,2,2,2,1,4,4,4,2,2,2,2,2,5,7,6,2,2,2,4,2,2,2,2,2,2,2,2,2,2,8,8,2,2,2,2,9,9,9,9,9,9,9,9,11,11,11,11,11,11,11,11","0.000833988189697266","walktrap","edit-xhwikibooks.graphml"
"0","0.49","0.51","0.407495237006554","1,10,1,1,2,1,2,1,1,1,2,2,1,1,1,3,4,2,8,2,10,9,1,1,1,1,1,3,1,4,6,5,7,2,8,8,11,1,10,10,10,10,9,9,9,9,10,9,9,9,10,10,10,10,10,9,9,9,9,10,1,10,10,1,1,10,10,10,10,10,9,10,1,1,10,10,10,10,10,10,10,1,3,3,3,1,10,10,10,10,4,6,5,10,10,10,3,10,10,10,10,10,10,10,10,10,10,7,7,10,10,10,10,8,8,8,8,8,8,8,8,11,11,11,11,11,11,11,11","0.000845909118652344","walktrap","edit-xhwikibooks.graphml"
"0.48","0","0.52","0.406347841776249","1,2,1,1,4,1,4,1,1,3,4,4,1,1,1,5,3,6,7,4,2,9,1,1,1,1,1,5,2,3,6,8,11,4,7,7,10,1,2,2,2,2,9,9,9,9,2,9,9,9,2,2,2,2,2,9,9,9,9,2,1,2,2,1,1,2,2,2,2,2,9,2,1,1,2,2,2,2,2,2,2,1,5,5,5,2,2,2,2,2,3,6,8,2,2,2,5,2,2,2,2,2,2,2,2,2,2,11,11,2,2,2,2,7,7,7,7,7,7,7,7,10,10,10,10,10,10,10,10","0.00101399421691895","walktrap","edit-xhwikibooks.graphml"
"0.47","0.01","0.52","0.406347841776249","1,2,1,1,4,1,4,1,1,3,4,4,1,1,1,5,3,6,7,4,2,9,1,1,1,1,1,5,2,3,6,8,11,4,7,7,10,1,2,2,2,2,9,9,9,9,2,9,9,9,2,2,2,2,2,9,9,9,9,2,1,2,2,1,1,2,2,2,2,2,9,2,1,1,2,2,2,2,2,2,2,1,5,5,5,2,2,2,2,2,3,6,8,2,2,2,5,2,2,2,2,2,2,2,2,2,2,11,11,2,2,2,2,7,7,7,7,7,7,7,7,10,10,10,10,10,10,10,10","0.000831842422485352","walktrap","edit-xhwikibooks.graphml"
"0.46","0.02","0.52","0.406347841776249","1,2,1,1,4,1,4,1,1,3,4,4,1,1,1,5,3,6,7,4,2,9,1,1,1,1,1,5,2,3,6,8,11,4,7,7,10,1,2,2,2,2,9,9,9,9,2,9,9,9,2,2,2,2,2,9,9,9,9,2,1,2,2,1,1,2,2,2,2,2,9,2,1,1,2,2,2,2,2,2,2,1,5,5,5,2,2,2,2,2,3,6,8,2,2,2,5,2,2,2,2,2,2,2,2,2,2,11,11,2,2,2,2,7,7,7,7,7,7,7,7,10,10,10,10,10,10,10,10","0.000832080841064453","walktrap","edit-xhwikibooks.graphml"
"0.45","0.03","0.52","0.406153818598129","1,2,1,1,4,1,4,1,1,3,4,4,1,1,1,5,3,6,7,4,2,9,1,1,1,1,1,5,2,3,6,8,11,4,7,7,10,1,2,2,2,2,9,9,9,9,2,9,9,9,2,2,2,2,2,9,9,9,9,2,1,2,2,1,1,2,2,2,2,2,9,2,1,1,2,2,2,2,2,2,2,1,5,5,5,2,2,2,2,2,3,6,8,2,2,2,5,2,2,2,2,2,2,2,2,2,2,11,11,2,2,2,2,7,7,7,7,7,7,7,7,10,10,10,10,10,10,10,10","0.000843048095703125","walktrap","edit-xhwikibooks.graphml"
"0.44","0.04","0.52","0.406153818598129","1,2,1,1,4,1,4,1,1,3,4,4,1,1,1,5,3,6,7,4,2,9,1,1,1,1,1,5,2,3,6,8,11,4,7,7,10,1,2,2,2,2,9,9,9,9,2,9,9,9,2,2,2,2,2,9,9,9,9,2,1,2,2,1,1,2,2,2,2,2,9,2,1,1,2,2,2,2,2,2,2,1,5,5,5,2,2,2,2,2,3,6,8,2,2,2,5,2,2,2,2,2,2,2,2,2,2,11,11,2,2,2,2,7,7,7,7,7,7,7,7,10,10,10,10,10,10,10,10","0.000838041305541992","walktrap","edit-xhwikibooks.graphml"
"0.43","0.05","0.52","0.403408505095112","2,3,2,2,1,2,1,2,2,2,1,4,2,2,2,5,6,1,1,4,3,8,2,2,2,2,2,5,3,6,9,7,4,4,1,1,10,2,3,3,3,3,8,8,8,8,3,8,8,8,3,3,3,3,3,8,8,8,8,3,2,3,3,2,2,3,3,3,3,3,8,3,2,2,3,3,3,3,3,3,3,2,5,5,5,3,3,3,3,3,6,9,7,3,3,3,5,3,3,3,3,3,3,3,3,3,3,4,4,3,3,3,3,1,1,1,1,1,1,1,1,10,10,10,10,10,10,10,10","0.000885963439941406","walktrap","edit-xhwikibooks.graphml"
"0.42","0.06","0.52","0.403408505095112","2,3,2,2,1,2,1,2,2,2,1,4,2,2,2,5,6,1,1,4,3,8,2,2,2,2,2,5,3,6,9,7,4,4,1,1,10,2,3,3,3,3,8,8,8,8,3,8,8,8,3,3,3,3,3,8,8,8,8,3,2,3,3,2,2,3,3,3,3,3,8,3,2,2,3,3,3,3,3,3,3,2,5,5,5,3,3,3,3,3,6,9,7,3,3,3,5,3,3,3,3,3,3,3,3,3,3,4,4,3,3,3,3,1,1,1,1,1,1,1,1,10,10,10,10,10,10,10,10","0.00135302543640137","walktrap","edit-xhwikibooks.graphml"
"0.41","0.07","0.52","0.403214501372302","2,3,2,2,1,2,1,2,2,2,1,4,2,2,2,5,6,1,1,4,3,8,2,2,2,2,2,5,3,6,9,7,4,4,1,1,10,2,3,3,3,3,8,8,8,8,3,8,8,8,3,3,3,3,3,8,8,8,8,3,2,3,3,2,2,3,3,3,3,3,8,3,2,2,3,3,3,3,3,3,3,2,5,5,5,3,3,3,3,3,6,9,7,3,3,3,5,3,3,3,3,3,3,3,3,3,3,4,4,3,3,3,3,1,1,1,1,1,1,1,1,10,10,10,10,10,10,10,10","0.00136399269104004","walktrap","edit-xhwikibooks.graphml"
"0.4","0.08","0.52","0.40385418613593","2,3,2,2,1,2,1,2,2,2,1,4,2,2,2,5,6,1,1,4,3,10,2,2,2,2,2,5,3,6,8,7,4,4,1,1,9,2,3,3,3,3,10,10,10,10,3,10,10,10,3,3,3,3,3,10,10,10,10,3,2,3,3,2,2,3,3,3,3,3,10,3,2,2,3,3,3,3,3,3,3,2,5,5,5,3,3,3,3,3,6,8,7,3,3,3,5,3,3,3,3,3,3,3,3,3,3,4,4,3,3,3,3,1,1,1,1,1,1,1,1,9,9,9,9,9,9,9,9","0.00150895118713379","walktrap","edit-xhwikibooks.graphml"
"0.39","0.09","0.52","0.40135789580658","1,2,1,1,3,1,3,1,1,1,3,3,1,1,1,4,5,3,6,3,2,11,1,1,1,1,1,4,2,5,9,7,10,3,6,6,8,1,2,2,2,2,11,11,11,11,2,11,11,11,2,2,2,2,2,11,11,11,11,2,1,2,2,1,1,2,2,2,2,2,11,2,1,1,2,2,2,2,2,2,2,1,4,4,4,2,2,2,2,2,5,9,7,2,2,2,4,2,2,2,2,2,2,2,2,2,2,10,10,2,2,2,2,6,6,6,6,6,6,6,6,8,8,8,8,8,8,8,8","0.000993013381958008","walktrap","edit-xhwikibooks.graphml"
"0.38","0.1","0.52","0.401164168373124","1,2,1,1,3,1,3,1,1,1,3,3,1,1,1,4,5,3,6,3,2,11,1,1,1,1,1,4,2,5,9,7,10,3,6,6,8,1,2,2,2,2,11,11,11,11,2,11,11,11,2,2,2,2,2,11,11,11,11,2,1,2,2,1,1,2,2,2,2,2,11,2,1,1,2,2,2,2,2,2,2,1,4,4,4,2,2,2,2,2,5,9,7,2,2,2,4,2,2,2,2,2,2,2,2,2,2,10,10,2,2,2,2,6,6,6,6,6,6,6,6,8,8,8,8,8,8,8,8","0.000904083251953125","walktrap","edit-xhwikibooks.graphml"
"0.37","0.11","0.52","0.40097061537435","1,2,1,1,3,1,3,1,1,1,3,3,1,1,1,4,5,3,6,3,2,11,1,1,1,1,1,4,2,5,9,7,10,3,6,6,8,1,2,2,2,2,11,11,11,11,2,11,11,11,2,2,2,2,2,11,11,11,11,2,1,2,2,1,1,2,2,2,2,2,11,2,1,1,2,2,2,2,2,2,2,1,4,4,4,2,2,2,2,2,5,9,7,2,2,2,4,2,2,2,2,2,2,2,2,2,2,10,10,2,2,2,2,6,6,6,6,6,6,6,6,8,8,8,8,8,8,8,8","0.000876903533935547","walktrap","edit-xhwikibooks.graphml"
"0.36","0.12","0.52","0.402259524029301","1,2,1,1,3,1,3,1,1,1,3,3,1,1,1,4,5,3,7,3,2,10,1,1,1,1,1,4,2,5,8,6,9,3,7,7,11,1,2,2,2,2,10,10,10,10,2,10,10,10,2,2,2,2,2,10,10,10,10,2,1,2,2,1,1,2,2,2,2,2,10,2,1,1,2,2,2,2,2,2,2,1,4,4,4,2,2,2,2,2,5,8,6,2,2,2,4,2,2,2,2,2,2,2,2,2,2,9,9,2,2,2,2,7,7,7,7,7,7,7,7,11,11,11,11,11,11,11,11","0.000869035720825195","walktrap","edit-xhwikibooks.graphml"
"0.35","0.13","0.52","0.400796981798704","1,2,1,1,3,1,3,1,1,1,3,3,1,1,1,4,5,3,7,3,2,10,1,1,1,1,1,4,2,5,8,6,9,3,7,7,11,1,2,2,2,2,10,10,10,10,2,10,10,10,2,2,2,2,2,10,10,10,10,2,1,2,2,1,1,2,2,2,2,2,10,2,1,1,2,2,2,2,2,2,2,1,4,4,4,2,2,2,2,2,5,8,6,2,2,2,4,2,2,2,2,2,2,2,2,2,2,9,9,2,2,2,2,7,7,7,7,7,7,7,7,11,11,11,11,11,11,11,11","0.000886917114257812","walktrap","edit-xhwikibooks.graphml"
"0.34","0.14","0.52","0.400796981798704","1,2,1,1,3,1,3,1,1,1,3,3,1,1,1,4,5,3,7,3,2,10,1,1,1,1,1,4,2,5,8,6,9,3,7,7,11,1,2,2,2,2,10,10,10,10,2,10,10,10,2,2,2,2,2,10,10,10,10,2,1,2,2,1,1,2,2,2,2,2,10,2,1,1,2,2,2,2,2,2,2,1,4,4,4,2,2,2,2,2,5,8,6,2,2,2,4,2,2,2,2,2,2,2,2,2,2,9,9,2,2,2,2,7,7,7,7,7,7,7,7,11,11,11,11,11,11,11,11","0.000880002975463867","walktrap","edit-xhwikibooks.graphml"
"0.33","0.15","0.52","0.401830486685032","1,2,1,1,3,1,3,1,1,1,3,3,1,1,1,4,5,3,7,3,2,10,1,1,1,1,1,4,2,5,8,6,9,3,7,7,11,1,2,2,2,2,10,10,10,10,2,10,10,10,2,2,2,2,2,10,10,10,10,2,1,2,2,1,1,2,2,2,2,2,10,2,1,1,2,2,2,2,2,2,2,1,4,4,4,2,2,2,2,2,5,8,6,2,2,2,4,2,2,2,2,2,2,2,2,2,2,9,9,2,2,2,2,7,7,7,7,7,7,7,7,11,11,11,11,11,11,11,11","0.000898122787475586","walktrap","edit-xhwikibooks.graphml"
"0.32","0.16","0.52","0.403077530207717","1,2,1,1,3,1,3,1,1,1,3,3,1,1,1,4,5,3,7,3,2,10,1,1,1,1,1,4,2,5,8,6,9,3,7,7,11,1,2,2,2,2,10,10,10,10,2,10,10,10,2,2,2,2,2,10,10,10,10,2,1,2,2,1,1,2,2,2,2,2,10,2,1,1,2,2,2,2,2,2,2,1,4,4,4,2,2,2,2,2,5,8,6,2,2,2,4,2,2,2,2,2,2,2,2,2,2,9,9,2,2,2,2,7,7,7,7,7,7,7,7,11,11,11,11,11,11,11,11","0.000884056091308594","walktrap","edit-xhwikibooks.graphml"
"0.31","0.17","0.52","0.394982362755725","1,2,1,1,3,1,3,1,1,1,3,3,1,1,1,4,5,3,7,3,2,10,1,1,1,1,1,4,2,5,8,6,9,3,7,7,11,1,2,2,2,2,10,10,10,10,2,10,10,10,2,2,2,2,2,10,10,10,10,2,1,2,2,1,1,2,2,2,2,2,10,2,1,1,2,2,2,2,2,2,2,1,4,4,4,2,2,2,2,2,5,8,6,2,2,2,4,2,2,2,2,2,2,2,2,2,2,9,9,2,2,2,2,7,7,7,7,7,7,7,7,11,11,11,11,11,11,11,11","0.000921010971069336","walktrap","edit-xhwikibooks.graphml"
"0.3","0.18","0.52","0.394982362755725","1,2,1,1,3,1,3,1,1,1,3,3,1,1,1,4,5,3,7,3,2,10,1,1,1,1,1,4,2,5,8,6,9,3,7,7,11,1,2,2,2,2,10,10,10,10,2,10,10,10,2,2,2,2,2,10,10,10,10,2,1,2,2,1,1,2,2,2,2,2,10,2,1,1,2,2,2,2,2,2,2,1,4,4,4,2,2,2,2,2,5,8,6,2,2,2,4,2,2,2,2,2,2,2,2,2,2,9,9,2,2,2,2,7,7,7,7,7,7,7,7,11,11,11,11,11,11,11,11","0.000795125961303711","walktrap","edit-xhwikibooks.graphml"
"0.29","0.19","0.52","0.394790339163345","1,2,1,1,3,1,3,1,1,1,3,3,1,1,1,4,5,3,7,3,2,10,1,1,1,1,1,4,2,5,8,6,9,3,7,7,11,1,2,2,2,2,10,10,10,10,2,10,10,10,2,2,2,2,2,10,10,10,10,2,1,2,2,1,1,2,2,2,2,2,10,2,1,1,2,2,2,2,2,2,2,1,4,4,4,2,2,2,2,2,5,8,6,2,2,2,4,2,2,2,2,2,2,2,2,2,2,9,9,2,2,2,2,7,7,7,7,7,7,7,7,11,11,11,11,11,11,11,11","0.000817060470581055","walktrap","edit-xhwikibooks.graphml"
"0.28","0.2","0.52","0.396031835887782","1,2,1,1,3,1,3,1,1,1,3,3,1,1,1,4,5,3,7,3,2,10,1,1,1,1,1,4,2,5,8,6,9,3,7,7,11,1,2,2,2,2,10,10,10,10,2,10,10,10,2,2,2,2,2,10,10,10,10,2,1,2,2,1,1,2,2,2,2,2,10,2,1,1,2,2,2,2,2,2,2,1,4,4,4,2,2,2,2,2,5,8,6,2,2,2,4,2,2,2,2,2,2,2,2,2,2,9,9,2,2,2,2,7,7,7,7,7,7,7,7,11,11,11,11,11,11,11,11","0.000816822052001953","walktrap","edit-xhwikibooks.graphml"
"0.27","0.21","0.52","0.393971768779644","1,2,1,1,3,1,3,1,1,1,3,3,1,1,1,4,5,3,7,3,2,10,1,1,1,1,1,4,2,5,8,6,9,3,7,7,11,1,2,2,2,2,10,10,10,10,2,10,10,10,2,2,2,2,2,10,10,10,10,2,1,2,2,1,1,2,2,2,2,2,10,2,1,1,2,2,2,2,2,2,2,1,4,4,4,2,2,2,2,2,5,8,6,2,2,2,4,2,2,2,2,2,2,2,2,2,2,9,9,2,2,2,2,7,7,7,7,7,7,7,7,11,11,11,11,11,11,11,11","0.000792980194091797","walktrap","edit-xhwikibooks.graphml"
"0.26","0.22","0.52","0.393971768779644","1,2,1,1,3,1,3,1,1,1,3,3,1,1,1,4,5,3,7,3,2,10,1,1,1,1,1,4,2,5,8,6,9,3,7,7,11,1,2,2,2,2,10,10,10,10,2,10,10,10,2,2,2,2,2,10,10,10,10,2,1,2,2,1,1,2,2,2,2,2,10,2,1,1,2,2,2,2,2,2,2,1,4,4,4,2,2,2,2,2,5,8,6,2,2,2,4,2,2,2,2,2,2,2,2,2,2,9,9,2,2,2,2,7,7,7,7,7,7,7,7,11,11,11,11,11,11,11,11","0.000825881958007812","walktrap","edit-xhwikibooks.graphml"
"0.25","0.23","0.52","0.395095204220212","1,2,1,1,3,1,3,1,1,1,3,3,1,1,1,4,5,3,9,3,2,10,1,1,1,1,1,4,2,5,7,6,8,3,9,9,11,1,2,2,2,2,10,10,10,10,2,10,10,10,2,2,2,2,2,10,10,10,10,2,1,2,2,1,1,2,2,2,2,2,10,2,1,1,2,2,2,2,2,2,2,1,4,4,4,2,2,2,2,2,5,7,6,2,2,2,4,2,2,2,2,2,2,2,2,2,2,8,8,2,2,2,2,9,9,9,9,9,9,9,9,11,11,11,11,11,11,11,11","0.000806808471679688","walktrap","edit-xhwikibooks.graphml"
"0.24","0.24","0.52","0.395743242943976","1,2,1,1,3,1,3,1,1,1,3,3,1,1,1,4,5,3,9,3,2,10,1,1,1,1,1,4,2,5,7,6,8,3,9,9,11,1,2,2,2,2,10,10,10,10,2,10,10,10,2,2,2,2,2,10,10,10,10,2,1,2,2,1,1,2,2,2,2,2,10,2,1,1,2,2,2,2,2,2,2,1,4,4,4,2,2,2,2,2,5,7,6,2,2,2,4,2,2,2,2,2,2,2,2,2,2,8,8,2,2,2,2,9,9,9,9,9,9,9,9,11,11,11,11,11,11,11,11","0.000777959823608398","walktrap","edit-xhwikibooks.graphml"
"0.23","0.25","0.52","0.385770823645636","1,2,1,1,3,1,3,1,1,1,3,3,1,1,1,4,5,3,9,3,2,10,1,1,1,1,1,4,2,5,7,6,8,3,9,9,11,1,2,2,2,2,10,10,10,10,2,10,10,10,2,2,2,2,2,10,10,10,10,2,1,2,2,1,1,2,2,2,2,2,10,2,1,1,2,2,2,2,2,2,2,1,4,4,4,2,2,2,2,2,5,7,6,2,2,2,4,2,2,2,2,2,2,2,2,2,2,8,8,2,2,2,2,9,9,9,9,9,9,9,9,11,11,11,11,11,11,11,11","0.000800132751464844","walktrap","edit-xhwikibooks.graphml"
"0.22","0.26","0.52","0.385770823645636","1,2,1,1,3,1,3,1,1,1,3,3,1,1,1,4,5,3,9,3,2,10,1,1,1,1,1,4,2,5,7,6,8,3,9,9,11,1,2,2,2,2,10,10,10,10,2,10,10,10,2,2,2,2,2,10,10,10,10,2,1,2,2,1,1,2,2,2,2,2,10,2,1,1,2,2,2,2,2,2,2,1,4,4,4,2,2,2,2,2,5,7,6,2,2,2,4,2,2,2,2,2,2,2,2,2,2,8,8,2,2,2,2,9,9,9,9,9,9,9,9,11,11,11,11,11,11,11,11","0.000808000564575195","walktrap","edit-xhwikibooks.graphml"
"0.21","0.27","0.52","0.385770823645636","1,2,1,1,3,1,3,1,1,1,3,3,1,1,1,4,5,3,9,3,2,10,1,1,1,1,1,4,2,5,7,6,8,3,9,9,11,1,2,2,2,2,10,10,10,10,2,10,10,10,2,2,2,2,2,10,10,10,10,2,1,2,2,1,1,2,2,2,2,2,10,2,1,1,2,2,2,2,2,2,2,1,4,4,4,2,2,2,2,2,5,7,6,2,2,2,4,2,2,2,2,2,2,2,2,2,2,8,8,2,2,2,2,9,9,9,9,9,9,9,9,11,11,11,11,11,11,11,11","0.000793933868408203","walktrap","edit-xhwikibooks.graphml"
"0.2","0.28","0.52","0.385580553452999","1,2,1,1,3,1,3,1,1,1,3,3,1,1,1,4,5,3,9,3,2,10,1,1,1,1,1,4,2,5,7,6,8,3,9,9,11,1,2,2,2,2,10,10,10,10,2,10,10,10,2,2,2,2,2,10,10,10,10,2,1,2,2,1,1,2,2,2,2,2,10,2,1,1,2,2,2,2,2,2,2,1,4,4,4,2,2,2,2,2,5,7,6,2,2,2,4,2,2,2,2,2,2,2,2,2,2,8,8,2,2,2,2,9,9,9,9,9,9,9,9,11,11,11,11,11,11,11,11","0.000808000564575195","walktrap","edit-xhwikibooks.graphml"
"0.19","0.29","0.52","0.382909181985464","1,2,1,1,3,1,3,1,1,1,3,3,1,1,1,4,5,3,9,3,2,10,1,1,1,1,1,4,2,5,7,6,8,3,9,9,11,1,2,2,2,2,10,10,10,10,2,10,10,10,2,2,2,2,2,10,10,10,10,2,1,2,2,1,1,2,2,2,2,2,10,2,1,1,2,2,2,2,2,2,2,1,4,4,4,2,2,2,2,2,5,7,6,2,2,2,4,2,2,2,2,2,2,2,2,2,2,8,8,2,2,2,2,9,9,9,9,9,9,9,9,11,11,11,11,11,11,11,11","0.000914096832275391","walktrap","edit-xhwikibooks.graphml"
"0.18","0.3","0.52","0.38252951322353","1,2,1,1,3,1,3,1,1,1,3,3,1,1,1,4,5,3,9,3,2,10,1,1,1,1,1,4,2,5,7,6,8,3,9,9,11,1,2,2,2,2,10,10,10,10,2,10,10,10,2,2,2,2,2,10,10,10,10,2,1,2,2,1,1,2,2,2,2,2,10,2,1,1,2,2,2,2,2,2,2,1,4,4,4,2,2,2,2,2,5,7,6,2,2,2,4,2,2,2,2,2,2,2,2,2,2,8,8,2,2,2,2,9,9,9,9,9,9,9,9,11,11,11,11,11,11,11,11","0.00082087516784668","walktrap","edit-xhwikibooks.graphml"
"0.17","0.31","0.52","0.383207497459445","1,2,1,1,3,1,3,1,1,1,3,3,1,1,1,4,5,3,9,3,2,10,1,1,1,1,1,4,2,5,7,6,8,3,9,9,11,1,2,2,2,2,10,10,10,10,2,10,10,10,2,2,2,2,2,10,10,10,10,2,1,2,2,1,1,2,2,2,2,2,10,2,1,1,2,2,2,2,2,2,2,1,4,4,4,2,2,2,2,2,5,7,6,2,2,2,4,2,2,2,2,2,2,2,2,2,2,8,8,2,2,2,2,9,9,9,9,9,9,9,9,11,11,11,11,11,11,11,11","0.000816106796264648","walktrap","edit-xhwikibooks.graphml"
"0.16","0.32","0.52","0.383017794787609","1,2,1,1,3,1,3,1,1,1,3,3,1,1,1,4,5,3,9,3,2,10,1,1,1,1,1,4,2,5,7,6,8,3,9,9,11,1,2,2,2,2,10,10,10,10,2,10,10,10,2,2,2,2,2,10,10,10,10,2,1,2,2,1,1,2,2,2,2,2,10,2,1,1,2,2,2,2,2,2,2,1,4,4,4,2,2,2,2,2,5,7,6,2,2,2,4,2,2,2,2,2,2,2,2,2,2,8,8,2,2,2,2,9,9,9,9,9,9,9,9,11,11,11,11,11,11,11,11","0.000784873962402344","walktrap","edit-xhwikibooks.graphml"
"0.15","0.33","0.52","0.383387406375851","1,2,1,1,3,1,3,1,1,1,3,3,1,1,1,4,5,3,9,3,2,10,1,1,1,1,1,4,2,5,7,6,8,3,9,9,11,1,2,2,2,2,10,10,10,10,2,10,10,10,2,2,2,2,2,10,10,10,10,2,1,2,2,1,1,2,2,2,2,2,10,2,1,1,2,2,2,2,2,2,2,1,4,4,4,2,2,2,2,2,5,7,6,2,2,2,4,2,2,2,2,2,2,2,2,2,2,8,8,2,2,2,2,9,9,9,9,9,9,9,9,11,11,11,11,11,11,11,11","0.000802993774414062","walktrap","edit-xhwikibooks.graphml"
"0.14","0.34","0.52","0.391868146081429","1,3,1,1,1,2,1,2,2,2,1,1,2,2,2,4,5,1,9,1,3,10,2,2,2,2,2,4,3,5,7,6,8,1,9,9,11,2,3,3,3,3,10,10,10,10,3,10,10,10,3,3,3,3,3,10,10,10,10,3,2,3,3,2,2,3,3,3,3,3,10,3,2,2,3,3,3,3,3,3,3,2,4,4,4,3,3,3,3,3,5,7,6,3,3,3,4,3,3,3,3,3,3,3,3,3,3,8,8,3,3,3,3,9,9,9,9,9,9,9,9,11,11,11,11,11,11,11,11","0.000808000564575195","walktrap","edit-xhwikibooks.graphml"
"0.13","0.35","0.52","0.391868146081429","1,3,1,1,1,2,1,2,2,2,1,1,2,2,2,4,5,1,9,1,3,10,2,2,2,2,2,4,3,5,7,6,8,1,9,9,11,2,3,3,3,3,10,10,10,10,3,10,10,10,3,3,3,3,3,10,10,10,10,3,2,3,3,2,2,3,3,3,3,3,10,3,2,2,3,3,3,3,3,3,3,2,4,4,4,3,3,3,3,3,5,7,6,3,3,3,4,3,3,3,3,3,3,3,3,3,3,8,8,3,3,3,3,9,9,9,9,9,9,9,9,11,11,11,11,11,11,11,11","0.000802040100097656","walktrap","edit-xhwikibooks.graphml"
"0.12","0.36","0.52","0.391676349307353","1,3,1,1,1,2,1,2,2,2,1,1,2,2,2,4,5,1,9,1,3,10,2,2,2,2,2,4,3,5,7,6,8,1,9,9,11,2,3,3,3,3,10,10,10,10,3,10,10,10,3,3,3,3,3,10,10,10,10,3,2,3,3,2,2,3,3,3,3,3,10,3,2,2,3,3,3,3,3,3,3,2,4,4,4,3,3,3,3,3,5,7,6,3,3,3,4,3,3,3,3,3,3,3,3,3,3,8,8,3,3,3,3,9,9,9,9,9,9,9,9,11,11,11,11,11,11,11,11","0.000792026519775391","walktrap","edit-xhwikibooks.graphml"
"0.11","0.37","0.52","0.391676349307353","1,3,1,1,1,2,1,2,2,2,1,1,2,2,2,4,5,1,9,1,3,10,2,2,2,2,2,4,3,5,7,6,8,1,9,9,11,2,3,3,3,3,10,10,10,10,3,10,10,10,3,3,3,3,3,10,10,10,10,3,2,3,3,2,2,3,3,3,3,3,10,3,2,2,3,3,3,3,3,3,3,2,4,4,4,3,3,3,3,3,5,7,6,3,3,3,4,3,3,3,3,3,3,3,3,3,3,8,8,3,3,3,3,9,9,9,9,9,9,9,9,11,11,11,11,11,11,11,11","0.000768899917602539","walktrap","edit-xhwikibooks.graphml"
"0.1","0.38","0.52","0.391484729277238","1,3,1,1,1,2,1,2,2,2,1,1,2,2,2,4,5,1,9,1,3,10,2,2,2,2,2,4,3,5,7,6,8,1,9,9,11,2,3,3,3,3,10,10,10,10,3,10,10,10,3,3,3,3,3,10,10,10,10,3,2,3,3,2,2,3,3,3,3,3,10,3,2,2,3,3,3,3,3,3,3,2,4,4,4,3,3,3,3,3,5,7,6,3,3,3,4,3,3,3,3,3,3,3,3,3,3,8,8,3,3,3,3,9,9,9,9,9,9,9,9,11,11,11,11,11,11,11,11","0.000802993774414062","walktrap","edit-xhwikibooks.graphml"
"0.09","0.39","0.52","0.392144199500424","1,3,1,1,1,2,1,2,2,2,1,1,2,2,2,4,5,1,9,1,3,10,2,2,2,2,2,4,3,5,7,6,8,1,9,9,11,2,3,3,3,3,10,10,10,10,3,10,10,10,3,3,3,3,3,10,10,10,10,3,2,3,3,2,2,3,3,3,3,3,10,3,2,2,3,3,3,3,3,3,3,2,4,4,4,3,3,3,3,3,5,7,6,3,3,3,4,3,3,3,3,3,3,3,3,3,3,8,8,3,3,3,3,9,9,9,9,9,9,9,9,11,11,11,11,11,11,11,11","0.000782966613769531","walktrap","edit-xhwikibooks.graphml"
"0.08","0.4","0.52","0.393891923878522","1,2,1,1,3,1,3,1,1,1,3,3,1,1,1,4,5,3,9,3,2,10,1,1,1,1,1,4,2,5,7,6,8,3,9,9,11,1,2,2,2,2,10,10,10,10,2,10,10,10,2,2,2,2,2,10,10,10,10,2,1,2,2,1,1,2,2,2,2,2,10,2,1,1,2,2,2,2,2,2,2,1,4,4,4,2,2,2,2,2,5,7,6,2,2,2,4,2,2,2,2,2,2,2,2,2,2,8,8,2,2,2,2,9,9,9,9,9,9,9,9,11,11,11,11,11,11,11,11","0.000779151916503906","walktrap","edit-xhwikibooks.graphml"
"0.07","0.41","0.52","0.393891923878522","1,2,1,1,3,1,3,1,1,1,3,3,1,1,1,4,5,3,9,3,2,10,1,1,1,1,1,4,2,5,7,6,8,3,9,9,11,1,2,2,2,2,10,10,10,10,2,10,10,10,2,2,2,2,2,10,10,10,10,2,1,2,2,1,1,2,2,2,2,2,10,2,1,1,2,2,2,2,2,2,2,1,4,4,4,2,2,2,2,2,5,7,6,2,2,2,4,2,2,2,2,2,2,2,2,2,2,8,8,2,2,2,2,9,9,9,9,9,9,9,9,11,11,11,11,11,11,11,11","0.000834941864013672","walktrap","edit-xhwikibooks.graphml"
"0.06","0.42","0.52","0.393700643141485","1,2,1,1,3,1,3,1,1,1,3,3,1,1,1,4,5,3,9,3,2,10,1,1,1,1,1,4,2,5,7,6,8,3,9,9,11,1,2,2,2,2,10,10,10,10,2,10,10,10,2,2,2,2,2,10,10,10,10,2,1,2,2,1,1,2,2,2,2,2,10,2,1,1,2,2,2,2,2,2,2,1,4,4,4,2,2,2,2,2,5,7,6,2,2,2,4,2,2,2,2,2,2,2,2,2,2,8,8,2,2,2,2,9,9,9,9,9,9,9,9,11,11,11,11,11,11,11,11","0.000785112380981445","walktrap","edit-xhwikibooks.graphml"
"0.05","0.43","0.52","0.394944504473417","1,2,1,1,3,1,3,1,1,1,3,3,1,1,1,4,5,3,9,3,2,10,1,1,1,1,1,4,2,5,7,6,8,3,9,9,11,1,2,2,2,2,10,10,10,10,2,10,10,10,2,2,2,2,2,10,10,10,10,2,1,2,2,1,1,2,2,2,2,2,10,2,1,1,2,2,2,2,2,2,2,1,4,4,4,2,2,2,2,2,5,7,6,2,2,2,4,2,2,2,2,2,2,2,2,2,2,8,8,2,2,2,2,9,9,9,9,9,9,9,9,11,11,11,11,11,11,11,11","0.000773906707763672","walktrap","edit-xhwikibooks.graphml"
"0.04","0.44","0.52","0.394753242485921","1,2,1,1,3,1,3,1,1,1,3,3,1,1,1,4,5,3,9,3,2,10,1,1,1,1,1,4,2,5,7,6,8,3,9,9,11,1,2,2,2,2,10,10,10,10,2,10,10,10,2,2,2,2,2,10,10,10,10,2,1,2,2,1,1,2,2,2,2,2,10,2,1,1,2,2,2,2,2,2,2,1,4,4,4,2,2,2,2,2,5,7,6,2,2,2,4,2,2,2,2,2,2,2,2,2,2,8,8,2,2,2,2,9,9,9,9,9,9,9,9,11,11,11,11,11,11,11,11","0.000777959823608398","walktrap","edit-xhwikibooks.graphml"
"0.03","0.45","0.52","0.405055482539539","1,2,1,1,3,1,3,1,1,1,3,3,1,1,1,4,5,3,9,3,2,10,1,1,1,1,1,4,2,5,7,6,8,3,9,9,11,1,2,2,2,2,10,10,10,10,2,10,10,10,2,2,2,2,2,10,10,10,10,2,1,2,2,1,1,2,2,2,2,2,10,2,1,1,2,2,2,2,2,2,2,1,4,4,4,2,2,2,2,2,5,7,6,2,2,2,4,2,2,2,2,2,2,2,2,2,2,8,8,2,2,2,2,9,9,9,9,9,9,9,9,11,11,11,11,11,11,11,11","0.000782966613769531","walktrap","edit-xhwikibooks.graphml"
"0.02","0.46","0.52","0.405467971983677","1,2,1,1,3,1,3,1,1,1,3,3,1,1,1,4,5,3,9,3,2,10,1,1,1,1,1,4,2,5,7,6,8,3,9,9,11,1,2,2,2,2,10,10,10,10,2,10,10,10,2,2,2,2,2,10,10,10,10,2,1,2,2,1,1,2,2,2,2,2,10,2,1,1,2,2,2,2,2,2,2,1,4,4,4,2,2,2,2,2,5,7,6,2,2,2,4,2,2,2,2,2,2,2,2,2,2,8,8,2,2,2,2,9,9,9,9,9,9,9,9,11,11,11,11,11,11,11,11","0.000818014144897461","walktrap","edit-xhwikibooks.graphml"
"0.01","0.47","0.52","0.406122696541569","1,2,1,1,3,1,3,1,1,1,3,3,1,1,1,4,5,3,9,3,2,10,1,1,1,1,1,4,2,5,7,6,8,3,9,9,11,1,2,2,2,2,10,10,10,10,2,10,10,10,2,2,2,2,2,10,10,10,10,2,1,2,2,1,1,2,2,2,2,2,10,2,1,1,2,2,2,2,2,2,2,1,4,4,4,2,2,2,2,2,5,7,6,2,2,2,4,2,2,2,2,2,2,2,2,2,2,8,8,2,2,2,2,9,9,9,9,9,9,9,9,11,11,11,11,11,11,11,11","0.000823974609375","walktrap","edit-xhwikibooks.graphml"
"0","0.48","0.52","0.407099856930218","1,10,1,1,2,1,2,1,1,1,2,2,1,1,1,3,4,2,8,2,10,9,1,1,1,1,1,3,1,4,6,5,7,2,8,8,11,1,10,10,10,10,9,9,9,9,10,9,9,9,10,10,10,10,10,9,9,9,9,10,1,10,10,1,1,10,10,10,10,10,9,10,1,1,10,10,10,10,10,10,10,1,3,3,3,1,10,10,10,10,4,6,5,10,10,10,3,10,10,10,10,10,10,10,10,10,10,7,7,10,10,10,10,8,8,8,8,8,8,8,8,11,11,11,11,11,11,11,11","0.00083613395690918","walktrap","edit-xhwikibooks.graphml"
"0.47","0","0.53","0.405959967506686","1,2,1,1,4,1,4,1,1,3,4,4,1,1,1,5,3,6,7,4,2,9,1,1,1,1,1,5,2,3,6,8,11,4,7,7,10,1,2,2,2,2,9,9,9,9,2,9,9,9,2,2,2,2,2,9,9,9,9,2,1,2,2,1,1,2,2,2,2,2,9,2,1,1,2,2,2,2,2,2,2,1,5,5,5,2,2,2,2,2,3,6,8,2,2,2,5,2,2,2,2,2,2,2,2,2,2,11,11,2,2,2,2,7,7,7,7,7,7,7,7,10,10,10,10,10,10,10,10","0.000840187072753906","walktrap","edit-xhwikibooks.graphml"
"0.46","0.01","0.53","0.405959967506686","1,2,1,1,4,1,4,1,1,3,4,4,1,1,1,5,3,6,7,4,2,9,1,1,1,1,1,5,2,3,6,8,11,4,7,7,10,1,2,2,2,2,9,9,9,9,2,9,9,9,2,2,2,2,2,9,9,9,9,2,1,2,2,1,1,2,2,2,2,2,9,2,1,1,2,2,2,2,2,2,2,1,5,5,5,2,2,2,2,2,3,6,8,2,2,2,5,2,2,2,2,2,2,2,2,2,2,11,11,2,2,2,2,7,7,7,7,7,7,7,7,10,10,10,10,10,10,10,10","0.000823020935058594","walktrap","edit-xhwikibooks.graphml"
"0.45","0.02","0.53","0.405959967506686","1,2,1,1,4,1,4,1,1,3,4,4,1,1,1,5,3,6,7,4,2,9,1,1,1,1,1,5,2,3,6,8,11,4,7,7,10,1,2,2,2,2,9,9,9,9,2,9,9,9,2,2,2,2,2,9,9,9,9,2,1,2,2,1,1,2,2,2,2,2,9,2,1,1,2,2,2,2,2,2,2,1,5,5,5,2,2,2,2,2,3,6,8,2,2,2,5,2,2,2,2,2,2,2,2,2,2,11,11,2,2,2,2,7,7,7,7,7,7,7,7,10,10,10,10,10,10,10,10","0.000816106796264648","walktrap","edit-xhwikibooks.graphml"
"0.44","0.03","0.53","0.405766288303111","1,2,1,1,4,1,4,1,1,3,4,4,1,1,1,5,3,6,7,4,2,9,1,1,1,1,1,5,2,3,6,8,11,4,7,7,10,1,2,2,2,2,9,9,9,9,2,9,9,9,2,2,2,2,2,9,9,9,9,2,1,2,2,1,1,2,2,2,2,2,9,2,1,1,2,2,2,2,2,2,2,1,5,5,5,2,2,2,2,2,3,6,8,2,2,2,5,2,2,2,2,2,2,2,2,2,2,11,11,2,2,2,2,7,7,7,7,7,7,7,7,10,10,10,10,10,10,10,10","0.000806093215942383","walktrap","edit-xhwikibooks.graphml"
"0.43","0.04","0.53","0.405959967506686","1,2,1,1,4,1,4,1,1,3,4,4,1,1,1,5,3,6,7,4,2,9,1,1,1,1,1,5,2,3,6,8,11,4,7,7,10,1,2,2,2,2,9,9,9,9,2,9,9,9,2,2,2,2,2,9,9,9,9,2,1,2,2,1,1,2,2,2,2,2,9,2,1,1,2,2,2,2,2,2,2,1,5,5,5,2,2,2,2,2,3,6,8,2,2,2,5,2,2,2,2,2,2,2,2,2,2,11,11,2,2,2,2,7,7,7,7,7,7,7,7,10,10,10,10,10,10,10,10","0.000934123992919922","walktrap","edit-xhwikibooks.graphml"
"0.42","0.05","0.53","0.405766288303111","1,2,1,1,4,1,4,1,1,3,4,4,1,1,1,5,3,6,7,4,2,9,1,1,1,1,1,5,2,3,6,8,11,4,7,7,10,1,2,2,2,2,9,9,9,9,2,9,9,9,2,2,2,2,2,9,9,9,9,2,1,2,2,1,1,2,2,2,2,2,9,2,1,1,2,2,2,2,2,2,2,1,5,5,5,2,2,2,2,2,3,6,8,2,2,2,5,2,2,2,2,2,2,2,2,2,2,11,11,2,2,2,2,7,7,7,7,7,7,7,7,10,10,10,10,10,10,10,10","0.000784873962402344","walktrap","edit-xhwikibooks.graphml"
"0.41","0.06","0.53","0.405766288303111","1,2,1,1,4,1,4,1,1,3,4,4,1,1,1,5,3,6,7,4,2,9,1,1,1,1,1,5,2,3,6,8,11,4,7,7,10,1,2,2,2,2,9,9,9,9,2,9,9,9,2,2,2,2,2,9,9,9,9,2,1,2,2,1,1,2,2,2,2,2,9,2,1,1,2,2,2,2,2,2,2,1,5,5,5,2,2,2,2,2,3,6,8,2,2,2,5,2,2,2,2,2,2,2,2,2,2,11,11,2,2,2,2,7,7,7,7,7,7,7,7,10,10,10,10,10,10,10,10","0.000791072845458984","walktrap","edit-xhwikibooks.graphml"
"0.4","0.07","0.53","0.403020671243072","2,3,2,2,1,2,1,2,2,2,1,4,2,2,2,5,6,1,1,4,3,8,2,2,2,2,2,5,3,6,9,7,4,4,1,1,10,2,3,3,3,3,8,8,8,8,3,8,8,8,3,3,3,3,3,8,8,8,8,3,2,3,3,2,2,3,3,3,3,3,8,3,2,2,3,3,3,3,3,3,3,2,5,5,5,3,3,3,3,3,6,9,7,3,3,3,5,3,3,3,3,3,3,3,3,3,3,4,4,3,3,3,3,1,1,1,1,1,1,1,1,10,10,10,10,10,10,10,10","0.000782966613769531","walktrap","edit-xhwikibooks.graphml"
"0.39","0.08","0.53","0.403660254559808","2,3,2,2,1,2,1,2,2,2,1,4,2,2,2,5,6,1,1,4,3,10,2,2,2,2,2,5,3,6,8,7,4,4,1,1,9,2,3,3,3,3,10,10,10,10,3,10,10,10,3,3,3,3,3,10,10,10,10,3,2,3,3,2,2,3,3,3,3,3,10,3,2,2,3,3,3,3,3,3,3,2,5,5,5,3,3,3,3,3,6,8,7,3,3,3,5,3,3,3,3,3,3,3,3,3,3,4,4,3,3,3,3,1,1,1,1,1,1,1,1,9,9,9,9,9,9,9,9","0.000823020935058594","walktrap","edit-xhwikibooks.graphml"
"0.38","0.09","0.53","0.403466496224442","2,3,2,2,1,2,1,2,2,2,1,4,2,2,2,5,6,1,1,4,3,10,2,2,2,2,2,5,3,6,8,7,4,4,1,1,9,2,3,3,3,3,10,10,10,10,3,10,10,10,3,3,3,3,3,10,10,10,10,3,2,3,3,2,2,3,3,3,3,3,10,3,2,2,3,3,3,3,3,3,3,2,5,5,5,3,3,3,3,3,6,8,7,3,3,3,5,3,3,3,3,3,3,3,3,3,3,4,4,3,3,3,3,1,1,1,1,1,1,1,1,9,9,9,9,9,9,9,9","0.000810146331787109","walktrap","edit-xhwikibooks.graphml"
"0.37","0.1","0.53","0.403272910927456","2,3,2,2,1,2,1,2,2,2,1,4,2,2,2,5,6,1,1,4,3,10,2,2,2,2,2,5,3,6,8,7,4,4,1,1,9,2,3,3,3,3,10,10,10,10,3,10,10,10,3,3,3,3,3,10,10,10,10,3,2,3,3,2,2,3,3,3,3,3,10,3,2,2,3,3,3,3,3,3,3,2,5,5,5,3,3,3,3,3,6,8,7,3,3,3,5,3,3,3,3,3,3,3,3,3,3,4,4,3,3,3,3,1,1,1,1,1,1,1,1,9,9,9,9,9,9,9,9","0.000815868377685547","walktrap","edit-xhwikibooks.graphml"
"0.36","0.11","0.53","0.403079498466689","2,3,2,2,1,2,1,2,2,2,1,4,2,2,2,5,6,1,1,4,3,10,2,2,2,2,2,5,3,6,8,7,4,4,1,1,9,2,3,3,3,3,10,10,10,10,3,10,10,10,3,3,3,3,3,10,10,10,10,3,2,3,3,2,2,3,3,3,3,3,10,3,2,2,3,3,3,3,3,3,3,2,5,5,5,3,3,3,3,3,6,8,7,3,3,3,5,3,3,3,3,3,3,3,3,3,3,4,4,3,3,3,3,1,1,1,1,1,1,1,1,9,9,9,9,9,9,9,9","0.000790834426879883","walktrap","edit-xhwikibooks.graphml"
"0.35","0.12","0.53","0.404353630807101","2,3,2,2,1,2,1,2,2,2,1,4,2,2,2,5,6,1,1,4,3,9,2,2,2,2,2,5,3,6,8,7,4,4,1,1,10,2,3,3,3,3,9,9,9,9,3,9,9,9,3,3,3,3,3,9,9,9,9,3,2,3,3,2,2,3,3,3,3,3,9,3,2,2,3,3,3,3,3,3,3,2,5,5,5,3,3,3,3,3,6,8,7,3,3,3,5,3,3,3,3,3,3,3,3,3,3,4,4,3,3,3,3,1,1,1,1,1,1,1,1,10,10,10,10,10,10,10,10","0.000806093215942383","walktrap","edit-xhwikibooks.graphml"
"0.34","0.13","0.53","0.401872513804199","1,2,1,1,3,1,3,1,1,1,3,3,1,1,1,4,5,3,7,3,2,10,1,1,1,1,1,4,2,5,8,6,9,3,7,7,11,1,2,2,2,2,10,10,10,10,2,10,10,10,2,2,2,2,2,10,10,10,10,2,1,2,2,1,1,2,2,2,2,2,10,2,1,1,2,2,2,2,2,2,2,1,4,4,4,2,2,2,2,2,5,8,6,2,2,2,4,2,2,2,2,2,2,2,2,2,2,9,9,2,2,2,2,7,7,7,7,7,7,7,7,11,11,11,11,11,11,11,11","0.000818014144897461","walktrap","edit-xhwikibooks.graphml"
"0.33","0.14","0.53","0.401872513804199","1,2,1,1,3,1,3,1,1,1,3,3,1,1,1,4,5,3,7,3,2,10,1,1,1,1,1,4,2,5,8,6,9,3,7,7,11,1,2,2,2,2,10,10,10,10,2,10,10,10,2,2,2,2,2,10,10,10,10,2,1,2,2,1,1,2,2,2,2,2,10,2,1,1,2,2,2,2,2,2,2,1,4,4,4,2,2,2,2,2,5,8,6,2,2,2,4,2,2,2,2,2,2,2,2,2,2,9,9,2,2,2,2,7,7,7,7,7,7,7,7,11,11,11,11,11,11,11,11","0.000818967819213867","walktrap","edit-xhwikibooks.graphml"
"0.32","0.15","0.53","0.40289872925406","1,2,1,1,3,1,3,1,1,1,3,3,1,1,1,4,5,3,7,3,2,10,1,1,1,1,1,4,2,5,8,6,9,3,7,7,11,1,2,2,2,2,10,10,10,10,2,10,10,10,2,2,2,2,2,10,10,10,10,2,1,2,2,1,1,2,2,2,2,2,10,2,1,1,2,2,2,2,2,2,2,1,4,4,4,2,2,2,2,2,5,8,6,2,2,2,4,2,2,2,2,2,2,2,2,2,2,9,9,2,2,2,2,7,7,7,7,7,7,7,7,11,11,11,11,11,11,11,11","0.000781059265136719","walktrap","edit-xhwikibooks.graphml"
"0.31","0.16","0.53","0.40413811436673","1,2,1,1,3,1,3,1,1,1,3,3,1,1,1,4,5,3,7,3,2,10,1,1,1,1,1,4,2,5,8,6,9,3,7,7,11,1,2,2,2,2,10,10,10,10,2,10,10,10,2,2,2,2,2,10,10,10,10,2,1,2,2,1,1,2,2,2,2,2,10,2,1,1,2,2,2,2,2,2,2,1,4,4,4,2,2,2,2,2,5,8,6,2,2,2,4,2,2,2,2,2,2,2,2,2,2,9,9,2,2,2,2,7,7,7,7,7,7,7,7,11,11,11,11,11,11,11,11","0.000951766967773438","walktrap","edit-xhwikibooks.graphml"
"0.3","0.17","0.53","0.40455295158467","1,2,1,1,3,1,3,1,1,1,3,3,1,1,1,4,5,3,7,3,2,10,1,1,1,1,1,4,2,5,8,6,9,3,7,7,11,1,2,2,2,2,10,10,10,10,2,10,10,10,2,2,2,2,2,10,10,10,10,2,1,2,2,1,1,2,2,2,2,2,10,2,1,1,2,2,2,2,2,2,2,1,4,4,4,2,2,2,2,2,5,8,6,2,2,2,4,2,2,2,2,2,2,2,2,2,2,9,9,2,2,2,2,7,7,7,7,7,7,7,7,11,11,11,11,11,11,11,11","0.000988960266113281","walktrap","edit-xhwikibooks.graphml"
"0.29","0.18","0.53","0.40455295158467","1,2,1,1,3,1,3,1,1,1,3,3,1,1,1,4,5,3,7,3,2,10,1,1,1,1,1,4,2,5,8,6,9,3,7,7,11,1,2,2,2,2,10,10,10,10,2,10,10,10,2,2,2,2,2,10,10,10,10,2,1,2,2,1,1,2,2,2,2,2,10,2,1,1,2,2,2,2,2,2,2,1,4,4,4,2,2,2,2,2,5,8,6,2,2,2,4,2,2,2,2,2,2,2,2,2,2,9,9,2,2,2,2,7,7,7,7,7,7,7,7,11,11,11,11,11,11,11,11","0.000916004180908203","walktrap","edit-xhwikibooks.graphml"
"0.28","0.19","0.53","0.403107970722771","1,2,1,1,3,1,3,1,1,1,3,3,1,1,1,4,5,3,7,3,2,10,1,1,1,1,1,4,2,5,8,6,9,3,7,7,11,1,2,2,2,2,10,10,10,10,2,10,10,10,2,2,2,2,2,10,10,10,10,2,1,2,2,1,1,2,2,2,2,2,10,2,1,1,2,2,2,2,2,2,2,1,4,4,4,2,2,2,2,2,5,8,6,2,2,2,4,2,2,2,2,2,2,2,2,2,2,9,9,2,2,2,2,7,7,7,7,7,7,7,7,11,11,11,11,11,11,11,11","0.000795125961303711","walktrap","edit-xhwikibooks.graphml"
"0.27","0.2","0.53","0.40431649887012","1,2,1,1,3,1,3,1,1,1,3,3,1,1,1,4,5,3,7,3,2,10,1,1,1,1,1,4,2,5,8,6,9,3,7,7,11,1,2,2,2,2,10,10,10,10,2,10,10,10,2,2,2,2,2,10,10,10,10,2,1,2,2,1,1,2,2,2,2,2,10,2,1,1,2,2,2,2,2,2,2,1,4,4,4,2,2,2,2,2,5,8,6,2,2,2,4,2,2,2,2,2,2,2,2,2,2,9,9,2,2,2,2,7,7,7,7,7,7,7,7,11,11,11,11,11,11,11,11","0.000777959823608398","walktrap","edit-xhwikibooks.graphml"
"0.26","0.21","0.53","0.40412316184285","1,2,1,1,3,1,3,1,1,1,3,3,1,1,1,4,5,3,7,3,2,10,1,1,1,1,1,4,2,5,8,6,9,3,7,7,11,1,2,2,2,2,10,10,10,10,2,10,10,10,2,2,2,2,2,10,10,10,10,2,1,2,2,1,1,2,2,2,2,2,10,2,1,1,2,2,2,2,2,2,2,1,4,4,4,2,2,2,2,2,5,8,6,2,2,2,4,2,2,2,2,2,2,2,2,2,2,9,9,2,2,2,2,7,7,7,7,7,7,7,7,11,11,11,11,11,11,11,11","0.000811100006103516","walktrap","edit-xhwikibooks.graphml"
"0.25","0.22","0.53","0.40412316184285","1,2,1,1,3,1,3,1,1,1,3,3,1,1,1,4,5,3,7,3,2,10,1,1,1,1,1,4,2,5,8,6,9,3,7,7,11,1,2,2,2,2,10,10,10,10,2,10,10,10,2,2,2,2,2,10,10,10,10,2,1,2,2,1,1,2,2,2,2,2,10,2,1,1,2,2,2,2,2,2,2,1,4,4,4,2,2,2,2,2,5,8,6,2,2,2,4,2,2,2,2,2,2,2,2,2,2,9,9,2,2,2,2,7,7,7,7,7,7,7,7,11,11,11,11,11,11,11,11","0.000782966613769531","walktrap","edit-xhwikibooks.graphml"
"0.24","0.23","0.53","0.405200807749062","1,2,1,1,3,1,3,1,1,1,3,3,1,1,1,4,5,3,8,3,2,10,1,1,1,1,1,4,2,5,7,6,9,3,8,8,11,1,2,2,2,2,10,10,10,10,2,10,10,10,2,2,2,2,2,10,10,10,10,2,1,2,2,1,1,2,2,2,2,2,10,2,1,1,2,2,2,2,2,2,2,1,4,4,4,2,2,2,2,2,5,7,6,2,2,2,4,2,2,2,2,2,2,2,2,2,2,9,9,2,2,2,2,8,8,8,8,8,8,8,8,11,11,11,11,11,11,11,11","0.000782012939453125","walktrap","edit-xhwikibooks.graphml"
"0.23","0.24","0.53","0.405830951966847","1,2,1,1,3,1,3,1,1,1,3,3,1,1,1,4,5,3,8,3,2,10,1,1,1,1,1,4,2,5,7,6,9,3,8,8,11,1,2,2,2,2,10,10,10,10,2,10,10,10,2,2,2,2,2,10,10,10,10,2,1,2,2,1,1,2,2,2,2,2,10,2,1,1,2,2,2,2,2,2,2,1,4,4,4,2,2,2,2,2,5,7,6,2,2,2,4,2,2,2,2,2,2,2,2,2,2,9,9,2,2,2,2,8,8,8,8,8,8,8,8,11,11,11,11,11,11,11,11","0.000798940658569336","walktrap","edit-xhwikibooks.graphml"
"0.22","0.25","0.53","0.39914285693398","1,2,1,1,3,1,3,1,1,1,3,3,1,1,1,4,5,3,9,3,2,10,1,1,1,1,1,4,2,5,7,6,8,3,9,9,11,1,2,2,2,2,10,10,10,10,2,10,10,10,2,2,2,2,2,10,10,10,10,2,1,2,2,1,1,2,2,2,2,2,10,2,1,1,2,2,2,2,2,2,2,1,4,4,4,2,2,2,2,2,5,7,6,2,2,2,4,2,2,2,2,2,2,2,2,2,2,8,8,2,2,2,2,9,9,9,9,9,9,9,9,11,11,11,11,11,11,11,11","0.000792980194091797","walktrap","edit-xhwikibooks.graphml"
"0.21","0.26","0.53","0.39914285693398","1,2,1,1,3,1,3,1,1,1,3,3,1,1,1,4,5,3,9,3,2,10,1,1,1,1,1,4,2,5,7,6,8,3,9,9,11,1,2,2,2,2,10,10,10,10,2,10,10,10,2,2,2,2,2,10,10,10,10,2,1,2,2,1,1,2,2,2,2,2,10,2,1,1,2,2,2,2,2,2,2,1,4,4,4,2,2,2,2,2,5,7,6,2,2,2,4,2,2,2,2,2,2,2,2,2,2,8,8,2,2,2,2,9,9,9,9,9,9,9,9,11,11,11,11,11,11,11,11","0.000801801681518555","walktrap","edit-xhwikibooks.graphml"
"0.2","0.27","0.53","0.39914285693398","1,2,1,1,3,1,3,1,1,1,3,3,1,1,1,4,5,3,9,3,2,10,1,1,1,1,1,4,2,5,7,6,8,3,9,9,11,1,2,2,2,2,10,10,10,10,2,10,10,10,2,2,2,2,2,10,10,10,10,2,1,2,2,1,1,2,2,2,2,2,10,2,1,1,2,2,2,2,2,2,2,1,4,4,4,2,2,2,2,2,5,7,6,2,2,2,4,2,2,2,2,2,2,2,2,2,2,8,8,2,2,2,2,9,9,9,9,9,9,9,9,11,11,11,11,11,11,11,11","0.000989913940429688","walktrap","edit-xhwikibooks.graphml"
"0.19","0.28","0.53","0.398950904062577","1,2,1,1,3,1,3,1,1,1,3,3,1,1,1,4,5,3,9,3,2,10,1,1,1,1,1,4,2,5,7,6,8,3,9,9,11,1,2,2,2,2,10,10,10,10,2,10,10,10,2,2,2,2,2,10,10,10,10,2,1,2,2,1,1,2,2,2,2,2,10,2,1,1,2,2,2,2,2,2,2,1,4,4,4,2,2,2,2,2,5,7,6,2,2,2,4,2,2,2,2,2,2,2,2,2,2,8,8,2,2,2,2,9,9,9,9,9,9,9,9,11,11,11,11,11,11,11,11","0.000792980194091797","walktrap","edit-xhwikibooks.graphml"
"0.18","0.29","0.53","0.400174785633561","1,2,1,1,3,1,3,1,1,1,3,3,1,1,1,4,5,3,9,3,2,10,1,1,1,1,1,4,2,5,7,6,8,3,9,9,11,1,2,2,2,2,10,10,10,10,2,10,10,10,2,2,2,2,2,10,10,10,10,2,1,2,2,1,1,2,2,2,2,2,10,2,1,1,2,2,2,2,2,2,2,1,4,4,4,2,2,2,2,2,5,7,6,2,2,2,4,2,2,2,2,2,2,2,2,2,2,8,8,2,2,2,2,9,9,9,9,9,9,9,9,11,11,11,11,11,11,11,11","0.000777959823608398","walktrap","edit-xhwikibooks.graphml"
"0.17","0.3","0.53","0.399791118712079","1,2,1,1,3,1,3,1,1,1,3,3,1,1,1,4,5,3,9,3,2,10,1,1,1,1,1,4,2,5,7,6,8,3,9,9,11,1,2,2,2,2,10,10,10,10,2,10,10,10,2,2,2,2,2,10,10,10,10,2,1,2,2,1,1,2,2,2,2,2,10,2,1,1,2,2,2,2,2,2,2,1,4,4,4,2,2,2,2,2,5,7,6,2,2,2,4,2,2,2,2,2,2,2,2,2,2,8,8,2,2,2,2,9,9,9,9,9,9,9,9,11,11,11,11,11,11,11,11","0.00078892707824707","walktrap","edit-xhwikibooks.graphml"
"0.16","0.31","0.53","0.398596288163564","1,2,1,1,3,1,3,1,1,1,3,3,1,1,1,4,5,3,9,3,2,10,1,1,1,1,1,4,2,5,7,6,8,3,9,9,11,1,2,2,2,2,10,10,10,10,2,10,10,10,2,2,2,2,2,10,10,10,10,2,1,2,2,1,1,2,2,2,2,2,10,2,1,1,2,2,2,2,2,2,2,1,4,4,4,2,2,2,2,2,5,7,6,2,2,2,4,2,2,2,2,2,2,2,2,2,2,8,8,2,2,2,2,9,9,9,9,9,9,9,9,11,11,11,11,11,11,11,11","0.000782966613769531","walktrap","edit-xhwikibooks.graphml"
"0.15","0.32","0.53","0.398404817232965","1,2,1,1,3,1,3,1,1,1,3,3,1,1,1,4,5,3,9,3,2,10,1,1,1,1,1,4,2,5,7,6,8,3,9,9,11,1,2,2,2,2,10,10,10,10,2,10,10,10,2,2,2,2,2,10,10,10,10,2,1,2,2,1,1,2,2,2,2,2,10,2,1,1,2,2,2,2,2,2,2,1,4,4,4,2,2,2,2,2,5,7,6,2,2,2,4,2,2,2,2,2,2,2,2,2,2,8,8,2,2,2,2,9,9,9,9,9,9,9,9,11,11,11,11,11,11,11,11","0.000771999359130859","walktrap","edit-xhwikibooks.graphml"
"0.14","0.33","0.53","0.398404817232965","1,2,1,1,3,1,3,1,1,1,3,3,1,1,1,4,5,3,9,3,2,10,1,1,1,1,1,4,2,5,7,6,8,3,9,9,11,1,2,2,2,2,10,10,10,10,2,10,10,10,2,2,2,2,2,10,10,10,10,2,1,2,2,1,1,2,2,2,2,2,10,2,1,1,2,2,2,2,2,2,2,1,4,4,4,2,2,2,2,2,5,7,6,2,2,2,4,2,2,2,2,2,2,2,2,2,2,8,8,2,2,2,2,9,9,9,9,9,9,9,9,11,11,11,11,11,11,11,11","0.000773191452026367","walktrap","edit-xhwikibooks.graphml"
"0.13","0.34","0.53","0.406453861459151","1,3,1,1,1,2,1,2,2,2,1,1,2,2,2,4,5,1,9,1,3,10,2,2,2,2,2,4,3,5,7,6,8,1,9,9,11,2,3,3,3,3,10,10,10,10,3,10,10,10,3,3,3,3,3,10,10,10,10,3,2,3,3,2,2,3,3,3,3,3,10,3,2,2,3,3,3,3,3,3,3,2,4,4,4,3,3,3,3,3,5,7,6,3,3,3,4,3,3,3,3,3,3,3,3,3,3,8,8,3,3,3,3,9,9,9,9,9,9,9,9,11,11,11,11,11,11,11,11","0.000790834426879883","walktrap","edit-xhwikibooks.graphml"
"0.12","0.35","0.53","0.406453861459151","1,3,1,1,1,2,1,2,2,2,1,1,2,2,2,4,5,1,9,1,3,10,2,2,2,2,2,4,3,5,7,6,8,1,9,9,11,2,3,3,3,3,10,10,10,10,3,10,10,10,3,3,3,3,3,10,10,10,10,3,2,3,3,2,2,3,3,3,3,3,10,3,2,2,3,3,3,3,3,3,3,2,4,4,4,3,3,3,3,3,5,7,6,3,3,3,4,3,3,3,3,3,3,3,3,3,3,8,8,3,3,3,3,9,9,9,9,9,9,9,9,11,11,11,11,11,11,11,11","0.000782966613769531","walktrap","edit-xhwikibooks.graphml"
"0.11","0.36","0.53","0.406261017829793","1,3,1,1,1,2,1,2,2,2,1,1,2,2,2,4,5,1,9,1,3,10,2,2,2,2,2,4,3,5,7,6,8,1,9,9,11,2,3,3,3,3,10,10,10,10,3,10,10,10,3,3,3,3,3,10,10,10,10,3,2,3,3,2,2,3,3,3,3,3,10,3,2,2,3,3,3,3,3,3,3,2,4,4,4,3,3,3,3,3,5,7,6,3,3,3,4,3,3,3,3,3,3,3,3,3,3,8,8,3,3,3,3,9,9,9,9,9,9,9,9,11,11,11,11,11,11,11,11","0.000786066055297852","walktrap","edit-xhwikibooks.graphml"
"0.1","0.37","0.53","0.394934511368096","1,3,1,1,1,2,1,2,2,2,1,1,2,2,2,4,5,1,9,1,3,10,2,2,2,2,2,4,3,5,7,6,8,1,9,9,11,2,3,3,3,3,10,10,10,10,3,10,10,10,3,3,3,3,3,10,10,10,10,3,2,3,3,2,2,3,3,3,3,3,10,3,2,2,3,3,3,3,3,3,3,2,4,4,4,3,3,3,3,3,5,7,6,3,3,3,4,3,3,3,3,3,3,3,3,3,3,8,8,3,3,3,3,9,9,9,9,9,9,9,9,11,11,11,11,11,11,11,11","0.000770092010498047","walktrap","edit-xhwikibooks.graphml"
"0.09","0.38","0.53","0.394743204333823","1,3,1,1,1,2,1,2,2,2,1,1,2,2,2,4,5,1,9,1,3,10,2,2,2,2,2,4,3,5,7,6,8,1,9,9,11,2,3,3,3,3,10,10,10,10,3,10,10,10,3,3,3,3,3,10,10,10,10,3,2,3,3,2,2,3,3,3,3,3,10,3,2,2,3,3,3,3,3,3,3,2,4,4,4,3,3,3,3,3,5,7,6,3,3,3,4,3,3,3,3,3,3,3,3,3,3,8,8,3,3,3,3,9,9,9,9,9,9,9,9,11,11,11,11,11,11,11,11","0.000828027725219727","walktrap","edit-xhwikibooks.graphml"
"0.08","0.39","0.53","0.395394495072021","1,3,1,1,1,2,1,2,2,2,1,1,2,2,2,4,5,1,9,1,3,10,2,2,2,2,2,4,3,5,7,6,8,1,9,9,11,2,3,3,3,3,10,10,10,10,3,10,10,10,3,3,3,3,3,10,10,10,10,3,2,3,3,2,2,3,3,3,3,3,10,3,2,2,3,3,3,3,3,3,3,2,4,4,4,3,3,3,3,3,5,7,6,3,3,3,4,3,3,3,3,3,3,3,3,3,3,8,8,3,3,3,3,9,9,9,9,9,9,9,9,11,11,11,11,11,11,11,11","0.00104904174804688","walktrap","edit-xhwikibooks.graphml"
"0.07","0.4","0.53","0.397123856873276","1,2,1,1,3,1,3,1,1,1,3,3,1,1,1,4,5,3,9,3,2,10,1,1,1,1,1,4,2,5,7,6,8,3,9,9,11,1,2,2,2,2,10,10,10,10,2,10,10,10,2,2,2,2,2,10,10,10,10,2,1,2,2,1,1,2,2,2,2,2,10,2,1,1,2,2,2,2,2,2,2,1,4,4,4,2,2,2,2,2,5,7,6,2,2,2,4,2,2,2,2,2,2,2,2,2,2,8,8,2,2,2,2,9,9,9,9,9,9,9,9,11,11,11,11,11,11,11,11","0.000812053680419922","walktrap","edit-xhwikibooks.graphml"
"0.06","0.41","0.53","0.397123856873276","1,2,1,1,3,1,3,1,1,1,3,3,1,1,1,4,5,3,9,3,2,10,1,1,1,1,1,4,2,5,7,6,8,3,9,9,11,1,2,2,2,2,10,10,10,10,2,10,10,10,2,2,2,2,2,10,10,10,10,2,1,2,2,1,1,2,2,2,2,2,10,2,1,1,2,2,2,2,2,2,2,1,4,4,4,2,2,2,2,2,5,7,6,2,2,2,4,2,2,2,2,2,2,2,2,2,2,8,8,2,2,2,2,9,9,9,9,9,9,9,9,11,11,11,11,11,11,11,11","0.000764131546020508","walktrap","edit-xhwikibooks.graphml"
"0.05","0.42","0.53","0.396932895142703","1,2,1,1,3,1,3,1,1,1,3,3,1,1,1,4,5,3,9,3,2,10,1,1,1,1,1,4,2,5,7,6,8,3,9,9,11,1,2,2,2,2,10,10,10,10,2,10,10,10,2,2,2,2,2,10,10,10,10,2,1,2,2,1,1,2,2,2,2,2,10,2,1,1,2,2,2,2,2,2,2,1,4,4,4,2,2,2,2,2,5,7,6,2,2,2,4,2,2,2,2,2,2,2,2,2,2,8,8,2,2,2,2,9,9,9,9,9,9,9,9,11,11,11,11,11,11,11,11","0.000802040100097656","walktrap","edit-xhwikibooks.graphml"
"0.04","0.43","0.53","0.394380557305888","1,2,1,1,3,1,3,1,1,1,3,3,1,1,1,4,5,3,9,3,2,10,1,1,1,1,1,4,2,5,7,6,8,3,9,9,11,1,2,2,2,2,10,10,10,10,2,10,10,10,2,2,2,2,2,10,10,10,10,2,1,2,2,1,1,2,2,2,2,2,10,2,1,1,2,2,2,2,2,2,2,1,4,4,4,2,2,2,2,2,5,7,6,2,2,2,4,2,2,2,2,2,2,2,2,2,2,8,8,2,2,2,2,9,9,9,9,9,9,9,9,11,11,11,11,11,11,11,11","0.000787019729614258","walktrap","edit-xhwikibooks.graphml"
"0.03","0.44","0.53","0.394801095976521","1,2,1,1,3,1,3,1,1,1,3,3,1,1,1,4,5,3,9,3,2,10,1,1,1,1,1,4,2,5,7,6,8,3,9,9,11,1,2,2,2,2,10,10,10,10,2,10,10,10,2,2,2,2,2,10,10,10,10,2,1,2,2,1,1,2,2,2,2,2,10,2,1,1,2,2,2,2,2,2,2,1,4,4,4,2,2,2,2,2,5,7,6,2,2,2,4,2,2,2,2,2,2,2,2,2,2,8,8,2,2,2,2,9,9,9,9,9,9,9,9,11,11,11,11,11,11,11,11","0.000787973403930664","walktrap","edit-xhwikibooks.graphml"
"0.02","0.45","0.53","0.396299287754412","1,3,1,1,2,1,2,1,1,1,2,2,1,1,1,4,5,2,9,2,3,10,1,1,1,1,1,4,3,5,7,6,8,2,9,9,11,1,3,3,3,3,10,10,10,10,3,10,10,10,3,3,3,3,3,10,10,10,10,3,1,3,3,1,1,3,3,3,3,3,10,3,1,1,3,3,3,3,3,3,3,1,4,4,4,3,3,3,3,3,5,7,6,3,3,3,4,3,3,3,3,3,3,3,3,3,3,8,8,3,3,3,3,9,9,9,9,9,9,9,9,11,11,11,11,11,11,11,11","0.000772953033447266","walktrap","edit-xhwikibooks.graphml"
"0.01","0.46","0.53","0.396108288575991","1,3,1,1,2,1,2,1,1,1,2,2,1,1,1,4,5,2,9,2,3,10,1,1,1,1,1,4,3,5,7,6,8,2,9,9,11,1,3,3,3,3,10,10,10,10,3,10,10,10,3,3,3,3,3,10,10,10,10,3,1,3,3,1,1,3,3,3,3,3,10,3,1,1,3,3,3,3,3,3,3,1,4,4,4,3,3,3,3,3,5,7,6,3,3,3,4,3,3,3,3,3,3,3,3,3,3,8,8,3,3,3,3,9,9,9,9,9,9,9,9,11,11,11,11,11,11,11,11","0.000802993774414062","walktrap","edit-xhwikibooks.graphml"
"0","0.47","0.53","0.398014861492101","1,10,1,1,2,1,2,1,1,1,2,2,1,1,1,3,4,2,8,2,10,9,1,1,1,1,1,3,1,4,6,5,7,2,8,8,11,1,10,10,10,10,9,9,9,9,10,9,9,9,10,10,10,10,10,9,9,9,9,10,1,10,10,1,1,10,10,10,10,10,9,10,1,1,10,10,10,10,10,10,10,1,3,3,3,1,10,10,10,10,4,6,5,10,10,10,3,10,10,10,10,10,10,10,10,10,10,7,7,10,10,10,10,8,8,8,8,8,8,8,8,11,11,11,11,11,11,11,11","0.000833034515380859","walktrap","edit-xhwikibooks.graphml"
"0.46","0","0.54","0.397225445073116","1,2,1,1,4,1,4,1,1,3,4,4,1,1,1,5,3,6,7,4,2,9,1,1,1,1,1,5,2,3,6,8,11,4,7,7,10,1,2,2,2,2,9,9,9,9,2,9,9,9,2,2,2,2,2,9,9,9,9,2,1,2,2,1,1,2,2,2,2,2,9,2,1,1,2,2,2,2,2,2,2,1,5,5,5,2,2,2,2,2,3,6,8,2,2,2,5,2,2,2,2,2,2,2,2,2,2,11,11,2,2,2,2,7,7,7,7,7,7,7,7,10,10,10,10,10,10,10,10","0.000811100006103516","walktrap","edit-xhwikibooks.graphml"
"0.45","0.01","0.54","0.397225445073116","1,2,1,1,4,1,4,1,1,3,4,4,1,1,1,5,3,6,7,4,2,9,1,1,1,1,1,5,2,3,6,8,11,4,7,7,10,1,2,2,2,2,9,9,9,9,2,9,9,9,2,2,2,2,2,9,9,9,9,2,1,2,2,1,1,2,2,2,2,2,9,2,1,1,2,2,2,2,2,2,2,1,5,5,5,2,2,2,2,2,3,6,8,2,2,2,5,2,2,2,2,2,2,2,2,2,2,11,11,2,2,2,2,7,7,7,7,7,7,7,7,10,10,10,10,10,10,10,10","0.000856876373291016","walktrap","edit-xhwikibooks.graphml"
"0.44","0.02","0.54","0.397225445073116","1,2,1,1,4,1,4,1,1,3,4,4,1,1,1,5,3,6,7,4,2,9,1,1,1,1,1,5,2,3,6,8,11,4,7,7,10,1,2,2,2,2,9,9,9,9,2,9,9,9,2,2,2,2,2,9,9,9,9,2,1,2,2,1,1,2,2,2,2,2,9,2,1,1,2,2,2,2,2,2,2,1,5,5,5,2,2,2,2,2,3,6,8,2,2,2,5,2,2,2,2,2,2,2,2,2,2,11,11,2,2,2,2,7,7,7,7,7,7,7,7,10,10,10,10,10,10,10,10","0.000802993774414062","walktrap","edit-xhwikibooks.graphml"
"0.43","0.03","0.54","0.397039461420241","1,2,1,1,4,1,4,1,1,3,4,4,1,1,1,5,3,6,7,4,2,9,1,1,1,1,1,5,2,3,6,8,11,4,7,7,10,1,2,2,2,2,9,9,9,9,2,9,9,9,2,2,2,2,2,9,9,9,9,2,1,2,2,1,1,2,2,2,2,2,9,2,1,1,2,2,2,2,2,2,2,1,5,5,5,2,2,2,2,2,3,6,8,2,2,2,5,2,2,2,2,2,2,2,2,2,2,11,11,2,2,2,2,7,7,7,7,7,7,7,7,10,10,10,10,10,10,10,10","0.00078892707824707","walktrap","edit-xhwikibooks.graphml"
"0.42","0.04","0.54","0.397039461420241","1,2,1,1,4,1,4,1,1,3,4,4,1,1,1,5,3,6,7,4,2,9,1,1,1,1,1,5,2,3,6,8,11,4,7,7,10,1,2,2,2,2,9,9,9,9,2,9,9,9,2,2,2,2,2,9,9,9,9,2,1,2,2,1,1,2,2,2,2,2,9,2,1,1,2,2,2,2,2,2,2,1,5,5,5,2,2,2,2,2,3,6,8,2,2,2,5,2,2,2,2,2,2,2,2,2,2,11,11,2,2,2,2,7,7,7,7,7,7,7,7,10,10,10,10,10,10,10,10","0.000776052474975586","walktrap","edit-xhwikibooks.graphml"
"0.41","0.05","0.54","0.396853640547974","1,2,1,1,4,1,4,1,1,3,4,4,1,1,1,5,3,6,7,4,2,9,1,1,1,1,1,5,2,3,6,8,11,4,7,7,10,1,2,2,2,2,9,9,9,9,2,9,9,9,2,2,2,2,2,9,9,9,9,2,1,2,2,1,1,2,2,2,2,2,9,2,1,1,2,2,2,2,2,2,2,1,5,5,5,2,2,2,2,2,3,6,8,2,2,2,5,2,2,2,2,2,2,2,2,2,2,11,11,2,2,2,2,7,7,7,7,7,7,7,7,10,10,10,10,10,10,10,10","0.000782966613769531","walktrap","edit-xhwikibooks.graphml"
"0.4","0.06","0.54","0.396853640547974","1,2,1,1,4,1,4,1,1,3,4,4,1,1,1,5,3,6,7,4,2,9,1,1,1,1,1,5,2,3,6,8,11,4,7,7,10,1,2,2,2,2,9,9,9,9,2,9,9,9,2,2,2,2,2,9,9,9,9,2,1,2,2,1,1,2,2,2,2,2,9,2,1,1,2,2,2,2,2,2,2,1,5,5,5,2,2,2,2,2,3,6,8,2,2,2,5,2,2,2,2,2,2,2,2,2,2,11,11,2,2,2,2,7,7,7,7,7,7,7,7,10,10,10,10,10,10,10,10","0.00078892707824707","walktrap","edit-xhwikibooks.graphml"
"0.39","0.07","0.54","0.396667982267628","1,2,1,1,4,1,4,1,1,3,4,4,1,1,1,5,3,6,7,4,2,9,1,1,1,1,1,5,2,3,6,8,11,4,7,7,10,1,2,2,2,2,9,9,9,9,2,9,9,9,2,2,2,2,2,9,9,9,9,2,1,2,2,1,1,2,2,2,2,2,9,2,1,1,2,2,2,2,2,2,2,1,5,5,5,2,2,2,2,2,3,6,8,2,2,2,5,2,2,2,2,2,2,2,2,2,2,11,11,2,2,2,2,7,7,7,7,7,7,7,7,10,10,10,10,10,10,10,10","0.000768899917602539","walktrap","edit-xhwikibooks.graphml"
"0.38","0.08","0.54","0.397293624925826","1,2,1,1,4,1,4,1,1,3,4,4,1,1,1,5,3,6,7,4,2,10,1,1,1,1,1,5,2,3,6,8,11,4,7,7,9,1,2,2,2,2,10,10,10,10,2,10,10,10,2,2,2,2,2,10,10,10,10,2,1,2,2,1,1,2,2,2,2,2,10,2,1,1,2,2,2,2,2,2,2,1,5,5,5,2,2,2,2,2,3,6,8,2,2,2,5,2,2,2,2,2,2,2,2,2,2,11,11,2,2,2,2,7,7,7,7,7,7,7,7,9,9,9,9,9,9,9,9","0.000803947448730469","walktrap","edit-xhwikibooks.graphml"
"0.37","0.09","0.54","0.394551587809274","2,3,2,2,1,2,1,2,2,2,1,4,2,2,2,5,6,1,1,4,3,10,2,2,2,2,2,5,3,6,8,7,4,4,1,1,9,2,3,3,3,3,10,10,10,10,3,10,10,10,3,3,3,3,3,10,10,10,10,3,2,3,3,2,2,3,3,3,3,3,10,3,2,2,3,3,3,3,3,3,3,2,5,5,5,3,3,3,3,3,6,8,7,3,3,3,5,3,3,3,3,3,3,3,3,3,3,4,4,3,3,3,3,1,1,1,1,1,1,1,1,9,9,9,9,9,9,9,9","0.000787973403930664","walktrap","edit-xhwikibooks.graphml"
"0.36","0.1","0.54","0.394365911072575","2,3,2,2,1,2,1,2,2,2,1,4,2,2,2,5,6,1,1,4,3,10,2,2,2,2,2,5,3,6,8,7,4,4,1,1,9,2,3,3,3,3,10,10,10,10,3,10,10,10,3,3,3,3,3,10,10,10,10,3,2,3,3,2,2,3,3,3,3,3,10,3,2,2,3,3,3,3,3,3,3,2,5,5,5,3,3,3,3,3,6,8,7,3,3,3,5,3,3,3,3,3,3,3,3,3,3,4,4,3,3,3,3,1,1,1,1,1,1,1,1,9,9,9,9,9,9,9,9","0.000766992568969727","walktrap","edit-xhwikibooks.graphml"
"0.35","0.11","0.54","0.394180397918427","2,3,2,2,1,2,1,2,2,2,1,4,2,2,2,5,6,1,1,4,3,10,2,2,2,2,2,5,3,6,8,7,4,4,1,1,9,2,3,3,3,3,10,10,10,10,3,10,10,10,3,3,3,3,3,10,10,10,10,3,2,3,3,2,2,3,3,3,3,3,10,3,2,2,3,3,3,3,3,3,3,2,5,5,5,3,3,3,3,3,6,8,7,3,3,3,5,3,3,3,3,3,3,3,3,3,3,4,4,3,3,3,3,1,1,1,1,1,1,1,1,9,9,9,9,9,9,9,9","0.000781059265136719","walktrap","edit-xhwikibooks.graphml"
"0.34","0.12","0.54","0.395444809688581","2,3,2,2,1,2,1,2,2,2,1,4,2,2,2,5,6,1,1,4,3,9,2,2,2,2,2,5,3,6,8,7,4,4,1,1,10,2,3,3,3,3,9,9,9,9,3,9,9,9,3,3,3,3,3,9,9,9,9,3,2,3,3,2,2,3,3,3,3,3,9,3,2,2,3,3,3,3,3,3,3,2,5,5,5,3,3,3,3,3,6,8,7,3,3,3,5,3,3,3,3,3,3,3,3,3,3,4,4,3,3,3,3,1,1,1,1,1,1,1,1,10,10,10,10,10,10,10,10","0.000782966613769531","walktrap","edit-xhwikibooks.graphml"
"0.33","0.13","0.54","0.395259246817154","2,3,2,2,1,2,1,2,2,2,1,4,2,2,2,5,6,1,1,4,3,9,2,2,2,2,2,5,3,6,8,7,4,4,1,1,10,2,3,3,3,3,9,9,9,9,3,9,9,9,3,3,3,3,3,9,9,9,9,3,2,3,3,2,2,3,3,3,3,3,9,3,2,2,3,3,3,3,3,3,3,2,5,5,5,3,3,3,3,3,6,8,7,3,3,3,5,3,3,3,3,3,3,3,3,3,3,4,4,3,3,3,3,1,1,1,1,1,1,1,1,10,10,10,10,10,10,10,10","0.000796079635620117","walktrap","edit-xhwikibooks.graphml"
"0.32","0.14","0.54","0.395259246817154","2,3,2,2,1,2,1,2,2,2,1,4,2,2,2,5,6,1,1,4,3,9,2,2,2,2,2,5,3,6,8,7,4,4,1,1,10,2,3,3,3,3,9,9,9,9,3,9,9,9,3,3,3,3,3,9,9,9,9,3,2,3,3,2,2,3,3,3,3,3,9,3,2,2,3,3,3,3,3,3,3,2,5,5,5,3,3,3,3,3,6,8,7,3,3,3,5,3,3,3,3,3,3,3,3,3,3,4,4,3,3,3,3,1,1,1,1,1,1,1,1,10,10,10,10,10,10,10,10","0.00088191032409668","walktrap","edit-xhwikibooks.graphml"
"0.31","0.15","0.54","0.396272957581168","2,3,2,2,1,2,1,2,2,2,1,4,2,2,2,5,6,1,1,4,3,9,2,2,2,2,2,5,3,6,8,7,4,4,1,1,10,2,3,3,3,3,9,9,9,9,3,9,9,9,3,3,3,3,3,9,9,9,9,3,2,3,3,2,2,3,3,3,3,3,9,3,2,2,3,3,3,3,3,3,3,2,5,5,5,3,3,3,3,3,6,8,7,3,3,3,5,3,3,3,3,3,3,3,3,3,3,4,4,3,3,3,3,1,1,1,1,1,1,1,1,10,10,10,10,10,10,10,10","0.000781059265136719","walktrap","edit-xhwikibooks.graphml"
"0.3","0.16","0.54","0.397498690917787","2,3,2,2,1,2,1,2,2,2,1,4,2,2,2,5,6,1,1,4,3,9,2,2,2,2,2,5,3,6,8,7,4,4,1,1,10,2,3,3,3,3,9,9,9,9,3,9,9,9,3,3,3,3,3,9,9,9,9,3,2,3,3,2,2,3,3,3,3,3,9,3,2,2,3,3,3,3,3,3,3,2,5,5,5,3,3,3,3,3,6,8,7,3,3,3,5,3,3,3,3,3,3,3,3,3,3,4,4,3,3,3,3,1,1,1,1,1,1,1,1,10,10,10,10,10,10,10,10","0.00076603889465332","walktrap","edit-xhwikibooks.graphml"
"0.29","0.17","0.54","0.395652428169692","1,2,1,1,3,1,3,1,1,1,3,3,1,1,1,4,5,3,7,3,2,10,1,1,1,1,1,4,2,5,8,6,9,3,7,7,11,1,2,2,2,2,10,10,10,10,2,10,10,10,2,2,2,2,2,10,10,10,10,2,1,2,2,1,1,2,2,2,2,2,10,2,1,1,2,2,2,2,2,2,2,1,4,4,4,2,2,2,2,2,5,8,6,2,2,2,4,2,2,2,2,2,2,2,2,2,2,9,9,2,2,2,2,7,7,7,7,7,7,7,7,11,11,11,11,11,11,11,11","0.000768899917602539","walktrap","edit-xhwikibooks.graphml"
"0.28","0.18","0.54","0.395652428169692","1,2,1,1,3,1,3,1,1,1,3,3,1,1,1,4,5,3,7,3,2,10,1,1,1,1,1,4,2,5,8,6,9,3,7,7,11,1,2,2,2,2,10,10,10,10,2,10,10,10,2,2,2,2,2,10,10,10,10,2,1,2,2,1,1,2,2,2,2,2,10,2,1,1,2,2,2,2,2,2,2,1,4,4,4,2,2,2,2,2,5,8,6,2,2,2,4,2,2,2,2,2,2,2,2,2,2,9,9,2,2,2,2,7,7,7,7,7,7,7,7,11,11,11,11,11,11,11,11","0.00077509880065918","walktrap","edit-xhwikibooks.graphml"
"0.27","0.19","0.54","0.395467036553973","1,2,1,1,3,1,3,1,1,1,3,3,1,1,1,4,5,3,7,3,2,10,1,1,1,1,1,4,2,5,8,6,9,3,7,7,11,1,2,2,2,2,10,10,10,10,2,10,10,10,2,2,2,2,2,10,10,10,10,2,1,2,2,1,1,2,2,2,2,2,10,2,1,1,2,2,2,2,2,2,2,1,4,4,4,2,2,2,2,2,5,8,6,2,2,2,4,2,2,2,2,2,2,2,2,2,2,9,9,2,2,2,2,7,7,7,7,7,7,7,7,11,11,11,11,11,11,11,11","0.000787973403930664","walktrap","edit-xhwikibooks.graphml"
"0.26","0.2","0.54","0.396660535350931","1,2,1,1,3,1,3,1,1,1,3,3,1,1,1,4,5,3,7,3,2,10,1,1,1,1,1,4,2,5,8,6,9,3,7,7,11,1,2,2,2,2,10,10,10,10,2,10,10,10,2,2,2,2,2,10,10,10,10,2,1,2,2,1,1,2,2,2,2,2,10,2,1,1,2,2,2,2,2,2,2,1,4,4,4,2,2,2,2,2,5,8,6,2,2,2,4,2,2,2,2,2,2,2,2,2,2,9,9,2,2,2,2,7,7,7,7,7,7,7,7,11,11,11,11,11,11,11,11","0.000782012939453125","walktrap","edit-xhwikibooks.graphml"
"0.25","0.21","0.54","0.396475171372704","1,2,1,1,3,1,3,1,1,1,3,3,1,1,1,4,5,3,7,3,2,10,1,1,1,1,1,4,2,5,8,6,9,3,7,7,11,1,2,2,2,2,10,10,10,10,2,10,10,10,2,2,2,2,2,10,10,10,10,2,1,2,2,1,1,2,2,2,2,2,10,2,1,1,2,2,2,2,2,2,2,1,4,4,4,2,2,2,2,2,5,8,6,2,2,2,4,2,2,2,2,2,2,2,2,2,2,9,9,2,2,2,2,7,7,7,7,7,7,7,7,11,11,11,11,11,11,11,11","0.000782012939453125","walktrap","edit-xhwikibooks.graphml"
"0.24","0.22","0.54","0.396475171372704","1,2,1,1,3,1,3,1,1,1,3,3,1,1,1,4,5,3,7,3,2,10,1,1,1,1,1,4,2,5,8,6,9,3,7,7,11,1,2,2,2,2,10,10,10,10,2,10,10,10,2,2,2,2,2,10,10,10,10,2,1,2,2,1,1,2,2,2,2,2,10,2,1,1,2,2,2,2,2,2,2,1,4,4,4,2,2,2,2,2,5,8,6,2,2,2,4,2,2,2,2,2,2,2,2,2,2,9,9,2,2,2,2,7,7,7,7,7,7,7,7,11,11,11,11,11,11,11,11","0.00077509880065918","walktrap","edit-xhwikibooks.graphml"
"0.23","0.23","0.54","0.397545466580051","1,2,1,1,3,1,3,1,1,1,3,3,1,1,1,4,5,3,8,3,2,10,1,1,1,1,1,4,2,5,7,6,9,3,8,8,11,1,2,2,2,2,10,10,10,10,2,10,10,10,2,2,2,2,2,10,10,10,10,2,1,2,2,1,1,2,2,2,2,2,10,2,1,1,2,2,2,2,2,2,2,1,4,4,4,2,2,2,2,2,5,7,6,2,2,2,4,2,2,2,2,2,2,2,2,2,2,9,9,2,2,2,2,8,8,8,8,8,8,8,8,11,11,11,11,11,11,11,11","0.000786066055297852","walktrap","edit-xhwikibooks.graphml"
"0.22","0.24","0.54","0.398168226286469","1,2,1,1,3,1,3,1,1,1,3,3,1,1,1,4,5,3,8,3,2,10,1,1,1,1,1,4,2,5,7,6,9,3,8,8,11,1,2,2,2,2,10,10,10,10,2,10,10,10,2,2,2,2,2,10,10,10,10,2,1,2,2,1,1,2,2,2,2,2,10,2,1,1,2,2,2,2,2,2,2,1,4,4,4,2,2,2,2,2,5,7,6,2,2,2,4,2,2,2,2,2,2,2,2,2,2,9,9,2,2,2,2,8,8,8,8,8,8,8,8,11,11,11,11,11,11,11,11","0.000781059265136719","walktrap","edit-xhwikibooks.graphml"
"0.21","0.25","0.54","0.398608174291204","1,2,1,1,3,1,3,1,1,1,3,3,1,1,1,4,5,3,8,3,2,10,1,1,1,1,1,4,2,5,7,6,9,3,8,8,11,1,2,2,2,2,10,10,10,10,2,10,10,10,2,2,2,2,2,10,10,10,10,2,1,2,2,1,1,2,2,2,2,2,10,2,1,1,2,2,2,2,2,2,2,1,4,4,4,2,2,2,2,2,5,7,6,2,2,2,4,2,2,2,2,2,2,2,2,2,2,9,9,2,2,2,2,8,8,8,8,8,8,8,8,11,11,11,11,11,11,11,11","0.00156903266906738","walktrap","edit-xhwikibooks.graphml"
"0.2","0.26","0.54","0.398608174291204","1,2,1,1,3,1,3,1,1,1,3,3,1,1,1,4,5,3,8,3,2,10,1,1,1,1,1,4,2,5,7,6,9,3,8,8,11,1,2,2,2,2,10,10,10,10,2,10,10,10,2,2,2,2,2,10,10,10,10,2,1,2,2,1,1,2,2,2,2,2,10,2,1,1,2,2,2,2,2,2,2,1,4,4,4,2,2,2,2,2,5,7,6,2,2,2,4,2,2,2,2,2,2,2,2,2,2,9,9,2,2,2,2,8,8,8,8,8,8,8,8,11,11,11,11,11,11,11,11","0.00103998184204102","walktrap","edit-xhwikibooks.graphml"
"0.19","0.27","0.54","0.398608174291204","1,2,1,1,3,1,3,1,1,1,3,3,1,1,1,4,5,3,8,3,2,10,1,1,1,1,1,4,2,5,7,6,9,3,8,8,11,1,2,2,2,2,10,10,10,10,2,10,10,10,2,2,2,2,2,10,10,10,10,2,1,2,2,1,1,2,2,2,2,2,10,2,1,1,2,2,2,2,2,2,2,1,4,4,4,2,2,2,2,2,5,7,6,2,2,2,4,2,2,2,2,2,2,2,2,2,2,9,9,2,2,2,2,8,8,8,8,8,8,8,8,11,11,11,11,11,11,11,11","0.00077509880065918","walktrap","edit-xhwikibooks.graphml"
"0.18","0.28","0.54","0.398422596027166","1,2,1,1,3,1,3,1,1,1,3,3,1,1,1,4,5,3,8,3,2,10,1,1,1,1,1,4,2,5,7,6,9,3,8,8,11,1,2,2,2,2,10,10,10,10,2,10,10,10,2,2,2,2,2,10,10,10,10,2,1,2,2,1,1,2,2,2,2,2,10,2,1,1,2,2,2,2,2,2,2,1,4,4,4,2,2,2,2,2,5,7,6,2,2,2,4,2,2,2,2,2,2,2,2,2,2,9,9,2,2,2,2,8,8,8,8,8,8,8,8,11,11,11,11,11,11,11,11","0.000775814056396484","walktrap","edit-xhwikibooks.graphml"
"0.17","0.29","0.54","0.3996092044711","1,2,1,1,3,1,3,1,1,1,3,3,1,1,1,4,5,3,9,3,2,10,1,1,1,1,1,4,2,5,7,6,8,3,9,9,11,1,2,2,2,2,10,10,10,10,2,10,10,10,2,2,2,2,2,10,10,10,10,2,1,2,2,1,1,2,2,2,2,2,10,2,1,1,2,2,2,2,2,2,2,1,4,4,4,2,2,2,2,2,5,7,6,2,2,2,4,2,2,2,2,2,2,2,2,2,2,8,8,2,2,2,2,9,9,9,9,9,9,9,9,11,11,11,11,11,11,11,11","0.000783920288085938","walktrap","edit-xhwikibooks.graphml"
"0.16","0.3","0.54","0.399238264058307","1,2,1,1,3,1,3,1,1,1,3,3,1,1,1,4,5,3,9,3,2,10,1,1,1,1,1,4,2,5,7,6,8,3,9,9,11,1,2,2,2,2,10,10,10,10,2,10,10,10,2,2,2,2,2,10,10,10,10,2,1,2,2,1,1,2,2,2,2,2,10,2,1,1,2,2,2,2,2,2,2,1,4,4,4,2,2,2,2,2,5,7,6,2,2,2,4,2,2,2,2,2,2,2,2,2,2,8,8,2,2,2,2,9,9,9,9,9,9,9,9,11,11,11,11,11,11,11,11","0.000791072845458984","walktrap","edit-xhwikibooks.graphml"
"0.15","0.31","0.54","0.399856510275825","1,2,1,1,3,1,3,1,1,1,3,3,1,1,1,4,5,3,9,3,2,10,1,1,1,1,1,4,2,5,7,6,8,3,9,9,11,1,2,2,2,2,10,10,10,10,2,10,10,10,2,2,2,2,2,10,10,10,10,2,1,2,2,1,1,2,2,2,2,2,10,2,1,1,2,2,2,2,2,2,2,1,4,4,4,2,2,2,2,2,5,7,6,2,2,2,4,2,2,2,2,2,2,2,2,2,2,8,8,2,2,2,2,9,9,9,9,9,9,9,9,11,11,11,11,11,11,11,11","0.000793933868408203","walktrap","edit-xhwikibooks.graphml"
"0.14","0.32","0.54","0.399671184239802","1,2,1,1,3,1,3,1,1,1,3,3,1,1,1,4,5,3,9,3,2,10,1,1,1,1,1,4,2,5,7,6,8,3,9,9,11,1,2,2,2,2,10,10,10,10,2,10,10,10,2,2,2,2,2,10,10,10,10,2,1,2,2,1,1,2,2,2,2,2,10,2,1,1,2,2,2,2,2,2,2,1,4,4,4,2,2,2,2,2,5,7,6,2,2,2,4,2,2,2,2,2,2,2,2,2,2,8,8,2,2,2,2,9,9,9,9,9,9,9,9,11,11,11,11,11,11,11,11","0.00079798698425293","walktrap","edit-xhwikibooks.graphml"
"0.13","0.33","0.54","0.391417266315287","1,2,1,1,3,1,3,1,1,1,3,3,1,1,1,4,5,3,9,3,2,10,1,1,1,1,1,4,2,5,7,6,8,3,9,9,11,1,2,2,2,2,10,10,10,10,2,10,10,10,2,2,2,2,2,10,10,10,10,2,1,2,2,1,1,2,2,2,2,2,10,2,1,1,2,2,2,2,2,2,2,1,4,4,4,2,2,2,2,2,5,7,6,2,2,2,4,2,2,2,2,2,2,2,2,2,2,8,8,2,2,2,2,9,9,9,9,9,9,9,9,11,11,11,11,11,11,11,11","0.000813961029052734","walktrap","edit-xhwikibooks.graphml"
"0.12","0.34","0.54","0.399360298632849","1,3,1,1,1,2,1,2,2,2,1,1,2,2,2,4,5,1,9,1,3,10,2,2,2,2,2,4,3,5,7,6,8,1,9,9,11,2,3,3,3,3,10,10,10,10,3,10,10,10,3,3,3,3,3,10,10,10,10,3,2,3,3,2,2,3,3,3,3,3,10,3,2,2,3,3,3,3,3,3,3,2,4,4,4,3,3,3,3,3,5,7,6,3,3,3,4,3,3,3,3,3,3,3,3,3,3,8,8,3,3,3,3,9,9,9,9,9,9,9,9,11,11,11,11,11,11,11,11","0.000782966613769531","walktrap","edit-xhwikibooks.graphml"
"0.11","0.35","0.54","0.399360298632849","1,3,1,1,1,2,1,2,2,2,1,1,2,2,2,4,5,1,9,1,3,10,2,2,2,2,2,4,3,5,7,6,8,1,9,9,11,2,3,3,3,3,10,10,10,10,3,10,10,10,3,3,3,3,3,10,10,10,10,3,2,3,3,2,2,3,3,3,3,3,10,3,2,2,3,3,3,3,3,3,3,2,4,4,4,3,3,3,3,3,5,7,6,3,3,3,4,3,3,3,3,3,3,3,3,3,3,8,8,3,3,3,3,9,9,9,9,9,9,9,9,11,11,11,11,11,11,11,11","0.000785112380981445","walktrap","edit-xhwikibooks.graphml"
"0.1","0.36","0.54","0.399175048853096","1,3,1,1,1,2,1,2,2,2,1,1,2,2,2,4,5,1,9,1,3,10,2,2,2,2,2,4,3,5,7,6,8,1,9,9,11,2,3,3,3,3,10,10,10,10,3,10,10,10,3,3,3,3,3,10,10,10,10,3,2,3,3,2,2,3,3,3,3,3,10,3,2,2,3,3,3,3,3,3,3,2,4,4,4,3,3,3,3,3,5,7,6,3,3,3,4,3,3,3,3,3,3,3,3,3,3,8,8,3,3,3,3,9,9,9,9,9,9,9,9,11,11,11,11,11,11,11,11","0.000858068466186523","walktrap","edit-xhwikibooks.graphml"
"0.09","0.37","0.54","0.399175048853096","1,3,1,1,1,2,1,2,2,2,1,1,2,2,2,4,5,1,9,1,3,10,2,2,2,2,2,4,3,5,7,6,8,1,9,9,11,2,3,3,3,3,10,10,10,10,3,10,10,10,3,3,3,3,3,10,10,10,10,3,2,3,3,2,2,3,3,3,3,3,10,3,2,2,3,3,3,3,3,3,3,2,4,4,4,3,3,3,3,3,5,7,6,3,3,3,4,3,3,3,3,3,3,3,3,3,3,8,8,3,3,3,3,9,9,9,9,9,9,9,9,11,11,11,11,11,11,11,11","0.000773906707763672","walktrap","edit-xhwikibooks.graphml"
"0.08","0.38","0.54","0.398989960092417","1,3,1,1,1,2,1,2,2,2,1,1,2,2,2,4,5,1,9,1,3,10,2,2,2,2,2,4,3,5,7,6,8,1,9,9,11,2,3,3,3,3,10,10,10,10,3,10,10,10,3,3,3,3,3,10,10,10,10,3,2,3,3,2,2,3,3,3,3,3,10,3,2,2,3,3,3,3,3,3,3,2,4,4,4,3,3,3,3,3,5,7,6,3,3,3,4,3,3,3,3,3,3,3,3,3,3,8,8,3,3,3,3,9,9,9,9,9,9,9,9,11,11,11,11,11,11,11,11","0.00078582763671875","walktrap","edit-xhwikibooks.graphml"
"0.07","0.39","0.54","0.408292765022676","1,3,1,1,1,2,1,2,2,2,1,1,2,2,2,4,5,1,9,1,3,10,2,2,2,2,2,4,3,5,7,6,8,1,9,9,11,2,3,3,3,3,10,10,10,10,3,10,10,10,3,3,3,3,3,10,10,10,10,3,2,3,3,2,2,3,3,3,3,3,10,3,2,2,3,3,3,3,3,3,3,2,4,4,4,3,3,3,3,3,5,7,6,3,3,3,4,3,3,3,3,3,3,3,3,3,3,8,8,3,3,3,3,9,9,9,9,9,9,9,9,11,11,11,11,11,11,11,11","0.000766992568969727","walktrap","edit-xhwikibooks.graphml"
"0.06","0.4","0.54","0.409951283129431","1,3,1,1,2,1,2,1,1,1,2,2,1,1,1,4,5,2,9,2,3,10,1,1,1,1,1,4,3,5,7,6,8,2,9,9,11,1,3,3,3,3,10,10,10,10,3,10,10,10,3,3,3,3,3,10,10,10,10,3,1,3,3,1,1,3,3,3,3,3,10,3,1,1,3,3,3,3,3,3,3,1,4,4,4,3,3,3,3,3,5,7,6,3,3,3,4,3,3,3,3,3,3,3,3,3,3,8,8,3,3,3,3,9,9,9,9,9,9,9,9,11,11,11,11,11,11,11,11","0.000802993774414062","walktrap","edit-xhwikibooks.graphml"
"0.05","0.41","0.54","0.408186118197279","1,3,1,1,2,1,2,1,1,1,2,2,1,1,1,4,5,2,9,2,3,10,1,1,1,1,1,4,3,5,7,6,8,2,9,9,11,1,3,3,3,3,10,10,10,10,3,10,10,10,3,3,3,3,3,10,10,10,10,3,1,3,3,1,1,3,3,3,3,3,10,3,1,1,3,3,3,3,3,3,3,1,4,4,4,3,3,3,3,3,5,7,6,3,3,3,4,3,3,3,3,3,3,3,3,3,3,8,8,3,3,3,3,9,9,9,9,9,9,9,9,11,11,11,11,11,11,11,11","0.000789880752563477","walktrap","edit-xhwikibooks.graphml"
"0.04","0.42","0.54","0.408581066082646","1,3,1,1,2,1,2,1,1,1,2,2,1,1,1,4,5,2,9,2,3,10,1,1,1,1,1,4,3,5,7,6,8,2,9,9,11,1,3,3,3,3,10,10,10,10,3,10,10,10,3,3,3,3,3,10,10,10,10,3,1,3,3,1,1,3,3,3,3,3,10,3,1,1,3,3,3,3,3,3,3,1,4,4,4,3,3,3,3,3,5,7,6,3,3,3,4,3,3,3,3,3,3,3,3,3,3,8,8,3,3,3,3,9,9,9,9,9,9,9,9,11,11,11,11,11,11,11,11","0.000792026519775391","walktrap","edit-xhwikibooks.graphml"
"0.03","0.43","0.54","0.409758993404461","1,3,1,1,2,1,2,1,1,1,2,2,1,1,1,4,5,2,9,2,3,10,1,1,1,1,1,4,3,5,7,6,8,2,9,9,11,1,3,3,3,3,10,10,10,10,3,10,10,10,3,3,3,3,3,10,10,10,10,3,1,3,3,1,1,3,3,3,3,3,10,3,1,1,3,3,3,3,3,3,3,1,4,4,4,3,3,3,3,3,5,7,6,3,3,3,4,3,3,3,3,3,3,3,3,3,3,8,8,3,3,3,3,9,9,9,9,9,9,9,9,11,11,11,11,11,11,11,11","0.000796079635620117","walktrap","edit-xhwikibooks.graphml"
"0.02","0.44","0.54","0.409566871241272","1,3,1,1,2,1,2,1,1,1,2,2,1,1,1,4,5,2,9,2,3,10,1,1,1,1,1,4,3,5,7,6,8,2,9,9,11,1,3,3,3,3,10,10,10,10,3,10,10,10,3,3,3,3,3,10,10,10,10,3,1,3,3,1,1,3,3,3,3,3,10,3,1,1,3,3,3,3,3,3,3,1,4,4,4,3,3,3,3,3,5,7,6,3,3,3,4,3,3,3,3,3,3,3,3,3,3,8,8,3,3,3,3,9,9,9,9,9,9,9,9,11,11,11,11,11,11,11,11","0.000858783721923828","walktrap","edit-xhwikibooks.graphml"
"0.01","0.45","0.54","0.410809991254297","1,3,1,1,2,1,2,1,1,1,2,2,1,1,1,4,5,2,9,2,3,10,1,1,1,1,1,4,3,5,7,6,8,2,9,9,11,1,3,3,3,3,10,10,10,10,3,10,10,10,3,3,3,3,3,10,10,10,10,3,1,3,3,1,1,3,3,3,3,3,10,3,1,1,3,3,3,3,3,3,3,1,4,4,4,3,3,3,3,3,5,7,6,3,3,3,4,3,3,3,3,3,3,3,3,3,3,8,8,3,3,3,3,9,9,9,9,9,9,9,9,11,11,11,11,11,11,11,11","0.000817060470581055","walktrap","edit-xhwikibooks.graphml"
"0","0.46","0.54","0.411723183752317","1,10,1,1,2,1,2,1,1,1,2,2,1,1,1,3,4,2,8,2,10,9,1,1,1,1,1,3,1,4,6,5,7,2,8,8,11,1,10,10,10,10,9,9,9,9,10,9,9,9,10,10,10,10,10,9,9,9,9,10,1,10,10,1,1,10,10,10,10,10,9,10,1,1,10,10,10,10,10,10,10,1,3,3,3,1,10,10,10,10,4,6,5,10,10,10,3,10,10,10,10,10,10,10,10,10,10,7,7,10,10,10,10,8,8,8,8,8,8,8,8,11,11,11,11,11,11,11,11","0.000903129577636719","walktrap","edit-xhwikibooks.graphml"
"0.45","0","0.55","0.397449077288457","1,2,1,1,4,1,4,1,1,3,4,4,1,1,1,5,3,6,7,4,2,9,1,1,1,1,1,5,2,3,6,8,11,4,7,7,10,1,2,2,2,2,9,9,9,9,2,9,9,9,2,2,2,2,2,9,9,9,9,2,1,2,2,1,1,2,2,2,2,2,9,2,1,1,2,2,2,2,2,2,2,1,5,5,5,2,2,2,2,2,3,6,8,2,2,2,5,2,2,2,2,2,2,2,2,2,2,11,11,2,2,2,2,7,7,7,7,7,7,7,7,10,10,10,10,10,10,10,10","0.000780105590820312","walktrap","edit-xhwikibooks.graphml"
"0.44","0.01","0.55","0.397449077288457","1,2,1,1,4,1,4,1,1,3,4,4,1,1,1,5,3,6,7,4,2,9,1,1,1,1,1,5,2,3,6,8,11,4,7,7,10,1,2,2,2,2,9,9,9,9,2,9,9,9,2,2,2,2,2,9,9,9,9,2,1,2,2,1,1,2,2,2,2,2,9,2,1,1,2,2,2,2,2,2,2,1,5,5,5,2,2,2,2,2,3,6,8,2,2,2,5,2,2,2,2,2,2,2,2,2,2,11,11,2,2,2,2,7,7,7,7,7,7,7,7,10,10,10,10,10,10,10,10","0.000785112380981445","walktrap","edit-xhwikibooks.graphml"
"0.43","0.02","0.55","0.397449077288457","1,2,1,1,4,1,4,1,1,3,4,4,1,1,1,5,3,6,7,4,2,9,1,1,1,1,1,5,2,3,6,8,11,4,7,7,10,1,2,2,2,2,9,9,9,9,2,9,9,9,2,2,2,2,2,9,9,9,9,2,1,2,2,1,1,2,2,2,2,2,9,2,1,1,2,2,2,2,2,2,2,1,5,5,5,2,2,2,2,2,3,6,8,2,2,2,5,2,2,2,2,2,2,2,2,2,2,11,11,2,2,2,2,7,7,7,7,7,7,7,7,10,10,10,10,10,10,10,10","0.000946044921875","walktrap","edit-xhwikibooks.graphml"
"0.42","0.03","0.55","0.397263353428333","1,2,1,1,4,1,4,1,1,3,4,4,1,1,1,5,3,6,7,4,2,9,1,1,1,1,1,5,2,3,6,8,11,4,7,7,10,1,2,2,2,2,9,9,9,9,2,9,9,9,2,2,2,2,2,9,9,9,9,2,1,2,2,1,1,2,2,2,2,2,9,2,1,1,2,2,2,2,2,2,2,1,5,5,5,2,2,2,2,2,3,6,8,2,2,2,5,2,2,2,2,2,2,2,2,2,2,11,11,2,2,2,2,7,7,7,7,7,7,7,7,10,10,10,10,10,10,10,10","0.000830173492431641","walktrap","edit-xhwikibooks.graphml"
"0.41","0.04","0.55","0.397263353428333","1,2,1,1,4,1,4,1,1,3,4,4,1,1,1,5,3,6,7,4,2,9,1,1,1,1,1,5,2,3,6,8,11,4,7,7,10,1,2,2,2,2,9,9,9,9,2,9,9,9,2,2,2,2,2,9,9,9,9,2,1,2,2,1,1,2,2,2,2,2,9,2,1,1,2,2,2,2,2,2,2,1,5,5,5,2,2,2,2,2,3,6,8,2,2,2,5,2,2,2,2,2,2,2,2,2,2,11,11,2,2,2,2,7,7,7,7,7,7,7,7,10,10,10,10,10,10,10,10","0.000841140747070312","walktrap","edit-xhwikibooks.graphml"
"0.4","0.05","0.55","0.397077791781025","1,2,1,1,4,1,4,1,1,3,4,4,1,1,1,5,3,6,7,4,2,9,1,1,1,1,1,5,2,3,6,8,11,4,7,7,10,1,2,2,2,2,9,9,9,9,2,9,9,9,2,2,2,2,2,9,9,9,9,2,1,2,2,1,1,2,2,2,2,2,9,2,1,1,2,2,2,2,2,2,2,1,5,5,5,2,2,2,2,2,3,6,8,2,2,2,5,2,2,2,2,2,2,2,2,2,2,11,11,2,2,2,2,7,7,7,7,7,7,7,7,10,10,10,10,10,10,10,10","0.00082707405090332","walktrap","edit-xhwikibooks.graphml"
"0.39","0.06","0.55","0.396667982267628","1,2,1,1,4,1,4,1,1,3,4,4,1,1,1,5,3,6,7,4,2,9,1,1,1,1,1,5,2,3,6,8,11,4,7,7,10,1,2,2,2,2,9,9,9,9,2,9,9,9,2,2,2,2,2,9,9,9,9,2,1,2,2,1,1,2,2,2,2,2,9,2,1,1,2,2,2,2,2,2,2,1,5,5,5,2,2,2,2,2,3,6,8,2,2,2,5,2,2,2,2,2,2,2,2,2,2,11,11,2,2,2,2,7,7,7,7,7,7,7,7,10,10,10,10,10,10,10,10","0.000809907913208008","walktrap","edit-xhwikibooks.graphml"
"0.38","0.07","0.55","0.396482486390726","1,2,1,1,4,1,4,1,1,3,4,4,1,1,1,5,3,6,7,4,2,9,1,1,1,1,1,5,2,3,6,8,11,4,7,7,10,1,2,2,2,2,9,9,9,9,2,9,9,9,2,2,2,2,2,9,9,9,9,2,1,2,2,1,1,2,2,2,2,2,9,2,1,1,2,2,2,2,2,2,2,1,5,5,5,2,2,2,2,2,3,6,8,2,2,2,5,2,2,2,2,2,2,2,2,2,2,11,11,2,2,2,2,7,7,7,7,7,7,7,7,10,10,10,10,10,10,10,10","0.000798940658569336","walktrap","edit-xhwikibooks.graphml"
"0.37","0.08","0.55","0.397108027800646","1,2,1,1,4,1,4,1,1,3,4,4,1,1,1,5,3,6,7,4,2,10,1,1,1,1,1,5,2,3,6,8,11,4,7,7,9,1,2,2,2,2,10,10,10,10,2,10,10,10,2,2,2,2,2,10,10,10,10,2,1,2,2,1,1,2,2,2,2,2,10,2,1,1,2,2,2,2,2,2,2,1,5,5,5,2,2,2,2,2,3,6,8,2,2,2,5,2,2,2,2,2,2,2,2,2,2,11,11,2,2,2,2,7,7,7,7,7,7,7,7,9,9,9,9,9,9,9,9","0.000871896743774414","walktrap","edit-xhwikibooks.graphml"
"0.36","0.09","0.55","0.396737319625512","1,2,1,1,4,1,4,1,1,3,4,4,1,1,1,5,3,6,7,4,2,10,1,1,1,1,1,5,2,3,6,8,11,4,7,7,9,1,2,2,2,2,10,10,10,10,2,10,10,10,2,2,2,2,2,10,10,10,10,2,1,2,2,1,1,2,2,2,2,2,10,2,1,1,2,2,2,2,2,2,2,1,5,5,5,2,2,2,2,2,3,6,8,2,2,2,5,2,2,2,2,2,2,2,2,2,2,11,11,2,2,2,2,7,7,7,7,7,7,7,7,9,9,9,9,9,9,9,9","0.000931024551391602","walktrap","edit-xhwikibooks.graphml"
"0.35","0.1","0.55","0.396737319625512","1,2,1,1,4,1,4,1,1,3,4,4,1,1,1,5,3,6,7,4,2,10,1,1,1,1,1,5,2,3,6,8,11,4,7,7,9,1,2,2,2,2,10,10,10,10,2,10,10,10,2,2,2,2,2,10,10,10,10,2,1,2,2,1,1,2,2,2,2,2,10,2,1,1,2,2,2,2,2,2,2,1,5,5,5,2,2,2,2,2,3,6,8,2,2,2,5,2,2,2,2,2,2,2,2,2,2,11,11,2,2,2,2,7,7,7,7,7,7,7,7,9,9,9,9,9,9,9,9","0.000885009765625","walktrap","edit-xhwikibooks.graphml"
"0.34","0.11","0.55","0.393995048155252","2,3,2,2,1,2,1,2,2,2,1,4,2,2,2,5,6,1,1,4,3,10,2,2,2,2,2,5,3,6,8,7,4,4,1,1,9,2,3,3,3,3,10,10,10,10,3,10,10,10,3,3,3,3,3,10,10,10,10,3,2,3,3,2,2,3,3,3,3,3,10,3,2,2,3,3,3,3,3,3,3,2,5,5,5,3,3,3,3,3,6,8,7,3,3,3,5,3,3,3,3,3,3,3,3,3,3,4,4,3,3,3,3,1,1,1,1,1,1,1,1,9,9,9,9,9,9,9,9","0.000813007354736328","walktrap","edit-xhwikibooks.graphml"
"0.33","0.12","0.55","0.395259246817154","2,3,2,2,1,2,1,2,2,2,1,4,2,2,2,5,6,1,1,4,3,9,2,2,2,2,2,5,3,6,8,7,4,4,1,1,10,2,3,3,3,3,9,9,9,9,3,9,9,9,3,3,3,3,3,9,9,9,9,3,2,3,3,2,2,3,3,3,3,3,9,3,2,2,3,3,3,3,3,3,3,2,5,5,5,3,3,3,3,3,6,8,7,3,3,3,5,3,3,3,3,3,3,3,3,3,3,4,4,3,3,3,3,1,1,1,1,1,1,1,1,10,10,10,10,10,10,10,10","0.000820159912109375","walktrap","edit-xhwikibooks.graphml"
"0.32","0.13","0.55","0.39507384690162","2,3,2,2,1,2,1,2,2,2,1,4,2,2,2,5,6,1,1,4,3,9,2,2,2,2,2,5,3,6,8,7,4,4,1,1,10,2,3,3,3,3,9,9,9,9,3,9,9,9,3,3,3,3,3,9,9,9,9,3,2,3,3,2,2,3,3,3,3,3,9,3,2,2,3,3,3,3,3,3,3,2,5,5,5,3,3,3,3,3,6,8,7,3,3,3,5,3,3,3,3,3,3,3,3,3,3,4,4,3,3,3,3,1,1,1,1,1,1,1,1,10,10,10,10,10,10,10,10","0.000954151153564453","walktrap","edit-xhwikibooks.graphml"
"0.31","0.14","0.55","0.39507384690162","2,3,2,2,1,2,1,2,2,2,1,4,2,2,2,5,6,1,1,4,3,9,2,2,2,2,2,5,3,6,8,7,4,4,1,1,10,2,3,3,3,3,9,9,9,9,3,9,9,9,3,3,3,3,3,9,9,9,9,3,2,3,3,2,2,3,3,3,3,3,9,3,2,2,3,3,3,3,3,3,3,2,5,5,5,3,3,3,3,3,6,8,7,3,3,3,5,3,3,3,3,3,3,3,3,3,3,4,4,3,3,3,3,1,1,1,1,1,1,1,1,10,10,10,10,10,10,10,10","0.000814199447631836","walktrap","edit-xhwikibooks.graphml"
"0.3","0.15","0.55","0.396686097890488","2,3,2,2,1,2,1,2,2,2,1,4,2,2,2,5,6,1,1,4,3,9,2,2,2,2,2,5,3,6,8,7,4,4,1,1,10,2,3,3,3,3,9,9,9,9,3,9,9,9,3,3,3,3,3,9,9,9,9,3,2,3,3,2,2,3,3,3,3,3,9,3,2,2,3,3,3,3,3,3,3,2,5,5,5,3,3,3,3,3,6,8,7,3,3,3,5,3,3,3,3,3,3,3,3,3,3,4,4,3,3,3,3,1,1,1,1,1,1,1,1,10,10,10,10,10,10,10,10","0.000792026519775391","walktrap","edit-xhwikibooks.graphml"
"0.29","0.16","0.55","0.397313141483996","2,3,2,2,1,2,1,2,2,2,1,4,2,2,2,5,6,1,1,4,3,9,2,2,2,2,2,5,3,6,8,7,4,4,1,1,10,2,3,3,3,3,9,9,9,9,3,9,9,9,3,3,3,3,3,9,9,9,9,3,2,3,3,2,2,3,3,3,3,3,9,3,2,2,3,3,3,3,3,3,3,2,5,5,5,3,3,3,3,3,6,8,7,3,3,3,5,3,3,3,3,3,3,3,3,3,3,4,4,3,3,3,3,1,1,1,1,1,1,1,1,10,10,10,10,10,10,10,10","0.000792980194091797","walktrap","edit-xhwikibooks.graphml"
"0.28","0.17","0.55","0.397721798443582","2,3,2,2,1,2,1,2,2,2,1,4,2,2,2,5,6,1,1,4,3,9,2,2,2,2,2,5,3,6,8,7,4,4,1,1,10,2,3,3,3,3,9,9,9,9,3,9,9,9,3,3,3,3,3,9,9,9,9,3,2,3,3,2,2,3,3,3,3,3,9,3,2,2,3,3,3,3,3,3,3,2,5,5,5,3,3,3,3,3,6,8,7,3,3,3,5,3,3,3,3,3,3,3,3,3,3,4,4,3,3,3,3,1,1,1,1,1,1,1,1,10,10,10,10,10,10,10,10","0.000868082046508789","walktrap","edit-xhwikibooks.graphml"
"0.27","0.18","0.55","0.397721798443582","2,3,2,2,1,2,1,2,2,2,1,4,2,2,2,5,6,1,1,4,3,9,2,2,2,2,2,5,3,6,8,7,4,4,1,1,10,2,3,3,3,3,9,9,9,9,3,9,9,9,3,3,3,3,3,9,9,9,9,3,2,3,3,2,2,3,3,3,3,3,9,3,2,2,3,3,3,3,3,3,3,2,5,5,5,3,3,3,3,3,6,8,7,3,3,3,5,3,3,3,3,3,3,3,3,3,3,4,4,3,3,3,3,1,1,1,1,1,1,1,1,10,10,10,10,10,10,10,10","0.000808000564575195","walktrap","edit-xhwikibooks.graphml"
"0.26","0.19","0.55","0.397536506959406","2,3,2,2,1,2,1,2,2,2,1,4,2,2,2,5,6,1,1,4,3,9,2,2,2,2,2,5,3,6,8,7,4,4,1,1,10,2,3,3,3,3,9,9,9,9,3,9,9,9,3,3,3,3,3,9,9,9,9,3,2,3,3,2,2,3,3,3,3,3,9,3,2,2,3,3,3,3,3,3,3,2,5,5,5,3,3,3,3,3,6,8,7,3,3,3,5,3,3,3,3,3,3,3,3,3,3,4,4,3,3,3,3,1,1,1,1,1,1,1,1,10,10,10,10,10,10,10,10","0.000800848007202148","walktrap","edit-xhwikibooks.graphml"
"0.25","0.2","0.55","0.398724267676216","2,3,2,2,1,2,1,2,2,2,1,4,2,2,2,5,6,1,1,4,3,9,2,2,2,2,2,5,3,6,8,7,4,4,1,1,10,2,3,3,3,3,9,9,9,9,3,9,9,9,3,3,3,3,3,9,9,9,9,3,2,3,3,2,2,3,3,3,3,3,9,3,2,2,3,3,3,3,3,3,3,2,5,5,5,3,3,3,3,3,6,8,7,3,3,3,5,3,3,3,3,3,3,3,3,3,3,4,4,3,3,3,3,1,1,1,1,1,1,1,1,10,10,10,10,10,10,10,10","0.00080108642578125","walktrap","edit-xhwikibooks.graphml"
"0.24","0.21","0.55","0.396289969563284","1,2,1,1,3,1,3,1,1,1,3,3,1,1,1,4,5,3,7,3,2,10,1,1,1,1,1,4,2,5,8,6,9,3,7,7,11,1,2,2,2,2,10,10,10,10,2,10,10,10,2,2,2,2,2,10,10,10,10,2,1,2,2,1,1,2,2,2,2,2,10,2,1,1,2,2,2,2,2,2,2,1,4,4,4,2,2,2,2,2,5,8,6,2,2,2,4,2,2,2,2,2,2,2,2,2,2,9,9,2,2,2,2,7,7,7,7,7,7,7,7,11,11,11,11,11,11,11,11","0.000793933868408203","walktrap","edit-xhwikibooks.graphml"
"0.23","0.22","0.55","0.396289969563284","1,2,1,1,3,1,3,1,1,1,3,3,1,1,1,4,5,3,7,3,2,10,1,1,1,1,1,4,2,5,8,6,9,3,7,7,11,1,2,2,2,2,10,10,10,10,2,10,10,10,2,2,2,2,2,10,10,10,10,2,1,2,2,1,1,2,2,2,2,2,10,2,1,1,2,2,2,2,2,2,2,1,4,4,4,2,2,2,2,2,5,8,6,2,2,2,4,2,2,2,2,2,2,2,2,2,2,9,9,2,2,2,2,7,7,7,7,7,7,7,7,11,11,11,11,11,11,11,11","0.000799894332885742","walktrap","edit-xhwikibooks.graphml"
"0.22","0.23","0.55","0.397360216114606","1,2,1,1,3,1,3,1,1,1,3,3,1,1,1,4,5,3,8,3,2,10,1,1,1,1,1,4,2,5,7,6,9,3,8,8,11,1,2,2,2,2,10,10,10,10,2,10,10,10,2,2,2,2,2,10,10,10,10,2,1,2,2,1,1,2,2,2,2,2,10,2,1,1,2,2,2,2,2,2,2,1,4,4,4,2,2,2,2,2,5,7,6,2,2,2,4,2,2,2,2,2,2,2,2,2,2,9,9,2,2,2,2,8,8,8,8,8,8,8,8,11,11,11,11,11,11,11,11","0.000783920288085938","walktrap","edit-xhwikibooks.graphml"
"0.21","0.24","0.55","0.397982875597898","1,2,1,1,3,1,3,1,1,1,3,3,1,1,1,4,5,3,8,3,2,10,1,1,1,1,1,4,2,5,7,6,9,3,8,8,11,1,2,2,2,2,10,10,10,10,2,10,10,10,2,2,2,2,2,10,10,10,10,2,1,2,2,1,1,2,2,2,2,2,10,2,1,1,2,2,2,2,2,2,2,1,4,4,4,2,2,2,2,2,5,7,6,2,2,2,4,2,2,2,2,2,2,2,2,2,2,9,9,2,2,2,2,8,8,8,8,8,8,8,8,11,11,11,11,11,11,11,11","0.000873088836669922","walktrap","edit-xhwikibooks.graphml"
"0.2","0.25","0.55","0.399650655051424","1,2,1,1,3,1,3,1,1,1,3,3,1,1,1,4,5,3,8,3,2,10,1,1,1,1,1,4,2,5,7,6,9,3,8,8,11,1,2,2,2,2,10,10,10,10,2,10,10,10,2,2,2,2,2,10,10,10,10,2,1,2,2,1,1,2,2,2,2,2,10,2,1,1,2,2,2,2,2,2,2,1,4,4,4,2,2,2,2,2,5,7,6,2,2,2,4,2,2,2,2,2,2,2,2,2,2,9,9,2,2,2,2,8,8,8,8,8,8,8,8,11,11,11,11,11,11,11,11","0.000757932662963867","walktrap","edit-xhwikibooks.graphml"
"0.19","0.26","0.55","0.399650655051424","1,2,1,1,3,1,3,1,1,1,3,3,1,1,1,4,5,3,8,3,2,10,1,1,1,1,1,4,2,5,7,6,9,3,8,8,11,1,2,2,2,2,10,10,10,10,2,10,10,10,2,2,2,2,2,10,10,10,10,2,1,2,2,1,1,2,2,2,2,2,10,2,1,1,2,2,2,2,2,2,2,1,4,4,4,2,2,2,2,2,5,7,6,2,2,2,4,2,2,2,2,2,2,2,2,2,2,9,9,2,2,2,2,8,8,8,8,8,8,8,8,11,11,11,11,11,11,11,11","0.00080418586730957","walktrap","edit-xhwikibooks.graphml"
"0.18","0.27","0.55","0.399650655051424","1,2,1,1,3,1,3,1,1,1,3,3,1,1,1,4,5,3,8,3,2,10,1,1,1,1,1,4,2,5,7,6,9,3,8,8,11,1,2,2,2,2,10,10,10,10,2,10,10,10,2,2,2,2,2,10,10,10,10,2,1,2,2,1,1,2,2,2,2,2,10,2,1,1,2,2,2,2,2,2,2,1,4,4,4,2,2,2,2,2,5,7,6,2,2,2,4,2,2,2,2,2,2,2,2,2,2,9,9,2,2,2,2,8,8,8,8,8,8,8,8,11,11,11,11,11,11,11,11","0.000806808471679688","walktrap","edit-xhwikibooks.graphml"
"0.17","0.28","0.55","0.399465339813283","1,2,1,1,3,1,3,1,1,1,3,3,1,1,1,4,5,3,8,3,2,10,1,1,1,1,1,4,2,5,7,6,9,3,8,8,11,1,2,2,2,2,10,10,10,10,2,10,10,10,2,2,2,2,2,10,10,10,10,2,1,2,2,1,1,2,2,2,2,2,10,2,1,1,2,2,2,2,2,2,2,1,4,4,4,2,2,2,2,2,5,7,6,2,2,2,4,2,2,2,2,2,2,2,2,2,2,9,9,2,2,2,2,8,8,8,8,8,8,8,8,11,11,11,11,11,11,11,11","0.000818014144897461","walktrap","edit-xhwikibooks.graphml"
"0.16","0.29","0.55","0.400459618707685","1,2,1,1,3,1,3,1,1,1,3,3,1,1,1,4,5,3,9,3,2,10,1,1,1,1,1,4,2,5,7,6,8,3,9,9,11,1,2,2,2,2,10,10,10,10,2,10,10,10,2,2,2,2,2,10,10,10,10,2,1,2,2,1,1,2,2,2,2,2,10,2,1,1,2,2,2,2,2,2,2,1,4,4,4,2,2,2,2,2,5,7,6,2,2,2,4,2,2,2,2,2,2,2,2,2,2,8,8,2,2,2,2,9,9,9,9,9,9,9,9,11,11,11,11,11,11,11,11","0.00090479850769043","walktrap","edit-xhwikibooks.graphml"
"0.15","0.3","0.55","0.400274494573267","1,2,1,1,3,1,3,1,1,1,3,3,1,1,1,4,5,3,9,3,2,10,1,1,1,1,1,4,2,5,7,6,8,3,9,9,11,1,2,2,2,2,10,10,10,10,2,10,10,10,2,2,2,2,2,10,10,10,10,2,1,2,2,1,1,2,2,2,2,2,10,2,1,1,2,2,2,2,2,2,2,1,4,4,4,2,2,2,2,2,5,7,6,2,2,2,4,2,2,2,2,2,2,2,2,2,2,8,8,2,2,2,2,9,9,9,9,9,9,9,9,11,11,11,11,11,11,11,11","0.000825881958007812","walktrap","edit-xhwikibooks.graphml"
"0.14","0.31","0.55","0.399671184239802","1,2,1,1,3,1,3,1,1,1,3,3,1,1,1,4,5,3,9,3,2,10,1,1,1,1,1,4,2,5,7,6,8,3,9,9,11,1,2,2,2,2,10,10,10,10,2,10,10,10,2,2,2,2,2,10,10,10,10,2,1,2,2,1,1,2,2,2,2,2,10,2,1,1,2,2,2,2,2,2,2,1,4,4,4,2,2,2,2,2,5,7,6,2,2,2,4,2,2,2,2,2,2,2,2,2,2,8,8,2,2,2,2,9,9,9,9,9,9,9,9,11,11,11,11,11,11,11,11","0.000880002975463867","walktrap","edit-xhwikibooks.graphml"
"0.13","0.32","0.55","0.399486018877113","1,2,1,1,3,1,3,1,1,1,3,3,1,1,1,4,5,3,9,3,2,10,1,1,1,1,1,4,2,5,7,6,8,3,9,9,11,1,2,2,2,2,10,10,10,10,2,10,10,10,2,2,2,2,2,10,10,10,10,2,1,2,2,1,1,2,2,2,2,2,10,2,1,1,2,2,2,2,2,2,2,1,4,4,4,2,2,2,2,2,5,7,6,2,2,2,4,2,2,2,2,2,2,2,2,2,2,8,8,2,2,2,2,9,9,9,9,9,9,9,9,11,11,11,11,11,11,11,11","0.00079798698425293","walktrap","edit-xhwikibooks.graphml"
"0.12","0.33","0.55","0.399486018877113","1,2,1,1,3,1,3,1,1,1,3,3,1,1,1,4,5,3,9,3,2,10,1,1,1,1,1,4,2,5,7,6,8,3,9,9,11,1,2,2,2,2,10,10,10,10,2,10,10,10,2,2,2,2,2,10,10,10,10,2,1,2,2,1,1,2,2,2,2,2,10,2,1,1,2,2,2,2,2,2,2,1,4,4,4,2,2,2,2,2,5,7,6,2,2,2,4,2,2,2,2,2,2,2,2,2,2,8,8,2,2,2,2,9,9,9,9,9,9,9,9,11,11,11,11,11,11,11,11","0.000803947448730469","walktrap","edit-xhwikibooks.graphml"
"0.11","0.34","0.55","0.40724351204722","1,3,1,1,1,2,1,2,2,2,1,1,2,2,2,4,5,1,9,1,3,10,2,2,2,2,2,4,3,5,7,6,8,1,9,9,11,2,3,3,3,3,10,10,10,10,3,10,10,10,3,3,3,3,3,10,10,10,10,3,2,3,3,2,2,3,3,3,3,3,10,3,2,2,3,3,3,3,3,3,3,2,4,4,4,3,3,3,3,3,5,7,6,3,3,3,4,3,3,3,3,3,3,3,3,3,3,8,8,3,3,3,3,9,9,9,9,9,9,9,9,11,11,11,11,11,11,11,11","0.000828981399536133","walktrap","edit-xhwikibooks.graphml"
"0.1","0.35","0.55","0.40724351204722","1,3,1,1,1,2,1,2,2,2,1,1,2,2,2,4,5,1,9,1,3,10,2,2,2,2,2,4,3,5,7,6,8,1,9,9,11,2,3,3,3,3,10,10,10,10,3,10,10,10,3,3,3,3,3,10,10,10,10,3,2,3,3,2,2,3,3,3,3,3,10,3,2,2,3,3,3,3,3,3,3,2,4,4,4,3,3,3,3,3,5,7,6,3,3,3,4,3,3,3,3,3,3,3,3,3,3,8,8,3,3,3,3,9,9,9,9,9,9,9,9,11,11,11,11,11,11,11,11","0.000834941864013672","walktrap","edit-xhwikibooks.graphml"
"0.09","0.36","0.55","0.407057071273543","1,3,1,1,1,2,1,2,2,2,1,1,2,2,2,4,5,1,9,1,3,10,2,2,2,2,2,4,3,5,7,6,8,1,9,9,11,2,3,3,3,3,10,10,10,10,3,10,10,10,3,3,3,3,3,10,10,10,10,3,2,3,3,2,2,3,3,3,3,3,10,3,2,2,3,3,3,3,3,3,3,2,4,4,4,3,3,3,3,3,5,7,6,3,3,3,4,3,3,3,3,3,3,3,3,3,3,8,8,3,3,3,3,9,9,9,9,9,9,9,9,11,11,11,11,11,11,11,11","0.00082087516784668","walktrap","edit-xhwikibooks.graphml"
"0.08","0.37","0.55","0.407057071273543","1,3,1,1,1,2,1,2,2,2,1,1,2,2,2,4,5,1,9,1,3,10,2,2,2,2,2,4,3,5,7,6,8,1,9,9,11,2,3,3,3,3,10,10,10,10,3,10,10,10,3,3,3,3,3,10,10,10,10,3,2,3,3,2,2,3,3,3,3,3,10,3,2,2,3,3,3,3,3,3,3,2,4,4,4,3,3,3,3,3,5,7,6,3,3,3,4,3,3,3,3,3,3,3,3,3,3,8,8,3,3,3,3,9,9,9,9,9,9,9,9,11,11,11,11,11,11,11,11","0.000817060470581055","walktrap","edit-xhwikibooks.graphml"
"0.07","0.38","0.55","0.406870789892336","1,3,1,1,1,2,1,2,2,2,1,1,2,2,2,4,5,1,9,1,3,10,2,2,2,2,2,4,3,5,7,6,8,1,9,9,11,2,3,3,3,3,10,10,10,10,3,10,10,10,3,3,3,3,3,10,10,10,10,3,2,3,3,2,2,3,3,3,3,3,10,3,2,2,3,3,3,3,3,3,3,2,4,4,4,3,3,3,3,3,5,7,6,3,3,3,4,3,3,3,3,3,3,3,3,3,3,8,8,3,3,3,3,9,9,9,9,9,9,9,9,11,11,11,11,11,11,11,11","0.00079798698425293","walktrap","edit-xhwikibooks.graphml"
"0.06","0.39","0.55","0.407472420398996","1,3,1,1,1,2,1,2,2,2,1,1,2,2,2,4,5,1,9,1,3,10,2,2,2,2,2,4,3,5,7,6,8,1,9,9,11,2,3,3,3,3,10,10,10,10,3,10,10,10,3,3,3,3,3,10,10,10,10,3,2,3,3,2,2,3,3,3,3,3,10,3,2,2,3,3,3,3,3,3,3,2,4,4,4,3,3,3,3,3,5,7,6,3,3,3,4,3,3,3,3,3,3,3,3,3,3,8,8,3,3,3,3,9,9,9,9,9,9,9,9,11,11,11,11,11,11,11,11","0.000796079635620117","walktrap","edit-xhwikibooks.graphml"
"0.05","0.4","0.55","0.409652063957158","1,3,1,1,2,1,2,1,1,1,2,2,1,1,1,4,5,2,9,2,3,10,1,1,1,1,1,4,3,5,7,6,8,2,9,9,11,1,3,3,3,3,10,10,10,10,3,10,10,10,3,3,3,3,3,10,10,10,10,3,1,3,3,1,1,3,3,3,3,3,10,3,1,1,3,3,3,3,3,3,3,1,4,4,4,3,3,3,3,3,5,7,6,3,3,3,4,3,3,3,3,3,3,3,3,3,3,8,8,3,3,3,3,9,9,9,9,9,9,9,9,11,11,11,11,11,11,11,11","0.0329740047454834","walktrap","edit-xhwikibooks.graphml"
"0.04","0.41","0.55","0.401856894650673","1,3,1,1,2,1,2,1,1,1,2,2,1,1,1,4,5,2,9,2,3,10,1,1,1,1,1,4,3,5,7,6,8,2,9,9,11,1,3,3,3,3,10,10,10,10,3,10,10,10,3,3,3,3,3,10,10,10,10,3,1,3,3,1,1,3,3,3,3,3,10,3,1,1,3,3,3,3,3,3,3,1,4,4,4,3,3,3,3,3,5,7,6,3,3,3,4,3,3,3,3,3,3,3,3,3,3,8,8,3,3,3,3,9,9,9,9,9,9,9,9,11,11,11,11,11,11,11,11","0.00100493431091309","walktrap","edit-xhwikibooks.graphml"
"0.03","0.42","0.55","0.401672061543986","1,3,1,1,2,1,2,1,1,1,2,2,1,1,1,4,5,2,9,2,3,10,1,1,1,1,1,4,3,5,7,6,8,2,9,9,11,1,3,3,3,3,10,10,10,10,3,10,10,10,3,3,3,3,3,10,10,10,10,3,1,3,3,1,1,3,3,3,3,3,10,3,1,1,3,3,3,3,3,3,3,1,4,4,4,3,3,3,3,3,5,7,6,3,3,3,4,3,3,3,3,3,3,3,3,3,3,8,8,3,3,3,3,9,9,9,9,9,9,9,9,11,11,11,11,11,11,11,11","0.000880956649780273","walktrap","edit-xhwikibooks.graphml"
"0.02","0.43","0.55","0.402836856526295","1,3,1,1,2,1,2,1,1,1,2,2,1,1,1,4,5,2,9,2,3,10,1,1,1,1,1,4,3,5,7,6,8,2,9,9,11,1,3,3,3,3,10,10,10,10,3,10,10,10,3,3,3,3,3,10,10,10,10,3,1,3,3,1,1,3,3,3,3,3,10,3,1,1,3,3,3,3,3,3,3,1,4,4,4,3,3,3,3,3,5,7,6,3,3,3,4,3,3,3,3,3,3,3,3,3,3,8,8,3,3,3,3,9,9,9,9,9,9,9,9,11,11,11,11,11,11,11,11","0.000833034515380859","walktrap","edit-xhwikibooks.graphml"
"0.01","0.44","0.55","0.402652060892204","1,3,1,1,2,1,2,1,1,1,2,2,1,1,1,4,5,2,9,2,3,10,1,1,1,1,1,4,3,5,7,6,8,2,9,9,11,1,3,3,3,3,10,10,10,10,3,10,10,10,3,3,3,3,3,10,10,10,10,3,1,3,3,1,1,3,3,3,3,3,10,3,1,1,3,3,3,3,3,3,3,1,4,4,4,3,3,3,3,3,5,7,6,3,3,3,4,3,3,3,3,3,3,3,3,3,3,8,8,3,3,3,3,9,9,9,9,9,9,9,9,11,11,11,11,11,11,11,11","0.000825881958007812","walktrap","edit-xhwikibooks.graphml"
"0","0.45","0.55","0.405033296039662","1,10,1,1,2,1,2,1,1,1,2,2,1,1,1,3,4,2,8,2,10,9,1,1,1,1,1,3,1,4,6,5,7,2,8,8,11,1,10,10,10,10,9,9,9,9,10,9,9,9,10,10,10,10,10,9,9,9,9,10,1,10,10,1,1,10,10,10,10,10,9,10,1,1,10,10,10,10,10,10,10,1,3,3,3,1,10,10,10,10,4,6,5,10,10,10,3,10,10,10,10,10,10,10,10,10,10,7,7,10,10,10,10,8,8,8,8,8,8,8,8,11,11,11,11,11,11,11,11","0.000838994979858398","walktrap","edit-xhwikibooks.graphml"
"0.44","0","0.56","0.389661484128674","1,2,1,1,4,1,4,1,1,3,4,4,1,1,1,5,3,6,7,4,2,9,1,1,1,1,1,5,2,3,6,8,11,4,7,7,10,1,2,2,2,2,9,9,9,9,2,9,9,9,2,2,2,2,2,9,9,9,9,2,1,2,2,1,1,2,2,2,2,2,9,2,1,1,2,2,2,2,2,2,2,1,5,5,5,2,2,2,2,2,3,6,8,2,2,2,5,2,2,2,2,2,2,2,2,2,2,11,11,2,2,2,2,7,7,7,7,7,7,7,7,10,10,10,10,10,10,10,10","0.000842094421386719","walktrap","edit-xhwikibooks.graphml"
"0.43","0.01","0.56","0.389661484128674","1,2,1,1,4,1,4,1,1,3,4,4,1,1,1,5,3,6,7,4,2,9,1,1,1,1,1,5,2,3,6,8,11,4,7,7,10,1,2,2,2,2,9,9,9,9,2,9,9,9,2,2,2,2,2,9,9,9,9,2,1,2,2,1,1,2,2,2,2,2,9,2,1,1,2,2,2,2,2,2,2,1,5,5,5,2,2,2,2,2,3,6,8,2,2,2,5,2,2,2,2,2,2,2,2,2,2,11,11,2,2,2,2,7,7,7,7,7,7,7,7,10,10,10,10,10,10,10,10","0.000890016555786133","walktrap","edit-xhwikibooks.graphml"
"0.42","0.02","0.56","0.389661484128674","1,2,1,1,4,1,4,1,1,3,4,4,1,1,1,5,3,6,7,4,2,9,1,1,1,1,1,5,2,3,6,8,11,4,7,7,10,1,2,2,2,2,9,9,9,9,2,9,9,9,2,2,2,2,2,9,9,9,9,2,1,2,2,1,1,2,2,2,2,2,9,2,1,1,2,2,2,2,2,2,2,1,5,5,5,2,2,2,2,2,3,6,8,2,2,2,5,2,2,2,2,2,2,2,2,2,2,11,11,2,2,2,2,7,7,7,7,7,7,7,7,10,10,10,10,10,10,10,10","0.000796794891357422","walktrap","edit-xhwikibooks.graphml"
"0.41","0.03","0.56","0.389482958810283","1,2,1,1,4,1,4,1,1,3,4,4,1,1,1,5,3,6,7,4,2,9,1,1,1,1,1,5,2,3,6,8,11,4,7,7,10,1,2,2,2,2,9,9,9,9,2,9,9,9,2,2,2,2,2,9,9,9,9,2,1,2,2,1,1,2,2,2,2,2,9,2,1,1,2,2,2,2,2,2,2,1,5,5,5,2,2,2,2,2,3,6,8,2,2,2,5,2,2,2,2,2,2,2,2,2,2,11,11,2,2,2,2,7,7,7,7,7,7,7,7,10,10,10,10,10,10,10,10","0.000803947448730469","walktrap","edit-xhwikibooks.graphml"
"0.4","0.04","0.56","0.389482958810283","1,2,1,1,4,1,4,1,1,3,4,4,1,1,1,5,3,6,7,4,2,9,1,1,1,1,1,5,2,3,6,8,11,4,7,7,10,1,2,2,2,2,9,9,9,9,2,9,9,9,2,2,2,2,2,9,9,9,9,2,1,2,2,1,1,2,2,2,2,2,9,2,1,1,2,2,2,2,2,2,2,1,5,5,5,2,2,2,2,2,3,6,8,2,2,2,5,2,2,2,2,2,2,2,2,2,2,11,11,2,2,2,2,7,7,7,7,7,7,7,7,10,10,10,10,10,10,10,10","0.000790119171142578","walktrap","edit-xhwikibooks.graphml"
"0.39","0.05","0.56","0.388714104949855","1,2,1,1,4,1,4,1,1,3,4,4,1,1,1,5,3,6,7,4,2,9,1,1,1,1,1,5,2,3,6,8,11,4,7,7,10,1,2,2,2,2,9,9,9,9,2,9,9,9,2,2,2,2,2,9,9,9,9,2,1,2,2,1,1,2,2,2,2,2,9,2,1,1,2,2,2,2,2,2,2,1,5,5,5,2,2,2,2,2,3,6,8,2,2,2,5,2,2,2,2,2,2,2,2,2,2,11,11,2,2,2,2,7,7,7,7,7,7,7,7,10,10,10,10,10,10,10,10","0.000821113586425781","walktrap","edit-xhwikibooks.graphml"
"0.38","0.06","0.56","0.388714104949855","1,2,1,1,4,1,4,1,1,3,4,4,1,1,1,5,3,6,7,4,2,9,1,1,1,1,1,5,2,3,6,8,11,4,7,7,10,1,2,2,2,2,9,9,9,9,2,9,9,9,2,2,2,2,2,9,9,9,9,2,1,2,2,1,1,2,2,2,2,2,9,2,1,1,2,2,2,2,2,2,2,1,5,5,5,2,2,2,2,2,3,6,8,2,2,2,5,2,2,2,2,2,2,2,2,2,2,11,11,2,2,2,2,7,7,7,7,7,7,7,7,10,10,10,10,10,10,10,10","0.000787973403930664","walktrap","edit-xhwikibooks.graphml"
"0.37","0.07","0.56","0.388535959380529","1,2,1,1,4,1,4,1,1,3,4,4,1,1,1,5,3,6,7,4,2,9,1,1,1,1,1,5,2,3,6,8,11,4,7,7,10,1,2,2,2,2,9,9,9,9,2,9,9,9,2,2,2,2,2,9,9,9,9,2,1,2,2,1,1,2,2,2,2,2,9,2,1,1,2,2,2,2,2,2,2,1,5,5,5,2,2,2,2,2,3,6,8,2,2,2,5,2,2,2,2,2,2,2,2,2,2,11,11,2,2,2,2,7,7,7,7,7,7,7,7,10,10,10,10,10,10,10,10","0.00078582763671875","walktrap","edit-xhwikibooks.graphml"
"0.36","0.08","0.56","0.389155622788895","1,2,1,1,4,1,4,1,1,3,4,4,1,1,1,5,3,6,7,4,2,10,1,1,1,1,1,5,2,3,6,8,11,4,7,7,9,1,2,2,2,2,10,10,10,10,2,10,10,10,2,2,2,2,2,10,10,10,10,2,1,2,2,1,1,2,2,2,2,2,10,2,1,1,2,2,2,2,2,2,2,1,5,5,5,2,2,2,2,2,3,6,8,2,2,2,5,2,2,2,2,2,2,2,2,2,2,11,11,2,2,2,2,7,7,7,7,7,7,7,7,9,9,9,9,9,9,9,9","0.000784873962402344","walktrap","edit-xhwikibooks.graphml"
"0.35","0.09","0.56","0.388799579443859","1,2,1,1,4,1,4,1,1,3,4,4,1,1,1,5,3,6,7,4,2,10,1,1,1,1,1,5,2,3,6,8,11,4,7,7,9,1,2,2,2,2,10,10,10,10,2,10,10,10,2,2,2,2,2,10,10,10,10,2,1,2,2,1,1,2,2,2,2,2,10,2,1,1,2,2,2,2,2,2,2,1,5,5,5,2,2,2,2,2,3,6,8,2,2,2,5,2,2,2,2,2,2,2,2,2,2,11,11,2,2,2,2,7,7,7,7,7,7,7,7,9,9,9,9,9,9,9,9","0.000842094421386719","walktrap","edit-xhwikibooks.graphml"
"0.34","0.1","0.56","0.388799579443859","1,2,1,1,4,1,4,1,1,3,4,4,1,1,1,5,3,6,7,4,2,10,1,1,1,1,1,5,2,3,6,8,11,4,7,7,9,1,2,2,2,2,10,10,10,10,2,10,10,10,2,2,2,2,2,10,10,10,10,2,1,2,2,1,1,2,2,2,2,2,10,2,1,1,2,2,2,2,2,2,2,1,5,5,5,2,2,2,2,2,3,6,8,2,2,2,5,2,2,2,2,2,2,2,2,2,2,11,11,2,2,2,2,7,7,7,7,7,7,7,7,9,9,9,9,9,9,9,9","0.000790834426879883","walktrap","edit-xhwikibooks.graphml"
"0.33","0.11","0.56","0.388621787344483","1,2,1,1,4,1,4,1,1,3,4,4,1,1,1,5,3,6,7,4,2,10,1,1,1,1,1,5,2,3,6,8,11,4,7,7,9,1,2,2,2,2,10,10,10,10,2,10,10,10,2,2,2,2,2,10,10,10,10,2,1,2,2,1,1,2,2,2,2,2,10,2,1,1,2,2,2,2,2,2,2,1,5,5,5,2,2,2,2,2,3,6,8,2,2,2,5,2,2,2,2,2,2,2,2,2,2,11,11,2,2,2,2,7,7,7,7,7,7,7,7,9,9,9,9,9,9,9,9","0.0007781982421875","walktrap","edit-xhwikibooks.graphml"
"0.32","0.12","0.56","0.389863581464092","1,2,1,1,4,1,4,1,1,3,4,4,1,1,1,5,3,6,8,4,2,9,1,1,1,1,1,5,2,3,6,7,11,4,8,8,10,1,2,2,2,2,9,9,9,9,2,9,9,9,2,2,2,2,2,9,9,9,9,2,1,2,2,1,1,2,2,2,2,2,9,2,1,1,2,2,2,2,2,2,2,1,5,5,5,2,2,2,2,2,3,6,7,2,2,2,5,2,2,2,2,2,2,2,2,2,2,11,11,2,2,2,2,8,8,8,8,8,8,8,8,10,10,10,10,10,10,10,10","0.000782966613769531","walktrap","edit-xhwikibooks.graphml"
"0.31","0.13","0.56","0.38713812244898","2,3,2,2,1,2,1,2,2,2,1,4,2,2,2,5,6,1,1,4,3,9,2,2,2,2,2,5,3,6,8,7,4,4,1,1,10,2,3,3,3,3,9,9,9,9,3,9,9,9,3,3,3,3,3,9,9,9,9,3,2,3,3,2,2,3,3,3,3,3,9,3,2,2,3,3,3,3,3,3,3,2,5,5,5,3,3,3,3,3,6,8,7,3,3,3,5,3,3,3,3,3,3,3,3,3,3,4,4,3,3,3,3,1,1,1,1,1,1,1,1,10,10,10,10,10,10,10,10","0.000946998596191406","walktrap","edit-xhwikibooks.graphml"
"0.3","0.14","0.56","0.38713812244898","2,3,2,2,1,2,1,2,2,2,1,4,2,2,2,5,6,1,1,4,3,9,2,2,2,2,2,5,3,6,8,7,4,4,1,1,10,2,3,3,3,3,9,9,9,9,3,9,9,9,3,3,3,3,3,9,9,9,9,3,2,3,3,2,2,3,3,3,3,3,9,3,2,2,3,3,3,3,3,3,3,2,5,5,5,3,3,3,3,3,6,8,7,3,3,3,5,3,3,3,3,3,3,3,3,3,3,4,4,3,3,3,3,1,1,1,1,1,1,1,1,10,10,10,10,10,10,10,10","0.000806093215942383","walktrap","edit-xhwikibooks.graphml"
"0.29","0.15","0.56","0.388743143217848","2,3,2,2,1,2,1,2,2,2,1,4,2,2,2,5,6,1,1,4,3,9,2,2,2,2,2,5,3,6,8,7,4,4,1,1,10,2,3,3,3,3,9,9,9,9,3,9,9,9,3,3,3,3,3,9,9,9,9,3,2,3,3,2,2,3,3,3,3,3,9,3,2,2,3,3,3,3,3,3,3,2,5,5,5,3,3,3,3,3,6,8,7,3,3,3,5,3,3,3,3,3,3,3,3,3,3,4,4,3,3,3,3,1,1,1,1,1,1,1,1,10,10,10,10,10,10,10,10","0.000782966613769531","walktrap","edit-xhwikibooks.graphml"
"0.28","0.16","0.56","0.38936420970609","2,3,2,2,1,2,1,2,2,2,1,4,2,2,2,5,6,1,1,4,3,9,2,2,2,2,2,5,3,6,8,7,4,4,1,1,10,2,3,3,3,3,9,9,9,9,3,9,9,9,3,3,3,3,3,9,9,9,9,3,2,3,3,2,2,3,3,3,3,3,9,3,2,2,3,3,3,3,3,3,3,2,5,5,5,3,3,3,3,3,6,8,7,3,3,3,5,3,3,3,3,3,3,3,3,3,3,4,4,3,3,3,3,1,1,1,1,1,1,1,1,10,10,10,10,10,10,10,10","0.000782012939453125","walktrap","edit-xhwikibooks.graphml"
"0.27","0.17","0.56","0.389184527114326","2,3,2,2,1,2,1,2,2,2,1,4,2,2,2,5,6,1,1,4,3,9,2,2,2,2,2,5,3,6,8,7,4,4,1,1,10,2,3,3,3,3,9,9,9,9,3,9,9,9,3,3,3,3,3,9,9,9,9,3,2,3,3,2,2,3,3,3,3,3,9,3,2,2,3,3,3,3,3,3,3,2,5,5,5,3,3,3,3,3,6,8,7,3,3,3,5,3,3,3,3,3,3,3,3,3,3,4,4,3,3,3,3,1,1,1,1,1,1,1,1,10,10,10,10,10,10,10,10","0.000795125961303711","walktrap","edit-xhwikibooks.graphml"
"0.26","0.18","0.56","0.389184527114326","2,3,2,2,1,2,1,2,2,2,1,4,2,2,2,5,6,1,1,4,3,9,2,2,2,2,2,5,3,6,8,7,4,4,1,1,10,2,3,3,3,3,9,9,9,9,3,9,9,9,3,3,3,3,3,9,9,9,9,3,2,3,3,2,2,3,3,3,3,3,9,3,2,2,3,3,3,3,3,3,3,2,5,5,5,3,3,3,3,3,6,8,7,3,3,3,5,3,3,3,3,3,3,3,3,3,3,4,4,3,3,3,3,1,1,1,1,1,1,1,1,10,10,10,10,10,10,10,10","0.000811100006103516","walktrap","edit-xhwikibooks.graphml"
"0.25","0.19","0.56","0.38900662088616","2,3,2,2,1,2,1,2,2,2,1,4,2,2,2,5,6,1,1,4,3,9,2,2,2,2,2,5,3,6,8,7,4,4,1,1,10,2,3,3,3,3,9,9,9,9,3,9,9,9,3,3,3,3,3,9,9,9,9,3,2,3,3,2,2,3,3,3,3,3,9,3,2,2,3,3,3,3,3,3,3,2,5,5,5,3,3,3,3,3,6,8,7,3,3,3,5,3,3,3,3,3,3,3,3,3,3,4,4,3,3,3,3,1,1,1,1,1,1,1,1,10,10,10,10,10,10,10,10","0.000804901123046875","walktrap","edit-xhwikibooks.graphml"
"0.24","0.2","0.56","0.390187748801664","2,3,2,2,1,2,1,2,2,2,1,4,2,2,2,5,6,1,1,4,3,9,2,2,2,2,2,5,3,6,8,7,4,4,1,1,10,2,3,3,3,3,9,9,9,9,3,9,9,9,3,3,3,3,3,9,9,9,9,3,2,3,3,2,2,3,3,3,3,3,9,3,2,2,3,3,3,3,3,3,3,2,5,5,5,3,3,3,3,3,6,8,7,3,3,3,5,3,3,3,3,3,3,3,3,3,3,4,4,3,3,3,3,1,1,1,1,1,1,1,1,10,10,10,10,10,10,10,10","0.00083613395690918","walktrap","edit-xhwikibooks.graphml"
"0.23","0.21","0.56","0.390009846332645","2,3,2,2,1,2,1,2,2,2,1,4,2,2,2,5,6,1,1,4,3,9,2,2,2,2,2,5,3,6,8,7,4,4,1,1,10,2,3,3,3,3,9,9,9,9,3,9,9,9,3,3,3,3,3,9,9,9,9,3,2,3,3,2,2,3,3,3,3,3,9,3,2,2,3,3,3,3,3,3,3,2,5,5,5,3,3,3,3,3,6,8,7,3,3,3,5,3,3,3,3,3,3,3,3,3,3,4,4,3,3,3,3,1,1,1,1,1,1,1,1,10,10,10,10,10,10,10,10","0.000821113586425781","walktrap","edit-xhwikibooks.graphml"
"0.22","0.22","0.56","0.390009846332645","2,3,2,2,1,2,1,2,2,2,1,4,2,2,2,5,6,1,1,4,3,9,2,2,2,2,2,5,3,6,8,7,4,4,1,1,10,2,3,3,3,3,9,9,9,9,3,9,9,9,3,3,3,3,3,9,9,9,9,3,2,3,3,2,2,3,3,3,3,3,9,3,2,2,3,3,3,3,3,3,3,2,5,5,5,3,3,3,3,3,6,8,7,3,3,3,5,3,3,3,3,3,3,3,3,3,3,4,4,3,3,3,3,1,1,1,1,1,1,1,1,10,10,10,10,10,10,10,10","0.000816106796264648","walktrap","edit-xhwikibooks.graphml"
"0.21","0.23","0.56","0.391064160282147","2,3,2,2,1,2,1,2,2,2,1,4,2,2,2,5,6,1,1,4,3,9,2,2,2,2,2,5,3,6,8,7,4,4,1,1,10,2,3,3,3,3,9,9,9,9,3,9,9,9,3,3,3,3,3,9,9,9,9,3,2,3,3,2,2,3,3,3,3,3,9,3,2,2,3,3,3,3,3,3,3,2,5,5,5,3,3,3,3,3,6,8,7,3,3,3,5,3,3,3,3,3,3,3,3,3,3,4,4,3,3,3,3,1,1,1,1,1,1,1,1,10,10,10,10,10,10,10,10","0.000809907913208008","walktrap","edit-xhwikibooks.graphml"
"0.2","0.24","0.56","0.391679167887866","2,3,2,2,1,2,1,2,2,2,1,4,2,2,2,5,6,1,1,4,3,9,2,2,2,2,2,5,3,6,8,7,4,4,1,1,10,2,3,3,3,3,9,9,9,9,3,9,9,9,3,3,3,3,3,9,9,9,9,3,2,3,3,2,2,3,3,3,3,3,9,3,2,2,3,3,3,3,3,3,3,2,5,5,5,3,3,3,3,3,6,8,7,3,3,3,5,3,3,3,3,3,3,3,3,3,3,4,4,3,3,3,3,1,1,1,1,1,1,1,1,10,10,10,10,10,10,10,10","0.000938177108764648","walktrap","edit-xhwikibooks.graphml"
"0.19","0.25","0.56","0.39111155695014","1,2,1,1,3,1,3,1,1,1,3,3,1,1,1,4,5,3,8,3,2,10,1,1,1,1,1,4,2,5,7,6,9,3,8,8,11,1,2,2,2,2,10,10,10,10,2,10,10,10,2,2,2,2,2,10,10,10,10,2,1,2,2,1,1,2,2,2,2,2,10,2,1,1,2,2,2,2,2,2,2,1,4,4,4,2,2,2,2,2,5,7,6,2,2,2,4,2,2,2,2,2,2,2,2,2,2,9,9,2,2,2,2,8,8,8,8,8,8,8,8,11,11,11,11,11,11,11,11","0.000771999359130859","walktrap","edit-xhwikibooks.graphml"
"0.18","0.26","0.56","0.39111155695014","1,2,1,1,3,1,3,1,1,1,3,3,1,1,1,4,5,3,8,3,2,10,1,1,1,1,1,4,2,5,7,6,9,3,8,8,11,1,2,2,2,2,10,10,10,10,2,10,10,10,2,2,2,2,2,10,10,10,10,2,1,2,2,1,1,2,2,2,2,2,10,2,1,1,2,2,2,2,2,2,2,1,4,4,4,2,2,2,2,2,5,7,6,2,2,2,4,2,2,2,2,2,2,2,2,2,2,9,9,2,2,2,2,8,8,8,8,8,8,8,8,11,11,11,11,11,11,11,11","0.000757217407226562","walktrap","edit-xhwikibooks.graphml"
"0.17","0.27","0.56","0.39111155695014","1,2,1,1,3,1,3,1,1,1,3,3,1,1,1,4,5,3,8,3,2,10,1,1,1,1,1,4,2,5,7,6,9,3,8,8,11,1,2,2,2,2,10,10,10,10,2,10,10,10,2,2,2,2,2,10,10,10,10,2,1,2,2,1,1,2,2,2,2,2,10,2,1,1,2,2,2,2,2,2,2,1,4,4,4,2,2,2,2,2,5,7,6,2,2,2,4,2,2,2,2,2,2,2,2,2,2,9,9,2,2,2,2,8,8,8,8,8,8,8,8,11,11,11,11,11,11,11,11","0.000764131546020508","walktrap","edit-xhwikibooks.graphml"
"0.16","0.28","0.56","0.390933596600696","1,2,1,1,3,1,3,1,1,1,3,3,1,1,1,4,5,3,8,3,2,10,1,1,1,1,1,4,2,5,7,6,9,3,8,8,11,1,2,2,2,2,10,10,10,10,2,10,10,10,2,2,2,2,2,10,10,10,10,2,1,2,2,1,1,2,2,2,2,2,10,2,1,1,2,2,2,2,2,2,2,1,4,4,4,2,2,2,2,2,5,7,6,2,2,2,4,2,2,2,2,2,2,2,2,2,2,9,9,2,2,2,2,8,8,8,8,8,8,8,8,11,11,11,11,11,11,11,11","0.000773906707763672","walktrap","edit-xhwikibooks.graphml"
"0.15","0.29","0.56","0.39192873561088","1,2,1,1,3,1,3,1,1,1,3,3,1,1,1,4,5,3,9,3,2,10,1,1,1,1,1,4,2,5,7,6,8,3,9,9,11,1,2,2,2,2,10,10,10,10,2,10,10,10,2,2,2,2,2,10,10,10,10,2,1,2,2,1,1,2,2,2,2,2,10,2,1,1,2,2,2,2,2,2,2,1,4,4,4,2,2,2,2,2,5,7,6,2,2,2,4,2,2,2,2,2,2,2,2,2,2,8,8,2,2,2,2,9,9,9,9,9,9,9,9,11,11,11,11,11,11,11,11","0.000780820846557617","walktrap","edit-xhwikibooks.graphml"
"0.14","0.3","0.56","0.391750933639759","1,2,1,1,3,1,3,1,1,1,3,3,1,1,1,4,5,3,9,3,2,10,1,1,1,1,1,4,2,5,7,6,8,3,9,9,11,1,2,2,2,2,10,10,10,10,2,10,10,10,2,2,2,2,2,10,10,10,10,2,1,2,2,1,1,2,2,2,2,2,10,2,1,1,2,2,2,2,2,2,2,1,4,4,4,2,2,2,2,2,5,7,6,2,2,2,4,2,2,2,2,2,2,2,2,2,2,8,8,2,2,2,2,9,9,9,9,9,9,9,9,11,11,11,11,11,11,11,11","0.00079798698425293","walktrap","edit-xhwikibooks.graphml"
"0.13","0.31","0.56","0.392361756525948","1,2,1,1,3,1,3,1,1,1,3,3,1,1,1,4,5,3,9,3,2,10,1,1,1,1,1,4,2,5,7,6,8,3,9,9,11,1,2,2,2,2,10,10,10,10,2,10,10,10,2,2,2,2,2,10,10,10,10,2,1,2,2,1,1,2,2,2,2,2,10,2,1,1,2,2,2,2,2,2,2,1,4,4,4,2,2,2,2,2,5,7,6,2,2,2,4,2,2,2,2,2,2,2,2,2,2,8,8,2,2,2,2,9,9,9,9,9,9,9,9,11,11,11,11,11,11,11,11","0.000796079635620117","walktrap","edit-xhwikibooks.graphml"
"0.12","0.32","0.56","0.39218400475926","1,2,1,1,3,1,3,1,1,1,3,3,1,1,1,4,5,3,9,3,2,10,1,1,1,1,1,4,2,5,7,6,8,3,9,9,11,1,2,2,2,2,10,10,10,10,2,10,10,10,2,2,2,2,2,10,10,10,10,2,1,2,2,1,1,2,2,2,2,2,10,2,1,1,2,2,2,2,2,2,2,1,4,4,4,2,2,2,2,2,5,7,6,2,2,2,4,2,2,2,2,2,2,2,2,2,2,8,8,2,2,2,2,9,9,9,9,9,9,9,9,11,11,11,11,11,11,11,11","0.000822067260742188","walktrap","edit-xhwikibooks.graphml"
"0.11","0.33","0.56","0.400519993447633","1,2,1,1,3,1,3,1,1,1,3,3,1,1,1,4,5,3,9,3,2,10,1,1,1,1,1,4,2,5,7,6,8,3,9,9,11,1,2,2,2,2,10,10,10,10,2,10,10,10,2,2,2,2,2,10,10,10,10,2,1,2,2,1,1,2,2,2,2,2,10,2,1,1,2,2,2,2,2,2,2,1,4,4,4,2,2,2,2,2,5,7,6,2,2,2,4,2,2,2,2,2,2,2,2,2,2,8,8,2,2,2,2,9,9,9,9,9,9,9,9,11,11,11,11,11,11,11,11","0.000813961029052734","walktrap","edit-xhwikibooks.graphml"
"0.1","0.34","0.56","0.408254513818667","1,2,1,1,1,3,1,3,3,3,1,1,3,3,3,4,5,1,9,1,2,10,3,3,3,3,3,4,2,5,7,6,8,1,9,9,11,3,2,2,2,2,10,10,10,10,2,10,10,10,2,2,2,2,2,10,10,10,10,2,3,2,2,3,3,2,2,2,2,2,10,2,3,3,2,2,2,2,2,2,2,3,4,4,4,2,2,2,2,2,5,7,6,2,2,2,4,2,2,2,2,2,2,2,2,2,2,8,8,2,2,2,2,9,9,9,9,9,9,9,9,11,11,11,11,11,11,11,11","0.000769138336181641","walktrap","edit-xhwikibooks.graphml"
"0.09","0.35","0.56","0.408254513818667","1,2,1,1,1,3,1,3,3,3,1,1,3,3,3,4,5,1,9,1,2,10,3,3,3,3,3,4,2,5,7,6,8,1,9,9,11,3,2,2,2,2,10,10,10,10,2,10,10,10,2,2,2,2,2,10,10,10,10,2,3,2,2,3,3,2,2,2,2,2,10,2,3,3,2,2,2,2,2,2,2,3,4,4,4,2,2,2,2,2,5,7,6,2,2,2,4,2,2,2,2,2,2,2,2,2,2,8,8,2,2,2,2,9,9,9,9,9,9,9,9,11,11,11,11,11,11,11,11","0.000776052474975586","walktrap","edit-xhwikibooks.graphml"
"0.08","0.36","0.56","0.408068341943027","1,2,1,1,1,3,1,3,3,3,1,1,3,3,3,4,5,1,9,1,2,10,3,3,3,3,3,4,2,5,7,6,8,1,9,9,11,3,2,2,2,2,10,10,10,10,2,10,10,10,2,2,2,2,2,10,10,10,10,2,3,2,2,3,3,2,2,2,2,2,10,2,3,3,2,2,2,2,2,2,2,3,4,4,4,2,2,2,2,2,5,7,6,2,2,2,4,2,2,2,2,2,2,2,2,2,2,8,8,2,2,2,2,9,9,9,9,9,9,9,9,11,11,11,11,11,11,11,11","0.000875949859619141","walktrap","edit-xhwikibooks.graphml"
"0.07","0.37","0.56","0.406870789892336","1,3,1,1,1,2,1,2,2,2,1,1,2,2,2,4,5,1,9,1,3,10,2,2,2,2,2,4,3,5,7,6,8,1,9,9,11,2,3,3,3,3,10,10,10,10,3,10,10,10,3,3,3,3,3,10,10,10,10,3,2,3,3,2,2,3,3,3,3,3,10,3,2,2,3,3,3,3,3,3,3,2,4,4,4,3,3,3,3,3,5,7,6,3,3,3,4,3,3,3,3,3,3,3,3,3,3,8,8,3,3,3,3,9,9,9,9,9,9,9,9,11,11,11,11,11,11,11,11","0.000771045684814453","walktrap","edit-xhwikibooks.graphml"
"0.06","0.38","0.56","0.407918330127106","1,3,1,1,2,1,2,1,1,1,2,2,1,1,1,4,5,2,9,2,3,10,1,1,1,1,1,4,3,5,7,6,8,2,9,9,11,1,3,3,3,3,10,10,10,10,3,10,10,10,3,3,3,3,3,10,10,10,10,3,1,3,3,1,1,3,3,3,3,3,10,3,1,1,3,3,3,3,3,3,3,1,4,4,4,3,3,3,3,3,5,7,6,3,3,3,4,3,3,3,3,3,3,3,3,3,3,8,8,3,3,3,3,9,9,9,9,9,9,9,9,11,11,11,11,11,11,11,11","0.000768184661865234","walktrap","edit-xhwikibooks.graphml"
"0.05","0.39","0.56","0.408519148055536","1,3,1,1,2,1,2,1,1,1,2,2,1,1,1,4,5,2,9,2,3,10,1,1,1,1,1,4,3,5,7,6,8,2,9,9,11,1,3,3,3,3,10,10,10,10,3,10,10,10,3,3,3,3,3,10,10,10,10,3,1,3,3,1,1,3,3,3,3,3,10,3,1,1,3,3,3,3,3,3,3,1,4,4,4,3,3,3,3,3,5,7,6,3,3,3,4,3,3,3,3,3,3,3,3,3,3,8,8,3,3,3,3,9,9,9,9,9,9,9,9,11,11,11,11,11,11,11,11","0.000756978988647461","walktrap","edit-xhwikibooks.graphml"
"0.04","0.4","0.56","0.409466096337468","1,3,1,1,2,1,2,1,1,1,2,2,1,1,1,4,5,2,9,2,3,10,1,1,1,1,1,4,3,5,7,6,8,2,9,9,11,1,3,3,3,3,10,10,10,10,3,10,10,10,3,3,3,3,3,10,10,10,10,3,1,3,3,1,1,3,3,3,3,3,10,3,1,1,3,3,3,3,3,3,3,1,4,4,4,3,3,3,3,3,5,7,6,3,3,3,4,3,3,3,3,3,3,3,3,3,3,8,8,3,3,3,3,9,9,9,9,9,9,9,9,11,11,11,11,11,11,11,11","0.000778913497924805","walktrap","edit-xhwikibooks.graphml"
"0.03","0.41","0.56","0.409466096337468","1,3,1,1,2,1,2,1,1,1,2,2,1,1,1,4,5,2,9,2,3,10,1,1,1,1,1,4,3,5,7,6,8,2,9,9,11,1,3,3,3,3,10,10,10,10,3,10,10,10,3,3,3,3,3,10,10,10,10,3,1,3,3,1,1,3,3,3,3,3,10,3,1,1,3,3,3,3,3,3,3,1,4,4,4,3,3,3,3,3,5,7,6,3,3,3,4,3,3,3,3,3,3,3,3,3,3,8,8,3,3,3,3,9,9,9,9,9,9,9,9,11,11,11,11,11,11,11,11","0.000782966613769531","walktrap","edit-xhwikibooks.graphml"
"0.02","0.42","0.56","0.409280285883361","1,3,1,1,2,1,2,1,1,1,2,2,1,1,1,4,5,2,9,2,3,10,1,1,1,1,1,4,3,5,7,6,8,2,9,9,11,1,3,3,3,3,10,10,10,10,3,10,10,10,3,3,3,3,3,10,10,10,10,3,1,3,3,1,1,3,3,3,3,3,10,3,1,1,3,3,3,3,3,3,3,1,4,4,4,3,3,3,3,3,5,7,6,3,3,3,4,3,3,3,3,3,3,3,3,3,3,8,8,3,3,3,3,9,9,9,9,9,9,9,9,11,11,11,11,11,11,11,11","0.000880002975463867","walktrap","edit-xhwikibooks.graphml"
"0.01","0.43","0.56","0.410416252114218","1,3,1,1,2,1,2,1,1,1,2,2,1,1,1,4,5,2,9,2,3,10,1,1,1,1,1,4,3,5,7,6,8,2,9,9,11,1,3,3,3,3,10,10,10,10,3,10,10,10,3,3,3,3,3,10,10,10,10,3,1,3,3,1,1,3,3,3,3,3,10,3,1,1,3,3,3,3,3,3,3,1,4,4,4,3,3,3,3,3,5,7,6,3,3,3,4,3,3,3,3,3,3,3,3,3,3,8,8,3,3,3,3,9,9,9,9,9,9,9,9,11,11,11,11,11,11,11,11","0.000885963439941406","walktrap","edit-xhwikibooks.graphml"
"0","0.44","0.56","0.411309613378926","1,11,1,1,2,1,2,1,1,1,2,2,1,1,1,3,4,2,8,2,11,9,1,1,1,1,1,3,1,4,6,5,7,2,8,8,10,1,11,11,11,11,9,9,9,9,11,9,9,9,11,11,11,11,11,9,9,9,9,11,1,11,11,1,1,11,11,11,11,11,9,11,1,1,11,11,11,11,11,11,11,1,3,3,3,1,11,11,11,11,4,6,5,11,11,11,3,11,11,11,11,11,11,11,11,11,11,7,7,11,11,11,11,8,8,8,8,8,8,8,8,10,10,10,10,10,10,10,10","0.000782966613769531","walktrap","edit-xhwikibooks.graphml"
"0.43","0","0.57","0.388954908734425","1,2,1,1,4,1,4,1,1,3,4,4,1,1,1,5,3,6,7,4,2,9,1,1,1,1,1,5,2,3,6,8,11,4,7,7,10,1,2,2,2,2,9,9,9,9,2,9,9,9,2,2,2,2,2,9,9,9,9,2,1,2,2,1,1,2,2,2,2,2,9,2,1,1,2,2,2,2,2,2,2,1,5,5,5,2,2,2,2,2,3,6,8,2,2,2,5,2,2,2,2,2,2,2,2,2,2,11,11,2,2,2,2,7,7,7,7,7,7,7,7,10,10,10,10,10,10,10,10","0.000786066055297852","walktrap","edit-xhwikibooks.graphml"
"0.42","0.01","0.57","0.388954908734425","1,2,1,1,4,1,4,1,1,3,4,4,1,1,1,5,3,6,7,4,2,9,1,1,1,1,1,5,2,3,6,8,11,4,7,7,10,1,2,2,2,2,9,9,9,9,2,9,9,9,2,2,2,2,2,9,9,9,9,2,1,2,2,1,1,2,2,2,2,2,9,2,1,1,2,2,2,2,2,2,2,1,5,5,5,2,2,2,2,2,3,6,8,2,2,2,5,2,2,2,2,2,2,2,2,2,2,11,11,2,2,2,2,7,7,7,7,7,7,7,7,10,10,10,10,10,10,10,10","0.000770092010498047","walktrap","edit-xhwikibooks.graphml"
"0.41","0.02","0.57","0.388954908734425","1,2,1,1,4,1,4,1,1,3,4,4,1,1,1,5,3,6,7,4,2,9,1,1,1,1,1,5,2,3,6,8,11,4,7,7,10,1,2,2,2,2,9,9,9,9,2,9,9,9,2,2,2,2,2,9,9,9,9,2,1,2,2,1,1,2,2,2,2,2,9,2,1,1,2,2,2,2,2,2,2,1,5,5,5,2,2,2,2,2,3,6,8,2,2,2,5,2,2,2,2,2,2,2,2,2,2,11,11,2,2,2,2,7,7,7,7,7,7,7,7,10,10,10,10,10,10,10,10","0.000758886337280273","walktrap","edit-xhwikibooks.graphml"
"0.4","0.03","0.57","0.388777039147409","1,2,1,1,4,1,4,1,1,3,4,4,1,1,1,5,3,6,7,4,2,9,1,1,1,1,1,5,2,3,6,8,11,4,7,7,10,1,2,2,2,2,9,9,9,9,2,9,9,9,2,2,2,2,2,9,9,9,9,2,1,2,2,1,1,2,2,2,2,2,9,2,1,1,2,2,2,2,2,2,2,1,5,5,5,2,2,2,2,2,3,6,8,2,2,2,5,2,2,2,2,2,2,2,2,2,2,11,11,2,2,2,2,7,7,7,7,7,7,7,7,10,10,10,10,10,10,10,10","0.00086212158203125","walktrap","edit-xhwikibooks.graphml"
"0.39","0.04","0.57","0.388777039147409","1,2,1,1,4,1,4,1,1,3,4,4,1,1,1,5,3,6,7,4,2,9,1,1,1,1,1,5,2,3,6,8,11,4,7,7,10,1,2,2,2,2,9,9,9,9,2,9,9,9,2,2,2,2,2,9,9,9,9,2,1,2,2,1,1,2,2,2,2,2,9,2,1,1,2,2,2,2,2,2,2,1,5,5,5,2,2,2,2,2,3,6,8,2,2,2,5,2,2,2,2,2,2,2,2,2,2,11,11,2,2,2,2,7,7,7,7,7,7,7,7,10,10,10,10,10,10,10,10","0.000779867172241211","walktrap","edit-xhwikibooks.graphml"
"0.38","0.05","0.57","0.388599322336435","1,2,1,1,4,1,4,1,1,3,4,4,1,1,1,5,3,6,7,4,2,9,1,1,1,1,1,5,2,3,6,8,11,4,7,7,10,1,2,2,2,2,9,9,9,9,2,9,9,9,2,2,2,2,2,9,9,9,9,2,1,2,2,1,1,2,2,2,2,2,9,2,1,1,2,2,2,2,2,2,2,1,5,5,5,2,2,2,2,2,3,6,8,2,2,2,5,2,2,2,2,2,2,2,2,2,2,11,11,2,2,2,2,7,7,7,7,7,7,7,7,10,10,10,10,10,10,10,10","0.000780105590820312","walktrap","edit-xhwikibooks.graphml"
"0.37","0.06","0.57","0.388599322336435","1,2,1,1,4,1,4,1,1,3,4,4,1,1,1,5,3,6,7,4,2,9,1,1,1,1,1,5,2,3,6,8,11,4,7,7,10,1,2,2,2,2,9,9,9,9,2,9,9,9,2,2,2,2,2,9,9,9,9,2,1,2,2,1,1,2,2,2,2,2,9,2,1,1,2,2,2,2,2,2,2,1,5,5,5,2,2,2,2,2,3,6,8,2,2,2,5,2,2,2,2,2,2,2,2,2,2,11,11,2,2,2,2,7,7,7,7,7,7,7,7,10,10,10,10,10,10,10,10","0.00075984001159668","walktrap","edit-xhwikibooks.graphml"
"0.36","0.07","0.57","0.38842175812564","1,2,1,1,4,1,4,1,1,3,4,4,1,1,1,5,3,6,7,4,2,9,1,1,1,1,1,5,2,3,6,8,11,4,7,7,10,1,2,2,2,2,9,9,9,9,2,9,9,9,2,2,2,2,2,9,9,9,9,2,1,2,2,1,1,2,2,2,2,2,9,2,1,1,2,2,2,2,2,2,2,1,5,5,5,2,2,2,2,2,3,6,8,2,2,2,5,2,2,2,2,2,2,2,2,2,2,11,11,2,2,2,2,7,7,7,7,7,7,7,7,10,10,10,10,10,10,10,10","0.000789880752563477","walktrap","edit-xhwikibooks.graphml"
"0.35","0.08","0.57","0.389217339925605","1,2,1,1,4,1,4,1,1,3,4,4,1,1,1,5,3,6,7,4,2,10,1,1,1,1,1,5,2,3,6,8,11,4,7,7,9,1,2,2,2,2,10,10,10,10,2,10,10,10,2,2,2,2,2,10,10,10,10,2,1,2,2,1,1,2,2,2,2,2,10,2,1,1,2,2,2,2,2,2,2,1,5,5,5,2,2,2,2,2,3,6,8,2,2,2,5,2,2,2,2,2,2,2,2,2,2,11,11,2,2,2,2,7,7,7,7,7,7,7,7,9,9,9,9,9,9,9,9","0.000770092010498047","walktrap","edit-xhwikibooks.graphml"
"0.34","0.09","0.57","0.38886215325326","1,2,1,1,4,1,4,1,1,3,4,4,1,1,1,5,3,6,7,4,2,10,1,1,1,1,1,5,2,3,6,8,11,4,7,7,9,1,2,2,2,2,10,10,10,10,2,10,10,10,2,2,2,2,2,10,10,10,10,2,1,2,2,1,1,2,2,2,2,2,10,2,1,1,2,2,2,2,2,2,2,1,5,5,5,2,2,2,2,2,3,6,8,2,2,2,5,2,2,2,2,2,2,2,2,2,2,11,11,2,2,2,2,7,7,7,7,7,7,7,7,9,9,9,9,9,9,9,9","0.000792026519775391","walktrap","edit-xhwikibooks.graphml"
"0.33","0.1","0.57","0.38886215325326","1,2,1,1,4,1,4,1,1,3,4,4,1,1,1,5,3,6,7,4,2,10,1,1,1,1,1,5,2,3,6,8,11,4,7,7,9,1,2,2,2,2,10,10,10,10,2,10,10,10,2,2,2,2,2,10,10,10,10,2,1,2,2,1,1,2,2,2,2,2,10,2,1,1,2,2,2,2,2,2,2,1,5,5,5,2,2,2,2,2,3,6,8,2,2,2,5,2,2,2,2,2,2,2,2,2,2,11,11,2,2,2,2,7,7,7,7,7,7,7,7,9,9,9,9,9,9,9,9","0.000769138336181641","walktrap","edit-xhwikibooks.graphml"
"0.32","0.11","0.57","0.38868478822314","1,2,1,1,4,1,4,1,1,3,4,4,1,1,1,5,3,6,7,4,2,10,1,1,1,1,1,5,2,3,6,8,11,4,7,7,9,1,2,2,2,2,10,10,10,10,2,10,10,10,2,2,2,2,2,10,10,10,10,2,1,2,2,1,1,2,2,2,2,2,10,2,1,1,2,2,2,2,2,2,2,1,5,5,5,2,2,2,2,2,3,6,8,2,2,2,5,2,2,2,2,2,2,2,2,2,2,11,11,2,2,2,2,7,7,7,7,7,7,7,7,9,9,9,9,9,9,9,9","0.000782012939453125","walktrap","edit-xhwikibooks.graphml"
"0.31","0.12","0.57","0.389923933307651","1,2,1,1,4,1,4,1,1,3,4,4,1,1,1,5,3,6,8,4,2,9,1,1,1,1,1,5,2,3,6,7,11,4,8,8,10,1,2,2,2,2,9,9,9,9,2,9,9,9,2,2,2,2,2,9,9,9,9,2,1,2,2,1,1,2,2,2,2,2,9,2,1,1,2,2,2,2,2,2,2,1,5,5,5,2,2,2,2,2,3,6,7,2,2,2,5,2,2,2,2,2,2,2,2,2,2,11,11,2,2,2,2,8,8,8,8,8,8,8,8,10,10,10,10,10,10,10,10","0.000774860382080078","walktrap","edit-xhwikibooks.graphml"
"0.3","0.13","0.57","0.390095128459173","1,2,1,1,4,1,4,1,1,3,4,4,1,1,1,5,3,6,8,4,2,9,1,1,1,1,1,5,2,3,6,7,11,4,8,8,10,1,2,2,2,2,9,9,9,9,2,9,9,9,2,2,2,2,2,9,9,9,9,2,1,2,2,1,1,2,2,2,2,2,9,2,1,1,2,2,2,2,2,2,2,1,5,5,5,2,2,2,2,2,3,6,7,2,2,2,5,2,2,2,2,2,2,2,2,2,2,11,11,2,2,2,2,8,8,8,8,8,8,8,8,10,10,10,10,10,10,10,10","0.000885963439941406","walktrap","edit-xhwikibooks.graphml"
"0.29","0.14","0.57","0.389508019841857","1,2,1,1,4,1,4,1,1,3,4,4,1,1,1,5,3,6,8,4,2,9,1,1,1,1,1,5,2,3,6,7,11,4,8,8,10,1,2,2,2,2,9,9,9,9,2,9,9,9,2,2,2,2,2,9,9,9,9,2,1,2,2,1,1,2,2,2,2,2,9,2,1,1,2,2,2,2,2,2,2,1,5,5,5,2,2,2,2,2,3,6,7,2,2,2,5,2,2,2,2,2,2,2,2,2,2,11,11,2,2,2,2,8,8,8,8,8,8,8,8,10,10,10,10,10,10,10,10","0.000774860382080078","walktrap","edit-xhwikibooks.graphml"
"0.28","0.15","0.57","0.388565190217612","2,3,2,2,1,2,1,2,2,2,1,4,2,2,2,5,6,1,1,4,3,9,2,2,2,2,2,5,3,6,8,7,4,4,1,1,10,2,3,3,3,3,9,9,9,9,3,9,9,9,3,3,3,3,3,9,9,9,9,3,2,3,3,2,2,3,3,3,3,3,9,3,2,2,3,3,3,3,3,3,3,2,5,5,5,3,3,3,3,3,6,8,7,3,3,3,5,3,3,3,3,3,3,3,3,3,3,4,4,3,3,3,3,1,1,1,1,1,1,1,1,10,10,10,10,10,10,10,10","0.000760078430175781","walktrap","edit-xhwikibooks.graphml"
"0.27","0.16","0.57","0.389186148629366","2,3,2,2,1,2,1,2,2,2,1,4,2,2,2,5,6,1,1,4,3,9,2,2,2,2,2,5,3,6,8,7,4,4,1,1,10,2,3,3,3,3,9,9,9,9,3,9,9,9,3,3,3,3,3,9,9,9,9,3,2,3,3,2,2,3,3,3,3,3,9,3,2,2,3,3,3,3,3,3,3,2,5,5,5,3,3,3,3,3,6,8,7,3,3,3,5,3,3,3,3,3,3,3,3,3,3,4,4,3,3,3,3,1,1,1,1,1,1,1,1,10,10,10,10,10,10,10,10","0.000761985778808594","walktrap","edit-xhwikibooks.graphml"
"0.26","0.17","0.57","0.389597982763017","2,3,2,2,1,2,1,2,2,2,1,4,2,2,2,5,6,1,1,4,3,9,2,2,2,2,2,5,3,6,8,7,4,4,1,1,10,2,3,3,3,3,9,9,9,9,3,9,9,9,3,3,3,3,3,9,9,9,9,3,2,3,3,2,2,3,3,3,3,3,9,3,2,2,3,3,3,3,3,3,3,2,5,5,5,3,3,3,3,3,6,8,7,3,3,3,5,3,3,3,3,3,3,3,3,3,3,4,4,3,3,3,3,1,1,1,1,1,1,1,1,10,10,10,10,10,10,10,10","0.000741958618164062","walktrap","edit-xhwikibooks.graphml"
"0.25","0.18","0.57","0.389597982763017","2,3,2,2,1,2,1,2,2,2,1,4,2,2,2,5,6,1,1,4,3,9,2,2,2,2,2,5,3,6,8,7,4,4,1,1,10,2,3,3,3,3,9,9,9,9,3,9,9,9,3,3,3,3,3,9,9,9,9,3,2,3,3,2,2,3,3,3,3,3,9,3,2,2,3,3,3,3,3,3,3,2,5,5,5,3,3,3,3,3,6,8,7,3,3,3,5,3,3,3,3,3,3,3,3,3,3,4,4,3,3,3,3,1,1,1,1,1,1,1,1,10,10,10,10,10,10,10,10","0.000767946243286133","walktrap","edit-xhwikibooks.graphml"
"0.24","0.19","0.57","0.38942015415886","2,3,2,2,1,2,1,2,2,2,1,4,2,2,2,5,6,1,1,4,3,9,2,2,2,2,2,5,3,6,8,7,4,4,1,1,10,2,3,3,3,3,9,9,9,9,3,9,9,9,3,3,3,3,3,9,9,9,9,3,2,3,3,2,2,3,3,3,3,3,9,3,2,2,3,3,3,3,3,3,3,2,5,5,5,3,3,3,3,3,6,8,7,3,3,3,5,3,3,3,3,3,3,3,3,3,3,4,4,3,3,3,3,1,1,1,1,1,1,1,1,10,10,10,10,10,10,10,10","0.000768899917602539","walktrap","edit-xhwikibooks.graphml"
"0.23","0.2","0.57","0.390597948290312","2,3,2,2,1,2,1,2,2,2,1,4,2,2,2,5,6,1,1,4,3,9,2,2,2,2,2,5,3,6,8,7,4,4,1,1,10,2,3,3,3,3,9,9,9,9,3,9,9,9,3,3,3,3,3,9,9,9,9,3,2,3,3,2,2,3,3,3,3,3,9,3,2,2,3,3,3,3,3,3,3,2,5,5,5,3,3,3,3,3,6,8,7,3,3,3,5,3,3,3,3,3,3,3,3,3,3,4,4,3,3,3,3,1,1,1,1,1,1,1,1,10,10,10,10,10,10,10,10","0.000768899917602539","walktrap","edit-xhwikibooks.graphml"
"0.22","0.21","0.57","0.39042012546366","2,3,2,2,1,2,1,2,2,2,1,4,2,2,2,5,6,1,1,4,3,9,2,2,2,2,2,5,3,6,8,7,4,4,1,1,10,2,3,3,3,3,9,9,9,9,3,9,9,9,3,3,3,3,3,9,9,9,9,3,2,3,3,2,2,3,3,3,3,3,9,3,2,2,3,3,3,3,3,3,3,2,5,5,5,3,3,3,3,3,6,8,7,3,3,3,5,3,3,3,3,3,3,3,3,3,3,4,4,3,3,3,3,1,1,1,1,1,1,1,1,10,10,10,10,10,10,10,10","0.000771999359130859","walktrap","edit-xhwikibooks.graphml"
"0.21","0.22","0.57","0.39042012546366","2,3,2,2,1,2,1,2,2,2,1,4,2,2,2,5,6,1,1,4,3,9,2,2,2,2,2,5,3,6,8,7,4,4,1,1,10,2,3,3,3,3,9,9,9,9,3,9,9,9,3,3,3,3,3,9,9,9,9,3,2,3,3,2,2,3,3,3,3,3,9,3,2,2,3,3,3,3,3,3,3,2,5,5,5,3,3,3,3,3,6,8,7,3,3,3,5,3,3,3,3,3,3,3,3,3,3,4,4,3,3,3,3,1,1,1,1,1,1,1,1,10,10,10,10,10,10,10,10","0.000803947448730469","walktrap","edit-xhwikibooks.graphml"
"0.2","0.23","0.57","0.39147236555947","2,3,2,2,1,2,1,2,2,2,1,4,2,2,2,5,6,1,1,4,3,9,2,2,2,2,2,5,3,6,8,7,4,4,1,1,10,2,3,3,3,3,9,9,9,9,3,9,9,9,3,3,3,3,3,9,9,9,9,3,2,3,3,2,2,3,3,3,3,3,9,3,2,2,3,3,3,3,3,3,3,2,5,5,5,3,3,3,3,3,6,8,7,3,3,3,5,3,3,3,3,3,3,3,3,3,3,4,4,3,3,3,3,1,1,1,1,1,1,1,1,10,10,10,10,10,10,10,10","0.000792980194091797","walktrap","edit-xhwikibooks.graphml"
"0.19","0.24","0.57","0.392086299793892","2,3,2,2,1,2,1,2,2,2,1,4,2,2,2,5,6,1,1,4,3,9,2,2,2,2,2,5,3,6,8,7,4,4,1,1,10,2,3,3,3,3,9,9,9,9,3,9,9,9,3,3,3,3,3,9,9,9,9,3,2,3,3,2,2,3,3,3,3,3,9,3,2,2,3,3,3,3,3,3,3,2,5,5,5,3,3,3,3,3,6,8,7,3,3,3,5,3,3,3,3,3,3,3,3,3,3,4,4,3,3,3,3,1,1,1,1,1,1,1,1,10,10,10,10,10,10,10,10","0.000813007354736328","walktrap","edit-xhwikibooks.graphml"
"0.18","0.25","0.57","0.3937347186313","2,3,2,2,1,2,1,2,2,2,1,4,2,2,2,5,6,1,1,4,3,9,2,2,2,2,2,5,3,6,8,7,4,4,1,1,10,2,3,3,3,3,9,9,9,9,3,9,9,9,3,3,3,3,3,9,9,9,9,3,2,3,3,2,2,3,3,3,3,3,9,3,2,2,3,3,3,3,3,3,3,2,5,5,5,3,3,3,3,3,6,8,7,3,3,3,5,3,3,3,3,3,3,3,3,3,3,4,4,3,3,3,3,1,1,1,1,1,1,1,1,10,10,10,10,10,10,10,10","0.00076603889465332","walktrap","edit-xhwikibooks.graphml"
"0.17","0.26","0.57","0.3937347186313","2,3,2,2,1,2,1,2,2,2,1,4,2,2,2,5,6,1,1,4,3,9,2,2,2,2,2,5,3,6,8,7,4,4,1,1,10,2,3,3,3,3,9,9,9,9,3,9,9,9,3,3,3,3,3,9,9,9,9,3,2,3,3,2,2,3,3,3,3,3,9,3,2,2,3,3,3,3,3,3,3,2,5,5,5,3,3,3,3,3,6,8,7,3,3,3,5,3,3,3,3,3,3,3,3,3,3,4,4,3,3,3,3,1,1,1,1,1,1,1,1,10,10,10,10,10,10,10,10","0.000760078430175781","walktrap","edit-xhwikibooks.graphml"
"0.16","0.27","0.57","0.3937347186313","2,3,2,2,1,2,1,2,2,2,1,4,2,2,2,5,6,1,1,4,3,9,2,2,2,2,2,5,3,6,8,7,4,4,1,1,10,2,3,3,3,3,9,9,9,9,3,9,9,9,3,3,3,3,3,9,9,9,9,3,2,3,3,2,2,3,3,3,3,3,9,3,2,2,3,3,3,3,3,3,3,2,5,5,5,3,3,3,3,3,6,8,7,3,3,3,5,3,3,3,3,3,3,3,3,3,3,4,4,3,3,3,3,1,1,1,1,1,1,1,1,10,10,10,10,10,10,10,10","0.000754833221435547","walktrap","edit-xhwikibooks.graphml"
"0.15","0.28","0.57","0.392975996680392","2,3,2,2,1,2,1,2,2,2,1,4,2,2,2,5,6,1,1,4,3,9,2,2,2,2,2,5,3,6,8,7,4,4,1,1,10,2,3,3,3,3,9,9,9,9,3,9,9,9,3,3,3,3,3,9,9,9,9,3,2,3,3,2,2,3,3,3,3,3,9,3,2,2,3,3,3,3,3,3,3,2,5,5,5,3,3,3,3,3,6,8,7,3,3,3,5,3,3,3,3,3,3,3,3,3,3,4,4,3,3,3,3,1,1,1,1,1,1,1,1,10,10,10,10,10,10,10,10","0.000763893127441406","walktrap","edit-xhwikibooks.graphml"
"0.14","0.29","0.57","0.391750933639759","1,2,1,1,3,1,3,1,1,1,3,3,1,1,1,4,5,3,9,3,2,10,1,1,1,1,1,4,2,5,7,6,8,3,9,9,11,1,2,2,2,2,10,10,10,10,2,10,10,10,2,2,2,2,2,10,10,10,10,2,1,2,2,1,1,2,2,2,2,2,10,2,1,1,2,2,2,2,2,2,2,1,4,4,4,2,2,2,2,2,5,7,6,2,2,2,4,2,2,2,2,2,2,2,2,2,2,8,8,2,2,2,2,9,9,9,9,9,9,9,9,11,11,11,11,11,11,11,11","0.000751018524169922","walktrap","edit-xhwikibooks.graphml"
"0.13","0.3","0.57","0.391573283221333","1,2,1,1,3,1,3,1,1,1,3,3,1,1,1,4,5,3,9,3,2,10,1,1,1,1,1,4,2,5,7,6,8,3,9,9,11,1,2,2,2,2,10,10,10,10,2,10,10,10,2,2,2,2,2,10,10,10,10,2,1,2,2,1,1,2,2,2,2,2,10,2,1,1,2,2,2,2,2,2,2,1,4,4,4,2,2,2,2,2,5,7,6,2,2,2,4,2,2,2,2,2,2,2,2,2,2,8,8,2,2,2,2,9,9,9,9,9,9,9,9,11,11,11,11,11,11,11,11","0.000763893127441406","walktrap","edit-xhwikibooks.graphml"
"0.12","0.31","0.57","0.39218400475926","1,2,1,1,3,1,3,1,1,1,3,3,1,1,1,4,5,3,9,3,2,10,1,1,1,1,1,4,2,5,7,6,8,3,9,9,11,1,2,2,2,2,10,10,10,10,2,10,10,10,2,2,2,2,2,10,10,10,10,2,1,2,2,1,1,2,2,2,2,2,10,2,1,1,2,2,2,2,2,2,2,1,4,4,4,2,2,2,2,2,5,7,6,2,2,2,4,2,2,2,2,2,2,2,2,2,2,8,8,2,2,2,2,9,9,9,9,9,9,9,9,11,11,11,11,11,11,11,11","0.00077509880065918","walktrap","edit-xhwikibooks.graphml"
"0.11","0.32","0.57","0.392006404267306","1,2,1,1,3,1,3,1,1,1,3,3,1,1,1,4,5,3,9,3,2,10,1,1,1,1,1,4,2,5,7,6,8,3,9,9,11,1,2,2,2,2,10,10,10,10,2,10,10,10,2,2,2,2,2,10,10,10,10,2,1,2,2,1,1,2,2,2,2,2,10,2,1,1,2,2,2,2,2,2,2,1,4,4,4,2,2,2,2,2,5,7,6,2,2,2,4,2,2,2,2,2,2,2,2,2,2,8,8,2,2,2,2,9,9,9,9,9,9,9,9,11,11,11,11,11,11,11,11","0.000765800476074219","walktrap","edit-xhwikibooks.graphml"
"0.1","0.33","0.57","0.392006404267306","1,2,1,1,3,1,3,1,1,1,3,3,1,1,1,4,5,3,9,3,2,10,1,1,1,1,1,4,2,5,7,6,8,3,9,9,11,1,2,2,2,2,10,10,10,10,2,10,10,10,2,2,2,2,2,10,10,10,10,2,1,2,2,1,1,2,2,2,2,2,10,2,1,1,2,2,2,2,2,2,2,1,4,4,4,2,2,2,2,2,5,7,6,2,2,2,4,2,2,2,2,2,2,2,2,2,2,8,8,2,2,2,2,9,9,9,9,9,9,9,9,11,11,11,11,11,11,11,11","0.00076603889465332","walktrap","edit-xhwikibooks.graphml"
"0.09","0.34","0.57","0.399672781256099","1,2,1,1,1,3,1,3,3,3,1,1,3,3,3,4,5,1,9,1,2,10,3,3,3,3,3,4,2,5,7,6,8,1,9,9,11,3,2,2,2,2,10,10,10,10,2,10,10,10,2,2,2,2,2,10,10,10,10,2,3,2,2,3,3,2,2,2,2,2,10,2,3,3,2,2,2,2,2,2,2,3,4,4,4,2,2,2,2,2,5,7,6,2,2,2,4,2,2,2,2,2,2,2,2,2,2,8,8,2,2,2,2,9,9,9,9,9,9,9,9,11,11,11,11,11,11,11,11","0.000832080841064453","walktrap","edit-xhwikibooks.graphml"
"0.08","0.35","0.57","0.399672781256099","1,2,1,1,1,3,1,3,3,3,1,1,3,3,3,4,5,1,9,1,2,10,3,3,3,3,3,4,2,5,7,6,8,1,9,9,11,3,2,2,2,2,10,10,10,10,2,10,10,10,2,2,2,2,2,10,10,10,10,2,3,2,2,3,3,2,2,2,2,2,10,2,3,3,2,2,2,2,2,2,2,3,4,4,4,2,2,2,2,2,5,7,6,2,2,2,4,2,2,2,2,2,2,2,2,2,2,8,8,2,2,2,2,9,9,9,9,9,9,9,9,11,11,11,11,11,11,11,11","0.000796794891357422","walktrap","edit-xhwikibooks.graphml"
"0.07","0.36","0.57","0.400707687025998","1,3,1,1,2,1,2,1,1,1,2,2,1,1,1,4,5,2,9,2,3,10,1,1,1,1,1,4,3,5,7,6,8,2,9,9,11,1,3,3,3,3,10,10,10,10,3,10,10,10,3,3,3,3,3,10,10,10,10,3,1,3,3,1,1,3,3,3,3,3,10,3,1,1,3,3,3,3,3,3,3,1,4,4,4,3,3,3,3,3,5,7,6,3,3,3,4,3,3,3,3,3,3,3,3,3,3,8,8,3,3,3,3,9,9,9,9,9,9,9,9,11,11,11,11,11,11,11,11","0.00087285041809082","walktrap","edit-xhwikibooks.graphml"
"0.06","0.37","0.57","0.400886449424953","1,3,1,1,2,1,2,1,1,1,2,2,1,1,1,4,5,2,9,2,3,10,1,1,1,1,1,4,3,5,7,6,8,2,9,9,11,1,3,3,3,3,10,10,10,10,3,10,10,10,3,3,3,3,3,10,10,10,10,3,1,3,3,1,1,3,3,3,3,3,10,3,1,1,3,3,3,3,3,3,3,1,4,4,4,3,3,3,3,3,5,7,6,3,3,3,4,3,3,3,3,3,3,3,3,3,3,8,8,3,3,3,3,9,9,9,9,9,9,9,9,11,11,11,11,11,11,11,11","0.000751972198486328","walktrap","edit-xhwikibooks.graphml"
"0.05","0.38","0.57","0.400707687025998","1,3,1,1,2,1,2,1,1,1,2,2,1,1,1,4,5,2,9,2,3,10,1,1,1,1,1,4,3,5,7,6,8,2,9,9,11,1,3,3,3,3,10,10,10,10,3,10,10,10,3,3,3,3,3,10,10,10,10,3,1,3,3,1,1,3,3,3,3,3,10,3,1,1,3,3,3,3,3,3,3,1,4,4,4,3,3,3,3,3,5,7,6,3,3,3,4,3,3,3,3,3,3,3,3,3,3,8,8,3,3,3,3,9,9,9,9,9,9,9,9,11,11,11,11,11,11,11,11","0.00076603889465332","walktrap","edit-xhwikibooks.graphml"
"0.04","0.39","0.57","0.401301906268111","1,3,1,1,2,1,2,1,1,1,2,2,1,1,1,4,5,2,9,2,3,10,1,1,1,1,1,4,3,5,7,6,8,2,9,9,11,1,3,3,3,3,10,10,10,10,3,10,10,10,3,3,3,3,3,10,10,10,10,3,1,3,3,1,1,3,3,3,3,3,10,3,1,1,3,3,3,3,3,3,3,1,4,4,4,3,3,3,3,3,5,7,6,3,3,3,4,3,3,3,3,3,3,3,3,3,3,8,8,3,3,3,3,9,9,9,9,9,9,9,9,11,11,11,11,11,11,11,11","0.000763893127441406","walktrap","edit-xhwikibooks.graphml"
"0.03","0.4","0.57","0.402243356711148","1,3,1,1,2,1,2,1,1,1,2,2,1,1,1,4,5,2,9,2,3,10,1,1,1,1,1,4,3,5,7,6,8,2,9,9,11,1,3,3,3,3,10,10,10,10,3,10,10,10,3,3,3,3,3,10,10,10,10,3,1,3,3,1,1,3,3,3,3,3,10,3,1,1,3,3,3,3,3,3,3,1,4,4,4,3,3,3,3,3,5,7,6,3,3,3,4,3,3,3,3,3,3,3,3,3,3,8,8,3,3,3,3,9,9,9,9,9,9,9,9,11,11,11,11,11,11,11,11","0.000858068466186523","walktrap","edit-xhwikibooks.graphml"
"0.02","0.41","0.57","0.402243356711148","1,3,1,1,2,1,2,1,1,1,2,2,1,1,1,4,5,2,9,2,3,10,1,1,1,1,1,4,3,5,7,6,8,2,9,9,11,1,3,3,3,3,10,10,10,10,3,10,10,10,3,3,3,3,3,10,10,10,10,3,1,3,3,1,1,3,3,3,3,3,10,3,1,1,3,3,3,3,3,3,3,1,4,4,4,3,3,3,3,3,5,7,6,3,3,3,4,3,3,3,3,3,3,3,3,3,3,8,8,3,3,3,3,9,9,9,9,9,9,9,9,11,11,11,11,11,11,11,11","0.000758171081542969","walktrap","edit-xhwikibooks.graphml"
"0.01","0.42","0.57","0.402064695339111","1,3,1,1,2,1,2,1,1,1,2,2,1,1,1,4,5,2,9,2,3,10,1,1,1,1,1,4,3,5,7,6,8,2,9,9,11,1,3,3,3,3,10,10,10,10,3,10,10,10,3,3,3,3,3,10,10,10,10,3,1,3,3,1,1,3,3,3,3,3,10,3,1,1,3,3,3,3,3,3,3,1,4,4,4,3,3,3,3,3,5,7,6,3,3,3,4,3,3,3,3,3,3,3,3,3,3,8,8,3,3,3,3,9,9,9,9,9,9,9,9,11,11,11,11,11,11,11,11","0.000759124755859375","walktrap","edit-xhwikibooks.graphml"
"0","0.43","0.57","0.40317936762259","1,11,1,1,2,1,2,1,1,1,2,2,1,1,1,3,4,2,8,2,11,9,1,1,1,1,1,3,1,4,6,5,7,2,8,8,10,1,11,11,11,11,9,9,9,9,11,9,9,9,11,11,11,11,11,9,9,9,9,11,1,11,11,1,1,11,11,11,11,11,9,11,1,1,11,11,11,11,11,11,11,1,3,3,3,1,11,11,11,11,4,6,5,11,11,11,3,11,11,11,11,11,11,11,11,11,11,7,7,11,11,11,11,8,8,8,8,8,8,8,8,10,10,10,10,10,10,10,10","0.000794172286987305","walktrap","edit-xhwikibooks.graphml"
"0.42","0","0.58","0.385894409920844","1,2,1,1,4,1,4,1,1,3,4,4,1,1,1,5,3,6,7,4,2,9,1,1,1,1,1,5,2,3,6,8,11,4,7,7,10,1,2,2,2,2,9,9,9,9,2,9,9,9,2,2,2,2,2,9,9,9,9,2,1,2,2,1,1,2,2,2,2,2,9,2,1,1,2,2,2,2,2,2,2,1,5,5,5,2,2,2,2,2,3,6,8,2,2,2,5,2,2,2,2,2,2,2,2,2,2,11,11,2,2,2,2,7,7,7,7,7,7,7,7,10,10,10,10,10,10,10,10","0.000784873962402344","walktrap","edit-xhwikibooks.graphml"
"0.41","0.01","0.58","0.385894409920844","1,2,1,1,4,1,4,1,1,3,4,4,1,1,1,5,3,6,7,4,2,9,1,1,1,1,1,5,2,3,6,8,11,4,7,7,10,1,2,2,2,2,9,9,9,9,2,9,9,9,2,2,2,2,2,9,9,9,9,2,1,2,2,1,1,2,2,2,2,2,9,2,1,1,2,2,2,2,2,2,2,1,5,5,5,2,2,2,2,2,3,6,8,2,2,2,5,2,2,2,2,2,2,2,2,2,2,11,11,2,2,2,2,7,7,7,7,7,7,7,7,10,10,10,10,10,10,10,10","0.000828027725219727","walktrap","edit-xhwikibooks.graphml"
"0.4","0.02","0.58","0.385894409920844","1,2,1,1,4,1,4,1,1,3,4,4,1,1,1,5,3,6,7,4,2,9,1,1,1,1,1,5,2,3,6,8,11,4,7,7,10,1,2,2,2,2,9,9,9,9,2,9,9,9,2,2,2,2,2,9,9,9,9,2,1,2,2,1,1,2,2,2,2,2,9,2,1,1,2,2,2,2,2,2,2,1,5,5,5,2,2,2,2,2,3,6,8,2,2,2,5,2,2,2,2,2,2,2,2,2,2,11,11,2,2,2,2,7,7,7,7,7,7,7,7,10,10,10,10,10,10,10,10","0.000758171081542969","walktrap","edit-xhwikibooks.graphml"
"0.39","0.03","0.58","0.385723213894128","1,2,1,1,4,1,4,1,1,3,4,4,1,1,1,5,3,6,7,4,2,9,1,1,1,1,1,5,2,3,6,8,11,4,7,7,10,1,2,2,2,2,9,9,9,9,2,9,9,9,2,2,2,2,2,9,9,9,9,2,1,2,2,1,1,2,2,2,2,2,9,2,1,1,2,2,2,2,2,2,2,1,5,5,5,2,2,2,2,2,3,6,8,2,2,2,5,2,2,2,2,2,2,2,2,2,2,11,11,2,2,2,2,7,7,7,7,7,7,7,7,10,10,10,10,10,10,10,10","0.000761032104492188","walktrap","edit-xhwikibooks.graphml"
"0.38","0.04","0.58","0.385723213894128","1,2,1,1,4,1,4,1,1,3,4,4,1,1,1,5,3,6,7,4,2,9,1,1,1,1,1,5,2,3,6,8,11,4,7,7,10,1,2,2,2,2,9,9,9,9,2,9,9,9,2,2,2,2,2,9,9,9,9,2,1,2,2,1,1,2,2,2,2,2,9,2,1,1,2,2,2,2,2,2,2,1,5,5,5,2,2,2,2,2,3,6,8,2,2,2,5,2,2,2,2,2,2,2,2,2,2,11,11,2,2,2,2,7,7,7,7,7,7,7,7,10,10,10,10,10,10,10,10","0.000764846801757812","walktrap","edit-xhwikibooks.graphml"
"0.37","0.05","0.58","0.385552160668385","1,2,1,1,4,1,4,1,1,3,4,4,1,1,1,5,3,6,7,4,2,9,1,1,1,1,1,5,2,3,6,8,11,4,7,7,10,1,2,2,2,2,9,9,9,9,2,9,9,9,2,2,2,2,2,9,9,9,9,2,1,2,2,1,1,2,2,2,2,2,9,2,1,1,2,2,2,2,2,2,2,1,5,5,5,2,2,2,2,2,3,6,8,2,2,2,5,2,2,2,2,2,2,2,2,2,2,11,11,2,2,2,2,7,7,7,7,7,7,7,7,10,10,10,10,10,10,10,10","0.000758171081542969","walktrap","edit-xhwikibooks.graphml"
"0.36","0.06","0.58","0.385552160668385","1,2,1,1,4,1,4,1,1,3,4,4,1,1,1,5,3,6,7,4,2,9,1,1,1,1,1,5,2,3,6,8,11,4,7,7,10,1,2,2,2,2,9,9,9,9,2,9,9,9,2,2,2,2,2,9,9,9,9,2,1,2,2,1,1,2,2,2,2,2,9,2,1,1,2,2,2,2,2,2,2,1,5,5,5,2,2,2,2,2,3,6,8,2,2,2,5,2,2,2,2,2,2,2,2,2,2,11,11,2,2,2,2,7,7,7,7,7,7,7,7,10,10,10,10,10,10,10,10","0.000771999359130859","walktrap","edit-xhwikibooks.graphml"
"0.35","0.07","0.58","0.383999725283111","1,2,1,1,4,1,4,1,1,3,4,4,1,1,1,5,3,6,7,4,2,9,1,1,1,1,1,5,2,3,6,8,11,4,7,7,10,1,2,2,2,2,9,9,9,9,2,9,9,9,2,2,2,2,2,9,9,9,9,2,1,2,2,1,1,2,2,2,2,2,9,2,1,1,2,2,2,2,2,2,2,1,5,5,5,2,2,2,2,2,3,6,8,2,2,2,5,2,2,2,2,2,2,2,2,2,2,11,11,2,2,2,2,7,7,7,7,7,7,7,7,10,10,10,10,10,10,10,10","0.000767946243286133","walktrap","edit-xhwikibooks.graphml"
"0.34","0.08","0.58","0.384606343039545","1,2,1,1,4,1,4,1,1,3,4,4,1,1,1,5,3,6,7,4,2,10,1,1,1,1,1,5,2,3,6,8,11,4,7,7,9,1,2,2,2,2,10,10,10,10,2,10,10,10,2,2,2,2,2,10,10,10,10,2,1,2,2,1,1,2,2,2,2,2,10,2,1,1,2,2,2,2,2,2,2,1,5,5,5,2,2,2,2,2,3,6,8,2,2,2,5,2,2,2,2,2,2,2,2,2,2,11,11,2,2,2,2,7,7,7,7,7,7,7,7,9,9,9,9,9,9,9,9","0.000869989395141602","walktrap","edit-xhwikibooks.graphml"
"0.33","0.09","0.58","0.38426450021281","1,2,1,1,4,1,4,1,1,3,4,4,1,1,1,5,3,6,7,4,2,10,1,1,1,1,1,5,2,3,6,8,11,4,7,7,9,1,2,2,2,2,10,10,10,10,2,10,10,10,2,2,2,2,2,10,10,10,10,2,1,2,2,1,1,2,2,2,2,2,10,2,1,1,2,2,2,2,2,2,2,1,5,5,5,2,2,2,2,2,3,6,8,2,2,2,5,2,2,2,2,2,2,2,2,2,2,11,11,2,2,2,2,7,7,7,7,7,7,7,7,9,9,9,9,9,9,9,9","0.000771045684814453","walktrap","edit-xhwikibooks.graphml"
"0.32","0.1","0.58","0.38426450021281","1,2,1,1,4,1,4,1,1,3,4,4,1,1,1,5,3,6,7,4,2,10,1,1,1,1,1,5,2,3,6,8,11,4,7,7,9,1,2,2,2,2,10,10,10,10,2,10,10,10,2,2,2,2,2,10,10,10,10,2,1,2,2,1,1,2,2,2,2,2,10,2,1,1,2,2,2,2,2,2,2,1,5,5,5,2,2,2,2,2,3,6,8,2,2,2,5,2,2,2,2,2,2,2,2,2,2,11,11,2,2,2,2,7,7,7,7,7,7,7,7,9,9,9,9,9,9,9,9","0.000777006149291992","walktrap","edit-xhwikibooks.graphml"
"0.31","0.11","0.58","0.384093793343212","1,2,1,1,4,1,4,1,1,3,4,4,1,1,1,5,3,6,7,4,2,10,1,1,1,1,1,5,2,3,6,8,11,4,7,7,9,1,2,2,2,2,10,10,10,10,2,10,10,10,2,2,2,2,2,10,10,10,10,2,1,2,2,1,1,2,2,2,2,2,10,2,1,1,2,2,2,2,2,2,2,1,5,5,5,2,2,2,2,2,3,6,8,2,2,2,5,2,2,2,2,2,2,2,2,2,2,11,11,2,2,2,2,7,7,7,7,7,7,7,7,9,9,9,9,9,9,9,9","0.000760793685913086","walktrap","edit-xhwikibooks.graphml"
"0.3","0.12","0.58","0.385305938161035","1,2,1,1,4,1,4,1,1,3,4,4,1,1,1,5,3,6,8,4,2,9,1,1,1,1,1,5,2,3,6,7,11,4,8,8,10,1,2,2,2,2,9,9,9,9,2,9,9,9,2,2,2,2,2,9,9,9,9,2,1,2,2,1,1,2,2,2,2,2,9,2,1,1,2,2,2,2,2,2,2,1,5,5,5,2,2,2,2,2,3,6,7,2,2,2,5,2,2,2,2,2,2,2,2,2,2,11,11,2,2,2,2,8,8,8,8,8,8,8,8,10,10,10,10,10,10,10,10","0.000771045684814453","walktrap","edit-xhwikibooks.graphml"
"0.29","0.13","0.58","0.381575348737828","1,2,1,1,4,1,4,1,1,3,4,4,1,1,1,5,3,6,8,4,2,9,1,1,1,1,1,5,2,3,6,7,11,4,8,8,10,1,2,2,2,2,9,9,9,9,2,9,9,9,2,2,2,2,2,9,9,9,9,2,1,2,2,1,1,2,2,2,2,2,9,2,1,1,2,2,2,2,2,2,2,1,5,5,5,2,2,2,2,2,3,6,7,2,2,2,5,2,2,2,2,2,2,2,2,2,2,11,11,2,2,2,2,8,8,8,8,8,8,8,8,10,10,10,10,10,10,10,10","0.000756978988647461","walktrap","edit-xhwikibooks.graphml"
"0.28","0.14","0.58","0.38187257391711","2,12,2,2,2,1,2,1,1,3,2,2,1,1,1,4,3,5,7,2,12,9,1,1,1,1,1,4,8,3,5,6,11,2,7,7,10,1,12,12,12,12,9,9,9,9,12,9,9,9,12,12,12,12,12,9,9,9,9,12,1,12,12,1,1,12,12,12,12,12,9,12,1,1,12,12,12,12,12,12,12,1,4,4,4,8,12,12,12,12,3,5,6,12,12,12,4,12,12,12,12,12,12,12,12,12,12,11,11,12,12,12,12,7,7,7,7,7,7,7,7,10,10,10,10,10,10,10,10","0.00076603889465332","walktrap","edit-xhwikibooks.graphml"
"0.27","0.15","0.58","0.382874865221984","2,12,2,2,2,1,2,1,1,3,2,2,1,1,1,4,3,5,8,2,12,9,1,1,1,1,1,4,7,3,5,6,11,2,8,8,10,1,12,12,12,12,9,9,9,9,12,9,9,9,12,12,12,12,12,9,9,9,9,12,1,12,12,1,1,12,12,12,12,12,9,12,1,1,12,12,12,12,12,12,12,1,4,4,4,7,12,12,12,12,3,5,6,12,12,12,4,12,12,12,12,12,12,12,12,12,12,11,11,12,12,12,12,8,8,8,8,8,8,8,8,10,10,10,10,10,10,10,10","0.000764846801757812","walktrap","edit-xhwikibooks.graphml"
"0.26","0.16","0.58","0.38124124277745","2,3,2,2,1,2,1,2,2,2,1,4,2,2,2,5,6,1,1,4,3,9,2,2,2,2,2,5,3,6,8,7,4,4,1,1,10,2,3,3,3,3,9,9,9,9,3,9,9,9,3,3,3,3,3,9,9,9,9,3,2,3,3,2,2,3,3,3,3,3,9,3,2,2,3,3,3,3,3,3,3,2,5,5,5,3,3,3,3,3,6,8,7,3,3,3,5,3,3,3,3,3,3,3,3,3,3,4,4,3,3,3,3,1,1,1,1,1,1,1,1,10,10,10,10,10,10,10,10","0.000767946243286133","walktrap","edit-xhwikibooks.graphml"
"0.25","0.17","0.58","0.381655579712298","2,3,2,2,1,2,1,2,2,2,1,4,2,2,2,5,6,1,1,4,3,9,2,2,2,2,2,5,3,6,8,7,4,4,1,1,10,2,3,3,3,3,9,9,9,9,3,9,9,9,3,3,3,3,3,9,9,9,9,3,2,3,3,2,2,3,3,3,3,3,9,3,2,2,3,3,3,3,3,3,3,2,5,5,5,3,3,3,3,3,6,8,7,3,3,3,5,3,3,3,3,3,3,3,3,3,3,4,4,3,3,3,3,1,1,1,1,1,1,1,1,10,10,10,10,10,10,10,10","0.000761032104492188","walktrap","edit-xhwikibooks.graphml"
"0.24","0.18","0.58","0.381655579712298","2,3,2,2,1,2,1,2,2,2,1,4,2,2,2,5,6,1,1,4,3,9,2,2,2,2,2,5,3,6,8,7,4,4,1,1,10,2,3,3,3,3,9,9,9,9,3,9,9,9,3,3,3,3,3,9,9,9,9,3,2,3,3,2,2,3,3,3,3,3,9,3,2,2,3,3,3,3,3,3,3,2,5,5,5,3,3,3,3,3,6,8,7,3,3,3,5,3,3,3,3,3,3,3,3,3,3,4,4,3,3,3,3,1,1,1,1,1,1,1,1,10,10,10,10,10,10,10,10","0.00074005126953125","walktrap","edit-xhwikibooks.graphml"
"0.23","0.19","0.58","0.38148497459668","2,3,2,2,1,2,1,2,2,2,1,4,2,2,2,5,6,1,1,4,3,9,2,2,2,2,2,5,3,6,8,7,4,4,1,1,10,2,3,3,3,3,9,9,9,9,3,9,9,9,3,3,3,3,3,9,9,9,9,3,2,3,3,2,2,3,3,3,3,3,9,3,2,2,3,3,3,3,3,3,3,2,5,5,5,3,3,3,3,3,6,8,7,3,3,3,5,3,3,3,3,3,3,3,3,3,3,4,4,3,3,3,3,1,1,1,1,1,1,1,1,10,10,10,10,10,10,10,10","0.000769853591918945","walktrap","edit-xhwikibooks.graphml"
"0.22","0.2","0.58","0.382652086322151","2,3,2,2,1,2,1,2,2,2,1,4,2,2,2,5,6,1,1,4,3,9,2,2,2,2,2,5,3,6,8,7,4,4,1,1,10,2,3,3,3,3,9,9,9,9,3,9,9,9,3,3,3,3,3,9,9,9,9,3,2,3,3,2,2,3,3,3,3,3,9,3,2,2,3,3,3,3,3,3,3,2,5,5,5,3,3,3,3,3,6,8,7,3,3,3,5,3,3,3,3,3,3,3,3,3,3,4,4,3,3,3,3,1,1,1,1,1,1,1,1,10,10,10,10,10,10,10,10","0.000769853591918945","walktrap","edit-xhwikibooks.graphml"
"0.21","0.21","0.58","0.38248146717358","2,3,2,2,1,2,1,2,2,2,1,4,2,2,2,5,6,1,1,4,3,9,2,2,2,2,2,5,3,6,8,7,4,4,1,1,10,2,3,3,3,3,9,9,9,9,3,9,9,9,3,3,3,3,3,9,9,9,9,3,2,3,3,2,2,3,3,3,3,3,9,3,2,2,3,3,3,3,3,3,3,2,5,5,5,3,3,3,3,3,6,8,7,3,3,3,5,3,3,3,3,3,3,3,3,3,3,4,4,3,3,3,3,1,1,1,1,1,1,1,1,10,10,10,10,10,10,10,10","0.000742912292480469","walktrap","edit-xhwikibooks.graphml"
"0.2","0.22","0.58","0.38248146717358","2,3,2,2,1,2,1,2,2,2,1,4,2,2,2,5,6,1,1,4,3,9,2,2,2,2,2,5,3,6,8,7,4,4,1,1,10,2,3,3,3,3,9,9,9,9,3,9,9,9,3,3,3,3,3,9,9,9,9,3,2,3,3,2,2,3,3,3,3,3,9,3,2,2,3,3,3,3,3,3,3,2,5,5,5,3,3,3,3,3,6,8,7,3,3,3,5,3,3,3,3,3,3,3,3,3,3,4,4,3,3,3,3,1,1,1,1,1,1,1,1,10,10,10,10,10,10,10,10","0.000741958618164062","walktrap","edit-xhwikibooks.graphml"
"0.19","0.23","0.58","0.382947785634729","2,3,2,2,1,2,1,2,2,2,1,4,2,2,2,5,6,1,1,4,3,9,2,2,2,2,2,5,3,6,8,7,4,4,1,1,10,2,3,3,3,3,9,9,9,9,3,9,9,9,3,3,3,3,3,9,9,9,9,3,2,3,3,2,2,3,3,3,3,3,9,3,2,2,3,3,3,3,3,3,3,2,5,5,5,3,3,3,3,3,6,8,7,3,3,3,5,3,3,3,3,3,3,3,3,3,3,4,4,3,3,3,3,1,1,1,1,1,1,1,1,10,10,10,10,10,10,10,10","0.000746965408325195","walktrap","edit-xhwikibooks.graphml"
"0.18","0.24","0.58","0.383556200761199","2,3,2,2,1,2,1,2,2,2,1,4,2,2,2,5,6,1,1,4,3,9,2,2,2,2,2,5,3,6,8,7,4,4,1,1,10,2,3,3,3,3,9,9,9,9,3,9,9,9,3,3,3,3,3,9,9,9,9,3,2,3,3,2,2,3,3,3,3,3,9,3,2,2,3,3,3,3,3,3,3,2,5,5,5,3,3,3,3,3,6,8,7,3,3,3,5,3,3,3,3,3,3,3,3,3,3,4,4,3,3,3,3,1,1,1,1,1,1,1,1,10,10,10,10,10,10,10,10","0.000762939453125","walktrap","edit-xhwikibooks.graphml"
"0.17","0.25","0.58","0.385196894276886","2,3,2,2,1,2,1,2,2,2,1,4,2,2,2,5,6,1,1,4,3,9,2,2,2,2,2,5,3,6,8,7,4,4,1,1,10,2,3,3,3,3,9,9,9,9,3,9,9,9,3,3,3,3,3,9,9,9,9,3,2,3,3,2,2,3,3,3,3,3,9,3,2,2,3,3,3,3,3,3,3,2,5,5,5,3,3,3,3,3,6,8,7,3,3,3,5,3,3,3,3,3,3,3,3,3,3,4,4,3,3,3,3,1,1,1,1,1,1,1,1,10,10,10,10,10,10,10,10","0.000770092010498047","walktrap","edit-xhwikibooks.graphml"
"0.16","0.26","0.58","0.393208213799816","2,3,2,2,1,2,1,2,2,2,1,4,2,2,2,5,6,1,1,4,3,9,2,2,2,2,2,5,3,6,8,7,4,4,1,1,10,2,3,3,3,3,9,9,9,9,3,9,9,9,3,3,3,3,3,9,9,9,9,3,2,3,3,2,2,3,3,3,3,3,9,3,2,2,3,3,3,3,3,3,3,2,5,5,5,3,3,3,3,3,6,8,7,3,3,3,5,3,3,3,3,3,3,3,3,3,3,4,4,3,3,3,3,1,1,1,1,1,1,1,1,10,10,10,10,10,10,10,10","0.00076603889465332","walktrap","edit-xhwikibooks.graphml"
"0.15","0.27","0.58","0.393208213799816","2,3,2,2,1,2,1,2,2,2,1,4,2,2,2,5,6,1,1,4,3,9,2,2,2,2,2,5,3,6,8,7,4,4,1,1,10,2,3,3,3,3,9,9,9,9,3,9,9,9,3,3,3,3,3,9,9,9,9,3,2,3,3,2,2,3,3,3,3,3,9,3,2,2,3,3,3,3,3,3,3,2,5,5,5,3,3,3,3,3,6,8,7,3,3,3,5,3,3,3,3,3,3,3,3,3,3,4,4,3,3,3,3,1,1,1,1,1,1,1,1,10,10,10,10,10,10,10,10","0.000871896743774414","walktrap","edit-xhwikibooks.graphml"
"0.14","0.28","0.58","0.393030730748786","2,3,2,2,1,2,1,2,2,2,1,4,2,2,2,5,6,1,1,4,3,9,2,2,2,2,2,5,3,6,8,7,4,4,1,1,10,2,3,3,3,3,9,9,9,9,3,9,9,9,3,3,3,3,3,9,9,9,9,3,2,3,3,2,2,3,3,3,3,3,9,3,2,2,3,3,3,3,3,3,3,2,5,5,5,3,3,3,3,3,6,8,7,3,3,3,5,3,3,3,3,3,3,3,3,3,3,4,4,3,3,3,3,1,1,1,1,1,1,1,1,10,10,10,10,10,10,10,10","0.000741958618164062","walktrap","edit-xhwikibooks.graphml"
"0.13","0.29","0.58","0.394358738345566","2,3,2,2,1,2,1,2,2,2,1,4,2,2,2,5,6,1,1,4,3,9,2,2,2,2,2,5,3,6,8,7,4,4,1,1,10,2,3,3,3,3,9,9,9,9,3,9,9,9,3,3,3,3,3,9,9,9,9,3,2,3,3,2,2,3,3,3,3,3,9,3,2,2,3,3,3,3,3,3,3,2,5,5,5,3,3,3,3,3,6,8,7,3,3,3,5,3,3,3,3,3,3,3,3,3,3,4,4,3,3,3,3,1,1,1,1,1,1,1,1,10,10,10,10,10,10,10,10","0.000759124755859375","walktrap","edit-xhwikibooks.graphml"
"0.12","0.3","0.58","0.394181079305657","2,3,2,2,1,2,1,2,2,2,1,4,2,2,2,5,6,1,1,4,3,9,2,2,2,2,2,5,3,6,8,7,4,4,1,1,10,2,3,3,3,3,9,9,9,9,3,9,9,9,3,3,3,3,3,9,9,9,9,3,2,3,3,2,2,3,3,3,3,3,9,3,2,2,3,3,3,3,3,3,3,2,5,5,5,3,3,3,3,3,6,8,7,3,3,3,5,3,3,3,3,3,3,3,3,3,3,4,4,3,3,3,3,1,1,1,1,1,1,1,1,10,10,10,10,10,10,10,10","0.00076603889465332","walktrap","edit-xhwikibooks.graphml"
"0.11","0.31","0.58","0.394787994789927","2,3,2,2,1,2,1,2,2,2,1,4,2,2,2,5,6,1,1,4,3,9,2,2,2,2,2,5,3,6,8,7,4,4,1,1,10,2,3,3,3,3,9,9,9,9,3,9,9,9,3,3,3,3,3,9,9,9,9,3,2,3,3,2,2,3,3,3,3,3,9,3,2,2,3,3,3,3,3,3,3,2,5,5,5,3,3,3,3,3,6,8,7,3,3,3,5,3,3,3,3,3,3,3,3,3,3,4,4,3,3,3,3,1,1,1,1,1,1,1,1,10,10,10,10,10,10,10,10","0.000751972198486328","walktrap","edit-xhwikibooks.graphml"
"0.1","0.32","0.58","0.394610386159548","2,3,2,2,1,2,1,2,2,2,1,4,2,2,2,5,6,1,1,4,3,9,2,2,2,2,2,5,3,6,8,7,4,4,1,1,10,2,3,3,3,3,9,9,9,9,3,9,9,9,3,3,3,3,3,9,9,9,9,3,2,3,3,2,2,3,3,3,3,3,9,3,2,2,3,3,3,3,3,3,3,2,5,5,5,3,3,3,3,3,6,8,7,3,3,3,5,3,3,3,3,3,3,3,3,3,3,4,4,3,3,3,3,1,1,1,1,1,1,1,1,10,10,10,10,10,10,10,10","0.000784158706665039","walktrap","edit-xhwikibooks.graphml"
"0.09","0.33","0.58","0.392408649077564","1,2,1,1,3,1,3,1,1,1,3,3,1,1,1,4,5,3,9,3,2,10,1,1,1,1,1,4,2,5,7,6,8,3,9,9,11,1,2,2,2,2,10,10,10,10,2,10,10,10,2,2,2,2,2,10,10,10,10,2,1,2,2,1,1,2,2,2,2,2,10,2,1,1,2,2,2,2,2,2,2,1,4,4,4,2,2,2,2,2,5,7,6,2,2,2,4,2,2,2,2,2,2,2,2,2,2,8,8,2,2,2,2,9,9,9,9,9,9,9,9,11,11,11,11,11,11,11,11","0.000930070877075195","walktrap","edit-xhwikibooks.graphml"
"0.08","0.34","0.58","0.401269484091467","1,3,1,1,2,1,2,1,1,1,2,2,1,1,1,4,5,2,9,2,3,10,1,1,1,1,1,4,3,5,7,6,8,2,9,9,11,1,3,3,3,3,10,10,10,10,3,10,10,10,3,3,3,3,3,10,10,10,10,3,1,3,3,1,1,3,3,3,3,3,10,3,1,1,3,3,3,3,3,3,3,1,4,4,4,3,3,3,3,3,5,7,6,3,3,3,4,3,3,3,3,3,3,3,3,3,3,8,8,3,3,3,3,9,9,9,9,9,9,9,9,11,11,11,11,11,11,11,11","0.000771999359130859","walktrap","edit-xhwikibooks.graphml"
"0.07","0.35","0.58","0.401269484091467","1,3,1,1,2,1,2,1,1,1,2,2,1,1,1,4,5,2,9,2,3,10,1,1,1,1,1,4,3,5,7,6,8,2,9,9,11,1,3,3,3,3,10,10,10,10,3,10,10,10,3,3,3,3,3,10,10,10,10,3,1,3,3,1,1,3,3,3,3,3,10,3,1,1,3,3,3,3,3,3,3,1,4,4,4,3,3,3,3,3,5,7,6,3,3,3,4,3,3,3,3,3,3,3,3,3,3,8,8,3,3,3,3,9,9,9,9,9,9,9,9,11,11,11,11,11,11,11,11","0.000795841217041016","walktrap","edit-xhwikibooks.graphml"
"0.06","0.36","0.58","0.401090816575654","1,3,1,1,2,1,2,1,1,1,2,2,1,1,1,4,5,2,9,2,3,10,1,1,1,1,1,4,3,5,7,6,8,2,9,9,11,1,3,3,3,3,10,10,10,10,3,10,10,10,3,3,3,3,3,10,10,10,10,3,1,3,3,1,1,3,3,3,3,3,10,3,1,1,3,3,3,3,3,3,3,1,4,4,4,3,3,3,3,3,5,7,6,3,3,3,4,3,3,3,3,3,3,3,3,3,3,8,8,3,3,3,3,9,9,9,9,9,9,9,9,11,11,11,11,11,11,11,11","0.000778913497924805","walktrap","edit-xhwikibooks.graphml"
"0.05","0.37","0.58","0.401090816575654","1,3,1,1,2,1,2,1,1,1,2,2,1,1,1,4,5,2,9,2,3,10,1,1,1,1,1,4,3,5,7,6,8,2,9,9,11,1,3,3,3,3,10,10,10,10,3,10,10,10,3,3,3,3,3,10,10,10,10,3,1,3,3,1,1,3,3,3,3,3,10,3,1,1,3,3,3,3,3,3,3,1,4,4,4,3,3,3,3,3,5,7,6,3,3,3,4,3,3,3,3,3,3,3,3,3,3,8,8,3,3,3,3,9,9,9,9,9,9,9,9,11,11,11,11,11,11,11,11","0.000771045684814453","walktrap","edit-xhwikibooks.graphml"
"0.04","0.38","0.58","0.400350609604193","1,3,1,1,2,1,2,1,1,1,2,2,1,1,1,4,5,2,9,2,3,10,1,1,1,1,1,4,3,5,7,6,8,2,9,9,11,1,3,3,3,3,10,10,10,10,3,10,10,10,3,3,3,3,3,10,10,10,10,3,1,3,3,1,1,3,3,3,3,3,10,3,1,1,3,3,3,3,3,3,3,1,4,4,4,3,3,3,3,3,5,7,6,3,3,3,4,3,3,3,3,3,3,3,3,3,3,8,8,3,3,3,3,9,9,9,9,9,9,9,9,11,11,11,11,11,11,11,11","0.000766992568969727","walktrap","edit-xhwikibooks.graphml"
"0.03","0.39","0.58","0.400944647789056","1,3,1,1,2,1,2,1,1,1,2,2,1,1,1,4,5,2,9,2,3,10,1,1,1,1,1,4,3,5,7,6,8,2,9,9,11,1,3,3,3,3,10,10,10,10,3,10,10,10,3,3,3,3,3,10,10,10,10,3,1,3,3,1,1,3,3,3,3,3,10,3,1,1,3,3,3,3,3,3,3,1,4,4,4,3,3,3,3,3,5,7,6,3,3,3,4,3,3,3,3,3,3,3,3,3,3,8,8,3,3,3,3,9,9,9,9,9,9,9,9,11,11,11,11,11,11,11,11","0.000782966613769531","walktrap","edit-xhwikibooks.graphml"
"0.02","0.4","0.58","0.401886182360207","1,3,1,1,2,1,2,1,1,1,2,2,1,1,1,4,5,2,9,2,3,10,1,1,1,1,1,4,3,5,7,6,8,2,9,9,11,1,3,3,3,3,10,10,10,10,3,10,10,10,3,3,3,3,3,10,10,10,10,3,1,3,3,1,1,3,3,3,3,3,10,3,1,1,3,3,3,3,3,3,3,1,4,4,4,3,3,3,3,3,5,7,6,3,3,3,4,3,3,3,3,3,3,3,3,3,3,8,8,3,3,3,3,9,9,9,9,9,9,9,9,11,11,11,11,11,11,11,11","0.000757217407226562","walktrap","edit-xhwikibooks.graphml"
"0.01","0.41","0.58","0.401886182360207","1,3,1,1,2,1,2,1,1,1,2,2,1,1,1,4,5,2,9,2,3,10,1,1,1,1,1,4,3,5,7,6,8,2,9,9,11,1,3,3,3,3,10,10,10,10,3,10,10,10,3,3,3,3,3,10,10,10,10,3,1,3,3,1,1,3,3,3,3,3,10,3,1,1,3,3,3,3,3,3,3,1,4,4,4,3,3,3,3,3,5,7,6,3,3,3,4,3,3,3,3,3,3,3,3,3,3,8,8,3,3,3,3,9,9,9,9,9,9,9,9,11,11,11,11,11,11,11,11","0.000762939453125","walktrap","edit-xhwikibooks.graphml"
"0","0.42","0.58","0.40284908260038","1,11,1,1,2,1,2,1,1,1,2,2,1,1,1,3,4,2,8,2,11,9,1,1,1,1,1,3,1,4,6,5,7,2,8,8,10,1,11,11,11,11,9,9,9,9,11,9,9,9,11,11,11,11,11,9,9,9,9,11,1,11,11,1,1,11,11,11,11,11,9,11,1,1,11,11,11,11,11,11,11,1,3,3,3,1,11,11,11,11,4,6,5,11,11,11,3,11,11,11,11,11,11,11,11,11,11,7,7,11,11,11,11,8,8,8,8,8,8,8,8,10,10,10,10,10,10,10,10","0.000792980194091797","walktrap","edit-xhwikibooks.graphml"
"0.41","0","0.59","0.396095731393375","1,2,1,1,4,1,4,1,1,3,4,4,1,1,1,5,3,6,7,4,2,9,1,1,1,1,1,5,2,3,6,8,11,4,7,7,10,1,2,2,2,2,9,9,9,9,2,9,9,9,2,2,2,2,2,9,9,9,9,2,1,2,2,1,1,2,2,2,2,2,9,2,1,1,2,2,2,2,2,2,2,1,5,5,5,2,2,2,2,2,3,6,8,2,2,2,5,2,2,2,2,2,2,2,2,2,2,11,11,2,2,2,2,7,7,7,7,7,7,7,7,10,10,10,10,10,10,10,10","0.000791072845458984","walktrap","edit-xhwikibooks.graphml"
"0.4","0.01","0.59","0.396095731393375","1,2,1,1,4,1,4,1,1,3,4,4,1,1,1,5,3,6,7,4,2,9,1,1,1,1,1,5,2,3,6,8,11,4,7,7,10,1,2,2,2,2,9,9,9,9,2,9,9,9,2,2,2,2,2,9,9,9,9,2,1,2,2,1,1,2,2,2,2,2,9,2,1,1,2,2,2,2,2,2,2,1,5,5,5,2,2,2,2,2,3,6,8,2,2,2,5,2,2,2,2,2,2,2,2,2,2,11,11,2,2,2,2,7,7,7,7,7,7,7,7,10,10,10,10,10,10,10,10","0.000769138336181641","walktrap","edit-xhwikibooks.graphml"
"0.39","0.02","0.59","0.396095731393375","1,2,1,1,4,1,4,1,1,3,4,4,1,1,1,5,3,6,7,4,2,9,1,1,1,1,1,5,2,3,6,8,11,4,7,7,10,1,2,2,2,2,9,9,9,9,2,9,9,9,2,2,2,2,2,9,9,9,9,2,1,2,2,1,1,2,2,2,2,2,9,2,1,1,2,2,2,2,2,2,2,1,5,5,5,2,2,2,2,2,3,6,8,2,2,2,5,2,2,2,2,2,2,2,2,2,2,11,11,2,2,2,2,7,7,7,7,7,7,7,7,10,10,10,10,10,10,10,10","0.000832080841064453","walktrap","edit-xhwikibooks.graphml"
"0.38","0.03","0.59","0.395923496282169","1,2,1,1,4,1,4,1,1,3,4,4,1,1,1,5,3,6,7,4,2,9,1,1,1,1,1,5,2,3,6,8,11,4,7,7,10,1,2,2,2,2,9,9,9,9,2,9,9,9,2,2,2,2,2,9,9,9,9,2,1,2,2,1,1,2,2,2,2,2,9,2,1,1,2,2,2,2,2,2,2,1,5,5,5,2,2,2,2,2,3,6,8,2,2,2,5,2,2,2,2,2,2,2,2,2,2,11,11,2,2,2,2,7,7,7,7,7,7,7,7,10,10,10,10,10,10,10,10","0.000770092010498047","walktrap","edit-xhwikibooks.graphml"
"0.37","0.04","0.59","0.395923496282169","1,2,1,1,4,1,4,1,1,3,4,4,1,1,1,5,3,6,7,4,2,9,1,1,1,1,1,5,2,3,6,8,11,4,7,7,10,1,2,2,2,2,9,9,9,9,2,9,9,9,2,2,2,2,2,9,9,9,9,2,1,2,2,1,1,2,2,2,2,2,9,2,1,1,2,2,2,2,2,2,2,1,5,5,5,2,2,2,2,2,3,6,8,2,2,2,5,2,2,2,2,2,2,2,2,2,2,11,11,2,2,2,2,7,7,7,7,7,7,7,7,10,10,10,10,10,10,10,10","0.000760078430175781","walktrap","edit-xhwikibooks.graphml"
"0.36","0.05","0.59","0.395751401195639","1,2,1,1,4,1,4,1,1,3,4,4,1,1,1,5,3,6,7,4,2,9,1,1,1,1,1,5,2,3,6,8,11,4,7,7,10,1,2,2,2,2,9,9,9,9,2,9,9,9,2,2,2,2,2,9,9,9,9,2,1,2,2,1,1,2,2,2,2,2,9,2,1,1,2,2,2,2,2,2,2,1,5,5,5,2,2,2,2,2,3,6,8,2,2,2,5,2,2,2,2,2,2,2,2,2,2,11,11,2,2,2,2,7,7,7,7,7,7,7,7,10,10,10,10,10,10,10,10","0.000774860382080078","walktrap","edit-xhwikibooks.graphml"
"0.35","0.06","0.59","0.395751401195639","1,2,1,1,4,1,4,1,1,3,4,4,1,1,1,5,3,6,7,4,2,9,1,1,1,1,1,5,2,3,6,8,11,4,7,7,10,1,2,2,2,2,9,9,9,9,2,9,9,9,2,2,2,2,2,9,9,9,9,2,1,2,2,1,1,2,2,2,2,2,9,2,1,1,2,2,2,2,2,2,2,1,5,5,5,2,2,2,2,2,3,6,8,2,2,2,5,2,2,2,2,2,2,2,2,2,2,11,11,2,2,2,2,7,7,7,7,7,7,7,7,10,10,10,10,10,10,10,10","0.000781059265136719","walktrap","edit-xhwikibooks.graphml"
"0.34","0.07","0.59","0.395579445982968","1,2,1,1,4,1,4,1,1,3,4,4,1,1,1,5,3,6,7,4,2,9,1,1,1,1,1,5,2,3,6,8,11,4,7,7,10,1,2,2,2,2,9,9,9,9,2,9,9,9,2,2,2,2,2,9,9,9,9,2,1,2,2,1,1,2,2,2,2,2,9,2,1,1,2,2,2,2,2,2,2,1,5,5,5,2,2,2,2,2,3,6,8,2,2,2,5,2,2,2,2,2,2,2,2,2,2,11,11,2,2,2,2,7,7,7,7,7,7,7,7,10,10,10,10,10,10,10,10","0.000802040100097656","walktrap","edit-xhwikibooks.graphml"
"0.33","0.08","0.59","0.396158469439579","1,2,1,1,4,1,4,1,1,3,4,4,1,1,1,5,3,6,7,4,2,10,1,1,1,1,1,5,2,3,6,8,11,4,7,7,9,1,2,2,2,2,10,10,10,10,2,10,10,10,2,2,2,2,2,10,10,10,10,2,1,2,2,1,1,2,2,2,2,2,10,2,1,1,2,2,2,2,2,2,2,1,5,5,5,2,2,2,2,2,3,6,8,2,2,2,5,2,2,2,2,2,2,2,2,2,2,11,11,2,2,2,2,7,7,7,7,7,7,7,7,9,9,9,9,9,9,9,9","0.000776052474975586","walktrap","edit-xhwikibooks.graphml"
"0.32","0.09","0.59","0.385302232467078","1,2,1,1,4,1,4,1,1,3,4,4,1,1,1,5,3,6,7,4,2,10,1,1,1,1,1,5,2,3,6,8,11,4,7,7,9,1,2,2,2,2,10,10,10,10,2,10,10,10,2,2,2,2,2,10,10,10,10,2,1,2,2,1,1,2,2,2,2,2,10,2,1,1,2,2,2,2,2,2,2,1,5,5,5,2,2,2,2,2,3,6,8,2,2,2,5,2,2,2,2,2,2,2,2,2,2,11,11,2,2,2,2,7,7,7,7,7,7,7,7,9,9,9,9,9,9,9,9","0.000814914703369141","walktrap","edit-xhwikibooks.graphml"
"0.31","0.1","0.59","0.385472678180909","1,2,1,1,4,1,4,1,1,3,4,4,1,1,1,5,3,6,7,4,2,10,1,1,1,1,1,5,2,3,6,8,11,4,7,7,9,1,2,2,2,2,10,10,10,10,2,10,10,10,2,2,2,2,2,10,10,10,10,2,1,2,2,1,1,2,2,2,2,2,10,2,1,1,2,2,2,2,2,2,2,1,5,5,5,2,2,2,2,2,3,6,8,2,2,2,5,2,2,2,2,2,2,2,2,2,2,11,11,2,2,2,2,7,7,7,7,7,7,7,7,9,9,9,9,9,9,9,9","0.000779151916503906","walktrap","edit-xhwikibooks.graphml"
"0.3","0.11","0.59","0.385302232467078","1,2,1,1,4,1,4,1,1,3,4,4,1,1,1,5,3,6,7,4,2,10,1,1,1,1,1,5,2,3,6,8,11,4,7,7,9,1,2,2,2,2,10,10,10,10,2,10,10,10,2,2,2,2,2,10,10,10,10,2,1,2,2,1,1,2,2,2,2,2,10,2,1,1,2,2,2,2,2,2,2,1,5,5,5,2,2,2,2,2,3,6,8,2,2,2,5,2,2,2,2,2,2,2,2,2,2,11,11,2,2,2,2,7,7,7,7,7,7,7,7,9,9,9,9,9,9,9,9","0.000792026519775391","walktrap","edit-xhwikibooks.graphml"
"0.29","0.12","0.59","0.386508188529635","1,2,1,1,4,1,4,1,1,3,4,4,1,1,1,5,3,6,8,4,2,9,1,1,1,1,1,5,2,3,6,7,11,4,8,8,10,1,2,2,2,2,9,9,9,9,2,9,9,9,2,2,2,2,2,9,9,9,9,2,1,2,2,1,1,2,2,2,2,2,9,2,1,1,2,2,2,2,2,2,2,1,5,5,5,2,2,2,2,2,3,6,7,2,2,2,5,2,2,2,2,2,2,2,2,2,2,11,11,2,2,2,2,8,8,8,8,8,8,8,8,10,10,10,10,10,10,10,10","0.000777959823608398","walktrap","edit-xhwikibooks.graphml"
"0.28","0.13","0.59","0.386337675513693","1,2,1,1,4,1,4,1,1,3,4,4,1,1,1,5,3,6,8,4,2,9,1,1,1,1,1,5,2,3,6,7,11,4,8,8,10,1,2,2,2,2,9,9,9,9,2,9,9,9,2,2,2,2,2,9,9,9,9,2,1,2,2,1,1,2,2,2,2,2,9,2,1,1,2,2,2,2,2,2,2,1,5,5,5,2,2,2,2,2,3,6,7,2,2,2,5,2,2,2,2,2,2,2,2,2,2,11,11,2,2,2,2,8,8,8,8,8,8,8,8,10,10,10,10,10,10,10,10","0.000782012939453125","walktrap","edit-xhwikibooks.graphml"
"0.27","0.14","0.59","0.385249342578687","2,12,2,2,2,1,2,1,1,3,2,2,1,1,1,4,3,5,7,2,12,9,1,1,1,1,1,4,8,3,5,6,11,2,7,7,10,1,12,12,12,12,9,9,9,9,12,9,9,9,12,12,12,12,12,9,9,9,9,12,1,12,12,1,1,12,12,12,12,12,9,12,1,1,12,12,12,12,12,12,12,1,4,4,4,8,12,12,12,12,3,5,6,12,12,12,4,12,12,12,12,12,12,12,12,12,12,11,11,12,12,12,12,7,7,7,7,7,7,7,7,10,10,10,10,10,10,10,10","0.000785112380981445","walktrap","edit-xhwikibooks.graphml"
"0.26","0.15","0.59","0.386235256126788","2,12,2,2,2,1,2,1,1,3,2,2,1,1,1,4,3,5,8,2,12,9,1,1,1,1,1,4,7,3,5,6,11,2,8,8,10,1,12,12,12,12,9,9,9,9,12,9,9,9,12,12,12,12,12,9,9,9,9,12,1,12,12,1,1,12,12,12,12,12,9,12,1,1,12,12,12,12,12,12,12,1,4,4,4,7,12,12,12,12,3,5,6,12,12,12,4,12,12,12,12,12,12,12,12,12,12,11,11,12,12,12,12,8,8,8,8,8,8,8,8,10,10,10,10,10,10,10,10","0.000786066055297852","walktrap","edit-xhwikibooks.graphml"
"0.25","0.16","0.59","0.386833503393736","2,12,2,2,2,1,2,1,1,3,2,2,1,1,1,4,3,5,8,2,12,9,1,1,1,1,1,4,7,3,5,6,11,2,8,8,10,1,12,12,12,12,9,9,9,9,12,9,9,9,12,12,12,12,12,9,9,9,9,12,1,12,12,1,1,12,12,12,12,12,9,12,1,1,12,12,12,12,12,12,12,1,4,4,4,7,12,12,12,12,3,5,6,12,12,12,4,12,12,12,12,12,12,12,12,12,12,11,11,12,12,12,12,8,8,8,8,8,8,8,8,10,10,10,10,10,10,10,10","0.000761032104492188","walktrap","edit-xhwikibooks.graphml"
"0.24","0.17","0.59","0.387235428785889","2,12,2,2,2,1,2,1,1,3,2,2,1,1,1,4,3,5,8,2,12,9,1,1,1,1,1,4,7,3,5,6,11,2,8,8,10,1,12,12,12,12,9,9,9,9,12,9,9,9,12,12,12,12,12,9,9,9,9,12,1,12,12,1,1,12,12,12,12,12,9,12,1,1,12,12,12,12,12,12,12,1,4,4,4,7,12,12,12,12,3,5,6,12,12,12,4,12,12,12,12,12,12,12,12,12,12,11,11,12,12,12,12,8,8,8,8,8,8,8,8,10,10,10,10,10,10,10,10","0.000777959823608398","walktrap","edit-xhwikibooks.graphml"
"0.23","0.18","0.59","0.387235428785889","2,12,2,2,2,1,2,1,1,3,2,2,1,1,1,4,3,5,8,2,12,9,1,1,1,1,1,4,7,3,5,6,11,2,8,8,10,1,12,12,12,12,9,9,9,9,12,9,9,9,12,12,12,12,12,9,9,9,9,12,1,12,12,1,1,12,12,12,12,12,9,12,1,1,12,12,12,12,12,12,12,1,4,4,4,7,12,12,12,12,3,5,6,12,12,12,4,12,12,12,12,12,12,12,12,12,12,11,11,12,12,12,12,8,8,8,8,8,8,8,8,10,10,10,10,10,10,10,10","0.000777959823608398","walktrap","edit-xhwikibooks.graphml"
"0.22","0.19","0.59","0.384847306856333","2,3,2,2,1,2,1,2,2,2,1,4,2,2,2,5,6,1,1,4,3,9,2,2,2,2,2,5,3,6,8,7,4,4,1,1,10,2,3,3,3,3,9,9,9,9,3,9,9,9,3,3,3,3,3,9,9,9,9,3,2,3,3,2,2,3,3,3,3,3,9,3,2,2,3,3,3,3,3,3,3,2,5,5,5,3,3,3,3,3,6,8,7,3,3,3,5,3,3,3,3,3,3,3,3,3,3,4,4,3,3,3,3,1,1,1,1,1,1,1,1,10,10,10,10,10,10,10,10","0.000755071640014648","walktrap","edit-xhwikibooks.graphml"
"0.21","0.2","0.59","0.386001553950775","2,3,2,2,1,2,1,2,2,2,1,4,2,2,2,5,6,1,1,4,3,9,2,2,2,2,2,5,3,6,8,7,4,4,1,1,10,2,3,3,3,3,9,9,9,9,3,9,9,9,3,3,3,3,3,9,9,9,9,3,2,3,3,2,2,3,3,3,3,3,9,3,2,2,3,3,3,3,3,3,3,2,5,5,5,3,3,3,3,3,6,8,7,3,3,3,5,3,3,3,3,3,3,3,3,3,3,4,4,3,3,3,3,1,1,1,1,1,1,1,1,10,10,10,10,10,10,10,10","0.000779151916503906","walktrap","edit-xhwikibooks.graphml"
"0.2","0.21","0.59","0.385830829123046","2,3,2,2,1,2,1,2,2,2,1,4,2,2,2,5,6,1,1,4,3,9,2,2,2,2,2,5,3,6,8,7,4,4,1,1,10,2,3,3,3,3,9,9,9,9,3,9,9,9,3,3,3,3,3,9,9,9,9,3,2,3,3,2,2,3,3,3,3,3,9,3,2,2,3,3,3,3,3,3,3,2,5,5,5,3,3,3,3,3,6,8,7,3,3,3,5,3,3,3,3,3,3,3,3,3,3,4,4,3,3,3,3,1,1,1,1,1,1,1,1,10,10,10,10,10,10,10,10","0.000773906707763672","walktrap","edit-xhwikibooks.graphml"
"0.19","0.22","0.59","0.385830829123046","2,3,2,2,1,2,1,2,2,2,1,4,2,2,2,5,6,1,1,4,3,9,2,2,2,2,2,5,3,6,8,7,4,4,1,1,10,2,3,3,3,3,9,9,9,9,3,9,9,9,3,3,3,3,3,9,9,9,9,3,2,3,3,2,2,3,3,3,3,3,9,3,2,2,3,3,3,3,3,3,3,2,5,5,5,3,3,3,3,3,6,8,7,3,3,3,5,3,3,3,3,3,3,3,3,3,3,4,4,3,3,3,3,1,1,1,1,1,1,1,1,10,10,10,10,10,10,10,10","0.000789880752563477","walktrap","edit-xhwikibooks.graphml"
"0.18","0.23","0.59","0.386861219320875","2,3,2,2,1,2,1,2,2,2,1,4,2,2,2,5,6,1,1,4,3,9,2,2,2,2,2,5,3,6,8,7,4,4,1,1,10,2,3,3,3,3,9,9,9,9,3,9,9,9,3,3,3,3,3,9,9,9,9,3,2,3,3,2,2,3,3,3,3,3,9,3,2,2,3,3,3,3,3,3,3,2,5,5,5,3,3,3,3,3,6,8,7,3,3,3,5,3,3,3,3,3,3,3,3,3,3,4,4,3,3,3,3,1,1,1,1,1,1,1,1,10,10,10,10,10,10,10,10","0.00080418586730957","walktrap","edit-xhwikibooks.graphml"
"0.17","0.24","0.59","0.387462390873729","2,3,2,2,1,2,1,2,2,2,1,4,2,2,2,5,6,1,1,4,3,9,2,2,2,2,2,5,3,6,8,7,4,4,1,1,10,2,3,3,3,3,9,9,9,9,3,9,9,9,3,3,3,3,3,9,9,9,9,3,2,3,3,2,2,3,3,3,3,3,9,3,2,2,3,3,3,3,3,3,3,2,5,5,5,3,3,3,3,3,6,8,7,3,3,3,5,3,3,3,3,3,3,3,3,3,3,4,4,3,3,3,3,1,1,1,1,1,1,1,1,10,10,10,10,10,10,10,10","0.000804901123046875","walktrap","edit-xhwikibooks.graphml"
"0.16","0.25","0.59","0.389079575988585","2,3,2,2,1,2,1,2,2,2,1,4,2,2,2,5,6,1,1,4,3,9,2,2,2,2,2,5,3,6,8,7,4,4,1,1,10,2,3,3,3,3,9,9,9,9,3,9,9,9,3,3,3,3,3,9,9,9,9,3,2,3,3,2,2,3,3,3,3,3,9,3,2,2,3,3,3,3,3,3,3,2,5,5,5,3,3,3,3,3,6,8,7,3,3,3,5,3,3,3,3,3,3,3,3,3,3,4,4,3,3,3,3,1,1,1,1,1,1,1,1,10,10,10,10,10,10,10,10","0.000794887542724609","walktrap","edit-xhwikibooks.graphml"
"0.15","0.26","0.59","0.389079575988585","2,3,2,2,1,2,1,2,2,2,1,4,2,2,2,5,6,1,1,4,3,9,2,2,2,2,2,5,3,6,8,7,4,4,1,1,10,2,3,3,3,3,9,9,9,9,3,9,9,9,3,3,3,3,3,9,9,9,9,3,2,3,3,2,2,3,3,3,3,3,9,3,2,2,3,3,3,3,3,3,3,2,5,5,5,3,3,3,3,3,6,8,7,3,3,3,5,3,3,3,3,3,3,3,3,3,3,4,4,3,3,3,3,1,1,1,1,1,1,1,1,10,10,10,10,10,10,10,10","0.000794887542724609","walktrap","edit-xhwikibooks.graphml"
"0.14","0.27","0.59","0.385601829489192","2,3,2,2,1,2,1,2,2,2,1,4,2,2,2,5,6,1,1,4,3,9,2,2,2,2,2,5,3,6,8,7,4,4,1,1,10,2,3,3,3,3,9,9,9,9,3,9,9,9,3,3,3,3,3,9,9,9,9,3,2,3,3,2,2,3,3,3,3,3,9,3,2,2,3,3,3,3,3,3,3,2,5,5,5,3,3,3,3,3,6,8,7,3,3,3,5,3,3,3,3,3,3,3,3,3,3,4,4,3,3,3,3,1,1,1,1,1,1,1,1,10,10,10,10,10,10,10,10","0.000800848007202148","walktrap","edit-xhwikibooks.graphml"
"0.13","0.28","0.59","0.385431151182992","2,3,2,2,1,2,1,2,2,2,1,4,2,2,2,5,6,1,1,4,3,9,2,2,2,2,2,5,3,6,8,7,4,4,1,1,10,2,3,3,3,3,9,9,9,9,3,9,9,9,3,3,3,3,3,9,9,9,9,3,2,3,3,2,2,3,3,3,3,3,9,3,2,2,3,3,3,3,3,3,3,2,5,5,5,3,3,3,3,3,6,8,7,3,3,3,5,3,3,3,3,3,3,3,3,3,3,4,4,3,3,3,3,1,1,1,1,1,1,1,1,10,10,10,10,10,10,10,10","0.000818967819213867","walktrap","edit-xhwikibooks.graphml"
"0.12","0.29","0.59","0.386408708689212","2,3,2,2,1,2,1,2,2,2,1,4,2,2,2,5,6,1,1,4,3,9,2,2,2,2,2,5,3,6,8,7,4,4,1,1,10,2,3,3,3,3,9,9,9,9,3,9,9,9,3,3,3,3,3,9,9,9,9,3,2,3,3,2,2,3,3,3,3,3,9,3,2,2,3,3,3,3,3,3,3,2,5,5,5,3,3,3,3,3,6,8,7,3,3,3,5,3,3,3,3,3,3,3,3,3,3,4,4,3,3,3,3,1,1,1,1,1,1,1,1,10,10,10,10,10,10,10,10","0.000822067260742188","walktrap","edit-xhwikibooks.graphml"
"0.11","0.3","0.59","0.386238168511916","2,3,2,2,1,2,1,2,2,2,1,4,2,2,2,5,6,1,1,4,3,9,2,2,2,2,2,5,3,6,8,7,4,4,1,1,10,2,3,3,3,3,9,9,9,9,3,9,9,9,3,3,3,3,3,9,9,9,9,3,2,3,3,2,2,3,3,3,3,3,9,3,2,2,3,3,3,3,3,3,3,2,5,5,5,3,3,3,3,3,6,8,7,3,3,3,5,3,3,3,3,3,3,3,3,3,3,4,4,3,3,3,3,1,1,1,1,1,1,1,1,10,10,10,10,10,10,10,10","0.000977993011474609","walktrap","edit-xhwikibooks.graphml"
"0.1","0.31","0.59","0.386266691686996","2,3,2,2,1,2,1,2,2,2,1,4,2,2,2,5,6,1,1,4,3,9,2,2,2,2,2,5,3,6,8,7,4,4,1,1,10,2,3,3,3,3,9,9,9,9,3,9,9,9,3,3,3,3,3,9,9,9,9,3,2,3,3,2,2,3,3,3,3,3,9,3,2,2,3,3,3,3,3,3,3,2,5,5,5,3,3,3,3,3,6,8,7,3,3,3,5,3,3,3,3,3,3,3,3,3,3,4,4,3,3,3,3,1,1,1,1,1,1,1,1,10,10,10,10,10,10,10,10","0.000764131546020508","walktrap","edit-xhwikibooks.graphml"
"0.09","0.32","0.59","0.386668350345379","2,3,2,2,1,2,1,2,2,2,1,4,2,2,2,5,6,1,1,4,3,9,2,2,2,2,2,5,3,6,8,7,4,4,1,1,10,2,3,3,3,3,9,9,9,9,3,9,9,9,3,3,3,3,3,9,9,9,9,3,2,3,3,2,2,3,3,3,3,3,9,3,2,2,3,3,3,3,3,3,3,2,5,5,5,3,3,3,3,3,6,8,7,3,3,3,5,3,3,3,3,3,3,3,3,3,3,4,4,3,3,3,3,1,1,1,1,1,1,1,1,10,10,10,10,10,10,10,10","0.000776052474975586","walktrap","edit-xhwikibooks.graphml"
"0.08","0.33","0.59","0.386838851972662","2,3,2,2,1,2,1,2,2,2,1,4,2,2,2,5,6,1,1,4,3,9,2,2,2,2,2,5,3,6,8,7,4,4,1,1,10,2,3,3,3,3,9,9,9,9,3,9,9,9,3,3,3,3,3,9,9,9,9,3,2,3,3,2,2,3,3,3,3,3,9,3,2,2,3,3,3,3,3,3,3,2,5,5,5,3,3,3,3,3,6,8,7,3,3,3,5,3,3,3,3,3,3,3,3,3,3,4,4,3,3,3,3,1,1,1,1,1,1,1,1,10,10,10,10,10,10,10,10","0.000789165496826172","walktrap","edit-xhwikibooks.graphml"
"0.07","0.34","0.59","0.394228893974858","1,2,1,1,6,1,6,1,1,1,6,3,1,1,1,4,5,6,9,3,2,10,1,1,1,1,1,4,2,5,8,7,3,3,9,9,11,1,2,2,2,2,10,10,10,10,2,10,10,10,2,2,2,2,2,10,10,10,10,2,1,2,2,1,1,2,2,2,2,2,10,2,1,1,2,2,2,2,2,2,2,1,4,4,4,2,2,2,2,2,5,8,7,2,2,2,4,2,2,2,2,2,2,2,2,2,2,3,3,2,2,2,2,9,9,9,9,9,9,9,9,11,11,11,11,11,11,11,11","0.000802040100097656","walktrap","edit-xhwikibooks.graphml"
"0.06","0.35","0.59","0.394228893974858","1,2,1,1,6,1,6,1,1,1,6,3,1,1,1,4,5,6,9,3,2,10,1,1,1,1,1,4,2,5,8,7,3,3,9,9,11,1,2,2,2,2,10,10,10,10,2,10,10,10,2,2,2,2,2,10,10,10,10,2,1,2,2,1,1,2,2,2,2,2,10,2,1,1,2,2,2,2,2,2,2,1,4,4,4,2,2,2,2,2,5,8,7,2,2,2,4,2,2,2,2,2,2,2,2,2,2,3,3,2,2,2,2,9,9,9,9,9,9,9,9,11,11,11,11,11,11,11,11","0.0352458953857422","walktrap","edit-xhwikibooks.graphml"
"0.05","0.36","0.59","0.392695305419612","1,3,1,1,2,1,2,1,1,1,2,2,1,1,1,4,5,2,9,2,3,10,1,1,1,1,1,4,3,5,7,6,8,2,9,9,11,1,3,3,3,3,10,10,10,10,3,10,10,10,3,3,3,3,3,10,10,10,10,3,1,3,3,1,1,3,3,3,3,3,10,3,1,1,3,3,3,3,3,3,3,1,4,4,4,3,3,3,3,3,5,7,6,3,3,3,4,3,3,3,3,3,3,3,3,3,3,8,8,3,3,3,3,9,9,9,9,9,9,9,9,11,11,11,11,11,11,11,11","0.000999927520751953","walktrap","edit-xhwikibooks.graphml"
"0.04","0.37","0.59","0.392695305419612","1,3,1,1,2,1,2,1,1,1,2,2,1,1,1,4,5,2,9,2,3,10,1,1,1,1,1,4,3,5,7,6,8,2,9,9,11,1,3,3,3,3,10,10,10,10,3,10,10,10,3,3,3,3,3,10,10,10,10,3,1,3,3,1,1,3,3,3,3,3,10,3,1,1,3,3,3,3,3,3,3,1,4,4,4,3,3,3,3,3,5,7,6,3,3,3,4,3,3,3,3,3,3,3,3,3,3,8,8,3,3,3,3,9,9,9,9,9,9,9,9,11,11,11,11,11,11,11,11","0.000860929489135742","walktrap","edit-xhwikibooks.graphml"
"0.03","0.38","0.59","0.392523777173913","1,3,1,1,2,1,2,1,1,1,2,2,1,1,1,4,5,2,9,2,3,10,1,1,1,1,1,4,3,5,7,6,8,2,9,9,11,1,3,3,3,3,10,10,10,10,3,10,10,10,3,3,3,3,3,10,10,10,10,3,1,3,3,1,1,3,3,3,3,3,10,3,1,1,3,3,3,3,3,3,3,1,4,4,4,3,3,3,3,3,5,7,6,3,3,3,4,3,3,3,3,3,3,3,3,3,3,8,8,3,3,3,3,9,9,9,9,9,9,9,9,11,11,11,11,11,11,11,11","0.00132989883422852","walktrap","edit-xhwikibooks.graphml"
"0.02","0.39","0.59","0.393112137943121","1,3,1,1,2,1,2,1,1,1,2,2,1,1,1,4,5,2,9,2,3,10,1,1,1,1,1,4,3,5,7,6,8,2,9,9,11,1,3,3,3,3,10,10,10,10,3,10,10,10,3,3,3,3,3,10,10,10,10,3,1,3,3,1,1,3,3,3,3,3,10,3,1,1,3,3,3,3,3,3,3,1,4,4,4,3,3,3,3,3,5,7,6,3,3,3,4,3,3,3,3,3,3,3,3,3,3,8,8,3,3,3,3,9,9,9,9,9,9,9,9,11,11,11,11,11,11,11,11","0.00130200386047363","walktrap","edit-xhwikibooks.graphml"
"0.01","0.4","0.59","0.394052087793677","1,3,1,1,2,1,2,1,1,1,2,2,1,1,1,4,5,2,9,2,3,10,1,1,1,1,1,4,3,5,7,6,8,2,9,9,11,1,3,3,3,3,10,10,10,10,3,10,10,10,3,3,3,3,3,10,10,10,10,3,1,3,3,1,1,3,3,3,3,3,10,3,1,1,3,3,3,3,3,3,3,1,4,4,4,3,3,3,3,3,5,7,6,3,3,3,4,3,3,3,3,3,3,3,3,3,3,8,8,3,3,3,3,9,9,9,9,9,9,9,9,11,11,11,11,11,11,11,11","0.00131797790527344","walktrap","edit-xhwikibooks.graphml"
"0","0.41","0.59","0.395246075755626","1,11,1,1,2,1,2,1,1,1,2,2,1,1,1,3,4,2,8,2,11,9,1,1,1,1,1,3,1,4,6,5,7,2,8,8,10,1,11,11,11,11,9,9,9,9,11,9,9,9,11,11,11,11,11,9,9,9,9,11,1,11,11,1,1,11,11,11,11,11,9,11,1,1,11,11,11,11,11,11,11,1,3,3,3,1,11,11,11,11,4,6,5,11,11,11,3,11,11,11,11,11,11,11,11,11,11,7,7,11,11,11,11,8,8,8,8,8,8,8,8,10,10,10,10,10,10,10,10","0.00134992599487305","walktrap","edit-xhwikibooks.graphml"
"0.4","0","0.6","0.389975752940581","1,2,1,1,4,1,4,1,1,3,4,4,1,1,1,5,3,6,7,4,2,9,1,1,1,1,1,5,2,3,6,8,11,4,7,7,10,1,2,2,2,2,9,9,9,9,2,9,9,9,2,2,2,2,2,9,9,9,9,2,1,2,2,1,1,2,2,2,2,2,9,2,1,1,2,2,2,2,2,2,2,1,5,5,5,2,2,2,2,2,3,6,8,2,2,2,5,2,2,2,2,2,2,2,2,2,2,11,11,2,2,2,2,7,7,7,7,7,7,7,7,10,10,10,10,10,10,10,10","0.00139784812927246","walktrap","edit-xhwikibooks.graphml"
"0.39","0.01","0.6","0.388315578283834","1,2,1,1,4,1,4,1,1,3,4,4,1,1,1,5,3,6,7,4,2,9,1,1,1,1,1,5,2,3,6,8,11,4,7,7,10,1,2,2,2,2,9,9,9,9,2,9,9,9,2,2,2,2,2,9,9,9,9,2,1,2,2,1,1,2,2,2,2,2,9,2,1,1,2,2,2,2,2,2,2,1,5,5,5,2,2,2,2,2,3,6,8,2,2,2,5,2,2,2,2,2,2,2,2,2,2,11,11,2,2,2,2,7,7,7,7,7,7,7,7,10,10,10,10,10,10,10,10","0.0013880729675293","walktrap","edit-xhwikibooks.graphml"
"0.38","0.02","0.6","0.388315578283834","1,2,1,1,4,1,4,1,1,3,4,4,1,1,1,5,3,6,7,4,2,9,1,1,1,1,1,5,2,3,6,8,11,4,7,7,10,1,2,2,2,2,9,9,9,9,2,9,9,9,2,2,2,2,2,9,9,9,9,2,1,2,2,1,1,2,2,2,2,2,9,2,1,1,2,2,2,2,2,2,2,1,5,5,5,2,2,2,2,2,3,6,8,2,2,2,5,2,2,2,2,2,2,2,2,2,2,11,11,2,2,2,2,7,7,7,7,7,7,7,7,10,10,10,10,10,10,10,10","0.00149893760681152","walktrap","edit-xhwikibooks.graphml"
"0.37","0.03","0.6","0.388149630619482","1,2,1,1,4,1,4,1,1,3,4,4,1,1,1,5,3,6,7,4,2,9,1,1,1,1,1,5,2,3,6,8,11,4,7,7,10,1,2,2,2,2,9,9,9,9,2,9,9,9,2,2,2,2,2,9,9,9,9,2,1,2,2,1,1,2,2,2,2,2,9,2,1,1,2,2,2,2,2,2,2,1,5,5,5,2,2,2,2,2,3,6,8,2,2,2,5,2,2,2,2,2,2,2,2,2,2,11,11,2,2,2,2,7,7,7,7,7,7,7,7,10,10,10,10,10,10,10,10","0.00134110450744629","walktrap","edit-xhwikibooks.graphml"
"0.36","0.04","0.6","0.388149630619482","1,2,1,1,4,1,4,1,1,3,4,4,1,1,1,5,3,6,7,4,2,9,1,1,1,1,1,5,2,3,6,8,11,4,7,7,10,1,2,2,2,2,9,9,9,9,2,9,9,9,2,2,2,2,2,9,9,9,9,2,1,2,2,1,1,2,2,2,2,2,9,2,1,1,2,2,2,2,2,2,2,1,5,5,5,2,2,2,2,2,3,6,8,2,2,2,5,2,2,2,2,2,2,2,2,2,2,11,11,2,2,2,2,7,7,7,7,7,7,7,7,10,10,10,10,10,10,10,10","0.0013580322265625","walktrap","edit-xhwikibooks.graphml"
"0.35","0.05","0.6","0.387983816206428","1,2,1,1,4,1,4,1,1,3,4,4,1,1,1,5,3,6,7,4,2,9,1,1,1,1,1,5,2,3,6,8,11,4,7,7,10,1,2,2,2,2,9,9,9,9,2,9,9,9,2,2,2,2,2,9,9,9,9,2,1,2,2,1,1,2,2,2,2,2,9,2,1,1,2,2,2,2,2,2,2,1,5,5,5,2,2,2,2,2,3,6,8,2,2,2,5,2,2,2,2,2,2,2,2,2,2,11,11,2,2,2,2,7,7,7,7,7,7,7,7,10,10,10,10,10,10,10,10","0.00137209892272949","walktrap","edit-xhwikibooks.graphml"
"0.34","0.06","0.6","0.387983816206428","1,2,1,1,4,1,4,1,1,3,4,4,1,1,1,5,3,6,7,4,2,9,1,1,1,1,1,5,2,3,6,8,11,4,7,7,10,1,2,2,2,2,9,9,9,9,2,9,9,9,2,2,2,2,2,9,9,9,9,2,1,2,2,1,1,2,2,2,2,2,9,2,1,1,2,2,2,2,2,2,2,1,5,5,5,2,2,2,2,2,3,6,8,2,2,2,5,2,2,2,2,2,2,2,2,2,2,11,11,2,2,2,2,7,7,7,7,7,7,7,7,10,10,10,10,10,10,10,10","0.00140976905822754","walktrap","edit-xhwikibooks.graphml"
"0.33","0.07","0.6","0.387818134901154","1,2,1,1,4,1,4,1,1,3,4,4,1,1,1,5,3,6,7,4,2,9,1,1,1,1,1,5,2,3,6,8,11,4,7,7,10,1,2,2,2,2,9,9,9,9,2,9,9,9,2,2,2,2,2,9,9,9,9,2,1,2,2,1,1,2,2,2,2,2,9,2,1,1,2,2,2,2,2,2,2,1,5,5,5,2,2,2,2,2,3,6,8,2,2,2,5,2,2,2,2,2,2,2,2,2,2,11,11,2,2,2,2,7,7,7,7,7,7,7,7,10,10,10,10,10,10,10,10","0.00140786170959473","walktrap","edit-xhwikibooks.graphml"
"0.32","0.08","0.6","0.38822750669898","1,2,1,1,4,1,4,1,1,3,4,4,1,1,1,5,3,6,7,4,2,10,1,1,1,1,1,5,2,3,6,8,11,4,7,7,9,1,2,2,2,2,10,10,10,10,2,10,10,10,2,2,2,2,2,10,10,10,10,2,1,2,2,1,1,2,2,2,2,2,10,2,1,1,2,2,2,2,2,2,2,1,5,5,5,2,2,2,2,2,3,6,8,2,2,2,5,2,2,2,2,2,2,2,2,2,2,11,11,2,2,2,2,7,7,7,7,7,7,7,7,9,9,9,9,9,9,9,9","0.0014488697052002","walktrap","edit-xhwikibooks.graphml"
"0.31","0.09","0.6","0.388062001613768","1,2,1,1,4,1,4,1,1,3,4,4,1,1,1,5,3,6,7,4,2,10,1,1,1,1,1,5,2,3,6,8,11,4,7,7,9,1,2,2,2,2,10,10,10,10,2,10,10,10,2,2,2,2,2,10,10,10,10,2,1,2,2,1,1,2,2,2,2,2,10,2,1,1,2,2,2,2,2,2,2,1,5,5,5,2,2,2,2,2,3,6,8,2,2,2,5,2,2,2,2,2,2,2,2,2,2,11,11,2,2,2,2,7,7,7,7,7,7,7,7,9,9,9,9,9,9,9,9","0.00102496147155762","walktrap","edit-xhwikibooks.graphml"
"0.3","0.1","0.6","0.388062001613768","1,2,1,1,4,1,4,1,1,3,4,4,1,1,1,5,3,6,7,4,2,10,1,1,1,1,1,5,2,3,6,8,11,4,7,7,9,1,2,2,2,2,10,10,10,10,2,10,10,10,2,2,2,2,2,10,10,10,10,2,1,2,2,1,1,2,2,2,2,2,10,2,1,1,2,2,2,2,2,2,2,1,5,5,5,2,2,2,2,2,3,6,8,2,2,2,5,2,2,2,2,2,2,2,2,2,2,11,11,2,2,2,2,7,7,7,7,7,7,7,7,9,9,9,9,9,9,9,9","0.000885963439941406","walktrap","edit-xhwikibooks.graphml"
"0.29","0.11","0.6","0.387896629118618","1,2,1,1,4,1,4,1,1,3,4,4,1,1,1,5,3,6,7,4,2,10,1,1,1,1,1,5,2,3,6,8,11,4,7,7,9,1,2,2,2,2,10,10,10,10,2,10,10,10,2,2,2,2,2,10,10,10,10,2,1,2,2,1,1,2,2,2,2,2,10,2,1,1,2,2,2,2,2,2,2,1,5,5,5,2,2,2,2,2,3,6,8,2,2,2,5,2,2,2,2,2,2,2,2,2,2,11,11,2,2,2,2,7,7,7,7,7,7,7,7,9,9,9,9,9,9,9,9","0.000829935073852539","walktrap","edit-xhwikibooks.graphml"
"0.28","0.12","0.6","0.389055566367827","1,2,1,1,4,1,4,1,1,3,4,4,1,1,1,5,3,6,8,4,2,9,1,1,1,1,1,5,2,3,6,7,11,4,8,8,10,1,2,2,2,2,9,9,9,9,2,9,9,9,2,2,2,2,2,9,9,9,9,2,1,2,2,1,1,2,2,2,2,2,9,2,1,1,2,2,2,2,2,2,2,1,5,5,5,2,2,2,2,2,3,6,7,2,2,2,5,2,2,2,2,2,2,2,2,2,2,11,11,2,2,2,2,8,8,8,8,8,8,8,8,10,10,10,10,10,10,10,10","0.00080108642578125","walktrap","edit-xhwikibooks.graphml"
"0.27","0.13","0.6","0.388890135736857","1,2,1,1,4,1,4,1,1,3,4,4,1,1,1,5,3,6,8,4,2,9,1,1,1,1,1,5,2,3,6,7,11,4,8,8,10,1,2,2,2,2,9,9,9,9,2,9,9,9,2,2,2,2,2,9,9,9,9,2,1,2,2,1,1,2,2,2,2,2,9,2,1,1,2,2,2,2,2,2,2,1,5,5,5,2,2,2,2,2,3,6,7,2,2,2,5,2,2,2,2,2,2,2,2,2,2,11,11,2,2,2,2,8,8,8,8,8,8,8,8,10,10,10,10,10,10,10,10","0.000803947448730469","walktrap","edit-xhwikibooks.graphml"
"0.26","0.14","0.6","0.389153890583274","2,12,2,2,2,1,2,1,1,3,2,2,1,1,1,4,3,5,7,2,12,9,1,1,1,1,1,4,8,3,5,6,11,2,7,7,10,1,12,12,12,12,9,9,9,9,12,9,9,9,12,12,12,12,12,9,9,9,9,12,1,12,12,1,1,12,12,12,12,12,9,12,1,1,12,12,12,12,12,12,12,1,4,4,4,8,12,12,12,12,3,5,6,12,12,12,4,12,12,12,12,12,12,12,12,12,12,11,11,12,12,12,12,7,7,7,7,7,7,7,7,10,10,10,10,10,10,10,10","0.000817060470581055","walktrap","edit-xhwikibooks.graphml"
"0.25","0.15","0.6","0.390093874732377","2,12,2,2,2,1,2,1,1,3,2,2,1,1,1,4,3,5,8,2,12,9,1,1,1,1,1,4,7,3,5,6,11,2,8,8,10,1,12,12,12,12,9,9,9,9,12,9,9,9,12,12,12,12,12,9,9,9,9,12,1,12,12,1,1,12,12,12,12,12,9,12,1,1,12,12,12,12,12,12,12,1,4,4,4,7,12,12,12,12,3,5,6,12,12,12,4,12,12,12,12,12,12,12,12,12,12,11,11,12,12,12,12,8,8,8,8,8,8,8,8,10,10,10,10,10,10,10,10","0.000796079635620117","walktrap","edit-xhwikibooks.graphml"
"0.24","0.16","0.6","0.390661343303616","2,12,2,2,2,1,2,1,1,3,2,2,1,1,1,4,3,5,8,2,12,9,1,1,1,1,1,4,7,3,5,6,11,2,8,8,10,1,12,12,12,12,9,9,9,9,12,9,9,9,12,12,12,12,12,9,9,9,9,12,1,12,12,1,1,12,12,12,12,12,9,12,1,1,12,12,12,12,12,12,12,1,4,4,4,7,12,12,12,12,3,5,6,12,12,12,4,12,12,12,12,12,12,12,12,12,12,11,11,12,12,12,12,8,8,8,8,8,8,8,8,10,10,10,10,10,10,10,10","0.000828981399536133","walktrap","edit-xhwikibooks.graphml"
"0.23","0.17","0.6","0.391042668875878","2,12,2,2,2,1,2,1,1,3,2,2,1,1,1,4,3,5,8,2,12,9,1,1,1,1,1,4,7,3,5,6,11,2,8,8,10,1,12,12,12,12,9,9,9,9,12,9,9,9,12,12,12,12,12,9,9,9,9,12,1,12,12,1,1,12,12,12,12,12,9,12,1,1,12,12,12,12,12,12,12,1,4,4,4,7,12,12,12,12,3,5,6,12,12,12,4,12,12,12,12,12,12,12,12,12,12,11,11,12,12,12,12,8,8,8,8,8,8,8,8,10,10,10,10,10,10,10,10","0.000792026519775391","walktrap","edit-xhwikibooks.graphml"
"0.22","0.18","0.6","0.391042668875878","2,12,2,2,2,1,2,1,1,3,2,2,1,1,1,4,3,5,8,2,12,9,1,1,1,1,1,4,7,3,5,6,11,2,8,8,10,1,12,12,12,12,9,9,9,9,12,9,9,9,12,12,12,12,12,9,9,9,9,12,1,12,12,1,1,12,12,12,12,12,9,12,1,1,12,12,12,12,12,12,12,1,4,4,4,7,12,12,12,12,3,5,6,12,12,12,4,12,12,12,12,12,12,12,12,12,12,11,11,12,12,12,12,8,8,8,8,8,8,8,8,10,10,10,10,10,10,10,10","0.00080108642578125","walktrap","edit-xhwikibooks.graphml"
"0.21","0.19","0.6","0.39087730776763","2,12,2,2,2,1,2,1,1,3,2,2,1,1,1,4,3,5,8,2,12,9,1,1,1,1,1,4,7,3,5,6,11,2,8,8,10,1,12,12,12,12,9,9,9,9,12,9,9,9,12,12,12,12,12,9,9,9,9,12,1,12,12,1,1,12,12,12,12,12,9,12,1,1,12,12,12,12,12,12,12,1,4,4,4,7,12,12,12,12,3,5,6,12,12,12,4,12,12,12,12,12,12,12,12,12,12,11,11,12,12,12,12,8,8,8,8,8,8,8,8,10,10,10,10,10,10,10,10","0.00108599662780762","walktrap","edit-xhwikibooks.graphml"
"0.2","0.2","0.6","0.396909015244489","1,2,1,1,6,1,6,1,1,1,6,3,1,1,1,4,5,6,8,3,2,10,1,1,1,1,1,4,2,5,9,7,3,3,8,8,11,1,2,2,2,2,10,10,10,10,2,10,10,10,2,2,2,2,2,10,10,10,10,2,1,2,2,1,1,2,2,2,2,2,10,2,1,1,2,2,2,2,2,2,2,1,4,4,4,2,2,2,2,2,5,9,7,2,2,2,4,2,2,2,2,2,2,2,2,2,2,3,3,2,2,2,2,8,8,8,8,8,8,8,8,11,11,11,11,11,11,11,11","0.000995159149169922","walktrap","edit-xhwikibooks.graphml"
"0.19","0.21","0.6","0.385660246347059","2,3,2,2,1,2,1,2,2,2,1,4,2,2,2,5,6,1,1,4,3,9,2,2,2,2,2,5,3,6,8,7,4,4,1,1,10,2,3,3,3,3,9,9,9,9,3,9,9,9,3,3,3,3,3,9,9,9,9,3,2,3,3,2,2,3,3,3,3,3,9,3,2,2,3,3,3,3,3,3,3,2,5,5,5,3,3,3,3,3,6,8,7,3,3,3,5,3,3,3,3,3,3,3,3,3,3,4,4,3,3,3,3,1,1,1,1,1,1,1,1,10,10,10,10,10,10,10,10","0.000838994979858398","walktrap","edit-xhwikibooks.graphml"
"0.18","0.22","0.6","0.385660246347059","2,3,2,2,1,2,1,2,2,2,1,4,2,2,2,5,6,1,1,4,3,9,2,2,2,2,2,5,3,6,8,7,4,4,1,1,10,2,3,3,3,3,9,9,9,9,3,9,9,9,3,3,3,3,3,9,9,9,9,3,2,3,3,2,2,3,3,3,3,3,9,3,2,2,3,3,3,3,3,3,3,2,5,5,5,3,3,3,3,3,6,8,7,3,3,3,5,3,3,3,3,3,3,3,3,3,3,4,4,3,3,3,3,1,1,1,1,1,1,1,1,10,10,10,10,10,10,10,10","0.000779867172241211","walktrap","edit-xhwikibooks.graphml"
"0.17","0.23","0.6","0.38669057442101","2,3,2,2,1,2,1,2,2,2,1,4,2,2,2,5,6,1,1,4,3,9,2,2,2,2,2,5,3,6,8,7,4,4,1,1,10,2,3,3,3,3,9,9,9,9,3,9,9,9,3,3,3,3,3,9,9,9,9,3,2,3,3,2,2,3,3,3,3,3,9,3,2,2,3,3,3,3,3,3,3,2,5,5,5,3,3,3,3,3,6,8,7,3,3,3,5,3,3,3,3,3,3,3,3,3,3,4,4,3,3,3,3,1,1,1,1,1,1,1,1,10,10,10,10,10,10,10,10","0.000764131546020508","walktrap","edit-xhwikibooks.graphml"
"0.16","0.24","0.6","0.387291642620806","2,3,2,2,1,2,1,2,2,2,1,4,2,2,2,5,6,1,1,4,3,9,2,2,2,2,2,5,3,6,8,7,4,4,1,1,10,2,3,3,3,3,9,9,9,9,3,9,9,9,3,3,3,3,3,9,9,9,9,3,2,3,3,2,2,3,3,3,3,3,9,3,2,2,3,3,3,3,3,3,3,2,5,5,5,3,3,3,3,3,6,8,7,3,3,3,5,3,3,3,3,3,3,3,3,3,3,4,4,3,3,3,3,1,1,1,1,1,1,1,1,10,10,10,10,10,10,10,10","0.000792980194091797","walktrap","edit-xhwikibooks.graphml"
"0.15","0.25","0.6","0.388908673251967","2,3,2,2,1,2,1,2,2,2,1,4,2,2,2,5,6,1,1,4,3,9,2,2,2,2,2,5,3,6,8,7,4,4,1,1,10,2,3,3,3,3,9,9,9,9,3,9,9,9,3,3,3,3,3,9,9,9,9,3,2,3,3,2,2,3,3,3,3,3,9,3,2,2,3,3,3,3,3,3,3,2,5,5,5,3,3,3,3,3,6,8,7,3,3,3,5,3,3,3,3,3,3,3,3,3,3,4,4,3,3,3,3,1,1,1,1,1,1,1,1,10,10,10,10,10,10,10,10","0.000777006149291992","walktrap","edit-xhwikibooks.graphml"
"0.14","0.26","0.6","0.388908673251967","2,3,2,2,1,2,1,2,2,2,1,4,2,2,2,5,6,1,1,4,3,9,2,2,2,2,2,5,3,6,8,7,4,4,1,1,10,2,3,3,3,3,9,9,9,9,3,9,9,9,3,3,3,3,3,9,9,9,9,3,2,3,3,2,2,3,3,3,3,3,9,3,2,2,3,3,3,3,3,3,3,2,5,5,5,3,3,3,3,3,6,8,7,3,3,3,5,3,3,3,3,3,3,3,3,3,3,4,4,3,3,3,3,1,1,1,1,1,1,1,1,10,10,10,10,10,10,10,10","0.00075984001159668","walktrap","edit-xhwikibooks.graphml"
"0.13","0.27","0.6","0.388908673251967","2,3,2,2,1,2,1,2,2,2,1,4,2,2,2,5,6,1,1,4,3,9,2,2,2,2,2,5,3,6,8,7,4,4,1,1,10,2,3,3,3,3,9,9,9,9,3,9,9,9,3,3,3,3,3,9,9,9,9,3,2,3,3,2,2,3,3,3,3,3,9,3,2,2,3,3,3,3,3,3,3,2,5,5,5,3,3,3,3,3,6,8,7,3,3,3,5,3,3,3,3,3,3,3,3,3,3,4,4,3,3,3,3,1,1,1,1,1,1,1,1,10,10,10,10,10,10,10,10","0.000769138336181641","walktrap","edit-xhwikibooks.graphml"
"0.12","0.28","0.6","0.388567290752187","2,3,2,2,1,2,1,2,2,2,1,4,2,2,2,5,6,1,1,4,3,9,2,2,2,2,2,5,3,6,8,7,4,4,1,1,10,2,3,3,3,3,9,9,9,9,3,9,9,9,3,3,3,3,3,9,9,9,9,3,2,3,3,2,2,3,3,3,3,3,9,3,2,2,3,3,3,3,3,3,3,2,5,5,5,3,3,3,3,3,6,8,7,3,3,3,5,3,3,3,3,3,3,3,3,3,3,4,4,3,3,3,3,1,1,1,1,1,1,1,1,10,10,10,10,10,10,10,10","0.000785112380981445","walktrap","edit-xhwikibooks.graphml"
"0.11","0.29","0.6","0.389699555214431","2,3,2,2,1,2,1,2,2,2,1,4,2,2,2,5,6,1,1,4,3,9,2,2,2,2,2,5,3,6,8,7,4,4,1,1,10,2,3,3,3,3,9,9,9,9,3,9,9,9,3,3,3,3,3,9,9,9,9,3,2,3,3,2,2,3,3,3,3,3,9,3,2,2,3,3,3,3,3,3,3,2,5,5,5,3,3,3,3,3,6,8,7,3,3,3,5,3,3,3,3,3,3,3,3,3,3,4,4,3,3,3,3,1,1,1,1,1,1,1,1,10,10,10,10,10,10,10,10","0.000809907913208008","walktrap","edit-xhwikibooks.graphml"
"0.1","0.3","0.6","0.39009429306365","2,3,2,2,1,2,1,2,2,2,1,4,2,2,2,5,6,1,1,4,3,9,2,2,2,2,2,5,3,6,8,7,4,4,1,1,10,2,3,3,3,3,9,9,9,9,3,9,9,9,3,3,3,3,3,9,9,9,9,3,2,3,3,2,2,3,3,3,3,3,9,3,2,2,3,3,3,3,3,3,3,2,5,5,5,3,3,3,3,3,6,8,7,3,3,3,5,3,3,3,3,3,3,3,3,3,3,4,4,3,3,3,3,1,1,1,1,1,1,1,1,10,10,10,10,10,10,10,10","0.000803947448730469","walktrap","edit-xhwikibooks.graphml"
"0.09","0.31","0.6","0.390687880970235","2,3,2,2,1,2,1,2,2,2,1,4,2,2,2,5,6,1,1,4,3,9,2,2,2,2,2,5,3,6,8,7,4,4,1,1,10,2,3,3,3,3,9,9,9,9,3,9,9,9,3,3,3,3,3,9,9,9,9,3,2,3,3,2,2,3,3,3,3,3,9,3,2,2,3,3,3,3,3,3,3,2,5,5,5,3,3,3,3,3,6,8,7,3,3,3,5,3,3,3,3,3,3,3,3,3,3,4,4,3,3,3,3,1,1,1,1,1,1,1,1,10,10,10,10,10,10,10,10","0.000993013381958008","walktrap","edit-xhwikibooks.graphml"
"0.08","0.32","0.6","0.3905172393334","2,3,2,2,1,2,1,2,2,2,1,4,2,2,2,5,6,1,1,4,3,9,2,2,2,2,2,5,3,6,8,7,4,4,1,1,10,2,3,3,3,3,9,9,9,9,3,9,9,9,3,3,3,3,3,9,9,9,9,3,2,3,3,2,2,3,3,3,3,3,9,3,2,2,3,3,3,3,3,3,3,2,5,5,5,3,3,3,3,3,6,8,7,3,3,3,5,3,3,3,3,3,3,3,3,3,3,4,4,3,3,3,3,1,1,1,1,1,1,1,1,10,10,10,10,10,10,10,10","0.000819921493530273","walktrap","edit-xhwikibooks.graphml"
"0.07","0.33","0.6","0.3905172393334","2,3,2,2,1,2,1,2,2,2,1,4,2,2,2,5,6,1,1,4,3,9,2,2,2,2,2,5,3,6,8,7,4,4,1,1,10,2,3,3,3,3,9,9,9,9,3,9,9,9,3,3,3,3,3,9,9,9,9,3,2,3,3,2,2,3,3,3,3,3,9,3,2,2,3,3,3,3,3,3,3,2,5,5,5,3,3,3,3,3,6,8,7,3,3,3,5,3,3,3,3,3,3,3,3,3,3,4,4,3,3,3,3,1,1,1,1,1,1,1,1,10,10,10,10,10,10,10,10","0.000806093215942383","walktrap","edit-xhwikibooks.graphml"
"0.06","0.34","0.6","0.397831008747006","1,2,1,1,6,1,6,1,1,1,6,3,1,1,1,4,5,6,9,3,2,10,1,1,1,1,1,4,2,5,8,7,3,3,9,9,11,1,2,2,2,2,10,10,10,10,2,10,10,10,2,2,2,2,2,10,10,10,10,2,1,2,2,1,1,2,2,2,2,2,10,2,1,1,2,2,2,2,2,2,2,1,4,4,4,2,2,2,2,2,5,8,7,2,2,2,4,2,2,2,2,2,2,2,2,2,2,3,3,2,2,2,2,9,9,9,9,9,9,9,9,11,11,11,11,11,11,11,11","0.000802993774414062","walktrap","edit-xhwikibooks.graphml"
"0.05","0.35","0.6","0.397831008747006","1,2,1,1,6,1,6,1,1,1,6,3,1,1,1,4,5,6,9,3,2,10,1,1,1,1,1,4,2,5,8,7,3,3,9,9,11,1,2,2,2,2,10,10,10,10,2,10,10,10,2,2,2,2,2,10,10,10,10,2,1,2,2,1,1,2,2,2,2,2,10,2,1,1,2,2,2,2,2,2,2,1,4,4,4,2,2,2,2,2,5,8,7,2,2,2,4,2,2,2,2,2,2,2,2,2,2,3,3,2,2,2,2,9,9,9,9,9,9,9,9,11,11,11,11,11,11,11,11","0.000789880752563477","walktrap","edit-xhwikibooks.graphml"
"0.04","0.36","0.6","0.397659234777417","1,2,1,1,6,1,6,1,1,1,6,3,1,1,1,4,5,6,9,3,2,10,1,1,1,1,1,4,2,5,8,7,3,3,9,9,11,1,2,2,2,2,10,10,10,10,2,10,10,10,2,2,2,2,2,10,10,10,10,2,1,2,2,1,1,2,2,2,2,2,10,2,1,1,2,2,2,2,2,2,2,1,4,4,4,2,2,2,2,2,5,8,7,2,2,2,4,2,2,2,2,2,2,2,2,2,2,3,3,2,2,2,2,9,9,9,9,9,9,9,9,11,11,11,11,11,11,11,11","0.000779151916503906","walktrap","edit-xhwikibooks.graphml"
"0.03","0.37","0.6","0.397659234777417","1,2,1,1,6,1,6,1,1,1,6,3,1,1,1,4,5,6,9,3,2,10,1,1,1,1,1,4,2,5,8,7,3,3,9,9,11,1,2,2,2,2,10,10,10,10,2,10,10,10,2,2,2,2,2,10,10,10,10,2,1,2,2,1,1,2,2,2,2,2,10,2,1,1,2,2,2,2,2,2,2,1,4,4,4,2,2,2,2,2,5,8,7,2,2,2,4,2,2,2,2,2,2,2,2,2,2,3,3,2,2,2,2,9,9,9,9,9,9,9,9,11,11,11,11,11,11,11,11","0.000781059265136719","walktrap","edit-xhwikibooks.graphml"
"0.02","0.38","0.6","0.397487599782037","1,2,1,1,6,1,6,1,1,1,6,3,1,1,1,4,5,6,9,3,2,10,1,1,1,1,1,4,2,5,8,7,3,3,9,9,11,1,2,2,2,2,10,10,10,10,2,10,10,10,2,2,2,2,2,10,10,10,10,2,1,2,2,1,1,2,2,2,2,2,10,2,1,1,2,2,2,2,2,2,2,1,4,4,4,2,2,2,2,2,5,8,7,2,2,2,4,2,2,2,2,2,2,2,2,2,2,3,3,2,2,2,2,9,9,9,9,9,9,9,9,11,11,11,11,11,11,11,11","0.000787019729614258","walktrap","edit-xhwikibooks.graphml"
"0.01","0.39","0.6","0.398066398317757","1,2,1,1,6,1,6,1,1,1,6,3,1,1,1,4,5,6,9,3,2,10,1,1,1,1,1,4,2,5,8,7,3,3,9,9,11,1,2,2,2,2,10,10,10,10,2,10,10,10,2,2,2,2,2,10,10,10,10,2,1,2,2,1,1,2,2,2,2,2,10,2,1,1,2,2,2,2,2,2,2,1,4,4,4,2,2,2,2,2,5,8,7,2,2,2,4,2,2,2,2,2,2,2,2,2,2,3,3,2,2,2,2,9,9,9,9,9,9,9,9,11,11,11,11,11,11,11,11","0.000781059265136719","walktrap","edit-xhwikibooks.graphml"
"0","0.4","0.6","0.401194302713257","2,10,2,2,2,2,1,2,2,2,1,3,2,2,2,4,5,1,1,3,10,8,2,2,2,2,2,4,2,5,7,6,3,3,1,1,9,2,10,10,10,10,8,8,8,8,10,8,8,8,10,10,10,10,10,8,8,8,8,10,2,10,10,2,2,10,10,10,10,10,8,10,2,2,10,10,10,10,10,10,10,2,4,4,4,2,10,10,10,10,5,7,6,10,10,10,4,10,10,10,10,10,10,10,10,10,10,3,3,10,10,10,10,1,1,1,1,1,1,1,1,9,9,9,9,9,9,9,9","0.000804901123046875","walktrap","edit-xhwikibooks.graphml"
"0.39","0","0.61","0.391796870292779","1,3,1,1,4,1,4,1,1,2,4,4,1,1,1,5,2,6,7,4,3,9,1,1,1,1,1,5,3,2,6,8,11,4,7,7,10,1,3,3,3,3,9,9,9,9,3,9,9,9,3,3,3,3,3,9,9,9,9,3,1,3,3,1,1,3,3,3,3,3,9,3,1,1,3,3,3,3,3,3,3,1,5,5,5,3,3,3,3,3,2,6,8,3,3,3,5,3,3,3,3,3,3,3,3,3,3,11,11,3,3,3,3,7,7,7,7,7,7,7,7,10,10,10,10,10,10,10,10","0.000813007354736328","walktrap","edit-xhwikibooks.graphml"
"0.38","0.01","0.61","0.391796870292779","1,3,1,1,4,1,4,1,1,2,4,4,1,1,1,5,2,6,7,4,3,9,1,1,1,1,1,5,3,2,6,8,11,4,7,7,10,1,3,3,3,3,9,9,9,9,3,9,9,9,3,3,3,3,3,9,9,9,9,3,1,3,3,1,1,3,3,3,3,3,9,3,1,1,3,3,3,3,3,3,3,1,5,5,5,3,3,3,3,3,2,6,8,3,3,3,5,3,3,3,3,3,3,3,3,3,3,11,11,3,3,3,3,7,7,7,7,7,7,7,7,10,10,10,10,10,10,10,10","0.000834941864013672","walktrap","edit-xhwikibooks.graphml"
"0.37","0.02","0.61","0.391796870292779","1,3,1,1,4,1,4,1,1,2,4,4,1,1,1,5,2,6,7,4,3,9,1,1,1,1,1,5,3,2,6,8,11,4,7,7,10,1,3,3,3,3,9,9,9,9,3,9,9,9,3,3,3,3,3,9,9,9,9,3,1,3,3,1,1,3,3,3,3,3,9,3,1,1,3,3,3,3,3,3,3,1,5,5,5,3,3,3,3,3,2,6,8,3,3,3,5,3,3,3,3,3,3,3,3,3,3,11,11,3,3,3,3,7,7,7,7,7,7,7,7,10,10,10,10,10,10,10,10","0.00104498863220215","walktrap","edit-xhwikibooks.graphml"
"0.36","0.03","0.61","0.391630973377005","1,3,1,1,4,1,4,1,1,2,4,4,1,1,1,5,2,6,7,4,3,9,1,1,1,1,1,5,3,2,6,8,11,4,7,7,10,1,3,3,3,3,9,9,9,9,3,9,9,9,3,3,3,3,3,9,9,9,9,3,1,3,3,1,1,3,3,3,3,3,9,3,1,1,3,3,3,3,3,3,3,1,5,5,5,3,3,3,3,3,2,6,8,3,3,3,5,3,3,3,3,3,3,3,3,3,3,11,11,3,3,3,3,7,7,7,7,7,7,7,7,10,10,10,10,10,10,10,10","0.000783920288085938","walktrap","edit-xhwikibooks.graphml"
"0.35","0.04","0.61","0.391630973377005","1,3,1,1,4,1,4,1,1,2,4,4,1,1,1,5,2,6,7,4,3,9,1,1,1,1,1,5,3,2,6,8,11,4,7,7,10,1,3,3,3,3,9,9,9,9,3,9,9,9,3,3,3,3,3,9,9,9,9,3,1,3,3,1,1,3,3,3,3,3,9,3,1,1,3,3,3,3,3,3,3,1,5,5,5,3,3,3,3,3,2,6,8,3,3,3,5,3,3,3,3,3,3,3,3,3,3,11,11,3,3,3,3,7,7,7,7,7,7,7,7,10,10,10,10,10,10,10,10","0.00076603889465332","walktrap","edit-xhwikibooks.graphml"
"0.34","0.05","0.61","0.391465208154298","1,3,1,1,4,1,4,1,1,2,4,4,1,1,1,5,2,6,7,4,3,9,1,1,1,1,1,5,3,2,6,8,11,4,7,7,10,1,3,3,3,3,9,9,9,9,3,9,9,9,3,3,3,3,3,9,9,9,9,3,1,3,3,1,1,3,3,3,3,3,9,3,1,1,3,3,3,3,3,3,3,1,5,5,5,3,3,3,3,3,2,6,8,3,3,3,5,3,3,3,3,3,3,3,3,3,3,11,11,3,3,3,3,7,7,7,7,7,7,7,7,10,10,10,10,10,10,10,10","0.00079798698425293","walktrap","edit-xhwikibooks.graphml"
"0.33","0.06","0.61","0.389311963075797","1,2,1,1,4,1,4,1,1,3,4,4,1,1,1,5,3,6,7,4,2,9,1,1,1,1,1,5,2,3,6,8,11,4,7,7,10,1,2,2,2,2,9,9,9,9,2,9,9,9,2,2,2,2,2,9,9,9,9,2,1,2,2,1,1,2,2,2,2,2,9,2,1,1,2,2,2,2,2,2,2,1,5,5,5,2,2,2,2,2,3,6,8,2,2,2,5,2,2,2,2,2,2,2,2,2,2,11,11,2,2,2,2,7,7,7,7,7,7,7,7,10,10,10,10,10,10,10,10","0.000792980194091797","walktrap","edit-xhwikibooks.graphml"
"0.32","0.07","0.61","0.389146347086137","1,2,1,1,4,1,4,1,1,3,4,4,1,1,1,5,3,6,7,4,2,9,1,1,1,1,1,5,2,3,6,8,11,4,7,7,10,1,2,2,2,2,9,9,9,9,2,9,9,9,2,2,2,2,2,9,9,9,9,2,1,2,2,1,1,2,2,2,2,2,9,2,1,1,2,2,2,2,2,2,2,1,5,5,5,2,2,2,2,2,3,6,8,2,2,2,5,2,2,2,2,2,2,2,2,2,2,11,11,2,2,2,2,7,7,7,7,7,7,7,7,10,10,10,10,10,10,10,10","0.000805139541625977","walktrap","edit-xhwikibooks.graphml"
"0.31","0.08","0.61","0.389553053630422","1,2,1,1,4,1,4,1,1,3,4,4,1,1,1,5,3,6,7,4,2,10,1,1,1,1,1,5,2,3,6,8,11,4,7,7,9,1,2,2,2,2,10,10,10,10,2,10,10,10,2,2,2,2,2,10,10,10,10,2,1,2,2,1,1,2,2,2,2,2,10,2,1,1,2,2,2,2,2,2,2,1,5,5,5,2,2,2,2,2,3,6,8,2,2,2,5,2,2,2,2,2,2,2,2,2,2,11,11,2,2,2,2,7,7,7,7,7,7,7,7,9,9,9,9,9,9,9,9","0.000808954238891602","walktrap","edit-xhwikibooks.graphml"
"0.3","0.09","0.61","0.389387613950651","1,2,1,1,4,1,4,1,1,3,4,4,1,1,1,5,3,6,7,4,2,10,1,1,1,1,1,5,2,3,6,8,11,4,7,7,9,1,2,2,2,2,10,10,10,10,2,10,10,10,2,2,2,2,2,10,10,10,10,2,1,2,2,1,1,2,2,2,2,2,10,2,1,1,2,2,2,2,2,2,2,1,5,5,5,2,2,2,2,2,3,6,8,2,2,2,5,2,2,2,2,2,2,2,2,2,2,11,11,2,2,2,2,7,7,7,7,7,7,7,7,9,9,9,9,9,9,9,9","0.000782966613769531","walktrap","edit-xhwikibooks.graphml"
"0.29","0.1","0.61","0.389387613950651","1,2,1,1,4,1,4,1,1,3,4,4,1,1,1,5,3,6,7,4,2,10,1,1,1,1,1,5,2,3,6,8,11,4,7,7,9,1,2,2,2,2,10,10,10,10,2,10,10,10,2,2,2,2,2,10,10,10,10,2,1,2,2,1,1,2,2,2,2,2,10,2,1,1,2,2,2,2,2,2,2,1,5,5,5,2,2,2,2,2,3,6,8,2,2,2,5,2,2,2,2,2,2,2,2,2,2,11,11,2,2,2,2,7,7,7,7,7,7,7,7,9,9,9,9,9,9,9,9","0.000780105590820312","walktrap","edit-xhwikibooks.graphml"
"0.28","0.11","0.61","0.387566281328556","1,2,1,1,4,1,4,1,1,3,4,4,1,1,1,5,3,6,7,4,2,10,1,1,1,1,1,5,2,3,6,8,11,4,7,7,9,1,2,2,2,2,10,10,10,10,2,10,10,10,2,2,2,2,2,10,10,10,10,2,1,2,2,1,1,2,2,2,2,2,10,2,1,1,2,2,2,2,2,2,2,1,5,5,5,2,2,2,2,2,3,6,8,2,2,2,5,2,2,2,2,2,2,2,2,2,2,11,11,2,2,2,2,7,7,7,7,7,7,7,7,9,9,9,9,9,9,9,9","0.00080108642578125","walktrap","edit-xhwikibooks.graphml"
"0.27","0.12","0.61","0.388890135736857","1,2,1,1,4,1,4,1,1,3,4,4,1,1,1,5,3,6,8,4,2,9,1,1,1,1,1,5,2,3,6,7,11,4,8,8,10,1,2,2,2,2,9,9,9,9,2,9,9,9,2,2,2,2,2,9,9,9,9,2,1,2,2,1,1,2,2,2,2,2,9,2,1,1,2,2,2,2,2,2,2,1,5,5,5,2,2,2,2,2,3,6,7,2,2,2,5,2,2,2,2,2,2,2,2,2,2,11,11,2,2,2,2,8,8,8,8,8,8,8,8,10,10,10,10,10,10,10,10","0.000824928283691406","walktrap","edit-xhwikibooks.graphml"
"0.26","0.13","0.61","0.388988550152571","2,12,2,2,2,1,2,1,1,3,2,2,1,1,1,4,3,5,7,2,12,9,1,1,1,1,1,4,8,3,5,6,11,2,7,7,10,1,12,12,12,12,9,9,9,9,12,9,9,9,12,12,12,12,12,9,9,9,9,12,1,12,12,1,1,12,12,12,12,12,9,12,1,1,12,12,12,12,12,12,12,1,4,4,4,8,12,12,12,12,3,5,6,12,12,12,4,12,12,12,12,12,12,12,12,12,12,11,11,12,12,12,12,7,7,7,7,7,7,7,7,10,10,10,10,10,10,10,10","0.00121498107910156","walktrap","edit-xhwikibooks.graphml"
"0.25","0.14","0.61","0.388988550152571","2,12,2,2,2,1,2,1,1,3,2,2,1,1,1,4,3,5,7,2,12,9,1,1,1,1,1,4,8,3,5,6,11,2,7,7,10,1,12,12,12,12,9,9,9,9,12,9,9,9,12,12,12,12,12,9,9,9,9,12,1,12,12,1,1,12,12,12,12,12,9,12,1,1,12,12,12,12,12,12,12,1,4,4,4,8,12,12,12,12,3,5,6,12,12,12,4,12,12,12,12,12,12,12,12,12,12,11,11,12,12,12,12,7,7,7,7,7,7,7,7,10,10,10,10,10,10,10,10","0.00140905380249023","walktrap","edit-xhwikibooks.graphml"
"0.24","0.15","0.61","0.389928529748854","2,12,2,2,2,1,2,1,1,3,2,2,1,1,1,4,3,5,8,2,12,9,1,1,1,1,1,4,7,3,5,6,11,2,8,8,10,1,12,12,12,12,9,9,9,9,12,9,9,9,12,12,12,12,12,9,9,9,9,12,1,12,12,1,1,12,12,12,12,12,9,12,1,1,12,12,12,12,12,12,12,1,4,4,4,7,12,12,12,12,3,5,6,12,12,12,4,12,12,12,12,12,12,12,12,12,12,11,11,12,12,12,12,8,8,8,8,8,8,8,8,10,10,10,10,10,10,10,10","0.00087285041809082","walktrap","edit-xhwikibooks.graphml"
"0.23","0.16","0.61","0.390495913845646","2,12,2,2,2,1,2,1,1,3,2,2,1,1,1,4,3,5,8,2,12,9,1,1,1,1,1,4,7,3,5,6,11,2,8,8,10,1,12,12,12,12,9,9,9,9,12,9,9,9,12,12,12,12,12,9,9,9,9,12,1,12,12,1,1,12,12,12,12,12,9,12,1,1,12,12,12,12,12,12,12,1,4,4,4,7,12,12,12,12,3,5,6,12,12,12,4,12,12,12,12,12,12,12,12,12,12,11,11,12,12,12,12,8,8,8,8,8,8,8,8,10,10,10,10,10,10,10,10","0.000830173492431641","walktrap","edit-xhwikibooks.graphml"
"0.22","0.17","0.61","0.39087730776763","2,12,2,2,2,1,2,1,1,3,2,2,1,1,1,4,3,5,8,2,12,9,1,1,1,1,1,4,7,3,5,6,11,2,8,8,10,1,12,12,12,12,9,9,9,9,12,9,9,9,12,12,12,12,12,9,9,9,9,12,1,12,12,1,1,12,12,12,12,12,9,12,1,1,12,12,12,12,12,12,12,1,4,4,4,7,12,12,12,12,3,5,6,12,12,12,4,12,12,12,12,12,12,12,12,12,12,11,11,12,12,12,12,8,8,8,8,8,8,8,8,10,10,10,10,10,10,10,10","0.000826120376586914","walktrap","edit-xhwikibooks.graphml"
"0.21","0.18","0.61","0.39087730776763","2,12,2,2,2,1,2,1,1,3,2,2,1,1,1,4,3,5,8,2,12,9,1,1,1,1,1,4,7,3,5,6,11,2,8,8,10,1,12,12,12,12,9,9,9,9,12,9,9,9,12,12,12,12,12,9,9,9,9,12,1,12,12,1,1,12,12,12,12,12,9,12,1,1,12,12,12,12,12,12,12,1,4,4,4,7,12,12,12,12,3,5,6,12,12,12,4,12,12,12,12,12,12,12,12,12,12,11,11,12,12,12,12,8,8,8,8,8,8,8,8,10,10,10,10,10,10,10,10","0.000818014144897461","walktrap","edit-xhwikibooks.graphml"
"0.2","0.19","0.61","0.390712077916773","2,12,2,2,2,1,2,1,1,3,2,2,1,1,1,4,3,5,8,2,12,9,1,1,1,1,1,4,7,3,5,6,11,2,8,8,10,1,12,12,12,12,9,9,9,9,12,9,9,9,12,12,12,12,12,9,9,9,9,12,1,12,12,1,1,12,12,12,12,12,9,12,1,1,12,12,12,12,12,12,12,1,4,4,4,7,12,12,12,12,3,5,6,12,12,12,4,12,12,12,12,12,12,12,12,12,12,11,11,12,12,12,12,8,8,8,8,8,8,8,8,10,10,10,10,10,10,10,10","0.000761032104492188","walktrap","edit-xhwikibooks.graphml"
"0.19","0.2","0.61","0.391815098492846","3,12,3,3,3,1,3,1,1,2,3,3,1,1,1,4,2,5,8,3,12,9,1,1,1,1,1,4,7,2,5,6,11,3,8,8,10,1,12,12,12,12,9,9,9,9,12,9,9,9,12,12,12,12,12,9,9,9,9,12,1,12,12,1,1,12,12,12,12,12,9,12,1,1,12,12,12,12,12,12,12,1,4,4,4,7,12,12,12,12,2,5,6,12,12,12,4,12,12,12,12,12,12,12,12,12,12,11,11,12,12,12,12,8,8,8,8,8,8,8,8,10,10,10,10,10,10,10,10","0.000765085220336914","walktrap","edit-xhwikibooks.graphml"
"0.18","0.21","0.61","0.391649861495845","3,12,3,3,3,1,3,1,1,2,3,3,1,1,1,4,2,5,8,3,12,9,1,1,1,1,1,4,7,2,5,6,11,3,8,8,10,1,12,12,12,12,9,9,9,9,12,9,9,9,12,12,12,12,12,9,9,9,9,12,1,12,12,1,1,12,12,12,12,12,9,12,1,1,12,12,12,12,12,12,12,1,4,4,4,7,12,12,12,12,2,5,6,12,12,12,4,12,12,12,12,12,12,12,12,12,12,11,11,12,12,12,12,8,8,8,8,8,8,8,8,10,10,10,10,10,10,10,10","0.000766992568969727","walktrap","edit-xhwikibooks.graphml"
"0.17","0.22","0.61","0.391649861495845","3,12,3,3,3,1,3,1,1,2,3,3,1,1,1,4,2,5,8,3,12,9,1,1,1,1,1,4,7,2,5,6,11,3,8,8,10,1,12,12,12,12,9,9,9,9,12,9,9,9,12,12,12,12,12,9,9,9,9,12,1,12,12,1,1,12,12,12,12,12,9,12,1,1,12,12,12,12,12,12,12,1,4,4,4,7,12,12,12,12,2,5,6,12,12,12,4,12,12,12,12,12,12,12,12,12,12,11,11,12,12,12,12,8,8,8,8,8,8,8,8,10,10,10,10,10,10,10,10","0.000764131546020508","walktrap","edit-xhwikibooks.graphml"
"0.16","0.23","0.61","0.389805463953861","1,2,1,1,6,1,6,1,1,1,6,3,1,1,1,4,5,6,9,3,2,10,1,1,1,1,1,4,2,5,8,7,3,3,9,9,11,1,2,2,2,2,10,10,10,10,2,10,10,10,2,2,2,2,2,10,10,10,10,2,1,2,2,1,1,2,2,2,2,2,10,2,1,1,2,2,2,2,2,2,2,1,4,4,4,2,2,2,2,2,5,8,7,2,2,2,4,2,2,2,2,2,2,2,2,2,2,3,3,2,2,2,2,9,9,9,9,9,9,9,9,11,11,11,11,11,11,11,11","0.000851869583129883","walktrap","edit-xhwikibooks.graphml"
"0.15","0.24","0.61","0.390375486865096","1,2,1,1,6,1,6,1,1,1,6,3,1,1,1,4,5,6,9,3,2,10,1,1,1,1,1,4,2,5,8,7,3,3,9,9,11,1,2,2,2,2,10,10,10,10,2,10,10,10,2,2,2,2,2,10,10,10,10,2,1,2,2,1,1,2,2,2,2,2,10,2,1,1,2,2,2,2,2,2,2,1,4,4,4,2,2,2,2,2,5,8,7,2,2,2,4,2,2,2,2,2,2,2,2,2,2,3,3,2,2,2,2,9,9,9,9,9,9,9,9,11,11,11,11,11,11,11,11","0.000780105590820312","walktrap","edit-xhwikibooks.graphml"
"0.14","0.25","0.61","0.391921339194604","1,2,1,1,6,1,6,1,1,1,6,3,1,1,1,4,5,6,9,3,2,10,1,1,1,1,1,4,2,5,8,7,3,3,9,9,11,1,2,2,2,2,10,10,10,10,2,10,10,10,2,2,2,2,2,10,10,10,10,2,1,2,2,1,1,2,2,2,2,2,10,2,1,1,2,2,2,2,2,2,2,1,4,4,4,2,2,2,2,2,5,8,7,2,2,2,4,2,2,2,2,2,2,2,2,2,2,3,3,2,2,2,2,9,9,9,9,9,9,9,9,11,11,11,11,11,11,11,11","0.000768184661865234","walktrap","edit-xhwikibooks.graphml"
"0.13","0.26","0.61","0.391921339194604","1,2,1,1,6,1,6,1,1,1,6,3,1,1,1,4,5,6,9,3,2,10,1,1,1,1,1,4,2,5,8,7,3,3,9,9,11,1,2,2,2,2,10,10,10,10,2,10,10,10,2,2,2,2,2,10,10,10,10,2,1,2,2,1,1,2,2,2,2,2,10,2,1,1,2,2,2,2,2,2,2,1,4,4,4,2,2,2,2,2,5,8,7,2,2,2,4,2,2,2,2,2,2,2,2,2,2,3,3,2,2,2,2,9,9,9,9,9,9,9,9,11,11,11,11,11,11,11,11","0.000768184661865234","walktrap","edit-xhwikibooks.graphml"
"0.12","0.27","0.61","0.391921339194604","1,2,1,1,6,1,6,1,1,1,6,3,1,1,1,4,5,6,9,3,2,10,1,1,1,1,1,4,2,5,8,7,3,3,9,9,11,1,2,2,2,2,10,10,10,10,2,10,10,10,2,2,2,2,2,10,10,10,10,2,1,2,2,1,1,2,2,2,2,2,10,2,1,1,2,2,2,2,2,2,2,1,4,4,4,2,2,2,2,2,5,8,7,2,2,2,4,2,2,2,2,2,2,2,2,2,2,3,3,2,2,2,2,9,9,9,9,9,9,9,9,11,11,11,11,11,11,11,11","0.000756978988647461","walktrap","edit-xhwikibooks.graphml"
"0.11","0.28","0.61","0.390835042095432","1,2,1,1,6,1,6,1,1,1,6,3,1,1,1,4,5,6,9,3,2,10,1,1,1,1,1,4,2,5,8,7,3,3,9,9,11,1,2,2,2,2,10,10,10,10,2,10,10,10,2,2,2,2,2,10,10,10,10,2,1,2,2,1,1,2,2,2,2,2,10,2,1,1,2,2,2,2,2,2,2,1,4,4,4,2,2,2,2,2,5,8,7,2,2,2,4,2,2,2,2,2,2,2,2,2,2,3,3,2,2,2,2,9,9,9,9,9,9,9,9,11,11,11,11,11,11,11,11","0.000753164291381836","walktrap","edit-xhwikibooks.graphml"
"0.1","0.29","0.61","0.392094695653236","1,2,1,1,6,1,6,1,1,1,6,3,1,1,1,4,5,6,9,3,2,10,1,1,1,1,1,4,2,5,8,7,3,3,9,9,11,1,2,2,2,2,10,10,10,10,2,10,10,10,2,2,2,2,2,10,10,10,10,2,1,2,2,1,1,2,2,2,2,2,10,2,1,1,2,2,2,2,2,2,2,1,4,4,4,2,2,2,2,2,5,8,7,2,2,2,4,2,2,2,2,2,2,2,2,2,2,3,3,2,2,2,2,9,9,9,9,9,9,9,9,11,11,11,11,11,11,11,11","0.000787973403930664","walktrap","edit-xhwikibooks.graphml"
"0.09","0.3","0.61","0.391928930195516","1,2,1,1,6,1,6,1,1,1,6,3,1,1,1,4,5,6,9,3,2,10,1,1,1,1,1,4,2,5,8,7,3,3,9,9,11,1,2,2,2,2,10,10,10,10,2,10,10,10,2,2,2,2,2,10,10,10,10,2,1,2,2,1,1,2,2,2,2,2,10,2,1,1,2,2,2,2,2,2,2,1,4,4,4,2,2,2,2,2,5,8,7,2,2,2,4,2,2,2,2,2,2,2,2,2,2,3,3,2,2,2,2,9,9,9,9,9,9,9,9,11,11,11,11,11,11,11,11","0.000771999359130859","walktrap","edit-xhwikibooks.graphml"
"0.08","0.31","0.61","0.39249487534626","1,2,1,1,6,1,6,1,1,1,6,3,1,1,1,4,5,6,9,3,2,10,1,1,1,1,1,4,2,5,8,7,3,3,9,9,11,1,2,2,2,2,10,10,10,10,2,10,10,10,2,2,2,2,2,10,10,10,10,2,1,2,2,1,1,2,2,2,2,2,10,2,1,1,2,2,2,2,2,2,2,1,4,4,4,2,2,2,2,2,5,8,7,2,2,2,4,2,2,2,2,2,2,2,2,2,2,3,3,2,2,2,2,9,9,9,9,9,9,9,9,11,11,11,11,11,11,11,11","0.000787973403930664","walktrap","edit-xhwikibooks.graphml"
"0.07","0.32","0.61","0.392329157028846","1,2,1,1,6,1,6,1,1,1,6,3,1,1,1,4,5,6,9,3,2,10,1,1,1,1,1,4,2,5,8,7,3,3,9,9,11,1,2,2,2,2,10,10,10,10,2,10,10,10,2,2,2,2,2,10,10,10,10,2,1,2,2,1,1,2,2,2,2,2,10,2,1,1,2,2,2,2,2,2,2,1,4,4,4,2,2,2,2,2,5,8,7,2,2,2,4,2,2,2,2,2,2,2,2,2,2,3,3,2,2,2,2,9,9,9,9,9,9,9,9,11,11,11,11,11,11,11,11","0.000808000564575195","walktrap","edit-xhwikibooks.graphml"
"0.06","0.33","0.61","0.3828165144142","2,3,2,2,1,2,1,2,2,2,1,4,2,2,2,5,6,1,1,4,3,9,2,2,2,2,2,5,3,6,8,7,4,4,1,1,10,2,3,3,3,3,9,9,9,9,3,9,9,9,3,3,3,3,3,9,9,9,9,3,2,3,3,2,2,3,3,3,3,3,9,3,2,2,3,3,3,3,3,3,3,2,5,5,5,3,3,3,3,3,6,8,7,3,3,3,5,3,3,3,3,3,3,3,3,3,3,4,4,3,3,3,3,1,1,1,1,1,1,1,1,10,10,10,10,10,10,10,10","0.00079798698425293","walktrap","edit-xhwikibooks.graphml"
"0.05","0.34","0.61","0.390070996876849","1,2,1,1,6,1,6,1,1,1,6,3,1,1,1,4,5,6,9,3,2,10,1,1,1,1,1,4,2,5,8,7,3,3,9,9,11,1,2,2,2,2,10,10,10,10,2,10,10,10,2,2,2,2,2,10,10,10,10,2,1,2,2,1,1,2,2,2,2,2,10,2,1,1,2,2,2,2,2,2,2,1,4,4,4,2,2,2,2,2,5,8,7,2,2,2,4,2,2,2,2,2,2,2,2,2,2,3,3,2,2,2,2,9,9,9,9,9,9,9,9,11,11,11,11,11,11,11,11","0.000802993774414062","walktrap","edit-xhwikibooks.graphml"
"0.04","0.35","0.61","0.390070996876849","1,2,1,1,6,1,6,1,1,1,6,3,1,1,1,4,5,6,9,3,2,10,1,1,1,1,1,4,2,5,8,7,3,3,9,9,11,1,2,2,2,2,10,10,10,10,2,10,10,10,2,2,2,2,2,10,10,10,10,2,1,2,2,1,1,2,2,2,2,2,10,2,1,1,2,2,2,2,2,2,2,1,4,4,4,2,2,2,2,2,5,8,7,2,2,2,4,2,2,2,2,2,2,2,2,2,2,3,3,2,2,2,2,9,9,9,9,9,9,9,9,11,11,11,11,11,11,11,11","0.000804901123046875","walktrap","edit-xhwikibooks.graphml"
"0.03","0.36","0.61","0.389905463129621","1,2,1,1,6,1,6,1,1,1,6,3,1,1,1,4,5,6,9,3,2,10,1,1,1,1,1,4,2,5,8,7,3,3,9,9,11,1,2,2,2,2,10,10,10,10,2,10,10,10,2,2,2,2,2,10,10,10,10,2,1,2,2,1,1,2,2,2,2,2,10,2,1,1,2,2,2,2,2,2,2,1,4,4,4,2,2,2,2,2,5,8,7,2,2,2,4,2,2,2,2,2,2,2,2,2,2,3,3,2,2,2,2,9,9,9,9,9,9,9,9,11,11,11,11,11,11,11,11","0.000777006149291992","walktrap","edit-xhwikibooks.graphml"
"0.02","0.37","0.61","0.389905463129621","1,2,1,1,6,1,6,1,1,1,6,3,1,1,1,4,5,6,9,3,2,10,1,1,1,1,1,4,2,5,8,7,3,3,9,9,11,1,2,2,2,2,10,10,10,10,2,10,10,10,2,2,2,2,2,10,10,10,10,2,1,2,2,1,1,2,2,2,2,2,10,2,1,1,2,2,2,2,2,2,2,1,4,4,4,2,2,2,2,2,5,8,7,2,2,2,4,2,2,2,2,2,2,2,2,2,2,3,3,2,2,2,2,9,9,9,9,9,9,9,9,11,11,11,11,11,11,11,11","0.000824928283691406","walktrap","edit-xhwikibooks.graphml"
"0.01","0.38","0.61","0.389740061632727","1,2,1,1,6,1,6,1,1,1,6,3,1,1,1,4,5,6,9,3,2,10,1,1,1,1,1,4,2,5,8,7,3,3,9,9,11,1,2,2,2,2,10,10,10,10,2,10,10,10,2,2,2,2,2,10,10,10,10,2,1,2,2,1,1,2,2,2,2,2,10,2,1,1,2,2,2,2,2,2,2,1,4,4,4,2,2,2,2,2,5,8,7,2,2,2,4,2,2,2,2,2,2,2,2,2,2,3,3,2,2,2,2,9,9,9,9,9,9,9,9,11,11,11,11,11,11,11,11","0.000747919082641602","walktrap","edit-xhwikibooks.graphml"
"0","0.39","0.61","0.392599890723575","2,10,2,2,2,2,1,2,2,2,1,3,2,2,2,4,5,1,1,3,10,8,2,2,2,2,2,4,2,5,7,6,3,3,1,1,9,2,10,10,10,10,8,8,8,8,10,8,8,8,10,10,10,10,10,8,8,8,8,10,2,10,10,2,2,10,10,10,10,10,8,10,2,2,10,10,10,10,10,10,10,2,4,4,4,2,10,10,10,10,5,7,6,10,10,10,4,10,10,10,10,10,10,10,10,10,10,3,3,10,10,10,10,1,1,1,1,1,1,1,1,9,9,9,9,9,9,9,9","0.000777959823608398","walktrap","edit-xhwikibooks.graphml"
"0.38","0","0.62","0.384299821725457","1,3,1,1,4,1,4,1,1,2,4,4,1,1,1,5,2,6,7,4,3,9,1,1,1,1,1,5,3,2,6,8,11,4,7,7,10,1,3,3,3,3,9,9,9,9,3,9,9,9,3,3,3,3,3,9,9,9,9,3,1,3,3,1,1,3,3,3,3,3,9,3,1,1,3,3,3,3,3,3,3,1,5,5,5,3,3,3,3,3,2,6,8,3,3,3,5,3,3,3,3,3,3,3,3,3,3,11,11,3,3,3,3,7,7,7,7,7,7,7,7,10,10,10,10,10,10,10,10","0.00077509880065918","walktrap","edit-xhwikibooks.graphml"
"0.37","0.01","0.62","0.384299821725457","1,3,1,1,4,1,4,1,1,2,4,4,1,1,1,5,2,6,7,4,3,9,1,1,1,1,1,5,3,2,6,8,11,4,7,7,10,1,3,3,3,3,9,9,9,9,3,9,9,9,3,3,3,3,3,9,9,9,9,3,1,3,3,1,1,3,3,3,3,3,9,3,1,1,3,3,3,3,3,3,3,1,5,5,5,3,3,3,3,3,2,6,8,3,3,3,5,3,3,3,3,3,3,3,3,3,3,11,11,3,3,3,3,7,7,7,7,7,7,7,7,10,10,10,10,10,10,10,10","0.000767946243286133","walktrap","edit-xhwikibooks.graphml"
"0.36","0.02","0.62","0.384299821725457","1,3,1,1,4,1,4,1,1,2,4,4,1,1,1,5,2,6,7,4,3,9,1,1,1,1,1,5,3,2,6,8,11,4,7,7,10,1,3,3,3,3,9,9,9,9,3,9,9,9,3,3,3,3,3,9,9,9,9,3,1,3,3,1,1,3,3,3,3,3,9,3,1,1,3,3,3,3,3,3,3,1,5,5,5,3,3,3,3,3,2,6,8,3,3,3,5,3,3,3,3,3,3,3,3,3,3,11,11,3,3,3,3,7,7,7,7,7,7,7,7,10,10,10,10,10,10,10,10","0.000769138336181641","walktrap","edit-xhwikibooks.graphml"
"0.35","0.03","0.62","0.384139840601735","1,3,1,1,4,1,4,1,1,2,4,4,1,1,1,5,2,6,7,4,3,9,1,1,1,1,1,5,3,2,6,8,11,4,7,7,10,1,3,3,3,3,9,9,9,9,3,9,9,9,3,3,3,3,3,9,9,9,9,3,1,3,3,1,1,3,3,3,3,3,9,3,1,1,3,3,3,3,3,3,3,1,5,5,5,3,3,3,3,3,2,6,8,3,3,3,5,3,3,3,3,3,3,3,3,3,3,11,11,3,3,3,3,7,7,7,7,7,7,7,7,10,10,10,10,10,10,10,10","0.00079798698425293","walktrap","edit-xhwikibooks.graphml"
"0.34","0.04","0.62","0.384139840601735","1,3,1,1,4,1,4,1,1,2,4,4,1,1,1,5,2,6,7,4,3,9,1,1,1,1,1,5,3,2,6,8,11,4,7,7,10,1,3,3,3,3,9,9,9,9,3,9,9,9,3,3,3,3,3,9,9,9,9,3,1,3,3,1,1,3,3,3,3,3,9,3,1,1,3,3,3,3,3,3,3,1,5,5,5,3,3,3,3,3,2,6,8,3,3,3,5,3,3,3,3,3,3,3,3,3,3,11,11,3,3,3,3,7,7,7,7,7,7,7,7,10,10,10,10,10,10,10,10","0.000777959823608398","walktrap","edit-xhwikibooks.graphml"
"0.33","0.05","0.62","0.383979984909257","1,3,1,1,4,1,4,1,1,2,4,4,1,1,1,5,2,6,7,4,3,9,1,1,1,1,1,5,3,2,6,8,11,4,7,7,10,1,3,3,3,3,9,9,9,9,3,9,9,9,3,3,3,3,3,9,9,9,9,3,1,3,3,1,1,3,3,3,3,3,9,3,1,1,3,3,3,3,3,3,3,1,5,5,5,3,3,3,3,3,2,6,8,3,3,3,5,3,3,3,3,3,3,3,3,3,3,11,11,3,3,3,3,7,7,7,7,7,7,7,7,10,10,10,10,10,10,10,10","0.000787019729614258","walktrap","edit-xhwikibooks.graphml"
"0.32","0.06","0.62","0.383979984909257","1,3,1,1,4,1,4,1,1,2,4,4,1,1,1,5,2,6,7,4,3,9,1,1,1,1,1,5,3,2,6,8,11,4,7,7,10,1,3,3,3,3,9,9,9,9,3,9,9,9,3,3,3,3,3,9,9,9,9,3,1,3,3,1,1,3,3,3,3,3,9,3,1,1,3,3,3,3,3,3,3,1,5,5,5,3,3,3,3,3,2,6,8,3,3,3,5,3,3,3,3,3,3,3,3,3,3,11,11,3,3,3,3,7,7,7,7,7,7,7,7,10,10,10,10,10,10,10,10","0.000808954238891602","walktrap","edit-xhwikibooks.graphml"
"0.31","0.07","0.62","0.383820254515363","1,3,1,1,4,1,4,1,1,2,4,4,1,1,1,5,2,6,7,4,3,9,1,1,1,1,1,5,3,2,6,8,11,4,7,7,10,1,3,3,3,3,9,9,9,9,3,9,9,9,3,3,3,3,3,9,9,9,9,3,1,3,3,1,1,3,3,3,3,3,9,3,1,1,3,3,3,3,3,3,3,1,5,5,5,3,3,3,3,3,2,6,8,3,3,3,5,3,3,3,3,3,3,3,3,3,3,11,11,3,3,3,3,7,7,7,7,7,7,7,7,10,10,10,10,10,10,10,10","0.000764131546020508","walktrap","edit-xhwikibooks.graphml"
"0.3","0.08","0.62","0.384224678499309","1,3,1,1,4,1,4,1,1,2,4,4,1,1,1,5,2,6,7,4,3,10,1,1,1,1,1,5,3,2,6,8,11,4,7,7,9,1,3,3,3,3,10,10,10,10,3,10,10,10,3,3,3,3,3,10,10,10,10,3,1,3,3,1,1,3,3,3,3,3,10,3,1,1,3,3,3,3,3,3,3,1,5,5,5,3,3,3,3,3,2,6,8,3,3,3,5,3,3,3,3,3,3,3,3,3,3,11,11,3,3,3,3,7,7,7,7,7,7,7,7,9,9,9,9,9,9,9,9","0.000795125961303711","walktrap","edit-xhwikibooks.graphml"
"0.29","0.09","0.62","0.384065108755691","1,3,1,1,4,1,4,1,1,2,4,4,1,1,1,5,2,6,7,4,3,10,1,1,1,1,1,5,3,2,6,8,11,4,7,7,9,1,3,3,3,3,10,10,10,10,3,10,10,10,3,3,3,3,3,10,10,10,10,3,1,3,3,1,1,3,3,3,3,3,10,3,1,1,3,3,3,3,3,3,3,1,5,5,5,3,3,3,3,3,2,6,8,3,3,3,5,3,3,3,3,3,3,3,3,3,3,11,11,3,3,3,3,7,7,7,7,7,7,7,7,9,9,9,9,9,9,9,9","0.000779151916503906","walktrap","edit-xhwikibooks.graphml"
"0.28","0.1","0.62","0.384065108755691","1,3,1,1,4,1,4,1,1,2,4,4,1,1,1,5,2,6,7,4,3,10,1,1,1,1,1,5,3,2,6,8,11,4,7,7,9,1,3,3,3,3,10,10,10,10,3,10,10,10,3,3,3,3,3,10,10,10,10,3,1,3,3,1,1,3,3,3,3,3,10,3,1,1,3,3,3,3,3,3,3,1,5,5,5,3,3,3,3,3,2,6,8,3,3,3,5,3,3,3,3,3,3,3,3,3,3,11,11,3,3,3,3,7,7,7,7,7,7,7,7,9,9,9,9,9,9,9,9","0.00078892707824707","walktrap","edit-xhwikibooks.graphml"
"0.27","0.11","0.62","0.381758364780411","1,2,1,1,4,1,4,1,1,3,4,4,1,1,1,5,3,6,7,4,2,10,1,1,1,1,1,5,2,3,6,8,11,4,7,7,9,1,2,2,2,2,10,10,10,10,2,10,10,10,2,2,2,2,2,10,10,10,10,2,1,2,2,1,1,2,2,2,2,2,10,2,1,1,2,2,2,2,2,2,2,1,5,5,5,2,2,2,2,2,3,6,8,2,2,2,5,2,2,2,2,2,2,2,2,2,2,11,11,2,2,2,2,7,7,7,7,7,7,7,7,9,9,9,9,9,9,9,9","0.00078582763671875","walktrap","edit-xhwikibooks.graphml"
"0.26","0.12","0.62","0.382902484767738","1,2,1,1,4,1,4,1,1,3,4,4,1,1,1,5,3,6,8,4,2,9,1,1,1,1,1,5,2,3,6,7,11,4,8,8,10,1,2,2,2,2,9,9,9,9,2,9,9,9,2,2,2,2,2,9,9,9,9,2,1,2,2,1,1,2,2,2,2,2,9,2,1,1,2,2,2,2,2,2,2,1,5,5,5,2,2,2,2,2,3,6,7,2,2,2,5,2,2,2,2,2,2,2,2,2,2,11,11,2,2,2,2,8,8,8,8,8,8,8,8,10,10,10,10,10,10,10,10","0.000768899917602539","walktrap","edit-xhwikibooks.graphml"
"0.25","0.13","0.62","0.383013338293124","3,12,3,3,3,1,3,1,1,2,3,3,1,1,1,4,2,5,7,3,12,9,1,1,1,1,1,4,8,2,5,6,11,3,7,7,10,1,12,12,12,12,9,9,9,9,12,9,9,9,12,12,12,12,12,9,9,9,9,12,1,12,12,1,1,12,12,12,12,12,9,12,1,1,12,12,12,12,12,12,12,1,4,4,4,8,12,12,12,12,2,5,6,12,12,12,4,12,12,12,12,12,12,12,12,12,12,11,11,12,12,12,12,7,7,7,7,7,7,7,7,10,10,10,10,10,10,10,10","0.000780105590820312","walktrap","edit-xhwikibooks.graphml"
"0.24","0.14","0.62","0.390482533070029","3,12,3,3,3,1,3,1,1,2,3,3,1,1,1,4,2,5,7,3,12,9,1,1,1,1,1,4,8,2,5,6,11,3,7,7,10,1,12,12,12,12,9,9,9,9,12,9,9,9,12,12,12,12,12,9,9,9,9,12,1,12,12,1,1,12,12,12,12,12,9,12,1,1,12,12,12,12,12,12,12,1,4,4,4,8,12,12,12,12,2,5,6,12,12,12,4,12,12,12,12,12,12,12,12,12,12,11,11,12,12,12,12,7,7,7,7,7,7,7,7,10,10,10,10,10,10,10,10","0.00082707405090332","walktrap","edit-xhwikibooks.graphml"
"0.23","0.15","0.62","0.391415683115337","3,12,3,3,3,1,3,1,1,2,3,3,1,1,1,4,2,5,8,3,12,9,1,1,1,1,1,4,7,2,5,6,11,3,8,8,10,1,12,12,12,12,9,9,9,9,12,9,9,9,12,12,12,12,12,9,9,9,9,12,1,12,12,1,1,12,12,12,12,12,9,12,1,1,12,12,12,12,12,12,12,1,4,4,4,7,12,12,12,12,2,5,6,12,12,12,4,12,12,12,12,12,12,12,12,12,12,11,11,12,12,12,12,8,8,8,8,8,8,8,8,10,10,10,10,10,10,10,10","0.000772953033447266","walktrap","edit-xhwikibooks.graphml"
"0.22","0.16","0.62","0.391980466377452","3,12,3,3,3,1,3,1,1,2,3,3,1,1,1,4,2,5,8,3,12,9,1,1,1,1,1,4,7,2,5,6,11,3,8,8,10,1,12,12,12,12,9,9,9,9,12,9,9,9,12,12,12,12,12,9,9,9,9,12,1,12,12,1,1,12,12,12,12,12,9,12,1,1,12,12,12,12,12,12,12,1,4,4,4,7,12,12,12,12,2,5,6,12,12,12,4,12,12,12,12,12,12,12,12,12,12,11,11,12,12,12,12,8,8,8,8,8,8,8,8,10,10,10,10,10,10,10,10","0.000778913497924805","walktrap","edit-xhwikibooks.graphml"
"0.21","0.17","0.62","0.392358725761773","3,12,3,3,3,1,3,1,1,2,3,3,1,1,1,4,2,5,8,3,12,9,1,1,1,1,1,4,7,2,5,6,11,3,8,8,10,1,12,12,12,12,9,9,9,9,12,9,9,9,12,12,12,12,12,9,9,9,9,12,1,12,12,1,1,12,12,12,12,12,9,12,1,1,12,12,12,12,12,12,12,1,4,4,4,7,12,12,12,12,2,5,6,12,12,12,4,12,12,12,12,12,12,12,12,12,12,11,11,12,12,12,12,8,8,8,8,8,8,8,8,10,10,10,10,10,10,10,10","0.000833034515380859","walktrap","edit-xhwikibooks.graphml"
"0.2","0.18","0.62","0.392358725761773","3,12,3,3,3,1,3,1,1,2,3,3,1,1,1,4,2,5,8,3,12,9,1,1,1,1,1,4,7,2,5,6,11,3,8,8,10,1,12,12,12,12,9,9,9,9,12,9,9,9,12,12,12,12,12,9,9,9,9,12,1,12,12,1,1,12,12,12,12,12,9,12,1,1,12,12,12,12,12,12,12,1,4,4,4,7,12,12,12,12,2,5,6,12,12,12,4,12,12,12,12,12,12,12,12,12,12,11,11,12,12,12,12,8,8,8,8,8,8,8,8,10,10,10,10,10,10,10,10","0.000738143920898438","walktrap","edit-xhwikibooks.graphml"
"0.19","0.19","0.62","0.392193427363599","3,12,3,3,3,1,3,1,1,2,3,3,1,1,1,4,2,5,8,3,12,9,1,1,1,1,1,4,7,2,5,6,11,3,8,8,10,1,12,12,12,12,9,9,9,9,12,9,9,9,12,12,12,12,12,9,9,9,9,12,1,12,12,1,1,12,12,12,12,12,9,12,1,1,12,12,12,12,12,12,12,1,4,4,4,7,12,12,12,12,2,5,6,12,12,12,4,12,12,12,12,12,12,12,12,12,12,11,11,12,12,12,12,8,8,8,8,8,8,8,8,10,10,10,10,10,10,10,10","0.000762224197387695","walktrap","edit-xhwikibooks.graphml"
"0.18","0.2","0.62","0.393289186612172","3,12,3,3,3,1,3,1,1,2,3,3,1,1,1,4,2,5,8,3,12,9,1,1,1,1,1,4,7,2,5,6,11,3,8,8,10,1,12,12,12,12,9,9,9,9,12,9,9,9,12,12,12,12,12,9,9,9,9,12,1,12,12,1,1,12,12,12,12,12,9,12,1,1,12,12,12,12,12,12,12,1,4,4,4,7,12,12,12,12,2,5,6,12,12,12,4,12,12,12,12,12,12,12,12,12,12,11,11,12,12,12,12,8,8,8,8,8,8,8,8,10,10,10,10,10,10,10,10","0.000784873962402344","walktrap","edit-xhwikibooks.graphml"
"0.17","0.21","0.62","0.391484755248006","3,12,3,3,3,1,3,1,1,2,3,3,1,1,1,4,2,5,8,3,12,9,1,1,1,1,1,4,7,2,5,6,11,3,8,8,10,1,12,12,12,12,9,9,9,9,12,9,9,9,12,12,12,12,12,9,9,9,9,12,1,12,12,1,1,12,12,12,12,12,9,12,1,1,12,12,12,12,12,12,12,1,4,4,4,7,12,12,12,12,2,5,6,12,12,12,4,12,12,12,12,12,12,12,12,12,12,11,11,12,12,12,12,8,8,8,8,8,8,8,8,10,10,10,10,10,10,10,10","0.00084996223449707","walktrap","edit-xhwikibooks.graphml"
"0.16","0.22","0.62","0.391484755248006","3,12,3,3,3,1,3,1,1,2,3,3,1,1,1,4,2,5,8,3,12,9,1,1,1,1,1,4,7,2,5,6,11,3,8,8,10,1,12,12,12,12,9,9,9,9,12,9,9,9,12,12,12,12,12,9,9,9,9,12,1,12,12,1,1,12,12,12,12,12,9,12,1,1,12,12,12,12,12,12,12,1,4,4,4,7,12,12,12,12,2,5,6,12,12,12,4,12,12,12,12,12,12,12,12,12,12,11,11,12,12,12,12,8,8,8,8,8,8,8,8,10,10,10,10,10,10,10,10","0.000750064849853516","walktrap","edit-xhwikibooks.graphml"
"0.15","0.23","0.62","0.392456890844573","3,12,3,3,3,1,3,1,1,2,3,3,1,1,1,4,2,5,8,3,12,9,1,1,1,1,1,4,7,2,5,6,10,3,8,8,11,1,12,12,12,12,9,9,9,9,12,9,9,9,12,12,12,12,12,9,9,9,9,12,1,12,12,1,1,12,12,12,12,12,9,12,1,1,12,12,12,12,12,12,12,1,4,4,4,7,12,12,12,12,2,5,6,12,12,12,4,12,12,12,12,12,12,12,12,12,12,10,10,12,12,12,12,8,8,8,8,8,8,8,8,11,11,11,11,11,11,11,11","0.000773191452026367","walktrap","edit-xhwikibooks.graphml"
"0.14","0.24","0.62","0.393018234925359","3,12,3,3,3,1,3,1,1,2,3,3,1,1,1,4,2,5,8,3,12,9,1,1,1,1,1,4,7,2,5,6,10,3,8,8,11,1,12,12,12,12,9,9,9,9,12,9,9,9,12,12,12,12,12,9,9,9,9,12,1,12,12,1,1,12,12,12,12,12,9,12,1,1,12,12,12,12,12,12,12,1,4,4,4,7,12,12,12,12,2,5,6,12,12,12,4,12,12,12,12,12,12,12,12,12,12,10,10,12,12,12,12,8,8,8,8,8,8,8,8,11,11,11,11,11,11,11,11","0.000804901123046875","walktrap","edit-xhwikibooks.graphml"
"0.13","0.25","0.62","0.391755756265388","1,2,1,1,6,1,6,1,1,1,6,3,1,1,1,4,5,6,9,3,2,10,1,1,1,1,1,4,2,5,8,7,3,3,9,9,11,1,2,2,2,2,10,10,10,10,2,10,10,10,2,2,2,2,2,10,10,10,10,2,1,2,2,1,1,2,2,2,2,2,10,2,1,1,2,2,2,2,2,2,2,1,4,4,4,2,2,2,2,2,5,8,7,2,2,2,4,2,2,2,2,2,2,2,2,2,2,3,3,2,2,2,2,9,9,9,9,9,9,9,9,11,11,11,11,11,11,11,11","0.000828981399536133","walktrap","edit-xhwikibooks.graphml"
"0.12","0.26","0.62","0.39229944598338","1,2,1,1,6,1,6,1,1,1,6,3,1,1,1,4,5,6,9,3,2,10,1,1,1,1,1,4,2,5,8,7,3,3,9,9,11,1,2,2,2,2,10,10,10,10,2,10,10,10,2,2,2,2,2,10,10,10,10,2,1,2,2,1,1,2,2,2,2,2,10,2,1,1,2,2,2,2,2,2,2,1,4,4,4,2,2,2,2,2,5,8,7,2,2,2,4,2,2,2,2,2,2,2,2,2,2,3,3,2,2,2,2,9,9,9,9,9,9,9,9,11,11,11,11,11,11,11,11","0.000814914703369141","walktrap","edit-xhwikibooks.graphml"
"0.11","0.27","0.62","0.39229944598338","1,2,1,1,6,1,6,1,1,1,6,3,1,1,1,4,5,6,9,3,2,10,1,1,1,1,1,4,2,5,8,7,3,3,9,9,11,1,2,2,2,2,10,10,10,10,2,10,10,10,2,2,2,2,2,10,10,10,10,2,1,2,2,1,1,2,2,2,2,2,10,2,1,1,2,2,2,2,2,2,2,1,4,4,4,2,2,2,2,2,5,8,7,2,2,2,4,2,2,2,2,2,2,2,2,2,2,3,3,2,2,2,2,9,9,9,9,9,9,9,9,11,11,11,11,11,11,11,11","0.000811100006103516","walktrap","edit-xhwikibooks.graphml"
"0.1","0.28","0.62","0.391968551560646","1,2,1,1,6,1,6,1,1,1,6,3,1,1,1,4,5,6,9,3,2,10,1,1,1,1,1,4,2,5,8,7,3,3,9,9,11,1,2,2,2,2,10,10,10,10,2,10,10,10,2,2,2,2,2,10,10,10,10,2,1,2,2,1,1,2,2,2,2,2,10,2,1,1,2,2,2,2,2,2,2,1,4,4,4,2,2,2,2,2,5,8,7,2,2,2,4,2,2,2,2,2,2,2,2,2,2,3,3,2,2,2,2,9,9,9,9,9,9,9,9,11,11,11,11,11,11,11,11","0.000767946243286133","walktrap","edit-xhwikibooks.graphml"
"0.09","0.29","0.62","0.393055200021185","1,2,1,1,6,1,6,1,1,1,6,3,1,1,1,4,5,6,9,3,2,10,1,1,1,1,1,4,2,5,8,7,3,3,9,9,11,1,2,2,2,2,10,10,10,10,2,10,10,10,2,2,2,2,2,10,10,10,10,2,1,2,2,1,1,2,2,2,2,2,10,2,1,1,2,2,2,2,2,2,2,1,4,4,4,2,2,2,2,2,5,8,7,2,2,2,4,2,2,2,2,2,2,2,2,2,2,3,3,2,2,2,2,9,9,9,9,9,9,9,9,11,11,11,11,11,11,11,11","0.000789880752563477","walktrap","edit-xhwikibooks.graphml"
"0.08","0.3","0.62","0.392889825779651","1,2,1,1,6,1,6,1,1,1,6,3,1,1,1,4,5,6,9,3,2,10,1,1,1,1,1,4,2,5,8,7,3,3,9,9,11,1,2,2,2,2,10,10,10,10,2,10,10,10,2,2,2,2,2,10,10,10,10,2,1,2,2,1,1,2,2,2,2,2,10,2,1,1,2,2,2,2,2,2,2,1,4,4,4,2,2,2,2,2,5,8,7,2,2,2,4,2,2,2,2,2,2,2,2,2,2,3,3,2,2,2,2,9,9,9,9,9,9,9,9,11,11,11,11,11,11,11,11","0.000755071640014648","walktrap","edit-xhwikibooks.graphml"
"0.07","0.31","0.62","0.393452938695829","1,2,1,1,6,1,6,1,1,1,6,3,1,1,1,4,5,6,9,3,2,10,1,1,1,1,1,4,2,5,8,7,3,3,9,9,11,1,2,2,2,2,10,10,10,10,2,10,10,10,2,2,2,2,2,10,10,10,10,2,1,2,2,1,1,2,2,2,2,2,10,2,1,1,2,2,2,2,2,2,2,1,4,4,4,2,2,2,2,2,5,8,7,2,2,2,4,2,2,2,2,2,2,2,2,2,2,3,3,2,2,2,2,9,9,9,9,9,9,9,9,11,11,11,11,11,11,11,11","0.000772953033447266","walktrap","edit-xhwikibooks.graphml"
"0.06","0.32","0.62","0.393287611754668","1,2,1,1,6,1,6,1,1,1,6,3,1,1,1,4,5,6,9,3,2,10,1,1,1,1,1,4,2,5,8,7,3,3,9,9,11,1,2,2,2,2,10,10,10,10,2,10,10,10,2,2,2,2,2,10,10,10,10,2,1,2,2,1,1,2,2,2,2,2,10,2,1,1,2,2,2,2,2,2,2,1,4,4,4,2,2,2,2,2,5,8,7,2,2,2,4,2,2,2,2,2,2,2,2,2,2,3,3,2,2,2,2,9,9,9,9,9,9,9,9,11,11,11,11,11,11,11,11","0.00078892707824707","walktrap","edit-xhwikibooks.graphml"
"0.05","0.33","0.62","0.393287611754668","1,2,1,1,6,1,6,1,1,1,6,3,1,1,1,4,5,6,9,3,2,10,1,1,1,1,1,4,2,5,8,7,3,3,9,9,11,1,2,2,2,2,10,10,10,10,2,10,10,10,2,2,2,2,2,10,10,10,10,2,1,2,2,1,1,2,2,2,2,2,10,2,1,1,2,2,2,2,2,2,2,1,4,4,4,2,2,2,2,2,5,8,7,2,2,2,4,2,2,2,2,2,2,2,2,2,2,3,3,2,2,2,2,9,9,9,9,9,9,9,9,11,11,11,11,11,11,11,11","0.00076603889465332","walktrap","edit-xhwikibooks.graphml"
"0.04","0.34","0.62","0.401016598431438","1,2,1,1,6,1,6,1,1,1,6,3,1,1,1,4,5,6,9,3,2,10,1,1,1,1,1,4,2,5,8,7,3,3,9,9,11,1,2,2,2,2,10,10,10,10,2,10,10,10,2,2,2,2,2,10,10,10,10,2,1,2,2,1,1,2,2,2,2,2,10,2,1,1,2,2,2,2,2,2,2,1,4,4,4,2,2,2,2,2,5,8,7,2,2,2,4,2,2,2,2,2,2,2,2,2,2,3,3,2,2,2,2,9,9,9,9,9,9,9,9,11,11,11,11,11,11,11,11","0.000777006149291992","walktrap","edit-xhwikibooks.graphml"
"0.03","0.35","0.62","0.399773535606368","1,2,1,1,6,1,6,1,1,1,6,3,1,1,1,4,5,6,9,3,2,10,1,1,1,1,1,4,2,5,8,7,3,3,9,9,11,1,2,2,2,2,10,10,10,10,2,10,10,10,2,2,2,2,2,10,10,10,10,2,1,2,2,1,1,2,2,2,2,2,10,2,1,1,2,2,2,2,2,2,2,1,4,4,4,2,2,2,2,2,5,8,7,2,2,2,4,2,2,2,2,2,2,2,2,2,2,3,3,2,2,2,2,9,9,9,9,9,9,9,9,11,11,11,11,11,11,11,11","0.000783920288085938","walktrap","edit-xhwikibooks.graphml"
"0.02","0.36","0.62","0.399607094084796","1,2,1,1,6,1,6,1,1,1,6,3,1,1,1,4,5,6,9,3,2,10,1,1,1,1,1,4,2,5,8,7,3,3,9,9,11,1,2,2,2,2,10,10,10,10,2,10,10,10,2,2,2,2,2,10,10,10,10,2,1,2,2,1,1,2,2,2,2,2,10,2,1,1,2,2,2,2,2,2,2,1,4,4,4,2,2,2,2,2,5,8,7,2,2,2,4,2,2,2,2,2,2,2,2,2,2,3,3,2,2,2,2,9,9,9,9,9,9,9,9,11,11,11,11,11,11,11,11","0.000765085220336914","walktrap","edit-xhwikibooks.graphml"
"0.01","0.37","0.62","0.399607094084796","1,2,1,1,6,1,6,1,1,1,6,3,1,1,1,4,5,6,9,3,2,10,1,1,1,1,1,4,2,5,8,7,3,3,9,9,11,1,2,2,2,2,10,10,10,10,2,10,10,10,2,2,2,2,2,10,10,10,10,2,1,2,2,1,1,2,2,2,2,2,10,2,1,1,2,2,2,2,2,2,2,1,4,4,4,2,2,2,2,2,5,8,7,2,2,2,4,2,2,2,2,2,2,2,2,2,2,3,3,2,2,2,2,9,9,9,9,9,9,9,9,11,11,11,11,11,11,11,11","0.000813961029052734","walktrap","edit-xhwikibooks.graphml"
"0","0.38","0.62","0.401598000069479","2,10,2,2,2,2,1,2,2,2,1,3,2,2,2,4,5,1,1,3,10,8,2,2,2,2,2,4,2,5,7,6,3,3,1,1,9,2,10,10,10,10,8,8,8,8,10,8,8,8,10,10,10,10,10,8,8,8,8,10,2,10,10,2,2,10,10,10,10,10,8,10,2,2,10,10,10,10,10,10,10,2,4,4,4,2,10,10,10,10,5,7,6,10,10,10,4,10,10,10,10,10,10,10,10,10,10,3,3,10,10,10,10,1,1,1,1,1,1,1,1,9,9,9,9,9,9,9,9","0.000792026519775391","walktrap","edit-xhwikibooks.graphml"
"0.37","0","0.63","0.39104655552581","1,3,1,1,4,1,4,1,1,2,4,4,1,1,1,5,2,6,7,4,3,10,1,1,1,1,1,5,3,2,6,8,11,4,7,7,9,1,3,3,3,3,10,10,10,10,3,10,10,10,3,3,3,3,3,10,10,10,10,3,1,3,3,1,1,3,3,3,3,3,10,3,1,1,3,3,3,3,3,3,3,1,5,5,5,3,3,3,3,3,2,6,8,3,3,3,5,3,3,3,3,3,3,3,3,3,3,11,11,3,3,3,3,7,7,7,7,7,7,7,7,9,9,9,9,9,9,9,9","0.000803947448730469","walktrap","edit-xhwikibooks.graphml"
"0.36","0.01","0.63","0.39104655552581","1,3,1,1,4,1,4,1,1,2,4,4,1,1,1,5,2,6,7,4,3,10,1,1,1,1,1,5,3,2,6,8,11,4,7,7,9,1,3,3,3,3,10,10,10,10,3,10,10,10,3,3,3,3,3,10,10,10,10,3,1,3,3,1,1,3,3,3,3,3,10,3,1,1,3,3,3,3,3,3,3,1,5,5,5,3,3,3,3,3,2,6,8,3,3,3,5,3,3,3,3,3,3,3,3,3,3,11,11,3,3,3,3,7,7,7,7,7,7,7,7,9,9,9,9,9,9,9,9","0.000918149948120117","walktrap","edit-xhwikibooks.graphml"
"0.35","0.02","0.63","0.39104655552581","1,3,1,1,4,1,4,1,1,2,4,4,1,1,1,5,2,6,7,4,3,10,1,1,1,1,1,5,3,2,6,8,11,4,7,7,9,1,3,3,3,3,10,10,10,10,3,10,10,10,3,3,3,3,3,10,10,10,10,3,1,3,3,1,1,3,3,3,3,3,10,3,1,1,3,3,3,3,3,3,3,1,5,5,5,3,3,3,3,3,2,6,8,3,3,3,5,3,3,3,3,3,3,3,3,3,3,11,11,3,3,3,3,7,7,7,7,7,7,7,7,9,9,9,9,9,9,9,9","0.000802993774414062","walktrap","edit-xhwikibooks.graphml"
"0.34","0.03","0.63","0.390885871573502","1,3,1,1,4,1,4,1,1,2,4,4,1,1,1,5,2,6,7,4,3,10,1,1,1,1,1,5,3,2,6,8,11,4,7,7,9,1,3,3,3,3,10,10,10,10,3,10,10,10,3,3,3,3,3,10,10,10,10,3,1,3,3,1,1,3,3,3,3,3,10,3,1,1,3,3,3,3,3,3,3,1,5,5,5,3,3,3,3,3,2,6,8,3,3,3,5,3,3,3,3,3,3,3,3,3,3,11,11,3,3,3,3,7,7,7,7,7,7,7,7,9,9,9,9,9,9,9,9","0.000819921493530273","walktrap","edit-xhwikibooks.graphml"
"0.33","0.04","0.63","0.390885871573502","1,3,1,1,4,1,4,1,1,2,4,4,1,1,1,5,2,6,7,4,3,10,1,1,1,1,1,5,3,2,6,8,11,4,7,7,9,1,3,3,3,3,10,10,10,10,3,10,10,10,3,3,3,3,3,10,10,10,10,3,1,3,3,1,1,3,3,3,3,3,10,3,1,1,3,3,3,3,3,3,3,1,5,5,5,3,3,3,3,3,2,6,8,3,3,3,5,3,3,3,3,3,3,3,3,3,3,11,11,3,3,3,3,7,7,7,7,7,7,7,7,9,9,9,9,9,9,9,9","0.000778913497924805","walktrap","edit-xhwikibooks.graphml"
"0.32","0.05","0.63","0.383347592730365","1,3,1,1,4,1,4,1,1,2,4,4,1,1,1,5,2,6,7,4,3,9,1,1,1,1,1,5,3,2,6,8,11,4,7,7,10,1,3,3,3,3,9,9,9,9,3,9,9,9,3,3,3,3,3,9,9,9,9,3,1,3,3,1,1,3,3,3,3,3,9,3,1,1,3,3,3,3,3,3,3,1,5,5,5,3,3,3,3,3,2,6,8,3,3,3,5,3,3,3,3,3,3,3,3,3,3,11,11,3,3,3,3,7,7,7,7,7,7,7,7,10,10,10,10,10,10,10,10","0.000787973403930664","walktrap","edit-xhwikibooks.graphml"
"0.31","0.06","0.63","0.383347592730365","1,3,1,1,4,1,4,1,1,2,4,4,1,1,1,5,2,6,7,4,3,9,1,1,1,1,1,5,3,2,6,8,11,4,7,7,10,1,3,3,3,3,9,9,9,9,3,9,9,9,3,3,3,3,3,9,9,9,9,3,1,3,3,1,1,3,3,3,3,3,9,3,1,1,3,3,3,3,3,3,3,1,5,5,5,3,3,3,3,3,2,6,8,3,3,3,5,3,3,3,3,3,3,3,3,3,3,11,11,3,3,3,3,7,7,7,7,7,7,7,7,10,10,10,10,10,10,10,10","0.000769138336181641","walktrap","edit-xhwikibooks.graphml"
"0.3","0.07","0.63","0.383188395641544","1,3,1,1,4,1,4,1,1,2,4,4,1,1,1,5,2,6,7,4,3,9,1,1,1,1,1,5,3,2,6,8,11,4,7,7,10,1,3,3,3,3,9,9,9,9,3,9,9,9,3,3,3,3,3,9,9,9,9,3,1,3,3,1,1,3,3,3,3,3,9,3,1,1,3,3,3,3,3,3,3,1,5,5,5,3,3,3,3,3,2,6,8,3,3,3,5,3,3,3,3,3,3,3,3,3,3,11,11,3,3,3,3,7,7,7,7,7,7,7,7,10,10,10,10,10,10,10,10","0.000755071640014648","walktrap","edit-xhwikibooks.graphml"
"0.29","0.08","0.63","0.383592711368177","1,3,1,1,4,1,4,1,1,2,4,4,1,1,1,5,2,6,7,4,3,10,1,1,1,1,1,5,3,2,6,8,11,4,7,7,9,1,3,3,3,3,10,10,10,10,3,10,10,10,3,3,3,3,3,10,10,10,10,3,1,3,3,1,1,3,3,3,3,3,10,3,1,1,3,3,3,3,3,3,3,1,5,5,5,3,3,3,3,3,2,6,8,3,3,3,5,3,3,3,3,3,3,3,3,3,3,11,11,3,3,3,3,7,7,7,7,7,7,7,7,9,9,9,9,9,9,9,9","0.000789880752563477","walktrap","edit-xhwikibooks.graphml"
"0.28","0.09","0.63","0.383746343618659","1,3,1,1,4,1,4,1,1,2,4,4,1,1,1,5,2,6,7,4,3,10,1,1,1,1,1,5,3,2,6,8,11,4,7,7,9,1,3,3,3,3,10,10,10,10,3,10,10,10,3,3,3,3,3,10,10,10,10,3,1,3,3,1,1,3,3,3,3,3,10,3,1,1,3,3,3,3,3,3,3,1,5,5,5,3,3,3,3,3,2,6,8,3,3,3,5,3,3,3,3,3,3,3,3,3,3,11,11,3,3,3,3,7,7,7,7,7,7,7,7,9,9,9,9,9,9,9,9","0.000769853591918945","walktrap","edit-xhwikibooks.graphml"
"0.27","0.1","0.63","0.383746343618659","1,3,1,1,4,1,4,1,1,2,4,4,1,1,1,5,2,6,7,4,3,10,1,1,1,1,1,5,3,2,6,8,11,4,7,7,9,1,3,3,3,3,10,10,10,10,3,10,10,10,3,3,3,3,3,10,10,10,10,3,1,3,3,1,1,3,3,3,3,3,10,3,1,1,3,3,3,3,3,3,3,1,5,5,5,3,3,3,3,3,2,6,8,3,3,3,5,3,3,3,3,3,3,3,3,3,3,11,11,3,3,3,3,7,7,7,7,7,7,7,7,9,9,9,9,9,9,9,9","0.000797033309936523","walktrap","edit-xhwikibooks.graphml"
"0.26","0.11","0.63","0.383587147961862","1,3,1,1,4,1,4,1,1,2,4,4,1,1,1,5,2,6,7,4,3,10,1,1,1,1,1,5,3,2,6,8,11,4,7,7,9,1,3,3,3,3,10,10,10,10,3,10,10,10,3,3,3,3,3,10,10,10,10,3,1,3,3,1,1,3,3,3,3,3,10,3,1,1,3,3,3,3,3,3,3,1,5,5,5,3,3,3,3,3,2,6,8,3,3,3,5,3,3,3,3,3,3,3,3,3,3,11,11,3,3,3,3,7,7,7,7,7,7,7,7,9,9,9,9,9,9,9,9","0.000811100006103516","walktrap","edit-xhwikibooks.graphml"
"0.25","0.12","0.63","0.38472281930732","1,3,1,1,4,1,4,1,1,2,4,4,1,1,1,5,2,6,8,4,3,9,1,1,1,1,1,5,3,2,6,7,11,4,8,8,10,1,3,3,3,3,9,9,9,9,3,9,9,9,3,3,3,3,3,9,9,9,9,3,1,3,3,1,1,3,3,3,3,3,9,3,1,1,3,3,3,3,3,3,3,1,5,5,5,3,3,3,3,3,2,6,7,3,3,3,5,3,3,3,3,3,3,3,3,3,3,11,11,3,3,3,3,8,8,8,8,8,8,8,8,10,10,10,10,10,10,10,10","0.000895023345947266","walktrap","edit-xhwikibooks.graphml"
"0.24","0.13","0.63","0.385101710172915","1,3,1,1,4,1,4,1,1,2,4,4,1,1,1,5,2,6,8,4,3,9,1,1,1,1,1,5,3,2,6,7,11,4,8,8,10,1,3,3,3,3,9,9,9,9,3,9,9,9,3,3,3,3,3,9,9,9,9,3,1,3,3,1,1,3,3,3,3,3,9,3,1,1,3,3,3,3,3,3,3,1,5,5,5,3,3,3,3,3,2,6,7,3,3,3,5,3,3,3,3,3,3,3,3,3,3,11,11,3,3,3,3,8,8,8,8,8,8,8,8,10,10,10,10,10,10,10,10","0.000786781311035156","walktrap","edit-xhwikibooks.graphml"
"0.23","0.14","0.63","0.38526103530935","1,3,1,1,4,1,4,1,1,2,4,4,1,1,1,5,2,6,8,4,3,9,1,1,1,1,1,5,3,2,6,7,11,4,8,8,10,1,3,3,3,3,9,9,9,9,3,9,9,9,3,3,3,3,3,9,9,9,9,3,1,3,3,1,1,3,3,3,3,3,9,3,1,1,3,3,3,3,3,3,3,1,5,5,5,3,3,3,3,3,2,6,7,3,3,3,5,3,3,3,3,3,3,3,3,3,3,11,11,3,3,3,3,8,8,8,8,8,8,8,8,10,10,10,10,10,10,10,10","0.000799894332885742","walktrap","edit-xhwikibooks.graphml"
"0.22","0.15","0.63","0.386178829717291","1,3,1,1,4,1,4,1,1,2,4,4,1,1,1,5,2,6,8,4,3,9,1,1,1,1,1,5,3,2,6,7,11,4,8,8,10,1,3,3,3,3,9,9,9,9,3,9,9,9,3,3,3,3,3,9,9,9,9,3,1,3,3,1,1,3,3,3,3,3,9,3,1,1,3,3,3,3,3,3,3,1,5,5,5,3,3,3,3,3,2,6,7,3,3,3,5,3,3,3,3,3,3,3,3,3,3,11,11,3,3,3,3,8,8,8,8,8,8,8,8,10,10,10,10,10,10,10,10","0.000816822052001953","walktrap","edit-xhwikibooks.graphml"
"0.21","0.16","0.63","0.384347446818353","3,12,3,3,3,1,3,1,1,2,3,3,1,1,1,4,2,5,8,3,12,9,1,1,1,1,1,4,7,2,5,6,11,3,8,8,10,1,12,12,12,12,9,9,9,9,12,9,9,9,12,12,12,12,12,9,9,9,9,12,1,12,12,1,1,12,12,12,12,12,9,12,1,1,12,12,12,12,12,12,12,1,4,4,4,7,12,12,12,12,2,5,6,12,12,12,4,12,12,12,12,12,12,12,12,12,12,11,11,12,12,12,12,8,8,8,8,8,8,8,8,10,10,10,10,10,10,10,10","0.000797033309936523","walktrap","edit-xhwikibooks.graphml"
"0.2","0.17","0.63","0.384728695114948","3,12,3,3,3,1,3,1,1,2,3,3,1,1,1,4,2,5,8,3,12,9,1,1,1,1,1,4,7,2,5,6,11,3,8,8,10,1,12,12,12,12,9,9,9,9,12,9,9,9,12,12,12,12,12,9,9,9,9,12,1,12,12,1,1,12,12,12,12,12,9,12,1,1,12,12,12,12,12,12,12,1,4,4,4,7,12,12,12,12,2,5,6,12,12,12,4,12,12,12,12,12,12,12,12,12,12,11,11,12,12,12,12,8,8,8,8,8,8,8,8,10,10,10,10,10,10,10,10","0.000813007354736328","walktrap","edit-xhwikibooks.graphml"
"0.19","0.18","0.63","0.384728695114948","3,12,3,3,3,1,3,1,1,2,3,3,1,1,1,4,2,5,8,3,12,9,1,1,1,1,1,4,7,2,5,6,11,3,8,8,10,1,12,12,12,12,9,9,9,9,12,9,9,9,12,12,12,12,12,9,9,9,9,12,1,12,12,1,1,12,12,12,12,12,9,12,1,1,12,12,12,12,12,12,12,1,4,4,4,7,12,12,12,12,2,5,6,12,12,12,4,12,12,12,12,12,12,12,12,12,12,11,11,12,12,12,12,8,8,8,8,8,8,8,8,10,10,10,10,10,10,10,10","0.000768899917602539","walktrap","edit-xhwikibooks.graphml"
"0.18","0.19","0.63","0.384569389338404","3,12,3,3,3,1,3,1,1,2,3,3,1,1,1,4,2,5,8,3,12,9,1,1,1,1,1,4,7,2,5,6,11,3,8,8,10,1,12,12,12,12,9,9,9,9,12,9,9,9,12,12,12,12,12,9,9,9,9,12,1,12,12,1,1,12,12,12,12,12,9,12,1,1,12,12,12,12,12,12,12,1,4,4,4,7,12,12,12,12,2,5,6,12,12,12,4,12,12,12,12,12,12,12,12,12,12,11,11,12,12,12,12,8,8,8,8,8,8,8,8,10,10,10,10,10,10,10,10","0.00078582763671875","walktrap","edit-xhwikibooks.graphml"
"0.17","0.2","0.63","0.385658645627876","3,12,3,3,3,1,3,1,1,2,3,3,1,1,1,4,2,5,8,3,12,9,1,1,1,1,1,4,7,2,5,6,11,3,8,8,10,1,12,12,12,12,9,9,9,9,12,9,9,9,12,12,12,12,12,9,9,9,9,12,1,12,12,1,1,12,12,12,12,12,9,12,1,1,12,12,12,12,12,12,12,1,4,4,4,7,12,12,12,12,2,5,6,12,12,12,4,12,12,12,12,12,12,12,12,12,12,11,11,12,12,12,12,8,8,8,8,8,8,8,8,10,10,10,10,10,10,10,10","0.000782966613769531","walktrap","edit-xhwikibooks.graphml"
"0.16","0.21","0.63","0.385499320749443","3,12,3,3,3,1,3,1,1,2,3,3,1,1,1,4,2,5,8,3,12,9,1,1,1,1,1,4,7,2,5,6,11,3,8,8,10,1,12,12,12,12,9,9,9,9,12,9,9,9,12,12,12,12,12,9,9,9,9,12,1,12,12,1,1,12,12,12,12,12,9,12,1,1,12,12,12,12,12,12,12,1,4,4,4,7,12,12,12,12,2,5,6,12,12,12,4,12,12,12,12,12,12,12,12,12,12,11,11,12,12,12,12,8,8,8,8,8,8,8,8,10,10,10,10,10,10,10,10","0.000788211822509766","walktrap","edit-xhwikibooks.graphml"
"0.15","0.22","0.63","0.385499320749443","3,12,3,3,3,1,3,1,1,2,3,3,1,1,1,4,2,5,8,3,12,9,1,1,1,1,1,4,7,2,5,6,11,3,8,8,10,1,12,12,12,12,9,9,9,9,12,9,9,9,12,12,12,12,12,9,9,9,9,12,1,12,12,1,1,12,12,12,12,12,9,12,1,1,12,12,12,12,12,12,12,1,4,4,4,7,12,12,12,12,2,5,6,12,12,12,4,12,12,12,12,12,12,12,12,12,12,11,11,12,12,12,12,8,8,8,8,8,8,8,8,10,10,10,10,10,10,10,10","0.000779867172241211","walktrap","edit-xhwikibooks.graphml"
"0.14","0.23","0.63","0.386463376178199","3,12,3,3,3,1,3,1,1,2,3,3,1,1,1,4,2,5,8,3,12,9,1,1,1,1,1,4,7,2,5,6,10,3,8,8,11,1,12,12,12,12,9,9,9,9,12,9,9,9,12,12,12,12,12,9,9,9,9,12,1,12,12,1,1,12,12,12,12,12,9,12,1,1,12,12,12,12,12,12,12,1,4,4,4,7,12,12,12,12,2,5,6,12,12,12,4,12,12,12,12,12,12,12,12,12,12,10,10,12,12,12,12,8,8,8,8,8,8,8,8,11,11,11,11,11,11,11,11","0.00101900100708008","walktrap","edit-xhwikibooks.graphml"
"0.13","0.24","0.63","0.387609724783687","2,12,2,2,2,1,2,1,1,3,2,2,1,1,1,4,3,5,8,2,12,9,1,1,1,1,1,4,7,3,5,6,10,2,8,8,11,1,12,12,12,12,9,9,9,9,12,9,9,9,12,12,12,12,12,9,9,9,9,12,1,12,12,1,1,12,12,12,12,12,9,12,1,1,12,12,12,12,12,12,12,1,4,4,4,7,12,12,12,12,3,5,6,12,12,12,4,12,12,12,12,12,12,12,12,12,12,10,10,12,12,12,12,8,8,8,8,8,8,8,8,11,11,11,11,11,11,11,11","0.000800848007202148","walktrap","edit-xhwikibooks.graphml"
"0.12","0.25","0.63","0.389285612847967","2,12,2,2,2,1,2,1,1,3,2,2,1,1,1,4,3,5,8,2,12,9,1,1,1,1,1,4,7,3,5,6,10,2,8,8,11,1,12,12,12,12,9,9,9,9,12,9,9,9,12,12,12,12,12,9,9,9,9,12,1,12,12,1,1,12,12,12,12,12,9,12,1,1,12,12,12,12,12,12,12,1,4,4,4,7,12,12,12,12,3,5,6,12,12,12,4,12,12,12,12,12,12,12,12,12,12,10,10,12,12,12,12,8,8,8,8,8,8,8,8,11,11,11,11,11,11,11,11","0.000802040100097656","walktrap","edit-xhwikibooks.graphml"
"0.11","0.26","0.63","0.389285612847967","2,12,2,2,2,1,2,1,1,3,2,2,1,1,1,4,3,5,8,2,12,9,1,1,1,1,1,4,7,3,5,6,10,2,8,8,11,1,12,12,12,12,9,9,9,9,12,9,9,9,12,12,12,12,12,9,9,9,9,12,1,12,12,1,1,12,12,12,12,12,9,12,1,1,12,12,12,12,12,12,12,1,4,4,4,7,12,12,12,12,3,5,6,12,12,12,4,12,12,12,12,12,12,12,12,12,12,10,10,12,12,12,12,8,8,8,8,8,8,8,8,11,11,11,11,11,11,11,11","0.000792026519775391","walktrap","edit-xhwikibooks.graphml"
"0.1","0.27","0.63","0.386437796441374","1,2,1,1,6,1,6,1,1,1,6,3,1,1,1,4,5,6,9,3,2,10,1,1,1,1,1,4,2,5,8,7,3,3,9,9,11,1,2,2,2,2,10,10,10,10,2,10,10,10,2,2,2,2,2,10,10,10,10,2,1,2,2,1,1,2,2,2,2,2,10,2,1,1,2,2,2,2,2,2,2,1,4,4,4,2,2,2,2,2,5,8,7,2,2,2,4,2,2,2,2,2,2,2,2,2,2,3,3,2,2,2,2,9,9,9,9,9,9,9,9,11,11,11,11,11,11,11,11","0.000796079635620117","walktrap","edit-xhwikibooks.graphml"
"0.09","0.28","0.63","0.38611827813202","1,2,1,1,6,1,6,1,1,1,6,3,1,1,1,4,5,6,9,3,2,10,1,1,1,1,1,4,2,5,8,7,3,3,9,9,11,1,2,2,2,2,10,10,10,10,2,10,10,10,2,2,2,2,2,10,10,10,10,2,1,2,2,1,1,2,2,2,2,2,10,2,1,1,2,2,2,2,2,2,2,1,4,4,4,2,2,2,2,2,5,8,7,2,2,2,4,2,2,2,2,2,2,2,2,2,2,3,3,2,2,2,2,9,9,9,9,9,9,9,9,11,11,11,11,11,11,11,11","0.00080108642578125","walktrap","edit-xhwikibooks.graphml"
"0.08","0.29","0.63","0.38719273117965","1,2,1,1,6,1,6,1,1,1,6,3,1,1,1,4,5,6,9,3,2,10,1,1,1,1,1,4,2,5,8,7,3,3,9,9,11,1,2,2,2,2,10,10,10,10,2,10,10,10,2,2,2,2,2,10,10,10,10,2,1,2,2,1,1,2,2,2,2,2,10,2,1,1,2,2,2,2,2,2,2,1,4,4,4,2,2,2,2,2,5,8,7,2,2,2,4,2,2,2,2,2,2,2,2,2,2,3,3,2,2,2,2,9,9,9,9,9,9,9,9,11,11,11,11,11,11,11,11","0.000902175903320312","walktrap","edit-xhwikibooks.graphml"
"0.07","0.3","0.63","0.387033028855069","1,2,1,1,6,1,6,1,1,1,6,3,1,1,1,4,5,6,9,3,2,10,1,1,1,1,1,4,2,5,8,7,3,3,9,9,11,1,2,2,2,2,10,10,10,10,2,10,10,10,2,2,2,2,2,10,10,10,10,2,1,2,2,1,1,2,2,2,2,2,10,2,1,1,2,2,2,2,2,2,2,1,4,4,4,2,2,2,2,2,5,8,7,2,2,2,4,2,2,2,2,2,2,2,2,2,2,3,3,2,2,2,2,9,9,9,9,9,9,9,9,11,11,11,11,11,11,11,11","0.000777006149291992","walktrap","edit-xhwikibooks.graphml"
"0.06","0.31","0.63","0.385980751142166","1,2,1,1,6,1,6,1,1,1,6,3,1,1,1,4,5,6,9,3,2,10,1,1,1,1,1,4,2,5,8,7,3,3,9,9,11,1,2,2,2,2,10,10,10,10,2,10,10,10,2,2,2,2,2,10,10,10,10,2,1,2,2,1,1,2,2,2,2,2,10,2,1,1,2,2,2,2,2,2,2,1,4,4,4,2,2,2,2,2,5,8,7,2,2,2,4,2,2,2,2,2,2,2,2,2,2,3,3,2,2,2,2,9,9,9,9,9,9,9,9,11,11,11,11,11,11,11,11","0.000800848007202148","walktrap","edit-xhwikibooks.graphml"
"0.05","0.32","0.63","0.385821280375564","1,2,1,1,6,1,6,1,1,1,6,3,1,1,1,4,5,6,9,3,2,10,1,1,1,1,1,4,2,5,8,7,3,3,9,9,11,1,2,2,2,2,10,10,10,10,2,10,10,10,2,2,2,2,2,10,10,10,10,2,1,2,2,1,1,2,2,2,2,2,10,2,1,1,2,2,2,2,2,2,2,1,4,4,4,2,2,2,2,2,5,8,7,2,2,2,4,2,2,2,2,2,2,2,2,2,2,3,3,2,2,2,2,9,9,9,9,9,9,9,9,11,11,11,11,11,11,11,11","0.000814914703369141","walktrap","edit-xhwikibooks.graphml"
"0.04","0.33","0.63","0.385821280375564","1,2,1,1,6,1,6,1,1,1,6,3,1,1,1,4,5,6,9,3,2,10,1,1,1,1,1,4,2,5,8,7,3,3,9,9,11,1,2,2,2,2,10,10,10,10,2,10,10,10,2,2,2,2,2,10,10,10,10,2,1,2,2,1,1,2,2,2,2,2,10,2,1,1,2,2,2,2,2,2,2,1,4,4,4,2,2,2,2,2,5,8,7,2,2,2,4,2,2,2,2,2,2,2,2,2,2,3,3,2,2,2,2,9,9,9,9,9,9,9,9,11,11,11,11,11,11,11,11","0.000808954238891602","walktrap","edit-xhwikibooks.graphml"
"0.03","0.34","0.63","0.393498981674268","1,2,1,1,6,1,6,1,1,1,6,3,1,1,1,4,5,6,9,3,2,10,1,1,1,1,1,4,2,5,8,7,3,3,9,9,11,1,2,2,2,2,10,10,10,10,2,10,10,10,2,2,2,2,2,10,10,10,10,2,1,2,2,1,1,2,2,2,2,2,10,2,1,1,2,2,2,2,2,2,2,1,4,4,4,2,2,2,2,2,5,8,7,2,2,2,4,2,2,2,2,2,2,2,2,2,2,3,3,2,2,2,2,9,9,9,9,9,9,9,9,11,11,11,11,11,11,11,11","0.000867843627929688","walktrap","edit-xhwikibooks.graphml"
"0.02","0.35","0.63","0.393498981674268","1,2,1,1,6,1,6,1,1,1,6,3,1,1,1,4,5,6,9,3,2,10,1,1,1,1,1,4,2,5,8,7,3,3,9,9,11,1,2,2,2,2,10,10,10,10,2,10,10,10,2,2,2,2,2,10,10,10,10,2,1,2,2,1,1,2,2,2,2,2,10,2,1,1,2,2,2,2,2,2,2,1,4,4,4,2,2,2,2,2,5,8,7,2,2,2,4,2,2,2,2,2,2,2,2,2,2,3,3,2,2,2,2,9,9,9,9,9,9,9,9,11,11,11,11,11,11,11,11","0.000792026519775391","walktrap","edit-xhwikibooks.graphml"
"0.01","0.36","0.63","0.393338493732591","1,2,1,1,6,1,6,1,1,1,6,3,1,1,1,4,5,6,9,3,2,10,1,1,1,1,1,4,2,5,8,7,3,3,9,9,11,1,2,2,2,2,10,10,10,10,2,10,10,10,2,2,2,2,2,10,10,10,10,2,1,2,2,1,1,2,2,2,2,2,10,2,1,1,2,2,2,2,2,2,2,1,4,4,4,2,2,2,2,2,5,8,7,2,2,2,4,2,2,2,2,2,2,2,2,2,2,3,3,2,2,2,2,9,9,9,9,9,9,9,9,11,11,11,11,11,11,11,11","0.00078582763671875","walktrap","edit-xhwikibooks.graphml"
"0","0.37","0.63","0.395516312142471","2,10,2,2,2,2,1,2,2,2,1,3,2,2,2,4,5,1,1,3,10,8,2,2,2,2,2,4,2,5,7,6,3,3,1,1,9,2,10,10,10,10,8,8,8,8,10,8,8,8,10,10,10,10,10,8,8,8,8,10,2,10,10,2,2,10,10,10,10,10,8,10,2,2,10,10,10,10,10,10,10,2,4,4,4,2,10,10,10,10,5,7,6,10,10,10,4,10,10,10,10,10,10,10,10,10,10,3,3,10,10,10,10,1,1,1,1,1,1,1,1,9,9,9,9,9,9,9,9","0.000835895538330078","walktrap","edit-xhwikibooks.graphml"
"0.36","0","0.64","0.384307480653827","1,3,1,1,4,1,4,1,1,2,4,4,1,1,1,5,2,6,7,4,3,10,1,1,1,1,1,5,3,2,6,8,11,4,7,7,9,1,3,3,3,3,10,10,10,10,3,10,10,10,3,3,3,3,3,10,10,10,10,3,1,3,3,1,1,3,3,3,3,3,10,3,1,1,3,3,3,3,3,3,3,1,5,5,5,3,3,3,3,3,2,6,8,3,3,3,5,3,3,3,3,3,3,3,3,3,3,11,11,3,3,3,3,7,7,7,7,7,7,7,7,9,9,9,9,9,9,9,9","0.000826835632324219","walktrap","edit-xhwikibooks.graphml"
"0.35","0.01","0.64","0.384307480653827","1,3,1,1,4,1,4,1,1,2,4,4,1,1,1,5,2,6,7,4,3,10,1,1,1,1,1,5,3,2,6,8,11,4,7,7,9,1,3,3,3,3,10,10,10,10,3,10,10,10,3,3,3,3,3,10,10,10,10,3,1,3,3,1,1,3,3,3,3,3,10,3,1,1,3,3,3,3,3,3,3,1,5,5,5,3,3,3,3,3,2,6,8,3,3,3,5,3,3,3,3,3,3,3,3,3,3,11,11,3,3,3,3,7,7,7,7,7,7,7,7,9,9,9,9,9,9,9,9","0.000829935073852539","walktrap","edit-xhwikibooks.graphml"
"0.34","0.02","0.64","0.384307480653827","1,3,1,1,4,1,4,1,1,2,4,4,1,1,1,5,2,6,7,4,3,10,1,1,1,1,1,5,3,2,6,8,11,4,7,7,9,1,3,3,3,3,10,10,10,10,3,10,10,10,3,3,3,3,3,10,10,10,10,3,1,3,3,1,1,3,3,3,3,3,10,3,1,1,3,3,3,3,3,3,3,1,5,5,5,3,3,3,3,3,2,6,8,3,3,3,5,3,3,3,3,3,3,3,3,3,3,11,11,3,3,3,3,7,7,7,7,7,7,7,7,9,9,9,9,9,9,9,9","0.000803947448730469","walktrap","edit-xhwikibooks.graphml"
"0.33","0.03","0.64","0.384152306268192","1,3,1,1,4,1,4,1,1,2,4,4,1,1,1,5,2,6,7,4,3,10,1,1,1,1,1,5,3,2,6,8,11,4,7,7,9,1,3,3,3,3,10,10,10,10,3,10,10,10,3,3,3,3,3,10,10,10,10,3,1,3,3,1,1,3,3,3,3,3,10,3,1,1,3,3,3,3,3,3,3,1,5,5,5,3,3,3,3,3,2,6,8,3,3,3,5,3,3,3,3,3,3,3,3,3,3,11,11,3,3,3,3,7,7,7,7,7,7,7,7,9,9,9,9,9,9,9,9","0.000954151153564453","walktrap","edit-xhwikibooks.graphml"
"0.32","0.04","0.64","0.384152306268192","1,3,1,1,4,1,4,1,1,2,4,4,1,1,1,5,2,6,7,4,3,10,1,1,1,1,1,5,3,2,6,8,11,4,7,7,9,1,3,3,3,3,10,10,10,10,3,10,10,10,3,3,3,3,3,10,10,10,10,3,1,3,3,1,1,3,3,3,3,3,10,3,1,1,3,3,3,3,3,3,3,1,5,5,5,3,3,3,3,3,2,6,8,3,3,3,5,3,3,3,3,3,3,3,3,3,3,11,11,3,3,3,3,7,7,7,7,7,7,7,7,9,9,9,9,9,9,9,9","0.000865936279296875","walktrap","edit-xhwikibooks.graphml"
"0.31","0.05","0.64","0.383471375507664","1,3,1,1,4,1,4,1,1,2,4,4,1,1,1,5,2,6,7,4,3,10,1,1,1,1,1,5,3,2,6,8,11,4,7,7,9,1,3,3,3,3,10,10,10,10,3,10,10,10,3,3,3,3,3,10,10,10,10,3,1,3,3,1,1,3,3,3,3,3,10,3,1,1,3,3,3,3,3,3,3,1,5,5,5,3,3,3,3,3,2,6,8,3,3,3,5,3,3,3,3,3,3,3,3,3,3,11,11,3,3,3,3,7,7,7,7,7,7,7,7,9,9,9,9,9,9,9,9","0.00118803977966309","walktrap","edit-xhwikibooks.graphml"
"0.3","0.06","0.64","0.383471375507664","1,3,1,1,4,1,4,1,1,2,4,4,1,1,1,5,2,6,7,4,3,10,1,1,1,1,1,5,3,2,6,8,11,4,7,7,9,1,3,3,3,3,10,10,10,10,3,10,10,10,3,3,3,3,3,10,10,10,10,3,1,3,3,1,1,3,3,3,3,3,10,3,1,1,3,3,3,3,3,3,3,1,5,5,5,3,3,3,3,3,2,6,8,3,3,3,5,3,3,3,3,3,3,3,3,3,3,11,11,3,3,3,3,7,7,7,7,7,7,7,7,9,9,9,9,9,9,9,9","0.000963926315307617","walktrap","edit-xhwikibooks.graphml"
"0.29","0.07","0.64","0.3833165","1,3,1,1,4,1,4,1,1,2,4,4,1,1,1,5,2,6,7,4,3,10,1,1,1,1,1,5,3,2,6,8,11,4,7,7,9,1,3,3,3,3,10,10,10,10,3,10,10,10,3,3,3,3,3,10,10,10,10,3,1,3,3,1,1,3,3,3,3,3,10,3,1,1,3,3,3,3,3,3,3,1,5,5,5,3,3,3,3,3,2,6,8,3,3,3,5,3,3,3,3,3,3,3,3,3,3,11,11,3,3,3,3,7,7,7,7,7,7,7,7,9,9,9,9,9,9,9,9","0.000929117202758789","walktrap","edit-xhwikibooks.graphml"
"0.28","0.08","0.64","0.383710445398757","1,3,1,1,4,1,4,1,1,2,4,4,1,1,1,5,2,6,7,4,3,10,1,1,1,1,1,5,3,2,6,8,11,4,7,7,9,1,3,3,3,3,10,10,10,10,3,10,10,10,3,3,3,3,3,10,10,10,10,3,1,3,3,1,1,3,3,3,3,3,10,3,1,1,3,3,3,3,3,3,3,1,5,5,5,3,3,3,3,3,2,6,8,3,3,3,5,3,3,3,3,3,3,3,3,3,3,11,11,3,3,3,3,7,7,7,7,7,7,7,7,9,9,9,9,9,9,9,9","0.000866889953613281","walktrap","edit-xhwikibooks.graphml"
"0.27","0.09","0.64","0.390796869537154","1,3,1,1,4,1,4,1,1,2,4,4,1,1,1,5,2,6,7,4,3,10,1,1,1,1,1,5,3,2,6,8,11,4,7,7,9,1,3,3,3,3,10,10,10,10,3,10,10,10,3,3,3,3,3,10,10,10,10,3,1,3,3,1,1,3,3,3,3,3,10,3,1,1,3,3,3,3,3,3,3,1,5,5,5,3,3,3,3,3,2,6,8,3,3,3,5,3,3,3,3,3,3,3,3,3,3,11,11,3,3,3,3,7,7,7,7,7,7,7,7,9,9,9,9,9,9,9,9","0.000865936279296875","walktrap","edit-xhwikibooks.graphml"
"0.26","0.1","0.64","0.390796869537154","1,3,1,1,4,1,4,1,1,2,4,4,1,1,1,5,2,6,7,4,3,10,1,1,1,1,1,5,3,2,6,8,11,4,7,7,9,1,3,3,3,3,10,10,10,10,3,10,10,10,3,3,3,3,3,10,10,10,10,3,1,3,3,1,1,3,3,3,3,3,10,3,1,1,3,3,3,3,3,3,3,1,5,5,5,3,3,3,3,3,2,6,8,3,3,3,5,3,3,3,3,3,3,3,3,3,3,11,11,3,3,3,3,7,7,7,7,7,7,7,7,9,9,9,9,9,9,9,9","0.00128507614135742","walktrap","edit-xhwikibooks.graphml"
"0.25","0.11","0.64","0.390636721509201","1,3,1,1,4,1,4,1,1,2,4,4,1,1,1,5,2,6,7,4,3,10,1,1,1,1,1,5,3,2,6,8,11,4,7,7,9,1,3,3,3,3,10,10,10,10,3,10,10,10,3,3,3,3,3,10,10,10,10,3,1,3,3,1,1,3,3,3,3,3,10,3,1,1,3,3,3,3,3,3,3,1,5,5,5,3,3,3,3,3,2,6,8,3,3,3,5,3,3,3,3,3,3,3,3,3,3,11,11,3,3,3,3,7,7,7,7,7,7,7,7,9,9,9,9,9,9,9,9","0.00164008140563965","walktrap","edit-xhwikibooks.graphml"
"0.24","0.12","0.64","0.392271164297373","1,3,1,1,4,1,4,1,1,2,4,4,1,1,1,5,2,6,8,4,3,9,1,1,1,1,1,5,3,2,6,7,11,4,8,8,10,1,3,3,3,3,9,9,9,9,3,9,9,9,3,3,3,3,3,9,9,9,9,3,1,3,3,1,1,3,3,3,3,3,9,3,1,1,3,3,3,3,3,3,3,1,5,5,5,3,3,3,3,3,2,6,7,3,3,3,5,3,3,3,3,3,3,3,3,3,3,11,11,3,3,3,3,8,8,8,8,8,8,8,8,10,10,10,10,10,10,10,10","0.0010838508605957","walktrap","edit-xhwikibooks.graphml"
"0.23","0.13","0.64","0.384789031540823","1,3,1,1,4,1,4,1,1,2,4,4,1,1,1,5,2,6,8,4,3,9,1,1,1,1,1,5,3,2,6,7,11,4,8,8,10,1,3,3,3,3,9,9,9,9,3,9,9,9,3,3,3,3,3,9,9,9,9,3,1,3,3,1,1,3,3,3,3,3,9,3,1,1,3,3,3,3,3,3,3,1,5,5,5,3,3,3,3,3,2,6,7,3,3,3,5,3,3,3,3,3,3,3,3,3,3,11,11,3,3,3,3,8,8,8,8,8,8,8,8,10,10,10,10,10,10,10,10","0.00106382369995117","walktrap","edit-xhwikibooks.graphml"
"0.22","0.14","0.64","0.384789031540823","1,3,1,1,4,1,4,1,1,2,4,4,1,1,1,5,2,6,8,4,3,9,1,1,1,1,1,5,3,2,6,7,11,4,8,8,10,1,3,3,3,3,9,9,9,9,3,9,9,9,3,3,3,3,3,9,9,9,9,3,1,3,3,1,1,3,3,3,3,3,9,3,1,1,3,3,3,3,3,3,3,1,5,5,5,3,3,3,3,3,2,6,7,3,3,3,5,3,3,3,3,3,3,3,3,3,3,11,11,3,3,3,3,8,8,8,8,8,8,8,8,10,10,10,10,10,10,10,10","0.000916957855224609","walktrap","edit-xhwikibooks.graphml"
"0.21","0.15","0.64","0.385706757256114","1,3,1,1,4,1,4,1,1,2,4,4,1,1,1,5,2,6,8,4,3,9,1,1,1,1,1,5,3,2,6,7,11,4,8,8,10,1,3,3,3,3,9,9,9,9,3,9,9,9,3,3,3,3,3,9,9,9,9,3,1,3,3,1,1,3,3,3,3,3,9,3,1,1,3,3,3,3,3,3,3,1,5,5,5,3,3,3,3,3,2,6,7,3,3,3,5,3,3,3,3,3,3,3,3,3,3,11,11,3,3,3,3,8,8,8,8,8,8,8,8,10,10,10,10,10,10,10,10","0.000911951065063477","walktrap","edit-xhwikibooks.graphml"
"0.2","0.16","0.64","0.386264360447998","1,3,1,1,4,1,4,1,1,2,4,4,1,1,1,5,2,6,8,4,3,9,1,1,1,1,1,5,3,2,6,7,11,4,8,8,10,1,3,3,3,3,9,9,9,9,3,9,9,9,3,3,3,3,3,9,9,9,9,3,1,3,3,1,1,3,3,3,3,3,9,3,1,1,3,3,3,3,3,3,3,1,5,5,5,3,3,3,3,3,2,6,7,3,3,3,5,3,3,3,3,3,3,3,3,3,3,11,11,3,3,3,3,8,8,8,8,8,8,8,8,10,10,10,10,10,10,10,10","0.000862836837768555","walktrap","edit-xhwikibooks.graphml"
"0.19","0.17","0.64","0.386643206153806","1,3,1,1,4,1,4,1,1,2,4,4,1,1,1,5,2,6,8,4,3,9,1,1,1,1,1,5,3,2,6,7,11,4,8,8,10,1,3,3,3,3,9,9,9,9,3,9,9,9,3,3,3,3,3,9,9,9,9,3,1,3,3,1,1,3,3,3,3,3,9,3,1,1,3,3,3,3,3,3,3,1,5,5,5,3,3,3,3,3,2,6,7,3,3,3,5,3,3,3,3,3,3,3,3,3,3,11,11,3,3,3,3,8,8,8,8,8,8,8,8,10,10,10,10,10,10,10,10","0.000877857208251953","walktrap","edit-xhwikibooks.graphml"
"0.18","0.18","0.64","0.386643206153806","1,3,1,1,4,1,4,1,1,2,4,4,1,1,1,5,2,6,8,4,3,9,1,1,1,1,1,5,3,2,6,7,11,4,8,8,10,1,3,3,3,3,9,9,9,9,3,9,9,9,3,3,3,3,3,9,9,9,9,3,1,3,3,1,1,3,3,3,3,3,9,3,1,1,3,3,3,3,3,3,3,1,5,5,5,3,3,3,3,3,2,6,7,3,3,3,5,3,3,3,3,3,3,3,3,3,3,11,11,3,3,3,3,8,8,8,8,8,8,8,8,10,10,10,10,10,10,10,10","0.000873088836669922","walktrap","edit-xhwikibooks.graphml"
"0.17","0.19","0.64","0.386484248560352","1,3,1,1,4,1,4,1,1,2,4,4,1,1,1,5,2,6,8,4,3,9,1,1,1,1,1,5,3,2,6,7,11,4,8,8,10,1,3,3,3,3,9,9,9,9,3,9,9,9,3,3,3,3,3,9,9,9,9,3,1,3,3,1,1,3,3,3,3,3,9,3,1,1,3,3,3,3,3,3,3,1,5,5,5,3,3,3,3,3,2,6,7,3,3,3,5,3,3,3,3,3,3,3,3,3,3,11,11,3,3,3,3,8,8,8,8,8,8,8,8,10,10,10,10,10,10,10,10","0.00085902214050293","walktrap","edit-xhwikibooks.graphml"
"0.16","0.2","0.64","0.387275273073669","4,3,4,1,4,1,4,1,1,2,4,4,1,1,1,5,2,6,8,4,3,9,1,1,1,1,1,5,3,2,6,7,11,4,8,8,10,1,3,3,3,3,9,9,9,9,3,9,9,9,3,3,3,3,3,9,9,9,9,3,1,3,3,1,1,3,3,3,3,3,9,3,1,1,3,3,3,3,3,3,3,1,5,5,5,3,3,3,3,3,2,6,7,3,3,3,5,3,3,3,3,3,3,3,3,3,3,11,11,3,3,3,3,8,8,8,8,8,8,8,8,10,10,10,10,10,10,10,10","0.000850915908813477","walktrap","edit-xhwikibooks.graphml"
"0.15","0.21","0.64","0.384638073057874","4,2,4,4,4,1,4,1,1,3,4,4,1,1,1,5,3,6,8,4,2,9,1,1,1,1,1,5,2,3,6,7,11,4,8,8,10,1,2,2,2,2,9,9,9,9,2,9,9,9,2,2,2,2,2,9,9,9,9,2,1,2,2,1,1,2,2,2,2,2,9,2,1,1,2,2,2,2,2,2,2,1,5,5,5,2,2,2,2,2,3,6,7,2,2,2,5,2,2,2,2,2,2,2,2,2,2,11,11,2,2,2,2,8,8,8,8,8,8,8,8,10,10,10,10,10,10,10,10","0.000877857208251953","walktrap","edit-xhwikibooks.graphml"
"0.14","0.22","0.64","0.38523292639616","3,2,3,3,3,1,3,1,1,4,3,3,1,1,1,5,4,6,8,3,2,9,1,1,1,1,1,5,2,4,6,7,11,3,8,8,10,1,2,2,2,2,9,9,9,9,2,9,9,9,2,2,2,2,2,9,9,9,9,2,1,2,2,1,1,2,2,2,2,2,9,2,1,1,2,2,2,2,2,2,2,1,5,5,5,2,2,2,2,2,4,6,7,2,2,2,5,2,2,2,2,2,2,2,2,2,2,11,11,2,2,2,2,8,8,8,8,8,8,8,8,10,10,10,10,10,10,10,10","0.000850915908813477","walktrap","edit-xhwikibooks.graphml"
"0.13","0.23","0.64","0.386197210386101","3,2,3,3,3,1,3,1,1,4,3,3,1,1,1,5,4,6,8,3,2,9,1,1,1,1,1,5,2,4,6,7,10,3,8,8,11,1,2,2,2,2,9,9,9,9,2,9,9,9,2,2,2,2,2,9,9,9,9,2,1,2,2,1,1,2,2,2,2,2,9,2,1,1,2,2,2,2,2,2,2,1,5,5,5,2,2,2,2,2,4,6,7,2,2,2,5,2,2,2,2,2,2,2,2,2,2,10,10,2,2,2,2,8,8,8,8,8,8,8,8,11,11,11,11,11,11,11,11","0.000857114791870117","walktrap","edit-xhwikibooks.graphml"
"0.12","0.24","0.64","0.386752027511344","3,2,3,3,3,1,3,1,1,4,3,3,1,1,1,5,4,6,8,3,2,9,1,1,1,1,1,5,2,4,6,7,10,3,8,8,11,1,2,2,2,2,9,9,9,9,2,9,9,9,2,2,2,2,2,9,9,9,9,2,1,2,2,1,1,2,2,2,2,2,9,2,1,1,2,2,2,2,2,2,2,1,5,5,5,2,2,2,2,2,4,6,7,2,2,2,5,2,2,2,2,2,2,2,2,2,2,10,10,2,2,2,2,8,8,8,8,8,8,8,8,11,11,11,11,11,11,11,11","0.000867843627929688","walktrap","edit-xhwikibooks.graphml"
"0.11","0.25","0.64","0.388584797742621","3,2,3,3,3,1,3,1,1,4,3,3,1,1,1,5,4,6,8,3,2,9,1,1,1,1,1,5,2,4,6,7,10,3,8,8,11,1,2,2,2,2,9,9,9,9,2,9,9,9,2,2,2,2,2,9,9,9,9,2,1,2,2,1,1,2,2,2,2,2,9,2,1,1,2,2,2,2,2,2,2,1,5,5,5,2,2,2,2,2,4,6,7,2,2,2,5,2,2,2,2,2,2,2,2,2,2,10,10,2,2,2,2,8,8,8,8,8,8,8,8,11,11,11,11,11,11,11,11","0.000864028930664062","walktrap","edit-xhwikibooks.graphml"
"0.1","0.26","0.64","0.388584797742621","3,2,3,3,3,1,3,1,1,4,3,3,1,1,1,5,4,6,8,3,2,9,1,1,1,1,1,5,2,4,6,7,10,3,8,8,11,1,2,2,2,2,9,9,9,9,2,9,9,9,2,2,2,2,2,9,9,9,9,2,1,2,2,1,1,2,2,2,2,2,9,2,1,1,2,2,2,2,2,2,2,1,5,5,5,2,2,2,2,2,4,6,7,2,2,2,5,2,2,2,2,2,2,2,2,2,2,10,10,2,2,2,2,8,8,8,8,8,8,8,8,11,11,11,11,11,11,11,11","0.000880956649780273","walktrap","edit-xhwikibooks.graphml"
"0.09","0.27","0.64","0.388584797742621","3,2,3,3,3,1,3,1,1,4,3,3,1,1,1,5,4,6,8,3,2,9,1,1,1,1,1,5,2,4,6,7,10,3,8,8,11,1,2,2,2,2,9,9,9,9,2,9,9,9,2,2,2,2,2,9,9,9,9,2,1,2,2,1,1,2,2,2,2,2,9,2,1,1,2,2,2,2,2,2,2,1,5,5,5,2,2,2,2,2,4,6,7,2,2,2,5,2,2,2,2,2,2,2,2,2,2,10,10,2,2,2,2,8,8,8,8,8,8,8,8,11,11,11,11,11,11,11,11","0.000890970230102539","walktrap","edit-xhwikibooks.graphml"
"0.08","0.28","0.64","0.388265696848654","3,2,3,3,3,1,3,1,1,4,3,3,1,1,1,5,4,6,8,3,2,9,1,1,1,1,1,5,2,4,6,7,10,3,8,8,11,1,2,2,2,2,9,9,9,9,2,9,9,9,2,2,2,2,2,9,9,9,9,2,1,2,2,1,1,2,2,2,2,2,9,2,1,1,2,2,2,2,2,2,2,1,5,5,5,2,2,2,2,2,4,6,7,2,2,2,5,2,2,2,2,2,2,2,2,2,2,10,10,2,2,2,2,8,8,8,8,8,8,8,8,11,11,11,11,11,11,11,11","0.00088810920715332","walktrap","edit-xhwikibooks.graphml"
"0.07","0.29","0.64","0.386873450592291","1,2,1,1,6,1,6,1,1,1,6,3,1,1,1,4,5,6,9,3,2,10,1,1,1,1,1,4,2,5,8,7,3,3,9,9,11,1,2,2,2,2,10,10,10,10,2,10,10,10,2,2,2,2,2,10,10,10,10,2,1,2,2,1,1,2,2,2,2,2,10,2,1,1,2,2,2,2,2,2,2,1,4,4,4,2,2,2,2,2,5,8,7,2,2,2,4,2,2,2,2,2,2,2,2,2,2,3,3,2,2,2,2,9,9,9,9,9,9,9,9,11,11,11,11,11,11,11,11","0.000840902328491211","walktrap","edit-xhwikibooks.graphml"
"0.06","0.3","0.64","0.386713996261307","1,2,1,1,6,1,6,1,1,1,6,3,1,1,1,4,5,6,9,3,2,10,1,1,1,1,1,4,2,5,8,7,3,3,9,9,11,1,2,2,2,2,10,10,10,10,2,10,10,10,2,2,2,2,2,10,10,10,10,2,1,2,2,1,1,2,2,2,2,2,10,2,1,1,2,2,2,2,2,2,2,1,4,4,4,2,2,2,2,2,5,8,7,2,2,2,4,2,2,2,2,2,2,2,2,2,2,3,3,2,2,2,2,9,9,9,9,9,9,9,9,11,11,11,11,11,11,11,11","0.000843048095703125","walktrap","edit-xhwikibooks.graphml"
"0.05","0.31","0.64","0.387270620852154","1,2,1,1,6,1,6,1,1,1,6,3,1,1,1,4,5,6,9,3,2,10,1,1,1,1,1,4,2,5,8,7,3,3,9,9,11,1,2,2,2,2,10,10,10,10,2,10,10,10,2,2,2,2,2,10,10,10,10,2,1,2,2,1,1,2,2,2,2,2,10,2,1,1,2,2,2,2,2,2,2,1,4,4,4,2,2,2,2,2,5,8,7,2,2,2,4,2,2,2,2,2,2,2,2,2,2,3,3,2,2,2,2,9,9,9,9,9,9,9,9,11,11,11,11,11,11,11,11","0.000826120376586914","walktrap","edit-xhwikibooks.graphml"
"0.04","0.32","0.64","0.387111204549889","1,2,1,1,6,1,6,1,1,1,6,3,1,1,1,4,5,6,9,3,2,10,1,1,1,1,1,4,2,5,8,7,3,3,9,9,11,1,2,2,2,2,10,10,10,10,2,10,10,10,2,2,2,2,2,10,10,10,10,2,1,2,2,1,1,2,2,2,2,2,10,2,1,1,2,2,2,2,2,2,2,1,4,4,4,2,2,2,2,2,5,8,7,2,2,2,4,2,2,2,2,2,2,2,2,2,2,3,3,2,2,2,2,9,9,9,9,9,9,9,9,11,11,11,11,11,11,11,11","0.000884056091308594","walktrap","edit-xhwikibooks.graphml"
"0.03","0.33","0.64","0.387111204549889","1,2,1,1,6,1,6,1,1,1,6,3,1,1,1,4,5,6,9,3,2,10,1,1,1,1,1,4,2,5,8,7,3,3,9,9,11,1,2,2,2,2,10,10,10,10,2,10,10,10,2,2,2,2,2,10,10,10,10,2,1,2,2,1,1,2,2,2,2,2,10,2,1,1,2,2,2,2,2,2,2,1,4,4,4,2,2,2,2,2,5,8,7,2,2,2,4,2,2,2,2,2,2,2,2,2,2,3,3,2,2,2,2,9,9,9,9,9,9,9,9,11,11,11,11,11,11,11,11","0.000837087631225586","walktrap","edit-xhwikibooks.graphml"
"0.02","0.34","0.64","0.394746461929408","1,2,1,1,6,1,6,1,1,1,6,3,1,1,1,4,5,6,9,3,2,10,1,1,1,1,1,4,2,5,8,7,3,3,9,9,11,1,2,2,2,2,10,10,10,10,2,10,10,10,2,2,2,2,2,10,10,10,10,2,1,2,2,1,1,2,2,2,2,2,10,2,1,1,2,2,2,2,2,2,2,1,4,4,4,2,2,2,2,2,5,8,7,2,2,2,4,2,2,2,2,2,2,2,2,2,2,3,3,2,2,2,2,9,9,9,9,9,9,9,9,11,11,11,11,11,11,11,11","0.00085902214050293","walktrap","edit-xhwikibooks.graphml"
"0.01","0.35","0.64","0.394746461929408","1,2,1,1,6,1,6,1,1,1,6,3,1,1,1,4,5,6,9,3,2,10,1,1,1,1,1,4,2,5,8,7,3,3,9,9,11,1,2,2,2,2,10,10,10,10,2,10,10,10,2,2,2,2,2,10,10,10,10,2,1,2,2,1,1,2,2,2,2,2,10,2,1,1,2,2,2,2,2,2,2,1,4,4,4,2,2,2,2,2,5,8,7,2,2,2,4,2,2,2,2,2,2,2,2,2,2,3,3,2,2,2,2,9,9,9,9,9,9,9,9,11,11,11,11,11,11,11,11","0.000860929489135742","walktrap","edit-xhwikibooks.graphml"
"0","0.36","0.64","0.396736819064301","2,10,2,2,2,2,1,2,2,2,1,3,2,2,2,4,5,1,1,3,10,8,2,2,2,2,2,4,2,5,7,6,3,3,1,1,9,2,10,10,10,10,8,8,8,8,10,8,8,8,10,10,10,10,10,8,8,8,8,10,2,10,10,2,2,10,10,10,10,10,8,10,2,2,10,10,10,10,10,10,10,2,4,4,4,2,10,10,10,10,5,7,6,10,10,10,4,10,10,10,10,10,10,10,10,10,10,3,3,10,10,10,10,1,1,1,1,1,1,1,1,9,9,9,9,9,9,9,9","0.000880002975463867","walktrap","edit-xhwikibooks.graphml"
"0.35","0","0.65","0.387202092129465","1,3,1,1,4,1,4,1,1,2,4,4,1,1,1,5,2,6,7,4,3,10,1,1,1,1,1,5,3,2,6,8,11,4,7,7,9,1,3,3,3,3,10,10,10,10,3,10,10,10,3,3,3,3,3,10,10,10,10,3,1,3,3,1,1,3,3,3,3,3,10,3,1,1,3,3,3,3,3,3,3,1,5,5,5,3,3,3,3,3,2,6,8,3,3,3,5,3,3,3,3,3,3,3,3,3,3,11,11,3,3,3,3,7,7,7,7,7,7,7,7,9,9,9,9,9,9,9,9","0.000880002975463867","walktrap","edit-xhwikibooks.graphml"
"0.34","0.01","0.65","0.387202092129465","1,3,1,1,4,1,4,1,1,2,4,4,1,1,1,5,2,6,7,4,3,10,1,1,1,1,1,5,3,2,6,8,11,4,7,7,9,1,3,3,3,3,10,10,10,10,3,10,10,10,3,3,3,3,3,10,10,10,10,3,1,3,3,1,1,3,3,3,3,3,10,3,1,1,3,3,3,3,3,3,3,1,5,5,5,3,3,3,3,3,2,6,8,3,3,3,5,3,3,3,3,3,3,3,3,3,3,11,11,3,3,3,3,7,7,7,7,7,7,7,7,9,9,9,9,9,9,9,9","0.00087285041809082","walktrap","edit-xhwikibooks.graphml"
"0.33","0.02","0.65","0.387202092129465","1,3,1,1,4,1,4,1,1,2,4,4,1,1,1,5,2,6,7,4,3,10,1,1,1,1,1,5,3,2,6,8,11,4,7,7,9,1,3,3,3,3,10,10,10,10,3,10,10,10,3,3,3,3,3,10,10,10,10,3,1,3,3,1,1,3,3,3,3,3,10,3,1,1,3,3,3,3,3,3,3,1,5,5,5,3,3,3,3,3,2,6,8,3,3,3,5,3,3,3,3,3,3,3,3,3,3,11,11,3,3,3,3,7,7,7,7,7,7,7,7,9,9,9,9,9,9,9,9","0.000931978225708008","walktrap","edit-xhwikibooks.graphml"
"0.32","0.03","0.65","0.387046931794733","1,3,1,1,4,1,4,1,1,2,4,4,1,1,1,5,2,6,7,4,3,10,1,1,1,1,1,5,3,2,6,8,11,4,7,7,9,1,3,3,3,3,10,10,10,10,3,10,10,10,3,3,3,3,3,10,10,10,10,3,1,3,3,1,1,3,3,3,3,3,10,3,1,1,3,3,3,3,3,3,3,1,5,5,5,3,3,3,3,3,2,6,8,3,3,3,5,3,3,3,3,3,3,3,3,3,3,11,11,3,3,3,3,7,7,7,7,7,7,7,7,9,9,9,9,9,9,9,9","0.000843048095703125","walktrap","edit-xhwikibooks.graphml"
"0.31","0.04","0.65","0.387046931794733","1,3,1,1,4,1,4,1,1,2,4,4,1,1,1,5,2,6,7,4,3,10,1,1,1,1,1,5,3,2,6,8,11,4,7,7,9,1,3,3,3,3,10,10,10,10,3,10,10,10,3,3,3,3,3,10,10,10,10,3,1,3,3,1,1,3,3,3,3,3,10,3,1,1,3,3,3,3,3,3,3,1,5,5,5,3,3,3,3,3,2,6,8,3,3,3,5,3,3,3,3,3,3,3,3,3,3,11,11,3,3,3,3,7,7,7,7,7,7,7,7,9,9,9,9,9,9,9,9","0.000840187072753906","walktrap","edit-xhwikibooks.graphml"
"0.3","0.05","0.65","0.38689188844327","1,3,1,1,4,1,4,1,1,2,4,4,1,1,1,5,2,6,7,4,3,10,1,1,1,1,1,5,3,2,6,8,11,4,7,7,9,1,3,3,3,3,10,10,10,10,3,10,10,10,3,3,3,3,3,10,10,10,10,3,1,3,3,1,1,3,3,3,3,3,10,3,1,1,3,3,3,3,3,3,3,1,5,5,5,3,3,3,3,3,2,6,8,3,3,3,5,3,3,3,3,3,3,3,3,3,3,11,11,3,3,3,3,7,7,7,7,7,7,7,7,9,9,9,9,9,9,9,9","0.000840902328491211","walktrap","edit-xhwikibooks.graphml"
"0.29","0.06","0.65","0.38689188844327","1,3,1,1,4,1,4,1,1,2,4,4,1,1,1,5,2,6,7,4,3,10,1,1,1,1,1,5,3,2,6,8,11,4,7,7,9,1,3,3,3,3,10,10,10,10,3,10,10,10,3,3,3,3,3,10,10,10,10,3,1,3,3,1,1,3,3,3,3,3,10,3,1,1,3,3,3,3,3,3,3,1,5,5,5,3,3,3,3,3,2,6,8,3,3,3,5,3,3,3,3,3,3,3,3,3,3,11,11,3,3,3,3,7,7,7,7,7,7,7,7,9,9,9,9,9,9,9,9","0.000899076461791992","walktrap","edit-xhwikibooks.graphml"
"0.28","0.07","0.65","0.386582152215525","1,3,1,1,4,1,4,1,1,2,4,4,1,1,1,5,2,6,7,4,3,10,1,1,1,1,1,5,3,2,6,8,11,4,7,7,9,1,3,3,3,3,10,10,10,10,3,10,10,10,3,3,3,3,3,10,10,10,10,3,1,3,3,1,1,3,3,3,3,3,10,3,1,1,3,3,3,3,3,3,3,1,5,5,5,3,3,3,3,3,2,6,8,3,3,3,5,3,3,3,3,3,3,3,3,3,3,11,11,3,3,3,3,7,7,7,7,7,7,7,7,9,9,9,9,9,9,9,9","0.000777006149291992","walktrap","edit-xhwikibooks.graphml"
"0.27","0.08","0.65","0.387124815718018","1,3,1,1,4,1,4,1,1,2,4,4,1,1,1,5,2,6,7,4,3,10,1,1,1,1,1,5,3,2,6,8,11,4,7,7,9,1,3,3,3,3,10,10,10,10,3,10,10,10,3,3,3,3,3,10,10,10,10,3,1,3,3,1,1,3,3,3,3,3,10,3,1,1,3,3,3,3,3,3,3,1,5,5,5,3,3,3,3,3,2,6,8,3,3,3,5,3,3,3,3,3,3,3,3,3,3,11,11,3,3,3,3,7,7,7,7,7,7,7,7,9,9,9,9,9,9,9,9","0.000770092010498047","walktrap","edit-xhwikibooks.graphml"
"0.26","0.09","0.65","0.386970039995864","1,3,1,1,4,1,4,1,1,2,4,4,1,1,1,5,2,6,7,4,3,10,1,1,1,1,1,5,3,2,6,8,11,4,7,7,9,1,3,3,3,3,10,10,10,10,3,10,10,10,3,3,3,3,3,10,10,10,10,3,1,3,3,1,1,3,3,3,3,3,10,3,1,1,3,3,3,3,3,3,3,1,5,5,5,3,3,3,3,3,2,6,8,3,3,3,5,3,3,3,3,3,3,3,3,3,3,11,11,3,3,3,3,7,7,7,7,7,7,7,7,9,9,9,9,9,9,9,9","0.000792026519775391","walktrap","edit-xhwikibooks.graphml"
"0.25","0.1","0.65","0.386970039995864","1,3,1,1,4,1,4,1,1,2,4,4,1,1,1,5,2,6,7,4,3,10,1,1,1,1,1,5,3,2,6,8,11,4,7,7,9,1,3,3,3,3,10,10,10,10,3,10,10,10,3,3,3,3,3,10,10,10,10,3,1,3,3,1,1,3,3,3,3,3,10,3,1,1,3,3,3,3,3,3,3,1,5,5,5,3,3,3,3,3,2,6,8,3,3,3,5,3,3,3,3,3,3,3,3,3,3,11,11,3,3,3,3,7,7,7,7,7,7,7,7,9,9,9,9,9,9,9,9","0.000796079635620117","walktrap","edit-xhwikibooks.graphml"
"0.24","0.11","0.65","0.383616981819238","1,3,1,1,4,1,4,1,1,2,4,4,1,1,1,5,2,6,7,4,3,10,1,1,1,1,1,5,3,2,6,8,11,4,7,7,9,1,3,3,3,3,10,10,10,10,3,10,10,10,3,3,3,3,3,10,10,10,10,3,1,3,3,1,1,3,3,3,3,3,10,3,1,1,3,3,3,3,3,3,3,1,5,5,5,3,3,3,3,3,2,6,8,3,3,3,5,3,3,3,3,3,3,3,3,3,3,11,11,3,3,3,3,7,7,7,7,7,7,7,7,9,9,9,9,9,9,9,9","0.000813007354736328","walktrap","edit-xhwikibooks.graphml"
"0.23","0.12","0.65","0.385237494121433","1,3,1,1,4,1,4,1,1,2,4,4,1,1,1,5,2,6,8,4,3,9,1,1,1,1,1,5,3,2,6,7,11,4,8,8,10,1,3,3,3,3,9,9,9,9,3,9,9,9,3,3,3,3,3,9,9,9,9,3,1,3,3,1,1,3,3,3,3,3,9,3,1,1,3,3,3,3,3,3,3,1,5,5,5,3,3,3,3,3,2,6,7,3,3,3,5,3,3,3,3,3,3,3,3,3,3,11,11,3,3,3,3,8,8,8,8,8,8,8,8,10,10,10,10,10,10,10,10","0.000808000564575195","walktrap","edit-xhwikibooks.graphml"
"0.22","0.13","0.65","0.385082938913054","1,3,1,1,4,1,4,1,1,2,4,4,1,1,1,5,2,6,8,4,3,9,1,1,1,1,1,5,3,2,6,7,11,4,8,8,10,1,3,3,3,3,9,9,9,9,3,9,9,9,3,3,3,3,3,9,9,9,9,3,1,3,3,1,1,3,3,3,3,3,9,3,1,1,3,3,3,3,3,3,3,1,5,5,5,3,3,3,3,3,2,6,7,3,3,3,5,3,3,3,3,3,3,3,3,3,3,11,11,3,3,3,3,8,8,8,8,8,8,8,8,10,10,10,10,10,10,10,10","0.000835895538330078","walktrap","edit-xhwikibooks.graphml"
"0.21","0.14","0.65","0.385082938913054","1,3,1,1,4,1,4,1,1,2,4,4,1,1,1,5,2,6,8,4,3,9,1,1,1,1,1,5,3,2,6,7,11,4,8,8,10,1,3,3,3,3,9,9,9,9,3,9,9,9,3,3,3,3,3,9,9,9,9,3,1,3,3,1,1,3,3,3,3,3,9,3,1,1,3,3,3,3,3,3,3,1,5,5,5,3,3,3,3,3,2,6,7,3,3,3,5,3,3,3,3,3,3,3,3,3,3,11,11,3,3,3,3,8,8,8,8,8,8,8,8,10,10,10,10,10,10,10,10","0.000787973403930664","walktrap","edit-xhwikibooks.graphml"
"0.2","0.15","0.65","0.385973951949068","1,3,1,1,4,1,4,1,1,2,4,4,1,1,1,5,2,6,8,4,3,9,1,1,1,1,1,5,3,2,6,7,11,4,8,8,10,1,3,3,3,3,9,9,9,9,3,9,9,9,3,3,3,3,3,9,9,9,9,3,1,3,3,1,1,3,3,3,3,3,9,3,1,1,3,3,3,3,3,3,3,1,5,5,5,3,3,3,3,3,2,6,7,3,3,3,5,3,3,3,3,3,3,3,3,3,3,11,11,3,3,3,3,8,8,8,8,8,8,8,8,10,10,10,10,10,10,10,10","0.000780105590820312","walktrap","edit-xhwikibooks.graphml"
"0.19","0.16","0.65","0.386151712823429","1,3,1,1,4,1,4,1,1,2,4,4,1,1,1,5,2,6,8,4,3,10,1,1,1,1,1,5,3,2,6,7,11,4,8,8,9,1,3,3,3,3,10,10,10,10,3,10,10,10,3,3,3,3,3,10,10,10,10,3,1,3,3,1,1,3,3,3,3,3,10,3,1,1,3,3,3,3,3,3,3,1,5,5,5,3,3,3,3,3,2,6,7,3,3,3,5,3,3,3,3,3,3,3,3,3,3,11,11,3,3,3,3,8,8,8,8,8,8,8,8,9,9,9,9,9,9,9,9","0.000770092010498047","walktrap","edit-xhwikibooks.graphml"
"0.18","0.17","0.65","0.386520697744583","1,3,1,1,4,1,4,1,1,2,4,4,1,1,1,5,2,6,8,4,3,10,1,1,1,1,1,5,3,2,6,7,11,4,8,8,9,1,3,3,3,3,10,10,10,10,3,10,10,10,3,3,3,3,3,10,10,10,10,3,1,3,3,1,1,3,3,3,3,3,10,3,1,1,3,3,3,3,3,3,3,1,5,5,5,3,3,3,3,3,2,6,7,3,3,3,5,3,3,3,3,3,3,3,3,3,3,11,11,3,3,3,3,8,8,8,8,8,8,8,8,9,9,9,9,9,9,9,9","0.00078892707824707","walktrap","edit-xhwikibooks.graphml"
"0.17","0.18","0.65","0.386520697744583","1,3,1,1,4,1,4,1,1,2,4,4,1,1,1,5,2,6,8,4,3,10,1,1,1,1,1,5,3,2,6,7,11,4,8,8,9,1,3,3,3,3,10,10,10,10,3,10,10,10,3,3,3,3,3,10,10,10,10,3,1,3,3,1,1,3,3,3,3,3,10,3,1,1,3,3,3,3,3,3,3,1,5,5,5,3,3,3,3,3,2,6,7,3,3,3,5,3,3,3,3,3,3,3,3,3,3,11,11,3,3,3,3,8,8,8,8,8,8,8,8,9,9,9,9,9,9,9,9","0.000838041305541992","walktrap","edit-xhwikibooks.graphml"
"0.16","0.19","0.65","0.386366163942429","1,3,1,1,4,1,4,1,1,2,4,4,1,1,1,5,2,6,8,4,3,10,1,1,1,1,1,5,3,2,6,7,11,4,8,8,9,1,3,3,3,3,10,10,10,10,3,10,10,10,3,3,3,3,3,10,10,10,10,3,1,3,3,1,1,3,3,3,3,3,10,3,1,1,3,3,3,3,3,3,3,1,5,5,5,3,3,3,3,3,2,6,7,3,3,3,5,3,3,3,3,3,3,3,3,3,3,11,11,3,3,3,3,8,8,8,8,8,8,8,8,9,9,9,9,9,9,9,9","0.00078892707824707","walktrap","edit-xhwikibooks.graphml"
"0.15","0.2","0.65","0.387708301595467","4,3,4,1,4,1,4,1,1,2,4,4,1,1,1,5,2,6,8,4,3,10,1,1,1,1,1,5,3,2,6,7,11,4,8,8,9,1,3,3,3,3,10,10,10,10,3,10,10,10,3,3,3,3,3,10,10,10,10,3,1,3,3,1,1,3,3,3,3,3,10,3,1,1,3,3,3,3,3,3,3,1,5,5,5,3,3,3,3,3,2,6,7,3,3,3,5,3,3,3,3,3,3,3,3,3,3,11,11,3,3,3,3,8,8,8,8,8,8,8,8,9,9,9,9,9,9,9,9","0.000779867172241211","walktrap","edit-xhwikibooks.graphml"
"0.14","0.21","0.65","0.380510512331401","4,3,4,1,4,1,4,1,1,2,4,4,1,1,1,5,2,6,8,4,3,9,1,1,1,1,1,5,3,2,6,7,11,4,8,8,10,1,3,3,3,3,9,9,9,9,3,9,9,9,3,3,3,3,3,9,9,9,9,3,1,3,3,1,1,3,3,3,3,3,9,3,1,1,3,3,3,3,3,3,3,1,5,5,5,3,3,3,3,3,2,6,7,3,3,3,5,3,3,3,3,3,3,3,3,3,3,11,11,3,3,3,3,8,8,8,8,8,8,8,8,10,10,10,10,10,10,10,10","0.000786066055297852","walktrap","edit-xhwikibooks.graphml"
"0.13","0.22","0.65","0.380510512331401","4,3,4,1,4,1,4,1,1,2,4,4,1,1,1,5,2,6,8,4,3,9,1,1,1,1,1,5,3,2,6,7,11,4,8,8,10,1,3,3,3,3,9,9,9,9,3,9,9,9,3,3,3,3,3,9,9,9,9,3,1,3,3,1,1,3,3,3,3,3,9,3,1,1,3,3,3,3,3,3,3,1,5,5,5,3,3,3,3,3,2,6,7,3,3,3,5,3,3,3,3,3,3,3,3,3,3,11,11,3,3,3,3,8,8,8,8,8,8,8,8,10,10,10,10,10,10,10,10","0.000802993774414062","walktrap","edit-xhwikibooks.graphml"
"0.12","0.23","0.65","0.381463850700717","4,3,4,1,4,1,4,1,1,2,4,4,1,1,1,5,2,6,8,4,3,9,1,1,1,1,1,5,3,2,6,7,10,4,8,8,11,1,3,3,3,3,9,9,9,9,3,9,9,9,3,3,3,3,3,9,9,9,9,3,1,3,3,1,1,3,3,3,3,3,9,3,1,1,3,3,3,3,3,3,3,1,5,5,5,3,3,3,3,3,2,6,7,3,3,3,5,3,3,3,3,3,3,3,3,3,3,10,10,3,3,3,3,8,8,8,8,8,8,8,8,11,11,11,11,11,11,11,11","0.000792980194091797","walktrap","edit-xhwikibooks.graphml"
"0.11","0.24","0.65","0.382010841315809","4,3,4,1,4,1,4,1,1,2,4,4,1,1,1,5,2,6,8,4,3,9,1,1,1,1,1,5,3,2,6,7,10,4,8,8,11,1,3,3,3,3,9,9,9,9,3,9,9,9,3,3,3,3,3,9,9,9,9,3,1,3,3,1,1,3,3,3,3,3,9,3,1,1,3,3,3,3,3,3,3,1,5,5,5,3,3,3,3,3,2,6,7,3,3,3,5,3,3,3,3,3,3,3,3,3,3,10,10,3,3,3,3,8,8,8,8,8,8,8,8,11,11,11,11,11,11,11,11","0.000894069671630859","walktrap","edit-xhwikibooks.graphml"
"0.1","0.25","0.65","0.383504150193926","4,3,4,1,4,1,4,1,1,2,4,4,1,1,1,5,2,6,8,4,3,9,1,1,1,1,1,5,3,2,6,7,10,4,8,8,11,1,3,3,3,3,9,9,9,9,3,9,9,9,3,3,3,3,3,9,9,9,9,3,1,3,3,1,1,3,3,3,3,3,9,3,1,1,3,3,3,3,3,3,3,1,5,5,5,3,3,3,3,3,2,6,7,3,3,3,5,3,3,3,3,3,3,3,3,3,3,10,10,3,3,3,3,8,8,8,8,8,8,8,8,11,11,11,11,11,11,11,11","0.000782012939453125","walktrap","edit-xhwikibooks.graphml"
"0.09","0.26","0.65","0.381067364010095","3,2,3,3,3,1,3,1,1,4,3,3,1,1,1,5,4,6,8,3,2,9,1,1,1,1,1,5,2,4,6,7,10,3,8,8,11,1,2,2,2,2,9,9,9,9,2,9,9,9,2,2,2,2,2,9,9,9,9,2,1,2,2,1,1,2,2,2,2,2,9,2,1,1,2,2,2,2,2,2,2,1,5,5,5,2,2,2,2,2,4,6,7,2,2,2,5,2,2,2,2,2,2,2,2,2,2,10,10,2,2,2,2,8,8,8,8,8,8,8,8,11,11,11,11,11,11,11,11","0.000777006149291992","walktrap","edit-xhwikibooks.graphml"
"0.08","0.27","0.65","0.380913564420536","3,2,3,3,3,1,3,1,1,4,3,3,1,1,1,5,4,6,8,3,2,9,1,1,1,1,1,5,2,4,6,7,10,3,8,8,11,1,2,2,2,2,9,9,9,9,2,9,9,9,2,2,2,2,2,9,9,9,9,2,1,2,2,1,1,2,2,2,2,2,9,2,1,1,2,2,2,2,2,2,2,1,5,5,5,2,2,2,2,2,4,6,7,2,2,2,5,2,2,2,2,2,2,2,2,2,2,10,10,2,2,2,2,8,8,8,8,8,8,8,8,11,11,11,11,11,11,11,11","0.000777006149291992","walktrap","edit-xhwikibooks.graphml"
"0.07","0.28","0.65","0.380759882181134","3,2,3,3,3,1,3,1,1,4,3,3,1,1,1,5,4,6,8,3,2,9,1,1,1,1,1,5,2,4,6,7,10,3,8,8,11,1,2,2,2,2,9,9,9,9,2,9,9,9,2,2,2,2,2,9,9,9,9,2,1,2,2,1,1,2,2,2,2,2,9,2,1,1,2,2,2,2,2,2,2,1,5,5,5,2,2,2,2,2,4,6,7,2,2,2,5,2,2,2,2,2,2,2,2,2,2,10,10,2,2,2,2,8,8,8,8,8,8,8,8,11,11,11,11,11,11,11,11","0.000771045684814453","walktrap","edit-xhwikibooks.graphml"
"0.06","0.29","0.65","0.381821644684576","3,2,3,3,3,1,3,1,1,4,3,3,1,1,1,5,4,6,8,3,2,9,1,1,1,1,1,5,2,4,6,7,10,3,8,8,11,1,2,2,2,2,9,9,9,9,2,9,9,9,2,2,2,2,2,9,9,9,9,2,1,2,2,1,1,2,2,2,2,2,9,2,1,1,2,2,2,2,2,2,2,1,5,5,5,2,2,2,2,2,4,6,7,2,2,2,5,2,2,2,2,2,2,2,2,2,2,10,10,2,2,2,2,8,8,8,8,8,8,8,8,11,11,11,11,11,11,11,11","0.000771999359130859","walktrap","edit-xhwikibooks.graphml"
"0.05","0.3","0.65","0.381667941292676","3,2,3,3,3,1,3,1,1,4,3,3,1,1,1,5,4,6,8,3,2,9,1,1,1,1,1,5,2,4,6,7,10,3,8,8,11,1,2,2,2,2,9,9,9,9,2,9,9,9,2,2,2,2,2,9,9,9,9,2,1,2,2,1,1,2,2,2,2,2,9,2,1,1,2,2,2,2,2,2,2,1,5,5,5,2,2,2,2,2,4,6,7,2,2,2,5,2,2,2,2,2,2,2,2,2,2,10,10,2,2,2,2,8,8,8,8,8,8,8,8,11,11,11,11,11,11,11,11","0.000813007354736328","walktrap","edit-xhwikibooks.graphml"
"0.04","0.31","0.65","0.379763302735846","1,2,1,1,6,1,6,1,1,1,6,3,1,1,1,4,5,6,9,3,2,10,1,1,1,1,1,4,2,5,8,7,3,3,9,9,11,1,2,2,2,2,10,10,10,10,2,10,10,10,2,2,2,2,2,10,10,10,10,2,1,2,2,1,1,2,2,2,2,2,10,2,1,1,2,2,2,2,2,2,2,1,4,4,4,2,2,2,2,2,5,8,7,2,2,2,4,2,2,2,2,2,2,2,2,2,2,3,3,2,2,2,2,9,9,9,9,9,9,9,9,11,11,11,11,11,11,11,11","0.000761032104492188","walktrap","edit-xhwikibooks.graphml"
"0.03","0.32","0.65","0.379609703919752","1,2,1,1,6,1,6,1,1,1,6,3,1,1,1,4,5,6,9,3,2,10,1,1,1,1,1,4,2,5,8,7,3,3,9,9,11,1,2,2,2,2,10,10,10,10,2,10,10,10,2,2,2,2,2,10,10,10,10,2,1,2,2,1,1,2,2,2,2,2,10,2,1,1,2,2,2,2,2,2,2,1,4,4,4,2,2,2,2,2,5,8,7,2,2,2,4,2,2,2,2,2,2,2,2,2,2,3,3,2,2,2,2,9,9,9,9,9,9,9,9,11,11,11,11,11,11,11,11","0.000765085220336914","walktrap","edit-xhwikibooks.graphml"
"0.02","0.33","0.65","0.379609703919752","1,2,1,1,6,1,6,1,1,1,6,3,1,1,1,4,5,6,9,3,2,10,1,1,1,1,1,4,2,5,8,7,3,3,9,9,11,1,2,2,2,2,10,10,10,10,2,10,10,10,2,2,2,2,2,10,10,10,10,2,1,2,2,1,1,2,2,2,2,2,10,2,1,1,2,2,2,2,2,2,2,1,4,4,4,2,2,2,2,2,5,8,7,2,2,2,4,2,2,2,2,2,2,2,2,2,2,3,3,2,2,2,2,9,9,9,9,9,9,9,9,11,11,11,11,11,11,11,11","0.000756978988647461","walktrap","edit-xhwikibooks.graphml"
"0.01","0.34","0.65","0.387190103911381","1,2,1,1,6,1,6,1,1,1,6,3,1,1,1,4,5,6,9,3,2,10,1,1,1,1,1,4,2,5,8,7,3,3,9,9,11,1,2,2,2,2,10,10,10,10,2,10,10,10,2,2,2,2,2,10,10,10,10,2,1,2,2,1,1,2,2,2,2,2,10,2,1,1,2,2,2,2,2,2,2,1,4,4,4,2,2,2,2,2,5,8,7,2,2,2,4,2,2,2,2,2,2,2,2,2,2,3,3,2,2,2,2,9,9,9,9,9,9,9,9,11,11,11,11,11,11,11,11","0.000787019729614258","walktrap","edit-xhwikibooks.graphml"
"0","0.35","0.65","0.389388056501171","2,10,2,2,2,2,1,2,2,2,1,3,2,2,2,4,5,1,1,3,10,8,2,2,2,2,2,4,2,5,7,6,3,3,1,1,9,2,10,10,10,10,8,8,8,8,10,8,8,8,10,10,10,10,10,8,8,8,8,10,2,10,10,2,2,10,10,10,10,10,8,10,2,2,10,10,10,10,10,10,10,2,4,4,4,2,10,10,10,10,5,7,6,10,10,10,4,10,10,10,10,10,10,10,10,10,10,3,3,10,10,10,10,1,1,1,1,1,1,1,1,9,9,9,9,9,9,9,9","0.000794887542724609","walktrap","edit-xhwikibooks.graphml"
"0.34","0","0.66","0.380184013083392","1,3,1,1,4,1,4,1,1,2,4,4,1,1,1,5,2,6,7,4,3,10,1,1,1,1,1,5,3,2,6,8,11,4,7,7,9,1,3,3,3,3,10,10,10,10,3,10,10,10,3,3,3,3,3,10,10,10,10,3,1,3,3,1,1,3,3,3,3,3,10,3,1,1,3,3,3,3,3,3,3,1,5,5,5,3,3,3,3,3,2,6,8,3,3,3,5,3,3,3,3,3,3,3,3,3,3,11,11,3,3,3,3,7,7,7,7,7,7,7,7,9,9,9,9,9,9,9,9","0.00079798698425293","walktrap","edit-xhwikibooks.graphml"
"0.33","0.01","0.66","0.380184013083392","1,3,1,1,4,1,4,1,1,2,4,4,1,1,1,5,2,6,7,4,3,10,1,1,1,1,1,5,3,2,6,8,11,4,7,7,9,1,3,3,3,3,10,10,10,10,3,10,10,10,3,3,3,3,3,10,10,10,10,3,1,3,3,1,1,3,3,3,3,3,10,3,1,1,3,3,3,3,3,3,3,1,5,5,5,3,3,3,3,3,2,6,8,3,3,3,5,3,3,3,3,3,3,3,3,3,3,11,11,3,3,3,3,7,7,7,7,7,7,7,7,9,9,9,9,9,9,9,9","0.000792026519775391","walktrap","edit-xhwikibooks.graphml"
"0.32","0.02","0.66","0.380184013083392","1,3,1,1,4,1,4,1,1,2,4,4,1,1,1,5,2,6,7,4,3,10,1,1,1,1,1,5,3,2,6,8,11,4,7,7,9,1,3,3,3,3,10,10,10,10,3,10,10,10,3,3,3,3,3,10,10,10,10,3,1,3,3,1,1,3,3,3,3,3,10,3,1,1,3,3,3,3,3,3,3,1,5,5,5,3,3,3,3,3,2,6,8,3,3,3,5,3,3,3,3,3,3,3,3,3,3,11,11,3,3,3,3,7,7,7,7,7,7,7,7,9,9,9,9,9,9,9,9","0.00080108642578125","walktrap","edit-xhwikibooks.graphml"
"0.31","0.03","0.66","0.387046931794733","1,3,1,1,4,1,4,1,1,2,4,4,1,1,1,5,2,6,7,4,3,10,1,1,1,1,1,5,3,2,6,8,11,4,7,7,9,1,3,3,3,3,10,10,10,10,3,10,10,10,3,3,3,3,3,10,10,10,10,3,1,3,3,1,1,3,3,3,3,3,10,3,1,1,3,3,3,3,3,3,3,1,5,5,5,3,3,3,3,3,2,6,8,3,3,3,5,3,3,3,3,3,3,3,3,3,3,11,11,3,3,3,3,7,7,7,7,7,7,7,7,9,9,9,9,9,9,9,9","0.000763893127441406","walktrap","edit-xhwikibooks.graphml"
"0.3","0.04","0.66","0.387046931794733","1,3,1,1,4,1,4,1,1,2,4,4,1,1,1,5,2,6,7,4,3,10,1,1,1,1,1,5,3,2,6,8,11,4,7,7,9,1,3,3,3,3,10,10,10,10,3,10,10,10,3,3,3,3,3,10,10,10,10,3,1,3,3,1,1,3,3,3,3,3,10,3,1,1,3,3,3,3,3,3,3,1,5,5,5,3,3,3,3,3,2,6,8,3,3,3,5,3,3,3,3,3,3,3,3,3,3,11,11,3,3,3,3,7,7,7,7,7,7,7,7,9,9,9,9,9,9,9,9","0.000789880752563477","walktrap","edit-xhwikibooks.graphml"
"0.29","0.05","0.66","0.38689188844327","1,3,1,1,4,1,4,1,1,2,4,4,1,1,1,5,2,6,7,4,3,10,1,1,1,1,1,5,3,2,6,8,11,4,7,7,9,1,3,3,3,3,10,10,10,10,3,10,10,10,3,3,3,3,3,10,10,10,10,3,1,3,3,1,1,3,3,3,3,3,10,3,1,1,3,3,3,3,3,3,3,1,5,5,5,3,3,3,3,3,2,6,8,3,3,3,5,3,3,3,3,3,3,3,3,3,3,11,11,3,3,3,3,7,7,7,7,7,7,7,7,9,9,9,9,9,9,9,9","0.000777006149291992","walktrap","edit-xhwikibooks.graphml"
"0.28","0.06","0.66","0.38689188844327","1,3,1,1,4,1,4,1,1,2,4,4,1,1,1,5,2,6,7,4,3,10,1,1,1,1,1,5,3,2,6,8,11,4,7,7,9,1,3,3,3,3,10,10,10,10,3,10,10,10,3,3,3,3,3,10,10,10,10,3,1,3,3,1,1,3,3,3,3,3,10,3,1,1,3,3,3,3,3,3,3,1,5,5,5,3,3,3,3,3,2,6,8,3,3,3,5,3,3,3,3,3,3,3,3,3,3,11,11,3,3,3,3,7,7,7,7,7,7,7,7,9,9,9,9,9,9,9,9","0.000783920288085938","walktrap","edit-xhwikibooks.graphml"
"0.27","0.07","0.66","0.386582152215525","1,3,1,1,4,1,4,1,1,2,4,4,1,1,1,5,2,6,7,4,3,10,1,1,1,1,1,5,3,2,6,8,11,4,7,7,9,1,3,3,3,3,10,10,10,10,3,10,10,10,3,3,3,3,3,10,10,10,10,3,1,3,3,1,1,3,3,3,3,3,10,3,1,1,3,3,3,3,3,3,3,1,5,5,5,3,3,3,3,3,2,6,8,3,3,3,5,3,3,3,3,3,3,3,3,3,3,11,11,3,3,3,3,7,7,7,7,7,7,7,7,9,9,9,9,9,9,9,9","0.000771045684814453","walktrap","edit-xhwikibooks.graphml"
"0.26","0.08","0.66","0.387124815718018","1,3,1,1,4,1,4,1,1,2,4,4,1,1,1,5,2,6,7,4,3,10,1,1,1,1,1,5,3,2,6,8,11,4,7,7,9,1,3,3,3,3,10,10,10,10,3,10,10,10,3,3,3,3,3,10,10,10,10,3,1,3,3,1,1,3,3,3,3,3,10,3,1,1,3,3,3,3,3,3,3,1,5,5,5,3,3,3,3,3,2,6,8,3,3,3,5,3,3,3,3,3,3,3,3,3,3,11,11,3,3,3,3,7,7,7,7,7,7,7,7,9,9,9,9,9,9,9,9","0.00077509880065918","walktrap","edit-xhwikibooks.graphml"
"0.25","0.09","0.66","0.386970039995864","1,3,1,1,4,1,4,1,1,2,4,4,1,1,1,5,2,6,7,4,3,10,1,1,1,1,1,5,3,2,6,8,11,4,7,7,9,1,3,3,3,3,10,10,10,10,3,10,10,10,3,3,3,3,3,10,10,10,10,3,1,3,3,1,1,3,3,3,3,3,10,3,1,1,3,3,3,3,3,3,3,1,5,5,5,3,3,3,3,3,2,6,8,3,3,3,5,3,3,3,3,3,3,3,3,3,3,11,11,3,3,3,3,7,7,7,7,7,7,7,7,9,9,9,9,9,9,9,9","0.000767946243286133","walktrap","edit-xhwikibooks.graphml"
"0.24","0.1","0.66","0.386970039995864","1,3,1,1,4,1,4,1,1,2,4,4,1,1,1,5,2,6,7,4,3,10,1,1,1,1,1,5,3,2,6,8,11,4,7,7,9,1,3,3,3,3,10,10,10,10,3,10,10,10,3,3,3,3,3,10,10,10,10,3,1,3,3,1,1,3,3,3,3,3,10,3,1,1,3,3,3,3,3,3,3,1,5,5,5,3,3,3,3,3,2,6,8,3,3,3,5,3,3,3,3,3,3,3,3,3,3,11,11,3,3,3,3,7,7,7,7,7,7,7,7,9,9,9,9,9,9,9,9","0.000763177871704102","walktrap","edit-xhwikibooks.graphml"
"0.23","0.11","0.66","0.386815380716316","1,3,1,1,4,1,4,1,1,2,4,4,1,1,1,5,2,6,7,4,3,10,1,1,1,1,1,5,3,2,6,8,11,4,7,7,9,1,3,3,3,3,10,10,10,10,3,10,10,10,3,3,3,3,3,10,10,10,10,3,1,3,3,1,1,3,3,3,3,3,10,3,1,1,3,3,3,3,3,3,3,1,5,5,5,3,3,3,3,3,2,6,8,3,3,3,5,3,3,3,3,3,3,3,3,3,3,11,11,3,3,3,3,7,7,7,7,7,7,7,7,9,9,9,9,9,9,9,9","0.000800132751464844","walktrap","edit-xhwikibooks.graphml"
"0.22","0.12","0.66","0.388417342032486","1,3,1,1,4,1,4,1,1,2,4,4,1,1,1,5,2,6,8,4,3,9,1,1,1,1,1,5,3,2,6,7,11,4,8,8,10,1,3,3,3,3,9,9,9,9,3,9,9,9,3,3,3,3,3,9,9,9,9,3,1,3,3,1,1,3,3,3,3,3,9,3,1,1,3,3,3,3,3,3,3,1,5,5,5,3,3,3,3,3,2,6,7,3,3,3,5,3,3,3,3,3,3,3,3,3,3,11,11,3,3,3,3,8,8,8,8,8,8,8,8,10,10,10,10,10,10,10,10","0.000752925872802734","walktrap","edit-xhwikibooks.graphml"
"0.21","0.13","0.66","0.388262574392411","1,3,1,1,4,1,4,1,1,2,4,4,1,1,1,5,2,6,8,4,3,9,1,1,1,1,1,5,3,2,6,7,11,4,8,8,10,1,3,3,3,3,9,9,9,9,3,9,9,9,3,3,3,3,3,9,9,9,9,3,1,3,3,1,1,3,3,3,3,3,9,3,1,1,3,3,3,3,3,3,3,1,5,5,5,3,3,3,3,3,2,6,7,3,3,3,5,3,3,3,3,3,3,3,3,3,3,11,11,3,3,3,3,8,8,8,8,8,8,8,8,10,10,10,10,10,10,10,10","0.000793933868408203","walktrap","edit-xhwikibooks.graphml"
"0.2","0.14","0.66","0.388262574392411","1,3,1,1,4,1,4,1,1,2,4,4,1,1,1,5,2,6,8,4,3,9,1,1,1,1,1,5,3,2,6,7,11,4,8,8,10,1,3,3,3,3,9,9,9,9,3,9,9,9,3,3,3,3,3,9,9,9,9,3,1,3,3,1,1,3,3,3,3,3,9,3,1,1,3,3,3,3,3,3,3,1,5,5,5,3,3,3,3,3,2,6,7,3,3,3,5,3,3,3,3,3,3,3,3,3,3,11,11,3,3,3,3,8,8,8,8,8,8,8,8,10,10,10,10,10,10,10,10","0.000781059265136719","walktrap","edit-xhwikibooks.graphml"
"0.19","0.15","0.66","0.389140398894243","1,3,1,1,4,1,4,1,1,2,4,4,1,1,1,5,2,6,8,4,3,9,1,1,1,1,1,5,3,2,6,7,11,4,8,8,10,1,3,3,3,3,9,9,9,9,3,9,9,9,3,3,3,3,3,9,9,9,9,3,1,3,3,1,1,3,3,3,3,3,9,3,1,1,3,3,3,3,3,3,3,1,5,5,5,3,3,3,3,3,2,6,7,3,3,3,5,3,3,3,3,3,3,3,3,3,3,11,11,3,3,3,3,8,8,8,8,8,8,8,8,10,10,10,10,10,10,10,10","0.000769138336181641","walktrap","edit-xhwikibooks.graphml"
"0.18","0.16","0.66","0.389677689823416","1,3,1,1,4,1,4,1,1,2,4,4,1,1,1,5,2,6,8,4,3,10,1,1,1,1,1,5,3,2,6,7,11,4,8,8,9,1,3,3,3,3,10,10,10,10,3,10,10,10,3,3,3,3,3,10,10,10,10,3,1,3,3,1,1,3,3,3,3,3,10,3,1,1,3,3,3,3,3,3,3,1,5,5,5,3,3,3,3,3,2,6,7,3,3,3,5,3,3,3,3,3,3,3,3,3,3,11,11,3,3,3,3,8,8,8,8,8,8,8,8,9,9,9,9,9,9,9,9","0.000802993774414062","walktrap","edit-xhwikibooks.graphml"
"0.17","0.17","0.66","0.390037924354388","1,3,1,1,4,1,4,1,1,2,4,4,1,1,1,5,2,6,8,4,3,10,1,1,1,1,1,5,3,2,6,7,11,4,8,8,9,1,3,3,3,3,10,10,10,10,3,10,10,10,3,3,3,3,3,10,10,10,10,3,1,3,3,1,1,3,3,3,3,3,10,3,1,1,3,3,3,3,3,3,3,1,5,5,5,3,3,3,3,3,2,6,7,3,3,3,5,3,3,3,3,3,3,3,3,3,3,11,11,3,3,3,3,8,8,8,8,8,8,8,8,9,9,9,9,9,9,9,9","0.000820159912109375","walktrap","edit-xhwikibooks.graphml"
"0.16","0.18","0.66","0.390549977137632","1,3,1,1,4,1,4,1,1,2,4,4,1,1,1,5,2,6,8,4,3,10,1,1,1,1,1,5,3,2,6,7,11,4,8,8,9,1,3,3,3,3,10,10,10,10,3,10,10,10,3,3,3,3,3,10,10,10,10,3,1,3,3,1,1,3,3,3,3,3,10,3,1,1,3,3,3,3,3,3,3,1,5,5,5,3,3,3,3,3,2,6,7,3,3,3,5,3,3,3,3,3,3,3,3,3,3,11,11,3,3,3,3,8,8,8,8,8,8,8,8,9,9,9,9,9,9,9,9","0.000778913497924805","walktrap","edit-xhwikibooks.graphml"
"0.15","0.19","0.66","0.390395246786835","1,3,1,1,4,1,4,1,1,2,4,4,1,1,1,5,2,6,8,4,3,10,1,1,1,1,1,5,3,2,6,7,11,4,8,8,9,1,3,3,3,3,10,10,10,10,3,10,10,10,3,3,3,3,3,10,10,10,10,3,1,3,3,1,1,3,3,3,3,3,10,3,1,1,3,3,3,3,3,3,3,1,5,5,5,3,3,3,3,3,2,6,7,3,3,3,5,3,3,3,3,3,3,3,3,3,3,11,11,3,3,3,3,8,8,8,8,8,8,8,8,9,9,9,9,9,9,9,9","0.000782012939453125","walktrap","edit-xhwikibooks.graphml"
"0.14","0.2","0.66","0.391213348427732","4,3,4,1,4,1,4,1,1,2,4,4,1,1,1,5,2,6,8,4,3,10,1,1,1,1,1,5,3,2,6,7,11,4,8,8,9,1,3,3,3,3,10,10,10,10,3,10,10,10,3,3,3,3,3,10,10,10,10,3,1,3,3,1,1,3,3,3,3,3,10,3,1,1,3,3,3,3,3,3,3,1,5,5,5,3,3,3,3,3,2,6,7,3,3,3,5,3,3,3,3,3,3,3,3,3,3,11,11,3,3,3,3,8,8,8,8,8,8,8,8,9,9,9,9,9,9,9,9","0.00077509880065918","walktrap","edit-xhwikibooks.graphml"
"0.13","0.21","0.66","0.391058338177258","4,3,4,1,4,1,4,1,1,2,4,4,1,1,1,5,2,6,8,4,3,10,1,1,1,1,1,5,3,2,6,7,11,4,8,8,9,1,3,3,3,3,10,10,10,10,3,10,10,10,3,3,3,3,3,10,10,10,10,3,1,3,3,1,1,3,3,3,3,3,10,3,1,1,3,3,3,3,3,3,3,1,5,5,5,3,3,3,3,3,2,6,7,3,3,3,5,3,3,3,3,3,3,3,3,3,3,11,11,3,3,3,3,8,8,8,8,8,8,8,8,9,9,9,9,9,9,9,9","0.000779867172241211","walktrap","edit-xhwikibooks.graphml"
"0.12","0.22","0.66","0.391058338177258","4,3,4,1,4,1,4,1,1,2,4,4,1,1,1,5,2,6,8,4,3,10,1,1,1,1,1,5,3,2,6,7,11,4,8,8,9,1,3,3,3,3,10,10,10,10,3,10,10,10,3,3,3,3,3,10,10,10,10,3,1,3,3,1,1,3,3,3,3,3,10,3,1,1,3,3,3,3,3,3,3,1,5,5,5,3,3,3,3,3,2,6,7,3,3,3,5,3,3,3,3,3,3,3,3,3,3,11,11,3,3,3,3,8,8,8,8,8,8,8,8,9,9,9,9,9,9,9,9","0.00088810920715332","walktrap","edit-xhwikibooks.graphml"
"0.11","0.23","0.66","0.391970112065224","4,3,4,1,4,1,4,1,1,2,4,4,1,1,1,5,2,6,8,4,3,9,1,1,1,1,1,5,3,2,6,7,11,4,8,8,10,1,3,3,3,3,9,9,9,9,3,9,9,9,3,3,3,3,3,9,9,9,9,3,1,3,3,1,1,3,3,3,3,3,9,3,1,1,3,3,3,3,3,3,3,1,5,5,5,3,3,3,3,3,2,6,7,3,3,3,5,3,3,3,3,3,3,3,3,3,3,11,11,3,3,3,3,8,8,8,8,8,8,8,8,10,10,10,10,10,10,10,10","0.00076603889465332","walktrap","edit-xhwikibooks.graphml"
"0.1","0.24","0.66","0.392501105105649","4,3,4,1,4,1,4,1,1,2,4,4,1,1,1,5,2,6,8,4,3,9,1,1,1,1,1,5,3,2,6,7,11,4,8,8,10,1,3,3,3,3,9,9,9,9,3,9,9,9,3,3,3,3,3,9,9,9,9,3,1,3,3,1,1,3,3,3,3,3,9,3,1,1,3,3,3,3,3,3,3,1,5,5,5,3,3,3,3,3,2,6,7,3,3,3,5,3,3,3,3,3,3,3,3,3,3,11,11,3,3,3,3,8,8,8,8,8,8,8,8,10,10,10,10,10,10,10,10","0.000772953033447266","walktrap","edit-xhwikibooks.graphml"
"0.09","0.25","0.66","0.390835497100148","4,3,4,1,4,1,4,1,1,2,4,4,1,1,1,5,2,6,8,4,3,9,1,1,1,1,1,5,3,2,6,7,11,4,8,8,10,1,3,3,3,3,9,9,9,9,3,9,9,9,3,3,3,3,3,9,9,9,9,3,1,3,3,1,1,3,3,3,3,3,9,3,1,1,3,3,3,3,3,3,3,1,5,5,5,3,3,3,3,3,2,6,7,3,3,3,5,3,3,3,3,3,3,3,3,3,3,11,11,3,3,3,3,8,8,8,8,8,8,8,8,10,10,10,10,10,10,10,10","0.000802040100097656","walktrap","edit-xhwikibooks.graphml"
"0.08","0.26","0.66","0.390835497100148","4,3,4,1,4,1,4,1,1,2,4,4,1,1,1,5,2,6,8,4,3,9,1,1,1,1,1,5,3,2,6,7,11,4,8,8,10,1,3,3,3,3,9,9,9,9,3,9,9,9,3,3,3,3,3,9,9,9,9,3,1,3,3,1,1,3,3,3,3,3,9,3,1,1,3,3,3,3,3,3,3,1,5,5,5,3,3,3,3,3,2,6,7,3,3,3,5,3,3,3,3,3,3,3,3,3,3,11,11,3,3,3,3,8,8,8,8,8,8,8,8,10,10,10,10,10,10,10,10","0.000813961029052734","walktrap","edit-xhwikibooks.graphml"
"0.07","0.27","0.66","0.390165497828144","4,3,4,1,4,1,4,1,1,2,4,4,1,1,1,5,2,6,8,4,3,9,1,1,1,1,1,5,3,2,6,7,11,4,8,8,10,1,3,3,3,3,9,9,9,9,3,9,9,9,3,3,3,3,3,9,9,9,9,3,1,3,3,1,1,3,3,3,3,3,9,3,1,1,3,3,3,3,3,3,3,1,5,5,5,3,3,3,3,3,2,6,7,3,3,3,5,3,3,3,3,3,3,3,3,3,3,11,11,3,3,3,3,8,8,8,8,8,8,8,8,10,10,10,10,10,10,10,10","0.000821828842163086","walktrap","edit-xhwikibooks.graphml"
"0.06","0.28","0.66","0.390010717677088","4,3,4,1,4,1,4,1,1,2,4,4,1,1,1,5,2,6,8,4,3,9,1,1,1,1,1,5,3,2,6,7,11,4,8,8,10,1,3,3,3,3,9,9,9,9,3,9,9,9,3,3,3,3,3,9,9,9,9,3,1,3,3,1,1,3,3,3,3,3,9,3,1,1,3,3,3,3,3,3,3,1,5,5,5,3,3,3,3,3,2,6,7,3,3,3,5,3,3,3,3,3,3,3,3,3,3,11,11,3,3,3,3,8,8,8,8,8,8,8,8,10,10,10,10,10,10,10,10","0.000813961029052734","walktrap","edit-xhwikibooks.graphml"
"0.05","0.29","0.66","0.384921086168023","1,2,1,1,3,1,3,1,1,1,3,3,1,1,1,4,6,5,8,3,2,9,1,1,1,1,1,4,2,6,5,7,10,3,8,8,11,1,2,2,2,2,9,9,9,9,2,9,9,9,2,2,2,2,2,9,9,9,9,2,1,2,2,1,1,2,2,2,2,2,9,2,1,1,2,2,2,2,2,2,2,1,4,4,4,2,2,2,2,2,6,5,7,2,2,2,4,2,2,2,2,2,2,2,2,2,2,10,10,2,2,2,2,8,8,8,8,8,8,8,8,11,11,11,11,11,11,11,11","0.00088191032409668","walktrap","edit-xhwikibooks.graphml"
"0.04","0.3","0.66","0.384767462671146","1,2,1,1,3,1,3,1,1,1,3,3,1,1,1,4,6,5,8,3,2,9,1,1,1,1,1,4,2,6,5,7,10,3,8,8,11,1,2,2,2,2,9,9,9,9,2,9,9,9,2,2,2,2,2,9,9,9,9,2,1,2,2,1,1,2,2,2,2,2,9,2,1,1,2,2,2,2,2,2,2,1,4,4,4,2,2,2,2,2,6,5,7,2,2,2,4,2,2,2,2,2,2,2,2,2,2,10,10,2,2,2,2,8,8,8,8,8,8,8,8,11,11,11,11,11,11,11,11","0.0010230541229248","walktrap","edit-xhwikibooks.graphml"
"0.03","0.31","0.66","0.381906061035525","4,2,4,4,4,1,4,1,1,3,4,4,1,1,1,5,3,6,8,4,2,10,1,1,1,1,1,5,2,3,6,7,9,4,8,8,11,1,2,2,2,2,10,10,10,10,2,10,10,10,2,2,2,2,2,10,10,10,10,2,1,2,2,1,1,2,2,2,2,2,10,2,1,1,2,2,2,2,2,2,2,1,5,5,5,2,2,2,2,2,3,6,7,2,2,2,5,2,2,2,2,2,2,2,2,2,2,9,9,2,2,2,2,8,8,8,8,8,8,8,8,11,11,11,11,11,11,11,11","0.000887870788574219","walktrap","edit-xhwikibooks.graphml"
"0.02","0.32","0.66","0.381752623768862","4,2,4,4,4,1,4,1,1,3,4,4,1,1,1,5,3,6,8,4,2,10,1,1,1,1,1,5,2,3,6,7,9,4,8,8,11,1,2,2,2,2,10,10,10,10,2,10,10,10,2,2,2,2,2,10,10,10,10,2,1,2,2,1,1,2,2,2,2,2,10,2,1,1,2,2,2,2,2,2,2,1,5,5,5,2,2,2,2,2,3,6,7,2,2,2,5,2,2,2,2,2,2,2,2,2,2,9,9,2,2,2,2,8,8,8,8,8,8,8,8,11,11,11,11,11,11,11,11","0.000787019729614258","walktrap","edit-xhwikibooks.graphml"
"0.01","0.33","0.66","0.379302858530271","1,2,1,1,6,1,6,1,1,1,6,3,1,1,1,4,5,6,9,3,2,10,1,1,1,1,1,4,2,5,8,7,3,3,9,9,11,1,2,2,2,2,10,10,10,10,2,10,10,10,2,2,2,2,2,10,10,10,10,2,1,2,2,1,1,2,2,2,2,2,10,2,1,1,2,2,2,2,2,2,2,1,4,4,4,2,2,2,2,2,5,8,7,2,2,2,4,2,2,2,2,2,2,2,2,2,2,3,3,2,2,2,2,9,9,9,9,9,9,9,9,11,11,11,11,11,11,11,11","0.000785112380981445","walktrap","edit-xhwikibooks.graphml"
"0","0.34","0.66","0.389080851070032","2,10,2,2,2,2,1,2,2,2,1,3,2,2,2,4,5,1,1,3,10,8,2,2,2,2,2,4,2,5,7,6,3,3,1,1,9,2,10,10,10,10,8,8,8,8,10,8,8,8,10,10,10,10,10,8,8,8,8,10,2,10,10,2,2,10,10,10,10,10,8,10,2,2,10,10,10,10,10,10,10,2,4,4,4,2,10,10,10,10,5,7,6,10,10,10,4,10,10,10,10,10,10,10,10,10,10,3,3,10,10,10,10,1,1,1,1,1,1,1,1,9,9,9,9,9,9,9,9","0.000798225402832031","walktrap","edit-xhwikibooks.graphml"
"0.33","0","0.67","0.398603960263704","4,3,4,4,4,2,4,2,2,1,4,4,2,2,2,5,1,6,7,4,3,9,2,2,2,2,2,5,3,1,6,8,11,4,7,7,10,2,3,3,3,3,9,9,9,9,3,9,9,9,3,3,3,3,3,9,9,9,9,3,2,3,3,2,2,3,3,3,3,3,9,3,2,2,3,3,3,3,3,3,3,2,5,5,5,3,3,3,3,3,1,6,8,3,3,3,5,3,3,3,3,3,3,3,3,3,3,11,11,3,3,3,3,7,7,7,7,7,7,7,7,10,10,10,10,10,10,10,10","0.000800132751464844","walktrap","edit-xhwikibooks.graphml"
"0.32","0.01","0.67","0.398603960263704","4,3,4,4,4,2,4,2,2,1,4,4,2,2,2,5,1,6,7,4,3,9,2,2,2,2,2,5,3,1,6,8,11,4,7,7,10,2,3,3,3,3,9,9,9,9,3,9,9,9,3,3,3,3,3,9,9,9,9,3,2,3,3,2,2,3,3,3,3,3,9,3,2,2,3,3,3,3,3,3,3,2,5,5,5,3,3,3,3,3,1,6,8,3,3,3,5,3,3,3,3,3,3,3,3,3,3,11,11,3,3,3,3,7,7,7,7,7,7,7,7,10,10,10,10,10,10,10,10","0.00080108642578125","walktrap","edit-xhwikibooks.graphml"
"0.31","0.02","0.67","0.393138301792487","1,3,1,1,4,1,4,1,1,2,4,4,1,1,1,5,2,6,7,4,3,9,1,1,1,1,1,5,3,2,6,8,11,4,7,7,10,1,3,3,3,3,9,9,9,9,3,9,9,9,3,3,3,3,3,9,9,9,9,3,1,3,3,1,1,3,3,3,3,3,9,3,1,1,3,3,3,3,3,3,3,1,5,5,5,3,3,3,3,3,2,6,8,3,3,3,5,3,3,3,3,3,3,3,3,3,3,11,11,3,3,3,3,7,7,7,7,7,7,7,7,10,10,10,10,10,10,10,10","0.000792980194091797","walktrap","edit-xhwikibooks.graphml"
"0.3","0.03","0.67","0.391952337410647","1,3,1,1,4,1,4,1,1,2,4,4,1,1,1,5,2,6,7,4,3,9,1,1,1,1,1,5,3,2,6,8,11,4,7,7,10,1,3,3,3,3,9,9,9,9,3,9,9,9,3,3,3,3,3,9,9,9,9,3,1,3,3,1,1,3,3,3,3,3,9,3,1,1,3,3,3,3,3,3,3,1,5,5,5,3,3,3,3,3,2,6,8,3,3,3,5,3,3,3,3,3,3,3,3,3,3,11,11,3,3,3,3,7,7,7,7,7,7,7,7,10,10,10,10,10,10,10,10","0.000794172286987305","walktrap","edit-xhwikibooks.graphml"
"0.29","0.04","0.67","0.391456154376089","1,3,1,1,4,1,4,1,1,2,4,4,1,1,1,5,2,6,7,4,3,9,1,1,1,1,1,5,3,2,6,8,11,4,7,7,10,1,3,3,3,3,9,9,9,9,3,9,9,9,3,3,3,3,3,9,9,9,9,3,1,3,3,1,1,3,3,3,3,3,9,3,1,1,3,3,3,3,3,3,3,1,5,5,5,3,3,3,3,3,2,6,8,3,3,3,5,3,3,3,3,3,3,3,3,3,3,11,11,3,3,3,3,7,7,7,7,7,7,7,7,10,10,10,10,10,10,10,10","0.00078892707824707","walktrap","edit-xhwikibooks.graphml"
"0.28","0.05","0.67","0.381965796667382","1,3,1,1,4,1,4,1,1,2,4,4,1,1,1,5,2,6,7,4,3,9,1,1,1,1,1,5,3,2,6,8,11,4,7,7,10,1,3,3,3,3,9,9,9,9,3,9,9,9,3,3,3,3,3,9,9,9,9,3,1,3,3,1,1,3,3,3,3,3,9,3,1,1,3,3,3,3,3,3,3,1,5,5,5,3,3,3,3,3,2,6,8,3,3,3,5,3,3,3,3,3,3,3,3,3,3,11,11,3,3,3,3,7,7,7,7,7,7,7,7,10,10,10,10,10,10,10,10","0.000769138336181641","walktrap","edit-xhwikibooks.graphml"
"0.27","0.06","0.67","0.381965796667382","1,3,1,1,4,1,4,1,1,2,4,4,1,1,1,5,2,6,7,4,3,9,1,1,1,1,1,5,3,2,6,8,11,4,7,7,10,1,3,3,3,3,9,9,9,9,3,9,9,9,3,3,3,3,3,9,9,9,9,3,1,3,3,1,1,3,3,3,3,3,9,3,1,1,3,3,3,3,3,3,3,1,5,5,5,3,3,3,3,3,2,6,8,3,3,3,5,3,3,3,3,3,3,3,3,3,3,11,11,3,3,3,3,7,7,7,7,7,7,7,7,10,10,10,10,10,10,10,10","0.00105500221252441","walktrap","edit-xhwikibooks.graphml"
"0.26","0.07","0.67","0.381667876343583","1,3,1,1,4,1,4,1,1,2,4,4,1,1,1,5,2,6,7,4,3,9,1,1,1,1,1,5,3,2,6,8,11,4,7,7,10,1,3,3,3,3,9,9,9,9,3,9,9,9,3,3,3,3,3,9,9,9,9,3,1,3,3,1,1,3,3,3,3,3,9,3,1,1,3,3,3,3,3,3,3,1,5,5,5,3,3,3,3,3,2,6,8,3,3,3,5,3,3,3,3,3,3,3,3,3,3,11,11,3,3,3,3,7,7,7,7,7,7,7,7,10,10,10,10,10,10,10,10","0.000777006149291992","walktrap","edit-xhwikibooks.graphml"
"0.25","0.08","0.67","0.382201202075986","1,3,1,1,4,1,4,1,1,2,4,4,1,1,1,5,2,6,7,4,3,10,1,1,1,1,1,5,3,2,6,8,11,4,7,7,9,1,3,3,3,3,10,10,10,10,3,10,10,10,3,3,3,3,3,10,10,10,10,3,1,3,3,1,1,3,3,3,3,3,10,3,1,1,3,3,3,3,3,3,3,1,5,5,5,3,3,3,3,3,2,6,8,3,3,3,5,3,3,3,3,3,3,3,3,3,3,11,11,3,3,3,3,7,7,7,7,7,7,7,7,9,9,9,9,9,9,9,9","0.000802993774414062","walktrap","edit-xhwikibooks.graphml"
"0.24","0.09","0.67","0.382052323274756","1,3,1,1,4,1,4,1,1,2,4,4,1,1,1,5,2,6,7,4,3,10,1,1,1,1,1,5,3,2,6,8,11,4,7,7,9,1,3,3,3,3,10,10,10,10,3,10,10,10,3,3,3,3,3,10,10,10,10,3,1,3,3,1,1,3,3,3,3,3,10,3,1,1,3,3,3,3,3,3,3,1,5,5,5,3,3,3,3,3,2,6,8,3,3,3,5,3,3,3,3,3,3,3,3,3,3,11,11,3,3,3,3,7,7,7,7,7,7,7,7,9,9,9,9,9,9,9,9","0.000779151916503906","walktrap","edit-xhwikibooks.graphml"
"0.23","0.1","0.67","0.382052323274756","1,3,1,1,4,1,4,1,1,2,4,4,1,1,1,5,2,6,7,4,3,10,1,1,1,1,1,5,3,2,6,8,11,4,7,7,9,1,3,3,3,3,10,10,10,10,3,10,10,10,3,3,3,3,3,10,10,10,10,3,1,3,3,1,1,3,3,3,3,3,10,3,1,1,3,3,3,3,3,3,3,1,5,5,5,3,3,3,3,3,2,6,8,3,3,3,5,3,3,3,3,3,3,3,3,3,3,11,11,3,3,3,3,7,7,7,7,7,7,7,7,9,9,9,9,9,9,9,9","0.000794172286987305","walktrap","edit-xhwikibooks.graphml"
"0.22","0.11","0.67","0.382411981410533","1,3,1,1,4,1,4,1,1,2,4,4,1,1,1,5,2,6,7,4,3,10,1,1,1,1,1,5,3,2,6,8,11,4,7,7,9,1,3,3,3,3,10,10,10,10,3,10,10,10,3,3,3,3,3,10,10,10,10,3,1,3,3,1,1,3,3,3,3,3,10,3,1,1,3,3,3,3,3,3,3,1,5,5,5,3,3,3,3,3,2,6,8,3,3,3,5,3,3,3,3,3,3,3,3,3,3,11,11,3,3,3,3,7,7,7,7,7,7,7,7,9,9,9,9,9,9,9,9","0.000787973403930664","walktrap","edit-xhwikibooks.graphml"
"0.21","0.12","0.67","0.383474881645277","1,3,1,1,4,1,4,1,1,2,4,4,1,1,1,5,2,6,8,4,3,9,1,1,1,1,1,5,3,2,6,7,11,4,8,8,10,1,3,3,3,3,9,9,9,9,3,9,9,9,3,3,3,3,3,9,9,9,9,3,1,3,3,1,1,3,3,3,3,3,9,3,1,1,3,3,3,3,3,3,3,1,5,5,5,3,3,3,3,3,2,6,7,3,3,3,5,3,3,3,3,3,3,3,3,3,3,11,11,3,3,3,3,8,8,8,8,8,8,8,8,10,10,10,10,10,10,10,10","0.000808954238891602","walktrap","edit-xhwikibooks.graphml"
"0.2","0.13","0.67","0.383325997967775","1,3,1,1,4,1,4,1,1,2,4,4,1,1,1,5,2,6,8,4,3,9,1,1,1,1,1,5,3,2,6,7,11,4,8,8,10,1,3,3,3,3,9,9,9,9,3,9,9,9,3,3,3,3,3,9,9,9,9,3,1,3,3,1,1,3,3,3,3,3,9,3,1,1,3,3,3,3,3,3,3,1,5,5,5,3,3,3,3,3,2,6,7,3,3,3,5,3,3,3,3,3,3,3,3,3,3,11,11,3,3,3,3,8,8,8,8,8,8,8,8,10,10,10,10,10,10,10,10","0.00077509880065918","walktrap","edit-xhwikibooks.graphml"
"0.19","0.14","0.67","0.383325997967775","1,3,1,1,4,1,4,1,1,2,4,4,1,1,1,5,2,6,8,4,3,9,1,1,1,1,1,5,3,2,6,7,11,4,8,8,10,1,3,3,3,3,9,9,9,9,3,9,9,9,3,3,3,3,3,9,9,9,9,3,1,3,3,1,1,3,3,3,3,3,9,3,1,1,3,3,3,3,3,3,3,1,5,5,5,3,3,3,3,3,2,6,7,3,3,3,5,3,3,3,3,3,3,3,3,3,3,11,11,3,3,3,3,8,8,8,8,8,8,8,8,10,10,10,10,10,10,10,10","0.000800848007202148","walktrap","edit-xhwikibooks.graphml"
"0.18","0.15","0.67","0.384190071337195","1,3,1,1,4,1,4,1,1,2,4,4,1,1,1,5,2,6,8,4,3,9,1,1,1,1,1,5,3,2,6,7,11,4,8,8,10,1,3,3,3,3,9,9,9,9,3,9,9,9,3,3,3,3,3,9,9,9,9,3,1,3,3,1,1,3,3,3,3,3,9,3,1,1,3,3,3,3,3,3,3,1,5,5,5,3,3,3,3,3,2,6,7,3,3,3,5,3,3,3,3,3,3,3,3,3,3,11,11,3,3,3,3,8,8,8,8,8,8,8,8,10,10,10,10,10,10,10,10","0.000809907913208008","walktrap","edit-xhwikibooks.graphml"
"0.17","0.16","0.67","0.385221431213018","1,3,1,1,4,1,4,1,1,2,4,4,1,1,1,5,2,6,8,4,3,9,1,1,1,1,1,5,3,2,6,7,11,4,8,8,10,1,3,3,3,3,9,9,9,9,3,9,9,9,3,3,3,3,3,9,9,9,9,3,1,3,3,1,1,3,3,3,3,3,9,3,1,1,3,3,3,3,3,3,3,1,5,5,5,3,3,3,3,3,2,6,7,3,3,3,5,3,3,3,3,3,3,3,3,3,3,11,11,3,3,3,3,8,8,8,8,8,8,8,8,10,10,10,10,10,10,10,10","0.000787973403930664","walktrap","edit-xhwikibooks.graphml"
"0.16","0.17","0.67","0.384461620561401","4,2,4,4,3,4,3,4,4,1,3,3,4,4,4,5,1,6,9,3,2,10,8,4,4,4,4,5,2,1,6,7,12,3,9,9,11,4,2,2,2,2,10,10,10,10,2,10,10,10,2,2,2,2,2,10,10,10,10,2,8,2,2,4,4,2,2,2,2,2,10,2,4,4,2,2,2,2,2,2,2,4,5,5,5,2,2,2,2,2,1,6,7,2,2,2,5,2,2,2,2,2,2,2,2,2,2,12,12,2,2,2,2,9,9,9,9,9,9,9,9,11,11,11,11,11,11,11,11","0.000812053680419922","walktrap","edit-xhwikibooks.graphml"
"0.15","0.18","0.67","0.384610183986687","4,2,4,4,3,4,3,4,4,1,3,3,4,4,4,5,1,6,9,3,2,10,8,4,4,4,4,5,2,1,6,7,12,3,9,9,11,4,2,2,2,2,10,10,10,10,2,10,10,10,2,2,2,2,2,10,10,10,10,2,8,2,2,4,4,2,2,2,2,2,10,2,4,4,2,2,2,2,2,2,2,4,5,5,5,2,2,2,2,2,1,6,7,2,2,2,5,2,2,2,2,2,2,2,2,2,2,12,12,2,2,2,2,9,9,9,9,9,9,9,9,11,11,11,11,11,11,11,11","0.000854969024658203","walktrap","edit-xhwikibooks.graphml"
"0.14","0.19","0.67","0.384461620561401","4,2,4,4,3,4,3,4,4,1,3,3,4,4,4,5,1,6,9,3,2,10,8,4,4,4,4,5,2,1,6,7,12,3,9,9,11,4,2,2,2,2,10,10,10,10,2,10,10,10,2,2,2,2,2,10,10,10,10,2,8,2,2,4,4,2,2,2,2,2,10,2,4,4,2,2,2,2,2,2,2,4,5,5,5,2,2,2,2,2,1,6,7,2,2,2,5,2,2,2,2,2,2,2,2,2,2,12,12,2,2,2,2,9,9,9,9,9,9,9,9,11,11,11,11,11,11,11,11","0.000794887542724609","walktrap","edit-xhwikibooks.graphml"
"0.13","0.2","0.67","0.385466533022624","6,2,6,6,3,6,3,6,6,1,3,3,6,6,6,4,1,5,9,3,2,10,8,6,6,6,6,4,2,1,5,7,12,3,9,9,11,6,2,2,2,2,10,10,10,10,2,10,10,10,2,2,2,2,2,10,10,10,10,2,8,2,2,6,6,2,2,2,2,2,10,2,6,6,2,2,2,2,2,2,2,6,4,4,4,2,2,2,2,2,1,5,7,2,2,2,4,2,2,2,2,2,2,2,2,2,2,12,12,2,2,2,2,9,9,9,9,9,9,9,9,11,11,11,11,11,11,11,11","0.000789165496826172","walktrap","edit-xhwikibooks.graphml"
"0.12","0.21","0.67","0.385317965045811","6,2,6,6,3,6,3,6,6,1,3,3,6,6,6,4,1,5,9,3,2,10,8,6,6,6,6,4,2,1,5,7,12,3,9,9,11,6,2,2,2,2,10,10,10,10,2,10,10,10,2,2,2,2,2,10,10,10,10,2,8,2,2,6,6,2,2,2,2,2,10,2,6,6,2,2,2,2,2,2,2,6,4,4,4,2,2,2,2,2,1,5,7,2,2,2,4,2,2,2,2,2,2,2,2,2,2,12,12,2,2,2,2,9,9,9,9,9,9,9,9,11,11,11,11,11,11,11,11","0.000795125961303711","walktrap","edit-xhwikibooks.graphml"
"0.11","0.22","0.67","0.385317965045811","6,2,6,6,3,6,3,6,6,1,3,3,6,6,6,4,1,5,9,3,2,10,8,6,6,6,6,4,2,1,5,7,12,3,9,9,11,6,2,2,2,2,10,10,10,10,2,10,10,10,2,2,2,2,2,10,10,10,10,2,8,2,2,6,6,2,2,2,2,2,10,2,6,6,2,2,2,2,2,2,2,6,4,4,4,2,2,2,2,2,1,5,7,2,2,2,4,2,2,2,2,2,2,2,2,2,2,12,12,2,2,2,2,9,9,9,9,9,9,9,9,11,11,11,11,11,11,11,11","0.000807046890258789","walktrap","edit-xhwikibooks.graphml"
"0.1","0.23","0.67","0.386218080806434","6,2,6,6,3,6,3,6,6,1,3,3,6,6,6,4,1,5,9,3,2,10,8,6,6,6,6,4,2,1,5,7,11,3,9,9,12,6,2,2,2,2,10,10,10,10,2,10,10,10,2,2,2,2,2,10,10,10,10,2,8,2,2,6,6,2,2,2,2,2,10,2,6,6,2,2,2,2,2,2,2,6,4,4,4,2,2,2,2,2,1,5,7,2,2,2,4,2,2,2,2,2,2,2,2,2,2,11,11,2,2,2,2,9,9,9,9,9,9,9,9,12,12,12,12,12,12,12,12","0.000829935073852539","walktrap","edit-xhwikibooks.graphml"
"0.09","0.24","0.67","0.386741171041235","6,2,6,6,3,6,3,6,6,1,3,3,6,6,6,4,1,5,9,3,2,10,8,6,6,6,6,4,2,1,5,7,11,3,9,9,12,6,2,2,2,2,10,10,10,10,2,10,10,10,2,2,2,2,2,10,10,10,10,2,8,2,2,6,6,2,2,2,2,2,10,2,6,6,2,2,2,2,2,2,2,6,4,4,4,2,2,2,2,2,1,5,7,2,2,2,4,2,2,2,2,2,2,2,2,2,2,11,11,2,2,2,2,9,9,9,9,9,9,9,9,12,12,12,12,12,12,12,12","0.000797033309936523","walktrap","edit-xhwikibooks.graphml"
"0.08","0.25","0.67","0.388150228129375","6,2,6,6,3,6,3,6,6,1,3,3,6,6,6,4,1,5,9,3,2,10,8,6,6,6,6,4,2,1,5,7,11,3,9,9,12,6,2,2,2,2,10,10,10,10,2,10,10,10,2,2,2,2,2,10,10,10,10,2,8,2,2,6,6,2,2,2,2,2,10,2,6,6,2,2,2,2,2,2,2,6,4,4,4,2,2,2,2,2,1,5,7,2,2,2,4,2,2,2,2,2,2,2,2,2,2,11,11,2,2,2,2,9,9,9,9,9,9,9,9,12,12,12,12,12,12,12,12","0.000798940658569336","walktrap","edit-xhwikibooks.graphml"
"0.07","0.26","0.67","0.388150228129375","6,2,6,6,3,6,3,6,6,1,3,3,6,6,6,4,1,5,9,3,2,10,8,6,6,6,6,4,2,1,5,7,11,3,9,9,12,6,2,2,2,2,10,10,10,10,2,10,10,10,2,2,2,2,2,10,10,10,10,2,8,2,2,6,6,2,2,2,2,2,10,2,6,6,2,2,2,2,2,2,2,6,4,4,4,2,2,2,2,2,1,5,7,2,2,2,4,2,2,2,2,2,2,2,2,2,2,11,11,2,2,2,2,9,9,9,9,9,9,9,9,12,12,12,12,12,12,12,12","0.000795841217041016","walktrap","edit-xhwikibooks.graphml"
"0.06","0.27","0.67","0.38800152671442","6,2,6,6,3,6,3,6,6,1,3,3,6,6,6,4,1,5,9,3,2,10,8,6,6,6,6,4,2,1,5,7,11,3,9,9,12,6,2,2,2,2,10,10,10,10,2,10,10,10,2,2,2,2,2,10,10,10,10,2,8,2,2,6,6,2,2,2,2,2,10,2,6,6,2,2,2,2,2,2,2,6,4,4,4,2,2,2,2,2,1,5,7,2,2,2,4,2,2,2,2,2,2,2,2,2,2,11,11,2,2,2,2,9,9,9,9,9,9,9,9,12,12,12,12,12,12,12,12","0.000818967819213867","walktrap","edit-xhwikibooks.graphml"
"0.05","0.28","0.67","0.387852932241936","6,2,6,6,3,6,3,6,6,1,3,3,6,6,6,4,1,5,9,3,2,10,8,6,6,6,6,4,2,1,5,7,11,3,9,9,12,6,2,2,2,2,10,10,10,10,2,10,10,10,2,2,2,2,2,10,10,10,10,2,8,2,2,6,6,2,2,2,2,2,10,2,6,6,2,2,2,2,2,2,2,6,4,4,4,2,2,2,2,2,1,5,7,2,2,2,4,2,2,2,2,2,2,2,2,2,2,11,11,2,2,2,2,9,9,9,9,9,9,9,9,12,12,12,12,12,12,12,12","0.000817060470581055","walktrap","edit-xhwikibooks.graphml"
"0.04","0.29","0.67","0.388845324245382","6,2,6,6,3,6,3,6,6,1,3,3,6,6,6,4,1,5,9,3,2,10,8,6,6,6,6,4,2,1,5,7,11,3,9,9,12,6,2,2,2,2,10,10,10,10,2,10,10,10,2,2,2,2,2,10,10,10,10,2,8,2,2,6,6,2,2,2,2,2,10,2,6,6,2,2,2,2,2,2,2,6,4,4,4,2,2,2,2,2,1,5,7,2,2,2,4,2,2,2,2,2,2,2,2,2,2,11,11,2,2,2,2,9,9,9,9,9,9,9,9,12,12,12,12,12,12,12,12","0.000867843627929688","walktrap","edit-xhwikibooks.graphml"
"0.03","0.3","0.67","0.388696730279126","6,2,6,6,3,6,3,6,6,1,3,3,6,6,6,4,1,5,9,3,2,10,8,6,6,6,6,4,2,1,5,7,11,3,9,9,12,6,2,2,2,2,10,10,10,10,2,10,10,10,2,2,2,2,2,10,10,10,10,2,8,2,2,6,6,2,2,2,2,2,10,2,6,6,2,2,2,2,2,2,2,6,4,4,4,2,2,2,2,2,1,5,7,2,2,2,4,2,2,2,2,2,2,2,2,2,2,11,11,2,2,2,2,9,9,9,9,9,9,9,9,12,12,12,12,12,12,12,12","0.000796079635620117","walktrap","edit-xhwikibooks.graphml"
"0.02","0.31","0.67","0.389214818052692","6,2,6,6,3,6,3,6,6,1,3,3,6,6,6,4,1,5,9,3,2,11,8,6,6,6,6,4,2,1,5,7,10,3,9,9,12,6,2,2,2,2,11,11,11,11,2,11,11,11,2,2,2,2,2,11,11,11,11,2,8,2,2,6,6,2,2,2,2,2,11,2,6,6,2,2,2,2,2,2,2,6,4,4,4,2,2,2,2,2,1,5,7,2,2,2,4,2,2,2,2,2,2,2,2,2,2,10,10,2,2,2,2,9,9,9,9,9,9,9,9,12,12,12,12,12,12,12,12","0.000797033309936523","walktrap","edit-xhwikibooks.graphml"
"0.01","0.32","0.67","0.389066256056504","6,2,6,6,3,6,3,6,6,1,3,3,6,6,6,4,1,5,9,3,2,11,8,6,6,6,6,4,2,1,5,7,10,3,9,9,12,6,2,2,2,2,11,11,11,11,2,11,11,11,2,2,2,2,2,11,11,11,11,2,8,2,2,6,6,2,2,2,2,2,11,2,6,6,2,2,2,2,2,2,2,6,4,4,4,2,2,2,2,2,1,5,7,2,2,2,4,2,2,2,2,2,2,2,2,2,2,10,10,2,2,2,2,9,9,9,9,9,9,9,9,12,12,12,12,12,12,12,12","0.000802040100097656","walktrap","edit-xhwikibooks.graphml"
"0","0.33","0.67","0.390008671466411","2,12,2,2,3,2,3,2,2,1,3,3,2,2,2,4,1,5,8,3,12,11,7,2,2,2,2,4,2,1,5,6,9,3,8,8,10,2,12,12,12,12,11,11,11,11,12,11,11,11,12,12,12,12,12,11,11,11,11,12,7,12,12,2,2,12,12,12,12,12,11,12,2,2,12,12,12,12,12,12,12,2,4,4,4,2,12,12,12,12,1,5,6,12,12,12,4,12,12,12,12,12,12,12,12,12,12,9,9,12,12,12,12,8,8,8,8,8,8,8,8,10,10,10,10,10,10,10,10","0.000819921493530273","walktrap","edit-xhwikibooks.graphml"
"0.32","0","0.68","0.398603960263704","4,3,4,4,4,2,4,2,2,1,4,4,2,2,2,5,1,6,7,4,3,9,2,2,2,2,2,5,3,1,6,8,11,4,7,7,10,2,3,3,3,3,9,9,9,9,3,9,9,9,3,3,3,3,3,9,9,9,9,3,2,3,3,2,2,3,3,3,3,3,9,3,2,2,3,3,3,3,3,3,3,2,5,5,5,3,3,3,3,3,1,6,8,3,3,3,5,3,3,3,3,3,3,3,3,3,3,11,11,3,3,3,3,7,7,7,7,7,7,7,7,10,10,10,10,10,10,10,10","0.000818014144897461","walktrap","edit-xhwikibooks.graphml"
"0.31","0.01","0.68","0.398603960263704","4,3,4,4,4,2,4,2,2,1,4,4,2,2,2,5,1,6,7,4,3,9,2,2,2,2,2,5,3,1,6,8,11,4,7,7,10,2,3,3,3,3,9,9,9,9,3,9,9,9,3,3,3,3,3,9,9,9,9,3,2,3,3,2,2,3,3,3,3,3,9,3,2,2,3,3,3,3,3,3,3,2,5,5,5,3,3,3,3,3,1,6,8,3,3,3,5,3,3,3,3,3,3,3,3,3,3,11,11,3,3,3,3,7,7,7,7,7,7,7,7,10,10,10,10,10,10,10,10","0.000826120376586914","walktrap","edit-xhwikibooks.graphml"
"0.3","0.02","0.68","0.398603960263704","4,3,4,4,4,2,4,2,2,1,4,4,2,2,2,5,1,6,7,4,3,9,2,2,2,2,2,5,3,1,6,8,11,4,7,7,10,2,3,3,3,3,9,9,9,9,3,9,9,9,3,3,3,3,3,9,9,9,9,3,2,3,3,2,2,3,3,3,3,3,9,3,2,2,3,3,3,3,3,3,3,2,5,5,5,3,3,3,3,3,1,6,8,3,3,3,5,3,3,3,3,3,3,3,3,3,3,11,11,3,3,3,3,7,7,7,7,7,7,7,7,10,10,10,10,10,10,10,10","0.000821828842163086","walktrap","edit-xhwikibooks.graphml"
"0.29","0.03","0.68","0.398452925536008","4,3,4,4,4,2,4,2,2,1,4,4,2,2,2,5,1,6,7,4,3,9,2,2,2,2,2,5,3,1,6,8,11,4,7,7,10,2,3,3,3,3,9,9,9,9,3,9,9,9,3,3,3,3,3,9,9,9,9,3,2,3,3,2,2,3,3,3,3,3,9,3,2,2,3,3,3,3,3,3,3,2,5,5,5,3,3,3,3,3,1,6,8,3,3,3,5,3,3,3,3,3,3,3,3,3,3,11,11,3,3,3,3,7,7,7,7,7,7,7,7,10,10,10,10,10,10,10,10","0.000824928283691406","walktrap","edit-xhwikibooks.graphml"
"0.28","0.04","0.68","0.398452925536008","4,3,4,4,4,2,4,2,2,1,4,4,2,2,2,5,1,6,7,4,3,9,2,2,2,2,2,5,3,1,6,8,11,4,7,7,10,2,3,3,3,3,9,9,9,9,3,9,9,9,3,3,3,3,3,9,9,9,9,3,2,3,3,2,2,3,3,3,3,3,9,3,2,2,3,3,3,3,3,3,3,2,5,5,5,3,3,3,3,3,1,6,8,3,3,3,5,3,3,3,3,3,3,3,3,3,3,11,11,3,3,3,3,7,7,7,7,7,7,7,7,10,10,10,10,10,10,10,10","0.000848054885864258","walktrap","edit-xhwikibooks.graphml"
"0.27","0.05","0.68","0.392837771352873","1,3,1,1,4,1,4,1,1,2,4,4,1,1,1,5,2,6,7,4,3,9,1,1,1,1,1,5,3,2,6,8,11,4,7,7,10,1,3,3,3,3,9,9,9,9,3,9,9,9,3,3,3,3,3,9,9,9,9,3,1,3,3,1,1,3,3,3,3,3,9,3,1,1,3,3,3,3,3,3,3,1,5,5,5,3,3,3,3,3,2,6,8,3,3,3,5,3,3,3,3,3,3,3,3,3,3,11,11,3,3,3,3,7,7,7,7,7,7,7,7,10,10,10,10,10,10,10,10","0.000819921493530273","walktrap","edit-xhwikibooks.graphml"
"0.26","0.06","0.68","0.392837771352873","1,3,1,1,4,1,4,1,1,2,4,4,1,1,1,5,2,6,7,4,3,9,1,1,1,1,1,5,3,2,6,8,11,4,7,7,10,1,3,3,3,3,9,9,9,9,3,9,9,9,3,3,3,3,3,9,9,9,9,3,1,3,3,1,1,3,3,3,3,3,9,3,1,1,3,3,3,3,3,3,3,1,5,5,5,3,3,3,3,3,2,6,8,3,3,3,5,3,3,3,3,3,3,3,3,3,3,11,11,3,3,3,3,7,7,7,7,7,7,7,7,10,10,10,10,10,10,10,10","0.000874996185302734","walktrap","edit-xhwikibooks.graphml"
"0.25","0.07","0.68","0.392537670840461","1,3,1,1,4,1,4,1,1,2,4,4,1,1,1,5,2,6,7,4,3,9,1,1,1,1,1,5,3,2,6,8,11,4,7,7,10,1,3,3,3,3,9,9,9,9,3,9,9,9,3,3,3,3,3,9,9,9,9,3,1,3,3,1,1,3,3,3,3,3,9,3,1,1,3,3,3,3,3,3,3,1,5,5,5,3,3,3,3,3,2,6,8,3,3,3,5,3,3,3,3,3,3,3,3,3,3,11,11,3,3,3,3,7,7,7,7,7,7,7,7,10,10,10,10,10,10,10,10","0.000965118408203125","walktrap","edit-xhwikibooks.graphml"
"0.24","0.08","0.68","0.393049502977746","1,3,1,1,4,1,4,1,1,2,4,4,1,1,1,5,2,6,7,4,3,10,1,1,1,1,1,5,3,2,6,8,11,4,7,7,9,1,3,3,3,3,10,10,10,10,3,10,10,10,3,3,3,3,3,10,10,10,10,3,1,3,3,1,1,3,3,3,3,3,10,3,1,1,3,3,3,3,3,3,3,1,5,5,5,3,3,3,3,3,2,6,8,3,3,3,5,3,3,3,3,3,3,3,3,3,3,11,11,3,3,3,3,7,7,7,7,7,7,7,7,9,9,9,9,9,9,9,9","0.000818014144897461","walktrap","edit-xhwikibooks.graphml"
"0.23","0.09","0.68","0.391865570843158","1,3,1,1,4,1,4,1,1,2,4,4,1,1,1,5,2,6,7,4,3,10,1,1,1,1,1,5,3,2,6,8,11,4,7,7,9,1,3,3,3,3,10,10,10,10,3,10,10,10,3,3,3,3,3,10,10,10,10,3,1,3,3,1,1,3,3,3,3,3,10,3,1,1,3,3,3,3,3,3,3,1,5,5,5,3,3,3,3,3,2,6,8,3,3,3,5,3,3,3,3,3,3,3,3,3,3,11,11,3,3,3,3,7,7,7,7,7,7,7,7,9,9,9,9,9,9,9,9","0.000802993774414062","walktrap","edit-xhwikibooks.graphml"
"0.22","0.1","0.68","0.391865570843158","1,3,1,1,4,1,4,1,1,2,4,4,1,1,1,5,2,6,7,4,3,10,1,1,1,1,1,5,3,2,6,8,11,4,7,7,9,1,3,3,3,3,10,10,10,10,3,10,10,10,3,3,3,3,3,10,10,10,10,3,1,3,3,1,1,3,3,3,3,3,10,3,1,1,3,3,3,3,3,3,3,1,5,5,5,3,3,3,3,3,2,6,8,3,3,3,5,3,3,3,3,3,3,3,3,3,3,11,11,3,3,3,3,7,7,7,7,7,7,7,7,9,9,9,9,9,9,9,9","0.000818967819213867","walktrap","edit-xhwikibooks.graphml"
"0.21","0.11","0.68","0.392209783971718","1,3,1,1,4,1,4,1,1,2,4,4,1,1,1,5,2,6,7,4,3,10,1,1,1,1,1,5,3,2,6,8,11,4,7,7,9,1,3,3,3,3,10,10,10,10,3,10,10,10,3,3,3,3,3,10,10,10,10,3,1,3,3,1,1,3,3,3,3,3,10,3,1,1,3,3,3,3,3,3,3,1,5,5,5,3,3,3,3,3,2,6,8,3,3,3,5,3,3,3,3,3,3,3,3,3,3,11,11,3,3,3,3,7,7,7,7,7,7,7,7,9,9,9,9,9,9,9,9","0.000796079635620117","walktrap","edit-xhwikibooks.graphml"
"0.2","0.12","0.68","0.39198341739577","5,2,5,5,3,5,3,5,5,1,3,3,5,5,5,4,1,6,9,3,2,10,8,5,5,5,5,4,2,1,6,7,12,3,9,9,11,5,2,2,2,2,10,10,10,10,2,10,10,10,2,2,2,2,2,10,10,10,10,2,8,2,2,5,5,2,2,2,2,2,10,2,5,5,2,2,2,2,2,2,2,5,4,4,4,2,2,2,2,2,1,6,7,2,2,2,4,2,2,2,2,2,2,2,2,2,2,12,12,2,2,2,2,9,9,9,9,9,9,9,9,11,11,11,11,11,11,11,11","0.000818967819213867","walktrap","edit-xhwikibooks.graphml"
"0.19","0.13","0.68","0.391339607684301","5,2,5,5,3,5,3,5,5,1,3,3,5,5,5,4,1,6,9,3,2,10,8,5,5,5,5,4,2,1,6,7,12,3,9,9,11,5,2,2,2,2,10,10,10,10,2,10,10,10,2,2,2,2,2,10,10,10,10,2,8,2,2,5,5,2,2,2,2,2,10,2,5,5,2,2,2,2,2,2,2,5,4,4,4,2,2,2,2,2,1,6,7,2,2,2,4,2,2,2,2,2,2,2,2,2,2,12,12,2,2,2,2,9,9,9,9,9,9,9,9,11,11,11,11,11,11,11,11","0.00079798698425293","walktrap","edit-xhwikibooks.graphml"
"0.18","0.14","0.68","0.391833949453466","4,2,4,4,3,4,3,4,4,1,3,3,4,4,4,5,1,6,9,3,2,10,8,4,4,4,4,5,2,1,6,7,12,3,9,9,11,4,2,2,2,2,10,10,10,10,2,10,10,10,2,2,2,2,2,10,10,10,10,2,8,2,2,4,4,2,2,2,2,2,10,2,4,4,2,2,2,2,2,2,2,4,5,5,5,2,2,2,2,2,1,6,7,2,2,2,5,2,2,2,2,2,2,2,2,2,2,12,12,2,2,2,2,9,9,9,9,9,9,9,9,11,11,11,11,11,11,11,11","0.00079798698425293","walktrap","edit-xhwikibooks.graphml"
"0.17","0.15","0.68","0.392668899791985","4,2,4,4,3,4,3,4,4,1,3,3,4,4,4,5,1,6,9,3,2,10,8,4,4,4,4,5,2,1,6,7,12,3,9,9,11,4,2,2,2,2,10,10,10,10,2,10,10,10,2,2,2,2,2,10,10,10,10,2,8,2,2,4,4,2,2,2,2,2,10,2,4,4,2,2,2,2,2,2,2,4,5,5,5,2,2,2,2,2,1,6,7,2,2,2,5,2,2,2,2,2,2,2,2,2,2,12,12,2,2,2,2,9,9,9,9,9,9,9,9,11,11,11,11,11,11,11,11","0.000845909118652344","walktrap","edit-xhwikibooks.graphml"
"0.16","0.16","0.68","0.393178221167956","4,2,4,4,3,4,3,4,4,1,3,3,4,4,4,5,1,6,9,3,2,10,8,4,4,4,4,5,2,1,6,7,12,3,9,9,11,4,2,2,2,2,10,10,10,10,2,10,10,10,2,2,2,2,2,10,10,10,10,2,8,2,2,4,4,2,2,2,2,2,10,2,4,4,2,2,2,2,2,2,2,4,5,5,5,2,2,2,2,2,1,6,7,2,2,2,5,2,2,2,2,2,2,2,2,2,2,12,12,2,2,2,2,9,9,9,9,9,9,9,9,11,11,11,11,11,11,11,11","0.000864028930664062","walktrap","edit-xhwikibooks.graphml"
"0.15","0.17","0.68","0.384313165036574","4,2,4,4,3,4,3,4,4,1,3,3,4,4,4,5,1,6,9,3,2,10,8,4,4,4,4,5,2,1,6,7,12,3,9,9,11,4,2,2,2,2,10,10,10,10,2,10,10,10,2,2,2,2,2,10,10,10,10,2,8,2,2,4,4,2,2,2,2,2,10,2,4,4,2,2,2,2,2,2,2,4,5,5,5,2,2,2,2,2,1,6,7,2,2,2,5,2,2,2,2,2,2,2,2,2,2,12,12,2,2,2,2,9,9,9,9,9,9,9,9,11,11,11,11,11,11,11,11","0.000889062881469727","walktrap","edit-xhwikibooks.graphml"
"0.14","0.18","0.68","0.384313165036574","4,2,4,4,3,4,3,4,4,1,3,3,4,4,4,5,1,6,9,3,2,10,8,4,4,4,4,5,2,1,6,7,12,3,9,9,11,4,2,2,2,2,10,10,10,10,2,10,10,10,2,2,2,2,2,10,10,10,10,2,8,2,2,4,4,2,2,2,2,2,10,2,4,4,2,2,2,2,2,2,2,4,5,5,5,2,2,2,2,2,1,6,7,2,2,2,5,2,2,2,2,2,2,2,2,2,2,12,12,2,2,2,2,9,9,9,9,9,9,9,9,11,11,11,11,11,11,11,11","0.000832796096801758","walktrap","edit-xhwikibooks.graphml"
"0.13","0.19","0.68","0.384164817306919","4,2,4,4,3,4,3,4,4,1,3,3,4,4,4,5,1,6,9,3,2,10,8,4,4,4,4,5,2,1,6,7,12,3,9,9,11,4,2,2,2,2,10,10,10,10,2,10,10,10,2,2,2,2,2,10,10,10,10,2,8,2,2,4,4,2,2,2,2,2,10,2,4,4,2,2,2,2,2,2,2,4,5,5,5,2,2,2,2,2,1,6,7,2,2,2,5,2,2,2,2,2,2,2,2,2,2,12,12,2,2,2,2,9,9,9,9,9,9,9,9,11,11,11,11,11,11,11,11","0.000838041305541992","walktrap","edit-xhwikibooks.graphml"
"0.12","0.2","0.68","0.385169504684022","6,2,6,6,3,6,3,6,6,1,3,3,6,6,6,4,1,5,9,3,2,10,8,6,6,6,6,4,2,1,5,7,12,3,9,9,11,6,2,2,2,2,10,10,10,10,2,10,10,10,2,2,2,2,2,10,10,10,10,2,8,2,2,6,6,2,2,2,2,2,10,2,6,6,2,2,2,2,2,2,2,6,4,4,4,2,2,2,2,2,1,5,7,2,2,2,4,2,2,2,2,2,2,2,2,2,2,12,12,2,2,2,2,9,9,9,9,9,9,9,9,11,11,11,11,11,11,11,11","0.000801801681518555","walktrap","edit-xhwikibooks.graphml"
"0.11","0.21","0.68","0.385021151832653","6,2,6,6,3,6,3,6,6,1,3,3,6,6,6,4,1,5,9,3,2,10,8,6,6,6,6,4,2,1,5,7,12,3,9,9,11,6,2,2,2,2,10,10,10,10,2,10,10,10,2,2,2,2,2,10,10,10,10,2,8,2,2,6,6,2,2,2,2,2,10,2,6,6,2,2,2,2,2,2,2,6,4,4,4,2,2,2,2,2,1,5,7,2,2,2,4,2,2,2,2,2,2,2,2,2,2,12,12,2,2,2,2,9,9,9,9,9,9,9,9,11,11,11,11,11,11,11,11","0.000807046890258789","walktrap","edit-xhwikibooks.graphml"
"0.1","0.22","0.68","0.385021151832653","6,2,6,6,3,6,3,6,6,1,3,3,6,6,6,4,1,5,9,3,2,10,8,6,6,6,6,4,2,1,5,7,12,3,9,9,11,6,2,2,2,2,10,10,10,10,2,10,10,10,2,2,2,2,2,10,10,10,10,2,8,2,2,6,6,2,2,2,2,2,10,2,6,6,2,2,2,2,2,2,2,6,4,4,4,2,2,2,2,2,1,5,7,2,2,2,4,2,2,2,2,2,2,2,2,2,2,12,12,2,2,2,2,9,9,9,9,9,9,9,9,11,11,11,11,11,11,11,11","0.000828027725219727","walktrap","edit-xhwikibooks.graphml"
"0.09","0.23","0.68","0.385921170433654","6,2,6,6,3,6,3,6,6,1,3,3,6,6,6,4,1,5,9,3,2,10,8,6,6,6,6,4,2,1,5,7,11,3,9,9,12,6,2,2,2,2,10,10,10,10,2,10,10,10,2,2,2,2,2,10,10,10,10,2,8,2,2,6,6,2,2,2,2,2,10,2,6,6,2,2,2,2,2,2,2,6,4,4,4,2,2,2,2,2,1,5,7,2,2,2,4,2,2,2,2,2,2,2,2,2,2,11,11,2,2,2,2,9,9,9,9,9,9,9,9,12,12,12,12,12,12,12,12","0.000831127166748047","walktrap","edit-xhwikibooks.graphml"
"0.08","0.24","0.68","0.386444106133101","6,2,6,6,3,6,3,6,6,1,3,3,6,6,6,4,1,5,9,3,2,10,8,6,6,6,6,4,2,1,5,7,11,3,9,9,12,6,2,2,2,2,10,10,10,10,2,10,10,10,2,2,2,2,2,10,10,10,10,2,8,2,2,6,6,2,2,2,2,2,10,2,6,6,2,2,2,2,2,2,2,6,4,4,4,2,2,2,2,2,1,5,7,2,2,2,4,2,2,2,2,2,2,2,2,2,2,11,11,2,2,2,2,9,9,9,9,9,9,9,9,12,12,12,12,12,12,12,12","0.00082087516784668","walktrap","edit-xhwikibooks.graphml"
"0.07","0.25","0.68","0.387852932241936","6,2,6,6,3,6,3,6,6,1,3,3,6,6,6,4,1,5,9,3,2,10,8,6,6,6,6,4,2,1,5,7,11,3,9,9,12,6,2,2,2,2,10,10,10,10,2,10,10,10,2,2,2,2,2,10,10,10,10,2,8,2,2,6,6,2,2,2,2,2,10,2,6,6,2,2,2,2,2,2,2,6,4,4,4,2,2,2,2,2,1,5,7,2,2,2,4,2,2,2,2,2,2,2,2,2,2,11,11,2,2,2,2,9,9,9,9,9,9,9,9,12,12,12,12,12,12,12,12","0.00080108642578125","walktrap","edit-xhwikibooks.graphml"
"0.06","0.26","0.68","0.387852932241936","6,2,6,6,3,6,3,6,6,1,3,3,6,6,6,4,1,5,9,3,2,10,8,6,6,6,6,4,2,1,5,7,11,3,9,9,12,6,2,2,2,2,10,10,10,10,2,10,10,10,2,2,2,2,2,10,10,10,10,2,8,2,2,6,6,2,2,2,2,2,10,2,6,6,2,2,2,2,2,2,2,6,4,4,4,2,2,2,2,2,1,5,7,2,2,2,4,2,2,2,2,2,2,2,2,2,2,11,11,2,2,2,2,9,9,9,9,9,9,9,9,12,12,12,12,12,12,12,12","0.000823974609375","walktrap","edit-xhwikibooks.graphml"
"0.05","0.27","0.68","0.387704444608996","6,2,6,6,3,6,3,6,6,1,3,3,6,6,6,4,1,5,9,3,2,10,8,6,6,6,6,4,2,1,5,7,11,3,9,9,12,6,2,2,2,2,10,10,10,10,2,10,10,10,2,2,2,2,2,10,10,10,10,2,8,2,2,6,6,2,2,2,2,2,10,2,6,6,2,2,2,2,2,2,2,6,4,4,4,2,2,2,2,2,1,5,7,2,2,2,4,2,2,2,2,2,2,2,2,2,2,11,11,2,2,2,2,9,9,9,9,9,9,9,9,12,12,12,12,12,12,12,12","0.000883102416992188","walktrap","edit-xhwikibooks.graphml"
"0.04","0.28","0.68","0.387556063712779","6,2,6,6,3,6,3,6,6,1,3,3,6,6,6,4,1,5,9,3,2,10,8,6,6,6,6,4,2,1,5,7,11,3,9,9,12,6,2,2,2,2,10,10,10,10,2,10,10,10,2,2,2,2,2,10,10,10,10,2,8,2,2,6,6,2,2,2,2,2,10,2,6,6,2,2,2,2,2,2,2,6,4,4,4,2,2,2,2,2,1,5,7,2,2,2,4,2,2,2,2,2,2,2,2,2,2,11,11,2,2,2,2,9,9,9,9,9,9,9,9,12,12,12,12,12,12,12,12","0.000976085662841797","walktrap","edit-xhwikibooks.graphml"
"0.03","0.29","0.68","0.388548242867827","6,2,6,6,3,6,3,6,6,1,3,3,6,6,6,4,1,5,9,3,2,10,8,6,6,6,6,4,2,1,5,7,11,3,9,9,12,6,2,2,2,2,10,10,10,10,2,10,10,10,2,2,2,2,2,10,10,10,10,2,8,2,2,6,6,2,2,2,2,2,10,2,6,6,2,2,2,2,2,2,2,6,4,4,4,2,2,2,2,2,1,5,7,2,2,2,4,2,2,2,2,2,2,2,2,2,2,11,11,2,2,2,2,9,9,9,9,9,9,9,9,12,12,12,12,12,12,12,12","0.0321509838104248","walktrap","edit-xhwikibooks.graphml"
"0.02","0.3","0.68","0.388399861909333","6,2,6,6,3,6,3,6,6,1,3,3,6,6,6,4,1,5,9,3,2,10,8,6,6,6,6,4,2,1,5,7,11,3,9,9,12,6,2,2,2,2,10,10,10,10,2,10,10,10,2,2,2,2,2,10,10,10,10,2,8,2,2,6,6,2,2,2,2,2,10,2,6,6,2,2,2,2,2,2,2,6,4,4,4,2,2,2,2,2,1,5,7,2,2,2,4,2,2,2,2,2,2,2,2,2,2,11,11,2,2,2,2,9,9,9,9,9,9,9,9,12,12,12,12,12,12,12,12","0.000959873199462891","walktrap","edit-xhwikibooks.graphml"
"0.01","0.31","0.68","0.388917800453515","6,2,6,6,3,6,3,6,6,1,3,3,6,6,6,4,1,5,9,3,2,11,8,6,6,6,6,4,2,1,5,7,10,3,9,9,12,6,2,2,2,2,11,11,11,11,2,11,11,11,2,2,2,2,2,11,11,11,11,2,8,2,2,6,6,2,2,2,2,2,11,2,6,6,2,2,2,2,2,2,2,6,4,4,4,2,2,2,2,2,1,5,7,2,2,2,4,2,2,2,2,2,2,2,2,2,2,10,10,2,2,2,2,9,9,9,9,9,9,9,9,12,12,12,12,12,12,12,12","0.000879049301147461","walktrap","edit-xhwikibooks.graphml"
"0","0.32","0.68","0.389714096295309","2,12,2,2,3,2,3,2,2,1,3,3,2,2,2,4,1,5,8,3,12,11,7,2,2,2,2,4,2,1,5,6,9,3,8,8,10,2,12,12,12,12,11,11,11,11,12,11,11,11,12,12,12,12,12,11,11,11,11,12,7,12,12,2,2,12,12,12,12,12,11,12,2,2,12,12,12,12,12,12,12,2,4,4,4,2,12,12,12,12,1,5,6,12,12,12,4,12,12,12,12,12,12,12,12,12,12,9,9,12,12,12,12,8,8,8,8,8,8,8,8,10,10,10,10,10,10,10,10","0.000897884368896484","walktrap","edit-xhwikibooks.graphml"
"0.31","0","0.69","0.391184964845863","4,3,4,4,4,2,4,2,2,1,4,4,2,2,2,5,1,6,7,4,3,9,2,2,2,2,2,5,3,1,6,8,11,4,7,7,10,2,3,3,3,3,9,9,9,9,3,9,9,9,3,3,3,3,3,9,9,9,9,3,2,3,3,2,2,3,3,3,3,3,9,3,2,2,3,3,3,3,3,3,3,2,5,5,5,3,3,3,3,3,1,6,8,3,3,3,5,3,3,3,3,3,3,3,3,3,3,11,11,3,3,3,3,7,7,7,7,7,7,7,7,10,10,10,10,10,10,10,10","0.000876903533935547","walktrap","edit-xhwikibooks.graphml"
"0.3","0.01","0.69","0.391184964845863","4,3,4,4,4,2,4,2,2,1,4,4,2,2,2,5,1,6,7,4,3,9,2,2,2,2,2,5,3,1,6,8,11,4,7,7,10,2,3,3,3,3,9,9,9,9,3,9,9,9,3,3,3,3,3,9,9,9,9,3,2,3,3,2,2,3,3,3,3,3,9,3,2,2,3,3,3,3,3,3,3,2,5,5,5,3,3,3,3,3,1,6,8,3,3,3,5,3,3,3,3,3,3,3,3,3,3,11,11,3,3,3,3,7,7,7,7,7,7,7,7,10,10,10,10,10,10,10,10","0.000866889953613281","walktrap","edit-xhwikibooks.graphml"
"0.29","0.02","0.69","0.391184964845863","4,3,4,4,4,2,4,2,2,1,4,4,2,2,2,5,1,6,7,4,3,9,2,2,2,2,2,5,3,1,6,8,11,4,7,7,10,2,3,3,3,3,9,9,9,9,3,9,9,9,3,3,3,3,3,9,9,9,9,3,2,3,3,2,2,3,3,3,3,3,9,3,2,2,3,3,3,3,3,3,3,2,5,5,5,3,3,3,3,3,1,6,8,3,3,3,5,3,3,3,3,3,3,3,3,3,3,11,11,3,3,3,3,7,7,7,7,7,7,7,7,10,10,10,10,10,10,10,10","0.000876903533935547","walktrap","edit-xhwikibooks.graphml"
"0.28","0.03","0.69","0.391039186686439","4,3,4,4,4,2,4,2,2,1,4,4,2,2,2,5,1,6,7,4,3,9,2,2,2,2,2,5,3,1,6,8,11,4,7,7,10,2,3,3,3,3,9,9,9,9,3,9,9,9,3,3,3,3,3,9,9,9,9,3,2,3,3,2,2,3,3,3,3,3,9,3,2,2,3,3,3,3,3,3,3,2,5,5,5,3,3,3,3,3,1,6,8,3,3,3,5,3,3,3,3,3,3,3,3,3,3,11,11,3,3,3,3,7,7,7,7,7,7,7,7,10,10,10,10,10,10,10,10","0.000818014144897461","walktrap","edit-xhwikibooks.graphml"
"0.27","0.04","0.69","0.391039186686439","4,3,4,4,4,2,4,2,2,1,4,4,2,2,2,5,1,6,7,4,3,9,2,2,2,2,2,5,3,1,6,8,11,4,7,7,10,2,3,3,3,3,9,9,9,9,3,9,9,9,3,3,3,3,3,9,9,9,9,3,2,3,3,2,2,3,3,3,3,3,9,3,2,2,3,3,3,3,3,3,3,2,5,5,5,3,3,3,3,3,1,6,8,3,3,3,5,3,3,3,3,3,3,3,3,3,3,11,11,3,3,3,3,7,7,7,7,7,7,7,7,10,10,10,10,10,10,10,10","0.000823020935058594","walktrap","edit-xhwikibooks.graphml"
"0.26","0.05","0.69","0.391181293511435","4,3,4,4,4,2,4,2,2,1,4,4,2,2,2,5,1,6,7,4,3,9,2,2,2,2,2,5,3,1,6,8,11,4,7,7,10,2,3,3,3,3,9,9,9,9,3,9,9,9,3,3,3,3,3,9,9,9,9,3,2,3,3,2,2,3,3,3,3,3,9,3,2,2,3,3,3,3,3,3,3,2,5,5,5,3,3,3,3,3,1,6,8,3,3,3,5,3,3,3,3,3,3,3,3,3,3,11,11,3,3,3,3,7,7,7,7,7,7,7,7,10,10,10,10,10,10,10,10","0.000802040100097656","walktrap","edit-xhwikibooks.graphml"
"0.25","0.06","0.69","0.391181293511435","4,3,4,4,4,2,4,2,2,1,4,4,2,2,2,5,1,6,7,4,3,9,2,2,2,2,2,5,3,1,6,8,11,4,7,7,10,2,3,3,3,3,9,9,9,9,3,9,9,9,3,3,3,3,3,9,9,9,9,3,2,3,3,2,2,3,3,3,3,3,9,3,2,2,3,3,3,3,3,3,3,2,5,5,5,3,3,3,3,3,1,6,8,3,3,3,5,3,3,3,3,3,3,3,3,3,3,11,11,3,3,3,3,7,7,7,7,7,7,7,7,10,10,10,10,10,10,10,10","0.000844001770019531","walktrap","edit-xhwikibooks.graphml"
"0.24","0.07","0.69","0.390889779089612","4,3,4,4,4,2,4,2,2,1,4,4,2,2,2,5,1,6,7,4,3,9,2,2,2,2,2,5,3,1,6,8,11,4,7,7,10,2,3,3,3,3,9,9,9,9,3,9,9,9,3,3,3,3,3,9,9,9,9,3,2,3,3,2,2,3,3,3,3,3,9,3,2,2,3,3,3,3,3,3,3,2,5,5,5,3,3,3,3,3,1,6,8,3,3,3,5,3,3,3,3,3,3,3,3,3,3,11,11,3,3,3,3,7,7,7,7,7,7,7,7,10,10,10,10,10,10,10,10","0.00132203102111816","walktrap","edit-xhwikibooks.graphml"
"0.23","0.08","0.69","0.385970608786794","1,3,1,1,4,1,4,1,1,2,4,4,1,1,1,5,2,6,7,4,3,10,1,1,1,1,1,5,3,2,6,8,11,4,7,7,9,1,3,3,3,3,10,10,10,10,3,10,10,10,3,3,3,3,3,10,10,10,10,3,1,3,3,1,1,3,3,3,3,3,10,3,1,1,3,3,3,3,3,3,3,1,5,5,5,3,3,3,3,3,2,6,8,3,3,3,5,3,3,3,3,3,3,3,3,3,3,11,11,3,3,3,3,7,7,7,7,7,7,7,7,9,9,9,9,9,9,9,9","0.000959873199462891","walktrap","edit-xhwikibooks.graphml"
"0.22","0.09","0.69","0.385825679157029","1,3,1,1,4,1,4,1,1,2,4,4,1,1,1,5,2,6,7,4,3,10,1,1,1,1,1,5,3,2,6,8,11,4,7,7,9,1,3,3,3,3,10,10,10,10,3,10,10,10,3,3,3,3,3,10,10,10,10,3,1,3,3,1,1,3,3,3,3,3,10,3,1,1,3,3,3,3,3,3,3,1,5,5,5,3,3,3,3,3,2,6,8,3,3,3,5,3,3,3,3,3,3,3,3,3,3,11,11,3,3,3,3,7,7,7,7,7,7,7,7,9,9,9,9,9,9,9,9","0.000850915908813477","walktrap","edit-xhwikibooks.graphml"
"0.21","0.1","0.69","0.385825679157029","1,3,1,1,4,1,4,1,1,2,4,4,1,1,1,5,2,6,7,4,3,10,1,1,1,1,1,5,3,2,6,8,11,4,7,7,9,1,3,3,3,3,10,10,10,10,3,10,10,10,3,3,3,3,3,10,10,10,10,3,1,3,3,1,1,3,3,3,3,3,10,3,1,1,3,3,3,3,3,3,3,1,5,5,5,3,3,3,3,3,2,6,8,3,3,3,5,3,3,3,3,3,3,3,3,3,3,11,11,3,3,3,3,7,7,7,7,7,7,7,7,9,9,9,9,9,9,9,9","0.000826120376586914","walktrap","edit-xhwikibooks.graphml"
"0.2","0.11","0.69","0.386169557898193","1,3,1,1,4,1,4,1,1,2,4,4,1,1,1,5,2,6,7,4,3,10,1,1,1,1,1,5,3,2,6,8,11,4,7,7,9,1,3,3,3,3,10,10,10,10,3,10,10,10,3,3,3,3,3,10,10,10,10,3,1,3,3,1,1,3,3,3,3,3,10,3,1,1,3,3,3,3,3,3,3,1,5,5,5,3,3,3,3,3,2,6,8,3,3,3,5,3,3,3,3,3,3,3,3,3,3,11,11,3,3,3,3,7,7,7,7,7,7,7,7,9,9,9,9,9,9,9,9","0.000825881958007812","walktrap","edit-xhwikibooks.graphml"
"0.19","0.12","0.69","0.386448942917272","5,2,5,5,3,5,3,5,5,1,3,3,5,5,5,4,1,6,9,3,2,10,8,5,5,5,5,4,2,1,6,7,12,3,9,9,11,5,2,2,2,2,10,10,10,10,2,10,10,10,2,2,2,2,2,10,10,10,10,2,8,2,2,5,5,2,2,2,2,2,10,2,5,5,2,2,2,2,2,2,2,5,4,4,4,2,2,2,2,2,1,6,7,2,2,2,4,2,2,2,2,2,2,2,2,2,2,12,12,2,2,2,2,9,9,9,9,9,9,9,9,11,11,11,11,11,11,11,11","0.000854015350341797","walktrap","edit-xhwikibooks.graphml"
"0.18","0.13","0.69","0.386448942917272","5,2,5,5,3,5,3,5,5,1,3,3,5,5,5,4,1,6,9,3,2,10,8,5,5,5,5,4,2,1,6,7,12,3,9,9,11,5,2,2,2,2,10,10,10,10,2,10,10,10,2,2,2,2,2,10,10,10,10,2,8,2,2,5,5,2,2,2,2,2,10,2,5,5,2,2,2,2,2,2,2,5,4,4,4,2,2,2,2,2,1,6,7,2,2,2,4,2,2,2,2,2,2,2,2,2,2,12,12,2,2,2,2,9,9,9,9,9,9,9,9,11,11,11,11,11,11,11,11","0.000869989395141602","walktrap","edit-xhwikibooks.graphml"
"0.17","0.14","0.69","0.386448942917272","5,2,5,5,3,5,3,5,5,1,3,3,5,5,5,4,1,6,9,3,2,10,8,5,5,5,5,4,2,1,6,7,12,3,9,9,11,5,2,2,2,2,10,10,10,10,2,10,10,10,2,2,2,2,2,10,10,10,10,2,8,2,2,5,5,2,2,2,2,2,10,2,5,5,2,2,2,2,2,2,2,5,4,4,4,2,2,2,2,2,1,6,7,2,2,2,4,2,2,2,2,2,2,2,2,2,2,12,12,2,2,2,2,9,9,9,9,9,9,9,9,11,11,11,11,11,11,11,11","0.000813961029052734","walktrap","edit-xhwikibooks.graphml"
"0.16","0.15","0.69","0.386251453754748","4,2,4,4,3,4,3,4,4,1,3,3,4,4,4,5,1,6,9,3,2,10,8,4,4,4,4,5,2,1,6,7,12,3,9,9,11,4,2,2,2,2,10,10,10,10,2,10,10,10,2,2,2,2,2,10,10,10,10,2,8,2,2,4,4,2,2,2,2,2,10,2,4,4,2,2,2,2,2,2,2,4,5,5,5,2,2,2,2,2,1,6,7,2,2,2,5,2,2,2,2,2,2,2,2,2,2,12,12,2,2,2,2,9,9,9,9,9,9,9,9,11,11,11,11,11,11,11,11","0.000807046890258789","walktrap","edit-xhwikibooks.graphml"
"0.15","0.16","0.69","0.386756881115079","4,2,4,4,3,4,3,4,4,1,3,3,4,4,4,5,1,6,9,3,2,10,8,4,4,4,4,5,2,1,6,7,12,3,9,9,11,4,2,2,2,2,10,10,10,10,2,10,10,10,2,2,2,2,2,10,10,10,10,2,8,2,2,4,4,2,2,2,2,2,10,2,4,4,2,2,2,2,2,2,2,4,5,5,5,2,2,2,2,2,1,6,7,2,2,2,5,2,2,2,2,2,2,2,2,2,2,12,12,2,2,2,2,9,9,9,9,9,9,9,9,11,11,11,11,11,11,11,11","0.000825881958007812","walktrap","edit-xhwikibooks.graphml"
"0.14","0.17","0.69","0.387098569334683","4,2,4,4,3,4,3,4,4,1,3,3,4,4,4,5,1,6,9,3,2,10,8,4,4,4,4,5,2,1,6,7,12,3,9,9,11,4,2,2,2,2,10,10,10,10,2,10,10,10,2,2,2,2,2,10,10,10,10,2,8,2,2,4,4,2,2,2,2,2,10,2,4,4,2,2,2,2,2,2,2,4,5,5,5,2,2,2,2,2,1,6,7,2,2,2,5,2,2,2,2,2,2,2,2,2,2,12,12,2,2,2,2,9,9,9,9,9,9,9,9,11,11,11,11,11,11,11,11","0.00122690200805664","walktrap","edit-xhwikibooks.graphml"
"0.13","0.18","0.69","0.387098569334683","4,2,4,4,3,4,3,4,4,1,3,3,4,4,4,5,1,6,9,3,2,10,8,4,4,4,4,5,2,1,6,7,12,3,9,9,11,4,2,2,2,2,10,10,10,10,2,10,10,10,2,2,2,2,2,10,10,10,10,2,8,2,2,4,4,2,2,2,2,2,10,2,4,4,2,2,2,2,2,2,2,4,5,5,5,2,2,2,2,2,1,6,7,2,2,2,5,2,2,2,2,2,2,2,2,2,2,12,12,2,2,2,2,9,9,9,9,9,9,9,9,11,11,11,11,11,11,11,11","0.00107717514038086","walktrap","edit-xhwikibooks.graphml"
"0.12","0.19","0.69","0.386954029204976","4,2,4,4,3,4,3,4,4,1,3,3,4,4,4,5,1,6,9,3,2,10,8,4,4,4,4,5,2,1,6,7,12,3,9,9,11,4,2,2,2,2,10,10,10,10,2,10,10,10,2,2,2,2,2,10,10,10,10,2,8,2,2,4,4,2,2,2,2,2,10,2,4,4,2,2,2,2,2,2,2,4,5,5,5,2,2,2,2,2,1,6,7,2,2,2,5,2,2,2,2,2,2,2,2,2,2,12,12,2,2,2,2,9,9,9,9,9,9,9,9,11,11,11,11,11,11,11,11","0.00108194351196289","walktrap","edit-xhwikibooks.graphml"
"0.11","0.2","0.69","0.388070504869347","6,2,6,6,3,6,3,6,6,1,3,3,6,6,6,4,1,5,9,3,2,10,8,6,6,6,6,4,2,1,5,7,12,3,9,9,11,6,2,2,2,2,10,10,10,10,2,10,10,10,2,2,2,2,2,10,10,10,10,2,8,2,2,6,6,2,2,2,2,2,10,2,6,6,2,2,2,2,2,2,2,6,4,4,4,2,2,2,2,2,1,5,7,2,2,2,4,2,2,2,2,2,2,2,2,2,2,12,12,2,2,2,2,9,9,9,9,9,9,9,9,11,11,11,11,11,11,11,11","0.000824928283691406","walktrap","edit-xhwikibooks.graphml"
"0.1","0.21","0.69","0.387925859579055","6,2,6,6,3,6,3,6,6,1,3,3,6,6,6,4,1,5,9,3,2,10,8,6,6,6,6,4,2,1,5,7,12,3,9,9,11,6,2,2,2,2,10,10,10,10,2,10,10,10,2,2,2,2,2,10,10,10,10,2,8,2,2,6,6,2,2,2,2,2,10,2,6,6,2,2,2,2,2,2,2,6,4,4,4,2,2,2,2,2,1,5,7,2,2,2,4,2,2,2,2,2,2,2,2,2,2,12,12,2,2,2,2,9,9,9,9,9,9,9,9,11,11,11,11,11,11,11,11","0.000805139541625977","walktrap","edit-xhwikibooks.graphml"
"0.09","0.22","0.69","0.387440479934192","6,2,6,6,3,6,3,6,6,1,3,3,6,6,6,4,1,5,9,3,2,10,8,6,6,6,6,4,2,1,5,7,12,3,9,9,11,6,2,2,2,2,10,10,10,10,2,10,10,10,2,2,2,2,2,10,10,10,10,2,8,2,2,6,6,2,2,2,2,2,10,2,6,6,2,2,2,2,2,2,2,6,4,4,4,2,2,2,2,2,1,5,7,2,2,2,4,2,2,2,2,2,2,2,2,2,2,12,12,2,2,2,2,9,9,9,9,9,9,9,9,11,11,11,11,11,11,11,11","0.000793933868408203","walktrap","edit-xhwikibooks.graphml"
"0.08","0.23","0.69","0.388308680962369","6,2,6,6,3,6,3,6,6,1,3,3,6,6,6,4,1,5,9,3,2,10,8,6,6,6,6,4,2,1,5,7,11,3,9,9,12,6,2,2,2,2,10,10,10,10,2,10,10,10,2,2,2,2,2,10,10,10,10,2,8,2,2,6,6,2,2,2,2,2,10,2,6,6,2,2,2,2,2,2,2,6,4,4,4,2,2,2,2,2,1,5,7,2,2,2,4,2,2,2,2,2,2,2,2,2,2,11,11,2,2,2,2,9,9,9,9,9,9,9,9,12,12,12,12,12,12,12,12","0.000801801681518555","walktrap","edit-xhwikibooks.graphml"
"0.07","0.24","0.69","0.388810137757656","6,2,6,6,3,6,3,6,6,1,3,3,6,6,6,4,1,5,9,3,2,10,8,6,6,6,6,4,2,1,5,7,11,3,9,9,12,6,2,2,2,2,10,10,10,10,2,10,10,10,2,2,2,2,2,10,10,10,10,2,8,2,2,6,6,2,2,2,2,2,10,2,6,6,2,2,2,2,2,2,2,6,4,4,4,2,2,2,2,2,1,5,7,2,2,2,4,2,2,2,2,2,2,2,2,2,2,11,11,2,2,2,2,9,9,9,9,9,9,9,9,12,12,12,12,12,12,12,12","0.000810146331787109","walktrap","edit-xhwikibooks.graphml"
"0.06","0.25","0.69","0.390174074465796","6,2,6,6,3,6,3,6,6,1,3,3,6,6,6,4,1,5,9,3,2,10,8,6,6,6,6,4,2,1,5,7,11,3,9,9,12,6,2,2,2,2,10,10,10,10,2,10,10,10,2,2,2,2,2,10,10,10,10,2,8,2,2,6,6,2,2,2,2,2,10,2,6,6,2,2,2,2,2,2,2,6,4,4,4,2,2,2,2,2,1,5,7,2,2,2,4,2,2,2,2,2,2,2,2,2,2,11,11,2,2,2,2,9,9,9,9,9,9,9,9,12,12,12,12,12,12,12,12","0.000822067260742188","walktrap","edit-xhwikibooks.graphml"
"0.05","0.26","0.69","0.390174074465796","6,2,6,6,3,6,3,6,6,1,3,3,6,6,6,4,1,5,9,3,2,10,8,6,6,6,6,4,2,1,5,7,11,3,9,9,12,6,2,2,2,2,10,10,10,10,2,10,10,10,2,2,2,2,2,10,10,10,10,2,8,2,2,6,6,2,2,2,2,2,10,2,6,6,2,2,2,2,2,2,2,6,4,4,4,2,2,2,2,2,1,5,7,2,2,2,4,2,2,2,2,2,2,2,2,2,2,11,11,2,2,2,2,9,9,9,9,9,9,9,9,12,12,12,12,12,12,12,12","0.000809192657470703","walktrap","edit-xhwikibooks.graphml"
"0.04","0.27","0.69","0.390029363854595","6,2,6,6,3,6,3,6,6,1,3,3,6,6,6,4,1,5,9,3,2,10,8,6,6,6,6,4,2,1,5,7,11,3,9,9,12,6,2,2,2,2,10,10,10,10,2,10,10,10,2,2,2,2,2,10,10,10,10,2,8,2,2,6,6,2,2,2,2,2,10,2,6,6,2,2,2,2,2,2,2,6,4,4,4,2,2,2,2,2,1,5,7,2,2,2,4,2,2,2,2,2,2,2,2,2,2,11,11,2,2,2,2,9,9,9,9,9,9,9,9,12,12,12,12,12,12,12,12","0.000829935073852539","walktrap","edit-xhwikibooks.graphml"
"0.03","0.28","0.69","0.389884753939092","6,2,6,6,3,6,3,6,6,1,3,3,6,6,6,4,1,5,9,3,2,10,8,6,6,6,6,4,2,1,5,7,11,3,9,9,12,6,2,2,2,2,10,10,10,10,2,10,10,10,2,2,2,2,2,10,10,10,10,2,8,2,2,6,6,2,2,2,2,2,10,2,6,6,2,2,2,2,2,2,2,6,4,4,4,2,2,2,2,2,1,5,7,2,2,2,4,2,2,2,2,2,2,2,2,2,2,11,11,2,2,2,2,9,9,9,9,9,9,9,9,12,12,12,12,12,12,12,12","0.000813961029052734","walktrap","edit-xhwikibooks.graphml"
"0.02","0.29","0.69","0.381831260268155","6,2,6,6,3,6,3,6,6,1,3,3,6,6,6,4,1,5,9,3,2,10,8,6,6,6,6,4,2,1,5,7,11,3,9,9,12,6,2,2,2,2,10,10,10,10,2,10,10,10,2,2,2,2,2,10,10,10,10,2,8,2,2,6,6,2,2,2,2,2,10,2,6,6,2,2,2,2,2,2,2,6,4,4,4,2,2,2,2,2,1,5,7,2,2,2,4,2,2,2,2,2,2,2,2,2,2,11,11,2,2,2,2,9,9,9,9,9,9,9,9,12,12,12,12,12,12,12,12","0.000810146331787109","walktrap","edit-xhwikibooks.graphml"
"0.01","0.3","0.69","0.381687667421933","6,2,6,6,3,6,3,6,6,1,3,3,6,6,6,4,1,5,9,3,2,10,8,6,6,6,6,4,2,1,5,7,11,3,9,9,12,6,2,2,2,2,10,10,10,10,2,10,10,10,2,2,2,2,2,10,10,10,10,2,8,2,2,6,6,2,2,2,2,2,10,2,6,6,2,2,2,2,2,2,2,6,4,4,4,2,2,2,2,2,1,5,7,2,2,2,4,2,2,2,2,2,2,2,2,2,2,11,11,2,2,2,2,9,9,9,9,9,9,9,9,12,12,12,12,12,12,12,12","0.000813961029052734","walktrap","edit-xhwikibooks.graphml"
"0","0.31","0.69","0.38319455737347","2,12,2,2,3,2,3,2,2,1,3,3,2,2,2,4,1,5,8,3,12,11,7,2,2,2,2,4,2,1,5,6,9,3,8,8,10,2,12,12,12,12,11,11,11,11,12,11,11,11,12,12,12,12,12,11,11,11,11,12,7,12,12,2,2,12,12,12,12,12,11,12,2,2,12,12,12,12,12,12,12,2,4,4,4,2,12,12,12,12,1,5,6,12,12,12,4,12,12,12,12,12,12,12,12,12,12,9,9,12,12,12,12,8,8,8,8,8,8,8,8,10,10,10,10,10,10,10,10","0.000841140747070312","walktrap","edit-xhwikibooks.graphml"
"0.3","0","0.7","0.392635363999164","4,3,4,4,4,2,4,2,2,1,4,4,2,2,2,5,1,6,7,4,3,9,2,2,2,2,2,5,3,1,6,8,11,4,7,7,10,2,3,3,3,3,9,9,9,9,3,9,9,9,3,3,3,3,3,9,9,9,9,3,2,3,3,2,2,3,3,3,3,3,9,3,2,2,3,3,3,3,3,3,3,2,5,5,5,3,3,3,3,3,1,6,8,3,3,3,5,3,3,3,3,3,3,3,3,3,3,11,11,3,3,3,3,7,7,7,7,7,7,7,7,10,10,10,10,10,10,10,10","0.000813961029052734","walktrap","edit-xhwikibooks.graphml"
"0.29","0.01","0.7","0.391184964845863","4,3,4,4,4,2,4,2,2,1,4,4,2,2,2,5,1,6,7,4,3,9,2,2,2,2,2,5,3,1,6,8,11,4,7,7,10,2,3,3,3,3,9,9,9,9,3,9,9,9,3,3,3,3,3,9,9,9,9,3,2,3,3,2,2,3,3,3,3,3,9,3,2,2,3,3,3,3,3,3,3,2,5,5,5,3,3,3,3,3,1,6,8,3,3,3,5,3,3,3,3,3,3,3,3,3,3,11,11,3,3,3,3,7,7,7,7,7,7,7,7,10,10,10,10,10,10,10,10","0.000813007354736328","walktrap","edit-xhwikibooks.graphml"
"0.28","0.02","0.7","0.391184964845863","4,3,4,4,4,2,4,2,2,1,4,4,2,2,2,5,1,6,7,4,3,9,2,2,2,2,2,5,3,1,6,8,11,4,7,7,10,2,3,3,3,3,9,9,9,9,3,9,9,9,3,3,3,3,3,9,9,9,9,3,2,3,3,2,2,3,3,3,3,3,9,3,2,2,3,3,3,3,3,3,3,2,5,5,5,3,3,3,3,3,1,6,8,3,3,3,5,3,3,3,3,3,3,3,3,3,3,11,11,3,3,3,3,7,7,7,7,7,7,7,7,10,10,10,10,10,10,10,10","0.000818014144897461","walktrap","edit-xhwikibooks.graphml"
"0.27","0.03","0.7","0.391039186686439","4,3,4,4,4,2,4,2,2,1,4,4,2,2,2,5,1,6,7,4,3,9,2,2,2,2,2,5,3,1,6,8,11,4,7,7,10,2,3,3,3,3,9,9,9,9,3,9,9,9,3,3,3,3,3,9,9,9,9,3,2,3,3,2,2,3,3,3,3,3,9,3,2,2,3,3,3,3,3,3,3,2,5,5,5,3,3,3,3,3,1,6,8,3,3,3,5,3,3,3,3,3,3,3,3,3,3,11,11,3,3,3,3,7,7,7,7,7,7,7,7,10,10,10,10,10,10,10,10","0.000813007354736328","walktrap","edit-xhwikibooks.graphml"
"0.26","0.04","0.7","0.391039186686439","4,3,4,4,4,2,4,2,2,1,4,4,2,2,2,5,1,6,7,4,3,9,2,2,2,2,2,5,3,1,6,8,11,4,7,7,10,2,3,3,3,3,9,9,9,9,3,9,9,9,3,3,3,3,3,9,9,9,9,3,2,3,3,2,2,3,3,3,3,3,9,3,2,2,3,3,3,3,3,3,3,2,5,5,5,3,3,3,3,3,1,6,8,3,3,3,5,3,3,3,3,3,3,3,3,3,3,11,11,3,3,3,3,7,7,7,7,7,7,7,7,10,10,10,10,10,10,10,10","0.000810146331787109","walktrap","edit-xhwikibooks.graphml"
"0.25","0.05","0.7","0.390893510489076","4,3,4,4,4,2,4,2,2,1,4,4,2,2,2,5,1,6,7,4,3,9,2,2,2,2,2,5,3,1,6,8,11,4,7,7,10,2,3,3,3,3,9,9,9,9,3,9,9,9,3,3,3,3,3,9,9,9,9,3,2,3,3,2,2,3,3,3,3,3,9,3,2,2,3,3,3,3,3,3,3,2,5,5,5,3,3,3,3,3,1,6,8,3,3,3,5,3,3,3,3,3,3,3,3,3,3,11,11,3,3,3,3,7,7,7,7,7,7,7,7,10,10,10,10,10,10,10,10","0.000861883163452148","walktrap","edit-xhwikibooks.graphml"
"0.24","0.06","0.7","0.390747936158384","4,3,4,4,4,2,4,2,2,1,4,4,2,2,2,5,1,6,7,4,3,9,2,2,2,2,2,5,3,1,6,8,11,4,7,7,10,2,3,3,3,3,9,9,9,9,3,9,9,9,3,3,3,3,3,9,9,9,9,3,2,3,3,2,2,3,3,3,3,3,9,3,2,2,3,3,3,3,3,3,3,2,5,5,5,3,3,3,3,3,1,6,8,3,3,3,5,3,3,3,3,3,3,3,3,3,3,11,11,3,3,3,3,7,7,7,7,7,7,7,7,10,10,10,10,10,10,10,10","0.000833034515380859","walktrap","edit-xhwikibooks.graphml"
"0.23","0.07","0.7","0.390602463599065","4,3,4,4,4,2,4,2,2,1,4,4,2,2,2,5,1,6,7,4,3,9,2,2,2,2,2,5,3,1,6,8,11,4,7,7,10,2,3,3,3,3,9,9,9,9,3,9,9,9,3,3,3,3,3,9,9,9,9,3,2,3,3,2,2,3,3,3,3,3,9,3,2,2,3,3,3,3,3,3,3,2,5,5,5,3,3,3,3,3,1,6,8,3,3,3,5,3,3,3,3,3,3,3,3,3,3,11,11,3,3,3,3,7,7,7,7,7,7,7,7,10,10,10,10,10,10,10,10","0.000875949859619141","walktrap","edit-xhwikibooks.graphml"
"0.22","0.08","0.7","0.39110136142678","4,3,4,4,4,2,4,2,2,1,4,4,2,2,2,5,1,6,7,4,3,10,2,2,2,2,2,5,3,1,6,8,11,4,7,7,9,2,3,3,3,3,10,10,10,10,3,10,10,10,3,3,3,3,3,10,10,10,10,3,2,3,3,2,2,3,3,3,3,3,10,3,2,2,3,3,3,3,3,3,3,2,5,5,5,3,3,3,3,3,1,6,8,3,3,3,5,3,3,3,3,3,3,3,3,3,3,11,11,3,3,3,3,7,7,7,7,7,7,7,7,9,9,9,9,9,9,9,9","0.000804901123046875","walktrap","edit-xhwikibooks.graphml"
"0.21","0.09","0.7","0.390955924872901","4,3,4,4,4,2,4,2,2,1,4,4,2,2,2,5,1,6,7,4,3,10,2,2,2,2,2,5,3,1,6,8,11,4,7,7,9,2,3,3,3,3,10,10,10,10,3,10,10,10,3,3,3,3,3,10,10,10,10,3,2,3,3,2,2,3,3,3,3,3,10,3,2,2,3,3,3,3,3,3,3,2,5,5,5,3,3,3,3,3,1,6,8,3,3,3,5,3,3,3,3,3,3,3,3,3,3,11,11,3,3,3,3,7,7,7,7,7,7,7,7,9,9,9,9,9,9,9,9","0.000797033309936523","walktrap","edit-xhwikibooks.graphml"
"0.2","0.1","0.7","0.392016021596903","4,3,4,4,4,2,4,2,2,1,4,4,2,2,2,5,1,6,7,4,3,10,2,2,2,2,2,5,3,1,6,8,11,4,7,7,9,2,3,3,3,3,10,10,10,10,3,10,10,10,3,3,3,3,3,10,10,10,10,3,2,3,3,2,2,3,3,3,3,3,10,3,2,2,3,3,3,3,3,3,3,2,5,5,5,3,3,3,3,3,1,6,8,3,3,3,5,3,3,3,3,3,3,3,3,3,3,11,11,3,3,3,3,7,7,7,7,7,7,7,7,9,9,9,9,9,9,9,9","0.000799894332885742","walktrap","edit-xhwikibooks.graphml"
"0.19","0.11","0.7","0.386371623714281","1,3,1,1,4,1,4,1,1,2,4,4,1,1,1,5,2,6,7,4,3,10,1,1,1,1,1,5,3,2,6,8,11,4,7,7,9,1,3,3,3,3,10,10,10,10,3,10,10,10,3,3,3,3,3,10,10,10,10,3,1,3,3,1,1,3,3,3,3,3,10,3,1,1,3,3,3,3,3,3,3,1,5,5,5,3,3,3,3,3,2,6,8,3,3,3,5,3,3,3,3,3,3,3,3,3,3,11,11,3,3,3,3,7,7,7,7,7,7,7,7,9,9,9,9,9,9,9,9","0.000796079635620117","walktrap","edit-xhwikibooks.graphml"
"0.18","0.12","0.7","0.386163555303714","5,2,5,5,3,5,3,5,5,1,3,3,5,5,5,4,1,6,9,3,2,10,8,5,5,5,5,4,2,1,6,7,12,3,9,9,11,5,2,2,2,2,10,10,10,10,2,10,10,10,2,2,2,2,2,10,10,10,10,2,8,2,2,5,5,2,2,2,2,2,10,2,5,5,2,2,2,2,2,2,2,5,4,4,4,2,2,2,2,2,1,6,7,2,2,2,4,2,2,2,2,2,2,2,2,2,2,12,12,2,2,2,2,9,9,9,9,9,9,9,9,11,11,11,11,11,11,11,11","0.000804901123046875","walktrap","edit-xhwikibooks.graphml"
"0.17","0.13","0.7","0.386019301658639","5,2,5,5,3,5,3,5,5,1,3,3,5,5,5,4,1,6,9,3,2,10,8,5,5,5,5,4,2,1,6,7,12,3,9,9,11,5,2,2,2,2,10,10,10,10,2,10,10,10,2,2,2,2,2,10,10,10,10,2,8,2,2,5,5,2,2,2,2,2,10,2,5,5,2,2,2,2,2,2,2,5,4,4,4,2,2,2,2,2,1,6,7,2,2,2,4,2,2,2,2,2,2,2,2,2,2,12,12,2,2,2,2,9,9,9,9,9,9,9,9,11,11,11,11,11,11,11,11","0.000825881958007812","walktrap","edit-xhwikibooks.graphml"
"0.16","0.14","0.7","0.386019301658639","5,2,5,5,3,5,3,5,5,1,3,3,5,5,5,4,1,6,9,3,2,10,8,5,5,5,5,4,2,1,6,7,12,3,9,9,11,5,2,2,2,2,10,10,10,10,2,10,10,10,2,2,2,2,2,10,10,10,10,2,8,2,2,5,5,2,2,2,2,2,10,2,5,5,2,2,2,2,2,2,2,5,4,4,4,2,2,2,2,2,1,6,7,2,2,2,4,2,2,2,2,2,2,2,2,2,2,12,12,2,2,2,2,9,9,9,9,9,9,9,9,11,11,11,11,11,11,11,11","0.000846147537231445","walktrap","edit-xhwikibooks.graphml"
"0.15","0.15","0.7","0.386847845844245","5,2,5,5,3,5,3,5,5,1,3,3,5,5,5,4,1,6,9,3,2,10,8,5,5,5,5,4,2,1,6,7,12,3,9,9,11,5,2,2,2,2,10,10,10,10,2,10,10,10,2,2,2,2,2,10,10,10,10,2,8,2,2,5,5,2,2,2,2,2,10,2,5,5,2,2,2,2,2,2,2,5,4,4,4,2,2,2,2,2,1,6,7,2,2,2,4,2,2,2,2,2,2,2,2,2,2,12,12,2,2,2,2,9,9,9,9,9,9,9,9,11,11,11,11,11,11,11,11","0.000818967819213867","walktrap","edit-xhwikibooks.graphml"
"0.14","0.16","0.7","0.387351050635011","5,2,5,5,3,5,3,5,5,1,3,3,5,5,5,4,1,6,9,3,2,10,8,5,5,5,5,4,2,1,6,7,12,3,9,9,11,5,2,2,2,2,10,10,10,10,2,10,10,10,2,2,2,2,2,10,10,10,10,2,8,2,2,5,5,2,2,2,2,2,10,2,5,5,2,2,2,2,2,2,2,5,4,4,4,2,2,2,2,2,1,6,7,2,2,2,4,2,2,2,2,2,2,2,2,2,2,12,12,2,2,2,2,9,9,9,9,9,9,9,9,11,11,11,11,11,11,11,11","0.000863790512084961","walktrap","edit-xhwikibooks.graphml"
"0.13","0.17","0.7","0.387691186270884","5,2,5,5,3,5,3,5,5,1,3,3,5,5,5,4,1,6,9,3,2,10,8,5,5,5,5,4,2,1,6,7,12,3,9,9,11,5,2,2,2,2,10,10,10,10,2,10,10,10,2,2,2,2,2,10,10,10,10,2,8,2,2,5,5,2,2,2,2,2,10,2,5,5,2,2,2,2,2,2,2,5,4,4,4,2,2,2,2,2,1,6,7,2,2,2,4,2,2,2,2,2,2,2,2,2,2,12,12,2,2,2,2,9,9,9,9,9,9,9,9,11,11,11,11,11,11,11,11","0.00084996223449707","walktrap","edit-xhwikibooks.graphml"
"0.12","0.18","0.7","0.387691186270884","5,2,5,5,3,5,3,5,5,1,3,3,5,5,5,4,1,6,9,3,2,10,8,5,5,5,5,4,2,1,6,7,12,3,9,9,11,5,2,2,2,2,10,10,10,10,2,10,10,10,2,2,2,2,2,10,10,10,10,2,8,2,2,5,5,2,2,2,2,2,10,2,5,5,2,2,2,2,2,2,2,5,4,4,4,2,2,2,2,2,1,6,7,2,2,2,4,2,2,2,2,2,2,2,2,2,2,12,12,2,2,2,2,9,9,9,9,9,9,9,9,11,11,11,11,11,11,11,11","0.00115680694580078","walktrap","edit-xhwikibooks.graphml"
"0.11","0.19","0.7","0.387547009329192","5,2,5,5,3,5,3,5,5,1,3,3,5,5,5,4,1,6,9,3,2,10,8,5,5,5,5,4,2,1,6,7,12,3,9,9,11,5,2,2,2,2,10,10,10,10,2,10,10,10,2,2,2,2,2,10,10,10,10,2,8,2,2,5,5,2,2,2,2,2,10,2,5,5,2,2,2,2,2,2,2,5,4,4,4,2,2,2,2,2,1,6,7,2,2,2,4,2,2,2,2,2,2,2,2,2,2,12,12,2,2,2,2,9,9,9,9,9,9,9,9,11,11,11,11,11,11,11,11","0.00113701820373535","walktrap","edit-xhwikibooks.graphml"
"0.1","0.2","0.7","0.38851286654119","6,2,6,6,3,6,3,6,6,1,3,3,6,6,6,4,1,5,9,3,2,10,8,6,6,6,6,4,2,1,5,7,12,3,9,9,11,6,2,2,2,2,10,10,10,10,2,10,10,10,2,2,2,2,2,10,10,10,10,2,8,2,2,6,6,2,2,2,2,2,10,2,6,6,2,2,2,2,2,2,2,6,4,4,4,2,2,2,2,2,1,5,7,2,2,2,4,2,2,2,2,2,2,2,2,2,2,12,12,2,2,2,2,9,9,9,9,9,9,9,9,11,11,11,11,11,11,11,11","0.00106406211853027","walktrap","edit-xhwikibooks.graphml"
"0.09","0.21","0.7","0.387636872601685","6,2,6,6,3,6,3,6,6,1,3,3,6,6,6,4,1,5,9,3,2,10,8,6,6,6,6,4,2,1,5,7,12,3,9,9,11,6,2,2,2,2,10,10,10,10,2,10,10,10,2,2,2,2,2,10,10,10,10,2,8,2,2,6,6,2,2,2,2,2,10,2,6,6,2,2,2,2,2,2,2,6,4,4,4,2,2,2,2,2,1,5,7,2,2,2,4,2,2,2,2,2,2,2,2,2,2,12,12,2,2,2,2,9,9,9,9,9,9,9,9,11,11,11,11,11,11,11,11","0.00102901458740234","walktrap","edit-xhwikibooks.graphml"
"0.08","0.22","0.7","0.387636872601685","6,2,6,6,3,6,3,6,6,1,3,3,6,6,6,4,1,5,9,3,2,10,8,6,6,6,6,4,2,1,5,7,12,3,9,9,11,6,2,2,2,2,10,10,10,10,2,10,10,10,2,2,2,2,2,10,10,10,10,2,8,2,2,6,6,2,2,2,2,2,10,2,6,6,2,2,2,2,2,2,2,6,4,4,4,2,2,2,2,2,1,5,7,2,2,2,4,2,2,2,2,2,2,2,2,2,2,12,12,2,2,2,2,9,9,9,9,9,9,9,9,11,11,11,11,11,11,11,11","0.000833988189697266","walktrap","edit-xhwikibooks.graphml"
"0.07","0.23","0.7","0.388503624494347","6,2,6,6,3,6,3,6,6,1,3,3,6,6,6,4,1,5,9,3,2,10,8,6,6,6,6,4,2,1,5,7,11,3,9,9,12,6,2,2,2,2,10,10,10,10,2,10,10,10,2,2,2,2,2,10,10,10,10,2,8,2,2,6,6,2,2,2,2,2,10,2,6,6,2,2,2,2,2,2,2,6,4,4,4,2,2,2,2,2,1,5,7,2,2,2,4,2,2,2,2,2,2,2,2,2,2,11,11,2,2,2,2,9,9,9,9,9,9,9,9,12,12,12,12,12,12,12,12","0.000810861587524414","walktrap","edit-xhwikibooks.graphml"
"0.06","0.24","0.7","0.389004295502392","6,2,6,6,3,6,3,6,6,1,3,3,6,6,6,4,1,5,9,3,2,10,8,6,6,6,6,4,2,1,5,7,11,3,9,9,12,6,2,2,2,2,10,10,10,10,2,10,10,10,2,2,2,2,2,10,10,10,10,2,8,2,2,6,6,2,2,2,2,2,10,2,6,6,2,2,2,2,2,2,2,6,4,4,4,2,2,2,2,2,1,5,7,2,2,2,4,2,2,2,2,2,2,2,2,2,2,11,11,2,2,2,2,9,9,9,9,9,9,9,9,12,12,12,12,12,12,12,12","0.000771045684814453","walktrap","edit-xhwikibooks.graphml"
"0.05","0.25","0.7","0.390365158515473","6,2,6,6,3,6,3,6,6,1,3,3,6,6,6,4,1,5,9,3,2,10,8,6,6,6,6,4,2,1,5,7,11,3,9,9,12,6,2,2,2,2,10,10,10,10,2,10,10,10,2,2,2,2,2,10,10,10,10,2,8,2,2,6,6,2,2,2,2,2,10,2,6,6,2,2,2,2,2,2,2,6,4,4,4,2,2,2,2,2,1,5,7,2,2,2,4,2,2,2,2,2,2,2,2,2,2,11,11,2,2,2,2,9,9,9,9,9,9,9,9,12,12,12,12,12,12,12,12","0.000782012939453125","walktrap","edit-xhwikibooks.graphml"
"0.04","0.26","0.7","0.390220599503823","6,2,6,6,3,6,3,6,6,1,3,3,6,6,6,4,1,5,9,3,2,10,8,6,6,6,6,4,2,1,5,7,11,3,9,9,12,6,2,2,2,2,10,10,10,10,2,10,10,10,2,2,2,2,2,10,10,10,10,2,8,2,2,6,6,2,2,2,2,2,10,2,6,6,2,2,2,2,2,2,2,6,4,4,4,2,2,2,2,2,1,5,7,2,2,2,4,2,2,2,2,2,2,2,2,2,2,11,11,2,2,2,2,9,9,9,9,9,9,9,9,12,12,12,12,12,12,12,12","0.000815868377685547","walktrap","edit-xhwikibooks.graphml"
"0.03","0.27","0.7","0.390220599503823","6,2,6,6,3,6,3,6,6,1,3,3,6,6,6,4,1,5,9,3,2,10,8,6,6,6,6,4,2,1,5,7,11,3,9,9,12,6,2,2,2,2,10,10,10,10,2,10,10,10,2,2,2,2,2,10,10,10,10,2,8,2,2,6,6,2,2,2,2,2,10,2,6,6,2,2,2,2,2,2,2,6,4,4,4,2,2,2,2,2,1,5,7,2,2,2,4,2,2,2,2,2,2,2,2,2,2,11,11,2,2,2,2,9,9,9,9,9,9,9,9,12,12,12,12,12,12,12,12","0.000822067260742188","walktrap","edit-xhwikibooks.graphml"
"0.02","0.28","0.7","0.390076140917928","6,2,6,6,3,6,3,6,6,1,3,3,6,6,6,4,1,5,9,3,2,10,8,6,6,6,6,4,2,1,5,7,11,3,9,9,12,6,2,2,2,2,10,10,10,10,2,10,10,10,2,2,2,2,2,10,10,10,10,2,8,2,2,6,6,2,2,2,2,2,10,2,6,6,2,2,2,2,2,2,2,6,4,4,4,2,2,2,2,2,1,5,7,2,2,2,4,2,2,2,2,2,2,2,2,2,2,11,11,2,2,2,2,9,9,9,9,9,9,9,9,12,12,12,12,12,12,12,12","0.000895977020263672","walktrap","edit-xhwikibooks.graphml"
"0.01","0.29","0.7","0.391034019417012","6,2,6,6,3,6,3,6,6,1,3,3,6,6,6,4,1,5,9,3,2,10,8,6,6,6,6,4,2,1,5,7,11,3,9,9,12,6,2,2,2,2,10,10,10,10,2,10,10,10,2,2,2,2,2,10,10,10,10,2,8,2,2,6,6,2,2,2,2,2,10,2,6,6,2,2,2,2,2,2,2,6,4,4,4,2,2,2,2,2,1,5,7,2,2,2,4,2,2,2,2,2,2,2,2,2,2,11,11,2,2,2,2,9,9,9,9,9,9,9,9,12,12,12,12,12,12,12,12","0.000890016555786133","walktrap","edit-xhwikibooks.graphml"
"0","0.3","0.7","0.391802763951999","2,12,2,2,3,2,3,2,2,1,3,3,2,2,2,4,1,5,8,3,12,9,7,2,2,2,2,4,2,1,5,6,10,3,8,8,11,2,12,12,12,12,9,9,9,9,12,9,9,9,12,12,12,12,12,9,9,9,9,12,7,12,12,2,2,12,12,12,12,12,9,12,2,2,12,12,12,12,12,12,12,2,4,4,4,2,12,12,12,12,1,5,6,12,12,12,4,12,12,12,12,12,12,12,12,12,12,10,10,12,12,12,12,8,8,8,8,8,8,8,8,11,11,11,11,11,11,11,11","0.00082087516784668","walktrap","edit-xhwikibooks.graphml"
"0.29","0","0.71","0.38574376894068","4,3,4,4,4,2,4,2,2,1,4,4,2,2,2,5,1,6,7,4,3,9,2,2,2,2,2,5,3,1,6,8,11,4,7,7,10,2,3,3,3,3,9,9,9,9,3,9,9,9,3,3,3,3,3,9,9,9,9,3,2,3,3,2,2,3,3,3,3,3,9,3,2,2,3,3,3,3,3,3,3,2,5,5,5,3,3,3,3,3,1,6,8,3,3,3,5,3,3,3,3,3,3,3,3,3,3,11,11,3,3,3,3,7,7,7,7,7,7,7,7,10,10,10,10,10,10,10,10","0.000794887542724609","walktrap","edit-xhwikibooks.graphml"
"0.28","0.01","0.71","0.38574376894068","4,3,4,4,4,2,4,2,2,1,4,4,2,2,2,5,1,6,7,4,3,9,2,2,2,2,2,5,3,1,6,8,11,4,7,7,10,2,3,3,3,3,9,9,9,9,3,9,9,9,3,3,3,3,3,9,9,9,9,3,2,3,3,2,2,3,3,3,3,3,9,3,2,2,3,3,3,3,3,3,3,2,5,5,5,3,3,3,3,3,1,6,8,3,3,3,5,3,3,3,3,3,3,3,3,3,3,11,11,3,3,3,3,7,7,7,7,7,7,7,7,10,10,10,10,10,10,10,10","0.000791072845458984","walktrap","edit-xhwikibooks.graphml"
"0.27","0.02","0.71","0.38574376894068","4,3,4,4,4,2,4,2,2,1,4,4,2,2,2,5,1,6,7,4,3,9,2,2,2,2,2,5,3,1,6,8,11,4,7,7,10,2,3,3,3,3,9,9,9,9,3,9,9,9,3,3,3,3,3,9,9,9,9,3,2,3,3,2,2,3,3,3,3,3,9,3,2,2,3,3,3,3,3,3,3,2,5,5,5,3,3,3,3,3,1,6,8,3,3,3,5,3,3,3,3,3,3,3,3,3,3,11,11,3,3,3,3,7,7,7,7,7,7,7,7,10,10,10,10,10,10,10,10","0.0007781982421875","walktrap","edit-xhwikibooks.graphml"
"0.26","0.03","0.71","0.385602614582895","4,3,4,4,4,2,4,2,2,1,4,4,2,2,2,5,1,6,7,4,3,9,2,2,2,2,2,5,3,1,6,8,11,4,7,7,10,2,3,3,3,3,9,9,9,9,3,9,9,9,3,3,3,3,3,9,9,9,9,3,2,3,3,2,2,3,3,3,3,3,9,3,2,2,3,3,3,3,3,3,3,2,5,5,5,3,3,3,3,3,1,6,8,3,3,3,5,3,3,3,3,3,3,3,3,3,3,11,11,3,3,3,3,7,7,7,7,7,7,7,7,10,10,10,10,10,10,10,10","0.000804901123046875","walktrap","edit-xhwikibooks.graphml"
"0.25","0.04","0.71","0.385602614582895","4,3,4,4,4,2,4,2,2,1,4,4,2,2,2,5,1,6,7,4,3,9,2,2,2,2,2,5,3,1,6,8,11,4,7,7,10,2,3,3,3,3,9,9,9,9,3,9,9,9,3,3,3,3,3,9,9,9,9,3,2,3,3,2,2,3,3,3,3,3,9,3,2,2,3,3,3,3,3,3,3,2,5,5,5,3,3,3,3,3,1,6,8,3,3,3,5,3,3,3,3,3,3,3,3,3,3,11,11,3,3,3,3,7,7,7,7,7,7,7,7,10,10,10,10,10,10,10,10","0.000809907913208008","walktrap","edit-xhwikibooks.graphml"
"0.24","0.05","0.71","0.385461557497318","4,3,4,4,4,2,4,2,2,1,4,4,2,2,2,5,1,6,7,4,3,9,2,2,2,2,2,5,3,1,6,8,11,4,7,7,10,2,3,3,3,3,9,9,9,9,3,9,9,9,3,3,3,3,3,9,9,9,9,3,2,3,3,2,2,3,3,3,3,3,9,3,2,2,3,3,3,3,3,3,3,2,5,5,5,3,3,3,3,3,1,6,8,3,3,3,5,3,3,3,3,3,3,3,3,3,3,11,11,3,3,3,3,7,7,7,7,7,7,7,7,10,10,10,10,10,10,10,10","0.000829935073852539","walktrap","edit-xhwikibooks.graphml"
"0.23","0.06","0.71","0.385320597593552","4,3,4,4,4,2,4,2,2,1,4,4,2,2,2,5,1,6,7,4,3,9,2,2,2,2,2,5,3,1,6,8,11,4,7,7,10,2,3,3,3,3,9,9,9,9,3,9,9,9,3,3,3,3,3,9,9,9,9,3,2,3,3,2,2,3,3,3,3,3,9,3,2,2,3,3,3,3,3,3,3,2,5,5,5,3,3,3,3,3,1,6,8,3,3,3,5,3,3,3,3,3,3,3,3,3,3,11,11,3,3,3,3,7,7,7,7,7,7,7,7,10,10,10,10,10,10,10,10","0.000800848007202148","walktrap","edit-xhwikibooks.graphml"
"0.22","0.07","0.71","0.38517973478129","4,3,4,4,4,2,4,2,2,1,4,4,2,2,2,5,1,6,7,4,3,9,2,2,2,2,2,5,3,1,6,8,11,4,7,7,10,2,3,3,3,3,9,9,9,9,3,9,9,9,3,3,3,3,3,9,9,9,9,3,2,3,3,2,2,3,3,3,3,3,9,3,2,2,3,3,3,3,3,3,3,2,5,5,5,3,3,3,3,3,1,6,8,3,3,3,5,3,3,3,3,3,3,3,3,3,3,11,11,3,3,3,3,7,7,7,7,7,7,7,7,10,10,10,10,10,10,10,10","0.000818967819213867","walktrap","edit-xhwikibooks.graphml"
"0.21","0.08","0.71","0.386197662871504","4,3,4,4,4,2,4,2,2,1,4,4,2,2,2,5,1,6,7,4,3,10,2,2,2,2,2,5,3,1,6,8,11,4,7,7,9,2,3,3,3,3,10,10,10,10,3,10,10,10,3,3,3,3,3,10,10,10,10,3,2,3,3,2,2,3,3,3,3,3,10,3,2,2,3,3,3,3,3,3,3,2,5,5,5,3,3,3,3,3,1,6,8,3,3,3,5,3,3,3,3,3,3,3,3,3,3,11,11,3,3,3,3,7,7,7,7,7,7,7,7,9,9,9,9,9,9,9,9","0.000887870788574219","walktrap","edit-xhwikibooks.graphml"
"0.2","0.09","0.71","0.386197662871504","4,3,4,4,4,2,4,2,2,1,4,4,2,2,2,5,1,6,7,4,3,10,2,2,2,2,2,5,3,1,6,8,11,4,7,7,9,2,3,3,3,3,10,10,10,10,3,10,10,10,3,3,3,3,3,10,10,10,10,3,2,3,3,2,2,3,3,3,3,3,10,3,2,2,3,3,3,3,3,3,3,2,5,5,5,3,3,3,3,3,1,6,8,3,3,3,5,3,3,3,3,3,3,3,3,3,3,11,11,3,3,3,3,7,7,7,7,7,7,7,7,9,9,9,9,9,9,9,9","0.000787973403930664","walktrap","edit-xhwikibooks.graphml"
"0.19","0.1","0.71","0.386720698612424","4,3,4,4,4,2,4,2,2,1,4,4,2,2,2,5,1,6,7,4,3,10,2,2,2,2,2,5,3,1,6,8,11,4,7,7,9,2,3,3,3,3,10,10,10,10,3,10,10,10,3,3,3,3,3,10,10,10,10,3,2,3,3,2,2,3,3,3,3,3,10,3,2,2,3,3,3,3,3,3,3,2,5,5,5,3,3,3,3,3,1,6,8,3,3,3,5,3,3,3,3,3,3,3,3,3,3,11,11,3,3,3,3,7,7,7,7,7,7,7,7,9,9,9,9,9,9,9,9","0.000936985015869141","walktrap","edit-xhwikibooks.graphml"
"0.18","0.11","0.71","0.385143562968875","4,3,4,4,4,2,4,2,2,1,4,4,2,2,2,5,1,6,7,4,3,10,2,2,2,2,2,5,3,1,6,8,11,4,7,7,9,2,3,3,3,3,10,10,10,10,3,10,10,10,3,3,3,3,3,10,10,10,10,3,2,3,3,2,2,3,3,3,3,3,10,3,2,2,3,3,3,3,3,3,3,2,5,5,5,3,3,3,3,3,1,6,8,3,3,3,5,3,3,3,3,3,3,3,3,3,3,11,11,3,3,3,3,7,7,7,7,7,7,7,7,9,9,9,9,9,9,9,9","0.00078892707824707","walktrap","edit-xhwikibooks.graphml"
"0.17","0.12","0.71","0.386137755822044","4,3,4,4,4,2,4,2,2,1,4,4,2,2,2,5,1,6,8,4,3,9,2,2,2,2,2,5,3,1,6,7,11,4,8,8,10,2,3,3,3,3,9,9,9,9,3,9,9,9,3,3,3,3,3,9,9,9,9,3,2,3,3,2,2,3,3,3,3,3,9,3,2,2,3,3,3,3,3,3,3,2,5,5,5,3,3,3,3,3,1,6,7,3,3,3,5,3,3,3,3,3,3,3,3,3,3,11,11,3,3,3,3,8,8,8,8,8,8,8,8,10,10,10,10,10,10,10,10","0.000790119171142578","walktrap","edit-xhwikibooks.graphml"
"0.16","0.13","0.71","0.385996851023663","4,3,4,4,4,2,4,2,2,1,4,4,2,2,2,5,1,6,8,4,3,9,2,2,2,2,2,5,3,1,6,7,11,4,8,8,10,2,3,3,3,3,9,9,9,9,3,9,9,9,3,3,3,3,3,9,9,9,9,3,2,3,3,2,2,3,3,3,3,3,9,3,2,2,3,3,3,3,3,3,3,2,5,5,5,3,3,3,3,3,1,6,7,3,3,3,5,3,3,3,3,3,3,3,3,3,3,11,11,3,3,3,3,8,8,8,8,8,8,8,8,10,10,10,10,10,10,10,10","0.000798940658569336","walktrap","edit-xhwikibooks.graphml"
"0.15","0.14","0.71","0.379351912868862","5,2,5,5,3,5,3,5,5,1,3,3,5,5,5,4,1,6,9,3,2,10,8,5,5,5,5,4,2,1,6,7,12,3,9,9,11,5,2,2,2,2,10,10,10,10,2,10,10,10,2,2,2,2,2,10,10,10,10,2,8,2,2,5,5,2,2,2,2,2,10,2,5,5,2,2,2,2,2,2,2,5,4,4,4,2,2,2,2,2,1,6,7,2,2,2,4,2,2,2,2,2,2,2,2,2,2,12,12,2,2,2,2,9,9,9,9,9,9,9,9,11,11,11,11,11,11,11,11","0.000792026519775391","walktrap","edit-xhwikibooks.graphml"
"0.14","0.15","0.71","0.380179971700636","5,2,5,5,3,5,3,5,5,1,3,3,5,5,5,4,1,6,9,3,2,10,8,5,5,5,5,4,2,1,6,7,12,3,9,9,11,5,2,2,2,2,10,10,10,10,2,10,10,10,2,2,2,2,2,10,10,10,10,2,8,2,2,5,5,2,2,2,2,2,10,2,5,5,2,2,2,2,2,2,2,5,4,4,4,2,2,2,2,2,1,6,7,2,2,2,4,2,2,2,2,2,2,2,2,2,2,12,12,2,2,2,2,9,9,9,9,9,9,9,9,11,11,11,11,11,11,11,11","0.000792026519775391","walktrap","edit-xhwikibooks.graphml"
"0.13","0.16","0.71","0.380679878261254","5,2,5,5,3,5,3,5,5,1,3,3,5,5,5,4,1,6,9,3,2,10,8,5,5,5,5,4,2,1,6,7,12,3,9,9,11,5,2,2,2,2,10,10,10,10,2,10,10,10,2,2,2,2,2,10,10,10,10,2,8,2,2,5,5,2,2,2,2,2,10,2,5,5,2,2,2,2,2,2,2,5,4,4,4,2,2,2,2,2,1,6,7,2,2,2,4,2,2,2,2,2,2,2,2,2,2,12,12,2,2,2,2,9,9,9,9,9,9,9,9,11,11,11,11,11,11,11,11","0.000782966613769531","walktrap","edit-xhwikibooks.graphml"
"0.12","0.17","0.71","0.381022132560868","5,2,5,5,3,5,3,5,5,1,3,3,5,5,5,4,1,6,9,3,2,10,8,5,5,5,5,4,2,1,6,7,12,3,9,9,11,5,2,2,2,2,10,10,10,10,2,10,10,10,2,2,2,2,2,10,10,10,10,2,8,2,2,5,5,2,2,2,2,2,10,2,5,5,2,2,2,2,2,2,2,5,4,4,4,2,2,2,2,2,1,6,7,2,2,2,4,2,2,2,2,2,2,2,2,2,2,12,12,2,2,2,2,9,9,9,9,9,9,9,9,11,11,11,11,11,11,11,11","0.000787019729614258","walktrap","edit-xhwikibooks.graphml"
"0.11","0.18","0.71","0.381022132560868","5,2,5,5,3,5,3,5,5,1,3,3,5,5,5,4,1,6,9,3,2,10,8,5,5,5,5,4,2,1,6,7,12,3,9,9,11,5,2,2,2,2,10,10,10,10,2,10,10,10,2,2,2,2,2,10,10,10,10,2,8,2,2,5,5,2,2,2,2,2,10,2,5,5,2,2,2,2,2,2,2,5,4,4,4,2,2,2,2,2,1,6,7,2,2,2,4,2,2,2,2,2,2,2,2,2,2,12,12,2,2,2,2,9,9,9,9,9,9,9,9,11,11,11,11,11,11,11,11","0.000814914703369141","walktrap","edit-xhwikibooks.graphml"
"0.1","0.19","0.71","0.380882584653865","5,2,5,5,3,5,3,5,5,1,3,3,5,5,5,4,1,6,9,3,2,10,8,5,5,5,5,4,2,1,6,7,12,3,9,9,11,5,2,2,2,2,10,10,10,10,2,10,10,10,2,2,2,2,2,10,10,10,10,2,8,2,2,5,5,2,2,2,2,2,10,2,5,5,2,2,2,2,2,2,2,5,4,4,4,2,2,2,2,2,1,6,7,2,2,2,4,2,2,2,2,2,2,2,2,2,2,12,12,2,2,2,2,9,9,9,9,9,9,9,9,11,11,11,11,11,11,11,11","0.000873088836669922","walktrap","edit-xhwikibooks.graphml"
"0.09","0.2","0.71","0.381843480423319","6,2,6,6,3,6,3,6,6,1,3,3,6,6,6,4,1,5,9,3,2,10,8,6,6,6,6,4,2,1,5,7,12,3,9,9,11,6,2,2,2,2,10,10,10,10,2,10,10,10,2,2,2,2,2,10,10,10,10,2,8,2,2,6,6,2,2,2,2,2,10,2,6,6,2,2,2,2,2,2,2,6,4,4,4,2,2,2,2,2,1,5,7,2,2,2,4,2,2,2,2,2,2,2,2,2,2,12,12,2,2,2,2,9,9,9,9,9,9,9,9,11,11,11,11,11,11,11,11","0.000792026519775391","walktrap","edit-xhwikibooks.graphml"
"0.08","0.21","0.71","0.381703919663103","6,2,6,6,3,6,3,6,6,1,3,3,6,6,6,4,1,5,9,3,2,10,8,6,6,6,6,4,2,1,5,7,12,3,9,9,11,6,2,2,2,2,10,10,10,10,2,10,10,10,2,2,2,2,2,10,10,10,10,2,8,2,2,6,6,2,2,2,2,2,10,2,6,6,2,2,2,2,2,2,2,6,4,4,4,2,2,2,2,2,1,5,7,2,2,2,4,2,2,2,2,2,2,2,2,2,2,12,12,2,2,2,2,9,9,9,9,9,9,9,9,11,11,11,11,11,11,11,11","0.00080108642578125","walktrap","edit-xhwikibooks.graphml"
"0.07","0.22","0.71","0.381843480423319","6,2,6,6,3,6,3,6,6,1,3,3,6,6,6,4,1,5,9,3,2,10,8,6,6,6,6,4,2,1,5,7,12,3,9,9,11,6,2,2,2,2,10,10,10,10,2,10,10,10,2,2,2,2,2,10,10,10,10,2,8,2,2,6,6,2,2,2,2,2,10,2,6,6,2,2,2,2,2,2,2,6,4,4,4,2,2,2,2,2,1,5,7,2,2,2,4,2,2,2,2,2,2,2,2,2,2,12,12,2,2,2,2,9,9,9,9,9,9,9,9,11,11,11,11,11,11,11,11","0.000962972640991211","walktrap","edit-xhwikibooks.graphml"
"0.06","0.23","0.71","0.382704534671471","6,2,6,6,3,6,3,6,6,1,3,3,6,6,6,4,1,5,9,3,2,10,8,6,6,6,6,4,2,1,5,7,11,3,9,9,12,6,2,2,2,2,10,10,10,10,2,10,10,10,2,2,2,2,2,10,10,10,10,2,8,2,2,6,6,2,2,2,2,2,10,2,6,6,2,2,2,2,2,2,2,6,4,4,4,2,2,2,2,2,1,5,7,2,2,2,4,2,2,2,2,2,2,2,2,2,2,11,11,2,2,2,2,9,9,9,9,9,9,9,9,12,12,12,12,12,12,12,12","0.000782012939453125","walktrap","edit-xhwikibooks.graphml"
"0.05","0.24","0.71","0.383199966196702","6,2,6,6,3,6,3,6,6,1,3,3,6,6,6,4,1,5,9,3,2,10,8,6,6,6,6,4,2,1,5,7,11,3,9,9,12,6,2,2,2,2,10,10,10,10,2,10,10,10,2,2,2,2,2,10,10,10,10,2,8,2,2,6,6,2,2,2,2,2,10,2,6,6,2,2,2,2,2,2,2,6,4,4,4,2,2,2,2,2,1,5,7,2,2,2,4,2,2,2,2,2,2,2,2,2,2,11,11,2,2,2,2,9,9,9,9,9,9,9,9,12,12,12,12,12,12,12,12","0.000790119171142578","walktrap","edit-xhwikibooks.graphml"
"0.04","0.25","0.71","0.384548034884519","6,2,6,6,3,6,3,6,6,1,3,3,6,6,6,4,1,5,9,3,2,10,8,6,6,6,6,4,2,1,5,7,11,3,9,9,12,6,2,2,2,2,10,10,10,10,2,10,10,10,2,2,2,2,2,10,10,10,10,2,8,2,2,6,6,2,2,2,2,2,10,2,6,6,2,2,2,2,2,2,2,6,4,4,4,2,2,2,2,2,1,5,7,2,2,2,4,2,2,2,2,2,2,2,2,2,2,11,11,2,2,2,2,9,9,9,9,9,9,9,9,12,12,12,12,12,12,12,12","0.000790119171142578","walktrap","edit-xhwikibooks.graphml"
"0.03","0.26","0.71","0.384408240424604","6,2,6,6,3,6,3,6,6,1,3,3,6,6,6,4,1,5,9,3,2,10,8,6,6,6,6,4,2,1,5,7,11,3,9,9,12,6,2,2,2,2,10,10,10,10,2,10,10,10,2,2,2,2,2,10,10,10,10,2,8,2,2,6,6,2,2,2,2,2,10,2,6,6,2,2,2,2,2,2,2,6,4,4,4,2,2,2,2,2,1,5,7,2,2,2,4,2,2,2,2,2,2,2,2,2,2,11,11,2,2,2,2,9,9,9,9,9,9,9,9,12,12,12,12,12,12,12,12","0.000813007354736328","walktrap","edit-xhwikibooks.graphml"
"0.02","0.27","0.71","0.38340277635593","6,2,6,6,3,6,3,6,6,1,3,3,6,6,6,4,1,5,9,3,2,10,8,6,6,6,6,4,2,1,5,7,11,3,9,9,12,6,2,2,2,2,10,10,10,10,2,10,10,10,2,2,2,2,2,10,10,10,10,2,8,2,2,6,6,2,2,2,2,2,10,2,6,6,2,2,2,2,2,2,2,6,4,4,4,2,2,2,2,2,1,5,7,2,2,2,4,2,2,2,2,2,2,2,2,2,2,11,11,2,2,2,2,9,9,9,9,9,9,9,9,12,12,12,12,12,12,12,12","0.000821113586425781","walktrap","edit-xhwikibooks.graphml"
"0.01","0.28","0.71","0.383263056454089","6,2,6,6,3,6,3,6,6,1,3,3,6,6,6,4,1,5,9,3,2,10,8,6,6,6,6,4,2,1,5,7,11,3,9,9,12,6,2,2,2,2,10,10,10,10,2,10,10,10,2,2,2,2,2,10,10,10,10,2,8,2,2,6,6,2,2,2,2,2,10,2,6,6,2,2,2,2,2,2,2,6,4,4,4,2,2,2,2,2,1,5,7,2,2,2,4,2,2,2,2,2,2,2,2,2,2,11,11,2,2,2,2,9,9,9,9,9,9,9,9,12,12,12,12,12,12,12,12","0.000799179077148438","walktrap","edit-xhwikibooks.graphml"
"0","0.29","0.71","0.385174093011931","2,12,2,2,3,2,3,2,2,1,3,3,2,2,2,4,1,5,8,3,12,9,7,2,2,2,2,4,2,1,5,6,10,3,8,8,11,2,12,12,12,12,9,9,9,9,12,9,9,9,12,12,12,12,12,9,9,9,9,12,7,12,12,2,2,12,12,12,12,12,9,12,2,2,12,12,12,12,12,12,12,2,4,4,4,2,12,12,12,12,1,5,6,12,12,12,4,12,12,12,12,12,12,12,12,12,12,10,10,12,12,12,12,8,8,8,8,8,8,8,8,11,11,11,11,11,11,11,11","0.000828027725219727","walktrap","edit-xhwikibooks.graphml"
"0.28","0","0.72","0.387557163948739","4,3,4,4,4,1,4,1,1,2,4,4,1,1,1,5,2,6,1,4,3,7,1,1,1,1,1,5,3,2,6,1,9,4,1,1,8,1,3,3,3,3,7,7,7,7,3,7,7,7,3,3,3,3,3,7,7,7,7,3,1,3,3,1,1,3,3,3,3,3,7,3,1,1,3,3,3,3,3,3,3,1,5,5,5,3,3,3,3,3,2,6,1,3,3,3,5,3,3,3,3,3,3,3,3,3,3,9,9,3,3,3,3,1,1,1,1,1,1,1,1,8,8,8,8,8,8,8,8","0.00103902816772461","walktrap","edit-xhwikibooks.graphml"
"0.27","0.01","0.72","0.387557163948739","4,3,4,4,4,1,4,1,1,2,4,4,1,1,1,5,2,6,1,4,3,7,1,1,1,1,1,5,3,2,6,1,9,4,1,1,8,1,3,3,3,3,7,7,7,7,3,7,7,7,3,3,3,3,3,7,7,7,7,3,1,3,3,1,1,3,3,3,3,3,7,3,1,1,3,3,3,3,3,3,3,1,5,5,5,3,3,3,3,3,2,6,1,3,3,3,5,3,3,3,3,3,3,3,3,3,3,9,9,3,3,3,3,1,1,1,1,1,1,1,1,8,8,8,8,8,8,8,8","0.00116086006164551","walktrap","edit-xhwikibooks.graphml"
"0.26","0.02","0.72","0.387557163948739","4,3,4,4,4,1,4,1,1,2,4,4,1,1,1,5,2,6,1,4,3,7,1,1,1,1,1,5,3,2,6,1,9,4,1,1,8,1,3,3,3,3,7,7,7,7,3,7,7,7,3,3,3,3,3,7,7,7,7,3,1,3,3,1,1,3,3,3,3,3,7,3,1,1,3,3,3,3,3,3,3,1,5,5,5,3,3,3,3,3,2,6,1,3,3,3,5,3,3,3,3,3,3,3,3,3,3,9,9,3,3,3,3,1,1,1,1,1,1,1,1,8,8,8,8,8,8,8,8","0.00098109245300293","walktrap","edit-xhwikibooks.graphml"
"0.25","0.03","0.72","0.387421593104379","4,3,4,4,4,1,4,1,1,2,4,4,1,1,1,5,2,6,1,4,3,7,1,1,1,1,1,5,3,2,6,1,9,4,1,1,8,1,3,3,3,3,7,7,7,7,3,7,7,7,3,3,3,3,3,7,7,7,7,3,1,3,3,1,1,3,3,3,3,3,7,3,1,1,3,3,3,3,3,3,3,1,5,5,5,3,3,3,3,3,2,6,1,3,3,3,5,3,3,3,3,3,3,3,3,3,3,9,9,3,3,3,3,1,1,1,1,1,1,1,1,8,8,8,8,8,8,8,8","0.000896930694580078","walktrap","edit-xhwikibooks.graphml"
"0.24","0.04","0.72","0.387421593104379","4,3,4,4,4,1,4,1,1,2,4,4,1,1,1,5,2,6,1,4,3,7,1,1,1,1,1,5,3,2,6,1,9,4,1,1,8,1,3,3,3,3,7,7,7,7,3,7,7,7,3,3,3,3,3,7,7,7,7,3,1,3,3,1,1,3,3,3,3,3,7,3,1,1,3,3,3,3,3,3,3,1,5,5,5,3,3,3,3,3,2,6,1,3,3,3,5,3,3,3,3,3,3,3,3,3,3,9,9,3,3,3,3,1,1,1,1,1,1,1,1,8,8,8,8,8,8,8,8","0.000875949859619141","walktrap","edit-xhwikibooks.graphml"
"0.23","0.05","0.72","0.386360537253537","4,3,4,4,4,1,4,1,1,2,4,4,1,1,1,5,2,6,1,4,3,7,1,1,1,1,1,5,3,2,6,1,9,4,1,1,8,1,3,3,3,3,7,7,7,7,3,7,7,7,3,3,3,3,3,7,7,7,7,3,1,3,3,1,1,3,3,3,3,3,7,3,1,1,3,3,3,3,3,3,3,1,5,5,5,3,3,3,3,3,2,6,1,3,3,3,5,3,3,3,3,3,3,3,3,3,3,9,9,3,3,3,3,1,1,1,1,1,1,1,1,8,8,8,8,8,8,8,8","0.000849008560180664","walktrap","edit-xhwikibooks.graphml"
"0.22","0.06","0.72","0.38622489296865","4,3,4,4,4,1,4,1,1,2,4,4,1,1,1,5,2,6,1,4,3,7,1,1,1,1,1,5,3,2,6,1,9,4,1,1,8,1,3,3,3,3,7,7,7,7,3,7,7,7,3,3,3,3,3,7,7,7,7,3,1,3,3,1,1,3,3,3,3,3,7,3,1,1,3,3,3,3,3,3,3,1,5,5,5,3,3,3,3,3,2,6,1,3,3,3,5,3,3,3,3,3,3,3,3,3,3,9,9,3,3,3,3,1,1,1,1,1,1,1,1,8,8,8,8,8,8,8,8","0.000875949859619141","walktrap","edit-xhwikibooks.graphml"
"0.21","0.07","0.72","0.386615241775737","4,3,4,4,4,1,4,1,1,2,4,4,1,1,1,5,2,6,1,4,3,7,1,1,1,1,1,5,3,2,6,1,9,4,1,1,8,1,3,3,3,3,7,7,7,7,3,7,7,7,3,3,3,3,3,7,7,7,7,3,1,3,3,1,1,3,3,3,3,3,7,3,1,1,3,3,3,3,3,3,3,1,5,5,5,3,3,3,3,3,2,6,1,3,3,3,5,3,3,3,3,3,3,3,3,3,3,9,9,3,3,3,3,1,1,1,1,1,1,1,1,8,8,8,8,8,8,8,8","0.000870943069458008","walktrap","edit-xhwikibooks.graphml"
"0.2","0.08","0.72","0.386197662871504","4,3,4,4,4,2,4,2,2,1,4,4,2,2,2,5,1,6,7,4,3,10,2,2,2,2,2,5,3,1,6,8,11,4,7,7,9,2,3,3,3,3,10,10,10,10,3,10,10,10,3,3,3,3,3,10,10,10,10,3,2,3,3,2,2,3,3,3,3,3,10,3,2,2,3,3,3,3,3,3,3,2,5,5,5,3,3,3,3,3,1,6,8,3,3,3,5,3,3,3,3,3,3,3,3,3,3,11,11,3,3,3,3,7,7,7,7,7,7,7,7,9,9,9,9,9,9,9,9","0.000880002975463867","walktrap","edit-xhwikibooks.graphml"
"0.19","0.09","0.72","0.38605673456863","4,3,4,4,4,2,4,2,2,1,4,4,2,2,2,5,1,6,7,4,3,10,2,2,2,2,2,5,3,1,6,8,11,4,7,7,9,2,3,3,3,3,10,10,10,10,3,10,10,10,3,3,3,3,3,10,10,10,10,3,2,3,3,2,2,3,3,3,3,3,10,3,2,2,3,3,3,3,3,3,3,2,5,5,5,3,3,3,3,3,1,6,8,3,3,3,5,3,3,3,3,3,3,3,3,3,3,11,11,3,3,3,3,7,7,7,7,7,7,7,7,9,9,9,9,9,9,9,9","0.00088810920715332","walktrap","edit-xhwikibooks.graphml"
"0.18","0.1","0.72","0.386579676007509","4,3,4,4,4,2,4,2,2,1,4,4,2,2,2,5,1,6,7,4,3,10,2,2,2,2,2,5,3,1,6,8,11,4,7,7,9,2,3,3,3,3,10,10,10,10,3,10,10,10,3,3,3,3,3,10,10,10,10,3,2,3,3,2,2,3,3,3,3,3,10,3,2,2,3,3,3,3,3,3,3,2,5,5,5,3,3,3,3,3,1,6,8,3,3,3,5,3,3,3,3,3,3,3,3,3,3,11,11,3,3,3,3,7,7,7,7,7,7,7,7,9,9,9,9,9,9,9,9","0.000941991806030273","walktrap","edit-xhwikibooks.graphml"
"0.17","0.11","0.72","0.386438750230339","4,3,4,4,4,2,4,2,2,1,4,4,2,2,2,5,1,6,7,4,3,10,2,2,2,2,2,5,3,1,6,8,11,4,7,7,9,2,3,3,3,3,10,10,10,10,3,10,10,10,3,3,3,3,3,10,10,10,10,3,2,3,3,2,2,3,3,3,3,3,10,3,2,2,3,3,3,3,3,3,3,2,5,5,5,3,3,3,3,3,1,6,8,3,3,3,5,3,3,3,3,3,3,3,3,3,3,11,11,3,3,3,3,7,7,7,7,7,7,7,7,9,9,9,9,9,9,9,9","0.000850915908813477","walktrap","edit-xhwikibooks.graphml"
"0.16","0.12","0.72","0.387428611486255","4,3,4,4,4,2,4,2,2,1,4,4,2,2,2,5,1,6,8,4,3,9,2,2,2,2,2,5,3,1,6,7,11,4,8,8,10,2,3,3,3,3,9,9,9,9,3,9,9,9,3,3,3,3,3,9,9,9,9,3,2,3,3,2,2,3,3,3,3,3,9,3,2,2,3,3,3,3,3,3,3,2,5,5,5,3,3,3,3,3,1,6,7,3,3,3,5,3,3,3,3,3,3,3,3,3,3,11,11,3,3,3,3,8,8,8,8,8,8,8,8,10,10,10,10,10,10,10,10","0.000852108001708984","walktrap","edit-xhwikibooks.graphml"
"0.15","0.13","0.72","0.387287643630692","4,3,4,4,4,2,4,2,2,1,4,4,2,2,2,5,1,6,8,4,3,9,2,2,2,2,2,5,3,1,6,7,11,4,8,8,10,2,3,3,3,3,9,9,9,9,3,9,9,9,3,3,3,3,3,9,9,9,9,3,2,3,3,2,2,3,3,3,3,3,9,3,2,2,3,3,3,3,3,3,3,2,5,5,5,3,3,3,3,3,1,6,7,3,3,3,5,3,3,3,3,3,3,3,3,3,3,11,11,3,3,3,3,8,8,8,8,8,8,8,8,10,10,10,10,10,10,10,10","0.000861167907714844","walktrap","edit-xhwikibooks.graphml"
"0.14","0.14","0.72","0.387287643630692","4,3,4,4,4,2,4,2,2,1,4,4,2,2,2,5,1,6,8,4,3,9,2,2,2,2,2,5,3,1,6,7,11,4,8,8,10,2,3,3,3,3,9,9,9,9,3,9,9,9,3,3,3,3,3,9,9,9,9,3,2,3,3,2,2,3,3,3,3,3,9,3,2,2,3,3,3,3,3,3,3,2,5,5,5,3,3,3,3,3,1,6,7,3,3,3,5,3,3,3,3,3,3,3,3,3,3,11,11,3,3,3,3,8,8,8,8,8,8,8,8,10,10,10,10,10,10,10,10","0.00085902214050293","walktrap","edit-xhwikibooks.graphml"
"0.13","0.15","0.72","0.388095500886236","4,3,4,4,4,2,4,2,2,1,4,4,2,2,2,5,1,6,8,4,3,9,2,2,2,2,2,5,3,1,6,7,11,4,8,8,10,2,3,3,3,3,9,9,9,9,3,9,9,9,3,3,3,3,3,9,9,9,9,3,2,3,3,2,2,3,3,3,3,3,9,3,2,2,3,3,3,3,3,3,3,2,5,5,5,3,3,3,3,3,1,6,7,3,3,3,5,3,3,3,3,3,3,3,3,3,3,11,11,3,3,3,3,8,8,8,8,8,8,8,8,10,10,10,10,10,10,10,10","0.000843048095703125","walktrap","edit-xhwikibooks.graphml"
"0.12","0.16","0.72","0.388584113125927","4,3,4,4,4,2,4,2,2,1,4,4,2,2,2,5,1,6,8,4,3,9,2,2,2,2,2,5,3,1,6,7,11,4,8,8,10,2,3,3,3,3,9,9,9,9,3,9,9,9,3,3,3,3,3,9,9,9,9,3,2,3,3,2,2,3,3,3,3,3,9,3,2,2,3,3,3,3,3,3,3,2,5,5,5,3,3,3,3,3,1,6,7,3,3,3,5,3,3,3,3,3,3,3,3,3,3,11,11,3,3,3,3,8,8,8,8,8,8,8,8,10,10,10,10,10,10,10,10","0.000842094421386719","walktrap","edit-xhwikibooks.graphml"
"0.11","0.17","0.72","0.382323003275384","5,2,5,5,3,5,3,5,5,1,3,3,5,5,5,4,1,6,9,3,2,10,8,5,5,5,5,4,2,1,6,7,12,3,9,9,11,5,2,2,2,2,10,10,10,10,2,10,10,10,2,2,2,2,2,10,10,10,10,2,8,2,2,5,5,2,2,2,2,2,10,2,5,5,2,2,2,2,2,2,2,5,4,4,4,2,2,2,2,2,1,6,7,2,2,2,4,2,2,2,2,2,2,2,2,2,2,12,12,2,2,2,2,9,9,9,9,9,9,9,9,11,11,11,11,11,11,11,11","0.000843048095703125","walktrap","edit-xhwikibooks.graphml"
"0.1","0.18","0.72","0.382323003275384","5,2,5,5,3,5,3,5,5,1,3,3,5,5,5,4,1,6,9,3,2,10,8,5,5,5,5,4,2,1,6,7,12,3,9,9,11,5,2,2,2,2,10,10,10,10,2,10,10,10,2,2,2,2,2,10,10,10,10,2,8,2,2,5,5,2,2,2,2,2,10,2,5,5,2,2,2,2,2,2,2,5,4,4,4,2,2,2,2,2,1,6,7,2,2,2,4,2,2,2,2,2,2,2,2,2,2,12,12,2,2,2,2,9,9,9,9,9,9,9,9,11,11,11,11,11,11,11,11","0.000866889953613281","walktrap","edit-xhwikibooks.graphml"
"0.09","0.19","0.72","0.382183388418136","5,2,5,5,3,5,3,5,5,1,3,3,5,5,5,4,1,6,9,3,2,10,8,5,5,5,5,4,2,1,6,7,12,3,9,9,11,5,2,2,2,2,10,10,10,10,2,10,10,10,2,2,2,2,2,10,10,10,10,2,8,2,2,5,5,2,2,2,2,2,10,2,5,5,2,2,2,2,2,2,2,5,4,4,4,2,2,2,2,2,1,6,7,2,2,2,4,2,2,2,2,2,2,2,2,2,2,12,12,2,2,2,2,9,9,9,9,9,9,9,9,11,11,11,11,11,11,11,11","0.000877857208251953","walktrap","edit-xhwikibooks.graphml"
"0.08","0.2","0.72","0.383138841301722","6,2,6,6,3,6,3,6,6,1,3,3,6,6,6,4,1,5,9,3,2,10,8,6,6,6,6,4,2,1,5,7,12,3,9,9,11,6,2,2,2,2,10,10,10,10,2,10,10,10,2,2,2,2,2,10,10,10,10,2,8,2,2,6,6,2,2,2,2,2,10,2,6,6,2,2,2,2,2,2,2,6,4,4,4,2,2,2,2,2,1,5,7,2,2,2,4,2,2,2,2,2,2,2,2,2,2,12,12,2,2,2,2,9,9,9,9,9,9,9,9,11,11,11,11,11,11,11,11","0.000936985015869141","walktrap","edit-xhwikibooks.graphml"
"0.07","0.21","0.72","0.381564454972798","6,2,6,6,3,6,3,6,6,1,3,3,6,6,6,4,1,5,9,3,2,10,8,6,6,6,6,4,2,1,5,7,12,3,9,9,11,6,2,2,2,2,10,10,10,10,2,10,10,10,2,2,2,2,2,10,10,10,10,2,8,2,2,6,6,2,2,2,2,2,10,2,6,6,2,2,2,2,2,2,2,6,4,4,4,2,2,2,2,2,1,5,7,2,2,2,4,2,2,2,2,2,2,2,2,2,2,12,12,2,2,2,2,9,9,9,9,9,9,9,9,11,11,11,11,11,11,11,11","0.000859975814819336","walktrap","edit-xhwikibooks.graphml"
"0.06","0.22","0.72","0.381564454972798","6,2,6,6,3,6,3,6,6,1,3,3,6,6,6,4,1,5,9,3,2,10,8,6,6,6,6,4,2,1,5,7,12,3,9,9,11,6,2,2,2,2,10,10,10,10,2,10,10,10,2,2,2,2,2,10,10,10,10,2,8,2,2,6,6,2,2,2,2,2,10,2,6,6,2,2,2,2,2,2,2,6,4,4,4,2,2,2,2,2,1,5,7,2,2,2,4,2,2,2,2,2,2,2,2,2,2,12,12,2,2,2,2,9,9,9,9,9,9,9,9,11,11,11,11,11,11,11,11","0.000882148742675781","walktrap","edit-xhwikibooks.graphml"
"0.05","0.23","0.72","0.382425408546173","6,2,6,6,3,6,3,6,6,1,3,3,6,6,6,4,1,5,9,3,2,10,8,6,6,6,6,4,2,1,5,7,11,3,9,9,12,6,2,2,2,2,10,10,10,10,2,10,10,10,2,2,2,2,2,10,10,10,10,2,8,2,2,6,6,2,2,2,2,2,10,2,6,6,2,2,2,2,2,2,2,6,4,4,4,2,2,2,2,2,1,5,7,2,2,2,4,2,2,2,2,2,2,2,2,2,2,11,11,2,2,2,2,9,9,9,9,9,9,9,9,12,12,12,12,12,12,12,12","0.000879049301147461","walktrap","edit-xhwikibooks.graphml"
"0.04","0.24","0.72","0.382920701869331","6,2,6,6,3,6,3,6,6,1,3,3,6,6,6,4,1,5,9,3,2,10,8,6,6,6,6,4,2,1,5,7,11,3,9,9,12,6,2,2,2,2,10,10,10,10,2,10,10,10,2,2,2,2,2,10,10,10,10,2,8,2,2,6,6,2,2,2,2,2,10,2,6,6,2,2,2,2,2,2,2,6,4,4,4,2,2,2,2,2,1,5,7,2,2,2,4,2,2,2,2,2,2,2,2,2,2,11,11,2,2,2,2,9,9,9,9,9,9,9,9,12,12,12,12,12,12,12,12","0.000879049301147461","walktrap","edit-xhwikibooks.graphml"
"0.03","0.25","0.72","0.384268541571293","6,2,6,6,3,6,3,6,6,1,3,3,6,6,6,4,1,5,9,3,2,10,8,6,6,6,6,4,2,1,5,7,11,3,9,9,12,6,2,2,2,2,10,10,10,10,2,10,10,10,2,2,2,2,2,10,10,10,10,2,8,2,2,6,6,2,2,2,2,2,10,2,6,6,2,2,2,2,2,2,2,6,4,4,4,2,2,2,2,2,1,5,7,2,2,2,4,2,2,2,2,2,2,2,2,2,2,11,11,2,2,2,2,9,9,9,9,9,9,9,9,12,12,12,12,12,12,12,12","0.00103592872619629","walktrap","edit-xhwikibooks.graphml"
"0.02","0.26","0.72","0.384128938236628","6,2,6,6,3,6,3,6,6,1,3,3,6,6,6,4,1,5,9,3,2,10,8,6,6,6,6,4,2,1,5,7,11,3,9,9,12,6,2,2,2,2,10,10,10,10,2,10,10,10,2,2,2,2,2,10,10,10,10,2,8,2,2,6,6,2,2,2,2,2,10,2,6,6,2,2,2,2,2,2,2,6,4,4,4,2,2,2,2,2,1,5,7,2,2,2,4,2,2,2,2,2,2,2,2,2,2,11,11,2,2,2,2,9,9,9,9,9,9,9,9,12,12,12,12,12,12,12,12","0.000869035720825195","walktrap","edit-xhwikibooks.graphml"
"0.01","0.27","0.72","0.384128938236628","6,2,6,6,3,6,3,6,6,1,3,3,6,6,6,4,1,5,9,3,2,10,8,6,6,6,6,4,2,1,5,7,11,3,9,9,12,6,2,2,2,2,10,10,10,10,2,10,10,10,2,2,2,2,2,10,10,10,10,2,8,2,2,6,6,2,2,2,2,2,10,2,6,6,2,2,2,2,2,2,2,6,4,4,4,2,2,2,2,2,1,5,7,2,2,2,4,2,2,2,2,2,2,2,2,2,2,11,11,2,2,2,2,9,9,9,9,9,9,9,9,12,12,12,12,12,12,12,12","0.000865936279296875","walktrap","edit-xhwikibooks.graphml"
"0","0.28","0.72","0.384942092130103","2,12,2,2,3,2,3,2,2,1,3,3,2,2,2,4,1,5,8,3,12,9,7,2,2,2,2,4,2,1,5,6,10,3,8,8,11,2,12,12,12,12,9,9,9,9,12,9,9,9,12,12,12,12,12,9,9,9,9,12,7,12,12,2,2,12,12,12,12,12,9,12,2,2,12,12,12,12,12,12,12,2,4,4,4,2,12,12,12,12,1,5,6,12,12,12,4,12,12,12,12,12,12,12,12,12,12,10,10,12,12,12,12,8,8,8,8,8,8,8,8,11,11,11,11,11,11,11,11","0.000912189483642578","walktrap","edit-xhwikibooks.graphml"
"0.27","0","0.73","0.381557380977485","4,3,4,4,4,1,4,1,1,2,4,4,1,1,1,5,2,6,1,4,3,7,1,1,1,1,1,5,3,2,6,1,9,4,1,1,8,1,3,3,3,3,7,7,7,7,3,7,7,7,3,3,3,3,3,7,7,7,7,3,1,3,3,1,1,3,3,3,3,3,7,3,1,1,3,3,3,3,3,3,3,1,5,5,5,3,3,3,3,3,2,6,1,3,3,3,5,3,3,3,3,3,3,3,3,3,3,9,9,3,3,3,3,1,1,1,1,1,1,1,1,8,8,8,8,8,8,8,8","0.000888824462890625","walktrap","edit-xhwikibooks.graphml"
"0.26","0.01","0.73","0.381557380977485","4,3,4,4,4,1,4,1,1,2,4,4,1,1,1,5,2,6,1,4,3,7,1,1,1,1,1,5,3,2,6,1,9,4,1,1,8,1,3,3,3,3,7,7,7,7,3,7,7,7,3,3,3,3,3,7,7,7,7,3,1,3,3,1,1,3,3,3,3,3,7,3,1,1,3,3,3,3,3,3,3,1,5,5,5,3,3,3,3,3,2,6,1,3,3,3,5,3,3,3,3,3,3,3,3,3,3,9,9,3,3,3,3,1,1,1,1,1,1,1,1,8,8,8,8,8,8,8,8","0.000900030136108398","walktrap","edit-xhwikibooks.graphml"
"0.25","0.02","0.73","0.381557380977485","4,3,4,4,4,1,4,1,1,2,4,4,1,1,1,5,2,6,1,4,3,7,1,1,1,1,1,5,3,2,6,1,9,4,1,1,8,1,3,3,3,3,7,7,7,7,3,7,7,7,3,3,3,3,3,7,7,7,7,3,1,3,3,1,1,3,3,3,3,3,7,3,1,1,3,3,3,3,3,3,3,1,5,5,5,3,3,3,3,3,2,6,1,3,3,3,5,3,3,3,3,3,3,3,3,3,3,9,9,3,3,3,3,1,1,1,1,1,1,1,1,8,8,8,8,8,8,8,8","0.000908851623535156","walktrap","edit-xhwikibooks.graphml"
"0.24","0.03","0.73","0.381425891658673","4,3,4,4,4,1,4,1,1,2,4,4,1,1,1,5,2,6,1,4,3,7,1,1,1,1,1,5,3,2,6,1,9,4,1,1,8,1,3,3,3,3,7,7,7,7,3,7,7,7,3,3,3,3,3,7,7,7,7,3,1,3,3,1,1,3,3,3,3,3,7,3,1,1,3,3,3,3,3,3,3,1,5,5,5,3,3,3,3,3,2,6,1,3,3,3,5,3,3,3,3,3,3,3,3,3,3,9,9,3,3,3,3,1,1,1,1,1,1,1,1,8,8,8,8,8,8,8,8","0.000926017761230469","walktrap","edit-xhwikibooks.graphml"
"0.23","0.04","0.73","0.381665946482879","4,3,4,4,4,1,4,1,1,2,4,4,1,1,1,5,2,6,1,4,3,7,1,1,1,1,1,5,3,2,6,1,9,4,1,1,8,1,3,3,3,3,7,7,7,7,3,7,7,7,3,3,3,3,3,7,7,7,7,3,1,3,3,1,1,3,3,3,3,3,7,3,1,1,3,3,3,3,3,3,3,1,5,5,5,3,3,3,3,3,2,6,1,3,3,3,5,3,3,3,3,3,3,3,3,3,3,9,9,3,3,3,3,1,1,1,1,1,1,1,1,8,8,8,8,8,8,8,8","0.000936031341552734","walktrap","edit-xhwikibooks.graphml"
"0.22","0.05","0.73","0.381534361194564","4,3,4,4,4,1,4,1,1,2,4,4,1,1,1,5,2,6,1,4,3,7,1,1,1,1,1,5,3,2,6,1,9,4,1,1,8,1,3,3,3,3,7,7,7,7,3,7,7,7,3,3,3,3,3,7,7,7,7,3,1,3,3,1,1,3,3,3,3,3,7,3,1,1,3,3,3,3,3,3,3,1,5,5,5,3,3,3,3,3,2,6,1,3,3,3,5,3,3,3,3,3,3,3,3,3,3,9,9,3,3,3,3,1,1,1,1,1,1,1,1,8,8,8,8,8,8,8,8","0.000899076461791992","walktrap","edit-xhwikibooks.graphml"
"0.21","0.06","0.73","0.381402859386207","4,3,4,4,4,1,4,1,1,2,4,4,1,1,1,5,2,6,1,4,3,7,1,1,1,1,1,5,3,2,6,1,9,4,1,1,8,1,3,3,3,3,7,7,7,7,3,7,7,7,3,3,3,3,3,7,7,7,7,3,1,3,3,1,1,3,3,3,3,3,7,3,1,1,3,3,3,3,3,3,3,1,5,5,5,3,3,3,3,3,2,6,1,3,3,3,5,3,3,3,3,3,3,3,3,3,3,9,9,3,3,3,3,1,1,1,1,1,1,1,1,8,8,8,8,8,8,8,8","0.000950098037719727","walktrap","edit-xhwikibooks.graphml"
"0.2","0.07","0.73","0.381271440990648","4,3,4,4,4,1,4,1,1,2,4,4,1,1,1,5,2,6,1,4,3,7,1,1,1,1,1,5,3,2,6,1,9,4,1,1,8,1,3,3,3,3,7,7,7,7,3,7,7,7,3,3,3,3,3,7,7,7,7,3,1,3,3,1,1,3,3,3,3,3,7,3,1,1,3,3,3,3,3,3,3,1,5,5,5,3,3,3,3,3,2,6,1,3,3,3,5,3,3,3,3,3,3,3,3,3,3,9,9,3,3,3,3,1,1,1,1,1,1,1,1,8,8,8,8,8,8,8,8","0.000900030136108398","walktrap","edit-xhwikibooks.graphml"
"0.19","0.08","0.73","0.381760546564722","4,3,4,4,4,1,4,1,1,2,4,4,1,1,1,5,2,6,1,4,3,8,1,1,1,1,1,5,3,2,6,1,9,4,1,1,7,1,3,3,3,3,8,8,8,8,3,8,8,8,3,3,3,3,3,8,8,8,8,3,1,3,3,1,1,3,3,3,3,3,8,3,1,1,3,3,3,3,3,3,3,1,5,5,5,3,3,3,3,3,2,6,1,3,3,3,5,3,3,3,3,3,3,3,3,3,3,9,9,3,3,3,3,1,1,1,1,1,1,1,1,7,7,7,7,7,7,7,7","0.000883102416992188","walktrap","edit-xhwikibooks.graphml"
"0.18","0.09","0.73","0.382146538168996","4,3,4,4,4,1,4,1,1,2,4,4,1,1,1,5,2,6,1,4,3,8,1,1,1,1,1,5,3,2,6,1,9,4,1,1,7,1,3,3,3,3,8,8,8,8,3,8,8,8,3,3,3,3,3,8,8,8,8,3,1,3,3,1,1,3,3,3,3,3,8,3,1,1,3,3,3,3,3,3,3,1,5,5,5,3,3,3,3,3,2,6,1,3,3,3,5,3,3,3,3,3,3,3,3,3,3,9,9,3,3,3,3,1,1,1,1,1,1,1,1,7,7,7,7,7,7,7,7","0.000900030136108398","walktrap","edit-xhwikibooks.graphml"
"0.17","0.1","0.73","0.382146538168996","4,3,4,4,4,1,4,1,1,2,4,4,1,1,1,5,2,6,1,4,3,8,1,1,1,1,1,5,3,2,6,1,9,4,1,1,7,1,3,3,3,3,8,8,8,8,3,8,8,8,3,3,3,3,3,8,8,8,8,3,1,3,3,1,1,3,3,3,3,3,8,3,1,1,3,3,3,3,3,3,3,1,5,5,5,3,3,3,3,3,2,6,1,3,3,3,5,3,3,3,3,3,3,3,3,3,3,9,9,3,3,3,3,1,1,1,1,1,1,1,1,7,7,7,7,7,7,7,7","0.000879049301147461","walktrap","edit-xhwikibooks.graphml"
"0.16","0.11","0.73","0.382015111714553","4,3,4,4,4,1,4,1,1,2,4,4,1,1,1,5,2,6,1,4,3,8,1,1,1,1,1,5,3,2,6,1,9,4,1,1,7,1,3,3,3,3,8,8,8,8,3,8,8,8,3,3,3,3,3,8,8,8,8,3,1,3,3,1,1,3,3,3,3,3,8,3,1,1,3,3,3,3,3,3,3,1,5,5,5,3,3,3,3,3,2,6,1,3,3,3,5,3,3,3,3,3,3,3,3,3,3,9,9,3,3,3,3,1,1,1,1,1,1,1,1,7,7,7,7,7,7,7,7","0.000893831253051758","walktrap","edit-xhwikibooks.graphml"
"0.15","0.12","0.73","0.383760202042707","4,3,4,4,4,2,4,2,2,1,4,4,2,2,2,5,1,6,8,4,3,9,2,2,2,2,2,5,3,1,6,7,11,4,8,8,10,2,3,3,3,3,9,9,9,9,3,9,9,9,3,3,3,3,3,9,9,9,9,3,2,3,3,2,2,3,3,3,3,3,9,3,2,2,3,3,3,3,3,3,3,2,5,5,5,3,3,3,3,3,1,6,7,3,3,3,5,3,3,3,3,3,3,3,3,3,3,11,11,3,3,3,3,8,8,8,8,8,8,8,8,10,10,10,10,10,10,10,10","0.000893831253051758","walktrap","edit-xhwikibooks.graphml"
"0.14","0.13","0.73","0.383623493444327","4,3,4,4,4,2,4,2,2,1,4,4,2,2,2,5,1,6,8,4,3,9,2,2,2,2,2,5,3,1,6,7,11,4,8,8,10,2,3,3,3,3,9,9,9,9,3,9,9,9,3,3,3,3,3,9,9,9,9,3,2,3,3,2,2,3,3,3,3,3,9,3,2,2,3,3,3,3,3,3,3,2,5,5,5,3,3,3,3,3,1,6,7,3,3,3,5,3,3,3,3,3,3,3,3,3,3,11,11,3,3,3,3,8,8,8,8,8,8,8,8,10,10,10,10,10,10,10,10","0.000902891159057617","walktrap","edit-xhwikibooks.graphml"
"0.13","0.14","0.73","0.383623493444327","4,3,4,4,4,2,4,2,2,1,4,4,2,2,2,5,1,6,8,4,3,9,2,2,2,2,2,5,3,1,6,7,11,4,8,8,10,2,3,3,3,3,9,9,9,9,3,9,9,9,3,3,3,3,3,9,9,9,9,3,2,3,3,2,2,3,3,3,3,3,9,3,2,2,3,3,3,3,3,3,3,2,5,5,5,3,3,3,3,3,1,6,7,3,3,3,5,3,3,3,3,3,3,3,3,3,3,11,11,3,3,3,3,8,8,8,8,8,8,8,8,10,10,10,10,10,10,10,10","0.000887155532836914","walktrap","edit-xhwikibooks.graphml"
"0.12","0.15","0.73","0.384420229385395","4,3,4,4,4,2,4,2,2,1,4,4,2,2,2,5,1,6,8,4,3,9,2,2,2,2,2,5,3,1,6,7,11,4,8,8,10,2,3,3,3,3,9,9,9,9,3,9,9,9,3,3,3,3,3,9,9,9,9,3,2,3,3,2,2,3,3,3,3,3,9,3,2,2,3,3,3,3,3,3,3,2,5,5,5,3,3,3,3,3,1,6,7,3,3,3,5,3,3,3,3,3,3,3,3,3,3,11,11,3,3,3,3,8,8,8,8,8,8,8,8,10,10,10,10,10,10,10,10","0.000910043716430664","walktrap","edit-xhwikibooks.graphml"
"0.11","0.16","0.73","0.384901737121181","4,3,4,4,4,2,4,2,2,1,4,4,2,2,2,5,1,6,8,4,3,9,2,2,2,2,2,5,3,1,6,7,11,4,8,8,10,2,3,3,3,3,9,9,9,9,3,9,9,9,3,3,3,3,3,9,9,9,9,3,2,3,3,2,2,3,3,3,3,3,9,3,2,2,3,3,3,3,3,3,3,2,5,5,5,3,3,3,3,3,1,6,7,3,3,3,5,3,3,3,3,3,3,3,3,3,3,11,11,3,3,3,3,8,8,8,8,8,8,8,8,10,10,10,10,10,10,10,10","0.00090789794921875","walktrap","edit-xhwikibooks.graphml"
"0.1","0.17","0.73","0.385226716040885","4,3,4,4,4,2,4,2,2,1,4,4,2,2,2,5,1,6,8,4,3,9,2,2,2,2,2,5,3,1,6,7,11,4,8,8,10,2,3,3,3,3,9,9,9,9,3,9,9,9,3,3,3,3,3,9,9,9,9,3,2,3,3,2,2,3,3,3,3,3,9,3,2,2,3,3,3,3,3,3,3,2,5,5,5,3,3,3,3,3,1,6,7,3,3,3,5,3,3,3,3,3,3,3,3,3,3,11,11,3,3,3,3,8,8,8,8,8,8,8,8,10,10,10,10,10,10,10,10","0.00091099739074707","walktrap","edit-xhwikibooks.graphml"
"0.09","0.18","0.73","0.385226716040885","4,3,4,4,4,2,4,2,2,1,4,4,2,2,2,5,1,6,8,4,3,9,2,2,2,2,2,5,3,1,6,7,11,4,8,8,10,2,3,3,3,3,9,9,9,9,3,9,9,9,3,3,3,3,3,9,9,9,9,3,2,3,3,2,2,3,3,3,3,3,9,3,2,2,3,3,3,3,3,3,3,2,5,5,5,3,3,3,3,3,1,6,7,3,3,3,5,3,3,3,3,3,3,3,3,3,3,11,11,3,3,3,3,8,8,8,8,8,8,8,8,10,10,10,10,10,10,10,10","0.000803947448730469","walktrap","edit-xhwikibooks.graphml"
"0.08","0.19","0.73","0.38509006636143","4,3,4,4,4,2,4,2,2,1,4,4,2,2,2,5,1,6,8,4,3,9,2,2,2,2,2,5,3,1,6,7,11,4,8,8,10,2,3,3,3,3,9,9,9,9,3,9,9,9,3,3,3,3,3,9,9,9,9,3,2,3,3,2,2,3,3,3,3,3,9,3,2,2,3,3,3,3,3,3,3,2,5,5,5,3,3,3,3,3,1,6,7,3,3,3,5,3,3,3,3,3,3,3,3,3,3,11,11,3,3,3,3,8,8,8,8,8,8,8,8,10,10,10,10,10,10,10,10","0.000840902328491211","walktrap","edit-xhwikibooks.graphml"
"0.07","0.2","0.73","0.379560704242859","6,2,6,6,3,6,3,6,6,1,3,3,6,6,6,4,1,5,9,3,2,10,8,6,6,6,6,4,2,1,5,7,12,3,9,9,11,6,2,2,2,2,10,10,10,10,2,10,10,10,2,2,2,2,2,10,10,10,10,2,8,2,2,6,6,2,2,2,2,2,10,2,6,6,2,2,2,2,2,2,2,6,4,4,4,2,2,2,2,2,1,5,7,2,2,2,4,2,2,2,2,2,2,2,2,2,2,12,12,2,2,2,2,9,9,9,9,9,9,9,9,11,11,11,11,11,11,11,11","0.000833988189697266","walktrap","edit-xhwikibooks.graphml"
"0.06","0.21","0.73","0.379425283563186","6,2,6,6,3,6,3,6,6,1,3,3,6,6,6,4,1,5,9,3,2,10,8,6,6,6,6,4,2,1,5,7,12,3,9,9,11,6,2,2,2,2,10,10,10,10,2,10,10,10,2,2,2,2,2,10,10,10,10,2,8,2,2,6,6,2,2,2,2,2,10,2,6,6,2,2,2,2,2,2,2,6,4,4,4,2,2,2,2,2,1,5,7,2,2,2,4,2,2,2,2,2,2,2,2,2,2,12,12,2,2,2,2,9,9,9,9,9,9,9,9,11,11,11,11,11,11,11,11","0.000850915908813477","walktrap","edit-xhwikibooks.graphml"
"0.05","0.22","0.73","0.379425283563186","6,2,6,6,3,6,3,6,6,1,3,3,6,6,6,4,1,5,9,3,2,10,8,6,6,6,6,4,2,1,5,7,12,3,9,9,11,6,2,2,2,2,10,10,10,10,2,10,10,10,2,2,2,2,2,10,10,10,10,2,8,2,2,6,6,2,2,2,2,2,10,2,6,6,2,2,2,2,2,2,2,6,4,4,4,2,2,2,2,2,1,5,7,2,2,2,4,2,2,2,2,2,2,2,2,2,2,12,12,2,2,2,2,9,9,9,9,9,9,9,9,11,11,11,11,11,11,11,11","0.00082707405090332","walktrap","edit-xhwikibooks.graphml"
"0.04","0.23","0.73","0.377397497707757","6,2,6,6,3,6,3,6,6,1,3,3,6,6,6,4,1,5,9,3,2,10,8,6,6,6,6,4,2,1,5,7,11,3,9,9,12,6,2,2,2,2,10,10,10,10,2,10,10,10,2,2,2,2,2,10,10,10,10,2,8,2,2,6,6,2,2,2,2,2,10,2,6,6,2,2,2,2,2,2,2,6,4,4,4,2,2,2,2,2,1,5,7,2,2,2,4,2,2,2,2,2,2,2,2,2,2,11,11,2,2,2,2,9,9,9,9,9,9,9,9,12,12,12,12,12,12,12,12","0.000847101211547852","walktrap","edit-xhwikibooks.graphml"
"0.03","0.24","0.73","0.378023002182407","6,2,6,6,3,6,3,6,6,1,3,3,6,6,6,4,1,5,9,3,2,10,8,6,6,6,6,4,2,1,5,7,11,3,9,9,12,6,2,2,2,2,10,10,10,10,2,10,10,10,2,2,2,2,2,10,10,10,10,2,8,2,2,6,6,2,2,2,2,2,10,2,6,6,2,2,2,2,2,2,2,6,4,4,4,2,2,2,2,2,1,5,7,2,2,2,4,2,2,2,2,2,2,2,2,2,2,11,11,2,2,2,2,9,9,9,9,9,9,9,9,12,12,12,12,12,12,12,12","0.000832080841064453","walktrap","edit-xhwikibooks.graphml"
"0.02","0.25","0.73","0.379358111399956","6,2,6,6,3,6,3,6,6,1,3,3,6,6,6,4,1,5,9,3,2,10,8,6,6,6,6,4,2,1,5,7,11,3,9,9,12,6,2,2,2,2,10,10,10,10,2,10,10,10,2,2,2,2,2,10,10,10,10,2,8,2,2,6,6,2,2,2,2,2,10,2,6,6,2,2,2,2,2,2,2,6,4,4,4,2,2,2,2,2,1,5,7,2,2,2,4,2,2,2,2,2,2,2,2,2,2,11,11,2,2,2,2,9,9,9,9,9,9,9,9,12,12,12,12,12,12,12,12","0.000833988189697266","walktrap","edit-xhwikibooks.graphml"
"0.01","0.26","0.73","0.379222646056263","6,2,6,6,3,6,3,6,6,1,3,3,6,6,6,4,1,5,9,3,2,10,8,6,6,6,6,4,2,1,5,7,11,3,9,9,12,6,2,2,2,2,10,10,10,10,2,10,10,10,2,2,2,2,2,10,10,10,10,2,8,2,2,6,6,2,2,2,2,2,10,2,6,6,2,2,2,2,2,2,2,6,4,4,4,2,2,2,2,2,1,5,7,2,2,2,4,2,2,2,2,2,2,2,2,2,2,11,11,2,2,2,2,9,9,9,9,9,9,9,9,12,12,12,12,12,12,12,12","0.000844955444335938","walktrap","edit-xhwikibooks.graphml"
"0","0.27","0.73","0.38019930814526","2,12,2,2,3,2,3,2,2,1,3,3,2,2,2,4,1,5,8,3,12,9,7,2,2,2,2,4,2,1,5,6,10,3,8,8,11,2,12,12,12,12,9,9,9,9,12,9,9,9,12,12,12,12,12,9,9,9,9,12,7,12,12,2,2,12,12,12,12,12,9,12,2,2,12,12,12,12,12,12,12,2,4,4,4,2,12,12,12,12,1,5,6,12,12,12,4,12,12,12,12,12,12,12,12,12,12,10,10,12,12,12,12,8,8,8,8,8,8,8,8,11,11,11,11,11,11,11,11","0.000926017761230469","walktrap","edit-xhwikibooks.graphml"
"0.26","0","0.74","0.381557380977485","4,3,4,4,4,1,4,1,1,2,4,4,1,1,1,5,2,6,1,4,3,7,1,1,1,1,1,5,3,2,6,1,9,4,1,1,8,1,3,3,3,3,7,7,7,7,3,7,7,7,3,3,3,3,3,7,7,7,7,3,1,3,3,1,1,3,3,3,3,3,7,3,1,1,3,3,3,3,3,3,3,1,5,5,5,3,3,3,3,3,2,6,1,3,3,3,5,3,3,3,3,3,3,3,3,3,3,9,9,3,3,3,3,1,1,1,1,1,1,1,1,8,8,8,8,8,8,8,8","0.000845193862915039","walktrap","edit-xhwikibooks.graphml"
"0.25","0.01","0.74","0.381557380977485","4,3,4,4,4,1,4,1,1,2,4,4,1,1,1,5,2,6,1,4,3,7,1,1,1,1,1,5,3,2,6,1,9,4,1,1,8,1,3,3,3,3,7,7,7,7,3,7,7,7,3,3,3,3,3,7,7,7,7,3,1,3,3,1,1,3,3,3,3,3,7,3,1,1,3,3,3,3,3,3,3,1,5,5,5,3,3,3,3,3,2,6,1,3,3,3,5,3,3,3,3,3,3,3,3,3,3,9,9,3,3,3,3,1,1,1,1,1,1,1,1,8,8,8,8,8,8,8,8","0.000851154327392578","walktrap","edit-xhwikibooks.graphml"
"0.24","0.02","0.74","0.382076317992809","4,3,4,4,4,1,4,1,1,2,4,4,1,1,1,5,2,6,1,4,3,7,1,1,1,1,1,5,3,2,6,1,9,4,1,1,8,1,3,3,3,3,7,7,7,7,3,7,7,7,3,3,3,3,3,7,7,7,7,3,1,3,3,1,1,3,3,3,3,3,7,3,1,1,3,3,3,3,3,3,3,1,5,5,5,3,3,3,3,3,2,6,1,3,3,3,5,3,3,3,3,3,3,3,3,3,3,9,9,3,3,3,3,1,1,1,1,1,1,1,1,8,8,8,8,8,8,8,8","0.000854969024658203","walktrap","edit-xhwikibooks.graphml"
"0.23","0.03","0.74","0.381944727854129","4,3,4,4,4,1,4,1,1,2,4,4,1,1,1,5,2,6,1,4,3,7,1,1,1,1,1,5,3,2,6,1,9,4,1,1,8,1,3,3,3,3,7,7,7,7,3,7,7,7,3,3,3,3,3,7,7,7,7,3,1,3,3,1,1,3,3,3,3,3,7,3,1,1,3,3,3,3,3,3,3,1,5,5,5,3,3,3,3,3,2,6,1,3,3,3,5,3,3,3,3,3,3,3,3,3,3,9,9,3,3,3,3,1,1,1,1,1,1,1,1,8,8,8,8,8,8,8,8","0.000847101211547852","walktrap","edit-xhwikibooks.graphml"
"0.22","0.04","0.74","0.381944727854129","4,3,4,4,4,1,4,1,1,2,4,4,1,1,1,5,2,6,1,4,3,7,1,1,1,1,1,5,3,2,6,1,9,4,1,1,8,1,3,3,3,3,7,7,7,7,3,7,7,7,3,3,3,3,3,7,7,7,7,3,1,3,3,1,1,3,3,3,3,3,7,3,1,1,3,3,3,3,3,3,3,1,5,5,5,3,3,3,3,3,2,6,1,3,3,3,5,3,3,3,3,3,3,3,3,3,3,9,9,3,3,3,3,1,1,1,1,1,1,1,1,8,8,8,8,8,8,8,8","0.000823974609375","walktrap","edit-xhwikibooks.graphml"
"0.21","0.05","0.74","0.381813221072806","4,3,4,4,4,1,4,1,1,2,4,4,1,1,1,5,2,6,1,4,3,7,1,1,1,1,1,5,3,2,6,1,9,4,1,1,8,1,3,3,3,3,7,7,7,7,3,7,7,7,3,3,3,3,3,7,7,7,7,3,1,3,3,1,1,3,3,3,3,3,7,3,1,1,3,3,3,3,3,3,3,1,5,5,5,3,3,3,3,3,2,6,1,3,3,3,5,3,3,3,3,3,3,3,3,3,3,9,9,3,3,3,3,1,1,1,1,1,1,1,1,8,8,8,8,8,8,8,8","0.000856876373291016","walktrap","edit-xhwikibooks.graphml"
"0.2","0.06","0.74","0.381681797581977","4,3,4,4,4,1,4,1,1,2,4,4,1,1,1,5,2,6,1,4,3,7,1,1,1,1,1,5,3,2,6,1,9,4,1,1,8,1,3,3,3,3,7,7,7,7,3,7,7,7,3,3,3,3,3,7,7,7,7,3,1,3,3,1,1,3,3,3,3,3,7,3,1,1,3,3,3,3,3,3,3,1,5,5,5,3,3,3,3,3,2,6,1,3,3,3,5,3,3,3,3,3,3,3,3,3,3,9,9,3,3,3,3,1,1,1,1,1,1,1,1,8,8,8,8,8,8,8,8","0.000869035720825195","walktrap","edit-xhwikibooks.graphml"
"0.19","0.07","0.74","0.381550457314817","4,3,4,4,4,1,4,1,1,2,4,4,1,1,1,5,2,6,1,4,3,7,1,1,1,1,1,5,3,2,6,1,9,4,1,1,8,1,3,3,3,3,7,7,7,7,3,7,7,7,3,3,3,3,3,7,7,7,7,3,1,3,3,1,1,3,3,3,3,3,7,3,1,1,3,3,3,3,3,3,3,1,5,5,5,3,3,3,3,3,2,6,1,3,3,3,5,3,3,3,3,3,3,3,3,3,3,9,9,3,3,3,3,1,1,1,1,1,1,1,1,8,8,8,8,8,8,8,8","0.000878095626831055","walktrap","edit-xhwikibooks.graphml"
"0.18","0.08","0.74","0.382038935736052","4,3,4,4,4,1,4,1,1,2,4,4,1,1,1,5,2,6,1,4,3,8,1,1,1,1,1,5,3,2,6,1,9,4,1,1,7,1,3,3,3,3,8,8,8,8,3,8,8,8,3,3,3,3,3,8,8,8,8,3,1,3,3,1,1,3,3,3,3,3,8,3,1,1,3,3,3,3,3,3,3,1,5,5,5,3,3,3,3,3,2,6,1,3,3,3,5,3,3,3,3,3,3,3,3,3,3,9,9,3,3,3,3,1,1,1,1,1,1,1,1,7,7,7,7,7,7,7,7","0.000864028930664062","walktrap","edit-xhwikibooks.graphml"
"0.17","0.09","0.74","0.382424328830088","4,3,4,4,4,1,4,1,1,2,4,4,1,1,1,5,2,6,1,4,3,8,1,1,1,1,1,5,3,2,6,1,9,4,1,1,7,1,3,3,3,3,8,8,8,8,3,8,8,8,3,3,3,3,3,8,8,8,8,3,1,3,3,1,1,3,3,3,3,3,8,3,1,1,3,3,3,3,3,3,3,1,5,5,5,3,3,3,3,3,2,6,1,3,3,3,5,3,3,3,3,3,3,3,3,3,3,9,9,3,3,3,3,1,1,1,1,1,1,1,1,7,7,7,7,7,7,7,7","0.00148320198059082","walktrap","edit-xhwikibooks.graphml"
"0.16","0.1","0.74","0.382424328830088","4,3,4,4,4,1,4,1,1,2,4,4,1,1,1,5,2,6,1,4,3,8,1,1,1,1,1,5,3,2,6,1,9,4,1,1,7,1,3,3,3,3,8,8,8,8,3,8,8,8,3,3,3,3,3,8,8,8,8,3,1,3,3,1,1,3,3,3,3,3,8,3,1,1,3,3,3,3,3,3,3,1,5,5,5,3,3,3,3,3,2,6,1,3,3,3,5,3,3,3,3,3,3,3,3,3,3,9,9,3,3,3,3,1,1,1,1,1,1,1,1,7,7,7,7,7,7,7,7","0.00139307975769043","walktrap","edit-xhwikibooks.graphml"
"0.15","0.11","0.74","0.382292980651672","4,3,4,4,4,1,4,1,1,2,4,4,1,1,1,5,2,6,1,4,3,8,1,1,1,1,1,5,3,2,6,1,9,4,1,1,7,1,3,3,3,3,8,8,8,8,3,8,8,8,3,3,3,3,3,8,8,8,8,3,1,3,3,1,1,3,3,3,3,3,8,3,1,1,3,3,3,3,3,3,3,1,5,5,5,3,3,3,3,3,2,6,1,3,3,3,5,3,3,3,3,3,3,3,3,3,3,9,9,3,3,3,3,1,1,1,1,1,1,1,1,7,7,7,7,7,7,7,7","0.00108504295349121","walktrap","edit-xhwikibooks.graphml"
"0.14","0.12","0.74","0.385222813553858","4,3,4,4,4,2,4,2,2,1,4,4,2,2,2,5,1,6,8,4,3,9,2,2,2,2,2,5,3,1,6,7,11,4,8,8,10,2,3,3,3,3,9,9,9,9,3,9,9,9,3,3,3,3,3,9,9,9,9,3,2,3,3,2,2,3,3,3,3,3,9,3,2,2,3,3,3,3,3,3,3,2,5,5,5,3,3,3,3,3,1,6,7,3,3,3,5,3,3,3,3,3,3,3,3,3,3,11,11,3,3,3,3,8,8,8,8,8,8,8,8,10,10,10,10,10,10,10,10","0.00102901458740234","walktrap","edit-xhwikibooks.graphml"
"0.13","0.13","0.74","0.385086196167678","4,3,4,4,4,2,4,2,2,1,4,4,2,2,2,5,1,6,8,4,3,9,2,2,2,2,2,5,3,1,6,7,11,4,8,8,10,2,3,3,3,3,9,9,9,9,3,9,9,9,3,3,3,3,3,9,9,9,9,3,2,3,3,2,2,3,3,3,3,3,9,3,2,2,3,3,3,3,3,3,3,2,5,5,5,3,3,3,3,3,1,6,7,3,3,3,5,3,3,3,3,3,3,3,3,3,3,11,11,3,3,3,3,8,8,8,8,8,8,8,8,10,10,10,10,10,10,10,10","0.00104498863220215","walktrap","edit-xhwikibooks.graphml"
"0.12","0.14","0.74","0.384619363407558","4,3,4,4,4,2,4,2,2,1,4,4,2,2,2,5,1,6,8,4,3,9,2,2,2,2,2,5,3,1,6,7,11,4,8,8,10,2,3,3,3,3,9,9,9,9,3,9,9,9,3,3,3,3,3,9,9,9,9,3,2,3,3,2,2,3,3,3,3,3,9,3,2,2,3,3,3,3,3,3,3,2,5,5,5,3,3,3,3,3,1,6,7,3,3,3,5,3,3,3,3,3,3,3,3,3,3,11,11,3,3,3,3,8,8,8,8,8,8,8,8,10,10,10,10,10,10,10,10","0.00104403495788574","walktrap","edit-xhwikibooks.graphml"
"0.11","0.15","0.74","0.385411037314334","4,3,4,4,4,2,4,2,2,1,4,4,2,2,2,5,1,6,8,4,3,9,2,2,2,2,2,5,3,1,6,7,11,4,8,8,10,2,3,3,3,3,9,9,9,9,3,9,9,9,3,3,3,3,3,9,9,9,9,3,2,3,3,2,2,3,3,3,3,3,9,3,2,2,3,3,3,3,3,3,3,2,5,5,5,3,3,3,3,3,1,6,7,3,3,3,5,3,3,3,3,3,3,3,3,3,3,11,11,3,3,3,3,8,8,8,8,8,8,8,8,10,10,10,10,10,10,10,10","0.00102496147155762","walktrap","edit-xhwikibooks.graphml"
"0.1","0.16","0.74","0.385890556614293","4,3,4,4,4,2,4,2,2,1,4,4,2,2,2,5,1,6,8,4,3,9,2,2,2,2,2,5,3,1,6,7,11,4,8,8,10,2,3,3,3,3,9,9,9,9,3,9,9,9,3,3,3,3,3,9,9,9,9,3,2,3,3,2,2,3,3,3,3,3,9,3,2,2,3,3,3,3,3,3,3,2,5,5,5,3,3,3,3,3,1,6,7,3,3,3,5,3,3,3,3,3,3,3,3,3,3,11,11,3,3,3,3,8,8,8,8,8,8,8,8,10,10,10,10,10,10,10,10","0.000993967056274414","walktrap","edit-xhwikibooks.graphml"
"0.09","0.17","0.74","0.386213782094023","4,3,4,4,4,2,4,2,2,1,4,4,2,2,2,5,1,6,8,4,3,9,2,2,2,2,2,5,3,1,6,7,11,4,8,8,10,2,3,3,3,3,9,9,9,9,3,9,9,9,3,3,3,3,3,9,9,9,9,3,2,3,3,2,2,3,3,3,3,3,9,3,2,2,3,3,3,3,3,3,3,2,5,5,5,3,3,3,3,3,1,6,7,3,3,3,5,3,3,3,3,3,3,3,3,3,3,11,11,3,3,3,3,8,8,8,8,8,8,8,8,10,10,10,10,10,10,10,10","0.000995874404907227","walktrap","edit-xhwikibooks.graphml"
"0.08","0.18","0.74","0.386213782094023","4,3,4,4,4,2,4,2,2,1,4,4,2,2,2,5,1,6,8,4,3,9,2,2,2,2,2,5,3,1,6,7,11,4,8,8,10,2,3,3,3,3,9,9,9,9,3,9,9,9,3,3,3,3,3,9,9,9,9,3,2,3,3,2,2,3,3,3,3,3,9,3,2,2,3,3,3,3,3,3,3,2,5,5,5,3,3,3,3,3,1,6,7,3,3,3,5,3,3,3,3,3,3,3,3,3,3,11,11,3,3,3,3,8,8,8,8,8,8,8,8,10,10,10,10,10,10,10,10","0.000998020172119141","walktrap","edit-xhwikibooks.graphml"
"0.07","0.19","0.74","0.384953508030431","4,3,4,4,4,2,4,2,2,1,4,4,2,2,2,5,1,6,8,4,3,9,2,2,2,2,2,5,3,1,6,7,11,4,8,8,10,2,3,3,3,3,9,9,9,9,3,9,9,9,3,3,3,3,3,9,9,9,9,3,2,3,3,2,2,3,3,3,3,3,9,3,2,2,3,3,3,3,3,3,3,2,5,5,5,3,3,3,3,3,1,6,7,3,3,3,5,3,3,3,3,3,3,3,3,3,3,11,11,3,3,3,3,8,8,8,8,8,8,8,8,10,10,10,10,10,10,10,10","0.00125598907470703","walktrap","edit-xhwikibooks.graphml"
"0.06","0.2","0.74","0.385886899778176","4,3,4,4,4,2,4,2,2,1,4,4,2,2,2,5,1,6,8,4,3,9,2,2,2,2,2,5,3,1,6,7,11,4,8,8,10,2,3,3,3,3,9,9,9,9,3,9,9,9,3,3,3,3,3,9,9,9,9,3,2,3,3,2,2,3,3,3,3,3,9,3,2,2,3,3,3,3,3,3,3,2,5,5,5,3,3,3,3,3,1,6,7,3,3,3,5,3,3,3,3,3,3,3,3,3,3,11,11,3,3,3,3,8,8,8,8,8,8,8,8,10,10,10,10,10,10,10,10","0.00101995468139648","walktrap","edit-xhwikibooks.graphml"
"0.05","0.21","0.74","0.385750327020067","4,3,4,4,4,2,4,2,2,1,4,4,2,2,2,5,1,6,8,4,3,9,2,2,2,2,2,5,3,1,6,7,11,4,8,8,10,2,3,3,3,3,9,9,9,9,3,9,9,9,3,3,3,3,3,9,9,9,9,3,2,3,3,2,2,3,3,3,3,3,9,3,2,2,3,3,3,3,3,3,3,2,5,5,5,3,3,3,3,3,1,6,7,3,3,3,5,3,3,3,3,3,3,3,3,3,3,11,11,3,3,3,3,8,8,8,8,8,8,8,8,10,10,10,10,10,10,10,10","0.00101089477539062","walktrap","edit-xhwikibooks.graphml"
"0.04","0.22","0.74","0.385750327020067","4,3,4,4,4,2,4,2,2,1,4,4,2,2,2,5,1,6,8,4,3,9,2,2,2,2,2,5,3,1,6,7,11,4,8,8,10,2,3,3,3,3,9,9,9,9,3,9,9,9,3,3,3,3,3,9,9,9,9,3,2,3,3,2,2,3,3,3,3,3,9,3,2,2,3,3,3,3,3,3,3,2,5,5,5,3,3,3,3,3,1,6,7,3,3,3,5,3,3,3,3,3,3,3,3,3,3,11,11,3,3,3,3,8,8,8,8,8,8,8,8,10,10,10,10,10,10,10,10","0.00105810165405273","walktrap","edit-xhwikibooks.graphml"
"0.03","0.23","0.74","0.380133127364505","6,2,6,6,3,6,3,6,6,1,3,3,6,6,6,4,1,5,9,3,2,10,8,6,6,6,6,4,2,1,5,7,11,3,9,9,12,6,2,2,2,2,10,10,10,10,2,10,10,10,2,2,2,2,2,10,10,10,10,2,8,2,2,6,6,2,2,2,2,2,10,2,6,6,2,2,2,2,2,2,2,6,4,4,4,2,2,2,2,2,1,5,7,2,2,2,4,2,2,2,2,2,2,2,2,2,2,11,11,2,2,2,2,9,9,9,9,9,9,9,9,12,12,12,12,12,12,12,12","0.00130200386047363","walktrap","edit-xhwikibooks.graphml"
"0.02","0.24","0.74","0.380619165819048","6,2,6,6,3,6,3,6,6,1,3,3,6,6,6,4,1,5,9,3,2,10,8,6,6,6,6,4,2,1,5,7,11,3,9,9,12,6,2,2,2,2,10,10,10,10,2,10,10,10,2,2,2,2,2,10,10,10,10,2,8,2,2,6,6,2,2,2,2,2,10,2,6,6,2,2,2,2,2,2,2,6,4,4,4,2,2,2,2,2,1,5,7,2,2,2,4,2,2,2,2,2,2,2,2,2,2,11,11,2,2,2,2,9,9,9,9,9,9,9,9,12,12,12,12,12,12,12,12","0.000977993011474609","walktrap","edit-xhwikibooks.graphml"
"0.01","0.25","0.74","0.381941323336144","6,2,6,6,3,6,3,6,6,1,3,3,6,6,6,4,1,5,9,3,2,10,8,6,6,6,6,4,2,1,5,7,11,3,9,9,12,6,2,2,2,2,10,10,10,10,2,10,10,10,2,2,2,2,2,10,10,10,10,2,8,2,2,6,6,2,2,2,2,2,10,2,6,6,2,2,2,2,2,2,2,6,4,4,4,2,2,2,2,2,1,5,7,2,2,2,4,2,2,2,2,2,2,2,2,2,2,11,11,2,2,2,2,9,9,9,9,9,9,9,9,12,12,12,12,12,12,12,12","0.000963926315307617","walktrap","edit-xhwikibooks.graphml"
"0","0.26","0.74","0.382758829639889","2,12,2,2,3,2,3,2,2,1,3,3,2,2,2,4,1,5,8,3,12,9,7,2,2,2,2,4,2,1,5,6,10,3,8,8,11,2,12,12,12,12,9,9,9,9,12,9,9,9,12,12,12,12,12,9,9,9,9,12,7,12,12,2,2,12,12,12,12,12,9,12,2,2,12,12,12,12,12,12,12,2,4,4,4,2,12,12,12,12,1,5,6,12,12,12,4,12,12,12,12,12,12,12,12,12,12,10,10,12,12,12,12,8,8,8,8,8,8,8,8,11,11,11,11,11,11,11,11","0.0010230541229248","walktrap","edit-xhwikibooks.graphml"
"0.25","0","0.75","0.392831763958142","1,3,1,1,1,1,1,1,1,2,1,4,1,1,1,6,2,5,1,4,3,8,1,1,1,1,1,6,3,2,5,1,4,4,1,1,7,1,3,3,3,3,8,8,8,8,3,8,8,8,3,3,3,3,3,8,8,8,8,3,1,3,3,1,1,3,3,3,3,3,8,3,1,1,3,3,3,3,3,3,3,1,6,6,6,3,3,3,3,3,2,5,1,3,3,3,6,3,3,3,3,3,3,3,3,3,3,4,4,3,3,3,3,1,1,1,1,1,1,1,1,7,7,7,7,7,7,7,7","0.00102806091308594","walktrap","edit-xhwikibooks.graphml"
"0.24","0.01","0.75","0.377310141311766","4,3,4,4,4,1,4,1,1,2,4,4,1,1,1,5,2,6,1,4,3,7,1,1,1,1,1,5,3,2,6,1,9,4,1,1,8,1,3,3,3,3,7,7,7,7,3,7,7,7,3,3,3,3,3,7,7,7,7,3,1,3,3,1,1,3,3,3,3,3,7,3,1,1,3,3,3,3,3,3,3,1,5,5,5,3,3,3,3,3,2,6,1,3,3,3,5,3,3,3,3,3,3,3,3,3,3,9,9,3,3,3,3,1,1,1,1,1,1,1,1,8,8,8,8,8,8,8,8","0.00124096870422363","walktrap","edit-xhwikibooks.graphml"
"0.23","0.02","0.75","0.377310141311766","4,3,4,4,4,1,4,1,1,2,4,4,1,1,1,5,2,6,1,4,3,7,1,1,1,1,1,5,3,2,6,1,9,4,1,1,8,1,3,3,3,3,7,7,7,7,3,7,7,7,3,3,3,3,3,7,7,7,7,3,1,3,3,1,1,3,3,3,3,3,7,3,1,1,3,3,3,3,3,3,3,1,5,5,5,3,3,3,3,3,2,6,1,3,3,3,5,3,3,3,3,3,3,3,3,3,3,9,9,3,3,3,3,1,1,1,1,1,1,1,1,8,8,8,8,8,8,8,8","0.000998020172119141","walktrap","edit-xhwikibooks.graphml"
"0.22","0.03","0.75","0.377182279000121","4,3,4,4,4,1,4,1,1,2,4,4,1,1,1,5,2,6,1,4,3,7,1,1,1,1,1,5,3,2,6,1,9,4,1,1,8,1,3,3,3,3,7,7,7,7,3,7,7,7,3,3,3,3,3,7,7,7,7,3,1,3,3,1,1,3,3,3,3,3,7,3,1,1,3,3,3,3,3,3,3,1,5,5,5,3,3,3,3,3,2,6,1,3,3,3,5,3,3,3,3,3,3,3,3,3,3,9,9,3,3,3,3,1,1,1,1,1,1,1,1,8,8,8,8,8,8,8,8","0.000999927520751953","walktrap","edit-xhwikibooks.graphml"
"0.21","0.04","0.75","0.377182279000121","4,3,4,4,4,1,4,1,1,2,4,4,1,1,1,5,2,6,1,4,3,7,1,1,1,1,1,5,3,2,6,1,9,4,1,1,8,1,3,3,3,3,7,7,7,7,3,7,7,7,3,3,3,3,3,7,7,7,7,3,1,3,3,1,1,3,3,3,3,3,7,3,1,1,3,3,3,3,3,3,3,1,5,5,5,3,3,3,3,3,2,6,1,3,3,3,5,3,3,3,3,3,3,3,3,3,3,9,9,3,3,3,3,1,1,1,1,1,1,1,1,8,8,8,8,8,8,8,8","0.00101089477539062","walktrap","edit-xhwikibooks.graphml"
"0.2","0.05","0.75","0.376926794452556","4,3,4,4,4,1,4,1,1,2,4,4,1,1,1,5,2,6,1,4,3,7,1,1,1,1,1,5,3,2,6,1,9,4,1,1,8,1,3,3,3,3,7,7,7,7,3,7,7,7,3,3,3,3,3,7,7,7,7,3,1,3,3,1,1,3,3,3,3,3,7,3,1,1,3,3,3,3,3,3,3,1,5,5,5,3,3,3,3,3,2,6,1,3,3,3,5,3,3,3,3,3,3,3,3,3,3,9,9,3,3,3,3,1,1,1,1,1,1,1,1,8,8,8,8,8,8,8,8","0.00104594230651855","walktrap","edit-xhwikibooks.graphml"
"0.19","0.06","0.75","0.376926794452556","4,3,4,4,4,1,4,1,1,2,4,4,1,1,1,5,2,6,1,4,3,7,1,1,1,1,1,5,3,2,6,1,9,4,1,1,8,1,3,3,3,3,7,7,7,7,3,7,7,7,3,3,3,3,3,7,7,7,7,3,1,3,3,1,1,3,3,3,3,3,7,3,1,1,3,3,3,3,3,3,3,1,5,5,5,3,3,3,3,3,2,6,1,3,3,3,5,3,3,3,3,3,3,3,3,3,3,9,9,3,3,3,3,1,1,1,1,1,1,1,1,8,8,8,8,8,8,8,8","0.000973939895629883","walktrap","edit-xhwikibooks.graphml"
"0.18","0.07","0.75","0.37679917208814","4,3,4,4,4,1,4,1,1,2,4,4,1,1,1,5,2,6,1,4,3,7,1,1,1,1,1,5,3,2,6,1,9,4,1,1,8,1,3,3,3,3,7,7,7,7,3,7,7,7,3,3,3,3,3,7,7,7,7,3,1,3,3,1,1,3,3,3,3,3,7,3,1,1,3,3,3,3,3,3,3,1,5,5,5,3,3,3,3,3,2,6,1,3,3,3,5,3,3,3,3,3,3,3,3,3,3,9,9,3,3,3,3,1,1,1,1,1,1,1,1,8,8,8,8,8,8,8,8","0.00100493431091309","walktrap","edit-xhwikibooks.graphml"
"0.17","0.08","0.75","0.377282415964716","4,3,4,4,4,1,4,1,1,2,4,4,1,1,1,5,2,6,1,4,3,8,1,1,1,1,1,5,3,2,6,1,9,4,1,1,7,1,3,3,3,3,8,8,8,8,3,8,8,8,3,3,3,3,3,8,8,8,8,3,1,3,3,1,1,3,3,3,3,3,8,3,1,1,3,3,3,3,3,3,3,1,5,5,5,3,3,3,3,3,2,6,1,3,3,3,5,3,3,3,3,3,3,3,3,3,3,9,9,3,3,3,3,1,1,1,1,1,1,1,1,7,7,7,7,7,7,7,7","0.00100111961364746","walktrap","edit-xhwikibooks.graphml"
"0.16","0.09","0.75","0.377664700978716","4,3,4,4,4,1,4,1,1,2,4,4,1,1,1,5,2,6,1,4,3,8,1,1,1,1,1,5,3,2,6,1,9,4,1,1,7,1,3,3,3,3,8,8,8,8,3,8,8,8,3,3,3,3,3,8,8,8,8,3,1,3,3,1,1,3,3,3,3,3,8,3,1,1,3,3,3,3,3,3,3,1,5,5,5,3,3,3,3,3,2,6,1,3,3,3,5,3,3,3,3,3,3,3,3,3,3,9,9,3,3,3,3,1,1,1,1,1,1,1,1,7,7,7,7,7,7,7,7","0.00104498863220215","walktrap","edit-xhwikibooks.graphml"
"0.15","0.1","0.75","0.377664700978716","4,3,4,4,4,1,4,1,1,2,4,4,1,1,1,5,2,6,1,4,3,8,1,1,1,1,1,5,3,2,6,1,9,4,1,1,7,1,3,3,3,3,8,8,8,8,3,8,8,8,3,3,3,3,3,8,8,8,8,3,1,3,3,1,1,3,3,3,3,3,8,3,1,1,3,3,3,3,3,3,3,1,5,5,5,3,3,3,3,3,2,6,1,3,3,3,5,3,3,3,3,3,3,3,3,3,3,9,9,3,3,3,3,1,1,1,1,1,1,1,1,7,7,7,7,7,7,7,7","0.00126504898071289","walktrap","edit-xhwikibooks.graphml"
"0.14","0.11","0.75","0.377537065249703","4,3,4,4,4,1,4,1,1,2,4,4,1,1,1,5,2,6,1,4,3,8,1,1,1,1,1,5,3,2,6,1,9,4,1,1,7,1,3,3,3,3,8,8,8,8,3,8,8,8,3,3,3,3,3,8,8,8,8,3,1,3,3,1,1,3,3,3,3,3,8,3,1,1,3,3,3,3,3,3,3,1,5,5,5,3,3,3,3,3,2,6,1,3,3,3,5,3,3,3,3,3,3,3,3,3,3,9,9,3,3,3,3,1,1,1,1,1,1,1,1,7,7,7,7,7,7,7,7","0.000978946685791016","walktrap","edit-xhwikibooks.graphml"
"0.13","0.12","0.75","0.380328669113398","4,3,4,4,4,2,4,2,2,1,4,4,2,2,2,5,1,6,8,4,3,9,2,2,2,2,2,5,3,1,6,7,11,4,8,8,10,2,3,3,3,3,9,9,9,9,3,9,9,9,3,3,3,3,3,9,9,9,9,3,2,3,3,2,2,3,3,3,3,3,9,3,2,2,3,3,3,3,3,3,3,2,5,5,5,3,3,3,3,3,1,6,7,3,3,3,5,3,3,3,3,3,3,3,3,3,3,11,11,3,3,3,3,8,8,8,8,8,8,8,8,10,10,10,10,10,10,10,10","0.000989913940429688","walktrap","edit-xhwikibooks.graphml"
"0.12","0.13","0.75","0.380196055503658","4,3,4,4,4,2,4,2,2,1,4,4,2,2,2,5,1,6,8,4,3,9,2,2,2,2,2,5,3,1,6,7,11,4,8,8,10,2,3,3,3,3,9,9,9,9,3,9,9,9,3,3,3,3,3,9,9,9,9,3,2,3,3,2,2,3,3,3,3,3,9,3,2,2,3,3,3,3,3,3,3,2,5,5,5,3,3,3,3,3,1,6,7,3,3,3,5,3,3,3,3,3,3,3,3,3,3,11,11,3,3,3,3,8,8,8,8,8,8,8,8,10,10,10,10,10,10,10,10","0.000995874404907227","walktrap","edit-xhwikibooks.graphml"
"0.11","0.14","0.75","0.380196055503658","4,3,4,4,4,2,4,2,2,1,4,4,2,2,2,5,1,6,8,4,3,9,2,2,2,2,2,5,3,1,6,7,11,4,8,8,10,2,3,3,3,3,9,9,9,9,3,9,9,9,3,3,3,3,3,9,9,9,9,3,2,3,3,2,2,3,3,3,3,3,9,3,2,2,3,3,3,3,3,3,3,2,5,5,5,3,3,3,3,3,1,6,7,3,3,3,5,3,3,3,3,3,3,3,3,3,3,11,11,3,3,3,3,8,8,8,8,8,8,8,8,10,10,10,10,10,10,10,10","0.00109505653381348","walktrap","edit-xhwikibooks.graphml"
"0.1","0.15","0.75","0.380981118153676","4,3,4,4,4,2,4,2,2,1,4,4,2,2,2,5,1,6,8,4,3,9,2,2,2,2,2,5,3,1,6,7,11,4,8,8,10,2,3,3,3,3,9,9,9,9,3,9,9,9,3,3,3,3,3,9,9,9,9,3,2,3,3,2,2,3,3,3,3,3,9,3,2,2,3,3,3,3,3,3,3,2,5,5,5,3,3,3,3,3,1,6,7,3,3,3,5,3,3,3,3,3,3,3,3,3,3,11,11,3,3,3,3,8,8,8,8,8,8,8,8,10,10,10,10,10,10,10,10","0.000978946685791016","walktrap","edit-xhwikibooks.graphml"
"0.09","0.16","0.75","0.381455232377008","4,3,4,4,4,2,4,2,2,1,4,4,2,2,2,5,1,6,8,4,3,9,2,2,2,2,2,5,3,1,6,7,11,4,8,8,10,2,3,3,3,3,9,9,9,9,3,9,9,9,3,3,3,3,3,9,9,9,9,3,2,3,3,2,2,3,3,3,3,3,9,3,2,2,3,3,3,3,3,3,3,2,5,5,5,3,3,3,3,3,1,6,7,3,3,3,5,3,3,3,3,3,3,3,3,3,3,11,11,3,3,3,3,8,8,8,8,8,8,8,8,10,10,10,10,10,10,10,10","0.000988960266113281","walktrap","edit-xhwikibooks.graphml"
"0.08","0.17","0.75","0.38177783767351","4,3,4,4,4,2,4,2,2,1,4,4,2,2,2,5,1,6,8,4,3,9,2,2,2,2,2,5,3,1,6,7,11,4,8,8,10,2,3,3,3,3,9,9,9,9,3,9,9,9,3,3,3,3,3,9,9,9,9,3,2,3,3,2,2,3,3,3,3,3,9,3,2,2,3,3,3,3,3,3,3,2,5,5,5,3,3,3,3,3,1,6,7,3,3,3,5,3,3,3,3,3,3,3,3,3,3,11,11,3,3,3,3,8,8,8,8,8,8,8,8,10,10,10,10,10,10,10,10","0.00100302696228027","walktrap","edit-xhwikibooks.graphml"
"0.07","0.18","0.75","0.38177783767351","4,3,4,4,4,2,4,2,2,1,4,4,2,2,2,5,1,6,8,4,3,9,2,2,2,2,2,5,3,1,6,7,11,4,8,8,10,2,3,3,3,3,9,9,9,9,3,9,9,9,3,3,3,3,3,9,9,9,9,3,2,3,3,2,2,3,3,3,3,3,9,3,2,2,3,3,3,3,3,3,3,2,5,5,5,3,3,3,3,3,1,6,7,3,3,3,5,3,3,3,3,3,3,3,3,3,3,11,11,3,3,3,3,8,8,8,8,8,8,8,8,10,10,10,10,10,10,10,10","0.000974893569946289","walktrap","edit-xhwikibooks.graphml"
"0.06","0.19","0.75","0.381645268838991","4,3,4,4,4,2,4,2,2,1,4,4,2,2,2,5,1,6,8,4,3,9,2,2,2,2,2,5,3,1,6,7,11,4,8,8,10,2,3,3,3,3,9,9,9,9,3,9,9,9,3,3,3,3,3,9,9,9,9,3,2,3,3,2,2,3,3,3,3,3,9,3,2,2,3,3,3,3,3,3,3,2,5,5,5,3,3,3,3,3,1,6,7,3,3,3,5,3,3,3,3,3,3,3,3,3,3,11,11,3,3,3,3,8,8,8,8,8,8,8,8,10,10,10,10,10,10,10,10","0.00101995468139648","walktrap","edit-xhwikibooks.graphml"
"0.05","0.2","0.75","0.382560556534633","4,3,4,4,4,2,4,2,2,1,4,4,2,2,2,5,1,6,8,4,3,9,2,2,2,2,2,5,3,1,6,7,11,4,8,8,10,2,3,3,3,3,9,9,9,9,3,9,9,9,3,3,3,3,3,9,9,9,9,3,2,3,3,2,2,3,3,3,3,3,9,3,2,2,3,3,3,3,3,3,3,2,5,5,5,3,3,3,3,3,1,6,7,3,3,3,5,3,3,3,3,3,3,3,3,3,3,11,11,3,3,3,3,8,8,8,8,8,8,8,8,10,10,10,10,10,10,10,10","0.00125002861022949","walktrap","edit-xhwikibooks.graphml"
"0.04","0.21","0.75","0.382427971615809","4,3,4,4,4,2,4,2,2,1,4,4,2,2,2,5,1,6,8,4,3,9,2,2,2,2,2,5,3,1,6,7,11,4,8,8,10,2,3,3,3,3,9,9,9,9,3,9,9,9,3,3,3,3,3,9,9,9,9,3,2,3,3,2,2,3,3,3,3,3,9,3,2,2,3,3,3,3,3,3,3,2,5,5,5,3,3,3,3,3,1,6,7,3,3,3,5,3,3,3,3,3,3,3,3,3,3,11,11,3,3,3,3,8,8,8,8,8,8,8,8,10,10,10,10,10,10,10,10","0.00097203254699707","walktrap","edit-xhwikibooks.graphml"
"0.03","0.22","0.75","0.382427971615809","4,3,4,4,4,2,4,2,2,1,4,4,2,2,2,5,1,6,8,4,3,9,2,2,2,2,2,5,3,1,6,7,11,4,8,8,10,2,3,3,3,3,9,9,9,9,3,9,9,9,3,3,3,3,3,9,9,9,9,3,2,3,3,2,2,3,3,3,3,3,9,3,2,2,3,3,3,3,3,3,3,2,5,5,5,3,3,3,3,3,1,6,7,3,3,3,5,3,3,3,3,3,3,3,3,3,3,11,11,3,3,3,3,8,8,8,8,8,8,8,8,10,10,10,10,10,10,10,10","0.000998020172119141","walktrap","edit-xhwikibooks.graphml"
"0.02","0.23","0.75","0.383241315209232","4,3,4,4,4,2,4,2,2,1,4,4,2,2,2,5,1,6,8,4,3,9,2,2,2,2,2,5,3,1,6,7,10,4,8,8,11,2,3,3,3,3,9,9,9,9,3,9,9,9,3,3,3,3,3,9,9,9,9,3,2,3,3,2,2,3,3,3,3,3,9,3,2,2,3,3,3,3,3,3,3,2,5,5,5,3,3,3,3,3,1,6,7,3,3,3,5,3,3,3,3,3,3,3,3,3,3,10,10,3,3,3,3,8,8,8,8,8,8,8,8,11,11,11,11,11,11,11,11","0.00107192993164062","walktrap","edit-xhwikibooks.graphml"
"0.01","0.24","0.75","0.383711347416832","4,3,4,4,4,2,4,2,2,1,4,4,2,2,2,5,1,6,8,4,3,9,2,2,2,2,2,5,3,1,6,7,10,4,8,8,11,2,3,3,3,3,9,9,9,9,3,9,9,9,3,3,3,3,3,9,9,9,9,3,2,3,3,2,2,3,3,3,3,3,9,3,2,2,3,3,3,3,3,3,3,2,5,5,5,3,3,3,3,3,1,6,7,3,3,3,5,3,3,3,3,3,3,3,3,3,3,10,10,3,3,3,3,8,8,8,8,8,8,8,8,11,11,11,11,11,11,11,11","0.00121378898620605","walktrap","edit-xhwikibooks.graphml"
"0","0.25","0.75","0.386041196483889","2,11,2,2,3,2,3,2,2,1,3,3,2,2,2,4,1,5,7,3,11,8,2,2,2,2,2,4,2,1,5,6,9,3,7,7,10,2,11,11,11,11,8,8,8,8,11,8,8,8,11,11,11,11,11,8,8,8,8,11,2,11,11,2,2,11,11,11,11,11,8,11,2,2,11,11,11,11,11,11,11,2,4,4,4,2,11,11,11,11,1,5,6,11,11,11,4,11,11,11,11,11,11,11,11,11,11,9,9,11,11,11,11,7,7,7,7,7,7,7,7,10,10,10,10,10,10,10,10","0.00104618072509766","walktrap","edit-xhwikibooks.graphml"
"0.24","0","0.76","0.392831763958142","1,3,1,1,1,1,1,1,1,2,1,4,1,1,1,6,2,5,1,4,3,8,1,1,1,1,1,6,3,2,5,1,4,4,1,1,7,1,3,3,3,3,8,8,8,8,3,8,8,8,3,3,3,3,3,8,8,8,8,3,1,3,3,1,1,3,3,3,3,3,8,3,1,1,3,3,3,3,3,3,3,1,6,6,6,3,3,3,3,3,2,5,1,3,3,3,6,3,3,3,3,3,3,3,3,3,3,4,4,3,3,3,3,1,1,1,1,1,1,1,1,7,7,7,7,7,7,7,7","0.000995159149169922","walktrap","edit-xhwikibooks.graphml"
"0.23","0.01","0.76","0.392831763958142","1,3,1,1,1,1,1,1,1,2,1,4,1,1,1,6,2,5,1,4,3,8,1,1,1,1,1,6,3,2,5,1,4,4,1,1,7,1,3,3,3,3,8,8,8,8,3,8,8,8,3,3,3,3,3,8,8,8,8,3,1,3,3,1,1,3,3,3,3,3,8,3,1,1,3,3,3,3,3,3,3,1,6,6,6,3,3,3,3,3,2,5,1,3,3,3,6,3,3,3,3,3,3,3,3,3,3,4,4,3,3,3,3,1,1,1,1,1,1,1,1,7,7,7,7,7,7,7,7","0.000973939895629883","walktrap","edit-xhwikibooks.graphml"
"0.22","0.02","0.76","0.392831763958142","1,3,1,1,1,1,1,1,1,2,1,4,1,1,1,6,2,5,1,4,3,8,1,1,1,1,1,6,3,2,5,1,4,4,1,1,7,1,3,3,3,3,8,8,8,8,3,8,8,8,3,3,3,3,3,8,8,8,8,3,1,3,3,1,1,3,3,3,3,3,8,3,1,1,3,3,3,3,3,3,3,1,6,6,6,3,3,3,3,3,2,5,1,3,3,3,6,3,3,3,3,3,3,3,3,3,3,4,4,3,3,3,3,1,1,1,1,1,1,1,1,7,7,7,7,7,7,7,7","0.000979900360107422","walktrap","edit-xhwikibooks.graphml"
"0.21","0.03","0.76","0.39270393843368","1,3,1,1,1,1,1,1,1,2,1,4,1,1,1,6,2,5,1,4,3,8,1,1,1,1,1,6,3,2,5,1,4,4,1,1,7,1,3,3,3,3,8,8,8,8,3,8,8,8,3,3,3,3,3,8,8,8,8,3,1,3,3,1,1,3,3,3,3,3,8,3,1,1,3,3,3,3,3,3,3,1,6,6,6,3,3,3,3,3,2,5,1,3,3,3,6,3,3,3,3,3,3,3,3,3,3,4,4,3,3,3,3,1,1,1,1,1,1,1,1,7,7,7,7,7,7,7,7","0.00110197067260742","walktrap","edit-xhwikibooks.graphml"
"0.2","0.04","0.76","0.39270393843368","1,3,1,1,1,1,1,1,1,2,1,4,1,1,1,6,2,5,1,4,3,8,1,1,1,1,1,6,3,2,5,1,4,4,1,1,7,1,3,3,3,3,8,8,8,8,3,8,8,8,3,3,3,3,3,8,8,8,8,3,1,3,3,1,1,3,3,3,3,3,8,3,1,1,3,3,3,3,3,3,3,1,6,6,6,3,3,3,3,3,2,5,1,3,3,3,6,3,3,3,3,3,3,3,3,3,3,4,4,3,3,3,3,1,1,1,1,1,1,1,1,7,7,7,7,7,7,7,7","0.000989913940429688","walktrap","edit-xhwikibooks.graphml"
"0.19","0.05","0.76","0.390931912912408","4,3,4,4,4,1,4,1,1,2,4,4,1,1,1,5,2,6,1,4,3,8,1,1,1,1,1,5,3,2,6,1,9,4,1,1,7,1,3,3,3,3,8,8,8,8,3,8,8,8,3,3,3,3,3,8,8,8,8,3,1,3,3,1,1,3,3,3,3,3,8,3,1,1,3,3,3,3,3,3,3,1,5,5,5,3,3,3,3,3,2,6,1,3,3,3,5,3,3,3,3,3,3,3,3,3,3,9,9,3,3,3,3,1,1,1,1,1,1,1,1,7,7,7,7,7,7,7,7","0.000960111618041992","walktrap","edit-xhwikibooks.graphml"
"0.18","0.06","0.76","0.390931912912408","4,3,4,4,4,1,4,1,1,2,4,4,1,1,1,5,2,6,1,4,3,8,1,1,1,1,1,5,3,2,6,1,9,4,1,1,7,1,3,3,3,3,8,8,8,8,3,8,8,8,3,3,3,3,3,8,8,8,8,3,1,3,3,1,1,3,3,3,3,3,8,3,1,1,3,3,3,3,3,3,3,1,5,5,5,3,3,3,3,3,2,6,1,3,3,3,5,3,3,3,3,3,3,3,3,3,3,9,9,3,3,3,3,1,1,1,1,1,1,1,1,7,7,7,7,7,7,7,7","0.00100612640380859","walktrap","edit-xhwikibooks.graphml"
"0.17","0.07","0.76","0.390802987777275","4,3,4,4,4,1,4,1,1,2,4,4,1,1,1,5,2,6,1,4,3,8,1,1,1,1,1,5,3,2,6,1,9,4,1,1,7,1,3,3,3,3,8,8,8,8,3,8,8,8,3,3,3,3,3,8,8,8,8,3,1,3,3,1,1,3,3,3,3,3,8,3,1,1,3,3,3,3,3,3,3,1,5,5,5,3,3,3,3,3,2,6,1,3,3,3,5,3,3,3,3,3,3,3,3,3,3,9,9,3,3,3,3,1,1,1,1,1,1,1,1,7,7,7,7,7,7,7,7","0.000979900360107422","walktrap","edit-xhwikibooks.graphml"
"0.16","0.08","0.76","0.391754357993197","4,3,4,4,4,1,4,1,1,2,4,4,1,1,1,5,2,6,1,4,3,8,1,1,1,1,1,5,3,2,6,1,9,4,1,1,7,1,3,3,3,3,8,8,8,8,3,8,8,8,3,3,3,3,3,8,8,8,8,3,1,3,3,1,1,3,3,3,3,3,8,3,1,1,3,3,3,3,3,3,3,1,5,5,5,3,3,3,3,3,2,6,1,3,3,3,5,3,3,3,3,3,3,3,3,3,3,9,9,3,3,3,3,1,1,1,1,1,1,1,1,7,7,7,7,7,7,7,7","0.00104808807373047","walktrap","edit-xhwikibooks.graphml"
"0.15","0.09","0.76","0.385772061509241","4,3,4,4,4,1,4,1,1,2,4,4,1,1,1,5,2,6,1,4,3,8,1,1,1,1,1,5,3,2,6,1,9,4,1,1,7,1,3,3,3,3,8,8,8,8,3,8,8,8,3,3,3,3,3,8,8,8,8,3,1,3,3,1,1,3,3,3,3,3,8,3,1,1,3,3,3,3,3,3,3,1,5,5,5,3,3,3,3,3,2,6,1,3,3,3,5,3,3,3,3,3,3,3,3,3,3,9,9,3,3,3,3,1,1,1,1,1,1,1,1,7,7,7,7,7,7,7,7","0.000963926315307617","walktrap","edit-xhwikibooks.graphml"
"0.14","0.1","0.76","0.385772061509241","4,3,4,4,4,1,4,1,1,2,4,4,1,1,1,5,2,6,1,4,3,8,1,1,1,1,1,5,3,2,6,1,9,4,1,1,7,1,3,3,3,3,8,8,8,8,3,8,8,8,3,3,3,3,3,8,8,8,8,3,1,3,3,1,1,3,3,3,3,3,8,3,1,1,3,3,3,3,3,3,3,1,5,5,5,3,3,3,3,3,2,6,1,3,3,3,5,3,3,3,3,3,3,3,3,3,3,9,9,3,3,3,3,1,1,1,1,1,1,1,1,7,7,7,7,7,7,7,7","0.000977993011474609","walktrap","edit-xhwikibooks.graphml"
"0.13","0.11","0.76","0.385643820088787","4,3,4,4,4,1,4,1,1,2,4,4,1,1,1,5,2,6,1,4,3,8,1,1,1,1,1,5,3,2,6,1,9,4,1,1,7,1,3,3,3,3,8,8,8,8,3,8,8,8,3,3,3,3,3,8,8,8,8,3,1,3,3,1,1,3,3,3,3,3,8,3,1,1,3,3,3,3,3,3,3,1,5,5,5,3,3,3,3,3,2,6,1,3,3,3,5,3,3,3,3,3,3,3,3,3,3,9,9,3,3,3,3,1,1,1,1,1,1,1,1,7,7,7,7,7,7,7,7","0.00110507011413574","walktrap","edit-xhwikibooks.graphml"
"0.12","0.12","0.76","0.388284751903082","4,3,4,4,4,2,4,2,2,1,4,4,2,2,2,5,1,6,8,4,3,9,2,2,2,2,2,5,3,1,6,7,11,4,8,8,10,2,3,3,3,3,9,9,9,9,3,9,9,9,3,3,3,3,3,9,9,9,9,3,2,3,3,2,2,3,3,3,3,3,9,3,2,2,3,3,3,3,3,3,3,2,5,5,5,3,3,3,3,3,1,6,7,3,3,3,5,3,3,3,3,3,3,3,3,3,3,11,11,3,3,3,3,8,8,8,8,8,8,8,8,10,10,10,10,10,10,10,10","0.00109481811523438","walktrap","edit-xhwikibooks.graphml"
"0.11","0.13","0.76","0.379804925424905","4,3,4,4,4,2,4,2,2,1,4,4,2,2,2,5,1,6,8,4,3,9,2,2,2,2,2,5,3,1,6,7,11,4,8,8,10,2,3,3,3,3,9,9,9,9,3,9,9,9,3,3,3,3,3,9,9,9,9,3,2,3,3,2,2,3,3,3,3,3,9,3,2,2,3,3,3,3,3,3,3,2,5,5,5,3,3,3,3,3,1,6,7,3,3,3,5,3,3,3,3,3,3,3,3,3,3,11,11,3,3,3,3,8,8,8,8,8,8,8,8,10,10,10,10,10,10,10,10","0.00110292434692383","walktrap","edit-xhwikibooks.graphml"
"0.1","0.14","0.76","0.379804925424905","4,3,4,4,4,2,4,2,2,1,4,4,2,2,2,5,1,6,8,4,3,9,2,2,2,2,2,5,3,1,6,7,11,4,8,8,10,2,3,3,3,3,9,9,9,9,3,9,9,9,3,3,3,3,3,9,9,9,9,3,2,3,3,2,2,3,3,3,3,3,9,3,2,2,3,3,3,3,3,3,3,2,5,5,5,3,3,3,3,3,1,6,7,3,3,3,5,3,3,3,3,3,3,3,3,3,3,11,11,3,3,3,3,8,8,8,8,8,8,8,8,10,10,10,10,10,10,10,10","0.00097203254699707","walktrap","edit-xhwikibooks.graphml"
"0.09","0.15","0.76","0.380589912436084","4,3,4,4,4,2,4,2,2,1,4,4,2,2,2,5,1,6,8,4,3,9,2,2,2,2,2,5,3,1,6,7,11,4,8,8,10,2,3,3,3,3,9,9,9,9,3,9,9,9,3,3,3,3,3,9,9,9,9,3,2,3,3,2,2,3,3,3,3,3,9,3,2,2,3,3,3,3,3,3,3,2,5,5,5,3,3,3,3,3,1,6,7,3,3,3,5,3,3,3,3,3,3,3,3,3,3,11,11,3,3,3,3,8,8,8,8,8,8,8,8,10,10,10,10,10,10,10,10","0.00109696388244629","walktrap","edit-xhwikibooks.graphml"
"0.08","0.16","0.76","0.381063636368664","4,3,4,4,4,2,4,2,2,1,4,4,2,2,2,5,1,6,8,4,3,9,2,2,2,2,2,5,3,1,6,7,11,4,8,8,10,2,3,3,3,3,9,9,9,9,3,9,9,9,3,3,3,3,3,9,9,9,9,3,2,3,3,2,2,3,3,3,3,3,9,3,2,2,3,3,3,3,3,3,3,2,5,5,5,3,3,3,3,3,1,6,7,3,3,3,5,3,3,3,3,3,3,3,3,3,3,11,11,3,3,3,3,8,8,8,8,8,8,8,8,10,10,10,10,10,10,10,10","0.000982046127319336","walktrap","edit-xhwikibooks.graphml"
"0.07","0.17","0.76","0.381645268838991","4,3,4,4,4,2,4,2,2,1,4,4,2,2,2,5,1,6,8,4,3,9,2,2,2,2,2,5,3,1,6,7,11,4,8,8,10,2,3,3,3,3,9,9,9,9,3,9,9,9,3,3,3,3,3,9,9,9,9,3,2,3,3,2,2,3,3,3,3,3,9,3,2,2,3,3,3,3,3,3,3,2,5,5,5,3,3,3,3,3,1,6,7,3,3,3,5,3,3,3,3,3,3,3,3,3,3,11,11,3,3,3,3,8,8,8,8,8,8,8,8,10,10,10,10,10,10,10,10","0.000982999801635742","walktrap","edit-xhwikibooks.graphml"
"0.06","0.18","0.76","0.381645268838991","4,3,4,4,4,2,4,2,2,1,4,4,2,2,2,5,1,6,8,4,3,9,2,2,2,2,2,5,3,1,6,7,11,4,8,8,10,2,3,3,3,3,9,9,9,9,3,9,9,9,3,3,3,3,3,9,9,9,9,3,2,3,3,2,2,3,3,3,3,3,9,3,2,2,3,3,3,3,3,3,3,2,5,5,5,3,3,3,3,3,1,6,7,3,3,3,5,3,3,3,3,3,3,3,3,3,3,11,11,3,3,3,3,8,8,8,8,8,8,8,8,10,10,10,10,10,10,10,10","0.000979900360107422","walktrap","edit-xhwikibooks.graphml"
"0.05","0.19","0.76","0.381512786918192","4,3,4,4,4,2,4,2,2,1,4,4,2,2,2,5,1,6,8,4,3,9,2,2,2,2,2,5,3,1,6,7,11,4,8,8,10,2,3,3,3,3,9,9,9,9,3,9,9,9,3,3,3,3,3,9,9,9,9,3,2,3,3,2,2,3,3,3,3,3,9,3,2,2,3,3,3,3,3,3,3,2,5,5,5,3,3,3,3,3,1,6,7,3,3,3,5,3,3,3,3,3,3,3,3,3,3,11,11,3,3,3,3,8,8,8,8,8,8,8,8,10,10,10,10,10,10,10,10","0.000985145568847656","walktrap","edit-xhwikibooks.graphml"
"0.04","0.2","0.76","0.382427971615809","4,3,4,4,4,2,4,2,2,1,4,4,2,2,2,5,1,6,8,4,3,9,2,2,2,2,2,5,3,1,6,7,11,4,8,8,10,2,3,3,3,3,9,9,9,9,3,9,9,9,3,3,3,3,3,9,9,9,9,3,2,3,3,2,2,3,3,3,3,3,9,3,2,2,3,3,3,3,3,3,3,2,5,5,5,3,3,3,3,3,1,6,7,3,3,3,5,3,3,3,3,3,3,3,3,3,3,11,11,3,3,3,3,8,8,8,8,8,8,8,8,10,10,10,10,10,10,10,10","0.00101399421691895","walktrap","edit-xhwikibooks.graphml"
"0.03","0.21","0.76","0.38229547341964","4,3,4,4,4,2,4,2,2,1,4,4,2,2,2,5,1,6,8,4,3,9,2,2,2,2,2,5,3,1,6,7,11,4,8,8,10,2,3,3,3,3,9,9,9,9,3,9,9,9,3,3,3,3,3,9,9,9,9,3,2,3,3,2,2,3,3,3,3,3,9,3,2,2,3,3,3,3,3,3,3,2,5,5,5,3,3,3,3,3,1,6,7,3,3,3,5,3,3,3,3,3,3,3,3,3,3,11,11,3,3,3,3,8,8,8,8,8,8,8,8,10,10,10,10,10,10,10,10","0.00103592872619629","walktrap","edit-xhwikibooks.graphml"
"0.02","0.22","0.76","0.38229547341964","4,3,4,4,4,2,4,2,2,1,4,4,2,2,2,5,1,6,8,4,3,9,2,2,2,2,2,5,3,1,6,7,11,4,8,8,10,2,3,3,3,3,9,9,9,9,3,9,9,9,3,3,3,3,3,9,9,9,9,3,2,3,3,2,2,3,3,3,3,3,9,3,2,2,3,3,3,3,3,3,3,2,5,5,5,3,3,3,3,3,1,6,7,3,3,3,5,3,3,3,3,3,3,3,3,3,3,11,11,3,3,3,3,8,8,8,8,8,8,8,8,10,10,10,10,10,10,10,10","0.00107192993164062","walktrap","edit-xhwikibooks.graphml"
"0.01","0.23","0.76","0.383108773321366","4,3,4,4,4,2,4,2,2,1,4,4,2,2,2,5,1,6,8,4,3,9,2,2,2,2,2,5,3,1,6,7,10,4,8,8,11,2,3,3,3,3,9,9,9,9,3,9,9,9,3,3,3,3,3,9,9,9,9,3,2,3,3,2,2,3,3,3,3,3,9,3,2,2,3,3,3,3,3,3,3,2,5,5,5,3,3,3,3,3,1,6,7,3,3,3,5,3,3,3,3,3,3,3,3,3,3,10,10,3,3,3,3,8,8,8,8,8,8,8,8,11,11,11,11,11,11,11,11","0.000959873199462891","walktrap","edit-xhwikibooks.graphml"
"0","0.24","0.76","0.384790121885243","2,11,2,2,3,2,3,2,2,1,3,3,2,2,2,4,1,5,7,3,11,8,2,2,2,2,2,4,2,1,5,6,9,3,7,7,10,2,11,11,11,11,8,8,8,8,11,8,8,8,11,11,11,11,11,8,8,8,8,11,2,11,11,2,2,11,11,11,11,11,8,11,2,2,11,11,11,11,11,11,11,2,4,4,4,2,11,11,11,11,1,5,6,11,11,11,4,11,11,11,11,11,11,11,11,11,11,9,9,11,11,11,11,7,7,7,7,7,7,7,7,10,10,10,10,10,10,10,10","0.00145196914672852","walktrap","edit-xhwikibooks.graphml"
"0.23","0","0.77","0.386904492323043","1,3,1,1,1,1,1,1,1,2,1,4,1,1,1,6,2,5,1,4,3,8,1,1,1,1,1,6,3,2,5,1,4,4,1,1,7,1,3,3,3,3,8,8,8,8,3,8,8,8,3,3,3,3,3,8,8,8,8,3,1,3,3,1,1,3,3,3,3,3,8,3,1,1,3,3,3,3,3,3,3,1,6,6,6,3,3,3,3,3,2,5,1,3,3,3,6,3,3,3,3,3,3,3,3,3,3,4,4,3,3,3,3,1,1,1,1,1,1,1,1,7,7,7,7,7,7,7,7","0.00160312652587891","walktrap","edit-xhwikibooks.graphml"
"0.22","0.01","0.77","0.386904492323043","1,3,1,1,1,1,1,1,1,2,1,4,1,1,1,6,2,5,1,4,3,8,1,1,1,1,1,6,3,2,5,1,4,4,1,1,7,1,3,3,3,3,8,8,8,8,3,8,8,8,3,3,3,3,3,8,8,8,8,3,1,3,3,1,1,3,3,3,3,3,8,3,1,1,3,3,3,3,3,3,3,1,6,6,6,3,3,3,3,3,2,5,1,3,3,3,6,3,3,3,3,3,3,3,3,3,3,4,4,3,3,3,3,1,1,1,1,1,1,1,1,7,7,7,7,7,7,7,7","0.00101304054260254","walktrap","edit-xhwikibooks.graphml"
"0.21","0.02","0.77","0.386904492323043","1,3,1,1,1,1,1,1,1,2,1,4,1,1,1,6,2,5,1,4,3,8,1,1,1,1,1,6,3,2,5,1,4,4,1,1,7,1,3,3,3,3,8,8,8,8,3,8,8,8,3,3,3,3,3,8,8,8,8,3,1,3,3,1,1,3,3,3,3,3,8,3,1,1,3,3,3,3,3,3,3,1,6,6,6,3,3,3,3,3,2,5,1,3,3,3,6,3,3,3,3,3,3,3,3,3,3,4,4,3,3,3,3,1,1,1,1,1,1,1,1,7,7,7,7,7,7,7,7","0.000967025756835938","walktrap","edit-xhwikibooks.graphml"
"0.2","0.03","0.77","0.386780148109626","1,3,1,1,1,1,1,1,1,2,1,4,1,1,1,6,2,5,1,4,3,8,1,1,1,1,1,6,3,2,5,1,4,4,1,1,7,1,3,3,3,3,8,8,8,8,3,8,8,8,3,3,3,3,3,8,8,8,8,3,1,3,3,1,1,3,3,3,3,3,8,3,1,1,3,3,3,3,3,3,3,1,6,6,6,3,3,3,3,3,2,5,1,3,3,3,6,3,3,3,3,3,3,3,3,3,3,4,4,3,3,3,3,1,1,1,1,1,1,1,1,7,7,7,7,7,7,7,7","0.000963926315307617","walktrap","edit-xhwikibooks.graphml"
"0.19","0.04","0.77","0.386780148109626","1,3,1,1,1,1,1,1,1,2,1,4,1,1,1,6,2,5,1,4,3,8,1,1,1,1,1,6,3,2,5,1,4,4,1,1,7,1,3,3,3,3,8,8,8,8,3,8,8,8,3,3,3,3,3,8,8,8,8,3,1,3,3,1,1,3,3,3,3,3,8,3,1,1,3,3,3,3,3,3,3,1,6,6,6,3,3,3,3,3,2,5,1,3,3,3,6,3,3,3,3,3,3,3,3,3,3,4,4,3,3,3,3,1,1,1,1,1,1,1,1,7,7,7,7,7,7,7,7","0.000967025756835938","walktrap","edit-xhwikibooks.graphml"
"0.18","0.05","0.77","0.386531678042174","1,3,1,1,1,1,1,1,1,2,1,4,1,1,1,6,2,5,1,4,3,8,1,1,1,1,1,6,3,2,5,1,4,4,1,1,7,1,3,3,3,3,8,8,8,8,3,8,8,8,3,3,3,3,3,8,8,8,8,3,1,3,3,1,1,3,3,3,3,3,8,3,1,1,3,3,3,3,3,3,3,1,6,6,6,3,3,3,3,3,2,5,1,3,3,3,6,3,3,3,3,3,3,3,3,3,3,4,4,3,3,3,3,1,1,1,1,1,1,1,1,7,7,7,7,7,7,7,7","0.00098109245300293","walktrap","edit-xhwikibooks.graphml"
"0.17","0.06","0.77","0.386531678042174","1,3,1,1,1,1,1,1,1,2,1,4,1,1,1,6,2,5,1,4,3,8,1,1,1,1,1,6,3,2,5,1,4,4,1,1,7,1,3,3,3,3,8,8,8,8,3,8,8,8,3,3,3,3,3,8,8,8,8,3,1,3,3,1,1,3,3,3,3,3,8,3,1,1,3,3,3,3,3,3,3,1,6,6,6,3,3,3,3,3,2,5,1,3,3,3,6,3,3,3,3,3,3,3,3,3,3,4,4,3,3,3,3,1,1,1,1,1,1,1,1,7,7,7,7,7,7,7,7","0.00120210647583008","walktrap","edit-xhwikibooks.graphml"
"0.16","0.07","0.77","0.386407552083333","1,3,1,1,1,1,1,1,1,2,1,4,1,1,1,6,2,5,1,4,3,8,1,1,1,1,1,6,3,2,5,1,4,4,1,1,7,1,3,3,3,3,8,8,8,8,3,8,8,8,3,3,3,3,3,8,8,8,8,3,1,3,3,1,1,3,3,3,3,3,8,3,1,1,3,3,3,3,3,3,3,1,6,6,6,3,3,3,3,3,2,5,1,3,3,3,6,3,3,3,3,3,3,3,3,3,3,4,4,3,3,3,3,1,1,1,1,1,1,1,1,7,7,7,7,7,7,7,7","0.00103902816772461","walktrap","edit-xhwikibooks.graphml"
"0.15","0.08","0.77","0.38723931486459","1,3,1,1,1,1,1,1,1,2,1,4,1,1,1,6,2,5,1,4,3,8,1,1,1,1,1,6,3,2,5,1,4,4,1,1,7,1,3,3,3,3,8,8,8,8,3,8,8,8,3,3,3,3,3,8,8,8,8,3,1,3,3,1,1,3,3,3,3,3,8,3,1,1,3,3,3,3,3,3,3,1,6,6,6,3,3,3,3,3,2,5,1,3,3,3,6,3,3,3,3,3,3,3,3,3,3,4,4,3,3,3,3,1,1,1,1,1,1,1,1,7,7,7,7,7,7,7,7","0.000963926315307617","walktrap","edit-xhwikibooks.graphml"
"0.14","0.09","0.77","0.38564921875","4,3,4,4,4,1,4,1,1,2,4,4,1,1,1,5,2,6,1,4,3,8,1,1,1,1,1,5,3,2,6,1,9,4,1,1,7,1,3,3,3,3,8,8,8,8,3,8,8,8,3,3,3,3,3,8,8,8,8,3,1,3,3,1,1,3,3,3,3,3,8,3,1,1,3,3,3,3,3,3,3,1,5,5,5,3,3,3,3,3,2,6,1,3,3,3,5,3,3,3,3,3,3,3,3,3,3,9,9,3,3,3,3,1,1,1,1,1,1,1,1,7,7,7,7,7,7,7,7","0.000976085662841797","walktrap","edit-xhwikibooks.graphml"
"0.13","0.1","0.77","0.38564921875","4,3,4,4,4,1,4,1,1,2,4,4,1,1,1,5,2,6,1,4,3,8,1,1,1,1,1,5,3,2,6,1,9,4,1,1,7,1,3,3,3,3,8,8,8,8,3,8,8,8,3,3,3,3,3,8,8,8,8,3,1,3,3,1,1,3,3,3,3,3,8,3,1,1,3,3,3,3,3,3,3,1,5,5,5,3,3,3,3,3,2,6,1,3,3,3,5,3,3,3,3,3,3,3,3,3,3,9,9,3,3,3,3,1,1,1,1,1,1,1,1,7,7,7,7,7,7,7,7","0.000988006591796875","walktrap","edit-xhwikibooks.graphml"
"0.12","0.11","0.77","0.385523888855834","4,3,4,4,4,1,4,1,1,2,4,4,1,1,1,5,2,6,1,4,3,8,1,1,1,1,1,5,3,2,6,1,9,4,1,1,7,1,3,3,3,3,8,8,8,8,3,8,8,8,3,3,3,3,3,8,8,8,8,3,1,3,3,1,1,3,3,3,3,3,8,3,1,1,3,3,3,3,3,3,3,1,5,5,5,3,3,3,3,3,2,6,1,3,3,3,5,3,3,3,3,3,3,3,3,3,3,9,9,3,3,3,3,1,1,1,1,1,1,1,1,7,7,7,7,7,7,7,7","0.000964879989624023","walktrap","edit-xhwikibooks.graphml"
"0.11","0.12","0.77","0.388148466795476","4,3,4,4,4,2,4,2,2,1,4,4,2,2,2,5,1,6,8,4,3,9,2,2,2,2,2,5,3,1,6,7,11,4,8,8,10,2,3,3,3,3,9,9,9,9,3,9,9,9,3,3,3,3,3,9,9,9,9,3,2,3,3,2,2,3,3,3,3,3,9,3,2,2,3,3,3,3,3,3,3,2,5,5,5,3,3,3,3,3,1,6,7,3,3,3,5,3,3,3,3,3,3,3,3,3,3,11,11,3,3,3,3,8,8,8,8,8,8,8,8,10,10,10,10,10,10,10,10","0.00098419189453125","walktrap","edit-xhwikibooks.graphml"
"0.1","0.13","0.77","0.388018374810701","4,3,4,4,4,2,4,2,2,1,4,4,2,2,2,5,1,6,8,4,3,9,2,2,2,2,2,5,3,1,6,7,11,4,8,8,10,2,3,3,3,3,9,9,9,9,3,9,9,9,3,3,3,3,3,9,9,9,9,3,2,3,3,2,2,3,3,3,3,3,9,3,2,2,3,3,3,3,3,3,3,2,5,5,5,3,3,3,3,3,1,6,7,3,3,3,5,3,3,3,3,3,3,3,3,3,3,11,11,3,3,3,3,8,8,8,8,8,8,8,8,10,10,10,10,10,10,10,10","0.00105905532836914","walktrap","edit-xhwikibooks.graphml"
"0.09","0.14","0.77","0.388018374810701","4,3,4,4,4,2,4,2,2,1,4,4,2,2,2,5,1,6,8,4,3,9,2,2,2,2,2,5,3,1,6,7,11,4,8,8,10,2,3,3,3,3,9,9,9,9,3,9,9,9,3,3,3,3,3,9,9,9,9,3,2,3,3,2,2,3,3,3,3,3,9,3,2,2,3,3,3,3,3,3,3,2,5,5,5,3,3,3,3,3,1,6,7,3,3,3,5,3,3,3,3,3,3,3,3,3,3,11,11,3,3,3,3,8,8,8,8,8,8,8,8,10,10,10,10,10,10,10,10","0.00116991996765137","walktrap","edit-xhwikibooks.graphml"
"0.08","0.15","0.77","0.388762073781135","4,3,4,4,4,2,4,2,2,1,4,4,2,2,2,5,1,6,8,4,3,9,2,2,2,2,2,5,3,1,6,7,11,4,8,8,10,2,3,3,3,3,9,9,9,9,3,9,9,9,3,3,3,3,3,9,9,9,9,3,2,3,3,2,2,3,3,3,3,3,9,3,2,2,3,3,3,3,3,3,3,2,5,5,5,3,3,3,3,3,1,6,7,3,3,3,5,3,3,3,3,3,3,3,3,3,3,11,11,3,3,3,3,8,8,8,8,8,8,8,8,10,10,10,10,10,10,10,10","0.00107479095458984","walktrap","edit-xhwikibooks.graphml"
"0.07","0.16","0.77","0.389211004845421","4,3,4,4,4,2,4,2,2,1,4,4,2,2,2,5,1,6,8,4,3,10,2,2,2,2,2,5,3,1,6,7,11,4,8,8,9,2,3,3,3,3,10,10,10,10,3,10,10,10,3,3,3,3,3,10,10,10,10,3,2,3,3,2,2,3,3,3,3,3,10,3,2,2,3,3,3,3,3,3,3,2,5,5,5,3,3,3,3,3,1,6,7,3,3,3,5,3,3,3,3,3,3,3,3,3,3,11,11,3,3,3,3,8,8,8,8,8,8,8,8,9,9,9,9,9,9,9,9","0.00098109245300293","walktrap","edit-xhwikibooks.graphml"
"0.06","0.17","0.77","0.383513914712957","4,3,4,4,4,2,4,2,2,1,4,4,2,2,2,5,1,6,8,4,3,9,2,2,2,2,2,5,3,1,6,7,11,4,8,8,10,2,3,3,3,3,9,9,9,9,3,9,9,9,3,3,3,3,3,9,9,9,9,3,2,3,3,2,2,3,3,3,3,3,9,3,2,2,3,3,3,3,3,3,3,2,5,5,5,3,3,3,3,3,1,6,7,3,3,3,5,3,3,3,3,3,3,3,3,3,3,11,11,3,3,3,3,8,8,8,8,8,8,8,8,10,10,10,10,10,10,10,10","0.000955820083618164","walktrap","edit-xhwikibooks.graphml"
"0.05","0.18","0.77","0.383513914712957","4,3,4,4,4,2,4,2,2,1,4,4,2,2,2,5,1,6,8,4,3,9,2,2,2,2,2,5,3,1,6,7,11,4,8,8,10,2,3,3,3,3,9,9,9,9,3,9,9,9,3,3,3,3,3,9,9,9,9,3,2,3,3,2,2,3,3,3,3,3,9,3,2,2,3,3,3,3,3,3,3,2,5,5,5,3,3,3,3,3,1,6,7,3,3,3,5,3,3,3,3,3,3,3,3,3,3,11,11,3,3,3,3,8,8,8,8,8,8,8,8,10,10,10,10,10,10,10,10","0.00097203254699707","walktrap","edit-xhwikibooks.graphml"
"0.04","0.19","0.77","0.383384715230443","4,3,4,4,4,2,4,2,2,1,4,4,2,2,2,5,1,6,8,4,3,9,2,2,2,2,2,5,3,1,6,7,11,4,8,8,10,2,3,3,3,3,9,9,9,9,3,9,9,9,3,3,3,3,3,9,9,9,9,3,2,3,3,2,2,3,3,3,3,3,9,3,2,2,3,3,3,3,3,3,3,2,5,5,5,3,3,3,3,3,1,6,7,3,3,3,5,3,3,3,3,3,3,3,3,3,3,11,11,3,3,3,3,8,8,8,8,8,8,8,8,10,10,10,10,10,10,10,10","0.000967979431152344","walktrap","edit-xhwikibooks.graphml"
"0.03","0.2","0.77","0.39030782579445","4,3,4,4,4,2,4,2,2,1,4,4,2,2,2,5,1,6,8,4,3,9,2,2,2,2,2,5,3,1,6,7,11,4,8,8,10,2,3,3,3,3,9,9,9,9,3,9,9,9,3,3,3,3,3,9,9,9,9,3,2,3,3,2,2,3,3,3,3,3,9,3,2,2,3,3,3,3,3,3,3,2,5,5,5,3,3,3,3,3,1,6,7,3,3,3,5,3,3,3,3,3,3,3,3,3,3,11,11,3,3,3,3,8,8,8,8,8,8,8,8,10,10,10,10,10,10,10,10","0.000989913940429688","walktrap","edit-xhwikibooks.graphml"
"0.02","0.21","0.77","0.39017476480903","4,3,4,4,4,2,4,2,2,1,4,4,2,2,2,5,1,6,8,4,3,9,2,2,2,2,2,5,3,1,6,7,11,4,8,8,10,2,3,3,3,3,9,9,9,9,3,9,9,9,3,3,3,3,3,9,9,9,9,3,2,3,3,2,2,3,3,3,3,3,9,3,2,2,3,3,3,3,3,3,3,2,5,5,5,3,3,3,3,3,1,6,7,3,3,3,5,3,3,3,3,3,3,3,3,3,3,11,11,3,3,3,3,8,8,8,8,8,8,8,8,10,10,10,10,10,10,10,10","0.000963926315307617","walktrap","edit-xhwikibooks.graphml"
"0.01","0.22","0.77","0.39017476480903","4,3,4,4,4,2,4,2,2,1,4,4,2,2,2,5,1,6,8,4,3,9,2,2,2,2,2,5,3,1,6,7,11,4,8,8,10,2,3,3,3,3,9,9,9,9,3,9,9,9,3,3,3,3,3,9,9,9,9,3,2,3,3,2,2,3,3,3,3,3,9,3,2,2,3,3,3,3,3,3,3,2,5,5,5,3,3,3,3,3,1,6,7,3,3,3,5,3,3,3,3,3,3,3,3,3,3,11,11,3,3,3,3,8,8,8,8,8,8,8,8,10,10,10,10,10,10,10,10","0.000941991806030273","walktrap","edit-xhwikibooks.graphml"
"0","0.23","0.77","0.392115550509768","2,11,2,2,3,2,3,2,2,1,3,3,2,2,2,4,1,5,7,3,11,8,2,2,2,2,2,4,2,1,5,6,9,3,7,7,10,2,11,11,11,11,8,8,8,8,11,8,8,8,11,11,11,11,11,8,8,8,8,11,2,11,11,2,2,11,11,11,11,11,8,11,2,2,11,11,11,11,11,11,11,2,4,4,4,2,11,11,11,11,1,5,6,11,11,11,4,11,11,11,11,11,11,11,11,11,11,9,9,11,11,11,11,7,7,7,7,7,7,7,7,10,10,10,10,10,10,10,10","0.001007080078125","walktrap","edit-xhwikibooks.graphml"
"0.22","0","0.78","0.387155145968875","1,3,1,1,1,1,1,1,1,2,1,4,1,1,1,6,2,5,1,4,3,8,1,1,1,1,1,6,3,2,5,1,4,4,1,1,7,1,3,3,3,3,8,8,8,8,3,8,8,8,3,3,3,3,3,8,8,8,8,3,1,3,3,1,1,3,3,3,3,3,8,3,1,1,3,3,3,3,3,3,3,1,6,6,6,3,3,3,3,3,2,5,1,3,3,3,6,3,3,3,3,3,3,3,3,3,3,4,4,3,3,3,3,1,1,1,1,1,1,1,1,7,7,7,7,7,7,7,7","0.00101709365844727","walktrap","edit-xhwikibooks.graphml"
"0.21","0.01","0.78","0.387155145968875","1,3,1,1,1,1,1,1,1,2,1,4,1,1,1,6,2,5,1,4,3,8,1,1,1,1,1,6,3,2,5,1,4,4,1,1,7,1,3,3,3,3,8,8,8,8,3,8,8,8,3,3,3,3,3,8,8,8,8,3,1,3,3,1,1,3,3,3,3,3,8,3,1,1,3,3,3,3,3,3,3,1,6,6,6,3,3,3,3,3,2,5,1,3,3,3,6,3,3,3,3,3,3,3,3,3,3,4,4,3,3,3,3,1,1,1,1,1,1,1,1,7,7,7,7,7,7,7,7","0.00127601623535156","walktrap","edit-xhwikibooks.graphml"
"0.2","0.02","0.78","0.387155145968875","1,3,1,1,1,1,1,1,1,2,1,4,1,1,1,6,2,5,1,4,3,8,1,1,1,1,1,6,3,2,5,1,4,4,1,1,7,1,3,3,3,3,8,8,8,8,3,8,8,8,3,3,3,3,3,8,8,8,8,3,1,3,3,1,1,3,3,3,3,3,8,3,1,1,3,3,3,3,3,3,3,1,6,6,6,3,3,3,3,3,2,5,1,3,3,3,6,3,3,3,3,3,3,3,3,3,3,4,4,3,3,3,3,1,1,1,1,1,1,1,1,7,7,7,7,7,7,7,7","0.00125885009765625","walktrap","edit-xhwikibooks.graphml"
"0.19","0.03","0.78","0.386655876700141","1,3,1,1,1,1,1,1,1,2,1,4,1,1,1,6,2,5,1,4,3,8,1,1,1,1,1,6,3,2,5,1,4,4,1,1,7,1,3,3,3,3,8,8,8,8,3,8,8,8,3,3,3,3,3,8,8,8,8,3,1,3,3,1,1,3,3,3,3,3,8,3,1,1,3,3,3,3,3,3,3,1,6,6,6,3,3,3,3,3,2,5,1,3,3,3,6,3,3,3,3,3,3,3,3,3,3,4,4,3,3,3,3,1,1,1,1,1,1,1,1,7,7,7,7,7,7,7,7","0.00129795074462891","walktrap","edit-xhwikibooks.graphml"
"0.18","0.04","0.78","0.386655876700141","1,3,1,1,1,1,1,1,1,2,1,4,1,1,1,6,2,5,1,4,3,8,1,1,1,1,1,6,3,2,5,1,4,4,1,1,7,1,3,3,3,3,8,8,8,8,3,8,8,8,3,3,3,3,3,8,8,8,8,3,1,3,3,1,1,3,3,3,3,3,8,3,1,1,3,3,3,3,3,3,3,1,6,6,6,3,3,3,3,3,2,5,1,3,3,3,6,3,3,3,3,3,3,3,3,3,3,4,4,3,3,3,3,1,1,1,1,1,1,1,1,7,7,7,7,7,7,7,7","0.00108695030212402","walktrap","edit-xhwikibooks.graphml"
"0.17","0.05","0.78","0.386407552083333","1,3,1,1,1,1,1,1,1,2,1,4,1,1,1,6,2,5,1,4,3,8,1,1,1,1,1,6,3,2,5,1,4,4,1,1,7,1,3,3,3,3,8,8,8,8,3,8,8,8,3,3,3,3,3,8,8,8,8,3,1,3,3,1,1,3,3,3,3,3,8,3,1,1,3,3,3,3,3,3,3,1,6,6,6,3,3,3,3,3,2,5,1,3,3,3,6,3,3,3,3,3,3,3,3,3,3,4,4,3,3,3,3,1,1,1,1,1,1,1,1,7,7,7,7,7,7,7,7","0.0010678768157959","walktrap","edit-xhwikibooks.graphml"
"0.16","0.06","0.78","0.386407552083333","1,3,1,1,1,1,1,1,1,2,1,4,1,1,1,6,2,5,1,4,3,8,1,1,1,1,1,6,3,2,5,1,4,4,1,1,7,1,3,3,3,3,8,8,8,8,3,8,8,8,3,3,3,3,3,8,8,8,8,3,1,3,3,1,1,3,3,3,3,3,8,3,1,1,3,3,3,3,3,3,3,1,6,6,6,3,3,3,3,3,2,5,1,3,3,3,6,3,3,3,3,3,3,3,3,3,3,4,4,3,3,3,3,1,1,1,1,1,1,1,1,7,7,7,7,7,7,7,7","0.001068115234375","walktrap","edit-xhwikibooks.graphml"
"0.15","0.07","0.78","0.38628349877125","1,3,1,1,1,1,1,1,1,2,1,4,1,1,1,6,2,5,1,4,3,8,1,1,1,1,1,6,3,2,5,1,4,4,1,1,7,1,3,3,3,3,8,8,8,8,3,8,8,8,3,3,3,3,3,8,8,8,8,3,1,3,3,1,1,3,3,3,3,3,8,3,1,1,3,3,3,3,3,3,3,1,6,6,6,3,3,3,3,3,2,5,1,3,3,3,6,3,3,3,3,3,3,3,3,3,3,4,4,3,3,3,3,1,1,1,1,1,1,1,1,7,7,7,7,7,7,7,7","0.00109505653381348","walktrap","edit-xhwikibooks.graphml"
"0.14","0.08","0.78","0.387115200880298","1,3,1,1,1,1,1,1,1,2,1,4,1,1,1,6,2,5,1,4,3,8,1,1,1,1,1,6,3,2,5,1,4,4,1,1,7,1,3,3,3,3,8,8,8,8,3,8,8,8,3,3,3,3,3,8,8,8,8,3,1,3,3,1,1,3,3,3,3,3,8,3,1,1,3,3,3,3,3,3,3,1,6,6,6,3,3,3,3,3,2,5,1,3,3,3,6,3,3,3,3,3,3,3,3,3,3,4,4,3,3,3,3,1,1,1,1,1,1,1,1,7,7,7,7,7,7,7,7","0.00110507011413574","walktrap","edit-xhwikibooks.graphml"
"0.13","0.09","0.78","0.386991159354487","1,3,1,1,1,1,1,1,1,2,1,4,1,1,1,6,2,5,1,4,3,8,1,1,1,1,1,6,3,2,5,1,4,4,1,1,7,1,3,3,3,3,8,8,8,8,3,8,8,8,3,3,3,3,3,8,8,8,8,3,1,3,3,1,1,3,3,3,3,3,8,3,1,1,3,3,3,3,3,3,3,1,6,6,6,3,3,3,3,3,2,5,1,3,3,3,6,3,3,3,3,3,3,3,3,3,3,4,4,3,3,3,3,1,1,1,1,1,1,1,1,7,7,7,7,7,7,7,7","0.00180602073669434","walktrap","edit-xhwikibooks.graphml"
"0.12","0.1","0.78","0.386991159354487","1,3,1,1,1,1,1,1,1,2,1,4,1,1,1,6,2,5,1,4,3,8,1,1,1,1,1,6,3,2,5,1,4,4,1,1,7,1,3,3,3,3,8,8,8,8,3,8,8,8,3,3,3,3,3,8,8,8,8,3,1,3,3,1,1,3,3,3,3,3,8,3,1,1,3,3,3,3,3,3,3,1,6,6,6,3,3,3,3,3,2,5,1,3,3,3,6,3,3,3,3,3,3,3,3,3,3,4,4,3,3,3,3,1,1,1,1,1,1,1,1,7,7,7,7,7,7,7,7","0.00166511535644531","walktrap","edit-xhwikibooks.graphml"
"0.11","0.11","0.78","0.386867190235174","1,3,1,1,1,1,1,1,1,2,1,4,1,1,1,6,2,5,1,4,3,8,1,1,1,1,1,6,3,2,5,1,4,4,1,1,7,1,3,3,3,3,8,8,8,8,3,8,8,8,3,3,3,3,3,8,8,8,8,3,1,3,3,1,1,3,3,3,3,3,8,3,1,1,3,3,3,3,3,3,3,1,6,6,6,3,3,3,3,3,2,5,1,3,3,3,6,3,3,3,3,3,3,3,3,3,3,4,4,3,3,3,3,1,1,1,1,1,1,1,1,7,7,7,7,7,7,7,7","0.00151205062866211","walktrap","edit-xhwikibooks.graphml"
"0.1","0.12","0.78","0.389820301506011","1,3,1,1,1,1,1,1,1,2,1,4,1,1,1,6,2,5,8,4,3,9,1,1,1,1,1,6,3,2,5,7,4,4,8,8,10,1,3,3,3,3,9,9,9,9,3,9,9,9,3,3,3,3,3,9,9,9,9,3,1,3,3,1,1,3,3,3,3,3,9,3,1,1,3,3,3,3,3,3,3,1,6,6,6,3,3,3,3,3,2,5,7,3,3,3,6,3,3,3,3,3,3,3,3,3,3,4,4,3,3,3,3,8,8,8,8,8,8,8,8,10,10,10,10,10,10,10,10","0.00155091285705566","walktrap","edit-xhwikibooks.graphml"
"0.09","0.13","0.78","0.387888364936182","4,3,4,4,4,2,4,2,2,1,4,4,2,2,2,5,1,6,8,4,3,9,2,2,2,2,2,5,3,1,6,7,11,4,8,8,10,2,3,3,3,3,9,9,9,9,3,9,9,9,3,3,3,3,3,9,9,9,9,3,2,3,3,2,2,3,3,3,3,3,9,3,2,2,3,3,3,3,3,3,3,2,5,5,5,3,3,3,3,3,1,6,7,3,3,3,5,3,3,3,3,3,3,3,3,3,3,11,11,3,3,3,3,8,8,8,8,8,8,8,8,10,10,10,10,10,10,10,10","0.00151991844177246","walktrap","edit-xhwikibooks.graphml"
"0.08","0.14","0.78","0.387888364936182","4,3,4,4,4,2,4,2,2,1,4,4,2,2,2,5,1,6,8,4,3,9,2,2,2,2,2,5,3,1,6,7,11,4,8,8,10,2,3,3,3,3,9,9,9,9,3,9,9,9,3,3,3,3,3,9,9,9,9,3,2,3,3,2,2,3,3,3,3,3,9,3,2,2,3,3,3,3,3,3,3,2,5,5,5,3,3,3,3,3,1,6,7,3,3,3,5,3,3,3,3,3,3,3,3,3,3,11,11,3,3,3,3,8,8,8,8,8,8,8,8,10,10,10,10,10,10,10,10","0.0015869140625","walktrap","edit-xhwikibooks.graphml"
"0.07","0.15","0.78","0.388632058420989","4,3,4,4,4,2,4,2,2,1,4,4,2,2,2,5,1,6,8,4,3,9,2,2,2,2,2,5,3,1,6,7,11,4,8,8,10,2,3,3,3,3,9,9,9,9,3,9,9,9,3,3,3,3,3,9,9,9,9,3,2,3,3,2,2,3,3,3,3,3,9,3,2,2,3,3,3,3,3,3,3,2,5,5,5,3,3,3,3,3,1,6,7,3,3,3,5,3,3,3,3,3,3,3,3,3,3,11,11,3,3,3,3,8,8,8,8,8,8,8,8,10,10,10,10,10,10,10,10","0.00136709213256836","walktrap","edit-xhwikibooks.graphml"
"0.06","0.16","0.78","0.389080935422565","4,3,4,4,4,2,4,2,2,1,4,4,2,2,2,5,1,6,8,4,3,10,2,2,2,2,2,5,3,1,6,7,11,4,8,8,9,2,3,3,3,3,10,10,10,10,3,10,10,10,3,3,3,3,3,10,10,10,10,3,2,3,3,2,2,3,3,3,3,3,10,3,2,2,3,3,3,3,3,3,3,2,5,5,5,3,3,3,3,3,1,6,7,3,3,3,5,3,3,3,3,3,3,3,3,3,3,11,11,3,3,3,3,8,8,8,8,8,8,8,8,9,9,9,9,9,9,9,9","0.00129795074462891","walktrap","edit-xhwikibooks.graphml"
"0.05","0.17","0.78","0.389383581851534","4,3,4,4,4,2,4,2,2,1,4,4,2,2,2,5,1,6,8,4,3,10,2,2,2,2,2,5,3,1,6,7,11,4,8,8,9,2,3,3,3,3,10,10,10,10,3,10,10,10,3,3,3,3,3,10,10,10,10,3,2,3,3,2,2,3,3,3,3,3,10,3,2,2,3,3,3,3,3,3,3,2,5,5,5,3,3,3,3,3,1,6,7,3,3,3,5,3,3,3,3,3,3,3,3,3,3,11,11,3,3,3,3,8,8,8,8,8,8,8,8,9,9,9,9,9,9,9,9","0.00108194351196289","walktrap","edit-xhwikibooks.graphml"
"0.04","0.18","0.78","0.389383581851534","4,3,4,4,4,2,4,2,2,1,4,4,2,2,2,5,1,6,8,4,3,10,2,2,2,2,2,5,3,1,6,7,11,4,8,8,9,2,3,3,3,3,10,10,10,10,3,10,10,10,3,3,3,3,3,10,10,10,10,3,2,3,3,2,2,3,3,3,3,3,10,3,2,2,3,3,3,3,3,3,3,2,5,5,5,3,3,3,3,3,1,6,7,3,3,3,5,3,3,3,3,3,3,3,3,3,3,11,11,3,3,3,3,8,8,8,8,8,8,8,8,9,9,9,9,9,9,9,9","0.00104308128356934","walktrap","edit-xhwikibooks.graphml"
"0.03","0.19","0.78","0.38925363508604","4,3,4,4,4,2,4,2,2,1,4,4,2,2,2,5,1,6,8,4,3,10,2,2,2,2,2,5,3,1,6,7,11,4,8,8,9,2,3,3,3,3,10,10,10,10,3,10,10,10,3,3,3,3,3,10,10,10,10,3,2,3,3,2,2,3,3,3,3,3,10,3,2,2,3,3,3,3,3,3,3,2,5,5,5,3,3,3,3,3,1,6,7,3,3,3,5,3,3,3,3,3,3,3,3,3,3,11,11,3,3,3,3,8,8,8,8,8,8,8,8,9,9,9,9,9,9,9,9","0.00101494789123535","walktrap","edit-xhwikibooks.graphml"
"0.02","0.2","0.78","0.390126910887813","4,3,4,4,4,2,4,2,2,1,4,4,2,2,2,5,1,6,8,4,3,10,2,2,2,2,2,5,3,1,6,7,11,4,8,8,9,2,3,3,3,3,10,10,10,10,3,10,10,10,3,3,3,3,3,10,10,10,10,3,2,3,3,2,2,3,3,3,3,3,10,3,2,2,3,3,3,3,3,3,3,2,5,5,5,3,3,3,3,3,1,6,7,3,3,3,5,3,3,3,3,3,3,3,3,3,3,11,11,3,3,3,3,8,8,8,8,8,8,8,8,9,9,9,9,9,9,9,9","0.00105786323547363","walktrap","edit-xhwikibooks.graphml"
"0.01","0.21","0.78","0.389996956564604","4,3,4,4,4,2,4,2,2,1,4,4,2,2,2,5,1,6,8,4,3,10,2,2,2,2,2,5,3,1,6,7,11,4,8,8,9,2,3,3,3,3,10,10,10,10,3,10,10,10,3,3,3,3,3,10,10,10,10,3,2,3,3,2,2,3,3,3,3,3,10,3,2,2,3,3,3,3,3,3,3,2,5,5,5,3,3,3,3,3,1,6,7,3,3,3,5,3,3,3,3,3,3,3,3,3,3,11,11,3,3,3,3,8,8,8,8,8,8,8,8,9,9,9,9,9,9,9,9","0.00102782249450684","walktrap","edit-xhwikibooks.graphml"
"0","0.22","0.78","0.391138364196626","2,11,2,2,3,2,3,2,2,1,3,3,2,2,2,4,1,5,7,3,11,9,2,2,2,2,2,4,2,1,5,6,10,3,7,7,8,2,11,11,11,11,9,9,9,9,11,9,9,9,11,11,11,11,11,9,9,9,9,11,2,11,11,2,2,11,11,11,11,11,9,11,2,2,11,11,11,11,11,11,11,2,4,4,4,2,11,11,11,11,1,5,6,11,11,11,4,11,11,11,11,11,11,11,11,11,11,10,10,11,11,11,11,7,7,7,7,7,7,7,7,8,8,8,8,8,8,8,8","0.00109601020812988","walktrap","edit-xhwikibooks.graphml"
"0.21","0","0.79","0.383640614313581","1,3,1,1,1,1,1,1,1,2,1,4,1,1,1,6,2,5,1,4,3,7,1,1,1,1,1,6,3,2,5,1,4,4,1,1,8,1,3,3,3,3,7,7,7,7,3,7,7,7,3,3,3,3,3,7,7,7,7,3,1,3,3,1,1,3,3,3,3,3,7,3,1,1,3,3,3,3,3,3,3,1,6,6,6,3,3,3,3,3,2,5,1,3,3,3,6,3,3,3,3,3,3,3,3,3,3,4,4,3,3,3,3,1,1,1,1,1,1,1,1,8,8,8,8,8,8,8,8","0.0010528564453125","walktrap","edit-xhwikibooks.graphml"
"0.2","0.01","0.79","0.383640614313581","1,3,1,1,1,1,1,1,1,2,1,4,1,1,1,6,2,5,1,4,3,7,1,1,1,1,1,6,3,2,5,1,4,4,1,1,8,1,3,3,3,3,7,7,7,7,3,7,7,7,3,3,3,3,3,7,7,7,7,3,1,3,3,1,1,3,3,3,3,3,7,3,1,1,3,3,3,3,3,3,3,1,6,6,6,3,3,3,3,3,2,5,1,3,3,3,6,3,3,3,3,3,3,3,3,3,3,4,4,3,3,3,3,1,1,1,1,1,1,1,1,8,8,8,8,8,8,8,8","0.00106000900268555","walktrap","edit-xhwikibooks.graphml"
"0.19","0.02","0.79","0.383640614313581","1,3,1,1,1,1,1,1,1,2,1,4,1,1,1,6,2,5,1,4,3,7,1,1,1,1,1,6,3,2,5,1,4,4,1,1,8,1,3,3,3,3,7,7,7,7,3,7,7,7,3,3,3,3,3,7,7,7,7,3,1,3,3,1,1,3,3,3,3,3,7,3,1,1,3,3,3,3,3,3,3,1,6,6,6,3,3,3,3,3,2,5,1,3,3,3,6,3,3,3,3,3,3,3,3,3,3,4,4,3,3,3,3,1,1,1,1,1,1,1,1,8,8,8,8,8,8,8,8","0.00103306770324707","walktrap","edit-xhwikibooks.graphml"
"0.18","0.03","0.79","0.383519834527935","1,3,1,1,1,1,1,1,1,2,1,4,1,1,1,6,2,5,1,4,3,7,1,1,1,1,1,6,3,2,5,1,4,4,1,1,8,1,3,3,3,3,7,7,7,7,3,7,7,7,3,3,3,3,3,7,7,7,7,3,1,3,3,1,1,3,3,3,3,3,7,3,1,1,3,3,3,3,3,3,3,1,6,6,6,3,3,3,3,3,2,5,1,3,3,3,6,3,3,3,3,3,3,3,3,3,3,4,4,3,3,3,3,1,1,1,1,1,1,1,1,8,8,8,8,8,8,8,8","0.0010521411895752","walktrap","edit-xhwikibooks.graphml"
"0.17","0.04","0.79","0.383519834527935","1,3,1,1,1,1,1,1,1,2,1,4,1,1,1,6,2,5,1,4,3,7,1,1,1,1,1,6,3,2,5,1,4,4,1,1,8,1,3,3,3,3,7,7,7,7,3,7,7,7,3,3,3,3,3,7,7,7,7,3,1,3,3,1,1,3,3,3,3,3,7,3,1,1,3,3,3,3,3,3,3,1,6,6,6,3,3,3,3,3,2,5,1,3,3,3,6,3,3,3,3,3,3,3,3,3,3,4,4,3,3,3,3,1,1,1,1,1,1,1,1,8,8,8,8,8,8,8,8","0.00107097625732422","walktrap","edit-xhwikibooks.graphml"
"0.16","0.05","0.79","0.383278483165409","1,3,1,1,1,1,1,1,1,2,1,4,1,1,1,6,2,5,1,4,3,7,1,1,1,1,1,6,3,2,5,1,4,4,1,1,8,1,3,3,3,3,7,7,7,7,3,7,7,7,3,3,3,3,3,7,7,7,7,3,1,3,3,1,1,3,3,3,3,3,7,3,1,1,3,3,3,3,3,3,3,1,6,6,6,3,3,3,3,3,2,5,1,3,3,3,6,3,3,3,3,3,3,3,3,3,3,4,4,3,3,3,3,1,1,1,1,1,1,1,1,8,8,8,8,8,8,8,8","0.00109219551086426","walktrap","edit-xhwikibooks.graphml"
"0.15","0.06","0.79","0.383278483165409","1,3,1,1,1,1,1,1,1,2,1,4,1,1,1,6,2,5,1,4,3,7,1,1,1,1,1,6,3,2,5,1,4,4,1,1,8,1,3,3,3,3,7,7,7,7,3,7,7,7,3,3,3,3,3,7,7,7,7,3,1,3,3,1,1,3,3,3,3,3,7,3,1,1,3,3,3,3,3,3,3,1,6,6,6,3,3,3,3,3,2,5,1,3,3,3,6,3,3,3,3,3,3,3,3,3,3,4,4,3,3,3,3,1,1,1,1,1,1,1,1,8,8,8,8,8,8,8,8","0.00109100341796875","walktrap","edit-xhwikibooks.graphml"
"0.14","0.07","0.79","0.381283381924198","1,3,1,1,1,1,1,1,1,2,1,4,1,1,1,6,2,5,1,4,3,8,1,1,1,1,1,6,3,2,5,1,4,4,1,1,7,1,3,3,3,3,8,8,8,8,3,8,8,8,3,3,3,3,3,8,8,8,8,3,1,3,3,1,1,3,3,3,3,3,8,3,1,1,3,3,3,3,3,3,3,1,6,6,6,3,3,3,3,3,2,5,1,3,3,3,6,3,3,3,3,3,3,3,3,3,3,4,4,3,3,3,3,1,1,1,1,1,1,1,1,7,7,7,7,7,7,7,7","0.00110507011413574","walktrap","edit-xhwikibooks.graphml"
"0.13","0.08","0.79","0.381736544638855","1,3,1,1,1,1,1,1,1,2,1,4,1,1,1,6,2,5,1,4,3,8,1,1,1,1,1,6,3,2,5,1,4,4,1,1,7,1,3,3,3,3,8,8,8,8,3,8,8,8,3,3,3,3,3,8,8,8,8,3,1,3,3,1,1,3,3,3,3,3,8,3,1,1,3,3,3,3,3,3,3,1,6,6,6,3,3,3,3,3,2,5,1,3,3,3,6,3,3,3,3,3,3,3,3,3,3,4,4,3,3,3,3,1,1,1,1,1,1,1,1,7,7,7,7,7,7,7,7","0.00110292434692383","walktrap","edit-xhwikibooks.graphml"
"0.12","0.09","0.79","0.381615849764084","1,3,1,1,1,1,1,1,1,2,1,4,1,1,1,6,2,5,1,4,3,8,1,1,1,1,1,6,3,2,5,1,4,4,1,1,7,1,3,3,3,3,8,8,8,8,3,8,8,8,3,3,3,3,3,8,8,8,8,3,1,3,3,1,1,3,3,3,3,3,8,3,1,1,3,3,3,3,3,3,3,1,6,6,6,3,3,3,3,3,2,5,1,3,3,3,6,3,3,3,3,3,3,3,3,3,3,4,4,3,3,3,3,1,1,1,1,1,1,1,1,7,7,7,7,7,7,7,7","0.00106191635131836","walktrap","edit-xhwikibooks.graphml"
"0.11","0.1","0.79","0.381615849764084","1,3,1,1,1,1,1,1,1,2,1,4,1,1,1,6,2,5,1,4,3,8,1,1,1,1,1,6,3,2,5,1,4,4,1,1,7,1,3,3,3,3,8,8,8,8,3,8,8,8,3,3,3,3,3,8,8,8,8,3,1,3,3,1,1,3,3,3,3,3,8,3,1,1,3,3,3,3,3,3,3,1,6,6,6,3,3,3,3,3,2,5,1,3,3,3,6,3,3,3,3,3,3,3,3,3,3,4,4,3,3,3,3,1,1,1,1,1,1,1,1,7,7,7,7,7,7,7,7","0.0010840892791748","walktrap","edit-xhwikibooks.graphml"
"0.1","0.11","0.79","0.381495224779462","1,3,1,1,1,1,1,1,1,2,1,4,1,1,1,6,2,5,1,4,3,8,1,1,1,1,1,6,3,2,5,1,4,4,1,1,7,1,3,3,3,3,8,8,8,8,3,8,8,8,3,3,3,3,3,8,8,8,8,3,1,3,3,1,1,3,3,3,3,3,8,3,1,1,3,3,3,3,3,3,3,1,6,6,6,3,3,3,3,3,2,5,1,3,3,3,6,3,3,3,3,3,3,3,3,3,3,4,4,3,3,3,3,1,1,1,1,1,1,1,1,7,7,7,7,7,7,7,7","0.00107789039611816","walktrap","edit-xhwikibooks.graphml"
"0.09","0.12","0.79","0.383811437707278","1,3,1,1,1,1,1,1,1,2,1,4,1,1,1,6,2,5,8,4,3,9,1,1,1,1,1,6,3,2,5,7,4,4,8,8,10,1,3,3,3,3,9,9,9,9,3,9,9,9,3,3,3,3,3,9,9,9,9,3,1,3,3,1,1,3,3,3,3,3,9,3,1,1,3,3,3,3,3,3,3,1,6,6,6,3,3,3,3,3,2,5,7,3,3,3,6,3,3,3,3,3,3,3,3,3,3,4,4,3,3,3,3,8,8,8,8,8,8,8,8,10,10,10,10,10,10,10,10","0.00107097625732422","walktrap","edit-xhwikibooks.graphml"
"0.08","0.13","0.79","0.383685483302293","1,3,1,1,1,1,1,1,1,2,1,4,1,1,1,6,2,5,8,4,3,9,1,1,1,1,1,6,3,2,5,7,4,4,8,8,10,1,3,3,3,3,9,9,9,9,3,9,9,9,3,3,3,3,3,9,9,9,9,3,1,3,3,1,1,3,3,3,3,3,9,3,1,1,3,3,3,3,3,3,3,1,6,6,6,3,3,3,3,3,2,5,7,3,3,3,6,3,3,3,3,3,3,3,3,3,3,4,4,3,3,3,3,8,8,8,8,8,8,8,8,10,10,10,10,10,10,10,10","0.00109410285949707","walktrap","edit-xhwikibooks.graphml"
"0.07","0.14","0.79","0.389561008677677","1,3,1,1,1,1,1,1,1,2,1,4,1,1,1,6,2,5,8,4,3,9,1,1,1,1,1,6,3,2,5,7,4,4,8,8,10,1,3,3,3,3,9,9,9,9,3,9,9,9,3,3,3,3,3,9,9,9,9,3,1,3,3,1,1,3,3,3,3,3,9,3,1,1,3,3,3,3,3,3,3,1,6,6,6,3,3,3,3,3,2,5,7,3,3,3,6,3,3,3,3,3,3,3,3,3,3,4,4,3,3,3,3,8,8,8,8,8,8,8,8,10,10,10,10,10,10,10,10","0.00110197067260742","walktrap","edit-xhwikibooks.graphml"
"0.06","0.15","0.79","0.390291322547021","1,3,1,1,1,1,1,1,1,2,1,4,1,1,1,6,2,5,8,4,3,9,1,1,1,1,1,6,3,2,5,7,4,4,8,8,10,1,3,3,3,3,9,9,9,9,3,9,9,9,3,3,3,3,3,9,9,9,9,3,1,3,3,1,1,3,3,3,3,3,9,3,1,1,3,3,3,3,3,3,3,1,6,6,6,3,3,3,3,3,2,5,7,3,3,3,6,3,3,3,3,3,3,3,3,3,3,4,4,3,3,3,3,8,8,8,8,8,8,8,8,10,10,10,10,10,10,10,10","0.00108909606933594","walktrap","edit-xhwikibooks.graphml"
"0.05","0.16","0.79","0.390739036325718","1,3,1,1,1,1,1,1,1,2,1,4,1,1,1,6,2,5,8,4,3,10,1,1,1,1,1,6,3,2,5,7,4,4,8,8,9,1,3,3,3,3,10,10,10,10,3,10,10,10,3,3,3,3,3,10,10,10,10,3,1,3,3,1,1,3,3,3,3,3,10,3,1,1,3,3,3,3,3,3,3,1,6,6,6,3,3,3,3,3,2,5,7,3,3,3,6,3,3,3,3,3,3,3,3,3,3,4,4,3,3,3,3,8,8,8,8,8,8,8,8,9,9,9,9,9,9,9,9","0.0011451244354248","walktrap","edit-xhwikibooks.graphml"
"0.04","0.17","0.79","0.38925363508604","4,3,4,4,4,2,4,2,2,1,4,4,2,2,2,5,1,6,8,4,3,10,2,2,2,2,2,5,3,1,6,7,11,4,8,8,9,2,3,3,3,3,10,10,10,10,3,10,10,10,3,3,3,3,3,10,10,10,10,3,2,3,3,2,2,3,3,3,3,3,10,3,2,2,3,3,3,3,3,3,3,2,5,5,5,3,3,3,3,3,1,6,7,3,3,3,5,3,3,3,3,3,3,3,3,3,3,11,11,3,3,3,3,8,8,8,8,8,8,8,8,9,9,9,9,9,9,9,9","0.00116491317749023","walktrap","edit-xhwikibooks.graphml"
"0.03","0.18","0.79","0.38925363508604","4,3,4,4,4,2,4,2,2,1,4,4,2,2,2,5,1,6,8,4,3,10,2,2,2,2,2,5,3,1,6,7,11,4,8,8,9,2,3,3,3,3,10,10,10,10,3,10,10,10,3,3,3,3,3,10,10,10,10,3,2,3,3,2,2,3,3,3,3,3,10,3,2,2,3,3,3,3,3,3,3,2,5,5,5,3,3,3,3,3,1,6,7,3,3,3,5,3,3,3,3,3,3,3,3,3,3,11,11,3,3,3,3,8,8,8,8,8,8,8,8,9,9,9,9,9,9,9,9","0.00113797187805176","walktrap","edit-xhwikibooks.graphml"
"0.02","0.19","0.79","0.389123769937291","4,3,4,4,4,2,4,2,2,1,4,4,2,2,2,5,1,6,8,4,3,10,2,2,2,2,2,5,3,1,6,7,11,4,8,8,9,2,3,3,3,3,10,10,10,10,3,10,10,10,3,3,3,3,3,10,10,10,10,3,2,3,3,2,2,3,3,3,3,3,10,3,2,2,3,3,3,3,3,3,3,2,5,5,5,3,3,3,3,3,1,6,7,3,3,3,5,3,3,3,3,3,3,3,3,3,3,11,11,3,3,3,3,8,8,8,8,8,8,8,8,9,9,9,9,9,9,9,9","0.00106596946716309","walktrap","edit-xhwikibooks.graphml"
"0.01","0.2","0.79","0.389996956564604","4,3,4,4,4,2,4,2,2,1,4,4,2,2,2,5,1,6,8,4,3,10,2,2,2,2,2,5,3,1,6,7,11,4,8,8,9,2,3,3,3,3,10,10,10,10,3,10,10,10,3,3,3,3,3,10,10,10,10,3,2,3,3,2,2,3,3,3,3,3,10,3,2,2,3,3,3,3,3,3,3,2,5,5,5,3,3,3,3,3,1,6,7,3,3,3,5,3,3,3,3,3,3,3,3,3,3,11,11,3,3,3,3,8,8,8,8,8,8,8,8,9,9,9,9,9,9,9,9","0.00107097625732422","walktrap","edit-xhwikibooks.graphml"
"0","0.21","0.79","0.39100958298082","2,11,2,2,3,2,3,2,2,1,3,3,2,2,2,4,1,5,7,3,11,9,2,2,2,2,2,4,2,1,5,6,10,3,7,7,8,2,11,11,11,11,9,9,9,9,11,9,9,9,11,11,11,11,11,9,9,9,9,11,2,11,11,2,2,11,11,11,11,11,9,11,2,2,11,11,11,11,11,11,11,2,4,4,4,2,11,11,11,11,1,5,6,11,11,11,4,11,11,11,11,11,11,11,11,11,11,10,10,11,11,11,11,7,7,7,7,7,7,7,7,8,8,8,8,8,8,8,8","0.00107908248901367","walktrap","edit-xhwikibooks.graphml"
"0.2","0","0.8","0.386895762791836","1,2,1,1,1,1,1,1,1,1,1,3,1,1,1,6,5,4,1,3,2,7,1,1,1,1,1,6,2,5,4,1,3,3,1,1,8,1,2,2,2,2,7,7,7,7,2,7,7,7,2,2,2,2,2,7,7,7,7,2,1,2,2,1,1,2,2,2,2,2,7,2,1,1,2,2,2,2,2,2,2,1,6,6,6,2,2,2,2,2,5,4,1,2,2,2,6,2,2,2,2,2,2,2,2,2,2,3,3,2,2,2,2,1,1,1,1,1,1,1,1,8,8,8,8,8,8,8,8","0.00110578536987305","walktrap","edit-xhwikibooks.graphml"
"0.19","0.01","0.8","0.383519834527935","1,3,1,1,1,1,1,1,1,2,1,4,1,1,1,6,2,5,1,4,3,7,1,1,1,1,1,6,3,2,5,1,4,4,1,1,8,1,3,3,3,3,7,7,7,7,3,7,7,7,3,3,3,3,3,7,7,7,7,3,1,3,3,1,1,3,3,3,3,3,7,3,1,1,3,3,3,3,3,3,3,1,6,6,6,3,3,3,3,3,2,5,1,3,3,3,6,3,3,3,3,3,3,3,3,3,3,4,4,3,3,3,3,1,1,1,1,1,1,1,1,8,8,8,8,8,8,8,8","0.00109291076660156","walktrap","edit-xhwikibooks.graphml"
"0.18","0.02","0.8","0.383519834527935","1,3,1,1,1,1,1,1,1,2,1,4,1,1,1,6,2,5,1,4,3,7,1,1,1,1,1,6,3,2,5,1,4,4,1,1,8,1,3,3,3,3,7,7,7,7,3,7,7,7,3,3,3,3,3,7,7,7,7,3,1,3,3,1,1,3,3,3,3,3,7,3,1,1,3,3,3,3,3,3,3,1,6,6,6,3,3,3,3,3,2,5,1,3,3,3,6,3,3,3,3,3,3,3,3,3,3,4,4,3,3,3,3,1,1,1,1,1,1,1,1,8,8,8,8,8,8,8,8","0.00110101699829102","walktrap","edit-xhwikibooks.graphml"
"0.17","0.03","0.8","0.383399124161673","1,3,1,1,1,1,1,1,1,2,1,4,1,1,1,6,2,5,1,4,3,7,1,1,1,1,1,6,3,2,5,1,4,4,1,1,8,1,3,3,3,3,7,7,7,7,3,7,7,7,3,3,3,3,3,7,7,7,7,3,1,3,3,1,1,3,3,3,3,3,7,3,1,1,3,3,3,3,3,3,3,1,6,6,6,3,3,3,3,3,2,5,1,3,3,3,6,3,3,3,3,3,3,3,3,3,3,4,4,3,3,3,3,1,1,1,1,1,1,1,1,8,8,8,8,8,8,8,8","0.00112605094909668","walktrap","edit-xhwikibooks.graphml"
"0.16","0.04","0.8","0.383278483165409","1,3,1,1,1,1,1,1,1,2,1,4,1,1,1,6,2,5,1,4,3,7,1,1,1,1,1,6,3,2,5,1,4,4,1,1,8,1,3,3,3,3,7,7,7,7,3,7,7,7,3,3,3,3,3,7,7,7,7,3,1,3,3,1,1,3,3,3,3,3,7,3,1,1,3,3,3,3,3,3,3,1,6,6,6,3,3,3,3,3,2,5,1,3,3,3,6,3,3,3,3,3,3,3,3,3,3,4,4,3,3,3,3,1,1,1,1,1,1,1,1,8,8,8,8,8,8,8,8","0.00113201141357422","walktrap","edit-xhwikibooks.graphml"
"0.15","0.05","0.8","0.383157911489777","1,3,1,1,1,1,1,1,1,2,1,4,1,1,1,6,2,5,1,4,3,7,1,1,1,1,1,6,3,2,5,1,4,4,1,1,8,1,3,3,3,3,7,7,7,7,3,7,7,7,3,3,3,3,3,7,7,7,7,3,1,3,3,1,1,3,3,3,3,3,7,3,1,1,3,3,3,3,3,3,3,1,6,6,6,3,3,3,3,3,2,5,1,3,3,3,6,3,3,3,3,3,3,3,3,3,3,4,4,3,3,3,3,1,1,1,1,1,1,1,1,8,8,8,8,8,8,8,8","0.00127196311950684","walktrap","edit-xhwikibooks.graphml"
"0.14","0.06","0.8","0.383157911489777","1,3,1,1,1,1,1,1,1,2,1,4,1,1,1,6,2,5,1,4,3,7,1,1,1,1,1,6,3,2,5,1,4,4,1,1,8,1,3,3,3,3,7,7,7,7,3,7,7,7,3,3,3,3,3,7,7,7,7,3,1,3,3,1,1,3,3,3,3,3,7,3,1,1,3,3,3,3,3,3,3,1,6,6,6,3,3,3,3,3,2,5,1,3,3,3,6,3,3,3,3,3,3,3,3,3,3,4,4,3,3,3,3,1,1,1,1,1,1,1,1,8,8,8,8,8,8,8,8","0.00107002258300781","walktrap","edit-xhwikibooks.graphml"
"0.13","0.07","0.8","0.383406899044716","1,3,1,1,1,1,1,1,1,2,1,4,1,1,1,6,2,5,1,4,3,7,1,1,1,1,1,6,3,2,5,1,4,4,1,1,8,1,3,3,3,3,7,7,7,7,3,7,7,7,3,3,3,3,3,7,7,7,7,3,1,3,3,1,1,3,3,3,3,3,7,3,1,1,3,3,3,3,3,3,3,1,6,6,6,3,3,3,3,3,2,5,1,3,3,3,6,3,3,3,3,3,3,3,3,3,3,4,4,3,3,3,3,1,1,1,1,1,1,1,1,8,8,8,8,8,8,8,8","0.00112795829772949","walktrap","edit-xhwikibooks.graphml"
"0.12","0.08","0.8","0.383856862963335","1,3,1,1,1,1,1,1,1,2,1,4,1,1,1,6,2,5,1,4,3,8,1,1,1,1,1,6,3,2,5,1,4,4,1,1,7,1,3,3,3,3,8,8,8,8,3,8,8,8,3,3,3,3,3,8,8,8,8,3,1,3,3,1,1,3,3,3,3,3,8,3,1,1,3,3,3,3,3,3,3,1,6,6,6,3,3,3,3,3,2,5,1,3,3,3,6,3,3,3,3,3,3,3,3,3,3,4,4,3,3,3,3,1,1,1,1,1,1,1,1,7,7,7,7,7,7,7,7","0.0010528564453125","walktrap","edit-xhwikibooks.graphml"
"0.11","0.09","0.8","0.383736367241721","1,3,1,1,1,1,1,1,1,2,1,4,1,1,1,6,2,5,1,4,3,8,1,1,1,1,1,6,3,2,5,1,4,4,1,1,7,1,3,3,3,3,8,8,8,8,3,8,8,8,3,3,3,3,3,8,8,8,8,3,1,3,3,1,1,3,3,3,3,3,8,3,1,1,3,3,3,3,3,3,3,1,6,6,6,3,3,3,3,3,2,5,1,3,3,3,6,3,3,3,3,3,3,3,3,3,3,4,4,3,3,3,3,1,1,1,1,1,1,1,1,7,7,7,7,7,7,7,7","0.00110197067260742","walktrap","edit-xhwikibooks.graphml"
"0.1","0.1","0.8","0.383736367241721","1,3,1,1,1,1,1,1,1,2,1,4,1,1,1,6,2,5,1,4,3,8,1,1,1,1,1,6,3,2,5,1,4,4,1,1,7,1,3,3,3,3,8,8,8,8,3,8,8,8,3,3,3,3,3,8,8,8,8,3,1,3,3,1,1,3,3,3,3,3,8,3,1,1,3,3,3,3,3,3,3,1,6,6,6,3,3,3,3,3,2,5,1,3,3,3,6,3,3,3,3,3,3,3,3,3,3,4,4,3,3,3,3,1,1,1,1,1,1,1,1,7,7,7,7,7,7,7,7","0.00101399421691895","walktrap","edit-xhwikibooks.graphml"
"0.09","0.11","0.8","0.383615940570503","1,3,1,1,1,1,1,1,1,2,1,4,1,1,1,6,2,5,1,4,3,8,1,1,1,1,1,6,3,2,5,1,4,4,1,1,7,1,3,3,3,3,8,8,8,8,3,8,8,8,3,3,3,3,3,8,8,8,8,3,1,3,3,1,1,3,3,3,3,3,8,3,1,1,3,3,3,3,3,3,3,1,6,6,6,3,3,3,3,3,2,5,1,3,3,3,6,3,3,3,3,3,3,3,3,3,3,4,4,3,3,3,3,1,1,1,1,1,1,1,1,7,7,7,7,7,7,7,7","0.00109004974365234","walktrap","edit-xhwikibooks.graphml"
"0.08","0.12","0.8","0.386720211052114","1,3,1,1,1,1,1,1,1,2,1,4,1,1,1,6,2,5,8,4,3,9,1,1,1,1,1,6,3,2,5,7,4,4,8,8,10,1,3,3,3,3,9,9,9,9,3,9,9,9,3,3,3,3,3,9,9,9,9,3,1,3,3,1,1,3,3,3,3,3,9,3,1,1,3,3,3,3,3,3,3,1,6,6,6,3,3,3,3,3,2,5,7,3,3,3,6,3,3,3,3,3,3,3,3,3,3,4,4,3,3,3,3,8,8,8,8,8,8,8,8,10,10,10,10,10,10,10,10","0.00108599662780762","walktrap","edit-xhwikibooks.graphml"
"0.07","0.13","0.8","0.386594147279263","1,3,1,1,1,1,1,1,1,2,1,4,1,1,1,6,2,5,8,4,3,9,1,1,1,1,1,6,3,2,5,7,4,4,8,8,10,1,3,3,3,3,9,9,9,9,3,9,9,9,3,3,3,3,3,9,9,9,9,3,1,3,3,1,1,3,3,3,3,3,9,3,1,1,3,3,3,3,3,3,3,1,6,6,6,3,3,3,3,3,2,5,7,3,3,3,6,3,3,3,3,3,3,3,3,3,3,4,4,3,3,3,3,8,8,8,8,8,8,8,8,10,10,10,10,10,10,10,10","0.000967979431152344","walktrap","edit-xhwikibooks.graphml"
"0.06","0.14","0.8","0.386594147279263","1,3,1,1,1,1,1,1,1,2,1,4,1,1,1,6,2,5,8,4,3,9,1,1,1,1,1,6,3,2,5,7,4,4,8,8,10,1,3,3,3,3,9,9,9,9,3,9,9,9,3,3,3,3,3,9,9,9,9,3,1,3,3,1,1,3,3,3,3,3,9,3,1,1,3,3,3,3,3,3,3,1,6,6,6,3,3,3,3,3,2,5,7,3,3,3,6,3,3,3,3,3,3,3,3,3,3,4,4,3,3,3,3,8,8,8,8,8,8,8,8,10,10,10,10,10,10,10,10","0.000963926315307617","walktrap","edit-xhwikibooks.graphml"
"0.05","0.15","0.8","0.387314168425733","1,3,1,1,1,1,1,1,1,2,1,4,1,1,1,6,2,5,8,4,3,9,1,1,1,1,1,6,3,2,5,7,4,4,8,8,10,1,3,3,3,3,9,9,9,9,3,9,9,9,3,3,3,3,3,9,9,9,9,3,1,3,3,1,1,3,3,3,3,3,9,3,1,1,3,3,3,3,3,3,3,1,6,6,6,3,3,3,3,3,2,5,7,3,3,3,6,3,3,3,3,3,3,3,3,3,3,4,4,3,3,3,3,8,8,8,8,8,8,8,8,10,10,10,10,10,10,10,10","0.00084996223449707","walktrap","edit-xhwikibooks.graphml"
"0.04","0.16","0.8","0.387755408614381","1,3,1,1,1,1,1,1,1,2,1,4,1,1,1,6,2,5,8,4,3,9,1,1,1,1,1,6,3,2,5,7,4,4,8,8,10,1,3,3,3,3,9,9,9,9,3,9,9,9,3,3,3,3,3,9,9,9,9,3,1,3,3,1,1,3,3,3,3,3,9,3,1,1,3,3,3,3,3,3,3,1,6,6,6,3,3,3,3,3,2,5,7,3,3,3,6,3,3,3,3,3,3,3,3,3,3,4,4,3,3,3,3,8,8,8,8,8,8,8,8,10,10,10,10,10,10,10,10","0.00084996223449707","walktrap","edit-xhwikibooks.graphml"
"0.03","0.17","0.8","0.388052992181482","1,3,1,1,1,1,1,1,1,2,1,4,1,1,1,6,2,5,8,4,3,9,1,1,1,1,1,6,3,2,5,7,4,4,8,8,10,1,3,3,3,3,9,9,9,9,3,9,9,9,3,3,3,3,3,9,9,9,9,3,1,3,3,1,1,3,3,3,3,3,9,3,1,1,3,3,3,3,3,3,3,1,6,6,6,3,3,3,3,3,2,5,7,3,3,3,6,3,3,3,3,3,3,3,3,3,3,4,4,3,3,3,3,8,8,8,8,8,8,8,8,10,10,10,10,10,10,10,10","0.000848054885864258","walktrap","edit-xhwikibooks.graphml"
"0.02","0.18","0.8","0.388052992181482","1,3,1,1,1,1,1,1,1,2,1,4,1,1,1,6,2,5,8,4,3,9,1,1,1,1,1,6,3,2,5,7,4,4,8,8,10,1,3,3,3,3,9,9,9,9,3,9,9,9,3,3,3,3,3,9,9,9,9,3,1,3,3,1,1,3,3,3,3,3,9,3,1,1,3,3,3,3,3,3,3,1,6,6,6,3,3,3,3,3,2,5,7,3,3,3,6,3,3,3,3,3,3,3,3,3,3,4,4,3,3,3,3,8,8,8,8,8,8,8,8,10,10,10,10,10,10,10,10","0.000817060470581055","walktrap","edit-xhwikibooks.graphml"
"0.01","0.19","0.8","0.387926986634601","1,3,1,1,1,1,1,1,1,2,1,4,1,1,1,6,2,5,8,4,3,9,1,1,1,1,1,6,3,2,5,7,4,4,8,8,10,1,3,3,3,3,9,9,9,9,3,9,9,9,3,3,3,3,3,9,9,9,9,3,1,3,3,1,1,3,3,3,3,3,9,3,1,1,3,3,3,3,3,3,3,1,6,6,6,3,3,3,3,3,2,5,7,3,3,3,6,3,3,3,3,3,3,3,3,3,3,4,4,3,3,3,3,8,8,8,8,8,8,8,8,10,10,10,10,10,10,10,10","0.000832080841064453","walktrap","edit-xhwikibooks.graphml"
"0","0.2","0.8","0.389930980098855","1,10,1,1,1,1,1,1,1,2,1,3,1,1,1,5,2,4,7,3,10,9,1,1,1,1,1,5,1,2,4,6,3,3,7,7,8,1,10,10,10,10,9,9,9,9,10,9,9,9,10,10,10,10,10,9,9,9,9,10,1,10,10,1,1,10,10,10,10,10,9,10,1,1,10,10,10,10,10,10,10,1,5,5,5,1,10,10,10,10,2,4,6,10,10,10,5,10,10,10,10,10,10,10,10,10,10,3,3,10,10,10,10,7,7,7,7,7,7,7,7,8,8,8,8,8,8,8,8","0.000913858413696289","walktrap","edit-xhwikibooks.graphml"
"0.19","0","0.81","0.381294220042601","1,2,1,1,1,1,1,1,1,1,1,3,1,1,1,6,5,4,1,3,2,7,1,1,1,1,1,6,2,5,4,1,3,3,1,1,8,1,2,2,2,2,7,7,7,7,2,7,7,7,2,2,2,2,2,7,7,7,7,2,1,2,2,1,1,2,2,2,2,2,7,2,1,1,2,2,2,2,2,2,2,1,6,6,6,2,2,2,2,2,5,4,1,2,2,2,6,2,2,2,2,2,2,2,2,2,2,3,3,2,2,2,2,1,1,1,1,1,1,1,1,8,8,8,8,8,8,8,8","0.000987052917480469","walktrap","edit-xhwikibooks.graphml"
"0.18","0.01","0.81","0.381294220042601","1,2,1,1,1,1,1,1,1,1,1,3,1,1,1,6,5,4,1,3,2,7,1,1,1,1,1,6,2,5,4,1,3,3,1,1,8,1,2,2,2,2,7,7,7,7,2,7,7,7,2,2,2,2,2,7,7,7,7,2,1,2,2,1,1,2,2,2,2,2,7,2,1,1,2,2,2,2,2,2,2,1,6,6,6,2,2,2,2,2,5,4,1,2,2,2,6,2,2,2,2,2,2,2,2,2,2,3,3,2,2,2,2,1,1,1,1,1,1,1,1,8,8,8,8,8,8,8,8","0.00183200836181641","walktrap","edit-xhwikibooks.graphml"
"0.17","0.02","0.81","0.381294220042601","1,2,1,1,1,1,1,1,1,1,1,3,1,1,1,6,5,4,1,3,2,7,1,1,1,1,1,6,2,5,4,1,3,3,1,1,8,1,2,2,2,2,7,7,7,7,2,7,7,7,2,2,2,2,2,7,7,7,7,2,1,2,2,1,1,2,2,2,2,2,7,2,1,1,2,2,2,2,2,2,2,1,6,6,6,2,2,2,2,2,5,4,1,2,2,2,6,2,2,2,2,2,2,2,2,2,2,3,3,2,2,2,2,1,1,1,1,1,1,1,1,8,8,8,8,8,8,8,8","0.00148606300354004","walktrap","edit-xhwikibooks.graphml"
"0.16","0.03","0.81","0.381176647989714","1,2,1,1,1,1,1,1,1,1,1,3,1,1,1,6,5,4,1,3,2,7,1,1,1,1,1,6,2,5,4,1,3,3,1,1,8,1,2,2,2,2,7,7,7,7,2,7,7,7,2,2,2,2,2,7,7,7,7,2,1,2,2,1,1,2,2,2,2,2,7,2,1,1,2,2,2,2,2,2,2,1,6,6,6,2,2,2,2,2,5,4,1,2,2,2,6,2,2,2,2,2,2,2,2,2,2,3,3,2,2,2,2,1,1,1,1,1,1,1,1,8,8,8,8,8,8,8,8","0.00147509574890137","walktrap","edit-xhwikibooks.graphml"
"0.15","0.04","0.81","0.381059142243265","1,2,1,1,1,1,1,1,1,1,1,3,1,1,1,6,5,4,1,3,2,7,1,1,1,1,1,6,2,5,4,1,3,3,1,1,8,1,2,2,2,2,7,7,7,7,2,7,7,7,2,2,2,2,2,7,7,7,7,2,1,2,2,1,1,2,2,2,2,2,7,2,1,1,2,2,2,2,2,2,2,1,6,6,6,2,2,2,2,2,5,4,1,2,2,2,6,2,2,2,2,2,2,2,2,2,2,3,3,2,2,2,2,1,1,1,1,1,1,1,1,8,8,8,8,8,8,8,8","0.0015108585357666","walktrap","edit-xhwikibooks.graphml"
"0.14","0.05","0.81","0.380941702756704","1,2,1,1,1,1,1,1,1,1,1,3,1,1,1,6,5,4,1,3,2,7,1,1,1,1,1,6,2,5,4,1,3,3,1,1,8,1,2,2,2,2,7,7,7,7,2,7,7,7,2,2,2,2,2,7,7,7,7,2,1,2,2,1,1,2,2,2,2,2,7,2,1,1,2,2,2,2,2,2,2,1,6,6,6,2,2,2,2,2,5,4,1,2,2,2,6,2,2,2,2,2,2,2,2,2,2,3,3,2,2,2,2,1,1,1,1,1,1,1,1,8,8,8,8,8,8,8,8","0.00146698951721191","walktrap","edit-xhwikibooks.graphml"
"0.13","0.06","0.81","0.378674580846352","1,3,1,1,1,1,1,1,1,2,1,4,1,1,1,6,2,5,1,4,3,7,1,1,1,1,1,6,3,2,5,1,4,4,1,1,8,1,3,3,3,3,7,7,7,7,3,7,7,7,3,3,3,3,3,7,7,7,7,3,1,3,3,1,1,3,3,3,3,3,7,3,1,1,3,3,3,3,3,3,3,1,6,6,6,3,3,3,3,3,2,5,1,3,3,3,6,3,3,3,3,3,3,3,3,3,3,4,4,3,3,3,3,1,1,1,1,1,1,1,1,8,8,8,8,8,8,8,8","0.00142693519592285","walktrap","edit-xhwikibooks.graphml"
"0.12","0.07","0.81","0.378924602356987","1,3,1,1,1,1,1,1,1,2,1,4,1,1,1,6,2,5,1,4,3,7,1,1,1,1,1,6,3,2,5,1,4,4,1,1,8,1,3,3,3,3,7,7,7,7,3,7,7,7,3,3,3,3,3,7,7,7,7,3,1,3,3,1,1,3,3,3,3,3,7,3,1,1,3,3,3,3,3,3,3,1,6,6,6,3,3,3,3,3,2,5,1,3,3,3,6,3,3,3,3,3,3,3,3,3,3,4,4,3,3,3,3,1,1,1,1,1,1,1,1,8,8,8,8,8,8,8,8","0.00148296356201172","walktrap","edit-xhwikibooks.graphml"
"0.11","0.08","0.81","0.384839102270238","1,3,1,1,1,1,1,1,1,2,1,4,1,1,1,6,2,5,1,4,3,8,1,1,1,1,1,6,3,2,5,1,4,4,1,1,7,1,3,3,3,3,8,8,8,8,3,8,8,8,3,3,3,3,3,8,8,8,8,3,1,3,3,1,1,3,3,3,3,3,8,3,1,1,3,3,3,3,3,3,3,1,6,6,6,3,3,3,3,3,2,5,1,3,3,3,6,3,3,3,3,3,3,3,3,3,3,4,4,3,3,3,3,1,1,1,1,1,1,1,1,7,7,7,7,7,7,7,7","0.00143814086914062","walktrap","edit-xhwikibooks.graphml"
"0.1","0.09","0.81","0.384718682798533","1,3,1,1,1,1,1,1,1,2,1,4,1,1,1,6,2,5,1,4,3,8,1,1,1,1,1,6,3,2,5,1,4,4,1,1,7,1,3,3,3,3,8,8,8,8,3,8,8,8,3,3,3,3,3,8,8,8,8,3,1,3,3,1,1,3,3,3,3,3,8,3,1,1,3,3,3,3,3,3,3,1,6,6,6,3,3,3,3,3,2,5,1,3,3,3,6,3,3,3,3,3,3,3,3,3,3,4,4,3,3,3,3,1,1,1,1,1,1,1,1,7,7,7,7,7,7,7,7","0.00145387649536133","walktrap","edit-xhwikibooks.graphml"
"0.09","0.1","0.81","0.384718682798533","1,3,1,1,1,1,1,1,1,2,1,4,1,1,1,6,2,5,1,4,3,8,1,1,1,1,1,6,3,2,5,1,4,4,1,1,7,1,3,3,3,3,8,8,8,8,3,8,8,8,3,3,3,3,3,8,8,8,8,3,1,3,3,1,1,3,3,3,3,3,8,3,1,1,3,3,3,3,3,3,3,1,6,6,6,3,3,3,3,3,2,5,1,3,3,3,6,3,3,3,3,3,3,3,3,3,3,4,4,3,3,3,3,1,1,1,1,1,1,1,1,7,7,7,7,7,7,7,7","0.00147390365600586","walktrap","edit-xhwikibooks.graphml"
"0.08","0.11","0.81","0.383495582900708","1,3,1,1,1,1,1,1,1,2,1,4,1,1,1,6,2,5,1,4,3,8,1,1,1,1,1,6,3,2,5,1,4,4,1,1,7,1,3,3,3,3,8,8,8,8,3,8,8,8,3,3,3,3,3,8,8,8,8,3,1,3,3,1,1,3,3,3,3,3,8,3,1,1,3,3,3,3,3,3,3,1,6,6,6,3,3,3,3,3,2,5,1,3,3,3,6,3,3,3,3,3,3,3,3,3,3,4,4,3,3,3,3,1,1,1,1,1,1,1,1,7,7,7,7,7,7,7,7","0.0015099048614502","walktrap","edit-xhwikibooks.graphml"
"0.07","0.12","0.81","0.386594147279263","1,3,1,1,1,1,1,1,1,2,1,4,1,1,1,6,2,5,8,4,3,9,1,1,1,1,1,6,3,2,5,7,4,4,8,8,10,1,3,3,3,3,9,9,9,9,3,9,9,9,3,3,3,3,3,9,9,9,9,3,1,3,3,1,1,3,3,3,3,3,9,3,1,1,3,3,3,3,3,3,3,1,6,6,6,3,3,3,3,3,2,5,7,3,3,3,6,3,3,3,3,3,3,3,3,3,3,4,4,3,3,3,3,8,8,8,8,8,8,8,8,10,10,10,10,10,10,10,10","0.00144314765930176","walktrap","edit-xhwikibooks.graphml"
"0.06","0.13","0.81","0.38646816074125","1,3,1,1,1,1,1,1,1,2,1,4,1,1,1,6,2,5,8,4,3,9,1,1,1,1,1,6,3,2,5,7,4,4,8,8,10,1,3,3,3,3,9,9,9,9,3,9,9,9,3,3,3,3,3,9,9,9,9,3,1,3,3,1,1,3,3,3,3,3,9,3,1,1,3,3,3,3,3,3,3,1,6,6,6,3,3,3,3,3,2,5,7,3,3,3,6,3,3,3,3,3,3,3,3,3,3,4,4,3,3,3,3,8,8,8,8,8,8,8,8,10,10,10,10,10,10,10,10","0.00143885612487793","walktrap","edit-xhwikibooks.graphml"
"0.05","0.14","0.81","0.38646816074125","1,3,1,1,1,1,1,1,1,2,1,4,1,1,1,6,2,5,8,4,3,9,1,1,1,1,1,6,3,2,5,7,4,4,8,8,10,1,3,3,3,3,9,9,9,9,3,9,9,9,3,3,3,3,3,9,9,9,9,3,1,3,3,1,1,3,3,3,3,3,9,3,1,1,3,3,3,3,3,3,3,1,6,6,6,3,3,3,3,3,2,5,7,3,3,3,6,3,3,3,3,3,3,3,3,3,3,4,4,3,3,3,3,8,8,8,8,8,8,8,8,10,10,10,10,10,10,10,10","0.00142598152160645","walktrap","edit-xhwikibooks.graphml"
"0.04","0.15","0.81","0.38718818050955","1,3,1,1,1,1,1,1,1,2,1,4,1,1,1,6,2,5,8,4,3,9,1,1,1,1,1,6,3,2,5,7,4,4,8,8,10,1,3,3,3,3,9,9,9,9,3,9,9,9,3,3,3,3,3,9,9,9,9,3,1,3,3,1,1,3,3,3,3,3,9,3,1,1,3,3,3,3,3,3,3,1,6,6,6,3,3,3,3,3,2,5,7,3,3,3,6,3,3,3,3,3,3,3,3,3,3,4,4,3,3,3,3,8,8,8,8,8,8,8,8,10,10,10,10,10,10,10,10","0.00155401229858398","walktrap","edit-xhwikibooks.graphml"
"0.03","0.16","0.81","0.387629366395225","1,3,1,1,1,1,1,1,1,2,1,4,1,1,1,6,2,5,8,4,3,9,1,1,1,1,1,6,3,2,5,7,4,4,8,8,10,1,3,3,3,3,9,9,9,9,3,9,9,9,3,3,3,3,3,9,9,9,9,3,1,3,3,1,1,3,3,3,3,3,9,3,1,1,3,3,3,3,3,3,3,1,6,6,6,3,3,3,3,3,2,5,7,3,3,3,6,3,3,3,3,3,3,3,3,3,3,4,4,3,3,3,3,8,8,8,8,8,8,8,8,10,10,10,10,10,10,10,10","0.00228691101074219","walktrap","edit-xhwikibooks.graphml"
"0.02","0.17","0.81","0.387926986634601","1,3,1,1,1,1,1,1,1,2,1,4,1,1,1,6,2,5,8,4,3,9,1,1,1,1,1,6,3,2,5,7,4,4,8,8,10,1,3,3,3,3,9,9,9,9,3,9,9,9,3,3,3,3,3,9,9,9,9,3,1,3,3,1,1,3,3,3,3,3,9,3,1,1,3,3,3,3,3,3,3,1,6,6,6,3,3,3,3,3,2,5,7,3,3,3,6,3,3,3,3,3,3,3,3,3,3,4,4,3,3,3,3,8,8,8,8,8,8,8,8,10,10,10,10,10,10,10,10","0.00175786018371582","walktrap","edit-xhwikibooks.graphml"
"0.01","0.18","0.81","0.387926986634601","1,3,1,1,1,1,1,1,1,2,1,4,1,1,1,6,2,5,8,4,3,9,1,1,1,1,1,6,3,2,5,7,4,4,8,8,10,1,3,3,3,3,9,9,9,9,3,9,9,9,3,3,3,3,3,9,9,9,9,3,1,3,3,1,1,3,3,3,3,3,9,3,1,1,3,3,3,3,3,3,3,1,6,6,6,3,3,3,3,3,2,5,7,3,3,3,6,3,3,3,3,3,3,3,3,3,3,4,4,3,3,3,3,8,8,8,8,8,8,8,8,10,10,10,10,10,10,10,10","0.00128602981567383","walktrap","edit-xhwikibooks.graphml"
"0","0.19","0.81","0.388980790800855","1,10,1,1,1,1,1,1,1,2,1,3,1,1,1,5,2,4,7,3,10,9,1,1,1,1,1,5,1,2,4,6,3,3,7,7,8,1,10,10,10,10,9,9,9,9,10,9,9,9,10,10,10,10,10,9,9,9,9,10,1,10,10,1,1,10,10,10,10,10,9,10,1,1,10,10,10,10,10,10,10,1,5,5,5,1,10,10,10,10,2,4,6,10,10,10,5,10,10,10,10,10,10,10,10,10,10,3,3,10,10,10,10,7,7,7,7,7,7,7,7,8,8,8,8,8,8,8,8","0.000895977020263672","walktrap","edit-xhwikibooks.graphml"
"0.18","0","0.82","0.381304610481155","1,2,1,1,1,1,1,1,1,1,1,3,1,1,1,6,5,4,1,3,2,8,1,1,1,1,1,6,2,5,4,1,3,3,1,1,7,1,2,2,2,2,8,8,8,8,2,8,8,8,2,2,2,2,2,8,8,8,8,2,1,2,2,1,1,2,2,2,2,2,8,2,1,1,2,2,2,2,2,2,2,1,6,6,6,2,2,2,2,2,5,4,1,2,2,2,6,2,2,2,2,2,2,2,2,2,2,3,3,2,2,2,2,1,1,1,1,1,1,1,1,7,7,7,7,7,7,7,7","0.000980138778686523","walktrap","edit-xhwikibooks.graphml"
"0.17","0.01","0.82","0.381304610481155","1,2,1,1,1,1,1,1,1,1,1,3,1,1,1,6,5,4,1,3,2,8,1,1,1,1,1,6,2,5,4,1,3,3,1,1,7,1,2,2,2,2,8,8,8,8,2,8,8,8,2,2,2,2,2,8,8,8,8,2,1,2,2,1,1,2,2,2,2,2,8,2,1,1,2,2,2,2,2,2,2,1,6,6,6,2,2,2,2,2,5,4,1,2,2,2,6,2,2,2,2,2,2,2,2,2,2,3,3,2,2,2,2,1,1,1,1,1,1,1,1,7,7,7,7,7,7,7,7","0.000833034515380859","walktrap","edit-xhwikibooks.graphml"
"0.16","0.02","0.82","0.381304610481155","1,2,1,1,1,1,1,1,1,1,1,3,1,1,1,6,5,4,1,3,2,8,1,1,1,1,1,6,2,5,4,1,3,3,1,1,7,1,2,2,2,2,8,8,8,8,2,8,8,8,2,2,2,2,2,8,8,8,8,2,1,2,2,1,1,2,2,2,2,2,8,2,1,1,2,2,2,2,2,2,2,1,6,6,6,2,2,2,2,2,5,4,1,2,2,2,6,2,2,2,2,2,2,2,2,2,2,3,3,2,2,2,2,1,1,1,1,1,1,1,1,7,7,7,7,7,7,7,7","0.000816106796264648","walktrap","edit-xhwikibooks.graphml"
"0.15","0.03","0.82","0.380824272789971","1,2,1,1,1,1,1,1,1,1,1,3,1,1,1,6,5,4,1,3,2,8,1,1,1,1,1,6,2,5,4,1,3,3,1,1,7,1,2,2,2,2,8,8,8,8,2,8,8,8,2,2,2,2,2,8,8,8,8,2,1,2,2,1,1,2,2,2,2,2,8,2,1,1,2,2,2,2,2,2,2,1,6,6,6,2,2,2,2,2,5,4,1,2,2,2,6,2,2,2,2,2,2,2,2,2,2,3,3,2,2,2,2,1,1,1,1,1,1,1,1,7,7,7,7,7,7,7,7","0.000829935073852539","walktrap","edit-xhwikibooks.graphml"
"0.14","0.04","0.82","0.380706992956166","1,2,1,1,1,1,1,1,1,1,1,3,1,1,1,6,5,4,1,3,2,8,1,1,1,1,1,6,2,5,4,1,3,3,1,1,7,1,2,2,2,2,8,8,8,8,2,8,8,8,2,2,2,2,2,8,8,8,8,2,1,2,2,1,1,2,2,2,2,2,8,2,1,1,2,2,2,2,2,2,2,1,6,6,6,2,2,2,2,2,5,4,1,2,2,2,6,2,2,2,2,2,2,2,2,2,2,3,3,2,2,2,2,1,1,1,1,1,1,1,1,7,7,7,7,7,7,7,7","0.000845193862915039","walktrap","edit-xhwikibooks.graphml"
"0.13","0.05","0.82","0.380589779177735","1,2,1,1,1,1,1,1,1,1,1,3,1,1,1,6,5,4,1,3,2,8,1,1,1,1,1,6,2,5,4,1,3,3,1,1,7,1,2,2,2,2,8,8,8,8,2,8,8,8,2,2,2,2,2,8,8,8,8,2,1,2,2,1,1,2,2,2,2,2,8,2,1,1,2,2,2,2,2,2,2,1,6,6,6,2,2,2,2,2,5,4,1,2,2,2,6,2,2,2,2,2,2,2,2,2,2,3,3,2,2,2,2,1,1,1,1,1,1,1,1,7,7,7,7,7,7,7,7","0.000848054885864258","walktrap","edit-xhwikibooks.graphml"
"0.12","0.06","0.82","0.38095277243102","1,2,1,1,1,1,1,1,1,1,1,3,1,1,1,6,5,4,1,3,2,8,1,1,1,1,1,6,2,5,4,1,3,3,1,1,7,1,2,2,2,2,8,8,8,8,2,8,8,8,2,2,2,2,2,8,8,8,8,2,1,2,2,1,1,2,2,2,2,2,8,2,1,1,2,2,2,2,2,2,2,1,6,6,6,2,2,2,2,2,5,4,1,2,2,2,6,2,2,2,2,2,2,2,2,2,2,3,3,2,2,2,2,1,1,1,1,1,1,1,1,7,7,7,7,7,7,7,7","0.00139307975769043","walktrap","edit-xhwikibooks.graphml"
"0.11","0.07","0.82","0.380835624973145","1,2,1,1,1,1,1,1,1,1,1,3,1,1,1,6,5,4,1,3,2,8,1,1,1,1,1,6,2,5,4,1,3,3,1,1,7,1,2,2,2,2,8,8,8,8,2,8,8,8,2,2,2,2,2,8,8,8,8,2,1,2,2,1,1,2,2,2,2,2,8,2,1,1,2,2,2,2,2,2,2,1,6,6,6,2,2,2,2,2,5,4,1,2,2,2,6,2,2,2,2,2,2,2,2,2,2,3,3,2,2,2,2,1,1,1,1,1,1,1,1,7,7,7,7,7,7,7,7","0.00134897232055664","walktrap","edit-xhwikibooks.graphml"
"0.1","0.08","0.82","0.381278423131131","1,2,1,1,1,1,1,1,1,1,1,3,1,1,1,6,5,4,1,3,2,8,1,1,1,1,1,6,2,5,4,1,3,3,1,1,7,1,2,2,2,2,8,8,8,8,2,8,8,8,2,2,2,2,2,8,8,8,8,2,1,2,2,1,1,2,2,2,2,2,8,2,1,1,2,2,2,2,2,2,2,1,6,6,6,2,2,2,2,2,5,4,1,2,2,2,6,2,2,2,2,2,2,2,2,2,2,3,3,2,2,2,2,1,1,1,1,1,1,1,1,7,7,7,7,7,7,7,7","0.00136303901672363","walktrap","edit-xhwikibooks.graphml"
"0.09","0.09","0.82","0.381161278193354","1,2,1,1,1,1,1,1,1,1,1,3,1,1,1,6,5,4,1,3,2,8,1,1,1,1,1,6,2,5,4,1,3,3,1,1,7,1,2,2,2,2,8,8,8,8,2,8,8,8,2,2,2,2,2,8,8,8,8,2,1,2,2,1,1,2,2,2,2,2,8,2,1,1,2,2,2,2,2,2,2,1,6,6,6,2,2,2,2,2,5,4,1,2,2,2,6,2,2,2,2,2,2,2,2,2,2,3,3,2,2,2,2,1,1,1,1,1,1,1,1,7,7,7,7,7,7,7,7","0.00144004821777344","walktrap","edit-xhwikibooks.graphml"
"0.08","0.1","0.82","0.381161278193354","1,2,1,1,1,1,1,1,1,1,1,3,1,1,1,6,5,4,1,3,2,8,1,1,1,1,1,6,2,5,4,1,3,3,1,1,7,1,2,2,2,2,8,8,8,8,2,8,8,8,2,2,2,2,2,8,8,8,8,2,1,2,2,1,1,2,2,2,2,2,8,2,1,1,2,2,2,2,2,2,2,1,6,6,6,2,2,2,2,2,5,4,1,2,2,2,6,2,2,2,2,2,2,2,2,2,2,3,3,2,2,2,2,1,1,1,1,1,1,1,1,7,7,7,7,7,7,7,7","0.00138115882873535","walktrap","edit-xhwikibooks.graphml"
"0.07","0.11","0.82","0.37878432073631","1,3,1,1,1,1,1,1,1,2,1,4,1,1,1,6,2,5,1,4,3,8,1,1,1,1,1,6,3,2,5,1,4,4,1,1,7,1,3,3,3,3,8,8,8,8,3,8,8,8,3,3,3,3,3,8,8,8,8,3,1,3,3,1,1,3,3,3,3,3,8,3,1,1,3,3,3,3,3,3,3,1,6,6,6,3,3,3,3,3,2,5,1,3,3,3,6,3,3,3,3,3,3,3,3,3,3,4,4,3,3,3,3,1,1,1,1,1,1,1,1,7,7,7,7,7,7,7,7","0.00141000747680664","walktrap","edit-xhwikibooks.graphml"
"0.06","0.12","0.82","0.381775747107811","1,3,1,1,1,1,1,1,1,2,1,4,1,1,1,6,2,5,8,4,3,9,1,1,1,1,1,6,3,2,5,7,4,4,8,8,10,1,3,3,3,3,9,9,9,9,3,9,9,9,3,3,3,3,3,9,9,9,9,3,1,3,3,1,1,3,3,3,3,3,9,3,1,1,3,3,3,3,3,3,3,1,6,6,6,3,3,3,3,3,2,5,7,3,3,3,6,3,3,3,3,3,3,3,3,3,3,4,4,3,3,3,3,8,8,8,8,8,8,8,8,10,10,10,10,10,10,10,10","0.00141000747680664","walktrap","edit-xhwikibooks.graphml"
"0.05","0.13","0.82","0.381892897090617","1,3,1,1,1,1,1,1,1,2,1,4,1,1,1,6,2,5,8,4,3,9,1,1,1,1,1,6,3,2,5,7,4,4,8,8,10,1,3,3,3,3,9,9,9,9,3,9,9,9,3,3,3,3,3,9,9,9,9,3,1,3,3,1,1,3,3,3,3,3,9,3,1,1,3,3,3,3,3,3,3,1,6,6,6,3,3,3,3,3,2,5,7,3,3,3,6,3,3,3,3,3,3,3,3,3,3,4,4,3,3,3,3,8,8,8,8,8,8,8,8,10,10,10,10,10,10,10,10","0.00142598152160645","walktrap","edit-xhwikibooks.graphml"
"0.04","0.14","0.82","0.381892897090617","1,3,1,1,1,1,1,1,1,2,1,4,1,1,1,6,2,5,8,4,3,9,1,1,1,1,1,6,3,2,5,7,4,4,8,8,10,1,3,3,3,3,9,9,9,9,3,9,9,9,3,3,3,3,3,9,9,9,9,3,1,3,3,1,1,3,3,3,3,3,9,3,1,1,3,3,3,3,3,3,3,1,6,6,6,3,3,3,3,3,2,5,7,3,3,3,6,3,3,3,3,3,3,3,3,3,3,4,4,3,3,3,3,8,8,8,8,8,8,8,8,10,10,10,10,10,10,10,10","0.00142288208007812","walktrap","edit-xhwikibooks.graphml"
"0.03","0.15","0.82","0.382608759426175","1,3,1,1,1,1,1,1,1,2,1,4,1,1,1,6,2,5,8,4,3,9,1,1,1,1,1,6,3,2,5,7,4,4,8,8,10,1,3,3,3,3,9,9,9,9,3,9,9,9,3,3,3,3,3,9,9,9,9,3,1,3,3,1,1,3,3,3,3,3,9,3,1,1,3,3,3,3,3,3,3,1,6,6,6,3,3,3,3,3,2,5,7,3,3,3,6,3,3,3,3,3,3,3,3,3,3,4,4,3,3,3,3,8,8,8,8,8,8,8,8,10,10,10,10,10,10,10,10","0.000894069671630859","walktrap","edit-xhwikibooks.graphml"
"0.02","0.16","0.82","0.383045897625052","1,3,1,1,1,1,1,1,1,2,1,4,1,1,1,6,2,5,8,4,3,9,1,1,1,1,1,6,3,2,5,7,4,4,8,8,10,1,3,3,3,3,9,9,9,9,3,9,9,9,3,3,3,3,3,9,9,9,9,3,1,3,3,1,1,3,3,3,3,3,9,3,1,1,3,3,3,3,3,3,3,1,6,6,6,3,3,3,3,3,2,5,7,3,3,3,6,3,3,3,3,3,3,3,3,3,3,4,4,3,3,3,3,8,8,8,8,8,8,8,8,10,10,10,10,10,10,10,10","0.000950098037719727","walktrap","edit-xhwikibooks.graphml"
"0.01","0.17","0.82","0.383343264456393","1,3,1,1,1,1,1,1,1,2,1,4,1,1,1,6,2,5,8,4,3,9,1,1,1,1,1,6,3,2,5,7,4,4,8,8,10,1,3,3,3,3,9,9,9,9,3,9,9,9,3,3,3,3,3,9,9,9,9,3,1,3,3,1,1,3,3,3,3,3,9,3,1,1,3,3,3,3,3,3,3,1,6,6,6,3,3,3,3,3,2,5,7,3,3,3,6,3,3,3,3,3,3,3,3,3,3,4,4,3,3,3,3,8,8,8,8,8,8,8,8,10,10,10,10,10,10,10,10","0.000879049301147461","walktrap","edit-xhwikibooks.graphml"
"0","0.18","0.82","0.384537875165238","1,10,1,1,1,1,1,1,1,2,1,3,1,1,1,5,2,4,7,3,10,9,1,1,1,1,1,5,1,2,4,6,3,3,7,7,8,1,10,10,10,10,9,9,9,9,10,9,9,9,10,10,10,10,10,9,9,9,9,10,1,10,10,1,1,10,10,10,10,10,9,10,1,1,10,10,10,10,10,10,10,1,5,5,5,1,10,10,10,10,2,4,6,10,10,10,5,10,10,10,10,10,10,10,10,10,10,3,3,10,10,10,10,7,7,7,7,7,7,7,7,8,8,8,8,8,8,8,8","0.000872135162353516","walktrap","edit-xhwikibooks.graphml"
"0.17","0","0.83","0.375859989515126","1,2,1,1,1,1,1,1,1,1,1,3,1,1,1,6,5,4,1,3,2,8,1,1,1,1,1,6,2,5,4,1,3,3,1,1,7,1,2,2,2,2,8,8,8,8,2,8,8,8,2,2,2,2,2,8,8,8,8,2,1,2,2,1,1,2,2,2,2,2,8,2,1,1,2,2,2,2,2,2,2,1,6,6,6,2,2,2,2,2,5,4,1,2,2,2,6,2,2,2,2,2,2,2,2,2,2,3,3,2,2,2,2,1,1,1,1,1,1,1,1,7,7,7,7,7,7,7,7","0.000864982604980469","walktrap","edit-xhwikibooks.graphml"
"0.16","0.01","0.83","0.375859989515126","1,2,1,1,1,1,1,1,1,1,1,3,1,1,1,6,5,4,1,3,2,8,1,1,1,1,1,6,2,5,4,1,3,3,1,1,7,1,2,2,2,2,8,8,8,8,2,8,8,8,2,2,2,2,2,8,8,8,8,2,1,2,2,1,1,2,2,2,2,2,8,2,1,1,2,2,2,2,2,2,2,1,6,6,6,2,2,2,2,2,5,4,1,2,2,2,6,2,2,2,2,2,2,2,2,2,2,3,3,2,2,2,2,1,1,1,1,1,1,1,1,7,7,7,7,7,7,7,7","0.000861883163452148","walktrap","edit-xhwikibooks.graphml"
"0.15","0.02","0.83","0.381187265138906","1,2,1,1,1,1,1,1,1,1,1,3,1,1,1,6,5,4,1,3,2,8,1,1,1,1,1,6,2,5,4,1,3,3,1,1,7,1,2,2,2,2,8,8,8,8,2,8,8,8,2,2,2,2,2,8,8,8,8,2,1,2,2,1,1,2,2,2,2,2,8,2,1,1,2,2,2,2,2,2,2,1,6,6,6,2,2,2,2,2,5,4,1,2,2,2,6,2,2,2,2,2,2,2,2,2,2,3,3,2,2,2,2,1,1,1,1,1,1,1,1,7,7,7,7,7,7,7,7","0.000851869583129883","walktrap","edit-xhwikibooks.graphml"
"0.14","0.03","0.83","0.381069985804238","1,2,1,1,1,1,1,1,1,1,1,3,1,1,1,6,5,4,1,3,2,8,1,1,1,1,1,6,2,5,4,1,3,3,1,1,7,1,2,2,2,2,8,8,8,8,2,8,8,8,2,2,2,2,2,8,8,8,8,2,1,2,2,1,1,2,2,2,2,2,8,2,1,1,2,2,2,2,2,2,2,1,6,6,6,2,2,2,2,2,5,4,1,2,2,2,6,2,2,2,2,2,2,2,2,2,2,3,3,2,2,2,2,1,1,1,1,1,1,1,1,7,7,7,7,7,7,7,7","0.000867843627929688","walktrap","edit-xhwikibooks.graphml"
"0.13","0.04","0.83","0.38095277243102","1,2,1,1,1,1,1,1,1,1,1,3,1,1,1,6,5,4,1,3,2,8,1,1,1,1,1,6,2,5,4,1,3,3,1,1,7,1,2,2,2,2,8,8,8,8,2,8,8,8,2,2,2,2,2,8,8,8,8,2,1,2,2,1,1,2,2,2,2,2,8,2,1,1,2,2,2,2,2,2,2,1,6,6,6,2,2,2,2,2,5,4,1,2,2,2,6,2,2,2,2,2,2,2,2,2,2,3,3,2,2,2,2,1,1,1,1,1,1,1,1,7,7,7,7,7,7,7,7","0.000874042510986328","walktrap","edit-xhwikibooks.graphml"
"0.12","0.05","0.83","0.380835624973145","1,2,1,1,1,1,1,1,1,1,1,3,1,1,1,6,5,4,1,3,2,8,1,1,1,1,1,6,2,5,4,1,3,3,1,1,7,1,2,2,2,2,8,8,8,8,2,8,8,8,2,2,2,2,2,8,8,8,8,2,1,2,2,1,1,2,2,2,2,2,8,2,1,1,2,2,2,2,2,2,2,1,6,6,6,2,2,2,2,2,5,4,1,2,2,2,6,2,2,2,2,2,2,2,2,2,2,3,3,2,2,2,2,1,1,1,1,1,1,1,1,7,7,7,7,7,7,7,7","0.000864982604980469","walktrap","edit-xhwikibooks.graphml"
"0.11","0.06","0.83","0.381197921673344","1,2,1,1,1,1,1,1,1,1,1,3,1,1,1,6,5,4,1,3,2,8,1,1,1,1,1,6,2,5,4,1,3,3,1,1,7,1,2,2,2,2,8,8,8,8,2,8,8,8,2,2,2,2,2,8,8,8,8,2,1,2,2,1,1,2,2,2,2,2,8,2,1,1,2,2,2,2,2,2,2,1,6,6,6,2,2,2,2,2,5,4,1,2,2,2,6,2,2,2,2,2,2,2,2,2,2,3,3,2,2,2,2,1,1,1,1,1,1,1,1,7,7,7,7,7,7,7,7","0.000895023345947266","walktrap","edit-xhwikibooks.graphml"
"0.1","0.07","0.83","0.381080840663663","1,2,1,1,1,1,1,1,1,1,1,3,1,1,1,6,5,4,1,3,2,8,1,1,1,1,1,6,2,5,4,1,3,3,1,1,7,1,2,2,2,2,8,8,8,8,2,8,8,8,2,2,2,2,2,8,8,8,8,2,1,2,2,1,1,2,2,2,2,2,8,2,1,1,2,2,2,2,2,2,2,1,6,6,6,2,2,2,2,2,5,4,1,2,2,2,6,2,2,2,2,2,2,2,2,2,2,3,3,2,2,2,2,1,1,1,1,1,1,1,1,7,7,7,7,7,7,7,7","0.00101399421691895","walktrap","edit-xhwikibooks.graphml"
"0.09","0.08","0.83","0.381523131623244","1,2,1,1,1,1,1,1,1,1,1,3,1,1,1,6,5,4,1,3,2,8,1,1,1,1,1,6,2,5,4,1,3,3,1,1,7,1,2,2,2,2,8,8,8,8,2,8,8,8,2,2,2,2,2,8,8,8,8,2,1,2,2,1,1,2,2,2,2,2,8,2,1,1,2,2,2,2,2,2,2,1,6,6,6,2,2,2,2,2,5,4,1,2,2,2,6,2,2,2,2,2,2,2,2,2,2,3,3,2,2,2,2,1,1,1,1,1,1,1,1,7,7,7,7,7,7,7,7","0.000838994979858398","walktrap","edit-xhwikibooks.graphml"
"0.08","0.09","0.83","0.381406053162006","1,2,1,1,1,1,1,1,1,1,1,3,1,1,1,6,5,4,1,3,2,8,1,1,1,1,1,6,2,5,4,1,3,3,1,1,7,1,2,2,2,2,8,8,8,8,2,8,8,8,2,2,2,2,2,8,8,8,8,2,1,2,2,1,1,2,2,2,2,2,8,2,1,1,2,2,2,2,2,2,2,1,6,6,6,2,2,2,2,2,5,4,1,2,2,2,6,2,2,2,2,2,2,2,2,2,2,3,3,2,2,2,2,1,1,1,1,1,1,1,1,7,7,7,7,7,7,7,7","0.000840902328491211","walktrap","edit-xhwikibooks.graphml"
"0.07","0.1","0.83","0.381406053162006","1,2,1,1,1,1,1,1,1,1,1,3,1,1,1,6,5,4,1,3,2,8,1,1,1,1,1,6,2,5,4,1,3,3,1,1,7,1,2,2,2,2,8,8,8,8,2,8,8,8,2,2,2,2,2,8,8,8,8,2,1,2,2,1,1,2,2,2,2,2,8,2,1,1,2,2,2,2,2,2,2,1,6,6,6,2,2,2,2,2,5,4,1,2,2,2,6,2,2,2,2,2,2,2,2,2,2,3,3,2,2,2,2,1,1,1,1,1,1,1,1,7,7,7,7,7,7,7,7","0.000855922698974609","walktrap","edit-xhwikibooks.graphml"
"0.06","0.11","0.83","0.381289040367144","1,2,1,1,1,1,1,1,1,1,1,3,1,1,1,6,5,4,1,3,2,8,1,1,1,1,1,6,2,5,4,1,3,3,1,1,7,1,2,2,2,2,8,8,8,8,2,8,8,8,2,2,2,2,2,8,8,8,8,2,1,2,2,1,1,2,2,2,2,2,8,2,1,1,2,2,2,2,2,2,2,1,6,6,6,2,2,2,2,2,5,4,1,2,2,2,6,2,2,2,2,2,2,2,2,2,2,3,3,2,2,2,2,1,1,1,1,1,1,1,1,7,7,7,7,7,7,7,7","0.000854969024658203","walktrap","edit-xhwikibooks.graphml"
"0.05","0.12","0.83","0.384687352771466","1,2,1,1,1,1,1,1,1,1,1,3,1,1,1,6,5,4,8,3,2,9,1,1,1,1,1,6,2,5,4,7,3,3,8,8,10,1,2,2,2,2,9,9,9,9,2,9,9,9,2,2,2,2,2,9,9,9,9,2,1,2,2,1,1,2,2,2,2,2,9,2,1,1,2,2,2,2,2,2,2,1,6,6,6,2,2,2,2,2,5,4,7,2,2,2,6,2,2,2,2,2,2,2,2,2,2,3,3,2,2,2,2,8,8,8,8,8,8,8,8,10,10,10,10,10,10,10,10","0.000826835632324219","walktrap","edit-xhwikibooks.graphml"
"0.04","0.13","0.83","0.384564676726249","1,2,1,1,1,1,1,1,1,1,1,3,1,1,1,6,5,4,8,3,2,9,1,1,1,1,1,6,2,5,4,7,3,3,8,8,10,1,2,2,2,2,9,9,9,9,2,9,9,9,2,2,2,2,2,9,9,9,9,2,1,2,2,1,1,2,2,2,2,2,9,2,1,1,2,2,2,2,2,2,2,1,6,6,6,2,2,2,2,2,5,4,7,2,2,2,6,2,2,2,2,2,2,2,2,2,2,3,3,2,2,2,2,8,8,8,8,8,8,8,8,10,10,10,10,10,10,10,10","0.000869989395141602","walktrap","edit-xhwikibooks.graphml"
"0.03","0.14","0.83","0.384152440433466","1,2,1,1,1,1,1,1,1,1,1,3,1,1,1,6,5,4,8,3,2,9,1,1,1,1,1,6,2,5,4,7,3,3,8,8,10,1,2,2,2,2,9,9,9,9,2,9,9,9,2,2,2,2,2,9,9,9,9,2,1,2,2,1,1,2,2,2,2,2,9,2,1,1,2,2,2,2,2,2,2,1,6,6,6,2,2,2,2,2,5,4,7,2,2,2,6,2,2,2,2,2,2,2,2,2,2,3,3,2,2,2,2,8,8,8,8,8,8,8,8,10,10,10,10,10,10,10,10","0.000876188278198242","walktrap","edit-xhwikibooks.graphml"
"0.02","0.15","0.83","0.384860553960114","1,2,1,1,1,1,1,1,1,1,1,3,1,1,1,6,5,4,8,3,2,9,1,1,1,1,1,6,2,5,4,7,3,3,8,8,10,1,2,2,2,2,9,9,9,9,2,9,9,9,2,2,2,2,2,9,9,9,9,2,1,2,2,1,1,2,2,2,2,2,9,2,1,1,2,2,2,2,2,2,2,1,6,6,6,2,2,2,2,2,5,4,7,2,2,2,6,2,2,2,2,2,2,2,2,2,2,3,3,2,2,2,2,8,8,8,8,8,8,8,8,10,10,10,10,10,10,10,10","0.000889062881469727","walktrap","edit-xhwikibooks.graphml"
"0.01","0.16","0.83","0.382683672148007","1,3,1,1,1,1,1,1,1,2,1,4,1,1,1,6,2,5,8,4,3,10,1,1,1,1,1,6,3,2,5,7,4,4,8,8,9,1,3,3,3,3,10,10,10,10,3,10,10,10,3,3,3,3,3,10,10,10,10,3,1,3,3,1,1,3,3,3,3,3,10,3,1,1,3,3,3,3,3,3,3,1,6,6,6,3,3,3,3,3,2,5,7,3,3,3,6,3,3,3,3,3,3,3,3,3,3,4,4,3,3,3,3,8,8,8,8,8,8,8,8,9,9,9,9,9,9,9,9","0.000851869583129883","walktrap","edit-xhwikibooks.graphml"
"0","0.17","0.83","0.384176131481511","1,10,1,1,1,1,1,1,1,2,1,3,1,1,1,5,2,4,7,3,10,9,1,1,1,1,1,5,1,2,4,6,3,3,7,7,8,1,10,10,10,10,9,9,9,9,10,9,9,9,10,10,10,10,10,9,9,9,9,10,1,10,10,1,1,10,10,10,10,10,9,10,1,1,10,10,10,10,10,10,10,1,5,5,5,1,10,10,10,10,2,4,6,10,10,10,5,10,10,10,10,10,10,10,10,10,10,3,3,10,10,10,10,7,7,7,7,7,7,7,7,8,8,8,8,8,8,8,8","0.000966072082519531","walktrap","edit-xhwikibooks.graphml"
"0.16","0","0.84","0.385403497520907","1,2,1,1,1,1,1,1,1,1,1,3,1,1,1,5,4,1,1,3,2,7,1,1,1,1,1,5,2,4,6,1,3,3,1,1,8,1,2,2,2,2,7,7,7,7,2,7,7,7,2,2,2,2,2,7,7,7,7,2,1,2,2,1,1,2,2,2,2,2,7,2,1,1,2,2,2,2,2,2,2,1,5,5,5,2,2,2,2,2,4,6,1,2,2,2,5,2,2,2,2,2,2,2,2,2,2,3,3,2,2,2,2,1,1,1,1,1,1,1,1,8,8,8,8,8,8,8,8","0.000892877578735352","walktrap","edit-xhwikibooks.graphml"
"0.15","0.01","0.84","0.385403497520907","1,2,1,1,1,1,1,1,1,1,1,3,1,1,1,5,4,1,1,3,2,7,1,1,1,1,1,5,2,4,6,1,3,3,1,1,8,1,2,2,2,2,7,7,7,7,2,7,7,7,2,2,2,2,2,7,7,7,7,2,1,2,2,1,1,2,2,2,2,2,7,2,1,1,2,2,2,2,2,2,2,1,5,5,5,2,2,2,2,2,4,6,1,2,2,2,5,2,2,2,2,2,2,2,2,2,2,3,3,2,2,2,2,1,1,1,1,1,1,1,1,8,8,8,8,8,8,8,8","0.000841140747070312","walktrap","edit-xhwikibooks.graphml"
"0.14","0.02","0.84","0.385403497520907","1,2,1,1,1,1,1,1,1,1,1,3,1,1,1,5,4,1,1,3,2,7,1,1,1,1,1,5,2,4,6,1,3,3,1,1,8,1,2,2,2,2,7,7,7,7,2,7,7,7,2,2,2,2,2,7,7,7,7,2,1,2,2,1,1,2,2,2,2,2,7,2,1,1,2,2,2,2,2,2,2,1,5,5,5,2,2,2,2,2,4,6,1,2,2,2,5,2,2,2,2,2,2,2,2,2,2,3,3,2,2,2,2,1,1,1,1,1,1,1,1,8,8,8,8,8,8,8,8","0.000838994979858398","walktrap","edit-xhwikibooks.graphml"
"0.13","0.03","0.84","0.385288912206857","1,2,1,1,1,1,1,1,1,1,1,3,1,1,1,5,4,1,1,3,2,7,1,1,1,1,1,5,2,4,6,1,3,3,1,1,8,1,2,2,2,2,7,7,7,7,2,7,7,7,2,2,2,2,2,7,7,7,7,2,1,2,2,1,1,2,2,2,2,2,7,2,1,1,2,2,2,2,2,2,2,1,5,5,5,2,2,2,2,2,4,6,1,2,2,2,5,2,2,2,2,2,2,2,2,2,2,3,3,2,2,2,2,1,1,1,1,1,1,1,1,8,8,8,8,8,8,8,8","0.000859975814819336","walktrap","edit-xhwikibooks.graphml"
"0.12","0.04","0.84","0.38517438889702","1,2,1,1,1,1,1,1,1,1,1,3,1,1,1,5,4,1,1,3,2,7,1,1,1,1,1,5,2,4,6,1,3,3,1,1,8,1,2,2,2,2,7,7,7,7,2,7,7,7,2,2,2,2,2,7,7,7,7,2,1,2,2,1,1,2,2,2,2,2,7,2,1,1,2,2,2,2,2,2,2,1,5,5,5,2,2,2,2,2,4,6,1,2,2,2,5,2,2,2,2,2,2,2,2,2,2,3,3,2,2,2,2,1,1,1,1,1,1,1,1,8,8,8,8,8,8,8,8","0.000850915908813477","walktrap","edit-xhwikibooks.graphml"
"0.11","0.05","0.84","0.384344561856591","1,2,1,1,1,1,1,1,1,1,1,3,1,1,1,5,4,1,1,3,2,7,1,1,1,1,1,5,2,4,6,1,3,3,1,1,8,1,2,2,2,2,7,7,7,7,2,7,7,7,2,2,2,2,2,7,7,7,7,2,1,2,2,1,1,2,2,2,2,2,7,2,1,1,2,2,2,2,2,2,2,1,5,5,5,2,2,2,2,2,4,6,1,2,2,2,5,2,2,2,2,2,2,2,2,2,2,3,3,2,2,2,2,1,1,1,1,1,1,1,1,8,8,8,8,8,8,8,8","0.000854969024658203","walktrap","edit-xhwikibooks.graphml"
"0.1","0.06","0.84","0.384600098182313","1,2,1,1,1,1,1,1,1,1,1,3,1,1,1,6,5,4,1,3,2,7,1,1,1,1,1,6,2,5,4,1,3,3,1,1,8,1,2,2,2,2,7,7,7,7,2,7,7,7,2,2,2,2,2,7,7,7,7,2,1,2,2,1,1,2,2,2,2,2,7,2,1,1,2,2,2,2,2,2,2,1,6,6,6,2,2,2,2,2,5,4,1,2,2,2,6,2,2,2,2,2,2,2,2,2,2,3,3,2,2,2,2,1,1,1,1,1,1,1,1,8,8,8,8,8,8,8,8","0.000895023345947266","walktrap","edit-xhwikibooks.graphml"
"0.09","0.07","0.84","0.384485510123124","1,2,1,1,1,1,1,1,1,1,1,3,1,1,1,6,5,4,1,3,2,7,1,1,1,1,1,6,2,5,4,1,3,3,1,1,8,1,2,2,2,2,7,7,7,7,2,7,7,7,2,2,2,2,2,7,7,7,7,2,1,2,2,1,1,2,2,2,2,2,7,2,1,1,2,2,2,2,2,2,2,1,6,6,6,2,2,2,2,2,5,4,1,2,2,2,6,2,2,2,2,2,2,2,2,2,2,3,3,2,2,2,2,1,1,1,1,1,1,1,1,8,8,8,8,8,8,8,8","0.000846147537231445","walktrap","edit-xhwikibooks.graphml"
"0.08","0.08","0.84","0.384910630431866","1,2,1,1,1,1,1,1,1,1,1,3,1,1,1,6,5,4,1,3,2,8,1,1,1,1,1,6,2,5,4,1,3,3,1,1,7,1,2,2,2,2,8,8,8,8,2,8,8,8,2,2,2,2,2,8,8,8,8,2,1,2,2,1,1,2,2,2,2,2,8,2,1,1,2,2,2,2,2,2,2,1,6,6,6,2,2,2,2,2,5,4,1,2,2,2,6,2,2,2,2,2,2,2,2,2,2,3,3,2,2,2,2,1,1,1,1,1,1,1,1,7,7,7,7,7,7,7,7","0.00085902214050293","walktrap","edit-xhwikibooks.graphml"
"0.07","0.09","0.84","0.377150507075842","1,2,1,1,1,1,1,1,1,1,1,3,1,1,1,6,5,4,1,3,2,8,1,1,1,1,1,6,2,5,4,1,3,3,1,1,7,1,2,2,2,2,8,8,8,8,2,8,8,8,2,2,2,2,2,8,8,8,8,2,1,2,2,1,1,2,2,2,2,2,8,2,1,1,2,2,2,2,2,2,2,1,6,6,6,2,2,2,2,2,5,4,1,2,2,2,6,2,2,2,2,2,2,2,2,2,2,3,3,2,2,2,2,1,1,1,1,1,1,1,1,7,7,7,7,7,7,7,7","0.000879049301147461","walktrap","edit-xhwikibooks.graphml"
"0.06","0.1","0.84","0.377150507075842","1,2,1,1,1,1,1,1,1,1,1,3,1,1,1,6,5,4,1,3,2,8,1,1,1,1,1,6,2,5,4,1,3,3,1,1,7,1,2,2,2,2,8,8,8,8,2,8,8,8,2,2,2,2,2,8,8,8,8,2,1,2,2,1,1,2,2,2,2,2,8,2,1,1,2,2,2,2,2,2,2,1,6,6,6,2,2,2,2,2,5,4,1,2,2,2,6,2,2,2,2,2,2,2,2,2,2,3,3,2,2,2,2,1,1,1,1,1,1,1,1,7,7,7,7,7,7,7,7","0.000839948654174805","walktrap","edit-xhwikibooks.graphml"
"0.05","0.11","0.84","0.377036700139827","1,2,1,1,1,1,1,1,1,1,1,3,1,1,1,6,5,4,1,3,2,8,1,1,1,1,1,6,2,5,4,1,3,3,1,1,7,1,2,2,2,2,8,8,8,8,2,8,8,8,2,2,2,2,2,8,8,8,8,2,1,2,2,1,1,2,2,2,2,2,8,2,1,1,2,2,2,2,2,2,2,1,6,6,6,2,2,2,2,2,5,4,1,2,2,2,6,2,2,2,2,2,2,2,2,2,2,3,3,2,2,2,2,1,1,1,1,1,1,1,1,7,7,7,7,7,7,7,7","0.000845909118652344","walktrap","edit-xhwikibooks.graphml"
"0.04","0.12","0.84","0.380026618908474","1,2,1,1,1,1,1,1,1,1,1,3,1,1,1,6,5,4,8,3,2,9,1,1,1,1,1,6,2,5,4,7,3,3,8,8,10,1,2,2,2,2,9,9,9,9,2,9,9,9,2,2,2,2,2,9,9,9,9,2,1,2,2,1,1,2,2,2,2,2,9,2,1,1,2,2,2,2,2,2,2,1,6,6,6,2,2,2,2,2,5,4,7,2,2,2,6,2,2,2,2,2,2,2,2,2,2,3,3,2,2,2,2,8,8,8,8,8,8,8,8,10,10,10,10,10,10,10,10","0.000844001770019531","walktrap","edit-xhwikibooks.graphml"
"0.03","0.13","0.84","0.379907489342618","1,2,1,1,1,1,1,1,1,1,1,3,1,1,1,6,5,4,8,3,2,9,1,1,1,1,1,6,2,5,4,7,3,3,8,8,10,1,2,2,2,2,9,9,9,9,2,9,9,9,2,2,2,2,2,9,9,9,9,2,1,2,2,1,1,2,2,2,2,2,9,2,1,1,2,2,2,2,2,2,2,1,6,6,6,2,2,2,2,2,5,4,7,2,2,2,6,2,2,2,2,2,2,2,2,2,2,3,3,2,2,2,2,8,8,8,8,8,8,8,8,10,10,10,10,10,10,10,10","0.000826120376586914","walktrap","edit-xhwikibooks.graphml"
"0.02","0.14","0.84","0.379907489342618","1,2,1,1,1,1,1,1,1,1,1,3,1,1,1,6,5,4,8,3,2,9,1,1,1,1,1,6,2,5,4,7,3,3,8,8,10,1,2,2,2,2,9,9,9,9,2,9,9,9,2,2,2,2,2,9,9,9,9,2,1,2,2,1,1,2,2,2,2,2,9,2,1,1,2,2,2,2,2,2,2,1,6,6,6,2,2,2,2,2,5,4,7,2,2,2,6,2,2,2,2,2,2,2,2,2,2,3,3,2,2,2,2,8,8,8,8,8,8,8,8,10,10,10,10,10,10,10,10","0.000849008560180664","walktrap","edit-xhwikibooks.graphml"
"0.01","0.15","0.84","0.380609272765789","1,2,1,1,1,1,1,1,1,1,1,3,1,1,1,6,5,4,8,3,2,9,1,1,1,1,1,6,2,5,4,7,3,3,8,8,10,1,2,2,2,2,9,9,9,9,2,9,9,9,2,2,2,2,2,9,9,9,9,2,1,2,2,1,1,2,2,2,2,2,9,2,1,1,2,2,2,2,2,2,2,1,6,6,6,2,2,2,2,2,5,4,7,2,2,2,6,2,2,2,2,2,2,2,2,2,2,3,3,2,2,2,2,8,8,8,8,8,8,8,8,10,10,10,10,10,10,10,10","0.000848054885864258","walktrap","edit-xhwikibooks.graphml"
"0","0.16","0.84","0.382387465859523","2,10,2,2,1,2,1,2,2,2,1,3,2,2,2,5,4,1,1,3,10,9,2,2,2,2,2,5,2,4,7,6,3,3,1,1,8,2,10,10,10,10,9,9,9,9,10,9,9,9,10,10,10,10,10,9,9,9,9,10,2,10,10,2,2,10,10,10,10,10,9,10,2,2,10,10,10,10,10,10,10,2,5,5,5,2,10,10,10,10,4,7,6,10,10,10,5,10,10,10,10,10,10,10,10,10,10,3,3,10,10,10,10,1,1,1,1,1,1,1,1,8,8,8,8,8,8,8,8","0.000885009765625","walktrap","edit-xhwikibooks.graphml"
"0.15","0","0.85","0.385288912206857","1,2,1,1,1,1,1,1,1,1,1,3,1,1,1,5,4,1,1,3,2,7,1,1,1,1,1,5,2,4,6,1,3,3,1,1,8,1,2,2,2,2,7,7,7,7,2,7,7,7,2,2,2,2,2,7,7,7,7,2,1,2,2,1,1,2,2,2,2,2,7,2,1,1,2,2,2,2,2,2,2,1,5,5,5,2,2,2,2,2,4,6,1,2,2,2,5,2,2,2,2,2,2,2,2,2,2,3,3,2,2,2,2,1,1,1,1,1,1,1,1,8,8,8,8,8,8,8,8","0.000873088836669922","walktrap","edit-xhwikibooks.graphml"
"0.14","0.01","0.85","0.385288912206857","1,2,1,1,1,1,1,1,1,1,1,3,1,1,1,5,4,1,1,3,2,7,1,1,1,1,1,5,2,4,6,1,3,3,1,1,8,1,2,2,2,2,7,7,7,7,2,7,7,7,2,2,2,2,2,7,7,7,7,2,1,2,2,1,1,2,2,2,2,2,7,2,1,1,2,2,2,2,2,2,2,1,5,5,5,2,2,2,2,2,4,6,1,2,2,2,5,2,2,2,2,2,2,2,2,2,2,3,3,2,2,2,2,1,1,1,1,1,1,1,1,8,8,8,8,8,8,8,8","0.000861883163452148","walktrap","edit-xhwikibooks.graphml"
"0.13","0.02","0.85","0.385288912206857","1,2,1,1,1,1,1,1,1,1,1,3,1,1,1,5,4,1,1,3,2,7,1,1,1,1,1,5,2,4,6,1,3,3,1,1,8,1,2,2,2,2,7,7,7,7,2,7,7,7,2,2,2,2,2,7,7,7,7,2,1,2,2,1,1,2,2,2,2,2,7,2,1,1,2,2,2,2,2,2,2,1,5,5,5,2,2,2,2,2,4,6,1,2,2,2,5,2,2,2,2,2,2,2,2,2,2,3,3,2,2,2,2,1,1,1,1,1,1,1,1,8,8,8,8,8,8,8,8","0.00084996223449707","walktrap","edit-xhwikibooks.graphml"
"0.12","0.03","0.85","0.385059927550275","1,2,1,1,1,1,1,1,1,1,1,3,1,1,1,5,4,1,1,3,2,7,1,1,1,1,1,5,2,4,6,1,3,3,1,1,8,1,2,2,2,2,7,7,7,7,2,7,7,7,2,2,2,2,2,7,7,7,7,2,1,2,2,1,1,2,2,2,2,2,7,2,1,1,2,2,2,2,2,2,2,1,5,5,5,2,2,2,2,2,4,6,1,2,2,2,5,2,2,2,2,2,2,2,2,2,2,3,3,2,2,2,2,1,1,1,1,1,1,1,1,8,8,8,8,8,8,8,8","0.000854015350341797","walktrap","edit-xhwikibooks.graphml"
"0.11","0.04","0.85","0.385059927550275","1,2,1,1,1,1,1,1,1,1,1,3,1,1,1,5,4,1,1,3,2,7,1,1,1,1,1,5,2,4,6,1,3,3,1,1,8,1,2,2,2,2,7,7,7,7,2,7,7,7,2,2,2,2,2,7,7,7,7,2,1,2,2,1,1,2,2,2,2,2,7,2,1,1,2,2,2,2,2,2,2,1,5,5,5,2,2,2,2,2,4,6,1,2,2,2,5,2,2,2,2,2,2,2,2,2,2,3,3,2,2,2,2,1,1,1,1,1,1,1,1,8,8,8,8,8,8,8,8","0.000836849212646484","walktrap","edit-xhwikibooks.graphml"
"0.1","0.05","0.85","0.385200917947912","1,2,1,1,1,1,1,1,1,1,1,3,1,1,1,6,5,4,1,3,2,7,1,1,1,1,1,6,2,5,4,1,3,3,1,1,8,1,2,2,2,2,7,7,7,7,2,7,7,7,2,2,2,2,2,7,7,7,7,2,1,2,2,1,1,2,2,2,2,2,7,2,1,1,2,2,2,2,2,2,2,1,6,6,6,2,2,2,2,2,5,4,1,2,2,2,6,2,2,2,2,2,2,2,2,2,2,3,3,2,2,2,2,1,1,1,1,1,1,1,1,8,8,8,8,8,8,8,8","0.000849008560180664","walktrap","edit-xhwikibooks.graphml"
"0.09","0.06","0.85","0.385200917947912","1,2,1,1,1,1,1,1,1,1,1,3,1,1,1,6,5,4,1,3,2,7,1,1,1,1,1,6,2,5,4,1,3,3,1,1,8,1,2,2,2,2,7,7,7,7,2,7,7,7,2,2,2,2,2,7,7,7,7,2,1,2,2,1,1,2,2,2,2,2,7,2,1,1,2,2,2,2,2,2,2,1,6,6,6,2,2,2,2,2,5,4,1,2,2,2,6,2,2,2,2,2,2,2,2,2,2,3,3,2,2,2,2,1,1,1,1,1,1,1,1,8,8,8,8,8,8,8,8","0.000844955444335938","walktrap","edit-xhwikibooks.graphml"
"0.08","0.07","0.85","0.385086505854187","1,2,1,1,1,1,1,1,1,1,1,3,1,1,1,6,5,4,1,3,2,7,1,1,1,1,1,6,2,5,4,1,3,3,1,1,8,1,2,2,2,2,7,7,7,7,2,7,7,7,2,2,2,2,2,7,7,7,7,2,1,2,2,1,1,2,2,2,2,2,7,2,1,1,2,2,2,2,2,2,2,1,6,6,6,2,2,2,2,2,5,4,1,2,2,2,6,2,2,2,2,2,2,2,2,2,2,3,3,2,2,2,2,1,1,1,1,1,1,1,1,8,8,8,8,8,8,8,8","0.000840902328491211","walktrap","edit-xhwikibooks.graphml"
"0.07","0.08","0.85","0.385510435980309","1,2,1,1,1,1,1,1,1,1,1,3,1,1,1,6,5,4,1,3,2,8,1,1,1,1,1,6,2,5,4,1,3,3,1,1,7,1,2,2,2,2,8,8,8,8,2,8,8,8,2,2,2,2,2,8,8,8,8,2,1,2,2,1,1,2,2,2,2,2,8,2,1,1,2,2,2,2,2,2,2,1,6,6,6,2,2,2,2,2,5,4,1,2,2,2,6,2,2,2,2,2,2,2,2,2,2,3,3,2,2,2,2,1,1,1,1,1,1,1,1,7,7,7,7,7,7,7,7","0.00084686279296875","walktrap","edit-xhwikibooks.graphml"
"0.06","0.09","0.85","0.385396029863269","1,2,1,1,1,1,1,1,1,1,1,3,1,1,1,6,5,4,1,3,2,8,1,1,1,1,1,6,2,5,4,1,3,3,1,1,7,1,2,2,2,2,8,8,8,8,2,8,8,8,2,2,2,2,2,8,8,8,8,2,1,2,2,1,1,2,2,2,2,2,8,2,1,1,2,2,2,2,2,2,2,1,6,6,6,2,2,2,2,2,5,4,1,2,2,2,6,2,2,2,2,2,2,2,2,2,2,3,3,2,2,2,2,1,1,1,1,1,1,1,1,7,7,7,7,7,7,7,7","0.000869989395141602","walktrap","edit-xhwikibooks.graphml"
"0.05","0.1","0.85","0.385396029863269","1,2,1,1,1,1,1,1,1,1,1,3,1,1,1,6,5,4,1,3,2,8,1,1,1,1,1,6,2,5,4,1,3,3,1,1,7,1,2,2,2,2,8,8,8,8,2,8,8,8,2,2,2,2,2,8,8,8,8,2,1,2,2,1,1,2,2,2,2,2,8,2,1,1,2,2,2,2,2,2,2,1,6,6,6,2,2,2,2,2,5,4,1,2,2,2,6,2,2,2,2,2,2,2,2,2,2,3,3,2,2,2,2,1,1,1,1,1,1,1,1,7,7,7,7,7,7,7,7","0.000857114791870117","walktrap","edit-xhwikibooks.graphml"
"0.04","0.11","0.85","0.384567070648691","1,2,1,1,1,1,1,1,1,1,1,3,1,1,1,6,5,4,1,3,2,8,1,1,1,1,1,6,2,5,4,1,3,3,1,1,7,1,2,2,2,2,8,8,8,8,2,8,8,8,2,2,2,2,2,8,8,8,8,2,1,2,2,1,1,2,2,2,2,2,8,2,1,1,2,2,2,2,2,2,2,1,6,6,6,2,2,2,2,2,5,4,1,2,2,2,6,2,2,2,2,2,2,2,2,2,2,3,3,2,2,2,2,1,1,1,1,1,1,1,1,7,7,7,7,7,7,7,7","0.000859975814819336","walktrap","edit-xhwikibooks.graphml"
"0.03","0.12","0.85","0.387473390728428","1,2,1,1,1,1,1,1,1,1,1,3,1,1,1,6,5,4,8,3,2,9,1,1,1,1,1,6,2,5,4,7,3,3,8,8,10,1,2,2,2,2,9,9,9,9,2,9,9,9,2,2,2,2,2,9,9,9,9,2,1,2,2,1,1,2,2,2,2,2,9,2,1,1,2,2,2,2,2,2,2,1,6,6,6,2,2,2,2,2,5,4,7,2,2,2,6,2,2,2,2,2,2,2,2,2,2,3,3,2,2,2,2,8,8,8,8,8,8,8,8,10,10,10,10,10,10,10,10","0.000841856002807617","walktrap","edit-xhwikibooks.graphml"
"0.02","0.13","0.85","0.387353588310569","1,2,1,1,1,1,1,1,1,1,1,3,1,1,1,6,5,4,8,3,2,9,1,1,1,1,1,6,2,5,4,7,3,3,8,8,10,1,2,2,2,2,9,9,9,9,2,9,9,9,2,2,2,2,2,9,9,9,9,2,1,2,2,1,1,2,2,2,2,2,9,2,1,1,2,2,2,2,2,2,2,1,6,6,6,2,2,2,2,2,5,4,7,2,2,2,6,2,2,2,2,2,2,2,2,2,2,3,3,2,2,2,2,8,8,8,8,8,8,8,8,10,10,10,10,10,10,10,10","0.000885009765625","walktrap","edit-xhwikibooks.graphml"
"0.01","0.14","0.85","0.387353588310569","1,2,1,1,1,1,1,1,1,1,1,3,1,1,1,6,5,4,8,3,2,9,1,1,1,1,1,6,2,5,4,7,3,3,8,8,10,1,2,2,2,2,9,9,9,9,2,9,9,9,2,2,2,2,2,9,9,9,9,2,1,2,2,1,1,2,2,2,2,2,9,2,1,1,2,2,2,2,2,2,2,1,6,6,6,2,2,2,2,2,5,4,7,2,2,2,6,2,2,2,2,2,2,2,2,2,2,3,3,2,2,2,2,8,8,8,8,8,8,8,8,10,10,10,10,10,10,10,10","0.000845909118652344","walktrap","edit-xhwikibooks.graphml"
"0","0.15","0.85","0.38929931164224","2,10,2,2,1,2,1,2,2,2,1,3,2,2,2,5,4,1,1,3,10,8,2,2,2,2,2,5,2,4,7,6,3,3,1,1,9,2,10,10,10,10,8,8,8,8,10,8,8,8,10,10,10,10,10,8,8,8,8,10,2,10,10,2,2,10,10,10,10,10,8,10,2,2,10,10,10,10,10,10,10,2,5,5,5,2,10,10,10,10,4,7,6,10,10,10,5,10,10,10,10,10,10,10,10,10,10,3,3,10,10,10,10,1,1,1,1,1,1,1,1,9,9,9,9,9,9,9,9","0.000881195068359375","walktrap","edit-xhwikibooks.graphml"
"0.14","0","0.86","0.382825314555149","1,2,1,1,1,1,1,1,1,1,1,3,1,1,1,5,4,1,1,3,2,7,1,1,1,1,1,5,2,4,6,1,3,3,1,1,8,1,2,2,2,2,7,7,7,7,2,7,7,7,2,2,2,2,2,7,7,7,7,2,1,2,2,1,1,2,2,2,2,2,7,2,1,1,2,2,2,2,2,2,2,1,5,5,5,2,2,2,2,2,4,6,1,2,2,2,5,2,2,2,2,2,2,2,2,2,2,3,3,2,2,2,2,1,1,1,1,1,1,1,1,8,8,8,8,8,8,8,8","0.000878810882568359","walktrap","edit-xhwikibooks.graphml"
"0.13","0.01","0.86","0.382825314555149","1,2,1,1,1,1,1,1,1,1,1,3,1,1,1,5,4,1,1,3,2,7,1,1,1,1,1,5,2,4,6,1,3,3,1,1,8,1,2,2,2,2,7,7,7,7,2,7,7,7,2,2,2,2,2,7,7,7,7,2,1,2,2,1,1,2,2,2,2,2,7,2,1,1,2,2,2,2,2,2,2,1,5,5,5,2,2,2,2,2,4,6,1,2,2,2,5,2,2,2,2,2,2,2,2,2,2,3,3,2,2,2,2,1,1,1,1,1,1,1,1,8,8,8,8,8,8,8,8","0.000869035720825195","walktrap","edit-xhwikibooks.graphml"
"0.12","0.02","0.86","0.382825314555149","1,2,1,1,1,1,1,1,1,1,1,3,1,1,1,5,4,1,1,3,2,7,1,1,1,1,1,5,2,4,6,1,3,3,1,1,8,1,2,2,2,2,7,7,7,7,2,7,7,7,2,2,2,2,2,7,7,7,7,2,1,2,2,1,1,2,2,2,2,2,7,2,1,1,2,2,2,2,2,2,2,1,5,5,5,2,2,2,2,2,4,6,1,2,2,2,5,2,2,2,2,2,2,2,2,2,2,3,3,2,2,2,2,1,1,1,1,1,1,1,1,8,8,8,8,8,8,8,8","0.00086212158203125","walktrap","edit-xhwikibooks.graphml"
"0.11","0.03","0.86","0.381837835100625","1,2,1,1,1,1,1,1,1,1,1,3,1,1,1,5,4,1,1,3,2,7,1,1,1,1,1,5,2,4,6,1,3,3,1,1,8,1,2,2,2,2,7,7,7,7,2,7,7,7,2,2,2,2,2,7,7,7,7,2,1,2,2,1,1,2,2,2,2,2,7,2,1,1,2,2,2,2,2,2,2,1,5,5,5,2,2,2,2,2,4,6,1,2,2,2,5,2,2,2,2,2,2,2,2,2,2,3,3,2,2,2,2,1,1,1,1,1,1,1,1,8,8,8,8,8,8,8,8","0.000853061676025391","walktrap","edit-xhwikibooks.graphml"
"0.1","0.04","0.86","0.381837835100625","1,2,1,1,1,1,1,1,1,1,1,3,1,1,1,5,4,1,1,3,2,7,1,1,1,1,1,5,2,4,6,1,3,3,1,1,8,1,2,2,2,2,7,7,7,7,2,7,7,7,2,2,2,2,2,7,7,7,7,2,1,2,2,1,1,2,2,2,2,2,7,2,1,1,2,2,2,2,2,2,2,1,5,5,5,2,2,2,2,2,4,6,1,2,2,2,5,2,2,2,2,2,2,2,2,2,2,3,3,2,2,2,2,1,1,1,1,1,1,1,1,8,8,8,8,8,8,8,8","0.000866889953613281","walktrap","edit-xhwikibooks.graphml"
"0.09","0.05","0.86","0.379036233395905","1,2,1,1,1,1,1,1,1,1,1,3,1,1,1,6,5,4,1,3,2,8,1,1,1,1,1,6,2,5,4,7,3,3,1,1,9,1,2,2,2,2,8,8,8,8,2,8,8,8,2,2,2,2,2,8,8,8,8,2,1,2,2,1,1,2,2,2,2,2,8,2,1,1,2,2,2,2,2,2,2,1,6,6,6,2,2,2,2,2,5,4,7,2,2,2,6,2,2,2,2,2,2,2,2,2,2,3,3,2,2,2,2,1,1,1,1,1,1,1,1,9,9,9,9,9,9,9,9","0.000887870788574219","walktrap","edit-xhwikibooks.graphml"
"0.08","0.06","0.86","0.379036233395905","1,2,1,1,1,1,1,1,1,1,1,3,1,1,1,6,5,4,1,3,2,8,1,1,1,1,1,6,2,5,4,7,3,3,1,1,9,1,2,2,2,2,8,8,8,8,2,8,8,8,2,2,2,2,2,8,8,8,8,2,1,2,2,1,1,2,2,2,2,2,8,2,1,1,2,2,2,2,2,2,2,1,6,6,6,2,2,2,2,2,5,4,7,2,2,2,6,2,2,2,2,2,2,2,2,2,2,3,3,2,2,2,2,1,1,1,1,1,1,1,1,9,9,9,9,9,9,9,9","0.000865936279296875","walktrap","edit-xhwikibooks.graphml"
"0.07","0.07","0.86","0.378924902433425","1,2,1,1,1,1,1,1,1,1,1,3,1,1,1,6,5,4,1,3,2,8,1,1,1,1,1,6,2,5,4,7,3,3,1,1,9,1,2,2,2,2,8,8,8,8,2,8,8,8,2,2,2,2,2,8,8,8,8,2,1,2,2,1,1,2,2,2,2,2,8,2,1,1,2,2,2,2,2,2,2,1,6,6,6,2,2,2,2,2,5,4,7,2,2,2,6,2,2,2,2,2,2,2,2,2,2,3,3,2,2,2,2,1,1,1,1,1,1,1,1,9,9,9,9,9,9,9,9","0.000858068466186523","walktrap","edit-xhwikibooks.graphml"
"0.06","0.08","0.86","0.379346400318514","1,2,1,1,1,1,1,1,1,1,1,3,1,1,1,6,5,4,1,3,2,9,1,1,1,1,1,6,2,5,4,7,3,3,1,1,8,1,2,2,2,2,9,9,9,9,2,9,9,9,2,2,2,2,2,9,9,9,9,2,1,2,2,1,1,2,2,2,2,2,9,2,1,1,2,2,2,2,2,2,2,1,6,6,6,2,2,2,2,2,5,4,7,2,2,2,6,2,2,2,2,2,2,2,2,2,2,3,3,2,2,2,2,1,1,1,1,1,1,1,1,8,8,8,8,8,8,8,8","0.000867843627929688","walktrap","edit-xhwikibooks.graphml"
"0.05","0.09","0.86","0.379235072413771","1,2,1,1,1,1,1,1,1,1,1,3,1,1,1,6,5,4,1,3,2,9,1,1,1,1,1,6,2,5,4,7,3,3,1,1,8,1,2,2,2,2,9,9,9,9,2,9,9,9,2,2,2,2,2,9,9,9,9,2,1,2,2,1,1,2,2,2,2,2,9,2,1,1,2,2,2,2,2,2,2,1,6,6,6,2,2,2,2,2,5,4,7,2,2,2,6,2,2,2,2,2,2,2,2,2,2,3,3,2,2,2,2,1,1,1,1,1,1,1,1,8,8,8,8,8,8,8,8","0.000868082046508789","walktrap","edit-xhwikibooks.graphml"
"0.04","0.1","0.86","0.379235072413771","1,2,1,1,1,1,1,1,1,1,1,3,1,1,1,6,5,4,1,3,2,9,1,1,1,1,1,6,2,5,4,7,3,3,1,1,8,1,2,2,2,2,9,9,9,9,2,9,9,9,2,2,2,2,2,9,9,9,9,2,1,2,2,1,1,2,2,2,2,2,9,2,1,1,2,2,2,2,2,2,2,1,6,6,6,2,2,2,2,2,5,4,7,2,2,2,6,2,2,2,2,2,2,2,2,2,2,3,3,2,2,2,2,1,1,1,1,1,1,1,1,8,8,8,8,8,8,8,8","0.000870943069458008","walktrap","edit-xhwikibooks.graphml"
"0.03","0.11","0.86","0.379123804353879","1,2,1,1,1,1,1,1,1,1,1,3,1,1,1,6,5,4,1,3,2,9,1,1,1,1,1,6,2,5,4,7,3,3,1,1,8,1,2,2,2,2,9,9,9,9,2,9,9,9,2,2,2,2,2,9,9,9,9,2,1,2,2,1,1,2,2,2,2,2,9,2,1,1,2,2,2,2,2,2,2,1,6,6,6,2,2,2,2,2,5,4,7,2,2,2,6,2,2,2,2,2,2,2,2,2,2,3,3,2,2,2,2,1,1,1,1,1,1,1,1,8,8,8,8,8,8,8,8","0.000897884368896484","walktrap","edit-xhwikibooks.graphml"
"0.02","0.12","0.86","0.382756065051226","1,2,1,1,1,1,1,1,1,1,1,3,1,1,1,6,5,4,8,3,2,9,1,1,1,1,1,6,2,5,4,7,3,3,8,8,10,1,2,2,2,2,9,9,9,9,2,9,9,9,2,2,2,2,2,9,9,9,9,2,1,2,2,1,1,2,2,2,2,2,9,2,1,1,2,2,2,2,2,2,2,1,6,6,6,2,2,2,2,2,5,4,7,2,2,2,6,2,2,2,2,2,2,2,2,2,2,3,3,2,2,2,2,8,8,8,8,8,8,8,8,10,10,10,10,10,10,10,10","0.00084686279296875","walktrap","edit-xhwikibooks.graphml"
"0.01","0.13","0.86","0.382639492346867","1,2,1,1,1,1,1,1,1,1,1,3,1,1,1,6,5,4,8,3,2,9,1,1,1,1,1,6,2,5,4,7,3,3,8,8,10,1,2,2,2,2,9,9,9,9,2,9,9,9,2,2,2,2,2,9,9,9,9,2,1,2,2,1,1,2,2,2,2,2,9,2,1,1,2,2,2,2,2,2,2,1,6,6,6,2,2,2,2,2,5,4,7,2,2,2,6,2,2,2,2,2,2,2,2,2,2,3,3,2,2,2,2,8,8,8,8,8,8,8,8,10,10,10,10,10,10,10,10","0.000847816467285156","walktrap","edit-xhwikibooks.graphml"
"0","0.14","0.86","0.380462971106112","1,9,1,1,1,1,1,1,1,1,1,2,1,1,1,4,3,1,1,2,9,7,1,1,1,1,1,4,1,3,6,5,2,2,1,1,8,1,9,9,9,9,7,7,7,7,9,7,7,7,9,9,9,9,9,7,7,7,7,9,1,9,9,1,1,9,9,9,9,9,7,9,1,1,9,9,9,9,9,9,9,1,4,4,4,1,9,9,9,9,3,6,5,9,9,9,4,9,9,9,9,9,9,9,9,9,9,2,2,9,9,9,9,1,1,1,1,1,1,1,1,8,8,8,8,8,8,8,8","0.000892877578735352","walktrap","edit-xhwikibooks.graphml"
"0.13","0","0.87","0.38271394907294","1,2,1,1,1,1,1,1,1,1,1,3,1,1,1,5,4,1,1,3,2,7,1,1,1,1,1,5,2,4,6,1,3,3,1,1,8,1,2,2,2,2,7,7,7,7,2,7,7,7,2,2,2,2,2,7,7,7,7,2,1,2,2,1,1,2,2,2,2,2,7,2,1,1,2,2,2,2,2,2,2,1,5,5,5,2,2,2,2,2,4,6,1,2,2,2,5,2,2,2,2,2,2,2,2,2,2,3,3,2,2,2,2,1,1,1,1,1,1,1,1,8,8,8,8,8,8,8,8","0.000884056091308594","walktrap","edit-xhwikibooks.graphml"
"0.12","0.01","0.87","0.38271394907294","1,2,1,1,1,1,1,1,1,1,1,3,1,1,1,5,4,1,1,3,2,7,1,1,1,1,1,5,2,4,6,1,3,3,1,1,8,1,2,2,2,2,7,7,7,7,2,7,7,7,2,2,2,2,2,7,7,7,7,2,1,2,2,1,1,2,2,2,2,2,7,2,1,1,2,2,2,2,2,2,2,1,5,5,5,2,2,2,2,2,4,6,1,2,2,2,5,2,2,2,2,2,2,2,2,2,2,3,3,2,2,2,2,1,1,1,1,1,1,1,1,8,8,8,8,8,8,8,8","0.000873088836669922","walktrap","edit-xhwikibooks.graphml"
"0.11","0.02","0.87","0.38271394907294","1,2,1,1,1,1,1,1,1,1,1,3,1,1,1,5,4,1,1,3,2,7,1,1,1,1,1,5,2,4,6,1,3,3,1,1,8,1,2,2,2,2,7,7,7,7,2,7,7,7,2,2,2,2,2,7,7,7,7,2,1,2,2,1,1,2,2,2,2,2,7,2,1,1,2,2,2,2,2,2,2,1,5,5,5,2,2,2,2,2,4,6,1,2,2,2,5,2,2,2,2,2,2,2,2,2,2,3,3,2,2,2,2,1,1,1,1,1,1,1,1,8,8,8,8,8,8,8,8","0.000928878784179688","walktrap","edit-xhwikibooks.graphml"
"0.1","0.03","0.87","0.382491395073335","1,2,1,1,1,1,1,1,1,1,1,3,1,1,1,5,4,1,1,3,2,7,1,1,1,1,1,5,2,4,6,1,3,3,1,1,8,1,2,2,2,2,7,7,7,7,2,7,7,7,2,2,2,2,2,7,7,7,7,2,1,2,2,1,1,2,2,2,2,2,7,2,1,1,2,2,2,2,2,2,2,1,5,5,5,2,2,2,2,2,4,6,1,2,2,2,5,2,2,2,2,2,2,2,2,2,2,3,3,2,2,2,2,1,1,1,1,1,1,1,1,8,8,8,8,8,8,8,8","0.000865936279296875","walktrap","edit-xhwikibooks.graphml"
"0.09","0.04","0.87","0.382491395073335","1,2,1,1,1,1,1,1,1,1,1,3,1,1,1,5,4,1,1,3,2,7,1,1,1,1,1,5,2,4,6,1,3,3,1,1,8,1,2,2,2,2,7,7,7,7,2,7,7,7,2,2,2,2,2,7,7,7,7,2,1,2,2,1,1,2,2,2,2,2,7,2,1,1,2,2,2,2,2,2,2,1,5,5,5,2,2,2,2,2,4,6,1,2,2,2,5,2,2,2,2,2,2,2,2,2,2,3,3,2,2,2,2,1,1,1,1,1,1,1,1,8,8,8,8,8,8,8,8","0.000874996185302734","walktrap","edit-xhwikibooks.graphml"
"0.08","0.05","0.87","0.381788343181601","1,2,1,1,1,1,1,1,1,1,1,3,1,1,1,6,5,4,1,3,2,8,1,1,1,1,1,6,2,5,4,7,3,3,1,1,9,1,2,2,2,2,8,8,8,8,2,8,8,8,2,2,2,2,2,8,8,8,8,2,1,2,2,1,1,2,2,2,2,2,8,2,1,1,2,2,2,2,2,2,2,1,6,6,6,2,2,2,2,2,5,4,7,2,2,2,6,2,2,2,2,2,2,2,2,2,2,3,3,2,2,2,2,1,1,1,1,1,1,1,1,9,9,9,9,9,9,9,9","0.000869989395141602","walktrap","edit-xhwikibooks.graphml"
"0.07","0.06","0.87","0.381788343181601","1,2,1,1,1,1,1,1,1,1,1,3,1,1,1,6,5,4,1,3,2,8,1,1,1,1,1,6,2,5,4,7,3,3,1,1,9,1,2,2,2,2,8,8,8,8,2,8,8,8,2,2,2,2,2,8,8,8,8,2,1,2,2,1,1,2,2,2,2,2,8,2,1,1,2,2,2,2,2,2,2,1,6,6,6,2,2,2,2,2,5,4,7,2,2,2,6,2,2,2,2,2,2,2,2,2,2,3,3,2,2,2,2,1,1,1,1,1,1,1,1,9,9,9,9,9,9,9,9","0.00086212158203125","walktrap","edit-xhwikibooks.graphml"
"0.06","0.07","0.87","0.38167735042735","1,2,1,1,1,1,1,1,1,1,1,3,1,1,1,6,5,4,1,3,2,8,1,1,1,1,1,6,2,5,4,7,3,3,1,1,9,1,2,2,2,2,8,8,8,8,2,8,8,8,2,2,2,2,2,8,8,8,8,2,1,2,2,1,1,2,2,2,2,2,8,2,1,1,2,2,2,2,2,2,2,1,6,6,6,2,2,2,2,2,5,4,7,2,2,2,6,2,2,2,2,2,2,2,2,2,2,3,3,2,2,2,2,1,1,1,1,1,1,1,1,9,9,9,9,9,9,9,9","0.000987052917480469","walktrap","edit-xhwikibooks.graphml"
"0.05","0.08","0.87","0.382094802959021","1,2,1,1,1,1,1,1,1,1,1,3,1,1,1,6,5,4,1,3,2,9,1,1,1,1,1,6,2,5,4,7,3,3,1,1,8,1,2,2,2,2,9,9,9,9,2,9,9,9,2,2,2,2,2,9,9,9,9,2,1,2,2,1,1,2,2,2,2,2,9,2,1,1,2,2,2,2,2,2,2,1,6,6,6,2,2,2,2,2,5,4,7,2,2,2,6,2,2,2,2,2,2,2,2,2,2,3,3,2,2,2,2,1,1,1,1,1,1,1,1,8,8,8,8,8,8,8,8","0.000854969024658203","walktrap","edit-xhwikibooks.graphml"
"0.04","0.09","0.87","0.38198381365745","1,2,1,1,1,1,1,1,1,1,1,3,1,1,1,6,5,4,1,3,2,9,1,1,1,1,1,6,2,5,4,7,3,3,1,1,8,1,2,2,2,2,9,9,9,9,2,9,9,9,2,2,2,2,2,9,9,9,9,2,1,2,2,1,1,2,2,2,2,2,9,2,1,1,2,2,2,2,2,2,2,1,6,6,6,2,2,2,2,2,5,4,7,2,2,2,6,2,2,2,2,2,2,2,2,2,2,3,3,2,2,2,2,1,1,1,1,1,1,1,1,8,8,8,8,8,8,8,8","0.000850915908813477","walktrap","edit-xhwikibooks.graphml"
"0.03","0.1","0.87","0.381216091135636","1,2,1,1,1,1,1,1,1,1,1,3,1,1,1,6,5,4,1,3,2,9,1,1,1,1,1,6,2,5,4,7,3,3,1,1,8,1,2,2,2,2,9,9,9,9,2,9,9,9,2,2,2,2,2,9,9,9,9,2,1,2,2,1,1,2,2,2,2,2,9,2,1,1,2,2,2,2,2,2,2,1,6,6,6,2,2,2,2,2,5,4,7,2,2,2,6,2,2,2,2,2,2,2,2,2,2,3,3,2,2,2,2,1,1,1,1,1,1,1,1,8,8,8,8,8,8,8,8","0.000880956649780273","walktrap","edit-xhwikibooks.graphml"
"0.02","0.11","0.87","0.381104985755857","1,2,1,1,1,1,1,1,1,1,1,3,1,1,1,6,5,4,1,3,2,9,1,1,1,1,1,6,2,5,4,7,3,3,1,1,8,1,2,2,2,2,9,9,9,9,2,9,9,9,2,2,2,2,2,9,9,9,9,2,1,2,2,1,1,2,2,2,2,2,9,2,1,1,2,2,2,2,2,2,2,1,6,6,6,2,2,2,2,2,5,4,7,2,2,2,6,2,2,2,2,2,2,2,2,2,2,3,3,2,2,2,2,1,1,1,1,1,1,1,1,8,8,8,8,8,8,8,8","0.000877141952514648","walktrap","edit-xhwikibooks.graphml"
"0.01","0.12","0.87","0.385066923505014","1,2,1,1,1,1,1,1,1,1,1,3,1,1,1,6,5,4,8,3,2,9,1,1,1,1,1,6,2,5,4,7,3,3,8,8,10,1,2,2,2,2,9,9,9,9,2,9,9,9,2,2,2,2,2,9,9,9,9,2,1,2,2,1,1,2,2,2,2,2,9,2,1,1,2,2,2,2,2,2,2,1,6,6,6,2,2,2,2,2,5,4,7,2,2,2,6,2,2,2,2,2,2,2,2,2,2,3,3,2,2,2,2,8,8,8,8,8,8,8,8,10,10,10,10,10,10,10,10","0.000926971435546875","walktrap","edit-xhwikibooks.graphml"
"0","0.13","0.87","0.38240329188816","1,9,1,1,1,1,1,1,1,1,1,2,1,1,1,4,3,1,1,2,9,7,1,1,1,1,1,4,1,3,6,5,2,2,1,1,8,1,9,9,9,9,7,7,7,7,9,7,7,7,9,9,9,9,9,7,7,7,7,9,1,9,9,1,1,9,9,9,9,9,7,9,1,1,9,9,9,9,9,9,9,1,4,4,4,1,9,9,9,9,3,6,5,9,9,9,4,9,9,9,9,9,9,9,9,9,9,2,2,9,9,9,9,1,1,1,1,1,1,1,1,8,8,8,8,8,8,8,8","0.000921010971069336","walktrap","edit-xhwikibooks.graphml"
"0.12","0","0.88","0.381650381058148","1,2,1,1,1,1,1,1,1,1,1,3,1,1,1,5,4,1,1,3,2,9,1,1,1,1,1,5,2,4,7,6,3,3,1,1,8,1,2,2,2,2,9,9,9,9,2,9,9,9,2,2,2,2,2,9,9,9,9,2,1,2,2,1,1,2,2,2,2,2,9,2,1,1,2,2,2,2,2,2,2,1,5,5,5,2,2,2,2,2,4,7,6,2,2,2,5,2,2,2,2,2,2,2,2,2,2,3,3,2,2,2,2,1,1,1,1,1,1,1,1,8,8,8,8,8,8,8,8","0.000905990600585938","walktrap","edit-xhwikibooks.graphml"
"0.11","0.01","0.88","0.381650381058148","1,2,1,1,1,1,1,1,1,1,1,3,1,1,1,5,4,1,1,3,2,9,1,1,1,1,1,5,2,4,7,6,3,3,1,1,8,1,2,2,2,2,9,9,9,9,2,9,9,9,2,2,2,2,2,9,9,9,9,2,1,2,2,1,1,2,2,2,2,2,9,2,1,1,2,2,2,2,2,2,2,1,5,5,5,2,2,2,2,2,4,7,6,2,2,2,5,2,2,2,2,2,2,2,2,2,2,3,3,2,2,2,2,1,1,1,1,1,1,1,1,8,8,8,8,8,8,8,8","0.000895023345947266","walktrap","edit-xhwikibooks.graphml"
"0.1","0.02","0.88","0.381650381058148","1,2,1,1,1,1,1,1,1,1,1,3,1,1,1,5,4,1,1,3,2,9,1,1,1,1,1,5,2,4,7,6,3,3,1,1,8,1,2,2,2,2,9,9,9,9,2,9,9,9,2,2,2,2,2,9,9,9,9,2,1,2,2,1,1,2,2,2,2,2,9,2,1,1,2,2,2,2,2,2,2,1,5,5,5,2,2,2,2,2,4,7,6,2,2,2,5,2,2,2,2,2,2,2,2,2,2,3,3,2,2,2,2,1,1,1,1,1,1,1,1,8,8,8,8,8,8,8,8","0.000891208648681641","walktrap","edit-xhwikibooks.graphml"
"0.09","0.03","0.88","0.381432850859874","1,2,1,1,1,1,1,1,1,1,1,3,1,1,1,5,4,1,1,3,2,9,1,1,1,1,1,5,2,4,7,6,3,3,1,1,8,1,2,2,2,2,9,9,9,9,2,9,9,9,2,2,2,2,2,9,9,9,9,2,1,2,2,1,1,2,2,2,2,2,9,2,1,1,2,2,2,2,2,2,2,1,5,5,5,2,2,2,2,2,4,7,6,2,2,2,5,2,2,2,2,2,2,2,2,2,2,3,3,2,2,2,2,1,1,1,1,1,1,1,1,8,8,8,8,8,8,8,8","0.000882863998413086","walktrap","edit-xhwikibooks.graphml"
"0.08","0.04","0.88","0.381676914726824","1,2,1,1,1,1,1,1,1,1,1,3,1,1,1,6,5,4,1,3,2,9,1,1,1,1,1,6,2,5,4,7,3,3,1,1,8,1,2,2,2,2,9,9,9,9,2,9,9,9,2,2,2,2,2,9,9,9,9,2,1,2,2,1,1,2,2,2,2,2,9,2,1,1,2,2,2,2,2,2,2,1,6,6,6,2,2,2,2,2,5,4,7,2,2,2,6,2,2,2,2,2,2,2,2,2,2,3,3,2,2,2,2,1,1,1,1,1,1,1,1,8,8,8,8,8,8,8,8","0.00109601020812988","walktrap","edit-xhwikibooks.graphml"
"0.07","0.05","0.88","0.376417527878328","1,2,1,1,1,1,1,1,1,1,1,3,1,1,1,6,5,4,1,3,2,8,1,1,1,1,1,6,2,5,4,7,3,3,1,1,9,1,2,2,2,2,8,8,8,8,2,8,8,8,2,2,2,2,2,8,8,8,8,2,1,2,2,1,1,2,2,2,2,2,8,2,1,1,2,2,2,2,2,2,2,1,6,6,6,2,2,2,2,2,5,4,7,2,2,2,6,2,2,2,2,2,2,2,2,2,2,3,3,2,2,2,2,1,1,1,1,1,1,1,1,9,9,9,9,9,9,9,9","0.000859975814819336","walktrap","edit-xhwikibooks.graphml"
"0.06","0.06","0.88","0.376417527878328","1,2,1,1,1,1,1,1,1,1,1,3,1,1,1,6,5,4,1,3,2,8,1,1,1,1,1,6,2,5,4,7,3,3,1,1,9,1,2,2,2,2,8,8,8,8,2,8,8,8,2,2,2,2,2,8,8,8,8,2,1,2,2,1,1,2,2,2,2,2,8,2,1,1,2,2,2,2,2,2,2,1,6,6,6,2,2,2,2,2,5,4,7,2,2,2,6,2,2,2,2,2,2,2,2,2,2,3,3,2,2,2,2,1,1,1,1,1,1,1,1,9,9,9,9,9,9,9,9","0.00088810920715332","walktrap","edit-xhwikibooks.graphml"
"0.05","0.07","0.88","0.37630939643347","1,2,1,1,1,1,1,1,1,1,1,3,1,1,1,6,5,4,1,3,2,8,1,1,1,1,1,6,2,5,4,7,3,3,1,1,9,1,2,2,2,2,8,8,8,8,2,8,8,8,2,2,2,2,2,8,8,8,8,2,1,2,2,1,1,2,2,2,2,2,8,2,1,1,2,2,2,2,2,2,2,1,6,6,6,2,2,2,2,2,5,4,7,2,2,2,6,2,2,2,2,2,2,2,2,2,2,3,3,2,2,2,2,1,1,1,1,1,1,1,1,9,9,9,9,9,9,9,9","0.000912904739379883","walktrap","edit-xhwikibooks.graphml"
"0.04","0.08","0.88","0.376723979942981","1,2,1,1,1,1,1,1,1,1,1,3,1,1,1,6,5,4,1,3,2,9,1,1,1,1,1,6,2,5,4,7,3,3,1,1,8,1,2,2,2,2,9,9,9,9,2,9,9,9,2,2,2,2,2,9,9,9,9,2,1,2,2,1,1,2,2,2,2,2,9,2,1,1,2,2,2,2,2,2,2,1,6,6,6,2,2,2,2,2,5,4,7,2,2,2,6,2,2,2,2,2,2,2,2,2,2,3,3,2,2,2,2,1,1,1,1,1,1,1,1,8,8,8,8,8,8,8,8","0.000890016555786133","walktrap","edit-xhwikibooks.graphml"
"0.03","0.09","0.88","0.37683295270541","1,2,1,1,1,1,1,1,1,1,1,3,1,1,1,6,5,4,1,3,2,9,1,1,1,1,1,6,2,5,4,7,3,3,1,1,8,1,2,2,2,2,9,9,9,9,2,9,9,9,2,2,2,2,2,9,9,9,9,2,1,2,2,1,1,2,2,2,2,2,9,2,1,1,2,2,2,2,2,2,2,1,6,6,6,2,2,2,2,2,5,4,7,2,2,2,6,2,2,2,2,2,2,2,2,2,2,3,3,2,2,2,2,1,1,1,1,1,1,1,1,8,8,8,8,8,8,8,8","0.000908136367797852","walktrap","edit-xhwikibooks.graphml"
"0.02","0.1","0.88","0.37683295270541","1,2,1,1,1,1,1,1,1,1,1,3,1,1,1,6,5,4,1,3,2,9,1,1,1,1,1,6,2,5,4,7,3,3,1,1,8,1,2,2,2,2,9,9,9,9,2,9,9,9,2,2,2,2,2,9,9,9,9,2,1,2,2,1,1,2,2,2,2,2,9,2,1,1,2,2,2,2,2,2,2,1,6,6,6,2,2,2,2,2,5,4,7,2,2,2,6,2,2,2,2,2,2,2,2,2,2,3,3,2,2,2,2,1,1,1,1,1,1,1,1,8,8,8,8,8,8,8,8","0.00089716911315918","walktrap","edit-xhwikibooks.graphml"
"0.01","0.11","0.88","0.376724741549013","1,2,1,1,1,1,1,1,1,1,1,3,1,1,1,6,5,4,1,3,2,9,1,1,1,1,1,6,2,5,4,7,3,3,1,1,8,1,2,2,2,2,9,9,9,9,2,9,9,9,2,2,2,2,2,9,9,9,9,2,1,2,2,1,1,2,2,2,2,2,9,2,1,1,2,2,2,2,2,2,2,1,6,6,6,2,2,2,2,2,5,4,7,2,2,2,6,2,2,2,2,2,2,2,2,2,2,3,3,2,2,2,2,1,1,1,1,1,1,1,1,8,8,8,8,8,8,8,8","0.000880956649780273","walktrap","edit-xhwikibooks.graphml"
"0","0.12","0.88","0.378157569724612","1,9,1,1,1,1,1,1,1,1,1,2,1,1,1,4,3,1,1,2,9,7,1,1,1,1,1,4,1,3,6,5,2,2,1,1,8,1,9,9,9,9,7,7,7,7,9,7,7,7,9,9,9,9,9,7,7,7,7,9,1,9,9,1,1,9,9,9,9,9,7,9,1,1,9,9,9,9,9,9,9,1,4,4,4,1,9,9,9,9,3,6,5,9,9,9,4,9,9,9,9,9,9,9,9,9,9,2,2,9,9,9,9,1,1,1,1,1,1,1,1,8,8,8,8,8,8,8,8","0.000930070877075195","walktrap","edit-xhwikibooks.graphml"
"0.11","0","0.89","0.381877289252597","1,2,1,1,1,1,1,1,1,1,1,3,1,1,1,5,4,1,1,3,2,9,1,1,1,1,1,5,2,4,7,6,3,3,1,1,8,1,2,2,2,2,9,9,9,9,2,9,9,9,2,2,2,2,2,9,9,9,9,2,1,2,2,1,1,2,2,2,2,2,9,2,1,1,2,2,2,2,2,2,2,1,5,5,5,2,2,2,2,2,4,7,6,2,2,2,5,2,2,2,2,2,2,2,2,2,2,3,3,2,2,2,2,1,1,1,1,1,1,1,1,8,8,8,8,8,8,8,8","0.000891923904418945","walktrap","edit-xhwikibooks.graphml"
"0.1","0.01","0.89","0.381877289252597","1,2,1,1,1,1,1,1,1,1,1,3,1,1,1,5,4,1,1,3,2,9,1,1,1,1,1,5,2,4,7,6,3,3,1,1,8,1,2,2,2,2,9,9,9,9,2,9,9,9,2,2,2,2,2,9,9,9,9,2,1,2,2,1,1,2,2,2,2,2,9,2,1,1,2,2,2,2,2,2,2,1,5,5,5,2,2,2,2,2,4,7,6,2,2,2,5,2,2,2,2,2,2,2,2,2,2,3,3,2,2,2,2,1,1,1,1,1,1,1,1,8,8,8,8,8,8,8,8","0.00092005729675293","walktrap","edit-xhwikibooks.graphml"
"0.09","0.02","0.89","0.381541587650424","1,2,1,1,1,1,1,1,1,1,1,3,1,1,1,5,4,1,1,3,2,9,1,1,1,1,1,5,2,4,7,6,3,3,1,1,8,1,2,2,2,2,9,9,9,9,2,9,9,9,2,2,2,2,2,9,9,9,9,2,1,2,2,1,1,2,2,2,2,2,9,2,1,1,2,2,2,2,2,2,2,1,5,5,5,2,2,2,2,2,4,7,6,2,2,2,5,2,2,2,2,2,2,2,2,2,2,3,3,2,2,2,2,1,1,1,1,1,1,1,1,8,8,8,8,8,8,8,8","0.00112390518188477","walktrap","edit-xhwikibooks.graphml"
"0.08","0.03","0.89","0.381324170650033","1,2,1,1,1,1,1,1,1,1,1,3,1,1,1,5,4,1,1,3,2,9,1,1,1,1,1,5,2,4,7,6,3,3,1,1,8,1,2,2,2,2,9,9,9,9,2,9,9,9,2,2,2,2,2,9,9,9,9,2,1,2,2,1,1,2,2,2,2,2,9,2,1,1,2,2,2,2,2,2,2,1,5,5,5,2,2,2,2,2,4,7,6,2,2,2,5,2,2,2,2,2,2,2,2,2,2,3,3,2,2,2,2,1,1,1,1,1,1,1,1,8,8,8,8,8,8,8,8","0.00103592872619629","walktrap","edit-xhwikibooks.graphml"
"0.07","0.04","0.89","0.381568166936417","1,2,1,1,1,1,1,1,1,1,1,3,1,1,1,6,5,4,1,3,2,9,1,1,1,1,1,6,2,5,4,7,3,3,1,1,8,1,2,2,2,2,9,9,9,9,2,9,9,9,2,2,2,2,2,9,9,9,9,2,1,2,2,1,1,2,2,2,2,2,9,2,1,1,2,2,2,2,2,2,2,1,6,6,6,2,2,2,2,2,5,4,7,2,2,2,6,2,2,2,2,2,2,2,2,2,2,3,3,2,2,2,2,1,1,1,1,1,1,1,1,8,8,8,8,8,8,8,8","0.000885009765625","walktrap","edit-xhwikibooks.graphml"
"0.06","0.05","0.89","0.381459475740958","1,2,1,1,1,1,1,1,1,1,1,3,1,1,1,6,5,4,1,3,2,9,1,1,1,1,1,6,2,5,4,7,3,3,1,1,8,1,2,2,2,2,9,9,9,9,2,9,9,9,2,2,2,2,2,9,9,9,9,2,1,2,2,1,1,2,2,2,2,2,9,2,1,1,2,2,2,2,2,2,2,1,6,6,6,2,2,2,2,2,5,4,7,2,2,2,6,2,2,2,2,2,2,2,2,2,2,3,3,2,2,2,2,1,1,1,1,1,1,1,1,8,8,8,8,8,8,8,8","0.000940084457397461","walktrap","edit-xhwikibooks.graphml"
"0.05","0.06","0.89","0.381459475740958","1,2,1,1,1,1,1,1,1,1,1,3,1,1,1,6,5,4,1,3,2,9,1,1,1,1,1,6,2,5,4,7,3,3,1,1,8,1,2,2,2,2,9,9,9,9,2,9,9,9,2,2,2,2,2,9,9,9,9,2,1,2,2,1,1,2,2,2,2,2,9,2,1,1,2,2,2,2,2,2,2,1,6,6,6,2,2,2,2,2,5,4,7,2,2,2,6,2,2,2,2,2,2,2,2,2,2,3,3,2,2,2,2,1,1,1,1,1,1,1,1,8,8,8,8,8,8,8,8","0.000885009765625","walktrap","edit-xhwikibooks.graphml"
"0.04","0.07","0.89","0.381350841103935","1,2,1,1,1,1,1,1,1,1,1,3,1,1,1,6,5,4,1,3,2,9,1,1,1,1,1,6,2,5,4,7,3,3,1,1,8,1,2,2,2,2,9,9,9,9,2,9,9,9,2,2,2,2,2,9,9,9,9,2,1,2,2,1,1,2,2,2,2,2,9,2,1,1,2,2,2,2,2,2,2,1,6,6,6,2,2,2,2,2,5,4,7,2,2,2,6,2,2,2,2,2,2,2,2,2,2,3,3,2,2,2,2,1,1,1,1,1,1,1,1,8,8,8,8,8,8,8,8","0.000878095626831055","walktrap","edit-xhwikibooks.graphml"
"0.03","0.08","0.89","0.381759816041431","1,2,1,1,1,1,1,1,1,1,1,3,1,1,1,6,5,4,1,3,2,9,1,1,1,1,1,6,2,5,4,7,3,3,1,1,8,1,2,2,2,2,9,9,9,9,2,9,9,9,2,2,2,2,2,9,9,9,9,2,1,2,2,1,1,2,2,2,2,2,9,2,1,1,2,2,2,2,2,2,2,1,6,6,6,2,2,2,2,2,5,4,7,2,2,2,6,2,2,2,2,2,2,2,2,2,2,3,3,2,2,2,2,1,1,1,1,1,1,1,1,8,8,8,8,8,8,8,8","0.000884056091308594","walktrap","edit-xhwikibooks.graphml"
"0.02","0.09","0.89","0.381651184493353","1,2,1,1,1,1,1,1,1,1,1,3,1,1,1,6,5,4,1,3,2,9,1,1,1,1,1,6,2,5,4,7,3,3,1,1,8,1,2,2,2,2,9,9,9,9,2,9,9,9,2,2,2,2,2,9,9,9,9,2,1,2,2,1,1,2,2,2,2,2,9,2,1,1,2,2,2,2,2,2,2,1,6,6,6,2,2,2,2,2,5,4,7,2,2,2,6,2,2,2,2,2,2,2,2,2,2,3,3,2,2,2,2,1,1,1,1,1,1,1,1,8,8,8,8,8,8,8,8","0.000917911529541016","walktrap","edit-xhwikibooks.graphml"
"0.01","0.1","0.89","0.381651184493353","1,2,1,1,1,1,1,1,1,1,1,3,1,1,1,6,5,4,1,3,2,9,1,1,1,1,1,6,2,5,4,7,3,3,1,1,8,1,2,2,2,2,9,9,9,9,2,9,9,9,2,2,2,2,2,9,9,9,9,2,1,2,2,1,1,2,2,2,2,2,9,2,1,1,2,2,2,2,2,2,2,1,6,6,6,2,2,2,2,2,5,4,7,2,2,2,6,2,2,2,2,2,2,2,2,2,2,3,3,2,2,2,2,1,1,1,1,1,1,1,1,8,8,8,8,8,8,8,8","0.00092005729675293","walktrap","edit-xhwikibooks.graphml"
"0","0.11","0.89","0.382162902874541","1,9,1,1,1,1,1,1,1,1,1,2,1,1,1,4,3,1,1,2,9,8,1,1,1,1,1,4,1,3,6,5,2,2,1,1,7,1,9,9,9,9,8,8,8,8,9,8,8,8,9,9,9,9,9,8,8,8,8,9,1,9,9,1,1,9,9,9,9,9,8,9,1,1,9,9,9,9,9,9,9,1,4,4,4,1,9,9,9,9,3,6,5,9,9,9,4,9,9,9,9,9,9,9,9,9,9,2,2,9,9,9,9,1,1,1,1,1,1,1,1,7,7,7,7,7,7,7,7","0.000921964645385742","walktrap","edit-xhwikibooks.graphml"
"0.1","0","0.9","0.378645242596093","1,2,1,1,1,1,1,1,1,1,1,3,1,1,1,5,4,1,1,3,2,8,1,1,1,1,1,5,2,4,6,1,3,3,1,1,7,1,2,2,2,2,8,8,8,8,2,8,8,8,2,2,2,2,2,8,8,8,8,2,1,2,2,1,1,2,2,2,2,2,8,2,1,1,2,2,2,2,2,2,2,1,5,5,5,2,2,2,2,2,4,6,1,2,2,2,5,2,2,2,2,2,2,2,2,2,2,3,3,2,2,2,2,1,1,1,1,1,1,1,1,7,7,7,7,7,7,7,7","0.000956058502197266","walktrap","edit-xhwikibooks.graphml"
"0.09","0.01","0.9","0.376827198456424","1,2,1,1,1,1,1,1,1,1,1,3,1,1,1,5,4,1,1,3,2,9,1,1,1,1,1,5,2,4,7,6,3,3,1,1,8,1,2,2,2,2,9,9,9,9,2,9,9,9,2,2,2,2,2,9,9,9,9,2,1,2,2,1,1,2,2,2,2,2,9,2,1,1,2,2,2,2,2,2,2,1,5,5,5,2,2,2,2,2,4,7,6,2,2,2,5,2,2,2,2,2,2,2,2,2,2,3,3,2,2,2,2,1,1,1,1,1,1,1,1,8,8,8,8,8,8,8,8","0.000926017761230469","walktrap","edit-xhwikibooks.graphml"
"0.08","0.02","0.9","0.37672107932044","1,2,1,1,1,1,1,1,1,1,1,3,1,1,1,5,4,1,1,3,2,9,1,1,1,1,1,5,2,4,7,6,3,3,1,1,8,1,2,2,2,2,9,9,9,9,2,9,9,9,2,2,2,2,2,9,9,9,9,2,1,2,2,1,1,2,2,2,2,2,9,2,1,1,2,2,2,2,2,2,2,1,5,5,5,2,2,2,2,2,4,7,6,2,2,2,5,2,2,2,2,2,2,2,2,2,2,3,3,2,2,2,2,1,1,1,1,1,1,1,1,8,8,8,8,8,8,8,8","0.00092005729675293","walktrap","edit-xhwikibooks.graphml"
"0.07","0.03","0.9","0.376615015000497","1,2,1,1,1,1,1,1,1,1,1,3,1,1,1,5,4,1,1,3,2,9,1,1,1,1,1,5,2,4,7,6,3,3,1,1,8,1,2,2,2,2,9,9,9,9,2,9,9,9,2,2,2,2,2,9,9,9,9,2,1,2,2,1,1,2,2,2,2,2,9,2,1,1,2,2,2,2,2,2,2,1,5,5,5,2,2,2,2,2,4,7,6,2,2,2,5,2,2,2,2,2,2,2,2,2,2,3,3,2,2,2,2,1,1,1,1,1,1,1,1,8,8,8,8,8,8,8,8","0.000930070877075195","walktrap","edit-xhwikibooks.graphml"
"0.06","0.04","0.9","0.376855899495904","1,2,1,1,1,1,1,1,1,1,1,3,1,1,1,6,5,4,1,3,2,9,1,1,1,1,1,6,2,5,4,7,3,3,1,1,8,1,2,2,2,2,9,9,9,9,2,9,9,9,2,2,2,2,2,9,9,9,9,2,1,2,2,1,1,2,2,2,2,2,9,2,1,1,2,2,2,2,2,2,2,1,6,6,6,2,2,2,2,2,5,4,7,2,2,2,6,2,2,2,2,2,2,2,2,2,2,3,3,2,2,2,2,1,1,1,1,1,1,1,1,8,8,8,8,8,8,8,8","0.000956058502197266","walktrap","edit-xhwikibooks.graphml"
"0.05","0.05","0.9","0.376749824645313","1,2,1,1,1,1,1,1,1,1,1,3,1,1,1,6,5,4,1,3,2,9,1,1,1,1,1,6,2,5,4,7,3,3,1,1,8,1,2,2,2,2,9,9,9,9,2,9,9,9,2,2,2,2,2,9,9,9,9,2,1,2,2,1,1,2,2,2,2,2,9,2,1,1,2,2,2,2,2,2,2,1,6,6,6,2,2,2,2,2,5,4,7,2,2,2,6,2,2,2,2,2,2,2,2,2,2,3,3,2,2,2,2,1,1,1,1,1,1,1,1,8,8,8,8,8,8,8,8","0.000941991806030273","walktrap","edit-xhwikibooks.graphml"
"0.04","0.06","0.9","0.376749824645313","1,2,1,1,1,1,1,1,1,1,1,3,1,1,1,6,5,4,1,3,2,9,1,1,1,1,1,6,2,5,4,7,3,3,1,1,8,1,2,2,2,2,9,9,9,9,2,9,9,9,2,2,2,2,2,9,9,9,9,2,1,2,2,1,1,2,2,2,2,2,9,2,1,1,2,2,2,2,2,2,2,1,6,6,6,2,2,2,2,2,5,4,7,2,2,2,6,2,2,2,2,2,2,2,2,2,2,3,3,2,2,2,2,1,1,1,1,1,1,1,1,8,8,8,8,8,8,8,8","0.000913143157958984","walktrap","edit-xhwikibooks.graphml"
"0.03","0.07","0.9","0.376643804587028","1,2,1,1,1,1,1,1,1,1,1,3,1,1,1,6,5,4,1,3,2,9,1,1,1,1,1,6,2,5,4,7,3,3,1,1,8,1,2,2,2,2,9,9,9,9,2,9,9,9,2,2,2,2,2,9,9,9,9,2,1,2,2,1,1,2,2,2,2,2,9,2,1,1,2,2,2,2,2,2,2,1,6,6,6,2,2,2,2,2,5,4,7,2,2,2,6,2,2,2,2,2,2,2,2,2,2,3,3,2,2,2,2,1,1,1,1,1,1,1,1,8,8,8,8,8,8,8,8","0.000940084457397461","walktrap","edit-xhwikibooks.graphml"
"0.02","0.08","0.9","0.37704987929924","1,2,1,1,1,1,1,1,1,1,1,3,1,1,1,6,5,4,1,3,2,9,1,1,1,1,1,6,2,5,4,7,3,3,1,1,8,1,2,2,2,2,9,9,9,9,2,9,9,9,2,2,2,2,2,9,9,9,9,2,1,2,2,1,1,2,2,2,2,2,9,2,1,1,2,2,2,2,2,2,2,1,6,6,6,2,2,2,2,2,5,4,7,2,2,2,6,2,2,2,2,2,2,2,2,2,2,3,3,2,2,2,2,1,1,1,1,1,1,1,1,8,8,8,8,8,8,8,8","0.000944137573242188","walktrap","edit-xhwikibooks.graphml"
"0.01","0.09","0.9","0.376943860069825","1,2,1,1,1,1,1,1,1,1,1,3,1,1,1,6,5,4,1,3,2,9,1,1,1,1,1,6,2,5,4,7,3,3,1,1,8,1,2,2,2,2,9,9,9,9,2,9,9,9,2,2,2,2,2,9,9,9,9,2,1,2,2,1,1,2,2,2,2,2,9,2,1,1,2,2,2,2,2,2,2,1,6,6,6,2,2,2,2,2,5,4,7,2,2,2,6,2,2,2,2,2,2,2,2,2,2,3,3,2,2,2,2,1,1,1,1,1,1,1,1,8,8,8,8,8,8,8,8","0.00102806091308594","walktrap","edit-xhwikibooks.graphml"
"0","0.1","0.9","0.377603604690067","1,9,1,1,1,1,1,1,1,1,1,2,1,1,1,4,3,1,1,2,9,8,1,1,1,1,1,4,1,3,6,5,2,2,1,1,7,1,9,9,9,9,8,8,8,8,9,8,8,8,9,9,9,9,9,8,8,8,8,9,1,9,9,1,1,9,9,9,9,9,8,9,1,1,9,9,9,9,9,9,9,1,4,4,4,1,9,9,9,9,3,6,5,9,9,9,4,9,9,9,9,9,9,9,9,9,9,2,2,9,9,9,9,1,1,1,1,1,1,1,1,7,7,7,7,7,7,7,7","0.000919103622436523","walktrap","edit-xhwikibooks.graphml"
"0.09","0","0.91","0.378871395755261","1,2,1,1,1,1,1,1,1,1,1,3,1,1,1,5,4,1,1,3,2,8,1,1,1,1,1,5,2,4,6,1,3,3,1,1,7,1,2,2,2,2,8,8,8,8,2,8,8,8,2,2,2,2,2,8,8,8,8,2,1,2,2,1,1,2,2,2,2,2,8,2,1,1,2,2,2,2,2,2,2,1,5,5,5,2,2,2,2,2,4,6,1,2,2,2,5,2,2,2,2,2,2,2,2,2,2,3,3,2,2,2,2,1,1,1,1,1,1,1,1,7,7,7,7,7,7,7,7","0.000898122787475586","walktrap","edit-xhwikibooks.graphml"
"0.08","0.01","0.91","0.378871395755261","1,2,1,1,1,1,1,1,1,1,1,3,1,1,1,5,4,1,1,3,2,8,1,1,1,1,1,5,2,4,6,1,3,3,1,1,7,1,2,2,2,2,8,8,8,8,2,8,8,8,2,2,2,2,2,8,8,8,8,2,1,2,2,1,1,2,2,2,2,2,8,2,1,1,2,2,2,2,2,2,2,1,5,5,5,2,2,2,2,2,4,6,1,2,2,2,5,2,2,2,2,2,2,2,2,2,2,3,3,2,2,2,2,1,1,1,1,1,1,1,1,7,7,7,7,7,7,7,7","0.000901937484741211","walktrap","edit-xhwikibooks.graphml"
"0.07","0.02","0.91","0.378432654610701","1,2,1,1,1,1,1,1,1,1,1,3,1,1,1,5,4,1,1,3,2,8,1,1,1,1,1,5,2,4,6,1,3,3,1,1,7,1,2,2,2,2,8,8,8,8,2,8,8,8,2,2,2,2,2,8,8,8,8,2,1,2,2,1,1,2,2,2,2,2,8,2,1,1,2,2,2,2,2,2,2,1,5,5,5,2,2,2,2,2,4,6,1,2,2,2,5,2,2,2,2,2,2,2,2,2,2,3,3,2,2,2,2,1,1,1,1,1,1,1,1,7,7,7,7,7,7,7,7","0.194559097290039","walktrap","edit-xhwikibooks.graphml"
"0.06","0.03","0.91","0.377753316362326","1,2,1,1,1,1,1,1,1,1,1,3,1,1,1,6,5,4,1,3,2,9,1,1,1,1,1,6,2,5,4,7,3,3,1,1,8,1,2,2,2,2,9,9,9,9,2,9,9,9,2,2,2,2,2,9,9,9,9,2,1,2,2,1,1,2,2,2,2,2,9,2,1,1,2,2,2,2,2,2,2,1,6,6,6,2,2,2,2,2,5,4,7,2,2,2,6,2,2,2,2,2,2,2,2,2,2,3,3,2,2,2,2,1,1,1,1,1,1,1,1,8,8,8,8,8,8,8,8","0.00103402137756348","walktrap","edit-xhwikibooks.graphml"
"0.05","0.04","0.91","0.377753316362326","1,2,1,1,1,1,1,1,1,1,1,3,1,1,1,6,5,4,1,3,2,9,1,1,1,1,1,6,2,5,4,7,3,3,1,1,8,1,2,2,2,2,9,9,9,9,2,9,9,9,2,2,2,2,2,9,9,9,9,2,1,2,2,1,1,2,2,2,2,2,9,2,1,1,2,2,2,2,2,2,2,1,6,6,6,2,2,2,2,2,5,4,7,2,2,2,6,2,2,2,2,2,2,2,2,2,2,3,3,2,2,2,2,1,1,1,1,1,1,1,1,8,8,8,8,8,8,8,8","0.000946044921875","walktrap","edit-xhwikibooks.graphml"
"0.04","0.05","0.91","0.377647289648114","1,2,1,1,1,1,1,1,1,1,1,3,1,1,1,6,5,4,1,3,2,9,1,1,1,1,1,6,2,5,4,7,3,3,1,1,8,1,2,2,2,2,9,9,9,9,2,9,9,9,2,2,2,2,2,9,9,9,9,2,1,2,2,1,1,2,2,2,2,2,9,2,1,1,2,2,2,2,2,2,2,1,6,6,6,2,2,2,2,2,5,4,7,2,2,2,6,2,2,2,2,2,2,2,2,2,2,3,3,2,2,2,2,1,1,1,1,1,1,1,1,8,8,8,8,8,8,8,8","0.000939846038818359","walktrap","edit-xhwikibooks.graphml"
"0.03","0.06","0.91","0.377647289648114","1,2,1,1,1,1,1,1,1,1,1,3,1,1,1,6,5,4,1,3,2,9,1,1,1,1,1,6,2,5,4,7,3,3,1,1,8,1,2,2,2,2,9,9,9,9,2,9,9,9,2,2,2,2,2,9,9,9,9,2,1,2,2,1,1,2,2,2,2,2,9,2,1,1,2,2,2,2,2,2,2,1,6,6,6,2,2,2,2,2,5,4,7,2,2,2,6,2,2,2,2,2,2,2,2,2,2,3,3,2,2,2,2,1,1,1,1,1,1,1,1,8,8,8,8,8,8,8,8","0.000891923904418945","walktrap","edit-xhwikibooks.graphml"
"0.02","0.07","0.91","0.377541317485488","1,2,1,1,1,1,1,1,1,1,1,3,1,1,1,6,5,4,1,3,2,9,1,1,1,1,1,6,2,5,4,7,3,3,1,1,8,1,2,2,2,2,9,9,9,9,2,9,9,9,2,2,2,2,2,9,9,9,9,2,1,2,2,1,1,2,2,2,2,2,9,2,1,1,2,2,2,2,2,2,2,1,6,6,6,2,2,2,2,2,5,4,7,2,2,2,6,2,2,2,2,2,2,2,2,2,2,3,3,2,2,2,2,1,1,1,1,1,1,1,1,8,8,8,8,8,8,8,8","0.000935077667236328","walktrap","edit-xhwikibooks.graphml"
"0.01","0.08","0.91","0.377946221727001","1,2,1,1,1,1,1,1,1,1,1,3,1,1,1,6,5,4,1,3,2,9,1,1,1,1,1,6,2,5,4,7,3,3,1,1,8,1,2,2,2,2,9,9,9,9,2,9,9,9,2,2,2,2,2,9,9,9,9,2,1,2,2,1,1,2,2,2,2,2,9,2,1,1,2,2,2,2,2,2,2,1,6,6,6,2,2,2,2,2,5,4,7,2,2,2,6,2,2,2,2,2,2,2,2,2,2,3,3,2,2,2,2,1,1,1,1,1,1,1,1,8,8,8,8,8,8,8,8","0.00137996673583984","walktrap","edit-xhwikibooks.graphml"
"0","0.09","0.91","0.378486161837513","1,9,1,1,1,1,1,1,1,1,1,2,1,1,1,4,3,1,1,2,9,8,1,1,1,1,1,4,1,3,6,5,2,2,1,1,7,1,9,9,9,9,8,8,8,8,9,8,8,8,9,9,9,9,9,8,8,8,8,9,1,9,9,1,1,9,9,9,9,9,8,9,1,1,9,9,9,9,9,9,9,1,4,4,4,1,9,9,9,9,3,6,5,9,9,9,4,9,9,9,9,9,9,9,9,9,9,2,2,9,9,9,9,1,1,1,1,1,1,1,1,7,7,7,7,7,7,7,7","0.00144100189208984","walktrap","edit-xhwikibooks.graphml"
"0.08","0","0.92","0.380205196969485","1,2,1,1,1,1,1,1,1,1,1,3,1,1,1,5,4,1,1,3,2,9,1,1,1,1,1,5,2,4,7,6,3,3,1,1,8,1,2,2,2,2,9,9,9,9,2,9,9,9,2,2,2,2,2,9,9,9,9,2,1,2,2,1,1,2,2,2,2,2,9,2,1,1,2,2,2,2,2,2,2,1,5,5,5,2,2,2,2,2,4,7,6,2,2,2,5,2,2,2,2,2,2,2,2,2,2,3,3,2,2,2,2,1,1,1,1,1,1,1,1,8,8,8,8,8,8,8,8","0.00141692161560059","walktrap","edit-xhwikibooks.graphml"
"0.07","0.01","0.92","0.380205196969485","1,2,1,1,1,1,1,1,1,1,1,3,1,1,1,5,4,1,1,3,2,9,1,1,1,1,1,5,2,4,7,6,3,3,1,1,8,1,2,2,2,2,9,9,9,9,2,9,9,9,2,2,2,2,2,9,9,9,9,2,1,2,2,1,1,2,2,2,2,2,9,2,1,1,2,2,2,2,2,2,2,1,5,5,5,2,2,2,2,2,4,7,6,2,2,2,5,2,2,2,2,2,2,2,2,2,2,3,3,2,2,2,2,1,1,1,1,1,1,1,1,8,8,8,8,8,8,8,8","0.001007080078125","walktrap","edit-xhwikibooks.graphml"
"0.06","0.02","0.92","0.380101011577685","1,2,1,1,1,1,1,1,1,1,1,3,1,1,1,5,4,1,1,3,2,9,1,1,1,1,1,5,2,4,7,6,3,3,1,1,8,1,2,2,2,2,9,9,9,9,2,9,9,9,2,2,2,2,2,9,9,9,9,2,1,2,2,1,1,2,2,2,2,2,9,2,1,1,2,2,2,2,2,2,2,1,5,5,5,2,2,2,2,2,4,7,6,2,2,2,5,2,2,2,2,2,2,2,2,2,2,3,3,2,2,2,2,1,1,1,1,1,1,1,1,8,8,8,8,8,8,8,8","0.000906944274902344","walktrap","edit-xhwikibooks.graphml"
"0.05","0.03","0.92","0.380229746832047","1,2,1,1,1,1,1,1,1,1,1,3,1,1,1,6,5,4,1,3,2,9,1,1,1,1,1,6,2,5,4,7,3,3,1,1,8,1,2,2,2,2,9,9,9,9,2,9,9,9,2,2,2,2,2,9,9,9,9,2,1,2,2,1,1,2,2,2,2,2,9,2,1,1,2,2,2,2,2,2,2,1,6,6,6,2,2,2,2,2,5,4,7,2,2,2,6,2,2,2,2,2,2,2,2,2,2,3,3,2,2,2,2,1,1,1,1,1,1,1,1,8,8,8,8,8,8,8,8","0.000946044921875","walktrap","edit-xhwikibooks.graphml"
"0.04","0.04","0.92","0.380229746832047","1,2,1,1,1,1,1,1,1,1,1,3,1,1,1,6,5,4,1,3,2,9,1,1,1,1,1,6,2,5,4,7,3,3,1,1,8,1,2,2,2,2,9,9,9,9,2,9,9,9,2,2,2,2,2,9,9,9,9,2,1,2,2,1,1,2,2,2,2,2,9,2,1,1,2,2,2,2,2,2,2,1,6,6,6,2,2,2,2,2,5,4,7,2,2,2,6,2,2,2,2,2,2,2,2,2,2,3,3,2,2,2,2,1,1,1,1,1,1,1,1,8,8,8,8,8,8,8,8","0.00091099739074707","walktrap","edit-xhwikibooks.graphml"
"0.03","0.05","0.92","0.373058140376893","1,2,1,1,1,1,1,1,1,1,1,3,1,1,1,6,5,4,1,3,2,9,1,1,1,1,1,6,2,5,4,7,3,3,1,1,8,1,2,2,2,2,9,9,9,9,2,9,9,9,2,2,2,2,2,9,9,9,9,2,1,2,2,1,1,2,2,2,2,2,9,2,1,1,2,2,2,2,2,2,2,1,6,6,6,2,2,2,2,2,5,4,7,2,2,2,6,2,2,2,2,2,2,2,2,2,2,3,3,2,2,2,2,1,1,1,1,1,1,1,1,8,8,8,8,8,8,8,8","0.000939846038818359","walktrap","edit-xhwikibooks.graphml"
"0.02","0.06","0.92","0.373058140376893","1,2,1,1,1,1,1,1,1,1,1,3,1,1,1,6,5,4,1,3,2,9,1,1,1,1,1,6,2,5,4,7,3,3,1,1,8,1,2,2,2,2,9,9,9,9,2,9,9,9,2,2,2,2,2,9,9,9,9,2,1,2,2,1,1,2,2,2,2,2,9,2,1,1,2,2,2,2,2,2,2,1,6,6,6,2,2,2,2,2,5,4,7,2,2,2,6,2,2,2,2,2,2,2,2,2,2,3,3,2,2,2,2,1,1,1,1,1,1,1,1,8,8,8,8,8,8,8,8","0.00100493431091309","walktrap","edit-xhwikibooks.graphml"
"0.01","0.07","0.92","0.372954687927001","1,2,1,1,1,1,1,1,1,1,1,3,1,1,1,6,5,4,1,3,2,9,1,1,1,1,1,6,2,5,4,7,3,3,1,1,8,1,2,2,2,2,9,9,9,9,2,9,9,9,2,2,2,2,2,9,9,9,9,2,1,2,2,1,1,2,2,2,2,2,9,2,1,1,2,2,2,2,2,2,2,1,6,6,6,2,2,2,2,2,5,4,7,2,2,2,6,2,2,2,2,2,2,2,2,2,2,3,3,2,2,2,2,1,1,1,1,1,1,1,1,8,8,8,8,8,8,8,8","0.00113391876220703","walktrap","edit-xhwikibooks.graphml"
"0","0.08","0.92","0.3740395776628","1,9,1,1,1,1,1,1,1,1,1,2,1,1,1,4,3,1,1,2,9,8,1,1,1,1,1,4,1,3,6,5,2,2,1,1,7,1,9,9,9,9,8,8,8,8,9,8,8,8,9,9,9,9,9,8,8,8,8,9,1,9,9,1,1,9,9,9,9,9,8,9,1,1,9,9,9,9,9,9,9,1,4,4,4,1,9,9,9,9,3,6,5,9,9,9,4,9,9,9,9,9,9,9,9,9,9,2,2,9,9,9,9,1,1,1,1,1,1,1,1,7,7,7,7,7,7,7,7","0.00100588798522949","walktrap","edit-xhwikibooks.graphml"
"0.07","0","0.93","0.38205206184439","1,2,1,1,1,1,1,1,1,1,1,3,1,1,1,5,4,1,1,3,2,9,1,1,1,1,1,5,2,4,7,6,3,3,1,1,8,1,2,2,2,2,9,9,9,9,2,9,9,9,2,2,2,2,2,9,9,9,9,2,1,2,2,1,1,2,2,2,2,2,9,2,1,1,2,2,2,2,2,2,2,1,5,5,5,2,2,2,2,2,4,7,6,2,2,2,5,2,2,2,2,2,2,2,2,2,2,3,3,2,2,2,2,1,1,1,1,1,1,1,1,8,8,8,8,8,8,8,8","0.000958919525146484","walktrap","edit-xhwikibooks.graphml"
"0.06","0.01","0.93","0.38205206184439","1,2,1,1,1,1,1,1,1,1,1,3,1,1,1,5,4,1,1,3,2,9,1,1,1,1,1,5,2,4,7,6,3,3,1,1,8,1,2,2,2,2,9,9,9,9,2,9,9,9,2,2,2,2,2,9,9,9,9,2,1,2,2,1,1,2,2,2,2,2,9,2,1,1,2,2,2,2,2,2,2,1,5,5,5,2,2,2,2,2,4,7,6,2,2,2,5,2,2,2,2,2,2,2,2,2,2,3,3,2,2,2,2,1,1,1,1,1,1,1,1,8,8,8,8,8,8,8,8","0.000936985015869141","walktrap","edit-xhwikibooks.graphml"
"0.05","0.02","0.93","0.381948020822086","1,2,1,1,1,1,1,1,1,1,1,3,1,1,1,5,4,1,1,3,2,9,1,1,1,1,1,5,2,4,7,6,3,3,1,1,8,1,2,2,2,2,9,9,9,9,2,9,9,9,2,2,2,2,2,9,9,9,9,2,1,2,2,1,1,2,2,2,2,2,9,2,1,1,2,2,2,2,2,2,2,1,5,5,5,2,2,2,2,2,4,7,6,2,2,2,5,2,2,2,2,2,2,2,2,2,2,3,3,2,2,2,2,1,1,1,1,1,1,1,1,8,8,8,8,8,8,8,8","0.000940084457397461","walktrap","edit-xhwikibooks.graphml"
"0.04","0.03","0.93","0.380125604970634","1,2,1,1,1,1,1,1,1,1,1,3,1,1,1,6,5,4,1,3,2,9,1,1,1,1,1,6,2,5,4,7,3,3,1,1,8,1,2,2,2,2,9,9,9,9,2,9,9,9,2,2,2,2,2,9,9,9,9,2,1,2,2,1,1,2,2,2,2,2,9,2,1,1,2,2,2,2,2,2,2,1,6,6,6,2,2,2,2,2,5,4,7,2,2,2,6,2,2,2,2,2,2,2,2,2,2,3,3,2,2,2,2,1,1,1,1,1,1,1,1,8,8,8,8,8,8,8,8","0.000945091247558594","walktrap","edit-xhwikibooks.graphml"
"0.03","0.04","0.93","0.380125604970634","1,2,1,1,1,1,1,1,1,1,1,3,1,1,1,6,5,4,1,3,2,9,1,1,1,1,1,6,2,5,4,7,3,3,1,1,8,1,2,2,2,2,9,9,9,9,2,9,9,9,2,2,2,2,2,9,9,9,9,2,1,2,2,1,1,2,2,2,2,2,9,2,1,1,2,2,2,2,2,2,2,1,6,6,6,2,2,2,2,2,5,4,7,2,2,2,6,2,2,2,2,2,2,2,2,2,2,3,3,2,2,2,2,1,1,1,1,1,1,1,1,8,8,8,8,8,8,8,8","0.000954151153564453","walktrap","edit-xhwikibooks.graphml"
"0.02","0.05","0.93","0.380021515373562","1,2,1,1,1,1,1,1,1,1,1,3,1,1,1,6,5,4,1,3,2,9,1,1,1,1,1,6,2,5,4,7,3,3,1,1,8,1,2,2,2,2,9,9,9,9,2,9,9,9,2,2,2,2,2,9,9,9,9,2,1,2,2,1,1,2,2,2,2,2,9,2,1,1,2,2,2,2,2,2,2,1,6,6,6,2,2,2,2,2,5,4,7,2,2,2,6,2,2,2,2,2,2,2,2,2,2,3,3,2,2,2,2,1,1,1,1,1,1,1,1,8,8,8,8,8,8,8,8","0.000961780548095703","walktrap","edit-xhwikibooks.graphml"
"0.01","0.06","0.93","0.380021515373562","1,2,1,1,1,1,1,1,1,1,1,3,1,1,1,6,5,4,1,3,2,9,1,1,1,1,1,6,2,5,4,7,3,3,1,1,8,1,2,2,2,2,9,9,9,9,2,9,9,9,2,2,2,2,2,9,9,9,9,2,1,2,2,1,1,2,2,2,2,2,9,2,1,1,2,2,2,2,2,2,2,1,6,6,6,2,2,2,2,2,5,4,7,2,2,2,6,2,2,2,2,2,2,2,2,2,2,3,3,2,2,2,2,1,1,1,1,1,1,1,1,8,8,8,8,8,8,8,8","0.000927925109863281","walktrap","edit-xhwikibooks.graphml"
"0","0.07","0.93","0.380542444253892","1,9,1,1,1,1,1,1,1,1,1,2,1,1,1,4,3,1,1,2,9,8,1,1,1,1,1,4,1,3,6,5,2,2,1,1,7,1,9,9,9,9,8,8,8,8,9,8,8,8,9,9,9,9,9,8,8,8,8,9,1,9,9,1,1,9,9,9,9,9,8,9,1,1,9,9,9,9,9,9,9,1,4,4,4,1,9,9,9,9,3,6,5,9,9,9,4,9,9,9,9,9,9,9,9,9,9,2,2,9,9,9,9,1,1,1,1,1,1,1,1,7,7,7,7,7,7,7,7","0.00107097625732422","walktrap","edit-xhwikibooks.graphml"
"0.06","0","0.94","0.377013836923213","1,2,1,1,1,1,1,1,1,1,1,3,1,1,1,5,4,1,1,3,2,9,1,1,1,1,1,5,2,4,7,6,3,3,1,1,8,1,2,2,2,2,9,9,9,9,2,9,9,9,2,2,2,2,2,9,9,9,9,2,1,2,2,1,1,2,2,2,2,2,9,2,1,1,2,2,2,2,2,2,2,1,5,5,5,2,2,2,2,2,4,7,6,2,2,2,5,2,2,2,2,2,2,2,2,2,2,3,3,2,2,2,2,1,1,1,1,1,1,1,1,8,8,8,8,8,8,8,8","0.000971078872680664","walktrap","edit-xhwikibooks.graphml"
"0.05","0.01","0.94","0.377013836923213","1,2,1,1,1,1,1,1,1,1,1,3,1,1,1,5,4,1,1,3,2,9,1,1,1,1,1,5,2,4,7,6,3,3,1,1,8,1,2,2,2,2,9,9,9,9,2,9,9,9,2,2,2,2,2,9,9,9,9,2,1,2,2,1,1,2,2,2,2,2,9,2,1,1,2,2,2,2,2,2,2,1,5,5,5,2,2,2,2,2,4,7,6,2,2,2,5,2,2,2,2,2,2,2,2,2,2,3,3,2,2,2,2,1,1,1,1,1,1,1,1,8,8,8,8,8,8,8,8","0.000857114791870117","walktrap","edit-xhwikibooks.graphml"
"0.04","0.02","0.94","0.377142214980053","1,2,1,1,1,1,1,1,1,1,1,3,1,1,1,6,5,4,1,3,2,9,1,1,1,1,1,6,2,5,4,7,3,3,1,1,8,1,2,2,2,2,9,9,9,9,2,9,9,9,2,2,2,2,2,9,9,9,9,2,1,2,2,1,1,2,2,2,2,2,9,2,1,1,2,2,2,2,2,2,2,1,6,6,6,2,2,2,2,2,5,4,7,2,2,2,6,2,2,2,2,2,2,2,2,2,2,3,3,2,2,2,2,1,1,1,1,1,1,1,1,8,8,8,8,8,8,8,8","0.000844001770019531","walktrap","edit-xhwikibooks.graphml"
"0.03","0.03","0.94","0.377040683431059","1,2,1,1,1,1,1,1,1,1,1,3,1,1,1,6,5,4,1,3,2,9,1,1,1,1,1,6,2,5,4,7,3,3,1,1,8,1,2,2,2,2,9,9,9,9,2,9,9,9,2,2,2,2,2,9,9,9,9,2,1,2,2,1,1,2,2,2,2,2,9,2,1,1,2,2,2,2,2,2,2,1,6,6,6,2,2,2,2,2,5,4,7,2,2,2,6,2,2,2,2,2,2,2,2,2,2,3,3,2,2,2,2,1,1,1,1,1,1,1,1,8,8,8,8,8,8,8,8","0.000857114791870117","walktrap","edit-xhwikibooks.graphml"
"0.02","0.04","0.94","0.377040683431059","1,2,1,1,1,1,1,1,1,1,1,3,1,1,1,6,5,4,1,3,2,9,1,1,1,1,1,6,2,5,4,7,3,3,1,1,8,1,2,2,2,2,9,9,9,9,2,9,9,9,2,2,2,2,2,9,9,9,9,2,1,2,2,1,1,2,2,2,2,2,9,2,1,1,2,2,2,2,2,2,2,1,6,6,6,2,2,2,2,2,5,4,7,2,2,2,6,2,2,2,2,2,2,2,2,2,2,3,3,2,2,2,2,1,1,1,1,1,1,1,1,8,8,8,8,8,8,8,8","0.000848054885864258","walktrap","edit-xhwikibooks.graphml"
"0.01","0.05","0.94","0.377142665861525","1,2,1,1,1,1,1,1,1,1,1,3,1,1,1,6,5,4,1,3,2,9,1,1,1,1,1,6,2,5,4,7,3,3,1,1,8,1,2,2,2,2,9,9,9,9,2,9,9,9,2,2,2,2,2,9,9,9,9,2,1,2,2,1,1,2,2,2,2,2,9,2,1,1,2,2,2,2,2,2,2,1,6,6,6,2,2,2,2,2,5,4,7,2,2,2,6,2,2,2,2,2,2,2,2,2,2,3,3,2,2,2,2,1,1,1,1,1,1,1,1,8,8,8,8,8,8,8,8","0.000855922698974609","walktrap","edit-xhwikibooks.graphml"
"0","0.06","0.94","0.377777772471128","1,9,1,1,1,1,1,1,1,1,1,2,1,1,1,4,3,1,1,2,9,8,1,1,1,1,1,4,1,3,6,5,2,2,1,1,7,1,9,9,9,9,8,8,8,8,9,8,8,8,9,9,9,9,9,8,8,8,8,9,1,9,9,1,1,9,9,9,9,9,8,9,1,1,9,9,9,9,9,9,9,1,4,4,4,1,9,9,9,9,3,6,5,9,9,9,4,9,9,9,9,9,9,9,9,9,9,2,2,9,9,9,9,1,1,1,1,1,1,1,1,7,7,7,7,7,7,7,7","0.000850915908813477","walktrap","edit-xhwikibooks.graphml"
"0.05","0","0.95","0.376912314637655","1,2,1,1,1,1,1,1,1,1,1,3,1,1,1,5,4,1,1,3,2,9,1,1,1,1,1,5,2,4,7,6,3,3,1,1,8,1,2,2,2,2,9,9,9,9,2,9,9,9,2,2,2,2,2,9,9,9,9,2,1,2,2,1,1,2,2,2,2,2,9,2,1,1,2,2,2,2,2,2,2,1,5,5,5,2,2,2,2,2,4,7,6,2,2,2,5,2,2,2,2,2,2,2,2,2,2,3,3,2,2,2,2,1,1,1,1,1,1,1,1,8,8,8,8,8,8,8,8","0.000848770141601562","walktrap","edit-xhwikibooks.graphml"
"0.04","0.01","0.95","0.376810842507308","1,2,1,1,1,1,1,1,1,1,1,3,1,1,1,5,4,1,1,3,2,9,1,1,1,1,1,5,2,4,7,6,3,3,1,1,8,1,2,2,2,2,9,9,9,9,2,9,9,9,2,2,2,2,2,9,9,9,9,2,1,2,2,1,1,2,2,2,2,2,9,2,1,1,2,2,2,2,2,2,2,1,5,5,5,2,2,2,2,2,4,7,6,2,2,2,5,2,2,2,2,2,2,2,2,2,2,3,3,2,2,2,2,1,1,1,1,1,1,1,1,8,8,8,8,8,8,8,8","0.000870943069458008","walktrap","edit-xhwikibooks.graphml"
"0.03","0.02","0.95","0.377040683431059","1,2,1,1,1,1,1,1,1,1,1,3,1,1,1,6,5,4,1,3,2,9,1,1,1,1,1,6,2,5,4,7,3,3,1,1,8,1,2,2,2,2,9,9,9,9,2,9,9,9,2,2,2,2,2,9,9,9,9,2,1,2,2,1,1,2,2,2,2,2,9,2,1,1,2,2,2,2,2,2,2,1,6,6,6,2,2,2,2,2,5,4,7,2,2,2,6,2,2,2,2,2,2,2,2,2,2,3,3,2,2,2,2,1,1,1,1,1,1,1,1,8,8,8,8,8,8,8,8","0.000936031341552734","walktrap","edit-xhwikibooks.graphml"
"0.02","0.03","0.95","0.376939202047253","1,2,1,1,1,1,1,1,1,1,1,3,1,1,1,6,5,4,1,3,2,9,1,1,1,1,1,6,2,5,4,7,3,3,1,1,8,1,2,2,2,2,9,9,9,9,2,9,9,9,2,2,2,2,2,9,9,9,9,2,1,2,2,1,1,2,2,2,2,2,9,2,1,1,2,2,2,2,2,2,2,1,6,6,6,2,2,2,2,2,5,4,7,2,2,2,6,2,2,2,2,2,2,2,2,2,2,3,3,2,2,2,2,1,1,1,1,1,1,1,1,8,8,8,8,8,8,8,8","0.000864982604980469","walktrap","edit-xhwikibooks.graphml"
"0.01","0.04","0.95","0.376939202047253","1,2,1,1,1,1,1,1,1,1,1,3,1,1,1,6,5,4,1,3,2,9,1,1,1,1,1,6,2,5,4,7,3,3,1,1,8,1,2,2,2,2,9,9,9,9,2,9,9,9,2,2,2,2,2,9,9,9,9,2,1,2,2,1,1,2,2,2,2,2,9,2,1,1,2,2,2,2,2,2,2,1,6,6,6,2,2,2,2,2,5,4,7,2,2,2,6,2,2,2,2,2,2,2,2,2,2,3,3,2,2,2,2,1,1,1,1,1,1,1,1,8,8,8,8,8,8,8,8","0.000940084457397461","walktrap","edit-xhwikibooks.graphml"
"0","0.05","0.95","0.377473882817985","1,9,1,1,1,1,1,1,1,1,1,2,1,1,1,4,3,1,1,2,9,8,1,1,1,1,1,4,1,3,6,5,2,2,1,1,7,1,9,9,9,9,8,8,8,8,9,8,8,8,9,9,9,9,9,8,8,8,8,9,1,9,9,1,1,9,9,9,9,9,8,9,1,1,9,9,9,9,9,9,9,1,4,4,4,1,9,9,9,9,3,6,5,9,9,9,4,9,9,9,9,9,9,9,9,9,9,2,2,9,9,9,9,1,1,1,1,1,1,1,1,7,7,7,7,7,7,7,7","0.000880002975463867","walktrap","edit-xhwikibooks.graphml"
"0.04","0","0.96","0.372196806560343","1,2,1,1,1,1,1,1,1,1,1,3,1,1,1,5,4,1,1,3,2,9,1,1,1,1,1,5,2,4,7,6,3,3,1,1,8,1,2,2,2,2,9,9,9,9,2,9,9,9,2,2,2,2,2,9,9,9,9,2,1,2,2,1,1,2,2,2,2,2,9,2,1,1,2,2,2,2,2,2,2,1,5,5,5,2,2,2,2,2,4,7,6,2,2,2,5,2,2,2,2,2,2,2,2,2,2,3,3,2,2,2,2,1,1,1,1,1,1,1,1,8,8,8,8,8,8,8,8","0.000874996185302734","walktrap","edit-xhwikibooks.graphml"
"0.03","0.01","0.96","0.372097656852569","1,2,1,1,1,1,1,1,1,1,1,3,1,1,1,5,4,1,1,3,2,9,1,1,1,1,1,5,2,4,7,6,3,3,1,1,8,1,2,2,2,2,9,9,9,9,2,9,9,9,2,2,2,2,2,9,9,9,9,2,1,2,2,1,1,2,2,2,2,2,9,2,1,1,2,2,2,2,2,2,2,1,5,5,5,2,2,2,2,2,4,7,6,2,2,2,5,2,2,2,2,2,2,2,2,2,2,3,3,2,2,2,2,1,1,1,1,1,1,1,1,8,8,8,8,8,8,8,8","0.000859975814819336","walktrap","edit-xhwikibooks.graphml"
"0.02","0.02","0.96","0.372324750509853","1,2,1,1,1,1,1,1,1,1,1,3,1,1,1,6,5,4,1,3,2,9,1,1,1,1,1,6,2,5,4,7,3,3,1,1,8,1,2,2,2,2,9,9,9,9,2,9,9,9,2,2,2,2,2,9,9,9,9,2,1,2,2,1,1,2,2,2,2,2,9,2,1,1,2,2,2,2,2,2,2,1,6,6,6,2,2,2,2,2,5,4,7,2,2,2,6,2,2,2,2,2,2,2,2,2,2,3,3,2,2,2,2,1,1,1,1,1,1,1,1,8,8,8,8,8,8,8,8","0.000863075256347656","walktrap","edit-xhwikibooks.graphml"
"0.01","0.03","0.96","0.372225591971419","1,2,1,1,1,1,1,1,1,1,1,3,1,1,1,6,5,4,1,3,2,9,1,1,1,1,1,6,2,5,4,7,3,3,1,1,8,1,2,2,2,2,9,9,9,9,2,9,9,9,2,2,2,2,2,9,9,9,9,2,1,2,2,1,1,2,2,2,2,2,9,2,1,1,2,2,2,2,2,2,2,1,6,6,6,2,2,2,2,2,5,4,7,2,2,2,6,2,2,2,2,2,2,2,2,2,2,3,3,2,2,2,2,1,1,1,1,1,1,1,1,8,8,8,8,8,8,8,8","0.000861883163452148","walktrap","edit-xhwikibooks.graphml"
"0","0.04","0.96","0.372899626174012","1,9,1,1,1,1,1,1,1,1,1,2,1,1,1,4,3,1,1,2,9,8,1,1,1,1,1,4,1,3,6,5,2,2,1,1,7,1,9,9,9,9,8,8,8,8,9,8,8,8,9,9,9,9,9,8,8,8,8,9,1,9,9,1,1,9,9,9,9,9,8,9,1,1,9,9,9,9,9,9,9,1,4,4,4,1,9,9,9,9,3,6,5,9,9,9,4,9,9,9,9,9,9,9,9,9,9,2,2,9,9,9,9,1,1,1,1,1,1,1,1,7,7,7,7,7,7,7,7","0.000882863998413086","walktrap","edit-xhwikibooks.graphml"
"0.03","0","0.97","0.372097656852569","1,2,1,1,1,1,1,1,1,1,1,3,1,1,1,5,4,1,1,3,2,9,1,1,1,1,1,5,2,4,7,6,3,3,1,1,8,1,2,2,2,2,9,9,9,9,2,9,9,9,2,2,2,2,2,9,9,9,9,2,1,2,2,1,1,2,2,2,2,2,9,2,1,1,2,2,2,2,2,2,2,1,5,5,5,2,2,2,2,2,4,7,6,2,2,2,5,2,2,2,2,2,2,2,2,2,2,3,3,2,2,2,2,1,1,1,1,1,1,1,1,8,8,8,8,8,8,8,8","0.000887870788574219","walktrap","edit-xhwikibooks.graphml"
"0.02","0.01","0.97","0.372225591971419","1,2,1,1,1,1,1,1,1,1,1,3,1,1,1,6,5,4,1,3,2,9,1,1,1,1,1,6,2,5,4,7,3,3,1,1,8,1,2,2,2,2,9,9,9,9,2,9,9,9,2,2,2,2,2,9,9,9,9,2,1,2,2,1,1,2,2,2,2,2,9,2,1,1,2,2,2,2,2,2,2,1,6,6,6,2,2,2,2,2,5,4,7,2,2,2,6,2,2,2,2,2,2,2,2,2,2,3,3,2,2,2,2,1,1,1,1,1,1,1,1,8,8,8,8,8,8,8,8","0.000896930694580078","walktrap","edit-xhwikibooks.graphml"
"0.01","0.02","0.97","0.372225591971419","1,2,1,1,1,1,1,1,1,1,1,3,1,1,1,6,5,4,1,3,2,9,1,1,1,1,1,6,2,5,4,7,3,3,1,1,8,1,2,2,2,2,9,9,9,9,2,9,9,9,2,2,2,2,2,9,9,9,9,2,1,2,2,1,1,2,2,2,2,2,9,2,1,1,2,2,2,2,2,2,2,1,6,6,6,2,2,2,2,2,5,4,7,2,2,2,6,2,2,2,2,2,2,2,2,2,2,3,3,2,2,2,2,1,1,1,1,1,1,1,1,8,8,8,8,8,8,8,8","0.000851869583129883","walktrap","edit-xhwikibooks.graphml"
"0","0.03","0.97","0.372801313066972","1,9,1,1,1,1,1,1,1,1,1,2,1,1,1,4,3,1,1,2,9,8,1,1,1,1,1,4,1,3,6,5,2,2,1,1,7,1,9,9,9,9,8,8,8,8,9,8,8,8,9,9,9,9,9,8,8,8,8,9,1,9,9,1,1,9,9,9,9,9,8,9,1,1,9,9,9,9,9,9,9,1,4,4,4,1,9,9,9,9,3,6,5,9,9,9,4,9,9,9,9,9,9,9,9,9,9,2,2,9,9,9,9,1,1,1,1,1,1,1,1,7,7,7,7,7,7,7,7","0.000883817672729492","walktrap","edit-xhwikibooks.graphml"
"0.02","0","0.98","0.367492004864646","1,2,1,1,1,1,1,1,1,1,1,3,1,1,1,5,4,1,1,3,2,9,1,1,1,1,1,5,2,4,7,6,3,3,1,1,8,1,2,2,2,2,9,9,9,9,2,9,9,9,2,2,2,2,2,9,9,9,9,2,1,2,2,1,1,2,2,2,2,2,9,2,1,1,2,2,2,2,2,2,2,1,5,5,5,2,2,2,2,2,4,7,6,2,2,2,5,2,2,2,2,2,2,2,2,2,2,3,3,2,2,2,2,1,1,1,1,1,1,1,1,8,8,8,8,8,8,8,8","0.000874996185302734","walktrap","edit-xhwikibooks.graphml"
"0.01","0.01","0.98","0.367619533431305","1,2,1,1,1,1,1,1,1,1,1,3,1,1,1,6,5,4,1,3,2,9,1,1,1,1,1,6,2,5,4,7,3,3,1,1,8,1,2,2,2,2,9,9,9,9,2,9,9,9,2,2,2,2,2,9,9,9,9,2,1,2,2,1,1,2,2,2,2,2,9,2,1,1,2,2,2,2,2,2,2,1,6,6,6,2,2,2,2,2,5,4,7,2,2,2,6,2,2,2,2,2,2,2,2,2,2,3,3,2,2,2,2,1,1,1,1,1,1,1,1,8,8,8,8,8,8,8,8","0.000864982604980469","walktrap","edit-xhwikibooks.graphml"
"0","0.02","0.98","0.368329799876227","1,9,1,1,1,1,1,1,1,1,1,2,1,1,1,4,3,1,1,2,9,8,1,1,1,1,1,4,1,3,6,5,2,2,1,1,7,1,9,9,9,9,8,8,8,8,9,8,8,8,9,9,9,9,9,8,8,8,8,9,1,9,9,1,1,9,9,9,9,9,8,9,1,1,9,9,9,9,9,9,9,1,4,4,4,1,9,9,9,9,3,6,5,9,9,9,4,9,9,9,9,9,9,9,9,9,9,2,2,9,9,9,9,1,1,1,1,1,1,1,1,7,7,7,7,7,7,7,7","0.000880956649780273","walktrap","edit-xhwikibooks.graphml"
"0.01","0","0.99","0.367395157590379","1,2,1,1,1,1,1,1,1,1,1,3,1,1,1,5,4,1,1,3,2,9,1,1,1,1,1,5,2,4,7,6,3,3,1,1,8,1,2,2,2,2,9,9,9,9,2,9,9,9,2,2,2,2,2,9,9,9,9,2,1,2,2,1,1,2,2,2,2,2,9,2,1,1,2,2,2,2,2,2,2,1,5,5,5,2,2,2,2,2,4,7,6,2,2,2,5,2,2,2,2,2,2,2,2,2,2,3,3,2,2,2,2,1,1,1,1,1,1,1,1,8,8,8,8,8,8,8,8","0.000870943069458008","walktrap","edit-xhwikibooks.graphml"
"0","0.01","0.99","0.368233688661201","1,9,1,1,1,1,1,1,1,1,1,2,1,1,1,4,3,1,1,2,9,8,1,1,1,1,1,4,1,3,6,5,2,2,1,1,7,1,9,9,9,9,8,8,8,8,9,8,8,8,9,9,9,9,9,8,8,8,8,9,1,9,9,1,1,9,9,9,9,9,8,9,1,1,9,9,9,9,9,9,9,1,4,4,4,1,9,9,9,9,3,6,5,9,9,9,4,9,9,9,9,9,9,9,9,9,9,2,2,9,9,9,9,1,1,1,1,1,1,1,1,7,7,7,7,7,7,7,7","0.000900030136108398","walktrap","edit-xhwikibooks.graphml"
"0","0","1","0.313841476641921","2,2,2,2,1,1,1,2,1,1,1,1,1,1,1,1,1,1,1,1,2,2,1,1,1,1,1,1,2,1,1,1,1,2,1,1,1,1,2,2,2,2,2,2,2,2,2,2,2,2,2,2,2,2,2,2,2,2,2,2,1,2,2,1,1,2,2,2,2,2,2,2,1,1,2,2,2,2,2,2,2,1,1,1,1,2,2,2,2,2,1,1,1,2,2,2,1,2,2,2,2,2,2,2,2,2,2,1,1,2,2,2,2,1,1,1,1,1,1,1,1,1,1,1,1,1,1,1,1","0.00144696235656738","walktrap","edit-xhwikibooks.graphml"
"1","0","0","0.731376691313314","1,1,1,1,1,1,2,1,1,3,2,4,5,6,6,7,3,2,8,4,9,10,5,5,6,6,6,7,1,3,2,8,4,4,11,11,12,6,9,9,9,9,10,10,10,10,9,10,10,10,9,9,9,9,9,10,10,10,10,9,5,9,9,5,6,9,9,9,9,9,10,9,6,6,9,9,9,9,9,9,9,6,7,7,7,1,9,9,9,9,3,2,8,9,9,9,7,9,9,9,9,9,9,9,9,9,9,4,4,4,9,9,9,11,11,11,11,11,11,11,11,12,12,12,12,12,12,12,12","0.0101709365844727","infomap","edit-xhwikibooks.graphml"
"0.99","0.01","0","0","1,1,1,2,3,4,5,6,7,8,9,10,11,12,13,14,15,16,17,18,19,20,21,22,23,24,25,26,27,28,29,30,31,32,33,34,35,36,37,38,39,40,41,42,43,44,45,46,47,48,49,50,51,52,53,54,55,56,57,58,59,60,61,62,63,64,65,66,67,68,69,70,71,72,73,74,75,76,77,78,79,80,81,82,83,84,85,86,87,88,89,90,91,92,93,94,95,96,97,98,99,100,101,102,103,104,105,106,107,108,109,110,111,112,113,114,115,116,117,118,119,120,121,122,123,124,125,126,127","0.00243782997131348","infomap","edit-xhwikibooks.graphml"
"0.98","0.02","0","0","1,1,1,2,3,4,5,6,7,8,9,10,11,12,13,14,15,16,17,18,19,20,21,22,23,24,25,26,27,28,29,30,31,32,33,34,35,36,37,38,39,40,41,42,43,44,45,46,47,48,49,50,51,52,53,54,55,56,57,58,59,60,61,62,63,64,65,66,67,68,69,70,71,72,73,74,75,76,77,78,79,80,81,82,83,84,85,86,87,88,89,90,91,92,93,94,95,96,97,98,99,100,101,102,103,104,105,106,107,108,109,110,111,112,113,114,115,116,117,118,119,120,121,122,123,124,125,126,127","0.00221800804138184","infomap","edit-xhwikibooks.graphml"
"0.97","0.03","0","0.375","1,1,1,2,3,4,5,6,7,8,9,10,11,12,13,14,15,16,17,18,19,20,21,22,23,24,25,26,27,28,29,30,31,32,33,34,35,36,37,38,39,40,41,42,43,44,45,46,47,48,49,50,51,52,53,54,55,56,57,58,59,60,61,62,63,64,65,66,67,68,69,70,71,72,73,74,75,76,77,78,79,80,81,82,83,84,85,86,87,88,89,90,91,92,93,94,95,96,97,98,99,100,101,102,103,104,105,106,107,108,109,110,111,112,113,114,115,116,117,118,119,120,121,122,123,124,125,126,127","0.00214910507202148","infomap","edit-xhwikibooks.graphml"
"0.96","0.04","0","0.375","1,1,1,2,3,4,5,6,7,8,9,10,11,12,13,14,15,16,17,18,19,20,21,22,23,24,25,26,27,28,29,30,31,32,33,34,35,36,37,38,39,40,41,42,43,44,45,46,47,48,49,50,51,52,53,54,55,56,57,58,59,60,61,62,63,64,65,66,67,68,69,70,71,72,73,74,75,76,77,78,79,80,81,82,83,84,85,86,87,88,89,90,91,92,93,94,95,96,97,98,99,100,101,102,103,104,105,106,107,108,109,110,111,112,113,114,115,116,117,118,119,120,121,122,123,124,125,126,127","0.00219297409057617","infomap","edit-xhwikibooks.graphml"
"0.95","0.05","0","0.48","1,1,1,2,3,4,5,6,7,8,9,10,11,12,13,14,15,16,17,18,19,20,21,22,23,24,25,26,27,28,29,30,31,32,33,34,35,36,37,38,39,40,41,42,43,44,45,46,47,48,49,50,51,52,53,54,55,56,57,58,59,60,61,62,63,64,65,66,67,68,69,70,71,72,73,74,75,76,77,78,79,80,81,82,83,84,85,86,87,88,89,90,91,92,93,94,95,96,97,98,99,100,101,102,103,104,105,106,107,108,109,110,111,112,113,114,115,116,117,118,119,120,121,122,123,124,125,126,127","0.00219392776489258","infomap","edit-xhwikibooks.graphml"
"0.94","0.06","0","0.48","1,1,1,2,3,4,5,6,7,8,9,10,11,12,13,14,15,16,17,18,19,20,21,22,23,24,25,26,27,28,29,30,31,32,33,34,35,36,37,38,39,40,41,42,43,44,45,46,47,48,49,50,51,52,53,54,55,56,57,58,59,60,61,62,63,64,65,66,67,68,69,70,71,72,73,74,75,76,77,78,79,80,81,82,83,84,85,86,87,88,89,90,91,92,93,94,95,96,97,98,99,100,101,102,103,104,105,106,107,108,109,110,111,112,113,114,115,116,117,118,119,120,121,122,123,124,125,126,127","0.00226402282714844","infomap","edit-xhwikibooks.graphml"
"0.93","0.07","0","0.5","1,1,1,2,3,4,5,6,7,8,9,10,11,12,13,14,15,16,17,18,19,20,21,22,23,24,25,26,27,28,29,30,31,32,33,34,35,36,37,38,39,40,41,42,43,44,45,46,47,48,49,50,51,52,53,54,55,56,57,58,59,60,61,62,63,64,65,66,67,68,69,70,71,72,73,74,75,76,77,78,79,80,81,82,83,84,85,86,87,88,89,90,91,92,93,94,95,96,97,98,99,100,101,102,103,104,105,106,107,108,109,110,111,112,113,114,115,116,117,118,119,120,121,122,123,124,125,126,127","0.0023651123046875","infomap","edit-xhwikibooks.graphml"
"0.92","0.08","0","0.612244897959184","1,1,1,2,3,4,5,6,7,8,9,10,11,12,13,14,15,16,17,18,19,20,21,22,23,24,25,26,27,28,29,30,31,32,33,34,35,36,37,38,39,40,41,42,43,44,45,46,47,48,49,50,51,52,53,54,55,56,57,58,59,60,61,62,63,64,65,66,67,68,69,70,71,72,73,74,75,76,77,78,79,80,81,82,83,84,85,86,87,88,89,90,91,92,93,94,95,96,97,98,99,100,101,102,103,104,105,106,107,108,109,110,111,112,113,114,115,116,117,118,119,120,121,122,123,124,125,126,127","0.00228190422058105","infomap","edit-xhwikibooks.graphml"
"0.91","0.09","0","0.59375","1,1,1,2,3,4,5,6,7,8,9,10,11,12,13,14,15,16,17,18,19,20,21,22,23,24,25,26,27,28,29,30,31,32,33,34,35,36,37,38,39,40,41,42,43,44,45,46,47,48,49,50,51,52,53,54,55,56,57,58,59,60,61,62,63,64,65,66,67,68,69,70,71,72,73,74,75,76,77,78,79,80,81,82,83,84,85,86,87,88,89,90,91,92,93,94,95,96,97,98,99,100,101,102,103,104,105,106,107,108,109,110,111,112,113,114,115,116,117,118,119,120,121,122,123,124,125,126,127","0.0021660327911377","infomap","edit-xhwikibooks.graphml"
"0.9","0.1","0","0.59375","1,1,1,2,3,4,5,6,7,8,9,10,11,12,13,14,15,16,17,18,19,20,21,22,23,24,25,26,27,28,29,30,31,32,33,34,35,36,37,38,39,40,41,42,43,44,45,46,47,48,49,50,51,52,53,54,55,56,57,58,59,60,61,62,63,64,65,66,67,68,69,70,71,72,73,74,75,76,77,78,79,80,81,82,83,84,85,86,87,88,89,90,91,92,93,94,95,96,97,98,99,100,101,102,103,104,105,106,107,108,109,110,111,112,113,114,115,116,117,118,119,120,121,122,123,124,125,126,127","0.00219297409057617","infomap","edit-xhwikibooks.graphml"
"0.89","0.11","0","0.567901234567901","1,1,1,2,3,4,5,6,7,8,9,10,11,12,13,14,15,16,17,18,19,20,21,22,23,24,25,26,27,28,29,30,31,32,33,34,35,36,37,38,39,40,41,42,43,44,45,46,47,48,49,50,51,52,53,54,55,56,57,58,59,60,61,62,63,64,65,66,67,68,69,70,71,72,73,74,75,76,77,78,79,80,81,82,83,84,85,86,87,88,89,90,91,92,93,94,95,96,97,98,99,100,101,102,103,104,105,106,107,108,109,110,111,112,113,114,115,116,117,118,119,120,121,122,123,124,125,126,127","0.00220799446105957","infomap","edit-xhwikibooks.graphml"
"0.88","0.12","0","0.694214876033058","1,1,1,2,3,4,5,6,7,8,9,10,11,12,13,14,15,16,17,18,19,20,21,22,23,24,25,26,27,28,29,30,31,32,33,34,35,36,37,38,39,40,41,42,43,44,45,46,47,48,49,50,51,52,53,54,55,56,57,58,59,60,61,62,63,64,65,66,67,68,69,70,71,72,73,74,75,76,77,78,79,80,81,82,83,84,85,86,87,88,89,90,91,92,93,94,95,96,97,98,99,100,101,102,103,104,105,106,107,108,109,110,111,112,113,114,115,116,117,118,119,120,121,122,123,124,125,126,127","0.00227785110473633","infomap","edit-xhwikibooks.graphml"
"0.87","0.13","0","0.666666666666667","1,1,1,2,3,4,5,6,7,8,9,10,11,12,13,14,15,16,17,18,19,20,21,22,23,24,25,26,27,28,29,30,31,32,33,34,35,36,37,38,39,40,41,42,43,44,45,46,47,48,49,50,51,52,53,54,55,56,57,58,59,60,61,62,63,64,65,66,67,68,69,70,71,72,73,74,75,76,77,78,79,80,81,82,83,84,85,86,87,88,89,90,91,92,93,94,95,96,97,98,99,100,101,102,103,104,105,106,107,108,109,110,111,112,113,114,115,116,117,118,119,120,121,122,123,124,125,126,127","0.00218415260314941","infomap","edit-xhwikibooks.graphml"
"0.86","0.14","0","0.666666666666667","1,1,1,2,3,4,5,6,7,8,9,10,11,12,13,14,15,16,17,18,19,20,21,22,23,24,25,26,27,28,29,30,31,32,33,34,35,36,37,38,39,40,41,42,43,44,45,46,47,48,49,50,51,52,53,54,55,56,57,58,59,60,61,62,63,64,65,66,67,68,69,70,71,72,73,74,75,76,77,78,79,80,81,82,83,84,85,86,87,88,89,90,91,92,93,94,95,96,97,98,99,100,101,102,103,104,105,106,107,108,109,110,111,112,113,114,115,116,117,118,119,120,121,122,123,124,125,126,127","0.00244498252868652","infomap","edit-xhwikibooks.graphml"
"0.85","0.15","0","0.72","1,1,1,2,3,4,5,6,7,8,9,10,11,12,13,14,15,16,17,18,19,20,21,22,23,24,25,26,27,28,29,30,31,32,33,34,35,36,37,38,39,40,41,42,43,44,45,46,47,48,49,50,51,52,53,54,55,56,57,58,59,60,61,62,63,64,65,66,67,68,69,70,71,72,73,74,75,76,77,78,79,80,81,82,83,84,85,86,87,88,89,90,91,92,93,94,95,96,97,98,99,100,101,102,103,104,105,106,107,108,109,110,111,112,113,114,115,116,117,118,119,120,121,122,123,124,125,126,127","0.00218486785888672","infomap","edit-xhwikibooks.graphml"
"0.84","0.16","0","0.7421875","1,1,1,2,3,4,5,6,7,8,9,10,11,12,13,14,15,16,17,18,19,20,21,22,23,24,25,26,27,28,29,30,31,32,33,34,35,36,37,38,39,40,41,42,43,44,45,46,47,48,49,50,51,52,53,54,55,56,57,58,59,60,61,62,63,64,65,66,67,68,69,70,71,72,73,74,75,76,77,78,79,80,81,82,83,84,85,86,87,88,89,90,91,92,93,94,95,96,97,98,99,100,101,102,103,104,105,106,107,108,109,110,111,112,113,114,115,116,117,118,119,120,121,122,123,124,125,126,127","0.0022120475769043","infomap","edit-xhwikibooks.graphml"
"0.83","0.17","0","0.728395061728395","1,1,1,2,3,4,5,6,7,8,9,10,11,12,13,14,15,16,17,18,19,20,21,22,23,24,25,26,27,28,29,30,31,32,33,33,34,35,36,37,38,39,40,41,42,43,44,45,46,47,48,49,50,51,52,53,54,55,56,57,58,59,60,61,62,63,64,65,66,67,68,69,70,71,72,73,74,75,76,77,78,79,80,81,82,83,84,85,86,87,88,89,90,91,92,93,94,95,96,97,98,99,100,101,102,103,104,105,106,107,108,109,110,111,112,113,114,115,116,117,118,119,120,121,122,123,124,125,126","0.00221014022827148","infomap","edit-xhwikibooks.graphml"
"0.82","0.18","0","0.728395061728395","1,1,1,2,3,4,5,6,7,8,9,10,11,12,13,14,15,16,17,18,19,20,21,22,23,24,25,26,27,28,29,30,31,32,33,33,34,35,36,37,38,39,40,41,42,43,44,45,46,47,48,49,50,51,52,53,54,55,56,57,58,59,60,61,62,63,64,65,66,67,68,69,70,71,72,73,74,75,76,77,78,79,80,81,82,83,84,85,86,87,88,89,90,91,92,93,94,95,96,97,98,99,100,101,102,103,104,105,106,107,108,109,110,111,112,113,114,115,116,117,118,119,120,121,122,123,124,125,126","0.00221014022827148","infomap","edit-xhwikibooks.graphml"
"0.81","0.19","0","0.709141274238227","1,1,1,2,3,4,5,6,7,8,9,10,11,12,13,14,15,16,17,18,19,20,21,22,23,24,25,26,27,28,29,30,31,32,33,33,34,35,36,37,38,39,40,41,42,43,44,45,46,47,48,49,50,51,52,53,54,55,56,57,58,59,60,61,62,63,64,65,66,67,68,69,70,71,72,73,74,75,76,77,78,79,80,81,82,83,84,85,86,87,88,89,90,91,92,93,94,95,96,97,98,99,100,101,102,103,104,105,106,107,108,109,110,111,112,113,114,115,116,117,118,119,120,121,122,123,124,125,126","0.00219988822937012","infomap","edit-xhwikibooks.graphml"
"0.8","0.2","0","0.764462809917355","1,1,1,2,3,4,5,6,7,8,9,10,11,12,13,14,15,16,17,18,19,20,21,22,23,24,25,26,27,28,29,30,31,32,33,33,34,35,36,37,38,39,40,41,42,43,44,45,46,47,48,49,50,51,52,53,54,55,56,57,58,59,60,61,62,63,64,65,66,67,68,69,70,71,72,73,74,75,76,77,78,79,80,81,82,83,84,85,86,87,88,89,90,91,92,93,94,95,96,97,98,99,100,101,102,103,104,105,106,107,108,109,110,111,112,113,114,115,116,117,118,119,120,121,122,123,124,125,126","0.00226593017578125","infomap","edit-xhwikibooks.graphml"
"0.79","0.21","0","0.748582230623818","1,1,1,2,3,4,5,6,7,8,9,10,11,12,13,14,15,16,17,18,19,20,21,22,23,24,25,26,27,28,29,30,31,32,33,33,34,35,36,37,38,39,40,41,42,43,44,45,46,47,48,49,50,51,52,53,54,55,56,57,58,59,60,61,62,63,64,65,66,67,68,69,70,71,72,73,74,75,76,77,78,79,80,81,82,83,84,85,86,87,88,89,90,91,92,93,94,95,96,97,98,99,100,101,102,103,104,105,106,107,108,109,110,111,112,113,114,115,116,117,118,119,120,121,122,123,124,125,126","0.00238800048828125","infomap","edit-xhwikibooks.graphml"
"0.78","0.22","0","0.748582230623818","1,1,1,2,3,4,5,6,7,8,9,10,11,12,13,14,15,16,17,18,19,20,21,22,23,24,25,26,27,28,29,30,31,32,33,33,34,35,36,37,38,39,40,41,42,43,44,45,46,47,48,49,50,51,52,53,54,55,56,57,58,59,60,61,62,63,64,65,66,67,68,69,70,71,72,73,74,75,76,77,78,79,80,81,82,83,84,85,86,87,88,89,90,91,92,93,94,95,96,97,98,99,100,101,102,103,104,105,106,107,108,109,110,111,112,113,114,115,116,117,118,119,120,121,122,123,124,125,126","0.00219488143920898","infomap","edit-xhwikibooks.graphml"
"0.77","0.23","0","0.757396449704142","1,1,1,2,3,4,5,6,7,8,9,10,11,12,13,14,15,16,17,18,19,20,21,22,23,24,25,26,27,28,29,30,31,32,33,33,34,35,36,37,38,39,40,41,42,43,44,45,46,47,48,49,50,51,52,53,54,55,56,57,58,59,60,61,62,63,64,65,66,67,68,69,70,71,72,73,74,75,76,77,78,79,80,81,82,83,84,85,86,87,88,89,90,91,92,93,94,95,96,97,98,99,100,101,102,103,104,105,106,107,108,109,110,111,112,113,114,115,116,117,118,119,120,121,122,123,124,125,126","0.00220990180969238","infomap","edit-xhwikibooks.graphml"
"0.76","0.24","0","0.768175582990398","1,1,1,2,3,4,5,6,7,8,9,10,11,12,13,14,15,16,17,18,19,20,21,22,23,24,25,26,27,28,29,30,31,32,33,33,34,35,36,37,38,39,40,41,42,43,44,45,46,47,48,49,50,51,52,53,54,55,56,57,58,59,60,61,62,63,64,65,66,67,68,69,70,71,72,73,74,75,76,77,78,79,80,81,82,83,84,85,86,87,88,89,90,91,92,93,94,95,96,97,98,99,100,101,102,103,104,105,106,107,108,109,110,111,112,113,114,115,116,117,118,119,120,121,122,123,124,125,126","0.00222301483154297","infomap","edit-xhwikibooks.graphml"
"0.75","0.25","0","0.797086368366285","1,1,1,2,3,4,5,6,7,8,9,10,11,12,13,14,15,16,17,18,19,20,21,22,23,24,25,26,27,28,29,30,31,32,33,33,34,35,36,37,38,39,40,41,42,43,44,45,46,47,48,49,50,51,52,53,54,55,56,57,58,59,60,61,62,63,64,65,66,67,68,69,70,71,72,73,74,75,76,77,78,79,80,81,82,83,84,85,86,87,88,89,90,91,92,93,94,95,96,97,98,99,100,101,102,103,104,105,106,107,108,109,110,111,112,113,114,115,116,117,118,119,120,121,122,123,124,125,126","0.00226712226867676","infomap","edit-xhwikibooks.graphml"
"0.74","0.26","0","0.797086368366285","1,1,1,2,3,4,5,6,7,8,9,10,11,12,13,14,15,16,17,18,19,20,21,22,23,24,25,26,27,28,29,30,31,32,33,33,34,35,36,37,38,39,40,41,42,43,44,45,46,47,48,49,50,51,52,53,54,55,56,57,58,59,60,61,62,63,64,65,66,67,68,69,70,71,72,73,74,75,76,77,78,79,80,81,82,83,84,85,86,87,88,89,90,91,92,93,94,95,96,97,98,99,100,101,102,103,104,105,106,107,108,109,110,111,112,113,114,115,116,117,118,119,120,121,122,123,124,125,126","0.0023038387298584","infomap","edit-xhwikibooks.graphml"
"0.73","0.27","0","0.797086368366285","1,1,1,2,3,4,5,6,7,8,9,10,11,12,13,14,15,16,17,18,19,20,21,22,23,24,25,26,27,28,29,30,31,32,33,33,34,35,36,37,38,39,40,41,42,43,44,45,46,47,48,49,50,51,52,53,54,55,56,57,58,59,60,61,62,63,64,65,66,67,68,69,70,71,72,73,74,75,76,77,78,79,80,81,82,83,84,85,86,87,88,89,90,91,92,93,94,95,96,97,98,99,100,101,102,103,104,105,106,107,108,109,110,111,112,113,114,115,116,117,118,119,120,121,122,123,124,125,126","0.00244498252868652","infomap","edit-xhwikibooks.graphml"
"0.72","0.28","0","0.78515625","1,1,1,2,3,4,5,6,7,8,9,10,11,12,13,14,15,16,17,18,19,20,21,22,23,24,25,26,27,28,29,30,31,32,33,33,34,35,36,37,38,39,40,41,42,43,44,45,46,47,48,49,50,51,52,53,54,55,56,57,58,59,60,61,62,63,64,65,66,67,68,69,70,71,72,73,74,75,76,77,78,79,80,81,82,83,84,85,86,87,88,89,90,91,92,93,94,95,96,97,98,99,100,101,102,103,104,105,106,107,108,109,110,111,112,113,114,115,116,117,118,119,120,121,122,123,124,125,126","0.00221395492553711","infomap","edit-xhwikibooks.graphml"
"0.71","0.29","0","0.799307958477509","1,1,1,2,3,4,5,6,7,8,9,10,11,12,13,14,15,16,17,18,19,20,21,22,23,24,25,26,27,28,29,30,31,32,33,33,34,35,36,37,38,39,40,41,42,43,44,45,46,47,48,49,50,51,52,53,54,55,56,57,58,59,60,61,62,63,64,65,66,67,68,69,70,71,72,73,74,75,76,77,78,79,80,81,82,83,84,85,86,87,88,89,90,91,92,93,94,95,96,97,98,99,100,101,102,103,104,105,106,107,108,109,110,111,112,113,114,115,116,117,118,119,120,121,122,123,124,125,126","0.00221800804138184","infomap","edit-xhwikibooks.graphml"
"0.7","0.3","0","0.788571428571428","1,1,1,2,3,4,5,6,7,8,9,10,11,12,13,14,15,16,17,18,19,20,21,22,23,24,25,26,27,28,29,30,31,32,33,33,34,35,36,37,38,39,40,41,42,43,44,45,46,47,48,49,50,51,52,53,54,55,56,57,58,59,60,61,62,63,64,65,66,67,68,69,70,71,72,73,74,75,76,77,78,79,80,81,82,83,84,85,86,87,88,89,90,91,92,93,94,95,96,97,98,99,100,101,102,103,104,105,106,107,108,109,110,111,112,113,114,115,116,117,118,119,120,121,122,123,124,125,126","0.00223183631896973","infomap","edit-xhwikibooks.graphml"
"0.69","0.31","0","0.794753086419753","1,1,1,2,3,4,5,6,7,8,9,10,11,12,13,14,15,16,17,18,19,20,21,22,23,24,25,26,27,28,29,30,31,32,33,33,34,35,36,37,38,39,40,41,42,43,44,45,46,47,48,49,50,51,52,53,54,55,56,57,58,59,60,61,62,63,64,65,66,67,68,69,70,71,72,73,74,75,76,77,78,79,80,81,82,83,84,85,86,87,88,89,90,91,92,93,94,95,96,97,98,99,100,101,102,103,104,105,106,107,108,109,110,111,112,113,114,115,116,117,118,119,120,121,122,123,124,125,126","0.00232315063476562","infomap","edit-xhwikibooks.graphml"
"0.68","0.32","0","0.784514243973703","1,1,1,2,3,4,5,6,7,8,9,10,11,12,13,14,15,16,17,18,19,20,21,22,23,24,25,26,27,28,29,30,31,32,33,33,34,35,36,37,38,39,40,41,42,43,44,45,46,47,48,49,50,51,52,53,54,55,56,57,58,59,60,61,62,63,64,65,66,67,68,69,70,71,72,73,74,75,76,77,78,79,80,81,82,83,84,85,86,87,88,89,90,91,92,93,94,95,96,97,98,99,100,101,102,103,104,105,106,107,108,109,110,111,112,113,114,115,116,117,118,119,120,121,122,123,124,125,126","0.00220084190368652","infomap","edit-xhwikibooks.graphml"
"0.67","0.33","0","0.784514243973703","1,1,1,2,3,4,5,6,7,8,9,10,11,12,13,14,15,16,17,18,19,20,21,22,23,24,25,26,27,28,29,30,31,32,33,33,34,35,36,37,38,39,40,41,42,43,44,45,46,47,48,49,50,51,52,53,54,55,56,57,58,59,60,61,62,63,64,65,66,67,68,69,70,71,72,73,74,75,76,77,78,79,80,81,82,83,84,85,86,87,88,89,90,91,92,93,94,95,96,97,98,99,100,101,102,103,104,105,106,107,108,109,110,111,112,113,114,115,116,117,118,119,120,121,122,123,124,125,126","0.00221014022827148","infomap","edit-xhwikibooks.graphml"
"0.66","0.34","0","0.83374866500534","1,1,1,2,3,4,5,6,7,8,9,10,11,12,12,13,14,15,16,17,18,19,20,21,22,23,24,25,26,27,28,29,30,31,32,33,34,35,36,37,38,39,40,41,42,43,44,45,46,47,48,49,50,51,52,53,54,55,56,57,58,59,60,61,62,63,64,65,66,67,68,69,70,71,72,73,74,75,76,77,78,79,80,81,82,83,84,85,86,87,88,89,90,91,92,93,94,95,96,97,98,99,100,101,102,103,104,105,106,107,108,109,110,111,112,113,114,115,116,117,118,119,120,121,122,123,124,125,126","0.00260615348815918","infomap","edit-xhwikibooks.graphml"
"0.65","0.35","0","0.83374866500534","1,1,1,2,3,4,5,6,7,8,9,10,11,12,12,13,14,15,16,17,18,19,20,21,22,23,24,25,26,27,28,29,30,31,32,33,34,35,36,37,38,39,40,41,42,43,44,45,46,47,48,49,50,51,52,53,54,55,56,57,58,59,60,61,62,63,64,65,66,67,68,69,70,71,72,73,74,75,76,77,78,79,80,81,82,83,84,85,86,87,88,89,90,91,92,93,94,95,96,97,98,99,100,101,102,103,104,105,106,107,108,109,110,111,112,113,114,115,116,117,118,119,120,121,122,123,124,125,126","0.002288818359375","infomap","edit-xhwikibooks.graphml"
"0.64","0.36","0","0.827846364883402","1,1,1,2,3,4,5,6,7,8,9,10,11,12,12,13,14,15,16,17,18,19,20,21,22,23,24,25,26,27,28,29,30,31,32,33,34,35,36,37,38,39,40,41,42,43,44,45,46,47,48,49,50,51,52,53,54,55,56,57,58,59,60,61,62,63,64,65,66,67,68,69,70,71,72,73,74,75,76,77,78,79,80,81,82,83,84,85,86,87,88,89,90,91,92,93,94,95,96,97,98,99,100,101,102,103,104,105,106,107,108,109,110,111,112,113,114,115,116,117,118,119,120,121,122,123,124,125,126","0.00227999687194824","infomap","edit-xhwikibooks.graphml"
"0.63","0.37","0","0.827846364883402","1,1,1,2,3,4,5,6,7,8,9,10,11,12,12,13,14,15,16,17,18,19,20,21,22,23,24,25,26,27,28,29,30,31,32,33,34,35,36,37,38,39,40,41,42,43,44,45,46,47,48,49,50,51,52,53,54,55,56,57,58,59,60,61,62,63,64,65,66,67,68,69,70,71,72,73,74,75,76,77,78,79,80,81,82,83,84,85,86,87,88,89,90,91,92,93,94,95,96,97,98,99,100,101,102,103,104,105,106,107,108,109,110,111,112,113,114,115,116,117,118,119,120,121,122,123,124,125,126","0.00230598449707031","infomap","edit-xhwikibooks.graphml"
"0.62","0.38","0","0.821818181818182","1,1,1,2,3,4,5,6,7,8,9,10,11,12,12,13,14,15,16,17,18,19,20,21,22,23,24,25,26,27,28,29,30,31,32,33,34,35,36,37,38,39,40,41,42,43,44,45,46,47,48,49,50,51,52,53,54,55,56,57,58,59,60,61,62,63,64,65,66,67,68,69,70,71,72,73,74,75,76,77,78,79,80,81,82,83,84,85,86,87,88,89,90,91,92,93,94,95,96,97,98,99,100,101,102,103,104,105,106,107,108,109,110,111,112,113,114,115,116,117,118,119,120,121,122,123,124,125,126","0.00231409072875977","infomap","edit-xhwikibooks.graphml"
"0.61","0.39","0","0.824617346938776","1,1,1,2,3,4,5,6,7,8,9,10,11,12,12,13,14,15,16,17,18,19,20,21,22,23,24,25,26,27,28,29,30,31,32,33,34,35,36,37,38,39,40,41,42,43,44,45,46,47,48,49,50,51,52,53,54,55,56,57,58,59,60,61,62,63,64,65,66,67,68,69,70,71,72,73,74,75,76,77,78,79,80,81,82,83,84,85,86,87,88,89,90,91,92,93,94,95,96,97,98,99,100,101,102,103,104,105,106,107,108,109,110,111,112,113,114,115,116,117,118,119,120,121,122,123,124,125,126","0.00232195854187012","infomap","edit-xhwikibooks.graphml"
"0.6","0.4","0","0.828333333333334","1,1,1,2,3,4,5,6,7,8,9,10,11,12,12,13,14,15,16,17,18,19,20,21,22,23,24,25,26,27,28,29,30,31,32,33,34,35,36,37,38,39,40,41,42,43,44,45,46,47,48,49,50,51,52,53,54,55,56,57,58,59,60,61,62,63,64,65,66,67,68,69,70,71,72,73,74,75,76,77,78,79,80,81,82,83,84,85,86,87,88,89,90,91,92,93,94,95,96,97,98,99,100,101,102,103,104,105,106,107,108,109,110,111,112,113,114,115,116,117,118,119,120,121,122,123,124,125,126","0.00245308876037598","infomap","edit-xhwikibooks.graphml"
"0.59","0.41","0","0.828333333333334","1,1,1,2,3,4,5,6,7,8,9,10,11,12,12,13,14,15,16,17,18,19,20,21,22,23,24,25,26,27,28,29,30,31,32,33,34,35,36,37,38,39,40,41,42,43,44,45,46,47,48,49,50,51,52,53,54,55,56,57,58,59,60,61,62,63,64,65,66,67,68,69,70,71,72,73,74,75,76,77,78,79,80,81,82,83,84,85,86,87,88,89,90,91,92,93,94,95,96,97,98,99,100,101,102,103,104,105,106,107,108,109,110,111,112,113,114,115,116,117,118,119,120,121,122,123,124,125,126","0.00240397453308105","infomap","edit-xhwikibooks.graphml"
"0.58","0.42","0","0.822897070679925","1,1,1,2,3,4,5,6,7,8,9,10,11,12,12,13,14,15,16,17,18,19,20,21,22,23,24,25,26,27,28,29,30,31,32,33,34,35,36,37,38,39,40,41,42,43,44,45,46,47,48,49,50,51,52,53,54,55,56,57,58,59,60,61,62,63,64,65,66,67,68,69,70,71,72,73,74,75,76,77,78,79,80,81,82,83,84,85,86,87,88,89,90,91,92,93,94,95,96,97,98,99,100,101,102,103,104,105,106,107,108,109,110,111,112,113,114,115,116,117,118,119,120,121,122,123,124,125,126","0.00242495536804199","infomap","edit-xhwikibooks.graphml"
"0.57","0.43","0","0.828420256991685","1,1,1,2,3,4,5,6,7,8,9,10,11,12,12,13,14,15,16,17,18,19,20,21,22,23,24,25,26,27,28,29,30,31,32,33,34,35,36,37,38,39,40,41,42,43,44,45,46,47,48,49,50,51,52,53,54,55,56,57,58,59,60,61,62,63,64,65,66,67,68,69,70,71,72,73,74,75,76,77,78,79,80,81,82,83,84,85,86,87,88,89,90,91,92,93,94,95,96,97,98,99,100,101,102,103,104,105,106,107,108,109,110,111,112,113,114,115,116,117,118,119,120,121,122,123,124,125,126","0.00242877006530762","infomap","edit-xhwikibooks.graphml"
"0.56","0.44","0","0.8232421875","1,1,1,2,3,4,5,6,7,8,9,10,11,12,12,13,14,15,16,17,18,19,20,21,22,23,24,25,26,27,28,29,30,31,32,33,34,35,36,37,38,39,40,41,42,43,44,45,46,47,48,49,50,51,52,53,54,55,56,57,58,59,60,61,62,63,64,65,66,67,68,69,70,71,72,73,74,75,76,77,78,79,80,81,82,83,84,85,86,87,88,89,90,91,92,93,94,95,96,97,98,99,100,101,102,103,104,105,106,107,108,109,110,111,112,113,114,115,116,117,118,119,120,121,122,123,124,125,126","0.00250506401062012","infomap","edit-xhwikibooks.graphml"
"0.55","0.45","0","0.829201101928375","1,1,1,2,3,4,5,6,7,8,9,10,11,12,12,13,14,15,16,17,18,19,20,21,22,23,24,25,26,27,28,29,30,31,32,33,34,35,36,37,38,39,40,41,42,43,44,45,46,47,48,49,50,51,52,53,54,55,56,57,58,59,60,61,62,63,64,65,66,67,68,69,70,71,72,73,74,75,76,77,78,79,80,81,82,83,84,85,86,87,88,89,90,91,92,93,94,95,96,97,98,99,100,101,102,103,104,105,106,107,108,109,110,111,112,113,114,115,116,117,118,119,120,121,122,123,124,125,126","0.00248599052429199","infomap","edit-xhwikibooks.graphml"
"0.54","0.46","0","0.824237023836044","1,1,1,2,3,4,5,6,7,8,9,10,11,12,12,13,14,15,16,17,18,19,20,21,22,23,24,25,26,27,28,29,30,31,32,33,34,35,36,37,38,39,40,41,42,43,44,45,46,47,48,49,50,51,52,53,54,55,56,57,58,59,60,61,62,63,64,65,66,67,68,69,70,71,72,73,74,75,76,77,78,79,80,81,82,83,84,85,86,87,88,89,90,91,92,93,94,95,96,97,98,99,100,101,102,103,104,105,106,107,108,109,110,111,112,113,114,115,116,117,118,119,120,121,122,123,124,125,126","0.00242400169372559","infomap","edit-xhwikibooks.graphml"
"0.53","0.47","0","0.826557093425605","1,1,1,2,3,4,5,6,7,8,9,10,11,12,12,13,14,15,16,17,18,19,20,21,22,23,24,25,26,27,28,29,30,31,32,33,34,35,36,37,38,39,40,41,42,43,44,45,46,47,48,49,50,51,52,53,54,55,56,57,58,59,60,61,62,63,64,65,66,67,68,69,70,71,72,73,74,75,76,77,78,79,80,81,82,83,84,85,86,87,88,89,90,91,92,93,94,95,96,97,98,99,100,101,102,103,104,105,106,107,108,109,110,111,112,113,114,115,116,117,118,119,120,121,122,123,124,125,126","0.00240206718444824","infomap","edit-xhwikibooks.graphml"
"0.52","0.48","0","0.821676118462508","1,1,1,2,3,4,5,6,7,8,9,10,11,12,12,13,14,15,16,17,18,19,20,21,22,23,24,25,26,27,28,29,30,31,32,33,34,35,36,37,38,39,40,41,42,43,44,45,46,47,48,49,50,51,52,53,54,55,56,57,58,59,60,61,62,63,64,65,66,67,68,69,70,71,72,73,74,75,76,77,78,79,80,81,82,83,84,85,86,87,88,89,90,91,92,93,94,95,96,97,98,99,100,101,102,103,104,105,106,107,108,109,110,111,112,113,114,115,116,117,118,119,120,121,122,123,124,125,126","0.00242400169372559","infomap","edit-xhwikibooks.graphml"
"0.51","0.49","0","0.821676118462508","1,1,1,2,3,4,5,6,7,8,9,10,11,12,12,13,14,15,16,17,18,19,20,21,22,23,24,25,26,27,28,29,30,31,32,33,34,35,36,37,38,39,40,41,42,43,44,45,46,47,48,49,50,51,52,53,54,55,56,57,58,59,60,61,62,63,64,65,66,67,68,69,70,71,72,73,74,75,76,77,78,79,80,81,82,83,84,85,86,87,88,89,90,91,92,93,94,95,96,97,98,99,100,101,102,103,104,105,106,107,108,109,110,111,112,113,114,115,116,117,118,119,120,121,122,123,124,125,126","0.00245499610900879","infomap","edit-xhwikibooks.graphml"
"0.5","0.5","0","0.873686200378072","1,1,1,2,3,4,5,6,7,8,9,10,11,11,11,12,13,14,15,16,17,18,19,6,20,20,20,21,22,23,24,25,26,27,28,29,30,31,32,33,34,35,36,37,38,39,40,41,42,43,44,45,46,47,48,49,50,51,52,53,54,55,56,57,58,59,60,61,62,63,64,65,66,67,68,69,70,71,72,73,74,75,76,77,78,79,80,81,82,83,84,85,86,87,88,89,90,91,92,93,94,95,96,97,98,99,100,101,102,103,104,105,106,107,108,109,107,107,107,107,107,110,111,112,113,114,115,116,117","0.00261402130126953","infomap","edit-xhwikibooks.graphml"
"0.49","0.51","0","0.873686200378072","1,1,1,2,3,4,5,6,7,8,9,10,11,11,11,12,13,14,15,16,17,18,19,6,20,20,20,21,22,23,24,25,26,27,28,29,30,31,32,33,34,35,36,37,38,39,40,41,42,43,44,45,46,47,48,49,50,51,52,53,54,55,56,57,58,59,60,61,62,63,64,65,66,67,68,69,70,71,72,73,74,75,76,77,78,79,80,81,82,83,84,85,86,87,88,89,90,91,92,93,94,95,96,97,98,99,100,101,102,103,104,105,106,107,108,109,107,107,107,107,107,110,111,112,113,114,115,116,117","0.00263214111328125","infomap","edit-xhwikibooks.graphml"
"0.48","0.52","0","0.873686200378072","1,1,1,2,3,4,5,6,7,8,9,10,11,11,11,12,13,14,15,16,17,18,19,6,20,20,20,21,22,23,24,25,26,27,28,29,30,31,32,33,34,35,36,37,38,39,40,41,42,43,44,45,46,47,48,49,50,51,52,53,54,55,56,57,58,59,60,61,62,63,64,65,66,67,68,69,70,71,72,73,74,75,76,77,78,79,80,81,82,83,84,85,86,87,88,89,90,91,92,93,94,95,96,97,98,99,100,101,102,103,104,105,106,107,108,109,107,107,107,107,107,110,111,112,113,114,115,116,117","0.00258994102478027","infomap","edit-xhwikibooks.graphml"
"0.47","0.53","0","0.871990190249703","1,1,1,2,3,4,5,6,7,8,9,10,11,11,11,12,13,14,15,16,17,18,19,6,20,20,20,21,22,23,24,25,26,27,28,29,30,31,32,33,34,35,36,37,38,39,40,41,42,43,44,45,46,47,48,49,50,51,52,53,54,55,56,57,58,59,60,61,62,63,64,65,66,67,68,69,70,71,72,73,74,75,76,77,78,79,80,81,82,83,84,85,86,87,88,89,90,91,92,93,94,95,96,97,98,99,100,101,102,103,104,105,106,107,108,109,107,107,107,107,107,110,111,112,113,114,115,116,117","0.00255799293518066","infomap","edit-xhwikibooks.graphml"
"0.46","0.54","0","0.873000219154066","1,1,1,2,3,4,5,6,7,8,9,10,11,11,11,12,13,14,15,16,17,18,19,6,20,20,20,21,22,23,24,25,26,27,28,29,30,31,32,33,34,35,36,37,38,39,40,41,42,43,44,45,46,47,48,49,50,51,52,53,54,55,56,57,58,59,60,61,62,63,64,65,66,67,68,69,70,71,72,73,74,75,76,77,78,79,80,81,82,83,84,85,86,87,88,89,90,91,92,93,94,95,96,97,98,99,100,101,102,103,104,105,106,107,108,109,107,107,107,107,107,110,111,112,113,114,115,116,117","0.00252389907836914","infomap","edit-xhwikibooks.graphml"
"0.45","0.55","0","0.87126544096524","1,1,1,2,3,4,5,6,7,8,9,10,11,11,11,12,13,14,15,16,17,18,19,6,20,20,20,21,22,23,24,25,26,27,28,29,30,31,32,33,34,35,36,37,38,39,40,41,42,43,44,45,46,47,48,49,50,51,52,53,54,55,56,57,58,59,60,61,62,63,64,65,66,67,68,69,70,71,72,73,74,75,76,77,78,79,80,81,82,83,84,85,86,87,88,89,90,91,92,93,94,95,96,97,98,99,100,101,102,103,104,105,106,107,108,109,107,107,107,107,107,110,111,112,113,114,115,116,117","0.00264811515808105","infomap","edit-xhwikibooks.graphml"
"0.44","0.56","0","0.873645833333333","1,1,1,2,3,4,5,6,7,8,9,10,11,11,11,12,13,14,15,16,17,18,19,6,20,20,20,21,22,23,24,25,26,27,28,29,30,31,32,33,34,35,36,37,38,39,40,41,42,43,44,45,46,47,48,49,50,51,52,53,54,55,56,57,58,59,60,61,62,63,64,65,66,67,68,69,70,71,72,73,74,75,76,77,78,79,80,81,82,83,84,85,86,87,88,89,90,91,92,93,94,95,96,97,98,99,100,101,102,103,104,105,106,107,108,109,107,107,107,107,107,110,111,112,113,114,115,116,117","0.00263500213623047","infomap","edit-xhwikibooks.graphml"
"0.43","0.57","0","0.871900826446281","1,1,1,2,3,4,5,6,7,8,9,10,11,11,11,12,13,14,15,16,17,18,19,6,20,20,20,21,22,23,24,25,26,27,28,29,30,31,32,33,34,35,36,37,38,39,40,41,42,43,44,45,46,47,48,49,50,51,52,53,54,55,56,57,58,59,60,61,62,63,64,65,66,67,68,69,70,71,72,73,74,75,76,77,78,79,80,81,82,83,84,85,86,87,88,89,90,91,92,93,94,95,96,97,98,99,100,101,102,103,104,105,106,107,108,109,107,107,107,107,107,110,111,112,113,114,115,116,117","0.00253796577453613","infomap","edit-xhwikibooks.graphml"
"0.42","0.58","0","0.873851543393483","1,1,1,2,3,4,5,6,7,8,9,10,11,11,11,12,13,14,15,16,17,18,19,6,20,20,20,21,22,23,24,25,26,27,28,29,30,31,32,33,34,35,36,37,38,39,40,41,42,43,44,45,46,47,48,49,50,51,52,53,54,55,56,57,58,59,60,61,62,63,64,65,66,67,68,69,70,71,72,73,74,75,76,77,78,79,80,81,82,83,84,85,86,87,88,89,90,91,92,93,94,95,96,97,98,99,100,101,102,103,104,105,106,107,108,109,107,107,107,107,107,110,111,112,113,114,115,116,117","0.002593994140625","infomap","edit-xhwikibooks.graphml"
"0.41","0.59","0","0.872105879292403","1,1,1,2,3,4,5,6,7,8,9,10,11,11,11,12,13,14,15,16,17,18,19,6,20,20,20,21,22,23,24,25,26,27,28,29,30,31,32,33,34,35,36,37,38,39,40,41,42,43,44,45,46,47,48,49,50,51,52,53,54,55,56,57,58,59,60,61,62,63,64,65,66,67,68,69,70,71,72,73,74,75,76,77,78,79,80,81,82,83,84,85,86,87,88,89,90,91,92,93,94,95,96,97,98,99,100,101,102,103,104,105,106,107,108,109,107,107,107,107,107,110,111,112,113,114,115,116,117","0.0025479793548584","infomap","edit-xhwikibooks.graphml"
"0.4","0.6","0","0.8751007502015","1,1,1,2,3,4,5,6,7,8,9,10,11,11,11,12,13,14,15,16,17,18,19,6,20,20,20,21,22,23,24,25,26,27,28,29,30,31,32,33,34,35,36,37,38,39,40,41,42,43,44,45,46,47,48,49,50,51,52,53,54,55,56,57,58,59,60,61,62,63,64,65,66,67,68,69,70,71,72,73,74,75,76,77,78,79,80,81,82,83,84,85,86,87,88,89,90,91,92,93,94,95,96,97,98,99,100,101,102,103,104,105,106,107,108,109,107,107,107,107,107,110,111,112,113,114,115,116,117","0.00258779525756836","infomap","edit-xhwikibooks.graphml"
"0.39","0.61","0","0.873382568359375","1,1,1,2,3,4,5,6,7,8,9,10,11,11,11,12,13,14,15,16,17,18,19,6,20,20,20,21,22,23,24,25,26,27,28,29,30,31,32,33,34,35,36,37,38,39,40,41,42,43,44,45,46,47,48,49,50,51,52,53,54,55,56,57,58,59,60,61,62,63,64,65,66,67,68,69,70,71,72,73,74,75,76,77,78,79,80,81,82,83,84,85,86,87,88,89,90,91,92,93,94,95,96,97,98,99,100,101,102,103,104,105,106,107,108,109,107,107,107,107,107,110,111,112,113,114,115,116,117","0.00258278846740723","infomap","edit-xhwikibooks.graphml"
"0.38","0.62","0","0.874256354786371","1,1,1,2,3,4,5,6,7,8,9,10,11,11,11,12,13,14,15,16,17,18,19,6,20,20,20,21,22,23,24,25,26,27,28,29,30,31,32,33,34,35,36,37,38,39,40,41,42,43,44,45,46,47,48,49,50,51,52,53,54,55,56,57,58,59,60,61,62,63,64,65,66,67,68,69,70,71,72,73,74,75,76,77,78,79,80,81,82,83,84,85,86,87,88,89,90,91,92,93,94,95,96,97,98,99,100,101,102,103,104,105,106,107,108,109,107,107,107,107,107,110,111,112,113,114,115,116,117","0.00244903564453125","infomap","edit-xhwikibooks.graphml"
"0.37","0.63","0","0.872514792899408","1,1,1,2,3,4,5,6,7,8,9,10,11,11,11,12,13,14,15,16,17,18,19,6,20,20,20,21,22,23,24,25,26,27,28,29,30,31,32,33,34,35,36,37,38,39,40,41,42,43,44,45,46,47,48,49,50,51,52,53,54,55,56,57,58,59,60,61,62,63,64,65,66,67,68,69,70,71,72,73,74,75,76,77,78,79,80,81,82,83,84,85,86,87,88,89,90,91,92,93,94,95,96,97,98,99,100,101,102,103,104,105,106,107,108,109,107,107,107,107,107,110,111,112,113,114,115,116,117","0.00226593017578125","infomap","edit-xhwikibooks.graphml"
"0.36","0.64","0","0.872514792899408","1,1,1,2,3,4,5,6,7,8,9,10,11,11,11,12,13,14,15,16,17,18,19,6,20,20,20,21,22,23,24,25,26,27,28,29,30,31,32,33,34,35,36,37,38,39,40,41,42,43,44,45,46,47,48,49,50,51,52,53,54,55,56,57,58,59,60,61,62,63,64,65,66,67,68,69,70,71,72,73,74,75,76,77,78,79,80,81,82,83,84,85,86,87,88,89,90,91,92,93,94,95,96,97,98,99,100,101,102,103,104,105,106,107,108,109,107,107,107,107,107,110,111,112,113,114,115,116,117","0.00241208076477051","infomap","edit-xhwikibooks.graphml"
"0.35","0.65","0","0.870724316764758","1,1,1,2,3,4,5,6,7,8,9,10,11,11,11,12,13,14,15,16,17,18,19,6,20,20,20,21,22,23,24,25,26,27,28,29,30,31,32,33,34,35,36,37,38,39,40,41,42,43,44,45,46,47,48,49,50,51,52,53,54,55,56,57,58,59,60,61,62,63,64,65,66,67,68,69,70,71,72,73,74,75,76,77,78,79,80,81,82,83,84,85,86,87,88,89,90,91,92,93,94,95,96,97,98,99,100,101,102,103,104,105,106,107,108,109,107,107,107,107,107,110,111,112,113,114,115,116,117","0.00228095054626465","infomap","edit-xhwikibooks.graphml"
"0.34","0.66","0","0.870724316764758","1,1,1,2,3,4,5,6,7,8,9,10,11,11,11,12,13,14,15,16,17,18,19,6,20,20,20,21,22,23,24,25,26,27,28,29,30,31,32,33,34,35,36,37,38,39,40,41,42,43,44,45,46,47,48,49,50,51,52,53,54,55,56,57,58,59,60,61,62,63,64,65,66,67,68,69,70,71,72,73,74,75,76,77,78,79,80,81,82,83,84,85,86,87,88,89,90,91,92,93,94,95,96,97,98,99,100,101,102,103,104,105,106,107,108,109,107,107,107,107,107,110,111,112,113,114,115,116,117","0.00231099128723145","infomap","edit-xhwikibooks.graphml"
"0.33","0.67","0","0.867694016382063","1,1,1,2,3,4,5,6,7,8,9,10,11,11,12,13,14,15,16,17,18,19,20,6,21,21,21,22,23,24,25,26,27,28,29,30,31,32,33,34,35,36,37,38,39,40,41,42,43,44,45,46,47,48,49,50,51,52,53,54,55,56,57,58,59,60,61,62,63,64,65,66,67,68,69,70,71,72,73,74,75,76,77,78,79,80,81,82,83,84,85,86,87,88,89,90,91,92,93,94,95,96,97,98,99,100,101,102,103,104,105,106,107,108,109,110,108,108,108,108,108,111,112,113,114,115,116,117,118","0.00241303443908691","infomap","edit-xhwikibooks.graphml"
"0.32","0.68","0","0.867694016382063","1,1,1,2,3,4,5,6,7,8,9,10,11,11,12,13,14,15,16,17,18,19,20,6,21,21,21,22,23,24,25,26,27,28,29,30,31,32,33,34,35,36,37,38,39,40,41,42,43,44,45,46,47,48,49,50,51,52,53,54,55,56,57,58,59,60,61,62,63,64,65,66,67,68,69,70,71,72,73,74,75,76,77,78,79,80,81,82,83,84,85,86,87,88,89,90,91,92,93,94,95,96,97,98,99,100,101,102,103,104,105,106,107,108,109,110,108,108,108,108,108,111,112,113,114,115,116,117,118","0.00264811515808105","infomap","edit-xhwikibooks.graphml"
"0.31","0.69","0","0.866234477720965","1,1,1,2,3,4,5,6,7,8,9,10,11,11,12,13,14,15,16,17,18,19,20,6,21,21,21,22,23,24,25,26,27,28,29,30,31,32,33,34,35,36,37,38,39,40,41,42,43,44,45,46,47,48,49,50,51,52,53,54,55,56,57,58,59,60,61,62,63,64,65,66,67,68,69,70,71,72,73,74,75,76,77,78,79,80,81,82,83,84,85,86,87,88,89,90,91,92,93,94,95,96,97,98,99,100,101,102,103,104,105,106,107,108,109,110,108,108,108,108,108,111,112,113,114,115,116,117,118","0.00242805480957031","infomap","edit-xhwikibooks.graphml"
"0.3","0.7","0","0.866987973514707","1,1,1,2,3,4,5,6,7,8,9,10,11,11,12,13,14,15,16,17,18,19,20,6,21,21,21,22,23,24,25,26,27,28,29,30,31,32,33,34,35,36,37,38,39,40,41,42,43,44,45,46,47,48,49,50,51,52,53,54,55,56,57,58,59,60,61,62,63,64,65,66,67,68,69,70,71,72,73,74,75,76,77,78,79,80,81,82,83,84,85,86,87,88,89,90,91,92,93,94,95,96,97,98,99,100,101,102,103,104,105,106,107,108,109,110,108,108,108,108,108,111,112,113,114,115,116,117,118","0.00246715545654297","infomap","edit-xhwikibooks.graphml"
"0.29","0.71","0","0.865511111111111","1,1,1,2,3,4,5,6,7,8,9,10,11,11,12,13,14,15,16,17,18,19,20,6,21,21,21,22,23,24,25,26,27,28,29,30,31,32,33,34,35,36,37,38,39,40,41,42,43,44,45,46,47,48,49,50,51,52,53,54,55,56,57,58,59,60,61,62,63,64,65,66,67,68,69,70,71,72,73,74,75,76,77,78,79,80,81,82,83,84,85,86,87,88,89,90,91,92,93,94,95,96,97,98,99,100,101,102,103,104,105,106,107,108,109,110,108,108,108,108,108,111,112,113,114,115,116,117,118","0.00242900848388672","infomap","edit-xhwikibooks.graphml"
"0.28","0.72","0","0.867468836565097","1,1,1,2,3,4,5,6,7,8,9,10,11,11,12,13,14,15,16,17,18,19,20,6,21,21,21,22,23,24,25,26,27,28,29,30,31,32,33,34,35,36,37,38,39,40,41,42,43,44,45,46,47,48,49,50,51,52,53,54,55,56,57,58,59,60,61,62,63,64,65,66,67,68,69,70,71,72,73,74,75,76,77,78,79,80,81,82,83,84,85,86,87,88,89,90,91,92,93,94,95,96,97,98,99,100,101,102,103,104,105,106,107,108,109,110,108,108,108,108,108,111,112,113,114,115,116,117,118","0.00239396095275879","infomap","edit-xhwikibooks.graphml"
"0.27","0.73","0","0.865991712589174","1,1,1,2,3,4,5,6,7,8,9,10,11,11,12,13,14,15,16,17,18,19,20,6,21,21,21,22,23,24,25,26,27,28,29,30,31,32,33,34,35,36,37,38,39,40,41,42,43,44,45,46,47,48,49,50,51,52,53,54,55,56,57,58,59,60,61,62,63,64,65,66,67,68,69,70,71,72,73,74,75,76,77,78,79,80,81,82,83,84,85,86,87,88,89,90,91,92,93,94,95,96,97,98,99,100,101,102,103,104,105,106,107,108,109,110,108,108,108,108,108,111,112,113,114,115,116,117,118","0.00246810913085938","infomap","edit-xhwikibooks.graphml"
"0.26","0.74","0","0.865991712589174","1,1,1,2,3,4,5,6,7,8,9,10,11,11,12,13,14,15,16,17,18,19,20,6,21,21,21,22,23,24,25,26,27,28,29,30,31,32,33,34,35,36,37,38,39,40,41,42,43,44,45,46,47,48,49,50,51,52,53,54,55,56,57,58,59,60,61,62,63,64,65,66,67,68,69,70,71,72,73,74,75,76,77,78,79,80,81,82,83,84,85,86,87,88,89,90,91,92,93,94,95,96,97,98,99,100,101,102,103,104,105,106,107,108,109,110,108,108,108,108,108,111,112,113,114,115,116,117,118","0.00241398811340332","infomap","edit-xhwikibooks.graphml"
"0.25","0.75","0","0.867459126130877","1,1,1,2,3,4,5,6,7,8,9,10,11,11,12,13,14,15,16,17,18,19,20,6,21,21,21,22,23,24,25,26,27,28,29,30,31,32,33,34,35,36,37,38,39,40,41,42,43,44,45,46,47,48,49,50,51,52,53,54,55,56,57,58,59,60,61,62,63,64,65,66,67,68,69,70,71,72,73,74,75,76,77,78,79,80,81,82,83,84,85,86,87,88,89,90,91,92,93,94,95,96,97,98,99,100,101,102,103,104,105,106,107,108,109,110,108,108,108,108,108,111,112,113,114,115,116,117,118","0.00240993499755859","infomap","edit-xhwikibooks.graphml"
"0.24","0.76","0","0.867459126130877","1,1,1,2,3,4,5,6,7,8,9,10,11,11,12,13,14,15,16,17,18,19,20,6,21,21,21,22,23,24,25,26,27,28,29,30,31,32,33,34,35,36,37,38,39,40,41,42,43,44,45,46,47,48,49,50,51,52,53,54,55,56,57,58,59,60,61,62,63,64,65,66,67,68,69,70,71,72,73,74,75,76,77,78,79,80,81,82,83,84,85,86,87,88,89,90,91,92,93,94,95,96,97,98,99,100,101,102,103,104,105,106,107,108,109,110,108,108,108,108,108,111,112,113,114,115,116,117,118","0.00251507759094238","infomap","edit-xhwikibooks.graphml"
"0.23","0.77","0","0.868130107354591","1,1,1,2,3,4,5,6,7,8,9,10,11,11,12,13,14,15,16,17,18,19,20,6,21,21,21,22,23,24,25,26,27,28,29,30,31,32,33,34,35,36,37,38,39,40,41,42,43,44,45,46,47,48,49,50,51,52,53,54,55,56,57,58,59,60,61,62,63,64,65,66,67,68,69,70,71,72,73,74,75,76,77,78,79,80,81,82,83,84,85,86,87,88,89,90,91,92,93,94,95,96,97,98,99,100,101,102,103,104,105,106,107,108,109,110,108,108,108,108,108,111,112,113,114,115,116,117,118","0.00241589546203613","infomap","edit-xhwikibooks.graphml"
"0.22","0.78","0","0.868330697118167","1,1,1,2,3,4,5,6,7,8,9,10,11,11,12,13,14,15,16,17,18,19,20,6,21,21,21,22,23,24,25,26,27,28,29,30,31,32,33,34,35,36,37,38,39,40,41,42,43,44,45,46,47,48,49,50,51,52,53,54,55,56,57,58,59,60,61,62,63,64,65,66,67,68,69,70,71,72,73,74,75,76,77,78,79,80,81,82,83,84,85,86,87,88,89,90,91,92,93,94,95,96,97,98,99,100,101,102,103,104,105,106,107,108,109,110,108,108,108,108,108,111,112,113,114,115,116,117,118","0.00241804122924805","infomap","edit-xhwikibooks.graphml"
"0.21","0.79","0","0.868330697118167","1,1,1,2,3,4,5,6,7,8,9,10,11,11,12,13,14,15,16,17,18,19,20,6,21,21,21,22,23,24,25,26,27,28,29,30,31,32,33,34,35,36,37,38,39,40,41,42,43,44,45,46,47,48,49,50,51,52,53,54,55,56,57,58,59,60,61,62,63,64,65,66,67,68,69,70,71,72,73,74,75,76,77,78,79,80,81,82,83,84,85,86,87,88,89,90,91,92,93,94,95,96,97,98,99,100,101,102,103,104,105,106,107,108,109,110,108,108,108,108,108,111,112,113,114,115,116,117,118","0.00246000289916992","infomap","edit-xhwikibooks.graphml"
"0.2","0.8","0","0.86949494949495","1,1,1,2,3,4,5,6,7,8,9,10,11,11,12,13,14,15,16,17,18,19,20,6,21,21,21,22,23,24,25,26,27,28,29,30,31,32,33,34,35,36,37,38,39,40,41,42,43,44,45,46,47,48,49,50,51,52,53,54,55,56,57,58,59,60,61,62,63,64,65,66,67,68,69,70,71,72,73,74,75,76,77,78,79,80,81,82,83,84,85,86,87,88,89,90,91,92,93,94,95,96,97,98,99,100,101,102,103,104,105,106,107,108,109,110,108,108,108,108,108,111,112,113,114,115,116,117,118","0.00240516662597656","infomap","edit-xhwikibooks.graphml"
"0.19","0.81","0","0.86949494949495","1,1,1,2,3,4,5,6,7,8,9,10,11,11,12,13,14,15,16,17,18,19,20,6,21,21,21,22,23,24,25,26,27,28,29,30,31,32,33,34,35,36,37,38,39,40,41,42,43,44,45,46,47,48,49,50,51,52,53,54,55,56,57,58,59,60,61,62,63,64,65,66,67,68,69,70,71,72,73,74,75,76,77,78,79,80,81,82,83,84,85,86,87,88,89,90,91,92,93,94,95,96,97,98,99,100,101,102,103,104,105,106,107,108,109,110,108,108,108,108,108,111,112,113,114,115,116,117,118","0.00251197814941406","infomap","edit-xhwikibooks.graphml"
"0.18","0.82","0","0.868050515314269","1,1,1,2,3,4,5,6,7,8,9,10,11,11,12,13,14,15,16,17,18,19,20,6,21,21,21,22,23,24,25,26,27,28,29,30,31,32,33,34,35,36,37,38,39,40,41,42,43,44,45,46,47,48,49,50,51,52,53,54,55,56,57,58,59,60,61,62,63,64,65,66,67,68,69,70,71,72,73,74,75,76,77,78,79,80,81,82,83,84,85,86,87,88,89,90,91,92,93,94,95,96,97,98,99,100,101,102,103,104,105,106,107,108,109,110,108,108,108,108,108,111,112,113,114,115,116,117,118","0.00264596939086914","infomap","edit-xhwikibooks.graphml"
"0.17","0.83","0","0.868050515314269","1,1,1,2,3,4,5,6,7,8,9,10,11,11,12,13,14,15,16,17,18,19,20,6,21,21,21,22,23,24,25,26,27,28,29,30,31,32,33,34,35,36,37,38,39,40,41,42,43,44,45,46,47,48,49,50,51,52,53,54,55,56,57,58,59,60,61,62,63,64,65,66,67,68,69,70,71,72,73,74,75,76,77,78,79,80,81,82,83,84,85,86,87,88,89,90,91,92,93,94,95,96,97,98,99,100,101,102,103,104,105,106,107,108,109,110,108,108,108,108,108,111,112,113,114,115,116,117,118","0.00238895416259766","infomap","edit-xhwikibooks.graphml"
"0.16","0.84","0","0.86141227324263","1,1,1,2,3,4,5,6,7,8,9,10,11,11,12,13,14,15,16,17,18,19,20,6,21,21,21,22,23,24,25,26,27,28,29,30,31,32,33,34,35,36,37,38,39,40,41,42,43,44,45,46,47,48,49,50,51,52,53,54,55,56,57,58,59,60,61,62,63,64,65,66,67,68,69,70,71,72,73,74,75,76,77,78,79,80,81,82,83,84,85,86,87,88,89,90,91,92,93,94,95,96,97,98,99,100,101,102,103,104,105,106,107,108,109,110,108,108,108,108,108,111,112,113,114,115,116,117,118","0.00240921974182129","infomap","edit-xhwikibooks.graphml"
"0.15","0.85","0","0.862067154511397","1,1,1,2,3,4,5,6,7,8,9,10,11,11,12,13,14,15,16,17,18,19,20,6,21,21,21,22,23,24,25,26,27,28,29,30,31,32,33,34,35,36,37,38,39,40,41,42,43,44,45,46,47,48,49,50,51,52,53,54,55,56,57,58,59,60,61,62,63,64,65,66,67,68,69,70,71,72,73,74,75,76,77,78,79,80,81,82,83,84,85,86,87,88,89,90,91,92,93,94,95,96,97,98,99,100,101,102,103,104,105,106,107,108,109,110,108,108,108,108,108,111,112,113,114,115,116,117,118","0.00249695777893066","infomap","edit-xhwikibooks.graphml"
"0.14","0.86","0","0.862408734451055","1,1,1,2,3,4,5,6,7,8,9,10,11,11,12,13,14,15,16,17,18,19,20,6,21,21,21,22,23,24,25,26,27,28,29,30,31,32,33,34,35,36,37,38,39,40,41,42,43,44,45,46,47,48,49,50,51,52,53,54,55,56,57,58,59,60,61,62,63,64,65,66,67,68,69,70,71,72,73,74,75,76,77,78,79,80,81,82,83,84,85,86,87,88,89,90,91,92,93,94,95,96,97,98,99,100,101,102,103,104,105,106,107,108,109,110,108,108,108,108,108,111,112,113,114,115,116,117,118","0.00241208076477051","infomap","edit-xhwikibooks.graphml"
"0.13","0.87","0","0.862408734451055","1,1,1,2,3,4,5,6,7,8,9,10,11,11,12,13,14,15,16,17,18,19,20,6,21,21,21,22,23,24,25,26,27,28,29,30,31,32,33,34,35,36,37,38,39,40,41,42,43,44,45,46,47,48,49,50,51,52,53,54,55,56,57,58,59,60,61,62,63,64,65,66,67,68,69,70,71,72,73,74,75,76,77,78,79,80,81,82,83,84,85,86,87,88,89,90,91,92,93,94,95,96,97,98,99,100,101,102,103,104,105,106,107,108,109,110,108,108,108,108,108,111,112,113,114,115,116,117,118","0.00242877006530762","infomap","edit-xhwikibooks.graphml"
"0.12","0.88","0","0.860987670820943","1,1,1,2,3,4,5,6,7,8,9,10,11,11,12,13,14,15,16,17,18,19,20,6,21,21,21,22,23,24,25,26,27,28,29,30,31,32,33,34,35,36,37,38,39,40,41,42,43,44,45,46,47,48,49,50,51,52,53,54,55,56,57,58,59,60,61,62,63,64,65,66,67,68,69,70,71,72,73,74,75,76,77,78,79,80,81,82,83,84,85,86,87,88,89,90,91,92,93,94,95,96,97,98,99,100,101,102,103,104,105,106,107,108,109,110,108,108,108,108,108,111,112,113,114,115,116,117,118","0.002655029296875","infomap","edit-xhwikibooks.graphml"
"0.11","0.89","0","0.86254693877551","1,1,1,2,3,4,5,6,7,8,9,10,11,11,12,13,14,15,16,17,18,19,20,6,21,21,21,22,23,24,25,26,27,28,29,30,31,32,33,34,35,36,37,38,39,40,41,42,43,44,45,46,47,48,49,50,51,52,53,54,55,56,57,58,59,60,61,62,63,64,65,66,67,68,69,70,71,72,73,74,75,76,77,78,79,80,81,82,83,84,85,86,87,88,89,90,91,92,93,94,95,96,97,98,99,100,101,102,103,104,105,106,107,108,109,110,108,108,108,108,108,111,112,113,114,115,116,117,118","0.00239992141723633","infomap","edit-xhwikibooks.graphml"
"0.1","0.9","0","0.861134426652893","1,1,1,2,3,4,5,6,7,8,9,10,11,11,12,13,14,15,16,17,18,19,20,6,21,21,21,22,23,24,25,26,27,28,29,30,31,32,33,34,35,36,37,38,39,40,41,42,43,44,45,46,47,48,49,50,51,52,53,54,55,56,57,58,59,60,61,62,63,64,65,66,67,68,69,70,71,72,73,74,75,76,77,78,79,80,81,82,83,84,85,86,87,88,89,90,91,92,93,94,95,96,97,98,99,100,101,102,103,104,105,106,107,108,109,110,108,108,108,108,108,111,112,113,114,115,116,117,118","0.00250387191772461","infomap","edit-xhwikibooks.graphml"
"0.09","0.91","0","0.861134426652893","1,1,1,2,3,4,5,6,7,8,9,10,11,11,12,13,14,15,16,17,18,19,20,6,21,21,21,22,23,24,25,26,27,28,29,30,31,32,33,34,35,36,37,38,39,40,41,42,43,44,45,46,47,48,49,50,51,52,53,54,55,56,57,58,59,60,61,62,63,64,65,66,67,68,69,70,71,72,73,74,75,76,77,78,79,80,81,82,83,84,85,86,87,88,89,90,91,92,93,94,95,96,97,98,99,100,101,102,103,104,105,106,107,108,109,110,108,108,108,108,108,111,112,113,114,115,116,117,118","0.00241804122924805","infomap","edit-xhwikibooks.graphml"
"0.08","0.92","0","0.85969868173258","1,1,1,2,3,4,5,6,7,8,9,10,11,11,12,13,14,15,16,17,18,19,20,6,21,21,21,22,23,24,25,26,27,28,29,30,31,32,33,34,35,36,37,38,39,40,41,42,43,44,45,46,47,48,49,50,51,52,53,54,55,56,57,58,59,60,61,62,63,64,65,66,67,68,69,70,71,72,73,74,75,76,77,78,79,80,81,82,83,84,85,86,87,88,89,90,91,92,93,94,95,96,97,98,99,100,101,102,103,104,105,106,107,108,109,110,108,108,108,108,108,111,112,113,114,115,116,117,118","0.00241804122924805","infomap","edit-xhwikibooks.graphml"
"0.07","0.93","0","0.860323822749653","1,1,1,2,3,4,5,6,7,8,9,10,11,11,12,13,14,15,16,17,18,19,20,6,21,21,21,22,23,24,25,26,27,28,29,30,31,32,33,34,35,36,37,38,39,40,41,42,43,44,45,46,47,48,49,50,51,52,53,54,55,56,57,58,59,60,61,62,63,64,65,66,67,68,69,70,71,72,73,74,75,76,77,78,79,80,81,82,83,84,85,86,87,88,89,90,91,92,93,94,95,96,97,98,99,100,101,102,103,104,105,106,107,108,109,110,108,108,108,108,108,111,112,113,114,115,116,117,118","0.00244307518005371","infomap","edit-xhwikibooks.graphml"
"0.06","0.94","0","0.858883929964733","1,1,1,2,3,4,5,6,7,8,9,10,11,11,12,13,14,15,16,17,18,19,20,6,21,21,21,22,23,24,25,26,27,28,29,30,31,32,33,34,35,36,37,38,39,40,41,42,43,44,45,46,47,48,49,50,51,52,53,54,55,56,57,58,59,60,61,62,63,64,65,66,67,68,69,70,71,72,73,74,75,76,77,78,79,80,81,82,83,84,85,86,87,88,89,90,91,92,93,94,95,96,97,98,99,100,101,102,103,104,105,106,107,108,109,110,108,108,108,108,108,111,112,113,114,115,116,117,118","0.00255393981933594","infomap","edit-xhwikibooks.graphml"
"0.05","0.95","0","0.858883929964733","1,1,1,2,3,4,5,6,7,8,9,10,11,11,12,13,14,15,16,17,18,19,20,6,21,21,21,22,23,24,25,26,27,28,29,30,31,32,33,34,35,36,37,38,39,40,41,42,43,44,45,46,47,48,49,50,51,52,53,54,55,56,57,58,59,60,61,62,63,64,65,66,67,68,69,70,71,72,73,74,75,76,77,78,79,80,81,82,83,84,85,86,87,88,89,90,91,92,93,94,95,96,97,98,99,100,101,102,103,104,105,106,107,108,109,110,108,108,108,108,108,111,112,113,114,115,116,117,118","0.00257182121276855","infomap","edit-xhwikibooks.graphml"
"0.04","0.96","0","0.857422839506173","1,1,1,2,3,4,5,6,7,8,9,10,11,11,12,13,14,15,16,17,18,19,20,6,21,21,21,22,23,24,25,26,27,28,29,30,31,32,33,34,35,36,37,38,39,40,41,42,43,44,45,46,47,48,49,50,51,52,53,54,55,56,57,58,59,60,61,62,63,64,65,66,67,68,69,70,71,72,73,74,75,76,77,78,79,80,81,82,83,84,85,86,87,88,89,90,91,92,93,94,95,96,97,98,99,100,101,102,103,104,105,106,107,108,109,110,108,108,108,108,108,111,112,113,114,115,116,117,118","0.00308799743652344","infomap","edit-xhwikibooks.graphml"
"0.03","0.97","0","0.857422839506173","1,1,1,2,3,4,5,6,7,8,9,10,11,11,12,13,14,15,16,17,18,19,20,6,21,21,21,22,23,24,25,26,27,28,29,30,31,32,33,34,35,36,37,38,39,40,41,42,43,44,45,46,47,48,49,50,51,52,53,54,55,56,57,58,59,60,61,62,63,64,65,66,67,68,69,70,71,72,73,74,75,76,77,78,79,80,81,82,83,84,85,86,87,88,89,90,91,92,93,94,95,96,97,98,99,100,101,102,103,104,105,106,107,108,109,110,108,108,108,108,108,111,112,113,114,115,116,117,118","0.00315189361572266","infomap","edit-xhwikibooks.graphml"
"0.02","0.98","0","0.855941515826745","1,1,1,2,3,4,5,6,7,8,9,10,11,11,12,13,14,15,16,17,18,19,20,6,21,21,21,22,23,24,25,26,27,28,29,30,31,32,33,34,35,36,37,38,39,40,41,42,43,44,45,46,47,48,49,50,51,52,53,54,55,56,57,58,59,60,61,62,63,64,65,66,67,68,69,70,71,72,73,74,75,76,77,78,79,80,81,82,83,84,85,86,87,88,89,90,91,92,93,94,95,96,97,98,99,100,101,102,103,104,105,106,107,108,109,110,108,108,108,108,108,111,112,113,114,115,116,117,118","0.00269389152526855","infomap","edit-xhwikibooks.graphml"
"0.01","0.99","0","0.855941515826745","1,1,1,2,3,4,5,6,7,8,9,10,11,11,12,13,14,15,16,17,18,19,20,6,21,21,21,22,23,24,25,26,27,28,29,30,31,32,33,34,35,36,37,38,39,40,41,42,43,44,45,46,47,48,49,50,51,52,53,54,55,56,57,58,59,60,61,62,63,64,65,66,67,68,69,70,71,72,73,74,75,76,77,78,79,80,81,82,83,84,85,86,87,88,89,90,91,92,93,94,95,96,97,98,99,100,101,102,103,104,105,106,107,108,109,110,108,108,108,108,108,111,112,113,114,115,116,117,118","0.00232100486755371","infomap","edit-xhwikibooks.graphml"
"0","1","0","0.431478229461391","1,2,3,4,5,6,3,7,7,4,5,5,8,9,10,4,6,3,3,11,1,1,7,7,7,12,12,6,1,4,5,5,5,5,13,13,7,7,2,2,2,2,14,14,14,14,2,14,14,14,2,2,2,2,2,14,14,14,14,2,8,2,2,8,9,2,2,2,2,2,14,2,9,9,2,2,2,2,2,2,2,9,4,4,4,2,2,2,2,2,6,3,3,2,2,2,6,2,2,2,2,2,2,2,2,2,2,11,11,2,2,2,2,15,10,10,16,10,15,16,10,17,17,17,17,17,17,17,17","0.0195300579071045","infomap","edit-xhwikibooks.graphml"
"0.99","0","0.01","0.732231779085559","1,1,1,1,2,1,2,1,1,3,2,4,5,6,6,7,3,2,8,4,9,10,5,5,6,6,6,7,1,3,2,8,4,4,11,11,12,6,9,9,9,9,10,10,10,10,9,10,10,10,9,9,9,9,9,10,10,10,10,9,5,9,9,5,6,9,9,9,9,9,10,9,6,6,9,9,9,9,9,9,9,6,7,7,7,1,9,9,9,9,3,2,8,9,9,9,7,9,9,9,9,9,9,9,9,9,9,4,4,4,9,9,9,11,11,11,11,11,11,11,11,12,12,12,12,12,12,12,12","0.00876092910766602","infomap","edit-xhwikibooks.graphml"
"0.98","0.01","0.01","0.732231779085559","1,1,1,1,2,1,2,1,1,3,2,4,5,6,6,7,3,2,8,4,9,10,5,5,6,6,6,7,1,3,2,8,4,4,11,11,12,6,9,9,9,9,10,10,10,10,9,10,10,10,9,9,9,9,9,10,10,10,10,9,5,9,9,5,6,9,9,9,9,9,10,9,6,6,9,9,9,9,9,9,9,6,7,7,7,1,9,9,9,9,3,2,8,9,9,9,7,9,9,9,9,9,9,9,9,9,9,4,4,4,9,9,9,11,11,11,11,11,11,11,11,12,12,12,12,12,12,12,12","0.00988912582397461","infomap","edit-xhwikibooks.graphml"
"0.97","0.02","0.01","0.705260596885813","1,1,1,1,2,3,2,4,3,3,5,2,4,4,6,7,3,5,5,8,9,10,4,4,6,11,6,7,1,3,5,5,8,8,12,12,13,6,9,9,9,9,10,10,10,10,9,10,10,10,9,9,9,9,9,10,10,10,10,9,14,9,9,4,6,9,9,9,9,9,10,9,11,11,9,9,9,9,9,9,9,6,7,7,7,15,9,9,9,9,16,17,18,9,9,9,7,9,9,9,9,9,9,9,9,9,9,8,8,8,9,9,9,12,12,12,12,12,12,12,12,13,13,13,13,13,13,13,13","0.00753211975097656","infomap","edit-xhwikibooks.graphml"
"0.96","0.03","0.01","0.706863413726827","1,1,1,1,2,1,2,1,1,1,2,3,4,5,5,6,7,2,2,3,8,9,4,4,5,5,5,6,1,10,11,2,3,3,12,12,13,5,8,8,8,8,9,9,9,9,8,9,9,9,8,8,8,8,8,9,9,9,9,8,14,8,8,15,16,8,8,8,8,8,9,8,5,5,8,8,8,8,8,8,8,17,6,6,6,18,8,8,8,8,19,20,21,8,8,8,22,8,8,8,8,8,8,8,8,8,8,23,24,8,8,8,8,12,12,12,12,12,12,12,12,13,13,13,13,13,13,13,13","0.00614809989929199","infomap","edit-xhwikibooks.graphml"
"0.95","0.04","0.01","0.689443182708121","1,1,1,2,3,2,4,5,2,2,4,6,5,5,5,2,7,8,4,9,10,11,12,5,5,5,5,2,1,13,14,15,9,16,17,17,18,5,10,10,10,10,11,11,11,11,10,11,11,11,10,10,10,10,10,11,11,11,11,10,19,10,10,20,21,10,10,10,10,10,11,10,22,23,10,10,10,10,10,10,10,24,25,26,27,28,10,10,10,10,29,30,31,10,10,10,32,10,10,10,10,10,10,10,10,10,10,33,34,10,10,10,10,17,17,17,17,17,17,17,17,18,18,18,18,18,18,18,18","0.00354480743408203","infomap","edit-xhwikibooks.graphml"
"0.94","0.05","0.01","0.679855531206883","1,1,1,2,3,2,4,5,2,2,6,7,5,5,5,2,8,9,10,11,12,13,14,5,5,5,5,2,1,15,16,17,18,19,10,10,20,5,12,12,12,12,13,13,13,13,12,13,13,13,12,12,12,12,12,13,13,13,13,12,21,12,12,22,23,12,12,12,12,12,13,12,24,25,12,12,12,12,12,12,12,26,27,28,29,30,12,12,12,12,31,32,33,12,12,12,34,12,12,12,12,12,12,12,12,12,12,35,36,12,12,12,12,10,10,10,10,10,10,10,10,20,20,20,20,20,20,20,20","0.00347495079040527","infomap","edit-xhwikibooks.graphml"
"0.93","0.06","0.01","0.664807256235828","1,1,1,2,3,4,5,4,6,7,8,9,4,6,6,4,10,11,12,13,14,15,16,6,6,6,6,17,18,19,20,21,22,23,12,12,24,6,14,14,14,14,15,15,15,15,14,15,15,15,14,14,14,14,14,15,15,15,15,14,25,14,14,26,27,14,14,14,14,14,15,14,28,29,14,14,14,14,14,14,14,30,31,32,33,34,14,14,14,14,35,36,37,14,14,14,38,14,14,14,14,14,14,14,14,14,14,39,40,14,14,14,14,12,12,12,12,12,12,12,12,24,24,24,24,24,24,24,24","0.00345587730407715","infomap","edit-xhwikibooks.graphml"
"0.92","0.07","0.01","0.654397209916109","1,1,1,2,3,1,4,1,5,6,7,8,9,5,5,10,11,12,13,14,15,16,17,5,5,5,5,18,19,20,21,22,23,24,13,13,25,26,15,15,15,15,16,16,16,16,15,16,16,16,15,15,15,15,15,16,16,16,16,15,27,15,15,28,29,15,15,15,15,15,16,15,30,31,15,15,15,15,15,15,15,32,33,34,35,36,15,15,15,15,37,38,39,15,15,15,40,15,15,15,15,15,15,15,15,15,15,41,42,15,15,15,15,13,13,13,13,13,13,13,13,25,25,25,25,25,25,25,25","0.00495696067810059","infomap","edit-xhwikibooks.graphml"
"0.91","0.08","0.01","0.6475","1,1,1,2,3,4,5,6,7,8,9,10,11,6,6,12,13,14,15,16,17,18,19,20,6,6,6,21,22,23,24,25,26,27,15,15,28,29,17,17,17,17,18,18,18,18,17,18,18,18,17,17,17,17,17,18,18,18,18,17,30,17,17,31,32,17,17,17,17,17,18,17,33,34,17,17,17,17,17,17,17,35,36,37,38,39,17,17,17,17,40,41,42,17,17,17,43,17,17,17,17,17,17,17,17,17,17,44,45,17,17,17,17,15,15,15,15,15,15,15,15,28,28,28,28,28,28,28,28","0.00361299514770508","infomap","edit-xhwikibooks.graphml"
"0.9","0.09","0.01","0.570377066115703","1,1,1,2,3,4,5,6,7,8,9,10,11,12,12,13,14,15,16,17,18,19,20,21,12,12,12,22,23,24,25,26,27,28,16,16,12,29,18,18,18,18,19,19,19,19,18,19,19,19,18,18,18,18,18,19,19,19,19,18,30,18,18,31,32,18,18,18,18,18,19,18,33,34,18,18,18,18,18,18,18,35,36,37,38,39,18,18,18,18,40,41,42,18,18,18,43,18,18,18,18,18,18,18,18,18,18,44,45,18,18,18,18,16,46,47,16,16,16,16,16,48,49,50,51,52,53,54,55","0.00303196907043457","infomap","edit-xhwikibooks.graphml"
"0.89","0.1","0.01","0.562161448011626","1,1,1,2,3,4,5,6,7,8,9,10,11,12,13,14,15,16,17,18,19,20,21,22,13,13,13,23,24,25,26,27,28,29,17,17,13,30,19,19,19,19,20,20,20,20,19,20,20,20,19,19,19,19,19,20,20,20,20,19,31,19,19,32,33,19,19,19,19,19,20,19,34,35,19,19,19,19,19,19,19,36,37,38,39,40,19,19,19,19,41,42,43,19,19,19,44,19,19,19,19,19,19,19,19,19,19,45,46,19,19,19,19,17,47,48,17,17,17,17,17,49,50,51,52,53,54,55,56","0.00295305252075195","infomap","edit-xhwikibooks.graphml"
"0.88","0.11","0.01","0.533287197231834","1,1,1,2,3,4,5,6,7,8,9,10,11,12,13,14,15,16,17,18,19,20,21,22,23,13,24,25,26,27,28,29,30,31,32,32,13,33,19,19,19,19,20,20,20,20,19,20,20,20,19,19,19,19,19,20,20,20,20,19,34,19,19,35,36,19,19,19,19,19,20,19,37,38,19,19,19,19,19,19,19,39,40,41,42,43,19,19,19,19,44,45,46,19,19,19,47,19,19,19,19,19,19,19,19,19,19,48,49,19,19,19,19,32,50,51,32,32,32,32,32,52,53,54,55,56,57,58,59","0.00314211845397949","infomap","edit-xhwikibooks.graphml"
"0.87","0.12","0.01","0.542658193618172","1,1,1,2,3,4,5,6,7,8,9,10,11,12,13,14,15,16,17,18,19,20,21,22,23,24,25,26,27,28,29,30,31,32,13,13,13,33,19,19,19,19,20,20,20,20,19,20,20,20,19,19,19,19,19,20,20,20,20,19,34,19,19,35,36,19,19,19,19,19,20,19,37,38,19,19,19,19,19,19,19,39,40,41,42,43,19,19,19,19,44,45,46,19,19,19,47,19,19,19,19,19,19,19,19,19,19,48,49,19,19,19,19,13,50,51,13,13,13,13,13,52,53,54,55,56,57,58,59","0.00299596786499023","infomap","edit-xhwikibooks.graphml"
"0.86","0.13","0.01","0.34829152249135","1,1,1,2,3,4,5,6,7,8,9,10,11,12,13,14,15,16,17,18,19,1,20,21,22,23,24,25,26,27,28,29,30,31,32,33,13,34,19,19,19,19,35,36,37,38,19,39,40,41,19,19,19,19,19,42,43,44,45,19,46,19,19,47,48,19,19,19,19,19,49,19,50,51,19,19,19,19,19,19,19,52,53,54,55,56,19,19,19,19,57,58,59,19,19,19,60,19,19,19,19,19,19,19,19,19,19,61,62,19,19,19,19,32,63,64,32,32,32,32,32,65,66,67,68,69,70,71,72","0.00281786918640137","infomap","edit-xhwikibooks.graphml"
"0.85","0.14","0.01","0.34829152249135","1,1,1,2,3,4,5,6,7,8,9,10,11,12,13,14,15,16,17,18,19,1,20,21,22,23,24,25,26,27,28,29,30,31,32,33,13,34,19,19,19,19,35,36,37,38,19,39,40,41,19,19,19,19,19,42,43,44,45,19,46,19,19,47,48,19,19,19,19,19,49,19,50,51,19,19,19,19,19,19,19,52,53,54,55,56,19,19,19,19,57,58,59,19,19,19,60,19,19,19,19,19,19,19,19,19,19,61,62,19,19,19,19,32,63,64,32,32,32,32,32,65,66,67,68,69,70,71,72","0.00287604331970215","infomap","edit-xhwikibooks.graphml"
"0.84","0.15","0.01","0.2508544921875","1,1,1,2,3,4,5,6,7,8,9,10,11,12,13,14,15,16,17,18,19,1,20,21,22,23,24,25,26,27,28,29,30,31,32,33,34,35,19,19,19,19,36,37,38,39,19,40,41,42,19,19,19,19,19,43,44,45,46,19,47,19,19,48,49,19,19,19,19,19,50,19,51,52,19,19,19,19,19,19,19,53,54,55,56,57,19,19,19,19,58,59,60,19,19,19,61,19,19,19,19,19,19,19,19,19,19,62,63,19,19,19,19,64,65,66,67,68,69,70,71,72,73,74,75,76,77,78,79","0.00290203094482422","infomap","edit-xhwikibooks.graphml"
"0.83","0.16","0.01","0.270650887573964","1,1,1,2,3,4,5,6,7,8,9,10,11,12,13,14,15,16,17,18,19,1,20,21,22,23,24,25,26,27,28,29,30,31,32,33,34,35,19,19,19,19,36,37,38,39,19,40,41,42,19,19,19,19,19,43,44,45,46,19,47,19,19,48,49,19,19,19,19,19,50,19,51,52,19,19,19,19,19,19,19,53,54,55,56,57,19,19,19,19,58,59,60,19,19,19,61,19,19,19,19,19,19,19,19,19,19,62,63,19,19,19,19,64,65,66,67,68,69,70,71,72,73,74,75,76,77,78,79","0.00281405448913574","infomap","edit-xhwikibooks.graphml"
"0.82","0.17","0.01","0.271464646464646","1,1,1,2,3,4,5,6,7,8,9,10,11,12,13,14,15,16,17,18,19,20,21,22,23,24,25,26,27,28,29,30,31,32,33,33,34,35,19,19,19,19,36,37,38,39,19,40,41,42,19,19,19,19,19,43,44,45,46,19,47,19,19,48,49,19,19,19,19,19,50,19,51,52,19,19,19,19,19,19,19,53,54,55,56,57,19,19,19,19,58,59,60,19,19,19,61,19,19,19,19,19,19,19,19,19,19,62,63,19,19,19,19,64,65,66,67,68,69,70,71,72,73,74,75,76,77,78,79","0.00267410278320312","infomap","edit-xhwikibooks.graphml"
"0.81","0.18","0.01","0.271464646464646","1,1,1,2,3,4,5,6,7,8,9,10,11,12,13,14,15,16,17,18,19,20,21,22,23,24,25,26,27,28,29,30,31,32,33,33,34,35,19,19,19,19,36,37,38,39,19,40,41,42,19,19,19,19,19,43,44,45,46,19,47,19,19,48,49,19,19,19,19,19,50,19,51,52,19,19,19,19,19,19,19,53,54,55,56,57,19,19,19,19,58,59,60,19,19,19,61,19,19,19,19,19,19,19,19,19,19,62,63,19,19,19,19,64,65,66,67,68,69,70,71,72,73,74,75,76,77,78,79","0.00251507759094238","infomap","edit-xhwikibooks.graphml"
"0.8","0.19","0.01","0.267877032746714","1,1,1,2,3,4,5,6,7,8,9,10,11,12,13,14,15,16,17,18,19,20,21,22,23,24,25,26,27,28,29,30,31,32,33,33,34,35,19,19,19,19,36,37,38,39,19,40,41,42,19,19,19,19,19,43,44,45,46,19,47,19,19,48,49,19,19,19,19,19,50,19,51,52,19,19,19,19,19,19,19,53,54,55,56,57,19,19,19,19,58,59,60,19,19,19,61,19,19,19,19,19,19,19,19,19,19,62,63,19,19,19,19,64,65,66,67,68,69,70,71,72,73,74,75,76,77,78,79","0.00249505043029785","infomap","edit-xhwikibooks.graphml"
"0.79","0.2","0.01","0.326632653061224","1,1,1,2,3,4,5,6,7,8,9,10,11,12,13,14,15,16,17,18,19,20,21,22,23,24,25,26,27,28,29,30,31,32,33,33,34,35,19,19,19,19,36,37,38,39,19,40,41,42,19,19,19,19,19,43,44,45,46,19,47,19,19,48,49,19,19,19,19,19,50,19,51,52,19,19,19,19,19,19,19,53,54,55,56,57,19,19,19,19,58,59,60,19,19,19,61,19,19,19,19,19,19,19,19,19,19,62,63,19,19,19,19,64,65,66,67,68,69,70,71,72,73,74,75,76,77,78,79","0.00253796577453613","infomap","edit-xhwikibooks.graphml"
"0.78","0.21","0.01","0.32265423527078","1,1,1,2,3,4,5,6,7,8,9,10,11,12,13,14,15,16,17,18,19,20,21,22,23,24,25,26,27,28,29,30,31,32,33,33,34,35,19,19,19,19,36,37,38,39,19,40,41,42,19,19,19,19,19,43,44,45,46,19,47,19,19,48,49,19,19,19,19,19,50,19,51,52,19,19,19,19,19,19,19,53,54,55,56,57,19,19,19,19,58,59,60,19,19,19,61,19,19,19,19,19,19,19,19,19,19,62,63,19,19,19,19,64,65,66,67,68,69,70,71,72,73,74,75,76,77,78,79","0.00252199172973633","infomap","edit-xhwikibooks.graphml"
"0.77","0.22","0.01","0.32265423527078","1,1,1,2,3,4,5,6,7,8,9,10,11,12,13,14,15,16,17,18,19,20,21,22,23,24,25,26,27,28,29,30,31,32,33,33,34,35,19,19,19,19,36,37,38,39,19,40,41,42,19,19,19,19,19,43,44,45,46,19,47,19,19,48,49,19,19,19,19,19,50,19,51,52,19,19,19,19,19,19,19,53,54,55,56,57,19,19,19,19,58,59,60,19,19,19,61,19,19,19,19,19,19,19,19,19,19,62,63,19,19,19,19,64,65,66,67,68,69,70,71,72,73,74,75,76,77,78,79","0.0026249885559082","infomap","edit-xhwikibooks.graphml"
"0.76","0.23","0.01","0.352903579254931","1,1,1,2,3,4,5,6,7,8,9,10,11,12,13,14,15,16,17,18,19,20,21,22,23,24,25,26,27,28,29,30,31,32,33,33,34,35,19,19,19,19,36,37,38,39,19,40,41,42,19,19,19,19,19,43,44,45,46,19,47,19,19,48,49,19,19,19,19,19,50,19,51,52,19,19,19,19,19,19,19,53,54,55,56,57,19,19,19,19,58,59,60,19,19,19,61,19,19,19,19,19,19,19,19,19,19,62,63,19,19,19,19,64,65,66,67,68,69,70,71,72,73,74,75,76,77,78,79","0.0027310848236084","infomap","edit-xhwikibooks.graphml"
"0.75","0.24","0.01","0.368977777777778","1,1,1,2,3,4,5,6,7,8,9,10,11,12,13,14,15,16,17,18,19,20,21,22,23,24,25,26,27,28,29,30,31,32,33,33,34,35,19,19,19,19,36,37,38,39,19,40,41,42,19,19,19,19,19,43,44,45,46,19,47,19,19,48,49,19,19,19,19,19,50,19,51,52,19,19,19,19,19,19,19,53,54,55,56,57,19,19,19,19,58,59,60,19,19,19,61,19,19,19,19,19,19,19,19,19,19,62,63,19,19,19,19,64,65,66,67,68,69,70,71,72,73,74,75,76,77,78,79","0.00250887870788574","infomap","edit-xhwikibooks.graphml"
"0.74","0.25","0.01","0.411232174331037","1,1,1,2,3,4,5,6,7,8,9,10,11,12,13,14,15,16,17,18,19,20,21,22,23,24,25,26,27,28,29,30,31,32,33,33,34,35,19,19,19,19,36,37,38,39,19,40,41,42,19,19,19,19,19,43,44,45,46,19,47,19,19,48,49,19,19,19,19,19,50,19,51,52,19,19,19,19,19,19,19,53,54,55,56,57,19,19,19,19,58,59,60,19,19,19,61,19,19,19,19,19,19,19,19,19,19,62,63,19,19,19,19,64,65,66,67,68,69,70,71,72,73,74,75,76,77,78,79","0.00250005722045898","infomap","edit-xhwikibooks.graphml"
"0.73","0.26","0.01","0.411232174331037","1,1,1,2,3,4,5,6,7,8,9,10,11,12,13,14,15,16,17,18,19,20,21,22,23,24,25,26,27,28,29,30,31,32,33,33,34,35,19,19,19,19,36,37,38,39,19,40,41,42,19,19,19,19,19,43,44,45,46,19,47,19,19,48,49,19,19,19,19,19,50,19,51,52,19,19,19,19,19,19,19,53,54,55,56,57,19,19,19,19,58,59,60,19,19,19,61,19,19,19,19,19,19,19,19,19,19,62,63,19,19,19,19,64,65,66,67,68,69,70,71,72,73,74,75,76,77,78,79","0.00248408317565918","infomap","edit-xhwikibooks.graphml"
"0.72","0.27","0.01","0.411232174331037","1,1,1,2,3,4,5,6,7,8,9,10,11,12,13,14,15,16,17,18,19,20,21,22,23,24,25,26,27,28,29,30,31,32,33,33,34,35,19,19,19,19,36,37,38,39,19,40,41,42,19,19,19,19,19,43,44,45,46,19,47,19,19,48,49,19,19,19,19,19,50,19,51,52,19,19,19,19,19,19,19,53,54,55,56,57,19,19,19,19,58,59,60,19,19,19,61,19,19,19,19,19,19,19,19,19,19,62,63,19,19,19,19,64,65,66,67,68,69,70,71,72,73,74,75,76,77,78,79","0.00255107879638672","infomap","edit-xhwikibooks.graphml"
"0.71","0.28","0.01","0.406953125","1,1,1,2,3,4,5,6,7,8,9,10,11,12,13,14,15,16,17,18,19,20,21,22,23,24,25,26,27,28,29,30,31,32,33,33,34,35,19,19,19,19,36,37,38,39,19,40,41,42,19,19,19,19,19,43,44,45,46,19,47,19,19,48,49,19,19,19,19,19,50,19,51,52,19,19,19,19,19,19,19,53,54,55,56,57,19,19,19,19,58,59,60,19,19,19,61,19,19,19,19,19,19,19,19,19,19,62,63,19,19,19,19,64,65,66,67,68,69,70,71,72,73,74,75,76,77,78,79","0.00275397300720215","infomap","edit-xhwikibooks.graphml"
"0.7","0.29","0.01","0.433447352766211","1,1,1,2,3,4,5,6,7,8,9,10,11,12,13,14,15,16,17,18,19,20,21,22,23,24,25,26,27,28,29,30,31,32,33,33,34,35,19,19,19,19,36,37,38,39,19,40,41,42,19,19,19,19,19,43,44,45,46,19,47,19,19,48,49,19,19,19,19,19,50,19,51,52,19,19,19,19,19,19,19,53,54,55,56,57,19,19,19,19,58,59,60,19,19,19,61,19,19,19,19,19,19,19,19,19,19,62,63,19,19,19,19,64,65,66,67,68,69,70,71,72,73,74,75,76,77,78,79","0.00257682800292969","infomap","edit-xhwikibooks.graphml"
"0.69","0.3","0.01","0.429162432863986","1,1,1,2,3,4,5,6,7,8,9,10,11,12,13,14,15,16,17,18,19,20,21,22,23,24,25,26,27,28,29,30,31,32,33,33,34,35,19,19,19,19,36,37,38,39,19,40,41,42,19,19,19,19,19,43,44,45,46,19,47,19,19,48,49,19,19,19,19,19,50,19,51,52,19,19,19,19,19,19,19,53,54,55,56,57,19,19,19,19,58,59,60,19,19,19,61,19,19,19,19,19,19,19,19,19,19,62,63,19,19,19,19,64,65,66,67,68,69,70,71,72,73,74,75,76,77,78,79","0.00253009796142578","infomap","edit-xhwikibooks.graphml"
"0.68","0.31","0.01","0.441539115646258","1,1,1,2,3,4,5,6,7,8,9,10,11,12,13,14,15,16,17,18,19,20,21,22,23,24,25,26,27,28,29,30,31,32,33,33,34,35,19,19,19,19,36,37,38,39,19,40,41,42,19,19,19,19,19,43,44,45,46,19,47,19,19,48,49,19,19,19,19,19,50,19,51,52,19,19,19,19,19,19,19,53,54,55,56,57,19,19,19,19,58,59,60,19,19,19,61,19,19,19,19,19,19,19,19,19,19,62,63,19,19,19,19,64,65,66,67,68,69,70,71,72,73,74,75,76,77,78,79","0.0025629997253418","infomap","edit-xhwikibooks.graphml"
"0.67","0.32","0.01","0.437301038062284","1,1,1,2,3,4,5,6,7,8,9,10,11,12,13,14,15,16,17,18,19,20,21,22,23,24,25,26,27,28,29,30,31,32,33,33,34,35,19,19,19,19,36,37,38,39,19,40,41,42,19,19,19,19,19,43,44,45,46,19,47,19,19,48,49,19,19,19,19,19,50,19,51,52,19,19,19,19,19,19,19,53,54,55,56,57,19,19,19,19,58,59,60,19,19,19,61,19,19,19,19,19,19,19,19,19,19,62,63,19,19,19,19,64,65,66,67,68,69,70,71,72,73,74,75,76,77,78,79","0.00252699851989746","infomap","edit-xhwikibooks.graphml"
"0.66","0.33","0.01","0.448823688480259","1,1,1,2,3,4,5,6,7,8,9,10,11,12,13,14,15,16,17,18,19,20,21,22,23,24,25,26,27,28,29,30,31,32,33,33,34,35,19,19,19,19,36,37,38,39,19,40,41,42,19,19,19,19,19,43,44,45,46,19,47,19,19,48,49,19,19,19,19,19,50,19,51,52,19,19,19,19,19,19,19,53,54,55,56,57,19,19,19,19,58,59,60,19,19,19,61,19,19,19,19,19,19,19,19,19,19,62,63,19,19,19,19,64,65,66,67,68,69,70,71,72,73,74,75,76,77,78,79","0.00260090827941895","infomap","edit-xhwikibooks.graphml"
"0.65","0.34","0.01","0.564209391236153","1,1,1,2,3,4,5,6,7,8,9,10,11,12,12,13,14,15,16,17,18,19,20,21,22,23,24,25,26,27,28,29,30,31,32,33,34,35,18,18,18,18,36,37,38,39,18,40,41,42,18,18,18,18,18,43,44,45,46,18,47,18,18,48,49,18,18,18,18,18,50,18,51,52,18,18,18,18,18,18,18,53,54,55,56,57,18,18,18,18,58,59,60,18,18,18,61,18,18,18,18,18,18,18,18,18,18,62,63,18,18,18,18,64,65,66,67,68,69,70,71,72,73,74,75,76,77,78,79","0.0028989315032959","infomap","edit-xhwikibooks.graphml"
"0.64","0.35","0.01","0.564209391236153","1,1,1,2,3,4,5,6,7,8,9,10,11,12,12,13,14,15,16,17,18,19,20,21,22,23,24,25,26,27,28,29,30,31,32,33,34,35,18,18,18,18,36,37,38,39,18,40,41,42,18,18,18,18,18,43,44,45,46,18,47,18,18,48,49,18,18,18,18,18,50,18,51,52,18,18,18,18,18,18,18,53,54,55,56,57,18,18,18,18,58,59,60,18,18,18,61,18,18,18,18,18,18,18,18,18,18,62,63,18,18,18,18,64,65,66,67,68,69,70,71,72,73,74,75,76,77,78,79","0.00254297256469727","infomap","edit-xhwikibooks.graphml"
"0.63","0.36","0.01","0.560121107266436","1,1,1,2,3,4,5,6,7,8,9,10,11,12,12,13,14,15,16,17,18,19,20,21,22,23,24,25,26,27,28,29,30,31,32,33,34,35,18,18,18,18,36,37,38,39,18,40,41,42,18,18,18,18,18,43,44,45,46,18,47,18,18,48,49,18,18,18,18,18,50,18,51,52,18,18,18,18,18,18,18,53,54,55,56,57,18,18,18,18,58,59,60,18,18,18,61,18,18,18,18,18,18,18,18,18,18,62,63,18,18,18,18,64,65,66,67,68,69,70,71,72,73,74,75,76,77,78,79","0.00262093544006348","infomap","edit-xhwikibooks.graphml"
"0.62","0.37","0.01","0.560121107266436","1,1,1,2,3,4,5,6,7,8,9,10,11,12,12,13,14,15,16,17,18,19,20,21,22,23,24,25,26,27,28,29,30,31,32,33,34,35,18,18,18,18,36,37,38,39,18,40,41,42,18,18,18,18,18,43,44,45,46,18,47,18,18,48,49,18,18,18,18,18,50,18,51,52,18,18,18,18,18,18,18,53,54,55,56,57,18,18,18,18,58,59,60,18,18,18,61,18,18,18,18,18,18,18,18,18,18,62,63,18,18,18,18,64,65,66,67,68,69,70,71,72,73,74,75,76,77,78,79","0.00263404846191406","infomap","edit-xhwikibooks.graphml"
"0.61","0.38","0.01","0.556084456593459","1,1,1,2,3,4,5,6,7,8,9,10,11,12,12,13,14,15,16,17,18,19,20,21,22,23,24,25,26,27,28,29,30,31,32,33,34,35,18,18,18,18,36,37,38,39,18,40,41,42,18,18,18,18,18,43,44,45,46,18,47,18,18,48,49,18,18,18,18,18,50,18,51,52,18,18,18,18,18,18,18,53,54,55,56,57,18,18,18,18,58,59,60,18,18,18,61,18,18,18,18,18,18,18,18,18,18,62,63,18,18,18,18,64,65,66,67,68,69,70,71,72,73,74,75,76,77,78,79","0.00258994102478027","infomap","edit-xhwikibooks.graphml"
"0.6","0.39","0.01","0.563470784023669","1,1,1,2,3,4,5,6,7,8,9,10,11,12,12,13,14,15,16,17,18,19,20,21,22,23,24,25,26,27,28,29,30,31,32,33,34,35,18,18,18,18,36,37,38,39,18,40,41,42,18,18,18,18,18,43,44,45,46,18,47,18,18,48,49,18,18,18,18,18,50,18,51,52,18,18,18,18,18,18,18,53,54,55,56,57,18,18,18,18,58,59,60,18,18,18,61,18,18,18,18,18,18,18,18,18,18,62,63,18,18,18,18,64,65,66,67,68,69,70,71,72,73,74,75,76,77,78,79","0.00271201133728027","infomap","edit-xhwikibooks.graphml"
"0.59","0.4","0.01","0.580804183813443","1,1,1,2,3,4,5,6,7,8,9,10,11,12,12,13,14,15,16,17,18,19,20,21,22,23,24,25,26,27,28,29,30,31,32,33,34,35,18,18,18,18,36,37,38,39,18,40,41,42,18,18,18,18,18,43,44,45,46,18,47,18,18,48,49,18,18,18,18,18,50,18,51,52,18,18,18,18,18,18,18,53,54,55,56,57,18,18,18,18,58,59,60,18,18,18,61,18,18,18,18,18,18,18,18,18,18,62,63,18,18,18,18,64,65,66,67,68,69,70,71,72,73,74,75,76,77,78,79","0.00284004211425781","infomap","edit-xhwikibooks.graphml"
"0.58","0.41","0.01","0.580804183813443","1,1,1,2,3,4,5,6,7,8,9,10,11,12,12,13,14,15,16,17,18,19,20,21,22,23,24,25,26,27,28,29,30,31,32,33,34,35,18,18,18,18,36,37,38,39,18,40,41,42,18,18,18,18,18,43,44,45,46,18,47,18,18,48,49,18,18,18,18,18,50,18,51,52,18,18,18,18,18,18,18,53,54,55,56,57,18,18,18,18,58,59,60,18,18,18,61,18,18,18,18,18,18,18,18,18,18,62,63,18,18,18,18,64,65,66,67,68,69,70,71,72,73,74,75,76,77,78,79","0.00266599655151367","infomap","edit-xhwikibooks.graphml"
"0.57","0.42","0.01","0.576929551384564","1,1,1,2,3,4,5,6,7,8,9,10,11,12,12,13,14,15,16,17,18,19,20,21,22,23,24,25,26,27,28,29,30,31,32,33,34,35,18,18,18,18,36,37,38,39,18,40,41,42,18,18,18,18,18,43,44,45,46,18,47,18,18,48,49,18,18,18,18,18,50,18,51,52,18,18,18,18,18,18,18,53,54,55,56,57,18,18,18,18,58,59,60,18,18,18,61,18,18,18,18,18,18,18,18,18,18,62,63,18,18,18,18,64,65,66,67,68,69,70,71,72,73,74,75,76,77,78,79","0.00262784957885742","infomap","edit-xhwikibooks.graphml"
"0.56","0.43","0.01","0.59009009009009","1,1,1,2,3,4,5,6,7,8,9,10,11,12,12,13,14,15,16,17,18,19,20,21,22,23,24,25,26,27,28,29,30,31,32,33,34,35,18,18,18,18,36,37,38,39,18,40,41,42,18,18,18,18,18,43,44,45,46,18,47,18,18,48,49,18,18,18,18,18,50,18,51,52,18,18,18,18,18,18,18,53,54,55,56,57,18,18,18,18,58,59,60,18,18,18,61,18,18,18,18,18,18,18,18,18,18,62,63,18,18,18,18,64,65,66,67,68,69,70,71,72,73,74,75,76,77,78,79","0.00268697738647461","infomap","edit-xhwikibooks.graphml"
"0.55","0.44","0.01","0.586296237244898","1,1,1,2,3,4,5,6,7,8,9,10,11,12,12,13,14,15,16,17,18,19,20,21,22,23,24,25,26,27,28,29,30,31,32,33,34,35,18,18,18,18,36,37,38,39,18,40,41,42,18,18,18,18,18,43,44,45,46,18,47,18,18,48,49,18,18,18,18,18,50,18,51,52,18,18,18,18,18,18,18,53,54,55,56,57,18,18,18,18,58,59,60,18,18,18,61,18,18,18,18,18,18,18,18,18,18,62,63,18,18,18,18,64,65,66,67,68,69,70,71,72,73,74,75,76,77,78,79","0.00267195701599121","infomap","edit-xhwikibooks.graphml"
"0.54","0.45","0.01","0.598991997537704","1,1,1,2,3,4,5,6,7,8,9,10,11,12,12,13,14,15,16,17,18,19,20,21,22,23,24,25,26,27,28,29,30,31,32,33,34,35,18,18,18,18,36,37,38,39,18,40,41,42,18,18,18,18,18,43,44,45,46,18,47,18,18,48,49,18,18,18,18,18,50,18,51,52,18,18,18,18,18,18,18,53,54,55,56,57,18,18,18,18,58,59,60,18,18,18,61,18,18,18,18,18,18,18,18,18,18,62,63,18,18,18,18,64,65,66,67,68,69,70,71,72,73,74,75,76,77,78,79","0.00270891189575195","infomap","edit-xhwikibooks.graphml"
"0.53","0.46","0.01","0.595274102079395","1,1,1,2,3,4,5,6,7,8,9,10,11,12,12,13,14,15,16,17,18,19,20,21,22,23,24,25,26,27,28,29,30,31,32,33,34,35,18,18,18,18,36,37,38,39,18,40,41,42,18,18,18,18,18,43,44,45,46,18,47,18,18,48,49,18,18,18,18,18,50,18,51,52,18,18,18,18,18,18,18,53,54,55,56,57,18,18,18,18,58,59,60,18,18,18,61,18,18,18,18,18,18,18,18,18,18,62,63,18,18,18,18,64,65,66,67,68,69,70,71,72,73,74,75,76,77,78,79","0.00256586074829102","infomap","edit-xhwikibooks.graphml"
"0.52","0.47","0.01","0.60118162901308","1,1,1,2,3,4,5,6,7,8,9,10,11,12,12,13,14,15,16,17,18,19,20,21,22,23,24,25,26,27,28,29,30,31,32,33,34,35,18,18,18,18,36,37,38,39,18,40,41,42,18,18,18,18,18,43,44,45,46,18,47,18,18,48,49,18,18,18,18,18,50,18,51,52,18,18,18,18,18,18,18,53,54,55,56,57,18,18,18,18,58,59,60,18,18,18,61,18,18,18,18,18,18,18,18,18,18,62,63,18,18,18,18,64,65,66,67,68,69,70,71,72,73,74,75,76,77,78,79","0.00261592864990234","infomap","edit-xhwikibooks.graphml"
"0.51","0.48","0.01","0.746527777777777","1,1,1,2,3,4,5,6,7,8,9,10,11,12,12,13,14,15,16,17,1,18,19,20,21,22,23,24,25,26,27,28,29,30,31,32,33,34,35,36,37,38,39,40,41,42,43,44,45,46,47,48,49,50,51,52,53,54,55,56,57,58,59,60,61,62,63,64,65,66,67,68,69,70,71,72,73,74,75,76,77,78,79,80,81,82,83,84,85,86,87,88,89,90,91,92,93,94,95,96,97,98,99,100,101,102,103,104,105,1,106,107,108,109,110,111,112,113,114,115,116,117,118,119,120,121,122,123,124","0.00286698341369629","infomap","edit-xhwikibooks.graphml"
"0.5","0.49","0.01","0.752231700059512","1,1,1,2,3,4,5,6,7,8,9,10,11,12,12,13,14,15,16,17,1,18,19,20,21,22,23,24,25,26,27,28,29,30,31,32,33,34,35,36,37,38,39,40,41,42,43,44,45,46,47,48,49,50,51,52,53,54,55,56,57,58,59,60,61,62,63,64,65,66,67,68,69,70,71,72,73,74,75,76,77,78,79,80,81,82,83,84,85,86,87,88,89,90,91,92,93,94,95,96,97,98,99,100,101,102,103,104,105,106,107,108,109,110,111,112,113,114,115,116,117,118,119,120,121,122,123,124,125","0.00287413597106934","infomap","edit-xhwikibooks.graphml"
"0.49","0.5","0.01","0.845979488703924","1,1,1,2,3,4,5,6,7,8,9,10,11,11,11,12,13,14,15,16,1,17,18,6,19,19,19,20,21,22,23,24,25,26,27,28,29,30,31,32,33,34,35,36,37,38,39,40,41,42,43,44,45,46,47,48,49,50,51,52,53,54,55,56,57,58,59,60,61,62,63,64,65,66,67,68,69,70,71,72,73,74,75,76,77,78,79,80,81,82,83,84,85,86,87,88,89,90,91,92,93,94,95,96,97,98,99,100,101,102,103,104,105,106,107,108,106,106,106,106,106,109,110,111,112,113,114,115,116","0.00296115875244141","infomap","edit-xhwikibooks.graphml"
"0.48","0.51","0.01","0.845979488703924","1,1,1,2,3,4,5,6,7,8,9,10,11,11,11,12,13,14,15,16,1,17,18,6,19,19,19,20,21,22,23,24,25,26,27,28,29,30,31,32,33,34,35,36,37,38,39,40,41,42,43,44,45,46,47,48,49,50,51,52,53,54,55,56,57,58,59,60,61,62,63,64,65,66,67,68,69,70,71,72,73,74,75,76,77,78,79,80,81,82,83,84,85,86,87,88,89,90,91,92,93,94,95,96,97,98,99,100,101,102,103,104,105,106,107,108,106,106,106,106,106,109,110,111,112,113,114,115,116","0.00302481651306152","infomap","edit-xhwikibooks.graphml"
"0.47","0.52","0.01","0.873686200378072","1,1,1,2,3,4,5,6,7,8,9,10,11,11,11,12,13,14,15,16,17,18,19,6,20,20,20,21,22,23,24,25,26,27,28,29,30,31,32,33,34,35,36,37,38,39,40,41,42,43,44,45,46,47,48,49,50,51,52,53,54,55,56,57,58,59,60,61,62,63,64,65,66,67,68,69,70,71,72,73,74,75,76,77,78,79,80,81,82,83,84,85,86,87,88,89,90,91,92,93,94,95,96,97,98,99,100,101,102,103,104,105,106,107,108,109,107,107,107,107,107,110,111,112,113,114,115,116,117","0.00252318382263184","infomap","edit-xhwikibooks.graphml"
"0.46","0.53","0.01","0.871990190249703","1,1,1,2,3,4,5,6,7,8,9,10,11,11,11,12,13,14,15,16,17,18,19,6,20,20,20,21,22,23,24,25,26,27,28,29,30,31,32,33,34,35,36,37,38,39,40,41,42,43,44,45,46,47,48,49,50,51,52,53,54,55,56,57,58,59,60,61,62,63,64,65,66,67,68,69,70,71,72,73,74,75,76,77,78,79,80,81,82,83,84,85,86,87,88,89,90,91,92,93,94,95,96,97,98,99,100,101,102,103,104,105,106,107,108,109,107,107,107,107,107,110,111,112,113,114,115,116,117","0.00248098373413086","infomap","edit-xhwikibooks.graphml"
"0.45","0.54","0.01","0.873000219154066","1,1,1,2,3,4,5,6,7,8,9,10,11,11,11,12,13,14,15,16,17,18,19,6,20,20,20,21,22,23,24,25,26,27,28,29,30,31,32,33,34,35,36,37,38,39,40,41,42,43,44,45,46,47,48,49,50,51,52,53,54,55,56,57,58,59,60,61,62,63,64,65,66,67,68,69,70,71,72,73,74,75,76,77,78,79,80,81,82,83,84,85,86,87,88,89,90,91,92,93,94,95,96,97,98,99,100,101,102,103,104,105,106,107,108,109,107,107,107,107,107,110,111,112,113,114,115,116,117","0.00247097015380859","infomap","edit-xhwikibooks.graphml"
"0.44","0.55","0.01","0.87126544096524","1,1,1,2,3,4,5,6,7,8,9,10,11,11,11,12,13,14,15,16,17,18,19,6,20,20,20,21,22,23,24,25,26,27,28,29,30,31,32,33,34,35,36,37,38,39,40,41,42,43,44,45,46,47,48,49,50,51,52,53,54,55,56,57,58,59,60,61,62,63,64,65,66,67,68,69,70,71,72,73,74,75,76,77,78,79,80,81,82,83,84,85,86,87,88,89,90,91,92,93,94,95,96,97,98,99,100,101,102,103,104,105,106,107,108,109,107,107,107,107,107,110,111,112,113,114,115,116,117","0.00257110595703125","infomap","edit-xhwikibooks.graphml"
"0.43","0.56","0.01","0.873645833333333","1,1,1,2,3,4,5,6,7,8,9,10,11,11,11,12,13,14,15,16,17,18,19,6,20,20,20,21,22,23,24,25,26,27,28,29,30,31,32,33,34,35,36,37,38,39,40,41,42,43,44,45,46,47,48,49,50,51,52,53,54,55,56,57,58,59,60,61,62,63,64,65,66,67,68,69,70,71,72,73,74,75,76,77,78,79,80,81,82,83,84,85,86,87,88,89,90,91,92,93,94,95,96,97,98,99,100,101,102,103,104,105,106,107,108,109,107,107,107,107,107,110,111,112,113,114,115,116,117","0.00257396697998047","infomap","edit-xhwikibooks.graphml"
"0.42","0.57","0.01","0.871900826446281","1,1,1,2,3,4,5,6,7,8,9,10,11,11,11,12,13,14,15,16,17,18,19,6,20,20,20,21,22,23,24,25,26,27,28,29,30,31,32,33,34,35,36,37,38,39,40,41,42,43,44,45,46,47,48,49,50,51,52,53,54,55,56,57,58,59,60,61,62,63,64,65,66,67,68,69,70,71,72,73,74,75,76,77,78,79,80,81,82,83,84,85,86,87,88,89,90,91,92,93,94,95,96,97,98,99,100,101,102,103,104,105,106,107,108,109,107,107,107,107,107,110,111,112,113,114,115,116,117","0.00248908996582031","infomap","edit-xhwikibooks.graphml"
"0.41","0.58","0.01","0.873851543393483","1,1,1,2,3,4,5,6,7,8,9,10,11,11,11,12,13,14,15,16,17,18,19,6,20,20,20,21,22,23,24,25,26,27,28,29,30,31,32,33,34,35,36,37,38,39,40,41,42,43,44,45,46,47,48,49,50,51,52,53,54,55,56,57,58,59,60,61,62,63,64,65,66,67,68,69,70,71,72,73,74,75,76,77,78,79,80,81,82,83,84,85,86,87,88,89,90,91,92,93,94,95,96,97,98,99,100,101,102,103,104,105,106,107,108,109,107,107,107,107,107,110,111,112,113,114,115,116,117","0.0025019645690918","infomap","edit-xhwikibooks.graphml"
"0.4","0.59","0.01","0.872105879292403","1,1,1,2,3,4,5,6,7,8,9,10,11,11,11,12,13,14,15,16,17,18,19,6,20,20,20,21,22,23,24,25,26,27,28,29,30,31,32,33,34,35,36,37,38,39,40,41,42,43,44,45,46,47,48,49,50,51,52,53,54,55,56,57,58,59,60,61,62,63,64,65,66,67,68,69,70,71,72,73,74,75,76,77,78,79,80,81,82,83,84,85,86,87,88,89,90,91,92,93,94,95,96,97,98,99,100,101,102,103,104,105,106,107,108,109,107,107,107,107,107,110,111,112,113,114,115,116,117","0.0025179386138916","infomap","edit-xhwikibooks.graphml"
"0.39","0.6","0.01","0.8751007502015","1,1,1,2,3,4,5,6,7,8,9,10,11,11,11,12,13,14,15,16,17,18,19,6,20,20,20,21,22,23,24,25,26,27,28,29,30,31,32,33,34,35,36,37,38,39,40,41,42,43,44,45,46,47,48,49,50,51,52,53,54,55,56,57,58,59,60,61,62,63,64,65,66,67,68,69,70,71,72,73,74,75,76,77,78,79,80,81,82,83,84,85,86,87,88,89,90,91,92,93,94,95,96,97,98,99,100,101,102,103,104,105,106,107,108,109,107,107,107,107,107,110,111,112,113,114,115,116,117","0.00258398056030273","infomap","edit-xhwikibooks.graphml"
"0.38","0.61","0.01","0.873382568359375","1,1,1,2,3,4,5,6,7,8,9,10,11,11,11,12,13,14,15,16,17,18,19,6,20,20,20,21,22,23,24,25,26,27,28,29,30,31,32,33,34,35,36,37,38,39,40,41,42,43,44,45,46,47,48,49,50,51,52,53,54,55,56,57,58,59,60,61,62,63,64,65,66,67,68,69,70,71,72,73,74,75,76,77,78,79,80,81,82,83,84,85,86,87,88,89,90,91,92,93,94,95,96,97,98,99,100,101,102,103,104,105,106,107,108,109,107,107,107,107,107,110,111,112,113,114,115,116,117","0.00249981880187988","infomap","edit-xhwikibooks.graphml"
"0.37","0.62","0.01","0.874256354786371","1,1,1,2,3,4,5,6,7,8,9,10,11,11,11,12,13,14,15,16,17,18,19,6,20,20,20,21,22,23,24,25,26,27,28,29,30,31,32,33,34,35,36,37,38,39,40,41,42,43,44,45,46,47,48,49,50,51,52,53,54,55,56,57,58,59,60,61,62,63,64,65,66,67,68,69,70,71,72,73,74,75,76,77,78,79,80,81,82,83,84,85,86,87,88,89,90,91,92,93,94,95,96,97,98,99,100,101,102,103,104,105,106,107,108,109,107,107,107,107,107,110,111,112,113,114,115,116,117","0.00267195701599121","infomap","edit-xhwikibooks.graphml"
"0.36","0.63","0.01","0.872514792899408","1,1,1,2,3,4,5,6,7,8,9,10,11,11,11,12,13,14,15,16,17,18,19,6,20,20,20,21,22,23,24,25,26,27,28,29,30,31,32,33,34,35,36,37,38,39,40,41,42,43,44,45,46,47,48,49,50,51,52,53,54,55,56,57,58,59,60,61,62,63,64,65,66,67,68,69,70,71,72,73,74,75,76,77,78,79,80,81,82,83,84,85,86,87,88,89,90,91,92,93,94,95,96,97,98,99,100,101,102,103,104,105,106,107,108,109,107,107,107,107,107,110,111,112,113,114,115,116,117","0.00246381759643555","infomap","edit-xhwikibooks.graphml"
"0.35","0.64","0.01","0.872514792899408","1,1,1,2,3,4,5,6,7,8,9,10,11,11,11,12,13,14,15,16,17,18,19,6,20,20,20,21,22,23,24,25,26,27,28,29,30,31,32,33,34,35,36,37,38,39,40,41,42,43,44,45,46,47,48,49,50,51,52,53,54,55,56,57,58,59,60,61,62,63,64,65,66,67,68,69,70,71,72,73,74,75,76,77,78,79,80,81,82,83,84,85,86,87,88,89,90,91,92,93,94,95,96,97,98,99,100,101,102,103,104,105,106,107,108,109,107,107,107,107,107,110,111,112,113,114,115,116,117","0.00247383117675781","infomap","edit-xhwikibooks.graphml"
"0.34","0.65","0.01","0.870724316764758","1,1,1,2,3,4,5,6,7,8,9,10,11,11,11,12,13,14,15,16,17,18,19,6,20,20,20,21,22,23,24,25,26,27,28,29,30,31,32,33,34,35,36,37,38,39,40,41,42,43,44,45,46,47,48,49,50,51,52,53,54,55,56,57,58,59,60,61,62,63,64,65,66,67,68,69,70,71,72,73,74,75,76,77,78,79,80,81,82,83,84,85,86,87,88,89,90,91,92,93,94,95,96,97,98,99,100,101,102,103,104,105,106,107,108,109,107,107,107,107,107,110,111,112,113,114,115,116,117","0.0025181770324707","infomap","edit-xhwikibooks.graphml"
"0.33","0.66","0.01","0.870724316764758","1,1,1,2,3,4,5,6,7,8,9,10,11,11,11,12,13,14,15,16,17,18,19,6,20,20,20,21,22,23,24,25,26,27,28,29,30,31,32,33,34,35,36,37,38,39,40,41,42,43,44,45,46,47,48,49,50,51,52,53,54,55,56,57,58,59,60,61,62,63,64,65,66,67,68,69,70,71,72,73,74,75,76,77,78,79,80,81,82,83,84,85,86,87,88,89,90,91,92,93,94,95,96,97,98,99,100,101,102,103,104,105,106,107,108,109,107,107,107,107,107,110,111,112,113,114,115,116,117","0.00250411033630371","infomap","edit-xhwikibooks.graphml"
"0.32","0.67","0.01","0.867694016382063","1,1,1,2,3,4,5,6,7,8,9,10,11,11,12,13,14,15,16,17,18,19,20,6,21,21,21,22,23,24,25,26,27,28,29,30,31,32,33,34,35,36,37,38,39,40,41,42,43,44,45,46,47,48,49,50,51,52,53,54,55,56,57,58,59,60,61,62,63,64,65,66,67,68,69,70,71,72,73,74,75,76,77,78,79,80,81,82,83,84,85,86,87,88,89,90,91,92,93,94,95,96,97,98,99,100,101,102,103,104,105,106,107,108,109,110,108,108,108,108,108,111,112,113,114,115,116,117,118","0.0025489330291748","infomap","edit-xhwikibooks.graphml"
"0.31","0.68","0.01","0.867694016382063","1,1,1,2,3,4,5,6,7,8,9,10,11,11,12,13,14,15,16,17,18,19,20,6,21,21,21,22,23,24,25,26,27,28,29,30,31,32,33,34,35,36,37,38,39,40,41,42,43,44,45,46,47,48,49,50,51,52,53,54,55,56,57,58,59,60,61,62,63,64,65,66,67,68,69,70,71,72,73,74,75,76,77,78,79,80,81,82,83,84,85,86,87,88,89,90,91,92,93,94,95,96,97,98,99,100,101,102,103,104,105,106,107,108,109,110,108,108,108,108,108,111,112,113,114,115,116,117,118","0.00268197059631348","infomap","edit-xhwikibooks.graphml"
"0.3","0.69","0.01","0.866234477720965","1,1,1,2,3,4,5,6,7,8,9,10,11,11,12,13,14,15,16,17,18,19,20,6,21,21,21,22,23,24,25,26,27,28,29,30,31,32,33,34,35,36,37,38,39,40,41,42,43,44,45,46,47,48,49,50,51,52,53,54,55,56,57,58,59,60,61,62,63,64,65,66,67,68,69,70,71,72,73,74,75,76,77,78,79,80,81,82,83,84,85,86,87,88,89,90,91,92,93,94,95,96,97,98,99,100,101,102,103,104,105,106,107,108,109,110,108,108,108,108,108,111,112,113,114,115,116,117,118","0.0238199234008789","infomap","edit-xhwikibooks.graphml"
"0.29","0.7","0.01","0.866987973514707","1,1,1,2,3,4,5,6,7,8,9,10,11,11,12,13,14,15,16,17,18,19,20,6,21,21,21,22,23,24,25,26,27,28,29,30,31,32,33,34,35,36,37,38,39,40,41,42,43,44,45,46,47,48,49,50,51,52,53,54,55,56,57,58,59,60,61,62,63,64,65,66,67,68,69,70,71,72,73,74,75,76,77,78,79,80,81,82,83,84,85,86,87,88,89,90,91,92,93,94,95,96,97,98,99,100,101,102,103,104,105,106,107,108,109,110,108,108,108,108,108,111,112,113,114,115,116,117,118","0.00260710716247559","infomap","edit-xhwikibooks.graphml"
"0.28","0.71","0.01","0.865511111111111","1,1,1,2,3,4,5,6,7,8,9,10,11,11,12,13,14,15,16,17,18,19,20,6,21,21,21,22,23,24,25,26,27,28,29,30,31,32,33,34,35,36,37,38,39,40,41,42,43,44,45,46,47,48,49,50,51,52,53,54,55,56,57,58,59,60,61,62,63,64,65,66,67,68,69,70,71,72,73,74,75,76,77,78,79,80,81,82,83,84,85,86,87,88,89,90,91,92,93,94,95,96,97,98,99,100,101,102,103,104,105,106,107,108,109,110,108,108,108,108,108,111,112,113,114,115,116,117,118","0.00265717506408691","infomap","edit-xhwikibooks.graphml"
"0.27","0.72","0.01","0.867468836565097","1,1,1,2,3,4,5,6,7,8,9,10,11,11,12,13,14,15,16,17,18,19,20,6,21,21,21,22,23,24,25,26,27,28,29,30,31,32,33,34,35,36,37,38,39,40,41,42,43,44,45,46,47,48,49,50,51,52,53,54,55,56,57,58,59,60,61,62,63,64,65,66,67,68,69,70,71,72,73,74,75,76,77,78,79,80,81,82,83,84,85,86,87,88,89,90,91,92,93,94,95,96,97,98,99,100,101,102,103,104,105,106,107,108,109,110,108,108,108,108,108,111,112,113,114,115,116,117,118","0.00246191024780273","infomap","edit-xhwikibooks.graphml"
"0.26","0.73","0.01","0.865991712589174","1,1,1,2,3,4,5,6,7,8,9,10,11,11,12,13,14,15,16,17,18,19,20,6,21,21,21,22,23,24,25,26,27,28,29,30,31,32,33,34,35,36,37,38,39,40,41,42,43,44,45,46,47,48,49,50,51,52,53,54,55,56,57,58,59,60,61,62,63,64,65,66,67,68,69,70,71,72,73,74,75,76,77,78,79,80,81,82,83,84,85,86,87,88,89,90,91,92,93,94,95,96,97,98,99,100,101,102,103,104,105,106,107,108,109,110,108,108,108,108,108,111,112,113,114,115,116,117,118","0.00243997573852539","infomap","edit-xhwikibooks.graphml"
"0.25","0.74","0.01","0.865991712589174","1,1,1,2,3,4,5,6,7,8,9,10,11,11,12,13,14,15,16,17,18,19,20,6,21,21,21,22,23,24,25,26,27,28,29,30,31,32,33,34,35,36,37,38,39,40,41,42,43,44,45,46,47,48,49,50,51,52,53,54,55,56,57,58,59,60,61,62,63,64,65,66,67,68,69,70,71,72,73,74,75,76,77,78,79,80,81,82,83,84,85,86,87,88,89,90,91,92,93,94,95,96,97,98,99,100,101,102,103,104,105,106,107,108,109,110,108,108,108,108,108,111,112,113,114,115,116,117,118","0.00249600410461426","infomap","edit-xhwikibooks.graphml"
"0.24","0.75","0.01","0.867459126130877","1,1,1,2,3,4,5,6,7,8,9,10,11,11,12,13,14,15,16,17,18,19,20,6,21,21,21,22,23,24,25,26,27,28,29,30,31,32,33,34,35,36,37,38,39,40,41,42,43,44,45,46,47,48,49,50,51,52,53,54,55,56,57,58,59,60,61,62,63,64,65,66,67,68,69,70,71,72,73,74,75,76,77,78,79,80,81,82,83,84,85,86,87,88,89,90,91,92,93,94,95,96,97,98,99,100,101,102,103,104,105,106,107,108,109,110,108,108,108,108,108,111,112,113,114,115,116,117,118","0.00258088111877441","infomap","edit-xhwikibooks.graphml"
"0.23","0.76","0.01","0.867459126130877","1,1,1,2,3,4,5,6,7,8,9,10,11,11,12,13,14,15,16,17,18,19,20,6,21,21,21,22,23,24,25,26,27,28,29,30,31,32,33,34,35,36,37,38,39,40,41,42,43,44,45,46,47,48,49,50,51,52,53,54,55,56,57,58,59,60,61,62,63,64,65,66,67,68,69,70,71,72,73,74,75,76,77,78,79,80,81,82,83,84,85,86,87,88,89,90,91,92,93,94,95,96,97,98,99,100,101,102,103,104,105,106,107,108,109,110,108,108,108,108,108,111,112,113,114,115,116,117,118","0.00257515907287598","infomap","edit-xhwikibooks.graphml"
"0.22","0.77","0.01","0.868130107354591","1,1,1,2,3,4,5,6,7,8,9,10,11,11,12,13,14,15,16,17,18,19,20,6,21,21,21,22,23,24,25,26,27,28,29,30,31,32,33,34,35,36,37,38,39,40,41,42,43,44,45,46,47,48,49,50,51,52,53,54,55,56,57,58,59,60,61,62,63,64,65,66,67,68,69,70,71,72,73,74,75,76,77,78,79,80,81,82,83,84,85,86,87,88,89,90,91,92,93,94,95,96,97,98,99,100,101,102,103,104,105,106,107,108,109,110,108,108,108,108,108,111,112,113,114,115,116,117,118","0.00265789031982422","infomap","edit-xhwikibooks.graphml"
"0.21","0.78","0.01","0.868330697118167","1,1,1,2,3,4,5,6,7,8,9,10,11,11,12,13,14,15,16,17,18,19,20,6,21,21,21,22,23,24,25,26,27,28,29,30,31,32,33,34,35,36,37,38,39,40,41,42,43,44,45,46,47,48,49,50,51,52,53,54,55,56,57,58,59,60,61,62,63,64,65,66,67,68,69,70,71,72,73,74,75,76,77,78,79,80,81,82,83,84,85,86,87,88,89,90,91,92,93,94,95,96,97,98,99,100,101,102,103,104,105,106,107,108,109,110,108,108,108,108,108,111,112,113,114,115,116,117,118","0.00251507759094238","infomap","edit-xhwikibooks.graphml"
"0.2","0.79","0.01","0.868330697118167","1,1,1,2,3,4,5,6,7,8,9,10,11,11,12,13,14,15,16,17,18,19,20,6,21,21,21,22,23,24,25,26,27,28,29,30,31,32,33,34,35,36,37,38,39,40,41,42,43,44,45,46,47,48,49,50,51,52,53,54,55,56,57,58,59,60,61,62,63,64,65,66,67,68,69,70,71,72,73,74,75,76,77,78,79,80,81,82,83,84,85,86,87,88,89,90,91,92,93,94,95,96,97,98,99,100,101,102,103,104,105,106,107,108,109,110,108,108,108,108,108,111,112,113,114,115,116,117,118","0.00254487991333008","infomap","edit-xhwikibooks.graphml"
"0.19","0.8","0.01","0.86949494949495","1,1,1,2,3,4,5,6,7,8,9,10,11,11,12,13,14,15,16,17,18,19,20,6,21,21,21,22,23,24,25,26,27,28,29,30,31,32,33,34,35,36,37,38,39,40,41,42,43,44,45,46,47,48,49,50,51,52,53,54,55,56,57,58,59,60,61,62,63,64,65,66,67,68,69,70,71,72,73,74,75,76,77,78,79,80,81,82,83,84,85,86,87,88,89,90,91,92,93,94,95,96,97,98,99,100,101,102,103,104,105,106,107,108,109,110,108,108,108,108,108,111,112,113,114,115,116,117,118","0.00254702568054199","infomap","edit-xhwikibooks.graphml"
"0.18","0.81","0.01","0.86949494949495","1,1,1,2,3,4,5,6,7,8,9,10,11,11,12,13,14,15,16,17,18,19,20,6,21,21,21,22,23,24,25,26,27,28,29,30,31,32,33,34,35,36,37,38,39,40,41,42,43,44,45,46,47,48,49,50,51,52,53,54,55,56,57,58,59,60,61,62,63,64,65,66,67,68,69,70,71,72,73,74,75,76,77,78,79,80,81,82,83,84,85,86,87,88,89,90,91,92,93,94,95,96,97,98,99,100,101,102,103,104,105,106,107,108,109,110,108,108,108,108,108,111,112,113,114,115,116,117,118","0.00263214111328125","infomap","edit-xhwikibooks.graphml"
"0.17","0.82","0.01","0.868050515314269","1,1,1,2,3,4,5,6,7,8,9,10,11,11,12,13,14,15,16,17,18,19,20,6,21,21,21,22,23,24,25,26,27,28,29,30,31,32,33,34,35,36,37,38,39,40,41,42,43,44,45,46,47,48,49,50,51,52,53,54,55,56,57,58,59,60,61,62,63,64,65,66,67,68,69,70,71,72,73,74,75,76,77,78,79,80,81,82,83,84,85,86,87,88,89,90,91,92,93,94,95,96,97,98,99,100,101,102,103,104,105,106,107,108,109,110,108,108,108,108,108,111,112,113,114,115,116,117,118","0.00255298614501953","infomap","edit-xhwikibooks.graphml"
"0.16","0.83","0.01","0.868050515314269","1,1,1,2,3,4,5,6,7,8,9,10,11,11,12,13,14,15,16,17,18,19,20,6,21,21,21,22,23,24,25,26,27,28,29,30,31,32,33,34,35,36,37,38,39,40,41,42,43,44,45,46,47,48,49,50,51,52,53,54,55,56,57,58,59,60,61,62,63,64,65,66,67,68,69,70,71,72,73,74,75,76,77,78,79,80,81,82,83,84,85,86,87,88,89,90,91,92,93,94,95,96,97,98,99,100,101,102,103,104,105,106,107,108,109,110,108,108,108,108,108,111,112,113,114,115,116,117,118","0.0026700496673584","infomap","edit-xhwikibooks.graphml"
"0.15","0.84","0.01","0.86141227324263","1,1,1,2,3,4,5,6,7,8,9,10,11,11,12,13,14,15,16,17,18,19,20,6,21,21,21,22,23,24,25,26,27,28,29,30,31,32,33,34,35,36,37,38,39,40,41,42,43,44,45,46,47,48,49,50,51,52,53,54,55,56,57,58,59,60,61,62,63,64,65,66,67,68,69,70,71,72,73,74,75,76,77,78,79,80,81,82,83,84,85,86,87,88,89,90,91,92,93,94,95,96,97,98,99,100,101,102,103,104,105,106,107,108,109,110,108,108,108,108,108,111,112,113,114,115,116,117,118","0.00249695777893066","infomap","edit-xhwikibooks.graphml"
"0.14","0.85","0.01","0.862067154511397","1,1,1,2,3,4,5,6,7,8,9,10,11,11,12,13,14,15,16,17,18,19,20,6,21,21,21,22,23,24,25,26,27,28,29,30,31,32,33,34,35,36,37,38,39,40,41,42,43,44,45,46,47,48,49,50,51,52,53,54,55,56,57,58,59,60,61,62,63,64,65,66,67,68,69,70,71,72,73,74,75,76,77,78,79,80,81,82,83,84,85,86,87,88,89,90,91,92,93,94,95,96,97,98,99,100,101,102,103,104,105,106,107,108,109,110,108,108,108,108,108,111,112,113,114,115,116,117,118","0.0025181770324707","infomap","edit-xhwikibooks.graphml"
"0.13","0.86","0.01","0.862408734451055","1,1,1,2,3,4,5,6,7,8,9,10,11,11,12,13,14,15,16,17,18,19,20,6,21,21,21,22,23,24,25,26,27,28,29,30,31,32,33,34,35,36,37,38,39,40,41,42,43,44,45,46,47,48,49,50,51,52,53,54,55,56,57,58,59,60,61,62,63,64,65,66,67,68,69,70,71,72,73,74,75,76,77,78,79,80,81,82,83,84,85,86,87,88,89,90,91,92,93,94,95,96,97,98,99,100,101,102,103,104,105,106,107,108,109,110,108,108,108,108,108,111,112,113,114,115,116,117,118","0.00256991386413574","infomap","edit-xhwikibooks.graphml"
"0.12","0.87","0.01","0.862408734451055","1,1,1,2,3,4,5,6,7,8,9,10,11,11,12,13,14,15,16,17,18,19,20,6,21,21,21,22,23,24,25,26,27,28,29,30,31,32,33,34,35,36,37,38,39,40,41,42,43,44,45,46,47,48,49,50,51,52,53,54,55,56,57,58,59,60,61,62,63,64,65,66,67,68,69,70,71,72,73,74,75,76,77,78,79,80,81,82,83,84,85,86,87,88,89,90,91,92,93,94,95,96,97,98,99,100,101,102,103,104,105,106,107,108,109,110,108,108,108,108,108,111,112,113,114,115,116,117,118","0.00256896018981934","infomap","edit-xhwikibooks.graphml"
"0.11","0.88","0.01","0.860987670820943","1,1,1,2,3,4,5,6,7,8,9,10,11,11,12,13,14,15,16,17,18,19,20,6,21,21,21,22,23,24,25,26,27,28,29,30,31,32,33,34,35,36,37,38,39,40,41,42,43,44,45,46,47,48,49,50,51,52,53,54,55,56,57,58,59,60,61,62,63,64,65,66,67,68,69,70,71,72,73,74,75,76,77,78,79,80,81,82,83,84,85,86,87,88,89,90,91,92,93,94,95,96,97,98,99,100,101,102,103,104,105,106,107,108,109,110,108,108,108,108,108,111,112,113,114,115,116,117,118","0.00249385833740234","infomap","edit-xhwikibooks.graphml"
"0.1","0.89","0.01","0.86254693877551","1,1,1,2,3,4,5,6,7,8,9,10,11,11,12,13,14,15,16,17,18,19,20,6,21,21,21,22,23,24,25,26,27,28,29,30,31,32,33,34,35,36,37,38,39,40,41,42,43,44,45,46,47,48,49,50,51,52,53,54,55,56,57,58,59,60,61,62,63,64,65,66,67,68,69,70,71,72,73,74,75,76,77,78,79,80,81,82,83,84,85,86,87,88,89,90,91,92,93,94,95,96,97,98,99,100,101,102,103,104,105,106,107,108,109,110,108,108,108,108,108,111,112,113,114,115,116,117,118","0.00262808799743652","infomap","edit-xhwikibooks.graphml"
"0.09","0.9","0.01","0.861134426652893","1,1,1,2,3,4,5,6,7,8,9,10,11,11,12,13,14,15,16,17,18,19,20,6,21,21,21,22,23,24,25,26,27,28,29,30,31,32,33,34,35,36,37,38,39,40,41,42,43,44,45,46,47,48,49,50,51,52,53,54,55,56,57,58,59,60,61,62,63,64,65,66,67,68,69,70,71,72,73,74,75,76,77,78,79,80,81,82,83,84,85,86,87,88,89,90,91,92,93,94,95,96,97,98,99,100,101,102,103,104,105,106,107,108,109,110,108,108,108,108,108,111,112,113,114,115,116,117,118","0.00248503684997559","infomap","edit-xhwikibooks.graphml"
"0.08","0.91","0.01","0.861134426652893","1,1,1,2,3,4,5,6,7,8,9,10,11,11,12,13,14,15,16,17,18,19,20,6,21,21,21,22,23,24,25,26,27,28,29,30,31,32,33,34,35,36,37,38,39,40,41,42,43,44,45,46,47,48,49,50,51,52,53,54,55,56,57,58,59,60,61,62,63,64,65,66,67,68,69,70,71,72,73,74,75,76,77,78,79,80,81,82,83,84,85,86,87,88,89,90,91,92,93,94,95,96,97,98,99,100,101,102,103,104,105,106,107,108,109,110,108,108,108,108,108,111,112,113,114,115,116,117,118","0.00250792503356934","infomap","edit-xhwikibooks.graphml"
"0.07","0.92","0.01","0.85969868173258","1,1,1,2,3,4,5,6,7,8,9,10,11,11,12,13,14,15,16,17,18,19,20,6,21,21,21,22,23,24,25,26,27,28,29,30,31,32,33,34,35,36,37,38,39,40,41,42,43,44,45,46,47,48,49,50,51,52,53,54,55,56,57,58,59,60,61,62,63,64,65,66,67,68,69,70,71,72,73,74,75,76,77,78,79,80,81,82,83,84,85,86,87,88,89,90,91,92,93,94,95,96,97,98,99,100,101,102,103,104,105,106,107,108,109,110,108,108,108,108,108,111,112,113,114,115,116,117,118","0.00254988670349121","infomap","edit-xhwikibooks.graphml"
"0.06","0.93","0.01","0.860323822749653","1,1,1,2,3,4,5,6,7,8,9,10,11,11,12,13,14,15,16,17,18,19,20,6,21,21,21,22,23,24,25,26,27,28,29,30,31,32,33,34,35,36,37,38,39,40,41,42,43,44,45,46,47,48,49,50,51,52,53,54,55,56,57,58,59,60,61,62,63,64,65,66,67,68,69,70,71,72,73,74,75,76,77,78,79,80,81,82,83,84,85,86,87,88,89,90,91,92,93,94,95,96,97,98,99,100,101,102,103,104,105,106,107,108,109,110,108,108,108,108,108,111,112,113,114,115,116,117,118","0.00248289108276367","infomap","edit-xhwikibooks.graphml"
"0.05","0.94","0.01","0.858883929964733","1,1,1,2,3,4,5,6,7,8,9,10,11,11,12,13,14,15,16,17,18,19,20,6,21,21,21,22,23,24,25,26,27,28,29,30,31,32,33,34,35,36,37,38,39,40,41,42,43,44,45,46,47,48,49,50,51,52,53,54,55,56,57,58,59,60,61,62,63,64,65,66,67,68,69,70,71,72,73,74,75,76,77,78,79,80,81,82,83,84,85,86,87,88,89,90,91,92,93,94,95,96,97,98,99,100,101,102,103,104,105,106,107,108,109,110,108,108,108,108,108,111,112,113,114,115,116,117,118","0.00251913070678711","infomap","edit-xhwikibooks.graphml"
"0.04","0.95","0.01","0.858883929964733","1,1,1,2,3,4,5,6,7,8,9,10,11,11,12,13,14,15,16,17,18,19,20,6,21,21,21,22,23,24,25,26,27,28,29,30,31,32,33,34,35,36,37,38,39,40,41,42,43,44,45,46,47,48,49,50,51,52,53,54,55,56,57,58,59,60,61,62,63,64,65,66,67,68,69,70,71,72,73,74,75,76,77,78,79,80,81,82,83,84,85,86,87,88,89,90,91,92,93,94,95,96,97,98,99,100,101,102,103,104,105,106,107,108,109,110,108,108,108,108,108,111,112,113,114,115,116,117,118","0.00250601768493652","infomap","edit-xhwikibooks.graphml"
"0.03","0.96","0.01","0.857422839506173","1,1,1,2,3,4,5,6,7,8,9,10,11,11,12,13,14,15,16,17,18,19,20,6,21,21,21,22,23,24,25,26,27,28,29,30,31,32,33,34,35,36,37,38,39,40,41,42,43,44,45,46,47,48,49,50,51,52,53,54,55,56,57,58,59,60,61,62,63,64,65,66,67,68,69,70,71,72,73,74,75,76,77,78,79,80,81,82,83,84,85,86,87,88,89,90,91,92,93,94,95,96,97,98,99,100,101,102,103,104,105,106,107,108,109,110,108,108,108,108,108,111,112,113,114,115,116,117,118","0.00247788429260254","infomap","edit-xhwikibooks.graphml"
"0.02","0.97","0.01","0.857422839506173","1,1,1,2,3,4,5,6,7,8,9,10,11,11,12,13,14,15,16,17,18,19,20,6,21,21,21,22,23,24,25,26,27,28,29,30,31,32,33,34,35,36,37,38,39,40,41,42,43,44,45,46,47,48,49,50,51,52,53,54,55,56,57,58,59,60,61,62,63,64,65,66,67,68,69,70,71,72,73,74,75,76,77,78,79,80,81,82,83,84,85,86,87,88,89,90,91,92,93,94,95,96,97,98,99,100,101,102,103,104,105,106,107,108,109,110,108,108,108,108,108,111,112,113,114,115,116,117,118","0.00253105163574219","infomap","edit-xhwikibooks.graphml"
"0.01","0.98","0.01","0.855941515826745","1,1,1,2,3,4,5,6,7,8,9,10,11,11,12,13,14,15,16,17,18,19,20,6,21,21,21,22,23,24,25,26,27,28,29,30,31,32,33,34,35,36,37,38,39,40,41,42,43,44,45,46,47,48,49,50,51,52,53,54,55,56,57,58,59,60,61,62,63,64,65,66,67,68,69,70,71,72,73,74,75,76,77,78,79,80,81,82,83,84,85,86,87,88,89,90,91,92,93,94,95,96,97,98,99,100,101,102,103,104,105,106,107,108,109,110,108,108,108,108,108,111,112,113,114,115,116,117,118","0.00252294540405273","infomap","edit-xhwikibooks.graphml"
"0","0.99","0.01","0.729024943310657","1,1,1,1,1,2,3,1,4,5,6,7,8,8,9,10,11,12,13,14,1,1,15,1,16,16,16,17,1,18,19,20,21,22,23,24,25,26,27,28,29,30,31,32,33,34,35,36,37,38,39,40,41,42,43,44,45,46,47,48,49,50,51,52,53,54,55,56,57,58,59,60,61,62,63,64,65,66,67,68,69,70,71,72,73,74,75,76,77,78,79,80,81,82,83,84,85,86,87,88,89,90,91,92,93,94,95,96,97,98,99,100,101,102,103,104,102,102,102,102,102,105,106,107,108,109,110,111,112","0.00303411483764648","infomap","edit-xhwikibooks.graphml"
"0.98","0","0.02","0.725153739337433","1,1,1,1,2,1,2,1,1,3,2,4,5,6,6,7,3,2,8,4,9,10,5,5,6,6,6,7,1,3,2,8,4,4,11,11,12,6,9,9,9,9,10,10,10,10,9,10,10,10,9,9,9,9,9,10,10,10,10,9,5,9,9,5,6,9,9,9,9,9,10,9,6,6,9,9,9,9,9,9,9,6,7,7,7,1,9,9,9,9,3,2,8,9,9,9,7,9,9,9,9,9,9,9,9,9,9,4,4,4,9,9,9,11,11,11,11,11,11,11,11,12,12,12,12,12,12,12,12","0.010634183883667","infomap","edit-xhwikibooks.graphml"
"0.97","0.01","0.02","0.7253025193414","1,1,1,1,2,1,2,1,1,3,4,2,5,6,6,7,3,4,4,8,9,10,5,5,6,6,6,7,1,3,4,4,8,8,11,11,12,6,9,9,9,9,10,10,10,10,9,10,10,10,9,9,9,9,9,10,10,10,10,9,5,9,9,5,6,9,9,9,9,9,10,9,6,6,9,9,9,9,9,9,9,6,7,7,7,1,9,9,9,9,3,4,4,9,9,9,7,9,9,9,9,9,9,9,9,9,9,8,8,8,9,9,9,11,11,11,11,11,11,11,11,12,12,12,12,12,12,12,12","0.00998592376708984","infomap","edit-xhwikibooks.graphml"
"0.96","0.02","0.02","0.725153739337433","1,1,1,1,2,1,2,1,1,3,2,4,5,6,6,7,3,2,8,4,9,10,5,5,6,6,6,7,1,3,2,8,4,4,11,11,12,6,9,9,9,9,10,10,10,10,9,10,10,10,9,9,9,9,9,10,10,10,10,9,5,9,9,5,6,9,9,9,9,9,10,9,6,6,9,9,9,9,9,9,9,6,7,7,7,1,9,9,9,9,3,2,8,9,9,9,7,9,9,9,9,9,9,9,9,9,9,4,4,4,9,9,9,11,11,11,11,11,11,11,11,12,12,12,12,12,12,12,12","0.0101010799407959","infomap","edit-xhwikibooks.graphml"
"0.95","0.03","0.02","0.70352709254622","1,1,1,1,2,3,2,4,3,3,5,2,4,4,6,7,3,5,5,8,9,10,4,4,6,11,6,7,1,3,5,5,8,8,12,12,13,6,9,9,9,9,10,10,10,10,9,10,10,10,9,9,9,9,9,10,10,10,10,9,14,9,9,4,6,9,9,9,9,9,10,9,11,11,9,9,9,9,9,9,9,6,7,7,7,15,9,9,9,9,16,17,18,9,9,9,7,9,9,9,9,9,9,9,9,9,9,8,8,8,9,9,9,12,12,12,12,12,12,12,12,13,13,13,13,13,13,13,13","0.00877499580383301","infomap","edit-xhwikibooks.graphml"
"0.94","0.04","0.02","0.70352709254622","1,1,1,1,2,3,2,4,3,3,5,2,4,4,6,7,3,5,5,8,9,10,4,4,6,11,6,7,1,3,5,5,8,8,12,12,13,6,9,9,9,9,10,10,10,10,9,10,10,10,9,9,9,9,9,10,10,10,10,9,14,9,9,4,6,9,9,9,9,9,10,9,11,11,9,9,9,9,9,9,9,6,7,7,7,15,9,9,9,9,16,17,18,9,9,9,7,9,9,9,9,9,9,9,9,9,9,8,8,8,9,9,9,12,12,12,12,12,12,12,12,13,13,13,13,13,13,13,13","0.0078577995300293","infomap","edit-xhwikibooks.graphml"
"0.93","0.05","0.02","0.7047119140625","1,1,1,1,2,1,2,1,1,1,2,3,4,5,5,6,7,2,2,3,8,9,4,4,5,5,5,6,1,10,11,2,3,3,12,12,13,5,8,8,8,8,9,9,9,9,8,9,9,9,8,8,8,8,8,9,9,9,9,8,14,8,8,15,16,8,8,8,8,8,9,8,5,5,8,8,8,8,8,8,8,17,6,6,6,18,8,8,8,8,19,20,21,8,8,8,22,8,8,8,8,8,8,8,8,8,8,23,24,8,8,8,8,12,12,12,12,12,12,12,12,13,13,13,13,13,13,13,13","0.00733804702758789","infomap","edit-xhwikibooks.graphml"
"0.92","0.06","0.02","0.7047119140625","1,1,1,1,2,1,2,1,1,1,2,3,4,5,5,6,7,2,2,3,8,9,4,4,5,5,5,6,1,10,11,2,3,3,12,12,13,5,8,8,8,8,9,9,9,9,8,9,9,9,8,8,8,8,8,9,9,9,9,8,14,8,8,15,16,8,8,8,8,8,9,8,5,5,8,8,8,8,8,8,8,17,6,6,6,18,8,8,8,8,19,20,21,8,8,8,22,8,8,8,8,8,8,8,8,8,8,23,24,8,8,8,8,12,12,12,12,12,12,12,12,13,13,13,13,13,13,13,13","0.00553202629089355","infomap","edit-xhwikibooks.graphml"
"0.91","0.07","0.02","0.683969754253308","1,1,1,2,3,2,4,5,2,2,4,6,5,5,5,2,7,8,4,9,10,11,12,5,5,5,5,2,1,13,14,15,9,16,17,17,18,5,10,10,10,10,11,11,11,11,10,11,11,11,10,10,10,10,10,11,11,11,11,10,19,10,10,20,21,10,10,10,10,10,11,10,22,23,10,10,10,10,10,10,10,24,25,26,27,28,10,10,10,10,29,30,31,10,10,10,32,10,10,10,10,10,10,10,10,10,10,33,34,10,10,10,10,17,17,17,17,17,17,17,17,18,18,18,18,18,18,18,18","0.0037541389465332","infomap","edit-xhwikibooks.graphml"
"0.9","0.08","0.02","0.686868311533888","1,1,1,2,3,2,4,5,2,2,4,6,5,5,5,2,7,8,4,9,10,11,12,5,5,5,5,2,1,13,14,15,9,16,17,17,18,5,10,10,10,10,11,11,11,11,10,11,11,11,10,10,10,10,10,11,11,11,11,10,19,10,10,20,21,10,10,10,10,10,11,10,22,23,10,10,10,10,10,10,10,24,25,26,27,28,10,10,10,10,29,30,31,10,10,10,32,10,10,10,10,10,10,10,10,10,10,33,34,10,10,10,10,17,17,17,17,17,17,17,17,18,18,18,18,18,18,18,18","0.00393104553222656","infomap","edit-xhwikibooks.graphml"
"0.89","0.09","0.02","0.67732379193598","1,1,1,2,3,2,4,5,2,2,6,7,5,5,5,2,8,9,10,11,12,13,14,5,5,5,5,2,1,15,16,17,18,19,10,10,20,5,12,12,12,12,13,13,13,13,12,13,13,13,12,12,12,12,12,13,13,13,13,12,21,12,12,22,23,12,12,12,12,12,13,12,24,25,12,12,12,12,12,12,12,26,27,28,29,30,12,12,12,12,31,32,33,12,12,12,34,12,12,12,12,12,12,12,12,12,12,35,36,12,12,12,12,10,10,10,10,10,10,10,10,20,20,20,20,20,20,20,20","0.0036919116973877","infomap","edit-xhwikibooks.graphml"
"0.88","0.1","0.02","0.67732379193598","1,1,1,2,3,2,4,5,2,2,6,7,5,5,5,2,8,9,10,11,12,13,14,5,5,5,5,2,1,15,16,17,18,19,10,10,20,5,12,12,12,12,13,13,13,13,12,13,13,13,12,12,12,12,12,13,13,13,13,12,21,12,12,22,23,12,12,12,12,12,13,12,24,25,12,12,12,12,12,12,12,26,27,28,29,30,12,12,12,12,31,32,33,12,12,12,34,12,12,12,12,12,12,12,12,12,12,35,36,12,12,12,12,10,10,10,10,10,10,10,10,20,20,20,20,20,20,20,20","0.00348377227783203","infomap","edit-xhwikibooks.graphml"
"0.87","0.11","0.02","0.658993350728053","1,1,1,2,3,4,5,4,6,7,8,9,4,6,6,4,10,11,12,13,14,15,16,6,6,6,6,17,18,19,20,21,22,23,12,12,24,6,14,14,14,14,15,15,15,15,14,15,15,15,14,14,14,14,14,15,15,15,15,14,25,14,14,26,27,14,14,14,14,14,15,14,28,29,14,14,14,14,14,14,14,30,31,32,33,34,14,14,14,14,35,36,37,14,14,14,38,14,14,14,14,14,14,14,14,14,14,39,40,14,14,14,14,12,12,12,12,12,12,12,12,24,24,24,24,24,24,24,24","0.00350403785705566","infomap","edit-xhwikibooks.graphml"
"0.86","0.12","0.02","0.666139112085058","1,1,1,2,3,4,5,4,6,7,8,9,4,6,6,4,10,11,12,13,14,15,16,6,6,6,6,17,18,19,20,21,22,23,12,12,24,6,14,14,14,14,15,15,15,15,14,15,15,15,14,14,14,14,14,15,15,15,15,14,25,14,14,26,27,14,14,14,14,14,15,14,28,29,14,14,14,14,14,14,14,30,31,32,33,34,14,14,14,14,35,36,37,14,14,14,38,14,14,14,14,14,14,14,14,14,14,39,40,14,14,14,14,12,12,12,12,12,12,12,12,24,24,24,24,24,24,24,24","0.0036618709564209","infomap","edit-xhwikibooks.graphml"
"0.85","0.13","0.02","0.656215806750273","1,1,1,2,3,1,4,1,5,6,7,8,9,5,5,10,11,12,13,14,15,16,17,5,5,5,5,18,19,20,21,22,23,24,13,13,25,26,15,15,15,15,16,16,16,16,15,16,16,16,15,15,15,15,15,16,16,16,16,15,27,15,15,28,29,15,15,15,15,15,16,15,30,31,15,15,15,15,15,15,15,32,33,34,35,36,15,15,15,15,37,38,39,15,15,15,40,15,15,15,15,15,15,15,15,15,15,41,42,15,15,15,15,13,13,13,13,13,13,13,13,25,25,25,25,25,25,25,25","0.00331592559814453","infomap","edit-xhwikibooks.graphml"
"0.84","0.14","0.02","0.656215806750273","1,1,1,2,3,1,4,1,5,6,7,8,9,5,5,10,11,12,13,14,15,16,17,5,5,5,5,18,19,20,21,22,23,24,13,13,25,26,15,15,15,15,16,16,16,16,15,16,16,16,15,15,15,15,15,16,16,16,16,15,27,15,15,28,29,15,15,15,15,15,16,15,30,31,15,15,15,15,15,15,15,32,33,34,35,36,15,15,15,15,37,38,39,15,15,15,40,15,15,15,15,15,15,15,15,15,15,41,42,15,15,15,15,13,13,13,13,13,13,13,13,25,25,25,25,25,25,25,25","0.00341200828552246","infomap","edit-xhwikibooks.graphml"
"0.83","0.15","0.02","0.650377229080933","1,1,1,2,3,4,5,6,7,8,9,10,11,6,6,12,13,14,15,16,17,18,19,20,6,6,6,21,22,23,24,25,26,27,15,15,28,29,17,17,17,17,18,18,18,18,17,18,18,18,17,17,17,17,17,18,18,18,18,17,30,17,17,31,32,17,17,17,17,17,18,17,33,34,17,17,17,17,17,17,17,35,36,37,38,39,17,17,17,17,40,41,42,17,17,17,43,17,17,17,17,17,17,17,17,17,17,44,45,17,17,17,17,15,15,15,15,15,15,15,15,28,28,28,28,28,28,28,28","0.0034019947052002","infomap","edit-xhwikibooks.graphml"
"0.82","0.16","0.02","0.654069522767444","1,1,1,2,3,4,5,6,7,8,9,10,11,6,6,12,13,14,15,16,17,18,19,20,6,6,6,21,22,23,24,25,26,27,15,15,28,29,17,17,17,17,18,18,18,18,17,18,18,18,17,17,17,17,17,18,18,18,18,17,30,17,17,31,32,17,17,17,17,17,18,17,33,34,17,17,17,17,17,17,17,35,36,37,38,39,17,17,17,17,40,41,42,17,17,17,43,17,17,17,17,17,17,17,17,17,17,44,45,17,17,17,17,15,15,15,15,15,15,15,15,28,28,28,28,28,28,28,28","0.00361895561218262","infomap","edit-xhwikibooks.graphml"
"0.81","0.17","0.02","0.590899625156185","1,1,1,2,3,4,5,6,7,8,9,10,11,12,12,13,14,15,16,17,18,19,20,21,12,12,12,22,23,24,25,26,27,28,16,16,12,29,18,18,18,18,19,19,19,19,18,19,19,19,18,18,18,18,18,19,19,19,19,18,30,18,18,31,32,18,18,18,18,18,19,18,33,34,18,18,18,18,18,18,18,35,36,37,38,39,18,18,18,18,40,41,42,18,18,18,43,18,18,18,18,18,18,18,18,18,18,44,45,18,18,18,18,16,46,47,16,16,16,16,16,48,49,50,51,52,53,54,55","0.00343203544616699","infomap","edit-xhwikibooks.graphml"
"0.8","0.18","0.02","0.590899625156185","1,1,1,2,3,4,5,6,7,8,9,10,11,12,12,13,14,15,16,17,18,19,20,21,12,12,12,22,23,24,25,26,27,28,16,16,12,29,18,18,18,18,19,19,19,19,18,19,19,19,18,18,18,18,18,19,19,19,19,18,30,18,18,31,32,18,18,18,18,18,19,18,33,34,18,18,18,18,18,18,18,35,36,37,38,39,18,18,18,18,40,41,42,18,18,18,43,18,18,18,18,18,18,18,18,18,18,44,45,18,18,18,18,16,46,47,16,16,16,16,16,48,49,50,51,52,53,54,55","0.00337100028991699","infomap","edit-xhwikibooks.graphml"
"0.79","0.19","0.02","0.580695543523532","1,1,1,2,3,4,5,6,7,8,9,10,11,12,13,14,15,16,17,18,19,20,21,22,13,13,13,23,24,25,26,27,28,29,17,17,13,30,19,19,19,19,20,20,20,20,19,20,20,20,19,19,19,19,19,20,20,20,20,19,31,19,19,32,33,19,19,19,19,19,20,19,34,35,19,19,19,19,19,19,19,36,37,38,39,40,19,19,19,19,41,42,43,19,19,19,44,19,19,19,19,19,19,19,19,19,19,45,46,19,19,19,19,17,47,48,17,17,17,17,17,49,50,51,52,53,54,55,56","0.00300192832946777","infomap","edit-xhwikibooks.graphml"
"0.78","0.2","0.02","0.603274188805019","1,1,1,2,3,4,5,6,7,8,9,10,11,12,13,14,15,16,17,18,19,20,21,22,13,13,13,23,24,25,26,27,28,29,17,17,13,30,19,19,19,19,20,20,20,20,19,20,20,20,19,19,19,19,19,20,20,20,20,19,31,19,19,32,33,19,19,19,19,19,20,19,34,35,19,19,19,19,19,19,19,36,37,38,39,40,19,19,19,19,41,42,43,19,19,19,44,19,19,19,19,19,19,19,19,19,19,45,46,19,19,19,19,17,47,48,17,17,17,17,17,49,50,51,52,53,54,55,56","0.00313401222229004","infomap","edit-xhwikibooks.graphml"
"0.77","0.21","0.02","0.581573308846036","1,1,1,2,3,4,5,6,7,8,9,10,11,12,13,14,15,16,17,18,19,20,21,22,23,13,24,25,26,27,28,29,30,31,32,32,13,33,19,19,19,19,20,20,20,20,19,20,20,20,19,19,19,19,19,20,20,20,20,19,34,19,19,35,36,19,19,19,19,19,20,19,37,38,19,19,19,19,19,19,19,39,40,41,42,43,19,19,19,19,44,45,46,19,19,19,47,19,19,19,19,19,19,19,19,19,19,48,49,19,19,19,19,32,50,51,32,32,32,32,32,52,53,54,55,56,57,58,59","0.00302410125732422","infomap","edit-xhwikibooks.graphml"
"0.76","0.22","0.02","0.581573308846036","1,1,1,2,3,4,5,6,7,8,9,10,11,12,13,14,15,16,17,18,19,20,21,22,23,13,24,25,26,27,28,29,30,31,32,32,13,33,19,19,19,19,20,20,20,20,19,20,20,20,19,19,19,19,19,20,20,20,20,19,34,19,19,35,36,19,19,19,19,19,20,19,37,38,19,19,19,19,19,19,19,39,40,41,42,43,19,19,19,19,44,45,46,19,19,19,47,19,19,19,19,19,19,19,19,19,19,48,49,19,19,19,19,32,50,51,32,32,32,32,32,52,53,54,55,56,57,58,59","0.00286388397216797","infomap","edit-xhwikibooks.graphml"
"0.75","0.23","0.02","0.582884030977355","1,1,1,2,3,4,5,6,7,8,9,10,11,12,13,14,15,16,17,18,19,20,21,22,23,24,25,26,27,28,29,30,31,32,33,33,13,34,19,19,19,19,20,20,20,20,19,20,20,20,19,19,19,19,19,20,20,20,20,19,35,19,19,36,37,19,19,19,19,19,20,19,38,39,19,19,19,19,19,19,19,40,41,42,43,44,19,19,19,19,45,46,47,19,19,19,48,19,19,19,19,19,19,19,19,19,19,49,50,19,19,19,19,33,51,52,33,33,33,33,33,53,54,55,56,57,58,59,60","0.00290393829345703","infomap","edit-xhwikibooks.graphml"
"0.74","0.24","0.02","0.587850826605152","1,1,1,2,3,4,5,6,7,8,9,10,11,12,13,14,15,16,17,18,19,20,21,22,23,24,25,26,27,28,29,30,31,32,33,33,13,34,19,19,19,19,20,20,20,20,19,20,20,20,19,19,19,19,19,20,20,20,20,19,35,19,19,36,37,19,19,19,19,19,20,19,38,39,19,19,19,19,19,19,19,40,41,42,43,44,19,19,19,19,45,46,47,19,19,19,48,19,19,19,19,19,19,19,19,19,19,49,50,19,19,19,19,33,51,52,33,33,33,33,33,53,54,55,56,57,58,59,60","0.00297713279724121","infomap","edit-xhwikibooks.graphml"
"0.73","0.25","0.02","0.495243757431629","1,1,1,2,3,4,5,6,7,8,9,10,11,12,13,14,15,16,17,18,19,1,20,21,22,23,24,25,26,27,28,29,30,31,32,32,13,33,19,19,19,19,34,35,36,37,19,38,39,40,19,19,19,19,19,41,42,43,44,19,45,19,19,46,47,19,19,19,19,19,48,19,49,50,19,19,19,19,19,19,19,51,52,53,54,55,19,19,19,19,56,57,58,19,19,19,59,19,19,19,19,19,19,19,19,19,19,60,61,19,19,19,19,32,62,63,32,32,32,32,32,64,65,66,67,68,69,70,71","0.00306391716003418","infomap","edit-xhwikibooks.graphml"
"0.72","0.26","0.02","0.495243757431629","1,1,1,2,3,4,5,6,7,8,9,10,11,12,13,14,15,16,17,18,19,1,20,21,22,23,24,25,26,27,28,29,30,31,32,32,13,33,19,19,19,19,34,35,36,37,19,38,39,40,19,19,19,19,19,41,42,43,44,19,45,19,19,46,47,19,19,19,19,19,48,19,49,50,19,19,19,19,19,19,19,51,52,53,54,55,19,19,19,19,56,57,58,19,19,19,59,19,19,19,19,19,19,19,19,19,19,60,61,19,19,19,19,32,62,63,32,32,32,32,32,64,65,66,67,68,69,70,71","0.00294589996337891","infomap","edit-xhwikibooks.graphml"
"0.71","0.27","0.02","0.495243757431629","1,1,1,2,3,4,5,6,7,8,9,10,11,12,13,14,15,16,17,18,19,1,20,21,22,23,24,25,26,27,28,29,30,31,32,32,13,33,19,19,19,19,34,35,36,37,19,38,39,40,19,19,19,19,19,41,42,43,44,19,45,19,19,46,47,19,19,19,19,19,48,19,49,50,19,19,19,19,19,19,19,51,52,53,54,55,19,19,19,19,56,57,58,19,19,19,59,19,19,19,19,19,19,19,19,19,19,60,61,19,19,19,19,32,62,63,32,32,32,32,32,64,65,66,67,68,69,70,71","0.00292301177978516","infomap","edit-xhwikibooks.graphml"
"0.7","0.28","0.02","0.491025309917355","1,1,1,2,3,4,5,6,7,8,9,10,11,12,13,14,15,16,17,18,19,1,20,21,22,23,24,25,26,27,28,29,30,31,32,32,13,33,19,19,19,19,34,35,36,37,19,38,39,40,19,19,19,19,19,41,42,43,44,19,45,19,19,46,47,19,19,19,19,19,48,19,49,50,19,19,19,19,19,19,19,51,52,53,54,55,19,19,19,19,56,57,58,19,19,19,59,19,19,19,19,19,19,19,19,19,19,60,61,19,19,19,19,32,62,63,32,32,32,32,32,64,65,66,67,68,69,70,71","0.00292491912841797","infomap","edit-xhwikibooks.graphml"
"0.69","0.29","0.02","0.440629989838873","1,1,1,2,3,4,5,6,7,8,9,10,11,12,13,14,15,16,17,18,19,1,20,21,22,23,24,25,26,27,28,29,30,31,32,32,33,34,19,19,19,19,35,36,37,38,19,39,40,41,19,19,19,19,19,42,43,44,45,19,46,19,19,47,48,19,19,19,19,19,49,19,50,51,19,19,19,19,19,19,19,52,53,54,55,56,19,19,19,19,57,58,59,19,19,19,60,19,19,19,19,19,19,19,19,19,19,61,62,19,19,19,19,63,64,65,66,67,68,69,70,71,72,73,74,75,76,77,78","0.00296282768249512","infomap","edit-xhwikibooks.graphml"
"0.68","0.3","0.02","0.436437074829932","1,1,1,2,3,4,5,6,7,8,9,10,11,12,13,14,15,16,17,18,19,1,20,21,22,23,24,25,26,27,28,29,30,31,32,32,33,34,19,19,19,19,35,36,37,38,19,39,40,41,19,19,19,19,19,42,43,44,45,19,46,19,19,47,48,19,19,19,19,19,49,19,50,51,19,19,19,19,19,19,19,52,53,54,55,56,19,19,19,19,57,58,59,19,19,19,60,19,19,19,19,19,19,19,19,19,19,61,62,19,19,19,19,63,64,65,66,67,68,69,70,71,72,73,74,75,76,77,78","0.00302577018737793","infomap","edit-xhwikibooks.graphml"
"0.67","0.31","0.02","0.446989619377163","1,1,1,2,3,4,5,6,7,8,9,10,11,12,13,14,15,16,17,18,19,1,20,21,22,23,24,25,26,27,28,29,30,31,32,32,33,34,19,19,19,19,35,36,37,38,19,39,40,41,19,19,19,19,19,42,43,44,45,19,46,19,19,47,48,19,19,19,19,19,49,19,50,51,19,19,19,19,19,19,19,52,53,54,55,56,19,19,19,19,57,58,59,19,19,19,60,19,19,19,19,19,19,19,19,19,19,61,62,19,19,19,19,63,64,65,66,67,68,69,70,71,72,73,74,75,76,77,78","0.00287389755249023","infomap","edit-xhwikibooks.graphml"
"0.66","0.32","0.02","0.442874526771228","1,1,1,2,3,4,5,6,7,8,9,10,11,12,13,14,15,16,17,18,19,1,20,21,22,23,24,25,26,27,28,29,30,31,32,32,33,34,19,19,19,19,35,36,37,38,19,39,40,41,19,19,19,19,19,42,43,44,45,19,46,19,19,47,48,19,19,19,19,19,49,19,50,51,19,19,19,19,19,19,19,52,53,54,55,56,19,19,19,19,57,58,59,19,19,19,60,19,19,19,19,19,19,19,19,19,19,61,62,19,19,19,19,63,64,65,66,67,68,69,70,71,72,73,74,75,76,77,78","0.00304102897644043","infomap","edit-xhwikibooks.graphml"
"0.65","0.33","0.02","0.448823688480259","1,1,1,2,3,4,5,6,7,8,9,10,11,12,13,14,15,16,17,18,19,20,21,22,23,24,25,26,27,28,29,30,31,32,33,33,34,35,19,19,19,19,36,37,38,39,19,40,41,42,19,19,19,19,19,43,44,45,46,19,47,19,19,48,49,19,19,19,19,19,50,19,51,52,19,19,19,19,19,19,19,53,54,55,56,57,19,19,19,19,58,59,60,19,19,19,61,19,19,19,19,19,19,19,19,19,19,62,63,19,19,19,19,64,65,66,67,68,69,70,71,72,73,74,75,76,77,78,79","0.00256109237670898","infomap","edit-xhwikibooks.graphml"
"0.64","0.34","0.02","0.564209391236153","1,1,1,2,3,4,5,6,7,8,9,10,11,12,12,13,14,15,16,17,18,19,20,21,22,23,24,25,26,27,28,29,30,31,32,33,34,35,18,18,18,18,36,37,38,39,18,40,41,42,18,18,18,18,18,43,44,45,46,18,47,18,18,48,49,18,18,18,18,18,50,18,51,52,18,18,18,18,18,18,18,53,54,55,56,57,18,18,18,18,58,59,60,18,18,18,61,18,18,18,18,18,18,18,18,18,18,62,63,18,18,18,18,64,65,66,67,68,69,70,71,72,73,74,75,76,77,78,79","0.00262188911437988","infomap","edit-xhwikibooks.graphml"
"0.63","0.35","0.02","0.564209391236153","1,1,1,2,3,4,5,6,7,8,9,10,11,12,12,13,14,15,16,17,18,19,20,21,22,23,24,25,26,27,28,29,30,31,32,33,34,35,18,18,18,18,36,37,38,39,18,40,41,42,18,18,18,18,18,43,44,45,46,18,47,18,18,48,49,18,18,18,18,18,50,18,51,52,18,18,18,18,18,18,18,53,54,55,56,57,18,18,18,18,58,59,60,18,18,18,61,18,18,18,18,18,18,18,18,18,18,62,63,18,18,18,18,64,65,66,67,68,69,70,71,72,73,74,75,76,77,78,79","0.00278091430664062","infomap","edit-xhwikibooks.graphml"
"0.62","0.36","0.02","0.560121107266436","1,1,1,2,3,4,5,6,7,8,9,10,11,12,12,13,14,15,16,17,18,19,20,21,22,23,24,25,26,27,28,29,30,31,32,33,34,35,18,18,18,18,36,37,38,39,18,40,41,42,18,18,18,18,18,43,44,45,46,18,47,18,18,48,49,18,18,18,18,18,50,18,51,52,18,18,18,18,18,18,18,53,54,55,56,57,18,18,18,18,58,59,60,18,18,18,61,18,18,18,18,18,18,18,18,18,18,62,63,18,18,18,18,64,65,66,67,68,69,70,71,72,73,74,75,76,77,78,79","0.00264096260070801","infomap","edit-xhwikibooks.graphml"
"0.61","0.37","0.02","0.560121107266436","1,1,1,2,3,4,5,6,7,8,9,10,11,12,12,13,14,15,16,17,18,19,20,21,22,23,24,25,26,27,28,29,30,31,32,33,34,35,18,18,18,18,36,37,38,39,18,40,41,42,18,18,18,18,18,43,44,45,46,18,47,18,18,48,49,18,18,18,18,18,50,18,51,52,18,18,18,18,18,18,18,53,54,55,56,57,18,18,18,18,58,59,60,18,18,18,61,18,18,18,18,18,18,18,18,18,18,62,63,18,18,18,18,64,65,66,67,68,69,70,71,72,73,74,75,76,77,78,79","0.00270390510559082","infomap","edit-xhwikibooks.graphml"
"0.6","0.38","0.02","0.556084456593459","1,1,1,2,3,4,5,6,7,8,9,10,11,12,12,13,14,15,16,17,18,19,20,21,22,23,24,25,26,27,28,29,30,31,32,33,34,35,18,18,18,18,36,37,38,39,18,40,41,42,18,18,18,18,18,43,44,45,46,18,47,18,18,48,49,18,18,18,18,18,50,18,51,52,18,18,18,18,18,18,18,53,54,55,56,57,18,18,18,18,58,59,60,18,18,18,61,18,18,18,18,18,18,18,18,18,18,62,63,18,18,18,18,64,65,66,67,68,69,70,71,72,73,74,75,76,77,78,79","0.0025639533996582","infomap","edit-xhwikibooks.graphml"
"0.59","0.39","0.02","0.563470784023669","1,1,1,2,3,4,5,6,7,8,9,10,11,12,12,13,14,15,16,17,18,19,20,21,22,23,24,25,26,27,28,29,30,31,32,33,34,35,18,18,18,18,36,37,38,39,18,40,41,42,18,18,18,18,18,43,44,45,46,18,47,18,18,48,49,18,18,18,18,18,50,18,51,52,18,18,18,18,18,18,18,53,54,55,56,57,18,18,18,18,58,59,60,18,18,18,61,18,18,18,18,18,18,18,18,18,18,62,63,18,18,18,18,64,65,66,67,68,69,70,71,72,73,74,75,76,77,78,79","0.00266480445861816","infomap","edit-xhwikibooks.graphml"
"0.58","0.4","0.02","0.580804183813443","1,1,1,2,3,4,5,6,7,8,9,10,11,12,12,13,14,15,16,17,18,19,20,21,22,23,24,25,26,27,28,29,30,31,32,33,34,35,18,18,18,18,36,37,38,39,18,40,41,42,18,18,18,18,18,43,44,45,46,18,47,18,18,48,49,18,18,18,18,18,50,18,51,52,18,18,18,18,18,18,18,53,54,55,56,57,18,18,18,18,58,59,60,18,18,18,61,18,18,18,18,18,18,18,18,18,18,62,63,18,18,18,18,64,65,66,67,68,69,70,71,72,73,74,75,76,77,78,79","0.00267505645751953","infomap","edit-xhwikibooks.graphml"
"0.57","0.41","0.02","0.580804183813443","1,1,1,2,3,4,5,6,7,8,9,10,11,12,12,13,14,15,16,17,18,19,20,21,22,23,24,25,26,27,28,29,30,31,32,33,34,35,18,18,18,18,36,37,38,39,18,40,41,42,18,18,18,18,18,43,44,45,46,18,47,18,18,48,49,18,18,18,18,18,50,18,51,52,18,18,18,18,18,18,18,53,54,55,56,57,18,18,18,18,58,59,60,18,18,18,61,18,18,18,18,18,18,18,18,18,18,62,63,18,18,18,18,64,65,66,67,68,69,70,71,72,73,74,75,76,77,78,79","0.00265192985534668","infomap","edit-xhwikibooks.graphml"
"0.56","0.42","0.02","0.576929551384564","1,1,1,2,3,4,5,6,7,8,9,10,11,12,12,13,14,15,16,17,18,19,20,21,22,23,24,25,26,27,28,29,30,31,32,33,34,35,18,18,18,18,36,37,38,39,18,40,41,42,18,18,18,18,18,43,44,45,46,18,47,18,18,48,49,18,18,18,18,18,50,18,51,52,18,18,18,18,18,18,18,53,54,55,56,57,18,18,18,18,58,59,60,18,18,18,61,18,18,18,18,18,18,18,18,18,18,62,63,18,18,18,18,64,65,66,67,68,69,70,71,72,73,74,75,76,77,78,79","0.00262999534606934","infomap","edit-xhwikibooks.graphml"
"0.55","0.43","0.02","0.59009009009009","1,1,1,2,3,4,5,6,7,8,9,10,11,12,12,13,14,15,16,17,18,19,20,21,22,23,24,25,26,27,28,29,30,31,32,33,34,35,18,18,18,18,36,37,38,39,18,40,41,42,18,18,18,18,18,43,44,45,46,18,47,18,18,48,49,18,18,18,18,18,50,18,51,52,18,18,18,18,18,18,18,53,54,55,56,57,18,18,18,18,58,59,60,18,18,18,61,18,18,18,18,18,18,18,18,18,18,62,63,18,18,18,18,64,65,66,67,68,69,70,71,72,73,74,75,76,77,78,79","0.00276613235473633","infomap","edit-xhwikibooks.graphml"
"0.54","0.44","0.02","0.586296237244898","1,1,1,2,3,4,5,6,7,8,9,10,11,12,12,13,14,15,16,17,18,19,20,21,22,23,24,25,26,27,28,29,30,31,32,33,34,35,18,18,18,18,36,37,38,39,18,40,41,42,18,18,18,18,18,43,44,45,46,18,47,18,18,48,49,18,18,18,18,18,50,18,51,52,18,18,18,18,18,18,18,53,54,55,56,57,18,18,18,18,58,59,60,18,18,18,61,18,18,18,18,18,18,18,18,18,18,62,63,18,18,18,18,64,65,66,67,68,69,70,71,72,73,74,75,76,77,78,79","0.00262999534606934","infomap","edit-xhwikibooks.graphml"
"0.53","0.45","0.02","0.598991997537704","1,1,1,2,3,4,5,6,7,8,9,10,11,12,12,13,14,15,16,17,18,19,20,21,22,23,24,25,26,27,28,29,30,31,32,33,34,35,18,18,18,18,36,37,38,39,18,40,41,42,18,18,18,18,18,43,44,45,46,18,47,18,18,48,49,18,18,18,18,18,50,18,51,52,18,18,18,18,18,18,18,53,54,55,56,57,18,18,18,18,58,59,60,18,18,18,61,18,18,18,18,18,18,18,18,18,18,62,63,18,18,18,18,64,65,66,67,68,69,70,71,72,73,74,75,76,77,78,79","0.00271701812744141","infomap","edit-xhwikibooks.graphml"
"0.52","0.46","0.02","0.600958680142687","1,1,1,2,3,4,5,6,7,8,9,10,11,12,12,13,14,15,16,17,18,19,20,21,22,23,24,25,26,27,28,29,30,31,32,33,34,35,18,18,18,18,36,37,38,39,18,40,41,42,18,18,18,18,18,43,44,45,46,18,47,18,18,48,49,18,18,18,18,18,50,18,51,52,18,18,18,18,18,18,18,53,54,55,56,57,18,18,18,18,58,59,60,18,18,18,61,18,18,18,18,18,18,18,18,18,18,62,63,18,18,18,18,64,65,66,67,68,69,70,71,72,73,74,75,76,77,78,79","0.00266313552856445","infomap","edit-xhwikibooks.graphml"
"0.51","0.47","0.02","0.606728029804953","1,1,1,2,3,4,5,6,7,8,9,10,11,12,12,13,14,15,16,17,18,19,20,21,22,23,24,25,26,27,28,29,30,31,32,33,34,35,18,18,18,18,36,37,38,39,18,40,41,42,18,18,18,18,18,43,44,45,46,18,47,18,18,48,49,18,18,18,18,18,50,18,51,52,18,18,18,18,18,18,18,53,54,55,56,57,18,18,18,18,58,59,60,18,18,18,61,18,18,18,18,18,18,18,18,18,18,62,63,18,18,18,18,64,65,66,67,68,69,70,71,72,73,74,75,76,77,78,79","0.00261378288269043","infomap","edit-xhwikibooks.graphml"
"0.5","0.48","0.02","0.603095374892272","1,1,1,2,3,4,5,6,7,8,9,10,11,12,12,13,14,15,16,17,18,19,20,21,22,23,24,25,26,27,28,29,30,31,32,33,34,35,18,18,18,18,36,37,38,39,18,40,41,42,18,18,18,18,18,43,44,45,46,18,47,18,18,48,49,18,18,18,18,18,50,18,51,52,18,18,18,18,18,18,18,53,54,55,56,57,18,18,18,18,58,59,60,18,18,18,61,18,18,18,18,18,18,18,18,18,18,62,63,18,18,18,18,64,65,66,67,68,69,70,71,72,73,74,75,76,77,78,79","0.00273394584655762","infomap","edit-xhwikibooks.graphml"
"0.49","0.49","0.02","0.603095374892272","1,1,1,2,3,4,5,6,7,8,9,10,11,12,12,13,14,15,16,17,18,19,20,21,22,23,24,25,26,27,28,29,30,31,32,33,34,35,18,18,18,18,36,37,38,39,18,40,41,42,18,18,18,18,18,43,44,45,46,18,47,18,18,48,49,18,18,18,18,18,50,18,51,52,18,18,18,18,18,18,18,53,54,55,56,57,18,18,18,18,58,59,60,18,18,18,61,18,18,18,18,18,18,18,18,18,18,62,63,18,18,18,18,64,65,66,67,68,69,70,71,72,73,74,75,76,77,78,79","0.0026240348815918","infomap","edit-xhwikibooks.graphml"
"0.48","0.5","0.02","0.749181376792503","1,1,1,2,3,4,5,6,7,8,9,10,11,11,11,12,13,14,15,16,17,18,19,6,20,20,20,21,22,23,24,25,26,27,28,29,30,31,17,17,17,17,32,33,34,35,17,36,37,38,17,17,17,17,17,39,40,41,42,17,43,17,17,44,45,17,17,17,17,17,46,17,47,48,17,17,17,17,17,17,17,49,50,51,52,53,17,17,17,17,54,55,56,17,17,17,57,17,17,17,17,17,17,17,17,17,17,58,59,17,17,17,17,60,61,62,60,60,60,60,60,63,64,65,66,67,68,69,70","0.0027918815612793","infomap","edit-xhwikibooks.graphml"
"0.47","0.51","0.02","0.749181376792503","1,1,1,2,3,4,5,6,7,8,9,10,11,11,11,12,13,14,15,16,17,18,19,6,20,20,20,21,22,23,24,25,26,27,28,29,30,31,17,17,17,17,32,33,34,35,17,36,37,38,17,17,17,17,17,39,40,41,42,17,43,17,17,44,45,17,17,17,17,17,46,17,47,48,17,17,17,17,17,17,17,49,50,51,52,53,17,17,17,17,54,55,56,17,17,17,57,17,17,17,17,17,17,17,17,17,17,58,59,17,17,17,17,60,61,62,60,60,60,60,60,63,64,65,66,67,68,69,70","0.00287199020385742","infomap","edit-xhwikibooks.graphml"
"0.46","0.52","0.02","0.749181376792503","1,1,1,2,3,4,5,6,7,8,9,10,11,11,11,12,13,14,15,16,17,18,19,6,20,20,20,21,22,23,24,25,26,27,28,29,30,31,17,17,17,17,32,33,34,35,17,36,37,38,17,17,17,17,17,39,40,41,42,17,43,17,17,44,45,17,17,17,17,17,46,17,47,48,17,17,17,17,17,17,17,49,50,51,52,53,17,17,17,17,54,55,56,17,17,17,57,17,17,17,17,17,17,17,17,17,17,58,59,17,17,17,17,60,61,62,60,60,60,60,60,63,64,65,66,67,68,69,70","0.00269985198974609","infomap","edit-xhwikibooks.graphml"
"0.45","0.53","0.02","0.746653777513385","1,1,1,2,3,4,5,6,7,8,9,10,11,11,11,12,13,14,15,16,17,18,19,6,20,20,20,21,22,23,24,25,26,27,28,29,30,31,17,17,17,17,32,33,34,35,17,36,37,38,17,17,17,17,17,39,40,41,42,17,43,17,17,44,45,17,17,17,17,17,46,17,47,48,17,17,17,17,17,17,17,49,50,51,52,53,17,17,17,17,54,55,56,17,17,17,57,17,17,17,17,17,17,17,17,17,17,58,59,17,17,17,17,60,61,62,60,60,60,60,60,63,64,65,66,67,68,69,70","0.0028541088104248","infomap","edit-xhwikibooks.graphml"
"0.44","0.54","0.02","0.749090909090909","1,1,1,2,3,4,5,6,7,8,9,10,11,11,11,12,13,14,15,16,17,18,19,6,20,20,20,21,22,23,24,25,26,27,28,29,30,31,17,17,17,17,32,33,34,35,17,36,37,38,17,17,17,17,17,39,40,41,42,17,43,17,17,44,45,17,17,17,17,17,46,17,47,48,17,17,17,17,17,17,17,49,50,51,52,53,17,17,17,17,54,55,56,17,17,17,57,17,17,17,17,17,17,17,17,17,17,58,59,17,17,17,17,60,61,62,60,60,60,60,60,63,64,65,66,67,68,69,70","0.0028378963470459","infomap","edit-xhwikibooks.graphml"
"0.43","0.55","0.02","0.746588764697343","1,1,1,2,3,4,5,6,7,8,9,10,11,11,11,12,13,14,15,16,17,18,19,6,20,20,20,21,22,23,24,25,26,27,28,29,30,31,17,17,17,17,32,33,34,35,17,36,37,38,17,17,17,17,17,39,40,41,42,17,43,17,17,44,45,17,17,17,17,17,46,17,47,48,17,17,17,17,17,17,17,49,50,51,52,53,17,17,17,17,54,55,56,17,17,17,57,17,17,17,17,17,17,17,17,17,17,58,59,17,17,17,17,60,61,62,60,60,60,60,60,63,64,65,66,67,68,69,70","0.00281691551208496","infomap","edit-xhwikibooks.graphml"
"0.42","0.56","0.02","0.7515589569161","1,1,1,2,3,4,5,6,7,8,9,10,11,11,11,12,13,14,15,16,17,18,19,6,20,20,20,21,22,23,24,25,26,27,28,29,30,31,17,17,17,17,32,33,34,35,17,36,37,38,17,17,17,17,17,39,40,41,42,17,43,17,17,44,45,17,17,17,17,17,46,17,47,48,17,17,17,17,17,17,17,49,50,51,52,53,17,17,17,17,54,55,56,17,17,17,57,17,17,17,17,17,17,17,17,17,17,58,59,17,17,17,17,60,61,62,60,60,60,60,60,63,64,65,66,67,68,69,70","0.00283694267272949","infomap","edit-xhwikibooks.graphml"
"0.41","0.57","0.02","0.749098420923637","1,1,1,2,3,4,5,6,7,8,9,10,11,11,11,12,13,14,15,16,17,18,19,6,20,20,20,21,22,23,24,25,26,27,28,29,30,31,17,17,17,17,32,33,34,35,17,36,37,38,17,17,17,17,17,39,40,41,42,17,43,17,17,44,45,17,17,17,17,17,46,17,47,48,17,17,17,17,17,17,17,49,50,51,52,53,17,17,17,17,54,55,56,17,17,17,57,17,17,17,17,17,17,17,17,17,17,58,59,17,17,17,17,60,61,62,60,60,60,60,60,63,64,65,66,67,68,69,70","0.0027921199798584","infomap","edit-xhwikibooks.graphml"
"0.4","0.58","0.02","0.753736192332684","1,1,1,2,3,4,5,6,7,8,9,10,11,11,11,12,13,14,15,16,17,18,19,6,20,20,20,21,22,23,24,25,26,27,28,29,30,31,17,17,17,17,32,33,34,35,17,36,37,38,17,17,17,17,17,39,40,41,42,17,43,17,17,44,45,17,17,17,17,17,46,17,47,48,17,17,17,17,17,17,17,49,50,51,52,53,17,17,17,17,54,55,56,17,17,17,57,17,17,17,17,17,17,17,17,17,17,58,59,17,17,17,17,60,61,62,60,60,60,60,60,63,64,65,66,67,68,69,70","0.00279688835144043","infomap","edit-xhwikibooks.graphml"
"0.39","0.59","0.02","0.751318280151434","1,1,1,2,3,4,5,6,7,8,9,10,11,11,11,12,13,14,15,16,17,18,19,6,20,20,20,21,22,23,24,25,26,27,28,29,30,31,17,17,17,17,32,33,34,35,17,36,37,38,17,17,17,17,17,39,40,41,42,17,43,17,17,44,45,17,17,17,17,17,46,17,47,48,17,17,17,17,17,17,17,49,50,51,52,53,17,17,17,17,54,55,56,17,17,17,57,17,17,17,17,17,17,17,17,17,17,58,59,17,17,17,17,60,61,62,60,60,60,60,60,63,64,65,66,67,68,69,70","0.002960205078125","infomap","edit-xhwikibooks.graphml"
"0.38","0.6","0.02","0.758073469387755","1,1,1,2,3,4,5,6,7,8,9,10,11,11,11,12,13,14,15,16,17,18,19,6,20,20,20,21,22,23,24,25,26,27,28,29,30,31,17,17,17,17,32,33,34,35,17,36,37,38,17,17,17,17,17,39,40,41,42,17,43,17,17,44,45,17,17,17,17,17,46,17,47,48,17,17,17,17,17,17,17,49,50,51,52,53,17,17,17,17,54,55,56,17,17,17,57,17,17,17,17,17,17,17,17,17,17,58,59,17,17,17,17,60,61,62,60,60,60,60,60,63,64,65,66,67,68,69,70","0.00273299217224121","infomap","edit-xhwikibooks.graphml"
"0.37","0.61","0.02","0.75571410123967","1,1,1,2,3,4,5,6,7,8,9,10,11,11,11,12,13,14,15,16,17,18,19,6,20,20,20,21,22,23,24,25,26,27,28,29,30,31,17,17,17,17,32,33,34,35,17,36,37,38,17,17,17,17,17,39,40,41,42,17,43,17,17,44,45,17,17,17,17,17,46,17,47,48,17,17,17,17,17,17,17,49,50,51,52,53,17,17,17,17,54,55,56,17,17,17,57,17,17,17,17,17,17,17,17,17,17,58,59,17,17,17,17,60,61,62,60,60,60,60,60,63,64,65,66,67,68,69,70","0.00390791893005371","infomap","edit-xhwikibooks.graphml"
"0.36","0.62","0.02","0.75786012959239","1,1,1,2,3,4,5,6,7,8,9,10,11,11,11,12,13,14,15,16,17,18,19,6,20,20,20,21,22,23,24,25,26,27,28,29,30,31,17,17,17,17,32,33,34,35,17,36,37,38,17,17,17,17,17,39,40,41,42,17,43,17,17,44,45,17,17,17,17,17,46,17,47,48,17,17,17,17,17,17,17,49,50,51,52,53,17,17,17,17,54,55,56,17,17,17,57,17,17,17,17,17,17,17,17,17,17,58,59,17,17,17,17,60,61,62,60,60,60,60,60,63,64,65,66,67,68,69,70","0.00436806678771973","infomap","edit-xhwikibooks.graphml"
"0.35","0.63","0.02","0.755523292513572","1,1,1,2,3,4,5,6,7,8,9,10,11,11,11,12,13,14,15,16,17,18,19,6,20,20,20,21,22,23,24,25,26,27,28,29,30,31,17,17,17,17,32,33,34,35,17,36,37,38,17,17,17,17,17,39,40,41,42,17,43,17,17,44,45,17,17,17,17,17,46,17,47,48,17,17,17,17,17,17,17,49,50,51,52,53,17,17,17,17,54,55,56,17,17,17,57,17,17,17,17,17,17,17,17,17,17,58,59,17,17,17,17,60,61,62,60,60,60,60,60,63,64,65,66,67,68,69,70","0.00449395179748535","infomap","edit-xhwikibooks.graphml"
"0.34","0.64","0.02","0.755523292513572","1,1,1,2,3,4,5,6,7,8,9,10,11,11,11,12,13,14,15,16,17,18,19,6,20,20,20,21,22,23,24,25,26,27,28,29,30,31,17,17,17,17,32,33,34,35,17,36,37,38,17,17,17,17,17,39,40,41,42,17,43,17,17,44,45,17,17,17,17,17,46,17,47,48,17,17,17,17,17,17,17,49,50,51,52,53,17,17,17,17,54,55,56,17,17,17,57,17,17,17,17,17,17,17,17,17,17,58,59,17,17,17,17,60,61,62,60,60,60,60,60,63,64,65,66,67,68,69,70","0.00399994850158691","infomap","edit-xhwikibooks.graphml"
"0.33","0.65","0.02","0.753191223744578","1,1,1,2,3,4,5,6,7,8,9,10,11,11,11,12,13,14,15,16,17,18,19,6,20,20,20,21,22,23,24,25,26,27,28,29,30,31,17,17,17,17,32,33,34,35,17,36,37,38,17,17,17,17,17,39,40,41,42,17,43,17,17,44,45,17,17,17,17,17,46,17,47,48,17,17,17,17,17,17,17,49,50,51,52,53,17,17,17,17,54,55,56,17,17,17,57,17,17,17,17,17,17,17,17,17,17,58,59,17,17,17,17,60,61,62,60,60,60,60,60,63,64,65,66,67,68,69,70","0.00290393829345703","infomap","edit-xhwikibooks.graphml"
"0.32","0.66","0.02","0.755246913580247","1,1,1,2,3,4,5,6,7,8,9,10,11,11,11,12,13,14,15,16,17,18,19,6,20,20,20,21,22,23,24,25,26,27,28,29,30,31,17,17,17,17,32,33,34,35,17,36,37,38,17,17,17,17,17,39,40,41,42,17,43,17,17,44,45,17,17,17,17,17,46,17,47,48,17,17,17,17,17,17,17,49,50,51,52,53,17,17,17,17,54,55,56,17,17,17,57,17,17,17,17,17,17,17,17,17,17,58,59,17,17,17,17,60,61,62,60,60,60,60,60,63,64,65,66,67,68,69,70","0.00285816192626953","infomap","edit-xhwikibooks.graphml"
"0.31","0.67","0.02","0.768402366863905","1,1,1,2,3,4,5,6,7,8,9,10,11,11,12,13,14,15,16,17,18,19,20,6,21,21,21,22,23,24,25,26,27,28,29,30,31,32,18,18,18,18,33,34,35,36,18,37,38,39,18,18,18,18,18,40,41,42,43,18,44,18,18,45,46,18,18,18,18,18,47,18,48,49,18,18,18,18,18,18,18,50,51,52,53,54,18,18,18,18,55,56,57,18,18,18,58,18,18,18,18,18,18,18,18,18,18,59,60,18,18,18,18,61,62,63,61,61,61,61,61,64,65,66,67,68,69,70,71","0.00297999382019043","infomap","edit-xhwikibooks.graphml"
"0.3","0.68","0.02","0.768402366863905","1,1,1,2,3,4,5,6,7,8,9,10,11,11,12,13,14,15,16,17,18,19,20,6,21,21,21,22,23,24,25,26,27,28,29,30,31,32,18,18,18,18,33,34,35,36,18,37,38,39,18,18,18,18,18,40,41,42,43,18,44,18,18,45,46,18,18,18,18,18,47,18,48,49,18,18,18,18,18,18,18,50,51,52,53,54,18,18,18,18,55,56,57,18,18,18,58,18,18,18,18,18,18,18,18,18,18,59,60,18,18,18,18,61,62,63,61,61,61,61,61,64,65,66,67,68,69,70,71","0.00295495986938477","infomap","edit-xhwikibooks.graphml"
"0.29","0.69","0.02","0.766360370678884","1,1,1,2,3,4,5,6,7,8,9,10,11,11,12,13,14,15,16,17,18,19,20,6,21,21,21,22,23,24,25,26,27,28,29,30,31,32,18,18,18,18,33,34,35,36,18,37,38,39,18,18,18,18,18,40,41,42,43,18,44,18,18,45,46,18,18,18,18,18,47,18,48,49,18,18,18,18,18,18,18,50,51,52,53,54,18,18,18,18,55,56,57,18,18,18,58,18,18,18,18,18,18,18,18,18,18,59,60,18,18,18,18,61,62,63,61,61,61,61,61,64,65,66,67,68,69,70,71","0.00286412239074707","infomap","edit-xhwikibooks.graphml"
"0.28","0.7","0.02","0.768107913112938","1,1,1,2,3,4,5,6,7,8,9,10,11,11,12,13,14,15,16,17,18,19,20,6,21,21,21,22,23,24,25,26,27,28,29,30,31,32,18,18,18,18,33,34,35,36,18,37,38,39,18,18,18,18,18,40,41,42,43,18,44,18,18,45,46,18,18,18,18,18,47,18,48,49,18,18,18,18,18,18,18,50,51,52,53,54,18,18,18,18,55,56,57,18,18,18,58,18,18,18,18,18,18,18,18,18,18,59,60,18,18,18,18,61,62,63,61,61,61,61,61,64,65,66,67,68,69,70,71","0.00278711318969727","infomap","edit-xhwikibooks.graphml"
"0.27","0.71","0.02","0.766082542597694","1,1,1,2,3,4,5,6,7,8,9,10,11,11,12,13,14,15,16,17,18,19,20,6,21,21,21,22,23,24,25,26,27,28,29,30,31,32,18,18,18,18,33,34,35,36,18,37,38,39,18,18,18,18,18,40,41,42,43,18,44,18,18,45,46,18,18,18,18,18,47,18,48,49,18,18,18,18,18,18,18,50,51,52,53,54,18,18,18,18,55,56,57,18,18,18,58,18,18,18,18,18,18,18,18,18,18,59,60,18,18,18,18,61,62,63,61,61,61,61,61,64,65,66,67,68,69,70,71","0.00286197662353516","infomap","edit-xhwikibooks.graphml"
"0.26","0.72","0.02","0.7697875","1,1,1,2,3,4,5,6,7,8,9,10,11,11,12,13,14,15,16,17,18,19,20,6,21,21,21,22,23,24,25,26,27,28,29,30,31,32,18,18,18,18,33,34,35,36,18,37,38,39,18,18,18,18,18,40,41,42,43,18,44,18,18,45,46,18,18,18,18,18,47,18,48,49,18,18,18,18,18,18,18,50,51,52,53,54,18,18,18,18,55,56,57,18,18,18,58,18,18,18,18,18,18,18,18,18,18,59,60,18,18,18,18,61,62,63,61,61,61,61,61,64,65,66,67,68,69,70,71","0.00284600257873535","infomap","edit-xhwikibooks.graphml"
"0.25","0.73","0.02","0.767790401227692","1,1,1,2,3,4,5,6,7,8,9,10,11,11,12,13,14,15,16,17,18,19,20,6,21,21,21,22,23,24,25,26,27,28,29,30,31,32,18,18,18,18,33,34,35,36,18,37,38,39,18,18,18,18,18,40,41,42,43,18,44,18,18,45,46,18,18,18,18,18,47,18,48,49,18,18,18,18,18,18,18,50,51,52,53,54,18,18,18,18,55,56,57,18,18,18,58,18,18,18,18,18,18,18,18,18,18,59,60,18,18,18,18,61,62,63,61,61,61,61,61,64,65,66,67,68,69,70,71","0.0029599666595459","infomap","edit-xhwikibooks.graphml"
"0.24","0.74","0.02","0.767790401227692","1,1,1,2,3,4,5,6,7,8,9,10,11,11,12,13,14,15,16,17,18,19,20,6,21,21,21,22,23,24,25,26,27,28,29,30,31,32,18,18,18,18,33,34,35,36,18,37,38,39,18,18,18,18,18,40,41,42,43,18,44,18,18,45,46,18,18,18,18,18,47,18,48,49,18,18,18,18,18,18,18,50,51,52,53,54,18,18,18,18,55,56,57,18,18,18,58,18,18,18,18,18,18,18,18,18,18,59,60,18,18,18,18,61,62,63,61,61,61,61,61,64,65,66,67,68,69,70,71","0.00287294387817383","infomap","edit-xhwikibooks.graphml"
"0.23","0.75","0.02","0.771267102914932","1,1,1,2,3,4,5,6,7,8,9,10,11,11,12,13,14,15,16,17,18,19,20,6,21,21,21,22,23,24,25,26,27,28,29,30,31,32,18,18,18,18,33,34,35,36,18,37,38,39,18,18,18,18,18,40,41,42,43,18,44,18,18,45,46,18,18,18,18,18,47,18,48,49,18,18,18,18,18,18,18,50,51,52,53,54,18,18,18,18,55,56,57,18,18,18,58,18,18,18,18,18,18,18,18,18,18,59,60,18,18,18,18,61,62,63,61,61,61,61,61,64,65,66,67,68,69,70,71","0.00280404090881348","infomap","edit-xhwikibooks.graphml"
"0.22","0.76","0.02","0.771267102914932","1,1,1,2,3,4,5,6,7,8,9,10,11,11,12,13,14,15,16,17,18,19,20,6,21,21,21,22,23,24,25,26,27,28,29,30,31,32,18,18,18,18,33,34,35,36,18,37,38,39,18,18,18,18,18,40,41,42,43,18,44,18,18,45,46,18,18,18,18,18,47,18,48,49,18,18,18,18,18,18,18,50,51,52,53,54,18,18,18,18,55,56,57,18,18,18,58,18,18,18,18,18,18,18,18,18,18,59,60,18,18,18,18,61,62,63,61,61,61,61,61,64,65,66,67,68,69,70,71","0.00278496742248535","infomap","edit-xhwikibooks.graphml"
"0.21","0.77","0.02","0.772869733245357","1,1,1,2,3,4,5,6,7,8,9,10,11,11,12,13,14,15,16,17,18,19,20,6,21,21,21,22,23,24,25,26,27,28,29,30,31,32,18,18,18,18,33,34,35,36,18,37,38,39,18,18,18,18,18,40,41,42,43,18,44,18,18,45,46,18,18,18,18,18,47,18,48,49,18,18,18,18,18,18,18,50,51,52,53,54,18,18,18,18,55,56,57,18,18,18,58,18,18,18,18,18,18,18,18,18,18,59,60,18,18,18,18,61,62,63,61,61,61,61,61,64,65,66,67,68,69,70,71","0.00289702415466309","infomap","edit-xhwikibooks.graphml"
"0.2","0.78","0.02","0.774284013644377","1,1,1,2,3,4,5,6,7,8,9,10,11,11,12,13,14,15,16,17,18,19,20,6,21,21,21,22,23,24,25,26,27,28,29,30,31,32,18,18,18,18,33,34,35,36,18,37,38,39,18,18,18,18,18,40,41,42,43,18,44,18,18,45,46,18,18,18,18,18,47,18,48,49,18,18,18,18,18,18,18,50,51,52,53,54,18,18,18,18,55,56,57,18,18,18,58,18,18,18,18,18,18,18,18,18,18,59,60,18,18,18,18,61,62,63,61,61,61,61,61,64,65,66,67,68,69,70,71","0.00325393676757812","infomap","edit-xhwikibooks.graphml"
"0.19","0.79","0.02","0.774284013644377","1,1,1,2,3,4,5,6,7,8,9,10,11,11,12,13,14,15,16,17,18,19,20,6,21,21,21,22,23,24,25,26,27,28,29,30,31,32,18,18,18,18,33,34,35,36,18,37,38,39,18,18,18,18,18,40,41,42,43,18,44,18,18,45,46,18,18,18,18,18,47,18,48,49,18,18,18,18,18,18,18,50,51,52,53,54,18,18,18,18,55,56,57,18,18,18,58,18,18,18,18,18,18,18,18,18,18,59,60,18,18,18,18,61,62,63,61,61,61,61,61,64,65,66,67,68,69,70,71","0.00483298301696777","infomap","edit-xhwikibooks.graphml"
"0.18","0.8","0.02","0.777347968877427","1,1,1,2,3,4,5,6,7,8,9,10,11,11,12,13,14,15,16,17,18,19,20,6,21,21,21,22,23,24,25,26,27,28,29,30,31,32,18,18,18,18,33,34,35,36,18,37,38,39,18,18,18,18,18,40,41,42,43,18,44,18,18,45,46,18,18,18,18,18,47,18,48,49,18,18,18,18,18,18,18,50,51,52,53,54,18,18,18,18,55,56,57,18,18,18,58,18,18,18,18,18,18,18,18,18,18,59,60,18,18,18,18,61,62,63,61,61,61,61,61,64,65,66,67,68,69,70,71","0.00303983688354492","infomap","edit-xhwikibooks.graphml"
"0.17","0.81","0.02","0.777347968877427","1,1,1,2,3,4,5,6,7,8,9,10,11,11,12,13,14,15,16,17,18,19,20,6,21,21,21,22,23,24,25,26,27,28,29,30,31,32,18,18,18,18,33,34,35,36,18,37,38,39,18,18,18,18,18,40,41,42,43,18,44,18,18,45,46,18,18,18,18,18,47,18,48,49,18,18,18,18,18,18,18,50,51,52,53,54,18,18,18,18,55,56,57,18,18,18,58,18,18,18,18,18,18,18,18,18,18,59,60,18,18,18,18,61,62,63,61,61,61,61,61,64,65,66,67,68,69,70,71","0.00298595428466797","infomap","edit-xhwikibooks.graphml"
"0.16","0.82","0.02","0.775471656913267","1,1,1,2,3,4,5,6,7,8,9,10,11,11,12,13,14,15,16,17,18,19,20,6,21,21,21,22,23,24,25,26,27,28,29,30,31,32,18,18,18,18,33,34,35,36,18,37,38,39,18,18,18,18,18,40,41,42,43,18,44,18,18,45,46,18,18,18,18,18,47,18,48,49,18,18,18,18,18,18,18,50,51,52,53,54,18,18,18,18,55,56,57,18,18,18,58,18,18,18,18,18,18,18,18,18,18,59,60,18,18,18,18,61,62,63,61,61,61,61,61,64,65,66,67,68,69,70,71","0.00322604179382324","infomap","edit-xhwikibooks.graphml"
"0.15","0.83","0.02","0.775471656913267","1,1,1,2,3,4,5,6,7,8,9,10,11,11,12,13,14,15,16,17,18,19,20,6,21,21,21,22,23,24,25,26,27,28,29,30,31,32,18,18,18,18,33,34,35,36,18,37,38,39,18,18,18,18,18,40,41,42,43,18,44,18,18,45,46,18,18,18,18,18,47,18,48,49,18,18,18,18,18,18,18,50,51,52,53,54,18,18,18,18,55,56,57,18,18,18,58,18,18,18,18,18,18,18,18,18,18,59,60,18,18,18,18,61,62,63,61,61,61,61,61,64,65,66,67,68,69,70,71","0.00309300422668457","infomap","edit-xhwikibooks.graphml"
"0.14","0.84","0.02","0.770554698216736","1,1,1,2,3,4,5,6,7,8,9,10,11,11,12,13,14,15,16,17,18,19,20,6,21,21,21,22,23,24,25,26,27,28,29,30,31,32,18,18,18,18,33,34,35,36,18,37,38,39,18,18,18,18,18,40,41,42,43,18,44,18,18,45,46,18,18,18,18,18,47,18,48,49,18,18,18,18,18,18,18,50,51,52,53,54,18,18,18,18,55,56,57,18,18,18,58,18,18,18,18,18,18,18,18,18,18,59,60,18,18,18,18,61,62,63,61,61,61,61,61,64,65,66,67,68,69,70,71","0.00327897071838379","infomap","edit-xhwikibooks.graphml"
"0.13","0.85","0.02","0.772048673787934","1,1,1,2,3,4,5,6,7,8,9,10,11,11,12,13,14,15,16,17,18,19,20,6,21,21,21,22,23,24,25,26,27,28,29,30,31,32,18,18,18,18,33,34,35,36,18,37,38,39,18,18,18,18,18,40,41,42,43,18,44,18,18,45,46,18,18,18,18,18,47,18,48,49,18,18,18,18,18,18,18,50,51,52,53,54,18,18,18,18,55,56,57,18,18,18,58,18,18,18,18,18,18,18,18,18,18,59,60,18,18,18,18,61,62,63,61,61,61,61,61,64,65,66,67,68,69,70,71","0.00299215316772461","infomap","edit-xhwikibooks.graphml"
"0.12","0.86","0.02","0.77345041322314","1,1,1,2,3,4,5,6,7,8,9,10,11,11,12,13,14,15,16,17,18,19,20,6,21,21,21,22,23,24,25,26,27,28,29,30,31,32,18,18,18,18,33,34,35,36,18,37,38,39,18,18,18,18,18,40,41,42,43,18,44,18,18,45,46,18,18,18,18,18,47,18,48,49,18,18,18,18,18,18,18,50,51,52,53,54,18,18,18,18,55,56,57,18,18,18,58,18,18,18,18,18,18,18,18,18,18,59,60,18,18,18,18,61,62,63,61,61,61,61,61,64,65,66,67,68,69,70,71","0.0029141902923584","infomap","edit-xhwikibooks.graphml"
"0.11","0.87","0.02","0.77345041322314","1,1,1,2,3,4,5,6,7,8,9,10,11,11,12,13,14,15,16,17,18,19,20,6,21,21,21,22,23,24,25,26,27,28,29,30,31,32,18,18,18,18,33,34,35,36,18,37,38,39,18,18,18,18,18,40,41,42,43,18,44,18,18,45,46,18,18,18,18,18,47,18,48,49,18,18,18,18,18,18,18,50,51,52,53,54,18,18,18,18,55,56,57,18,18,18,58,18,18,18,18,18,18,18,18,18,18,59,60,18,18,18,18,61,62,63,61,61,61,61,61,64,65,66,67,68,69,70,71","0.00306606292724609","infomap","edit-xhwikibooks.graphml"
"0.1","0.88","0.02","0.771646772179112","1,1,1,2,3,4,5,6,7,8,9,10,11,11,12,13,14,15,16,17,18,19,20,6,21,21,21,22,23,24,25,26,27,28,29,30,31,32,18,18,18,18,33,34,35,36,18,37,38,39,18,18,18,18,18,40,41,42,43,18,44,18,18,45,46,18,18,18,18,18,47,18,48,49,18,18,18,18,18,18,18,50,51,52,53,54,18,18,18,18,55,56,57,18,18,18,58,18,18,18,18,18,18,18,18,18,18,59,60,18,18,18,18,61,62,63,61,61,61,61,61,64,65,66,67,68,69,70,71","0.00303411483764648","infomap","edit-xhwikibooks.graphml"
"0.09","0.89","0.02","0.774698867863822","1,1,1,2,3,4,5,6,7,8,9,10,11,11,12,13,14,15,16,17,18,19,20,6,21,21,21,22,23,24,25,26,27,28,29,30,31,32,18,18,18,18,33,34,35,36,18,37,38,39,18,18,18,18,18,40,41,42,43,18,44,18,18,45,46,18,18,18,18,18,47,18,48,49,18,18,18,18,18,18,18,50,51,52,53,54,18,18,18,18,55,56,57,18,18,18,58,18,18,18,18,18,18,18,18,18,18,59,60,18,18,18,18,61,62,63,61,61,61,61,61,64,65,66,67,68,69,70,71","0.00350809097290039","infomap","edit-xhwikibooks.graphml"
"0.08","0.9","0.02","0.772919323979592","1,1,1,2,3,4,5,6,7,8,9,10,11,11,12,13,14,15,16,17,18,19,20,6,21,21,21,22,23,24,25,26,27,28,29,30,31,32,18,18,18,18,33,34,35,36,18,37,38,39,18,18,18,18,18,40,41,42,43,18,44,18,18,45,46,18,18,18,18,18,47,18,48,49,18,18,18,18,18,18,18,50,51,52,53,54,18,18,18,18,55,56,57,18,18,18,58,18,18,18,18,18,18,18,18,18,18,59,60,18,18,18,18,61,62,63,61,61,61,61,61,64,65,66,67,68,69,70,71","0.00281620025634766","infomap","edit-xhwikibooks.graphml"
"0.07","0.91","0.02","0.772919323979592","1,1,1,2,3,4,5,6,7,8,9,10,11,11,12,13,14,15,16,17,18,19,20,6,21,21,21,22,23,24,25,26,27,28,29,30,31,32,18,18,18,18,33,34,35,36,18,37,38,39,18,18,18,18,18,40,41,42,43,18,44,18,18,45,46,18,18,18,18,18,47,18,48,49,18,18,18,18,18,18,18,50,51,52,53,54,18,18,18,18,55,56,57,18,18,18,58,18,18,18,18,18,18,18,18,18,18,59,60,18,18,18,18,61,62,63,61,61,61,61,61,64,65,66,67,68,69,70,71","0.00281214714050293","infomap","edit-xhwikibooks.graphml"
"0.06","0.92","0.02","0.771140740740741","1,1,1,2,3,4,5,6,7,8,9,10,11,11,12,13,14,15,16,17,18,19,20,6,21,21,21,22,23,24,25,26,27,28,29,30,31,32,18,18,18,18,33,34,35,36,18,37,38,39,18,18,18,18,18,40,41,42,43,18,44,18,18,45,46,18,18,18,18,18,47,18,48,49,18,18,18,18,18,18,18,50,51,52,53,54,18,18,18,18,55,56,57,18,18,18,58,18,18,18,18,18,18,18,18,18,18,59,60,18,18,18,18,61,62,63,61,61,61,61,61,64,65,66,67,68,69,70,71","0.00286507606506348","infomap","edit-xhwikibooks.graphml"
"0.05","0.93","0.02","0.772554624481165","1,1,1,2,3,4,5,6,7,8,9,10,11,11,12,13,14,15,16,17,18,19,20,6,21,21,21,22,23,24,25,26,27,28,29,30,31,32,18,18,18,18,33,34,35,36,18,37,38,39,18,18,18,18,18,40,41,42,43,18,44,18,18,45,46,18,18,18,18,18,47,18,48,49,18,18,18,18,18,18,18,50,51,52,53,54,18,18,18,18,55,56,57,18,18,18,58,18,18,18,18,18,18,18,18,18,18,59,60,18,18,18,18,61,62,63,61,61,61,61,61,64,65,66,67,68,69,70,71","0.00270581245422363","infomap","edit-xhwikibooks.graphml"
"0.04","0.94","0.02","0.770789264297774","1,1,1,2,3,4,5,6,7,8,9,10,11,11,12,13,14,15,16,17,18,19,20,6,21,21,21,22,23,24,25,26,27,28,29,30,31,32,18,18,18,18,33,34,35,36,18,37,38,39,18,18,18,18,18,40,41,42,43,18,44,18,18,45,46,18,18,18,18,18,47,18,48,49,18,18,18,18,18,18,18,50,51,52,53,54,18,18,18,18,55,56,57,18,18,18,58,18,18,18,18,18,18,18,18,18,18,59,60,18,18,18,18,61,62,63,61,61,61,61,61,64,65,66,67,68,69,70,71","0.00280094146728516","infomap","edit-xhwikibooks.graphml"
"0.03","0.95","0.02","0.823769115716858","1,1,1,2,3,4,5,6,7,8,9,10,11,11,12,13,14,15,16,17,1,18,19,6,20,20,20,21,22,23,24,25,26,27,28,29,30,31,32,33,34,35,36,37,38,39,40,41,42,43,44,45,46,47,48,49,50,51,52,53,54,55,56,57,58,59,60,61,62,63,64,65,66,67,68,69,70,71,72,73,74,75,76,77,78,79,80,81,82,83,84,85,86,87,88,89,90,91,92,93,94,95,96,97,98,99,100,101,102,1,103,104,105,106,107,108,106,106,106,106,106,109,110,111,112,113,114,115,116","0.00308895111083984","infomap","edit-xhwikibooks.graphml"
"0.02","0.96","0.02","0.820134969691541","1,1,1,2,3,4,5,6,7,8,9,10,11,11,12,13,14,15,16,17,1,18,19,6,20,20,20,21,22,23,24,25,26,27,28,29,30,31,32,33,34,35,36,37,38,39,40,41,42,43,44,45,46,47,48,49,50,51,52,53,54,55,56,57,58,59,60,61,62,63,64,65,66,67,68,69,70,71,72,73,74,75,76,77,78,79,80,81,82,83,84,85,86,87,88,89,90,91,92,93,94,95,96,97,98,99,100,101,102,1,103,104,105,106,107,108,106,106,106,106,106,109,110,111,112,113,114,115,116","0.00306200981140137","infomap","edit-xhwikibooks.graphml"
"0.01","0.97","0.02","0.825458881777562","1,1,1,2,3,4,5,6,7,8,9,10,11,11,12,13,14,15,16,17,1,18,19,6,20,20,20,21,22,23,24,25,26,27,28,29,30,31,32,33,34,35,36,37,38,39,40,41,42,43,44,45,46,47,48,49,50,51,52,53,54,55,56,57,58,59,60,61,62,63,64,65,66,67,68,69,70,71,72,73,74,75,76,77,78,79,80,81,82,83,84,85,86,87,88,89,90,91,92,93,94,95,96,97,98,99,100,101,102,103,104,105,106,107,108,109,107,107,107,107,107,110,111,112,113,114,115,116,117","0.0032801628112793","infomap","edit-xhwikibooks.graphml"
"0","0.98","0.02","0.726883656509695","1,1,1,1,1,2,3,1,4,5,6,7,8,8,9,10,11,12,13,14,1,1,15,1,16,16,16,17,1,18,19,20,21,22,23,24,25,26,27,28,29,30,31,32,33,34,35,36,37,38,39,40,41,42,43,44,45,46,47,48,49,50,51,52,53,54,55,56,57,58,59,60,61,62,63,64,65,66,67,68,69,70,71,72,73,74,75,76,77,78,79,80,81,82,83,84,85,86,87,88,89,90,91,92,93,94,95,96,97,98,99,100,101,102,103,104,102,102,102,102,102,105,106,107,108,109,110,111,112","0.00307488441467285","infomap","edit-xhwikibooks.graphml"
"0.97","0","0.03","0.59676380840402","1,2,1,1,1,2,1,2,3,4,5,1,6,3,3,7,4,5,5,8,2,9,6,6,3,3,3,7,10,4,5,5,8,8,11,11,12,3,2,2,2,2,9,9,9,9,2,9,9,9,2,2,2,2,2,9,9,9,9,2,6,2,2,6,3,2,2,2,2,2,9,2,3,3,2,2,2,2,2,2,2,3,7,7,7,10,2,2,2,2,4,5,5,2,2,2,7,2,2,2,2,2,2,2,2,2,2,8,8,8,2,2,2,11,11,11,11,11,11,11,11,12,12,12,12,12,12,12,12","0.0113899707794189","infomap","edit-xhwikibooks.graphml"
"0.96","0.01","0.03","0.59676380840402","1,2,1,1,1,2,1,2,3,4,5,1,6,3,3,7,4,5,5,8,2,9,6,6,3,3,3,7,10,4,5,5,8,8,11,11,12,3,2,2,2,2,9,9,9,9,2,9,9,9,2,2,2,2,2,9,9,9,9,2,6,2,2,6,3,2,2,2,2,2,9,2,3,3,2,2,2,2,2,2,2,3,7,7,7,10,2,2,2,2,4,5,5,2,2,2,7,2,2,2,2,2,2,2,2,2,2,8,8,8,2,2,2,11,11,11,11,11,11,11,11,12,12,12,12,12,12,12,12","0.0106801986694336","infomap","edit-xhwikibooks.graphml"
"0.95","0.02","0.03","0.59676380840402","1,2,1,1,1,2,1,2,3,4,5,1,6,3,3,7,4,5,5,8,2,9,6,6,3,3,3,7,10,4,5,5,8,8,11,11,12,3,2,2,2,2,9,9,9,9,2,9,9,9,2,2,2,2,2,9,9,9,9,2,6,2,2,6,3,2,2,2,2,2,9,2,3,3,2,2,2,2,2,2,2,3,7,7,7,10,2,2,2,2,4,5,5,2,2,2,7,2,2,2,2,2,2,2,2,2,2,8,8,8,2,2,2,11,11,11,11,11,11,11,11,12,12,12,12,12,12,12,12","0.0114691257476807","infomap","edit-xhwikibooks.graphml"
"0.94","0.03","0.03","0.594875346260388","1,2,1,1,1,2,1,2,3,4,5,1,6,3,3,7,4,5,5,8,2,9,6,6,3,3,3,7,10,4,5,5,8,8,11,11,12,3,2,2,2,2,9,9,9,9,2,9,9,9,2,2,2,2,2,9,9,9,9,2,6,2,2,6,3,2,2,2,2,2,9,2,3,3,2,2,2,2,2,2,2,3,7,7,7,10,2,2,2,2,4,5,5,2,2,2,7,2,2,2,2,2,2,2,2,2,2,8,8,8,2,2,2,11,11,11,11,11,11,11,11,12,12,12,12,12,12,12,12","0.0107121467590332","infomap","edit-xhwikibooks.graphml"
"0.93","0.04","0.03","0.578772826880935","1,2,1,1,1,2,1,2,3,4,5,1,6,3,3,7,4,5,5,8,2,9,6,6,3,3,3,7,2,4,5,5,8,8,10,10,11,3,2,2,2,2,9,9,9,9,2,9,9,9,2,2,2,2,2,9,9,9,9,2,12,2,2,6,3,2,2,2,2,2,9,2,3,3,2,2,2,2,2,2,2,3,7,7,7,13,2,2,2,2,14,15,16,2,2,2,7,2,2,2,2,2,2,2,2,2,2,8,8,8,2,2,2,10,10,10,10,10,10,10,10,11,11,11,11,11,11,11,11","0.0108380317687988","infomap","edit-xhwikibooks.graphml"
"0.92","0.05","0.03","0.576844143831657","1,2,1,1,1,2,1,2,3,4,5,1,6,3,3,7,4,5,5,8,2,9,6,6,3,3,3,7,2,4,5,5,8,8,10,10,11,3,2,2,2,2,9,9,9,9,2,9,9,9,2,2,2,2,2,9,9,9,9,2,12,2,2,6,3,2,2,2,2,2,9,2,3,3,2,2,2,2,2,2,2,3,7,7,7,13,2,2,2,2,14,15,16,2,2,2,7,2,2,2,2,2,2,2,2,2,2,8,8,8,2,2,2,10,10,10,10,10,10,10,10,11,11,11,11,11,11,11,11","0.00898385047912598","infomap","edit-xhwikibooks.graphml"
"0.91","0.06","0.03","0.588521794427101","1,2,1,1,1,2,1,3,3,4,5,1,3,3,3,6,4,5,5,7,2,8,3,3,3,3,3,6,2,4,5,5,7,7,9,9,10,3,2,2,2,2,8,8,8,8,2,8,8,8,2,2,2,2,2,8,8,8,8,2,11,2,2,3,3,2,2,2,2,2,8,2,3,3,2,2,2,2,2,2,2,3,6,6,6,12,2,2,2,2,13,14,15,2,2,2,6,2,2,2,2,2,2,2,2,2,2,7,7,7,2,2,2,9,9,9,9,9,9,9,9,10,10,10,10,10,10,10,10","0.00907492637634277","infomap","edit-xhwikibooks.graphml"
"0.9","0.07","0.03","0.560949918605765","1,2,1,1,3,1,3,2,1,1,3,4,5,6,6,7,8,3,3,4,2,9,5,5,6,6,6,7,2,10,11,3,4,4,12,12,13,6,2,2,2,2,9,9,9,9,2,9,9,9,2,2,2,2,2,9,9,9,9,2,14,2,2,15,16,2,2,2,2,2,9,2,6,6,2,2,2,2,2,2,2,17,7,7,7,18,2,2,2,2,19,20,21,2,2,2,22,2,2,2,2,2,2,2,2,2,2,23,24,2,2,2,2,12,12,12,12,12,12,12,12,13,13,13,13,13,13,13,13","0.0108168125152588","infomap","edit-xhwikibooks.graphml"
"0.89","0.08","0.03","0.56463830324454","1,2,1,1,3,1,3,2,1,1,3,4,5,6,6,7,8,3,3,4,2,9,5,5,6,6,6,7,2,10,11,3,4,4,12,12,13,6,2,2,2,2,9,9,9,9,2,9,9,9,2,2,2,2,2,9,9,9,9,2,14,2,2,15,16,2,2,2,2,2,9,2,6,6,2,2,2,2,2,2,2,17,7,7,7,18,2,2,2,2,19,20,21,2,2,2,22,2,2,2,2,2,2,2,2,2,2,23,24,2,2,2,2,12,12,12,12,12,12,12,12,13,13,13,13,13,13,13,13","0.0109529495239258","infomap","edit-xhwikibooks.graphml"
"0.88","0.09","0.03","0.562591679410755","1,2,1,1,3,1,3,2,1,1,3,4,5,6,6,7,8,3,3,4,2,9,5,5,6,6,6,7,2,10,11,3,4,4,12,12,13,6,2,2,2,2,9,9,9,9,2,9,9,9,2,2,2,2,2,9,9,9,9,2,14,2,2,15,16,2,2,2,2,2,9,2,6,6,2,2,2,2,2,2,2,17,7,7,7,18,2,2,2,2,19,20,21,2,2,2,22,2,2,2,2,2,2,2,2,2,2,23,24,2,2,2,2,12,12,12,12,12,12,12,12,13,13,13,13,13,13,13,13","0.0110211372375488","infomap","edit-xhwikibooks.graphml"
"0.87","0.1","0.03","0.558236914600551","1,1,1,2,3,2,4,5,2,2,4,6,5,5,5,2,7,8,4,9,10,11,12,5,5,5,5,2,1,13,14,15,9,16,17,17,18,5,10,10,10,10,11,11,11,11,10,11,11,11,10,10,10,10,10,11,11,11,11,10,19,10,10,20,21,10,10,10,10,10,11,10,22,23,10,10,10,10,10,10,10,24,25,26,27,28,10,10,10,10,29,30,31,10,10,10,32,10,10,10,10,10,10,10,10,10,10,33,34,10,10,10,10,17,17,17,17,17,17,17,17,18,18,18,18,18,18,18,18","0.00856804847717285","infomap","edit-xhwikibooks.graphml"
"0.86","0.11","0.03","0.537251415299753","1,2,1,3,4,3,5,6,3,3,5,7,6,6,6,3,8,9,5,10,2,11,12,6,6,6,6,3,2,13,14,15,10,16,17,17,18,6,2,2,2,2,11,11,11,11,2,11,11,11,2,2,2,2,2,11,11,11,11,2,19,2,2,20,21,2,2,2,2,2,11,2,22,23,2,2,2,2,2,2,2,24,25,26,27,28,2,2,2,2,29,30,31,2,2,2,32,2,2,2,2,2,2,2,2,2,2,33,34,2,2,2,2,17,17,17,17,17,17,17,17,18,18,18,18,18,18,18,18","0.00820302963256836","infomap","edit-xhwikibooks.graphml"
"0.85","0.12","0.03","0.564129818594104","1,1,1,2,3,2,4,5,2,2,4,6,5,5,5,2,7,8,4,9,10,11,12,5,5,5,5,2,1,13,14,15,9,16,17,17,18,5,10,10,10,10,11,11,11,11,10,11,11,11,10,10,10,10,10,11,11,11,11,10,19,10,10,20,21,10,10,10,10,10,11,10,22,23,10,10,10,10,10,10,10,24,25,26,27,28,10,10,10,10,29,30,31,10,10,10,32,10,10,10,10,10,10,10,10,10,10,33,34,10,10,10,10,17,17,17,17,17,17,17,17,18,18,18,18,18,18,18,18","0.00851917266845703","infomap","edit-xhwikibooks.graphml"
"0.84","0.13","0.03","0.552620119030338","1,1,1,2,3,2,4,5,2,2,6,7,5,5,5,2,8,9,10,11,12,13,14,5,5,5,5,2,1,15,16,17,18,19,10,10,20,5,12,12,12,12,13,13,13,13,12,13,13,13,12,12,12,12,12,13,13,13,13,12,21,12,12,22,23,12,12,12,12,12,13,12,24,25,12,12,12,12,12,12,12,26,27,28,29,30,12,12,12,12,31,32,33,12,12,12,34,12,12,12,12,12,12,12,12,12,12,35,36,12,12,12,12,10,10,10,10,10,10,10,10,20,20,20,20,20,20,20,20","0.00813102722167969","infomap","edit-xhwikibooks.graphml"
"0.83","0.14","0.03","0.552620119030338","1,1,1,2,3,2,4,5,2,2,6,7,5,5,5,2,8,9,10,11,12,13,14,5,5,5,5,2,1,15,16,17,18,19,10,10,20,5,12,12,12,12,13,13,13,13,12,13,13,13,12,12,12,12,12,13,13,13,13,12,21,12,12,22,23,12,12,12,12,12,13,12,24,25,12,12,12,12,12,12,12,26,27,28,29,30,12,12,12,12,31,32,33,12,12,12,34,12,12,12,12,12,12,12,12,12,12,35,36,12,12,12,12,10,10,10,10,10,10,10,10,20,20,20,20,20,20,20,20","0.00797295570373535","infomap","edit-xhwikibooks.graphml"
"0.82","0.15","0.03","0.558243758972025","1,1,1,2,3,2,4,5,2,2,6,7,5,5,5,2,8,9,10,11,12,13,14,5,5,5,5,2,1,15,16,17,18,19,10,10,20,5,12,12,12,12,13,13,13,13,12,13,13,13,12,12,12,12,12,13,13,13,13,12,21,12,12,22,23,12,12,12,12,12,13,12,24,25,12,12,12,12,12,12,12,26,27,28,29,30,12,12,12,12,31,32,33,12,12,12,34,12,12,12,12,12,12,12,12,12,12,35,36,12,12,12,12,10,10,10,10,10,10,10,10,20,20,20,20,20,20,20,20","0.00840497016906738","infomap","edit-xhwikibooks.graphml"
"0.81","0.16","0.03","0.529093545508626","1,2,1,3,4,5,6,5,7,8,9,10,5,7,7,5,11,12,13,14,2,15,16,7,7,7,7,17,18,19,20,21,22,23,13,13,24,7,2,2,2,2,15,15,15,15,2,15,15,15,2,2,2,2,2,15,15,15,15,2,25,2,2,26,27,2,2,2,2,2,15,2,28,29,2,2,2,2,2,2,2,30,31,32,33,34,2,2,2,2,35,36,37,2,2,2,38,2,2,2,2,2,2,2,2,2,2,39,40,2,2,2,2,13,13,13,13,13,13,13,13,24,24,24,24,24,24,24,24","0.00305390357971191","infomap","edit-xhwikibooks.graphml"
"0.8","0.17","0.03","0.531009580490637","1,2,1,3,4,5,6,5,7,8,9,10,5,7,7,5,11,12,13,14,2,15,16,7,7,7,7,17,18,19,20,21,22,23,13,13,24,7,2,2,2,2,15,15,15,15,2,15,15,15,2,2,2,2,2,15,15,15,15,2,25,2,2,26,27,2,2,2,2,2,15,2,28,29,2,2,2,2,2,2,2,30,31,32,33,34,2,2,2,2,35,36,37,2,2,2,38,2,2,2,2,2,2,2,2,2,2,39,40,2,2,2,2,13,13,13,13,13,13,13,13,24,24,24,24,24,24,24,24","0.00320196151733398","infomap","edit-xhwikibooks.graphml"
"0.79","0.18","0.03","0.531009580490637","1,2,1,3,4,5,6,5,7,8,9,10,5,7,7,5,11,12,13,14,2,15,16,7,7,7,7,17,18,19,20,21,22,23,13,13,24,7,2,2,2,2,15,15,15,15,2,15,15,15,2,2,2,2,2,15,15,15,15,2,25,2,2,26,27,2,2,2,2,2,15,2,28,29,2,2,2,2,2,2,2,30,31,32,33,34,2,2,2,2,35,36,37,2,2,2,38,2,2,2,2,2,2,2,2,2,2,39,40,2,2,2,2,13,13,13,13,13,13,13,13,24,24,24,24,24,24,24,24","0.00310397148132324","infomap","edit-xhwikibooks.graphml"
"0.78","0.19","0.03","0.51786511005354","1,2,1,3,4,5,6,5,5,7,8,9,10,5,5,11,12,13,14,15,2,16,17,5,5,5,5,18,19,20,21,22,23,24,14,14,25,26,2,2,2,2,16,16,16,16,2,16,16,16,2,2,2,2,2,16,16,16,16,2,27,2,2,28,29,2,2,2,2,2,16,2,30,31,2,2,2,2,2,2,2,32,33,34,35,36,2,2,2,2,37,38,39,2,2,2,40,2,2,2,2,2,2,2,2,2,2,41,42,2,2,2,2,14,14,14,14,14,14,14,14,25,25,25,25,25,25,25,25","0.0030980110168457","infomap","edit-xhwikibooks.graphml"
"0.77","0.2","0.03","0.524884363010506","1,2,1,3,4,5,6,5,5,7,8,9,10,5,5,11,12,13,14,15,2,16,17,5,5,5,5,18,19,20,21,22,23,24,14,14,25,26,2,2,2,2,16,16,16,16,2,16,16,16,2,2,2,2,2,16,16,16,16,2,27,2,2,28,29,2,2,2,2,2,16,2,30,31,2,2,2,2,2,2,2,32,33,34,35,36,2,2,2,2,37,38,39,2,2,2,40,2,2,2,2,2,2,2,2,2,2,41,42,2,2,2,2,14,14,14,14,14,14,14,14,25,25,25,25,25,25,25,25","0.00325798988342285","infomap","edit-xhwikibooks.graphml"
"0.76","0.21","0.03","0.522693452380952","1,2,1,3,4,5,6,5,5,7,8,9,10,5,5,11,12,13,14,15,2,16,17,5,5,5,5,18,19,20,21,22,23,24,14,14,25,26,2,2,2,2,16,16,16,16,2,16,16,16,2,2,2,2,2,16,16,16,16,2,27,2,2,28,29,2,2,2,2,2,16,2,30,31,2,2,2,2,2,2,2,32,33,34,35,36,2,2,2,2,37,38,39,2,2,2,40,2,2,2,2,2,2,2,2,2,2,41,42,2,2,2,2,14,14,14,14,14,14,14,14,25,25,25,25,25,25,25,25","0.00301098823547363","infomap","edit-xhwikibooks.graphml"
"0.75","0.22","0.03","0.53082242712671","1,1,1,2,3,4,5,6,7,8,9,10,11,6,6,12,13,14,15,16,17,18,19,20,6,6,6,21,22,23,24,25,26,27,15,15,28,29,17,17,17,17,18,18,18,18,17,18,18,18,17,17,17,17,17,18,18,18,18,17,30,17,17,31,32,17,17,17,17,17,18,17,33,34,17,17,17,17,17,17,17,35,36,37,38,39,17,17,17,17,40,41,42,17,17,17,43,17,17,17,17,17,17,17,17,17,17,44,45,17,17,17,17,15,15,15,15,15,15,15,15,28,28,28,28,28,28,28,28","0.00304698944091797","infomap","edit-xhwikibooks.graphml"
"0.74","0.23","0.03","0.537344472731184","1,1,1,2,3,4,5,6,7,8,9,10,11,6,6,12,13,14,15,16,17,18,19,20,6,6,6,21,22,23,24,25,26,27,15,15,28,29,17,17,17,17,18,18,18,18,17,18,18,18,17,17,17,17,17,18,18,18,18,17,30,17,17,31,32,17,17,17,17,17,18,17,33,34,17,17,17,17,17,17,17,35,36,37,38,39,17,17,17,17,40,41,42,17,17,17,43,17,17,17,17,17,17,17,17,17,17,44,45,17,17,17,17,15,15,15,15,15,15,15,15,28,28,28,28,28,28,28,28","0.00306916236877441","infomap","edit-xhwikibooks.graphml"
"0.73","0.24","0.03","0.541595804988662","1,1,1,2,3,4,5,6,7,8,9,10,11,6,6,12,13,14,15,16,17,18,19,20,6,6,6,21,22,23,24,25,26,27,15,15,28,29,17,17,17,17,18,18,18,18,17,18,18,18,17,17,17,17,17,18,18,18,18,17,30,17,17,31,32,17,17,17,17,17,18,17,33,34,17,17,17,17,17,17,17,35,36,37,38,39,17,17,17,17,40,41,42,17,17,17,43,17,17,17,17,17,17,17,17,17,17,44,45,17,17,17,17,15,15,15,15,15,15,15,15,28,28,28,28,28,28,28,28","0.0030519962310791","infomap","edit-xhwikibooks.graphml"
"0.72","0.25","0.03","0.494679799058582","1,1,1,2,3,4,5,6,7,8,9,10,11,12,12,13,14,15,16,17,18,19,20,21,12,12,12,22,23,24,25,26,27,28,16,16,12,29,18,18,18,18,19,19,19,19,18,19,19,19,18,18,18,18,18,19,19,19,19,18,30,18,18,31,32,18,18,18,18,18,19,18,33,34,18,18,18,18,18,18,18,35,36,37,38,39,18,18,18,18,40,41,42,18,18,18,43,18,18,18,18,18,18,18,18,18,18,44,45,18,18,18,18,16,46,47,16,16,16,16,16,48,49,50,51,52,53,54,55","0.00316190719604492","infomap","edit-xhwikibooks.graphml"
"0.71","0.26","0.03","0.494679799058582","1,1,1,2,3,4,5,6,7,8,9,10,11,12,12,13,14,15,16,17,18,19,20,21,12,12,12,22,23,24,25,26,27,28,16,16,12,29,18,18,18,18,19,19,19,19,18,19,19,19,18,18,18,18,18,19,19,19,19,18,30,18,18,31,32,18,18,18,18,18,19,18,33,34,18,18,18,18,18,18,18,35,36,37,38,39,18,18,18,18,40,41,42,18,18,18,43,18,18,18,18,18,18,18,18,18,18,44,45,18,18,18,18,16,46,47,16,16,16,16,16,48,49,50,51,52,53,54,55","0.00299596786499023","infomap","edit-xhwikibooks.graphml"
"0.7","0.27","0.03","0.494679799058582","1,1,1,2,3,4,5,6,7,8,9,10,11,12,12,13,14,15,16,17,18,19,20,21,12,12,12,22,23,24,25,26,27,28,16,16,12,29,18,18,18,18,19,19,19,19,18,19,19,19,18,18,18,18,18,19,19,19,19,18,30,18,18,31,32,18,18,18,18,18,19,18,33,34,18,18,18,18,18,18,18,35,36,37,38,39,18,18,18,18,40,41,42,18,18,18,43,18,18,18,18,18,18,18,18,18,18,44,45,18,18,18,18,16,46,47,16,16,16,16,16,48,49,50,51,52,53,54,55","0.00296902656555176","infomap","edit-xhwikibooks.graphml"
"0.69","0.28","0.03","0.487638938333136","1,1,1,2,3,4,5,6,7,8,9,10,11,12,13,14,15,16,17,18,19,20,21,22,13,13,13,23,24,25,26,27,28,29,17,17,13,30,19,19,19,19,20,20,20,20,19,20,20,20,19,19,19,19,19,20,20,20,20,19,31,19,19,32,33,19,19,19,19,19,20,19,34,35,19,19,19,19,19,19,19,36,37,38,39,40,19,19,19,19,41,42,43,19,19,19,44,19,19,19,19,19,19,19,19,19,19,45,46,19,19,19,19,17,47,48,17,17,17,17,17,49,50,51,52,53,54,55,56","0.00270891189575195","infomap","edit-xhwikibooks.graphml"
"0.68","0.29","0.03","0.497897457659812","1,1,1,2,3,4,5,6,7,8,9,10,11,12,13,14,15,16,17,18,19,20,21,22,13,13,13,23,24,25,26,27,28,29,17,17,13,30,19,19,19,19,20,20,20,20,19,20,20,20,19,19,19,19,19,20,20,20,20,19,31,19,19,32,33,19,19,19,19,19,20,19,34,35,19,19,19,19,19,19,19,36,37,38,39,40,19,19,19,19,41,42,43,19,19,19,44,19,19,19,19,19,19,19,19,19,19,45,46,19,19,19,19,17,47,48,17,17,17,17,17,49,50,51,52,53,54,55,56","0.0028071403503418","infomap","edit-xhwikibooks.graphml"
"0.67","0.3","0.03","0.495656149977138","1,1,1,2,3,4,5,6,7,8,9,10,11,12,13,14,15,16,17,18,19,20,21,22,13,13,13,23,24,25,26,27,28,29,17,17,13,30,19,19,19,19,20,20,20,20,19,20,20,20,19,19,19,19,19,20,20,20,20,19,31,19,19,32,33,19,19,19,19,19,20,19,34,35,19,19,19,19,19,19,19,36,37,38,39,40,19,19,19,19,41,42,43,19,19,19,44,19,19,19,19,19,19,19,19,19,19,45,46,19,19,19,19,17,47,48,17,17,17,17,17,49,50,51,52,53,54,55,56","0.00287699699401855","infomap","edit-xhwikibooks.graphml"
"0.66","0.31","0.03","0.4660546875","1,2,1,3,4,5,6,7,8,9,10,11,12,13,14,15,16,17,18,19,2,20,21,22,23,14,24,25,26,27,28,29,30,31,32,32,14,33,2,2,2,2,20,20,20,20,2,20,20,20,2,2,2,2,2,20,20,20,20,2,34,2,2,35,36,2,2,2,2,2,20,2,37,38,2,2,2,2,2,2,2,39,40,41,42,43,2,2,2,2,44,45,46,2,2,2,47,2,2,2,2,2,2,2,2,2,2,48,49,2,2,2,2,32,50,51,32,32,32,32,32,52,53,54,55,56,57,58,59","0.00289702415466309","infomap","edit-xhwikibooks.graphml"
"0.65","0.32","0.03","0.463870992631457","1,2,1,3,4,5,6,7,8,9,10,11,12,13,14,15,16,17,18,19,2,20,21,22,23,14,24,25,26,27,28,29,30,31,32,32,14,33,2,2,2,2,20,20,20,20,2,20,20,20,2,2,2,2,2,20,20,20,20,2,34,2,2,35,36,2,2,2,2,2,20,2,37,38,2,2,2,2,2,2,2,39,40,41,42,43,2,2,2,2,44,45,46,2,2,2,47,2,2,2,2,2,2,2,2,2,2,48,49,2,2,2,2,32,50,51,32,32,32,32,32,52,53,54,55,56,57,58,59","0.00260806083679199","infomap","edit-xhwikibooks.graphml"
"0.64","0.33","0.03","0.470126505105929","1,2,1,3,4,5,6,7,8,9,10,11,12,13,14,15,16,17,18,19,2,20,21,22,23,14,24,25,26,27,28,29,30,31,32,32,14,33,2,2,2,2,20,20,20,20,2,20,20,20,2,2,2,2,2,20,20,20,20,2,34,2,2,35,36,2,2,2,2,2,20,2,37,38,2,2,2,2,2,2,2,39,40,41,42,43,2,2,2,2,44,45,46,2,2,2,47,2,2,2,2,2,2,2,2,2,2,48,49,2,2,2,2,32,50,51,32,32,32,32,32,52,53,54,55,56,57,58,59","0.00258278846740723","infomap","edit-xhwikibooks.graphml"
"0.63","0.34","0.03","0.539159349173554","1,2,1,3,4,5,6,7,8,9,10,11,12,13,13,14,15,16,17,18,2,19,20,21,22,23,24,25,26,27,28,29,30,31,32,32,13,33,2,2,2,2,19,19,19,19,2,19,19,19,2,2,2,2,2,19,19,19,19,2,34,2,2,35,36,2,2,2,2,2,19,2,37,38,2,2,2,2,2,2,2,39,40,41,42,43,2,2,2,2,44,45,46,2,2,2,47,2,2,2,2,2,2,2,2,2,2,48,49,2,2,2,2,32,50,51,32,32,32,32,32,52,53,54,55,56,57,58,59","0.00259089469909668","infomap","edit-xhwikibooks.graphml"
"0.62","0.35","0.03","0.539159349173554","1,2,1,3,4,5,6,7,8,9,10,11,12,13,13,14,15,16,17,18,2,19,20,21,22,23,24,25,26,27,28,29,30,31,32,32,13,33,2,2,2,2,19,19,19,19,2,19,19,19,2,2,2,2,2,19,19,19,19,2,34,2,2,35,36,2,2,2,2,2,19,2,37,38,2,2,2,2,2,2,2,39,40,41,42,43,2,2,2,2,44,45,46,2,2,2,47,2,2,2,2,2,2,2,2,2,2,48,49,2,2,2,2,32,50,51,32,32,32,32,32,52,53,54,55,56,57,58,59","0.00261592864990234","infomap","edit-xhwikibooks.graphml"
"0.61","0.36","0.03","0.536946598997734","1,2,1,3,4,5,6,7,8,9,10,11,12,13,13,14,15,16,17,18,2,19,20,21,22,23,24,25,26,27,28,29,30,31,32,32,13,33,2,2,2,2,19,19,19,19,2,19,19,19,2,2,2,2,2,19,19,19,19,2,34,2,2,35,36,2,2,2,2,2,19,2,37,38,2,2,2,2,2,2,2,39,40,41,42,43,2,2,2,2,44,45,46,2,2,2,47,2,2,2,2,2,2,2,2,2,2,48,49,2,2,2,2,32,50,51,32,32,32,32,32,52,53,54,55,56,57,58,59","0.00278186798095703","infomap","edit-xhwikibooks.graphml"
"0.6","0.37","0.03","0.459862201570261","1,1,1,2,3,4,5,6,7,8,9,10,11,12,12,13,14,15,16,17,18,1,19,20,21,22,23,24,25,26,27,28,29,30,31,32,12,33,18,18,18,18,34,35,36,37,18,38,39,40,18,18,18,18,18,41,42,43,44,18,45,18,18,46,47,18,18,18,18,18,48,18,49,50,18,18,18,18,18,18,18,51,52,53,54,55,18,18,18,18,56,57,58,18,18,18,59,18,18,18,18,18,18,18,18,18,18,60,61,18,18,18,18,31,62,63,31,31,31,31,31,64,65,66,67,68,69,70,71","0.00355815887451172","infomap","edit-xhwikibooks.graphml"
"0.59","0.38","0.03","0.457576836359321","1,1,1,2,3,4,5,6,7,8,9,10,11,12,12,13,14,15,16,17,18,1,19,20,21,22,23,24,25,26,27,28,29,30,31,32,12,33,18,18,18,18,34,35,36,37,18,38,39,40,18,18,18,18,18,41,42,43,44,18,45,18,18,46,47,18,18,18,18,18,48,18,49,50,18,18,18,18,18,18,18,51,52,53,54,55,18,18,18,18,56,57,58,18,18,18,59,18,18,18,18,18,18,18,18,18,18,60,61,18,18,18,18,31,62,63,31,31,31,31,31,64,65,66,67,68,69,70,71","0.00370907783508301","infomap","edit-xhwikibooks.graphml"
"0.58","0.39","0.03","0.46328125","1,1,1,2,3,4,5,6,7,8,9,10,11,12,12,13,14,15,16,17,18,1,19,20,21,22,23,24,25,26,27,28,29,30,31,32,12,33,18,18,18,18,34,35,36,37,18,38,39,40,18,18,18,18,18,41,42,43,44,18,45,18,18,46,47,18,18,18,18,18,48,18,49,50,18,18,18,18,18,18,18,51,52,53,54,55,18,18,18,18,56,57,58,18,18,18,59,18,18,18,18,18,18,18,18,18,18,60,61,18,18,18,18,31,62,63,31,31,31,31,31,64,65,66,67,68,69,70,71","0.00407600402832031","infomap","edit-xhwikibooks.graphml"
"0.57","0.4","0.03","0.478435455086258","1,1,1,2,3,4,5,6,7,8,9,10,11,12,12,13,14,15,16,17,18,1,19,20,21,22,23,24,25,26,27,28,29,30,31,32,12,33,18,18,18,18,34,35,36,37,18,38,39,40,18,18,18,18,18,41,42,43,44,18,45,18,18,46,47,18,18,18,18,18,48,18,49,50,18,18,18,18,18,18,18,51,52,53,54,55,18,18,18,18,56,57,58,18,18,18,59,18,18,18,18,18,18,18,18,18,18,60,61,18,18,18,18,31,62,63,31,31,31,31,31,64,65,66,67,68,69,70,71","0.00387907028198242","infomap","edit-xhwikibooks.graphml"
"0.56","0.41","0.03","0.478435455086258","1,1,1,2,3,4,5,6,7,8,9,10,11,12,12,13,14,15,16,17,18,1,19,20,21,22,23,24,25,26,27,28,29,30,31,32,12,33,18,18,18,18,34,35,36,37,18,38,39,40,18,18,18,18,18,41,42,43,44,18,45,18,18,46,47,18,18,18,18,18,48,18,49,50,18,18,18,18,18,18,18,51,52,53,54,55,18,18,18,18,56,57,58,18,18,18,59,18,18,18,18,18,18,18,18,18,18,60,61,18,18,18,18,31,62,63,31,31,31,31,31,64,65,66,67,68,69,70,71","0.00344204902648926","infomap","edit-xhwikibooks.graphml"
"0.55","0.42","0.03","0.596426806016524","1,1,1,2,3,4,5,6,7,8,9,10,11,12,12,13,14,15,16,17,18,1,19,20,21,22,23,24,25,26,27,28,29,30,31,32,12,33,18,18,18,18,34,35,36,37,18,38,39,40,18,18,18,18,18,41,42,43,44,18,45,18,18,46,47,18,18,18,18,18,48,18,49,50,18,18,18,18,18,18,18,51,52,53,54,55,18,18,18,18,56,57,58,18,18,18,59,18,18,18,18,18,18,18,18,18,18,60,61,62,18,18,18,31,63,64,31,31,31,31,31,65,66,67,68,69,70,71,72","0.00388693809509277","infomap","edit-xhwikibooks.graphml"
"0.54","0.43","0.03","0.593413357956294","1,1,1,2,3,4,5,6,7,8,9,10,11,12,12,13,14,15,16,17,18,1,19,20,21,22,23,24,25,26,27,28,29,30,31,31,32,33,18,18,18,18,34,35,36,37,18,38,39,40,18,18,18,18,18,41,42,43,44,18,45,18,18,46,47,18,18,18,18,18,48,18,49,50,18,18,18,18,18,18,18,51,52,53,54,55,18,18,18,18,56,57,58,18,18,18,59,18,18,18,18,18,18,18,18,18,18,60,61,18,18,18,18,62,63,64,65,66,67,68,69,70,71,72,73,74,75,76,77","0.00255417823791504","infomap","edit-xhwikibooks.graphml"
"0.53","0.44","0.03","0.594678953626635","1,1,1,2,3,4,5,6,7,8,9,10,11,12,12,13,14,15,16,17,18,1,19,20,21,22,23,24,25,26,27,28,29,30,31,31,32,33,18,18,18,18,34,35,36,37,18,38,39,40,18,18,18,18,18,41,42,43,44,18,45,18,18,46,47,18,18,18,18,18,48,18,49,50,18,18,18,18,18,18,18,51,52,53,54,55,18,18,18,18,56,57,58,18,18,18,59,18,18,18,18,18,18,18,18,18,18,60,61,18,18,18,18,62,63,64,65,66,67,68,69,70,71,72,73,74,75,76,77","0.00259804725646973","infomap","edit-xhwikibooks.graphml"
"0.52","0.45","0.03","0.595660749506903","1,1,1,2,3,4,5,6,7,8,9,10,11,12,12,13,14,15,16,17,18,1,19,20,21,22,23,24,25,26,27,28,29,30,31,32,33,34,18,18,18,18,35,36,37,38,18,39,40,41,18,18,18,18,18,42,43,44,45,18,46,18,18,47,48,18,18,18,18,18,49,18,50,51,18,18,18,18,18,18,18,52,53,54,55,56,18,18,18,18,57,58,59,18,18,18,60,18,18,18,18,18,18,18,18,18,18,61,62,18,18,18,18,63,64,65,66,67,68,69,70,71,72,73,74,75,76,77,78","0.00291705131530762","infomap","edit-xhwikibooks.graphml"
"0.51","0.46","0.03","0.592214880781385","1,1,1,2,3,4,5,6,7,8,9,10,11,12,12,13,14,15,16,17,18,1,19,20,21,22,23,24,25,26,27,28,29,30,31,32,33,34,18,18,18,18,35,36,37,38,18,39,40,41,18,18,18,18,18,42,43,44,45,18,46,18,18,47,48,18,18,18,18,18,49,18,50,51,18,18,18,18,18,18,18,52,53,54,55,56,18,18,18,18,57,58,59,18,18,18,60,18,18,18,18,18,18,18,18,18,18,61,62,18,18,18,18,63,64,65,66,67,68,69,70,71,72,73,74,75,76,77,78","0.00273799896240234","infomap","edit-xhwikibooks.graphml"
"0.5","0.47","0.03","0.596709271944072","1,1,1,2,3,4,5,6,7,8,9,10,11,12,12,13,14,15,16,17,18,1,19,20,21,22,23,24,25,26,27,28,29,30,31,32,33,34,18,18,18,18,35,36,37,38,18,39,40,41,18,18,18,18,18,42,43,44,45,18,46,18,18,47,48,18,18,18,18,18,49,18,50,51,18,18,18,18,18,18,18,52,53,54,55,56,18,18,18,18,57,58,59,18,18,18,60,18,18,18,18,18,18,18,18,18,18,61,62,18,18,18,18,63,64,65,66,67,68,69,70,71,72,73,74,75,76,77,78","0.00255012512207031","infomap","edit-xhwikibooks.graphml"
"0.49","0.48","0.03","0.518576388888889","1,2,1,3,4,5,6,7,8,9,10,11,12,13,13,14,15,16,17,18,2,2,19,20,21,22,23,24,25,26,27,28,29,30,31,31,32,33,2,2,2,2,34,35,36,37,2,38,39,40,2,2,2,2,2,41,42,43,44,2,45,2,2,46,47,2,2,2,2,2,48,2,49,50,2,2,2,2,2,2,2,51,52,53,54,55,2,2,2,2,56,57,58,2,2,2,59,2,2,2,2,2,2,2,2,2,2,60,61,2,2,2,2,62,63,64,65,66,67,68,69,70,71,72,73,74,75,76,77","0.00247406959533691","infomap","edit-xhwikibooks.graphml"
"0.48","0.49","0.03","0.585092860673681","1,2,1,3,4,5,6,7,8,9,10,11,12,13,13,14,15,16,17,18,2,19,20,21,22,23,24,25,26,27,28,29,30,31,32,32,33,34,2,2,2,2,35,36,37,38,2,39,40,41,2,2,2,2,2,42,43,44,45,2,46,2,2,47,48,2,2,2,2,2,49,2,50,51,2,2,2,2,2,2,2,52,53,54,55,56,2,2,2,2,57,58,59,2,2,2,60,2,2,2,2,2,2,2,2,2,2,61,62,2,2,2,2,63,64,65,66,67,68,69,70,71,72,73,74,75,76,77,78","0.00292301177978516","infomap","edit-xhwikibooks.graphml"
"0.47","0.5","0.03","0.742991522903034","1,1,1,2,3,4,5,6,7,8,9,10,11,11,11,12,13,14,15,16,17,18,19,6,20,20,20,21,22,23,24,25,26,27,28,29,30,31,17,17,17,17,32,33,34,35,17,36,37,38,17,17,17,17,17,39,40,41,42,17,43,17,17,44,45,17,17,17,17,17,46,17,47,48,17,17,17,17,17,17,17,49,50,51,52,53,17,17,17,17,54,55,56,17,17,17,57,17,17,17,17,17,17,17,17,17,17,58,59,17,17,17,17,60,61,62,60,60,60,60,60,63,64,65,66,67,68,69,70","0.00279092788696289","infomap","edit-xhwikibooks.graphml"
"0.46","0.51","0.03","0.742991522903034","1,1,1,2,3,4,5,6,7,8,9,10,11,11,11,12,13,14,15,16,17,18,19,6,20,20,20,21,22,23,24,25,26,27,28,29,30,31,17,17,17,17,32,33,34,35,17,36,37,38,17,17,17,17,17,39,40,41,42,17,43,17,17,44,45,17,17,17,17,17,46,17,47,48,17,17,17,17,17,17,17,49,50,51,52,53,17,17,17,17,54,55,56,17,17,17,57,17,17,17,17,17,17,17,17,17,17,58,59,17,17,17,17,60,61,62,60,60,60,60,60,63,64,65,66,67,68,69,70","0.00266313552856445","infomap","edit-xhwikibooks.graphml"
"0.45","0.52","0.03","0.742991522903034","1,1,1,2,3,4,5,6,7,8,9,10,11,11,11,12,13,14,15,16,17,18,19,6,20,20,20,21,22,23,24,25,26,27,28,29,30,31,17,17,17,17,32,33,34,35,17,36,37,38,17,17,17,17,17,39,40,41,42,17,43,17,17,44,45,17,17,17,17,17,46,17,47,48,17,17,17,17,17,17,17,49,50,51,52,53,17,17,17,17,54,55,56,17,17,17,57,17,17,17,17,17,17,17,17,17,17,58,59,17,17,17,17,60,61,62,60,60,60,60,60,63,64,65,66,67,68,69,70","0.00262308120727539","infomap","edit-xhwikibooks.graphml"
"0.44","0.53","0.03","0.740514233241506","1,1,1,2,3,4,5,6,7,8,9,10,11,11,11,12,13,14,15,16,17,18,19,6,20,20,20,21,22,23,24,25,26,27,28,29,30,31,17,17,17,17,32,33,34,35,17,36,37,38,17,17,17,17,17,39,40,41,42,17,43,17,17,44,45,17,17,17,17,17,46,17,47,48,17,17,17,17,17,17,17,49,50,51,52,53,17,17,17,17,54,55,56,17,17,17,57,17,17,17,17,17,17,17,17,17,17,58,59,17,17,17,17,60,61,62,60,60,60,60,60,63,64,65,66,67,68,69,70","0.00268292427062988","infomap","edit-xhwikibooks.graphml"
"0.43","0.54","0.03","0.749090909090909","1,1,1,2,3,4,5,6,7,8,9,10,11,11,11,12,13,14,15,16,17,18,19,6,20,20,20,21,22,23,24,25,26,27,28,29,30,31,17,17,17,17,32,33,34,35,17,36,37,38,17,17,17,17,17,39,40,41,42,17,43,17,17,44,45,17,17,17,17,17,46,17,47,48,17,17,17,17,17,17,17,49,50,51,52,53,17,17,17,17,54,55,56,17,17,17,57,17,17,17,17,17,17,17,17,17,17,58,59,17,17,17,17,60,61,62,60,60,60,60,60,63,64,65,66,67,68,69,70","0.00277996063232422","infomap","edit-xhwikibooks.graphml"
"0.42","0.55","0.03","0.746588764697343","1,1,1,2,3,4,5,6,7,8,9,10,11,11,11,12,13,14,15,16,17,18,19,6,20,20,20,21,22,23,24,25,26,27,28,29,30,31,17,17,17,17,32,33,34,35,17,36,37,38,17,17,17,17,17,39,40,41,42,17,43,17,17,44,45,17,17,17,17,17,46,17,47,48,17,17,17,17,17,17,17,49,50,51,52,53,17,17,17,17,54,55,56,17,17,17,57,17,17,17,17,17,17,17,17,17,17,58,59,17,17,17,17,60,61,62,60,60,60,60,60,63,64,65,66,67,68,69,70","0.00279998779296875","infomap","edit-xhwikibooks.graphml"
"0.41","0.56","0.03","0.7515589569161","1,1,1,2,3,4,5,6,7,8,9,10,11,11,11,12,13,14,15,16,17,18,19,6,20,20,20,21,22,23,24,25,26,27,28,29,30,31,17,17,17,17,32,33,34,35,17,36,37,38,17,17,17,17,17,39,40,41,42,17,43,17,17,44,45,17,17,17,17,17,46,17,47,48,17,17,17,17,17,17,17,49,50,51,52,53,17,17,17,17,54,55,56,17,17,17,57,17,17,17,17,17,17,17,17,17,17,58,59,17,17,17,17,60,61,62,60,60,60,60,60,63,64,65,66,67,68,69,70","0.00290107727050781","infomap","edit-xhwikibooks.graphml"
"0.4","0.57","0.03","0.749098420923637","1,1,1,2,3,4,5,6,7,8,9,10,11,11,11,12,13,14,15,16,17,18,19,6,20,20,20,21,22,23,24,25,26,27,28,29,30,31,17,17,17,17,32,33,34,35,17,36,37,38,17,17,17,17,17,39,40,41,42,17,43,17,17,44,45,17,17,17,17,17,46,17,47,48,17,17,17,17,17,17,17,49,50,51,52,53,17,17,17,17,54,55,56,17,17,17,57,17,17,17,17,17,17,17,17,17,17,58,59,17,17,17,17,60,61,62,60,60,60,60,60,63,64,65,66,67,68,69,70","0.00277495384216309","infomap","edit-xhwikibooks.graphml"
"0.39","0.58","0.03","0.753736192332684","1,1,1,2,3,4,5,6,7,8,9,10,11,11,11,12,13,14,15,16,17,18,19,6,20,20,20,21,22,23,24,25,26,27,28,29,30,31,17,17,17,17,32,33,34,35,17,36,37,38,17,17,17,17,17,39,40,41,42,17,43,17,17,44,45,17,17,17,17,17,46,17,47,48,17,17,17,17,17,17,17,49,50,51,52,53,17,17,17,17,54,55,56,17,17,17,57,17,17,17,17,17,17,17,17,17,17,58,59,17,17,17,17,60,61,62,60,60,60,60,60,63,64,65,66,67,68,69,70","0.00281190872192383","infomap","edit-xhwikibooks.graphml"
"0.38","0.59","0.03","0.751318280151434","1,1,1,2,3,4,5,6,7,8,9,10,11,11,11,12,13,14,15,16,17,18,19,6,20,20,20,21,22,23,24,25,26,27,28,29,30,31,17,17,17,17,32,33,34,35,17,36,37,38,17,17,17,17,17,39,40,41,42,17,43,17,17,44,45,17,17,17,17,17,46,17,47,48,17,17,17,17,17,17,17,49,50,51,52,53,17,17,17,17,54,55,56,17,17,17,57,17,17,17,17,17,17,17,17,17,17,58,59,17,17,17,17,60,61,62,60,60,60,60,60,63,64,65,66,67,68,69,70","0.00279998779296875","infomap","edit-xhwikibooks.graphml"
"0.37","0.6","0.03","0.758073469387755","1,1,1,2,3,4,5,6,7,8,9,10,11,11,11,12,13,14,15,16,17,18,19,6,20,20,20,21,22,23,24,25,26,27,28,29,30,31,17,17,17,17,32,33,34,35,17,36,37,38,17,17,17,17,17,39,40,41,42,17,43,17,17,44,45,17,17,17,17,17,46,17,47,48,17,17,17,17,17,17,17,49,50,51,52,53,17,17,17,17,54,55,56,17,17,17,57,17,17,17,17,17,17,17,17,17,17,58,59,17,17,17,17,60,61,62,60,60,60,60,60,63,64,65,66,67,68,69,70","0.00279378890991211","infomap","edit-xhwikibooks.graphml"
"0.36","0.61","0.03","0.75571410123967","1,1,1,2,3,4,5,6,7,8,9,10,11,11,11,12,13,14,15,16,17,18,19,6,20,20,20,21,22,23,24,25,26,27,28,29,30,31,17,17,17,17,32,33,34,35,17,36,37,38,17,17,17,17,17,39,40,41,42,17,43,17,17,44,45,17,17,17,17,17,46,17,47,48,17,17,17,17,17,17,17,49,50,51,52,53,17,17,17,17,54,55,56,17,17,17,57,17,17,17,17,17,17,17,17,17,17,58,59,17,17,17,17,60,61,62,60,60,60,60,60,63,64,65,66,67,68,69,70","0.00297689437866211","infomap","edit-xhwikibooks.graphml"
"0.35","0.62","0.03","0.75786012959239","1,1,1,2,3,4,5,6,7,8,9,10,11,11,11,12,13,14,15,16,17,18,19,6,20,20,20,21,22,23,24,25,26,27,28,29,30,31,17,17,17,17,32,33,34,35,17,36,37,38,17,17,17,17,17,39,40,41,42,17,43,17,17,44,45,17,17,17,17,17,46,17,47,48,17,17,17,17,17,17,17,49,50,51,52,53,17,17,17,17,54,55,56,17,17,17,57,17,17,17,17,17,17,17,17,17,17,58,59,17,17,17,17,60,61,62,60,60,60,60,60,63,64,65,66,67,68,69,70","0.00274395942687988","infomap","edit-xhwikibooks.graphml"
"0.34","0.63","0.03","0.755523292513572","1,1,1,2,3,4,5,6,7,8,9,10,11,11,11,12,13,14,15,16,17,18,19,6,20,20,20,21,22,23,24,25,26,27,28,29,30,31,17,17,17,17,32,33,34,35,17,36,37,38,17,17,17,17,17,39,40,41,42,17,43,17,17,44,45,17,17,17,17,17,46,17,47,48,17,17,17,17,17,17,17,49,50,51,52,53,17,17,17,17,54,55,56,17,17,17,57,17,17,17,17,17,17,17,17,17,17,58,59,17,17,17,17,60,61,62,60,60,60,60,60,63,64,65,66,67,68,69,70","0.00281310081481934","infomap","edit-xhwikibooks.graphml"
"0.33","0.64","0.03","0.755523292513572","1,1,1,2,3,4,5,6,7,8,9,10,11,11,11,12,13,14,15,16,17,18,19,6,20,20,20,21,22,23,24,25,26,27,28,29,30,31,17,17,17,17,32,33,34,35,17,36,37,38,17,17,17,17,17,39,40,41,42,17,43,17,17,44,45,17,17,17,17,17,46,17,47,48,17,17,17,17,17,17,17,49,50,51,52,53,17,17,17,17,54,55,56,17,17,17,57,17,17,17,17,17,17,17,17,17,17,58,59,17,17,17,17,60,61,62,60,60,60,60,60,63,64,65,66,67,68,69,70","0.00290179252624512","infomap","edit-xhwikibooks.graphml"
"0.32","0.65","0.03","0.753191223744578","1,1,1,2,3,4,5,6,7,8,9,10,11,11,11,12,13,14,15,16,17,18,19,6,20,20,20,21,22,23,24,25,26,27,28,29,30,31,17,17,17,17,32,33,34,35,17,36,37,38,17,17,17,17,17,39,40,41,42,17,43,17,17,44,45,17,17,17,17,17,46,17,47,48,17,17,17,17,17,17,17,49,50,51,52,53,17,17,17,17,54,55,56,17,17,17,57,17,17,17,17,17,17,17,17,17,17,58,59,17,17,17,17,60,61,62,60,60,60,60,60,63,64,65,66,67,68,69,70","0.00286006927490234","infomap","edit-xhwikibooks.graphml"
"0.31","0.66","0.03","0.755246913580247","1,1,1,2,3,4,5,6,7,8,9,10,11,11,11,12,13,14,15,16,17,18,19,6,20,20,20,21,22,23,24,25,26,27,28,29,30,31,17,17,17,17,32,33,34,35,17,36,37,38,17,17,17,17,17,39,40,41,42,17,43,17,17,44,45,17,17,17,17,17,46,17,47,48,17,17,17,17,17,17,17,49,50,51,52,53,17,17,17,17,54,55,56,17,17,17,57,17,17,17,17,17,17,17,17,17,17,58,59,17,17,17,17,60,61,62,60,60,60,60,60,63,64,65,66,67,68,69,70","0.00308799743652344","infomap","edit-xhwikibooks.graphml"
"0.3","0.67","0.03","0.768402366863905","1,1,1,2,3,4,5,6,7,8,9,10,11,11,12,13,14,15,16,17,18,19,20,6,21,21,21,22,23,24,25,26,27,28,29,30,31,32,18,18,18,18,33,34,35,36,18,37,38,39,18,18,18,18,18,40,41,42,43,18,44,18,18,45,46,18,18,18,18,18,47,18,48,49,18,18,18,18,18,18,18,50,51,52,53,54,18,18,18,18,55,56,57,18,18,18,58,18,18,18,18,18,18,18,18,18,18,59,60,18,18,18,18,61,62,63,61,61,61,61,61,64,65,66,67,68,69,70,71","0.00280308723449707","infomap","edit-xhwikibooks.graphml"
"0.29","0.68","0.03","0.768402366863905","1,1,1,2,3,4,5,6,7,8,9,10,11,11,12,13,14,15,16,17,18,19,20,6,21,21,21,22,23,24,25,26,27,28,29,30,31,32,18,18,18,18,33,34,35,36,18,37,38,39,18,18,18,18,18,40,41,42,43,18,44,18,18,45,46,18,18,18,18,18,47,18,48,49,18,18,18,18,18,18,18,50,51,52,53,54,18,18,18,18,55,56,57,18,18,18,58,18,18,18,18,18,18,18,18,18,18,59,60,18,18,18,18,61,62,63,61,61,61,61,61,64,65,66,67,68,69,70,71","0.00280499458312988","infomap","edit-xhwikibooks.graphml"
"0.28","0.69","0.03","0.766360370678884","1,1,1,2,3,4,5,6,7,8,9,10,11,11,12,13,14,15,16,17,18,19,20,6,21,21,21,22,23,24,25,26,27,28,29,30,31,32,18,18,18,18,33,34,35,36,18,37,38,39,18,18,18,18,18,40,41,42,43,18,44,18,18,45,46,18,18,18,18,18,47,18,48,49,18,18,18,18,18,18,18,50,51,52,53,54,18,18,18,18,55,56,57,18,18,18,58,18,18,18,18,18,18,18,18,18,18,59,60,18,18,18,18,61,62,63,61,61,61,61,61,64,65,66,67,68,69,70,71","0.00279998779296875","infomap","edit-xhwikibooks.graphml"
"0.27","0.7","0.03","0.768107913112938","1,1,1,2,3,4,5,6,7,8,9,10,11,11,12,13,14,15,16,17,18,19,20,6,21,21,21,22,23,24,25,26,27,28,29,30,31,32,18,18,18,18,33,34,35,36,18,37,38,39,18,18,18,18,18,40,41,42,43,18,44,18,18,45,46,18,18,18,18,18,47,18,48,49,18,18,18,18,18,18,18,50,51,52,53,54,18,18,18,18,55,56,57,18,18,18,58,18,18,18,18,18,18,18,18,18,18,59,60,18,18,18,18,61,62,63,61,61,61,61,61,64,65,66,67,68,69,70,71","0.00282120704650879","infomap","edit-xhwikibooks.graphml"
"0.26","0.71","0.03","0.766082542597694","1,1,1,2,3,4,5,6,7,8,9,10,11,11,12,13,14,15,16,17,18,19,20,6,21,21,21,22,23,24,25,26,27,28,29,30,31,32,18,18,18,18,33,34,35,36,18,37,38,39,18,18,18,18,18,40,41,42,43,18,44,18,18,45,46,18,18,18,18,18,47,18,48,49,18,18,18,18,18,18,18,50,51,52,53,54,18,18,18,18,55,56,57,18,18,18,58,18,18,18,18,18,18,18,18,18,18,59,60,18,18,18,18,61,62,63,61,61,61,61,61,64,65,66,67,68,69,70,71","0.00400996208190918","infomap","edit-xhwikibooks.graphml"
"0.25","0.72","0.03","0.7697875","1,1,1,2,3,4,5,6,7,8,9,10,11,11,12,13,14,15,16,17,18,19,20,6,21,21,21,22,23,24,25,26,27,28,29,30,31,32,18,18,18,18,33,34,35,36,18,37,38,39,18,18,18,18,18,40,41,42,43,18,44,18,18,45,46,18,18,18,18,18,47,18,48,49,18,18,18,18,18,18,18,50,51,52,53,54,18,18,18,18,55,56,57,18,18,18,58,18,18,18,18,18,18,18,18,18,18,59,60,18,18,18,18,61,62,63,61,61,61,61,61,64,65,66,67,68,69,70,71","0.00305294990539551","infomap","edit-xhwikibooks.graphml"
"0.24","0.73","0.03","0.767790401227692","1,1,1,2,3,4,5,6,7,8,9,10,11,11,12,13,14,15,16,17,18,19,20,6,21,21,21,22,23,24,25,26,27,28,29,30,31,32,18,18,18,18,33,34,35,36,18,37,38,39,18,18,18,18,18,40,41,42,43,18,44,18,18,45,46,18,18,18,18,18,47,18,48,49,18,18,18,18,18,18,18,50,51,52,53,54,18,18,18,18,55,56,57,18,18,18,58,18,18,18,18,18,18,18,18,18,18,59,60,18,18,18,18,61,62,63,61,61,61,61,61,64,65,66,67,68,69,70,71","0.00285792350769043","infomap","edit-xhwikibooks.graphml"
"0.23","0.74","0.03","0.767790401227692","1,1,1,2,3,4,5,6,7,8,9,10,11,11,12,13,14,15,16,17,18,19,20,6,21,21,21,22,23,24,25,26,27,28,29,30,31,32,18,18,18,18,33,34,35,36,18,37,38,39,18,18,18,18,18,40,41,42,43,18,44,18,18,45,46,18,18,18,18,18,47,18,48,49,18,18,18,18,18,18,18,50,51,52,53,54,18,18,18,18,55,56,57,18,18,18,58,18,18,18,18,18,18,18,18,18,18,59,60,18,18,18,18,61,62,63,61,61,61,61,61,64,65,66,67,68,69,70,71","0.00270795822143555","infomap","edit-xhwikibooks.graphml"
"0.22","0.75","0.03","0.771267102914932","1,1,1,2,3,4,5,6,7,8,9,10,11,11,12,13,14,15,16,17,18,19,20,6,21,21,21,22,23,24,25,26,27,28,29,30,31,32,18,18,18,18,33,34,35,36,18,37,38,39,18,18,18,18,18,40,41,42,43,18,44,18,18,45,46,18,18,18,18,18,47,18,48,49,18,18,18,18,18,18,18,50,51,52,53,54,18,18,18,18,55,56,57,18,18,18,58,18,18,18,18,18,18,18,18,18,18,59,60,18,18,18,18,61,62,63,61,61,61,61,61,64,65,66,67,68,69,70,71","0.00276803970336914","infomap","edit-xhwikibooks.graphml"
"0.21","0.76","0.03","0.771267102914932","1,1,1,2,3,4,5,6,7,8,9,10,11,11,12,13,14,15,16,17,18,19,20,6,21,21,21,22,23,24,25,26,27,28,29,30,31,32,18,18,18,18,33,34,35,36,18,37,38,39,18,18,18,18,18,40,41,42,43,18,44,18,18,45,46,18,18,18,18,18,47,18,48,49,18,18,18,18,18,18,18,50,51,52,53,54,18,18,18,18,55,56,57,18,18,18,58,18,18,18,18,18,18,18,18,18,18,59,60,18,18,18,18,61,62,63,61,61,61,61,61,64,65,66,67,68,69,70,71","0.0029149055480957","infomap","edit-xhwikibooks.graphml"
"0.2","0.77","0.03","0.772869733245357","1,1,1,2,3,4,5,6,7,8,9,10,11,11,12,13,14,15,16,17,18,19,20,6,21,21,21,22,23,24,25,26,27,28,29,30,31,32,18,18,18,18,33,34,35,36,18,37,38,39,18,18,18,18,18,40,41,42,43,18,44,18,18,45,46,18,18,18,18,18,47,18,48,49,18,18,18,18,18,18,18,50,51,52,53,54,18,18,18,18,55,56,57,18,18,18,58,18,18,18,18,18,18,18,18,18,18,59,60,18,18,18,18,61,62,63,61,61,61,61,61,64,65,66,67,68,69,70,71","0.00280189514160156","infomap","edit-xhwikibooks.graphml"
"0.19","0.78","0.03","0.774284013644377","1,1,1,2,3,4,5,6,7,8,9,10,11,11,12,13,14,15,16,17,18,19,20,6,21,21,21,22,23,24,25,26,27,28,29,30,31,32,18,18,18,18,33,34,35,36,18,37,38,39,18,18,18,18,18,40,41,42,43,18,44,18,18,45,46,18,18,18,18,18,47,18,48,49,18,18,18,18,18,18,18,50,51,52,53,54,18,18,18,18,55,56,57,18,18,18,58,18,18,18,18,18,18,18,18,18,18,59,60,18,18,18,18,61,62,63,61,61,61,61,61,64,65,66,67,68,69,70,71","0.00280094146728516","infomap","edit-xhwikibooks.graphml"
"0.18","0.79","0.03","0.774284013644377","1,1,1,2,3,4,5,6,7,8,9,10,11,11,12,13,14,15,16,17,18,19,20,6,21,21,21,22,23,24,25,26,27,28,29,30,31,32,18,18,18,18,33,34,35,36,18,37,38,39,18,18,18,18,18,40,41,42,43,18,44,18,18,45,46,18,18,18,18,18,47,18,48,49,18,18,18,18,18,18,18,50,51,52,53,54,18,18,18,18,55,56,57,18,18,18,58,18,18,18,18,18,18,18,18,18,18,59,60,18,18,18,18,61,62,63,61,61,61,61,61,64,65,66,67,68,69,70,71","0.00277900695800781","infomap","edit-xhwikibooks.graphml"
"0.17","0.8","0.03","0.777347968877427","1,1,1,2,3,4,5,6,7,8,9,10,11,11,12,13,14,15,16,17,18,19,20,6,21,21,21,22,23,24,25,26,27,28,29,30,31,32,18,18,18,18,33,34,35,36,18,37,38,39,18,18,18,18,18,40,41,42,43,18,44,18,18,45,46,18,18,18,18,18,47,18,48,49,18,18,18,18,18,18,18,50,51,52,53,54,18,18,18,18,55,56,57,18,18,18,58,18,18,18,18,18,18,18,18,18,18,59,60,18,18,18,18,61,62,63,61,61,61,61,61,64,65,66,67,68,69,70,71","0.00290417671203613","infomap","edit-xhwikibooks.graphml"
"0.16","0.81","0.03","0.777347968877427","1,1,1,2,3,4,5,6,7,8,9,10,11,11,12,13,14,15,16,17,18,19,20,6,21,21,21,22,23,24,25,26,27,28,29,30,31,32,18,18,18,18,33,34,35,36,18,37,38,39,18,18,18,18,18,40,41,42,43,18,44,18,18,45,46,18,18,18,18,18,47,18,48,49,18,18,18,18,18,18,18,50,51,52,53,54,18,18,18,18,55,56,57,18,18,18,58,18,18,18,18,18,18,18,18,18,18,59,60,18,18,18,18,61,62,63,61,61,61,61,61,64,65,66,67,68,69,70,71","0.00283217430114746","infomap","edit-xhwikibooks.graphml"
"0.15","0.82","0.03","0.775471656913267","1,1,1,2,3,4,5,6,7,8,9,10,11,11,12,13,14,15,16,17,18,19,20,6,21,21,21,22,23,24,25,26,27,28,29,30,31,32,18,18,18,18,33,34,35,36,18,37,38,39,18,18,18,18,18,40,41,42,43,18,44,18,18,45,46,18,18,18,18,18,47,18,48,49,18,18,18,18,18,18,18,50,51,52,53,54,18,18,18,18,55,56,57,18,18,18,58,18,18,18,18,18,18,18,18,18,18,59,60,18,18,18,18,61,62,63,61,61,61,61,61,64,65,66,67,68,69,70,71","0.00292801856994629","infomap","edit-xhwikibooks.graphml"
"0.14","0.83","0.03","0.775471656913267","1,1,1,2,3,4,5,6,7,8,9,10,11,11,12,13,14,15,16,17,18,19,20,6,21,21,21,22,23,24,25,26,27,28,29,30,31,32,18,18,18,18,33,34,35,36,18,37,38,39,18,18,18,18,18,40,41,42,43,18,44,18,18,45,46,18,18,18,18,18,47,18,48,49,18,18,18,18,18,18,18,50,51,52,53,54,18,18,18,18,55,56,57,18,18,18,58,18,18,18,18,18,18,18,18,18,18,59,60,18,18,18,18,61,62,63,61,61,61,61,61,64,65,66,67,68,69,70,71","0.00278496742248535","infomap","edit-xhwikibooks.graphml"
"0.13","0.84","0.03","0.770554698216736","1,1,1,2,3,4,5,6,7,8,9,10,11,11,12,13,14,15,16,17,18,19,20,6,21,21,21,22,23,24,25,26,27,28,29,30,31,32,18,18,18,18,33,34,35,36,18,37,38,39,18,18,18,18,18,40,41,42,43,18,44,18,18,45,46,18,18,18,18,18,47,18,48,49,18,18,18,18,18,18,18,50,51,52,53,54,18,18,18,18,55,56,57,18,18,18,58,18,18,18,18,18,18,18,18,18,18,59,60,18,18,18,18,61,62,63,61,61,61,61,61,64,65,66,67,68,69,70,71","0.00285577774047852","infomap","edit-xhwikibooks.graphml"
"0.12","0.85","0.03","0.772048673787934","1,1,1,2,3,4,5,6,7,8,9,10,11,11,12,13,14,15,16,17,18,19,20,6,21,21,21,22,23,24,25,26,27,28,29,30,31,32,18,18,18,18,33,34,35,36,18,37,38,39,18,18,18,18,18,40,41,42,43,18,44,18,18,45,46,18,18,18,18,18,47,18,48,49,18,18,18,18,18,18,18,50,51,52,53,54,18,18,18,18,55,56,57,18,18,18,58,18,18,18,18,18,18,18,18,18,18,59,60,18,18,18,18,61,62,63,61,61,61,61,61,64,65,66,67,68,69,70,71","0.00290012359619141","infomap","edit-xhwikibooks.graphml"
"0.11","0.86","0.03","0.77345041322314","1,1,1,2,3,4,5,6,7,8,9,10,11,11,12,13,14,15,16,17,18,19,20,6,21,21,21,22,23,24,25,26,27,28,29,30,31,32,18,18,18,18,33,34,35,36,18,37,38,39,18,18,18,18,18,40,41,42,43,18,44,18,18,45,46,18,18,18,18,18,47,18,48,49,18,18,18,18,18,18,18,50,51,52,53,54,18,18,18,18,55,56,57,18,18,18,58,18,18,18,18,18,18,18,18,18,18,59,60,18,18,18,18,61,62,63,61,61,61,61,61,64,65,66,67,68,69,70,71","0.00283598899841309","infomap","edit-xhwikibooks.graphml"
"0.1","0.87","0.03","0.77345041322314","1,1,1,2,3,4,5,6,7,8,9,10,11,11,12,13,14,15,16,17,18,19,20,6,21,21,21,22,23,24,25,26,27,28,29,30,31,32,18,18,18,18,33,34,35,36,18,37,38,39,18,18,18,18,18,40,41,42,43,18,44,18,18,45,46,18,18,18,18,18,47,18,48,49,18,18,18,18,18,18,18,50,51,52,53,54,18,18,18,18,55,56,57,18,18,18,58,18,18,18,18,18,18,18,18,18,18,59,60,18,18,18,18,61,62,63,61,61,61,61,61,64,65,66,67,68,69,70,71","0.00291180610656738","infomap","edit-xhwikibooks.graphml"
"0.09","0.88","0.03","0.771646772179112","1,1,1,2,3,4,5,6,7,8,9,10,11,11,12,13,14,15,16,17,18,19,20,6,21,21,21,22,23,24,25,26,27,28,29,30,31,32,18,18,18,18,33,34,35,36,18,37,38,39,18,18,18,18,18,40,41,42,43,18,44,18,18,45,46,18,18,18,18,18,47,18,48,49,18,18,18,18,18,18,18,50,51,52,53,54,18,18,18,18,55,56,57,18,18,18,58,18,18,18,18,18,18,18,18,18,18,59,60,18,18,18,18,61,62,63,61,61,61,61,61,64,65,66,67,68,69,70,71","0.00281786918640137","infomap","edit-xhwikibooks.graphml"
"0.08","0.89","0.03","0.774698867863822","1,1,1,2,3,4,5,6,7,8,9,10,11,11,12,13,14,15,16,17,18,19,20,6,21,21,21,22,23,24,25,26,27,28,29,30,31,32,18,18,18,18,33,34,35,36,18,37,38,39,18,18,18,18,18,40,41,42,43,18,44,18,18,45,46,18,18,18,18,18,47,18,48,49,18,18,18,18,18,18,18,50,51,52,53,54,18,18,18,18,55,56,57,18,18,18,58,18,18,18,18,18,18,18,18,18,18,59,60,18,18,18,18,61,62,63,61,61,61,61,61,64,65,66,67,68,69,70,71","0.00279808044433594","infomap","edit-xhwikibooks.graphml"
"0.07","0.9","0.03","0.772919323979592","1,1,1,2,3,4,5,6,7,8,9,10,11,11,12,13,14,15,16,17,18,19,20,6,21,21,21,22,23,24,25,26,27,28,29,30,31,32,18,18,18,18,33,34,35,36,18,37,38,39,18,18,18,18,18,40,41,42,43,18,44,18,18,45,46,18,18,18,18,18,47,18,48,49,18,18,18,18,18,18,18,50,51,52,53,54,18,18,18,18,55,56,57,18,18,18,58,18,18,18,18,18,18,18,18,18,18,59,60,18,18,18,18,61,62,63,61,61,61,61,61,64,65,66,67,68,69,70,71","0.00299882888793945","infomap","edit-xhwikibooks.graphml"
"0.06","0.91","0.03","0.772919323979592","1,1,1,2,3,4,5,6,7,8,9,10,11,11,12,13,14,15,16,17,18,19,20,6,21,21,21,22,23,24,25,26,27,28,29,30,31,32,18,18,18,18,33,34,35,36,18,37,38,39,18,18,18,18,18,40,41,42,43,18,44,18,18,45,46,18,18,18,18,18,47,18,48,49,18,18,18,18,18,18,18,50,51,52,53,54,18,18,18,18,55,56,57,18,18,18,58,18,18,18,18,18,18,18,18,18,18,59,60,18,18,18,18,61,62,63,61,61,61,61,61,64,65,66,67,68,69,70,71","0.00282788276672363","infomap","edit-xhwikibooks.graphml"
"0.05","0.92","0.03","0.771140740740741","1,1,1,2,3,4,5,6,7,8,9,10,11,11,12,13,14,15,16,17,18,19,20,6,21,21,21,22,23,24,25,26,27,28,29,30,31,32,18,18,18,18,33,34,35,36,18,37,38,39,18,18,18,18,18,40,41,42,43,18,44,18,18,45,46,18,18,18,18,18,47,18,48,49,18,18,18,18,18,18,18,50,51,52,53,54,18,18,18,18,55,56,57,18,18,18,58,18,18,18,18,18,18,18,18,18,18,59,60,18,18,18,18,61,62,63,61,61,61,61,61,64,65,66,67,68,69,70,71","0.00293087959289551","infomap","edit-xhwikibooks.graphml"
"0.04","0.93","0.03","0.772554624481165","1,1,1,2,3,4,5,6,7,8,9,10,11,11,12,13,14,15,16,17,18,19,20,6,21,21,21,22,23,24,25,26,27,28,29,30,31,32,18,18,18,18,33,34,35,36,18,37,38,39,18,18,18,18,18,40,41,42,43,18,44,18,18,45,46,18,18,18,18,18,47,18,48,49,18,18,18,18,18,18,18,50,51,52,53,54,18,18,18,18,55,56,57,18,18,18,58,18,18,18,18,18,18,18,18,18,18,59,60,18,18,18,18,61,62,63,61,61,61,61,61,64,65,66,67,68,69,70,71","0.00282406806945801","infomap","edit-xhwikibooks.graphml"
"0.03","0.94","0.03","0.77221837488458","1,1,1,2,3,4,5,6,7,8,9,10,11,11,12,13,14,15,16,17,18,19,20,6,21,21,21,22,23,24,25,26,27,28,29,30,31,32,18,18,18,18,33,34,35,36,18,37,38,39,18,18,18,18,18,40,41,42,43,18,44,18,18,45,46,18,18,18,18,18,47,18,48,49,18,18,18,18,18,18,18,50,51,52,53,54,18,18,18,18,55,56,57,18,18,18,58,18,18,18,18,18,18,18,18,18,18,59,60,18,18,18,18,61,62,63,61,61,61,61,61,64,65,66,67,68,69,70,71","0.0259530544281006","infomap","edit-xhwikibooks.graphml"
"0.02","0.95","0.03","0.77221837488458","1,1,1,2,3,4,5,6,7,8,9,10,11,11,12,13,14,15,16,17,18,19,20,6,21,21,21,22,23,24,25,26,27,28,29,30,31,32,18,18,18,18,33,34,35,36,18,37,38,39,18,18,18,18,18,40,41,42,43,18,44,18,18,45,46,18,18,18,18,18,47,18,48,49,18,18,18,18,18,18,18,50,51,52,53,54,18,18,18,18,55,56,57,18,18,18,58,18,18,18,18,18,18,18,18,18,18,59,60,18,18,18,18,61,62,63,61,61,61,61,61,64,65,66,67,68,69,70,71","0.00316190719604492","infomap","edit-xhwikibooks.graphml"
"0.01","0.96","0.03","0.770465856867718","1,1,1,2,3,4,5,6,7,8,9,10,11,11,12,13,14,15,16,17,18,19,20,6,21,21,21,22,23,24,25,26,27,28,29,30,31,32,18,18,18,18,33,34,35,36,18,37,38,39,18,18,18,18,18,40,41,42,43,18,44,18,18,45,46,18,18,18,18,18,47,18,48,49,18,18,18,18,18,18,18,50,51,52,53,54,18,18,18,18,55,56,57,18,18,18,58,18,18,18,18,18,18,18,18,18,18,59,60,18,18,18,18,61,62,63,61,61,61,61,61,64,65,66,67,68,69,70,71","0.00269508361816406","infomap","edit-xhwikibooks.graphml"
"0","0.97","0.03","0.755287632864119","1,1,1,1,1,2,3,1,4,5,6,7,8,8,9,10,11,12,13,14,15,1,16,1,17,17,17,18,1,19,20,21,22,23,24,25,26,27,15,15,15,15,28,29,30,31,15,32,33,34,15,15,15,15,15,35,36,37,38,15,39,15,15,40,41,15,15,15,15,15,42,15,43,44,15,15,15,15,15,15,15,45,46,47,48,49,15,15,15,15,50,51,52,15,15,15,53,15,15,15,15,15,15,15,15,15,15,54,55,15,15,15,15,56,57,58,56,56,56,56,56,59,60,61,62,63,64,65,66","0.0030360221862793","infomap","edit-xhwikibooks.graphml"
"0.96","0","0.04","0.594875346260388","1,2,1,1,1,2,1,2,3,4,5,1,6,3,3,7,4,5,5,8,2,9,6,6,3,3,3,7,10,4,5,5,8,8,11,11,12,3,2,2,2,2,9,9,9,9,2,9,9,9,2,2,2,2,2,9,9,9,9,2,6,2,2,6,3,2,2,2,2,2,9,2,3,3,2,2,2,2,2,2,2,3,7,7,7,10,2,2,2,2,4,5,5,2,2,2,7,2,2,2,2,2,2,2,2,2,2,8,8,8,2,2,2,11,11,11,11,11,11,11,11,12,12,12,12,12,12,12,12","0.0112631320953369","infomap","edit-xhwikibooks.graphml"
"0.95","0.01","0.04","0.594875346260388","1,2,1,1,1,2,1,2,3,4,5,1,6,3,3,7,4,5,5,8,2,9,6,6,3,3,3,7,10,4,5,5,8,8,11,11,12,3,2,2,2,2,9,9,9,9,2,9,9,9,2,2,2,2,2,9,9,9,9,2,6,2,2,6,3,2,2,2,2,2,9,2,3,3,2,2,2,2,2,2,2,3,7,7,7,10,2,2,2,2,4,5,5,2,2,2,7,2,2,2,2,2,2,2,2,2,2,8,8,8,2,2,2,11,11,11,11,11,11,11,11,12,12,12,12,12,12,12,12","0.0174310207366943","infomap","edit-xhwikibooks.graphml"
"0.94","0.02","0.04","0.594875346260388","1,2,1,1,1,2,1,2,3,4,5,1,6,3,3,7,4,5,5,8,2,9,6,6,3,3,3,7,10,4,5,5,8,8,11,11,12,3,2,2,2,2,9,9,9,9,2,9,9,9,2,2,2,2,2,9,9,9,9,2,6,2,2,6,3,2,2,2,2,2,9,2,3,3,2,2,2,2,2,2,2,3,7,7,7,10,2,2,2,2,4,5,5,2,2,2,7,2,2,2,2,2,2,2,2,2,2,8,8,8,2,2,2,11,11,11,11,11,11,11,11,12,12,12,12,12,12,12,12","0.0140571594238281","infomap","edit-xhwikibooks.graphml"
"0.93","0.03","0.04","0.592993613113676","1,2,1,1,1,2,1,2,3,4,5,1,6,3,3,7,4,5,5,8,2,9,6,6,3,3,3,7,10,4,5,5,8,8,11,11,12,3,2,2,2,2,9,9,9,9,2,9,9,9,2,2,2,2,2,9,9,9,9,2,6,2,2,6,3,2,2,2,2,2,9,2,3,3,2,2,2,2,2,2,2,3,7,7,7,10,2,2,2,2,4,5,5,2,2,2,7,2,2,2,2,2,2,2,2,2,2,8,8,8,2,2,2,11,11,11,11,11,11,11,11,12,12,12,12,12,12,12,12","0.0108308792114258","infomap","edit-xhwikibooks.graphml"
"0.92","0.04","0.04","0.592993613113676","1,2,1,1,1,2,1,2,3,4,5,1,6,3,3,7,4,5,5,8,2,9,6,6,3,3,3,7,10,4,5,5,8,8,11,11,12,3,2,2,2,2,9,9,9,9,2,9,9,9,2,2,2,2,2,9,9,9,9,2,6,2,2,6,3,2,2,2,2,2,9,2,3,3,2,2,2,2,2,2,2,3,7,7,7,10,2,2,2,2,4,5,5,2,2,2,7,2,2,2,2,2,2,2,2,2,2,8,8,8,2,2,2,11,11,11,11,11,11,11,11,12,12,12,12,12,12,12,12","0.0105330944061279","infomap","edit-xhwikibooks.graphml"
"0.91","0.05","0.04","0.588521794427101","1,2,1,1,1,2,1,3,3,4,5,1,3,3,3,6,4,5,5,7,2,8,3,3,3,3,3,6,2,4,5,5,7,7,9,9,10,3,2,2,2,2,8,8,8,8,2,8,8,8,2,2,2,2,2,8,8,8,8,2,11,2,2,3,3,2,2,2,2,2,8,2,3,3,2,2,2,2,2,2,2,3,6,6,6,12,2,2,2,2,13,14,15,2,2,2,6,2,2,2,2,2,2,2,2,2,2,7,7,7,2,2,2,9,9,9,9,9,9,9,9,10,10,10,10,10,10,10,10","0.00808000564575195","infomap","edit-xhwikibooks.graphml"
"0.9","0.06","0.04","0.588521794427101","1,2,1,1,1,2,1,3,3,4,5,1,3,3,3,6,4,5,5,7,2,8,3,3,3,3,3,6,2,4,5,5,7,7,9,9,10,3,2,2,2,2,8,8,8,8,2,8,8,8,2,2,2,2,2,8,8,8,8,2,11,2,2,3,3,2,2,2,2,2,8,2,3,3,2,2,2,2,2,2,2,3,6,6,6,12,2,2,2,2,13,14,15,2,2,2,6,2,2,2,2,2,2,2,2,2,2,7,7,7,2,2,2,9,9,9,9,9,9,9,9,10,10,10,10,10,10,10,10","0.0077509880065918","infomap","edit-xhwikibooks.graphml"
"0.89","0.07","0.04","0.58661957733993","1,2,1,1,1,2,1,3,3,4,5,1,3,3,3,6,4,5,5,7,2,8,3,3,3,3,3,6,2,4,5,5,7,7,9,9,10,3,2,2,2,2,8,8,8,8,2,8,8,8,2,2,2,2,2,8,8,8,8,2,11,2,2,3,3,2,2,2,2,2,8,2,3,3,2,2,2,2,2,2,2,3,6,6,6,12,2,2,2,2,13,14,15,2,2,2,6,2,2,2,2,2,2,2,2,2,2,7,7,7,2,2,2,9,9,9,9,9,9,9,9,10,10,10,10,10,10,10,10","0.00820493698120117","infomap","edit-xhwikibooks.graphml"
"0.88","0.08","0.04","0.578245246717972","1,2,1,1,1,2,1,2,3,4,5,1,6,3,3,7,4,5,5,8,2,9,6,6,3,3,3,7,2,4,5,5,8,8,10,10,11,3,2,2,2,2,9,9,9,9,2,9,9,9,2,2,2,2,2,9,9,9,9,2,12,2,2,6,3,2,2,2,2,2,9,2,3,3,2,2,2,2,2,2,2,3,7,7,7,13,2,2,2,2,14,15,16,2,2,2,7,2,2,2,2,2,2,2,2,2,2,8,8,8,2,2,2,10,10,10,10,10,10,10,10,11,11,11,11,11,11,11,11","0.00916719436645508","infomap","edit-xhwikibooks.graphml"
"0.87","0.09","0.04","0.562591679410755","1,2,1,1,3,1,3,2,1,1,3,4,5,6,6,7,8,3,3,4,2,9,5,5,6,6,6,7,2,10,11,3,4,4,12,12,13,6,2,2,2,2,9,9,9,9,2,9,9,9,2,2,2,2,2,9,9,9,9,2,14,2,2,15,16,2,2,2,2,2,9,2,6,6,2,2,2,2,2,2,2,17,7,7,7,18,2,2,2,2,19,20,21,2,2,2,22,2,2,2,2,2,2,2,2,2,2,23,24,2,2,2,2,12,12,12,12,12,12,12,12,13,13,13,13,13,13,13,13","0.00625705718994141","infomap","edit-xhwikibooks.graphml"
"0.86","0.1","0.04","0.562591679410755","1,2,1,1,3,1,3,2,1,1,3,4,5,6,6,7,8,3,3,4,2,9,5,5,6,6,6,7,2,10,11,3,4,4,12,12,13,6,2,2,2,2,9,9,9,9,2,9,9,9,2,2,2,2,2,9,9,9,9,2,14,2,2,15,16,2,2,2,2,2,9,2,6,6,2,2,2,2,2,2,2,17,7,7,7,18,2,2,2,2,19,20,21,2,2,2,22,2,2,2,2,2,2,2,2,2,2,23,24,2,2,2,2,12,12,12,12,12,12,12,12,13,13,13,13,13,13,13,13","0.00626206398010254","infomap","edit-xhwikibooks.graphml"
"0.85","0.11","0.04","0.560555555555556","1,2,1,1,3,1,3,2,1,1,3,4,5,6,6,7,8,3,3,4,2,9,5,5,6,6,6,7,2,10,11,3,4,4,12,12,13,6,2,2,2,2,9,9,9,9,2,9,9,9,2,2,2,2,2,9,9,9,9,2,14,2,2,15,16,2,2,2,2,2,9,2,6,6,2,2,2,2,2,2,2,17,7,7,7,18,2,2,2,2,19,20,21,2,2,2,22,2,2,2,2,2,2,2,2,2,2,23,24,2,2,2,2,12,12,12,12,12,12,12,12,13,13,13,13,13,13,13,13","0.00577902793884277","infomap","edit-xhwikibooks.graphml"
"0.84","0.12","0.04","0.567896389324961","1,2,1,1,3,1,3,2,1,1,3,4,5,6,6,7,8,3,3,4,2,9,5,5,6,6,6,7,2,10,11,3,4,4,12,12,13,6,2,2,2,2,9,9,9,9,2,9,9,9,2,2,2,2,2,9,9,9,9,2,14,2,2,15,16,2,2,2,2,2,9,2,6,6,2,2,2,2,2,2,2,17,7,7,7,18,2,2,2,2,19,20,21,2,2,2,22,2,2,2,2,2,2,2,2,2,2,23,24,2,2,2,2,12,12,12,12,12,12,12,12,13,13,13,13,13,13,13,13","0.00641107559204102","infomap","edit-xhwikibooks.graphml"
"0.83","0.13","0.04","0.561920100836805","1,1,1,2,3,2,4,5,2,2,4,6,5,5,5,2,7,8,4,9,10,11,12,5,5,5,5,2,1,13,14,15,9,16,17,17,18,5,10,10,10,10,11,11,11,11,10,11,11,11,10,10,10,10,10,11,11,11,11,10,19,10,10,20,21,10,10,10,10,10,11,10,22,23,10,10,10,10,10,10,10,24,25,26,27,28,10,10,10,10,29,30,31,10,10,10,32,10,10,10,10,10,10,10,10,10,10,33,34,10,10,10,10,17,17,17,17,17,17,17,17,18,18,18,18,18,18,18,18","0.00890803337097168","infomap","edit-xhwikibooks.graphml"
"0.82","0.14","0.04","0.561920100836805","1,1,1,2,3,2,4,5,2,2,4,6,5,5,5,2,7,8,4,9,10,11,12,5,5,5,5,2,1,13,14,15,9,16,17,17,18,5,10,10,10,10,11,11,11,11,10,11,11,11,10,10,10,10,10,11,11,11,11,10,19,10,10,20,21,10,10,10,10,10,11,10,22,23,10,10,10,10,10,10,10,24,25,26,27,28,10,10,10,10,29,30,31,10,10,10,32,10,10,10,10,10,10,10,10,10,10,33,34,10,10,10,10,17,17,17,17,17,17,17,17,18,18,18,18,18,18,18,18","0.0109100341796875","infomap","edit-xhwikibooks.graphml"
"0.81","0.15","0.04","0.549503109789075","1,2,1,3,4,3,5,6,3,3,5,7,6,6,6,3,8,9,5,10,2,11,12,6,6,6,6,3,2,13,14,15,10,16,17,17,18,6,2,2,2,2,11,11,11,11,2,11,11,11,2,2,2,2,2,11,11,11,11,2,19,2,2,20,21,2,2,2,2,2,11,2,22,23,2,2,2,2,2,2,2,24,25,26,27,28,2,2,2,2,29,30,31,2,2,2,32,2,2,2,2,2,2,2,2,2,2,33,34,2,2,2,2,17,17,17,17,17,17,17,17,18,18,18,18,18,18,18,18","0.00935196876525879","infomap","edit-xhwikibooks.graphml"
"0.8","0.16","0.04","0.5709846637041","1,1,1,2,3,2,4,5,2,2,4,6,5,5,5,2,7,8,4,9,10,11,12,5,5,5,5,2,1,13,14,15,9,16,17,17,18,5,10,10,10,10,11,11,11,11,10,11,11,11,10,10,10,10,10,11,11,11,11,10,19,10,10,20,21,10,10,10,10,10,11,10,22,23,10,10,10,10,10,10,10,24,25,26,27,28,10,10,10,10,29,30,31,10,10,10,32,10,10,10,10,10,10,10,10,10,10,33,34,10,10,10,10,17,17,17,17,17,17,17,17,18,18,18,18,18,18,18,18","0.0133800506591797","infomap","edit-xhwikibooks.graphml"
"0.79","0.17","0.04","0.54564967550027","1,2,1,3,4,3,5,6,3,3,7,8,6,6,6,3,9,10,11,12,2,13,14,6,6,6,6,3,2,15,16,17,18,19,11,11,20,6,2,2,2,2,13,13,13,13,2,13,13,13,2,2,2,2,2,13,13,13,13,2,21,2,2,22,23,2,2,2,2,2,13,2,24,25,2,2,2,2,2,2,2,26,27,28,29,30,2,2,2,2,31,32,33,2,2,2,34,2,2,2,2,2,2,2,2,2,2,35,36,2,2,2,2,11,11,11,11,11,11,11,11,20,20,20,20,20,20,20,20","0.00865602493286133","infomap","edit-xhwikibooks.graphml"
"0.78","0.18","0.04","0.54564967550027","1,2,1,3,4,3,5,6,3,3,7,8,6,6,6,3,9,10,11,12,2,13,14,6,6,6,6,3,2,15,16,17,18,19,11,11,20,6,2,2,2,2,13,13,13,13,2,13,13,13,2,2,2,2,2,13,13,13,13,2,21,2,2,22,23,2,2,2,2,2,13,2,24,25,2,2,2,2,2,2,2,26,27,28,29,30,2,2,2,2,31,32,33,2,2,2,34,2,2,2,2,2,2,2,2,2,2,35,36,2,2,2,2,11,11,11,11,11,11,11,11,20,20,20,20,20,20,20,20","0.00792694091796875","infomap","edit-xhwikibooks.graphml"
"0.77","0.19","0.04","0.56146212703398","1,1,1,2,3,2,4,5,2,2,6,7,5,5,5,2,8,9,10,11,12,13,14,5,5,5,5,2,1,15,16,17,18,19,10,10,20,5,12,12,12,12,13,13,13,13,12,13,13,13,12,12,12,12,12,13,13,13,13,12,21,12,12,22,23,12,12,12,12,12,13,12,24,25,12,12,12,12,12,12,12,26,27,28,29,30,12,12,12,12,31,32,33,12,12,12,34,12,12,12,12,12,12,12,12,12,12,35,36,12,12,12,12,10,10,10,10,10,10,10,10,20,20,20,20,20,20,20,20","0.00823497772216797","infomap","edit-xhwikibooks.graphml"
"0.76","0.2","0.04","0.549893465909091","1,2,1,3,4,3,5,6,3,3,7,8,6,6,6,3,9,10,11,12,2,13,14,6,6,6,6,3,2,15,16,17,18,19,11,11,20,6,2,2,2,2,13,13,13,13,2,13,13,13,2,2,2,2,2,13,13,13,13,2,21,2,2,22,23,2,2,2,2,2,13,2,24,25,2,2,2,2,2,2,2,26,27,28,29,30,2,2,2,2,31,32,33,2,2,2,34,2,2,2,2,2,2,2,2,2,2,35,36,2,2,2,2,11,11,11,11,11,11,11,11,20,20,20,20,20,20,20,20","0.00801301002502441","infomap","edit-xhwikibooks.graphml"
"0.75","0.21","0.04","0.533924968366335","1,2,1,3,4,5,6,5,7,8,9,10,5,7,7,5,11,12,13,14,2,15,16,7,7,7,7,17,18,19,20,21,22,23,13,13,24,7,2,2,2,2,15,15,15,15,2,15,15,15,2,2,2,2,2,15,15,15,15,2,25,2,2,26,27,2,2,2,2,2,15,2,28,29,2,2,2,2,2,2,2,30,31,32,33,34,2,2,2,2,35,36,37,2,2,2,38,2,2,2,2,2,2,2,2,2,2,39,40,2,2,2,2,13,13,13,13,13,13,13,13,24,24,24,24,24,24,24,24","0.00318503379821777","infomap","edit-xhwikibooks.graphml"
"0.74","0.22","0.04","0.533924968366335","1,2,1,3,4,5,6,5,7,8,9,10,5,7,7,5,11,12,13,14,2,15,16,7,7,7,7,17,18,19,20,21,22,23,13,13,24,7,2,2,2,2,15,15,15,15,2,15,15,15,2,2,2,2,2,15,15,15,15,2,25,2,2,26,27,2,2,2,2,2,15,2,28,29,2,2,2,2,2,2,2,30,31,32,33,34,2,2,2,2,35,36,37,2,2,2,38,2,2,2,2,2,2,2,2,2,2,39,40,2,2,2,2,13,13,13,13,13,13,13,13,24,24,24,24,24,24,24,24","0.00313901901245117","infomap","edit-xhwikibooks.graphml"
"0.73","0.23","0.04","0.54014731140177","1,2,1,3,4,5,6,5,7,8,9,10,5,7,7,5,11,12,13,14,2,15,16,7,7,7,7,17,18,19,20,21,22,23,13,13,24,7,2,2,2,2,15,15,15,15,2,15,15,15,2,2,2,2,2,15,15,15,15,2,25,2,2,26,27,2,2,2,2,2,15,2,28,29,2,2,2,2,2,2,2,30,31,32,33,34,2,2,2,2,35,36,37,2,2,2,38,2,2,2,2,2,2,2,2,2,2,39,40,2,2,2,2,13,13,13,13,13,13,13,13,24,24,24,24,24,24,24,24","0.00322914123535156","infomap","edit-xhwikibooks.graphml"
"0.72","0.24","0.04","0.544212244897959","1,2,1,3,4,5,6,5,7,8,9,10,5,7,7,5,11,12,13,14,2,15,16,7,7,7,7,17,18,19,20,21,22,23,13,13,24,7,2,2,2,2,15,15,15,15,2,15,15,15,2,2,2,2,2,15,15,15,15,2,25,2,2,26,27,2,2,2,2,2,15,2,28,29,2,2,2,2,2,2,2,30,31,32,33,34,2,2,2,2,35,36,37,2,2,2,38,2,2,2,2,2,2,2,2,2,2,39,40,2,2,2,2,13,13,13,13,13,13,13,13,24,24,24,24,24,24,24,24","0.00321197509765625","infomap","edit-xhwikibooks.graphml"
"0.71","0.25","0.04","0.544792742768595","1,2,1,3,4,5,6,5,5,7,8,9,10,5,5,11,12,13,14,15,2,16,17,5,5,5,5,18,19,20,21,22,23,24,14,14,25,26,2,2,2,2,16,16,16,16,2,16,16,16,2,2,2,2,2,16,16,16,16,2,27,2,2,28,29,2,2,2,2,2,16,2,30,31,2,2,2,2,2,2,2,32,33,34,35,36,2,2,2,2,37,38,39,2,2,2,40,2,2,2,2,2,2,2,2,2,2,41,42,2,2,2,2,14,14,14,14,14,14,14,14,25,25,25,25,25,25,25,25","0.00314712524414062","infomap","edit-xhwikibooks.graphml"
"0.7","0.26","0.04","0.544792742768595","1,2,1,3,4,5,6,5,5,7,8,9,10,5,5,11,12,13,14,15,2,16,17,5,5,5,5,18,19,20,21,22,23,24,14,14,25,26,2,2,2,2,16,16,16,16,2,16,16,16,2,2,2,2,2,16,16,16,16,2,27,2,2,28,29,2,2,2,2,2,16,2,30,31,2,2,2,2,2,2,2,32,33,34,35,36,2,2,2,2,37,38,39,2,2,2,40,2,2,2,2,2,2,2,2,2,2,41,42,2,2,2,2,14,14,14,14,14,14,14,14,25,25,25,25,25,25,25,25","0.00334715843200684","infomap","edit-xhwikibooks.graphml"
"0.69","0.27","0.04","0.544792742768595","1,2,1,3,4,5,6,5,5,7,8,9,10,5,5,11,12,13,14,15,2,16,17,5,5,5,5,18,19,20,21,22,23,24,14,14,25,26,2,2,2,2,16,16,16,16,2,16,16,16,2,2,2,2,2,16,16,16,16,2,27,2,2,28,29,2,2,2,2,2,16,2,30,31,2,2,2,2,2,2,2,32,33,34,35,36,2,2,2,2,37,38,39,2,2,2,40,2,2,2,2,2,2,2,2,2,2,41,42,2,2,2,2,14,14,14,14,14,14,14,14,25,25,25,25,25,25,25,25","0.00311899185180664","infomap","edit-xhwikibooks.graphml"
"0.68","0.28","0.04","0.542676114781832","1,2,1,3,4,5,6,5,5,7,8,9,10,5,5,11,12,13,14,15,2,16,17,5,5,5,5,18,19,20,21,22,23,24,14,14,25,26,2,2,2,2,16,16,16,16,2,16,16,16,2,2,2,2,2,16,16,16,16,2,27,2,2,28,29,2,2,2,2,2,16,2,30,31,2,2,2,2,2,2,2,32,33,34,35,36,2,2,2,2,37,38,39,2,2,2,40,2,2,2,2,2,2,2,2,2,2,41,42,2,2,2,2,14,14,14,14,14,14,14,14,25,25,25,25,25,25,25,25","0.00301909446716309","infomap","edit-xhwikibooks.graphml"
"0.67","0.29","0.04","0.558824489795918","1,1,1,2,3,4,5,6,7,8,9,10,11,6,6,12,13,14,15,16,17,18,19,20,6,6,6,21,22,23,24,25,26,27,15,15,28,29,17,17,17,17,18,18,18,18,17,18,18,18,17,17,17,17,17,18,18,18,18,17,30,17,17,31,32,17,17,17,17,17,18,17,33,34,17,17,17,17,17,17,17,35,36,37,38,39,17,17,17,17,40,41,42,17,17,17,43,17,17,17,17,17,17,17,17,17,17,44,45,17,17,17,17,15,15,15,15,15,15,15,15,28,28,28,28,28,28,28,28","0.00313997268676758","infomap","edit-xhwikibooks.graphml"
"0.66","0.3","0.04","0.556656766528926","1,1,1,2,3,4,5,6,7,8,9,10,11,6,6,12,13,14,15,16,17,18,19,20,6,6,6,21,22,23,24,25,26,27,15,15,28,29,17,17,17,17,18,18,18,18,17,18,18,18,17,17,17,17,17,18,18,18,18,17,30,17,17,31,32,17,17,17,17,17,18,17,33,34,17,17,17,17,17,17,17,35,36,37,38,39,17,17,17,17,40,41,42,17,17,17,43,17,17,17,17,17,17,17,17,17,17,44,45,17,17,17,17,15,15,15,15,15,15,15,15,28,28,28,28,28,28,28,28","0.00311994552612305","infomap","edit-xhwikibooks.graphml"
"0.65","0.31","0.04","0.560471128985924","1,1,1,2,3,4,5,6,7,8,9,10,11,6,6,12,13,14,15,16,17,18,19,20,6,6,6,21,22,23,24,25,26,27,15,15,28,29,17,17,17,17,18,18,18,18,17,18,18,18,17,17,17,17,17,18,18,18,18,17,30,17,17,31,32,17,17,17,17,17,18,17,33,34,17,17,17,17,17,17,17,35,36,37,38,39,17,17,17,17,40,41,42,17,17,17,43,17,17,17,17,17,17,17,17,17,17,44,45,17,17,17,17,15,15,15,15,15,15,15,15,28,28,28,28,28,28,28,28","0.00321388244628906","infomap","edit-xhwikibooks.graphml"
"0.64","0.32","0.04","0.562716519459443","1,1,1,2,3,4,5,6,7,8,9,10,11,6,6,12,13,14,15,16,17,18,19,20,6,6,6,21,22,23,24,25,26,27,15,15,28,29,17,17,17,17,18,18,18,18,17,18,18,18,17,17,17,17,17,18,18,18,18,17,30,17,17,31,32,17,17,17,17,17,18,17,33,34,17,17,17,17,17,17,17,35,36,37,38,39,17,17,17,17,40,41,42,17,17,17,43,17,17,17,17,17,17,17,17,17,17,44,45,17,17,17,17,15,15,15,15,15,15,15,15,28,28,28,28,28,28,28,28","0.00312685966491699","infomap","edit-xhwikibooks.graphml"
"0.63","0.33","0.04","0.508056321672231","1,1,1,2,3,4,5,6,7,8,9,10,11,12,12,13,14,15,16,17,18,19,20,21,12,12,12,22,23,24,25,26,27,28,16,16,12,29,18,18,18,18,19,19,19,19,18,19,19,19,18,18,18,18,18,19,19,19,19,18,30,18,18,31,32,18,18,18,18,18,19,18,33,34,18,18,18,18,18,18,18,35,36,37,38,39,18,18,18,18,40,41,42,18,18,18,43,18,18,18,18,18,18,18,18,18,18,44,45,18,18,18,18,16,46,47,16,16,16,16,16,48,49,50,51,52,53,54,55","0.00303196907043457","infomap","edit-xhwikibooks.graphml"
"0.62","0.34","0.04","0.570464882024358","1,1,1,2,3,4,5,6,7,8,9,10,11,12,12,13,14,15,16,17,18,19,20,21,12,12,12,22,23,24,25,26,27,28,16,16,12,29,18,18,18,18,19,19,19,19,18,19,19,19,18,18,18,18,18,19,19,19,19,18,30,18,18,31,32,18,18,18,18,18,19,18,33,34,18,18,18,18,18,18,18,35,36,37,38,39,18,18,18,18,40,41,42,18,18,18,43,18,18,18,18,18,18,18,18,18,18,44,45,18,18,18,18,16,46,47,16,16,16,16,16,48,49,50,51,52,53,54,55","0.00286412239074707","infomap","edit-xhwikibooks.graphml"
"0.61","0.35","0.04","0.570464882024358","1,1,1,2,3,4,5,6,7,8,9,10,11,12,12,13,14,15,16,17,18,19,20,21,12,12,12,22,23,24,25,26,27,28,16,16,12,29,18,18,18,18,19,19,19,19,18,19,19,19,18,18,18,18,18,19,19,19,19,18,30,18,18,31,32,18,18,18,18,18,19,18,33,34,18,18,18,18,18,18,18,35,36,37,38,39,18,18,18,18,40,41,42,18,18,18,43,18,18,18,18,18,18,18,18,18,18,44,45,18,18,18,18,16,46,47,16,16,16,16,16,48,49,50,51,52,53,54,55","0.00291705131530762","infomap","edit-xhwikibooks.graphml"
"0.6","0.36","0.04","0.568319043593769","1,1,1,2,3,4,5,6,7,8,9,10,11,12,12,13,14,15,16,17,18,19,20,21,12,12,12,22,23,24,25,26,27,28,16,16,12,29,18,18,18,18,19,19,19,19,18,19,19,19,18,18,18,18,18,19,19,19,19,18,30,18,18,31,32,18,18,18,18,18,19,18,33,34,18,18,18,18,18,18,18,35,36,37,38,39,18,18,18,18,40,41,42,18,18,18,43,18,18,18,18,18,18,18,18,18,18,44,45,18,18,18,18,16,46,47,16,16,16,16,16,48,49,50,51,52,53,54,55","0.00311803817749023","infomap","edit-xhwikibooks.graphml"
"0.59","0.37","0.04","0.564573730960593","1,1,1,2,3,4,5,6,7,8,9,10,11,12,12,13,14,15,16,17,18,19,20,21,12,12,12,22,23,24,25,26,27,28,16,16,12,29,18,18,18,18,19,19,19,19,18,19,19,19,18,18,18,18,18,19,19,19,19,18,30,18,18,31,32,18,18,18,18,18,19,18,33,34,18,18,18,18,18,18,18,35,36,37,38,39,18,18,18,18,40,41,42,18,18,18,43,18,18,18,18,18,18,18,18,18,18,44,45,18,18,18,18,16,46,47,16,16,16,16,16,48,49,50,51,52,53,54,55","0.00263118743896484","infomap","edit-xhwikibooks.graphml"
"0.58","0.38","0.04","0.562432073421084","1,1,1,2,3,4,5,6,7,8,9,10,11,12,12,13,14,15,16,17,18,19,20,21,12,12,12,22,23,24,25,26,27,28,16,16,12,29,18,18,18,18,19,19,19,19,18,19,19,19,18,18,18,18,18,19,19,19,19,18,30,18,18,31,32,18,18,18,18,18,19,18,33,34,18,18,18,18,18,18,18,35,36,37,38,39,18,18,18,18,40,41,42,18,18,18,43,18,18,18,18,18,18,18,18,18,18,44,45,18,18,18,18,16,46,47,16,16,16,16,16,48,49,50,51,52,53,54,55","0.00270891189575195","infomap","edit-xhwikibooks.graphml"
"0.57","0.39","0.04","0.566066469587029","1,1,1,2,3,4,5,6,7,8,9,10,11,12,12,13,14,15,16,17,18,19,20,21,12,12,12,22,23,24,25,26,27,28,16,16,12,29,18,18,18,18,19,19,19,19,18,19,19,19,18,18,18,18,18,19,19,19,19,18,30,18,18,31,32,18,18,18,18,18,19,18,33,34,18,18,18,18,18,18,18,35,36,37,38,39,18,18,18,18,40,41,42,18,18,18,43,18,18,18,18,18,18,18,18,18,18,44,45,18,18,18,18,16,46,47,16,16,16,16,16,48,49,50,51,52,53,54,55","0.0027310848236084","infomap","edit-xhwikibooks.graphml"
"0.56","0.4","0.04","0.576138865852612","1,1,1,2,3,4,5,6,7,8,9,10,11,12,12,13,14,15,16,17,18,19,20,21,12,12,12,22,23,24,25,26,27,28,16,16,12,29,18,18,18,18,19,19,19,19,18,19,19,19,18,18,18,18,18,19,19,19,19,18,30,18,18,31,32,18,18,18,18,18,19,18,33,34,18,18,18,18,18,18,18,35,36,37,38,39,18,18,18,18,40,41,42,18,18,18,43,18,18,18,18,18,18,18,18,18,18,44,45,18,18,18,18,16,46,47,16,16,16,16,16,48,49,50,51,52,53,54,55","0.00265097618103027","infomap","edit-xhwikibooks.graphml"
"0.55","0.41","0.04","0.547406663516068","1,2,1,3,4,5,6,7,8,9,10,11,12,13,13,14,15,16,17,18,2,19,20,21,22,13,23,24,25,26,27,28,29,30,31,31,13,32,2,2,2,2,19,19,19,19,2,19,19,19,2,2,2,2,2,19,19,19,19,2,33,2,2,34,35,2,2,2,2,2,19,2,36,37,2,2,2,2,2,2,2,38,39,40,41,42,2,2,2,2,43,44,45,2,2,2,46,2,2,2,2,2,2,2,2,2,2,47,48,2,2,2,2,31,49,50,31,31,31,31,31,51,52,53,54,55,56,57,58","0.00272488594055176","infomap","edit-xhwikibooks.graphml"
"0.54","0.42","0.04","0.549832350560759","1,2,1,3,4,5,6,7,8,9,10,11,12,13,13,14,15,16,17,18,2,19,20,21,22,13,23,24,25,26,27,28,29,30,31,31,13,32,2,2,2,2,19,19,19,19,2,19,19,19,2,2,2,2,2,19,19,19,19,2,33,2,2,34,35,2,2,2,2,2,19,2,36,37,2,2,2,2,2,2,2,38,39,40,41,42,2,2,2,2,43,44,45,2,2,2,46,2,2,2,2,2,2,2,2,2,2,47,48,2,2,2,2,31,49,50,31,31,31,31,31,51,52,53,54,55,56,57,58","0.00262284278869629","infomap","edit-xhwikibooks.graphml"
"0.53","0.43","0.04","0.557378904481666","1,2,1,3,4,5,6,7,8,9,10,11,12,13,13,14,15,16,17,18,2,19,20,21,22,13,23,24,25,26,27,28,29,30,31,31,13,32,2,2,2,2,19,19,19,19,2,19,19,19,2,2,2,2,2,19,19,19,19,2,33,2,2,34,35,2,2,2,2,2,19,2,36,37,2,2,2,2,2,2,2,38,39,40,41,42,2,2,2,2,43,44,45,2,2,2,46,2,2,2,2,2,2,2,2,2,2,47,48,2,2,2,2,31,49,50,31,31,31,31,31,51,52,53,54,55,56,57,58","0.00265693664550781","infomap","edit-xhwikibooks.graphml"
"0.52","0.44","0.04","0.555275608185661","1,2,1,3,4,5,6,7,8,9,10,11,12,13,13,14,15,16,17,18,2,19,20,21,22,13,23,24,25,26,27,28,29,30,31,31,13,32,2,2,2,2,19,19,19,19,2,19,19,19,2,2,2,2,2,19,19,19,19,2,33,2,2,34,35,2,2,2,2,2,19,2,36,37,2,2,2,2,2,2,2,38,39,40,41,42,2,2,2,2,43,44,45,2,2,2,46,2,2,2,2,2,2,2,2,2,2,47,48,2,2,2,2,31,49,50,31,31,31,31,31,51,52,53,54,55,56,57,58","0.00267791748046875","infomap","edit-xhwikibooks.graphml"
"0.51","0.45","0.04","0.559335180055402","1,2,1,3,4,5,6,7,8,9,10,11,12,13,13,14,15,16,17,18,2,19,20,21,22,23,24,25,26,27,28,29,30,31,32,32,13,33,2,2,2,2,19,19,19,19,2,19,19,19,2,2,2,2,2,19,19,19,19,2,34,2,2,35,36,2,2,2,2,2,19,2,37,38,2,2,2,2,2,2,2,39,40,41,42,43,2,2,2,2,44,45,46,2,2,2,47,2,2,2,2,2,2,2,2,2,2,48,49,2,2,2,2,32,50,51,32,32,32,32,32,52,53,54,55,56,57,58,59","0.00263285636901855","infomap","edit-xhwikibooks.graphml"
"0.5","0.46","0.04","0.557248978920534","1,2,1,3,4,5,6,7,8,9,10,11,12,13,13,14,15,16,17,18,2,19,20,21,22,23,24,25,26,27,28,29,30,31,32,32,13,33,2,2,2,2,19,19,19,19,2,19,19,19,2,2,2,2,2,19,19,19,19,2,34,2,2,35,36,2,2,2,2,2,19,2,37,38,2,2,2,2,2,2,2,39,40,41,42,43,2,2,2,2,44,45,46,2,2,2,47,2,2,2,2,2,2,2,2,2,2,48,49,2,2,2,2,32,50,51,32,32,32,32,32,52,53,54,55,56,57,58,59","0.00269603729248047","infomap","edit-xhwikibooks.graphml"
"0.49","0.47","0.04","0.560791015625","1,2,1,3,4,5,6,7,8,9,10,11,12,13,13,14,15,16,17,18,2,19,20,21,22,23,24,25,26,27,28,29,30,31,32,32,13,33,2,2,2,2,19,19,19,19,2,19,19,19,2,2,2,2,2,19,19,19,19,2,34,2,2,35,36,2,2,2,2,2,19,2,37,38,2,2,2,2,2,2,2,39,40,41,42,43,2,2,2,2,44,45,46,2,2,2,47,2,2,2,2,2,2,2,2,2,2,48,49,2,2,2,2,32,50,51,32,32,32,32,32,52,53,54,55,56,57,58,59","0.00273609161376953","infomap","edit-xhwikibooks.graphml"
"0.48","0.48","0.04","0.558726408762652","1,2,1,3,4,5,6,7,8,9,10,11,12,13,13,14,15,16,17,18,2,19,20,21,22,23,24,25,26,27,28,29,30,31,32,32,13,33,2,2,2,2,19,19,19,19,2,19,19,19,2,2,2,2,2,19,19,19,19,2,34,2,2,35,36,2,2,2,2,2,19,2,37,38,2,2,2,2,2,2,2,39,40,41,42,43,2,2,2,2,44,45,46,2,2,2,47,2,2,2,2,2,2,2,2,2,2,48,49,2,2,2,2,32,50,51,32,32,32,32,32,52,53,54,55,56,57,58,59","0.00256991386413574","infomap","edit-xhwikibooks.graphml"
"0.47","0.49","0.04","0.500594530321046","1,1,1,2,3,4,5,6,7,8,9,10,11,12,12,13,14,15,16,17,18,1,19,20,21,22,23,24,25,26,27,28,29,30,31,32,12,33,18,18,18,18,34,35,36,37,18,38,39,40,18,18,18,18,18,41,42,43,44,18,45,18,18,46,47,18,18,18,18,18,48,18,49,50,18,18,18,18,18,18,18,51,52,53,54,55,18,18,18,18,56,57,58,18,18,18,59,18,18,18,18,18,18,18,18,18,18,60,61,18,18,18,18,31,62,63,31,31,31,31,31,64,65,66,67,68,69,70,71","0.00344109535217285","infomap","edit-xhwikibooks.graphml"
"0.46","0.5","0.04","0.644346448155793","1,1,1,2,3,4,5,6,7,8,9,10,11,11,11,12,13,14,15,16,17,1,18,6,19,19,19,20,21,22,23,24,25,26,27,28,11,29,17,17,17,17,30,31,32,33,17,34,35,36,17,17,17,17,17,37,38,39,40,17,41,17,17,42,43,17,17,17,17,17,44,17,45,46,17,17,17,17,17,17,17,47,48,49,50,51,17,17,17,17,52,53,54,17,17,17,55,17,17,17,17,17,17,17,17,17,17,56,57,17,17,17,17,27,58,59,27,27,27,27,27,60,61,62,63,64,65,66,67","0.00304698944091797","infomap","edit-xhwikibooks.graphml"
"0.45","0.51","0.04","0.644346448155793","1,1,1,2,3,4,5,6,7,8,9,10,11,11,11,12,13,14,15,16,17,1,18,6,19,19,19,20,21,22,23,24,25,26,27,28,11,29,17,17,17,17,30,31,32,33,17,34,35,36,17,17,17,17,17,37,38,39,40,17,41,17,17,42,43,17,17,17,17,17,44,17,45,46,17,17,17,17,17,17,17,47,48,49,50,51,17,17,17,17,52,53,54,17,17,17,55,17,17,17,17,17,17,17,17,17,17,56,57,17,17,17,17,27,58,59,27,27,27,27,27,60,61,62,63,64,65,66,67","0.0033869743347168","infomap","edit-xhwikibooks.graphml"
"0.44","0.52","0.04","0.644346448155793","1,1,1,2,3,4,5,6,7,8,9,10,11,11,11,12,13,14,15,16,17,1,18,6,19,19,19,20,21,22,23,24,25,26,27,28,11,29,17,17,17,17,30,31,32,33,17,34,35,36,17,17,17,17,17,37,38,39,40,17,41,17,17,42,43,17,17,17,17,17,44,17,45,46,17,17,17,17,17,17,17,47,48,49,50,51,17,17,17,17,52,53,54,17,17,17,55,17,17,17,17,17,17,17,17,17,17,56,57,17,17,17,17,27,58,59,27,27,27,27,27,60,61,62,63,64,65,66,67","0.00345492362976074","infomap","edit-xhwikibooks.graphml"
"0.43","0.53","0.04","0.642489669421487","1,1,1,2,3,4,5,6,7,8,9,10,11,11,11,12,13,14,15,16,17,1,18,6,19,19,19,20,21,22,23,24,25,26,27,28,11,29,17,17,17,17,30,31,32,33,17,34,35,36,17,17,17,17,17,37,38,39,40,17,41,17,17,42,43,17,17,17,17,17,44,17,45,46,17,17,17,17,17,17,17,47,48,49,50,51,17,17,17,17,52,53,54,17,17,17,55,17,17,17,17,17,17,17,17,17,17,56,57,17,17,17,17,27,58,59,27,27,27,27,27,60,61,62,63,64,65,66,67","0.00332212448120117","infomap","edit-xhwikibooks.graphml"
"0.42","0.54","0.04","0.644980651501812","1,1,1,2,3,4,5,6,7,8,9,10,11,11,11,12,13,14,15,16,17,1,18,6,19,19,19,20,21,22,23,24,25,26,27,28,11,29,17,17,17,17,30,31,32,33,17,34,35,36,17,17,17,17,17,37,38,39,40,17,41,17,17,42,43,17,17,17,17,17,44,17,45,46,17,17,17,17,17,17,17,47,48,49,50,51,17,17,17,17,52,53,54,17,17,17,55,17,17,17,17,17,17,17,17,17,17,56,57,17,17,17,17,27,58,59,27,27,27,27,27,60,61,62,63,64,65,66,67","0.00331997871398926","infomap","edit-xhwikibooks.graphml"
"0.41","0.55","0.04","0.643139761383005","1,1,1,2,3,4,5,6,7,8,9,10,11,11,11,12,13,14,15,16,17,1,18,6,19,19,19,20,21,22,23,24,25,26,27,28,11,29,17,17,17,17,30,31,32,33,17,34,35,36,17,17,17,17,17,37,38,39,40,17,41,17,17,42,43,17,17,17,17,17,44,17,45,46,17,17,17,17,17,17,17,47,48,49,50,51,17,17,17,17,52,53,54,17,17,17,55,17,17,17,17,17,17,17,17,17,17,56,57,17,17,17,17,27,58,59,27,27,27,27,27,60,61,62,63,64,65,66,67","0.00345492362976074","infomap","edit-xhwikibooks.graphml"
"0.4","0.56","0.04","0.647431042729592","1,1,1,2,3,4,5,6,7,8,9,10,11,11,11,12,13,14,15,16,17,1,18,6,19,19,19,20,21,22,23,24,25,26,27,28,11,29,17,17,17,17,30,31,32,33,17,34,35,36,17,17,17,17,17,37,38,39,40,17,41,17,17,42,43,17,17,17,17,17,44,17,45,46,17,17,17,17,17,17,17,47,48,49,50,51,17,17,17,17,52,53,54,17,17,17,55,17,17,17,17,17,17,17,17,17,17,56,57,17,17,17,17,27,58,59,27,27,27,27,27,60,61,62,63,64,65,66,67","0.00371003150939941","infomap","edit-xhwikibooks.graphml"
"0.39","0.57","0.04","0.651460314788317","1,1,1,2,3,4,5,6,7,8,9,10,11,11,11,12,13,14,15,16,17,1,18,6,19,19,19,20,21,22,23,24,25,26,27,27,28,29,17,17,17,17,30,31,32,33,17,34,35,36,17,17,17,17,17,37,38,39,40,17,41,17,17,42,43,17,17,17,17,17,44,17,45,46,17,17,17,17,17,17,17,47,48,49,50,51,17,17,17,17,52,53,54,17,17,17,55,17,17,17,17,17,17,17,17,17,17,56,57,17,17,17,17,58,59,60,58,58,58,58,58,61,62,63,64,65,66,67,68","0.00286102294921875","infomap","edit-xhwikibooks.graphml"
"0.38","0.58","0.04","0.656859504132231","1,1,1,2,3,4,5,6,7,8,9,10,11,11,11,12,13,14,15,16,17,1,18,6,19,19,19,20,21,22,23,24,25,26,27,27,28,29,17,17,17,17,30,31,32,33,17,34,35,36,17,17,17,17,17,37,38,39,40,17,41,17,17,42,43,17,17,17,17,17,44,17,45,46,17,17,17,17,17,17,17,47,48,49,50,51,17,17,17,17,52,53,54,17,17,17,55,17,17,17,17,17,17,17,17,17,17,56,57,17,17,17,17,58,59,60,58,58,58,58,58,61,62,63,64,65,66,67,68","0.00283598899841309","infomap","edit-xhwikibooks.graphml"
"0.37","0.59","0.04","0.654859646608382","1,1,1,2,3,4,5,6,7,8,9,10,11,11,11,12,13,14,15,16,17,1,18,6,19,19,19,20,21,22,23,24,25,26,27,27,28,29,17,17,17,17,30,31,32,33,17,34,35,36,17,17,17,17,17,37,38,39,40,17,41,17,17,42,43,17,17,17,17,17,44,17,45,46,17,17,17,17,17,17,17,47,48,49,50,51,17,17,17,17,52,53,54,17,17,17,55,17,17,17,17,17,17,17,17,17,17,56,57,17,17,17,17,58,59,60,58,58,58,58,58,61,62,63,64,65,66,67,68","0.00289392471313477","infomap","edit-xhwikibooks.graphml"
"0.36","0.6","0.04","0.662786989795919","1,1,1,2,3,4,5,6,7,8,9,10,11,11,11,12,13,14,15,16,17,1,18,6,19,19,19,20,21,22,23,24,25,26,27,27,28,29,17,17,17,17,30,31,32,33,17,34,35,36,17,17,17,17,17,37,38,39,40,17,41,17,17,42,43,17,17,17,17,17,44,17,45,46,17,17,17,17,17,17,17,47,48,49,50,51,17,17,17,17,52,53,54,17,17,17,55,17,17,17,17,17,17,17,17,17,17,56,57,17,17,17,17,58,59,60,58,58,58,58,58,61,62,63,64,65,66,67,68","0.00301313400268555","infomap","edit-xhwikibooks.graphml"
"0.35","0.61","0.04","0.660819753086419","1,1,1,2,3,4,5,6,7,8,9,10,11,11,11,12,13,14,15,16,17,1,18,6,19,19,19,20,21,22,23,24,25,26,27,27,28,29,17,17,17,17,30,31,32,33,17,34,35,36,17,17,17,17,17,37,38,39,40,17,41,17,17,42,43,17,17,17,17,17,44,17,45,46,17,17,17,17,17,17,17,47,48,49,50,51,17,17,17,17,52,53,54,17,17,17,55,17,17,17,17,17,17,17,17,17,17,56,57,17,17,17,17,58,59,60,58,58,58,58,58,61,62,63,64,65,66,67,68","0.00291776657104492","infomap","edit-xhwikibooks.graphml"
"0.34","0.62","0.04","0.663090296812593","1,1,1,2,3,4,5,6,7,8,9,10,11,11,11,12,13,14,15,16,17,1,18,6,19,19,19,20,21,22,23,24,25,26,27,27,28,29,17,17,17,17,30,31,32,33,17,34,35,36,17,17,17,17,17,37,38,39,40,17,41,17,17,42,43,17,17,17,17,17,44,17,45,46,17,17,17,17,17,17,17,47,48,49,50,51,17,17,17,17,52,53,54,17,17,17,55,17,17,17,17,17,17,17,17,17,17,56,57,17,17,17,17,58,59,60,58,58,58,58,58,61,62,63,64,65,66,67,68","0.00318098068237305","infomap","edit-xhwikibooks.graphml"
"0.33","0.63","0.04","0.661142269401696","1,1,1,2,3,4,5,6,7,8,9,10,11,11,11,12,13,14,15,16,17,1,18,6,19,19,19,20,21,22,23,24,25,26,27,27,28,29,17,17,17,17,30,31,32,33,17,34,35,36,17,17,17,17,17,37,38,39,40,17,41,17,17,42,43,17,17,17,17,17,44,17,45,46,17,17,17,17,17,17,17,47,48,49,50,51,17,17,17,17,52,53,54,17,17,17,55,17,17,17,17,17,17,17,17,17,17,56,57,17,17,17,17,58,59,60,58,58,58,58,58,61,62,63,64,65,66,67,68","0.00277185440063477","infomap","edit-xhwikibooks.graphml"
"0.32","0.64","0.04","0.661142269401696","1,1,1,2,3,4,5,6,7,8,9,10,11,11,11,12,13,14,15,16,17,1,18,6,19,19,19,20,21,22,23,24,25,26,27,27,28,29,17,17,17,17,30,31,32,33,17,34,35,36,17,17,17,17,17,37,38,39,40,17,41,17,17,42,43,17,17,17,17,17,44,17,45,46,17,17,17,17,17,17,17,47,48,49,50,51,17,17,17,17,52,53,54,17,17,17,55,17,17,17,17,17,17,17,17,17,17,56,57,17,17,17,17,58,59,60,58,58,58,58,58,61,62,63,64,65,66,67,68","0.00286102294921875","infomap","edit-xhwikibooks.graphml"
"0.31","0.65","0.04","0.659706184866774","1,1,1,2,3,4,5,6,7,8,9,10,11,11,11,12,13,14,15,16,17,18,19,6,20,20,20,21,22,23,24,25,26,27,28,28,29,30,17,17,17,17,31,32,33,34,17,35,36,37,17,17,17,17,17,38,39,40,41,17,42,17,17,43,44,17,17,17,17,17,45,17,46,47,17,17,17,17,17,17,17,48,49,50,51,52,17,17,17,17,53,54,55,17,17,17,56,17,17,17,17,17,17,17,17,17,17,57,58,17,17,17,17,59,60,61,59,59,59,59,59,62,63,64,65,66,67,68,69","0.00266408920288086","infomap","edit-xhwikibooks.graphml"
"0.3","0.66","0.04","0.662280701754386","1,1,1,2,3,4,5,6,7,8,9,10,11,11,11,12,13,14,15,16,17,18,19,6,20,20,20,21,22,23,24,25,26,27,28,28,29,30,17,17,17,17,31,32,33,34,17,35,36,37,17,17,17,17,17,38,39,40,41,17,42,17,17,43,44,17,17,17,17,17,45,17,46,47,17,17,17,17,17,17,17,48,49,50,51,52,17,17,17,17,53,54,55,17,17,17,56,17,17,17,17,17,17,17,17,17,17,57,58,17,17,17,17,59,60,61,59,59,59,59,59,62,63,64,65,66,67,68,69","0.00265192985534668","infomap","edit-xhwikibooks.graphml"
"0.29","0.67","0.04","0.695049873833596","1,1,1,2,3,4,5,6,7,8,9,10,11,11,11,12,13,14,15,16,17,18,19,6,20,20,20,21,22,23,24,25,26,27,28,28,29,30,17,17,17,17,31,32,33,34,17,35,36,37,17,17,17,17,17,38,39,40,41,17,42,17,17,43,44,17,17,17,17,17,45,17,46,47,17,17,17,17,17,17,17,48,49,50,51,52,17,17,17,17,53,54,55,17,17,17,56,17,17,17,17,17,17,17,17,17,17,57,58,17,17,17,17,59,60,61,59,59,59,59,59,62,63,64,65,66,67,68,69","0.00278210639953613","infomap","edit-xhwikibooks.graphml"
"0.28","0.68","0.04","0.695049873833596","1,1,1,2,3,4,5,6,7,8,9,10,11,11,11,12,13,14,15,16,17,18,19,6,20,20,20,21,22,23,24,25,26,27,28,28,29,30,17,17,17,17,31,32,33,34,17,35,36,37,17,17,17,17,17,38,39,40,41,17,42,17,17,43,44,17,17,17,17,17,45,17,46,47,17,17,17,17,17,17,17,48,49,50,51,52,17,17,17,17,53,54,55,17,17,17,56,17,17,17,17,17,17,17,17,17,17,57,58,17,17,17,17,59,60,61,59,59,59,59,59,62,63,64,65,66,67,68,69","0.00259804725646973","infomap","edit-xhwikibooks.graphml"
"0.27","0.69","0.04","0.693194033861865","1,1,1,2,3,4,5,6,7,8,9,10,11,11,11,12,13,14,15,16,17,18,19,6,20,20,20,21,22,23,24,25,26,27,28,28,29,30,17,17,17,17,31,32,33,34,17,35,36,37,17,17,17,17,17,38,39,40,41,17,42,17,17,43,44,17,17,17,17,17,45,17,46,47,17,17,17,17,17,17,17,48,49,50,51,52,17,17,17,17,53,54,55,17,17,17,56,17,17,17,17,17,17,17,17,17,17,57,58,17,17,17,17,59,60,61,59,59,59,59,59,62,63,64,65,66,67,68,69","0.00257706642150879","infomap","edit-xhwikibooks.graphml"
"0.26","0.7","0.04","0.695376926280717","1,1,1,2,3,4,5,6,7,8,9,10,11,11,11,12,13,14,15,16,17,18,19,6,20,20,20,21,22,23,24,25,26,27,28,28,29,30,17,17,17,17,31,32,33,34,17,35,36,37,17,17,17,17,17,38,39,40,41,17,42,17,17,43,44,17,17,17,17,17,45,17,46,47,17,17,17,17,17,17,17,48,49,50,51,52,17,17,17,17,53,54,55,17,17,17,56,17,17,17,17,17,17,17,17,17,17,57,58,17,17,17,17,59,60,61,59,59,59,59,59,62,63,64,65,66,67,68,69","0.00263881683349609","infomap","edit-xhwikibooks.graphml"
"0.25","0.71","0.04","0.693535593892524","1,1,1,2,3,4,5,6,7,8,9,10,11,11,11,12,13,14,15,16,17,18,19,6,20,20,20,21,22,23,24,25,26,27,28,28,29,30,17,17,17,17,31,32,33,34,17,35,36,37,17,17,17,17,17,38,39,40,41,17,42,17,17,43,44,17,17,17,17,17,45,17,46,47,17,17,17,17,17,17,17,48,49,50,51,52,17,17,17,17,53,54,55,17,17,17,56,17,17,17,17,17,17,17,17,17,17,57,58,17,17,17,17,59,60,61,59,59,59,59,59,62,63,64,65,66,67,68,69","0.0026850700378418","infomap","edit-xhwikibooks.graphml"
"0.24","0.72","0.04","0.697515608740895","1,1,1,2,3,4,5,6,7,8,9,10,11,11,11,12,13,14,15,16,17,18,19,6,20,20,20,21,22,23,24,25,26,27,28,28,29,30,17,17,17,17,31,32,33,34,17,35,36,37,17,17,17,17,17,38,39,40,41,17,42,17,17,43,44,17,17,17,17,17,45,17,46,47,17,17,17,17,17,17,17,48,49,50,51,52,17,17,17,17,53,54,55,17,17,17,56,17,17,17,17,17,17,17,17,17,17,57,58,17,17,17,17,59,60,61,59,59,59,59,59,62,63,64,65,66,67,68,69","0.0027620792388916","infomap","edit-xhwikibooks.graphml"
"0.23","0.73","0.04","0.695698456476509","1,1,1,2,3,4,5,6,7,8,9,10,11,11,11,12,13,14,15,16,17,18,19,6,20,20,20,21,22,23,24,25,26,27,28,28,29,30,17,17,17,17,31,32,33,34,17,35,36,37,17,17,17,17,17,38,39,40,41,17,42,17,17,43,44,17,17,17,17,17,45,17,46,47,17,17,17,17,17,17,17,48,49,50,51,52,17,17,17,17,53,54,55,17,17,17,56,17,17,17,17,17,17,17,17,17,17,57,58,17,17,17,17,59,60,61,59,59,59,59,59,62,63,64,65,66,67,68,69","0.00260090827941895","infomap","edit-xhwikibooks.graphml"
"0.22","0.74","0.04","0.695698456476509","1,1,1,2,3,4,5,6,7,8,9,10,11,11,11,12,13,14,15,16,17,18,19,6,20,20,20,21,22,23,24,25,26,27,28,28,29,30,17,17,17,17,31,32,33,34,17,35,36,37,17,17,17,17,17,38,39,40,41,17,42,17,17,43,44,17,17,17,17,17,45,17,46,47,17,17,17,17,17,17,17,48,49,50,51,52,17,17,17,17,53,54,55,17,17,17,56,17,17,17,17,17,17,17,17,17,17,57,58,17,17,17,17,59,60,61,59,59,59,59,59,62,63,64,65,66,67,68,69","0.00249505043029785","infomap","edit-xhwikibooks.graphml"
"0.21","0.75","0.04","0.700463997250386","1,1,1,2,3,4,5,6,7,8,9,10,11,11,11,12,13,14,15,16,17,18,19,6,20,20,20,21,22,23,24,25,26,27,28,28,29,30,17,17,17,17,31,32,33,34,17,35,36,37,17,17,17,17,17,38,39,40,41,17,42,17,17,43,44,17,17,17,17,17,45,17,46,47,17,17,17,17,17,17,17,48,49,50,51,52,17,17,17,17,53,54,55,17,17,17,56,17,17,17,17,17,17,17,17,17,17,57,58,17,17,17,17,59,60,61,59,59,59,59,59,62,63,64,65,66,67,68,69","0.0025169849395752","infomap","edit-xhwikibooks.graphml"
"0.2","0.76","0.04","0.700463997250386","1,1,1,2,3,4,5,6,7,8,9,10,11,11,11,12,13,14,15,16,17,18,19,6,20,20,20,21,22,23,24,25,26,27,28,28,29,30,17,17,17,17,31,32,33,34,17,35,36,37,17,17,17,17,17,38,39,40,41,17,42,17,17,43,44,17,17,17,17,17,45,17,46,47,17,17,17,17,17,17,17,48,49,50,51,52,17,17,17,17,53,54,55,17,17,17,56,17,17,17,17,17,17,17,17,17,17,57,58,17,17,17,17,59,60,61,59,59,59,59,59,62,63,64,65,66,67,68,69","0.00263190269470215","infomap","edit-xhwikibooks.graphml"
"0.19","0.77","0.04","0.70249240498481","1,1,1,2,3,4,5,6,7,8,9,10,11,11,11,12,13,14,15,16,17,18,19,6,20,20,20,21,22,23,24,25,26,27,28,28,29,30,17,17,17,17,31,32,33,34,17,35,36,37,17,17,17,17,17,38,39,40,41,17,42,17,17,43,44,17,17,17,17,17,45,17,46,47,17,17,17,17,17,17,17,48,49,50,51,52,17,17,17,17,53,54,55,17,17,17,56,17,17,17,17,17,17,17,17,17,17,57,58,17,17,17,17,59,60,61,59,59,59,59,59,62,63,64,65,66,67,68,69","0.00262594223022461","infomap","edit-xhwikibooks.graphml"
"0.18","0.78","0.04","0.704628381958849","1,1,1,2,3,4,5,6,7,8,9,10,11,11,11,12,13,14,15,16,17,18,19,6,20,20,20,21,22,23,24,25,26,27,28,28,29,30,17,17,17,17,31,32,33,34,17,35,36,37,17,17,17,17,17,38,39,40,41,17,42,17,17,43,44,17,17,17,17,17,45,17,46,47,17,17,17,17,17,17,17,48,49,50,51,52,17,17,17,17,53,54,55,17,17,17,56,17,17,17,17,17,17,17,17,17,17,57,58,17,17,17,17,59,60,61,59,59,59,59,59,62,63,64,65,66,67,68,69","0.00275897979736328","infomap","edit-xhwikibooks.graphml"
"0.17","0.79","0.04","0.704628381958849","1,1,1,2,3,4,5,6,7,8,9,10,11,11,11,12,13,14,15,16,17,18,19,6,20,20,20,21,22,23,24,25,26,27,28,28,29,30,17,17,17,17,31,32,33,34,17,35,36,37,17,17,17,17,17,38,39,40,41,17,42,17,17,43,44,17,17,17,17,17,45,17,46,47,17,17,17,17,17,17,17,48,49,50,51,52,17,17,17,17,53,54,55,17,17,17,56,17,17,17,17,17,17,17,17,17,17,57,58,17,17,17,17,59,60,61,59,59,59,59,59,62,63,64,65,66,67,68,69","0.00261998176574707","infomap","edit-xhwikibooks.graphml"
"0.16","0.8","0.04","0.708768221253358","1,1,1,2,3,4,5,6,7,8,9,10,11,11,11,12,13,14,15,16,17,18,19,6,20,20,20,21,22,23,24,25,26,27,28,28,29,30,17,17,17,17,31,32,33,34,17,35,36,37,17,17,17,17,17,38,39,40,41,17,42,17,17,43,44,17,17,17,17,17,45,17,46,47,17,17,17,17,17,17,17,48,49,50,51,52,17,17,17,17,53,54,55,17,17,17,56,17,17,17,17,17,17,17,17,17,17,57,58,17,17,17,17,59,60,61,59,59,59,59,59,62,63,64,65,66,67,68,69","0.00259685516357422","infomap","edit-xhwikibooks.graphml"
"0.15","0.81","0.04","0.708768221253358","1,1,1,2,3,4,5,6,7,8,9,10,11,11,11,12,13,14,15,16,17,18,19,6,20,20,20,21,22,23,24,25,26,27,28,28,29,30,17,17,17,17,31,32,33,34,17,35,36,37,17,17,17,17,17,38,39,40,41,17,42,17,17,43,44,17,17,17,17,17,45,17,46,47,17,17,17,17,17,17,17,48,49,50,51,52,17,17,17,17,53,54,55,17,17,17,56,17,17,17,17,17,17,17,17,17,17,57,58,17,17,17,17,59,60,61,59,59,59,59,59,62,63,64,65,66,67,68,69","0.00264596939086914","infomap","edit-xhwikibooks.graphml"
"0.14","0.82","0.04","0.707039216828856","1,1,1,2,3,4,5,6,7,8,9,10,11,11,11,12,13,14,15,16,17,18,19,6,20,20,20,21,22,23,24,25,26,27,28,28,29,30,17,17,17,17,31,32,33,34,17,35,36,37,17,17,17,17,17,38,39,40,41,17,42,17,17,43,44,17,17,17,17,17,45,17,46,47,17,17,17,17,17,17,17,48,49,50,51,52,17,17,17,17,53,54,55,17,17,17,56,17,17,17,17,17,17,17,17,17,17,57,58,17,17,17,17,59,60,61,59,59,59,59,59,62,63,64,65,66,67,68,69","0.00258493423461914","infomap","edit-xhwikibooks.graphml"
"0.13","0.83","0.04","0.707039216828856","1,1,1,2,3,4,5,6,7,8,9,10,11,11,11,12,13,14,15,16,17,18,19,6,20,20,20,21,22,23,24,25,26,27,28,28,29,30,17,17,17,17,31,32,33,34,17,35,36,37,17,17,17,17,17,38,39,40,41,17,42,17,17,43,44,17,17,17,17,17,45,17,46,47,17,17,17,17,17,17,17,48,49,50,51,52,17,17,17,17,53,54,55,17,17,17,56,17,17,17,17,17,17,17,17,17,17,57,58,17,17,17,17,59,60,61,59,59,59,59,59,62,63,64,65,66,67,68,69","0.00253701210021973","infomap","edit-xhwikibooks.graphml"
"0.12","0.84","0.04","0.707042011019284","1,1,1,2,3,4,5,6,7,8,9,10,11,11,11,12,13,14,15,16,17,18,19,6,20,20,20,21,22,23,24,25,26,27,28,28,29,30,17,17,17,17,31,32,33,34,17,35,36,37,17,17,17,17,17,38,39,40,41,17,42,17,17,43,44,17,17,17,17,17,45,17,46,47,17,17,17,17,17,17,17,48,49,50,51,52,17,17,17,17,53,54,55,17,17,17,56,17,17,17,17,17,17,17,17,17,17,57,58,17,17,17,17,59,60,61,59,59,59,59,59,62,63,64,65,66,67,68,69","0.00273799896240234","infomap","edit-xhwikibooks.graphml"
"0.11","0.85","0.04","0.708921324314703","1,1,1,2,3,4,5,6,7,8,9,10,11,11,11,12,13,14,15,16,17,18,19,6,20,20,20,21,22,23,24,25,26,27,28,28,29,30,17,17,17,17,31,32,33,34,17,35,36,37,17,17,17,17,17,38,39,40,41,17,42,17,17,43,44,17,17,17,17,17,45,17,46,47,17,17,17,17,17,17,17,48,49,50,51,52,17,17,17,17,53,54,55,17,17,17,56,17,17,17,17,17,17,17,17,17,17,57,58,17,17,17,17,59,60,61,59,59,59,59,59,62,63,64,65,66,67,68,69","0.00258994102478027","infomap","edit-xhwikibooks.graphml"
"0.1","0.86","0.04","0.710625974604589","1,1,1,2,3,4,5,6,7,8,9,10,11,11,11,12,13,14,15,16,17,18,19,6,20,20,20,21,22,23,24,25,26,27,28,28,29,30,17,17,17,17,31,32,33,34,17,35,36,37,17,17,17,17,17,38,39,40,41,17,42,17,17,43,44,17,17,17,17,17,45,17,46,47,17,17,17,17,17,17,17,48,49,50,51,52,17,17,17,17,53,54,55,17,17,17,56,17,17,17,17,17,17,17,17,17,17,57,58,17,17,17,17,59,60,61,59,59,59,59,59,62,63,64,65,66,67,68,69","0.00259518623352051","infomap","edit-xhwikibooks.graphml"
"0.09","0.87","0.04","0.710625974604589","1,1,1,2,3,4,5,6,7,8,9,10,11,11,11,12,13,14,15,16,17,18,19,6,20,20,20,21,22,23,24,25,26,27,28,28,29,30,17,17,17,17,31,32,33,34,17,35,36,37,17,17,17,17,17,38,39,40,41,17,42,17,17,43,44,17,17,17,17,17,45,17,46,47,17,17,17,17,17,17,17,48,49,50,51,52,17,17,17,17,53,54,55,17,17,17,56,17,17,17,17,17,17,17,17,17,17,57,58,17,17,17,17,59,60,61,59,59,59,59,59,62,63,64,65,66,67,68,69","0.00266790390014648","infomap","edit-xhwikibooks.graphml"
"0.08","0.88","0.04","0.708945426403726","1,1,1,2,3,4,5,6,7,8,9,10,11,11,11,12,13,14,15,16,17,18,19,6,20,20,20,21,22,23,24,25,26,27,28,28,29,30,17,17,17,17,31,32,33,34,17,35,36,37,17,17,17,17,17,38,39,40,41,17,42,17,17,43,44,17,17,17,17,17,45,17,46,47,17,17,17,17,17,17,17,48,49,50,51,52,17,17,17,17,53,54,55,17,17,17,56,17,17,17,17,17,17,17,17,17,17,57,58,17,17,17,17,59,60,61,59,59,59,59,59,62,63,64,65,66,67,68,69","0.00266695022583008","infomap","edit-xhwikibooks.graphml"
"0.07","0.89","0.04","0.766528395061729","1,1,1,2,3,4,5,6,7,8,9,10,11,11,12,13,14,15,16,17,18,19,20,6,21,21,21,22,23,24,25,26,27,28,29,30,31,32,18,18,18,18,33,34,35,36,18,37,38,39,18,18,18,18,18,40,41,42,43,18,44,18,18,45,46,18,18,18,18,18,47,18,48,49,18,18,18,18,18,18,18,50,51,52,53,54,18,18,18,18,55,56,57,18,18,18,58,18,18,18,18,18,18,18,18,18,18,59,60,61,18,18,18,62,63,64,62,62,62,62,62,65,66,67,68,69,70,71,72","0.0028071403503418","infomap","edit-xhwikibooks.graphml"
"0.06","0.9","0.04","0.791839611559245","1,1,1,2,3,4,5,6,7,8,9,10,11,11,11,12,13,14,15,16,17,18,19,6,20,20,20,21,22,23,24,25,26,27,28,28,29,30,17,17,17,17,31,32,33,34,17,35,36,37,17,17,17,17,17,38,39,40,41,17,42,17,17,43,44,17,17,17,17,17,45,17,46,47,17,17,17,17,17,17,17,48,49,50,51,52,17,17,17,17,53,54,55,17,17,17,56,17,17,17,17,17,17,17,17,17,17,57,58,17,17,17,17,59,60,61,59,59,59,59,59,62,63,64,65,66,67,68,69","0.00261497497558594","infomap","edit-xhwikibooks.graphml"
"0.05","0.91","0.04","0.764830840316391","1,1,1,2,3,4,5,6,7,8,9,10,11,11,12,13,14,15,16,17,18,19,20,6,21,21,21,22,23,24,25,26,27,28,29,30,31,32,18,18,18,18,33,34,35,36,18,37,38,39,18,18,18,18,18,40,41,42,43,18,44,18,18,45,46,18,18,18,18,18,47,18,48,49,18,18,18,18,18,18,18,50,51,52,53,54,18,18,18,18,55,56,57,18,18,18,58,18,18,18,18,18,18,18,18,18,18,59,60,61,18,18,18,62,63,64,62,62,62,62,62,65,66,67,68,69,70,71,72","0.0026860237121582","infomap","edit-xhwikibooks.graphml"
"0.04","0.92","0.04","0.791358879655278","1,1,1,2,3,4,5,6,7,8,9,10,11,11,11,12,13,14,15,16,17,18,19,6,20,20,20,21,22,23,24,25,26,27,28,28,29,30,17,17,17,17,31,32,33,34,17,35,36,37,17,17,17,17,17,38,39,40,41,17,42,17,17,43,44,17,17,17,17,17,45,17,46,47,17,17,17,17,17,17,17,48,49,50,51,52,17,17,17,17,53,54,55,17,17,17,56,17,17,17,17,17,17,17,17,17,17,57,58,17,17,17,17,59,60,61,59,59,59,59,59,62,63,64,65,66,67,68,69","0.00265288352966309","infomap","edit-xhwikibooks.graphml"
"0.03","0.93","0.04","0.769400200061557","1,1,1,2,3,4,5,6,7,8,9,10,11,11,12,13,14,15,16,17,18,19,20,6,21,21,21,22,23,24,25,26,27,28,29,30,31,32,18,18,18,18,33,34,35,36,18,37,38,39,18,18,18,18,18,40,41,42,43,18,44,18,18,45,46,18,18,18,18,18,47,18,48,49,18,18,18,18,18,18,18,50,51,52,53,54,18,18,18,18,55,56,57,18,18,18,58,18,18,18,18,18,18,18,18,18,18,59,60,18,18,18,18,61,62,63,61,61,61,61,61,64,65,66,67,68,69,70,71","0.00266504287719727","infomap","edit-xhwikibooks.graphml"
"0.02","0.94","0.04","0.767672241185333","1,1,1,2,3,4,5,6,7,8,9,10,11,11,12,13,14,15,16,17,18,19,20,6,21,21,21,22,23,24,25,26,27,28,29,30,31,32,18,18,18,18,33,34,35,36,18,37,38,39,18,18,18,18,18,40,41,42,43,18,44,18,18,45,46,18,18,18,18,18,47,18,48,49,18,18,18,18,18,18,18,50,51,52,53,54,18,18,18,18,55,56,57,18,18,18,58,18,18,18,18,18,18,18,18,18,18,59,60,18,18,18,18,61,62,63,61,61,61,61,61,64,65,66,67,68,69,70,71","0.0026400089263916","infomap","edit-xhwikibooks.graphml"
"0.01","0.95","0.04","0.767672241185333","1,1,1,2,3,4,5,6,7,8,9,10,11,11,12,13,14,15,16,17,18,19,20,6,21,21,21,22,23,24,25,26,27,28,29,30,31,32,18,18,18,18,33,34,35,36,18,37,38,39,18,18,18,18,18,40,41,42,43,18,44,18,18,45,46,18,18,18,18,18,47,18,48,49,18,18,18,18,18,18,18,50,51,52,53,54,18,18,18,18,55,56,57,18,18,18,58,18,18,18,18,18,18,18,18,18,18,59,60,18,18,18,18,61,62,63,61,61,61,61,61,64,65,66,67,68,69,70,71","0.00291204452514648","infomap","edit-xhwikibooks.graphml"
"0","0.96","0.04","0.750574160123912","1,1,1,1,1,2,3,1,4,5,6,7,8,8,9,10,11,12,13,14,15,1,16,1,17,17,17,18,1,19,20,21,22,23,24,25,26,27,15,15,15,15,28,29,30,31,15,32,33,34,15,15,15,15,15,35,36,37,38,15,39,15,15,40,41,15,15,15,15,15,42,15,43,44,15,15,15,15,15,15,15,45,46,47,48,49,15,15,15,15,50,51,52,15,15,15,53,15,15,15,15,15,15,15,15,15,15,54,55,15,15,15,15,56,57,58,56,56,56,56,56,59,60,61,62,63,64,65,66","0.00276398658752441","infomap","edit-xhwikibooks.graphml"
"0.95","0","0.05","0.511109330769642","1,2,1,1,1,2,1,2,3,4,5,6,7,3,3,8,4,5,5,6,2,9,7,7,3,3,3,8,10,4,5,5,6,6,11,11,12,3,2,2,2,2,9,9,9,9,2,9,9,9,2,2,2,2,2,9,9,9,9,2,7,2,2,7,3,2,2,2,2,2,9,2,3,3,2,2,2,2,2,2,2,3,8,8,8,10,2,2,2,2,4,5,5,2,2,2,8,2,2,2,2,2,2,2,2,2,2,6,6,2,2,2,2,11,11,11,11,11,11,11,11,12,12,12,12,12,12,12,12","0.0117301940917969","infomap","edit-xhwikibooks.graphml"
"0.94","0.01","0.05","0.511109330769642","1,2,1,1,1,2,1,2,3,4,5,6,7,3,3,8,4,5,5,6,2,9,7,7,3,3,3,8,10,4,5,5,6,6,11,11,12,3,2,2,2,2,9,9,9,9,2,9,9,9,2,2,2,2,2,9,9,9,9,2,7,2,2,7,3,2,2,2,2,2,9,2,3,3,2,2,2,2,2,2,2,3,8,8,8,10,2,2,2,2,4,5,5,2,2,2,8,2,2,2,2,2,2,2,2,2,2,6,6,2,2,2,2,11,11,11,11,11,11,11,11,12,12,12,12,12,12,12,12","0.0115549564361572","infomap","edit-xhwikibooks.graphml"
"0.93","0.02","0.05","0.511109330769642","1,2,1,1,1,2,1,2,3,4,5,6,7,3,3,8,4,5,5,6,2,9,7,7,3,3,3,8,10,4,5,5,6,6,11,11,12,3,2,2,2,2,9,9,9,9,2,9,9,9,2,2,2,2,2,9,9,9,9,2,7,2,2,7,3,2,2,2,2,2,9,2,3,3,2,2,2,2,2,2,2,3,8,8,8,10,2,2,2,2,4,5,5,2,2,2,8,2,2,2,2,2,2,2,2,2,2,6,6,2,2,2,2,11,11,11,11,11,11,11,11,12,12,12,12,12,12,12,12","0.0115880966186523","infomap","edit-xhwikibooks.graphml"
"0.92","0.03","0.05","0.509577360355907","1,2,1,1,1,2,1,2,3,4,5,6,7,3,3,8,4,5,5,6,2,9,7,7,3,3,3,8,10,4,5,5,6,6,11,11,12,3,2,2,2,2,9,9,9,9,2,9,9,9,2,2,2,2,2,9,9,9,9,2,7,2,2,7,3,2,2,2,2,2,9,2,3,3,2,2,2,2,2,2,2,3,8,8,8,10,2,2,2,2,4,5,5,2,2,2,8,2,2,2,2,2,2,2,2,2,2,6,6,2,2,2,2,11,11,11,11,11,11,11,11,12,12,12,12,12,12,12,12","0.0119121074676514","infomap","edit-xhwikibooks.graphml"
"0.91","0.04","0.05","0.509577360355907","1,2,1,1,1,2,1,2,3,4,5,6,7,3,3,8,4,5,5,6,2,9,7,7,3,3,3,8,10,4,5,5,6,6,11,11,12,3,2,2,2,2,9,9,9,9,2,9,9,9,2,2,2,2,2,9,9,9,9,2,7,2,2,7,3,2,2,2,2,2,9,2,3,3,2,2,2,2,2,2,2,3,8,8,8,10,2,2,2,2,4,5,5,2,2,2,8,2,2,2,2,2,2,2,2,2,2,6,6,2,2,2,2,11,11,11,11,11,11,11,11,12,12,12,12,12,12,12,12","0.0117778778076172","infomap","edit-xhwikibooks.graphml"
"0.9","0.05","0.05","0.508053080303216","1,2,1,1,1,2,1,2,3,4,5,6,7,3,3,8,4,5,5,6,2,9,7,7,3,3,3,8,10,4,5,5,6,6,11,11,12,3,2,2,2,2,9,9,9,9,2,9,9,9,2,2,2,2,2,9,9,9,9,2,7,2,2,7,3,2,2,2,2,2,9,2,3,3,2,2,2,2,2,2,2,3,8,8,8,10,2,2,2,2,4,5,5,2,2,2,8,2,2,2,2,2,2,2,2,2,2,6,6,2,2,2,2,11,11,11,11,11,11,11,11,12,12,12,12,12,12,12,12","0.0121829509735107","infomap","edit-xhwikibooks.graphml"
"0.89","0.06","0.05","0.490494192417269","1,2,1,1,1,2,1,2,3,4,5,6,7,3,3,8,4,5,5,6,2,9,7,7,3,3,3,8,2,4,5,5,6,6,10,10,11,3,2,2,2,2,9,9,9,9,2,9,9,9,2,2,2,2,2,9,9,9,9,2,12,2,2,7,3,2,2,2,2,2,9,2,3,3,2,2,2,2,2,2,2,3,8,8,8,13,2,2,2,2,14,15,16,2,2,2,8,2,2,2,2,2,2,2,2,2,2,6,6,2,2,2,2,10,10,10,10,10,10,10,10,11,11,11,11,11,11,11,11","0.0117321014404297","infomap","edit-xhwikibooks.graphml"
"0.88","0.07","0.05","0.488972385694885","1,2,1,1,1,2,1,2,3,4,5,6,7,3,3,8,4,5,5,6,2,9,7,7,3,3,3,8,2,4,5,5,6,6,10,10,11,3,2,2,2,2,9,9,9,9,2,9,9,9,2,2,2,2,2,9,9,9,9,2,12,2,2,7,3,2,2,2,2,2,9,2,3,3,2,2,2,2,2,2,2,3,8,8,8,13,2,2,2,2,14,15,16,2,2,2,8,2,2,2,2,2,2,2,2,2,2,6,6,2,2,2,2,10,10,10,10,10,10,10,10,11,11,11,11,11,11,11,11","0.0116639137268066","infomap","edit-xhwikibooks.graphml"
"0.87","0.08","0.05","0.504336038494686","1,2,1,1,1,2,1,3,3,4,5,6,3,3,3,7,4,5,5,6,2,8,3,3,3,3,3,7,2,4,5,5,6,6,9,9,10,3,2,2,2,2,8,8,8,8,2,8,8,8,2,2,2,2,2,8,8,8,8,2,11,2,2,3,3,2,2,2,2,2,8,2,3,3,2,2,2,2,2,2,2,3,7,7,7,12,2,2,2,2,13,14,15,2,2,2,7,2,2,2,2,2,2,2,2,2,2,6,6,2,2,2,2,9,9,9,9,9,9,9,9,10,10,10,10,10,10,10,10","0.0117020606994629","infomap","edit-xhwikibooks.graphml"
"0.86","0.09","0.05","0.5028129395218","1,2,1,1,1,2,1,3,3,4,5,6,3,3,3,7,4,5,5,6,2,8,3,3,3,3,3,7,2,4,5,5,6,6,9,9,10,3,2,2,2,2,8,8,8,8,2,8,8,8,2,2,2,2,2,8,8,8,8,2,11,2,2,3,3,2,2,2,2,2,8,2,3,3,2,2,2,2,2,2,2,3,7,7,7,12,2,2,2,2,13,14,15,2,2,2,7,2,2,2,2,2,2,2,2,2,2,6,6,2,2,2,2,9,9,9,9,9,9,9,9,10,10,10,10,10,10,10,10","0.0112111568450928","infomap","edit-xhwikibooks.graphml"
"0.85","0.1","0.05","0.491044882408446","1,2,1,1,1,2,1,2,3,4,5,6,7,3,3,8,4,5,5,6,2,9,7,7,3,3,3,8,2,4,5,5,6,6,10,10,11,3,2,2,2,2,9,9,9,9,2,9,9,9,2,2,2,2,2,9,9,9,9,2,12,2,2,7,3,2,2,2,2,2,9,2,3,3,2,2,2,2,2,2,2,3,8,8,8,13,2,2,2,2,14,15,16,2,2,2,8,2,2,2,2,2,2,2,2,2,2,6,6,2,2,2,2,10,10,10,10,10,10,10,10,11,11,11,11,11,11,11,11","0.0111830234527588","infomap","edit-xhwikibooks.graphml"
"0.84","0.11","0.05","0.474953831948292","1,2,1,1,3,1,3,2,1,1,3,4,5,6,6,7,8,3,3,4,2,9,5,5,6,6,6,7,2,10,11,3,4,4,12,12,13,6,2,2,2,2,9,9,9,9,2,9,9,9,2,2,2,2,2,9,9,9,9,2,14,2,2,15,16,2,2,2,2,2,9,2,6,6,2,2,2,2,2,2,2,17,7,7,7,18,2,2,2,2,19,20,21,2,2,2,22,2,2,2,2,2,2,2,2,2,2,23,24,2,2,2,2,12,12,12,12,12,12,12,12,13,13,13,13,13,13,13,13","0.00701308250427246","infomap","edit-xhwikibooks.graphml"
"0.83","0.12","0.05","0.482627599243856","1,2,1,1,3,1,3,2,1,1,3,4,5,6,6,7,8,3,3,4,2,9,5,5,6,6,6,7,2,10,11,3,4,4,12,12,13,6,2,2,2,2,9,9,9,9,2,9,9,9,2,2,2,2,2,9,9,9,9,2,14,2,2,15,16,2,2,2,2,2,9,2,6,6,2,2,2,2,2,2,2,17,7,7,7,18,2,2,2,2,19,20,21,2,2,2,22,2,2,2,2,2,2,2,2,2,2,23,24,2,2,2,2,12,12,12,12,12,12,12,12,13,13,13,13,13,13,13,13","0.00741100311279297","infomap","edit-xhwikibooks.graphml"
"0.82","0.13","0.05","0.481081688873897","1,2,1,1,3,1,3,2,1,1,3,4,5,6,6,7,8,3,3,4,2,9,5,5,6,6,6,7,2,10,11,3,4,4,12,12,13,6,2,2,2,2,9,9,9,9,2,9,9,9,2,2,2,2,2,9,9,9,9,2,14,2,2,15,16,2,2,2,2,2,9,2,6,6,2,2,2,2,2,2,2,17,7,7,7,18,2,2,2,2,19,20,21,2,2,2,22,2,2,2,2,2,2,2,2,2,2,23,24,2,2,2,2,12,12,12,12,12,12,12,12,13,13,13,13,13,13,13,13","0.00516200065612793","infomap","edit-xhwikibooks.graphml"
"0.81","0.14","0.05","0.481081688873897","1,2,1,1,3,1,3,2,1,1,3,4,5,6,6,7,8,3,3,4,2,9,5,5,6,6,6,7,2,10,11,3,4,4,12,12,13,6,2,2,2,2,9,9,9,9,2,9,9,9,2,2,2,2,2,9,9,9,9,2,14,2,2,15,16,2,2,2,2,2,9,2,6,6,2,2,2,2,2,2,2,17,7,7,7,18,2,2,2,2,19,20,21,2,2,2,22,2,2,2,2,2,2,2,2,2,2,23,24,2,2,2,2,12,12,12,12,12,12,12,12,13,13,13,13,13,13,13,13","0.00654816627502441","infomap","edit-xhwikibooks.graphml"
"0.8","0.15","0.05","0.504145664402075","1,2,1,1,3,1,3,4,1,1,3,5,4,4,4,6,7,3,3,5,2,8,4,4,4,4,4,6,2,9,10,3,5,5,11,11,12,4,2,2,2,2,8,8,8,8,2,8,8,8,2,2,2,2,2,8,8,8,8,2,13,2,2,14,15,2,2,2,2,2,8,2,4,4,2,2,2,2,2,2,2,16,6,6,6,17,2,2,2,2,18,19,20,2,2,2,21,2,2,2,2,2,2,2,2,2,2,22,23,2,2,2,2,11,11,11,11,11,11,11,11,12,12,12,12,12,12,12,12","0.00715994834899902","infomap","edit-xhwikibooks.graphml"
"0.79","0.16","0.05","0.46398517638869","1,2,1,3,4,3,5,6,3,3,5,7,6,6,6,3,8,9,5,10,2,11,12,6,6,6,6,3,2,13,14,15,10,16,17,17,18,6,2,2,2,2,11,11,11,11,2,11,11,11,2,2,2,2,2,11,11,11,11,2,19,2,2,20,21,2,2,2,2,2,11,2,22,23,2,2,2,2,2,2,2,24,25,26,27,28,2,2,2,2,29,30,31,2,2,2,32,2,2,2,2,2,2,2,2,2,2,33,34,2,2,2,2,17,17,17,17,17,17,17,17,18,18,18,18,18,18,18,18","0.00347399711608887","infomap","edit-xhwikibooks.graphml"
"0.78","0.17","0.05","0.46633754951839","1,2,1,3,4,3,5,6,3,3,5,7,6,6,6,3,8,9,5,10,2,11,12,6,6,6,6,3,2,13,14,15,10,16,17,17,18,6,2,2,2,2,11,11,11,11,2,11,11,11,2,2,2,2,2,11,11,11,11,2,19,2,2,20,21,2,2,2,2,2,11,2,22,23,2,2,2,2,2,2,2,24,25,26,27,28,2,2,2,2,29,30,31,2,2,2,32,2,2,2,2,2,2,2,2,2,2,33,34,2,2,2,2,17,17,17,17,17,17,17,17,18,18,18,18,18,18,18,18","0.00353693962097168","infomap","edit-xhwikibooks.graphml"
"0.77","0.18","0.05","0.46633754951839","1,2,1,3,4,3,5,6,3,3,5,7,6,6,6,3,8,9,5,10,2,11,12,6,6,6,6,3,2,13,14,15,10,16,17,17,18,6,2,2,2,2,11,11,11,11,2,11,11,11,2,2,2,2,2,11,11,11,11,2,19,2,2,20,21,2,2,2,2,2,11,2,22,23,2,2,2,2,2,2,2,24,25,26,27,28,2,2,2,2,29,30,31,2,2,2,32,2,2,2,2,2,2,2,2,2,2,33,34,2,2,2,2,17,17,17,17,17,17,17,17,18,18,18,18,18,18,18,18","0.00357699394226074","infomap","edit-xhwikibooks.graphml"
"0.76","0.19","0.05","0.46318024691358","1,2,1,3,4,3,5,6,3,3,5,7,6,6,6,3,8,9,5,10,2,11,12,6,6,6,6,3,2,13,14,15,10,16,17,17,18,6,2,2,2,2,11,11,11,11,2,11,11,11,2,2,2,2,2,11,11,11,11,2,19,2,2,20,21,2,2,2,2,2,11,2,22,23,2,2,2,2,2,2,2,24,25,26,27,28,2,2,2,2,29,30,31,2,2,2,32,2,2,2,2,2,2,2,2,2,2,33,34,2,2,2,2,17,17,17,17,17,17,17,17,18,18,18,18,18,18,18,18","0.00345396995544434","infomap","edit-xhwikibooks.graphml"
"0.75","0.2","0.05","0.471452968231481","1,2,1,3,4,3,5,6,3,3,5,7,6,6,6,3,8,9,5,10,2,11,12,6,6,6,6,3,2,13,14,15,10,16,17,17,18,6,2,2,2,2,11,11,11,11,2,11,11,11,2,2,2,2,2,11,11,11,11,2,19,2,2,20,21,2,2,2,2,2,11,2,22,23,2,2,2,2,2,2,2,24,25,26,27,28,2,2,2,2,29,30,31,2,2,2,32,2,2,2,2,2,2,2,2,2,2,33,34,2,2,2,2,17,17,17,17,17,17,17,17,18,18,18,18,18,18,18,18","0.00346803665161133","infomap","edit-xhwikibooks.graphml"
"0.74","0.21","0.05","0.460355555555556","1,2,1,3,4,3,5,6,3,3,7,8,6,6,6,3,9,10,11,12,2,13,14,6,6,6,6,3,2,15,16,17,18,19,11,11,20,6,2,2,2,2,13,13,13,13,2,13,13,13,2,2,2,2,2,13,13,13,13,2,21,2,2,22,23,2,2,2,2,2,13,2,24,25,2,2,2,2,2,2,2,26,27,28,29,30,2,2,2,2,31,32,33,2,2,2,34,2,2,2,2,2,2,2,2,2,2,35,36,2,2,2,2,11,11,11,11,11,11,11,11,20,20,20,20,20,20,20,20","0.00348401069641113","infomap","edit-xhwikibooks.graphml"
"0.73","0.22","0.05","0.460355555555556","1,2,1,3,4,3,5,6,3,3,7,8,6,6,6,3,9,10,11,12,2,13,14,6,6,6,6,3,2,15,16,17,18,19,11,11,20,6,2,2,2,2,13,13,13,13,2,13,13,13,2,2,2,2,2,13,13,13,13,2,21,2,2,22,23,2,2,2,2,2,13,2,24,25,2,2,2,2,2,2,2,26,27,28,29,30,2,2,2,2,31,32,33,2,2,2,34,2,2,2,2,2,2,2,2,2,2,35,36,2,2,2,2,11,11,11,11,11,11,11,11,20,20,20,20,20,20,20,20","0.00343513488769531","infomap","edit-xhwikibooks.graphml"
"0.72","0.23","0.05","0.466864804555248","1,2,1,3,4,3,5,6,3,3,7,8,6,6,6,3,9,10,11,12,2,13,14,6,6,6,6,3,2,15,16,17,18,19,11,11,20,6,2,2,2,2,13,13,13,13,2,13,13,13,2,2,2,2,2,13,13,13,13,2,21,2,2,22,23,2,2,2,2,2,13,2,24,25,2,2,2,2,2,2,2,26,27,28,29,30,2,2,2,2,31,32,33,2,2,2,34,2,2,2,2,2,2,2,2,2,2,35,36,2,2,2,2,11,11,11,11,11,11,11,11,20,20,20,20,20,20,20,20","0.0035250186920166","infomap","edit-xhwikibooks.graphml"
"0.71","0.24","0.05","0.47080528594039","1,2,1,3,4,3,5,6,3,3,7,8,6,6,6,3,9,10,11,12,2,13,14,6,6,6,6,3,2,15,16,17,18,19,11,11,20,6,2,2,2,2,13,13,13,13,2,13,13,13,2,2,2,2,2,13,13,13,13,2,21,2,2,22,23,2,2,2,2,2,13,2,24,25,2,2,2,2,2,2,2,26,27,28,29,30,2,2,2,2,31,32,33,2,2,2,34,2,2,2,2,2,2,2,2,2,2,35,36,2,2,2,2,11,11,11,11,11,11,11,11,20,20,20,20,20,20,20,20","0.00352191925048828","infomap","edit-xhwikibooks.graphml"
"0.7","0.25","0.05","0.480953784376209","1,2,1,3,4,3,5,6,3,3,7,8,6,6,6,3,9,10,11,12,2,13,14,6,6,6,6,3,2,15,16,17,18,19,11,11,20,6,2,2,2,2,13,13,13,13,2,13,13,13,2,2,2,2,2,13,13,13,13,2,21,2,2,22,23,2,2,2,2,2,13,2,24,25,2,2,2,2,2,2,2,26,27,28,29,30,2,2,2,2,31,32,33,2,2,2,34,2,2,2,2,2,2,2,2,2,2,35,36,2,2,2,2,11,11,11,11,11,11,11,11,20,20,20,20,20,20,20,20","0.00342178344726562","infomap","edit-xhwikibooks.graphml"
"0.69","0.26","0.05","0.467474625938792","1,2,1,3,4,5,6,5,7,8,9,10,5,7,7,5,11,12,13,14,2,15,16,7,7,7,7,17,18,19,20,21,22,23,13,13,24,7,2,2,2,2,15,15,15,15,2,15,15,15,2,2,2,2,2,15,15,15,15,2,25,2,2,26,27,2,2,2,2,2,15,2,28,29,2,2,2,2,2,2,2,30,31,32,33,34,2,2,2,2,35,36,37,2,2,2,38,2,2,2,2,2,2,2,2,2,2,39,40,2,2,2,2,13,13,13,13,13,13,13,13,24,24,24,24,24,24,24,24","0.00331497192382812","infomap","edit-xhwikibooks.graphml"
"0.68","0.27","0.05","0.467474625938792","1,2,1,3,4,5,6,5,7,8,9,10,5,7,7,5,11,12,13,14,2,15,16,7,7,7,7,17,18,19,20,21,22,23,13,13,24,7,2,2,2,2,15,15,15,15,2,15,15,15,2,2,2,2,2,15,15,15,15,2,25,2,2,26,27,2,2,2,2,2,15,2,28,29,2,2,2,2,2,2,2,30,31,32,33,34,2,2,2,2,35,36,37,2,2,2,38,2,2,2,2,2,2,2,2,2,2,39,40,2,2,2,2,13,13,13,13,13,13,13,13,24,24,24,24,24,24,24,24","0.00329208374023438","infomap","edit-xhwikibooks.graphml"
"0.67","0.28","0.05","0.46590297014466","1,2,1,3,4,5,6,5,7,8,9,10,5,7,7,5,11,12,13,14,2,15,16,7,7,7,7,17,18,19,20,21,22,23,13,13,24,7,2,2,2,2,15,15,15,15,2,15,15,15,2,2,2,2,2,15,15,15,15,2,25,2,2,26,27,2,2,2,2,2,15,2,28,29,2,2,2,2,2,2,2,30,31,32,33,34,2,2,2,2,35,36,37,2,2,2,38,2,2,2,2,2,2,2,2,2,2,39,40,2,2,2,2,13,13,13,13,13,13,13,13,24,24,24,24,24,24,24,24","0.00319910049438477","infomap","edit-xhwikibooks.graphml"
"0.66","0.29","0.05","0.473638941398866","1,2,1,3,4,5,6,5,7,8,9,10,5,7,7,5,11,12,13,14,2,15,16,7,7,7,7,17,18,19,20,21,22,23,13,13,24,7,2,2,2,2,15,15,15,15,2,15,15,15,2,2,2,2,2,15,15,15,15,2,25,2,2,26,27,2,2,2,2,2,15,2,28,29,2,2,2,2,2,2,2,30,31,32,33,34,2,2,2,2,35,36,37,2,2,2,38,2,2,2,2,2,2,2,2,2,2,39,40,2,2,2,2,13,13,13,13,13,13,13,13,24,24,24,24,24,24,24,24","0.00320100784301758","infomap","edit-xhwikibooks.graphml"
"0.65","0.3","0.05","0.472076985063998","1,2,1,3,4,5,6,5,7,8,9,10,5,7,7,5,11,12,13,14,2,15,16,7,7,7,7,17,18,19,20,21,22,23,13,13,24,7,2,2,2,2,15,15,15,15,2,15,15,15,2,2,2,2,2,15,15,15,15,2,25,2,2,26,27,2,2,2,2,2,15,2,28,29,2,2,2,2,2,2,2,30,31,32,33,34,2,2,2,2,35,36,37,2,2,2,38,2,2,2,2,2,2,2,2,2,2,39,40,2,2,2,2,13,13,13,13,13,13,13,13,24,24,24,24,24,24,24,24","0.00331997871398926","infomap","edit-xhwikibooks.graphml"
"0.64","0.31","0.05","0.465656642703228","1,2,1,3,4,5,6,5,5,7,8,9,10,5,5,11,12,13,14,15,2,16,17,5,5,5,5,18,19,20,21,22,23,24,14,14,25,26,2,2,2,2,16,16,16,16,2,16,16,16,2,2,2,2,2,16,16,16,16,2,27,2,2,28,29,2,2,2,2,2,16,2,30,31,2,2,2,2,2,2,2,32,33,34,35,36,2,2,2,2,37,38,39,2,2,2,40,2,2,2,2,2,2,2,2,2,2,41,42,2,2,2,2,14,14,14,14,14,14,14,14,25,25,25,25,25,25,25,25","0.0031120777130127","infomap","edit-xhwikibooks.graphml"
"0.63","0.32","0.05","0.468535072431176","1,2,1,3,4,5,6,5,5,7,8,9,10,5,5,11,12,13,14,15,2,16,17,5,5,5,5,18,19,20,21,22,23,24,14,14,25,26,2,2,2,2,16,16,16,16,2,16,16,16,2,2,2,2,2,16,16,16,16,2,27,2,2,28,29,2,2,2,2,2,16,2,30,31,2,2,2,2,2,2,2,32,33,34,35,36,2,2,2,2,37,38,39,2,2,2,40,2,2,2,2,2,2,2,2,2,2,41,42,2,2,2,2,14,14,14,14,14,14,14,14,25,25,25,25,25,25,25,25","0.00329899787902832","infomap","edit-xhwikibooks.graphml"
"0.62","0.33","0.05","0.468535072431176","1,2,1,3,4,5,6,5,5,7,8,9,10,5,5,11,12,13,14,15,2,16,17,5,5,5,5,18,19,20,21,22,23,24,14,14,25,26,2,2,2,2,16,16,16,16,2,16,16,16,2,2,2,2,2,16,16,16,16,2,27,2,2,28,29,2,2,2,2,2,16,2,30,31,2,2,2,2,2,2,2,32,33,34,35,36,2,2,2,2,37,38,39,2,2,2,40,2,2,2,2,2,2,2,2,2,2,41,42,2,2,2,2,14,14,14,14,14,14,14,14,25,25,25,25,25,25,25,25","0.00312209129333496","infomap","edit-xhwikibooks.graphml"
"0.61","0.34","0.05","0.519556811421773","1,2,1,3,4,5,6,5,5,7,8,9,10,5,5,11,12,13,14,15,2,16,17,5,5,5,5,18,19,20,21,22,23,24,14,14,25,26,2,2,2,2,16,16,16,16,2,16,16,16,2,2,2,2,2,16,16,16,16,2,27,2,2,28,29,2,2,2,2,2,16,2,30,31,2,2,2,2,2,2,2,32,33,34,35,36,2,2,2,2,37,38,39,2,2,2,40,2,2,2,2,2,2,2,2,2,2,41,42,2,2,2,2,14,14,14,14,14,14,14,14,25,25,25,25,25,25,25,25","0.00320315361022949","infomap","edit-xhwikibooks.graphml"
"0.6","0.35","0.05","0.519556811421773","1,2,1,3,4,5,6,5,5,7,8,9,10,5,5,11,12,13,14,15,2,16,17,5,5,5,5,18,19,20,21,22,23,24,14,14,25,26,2,2,2,2,16,16,16,16,2,16,16,16,2,2,2,2,2,16,16,16,16,2,27,2,2,28,29,2,2,2,2,2,16,2,30,31,2,2,2,2,2,2,2,32,33,34,35,36,2,2,2,2,37,38,39,2,2,2,40,2,2,2,2,2,2,2,2,2,2,41,42,2,2,2,2,14,14,14,14,14,14,14,14,25,25,25,25,25,25,25,25","0.00328302383422852","infomap","edit-xhwikibooks.graphml"
"0.59","0.36","0.05","0.595171223169883","1,2,1,3,4,5,6,7,8,9,10,11,12,7,7,13,14,15,16,17,2,18,19,20,7,7,7,21,22,23,24,25,26,27,16,16,28,29,2,2,2,2,18,18,18,18,2,18,18,18,2,2,2,2,2,18,18,18,18,2,30,2,2,31,32,2,2,2,2,2,18,2,33,34,2,2,2,2,2,2,2,35,36,37,38,39,2,2,2,2,40,41,42,2,2,2,43,2,2,2,2,2,2,2,2,2,2,44,45,2,2,2,2,16,16,16,16,16,16,16,16,28,28,28,28,28,28,28,28","0.00283098220825195","infomap","edit-xhwikibooks.graphml"
"0.58","0.37","0.05","0.595171223169883","1,2,1,3,4,5,6,7,8,9,10,11,12,7,7,13,14,15,16,17,2,18,19,20,7,7,7,21,22,23,24,25,26,27,16,16,28,29,2,2,2,2,18,18,18,18,2,18,18,18,2,2,2,2,2,18,18,18,18,2,30,2,2,31,32,2,2,2,2,2,18,2,33,34,2,2,2,2,2,2,2,35,36,37,38,39,2,2,2,2,40,41,42,2,2,2,43,2,2,2,2,2,2,2,2,2,2,44,45,2,2,2,2,16,16,16,16,16,16,16,16,28,28,28,28,28,28,28,28","0.00299310684204102","infomap","edit-xhwikibooks.graphml"
"0.57","0.38","0.05","0.593153759820426","1,2,1,3,4,5,6,7,8,9,10,11,12,7,7,13,14,15,16,17,2,18,19,20,7,7,7,21,22,23,24,25,26,27,16,16,28,29,2,2,2,2,18,18,18,18,2,18,18,18,2,2,2,2,2,18,18,18,18,2,30,2,2,31,32,2,2,2,2,2,18,2,33,34,2,2,2,2,2,2,2,35,36,37,38,39,2,2,2,2,40,41,42,2,2,2,43,2,2,2,2,2,2,2,2,2,2,44,45,2,2,2,2,16,16,16,16,16,16,16,16,28,28,28,28,28,28,28,28","0.00289511680603027","infomap","edit-xhwikibooks.graphml"
"0.56","0.39","0.05","0.594275","1,2,1,3,4,5,6,7,8,9,10,11,12,7,7,13,14,15,16,17,2,18,19,20,7,7,7,21,22,23,24,25,26,27,16,16,28,29,2,2,2,2,18,18,18,18,2,18,18,18,2,2,2,2,2,18,18,18,18,2,30,2,2,31,32,2,2,2,2,2,18,2,33,34,2,2,2,2,2,2,2,35,36,37,38,39,2,2,2,2,40,41,42,2,2,2,43,2,2,2,2,2,2,2,2,2,2,44,45,2,2,2,2,16,16,16,16,16,16,16,16,28,28,28,28,28,28,28,28","0.00304889678955078","infomap","edit-xhwikibooks.graphml"
"0.55","0.4","0.05","0.602845059592465","1,2,1,3,4,5,6,7,8,9,10,11,12,7,7,13,14,15,16,17,2,18,19,20,7,7,7,21,22,23,24,25,26,27,16,16,28,29,2,2,2,2,18,18,18,18,2,18,18,18,2,2,2,2,2,18,18,18,18,2,30,2,2,31,32,2,2,2,2,2,18,2,33,34,2,2,2,2,2,2,2,35,36,37,38,39,2,2,2,2,40,41,42,2,2,2,43,2,2,2,2,2,2,2,2,2,2,44,45,2,2,2,2,16,16,16,16,16,16,16,16,28,28,28,28,28,28,28,28","0.00289297103881836","infomap","edit-xhwikibooks.graphml"
"0.54","0.41","0.05","0.56218836565097","1,2,1,3,4,5,6,7,8,9,10,11,12,13,13,14,15,16,17,18,2,19,20,21,13,13,13,22,23,24,25,26,27,28,17,17,13,29,2,2,2,2,19,19,19,19,2,19,19,19,2,2,2,2,2,19,19,19,19,2,30,2,2,31,32,2,2,2,2,2,19,2,33,34,2,2,2,2,2,2,2,35,36,37,38,39,2,2,2,2,40,41,42,2,2,2,43,2,2,2,2,2,2,2,2,2,2,44,45,2,2,2,2,17,46,47,17,17,17,17,17,48,49,50,51,52,53,54,55","0.00292396545410156","infomap","edit-xhwikibooks.graphml"
"0.53","0.42","0.05","0.560127189495902","1,2,1,3,4,5,6,7,8,9,10,11,12,13,13,14,15,16,17,18,2,19,20,21,13,13,13,22,23,24,25,26,27,28,17,17,13,29,2,2,2,2,19,19,19,19,2,19,19,19,2,2,2,2,2,19,19,19,19,2,30,2,2,31,32,2,2,2,2,2,19,2,33,34,2,2,2,2,2,2,2,35,36,37,38,39,2,2,2,2,40,41,42,2,2,2,43,2,2,2,2,2,2,2,2,2,2,44,45,2,2,2,2,17,46,47,17,17,17,17,17,48,49,50,51,52,53,54,55","0.00304818153381348","infomap","edit-xhwikibooks.graphml"
"0.52","0.43","0.05","0.56694139439985","1,2,1,3,4,5,6,7,8,9,10,11,12,13,13,14,15,16,17,18,2,19,20,21,13,13,13,22,23,24,25,26,27,28,17,17,13,29,2,2,2,2,19,19,19,19,2,19,19,19,2,2,2,2,2,19,19,19,19,2,30,2,2,31,32,2,2,2,2,2,19,2,33,34,2,2,2,2,2,2,2,35,36,37,38,39,2,2,2,2,40,41,42,2,2,2,43,2,2,2,2,2,2,2,2,2,2,44,45,2,2,2,2,17,46,47,17,17,17,17,17,48,49,50,51,52,53,54,55","0.00282597541809082","infomap","edit-xhwikibooks.graphml"
"0.51","0.44","0.05","0.564911255181209","1,2,1,3,4,5,6,7,8,9,10,11,12,13,13,14,15,16,17,18,2,19,20,21,13,13,13,22,23,24,25,26,27,28,17,17,13,29,2,2,2,2,19,19,19,19,2,19,19,19,2,2,2,2,2,19,19,19,19,2,30,2,2,31,32,2,2,2,2,2,19,2,33,34,2,2,2,2,2,2,2,35,36,37,38,39,2,2,2,2,40,41,42,2,2,2,43,2,2,2,2,2,2,2,2,2,2,44,45,2,2,2,2,17,46,47,17,17,17,17,17,48,49,50,51,52,53,54,55","0.00368404388427734","infomap","edit-xhwikibooks.graphml"
"0.5","0.45","0.05","0.571454602249063","1,2,1,3,4,5,6,7,8,9,10,11,12,13,13,14,15,16,17,18,2,19,20,21,13,13,13,22,23,24,25,26,27,28,17,17,13,29,2,2,2,2,19,19,19,19,2,19,19,19,2,2,2,2,2,19,19,19,19,2,30,2,2,31,32,2,2,2,2,2,19,2,33,34,2,2,2,2,2,2,2,35,36,37,38,39,2,2,2,2,40,41,42,2,2,2,43,2,2,2,2,2,2,2,2,2,2,44,45,2,2,2,2,17,46,47,17,17,17,17,17,48,49,50,51,52,53,54,55","0.00455403327941895","infomap","edit-xhwikibooks.graphml"
"0.49","0.46","0.05","0.56606622240733","1,2,1,3,4,5,6,7,8,9,10,11,12,13,13,14,15,16,17,18,2,19,20,21,13,13,13,22,23,24,25,26,27,28,17,17,13,29,2,2,2,2,19,19,19,19,2,19,19,19,2,2,2,2,2,19,19,19,19,2,30,2,2,31,32,2,2,2,2,2,19,2,33,34,2,2,2,2,2,2,2,35,36,37,38,39,2,2,2,2,40,41,42,2,2,2,43,2,2,2,2,2,2,2,2,2,2,44,45,2,2,2,2,17,46,47,17,17,17,17,17,48,49,50,51,52,53,54,55","0.00433182716369629","infomap","edit-xhwikibooks.graphml"
"0.48","0.47","0.05","0.569455538663712","1,2,1,3,4,5,6,7,8,9,10,11,12,13,13,14,15,16,17,18,2,19,20,21,13,13,13,22,23,24,25,26,27,28,17,17,13,29,2,2,2,2,19,19,19,19,2,19,19,19,2,2,2,2,2,19,19,19,19,2,30,2,2,31,32,2,2,2,2,2,19,2,33,34,2,2,2,2,2,2,2,35,36,37,38,39,2,2,2,2,40,41,42,2,2,2,43,2,2,2,2,2,2,2,2,2,2,44,45,2,2,2,2,17,46,47,17,17,17,17,17,48,49,50,51,52,53,54,55","0.00389599800109863","infomap","edit-xhwikibooks.graphml"
"0.47","0.48","0.05","0.567467605346393","1,2,1,3,4,5,6,7,8,9,10,11,12,13,13,14,15,16,17,18,2,19,20,21,13,13,13,22,23,24,25,26,27,28,17,17,13,29,2,2,2,2,19,19,19,19,2,19,19,19,2,2,2,2,2,19,19,19,19,2,30,2,2,31,32,2,2,2,2,2,19,2,33,34,2,2,2,2,2,2,2,35,36,37,38,39,2,2,2,2,40,41,42,2,2,2,43,2,2,2,2,2,2,2,2,2,2,44,45,2,2,2,2,17,46,47,17,17,17,17,17,48,49,50,51,52,53,54,55","0.00279903411865234","infomap","edit-xhwikibooks.graphml"
"0.46","0.49","0.05","0.567467605346393","1,2,1,3,4,5,6,7,8,9,10,11,12,13,13,14,15,16,17,18,2,19,20,21,13,13,13,22,23,24,25,26,27,28,17,17,13,29,2,2,2,2,19,19,19,19,2,19,19,19,2,2,2,2,2,19,19,19,19,2,30,2,2,31,32,2,2,2,2,2,19,2,33,34,2,2,2,2,2,2,2,35,36,37,38,39,2,2,2,2,40,41,42,2,2,2,43,2,2,2,2,2,2,2,2,2,2,44,45,2,2,2,2,17,46,47,17,17,17,17,17,48,49,50,51,52,53,54,55","0.00282192230224609","infomap","edit-xhwikibooks.graphml"
"0.45","0.5","0.05","0.647191315686972","1,2,1,3,4,5,6,7,8,9,10,11,12,12,12,13,14,15,16,17,2,18,19,7,12,12,12,20,21,22,23,24,25,26,16,27,12,28,2,2,2,2,18,18,18,18,2,18,18,18,2,2,2,2,2,18,18,18,18,2,29,2,2,30,31,2,2,2,2,2,18,2,32,33,2,2,2,2,2,2,2,34,35,36,37,38,2,2,2,2,39,40,41,2,2,2,42,2,2,2,2,2,2,2,2,2,2,43,44,2,2,2,2,27,45,46,27,27,27,27,27,47,48,49,50,51,52,53,54","0.00501799583435059","infomap","edit-xhwikibooks.graphml"
"0.44","0.51","0.05","0.640434027777778","1,2,1,3,4,5,6,7,8,9,10,11,12,12,12,13,14,15,16,17,2,18,19,7,20,20,20,21,22,23,24,25,26,27,28,12,12,29,2,2,2,2,18,18,18,18,2,18,18,18,2,2,2,2,2,18,18,18,18,2,30,2,2,31,32,2,2,2,2,2,18,2,33,34,2,2,2,2,2,2,2,35,36,37,38,39,2,2,2,2,40,41,42,2,2,2,43,2,2,2,2,2,2,2,2,2,2,44,45,2,2,2,2,28,46,47,28,28,28,28,28,48,49,50,51,52,53,54,55","0.00470590591430664","infomap","edit-xhwikibooks.graphml"
"0.43","0.52","0.05","0.640434027777778","1,2,1,3,4,5,6,7,8,9,10,11,12,12,12,13,14,15,16,17,2,18,19,7,20,20,20,21,22,23,24,25,26,27,28,12,12,29,2,2,2,2,18,18,18,18,2,18,18,18,2,2,2,2,2,18,18,18,18,2,30,2,2,31,32,2,2,2,2,2,18,2,33,34,2,2,2,2,2,2,2,35,36,37,38,39,2,2,2,2,40,41,42,2,2,2,43,2,2,2,2,2,2,2,2,2,2,44,45,2,2,2,2,28,46,47,28,28,28,28,28,48,49,50,51,52,53,54,55","0.0049431324005127","infomap","edit-xhwikibooks.graphml"
"0.42","0.53","0.05","0.638883628036707","1,2,1,3,4,5,6,7,8,9,10,11,12,12,12,13,14,15,16,17,2,18,19,7,20,20,20,21,22,23,24,25,26,27,28,12,12,29,2,2,2,2,18,18,18,18,2,18,18,18,2,2,2,2,2,18,18,18,18,2,30,2,2,31,32,2,2,2,2,2,18,2,33,34,2,2,2,2,2,2,2,35,36,37,38,39,2,2,2,2,40,41,42,2,2,2,43,2,2,2,2,2,2,2,2,2,2,44,45,2,2,2,2,28,46,47,28,28,28,28,28,48,49,50,51,52,53,54,55","0.00542783737182617","infomap","edit-xhwikibooks.graphml"
"0.41","0.54","0.05","0.641008127860118","1,2,1,3,4,5,6,7,8,9,10,11,12,12,12,13,14,15,16,17,2,18,19,7,20,20,20,21,22,23,24,25,26,27,28,12,12,29,2,2,2,2,18,18,18,18,2,18,18,18,2,2,2,2,2,18,18,18,18,2,30,2,2,31,32,2,2,2,2,2,18,2,33,34,2,2,2,2,2,2,2,35,36,37,38,39,2,2,2,2,40,41,42,2,2,2,43,2,2,2,2,2,2,2,2,2,2,44,45,2,2,2,2,28,46,47,28,28,28,28,28,48,49,50,51,52,53,54,55","0.00424790382385254","infomap","edit-xhwikibooks.graphml"
"0.4","0.55","0.05","0.639468915646327","1,2,1,3,4,5,6,7,8,9,10,11,12,12,12,13,14,15,16,17,2,18,19,7,20,20,20,21,22,23,24,25,26,27,28,12,12,29,2,2,2,2,18,18,18,18,2,18,18,18,2,2,2,2,2,18,18,18,18,2,30,2,2,31,32,2,2,2,2,2,18,2,33,34,2,2,2,2,2,2,2,35,36,37,38,39,2,2,2,2,40,41,42,2,2,2,43,2,2,2,2,2,2,2,2,2,2,44,45,2,2,2,2,28,46,47,28,28,28,28,28,48,49,50,51,52,53,54,55","0.00415897369384766","infomap","edit-xhwikibooks.graphml"
"0.39","0.56","0.05","0.658012836796559","1,1,1,2,3,4,5,6,7,8,9,10,11,11,11,12,13,14,15,16,17,18,19,6,20,20,20,21,22,23,24,25,26,27,28,29,11,30,17,17,17,17,18,18,18,18,17,18,18,18,17,17,17,17,17,18,18,18,18,17,31,17,17,32,33,17,17,17,17,17,18,17,34,35,17,17,17,17,17,17,17,36,37,38,39,40,17,17,17,17,41,42,43,17,17,17,44,17,17,17,17,17,17,17,17,17,17,45,46,17,17,17,17,28,47,48,28,28,28,28,28,49,50,51,52,53,54,55,56","0.00626897811889648","infomap","edit-xhwikibooks.graphml"
"0.38","0.57","0.05","0.65647675356087","1,1,1,2,3,4,5,6,7,8,9,10,11,11,11,12,13,14,15,16,17,18,19,6,20,20,20,21,22,23,24,25,26,27,28,29,11,30,17,17,17,17,18,18,18,18,17,18,18,18,17,17,17,17,17,18,18,18,18,17,31,17,17,32,33,17,17,17,17,17,18,17,34,35,17,17,17,17,17,17,17,36,37,38,39,40,17,17,17,17,41,42,43,17,17,17,44,17,17,17,17,17,17,17,17,17,17,45,46,17,17,17,17,28,47,48,28,28,28,28,28,49,50,51,52,53,54,55,56","0.00608086585998535","infomap","edit-xhwikibooks.graphml"
"0.37","0.58","0.05","0.660833498578888","1,1,1,2,3,4,5,6,7,8,9,10,11,11,11,12,13,14,15,16,17,18,19,6,20,20,20,21,22,23,24,25,26,27,28,29,11,30,17,17,17,17,18,18,18,18,17,18,18,18,17,17,17,17,17,18,18,18,18,17,31,17,17,32,33,17,17,17,17,17,18,17,34,35,17,17,17,17,17,17,17,36,37,38,39,40,17,17,17,17,41,42,43,17,17,17,44,17,17,17,17,17,17,17,17,17,17,45,46,17,17,17,17,28,47,48,28,28,28,28,28,49,50,51,52,53,54,55,56","0.00601410865783691","infomap","edit-xhwikibooks.graphml"
"0.36","0.59","0.05","0.659312560441902","1,1,1,2,3,4,5,6,7,8,9,10,11,11,11,12,13,14,15,16,17,18,19,6,20,20,20,21,22,23,24,25,26,27,28,29,11,30,17,17,17,17,18,18,18,18,17,18,18,18,17,17,17,17,17,18,18,18,18,17,31,17,17,32,33,17,17,17,17,17,18,17,34,35,17,17,17,17,17,17,17,36,37,38,39,40,17,17,17,17,41,42,43,17,17,17,44,17,17,17,17,17,17,17,17,17,17,45,46,17,17,17,17,28,47,48,28,28,28,28,28,49,50,51,52,53,54,55,56","0.00531911849975586","infomap","edit-xhwikibooks.graphml"
"0.35","0.6","0.05","0.665936","1,1,1,2,3,4,5,6,7,8,9,10,11,11,11,12,13,14,15,16,17,18,19,6,20,20,20,21,22,23,24,25,26,27,28,29,11,30,17,17,17,17,18,18,18,18,17,18,18,18,17,17,17,17,17,18,18,18,18,17,31,17,17,32,33,17,17,17,17,17,18,17,34,35,17,17,17,17,17,17,17,36,37,38,39,40,17,17,17,17,41,42,43,17,17,17,44,17,17,17,17,17,17,17,17,17,17,45,46,17,17,17,17,28,47,48,28,28,28,28,28,49,50,51,52,53,54,55,56","0.0061180591583252","infomap","edit-xhwikibooks.graphml"
"0.34","0.61","0.05","0.654810121878716","1,1,1,2,3,4,5,6,7,8,9,10,11,11,11,12,13,14,15,16,17,1,18,6,19,19,19,20,21,22,23,24,25,26,27,28,11,29,17,17,17,17,30,31,32,33,17,34,35,36,17,17,17,17,17,37,38,39,40,17,41,17,17,42,43,17,17,17,17,17,44,17,45,46,17,17,17,17,17,17,17,47,48,49,50,51,17,17,17,17,52,53,54,17,17,17,55,17,17,17,17,17,17,17,17,17,17,56,57,17,17,17,17,27,58,59,27,27,27,27,27,60,61,62,63,64,65,66,67","0.00381803512573242","infomap","edit-xhwikibooks.graphml"
"0.33","0.62","0.05","0.657029969238704","1,1,1,2,3,4,5,6,7,8,9,10,11,11,11,12,13,14,15,16,17,1,18,6,19,19,19,20,21,22,23,24,25,26,27,28,11,29,17,17,17,17,30,31,32,33,17,34,35,36,17,17,17,17,17,37,38,39,40,17,41,17,17,42,43,17,17,17,17,17,44,17,45,46,17,17,17,17,17,17,17,47,48,49,50,51,17,17,17,17,52,53,54,17,17,17,55,17,17,17,17,17,17,17,17,17,17,56,57,17,17,17,17,27,58,59,27,27,27,27,27,60,61,62,63,64,65,66,67","0.0039210319519043","infomap","edit-xhwikibooks.graphml"
"0.32","0.63","0.05","0.655279786690043","1,1,1,2,3,4,5,6,7,8,9,10,11,11,11,12,13,14,15,16,17,1,18,6,19,19,19,20,21,22,23,24,25,26,27,28,11,29,17,17,17,17,30,31,32,33,17,34,35,36,17,17,17,17,17,37,38,39,40,17,41,17,17,42,43,17,17,17,17,17,44,17,45,46,17,17,17,17,17,17,17,47,48,49,50,51,17,17,17,17,52,53,54,17,17,17,55,17,17,17,17,17,17,17,17,17,17,56,57,17,17,17,17,27,58,59,27,27,27,27,27,60,61,62,63,64,65,66,67","0.00301790237426758","infomap","edit-xhwikibooks.graphml"
"0.31","0.64","0.05","0.655279786690043","1,1,1,2,3,4,5,6,7,8,9,10,11,11,11,12,13,14,15,16,17,1,18,6,19,19,19,20,21,22,23,24,25,26,27,28,11,29,17,17,17,17,30,31,32,33,17,34,35,36,17,17,17,17,17,37,38,39,40,17,41,17,17,42,43,17,17,17,17,17,44,17,45,46,17,17,17,17,17,17,17,47,48,49,50,51,17,17,17,17,52,53,54,17,17,17,55,17,17,17,17,17,17,17,17,17,17,56,57,17,17,17,17,27,58,59,27,27,27,27,27,60,61,62,63,64,65,66,67","0.00374698638916016","infomap","edit-xhwikibooks.graphml"
"0.3","0.65","0.05","0.655711361677679","1,1,1,2,3,4,5,6,7,8,9,10,11,11,11,12,13,14,15,16,17,1,18,6,19,19,19,20,21,22,23,24,25,26,27,28,11,29,17,17,17,17,30,31,32,33,17,34,35,36,17,17,17,17,17,37,38,39,40,17,41,17,17,42,43,17,17,17,17,17,44,17,45,46,17,17,17,17,17,17,17,47,48,49,50,51,17,17,17,17,52,53,54,17,17,17,55,17,17,17,17,17,17,17,17,17,17,56,57,17,17,17,17,27,58,59,27,27,27,27,27,60,61,62,63,64,65,66,67","0.00392603874206543","infomap","edit-xhwikibooks.graphml"
"0.29","0.66","0.05","0.655711361677679","1,1,1,2,3,4,5,6,7,8,9,10,11,11,11,12,13,14,15,16,17,1,18,6,19,19,19,20,21,22,23,24,25,26,27,28,11,29,17,17,17,17,30,31,32,33,17,34,35,36,17,17,17,17,17,37,38,39,40,17,41,17,17,42,43,17,17,17,17,17,44,17,45,46,17,17,17,17,17,17,17,47,48,49,50,51,17,17,17,17,52,53,54,17,17,17,55,17,17,17,17,17,17,17,17,17,17,56,57,17,17,17,17,27,58,59,27,27,27,27,27,60,61,62,63,64,65,66,67","0.00424385070800781","infomap","edit-xhwikibooks.graphml"
"0.28","0.67","0.05","0.676782908207807","1,1,1,2,3,4,5,6,7,8,9,10,11,11,12,13,14,15,16,17,18,1,19,6,20,20,20,21,22,23,24,25,26,27,28,29,12,30,18,18,18,18,31,32,33,34,18,35,36,37,18,18,18,18,18,38,39,40,41,18,42,18,18,43,44,18,18,18,18,18,45,18,46,47,18,18,18,18,18,18,18,48,49,50,51,52,18,18,18,18,53,54,55,18,18,18,56,18,18,18,18,18,18,18,18,18,18,57,58,18,18,18,18,28,59,60,28,28,28,28,28,61,62,63,64,65,66,67,68","0.00308585166931152","infomap","edit-xhwikibooks.graphml"
"0.27","0.68","0.05","0.676782908207807","1,1,1,2,3,4,5,6,7,8,9,10,11,11,12,13,14,15,16,17,18,1,19,6,20,20,20,21,22,23,24,25,26,27,28,29,12,30,18,18,18,18,31,32,33,34,18,35,36,37,18,18,18,18,18,38,39,40,41,18,42,18,18,43,44,18,18,18,18,18,45,18,46,47,18,18,18,18,18,18,18,48,49,50,51,52,18,18,18,18,53,54,55,18,18,18,56,18,18,18,18,18,18,18,18,18,18,57,58,18,18,18,18,28,59,60,28,28,28,28,28,61,62,63,64,65,66,67,68","0.00373983383178711","infomap","edit-xhwikibooks.graphml"
"0.26","0.69","0.05","0.675170068027211","1,1,1,2,3,4,5,6,7,8,9,10,11,11,12,13,14,15,16,17,18,1,19,6,20,20,20,21,22,23,24,25,26,27,28,29,12,30,18,18,18,18,31,32,33,34,18,35,36,37,18,18,18,18,18,38,39,40,41,18,42,18,18,43,44,18,18,18,18,18,45,18,46,47,18,18,18,18,18,18,18,48,49,50,51,52,18,18,18,18,53,54,55,18,18,18,56,18,18,18,18,18,18,18,18,18,18,57,58,18,18,18,18,28,59,60,28,28,28,28,28,61,62,63,64,65,66,67,68","0.00312113761901855","infomap","edit-xhwikibooks.graphml"
"0.25","0.7","0.05","0.676998547079317","1,1,1,2,3,4,5,6,7,8,9,10,11,11,12,13,14,15,16,17,18,1,19,6,20,20,20,21,22,23,24,25,26,27,28,29,12,30,18,18,18,18,31,32,33,34,18,35,36,37,18,18,18,18,18,38,39,40,41,18,42,18,18,43,44,18,18,18,18,18,45,18,46,47,18,18,18,18,18,18,18,48,49,50,51,52,18,18,18,18,53,54,55,18,18,18,56,18,18,18,18,18,18,18,18,18,18,57,58,18,18,18,18,28,59,60,28,28,28,28,28,61,62,63,64,65,66,67,68","0.00317883491516113","infomap","edit-xhwikibooks.graphml"
"0.24","0.71","0.05","0.692389647429068","1,1,1,2,3,4,5,6,7,8,9,10,11,11,11,12,13,14,15,16,17,1,18,6,19,19,19,20,21,22,23,24,25,26,27,27,28,29,17,17,17,17,30,31,32,33,17,34,35,36,17,17,17,17,17,37,38,39,40,17,41,17,17,42,43,17,17,17,17,17,44,17,45,46,17,17,17,17,17,17,17,47,48,49,50,51,17,17,17,17,52,53,54,17,17,17,55,17,17,17,17,17,17,17,17,17,17,56,57,17,17,17,17,58,59,60,58,58,58,58,58,61,62,63,64,65,66,67,68","0.00304198265075684","infomap","edit-xhwikibooks.graphml"
"0.23","0.72","0.05","0.696375864905405","1,1,1,2,3,4,5,6,7,8,9,10,11,11,11,12,13,14,15,16,17,1,18,6,19,19,19,20,21,22,23,24,25,26,27,27,28,29,17,17,17,17,30,31,32,33,17,34,35,36,17,17,17,17,17,37,38,39,40,17,41,17,17,42,43,17,17,17,17,17,44,17,45,46,17,17,17,17,17,17,17,47,48,49,50,51,17,17,17,17,52,53,54,17,17,17,55,17,17,17,17,17,17,17,17,17,17,56,57,17,17,17,17,58,59,60,58,58,58,58,58,61,62,63,64,65,66,67,68","0.00286197662353516","infomap","edit-xhwikibooks.graphml"
"0.22","0.73","0.05","0.694592","1,1,1,2,3,4,5,6,7,8,9,10,11,11,11,12,13,14,15,16,17,1,18,6,19,19,19,20,21,22,23,24,25,26,27,27,28,29,17,17,17,17,30,31,32,33,17,34,35,36,17,17,17,17,17,37,38,39,40,17,41,17,17,42,43,17,17,17,17,17,44,17,45,46,17,17,17,17,17,17,17,47,48,49,50,51,17,17,17,17,52,53,54,17,17,17,55,17,17,17,17,17,17,17,17,17,17,56,57,17,17,17,17,58,59,60,58,58,58,58,58,61,62,63,64,65,66,67,68","0.00290298461914062","infomap","edit-xhwikibooks.graphml"
"0.21","0.74","0.05","0.694592","1,1,1,2,3,4,5,6,7,8,9,10,11,11,11,12,13,14,15,16,17,1,18,6,19,19,19,20,21,22,23,24,25,26,27,27,28,29,17,17,17,17,30,31,32,33,17,34,35,36,17,17,17,17,17,37,38,39,40,17,41,17,17,42,43,17,17,17,17,17,44,17,45,46,17,17,17,17,17,17,17,47,48,49,50,51,17,17,17,17,52,53,54,17,17,17,55,17,17,17,17,17,17,17,17,17,17,56,57,17,17,17,17,58,59,60,58,58,58,58,58,61,62,63,64,65,66,67,68","0.00287103652954102","infomap","edit-xhwikibooks.graphml"
"0.2","0.75","0.05","0.699392398784797","1,1,1,2,3,4,5,6,7,8,9,10,11,11,11,12,13,14,15,16,17,1,18,6,19,19,19,20,21,22,23,24,25,26,27,27,28,29,17,17,17,17,30,31,32,33,17,34,35,36,17,17,17,17,17,37,38,39,40,17,41,17,17,42,43,17,17,17,17,17,44,17,45,46,17,17,17,17,17,17,17,47,48,49,50,51,17,17,17,17,52,53,54,17,17,17,55,17,17,17,17,17,17,17,17,17,17,56,57,17,17,17,17,58,59,60,58,58,58,58,58,61,62,63,64,65,66,67,68","0.00294399261474609","infomap","edit-xhwikibooks.graphml"
"0.19","0.76","0.05","0.699392398784797","1,1,1,2,3,4,5,6,7,8,9,10,11,11,11,12,13,14,15,16,17,1,18,6,19,19,19,20,21,22,23,24,25,26,27,27,28,29,17,17,17,17,30,31,32,33,17,34,35,36,17,17,17,17,17,37,38,39,40,17,41,17,17,42,43,17,17,17,17,17,44,17,45,46,17,17,17,17,17,17,17,47,48,49,50,51,17,17,17,17,52,53,54,17,17,17,55,17,17,17,17,17,17,17,17,17,17,56,57,17,17,17,17,58,59,60,58,58,58,58,58,61,62,63,64,65,66,67,68","0.00304913520812988","infomap","edit-xhwikibooks.graphml"
"0.18","0.77","0.05","0.701084198385236","1,1,1,2,3,4,5,6,7,8,9,10,11,11,11,12,13,14,15,16,17,1,18,6,19,19,19,20,21,22,23,24,25,26,27,27,28,29,17,17,17,17,30,31,32,33,17,34,35,36,17,17,17,17,17,37,38,39,40,17,41,17,17,42,43,17,17,17,17,17,44,17,45,46,17,17,17,17,17,17,17,47,48,49,50,51,17,17,17,17,52,53,54,17,17,17,55,17,17,17,17,17,17,17,17,17,17,56,57,17,17,17,17,58,59,60,58,58,58,58,58,61,62,63,64,65,66,67,68","0.00288009643554688","infomap","edit-xhwikibooks.graphml"
"0.17","0.78","0.05","0.70326302505859","1,1,1,2,3,4,5,6,7,8,9,10,11,11,11,12,13,14,15,16,17,1,18,6,19,19,19,20,21,22,23,24,25,26,27,27,28,29,17,17,17,17,30,31,32,33,17,34,35,36,17,17,17,17,17,37,38,39,40,17,41,17,17,42,43,17,17,17,17,17,44,17,45,46,17,17,17,17,17,17,17,47,48,49,50,51,17,17,17,17,52,53,54,17,17,17,55,17,17,17,17,17,17,17,17,17,17,56,57,17,17,17,17,58,59,60,58,58,58,58,58,61,62,63,64,65,66,67,68","0.00281882286071777","infomap","edit-xhwikibooks.graphml"
"0.16","0.79","0.05","0.704879175921647","1,1,1,2,3,4,5,6,7,8,9,10,11,11,11,12,13,14,15,16,17,1,18,6,19,19,19,20,21,22,23,24,25,26,27,27,28,29,17,17,17,17,30,31,32,33,17,34,35,36,17,17,17,17,17,37,38,39,40,17,41,17,17,42,43,17,17,17,17,17,44,17,45,46,17,17,17,17,17,17,17,47,48,49,50,51,17,17,17,17,52,53,54,17,17,17,55,17,17,17,17,17,17,17,17,17,17,56,57,17,17,17,17,58,59,60,58,58,58,58,58,61,62,63,64,65,66,67,68","0.00290894508361816","infomap","edit-xhwikibooks.graphml"
"0.15","0.8","0.05","0.707126624322592","1,1,1,2,3,4,5,6,7,8,9,10,11,11,11,12,13,14,15,16,17,1,18,6,19,19,19,20,21,22,23,24,25,26,27,27,28,29,17,17,17,17,30,31,32,33,17,34,35,36,17,17,17,17,17,37,38,39,40,17,41,17,17,42,43,17,17,17,17,17,44,17,45,46,17,17,17,17,17,17,17,47,48,49,50,51,17,17,17,17,52,53,54,17,17,17,55,17,17,17,17,17,17,17,17,17,17,56,57,17,17,17,17,58,59,60,58,58,58,58,58,61,62,63,64,65,66,67,68","0.00301003456115723","infomap","edit-xhwikibooks.graphml"
"0.14","0.81","0.05","0.708768221253358","1,1,1,2,3,4,5,6,7,8,9,10,11,11,11,12,13,14,15,16,17,18,19,6,20,20,20,21,22,23,24,25,26,27,28,28,29,30,17,17,17,17,31,32,33,34,17,35,36,37,17,17,17,17,17,38,39,40,41,17,42,17,17,43,44,17,17,17,17,17,45,17,46,47,17,17,17,17,17,17,17,48,49,50,51,52,17,17,17,17,53,54,55,17,17,17,56,17,17,17,17,17,17,17,17,17,17,57,58,17,17,17,17,59,60,61,59,59,59,59,59,62,63,64,65,66,67,68,69","0.00287294387817383","infomap","edit-xhwikibooks.graphml"
"0.13","0.82","0.05","0.707039216828856","1,1,1,2,3,4,5,6,7,8,9,10,11,11,11,12,13,14,15,16,17,18,19,6,20,20,20,21,22,23,24,25,26,27,28,28,29,30,17,17,17,17,31,32,33,34,17,35,36,37,17,17,17,17,17,38,39,40,41,17,42,17,17,43,44,17,17,17,17,17,45,17,46,47,17,17,17,17,17,17,17,48,49,50,51,52,17,17,17,17,53,54,55,17,17,17,56,17,17,17,17,17,17,17,17,17,17,57,58,17,17,17,17,59,60,61,59,59,59,59,59,62,63,64,65,66,67,68,69","0.0245559215545654","infomap","edit-xhwikibooks.graphml"
"0.12","0.83","0.05","0.707039216828856","1,1,1,2,3,4,5,6,7,8,9,10,11,11,11,12,13,14,15,16,17,18,19,6,20,20,20,21,22,23,24,25,26,27,28,28,29,30,17,17,17,17,31,32,33,34,17,35,36,37,17,17,17,17,17,38,39,40,41,17,42,17,17,43,44,17,17,17,17,17,45,17,46,47,17,17,17,17,17,17,17,48,49,50,51,52,17,17,17,17,53,54,55,17,17,17,56,17,17,17,17,17,17,17,17,17,17,57,58,17,17,17,17,59,60,61,59,59,59,59,59,62,63,64,65,66,67,68,69","0.00272083282470703","infomap","edit-xhwikibooks.graphml"
"0.11","0.84","0.05","0.707042011019284","1,1,1,2,3,4,5,6,7,8,9,10,11,11,11,12,13,14,15,16,17,18,19,6,20,20,20,21,22,23,24,25,26,27,28,28,29,30,17,17,17,17,31,32,33,34,17,35,36,37,17,17,17,17,17,38,39,40,41,17,42,17,17,43,44,17,17,17,17,17,45,17,46,47,17,17,17,17,17,17,17,48,49,50,51,52,17,17,17,17,53,54,55,17,17,17,56,17,17,17,17,17,17,17,17,17,17,57,58,17,17,17,17,59,60,61,59,59,59,59,59,62,63,64,65,66,67,68,69","0.0026710033416748","infomap","edit-xhwikibooks.graphml"
"0.1","0.85","0.05","0.708921324314703","1,1,1,2,3,4,5,6,7,8,9,10,11,11,11,12,13,14,15,16,17,18,19,6,20,20,20,21,22,23,24,25,26,27,28,28,29,30,17,17,17,17,31,32,33,34,17,35,36,37,17,17,17,17,17,38,39,40,41,17,42,17,17,43,44,17,17,17,17,17,45,17,46,47,17,17,17,17,17,17,17,48,49,50,51,52,17,17,17,17,53,54,55,17,17,17,56,17,17,17,17,17,17,17,17,17,17,57,58,17,17,17,17,59,60,61,59,59,59,59,59,62,63,64,65,66,67,68,69","0.00242996215820312","infomap","edit-xhwikibooks.graphml"
"0.09","0.86","0.05","0.710625974604589","1,1,1,2,3,4,5,6,7,8,9,10,11,11,11,12,13,14,15,16,17,18,19,6,20,20,20,21,22,23,24,25,26,27,28,28,29,30,17,17,17,17,31,32,33,34,17,35,36,37,17,17,17,17,17,38,39,40,41,17,42,17,17,43,44,17,17,17,17,17,45,17,46,47,17,17,17,17,17,17,17,48,49,50,51,52,17,17,17,17,53,54,55,17,17,17,56,17,17,17,17,17,17,17,17,17,17,57,58,17,17,17,17,59,60,61,59,59,59,59,59,62,63,64,65,66,67,68,69","0.00246810913085938","infomap","edit-xhwikibooks.graphml"
"0.08","0.87","0.05","0.710625974604589","1,1,1,2,3,4,5,6,7,8,9,10,11,11,11,12,13,14,15,16,17,18,19,6,20,20,20,21,22,23,24,25,26,27,28,28,29,30,17,17,17,17,31,32,33,34,17,35,36,37,17,17,17,17,17,38,39,40,41,17,42,17,17,43,44,17,17,17,17,17,45,17,46,47,17,17,17,17,17,17,17,48,49,50,51,52,17,17,17,17,53,54,55,17,17,17,56,17,17,17,17,17,17,17,17,17,17,57,58,17,17,17,17,59,60,61,59,59,59,59,59,62,63,64,65,66,67,68,69","0.00249910354614258","infomap","edit-xhwikibooks.graphml"
"0.07","0.88","0.05","0.708945426403726","1,1,1,2,3,4,5,6,7,8,9,10,11,11,11,12,13,14,15,16,17,18,19,6,20,20,20,21,22,23,24,25,26,27,28,28,29,30,17,17,17,17,31,32,33,34,17,35,36,37,17,17,17,17,17,38,39,40,41,17,42,17,17,43,44,17,17,17,17,17,45,17,46,47,17,17,17,17,17,17,17,48,49,50,51,52,17,17,17,17,53,54,55,17,17,17,56,17,17,17,17,17,17,17,17,17,17,57,58,17,17,17,17,59,60,61,59,59,59,59,59,62,63,64,65,66,67,68,69","0.00261116027832031","infomap","edit-xhwikibooks.graphml"
"0.06","0.89","0.05","0.712463065590065","1,1,1,2,3,4,5,6,7,8,9,10,11,11,11,12,13,14,15,16,17,18,19,6,20,20,20,21,22,23,24,25,26,27,28,28,29,30,17,17,17,17,31,32,33,34,17,35,36,37,17,17,17,17,17,38,39,40,41,17,42,17,17,43,44,17,17,17,17,17,45,17,46,47,17,17,17,17,17,17,17,48,49,50,51,52,17,17,17,17,53,54,55,17,17,17,56,17,17,17,17,17,17,17,17,17,17,57,58,17,17,17,17,59,60,61,59,59,59,59,59,62,63,64,65,66,67,68,69","0.00251293182373047","infomap","edit-xhwikibooks.graphml"
"0.05","0.9","0.05","0.712581679614647","1,1,1,2,3,4,5,6,7,8,9,10,11,11,11,12,13,14,15,16,17,18,19,6,20,20,20,21,22,23,24,25,26,27,28,28,29,30,17,17,17,17,31,32,33,34,17,35,36,37,17,17,17,17,17,38,39,40,41,17,42,17,17,43,44,17,17,17,17,17,45,17,46,47,17,17,17,17,17,17,17,48,49,50,51,52,17,17,17,17,53,54,55,17,17,17,56,17,17,17,17,17,17,17,17,17,17,57,58,17,17,17,17,59,60,61,59,59,59,59,59,62,63,64,65,66,67,68,69","0.00261712074279785","infomap","edit-xhwikibooks.graphml"
"0.04","0.91","0.05","0.712581679614647","1,1,1,2,3,4,5,6,7,8,9,10,11,11,11,12,13,14,15,16,17,18,19,6,20,20,20,21,22,23,24,25,26,27,28,28,29,30,17,17,17,17,31,32,33,34,17,35,36,37,17,17,17,17,17,38,39,40,41,17,42,17,17,43,44,17,17,17,17,17,45,17,46,47,17,17,17,17,17,17,17,48,49,50,51,52,17,17,17,17,53,54,55,17,17,17,56,17,17,17,17,17,17,17,17,17,17,57,58,17,17,17,17,59,60,61,59,59,59,59,59,62,63,64,65,66,67,68,69","0.0025179386138916","infomap","edit-xhwikibooks.graphml"
"0.03","0.92","0.05","0.71093292130641","1,1,1,2,3,4,5,6,7,8,9,10,11,11,11,12,13,14,15,16,17,18,19,6,20,20,20,21,22,23,24,25,26,27,28,28,29,30,17,17,17,17,31,32,33,34,17,35,36,37,17,17,17,17,17,38,39,40,41,17,42,17,17,43,44,17,17,17,17,17,45,17,46,47,17,17,17,17,17,17,17,48,49,50,51,52,17,17,17,17,53,54,55,17,17,17,56,17,17,17,17,17,17,17,17,17,17,57,58,17,17,17,17,59,60,61,59,59,59,59,59,62,63,64,65,66,67,68,69","0.00256896018981934","infomap","edit-xhwikibooks.graphml"
"0.02","0.93","0.05","0.712700826446281","1,1,1,2,3,4,5,6,7,8,9,10,11,11,11,12,13,14,15,16,17,18,19,6,20,20,20,21,22,23,24,25,26,27,28,28,29,30,17,17,17,17,31,32,33,34,17,35,36,37,17,17,17,17,17,38,39,40,41,17,42,17,17,43,44,17,17,17,17,17,45,17,46,47,17,17,17,17,17,17,17,48,49,50,51,52,17,17,17,17,53,54,55,17,17,17,56,17,17,17,17,17,17,17,17,17,17,57,58,17,17,17,17,59,60,61,59,59,59,59,59,62,63,64,65,66,67,68,69","0.00255680084228516","infomap","edit-xhwikibooks.graphml"
"0.01","0.94","0.05","0.711063852131905","1,1,1,2,3,4,5,6,7,8,9,10,11,11,11,12,13,14,15,16,17,18,19,6,20,20,20,21,22,23,24,25,26,27,28,28,29,30,17,17,17,17,31,32,33,34,17,35,36,37,17,17,17,17,17,38,39,40,41,17,42,17,17,43,44,17,17,17,17,17,45,17,46,47,17,17,17,17,17,17,17,48,49,50,51,52,17,17,17,17,53,54,55,17,17,17,56,17,17,17,17,17,17,17,17,17,17,57,58,17,17,17,17,59,60,61,59,59,59,59,59,62,63,64,65,66,67,68,69","0.0025789737701416","infomap","edit-xhwikibooks.graphml"
"0","0.95","0.05","0.704310204897052","1,1,1,1,1,2,3,1,4,5,6,7,8,8,8,9,10,11,12,13,14,1,15,1,16,16,16,17,1,18,19,20,21,22,23,23,24,25,14,14,14,14,26,27,28,29,14,30,31,32,14,14,14,14,14,33,34,35,36,14,37,14,14,38,39,14,14,14,14,14,40,14,41,42,14,14,14,14,14,14,14,43,44,45,46,47,14,14,14,14,48,49,50,14,14,14,51,14,14,14,14,14,14,14,14,14,14,52,53,14,14,14,14,54,55,56,54,54,54,54,54,57,58,59,60,61,62,63,64","0.00286102294921875","infomap","edit-xhwikibooks.graphml"
"0.94","0","0.06","0.509577360355907","1,2,1,1,1,2,1,2,3,4,5,6,7,3,3,8,4,5,5,6,2,9,7,7,3,3,3,8,10,4,5,5,6,6,11,11,12,3,2,2,2,2,9,9,9,9,2,9,9,9,2,2,2,2,2,9,9,9,9,2,7,2,2,7,3,2,2,2,2,2,9,2,3,3,2,2,2,2,2,2,2,3,8,8,8,10,2,2,2,2,4,5,5,2,2,2,8,2,2,2,2,2,2,2,2,2,2,6,6,2,2,2,2,11,11,11,11,11,11,11,11,12,12,12,12,12,12,12,12","0.01190185546875","infomap","edit-xhwikibooks.graphml"
"0.93","0.01","0.06","0.509577360355907","1,2,1,1,1,2,1,2,3,4,5,6,7,3,3,8,4,5,5,6,2,9,7,7,3,3,3,8,10,4,5,5,6,6,11,11,12,3,2,2,2,2,9,9,9,9,2,9,9,9,2,2,2,2,2,9,9,9,9,2,7,2,2,7,3,2,2,2,2,2,9,2,3,3,2,2,2,2,2,2,2,3,8,8,8,10,2,2,2,2,4,5,5,2,2,2,8,2,2,2,2,2,2,2,2,2,2,6,6,2,2,2,2,11,11,11,11,11,11,11,11,12,12,12,12,12,12,12,12","0.0121939182281494","infomap","edit-xhwikibooks.graphml"
"0.92","0.02","0.06","0.509577360355907","1,2,1,1,1,2,1,2,3,4,5,6,7,3,3,8,4,5,5,6,2,9,7,7,3,3,3,8,10,4,5,5,6,6,11,11,12,3,2,2,2,2,9,9,9,9,2,9,9,9,2,2,2,2,2,9,9,9,9,2,7,2,2,7,3,2,2,2,2,2,9,2,3,3,2,2,2,2,2,2,2,3,8,8,8,10,2,2,2,2,4,5,5,2,2,2,8,2,2,2,2,2,2,2,2,2,2,6,6,2,2,2,2,11,11,11,11,11,11,11,11,12,12,12,12,12,12,12,12","0.0184388160705566","infomap","edit-xhwikibooks.graphml"
"0.91","0.03","0.06","0.508053080303216","1,2,1,1,1,2,1,2,3,4,5,6,7,3,3,8,4,5,5,6,2,9,7,7,3,3,3,8,10,4,5,5,6,6,11,11,12,3,2,2,2,2,9,9,9,9,2,9,9,9,2,2,2,2,2,9,9,9,9,2,7,2,2,7,3,2,2,2,2,2,9,2,3,3,2,2,2,2,2,2,2,3,8,8,8,10,2,2,2,2,4,5,5,2,2,2,8,2,2,2,2,2,2,2,2,2,2,6,6,2,2,2,2,11,11,11,11,11,11,11,11,12,12,12,12,12,12,12,12","0.0145459175109863","infomap","edit-xhwikibooks.graphml"
"0.9","0.04","0.06","0.508053080303216","1,2,1,1,1,2,1,2,3,4,5,6,7,3,3,8,4,5,5,6,2,9,7,7,3,3,3,8,10,4,5,5,6,6,11,11,12,3,2,2,2,2,9,9,9,9,2,9,9,9,2,2,2,2,2,9,9,9,9,2,7,2,2,7,3,2,2,2,2,2,9,2,3,3,2,2,2,2,2,2,2,3,8,8,8,10,2,2,2,2,4,5,5,2,2,2,8,2,2,2,2,2,2,2,2,2,2,6,6,2,2,2,2,11,11,11,11,11,11,11,11,12,12,12,12,12,12,12,12","0.0121049880981445","infomap","edit-xhwikibooks.graphml"
"0.89","0.05","0.06","0.506536458333333","1,2,1,1,1,2,1,2,3,4,5,6,7,3,3,8,4,5,5,6,2,9,7,7,3,3,3,8,10,4,5,5,6,6,11,11,12,3,2,2,2,2,9,9,9,9,2,9,9,9,2,2,2,2,2,9,9,9,9,2,7,2,2,7,3,2,2,2,2,2,9,2,3,3,2,2,2,2,2,2,2,3,8,8,8,10,2,2,2,2,4,5,5,2,2,2,8,2,2,2,2,2,2,2,2,2,2,6,6,2,2,2,2,11,11,11,11,11,11,11,11,12,12,12,12,12,12,12,12","0.0122439861297607","infomap","edit-xhwikibooks.graphml"
"0.88","0.06","0.06","0.506536458333333","1,2,1,1,1,2,1,2,3,4,5,6,7,3,3,8,4,5,5,6,2,9,7,7,3,3,3,8,10,4,5,5,6,6,11,11,12,3,2,2,2,2,9,9,9,9,2,9,9,9,2,2,2,2,2,9,9,9,9,2,7,2,2,7,3,2,2,2,2,2,9,2,3,3,2,2,2,2,2,2,2,3,8,8,8,10,2,2,2,2,4,5,5,2,2,2,8,2,2,2,2,2,2,2,2,2,2,6,6,2,2,2,2,11,11,11,11,11,11,11,11,12,12,12,12,12,12,12,12","0.0119118690490723","infomap","edit-xhwikibooks.graphml"
"0.87","0.07","0.06","0.500832956088728","1,2,1,1,1,2,1,3,3,4,5,6,3,3,3,7,4,5,5,6,2,8,3,3,3,3,3,7,2,4,5,5,6,6,9,9,10,3,2,2,2,2,8,8,8,8,2,8,8,8,2,2,2,2,2,8,8,8,8,2,11,2,2,3,3,2,2,2,2,2,8,2,3,3,2,2,2,2,2,2,2,3,7,7,7,12,2,2,2,2,13,14,15,2,2,2,7,2,2,2,2,2,2,2,2,2,2,6,6,2,2,2,2,9,9,9,9,9,9,9,9,10,10,10,10,10,10,10,10","0.0110459327697754","infomap","edit-xhwikibooks.graphml"
"0.86","0.08","0.06","0.504336038494686","1,2,1,1,1,2,1,3,3,4,5,6,3,3,3,7,4,5,5,6,2,8,3,3,3,3,3,7,2,4,5,5,6,6,9,9,10,3,2,2,2,2,8,8,8,8,2,8,8,8,2,2,2,2,2,8,8,8,8,2,11,2,2,3,3,2,2,2,2,2,8,2,3,3,2,2,2,2,2,2,2,3,7,7,7,12,2,2,2,2,13,14,15,2,2,2,7,2,2,2,2,2,2,2,2,2,2,6,6,2,2,2,2,9,9,9,9,9,9,9,9,10,10,10,10,10,10,10,10","0.0115680694580078","infomap","edit-xhwikibooks.graphml"
"0.85","0.09","0.06","0.5028129395218","1,2,1,1,1,2,1,3,3,4,5,6,3,3,3,7,4,5,5,6,2,8,3,3,3,3,3,7,2,4,5,5,6,6,9,9,10,3,2,2,2,2,8,8,8,8,2,8,8,8,2,2,2,2,2,8,8,8,8,2,11,2,2,3,3,2,2,2,2,2,8,2,3,3,2,2,2,2,2,2,2,3,7,7,7,12,2,2,2,2,13,14,15,2,2,2,7,2,2,2,2,2,2,2,2,2,2,6,6,2,2,2,2,9,9,9,9,9,9,9,9,10,10,10,10,10,10,10,10","0.0110070705413818","infomap","edit-xhwikibooks.graphml"
"0.84","0.1","0.06","0.490528583382293","1,2,1,1,1,2,1,3,4,5,6,7,3,3,4,8,5,6,6,7,2,9,3,3,4,10,4,8,2,5,6,6,7,7,11,11,12,4,2,2,2,2,9,9,9,9,2,9,9,9,2,2,2,2,2,9,9,9,9,2,13,2,2,3,4,2,2,2,2,2,9,2,10,10,2,2,2,2,2,2,2,4,8,8,8,14,2,2,2,2,15,16,17,2,2,2,8,2,2,2,2,2,2,2,2,2,2,7,7,2,2,2,2,11,11,11,11,11,11,11,11,12,12,12,12,12,12,12,12","0.0111479759216309","infomap","edit-xhwikibooks.graphml"
"0.83","0.11","0.06","0.489539933620507","1,2,1,1,1,2,1,2,3,4,5,6,7,3,3,8,4,5,5,6,2,9,7,7,3,3,3,8,2,4,5,5,6,6,10,10,11,3,2,2,2,2,9,9,9,9,2,9,9,9,2,2,2,2,2,9,9,9,9,2,12,2,2,7,3,2,2,2,2,2,9,2,3,3,2,2,2,2,2,2,2,3,8,8,8,13,2,2,2,2,14,15,16,2,2,2,8,2,2,2,2,2,2,2,2,2,2,6,6,2,2,2,2,10,10,10,10,10,10,10,10,11,11,11,11,11,11,11,11","0.0113720893859863","infomap","edit-xhwikibooks.graphml"
"0.82","0.12","0.06","0.496640625","1,2,1,1,1,2,1,2,3,4,5,6,7,3,3,8,4,5,5,6,2,9,7,7,3,3,3,8,2,4,5,5,6,6,10,10,11,3,2,2,2,2,9,9,9,9,2,9,9,9,2,2,2,2,2,9,9,9,9,2,12,2,2,7,3,2,2,2,2,2,9,2,3,3,2,2,2,2,2,2,2,3,8,8,8,13,2,2,2,2,14,15,16,2,2,2,8,2,2,2,2,2,2,2,2,2,2,6,6,2,2,2,2,10,10,10,10,10,10,10,10,11,11,11,11,11,11,11,11","0.0111570358276367","infomap","edit-xhwikibooks.graphml"
"0.81","0.13","0.06","0.481081688873897","1,2,1,1,3,1,3,2,1,1,3,4,5,6,6,7,8,3,3,4,2,9,5,5,6,6,6,7,2,10,11,3,4,4,12,12,13,6,2,2,2,2,9,9,9,9,2,9,9,9,2,2,2,2,2,9,9,9,9,2,14,2,2,15,16,2,2,2,2,2,9,2,6,6,2,2,2,2,2,2,2,17,7,7,7,18,2,2,2,2,19,20,21,2,2,2,22,2,2,2,2,2,2,2,2,2,2,23,24,2,2,2,2,12,12,12,12,12,12,12,12,13,13,13,13,13,13,13,13","0.0067138671875","infomap","edit-xhwikibooks.graphml"
"0.8","0.14","0.06","0.498791252038005","1,2,1,1,3,1,3,4,1,1,3,5,4,4,4,6,7,3,3,5,2,8,4,4,4,4,4,6,2,9,10,3,5,5,11,11,12,4,2,2,2,2,8,8,8,8,2,8,8,8,2,2,2,2,2,8,8,8,8,2,13,2,2,14,15,2,2,2,2,2,8,2,4,4,2,2,2,2,2,2,2,16,6,6,6,17,2,2,2,2,18,19,20,2,2,2,21,2,2,2,2,2,2,2,2,2,2,22,23,2,2,2,2,11,11,11,11,11,11,11,11,12,12,12,12,12,12,12,12","0.00451111793518066","infomap","edit-xhwikibooks.graphml"
"0.79","0.15","0.06","0.486887281759077","1,2,1,1,3,1,3,2,1,1,3,4,5,6,6,7,8,3,3,4,2,9,5,5,6,6,6,7,2,10,11,3,4,4,12,12,13,6,2,2,2,2,9,9,9,9,2,9,9,9,2,2,2,2,2,9,9,9,9,2,14,2,2,15,16,2,2,2,2,2,9,2,6,6,2,2,2,2,2,2,2,17,7,7,7,18,2,2,2,2,19,20,21,2,2,2,22,2,2,2,2,2,2,2,2,2,2,23,24,2,2,2,2,12,12,12,12,12,12,12,12,13,13,13,13,13,13,13,13","0.00669503211975098","infomap","edit-xhwikibooks.graphml"
"0.78","0.16","0.06","0.490502489814396","1,2,1,1,3,1,3,2,1,1,3,4,5,6,6,7,8,3,3,4,2,9,5,5,6,6,6,7,2,10,11,3,4,4,12,12,13,6,2,2,2,2,9,9,9,9,2,9,9,9,2,2,2,2,2,9,9,9,9,2,14,2,2,15,16,2,2,2,2,2,9,2,6,6,2,2,2,2,2,2,2,17,7,7,7,18,2,2,2,2,19,20,21,2,2,2,22,2,2,2,2,2,2,2,2,2,2,23,24,2,2,2,2,12,12,12,12,12,12,12,12,13,13,13,13,13,13,13,13","0.00661492347717285","infomap","edit-xhwikibooks.graphml"
"0.77","0.17","0.06","0.492424647047304","1,2,1,1,3,1,3,2,1,1,3,4,5,6,6,7,8,3,3,4,2,9,5,5,6,6,6,7,2,10,11,3,4,4,12,12,13,6,2,2,2,2,9,9,9,9,2,9,9,9,2,2,2,2,2,9,9,9,9,2,14,2,2,15,16,2,2,2,2,2,9,2,6,6,2,2,2,2,2,2,2,17,7,7,7,18,2,2,2,2,19,20,21,2,2,2,22,2,2,2,2,2,2,2,2,2,2,23,24,2,2,2,2,12,12,12,12,12,12,12,12,13,13,13,13,13,13,13,13","0.00570106506347656","infomap","edit-xhwikibooks.graphml"
"0.76","0.18","0.06","0.50942690808097","1,2,1,1,3,1,3,4,1,1,3,5,4,4,4,6,7,3,3,5,2,8,4,4,4,4,4,6,2,9,10,3,5,5,11,11,12,4,2,2,2,2,8,8,8,8,2,8,8,8,2,2,2,2,2,8,8,8,8,2,13,2,2,14,15,2,2,2,2,2,8,2,4,4,2,2,2,2,2,2,2,16,6,6,6,17,2,2,2,2,18,19,20,2,2,2,21,2,2,2,2,2,2,2,2,2,2,22,23,2,2,2,2,11,11,11,11,11,11,11,11,12,12,12,12,12,12,12,12","0.00645303726196289","infomap","edit-xhwikibooks.graphml"
"0.75","0.19","0.06","0.46318024691358","1,2,1,3,4,3,5,6,3,3,5,7,6,6,6,3,8,9,5,10,2,11,12,6,6,6,6,3,2,13,14,15,10,16,17,17,18,6,2,2,2,2,11,11,11,11,2,11,11,11,2,2,2,2,2,11,11,11,11,2,19,2,2,20,21,2,2,2,2,2,11,2,22,23,2,2,2,2,2,2,2,24,25,26,27,28,2,2,2,2,29,30,31,2,2,2,32,2,2,2,2,2,2,2,2,2,2,33,34,2,2,2,2,17,17,17,17,17,17,17,17,18,18,18,18,18,18,18,18","0.00344109535217285","infomap","edit-xhwikibooks.graphml"
"0.74","0.2","0.06","0.471452968231481","1,2,1,3,4,3,5,6,3,3,5,7,6,6,6,3,8,9,5,10,2,11,12,6,6,6,6,3,2,13,14,15,10,16,17,17,18,6,2,2,2,2,11,11,11,11,2,11,11,11,2,2,2,2,2,11,11,11,11,2,19,2,2,20,21,2,2,2,2,2,11,2,22,23,2,2,2,2,2,2,2,24,25,26,27,28,2,2,2,2,29,30,31,2,2,2,32,2,2,2,2,2,2,2,2,2,2,33,34,2,2,2,2,17,17,17,17,17,17,17,17,18,18,18,18,18,18,18,18","0.00351214408874512","infomap","edit-xhwikibooks.graphml"
"0.73","0.21","0.06","0.469884964604494","1,2,1,3,4,3,5,6,3,3,5,7,6,6,6,3,8,9,5,10,2,11,12,6,6,6,6,3,2,13,14,15,10,16,17,17,18,6,2,2,2,2,11,11,11,11,2,11,11,11,2,2,2,2,2,11,11,11,11,2,19,2,2,20,21,2,2,2,2,2,11,2,22,23,2,2,2,2,2,2,2,24,25,26,27,28,2,2,2,2,29,30,31,2,2,2,32,2,2,2,2,2,2,2,2,2,2,33,34,2,2,2,2,17,17,17,17,17,17,17,17,18,18,18,18,18,18,18,18","0.00351905822753906","infomap","edit-xhwikibooks.graphml"
"0.72","0.22","0.06","0.469884964604494","1,2,1,3,4,3,5,6,3,3,5,7,6,6,6,3,8,9,5,10,2,11,12,6,6,6,6,3,2,13,14,15,10,16,17,17,18,6,2,2,2,2,11,11,11,11,2,11,11,11,2,2,2,2,2,11,11,11,11,2,19,2,2,20,21,2,2,2,2,2,11,2,22,23,2,2,2,2,2,2,2,24,25,26,27,28,2,2,2,2,29,30,31,2,2,2,32,2,2,2,2,2,2,2,2,2,2,33,34,2,2,2,2,17,17,17,17,17,17,17,17,18,18,18,18,18,18,18,18","0.00371694564819336","infomap","edit-xhwikibooks.graphml"
"0.71","0.23","0.06","0.476124885215794","1,2,1,3,4,3,5,6,3,3,5,7,6,6,6,3,8,9,5,10,2,11,12,6,6,6,6,3,2,13,14,15,10,16,17,17,18,6,2,2,2,2,11,11,11,11,2,11,11,11,2,2,2,2,2,11,11,11,11,2,19,2,2,20,21,2,2,2,2,2,11,2,22,23,2,2,2,2,2,2,2,24,25,26,27,28,2,2,2,2,29,30,31,2,2,2,32,2,2,2,2,2,2,2,2,2,2,33,34,2,2,2,2,17,17,17,17,17,17,17,17,18,18,18,18,18,18,18,18","0.00342202186584473","infomap","edit-xhwikibooks.graphml"
"0.7","0.24","0.06","0.479925312128419","1,2,1,3,4,3,5,6,3,3,5,7,6,6,6,3,8,9,5,10,2,11,12,6,6,6,6,3,2,13,14,15,10,16,17,17,18,6,2,2,2,2,11,11,11,11,2,11,11,11,2,2,2,2,2,11,11,11,11,2,19,2,2,20,21,2,2,2,2,2,11,2,22,23,2,2,2,2,2,2,2,24,25,26,27,28,2,2,2,2,29,30,31,2,2,2,32,2,2,2,2,2,2,2,2,2,2,33,34,2,2,2,2,17,17,17,17,17,17,17,17,18,18,18,18,18,18,18,18","0.00341606140136719","infomap","edit-xhwikibooks.graphml"
"0.69","0.25","0.06","0.480953784376209","1,2,1,3,4,3,5,6,3,3,7,8,6,6,6,3,9,10,11,12,2,13,14,6,6,6,6,3,2,15,16,17,18,19,11,11,20,6,2,2,2,2,13,13,13,13,2,13,13,13,2,2,2,2,2,13,13,13,13,2,21,2,2,22,23,2,2,2,2,2,13,2,24,25,2,2,2,2,2,2,2,26,27,28,29,30,2,2,2,2,31,32,33,2,2,2,34,2,2,2,2,2,2,2,2,2,2,35,36,2,2,2,2,11,11,11,11,11,11,11,11,20,20,20,20,20,20,20,20","0.00342082977294922","infomap","edit-xhwikibooks.graphml"
"0.68","0.26","0.06","0.480953784376209","1,2,1,3,4,3,5,6,3,3,7,8,6,6,6,3,9,10,11,12,2,13,14,6,6,6,6,3,2,15,16,17,18,19,11,11,20,6,2,2,2,2,13,13,13,13,2,13,13,13,2,2,2,2,2,13,13,13,13,2,21,2,2,22,23,2,2,2,2,2,13,2,24,25,2,2,2,2,2,2,2,26,27,28,29,30,2,2,2,2,31,32,33,2,2,2,34,2,2,2,2,2,2,2,2,2,2,35,36,2,2,2,2,11,11,11,11,11,11,11,11,20,20,20,20,20,20,20,20","0.00353002548217773","infomap","edit-xhwikibooks.graphml"
"0.67","0.27","0.06","0.480953784376209","1,2,1,3,4,3,5,6,3,3,7,8,6,6,6,3,9,10,11,12,2,13,14,6,6,6,6,3,2,15,16,17,18,19,11,11,20,6,2,2,2,2,13,13,13,13,2,13,13,13,2,2,2,2,2,13,13,13,13,2,21,2,2,22,23,2,2,2,2,2,13,2,24,25,2,2,2,2,2,2,2,26,27,28,29,30,2,2,2,2,31,32,33,2,2,2,34,2,2,2,2,2,2,2,2,2,2,35,36,2,2,2,2,11,11,11,11,11,11,11,11,20,20,20,20,20,20,20,20","0.00337696075439453","infomap","edit-xhwikibooks.graphml"
"0.66","0.28","0.06","0.479408649280444","1,2,1,3,4,3,5,6,3,3,7,8,6,6,6,3,9,10,11,12,2,13,14,6,6,6,6,3,2,15,16,17,18,19,11,11,20,6,2,2,2,2,13,13,13,13,2,13,13,13,2,2,2,2,2,13,13,13,13,2,21,2,2,22,23,2,2,2,2,2,13,2,24,25,2,2,2,2,2,2,2,26,27,28,29,30,2,2,2,2,31,32,33,2,2,2,34,2,2,2,2,2,2,2,2,2,2,35,36,2,2,2,2,11,11,11,11,11,11,11,11,20,20,20,20,20,20,20,20","0.00338506698608398","infomap","edit-xhwikibooks.graphml"
"0.65","0.29","0.06","0.486578928468831","1,2,1,3,4,3,5,6,3,3,7,8,6,6,6,3,9,10,11,12,2,13,14,6,6,6,6,3,2,15,16,17,18,19,11,11,20,6,2,2,2,2,13,13,13,13,2,13,13,13,2,2,2,2,2,13,13,13,13,2,21,2,2,22,23,2,2,2,2,2,13,2,24,25,2,2,2,2,2,2,2,26,27,28,29,30,2,2,2,2,31,32,33,2,2,2,34,2,2,2,2,2,2,2,2,2,2,35,36,2,2,2,2,11,11,11,11,11,11,11,11,20,20,20,20,20,20,20,20","0.00336384773254395","infomap","edit-xhwikibooks.graphml"
"0.64","0.3","0.06","0.485045131656252","1,2,1,3,4,3,5,6,3,3,7,8,6,6,6,3,9,10,11,12,2,13,14,6,6,6,6,3,2,15,16,17,18,19,11,11,20,6,2,2,2,2,13,13,13,13,2,13,13,13,2,2,2,2,2,13,13,13,13,2,21,2,2,22,23,2,2,2,2,2,13,2,24,25,2,2,2,2,2,2,2,26,27,28,29,30,2,2,2,2,31,32,33,2,2,2,34,2,2,2,2,2,2,2,2,2,2,35,36,2,2,2,2,11,11,11,11,11,11,11,11,20,20,20,20,20,20,20,20","0.0033259391784668","infomap","edit-xhwikibooks.graphml"
"0.63","0.31","0.06","0.475912232461355","1,2,1,3,4,5,6,5,7,8,9,10,5,7,7,5,11,12,13,14,2,15,16,7,7,7,7,17,18,19,20,21,22,23,13,13,24,7,2,2,2,2,15,15,15,15,2,15,15,15,2,2,2,2,2,15,15,15,15,2,25,2,2,26,27,2,2,2,2,2,15,2,28,29,2,2,2,2,2,2,2,30,31,32,33,34,2,2,2,2,35,36,37,2,2,2,38,2,2,2,2,2,2,2,2,2,2,39,40,2,2,2,2,13,13,13,13,13,13,13,13,24,24,24,24,24,24,24,24","0.00365996360778809","infomap","edit-xhwikibooks.graphml"
"0.62","0.32","0.06","0.478623347213091","1,2,1,3,4,5,6,5,7,8,9,10,5,7,7,5,11,12,13,14,2,15,16,7,7,7,7,17,18,19,20,21,22,23,13,13,24,7,2,2,2,2,15,15,15,15,2,15,15,15,2,2,2,2,2,15,15,15,15,2,25,2,2,26,27,2,2,2,2,2,15,2,28,29,2,2,2,2,2,2,2,30,31,32,33,34,2,2,2,2,35,36,37,2,2,2,38,2,2,2,2,2,2,2,2,2,2,39,40,2,2,2,2,13,13,13,13,13,13,13,13,24,24,24,24,24,24,24,24","0.00329899787902832","infomap","edit-xhwikibooks.graphml"
"0.61","0.33","0.06","0.478623347213091","1,2,1,3,4,5,6,5,7,8,9,10,5,7,7,5,11,12,13,14,2,15,16,7,7,7,7,17,18,19,20,21,22,23,13,13,24,7,2,2,2,2,15,15,15,15,2,15,15,15,2,2,2,2,2,15,15,15,15,2,25,2,2,26,27,2,2,2,2,2,15,2,28,29,2,2,2,2,2,2,2,30,31,32,33,34,2,2,2,2,35,36,37,2,2,2,38,2,2,2,2,2,2,2,2,2,2,39,40,2,2,2,2,13,13,13,13,13,13,13,13,24,24,24,24,24,24,24,24","0.0032188892364502","infomap","edit-xhwikibooks.graphml"
"0.6","0.34","0.06","0.527741488040515","1,2,1,3,4,5,6,5,7,8,9,10,5,7,7,5,11,12,13,14,2,15,16,7,7,7,7,17,18,19,20,21,22,23,13,13,24,7,2,2,2,2,15,15,15,15,2,15,15,15,2,2,2,2,2,15,15,15,15,2,25,2,2,26,27,2,2,2,2,2,15,2,28,29,2,2,2,2,2,2,2,30,31,32,33,34,2,2,2,2,35,36,37,2,2,2,38,2,2,2,2,2,2,2,2,2,2,39,40,2,2,2,2,13,13,13,13,13,13,13,13,24,24,24,24,24,24,24,24","0.00328993797302246","infomap","edit-xhwikibooks.graphml"
"0.59","0.35","0.06","0.527741488040515","1,2,1,3,4,5,6,5,7,8,9,10,5,7,7,5,11,12,13,14,2,15,16,7,7,7,7,17,18,19,20,21,22,23,13,13,24,7,2,2,2,2,15,15,15,15,2,15,15,15,2,2,2,2,2,15,15,15,15,2,25,2,2,26,27,2,2,2,2,2,15,2,28,29,2,2,2,2,2,2,2,30,31,32,33,34,2,2,2,2,35,36,37,2,2,2,38,2,2,2,2,2,2,2,2,2,2,39,40,2,2,2,2,13,13,13,13,13,13,13,13,24,24,24,24,24,24,24,24","0.00349688529968262","infomap","edit-xhwikibooks.graphml"
"0.58","0.36","0.06","0.5262","1,2,1,3,4,5,6,5,7,8,9,10,5,7,7,5,11,12,13,14,2,15,16,7,7,7,7,17,18,19,20,21,22,23,13,13,24,7,2,2,2,2,15,15,15,15,2,15,15,15,2,2,2,2,2,15,15,15,15,2,25,2,2,26,27,2,2,2,2,2,15,2,28,29,2,2,2,2,2,2,2,30,31,32,33,34,2,2,2,2,35,36,37,2,2,2,38,2,2,2,2,2,2,2,2,2,2,39,40,2,2,2,2,13,13,13,13,13,13,13,13,24,24,24,24,24,24,24,24","0.00326395034790039","infomap","edit-xhwikibooks.graphml"
"0.57","0.37","0.06","0.518013735678343","1,2,1,3,4,5,6,5,5,7,8,9,10,5,5,11,12,13,14,15,2,16,17,5,5,5,5,18,19,20,21,22,23,24,14,14,25,26,2,2,2,2,16,16,16,16,2,16,16,16,2,2,2,2,2,16,16,16,16,2,27,2,2,28,29,2,2,2,2,2,16,2,30,31,2,2,2,2,2,2,2,32,33,34,35,36,2,2,2,2,37,38,39,2,2,2,40,2,2,2,2,2,2,2,2,2,2,41,42,2,2,2,2,14,14,14,14,14,14,14,14,25,25,25,25,25,25,25,25","0.00322294235229492","infomap","edit-xhwikibooks.graphml"
"0.56","0.38","0.06","0.520144836373607","1,2,1,3,4,5,6,5,5,7,8,9,10,5,5,11,12,13,14,15,2,16,17,5,5,5,5,18,19,20,21,22,23,24,14,14,25,26,2,2,2,2,16,16,16,16,2,16,16,16,2,2,2,2,2,16,16,16,16,2,27,2,2,28,29,2,2,2,2,2,16,2,30,31,2,2,2,2,2,2,2,32,33,34,35,36,2,2,2,2,37,38,39,2,2,2,40,2,2,2,2,2,2,2,2,2,2,41,42,2,2,2,2,14,14,14,14,14,14,14,14,25,25,25,25,25,25,25,25","0.00322103500366211","infomap","edit-xhwikibooks.graphml"
"0.55","0.39","0.06","0.521825050396025","1,2,1,3,4,5,6,5,5,7,8,9,10,5,5,11,12,13,14,15,2,16,17,5,5,5,5,18,19,20,21,22,23,24,14,14,25,26,2,2,2,2,16,16,16,16,2,16,16,16,2,2,2,2,2,16,16,16,16,2,27,2,2,28,29,2,2,2,2,2,16,2,30,31,2,2,2,2,2,2,2,32,33,34,35,36,2,2,2,2,37,38,39,2,2,2,40,2,2,2,2,2,2,2,2,2,2,41,42,2,2,2,2,14,14,14,14,14,14,14,14,25,25,25,25,25,25,25,25","0.00320601463317871","infomap","edit-xhwikibooks.graphml"
"0.54","0.4","0.06","0.526280302560605","1,2,1,3,4,5,6,5,5,7,8,9,10,5,5,11,12,13,14,15,2,16,17,5,5,5,5,18,19,20,21,22,23,24,14,14,25,26,2,2,2,2,16,16,16,16,2,16,16,16,2,2,2,2,2,16,16,16,16,2,27,2,2,28,29,2,2,2,2,2,16,2,30,31,2,2,2,2,2,2,2,32,33,34,35,36,2,2,2,2,37,38,39,2,2,2,40,2,2,2,2,2,2,2,2,2,2,41,42,2,2,2,2,14,14,14,14,14,14,14,14,25,25,25,25,25,25,25,25","0.00344681739807129","infomap","edit-xhwikibooks.graphml"
"0.53","0.41","0.06","0.526280302560605","1,2,1,3,4,5,6,5,5,7,8,9,10,5,5,11,12,13,14,15,2,16,17,5,5,5,5,18,19,20,21,22,23,24,14,14,25,26,2,2,2,2,16,16,16,16,2,16,16,16,2,2,2,2,2,16,16,16,16,2,27,2,2,28,29,2,2,2,2,2,16,2,30,31,2,2,2,2,2,2,2,32,33,34,35,36,2,2,2,2,37,38,39,2,2,2,40,2,2,2,2,2,2,2,2,2,2,41,42,2,2,2,2,14,14,14,14,14,14,14,14,25,25,25,25,25,25,25,25","0.00321292877197266","infomap","edit-xhwikibooks.graphml"
"0.52","0.42","0.06","0.52477508650519","1,2,1,3,4,5,6,5,5,7,8,9,10,5,5,11,12,13,14,15,2,16,17,5,5,5,5,18,19,20,21,22,23,24,14,14,25,26,2,2,2,2,16,16,16,16,2,16,16,16,2,2,2,2,2,16,16,16,16,2,27,2,2,28,29,2,2,2,2,2,16,2,30,31,2,2,2,2,2,2,2,32,33,34,35,36,2,2,2,2,37,38,39,2,2,2,40,2,2,2,2,2,2,2,2,2,2,41,42,2,2,2,2,14,14,14,14,14,14,14,14,25,25,25,25,25,25,25,25","0.00332307815551758","infomap","edit-xhwikibooks.graphml"
"0.51","0.43","0.06","0.526691558999515","1,2,1,3,4,5,6,7,8,9,10,11,12,7,7,13,14,15,16,17,2,18,19,20,7,7,7,21,22,23,24,25,26,27,16,16,28,29,2,2,2,2,18,18,18,18,2,18,18,18,2,2,2,2,2,18,18,18,18,2,30,2,2,31,32,2,2,2,2,2,18,2,33,34,2,2,2,2,2,2,2,35,36,37,38,39,2,2,2,2,40,41,42,2,2,2,43,2,2,2,2,2,2,2,2,2,2,44,45,2,2,2,2,16,16,16,16,16,16,16,16,28,28,28,28,28,28,28,28","0.00300502777099609","infomap","edit-xhwikibooks.graphml"
"0.5","0.44","0.06","0.525156550313101","1,2,1,3,4,5,6,7,8,9,10,11,12,7,7,13,14,15,16,17,2,18,19,20,7,7,7,21,22,23,24,25,26,27,16,16,28,29,2,2,2,2,18,18,18,18,2,18,18,18,2,2,2,2,2,18,18,18,18,2,30,2,2,31,32,2,2,2,2,2,18,2,33,34,2,2,2,2,2,2,2,35,36,37,38,39,2,2,2,2,40,41,42,2,2,2,43,2,2,2,2,2,2,2,2,2,2,44,45,2,2,2,2,16,16,16,16,16,16,16,16,28,28,28,28,28,28,28,28","0.00307297706604004","infomap","edit-xhwikibooks.graphml"
"0.49","0.45","0.06","0.531295776367188","1,2,1,3,4,5,6,7,8,9,10,11,12,7,7,13,14,15,16,17,2,18,19,20,7,7,7,21,22,23,24,25,26,27,16,16,28,29,2,2,2,2,18,18,18,18,2,18,18,18,2,2,2,2,2,18,18,18,18,2,30,2,2,31,32,2,2,2,2,2,18,2,33,34,2,2,2,2,2,2,2,35,36,37,38,39,2,2,2,2,40,41,42,2,2,2,43,2,2,2,2,2,2,2,2,2,2,44,45,2,2,2,2,16,16,16,16,16,16,16,16,28,28,28,28,28,28,28,28","0.00285005569458008","infomap","edit-xhwikibooks.graphml"
"0.48","0.46","0.06","0.52977335008857","1,2,1,3,4,5,6,7,8,9,10,11,12,7,7,13,14,15,16,17,2,18,19,20,7,7,7,21,22,23,24,25,26,27,16,16,28,29,2,2,2,2,18,18,18,18,2,18,18,18,2,2,2,2,2,18,18,18,18,2,30,2,2,31,32,2,2,2,2,2,18,2,33,34,2,2,2,2,2,2,2,35,36,37,38,39,2,2,2,2,40,41,42,2,2,2,43,2,2,2,2,2,2,2,2,2,2,44,45,2,2,2,2,16,16,16,16,16,16,16,16,28,28,28,28,28,28,28,28","0.00293898582458496","infomap","edit-xhwikibooks.graphml"
"0.47","0.47","0.06","0.532810528213449","1,2,1,3,4,5,6,7,8,9,10,11,12,7,7,13,14,15,16,17,2,18,19,20,7,7,7,21,22,23,24,25,26,27,16,16,28,29,2,2,2,2,18,18,18,18,2,18,18,18,2,2,2,2,2,18,18,18,18,2,30,2,2,31,32,2,2,2,2,2,18,2,33,34,2,2,2,2,2,2,2,35,36,37,38,39,2,2,2,2,40,41,42,2,2,2,43,2,2,2,2,2,2,2,2,2,2,44,45,2,2,2,2,16,16,16,16,16,16,16,16,28,28,28,28,28,28,28,28","0.00294208526611328","infomap","edit-xhwikibooks.graphml"
"0.46","0.48","0.06","0.531297983035435","1,2,1,3,4,5,6,7,8,9,10,11,12,7,7,13,14,15,16,17,2,18,19,20,7,7,7,21,22,23,24,25,26,27,16,16,28,29,2,2,2,2,18,18,18,18,2,18,18,18,2,2,2,2,2,18,18,18,18,2,30,2,2,31,32,2,2,2,2,2,18,2,33,34,2,2,2,2,2,2,2,35,36,37,38,39,2,2,2,2,40,41,42,2,2,2,43,2,2,2,2,2,2,2,2,2,2,44,45,2,2,2,2,16,16,16,16,16,16,16,16,28,28,28,28,28,28,28,28","0.0029301643371582","infomap","edit-xhwikibooks.graphml"
"0.45","0.49","0.06","0.489259038931853","1,2,1,3,4,5,6,7,8,9,10,11,12,13,13,14,15,16,17,18,2,19,20,21,13,13,13,22,23,24,25,26,27,28,17,17,13,29,2,2,2,2,19,19,19,19,2,19,19,19,2,2,2,2,2,19,19,19,19,2,30,2,2,31,32,2,2,2,2,2,19,2,33,34,2,2,2,2,2,2,2,35,36,37,38,39,2,2,2,2,40,41,42,2,2,2,43,2,2,2,2,2,2,2,2,2,2,44,45,2,2,2,2,17,46,47,17,17,17,17,17,48,49,50,51,52,53,54,55","0.00369095802307129","infomap","edit-xhwikibooks.graphml"
"0.44","0.5","0.06","0.581771589848963","1,2,1,3,4,5,6,7,8,9,10,11,12,12,12,13,14,15,16,17,2,18,19,7,12,12,12,20,21,22,23,24,25,26,16,27,12,28,2,2,2,2,18,18,18,18,2,18,18,18,2,2,2,2,2,18,18,18,18,2,29,2,2,30,31,2,2,2,2,2,18,2,32,33,2,2,2,2,2,2,2,34,35,36,37,38,2,2,2,2,39,40,41,2,2,2,42,2,2,2,2,2,2,2,2,2,2,43,44,2,2,2,2,27,45,46,27,27,27,27,27,47,48,49,50,51,52,53,54","0.00474905967712402","infomap","edit-xhwikibooks.graphml"
"0.43","0.51","0.06","0.581771589848963","1,2,1,3,4,5,6,7,8,9,10,11,12,12,12,13,14,15,16,17,2,18,19,7,12,12,12,20,21,22,23,24,25,26,16,27,12,28,2,2,2,2,18,18,18,18,2,18,18,18,2,2,2,2,2,18,18,18,18,2,29,2,2,30,31,2,2,2,2,2,18,2,32,33,2,2,2,2,2,2,2,34,35,36,37,38,2,2,2,2,39,40,41,2,2,2,42,2,2,2,2,2,2,2,2,2,2,43,44,2,2,2,2,27,45,46,27,27,27,27,27,47,48,49,50,51,52,53,54","0.00491213798522949","infomap","edit-xhwikibooks.graphml"
"0.42","0.52","0.06","0.581771589848963","1,2,1,3,4,5,6,7,8,9,10,11,12,12,12,13,14,15,16,17,2,18,19,7,12,12,12,20,21,22,23,24,25,26,16,27,12,28,2,2,2,2,18,18,18,18,2,18,18,18,2,2,2,2,2,18,18,18,18,2,29,2,2,30,31,2,2,2,2,2,18,2,32,33,2,2,2,2,2,2,2,34,35,36,37,38,2,2,2,2,39,40,41,2,2,2,42,2,2,2,2,2,2,2,2,2,2,43,44,2,2,2,2,27,45,46,27,27,27,27,27,47,48,49,50,51,52,53,54","0.00377488136291504","infomap","edit-xhwikibooks.graphml"
"0.41","0.53","0.06","0.580444267217115","1,2,1,3,4,5,6,7,8,9,10,11,12,12,12,13,14,15,16,17,2,18,19,7,12,12,12,20,21,22,23,24,25,26,16,27,12,28,2,2,2,2,18,18,18,18,2,18,18,18,2,2,2,2,2,18,18,18,18,2,29,2,2,30,31,2,2,2,2,2,18,2,32,33,2,2,2,2,2,2,2,34,35,36,37,38,2,2,2,2,39,40,41,2,2,2,42,2,2,2,2,2,2,2,2,2,2,43,44,2,2,2,2,27,45,46,27,27,27,27,27,47,48,49,50,51,52,53,54","0.00388216972351074","infomap","edit-xhwikibooks.graphml"
"0.4","0.54","0.06","0.582720823771971","1,2,1,3,4,5,6,7,8,9,10,11,12,12,12,13,14,15,16,17,2,18,19,7,12,12,12,20,21,22,23,24,25,26,16,27,12,28,2,2,2,2,18,18,18,18,2,18,18,18,2,2,2,2,2,18,18,18,18,2,29,2,2,30,31,2,2,2,2,2,18,2,32,33,2,2,2,2,2,2,2,34,35,36,37,38,2,2,2,2,39,40,41,2,2,2,42,2,2,2,2,2,2,2,2,2,2,43,44,2,2,2,2,27,45,46,27,27,27,27,27,47,48,49,50,51,52,53,54","0.00336599349975586","infomap","edit-xhwikibooks.graphml"
"0.39","0.55","0.06","0.579237964332724","1,2,1,3,4,5,6,7,8,9,10,11,12,12,12,13,14,15,16,17,2,18,19,7,12,12,12,20,21,22,23,24,25,26,16,27,12,28,2,2,2,2,18,18,18,18,2,18,18,18,2,2,2,2,2,18,18,18,18,2,29,2,2,30,31,2,2,2,2,2,18,2,32,33,2,2,2,2,2,2,2,34,35,36,37,38,2,2,2,2,39,40,41,2,2,2,42,2,2,2,2,2,2,2,2,2,2,43,44,2,2,2,2,27,45,46,27,27,27,27,27,47,48,49,50,51,52,53,54","0.00545501708984375","infomap","edit-xhwikibooks.graphml"
"0.38","0.56","0.06","0.583843723068084","1,2,1,3,4,5,6,7,8,9,10,11,12,12,12,13,14,15,16,17,2,18,19,7,12,12,12,20,21,22,23,24,25,26,16,27,12,28,2,2,2,2,18,18,18,18,2,18,18,18,2,2,2,2,2,18,18,18,18,2,29,2,2,30,31,2,2,2,2,2,18,2,32,33,2,2,2,2,2,2,2,34,35,36,37,38,2,2,2,2,39,40,41,2,2,2,42,2,2,2,2,2,2,2,2,2,2,43,44,2,2,2,2,27,45,46,27,27,27,27,27,47,48,49,50,51,52,53,54","0.00658488273620605","infomap","edit-xhwikibooks.graphml"
"0.37","0.57","0.06","0.582530588020453","1,2,1,3,4,5,6,7,8,9,10,11,12,12,12,13,14,15,16,17,2,18,19,7,12,12,12,20,21,22,23,24,25,26,16,27,12,28,2,2,2,2,18,18,18,18,2,18,18,18,2,2,2,2,2,18,18,18,18,2,29,2,2,30,31,2,2,2,2,2,18,2,32,33,2,2,2,2,2,2,2,34,35,36,37,38,2,2,2,2,39,40,41,2,2,2,42,2,2,2,2,2,2,2,2,2,2,43,44,2,2,2,2,27,45,46,27,27,27,27,27,47,48,49,50,51,52,53,54","0.00442004203796387","infomap","edit-xhwikibooks.graphml"
"0.36","0.58","0.06","0.586482590874285","1,2,1,3,4,5,6,7,8,9,10,11,12,12,12,13,14,15,16,17,2,18,19,7,12,12,12,20,21,22,23,24,25,26,16,27,12,28,2,2,2,2,18,18,18,18,2,18,18,18,2,2,2,2,2,18,18,18,18,2,29,2,2,30,31,2,2,2,2,2,18,2,32,33,2,2,2,2,2,2,2,34,35,36,37,38,2,2,2,2,39,40,41,2,2,2,42,2,2,2,2,2,2,2,2,2,2,43,44,2,2,2,2,27,45,46,27,27,27,27,27,47,48,49,50,51,52,53,54","0.00556802749633789","infomap","edit-xhwikibooks.graphml"
"0.35","0.59","0.06","0.583888888888889","1,2,1,3,4,5,6,7,8,9,10,11,12,12,12,13,14,15,16,17,2,18,19,7,12,12,12,20,21,22,23,24,25,26,16,27,12,28,2,2,2,2,18,18,18,18,2,18,18,18,2,2,2,2,2,18,18,18,18,2,29,2,2,30,31,2,2,2,2,2,18,2,32,33,2,2,2,2,2,2,2,34,35,36,37,38,2,2,2,2,39,40,41,2,2,2,42,2,2,2,2,2,2,2,2,2,2,43,44,2,2,2,2,27,45,46,27,27,27,27,27,47,48,49,50,51,52,53,54","0.00569009780883789","infomap","edit-xhwikibooks.graphml"
"0.34","0.6","0.06","0.588493925705013","1,2,1,3,4,5,6,7,8,9,10,11,12,12,12,13,14,15,16,17,2,18,19,7,12,12,12,20,21,22,23,24,25,26,16,27,12,28,2,2,2,2,18,18,18,18,2,18,18,18,2,2,2,2,2,18,18,18,18,2,29,2,2,30,31,2,2,2,2,2,18,2,32,33,2,2,2,2,2,2,2,34,35,36,37,38,2,2,2,2,39,40,41,2,2,2,42,2,2,2,2,2,2,2,2,2,2,43,44,2,2,2,2,27,45,46,27,27,27,27,27,47,48,49,50,51,52,53,54","0.00395488739013672","infomap","edit-xhwikibooks.graphml"
"0.33","0.61","0.06","0.580033333333333","1,2,1,3,4,5,6,7,8,9,10,11,12,12,12,13,14,15,16,17,2,18,19,7,20,20,20,21,22,23,24,25,26,27,28,12,12,29,2,2,2,2,18,18,18,18,2,18,18,18,2,2,2,2,2,18,18,18,18,2,30,2,2,31,32,2,2,2,2,2,18,2,33,34,2,2,2,2,2,2,2,35,36,37,38,39,2,2,2,2,40,41,42,2,2,2,43,2,2,2,2,2,2,2,2,2,2,44,45,2,2,2,2,28,46,47,28,28,28,28,28,48,49,50,51,52,53,54,55","0.00502800941467285","infomap","edit-xhwikibooks.graphml"
"0.32","0.62","0.06","0.582245229081357","1,2,1,3,4,5,6,7,8,9,10,11,12,12,12,13,14,15,16,17,2,18,19,7,20,20,20,21,22,23,24,25,26,27,28,12,12,29,2,2,2,2,18,18,18,18,2,18,18,18,2,2,2,2,2,18,18,18,18,2,30,2,2,31,32,2,2,2,2,2,18,2,33,34,2,2,2,2,2,2,2,35,36,37,38,39,2,2,2,2,40,41,42,2,2,2,43,2,2,2,2,2,2,2,2,2,2,44,45,2,2,2,2,28,46,47,28,28,28,28,28,48,49,50,51,52,53,54,55","0.00359296798706055","infomap","edit-xhwikibooks.graphml"
"0.31","0.63","0.06","0.580961361343801","1,2,1,3,4,5,6,7,8,9,10,11,12,12,12,13,14,15,16,17,2,18,19,7,20,20,20,21,22,23,24,25,26,27,28,12,12,29,2,2,2,2,18,18,18,18,2,18,18,18,2,2,2,2,2,18,18,18,18,2,30,2,2,31,32,2,2,2,2,2,18,2,33,34,2,2,2,2,2,2,2,35,36,37,38,39,2,2,2,2,40,41,42,2,2,2,43,2,2,2,2,2,2,2,2,2,2,44,45,2,2,2,2,28,46,47,28,28,28,28,28,48,49,50,51,52,53,54,55","0.0048530101776123","infomap","edit-xhwikibooks.graphml"
"0.3","0.64","0.06","0.580961361343801","1,2,1,3,4,5,6,7,8,9,10,11,12,12,12,13,14,15,16,17,2,18,19,7,20,20,20,21,22,23,24,25,26,27,28,12,12,29,2,2,2,2,18,18,18,18,2,18,18,18,2,2,2,2,2,18,18,18,18,2,30,2,2,31,32,2,2,2,2,2,18,2,33,34,2,2,2,2,2,2,2,35,36,37,38,39,2,2,2,2,40,41,42,2,2,2,43,2,2,2,2,2,2,2,2,2,2,44,45,2,2,2,2,28,46,47,28,28,28,28,28,48,49,50,51,52,53,54,55","0.00436902046203613","infomap","edit-xhwikibooks.graphml"
"0.29","0.65","0.06","0.582204380193906","1,2,1,3,4,5,6,7,8,9,10,11,12,12,12,13,14,15,16,17,2,18,19,7,20,20,20,21,22,23,24,25,26,27,28,12,12,29,2,2,2,2,18,18,18,18,2,18,18,18,2,2,2,2,2,18,18,18,18,2,30,2,2,31,32,2,2,2,2,2,18,2,33,34,2,2,2,2,2,2,2,35,36,37,38,39,2,2,2,2,40,41,42,2,2,2,43,2,2,2,2,2,2,2,2,2,2,44,45,2,2,2,2,28,46,47,28,28,28,28,28,48,49,50,51,52,53,54,55","0.00411009788513184","infomap","edit-xhwikibooks.graphml"
"0.28","0.66","0.06","0.582204380193906","1,2,1,3,4,5,6,7,8,9,10,11,12,12,12,13,14,15,16,17,2,18,19,7,20,20,20,21,22,23,24,25,26,27,28,12,12,29,2,2,2,2,18,18,18,18,2,18,18,18,2,2,2,2,2,18,18,18,18,2,30,2,2,31,32,2,2,2,2,2,18,2,33,34,2,2,2,2,2,2,2,35,36,37,38,39,2,2,2,2,40,41,42,2,2,2,43,2,2,2,2,2,2,2,2,2,2,44,45,2,2,2,2,28,46,47,28,28,28,28,28,48,49,50,51,52,53,54,55","0.00441193580627441","infomap","edit-xhwikibooks.graphml"
"0.27","0.67","0.06","0.609701950081088","1,2,1,3,4,5,6,7,8,9,10,11,12,12,12,13,14,15,16,17,2,18,19,7,20,20,20,21,22,23,24,25,26,27,28,12,12,29,2,2,2,2,18,18,18,18,2,18,18,18,2,2,2,2,2,18,18,18,18,2,30,2,2,31,32,2,2,2,2,2,18,2,33,34,2,2,2,2,2,2,2,35,36,37,38,39,2,2,2,2,40,41,42,2,2,2,43,2,2,2,2,2,2,2,2,2,2,44,45,2,2,2,2,28,46,47,28,28,28,28,28,48,49,50,51,52,53,54,55","0.00369906425476074","infomap","edit-xhwikibooks.graphml"
"0.26","0.68","0.06","0.609701950081088","1,2,1,3,4,5,6,7,8,9,10,11,12,12,12,13,14,15,16,17,2,18,19,7,20,20,20,21,22,23,24,25,26,27,28,12,12,29,2,2,2,2,18,18,18,18,2,18,18,18,2,2,2,2,2,18,18,18,18,2,30,2,2,31,32,2,2,2,2,2,18,2,33,34,2,2,2,2,2,2,2,35,36,37,38,39,2,2,2,2,40,41,42,2,2,2,43,2,2,2,2,2,2,2,2,2,2,44,45,2,2,2,2,28,46,47,28,28,28,28,28,48,49,50,51,52,53,54,55","0.00384902954101562","infomap","edit-xhwikibooks.graphml"
"0.25","0.69","0.06","0.608460019064278","1,2,1,3,4,5,6,7,8,9,10,11,12,12,12,13,14,15,16,17,2,18,19,7,20,20,20,21,22,23,24,25,26,27,28,12,12,29,2,2,2,2,18,18,18,18,2,18,18,18,2,2,2,2,2,18,18,18,18,2,30,2,2,31,32,2,2,2,2,2,18,2,33,34,2,2,2,2,2,2,2,35,36,37,38,39,2,2,2,2,40,41,42,2,2,2,43,2,2,2,2,2,2,2,2,2,2,44,45,2,2,2,2,28,46,47,28,28,28,28,28,48,49,50,51,52,53,54,55","0.00332498550415039","infomap","edit-xhwikibooks.graphml"
"0.24","0.7","0.06","0.6103759765625","1,2,1,3,4,5,6,7,8,9,10,11,12,12,12,13,14,15,16,17,2,18,19,7,20,20,20,21,22,23,24,25,26,27,28,12,12,29,2,2,2,2,18,18,18,18,2,18,18,18,2,2,2,2,2,18,18,18,18,2,30,2,2,31,32,2,2,2,2,2,18,2,33,34,2,2,2,2,2,2,2,35,36,37,38,39,2,2,2,2,40,41,42,2,2,2,43,2,2,2,2,2,2,2,2,2,2,44,45,2,2,2,2,28,46,47,28,28,28,28,28,48,49,50,51,52,53,54,55","0.00310111045837402","infomap","edit-xhwikibooks.graphml"
"0.23","0.71","0.06","0.609141021535117","1,2,1,3,4,5,6,7,8,9,10,11,12,12,12,13,14,15,16,17,2,18,19,7,20,20,20,21,22,23,24,25,26,27,28,12,12,29,2,2,2,2,18,18,18,18,2,18,18,18,2,2,2,2,2,18,18,18,18,2,30,2,2,31,32,2,2,2,2,2,18,2,33,34,2,2,2,2,2,2,2,35,36,37,38,39,2,2,2,2,40,41,42,2,2,2,43,2,2,2,2,2,2,2,2,2,2,44,45,2,2,2,2,28,46,47,28,28,28,28,28,48,49,50,51,52,53,54,55","0.00289607048034668","infomap","edit-xhwikibooks.graphml"
"0.22","0.72","0.06","0.612586145750463","1,2,1,3,4,5,6,7,8,9,10,11,12,12,12,13,14,15,16,17,2,18,19,7,20,20,20,21,22,23,24,25,26,27,28,12,12,29,2,2,2,2,18,18,18,18,2,18,18,18,2,2,2,2,2,18,18,18,18,2,30,2,2,31,32,2,2,2,2,2,18,2,33,34,2,2,2,2,2,2,2,35,36,37,38,39,2,2,2,2,40,41,42,2,2,2,43,2,2,2,2,2,2,2,2,2,2,44,45,2,2,2,2,28,46,47,28,28,28,28,28,48,49,50,51,52,53,54,55","0.00338411331176758","infomap","edit-xhwikibooks.graphml"
"0.21","0.73","0.06","0.605745767266864","1,1,1,2,3,4,5,6,7,8,9,10,11,11,12,13,14,15,16,17,18,1,19,6,20,20,20,21,22,23,24,25,26,27,28,29,12,30,18,18,18,18,31,32,33,34,18,35,36,37,18,18,18,18,18,38,39,40,41,18,42,18,18,43,44,18,18,18,18,18,45,18,46,47,18,18,18,18,18,18,18,48,49,50,51,52,18,18,18,18,53,54,55,18,18,18,56,18,18,18,18,18,18,18,18,18,18,57,58,18,18,18,18,28,59,60,28,28,28,28,28,61,62,63,64,65,66,67,68","0.00408101081848145","infomap","edit-xhwikibooks.graphml"
"0.2","0.74","0.06","0.605745767266864","1,1,1,2,3,4,5,6,7,8,9,10,11,11,12,13,14,15,16,17,18,1,19,6,20,20,20,21,22,23,24,25,26,27,28,29,12,30,18,18,18,18,31,32,33,34,18,35,36,37,18,18,18,18,18,38,39,40,41,18,42,18,18,43,44,18,18,18,18,18,45,18,46,47,18,18,18,18,18,18,18,48,49,50,51,52,18,18,18,18,53,54,55,18,18,18,56,18,18,18,18,18,18,18,18,18,18,57,58,18,18,18,18,28,59,60,28,28,28,28,28,61,62,63,64,65,66,67,68","0.00368094444274902","infomap","edit-xhwikibooks.graphml"
"0.19","0.75","0.06","0.611393889883851","1,1,1,2,3,4,5,6,7,8,9,10,11,11,12,13,14,15,16,17,18,1,19,6,20,20,20,21,22,23,24,25,26,27,28,29,12,30,18,18,18,18,31,32,33,34,18,35,36,37,18,18,18,18,18,38,39,40,41,18,42,18,18,43,44,18,18,18,18,18,45,18,46,47,18,18,18,18,18,18,18,48,49,50,51,52,18,18,18,18,53,54,55,18,18,18,56,18,18,18,18,18,18,18,18,18,18,57,58,18,18,18,18,28,59,60,28,28,28,28,28,61,62,63,64,65,66,67,68","0.00353288650512695","infomap","edit-xhwikibooks.graphml"
"0.18","0.76","0.06","0.611393889883851","1,1,1,2,3,4,5,6,7,8,9,10,11,11,12,13,14,15,16,17,18,1,19,6,20,20,20,21,22,23,24,25,26,27,28,29,12,30,18,18,18,18,31,32,33,34,18,35,36,37,18,18,18,18,18,38,39,40,41,18,42,18,18,43,44,18,18,18,18,18,45,18,46,47,18,18,18,18,18,18,18,48,49,50,51,52,18,18,18,18,53,54,55,18,18,18,56,18,18,18,18,18,18,18,18,18,18,57,58,18,18,18,18,28,59,60,28,28,28,28,28,61,62,63,64,65,66,67,68","0.00405097007751465","infomap","edit-xhwikibooks.graphml"
"0.17","0.77","0.06","0.613366285119667","1,1,1,2,3,4,5,6,7,8,9,10,11,11,12,13,14,15,16,17,18,1,19,6,20,20,20,21,22,23,24,25,26,27,28,29,12,30,18,18,18,18,31,32,33,34,18,35,36,37,18,18,18,18,18,38,39,40,41,18,42,18,18,43,44,18,18,18,18,18,45,18,46,47,18,18,18,18,18,18,18,48,49,50,51,52,18,18,18,18,53,54,55,18,18,18,56,18,18,18,18,18,18,18,18,18,18,57,58,18,18,18,18,28,59,60,28,28,28,28,28,61,62,63,64,65,66,67,68","0.00299811363220215","infomap","edit-xhwikibooks.graphml"
"0.16","0.78","0.06","0.615791730037053","1,1,1,2,3,4,5,6,7,8,9,10,11,11,12,13,14,15,16,17,18,1,19,6,20,20,20,21,22,23,24,25,26,27,28,29,12,30,18,18,18,18,31,32,33,34,18,35,36,37,18,18,18,18,18,38,39,40,41,18,42,18,18,43,44,18,18,18,18,18,45,18,46,47,18,18,18,18,18,18,18,48,49,50,51,52,18,18,18,18,53,54,55,18,18,18,56,18,18,18,18,18,18,18,18,18,18,57,58,18,18,18,18,28,59,60,28,28,28,28,28,61,62,63,64,65,66,67,68","0.00306296348571777","infomap","edit-xhwikibooks.graphml"
"0.15","0.79","0.06","0.617697472514098","1,1,1,2,3,4,5,6,7,8,9,10,11,11,12,13,14,15,16,17,18,1,19,6,20,20,20,21,22,23,24,25,26,27,28,29,12,30,18,18,18,18,31,32,33,34,18,35,36,37,18,18,18,18,18,38,39,40,41,18,42,18,18,43,44,18,18,18,18,18,45,18,46,47,18,18,18,18,18,18,18,48,49,50,51,52,18,18,18,18,53,54,55,18,18,18,56,18,18,18,18,18,18,18,18,18,18,57,58,18,18,18,18,28,59,60,28,28,28,28,28,61,62,63,64,65,66,67,68","0.00407195091247559","infomap","edit-xhwikibooks.graphml"
"0.14","0.8","0.06","0.620809242802695","1,1,1,2,3,4,5,6,7,8,9,10,11,11,12,13,14,15,16,17,18,1,19,6,20,20,20,21,22,23,24,25,26,27,28,29,12,30,18,18,18,18,31,32,33,34,18,35,36,37,18,18,18,18,18,38,39,40,41,18,42,18,18,43,44,18,18,18,18,18,45,18,46,47,18,18,18,18,18,18,18,48,49,50,51,52,18,18,18,18,53,54,55,18,18,18,56,18,18,18,18,18,18,18,18,18,18,57,58,18,18,18,18,28,59,60,28,28,28,28,28,61,62,63,64,65,66,67,68","0.00376319885253906","infomap","edit-xhwikibooks.graphml"
"0.13","0.81","0.06","0.620809242802695","1,1,1,2,3,4,5,6,7,8,9,10,11,11,12,13,14,15,16,17,18,1,19,6,20,20,20,21,22,23,24,25,26,27,28,29,12,30,18,18,18,18,31,32,33,34,18,35,36,37,18,18,18,18,18,38,39,40,41,18,42,18,18,43,44,18,18,18,18,18,45,18,46,47,18,18,18,18,18,18,18,48,49,50,51,52,18,18,18,18,53,54,55,18,18,18,56,18,18,18,18,18,18,18,18,18,18,57,58,18,18,18,18,28,59,60,28,28,28,28,28,61,62,63,64,65,66,67,68","0.00336408615112305","infomap","edit-xhwikibooks.graphml"
"0.12","0.82","0.06","0.619501799770579","1,1,1,2,3,4,5,6,7,8,9,10,11,11,12,13,14,15,16,17,18,1,19,6,20,20,20,21,22,23,24,25,26,27,28,29,12,30,18,18,18,18,31,32,33,34,18,35,36,37,18,18,18,18,18,38,39,40,41,18,42,18,18,43,44,18,18,18,18,18,45,18,46,47,18,18,18,18,18,18,18,48,49,50,51,52,18,18,18,18,53,54,55,18,18,18,56,18,18,18,18,18,18,18,18,18,18,57,58,18,18,18,18,28,59,60,28,28,28,28,28,61,62,63,64,65,66,67,68","0.0033719539642334","infomap","edit-xhwikibooks.graphml"
"0.11","0.83","0.06","0.68385732050173","1,1,1,2,3,4,5,6,7,8,9,10,11,11,12,13,14,15,16,17,18,1,19,6,20,20,20,21,22,23,24,25,26,27,28,29,12,30,18,18,18,18,31,32,33,34,18,35,36,37,18,18,18,18,18,38,39,40,41,18,42,18,18,43,44,18,18,18,18,18,45,18,46,47,18,18,18,18,18,18,18,48,49,50,51,52,18,18,18,18,53,54,55,18,18,18,56,18,18,18,18,18,18,18,18,18,18,57,58,18,18,18,18,28,59,60,28,28,28,28,28,61,62,63,64,65,66,67,68","0.00348496437072754","infomap","edit-xhwikibooks.graphml"
"0.1","0.84","0.06","0.700002805481912","1,1,1,2,3,4,5,6,7,8,9,10,11,11,11,12,13,14,15,16,17,1,18,6,19,19,19,20,21,22,23,24,25,26,27,27,28,29,17,17,17,17,30,31,32,33,17,34,35,36,17,17,17,17,17,37,38,39,40,17,41,17,17,42,43,17,17,17,17,17,44,17,45,46,17,17,17,17,17,17,17,47,48,49,50,51,17,17,17,17,52,53,54,17,17,17,55,17,17,17,17,17,17,17,17,17,17,56,57,17,17,17,17,58,59,60,58,58,58,58,58,61,62,63,64,65,66,67,68","0.00281906127929688","infomap","edit-xhwikibooks.graphml"
"0.09","0.85","0.06","0.701555190465582","1,1,1,2,3,4,5,6,7,8,9,10,11,11,11,12,13,14,15,16,17,1,18,6,19,19,19,20,21,22,23,24,25,26,27,27,28,29,17,17,17,17,30,31,32,33,17,34,35,36,17,17,17,17,17,37,38,39,40,17,41,17,17,42,43,17,17,17,17,17,44,17,45,46,17,17,17,17,17,17,17,47,48,49,50,51,17,17,17,17,52,53,54,17,17,17,55,17,17,17,17,17,17,17,17,17,17,56,57,17,17,17,17,58,59,60,58,58,58,58,58,61,62,63,64,65,66,67,68","0.00289797782897949","infomap","edit-xhwikibooks.graphml"
"0.08","0.86","0.06","0.703374137062403","1,1,1,2,3,4,5,6,7,8,9,10,11,11,11,12,13,14,15,16,17,1,18,6,19,19,19,20,21,22,23,24,25,26,27,27,28,29,17,17,17,17,30,31,32,33,17,34,35,36,17,17,17,17,17,37,38,39,40,17,41,17,17,42,43,17,17,17,17,17,44,17,45,46,17,17,17,17,17,17,17,47,48,49,50,51,17,17,17,17,52,53,54,17,17,17,55,17,17,17,17,17,17,17,17,17,17,56,57,17,17,17,17,58,59,60,58,58,58,58,58,61,62,63,64,65,66,67,68","0.00282001495361328","infomap","edit-xhwikibooks.graphml"
"0.07","0.87","0.06","0.703374137062403","1,1,1,2,3,4,5,6,7,8,9,10,11,11,11,12,13,14,15,16,17,1,18,6,19,19,19,20,21,22,23,24,25,26,27,27,28,29,17,17,17,17,30,31,32,33,17,34,35,36,17,17,17,17,17,37,38,39,40,17,41,17,17,42,43,17,17,17,17,17,44,17,45,46,17,17,17,17,17,17,17,47,48,49,50,51,17,17,17,17,52,53,54,17,17,17,55,17,17,17,17,17,17,17,17,17,17,56,57,17,17,17,17,58,59,60,58,58,58,58,58,61,62,63,64,65,66,67,68","0.00289487838745117","infomap","edit-xhwikibooks.graphml"
"0.06","0.88","0.06","0.70324974171128","1,1,1,2,3,4,5,6,7,8,9,10,11,11,11,12,13,14,15,16,17,1,18,6,19,19,19,20,21,22,23,24,25,26,27,27,28,29,17,17,17,17,30,31,32,33,17,34,35,36,17,17,17,17,17,37,38,39,40,17,41,17,17,42,43,17,17,17,17,17,44,17,45,46,17,17,17,17,17,17,17,47,48,49,50,51,17,17,17,17,52,53,54,17,17,17,55,17,17,17,17,17,17,17,17,17,17,56,57,17,17,17,17,58,59,60,58,58,58,58,58,61,62,63,64,65,66,67,68","0.00298786163330078","infomap","edit-xhwikibooks.graphml"
"0.05","0.89","0.06","0.708382172731632","1,1,1,2,3,4,5,6,7,8,9,10,11,11,11,12,13,14,15,16,17,1,18,6,19,19,19,20,21,22,23,24,25,26,27,27,28,29,17,17,17,17,30,31,32,33,17,34,35,36,17,17,17,17,17,37,38,39,40,17,41,17,17,42,43,17,17,17,17,17,44,17,45,46,17,17,17,17,17,17,17,47,48,49,50,51,17,17,17,17,52,53,54,17,17,17,55,17,17,17,17,17,17,17,17,17,17,56,57,17,17,17,17,58,59,60,58,58,58,58,58,61,62,63,64,65,66,67,68","0.00279903411865234","infomap","edit-xhwikibooks.graphml"
"0.04","0.9","0.06","0.70678347107438","1,1,1,2,3,4,5,6,7,8,9,10,11,11,11,12,13,14,15,16,17,1,18,6,19,19,19,20,21,22,23,24,25,26,27,27,28,29,17,17,17,17,30,31,32,33,17,34,35,36,17,17,17,17,17,37,38,39,40,17,41,17,17,42,43,17,17,17,17,17,44,17,45,46,17,17,17,17,17,17,17,47,48,49,50,51,17,17,17,17,52,53,54,17,17,17,55,17,17,17,17,17,17,17,17,17,17,56,57,17,17,17,17,58,59,60,58,58,58,58,58,61,62,63,64,65,66,67,68","0.00283002853393555","infomap","edit-xhwikibooks.graphml"
"0.03","0.91","0.06","0.70678347107438","1,1,1,2,3,4,5,6,7,8,9,10,11,11,11,12,13,14,15,16,17,1,18,6,19,19,19,20,21,22,23,24,25,26,27,27,28,29,17,17,17,17,30,31,32,33,17,34,35,36,17,17,17,17,17,37,38,39,40,17,41,17,17,42,43,17,17,17,17,17,44,17,45,46,17,17,17,17,17,17,17,47,48,49,50,51,17,17,17,17,52,53,54,17,17,17,55,17,17,17,17,17,17,17,17,17,17,56,57,17,17,17,17,58,59,60,58,58,58,58,58,61,62,63,64,65,66,67,68","0.00283408164978027","infomap","edit-xhwikibooks.graphml"
"0.02","0.92","0.06","0.705189298466709","1,1,1,2,3,4,5,6,7,8,9,10,11,11,11,12,13,14,15,16,17,1,18,6,19,19,19,20,21,22,23,24,25,26,27,27,28,29,17,17,17,17,30,31,32,33,17,34,35,36,17,17,17,17,17,37,38,39,40,17,41,17,17,42,43,17,17,17,17,17,44,17,45,46,17,17,17,17,17,17,17,47,48,49,50,51,17,17,17,17,52,53,54,17,17,17,55,17,17,17,17,17,17,17,17,17,17,56,57,17,17,17,17,58,59,60,58,58,58,58,58,61,62,63,64,65,66,67,68","0.00280308723449707","infomap","edit-xhwikibooks.graphml"
"0.01","0.93","0.06","0.706623310612676","1,1,1,2,3,4,5,6,7,8,9,10,11,11,11,12,13,14,15,16,17,1,18,6,19,19,19,20,21,22,23,24,25,26,27,27,28,29,17,17,17,17,30,31,32,33,17,34,35,36,17,17,17,17,17,37,38,39,40,17,41,17,17,42,43,17,17,17,17,17,44,17,45,46,17,17,17,17,17,17,17,47,48,49,50,51,17,17,17,17,52,53,54,17,17,17,55,17,17,17,17,17,17,17,17,17,17,56,57,17,17,17,17,58,59,60,58,58,58,58,58,61,62,63,64,65,66,67,68","0.0029299259185791","infomap","edit-xhwikibooks.graphml"
"0","0.94","0.06","0.701631271160357","1,1,1,1,1,2,3,1,4,5,6,7,8,8,8,9,10,11,12,13,14,1,15,1,16,16,16,17,1,18,19,20,21,22,23,23,24,25,14,14,14,14,26,27,28,29,14,30,31,32,14,14,14,14,14,33,34,35,36,14,37,14,14,38,39,14,14,14,14,14,40,14,41,42,14,14,14,14,14,14,14,43,44,45,46,47,14,14,14,14,48,49,50,14,14,14,51,14,14,14,14,14,14,14,14,14,14,52,53,14,14,14,14,54,55,56,54,54,54,54,54,57,58,59,60,61,62,63,64","0.00294899940490723","infomap","edit-xhwikibooks.graphml"
"0.93","0","0.07","0.443169592645117","1,2,1,1,1,2,1,2,3,4,5,1,6,3,3,7,4,5,5,8,2,9,6,6,3,3,3,7,10,4,5,5,8,8,11,11,12,3,2,2,2,2,9,9,9,9,2,9,9,9,2,2,2,2,2,9,9,9,9,2,6,2,2,6,3,2,2,2,2,2,9,2,3,3,2,2,2,2,2,2,2,3,7,7,7,10,2,2,2,2,4,5,5,2,2,2,7,2,2,2,2,2,2,2,2,2,2,8,8,2,2,2,2,11,11,11,11,11,11,11,11,12,12,12,12,12,12,12,12","0.0107500553131104","infomap","edit-xhwikibooks.graphml"
"0.92","0.01","0.07","0.443169592645117","1,2,1,1,1,2,1,2,3,4,5,1,6,3,3,7,4,5,5,8,2,9,6,6,3,3,3,7,10,4,5,5,8,8,11,11,12,3,2,2,2,2,9,9,9,9,2,9,9,9,2,2,2,2,2,9,9,9,9,2,6,2,2,6,3,2,2,2,2,2,9,2,3,3,2,2,2,2,2,2,2,3,7,7,7,10,2,2,2,2,4,5,5,2,2,2,7,2,2,2,2,2,2,2,2,2,2,8,8,2,2,2,2,11,11,11,11,11,11,11,11,12,12,12,12,12,12,12,12","0.0106279850006104","infomap","edit-xhwikibooks.graphml"
"0.91","0.02","0.07","0.443169592645117","1,2,1,1,1,2,1,2,3,4,5,1,6,3,3,7,4,5,5,8,2,9,6,6,3,3,3,7,10,4,5,5,8,8,11,11,12,3,2,2,2,2,9,9,9,9,2,9,9,9,2,2,2,2,2,9,9,9,9,2,6,2,2,6,3,2,2,2,2,2,9,2,3,3,2,2,2,2,2,2,2,3,7,7,7,10,2,2,2,2,4,5,5,2,2,2,7,2,2,2,2,2,2,2,2,2,2,8,8,2,2,2,2,11,11,11,11,11,11,11,11,12,12,12,12,12,12,12,12","0.0100789070129395","infomap","edit-xhwikibooks.graphml"
"0.9","0.03","0.07","0.441980599497383","1,2,1,1,1,2,1,2,3,4,5,1,6,3,3,7,4,5,5,8,2,9,6,6,3,3,3,7,10,4,5,5,8,8,11,11,12,3,2,2,2,2,9,9,9,9,2,9,9,9,2,2,2,2,2,9,9,9,9,2,6,2,2,6,3,2,2,2,2,2,9,2,3,3,2,2,2,2,2,2,2,3,7,7,7,10,2,2,2,2,4,5,5,2,2,2,7,2,2,2,2,2,2,2,2,2,2,8,8,2,2,2,2,11,11,11,11,11,11,11,11,12,12,12,12,12,12,12,12","0.00984096527099609","infomap","edit-xhwikibooks.graphml"
"0.89","0.04","0.07","0.441980599497383","1,2,1,1,1,2,1,2,3,4,5,1,6,3,3,7,4,5,5,8,2,9,6,6,3,3,3,7,10,4,5,5,8,8,11,11,12,3,2,2,2,2,9,9,9,9,2,9,9,9,2,2,2,2,2,9,9,9,9,2,6,2,2,6,3,2,2,2,2,2,9,2,3,3,2,2,2,2,2,2,2,3,7,7,7,10,2,2,2,2,4,5,5,2,2,2,7,2,2,2,2,2,2,2,2,2,2,8,8,2,2,2,2,11,11,11,11,11,11,11,11,12,12,12,12,12,12,12,12","0.00948190689086914","infomap","edit-xhwikibooks.graphml"
"0.88","0.05","0.07","0.440797405478395","1,2,1,1,1,2,1,2,3,4,5,1,6,3,3,7,4,5,5,8,2,9,6,6,3,3,3,7,10,4,5,5,8,8,11,11,12,3,2,2,2,2,9,9,9,9,2,9,9,9,2,2,2,2,2,9,9,9,9,2,6,2,2,6,3,2,2,2,2,2,9,2,3,3,2,2,2,2,2,2,2,3,7,7,7,10,2,2,2,2,4,5,5,2,2,2,7,2,2,2,2,2,2,2,2,2,2,8,8,2,2,2,2,11,11,11,11,11,11,11,11,12,12,12,12,12,12,12,12","0.0125679969787598","infomap","edit-xhwikibooks.graphml"
"0.87","0.06","0.07","0.440797405478395","1,2,1,1,1,2,1,2,3,4,5,1,6,3,3,7,4,5,5,8,2,9,6,6,3,3,3,7,10,4,5,5,8,8,11,11,12,3,2,2,2,2,9,9,9,9,2,9,9,9,2,2,2,2,2,9,9,9,9,2,6,2,2,6,3,2,2,2,2,2,9,2,3,3,2,2,2,2,2,2,2,3,7,7,7,10,2,2,2,2,4,5,5,2,2,2,7,2,2,2,2,2,2,2,2,2,2,8,8,2,2,2,2,11,11,11,11,11,11,11,11,12,12,12,12,12,12,12,12","0.00949215888977051","infomap","edit-xhwikibooks.graphml"
"0.86","0.07","0.07","0.439619975814466","1,2,1,1,1,2,1,2,3,4,5,1,6,3,3,7,4,5,5,8,2,9,6,6,3,3,3,7,10,4,5,5,8,8,11,11,12,3,2,2,2,2,9,9,9,9,2,9,9,9,2,2,2,2,2,9,9,9,9,2,6,2,2,6,3,2,2,2,2,2,9,2,3,3,2,2,2,2,2,2,2,3,7,7,7,10,2,2,2,2,4,5,5,2,2,2,7,2,2,2,2,2,2,2,2,2,2,8,8,2,2,2,2,11,11,11,11,11,11,11,11,12,12,12,12,12,12,12,12","0.0101079940795898","infomap","edit-xhwikibooks.graphml"
"0.85","0.08","0.07","0.436872883964297","1,2,1,1,1,2,1,3,3,4,5,1,3,3,3,6,4,5,5,7,2,8,3,3,3,3,3,6,2,4,5,5,7,7,9,9,10,3,2,2,2,2,8,8,8,8,2,8,8,8,2,2,2,2,2,8,8,8,8,2,11,2,2,3,3,2,2,2,2,2,8,2,3,3,2,2,2,2,2,2,2,3,6,6,6,12,2,2,2,2,13,14,15,2,2,2,6,2,2,2,2,2,2,2,2,2,2,7,7,2,2,2,2,9,9,9,9,9,9,9,9,10,10,10,10,10,10,10,10","0.00697207450866699","infomap","edit-xhwikibooks.graphml"
"0.84","0.09","0.07","0.451586874663798","1,2,1,1,1,3,1,4,3,3,5,1,4,4,4,6,3,5,5,7,2,8,4,4,4,4,4,6,2,3,5,5,7,7,9,9,10,4,2,2,2,2,8,8,8,8,2,8,8,8,2,2,2,2,2,8,8,8,8,2,11,2,2,4,4,2,2,2,2,2,8,2,4,4,2,2,2,2,2,2,2,4,6,6,6,12,2,2,2,2,13,14,15,2,2,2,6,2,2,2,2,2,2,2,2,2,2,7,7,2,2,2,2,9,9,9,9,9,9,9,9,10,10,10,10,10,10,10,10","0.00835299491882324","infomap","edit-xhwikibooks.graphml"
"0.83","0.1","0.07","0.435693676952418","1,2,1,1,1,2,1,3,3,4,5,1,3,3,3,6,4,5,5,7,2,8,3,3,3,3,3,6,2,4,5,5,7,7,9,9,10,3,2,2,2,2,8,8,8,8,2,8,8,8,2,2,2,2,2,8,8,8,8,2,11,2,2,3,3,2,2,2,2,2,8,2,3,3,2,2,2,2,2,2,2,3,6,6,6,12,2,2,2,2,13,14,15,2,2,2,6,2,2,2,2,2,2,2,2,2,2,7,7,2,2,2,2,9,9,9,9,9,9,9,9,10,10,10,10,10,10,10,10","0.00805902481079102","infomap","edit-xhwikibooks.graphml"
"0.82","0.11","0.07","0.423715232672486","1,2,1,1,1,2,1,3,4,5,6,1,3,3,4,7,5,6,6,8,2,9,3,3,4,10,4,7,2,5,6,6,8,8,11,11,12,4,2,2,2,2,9,9,9,9,2,9,9,9,2,2,2,2,2,9,9,9,9,2,13,2,2,3,4,2,2,2,2,2,9,2,10,10,2,2,2,2,2,2,2,4,7,7,7,14,2,2,2,2,15,16,17,2,2,2,7,2,2,2,2,2,2,2,2,2,2,8,8,2,2,2,2,11,11,11,11,11,11,11,11,12,12,12,12,12,12,12,12","0.00892400741577148","infomap","edit-xhwikibooks.graphml"
"0.81","0.12","0.07","0.441374025694137","1,2,1,1,1,2,1,3,3,4,5,1,3,3,3,6,4,5,5,7,2,8,3,3,3,3,3,6,2,4,5,5,7,7,9,9,10,3,2,2,2,2,8,8,8,8,2,8,8,8,2,2,2,2,2,8,8,8,8,2,11,2,2,3,3,2,2,2,2,2,8,2,3,3,2,2,2,2,2,2,2,3,6,6,6,12,2,2,2,2,13,14,15,2,2,2,6,2,2,2,2,2,2,2,2,2,2,7,7,2,2,2,2,9,9,9,9,9,9,9,9,10,10,10,10,10,10,10,10","0.0104811191558838","infomap","edit-xhwikibooks.graphml"
"0.8","0.13","0.07","0.442565342847906","1,2,1,1,1,2,1,3,3,4,5,1,3,3,3,6,4,5,5,7,2,8,3,3,3,3,3,6,2,4,5,5,7,7,9,9,10,3,2,2,2,2,8,8,8,8,2,8,8,8,2,2,2,2,2,8,8,8,8,2,11,2,2,3,3,2,2,2,2,2,8,2,3,3,2,2,2,2,2,2,2,3,6,6,6,12,2,2,2,2,13,14,15,2,2,2,6,2,2,2,2,2,2,2,2,2,2,7,7,2,2,2,2,9,9,9,9,9,9,9,9,10,10,10,10,10,10,10,10","0.00862002372741699","infomap","edit-xhwikibooks.graphml"
"0.79","0.14","0.07","0.442565342847906","1,2,1,1,1,2,1,3,3,4,5,1,3,3,3,6,4,5,5,7,2,8,3,3,3,3,3,6,2,4,5,5,7,7,9,9,10,3,2,2,2,2,8,8,8,8,2,8,8,8,2,2,2,2,2,8,8,8,8,2,11,2,2,3,3,2,2,2,2,2,8,2,3,3,2,2,2,2,2,2,2,3,6,6,6,12,2,2,2,2,13,14,15,2,2,2,6,2,2,2,2,2,2,2,2,2,2,7,7,2,2,2,2,9,9,9,9,9,9,9,9,10,10,10,10,10,10,10,10","0.0111939907073975","infomap","edit-xhwikibooks.graphml"
"0.78","0.15","0.07","0.422161863085358","1,2,1,1,3,1,3,2,1,1,3,4,5,6,6,7,8,3,3,4,2,9,5,5,6,6,6,7,2,10,11,3,4,4,12,12,13,6,2,2,2,2,9,9,9,9,2,9,9,9,2,2,2,2,2,9,9,9,9,2,14,2,2,15,16,2,2,2,2,2,9,2,6,6,2,2,2,2,2,2,2,17,7,7,7,18,2,2,2,2,19,20,21,2,2,2,22,2,2,2,2,2,2,2,2,2,2,23,24,2,2,2,2,12,12,12,12,12,12,12,12,13,13,13,13,13,13,13,13","0.00808811187744141","infomap","edit-xhwikibooks.graphml"
"0.77","0.16","0.07","0.425726379402914","1,2,1,1,3,1,3,2,1,1,3,4,5,6,6,7,8,3,3,4,2,9,5,5,6,6,6,7,2,10,11,3,4,4,12,12,13,6,2,2,2,2,9,9,9,9,2,9,9,9,2,2,2,2,2,9,9,9,9,2,14,2,2,15,16,2,2,2,2,2,9,2,6,6,2,2,2,2,2,2,2,17,7,7,7,18,2,2,2,2,19,20,21,2,2,2,22,2,2,2,2,2,2,2,2,2,2,23,24,2,2,2,2,12,12,12,12,12,12,12,12,13,13,13,13,13,13,13,13","0.00753593444824219","infomap","edit-xhwikibooks.graphml"
"0.76","0.17","0.07","0.427983995075408","1,2,1,1,3,1,3,2,1,1,3,4,5,6,6,7,8,3,3,4,2,9,5,5,6,6,6,7,2,10,11,3,4,4,12,12,13,6,2,2,2,2,9,9,9,9,2,9,9,9,2,2,2,2,2,9,9,9,9,2,14,2,2,15,16,2,2,2,2,2,9,2,6,6,2,2,2,2,2,2,2,17,7,7,7,18,2,2,2,2,19,20,21,2,2,2,22,2,2,2,2,2,2,2,2,2,2,23,24,2,2,2,2,12,12,12,12,12,12,12,12,13,13,13,13,13,13,13,13","0.00778794288635254","infomap","edit-xhwikibooks.graphml"
"0.75","0.18","0.07","0.427983995075408","1,2,1,1,3,1,3,2,1,1,3,4,5,6,6,7,8,3,3,4,2,9,5,5,6,6,6,7,2,10,11,3,4,4,12,12,13,6,2,2,2,2,9,9,9,9,2,9,9,9,2,2,2,2,2,9,9,9,9,2,14,2,2,15,16,2,2,2,2,2,9,2,6,6,2,2,2,2,2,2,2,17,7,7,7,18,2,2,2,2,19,20,21,2,2,2,22,2,2,2,2,2,2,2,2,2,2,23,24,2,2,2,2,12,12,12,12,12,12,12,12,13,13,13,13,13,13,13,13","0.00629305839538574","infomap","edit-xhwikibooks.graphml"
"0.74","0.19","0.07","0.425633430052568","1,2,1,1,3,1,3,2,1,1,3,4,5,6,6,7,8,3,3,4,2,9,5,5,6,6,6,7,2,10,11,3,4,4,12,12,13,6,2,2,2,2,9,9,9,9,2,9,9,9,2,2,2,2,2,9,9,9,9,2,14,2,2,15,16,2,2,2,2,2,9,2,6,6,2,2,2,2,2,2,2,17,7,7,7,18,2,2,2,2,19,20,21,2,2,2,22,2,2,2,2,2,2,2,2,2,2,23,24,2,2,2,2,12,12,12,12,12,12,12,12,13,13,13,13,13,13,13,13","0.00597691535949707","infomap","edit-xhwikibooks.graphml"
"0.73","0.2","0.07","0.432717520144634","1,2,1,1,3,1,3,2,1,1,3,4,5,6,6,7,8,3,3,4,2,9,5,5,6,6,6,7,2,10,11,3,4,4,12,12,13,6,2,2,2,2,9,9,9,9,2,9,9,9,2,2,2,2,2,9,9,9,9,2,14,2,2,15,16,2,2,2,2,2,9,2,6,6,2,2,2,2,2,2,2,17,7,7,7,18,2,2,2,2,19,20,21,2,2,2,22,2,2,2,2,2,2,2,2,2,2,23,24,2,2,2,2,12,12,12,12,12,12,12,12,13,13,13,13,13,13,13,13","0.00694608688354492","infomap","edit-xhwikibooks.graphml"
"0.72","0.21","0.07","0.431545778834721","1,2,1,1,3,1,3,2,1,1,3,4,5,6,6,7,8,3,3,4,2,9,5,5,6,6,6,7,2,10,11,3,4,4,12,12,13,6,2,2,2,2,9,9,9,9,2,9,9,9,2,2,2,2,2,9,9,9,9,2,14,2,2,15,16,2,2,2,2,2,9,2,6,6,2,2,2,2,2,2,2,17,7,7,7,18,2,2,2,2,19,20,21,2,2,2,22,2,2,2,2,2,2,2,2,2,2,23,24,2,2,2,2,12,12,12,12,12,12,12,12,13,13,13,13,13,13,13,13","0.00875997543334961","infomap","edit-xhwikibooks.graphml"
"0.71","0.22","0.07","0.404464660785549","1,2,1,3,4,3,5,6,3,3,5,7,6,6,6,3,8,9,5,10,2,11,12,6,6,6,6,3,2,13,14,15,10,16,17,17,18,6,2,2,2,2,11,11,11,11,2,11,11,11,2,2,2,2,2,11,11,11,11,2,19,2,2,20,21,2,2,2,2,2,11,2,22,23,2,2,2,2,2,2,2,24,25,26,27,28,2,2,2,2,29,30,31,2,2,2,32,2,2,2,2,2,2,2,2,2,2,33,34,2,2,2,2,17,17,17,17,17,17,17,17,18,18,18,18,18,18,18,18","0.00391006469726562","infomap","edit-xhwikibooks.graphml"
"0.7","0.23","0.07","0.410869593145001","1,2,1,3,4,3,5,6,3,3,5,7,6,6,6,3,8,9,5,10,2,11,12,6,6,6,6,3,2,13,14,15,10,16,17,17,18,6,2,2,2,2,11,11,11,11,2,11,11,11,2,2,2,2,2,11,11,11,11,2,19,2,2,20,21,2,2,2,2,2,11,2,22,23,2,2,2,2,2,2,2,24,25,26,27,28,2,2,2,2,29,30,31,2,2,2,32,2,2,2,2,2,2,2,2,2,2,33,34,2,2,2,2,17,17,17,17,17,17,17,17,18,18,18,18,18,18,18,18","0.0038609504699707","infomap","edit-xhwikibooks.graphml"
"0.69","0.24","0.07","0.414585459183674","1,2,1,3,4,3,5,6,3,3,5,7,6,6,6,3,8,9,5,10,2,11,12,6,6,6,6,3,2,13,14,15,10,16,17,17,18,6,2,2,2,2,11,11,11,11,2,11,11,11,2,2,2,2,2,11,11,11,11,2,19,2,2,20,21,2,2,2,2,2,11,2,22,23,2,2,2,2,2,2,2,24,25,26,27,28,2,2,2,2,29,30,31,2,2,2,32,2,2,2,2,2,2,2,2,2,2,33,34,2,2,2,2,17,17,17,17,17,17,17,17,18,18,18,18,18,18,18,18","0.00371384620666504","infomap","edit-xhwikibooks.graphml"
"0.68","0.25","0.07","0.424425957151359","1,2,1,3,4,3,5,6,3,3,5,7,6,6,6,3,8,9,5,10,2,11,12,6,6,6,6,3,2,13,14,15,10,16,17,17,18,6,2,2,2,2,11,11,11,11,2,11,11,11,2,2,2,2,2,11,11,11,11,2,19,2,2,20,21,2,2,2,2,2,11,2,22,23,2,2,2,2,2,2,2,24,25,26,27,28,2,2,2,2,29,30,31,2,2,2,32,2,2,2,2,2,2,2,2,2,2,33,34,2,2,2,2,17,17,17,17,17,17,17,17,18,18,18,18,18,18,18,18","0.00383090972900391","infomap","edit-xhwikibooks.graphml"
"0.67","0.26","0.07","0.424425957151359","1,2,1,3,4,3,5,6,3,3,5,7,6,6,6,3,8,9,5,10,2,11,12,6,6,6,6,3,2,13,14,15,10,16,17,17,18,6,2,2,2,2,11,11,11,11,2,11,11,11,2,2,2,2,2,11,11,11,11,2,19,2,2,20,21,2,2,2,2,2,11,2,22,23,2,2,2,2,2,2,2,24,25,26,27,28,2,2,2,2,29,30,31,2,2,2,32,2,2,2,2,2,2,2,2,2,2,33,34,2,2,2,2,17,17,17,17,17,17,17,17,18,18,18,18,18,18,18,18","0.00390887260437012","infomap","edit-xhwikibooks.graphml"
"0.66","0.27","0.07","0.424425957151359","1,2,1,3,4,3,5,6,3,3,5,7,6,6,6,3,8,9,5,10,2,11,12,6,6,6,6,3,2,13,14,15,10,16,17,17,18,6,2,2,2,2,11,11,11,11,2,11,11,11,2,2,2,2,2,11,11,11,11,2,19,2,2,20,21,2,2,2,2,2,11,2,22,23,2,2,2,2,2,2,2,24,25,26,27,28,2,2,2,2,29,30,31,2,2,2,32,2,2,2,2,2,2,2,2,2,2,33,34,2,2,2,2,17,17,17,17,17,17,17,17,18,18,18,18,18,18,18,18","0.0039069652557373","infomap","edit-xhwikibooks.graphml"
"0.65","0.28","0.07","0.423237919359803","1,2,1,3,4,3,5,6,3,3,5,7,6,6,6,3,8,9,5,10,2,11,12,6,6,6,6,3,2,13,14,15,10,16,17,17,18,6,2,2,2,2,11,11,11,11,2,11,11,11,2,2,2,2,2,11,11,11,11,2,19,2,2,20,21,2,2,2,2,2,11,2,22,23,2,2,2,2,2,2,2,24,25,26,27,28,2,2,2,2,29,30,31,2,2,2,32,2,2,2,2,2,2,2,2,2,2,33,34,2,2,2,2,17,17,17,17,17,17,17,17,18,18,18,18,18,18,18,18","0.00371789932250977","infomap","edit-xhwikibooks.graphml"
"0.64","0.29","0.07","0.421698323745289","1,2,1,3,4,3,5,6,3,3,7,8,6,6,6,3,9,10,11,12,2,13,14,6,6,6,6,3,2,15,16,17,18,19,11,11,20,6,2,2,2,2,13,13,13,13,2,13,13,13,2,2,2,2,2,13,13,13,13,2,21,2,2,22,23,2,2,2,2,2,13,2,24,25,2,2,2,2,2,2,2,26,27,28,29,30,2,2,2,2,31,32,33,2,2,2,34,2,2,2,2,2,2,2,2,2,2,35,36,2,2,2,2,11,11,11,11,11,11,11,11,20,20,20,20,20,20,20,20","0.00373101234436035","infomap","edit-xhwikibooks.graphml"
"0.63","0.3","0.07","0.482003116191943","1,2,1,3,4,3,5,6,3,3,7,8,6,6,6,3,9,10,11,12,2,13,14,6,6,6,6,3,2,15,16,17,18,19,11,11,20,6,2,2,2,2,13,13,13,13,2,13,13,13,2,2,2,2,2,13,13,13,13,2,21,2,2,22,23,2,2,2,2,2,13,2,24,25,2,2,2,2,2,2,2,26,27,28,29,30,2,2,2,2,31,32,33,2,2,2,34,2,2,2,2,2,2,2,2,2,2,35,36,2,2,2,2,11,11,11,11,11,11,11,11,20,20,20,20,20,20,20,20","0.00369501113891602","infomap","edit-xhwikibooks.graphml"
"0.62","0.31","0.07","0.489669599352628","1,2,1,3,4,3,5,6,3,3,7,8,6,6,6,3,9,10,11,12,2,13,14,6,6,6,6,3,2,15,16,17,18,19,11,11,20,6,2,2,2,2,13,13,13,13,2,13,13,13,2,2,2,2,2,13,13,13,13,2,21,2,2,22,23,2,2,2,2,2,13,2,24,25,2,2,2,2,2,2,2,26,27,28,29,30,2,2,2,2,31,32,33,2,2,2,34,2,2,2,2,2,2,2,2,2,2,35,36,2,2,2,2,11,11,11,11,11,11,11,11,20,20,20,20,20,20,20,20","0.00364303588867188","infomap","edit-xhwikibooks.graphml"
"0.61","0.32","0.07","0.488158254217608","1,2,1,3,4,3,5,6,3,3,7,8,6,6,6,3,9,10,11,12,2,13,14,6,6,6,6,3,2,15,16,17,18,19,11,11,20,6,2,2,2,2,13,13,13,13,2,13,13,13,2,2,2,2,2,13,13,13,13,2,21,2,2,22,23,2,2,2,2,2,13,2,24,25,2,2,2,2,2,2,2,26,27,28,29,30,2,2,2,2,31,32,33,2,2,2,34,2,2,2,2,2,2,2,2,2,2,35,36,2,2,2,2,11,11,11,11,11,11,11,11,20,20,20,20,20,20,20,20","0.00356292724609375","infomap","edit-xhwikibooks.graphml"
"0.6","0.33","0.07","0.488158254217608","1,2,1,3,4,3,5,6,3,3,7,8,6,6,6,3,9,10,11,12,2,13,14,6,6,6,6,3,2,15,16,17,18,19,11,11,20,6,2,2,2,2,13,13,13,13,2,13,13,13,2,2,2,2,2,13,13,13,13,2,21,2,2,22,23,2,2,2,2,2,13,2,24,25,2,2,2,2,2,2,2,26,27,28,29,30,2,2,2,2,31,32,33,2,2,2,34,2,2,2,2,2,2,2,2,2,2,35,36,2,2,2,2,11,11,11,11,11,11,11,11,20,20,20,20,20,20,20,20","0.00358486175537109","infomap","edit-xhwikibooks.graphml"
"0.59","0.34","0.07","0.533747672182773","1,2,1,3,4,3,5,6,3,3,7,8,6,6,6,3,9,10,11,12,2,13,14,6,6,6,6,3,2,15,16,17,18,19,11,11,20,6,2,2,2,2,13,13,13,13,2,13,13,13,2,2,2,2,2,13,13,13,13,2,21,2,2,22,23,2,2,2,2,2,13,2,24,25,2,2,2,2,2,2,2,26,27,28,29,30,2,2,2,2,31,32,33,2,2,2,34,2,2,2,2,2,2,2,2,2,2,35,36,2,2,2,2,11,11,11,11,11,11,11,11,20,20,20,20,20,20,20,20","0.0036170482635498","infomap","edit-xhwikibooks.graphml"
"0.58","0.35","0.07","0.533747672182773","1,2,1,3,4,3,5,6,3,3,7,8,6,6,6,3,9,10,11,12,2,13,14,6,6,6,6,3,2,15,16,17,18,19,11,11,20,6,2,2,2,2,13,13,13,13,2,13,13,13,2,2,2,2,2,13,13,13,13,2,21,2,2,22,23,2,2,2,2,2,13,2,24,25,2,2,2,2,2,2,2,26,27,28,29,30,2,2,2,2,31,32,33,2,2,2,34,2,2,2,2,2,2,2,2,2,2,35,36,2,2,2,2,11,11,11,11,11,11,11,11,20,20,20,20,20,20,20,20","0.00321316719055176","infomap","edit-xhwikibooks.graphml"
"0.57","0.36","0.07","0.526683747597994","1,2,1,3,4,5,6,5,7,8,9,10,5,7,7,5,11,12,13,14,2,15,16,7,7,7,7,17,18,19,20,21,22,23,13,13,24,7,2,2,2,2,15,15,15,15,2,15,15,15,2,2,2,2,2,15,15,15,15,2,25,2,2,26,27,2,2,2,2,2,15,2,28,29,2,2,2,2,2,2,2,30,31,32,33,34,2,2,2,2,35,36,37,2,2,2,38,2,2,2,2,2,2,2,2,2,2,39,40,2,2,2,2,13,13,13,13,13,13,13,13,24,24,24,24,24,24,24,24","0.00331592559814453","infomap","edit-xhwikibooks.graphml"
"0.56","0.37","0.07","0.528210821365583","1,2,1,3,4,5,6,5,7,8,9,10,5,7,7,5,11,12,13,14,2,15,16,7,7,7,7,17,18,19,20,21,22,23,13,13,24,7,2,2,2,2,15,15,15,15,2,15,15,15,2,2,2,2,2,15,15,15,15,2,25,2,2,26,27,2,2,2,2,2,15,2,28,29,2,2,2,2,2,2,2,30,31,32,33,34,2,2,2,2,35,36,37,2,2,2,38,2,2,2,2,2,2,2,2,2,2,39,40,2,2,2,2,13,13,13,13,13,13,13,13,24,24,24,24,24,24,24,24","0.00308704376220703","infomap","edit-xhwikibooks.graphml"
"0.55","0.38","0.07","0.526683747597994","1,2,1,3,4,5,6,5,7,8,9,10,5,7,7,5,11,12,13,14,2,15,16,7,7,7,7,17,18,19,20,21,22,23,13,13,24,7,2,2,2,2,15,15,15,15,2,15,15,15,2,2,2,2,2,15,15,15,15,2,25,2,2,26,27,2,2,2,2,2,15,2,28,29,2,2,2,2,2,2,2,30,31,32,33,34,2,2,2,2,35,36,37,2,2,2,38,2,2,2,2,2,2,2,2,2,2,39,40,2,2,2,2,13,13,13,13,13,13,13,13,24,24,24,24,24,24,24,24","0.00323891639709473","infomap","edit-xhwikibooks.graphml"
"0.54","0.39","0.07","0.528266051518646","1,2,1,3,4,5,6,5,7,8,9,10,5,7,7,5,11,12,13,14,2,15,16,7,7,7,7,17,18,19,20,21,22,23,13,13,24,7,2,2,2,2,15,15,15,15,2,15,15,15,2,2,2,2,2,15,15,15,15,2,25,2,2,26,27,2,2,2,2,2,15,2,28,29,2,2,2,2,2,2,2,30,31,32,33,34,2,2,2,2,35,36,37,2,2,2,38,2,2,2,2,2,2,2,2,2,2,39,40,2,2,2,2,13,13,13,13,13,13,13,13,24,24,24,24,24,24,24,24","0.00330805778503418","infomap","edit-xhwikibooks.graphml"
"0.53","0.4","0.07","0.533058409951325","1,2,1,3,4,5,6,5,7,8,9,10,5,7,7,5,11,12,13,14,2,15,16,7,7,7,7,17,18,19,20,21,22,23,13,13,24,7,2,2,2,2,15,15,15,15,2,15,15,15,2,2,2,2,2,15,15,15,15,2,25,2,2,26,27,2,2,2,2,2,15,2,28,29,2,2,2,2,2,2,2,30,31,32,33,34,2,2,2,2,35,36,37,2,2,2,38,2,2,2,2,2,2,2,2,2,2,39,40,2,2,2,2,13,13,13,13,13,13,13,13,24,24,24,24,24,24,24,24","0.00322818756103516","infomap","edit-xhwikibooks.graphml"
"0.52","0.41","0.07","0.533058409951325","1,2,1,3,4,5,6,5,7,8,9,10,5,7,7,5,11,12,13,14,2,15,16,7,7,7,7,17,18,19,20,21,22,23,13,13,24,7,2,2,2,2,15,15,15,15,2,15,15,15,2,2,2,2,2,15,15,15,15,2,25,2,2,26,27,2,2,2,2,2,15,2,28,29,2,2,2,2,2,2,2,30,31,32,33,34,2,2,2,2,35,36,37,2,2,2,38,2,2,2,2,2,2,2,2,2,2,39,40,2,2,2,2,13,13,13,13,13,13,13,13,24,24,24,24,24,24,24,24","0.00322699546813965","infomap","edit-xhwikibooks.graphml"
"0.51","0.42","0.07","0.531558861674692","1,2,1,3,4,5,6,5,7,8,9,10,5,7,7,5,11,12,13,14,2,15,16,7,7,7,7,17,18,19,20,21,22,23,13,13,24,7,2,2,2,2,15,15,15,15,2,15,15,15,2,2,2,2,2,15,15,15,15,2,25,2,2,26,27,2,2,2,2,2,15,2,28,29,2,2,2,2,2,2,2,30,31,32,33,34,2,2,2,2,35,36,37,2,2,2,38,2,2,2,2,2,2,2,2,2,2,39,40,2,2,2,2,13,13,13,13,13,13,13,13,24,24,24,24,24,24,24,24","0.00323700904846191","infomap","edit-xhwikibooks.graphml"
"0.5","0.43","0.07","0.529047232738417","1,2,1,3,4,5,6,5,5,7,8,9,10,5,5,11,12,13,14,15,2,16,17,5,5,5,5,18,19,20,21,22,23,24,14,14,25,26,2,2,2,2,16,16,16,16,2,16,16,16,2,2,2,2,2,16,16,16,16,2,27,2,2,28,29,2,2,2,2,2,16,2,30,31,2,2,2,2,2,2,2,32,33,34,35,36,2,2,2,2,37,38,39,2,2,2,40,2,2,2,2,2,2,2,2,2,2,41,42,2,2,2,2,14,14,14,14,14,14,14,14,25,25,25,25,25,25,25,25","0.00330495834350586","infomap","edit-xhwikibooks.graphml"
"0.49","0.44","0.07","0.527563691656356","1,2,1,3,4,5,6,5,5,7,8,9,10,5,5,11,12,13,14,15,2,16,17,5,5,5,5,18,19,20,21,22,23,24,14,14,25,26,2,2,2,2,16,16,16,16,2,16,16,16,2,2,2,2,2,16,16,16,16,2,27,2,2,28,29,2,2,2,2,2,16,2,30,31,2,2,2,2,2,2,2,32,33,34,35,36,2,2,2,2,37,38,39,2,2,2,40,2,2,2,2,2,2,2,2,2,2,41,42,2,2,2,2,14,14,14,14,14,14,14,14,25,25,25,25,25,25,25,25","0.00317001342773438","infomap","edit-xhwikibooks.graphml"
"0.48","0.45","0.07","0.533543253915826","1,2,1,3,4,5,6,5,5,7,8,9,10,5,5,11,12,13,14,15,2,16,17,5,5,5,5,18,19,20,21,22,23,24,14,14,25,26,2,2,2,2,16,16,16,16,2,16,16,16,2,2,2,2,2,16,16,16,16,2,27,2,2,28,29,2,2,2,2,2,16,2,30,31,2,2,2,2,2,2,2,32,33,34,35,36,2,2,2,2,37,38,39,2,2,2,40,2,2,2,2,2,2,2,2,2,2,41,42,2,2,2,2,14,14,14,14,14,14,14,14,25,25,25,25,25,25,25,25","0.00333189964294434","infomap","edit-xhwikibooks.graphml"
"0.47","0.46","0.07","0.532071266243226","1,2,1,3,4,5,6,5,5,7,8,9,10,5,5,11,12,13,14,15,2,16,17,5,5,5,5,18,19,20,21,22,23,24,14,14,25,26,2,2,2,2,16,16,16,16,2,16,16,16,2,2,2,2,2,16,16,16,16,2,27,2,2,28,29,2,2,2,2,2,16,2,30,31,2,2,2,2,2,2,2,32,33,34,35,36,2,2,2,2,37,38,39,2,2,2,40,2,2,2,2,2,2,2,2,2,2,41,42,2,2,2,2,14,14,14,14,14,14,14,14,25,25,25,25,25,25,25,25","0.00323700904846191","infomap","edit-xhwikibooks.graphml"
"0.46","0.47","0.07","0.535030143561422","1,2,1,3,4,5,6,5,5,7,8,9,10,5,5,11,12,13,14,15,2,16,17,5,5,5,5,18,19,20,21,22,23,24,14,14,25,26,2,2,2,2,16,16,16,16,2,16,16,16,2,2,2,2,2,16,16,16,16,2,27,2,2,28,29,2,2,2,2,2,16,2,30,31,2,2,2,2,2,2,2,32,33,34,35,36,2,2,2,2,37,38,39,2,2,2,40,2,2,2,2,2,2,2,2,2,2,41,42,2,2,2,2,14,14,14,14,14,14,14,14,25,25,25,25,25,25,25,25","0.00320601463317871","infomap","edit-xhwikibooks.graphml"
"0.45","0.48","0.07","0.533567206152433","1,2,1,3,4,5,6,5,5,7,8,9,10,5,5,11,12,13,14,15,2,16,17,5,5,5,5,18,19,20,21,22,23,24,14,14,25,26,2,2,2,2,16,16,16,16,2,16,16,16,2,2,2,2,2,16,16,16,16,2,27,2,2,28,29,2,2,2,2,2,16,2,30,31,2,2,2,2,2,2,2,32,33,34,35,36,2,2,2,2,37,38,39,2,2,2,40,2,2,2,2,2,2,2,2,2,2,41,42,2,2,2,2,14,14,14,14,14,14,14,14,25,25,25,25,25,25,25,25","0.0032351016998291","infomap","edit-xhwikibooks.graphml"
"0.44","0.49","0.07","0.533567206152433","1,2,1,3,4,5,6,5,5,7,8,9,10,5,5,11,12,13,14,15,2,16,17,5,5,5,5,18,19,20,21,22,23,24,14,14,25,26,2,2,2,2,16,16,16,16,2,16,16,16,2,2,2,2,2,16,16,16,16,2,27,2,2,28,29,2,2,2,2,2,16,2,30,31,2,2,2,2,2,2,2,32,33,34,35,36,2,2,2,2,37,38,39,2,2,2,40,2,2,2,2,2,2,2,2,2,2,41,42,2,2,2,2,14,14,14,14,14,14,14,14,25,25,25,25,25,25,25,25","0.00315022468566895","infomap","edit-xhwikibooks.graphml"
"0.43","0.5","0.07","0.607105616769685","1,2,1,3,4,5,6,7,8,9,10,11,7,7,7,12,13,14,15,16,2,17,18,7,7,7,7,19,20,21,22,23,24,25,15,26,27,28,2,2,2,2,17,17,17,17,2,17,17,17,2,2,2,2,2,17,17,17,17,2,29,2,2,30,31,2,2,2,2,2,17,2,32,33,2,2,2,2,2,2,2,34,35,36,37,38,2,2,2,2,39,40,41,2,2,2,42,2,2,2,2,2,2,2,2,2,2,43,44,2,2,2,2,26,15,15,26,26,26,26,26,27,27,27,27,27,27,27,27","0.00349283218383789","infomap","edit-xhwikibooks.graphml"
"0.42","0.51","0.07","0.607105616769685","1,2,1,3,4,5,6,7,8,9,10,11,7,7,7,12,13,14,15,16,2,17,18,7,7,7,7,19,20,21,22,23,24,25,15,26,27,28,2,2,2,2,17,17,17,17,2,17,17,17,2,2,2,2,2,17,17,17,17,2,29,2,2,30,31,2,2,2,2,2,17,2,32,33,2,2,2,2,2,2,2,34,35,36,37,38,2,2,2,2,39,40,41,2,2,2,42,2,2,2,2,2,2,2,2,2,2,43,44,2,2,2,2,26,15,15,26,26,26,26,26,27,27,27,27,27,27,27,27","0.00325918197631836","infomap","edit-xhwikibooks.graphml"
"0.41","0.52","0.07","0.607105616769685","1,2,1,3,4,5,6,7,8,9,10,11,7,7,7,12,13,14,15,16,2,17,18,7,7,7,7,19,20,21,22,23,24,25,15,26,27,28,2,2,2,2,17,17,17,17,2,17,17,17,2,2,2,2,2,17,17,17,17,2,29,2,2,30,31,2,2,2,2,2,17,2,32,33,2,2,2,2,2,2,2,34,35,36,37,38,2,2,2,2,39,40,41,2,2,2,42,2,2,2,2,2,2,2,2,2,2,43,44,2,2,2,2,26,15,15,26,26,26,26,26,27,27,27,27,27,27,27,27","0.00339889526367188","infomap","edit-xhwikibooks.graphml"
"0.4","0.53","0.07","0.605824682814302","1,2,1,3,4,5,6,7,8,9,10,11,7,7,7,12,13,14,15,16,2,17,18,7,7,7,7,19,20,21,22,23,24,25,15,26,27,28,2,2,2,2,17,17,17,17,2,17,17,17,2,2,2,2,2,17,17,17,17,2,29,2,2,30,31,2,2,2,2,2,17,2,32,33,2,2,2,2,2,2,2,34,35,36,37,38,2,2,2,2,39,40,41,2,2,2,42,2,2,2,2,2,2,2,2,2,2,43,44,2,2,2,2,26,15,15,26,26,26,26,26,27,27,27,27,27,27,27,27","0.00327801704406738","infomap","edit-xhwikibooks.graphml"
"0.39","0.54","0.07","0.607847298114569","1,2,1,3,4,5,6,7,8,9,10,11,7,7,7,12,13,14,15,16,2,17,18,7,7,7,7,19,20,21,22,23,24,25,15,26,27,28,2,2,2,2,17,17,17,17,2,17,17,17,2,2,2,2,2,17,17,17,17,2,29,2,2,30,31,2,2,2,2,2,17,2,32,33,2,2,2,2,2,2,2,34,35,36,37,38,2,2,2,2,39,40,41,2,2,2,42,2,2,2,2,2,2,2,2,2,2,43,44,2,2,2,2,26,15,15,26,26,26,26,26,27,27,27,27,27,27,27,27","0.00341105461120605","infomap","edit-xhwikibooks.graphml"
"0.38","0.55","0.07","0.60657362118401","1,2,1,3,4,5,6,7,8,9,10,11,7,7,7,12,13,14,15,16,2,17,18,7,7,7,7,19,20,21,22,23,24,25,15,26,27,28,2,2,2,2,17,17,17,17,2,17,17,17,2,2,2,2,2,17,17,17,17,2,29,2,2,30,31,2,2,2,2,2,17,2,32,33,2,2,2,2,2,2,2,34,35,36,37,38,2,2,2,2,39,40,41,2,2,2,42,2,2,2,2,2,2,2,2,2,2,43,44,2,2,2,2,26,15,15,26,26,26,26,26,27,27,27,27,27,27,27,27","0.00326299667358398","infomap","edit-xhwikibooks.graphml"
"0.37","0.56","0.07","0.610822060353799","1,2,1,3,4,5,6,7,8,9,10,11,7,7,7,12,13,14,15,16,2,17,18,7,7,7,7,19,20,21,22,23,24,25,15,26,27,28,2,2,2,2,17,17,17,17,2,17,17,17,2,2,2,2,2,17,17,17,17,2,29,2,2,30,31,2,2,2,2,2,17,2,32,33,2,2,2,2,2,2,2,34,35,36,37,38,2,2,2,2,39,40,41,2,2,2,42,2,2,2,2,2,2,2,2,2,2,43,44,2,2,2,2,26,15,15,26,26,26,26,26,27,27,27,27,27,27,27,27","0.00333189964294434","infomap","edit-xhwikibooks.graphml"
"0.36","0.57","0.07","0.58332957974866","1,2,1,3,4,5,6,7,8,9,10,11,12,12,12,13,14,15,16,17,2,18,19,7,12,12,12,20,21,22,23,24,25,26,16,27,12,28,2,2,2,2,18,18,18,18,2,18,18,18,2,2,2,2,2,18,18,18,18,2,29,2,2,30,31,2,2,2,2,2,18,2,32,33,2,2,2,2,2,2,2,34,35,36,37,38,2,2,2,2,39,40,41,2,2,2,42,2,2,2,2,2,2,2,2,2,2,43,44,2,2,2,2,27,45,46,27,27,27,27,27,47,48,49,50,51,52,53,54","0.00312995910644531","infomap","edit-xhwikibooks.graphml"
"0.35","0.58","0.07","0.588528092526929","1,2,1,3,4,5,6,7,8,9,10,11,12,12,12,13,14,15,16,17,2,18,19,7,12,12,12,20,21,22,23,24,25,26,16,27,12,28,2,2,2,2,18,18,18,18,2,18,18,18,2,2,2,2,2,18,18,18,18,2,29,2,2,30,31,2,2,2,2,2,18,2,32,33,2,2,2,2,2,2,2,34,35,36,37,38,2,2,2,2,39,40,41,2,2,2,42,2,2,2,2,2,2,2,2,2,2,43,44,2,2,2,2,27,45,46,27,27,27,27,27,47,48,49,50,51,52,53,54","0.00392293930053711","infomap","edit-xhwikibooks.graphml"
"0.34","0.59","0.07","0.585942760013687","1,2,1,3,4,5,6,7,8,9,10,11,12,12,12,13,14,15,16,17,2,18,19,7,12,12,12,20,21,22,23,24,25,26,16,27,12,28,2,2,2,2,18,18,18,18,2,18,18,18,2,2,2,2,2,18,18,18,18,2,29,2,2,30,31,2,2,2,2,2,18,2,32,33,2,2,2,2,2,2,2,34,35,36,37,38,2,2,2,2,39,40,41,2,2,2,42,2,2,2,2,2,2,2,2,2,2,43,44,2,2,2,2,27,45,46,27,27,27,27,27,47,48,49,50,51,52,53,54","0.00337815284729004","infomap","edit-xhwikibooks.graphml"
"0.33","0.6","0.07","0.590486771449422","1,2,1,3,4,5,6,7,8,9,10,11,12,12,12,13,14,15,16,17,2,18,19,7,12,12,12,20,21,22,23,24,25,26,16,27,12,28,2,2,2,2,18,18,18,18,2,18,18,18,2,2,2,2,2,18,18,18,18,2,29,2,2,30,31,2,2,2,2,2,18,2,32,33,2,2,2,2,2,2,2,34,35,36,37,38,2,2,2,2,39,40,41,2,2,2,42,2,2,2,2,2,2,2,2,2,2,43,44,2,2,2,2,27,45,46,27,27,27,27,27,47,48,49,50,51,52,53,54","0.00328302383422852","infomap","edit-xhwikibooks.graphml"
"0.32","0.61","0.07","0.589205332409972","1,2,1,3,4,5,6,7,8,9,10,11,12,12,12,13,14,15,16,17,2,18,19,7,12,12,12,20,21,22,23,24,25,26,16,27,12,28,2,2,2,2,18,18,18,18,2,18,18,18,2,2,2,2,2,18,18,18,18,2,29,2,2,30,31,2,2,2,2,2,18,2,32,33,2,2,2,2,2,2,2,34,35,36,37,38,2,2,2,2,39,40,41,2,2,2,42,2,2,2,2,2,2,2,2,2,2,43,44,2,2,2,2,27,45,46,27,27,27,27,27,47,48,49,50,51,52,53,54","0.00427484512329102","infomap","edit-xhwikibooks.graphml"
"0.31","0.62","0.07","0.591335662456329","1,2,1,3,4,5,6,7,8,9,10,11,12,12,12,13,14,15,16,17,2,18,19,7,12,12,12,20,21,22,23,24,25,26,16,27,12,28,2,2,2,2,18,18,18,18,2,18,18,18,2,2,2,2,2,18,18,18,18,2,29,2,2,30,31,2,2,2,2,2,18,2,32,33,2,2,2,2,2,2,2,34,35,36,37,38,2,2,2,2,39,40,41,2,2,2,42,2,2,2,2,2,2,2,2,2,2,43,44,2,2,2,2,27,45,46,27,27,27,27,27,47,48,49,50,51,52,53,54","0.00355005264282227","infomap","edit-xhwikibooks.graphml"
"0.3","0.63","0.07","0.590061514801999","1,2,1,3,4,5,6,7,8,9,10,11,12,12,12,13,14,15,16,17,2,18,19,7,12,12,12,20,21,22,23,24,25,26,16,27,12,28,2,2,2,2,18,18,18,18,2,18,18,18,2,2,2,2,2,18,18,18,18,2,29,2,2,30,31,2,2,2,2,2,18,2,32,33,2,2,2,2,2,2,2,34,35,36,37,38,2,2,2,2,39,40,41,2,2,2,42,2,2,2,2,2,2,2,2,2,2,43,44,2,2,2,2,27,45,46,27,27,27,27,27,47,48,49,50,51,52,53,54","0.00407814979553223","infomap","edit-xhwikibooks.graphml"
"0.29","0.64","0.07","0.588078473528621","1,2,1,3,4,5,6,7,8,9,10,11,12,12,12,13,14,15,16,17,2,18,19,7,12,12,12,20,21,22,23,24,25,26,16,27,12,28,2,2,2,2,18,18,18,18,2,18,18,18,2,2,2,2,2,18,18,18,18,2,29,2,2,30,31,2,2,2,2,2,18,2,32,33,2,2,2,2,2,2,2,34,35,36,37,38,2,2,2,2,39,40,41,2,2,2,42,2,2,2,2,2,2,2,2,2,2,43,44,2,2,2,2,27,45,46,27,27,27,27,27,47,48,49,50,51,52,53,54","0.0049738883972168","infomap","edit-xhwikibooks.graphml"
"0.28","0.65","0.07","0.589258241466753","1,2,1,3,4,5,6,7,8,9,10,11,12,12,12,13,14,15,16,17,2,18,19,7,12,12,12,20,21,22,23,24,25,26,16,27,12,28,2,2,2,2,18,18,18,18,2,18,18,18,2,2,2,2,2,18,18,18,18,2,29,2,2,30,31,2,2,2,2,2,18,2,32,33,2,2,2,2,2,2,2,34,35,36,37,38,2,2,2,2,39,40,41,2,2,2,42,2,2,2,2,2,2,2,2,2,2,43,44,2,2,2,2,27,45,46,27,27,27,27,27,47,48,49,50,51,52,53,54","0.0257501602172852","infomap","edit-xhwikibooks.graphml"
"0.27","0.66","0.07","0.589258241466753","1,2,1,3,4,5,6,7,8,9,10,11,12,12,12,13,14,15,16,17,2,18,19,7,12,12,12,20,21,22,23,24,25,26,16,27,12,28,2,2,2,2,18,18,18,18,2,18,18,18,2,2,2,2,2,18,18,18,18,2,29,2,2,30,31,2,2,2,2,2,18,2,32,33,2,2,2,2,2,2,2,34,35,36,37,38,2,2,2,2,39,40,41,2,2,2,42,2,2,2,2,2,2,2,2,2,2,43,44,2,2,2,2,27,45,46,27,27,27,27,27,47,48,49,50,51,52,53,54","0.00396919250488281","infomap","edit-xhwikibooks.graphml"
"0.26","0.67","0.07","0.611415454650669","1,2,1,3,4,5,6,7,8,9,10,11,12,12,13,14,15,16,17,18,2,19,20,7,13,13,13,21,22,23,24,25,26,27,17,28,13,29,2,2,2,2,19,19,19,19,2,19,19,19,2,2,2,2,2,19,19,19,19,2,30,2,2,31,32,2,2,2,2,2,19,2,33,34,2,2,2,2,2,2,2,35,36,37,38,39,2,2,2,2,40,41,42,2,2,2,43,2,2,2,2,2,2,2,2,2,2,44,45,2,2,2,2,28,46,47,28,28,28,28,28,48,49,50,51,52,53,54,55","0.0033271312713623","infomap","edit-xhwikibooks.graphml"
"0.25","0.68","0.07","0.611415454650669","1,2,1,3,4,5,6,7,8,9,10,11,12,12,13,14,15,16,17,18,2,19,20,7,13,13,13,21,22,23,24,25,26,27,17,28,13,29,2,2,2,2,19,19,19,19,2,19,19,19,2,2,2,2,2,19,19,19,19,2,30,2,2,31,32,2,2,2,2,2,19,2,33,34,2,2,2,2,2,2,2,35,36,37,38,39,2,2,2,2,40,41,42,2,2,2,43,2,2,2,2,2,2,2,2,2,2,44,45,2,2,2,2,28,46,47,28,28,28,28,28,48,49,50,51,52,53,54,55","0.00304913520812988","infomap","edit-xhwikibooks.graphml"
"0.24","0.69","0.07","0.610194672622186","1,2,1,3,4,5,6,7,8,9,10,11,12,12,13,14,15,16,17,18,2,19,20,7,13,13,13,21,22,23,24,25,26,27,17,28,13,29,2,2,2,2,19,19,19,19,2,19,19,19,2,2,2,2,2,19,19,19,19,2,30,2,2,31,32,2,2,2,2,2,19,2,33,34,2,2,2,2,2,2,2,35,36,37,38,39,2,2,2,2,40,41,42,2,2,2,43,2,2,2,2,2,2,2,2,2,2,44,45,2,2,2,2,28,46,47,28,28,28,28,28,48,49,50,51,52,53,54,55","0.00346493721008301","infomap","edit-xhwikibooks.graphml"
"0.23","0.7","0.07","0.612054183813443","1,2,1,3,4,5,6,7,8,9,10,11,12,12,13,14,15,16,17,18,2,19,20,7,13,13,13,21,22,23,24,25,26,27,17,28,13,29,2,2,2,2,19,19,19,19,2,19,19,19,2,2,2,2,2,19,19,19,19,2,30,2,2,31,32,2,2,2,2,2,19,2,33,34,2,2,2,2,2,2,2,35,36,37,38,39,2,2,2,2,40,41,42,2,2,2,43,2,2,2,2,2,2,2,2,2,2,44,45,2,2,2,2,28,46,47,28,28,28,28,28,48,49,50,51,52,53,54,55","0.00299501419067383","infomap","edit-xhwikibooks.graphml"
"0.22","0.71","0.07","0.607972300451372","1,2,1,3,4,5,6,7,8,9,10,11,12,12,12,13,14,15,16,17,2,18,19,7,20,20,20,21,22,23,24,25,26,27,28,12,12,29,2,2,2,2,18,18,18,18,2,18,18,18,2,2,2,2,2,18,18,18,18,2,30,2,2,31,32,2,2,2,2,2,18,2,33,34,2,2,2,2,2,2,2,35,36,37,38,39,2,2,2,2,40,41,42,2,2,2,43,2,2,2,2,2,2,2,2,2,2,44,45,2,2,2,2,28,46,47,28,28,28,28,28,48,49,50,51,52,53,54,55","0.00402092933654785","infomap","edit-xhwikibooks.graphml"
"0.21","0.72","0.07","0.611387364730986","1,2,1,3,4,5,6,7,8,9,10,11,12,12,12,13,14,15,16,17,2,18,19,7,20,20,20,21,22,23,24,25,26,27,28,12,12,29,2,2,2,2,18,18,18,18,2,18,18,18,2,2,2,2,2,18,18,18,18,2,30,2,2,31,32,2,2,2,2,2,18,2,33,34,2,2,2,2,2,2,2,35,36,37,38,39,2,2,2,2,40,41,42,2,2,2,43,2,2,2,2,2,2,2,2,2,2,44,45,2,2,2,2,28,46,47,28,28,28,28,28,48,49,50,51,52,53,54,55","0.00395107269287109","infomap","edit-xhwikibooks.graphml"
"0.2","0.73","0.07","0.6101775147929","1,2,1,3,4,5,6,7,8,9,10,11,12,12,12,13,14,15,16,17,2,18,19,7,20,20,20,21,22,23,24,25,26,27,28,12,12,29,2,2,2,2,18,18,18,18,2,18,18,18,2,2,2,2,2,18,18,18,18,2,30,2,2,31,32,2,2,2,2,2,18,2,33,34,2,2,2,2,2,2,2,35,36,37,38,39,2,2,2,2,40,41,42,2,2,2,43,2,2,2,2,2,2,2,2,2,2,44,45,2,2,2,2,28,46,47,28,28,28,28,28,48,49,50,51,52,53,54,55","0.00492000579833984","infomap","edit-xhwikibooks.graphml"
"0.19","0.74","0.07","0.6101775147929","1,2,1,3,4,5,6,7,8,9,10,11,12,12,12,13,14,15,16,17,2,18,19,7,20,20,20,21,22,23,24,25,26,27,28,12,12,29,2,2,2,2,18,18,18,18,2,18,18,18,2,2,2,2,2,18,18,18,18,2,30,2,2,31,32,2,2,2,2,2,18,2,33,34,2,2,2,2,2,2,2,35,36,37,38,39,2,2,2,2,40,41,42,2,2,2,43,2,2,2,2,2,2,2,2,2,2,44,45,2,2,2,2,28,46,47,28,28,28,28,28,48,49,50,51,52,53,54,55","0.0034949779510498","infomap","edit-xhwikibooks.graphml"
"0.18","0.75","0.07","0.615376798070971","1,2,1,3,4,5,6,7,8,9,10,11,12,12,12,13,14,15,16,17,2,18,19,7,20,20,20,21,22,23,24,25,26,27,28,12,12,29,2,2,2,2,18,18,18,18,2,18,18,18,2,2,2,2,2,18,18,18,18,2,30,2,2,31,32,2,2,2,2,2,18,2,33,34,2,2,2,2,2,2,2,35,36,37,38,39,2,2,2,2,40,41,42,2,2,2,43,2,2,2,2,2,2,2,2,2,2,44,45,2,2,2,2,28,46,47,28,28,28,28,28,48,49,50,51,52,53,54,55","0.00401806831359863","infomap","edit-xhwikibooks.graphml"
"0.17","0.76","0.07","0.615376798070971","1,2,1,3,4,5,6,7,8,9,10,11,12,12,12,13,14,15,16,17,2,18,19,7,20,20,20,21,22,23,24,25,26,27,28,12,12,29,2,2,2,2,18,18,18,18,2,18,18,18,2,2,2,2,2,18,18,18,18,2,30,2,2,31,32,2,2,2,2,2,18,2,33,34,2,2,2,2,2,2,2,35,36,37,38,39,2,2,2,2,40,41,42,2,2,2,43,2,2,2,2,2,2,2,2,2,2,44,45,2,2,2,2,28,46,47,28,28,28,28,28,48,49,50,51,52,53,54,55","0.00322604179382324","infomap","edit-xhwikibooks.graphml"
"0.16","0.77","0.07","0.617180899908173","1,2,1,3,4,5,6,7,8,9,10,11,12,12,12,13,14,15,16,17,2,18,19,7,20,20,20,21,22,23,24,25,26,27,28,12,12,29,2,2,2,2,18,18,18,18,2,18,18,18,2,2,2,2,2,18,18,18,18,2,30,2,2,31,32,2,2,2,2,2,18,2,33,34,2,2,2,2,2,2,2,35,36,37,38,39,2,2,2,2,40,41,42,2,2,2,43,2,2,2,2,2,2,2,2,2,2,44,45,2,2,2,2,28,46,47,28,28,28,28,28,48,49,50,51,52,53,54,55","0.0035240650177002","infomap","edit-xhwikibooks.graphml"
"0.15","0.78","0.07","0.620295942807374","1,2,1,3,4,5,6,7,8,9,10,11,12,12,12,13,14,15,16,17,2,18,19,7,20,20,20,21,22,23,24,25,26,27,28,12,12,29,2,2,2,2,18,18,18,18,2,18,18,18,2,2,2,2,2,18,18,18,18,2,30,2,2,31,32,2,2,2,2,2,18,2,33,34,2,2,2,2,2,2,2,35,36,37,38,39,2,2,2,2,40,41,42,2,2,2,43,2,2,2,2,2,2,2,2,2,2,44,45,2,2,2,2,28,46,47,28,28,28,28,28,48,49,50,51,52,53,54,55","0.00295186042785645","infomap","edit-xhwikibooks.graphml"
"0.14","0.79","0.07","0.619101083065047","1,2,1,3,4,5,6,7,8,9,10,11,12,12,12,13,14,15,16,17,2,18,19,7,20,20,20,21,22,23,24,25,26,27,28,12,12,29,2,2,2,2,18,18,18,18,2,18,18,18,2,2,2,2,2,18,18,18,18,2,30,2,2,31,32,2,2,2,2,2,18,2,33,34,2,2,2,2,2,2,2,35,36,37,38,39,2,2,2,2,40,41,42,2,2,2,43,2,2,2,2,2,2,2,2,2,2,44,45,2,2,2,2,28,46,47,28,28,28,28,28,48,49,50,51,52,53,54,55","0.0037839412689209","infomap","edit-xhwikibooks.graphml"
"0.13","0.8","0.07","0.616461167800453","1,2,1,3,4,5,6,7,8,9,10,11,12,12,13,14,15,16,17,18,2,19,20,7,21,21,21,22,23,24,25,26,27,28,29,29,13,30,2,2,2,2,19,19,19,19,2,19,19,19,2,2,2,2,2,19,19,19,19,2,31,2,2,32,33,2,2,2,2,2,19,2,34,35,2,2,2,2,2,2,2,36,37,38,39,40,2,2,2,2,41,42,43,2,2,2,44,2,2,2,2,2,2,2,2,2,2,45,46,2,2,2,2,47,48,49,47,47,47,47,47,50,51,52,53,54,55,56,57","0.00290513038635254","infomap","edit-xhwikibooks.graphml"
"0.12","0.81","0.07","0.621594210600907","1,2,1,3,4,5,6,7,8,9,10,11,12,12,12,13,14,15,16,17,2,18,19,7,20,20,20,21,22,23,24,25,26,27,28,12,12,29,2,2,2,2,18,18,18,18,2,18,18,18,2,2,2,2,2,18,18,18,18,2,30,2,2,31,32,2,2,2,2,2,18,2,33,34,2,2,2,2,2,2,2,35,36,37,38,39,2,2,2,2,40,41,42,2,2,2,43,2,2,2,2,2,2,2,2,2,2,44,45,2,2,2,2,28,46,47,28,28,28,28,28,48,49,50,51,52,53,54,55","0.00413203239440918","infomap","edit-xhwikibooks.graphml"
"0.11","0.82","0.07","0.620411379865985","1,2,1,3,4,5,6,7,8,9,10,11,12,12,12,13,14,15,16,17,2,18,19,7,20,20,20,21,22,23,24,25,26,27,28,12,12,29,2,2,2,2,18,18,18,18,2,18,18,18,2,2,2,2,2,18,18,18,18,2,30,2,2,31,32,2,2,2,2,2,18,2,33,34,2,2,2,2,2,2,2,35,36,37,38,39,2,2,2,2,40,41,42,2,2,2,43,2,2,2,2,2,2,2,2,2,2,44,45,2,2,2,2,28,46,47,28,28,28,28,28,48,49,50,51,52,53,54,55","0.00406289100646973","infomap","edit-xhwikibooks.graphml"
"0.1","0.83","0.07","0.620411379865985","1,2,1,3,4,5,6,7,8,9,10,11,12,12,12,13,14,15,16,17,2,18,19,7,20,20,20,21,22,23,24,25,26,27,28,12,12,29,2,2,2,2,18,18,18,18,2,18,18,18,2,2,2,2,2,18,18,18,18,2,30,2,2,31,32,2,2,2,2,2,18,2,33,34,2,2,2,2,2,2,2,35,36,37,38,39,2,2,2,2,40,41,42,2,2,2,43,2,2,2,2,2,2,2,2,2,2,44,45,2,2,2,2,28,46,47,28,28,28,28,28,48,49,50,51,52,53,54,55","0.00331401824951172","infomap","edit-xhwikibooks.graphml"
"0.09","0.84","0.07","0.617789611994327","1,2,1,3,4,5,6,7,8,9,10,11,12,12,12,13,14,15,16,17,2,18,19,7,20,20,20,21,22,23,24,25,26,27,28,12,12,29,2,2,2,2,18,18,18,18,2,18,18,18,2,2,2,2,2,18,18,18,18,2,30,2,2,31,32,2,2,2,2,2,18,2,33,34,2,2,2,2,2,2,2,35,36,37,38,39,2,2,2,2,40,41,42,2,2,2,43,2,2,2,2,2,2,2,2,2,2,44,45,2,2,2,2,28,46,47,28,28,28,28,28,48,49,50,51,52,53,54,55","0.00359106063842773","infomap","edit-xhwikibooks.graphml"
"0.08","0.85","0.07","0.618782814607777","1,1,1,2,3,4,5,6,7,8,9,10,11,11,12,13,14,15,16,17,18,1,19,6,20,20,20,21,22,23,24,25,26,27,28,29,12,30,18,18,18,18,31,32,33,34,18,35,36,37,18,18,18,18,18,38,39,40,41,18,42,18,18,43,44,18,18,18,18,18,45,18,46,47,18,18,18,18,18,18,18,48,49,50,51,52,18,18,18,18,53,54,55,18,18,18,56,18,18,18,18,18,18,18,18,18,18,57,58,18,18,18,18,28,59,60,28,28,28,28,28,61,62,63,64,65,66,67,68","0.00307607650756836","infomap","edit-xhwikibooks.graphml"
"0.07","0.86","0.07","0.623365680473373","1,1,1,2,3,4,5,6,7,8,9,10,11,11,12,13,14,15,16,17,18,1,19,6,20,20,20,21,22,23,24,25,26,27,28,29,12,30,18,18,18,18,31,32,33,34,18,35,36,37,18,18,18,18,18,38,39,40,41,18,42,18,18,43,44,18,18,18,18,18,45,18,46,47,18,18,18,18,18,18,18,48,49,50,51,52,18,18,18,18,53,54,55,18,18,18,56,18,18,18,18,18,18,18,18,18,18,57,58,18,18,18,18,28,59,60,28,28,28,28,28,61,62,63,64,65,66,67,68","0.00340795516967773","infomap","edit-xhwikibooks.graphml"
"0.06","0.87","0.07","0.623365680473373","1,1,1,2,3,4,5,6,7,8,9,10,11,11,12,13,14,15,16,17,18,1,19,6,20,20,20,21,22,23,24,25,26,27,28,29,12,30,18,18,18,18,31,32,33,34,18,35,36,37,18,18,18,18,18,38,39,40,41,18,42,18,18,43,44,18,18,18,18,18,45,18,46,47,18,18,18,18,18,18,18,48,49,50,51,52,18,18,18,18,53,54,55,18,18,18,56,18,18,18,18,18,18,18,18,18,18,57,58,18,18,18,18,28,59,60,28,28,28,28,28,61,62,63,64,65,66,67,68","0.00333285331726074","infomap","edit-xhwikibooks.graphml"
"0.05","0.88","0.07","0.622097180925138","1,1,1,2,3,4,5,6,7,8,9,10,11,11,12,13,14,15,16,17,18,1,19,6,20,20,20,21,22,23,24,25,26,27,28,29,12,30,18,18,18,18,31,32,33,34,18,35,36,37,18,18,18,18,18,38,39,40,41,18,42,18,18,43,44,18,18,18,18,18,45,18,46,47,18,18,18,18,18,18,18,48,49,50,51,52,18,18,18,18,53,54,55,18,18,18,56,18,18,18,18,18,18,18,18,18,18,57,58,18,18,18,18,28,59,60,28,28,28,28,28,61,62,63,64,65,66,67,68","0.00339102745056152","infomap","edit-xhwikibooks.graphml"
"0.04","0.89","0.07","0.625529818560381","1,1,1,2,3,4,5,6,7,8,9,10,11,11,12,13,14,15,16,17,18,1,19,6,20,20,20,21,22,23,24,25,26,27,28,29,12,30,18,18,18,18,31,32,33,34,18,35,36,37,18,18,18,18,18,38,39,40,41,18,42,18,18,43,44,18,18,18,18,18,45,18,46,47,18,18,18,18,18,18,18,48,49,50,51,52,18,18,18,18,53,54,55,18,18,18,56,18,18,18,18,18,18,18,18,18,18,57,58,18,18,18,18,28,59,60,28,28,28,28,28,61,62,63,64,65,66,67,68","0.00350689888000488","infomap","edit-xhwikibooks.graphml"
"0.03","0.9","0.07","0.624273611662863","1,1,1,2,3,4,5,6,7,8,9,10,11,11,12,13,14,15,16,17,18,1,19,6,20,20,20,21,22,23,24,25,26,27,28,29,12,30,18,18,18,18,31,32,33,34,18,35,36,37,18,18,18,18,18,38,39,40,41,18,42,18,18,43,44,18,18,18,18,18,45,18,46,47,18,18,18,18,18,18,18,48,49,50,51,52,18,18,18,18,53,54,55,18,18,18,56,18,18,18,18,18,18,18,18,18,18,57,58,18,18,18,18,28,59,60,28,28,28,28,28,61,62,63,64,65,66,67,68","0.00296592712402344","infomap","edit-xhwikibooks.graphml"
"0.02","0.91","0.07","0.624273611662863","1,1,1,2,3,4,5,6,7,8,9,10,11,11,12,13,14,15,16,17,18,1,19,6,20,20,20,21,22,23,24,25,26,27,28,29,12,30,18,18,18,18,31,32,33,34,18,35,36,37,18,18,18,18,18,38,39,40,41,18,42,18,18,43,44,18,18,18,18,18,45,18,46,47,18,18,18,18,18,18,18,48,49,50,51,52,18,18,18,18,53,54,55,18,18,18,56,18,18,18,18,18,18,18,18,18,18,57,58,18,18,18,18,28,59,60,28,28,28,28,28,61,62,63,64,65,66,67,68","0.0037999153137207","infomap","edit-xhwikibooks.graphml"
"0.01","0.92","0.07","0.623021120293848","1,1,1,2,3,4,5,6,7,8,9,10,11,11,12,13,14,15,16,17,18,1,19,6,20,20,20,21,22,23,24,25,26,27,28,29,12,30,18,18,18,18,31,32,33,34,18,35,36,37,18,18,18,18,18,38,39,40,41,18,42,18,18,43,44,18,18,18,18,18,45,18,46,47,18,18,18,18,18,18,18,48,49,50,51,52,18,18,18,18,53,54,55,18,18,18,56,18,18,18,18,18,18,18,18,18,18,57,58,18,18,18,18,28,59,60,28,28,28,28,28,61,62,63,64,65,66,67,68","0.00414490699768066","infomap","edit-xhwikibooks.graphml"
"0","0.93","0.07","0.626234200483176","1,1,1,1,1,2,3,1,4,5,6,7,8,8,9,10,11,12,13,14,15,1,16,1,17,17,17,18,1,19,20,21,22,23,24,25,9,26,15,15,15,15,27,28,29,30,15,31,32,33,15,15,15,15,15,34,35,36,37,15,38,15,15,39,40,15,15,15,15,15,41,15,42,43,15,15,15,15,15,15,15,44,45,46,47,48,15,15,15,15,49,50,51,15,15,15,52,15,15,15,15,15,15,15,15,15,15,53,54,15,15,15,15,24,55,56,24,24,24,24,24,57,58,59,60,61,62,63,64","0.00315403938293457","infomap","edit-xhwikibooks.graphml"
"0.92","0","0.08","0.468994400481281","1,2,1,1,3,1,3,2,1,4,3,5,6,7,7,8,4,3,9,5,2,10,6,6,7,7,7,8,11,4,3,9,5,5,12,12,13,7,2,2,2,2,10,10,10,10,2,10,10,10,2,2,2,2,2,10,10,10,10,2,6,2,2,6,7,2,2,2,2,2,10,2,7,7,2,2,2,2,2,2,2,7,8,8,8,11,2,2,2,2,4,3,9,2,2,2,8,2,2,2,2,2,2,2,2,2,2,5,5,2,2,2,2,12,12,12,12,12,12,12,12,13,13,13,13,13,13,13,13","0.0114459991455078","infomap","edit-xhwikibooks.graphml"
"0.91","0.01","0.08","0.471886713869221","1,2,1,1,1,1,1,2,1,3,4,5,6,7,7,8,3,4,4,5,2,9,6,6,7,7,7,8,10,3,4,4,5,5,11,11,12,7,2,2,2,2,9,9,9,9,2,9,9,9,2,2,2,2,2,9,9,9,9,2,6,2,2,6,7,2,2,2,2,2,9,2,7,7,2,2,2,2,2,2,2,7,8,8,8,10,2,2,2,2,3,4,4,2,2,2,8,2,2,2,2,2,2,2,2,2,2,5,5,2,2,2,2,11,11,11,11,11,11,11,11,12,12,12,12,12,12,12,12","0.0109739303588867","infomap","edit-xhwikibooks.graphml"
"0.9","0.02","0.08","0.460178629274839","1,2,1,1,1,2,1,2,3,4,5,6,7,3,3,8,4,5,5,6,2,9,7,3,3,3,3,8,10,4,5,5,6,6,11,11,12,3,2,2,2,2,9,9,9,9,2,9,9,9,2,2,2,2,2,9,9,9,9,2,7,2,2,3,3,2,2,2,2,2,9,2,3,3,2,2,2,2,2,2,2,3,8,8,8,10,2,2,2,2,4,5,5,2,2,2,8,2,2,2,2,2,2,2,2,2,2,6,6,2,2,2,2,11,11,11,11,11,11,11,11,12,12,12,12,12,12,12,12","0.00849699974060059","infomap","edit-xhwikibooks.graphml"
"0.89","0.03","0.08","0.45900603274921","1,2,1,1,1,2,1,2,3,4,5,6,7,3,3,8,4,5,5,6,2,9,7,3,3,3,3,8,10,4,5,5,6,6,11,11,12,3,2,2,2,2,9,9,9,9,2,9,9,9,2,2,2,2,2,9,9,9,9,2,7,2,2,3,3,2,2,2,2,2,9,2,3,3,2,2,2,2,2,2,2,3,8,8,8,10,2,2,2,2,4,5,5,2,2,2,8,2,2,2,2,2,2,2,2,2,2,6,6,2,2,2,2,11,11,11,11,11,11,11,11,12,12,12,12,12,12,12,12","0.00981593132019043","infomap","edit-xhwikibooks.graphml"
"0.88","0.04","0.08","0.472852628555013","1,2,1,1,1,3,1,4,3,5,6,7,4,4,3,8,5,6,6,7,2,9,4,4,4,10,4,8,11,5,6,6,7,7,3,3,12,3,2,2,2,2,9,9,9,9,2,9,9,9,2,2,2,2,2,9,9,9,9,2,4,2,2,4,4,2,2,2,2,2,9,2,10,10,2,2,2,2,2,2,2,4,8,8,8,11,2,2,2,2,5,6,6,2,2,2,8,2,2,2,2,2,2,2,2,2,2,7,7,2,2,2,2,3,3,3,3,3,3,3,3,12,12,12,12,12,12,12,12","0.00962495803833008","infomap","edit-xhwikibooks.graphml"
"0.87","0.05","0.08","0.457838750913075","1,2,1,1,1,2,1,2,3,4,5,6,7,3,3,8,4,5,5,6,2,9,7,3,3,3,3,8,10,4,5,5,6,6,11,11,12,3,2,2,2,2,9,9,9,9,2,9,9,9,2,2,2,2,2,9,9,9,9,2,7,2,2,3,3,2,2,2,2,2,9,2,3,3,2,2,2,2,2,2,2,3,8,8,8,10,2,2,2,2,4,5,5,2,2,2,8,2,2,2,2,2,2,2,2,2,2,6,6,2,2,2,2,11,11,11,11,11,11,11,11,12,12,12,12,12,12,12,12","0.00743985176086426","infomap","edit-xhwikibooks.graphml"
"0.86","0.06","0.08","0.457838750913075","1,2,1,1,1,2,1,2,3,4,5,6,7,3,3,8,4,5,5,6,2,9,7,3,3,3,3,8,10,4,5,5,6,6,11,11,12,3,2,2,2,2,9,9,9,9,2,9,9,9,2,2,2,2,2,9,9,9,9,2,7,2,2,3,3,2,2,2,2,2,9,2,3,3,2,2,2,2,2,2,2,3,8,8,8,10,2,2,2,2,4,5,5,2,2,2,8,2,2,2,2,2,2,2,2,2,2,6,6,2,2,2,2,11,11,11,11,11,11,11,11,12,12,12,12,12,12,12,12","0.0104470252990723","infomap","edit-xhwikibooks.graphml"
"0.85","0.07","0.08","0.465406024328583","1,2,1,1,3,1,3,2,1,4,3,5,6,7,7,8,4,9,3,5,2,10,6,6,7,7,7,8,11,4,9,3,5,5,12,12,13,7,2,2,2,2,10,10,10,10,2,10,10,10,2,2,2,2,2,10,10,10,10,2,6,2,2,6,7,2,2,2,2,2,10,2,7,7,2,2,2,2,2,2,2,7,8,8,8,11,2,2,2,2,4,9,3,2,2,2,8,2,2,2,2,2,2,2,2,2,2,5,5,2,2,2,2,12,12,12,12,12,12,12,12,13,13,13,13,13,13,13,13","0.0101251602172852","infomap","edit-xhwikibooks.graphml"
"0.84","0.08","0.08","0.460350885095266","1,2,1,1,1,2,1,2,3,4,5,6,7,3,3,8,4,5,5,6,2,9,7,7,3,3,3,8,10,4,5,5,6,6,11,11,12,3,2,2,2,2,9,9,9,9,2,9,9,9,2,2,2,2,2,9,9,9,9,2,7,2,2,7,3,2,2,2,2,2,9,2,3,3,2,2,2,2,2,2,2,3,8,8,8,10,2,2,2,2,4,5,5,2,2,2,8,2,2,2,2,2,2,2,2,2,2,6,6,2,2,2,2,11,11,11,11,11,11,11,11,12,12,12,12,12,12,12,12","0.0114529132843018","infomap","edit-xhwikibooks.graphml"
"0.83","0.09","0.08","0.458304697783317","1,2,1,1,1,3,1,4,3,5,6,7,4,4,3,8,5,6,6,7,2,9,4,4,4,10,4,8,2,5,6,6,7,7,3,3,11,3,2,2,2,2,9,9,9,9,2,9,9,9,2,2,2,2,2,9,9,9,9,2,12,2,2,4,4,2,2,2,2,2,9,2,10,10,2,2,2,2,2,2,2,4,8,8,8,13,2,2,2,2,14,15,16,2,2,2,8,2,2,2,2,2,2,2,2,2,2,7,7,2,2,2,2,3,3,3,3,3,3,3,3,11,11,11,11,11,11,11,11","0.00820398330688477","infomap","edit-xhwikibooks.graphml"
"0.82","0.1","0.08","0.458304697783317","1,2,1,1,1,3,1,4,3,5,6,7,4,4,3,8,5,6,6,7,2,9,4,4,4,10,4,8,2,5,6,6,7,7,3,3,11,3,2,2,2,2,9,9,9,9,2,9,9,9,2,2,2,2,2,9,9,9,9,2,12,2,2,4,4,2,2,2,2,2,9,2,10,10,2,2,2,2,2,2,2,4,8,8,8,13,2,2,2,2,14,15,16,2,2,2,8,2,2,2,2,2,2,2,2,2,2,7,7,2,2,2,2,3,3,3,3,3,3,3,3,11,11,11,11,11,11,11,11","0.00896501541137695","infomap","edit-xhwikibooks.graphml"
"0.81","0.11","0.08","0.457147484844278","1,2,1,1,1,3,1,4,3,5,6,7,4,4,3,8,5,6,6,7,2,9,4,4,4,10,4,8,2,5,6,6,7,7,3,3,11,3,2,2,2,2,9,9,9,9,2,9,9,9,2,2,2,2,2,9,9,9,9,2,12,2,2,4,4,2,2,2,2,2,9,2,10,10,2,2,2,2,2,2,2,4,8,8,8,13,2,2,2,2,14,15,16,2,2,2,8,2,2,2,2,2,2,2,2,2,2,7,7,2,2,2,2,3,3,3,3,3,3,3,3,11,11,11,11,11,11,11,11","0.0095059871673584","infomap","edit-xhwikibooks.graphml"
"0.8","0.12","0.08","0.463157414170928","1,2,1,1,1,3,1,4,3,5,6,7,4,4,3,8,5,6,6,7,2,9,4,4,4,10,4,8,2,5,6,6,7,7,3,3,11,3,2,2,2,2,9,9,9,9,2,9,9,9,2,2,2,2,2,9,9,9,9,2,12,2,2,4,4,2,2,2,2,2,9,2,10,10,2,2,2,2,2,2,2,4,8,8,8,13,2,2,2,2,14,15,16,2,2,2,8,2,2,2,2,2,2,2,2,2,2,7,7,2,2,2,2,3,3,3,3,3,3,3,3,11,11,11,11,11,11,11,11","0.0118169784545898","infomap","edit-xhwikibooks.graphml"
"0.79","0.13","0.08","0.455826397146254","1,2,1,1,1,3,1,4,3,3,5,1,4,4,4,6,3,5,5,7,2,8,4,4,4,4,4,6,2,3,5,5,7,7,9,9,10,4,2,2,2,2,8,8,8,8,2,8,8,8,2,2,2,2,2,8,8,8,8,2,11,2,2,4,4,2,2,2,2,2,8,2,4,4,2,2,2,2,2,2,2,4,6,6,6,12,2,2,2,2,13,14,15,2,2,2,6,2,2,2,2,2,2,2,2,2,2,7,7,2,2,2,2,9,9,9,9,9,9,9,9,10,10,10,10,10,10,10,10","0.0138480663299561","infomap","edit-xhwikibooks.graphml"
"0.78","0.14","0.08","0.429310344827586","1,2,1,1,1,2,1,2,3,4,5,1,6,3,3,7,4,5,5,8,2,9,6,6,3,3,3,7,2,4,5,5,8,8,10,10,11,3,2,2,2,2,9,9,9,9,2,9,9,9,2,2,2,2,2,9,9,9,9,2,12,2,2,6,3,2,2,2,2,2,9,2,3,3,2,2,2,2,2,2,2,3,7,7,7,13,2,2,2,2,14,15,16,2,2,2,7,2,2,2,2,2,2,2,2,2,2,8,8,2,2,2,2,10,10,10,10,10,10,10,10,11,11,11,11,11,11,11,11","0.00729680061340332","infomap","edit-xhwikibooks.graphml"
"0.77","0.15","0.08","0.445444909084555","1,2,1,1,1,2,1,3,3,4,5,1,3,3,3,6,4,5,5,7,2,8,3,3,3,3,3,6,2,4,5,5,7,7,9,9,10,3,2,2,2,2,8,8,8,8,2,8,8,8,2,2,2,2,2,8,8,8,8,2,11,2,2,3,3,2,2,2,2,2,8,2,3,3,2,2,2,2,2,2,2,3,6,6,6,12,2,2,2,2,13,14,15,2,2,2,6,2,2,2,2,2,2,2,2,2,2,7,7,2,2,2,2,9,9,9,9,9,9,9,9,10,10,10,10,10,10,10,10","0.00965690612792969","infomap","edit-xhwikibooks.graphml"
"0.76","0.16","0.08","0.438150770512287","1,2,1,1,1,2,1,2,3,4,5,1,6,3,3,7,4,5,5,8,2,9,6,6,3,3,3,7,2,4,5,5,8,8,10,10,11,3,2,2,2,2,9,9,9,9,2,9,9,9,2,2,2,2,2,9,9,9,9,2,12,2,2,6,3,2,2,2,2,2,9,2,3,3,2,2,2,2,2,2,2,3,7,7,7,13,2,2,2,2,14,15,16,2,2,2,7,2,2,2,2,2,2,2,2,2,2,8,8,2,2,2,2,10,10,10,10,10,10,10,10,11,11,11,11,11,11,11,11","0.00953984260559082","infomap","edit-xhwikibooks.graphml"
"0.75","0.17","0.08","0.425638173015795","1,2,1,1,3,1,3,2,1,1,3,4,5,6,6,7,8,3,3,4,2,9,5,5,6,6,6,7,2,10,11,3,4,4,12,12,13,6,2,2,2,2,9,9,9,9,2,9,9,9,2,2,2,2,2,9,9,9,9,2,14,2,2,15,16,2,2,2,2,2,9,2,6,6,2,2,2,2,2,2,2,17,7,7,7,18,2,2,2,2,19,20,21,2,2,2,22,2,2,2,2,2,2,2,2,2,2,23,24,2,2,2,2,12,12,12,12,12,12,12,12,13,13,13,13,13,13,13,13","0.0053861141204834","infomap","edit-xhwikibooks.graphml"
"0.74","0.18","0.08","0.425638173015795","1,2,1,1,3,1,3,2,1,1,3,4,5,6,6,7,8,3,3,4,2,9,5,5,6,6,6,7,2,10,11,3,4,4,12,12,13,6,2,2,2,2,9,9,9,9,2,9,9,9,2,2,2,2,2,9,9,9,9,2,14,2,2,15,16,2,2,2,2,2,9,2,6,6,2,2,2,2,2,2,2,17,7,7,7,18,2,2,2,2,19,20,21,2,2,2,22,2,2,2,2,2,2,2,2,2,2,23,24,2,2,2,2,12,12,12,12,12,12,12,12,13,13,13,13,13,13,13,13","0.00603699684143066","infomap","edit-xhwikibooks.graphml"
"0.73","0.19","0.08","0.423315731095679","1,2,1,1,3,1,3,2,1,1,3,4,5,6,6,7,8,3,3,4,2,9,5,5,6,6,6,7,2,10,11,3,4,4,12,12,13,6,2,2,2,2,9,9,9,9,2,9,9,9,2,2,2,2,2,9,9,9,9,2,14,2,2,15,16,2,2,2,2,2,9,2,6,6,2,2,2,2,2,2,2,17,7,7,7,18,2,2,2,2,19,20,21,2,2,2,22,2,2,2,2,2,2,2,2,2,2,23,24,2,2,2,2,12,12,12,12,12,12,12,12,13,13,13,13,13,13,13,13","0.00690293312072754","infomap","edit-xhwikibooks.graphml"
"0.72","0.2","0.08","0.43038644470868","1,2,1,1,3,1,3,2,1,1,3,4,5,6,6,7,8,3,3,4,2,9,5,5,6,6,6,7,2,10,11,3,4,4,12,12,13,6,2,2,2,2,9,9,9,9,2,9,9,9,2,2,2,2,2,9,9,9,9,2,14,2,2,15,16,2,2,2,2,2,9,2,6,6,2,2,2,2,2,2,2,17,7,7,7,18,2,2,2,2,19,20,21,2,2,2,22,2,2,2,2,2,2,2,2,2,2,23,24,2,2,2,2,12,12,12,12,12,12,12,12,13,13,13,13,13,13,13,13","0.00592589378356934","infomap","edit-xhwikibooks.graphml"
"0.71","0.21","0.08","0.429228516432257","1,2,1,1,3,1,3,2,1,1,3,4,5,6,6,7,8,3,3,4,2,9,5,5,6,6,6,7,2,10,11,3,4,4,12,12,13,6,2,2,2,2,9,9,9,9,2,9,9,9,2,2,2,2,2,9,9,9,9,2,14,2,2,15,16,2,2,2,2,2,9,2,6,6,2,2,2,2,2,2,2,17,7,7,7,18,2,2,2,2,19,20,21,2,2,2,22,2,2,2,2,2,2,2,2,2,2,23,24,2,2,2,2,12,12,12,12,12,12,12,12,13,13,13,13,13,13,13,13","0.00504493713378906","infomap","edit-xhwikibooks.graphml"
"0.7","0.22","0.08","0.429228516432257","1,2,1,1,3,1,3,2,1,1,3,4,5,6,6,7,8,3,3,4,2,9,5,5,6,6,6,7,2,10,11,3,4,4,12,12,13,6,2,2,2,2,9,9,9,9,2,9,9,9,2,2,2,2,2,9,9,9,9,2,14,2,2,15,16,2,2,2,2,2,9,2,6,6,2,2,2,2,2,2,2,17,7,7,7,18,2,2,2,2,19,20,21,2,2,2,22,2,2,2,2,2,2,2,2,2,2,23,24,2,2,2,2,12,12,12,12,12,12,12,12,13,13,13,13,13,13,13,13","0.00666594505310059","infomap","edit-xhwikibooks.graphml"
"0.69","0.23","0.08","0.434847748623259","1,2,1,1,3,1,3,2,1,1,3,4,5,6,6,7,8,3,3,4,2,9,5,5,6,6,6,7,2,10,11,3,4,4,12,12,13,6,2,2,2,2,9,9,9,9,2,9,9,9,2,2,2,2,2,9,9,9,9,2,14,2,2,15,16,2,2,2,2,2,9,2,6,6,2,2,2,2,2,2,2,17,7,7,7,18,2,2,2,2,19,20,21,2,2,2,22,2,2,2,2,2,2,2,2,2,2,23,24,2,2,2,2,12,12,12,12,12,12,12,12,13,13,13,13,13,13,13,13","0.00832700729370117","infomap","edit-xhwikibooks.graphml"
"0.68","0.24","0.08","0.438155702384372","1,2,1,1,3,1,3,2,1,1,3,4,5,6,6,7,8,3,3,4,2,9,5,5,6,6,6,7,2,10,11,3,4,4,12,12,13,6,2,2,2,2,9,9,9,9,2,9,9,9,2,2,2,2,2,9,9,9,9,2,14,2,2,15,16,2,2,2,2,2,9,2,6,6,2,2,2,2,2,2,2,17,7,7,7,18,2,2,2,2,19,20,21,2,2,2,22,2,2,2,2,2,2,2,2,2,2,23,24,2,2,2,2,12,12,12,12,12,12,12,12,13,13,13,13,13,13,13,13","0.00718402862548828","infomap","edit-xhwikibooks.graphml"
"0.67","0.25","0.08","0.422099107417667","1,2,1,3,4,3,5,6,3,3,5,7,6,6,6,3,8,9,5,10,2,11,12,6,6,6,6,3,2,13,14,15,10,16,17,17,18,6,2,2,2,2,11,11,11,11,2,11,11,11,2,2,2,2,2,11,11,11,11,2,19,2,2,20,21,2,2,2,2,2,11,2,22,23,2,2,2,2,2,2,2,24,25,26,27,28,2,2,2,2,29,30,31,2,2,2,32,2,2,2,2,2,2,2,2,2,2,33,34,2,2,2,2,17,17,17,17,17,17,17,17,18,18,18,18,18,18,18,18","0.00360918045043945","infomap","edit-xhwikibooks.graphml"
"0.66","0.26","0.08","0.422099107417667","1,2,1,3,4,3,5,6,3,3,5,7,6,6,6,3,8,9,5,10,2,11,12,6,6,6,6,3,2,13,14,15,10,16,17,17,18,6,2,2,2,2,11,11,11,11,2,11,11,11,2,2,2,2,2,11,11,11,11,2,19,2,2,20,21,2,2,2,2,2,11,2,22,23,2,2,2,2,2,2,2,24,25,26,27,28,2,2,2,2,29,30,31,2,2,2,32,2,2,2,2,2,2,2,2,2,2,33,34,2,2,2,2,17,17,17,17,17,17,17,17,18,18,18,18,18,18,18,18","0.00357794761657715","infomap","edit-xhwikibooks.graphml"
"0.65","0.27","0.08","0.422099107417667","1,2,1,3,4,3,5,6,3,3,5,7,6,6,6,3,8,9,5,10,2,11,12,6,6,6,6,3,2,13,14,15,10,16,17,17,18,6,2,2,2,2,11,11,11,11,2,11,11,11,2,2,2,2,2,11,11,11,11,2,19,2,2,20,21,2,2,2,2,2,11,2,22,23,2,2,2,2,2,2,2,24,25,26,27,28,2,2,2,2,29,30,31,2,2,2,32,2,2,2,2,2,2,2,2,2,2,33,34,2,2,2,2,17,17,17,17,17,17,17,17,18,18,18,18,18,18,18,18","0.00397205352783203","infomap","edit-xhwikibooks.graphml"
"0.64","0.28","0.08","0.420925228617536","1,2,1,3,4,3,5,6,3,3,5,7,6,6,6,3,8,9,5,10,2,11,12,6,6,6,6,3,2,13,14,15,10,16,17,17,18,6,2,2,2,2,11,11,11,11,2,11,11,11,2,2,2,2,2,11,11,11,11,2,19,2,2,20,21,2,2,2,2,2,11,2,22,23,2,2,2,2,2,2,2,24,25,26,27,28,2,2,2,2,29,30,31,2,2,2,32,2,2,2,2,2,2,2,2,2,2,33,34,2,2,2,2,17,17,17,17,17,17,17,17,18,18,18,18,18,18,18,18","0.00363588333129883","infomap","edit-xhwikibooks.graphml"
"0.63","0.29","0.08","0.430143621993711","1,2,1,3,4,3,5,6,3,3,5,7,6,6,6,3,8,9,5,10,2,11,12,6,6,6,6,3,2,13,14,15,10,16,17,17,18,6,2,2,2,2,11,11,11,11,2,11,11,11,2,2,2,2,2,11,11,11,11,2,19,2,2,20,21,2,2,2,2,2,11,2,22,23,2,2,2,2,2,2,2,24,25,26,27,28,2,2,2,2,29,30,31,2,2,2,32,2,2,2,2,2,2,2,2,2,2,33,34,2,2,2,2,17,17,17,17,17,17,17,17,18,18,18,18,18,18,18,18","0.0036771297454834","infomap","edit-xhwikibooks.graphml"
"0.62","0.3","0.08","0.42895809220679","1,2,1,3,4,3,5,6,3,3,5,7,6,6,6,3,8,9,5,10,2,11,12,6,6,6,6,3,2,13,14,15,10,16,17,17,18,6,2,2,2,2,11,11,11,11,2,11,11,11,2,2,2,2,2,11,11,11,11,2,19,2,2,20,21,2,2,2,2,2,11,2,22,23,2,2,2,2,2,2,2,24,25,26,27,28,2,2,2,2,29,30,31,2,2,2,32,2,2,2,2,2,2,2,2,2,2,33,34,2,2,2,2,17,17,17,17,17,17,17,17,18,18,18,18,18,18,18,18","0.00356793403625488","infomap","edit-xhwikibooks.graphml"
"0.61","0.31","0.08","0.436165279429251","1,2,1,3,4,3,5,6,3,3,5,7,6,6,6,3,8,9,5,10,2,11,12,6,6,6,6,3,2,13,14,15,10,16,17,17,18,6,2,2,2,2,11,11,11,11,2,11,11,11,2,2,2,2,2,11,11,11,11,2,19,2,2,20,21,2,2,2,2,2,11,2,22,23,2,2,2,2,2,2,2,24,25,26,27,28,2,2,2,2,29,30,31,2,2,2,32,2,2,2,2,2,2,2,2,2,2,33,34,2,2,2,2,17,17,17,17,17,17,17,17,18,18,18,18,18,18,18,18","0.00469398498535156","infomap","edit-xhwikibooks.graphml"
"0.6","0.32","0.08","0.434979511342568","1,2,1,3,4,3,5,6,3,3,5,7,6,6,6,3,8,9,5,10,2,11,12,6,6,6,6,3,2,13,14,15,10,16,17,17,18,6,2,2,2,2,11,11,11,11,2,11,11,11,2,2,2,2,2,11,11,11,11,2,19,2,2,20,21,2,2,2,2,2,11,2,22,23,2,2,2,2,2,2,2,24,25,26,27,28,2,2,2,2,29,30,31,2,2,2,32,2,2,2,2,2,2,2,2,2,2,33,34,2,2,2,2,17,17,17,17,17,17,17,17,18,18,18,18,18,18,18,18","0.00370121002197266","infomap","edit-xhwikibooks.graphml"
"0.59","0.33","0.08","0.42675178433642","1,2,1,3,4,3,5,6,3,3,7,8,6,6,6,3,9,10,11,12,2,13,14,6,6,6,6,3,2,15,16,17,18,19,11,11,20,6,2,2,2,2,13,13,13,13,2,13,13,13,2,2,2,2,2,13,13,13,13,2,21,2,2,22,23,2,2,2,2,2,13,2,24,25,2,2,2,2,2,2,2,26,27,28,29,30,2,2,2,2,31,32,33,2,2,2,34,2,2,2,2,2,2,2,2,2,2,35,36,2,2,2,2,11,11,11,11,11,11,11,11,20,20,20,20,20,20,20,20","0.00342798233032227","infomap","edit-xhwikibooks.graphml"
"0.58","0.34","0.08","0.475475025969529","1,2,1,3,4,3,5,6,3,3,7,8,6,6,6,3,9,10,11,12,2,13,14,6,6,6,6,3,2,15,16,17,18,19,11,11,20,6,2,2,2,2,13,13,13,13,2,13,13,13,2,2,2,2,2,13,13,13,13,2,21,2,2,22,23,2,2,2,2,2,13,2,24,25,2,2,2,2,2,2,2,26,27,28,29,30,2,2,2,2,31,32,33,2,2,2,34,2,2,2,2,2,2,2,2,2,2,35,36,2,2,2,2,11,11,11,11,11,11,11,11,20,20,20,20,20,20,20,20","0.00354599952697754","infomap","edit-xhwikibooks.graphml"
"0.57","0.35","0.08","0.475475025969529","1,2,1,3,4,3,5,6,3,3,7,8,6,6,6,3,9,10,11,12,2,13,14,6,6,6,6,3,2,15,16,17,18,19,11,11,20,6,2,2,2,2,13,13,13,13,2,13,13,13,2,2,2,2,2,13,13,13,13,2,21,2,2,22,23,2,2,2,2,2,13,2,24,25,2,2,2,2,2,2,2,26,27,28,29,30,2,2,2,2,31,32,33,2,2,2,34,2,2,2,2,2,2,2,2,2,2,35,36,2,2,2,2,11,11,11,11,11,11,11,11,20,20,20,20,20,20,20,20","0.00370693206787109","infomap","edit-xhwikibooks.graphml"
"0.56","0.36","0.08","0.474275732330019","1,2,1,3,4,3,5,6,3,3,7,8,6,6,6,3,9,10,11,12,2,13,14,6,6,6,6,3,2,15,16,17,18,19,11,11,20,6,2,2,2,2,13,13,13,13,2,13,13,13,2,2,2,2,2,13,13,13,13,2,21,2,2,22,23,2,2,2,2,2,13,2,24,25,2,2,2,2,2,2,2,26,27,28,29,30,2,2,2,2,31,32,33,2,2,2,34,2,2,2,2,2,2,2,2,2,2,35,36,2,2,2,2,11,11,11,11,11,11,11,11,20,20,20,20,20,20,20,20","0.00352287292480469","infomap","edit-xhwikibooks.graphml"
"0.55","0.37","0.08","0.474275732330019","1,2,1,3,4,3,5,6,3,3,7,8,6,6,6,3,9,10,11,12,2,13,14,6,6,6,6,3,2,15,16,17,18,19,11,11,20,6,2,2,2,2,13,13,13,13,2,13,13,13,2,2,2,2,2,13,13,13,13,2,21,2,2,22,23,2,2,2,2,2,13,2,24,25,2,2,2,2,2,2,2,26,27,28,29,30,2,2,2,2,31,32,33,2,2,2,34,2,2,2,2,2,2,2,2,2,2,35,36,2,2,2,2,11,11,11,11,11,11,11,11,20,20,20,20,20,20,20,20","0.00346112251281738","infomap","edit-xhwikibooks.graphml"
"0.54","0.38","0.08","0.473081934298774","1,2,1,3,4,3,5,6,3,3,7,8,6,6,6,3,9,10,11,12,2,13,14,6,6,6,6,3,2,15,16,17,18,19,11,11,20,6,2,2,2,2,13,13,13,13,2,13,13,13,2,2,2,2,2,13,13,13,13,2,21,2,2,22,23,2,2,2,2,2,13,2,24,25,2,2,2,2,2,2,2,26,27,28,29,30,2,2,2,2,31,32,33,2,2,2,34,2,2,2,2,2,2,2,2,2,2,35,36,2,2,2,2,11,11,11,11,11,11,11,11,20,20,20,20,20,20,20,20","0.00343704223632812","infomap","edit-xhwikibooks.graphml"
"0.53","0.39","0.08","0.474885098667566","1,2,1,3,4,3,5,6,3,3,7,8,6,6,6,3,9,10,11,12,2,13,14,6,6,6,6,3,2,15,16,17,18,19,11,11,20,6,2,2,2,2,13,13,13,13,2,13,13,13,2,2,2,2,2,13,13,13,13,2,21,2,2,22,23,2,2,2,2,2,13,2,24,25,2,2,2,2,2,2,2,26,27,28,29,30,2,2,2,2,31,32,33,2,2,2,34,2,2,2,2,2,2,2,2,2,2,35,36,2,2,2,2,11,11,11,11,11,11,11,11,20,20,20,20,20,20,20,20","0.00359702110290527","infomap","edit-xhwikibooks.graphml"
"0.52","0.4","0.08","0.479611459765718","1,2,1,3,4,3,5,6,3,3,7,8,6,6,6,3,9,10,11,12,2,13,14,6,6,6,6,3,2,15,16,17,18,19,11,11,20,6,2,2,2,2,13,13,13,13,2,13,13,13,2,2,2,2,2,13,13,13,13,2,21,2,2,22,23,2,2,2,2,2,13,2,24,25,2,2,2,2,2,2,2,26,27,28,29,30,2,2,2,2,31,32,33,2,2,2,34,2,2,2,2,2,2,2,2,2,2,35,36,2,2,2,2,11,11,11,11,11,11,11,11,20,20,20,20,20,20,20,20","0.00337409973144531","infomap","edit-xhwikibooks.graphml"
"0.51","0.41","0.08","0.469846815372212","1,2,1,3,4,5,6,5,7,8,9,10,5,7,7,5,11,12,13,14,2,15,16,7,7,7,7,17,18,19,20,21,22,23,13,13,24,7,2,2,2,2,15,15,15,15,2,15,15,15,2,2,2,2,2,15,15,15,15,2,25,2,2,26,27,2,2,2,2,2,15,2,28,29,2,2,2,2,2,2,2,30,31,32,33,34,2,2,2,2,35,36,37,2,2,2,38,2,2,2,2,2,2,2,2,2,2,39,40,2,2,2,2,13,13,13,13,13,13,13,13,24,24,24,24,24,24,24,24","0.00329089164733887","infomap","edit-xhwikibooks.graphml"
"0.5","0.42","0.08","0.468649878251954","1,2,1,3,4,5,6,5,7,8,9,10,5,7,7,5,11,12,13,14,2,15,16,7,7,7,7,17,18,19,20,21,22,23,13,13,24,7,2,2,2,2,15,15,15,15,2,15,15,15,2,2,2,2,2,15,15,15,15,2,25,2,2,26,27,2,2,2,2,2,15,2,28,29,2,2,2,2,2,2,2,30,31,32,33,34,2,2,2,2,35,36,37,2,2,2,38,2,2,2,2,2,2,2,2,2,2,39,40,2,2,2,2,13,13,13,13,13,13,13,13,24,24,24,24,24,24,24,24","0.00338888168334961","infomap","edit-xhwikibooks.graphml"
"0.49","0.43","0.08","0.474473983808399","1,2,1,3,4,5,6,5,7,8,9,10,5,7,7,5,11,12,13,14,2,15,16,7,7,7,7,17,18,19,20,21,22,23,13,13,24,7,2,2,2,2,15,15,15,15,2,15,15,15,2,2,2,2,2,15,15,15,15,2,25,2,2,26,27,2,2,2,2,2,15,2,28,29,2,2,2,2,2,2,2,30,31,32,33,34,2,2,2,2,35,36,37,2,2,2,38,2,2,2,2,2,2,2,2,2,2,39,40,2,2,2,2,13,13,13,13,13,13,13,13,24,24,24,24,24,24,24,24","0.00352287292480469","infomap","edit-xhwikibooks.graphml"
"0.48","0.44","0.08","0.473282642619998","1,2,1,3,4,5,6,5,7,8,9,10,5,7,7,5,11,12,13,14,2,15,16,7,7,7,7,17,18,19,20,21,22,23,13,13,24,7,2,2,2,2,15,15,15,15,2,15,15,15,2,2,2,2,2,15,15,15,15,2,25,2,2,26,27,2,2,2,2,2,15,2,28,29,2,2,2,2,2,2,2,30,31,32,33,34,2,2,2,2,35,36,37,2,2,2,38,2,2,2,2,2,2,2,2,2,2,39,40,2,2,2,2,13,13,13,13,13,13,13,13,24,24,24,24,24,24,24,24","0.00325107574462891","infomap","edit-xhwikibooks.graphml"
"0.47","0.45","0.08","0.479146204030149","1,2,1,3,4,5,6,5,7,8,9,10,5,7,7,5,11,12,13,14,2,15,16,7,7,7,7,17,18,19,20,21,22,23,13,13,24,7,2,2,2,2,15,15,15,15,2,15,15,15,2,2,2,2,2,15,15,15,15,2,25,2,2,26,27,2,2,2,2,2,15,2,28,29,2,2,2,2,2,2,2,30,31,32,33,34,2,2,2,2,35,36,37,2,2,2,38,2,2,2,2,2,2,2,2,2,2,39,40,2,2,2,2,13,13,13,13,13,13,13,13,24,24,24,24,24,24,24,24","0.00338602066040039","infomap","edit-xhwikibooks.graphml"
"0.46","0.46","0.08","0.477959607166338","1,2,1,3,4,5,6,5,7,8,9,10,5,7,7,5,11,12,13,14,2,15,16,7,7,7,7,17,18,19,20,21,22,23,13,13,24,7,2,2,2,2,15,15,15,15,2,15,15,15,2,2,2,2,2,15,15,15,15,2,25,2,2,26,27,2,2,2,2,2,15,2,28,29,2,2,2,2,2,2,2,30,31,32,33,34,2,2,2,2,35,36,37,2,2,2,38,2,2,2,2,2,2,2,2,2,2,39,40,2,2,2,2,13,13,13,13,13,13,13,13,24,24,24,24,24,24,24,24","0.0034029483795166","infomap","edit-xhwikibooks.graphml"
"0.45","0.47","0.08","0.480861292857945","1,2,1,3,4,5,6,5,7,8,9,10,5,7,7,5,11,12,13,14,2,15,16,7,7,7,7,17,18,19,20,21,22,23,13,13,24,7,2,2,2,2,15,15,15,15,2,15,15,15,2,2,2,2,2,15,15,15,15,2,25,2,2,26,27,2,2,2,2,2,15,2,28,29,2,2,2,2,2,2,2,30,31,32,33,34,2,2,2,2,35,36,37,2,2,2,38,2,2,2,2,2,2,2,2,2,2,39,40,2,2,2,2,13,13,13,13,13,13,13,13,24,24,24,24,24,24,24,24","0.00344514846801758","infomap","edit-xhwikibooks.graphml"
"0.44","0.48","0.08","0.479679703030549","1,2,1,3,4,5,6,5,7,8,9,10,5,7,7,5,11,12,13,14,2,15,16,7,7,7,7,17,18,19,20,21,22,23,13,13,24,7,2,2,2,2,15,15,15,15,2,15,15,15,2,2,2,2,2,15,15,15,15,2,25,2,2,26,27,2,2,2,2,2,15,2,28,29,2,2,2,2,2,2,2,30,31,32,33,34,2,2,2,2,35,36,37,2,2,2,38,2,2,2,2,2,2,2,2,2,2,39,40,2,2,2,2,13,13,13,13,13,13,13,13,24,24,24,24,24,24,24,24","0.00345301628112793","infomap","edit-xhwikibooks.graphml"
"0.43","0.49","0.08","0.471950248653343","1,2,1,3,4,5,6,5,5,7,8,9,10,5,5,11,12,13,14,15,2,16,17,5,5,5,5,18,19,20,21,22,23,24,14,14,25,26,2,2,2,2,16,16,16,16,2,16,16,16,2,2,2,2,2,16,16,16,16,2,27,2,2,28,29,2,2,2,2,2,16,2,30,31,2,2,2,2,2,2,2,32,33,34,35,36,2,2,2,2,37,38,39,2,2,2,40,2,2,2,2,2,2,2,2,2,2,41,42,2,2,2,2,14,14,14,14,14,14,14,14,25,25,25,25,25,25,25,25","0.00328803062438965","infomap","edit-xhwikibooks.graphml"
"0.42","0.5","0.08","0.553027553339225","1,2,1,3,4,5,6,5,5,7,8,9,5,5,5,10,11,12,13,14,2,15,16,5,5,5,5,17,18,19,20,21,22,23,13,24,25,26,2,2,2,2,15,15,15,15,2,15,15,15,2,2,2,2,2,15,15,15,15,2,27,2,2,28,29,2,2,2,2,2,15,2,30,31,2,2,2,2,2,2,2,32,33,34,35,36,2,2,2,2,37,38,39,2,2,2,40,2,2,2,2,2,2,2,2,2,2,41,42,2,2,2,2,24,13,13,24,24,24,24,24,25,25,25,25,25,25,25,25","0.00355720520019531","infomap","edit-xhwikibooks.graphml"
"0.41","0.51","0.08","0.553027553339225","1,2,1,3,4,5,6,5,5,7,8,9,5,5,5,10,11,12,13,14,2,15,16,5,5,5,5,17,18,19,20,21,22,23,13,24,25,26,2,2,2,2,15,15,15,15,2,15,15,15,2,2,2,2,2,15,15,15,15,2,27,2,2,28,29,2,2,2,2,2,15,2,30,31,2,2,2,2,2,2,2,32,33,34,35,36,2,2,2,2,37,38,39,2,2,2,40,2,2,2,2,2,2,2,2,2,2,41,42,2,2,2,2,24,13,13,24,24,24,24,24,25,25,25,25,25,25,25,25","0.00364899635314941","infomap","edit-xhwikibooks.graphml"
"0.4","0.52","0.08","0.553027553339225","1,2,1,3,4,5,6,5,5,7,8,9,5,5,5,10,11,12,13,14,2,15,16,5,5,5,5,17,18,19,20,21,22,23,13,24,25,26,2,2,2,2,15,15,15,15,2,15,15,15,2,2,2,2,2,15,15,15,15,2,27,2,2,28,29,2,2,2,2,2,15,2,30,31,2,2,2,2,2,2,2,32,33,34,35,36,2,2,2,2,37,38,39,2,2,2,40,2,2,2,2,2,2,2,2,2,2,41,42,2,2,2,2,24,13,13,24,24,24,24,24,25,25,25,25,25,25,25,25","0.00355887413024902","infomap","edit-xhwikibooks.graphml"
"0.39","0.53","0.08","0.551950191841442","1,2,1,3,4,5,6,5,5,7,8,9,5,5,5,10,11,12,13,14,2,15,16,5,5,5,5,17,18,19,20,21,22,23,13,24,25,26,2,2,2,2,15,15,15,15,2,15,15,15,2,2,2,2,2,15,15,15,15,2,27,2,2,28,29,2,2,2,2,2,15,2,30,31,2,2,2,2,2,2,2,32,33,34,35,36,2,2,2,2,37,38,39,2,2,2,40,2,2,2,2,2,2,2,2,2,2,41,42,2,2,2,2,24,13,13,24,24,24,24,24,25,25,25,25,25,25,25,25","0.00344395637512207","infomap","edit-xhwikibooks.graphml"
"0.38","0.54","0.08","0.554044037327174","1,2,1,3,4,5,6,5,5,7,8,9,5,5,5,10,11,12,13,14,2,15,16,5,5,5,5,17,18,19,20,21,22,23,13,24,25,26,2,2,2,2,15,15,15,15,2,15,15,15,2,2,2,2,2,15,15,15,15,2,27,2,2,28,29,2,2,2,2,2,15,2,30,31,2,2,2,2,2,2,2,32,33,34,35,36,2,2,2,2,37,38,39,2,2,2,40,2,2,2,2,2,2,2,2,2,2,41,42,2,2,2,2,24,13,13,24,24,24,24,24,25,25,25,25,25,25,25,25","0.0034940242767334","infomap","edit-xhwikibooks.graphml"
"0.37","0.55","0.08","0.55297134565995","1,2,1,3,4,5,6,5,5,7,8,9,5,5,5,10,11,12,13,14,2,15,16,5,5,5,5,17,18,19,20,21,22,23,13,24,25,26,2,2,2,2,15,15,15,15,2,15,15,15,2,2,2,2,2,15,15,15,15,2,27,2,2,28,29,2,2,2,2,2,15,2,30,31,2,2,2,2,2,2,2,32,33,34,35,36,2,2,2,2,37,38,39,2,2,2,40,2,2,2,2,2,2,2,2,2,2,41,42,2,2,2,2,24,13,13,24,24,24,24,24,25,25,25,25,25,25,25,25","0.00354504585266113","infomap","edit-xhwikibooks.graphml"
"0.36","0.56","0.08","0.557296982067357","1,2,1,3,4,5,6,5,5,7,8,9,5,5,5,10,11,12,13,14,2,15,16,5,5,5,5,17,18,19,20,21,22,23,13,24,25,26,2,2,2,2,15,15,15,15,2,15,15,15,2,2,2,2,2,15,15,15,15,2,27,2,2,28,29,2,2,2,2,2,15,2,30,31,2,2,2,2,2,2,2,32,33,34,35,36,2,2,2,2,37,38,39,2,2,2,40,2,2,2,2,2,2,2,2,2,2,41,42,2,2,2,2,24,13,13,24,24,24,24,24,25,25,25,25,25,25,25,25","0.00360703468322754","infomap","edit-xhwikibooks.graphml"
"0.35","0.57","0.08","0.554258606160857","1,2,1,3,4,5,6,7,8,9,10,11,7,7,7,12,13,14,15,16,2,17,18,7,7,7,7,19,20,21,22,23,24,25,15,26,27,28,2,2,2,2,17,17,17,17,2,17,17,17,2,2,2,2,2,17,17,17,17,2,29,2,2,30,31,2,2,2,2,2,17,2,32,33,2,2,2,2,2,2,2,34,35,36,37,38,2,2,2,2,39,40,41,2,2,2,42,2,2,2,2,2,2,2,2,2,2,43,44,2,2,2,2,26,15,15,26,26,26,26,26,27,27,27,27,27,27,27,27","0.00336003303527832","infomap","edit-xhwikibooks.graphml"
"0.34","0.58","0.08","0.558024691358025","1,2,1,3,4,5,6,7,8,9,10,11,7,7,7,12,13,14,15,16,2,17,18,7,7,7,7,19,20,21,22,23,24,25,15,26,27,28,2,2,2,2,17,17,17,17,2,17,17,17,2,2,2,2,2,17,17,17,17,2,29,2,2,30,31,2,2,2,2,2,17,2,32,33,2,2,2,2,2,2,2,34,35,36,37,38,2,2,2,2,39,40,41,2,2,2,42,2,2,2,2,2,2,2,2,2,2,43,44,2,2,2,2,26,15,15,26,26,26,26,26,27,27,27,27,27,27,27,27","0.00328803062438965","infomap","edit-xhwikibooks.graphml"
"0.33","0.59","0.08","0.55585910076005","1,2,1,3,4,5,6,7,8,9,10,11,7,7,7,12,13,14,15,16,2,17,18,7,7,7,7,19,20,21,22,23,24,25,15,26,27,28,2,2,2,2,17,17,17,17,2,17,17,17,2,2,2,2,2,17,17,17,17,2,29,2,2,30,31,2,2,2,2,2,17,2,32,33,2,2,2,2,2,2,2,34,35,36,37,38,2,2,2,2,39,40,41,2,2,2,42,2,2,2,2,2,2,2,2,2,2,43,44,2,2,2,2,26,15,15,26,26,26,26,26,27,27,27,27,27,27,27,27","0.00334501266479492","infomap","edit-xhwikibooks.graphml"
"0.32","0.6","0.08","0.560062190556696","1,2,1,3,4,5,6,7,8,9,10,11,7,7,7,12,13,14,15,16,2,17,18,7,7,7,7,19,20,21,22,23,24,25,15,26,27,28,2,2,2,2,17,17,17,17,2,17,17,17,2,2,2,2,2,17,17,17,17,2,29,2,2,30,31,2,2,2,2,2,17,2,32,33,2,2,2,2,2,2,2,34,35,36,37,38,2,2,2,2,39,40,41,2,2,2,42,2,2,2,2,2,2,2,2,2,2,43,44,2,2,2,2,26,15,15,26,26,26,26,26,27,27,27,27,27,27,27,27","0.00351214408874512","infomap","edit-xhwikibooks.graphml"
"0.31","0.61","0.08","0.558986676674798","1,2,1,3,4,5,6,7,8,9,10,11,7,7,7,12,13,14,15,16,2,17,18,7,7,7,7,19,20,21,22,23,24,25,15,26,27,28,2,2,2,2,17,17,17,17,2,17,17,17,2,2,2,2,2,17,17,17,17,2,29,2,2,30,31,2,2,2,2,2,17,2,32,33,2,2,2,2,2,2,2,34,35,36,37,38,2,2,2,2,39,40,41,2,2,2,42,2,2,2,2,2,2,2,2,2,2,43,44,2,2,2,2,26,15,15,26,26,26,26,26,27,27,27,27,27,27,27,27","0.0039360523223877","infomap","edit-xhwikibooks.graphml"
"0.3","0.62","0.08","0.560997641016454","1,2,1,3,4,5,6,7,8,9,10,11,7,7,7,12,13,14,15,16,2,17,18,7,7,7,7,19,20,21,22,23,24,25,15,26,27,28,2,2,2,2,17,17,17,17,2,17,17,17,2,2,2,2,2,17,17,17,17,2,29,2,2,30,31,2,2,2,2,2,17,2,32,33,2,2,2,2,2,2,2,34,35,36,37,38,2,2,2,2,39,40,41,2,2,2,42,2,2,2,2,2,2,2,2,2,2,43,44,2,2,2,2,26,15,15,26,26,26,26,26,27,27,27,27,27,27,27,27","0.00342011451721191","infomap","edit-xhwikibooks.graphml"
"0.29","0.63","0.08","0.559926942808989","1,2,1,3,4,5,6,7,8,9,10,11,7,7,7,12,13,14,15,16,2,17,18,7,7,7,7,19,20,21,22,23,24,25,15,26,27,28,2,2,2,2,17,17,17,17,2,17,17,17,2,2,2,2,2,17,17,17,17,2,29,2,2,30,31,2,2,2,2,2,17,2,32,33,2,2,2,2,2,2,2,34,35,36,37,38,2,2,2,2,39,40,41,2,2,2,42,2,2,2,2,2,2,2,2,2,2,43,44,2,2,2,2,26,15,15,26,26,26,26,26,27,27,27,27,27,27,27,27","0.00346994400024414","infomap","edit-xhwikibooks.graphml"
"0.28","0.64","0.08","0.562145557655955","1,2,1,3,4,5,6,7,8,9,10,11,7,7,7,12,13,14,15,16,2,17,18,7,7,7,7,19,20,21,22,23,24,25,15,26,27,28,2,2,2,2,17,17,17,17,2,17,17,17,2,2,2,2,2,17,17,17,17,2,29,2,2,30,31,2,2,2,2,2,17,2,32,33,2,2,2,2,2,2,2,34,35,36,37,38,2,2,2,2,39,40,41,2,2,2,42,2,2,2,2,2,2,2,2,2,2,43,44,2,2,2,2,26,15,15,26,26,26,26,26,27,27,27,27,27,27,27,27","0.00489592552185059","infomap","edit-xhwikibooks.graphml"
"0.27","0.65","0.08","0.534954551193031","1,2,1,3,4,5,6,7,8,9,10,11,12,12,12,13,14,15,16,17,2,18,19,7,12,12,12,20,21,22,23,24,25,26,16,27,12,28,2,2,2,2,18,18,18,18,2,18,18,18,2,2,2,2,2,18,18,18,18,2,29,2,2,30,31,2,2,2,2,2,18,2,32,33,2,2,2,2,2,2,2,34,35,36,37,38,2,2,2,2,39,40,41,2,2,2,42,2,2,2,2,2,2,2,2,2,2,43,44,2,2,2,2,27,45,46,27,27,27,27,27,47,48,49,50,51,52,53,54","0.0058281421661377","infomap","edit-xhwikibooks.graphml"
"0.26","0.66","0.08","0.534954551193031","1,2,1,3,4,5,6,7,8,9,10,11,12,12,12,13,14,15,16,17,2,18,19,7,12,12,12,20,21,22,23,24,25,26,16,27,12,28,2,2,2,2,18,18,18,18,2,18,18,18,2,2,2,2,2,18,18,18,18,2,29,2,2,30,31,2,2,2,2,2,18,2,32,33,2,2,2,2,2,2,2,34,35,36,37,38,2,2,2,2,39,40,41,2,2,2,42,2,2,2,2,2,2,2,2,2,2,43,44,2,2,2,2,27,45,46,27,27,27,27,27,47,48,49,50,51,52,53,54","0.0055539608001709","infomap","edit-xhwikibooks.graphml"
"0.25","0.67","0.08","0.55603344933559","1,2,1,3,4,5,6,7,8,9,10,11,12,12,13,14,15,16,17,18,2,19,20,7,13,13,13,21,22,23,24,25,26,27,17,28,13,29,2,2,2,2,19,19,19,19,2,19,19,19,2,2,2,2,2,19,19,19,19,2,30,2,2,31,32,2,2,2,2,2,19,2,33,34,2,2,2,2,2,2,2,35,36,37,38,39,2,2,2,2,40,41,42,2,2,2,43,2,2,2,2,2,2,2,2,2,2,44,45,2,2,2,2,28,46,47,28,28,28,28,28,48,49,50,51,52,53,54,55","0.0046079158782959","infomap","edit-xhwikibooks.graphml"
"0.24","0.68","0.08","0.55603344933559","1,2,1,3,4,5,6,7,8,9,10,11,12,12,13,14,15,16,17,18,2,19,20,7,13,13,13,21,22,23,24,25,26,27,17,28,13,29,2,2,2,2,19,19,19,19,2,19,19,19,2,2,2,2,2,19,19,19,19,2,30,2,2,31,32,2,2,2,2,2,19,2,33,34,2,2,2,2,2,2,2,35,36,37,38,39,2,2,2,2,40,41,42,2,2,2,43,2,2,2,2,2,2,2,2,2,2,44,45,2,2,2,2,28,46,47,28,28,28,28,28,48,49,50,51,52,53,54,55","0.00530481338500977","infomap","edit-xhwikibooks.graphml"
"0.23","0.69","0.08","0.554984680309862","1,2,1,3,4,5,6,7,8,9,10,11,12,12,13,14,15,16,17,18,2,19,20,7,13,13,13,21,22,23,24,25,26,27,17,28,13,29,2,2,2,2,19,19,19,19,2,19,19,19,2,2,2,2,2,19,19,19,19,2,30,2,2,31,32,2,2,2,2,2,19,2,33,34,2,2,2,2,2,2,2,35,36,37,38,39,2,2,2,2,40,41,42,2,2,2,43,2,2,2,2,2,2,2,2,2,2,44,45,2,2,2,2,28,46,47,28,28,28,28,28,48,49,50,51,52,53,54,55","0.00450992584228516","infomap","edit-xhwikibooks.graphml"
"0.22","0.7","0.08","0.556950743554543","1,2,1,3,4,5,6,7,8,9,10,11,12,12,13,14,15,16,17,18,2,19,20,7,13,13,13,21,22,23,24,25,26,27,17,28,13,29,2,2,2,2,19,19,19,19,2,19,19,19,2,2,2,2,2,19,19,19,19,2,30,2,2,31,32,2,2,2,2,2,19,2,33,34,2,2,2,2,2,2,2,35,36,37,38,39,2,2,2,2,40,41,42,2,2,2,43,2,2,2,2,2,2,2,2,2,2,44,45,2,2,2,2,28,46,47,28,28,28,28,28,48,49,50,51,52,53,54,55","0.00307512283325195","infomap","edit-xhwikibooks.graphml"
"0.21","0.71","0.08","0.555906660184735","1,2,1,3,4,5,6,7,8,9,10,11,12,12,13,14,15,16,17,18,2,19,20,7,13,13,13,21,22,23,24,25,26,27,17,28,13,29,2,2,2,2,19,19,19,19,2,19,19,19,2,2,2,2,2,19,19,19,19,2,30,2,2,31,32,2,2,2,2,2,19,2,33,34,2,2,2,2,2,2,2,35,36,37,38,39,2,2,2,2,40,41,42,2,2,2,43,2,2,2,2,2,2,2,2,2,2,44,45,2,2,2,2,28,46,47,28,28,28,28,28,48,49,50,51,52,53,54,55","0.00365805625915527","infomap","edit-xhwikibooks.graphml"
"0.2","0.72","0.08","0.559507978723404","1,2,1,3,4,5,6,7,8,9,10,11,12,12,13,14,15,16,17,18,2,19,20,7,13,13,13,21,22,23,24,25,26,27,17,28,13,29,2,2,2,2,19,19,19,19,2,19,19,19,2,2,2,2,2,19,19,19,19,2,30,2,2,31,32,2,2,2,2,2,19,2,33,34,2,2,2,2,2,2,2,35,36,37,38,39,2,2,2,2,40,41,42,2,2,2,43,2,2,2,2,2,2,2,2,2,2,44,45,2,2,2,2,28,46,47,28,28,28,28,28,48,49,50,51,52,53,54,55","0.00303506851196289","infomap","edit-xhwikibooks.graphml"
"0.19","0.73","0.08","0.559126018560434","1,2,1,3,4,5,6,7,8,9,10,11,12,12,13,14,15,16,17,18,2,19,20,7,13,13,13,21,22,23,24,25,26,27,17,28,13,29,2,2,2,2,19,19,19,19,2,19,19,19,2,2,2,2,2,19,19,19,19,2,30,2,2,31,32,2,2,2,2,2,19,2,33,34,2,2,2,2,2,2,2,35,36,37,38,39,2,2,2,2,40,41,42,2,2,2,43,2,2,2,2,2,2,2,2,2,2,44,45,2,2,2,2,28,46,47,28,28,28,28,28,48,49,50,51,52,53,54,55","0.0031130313873291","infomap","edit-xhwikibooks.graphml"
"0.18","0.74","0.08","0.559126018560434","1,2,1,3,4,5,6,7,8,9,10,11,12,12,13,14,15,16,17,18,2,19,20,7,13,13,13,21,22,23,24,25,26,27,17,28,13,29,2,2,2,2,19,19,19,19,2,19,19,19,2,2,2,2,2,19,19,19,19,2,30,2,2,31,32,2,2,2,2,2,19,2,33,34,2,2,2,2,2,2,2,35,36,37,38,39,2,2,2,2,40,41,42,2,2,2,43,2,2,2,2,2,2,2,2,2,2,44,45,2,2,2,2,28,46,47,28,28,28,28,28,48,49,50,51,52,53,54,55","0.00353693962097168","infomap","edit-xhwikibooks.graphml"
"0.17","0.75","0.08","0.564252077562327","1,2,1,3,4,5,6,7,8,9,10,11,12,12,13,14,15,16,17,18,2,19,20,7,13,13,13,21,22,23,24,25,26,27,17,28,13,29,2,2,2,2,19,19,19,19,2,19,19,19,2,2,2,2,2,19,19,19,19,2,30,2,2,31,32,2,2,2,2,2,19,2,33,34,2,2,2,2,2,2,2,35,36,37,38,39,2,2,2,2,40,41,42,2,2,2,43,2,2,2,2,2,2,2,2,2,2,44,45,2,2,2,2,28,46,47,28,28,28,28,28,48,49,50,51,52,53,54,55","0.00393891334533691","infomap","edit-xhwikibooks.graphml"
"0.16","0.76","0.08","0.564252077562327","1,2,1,3,4,5,6,7,8,9,10,11,12,12,13,14,15,16,17,18,2,19,20,7,13,13,13,21,22,23,24,25,26,27,17,28,13,29,2,2,2,2,19,19,19,19,2,19,19,19,2,2,2,2,2,19,19,19,19,2,30,2,2,31,32,2,2,2,2,2,19,2,33,34,2,2,2,2,2,2,2,35,36,37,38,39,2,2,2,2,40,41,42,2,2,2,43,2,2,2,2,2,2,2,2,2,2,44,45,2,2,2,2,28,46,47,28,28,28,28,28,48,49,50,51,52,53,54,55","0.00300693511962891","infomap","edit-xhwikibooks.graphml"
"0.15","0.77","0.08","0.61709957674315","1,2,1,3,4,5,6,7,8,9,10,11,12,12,13,14,15,16,17,18,2,19,20,7,13,13,13,21,22,23,24,25,26,27,17,28,13,29,2,2,2,2,19,19,19,19,2,19,19,19,2,2,2,2,2,19,19,19,19,2,30,2,2,31,32,2,2,2,2,2,19,2,33,34,2,2,2,2,2,2,2,35,36,37,38,39,2,2,2,2,40,41,42,2,2,2,43,2,2,2,2,2,2,2,2,2,2,44,45,2,2,2,2,28,46,47,28,28,28,28,28,48,49,50,51,52,53,54,55","0.00382304191589355","infomap","edit-xhwikibooks.graphml"
"0.14","0.78","0.08","0.619463604215539","1,2,1,3,4,5,6,7,8,9,10,11,12,12,13,14,15,16,17,18,2,19,20,7,13,13,13,21,22,23,24,25,26,27,17,28,13,29,2,2,2,2,19,19,19,19,2,19,19,19,2,2,2,2,2,19,19,19,19,2,30,2,2,31,32,2,2,2,2,2,19,2,33,34,2,2,2,2,2,2,2,35,36,37,38,39,2,2,2,2,40,41,42,2,2,2,43,2,2,2,2,2,2,2,2,2,2,44,45,2,2,2,2,28,46,47,28,28,28,28,28,48,49,50,51,52,53,54,55","0.00374007225036621","infomap","edit-xhwikibooks.graphml"
"0.13","0.79","0.08","0.618294306523612","1,2,1,3,4,5,6,7,8,9,10,11,12,12,13,14,15,16,17,18,2,19,20,7,13,13,13,21,22,23,24,25,26,27,17,28,13,29,2,2,2,2,19,19,19,19,2,19,19,19,2,2,2,2,2,19,19,19,19,2,30,2,2,31,32,2,2,2,2,2,19,2,33,34,2,2,2,2,2,2,2,35,36,37,38,39,2,2,2,2,40,41,42,2,2,2,43,2,2,2,2,2,2,2,2,2,2,44,45,2,2,2,2,28,46,47,28,28,28,28,28,48,49,50,51,52,53,54,55","0.00339102745056152","infomap","edit-xhwikibooks.graphml"
"0.12","0.8","0.08","0.621148387538045","1,2,1,3,4,5,6,7,8,9,10,11,12,12,13,14,15,16,17,18,2,19,20,7,13,13,13,21,22,23,24,25,26,27,17,28,13,29,2,2,2,2,19,19,19,19,2,19,19,19,2,2,2,2,2,19,19,19,19,2,30,2,2,31,32,2,2,2,2,2,19,2,33,34,2,2,2,2,2,2,2,35,36,37,38,39,2,2,2,2,40,41,42,2,2,2,43,2,2,2,2,2,2,2,2,2,2,44,45,2,2,2,2,28,46,47,28,28,28,28,28,48,49,50,51,52,53,54,55","0.00346899032592773","infomap","edit-xhwikibooks.graphml"
"0.11","0.81","0.08","0.618041959258969","1,2,1,3,4,5,6,7,8,9,10,11,12,12,12,13,14,15,16,17,2,18,19,7,20,20,20,21,22,23,24,25,26,27,28,12,12,29,2,2,2,2,18,18,18,18,2,18,18,18,2,2,2,2,2,18,18,18,18,2,30,2,2,31,32,2,2,2,2,2,18,2,33,34,2,2,2,2,2,2,2,35,36,37,38,39,2,2,2,2,40,41,42,2,2,2,43,2,2,2,2,2,2,2,2,2,2,44,45,2,2,2,2,28,46,47,28,28,28,28,28,48,49,50,51,52,53,54,55","0.00384187698364258","infomap","edit-xhwikibooks.graphml"
"0.1","0.82","0.08","0.616877162629758","1,2,1,3,4,5,6,7,8,9,10,11,12,12,12,13,14,15,16,17,2,18,19,7,20,20,20,21,22,23,24,25,26,27,28,12,12,29,2,2,2,2,18,18,18,18,2,18,18,18,2,2,2,2,2,18,18,18,18,2,30,2,2,31,32,2,2,2,2,2,18,2,33,34,2,2,2,2,2,2,2,35,36,37,38,39,2,2,2,2,40,41,42,2,2,2,43,2,2,2,2,2,2,2,2,2,2,44,45,2,2,2,2,28,46,47,28,28,28,28,28,48,49,50,51,52,53,54,55","0.00306892395019531","infomap","edit-xhwikibooks.graphml"
"0.09","0.83","0.08","0.616877162629758","1,2,1,3,4,5,6,7,8,9,10,11,12,12,12,13,14,15,16,17,2,18,19,7,20,20,20,21,22,23,24,25,26,27,28,12,12,29,2,2,2,2,18,18,18,18,2,18,18,18,2,2,2,2,2,18,18,18,18,2,30,2,2,31,32,2,2,2,2,2,18,2,33,34,2,2,2,2,2,2,2,35,36,37,38,39,2,2,2,2,40,41,42,2,2,2,43,2,2,2,2,2,2,2,2,2,2,44,45,2,2,2,2,28,46,47,28,28,28,28,28,48,49,50,51,52,53,54,55","0.00344204902648926","infomap","edit-xhwikibooks.graphml"
"0.08","0.84","0.08","0.616324830640294","1,2,1,3,4,5,6,7,8,9,10,11,12,12,12,13,14,15,16,17,2,18,19,7,20,20,20,21,22,23,24,25,26,27,28,12,12,29,2,2,2,2,18,18,18,18,2,18,18,18,2,2,2,2,2,18,18,18,18,2,30,2,2,31,32,2,2,2,2,2,18,2,33,34,2,2,2,2,2,2,2,35,36,37,38,39,2,2,2,2,40,41,42,2,2,2,43,2,2,2,2,2,2,2,2,2,2,44,45,2,2,2,2,28,46,47,28,28,28,28,28,48,49,50,51,52,53,54,55","0.0037078857421875","infomap","edit-xhwikibooks.graphml"
"0.07","0.85","0.08","0.619189283376824","1,2,1,3,4,5,6,7,8,9,10,11,12,12,12,13,14,15,16,17,2,18,19,7,20,20,20,21,22,23,24,25,26,27,28,12,12,29,2,2,2,2,18,18,18,18,2,18,18,18,2,2,2,2,2,18,18,18,18,2,30,2,2,31,32,2,2,2,2,2,18,2,33,34,2,2,2,2,2,2,2,35,36,37,38,39,2,2,2,2,40,41,42,2,2,2,43,2,2,2,2,2,2,2,2,2,2,44,45,2,2,2,2,28,46,47,28,28,28,28,28,48,49,50,51,52,53,54,55","0.00425910949707031","infomap","edit-xhwikibooks.graphml"
"0.06","0.86","0.08","0.621044806040964","1,2,1,3,4,5,6,7,8,9,10,11,12,12,12,13,14,15,16,17,2,18,19,7,20,20,20,21,22,23,24,25,26,27,28,12,12,29,2,2,2,2,18,18,18,18,2,18,18,18,2,2,2,2,2,18,18,18,18,2,30,2,2,31,32,2,2,2,2,2,18,2,33,34,2,2,2,2,2,2,2,35,36,37,38,39,2,2,2,2,40,41,42,2,2,2,43,2,2,2,2,2,2,2,2,2,2,44,45,2,2,2,2,28,46,47,28,28,28,28,28,48,49,50,51,52,53,54,55","0.00344395637512207","infomap","edit-xhwikibooks.graphml"
"0.05","0.87","0.08","0.619649837949815","1,2,1,3,4,5,6,7,8,9,10,11,12,12,13,14,15,16,17,18,2,19,20,7,13,13,13,21,22,23,24,25,26,27,28,28,13,29,2,2,2,2,19,19,19,19,2,19,19,19,2,2,2,2,2,19,19,19,19,2,30,2,2,31,32,2,2,2,2,2,19,2,33,34,2,2,2,2,2,2,2,35,36,37,38,39,2,2,2,2,40,41,42,2,2,2,43,2,2,2,2,2,2,2,2,2,2,44,45,2,2,2,2,46,47,48,46,46,46,46,46,49,50,51,52,53,54,55,56","0.00307607650756836","infomap","edit-xhwikibooks.graphml"
"0.04","0.88","0.08","0.618500278218406","1,2,1,3,4,5,6,7,8,9,10,11,12,12,13,14,15,16,17,18,2,19,20,7,13,13,13,21,22,23,24,25,26,27,28,28,13,29,2,2,2,2,19,19,19,19,2,19,19,19,2,2,2,2,2,19,19,19,19,2,30,2,2,31,32,2,2,2,2,2,19,2,33,34,2,2,2,2,2,2,2,35,36,37,38,39,2,2,2,2,40,41,42,2,2,2,43,2,2,2,2,2,2,2,2,2,2,44,45,2,2,2,2,46,47,48,46,46,46,46,46,49,50,51,52,53,54,55,56","0.0030670166015625","infomap","edit-xhwikibooks.graphml"
"0.03","0.89","0.08","0.623976086669309","1,2,1,3,4,5,6,7,8,9,10,11,12,12,12,13,14,15,16,17,2,18,19,7,20,20,20,21,22,23,24,25,26,27,28,12,12,29,2,2,2,2,18,18,18,18,2,18,18,18,2,2,2,2,2,18,18,18,18,2,30,2,2,31,32,2,2,2,2,2,18,2,33,34,2,2,2,2,2,2,2,35,36,37,38,39,2,2,2,2,40,41,42,2,2,2,43,2,2,2,2,2,2,2,2,2,2,44,45,2,2,2,2,28,46,47,28,28,28,28,28,48,49,50,51,52,53,54,55","0.00360393524169922","infomap","edit-xhwikibooks.graphml"
"0.02","0.9","0.08","0.622843819016264","1,2,1,3,4,5,6,7,8,9,10,11,12,12,12,13,14,15,16,17,2,18,19,7,20,20,20,21,22,23,24,25,26,27,28,12,12,29,2,2,2,2,18,18,18,18,2,18,18,18,2,2,2,2,2,18,18,18,18,2,30,2,2,31,32,2,2,2,2,2,18,2,33,34,2,2,2,2,2,2,2,35,36,37,38,39,2,2,2,2,40,41,42,2,2,2,43,2,2,2,2,2,2,2,2,2,2,44,45,2,2,2,2,28,46,47,28,28,28,28,28,48,49,50,51,52,53,54,55","0.00371599197387695","infomap","edit-xhwikibooks.graphml"
"0.01","0.91","0.08","0.622843819016264","1,2,1,3,4,5,6,7,8,9,10,11,12,12,12,13,14,15,16,17,2,18,19,7,20,20,20,21,22,23,24,25,26,27,28,12,12,29,2,2,2,2,18,18,18,18,2,18,18,18,2,2,2,2,2,18,18,18,18,2,30,2,2,31,32,2,2,2,2,2,18,2,33,34,2,2,2,2,2,2,2,35,36,37,38,39,2,2,2,2,40,41,42,2,2,2,43,2,2,2,2,2,2,2,2,2,2,44,45,2,2,2,2,28,46,47,28,28,28,28,28,48,49,50,51,52,53,54,55","0.00333714485168457","infomap","edit-xhwikibooks.graphml"
"0","0.92","0.08","0.621209268020933","1,2,1,1,1,3,4,1,5,6,7,8,9,9,9,10,11,12,13,14,2,15,16,1,17,17,17,18,1,19,20,21,22,23,24,9,9,25,2,2,2,2,15,15,15,15,2,15,15,15,2,2,2,2,2,15,15,15,15,2,26,2,2,27,28,2,2,2,2,2,15,2,29,30,2,2,2,2,2,2,2,31,32,33,34,35,2,2,2,2,36,37,38,2,2,2,39,2,2,2,2,2,2,2,2,2,2,40,41,2,2,2,2,24,42,43,24,24,24,24,24,44,45,46,47,48,49,50,51","0.0034492015838623","infomap","edit-xhwikibooks.graphml"
"0.91","0","0.09","0.444463734567901","1,2,1,1,1,3,1,4,3,5,6,1,4,4,3,7,5,6,6,8,2,9,4,4,4,10,4,7,11,5,6,6,8,8,12,3,13,3,2,2,2,2,9,9,9,9,2,9,9,9,2,2,2,2,2,9,9,9,9,2,4,2,2,4,4,2,2,2,2,2,9,2,10,10,2,2,2,2,2,2,2,4,7,7,7,11,2,2,2,2,5,6,6,2,2,2,7,2,2,2,2,2,2,2,2,2,2,8,8,2,2,2,2,3,12,12,3,3,12,12,3,13,13,13,13,13,13,13,13","0.00865507125854492","infomap","edit-xhwikibooks.graphml"
"0.9","0.01","0.09","0.444741512345679","1,2,1,1,1,3,1,4,3,5,6,1,4,4,3,7,5,6,6,8,2,9,4,4,4,10,4,7,11,5,6,6,8,8,12,3,13,3,2,2,2,2,9,9,9,9,2,9,9,9,2,2,2,2,2,9,9,9,9,2,4,2,2,4,4,2,2,2,2,2,9,2,10,10,2,2,2,2,2,2,2,4,7,7,7,11,2,2,2,2,5,6,6,2,2,2,7,2,2,2,2,2,2,2,2,2,2,8,8,2,2,2,2,12,12,12,12,3,3,12,3,13,13,13,13,13,13,13,13","0.00875210762023926","infomap","edit-xhwikibooks.graphml"
"0.89","0.02","0.09","0.452997685185185","1,2,1,1,1,3,1,4,3,5,6,1,4,4,3,7,5,6,6,8,9,2,4,4,4,10,4,7,11,5,6,6,8,8,12,3,13,3,9,9,9,9,2,2,2,2,9,2,2,2,9,9,9,9,9,2,2,2,2,9,4,9,9,4,4,9,9,9,9,9,2,9,10,10,9,9,9,9,9,9,9,4,7,7,7,11,9,9,9,9,5,6,6,9,9,9,7,9,9,9,9,9,9,9,9,9,9,8,8,9,9,9,9,12,12,12,3,3,12,12,12,13,13,13,13,13,13,13,13","0.00700187683105469","infomap","edit-xhwikibooks.graphml"
"0.88","0.03","0.09","0.451673176234068","1,2,1,1,1,3,1,4,3,5,6,1,4,4,3,7,5,6,6,8,9,2,4,4,4,10,4,7,11,5,6,6,8,8,12,3,13,3,9,9,9,9,2,2,2,2,9,2,2,2,9,9,9,9,9,2,2,2,2,9,4,9,9,4,4,9,9,9,9,9,2,9,10,10,9,9,9,9,9,9,9,4,7,7,7,11,9,9,9,9,5,6,6,9,9,9,7,9,9,9,9,9,9,9,9,9,9,8,8,9,9,9,9,3,12,12,3,12,3,3,12,13,13,13,13,13,13,13,13","0.00771117210388184","infomap","edit-xhwikibooks.graphml"
"0.87","0.04","0.09","0.452102884416172","1,2,1,1,1,3,1,4,3,5,6,1,4,4,3,7,5,6,6,8,9,2,4,4,4,10,4,7,11,5,6,6,8,8,12,3,13,3,9,9,9,9,2,2,2,2,9,2,2,2,9,9,9,9,9,2,2,2,2,9,4,9,9,4,4,9,9,9,9,9,2,9,10,10,9,9,9,9,9,9,9,4,7,7,7,11,9,9,9,9,5,6,6,9,9,9,7,9,9,9,9,9,9,9,9,9,9,8,8,9,9,9,9,3,12,12,12,3,12,12,12,13,13,13,13,13,13,13,13","0.0125970840454102","infomap","edit-xhwikibooks.graphml"
"0.86","0.05","0.09","0.451211043618937","1,2,1,1,1,3,1,4,3,5,6,1,4,4,3,7,5,6,6,8,9,2,4,4,4,10,4,7,11,5,6,6,8,8,12,3,13,3,9,9,9,9,2,2,2,2,9,2,2,2,9,9,9,9,9,2,2,2,2,9,4,9,9,4,4,9,9,9,9,9,2,9,10,10,9,9,9,9,9,9,9,4,7,7,7,11,9,9,9,9,5,6,6,9,9,9,7,9,9,9,9,9,9,9,9,9,9,8,8,9,9,9,9,3,12,12,12,12,3,12,12,13,13,13,13,13,13,13,13","0.00962495803833008","infomap","edit-xhwikibooks.graphml"
"0.85","0.06","0.09","0.450783706236073","1,2,1,1,1,3,1,4,3,5,6,1,4,4,3,7,5,6,6,8,9,2,4,4,4,10,4,7,11,5,6,6,8,8,12,3,13,3,9,9,9,9,2,2,2,2,9,2,2,2,9,9,9,9,9,2,2,2,2,9,4,9,9,4,4,9,9,9,9,9,2,9,10,10,9,9,9,9,9,9,9,4,7,7,7,11,9,9,9,9,5,6,6,9,9,9,7,9,9,9,9,9,9,9,9,9,9,8,8,9,9,9,9,3,12,12,12,3,3,12,3,13,13,13,13,13,13,13,13","0.0073239803314209","infomap","edit-xhwikibooks.graphml"
"0.84","0.07","0.09","0.450170373911922","1,2,1,1,1,3,1,4,3,5,6,1,4,4,3,7,5,6,6,8,9,2,4,4,4,10,4,7,11,5,6,6,8,8,12,3,13,3,9,9,9,9,2,2,2,2,9,2,2,2,9,9,9,9,9,2,2,2,2,9,4,9,9,4,4,9,9,9,9,9,2,9,10,10,9,9,9,9,9,9,9,4,7,7,7,11,9,9,9,9,5,6,6,9,9,9,7,9,9,9,9,9,9,9,9,9,9,8,8,9,9,9,9,3,12,12,12,12,3,12,3,13,13,13,13,13,13,13,13","0.00733089447021484","infomap","edit-xhwikibooks.graphml"
"0.83","0.08","0.09","0.444636064484966","1,2,1,1,1,3,1,4,3,5,6,1,4,4,3,7,5,6,6,8,2,9,4,4,4,10,4,7,11,5,6,6,8,8,12,3,13,3,2,2,2,2,9,9,9,9,2,9,9,9,2,2,2,2,2,9,9,9,9,2,4,2,2,4,4,2,2,2,2,2,9,2,10,10,2,2,2,2,2,2,2,4,7,7,7,11,2,2,2,2,5,6,6,2,2,2,7,2,2,2,2,2,2,2,2,2,2,8,8,2,2,2,2,12,12,12,3,3,12,12,12,13,13,13,13,13,13,13,13","0.00716400146484375","infomap","edit-xhwikibooks.graphml"
"0.82","0.09","0.09","0.417738648133917","1,2,1,3,1,3,1,2,3,4,5,1,6,7,7,3,4,5,5,8,2,9,6,6,7,7,7,10,11,4,5,5,8,8,12,12,13,7,2,2,2,2,9,9,9,9,2,9,9,9,2,2,2,2,2,9,9,9,9,2,6,2,2,6,7,2,2,2,2,2,9,2,7,7,2,2,2,2,2,2,2,7,10,10,10,11,2,2,2,2,4,5,5,2,2,2,3,2,2,2,2,2,2,2,2,2,2,8,8,2,2,2,2,12,12,12,12,12,12,12,12,13,13,13,13,13,13,13,13","0.0104000568389893","infomap","edit-xhwikibooks.graphml"
"0.81","0.1","0.09","0.408089025722173","1,2,1,1,1,3,1,4,3,5,6,1,4,4,3,7,5,6,6,8,2,9,4,4,4,10,4,7,2,5,6,6,8,8,3,3,11,3,2,2,2,2,9,9,9,9,2,9,9,9,2,2,2,2,2,9,9,9,9,2,12,2,2,4,4,2,2,2,2,2,9,2,10,10,2,2,2,2,2,2,2,4,7,7,7,13,2,2,2,2,14,15,16,2,2,2,7,2,2,2,2,2,2,2,2,2,2,8,8,2,2,2,2,3,3,3,3,3,3,3,3,11,11,11,11,11,11,11,11","0.00754785537719727","infomap","edit-xhwikibooks.graphml"
"0.8","0.11","0.09","0.390880954823706","1,2,1,1,1,2,1,3,2,4,5,1,3,3,6,7,4,5,5,8,2,9,3,3,3,10,3,7,2,4,5,5,8,8,6,6,11,6,2,2,2,2,9,9,9,9,2,9,9,9,2,2,2,2,2,9,9,9,9,2,12,2,2,3,3,2,2,2,2,2,9,2,10,10,2,2,2,2,2,2,2,3,7,7,7,13,2,2,2,2,14,15,16,2,2,2,7,2,2,2,2,2,2,2,2,2,2,8,8,2,2,2,2,6,6,6,6,6,6,6,6,11,11,11,11,11,11,11,11","0.0055849552154541","infomap","edit-xhwikibooks.graphml"
"0.79","0.12","0.09","0.413061114115738","1,2,1,1,1,3,1,4,3,5,6,1,4,4,3,7,5,6,6,8,2,9,4,4,4,10,4,7,2,5,6,6,8,8,3,3,11,3,2,2,2,2,9,9,9,9,2,9,9,9,2,2,2,2,2,9,9,9,9,2,12,2,2,4,4,2,2,2,2,2,9,2,10,10,2,2,2,2,2,2,2,4,7,7,7,13,2,2,2,2,14,15,16,2,2,2,7,2,2,2,2,2,2,2,2,2,2,8,8,2,2,2,2,3,3,3,3,3,3,3,3,11,11,11,11,11,11,11,11","0.00682902336120605","infomap","edit-xhwikibooks.graphml"
"0.78","0.13","0.09","0.412123503465659","1,2,1,1,1,3,1,4,3,5,6,1,4,4,3,7,5,6,6,8,2,9,4,4,4,10,4,7,2,5,6,6,8,8,3,3,11,3,2,2,2,2,9,9,9,9,2,9,9,9,2,2,2,2,2,9,9,9,9,2,12,2,2,4,4,2,2,2,2,2,9,2,10,10,2,2,2,2,2,2,2,4,7,7,7,13,2,2,2,2,14,15,16,2,2,2,7,2,2,2,2,2,2,2,2,2,2,8,8,2,2,2,2,3,3,3,3,3,3,3,3,11,11,11,11,11,11,11,11","0.00839495658874512","infomap","edit-xhwikibooks.graphml"
"0.77","0.14","0.09","0.412123503465659","1,2,1,1,1,3,1,4,3,5,6,1,4,4,3,7,5,6,6,8,2,9,4,4,4,10,4,7,2,5,6,6,8,8,3,3,11,3,2,2,2,2,9,9,9,9,2,9,9,9,2,2,2,2,2,9,9,9,9,2,12,2,2,4,4,2,2,2,2,2,9,2,10,10,2,2,2,2,2,2,2,4,7,7,7,13,2,2,2,2,14,15,16,2,2,2,7,2,2,2,2,2,2,2,2,2,2,8,8,2,2,2,2,3,3,3,3,3,3,3,3,11,11,11,11,11,11,11,11","0.0068659782409668","infomap","edit-xhwikibooks.graphml"
"0.76","0.15","0.09","0.416617122473246","1,2,1,1,1,3,1,4,3,5,6,1,4,4,3,7,5,6,6,8,2,9,4,4,4,10,4,7,2,5,6,6,8,8,3,3,11,3,2,2,2,2,9,9,9,9,2,9,9,9,2,2,2,2,2,9,9,9,9,2,12,2,2,4,4,2,2,2,2,2,9,2,10,10,2,2,2,2,2,2,2,4,7,7,7,13,2,2,2,2,14,15,16,2,2,2,7,2,2,2,2,2,2,2,2,2,2,8,8,2,2,2,2,3,3,3,3,3,3,3,3,11,11,11,11,11,11,11,11","0.00791811943054199","infomap","edit-xhwikibooks.graphml"
"0.75","0.16","0.09","0.419569625865141","1,2,1,1,1,3,1,4,3,5,6,1,4,4,3,7,5,6,6,8,2,9,4,4,4,10,4,7,2,5,6,6,8,8,3,3,11,3,2,2,2,2,9,9,9,9,2,9,9,9,2,2,2,2,2,9,9,9,9,2,12,2,2,4,4,2,2,2,2,2,9,2,10,10,2,2,2,2,2,2,2,4,7,7,7,13,2,2,2,2,14,15,16,2,2,2,7,2,2,2,2,2,2,2,2,2,2,8,8,2,2,2,2,3,3,3,3,3,3,3,3,11,11,11,11,11,11,11,11","0.00755786895751953","infomap","edit-xhwikibooks.graphml"
"0.74","0.17","0.09","0.421270931242441","1,2,1,1,1,3,1,4,3,5,6,1,4,4,3,7,5,6,6,8,2,9,4,4,4,10,4,7,2,5,6,6,8,8,3,3,11,3,2,2,2,2,9,9,9,9,2,9,9,9,2,2,2,2,2,9,9,9,9,2,12,2,2,4,4,2,2,2,2,2,9,2,10,10,2,2,2,2,2,2,2,4,7,7,7,13,2,2,2,2,14,15,16,2,2,2,7,2,2,2,2,2,2,2,2,2,2,8,8,2,2,2,2,3,3,3,3,3,3,3,3,11,11,11,11,11,11,11,11","0.00639104843139648","infomap","edit-xhwikibooks.graphml"
"0.73","0.18","0.09","0.421270931242441","1,2,1,1,1,3,1,4,3,5,6,1,4,4,3,7,5,6,6,8,2,9,4,4,4,10,4,7,2,5,6,6,8,8,3,3,11,3,2,2,2,2,9,9,9,9,2,9,9,9,2,2,2,2,2,9,9,9,9,2,12,2,2,4,4,2,2,2,2,2,9,2,10,10,2,2,2,2,2,2,2,4,7,7,7,13,2,2,2,2,14,15,16,2,2,2,7,2,2,2,2,2,2,2,2,2,2,8,8,2,2,2,2,3,3,3,3,3,3,3,3,11,11,11,11,11,11,11,11","0.00613999366760254","infomap","edit-xhwikibooks.graphml"
"0.72","0.19","0.09","0.393144013123783","1,2,1,1,3,1,3,2,1,1,3,4,5,6,6,7,8,3,3,4,2,9,5,5,6,6,6,7,2,10,11,3,4,4,12,12,13,6,2,2,2,2,9,9,9,9,2,9,9,9,2,2,2,2,2,9,9,9,9,2,14,2,2,15,16,2,2,2,2,2,9,2,6,6,2,2,2,2,2,2,2,17,7,7,7,18,2,2,2,2,19,20,21,2,2,2,22,2,2,2,2,2,2,2,2,2,2,23,24,2,2,2,2,12,12,12,12,12,12,12,12,13,13,13,13,13,13,13,13","0.00764203071594238","infomap","edit-xhwikibooks.graphml"
"0.71","0.2","0.09","0.399529510607015","1,2,1,1,3,1,3,2,1,1,3,4,5,6,6,7,8,3,3,4,2,9,5,5,6,6,6,7,2,10,11,3,4,4,12,12,13,6,2,2,2,2,9,9,9,9,2,9,9,9,2,2,2,2,2,9,9,9,9,2,14,2,2,15,16,2,2,2,2,2,9,2,6,6,2,2,2,2,2,2,2,17,7,7,7,18,2,2,2,2,19,20,21,2,2,2,22,2,2,2,2,2,2,2,2,2,2,23,24,2,2,2,2,12,12,12,12,12,12,12,12,13,13,13,13,13,13,13,13","0.00920009613037109","infomap","edit-xhwikibooks.graphml"
"0.7","0.21","0.09","0.398601690667914","1,2,1,1,3,1,3,2,1,1,3,4,5,6,6,7,8,3,3,4,2,9,5,5,6,6,6,7,2,10,11,3,4,4,12,12,13,6,2,2,2,2,9,9,9,9,2,9,9,9,2,2,2,2,2,9,9,9,9,2,14,2,2,15,16,2,2,2,2,2,9,2,6,6,2,2,2,2,2,2,2,17,7,7,7,18,2,2,2,2,19,20,21,2,2,2,22,2,2,2,2,2,2,2,2,2,2,23,24,2,2,2,2,12,12,12,12,12,12,12,12,13,13,13,13,13,13,13,13","0.00652098655700684","infomap","edit-xhwikibooks.graphml"
"0.69","0.22","0.09","0.398601690667914","1,2,1,1,3,1,3,2,1,1,3,4,5,6,6,7,8,3,3,4,2,9,5,5,6,6,6,7,2,10,11,3,4,4,12,12,13,6,2,2,2,2,9,9,9,9,2,9,9,9,2,2,2,2,2,9,9,9,9,2,14,2,2,15,16,2,2,2,2,2,9,2,6,6,2,2,2,2,2,2,2,17,7,7,7,18,2,2,2,2,19,20,21,2,2,2,22,2,2,2,2,2,2,2,2,2,2,23,24,2,2,2,2,12,12,12,12,12,12,12,12,13,13,13,13,13,13,13,13","0.00901293754577637","infomap","edit-xhwikibooks.graphml"
"0.68","0.23","0.09","0.403740527581875","1,2,1,1,3,1,3,2,1,1,3,4,5,6,6,7,8,3,3,4,2,9,5,5,6,6,6,7,2,10,11,3,4,4,12,12,13,6,2,2,2,2,9,9,9,9,2,9,9,9,2,2,2,2,2,9,9,9,9,2,14,2,2,15,16,2,2,2,2,2,9,2,6,6,2,2,2,2,2,2,2,17,7,7,7,18,2,2,2,2,19,20,21,2,2,2,22,2,2,2,2,2,2,2,2,2,2,23,24,2,2,2,2,12,12,12,12,12,12,12,12,13,13,13,13,13,13,13,13","0.00633597373962402","infomap","edit-xhwikibooks.graphml"
"0.67","0.24","0.09","0.454066395429363","1,2,1,1,3,1,3,2,1,1,3,4,5,6,6,7,8,3,3,4,2,9,5,5,6,6,6,7,2,10,11,3,4,4,12,12,13,6,2,2,2,2,9,9,9,9,2,9,9,9,2,2,2,2,2,9,9,9,9,2,14,2,2,15,16,2,2,2,2,2,9,2,6,6,2,2,2,2,2,2,2,17,7,7,7,18,2,2,2,2,19,20,21,2,2,2,22,2,2,2,2,2,2,2,2,2,2,23,24,2,2,2,2,12,12,12,12,12,12,12,12,13,13,13,13,13,13,13,13","0.00943994522094727","infomap","edit-xhwikibooks.graphml"
"0.66","0.25","0.09","0.458171698431439","1,2,1,1,3,1,3,2,1,1,3,4,5,6,6,7,8,3,3,4,2,9,5,5,6,6,6,7,2,10,11,3,4,4,12,12,13,6,2,2,2,2,9,9,9,9,2,9,9,9,2,2,2,2,2,9,9,9,9,2,14,2,2,15,16,2,2,2,2,2,9,2,6,6,2,2,2,2,2,2,2,17,7,7,7,18,2,2,2,2,19,20,21,2,2,2,22,2,2,2,2,2,2,2,2,2,2,23,24,2,2,2,2,12,12,12,12,12,12,12,12,13,13,13,13,13,13,13,13","0.012749195098877","infomap","edit-xhwikibooks.graphml"
"0.65","0.26","0.09","0.465988151458931","1,2,1,1,3,1,3,4,1,1,3,5,4,4,6,7,8,3,3,5,2,9,4,4,4,10,4,7,2,11,12,3,5,5,6,6,13,6,2,2,2,2,9,9,9,9,2,9,9,9,2,2,2,2,2,9,9,9,9,2,14,2,2,15,16,2,2,2,2,2,9,2,10,10,2,2,2,2,2,2,2,17,7,7,7,18,2,2,2,2,19,20,21,2,2,2,22,2,2,2,2,2,2,2,2,2,2,23,24,2,2,2,2,6,6,6,6,6,6,6,6,13,13,13,13,13,13,13,13","0.0148921012878418","infomap","edit-xhwikibooks.graphml"
"0.64","0.27","0.09","0.440353859228927","1,2,1,1,3,1,3,2,1,1,3,4,5,6,6,7,8,3,3,4,2,9,5,5,6,6,6,7,2,10,11,3,4,4,12,12,13,6,2,2,2,2,9,9,9,9,2,9,9,9,2,2,2,2,2,9,9,9,9,2,14,2,2,15,16,2,2,2,2,2,9,2,6,6,2,2,2,2,2,2,2,17,7,7,7,18,2,2,2,2,19,20,21,2,2,2,22,2,2,2,2,2,2,2,2,2,2,23,24,2,2,2,2,12,12,12,12,12,12,12,12,13,13,13,13,13,13,13,13","0.00874686241149902","infomap","edit-xhwikibooks.graphml"
"0.63","0.28","0.09","0.418595679012346","1,2,1,3,4,3,5,6,3,3,5,7,6,6,6,3,8,9,5,10,2,11,12,6,6,6,6,3,2,13,14,15,10,16,17,17,18,6,2,2,2,2,11,11,11,11,2,11,11,11,2,2,2,2,2,11,11,11,11,2,19,2,2,20,21,2,2,2,2,2,11,2,22,23,2,2,2,2,2,2,2,24,25,26,27,28,2,2,2,2,29,30,31,2,2,2,32,2,2,2,2,2,2,2,2,2,2,33,34,2,2,2,2,17,17,17,17,17,17,17,17,18,18,18,18,18,18,18,18","0.00492191314697266","infomap","edit-xhwikibooks.graphml"
"0.62","0.29","0.09","0.425481569560048","1,2,1,3,4,3,5,6,3,3,5,7,6,6,6,3,8,9,5,10,2,11,12,6,6,6,6,3,2,13,14,15,10,16,17,17,18,6,2,2,2,2,11,11,11,11,2,11,11,11,2,2,2,2,2,11,11,11,11,2,19,2,2,20,21,2,2,2,2,2,11,2,22,23,2,2,2,2,2,2,2,24,25,26,27,28,2,2,2,2,29,30,31,2,2,2,32,2,2,2,2,2,2,2,2,2,2,33,34,2,2,2,2,17,17,17,17,17,17,17,17,18,18,18,18,18,18,18,18","0.00369000434875488","infomap","edit-xhwikibooks.graphml"
"0.61","0.3","0.09","0.424321866770586","1,2,1,3,4,3,5,6,3,3,5,7,6,6,6,3,8,9,5,10,2,11,12,6,6,6,6,3,2,13,14,15,10,16,17,17,18,6,2,2,2,2,11,11,11,11,2,11,11,11,2,2,2,2,2,11,11,11,11,2,19,2,2,20,21,2,2,2,2,2,11,2,22,23,2,2,2,2,2,2,2,24,25,26,27,28,2,2,2,2,29,30,31,2,2,2,32,2,2,2,2,2,2,2,2,2,2,33,34,2,2,2,2,17,17,17,17,17,17,17,17,18,18,18,18,18,18,18,18","0.0036311149597168","infomap","edit-xhwikibooks.graphml"
"0.6","0.31","0.09","0.431490174608906","1,2,1,3,4,3,5,6,3,3,5,7,6,6,6,3,8,9,5,10,2,11,12,6,6,6,6,3,2,13,14,15,10,16,17,17,18,6,2,2,2,2,11,11,11,11,2,11,11,11,2,2,2,2,2,11,11,11,11,2,19,2,2,20,21,2,2,2,2,2,11,2,22,23,2,2,2,2,2,2,2,24,25,26,27,28,2,2,2,2,29,30,31,2,2,2,32,2,2,2,2,2,2,2,2,2,2,33,34,2,2,2,2,17,17,17,17,17,17,17,17,18,18,18,18,18,18,18,18","0.00379610061645508","infomap","edit-xhwikibooks.graphml"
"0.59","0.32","0.09","0.430329955111296","1,2,1,3,4,3,5,6,3,3,5,7,6,6,6,3,8,9,5,10,2,11,12,6,6,6,6,3,2,13,14,15,10,16,17,17,18,6,2,2,2,2,11,11,11,11,2,11,11,11,2,2,2,2,2,11,11,11,11,2,19,2,2,20,21,2,2,2,2,2,11,2,22,23,2,2,2,2,2,2,2,24,25,26,27,28,2,2,2,2,29,30,31,2,2,2,32,2,2,2,2,2,2,2,2,2,2,33,34,2,2,2,2,17,17,17,17,17,17,17,17,18,18,18,18,18,18,18,18","0.00387001037597656","infomap","edit-xhwikibooks.graphml"
"0.58","0.33","0.09","0.43515433384238","1,2,1,3,4,3,5,6,3,3,5,7,6,6,6,3,8,9,5,10,2,11,12,6,6,6,6,3,2,13,14,15,10,16,17,17,18,6,2,2,2,2,11,11,11,11,2,11,11,11,2,2,2,2,2,11,11,11,11,2,19,2,2,20,21,2,2,2,2,2,11,2,22,23,2,2,2,2,2,2,2,24,25,26,27,28,2,2,2,2,29,30,31,2,2,2,32,2,2,2,2,2,2,2,2,2,2,33,34,2,2,2,2,17,17,17,17,17,17,17,17,18,18,18,18,18,18,18,18","0.00359416007995605","infomap","edit-xhwikibooks.graphml"
"0.57","0.34","0.09","0.478974874582378","1,2,1,3,4,3,5,6,3,3,5,7,6,6,6,3,8,9,5,10,2,11,12,6,6,6,6,3,2,13,14,15,10,16,17,17,18,6,2,2,2,2,11,11,11,11,2,11,11,11,2,2,2,2,2,11,11,11,11,2,19,2,2,20,21,2,2,2,2,2,11,2,22,23,2,2,2,2,2,2,2,24,25,26,27,28,2,2,2,2,29,30,31,2,2,2,32,2,2,2,2,2,2,2,2,2,2,33,34,2,2,2,2,17,17,17,17,17,17,17,17,18,18,18,18,18,18,18,18","0.00359392166137695","infomap","edit-xhwikibooks.graphml"
"0.56","0.35","0.09","0.478974874582378","1,2,1,3,4,3,5,6,3,3,5,7,6,6,6,3,8,9,5,10,2,11,12,6,6,6,6,3,2,13,14,15,10,16,17,17,18,6,2,2,2,2,11,11,11,11,2,11,11,11,2,2,2,2,2,11,11,11,11,2,19,2,2,20,21,2,2,2,2,2,11,2,22,23,2,2,2,2,2,2,2,24,25,26,27,28,2,2,2,2,29,30,31,2,2,2,32,2,2,2,2,2,2,2,2,2,2,33,34,2,2,2,2,17,17,17,17,17,17,17,17,18,18,18,18,18,18,18,18","0.00366497039794922","infomap","edit-xhwikibooks.graphml"
"0.55","0.36","0.09","0.477793964620187","1,2,1,3,4,3,5,6,3,3,5,7,6,6,6,3,8,9,5,10,2,11,12,6,6,6,6,3,2,13,14,15,10,16,17,17,18,6,2,2,2,2,11,11,11,11,2,11,11,11,2,2,2,2,2,11,11,11,11,2,19,2,2,20,21,2,2,2,2,2,11,2,22,23,2,2,2,2,2,2,2,24,25,26,27,28,2,2,2,2,29,30,31,2,2,2,32,2,2,2,2,2,2,2,2,2,2,33,34,2,2,2,2,17,17,17,17,17,17,17,17,18,18,18,18,18,18,18,18","0.00380802154541016","infomap","edit-xhwikibooks.graphml"
"0.54","0.37","0.09","0.470731784952626","1,2,1,3,4,3,5,6,3,3,7,8,6,6,6,3,9,10,11,12,2,13,14,6,6,6,6,3,2,15,16,17,18,19,11,11,20,6,2,2,2,2,13,13,13,13,2,13,13,13,2,2,2,2,2,13,13,13,13,2,21,2,2,22,23,2,2,2,2,2,13,2,24,25,2,2,2,2,2,2,2,26,27,28,29,30,2,2,2,2,31,32,33,2,2,2,34,2,2,2,2,2,2,2,2,2,2,35,36,2,2,2,2,11,11,11,11,11,11,11,11,20,20,20,20,20,20,20,20","0.00360393524169922","infomap","edit-xhwikibooks.graphml"
"0.53","0.38","0.09","0.469556417608365","1,2,1,3,4,3,5,6,3,3,7,8,6,6,6,3,9,10,11,12,2,13,14,6,6,6,6,3,2,15,16,17,18,19,11,11,20,6,2,2,2,2,13,13,13,13,2,13,13,13,2,2,2,2,2,13,13,13,13,2,21,2,2,22,23,2,2,2,2,2,13,2,24,25,2,2,2,2,2,2,2,26,27,28,29,30,2,2,2,2,31,32,33,2,2,2,34,2,2,2,2,2,2,2,2,2,2,35,36,2,2,2,2,11,11,11,11,11,11,11,11,20,20,20,20,20,20,20,20","0.00353908538818359","infomap","edit-xhwikibooks.graphml"
"0.52","0.39","0.09","0.471363163371488","1,2,1,3,4,3,5,6,3,3,7,8,6,6,6,3,9,10,11,12,2,13,14,6,6,6,6,3,2,15,16,17,18,19,11,11,20,6,2,2,2,2,13,13,13,13,2,13,13,13,2,2,2,2,2,13,13,13,13,2,21,2,2,22,23,2,2,2,2,2,13,2,24,25,2,2,2,2,2,2,2,26,27,28,29,30,2,2,2,2,31,32,33,2,2,2,34,2,2,2,2,2,2,2,2,2,2,35,36,2,2,2,2,11,11,11,11,11,11,11,11,20,20,20,20,20,20,20,20","0.00359416007995605","infomap","edit-xhwikibooks.graphml"
"0.51","0.4","0.09","0.476099582521001","1,2,1,3,4,3,5,6,3,3,7,8,6,6,6,3,9,10,11,12,2,13,14,6,6,6,6,3,2,15,16,17,18,19,11,11,20,6,2,2,2,2,13,13,13,13,2,13,13,13,2,2,2,2,2,13,13,13,13,2,21,2,2,22,23,2,2,2,2,2,13,2,24,25,2,2,2,2,2,2,2,26,27,28,29,30,2,2,2,2,31,32,33,2,2,2,34,2,2,2,2,2,2,2,2,2,2,35,36,2,2,2,2,11,11,11,11,11,11,11,11,20,20,20,20,20,20,20,20","0.00389194488525391","infomap","edit-xhwikibooks.graphml"
"0.5","0.41","0.09","0.476099582521001","1,2,1,3,4,3,5,6,3,3,7,8,6,6,6,3,9,10,11,12,2,13,14,6,6,6,6,3,2,15,16,17,18,19,11,11,20,6,2,2,2,2,13,13,13,13,2,13,13,13,2,2,2,2,2,13,13,13,13,2,21,2,2,22,23,2,2,2,2,2,13,2,24,25,2,2,2,2,2,2,2,26,27,28,29,30,2,2,2,2,31,32,33,2,2,2,34,2,2,2,2,2,2,2,2,2,2,35,36,2,2,2,2,11,11,11,11,11,11,11,11,20,20,20,20,20,20,20,20","0.0035851001739502","infomap","edit-xhwikibooks.graphml"
"0.49","0.42","0.09","0.474938131364355","1,2,1,3,4,3,5,6,3,3,7,8,6,6,6,3,9,10,11,12,2,13,14,6,6,6,6,3,2,15,16,17,18,19,11,11,20,6,2,2,2,2,13,13,13,13,2,13,13,13,2,2,2,2,2,13,13,13,13,2,21,2,2,22,23,2,2,2,2,2,13,2,24,25,2,2,2,2,2,2,2,26,27,28,29,30,2,2,2,2,31,32,33,2,2,2,34,2,2,2,2,2,2,2,2,2,2,35,36,2,2,2,2,11,11,11,11,11,11,11,11,20,20,20,20,20,20,20,20","0.0036168098449707","infomap","edit-xhwikibooks.graphml"
"0.48","0.43","0.09","0.48042180740266","1,2,1,3,4,3,5,6,3,3,7,8,6,6,6,3,9,10,11,12,2,13,14,6,6,6,6,3,2,15,16,17,18,19,11,11,20,6,2,2,2,2,13,13,13,13,2,13,13,13,2,2,2,2,2,13,13,13,13,2,21,2,2,22,23,2,2,2,2,2,13,2,24,25,2,2,2,2,2,2,2,26,27,28,29,30,2,2,2,2,31,32,33,2,2,2,34,2,2,2,2,2,2,2,2,2,2,35,36,2,2,2,2,11,11,11,11,11,11,11,11,20,20,20,20,20,20,20,20","0.00353193283081055","infomap","edit-xhwikibooks.graphml"
"0.47","0.44","0.09","0.479266387365781","1,2,1,3,4,3,5,6,3,3,7,8,6,6,6,3,9,10,11,12,2,13,14,6,6,6,6,3,2,15,16,17,18,19,11,11,20,6,2,2,2,2,13,13,13,13,2,13,13,13,2,2,2,2,2,13,13,13,13,2,21,2,2,22,23,2,2,2,2,2,13,2,24,25,2,2,2,2,2,2,2,26,27,28,29,30,2,2,2,2,31,32,33,2,2,2,34,2,2,2,2,2,2,2,2,2,2,35,36,2,2,2,2,11,11,11,11,11,11,11,11,20,20,20,20,20,20,20,20","0.00371599197387695","infomap","edit-xhwikibooks.graphml"
"0.46","0.45","0.09","0.487208773387129","1,2,1,3,4,3,5,6,3,3,7,8,6,6,6,3,9,10,11,12,2,13,14,6,6,6,6,3,2,15,16,17,18,19,11,11,20,6,2,2,2,2,13,13,13,13,2,13,13,13,2,2,2,2,2,13,13,13,13,2,21,2,2,22,23,2,2,2,2,2,13,2,24,25,2,2,2,2,2,2,2,26,27,28,29,30,2,2,2,2,31,32,33,2,2,2,34,2,2,2,2,2,2,2,2,2,2,35,36,2,2,2,2,11,11,11,11,11,11,11,11,20,20,20,20,20,20,20,20","0.0036919116973877","infomap","edit-xhwikibooks.graphml"
"0.45","0.46","0.09","0.47677836866764","1,2,1,3,4,5,6,5,7,8,9,10,5,7,7,5,11,12,13,14,2,15,16,7,7,7,7,17,18,19,20,21,22,23,13,13,24,7,2,2,2,2,15,15,15,15,2,15,15,15,2,2,2,2,2,15,15,15,15,2,25,2,2,26,27,2,2,2,2,2,15,2,28,29,2,2,2,2,2,2,2,30,31,32,33,34,2,2,2,2,35,36,37,2,2,2,38,2,2,2,2,2,2,2,2,2,2,39,40,2,2,2,2,13,13,13,13,13,13,13,13,24,24,24,24,24,24,24,24","0.00336194038391113","infomap","edit-xhwikibooks.graphml"
"0.44","0.47","0.09","0.479679703030549","1,2,1,3,4,5,6,5,7,8,9,10,5,7,7,5,11,12,13,14,2,15,16,7,7,7,7,17,18,19,20,21,22,23,13,13,24,7,2,2,2,2,15,15,15,15,2,15,15,15,2,2,2,2,2,15,15,15,15,2,25,2,2,26,27,2,2,2,2,2,15,2,28,29,2,2,2,2,2,2,2,30,31,32,33,34,2,2,2,2,35,36,37,2,2,2,38,2,2,2,2,2,2,2,2,2,2,39,40,2,2,2,2,13,13,13,13,13,13,13,13,24,24,24,24,24,24,24,24","0.00349307060241699","infomap","edit-xhwikibooks.graphml"
"0.43","0.48","0.09","0.478503401360544","1,2,1,3,4,5,6,5,7,8,9,10,5,7,7,5,11,12,13,14,2,15,16,7,7,7,7,17,18,19,20,21,22,23,13,13,24,7,2,2,2,2,15,15,15,15,2,15,15,15,2,2,2,2,2,15,15,15,15,2,25,2,2,26,27,2,2,2,2,2,15,2,28,29,2,2,2,2,2,2,2,30,31,32,33,34,2,2,2,2,35,36,37,2,2,2,38,2,2,2,2,2,2,2,2,2,2,39,40,2,2,2,2,13,13,13,13,13,13,13,13,24,24,24,24,24,24,24,24","0.00529098510742188","infomap","edit-xhwikibooks.graphml"
"0.42","0.49","0.09","0.478503401360544","1,2,1,3,4,5,6,5,7,8,9,10,5,7,7,5,11,12,13,14,2,15,16,7,7,7,7,17,18,19,20,21,22,23,13,13,24,7,2,2,2,2,15,15,15,15,2,15,15,15,2,2,2,2,2,15,15,15,15,2,25,2,2,26,27,2,2,2,2,2,15,2,28,29,2,2,2,2,2,2,2,30,31,32,33,34,2,2,2,2,35,36,37,2,2,2,38,2,2,2,2,2,2,2,2,2,2,39,40,2,2,2,2,13,13,13,13,13,13,13,13,24,24,24,24,24,24,24,24","0.00553798675537109","infomap","edit-xhwikibooks.graphml"
"0.41","0.5","0.09","0.55639274691358","1,2,1,3,4,5,6,7,7,8,9,10,7,7,7,5,11,12,13,14,2,15,16,7,7,7,7,17,18,19,20,21,22,23,13,24,25,7,2,2,2,2,15,15,15,15,2,15,15,15,2,2,2,2,2,15,15,15,15,2,26,2,2,27,28,2,2,2,2,2,15,2,29,30,2,2,2,2,2,2,2,31,32,33,34,35,2,2,2,2,36,37,38,2,2,2,39,2,2,2,2,2,2,2,2,2,2,40,41,2,2,2,2,24,13,13,24,24,24,24,24,25,25,25,25,25,25,25,25","0.0059809684753418","infomap","edit-xhwikibooks.graphml"
"0.4","0.51","0.09","0.55639274691358","1,2,1,3,4,5,6,7,7,8,9,10,7,7,7,5,11,12,13,14,2,15,16,7,7,7,7,17,18,19,20,21,22,23,13,24,25,7,2,2,2,2,15,15,15,15,2,15,15,15,2,2,2,2,2,15,15,15,15,2,26,2,2,27,28,2,2,2,2,2,15,2,29,30,2,2,2,2,2,2,2,31,32,33,34,35,2,2,2,2,36,37,38,2,2,2,39,2,2,2,2,2,2,2,2,2,2,40,41,2,2,2,2,24,13,13,24,24,24,24,24,25,25,25,25,25,25,25,25","0.0244929790496826","infomap","edit-xhwikibooks.graphml"
"0.39","0.52","0.09","0.55639274691358","1,2,1,3,4,5,6,7,7,8,9,10,7,7,7,5,11,12,13,14,2,15,16,7,7,7,7,17,18,19,20,21,22,23,13,24,25,7,2,2,2,2,15,15,15,15,2,15,15,15,2,2,2,2,2,15,15,15,15,2,26,2,2,27,28,2,2,2,2,2,15,2,29,30,2,2,2,2,2,2,2,31,32,33,34,35,2,2,2,2,36,37,38,2,2,2,39,2,2,2,2,2,2,2,2,2,2,40,41,2,2,2,2,24,13,13,24,24,24,24,24,25,25,25,25,25,25,25,25","0.00366401672363281","infomap","edit-xhwikibooks.graphml"
"0.38","0.53","0.09","0.555324928445914","1,2,1,3,4,5,6,7,7,8,9,10,7,7,7,5,11,12,13,14,2,15,16,7,7,7,7,17,18,19,20,21,22,23,13,24,25,7,2,2,2,2,15,15,15,15,2,15,15,15,2,2,2,2,2,15,15,15,15,2,26,2,2,27,28,2,2,2,2,2,15,2,29,30,2,2,2,2,2,2,2,31,32,33,34,35,2,2,2,2,36,37,38,2,2,2,39,2,2,2,2,2,2,2,2,2,2,40,41,2,2,2,2,24,13,13,24,24,24,24,24,25,25,25,25,25,25,25,25","0.00362515449523926","infomap","edit-xhwikibooks.graphml"
"0.37","0.54","0.09","0.557373859161808","1,2,1,3,4,5,6,7,7,8,9,10,7,7,7,5,11,12,13,14,2,15,16,7,7,7,7,17,18,19,20,21,22,23,13,24,25,7,2,2,2,2,15,15,15,15,2,15,15,15,2,2,2,2,2,15,15,15,15,2,26,2,2,27,28,2,2,2,2,2,15,2,29,30,2,2,2,2,2,2,2,31,32,33,34,35,2,2,2,2,36,37,38,2,2,2,39,2,2,2,2,2,2,2,2,2,2,40,41,2,2,2,2,24,13,13,24,24,24,24,24,25,25,25,25,25,25,25,25","0.00475692749023438","infomap","edit-xhwikibooks.graphml"
"0.36","0.55","0.09","0.551902006172839","1,2,1,3,4,5,6,5,5,7,8,9,5,5,5,10,11,12,13,14,2,15,16,5,5,5,5,17,18,19,20,21,22,23,13,24,25,26,2,2,2,2,15,15,15,15,2,15,15,15,2,2,2,2,2,15,15,15,15,2,27,2,2,28,29,2,2,2,2,2,15,2,30,31,2,2,2,2,2,2,2,32,33,34,35,36,2,2,2,2,37,38,39,2,2,2,40,2,2,2,2,2,2,2,2,2,2,41,42,2,2,2,2,24,13,13,24,24,24,24,24,25,25,25,25,25,25,25,25","0.00347185134887695","infomap","edit-xhwikibooks.graphml"
"0.35","0.56","0.09","0.556229205457709","1,2,1,3,4,5,6,5,5,7,8,9,5,5,5,10,11,12,13,14,2,15,16,5,5,5,5,17,18,19,20,21,22,23,13,24,25,26,2,2,2,2,15,15,15,15,2,15,15,15,2,2,2,2,2,15,15,15,15,2,27,2,2,28,29,2,2,2,2,2,15,2,30,31,2,2,2,2,2,2,2,32,33,34,35,36,2,2,2,2,37,38,39,2,2,2,40,2,2,2,2,2,2,2,2,2,2,41,42,2,2,2,2,24,13,13,24,24,24,24,24,25,25,25,25,25,25,25,25","0.00340080261230469","infomap","edit-xhwikibooks.graphml"
"0.34","0.57","0.09","0.55516472007832","1,2,1,3,4,5,6,5,5,7,8,9,5,5,5,10,11,12,13,14,2,15,16,5,5,5,5,17,18,19,20,21,22,23,13,24,25,26,2,2,2,2,15,15,15,15,2,15,15,15,2,2,2,2,2,15,15,15,15,2,27,2,2,28,29,2,2,2,2,2,15,2,30,31,2,2,2,2,2,2,2,32,33,34,35,36,2,2,2,2,37,38,39,2,2,2,40,2,2,2,2,2,2,2,2,2,2,41,42,2,2,2,2,24,13,13,24,24,24,24,24,25,25,25,25,25,25,25,25","0.00352597236633301","infomap","edit-xhwikibooks.graphml"
"0.33","0.58","0.09","0.5587727528617","1,2,1,3,4,5,6,5,5,7,8,9,5,5,5,10,11,12,13,14,2,15,16,5,5,5,5,17,18,19,20,21,22,23,13,24,25,26,2,2,2,2,15,15,15,15,2,15,15,15,2,2,2,2,2,15,15,15,15,2,27,2,2,28,29,2,2,2,2,2,15,2,30,31,2,2,2,2,2,2,2,32,33,34,35,36,2,2,2,2,37,38,39,2,2,2,40,2,2,2,2,2,2,2,2,2,2,41,42,2,2,2,2,24,13,13,24,24,24,24,24,25,25,25,25,25,25,25,25","0.00359702110290527","infomap","edit-xhwikibooks.graphml"
"0.32","0.59","0.09","0.55666387010075","1,2,1,3,4,5,6,5,5,7,8,9,5,5,5,10,11,12,13,14,2,15,16,5,5,5,5,17,18,19,20,21,22,23,13,24,25,26,2,2,2,2,15,15,15,15,2,15,15,15,2,2,2,2,2,15,15,15,15,2,27,2,2,28,29,2,2,2,2,2,15,2,30,31,2,2,2,2,2,2,2,32,33,34,35,36,2,2,2,2,37,38,39,2,2,2,40,2,2,2,2,2,2,2,2,2,2,41,42,2,2,2,2,24,13,13,24,24,24,24,24,25,25,25,25,25,25,25,25","0.00335192680358887","infomap","edit-xhwikibooks.graphml"
"0.31","0.6","0.09","0.561255759688091","1,2,1,3,4,5,6,5,5,7,8,9,5,5,5,10,11,12,13,14,2,15,16,5,5,5,5,17,18,19,20,21,22,23,13,24,25,26,2,2,2,2,15,15,15,15,2,15,15,15,2,2,2,2,2,15,15,15,15,2,27,2,2,28,29,2,2,2,2,2,15,2,30,31,2,2,2,2,2,2,2,32,33,34,35,36,2,2,2,2,37,38,39,2,2,2,40,2,2,2,2,2,2,2,2,2,2,41,42,2,2,2,2,24,13,13,24,24,24,24,24,25,25,25,25,25,25,25,25","0.00340890884399414","infomap","edit-xhwikibooks.graphml"
"0.3","0.61","0.09","0.560208135956699","1,2,1,3,4,5,6,5,5,7,8,9,5,5,5,10,11,12,13,14,2,15,16,5,5,5,5,17,18,19,20,21,22,23,13,24,25,26,2,2,2,2,15,15,15,15,2,15,15,15,2,2,2,2,2,15,15,15,15,2,27,2,2,28,29,2,2,2,2,2,15,2,30,31,2,2,2,2,2,2,2,32,33,34,35,36,2,2,2,2,37,38,39,2,2,2,40,2,2,2,2,2,2,2,2,2,2,41,42,2,2,2,2,24,13,13,24,24,24,24,24,25,25,25,25,25,25,25,25","0.00351786613464355","infomap","edit-xhwikibooks.graphml"
"0.29","0.62","0.09","0.56218772826881","1,2,1,3,4,5,6,5,5,7,8,9,5,5,5,10,11,12,13,14,2,15,16,5,5,5,5,17,18,19,20,21,22,23,13,24,25,26,2,2,2,2,15,15,15,15,2,15,15,15,2,2,2,2,2,15,15,15,15,2,27,2,2,28,29,2,2,2,2,2,15,2,30,31,2,2,2,2,2,2,2,32,33,34,35,36,2,2,2,2,37,38,39,2,2,2,40,2,2,2,2,2,2,2,2,2,2,41,42,2,2,2,2,24,13,13,24,24,24,24,24,25,25,25,25,25,25,25,25","0.00360393524169922","infomap","edit-xhwikibooks.graphml"
"0.28","0.63","0.09","0.561144571748243","1,2,1,3,4,5,6,5,5,7,8,9,5,5,5,10,11,12,13,14,2,15,16,5,5,5,5,17,18,19,20,21,22,23,13,24,25,26,2,2,2,2,15,15,15,15,2,15,15,15,2,2,2,2,2,15,15,15,15,2,27,2,2,28,29,2,2,2,2,2,15,2,30,31,2,2,2,2,2,2,2,32,33,34,35,36,2,2,2,2,37,38,39,2,2,2,40,2,2,2,2,2,2,2,2,2,2,41,42,2,2,2,2,24,13,13,24,24,24,24,24,25,25,25,25,25,25,25,25","0.00348305702209473","infomap","edit-xhwikibooks.graphml"
"0.27","0.64","0.09","0.562145557655955","1,2,1,3,4,5,6,7,8,9,10,11,7,7,7,12,13,14,15,16,2,17,18,7,7,7,7,19,20,21,22,23,24,25,15,26,27,28,2,2,2,2,17,17,17,17,2,17,17,17,2,2,2,2,2,17,17,17,17,2,29,2,2,30,31,2,2,2,2,2,17,2,32,33,2,2,2,2,2,2,2,34,35,36,37,38,2,2,2,2,39,40,41,2,2,2,42,2,2,2,2,2,2,2,2,2,2,43,44,2,2,2,2,26,15,15,26,26,26,26,26,27,27,27,27,27,27,27,27","0.0032660961151123","infomap","edit-xhwikibooks.graphml"
"0.26","0.65","0.09","0.561078429212477","1,2,1,3,4,5,6,7,8,9,10,11,7,7,7,12,13,14,15,16,2,17,18,7,7,7,7,19,20,21,22,23,24,25,15,26,27,28,2,2,2,2,17,17,17,17,2,17,17,17,2,2,2,2,2,17,17,17,17,2,29,2,2,30,31,2,2,2,2,2,17,2,32,33,2,2,2,2,2,2,2,34,35,36,37,38,2,2,2,2,39,40,41,2,2,2,42,2,2,2,2,2,2,2,2,2,2,43,44,2,2,2,2,26,15,15,26,26,26,26,26,27,27,27,27,27,27,27,27","0.00325703620910645","infomap","edit-xhwikibooks.graphml"
"0.25","0.66","0.09","0.561078429212477","1,2,1,3,4,5,6,7,8,9,10,11,7,7,7,12,13,14,15,16,2,17,18,7,7,7,7,19,20,21,22,23,24,25,15,26,27,28,2,2,2,2,17,17,17,17,2,17,17,17,2,2,2,2,2,17,17,17,17,2,29,2,2,30,31,2,2,2,2,2,17,2,32,33,2,2,2,2,2,2,2,34,35,36,37,38,2,2,2,2,39,40,41,2,2,2,42,2,2,2,2,2,2,2,2,2,2,43,44,2,2,2,2,26,15,15,26,26,26,26,26,27,27,27,27,27,27,27,27","0.00339317321777344","infomap","edit-xhwikibooks.graphml"
"0.24","0.67","0.09","0.569179958767361","1,2,1,3,4,5,6,7,8,9,10,11,12,12,12,13,14,15,16,17,2,18,19,7,20,20,20,21,22,23,24,25,26,27,16,12,28,29,2,2,2,2,18,18,18,18,2,18,18,18,2,2,2,2,2,18,18,18,18,2,30,2,2,31,32,2,2,2,2,2,18,2,33,34,2,2,2,2,2,2,2,35,36,37,38,39,2,2,2,2,40,41,42,2,2,2,43,2,2,2,2,2,2,2,2,2,2,44,45,2,2,2,2,16,16,16,16,16,16,16,16,28,28,28,28,28,28,28,28","0.00343608856201172","infomap","edit-xhwikibooks.graphml"
"0.23","0.68","0.09","0.569179958767361","1,2,1,3,4,5,6,7,8,9,10,11,12,12,12,13,14,15,16,17,2,18,19,7,20,20,20,21,22,23,24,25,26,27,16,12,28,29,2,2,2,2,18,18,18,18,2,18,18,18,2,2,2,2,2,18,18,18,18,2,30,2,2,31,32,2,2,2,2,2,18,2,33,34,2,2,2,2,2,2,2,35,36,37,38,39,2,2,2,2,40,41,42,2,2,2,43,2,2,2,2,2,2,2,2,2,2,44,45,2,2,2,2,16,16,16,16,16,16,16,16,28,28,28,28,28,28,28,28","0.00345087051391602","infomap","edit-xhwikibooks.graphml"
"0.22","0.69","0.09","0.568183504806881","1,2,1,3,4,5,6,7,8,9,10,11,12,12,12,13,14,15,16,17,2,18,19,7,20,20,20,21,22,23,24,25,26,27,16,12,28,29,2,2,2,2,18,18,18,18,2,18,18,18,2,2,2,2,2,18,18,18,18,2,30,2,2,31,32,2,2,2,2,2,18,2,33,34,2,2,2,2,2,2,2,35,36,37,38,39,2,2,2,2,40,41,42,2,2,2,43,2,2,2,2,2,2,2,2,2,2,44,45,2,2,2,2,16,16,16,16,16,16,16,16,28,28,28,28,28,28,28,28","0.00395393371582031","infomap","edit-xhwikibooks.graphml"
"0.21","0.7","0.09","0.570001879245081","1,2,1,3,4,5,6,7,8,9,10,11,12,12,12,13,14,15,16,17,2,18,19,7,20,20,20,21,22,23,24,25,26,27,16,12,28,29,2,2,2,2,18,18,18,18,2,18,18,18,2,2,2,2,2,18,18,18,18,2,30,2,2,31,32,2,2,2,2,2,18,2,33,34,2,2,2,2,2,2,2,35,36,37,38,39,2,2,2,2,40,41,42,2,2,2,43,2,2,2,2,2,2,2,2,2,2,44,45,2,2,2,2,16,16,16,16,16,16,16,16,28,28,28,28,28,28,28,28","0.00341415405273438","infomap","edit-xhwikibooks.graphml"
"0.2","0.71","0.09","0.569009608129853","1,2,1,3,4,5,6,7,8,9,10,11,12,12,12,13,14,15,16,17,2,18,19,7,20,20,20,21,22,23,24,25,26,27,16,12,28,29,2,2,2,2,18,18,18,18,2,18,18,18,2,2,2,2,2,18,18,18,18,2,30,2,2,31,32,2,2,2,2,2,18,2,33,34,2,2,2,2,2,2,2,35,36,37,38,39,2,2,2,2,40,41,42,2,2,2,43,2,2,2,2,2,2,2,2,2,2,44,45,2,2,2,2,16,16,16,16,16,16,16,16,28,28,28,28,28,28,28,28","0.00334501266479492","infomap","edit-xhwikibooks.graphml"
"0.19","0.72","0.09","0.572451939915809","1,2,1,3,4,5,6,7,8,9,10,11,12,12,12,13,14,15,16,17,2,18,19,7,20,20,20,21,22,23,24,25,26,27,16,12,28,29,2,2,2,2,18,18,18,18,2,18,18,18,2,2,2,2,2,18,18,18,18,2,30,2,2,31,32,2,2,2,2,2,18,2,33,34,2,2,2,2,2,2,2,35,36,37,38,39,2,2,2,2,40,41,42,2,2,2,43,2,2,2,2,2,2,2,2,2,2,44,45,2,2,2,2,16,16,16,16,16,16,16,16,28,28,28,28,28,28,28,28","0.00333380699157715","infomap","edit-xhwikibooks.graphml"
"0.18","0.73","0.09","0.558471529385277","1,2,1,3,4,5,6,7,8,9,10,11,12,12,13,14,15,16,17,18,2,19,20,7,13,13,13,21,22,23,24,25,26,27,17,28,13,29,2,2,2,2,19,19,19,19,2,19,19,19,2,2,2,2,2,19,19,19,19,2,30,2,2,31,32,2,2,2,2,2,19,2,33,34,2,2,2,2,2,2,2,35,36,37,38,39,2,2,2,2,40,41,42,2,2,2,43,2,2,2,2,2,2,2,2,2,2,44,45,2,2,2,2,28,46,47,28,28,28,28,28,48,49,50,51,52,53,54,55","0.0031120777130127","infomap","edit-xhwikibooks.graphml"
"0.17","0.74","0.09","0.558471529385277","1,2,1,3,4,5,6,7,8,9,10,11,12,12,13,14,15,16,17,18,2,19,20,7,13,13,13,21,22,23,24,25,26,27,17,28,13,29,2,2,2,2,19,19,19,19,2,19,19,19,2,2,2,2,2,19,19,19,19,2,30,2,2,31,32,2,2,2,2,2,19,2,33,34,2,2,2,2,2,2,2,35,36,37,38,39,2,2,2,2,40,41,42,2,2,2,43,2,2,2,2,2,2,2,2,2,2,44,45,2,2,2,2,28,46,47,28,28,28,28,28,48,49,50,51,52,53,54,55","0.00370907783508301","infomap","edit-xhwikibooks.graphml"
"0.16","0.75","0.09","0.563574238259588","1,2,1,3,4,5,6,7,8,9,10,11,12,12,13,14,15,16,17,18,2,19,20,7,13,13,13,21,22,23,24,25,26,27,17,28,13,29,2,2,2,2,19,19,19,19,2,19,19,19,2,2,2,2,2,19,19,19,19,2,30,2,2,31,32,2,2,2,2,2,19,2,33,34,2,2,2,2,2,2,2,35,36,37,38,39,2,2,2,2,40,41,42,2,2,2,43,2,2,2,2,2,2,2,2,2,2,44,45,2,2,2,2,28,46,47,28,28,28,28,28,48,49,50,51,52,53,54,55","0.00452208518981934","infomap","edit-xhwikibooks.graphml"
"0.15","0.76","0.09","0.563574238259588","1,2,1,3,4,5,6,7,8,9,10,11,12,12,13,14,15,16,17,18,2,19,20,7,13,13,13,21,22,23,24,25,26,27,17,28,13,29,2,2,2,2,19,19,19,19,2,19,19,19,2,2,2,2,2,19,19,19,19,2,30,2,2,31,32,2,2,2,2,2,19,2,33,34,2,2,2,2,2,2,2,35,36,37,38,39,2,2,2,2,40,41,42,2,2,2,43,2,2,2,2,2,2,2,2,2,2,44,45,2,2,2,2,28,46,47,28,28,28,28,28,48,49,50,51,52,53,54,55","0.00427103042602539","infomap","edit-xhwikibooks.graphml"
"0.14","0.77","0.09","0.56544502617801","1,2,1,3,4,5,6,7,8,9,10,11,12,12,13,14,15,16,17,18,2,19,20,7,13,13,13,21,22,23,24,25,26,27,17,28,13,29,2,2,2,2,19,19,19,19,2,19,19,19,2,2,2,2,2,19,19,19,19,2,30,2,2,31,32,2,2,2,2,2,19,2,33,34,2,2,2,2,2,2,2,35,36,37,38,39,2,2,2,2,40,41,42,2,2,2,43,2,2,2,2,2,2,2,2,2,2,44,45,2,2,2,2,28,46,47,28,28,28,28,28,48,49,50,51,52,53,54,55","0.00352787971496582","infomap","edit-xhwikibooks.graphml"
"0.13","0.78","0.09","0.568149772305616","1,2,1,3,4,5,6,7,8,9,10,11,12,12,13,14,15,16,17,18,2,19,20,7,13,13,13,21,22,23,24,25,26,27,17,28,13,29,2,2,2,2,19,19,19,19,2,19,19,19,2,2,2,2,2,19,19,19,19,2,30,2,2,31,32,2,2,2,2,2,19,2,33,34,2,2,2,2,2,2,2,35,36,37,38,39,2,2,2,2,40,41,42,2,2,2,43,2,2,2,2,2,2,2,2,2,2,44,45,2,2,2,2,28,46,47,28,28,28,28,28,48,49,50,51,52,53,54,55","0.00364804267883301","infomap","edit-xhwikibooks.graphml"
"0.12","0.79","0.09","0.56712931890789","1,2,1,3,4,5,6,7,8,9,10,11,12,12,13,14,15,16,17,18,2,19,20,7,13,13,13,21,22,23,24,25,26,27,17,28,13,29,2,2,2,2,19,19,19,19,2,19,19,19,2,2,2,2,2,19,19,19,19,2,30,2,2,31,32,2,2,2,2,2,19,2,33,34,2,2,2,2,2,2,2,35,36,37,38,39,2,2,2,2,40,41,42,2,2,2,43,2,2,2,2,2,2,2,2,2,2,44,45,2,2,2,2,28,46,47,28,28,28,28,28,48,49,50,51,52,53,54,55","0.00308918952941895","infomap","edit-xhwikibooks.graphml"
"0.11","0.8","0.09","0.570198452296773","1,2,1,3,4,5,6,7,8,9,10,11,12,12,13,14,15,16,17,18,2,19,20,7,13,13,13,21,22,23,24,25,26,27,17,28,13,29,2,2,2,2,19,19,19,19,2,19,19,19,2,2,2,2,2,19,19,19,19,2,30,2,2,31,32,2,2,2,2,2,19,2,33,34,2,2,2,2,2,2,2,35,36,37,38,39,2,2,2,2,40,41,42,2,2,2,43,2,2,2,2,2,2,2,2,2,2,44,45,2,2,2,2,28,46,47,28,28,28,28,28,48,49,50,51,52,53,54,55","0.00309920310974121","infomap","edit-xhwikibooks.graphml"
"0.1","0.81","0.09","0.570902858964821","1,2,1,3,4,5,6,7,8,9,10,11,12,12,13,14,15,16,17,18,2,19,20,7,13,13,13,21,22,23,24,25,26,27,17,28,13,29,2,2,2,2,19,19,19,19,2,19,19,19,2,2,2,2,2,19,19,19,19,2,30,2,2,31,32,2,2,2,2,2,19,2,33,34,2,2,2,2,2,2,2,35,36,37,38,39,2,2,2,2,40,41,42,2,2,2,43,2,2,2,2,2,2,2,2,2,2,44,45,2,2,2,2,28,46,47,28,28,28,28,28,48,49,50,51,52,53,54,55","0.00352120399475098","infomap","edit-xhwikibooks.graphml"
"0.09","0.82","0.09","0.571906640368179","1,2,1,3,4,5,6,7,8,9,10,11,12,12,13,14,15,16,17,18,2,19,20,7,13,13,13,21,22,23,24,25,26,27,17,28,13,29,2,2,2,2,19,19,19,19,2,19,19,19,2,2,2,2,2,19,19,19,19,2,30,2,2,31,32,2,2,2,2,2,19,2,33,34,2,2,2,2,2,2,2,35,36,37,38,39,2,2,2,2,40,41,42,2,2,2,43,2,2,2,2,2,2,2,2,2,2,44,45,2,2,2,2,28,46,47,28,28,28,28,28,48,49,50,51,52,53,54,55","0.00320196151733398","infomap","edit-xhwikibooks.graphml"
"0.08","0.83","0.09","0.571906640368179","1,2,1,3,4,5,6,7,8,9,10,11,12,12,13,14,15,16,17,18,2,19,20,7,13,13,13,21,22,23,24,25,26,27,17,28,13,29,2,2,2,2,19,19,19,19,2,19,19,19,2,2,2,2,2,19,19,19,19,2,30,2,2,31,32,2,2,2,2,2,19,2,33,34,2,2,2,2,2,2,2,35,36,37,38,39,2,2,2,2,40,41,42,2,2,2,43,2,2,2,2,2,2,2,2,2,2,44,45,2,2,2,2,28,46,47,28,28,28,28,28,48,49,50,51,52,53,54,55","0.00347518920898438","infomap","edit-xhwikibooks.graphml"
"0.07","0.84","0.09","0.56917690545606","1,2,1,3,4,5,6,7,8,9,10,11,12,12,13,14,15,16,17,18,2,19,20,7,13,13,13,21,22,23,24,25,26,27,17,17,13,28,2,2,2,2,19,19,19,19,2,19,19,19,2,2,2,2,2,19,19,19,19,2,29,2,2,30,31,2,2,2,2,2,19,2,32,33,2,2,2,2,2,2,2,34,35,36,37,38,2,2,2,2,39,40,41,2,2,2,42,2,2,2,2,2,2,2,2,2,2,43,44,2,2,2,2,45,46,47,45,45,45,45,45,48,49,50,51,52,53,54,55","0.00362706184387207","infomap","edit-xhwikibooks.graphml"
"0.06","0.85","0.09","0.570958698340553","1,2,1,3,4,5,6,7,8,9,10,11,12,12,13,14,15,16,17,18,2,19,20,7,13,13,13,21,22,23,24,25,26,27,17,17,13,28,2,2,2,2,19,19,19,19,2,19,19,19,2,2,2,2,2,19,19,19,19,2,29,2,2,30,31,2,2,2,2,2,19,2,32,33,2,2,2,2,2,2,2,34,35,36,37,38,2,2,2,2,39,40,41,2,2,2,42,2,2,2,2,2,2,2,2,2,2,43,44,2,2,2,2,45,46,47,45,45,45,45,45,48,49,50,51,52,53,54,55","0.00347495079040527","infomap","edit-xhwikibooks.graphml"
"0.05","0.86","0.09","0.573366238138966","1,2,1,3,4,5,6,7,8,9,10,11,12,12,13,14,15,16,17,18,2,19,20,7,13,13,13,21,22,23,24,25,26,27,17,17,13,28,2,2,2,2,19,19,19,19,2,19,19,19,2,2,2,2,2,19,19,19,19,2,29,2,2,30,31,2,2,2,2,2,19,2,32,33,2,2,2,2,2,2,2,34,35,36,37,38,2,2,2,2,39,40,41,2,2,2,42,2,2,2,2,2,2,2,2,2,2,43,44,2,2,2,2,45,46,47,45,45,45,45,45,48,49,50,51,52,53,54,55","0.00308108329772949","infomap","edit-xhwikibooks.graphml"
"0.04","0.87","0.09","0.573366238138966","1,2,1,3,4,5,6,7,8,9,10,11,12,12,13,14,15,16,17,18,2,19,20,7,13,13,13,21,22,23,24,25,26,27,17,17,13,28,2,2,2,2,19,19,19,19,2,19,19,19,2,2,2,2,2,19,19,19,19,2,29,2,2,30,31,2,2,2,2,2,19,2,32,33,2,2,2,2,2,2,2,34,35,36,37,38,2,2,2,2,39,40,41,2,2,2,42,2,2,2,2,2,2,2,2,2,2,43,44,2,2,2,2,45,46,47,45,45,45,45,45,48,49,50,51,52,53,54,55","0.00440716743469238","infomap","edit-xhwikibooks.graphml"
"0.03","0.88","0.09","0.572365791293645","1,2,1,3,4,5,6,7,8,9,10,11,12,12,13,14,15,16,17,18,2,19,20,7,13,13,13,21,22,23,24,25,26,27,17,17,13,28,2,2,2,2,19,19,19,19,2,19,19,19,2,2,2,2,2,19,19,19,19,2,29,2,2,30,31,2,2,2,2,2,19,2,32,33,2,2,2,2,2,2,2,34,35,36,37,38,2,2,2,2,39,40,41,2,2,2,42,2,2,2,2,2,2,2,2,2,2,43,44,2,2,2,2,45,46,47,45,45,45,45,45,48,49,50,51,52,53,54,55","0.00319695472717285","infomap","edit-xhwikibooks.graphml"
"0.02","0.89","0.09","0.575712464117688","1,2,1,3,4,5,6,7,8,9,10,11,12,12,13,14,15,16,17,18,2,19,20,7,13,13,13,21,22,23,24,25,26,27,17,17,13,28,2,2,2,2,19,19,19,19,2,19,19,19,2,2,2,2,2,19,19,19,19,2,29,2,2,30,31,2,2,2,2,2,19,2,32,33,2,2,2,2,2,2,2,34,35,36,37,38,2,2,2,2,39,40,41,2,2,2,42,2,2,2,2,2,2,2,2,2,2,43,44,2,2,2,2,45,46,47,45,45,45,45,45,48,49,50,51,52,53,54,55","0.00350618362426758","infomap","edit-xhwikibooks.graphml"
"0.01","0.9","0.09","0.57471875","1,2,1,3,4,5,6,7,8,9,10,11,12,12,13,14,15,16,17,18,2,19,20,7,13,13,13,21,22,23,24,25,26,27,17,17,13,28,2,2,2,2,19,19,19,19,2,19,19,19,2,2,2,2,2,19,19,19,19,2,29,2,2,30,31,2,2,2,2,2,19,2,32,33,2,2,2,2,2,2,2,34,35,36,37,38,2,2,2,2,39,40,41,2,2,2,42,2,2,2,2,2,2,2,2,2,2,43,44,2,2,2,2,45,46,47,45,45,45,45,45,48,49,50,51,52,53,54,55","0.00387907028198242","infomap","edit-xhwikibooks.graphml"
"0","0.91","0.09","0.57161368983433","1,2,1,1,1,3,4,1,5,6,7,8,9,9,10,11,12,13,14,15,2,16,17,1,10,10,10,18,1,19,20,21,22,23,24,24,10,25,2,2,2,2,16,16,16,16,2,16,16,16,2,2,2,2,2,16,16,16,16,2,26,2,2,27,28,2,2,2,2,2,16,2,29,30,2,2,2,2,2,2,2,31,32,33,34,35,2,2,2,2,36,37,38,2,2,2,39,2,2,2,2,2,2,2,2,2,2,40,41,2,2,2,2,42,43,44,42,42,42,42,42,45,46,47,48,49,50,51,52","0.00934791564941406","infomap","edit-xhwikibooks.graphml"
"0.9","0","0.1","0.446076186901858","1,2,1,1,1,2,1,2,2,3,4,5,6,7,8,9,3,4,4,5,10,2,6,6,7,7,7,9,11,3,4,4,5,5,12,8,13,8,10,10,10,10,2,2,2,2,10,2,2,2,10,10,10,10,10,2,2,2,2,10,6,10,10,6,7,10,10,10,10,10,2,10,7,7,10,10,10,10,10,10,10,7,9,9,9,11,10,10,10,10,3,4,4,10,10,10,9,10,10,10,10,10,10,10,10,10,10,5,5,10,10,10,10,8,12,12,12,12,8,8,12,13,13,13,13,13,13,13,13","0.00798296928405762","infomap","edit-xhwikibooks.graphml"
"0.89","0.01","0.1","0.443427398431061","1,2,1,1,1,3,1,4,3,5,6,1,4,4,3,7,5,6,6,8,2,9,4,4,4,10,4,7,11,5,6,6,8,8,12,3,13,3,2,2,2,2,9,9,9,9,2,9,9,9,2,2,2,2,2,9,9,9,9,2,4,2,2,4,4,2,2,2,2,2,9,2,10,10,2,2,2,2,2,2,2,4,7,7,7,11,2,2,2,2,5,6,6,2,2,2,7,2,2,2,2,2,2,2,2,2,2,8,8,2,2,2,2,3,12,12,3,3,12,12,3,13,13,13,13,13,13,13,13","0.00621700286865234","infomap","edit-xhwikibooks.graphml"
"0.88","0.02","0.1","0.444362198956076","1,2,1,1,1,1,1,3,1,4,5,6,3,3,7,8,4,5,5,6,2,9,3,3,3,10,3,8,11,4,5,5,6,6,12,7,13,7,2,2,2,2,9,9,9,9,2,9,9,9,2,2,2,2,2,9,9,9,9,2,3,2,2,3,3,2,2,2,2,2,9,2,10,10,2,2,2,2,2,2,2,3,8,8,8,11,2,2,2,2,4,5,5,2,2,2,8,2,2,2,2,2,2,2,2,2,2,6,6,2,2,2,2,12,12,12,12,12,12,7,12,13,13,13,13,13,13,13,13","0.0112679004669189","infomap","edit-xhwikibooks.graphml"
"0.87","0.03","0.1","0.449422853630216","1,2,1,1,1,3,1,4,3,5,6,1,4,4,3,7,5,6,6,8,9,2,4,4,4,10,4,7,11,5,6,6,8,8,12,3,13,3,9,9,9,9,2,2,2,2,9,2,2,2,9,9,9,9,9,2,2,2,2,9,4,9,9,4,4,9,9,9,9,9,2,9,10,10,9,9,9,9,9,9,9,4,7,7,7,11,9,9,9,9,5,6,6,9,9,9,7,9,9,9,9,9,9,9,9,9,9,8,8,9,9,9,9,12,12,12,12,3,3,3,3,13,13,13,13,13,13,13,13","0.0102760791778564","infomap","edit-xhwikibooks.graphml"
"0.86","0.04","0.1","0.449711237089148","1,2,1,1,1,3,1,4,3,5,6,1,4,4,3,7,5,6,6,8,9,2,4,4,4,10,4,7,11,5,6,6,8,8,12,3,13,3,9,9,9,9,2,2,2,2,9,2,2,2,9,9,9,9,9,2,2,2,2,9,4,9,9,4,4,9,9,9,9,9,2,9,10,10,9,9,9,9,9,9,9,4,7,7,7,11,9,9,9,9,5,6,6,9,9,9,7,9,9,9,9,9,9,9,9,9,9,8,8,9,9,9,9,12,12,12,12,3,12,3,3,13,13,13,13,13,13,13,13","0.00995111465454102","infomap","edit-xhwikibooks.graphml"
"0.85","0.05","0.1","0.442145423258061","1,2,1,1,1,3,1,4,3,5,6,1,4,4,3,7,5,6,6,8,2,9,4,4,4,10,4,7,11,5,6,6,8,8,12,3,13,3,2,2,2,2,9,9,9,9,2,9,9,9,2,2,2,2,2,9,9,9,9,2,4,2,2,4,4,2,2,2,2,2,9,2,10,10,2,2,2,2,2,2,2,4,7,7,7,11,2,2,2,2,5,6,6,2,2,2,7,2,2,2,2,2,2,2,2,2,2,8,8,2,2,2,2,12,12,12,12,12,3,12,12,13,13,13,13,13,13,13,13","0.0104649066925049","infomap","edit-xhwikibooks.graphml"
"0.84","0.06","0.1","0.44904751841565","1,2,1,1,1,3,1,4,3,5,6,1,4,4,3,7,5,6,6,8,9,2,4,4,4,10,4,7,11,5,6,6,8,8,12,3,13,3,9,9,9,9,2,2,2,2,9,2,2,2,9,9,9,9,9,2,2,2,2,9,4,9,9,4,4,9,9,9,9,9,2,9,10,10,9,9,9,9,9,9,9,4,7,7,7,11,9,9,9,9,5,6,6,9,9,9,7,9,9,9,9,9,9,9,9,9,9,8,8,9,9,9,9,12,12,12,12,12,12,12,3,13,13,13,13,13,13,13,13","0.00897002220153809","infomap","edit-xhwikibooks.graphml"
"0.83","0.07","0.1","0.426121223494089","1,2,1,1,1,2,1,3,2,4,5,1,3,3,6,7,4,5,5,8,2,9,3,3,3,10,3,7,11,4,5,5,8,8,12,6,13,6,2,2,2,2,9,9,9,9,2,9,9,9,2,2,2,2,2,9,9,9,9,2,3,2,2,3,3,2,2,2,2,2,9,2,10,10,2,2,2,2,2,2,2,3,7,7,7,11,2,2,2,2,4,5,5,2,2,2,7,2,2,2,2,2,2,2,2,2,2,8,8,2,2,2,2,6,12,12,12,12,6,6,6,13,13,13,13,13,13,13,13","0.00878500938415527","infomap","edit-xhwikibooks.graphml"
"0.82","0.08","0.1","0.450244856520051","1,2,1,1,1,3,1,4,3,5,6,1,4,4,3,7,5,6,6,8,9,2,4,4,4,10,4,7,11,5,6,6,8,8,12,3,13,3,9,9,9,9,2,2,2,2,9,2,2,2,9,9,9,9,9,2,2,2,2,9,4,9,9,4,4,9,9,9,9,9,2,9,10,10,9,9,9,9,9,9,9,4,7,7,7,11,9,9,9,9,5,6,6,9,9,9,7,9,9,9,9,9,9,9,9,9,9,8,8,9,9,9,9,3,12,12,12,3,12,3,12,13,13,13,13,13,13,13,13","0.00980305671691895","infomap","edit-xhwikibooks.graphml"
"0.81","0.09","0.1","0.449093838398088","1,2,1,1,1,3,1,4,3,5,6,1,4,4,3,7,5,6,6,8,9,2,4,4,4,10,4,7,11,5,6,6,8,8,12,3,13,3,9,9,9,9,2,2,2,2,9,2,2,2,9,9,9,9,9,2,2,2,2,9,4,9,9,4,4,9,9,9,9,9,2,9,10,10,9,9,9,9,9,9,9,4,7,7,7,11,9,9,9,9,5,6,6,9,9,9,7,9,9,9,9,9,9,9,9,9,9,8,8,9,9,9,9,12,12,12,3,12,3,3,3,13,13,13,13,13,13,13,13","0.00647377967834473","infomap","edit-xhwikibooks.graphml"
"0.8","0.1","0.1","0.442311547342396","1,2,1,1,1,3,1,4,3,5,6,1,4,4,3,7,5,6,6,8,2,9,4,4,4,10,4,7,11,5,6,6,8,8,12,3,13,3,2,2,2,2,9,9,9,9,2,9,9,9,2,2,2,2,2,9,9,9,9,2,4,2,2,4,4,2,2,2,2,2,9,2,10,10,2,2,2,2,2,2,2,4,7,7,7,11,2,2,2,2,5,6,6,2,2,2,7,2,2,2,2,2,2,2,2,2,2,8,8,2,2,2,2,12,12,12,3,3,12,3,3,13,13,13,13,13,13,13,13","0.00742387771606445","infomap","edit-xhwikibooks.graphml"
"0.79","0.11","0.1","0.439388126242125","1,2,1,1,1,3,1,4,3,5,6,1,4,4,3,7,5,6,6,8,9,2,4,4,4,10,4,7,2,5,6,6,8,8,11,3,12,3,9,9,9,9,2,2,2,2,9,2,2,2,9,9,9,9,9,2,2,2,2,9,13,9,9,4,4,9,9,9,9,9,2,9,10,10,9,9,9,9,9,9,9,4,7,7,7,14,9,9,9,9,15,16,17,9,9,9,7,9,9,9,9,9,9,9,9,9,9,8,8,9,9,9,9,11,11,11,3,3,3,11,3,12,12,12,12,12,12,12,12","0.00745606422424316","infomap","edit-xhwikibooks.graphml"
"0.78","0.12","0.1","0.445070540111862","1,2,1,1,1,3,1,4,3,5,6,1,4,4,3,7,5,6,6,8,9,2,4,4,4,10,4,7,2,5,6,6,8,8,11,3,12,3,9,9,9,9,2,2,2,2,9,2,2,2,9,9,9,9,9,2,2,2,2,9,13,9,9,4,4,9,9,9,9,9,2,9,10,10,9,9,9,9,9,9,9,4,7,7,7,14,9,9,9,9,15,16,17,9,9,9,7,9,9,9,9,9,9,9,9,9,9,8,8,9,9,9,9,11,11,11,11,3,11,3,11,12,12,12,12,12,12,12,12","0.00697994232177734","infomap","edit-xhwikibooks.graphml"
"0.77","0.13","0.1","0.444070009660669","1,2,1,1,1,3,1,4,3,5,6,1,4,4,3,7,5,6,6,8,9,2,4,4,4,10,4,7,2,5,6,6,8,8,11,3,12,3,9,9,9,9,2,2,2,2,9,2,2,2,9,9,9,9,9,2,2,2,2,9,13,9,9,4,4,9,9,9,9,9,2,9,10,10,9,9,9,9,9,9,9,4,7,7,7,14,9,9,9,9,15,16,17,9,9,9,7,9,9,9,9,9,9,9,9,9,9,8,8,9,9,9,9,11,11,11,3,11,3,3,11,12,12,12,12,12,12,12,12","0.00813984870910645","infomap","edit-xhwikibooks.graphml"
"0.76","0.14","0.1","0.433971591595218","1,2,1,1,1,3,1,4,3,5,6,1,4,4,3,7,5,6,6,8,2,9,4,4,4,10,4,7,2,5,6,6,8,8,11,3,12,3,2,2,2,2,9,9,9,9,2,9,9,9,2,2,2,2,2,9,9,9,9,2,13,2,2,4,4,2,2,2,2,2,9,2,10,10,2,2,2,2,2,2,2,4,7,7,7,14,2,2,2,2,15,16,17,2,2,2,7,2,2,2,2,2,2,2,2,2,2,8,8,2,2,2,2,3,11,11,11,11,3,3,3,12,12,12,12,12,12,12,12","0.00695085525512695","infomap","edit-xhwikibooks.graphml"
"0.75","0.15","0.1","0.438614140724187","1,2,1,1,1,3,1,4,3,5,6,1,4,4,3,7,5,6,6,8,2,9,4,4,4,10,4,7,2,5,6,6,8,8,11,3,12,3,2,2,2,2,9,9,9,9,2,9,9,9,2,2,2,2,2,9,9,9,9,2,13,2,2,4,4,2,2,2,2,2,9,2,10,10,2,2,2,2,2,2,2,4,7,7,7,14,2,2,2,2,15,16,17,2,2,2,7,2,2,2,2,2,2,2,2,2,2,8,8,2,2,2,2,11,11,11,11,11,11,3,11,12,12,12,12,12,12,12,12","0.00589704513549805","infomap","edit-xhwikibooks.graphml"
"0.74","0.16","0.1","0.449658110822306","1,2,1,1,1,3,1,4,3,5,6,1,4,4,3,7,5,6,6,8,9,2,4,4,4,10,4,7,2,5,6,6,8,8,11,3,12,3,9,9,9,9,2,2,2,2,9,2,2,2,9,9,9,9,9,2,2,2,2,9,13,9,9,4,4,9,9,9,9,9,2,9,10,10,9,9,9,9,9,9,9,4,7,7,7,14,9,9,9,9,15,16,17,9,9,9,7,9,9,9,9,9,9,9,9,9,9,8,8,9,9,9,9,3,11,11,3,3,3,3,11,12,12,12,12,12,12,12,12","0.00742316246032715","infomap","edit-xhwikibooks.graphml"
"0.73","0.17","0.1","0.439744338933528","1,2,1,1,1,3,1,4,3,5,6,1,4,4,3,7,5,6,6,8,2,9,4,4,4,10,4,7,2,5,6,6,8,8,11,3,12,3,2,2,2,2,9,9,9,9,2,9,9,9,2,2,2,2,2,9,9,9,9,2,13,2,2,4,4,2,2,2,2,2,9,2,10,10,2,2,2,2,2,2,2,4,7,7,7,14,2,2,2,2,15,16,17,2,2,2,7,2,2,2,2,2,2,2,2,2,2,8,8,2,2,2,2,11,11,11,11,3,11,3,3,12,12,12,12,12,12,12,12","0.00749492645263672","infomap","edit-xhwikibooks.graphml"
"0.72","0.18","0.1","0.449233016800584","1,2,1,1,1,3,1,4,3,5,6,1,4,4,3,7,5,6,6,8,9,2,4,4,4,10,4,7,2,5,6,6,8,8,11,3,12,3,9,9,9,9,2,2,2,2,9,2,2,2,9,9,9,9,9,2,2,2,2,9,13,9,9,4,4,9,9,9,9,9,2,9,10,10,9,9,9,9,9,9,9,4,7,7,7,14,9,9,9,9,15,16,17,9,9,9,7,9,9,9,9,9,9,9,9,9,9,8,8,9,9,9,9,3,11,11,3,11,3,11,11,12,12,12,12,12,12,12,12","0.00681591033935547","infomap","edit-xhwikibooks.graphml"
"0.71","0.19","0.1","0.438005838825298","1,2,1,1,1,3,1,4,3,5,6,1,4,4,3,7,5,6,6,8,2,9,4,4,4,10,4,7,2,5,6,6,8,8,11,3,12,3,2,2,2,2,9,9,9,9,2,9,9,9,2,2,2,2,2,9,9,9,9,2,13,2,2,4,4,2,2,2,2,2,9,2,10,10,2,2,2,2,2,2,2,4,7,7,7,14,2,2,2,2,15,16,17,2,2,2,7,2,2,2,2,2,2,2,2,2,2,8,8,2,2,2,2,3,11,11,11,3,11,11,3,12,12,12,12,12,12,12,12","0.00528407096862793","infomap","edit-xhwikibooks.graphml"
"0.7","0.2","0.1","0.455646429694872","1,2,1,1,1,3,1,4,3,5,6,1,4,4,3,7,5,6,6,8,9,2,4,4,4,10,4,7,2,5,6,6,8,8,11,3,12,3,9,9,9,9,2,2,2,2,9,2,2,2,9,9,9,9,9,2,2,2,2,9,13,9,9,4,4,9,9,9,9,9,2,9,10,10,9,9,9,9,9,9,9,4,7,7,7,14,9,9,9,9,15,16,17,9,9,9,7,9,9,9,9,9,9,9,9,9,9,8,8,9,9,9,9,11,11,11,11,11,3,3,11,12,12,12,12,12,12,12,12","0.00729203224182129","infomap","edit-xhwikibooks.graphml"
"0.69","0.21","0.1","0.398601690667914","1,2,1,1,3,1,3,2,1,1,3,4,5,6,6,7,8,3,3,4,2,9,5,5,6,6,6,7,2,10,11,3,4,4,12,12,13,6,2,2,2,2,9,9,9,9,2,9,9,9,2,2,2,2,2,9,9,9,9,2,14,2,2,15,16,2,2,2,2,2,9,2,6,6,2,2,2,2,2,2,2,17,7,7,7,18,2,2,2,2,19,20,21,2,2,2,22,2,2,2,2,2,2,2,2,2,2,23,24,2,2,2,2,12,12,12,12,12,12,12,12,13,13,13,13,13,13,13,13","0.00913286209106445","infomap","edit-xhwikibooks.graphml"
"0.68","0.22","0.1","0.398601690667914","1,2,1,1,3,1,3,2,1,1,3,4,5,6,6,7,8,3,3,4,2,9,5,5,6,6,6,7,2,10,11,3,4,4,12,12,13,6,2,2,2,2,9,9,9,9,2,9,9,9,2,2,2,2,2,9,9,9,9,2,14,2,2,15,16,2,2,2,2,2,9,2,6,6,2,2,2,2,2,2,2,17,7,7,7,18,2,2,2,2,19,20,21,2,2,2,22,2,2,2,2,2,2,2,2,2,2,23,24,2,2,2,2,12,12,12,12,12,12,12,12,13,13,13,13,13,13,13,13","0.00829887390136719","infomap","edit-xhwikibooks.graphml"
"0.67","0.23","0.1","0.403740527581875","1,2,1,1,3,1,3,2,1,1,3,4,5,6,6,7,8,3,3,4,2,9,5,5,6,6,6,7,2,10,11,3,4,4,12,12,13,6,2,2,2,2,9,9,9,9,2,9,9,9,2,2,2,2,2,9,9,9,9,2,14,2,2,15,16,2,2,2,2,2,9,2,6,6,2,2,2,2,2,2,2,17,7,7,7,18,2,2,2,2,19,20,21,2,2,2,22,2,2,2,2,2,2,2,2,2,2,23,24,2,2,2,2,12,12,12,12,12,12,12,12,13,13,13,13,13,13,13,13","0.0110180377960205","infomap","edit-xhwikibooks.graphml"
"0.66","0.24","0.1","0.406767346938776","1,2,1,1,3,1,3,2,1,1,3,4,5,6,6,7,8,3,3,4,2,9,5,5,6,6,6,7,2,10,11,3,4,4,12,12,13,6,2,2,2,2,9,9,9,9,2,9,9,9,2,2,2,2,2,9,9,9,9,2,14,2,2,15,16,2,2,2,2,2,9,2,6,6,2,2,2,2,2,2,2,17,7,7,7,18,2,2,2,2,19,20,21,2,2,2,22,2,2,2,2,2,2,2,2,2,2,23,24,2,2,2,2,12,12,12,12,12,12,12,12,13,13,13,13,13,13,13,13","0.00789093971252441","infomap","edit-xhwikibooks.graphml"
"0.65","0.25","0.1","0.427399533978103","1,2,1,1,3,1,3,4,1,1,3,5,4,4,4,6,7,3,3,5,2,8,4,4,4,4,4,6,2,9,10,3,5,5,11,11,12,4,2,2,2,2,8,8,8,8,2,8,8,8,2,2,2,2,2,8,8,8,8,2,13,2,2,14,15,2,2,2,2,2,8,2,4,4,2,2,2,2,2,2,2,16,6,6,6,17,2,2,2,2,18,19,20,2,2,2,21,2,2,2,2,2,2,2,2,2,2,22,23,2,2,2,2,11,11,11,11,11,11,11,11,12,12,12,12,12,12,12,12","0.00833606719970703","infomap","edit-xhwikibooks.graphml"
"0.64","0.26","0.1","0.411072807941524","1,2,1,1,3,1,3,2,1,1,3,4,5,6,6,7,8,3,3,4,2,9,5,5,6,6,6,7,2,10,11,3,4,4,12,12,13,6,2,2,2,2,9,9,9,9,2,9,9,9,2,2,2,2,2,9,9,9,9,2,14,2,2,15,16,2,2,2,2,2,9,2,6,6,2,2,2,2,2,2,2,17,7,7,7,18,2,2,2,2,19,20,21,2,2,2,22,2,2,2,2,2,2,2,2,2,2,23,24,2,2,2,2,12,12,12,12,12,12,12,12,13,13,13,13,13,13,13,13","0.00749111175537109","infomap","edit-xhwikibooks.graphml"
"0.63","0.27","0.1","0.411072807941524","1,2,1,1,3,1,3,2,1,1,3,4,5,6,6,7,8,3,3,4,2,9,5,5,6,6,6,7,2,10,11,3,4,4,12,12,13,6,2,2,2,2,9,9,9,9,2,9,9,9,2,2,2,2,2,9,9,9,9,2,14,2,2,15,16,2,2,2,2,2,9,2,6,6,2,2,2,2,2,2,2,17,7,7,7,18,2,2,2,2,19,20,21,2,2,2,22,2,2,2,2,2,2,2,2,2,2,23,24,2,2,2,2,12,12,12,12,12,12,12,12,13,13,13,13,13,13,13,13","0.0082399845123291","infomap","edit-xhwikibooks.graphml"
"0.62","0.28","0.1","0.410148780003967","1,2,1,1,3,1,3,2,1,1,3,4,5,6,6,7,8,3,3,4,2,9,5,5,6,6,6,7,2,10,11,3,4,4,12,12,13,6,2,2,2,2,9,9,9,9,2,9,9,9,2,2,2,2,2,9,9,9,9,2,14,2,2,15,16,2,2,2,2,2,9,2,6,6,2,2,2,2,2,2,2,17,7,7,7,18,2,2,2,2,19,20,21,2,2,2,22,2,2,2,2,2,2,2,2,2,2,23,24,2,2,2,2,12,12,12,12,12,12,12,12,13,13,13,13,13,13,13,13","0.00575995445251465","infomap","edit-xhwikibooks.graphml"
"0.61","0.29","0.1","0.415860461831791","1,2,1,1,3,1,3,2,1,1,3,4,5,6,6,7,8,3,3,4,2,9,5,5,6,6,6,7,2,10,11,3,4,4,12,12,13,6,2,2,2,2,9,9,9,9,2,9,9,9,2,2,2,2,2,9,9,9,9,2,14,2,2,15,16,2,2,2,2,2,9,2,6,6,2,2,2,2,2,2,2,17,7,7,7,18,2,2,2,2,19,20,21,2,2,2,22,2,2,2,2,2,2,2,2,2,2,23,24,2,2,2,2,12,12,12,12,12,12,12,12,13,13,13,13,13,13,13,13","0.00917387008666992","infomap","edit-xhwikibooks.graphml"
"0.6","0.3","0.1","0.433873107750561","1,2,1,1,3,1,3,4,1,1,3,5,4,4,4,6,7,3,3,5,2,8,4,4,4,4,4,6,2,9,10,3,5,5,11,11,12,4,2,2,2,2,8,8,8,8,2,8,8,8,2,2,2,2,2,8,8,8,8,2,13,2,2,14,15,2,2,2,2,2,8,2,4,4,2,2,2,2,2,2,2,16,6,6,6,17,2,2,2,2,18,19,20,2,2,2,21,2,2,2,2,2,2,2,2,2,2,22,23,2,2,2,2,11,11,11,11,11,11,11,11,12,12,12,12,12,12,12,12","0.00762200355529785","infomap","edit-xhwikibooks.graphml"
"0.59","0.31","0.1","0.405588452690414","1,2,1,3,4,3,5,6,3,3,5,7,6,6,6,3,8,9,5,10,2,11,12,6,6,6,6,3,2,13,14,15,10,16,17,17,18,6,2,2,2,2,11,11,11,11,2,11,11,11,2,2,2,2,2,11,11,11,11,2,19,2,2,20,21,2,2,2,2,2,11,2,22,23,2,2,2,2,2,2,2,24,25,26,27,28,2,2,2,2,29,30,31,2,2,2,32,2,2,2,2,2,2,2,2,2,2,33,34,2,2,2,2,17,17,17,17,17,17,17,17,18,18,18,18,18,18,18,18","0.00397086143493652","infomap","edit-xhwikibooks.graphml"
"0.58","0.32","0.1","0.404648071079403","1,2,1,3,4,3,5,6,3,3,5,7,6,6,6,3,8,9,5,10,2,11,12,6,6,6,6,3,2,13,14,15,10,16,17,17,18,6,2,2,2,2,11,11,11,11,2,11,11,11,2,2,2,2,2,11,11,11,11,2,19,2,2,20,21,2,2,2,2,2,11,2,22,23,2,2,2,2,2,2,2,24,25,26,27,28,2,2,2,2,29,30,31,2,2,2,32,2,2,2,2,2,2,2,2,2,2,33,34,2,2,2,2,17,17,17,17,17,17,17,17,18,18,18,18,18,18,18,18","0.0038449764251709","infomap","edit-xhwikibooks.graphml"
"0.57","0.33","0.1","0.404648071079403","1,2,1,3,4,3,5,6,3,3,5,7,6,6,6,3,8,9,5,10,2,11,12,6,6,6,6,3,2,13,14,15,10,16,17,17,18,6,2,2,2,2,11,11,11,11,2,11,11,11,2,2,2,2,2,11,11,11,11,2,19,2,2,20,21,2,2,2,2,2,11,2,22,23,2,2,2,2,2,2,2,24,25,26,27,28,2,2,2,2,29,30,31,2,2,2,32,2,2,2,2,2,2,2,2,2,2,33,34,2,2,2,2,17,17,17,17,17,17,17,17,18,18,18,18,18,18,18,18","0.00391483306884766","infomap","edit-xhwikibooks.graphml"
"0.56","0.34","0.1","0.444759389537752","1,2,1,3,4,3,5,6,3,3,5,7,6,6,6,3,8,9,5,10,2,11,12,6,6,6,6,3,2,13,14,15,10,16,17,17,18,6,2,2,2,2,11,11,11,11,2,11,11,11,2,2,2,2,2,11,11,11,11,2,19,2,2,20,21,2,2,2,2,2,11,2,22,23,2,2,2,2,2,2,2,24,25,26,27,28,2,2,2,2,29,30,31,2,2,2,32,2,2,2,2,2,2,2,2,2,2,33,34,2,2,2,2,17,17,17,17,17,17,17,17,18,18,18,18,18,18,18,18","0.00371313095092773","infomap","edit-xhwikibooks.graphml"
"0.55","0.35","0.1","0.444759389537752","1,2,1,3,4,3,5,6,3,3,5,7,6,6,6,3,8,9,5,10,2,11,12,6,6,6,6,3,2,13,14,15,10,16,17,17,18,6,2,2,2,2,11,11,11,11,2,11,11,11,2,2,2,2,2,11,11,11,11,2,19,2,2,20,21,2,2,2,2,2,11,2,22,23,2,2,2,2,2,2,2,24,25,26,27,28,2,2,2,2,29,30,31,2,2,2,32,2,2,2,2,2,2,2,2,2,2,33,34,2,2,2,2,17,17,17,17,17,17,17,17,18,18,18,18,18,18,18,18","0.00392293930053711","infomap","edit-xhwikibooks.graphml"
"0.54","0.36","0.1","0.443798303345007","1,2,1,3,4,3,5,6,3,3,5,7,6,6,6,3,8,9,5,10,2,11,12,6,6,6,6,3,2,13,14,15,10,16,17,17,18,6,2,2,2,2,11,11,11,11,2,11,11,11,2,2,2,2,2,11,11,11,11,2,19,2,2,20,21,2,2,2,2,2,11,2,22,23,2,2,2,2,2,2,2,24,25,26,27,28,2,2,2,2,29,30,31,2,2,2,32,2,2,2,2,2,2,2,2,2,2,33,34,2,2,2,2,17,17,17,17,17,17,17,17,18,18,18,18,18,18,18,18","0.00370597839355469","infomap","edit-xhwikibooks.graphml"
"0.53","0.37","0.1","0.443798303345007","1,2,1,3,4,3,5,6,3,3,5,7,6,6,6,3,8,9,5,10,2,11,12,6,6,6,6,3,2,13,14,15,10,16,17,17,18,6,2,2,2,2,11,11,11,11,2,11,11,11,2,2,2,2,2,11,11,11,11,2,19,2,2,20,21,2,2,2,2,2,11,2,22,23,2,2,2,2,2,2,2,24,25,26,27,28,2,2,2,2,29,30,31,2,2,2,32,2,2,2,2,2,2,2,2,2,2,33,34,2,2,2,2,17,17,17,17,17,17,17,17,18,18,18,18,18,18,18,18","0.00374388694763184","infomap","edit-xhwikibooks.graphml"
"0.52","0.38","0.1","0.441887634745737","1,2,1,3,4,3,5,6,3,3,5,7,6,6,6,3,8,9,5,10,2,11,12,6,6,6,6,3,2,13,14,15,10,16,17,17,18,6,2,2,2,2,11,11,11,11,2,11,11,11,2,2,2,2,2,11,11,11,11,2,19,2,2,20,21,2,2,2,2,2,11,2,22,23,2,2,2,2,2,2,2,24,25,26,27,28,2,2,2,2,29,30,31,2,2,2,32,2,2,2,2,2,2,2,2,2,2,33,34,2,2,2,2,17,17,17,17,17,17,17,17,18,18,18,18,18,18,18,18","0.00386905670166016","infomap","edit-xhwikibooks.graphml"
"0.51","0.39","0.1","0.44459087230583","1,2,1,3,4,3,5,6,3,3,5,7,6,6,6,3,8,9,5,10,2,11,12,6,6,6,6,3,2,13,14,15,10,16,17,17,18,6,2,2,2,2,11,11,11,11,2,11,11,11,2,2,2,2,2,11,11,11,11,2,19,2,2,20,21,2,2,2,2,2,11,2,22,23,2,2,2,2,2,2,2,24,25,26,27,28,2,2,2,2,29,30,31,2,2,2,32,2,2,2,2,2,2,2,2,2,2,33,34,2,2,2,2,17,17,17,17,17,17,17,17,18,18,18,18,18,18,18,18","0.00378990173339844","infomap","edit-xhwikibooks.graphml"
"0.5","0.4","0.1","0.448995617238861","1,2,1,3,4,3,5,6,3,3,5,7,6,6,6,3,8,9,5,10,2,11,12,6,6,6,6,3,2,13,14,15,10,16,17,17,18,6,2,2,2,2,11,11,11,11,2,11,11,11,2,2,2,2,2,11,11,11,11,2,19,2,2,20,21,2,2,2,2,2,11,2,22,23,2,2,2,2,2,2,2,24,25,26,27,28,2,2,2,2,29,30,31,2,2,2,32,2,2,2,2,2,2,2,2,2,2,33,34,2,2,2,2,17,17,17,17,17,17,17,17,18,18,18,18,18,18,18,18","0.00372099876403809","infomap","edit-xhwikibooks.graphml"
"0.49","0.41","0.1","0.426628086419753","1,2,1,3,4,3,5,6,3,3,7,8,6,6,6,3,9,10,11,12,2,13,14,6,6,6,6,3,2,15,16,17,18,19,11,11,20,6,2,2,2,2,13,13,13,13,2,13,13,13,2,2,2,2,2,13,13,13,13,2,21,2,2,22,23,2,2,2,2,2,13,2,24,25,2,2,2,2,2,2,2,26,27,28,29,30,2,2,2,2,31,32,33,2,2,2,34,2,2,2,2,2,2,2,2,2,2,35,36,2,2,2,2,11,11,11,11,11,11,11,11,20,20,20,20,20,20,20,20","0.00377511978149414","infomap","edit-xhwikibooks.graphml"
"0.48","0.42","0.1","0.425679667896962","1,2,1,3,4,3,5,6,3,3,7,8,6,6,6,3,9,10,11,12,2,13,14,6,6,6,6,3,2,15,16,17,18,19,11,11,20,6,2,2,2,2,13,13,13,13,2,13,13,13,2,2,2,2,2,13,13,13,13,2,21,2,2,22,23,2,2,2,2,2,13,2,24,25,2,2,2,2,2,2,2,26,27,28,29,30,2,2,2,2,31,32,33,2,2,2,34,2,2,2,2,2,2,2,2,2,2,35,36,2,2,2,2,11,11,11,11,11,11,11,11,20,20,20,20,20,20,20,20","0.00377798080444336","infomap","edit-xhwikibooks.graphml"
"0.47","0.43","0.1","0.431125682064825","1,2,1,3,4,3,5,6,3,3,7,8,6,6,6,3,9,10,11,12,2,13,14,6,6,6,6,3,2,15,16,17,18,19,11,11,20,6,2,2,2,2,13,13,13,13,2,13,13,13,2,2,2,2,2,13,13,13,13,2,21,2,2,22,23,2,2,2,2,2,13,2,24,25,2,2,2,2,2,2,2,26,27,28,29,30,2,2,2,2,31,32,33,2,2,2,34,2,2,2,2,2,2,2,2,2,2,35,36,2,2,2,2,11,11,11,11,11,11,11,11,20,20,20,20,20,20,20,20","0.0038449764251709","infomap","edit-xhwikibooks.graphml"
"0.46","0.44","0.1","0.430179024272431","1,2,1,3,4,3,5,6,3,3,7,8,6,6,6,3,9,10,11,12,2,13,14,6,6,6,6,3,2,15,16,17,18,19,11,11,20,6,2,2,2,2,13,13,13,13,2,13,13,13,2,2,2,2,2,13,13,13,13,2,21,2,2,22,23,2,2,2,2,2,13,2,24,25,2,2,2,2,2,2,2,26,27,28,29,30,2,2,2,2,31,32,33,2,2,2,34,2,2,2,2,2,2,2,2,2,2,35,36,2,2,2,2,11,11,11,11,11,11,11,11,20,20,20,20,20,20,20,20","0.00375819206237793","infomap","edit-xhwikibooks.graphml"
"0.45","0.45","0.1","0.435717698348712","1,2,1,3,4,3,5,6,3,3,7,8,6,6,6,3,9,10,11,12,2,13,14,6,6,6,6,3,2,15,16,17,18,19,11,11,20,6,2,2,2,2,13,13,13,13,2,13,13,13,2,2,2,2,2,13,13,13,13,2,21,2,2,22,23,2,2,2,2,2,13,2,24,25,2,2,2,2,2,2,2,26,27,28,29,30,2,2,2,2,31,32,33,2,2,2,34,2,2,2,2,2,2,2,2,2,2,35,36,2,2,2,2,11,11,11,11,11,11,11,11,20,20,20,20,20,20,20,20","0.00388288497924805","infomap","edit-xhwikibooks.graphml"
"0.44","0.46","0.1","0.434771956135987","1,2,1,3,4,3,5,6,3,3,7,8,6,6,6,3,9,10,11,12,2,13,14,6,6,6,6,3,2,15,16,17,18,19,11,11,20,6,2,2,2,2,13,13,13,13,2,13,13,13,2,2,2,2,2,13,13,13,13,2,21,2,2,22,23,2,2,2,2,2,13,2,24,25,2,2,2,2,2,2,2,26,27,28,29,30,2,2,2,2,31,32,33,2,2,2,34,2,2,2,2,2,2,2,2,2,2,35,36,2,2,2,2,11,11,11,11,11,11,11,11,20,20,20,20,20,20,20,20","0.00406002998352051","infomap","edit-xhwikibooks.graphml"
"0.43","0.47","0.1","0.437507384215501","1,2,1,3,4,3,5,6,3,3,7,8,6,6,6,3,9,10,11,12,2,13,14,6,6,6,6,3,2,15,16,17,18,19,11,11,20,6,2,2,2,2,13,13,13,13,2,13,13,13,2,2,2,2,2,13,13,13,13,2,21,2,2,22,23,2,2,2,2,2,13,2,24,25,2,2,2,2,2,2,2,26,27,28,29,30,2,2,2,2,31,32,33,2,2,2,34,2,2,2,2,2,2,2,2,2,2,35,36,2,2,2,2,11,11,11,11,11,11,11,11,20,20,20,20,20,20,20,20","0.00396084785461426","infomap","edit-xhwikibooks.graphml"
"0.42","0.48","0.1","0.436564067537694","1,2,1,3,4,3,5,6,3,3,7,8,6,6,6,3,9,10,11,12,2,13,14,6,6,6,6,3,2,15,16,17,18,19,11,11,20,6,2,2,2,2,13,13,13,13,2,13,13,13,2,2,2,2,2,13,13,13,13,2,21,2,2,22,23,2,2,2,2,2,13,2,24,25,2,2,2,2,2,2,2,26,27,28,29,30,2,2,2,2,31,32,33,2,2,2,34,2,2,2,2,2,2,2,2,2,2,35,36,2,2,2,2,11,11,11,11,11,11,11,11,20,20,20,20,20,20,20,20","0.0039827823638916","infomap","edit-xhwikibooks.graphml"
"0.41","0.49","0.1","0.436564067537694","1,2,1,3,4,3,5,6,3,3,7,8,6,6,6,3,9,10,11,12,2,13,14,6,6,6,6,3,2,15,16,17,18,19,11,11,20,6,2,2,2,2,13,13,13,13,2,13,13,13,2,2,2,2,2,13,13,13,13,2,21,2,2,22,23,2,2,2,2,2,13,2,24,25,2,2,2,2,2,2,2,26,27,28,29,30,2,2,2,2,31,32,33,2,2,2,34,2,2,2,2,2,2,2,2,2,2,35,36,2,2,2,2,11,11,11,11,11,11,11,11,20,20,20,20,20,20,20,20","0.00387907028198242","infomap","edit-xhwikibooks.graphml"
"0.4","0.5","0.1","0.511873089220285","1,2,1,3,4,3,5,6,3,3,7,8,6,6,6,3,9,10,11,12,2,13,14,6,6,6,6,3,2,15,16,17,18,19,11,20,21,6,2,2,2,2,13,13,13,13,2,13,13,13,2,2,2,2,2,13,13,13,13,2,22,2,2,23,24,2,2,2,2,2,13,2,25,26,2,2,2,2,2,2,2,27,28,29,30,31,2,2,2,2,32,33,34,2,2,2,35,2,2,2,2,2,2,2,2,2,2,36,37,2,2,2,2,20,11,11,20,20,20,20,20,21,21,21,21,21,21,21,21","0.00392603874206543","infomap","edit-xhwikibooks.graphml"
"0.39","0.51","0.1","0.507779459823145","1,2,1,3,4,5,6,7,7,8,9,10,7,7,7,5,11,12,13,14,2,15,16,7,7,7,7,17,18,19,20,21,22,23,13,24,25,7,2,2,2,2,15,15,15,15,2,15,15,15,2,2,2,2,2,15,15,15,15,2,26,2,2,27,28,2,2,2,2,2,15,2,29,30,2,2,2,2,2,2,2,31,32,33,34,35,2,2,2,2,36,37,38,2,2,2,39,2,2,2,2,2,2,2,2,2,2,40,41,2,2,2,2,24,13,13,24,24,24,24,24,25,25,25,25,25,25,25,25","0.0038609504699707","infomap","edit-xhwikibooks.graphml"
"0.38","0.52","0.1","0.507779459823145","1,2,1,3,4,5,6,7,7,8,9,10,7,7,7,5,11,12,13,14,2,15,16,7,7,7,7,17,18,19,20,21,22,23,13,24,25,7,2,2,2,2,15,15,15,15,2,15,15,15,2,2,2,2,2,15,15,15,15,2,26,2,2,27,28,2,2,2,2,2,15,2,29,30,2,2,2,2,2,2,2,31,32,33,34,35,2,2,2,2,36,37,38,2,2,2,39,2,2,2,2,2,2,2,2,2,2,40,41,2,2,2,2,24,13,13,24,24,24,24,24,25,25,25,25,25,25,25,25","0.0038299560546875","infomap","edit-xhwikibooks.graphml"
"0.37","0.53","0.1","0.506865693055398","1,2,1,3,4,5,6,7,7,8,9,10,7,7,7,5,11,12,13,14,2,15,16,7,7,7,7,17,18,19,20,21,22,23,13,24,25,7,2,2,2,2,15,15,15,15,2,15,15,15,2,2,2,2,2,15,15,15,15,2,26,2,2,27,28,2,2,2,2,2,15,2,29,30,2,2,2,2,2,2,2,31,32,33,34,35,2,2,2,2,36,37,38,2,2,2,39,2,2,2,2,2,2,2,2,2,2,40,41,2,2,2,2,24,13,13,24,24,24,24,24,25,25,25,25,25,25,25,25","0.0045158863067627","infomap","edit-xhwikibooks.graphml"
"0.36","0.54","0.1","0.508941106484236","1,2,1,3,4,5,6,7,7,8,9,10,7,7,7,5,11,12,13,14,2,15,16,7,7,7,7,17,18,19,20,21,22,23,13,24,25,7,2,2,2,2,15,15,15,15,2,15,15,15,2,2,2,2,2,15,15,15,15,2,26,2,2,27,28,2,2,2,2,2,15,2,29,30,2,2,2,2,2,2,2,31,32,33,34,35,2,2,2,2,36,37,38,2,2,2,39,2,2,2,2,2,2,2,2,2,2,40,41,2,2,2,2,24,13,13,24,24,24,24,24,25,25,25,25,25,25,25,25","0.00387883186340332","infomap","edit-xhwikibooks.graphml"
"0.35","0.55","0.1","0.508030381065705","1,2,1,3,4,5,6,7,7,8,9,10,7,7,7,5,11,12,13,14,2,15,16,7,7,7,7,17,18,19,20,21,22,23,13,24,25,7,2,2,2,2,15,15,15,15,2,15,15,15,2,2,2,2,2,15,15,15,15,2,26,2,2,27,28,2,2,2,2,2,15,2,29,30,2,2,2,2,2,2,2,31,32,33,34,35,2,2,2,2,36,37,38,2,2,2,39,2,2,2,2,2,2,2,2,2,2,40,41,2,2,2,2,24,13,13,24,24,24,24,24,25,25,25,25,25,25,25,25","0.00374293327331543","infomap","edit-xhwikibooks.graphml"
"0.34","0.56","0.1","0.512291213526491","1,2,1,3,4,5,6,7,7,8,9,10,7,7,7,5,11,12,13,14,2,15,16,7,7,7,7,17,18,19,20,21,22,23,13,24,25,7,2,2,2,2,15,15,15,15,2,15,15,15,2,2,2,2,2,15,15,15,15,2,26,2,2,27,28,2,2,2,2,2,15,2,29,30,2,2,2,2,2,2,2,31,32,33,34,35,2,2,2,2,36,37,38,2,2,2,39,2,2,2,2,2,2,2,2,2,2,40,41,2,2,2,2,24,13,13,24,24,24,24,24,25,25,25,25,25,25,25,25","0.00498199462890625","infomap","edit-xhwikibooks.graphml"
"0.33","0.57","0.1","0.511382996102593","1,2,1,3,4,5,6,7,7,8,9,10,7,7,7,5,11,12,13,14,2,15,16,7,7,7,7,17,18,19,20,21,22,23,13,24,25,7,2,2,2,2,15,15,15,15,2,15,15,15,2,2,2,2,2,15,15,15,15,2,26,2,2,27,28,2,2,2,2,2,15,2,29,30,2,2,2,2,2,2,2,31,32,33,34,35,2,2,2,2,36,37,38,2,2,2,39,2,2,2,2,2,2,2,2,2,2,40,41,2,2,2,2,24,13,13,24,24,24,24,24,25,25,25,25,25,25,25,25","0.00370979309082031","infomap","edit-xhwikibooks.graphml"
"0.32","0.58","0.1","0.51418433598445","1,2,1,3,4,5,6,7,7,8,9,10,7,7,7,5,11,12,13,14,2,15,16,7,7,7,7,17,18,19,20,21,22,23,13,24,25,7,2,2,2,2,15,15,15,15,2,15,15,15,2,2,2,2,2,15,15,15,15,2,26,2,2,27,28,2,2,2,2,2,15,2,29,30,2,2,2,2,2,2,2,31,32,33,34,35,2,2,2,2,36,37,38,2,2,2,39,2,2,2,2,2,2,2,2,2,2,40,41,2,2,2,2,24,13,13,24,24,24,24,24,25,25,25,25,25,25,25,25","0.0045778751373291","infomap","edit-xhwikibooks.graphml"
"0.31","0.59","0.1","0.513283807605137","1,2,1,3,4,5,6,7,7,8,9,10,7,7,7,5,11,12,13,14,2,15,16,7,7,7,7,17,18,19,20,21,22,23,13,24,25,7,2,2,2,2,15,15,15,15,2,15,15,15,2,2,2,2,2,15,15,15,15,2,26,2,2,27,28,2,2,2,2,2,15,2,29,30,2,2,2,2,2,2,2,31,32,33,34,35,2,2,2,2,36,37,38,2,2,2,39,2,2,2,2,2,2,2,2,2,2,40,41,2,2,2,2,24,13,13,24,24,24,24,24,25,25,25,25,25,25,25,25","0.00436997413635254","infomap","edit-xhwikibooks.graphml"
"0.3","0.6","0.1","0.517278911564626","1,2,1,3,4,5,6,7,7,8,9,10,7,7,7,5,11,12,13,14,2,15,16,7,7,7,7,17,18,19,20,21,22,23,13,24,25,7,2,2,2,2,15,15,15,15,2,15,15,15,2,2,2,2,2,15,15,15,15,2,26,2,2,27,28,2,2,2,2,2,15,2,29,30,2,2,2,2,2,2,2,31,32,33,34,35,2,2,2,2,36,37,38,2,2,2,39,2,2,2,2,2,2,2,2,2,2,40,41,2,2,2,2,24,13,13,24,24,24,24,24,25,25,25,25,25,25,25,25","0.00436496734619141","infomap","edit-xhwikibooks.graphml"
"0.29","0.61","0.1","0.513468362001047","1,2,1,3,4,5,6,5,5,7,8,9,5,5,5,10,11,12,13,14,2,15,16,5,5,5,5,17,18,19,20,21,22,23,13,24,25,26,2,2,2,2,15,15,15,15,2,15,15,15,2,2,2,2,2,15,15,15,15,2,27,2,2,28,29,2,2,2,2,2,15,2,30,31,2,2,2,2,2,2,2,32,33,34,35,36,2,2,2,2,37,38,39,2,2,2,40,2,2,2,2,2,2,2,2,2,2,41,42,2,2,2,2,24,13,13,24,24,24,24,24,25,25,25,25,25,25,25,25","0.00365400314331055","infomap","edit-xhwikibooks.graphml"
"0.28","0.62","0.1","0.515484421144205","1,2,1,3,4,5,6,5,5,7,8,9,5,5,5,10,11,12,13,14,2,15,16,5,5,5,5,17,18,19,20,21,22,23,13,24,25,26,2,2,2,2,15,15,15,15,2,15,15,15,2,2,2,2,2,15,15,15,15,2,27,2,2,28,29,2,2,2,2,2,15,2,30,31,2,2,2,2,2,2,2,32,33,34,35,36,2,2,2,2,37,38,39,2,2,2,40,2,2,2,2,2,2,2,2,2,2,41,42,2,2,2,2,24,13,13,24,24,24,24,24,25,25,25,25,25,25,25,25","0.00391507148742676","infomap","edit-xhwikibooks.graphml"
"0.27","0.63","0.1","0.514581826259818","1,2,1,3,4,5,6,5,5,7,8,9,5,5,5,10,11,12,13,14,2,15,16,5,5,5,5,17,18,19,20,21,22,23,13,24,25,26,2,2,2,2,15,15,15,15,2,15,15,15,2,2,2,2,2,15,15,15,15,2,27,2,2,28,29,2,2,2,2,2,15,2,30,31,2,2,2,2,2,2,2,32,33,34,35,36,2,2,2,2,37,38,39,2,2,2,40,2,2,2,2,2,2,2,2,2,2,41,42,2,2,2,2,24,13,13,24,24,24,24,24,25,25,25,25,25,25,25,25","0.00379800796508789","infomap","edit-xhwikibooks.graphml"
"0.26","0.64","0.1","0.516754535147392","1,2,1,3,4,5,6,5,5,7,8,9,5,5,5,10,11,12,13,14,2,15,16,5,5,5,5,17,18,19,20,21,22,23,13,24,25,26,2,2,2,2,15,15,15,15,2,15,15,15,2,2,2,2,2,15,15,15,15,2,27,2,2,28,29,2,2,2,2,2,15,2,30,31,2,2,2,2,2,2,2,32,33,34,35,36,2,2,2,2,37,38,39,2,2,2,40,2,2,2,2,2,2,2,2,2,2,41,42,2,2,2,2,24,13,13,24,24,24,24,24,25,25,25,25,25,25,25,25","0.00366902351379395","infomap","edit-xhwikibooks.graphml"
"0.25","0.65","0.1","0.515854119532163","1,2,1,3,4,5,6,5,5,7,8,9,5,5,5,10,11,12,13,14,2,15,16,5,5,5,5,17,18,19,20,21,22,23,13,24,25,26,2,2,2,2,15,15,15,15,2,15,15,15,2,2,2,2,2,15,15,15,15,2,27,2,2,28,29,2,2,2,2,2,15,2,30,31,2,2,2,2,2,2,2,32,33,34,35,36,2,2,2,2,37,38,39,2,2,2,40,2,2,2,2,2,2,2,2,2,2,41,42,2,2,2,2,24,13,13,24,24,24,24,24,25,25,25,25,25,25,25,25","0.00431489944458008","infomap","edit-xhwikibooks.graphml"
"0.24","0.66","0.1","0.515854119532163","1,2,1,3,4,5,6,5,5,7,8,9,5,5,5,10,11,12,13,14,2,15,16,5,5,5,5,17,18,19,20,21,22,23,13,24,25,26,2,2,2,2,15,15,15,15,2,15,15,15,2,2,2,2,2,15,15,15,15,2,27,2,2,28,29,2,2,2,2,2,15,2,30,31,2,2,2,2,2,2,2,32,33,34,35,36,2,2,2,2,37,38,39,2,2,2,40,2,2,2,2,2,2,2,2,2,2,41,42,2,2,2,2,24,13,13,24,24,24,24,24,25,25,25,25,25,25,25,25","0.00383710861206055","infomap","edit-xhwikibooks.graphml"
"0.23","0.67","0.1","0.525447668546419","1,2,1,3,4,5,6,5,7,8,9,10,7,7,7,11,12,13,14,15,2,16,17,5,18,18,18,19,20,21,22,23,24,25,14,7,26,27,2,2,2,2,16,16,16,16,2,16,16,16,2,2,2,2,2,16,16,16,16,2,28,2,2,29,30,2,2,2,2,2,16,2,31,32,2,2,2,2,2,2,2,33,34,35,36,37,2,2,2,2,38,39,40,2,2,2,41,2,2,2,2,2,2,2,2,2,2,42,43,2,2,2,2,14,14,14,14,14,14,14,14,26,26,26,26,26,26,26,26","0.00341796875","infomap","edit-xhwikibooks.graphml"
"0.22","0.68","0.1","0.5274124652807","1,2,1,3,4,5,6,5,7,8,9,10,5,5,7,11,12,13,7,14,2,15,16,5,5,5,5,17,18,19,20,21,22,23,7,7,24,25,2,2,2,2,15,15,15,15,2,15,15,15,2,2,2,2,2,15,15,15,15,2,26,2,2,27,28,2,2,2,2,2,15,2,29,30,2,2,2,2,2,2,2,31,32,33,34,35,2,2,2,2,36,37,38,2,2,2,39,2,2,2,2,2,2,2,2,2,2,40,41,2,2,2,2,42,7,7,42,42,42,42,42,24,24,24,24,24,24,24,24","0.00339293479919434","infomap","edit-xhwikibooks.graphml"
"0.21","0.69","0.1","0.524590378543114","1,2,1,3,4,5,6,5,7,8,9,10,7,7,7,11,12,13,14,15,2,16,17,5,18,18,18,19,20,21,22,23,24,25,14,7,26,27,2,2,2,2,16,16,16,16,2,16,16,16,2,2,2,2,2,16,16,16,16,2,28,2,2,29,30,2,2,2,2,2,16,2,31,32,2,2,2,2,2,2,2,33,34,35,36,37,2,2,2,2,38,39,40,2,2,2,41,2,2,2,2,2,2,2,2,2,2,42,43,2,2,2,2,14,14,14,14,14,14,14,14,26,26,26,26,26,26,26,26","0.00336408615112305","infomap","edit-xhwikibooks.graphml"
"0.2","0.7","0.1","0.526425116240279","1,2,1,3,4,5,6,5,7,8,9,10,7,7,7,11,12,13,14,15,2,16,17,5,18,18,18,19,20,21,22,23,24,25,14,7,26,27,2,2,2,2,16,16,16,16,2,16,16,16,2,2,2,2,2,16,16,16,16,2,28,2,2,29,30,2,2,2,2,2,16,2,31,32,2,2,2,2,2,2,2,33,34,35,36,37,2,2,2,2,38,39,40,2,2,2,41,2,2,2,2,2,2,2,2,2,2,42,43,2,2,2,2,14,14,14,14,14,14,14,14,26,26,26,26,26,26,26,26","0.00369596481323242","infomap","edit-xhwikibooks.graphml"
"0.19","0.71","0.1","0.567032996081179","1,2,1,3,4,5,6,7,8,9,10,11,12,12,12,13,14,15,16,17,2,18,19,7,20,20,20,21,22,23,24,25,26,27,16,12,28,29,2,2,2,2,18,18,18,18,2,18,18,18,2,2,2,2,2,18,18,18,18,2,30,2,2,31,32,2,2,2,2,2,18,2,33,34,2,2,2,2,2,2,2,35,36,37,38,39,2,2,2,2,40,41,42,2,2,2,43,2,2,2,2,2,2,2,2,2,2,44,45,2,2,2,2,16,16,16,16,16,16,16,16,28,28,28,28,28,28,28,28","0.00354981422424316","infomap","edit-xhwikibooks.graphml"
"0.18","0.72","0.1","0.570482924627651","1,2,1,3,4,5,6,7,8,9,10,11,12,12,12,13,14,15,16,17,2,18,19,7,20,20,20,21,22,23,24,25,26,27,16,12,28,29,2,2,2,2,18,18,18,18,2,18,18,18,2,2,2,2,2,18,18,18,18,2,30,2,2,31,32,2,2,2,2,2,18,2,33,34,2,2,2,2,2,2,2,35,36,37,38,39,2,2,2,2,40,41,42,2,2,2,43,2,2,2,2,2,2,2,2,2,2,44,45,2,2,2,2,16,16,16,16,16,16,16,16,28,28,28,28,28,28,28,28","0.00328516960144043","infomap","edit-xhwikibooks.graphml"
"0.17","0.73","0.1","0.575401525406081","1,2,1,3,4,5,6,7,8,9,10,11,7,7,12,13,14,15,16,17,2,18,19,7,12,12,12,20,21,22,23,24,25,26,16,27,28,29,2,2,2,2,18,18,18,18,2,18,18,18,2,2,2,2,2,18,18,18,18,2,30,2,2,31,32,2,2,2,2,2,18,2,33,34,2,2,2,2,2,2,2,35,36,37,38,39,2,2,2,2,40,41,42,2,2,2,43,2,2,2,2,2,2,2,2,2,2,44,45,2,2,2,2,27,16,16,27,27,27,27,27,28,28,28,28,28,28,28,28","0.00342798233032227","infomap","edit-xhwikibooks.graphml"
"0.16","0.74","0.1","0.569502290712203","1,2,1,3,4,5,6,7,8,9,10,11,12,12,12,13,14,15,16,17,2,18,19,7,20,20,20,21,22,23,24,25,26,27,16,12,28,29,2,2,2,2,18,18,18,18,2,18,18,18,2,2,2,2,2,18,18,18,18,2,30,2,2,31,32,2,2,2,2,2,18,2,33,34,2,2,2,2,2,2,2,35,36,37,38,39,2,2,2,2,40,41,42,2,2,2,43,2,2,2,2,2,2,2,2,2,2,44,45,2,2,2,2,16,16,16,16,16,16,16,16,28,28,28,28,28,28,28,28","0.00407505035400391","infomap","edit-xhwikibooks.graphml"
"0.15","0.75","0.1","0.574386542189572","1,2,1,3,4,5,6,7,8,9,10,11,12,12,12,13,14,15,16,17,2,18,19,7,20,20,20,21,22,23,24,25,26,27,16,12,28,29,2,2,2,2,18,18,18,18,2,18,18,18,2,2,2,2,2,18,18,18,18,2,30,2,2,31,32,2,2,2,2,2,18,2,33,34,2,2,2,2,2,2,2,35,36,37,38,39,2,2,2,2,40,41,42,2,2,2,43,2,2,2,2,2,2,2,2,2,2,44,45,2,2,2,2,16,16,16,16,16,16,16,16,28,28,28,28,28,28,28,28","0.00354385375976562","infomap","edit-xhwikibooks.graphml"
"0.14","0.76","0.1","0.579969518416488","1,2,1,3,4,5,6,7,8,9,10,11,7,7,12,13,14,15,16,17,2,18,19,7,12,12,12,20,21,22,23,24,25,26,16,27,28,29,2,2,2,2,18,18,18,18,2,18,18,18,2,2,2,2,2,18,18,18,18,2,30,2,2,31,32,2,2,2,2,2,18,2,33,34,2,2,2,2,2,2,2,35,36,37,38,39,2,2,2,2,40,41,42,2,2,2,43,2,2,2,2,2,2,2,2,2,2,44,45,2,2,2,2,27,16,16,27,27,27,27,27,28,28,28,28,28,28,28,28","0.00349116325378418","infomap","edit-xhwikibooks.graphml"
"0.13","0.77","0.1","0.576121921971461","1,2,1,3,4,5,6,7,8,9,10,11,12,12,12,13,14,15,16,17,2,18,19,7,20,20,20,21,22,23,24,25,26,27,16,12,28,29,2,2,2,2,18,18,18,18,2,18,18,18,2,2,2,2,2,18,18,18,18,2,30,2,2,31,32,2,2,2,2,2,18,2,33,34,2,2,2,2,2,2,2,35,36,37,38,39,2,2,2,2,40,41,42,2,2,2,43,2,2,2,2,2,2,2,2,2,2,44,45,2,2,2,2,16,16,16,16,16,16,16,16,28,28,28,28,28,28,28,28","0.00349593162536621","infomap","edit-xhwikibooks.graphml"
"0.12","0.78","0.1","0.577440438803241","1,2,1,3,4,5,6,7,8,9,10,11,12,12,12,13,14,15,16,17,2,18,19,7,20,20,20,21,22,23,24,25,26,27,16,12,28,29,2,2,2,2,18,18,18,18,2,18,18,18,2,2,2,2,2,18,18,18,18,2,30,2,2,31,32,2,2,2,2,2,18,2,33,34,2,2,2,2,2,2,2,35,36,37,38,39,2,2,2,2,40,41,42,2,2,2,43,2,2,2,2,2,2,2,2,2,2,44,45,2,2,2,2,16,16,16,16,16,16,16,16,28,28,28,28,28,28,28,28","0.00359392166137695","infomap","edit-xhwikibooks.graphml"
"0.11","0.79","0.1","0.577440438803241","1,2,1,3,4,5,6,7,8,9,10,11,12,12,12,13,14,15,16,17,2,18,19,7,20,20,20,21,22,23,24,25,26,27,16,12,28,29,2,2,2,2,18,18,18,18,2,18,18,18,2,2,2,2,2,18,18,18,18,2,30,2,2,31,32,2,2,2,2,2,18,2,33,34,2,2,2,2,2,2,2,35,36,37,38,39,2,2,2,2,40,41,42,2,2,2,43,2,2,2,2,2,2,2,2,2,2,44,45,2,2,2,2,16,16,16,16,16,16,16,16,28,28,28,28,28,28,28,28","0.00370192527770996","infomap","edit-xhwikibooks.graphml"
"0.1","0.8","0.1","0.582466087486663","1,2,1,3,4,5,6,7,8,9,10,11,7,7,12,13,14,15,12,16,2,17,18,7,7,7,7,19,20,21,22,23,24,25,12,12,26,27,2,2,2,2,17,17,17,17,2,17,17,17,2,2,2,2,2,17,17,17,17,2,28,2,2,29,30,2,2,2,2,2,17,2,31,32,2,2,2,2,2,2,2,33,34,35,36,37,2,2,2,2,38,39,40,2,2,2,41,2,2,2,2,2,2,2,2,2,2,42,43,2,2,2,2,44,12,12,44,44,44,44,44,26,26,26,26,26,26,26,26","0.00345587730407715","infomap","edit-xhwikibooks.graphml"
"0.09","0.81","0.1","0.571202438497917","1,2,1,3,4,5,6,7,8,9,10,11,12,12,13,14,15,16,17,18,2,19,20,7,13,13,13,21,22,23,24,25,26,27,17,28,13,29,2,2,2,2,19,19,19,19,2,19,19,19,2,2,2,2,2,19,19,19,19,2,30,2,2,31,32,2,2,2,2,2,19,2,33,34,2,2,2,2,2,2,2,35,36,37,38,39,2,2,2,2,40,41,42,2,2,2,43,2,2,2,2,2,2,2,2,2,2,44,45,2,2,2,2,28,46,47,28,28,28,28,28,48,49,50,51,52,53,54,55","0.00325298309326172","infomap","edit-xhwikibooks.graphml"
"0.08","0.82","0.1","0.570192107455227","1,2,1,3,4,5,6,7,8,9,10,11,12,12,13,14,15,16,17,18,2,19,20,7,13,13,13,21,22,23,24,25,26,27,17,28,13,29,2,2,2,2,19,19,19,19,2,19,19,19,2,2,2,2,2,19,19,19,19,2,30,2,2,31,32,2,2,2,2,2,19,2,33,34,2,2,2,2,2,2,2,35,36,37,38,39,2,2,2,2,40,41,42,2,2,2,43,2,2,2,2,2,2,2,2,2,2,44,45,2,2,2,2,28,46,47,28,28,28,28,28,48,49,50,51,52,53,54,55","0.00329208374023438","infomap","edit-xhwikibooks.graphml"
"0.07","0.83","0.1","0.570192107455227","1,2,1,3,4,5,6,7,8,9,10,11,12,12,13,14,15,16,17,18,2,19,20,7,13,13,13,21,22,23,24,25,26,27,17,28,13,29,2,2,2,2,19,19,19,19,2,19,19,19,2,2,2,2,2,19,19,19,19,2,30,2,2,31,32,2,2,2,2,2,19,2,33,34,2,2,2,2,2,2,2,35,36,37,38,39,2,2,2,2,40,41,42,2,2,2,43,2,2,2,2,2,2,2,2,2,2,44,45,2,2,2,2,28,46,47,28,28,28,28,28,48,49,50,51,52,53,54,55","0.00331997871398926","infomap","edit-xhwikibooks.graphml"
"0.06","0.84","0.1","0.567477904609756","1,2,1,3,4,5,6,7,8,9,10,11,12,12,13,14,15,16,17,18,2,19,20,7,13,13,13,21,22,23,24,25,26,27,17,17,13,28,2,2,2,2,19,19,19,19,2,19,19,19,2,2,2,2,2,19,19,19,19,2,29,2,2,30,31,2,2,2,2,2,19,2,32,33,2,2,2,2,2,2,2,34,35,36,37,38,2,2,2,2,39,40,41,2,2,2,42,2,2,2,2,2,2,2,2,2,2,43,44,2,2,2,2,45,46,47,45,45,45,45,45,48,49,50,51,52,53,54,55","0.00363898277282715","infomap","edit-xhwikibooks.graphml"
"0.05","0.85","0.1","0.569254927095017","1,2,1,3,4,5,6,7,8,9,10,11,12,12,13,14,15,16,17,18,2,19,20,7,13,13,13,21,22,23,24,25,26,27,17,17,13,28,2,2,2,2,19,19,19,19,2,19,19,19,2,2,2,2,2,19,19,19,19,2,29,2,2,30,31,2,2,2,2,2,19,2,32,33,2,2,2,2,2,2,2,34,35,36,37,38,2,2,2,2,39,40,41,2,2,2,42,2,2,2,2,2,2,2,2,2,2,43,44,2,2,2,2,45,46,47,45,45,45,45,45,48,49,50,51,52,53,54,55","0.00411796569824219","infomap","edit-xhwikibooks.graphml"
"0.04","0.86","0.1","0.571658543976162","1,2,1,3,4,5,6,7,8,9,10,11,12,12,13,14,15,16,17,18,2,19,20,7,13,13,13,21,22,23,24,25,26,27,17,17,13,28,2,2,2,2,19,19,19,19,2,19,19,19,2,2,2,2,2,19,19,19,19,2,29,2,2,30,31,2,2,2,2,2,19,2,32,33,2,2,2,2,2,2,2,34,35,36,37,38,2,2,2,2,39,40,41,2,2,2,42,2,2,2,2,2,2,2,2,2,2,43,44,2,2,2,2,45,46,47,45,45,45,45,45,48,49,50,51,52,53,54,55","0.00331211090087891","infomap","edit-xhwikibooks.graphml"
"0.03","0.87","0.1","0.571658543976162","1,2,1,3,4,5,6,7,8,9,10,11,12,12,13,14,15,16,17,18,2,19,20,7,13,13,13,21,22,23,24,25,26,27,17,17,13,28,2,2,2,2,19,19,19,19,2,19,19,19,2,2,2,2,2,19,19,19,19,2,29,2,2,30,31,2,2,2,2,2,19,2,32,33,2,2,2,2,2,2,2,34,35,36,37,38,2,2,2,2,39,40,41,2,2,2,42,2,2,2,2,2,2,2,2,2,2,43,44,2,2,2,2,45,46,47,45,45,45,45,45,48,49,50,51,52,53,54,55","0.00359892845153809","infomap","edit-xhwikibooks.graphml"
"0.02","0.88","0.1","0.570668525951471","1,2,1,3,4,5,6,7,8,9,10,11,12,12,13,14,15,16,17,18,2,19,20,7,13,13,13,21,22,23,24,25,26,27,17,17,13,28,2,2,2,2,19,19,19,19,2,19,19,19,2,2,2,2,2,19,19,19,19,2,29,2,2,30,31,2,2,2,2,2,19,2,32,33,2,2,2,2,2,2,2,34,35,36,37,38,2,2,2,2,39,40,41,2,2,2,42,2,2,2,2,2,2,2,2,2,2,43,44,2,2,2,2,45,46,47,45,45,45,45,45,48,49,50,51,52,53,54,55","0.00311183929443359","infomap","edit-xhwikibooks.graphml"
"0.01","0.89","0.1","0.574001405463897","1,2,1,3,4,5,6,7,8,9,10,11,12,12,13,14,15,16,17,18,2,19,20,7,13,13,13,21,22,23,24,25,26,27,17,17,13,28,2,2,2,2,19,19,19,19,2,19,19,19,2,2,2,2,2,19,19,19,19,2,29,2,2,30,31,2,2,2,2,2,19,2,32,33,2,2,2,2,2,2,2,34,35,36,37,38,2,2,2,2,39,40,41,2,2,2,42,2,2,2,2,2,2,2,2,2,2,43,44,2,2,2,2,45,46,47,45,45,45,45,45,48,49,50,51,52,53,54,55","0.0032200813293457","infomap","edit-xhwikibooks.graphml"
"0","0.9","0.1","0.574228394139203","1,2,1,1,1,3,4,1,5,6,7,8,9,9,10,11,12,13,14,15,2,16,17,1,10,10,10,18,1,19,20,21,22,23,14,14,10,24,2,2,2,2,16,16,16,16,2,16,16,16,2,2,2,2,2,16,16,16,16,2,25,2,2,26,27,2,2,2,2,2,16,2,28,29,2,2,2,2,2,2,2,30,31,32,33,34,2,2,2,2,35,36,37,2,2,2,38,2,2,2,2,2,2,2,2,2,2,39,40,2,2,2,2,41,42,43,41,41,41,41,41,44,45,46,47,48,49,50,51","0.00346207618713379","infomap","edit-xhwikibooks.graphml"
"0.89","0","0.11","0.410029220473183","1,2,1,1,1,3,1,4,3,5,6,7,4,4,3,8,5,6,6,7,9,2,4,4,10,11,4,8,12,5,6,6,7,7,13,3,14,3,9,9,9,9,2,2,2,2,9,2,2,2,9,9,9,9,9,2,2,2,2,9,4,9,9,4,10,9,9,9,9,9,2,9,11,11,9,9,9,9,9,9,9,4,8,8,8,12,9,9,9,9,5,6,6,9,9,9,8,9,9,9,9,9,9,9,9,9,9,7,7,9,9,9,9,3,13,13,13,3,3,13,3,14,14,14,14,14,14,14,14","0.00795507431030273","infomap","edit-xhwikibooks.graphml"
"0.88","0.01","0.11","0.402856654727118","1,2,1,1,1,3,1,4,3,5,6,7,4,4,3,8,5,6,6,7,2,9,4,4,4,10,11,8,12,5,6,6,7,7,13,3,14,3,2,2,2,2,9,9,9,9,2,9,9,9,2,2,2,2,2,9,9,9,9,2,4,2,2,4,4,2,2,2,2,2,9,2,10,10,2,2,2,2,2,2,2,11,8,8,8,12,2,2,2,2,5,6,6,2,2,2,8,2,2,2,2,2,2,2,2,2,2,7,7,2,2,2,2,13,13,13,3,3,3,13,3,14,14,14,14,14,14,14,14","0.00974297523498535","infomap","edit-xhwikibooks.graphml"
"0.87","0.02","0.11","0.410406258836837","1,2,1,1,1,3,1,4,3,5,6,7,4,4,3,8,5,6,6,7,9,2,4,4,10,11,4,8,12,5,6,6,7,7,13,3,14,3,9,9,9,9,2,2,2,2,9,2,2,2,9,9,9,9,9,2,2,2,2,9,4,9,9,4,10,9,9,9,9,9,2,9,11,11,9,9,9,9,9,9,9,4,8,8,8,12,9,9,9,9,5,6,6,9,9,9,8,9,9,9,9,9,9,9,9,9,9,7,7,9,9,9,9,13,13,13,3,13,3,13,13,14,14,14,14,14,14,14,14","0.00809001922607422","infomap","edit-xhwikibooks.graphml"
"0.86","0.03","0.11","0.406504112705122","1,2,1,1,1,2,1,3,2,4,5,6,3,3,7,8,4,5,5,6,9,2,3,3,10,11,3,8,12,4,5,5,6,6,13,7,14,7,9,9,9,9,2,2,2,2,9,2,2,2,9,9,9,9,9,2,2,2,2,9,3,9,9,3,10,9,9,9,9,9,2,9,11,11,9,9,9,9,9,9,9,3,8,8,8,12,9,9,9,9,4,5,5,9,9,9,8,9,9,9,9,9,9,9,9,9,9,6,6,9,9,9,9,7,13,13,7,7,13,13,7,14,14,14,14,14,14,14,14","0.0084381103515625","infomap","edit-xhwikibooks.graphml"
"0.85","0.04","0.11","0.409716888766423","1,2,1,1,1,3,1,4,3,5,6,7,4,4,3,8,5,6,6,7,9,2,4,4,10,11,4,8,12,5,6,6,7,7,13,3,14,3,9,9,9,9,2,2,2,2,9,2,2,2,9,9,9,9,9,2,2,2,2,9,4,9,9,4,10,9,9,9,9,9,2,9,11,11,9,9,9,9,9,9,9,4,8,8,8,12,9,9,9,9,5,6,6,9,9,9,8,9,9,9,9,9,9,9,9,9,9,7,7,9,9,9,9,13,13,13,13,3,13,13,13,14,14,14,14,14,14,14,14","0.00880289077758789","infomap","edit-xhwikibooks.graphml"
"0.84","0.05","0.11","0.411001423603818","1,2,1,1,1,3,1,4,3,5,6,7,4,4,3,8,5,6,6,7,9,2,4,4,4,10,4,8,11,5,6,6,7,7,12,3,13,3,9,9,9,9,2,2,2,2,9,2,2,2,9,9,9,9,9,2,2,2,2,9,4,9,9,4,4,9,9,9,9,9,2,9,10,10,9,9,9,9,9,9,9,4,8,8,8,11,9,9,9,9,5,6,6,9,9,9,8,9,9,9,9,9,9,9,9,9,9,7,7,9,9,9,9,3,12,12,12,12,12,12,3,13,13,13,13,13,13,13,13","0.0064089298248291","infomap","edit-xhwikibooks.graphml"
"0.83","0.06","0.11","0.4010507829821","1,2,1,1,1,3,1,4,3,5,6,7,4,4,3,8,5,6,6,7,2,9,4,4,10,11,4,8,12,5,6,6,7,7,13,3,14,3,2,2,2,2,9,9,9,9,2,9,9,9,2,2,2,2,2,9,9,9,9,2,4,2,2,4,10,2,2,2,2,2,9,2,11,11,2,2,2,2,2,2,2,4,8,8,8,12,2,2,2,2,5,6,6,2,2,2,8,2,2,2,2,2,2,2,2,2,2,7,7,2,2,2,2,3,13,13,3,3,3,13,3,14,14,14,14,14,14,14,14","0.00808882713317871","infomap","edit-xhwikibooks.graphml"
"0.82","0.07","0.11","0.408204383800261","1,2,1,1,1,3,1,4,3,5,6,7,4,4,3,8,5,6,6,7,9,2,4,4,4,10,11,8,12,5,6,6,7,7,13,3,14,3,9,9,9,9,2,2,2,2,9,2,2,2,9,9,9,9,9,2,2,2,2,9,4,9,9,4,4,9,9,9,9,9,2,9,10,10,9,9,9,9,9,9,9,11,8,8,8,12,9,9,9,9,5,6,6,9,9,9,8,9,9,9,9,9,9,9,9,9,9,7,7,9,9,9,9,13,13,13,13,13,13,3,3,14,14,14,14,14,14,14,14","0.00867295265197754","infomap","edit-xhwikibooks.graphml"
"0.81","0.08","0.11","0.410318047337278","1,2,1,1,1,3,1,4,3,5,6,7,4,4,3,8,5,6,6,7,9,2,4,4,4,10,11,8,12,5,6,6,7,7,13,3,14,3,9,9,9,9,2,2,2,2,9,2,2,2,9,9,9,9,9,2,2,2,2,9,4,9,9,4,4,9,9,9,9,9,2,9,10,10,9,9,9,9,9,9,9,11,8,8,8,12,9,9,9,9,5,6,6,9,9,9,8,9,9,9,9,9,9,9,9,9,9,7,7,9,9,9,9,13,13,13,13,3,3,13,3,14,14,14,14,14,14,14,14","0.00642704963684082","infomap","edit-xhwikibooks.graphml"
"0.8","0.09","0.11","0.404703575269281","1,2,1,1,1,3,1,4,3,5,6,7,4,4,3,8,5,6,6,7,2,9,4,4,4,10,4,8,11,5,6,6,7,7,12,3,13,3,2,2,2,2,9,9,9,9,2,9,9,9,2,2,2,2,2,9,9,9,9,2,4,2,2,4,4,2,2,2,2,2,9,2,10,10,2,2,2,2,2,2,2,4,8,8,8,11,2,2,2,2,5,6,6,2,2,2,8,2,2,2,2,2,2,2,2,2,2,7,7,2,2,2,2,12,12,12,12,3,12,12,3,13,13,13,13,13,13,13,13","0.00940418243408203","infomap","edit-xhwikibooks.graphml"
"0.79","0.1","0.11","0.402512522356216","1,2,1,1,1,3,1,4,3,5,6,7,4,4,3,8,5,6,6,7,2,9,4,4,10,11,4,8,12,5,6,6,7,7,13,3,14,3,2,2,2,2,9,9,9,9,2,9,9,9,2,2,2,2,2,9,9,9,9,2,4,2,2,4,10,2,2,2,2,2,9,2,11,11,2,2,2,2,2,2,2,4,8,8,8,12,2,2,2,2,5,6,6,2,2,2,8,2,2,2,2,2,2,2,2,2,2,7,7,2,2,2,2,3,13,13,13,3,13,3,13,14,14,14,14,14,14,14,14","0.00897407531738281","infomap","edit-xhwikibooks.graphml"
"0.78","0.11","0.11","0.403707359558717","1,2,1,1,1,3,1,4,3,5,6,1,4,4,3,7,5,6,6,8,2,9,4,4,4,10,4,7,11,5,6,6,8,8,12,3,13,3,2,2,2,2,9,9,9,9,2,9,9,9,2,2,2,2,2,9,9,9,9,2,4,2,2,4,4,2,2,2,2,2,9,2,10,10,2,2,2,2,2,2,2,4,7,7,7,11,2,2,2,2,5,6,6,2,2,2,7,2,2,2,2,2,2,2,2,2,2,8,8,2,2,2,2,12,12,12,12,12,3,12,12,13,13,13,13,13,13,13,13","0.00723409652709961","infomap","edit-xhwikibooks.graphml"
"0.77","0.12","0.11","0.405224926948817","1,2,1,1,1,3,1,4,3,5,6,1,4,4,3,7,5,6,6,8,9,2,4,4,4,10,4,7,2,5,6,6,8,8,11,3,12,3,9,9,9,9,2,2,2,2,9,2,2,2,9,9,9,9,9,2,2,2,2,9,13,9,9,4,4,9,9,9,9,9,2,9,10,10,9,9,9,9,9,9,9,4,7,7,7,14,9,9,9,9,15,16,17,9,9,9,7,9,9,9,9,9,9,9,9,9,9,8,8,9,9,9,9,11,11,11,11,3,3,11,11,12,12,12,12,12,12,12,12","0.00719094276428223","infomap","edit-xhwikibooks.graphml"
"0.76","0.13","0.11","0.404484402206732","1,2,1,1,1,3,1,4,3,5,6,1,4,4,3,7,5,6,6,8,9,2,4,4,4,10,4,7,2,5,6,6,8,8,11,3,12,3,9,9,9,9,2,2,2,2,9,2,2,2,9,9,9,9,9,2,2,2,2,9,13,9,9,4,4,9,9,9,9,9,2,9,10,10,9,9,9,9,9,9,9,4,7,7,7,14,9,9,9,9,15,16,17,9,9,9,7,9,9,9,9,9,9,9,9,9,9,8,8,9,9,9,9,3,11,11,3,11,11,11,11,12,12,12,12,12,12,12,12","0.00539803504943848","infomap","edit-xhwikibooks.graphml"
"0.75","0.14","0.11","0.395385445186405","1,2,1,1,1,3,1,4,3,5,6,1,4,4,3,7,5,6,6,8,2,9,4,4,4,10,4,7,2,5,6,6,8,8,11,3,12,3,2,2,2,2,9,9,9,9,2,9,9,9,2,2,2,2,2,9,9,9,9,2,13,2,2,4,4,2,2,2,2,2,9,2,10,10,2,2,2,2,2,2,2,4,7,7,7,14,2,2,2,2,15,16,17,2,2,2,7,2,2,2,2,2,2,2,2,2,2,8,8,2,2,2,2,3,11,11,11,11,3,3,11,12,12,12,12,12,12,12,12","0.0080559253692627","infomap","edit-xhwikibooks.graphml"
"0.74","0.15","0.11","0.408425596338757","1,2,1,1,1,3,1,4,3,5,6,1,4,4,3,7,5,6,6,8,9,2,4,4,4,10,4,7,2,5,6,6,8,8,11,3,12,3,9,9,9,9,2,2,2,2,9,2,2,2,9,9,9,9,9,2,2,2,2,9,13,9,9,4,4,9,9,9,9,9,2,9,10,10,9,9,9,9,9,9,9,4,7,7,7,14,9,9,9,9,15,16,17,9,9,9,7,9,9,9,9,9,9,9,9,9,9,8,8,9,9,9,9,3,11,11,3,3,11,11,11,12,12,12,12,12,12,12,12","0.00834321975708008","infomap","edit-xhwikibooks.graphml"
"0.73","0.16","0.11","0.401954695236616","1,2,1,1,1,3,1,4,3,5,6,1,4,4,3,7,5,6,6,8,2,9,4,4,4,10,4,7,2,5,6,6,8,8,11,3,12,3,2,2,2,2,9,9,9,9,2,9,9,9,2,2,2,2,2,9,9,9,9,2,13,2,2,4,4,2,2,2,2,2,9,2,10,10,2,2,2,2,2,2,2,4,7,7,7,14,2,2,2,2,15,16,17,2,2,2,7,2,2,2,2,2,2,2,2,2,2,8,8,2,2,2,2,11,11,11,3,3,3,11,11,12,12,12,12,12,12,12,12","0.00644493103027344","infomap","edit-xhwikibooks.graphml"
"0.72","0.17","0.11","0.409945830793855","1,2,1,1,1,3,1,4,3,5,6,1,4,4,3,7,5,6,6,8,9,2,4,4,4,10,4,7,2,5,6,6,8,8,11,3,12,3,9,9,9,9,2,2,2,2,9,2,2,2,9,9,9,9,9,2,2,2,2,9,13,9,9,4,4,9,9,9,9,9,2,9,10,10,9,9,9,9,9,9,9,4,7,7,7,14,9,9,9,9,15,16,17,9,9,9,7,9,9,9,9,9,9,9,9,9,9,8,8,9,9,9,9,3,11,11,11,11,3,11,3,12,12,12,12,12,12,12,12","0.00648117065429688","infomap","edit-xhwikibooks.graphml"
"0.71","0.18","0.11","0.448129057164918","1,2,1,1,1,3,1,4,3,5,6,1,4,4,3,7,5,6,6,8,9,2,4,4,4,10,4,7,2,5,6,6,8,8,11,3,12,3,9,9,9,9,2,2,2,2,9,2,2,2,9,9,9,9,9,2,2,2,2,9,13,9,9,4,4,9,9,9,9,9,2,9,10,10,9,9,9,9,9,9,9,4,7,7,7,14,9,9,9,9,15,16,17,9,9,9,7,9,9,9,9,9,9,9,9,9,9,8,8,9,9,9,9,3,11,11,3,3,11,3,11,12,12,12,12,12,12,12,12","0.0084991455078125","infomap","edit-xhwikibooks.graphml"
"0.7","0.19","0.11","0.436199111111111","1,2,1,1,1,3,1,4,3,5,6,1,4,4,3,7,5,6,6,8,2,9,4,4,4,10,4,7,2,5,6,6,8,8,11,3,12,3,2,2,2,2,9,9,9,9,2,9,9,9,2,2,2,2,2,9,9,9,9,2,13,2,2,4,4,2,2,2,2,2,9,2,10,10,2,2,2,2,2,2,2,4,7,7,7,14,2,2,2,2,15,16,17,2,2,2,7,2,2,2,2,2,2,2,2,2,2,8,8,2,2,2,2,3,11,11,11,11,11,3,3,12,12,12,12,12,12,12,12","0.00763797760009766","infomap","edit-xhwikibooks.graphml"
"0.69","0.2","0.11","0.44118019545624","1,2,1,1,1,3,1,4,3,5,6,1,4,4,3,7,5,6,6,8,2,9,4,4,4,10,4,7,2,5,6,6,8,8,11,3,12,3,2,2,2,2,9,9,9,9,2,9,9,9,2,2,2,2,2,9,9,9,9,2,13,2,2,4,4,2,2,2,2,2,9,2,10,10,2,2,2,2,2,2,2,4,7,7,7,14,2,2,2,2,15,16,17,2,2,2,7,2,2,2,2,2,2,2,2,2,2,8,8,2,2,2,2,3,11,11,11,3,3,11,11,12,12,12,12,12,12,12,12","0.00779509544372559","infomap","edit-xhwikibooks.graphml"
"0.68","0.21","0.11","0.451544609613393","1,2,1,1,1,3,1,4,3,5,6,1,4,4,3,7,5,6,6,8,9,2,4,4,4,10,4,7,2,5,6,6,8,8,11,3,12,3,9,9,9,9,2,2,2,2,9,2,2,2,9,9,9,9,9,2,2,2,2,9,13,9,9,4,4,9,9,9,9,9,2,9,10,10,9,9,9,9,9,9,9,4,7,7,7,14,9,9,9,9,15,16,17,9,9,9,7,9,9,9,9,9,9,9,9,9,9,8,8,9,9,9,9,3,11,11,11,11,3,11,3,12,12,12,12,12,12,12,12","0.00677990913391113","infomap","edit-xhwikibooks.graphml"
"0.67","0.22","0.11","0.451005776442528","1,2,1,1,1,3,1,4,3,5,6,1,4,4,3,7,5,6,6,8,9,2,4,4,4,10,4,7,2,5,6,6,8,8,11,3,12,3,9,9,9,9,2,2,2,2,9,2,2,2,9,9,9,9,9,2,2,2,2,9,13,9,9,4,4,9,9,9,9,9,2,9,10,10,9,9,9,9,9,9,9,4,7,7,7,14,9,9,9,9,15,16,17,9,9,9,7,9,9,9,9,9,9,9,9,9,9,8,8,9,9,9,9,3,11,11,11,3,3,3,3,12,12,12,12,12,12,12,12","0.00682711601257324","infomap","edit-xhwikibooks.graphml"
"0.66","0.23","0.11","0.4377319211103","1,2,1,1,3,1,3,4,1,1,3,5,4,4,6,7,8,3,3,5,9,2,4,4,4,10,4,7,2,11,12,3,5,5,13,6,14,6,9,9,9,9,2,2,2,2,9,2,2,2,9,9,9,9,9,2,2,2,2,9,15,9,9,16,17,9,9,9,9,9,2,9,10,10,9,9,9,9,9,9,9,18,7,7,7,19,9,9,9,9,20,21,22,9,9,9,23,9,9,9,9,9,9,9,9,9,9,24,25,9,9,9,9,6,13,13,13,6,13,13,13,14,14,14,14,14,14,14,14","0.0105471611022949","infomap","edit-xhwikibooks.graphml"
"0.65","0.24","0.11","0.428219062633953","1,2,1,1,3,1,3,4,1,1,3,5,4,4,6,7,8,3,3,5,2,9,4,4,4,10,4,7,2,11,12,3,5,5,13,6,14,6,2,2,2,2,9,9,9,9,2,9,9,9,2,2,2,2,2,9,9,9,9,2,15,2,2,16,17,2,2,2,2,2,9,2,10,10,2,2,2,2,2,2,2,18,7,7,7,19,2,2,2,2,20,21,22,2,2,2,23,2,2,2,2,2,2,2,2,2,2,24,25,2,2,2,2,6,13,13,13,6,13,13,13,14,14,14,14,14,14,14,14","0.0111420154571533","infomap","edit-xhwikibooks.graphml"
"0.64","0.25","0.11","0.446922666666667","1,2,1,1,3,1,3,4,1,1,3,5,4,4,6,7,8,3,3,5,9,2,4,4,4,10,4,7,2,11,12,3,5,5,13,6,14,6,9,9,9,9,2,2,2,2,9,2,2,2,9,9,9,9,9,2,2,2,2,9,15,9,9,16,17,9,9,9,9,9,2,9,10,10,9,9,9,9,9,9,9,18,7,7,7,19,9,9,9,9,20,21,22,9,9,9,23,9,9,9,9,9,9,9,9,9,9,24,25,9,9,9,9,13,13,13,6,6,6,6,13,14,14,14,14,14,14,14,14","0.011322021484375","infomap","edit-xhwikibooks.graphml"
"0.63","0.26","0.11","0.435388444444445","1,2,1,1,3,1,3,4,1,1,3,5,4,4,6,7,8,3,3,5,2,9,4,4,4,10,4,7,2,11,12,3,5,5,13,6,14,6,2,2,2,2,9,9,9,9,2,9,9,9,2,2,2,2,2,9,9,9,9,2,15,2,2,16,17,2,2,2,2,2,9,2,10,10,2,2,2,2,2,2,2,18,7,7,7,19,2,2,2,2,20,21,22,2,2,2,23,2,2,2,2,2,2,2,2,2,2,24,25,2,2,2,2,6,13,13,13,6,6,6,13,14,14,14,14,14,14,14,14","0.0110881328582764","infomap","edit-xhwikibooks.graphml"
"0.62","0.27","0.11","0.447121777777778","1,2,1,1,3,1,3,4,1,1,3,5,4,4,6,7,8,3,3,5,9,2,4,4,4,10,4,7,2,11,12,3,5,5,13,6,14,6,9,9,9,9,2,2,2,2,9,2,2,2,9,9,9,9,9,2,2,2,2,9,15,9,9,16,17,9,9,9,9,9,2,9,10,10,9,9,9,9,9,9,9,18,7,7,7,19,9,9,9,9,20,21,22,9,9,9,23,9,9,9,9,9,9,9,9,9,9,24,25,9,9,9,9,6,13,13,6,13,13,13,13,14,14,14,14,14,14,14,14","0.0104260444641113","infomap","edit-xhwikibooks.graphml"
"0.61","0.28","0.11","0.437303435611311","1,2,1,1,3,1,3,4,1,1,3,5,4,4,6,7,8,3,3,5,2,9,4,4,4,10,4,7,2,11,12,3,5,5,13,6,14,6,2,2,2,2,9,9,9,9,2,9,9,9,2,2,2,2,2,9,9,9,9,2,15,2,2,16,17,2,2,2,2,2,9,2,10,10,2,2,2,2,2,2,2,18,7,7,7,19,2,2,2,2,20,21,22,2,2,2,23,2,2,2,2,2,2,2,2,2,2,24,25,2,2,2,2,13,13,13,13,6,13,13,13,14,14,14,14,14,14,14,14","0.0115151405334473","infomap","edit-xhwikibooks.graphml"
"0.6","0.29","0.11","0.454386075417822","1,2,1,1,3,1,3,4,1,1,3,5,4,4,6,7,8,3,3,5,9,2,4,4,4,10,4,7,2,11,12,3,5,5,13,6,14,6,9,9,9,9,2,2,2,2,9,2,2,2,9,9,9,9,9,2,2,2,2,9,15,9,9,16,17,9,9,9,9,9,2,9,10,10,9,9,9,9,9,9,9,18,7,7,7,19,9,9,9,9,20,21,22,9,9,9,23,9,9,9,9,9,9,9,9,9,9,24,25,9,9,9,9,6,13,13,6,6,13,13,13,14,14,14,14,14,14,14,14","0.0111691951751709","infomap","edit-xhwikibooks.graphml"
"0.59","0.3","0.11","0.444830332409972","1,2,1,1,3,1,3,4,1,1,3,5,4,4,6,7,8,3,3,5,2,9,4,4,4,10,4,7,2,11,12,3,5,5,13,6,14,6,2,2,2,2,9,9,9,9,2,9,9,9,2,2,2,2,2,9,9,9,9,2,15,2,2,16,17,2,2,2,2,2,9,2,10,10,2,2,2,2,2,2,2,18,7,7,7,19,2,2,2,2,20,21,22,2,2,2,23,2,2,2,2,2,2,2,2,2,2,24,25,2,2,2,2,6,13,13,6,13,6,13,13,14,14,14,14,14,14,14,14","0.0104920864105225","infomap","edit-xhwikibooks.graphml"
"0.58","0.31","0.11","0.458253249839833","1,2,1,1,3,1,3,4,1,1,3,5,4,4,6,7,8,3,3,5,9,2,4,4,4,10,4,7,2,11,12,3,5,5,13,6,14,6,9,9,9,9,2,2,2,2,9,2,2,2,9,9,9,9,9,2,2,2,2,9,15,9,9,16,17,9,9,9,9,9,2,9,10,10,9,9,9,9,9,9,9,18,7,7,7,19,9,9,9,9,20,21,22,9,9,9,23,9,9,9,9,9,9,9,9,9,9,24,25,9,9,9,9,6,13,13,13,13,6,13,13,14,14,14,14,14,14,14,14","0.031364917755127","infomap","edit-xhwikibooks.graphml"
"0.57","0.32","0.11","0.446283681916614","1,2,1,1,3,1,3,4,1,1,3,5,4,4,6,7,8,3,3,5,2,9,4,4,4,10,4,7,2,11,12,3,5,5,13,6,14,6,2,2,2,2,9,9,9,9,2,9,9,9,2,2,2,2,2,9,9,9,9,2,15,2,2,16,17,2,2,2,2,2,9,2,10,10,2,2,2,2,2,2,2,18,7,7,7,19,2,2,2,2,20,21,22,2,2,2,23,2,2,2,2,2,2,2,2,2,2,24,25,2,2,2,2,6,13,13,13,13,13,6,6,14,14,14,14,14,14,14,14","0.0110838413238525","infomap","edit-xhwikibooks.graphml"
"0.56","0.33","0.11","0.421851877148647","1,2,1,1,3,1,3,2,1,1,3,4,5,6,6,7,8,3,3,4,2,9,5,5,6,6,6,7,2,10,11,3,4,4,12,12,13,6,2,2,2,2,9,9,9,9,2,9,9,9,2,2,2,2,2,9,9,9,9,2,14,2,2,15,16,2,2,2,2,2,9,2,6,6,2,2,2,2,2,2,2,17,7,7,7,18,2,2,2,2,19,20,21,2,2,2,22,2,2,2,2,2,2,2,2,2,2,23,24,2,2,2,2,12,12,12,12,12,12,12,12,13,13,13,13,13,13,13,13","0.00709891319274902","infomap","edit-xhwikibooks.graphml"
"0.55","0.34","0.11","0.443798303345007","1,2,1,3,4,3,5,6,3,3,5,7,6,6,6,3,8,9,5,10,2,11,12,6,6,6,6,3,2,13,14,15,10,16,17,17,18,6,2,2,2,2,11,11,11,11,2,11,11,11,2,2,2,2,2,11,11,11,11,2,19,2,2,20,21,2,2,2,2,2,11,2,22,23,2,2,2,2,2,2,2,24,25,26,27,28,2,2,2,2,29,30,31,2,2,2,32,2,2,2,2,2,2,2,2,2,2,33,34,2,2,2,2,17,17,17,17,17,17,17,17,18,18,18,18,18,18,18,18","0.00375103950500488","infomap","edit-xhwikibooks.graphml"
"0.54","0.35","0.11","0.443798303345007","1,2,1,3,4,3,5,6,3,3,5,7,6,6,6,3,8,9,5,10,2,11,12,6,6,6,6,3,2,13,14,15,10,16,17,17,18,6,2,2,2,2,11,11,11,11,2,11,11,11,2,2,2,2,2,11,11,11,11,2,19,2,2,20,21,2,2,2,2,2,11,2,22,23,2,2,2,2,2,2,2,24,25,26,27,28,2,2,2,2,29,30,31,2,2,2,32,2,2,2,2,2,2,2,2,2,2,33,34,2,2,2,2,17,17,17,17,17,17,17,17,18,18,18,18,18,18,18,18","0.00377488136291504","infomap","edit-xhwikibooks.graphml"
"0.53","0.36","0.11","0.442841058359917","1,2,1,3,4,3,5,6,3,3,5,7,6,6,6,3,8,9,5,10,2,11,12,6,6,6,6,3,2,13,14,15,10,16,17,17,18,6,2,2,2,2,11,11,11,11,2,11,11,11,2,2,2,2,2,11,11,11,11,2,19,2,2,20,21,2,2,2,2,2,11,2,22,23,2,2,2,2,2,2,2,24,25,26,27,28,2,2,2,2,29,30,31,2,2,2,32,2,2,2,2,2,2,2,2,2,2,33,34,2,2,2,2,17,17,17,17,17,17,17,17,18,18,18,18,18,18,18,18","0.00357818603515625","infomap","edit-xhwikibooks.graphml"
"0.52","0.37","0.11","0.442841058359917","1,2,1,3,4,3,5,6,3,3,5,7,6,6,6,3,8,9,5,10,2,11,12,6,6,6,6,3,2,13,14,15,10,16,17,17,18,6,2,2,2,2,11,11,11,11,2,11,11,11,2,2,2,2,2,11,11,11,11,2,19,2,2,20,21,2,2,2,2,2,11,2,22,23,2,2,2,2,2,2,2,24,25,26,27,28,2,2,2,2,29,30,31,2,2,2,32,2,2,2,2,2,2,2,2,2,2,33,34,2,2,2,2,17,17,17,17,17,17,17,17,18,18,18,18,18,18,18,18","0.00359582901000977","infomap","edit-xhwikibooks.graphml"
"0.51","0.38","0.11","0.44093801275531","1,2,1,3,4,3,5,6,3,3,5,7,6,6,6,3,8,9,5,10,2,11,12,6,6,6,6,3,2,13,14,15,10,16,17,17,18,6,2,2,2,2,11,11,11,11,2,11,11,11,2,2,2,2,2,11,11,11,11,2,19,2,2,20,21,2,2,2,2,2,11,2,22,23,2,2,2,2,2,2,2,24,25,26,27,28,2,2,2,2,29,30,31,2,2,2,32,2,2,2,2,2,2,2,2,2,2,33,34,2,2,2,2,17,17,17,17,17,17,17,17,18,18,18,18,18,18,18,18","0.00373291969299316","infomap","edit-xhwikibooks.graphml"
"0.5","0.39","0.11","0.443639975189036","1,2,1,3,4,3,5,6,3,3,5,7,6,6,6,3,8,9,5,10,2,11,12,6,6,6,6,3,2,13,14,15,10,16,17,17,18,6,2,2,2,2,11,11,11,11,2,11,11,11,2,2,2,2,2,11,11,11,11,2,19,2,2,20,21,2,2,2,2,2,11,2,22,23,2,2,2,2,2,2,2,24,25,26,27,28,2,2,2,2,29,30,31,2,2,2,32,2,2,2,2,2,2,2,2,2,2,33,34,2,2,2,2,17,17,17,17,17,17,17,17,18,18,18,18,18,18,18,18","0.00392484664916992","infomap","edit-xhwikibooks.graphml"
"0.49","0.4","0.11","0.448046003734352","1,2,1,3,4,3,5,6,3,3,5,7,6,6,6,3,8,9,5,10,2,11,12,6,6,6,6,3,2,13,14,15,10,16,17,17,18,6,2,2,2,2,11,11,11,11,2,11,11,11,2,2,2,2,2,11,11,11,11,2,19,2,2,20,21,2,2,2,2,2,11,2,22,23,2,2,2,2,2,2,2,24,25,26,27,28,2,2,2,2,29,30,31,2,2,2,32,2,2,2,2,2,2,2,2,2,2,33,34,2,2,2,2,17,17,17,17,17,17,17,17,18,18,18,18,18,18,18,18","0.00353002548217773","infomap","edit-xhwikibooks.graphml"
"0.48","0.41","0.11","0.448046003734352","1,2,1,3,4,3,5,6,3,3,5,7,6,6,6,3,8,9,5,10,2,11,12,6,6,6,6,3,2,13,14,15,10,16,17,17,18,6,2,2,2,2,11,11,11,11,2,11,11,11,2,2,2,2,2,11,11,11,11,2,19,2,2,20,21,2,2,2,2,2,11,2,22,23,2,2,2,2,2,2,2,24,25,26,27,28,2,2,2,2,29,30,31,2,2,2,32,2,2,2,2,2,2,2,2,2,2,33,34,2,2,2,2,17,17,17,17,17,17,17,17,18,18,18,18,18,18,18,18","0.0036461353302002","infomap","edit-xhwikibooks.graphml"
"0.47","0.42","0.11","0.447100098277258","1,2,1,3,4,3,5,6,3,3,5,7,6,6,6,3,8,9,5,10,2,11,12,6,6,6,6,3,2,13,14,15,10,16,17,17,18,6,2,2,2,2,11,11,11,11,2,11,11,11,2,2,2,2,2,11,11,11,11,2,19,2,2,20,21,2,2,2,2,2,11,2,22,23,2,2,2,2,2,2,2,24,25,26,27,28,2,2,2,2,29,30,31,2,2,2,32,2,2,2,2,2,2,2,2,2,2,33,34,2,2,2,2,17,17,17,17,17,17,17,17,18,18,18,18,18,18,18,18","0.00389385223388672","infomap","edit-xhwikibooks.graphml"
"0.46","0.43","0.11","0.452082558837828","1,2,1,3,4,3,5,6,3,3,5,7,6,6,6,3,8,9,5,10,2,11,12,6,6,6,6,3,2,13,14,15,10,16,17,17,18,6,2,2,2,2,11,11,11,11,2,11,11,11,2,2,2,2,2,11,11,11,11,2,19,2,2,20,21,2,2,2,2,2,11,2,22,23,2,2,2,2,2,2,2,24,25,26,27,28,2,2,2,2,29,30,31,2,2,2,32,2,2,2,2,2,2,2,2,2,2,33,34,2,2,2,2,17,17,17,17,17,17,17,17,18,18,18,18,18,18,18,18","0.00384092330932617","infomap","edit-xhwikibooks.graphml"
"0.45","0.44","0.11","0.451139555555556","1,2,1,3,4,3,5,6,3,3,5,7,6,6,6,3,8,9,5,10,2,11,12,6,6,6,6,3,2,13,14,15,10,16,17,17,18,6,2,2,2,2,11,11,11,11,2,11,11,11,2,2,2,2,2,11,11,11,11,2,19,2,2,20,21,2,2,2,2,2,11,2,22,23,2,2,2,2,2,2,2,24,25,26,27,28,2,2,2,2,29,30,31,2,2,2,32,2,2,2,2,2,2,2,2,2,2,33,34,2,2,2,2,17,17,17,17,17,17,17,17,18,18,18,18,18,18,18,18","0.00363898277282715","infomap","edit-xhwikibooks.graphml"
"0.44","0.45","0.11","0.449937802053247","1,2,1,3,4,3,5,6,3,3,7,8,6,6,6,3,9,10,11,12,2,13,14,6,6,6,6,3,2,15,16,17,18,19,11,11,20,6,2,2,2,2,13,13,13,13,2,13,13,13,2,2,2,2,2,13,13,13,13,2,21,2,2,22,23,2,2,2,2,2,13,2,24,25,2,2,2,2,2,2,2,26,27,28,29,30,2,2,2,2,31,32,33,2,2,2,34,2,2,2,2,2,2,2,2,2,2,35,36,2,2,2,2,11,11,11,11,11,11,11,11,20,20,20,20,20,20,20,20","0.00367116928100586","infomap","edit-xhwikibooks.graphml"
"0.43","0.46","0.11","0.448999111111111","1,2,1,3,4,3,5,6,3,3,7,8,6,6,6,3,9,10,11,12,2,13,14,6,6,6,6,3,2,15,16,17,18,19,11,11,20,6,2,2,2,2,13,13,13,13,2,13,13,13,2,2,2,2,2,13,13,13,13,2,21,2,2,22,23,2,2,2,2,2,13,2,24,25,2,2,2,2,2,2,2,26,27,28,29,30,2,2,2,2,31,32,33,2,2,2,34,2,2,2,2,2,2,2,2,2,2,35,36,2,2,2,2,11,11,11,11,11,11,11,11,20,20,20,20,20,20,20,20","0.00371885299682617","infomap","edit-xhwikibooks.graphml"
"0.42","0.47","0.11","0.451600696016297","1,2,1,3,4,3,5,6,3,3,7,8,6,6,6,3,9,10,11,12,2,13,14,6,6,6,6,3,2,15,16,17,18,19,11,11,20,6,2,2,2,2,13,13,13,13,2,13,13,13,2,2,2,2,2,13,13,13,13,2,21,2,2,22,23,2,2,2,2,2,13,2,24,25,2,2,2,2,2,2,2,26,27,28,29,30,2,2,2,2,31,32,33,2,2,2,34,2,2,2,2,2,2,2,2,2,2,35,36,2,2,2,2,11,11,11,11,11,11,11,11,20,20,20,20,20,20,20,20","0.00385499000549316","infomap","edit-xhwikibooks.graphml"
"0.41","0.48","0.11","0.450664537145832","1,2,1,3,4,3,5,6,3,3,7,8,6,6,6,3,9,10,11,12,2,13,14,6,6,6,6,3,2,15,16,17,18,19,11,11,20,6,2,2,2,2,13,13,13,13,2,13,13,13,2,2,2,2,2,13,13,13,13,2,21,2,2,22,23,2,2,2,2,2,13,2,24,25,2,2,2,2,2,2,2,26,27,28,29,30,2,2,2,2,31,32,33,2,2,2,34,2,2,2,2,2,2,2,2,2,2,35,36,2,2,2,2,11,11,11,11,11,11,11,11,20,20,20,20,20,20,20,20","0.00365209579467773","infomap","edit-xhwikibooks.graphml"
"0.4","0.49","0.11","0.450664537145832","1,2,1,3,4,3,5,6,3,3,7,8,6,6,6,3,9,10,11,12,2,13,14,6,6,6,6,3,2,15,16,17,18,19,11,11,20,6,2,2,2,2,13,13,13,13,2,13,13,13,2,2,2,2,2,13,13,13,13,2,21,2,2,22,23,2,2,2,2,2,13,2,24,25,2,2,2,2,2,2,2,26,27,28,29,30,2,2,2,2,31,32,33,2,2,2,34,2,2,2,2,2,2,2,2,2,2,35,36,2,2,2,2,11,11,11,11,11,11,11,11,20,20,20,20,20,20,20,20","0.00366497039794922","infomap","edit-xhwikibooks.graphml"
"0.39","0.5","0.11","0.507847420318502","1,2,1,3,4,3,5,6,3,3,7,8,6,6,6,3,9,10,11,12,2,13,14,6,6,6,6,3,2,15,16,17,18,19,11,20,21,6,2,2,2,2,13,13,13,13,2,13,13,13,2,2,2,2,2,13,13,13,13,2,22,2,2,23,24,2,2,2,2,2,13,2,25,26,2,2,2,2,2,2,2,27,28,29,30,31,2,2,2,2,32,33,34,2,2,2,35,2,2,2,2,2,2,2,2,2,2,36,37,2,2,2,2,20,11,11,20,20,20,20,20,21,21,21,21,21,21,21,21","0.00503087043762207","infomap","edit-xhwikibooks.graphml"
"0.38","0.51","0.11","0.507847420318502","1,2,1,3,4,3,5,6,3,3,7,8,6,6,6,3,9,10,11,12,2,13,14,6,6,6,6,3,2,15,16,17,18,19,11,20,21,6,2,2,2,2,13,13,13,13,2,13,13,13,2,2,2,2,2,13,13,13,13,2,22,2,2,23,24,2,2,2,2,2,13,2,25,26,2,2,2,2,2,2,2,27,28,29,30,31,2,2,2,2,32,33,34,2,2,2,35,2,2,2,2,2,2,2,2,2,2,36,37,2,2,2,2,20,11,11,20,20,20,20,20,21,21,21,21,21,21,21,21","0.00387191772460938","infomap","edit-xhwikibooks.graphml"
"0.37","0.52","0.11","0.507847420318502","1,2,1,3,4,3,5,6,3,3,7,8,6,6,6,3,9,10,11,12,2,13,14,6,6,6,6,3,2,15,16,17,18,19,11,20,21,6,2,2,2,2,13,13,13,13,2,13,13,13,2,2,2,2,2,13,13,13,13,2,22,2,2,23,24,2,2,2,2,2,13,2,25,26,2,2,2,2,2,2,2,27,28,29,30,31,2,2,2,2,32,33,34,2,2,2,35,2,2,2,2,2,2,2,2,2,2,36,37,2,2,2,2,20,11,11,20,20,20,20,20,21,21,21,21,21,21,21,21","0.00489592552185059","infomap","edit-xhwikibooks.graphml"
"0.36","0.53","0.11","0.50699160002012","1,2,1,3,4,3,5,6,3,3,7,8,6,6,6,3,9,10,11,12,2,13,14,6,6,6,6,3,2,15,16,17,18,19,11,20,21,6,2,2,2,2,13,13,13,13,2,13,13,13,2,2,2,2,2,13,13,13,13,2,22,2,2,23,24,2,2,2,2,2,13,2,25,26,2,2,2,2,2,2,2,27,28,29,30,31,2,2,2,2,32,33,34,2,2,2,35,2,2,2,2,2,2,2,2,2,2,36,37,2,2,2,2,20,11,11,20,20,20,20,20,21,21,21,21,21,21,21,21","0.00446987152099609","infomap","edit-xhwikibooks.graphml"
"0.35","0.54","0.11","0.53778869259523","1,2,1,3,4,3,5,6,3,3,7,8,6,6,6,3,9,10,11,12,2,13,14,6,6,6,6,3,2,15,16,17,18,19,11,11,20,6,2,2,2,2,13,13,13,13,2,13,13,13,2,2,2,2,2,13,13,13,13,2,21,2,2,22,23,2,2,2,2,2,13,2,24,25,2,2,2,2,2,2,2,26,27,28,29,30,2,2,2,2,31,32,33,2,2,2,34,2,2,2,2,2,2,2,2,2,2,35,36,2,2,2,2,11,11,11,11,11,11,11,11,20,20,20,20,20,20,20,20","0.00372505187988281","infomap","edit-xhwikibooks.graphml"
"0.34","0.55","0.11","0.511200521966072","1,2,1,3,4,3,5,6,3,3,7,8,6,6,6,3,9,10,11,12,2,13,14,6,6,6,6,3,2,15,16,17,18,19,11,20,21,6,2,2,2,2,13,13,13,13,2,13,13,13,2,2,2,2,2,13,13,13,13,2,22,2,2,23,24,2,2,2,2,2,13,2,25,26,2,2,2,2,2,2,2,27,28,29,30,31,2,2,2,2,32,33,34,2,2,2,35,2,2,2,2,2,2,2,2,2,2,36,37,2,2,2,2,20,11,11,20,20,20,20,20,21,21,21,21,21,21,21,21","0.00462198257446289","infomap","edit-xhwikibooks.graphml"
"0.33","0.56","0.11","0.511382996102593","1,2,1,3,4,5,6,7,7,8,9,10,7,7,7,5,11,12,13,14,2,15,16,7,7,7,7,17,18,19,20,21,22,23,13,24,25,7,2,2,2,2,15,15,15,15,2,15,15,15,2,2,2,2,2,15,15,15,15,2,26,2,2,27,28,2,2,2,2,2,15,2,29,30,2,2,2,2,2,2,2,31,32,33,34,35,2,2,2,2,36,37,38,2,2,2,39,2,2,2,2,2,2,2,2,2,2,40,41,2,2,2,2,24,13,13,24,24,24,24,24,25,25,25,25,25,25,25,25","0.00361895561218262","infomap","edit-xhwikibooks.graphml"
"0.32","0.57","0.11","0.510477572942372","1,2,1,3,4,5,6,7,7,8,9,10,7,7,7,5,11,12,13,14,2,15,16,7,7,7,7,17,18,19,20,21,22,23,13,24,25,7,2,2,2,2,15,15,15,15,2,15,15,15,2,2,2,2,2,15,15,15,15,2,26,2,2,27,28,2,2,2,2,2,15,2,29,30,2,2,2,2,2,2,2,31,32,33,34,35,2,2,2,2,36,37,38,2,2,2,39,2,2,2,2,2,2,2,2,2,2,40,41,2,2,2,2,24,13,13,24,24,24,24,24,25,25,25,25,25,25,25,25","0.00407695770263672","infomap","edit-xhwikibooks.graphml"
"0.31","0.58","0.11","0.513283807605137","1,2,1,3,4,5,6,7,7,8,9,10,7,7,7,5,11,12,13,14,2,15,16,7,7,7,7,17,18,19,20,21,22,23,13,24,25,7,2,2,2,2,15,15,15,15,2,15,15,15,2,2,2,2,2,15,15,15,15,2,26,2,2,27,28,2,2,2,2,2,15,2,29,30,2,2,2,2,2,2,2,31,32,33,34,35,2,2,2,2,36,37,38,2,2,2,39,2,2,2,2,2,2,2,2,2,2,40,41,2,2,2,2,24,13,13,24,24,24,24,24,25,25,25,25,25,25,25,25","0.00394296646118164","infomap","edit-xhwikibooks.graphml"
"0.3","0.59","0.11","0.512386008282021","1,2,1,3,4,5,6,7,7,8,9,10,7,7,7,5,11,12,13,14,2,15,16,7,7,7,7,17,18,19,20,21,22,23,13,24,25,7,2,2,2,2,15,15,15,15,2,15,15,15,2,2,2,2,2,15,15,15,15,2,26,2,2,27,28,2,2,2,2,2,15,2,29,30,2,2,2,2,2,2,2,31,32,33,34,35,2,2,2,2,36,37,38,2,2,2,39,2,2,2,2,2,2,2,2,2,2,40,41,2,2,2,2,24,13,13,24,24,24,24,24,25,25,25,25,25,25,25,25","0.00501394271850586","infomap","edit-xhwikibooks.graphml"
"0.29","0.6","0.11","0.516381649843998","1,2,1,3,4,5,6,7,7,8,9,10,7,7,7,5,11,12,13,14,2,15,16,7,7,7,7,17,18,19,20,21,22,23,13,24,25,7,2,2,2,2,15,15,15,15,2,15,15,15,2,2,2,2,2,15,15,15,15,2,26,2,2,27,28,2,2,2,2,2,15,2,29,30,2,2,2,2,2,2,2,31,32,33,34,35,2,2,2,2,36,37,38,2,2,2,39,2,2,2,2,2,2,2,2,2,2,40,41,2,2,2,2,24,13,13,24,24,24,24,24,25,25,25,25,25,25,25,25","0.00357317924499512","infomap","edit-xhwikibooks.graphml"
"0.28","0.61","0.11","0.51548707351587","1,2,1,3,4,5,6,7,7,8,9,10,7,7,7,5,11,12,13,14,2,15,16,7,7,7,7,17,18,19,20,21,22,23,13,24,25,7,2,2,2,2,15,15,15,15,2,15,15,15,2,2,2,2,2,15,15,15,15,2,26,2,2,27,28,2,2,2,2,2,15,2,29,30,2,2,2,2,2,2,2,31,32,33,34,35,2,2,2,2,36,37,38,2,2,2,39,2,2,2,2,2,2,2,2,2,2,40,41,2,2,2,2,24,13,13,24,24,24,24,24,25,25,25,25,25,25,25,25","0.00361394882202148","infomap","edit-xhwikibooks.graphml"
"0.27","0.62","0.11","0.518350890590958","1,2,1,3,4,5,6,7,7,8,9,10,7,7,7,5,11,12,13,14,2,15,16,7,7,7,7,17,18,19,20,21,22,23,13,24,25,7,2,2,2,2,15,15,15,15,2,15,15,15,2,2,2,2,2,15,15,15,15,2,26,2,2,27,28,2,2,2,2,2,15,2,29,30,2,2,2,2,2,2,2,31,32,33,34,35,2,2,2,2,36,37,38,2,2,2,39,2,2,2,2,2,2,2,2,2,2,40,41,2,2,2,2,24,13,13,24,24,24,24,24,25,25,25,25,25,25,25,25","0.00384092330932617","infomap","edit-xhwikibooks.graphml"
"0.26","0.63","0.11","0.519585484158064","1,2,1,3,4,5,6,7,7,8,9,10,7,7,7,5,11,12,13,14,2,15,16,7,7,7,7,17,18,19,20,21,22,23,13,24,25,7,2,2,2,2,15,15,15,15,2,15,15,15,2,2,2,2,2,15,15,15,15,2,26,2,2,27,28,2,2,2,2,2,15,2,29,30,2,2,2,2,2,2,2,31,32,33,34,35,2,2,2,2,36,37,38,2,2,2,39,2,2,2,2,2,2,2,2,2,2,40,41,2,2,2,2,24,13,13,24,24,24,24,24,25,25,25,25,25,25,25,25","0.00430202484130859","infomap","edit-xhwikibooks.graphml"
"0.25","0.64","0.11","0.519585484158064","1,2,1,3,4,5,6,7,7,8,9,10,7,7,7,5,11,12,13,14,2,15,16,7,7,7,7,17,18,19,20,21,22,23,13,24,25,7,2,2,2,2,15,15,15,15,2,15,15,15,2,2,2,2,2,15,15,15,15,2,26,2,2,27,28,2,2,2,2,2,15,2,29,30,2,2,2,2,2,2,2,31,32,33,34,35,2,2,2,2,36,37,38,2,2,2,39,2,2,2,2,2,2,2,2,2,2,40,41,2,2,2,2,24,13,13,24,24,24,24,24,25,25,25,25,25,25,25,25","0.00387191772460938","infomap","edit-xhwikibooks.graphml"
"0.24","0.65","0.11","0.518693425605537","1,2,1,3,4,5,6,7,7,8,9,10,7,7,7,5,11,12,13,14,2,15,16,7,7,7,7,17,18,19,20,21,22,23,13,24,25,7,2,2,2,2,15,15,15,15,2,15,15,15,2,2,2,2,2,15,15,15,15,2,26,2,2,27,28,2,2,2,2,2,15,2,29,30,2,2,2,2,2,2,2,31,32,33,34,35,2,2,2,2,36,37,38,2,2,2,39,2,2,2,2,2,2,2,2,2,2,40,41,2,2,2,2,24,13,13,24,24,24,24,24,25,25,25,25,25,25,25,25","0.00373601913452148","infomap","edit-xhwikibooks.graphml"
"0.23","0.66","0.11","0.518693425605537","1,2,1,3,4,5,6,7,7,8,9,10,7,7,7,5,11,12,13,14,2,15,16,7,7,7,7,17,18,19,20,21,22,23,13,24,25,7,2,2,2,2,15,15,15,15,2,15,15,15,2,2,2,2,2,15,15,15,15,2,26,2,2,27,28,2,2,2,2,2,15,2,29,30,2,2,2,2,2,2,2,31,32,33,34,35,2,2,2,2,36,37,38,2,2,2,39,2,2,2,2,2,2,2,2,2,2,40,41,2,2,2,2,24,13,13,24,24,24,24,24,25,25,25,25,25,25,25,25","0.0044400691986084","infomap","edit-xhwikibooks.graphml"
"0.22","0.67","0.11","0.530662044625044","1,2,1,3,4,5,6,5,7,8,9,10,5,5,7,11,12,13,14,15,2,16,17,5,7,7,7,18,19,20,21,22,23,24,14,25,26,27,2,2,2,2,16,16,16,16,2,16,16,16,2,2,2,2,2,16,16,16,16,2,28,2,2,29,30,2,2,2,2,2,16,2,31,32,2,2,2,2,2,2,2,33,34,35,36,37,2,2,2,2,38,39,40,2,2,2,41,2,2,2,2,2,2,2,2,2,2,42,43,2,2,2,2,25,14,14,25,25,25,25,25,26,26,26,26,26,26,26,26","0.00399184226989746","infomap","edit-xhwikibooks.graphml"
"0.21","0.68","0.11","0.525611486681084","1,2,1,3,4,5,6,5,7,8,9,10,5,5,7,11,12,13,7,14,2,15,16,5,5,5,5,17,18,19,20,21,22,23,7,7,24,25,2,2,2,2,15,15,15,15,2,15,15,15,2,2,2,2,2,15,15,15,15,2,26,2,2,27,28,2,2,2,2,2,15,2,29,30,2,2,2,2,2,2,2,31,32,33,34,35,2,2,2,2,36,37,38,2,2,2,39,2,2,2,2,2,2,2,2,2,2,40,41,2,2,2,2,42,7,7,42,42,42,42,42,24,24,24,24,24,24,24,24","0.00366306304931641","infomap","edit-xhwikibooks.graphml"
"0.2","0.69","0.11","0.522799774817039","1,2,1,3,4,5,6,5,7,8,9,10,7,7,7,11,12,13,14,15,2,16,17,5,18,18,18,19,20,21,22,23,24,25,14,7,26,27,2,2,2,2,16,16,16,16,2,16,16,16,2,2,2,2,2,16,16,16,16,2,28,2,2,29,30,2,2,2,2,2,16,2,31,32,2,2,2,2,2,2,2,33,34,35,36,37,2,2,2,2,38,39,40,2,2,2,41,2,2,2,2,2,2,2,2,2,2,42,43,2,2,2,2,14,14,14,14,14,14,14,14,26,26,26,26,26,26,26,26","0.00346517562866211","infomap","edit-xhwikibooks.graphml"
"0.19","0.7","0.11","0.526582468957716","1,2,1,3,4,5,6,5,7,8,9,10,5,5,7,11,12,13,7,14,2,15,16,5,5,5,5,17,18,19,20,21,22,23,7,7,24,25,2,2,2,2,15,15,15,15,2,15,15,15,2,2,2,2,2,15,15,15,15,2,26,2,2,27,28,2,2,2,2,2,15,2,29,30,2,2,2,2,2,2,2,31,32,33,34,35,2,2,2,2,36,37,38,2,2,2,39,2,2,2,2,2,2,2,2,2,2,40,41,2,2,2,2,42,7,7,42,42,42,42,42,24,24,24,24,24,24,24,24","0.00347685813903809","infomap","edit-xhwikibooks.graphml"
"0.18","0.71","0.11","0.528915289256198","1,2,1,3,4,5,6,5,7,8,9,10,5,5,7,11,12,13,14,15,2,16,17,5,7,7,7,18,19,20,21,22,23,24,14,25,26,27,2,2,2,2,16,16,16,16,2,16,16,16,2,2,2,2,2,16,16,16,16,2,28,2,2,29,30,2,2,2,2,2,16,2,31,32,2,2,2,2,2,2,2,33,34,35,36,37,2,2,2,2,38,39,40,2,2,2,41,2,2,2,2,2,2,2,2,2,2,42,43,2,2,2,2,14,14,14,14,14,14,14,14,26,26,26,26,26,26,26,26","0.0038909912109375","infomap","edit-xhwikibooks.graphml"
"0.17","0.72","0.11","0.527241456972625","1,2,1,3,4,5,6,5,7,8,9,10,7,7,7,11,12,13,14,15,2,16,17,5,18,18,18,19,20,21,22,23,24,25,14,7,26,27,2,2,2,2,16,16,16,16,2,16,16,16,2,2,2,2,2,16,16,16,16,2,28,2,2,29,30,2,2,2,2,2,16,2,31,32,2,2,2,2,2,2,2,33,34,35,36,37,2,2,2,2,38,39,40,2,2,2,41,2,2,2,2,2,2,2,2,2,2,42,43,2,2,2,2,14,14,14,14,14,14,14,14,26,26,26,26,26,26,26,26","0.00343084335327148","infomap","edit-xhwikibooks.graphml"
"0.16","0.73","0.11","0.526397586739296","1,2,1,3,4,5,6,5,7,8,9,10,7,7,7,11,12,13,14,15,2,16,17,5,18,18,18,19,20,21,22,23,24,25,14,7,26,27,2,2,2,2,16,16,16,16,2,16,16,16,2,2,2,2,2,16,16,16,16,2,28,2,2,29,30,2,2,2,2,2,16,2,31,32,2,2,2,2,2,2,2,33,34,35,36,37,2,2,2,2,38,39,40,2,2,2,41,2,2,2,2,2,2,2,2,2,2,42,43,2,2,2,2,14,14,14,14,14,14,14,14,26,26,26,26,26,26,26,26","0.00389981269836426","infomap","edit-xhwikibooks.graphml"
"0.15","0.74","0.11","0.533281698250692","1,2,1,3,4,5,6,5,7,8,9,10,5,5,7,11,12,13,14,15,2,16,17,5,7,7,7,18,19,20,21,22,23,24,14,25,26,27,2,2,2,2,16,16,16,16,2,16,16,16,2,2,2,2,2,16,16,16,16,2,28,2,2,29,30,2,2,2,2,2,16,2,31,32,2,2,2,2,2,2,2,33,34,35,36,37,2,2,2,2,38,39,40,2,2,2,41,2,2,2,2,2,2,2,2,2,2,42,43,2,2,2,2,25,14,14,25,25,25,25,25,26,26,26,26,26,26,26,26","0.00359082221984863","infomap","edit-xhwikibooks.graphml"
"0.14","0.75","0.11","0.537898693252056","1,2,1,3,4,5,6,5,7,8,9,10,5,5,7,11,12,13,14,15,2,16,17,5,7,7,7,18,19,20,21,22,23,24,14,25,26,27,2,2,2,2,16,16,16,16,2,16,16,16,2,2,2,2,2,16,16,16,16,2,28,2,2,29,30,2,2,2,2,2,16,2,31,32,2,2,2,2,2,2,2,33,34,35,36,37,2,2,2,2,38,39,40,2,2,2,41,2,2,2,2,2,2,2,2,2,2,42,43,2,2,2,2,25,14,14,25,25,25,25,25,26,26,26,26,26,26,26,26","0.00342106819152832","infomap","edit-xhwikibooks.graphml"
"0.13","0.76","0.11","0.531297389006501","1,2,1,3,4,5,6,5,7,8,9,10,7,7,7,11,12,13,14,15,2,16,17,5,18,18,18,19,20,21,22,23,24,25,14,7,26,27,2,2,2,2,16,16,16,16,2,16,16,16,2,2,2,2,2,16,16,16,16,2,28,2,2,29,30,2,2,2,2,2,16,2,31,32,2,2,2,2,2,2,2,33,34,35,36,37,2,2,2,2,38,39,40,2,2,2,41,2,2,2,2,2,2,2,2,2,2,42,43,2,2,2,2,14,14,14,14,14,14,14,14,26,26,26,26,26,26,26,26","0.00337481498718262","infomap","edit-xhwikibooks.graphml"
"0.12","0.77","0.11","0.534833265768809","1,2,1,3,4,5,6,5,7,8,9,10,7,7,7,11,12,13,14,15,2,16,17,5,18,18,18,19,20,21,22,23,24,25,14,7,26,27,2,2,2,2,16,16,16,16,2,16,16,16,2,2,2,2,2,16,16,16,16,2,28,2,2,29,30,2,2,2,2,2,16,2,31,32,2,2,2,2,2,2,2,33,34,35,36,37,2,2,2,2,38,39,40,2,2,2,41,2,2,2,2,2,2,2,2,2,2,42,43,2,2,2,2,14,14,14,14,14,14,14,14,26,26,26,26,26,26,26,26","0.00332188606262207","infomap","edit-xhwikibooks.graphml"
"0.11","0.78","0.11","0.537527901785714","1,2,1,3,4,5,6,7,8,9,10,11,12,12,12,13,14,15,16,17,2,18,19,7,20,20,20,21,22,23,24,25,26,27,16,12,28,29,2,2,2,2,18,18,18,18,2,18,18,18,2,2,2,2,2,18,18,18,18,2,30,2,2,31,32,2,2,2,2,2,18,2,33,34,2,2,2,2,2,2,2,35,36,37,38,39,2,2,2,2,40,41,42,2,2,2,43,2,2,2,2,2,2,2,2,2,2,44,45,2,2,2,2,16,16,16,16,16,16,16,16,28,28,28,28,28,28,28,28","0.0036778450012207","infomap","edit-xhwikibooks.graphml"
"0.1","0.79","0.11","0.542418187978316","1,2,1,3,4,5,6,7,8,9,10,11,7,7,12,13,14,15,16,17,2,18,19,7,12,12,12,20,21,22,23,24,25,26,16,27,28,29,2,2,2,2,18,18,18,18,2,18,18,18,2,2,2,2,2,18,18,18,18,2,30,2,2,31,32,2,2,2,2,2,18,2,33,34,2,2,2,2,2,2,2,35,36,37,38,39,2,2,2,2,40,41,42,2,2,2,43,2,2,2,2,2,2,2,2,2,2,44,45,2,2,2,2,27,16,16,27,27,27,27,27,28,28,28,28,28,28,28,28","0.00424814224243164","infomap","edit-xhwikibooks.graphml"
"0.09","0.8","0.11","0.540262830566221","1,2,1,3,4,5,6,7,8,9,10,11,12,12,12,13,14,15,16,17,2,18,19,7,20,20,20,21,22,23,24,25,26,27,16,12,28,29,2,2,2,2,18,18,18,18,2,18,18,18,2,2,2,2,2,18,18,18,18,2,30,2,2,31,32,2,2,2,2,2,18,2,33,34,2,2,2,2,2,2,2,35,36,37,38,39,2,2,2,2,40,41,42,2,2,2,43,2,2,2,2,2,2,2,2,2,2,44,45,2,2,2,2,16,16,16,16,16,16,16,16,28,28,28,28,28,28,28,28","0.00357198715209961","infomap","edit-xhwikibooks.graphml"
"0.08","0.81","0.11","0.540262830566221","1,2,1,3,4,5,6,7,8,9,10,11,12,12,12,13,14,15,16,17,2,18,19,7,20,20,20,21,22,23,24,25,26,27,16,12,28,29,2,2,2,2,18,18,18,18,2,18,18,18,2,2,2,2,2,18,18,18,18,2,30,2,2,31,32,2,2,2,2,2,18,2,33,34,2,2,2,2,2,2,2,35,36,37,38,39,2,2,2,2,40,41,42,2,2,2,43,2,2,2,2,2,2,2,2,2,2,44,45,2,2,2,2,16,16,16,16,16,16,16,16,28,28,28,28,28,28,28,28","0.00354790687561035","infomap","edit-xhwikibooks.graphml"
"0.07","0.82","0.11","0.539411856840786","1,2,1,3,4,5,6,7,8,9,10,11,12,12,12,13,14,15,16,17,2,18,19,7,20,20,20,21,22,23,24,25,26,27,16,12,28,29,2,2,2,2,18,18,18,18,2,18,18,18,2,2,2,2,2,18,18,18,18,2,30,2,2,31,32,2,2,2,2,2,18,2,33,34,2,2,2,2,2,2,2,35,36,37,38,39,2,2,2,2,40,41,42,2,2,2,43,2,2,2,2,2,2,2,2,2,2,44,45,2,2,2,2,16,16,16,16,16,16,16,16,28,28,28,28,28,28,28,28","0.00360393524169922","infomap","edit-xhwikibooks.graphml"
"0.06","0.83","0.11","0.539411856840786","1,2,1,3,4,5,6,7,8,9,10,11,12,12,12,13,14,15,16,17,2,18,19,7,20,20,20,21,22,23,24,25,26,27,16,12,28,29,2,2,2,2,18,18,18,18,2,18,18,18,2,2,2,2,2,18,18,18,18,2,30,2,2,31,32,2,2,2,2,2,18,2,33,34,2,2,2,2,2,2,2,35,36,37,38,39,2,2,2,2,40,41,42,2,2,2,43,2,2,2,2,2,2,2,2,2,2,44,45,2,2,2,2,16,16,16,16,16,16,16,16,28,28,28,28,28,28,28,28","0.00368499755859375","infomap","edit-xhwikibooks.graphml"
"0.05","0.84","0.11","0.542939412757865","1,2,1,3,4,5,6,7,8,9,10,11,7,7,12,13,14,15,16,17,2,18,19,7,12,12,12,20,21,22,23,24,25,26,16,27,28,29,2,2,2,2,18,18,18,18,2,18,18,18,2,2,2,2,2,18,18,18,18,2,30,2,2,31,32,2,2,2,2,2,18,2,33,34,2,2,2,2,2,2,2,35,36,37,38,39,2,2,2,2,40,41,42,2,2,2,43,2,2,2,2,2,2,2,2,2,2,44,45,2,2,2,2,27,16,16,27,27,27,27,27,28,28,28,28,28,28,28,28","0.00410008430480957","infomap","edit-xhwikibooks.graphml"
"0.04","0.85","0.11","0.539642555246951","1,2,1,3,4,5,6,7,8,9,10,11,12,12,12,13,14,15,16,17,2,18,19,7,20,20,20,21,22,23,24,25,26,27,16,12,28,29,2,2,2,2,18,18,18,18,2,18,18,18,2,2,2,2,2,18,18,18,18,2,30,2,2,31,32,2,2,2,2,2,18,2,33,34,2,2,2,2,2,2,2,35,36,37,38,39,2,2,2,2,40,41,42,2,2,2,43,2,2,2,2,2,2,2,2,2,2,44,45,2,2,2,2,16,16,16,16,16,16,16,16,28,28,28,28,28,28,28,28","0.00473308563232422","infomap","edit-xhwikibooks.graphml"
"0.03","0.86","0.11","0.544526229476936","1,2,1,3,4,5,6,7,8,9,10,11,7,7,12,13,14,15,12,16,2,17,18,7,7,7,7,19,20,21,22,23,24,25,12,12,26,27,2,2,2,2,17,17,17,17,2,17,17,17,2,2,2,2,2,17,17,17,17,2,28,2,2,29,30,2,2,2,2,2,17,2,31,32,2,2,2,2,2,2,2,33,34,35,36,37,2,2,2,2,38,39,40,2,2,2,41,2,2,2,2,2,2,2,2,2,2,42,43,2,2,2,2,44,12,12,44,44,44,44,44,26,26,26,26,26,26,26,26","0.00374197959899902","infomap","edit-xhwikibooks.graphml"
"0.02","0.87","0.11","0.544526229476936","1,2,1,3,4,5,6,7,8,9,10,11,7,7,12,13,14,15,12,16,2,17,18,7,7,7,7,19,20,21,22,23,24,25,12,12,26,27,2,2,2,2,17,17,17,17,2,17,17,17,2,2,2,2,2,17,17,17,17,2,28,2,2,29,30,2,2,2,2,2,17,2,31,32,2,2,2,2,2,2,2,33,34,35,36,37,2,2,2,2,38,39,40,2,2,2,41,2,2,2,2,2,2,2,2,2,2,42,43,2,2,2,2,44,12,12,44,44,44,44,44,26,26,26,26,26,26,26,26","0.00421595573425293","infomap","edit-xhwikibooks.graphml"
"0.01","0.88","0.11","0.541204475011985","1,2,1,3,4,5,6,7,8,9,10,11,12,12,12,13,14,15,16,17,2,18,19,7,20,20,20,21,22,23,24,25,26,27,16,12,28,29,2,2,2,2,18,18,18,18,2,18,18,18,2,2,2,2,2,18,18,18,18,2,30,2,2,31,32,2,2,2,2,2,18,2,33,34,2,2,2,2,2,2,2,35,36,37,38,39,2,2,2,2,40,41,42,2,2,2,43,2,2,2,2,2,2,2,2,2,2,44,45,2,2,2,2,16,16,16,16,16,16,16,16,28,28,28,28,28,28,28,28","0.00356507301330566","infomap","edit-xhwikibooks.graphml"
"0","0.89","0.11","0.53309262166405","1,2,1,1,1,3,4,1,5,6,7,8,9,9,10,11,12,13,14,15,2,16,17,1,10,10,10,18,1,19,20,21,22,23,14,14,10,24,2,2,2,2,16,16,16,16,2,16,16,16,2,2,2,2,2,16,16,16,16,2,25,2,2,26,27,2,2,2,2,2,16,2,28,29,2,2,2,2,2,2,2,30,31,32,33,34,2,2,2,2,35,36,37,2,2,2,38,2,2,2,2,2,2,2,2,2,2,39,40,2,2,2,2,41,42,43,41,41,41,41,41,44,45,46,47,48,49,50,51","0.00362396240234375","infomap","edit-xhwikibooks.graphml"
"0.88","0","0.12","0.407258629139536","1,2,1,1,1,3,1,3,3,4,5,1,6,3,3,7,4,5,5,8,9,2,6,6,3,10,11,7,12,4,5,5,8,8,13,14,15,3,9,9,9,9,2,2,2,2,9,2,2,2,9,9,9,9,9,2,2,2,2,9,6,9,9,6,3,9,9,9,9,9,2,9,10,10,9,9,9,9,9,9,9,11,7,7,7,12,9,9,9,9,4,5,5,9,9,9,7,9,9,9,9,9,9,9,9,9,9,8,8,9,9,9,9,13,13,13,14,13,13,14,13,15,15,15,15,15,15,15,15","0.00713992118835449","infomap","edit-xhwikibooks.graphml"
"0.87","0.01","0.12","0.369477700763145","1,2,1,1,1,2,1,2,2,3,4,1,5,2,6,7,3,4,4,8,2,9,5,5,10,11,12,7,13,3,4,4,8,8,14,6,15,6,2,2,2,2,9,9,9,9,2,9,9,9,2,2,2,2,2,9,9,9,9,2,5,2,2,5,10,2,2,2,2,2,9,2,11,11,2,2,2,2,2,2,2,12,7,7,7,13,2,2,2,2,3,4,4,2,2,2,7,2,2,2,2,2,2,2,2,2,2,8,8,2,2,2,2,6,14,14,6,6,14,6,6,15,15,15,15,15,15,15,15","0.0070340633392334","infomap","edit-xhwikibooks.graphml"
"0.86","0.02","0.12","0.402071810310626","1,2,1,1,1,3,1,2,3,4,5,1,6,2,3,7,4,5,5,8,9,2,6,6,10,11,12,7,13,4,5,5,8,8,14,3,15,3,9,9,9,9,2,2,2,2,9,2,2,2,9,9,9,9,9,2,2,2,2,9,6,9,9,6,10,9,9,9,9,9,2,9,11,11,9,9,9,9,9,9,9,12,7,7,7,13,9,9,9,9,4,5,5,9,9,9,7,9,9,9,9,9,9,9,9,9,9,8,8,9,9,9,9,3,14,14,3,14,3,3,3,15,15,15,15,15,15,15,15","0.0066521167755127","infomap","edit-xhwikibooks.graphml"
"0.85","0.03","0.12","0.406627957613587","1,2,1,1,1,3,1,3,3,4,5,1,6,3,3,7,4,5,5,8,9,2,6,6,10,11,3,7,12,4,5,5,8,8,13,14,15,3,9,9,9,9,2,2,2,2,9,2,2,2,9,9,9,9,9,2,2,2,2,9,6,9,9,6,10,9,9,9,9,9,2,9,11,11,9,9,9,9,9,9,9,3,7,7,7,12,9,9,9,9,4,5,5,9,9,9,7,9,9,9,9,9,9,9,9,9,9,8,8,9,9,9,9,14,13,13,14,13,14,14,13,15,15,15,15,15,15,15,15","0.00776004791259766","infomap","edit-xhwikibooks.graphml"
"0.84","0.04","0.12","0.380272898824212","1,2,1,1,1,3,1,2,3,4,5,1,6,2,3,7,4,5,5,8,2,9,6,6,10,11,12,7,13,4,5,5,8,8,14,3,15,3,2,2,2,2,9,9,9,9,2,9,9,9,2,2,2,2,2,9,9,9,9,2,6,2,2,6,10,2,2,2,2,2,9,2,11,11,2,2,2,2,2,2,2,12,7,7,7,13,2,2,2,2,4,5,5,2,2,2,7,2,2,2,2,2,2,2,2,2,2,8,8,2,2,2,2,3,14,14,3,3,3,14,14,15,15,15,15,15,15,15,15","0.00867295265197754","infomap","edit-xhwikibooks.graphml"
"0.83","0.05","0.12","0.402294632951183","1,2,1,1,1,2,1,2,2,3,4,1,5,6,6,7,3,4,4,8,9,2,5,5,6,10,11,7,12,3,4,4,8,8,13,14,15,6,9,9,9,9,2,2,2,2,9,2,2,2,9,9,9,9,9,2,2,2,2,9,5,9,9,5,6,9,9,9,9,9,2,9,10,10,9,9,9,9,9,9,9,11,7,7,7,12,9,9,9,9,3,4,4,9,9,9,7,9,9,9,9,9,9,9,9,9,9,8,8,9,9,9,9,14,13,13,13,13,14,14,14,15,15,15,15,15,15,15,15","0.00800991058349609","infomap","edit-xhwikibooks.graphml"
"0.82","0.06","0.12","0.405813725036982","1,2,1,1,1,3,1,3,3,4,5,1,6,3,3,7,4,5,5,8,9,2,6,6,10,11,3,7,12,4,5,5,8,8,13,14,15,3,9,9,9,9,2,2,2,2,9,2,2,2,9,9,9,9,9,2,2,2,2,9,6,9,9,6,10,9,9,9,9,9,2,9,11,11,9,9,9,9,9,9,9,3,7,7,7,12,9,9,9,9,4,5,5,9,9,9,7,9,9,9,9,9,9,9,9,9,9,8,8,9,9,9,9,13,13,13,13,13,14,13,14,15,15,15,15,15,15,15,15","0.00906705856323242","infomap","edit-xhwikibooks.graphml"
"0.81","0.07","0.12","0.398958531016913","1,2,1,1,1,3,1,3,3,4,5,1,6,3,3,7,4,5,5,8,2,9,6,6,3,10,11,7,12,4,5,5,8,8,13,14,15,3,2,2,2,2,9,9,9,9,2,9,9,9,2,2,2,2,2,9,9,9,9,2,6,2,2,6,3,2,2,2,2,2,9,2,10,10,2,2,2,2,2,2,2,11,7,7,7,12,2,2,2,2,4,5,5,2,2,2,7,2,2,2,2,2,2,2,2,2,2,8,8,2,2,2,2,14,13,13,14,13,13,13,14,15,15,15,15,15,15,15,15","0.00696706771850586","infomap","edit-xhwikibooks.graphml"
"0.8","0.08","0.12","0.403502094732264","1,2,1,1,1,3,1,3,3,4,5,1,6,3,3,7,4,5,5,8,2,9,6,6,3,10,11,7,12,4,5,5,8,8,13,3,14,3,2,2,2,2,9,9,9,9,2,9,9,9,2,2,2,2,2,9,9,9,9,2,6,2,2,6,3,2,2,2,2,2,9,2,10,10,2,2,2,2,2,2,2,11,7,7,7,12,2,2,2,2,4,5,5,2,2,2,7,2,2,2,2,2,2,2,2,2,2,8,8,2,2,2,2,3,13,13,3,13,3,13,13,14,14,14,14,14,14,14,14","0.00651907920837402","infomap","edit-xhwikibooks.graphml"
"0.79","0.09","0.12","0.406183466495731","1,2,1,1,3,1,3,4,1,5,3,6,4,4,7,8,5,3,9,6,10,2,4,4,4,11,12,8,13,5,3,9,6,6,14,7,15,7,10,10,10,10,2,2,2,2,10,2,2,2,10,10,10,10,10,2,2,2,2,10,4,10,10,4,4,10,10,10,10,10,2,10,11,11,10,10,10,10,10,10,10,12,8,8,8,13,10,10,10,10,5,3,9,10,10,10,8,10,10,10,10,10,10,10,10,10,10,6,6,10,10,10,10,7,14,14,14,14,7,7,7,15,15,15,15,15,15,15,15","0.00617194175720215","infomap","edit-xhwikibooks.graphml"
"0.78","0.1","0.12","0.407926215059179","1,2,1,1,1,3,1,4,3,5,6,1,4,4,3,7,5,6,6,8,9,2,4,4,10,11,4,7,12,5,6,6,8,8,13,3,14,3,9,9,9,9,2,2,2,2,9,2,2,2,9,9,9,9,9,2,2,2,2,9,4,9,9,4,10,9,9,9,9,9,2,9,11,11,9,9,9,9,9,9,9,4,7,7,7,12,9,9,9,9,5,6,6,9,9,9,7,9,9,9,9,9,9,9,9,9,9,8,8,9,9,9,9,3,13,13,13,3,13,3,13,14,14,14,14,14,14,14,14","0.00807714462280273","infomap","edit-xhwikibooks.graphml"
"0.77","0.11","0.12","0.404847887628801","1,2,1,1,1,3,1,3,3,4,5,1,6,7,3,8,4,5,5,9,10,2,6,6,7,11,7,8,12,4,5,5,9,9,13,3,14,3,10,10,10,10,2,2,2,2,10,2,2,2,10,10,10,10,10,2,2,2,2,10,6,10,10,6,7,10,10,10,10,10,2,10,11,11,10,10,10,10,10,10,10,7,8,8,8,12,10,10,10,10,4,5,5,10,10,10,8,10,10,10,10,10,10,10,10,10,10,9,9,10,10,10,10,3,13,13,3,13,13,13,13,14,14,14,14,14,14,14,14","0.00724291801452637","infomap","edit-xhwikibooks.graphml"
"0.76","0.12","0.12","0.406014973962006","1,2,1,1,1,3,1,4,3,5,6,1,4,4,3,7,5,6,6,8,2,9,4,4,4,10,11,7,12,5,6,6,8,8,13,3,14,3,2,2,2,2,9,9,9,9,2,9,9,9,2,2,2,2,2,9,9,9,9,2,4,2,2,4,4,2,2,2,2,2,9,2,10,10,2,2,2,2,2,2,2,11,7,7,7,12,2,2,2,2,5,6,6,2,2,2,7,2,2,2,2,2,2,2,2,2,2,8,8,2,2,2,2,13,13,13,3,13,3,3,13,14,14,14,14,14,14,14,14","0.00714802742004395","infomap","edit-xhwikibooks.graphml"
"0.75","0.13","0.12","0.403132512019231","1,2,1,1,1,3,1,4,3,3,5,1,4,4,6,3,3,5,5,7,8,2,4,4,4,9,10,11,2,3,5,5,7,7,12,6,13,6,8,8,8,8,2,2,2,2,8,2,2,2,8,8,8,8,8,2,2,2,2,8,14,8,8,4,4,8,8,8,8,8,2,8,9,9,8,8,8,8,8,8,8,10,11,11,11,15,8,8,8,8,16,17,18,8,8,8,3,8,8,8,8,8,8,8,8,8,8,7,7,8,8,8,8,12,12,12,6,12,6,12,6,13,13,13,13,13,13,13,13","0.00783610343933105","infomap","edit-xhwikibooks.graphml"
"0.74","0.14","0.12","0.40261822762574","1,2,1,1,1,3,1,4,3,5,6,1,4,4,3,7,5,6,6,8,9,2,4,4,10,11,4,7,2,5,6,6,8,8,12,3,13,3,9,9,9,9,2,2,2,2,9,2,2,2,9,9,9,9,9,2,2,2,2,9,14,9,9,4,10,9,9,9,9,9,2,9,11,11,9,9,9,9,9,9,9,4,7,7,7,15,9,9,9,9,16,17,18,9,9,9,7,9,9,9,9,9,9,9,9,9,9,8,8,9,9,9,9,3,12,12,12,12,12,12,3,13,13,13,13,13,13,13,13","0.0102469921112061","infomap","edit-xhwikibooks.graphml"
"0.73","0.15","0.12","0.397818991689498","1,2,1,1,1,3,1,4,3,5,6,1,4,4,3,7,5,6,6,8,2,9,4,4,4,10,11,7,2,5,6,6,8,8,12,3,13,3,2,2,2,2,9,9,9,9,2,9,9,9,2,2,2,2,2,9,9,9,9,2,14,2,2,4,4,2,2,2,2,2,9,2,10,10,2,2,2,2,2,2,2,11,7,7,7,15,2,2,2,2,16,17,18,2,2,2,7,2,2,2,2,2,2,2,2,2,2,8,8,2,2,2,2,3,12,12,12,12,3,12,3,13,13,13,13,13,13,13,13","0.00659489631652832","infomap","edit-xhwikibooks.graphml"
"0.72","0.16","0.12","0.408880385487528","1,2,1,1,1,3,1,4,3,5,6,1,4,4,3,7,5,6,6,8,9,2,4,4,10,11,4,7,2,5,6,6,8,8,12,3,13,3,9,9,9,9,2,2,2,2,9,2,2,2,9,9,9,9,9,2,2,2,2,9,14,9,9,4,10,9,9,9,9,9,2,9,11,11,9,9,9,9,9,9,9,4,7,7,7,15,9,9,9,9,16,17,18,9,9,9,7,9,9,9,9,9,9,9,9,9,9,8,8,9,9,9,9,12,12,12,12,3,12,12,3,13,13,13,13,13,13,13,13","0.0088951587677002","infomap","edit-xhwikibooks.graphml"
"0.71","0.17","0.12","0.407981626648099","1,2,1,1,1,3,1,4,3,5,6,1,4,4,3,7,5,6,6,8,9,2,4,4,10,11,4,7,2,5,6,6,8,8,12,3,13,3,9,9,9,9,2,2,2,2,9,2,2,2,9,9,9,9,9,2,2,2,2,9,14,9,9,4,10,9,9,9,9,9,2,9,11,11,9,9,9,9,9,9,9,4,7,7,7,15,9,9,9,9,16,17,18,9,9,9,7,9,9,9,9,9,9,9,9,9,9,8,8,9,9,9,9,3,12,12,12,12,12,3,3,13,13,13,13,13,13,13,13","0.00931215286254883","infomap","edit-xhwikibooks.graphml"
"0.7","0.18","0.12","0.398783875168363","1,2,1,1,1,3,1,4,3,5,6,1,4,4,3,7,5,6,6,8,2,9,4,4,4,10,11,7,2,5,6,6,8,8,12,3,13,3,2,2,2,2,9,9,9,9,2,9,9,9,2,2,2,2,2,9,9,9,9,2,14,2,2,4,4,2,2,2,2,2,9,2,10,10,2,2,2,2,2,2,2,11,7,7,7,15,2,2,2,2,16,17,18,2,2,2,7,2,2,2,2,2,2,2,2,2,2,8,8,2,2,2,2,12,12,12,12,12,3,3,3,13,13,13,13,13,13,13,13","0.00700688362121582","infomap","edit-xhwikibooks.graphml"
"0.69","0.19","0.12","0.409465112139552","1,2,1,1,1,3,1,4,3,5,6,1,4,4,3,7,5,6,6,8,9,2,4,4,10,11,4,7,2,5,6,6,8,8,12,3,13,3,9,9,9,9,2,2,2,2,9,2,2,2,9,9,9,9,9,2,2,2,2,9,14,9,9,4,10,9,9,9,9,9,2,9,11,11,9,9,9,9,9,9,9,4,7,7,7,15,9,9,9,9,16,17,18,9,9,9,7,9,9,9,9,9,9,9,9,9,9,8,8,9,9,9,9,12,12,12,12,3,3,12,3,13,13,13,13,13,13,13,13","0.00780606269836426","infomap","edit-xhwikibooks.graphml"
"0.68","0.2","0.12","0.413878419184906","1,2,1,1,1,3,1,4,3,5,6,1,4,4,3,7,5,6,6,8,9,2,4,4,4,10,11,7,2,5,6,6,8,8,12,3,13,3,9,9,9,9,2,2,2,2,9,2,2,2,9,9,9,9,9,2,2,2,2,9,14,9,9,4,4,9,9,9,9,9,2,9,10,10,9,9,9,9,9,9,9,11,7,7,7,15,9,9,9,9,16,17,18,9,9,9,7,9,9,9,9,9,9,9,9,9,9,8,8,9,9,9,9,3,12,12,3,12,3,12,3,13,13,13,13,13,13,13,13","0.00794506072998047","infomap","edit-xhwikibooks.graphml"
"0.67","0.21","0.12","0.415597743859025","1,2,1,1,1,3,1,4,3,5,6,1,4,4,3,7,5,6,6,8,9,2,4,4,4,10,4,7,2,5,6,6,8,8,11,3,12,3,9,9,9,9,2,2,2,2,9,2,2,2,9,9,9,9,9,2,2,2,2,9,13,9,9,4,4,9,9,9,9,9,2,9,10,10,9,9,9,9,9,9,9,4,7,7,7,14,9,9,9,9,15,16,17,9,9,9,7,9,9,9,9,9,9,9,9,9,9,8,8,9,9,9,9,11,11,11,11,3,3,11,11,12,12,12,12,12,12,12,12","0.00769400596618652","infomap","edit-xhwikibooks.graphml"
"0.66","0.22","0.12","0.404200226949092","1,2,1,1,1,3,1,4,3,5,6,1,4,4,3,7,5,6,6,8,2,9,4,4,4,10,4,7,2,5,6,6,8,8,11,3,12,3,2,2,2,2,9,9,9,9,2,9,9,9,2,2,2,2,2,9,9,9,9,2,13,2,2,4,4,2,2,2,2,2,9,2,10,10,2,2,2,2,2,2,2,4,7,7,7,14,2,2,2,2,15,16,17,2,2,2,7,2,2,2,2,2,2,2,2,2,2,8,8,2,2,2,2,11,11,11,11,11,3,11,11,12,12,12,12,12,12,12,12","0.00701689720153809","infomap","edit-xhwikibooks.graphml"
"0.65","0.23","0.12","0.419623318287272","1,2,1,1,1,3,1,4,3,5,6,1,4,4,3,7,5,6,6,8,9,2,4,4,4,10,4,7,2,5,6,6,8,8,11,3,12,3,9,9,9,9,2,2,2,2,9,2,2,2,9,9,9,9,9,2,2,2,2,9,13,9,9,4,4,9,9,9,9,9,2,9,10,10,9,9,9,9,9,9,9,4,7,7,7,14,9,9,9,9,15,16,17,9,9,9,7,9,9,9,9,9,9,9,9,9,9,8,8,9,9,9,9,3,11,11,11,11,3,11,11,12,12,12,12,12,12,12,12","0.00633001327514648","infomap","edit-xhwikibooks.graphml"
"0.64","0.24","0.12","0.421617062625557","1,2,1,1,1,3,1,4,3,5,6,1,4,4,3,7,5,6,6,8,9,2,4,4,4,10,4,7,2,5,6,6,8,8,11,3,12,3,9,9,9,9,2,2,2,2,9,2,2,2,9,9,9,9,9,2,2,2,2,9,13,9,9,4,4,9,9,9,9,9,2,9,10,10,9,9,9,9,9,9,9,4,7,7,7,14,9,9,9,9,15,16,17,9,9,9,7,9,9,9,9,9,9,9,9,9,9,8,8,9,9,9,9,3,11,11,11,11,3,11,3,12,12,12,12,12,12,12,12","0.00538301467895508","infomap","edit-xhwikibooks.graphml"
"0.63","0.25","0.12","0.410477639765504","1,2,1,1,3,1,3,4,1,1,3,5,4,4,6,7,8,3,3,5,9,2,4,4,4,10,4,7,2,11,12,3,5,5,13,6,14,6,9,9,9,9,2,2,2,2,9,2,2,2,9,9,9,9,9,2,2,2,2,9,15,9,9,16,17,9,9,9,9,9,2,9,10,10,9,9,9,9,9,9,9,18,7,7,7,19,9,9,9,9,20,21,22,9,9,9,23,9,9,9,9,9,9,9,9,9,9,24,25,9,9,9,9,6,13,13,13,6,6,13,6,14,14,14,14,14,14,14,14","0.0110790729522705","infomap","edit-xhwikibooks.graphml"
"0.62","0.26","0.12","0.401502830731743","1,2,1,1,3,1,3,4,1,1,3,5,4,4,6,7,8,3,3,5,2,9,4,4,4,10,4,7,2,11,12,3,5,5,13,6,14,6,2,2,2,2,9,9,9,9,2,9,9,9,2,2,2,2,2,9,9,9,9,2,15,2,2,16,17,2,2,2,2,2,9,2,10,10,2,2,2,2,2,2,2,18,7,7,7,19,2,2,2,2,20,21,22,2,2,2,23,2,2,2,2,2,2,2,2,2,2,24,25,2,2,2,2,13,13,13,13,13,13,6,13,14,14,14,14,14,14,14,14","0.0115809440612793","infomap","edit-xhwikibooks.graphml"
"0.61","0.27","0.12","0.413138731005035","1,2,1,1,3,1,3,4,1,1,3,5,4,4,6,7,8,3,3,5,9,2,4,4,4,10,4,7,2,11,12,3,5,5,13,6,14,6,9,9,9,9,2,2,2,2,9,2,2,2,9,9,9,9,9,2,2,2,2,9,15,9,9,16,17,9,9,9,9,9,2,9,10,10,9,9,9,9,9,9,9,18,7,7,7,19,9,9,9,9,20,21,22,9,9,9,23,9,9,9,9,9,9,9,9,9,9,24,25,9,9,9,9,13,13,13,13,13,6,13,6,14,14,14,14,14,14,14,14","0.011613130569458","infomap","edit-xhwikibooks.graphml"
"0.6","0.28","0.12","0.412404881630473","1,2,1,1,3,1,3,4,1,1,3,5,4,4,6,7,8,3,3,5,9,2,4,4,4,10,4,7,2,11,12,3,5,5,13,6,14,6,9,9,9,9,2,2,2,2,9,2,2,2,9,9,9,9,9,2,2,2,2,9,15,9,9,16,17,9,9,9,9,9,2,9,10,10,9,9,9,9,9,9,9,18,7,7,7,19,9,9,9,9,20,21,22,9,9,9,23,9,9,9,9,9,9,9,9,9,9,24,25,9,9,9,9,13,13,13,13,6,6,13,13,14,14,14,14,14,14,14,14","0.0107200145721436","infomap","edit-xhwikibooks.graphml"
"0.59","0.29","0.12","0.417005554453482","1,2,1,1,3,1,3,4,1,1,3,5,4,4,6,7,8,3,3,5,9,2,4,4,4,10,4,7,2,11,12,3,5,5,13,6,14,6,9,9,9,9,2,2,2,2,9,2,2,2,9,9,9,9,9,2,2,2,2,9,15,9,9,16,17,9,9,9,9,9,2,9,10,10,9,9,9,9,9,9,9,18,7,7,7,19,9,9,9,9,20,21,22,9,9,9,23,9,9,9,9,9,9,9,9,9,9,24,25,9,9,9,9,13,13,13,13,13,13,13,13,14,14,14,14,14,14,14,14","0.0119459629058838","infomap","edit-xhwikibooks.graphml"
"0.58","0.3","0.12","0.418778386758669","1,2,1,1,3,1,3,4,1,1,3,5,4,4,6,7,8,3,3,5,9,2,4,4,4,10,4,7,2,11,12,3,5,5,13,6,14,6,9,9,9,9,2,2,2,2,9,2,2,2,9,9,9,9,9,2,2,2,2,9,15,9,9,16,17,9,9,9,9,9,2,9,10,10,9,9,9,9,9,9,9,18,7,7,7,19,9,9,9,9,20,21,22,9,9,9,23,9,9,9,9,9,9,9,9,9,9,24,25,9,9,9,9,13,13,13,13,13,6,13,6,14,14,14,14,14,14,14,14","0.011085033416748","infomap","edit-xhwikibooks.graphml"
"0.57","0.31","0.12","0.420914361473802","1,2,1,1,3,1,3,4,1,1,3,5,4,4,6,7,8,3,3,5,9,2,4,4,4,10,4,7,2,11,12,3,5,5,13,6,14,6,9,9,9,9,2,2,2,2,9,2,2,2,9,9,9,9,9,2,2,2,2,9,15,9,9,16,17,9,9,9,9,9,2,9,10,10,9,9,9,9,9,9,9,18,7,7,7,19,9,9,9,9,20,21,22,9,9,9,23,9,9,9,9,9,9,9,9,9,9,24,25,9,9,9,9,13,13,13,13,6,6,13,13,14,14,14,14,14,14,14,14","0.0106370449066162","infomap","edit-xhwikibooks.graphml"
"0.56","0.32","0.12","0.408877771768524","1,2,1,1,3,1,3,4,1,1,3,5,4,4,6,7,8,3,3,5,2,9,4,4,4,10,4,7,2,11,12,3,5,5,13,6,14,6,2,2,2,2,9,9,9,9,2,9,9,9,2,2,2,2,2,9,9,9,9,2,15,2,2,16,17,2,2,2,2,2,9,2,10,10,2,2,2,2,2,2,2,18,7,7,7,19,2,2,2,2,20,21,22,2,2,2,23,2,2,2,2,2,2,2,2,2,2,24,25,2,2,2,2,6,13,13,6,13,6,13,13,14,14,14,14,14,14,14,14","0.0117158889770508","infomap","edit-xhwikibooks.graphml"
"0.55","0.33","0.12","0.420050423546927","1,2,1,1,3,1,3,4,1,1,3,5,4,4,6,7,8,3,3,5,9,2,4,4,4,10,4,7,2,11,12,3,5,5,13,6,14,6,9,9,9,9,2,2,2,2,9,2,2,2,9,9,9,9,9,2,2,2,2,9,15,9,9,16,17,9,9,9,9,9,2,9,10,10,9,9,9,9,9,9,9,18,7,7,7,19,9,9,9,9,20,21,22,9,9,9,23,9,9,9,9,9,9,9,9,9,9,24,25,9,9,9,9,13,13,13,13,6,6,13,6,14,14,14,14,14,14,14,14","0.0110399723052979","infomap","edit-xhwikibooks.graphml"
"0.54","0.34","0.12","0.430126917457999","1,2,1,1,3,1,3,2,1,1,3,4,5,6,6,7,8,3,3,4,2,9,5,5,6,6,6,7,2,10,11,3,4,4,12,13,14,6,2,2,2,2,9,9,9,9,2,9,9,9,2,2,2,2,2,9,9,9,9,2,15,2,2,16,17,2,2,2,2,2,9,2,6,6,2,2,2,2,2,2,2,18,7,7,7,19,2,2,2,2,20,21,22,2,2,2,23,2,2,2,2,2,2,2,2,2,2,24,25,2,2,2,2,13,12,12,12,12,12,13,12,14,14,14,14,14,14,14,14","0.00641107559204102","infomap","edit-xhwikibooks.graphml"
"0.53","0.35","0.12","0.448540601412223","1,2,1,1,3,1,3,2,1,1,3,4,5,6,6,7,8,3,3,4,9,2,5,5,6,6,6,7,2,10,11,3,4,4,12,13,14,6,9,9,9,9,2,2,2,2,9,2,2,2,9,9,9,9,9,2,2,2,2,9,15,9,9,16,17,9,9,9,9,9,2,9,6,6,9,9,9,9,9,9,9,18,7,7,7,19,9,9,9,9,20,21,22,9,9,9,23,9,9,9,9,9,9,9,9,9,9,24,25,9,9,9,9,12,12,12,12,13,12,12,12,14,14,14,14,14,14,14,14","0.00574207305908203","infomap","edit-xhwikibooks.graphml"
"0.52","0.36","0.12","0.429478601186719","1,2,1,1,3,1,3,2,1,1,3,4,5,6,6,7,8,3,3,4,2,9,5,5,6,6,6,7,2,10,11,3,4,4,12,13,14,6,2,2,2,2,9,9,9,9,2,9,9,9,2,2,2,2,2,9,9,9,9,2,15,2,2,16,17,2,2,2,2,2,9,2,6,6,2,2,2,2,2,2,2,18,7,7,7,19,2,2,2,2,20,21,22,2,2,2,23,2,2,2,2,2,2,2,2,2,2,24,25,2,2,2,2,12,12,12,13,12,13,12,13,14,14,14,14,14,14,14,14","0.00489902496337891","infomap","edit-xhwikibooks.graphml"
"0.51","0.37","0.12","0.4154854894192","1,2,1,3,4,3,5,6,3,3,5,7,6,6,6,3,8,9,5,10,2,11,12,6,6,6,6,3,2,13,14,15,10,16,17,18,19,6,2,2,2,2,11,11,11,11,2,11,11,11,2,2,2,2,2,11,11,11,11,2,20,2,2,21,22,2,2,2,2,2,11,2,23,24,2,2,2,2,2,2,2,25,26,27,28,29,2,2,2,2,30,31,32,2,2,2,33,2,2,2,2,2,2,2,2,2,2,34,35,2,2,2,2,18,17,17,17,17,18,18,17,19,19,19,19,19,19,19,19","0.00364995002746582","infomap","edit-xhwikibooks.graphml"
"0.5","0.38","0.12","0.428041111745222","1,2,1,3,4,3,5,6,3,3,5,7,6,6,6,3,8,9,5,10,11,2,12,6,6,6,6,3,2,13,14,15,10,16,17,18,19,6,11,11,11,11,2,2,2,2,11,2,2,2,11,11,11,11,11,2,2,2,2,11,20,11,11,21,22,11,11,11,11,11,2,11,23,24,11,11,11,11,11,11,11,25,26,27,28,29,11,11,11,11,30,31,32,11,11,11,33,11,11,11,11,11,11,11,11,11,11,34,35,11,11,11,11,17,17,17,17,18,17,17,18,19,19,19,19,19,19,19,19","0.00410890579223633","infomap","edit-xhwikibooks.graphml"
"0.49","0.39","0.12","0.459332328144577","1,2,1,3,4,3,5,6,3,3,5,7,6,6,6,3,8,9,5,10,11,2,12,6,6,6,6,3,2,13,14,15,10,16,17,17,18,6,11,11,11,11,2,2,2,2,11,2,2,2,11,11,11,11,11,2,2,2,2,11,19,11,11,20,21,11,11,11,11,11,2,11,22,23,11,11,11,11,11,11,11,24,25,26,27,28,11,11,11,11,29,30,31,11,11,11,32,11,11,11,11,11,11,11,11,11,11,33,34,11,11,11,11,17,17,17,17,17,17,17,17,18,18,18,18,18,18,18,18","0.00382280349731445","infomap","edit-xhwikibooks.graphml"
"0.48","0.4","0.12","0.420225272164592","1,2,1,3,4,3,5,6,3,3,5,7,6,6,6,3,8,9,5,10,2,11,12,6,6,6,6,3,2,13,14,15,10,16,17,18,19,6,2,2,2,2,11,11,11,11,2,11,11,11,2,2,2,2,2,11,11,11,11,2,20,2,2,21,22,2,2,2,2,2,11,2,23,24,2,2,2,2,2,2,2,25,26,27,28,29,2,2,2,2,30,31,32,2,2,2,33,2,2,2,2,2,2,2,2,2,2,34,35,2,2,2,2,18,17,17,18,17,18,18,17,19,19,19,19,19,19,19,19","0.00391602516174316","infomap","edit-xhwikibooks.graphml"
"0.47","0.41","0.12","0.433923830569359","1,2,1,3,4,3,5,6,3,3,5,7,6,6,6,3,8,9,5,10,11,2,12,6,6,6,6,3,2,13,14,15,10,16,17,18,19,6,11,11,11,11,2,2,2,2,11,2,2,2,11,11,11,11,11,2,2,2,2,11,20,11,11,21,22,11,11,11,11,11,2,11,23,24,11,11,11,11,11,11,11,25,26,27,28,29,11,11,11,11,30,31,32,11,11,11,33,11,11,11,11,11,11,11,11,11,11,34,35,11,11,11,11,17,17,17,18,17,17,18,17,19,19,19,19,19,19,19,19","0.00367307662963867","infomap","edit-xhwikibooks.graphml"
"0.46","0.42","0.12","0.448348658284857","1,2,1,3,4,3,5,6,3,3,5,7,6,6,6,3,8,9,5,10,2,11,12,6,6,6,6,3,2,13,14,15,10,16,17,17,18,6,2,2,2,2,11,11,11,11,2,11,11,11,2,2,2,2,2,11,11,11,11,2,19,2,2,20,21,2,2,2,2,2,11,2,22,23,2,2,2,2,2,2,2,24,25,26,27,28,2,2,2,2,29,30,31,2,2,2,32,2,2,2,2,2,2,2,2,2,2,33,34,2,2,2,2,17,17,17,17,17,17,17,17,18,18,18,18,18,18,18,18","0.00379705429077148","infomap","edit-xhwikibooks.graphml"
"0.45","0.43","0.12","0.466244834710744","1,2,1,3,4,3,5,6,3,3,5,7,6,6,6,3,8,9,5,10,11,2,12,6,6,6,6,3,2,13,14,15,10,16,17,17,18,6,11,11,11,11,2,2,2,2,11,2,2,2,11,11,11,11,11,2,2,2,2,11,19,11,11,20,21,11,11,11,11,11,2,11,22,23,11,11,11,11,11,11,11,24,25,26,27,28,11,11,11,11,29,30,31,11,11,11,32,11,11,11,11,11,11,11,11,11,11,33,34,11,11,11,11,17,17,17,17,17,17,17,17,18,18,18,18,18,18,18,18","0.00388979911804199","infomap","edit-xhwikibooks.graphml"
"0.44","0.44","0.12","0.436860156004957","1,2,1,3,4,3,5,6,3,3,5,7,6,6,6,3,8,9,5,10,11,2,12,6,6,6,6,3,2,13,14,15,10,16,17,18,19,6,11,11,11,11,2,2,2,2,11,2,2,2,11,11,11,11,11,2,2,2,2,11,20,11,11,21,22,11,11,11,11,11,2,11,23,24,11,11,11,11,11,11,11,25,26,27,28,29,11,11,11,11,30,31,32,11,11,11,33,11,11,11,11,11,11,11,11,11,11,34,35,11,11,11,11,18,17,17,17,17,17,18,17,19,19,19,19,19,19,19,19","0.0039060115814209","infomap","edit-xhwikibooks.graphml"
"0.43","0.45","0.12","0.415581056425774","1,2,1,3,4,3,5,6,3,3,5,7,6,6,6,3,8,9,5,10,2,11,12,6,6,6,6,3,2,13,14,15,10,16,17,17,18,6,2,2,2,2,11,11,11,11,2,11,11,11,2,2,2,2,2,11,11,11,11,2,19,2,2,20,21,2,2,2,2,2,11,2,22,23,2,2,2,2,2,2,2,24,25,26,27,28,2,2,2,2,29,30,31,2,2,2,32,2,2,2,2,2,2,2,2,2,2,33,34,2,2,2,2,17,17,17,17,17,17,17,17,18,18,18,18,18,18,18,18","0.00365900993347168","infomap","edit-xhwikibooks.graphml"
"0.42","0.46","0.12","0.414790311418685","1,2,1,3,4,3,5,6,3,3,5,7,6,6,6,3,8,9,5,10,2,11,12,6,6,6,6,3,2,13,14,15,10,16,17,17,18,6,2,2,2,2,11,11,11,11,2,11,11,11,2,2,2,2,2,11,11,11,11,2,19,2,2,20,21,2,2,2,2,2,11,2,22,23,2,2,2,2,2,2,2,24,25,26,27,28,2,2,2,2,29,30,31,2,2,2,32,2,2,2,2,2,2,2,2,2,2,33,34,2,2,2,2,17,17,17,17,17,17,17,17,18,18,18,18,18,18,18,18","0.00367593765258789","infomap","edit-xhwikibooks.graphml"
"0.41","0.47","0.12","0.41727556260883","1,2,1,3,4,3,5,6,3,3,5,7,6,6,6,3,8,9,5,10,2,11,12,6,6,6,6,3,2,13,14,15,10,16,17,17,18,6,2,2,2,2,11,11,11,11,2,11,11,11,2,2,2,2,2,11,11,11,11,2,19,2,2,20,21,2,2,2,2,2,11,2,22,23,2,2,2,2,2,2,2,24,25,26,27,28,2,2,2,2,29,30,31,2,2,2,32,2,2,2,2,2,2,2,2,2,2,33,34,2,2,2,2,17,17,17,17,17,17,17,17,18,18,18,18,18,18,18,18","0.0037381649017334","infomap","edit-xhwikibooks.graphml"
"0.4","0.48","0.12","0.416486132211552","1,2,1,3,4,3,5,6,3,3,5,7,6,6,6,3,8,9,5,10,2,11,12,6,6,6,6,3,2,13,14,15,10,16,17,17,18,6,2,2,2,2,11,11,11,11,2,11,11,11,2,2,2,2,2,11,11,11,11,2,19,2,2,20,21,2,2,2,2,2,11,2,22,23,2,2,2,2,2,2,2,24,25,26,27,28,2,2,2,2,29,30,31,2,2,2,32,2,2,2,2,2,2,2,2,2,2,33,34,2,2,2,2,17,17,17,17,17,17,17,17,18,18,18,18,18,18,18,18","0.00377178192138672","infomap","edit-xhwikibooks.graphml"
"0.39","0.49","0.12","0.410407952118192","1,2,1,3,4,3,5,6,3,3,7,8,6,6,6,3,9,10,11,12,2,13,14,6,6,6,6,3,2,15,16,17,18,19,11,11,20,6,2,2,2,2,13,13,13,13,2,13,13,13,2,2,2,2,2,13,13,13,13,2,21,2,2,22,23,2,2,2,2,2,13,2,24,25,2,2,2,2,2,2,2,26,27,28,29,30,2,2,2,2,31,32,33,2,2,2,34,2,2,2,2,2,2,2,2,2,2,35,36,2,2,2,2,11,11,11,11,11,11,11,11,20,20,20,20,20,20,20,20","0.00352907180786133","infomap","edit-xhwikibooks.graphml"
"0.38","0.5","0.12","0.470135614949923","1,2,1,3,4,3,5,6,3,3,7,8,6,6,6,3,9,10,11,12,2,13,14,6,6,6,6,3,2,15,16,17,18,19,11,20,21,6,2,2,2,2,13,13,13,13,2,13,13,13,2,2,2,2,2,13,13,13,13,2,22,2,2,23,24,2,2,2,2,2,13,2,25,26,2,2,2,2,2,2,2,27,28,29,30,31,2,2,2,2,32,33,34,2,2,2,35,2,2,2,2,2,2,2,2,2,2,36,37,2,2,2,2,20,11,11,20,20,20,20,20,21,21,21,21,21,21,21,21","0.00433897972106934","infomap","edit-xhwikibooks.graphml"
"0.37","0.51","0.12","0.496763062542905","1,2,1,3,4,3,5,6,3,3,7,8,6,6,6,3,9,10,11,12,2,13,14,6,6,6,6,3,2,15,16,17,18,19,11,11,20,6,2,2,2,2,13,13,13,13,2,13,13,13,2,2,2,2,2,13,13,13,13,2,21,2,2,22,23,2,2,2,2,2,13,2,24,25,2,2,2,2,2,2,2,26,27,28,29,30,2,2,2,2,31,32,33,2,2,2,34,2,2,2,2,2,2,2,2,2,2,35,36,2,2,2,2,11,11,11,11,11,11,11,11,20,20,20,20,20,20,20,20","0.00362086296081543","infomap","edit-xhwikibooks.graphml"
"0.36","0.52","0.12","0.470135614949923","1,2,1,3,4,3,5,6,3,3,7,8,6,6,6,3,9,10,11,12,2,13,14,6,6,6,6,3,2,15,16,17,18,19,11,20,21,6,2,2,2,2,13,13,13,13,2,13,13,13,2,2,2,2,2,13,13,13,13,2,22,2,2,23,24,2,2,2,2,2,13,2,25,26,2,2,2,2,2,2,2,27,28,29,30,31,2,2,2,2,32,33,34,2,2,2,35,2,2,2,2,2,2,2,2,2,2,36,37,2,2,2,2,20,11,11,20,20,20,20,20,21,21,21,21,21,21,21,21","0.00445199012756348","infomap","edit-xhwikibooks.graphml"
"0.35","0.53","0.12","0.469386600271616","1,2,1,3,4,3,5,6,3,3,7,8,6,6,6,3,9,10,11,12,2,13,14,6,6,6,6,3,2,15,16,17,18,19,11,20,21,6,2,2,2,2,13,13,13,13,2,13,13,13,2,2,2,2,2,13,13,13,13,2,22,2,2,23,24,2,2,2,2,2,13,2,25,26,2,2,2,2,2,2,2,27,28,29,30,31,2,2,2,2,32,33,34,2,2,2,35,2,2,2,2,2,2,2,2,2,2,36,37,2,2,2,2,20,11,11,20,20,20,20,20,21,21,21,21,21,21,21,21","0.00536417961120605","infomap","edit-xhwikibooks.graphml"
"0.34","0.54","0.12","0.471353356683391","1,2,1,3,4,3,5,6,3,3,7,8,6,6,6,3,9,10,11,12,2,13,14,6,6,6,6,3,2,15,16,17,18,19,11,20,21,6,2,2,2,2,13,13,13,13,2,13,13,13,2,2,2,2,2,13,13,13,13,2,22,2,2,23,24,2,2,2,2,2,13,2,25,26,2,2,2,2,2,2,2,27,28,29,30,31,2,2,2,2,32,33,34,2,2,2,35,2,2,2,2,2,2,2,2,2,2,36,37,2,2,2,2,20,11,11,20,20,20,20,20,21,21,21,21,21,21,21,21","0.0045170783996582","infomap","edit-xhwikibooks.graphml"
"0.33","0.55","0.12","0.470606057885665","1,2,1,3,4,3,5,6,3,3,7,8,6,6,6,3,9,10,11,12,2,13,14,6,6,6,6,3,2,15,16,17,18,19,11,20,21,6,2,2,2,2,13,13,13,13,2,13,13,13,2,2,2,2,2,13,13,13,13,2,22,2,2,23,24,2,2,2,2,2,13,2,25,26,2,2,2,2,2,2,2,27,28,29,30,31,2,2,2,2,32,33,34,2,2,2,35,2,2,2,2,2,2,2,2,2,2,36,37,2,2,2,2,20,11,11,20,20,20,20,20,21,21,21,21,21,21,21,21","0.00367999076843262","infomap","edit-xhwikibooks.graphml"
"0.32","0.56","0.12","0.500652050063202","1,2,1,3,4,3,5,6,3,3,7,8,6,6,6,3,9,10,11,12,2,13,14,6,6,6,6,3,2,15,16,17,18,19,11,11,20,6,2,2,2,2,13,13,13,13,2,13,13,13,2,2,2,2,2,13,13,13,13,2,21,2,2,22,23,2,2,2,2,2,13,2,24,25,2,2,2,2,2,2,2,26,27,28,29,30,2,2,2,2,31,32,33,2,2,2,34,2,2,2,2,2,2,2,2,2,2,35,36,2,2,2,2,11,11,11,11,11,11,11,11,20,20,20,20,20,20,20,20","0.00363802909851074","infomap","edit-xhwikibooks.graphml"
"0.31","0.57","0.12","0.473841551246538","1,2,1,3,4,3,5,6,3,3,7,8,6,6,6,3,9,10,11,12,2,13,14,6,6,6,6,3,2,15,16,17,18,19,11,20,21,6,2,2,2,2,13,13,13,13,2,13,13,13,2,2,2,2,2,13,13,13,13,2,22,2,2,23,24,2,2,2,2,2,13,2,25,26,2,2,2,2,2,2,2,27,28,29,30,31,2,2,2,2,32,33,34,2,2,2,35,2,2,2,2,2,2,2,2,2,2,36,37,2,2,2,2,20,11,11,20,20,20,20,20,21,21,21,21,21,21,21,21","0.00427579879760742","infomap","edit-xhwikibooks.graphml"
"0.3","0.58","0.12","0.476657008805868","1,2,1,3,4,3,5,6,3,3,7,8,6,6,6,3,9,10,11,12,2,13,14,6,6,6,6,3,2,15,16,17,18,19,11,20,21,6,2,2,2,2,13,13,13,13,2,13,13,13,2,2,2,2,2,13,13,13,13,2,22,2,2,23,24,2,2,2,2,2,13,2,25,26,2,2,2,2,2,2,2,27,28,29,30,31,2,2,2,2,32,33,34,2,2,2,35,2,2,2,2,2,2,2,2,2,2,36,37,2,2,2,2,20,11,11,20,20,20,20,20,21,21,21,21,21,21,21,21","0.00363302230834961","infomap","edit-xhwikibooks.graphml"
"0.29","0.59","0.12","0.475915376937862","1,2,1,3,4,3,5,6,3,3,7,8,6,6,6,3,9,10,11,12,2,13,14,6,6,6,6,3,2,15,16,17,18,19,11,20,21,6,2,2,2,2,13,13,13,13,2,13,13,13,2,2,2,2,2,13,13,13,13,2,22,2,2,23,24,2,2,2,2,2,13,2,25,26,2,2,2,2,2,2,2,27,28,29,30,31,2,2,2,2,32,33,34,2,2,2,35,2,2,2,2,2,2,2,2,2,2,36,37,2,2,2,2,20,11,11,20,20,20,20,20,21,21,21,21,21,21,21,21","0.00441813468933105","infomap","edit-xhwikibooks.graphml"
"0.28","0.6","0.12","0.47963355967514","1,2,1,3,4,3,5,6,3,3,7,8,6,6,6,3,9,10,11,12,2,13,14,6,6,6,6,3,2,15,16,17,18,19,11,20,21,6,2,2,2,2,13,13,13,13,2,13,13,13,2,2,2,2,2,13,13,13,13,2,22,2,2,23,24,2,2,2,2,2,13,2,25,26,2,2,2,2,2,2,2,27,28,29,30,31,2,2,2,2,32,33,34,2,2,2,35,2,2,2,2,2,2,2,2,2,2,36,37,2,2,2,2,20,11,11,20,20,20,20,20,21,21,21,21,21,21,21,21","0.0050971508026123","infomap","edit-xhwikibooks.graphml"
"0.27","0.61","0.12","0.47480315655674","1,2,1,3,4,5,6,7,7,8,9,10,7,7,7,5,11,12,13,14,2,15,16,7,7,7,7,17,18,19,20,21,22,23,13,24,25,7,2,2,2,2,15,15,15,15,2,15,15,15,2,2,2,2,2,15,15,15,15,2,26,2,2,27,28,2,2,2,2,2,15,2,29,30,2,2,2,2,2,2,2,31,32,33,34,35,2,2,2,2,36,37,38,2,2,2,39,2,2,2,2,2,2,2,2,2,2,40,41,2,2,2,2,24,13,13,24,24,24,24,24,25,25,25,25,25,25,25,25","0.00501394271850586","infomap","edit-xhwikibooks.graphml"
"0.26","0.62","0.12","0.47672164866896","1,2,1,3,4,5,6,7,7,8,9,10,7,7,7,5,11,12,13,14,2,15,16,7,7,7,7,17,18,19,20,21,22,23,13,24,25,7,2,2,2,2,15,15,15,15,2,15,15,15,2,2,2,2,2,15,15,15,15,2,26,2,2,27,28,2,2,2,2,2,15,2,29,30,2,2,2,2,2,2,2,31,32,33,34,35,2,2,2,2,36,37,38,2,2,2,39,2,2,2,2,2,2,2,2,2,2,40,41,2,2,2,2,24,13,13,24,24,24,24,24,25,25,25,25,25,25,25,25","0.00403690338134766","infomap","edit-xhwikibooks.graphml"
"0.25","0.63","0.12","0.478404034152571","1,2,1,3,4,5,6,5,5,7,8,9,5,5,5,5,10,11,12,13,2,14,15,5,5,5,5,16,17,18,19,20,21,22,12,23,24,5,2,2,2,2,14,14,14,14,2,14,14,14,2,2,2,2,2,14,14,14,14,2,25,2,2,26,27,2,2,2,2,2,14,2,28,29,2,2,2,2,2,2,2,30,31,32,33,34,2,2,2,2,35,36,37,2,2,2,38,2,2,2,2,2,2,2,2,2,2,39,40,2,2,2,2,23,12,12,23,23,23,23,23,24,24,24,24,24,24,24,24","0.00348091125488281","infomap","edit-xhwikibooks.graphml"
"0.24","0.64","0.12","0.478018314076386","1,2,1,3,4,5,6,7,7,8,9,10,7,7,7,5,11,12,13,14,2,15,16,7,7,7,7,17,18,19,20,21,22,23,13,24,25,7,2,2,2,2,15,15,15,15,2,15,15,15,2,2,2,2,2,15,15,15,15,2,26,2,2,27,28,2,2,2,2,2,15,2,29,30,2,2,2,2,2,2,2,31,32,33,34,35,2,2,2,2,36,37,38,2,2,2,39,2,2,2,2,2,2,2,2,2,2,40,41,2,2,2,2,24,13,13,24,24,24,24,24,25,25,25,25,25,25,25,25","0.0039069652557373","infomap","edit-xhwikibooks.graphml"
"0.23","0.65","0.12","0.541448108900168","1,2,1,3,4,5,6,7,7,8,9,10,7,7,7,5,11,12,13,14,2,15,16,7,7,7,7,17,18,19,20,21,22,23,13,13,24,7,2,2,2,2,15,15,15,15,2,15,15,15,2,2,2,2,2,15,15,15,15,2,25,2,2,26,27,2,2,2,2,2,15,2,28,29,2,2,2,2,2,2,2,30,31,32,33,34,2,2,2,2,35,36,37,2,2,2,38,2,2,2,2,2,2,2,2,2,2,39,40,2,2,2,2,13,13,13,13,13,13,13,13,24,24,24,24,24,24,24,24","0.0036170482635498","infomap","edit-xhwikibooks.graphml"
"0.22","0.66","0.12","0.513718702881777","1,2,1,3,4,5,6,7,7,8,9,10,7,7,7,5,11,12,13,14,2,15,16,7,7,7,7,17,18,19,20,21,22,23,13,24,25,7,2,2,2,2,15,15,15,15,2,15,15,15,2,2,2,2,2,15,15,15,15,2,26,2,2,27,28,2,2,2,2,2,15,2,29,30,2,2,2,2,2,2,2,31,32,33,34,35,2,2,2,2,36,37,38,2,2,2,39,2,2,2,2,2,2,2,2,2,2,40,41,2,2,2,2,24,13,13,24,24,24,24,24,25,25,25,25,25,25,25,25","0.00413703918457031","infomap","edit-xhwikibooks.graphml"
"0.21","0.67","0.12","0.530128818805462","1,2,1,3,4,5,6,5,7,8,9,10,5,5,7,5,11,12,13,14,2,15,16,5,7,7,7,17,18,19,20,21,22,23,13,24,25,7,2,2,2,2,15,15,15,15,2,15,15,15,2,2,2,2,2,15,15,15,15,2,26,2,2,27,28,2,2,2,2,2,15,2,29,30,2,2,2,2,2,2,2,31,32,33,34,35,2,2,2,2,36,37,38,2,2,2,39,2,2,2,2,2,2,2,2,2,2,40,41,2,2,2,2,24,13,13,24,24,24,24,24,25,25,25,25,25,25,25,25","0.00618696212768555","infomap","edit-xhwikibooks.graphml"
"0.2","0.68","0.12","0.53386499047931","1,2,1,3,4,5,6,5,7,8,9,10,5,5,7,5,11,12,13,14,2,15,16,5,7,7,7,17,18,19,20,21,22,23,13,24,25,7,2,2,2,2,15,15,15,15,2,15,15,15,2,2,2,2,2,15,15,15,15,2,26,2,2,27,28,2,2,2,2,2,15,2,29,30,2,2,2,2,2,2,2,31,32,33,34,35,2,2,2,2,36,37,38,2,2,2,39,2,2,2,2,2,2,2,2,2,2,40,41,2,2,2,2,24,13,13,24,24,24,24,24,25,25,25,25,25,25,25,25","0.00358104705810547","infomap","edit-xhwikibooks.graphml"
"0.19","0.69","0.12","0.533001442045565","1,2,1,3,4,5,6,5,7,8,9,10,5,5,7,5,11,12,13,14,2,15,16,5,7,7,7,17,18,19,20,21,22,23,13,24,25,7,2,2,2,2,15,15,15,15,2,15,15,15,2,2,2,2,2,15,15,15,15,2,26,2,2,27,28,2,2,2,2,2,15,2,29,30,2,2,2,2,2,2,2,31,32,33,34,35,2,2,2,2,36,37,38,2,2,2,39,2,2,2,2,2,2,2,2,2,2,40,41,2,2,2,2,24,13,13,24,24,24,24,24,25,25,25,25,25,25,25,25","0.00363707542419434","infomap","edit-xhwikibooks.graphml"
"0.18","0.7","0.12","0.534778021264508","1,2,1,3,4,5,6,5,7,8,9,10,5,5,7,5,11,12,13,14,2,15,16,5,7,7,7,17,18,19,20,21,22,23,13,24,25,7,2,2,2,2,15,15,15,15,2,15,15,15,2,2,2,2,2,15,15,15,15,2,26,2,2,27,28,2,2,2,2,2,15,2,29,30,2,2,2,2,2,2,2,31,32,33,34,35,2,2,2,2,36,37,38,2,2,2,39,2,2,2,2,2,2,2,2,2,2,40,41,2,2,2,2,24,13,13,24,24,24,24,24,25,25,25,25,25,25,25,25","0.00375103950500488","infomap","edit-xhwikibooks.graphml"
"0.17","0.71","0.12","0.53391743466734","1,2,1,3,4,5,6,5,7,8,9,10,5,5,7,5,11,12,13,14,2,15,16,5,7,7,7,17,18,19,20,21,22,23,13,24,25,7,2,2,2,2,15,15,15,15,2,15,15,15,2,2,2,2,2,15,15,15,15,2,26,2,2,27,28,2,2,2,2,2,15,2,29,30,2,2,2,2,2,2,2,31,32,33,34,35,2,2,2,2,36,37,38,2,2,2,39,2,2,2,2,2,2,2,2,2,2,40,41,2,2,2,2,24,13,13,24,24,24,24,24,25,25,25,25,25,25,25,25","0.00359702110290527","infomap","edit-xhwikibooks.graphml"
"0.16","0.72","0.12","0.537268091026931","1,2,1,3,4,5,6,5,7,8,9,10,5,5,7,5,11,12,13,14,2,15,16,5,7,7,7,17,18,19,20,21,22,23,13,24,25,7,2,2,2,2,15,15,15,15,2,15,15,15,2,2,2,2,2,15,15,15,15,2,26,2,2,27,28,2,2,2,2,2,15,2,29,30,2,2,2,2,2,2,2,31,32,33,34,35,2,2,2,2,36,37,38,2,2,2,39,2,2,2,2,2,2,2,2,2,2,40,41,2,2,2,2,24,13,13,24,24,24,24,24,25,25,25,25,25,25,25,25","0.00369381904602051","infomap","edit-xhwikibooks.graphml"
"0.15","0.73","0.12","0.526516853932584","1,2,1,3,4,5,6,5,7,8,9,10,5,5,7,11,12,13,7,14,2,15,16,5,5,5,5,17,18,19,20,21,22,23,7,7,24,25,2,2,2,2,15,15,15,15,2,15,15,15,2,2,2,2,2,15,15,15,15,2,26,2,2,27,28,2,2,2,2,2,15,2,29,30,2,2,2,2,2,2,2,31,32,33,34,35,2,2,2,2,36,37,38,2,2,2,39,2,2,2,2,2,2,2,2,2,2,40,41,2,2,2,2,42,7,7,42,42,42,42,42,24,24,24,24,24,24,24,24","0.00331282615661621","infomap","edit-xhwikibooks.graphml"
"0.14","0.74","0.12","0.524716576189875","1,2,1,3,4,5,6,5,7,8,9,10,7,7,7,11,12,13,14,15,2,16,17,5,18,18,18,19,20,21,22,23,24,25,14,7,26,27,2,2,2,2,16,16,16,16,2,16,16,16,2,2,2,2,2,16,16,16,16,2,28,2,2,29,30,2,2,2,2,2,16,2,31,32,2,2,2,2,2,2,2,33,34,35,36,37,2,2,2,2,38,39,40,2,2,2,41,2,2,2,2,2,2,2,2,2,2,42,43,2,2,2,2,14,14,14,14,14,14,14,14,26,26,26,26,26,26,26,26","0.00350499153137207","infomap","edit-xhwikibooks.graphml"
"0.13","0.75","0.12","0.529620388787754","1,2,1,3,4,5,6,5,7,8,9,10,7,7,7,11,12,13,14,15,2,16,17,5,18,18,18,19,20,21,22,23,24,25,14,7,26,27,2,2,2,2,16,16,16,16,2,16,16,16,2,2,2,2,2,16,16,16,16,2,28,2,2,29,30,2,2,2,2,2,16,2,31,32,2,2,2,2,2,2,2,33,34,35,36,37,2,2,2,2,38,39,40,2,2,2,41,2,2,2,2,2,2,2,2,2,2,42,43,2,2,2,2,14,14,14,14,14,14,14,14,26,26,26,26,26,26,26,26","0.0032498836517334","infomap","edit-xhwikibooks.graphml"
"0.12","0.76","0.12","0.532901234567902","1,2,1,3,4,5,6,5,7,8,9,10,5,5,7,11,12,13,7,14,2,15,16,5,5,5,5,17,18,19,20,21,22,23,7,7,24,25,2,2,2,2,15,15,15,15,2,15,15,15,2,2,2,2,2,15,15,15,15,2,26,2,2,27,28,2,2,2,2,2,15,2,29,30,2,2,2,2,2,2,2,31,32,33,34,35,2,2,2,2,36,37,38,2,2,2,39,2,2,2,2,2,2,2,2,2,2,40,41,2,2,2,2,42,7,7,42,42,42,42,42,24,24,24,24,24,24,24,24","0.00330400466918945","infomap","edit-xhwikibooks.graphml"
"0.11","0.77","0.12","0.53919012345679","1,2,1,3,4,5,6,5,7,8,9,10,5,5,7,11,12,13,14,15,2,16,17,5,7,7,7,18,19,20,21,22,23,24,14,25,26,27,2,2,2,2,16,16,16,16,2,16,16,16,2,2,2,2,2,16,16,16,16,2,28,2,2,29,30,2,2,2,2,2,16,2,31,32,2,2,2,2,2,2,2,33,34,35,36,37,2,2,2,2,38,39,40,2,2,2,41,2,2,2,2,2,2,2,2,2,2,42,43,2,2,2,2,14,14,14,14,14,14,14,14,26,26,26,26,26,26,26,26","0.0034630298614502","infomap","edit-xhwikibooks.graphml"
"0.1","0.78","0.12","0.535761415901725","1,2,1,3,4,5,6,5,7,8,9,10,7,7,7,11,12,13,14,15,2,16,17,5,18,18,18,19,20,21,22,23,24,25,14,7,26,27,2,2,2,2,16,16,16,16,2,16,16,16,2,2,2,2,2,16,16,16,16,2,28,2,2,29,30,2,2,2,2,2,16,2,31,32,2,2,2,2,2,2,2,33,34,35,36,37,2,2,2,2,38,39,40,2,2,2,41,2,2,2,2,2,2,2,2,2,2,42,43,2,2,2,2,14,14,14,14,14,14,14,14,26,26,26,26,26,26,26,26","0.00339603424072266","infomap","edit-xhwikibooks.graphml"
"0.09","0.79","0.12","0.540787711773953","1,2,1,3,4,5,6,5,7,8,9,10,5,5,7,11,12,13,14,15,2,16,17,5,7,7,7,18,19,20,21,22,23,24,14,25,26,27,2,2,2,2,16,16,16,16,2,16,16,16,2,2,2,2,2,16,16,16,16,2,28,2,2,29,30,2,2,2,2,2,16,2,31,32,2,2,2,2,2,2,2,33,34,35,36,37,2,2,2,2,38,39,40,2,2,2,41,2,2,2,2,2,2,2,2,2,2,42,43,2,2,2,2,14,14,14,14,14,14,14,14,26,26,26,26,26,26,26,26","0.00326395034790039","infomap","edit-xhwikibooks.graphml"
"0.08","0.8","0.12","0.545020565097272","1,2,1,3,4,5,6,5,7,8,9,10,5,5,7,11,12,13,14,15,2,16,17,5,7,7,7,18,19,20,21,22,23,24,14,25,26,27,2,2,2,2,16,16,16,16,2,16,16,16,2,2,2,2,2,16,16,16,16,2,28,2,2,29,30,2,2,2,2,2,16,2,31,32,2,2,2,2,2,2,2,33,34,35,36,37,2,2,2,2,38,39,40,2,2,2,41,2,2,2,2,2,2,2,2,2,2,42,43,2,2,2,2,25,14,14,25,25,25,25,25,26,26,26,26,26,26,26,26","0.0033869743347168","infomap","edit-xhwikibooks.graphml"
"0.07","0.81","0.12","0.545020565097272","1,2,1,3,4,5,6,5,7,8,9,10,5,5,7,11,12,13,14,15,2,16,17,5,7,7,7,18,19,20,21,22,23,24,14,25,26,27,2,2,2,2,16,16,16,16,2,16,16,16,2,2,2,2,2,16,16,16,16,2,28,2,2,29,30,2,2,2,2,2,16,2,31,32,2,2,2,2,2,2,2,33,34,35,36,37,2,2,2,2,38,39,40,2,2,2,41,2,2,2,2,2,2,2,2,2,2,42,43,2,2,2,2,25,14,14,25,25,25,25,25,26,26,26,26,26,26,26,26","0.00333786010742188","infomap","edit-xhwikibooks.graphml"
"0.06","0.82","0.12","0.537532655746458","1,2,1,3,4,5,6,5,7,8,9,10,7,7,7,11,12,13,14,15,2,16,17,5,18,18,18,19,20,21,22,23,24,25,14,7,26,27,2,2,2,2,16,16,16,16,2,16,16,16,2,2,2,2,2,16,16,16,16,2,28,2,2,29,30,2,2,2,2,2,16,2,31,32,2,2,2,2,2,2,2,33,34,35,36,37,2,2,2,2,38,39,40,2,2,2,41,2,2,2,2,2,2,2,2,2,2,42,43,2,2,2,2,14,14,14,14,14,14,14,14,26,26,26,26,26,26,26,26","0.00333714485168457","infomap","edit-xhwikibooks.graphml"
"0.05","0.83","0.12","0.537532655746458","1,2,1,3,4,5,6,5,7,8,9,10,7,7,7,11,12,13,14,15,2,16,17,5,18,18,18,19,20,21,22,23,24,25,14,7,26,27,2,2,2,2,16,16,16,16,2,16,16,16,2,2,2,2,2,16,16,16,16,2,28,2,2,29,30,2,2,2,2,2,16,2,31,32,2,2,2,2,2,2,2,33,34,35,36,37,2,2,2,2,38,39,40,2,2,2,41,2,2,2,2,2,2,2,2,2,2,42,43,2,2,2,2,14,14,14,14,14,14,14,14,26,26,26,26,26,26,26,26","0.00339293479919434","infomap","edit-xhwikibooks.graphml"
"0.04","0.84","0.12","0.542778827977315","1,2,1,3,4,5,6,5,7,8,9,10,5,5,7,11,12,13,14,15,2,16,17,5,7,7,7,18,19,20,21,22,23,24,14,25,26,27,2,2,2,2,16,16,16,16,2,16,16,16,2,2,2,2,2,16,16,16,16,2,28,2,2,29,30,2,2,2,2,2,16,2,31,32,2,2,2,2,2,2,2,33,34,35,36,37,2,2,2,2,38,39,40,2,2,2,41,2,2,2,2,2,2,2,2,2,2,42,43,2,2,2,2,25,14,14,25,25,25,25,25,26,26,26,26,26,26,26,26","0.00386905670166016","infomap","edit-xhwikibooks.graphml"
"0.03","0.85","0.12","0.537041115830098","1,2,1,3,4,5,6,7,8,9,10,11,12,12,12,13,14,15,16,17,2,18,19,7,20,20,20,21,22,23,24,25,26,27,16,12,28,29,2,2,2,2,18,18,18,18,2,18,18,18,2,2,2,2,2,18,18,18,18,2,30,2,2,31,32,2,2,2,2,2,18,2,33,34,2,2,2,2,2,2,2,35,36,37,38,39,2,2,2,2,40,41,42,2,2,2,43,2,2,2,2,2,2,2,2,2,2,44,45,2,2,2,2,16,16,16,16,16,16,16,16,28,28,28,28,28,28,28,28","0.00351905822753906","infomap","edit-xhwikibooks.graphml"
"0.02","0.86","0.12","0.539449432892249","1,2,1,3,4,5,6,7,8,9,10,11,12,12,12,13,14,15,16,17,2,18,19,7,20,20,20,21,22,23,24,25,26,27,16,12,28,29,2,2,2,2,18,18,18,18,2,18,18,18,2,2,2,2,2,18,18,18,18,2,30,2,2,31,32,2,2,2,2,2,18,2,33,34,2,2,2,2,2,2,2,35,36,37,38,39,2,2,2,2,40,41,42,2,2,2,43,2,2,2,2,2,2,2,2,2,2,44,45,2,2,2,2,16,16,16,16,16,16,16,16,28,28,28,28,28,28,28,28","0.00353193283081055","infomap","edit-xhwikibooks.graphml"
"0.01","0.87","0.12","0.539449432892249","1,2,1,3,4,5,6,7,8,9,10,11,12,12,12,13,14,15,16,17,2,18,19,7,20,20,20,21,22,23,24,25,26,27,16,12,28,29,2,2,2,2,18,18,18,18,2,18,18,18,2,2,2,2,2,18,18,18,18,2,30,2,2,31,32,2,2,2,2,2,18,2,33,34,2,2,2,2,2,2,2,35,36,37,38,39,2,2,2,2,40,41,42,2,2,2,43,2,2,2,2,2,2,2,2,2,2,44,45,2,2,2,2,16,16,16,16,16,16,16,16,28,28,28,28,28,28,28,28","0.0036780834197998","infomap","edit-xhwikibooks.graphml"
"0","0.88","0.12","0.540737544743955","1,2,1,1,1,3,4,1,5,6,7,8,9,9,9,10,11,12,13,14,2,15,16,1,17,17,17,18,1,19,20,21,22,23,13,9,24,25,2,2,2,2,15,15,15,15,2,15,15,15,2,2,2,2,2,15,15,15,15,2,26,2,2,27,28,2,2,2,2,2,15,2,29,30,2,2,2,2,2,2,2,31,32,33,34,35,2,2,2,2,36,37,38,2,2,2,39,2,2,2,2,2,2,2,2,2,2,40,41,2,2,2,2,13,13,13,13,13,13,13,13,24,24,24,24,24,24,24,24","0.00356602668762207","infomap","edit-xhwikibooks.graphml"
"0.87","0","0.13","0.363064819944598","1,2,1,1,1,2,1,2,3,4,5,1,6,2,3,7,4,5,5,8,2,9,6,6,10,11,12,7,13,4,5,5,8,8,14,15,3,3,2,2,2,2,9,9,9,9,2,9,9,9,2,2,2,2,2,9,9,9,9,2,6,2,2,6,10,2,2,2,2,2,9,2,11,11,2,2,2,2,2,2,2,12,7,7,7,13,2,2,2,2,4,5,5,2,2,2,7,2,2,2,2,2,2,2,2,2,2,8,8,2,2,2,2,15,14,14,15,15,14,15,15,3,3,3,3,3,3,3,3","0.00996613502502441","infomap","edit-xhwikibooks.graphml"
"0.86","0.01","0.13","0.398969529085872","1,2,1,1,1,3,1,3,3,4,5,1,6,3,7,8,4,5,5,9,10,2,6,6,11,12,13,8,14,4,5,5,9,9,15,16,7,7,10,10,10,10,2,2,2,2,10,2,2,2,10,10,10,10,10,2,2,2,2,10,6,10,10,6,11,10,10,10,10,10,2,10,12,12,10,10,10,10,10,10,10,13,8,8,8,14,10,10,10,10,4,5,5,10,10,10,8,10,10,10,10,10,10,10,10,10,10,9,9,10,10,10,10,16,15,15,15,16,15,16,15,7,7,7,7,7,7,7,7","0.0116720199584961","infomap","edit-xhwikibooks.graphml"
"0.85","0.02","0.13","0.398739058171745","1,2,1,1,1,3,1,3,4,5,6,1,7,3,4,8,5,6,6,9,10,2,7,7,11,12,13,8,14,5,6,6,9,9,15,16,4,4,10,10,10,10,2,2,2,2,10,2,2,2,10,10,10,10,10,2,2,2,2,10,7,10,10,7,11,10,10,10,10,10,2,10,12,12,10,10,10,10,10,10,10,13,8,8,8,14,10,10,10,10,5,6,6,10,10,10,8,10,10,10,10,10,10,10,10,10,10,9,9,10,10,10,10,15,15,15,16,15,15,15,16,4,4,4,4,4,4,4,4","0.0133380889892578","infomap","edit-xhwikibooks.graphml"
"0.84","0.03","0.13","0.388937928112421","1,2,1,1,1,3,1,3,3,4,5,1,6,3,7,8,4,5,5,9,2,10,6,6,11,12,13,8,14,4,5,5,9,9,15,16,7,7,2,2,2,2,10,10,10,10,2,10,10,10,2,2,2,2,2,10,10,10,10,2,6,2,2,6,11,2,2,2,2,2,10,2,12,12,2,2,2,2,2,2,2,13,8,8,8,14,2,2,2,2,4,5,5,2,2,2,8,2,2,2,2,2,2,2,2,2,2,9,9,2,2,2,2,16,15,15,16,16,16,16,16,7,7,7,7,7,7,7,7","0.0117571353912354","infomap","edit-xhwikibooks.graphml"
"0.83","0.04","0.13","0.39834095402867","1,2,1,1,1,3,1,3,3,4,5,1,6,3,7,8,4,5,5,9,10,2,6,6,11,12,13,8,14,4,5,5,9,9,15,16,7,7,10,10,10,10,2,2,2,2,10,2,2,2,10,10,10,10,10,2,2,2,2,10,6,10,10,6,11,10,10,10,10,10,2,10,12,12,10,10,10,10,10,10,10,13,8,8,8,14,10,10,10,10,4,5,5,10,10,10,8,10,10,10,10,10,10,10,10,10,10,9,9,10,10,10,10,16,15,15,15,16,16,15,15,7,7,7,7,7,7,7,7","0.0108721256256104","infomap","edit-xhwikibooks.graphml"
"0.82","0.05","0.13","0.372545240041617","1,2,1,1,1,3,1,2,3,4,5,1,6,2,3,7,4,5,5,8,9,2,6,6,10,11,12,7,13,4,5,5,8,8,14,3,15,3,9,9,9,9,2,2,2,2,9,2,2,2,9,9,9,9,9,2,2,2,2,9,6,9,9,6,10,9,9,9,9,9,2,9,11,11,9,9,9,9,9,9,9,12,7,7,7,13,9,9,9,9,4,5,5,9,9,9,7,9,9,9,9,9,9,9,9,9,9,8,8,9,9,9,9,3,14,14,14,3,3,14,14,15,15,15,15,15,15,15,15","0.00851917266845703","infomap","edit-xhwikibooks.graphml"
"0.81","0.06","0.13","0.371976255945303","1,2,1,1,1,2,1,2,2,3,4,1,5,2,6,7,3,4,4,8,9,2,5,5,10,11,12,7,13,3,4,4,8,8,14,6,15,6,9,9,9,9,2,2,2,2,9,2,2,2,9,9,9,9,9,2,2,2,2,9,5,9,9,5,10,9,9,9,9,9,2,9,11,11,9,9,9,9,9,9,9,12,7,7,7,13,9,9,9,9,3,4,4,9,9,9,7,9,9,9,9,9,9,9,9,9,9,8,8,9,9,9,9,6,14,14,6,14,6,14,14,15,15,15,15,15,15,15,15","0.0079808235168457","infomap","edit-xhwikibooks.graphml"
"0.8","0.07","0.13","0.34761937796277","1,2,1,1,1,3,1,2,3,4,5,1,6,2,3,7,4,5,5,8,2,9,6,6,10,11,12,7,13,4,5,5,8,8,14,3,15,3,2,2,2,2,9,9,9,9,2,9,9,9,2,2,2,2,2,9,9,9,9,2,6,2,2,6,10,2,2,2,2,2,9,2,11,11,2,2,2,2,2,2,2,12,7,7,7,13,2,2,2,2,4,5,5,2,2,2,7,2,2,2,2,2,2,2,2,2,2,8,8,2,2,2,2,14,14,14,3,14,14,14,3,15,15,15,15,15,15,15,15","0.00578117370605469","infomap","edit-xhwikibooks.graphml"
"0.79","0.08","0.13","0.373482657628617","1,2,1,1,1,2,1,2,2,3,4,1,5,2,6,7,3,4,4,8,9,2,5,5,10,11,12,7,13,3,4,4,8,8,14,6,15,6,9,9,9,9,2,2,2,2,9,2,2,2,9,9,9,9,9,2,2,2,2,9,5,9,9,5,10,9,9,9,9,9,2,9,11,11,9,9,9,9,9,9,9,12,7,7,7,13,9,9,9,9,3,4,4,9,9,9,7,9,9,9,9,9,9,9,9,9,9,8,8,9,9,9,9,6,14,14,6,14,6,14,14,15,15,15,15,15,15,15,15","0.00821614265441895","infomap","edit-xhwikibooks.graphml"
"0.78","0.09","0.13","0.372103464790289","1,2,1,1,1,2,1,2,2,3,4,1,5,6,6,7,3,4,4,8,9,2,5,5,6,10,11,7,12,3,4,4,8,8,13,14,15,6,9,9,9,9,2,2,2,2,9,2,2,2,9,9,9,9,9,2,2,2,2,9,5,9,9,5,6,9,9,9,9,9,2,9,10,10,9,9,9,9,9,9,9,11,7,7,7,12,9,9,9,9,3,4,4,9,9,9,7,9,9,9,9,9,9,9,9,9,9,8,8,9,9,9,9,13,13,13,13,14,13,13,14,15,15,15,15,15,15,15,15","0.00817584991455078","infomap","edit-xhwikibooks.graphml"
"0.77","0.1","0.13","0.365283482841828","1,2,1,1,1,3,1,3,3,4,5,1,6,3,3,7,4,5,5,8,2,9,6,6,10,11,12,7,13,4,5,5,8,8,14,3,15,3,2,2,2,2,9,9,9,9,2,9,9,9,2,2,2,2,2,9,9,9,9,2,6,2,2,6,10,2,2,2,2,2,9,2,11,11,2,2,2,2,2,2,2,12,7,7,7,13,2,2,2,2,4,5,5,2,2,2,7,2,2,2,2,2,2,2,2,2,2,8,8,2,2,2,2,3,14,14,14,14,3,14,3,15,15,15,15,15,15,15,15","0.00806593894958496","infomap","edit-xhwikibooks.graphml"
"0.76","0.11","0.13","0.349368835658837","1,2,1,1,1,2,1,2,2,3,4,1,5,6,6,7,3,4,4,8,2,9,5,5,10,11,6,7,12,3,4,4,8,8,13,14,15,6,2,2,2,2,9,9,9,9,2,9,9,9,2,2,2,2,2,9,9,9,9,2,5,2,2,5,10,2,2,2,2,2,9,2,11,11,2,2,2,2,2,2,2,6,7,7,7,12,2,2,2,2,3,4,4,2,2,2,7,2,2,2,2,2,2,2,2,2,2,8,8,2,2,2,2,14,13,13,13,13,13,14,14,15,15,15,15,15,15,15,15","0.0072939395904541","infomap","edit-xhwikibooks.graphml"
"0.75","0.12","0.13","0.410148718206663","1,2,1,1,1,3,1,3,3,4,5,1,6,3,3,7,4,5,5,8,9,2,6,6,10,11,3,7,12,4,5,5,8,8,13,14,15,3,9,9,9,9,2,2,2,2,9,2,2,2,9,9,9,9,9,2,2,2,2,9,6,9,9,6,10,9,9,9,9,9,2,9,11,11,9,9,9,9,9,9,9,3,7,7,7,12,9,9,9,9,4,5,5,9,9,9,7,9,9,9,9,9,9,9,9,9,9,8,8,9,9,9,9,13,13,13,14,14,14,14,13,15,15,15,15,15,15,15,15","0.00800919532775879","infomap","edit-xhwikibooks.graphml"
"0.74","0.13","0.13","0.404119571021716","1,2,1,1,1,2,1,2,2,3,4,1,5,2,6,7,3,4,4,8,9,2,5,5,10,11,12,7,13,3,4,4,8,8,14,6,15,6,9,9,9,9,2,2,2,2,9,2,2,2,9,9,9,9,9,2,2,2,2,9,5,9,9,5,10,9,9,9,9,9,2,9,11,11,9,9,9,9,9,9,9,12,7,7,7,13,9,9,9,9,3,4,4,9,9,9,7,9,9,9,9,9,9,9,9,9,9,8,8,9,9,9,9,14,14,14,14,14,6,6,6,15,15,15,15,15,15,15,15","0.0281538963317871","infomap","edit-xhwikibooks.graphml"
"0.73","0.14","0.13","0.40046194769909","1,2,1,1,1,3,1,4,3,5,6,1,4,4,3,7,5,6,6,8,9,2,4,4,10,11,4,7,2,5,6,6,8,8,12,3,13,3,9,9,9,9,2,2,2,2,9,2,2,2,9,9,9,9,9,2,2,2,2,9,14,9,9,4,10,9,9,9,9,9,2,9,11,11,9,9,9,9,9,9,9,4,7,7,7,15,9,9,9,9,16,17,18,9,9,9,7,9,9,9,9,9,9,9,9,9,9,8,8,9,9,9,9,12,12,12,12,12,3,12,12,13,13,13,13,13,13,13,13","0.00777506828308105","infomap","edit-xhwikibooks.graphml"
"0.72","0.15","0.13","0.403711170009658","1,2,1,1,1,3,1,4,3,5,6,1,4,4,3,7,5,6,6,8,9,2,4,4,10,11,4,7,2,5,6,6,8,8,12,3,13,3,9,9,9,9,2,2,2,2,9,2,2,2,9,9,9,9,9,2,2,2,2,9,14,9,9,4,10,9,9,9,9,9,2,9,11,11,9,9,9,9,9,9,9,4,7,7,7,15,9,9,9,9,16,17,18,9,9,9,7,9,9,9,9,9,9,9,9,9,9,8,8,9,9,9,9,3,12,12,3,3,3,3,12,13,13,13,13,13,13,13,13","0.0105540752410889","infomap","edit-xhwikibooks.graphml"
"0.71","0.16","0.13","0.398350742473272","1,2,1,1,1,3,1,4,3,5,6,1,4,4,3,7,5,6,6,8,2,9,4,4,4,10,11,7,2,5,6,6,8,8,12,3,13,3,2,2,2,2,9,9,9,9,2,9,9,9,2,2,2,2,2,9,9,9,9,2,14,2,2,4,4,2,2,2,2,2,9,2,10,10,2,2,2,2,2,2,2,11,7,7,7,15,2,2,2,2,16,17,18,2,2,2,7,2,2,2,2,2,2,2,2,2,2,8,8,2,2,2,2,12,12,12,3,3,3,3,3,13,13,13,13,13,13,13,13","0.00811409950256348","infomap","edit-xhwikibooks.graphml"
"0.7","0.17","0.13","0.398768166089966","1,2,1,1,3,1,3,4,1,5,3,6,4,4,7,8,5,3,3,6,2,9,4,4,4,10,11,8,2,5,3,3,6,6,12,7,13,7,2,2,2,2,9,9,9,9,2,9,9,9,2,2,2,2,2,9,9,9,9,2,14,2,2,4,4,2,2,2,2,2,9,2,10,10,2,2,2,2,2,2,2,11,8,8,8,15,2,2,2,2,16,17,18,2,2,2,8,2,2,2,2,2,2,2,2,2,2,6,6,2,2,2,2,7,12,12,7,12,12,7,7,13,13,13,13,13,13,13,13","0.0106651782989502","infomap","edit-xhwikibooks.graphml"
"0.69","0.18","0.13","0.408","1,2,1,1,1,3,1,4,3,5,6,1,4,4,3,7,5,6,6,8,9,2,4,4,10,11,4,7,2,5,6,6,8,8,12,3,13,3,9,9,9,9,2,2,2,2,9,2,2,2,9,9,9,9,9,2,2,2,2,9,14,9,9,4,10,9,9,9,9,9,2,9,11,11,9,9,9,9,9,9,9,4,7,7,7,15,9,9,9,9,16,17,18,9,9,9,7,9,9,9,9,9,9,9,9,9,9,8,8,9,9,9,9,12,12,12,12,12,3,3,12,13,13,13,13,13,13,13,13","0.00935602188110352","infomap","edit-xhwikibooks.graphml"
"0.68","0.19","0.13","0.406566157508431","1,2,1,1,1,3,1,4,3,5,6,1,4,4,3,7,5,6,6,8,9,2,4,4,4,10,11,7,2,5,6,6,8,8,12,3,13,3,9,9,9,9,2,2,2,2,9,2,2,2,9,9,9,9,9,2,2,2,2,9,14,9,9,4,4,9,9,9,9,9,2,9,10,10,9,9,9,9,9,9,9,11,7,7,7,15,9,9,9,9,16,17,18,9,9,9,7,9,9,9,9,9,9,9,9,9,9,8,8,9,9,9,9,3,12,12,3,12,3,3,3,13,13,13,13,13,13,13,13","0.0070350170135498","infomap","edit-xhwikibooks.graphml"
"0.67","0.2","0.13","0.408695628439165","1,2,1,1,1,2,1,3,2,4,5,1,3,3,6,7,4,5,5,8,9,2,3,3,10,11,3,7,2,4,5,5,8,8,12,6,13,6,9,9,9,9,2,2,2,2,9,2,2,2,9,9,9,9,9,2,2,2,2,9,14,9,9,3,10,9,9,9,9,9,2,9,11,11,9,9,9,9,9,9,9,3,7,7,7,15,9,9,9,9,16,17,18,9,9,9,7,9,9,9,9,9,9,9,9,9,9,8,8,9,9,9,9,6,12,12,6,6,12,12,6,13,13,13,13,13,13,13,13","0.00843286514282227","infomap","edit-xhwikibooks.graphml"
"0.66","0.21","0.13","0.410843236018061","1,2,1,1,1,3,1,4,3,5,6,1,4,4,3,7,5,6,6,8,9,2,4,4,4,10,11,7,2,5,6,6,8,8,12,3,13,3,9,9,9,9,2,2,2,2,9,2,2,2,9,9,9,9,9,2,2,2,2,9,14,9,9,4,4,9,9,9,9,9,2,9,10,10,9,9,9,9,9,9,9,11,7,7,7,15,9,9,9,9,16,17,18,9,9,9,7,9,9,9,9,9,9,9,9,9,9,8,8,9,9,9,9,3,12,12,3,3,12,3,12,13,13,13,13,13,13,13,13","0.0100750923156738","infomap","edit-xhwikibooks.graphml"
"0.65","0.22","0.13","0.400753093060785","1,2,1,1,1,3,1,4,3,5,6,1,4,4,3,7,5,6,6,8,2,9,4,4,4,10,11,7,2,5,6,6,8,8,12,3,13,3,2,2,2,2,9,9,9,9,2,9,9,9,2,2,2,2,2,9,9,9,9,2,14,2,2,4,4,2,2,2,2,2,9,2,10,10,2,2,2,2,2,2,2,11,7,7,7,15,2,2,2,2,16,17,18,2,2,2,7,2,2,2,2,2,2,2,2,2,2,8,8,2,2,2,2,12,12,12,3,3,3,12,12,13,13,13,13,13,13,13,13","0.0052800178527832","infomap","edit-xhwikibooks.graphml"
"0.64","0.23","0.13","0.415262774348422","1,2,1,1,1,3,1,4,3,5,6,1,4,4,3,7,5,6,6,8,9,2,4,4,10,11,4,7,2,5,6,6,8,8,12,3,13,3,9,9,9,9,2,2,2,2,9,2,2,2,9,9,9,9,9,2,2,2,2,9,14,9,9,4,10,9,9,9,9,9,2,9,11,11,9,9,9,9,9,9,9,4,7,7,7,15,9,9,9,9,16,17,18,9,9,9,7,9,9,9,9,9,9,9,9,9,9,8,8,9,9,9,9,12,12,12,12,3,12,12,3,13,13,13,13,13,13,13,13","0.0084078311920166","infomap","edit-xhwikibooks.graphml"
"0.63","0.24","0.13","0.419742402684279","1,2,1,1,1,3,1,4,3,5,6,1,4,4,3,7,5,6,6,8,9,2,4,4,4,10,11,7,2,5,6,6,8,8,12,3,13,3,9,9,9,9,2,2,2,2,9,2,2,2,9,9,9,9,9,2,2,2,2,9,14,9,9,4,4,9,9,9,9,9,2,9,10,10,9,9,9,9,9,9,9,11,7,7,7,15,9,9,9,9,16,17,18,9,9,9,7,9,9,9,9,9,9,9,9,9,9,8,8,9,9,9,9,3,12,12,12,12,12,12,3,13,13,13,13,13,13,13,13","0.0061800479888916","infomap","edit-xhwikibooks.graphml"
"0.62","0.25","0.13","0.416659248359681","1,2,1,1,1,3,1,4,3,5,6,1,4,4,3,7,5,6,6,8,2,9,4,4,4,10,11,7,2,5,6,6,8,8,12,3,13,3,2,2,2,2,9,9,9,9,2,9,9,9,2,2,2,2,2,9,9,9,9,2,14,2,2,4,4,2,2,2,2,2,9,2,10,10,2,2,2,2,2,2,2,11,7,7,7,15,2,2,2,2,16,17,18,2,2,2,7,2,2,2,2,2,2,2,2,2,2,8,8,2,2,2,2,3,12,12,12,3,3,3,12,13,13,13,13,13,13,13,13","0.00669097900390625","infomap","edit-xhwikibooks.graphml"
"0.61","0.26","0.13","0.426802255863517","1,2,1,1,1,3,1,4,3,5,6,1,4,4,3,7,5,6,6,8,9,2,4,4,10,11,4,7,2,5,6,6,8,8,12,3,13,3,9,9,9,9,2,2,2,2,9,2,2,2,9,9,9,9,9,2,2,2,2,9,14,9,9,4,10,9,9,9,9,9,2,9,11,11,9,9,9,9,9,9,9,4,7,7,7,15,9,9,9,9,16,17,18,9,9,9,7,9,9,9,9,9,9,9,9,9,9,8,8,9,9,9,9,12,12,12,3,3,12,12,12,13,13,13,13,13,13,13,13","0.00996899604797363","infomap","edit-xhwikibooks.graphml"
"0.6","0.27","0.13","0.405412742898826","1,2,1,1,3,1,3,4,1,1,3,5,4,4,6,7,8,3,3,5,2,9,4,4,6,10,6,7,2,11,12,3,5,5,13,6,14,6,2,2,2,2,9,9,9,9,2,9,9,9,2,2,2,2,2,9,9,9,9,2,15,2,2,16,17,2,2,2,2,2,9,2,10,10,2,2,2,2,2,2,2,18,7,7,7,19,2,2,2,2,20,21,22,2,2,2,23,2,2,2,2,2,2,2,2,2,2,24,25,2,2,2,2,13,13,13,6,6,13,13,6,14,14,14,14,14,14,14,14","0.0055229663848877","infomap","edit-xhwikibooks.graphml"
"0.59","0.28","0.13","0.401672635164643","1,2,1,1,3,1,3,4,1,1,3,5,4,4,6,7,8,3,3,5,2,9,4,4,6,10,6,7,2,11,12,3,5,5,13,14,15,6,2,2,2,2,9,9,9,9,2,9,9,9,2,2,2,2,2,9,9,9,9,2,16,2,2,17,18,2,2,2,2,2,9,2,10,10,2,2,2,2,2,2,2,19,7,7,7,20,2,2,2,2,21,22,23,2,2,2,24,2,2,2,2,2,2,2,2,2,2,25,26,2,2,2,2,14,13,13,13,13,14,14,13,15,15,15,15,15,15,15,15","0.00709104537963867","infomap","edit-xhwikibooks.graphml"
"0.58","0.29","0.13","0.406587344510546","1,2,1,1,3,1,3,4,1,1,3,5,4,4,6,7,8,3,3,5,2,9,4,4,6,10,6,7,2,11,12,3,5,5,13,14,15,6,2,2,2,2,9,9,9,9,2,9,9,9,2,2,2,2,2,9,9,9,9,2,16,2,2,17,18,2,2,2,2,2,9,2,10,10,2,2,2,2,2,2,2,19,7,7,7,20,2,2,2,2,21,22,23,2,2,2,24,2,2,2,2,2,2,2,2,2,2,25,26,2,2,2,2,13,13,13,14,13,14,14,13,15,15,15,15,15,15,15,15","0.00702381134033203","infomap","edit-xhwikibooks.graphml"
"0.57","0.3","0.13","0.418475115740741","1,2,1,1,3,1,3,4,1,1,3,5,4,4,6,7,8,3,3,5,9,2,4,4,6,10,6,7,2,11,12,3,5,5,13,14,15,6,9,9,9,9,2,2,2,2,9,2,2,2,9,9,9,9,9,2,2,2,2,9,16,9,9,17,18,9,9,9,9,9,2,9,10,10,9,9,9,9,9,9,9,19,7,7,7,20,9,9,9,9,21,22,23,9,9,9,24,9,9,9,9,9,9,9,9,9,9,25,26,9,9,9,9,14,13,13,13,14,13,13,13,15,15,15,15,15,15,15,15","0.00421404838562012","infomap","edit-xhwikibooks.graphml"
"0.56","0.31","0.13","0.41928069226609","1,2,1,1,3,1,3,4,1,1,3,5,4,4,6,7,8,3,3,5,9,2,4,4,4,10,4,7,2,11,12,3,5,5,13,6,14,6,9,9,9,9,2,2,2,2,9,2,2,2,9,9,9,9,9,2,2,2,2,9,15,9,9,16,17,9,9,9,9,9,2,9,10,10,9,9,9,9,9,9,9,18,7,7,7,19,9,9,9,9,20,21,22,9,9,9,23,9,9,9,9,9,9,9,9,9,9,24,25,9,9,9,9,6,13,13,13,6,13,13,13,14,14,14,14,14,14,14,14","0.0111699104309082","infomap","edit-xhwikibooks.graphml"
"0.55","0.32","0.13","0.418467816172393","1,2,1,1,3,1,3,4,1,1,3,5,4,4,6,7,8,3,3,5,9,2,4,4,4,10,4,7,2,11,12,3,5,5,13,6,14,6,9,9,9,9,2,2,2,2,9,2,2,2,9,9,9,9,9,2,2,2,2,9,15,9,9,16,17,9,9,9,9,9,2,9,10,10,9,9,9,9,9,9,9,18,7,7,7,19,9,9,9,9,20,21,22,9,9,9,23,9,9,9,9,9,9,9,9,9,9,24,25,9,9,9,9,13,13,13,6,6,13,13,6,14,14,14,14,14,14,14,14","0.0104990005493164","infomap","edit-xhwikibooks.graphml"
"0.54","0.33","0.13","0.408145412653894","1,2,1,1,3,1,3,4,1,1,3,5,4,4,6,7,8,3,3,5,2,9,4,4,4,10,4,7,2,11,12,3,5,5,13,6,14,6,2,2,2,2,9,9,9,9,2,9,9,9,2,2,2,2,2,9,9,9,9,2,15,2,2,16,17,2,2,2,2,2,9,2,10,10,2,2,2,2,2,2,2,18,7,7,7,19,2,2,2,2,20,21,22,2,2,2,23,2,2,2,2,2,2,2,2,2,2,24,25,2,2,2,2,6,13,13,6,13,13,6,13,14,14,14,14,14,14,14,14","0.0107929706573486","infomap","edit-xhwikibooks.graphml"
"0.53","0.34","0.13","0.435422489895232","1,2,1,1,3,1,3,4,1,1,3,5,4,4,6,7,8,3,3,5,2,9,4,4,4,10,4,7,2,11,12,3,5,5,13,6,14,6,2,2,2,2,9,9,9,9,2,9,9,9,2,2,2,2,2,9,9,9,9,2,15,2,2,16,17,2,2,2,2,2,9,2,10,10,2,2,2,2,2,2,2,18,7,7,7,19,2,2,2,2,20,21,22,2,2,2,23,2,2,2,2,2,2,2,2,2,2,24,25,2,2,2,2,6,13,13,13,6,6,6,6,14,14,14,14,14,14,14,14","0.0103890895843506","infomap","edit-xhwikibooks.graphml"
"0.52","0.35","0.13","0.445203000261417","1,2,1,1,3,1,3,4,1,1,3,5,4,4,6,7,8,3,3,5,9,2,4,4,4,10,4,7,2,11,12,3,5,5,13,6,14,6,9,9,9,9,2,2,2,2,9,2,2,2,9,9,9,9,9,2,2,2,2,9,15,9,9,16,17,9,9,9,9,9,2,9,10,10,9,9,9,9,9,9,9,18,7,7,7,19,9,9,9,9,20,21,22,9,9,9,23,9,9,9,9,9,9,9,9,9,9,24,25,9,9,9,9,13,13,13,6,13,13,13,13,14,14,14,14,14,14,14,14","0.00866818428039551","infomap","edit-xhwikibooks.graphml"
"0.51","0.36","0.13","0.432800824787672","1,2,1,1,3,1,3,4,1,1,3,5,4,4,6,7,8,3,3,5,2,9,4,4,4,10,4,7,2,11,12,3,5,5,13,6,14,6,2,2,2,2,9,9,9,9,2,9,9,9,2,2,2,2,2,9,9,9,9,2,15,2,2,16,17,2,2,2,2,2,9,2,10,10,2,2,2,2,2,2,2,18,7,7,7,19,2,2,2,2,20,21,22,2,2,2,23,2,2,2,2,2,2,2,2,2,2,24,25,2,2,2,2,6,13,6,13,6,13,13,6,14,14,14,14,14,14,14,14","0.00922298431396484","infomap","edit-xhwikibooks.graphml"
"0.5","0.37","0.13","0.434917846543449","1,2,1,1,3,1,3,4,1,1,3,5,4,4,6,7,8,3,3,5,2,9,4,4,4,10,4,7,2,11,12,3,5,5,13,6,14,6,2,2,2,2,9,9,9,9,2,9,9,9,2,2,2,2,2,9,9,9,9,2,15,2,2,16,17,2,2,2,2,2,9,2,10,10,2,2,2,2,2,2,2,18,7,7,7,19,2,2,2,2,20,21,22,2,2,2,23,2,2,2,2,2,2,2,2,2,2,24,25,2,2,2,2,13,13,13,6,6,13,6,6,14,14,14,14,14,14,14,14","0.00913190841674805","infomap","edit-xhwikibooks.graphml"
"0.49","0.38","0.13","0.442939271134568","1,2,1,1,3,1,3,4,1,1,3,5,4,4,6,7,8,3,3,5,9,2,4,4,4,10,4,7,2,11,12,3,5,5,13,6,14,6,9,9,9,9,2,2,2,2,9,2,2,2,9,9,9,9,9,2,2,2,2,9,15,9,9,16,17,9,9,9,9,9,2,9,10,10,9,9,9,9,9,9,9,18,7,7,7,19,9,9,9,9,20,21,22,9,9,9,23,9,9,9,9,9,9,9,9,9,9,24,25,9,9,9,9,6,13,6,13,6,6,6,6,14,14,14,14,14,14,14,14","0.00790214538574219","infomap","edit-xhwikibooks.graphml"
"0.48","0.39","0.13","0.447575308641975","1,2,1,1,3,1,3,4,1,1,3,5,4,4,6,7,8,3,3,5,9,2,4,4,4,10,4,7,2,11,12,3,5,5,13,6,14,6,9,9,9,9,2,2,2,2,9,2,2,2,9,9,9,9,9,2,2,2,2,9,15,9,9,16,17,9,9,9,9,9,2,9,10,10,9,9,9,9,9,9,9,18,7,7,7,19,9,9,9,9,20,21,22,9,9,9,23,9,9,9,9,9,9,9,9,9,9,24,25,9,9,9,9,13,13,13,13,6,13,13,13,14,14,14,14,14,14,14,14","0.00935697555541992","infomap","edit-xhwikibooks.graphml"
"0.47","0.4","0.13","0.414251690267278","1,2,1,3,4,3,5,6,3,3,5,7,6,6,8,3,9,10,5,11,2,12,13,6,6,8,6,3,2,14,15,16,11,17,18,19,20,8,2,2,2,2,12,12,12,12,2,12,12,12,2,2,2,2,2,12,12,12,12,2,21,2,2,22,23,2,2,2,2,2,12,2,24,25,2,2,2,2,2,2,2,26,27,28,29,30,2,2,2,2,31,32,33,2,2,2,34,2,2,2,2,2,2,2,2,2,2,35,36,2,2,2,2,18,18,18,18,19,18,19,18,20,20,20,20,20,20,20,20","0.00388598442077637","infomap","edit-xhwikibooks.graphml"
"0.46","0.41","0.13","0.414251690267278","1,2,1,3,4,3,5,6,3,3,5,7,6,6,8,3,9,10,5,11,2,12,13,6,6,8,6,3,2,14,15,16,11,17,18,19,20,8,2,2,2,2,12,12,12,12,2,12,12,12,2,2,2,2,2,12,12,12,12,2,21,2,2,22,23,2,2,2,2,2,12,2,24,25,2,2,2,2,2,2,2,26,27,28,29,30,2,2,2,2,31,32,33,2,2,2,34,2,2,2,2,2,2,2,2,2,2,35,36,2,2,2,2,19,18,18,18,19,18,18,18,20,20,20,20,20,20,20,20","0.00389409065246582","infomap","edit-xhwikibooks.graphml"
"0.45","0.42","0.13","0.426175103305785","1,2,1,3,4,3,5,6,3,3,5,7,6,6,8,3,9,10,5,11,12,2,13,6,6,8,6,3,2,14,15,16,11,17,18,19,20,8,12,12,12,12,2,2,2,2,12,2,2,2,12,12,12,12,12,2,2,2,2,12,21,12,12,22,23,12,12,12,12,12,2,12,24,25,12,12,12,12,12,12,12,26,27,28,29,30,12,12,12,12,31,32,33,12,12,12,34,12,12,12,12,12,12,12,12,12,12,35,36,12,12,12,12,18,18,18,18,18,19,18,18,20,20,20,20,20,20,20,20","0.00403690338134766","infomap","edit-xhwikibooks.graphml"
"0.44","0.43","0.13","0.428638336643394","1,2,1,3,4,3,5,6,3,3,5,7,6,6,8,3,9,10,5,11,12,2,13,6,6,8,6,3,2,14,15,16,11,17,18,19,20,19,12,12,12,12,2,2,2,2,12,2,2,2,12,12,12,12,12,2,2,2,2,12,21,12,12,22,23,12,12,12,12,12,2,12,24,25,12,12,12,12,12,12,12,26,27,28,29,30,12,12,12,12,31,32,33,12,12,12,34,12,12,12,12,12,12,12,12,12,12,35,36,12,12,12,12,18,18,18,18,19,19,18,18,20,20,20,20,20,20,20,20","0.00380206108093262","infomap","edit-xhwikibooks.graphml"
"0.43","0.44","0.13","0.435292582051964","1,2,1,3,4,3,5,6,3,3,5,7,6,6,6,3,8,9,5,10,11,2,12,6,6,6,6,3,2,13,14,15,10,16,17,18,19,6,11,11,11,11,2,2,2,2,11,2,2,2,11,11,11,11,11,2,2,2,2,11,20,11,11,21,22,11,11,11,11,11,2,11,23,24,11,11,11,11,11,11,11,25,26,27,28,29,11,11,11,11,30,31,32,11,11,11,33,11,11,11,11,11,11,11,11,11,11,34,35,11,11,11,11,18,17,17,17,18,17,18,18,19,19,19,19,19,19,19,19","0.00365614891052246","infomap","edit-xhwikibooks.graphml"
"0.42","0.45","0.13","0.427172104536969","1,2,1,3,4,3,5,6,3,3,5,7,6,6,6,3,8,9,5,10,2,11,12,6,6,6,6,3,2,13,14,15,10,16,17,18,19,6,2,2,2,2,11,11,11,11,2,11,11,11,2,2,2,2,2,11,11,11,11,2,20,2,2,21,22,2,2,2,2,2,11,2,23,24,2,2,2,2,2,2,2,25,26,27,28,29,2,2,2,2,30,31,32,2,2,2,33,2,2,2,2,2,2,2,2,2,2,34,35,2,2,2,2,17,17,17,17,18,17,18,18,19,19,19,19,19,19,19,19","0.00373196601867676","infomap","edit-xhwikibooks.graphml"
"0.41","0.46","0.13","0.438957202373438","1,2,1,3,4,3,5,6,3,3,5,7,6,6,6,3,8,9,5,10,11,2,12,6,6,6,6,3,2,13,14,15,10,16,17,18,19,6,11,11,11,11,2,2,2,2,11,2,2,2,11,11,11,11,11,2,2,2,2,11,20,11,11,21,22,11,11,11,11,11,2,11,23,24,11,11,11,11,11,11,11,25,26,27,28,29,11,11,11,11,30,31,32,11,11,11,33,11,11,11,11,11,11,11,11,11,11,34,35,11,11,11,11,17,17,17,18,18,18,18,18,19,19,19,19,19,19,19,19","0.00382208824157715","infomap","edit-xhwikibooks.graphml"
"0.4","0.47","0.13","0.440897162621408","1,2,1,3,4,3,5,6,3,3,5,7,6,6,6,3,8,9,5,10,11,2,12,6,6,6,6,3,2,13,14,15,10,16,17,18,19,6,11,11,11,11,2,2,2,2,11,2,2,2,11,11,11,11,11,2,2,2,2,11,20,11,11,21,22,11,11,11,11,11,2,11,23,24,11,11,11,11,11,11,11,25,26,27,28,29,11,11,11,11,30,31,32,11,11,11,33,11,11,11,11,11,11,11,11,11,11,34,35,11,11,11,11,17,17,17,17,17,18,18,17,19,19,19,19,19,19,19,19","0.00362491607666016","infomap","edit-xhwikibooks.graphml"
"0.39","0.48","0.13","0.440252941559189","1,2,1,3,4,3,5,6,3,3,5,7,6,6,6,3,8,9,5,10,11,2,12,6,6,6,6,3,2,13,14,15,10,16,17,18,19,6,11,11,11,11,2,2,2,2,11,2,2,2,11,11,11,11,11,2,2,2,2,11,20,11,11,21,22,11,11,11,11,11,2,11,23,24,11,11,11,11,11,11,11,25,26,27,28,29,11,11,11,11,30,31,32,11,11,11,33,11,11,11,11,11,11,11,11,11,11,34,35,11,11,11,11,17,17,17,18,18,17,17,18,19,19,19,19,19,19,19,19","0.00351214408874512","infomap","edit-xhwikibooks.graphml"
"0.38","0.49","0.13","0.440252941559189","1,2,1,3,4,3,5,6,3,3,5,7,6,6,6,3,8,9,5,10,11,2,12,6,6,6,6,3,2,13,14,15,10,16,17,18,19,6,11,11,11,11,2,2,2,2,11,2,2,2,11,11,11,11,11,2,2,2,2,11,20,11,11,21,22,11,11,11,11,11,2,11,23,24,11,11,11,11,11,11,11,25,26,27,28,29,11,11,11,11,30,31,32,11,11,11,33,11,11,11,11,11,11,11,11,11,11,34,35,11,11,11,11,17,17,17,18,17,18,18,17,19,19,19,19,19,19,19,19","0.00374007225036621","infomap","edit-xhwikibooks.graphml"
"0.37","0.5","0.13","0.500130130874479","1,2,1,3,4,3,5,6,3,3,5,7,6,6,6,3,8,9,5,10,11,2,12,6,6,6,6,3,2,13,14,15,10,16,17,18,19,6,11,11,11,11,2,2,2,2,11,2,2,2,11,11,11,11,11,2,2,2,2,11,20,11,11,21,22,11,11,11,11,11,2,11,23,24,11,11,11,11,11,11,11,25,26,27,28,29,11,11,11,11,30,31,32,11,11,11,33,11,11,11,11,11,11,11,11,11,11,34,35,11,11,11,11,17,17,17,18,17,18,18,17,19,19,19,19,19,19,19,19","0.00389194488525391","infomap","edit-xhwikibooks.graphml"
"0.36","0.51","0.13","0.501799110978914","1,2,1,3,4,3,5,6,3,3,5,7,6,6,6,3,8,9,5,10,11,2,12,6,6,6,6,3,2,13,14,15,10,16,17,18,19,6,11,11,11,11,2,2,2,2,11,2,2,2,11,11,11,11,11,2,2,2,2,11,20,11,11,21,22,11,11,11,11,11,2,11,23,24,11,11,11,11,11,11,11,25,26,27,28,29,11,11,11,11,30,31,32,11,11,11,33,11,11,11,11,11,11,11,11,11,11,34,35,11,11,11,11,17,17,17,18,17,18,17,17,19,19,19,19,19,19,19,19","0.00386714935302734","infomap","edit-xhwikibooks.graphml"
"0.35","0.52","0.13","0.491477460506312","1,2,1,3,4,3,5,6,3,3,5,7,6,6,6,3,8,9,5,10,2,11,12,6,6,6,6,3,2,13,14,15,10,16,17,18,19,6,2,2,2,2,11,11,11,11,2,11,11,11,2,2,2,2,2,11,11,11,11,2,20,2,2,21,22,2,2,2,2,2,11,2,23,24,2,2,2,2,2,2,2,25,26,27,28,29,2,2,2,2,30,31,32,2,2,2,33,2,2,2,2,2,2,2,2,2,2,34,35,2,2,2,2,17,18,18,18,18,18,18,18,19,19,19,19,19,19,19,19","0.00376510620117188","infomap","edit-xhwikibooks.graphml"
"0.34","0.53","0.13","0.485193669304457","1,2,1,3,4,3,5,6,3,3,7,8,6,6,6,3,9,10,11,12,2,13,14,6,6,6,6,3,2,15,16,17,18,19,11,20,21,6,2,2,2,2,13,13,13,13,2,13,13,13,2,2,2,2,2,13,13,13,13,2,22,2,2,23,24,2,2,2,2,2,13,2,25,26,2,2,2,2,2,2,2,27,28,29,30,31,2,2,2,2,32,33,34,2,2,2,35,2,2,2,2,2,2,2,2,2,2,36,37,2,2,2,2,11,11,11,11,20,11,11,20,21,21,21,21,21,21,21,21","0.00366401672363281","infomap","edit-xhwikibooks.graphml"
"0.33","0.54","0.13","0.503909474409016","1,2,1,3,4,3,5,6,3,3,7,8,6,6,6,3,9,10,11,12,13,2,14,6,6,6,6,3,2,15,16,17,18,19,11,20,21,6,13,13,13,13,2,2,2,2,13,2,2,2,13,13,13,13,13,2,2,2,2,13,22,13,13,23,24,13,13,13,13,13,2,13,25,26,13,13,13,13,13,13,13,27,28,29,30,31,13,13,13,13,32,33,34,13,13,13,35,13,13,13,13,13,13,13,13,13,13,36,37,13,13,13,13,20,11,11,11,11,11,11,11,21,21,21,21,21,21,21,21","0.0038599967956543","infomap","edit-xhwikibooks.graphml"
"0.32","0.55","0.13","0.493737193469496","1,2,1,3,4,3,5,6,3,3,7,8,6,6,9,3,10,11,12,13,14,2,15,6,6,6,6,3,2,16,17,18,19,20,12,9,21,9,14,14,14,14,2,2,2,2,14,2,2,2,14,14,14,14,14,2,2,2,2,14,22,14,14,23,24,14,14,14,14,14,2,14,25,26,14,14,14,14,14,14,14,27,28,29,30,31,14,14,14,14,32,33,34,14,14,14,35,14,14,14,14,14,14,14,14,14,14,36,37,14,14,14,14,9,12,12,9,12,9,9,12,21,21,21,21,21,21,21,21","0.00363397598266602","infomap","edit-xhwikibooks.graphml"
"0.31","0.56","0.13","0.499807405464768","1,2,1,3,4,3,5,6,3,3,7,8,6,6,6,3,9,10,11,12,13,2,14,6,6,6,6,3,2,15,16,17,18,19,11,20,21,6,13,13,13,13,2,2,2,2,13,2,2,2,13,13,13,13,13,2,2,2,2,13,22,13,13,23,24,13,13,13,13,13,2,13,25,26,13,13,13,13,13,13,13,27,28,29,30,31,13,13,13,13,32,33,34,13,13,13,35,13,13,13,13,13,13,13,13,13,13,36,37,13,13,13,13,20,11,11,20,11,11,11,20,21,21,21,21,21,21,21,21","0.00372600555419922","infomap","edit-xhwikibooks.graphml"
"0.3","0.57","0.13","0.47309732716616","1,2,1,3,4,3,5,6,3,3,7,8,6,6,6,3,9,10,11,12,2,13,14,6,6,6,6,3,2,15,16,17,18,19,11,20,21,6,2,2,2,2,13,13,13,13,2,13,13,13,2,2,2,2,2,13,13,13,13,2,22,2,2,23,24,2,2,2,2,2,13,2,25,26,2,2,2,2,2,2,2,27,28,29,30,31,2,2,2,2,32,33,34,2,2,2,35,2,2,2,2,2,2,2,2,2,2,36,37,2,2,2,2,20,11,11,20,20,20,20,20,21,21,21,21,21,21,21,21","0.00376296043395996","infomap","edit-xhwikibooks.graphml"
"0.29","0.58","0.13","0.475915376937862","1,2,1,3,4,3,5,6,3,3,7,8,6,6,6,3,9,10,11,12,2,13,14,6,6,6,6,3,2,15,16,17,18,19,11,20,21,6,2,2,2,2,13,13,13,13,2,13,13,13,2,2,2,2,2,13,13,13,13,2,22,2,2,23,24,2,2,2,2,2,13,2,25,26,2,2,2,2,2,2,2,27,28,29,30,31,2,2,2,2,32,33,34,2,2,2,35,2,2,2,2,2,2,2,2,2,2,36,37,2,2,2,2,20,11,11,20,20,20,20,20,21,21,21,21,21,21,21,21","0.0056309700012207","infomap","edit-xhwikibooks.graphml"
"0.28","0.59","0.13","0.47517578125","1,2,1,3,4,3,5,6,3,3,7,8,6,6,6,3,9,10,11,12,2,13,14,6,6,6,6,3,2,15,16,17,18,19,11,20,21,6,2,2,2,2,13,13,13,13,2,13,13,13,2,2,2,2,2,13,13,13,13,2,22,2,2,23,24,2,2,2,2,2,13,2,25,26,2,2,2,2,2,2,2,27,28,29,30,31,2,2,2,2,32,33,34,2,2,2,35,2,2,2,2,2,2,2,2,2,2,36,37,2,2,2,2,20,11,11,20,20,20,20,20,21,21,21,21,21,21,21,21","0.0036311149597168","infomap","edit-xhwikibooks.graphml"
"0.27","0.6","0.13","0.504474354780393","1,2,1,3,4,3,5,6,3,3,7,8,6,6,6,3,9,10,11,12,2,13,14,6,6,6,6,3,2,15,16,17,18,19,11,11,20,6,2,2,2,2,13,13,13,13,2,13,13,13,2,2,2,2,2,13,13,13,13,2,21,2,2,22,23,2,2,2,2,2,13,2,24,25,2,2,2,2,2,2,2,26,27,28,29,30,2,2,2,2,31,32,33,2,2,2,34,2,2,2,2,2,2,2,2,2,2,35,36,2,2,2,2,11,11,11,11,11,11,11,11,20,20,20,20,20,20,20,20","0.00360703468322754","infomap","edit-xhwikibooks.graphml"
"0.26","0.61","0.13","0.50369498776196","1,2,1,3,4,3,5,6,3,3,7,8,6,6,6,3,9,10,11,12,2,13,14,6,6,6,6,3,2,15,16,17,18,19,11,11,20,6,2,2,2,2,13,13,13,13,2,13,13,13,2,2,2,2,2,13,13,13,13,2,21,2,2,22,23,2,2,2,2,2,13,2,24,25,2,2,2,2,2,2,2,26,27,28,29,30,2,2,2,2,31,32,33,2,2,2,34,2,2,2,2,2,2,2,2,2,2,35,36,2,2,2,2,11,11,11,11,11,11,11,11,20,20,20,20,20,20,20,20","0.0036921501159668","infomap","edit-xhwikibooks.graphml"
"0.25","0.62","0.13","0.505530274571409","1,2,1,3,4,3,5,6,3,3,7,8,6,6,6,3,9,10,11,12,2,13,14,6,6,6,6,3,2,15,16,17,18,19,11,11,20,6,2,2,2,2,13,13,13,13,2,13,13,13,2,2,2,2,2,13,13,13,13,2,21,2,2,22,23,2,2,2,2,2,13,2,24,25,2,2,2,2,2,2,2,26,27,28,29,30,2,2,2,2,31,32,33,2,2,2,34,2,2,2,2,2,2,2,2,2,2,35,36,2,2,2,2,11,11,11,11,11,11,11,11,20,20,20,20,20,20,20,20","0.00373697280883789","infomap","edit-xhwikibooks.graphml"
"0.24","0.63","0.13","0.481293078629612","1,2,1,3,4,3,5,6,3,3,7,8,6,6,6,3,9,10,11,12,2,13,14,6,6,6,6,3,2,15,16,17,18,19,11,20,21,6,2,2,2,2,13,13,13,13,2,13,13,13,2,2,2,2,2,13,13,13,13,2,22,2,2,23,24,2,2,2,2,2,13,2,25,26,2,2,2,2,2,2,2,27,28,29,30,31,2,2,2,2,32,33,34,2,2,2,35,2,2,2,2,2,2,2,2,2,2,36,37,2,2,2,2,20,11,11,20,20,20,20,20,21,21,21,21,21,21,21,21","0.00620913505554199","infomap","edit-xhwikibooks.graphml"
"0.23","0.64","0.13","0.482029971304071","1,2,1,3,4,3,5,6,3,3,7,8,6,6,6,3,9,10,11,12,2,13,14,6,6,6,6,3,2,15,16,17,18,19,11,20,21,6,2,2,2,2,13,13,13,13,2,13,13,13,2,2,2,2,2,13,13,13,13,2,22,2,2,23,24,2,2,2,2,2,13,2,25,26,2,2,2,2,2,2,2,27,28,29,30,31,2,2,2,2,32,33,34,2,2,2,35,2,2,2,2,2,2,2,2,2,2,36,37,2,2,2,2,20,11,11,20,20,20,20,20,21,21,21,21,21,21,21,21","0.00429487228393555","infomap","edit-xhwikibooks.graphml"
"0.22","0.65","0.13","0.481293078629612","1,2,1,3,4,3,5,6,3,3,7,8,6,6,6,3,9,10,11,12,2,13,14,6,6,6,6,3,2,15,16,17,18,19,11,20,21,6,2,2,2,2,13,13,13,13,2,13,13,13,2,2,2,2,2,13,13,13,13,2,22,2,2,23,24,2,2,2,2,2,13,2,25,26,2,2,2,2,2,2,2,27,28,29,30,31,2,2,2,2,32,33,34,2,2,2,35,2,2,2,2,2,2,2,2,2,2,36,37,2,2,2,2,20,11,11,20,20,20,20,20,21,21,21,21,21,21,21,21","0.00455784797668457","infomap","edit-xhwikibooks.graphml"
"0.21","0.66","0.13","0.477274305555555","1,2,1,3,4,5,6,7,7,8,9,10,7,7,7,5,11,12,13,14,2,15,16,7,7,7,7,17,18,19,20,21,22,23,13,24,25,7,2,2,2,2,15,15,15,15,2,15,15,15,2,2,2,2,2,15,15,15,15,2,26,2,2,27,28,2,2,2,2,2,15,2,29,30,2,2,2,2,2,2,2,31,32,33,34,35,2,2,2,2,36,37,38,2,2,2,39,2,2,2,2,2,2,2,2,2,2,40,41,2,2,2,2,24,13,13,24,24,24,24,24,25,25,25,25,25,25,25,25","0.00415706634521484","infomap","edit-xhwikibooks.graphml"
"0.2","0.67","0.13","0.489376594225079","1,2,1,3,4,5,6,5,7,8,9,10,5,5,7,5,11,12,7,13,2,14,15,5,5,5,5,16,17,18,19,20,21,22,7,7,23,7,2,2,2,2,14,14,14,14,2,14,14,14,2,2,2,2,2,14,14,14,14,2,24,2,2,25,26,2,2,2,2,2,14,2,27,28,2,2,2,2,2,2,2,29,30,31,32,33,2,2,2,2,34,35,36,2,2,2,37,2,2,2,2,2,2,2,2,2,2,38,39,2,2,2,2,40,7,7,40,40,40,40,40,23,23,23,23,23,23,23,23","0.00475597381591797","infomap","edit-xhwikibooks.graphml"
"0.19","0.68","0.13","0.494376084073054","1,2,1,3,4,5,6,5,7,8,9,10,5,5,7,5,11,12,13,14,2,15,16,5,7,7,7,17,18,19,20,21,22,23,13,24,25,7,2,2,2,2,15,15,15,15,2,15,15,15,2,2,2,2,2,15,15,15,15,2,26,2,2,27,28,2,2,2,2,2,15,2,29,30,2,2,2,2,2,2,2,31,32,33,34,35,2,2,2,2,36,37,38,2,2,2,39,2,2,2,2,2,2,2,2,2,2,40,41,2,2,2,2,24,13,13,24,24,24,24,24,25,25,25,25,25,25,25,25","0.00451016426086426","infomap","edit-xhwikibooks.graphml"
"0.18","0.69","0.13","0.519801557622268","1,2,1,3,4,5,6,5,7,8,9,10,5,5,7,5,11,12,13,14,2,15,16,5,7,7,7,17,18,19,20,21,22,23,13,13,24,7,2,2,2,2,15,15,15,15,2,15,15,15,2,2,2,2,2,15,15,15,15,2,25,2,2,26,27,2,2,2,2,2,15,2,28,29,2,2,2,2,2,2,2,30,31,32,33,34,2,2,2,2,35,36,37,2,2,2,38,2,2,2,2,2,2,2,2,2,2,39,40,2,2,2,2,13,13,13,13,13,13,13,13,24,24,24,24,24,24,24,24","0.00415611267089844","infomap","edit-xhwikibooks.graphml"
"0.17","0.7","0.13","0.495392880421361","1,2,1,3,4,5,6,5,7,8,9,10,5,5,7,5,11,12,13,14,2,15,16,5,7,7,7,17,18,19,20,21,22,23,13,24,25,7,2,2,2,2,15,15,15,15,2,15,15,15,2,2,2,2,2,15,15,15,15,2,26,2,2,27,28,2,2,2,2,2,15,2,29,30,2,2,2,2,2,2,2,31,32,33,34,35,2,2,2,2,36,37,38,2,2,2,39,2,2,2,2,2,2,2,2,2,2,40,41,2,2,2,2,24,13,13,24,24,24,24,24,25,25,25,25,25,25,25,25","0.00428986549377441","infomap","edit-xhwikibooks.graphml"
"0.16","0.71","0.13","0.494663392525927","1,2,1,3,4,5,6,5,7,8,9,10,5,5,7,5,11,12,13,14,2,15,16,5,7,7,7,17,18,19,20,21,22,23,13,24,25,7,2,2,2,2,15,15,15,15,2,15,15,15,2,2,2,2,2,15,15,15,15,2,26,2,2,27,28,2,2,2,2,2,15,2,29,30,2,2,2,2,2,2,2,31,32,33,34,35,2,2,2,2,36,37,38,2,2,2,39,2,2,2,2,2,2,2,2,2,2,40,41,2,2,2,2,24,13,13,24,24,24,24,24,25,25,25,25,25,25,25,25","0.00365400314331055","infomap","edit-xhwikibooks.graphml"
"0.15","0.72","0.13","0.497966","1,2,1,3,4,5,6,5,7,8,9,10,5,5,7,5,11,12,13,14,2,15,16,5,7,7,7,17,18,19,20,21,22,23,13,24,25,7,2,2,2,2,15,15,15,15,2,15,15,15,2,2,2,2,2,15,15,15,15,2,26,2,2,27,28,2,2,2,2,2,15,2,29,30,2,2,2,2,2,2,2,31,32,33,34,35,2,2,2,2,36,37,38,2,2,2,39,2,2,2,2,2,2,2,2,2,2,40,41,2,2,2,2,24,13,13,24,24,24,24,24,25,25,25,25,25,25,25,25","0.00369715690612793","infomap","edit-xhwikibooks.graphml"
"0.14","0.73","0.13","0.523043732893494","1,2,1,3,4,5,6,5,7,8,9,10,5,5,7,5,11,12,13,14,2,15,16,5,7,7,7,17,18,19,20,21,22,23,13,13,24,7,2,2,2,2,15,15,15,15,2,15,15,15,2,2,2,2,2,15,15,15,15,2,25,2,2,26,27,2,2,2,2,2,15,2,28,29,2,2,2,2,2,2,2,30,31,32,33,34,2,2,2,2,35,36,37,2,2,2,38,2,2,2,2,2,2,2,2,2,2,39,40,2,2,2,2,13,13,13,13,13,13,13,13,24,24,24,24,24,24,24,24","0.00348019599914551","infomap","edit-xhwikibooks.graphml"
"0.13","0.74","0.13","0.497239054824483","1,2,1,3,4,5,6,5,7,8,9,10,5,5,7,5,11,12,13,14,2,15,16,5,7,7,7,17,18,19,20,21,22,23,13,24,25,7,2,2,2,2,15,15,15,15,2,15,15,15,2,2,2,2,2,15,15,15,15,2,26,2,2,27,28,2,2,2,2,2,15,2,29,30,2,2,2,2,2,2,2,31,32,33,34,35,2,2,2,2,36,37,38,2,2,2,39,2,2,2,2,2,2,2,2,2,2,40,41,2,2,2,2,24,13,13,24,24,24,24,24,25,25,25,25,25,25,25,25","0.00351190567016602","infomap","edit-xhwikibooks.graphml"
"0.12","0.75","0.13","0.529165820431502","1,2,1,3,4,5,6,5,7,8,9,10,5,5,7,5,11,12,13,14,2,15,16,5,7,7,7,17,18,19,20,21,22,23,13,13,24,7,2,2,2,2,15,15,15,15,2,15,15,15,2,2,2,2,2,15,15,15,15,2,25,2,2,26,27,2,2,2,2,2,15,2,28,29,2,2,2,2,2,2,2,30,31,32,33,34,2,2,2,2,35,36,37,2,2,2,38,2,2,2,2,2,2,2,2,2,2,39,40,2,2,2,2,13,13,13,13,13,13,13,13,24,24,24,24,24,24,24,24","0.00362515449523926","infomap","edit-xhwikibooks.graphml"
"0.11","0.76","0.13","0.524244637472855","1,2,1,3,4,5,6,5,7,8,9,10,5,5,7,5,11,12,7,13,2,14,15,5,5,5,5,16,17,18,19,20,21,22,7,7,23,7,2,2,2,2,14,14,14,14,2,14,14,14,2,2,2,2,2,14,14,14,14,2,24,2,2,25,26,2,2,2,2,2,14,2,27,28,2,2,2,2,2,2,2,29,30,31,32,33,2,2,2,2,34,35,36,2,2,2,37,2,2,2,2,2,2,2,2,2,2,38,39,2,2,2,2,7,7,7,7,7,7,7,7,23,23,23,23,23,23,23,23","0.00356698036193848","infomap","edit-xhwikibooks.graphml"
"0.1","0.77","0.13","0.505228575096577","1,2,1,3,4,5,6,5,7,8,9,10,5,5,7,5,11,12,13,14,2,15,16,5,7,7,7,17,18,19,20,21,22,23,13,24,25,7,2,2,2,2,15,15,15,15,2,15,15,15,2,2,2,2,2,15,15,15,15,2,26,2,2,27,28,2,2,2,2,2,15,2,29,30,2,2,2,2,2,2,2,31,32,33,34,35,2,2,2,2,36,37,38,2,2,2,39,2,2,2,2,2,2,2,2,2,2,40,41,2,2,2,2,24,13,13,24,24,24,24,24,25,25,25,25,25,25,25,25","0.00652313232421875","infomap","edit-xhwikibooks.graphml"
"0.09","0.78","0.13","0.532283883716744","1,2,1,3,4,5,6,5,7,8,9,10,5,5,7,5,11,12,13,14,2,15,16,5,7,7,7,17,18,19,20,21,22,23,13,13,24,7,2,2,2,2,15,15,15,15,2,15,15,15,2,2,2,2,2,15,15,15,15,2,25,2,2,26,27,2,2,2,2,2,15,2,28,29,2,2,2,2,2,2,2,30,31,32,33,34,2,2,2,2,35,36,37,2,2,2,38,2,2,2,2,2,2,2,2,2,2,39,40,2,2,2,2,13,13,13,13,13,13,13,13,24,24,24,24,24,24,24,24","0.00363278388977051","infomap","edit-xhwikibooks.graphml"
"0.08","0.79","0.13","0.523573609647219","1,2,1,3,4,5,6,5,7,8,9,10,5,5,7,11,12,13,7,14,2,15,16,5,5,5,5,17,18,19,20,21,22,23,7,7,24,25,2,2,2,2,15,15,15,15,2,15,15,15,2,2,2,2,2,15,15,15,15,2,26,2,2,27,28,2,2,2,2,2,15,2,29,30,2,2,2,2,2,2,2,31,32,33,34,35,2,2,2,2,36,37,38,2,2,2,39,2,2,2,2,2,2,2,2,2,2,40,41,2,2,2,2,7,7,7,7,7,7,7,7,24,24,24,24,24,24,24,24","0.00362014770507812","infomap","edit-xhwikibooks.graphml"
"0.07","0.8","0.13","0.525941996239291","1,2,1,3,4,5,6,5,7,8,9,10,5,5,7,11,12,13,7,14,2,15,16,5,5,5,5,17,18,19,20,21,22,23,7,7,24,25,2,2,2,2,15,15,15,15,2,15,15,15,2,2,2,2,2,15,15,15,15,2,26,2,2,27,28,2,2,2,2,2,15,2,29,30,2,2,2,2,2,2,2,31,32,33,34,35,2,2,2,2,36,37,38,2,2,2,39,2,2,2,2,2,2,2,2,2,2,40,41,2,2,2,2,7,7,7,7,7,7,7,7,24,24,24,24,24,24,24,24","0.00404691696166992","infomap","edit-xhwikibooks.graphml"
"0.06","0.81","0.13","0.525941996239291","1,2,1,3,4,5,6,5,7,8,9,10,5,5,7,11,12,13,7,14,2,15,16,5,5,5,5,17,18,19,20,21,22,23,7,7,24,25,2,2,2,2,15,15,15,15,2,15,15,15,2,2,2,2,2,15,15,15,15,2,26,2,2,27,28,2,2,2,2,2,15,2,29,30,2,2,2,2,2,2,2,31,32,33,34,35,2,2,2,2,36,37,38,2,2,2,39,2,2,2,2,2,2,2,2,2,2,40,41,2,2,2,2,7,7,7,7,7,7,7,7,24,24,24,24,24,24,24,24","0.00332498550415039","infomap","edit-xhwikibooks.graphml"
"0.05","0.82","0.13","0.525205612182617","1,2,1,3,4,5,6,5,7,8,9,10,5,5,7,11,12,13,7,14,2,15,16,5,5,5,5,17,18,19,20,21,22,23,7,7,24,25,2,2,2,2,15,15,15,15,2,15,15,15,2,2,2,2,2,15,15,15,15,2,26,2,2,27,28,2,2,2,2,2,15,2,29,30,2,2,2,2,2,2,2,31,32,33,34,35,2,2,2,2,36,37,38,2,2,2,39,2,2,2,2,2,2,2,2,2,2,40,41,2,2,2,2,7,7,7,7,7,7,7,7,24,24,24,24,24,24,24,24","0.0045628547668457","infomap","edit-xhwikibooks.graphml"
"0.04","0.83","0.13","0.506754239780414","1,2,1,3,4,5,6,5,7,8,9,10,5,5,7,11,12,13,14,15,2,16,17,5,7,7,7,18,19,20,21,22,23,24,14,25,26,27,2,2,2,2,16,16,16,16,2,16,16,16,2,2,2,2,2,16,16,16,16,2,28,2,2,29,30,2,2,2,2,2,16,2,31,32,2,2,2,2,2,2,2,33,34,35,36,37,2,2,2,2,38,39,40,2,2,2,41,2,2,2,2,2,2,2,2,2,2,42,43,2,2,2,2,25,14,14,25,25,25,25,25,26,26,26,26,26,26,26,26","0.00351715087890625","infomap","edit-xhwikibooks.graphml"
"0.03","0.84","0.13","0.499803539402993","1,2,1,3,4,5,6,5,7,8,9,10,7,7,7,11,12,13,14,15,2,16,17,5,18,18,18,19,20,21,22,23,24,25,14,7,26,27,2,2,2,2,16,16,16,16,2,16,16,16,2,2,2,2,2,16,16,16,16,2,28,2,2,29,30,2,2,2,2,2,16,2,31,32,2,2,2,2,2,2,2,33,34,35,36,37,2,2,2,2,38,39,40,2,2,2,41,2,2,2,2,2,2,2,2,2,2,42,43,2,2,2,2,14,14,14,14,14,14,14,14,26,26,26,26,26,26,26,26","0.00359702110290527","infomap","edit-xhwikibooks.graphml"
"0.02","0.85","0.13","0.504593821687643","1,2,1,3,4,5,6,5,7,8,9,10,5,5,7,11,12,13,7,14,2,15,16,5,5,5,5,17,18,19,20,21,22,23,7,7,24,25,2,2,2,2,15,15,15,15,2,15,15,15,2,2,2,2,2,15,15,15,15,2,26,2,2,27,28,2,2,2,2,2,15,2,29,30,2,2,2,2,2,2,2,31,32,33,34,35,2,2,2,2,36,37,38,2,2,2,39,2,2,2,2,2,2,2,2,2,2,40,41,2,2,2,2,42,7,7,42,42,42,42,42,24,24,24,24,24,24,24,24","0.00335907936096191","infomap","edit-xhwikibooks.graphml"
"0.01","0.86","0.13","0.505183420713003","1,2,1,3,4,5,6,5,7,8,9,10,7,7,7,11,12,13,14,15,2,16,17,5,18,18,18,19,20,21,22,23,24,25,14,26,27,28,2,2,2,2,16,16,16,16,2,16,16,16,2,2,2,2,2,16,16,16,16,2,29,2,2,30,31,2,2,2,2,2,16,2,32,33,2,2,2,2,2,2,2,34,35,36,37,38,2,2,2,2,39,40,41,2,2,2,42,2,2,2,2,2,2,2,2,2,2,43,44,2,2,2,2,26,14,14,26,26,26,26,26,27,27,27,27,27,27,27,27","0.00324487686157227","infomap","edit-xhwikibooks.graphml"
"0","0.87","0.13","0.51083019036687","1,2,1,1,1,3,4,3,5,6,7,8,3,3,5,9,10,11,12,13,2,14,15,3,3,3,3,16,1,17,18,19,20,21,12,22,5,23,2,2,2,2,14,14,14,14,2,14,14,14,2,2,2,2,2,14,14,14,14,2,24,2,2,25,26,2,2,2,2,2,14,2,27,28,2,2,2,2,2,2,2,29,30,31,32,33,2,2,2,2,34,35,36,2,2,2,37,2,2,2,2,2,2,2,2,2,2,38,39,2,2,2,2,22,12,12,22,22,22,22,22,5,5,5,5,5,5,5,5","0.00346112251281738","infomap","edit-xhwikibooks.graphml"
"0.86","0","0.14","0.395297825012358","1,2,1,1,1,3,1,3,4,5,6,1,7,3,4,8,5,6,6,9,10,2,7,7,11,12,13,8,14,5,6,6,9,9,15,16,4,16,10,10,10,10,2,2,2,2,10,2,2,2,10,10,10,10,10,2,2,2,2,10,7,10,10,7,11,10,10,10,10,10,2,10,12,12,10,10,10,10,10,10,10,13,8,8,8,14,10,10,10,10,5,6,6,10,10,10,8,10,10,10,10,10,10,10,10,10,10,9,9,10,10,10,10,15,15,15,16,15,15,15,16,4,4,4,4,4,4,4,4","0.012808084487915","infomap","edit-xhwikibooks.graphml"
"0.85","0.01","0.14","0.396835940258456","1,2,1,1,1,2,1,2,2,3,4,1,5,2,6,7,3,4,4,8,9,2,5,5,10,11,12,7,13,3,4,4,8,8,14,6,15,6,9,9,9,9,2,2,2,2,9,2,2,2,9,9,9,9,9,2,2,2,2,9,5,9,9,5,10,9,9,9,9,9,2,9,11,11,9,9,9,9,9,9,9,12,7,7,7,13,9,9,9,9,3,4,4,9,9,9,7,9,9,9,9,9,9,9,9,9,9,8,8,9,9,9,9,14,14,14,6,14,14,14,14,15,15,15,15,15,15,15,15","0.0109529495239258","infomap","edit-xhwikibooks.graphml"
"0.84","0.02","0.14","0.38928218346162","1,2,1,1,1,3,1,3,3,4,5,1,6,3,7,8,4,5,5,9,2,10,6,6,11,12,13,8,14,4,5,5,9,9,15,7,16,7,2,2,2,2,10,10,10,10,2,10,10,10,2,2,2,2,2,10,10,10,10,2,6,2,2,6,11,2,2,2,2,2,10,2,12,12,2,2,2,2,2,2,2,13,8,8,8,14,2,2,2,2,4,5,5,2,2,2,8,2,2,2,2,2,2,2,2,2,2,9,9,2,2,2,2,15,15,15,15,15,7,7,15,16,16,16,16,16,16,16,16","0.0120639801025391","infomap","edit-xhwikibooks.graphml"
"0.83","0.03","0.14","0.39684172127509","1,2,1,1,1,3,1,3,3,4,5,1,6,3,7,8,4,5,5,9,10,2,6,6,11,12,13,8,14,4,5,5,9,9,15,16,7,7,10,10,10,10,2,2,2,2,10,2,2,2,10,10,10,10,10,2,2,2,2,10,6,10,10,6,11,10,10,10,10,10,2,10,12,12,10,10,10,10,10,10,10,13,8,8,8,14,10,10,10,10,4,5,5,10,10,10,8,10,10,10,10,10,10,10,10,10,10,9,9,10,10,10,10,15,15,15,15,15,16,16,15,7,7,7,7,7,7,7,7","0.0135860443115234","infomap","edit-xhwikibooks.graphml"
"0.82","0.04","0.14","0.388565853143995","1,2,1,1,1,3,1,3,3,4,5,1,6,3,7,8,4,5,5,9,2,10,6,6,11,12,13,8,14,4,5,5,9,9,15,7,16,7,2,2,2,2,10,10,10,10,2,10,10,10,2,2,2,2,2,10,10,10,10,2,6,2,2,6,11,2,2,2,2,2,10,2,12,12,2,2,2,2,2,2,2,13,8,8,8,14,2,2,2,2,4,5,5,2,2,2,8,2,2,2,2,2,2,2,2,2,2,9,9,2,2,2,2,15,15,15,7,7,7,15,7,16,16,16,16,16,16,16,16","0.0116350650787354","infomap","edit-xhwikibooks.graphml"
"0.81","0.05","0.14","0.396360357836872","1,2,1,1,1,3,1,3,3,4,5,1,6,3,7,8,4,5,5,9,10,2,6,6,11,12,13,8,14,4,5,5,9,9,15,16,7,7,10,10,10,10,2,2,2,2,10,2,2,2,10,10,10,10,10,2,2,2,2,10,6,10,10,6,11,10,10,10,10,10,2,10,12,12,10,10,10,10,10,10,10,13,8,8,8,14,10,10,10,10,4,5,5,10,10,10,8,10,10,10,10,10,10,10,10,10,10,9,9,10,10,10,10,16,15,15,16,16,15,15,16,7,7,7,7,7,7,7,7","0.0122020244598389","infomap","edit-xhwikibooks.graphml"
"0.8","0.06","0.14","0.394399607850002","1,2,1,1,1,3,1,3,3,4,5,1,6,3,7,8,4,5,5,9,10,2,6,6,11,12,13,8,14,4,5,5,9,9,15,7,16,16,10,10,10,10,2,2,2,2,10,2,2,2,10,10,10,10,10,2,2,2,2,10,6,10,10,6,11,10,10,10,10,10,2,10,12,12,10,10,10,10,10,10,10,13,8,8,8,14,10,10,10,10,4,5,5,10,10,10,8,10,10,10,10,10,10,10,10,10,10,9,9,10,10,10,10,7,15,15,15,7,15,7,7,16,16,16,16,16,16,16,16","0.0122950077056885","infomap","edit-xhwikibooks.graphml"
"0.79","0.07","0.14","0.395879550734176","1,2,1,1,1,3,1,3,3,4,5,1,6,3,7,8,4,5,5,9,10,2,6,6,11,12,13,8,14,4,5,5,9,9,15,7,16,7,10,10,10,10,2,2,2,2,10,2,2,2,10,10,10,10,10,2,2,2,2,10,6,10,10,6,11,10,10,10,10,10,2,10,12,12,10,10,10,10,10,10,10,13,8,8,8,14,10,10,10,10,4,5,5,10,10,10,8,10,10,10,10,10,10,10,10,10,10,9,9,10,10,10,10,15,15,15,15,7,15,15,15,16,16,16,16,16,16,16,16","0.0111749172210693","infomap","edit-xhwikibooks.graphml"
"0.78","0.08","0.14","0.397725694444444","1,2,1,1,1,3,1,3,3,4,5,1,6,3,7,8,4,5,5,9,10,2,6,6,11,12,13,8,14,4,5,5,9,9,15,16,7,7,10,10,10,10,2,2,2,2,10,2,2,2,10,10,10,10,10,2,2,2,2,10,6,10,10,6,11,10,10,10,10,10,2,10,12,12,10,10,10,10,10,10,10,13,8,8,8,14,10,10,10,10,4,5,5,10,10,10,8,10,10,10,10,10,10,10,10,10,10,9,9,10,10,10,10,16,15,15,15,16,16,16,16,7,7,7,7,7,7,7,7","0.0103180408477783","infomap","edit-xhwikibooks.graphml"
"0.77","0.09","0.14","0.388820933519478","1,2,1,1,1,3,1,3,4,5,6,1,7,3,4,8,5,6,6,9,2,10,7,7,11,12,13,8,14,5,6,6,9,9,15,4,16,4,2,2,2,2,10,10,10,10,2,10,10,10,2,2,2,2,2,10,10,10,10,2,7,2,2,7,11,2,2,2,2,2,10,2,12,12,2,2,2,2,2,2,2,13,8,8,8,14,2,2,2,2,5,6,6,2,2,2,8,2,2,2,2,2,2,2,2,2,2,9,9,2,2,2,2,4,15,15,4,15,4,15,15,16,16,16,16,16,16,16,16","0.0137748718261719","infomap","edit-xhwikibooks.graphml"
"0.76","0.1","0.14","0.396041251550607","1,2,1,1,1,2,1,2,2,3,4,1,5,2,6,7,3,4,4,8,9,2,5,5,10,11,12,7,13,3,4,4,8,8,14,15,6,6,9,9,9,9,2,2,2,2,9,2,2,2,9,9,9,9,9,2,2,2,2,9,5,9,9,5,10,9,9,9,9,9,2,9,11,11,9,9,9,9,9,9,9,12,7,7,7,13,9,9,9,9,3,4,4,9,9,9,7,9,9,9,9,9,9,9,9,9,9,8,8,9,9,9,9,15,14,14,14,14,14,15,14,6,6,6,6,6,6,6,6","0.011883020401001","infomap","edit-xhwikibooks.graphml"
"0.75","0.11","0.14","0.359078270002238","1,2,1,1,1,2,1,2,2,3,4,1,5,2,6,7,3,4,4,8,2,9,5,5,10,11,12,7,13,3,4,4,8,8,14,6,15,6,2,2,2,2,9,9,9,9,2,9,9,9,2,2,2,2,2,9,9,9,9,2,5,2,2,5,10,2,2,2,2,2,9,2,11,11,2,2,2,2,2,2,2,12,7,7,7,13,2,2,2,2,3,4,4,2,2,2,7,2,2,2,2,2,2,2,2,2,2,8,8,2,2,2,2,6,14,14,14,14,14,14,14,15,15,15,15,15,15,15,15","0.0107619762420654","infomap","edit-xhwikibooks.graphml"
"0.74","0.12","0.14","0.351935489379141","1,2,1,1,1,2,1,2,2,3,4,1,5,2,6,7,3,4,4,8,9,10,5,5,11,12,13,7,14,3,4,4,8,8,15,16,6,6,9,9,9,9,2,2,2,2,9,10,2,2,9,9,9,9,9,2,2,2,2,9,5,9,9,5,11,9,9,9,9,9,2,9,12,12,9,9,9,9,9,9,9,13,7,7,7,14,9,9,9,9,3,4,4,9,9,9,7,9,9,9,9,9,9,9,9,9,9,8,8,9,9,9,9,16,15,15,15,15,16,16,16,6,6,6,6,6,6,6,6","0.0127511024475098","infomap","edit-xhwikibooks.graphml"
"0.73","0.13","0.14","0.374712726228095","1,2,1,1,1,2,1,2,2,3,4,1,5,2,6,7,3,4,4,8,9,2,5,5,10,11,12,7,13,3,4,4,8,8,14,6,15,6,9,9,9,9,2,2,2,2,9,2,2,2,9,9,9,9,9,2,2,2,2,9,5,9,9,5,10,9,9,9,9,9,2,9,11,11,9,9,9,9,9,9,9,12,7,7,7,13,9,9,9,9,3,4,4,9,9,9,7,9,9,9,9,9,9,9,9,9,9,8,8,9,9,9,9,6,14,14,6,6,14,6,6,15,15,15,15,15,15,15,15","0.00736808776855469","infomap","edit-xhwikibooks.graphml"
"0.72","0.14","0.14","0.375417444699799","1,2,1,1,1,3,1,2,3,4,5,1,6,2,3,7,4,5,5,8,9,2,6,6,10,11,12,7,13,4,5,5,8,8,14,3,15,3,9,9,9,9,2,2,2,2,9,2,2,2,9,9,9,9,9,2,2,2,2,9,6,9,9,6,10,9,9,9,9,9,2,9,11,11,9,9,9,9,9,9,9,12,7,7,7,13,9,9,9,9,4,5,5,9,9,9,7,9,9,9,9,9,9,9,9,9,9,8,8,9,9,9,9,3,14,14,14,3,3,3,14,15,15,15,15,15,15,15,15","0.00975799560546875","infomap","edit-xhwikibooks.graphml"
"0.71","0.15","0.14","0.363353048949586","1,2,1,1,1,3,1,3,3,4,5,1,6,3,3,7,4,5,5,8,2,9,6,6,10,11,3,7,2,4,5,5,8,8,12,13,14,3,2,2,2,2,9,9,9,9,2,9,9,9,2,2,2,2,2,9,9,9,9,2,15,2,2,6,10,2,2,2,2,2,9,2,11,11,2,2,2,2,2,2,2,3,7,7,7,16,2,2,2,2,17,18,19,2,2,2,7,2,2,2,2,2,2,2,2,2,2,8,8,2,2,2,2,12,12,12,13,12,12,13,12,14,14,14,14,14,14,14,14","0.00972890853881836","infomap","edit-xhwikibooks.graphml"
"0.7","0.16","0.14","0.366923947487551","1,2,1,1,1,3,1,4,3,5,6,1,4,4,3,7,5,6,6,8,2,9,4,4,4,10,11,7,2,5,6,6,8,8,12,3,13,3,2,2,2,2,9,9,9,9,2,9,9,9,2,2,2,2,2,9,9,9,9,2,14,2,2,4,4,2,2,2,2,2,9,2,10,10,2,2,2,2,2,2,2,11,7,7,7,15,2,2,2,2,16,17,18,2,2,2,7,2,2,2,2,2,2,2,2,2,2,8,8,2,2,2,2,12,12,12,12,12,3,3,3,13,13,13,13,13,13,13,13","0.0087740421295166","infomap","edit-xhwikibooks.graphml"
"0.69","0.17","0.14","0.377747055443838","1,2,1,1,1,3,1,4,3,5,6,1,4,4,3,7,5,6,6,8,9,2,4,4,4,10,11,7,2,5,6,6,8,8,12,3,13,3,9,9,9,9,2,2,2,2,9,2,2,2,9,9,9,9,9,2,2,2,2,9,14,9,9,4,4,9,9,9,9,9,2,9,10,10,9,9,9,9,9,9,9,11,7,7,7,15,9,9,9,9,16,17,18,9,9,9,7,9,9,9,9,9,9,9,9,9,9,8,8,9,9,9,9,3,12,12,3,3,12,12,12,13,13,13,13,13,13,13,13","0.00805187225341797","infomap","edit-xhwikibooks.graphml"
"0.68","0.18","0.14","0.379874759195276","1,2,1,1,1,3,1,4,3,5,6,1,4,4,3,7,5,6,6,8,9,2,4,4,10,11,4,7,2,5,6,6,8,8,12,3,13,3,9,9,9,9,2,2,2,2,9,2,2,2,9,9,9,9,9,2,2,2,2,9,14,9,9,4,10,9,9,9,9,9,2,9,11,11,9,9,9,9,9,9,9,4,7,7,7,15,9,9,9,9,16,17,18,9,9,9,7,9,9,9,9,9,9,9,9,9,9,8,8,9,9,9,9,12,12,12,3,12,3,3,12,13,13,13,13,13,13,13,13","0.00871610641479492","infomap","edit-xhwikibooks.graphml"
"0.67","0.19","0.14","0.379386316295465","1,2,1,1,1,3,1,4,3,5,6,1,4,4,3,7,5,6,6,8,9,2,4,4,10,11,4,7,2,5,6,6,8,8,12,3,13,3,9,9,9,9,2,2,2,2,9,2,2,2,9,9,9,9,9,2,2,2,2,9,14,9,9,4,10,9,9,9,9,9,2,9,11,11,9,9,9,9,9,9,9,4,7,7,7,15,9,9,9,9,16,17,18,9,9,9,7,9,9,9,9,9,9,9,9,9,9,8,8,9,9,9,9,12,12,12,3,12,12,3,12,13,13,13,13,13,13,13,13","0.0104281902313232","infomap","edit-xhwikibooks.graphml"
"0.66","0.2","0.14","0.370167184520867","1,2,1,1,1,3,1,4,3,5,6,1,4,4,3,7,5,6,6,8,2,9,4,4,4,10,11,7,2,5,6,6,8,8,12,3,13,3,2,2,2,2,9,9,9,9,2,9,9,9,2,2,2,2,2,9,9,9,9,2,14,2,2,4,4,2,2,2,2,2,9,2,10,10,2,2,2,2,2,2,2,11,7,7,7,15,2,2,2,2,16,17,18,2,2,2,7,2,2,2,2,2,2,2,2,2,2,8,8,2,2,2,2,3,12,12,12,12,12,12,12,13,13,13,13,13,13,13,13","0.0104300975799561","infomap","edit-xhwikibooks.graphml"
"0.65","0.21","0.14","0.383287405121985","1,2,1,1,1,3,1,4,3,5,6,1,4,4,3,7,5,6,6,8,9,2,4,4,4,10,11,7,2,5,6,6,8,8,12,3,13,3,9,9,9,9,2,2,2,2,9,2,2,2,9,9,9,9,9,2,2,2,2,9,14,9,9,4,4,9,9,9,9,9,2,9,10,10,9,9,9,9,9,9,9,11,7,7,7,15,9,9,9,9,16,17,18,9,9,9,7,9,9,9,9,9,9,9,9,9,9,8,8,9,9,9,9,12,12,12,12,12,3,3,12,13,13,13,13,13,13,13,13","0.012937068939209","infomap","edit-xhwikibooks.graphml"
"0.64","0.22","0.14","0.385256735701406","1,2,1,1,1,3,1,4,3,5,6,1,4,4,3,7,5,6,6,8,9,2,4,4,4,10,11,7,2,5,6,6,8,8,12,3,13,3,9,9,9,9,2,2,2,2,9,2,2,2,9,9,9,9,9,2,2,2,2,9,14,9,9,4,4,9,9,9,9,9,2,9,10,10,9,9,9,9,9,9,9,11,7,7,7,15,9,9,9,9,16,17,18,9,9,9,7,9,9,9,9,9,9,9,9,9,9,8,8,9,9,9,9,3,12,12,3,12,3,3,12,13,13,13,13,13,13,13,13","0.0118899345397949","infomap","edit-xhwikibooks.graphml"
"0.63","0.23","0.14","0.377029836489296","1,2,1,1,1,3,1,4,3,5,6,1,4,4,3,7,5,6,6,8,2,9,4,4,3,10,4,7,2,5,6,6,8,8,11,12,13,3,2,2,2,2,9,9,9,9,2,9,9,9,2,2,2,2,2,9,9,9,9,2,14,2,2,4,3,2,2,2,2,2,9,2,10,10,2,2,2,2,2,2,2,4,7,7,7,15,2,2,2,2,16,17,18,2,2,2,7,2,2,2,2,2,2,2,2,2,2,8,8,2,2,2,2,11,11,11,12,11,12,12,11,13,13,13,13,13,13,13,13","0.0131790637969971","infomap","edit-xhwikibooks.graphml"
"0.62","0.24","0.14","0.378088359360204","1,2,1,1,1,3,1,4,3,5,6,1,4,4,3,7,5,6,6,8,2,9,4,4,10,11,4,7,2,5,6,6,8,8,12,3,13,3,2,2,2,2,9,9,9,9,2,9,9,9,2,2,2,2,2,9,9,9,9,2,14,2,2,4,10,2,2,2,2,2,9,2,11,11,2,2,2,2,2,2,2,4,7,7,7,15,2,2,2,2,16,17,18,2,2,2,7,2,2,2,2,2,2,2,2,2,2,8,8,2,2,2,2,12,12,12,12,3,12,3,12,13,13,13,13,13,13,13,13","0.0125589370727539","infomap","edit-xhwikibooks.graphml"
"0.61","0.25","0.14","0.385758316505473","1,2,1,1,1,3,1,4,3,5,6,1,4,4,3,7,5,6,6,8,2,9,4,4,10,11,4,7,2,5,6,6,8,8,12,3,13,3,2,2,2,2,9,9,9,9,2,9,9,9,2,2,2,2,2,9,9,9,9,2,14,2,2,4,10,2,2,2,2,2,9,2,11,11,2,2,2,2,2,2,2,4,7,7,7,15,2,2,2,2,16,17,18,2,2,2,7,2,2,2,2,2,2,2,2,2,2,8,8,2,2,2,2,12,12,12,3,12,12,12,3,13,13,13,13,13,13,13,13","0.0118551254272461","infomap","edit-xhwikibooks.graphml"
"0.6","0.26","0.14","0.395544691253056","1,2,1,1,1,3,1,4,3,5,6,1,4,4,3,7,5,6,6,8,9,2,4,4,4,10,11,7,2,5,6,6,8,8,12,3,13,3,9,9,9,9,2,2,2,2,9,2,2,2,9,9,9,9,9,2,2,2,2,9,14,9,9,4,4,9,9,9,9,9,2,9,10,10,9,9,9,9,9,9,9,11,7,7,7,15,9,9,9,9,16,17,18,9,9,9,7,9,9,9,9,9,9,9,9,9,9,8,8,9,9,9,9,12,12,12,12,3,12,3,3,13,13,13,13,13,13,13,13","0.00922513008117676","infomap","edit-xhwikibooks.graphml"
"0.59","0.27","0.14","0.385211051157708","1,2,1,1,1,3,1,4,3,5,6,1,4,4,3,7,5,6,6,8,2,9,4,4,10,11,4,7,2,5,6,6,8,8,12,3,13,3,2,2,2,2,9,9,9,9,2,9,9,9,2,2,2,2,2,9,9,9,9,2,14,2,2,4,10,2,2,2,2,2,9,2,11,11,2,2,2,2,2,2,2,4,7,7,7,15,2,2,2,2,16,17,18,2,2,2,7,2,2,2,2,2,2,2,2,2,2,8,8,2,2,2,2,3,12,12,3,3,3,12,12,13,13,13,13,13,13,13,13","0.0131330490112305","infomap","edit-xhwikibooks.graphml"
"0.58","0.28","0.14","0.394864491444362","1,2,1,1,1,3,1,4,3,5,6,1,4,4,3,7,5,6,6,8,9,2,4,4,10,11,4,7,2,5,6,6,8,8,12,3,13,3,9,9,9,9,2,2,2,2,9,2,2,2,9,9,9,9,9,2,2,2,2,9,14,9,9,4,10,9,9,9,9,9,2,9,11,11,9,9,9,9,9,9,9,4,7,7,7,15,9,9,9,9,16,17,18,9,9,9,7,9,9,9,9,9,9,9,9,9,9,8,8,9,9,9,9,3,12,12,12,12,12,12,3,13,13,13,13,13,13,13,13","0.00685787200927734","infomap","edit-xhwikibooks.graphml"
"0.57","0.29","0.14","0.387578561299697","1,2,1,1,3,1,3,4,1,1,3,5,4,4,6,7,8,3,3,5,9,2,4,4,6,10,6,7,2,11,12,3,5,5,13,14,15,6,9,9,9,9,2,2,2,2,9,2,2,2,9,9,9,9,9,2,2,2,2,9,16,9,9,17,18,9,9,9,9,9,2,9,10,10,9,9,9,9,9,9,9,19,7,7,7,20,9,9,9,9,21,22,23,9,9,9,24,9,9,9,9,9,9,9,9,9,9,25,26,9,9,9,9,13,13,13,13,14,14,13,14,15,15,15,15,15,15,15,15","0.00810694694519043","infomap","edit-xhwikibooks.graphml"
"0.56","0.3","0.14","0.374425233502295","1,2,1,1,3,1,3,4,1,1,3,5,4,4,6,7,8,3,3,5,9,2,4,4,6,10,6,7,2,11,12,3,5,5,13,14,15,6,9,9,9,9,2,2,2,2,9,2,2,2,9,9,9,9,9,2,2,2,2,9,16,9,9,17,18,9,9,9,9,9,2,9,10,10,9,9,9,9,9,9,9,19,7,7,7,20,9,9,9,9,21,22,23,9,9,9,24,9,9,9,9,9,9,9,9,9,9,25,26,9,9,9,9,14,13,13,6,13,6,6,13,15,15,15,15,15,15,15,15","0.00496006011962891","infomap","edit-xhwikibooks.graphml"
"0.55","0.31","0.14","0.388956163194444","1,2,1,1,3,1,3,4,1,1,3,5,4,4,6,7,8,3,3,5,9,2,4,4,6,10,6,7,2,11,12,3,5,5,13,14,15,6,9,9,9,9,2,2,2,2,9,2,2,2,9,9,9,9,9,2,2,2,2,9,16,9,9,17,18,9,9,9,9,9,2,9,10,10,9,9,9,9,9,9,9,19,7,7,7,20,9,9,9,9,21,22,23,9,9,9,24,9,9,9,9,9,9,9,9,9,9,25,26,9,9,9,9,13,13,13,14,14,14,14,14,15,15,15,15,15,15,15,15","0.00600600242614746","infomap","edit-xhwikibooks.graphml"
"0.54","0.32","0.14","0.38611088299238","1,2,1,1,3,1,3,4,1,1,3,5,4,4,6,7,8,3,3,5,9,2,4,4,6,10,6,7,2,11,12,3,5,5,13,14,15,14,9,9,9,9,2,2,2,2,9,2,2,2,9,9,9,9,9,2,2,2,2,9,16,9,9,17,18,9,9,9,9,9,2,9,10,10,9,9,9,9,9,9,9,19,7,7,7,20,9,9,9,9,21,22,23,9,9,9,24,9,9,9,9,9,9,9,9,9,9,25,26,9,9,9,9,13,13,13,13,13,14,13,13,15,15,15,15,15,15,15,15","0.00576305389404297","infomap","edit-xhwikibooks.graphml"
"0.53","0.33","0.14","0.378144976897576","1,2,1,1,3,1,3,4,1,1,3,5,4,4,6,7,8,3,3,5,2,9,4,4,6,10,6,7,2,11,12,3,5,5,13,14,15,6,2,2,2,2,9,9,9,9,2,9,9,9,2,2,2,2,2,9,9,9,9,2,16,2,2,17,18,2,2,2,2,2,9,2,10,10,2,2,2,2,2,2,2,19,7,7,7,20,2,2,2,2,21,22,23,2,2,2,24,2,2,2,2,2,2,2,2,2,2,25,26,2,2,2,2,13,13,13,14,14,13,14,14,15,15,15,15,15,15,15,15","0.00644993782043457","infomap","edit-xhwikibooks.graphml"
"0.52","0.34","0.14","0.41438564971384","1,2,1,1,3,1,3,4,1,1,3,5,4,4,6,7,8,3,3,5,9,2,4,4,6,10,6,7,2,11,12,3,5,5,13,14,15,6,9,9,9,9,2,2,2,2,9,2,2,2,9,9,9,9,9,2,2,2,2,9,16,9,9,17,18,9,9,9,9,9,2,9,10,10,9,9,9,9,9,9,9,19,7,7,7,20,9,9,9,9,21,22,23,9,9,9,24,9,9,9,9,9,9,9,9,9,9,25,26,9,9,9,9,13,13,13,14,14,13,13,13,15,15,15,15,15,15,15,15","0.00574493408203125","infomap","edit-xhwikibooks.graphml"
"0.51","0.35","0.14","0.41423931776795","1,2,1,1,3,1,3,4,1,1,3,5,4,4,6,7,8,3,3,5,9,2,4,4,6,10,6,7,2,11,12,3,5,5,13,14,15,6,9,9,9,9,2,2,2,2,9,2,2,2,9,9,9,9,9,2,2,2,2,9,16,9,9,17,18,9,9,9,9,9,2,9,10,10,9,9,9,9,9,9,9,19,7,7,7,20,9,9,9,9,21,22,23,9,9,9,24,9,9,9,9,9,9,9,9,9,9,25,26,9,9,9,9,14,13,13,13,13,13,13,13,15,15,15,15,15,15,15,15","0.00572490692138672","infomap","edit-xhwikibooks.graphml"
"0.5","0.36","0.14","0.404349639081977","1,2,1,1,3,1,3,4,1,1,3,5,4,4,6,7,8,3,3,5,2,9,4,4,6,10,6,7,2,11,12,3,5,5,13,14,15,6,2,2,2,2,9,9,9,9,2,9,9,9,2,2,2,2,2,9,9,9,9,2,16,2,2,17,18,2,2,2,2,2,9,2,10,10,2,2,2,2,2,2,2,19,7,7,7,20,2,2,2,2,21,22,23,2,2,2,24,2,2,2,2,2,2,2,2,2,2,25,26,2,2,2,2,13,13,13,13,13,14,13,14,15,15,15,15,15,15,15,15","0.00628304481506348","infomap","edit-xhwikibooks.graphml"
"0.49","0.37","0.14","0.430194851199754","1,2,1,1,3,1,3,4,1,1,3,5,4,4,6,7,8,3,3,5,2,9,4,4,6,10,6,7,2,11,12,3,5,5,6,6,13,6,2,2,2,2,9,9,9,9,2,9,9,9,2,2,2,2,2,9,9,9,9,2,14,2,2,15,16,2,2,2,2,2,9,2,10,10,2,2,2,2,2,2,2,17,7,7,7,18,2,2,2,2,19,20,21,2,2,2,22,2,2,2,2,2,2,2,2,2,2,23,24,2,2,2,2,6,6,6,6,6,6,6,6,13,13,13,13,13,13,13,13","0.00719881057739258","infomap","edit-xhwikibooks.graphml"
"0.48","0.38","0.14","0.415092710471042","1,2,1,1,3,1,3,4,1,1,3,5,4,4,6,7,8,3,3,5,9,2,4,4,6,10,6,7,2,11,12,3,5,5,13,14,15,6,9,9,9,9,2,2,2,2,9,2,2,2,9,9,9,9,9,2,2,2,2,9,16,9,9,17,18,9,9,9,9,9,2,9,10,10,9,9,9,9,9,9,9,19,7,7,7,20,9,9,9,9,21,22,23,9,9,9,24,9,9,9,9,9,9,9,9,9,9,25,26,9,9,9,9,13,13,13,14,13,14,14,13,15,15,15,15,15,15,15,15","0.00391697883605957","infomap","edit-xhwikibooks.graphml"
"0.47","0.39","0.14","0.405092","1,2,1,1,3,1,3,4,1,1,3,5,4,4,6,7,8,3,3,5,2,9,4,4,6,10,6,7,2,11,12,3,5,5,13,14,15,6,2,2,2,2,9,9,9,9,2,9,9,9,2,2,2,2,2,9,9,9,9,2,16,2,2,17,18,2,2,2,2,2,9,2,10,10,2,2,2,2,2,2,2,19,7,7,7,20,2,2,2,2,21,22,23,2,2,2,24,2,2,2,2,2,2,2,2,2,2,25,26,2,2,2,2,14,13,13,13,14,13,13,13,15,15,15,15,15,15,15,15","0.00595402717590332","infomap","edit-xhwikibooks.graphml"
"0.46","0.4","0.14","0.420378326462695","1,2,1,1,3,1,3,4,1,1,3,5,4,4,6,7,8,3,3,5,9,2,4,4,6,10,6,7,2,11,12,3,5,5,13,14,15,6,9,9,9,9,2,2,2,2,9,2,2,2,9,9,9,9,9,2,2,2,2,9,16,9,9,17,18,9,9,9,9,9,2,9,10,10,9,9,9,9,9,9,9,19,7,7,7,20,9,9,9,9,21,22,23,9,9,9,24,9,9,9,9,9,9,9,9,9,9,25,26,9,9,9,9,13,13,13,13,14,13,14,13,15,15,15,15,15,15,15,15","0.00638008117675781","infomap","edit-xhwikibooks.graphml"
"0.45","0.41","0.14","0.41898","1,2,1,1,3,1,3,4,1,1,3,5,4,4,6,7,8,3,3,5,9,2,4,4,4,10,4,7,2,11,12,3,5,5,13,6,14,6,9,9,9,9,2,2,2,2,9,2,2,2,9,9,9,9,9,2,2,2,2,9,15,9,9,16,17,9,9,9,9,9,2,9,10,10,9,9,9,9,9,9,9,18,7,7,7,19,9,9,9,9,20,21,22,9,9,9,23,9,9,9,9,9,9,9,9,9,9,24,25,9,9,9,9,6,13,13,6,6,13,6,13,14,14,14,14,14,14,14,14","0.0104508399963379","infomap","edit-xhwikibooks.graphml"
"0.44","0.42","0.14","0.418464468269051","1,2,1,1,3,1,3,4,1,1,3,5,4,4,6,7,8,3,3,5,9,2,4,4,4,10,4,7,2,11,12,3,5,5,13,6,14,6,9,9,9,9,2,2,2,2,9,2,2,2,9,9,9,9,9,2,2,2,2,9,15,9,9,16,17,9,9,9,9,9,2,9,10,10,9,9,9,9,9,9,9,18,7,7,7,19,9,9,9,9,20,21,22,9,9,9,23,9,9,9,9,9,9,9,9,9,9,24,25,9,9,9,9,6,13,13,13,13,6,6,13,14,14,14,14,14,14,14,14","0.00808310508728027","infomap","edit-xhwikibooks.graphml"
"0.43","0.43","0.14","0.386398517905161","1,2,1,3,4,3,5,6,3,3,5,7,6,6,8,3,9,10,5,11,2,12,13,6,6,8,6,3,2,14,15,16,11,17,18,19,20,8,2,2,2,2,12,12,12,12,2,12,12,12,2,2,2,2,2,12,12,12,12,2,21,2,2,22,23,2,2,2,2,2,12,2,24,25,2,2,2,2,2,2,2,26,27,28,29,30,2,2,2,2,31,32,33,2,2,2,34,2,2,2,2,2,2,2,2,2,2,35,36,2,2,2,2,18,18,18,18,18,19,19,19,20,20,20,20,20,20,20,20","0.00537490844726562","infomap","edit-xhwikibooks.graphml"
"0.42","0.44","0.14","0.42442107455227","1,2,1,3,4,3,5,6,3,3,5,7,6,6,8,3,9,10,5,11,12,2,13,6,6,8,6,3,2,14,15,16,11,17,18,18,19,8,12,12,12,12,2,2,2,2,12,2,2,2,12,12,12,12,12,2,2,2,2,12,20,12,12,21,22,12,12,12,12,12,2,12,23,24,12,12,12,12,12,12,12,25,26,27,28,29,12,12,12,12,30,31,32,12,12,12,33,12,12,12,12,12,12,12,12,12,12,34,35,12,12,12,12,18,18,18,18,18,18,18,18,19,19,19,19,19,19,19,19","0.0049440860748291","infomap","edit-xhwikibooks.graphml"
"0.41","0.45","0.14","0.392701930068081","1,2,1,3,4,3,5,6,3,3,5,7,6,6,8,3,9,10,5,11,2,12,13,6,6,8,6,3,2,14,15,16,11,17,18,8,19,8,2,2,2,2,12,12,12,12,2,12,12,12,2,2,2,2,2,12,12,12,12,2,20,2,2,21,22,2,2,2,2,2,12,2,23,24,2,2,2,2,2,2,2,25,26,27,28,29,2,2,2,2,30,31,32,2,2,2,33,2,2,2,2,2,2,2,2,2,2,34,35,2,2,2,2,18,18,18,8,18,18,8,8,19,19,19,19,19,19,19,19","0.00365614891052246","infomap","edit-xhwikibooks.graphml"
"0.4","0.46","0.14","0.404624170434768","1,2,1,3,4,3,5,6,3,3,5,7,6,6,8,3,9,10,5,11,12,2,13,6,6,8,6,3,2,14,15,16,11,17,18,8,19,8,12,12,12,12,2,2,2,2,12,2,2,2,12,12,12,12,12,2,2,2,2,12,20,12,12,21,22,12,12,12,12,12,2,12,23,24,12,12,12,12,12,12,12,25,26,27,28,29,12,12,12,12,30,31,32,12,12,12,33,12,12,12,12,12,12,12,12,12,12,34,35,12,12,12,12,8,18,18,18,18,8,18,8,19,19,19,19,19,19,19,19","0.00374603271484375","infomap","edit-xhwikibooks.graphml"
"0.39","0.47","0.14","0.391729089150781","1,2,1,3,4,3,5,6,3,3,5,7,6,6,8,3,9,10,5,11,2,12,13,6,6,8,6,3,2,14,15,16,11,17,18,19,20,8,2,2,2,2,12,12,12,12,2,12,12,12,2,2,2,2,2,12,12,12,12,2,21,2,2,22,23,2,2,2,2,2,12,2,24,25,2,2,2,2,2,2,2,26,27,28,29,30,2,2,2,2,31,32,33,2,2,2,34,2,2,2,2,2,2,2,2,2,2,35,36,2,2,2,2,19,18,18,19,18,19,18,19,20,20,20,20,20,20,20,20","0.00431680679321289","infomap","edit-xhwikibooks.graphml"
"0.38","0.48","0.14","0.391090705030099","1,2,1,3,4,3,5,6,3,3,5,7,6,6,8,3,9,10,5,11,2,12,13,6,6,8,6,3,2,14,15,16,11,17,18,19,20,8,2,2,2,2,12,12,12,12,2,12,12,12,2,2,2,2,2,12,12,12,12,2,21,2,2,22,23,2,2,2,2,2,12,2,24,25,2,2,2,2,2,2,2,26,27,28,29,30,2,2,2,2,31,32,33,2,2,2,34,2,2,2,2,2,2,2,2,2,2,35,36,2,2,2,2,19,18,18,18,19,19,18,18,20,20,20,20,20,20,20,20","0.00378179550170898","infomap","edit-xhwikibooks.graphml"
"0.37","0.49","0.14","0.40351188654219","1,2,1,3,4,3,5,6,3,3,5,7,6,6,8,3,9,10,5,11,12,2,13,6,6,8,6,3,2,14,15,16,11,17,18,19,20,8,12,12,12,12,2,2,2,2,12,2,2,2,12,12,12,12,12,2,2,2,2,12,21,12,12,22,23,12,12,12,12,12,2,12,24,25,12,12,12,12,12,12,12,26,27,28,29,30,12,12,12,12,31,32,33,12,12,12,34,12,12,12,12,12,12,12,12,12,12,35,36,12,12,12,12,19,18,18,18,19,19,18,19,20,20,20,20,20,20,20,20","0.00383710861206055","infomap","edit-xhwikibooks.graphml"
"0.36","0.5","0.14","0.466740397805212","1,2,1,3,4,3,5,6,3,3,5,7,6,6,8,3,9,10,5,11,12,2,13,6,6,6,6,3,2,14,15,16,11,17,18,8,19,8,12,12,12,12,2,2,2,2,12,2,2,2,12,12,12,12,12,2,2,2,2,12,20,12,12,21,22,12,12,12,12,12,2,12,23,24,12,12,12,12,12,12,12,25,26,27,28,29,12,12,12,12,30,31,32,12,12,12,33,12,12,12,12,12,12,12,12,12,12,34,35,12,12,12,12,8,18,18,18,8,18,18,18,19,19,19,19,19,19,19,19","0.00388908386230469","infomap","edit-xhwikibooks.graphml"
"0.35","0.51","0.14","0.466740397805212","1,2,1,3,4,3,5,6,3,3,5,7,6,6,8,3,9,10,5,11,12,2,13,6,6,6,6,3,2,14,15,16,11,17,18,8,19,8,12,12,12,12,2,2,2,2,12,2,2,2,12,12,12,12,12,2,2,2,2,12,20,12,12,21,22,12,12,12,12,12,2,12,23,24,12,12,12,12,12,12,12,25,26,27,28,29,12,12,12,12,30,31,32,12,12,12,33,12,12,12,12,12,12,12,12,12,12,34,35,12,12,12,12,8,18,18,18,18,18,8,18,19,19,19,19,19,19,19,19","0.00448012351989746","infomap","edit-xhwikibooks.graphml"
"0.34","0.52","0.14","0.466740397805212","1,2,1,3,4,3,5,6,3,3,5,7,6,6,8,3,9,10,5,11,12,2,13,6,6,6,6,3,2,14,15,16,11,17,18,8,19,8,12,12,12,12,2,2,2,2,12,2,2,2,12,12,12,12,12,2,2,2,2,12,20,12,12,21,22,12,12,12,12,12,2,12,23,24,12,12,12,12,12,12,12,25,26,27,28,29,12,12,12,12,30,31,32,12,12,12,33,12,12,12,12,12,12,12,12,12,12,34,35,12,12,12,12,8,18,18,8,18,18,18,18,19,19,19,19,19,19,19,19","0.00394320487976074","infomap","edit-xhwikibooks.graphml"
"0.33","0.53","0.14","0.453613319621021","1,2,1,3,4,3,5,6,3,3,5,7,6,6,8,3,9,10,5,11,2,12,13,6,6,6,6,3,2,14,15,16,11,17,18,8,19,8,2,2,2,2,12,12,12,12,2,12,12,12,2,2,2,2,2,12,12,12,12,2,20,2,2,21,22,2,2,2,2,2,12,2,23,24,2,2,2,2,2,2,2,25,26,27,28,29,2,2,2,2,30,31,32,2,2,2,33,2,2,2,2,2,2,2,2,2,2,34,35,2,2,2,2,8,18,18,8,8,18,18,8,19,19,19,19,19,19,19,19","0.00384712219238281","infomap","edit-xhwikibooks.graphml"
"0.32","0.54","0.14","0.465783758391089","1,2,1,3,4,3,5,6,3,3,5,7,6,6,8,3,9,10,5,11,12,2,13,6,6,6,6,3,2,14,15,16,11,17,18,8,19,8,12,12,12,12,2,2,2,2,12,2,2,2,12,12,12,12,12,2,2,2,2,12,20,12,12,21,22,12,12,12,12,12,2,12,23,24,12,12,12,12,12,12,12,25,26,27,28,29,12,12,12,12,30,31,32,12,12,12,33,12,12,12,12,12,12,12,12,12,12,34,35,12,12,12,12,8,18,18,18,18,8,8,18,19,19,19,19,19,19,19,19","0.00381207466125488","infomap","edit-xhwikibooks.graphml"
"0.31","0.55","0.14","0.465395691779796","1,2,1,3,4,3,5,6,3,3,5,7,6,6,8,3,9,10,5,11,12,2,13,6,6,6,6,3,2,14,15,16,11,17,18,8,19,8,12,12,12,12,2,2,2,2,12,2,2,2,12,12,12,12,12,2,2,2,2,12,20,12,12,21,22,12,12,12,12,12,2,12,23,24,12,12,12,12,12,12,12,25,26,27,28,29,12,12,12,12,30,31,32,12,12,12,33,12,12,12,12,12,12,12,12,12,12,34,35,12,12,12,12,18,18,18,8,8,8,18,18,19,19,19,19,19,19,19,19","0.00376987457275391","infomap","edit-xhwikibooks.graphml"
"0.3","0.56","0.14","0.460748269896194","1,2,1,3,4,3,5,6,3,3,5,7,6,6,6,3,8,9,5,10,2,11,12,6,6,6,6,3,2,13,14,15,10,16,17,18,19,6,2,2,2,2,11,11,11,11,2,11,11,11,2,2,2,2,2,11,11,11,11,2,20,2,2,21,22,2,2,2,2,2,11,2,23,24,2,2,2,2,2,2,2,25,26,27,28,29,2,2,2,2,30,31,32,2,2,2,33,2,2,2,2,2,2,2,2,2,2,34,35,2,2,2,2,18,17,17,17,18,17,17,18,19,19,19,19,19,19,19,19","0.00374794006347656","infomap","edit-xhwikibooks.graphml"
"0.29","0.57","0.14","0.457945834070887","1,2,1,3,4,3,5,6,3,3,7,8,6,6,6,3,9,10,11,12,2,13,14,6,6,6,6,3,2,15,16,17,18,19,11,20,21,6,2,2,2,2,13,13,13,13,2,13,13,13,2,2,2,2,2,13,13,13,13,2,22,2,2,23,24,2,2,2,2,2,13,2,25,26,2,2,2,2,2,2,2,27,28,29,30,31,2,2,2,2,32,33,34,2,2,2,35,2,2,2,2,2,2,2,2,2,2,36,37,2,2,2,2,20,11,11,20,11,20,20,11,21,21,21,21,21,21,21,21","0.00379109382629395","infomap","edit-xhwikibooks.graphml"
"0.28","0.58","0.14","0.510475549196196","1,2,1,3,4,3,5,6,3,3,7,8,6,6,6,3,9,10,11,12,13,2,14,6,6,6,6,3,2,15,16,17,18,19,11,11,20,6,13,13,13,13,2,2,2,2,13,2,2,2,13,13,13,13,13,2,2,2,2,13,21,13,13,22,23,13,13,13,13,13,2,13,24,25,13,13,13,13,13,13,13,26,27,28,29,30,13,13,13,13,31,32,33,13,13,13,34,13,13,13,13,13,13,13,13,13,13,35,36,13,13,13,13,11,11,11,11,11,11,11,11,20,20,20,20,20,20,20,20","0.0038459300994873","infomap","edit-xhwikibooks.graphml"
"0.27","0.59","0.14","0.542776","1,2,1,3,4,3,5,6,3,3,7,8,6,6,6,3,9,10,11,12,13,2,14,6,6,6,6,3,2,15,16,17,18,19,11,11,20,6,13,13,13,13,2,2,2,2,13,2,2,2,13,13,13,13,13,2,2,2,2,13,21,13,13,22,23,13,13,13,13,13,2,13,24,25,13,13,13,13,13,13,13,26,27,28,29,30,13,13,13,13,31,32,33,13,13,13,34,13,13,13,13,13,13,13,13,13,13,35,36,13,13,13,13,11,11,11,11,11,11,11,11,20,20,20,20,20,20,20,20","0.00366401672363281","infomap","edit-xhwikibooks.graphml"
"0.26","0.6","0.14","0.492996142918366","1,2,1,3,4,3,5,6,3,3,7,8,6,6,6,3,9,10,11,12,2,13,14,6,6,6,6,3,2,15,16,17,18,19,20,11,21,6,2,2,2,2,13,13,13,13,2,13,13,13,2,2,2,2,2,13,13,13,13,2,22,2,2,23,24,2,2,2,2,2,13,2,25,26,2,2,2,2,2,2,2,27,28,29,30,31,2,2,2,2,32,33,34,2,2,2,35,2,2,2,2,2,2,2,2,2,2,36,37,2,2,2,2,11,11,11,11,11,20,11,11,21,21,21,21,21,21,21,21","0.00368809700012207","infomap","edit-xhwikibooks.graphml"
"0.25","0.61","0.14","0.498668031572","1,2,1,3,4,3,5,6,3,3,7,8,6,6,6,3,9,10,11,12,2,13,14,6,6,6,6,3,2,15,16,17,18,19,11,20,21,6,2,2,2,2,13,13,13,13,2,13,13,13,2,2,2,2,2,13,13,13,13,2,22,2,2,23,24,2,2,2,2,2,13,2,25,26,2,2,2,2,2,2,2,27,28,29,30,31,2,2,2,2,32,33,34,2,2,2,35,2,2,2,2,2,2,2,2,2,2,36,37,2,2,2,2,20,11,11,20,20,20,11,20,21,21,21,21,21,21,21,21","0.00553107261657715","infomap","edit-xhwikibooks.graphml"
"0.24","0.62","0.14","0.509799039309872","1,2,1,3,4,3,5,6,3,3,7,8,6,6,6,3,9,10,11,12,13,2,14,6,6,6,6,3,2,15,16,17,18,19,11,20,21,6,13,13,13,13,2,2,2,2,13,2,2,2,13,13,13,13,13,2,2,2,2,13,22,13,13,23,24,13,13,13,13,13,2,13,25,26,13,13,13,13,13,13,13,27,28,29,30,31,13,13,13,13,32,33,34,13,13,13,35,13,13,13,13,13,13,13,13,13,13,36,37,13,13,13,13,11,11,11,11,11,20,11,20,21,21,21,21,21,21,21,21","0.0295250415802002","infomap","edit-xhwikibooks.graphml"
"0.23","0.63","0.14","0.49600056242091","1,2,1,3,4,3,5,6,3,3,7,8,6,6,6,3,9,10,11,12,2,13,14,6,6,6,6,3,2,15,16,17,18,19,11,20,21,6,2,2,2,2,13,13,13,13,2,13,13,13,2,2,2,2,2,13,13,13,13,2,22,2,2,23,24,2,2,2,2,2,13,2,25,26,2,2,2,2,2,2,2,27,28,29,30,31,2,2,2,2,32,33,34,2,2,2,35,2,2,2,2,2,2,2,2,2,2,36,37,2,2,2,2,20,11,11,11,11,20,20,20,21,21,21,21,21,21,21,21","0.00450491905212402","infomap","edit-xhwikibooks.graphml"
"0.22","0.64","0.14","0.494088721898483","1,2,1,3,4,3,5,6,3,3,7,8,6,6,6,3,9,10,11,12,2,13,14,6,6,6,6,3,2,15,16,17,18,19,11,20,21,6,2,2,2,2,13,13,13,13,2,13,13,13,2,2,2,2,2,13,13,13,13,2,22,2,2,23,24,2,2,2,2,2,13,2,25,26,2,2,2,2,2,2,2,27,28,29,30,31,2,2,2,2,32,33,34,2,2,2,35,2,2,2,2,2,2,2,2,2,2,36,37,2,2,2,2,20,11,11,11,11,11,20,20,21,21,21,21,21,21,21,21","0.00453090667724609","infomap","edit-xhwikibooks.graphml"
"0.21","0.65","0.14","0.50685666935098","1,2,1,3,4,3,5,6,3,3,7,8,6,6,6,3,9,10,11,12,13,2,14,6,6,6,6,3,2,15,16,17,18,19,11,20,21,6,13,13,13,13,2,2,2,2,13,2,2,2,13,13,13,13,13,2,2,2,2,13,22,13,13,23,24,13,13,13,13,13,2,13,25,26,13,13,13,13,13,13,13,27,28,29,30,31,13,13,13,13,32,33,34,13,13,13,35,13,13,13,13,13,13,13,13,13,13,36,37,13,13,13,13,11,11,11,20,11,20,20,11,21,21,21,21,21,21,21,21","0.00439000129699707","infomap","edit-xhwikibooks.graphml"
"0.2","0.66","0.14","0.495302452061669","1,2,1,3,4,3,5,6,3,3,7,8,6,6,6,3,9,10,11,12,2,13,14,6,6,6,6,3,2,15,16,17,18,19,11,20,21,6,2,2,2,2,13,13,13,13,2,13,13,13,2,2,2,2,2,13,13,13,13,2,22,2,2,23,24,2,2,2,2,2,13,2,25,26,2,2,2,2,2,2,2,27,28,29,30,31,2,2,2,2,32,33,34,2,2,2,35,2,2,2,2,2,2,2,2,2,2,36,37,2,2,2,2,20,11,11,11,20,11,20,20,21,21,21,21,21,21,21,21","0.00444412231445312","infomap","edit-xhwikibooks.graphml"
"0.19","0.67","0.14","0.522173779010878","1,2,1,3,4,3,5,6,3,3,7,8,6,6,9,3,10,11,12,13,14,2,15,6,6,6,6,3,2,16,17,18,19,20,12,9,21,9,14,14,14,14,2,2,2,2,14,2,2,2,14,14,14,14,14,2,2,2,2,14,22,14,14,23,24,14,14,14,14,14,2,14,25,26,14,14,14,14,14,14,14,27,28,29,30,31,14,14,14,14,32,33,34,14,14,14,35,14,14,14,14,14,14,14,14,14,14,36,37,14,14,14,14,12,12,12,12,12,9,9,12,21,21,21,21,21,21,21,21","0.00441598892211914","infomap","edit-xhwikibooks.graphml"
"0.18","0.68","0.14","0.509672127537764","1,2,1,3,4,3,5,6,3,3,7,8,6,6,9,3,10,11,12,13,2,14,15,6,6,6,6,3,2,16,17,18,19,20,12,9,21,9,2,2,2,2,14,14,14,14,2,14,14,14,2,2,2,2,2,14,14,14,14,2,22,2,2,23,24,2,2,2,2,2,14,2,25,26,2,2,2,2,2,2,2,27,28,29,30,31,2,2,2,2,32,33,34,2,2,2,35,2,2,2,2,2,2,2,2,2,2,36,37,2,2,2,2,12,12,12,12,12,9,12,9,21,21,21,21,21,21,21,21","0.00528192520141602","infomap","edit-xhwikibooks.graphml"
"0.17","0.69","0.14","0.517178051776266","1,2,1,3,4,3,5,6,3,3,7,8,6,6,9,3,10,11,9,12,2,13,14,6,6,6,6,3,2,15,16,17,18,19,9,9,20,9,2,2,2,2,13,13,13,13,2,13,13,13,2,2,2,2,2,13,13,13,13,2,21,2,2,22,23,2,2,2,2,2,13,2,24,25,2,2,2,2,2,2,2,26,27,28,29,30,2,2,2,2,31,32,33,2,2,2,34,2,2,2,2,2,2,2,2,2,2,35,36,2,2,2,2,9,9,9,9,9,9,9,9,20,20,20,20,20,20,20,20","0.00507879257202148","infomap","edit-xhwikibooks.graphml"
"0.16","0.7","0.14","0.518868738358985","1,2,1,3,4,3,5,6,3,3,7,8,6,6,9,3,10,11,9,12,2,13,14,6,6,6,6,3,2,15,16,17,18,19,9,9,20,9,2,2,2,2,13,13,13,13,2,13,13,13,2,2,2,2,2,13,13,13,13,2,21,2,2,22,23,2,2,2,2,2,13,2,24,25,2,2,2,2,2,2,2,26,27,28,29,30,2,2,2,2,31,32,33,2,2,2,34,2,2,2,2,2,2,2,2,2,2,35,36,2,2,2,2,9,9,9,9,9,9,9,9,20,20,20,20,20,20,20,20","0.0043950080871582","infomap","edit-xhwikibooks.graphml"
"0.15","0.71","0.14","0.49321","1,2,1,3,4,5,6,5,7,8,9,10,5,5,7,5,11,12,13,14,2,15,16,5,7,7,7,17,18,19,20,21,22,23,13,24,25,7,2,2,2,2,15,15,15,15,2,15,15,15,2,2,2,2,2,15,15,15,15,2,26,2,2,27,28,2,2,2,2,2,15,2,29,30,2,2,2,2,2,2,2,31,32,33,34,35,2,2,2,2,36,37,38,2,2,2,39,2,2,2,2,2,2,2,2,2,2,40,41,2,2,2,2,24,13,13,24,24,24,24,24,25,25,25,25,25,25,25,25","0.00454998016357422","infomap","edit-xhwikibooks.graphml"
"0.14","0.72","0.14","0.498355789714991","1,2,1,3,4,5,6,5,7,8,9,10,5,5,7,5,11,12,13,14,2,15,16,5,7,7,7,17,18,19,20,21,22,23,13,24,25,7,2,2,2,2,15,15,15,15,2,15,15,15,2,2,2,2,2,15,15,15,15,2,26,2,2,27,28,2,2,2,2,2,15,2,29,30,2,2,2,2,2,2,2,31,32,33,34,35,2,2,2,2,36,37,38,2,2,2,39,2,2,2,2,2,2,2,2,2,2,40,41,2,2,2,2,24,13,13,24,24,24,24,24,25,25,25,25,25,25,25,25","0.00469398498535156","infomap","edit-xhwikibooks.graphml"
"0.13","0.73","0.14","0.498355789714991","1,2,1,3,4,5,6,5,7,8,9,10,5,5,7,5,11,12,13,14,2,15,16,5,7,7,7,17,18,19,20,21,22,23,13,24,25,7,2,2,2,2,15,15,15,15,2,15,15,15,2,2,2,2,2,15,15,15,15,2,26,2,2,27,28,2,2,2,2,2,15,2,29,30,2,2,2,2,2,2,2,31,32,33,34,35,2,2,2,2,36,37,38,2,2,2,39,2,2,2,2,2,2,2,2,2,2,40,41,2,2,2,2,24,13,13,24,24,24,24,24,25,25,25,25,25,25,25,25","0.00433206558227539","infomap","edit-xhwikibooks.graphml"
"0.12","0.74","0.14","0.498355789714991","1,2,1,3,4,5,6,5,7,8,9,10,5,5,7,5,11,12,13,14,2,15,16,5,7,7,7,17,18,19,20,21,22,23,13,24,25,7,2,2,2,2,15,15,15,15,2,15,15,15,2,2,2,2,2,15,15,15,15,2,26,2,2,27,28,2,2,2,2,2,15,2,29,30,2,2,2,2,2,2,2,31,32,33,34,35,2,2,2,2,36,37,38,2,2,2,39,2,2,2,2,2,2,2,2,2,2,40,41,2,2,2,2,24,13,13,24,24,24,24,24,25,25,25,25,25,25,25,25","0.00513100624084473","infomap","edit-xhwikibooks.graphml"
"0.11","0.75","0.14","0.502832144843979","1,2,1,3,4,5,6,5,7,8,9,10,5,5,7,5,11,12,13,14,2,15,16,5,7,7,7,17,18,19,20,21,22,23,13,24,25,7,2,2,2,2,15,15,15,15,2,15,15,15,2,2,2,2,2,15,15,15,15,2,26,2,2,27,28,2,2,2,2,2,15,2,29,30,2,2,2,2,2,2,2,31,32,33,34,35,2,2,2,2,36,37,38,2,2,2,39,2,2,2,2,2,2,2,2,2,2,40,41,2,2,2,2,24,13,13,24,24,24,24,24,25,25,25,25,25,25,25,25","0.00519609451293945","infomap","edit-xhwikibooks.graphml"
"0.1","0.76","0.14","0.502832144843979","1,2,1,3,4,5,6,5,7,8,9,10,5,5,7,5,11,12,13,14,2,15,16,5,7,7,7,17,18,19,20,21,22,23,13,24,25,7,2,2,2,2,15,15,15,15,2,15,15,15,2,2,2,2,2,15,15,15,15,2,26,2,2,27,28,2,2,2,2,2,15,2,29,30,2,2,2,2,2,2,2,31,32,33,34,35,2,2,2,2,36,37,38,2,2,2,39,2,2,2,2,2,2,2,2,2,2,40,41,2,2,2,2,24,13,13,24,24,24,24,24,25,25,25,25,25,25,25,25","0.00484395027160645","infomap","edit-xhwikibooks.graphml"
"0.09","0.77","0.14","0.530037122574245","1,2,1,3,4,5,6,5,7,8,9,10,5,5,7,5,11,12,13,14,2,15,16,5,7,7,7,17,18,19,20,21,22,23,13,13,24,7,2,2,2,2,15,15,15,15,2,15,15,15,2,2,2,2,2,15,15,15,15,2,25,2,2,26,27,2,2,2,2,2,15,2,28,29,2,2,2,2,2,2,2,30,31,32,33,34,2,2,2,2,35,36,37,2,2,2,38,2,2,2,2,2,2,2,2,2,2,39,40,2,2,2,2,13,13,13,13,13,13,13,13,24,24,24,24,24,24,24,24","0.00353789329528809","infomap","edit-xhwikibooks.graphml"
"0.08","0.78","0.14","0.501222610473633","1,2,1,3,4,5,6,5,7,8,9,10,5,5,7,5,11,12,7,13,2,14,15,5,5,5,5,16,17,18,19,20,21,22,7,7,23,7,2,2,2,2,14,14,14,14,2,14,14,14,2,2,2,2,2,14,14,14,14,2,24,2,2,25,26,2,2,2,2,2,14,2,27,28,2,2,2,2,2,2,2,29,30,31,32,33,2,2,2,2,34,35,36,2,2,2,37,2,2,2,2,2,2,2,2,2,2,38,39,2,2,2,2,40,7,7,40,40,40,40,40,23,23,23,23,23,23,23,23","0.00348615646362305","infomap","edit-xhwikibooks.graphml"
"0.07","0.79","0.14","0.50645637512207","1,2,1,3,4,5,6,5,7,8,9,10,5,5,7,5,11,12,13,14,2,15,16,5,7,7,7,17,18,19,20,21,22,23,13,24,25,7,2,2,2,2,15,15,15,15,2,15,15,15,2,2,2,2,2,15,15,15,15,2,26,2,2,27,28,2,2,2,2,2,15,2,29,30,2,2,2,2,2,2,2,31,32,33,34,35,2,2,2,2,36,37,38,2,2,2,39,2,2,2,2,2,2,2,2,2,2,40,41,2,2,2,2,24,13,13,24,24,24,24,24,25,25,25,25,25,25,25,25","0.00502490997314453","infomap","edit-xhwikibooks.graphml"
"0.06","0.8","0.14","0.50896597228768","1,2,1,3,4,5,6,5,7,8,9,10,5,5,7,5,11,12,13,14,2,15,16,5,7,7,7,17,18,19,20,21,22,23,13,24,25,7,2,2,2,2,15,15,15,15,2,15,15,15,2,2,2,2,2,15,15,15,15,2,26,2,2,27,28,2,2,2,2,2,15,2,29,30,2,2,2,2,2,2,2,31,32,33,34,35,2,2,2,2,36,37,38,2,2,2,39,2,2,2,2,2,2,2,2,2,2,40,41,2,2,2,2,24,13,13,24,24,24,24,24,25,25,25,25,25,25,25,25","0.00403308868408203","infomap","edit-xhwikibooks.graphml"
"0.05","0.81","0.14","0.50896597228768","1,2,1,3,4,5,6,5,7,8,9,10,5,5,7,5,11,12,13,14,2,15,16,5,7,7,7,17,18,19,20,21,22,23,13,24,25,7,2,2,2,2,15,15,15,15,2,15,15,15,2,2,2,2,2,15,15,15,15,2,26,2,2,27,28,2,2,2,2,2,15,2,29,30,2,2,2,2,2,2,2,31,32,33,34,35,2,2,2,2,36,37,38,2,2,2,39,2,2,2,2,2,2,2,2,2,2,40,41,2,2,2,2,24,13,13,24,24,24,24,24,25,25,25,25,25,25,25,25","0.00531411170959473","infomap","edit-xhwikibooks.graphml"
"0.04","0.82","0.14","0.508249579352203","1,2,1,3,4,5,6,5,7,8,9,10,5,5,7,5,11,12,13,14,2,15,16,5,7,7,7,17,18,19,20,21,22,23,13,24,25,7,2,2,2,2,15,15,15,15,2,15,15,15,2,2,2,2,2,15,15,15,15,2,26,2,2,27,28,2,2,2,2,2,15,2,29,30,2,2,2,2,2,2,2,31,32,33,34,35,2,2,2,2,36,37,38,2,2,2,39,2,2,2,2,2,2,2,2,2,2,40,41,2,2,2,2,24,13,13,24,24,24,24,24,25,25,25,25,25,25,25,25","0.00419211387634277","infomap","edit-xhwikibooks.graphml"
"0.03","0.83","0.14","0.508249579352203","1,2,1,3,4,5,6,5,7,8,9,10,5,5,7,5,11,12,13,14,2,15,16,5,7,7,7,17,18,19,20,21,22,23,13,24,25,7,2,2,2,2,15,15,15,15,2,15,15,15,2,2,2,2,2,15,15,15,15,2,26,2,2,27,28,2,2,2,2,2,15,2,29,30,2,2,2,2,2,2,2,31,32,33,34,35,2,2,2,2,36,37,38,2,2,2,39,2,2,2,2,2,2,2,2,2,2,40,41,2,2,2,2,24,13,13,24,24,24,24,24,25,25,25,25,25,25,25,25","0.00413084030151367","infomap","edit-xhwikibooks.graphml"
"0.02","0.84","0.14","0.503680252232376","1,2,1,3,4,5,6,5,7,8,9,10,5,5,7,5,11,12,7,13,2,14,15,5,5,5,5,16,17,18,19,20,21,22,7,7,23,7,2,2,2,2,14,14,14,14,2,14,14,14,2,2,2,2,2,14,14,14,14,2,24,2,2,25,26,2,2,2,2,2,14,2,27,28,2,2,2,2,2,2,2,29,30,31,32,33,2,2,2,2,34,35,36,2,2,2,37,2,2,2,2,2,2,2,2,2,2,38,39,2,2,2,2,40,7,7,40,40,40,40,40,23,23,23,23,23,23,23,23","0.0058448314666748","infomap","edit-xhwikibooks.graphml"
"0.01","0.85","0.14","0.503152980590109","1,2,1,3,4,5,6,5,7,8,9,10,5,5,7,11,12,13,14,15,2,16,17,5,7,7,7,18,19,20,21,22,23,24,14,14,25,26,2,2,2,2,16,16,16,16,2,16,16,16,2,2,2,2,2,16,16,16,16,2,27,2,2,28,29,2,2,2,2,2,16,2,30,31,2,2,2,2,2,2,2,32,33,34,35,36,2,2,2,2,37,38,39,2,2,2,40,2,2,2,2,2,2,2,2,2,2,41,42,2,2,2,2,43,14,14,43,43,43,43,43,25,25,25,25,25,25,25,25","0.0036158561706543","infomap","edit-xhwikibooks.graphml"
"0","0.86","0.14","0.475404444187425","1,1,1,1,1,2,3,2,4,5,6,7,2,2,4,8,9,10,4,11,1,12,13,2,2,2,2,14,1,15,16,17,18,19,4,4,20,21,1,1,1,1,12,12,12,12,1,12,12,12,1,1,1,1,1,12,12,12,12,1,22,1,1,23,24,1,1,1,1,1,12,1,25,26,1,1,1,1,1,1,1,27,28,29,30,31,1,1,1,1,32,33,34,1,1,1,35,1,1,1,1,1,1,1,1,1,1,36,37,1,1,1,1,38,4,4,38,38,38,38,38,20,20,20,20,20,20,20,20","0.00587296485900879","infomap","edit-xhwikibooks.graphml"
"0.85","0","0.15","0.376409754660607","1,2,1,1,1,2,1,2,2,3,4,1,5,2,6,7,3,4,4,8,9,10,5,5,11,12,13,7,14,3,4,4,8,8,15,16,6,6,9,9,9,9,10,10,10,10,9,10,10,10,9,9,9,9,9,10,10,10,10,9,5,9,9,5,11,9,9,9,9,9,10,9,12,12,9,9,9,9,9,9,9,13,7,7,7,14,9,9,9,9,3,4,4,9,9,9,7,9,9,9,9,9,9,9,9,9,9,8,8,9,9,9,9,16,15,15,16,16,15,16,16,6,6,6,6,6,6,6,6","0.0127170085906982","infomap","edit-xhwikibooks.graphml"
"0.84","0.01","0.15","0.370912763539957","1,2,1,1,1,3,1,3,4,5,6,1,7,3,4,8,5,6,6,9,2,10,7,7,11,12,13,8,14,5,6,6,9,9,15,16,17,4,2,2,2,2,10,10,10,10,2,10,10,10,2,2,2,2,2,10,10,10,10,2,7,2,2,7,11,2,2,2,2,2,10,2,12,12,2,2,2,2,2,2,2,13,8,8,8,14,2,2,2,2,5,6,6,2,2,2,8,2,2,2,2,2,2,2,2,2,2,9,9,2,2,2,2,15,15,15,16,15,15,16,15,17,17,17,17,17,17,17,17","0.00928401947021484","infomap","edit-xhwikibooks.graphml"
"0.83","0.02","0.15","0.378340276901065","1,2,1,1,1,3,1,4,3,5,6,1,7,4,3,8,5,6,6,9,10,2,7,7,11,12,13,8,14,5,6,6,9,9,15,16,17,3,10,10,10,10,2,2,2,2,10,2,2,2,10,10,10,10,10,2,2,2,2,10,7,10,10,7,11,10,10,10,10,10,2,10,12,12,10,10,10,10,10,10,10,13,8,8,8,14,10,10,10,10,5,6,6,10,10,10,8,10,10,10,10,10,10,10,10,10,10,9,9,10,10,10,10,15,15,15,15,16,15,16,15,17,17,17,17,17,17,17,17","0.0127120018005371","infomap","edit-xhwikibooks.graphml"
"0.82","0.03","0.15","0.376090488252249","1,2,1,1,1,3,1,3,4,5,6,1,7,3,4,8,5,6,6,9,10,2,7,7,11,12,13,8,14,5,6,6,9,9,15,16,17,16,10,10,10,10,2,2,2,2,10,2,2,2,10,10,10,10,10,2,2,2,2,10,7,10,10,7,11,10,10,10,10,10,2,10,12,12,10,10,10,10,10,10,10,13,8,8,8,14,10,10,10,10,5,6,6,10,10,10,8,10,10,10,10,10,10,10,10,10,10,9,9,10,10,10,10,15,15,15,16,15,15,16,16,17,17,17,17,17,17,17,17","0.0120079517364502","infomap","edit-xhwikibooks.graphml"
"0.81","0.04","0.15","0.378859289020875","1,2,1,1,1,3,1,3,4,5,6,1,7,3,4,8,5,6,6,9,10,2,7,7,11,12,13,8,14,5,6,6,9,9,15,4,16,4,10,10,10,10,2,2,2,2,10,2,2,2,10,10,10,10,10,2,2,2,2,10,7,10,10,7,11,10,10,10,10,10,2,10,12,12,10,10,10,10,10,10,10,13,8,8,8,14,10,10,10,10,5,6,6,10,10,10,8,10,10,10,10,10,10,10,10,10,10,9,9,10,10,10,10,4,15,15,15,4,4,4,15,16,16,16,16,16,16,16,16","0.0109460353851318","infomap","edit-xhwikibooks.graphml"
"0.8","0.05","0.15","0.405393586005831","1,2,1,1,1,3,1,3,4,5,6,1,7,3,4,8,5,6,6,9,10,2,7,7,11,12,13,8,14,5,6,6,9,9,15,16,17,4,10,10,10,10,2,2,2,2,10,2,2,2,10,10,10,10,10,2,2,2,2,10,7,10,10,7,11,10,10,10,10,10,2,10,12,12,10,10,10,10,10,10,10,13,8,8,8,14,10,10,10,10,5,6,6,10,10,10,8,10,10,10,10,10,10,10,10,10,10,9,9,10,10,10,10,16,15,15,15,15,15,16,15,17,17,17,17,17,17,17,17","0.0133810043334961","infomap","edit-xhwikibooks.graphml"
"0.79","0.06","0.15","0.400580450134634","1,2,1,1,1,3,1,3,3,4,5,1,6,3,3,7,4,5,5,8,9,2,6,6,10,11,12,7,13,4,5,5,8,8,14,15,16,3,9,9,9,9,2,2,2,2,9,2,2,2,9,9,9,9,9,2,2,2,2,9,6,9,9,6,10,9,9,9,9,9,2,9,11,11,9,9,9,9,9,9,9,12,7,7,7,13,9,9,9,9,4,5,5,9,9,9,7,9,9,9,9,9,9,9,9,9,9,8,8,9,9,9,9,15,14,14,14,15,15,14,14,16,16,16,16,16,16,16,16","0.0130090713500977","infomap","edit-xhwikibooks.graphml"
"0.78","0.07","0.15","0.385737596397505","1,2,1,1,1,3,1,3,3,4,5,1,6,3,3,7,4,5,5,8,2,9,6,6,10,11,12,7,13,4,5,5,8,8,14,15,16,15,2,2,2,2,9,9,9,9,2,9,9,9,2,2,2,2,2,9,9,9,9,2,6,2,2,6,10,2,2,2,2,2,9,2,11,11,2,2,2,2,2,2,2,12,7,7,7,13,2,2,2,2,4,5,5,2,2,2,7,2,2,2,2,2,2,2,2,2,2,8,8,2,2,2,2,15,14,14,15,14,15,15,15,16,16,16,16,16,16,16,16","0.0106329917907715","infomap","edit-xhwikibooks.graphml"
"0.77","0.08","0.15","0.405492055227089","1,2,1,1,1,3,1,3,4,5,6,1,7,3,4,8,5,6,6,9,10,2,7,7,11,12,13,8,14,5,6,6,9,9,15,16,4,4,10,10,10,10,2,2,2,2,10,2,2,2,10,10,10,10,10,2,2,2,2,10,7,10,10,7,11,10,10,10,10,10,2,10,12,12,10,10,10,10,10,10,10,13,8,8,8,14,10,10,10,10,5,6,6,10,10,10,8,10,10,10,10,10,10,10,10,10,10,9,9,10,10,10,10,15,15,15,15,16,16,15,16,4,4,4,4,4,4,4,4","0.00898289680480957","infomap","edit-xhwikibooks.graphml"
"0.76","0.09","0.15","0.400721810296879","1,2,1,1,1,3,1,3,4,5,6,1,7,3,4,8,5,6,6,9,2,10,7,7,11,12,13,8,14,5,6,6,9,9,15,4,16,4,2,2,2,2,10,10,10,10,2,10,10,10,2,2,2,2,2,10,10,10,10,2,7,2,2,7,11,2,2,2,2,2,10,2,12,12,2,2,2,2,2,2,2,13,8,8,8,14,2,2,2,2,5,6,6,2,2,2,8,2,2,2,2,2,2,2,2,2,2,9,9,2,2,2,2,15,15,15,15,15,15,15,15,16,16,16,16,16,16,16,16","0.0126399993896484","infomap","edit-xhwikibooks.graphml"
"0.75","0.1","0.15","0.405050162888245","1,2,1,1,1,3,1,3,4,5,6,1,7,3,4,8,5,6,6,9,10,2,7,7,11,12,13,8,14,5,6,6,9,9,15,4,16,4,10,10,10,10,2,2,2,2,10,2,2,2,10,10,10,10,10,2,2,2,2,10,7,10,10,7,11,10,10,10,10,10,2,10,12,12,10,10,10,10,10,10,10,13,8,8,8,14,10,10,10,10,5,6,6,10,10,10,8,10,10,10,10,10,10,10,10,10,10,9,9,10,10,10,10,15,15,15,15,4,4,15,15,16,16,16,16,16,16,16,16","0.0111479759216309","infomap","edit-xhwikibooks.graphml"
"0.74","0.11","0.15","0.385436089999957","1,2,1,1,1,3,1,3,4,5,6,1,7,3,4,8,5,6,6,9,2,10,7,7,11,12,13,8,14,5,6,6,9,9,15,4,16,16,2,2,2,2,10,10,10,10,2,10,10,10,2,2,2,2,2,10,10,10,10,2,7,2,2,7,11,2,2,2,2,2,10,2,12,12,2,2,2,2,2,2,2,13,8,8,8,14,2,2,2,2,5,6,6,2,2,2,8,2,2,2,2,2,2,2,2,2,2,9,9,2,2,2,2,4,15,15,15,4,4,4,15,16,16,16,16,16,16,16,16","0.00986099243164062","infomap","edit-xhwikibooks.graphml"
"0.73","0.12","0.15","0.400085024976087","1,2,1,1,1,3,1,3,3,4,5,1,6,3,7,8,4,5,5,9,10,2,6,6,11,12,13,8,14,4,5,5,9,9,15,16,7,7,10,10,10,10,2,2,2,2,10,2,2,2,10,10,10,10,10,2,2,2,2,10,6,10,10,6,11,10,10,10,10,10,2,10,12,12,10,10,10,10,10,10,10,13,8,8,8,14,10,10,10,10,4,5,5,10,10,10,8,10,10,10,10,10,10,10,10,10,10,9,9,10,10,10,10,15,15,15,16,15,16,15,16,7,7,7,7,7,7,7,7","0.012592077255249","infomap","edit-xhwikibooks.graphml"
"0.72","0.13","0.15","0.391115852935697","1,2,1,1,1,3,1,3,4,5,6,1,7,3,4,8,5,6,6,9,2,10,7,7,11,12,13,8,14,5,6,6,9,9,15,4,16,4,2,2,2,2,10,10,10,10,2,10,10,10,2,2,2,2,2,10,10,10,10,2,7,2,2,7,11,2,2,2,2,2,10,2,12,12,2,2,2,2,2,2,2,13,8,8,8,14,2,2,2,2,5,6,6,2,2,2,8,2,2,2,2,2,2,2,2,2,2,9,9,2,2,2,2,4,15,15,4,4,4,15,4,16,16,16,16,16,16,16,16","0.0109529495239258","infomap","edit-xhwikibooks.graphml"
"0.71","0.14","0.15","0.399608799471625","1,2,1,1,1,3,1,3,4,5,6,1,7,3,4,8,5,6,6,9,10,2,7,7,11,12,13,8,14,5,6,6,9,9,15,4,16,4,10,10,10,10,2,2,2,2,10,2,2,2,10,10,10,10,10,2,2,2,2,10,7,10,10,7,11,10,10,10,10,10,2,10,12,12,10,10,10,10,10,10,10,13,8,8,8,14,10,10,10,10,5,6,6,10,10,10,8,10,10,10,10,10,10,10,10,10,10,9,9,10,10,10,10,4,15,15,15,15,15,15,15,16,16,16,16,16,16,16,16","0.0106401443481445","infomap","edit-xhwikibooks.graphml"
"0.7","0.15","0.15","0.403080448810435","1,2,1,1,1,3,1,3,4,5,6,1,7,3,4,8,5,6,6,9,10,2,7,7,11,12,13,8,14,5,6,6,9,9,15,4,16,4,10,10,10,10,2,2,2,2,10,2,2,2,10,10,10,10,10,2,2,2,2,10,7,10,10,7,11,10,10,10,10,10,2,10,12,12,10,10,10,10,10,10,10,13,8,8,8,14,10,10,10,10,5,6,6,10,10,10,8,10,10,10,10,10,10,10,10,10,10,9,9,10,10,10,10,4,15,15,4,15,15,4,4,16,16,16,16,16,16,16,16","0.00821805000305176","infomap","edit-xhwikibooks.graphml"
"0.69","0.16","0.15","0.395674354341588","1,2,1,1,1,3,1,3,3,4,5,1,6,3,7,8,4,5,5,9,10,2,6,6,11,12,13,8,2,4,5,5,9,9,14,15,7,7,10,10,10,10,2,2,2,2,10,2,2,2,10,10,10,10,10,2,2,2,2,10,16,10,10,6,11,10,10,10,10,10,2,10,12,12,10,10,10,10,10,10,10,13,8,8,8,17,10,10,10,10,18,19,20,10,10,10,8,10,10,10,10,10,10,10,10,10,10,9,9,10,10,10,10,14,14,14,14,15,14,14,15,7,7,7,7,7,7,7,7","0.00795507431030273","infomap","edit-xhwikibooks.graphml"
"0.68","0.17","0.15","0.395136975947326","1,2,1,1,1,3,1,3,3,4,5,1,6,3,7,8,4,5,5,9,10,2,6,6,11,12,13,8,2,4,5,5,9,9,14,15,7,15,10,10,10,10,2,2,2,2,10,2,2,2,10,10,10,10,10,2,2,2,2,10,16,10,10,6,11,10,10,10,10,10,2,10,12,12,10,10,10,10,10,10,10,13,8,8,8,17,10,10,10,10,18,19,20,10,10,10,8,10,10,10,10,10,10,10,10,10,10,9,9,10,10,10,10,15,14,14,14,14,14,15,14,7,7,7,7,7,7,7,7","0.00699210166931152","infomap","edit-xhwikibooks.graphml"
"0.67","0.18","0.15","0.397349922735824","1,2,1,1,1,3,1,3,4,5,6,1,7,3,4,8,5,6,6,9,10,2,7,7,11,12,13,8,2,5,6,6,9,9,14,4,15,4,10,10,10,10,2,2,2,2,10,2,2,2,10,10,10,10,10,2,2,2,2,10,16,10,10,7,11,10,10,10,10,10,2,10,12,12,10,10,10,10,10,10,10,13,8,8,8,17,10,10,10,10,18,19,20,10,10,10,8,10,10,10,10,10,10,10,10,10,10,9,9,10,10,10,10,4,14,14,14,14,4,4,14,15,15,15,15,15,15,15,15","0.00619101524353027","infomap","edit-xhwikibooks.graphml"
"0.66","0.19","0.15","0.384606538112504","1,2,1,1,1,3,1,3,3,4,5,1,6,3,7,8,4,5,5,9,2,10,6,6,11,12,13,8,2,4,5,5,9,9,14,7,15,7,2,2,2,2,10,10,10,10,2,10,10,10,2,2,2,2,2,10,10,10,10,2,16,2,2,6,11,2,2,2,2,2,10,2,12,12,2,2,2,2,2,2,2,13,8,8,8,17,2,2,2,2,18,19,20,2,2,2,8,2,2,2,2,2,2,2,2,2,2,9,9,2,2,2,2,14,14,14,14,14,7,7,7,15,15,15,15,15,15,15,15","0.00541305541992188","infomap","edit-xhwikibooks.graphml"
"0.65","0.2","0.15","0.40302564611012","1,2,1,1,1,3,1,3,4,5,6,1,7,3,4,8,5,6,6,9,10,2,7,7,11,12,13,8,2,5,6,6,9,9,14,15,4,4,10,10,10,10,2,2,2,2,10,2,2,2,10,10,10,10,10,2,2,2,2,10,16,10,10,7,11,10,10,10,10,10,2,10,12,12,10,10,10,10,10,10,10,13,8,8,8,17,10,10,10,10,18,19,20,10,10,10,8,10,10,10,10,10,10,10,10,10,10,9,9,10,10,10,10,15,14,14,15,15,14,15,14,4,4,4,4,4,4,4,4","0.00779318809509277","infomap","edit-xhwikibooks.graphml"
"0.64","0.21","0.15","0.371271917399244","1,2,1,1,1,3,1,4,3,5,6,1,4,4,3,7,5,6,6,8,2,9,4,4,4,10,11,7,2,5,6,6,8,8,12,3,13,3,2,2,2,2,9,9,9,9,2,9,9,9,2,2,2,2,2,9,9,9,9,2,14,2,2,4,4,2,2,2,2,2,9,2,10,10,2,2,2,2,2,2,2,11,7,7,7,15,2,2,2,2,16,17,18,2,2,2,7,2,2,2,2,2,2,2,2,2,2,8,8,2,2,2,2,3,12,12,3,12,12,12,12,13,13,13,13,13,13,13,13","0.011497974395752","infomap","edit-xhwikibooks.graphml"
"0.63","0.22","0.15","0.384316665286501","1,2,1,1,1,3,1,4,3,5,6,1,4,4,3,7,5,6,6,8,9,2,4,4,4,10,11,7,2,5,6,6,8,8,12,3,13,3,9,9,9,9,2,2,2,2,9,2,2,2,9,9,9,9,9,2,2,2,2,9,14,9,9,4,4,9,9,9,9,9,2,9,10,10,9,9,9,9,9,9,9,11,7,7,7,15,9,9,9,9,16,17,18,9,9,9,7,9,9,9,9,9,9,9,9,9,9,8,8,9,9,9,9,12,12,12,12,3,12,12,12,13,13,13,13,13,13,13,13","0.00972890853881836","infomap","edit-xhwikibooks.graphml"
"0.62","0.23","0.15","0.388117456655361","1,2,1,1,1,3,1,4,3,5,6,1,4,4,3,7,5,6,6,8,9,2,4,4,10,11,4,7,2,5,6,6,8,8,12,3,13,3,9,9,9,9,2,2,2,2,9,2,2,2,9,9,9,9,9,2,2,2,2,9,14,9,9,4,10,9,9,9,9,9,2,9,11,11,9,9,9,9,9,9,9,4,7,7,7,15,9,9,9,9,16,17,18,9,9,9,7,9,9,9,9,9,9,9,9,9,9,8,8,9,9,9,9,12,12,12,3,12,3,12,12,13,13,13,13,13,13,13,13","0.0102579593658447","infomap","edit-xhwikibooks.graphml"
"0.61","0.24","0.15","0.390151271598747","1,2,1,1,1,3,1,4,3,5,6,1,4,4,3,7,5,6,6,8,9,2,4,4,4,10,11,7,2,5,6,6,8,8,12,3,13,3,9,9,9,9,2,2,2,2,9,2,2,2,9,9,9,9,9,2,2,2,2,9,14,9,9,4,4,9,9,9,9,9,2,9,10,10,9,9,9,9,9,9,9,11,7,7,7,15,9,9,9,9,16,17,18,9,9,9,7,9,9,9,9,9,9,9,9,9,9,8,8,9,9,9,9,12,12,12,3,12,12,12,3,13,13,13,13,13,13,13,13","0.00799918174743652","infomap","edit-xhwikibooks.graphml"
"0.6","0.25","0.15","0.396346065463867","1,2,1,1,1,3,1,4,3,5,6,1,4,4,3,7,5,6,6,8,9,2,4,4,4,10,11,7,2,5,6,6,8,8,12,3,13,3,9,9,9,9,2,2,2,2,9,2,2,2,9,9,9,9,9,2,2,2,2,9,14,9,9,4,4,9,9,9,9,9,2,9,10,10,9,9,9,9,9,9,9,11,7,7,7,15,9,9,9,9,16,17,18,9,9,9,7,9,9,9,9,9,9,9,9,9,9,8,8,9,9,9,9,12,12,12,12,3,12,12,12,13,13,13,13,13,13,13,13","0.0081331729888916","infomap","edit-xhwikibooks.graphml"
"0.59","0.26","0.15","0.396295468632072","1,2,1,1,1,3,1,4,3,5,6,1,4,4,3,7,5,6,6,8,9,2,4,4,10,11,4,7,2,5,6,6,8,8,12,3,13,3,9,9,9,9,2,2,2,2,9,2,2,2,9,9,9,9,9,2,2,2,2,9,14,9,9,4,10,9,9,9,9,9,2,9,11,11,9,9,9,9,9,9,9,4,7,7,7,15,9,9,9,9,16,17,18,9,9,9,7,9,9,9,9,9,9,9,9,9,9,8,8,9,9,9,9,12,12,12,3,12,3,12,12,13,13,13,13,13,13,13,13","0.0091559886932373","infomap","edit-xhwikibooks.graphml"
"0.58","0.27","0.15","0.383536634214421","1,2,1,1,1,3,1,4,3,5,6,1,4,4,3,7,5,6,6,8,2,9,4,4,10,11,4,7,2,5,6,6,8,8,12,3,13,3,2,2,2,2,9,9,9,9,2,9,9,9,2,2,2,2,2,9,9,9,9,2,14,2,2,4,10,2,2,2,2,2,9,2,11,11,2,2,2,2,2,2,2,4,7,7,7,15,2,2,2,2,16,17,18,2,2,2,7,2,2,2,2,2,2,2,2,2,2,8,8,2,2,2,2,3,12,12,3,12,3,12,3,13,13,13,13,13,13,13,13","0.00958704948425293","infomap","edit-xhwikibooks.graphml"
"0.57","0.28","0.15","0.395926414270357","1,2,1,1,3,1,3,4,1,5,3,6,4,4,7,8,5,3,3,6,9,2,4,4,4,10,11,8,2,5,3,3,6,6,12,7,13,7,9,9,9,9,2,2,2,2,9,2,2,2,9,9,9,9,9,2,2,2,2,9,14,9,9,4,4,9,9,9,9,9,2,9,10,10,9,9,9,9,9,9,9,11,8,8,8,15,9,9,9,9,16,17,18,9,9,9,8,9,9,9,9,9,9,9,9,9,9,6,6,9,9,9,9,7,12,12,7,7,12,7,7,13,13,13,13,13,13,13,13","0.0104391574859619","infomap","edit-xhwikibooks.graphml"
"0.56","0.29","0.15","0.389765265616121","1,2,1,1,1,3,1,4,3,5,6,1,4,4,3,7,5,6,6,8,2,9,4,4,4,10,11,7,2,5,6,6,8,8,12,3,13,3,2,2,2,2,9,9,9,9,2,9,9,9,2,2,2,2,2,9,9,9,9,2,14,2,2,4,4,2,2,2,2,2,9,2,10,10,2,2,2,2,2,2,2,11,7,7,7,15,2,2,2,2,16,17,18,2,2,2,7,2,2,2,2,2,2,2,2,2,2,8,8,2,2,2,2,3,12,12,12,3,12,12,12,13,13,13,13,13,13,13,13","0.0114140510559082","infomap","edit-xhwikibooks.graphml"
"0.55","0.3","0.15","0.401389715116663","1,2,1,1,1,3,1,4,3,5,6,1,4,4,3,7,5,6,6,8,9,2,4,4,4,10,11,7,2,5,6,6,8,8,12,3,13,3,9,9,9,9,2,2,2,2,9,2,2,2,9,9,9,9,9,2,2,2,2,9,14,9,9,4,4,9,9,9,9,9,2,9,10,10,9,9,9,9,9,9,9,11,7,7,7,15,9,9,9,9,16,17,18,9,9,9,7,9,9,9,9,9,9,9,9,9,9,8,8,9,9,9,9,12,12,12,3,3,12,12,12,13,13,13,13,13,13,13,13","0.00872993469238281","infomap","edit-xhwikibooks.graphml"
"0.54","0.31","0.15","0.377081645512648","1,2,1,1,3,1,3,4,1,1,3,5,4,4,6,7,8,3,3,5,2,9,4,4,6,10,6,7,2,11,12,3,5,5,13,14,15,6,2,2,2,2,9,9,9,9,2,9,9,9,2,2,2,2,2,9,9,9,9,2,16,2,2,17,18,2,2,2,2,2,9,2,10,10,2,2,2,2,2,2,2,19,7,7,7,20,2,2,2,2,21,22,23,2,2,2,24,2,2,2,2,2,2,2,2,2,2,25,26,2,2,2,2,14,13,13,13,13,13,13,14,15,15,15,15,15,15,15,15","0.00834083557128906","infomap","edit-xhwikibooks.graphml"
"0.53","0.32","0.15","0.391729560822348","1,2,1,1,3,1,3,4,1,1,3,5,4,4,6,7,8,3,3,5,9,2,4,4,6,10,6,7,2,11,12,3,5,5,13,6,14,6,9,9,9,9,2,2,2,2,9,2,2,2,9,9,9,9,9,2,2,2,2,9,15,9,9,16,17,9,9,9,9,9,2,9,10,10,9,9,9,9,9,9,9,18,7,7,7,19,9,9,9,9,20,21,22,9,9,9,23,9,9,9,9,9,9,9,9,9,9,24,25,9,9,9,9,6,13,13,6,13,6,6,13,14,14,14,14,14,14,14,14","0.00504302978515625","infomap","edit-xhwikibooks.graphml"
"0.52","0.33","0.15","0.388807543883614","1,2,1,1,3,1,3,4,1,1,3,5,6,4,4,7,8,3,3,5,9,2,6,6,4,10,4,7,2,11,12,3,5,5,13,14,15,4,9,9,9,9,2,2,2,2,9,2,2,2,9,9,9,9,9,2,2,2,2,9,16,9,9,17,18,9,9,9,9,9,2,9,10,10,9,9,9,9,9,9,9,19,7,7,7,20,9,9,9,9,21,22,23,9,9,9,24,9,9,9,9,9,9,9,9,9,9,25,26,9,9,9,9,14,13,13,13,14,14,13,14,15,15,15,15,15,15,15,15","0.00577807426452637","infomap","edit-xhwikibooks.graphml"
"0.51","0.34","0.15","0.398426110738511","1,2,1,1,3,1,3,2,1,1,3,4,5,6,6,7,8,3,3,4,2,9,5,5,6,10,6,7,2,11,12,3,4,4,13,6,14,6,2,2,2,2,9,9,9,9,2,9,9,9,2,2,2,2,2,9,9,9,9,2,15,2,2,16,17,2,2,2,2,2,9,2,10,10,2,2,2,2,2,2,2,18,7,7,7,19,2,2,2,2,20,21,22,2,2,2,23,2,2,2,2,2,2,2,2,2,2,24,25,2,2,2,2,6,13,13,13,6,13,13,13,14,14,14,14,14,14,14,14","0.00665998458862305","infomap","edit-xhwikibooks.graphml"
"0.5","0.35","0.15","0.398426110738511","1,2,1,1,3,1,3,2,1,1,3,4,5,6,6,7,8,3,3,4,2,9,5,5,6,10,6,7,2,11,12,3,4,4,13,6,14,6,2,2,2,2,9,9,9,9,2,9,9,9,2,2,2,2,2,9,9,9,9,2,15,2,2,16,17,2,2,2,2,2,9,2,10,10,2,2,2,2,2,2,2,18,7,7,7,19,2,2,2,2,20,21,22,2,2,2,23,2,2,2,2,2,2,2,2,2,2,24,25,2,2,2,2,6,13,13,13,6,13,13,13,14,14,14,14,14,14,14,14","0.00578188896179199","infomap","edit-xhwikibooks.graphml"
"0.49","0.36","0.15","0.411100758631491","1,2,1,1,3,1,3,4,1,1,3,5,4,4,6,7,8,3,3,5,9,2,4,4,6,10,6,7,9,11,12,3,5,5,13,14,15,6,9,9,9,9,2,2,2,2,9,2,2,2,9,9,9,9,9,2,2,2,2,9,16,9,9,17,18,9,9,9,9,9,2,9,10,10,9,9,9,9,9,9,9,19,7,7,7,20,9,9,9,9,21,22,23,9,9,9,24,9,9,9,9,9,9,9,9,9,9,25,26,9,9,9,9,14,13,13,13,14,14,14,13,15,15,15,15,15,15,15,15","0.00586605072021484","infomap","edit-xhwikibooks.graphml"
"0.48","0.37","0.15","0.416212","1,2,1,1,3,1,3,4,1,1,3,5,4,4,6,7,8,3,3,5,9,2,4,4,6,10,6,7,2,11,12,3,5,5,13,14,15,6,9,9,9,9,2,2,2,2,9,2,2,2,9,9,9,9,9,2,2,2,2,9,16,9,9,17,18,9,9,9,9,9,2,9,10,10,9,9,9,9,9,9,9,19,7,7,7,20,9,9,9,9,21,22,23,9,9,9,24,9,9,9,9,9,9,9,9,9,9,25,26,9,9,9,9,14,13,13,14,13,13,13,14,15,15,15,15,15,15,15,15","0.00669717788696289","infomap","edit-xhwikibooks.graphml"
"0.47","0.38","0.15","0.415599937848853","1,2,1,1,3,1,3,4,1,1,3,5,4,4,6,7,8,3,3,5,9,2,4,4,6,10,6,7,2,11,12,3,5,5,13,14,15,6,9,9,9,9,2,2,2,2,9,2,2,2,9,9,9,9,9,2,2,2,2,9,16,9,9,17,18,9,9,9,9,9,2,9,10,10,9,9,9,9,9,9,9,19,7,7,7,20,9,9,9,9,21,22,23,9,9,9,24,9,9,9,9,9,9,9,9,9,9,25,26,9,9,9,9,14,13,13,14,14,13,13,14,15,15,15,15,15,15,15,15","0.00499796867370605","infomap","edit-xhwikibooks.graphml"
"0.46","0.39","0.15","0.397102823764702","1,2,1,1,3,1,3,4,1,1,3,5,4,4,6,7,8,3,3,5,2,9,4,4,6,10,11,7,2,12,13,3,5,5,14,11,15,11,2,2,2,2,9,9,9,9,2,9,9,9,2,2,2,2,2,9,9,9,9,2,16,2,2,17,18,2,2,2,2,2,9,2,10,10,2,2,2,2,2,2,2,19,7,7,7,20,2,2,2,2,21,22,23,2,2,2,24,2,2,2,2,2,2,2,2,2,2,25,26,2,2,2,2,11,14,14,14,14,11,14,14,15,15,15,15,15,15,15,15","0.00614786148071289","infomap","edit-xhwikibooks.graphml"
"0.45","0.4","0.15","0.409055974904421","1,2,1,1,3,1,3,4,1,1,3,5,4,4,6,7,8,3,3,5,2,9,4,4,6,10,6,7,2,11,12,3,5,5,13,6,14,6,2,2,2,2,9,9,9,9,2,9,9,9,2,2,2,2,2,9,9,9,9,2,15,2,2,16,17,2,2,2,2,2,9,2,10,10,2,2,2,2,2,2,2,18,7,7,7,19,2,2,2,2,20,21,22,2,2,2,23,2,2,2,2,2,2,2,2,2,2,24,25,2,2,2,2,13,13,13,13,6,13,6,6,14,14,14,14,14,14,14,14","0.0050051212310791","infomap","edit-xhwikibooks.graphml"
"0.44","0.41","0.15","0.419091710758377","1,2,1,1,3,1,3,4,1,1,3,5,4,4,6,7,8,3,3,5,9,2,4,4,6,10,6,7,2,11,12,3,5,5,13,14,15,6,9,9,9,9,2,2,2,2,9,2,2,2,9,9,9,9,9,2,2,2,2,9,16,9,9,17,18,9,9,9,9,9,2,9,10,10,9,9,9,9,9,9,9,19,7,7,7,20,9,9,9,9,21,22,23,9,9,9,24,9,9,9,9,9,9,9,9,9,9,25,26,9,9,9,9,14,13,13,14,14,13,13,14,15,15,15,15,15,15,15,15","0.00610208511352539","infomap","edit-xhwikibooks.graphml"
"0.43","0.42","0.15","0.407548279580433","1,2,1,1,3,1,3,4,1,1,3,5,4,4,6,7,8,3,3,5,2,9,4,4,6,10,6,7,2,11,12,3,5,5,13,14,15,6,2,2,2,2,9,9,9,9,2,9,9,9,2,2,2,2,2,9,9,9,9,2,16,2,2,17,18,2,2,2,2,2,9,2,10,10,2,2,2,2,2,2,2,19,7,7,7,20,2,2,2,2,21,22,23,2,2,2,24,2,2,2,2,2,2,2,2,2,2,25,26,2,2,2,2,14,13,13,14,13,13,14,14,15,15,15,15,15,15,15,15","0.00644612312316895","infomap","edit-xhwikibooks.graphml"
"0.42","0.43","0.15","0.411497418780077","1,2,1,1,3,1,3,4,1,1,3,5,4,4,6,7,8,3,3,5,2,9,4,4,6,10,6,7,2,11,12,3,5,5,13,14,15,6,2,2,2,2,9,9,9,9,2,9,9,9,2,2,2,2,2,9,9,9,9,2,16,2,2,17,18,2,2,2,2,2,9,2,10,10,2,2,2,2,2,2,2,19,7,7,7,20,2,2,2,2,21,22,23,2,2,2,24,2,2,2,2,2,2,2,2,2,2,25,26,2,2,2,2,13,13,13,13,14,13,13,13,15,15,15,15,15,15,15,15","0.00503206253051758","infomap","edit-xhwikibooks.graphml"
"0.41","0.44","0.15","0.421841093682188","1,2,1,1,3,1,3,4,1,1,3,5,4,4,6,7,8,3,3,5,9,2,4,4,6,10,6,7,2,11,12,3,5,5,13,14,15,6,9,9,9,9,2,2,2,2,9,2,2,2,9,9,9,9,9,2,2,2,2,9,16,9,9,17,18,9,9,9,9,9,2,9,10,10,9,9,9,9,9,9,9,19,7,7,7,20,9,9,9,9,21,22,23,9,9,9,24,9,9,9,9,9,9,9,9,9,9,25,26,9,9,9,9,14,13,13,14,14,13,13,13,15,15,15,15,15,15,15,15","0.00746011734008789","infomap","edit-xhwikibooks.graphml"
"0.4","0.45","0.15","0.425728565936178","1,2,1,1,3,1,3,4,1,1,3,5,4,4,6,7,8,3,3,5,9,2,4,4,6,10,6,7,2,11,12,3,5,5,13,14,15,6,9,9,9,9,2,2,2,2,9,2,2,2,9,9,9,9,9,2,2,2,2,9,16,9,9,17,18,9,9,9,9,9,2,9,10,10,9,9,9,9,9,9,9,19,7,7,7,20,9,9,9,9,21,22,23,9,9,9,24,9,9,9,9,9,9,9,9,9,9,25,26,9,9,9,9,14,13,13,14,13,13,13,13,15,15,15,15,15,15,15,15","0.00776195526123047","infomap","edit-xhwikibooks.graphml"
"0.39","0.46","0.15","0.403286924767923","1,2,1,3,4,3,5,6,3,3,5,7,6,6,8,3,9,10,5,11,12,2,13,6,8,6,8,3,2,14,15,16,11,17,18,19,20,8,12,12,12,12,2,2,2,2,12,2,2,2,12,12,12,12,12,2,2,2,2,12,21,12,12,22,23,12,12,12,12,12,2,12,24,25,12,12,12,12,12,12,12,26,27,28,29,30,12,12,12,12,31,32,33,12,12,12,34,12,12,12,12,12,12,12,12,12,12,35,36,12,12,12,12,18,18,18,18,19,18,19,19,20,20,20,20,20,20,20,20","0.00468897819519043","infomap","edit-xhwikibooks.graphml"
"0.38","0.47","0.15","0.405213222367381","1,2,1,3,4,3,5,6,3,3,5,7,6,6,8,3,9,10,5,11,12,2,13,6,8,8,6,3,2,14,15,16,11,17,18,19,20,8,12,12,12,12,2,2,2,2,12,2,2,2,12,12,12,12,12,2,2,2,2,12,21,12,12,22,23,12,12,12,12,12,2,12,24,25,12,12,12,12,12,12,12,26,27,28,29,30,12,12,12,12,31,32,33,12,12,12,34,12,12,12,12,12,12,12,12,12,12,35,36,12,12,12,12,19,18,18,18,18,19,18,19,20,20,20,20,20,20,20,20","0.00456786155700684","infomap","edit-xhwikibooks.graphml"
"0.37","0.48","0.15","0.404606808807997","1,2,1,3,4,3,5,6,3,3,5,7,6,6,8,3,9,10,5,11,12,2,13,6,6,8,8,3,2,14,15,16,11,17,18,19,20,8,12,12,12,12,2,2,2,2,12,2,2,2,12,12,12,12,12,2,2,2,2,12,21,12,12,22,23,12,12,12,12,12,2,12,24,25,12,12,12,12,12,12,12,26,27,28,29,30,12,12,12,12,31,32,33,12,12,12,34,12,12,12,12,12,12,12,12,12,12,35,36,12,12,12,12,18,18,18,18,19,19,19,19,20,20,20,20,20,20,20,20","0.00386500358581543","infomap","edit-xhwikibooks.graphml"
"0.36","0.49","0.15","0.404606808807997","1,2,1,3,4,3,5,6,3,3,5,7,6,6,8,3,9,10,5,11,12,2,13,6,8,8,6,3,2,14,15,16,11,17,18,19,20,8,12,12,12,12,2,2,2,2,12,2,2,2,12,12,12,12,12,2,2,2,2,12,21,12,12,22,23,12,12,12,12,12,2,12,24,25,12,12,12,12,12,12,12,26,27,28,29,30,12,12,12,12,31,32,33,12,12,12,34,12,12,12,12,12,12,12,12,12,12,35,36,12,12,12,12,18,18,18,18,19,19,19,19,20,20,20,20,20,20,20,20","0.00392293930053711","infomap","edit-xhwikibooks.graphml"
"0.35","0.5","0.15","0.466707328611592","1,2,1,3,4,3,5,6,3,3,5,7,6,6,8,3,9,10,5,11,12,2,13,6,8,8,8,3,2,14,15,16,11,17,18,19,20,8,12,12,12,12,2,2,2,2,12,2,2,2,12,12,12,12,12,2,2,2,2,12,21,12,12,22,23,12,12,12,12,12,2,12,24,25,12,12,12,12,12,12,12,26,27,28,29,30,12,12,12,12,31,32,33,12,12,12,34,12,12,12,12,12,12,12,12,12,12,35,36,12,12,12,12,18,18,19,19,19,18,18,18,20,20,20,20,20,20,20,20","0.00492691993713379","infomap","edit-xhwikibooks.graphml"
"0.34","0.51","0.15","0.454101906170883","1,2,1,3,4,3,5,6,3,3,5,7,6,6,8,3,9,10,5,11,2,12,13,6,6,6,6,3,2,14,15,16,11,17,18,8,19,8,2,2,2,2,12,12,12,12,2,12,12,12,2,2,2,2,2,12,12,12,12,2,20,2,2,21,22,2,2,2,2,2,12,2,23,24,2,2,2,2,2,2,2,25,26,27,28,29,2,2,2,2,30,31,32,2,2,2,33,2,2,2,2,2,2,2,2,2,2,34,35,2,2,2,2,18,18,18,18,8,8,18,18,19,19,19,19,19,19,19,19","0.0038459300994873","infomap","edit-xhwikibooks.graphml"
"0.33","0.52","0.15","0.464867893713634","1,2,1,3,4,3,5,6,3,3,5,7,6,6,8,3,9,10,5,11,12,2,13,6,6,6,6,3,2,14,15,16,11,17,18,8,19,8,12,12,12,12,2,2,2,2,12,2,2,2,12,12,12,12,12,2,2,2,2,12,20,12,12,21,22,12,12,12,12,12,2,12,23,24,12,12,12,12,12,12,12,25,26,27,28,29,12,12,12,12,30,31,32,12,12,12,33,12,12,12,12,12,12,12,12,12,12,34,35,12,12,12,12,8,18,18,8,8,18,8,18,19,19,19,19,19,19,19,19","0.00392389297485352","infomap","edit-xhwikibooks.graphml"
"0.32","0.53","0.15","0.464253618550945","1,2,1,3,4,3,5,6,3,3,5,7,6,6,8,3,9,10,5,11,12,2,13,6,6,6,6,3,2,14,15,16,11,17,18,8,19,8,12,12,12,12,2,2,2,2,12,2,2,2,12,12,12,12,12,2,2,2,2,12,20,12,12,21,22,12,12,12,12,12,2,12,23,24,12,12,12,12,12,12,12,25,26,27,28,29,12,12,12,12,30,31,32,12,12,12,33,12,12,12,12,12,12,12,12,12,12,34,35,12,12,12,12,8,18,18,18,8,8,8,18,19,19,19,19,19,19,19,19","0.00452494621276855","infomap","edit-xhwikibooks.graphml"
"0.31","0.54","0.15","0.453272692123765","1,2,1,3,4,3,5,6,3,3,5,7,6,6,8,3,9,10,5,11,2,12,13,6,6,6,6,3,2,14,15,16,11,17,18,8,19,8,2,2,2,2,12,12,12,12,2,12,12,12,2,2,2,2,2,12,12,12,12,2,20,2,2,21,22,2,2,2,2,2,12,2,23,24,2,2,2,2,2,2,2,25,26,27,28,29,2,2,2,2,30,31,32,2,2,2,33,2,2,2,2,2,2,2,2,2,2,34,35,2,2,2,2,8,18,18,8,18,18,8,18,19,19,19,19,19,19,19,19","0.00402712821960449","infomap","edit-xhwikibooks.graphml"
"0.3","0.55","0.15","0.465968993295848","1,2,1,3,4,3,5,6,3,3,5,7,6,6,8,3,9,10,5,11,12,2,13,6,6,6,6,3,2,14,15,16,11,17,18,8,19,8,12,12,12,12,2,2,2,2,12,2,2,2,12,12,12,12,12,2,2,2,2,12,20,12,12,21,22,12,12,12,12,12,2,12,23,24,12,12,12,12,12,12,12,25,26,27,28,29,12,12,12,12,30,31,32,12,12,12,33,12,12,12,12,12,12,12,12,12,12,34,35,12,12,12,12,8,8,8,8,8,8,18,8,19,19,19,19,19,19,19,19","0.00385713577270508","infomap","edit-xhwikibooks.graphml"
"0.29","0.56","0.15","0.463024460277207","1,2,1,3,4,3,5,6,3,3,5,7,6,6,8,3,9,10,5,11,2,12,13,6,6,6,6,3,2,14,15,16,11,17,18,8,19,8,2,2,2,2,12,12,12,12,2,12,12,12,2,2,2,2,2,12,12,12,12,2,20,2,2,21,22,2,2,2,2,2,12,2,23,24,2,2,2,2,2,2,2,25,26,27,28,29,2,2,2,2,30,31,32,2,2,2,33,2,2,2,2,2,2,2,2,2,2,34,35,2,2,2,2,8,18,18,18,18,18,18,18,19,19,19,19,19,19,19,19","0.00397992134094238","infomap","edit-xhwikibooks.graphml"
"0.28","0.57","0.15","0.468025733922958","1,2,1,3,4,3,5,6,3,3,5,7,6,6,8,3,9,10,5,11,12,2,13,6,6,6,6,3,2,14,15,16,11,17,18,8,19,8,12,12,12,12,2,2,2,2,12,2,2,2,12,12,12,12,12,2,2,2,2,12,20,12,12,21,22,12,12,12,12,12,2,12,23,24,12,12,12,12,12,12,12,25,26,27,28,29,12,12,12,12,30,31,32,12,12,12,33,12,12,12,12,12,12,12,12,12,12,34,35,12,12,12,12,18,18,18,8,18,18,8,8,19,19,19,19,19,19,19,19","0.00400996208190918","infomap","edit-xhwikibooks.graphml"
"0.27","0.58","0.15","0.459421487603306","1,2,1,3,4,3,5,6,3,3,5,7,6,6,8,3,9,10,5,11,2,12,13,6,6,6,6,3,2,14,15,16,11,17,18,8,19,8,2,2,2,2,12,12,12,12,2,12,12,12,2,2,2,2,2,12,12,12,12,2,20,2,2,21,22,2,2,2,2,2,12,2,23,24,2,2,2,2,2,2,2,25,26,27,28,29,2,2,2,2,30,31,32,2,2,2,33,2,2,2,2,2,2,2,2,2,2,34,35,2,2,2,2,8,18,18,8,18,8,8,18,19,19,19,19,19,19,19,19","0.00436282157897949","infomap","edit-xhwikibooks.graphml"
"0.26","0.59","0.15","0.472373279402901","1,2,1,3,4,3,5,6,3,3,5,7,6,6,8,3,9,10,5,11,12,2,13,6,6,6,6,3,2,14,15,16,11,17,18,8,19,8,12,12,12,12,2,2,2,2,12,2,2,2,12,12,12,12,12,2,2,2,2,12,20,12,12,21,22,12,12,12,12,12,2,12,23,24,12,12,12,12,12,12,12,25,26,27,28,29,12,12,12,12,30,31,32,12,12,12,33,12,12,12,12,12,12,12,12,12,12,34,35,12,12,12,12,18,18,18,8,18,8,18,18,19,19,19,19,19,19,19,19","0.00403594970703125","infomap","edit-xhwikibooks.graphml"
"0.25","0.6","0.15","0.473756495067182","1,2,1,3,4,3,5,6,3,3,5,7,6,6,8,3,9,10,5,11,12,2,13,6,6,6,6,3,2,14,15,16,11,17,18,8,19,8,12,12,12,12,2,2,2,2,12,2,2,2,12,12,12,12,12,2,2,2,2,12,20,12,12,21,22,12,12,12,12,12,2,12,23,24,12,12,12,12,12,12,12,25,26,27,28,29,12,12,12,12,30,31,32,12,12,12,33,12,12,12,12,12,12,12,12,12,12,34,35,12,12,12,12,8,18,18,8,8,18,18,18,19,19,19,19,19,19,19,19","0.00385594367980957","infomap","edit-xhwikibooks.graphml"
"0.24","0.61","0.15","0.471276445070998","1,2,1,3,4,3,5,6,3,3,7,8,6,6,9,3,10,11,12,13,14,2,15,6,6,6,6,3,2,16,17,18,19,20,12,9,21,9,14,14,14,14,2,2,2,2,14,2,2,2,14,14,14,14,14,2,2,2,2,14,22,14,14,23,24,14,14,14,14,14,2,14,25,26,14,14,14,14,14,14,14,27,28,29,30,31,14,14,14,14,32,33,34,14,14,14,35,14,14,14,14,14,14,14,14,14,14,36,37,14,14,14,14,9,12,12,12,9,12,12,12,21,21,21,21,21,21,21,21","0.00472497940063477","infomap","edit-xhwikibooks.graphml"
"0.23","0.62","0.15","0.507658374998774","1,2,1,3,4,3,5,6,3,3,7,8,6,6,9,3,10,11,9,12,13,2,14,6,6,6,6,3,2,15,16,17,18,19,9,9,20,9,13,13,13,13,2,2,2,2,13,2,2,2,13,13,13,13,13,2,2,2,2,13,21,13,13,22,23,13,13,13,13,13,2,13,24,25,13,13,13,13,13,13,13,26,27,28,29,30,13,13,13,13,31,32,33,13,13,13,34,13,13,13,13,13,13,13,13,13,13,35,36,13,13,13,13,9,9,9,9,9,9,9,9,20,20,20,20,20,20,20,20","0.00372886657714844","infomap","edit-xhwikibooks.graphml"
"0.22","0.63","0.15","0.478930717199494","1,2,1,3,4,3,5,6,3,3,7,8,6,6,9,3,10,11,12,13,14,2,15,6,6,6,6,3,2,16,17,18,19,20,12,9,21,9,14,14,14,14,2,2,2,2,14,2,2,2,14,14,14,14,14,2,2,2,2,14,22,14,14,23,24,14,14,14,14,14,2,14,25,26,14,14,14,14,14,14,14,27,28,29,30,31,14,14,14,14,32,33,34,14,14,14,35,14,14,14,14,14,14,14,14,14,14,36,37,14,14,14,14,12,12,12,12,9,12,12,12,21,21,21,21,21,21,21,21","0.00381112098693848","infomap","edit-xhwikibooks.graphml"
"0.21","0.64","0.15","0.473461794106531","1,2,1,3,4,3,5,6,3,3,7,8,6,6,9,3,10,11,12,13,14,2,15,6,6,6,6,3,2,16,17,18,19,20,12,9,21,9,14,14,14,14,2,2,2,2,14,2,2,2,14,14,14,14,14,2,2,2,2,14,22,14,14,23,24,14,14,14,14,14,2,14,25,26,14,14,14,14,14,14,14,27,28,29,30,31,14,14,14,14,32,33,34,14,14,14,35,14,14,14,14,14,14,14,14,14,14,36,37,14,14,14,14,12,12,12,9,9,9,12,9,21,21,21,21,21,21,21,21","0.00389599800109863","infomap","edit-xhwikibooks.graphml"
"0.2","0.65","0.15","0.464289903426345","1,2,1,3,4,3,5,6,3,3,7,8,6,6,6,3,9,10,11,12,2,13,14,6,6,6,6,3,2,15,16,17,18,19,11,20,21,6,2,2,2,2,13,13,13,13,2,13,13,13,2,2,2,2,2,13,13,13,13,2,22,2,2,23,24,2,2,2,2,2,13,2,25,26,2,2,2,2,2,2,2,27,28,29,30,31,2,2,2,2,32,33,34,2,2,2,35,2,2,2,2,2,2,2,2,2,2,36,37,2,2,2,2,20,11,11,20,11,20,11,20,21,21,21,21,21,21,21,21","0.00391483306884766","infomap","edit-xhwikibooks.graphml"
"0.19","0.66","0.15","0.469314179765801","1,2,1,3,4,3,5,6,3,3,7,8,6,6,6,3,9,10,11,12,2,13,14,6,6,6,6,3,2,15,16,17,18,19,11,20,21,6,2,2,2,2,13,13,13,13,2,13,13,13,2,2,2,2,2,13,13,13,13,2,22,2,2,23,24,2,2,2,2,2,13,2,25,26,2,2,2,2,2,2,2,27,28,29,30,31,2,2,2,2,32,33,34,2,2,2,35,2,2,2,2,2,2,2,2,2,2,36,37,2,2,2,2,11,11,11,11,11,20,11,11,21,21,21,21,21,21,21,21","0.00380396842956543","infomap","edit-xhwikibooks.graphml"
"0.18","0.67","0.15","0.492777970640746","1,2,1,3,4,3,5,6,3,3,7,8,6,6,9,3,10,11,12,13,14,2,15,6,6,6,6,3,2,16,17,18,19,20,12,9,21,9,14,14,14,14,2,2,2,2,14,2,2,2,14,14,14,14,14,2,2,2,2,14,22,14,14,23,24,14,14,14,14,14,2,14,25,26,14,14,14,14,14,14,14,27,28,29,30,31,14,14,14,14,32,33,34,14,14,14,35,14,14,14,14,14,14,14,14,14,14,36,37,14,14,14,14,12,12,12,12,12,12,9,9,21,21,21,21,21,21,21,21","0.00391101837158203","infomap","edit-xhwikibooks.graphml"
"0.17","0.68","0.15","0.492777970640746","1,2,1,3,4,3,5,6,3,3,7,8,6,6,9,3,10,11,12,13,14,2,15,6,6,6,6,3,2,16,17,18,19,20,12,9,21,9,14,14,14,14,2,2,2,2,14,2,2,2,14,14,14,14,14,2,2,2,2,14,22,14,14,23,24,14,14,14,14,14,2,14,25,26,14,14,14,14,14,14,14,27,28,29,30,31,14,14,14,14,32,33,34,14,14,14,35,14,14,14,14,14,14,14,14,14,14,36,37,14,14,14,14,12,12,12,9,9,12,12,12,21,21,21,21,21,21,21,21","0.00384092330932617","infomap","edit-xhwikibooks.graphml"
"0.16","0.69","0.15","0.484171966357899","1,2,1,3,4,3,5,6,3,3,7,8,6,6,9,3,10,11,12,13,2,14,15,6,6,6,6,3,2,16,17,18,19,20,12,9,21,9,2,2,2,2,14,14,14,14,2,14,14,14,2,2,2,2,2,14,14,14,14,2,22,2,2,23,24,2,2,2,2,2,14,2,25,26,2,2,2,2,2,2,2,27,28,29,30,31,2,2,2,2,32,33,34,2,2,2,35,2,2,2,2,2,2,2,2,2,2,36,37,2,2,2,2,12,12,12,12,12,12,9,12,21,21,21,21,21,21,21,21","0.00484013557434082","infomap","edit-xhwikibooks.graphml"
"0.15","0.7","0.15","0.480795360092749","1,2,1,3,4,3,5,6,3,3,7,8,6,6,9,3,10,11,12,13,2,14,15,6,6,6,6,3,2,16,17,18,19,20,12,9,21,9,2,2,2,2,14,14,14,14,2,14,14,14,2,2,2,2,2,14,14,14,14,2,22,2,2,23,24,2,2,2,2,2,14,2,25,26,2,2,2,2,2,2,2,27,28,29,30,31,2,2,2,2,32,33,34,2,2,2,35,2,2,2,2,2,2,2,2,2,2,36,37,2,2,2,2,9,12,12,9,9,12,12,12,21,21,21,21,21,21,21,21","0.00382709503173828","infomap","edit-xhwikibooks.graphml"
"0.14","0.71","0.15","0.498833989437136","1,2,1,3,4,3,5,6,3,3,7,8,6,6,9,3,10,11,12,13,14,2,15,6,6,6,6,3,2,16,17,18,19,20,12,9,21,9,14,14,14,14,2,2,2,2,14,2,2,2,14,14,14,14,14,2,2,2,2,14,22,14,14,23,24,14,14,14,14,14,2,14,25,26,14,14,14,14,14,14,14,27,28,29,30,31,14,14,14,14,32,33,34,14,14,14,35,14,14,14,14,14,14,14,14,14,14,36,37,14,14,14,14,9,12,12,12,9,9,9,9,21,21,21,21,21,21,21,21","0.00382113456726074","infomap","edit-xhwikibooks.graphml"
"0.13","0.72","0.15","0.48483804586677","1,2,1,3,4,3,5,6,3,3,7,8,6,6,9,3,10,11,12,13,2,14,15,6,6,6,6,3,2,16,17,18,19,20,12,9,21,9,2,2,2,2,14,14,14,14,2,14,14,14,2,2,2,2,2,14,14,14,14,2,22,2,2,23,24,2,2,2,2,2,14,2,25,26,2,2,2,2,2,2,2,27,28,29,30,31,2,2,2,2,32,33,34,2,2,2,35,2,2,2,2,2,2,2,2,2,2,36,37,2,2,2,2,9,12,12,12,12,12,12,9,21,21,21,21,21,21,21,21","0.00397801399230957","infomap","edit-xhwikibooks.graphml"
"0.12","0.73","0.15","0.489094896030246","1,2,1,3,4,3,5,6,3,3,7,8,6,6,9,3,10,11,12,13,2,14,15,6,6,6,6,3,2,16,17,18,19,20,12,9,21,9,2,2,2,2,14,14,14,14,2,14,14,14,2,2,2,2,2,14,14,14,14,2,22,2,2,23,24,2,2,2,2,2,14,2,25,26,2,2,2,2,2,2,2,27,28,29,30,31,2,2,2,2,32,33,34,2,2,2,35,2,2,2,2,2,2,2,2,2,2,36,37,2,2,2,2,12,12,12,12,12,12,12,9,21,21,21,21,21,21,21,21","0.00385618209838867","infomap","edit-xhwikibooks.graphml"
"0.11","0.74","0.15","0.482471077504726","1,2,1,3,4,3,5,6,3,3,7,8,6,6,9,3,10,11,12,13,2,14,15,6,6,6,6,3,2,16,17,18,19,20,12,9,21,9,2,2,2,2,14,14,14,14,2,14,14,14,2,2,2,2,2,14,14,14,14,2,22,2,2,23,24,2,2,2,2,2,14,2,25,26,2,2,2,2,2,2,2,27,28,29,30,31,2,2,2,2,32,33,34,2,2,2,35,2,2,2,2,2,2,2,2,2,2,36,37,2,2,2,2,12,12,12,12,9,9,9,12,21,21,21,21,21,21,21,21","0.004425048828125","infomap","edit-xhwikibooks.graphml"
"0.1","0.75","0.15","0.492317157485327","1,2,1,3,4,5,6,5,7,8,9,10,5,5,7,5,11,12,13,14,15,2,16,5,5,5,5,17,18,19,20,21,22,23,13,7,24,7,15,15,15,15,2,2,2,2,15,2,2,2,15,15,15,15,15,2,2,2,2,15,25,15,15,26,27,15,15,15,15,15,2,15,28,29,15,15,15,15,15,15,15,30,31,32,33,34,15,15,15,15,35,36,37,15,15,15,38,15,15,15,15,15,15,15,15,15,15,39,40,15,15,15,15,7,13,13,13,13,7,13,7,24,24,24,24,24,24,24,24","0.00380182266235352","infomap","edit-xhwikibooks.graphml"
"0.09","0.76","0.15","0.492317157485327","1,2,1,3,4,5,6,5,7,8,9,10,5,5,7,5,11,12,13,14,15,2,16,5,5,5,5,17,18,19,20,21,22,23,13,7,24,7,15,15,15,15,2,2,2,2,15,2,2,2,15,15,15,15,15,2,2,2,2,15,25,15,15,26,27,15,15,15,15,15,2,15,28,29,15,15,15,15,15,15,15,30,31,32,33,34,15,15,15,15,35,36,37,15,15,15,38,15,15,15,15,15,15,15,15,15,15,39,40,15,15,15,15,13,13,13,13,7,7,7,13,24,24,24,24,24,24,24,24","0.00409197807312012","infomap","edit-xhwikibooks.graphml"
"0.08","0.77","0.15","0.485848015122874","1,2,1,3,4,5,6,5,7,8,9,10,5,5,7,5,11,12,13,14,2,15,16,5,5,5,5,17,18,19,20,21,22,23,13,7,24,7,2,2,2,2,15,15,15,15,2,15,15,15,2,2,2,2,2,15,15,15,15,2,25,2,2,26,27,2,2,2,2,2,15,2,28,29,2,2,2,2,2,2,2,30,31,32,33,34,2,2,2,2,35,36,37,2,2,2,38,2,2,2,2,2,2,2,2,2,2,39,40,2,2,2,2,7,13,13,7,7,7,13,13,24,24,24,24,24,24,24,24","0.0038139820098877","infomap","edit-xhwikibooks.graphml"
"0.07","0.78","0.15","0.488309826271237","1,2,1,3,4,5,6,5,7,8,9,10,5,5,7,5,11,12,13,14,2,15,16,5,5,5,5,17,18,19,20,21,22,23,13,7,24,7,2,2,2,2,15,15,15,15,2,15,15,15,2,2,2,2,2,15,15,15,15,2,25,2,2,26,27,2,2,2,2,2,15,2,28,29,2,2,2,2,2,2,2,30,31,32,33,34,2,2,2,2,35,36,37,2,2,2,38,2,2,2,2,2,2,2,2,2,2,39,40,2,2,2,2,13,13,13,7,13,7,7,7,24,24,24,24,24,24,24,24","0.00381588935852051","infomap","edit-xhwikibooks.graphml"
"0.06","0.79","0.15","0.504028926856719","1,2,1,3,4,5,6,5,7,8,9,10,5,5,7,5,11,12,13,14,15,2,16,5,5,5,5,17,18,19,20,21,22,23,13,7,24,7,15,15,15,15,2,2,2,2,15,2,2,2,15,15,15,15,15,2,2,2,2,15,25,15,15,26,27,15,15,15,15,15,2,15,28,29,15,15,15,15,15,15,15,30,31,32,33,34,15,15,15,15,35,36,37,15,15,15,38,15,15,15,15,15,15,15,15,15,15,39,40,15,15,15,15,13,13,13,13,7,13,13,13,24,24,24,24,24,24,24,24","0.00388193130493164","infomap","edit-xhwikibooks.graphml"
"0.05","0.8","0.15","0.489222688639979","1,2,1,3,4,5,6,5,7,8,9,10,5,5,7,5,11,12,13,14,2,15,16,5,5,5,5,17,18,19,20,21,22,23,13,7,24,7,2,2,2,2,15,15,15,15,2,15,15,15,2,2,2,2,2,15,15,15,15,2,25,2,2,26,27,2,2,2,2,2,15,2,28,29,2,2,2,2,2,2,2,30,31,32,33,34,2,2,2,2,35,36,37,2,2,2,38,2,2,2,2,2,2,2,2,2,2,39,40,2,2,2,2,7,13,13,7,13,7,13,13,24,24,24,24,24,24,24,24","0.0038759708404541","infomap","edit-xhwikibooks.graphml"
"0.04","0.81","0.15","0.477097871100923","1,2,1,3,4,5,6,5,7,8,9,10,5,5,7,5,11,12,13,14,2,15,16,5,7,7,7,17,18,19,20,21,22,23,13,24,25,7,2,2,2,2,15,15,15,15,2,15,15,15,2,2,2,2,2,15,15,15,15,2,26,2,2,27,28,2,2,2,2,2,15,2,29,30,2,2,2,2,2,2,2,31,32,33,34,35,2,2,2,2,36,37,38,2,2,2,39,2,2,2,2,2,2,2,2,2,2,40,41,2,2,2,2,24,13,13,24,24,24,24,24,25,25,25,25,25,25,25,25","0.00441098213195801","infomap","edit-xhwikibooks.graphml"
"0.03","0.82","0.15","0.47645826563481","1,2,1,3,4,5,6,5,7,8,9,10,5,5,7,5,11,12,13,14,2,15,16,5,7,7,7,17,18,19,20,21,22,23,13,24,25,7,2,2,2,2,15,15,15,15,2,15,15,15,2,2,2,2,2,15,15,15,15,2,26,2,2,27,28,2,2,2,2,2,15,2,29,30,2,2,2,2,2,2,2,31,32,33,34,35,2,2,2,2,36,37,38,2,2,2,39,2,2,2,2,2,2,2,2,2,2,40,41,2,2,2,2,24,13,13,24,24,24,24,24,25,25,25,25,25,25,25,25","0.00430703163146973","infomap","edit-xhwikibooks.graphml"
"0.02","0.83","0.15","0.47645826563481","1,2,1,3,4,5,6,5,7,8,9,10,5,5,7,5,11,12,13,14,2,15,16,5,7,7,7,17,18,19,20,21,22,23,13,24,25,7,2,2,2,2,15,15,15,15,2,15,15,15,2,2,2,2,2,15,15,15,15,2,26,2,2,27,28,2,2,2,2,2,15,2,29,30,2,2,2,2,2,2,2,31,32,33,34,35,2,2,2,2,36,37,38,2,2,2,39,2,2,2,2,2,2,2,2,2,2,40,41,2,2,2,2,24,13,13,24,24,24,24,24,25,25,25,25,25,25,25,25","0.005767822265625","infomap","edit-xhwikibooks.graphml"
"0.01","0.84","0.15","0.50044795990289","1,2,1,3,4,5,6,5,7,8,9,10,5,5,7,5,11,12,13,14,2,15,16,5,7,7,7,17,18,19,20,21,22,23,13,13,24,7,2,2,2,2,15,15,15,15,2,15,15,15,2,2,2,2,2,15,15,15,15,2,25,2,2,26,27,2,2,2,2,2,15,2,28,29,2,2,2,2,2,2,2,30,31,32,33,34,2,2,2,2,35,36,37,2,2,2,38,2,2,2,2,2,2,2,2,2,2,39,40,2,2,2,2,13,13,13,13,13,13,13,13,24,24,24,24,24,24,24,24","0.0036318302154541","infomap","edit-xhwikibooks.graphml"
"0","0.85","0.15","0.476445882026869","1,2,1,1,1,3,4,3,5,6,7,8,3,3,5,3,9,10,5,11,2,12,13,3,3,3,3,14,1,15,16,17,18,19,5,5,20,5,2,2,2,2,12,12,12,12,2,12,12,12,2,2,2,2,2,12,12,12,12,2,21,2,2,22,23,2,2,2,2,2,12,2,24,25,2,2,2,2,2,2,2,26,27,28,29,30,2,2,2,2,31,32,33,2,2,2,34,2,2,2,2,2,2,2,2,2,2,35,36,2,2,2,2,37,5,5,37,37,37,37,37,20,20,20,20,20,20,20,20","0.0054168701171875","infomap","edit-xhwikibooks.graphml"
"0.84","0","0.16","0.380103065769936","1,2,1,1,1,3,1,3,3,4,5,1,6,3,7,8,4,5,5,9,10,2,6,6,11,12,13,8,14,4,5,5,9,9,15,7,16,16,10,10,10,10,2,2,2,2,10,2,2,2,10,10,10,10,10,2,2,2,2,10,6,10,10,6,11,10,10,10,10,10,2,10,12,12,10,10,10,10,10,10,10,13,8,8,8,14,10,10,10,10,4,5,5,10,10,10,8,10,10,10,10,10,10,10,10,10,10,9,9,10,10,10,10,15,15,15,15,15,15,15,7,16,16,16,16,16,16,16,16","0.0128679275512695","infomap","edit-xhwikibooks.graphml"
"0.83","0.01","0.16","0.377149095990916","1,2,1,1,1,3,1,3,4,5,6,1,7,3,4,8,5,6,6,9,10,2,7,7,11,12,13,8,14,5,6,6,9,9,15,16,17,16,10,10,10,10,2,2,2,2,10,2,2,2,10,10,10,10,10,2,2,2,2,10,7,10,10,7,11,10,10,10,10,10,2,10,12,12,10,10,10,10,10,10,10,13,8,8,8,14,10,10,10,10,5,6,6,10,10,10,8,10,10,10,10,10,10,10,10,10,10,9,9,10,10,10,10,15,15,15,15,15,15,16,16,17,17,17,17,17,17,17,17","0.0152099132537842","infomap","edit-xhwikibooks.graphml"
"0.82","0.02","0.16","0.375437156083501","1,2,1,1,1,3,1,3,4,5,6,1,7,3,4,8,5,6,6,9,10,2,7,7,11,12,13,8,14,5,6,6,9,9,15,16,17,16,10,10,10,10,2,2,2,2,10,2,2,2,10,10,10,10,10,2,2,2,2,10,7,10,10,7,11,10,10,10,10,10,2,10,12,12,10,10,10,10,10,10,10,13,8,8,8,14,10,10,10,10,5,6,6,10,10,10,8,10,10,10,10,10,10,10,10,10,10,9,9,10,10,10,10,16,15,15,16,15,16,15,15,17,17,17,17,17,17,17,17","0.00993609428405762","infomap","edit-xhwikibooks.graphml"
"0.81","0.03","0.16","0.380388171084874","1,2,1,1,1,2,1,2,3,4,5,1,6,2,3,7,4,5,5,8,9,10,6,6,11,12,13,7,14,4,5,5,8,8,15,3,16,3,9,9,9,9,10,10,10,10,9,10,10,10,9,9,9,9,9,10,10,10,10,9,6,9,9,6,11,9,9,9,9,9,10,9,12,12,9,9,9,9,9,9,9,13,7,7,7,14,9,9,9,9,4,5,5,9,9,9,7,9,9,9,9,9,9,9,9,9,9,8,8,9,9,9,9,15,15,15,3,15,15,15,3,16,16,16,16,16,16,16,16","0.0113949775695801","infomap","edit-xhwikibooks.graphml"
"0.8","0.04","0.16","0.369834595678325","1,2,1,1,1,3,1,3,4,5,6,1,7,3,4,8,5,6,6,9,2,10,7,7,11,12,13,8,14,5,6,6,9,9,15,16,17,4,2,2,2,2,10,10,10,10,2,10,10,10,2,2,2,2,2,10,10,10,10,2,7,2,2,7,11,2,2,2,2,2,10,2,12,12,2,2,2,2,2,2,2,13,8,8,8,14,2,2,2,2,5,6,6,2,2,2,8,2,2,2,2,2,2,2,2,2,2,9,9,2,2,2,2,15,15,15,15,15,15,16,16,17,17,17,17,17,17,17,17","0.0123391151428223","infomap","edit-xhwikibooks.graphml"
"0.79","0.05","0.16","0.375168620760207","1,2,1,1,1,3,1,2,3,4,5,1,6,2,3,7,4,5,5,8,9,10,6,6,11,12,13,7,14,4,5,5,8,8,15,16,17,3,9,9,9,9,10,10,10,10,9,10,10,10,9,9,9,9,9,10,10,10,10,9,6,9,9,6,11,9,9,9,9,9,10,9,12,12,9,9,9,9,9,9,9,13,7,7,7,14,9,9,9,9,4,5,5,9,9,9,7,9,9,9,9,9,9,9,9,9,9,8,8,9,9,9,9,15,15,15,15,15,15,16,16,17,17,17,17,17,17,17,17","0.0117721557617188","infomap","edit-xhwikibooks.graphml"
"0.78","0.06","0.16","0.377407072188758","1,2,1,1,1,3,1,3,3,4,5,1,6,3,3,7,4,5,5,8,9,2,6,6,10,11,12,7,13,4,5,5,8,8,14,15,16,3,9,9,9,9,2,2,2,2,9,2,2,2,9,9,9,9,9,2,2,2,2,9,6,9,9,6,10,9,9,9,9,9,2,9,11,11,9,9,9,9,9,9,9,12,7,7,7,13,9,9,9,9,4,5,5,9,9,9,7,9,9,9,9,9,9,9,9,9,9,8,8,9,9,9,9,14,14,14,14,15,15,14,15,16,16,16,16,16,16,16,16","0.0117840766906738","infomap","edit-xhwikibooks.graphml"
"0.77","0.07","0.16","0.373250093282293","1,2,1,1,1,3,1,3,4,5,6,1,7,3,4,8,5,6,6,9,2,10,7,7,11,12,13,8,14,5,6,6,9,9,15,16,4,4,2,2,2,2,10,10,10,10,2,10,10,10,2,2,2,2,2,10,10,10,10,2,7,2,2,7,11,2,2,2,2,2,10,2,12,12,2,2,2,2,2,2,2,13,8,8,8,14,2,2,2,2,5,6,6,2,2,2,8,2,2,2,2,2,2,2,2,2,2,9,9,2,2,2,2,15,15,15,16,15,16,15,15,4,4,4,4,4,4,4,4","0.0120618343353271","infomap","edit-xhwikibooks.graphml"
"0.76","0.08","0.16","0.371825100423033","1,2,1,1,1,3,1,3,3,4,5,1,6,3,7,8,4,5,5,9,2,10,6,6,11,12,13,8,14,4,5,5,9,9,15,16,7,7,2,2,2,2,10,10,10,10,2,10,10,10,2,2,2,2,2,10,10,10,10,2,6,2,2,6,11,2,2,2,2,2,10,2,12,12,2,2,2,2,2,2,2,13,8,8,8,14,2,2,2,2,4,5,5,2,2,2,8,2,2,2,2,2,2,2,2,2,2,9,9,2,2,2,2,16,15,15,16,15,15,16,15,7,7,7,7,7,7,7,7","0.0130269527435303","infomap","edit-xhwikibooks.graphml"
"0.75","0.09","0.16","0.38070987654321","1,2,1,1,1,2,1,2,3,4,5,1,6,2,3,7,4,5,5,8,9,10,6,6,11,12,13,7,14,4,5,5,8,8,15,3,16,3,9,9,9,9,10,10,10,10,9,10,10,10,9,9,9,9,9,10,10,10,10,9,6,9,9,6,11,9,9,9,9,9,10,9,12,12,9,9,9,9,9,9,9,13,7,7,7,14,9,9,9,9,4,5,5,9,9,9,7,9,9,9,9,9,9,9,9,9,9,8,8,9,9,9,9,15,15,15,3,15,15,3,15,16,16,16,16,16,16,16,16","0.0127291679382324","infomap","edit-xhwikibooks.graphml"
"0.74","0.1","0.16","0.376913580246914","1,2,1,1,1,3,1,4,3,5,6,1,7,4,3,8,5,6,6,9,10,2,7,7,11,12,13,8,14,5,6,6,9,9,15,16,17,3,10,10,10,10,2,2,2,2,10,2,2,2,10,10,10,10,10,2,2,2,2,10,7,10,10,7,11,10,10,10,10,10,2,10,12,12,10,10,10,10,10,10,10,13,8,8,8,14,10,10,10,10,5,6,6,10,10,10,8,10,10,10,10,10,10,10,10,10,10,9,9,10,10,10,10,15,15,15,15,15,16,15,16,17,17,17,17,17,17,17,17","0.0108778476715088","infomap","edit-xhwikibooks.graphml"
"0.73","0.11","0.16","0.367365835158415","1,2,1,1,1,3,1,3,3,4,5,1,6,3,3,7,4,5,5,8,2,9,6,6,10,11,12,7,13,4,5,5,8,8,14,15,16,3,2,2,2,2,9,9,9,9,2,9,9,9,2,2,2,2,2,9,9,9,9,2,6,2,2,6,10,2,2,2,2,2,9,2,11,11,2,2,2,2,2,2,2,12,7,7,7,13,2,2,2,2,4,5,5,2,2,2,7,2,2,2,2,2,2,2,2,2,2,8,8,2,2,2,2,15,14,14,14,15,15,15,14,16,16,16,16,16,16,16,16","0.0129721164703369","infomap","edit-xhwikibooks.graphml"
"0.72","0.12","0.16","0.376526628884616","1,2,1,1,1,2,1,2,2,3,4,1,5,2,2,6,3,4,4,7,8,9,5,5,10,11,12,6,13,3,4,4,7,7,14,15,16,2,8,8,8,8,9,9,9,9,8,9,9,9,8,8,8,8,8,9,9,9,9,8,5,8,8,5,10,8,8,8,8,8,9,8,11,11,8,8,8,8,8,8,8,12,6,6,6,13,8,8,8,8,3,4,4,8,8,8,6,8,8,8,8,8,8,8,8,8,8,7,7,8,8,8,8,15,14,14,15,14,15,15,15,16,16,16,16,16,16,16,16","0.0130488872528076","infomap","edit-xhwikibooks.graphml"
"0.71","0.13","0.16","0.374679355281207","1,2,1,1,1,3,1,3,3,4,5,1,6,3,7,8,4,5,5,9,10,2,6,6,11,12,13,8,14,4,5,5,9,9,15,16,7,7,10,10,10,10,2,2,2,2,10,2,2,2,10,10,10,10,10,2,2,2,2,10,6,10,10,6,11,10,10,10,10,10,2,10,12,12,10,10,10,10,10,10,10,13,8,8,8,14,10,10,10,10,4,5,5,10,10,10,8,10,10,10,10,10,10,10,10,10,10,9,9,10,10,10,10,16,15,15,16,16,16,16,16,7,7,7,7,7,7,7,7","0.0114829540252686","infomap","edit-xhwikibooks.graphml"
"0.7","0.14","0.16","0.37099451303155","1,2,1,1,1,3,1,3,4,5,6,1,7,3,4,8,5,6,6,9,2,10,7,7,11,12,13,8,14,5,6,6,9,9,15,4,16,16,2,2,2,2,10,10,10,10,2,10,10,10,2,2,2,2,2,10,10,10,10,2,7,2,2,7,11,2,2,2,2,2,10,2,12,12,2,2,2,2,2,2,2,13,8,8,8,14,2,2,2,2,5,6,6,2,2,2,8,2,2,2,2,2,2,2,2,2,2,9,9,2,2,2,2,15,15,15,15,4,4,15,15,16,16,16,16,16,16,16,16","0.0112268924713135","infomap","edit-xhwikibooks.graphml"
"0.69","0.15","0.16","0.38182934315531","1,2,1,1,1,3,1,3,4,5,6,1,7,3,4,8,5,6,6,9,10,2,7,7,11,12,13,8,14,5,6,6,9,9,15,4,16,4,10,10,10,10,2,2,2,2,10,2,2,2,10,10,10,10,10,2,2,2,2,10,7,10,10,7,11,10,10,10,10,10,2,10,12,12,10,10,10,10,10,10,10,13,8,8,8,14,10,10,10,10,5,6,6,10,10,10,8,10,10,10,10,10,10,10,10,10,10,9,9,10,10,10,10,4,15,15,15,4,15,15,4,16,16,16,16,16,16,16,16","0.0138401985168457","infomap","edit-xhwikibooks.graphml"
"0.68","0.16","0.16","0.383782304282007","1,2,1,1,1,3,1,3,3,4,5,1,6,3,7,8,4,5,5,9,10,2,6,6,11,12,13,8,14,4,5,5,9,9,15,7,16,7,10,10,10,10,2,2,2,2,10,2,2,2,10,10,10,10,10,2,2,2,2,10,6,10,10,6,11,10,10,10,10,10,2,10,12,12,10,10,10,10,10,10,10,13,8,8,8,14,10,10,10,10,4,5,5,10,10,10,8,10,10,10,10,10,10,10,10,10,10,9,9,10,10,10,10,15,15,15,15,7,15,7,7,16,16,16,16,16,16,16,16","0.0299620628356934","infomap","edit-xhwikibooks.graphml"
"0.67","0.17","0.16","0.369412431965177","1,2,1,1,1,3,1,3,3,4,5,1,6,3,7,8,4,5,5,9,2,10,6,6,11,12,13,8,2,4,5,5,9,9,14,15,7,7,2,2,2,2,10,10,10,10,2,10,10,10,2,2,2,2,2,10,10,10,10,2,16,2,2,6,11,2,2,2,2,2,10,2,12,12,2,2,2,2,2,2,2,13,8,8,8,17,2,2,2,2,18,19,20,2,2,2,8,2,2,2,2,2,2,2,2,2,2,9,9,2,2,2,2,14,14,14,15,15,14,14,14,7,7,7,7,7,7,7,7","0.00588011741638184","infomap","edit-xhwikibooks.graphml"
"0.66","0.18","0.16","0.375177012840239","1,2,1,1,1,2,1,2,2,3,4,1,5,2,6,7,3,4,4,8,9,2,5,5,10,11,12,7,2,3,4,4,8,8,13,6,14,6,9,9,9,9,2,2,2,2,9,2,2,2,9,9,9,9,9,2,2,2,2,9,15,9,9,5,10,9,9,9,9,9,2,9,11,11,9,9,9,9,9,9,9,12,7,7,7,16,9,9,9,9,17,18,19,9,9,9,7,9,9,9,9,9,9,9,9,9,9,8,8,9,9,9,9,13,13,13,6,6,6,6,6,14,14,14,14,14,14,14,14","0.00797390937805176","infomap","edit-xhwikibooks.graphml"
"0.65","0.19","0.16","0.369309375307361","1,2,1,1,1,3,1,3,3,4,5,1,6,3,7,8,4,5,5,9,2,10,6,6,11,12,13,8,2,4,5,5,9,9,14,15,7,7,2,2,2,2,10,10,10,10,2,10,10,10,2,2,2,2,2,10,10,10,10,2,16,2,2,6,11,2,2,2,2,2,10,2,12,12,2,2,2,2,2,2,2,13,8,8,8,17,2,2,2,2,18,19,20,2,2,2,8,2,2,2,2,2,2,2,2,2,2,9,9,2,2,2,2,15,14,14,14,15,15,14,14,7,7,7,7,7,7,7,7","0.0075068473815918","infomap","edit-xhwikibooks.graphml"
"0.64","0.2","0.16","0.385119097719047","1,2,1,1,1,3,1,3,3,4,5,1,6,3,7,8,4,5,5,9,10,2,6,6,11,12,13,8,2,4,5,5,9,9,14,7,15,7,10,10,10,10,2,2,2,2,10,2,2,2,10,10,10,10,10,2,2,2,2,10,16,10,10,6,11,10,10,10,10,10,2,10,12,12,10,10,10,10,10,10,10,13,8,8,8,17,10,10,10,10,18,19,20,10,10,10,8,10,10,10,10,10,10,10,10,10,10,9,9,10,10,10,10,14,14,14,7,7,14,14,14,15,15,15,15,15,15,15,15","0.00823402404785156","infomap","edit-xhwikibooks.graphml"
"0.63","0.21","0.16","0.383568812140241","1,2,1,1,1,2,1,2,3,4,5,1,6,2,3,7,4,5,5,8,9,2,6,6,10,11,12,7,2,4,5,5,8,8,13,3,14,3,9,9,9,9,2,2,2,2,9,2,2,2,9,9,9,9,9,2,2,2,2,9,15,9,9,6,10,9,9,9,9,9,2,9,11,11,9,9,9,9,9,9,9,12,7,7,7,16,9,9,9,9,17,18,19,9,9,9,7,9,9,9,9,9,9,9,9,9,9,8,8,9,9,9,9,13,13,13,3,13,13,13,3,14,14,14,14,14,14,14,14","0.00760293006896973","infomap","edit-xhwikibooks.graphml"
"0.62","0.22","0.16","0.382775496786486","1,2,1,1,1,3,1,3,3,4,5,1,6,3,7,8,4,5,5,9,10,2,6,6,11,12,13,8,2,4,5,5,9,9,14,7,15,7,10,10,10,10,2,2,2,2,10,2,2,2,10,10,10,10,10,2,2,2,2,10,16,10,10,6,11,10,10,10,10,10,2,10,12,12,10,10,10,10,10,10,10,13,8,8,8,17,10,10,10,10,18,19,20,10,10,10,8,10,10,10,10,10,10,10,10,10,10,9,9,10,10,10,10,7,14,14,7,7,14,14,14,15,15,15,15,15,15,15,15","0.00991606712341309","infomap","edit-xhwikibooks.graphml"
"0.61","0.23","0.16","0.387744234425234","1,2,1,1,1,3,1,3,3,4,5,1,6,3,7,8,4,5,5,9,10,2,6,6,11,12,13,8,2,4,5,5,9,9,14,15,7,7,10,10,10,10,2,2,2,2,10,2,2,2,10,10,10,10,10,2,2,2,2,10,16,10,10,6,11,10,10,10,10,10,2,10,12,12,10,10,10,10,10,10,10,13,8,8,8,17,10,10,10,10,18,19,20,10,10,10,8,10,10,10,10,10,10,10,10,10,10,9,9,10,10,10,10,14,14,14,14,15,15,15,14,7,7,7,7,7,7,7,7","0.00839400291442871","infomap","edit-xhwikibooks.graphml"
"0.6","0.24","0.16","0.388457851239669","1,2,1,1,1,2,1,2,3,4,5,1,6,2,3,7,4,5,5,8,9,2,6,6,10,11,12,7,2,4,5,5,8,8,13,14,3,3,9,9,9,9,2,2,2,2,9,2,2,2,9,9,9,9,9,2,2,2,2,9,15,9,9,6,10,9,9,9,9,9,2,9,11,11,9,9,9,9,9,9,9,12,7,7,7,16,9,9,9,9,17,18,19,9,9,9,7,9,9,9,9,9,9,9,9,9,9,8,8,9,9,9,9,13,13,13,14,14,13,14,13,3,3,3,3,3,3,3,3","0.00716185569763184","infomap","edit-xhwikibooks.graphml"
"0.59","0.25","0.16","0.375536832114007","1,2,1,1,1,3,1,3,3,4,5,1,6,3,7,8,4,5,5,9,2,10,6,6,11,12,13,8,2,4,5,5,9,9,14,15,7,7,2,2,2,2,10,10,10,10,2,10,10,10,2,2,2,2,2,10,10,10,10,2,16,2,2,6,11,2,2,2,2,2,10,2,12,12,2,2,2,2,2,2,2,13,8,8,8,17,2,2,2,2,18,19,20,2,2,2,8,2,2,2,2,2,2,2,2,2,2,9,9,2,2,2,2,15,14,14,15,15,15,15,14,7,7,7,7,7,7,7,7","0.00846004486083984","infomap","edit-xhwikibooks.graphml"
"0.58","0.26","0.16","0.375550200695835","1,2,1,1,1,3,1,3,3,4,5,1,6,3,7,8,4,5,5,9,2,10,6,6,11,12,13,8,2,4,5,5,9,9,14,15,7,7,2,2,2,2,10,10,10,10,2,10,10,10,2,2,2,2,2,10,10,10,10,2,16,2,2,6,11,2,2,2,2,2,10,2,12,12,2,2,2,2,2,2,2,13,8,8,8,17,2,2,2,2,18,19,20,2,2,2,8,2,2,2,2,2,2,2,2,2,2,9,9,2,2,2,2,15,14,14,14,15,15,14,15,7,7,7,7,7,7,7,7","0.00831890106201172","infomap","edit-xhwikibooks.graphml"
"0.57","0.27","0.16","0.37573568976869","1,2,1,1,1,3,1,3,3,4,5,1,6,3,7,8,4,5,5,9,2,10,6,6,11,12,13,8,2,4,5,5,9,9,14,7,15,7,2,2,2,2,10,10,10,10,2,10,10,10,2,2,2,2,2,10,10,10,10,2,16,2,2,6,11,2,2,2,2,2,10,2,12,12,2,2,2,2,2,2,2,13,8,8,8,17,2,2,2,2,18,19,20,2,2,2,8,2,2,2,2,2,2,2,2,2,2,9,9,2,2,2,2,14,14,14,14,7,14,7,7,15,15,15,15,15,15,15,15","0.00729608535766602","infomap","edit-xhwikibooks.graphml"
"0.56","0.28","0.16","0.387178542871457","1,2,1,1,1,2,1,2,3,4,5,1,6,2,3,7,4,5,5,8,9,2,6,6,10,11,12,7,2,4,5,5,8,8,13,14,3,3,9,9,9,9,2,2,2,2,9,2,2,2,9,9,9,9,9,2,2,2,2,9,15,9,9,6,10,9,9,9,9,9,2,9,11,11,9,9,9,9,9,9,9,12,7,7,7,16,9,9,9,9,17,18,19,9,9,9,7,9,9,9,9,9,9,9,9,9,9,8,8,9,9,9,9,14,13,13,13,13,14,13,14,3,3,3,3,3,3,3,3","0.00549793243408203","infomap","edit-xhwikibooks.graphml"
"0.55","0.29","0.16","0.374656237475988","1,2,1,1,1,3,1,4,3,5,6,1,4,4,3,7,5,6,6,8,9,2,4,4,10,11,4,7,2,5,6,6,8,8,12,3,13,3,9,9,9,9,2,2,2,2,9,2,2,2,9,9,9,9,9,2,2,2,2,9,14,9,9,4,10,9,9,9,9,9,2,9,11,11,9,9,9,9,9,9,9,4,7,7,7,15,9,9,9,9,16,17,18,9,9,9,7,9,9,9,9,9,9,9,9,9,9,8,8,9,9,9,9,3,12,12,12,3,3,12,12,13,13,13,13,13,13,13,13","0.0101449489593506","infomap","edit-xhwikibooks.graphml"
"0.54","0.3","0.16","0.363137260301321","1,2,1,1,1,3,1,4,3,5,6,1,4,4,3,7,5,6,6,8,2,9,4,4,4,10,3,7,2,5,6,6,8,8,11,12,13,3,2,2,2,2,9,9,9,9,2,9,9,9,2,2,2,2,2,9,9,9,9,2,14,2,2,4,4,2,2,2,2,2,9,2,10,10,2,2,2,2,2,2,2,3,7,7,7,15,2,2,2,2,16,17,18,2,2,2,7,2,2,2,2,2,2,2,2,2,2,8,8,2,2,2,2,12,11,11,12,11,12,12,11,13,13,13,13,13,13,13,13","0.00848102569580078","infomap","edit-xhwikibooks.graphml"
"0.53","0.31","0.16","0.376671810699588","1,2,1,1,3,1,3,4,1,5,3,6,4,4,7,8,5,3,3,6,9,2,4,4,4,10,11,8,2,5,3,3,6,6,12,7,13,7,9,9,9,9,2,2,2,2,9,2,2,2,9,9,9,9,9,2,2,2,2,9,14,9,9,4,4,9,9,9,9,9,2,9,10,10,9,9,9,9,9,9,9,11,8,8,8,15,9,9,9,9,16,17,18,9,9,9,8,9,9,9,9,9,9,9,9,9,9,6,6,9,9,9,9,7,12,12,7,12,12,12,12,13,13,13,13,13,13,13,13","0.0110721588134766","infomap","edit-xhwikibooks.graphml"
"0.52","0.32","0.16","0.375483888602267","1,2,1,1,1,3,1,4,3,5,6,1,4,4,3,7,5,6,6,8,9,2,4,4,10,11,4,7,2,5,6,6,8,8,12,3,13,3,9,9,9,9,2,2,2,2,9,2,2,2,9,9,9,9,9,2,2,2,2,9,14,9,9,4,10,9,9,9,9,9,2,9,11,11,9,9,9,9,9,9,9,4,7,7,7,15,9,9,9,9,16,17,18,9,9,9,7,9,9,9,9,9,9,9,9,9,9,8,8,9,9,9,9,3,12,12,12,3,12,12,3,13,13,13,13,13,13,13,13","0.00948190689086914","infomap","edit-xhwikibooks.graphml"
"0.51","0.33","0.16","0.36211922925511","1,2,1,1,3,1,3,4,1,1,3,5,4,4,6,7,8,3,3,5,9,2,4,4,6,10,6,7,2,11,12,3,5,5,13,14,15,6,9,9,9,9,2,2,2,2,9,2,2,2,9,9,9,9,9,2,2,2,2,9,16,9,9,17,18,9,9,9,9,9,2,9,10,10,9,9,9,9,9,9,9,19,7,7,7,20,9,9,9,9,21,22,23,9,9,9,24,9,9,9,9,9,9,9,9,9,9,25,26,9,9,9,9,13,13,13,14,13,13,14,14,15,15,15,15,15,15,15,15","0.0068209171295166","infomap","edit-xhwikibooks.graphml"
"0.5","0.34","0.16","0.35585476794268","1,2,1,1,3,1,3,2,1,1,3,4,5,2,6,7,8,3,3,4,2,9,5,5,6,10,6,7,2,11,12,3,4,4,13,6,14,6,2,2,2,2,9,9,9,9,2,9,9,9,2,2,2,2,2,9,9,9,9,2,15,2,2,16,17,2,2,2,2,2,9,2,10,10,2,2,2,2,2,2,2,18,7,7,7,19,2,2,2,2,20,21,22,2,2,2,23,2,2,2,2,2,2,2,2,2,2,24,25,2,2,2,2,6,13,13,13,6,13,6,13,14,14,14,14,14,14,14,14","0.0051732063293457","infomap","edit-xhwikibooks.graphml"
"0.49","0.35","0.16","0.411957090528519","1,2,1,1,3,1,3,2,1,1,3,4,5,6,6,7,8,3,3,4,9,2,5,5,6,10,6,7,2,11,12,3,4,4,13,13,14,6,9,9,9,9,2,2,2,2,9,2,2,2,9,9,9,9,9,2,2,2,2,9,15,9,9,16,17,9,9,9,9,9,2,9,10,10,9,9,9,9,9,9,9,18,7,7,7,19,9,9,9,9,20,21,22,9,9,9,23,9,9,9,9,9,9,9,9,9,9,24,25,9,9,9,9,13,13,13,13,13,13,13,13,14,14,14,14,14,14,14,14","0.00639700889587402","infomap","edit-xhwikibooks.graphml"
"0.48","0.36","0.16","0.370552022165109","1,2,1,1,3,1,3,2,1,1,3,4,5,6,6,7,8,3,3,4,2,9,5,5,6,10,6,7,2,11,12,3,4,4,13,6,14,6,2,2,2,2,9,9,9,9,2,9,9,9,2,2,2,2,2,9,9,9,9,2,15,2,2,16,17,2,2,2,2,2,9,2,10,10,2,2,2,2,2,2,2,18,7,7,7,19,2,2,2,2,20,21,22,2,2,2,23,2,2,2,2,2,2,2,2,2,2,24,25,2,2,2,2,13,13,13,6,13,13,13,6,14,14,14,14,14,14,14,14","0.00752496719360352","infomap","edit-xhwikibooks.graphml"
"0.47","0.37","0.16","0.413144680057542","1,2,1,1,3,1,3,2,1,1,3,4,5,6,6,7,8,3,3,4,9,2,5,5,6,10,6,7,2,11,12,3,4,4,13,13,14,6,9,9,9,9,2,2,2,2,9,2,2,2,9,9,9,9,9,2,2,2,2,9,15,9,9,16,17,9,9,9,9,9,2,9,10,10,9,9,9,9,9,9,9,18,7,7,7,19,9,9,9,9,20,21,22,9,9,9,23,9,9,9,9,9,9,9,9,9,9,24,25,9,9,9,9,13,13,13,13,13,13,13,13,14,14,14,14,14,14,14,14","0.00884699821472168","infomap","edit-xhwikibooks.graphml"
"0.46","0.38","0.16","0.38941144853534","1,2,1,1,3,1,3,4,1,1,3,5,6,4,4,7,8,3,3,5,9,2,6,6,4,10,4,7,2,11,12,3,5,5,13,14,15,4,9,9,9,9,2,2,2,2,9,2,2,2,9,9,9,9,9,2,2,2,2,9,16,9,9,17,18,9,9,9,9,9,2,9,10,10,9,9,9,9,9,9,9,19,7,7,7,20,9,9,9,9,21,22,23,9,9,9,24,9,9,9,9,9,9,9,9,9,9,25,26,9,9,9,9,14,13,13,13,13,13,14,13,15,15,15,15,15,15,15,15","0.00601601600646973","infomap","edit-xhwikibooks.graphml"
"0.45","0.39","0.16","0.367869421487603","1,2,1,1,3,1,3,4,1,1,3,5,6,4,7,8,9,3,3,5,2,10,6,6,4,11,7,8,2,12,13,3,5,5,14,4,15,4,2,2,2,2,10,10,10,10,2,10,10,10,2,2,2,2,2,10,10,10,10,2,16,2,2,17,18,2,2,2,2,2,10,2,11,11,2,2,2,2,2,2,2,19,8,8,8,20,2,2,2,2,21,22,23,2,2,2,24,2,2,2,2,2,2,2,2,2,2,25,26,2,2,2,2,14,14,14,14,4,4,14,4,15,15,15,15,15,15,15,15","0.00570201873779297","infomap","edit-xhwikibooks.graphml"
"0.44","0.4","0.16","0.380814495322244","1,2,1,1,3,1,3,4,1,1,3,5,6,4,4,7,8,3,3,5,2,9,6,6,4,10,4,7,2,11,12,3,5,5,13,14,15,4,2,2,2,2,9,9,9,9,2,9,9,9,2,2,2,2,2,9,9,9,9,2,16,2,2,17,18,2,2,2,2,2,9,2,10,10,2,2,2,2,2,2,2,19,7,7,7,20,2,2,2,2,21,22,23,2,2,2,24,2,2,2,2,2,2,2,2,2,2,25,26,2,2,2,2,13,13,13,13,14,14,14,14,15,15,15,15,15,15,15,15","0.00568199157714844","infomap","edit-xhwikibooks.graphml"
"0.43","0.41","0.16","0.380706584829093","1,2,1,3,1,3,1,4,3,3,1,5,6,4,4,7,8,1,1,5,2,9,6,6,4,10,4,7,2,11,12,1,5,5,13,14,15,4,2,2,2,2,9,9,9,9,2,9,9,9,2,2,2,2,2,9,9,9,9,2,16,2,2,17,18,2,2,2,2,2,9,2,10,10,2,2,2,2,2,2,2,19,7,7,7,20,2,2,2,2,21,22,23,2,2,2,24,2,2,2,2,2,2,2,2,2,2,25,26,2,2,2,2,13,13,13,14,14,14,13,14,15,15,15,15,15,15,15,15","0.00515604019165039","infomap","edit-xhwikibooks.graphml"
"0.42","0.42","0.16","0.372445555135607","1,2,1,1,3,1,3,2,1,1,3,4,5,6,6,7,8,3,3,4,2,9,5,5,6,10,6,7,2,11,12,3,4,4,13,14,15,6,2,2,2,2,9,9,9,9,2,9,9,9,2,2,2,2,2,9,9,9,9,2,16,2,2,17,18,2,2,2,2,2,9,2,10,10,2,2,2,2,2,2,2,19,7,7,7,20,2,2,2,2,21,22,23,2,2,2,24,2,2,2,2,2,2,2,2,2,2,25,26,2,2,2,2,14,13,13,13,13,13,13,13,15,15,15,15,15,15,15,15","0.00601792335510254","infomap","edit-xhwikibooks.graphml"
"0.41","0.43","0.16","0.397931654676259","1,2,1,1,3,1,3,4,1,1,3,5,6,4,4,7,8,3,3,5,9,2,6,6,4,10,4,7,2,11,12,3,5,5,13,14,15,4,9,9,9,9,2,2,2,2,9,2,2,2,9,9,9,9,9,2,2,2,2,9,16,9,9,17,18,9,9,9,9,9,2,9,10,10,9,9,9,9,9,9,9,19,7,7,7,20,9,9,9,9,21,22,23,9,9,9,24,9,9,9,9,9,9,9,9,9,9,25,26,9,9,9,9,14,13,13,13,13,13,14,14,15,15,15,15,15,15,15,15","0.0050809383392334","infomap","edit-xhwikibooks.graphml"
"0.4","0.44","0.16","0.395169686284243","1,2,1,1,3,1,3,2,1,1,3,4,5,6,6,7,8,3,3,4,9,2,5,5,6,10,6,7,2,11,12,3,4,4,13,14,15,14,9,9,9,9,2,2,2,2,9,2,2,2,9,9,9,9,9,2,2,2,2,9,16,9,9,17,18,9,9,9,9,9,2,9,10,10,9,9,9,9,9,9,9,19,7,7,7,20,9,9,9,9,21,22,23,9,9,9,24,9,9,9,9,9,9,9,9,9,9,25,26,9,9,9,9,13,13,13,14,13,13,14,13,15,15,15,15,15,15,15,15","0.00569486618041992","infomap","edit-xhwikibooks.graphml"
"0.39","0.45","0.16","0.422707827494508","1,2,1,1,3,1,3,4,1,1,3,5,4,4,6,7,8,3,3,5,9,2,4,4,6,10,6,7,2,11,12,3,5,5,13,13,14,6,9,9,9,9,2,2,2,2,9,2,2,2,9,9,9,9,9,2,2,2,2,9,15,9,9,16,17,9,9,9,9,9,2,9,10,10,9,9,9,9,9,9,9,18,7,7,7,19,9,9,9,9,20,21,22,9,9,9,23,9,9,9,9,9,9,9,9,9,9,24,25,9,9,9,9,13,13,13,13,13,13,13,13,14,14,14,14,14,14,14,14","0.00535011291503906","infomap","edit-xhwikibooks.graphml"
"0.38","0.46","0.16","0.387753175393064","1,2,1,1,3,1,3,4,1,1,3,5,4,4,6,7,8,3,3,5,2,9,4,4,6,10,6,7,2,11,12,3,5,5,13,6,14,6,2,2,2,2,9,9,9,9,2,9,9,9,2,2,2,2,2,9,9,9,9,2,15,2,2,16,17,2,2,2,2,2,9,2,10,10,2,2,2,2,2,2,2,18,7,7,7,19,2,2,2,2,20,21,22,2,2,2,23,2,2,2,2,2,2,2,2,2,2,24,25,2,2,2,2,13,13,13,13,13,13,13,6,14,14,14,14,14,14,14,14","0.00506091117858887","infomap","edit-xhwikibooks.graphml"
"0.37","0.47","0.16","0.389427614795918","1,2,1,1,3,1,3,4,1,1,3,5,4,4,6,7,8,3,3,5,2,9,4,4,6,10,6,7,2,11,12,3,5,5,13,6,14,6,2,2,2,2,9,9,9,9,2,9,9,9,2,2,2,2,2,9,9,9,9,2,15,2,2,16,17,2,2,2,2,2,9,2,10,10,2,2,2,2,2,2,2,18,7,7,7,19,2,2,2,2,20,21,22,2,2,2,23,2,2,2,2,2,2,2,2,2,2,24,25,2,2,2,2,13,13,13,6,6,13,13,6,14,14,14,14,14,14,14,14","0.00794005393981934","infomap","edit-xhwikibooks.graphml"
"0.36","0.48","0.16","0.400446744894685","1,2,1,1,3,1,3,4,1,1,3,5,4,4,6,7,8,3,3,5,9,2,4,4,6,10,6,7,2,11,12,3,5,5,13,14,15,6,9,9,9,9,2,2,2,2,9,2,2,2,9,9,9,9,9,2,2,2,2,9,16,9,9,17,18,9,9,9,9,9,2,9,10,10,9,9,9,9,9,9,9,19,7,7,7,20,9,9,9,9,21,22,23,9,9,9,24,9,9,9,9,9,9,9,9,9,9,25,26,9,9,9,9,13,13,13,14,14,13,14,13,15,15,15,15,15,15,15,15","0.00798916816711426","infomap","edit-xhwikibooks.graphml"
"0.35","0.49","0.16","0.364554542142783","1,2,1,3,4,3,5,6,3,3,5,7,6,6,8,3,9,10,5,11,2,12,13,6,6,8,8,3,2,14,15,16,11,17,18,19,20,8,2,2,2,2,12,12,12,12,2,12,12,12,2,2,2,2,2,12,12,12,12,2,21,2,2,22,23,2,2,2,2,2,12,2,24,25,2,2,2,2,2,2,2,26,27,28,29,30,2,2,2,2,31,32,33,2,2,2,34,2,2,2,2,2,2,2,2,2,2,35,36,2,2,2,2,18,18,18,18,19,18,19,18,20,20,20,20,20,20,20,20","0.00393795967102051","infomap","edit-xhwikibooks.graphml"
"0.34","0.5","0.16","0.440991086102995","1,2,1,3,4,3,5,6,3,3,5,7,6,6,8,3,9,10,5,11,12,2,13,6,8,8,8,3,2,14,15,16,11,17,18,8,19,8,12,12,12,12,2,2,2,2,12,2,2,2,12,12,12,12,12,2,2,2,2,12,20,12,12,21,22,12,12,12,12,12,2,12,23,24,12,12,12,12,12,12,12,25,26,27,28,29,12,12,12,12,30,31,32,12,12,12,33,12,12,12,12,12,12,12,12,12,12,34,35,12,12,12,12,8,18,18,18,18,8,8,18,19,19,19,19,19,19,19,19","0.00455307960510254","infomap","edit-xhwikibooks.graphml"
"0.33","0.51","0.16","0.428536169192842","1,2,1,3,4,3,5,6,3,3,5,7,6,6,8,3,9,10,5,11,2,12,13,6,8,8,8,3,2,14,15,16,11,17,18,19,20,8,2,2,2,2,12,12,12,12,2,12,12,12,2,2,2,2,2,12,12,12,12,2,21,2,2,22,23,2,2,2,2,2,12,2,24,25,2,2,2,2,2,2,2,26,27,28,29,30,2,2,2,2,31,32,33,2,2,2,34,2,2,2,2,2,2,2,2,2,2,35,36,2,2,2,2,18,18,18,18,19,19,18,18,20,20,20,20,20,20,20,20","0.00387716293334961","infomap","edit-xhwikibooks.graphml"
"0.32","0.52","0.16","0.448218647279036","1,2,1,3,4,3,5,6,3,3,5,7,6,6,8,3,9,10,5,11,12,2,13,6,8,8,8,3,2,14,15,16,11,17,18,8,19,8,12,12,12,12,2,2,2,2,12,2,2,2,12,12,12,12,12,2,2,2,2,12,20,12,12,21,22,12,12,12,12,12,2,12,23,24,12,12,12,12,12,12,12,25,26,27,28,29,12,12,12,12,30,31,32,12,12,12,33,12,12,12,12,12,12,12,12,12,12,34,35,12,12,12,12,18,18,18,18,18,18,8,18,19,19,19,19,19,19,19,19","0.00448417663574219","infomap","edit-xhwikibooks.graphml"
"0.31","0.53","0.16","0.460851779191134","1,2,1,3,4,3,5,6,3,3,5,7,6,6,8,3,9,10,5,11,2,12,13,6,8,8,8,3,2,14,15,16,11,17,18,8,19,8,2,2,2,2,12,12,12,12,2,12,12,12,2,2,2,2,2,12,12,12,12,2,20,2,2,21,22,2,2,2,2,2,12,2,23,24,2,2,2,2,2,2,2,25,26,27,28,29,2,2,2,2,30,31,32,2,2,2,33,2,2,2,2,2,2,2,2,2,2,34,35,2,2,2,2,18,18,18,18,18,18,18,8,19,19,19,19,19,19,19,19","0.00515198707580566","infomap","edit-xhwikibooks.graphml"
"0.3","0.54","0.16","0.456732178059567","1,2,1,3,4,3,5,6,3,3,5,7,6,6,8,3,9,10,5,11,2,12,13,6,8,8,8,3,2,14,15,16,11,17,18,19,20,8,2,2,2,2,12,12,12,12,2,12,12,12,2,2,2,2,2,12,12,12,12,2,21,2,2,22,23,2,2,2,2,2,12,2,24,25,2,2,2,2,2,2,2,26,27,28,29,30,2,2,2,2,31,32,33,2,2,2,34,2,2,2,2,2,2,2,2,2,2,35,36,2,2,2,2,19,18,18,19,19,18,19,18,20,20,20,20,20,20,20,20","0.0039060115814209","infomap","edit-xhwikibooks.graphml"
"0.29","0.55","0.16","0.469676610230225","1,2,1,3,4,3,5,6,3,3,5,7,6,6,8,3,9,10,5,11,12,2,13,6,8,8,8,3,2,14,15,16,11,17,18,19,20,8,12,12,12,12,2,2,2,2,12,2,2,2,12,12,12,12,12,2,2,2,2,12,21,12,12,22,23,12,12,12,12,12,2,12,24,25,12,12,12,12,12,12,12,26,27,28,29,30,12,12,12,12,31,32,33,12,12,12,34,12,12,12,12,12,12,12,12,12,12,35,36,12,12,12,12,18,18,18,19,18,18,19,18,20,20,20,20,20,20,20,20","0.00513100624084473","infomap","edit-xhwikibooks.graphml"
"0.28","0.56","0.16","0.471083757958637","1,2,1,3,4,3,5,6,3,3,5,7,6,6,8,3,9,10,5,11,12,2,13,6,8,8,8,3,2,14,15,16,11,17,18,8,19,8,12,12,12,12,2,2,2,2,12,2,2,2,12,12,12,12,12,2,2,2,2,12,20,12,12,21,22,12,12,12,12,12,2,12,23,24,12,12,12,12,12,12,12,25,26,27,28,29,12,12,12,12,30,31,32,12,12,12,33,12,12,12,12,12,12,12,12,12,12,34,35,12,12,12,12,18,18,18,18,8,8,8,18,19,19,19,19,19,19,19,19","0.00517582893371582","infomap","edit-xhwikibooks.graphml"
"0.27","0.57","0.16","0.471462468494014","1,2,1,3,4,3,5,6,3,3,5,7,6,6,8,3,9,10,5,11,12,2,13,6,8,8,8,3,2,14,15,16,11,17,18,8,19,8,12,12,12,12,2,2,2,2,12,2,2,2,12,12,12,12,12,2,2,2,2,12,20,12,12,21,22,12,12,12,12,12,2,12,23,24,12,12,12,12,12,12,12,25,26,27,28,29,12,12,12,12,30,31,32,12,12,12,33,12,12,12,12,12,12,12,12,12,12,34,35,12,12,12,12,8,18,18,8,8,18,18,8,19,19,19,19,19,19,19,19","0.00400996208190918","infomap","edit-xhwikibooks.graphml"
"0.26","0.58","0.16","0.467816927107091","1,2,1,3,4,3,5,6,3,3,5,7,6,6,8,3,9,10,5,11,2,12,13,6,8,8,8,3,2,14,15,16,11,17,18,19,20,8,2,2,2,2,12,12,12,12,2,12,12,12,2,2,2,2,2,12,12,12,12,2,21,2,2,22,23,2,2,2,2,2,12,2,24,25,2,2,2,2,2,2,2,26,27,28,29,30,2,2,2,2,31,32,33,2,2,2,34,2,2,2,2,2,2,2,2,2,2,35,36,2,2,2,2,19,18,18,18,19,19,19,19,20,20,20,20,20,20,20,20","0.00452184677124023","infomap","edit-xhwikibooks.graphml"
"0.25","0.59","0.16","0.470533235938641","1,2,1,3,4,3,5,6,3,3,5,7,6,6,8,3,9,10,5,11,12,2,13,6,6,6,6,3,2,14,15,16,11,17,18,8,19,8,12,12,12,12,2,2,2,2,12,2,2,2,12,12,12,12,12,2,2,2,2,12,20,12,12,21,22,12,12,12,12,12,2,12,23,24,12,12,12,12,12,12,12,25,26,27,28,29,12,12,12,12,30,31,32,12,12,12,33,12,12,12,12,12,12,12,12,12,12,34,35,12,12,12,12,18,18,18,8,18,8,8,8,19,19,19,19,19,19,19,19","0.00677585601806641","infomap","edit-xhwikibooks.graphml"
"0.24","0.6","0.16","0.483284394147926","1,2,1,3,4,3,5,6,3,3,5,7,6,6,8,3,9,10,5,11,12,2,13,6,8,8,8,3,2,14,15,16,11,17,18,19,20,8,12,12,12,12,2,2,2,2,12,2,2,2,12,12,12,12,12,2,2,2,2,12,21,12,12,22,23,12,12,12,12,12,2,12,24,25,12,12,12,12,12,12,12,26,27,28,29,30,12,12,12,12,31,32,33,12,12,12,34,12,12,12,12,12,12,12,12,12,12,35,36,12,12,12,12,19,18,18,19,18,19,19,19,20,20,20,20,20,20,20,20","0.00395894050598145","infomap","edit-xhwikibooks.graphml"
"0.23","0.61","0.16","0.479500040581122","1,2,1,3,4,3,5,6,3,3,5,7,6,6,8,3,9,10,5,11,12,2,13,6,6,6,6,3,2,14,15,16,11,17,18,8,19,8,12,12,12,12,2,2,2,2,12,2,2,2,12,12,12,12,12,2,2,2,2,12,20,12,12,21,22,12,12,12,12,12,2,12,23,24,12,12,12,12,12,12,12,25,26,27,28,29,12,12,12,12,30,31,32,12,12,12,33,12,12,12,12,12,12,12,12,12,12,34,35,12,12,12,12,18,18,18,18,18,8,18,18,19,19,19,19,19,19,19,19","0.00381898880004883","infomap","edit-xhwikibooks.graphml"
"0.22","0.62","0.16","0.477061972802491","1,2,1,3,4,3,5,6,3,3,5,7,6,6,8,3,9,10,5,11,12,2,13,6,6,6,6,3,2,14,15,16,11,17,18,8,19,8,12,12,12,12,2,2,2,2,12,2,2,2,12,12,12,12,12,2,2,2,2,12,20,12,12,21,22,12,12,12,12,12,2,12,23,24,12,12,12,12,12,12,12,25,26,27,28,29,12,12,12,12,30,31,32,12,12,12,33,12,12,12,12,12,12,12,12,12,12,34,35,12,12,12,12,8,18,18,18,8,8,18,8,19,19,19,19,19,19,19,19","0.00377988815307617","infomap","edit-xhwikibooks.graphml"
"0.21","0.63","0.16","0.477592142958081","1,2,1,3,4,3,5,6,3,3,5,7,6,6,8,3,9,10,5,11,2,12,13,6,6,6,6,3,2,14,15,16,11,17,18,8,19,8,2,2,2,2,12,12,12,12,2,12,12,12,2,2,2,2,2,12,12,12,12,2,20,2,2,21,22,2,2,2,2,2,12,2,23,24,2,2,2,2,2,2,2,25,26,27,28,29,2,2,2,2,30,31,32,2,2,2,33,2,2,2,2,2,2,2,2,2,2,34,35,2,2,2,2,18,18,18,18,18,18,18,18,19,19,19,19,19,19,19,19","0.0040128231048584","infomap","edit-xhwikibooks.graphml"
"0.2","0.64","0.16","0.476455209979317","1,2,1,3,4,3,5,6,3,3,5,7,6,6,8,3,9,10,5,11,12,2,13,6,6,6,6,3,2,14,15,16,11,17,18,8,19,8,12,12,12,12,2,2,2,2,12,2,2,2,12,12,12,12,12,2,2,2,2,12,20,12,12,21,22,12,12,12,12,12,2,12,23,24,12,12,12,12,12,12,12,25,26,27,28,29,12,12,12,12,30,31,32,12,12,12,33,12,12,12,12,12,12,12,12,12,12,34,35,12,12,12,12,18,18,18,8,18,8,8,8,19,19,19,19,19,19,19,19","0.00400209426879883","infomap","edit-xhwikibooks.graphml"
"0.19","0.65","0.16","0.457952163449097","1,2,1,3,4,3,5,6,3,3,7,8,6,6,9,3,10,11,12,13,2,14,15,6,6,6,6,3,2,16,17,18,19,20,12,9,21,9,2,2,2,2,14,14,14,14,2,14,14,14,2,2,2,2,2,14,14,14,14,2,22,2,2,23,24,2,2,2,2,2,14,2,25,26,2,2,2,2,2,2,2,27,28,29,30,31,2,2,2,2,32,33,34,2,2,2,35,2,2,2,2,2,2,2,2,2,2,36,37,2,2,2,2,12,12,12,9,12,9,12,9,21,21,21,21,21,21,21,21","0.00520992279052734","infomap","edit-xhwikibooks.graphml"
"0.18","0.66","0.16","0.457952163449097","1,2,1,3,4,3,5,6,3,3,7,8,6,6,9,3,10,11,12,13,2,14,15,6,6,6,6,3,2,16,17,18,19,20,12,9,21,9,2,2,2,2,14,14,14,14,2,14,14,14,2,2,2,2,2,14,14,14,14,2,22,2,2,23,24,2,2,2,2,2,14,2,25,26,2,2,2,2,2,2,2,27,28,29,30,31,2,2,2,2,32,33,34,2,2,2,35,2,2,2,2,2,2,2,2,2,2,36,37,2,2,2,2,9,12,12,9,9,12,12,12,21,21,21,21,21,21,21,21","0.00369596481323242","infomap","edit-xhwikibooks.graphml"
"0.17","0.67","0.16","0.488783619238071","1,2,1,3,4,3,5,6,3,3,7,8,6,6,9,3,10,11,12,13,14,2,15,6,6,6,6,3,2,16,17,18,19,20,12,9,21,9,14,14,14,14,2,2,2,2,14,2,2,2,14,14,14,14,14,2,2,2,2,14,22,14,14,23,24,14,14,14,14,14,2,14,25,26,14,14,14,14,14,14,14,27,28,29,30,31,14,14,14,14,32,33,34,14,14,14,35,14,14,14,14,14,14,14,14,14,14,36,37,14,14,14,14,12,12,12,9,12,9,9,12,21,21,21,21,21,21,21,21","0.00400185585021973","infomap","edit-xhwikibooks.graphml"
"0.16","0.68","0.16","0.490395312729229","1,2,1,3,4,3,5,6,3,3,7,8,6,6,9,3,10,11,12,13,14,2,15,6,6,6,6,3,2,16,17,18,19,20,12,9,21,9,14,14,14,14,2,2,2,2,14,2,2,2,14,14,14,14,14,2,2,2,2,14,22,14,14,23,24,14,14,14,14,14,2,14,25,26,14,14,14,14,14,14,14,27,28,29,30,31,14,14,14,14,32,33,34,14,14,14,35,14,14,14,14,14,14,14,14,14,14,36,37,14,14,14,14,12,12,12,9,9,12,12,9,21,21,21,21,21,21,21,21","0.00407290458679199","infomap","edit-xhwikibooks.graphml"
"0.15","0.69","0.16","0.492036591031346","1,2,1,3,4,3,5,6,3,3,7,8,6,6,9,3,10,11,9,12,13,2,14,6,6,6,6,3,2,15,16,17,18,19,9,9,20,9,13,13,13,13,2,2,2,2,13,2,2,2,13,13,13,13,13,2,2,2,2,13,21,13,13,22,23,13,13,13,13,13,2,13,24,25,13,13,13,13,13,13,13,26,27,28,29,30,13,13,13,13,31,32,33,13,13,13,34,13,13,13,13,13,13,13,13,13,13,35,36,13,13,13,13,37,9,9,37,37,37,37,37,20,20,20,20,20,20,20,20","0.00441193580627441","infomap","edit-xhwikibooks.graphml"
"0.14","0.7","0.16","0.481634275376223","1,2,1,3,4,3,5,6,3,3,7,8,6,6,9,3,10,11,12,13,2,14,15,6,6,6,6,3,2,16,17,18,19,20,12,9,21,9,2,2,2,2,14,14,14,14,2,14,14,14,2,2,2,2,2,14,14,14,14,2,22,2,2,23,24,2,2,2,2,2,14,2,25,26,2,2,2,2,2,2,2,27,28,29,30,31,2,2,2,2,32,33,34,2,2,2,35,2,2,2,2,2,2,2,2,2,2,36,37,2,2,2,2,9,12,12,9,12,12,12,12,21,21,21,21,21,21,21,21","0.00377702713012695","infomap","edit-xhwikibooks.graphml"
"0.13","0.71","0.16","0.481025932086101","1,2,1,3,4,3,5,6,3,3,7,8,6,6,9,3,10,11,12,13,2,14,15,6,6,6,6,3,2,16,17,18,19,20,12,9,21,9,2,2,2,2,14,14,14,14,2,14,14,14,2,2,2,2,2,14,14,14,14,2,22,2,2,23,24,2,2,2,2,2,14,2,25,26,2,2,2,2,2,2,2,27,28,29,30,31,2,2,2,2,32,33,34,2,2,2,35,2,2,2,2,2,2,2,2,2,2,36,37,2,2,2,2,9,12,12,12,9,12,12,12,21,21,21,21,21,21,21,21","0.0039219856262207","infomap","edit-xhwikibooks.graphml"
"0.12","0.72","0.16","0.493928132233796","1,2,1,3,4,3,5,6,3,3,7,8,6,6,9,3,10,11,12,13,14,2,15,6,6,6,6,3,2,16,17,18,19,20,12,9,21,9,14,14,14,14,2,2,2,2,14,2,2,2,14,14,14,14,14,2,2,2,2,14,22,14,14,23,24,14,14,14,14,14,2,14,25,26,14,14,14,14,14,14,14,27,28,29,30,31,14,14,14,14,32,33,34,14,14,14,35,14,14,14,14,14,14,14,14,14,14,36,37,14,14,14,14,12,12,12,12,9,9,12,9,21,21,21,21,21,21,21,21","0.00435996055603027","infomap","edit-xhwikibooks.graphml"
"0.11","0.73","0.16","0.493331911608781","1,2,1,3,4,3,5,6,3,3,7,8,6,6,9,3,10,11,12,13,14,2,15,6,6,6,6,3,2,16,17,18,19,20,12,9,21,9,14,14,14,14,2,2,2,2,14,2,2,2,14,14,14,14,14,2,2,2,2,14,22,14,14,23,24,14,14,14,14,14,2,14,25,26,14,14,14,14,14,14,14,27,28,29,30,31,14,14,14,14,32,33,34,14,14,14,35,14,14,14,14,14,14,14,14,14,14,36,37,14,14,14,14,9,12,12,12,9,12,12,9,21,21,21,21,21,21,21,21","0.00366902351379395","infomap","edit-xhwikibooks.graphml"
"0.1","0.74","0.16","0.494668532930445","1,2,1,3,4,3,5,6,3,3,7,8,6,6,9,3,10,11,12,13,14,2,15,6,6,6,6,3,2,16,17,18,19,20,12,9,21,9,14,14,14,14,2,2,2,2,14,2,2,2,14,14,14,14,14,2,2,2,2,14,22,14,14,23,24,14,14,14,14,14,2,14,25,26,14,14,14,14,14,14,14,27,28,29,30,31,14,14,14,14,32,33,34,14,14,14,35,14,14,14,14,14,14,14,14,14,14,36,37,14,14,14,14,12,12,12,9,9,9,9,12,21,21,21,21,21,21,21,21","0.00447893142700195","infomap","edit-xhwikibooks.graphml"
"0.09","0.75","0.16","0.498415101270585","1,2,1,3,4,3,5,6,3,3,7,8,6,6,9,3,10,11,12,13,14,2,15,6,6,6,6,3,2,16,17,18,19,20,12,9,21,9,14,14,14,14,2,2,2,2,14,2,2,2,14,14,14,14,14,2,2,2,2,14,22,14,14,23,24,14,14,14,14,14,2,14,25,26,14,14,14,14,14,14,14,27,28,29,30,31,14,14,14,14,32,33,34,14,14,14,35,14,14,14,14,14,14,14,14,14,14,36,37,14,14,14,14,9,12,12,9,12,9,12,9,21,21,21,21,21,21,21,21","0.00385904312133789","infomap","edit-xhwikibooks.graphml"
"0.08","0.76","0.16","0.485513729370395","1,2,1,3,4,3,5,6,3,3,7,8,6,6,9,3,10,11,12,13,2,14,15,6,6,6,6,3,2,16,17,18,19,20,12,9,21,9,2,2,2,2,14,14,14,14,2,14,14,14,2,2,2,2,2,14,14,14,14,2,22,2,2,23,24,2,2,2,2,2,14,2,25,26,2,2,2,2,2,2,2,27,28,29,30,31,2,2,2,2,32,33,34,2,2,2,35,2,2,2,2,2,2,2,2,2,2,36,37,2,2,2,2,9,12,12,9,12,12,9,12,21,21,21,21,21,21,21,21","0.00386500358581543","infomap","edit-xhwikibooks.graphml"
"0.07","0.77","0.16","0.488807997071362","1,2,1,3,4,3,5,6,3,3,7,8,6,6,9,3,10,11,12,13,2,14,15,6,6,6,6,3,2,16,17,18,19,20,12,9,21,9,2,2,2,2,14,14,14,14,2,14,14,14,2,2,2,2,2,14,14,14,14,2,22,2,2,23,24,2,2,2,2,2,14,2,25,26,2,2,2,2,2,2,2,27,28,29,30,31,2,2,2,2,32,33,34,2,2,2,35,2,2,2,2,2,2,2,2,2,2,36,37,2,2,2,2,9,9,9,12,9,9,9,9,21,21,21,21,21,21,21,21","0.0037691593170166","infomap","edit-xhwikibooks.graphml"
"0.06","0.78","0.16","0.508788078018847","1,2,1,3,4,3,5,6,3,3,7,8,6,6,9,3,10,11,12,13,14,2,15,6,6,6,6,3,2,16,17,18,19,20,12,9,21,9,14,14,14,14,2,2,2,2,14,2,2,2,14,14,14,14,14,2,2,2,2,14,22,14,14,23,24,14,14,14,14,14,2,14,25,26,14,14,14,14,14,14,14,27,28,29,30,31,14,14,14,14,32,33,34,14,14,14,35,14,14,14,14,14,14,14,14,14,14,36,37,14,14,14,14,12,12,12,9,12,12,12,12,21,21,21,21,21,21,21,21","0.00379681587219238","infomap","edit-xhwikibooks.graphml"
"0.05","0.79","0.16","0.502336182336182","1,2,1,3,4,3,5,6,3,3,7,8,6,6,9,3,10,11,12,13,14,2,15,6,6,6,6,3,2,16,17,18,19,20,12,9,21,9,14,14,14,14,2,2,2,2,14,2,2,2,14,14,14,14,14,2,2,2,2,14,22,14,14,23,24,14,14,14,14,14,2,14,25,26,14,14,14,14,14,14,14,27,28,29,30,31,14,14,14,14,32,33,34,14,14,14,35,14,14,14,14,14,14,14,14,14,14,36,37,14,14,14,14,9,12,12,12,9,12,9,12,21,21,21,21,21,21,21,21","0.00397801399230957","infomap","edit-xhwikibooks.graphml"
"0.04","0.8","0.16","0.492756201119904","1,2,1,3,4,3,5,6,3,3,7,8,6,6,9,3,10,11,12,13,2,14,15,6,6,6,6,3,2,16,17,18,19,20,12,9,21,9,2,2,2,2,14,14,14,14,2,14,14,14,2,2,2,2,2,14,14,14,14,2,22,2,2,23,24,2,2,2,2,2,14,2,25,26,2,2,2,2,2,2,2,27,28,29,30,31,2,2,2,2,32,33,34,2,2,2,35,2,2,2,2,2,2,2,2,2,2,36,37,2,2,2,2,12,12,12,9,12,9,9,9,21,21,21,21,21,21,21,21","0.00385189056396484","infomap","edit-xhwikibooks.graphml"
"0.03","0.81","0.16","0.499957192286345","1,2,1,3,4,5,6,5,7,8,9,10,5,5,7,5,11,12,13,14,15,2,16,5,5,5,5,17,18,19,20,21,22,23,13,7,24,7,15,15,15,15,2,2,2,2,15,2,2,2,15,15,15,15,15,2,2,2,2,15,25,15,15,26,27,15,15,15,15,15,2,15,28,29,15,15,15,15,15,15,15,30,31,32,33,34,15,15,15,15,35,36,37,15,15,15,38,15,15,15,15,15,15,15,15,15,15,39,40,15,15,15,15,13,13,13,13,13,13,7,7,24,24,24,24,24,24,24,24","0.00380206108093262","infomap","edit-xhwikibooks.graphml"
"0.02","0.82","0.16","0.501538737646702","1,2,1,3,4,5,6,5,7,8,9,10,5,5,7,5,11,12,13,14,15,2,16,5,5,5,5,17,18,19,20,21,22,23,13,7,24,7,15,15,15,15,2,2,2,2,15,2,2,2,15,15,15,15,15,2,2,2,2,15,25,15,15,26,27,15,15,15,15,15,2,15,28,29,15,15,15,15,15,15,15,30,31,32,33,34,15,15,15,15,35,36,37,15,15,15,38,15,15,15,15,15,15,15,15,15,15,39,40,15,15,15,15,7,13,7,13,7,7,7,7,24,24,24,24,24,24,24,24","0.00430393218994141","infomap","edit-xhwikibooks.graphml"
"0.01","0.83","0.16","0.489761363268596","1,2,1,3,4,5,6,5,7,8,9,10,5,5,7,5,11,12,13,14,2,15,16,5,5,5,5,17,18,19,20,21,22,23,13,7,24,7,2,2,2,2,15,15,15,15,2,15,15,15,2,2,2,2,2,15,15,15,15,2,25,2,2,26,27,2,2,2,2,2,15,2,28,29,2,2,2,2,2,2,2,30,31,32,33,34,2,2,2,2,35,36,37,2,2,2,38,2,2,2,2,2,2,2,2,2,2,39,40,2,2,2,2,13,13,13,13,13,7,7,13,24,24,24,24,24,24,24,24","0.00466489791870117","infomap","edit-xhwikibooks.graphml"
"0","0.84","0.16","0.533706743060628","1,2,1,1,1,3,4,3,5,6,7,8,3,3,5,3,9,10,5,11,12,2,13,3,3,3,3,14,1,15,16,17,18,19,5,5,20,5,12,12,12,12,2,2,2,2,12,2,2,2,12,12,12,12,12,2,2,2,2,12,21,12,12,22,23,12,12,12,12,12,2,12,24,25,12,12,12,12,12,12,12,26,27,28,29,30,12,12,12,12,31,32,33,12,12,12,34,12,12,12,12,12,12,12,12,12,12,35,36,12,12,12,12,5,5,5,5,5,5,5,5,20,20,20,20,20,20,20,20","0.00565314292907715","infomap","edit-xhwikibooks.graphml"
"0.83","0","0.17","0.395046518744735","1,2,1,1,1,2,1,2,3,4,5,6,7,2,3,8,4,5,9,6,10,11,7,7,12,13,14,8,15,4,5,9,6,6,16,17,18,3,10,10,10,10,11,11,11,11,10,11,11,11,10,10,10,10,10,11,11,11,11,10,7,10,10,7,12,10,10,10,10,10,11,10,13,13,10,10,10,10,10,10,10,14,8,8,8,15,10,10,10,10,4,5,9,10,10,10,8,10,10,10,10,10,10,10,10,10,10,6,6,10,10,10,10,17,17,16,17,17,17,17,16,3,3,18,18,18,18,18,18","0.0085451602935791","infomap","edit-xhwikibooks.graphml"
"0.82","0.01","0.17","0.400848347945698","1,2,1,1,1,3,1,3,4,5,6,7,8,3,4,9,5,6,10,7,11,2,8,8,12,13,14,9,15,5,6,10,7,7,16,17,18,4,11,11,11,11,2,2,2,2,11,2,2,2,11,11,11,11,11,2,2,2,2,11,8,11,11,8,12,11,11,11,11,11,2,11,13,13,11,11,11,11,11,11,11,14,9,9,9,15,11,11,11,11,5,6,10,11,11,11,9,11,11,11,11,11,11,11,11,11,11,7,7,11,11,11,11,17,17,17,17,16,16,17,17,18,18,18,18,18,18,18,18","0.00842809677124023","infomap","edit-xhwikibooks.graphml"
"0.81","0.02","0.17","0.404397590931605","1,2,1,1,1,3,1,2,3,4,5,6,7,2,3,8,4,5,9,6,10,11,7,7,12,13,14,8,15,4,5,9,6,6,16,17,3,3,10,10,10,10,11,11,11,11,10,11,11,11,10,10,10,10,10,11,11,11,11,10,7,10,10,7,12,10,10,10,10,10,11,10,13,13,10,10,10,10,10,10,10,14,8,8,8,15,10,10,10,10,4,5,9,10,10,10,8,10,10,10,10,10,10,10,10,10,10,6,6,10,10,10,10,17,17,16,17,16,17,16,16,3,3,3,3,3,3,3,3","0.00683784484863281","infomap","edit-xhwikibooks.graphml"
"0.8","0.03","0.17","0.398438617060825","1,2,1,1,1,3,1,3,4,5,6,7,8,3,4,9,5,6,10,7,11,2,8,8,12,13,14,9,15,5,6,10,7,7,16,17,18,4,11,11,11,11,2,2,2,2,11,2,2,2,11,11,11,11,11,2,2,2,2,11,8,11,11,8,12,11,11,11,11,11,2,11,13,13,11,11,11,11,11,11,11,14,9,9,9,15,11,11,11,11,5,6,10,11,11,11,9,11,11,11,11,11,11,11,11,11,11,7,7,11,11,11,11,16,17,17,17,17,16,16,17,18,18,18,18,18,18,18,18","0.00726819038391113","infomap","edit-xhwikibooks.graphml"
"0.79","0.04","0.17","0.397993778616616","1,2,1,1,1,3,1,2,3,4,5,6,7,2,3,8,4,5,9,6,10,11,7,7,12,13,14,8,15,4,5,9,6,6,16,17,18,3,10,10,10,10,11,11,11,11,10,11,11,11,10,10,10,10,10,11,11,11,11,10,7,10,10,7,12,10,10,10,10,10,11,10,13,13,10,10,10,10,10,10,10,14,8,8,8,15,10,10,10,10,4,5,9,10,10,10,8,10,10,10,10,10,10,10,10,10,10,6,6,10,10,10,10,16,16,17,17,17,17,17,17,18,18,18,18,18,18,18,18","0.00931215286254883","infomap","edit-xhwikibooks.graphml"
"0.78","0.05","0.17","0.374495080532747","1,2,1,1,1,2,1,2,2,3,4,5,6,2,7,8,3,4,9,5,10,11,6,6,12,13,14,8,15,3,4,9,5,5,16,17,7,7,10,10,10,10,11,11,11,11,10,11,11,11,10,10,10,10,10,11,11,11,11,10,6,10,10,6,12,10,10,10,10,10,11,10,13,13,10,10,10,10,10,10,10,14,8,8,8,15,10,10,10,10,3,4,9,10,10,10,8,10,10,10,10,10,10,10,10,10,10,5,5,10,10,10,10,17,16,17,17,16,16,16,17,7,7,7,7,7,7,7,7","0.01009202003479","infomap","edit-xhwikibooks.graphml"
"0.77","0.06","0.17","0.370194574171864","1,2,1,1,1,3,1,2,3,4,5,6,7,2,3,8,4,5,9,6,10,11,7,7,12,13,14,8,15,4,5,9,6,6,16,17,18,3,10,10,10,10,11,11,11,11,10,11,11,11,10,10,10,10,10,11,11,11,11,10,7,10,10,7,12,10,10,10,10,10,11,10,13,13,10,10,10,10,10,10,10,14,8,8,8,15,10,10,10,10,4,5,9,10,10,10,8,10,10,10,10,10,10,10,10,10,10,6,6,10,10,10,10,17,16,17,16,17,16,16,17,18,18,18,18,18,18,18,18","0.00791001319885254","infomap","edit-xhwikibooks.graphml"
"0.76","0.07","0.17","0.373288481293252","1,2,1,1,1,3,1,3,3,4,5,6,7,3,8,9,4,5,10,6,11,2,7,7,12,13,14,9,15,4,5,10,6,6,16,17,8,8,11,11,11,11,2,2,2,2,11,2,2,2,11,11,11,11,11,2,2,2,2,11,7,11,11,7,12,11,11,11,11,11,2,11,13,13,11,11,11,11,11,11,11,14,9,9,9,15,11,11,11,11,4,5,10,11,11,11,9,11,11,11,11,11,11,11,11,11,11,6,6,11,11,11,11,16,16,17,17,16,17,17,17,8,8,8,8,8,8,8,8","0.0101680755615234","infomap","edit-xhwikibooks.graphml"
"0.75","0.08","0.17","0.371419914148641","1,2,1,1,1,2,1,2,3,4,5,6,7,2,3,8,4,5,9,6,10,11,7,7,12,13,14,8,15,4,5,9,6,6,16,17,18,18,10,10,10,10,11,11,11,11,10,11,11,11,10,10,10,10,10,11,11,11,11,10,7,10,10,7,12,10,10,10,10,10,11,10,13,13,10,10,10,10,10,10,10,14,8,8,8,15,10,10,10,10,4,5,9,10,10,10,8,10,10,10,10,10,10,10,10,10,10,6,6,10,10,10,10,17,17,16,16,16,16,17,17,18,18,18,18,18,18,18,18","0.0096430778503418","infomap","edit-xhwikibooks.graphml"
"0.74","0.09","0.17","0.370973044049967","1,2,1,1,1,3,1,2,3,4,5,6,7,2,3,8,4,5,9,6,10,11,7,7,12,13,14,8,15,4,5,9,6,6,16,17,18,17,10,10,10,10,11,11,11,11,10,11,11,11,10,10,10,10,10,11,11,11,11,10,7,10,10,7,12,10,10,10,10,10,11,10,13,13,10,10,10,10,10,10,10,14,8,8,8,15,10,10,10,10,4,5,9,10,10,10,8,10,10,10,10,10,10,10,10,10,10,6,6,10,10,10,10,17,17,16,16,16,16,16,17,18,18,18,18,18,18,18,18","0.00848817825317383","infomap","edit-xhwikibooks.graphml"
"0.73","0.1","0.17","0.371942465349059","1,2,1,1,1,3,1,3,4,5,6,7,8,3,4,9,5,6,10,7,11,2,8,8,12,13,14,9,15,5,6,10,7,7,16,17,18,4,11,11,11,11,2,2,2,2,11,2,2,2,11,11,11,11,11,2,2,2,2,11,8,11,11,8,12,11,11,11,11,11,2,11,13,13,11,11,11,11,11,11,11,14,9,9,9,15,11,11,11,11,5,6,10,11,11,11,9,11,11,11,11,11,11,11,11,11,11,7,7,11,11,11,11,17,17,16,17,16,17,16,17,18,18,18,18,18,18,18,18","0.00830221176147461","infomap","edit-xhwikibooks.graphml"
"0.72","0.11","0.17","0.3658546367255","1,2,1,1,1,3,1,4,3,5,6,7,8,4,3,9,5,6,10,7,11,2,8,8,12,13,14,9,15,5,6,10,7,7,16,17,18,18,11,11,11,11,2,2,2,2,11,2,2,2,11,11,11,11,11,2,2,2,2,11,8,11,11,8,12,11,11,11,11,11,2,11,13,13,11,11,11,11,11,11,11,14,9,9,9,15,11,11,11,11,5,6,10,11,11,11,9,11,11,11,11,11,11,11,11,11,11,7,7,11,11,11,11,17,17,16,17,17,17,16,17,18,18,18,18,18,18,18,18","0.00761008262634277","infomap","edit-xhwikibooks.graphml"
"0.71","0.12","0.17","0.37990086296993","1,2,1,1,1,3,1,3,3,4,5,6,7,3,3,8,4,5,9,6,10,2,7,7,11,12,13,8,14,4,5,9,6,6,15,16,17,3,10,10,10,10,2,2,2,2,10,2,2,2,10,10,10,10,10,2,2,2,2,10,7,10,10,7,11,10,10,10,10,10,2,10,12,12,10,10,10,10,10,10,10,13,8,8,8,14,10,10,10,10,4,5,9,10,10,10,8,10,10,10,10,10,10,10,10,10,10,6,6,10,10,10,10,15,16,15,16,15,15,15,16,17,17,17,17,17,17,17,17","0.00928187370300293","infomap","edit-xhwikibooks.graphml"
"0.7","0.13","0.17","0.373952066115703","1,2,1,1,1,3,1,2,3,4,5,6,7,2,3,8,4,5,9,6,10,11,7,7,12,13,14,8,15,4,5,9,6,6,16,17,18,3,10,10,10,10,11,11,11,11,10,11,11,11,10,10,10,10,10,11,11,11,11,10,7,10,10,7,12,10,10,10,10,10,11,10,13,13,10,10,10,10,10,10,10,14,8,8,8,15,10,10,10,10,4,5,9,10,10,10,8,10,10,10,10,10,10,10,10,10,10,6,6,10,10,10,10,16,16,17,16,17,17,17,16,18,18,18,18,18,18,18,18","0.00935602188110352","infomap","edit-xhwikibooks.graphml"
"0.69","0.14","0.17","0.379914049586777","1,2,1,1,1,2,1,2,2,3,4,5,6,2,7,8,3,4,9,5,10,11,6,6,12,13,14,8,15,3,4,9,5,5,16,17,7,7,10,10,10,10,11,11,11,11,10,11,11,11,10,10,10,10,10,11,11,11,11,10,6,10,10,6,12,10,10,10,10,10,11,10,13,13,10,10,10,10,10,10,10,14,8,8,8,15,10,10,10,10,3,4,9,10,10,10,8,10,10,10,10,10,10,10,10,10,10,5,5,10,10,10,10,16,16,16,16,16,17,17,17,7,7,7,7,7,7,7,7","0.00936102867126465","infomap","edit-xhwikibooks.graphml"
"0.68","0.15","0.17","0.374459221278641","1,2,1,1,1,3,1,3,4,5,6,7,8,3,4,9,5,6,10,7,11,2,8,8,12,13,14,9,15,5,6,10,7,7,16,17,18,4,11,11,11,11,2,2,2,2,11,2,2,2,11,11,11,11,11,2,2,2,2,11,8,11,11,8,12,11,11,11,11,11,2,11,13,13,11,11,11,11,11,11,11,14,9,9,9,15,11,11,11,11,5,6,10,11,11,11,9,11,11,11,11,11,11,11,11,11,11,7,7,11,11,11,11,17,17,17,17,16,17,17,17,18,18,18,18,18,18,18,18","0.00844502449035645","infomap","edit-xhwikibooks.graphml"
"0.67","0.16","0.17","0.379738657576495","1,2,1,1,1,2,1,2,2,3,4,5,6,2,7,8,3,4,9,5,10,11,6,6,12,13,14,8,15,3,4,9,5,5,16,17,7,7,10,10,10,10,11,11,11,11,10,11,11,11,10,10,10,10,10,11,11,11,11,10,6,10,10,6,12,10,10,10,10,10,11,10,13,13,10,10,10,10,10,10,10,14,8,8,8,15,10,10,10,10,3,4,9,10,10,10,8,10,10,10,10,10,10,10,10,10,10,5,5,10,10,10,10,17,17,17,17,16,17,17,17,7,7,7,7,7,7,7,7","0.0119950771331787","infomap","edit-xhwikibooks.graphml"
"0.66","0.17","0.17","0.383006875122885","1,2,1,1,1,2,1,2,3,4,5,6,7,2,3,8,4,5,9,6,10,11,7,7,12,13,14,8,15,4,5,9,6,6,16,17,18,3,10,10,10,10,11,11,11,11,10,11,11,11,10,10,10,10,10,11,11,11,11,10,7,10,10,7,12,10,10,10,10,10,11,10,13,13,10,10,10,10,10,10,10,14,8,8,8,15,10,10,10,10,4,5,9,10,10,10,8,10,10,10,10,10,10,10,10,10,10,6,6,10,10,10,10,17,16,17,17,16,16,17,17,18,18,18,18,18,18,18,18","0.00833797454833984","infomap","edit-xhwikibooks.graphml"
"0.65","0.18","0.17","0.381537492123503","1,2,1,1,1,3,1,3,3,4,5,6,7,3,8,9,4,5,5,6,10,2,7,7,11,12,13,9,2,4,5,5,6,6,14,8,15,8,10,10,10,10,2,2,2,2,10,2,2,2,10,10,10,10,10,2,2,2,2,10,16,10,10,7,11,10,10,10,10,10,2,10,12,12,10,10,10,10,10,10,10,13,9,9,9,17,10,10,10,10,18,19,20,10,10,10,9,10,10,10,10,10,10,10,10,10,10,6,6,10,10,10,10,8,14,14,14,14,8,8,14,15,15,15,15,15,15,15,15","0.00757002830505371","infomap","edit-xhwikibooks.graphml"
"0.64","0.19","0.17","0.380271672841545","1,2,1,1,1,3,1,3,4,5,6,7,8,3,4,9,5,6,6,7,10,2,8,8,11,12,13,9,2,5,6,6,7,7,14,15,16,4,10,10,10,10,2,2,2,2,10,2,2,2,10,10,10,10,10,2,2,2,2,10,17,10,10,8,11,10,10,10,10,10,2,10,12,12,10,10,10,10,10,10,10,13,9,9,9,18,10,10,10,10,19,20,21,10,10,10,9,10,10,10,10,10,10,10,10,10,10,7,7,10,10,10,10,14,14,14,14,15,15,14,15,16,16,16,16,16,16,16,16","0.00637006759643555","infomap","edit-xhwikibooks.graphml"
"0.63","0.2","0.17","0.377045859532742","1,2,1,1,1,3,1,3,3,4,5,6,7,3,8,9,4,5,5,6,10,2,7,7,11,12,13,9,2,4,5,5,6,6,8,14,15,8,10,10,10,10,2,2,2,2,10,2,2,2,10,10,10,10,10,2,2,2,2,10,16,10,10,7,11,10,10,10,10,10,2,10,12,12,10,10,10,10,10,10,10,13,9,9,9,17,10,10,10,10,18,19,20,10,10,10,9,10,10,10,10,10,10,10,10,10,10,6,6,10,10,10,10,8,14,14,14,8,8,14,14,15,15,15,15,15,15,15,15","0.00888419151306152","infomap","edit-xhwikibooks.graphml"
"0.62","0.21","0.17","0.378214595148078","1,1,2,2,2,3,2,3,4,5,6,2,7,3,4,8,5,6,6,9,10,11,7,7,12,13,14,8,1,5,6,6,9,9,15,16,4,4,10,10,10,10,11,11,11,11,10,11,11,11,10,10,10,10,10,11,11,11,11,10,17,10,10,7,12,10,10,10,10,10,11,10,13,13,10,10,10,10,10,10,10,14,8,8,8,18,10,10,10,10,19,20,21,10,10,10,8,10,10,10,10,10,10,10,10,10,10,9,9,10,10,10,10,16,16,16,16,15,15,16,15,4,4,4,4,4,4,4,4","0.00579404830932617","infomap","edit-xhwikibooks.graphml"
"0.61","0.22","0.17","0.382925724637681","1,2,1,1,1,3,1,3,4,5,6,7,8,3,4,9,5,6,6,7,10,2,8,8,4,11,12,9,2,5,6,6,7,7,13,14,15,4,10,10,10,10,2,2,2,2,10,2,2,2,10,10,10,10,10,2,2,2,2,10,16,10,10,8,4,10,10,10,10,10,2,10,11,11,10,10,10,10,10,10,10,12,9,9,9,17,10,10,10,10,18,19,20,10,10,10,9,10,10,10,10,10,10,10,10,10,10,7,7,10,10,10,10,13,13,13,14,14,13,13,14,15,15,15,15,15,15,15,15","0.00654101371765137","infomap","edit-xhwikibooks.graphml"
"0.6","0.23","0.17","0.379704569434299","1,1,2,2,2,3,2,3,3,4,5,2,6,3,7,8,4,5,5,9,10,11,6,6,12,13,14,8,1,4,5,5,9,9,15,7,16,7,10,10,10,10,11,11,11,11,10,11,11,11,10,10,10,10,10,11,11,11,11,10,17,10,10,6,12,10,10,10,10,10,11,10,13,13,10,10,10,10,10,10,10,14,8,8,8,18,10,10,10,10,19,20,21,10,10,10,8,10,10,10,10,10,10,10,10,10,10,9,9,10,10,10,10,7,7,7,7,15,15,7,15,16,16,16,16,16,16,16,16","0.00749611854553223","infomap","edit-xhwikibooks.graphml"
"0.59","0.24","0.17","0.380837236685472","1,2,1,1,1,2,1,2,2,3,4,5,6,2,7,8,3,4,4,5,9,10,6,6,11,12,13,8,2,3,4,4,5,5,14,7,15,7,9,9,9,9,10,10,10,10,9,10,10,10,9,9,9,9,9,10,10,10,10,9,16,9,9,6,11,9,9,9,9,9,10,9,12,12,9,9,9,9,9,9,9,13,8,8,8,17,9,9,9,9,18,19,20,9,9,9,8,9,9,9,9,9,9,9,9,9,9,5,5,9,9,9,9,7,7,14,7,7,7,14,14,15,15,15,15,15,15,15,15","0.00910687446594238","infomap","edit-xhwikibooks.graphml"
"0.58","0.25","0.17","0.388652742346939","1,1,2,2,2,3,2,3,4,5,6,2,7,3,4,8,5,6,6,9,10,11,7,7,12,13,14,8,1,5,6,6,9,9,15,16,4,4,10,10,10,10,11,11,11,11,10,11,11,11,10,10,10,10,10,11,11,11,11,10,17,10,10,7,12,10,10,10,10,10,11,10,13,13,10,10,10,10,10,10,10,14,8,8,8,18,10,10,10,10,19,20,21,10,10,10,8,10,10,10,10,10,10,10,10,10,10,9,9,10,10,10,10,16,15,15,16,16,16,16,15,4,4,4,4,4,4,4,4","0.00745797157287598","infomap","edit-xhwikibooks.graphml"
"0.57","0.26","0.17","0.389217155612245","1,2,1,1,1,2,1,2,2,3,4,5,6,2,7,8,3,4,4,5,9,2,6,6,10,11,12,8,2,3,4,4,5,5,13,14,7,7,9,9,9,9,2,2,2,2,9,2,2,2,9,9,9,9,9,2,2,2,2,9,15,9,9,6,10,9,9,9,9,9,2,9,11,11,9,9,9,9,9,9,9,12,8,8,8,16,9,9,9,9,17,18,19,9,9,9,8,9,9,9,9,9,9,9,9,9,9,5,5,9,9,9,9,14,13,14,14,13,13,14,14,7,7,7,7,7,7,7,7","0.00667905807495117","infomap","edit-xhwikibooks.graphml"
"0.56","0.27","0.17","0.390366709183674","1,1,2,2,2,3,2,3,4,5,6,2,7,3,4,8,5,6,6,9,10,11,7,7,12,13,14,8,1,5,6,6,9,9,15,16,4,4,10,10,10,10,11,11,11,11,10,11,11,11,10,10,10,10,10,11,11,11,11,10,17,10,10,7,12,10,10,10,10,10,11,10,13,13,10,10,10,10,10,10,10,14,8,8,8,18,10,10,10,10,19,20,21,10,10,10,8,10,10,10,10,10,10,10,10,10,10,9,9,10,10,10,10,15,16,16,15,16,15,16,15,4,4,4,4,4,4,4,4","0.00913810729980469","infomap","edit-xhwikibooks.graphml"
"0.55","0.28","0.17","0.389478666683553","1,2,1,1,1,2,1,2,2,3,4,5,6,2,7,8,3,4,4,5,9,10,6,6,11,12,13,8,2,3,4,4,5,5,14,7,15,15,9,9,9,9,10,10,10,10,9,10,10,10,9,9,9,9,9,10,10,10,10,9,16,9,9,6,11,9,9,9,9,9,10,9,12,12,9,9,9,9,9,9,9,13,8,8,8,17,9,9,9,9,18,19,20,9,9,9,8,9,9,9,9,9,9,9,9,9,9,5,5,9,9,9,9,14,14,14,7,14,7,14,7,15,15,15,15,15,15,15,15","0.00739288330078125","infomap","edit-xhwikibooks.graphml"
"0.54","0.29","0.17","0.355032757406569","1,1,2,2,2,3,2,3,4,5,6,2,7,3,4,8,5,6,6,9,10,11,7,7,12,13,14,8,1,5,6,6,9,9,15,16,4,4,10,10,10,10,3,3,3,3,10,3,3,3,10,10,10,10,10,3,11,3,3,10,17,10,10,7,12,10,10,10,10,10,3,10,13,13,10,10,10,10,10,10,10,14,8,8,8,18,10,10,10,10,19,20,21,10,10,10,8,10,10,10,10,10,10,10,10,10,10,9,9,10,10,10,10,16,16,16,15,16,16,15,15,4,4,4,4,4,4,4,4","0.00755500793457031","infomap","edit-xhwikibooks.graphml"
"0.53","0.3","0.17","0.390039940480852","1,2,1,1,1,2,1,2,3,4,5,6,7,2,3,8,4,5,5,6,9,10,7,7,3,11,12,8,2,4,5,5,6,6,13,14,15,15,9,9,9,9,10,10,10,10,9,10,10,10,9,9,9,9,9,10,10,10,10,9,16,9,9,7,3,9,9,9,9,9,10,9,11,11,9,9,9,9,9,9,9,12,8,8,8,17,9,9,9,9,18,19,20,9,9,9,8,9,9,9,9,9,9,9,9,9,9,6,6,9,9,9,9,13,14,14,13,14,14,13,14,15,15,15,15,15,15,15,15","0.00668501853942871","infomap","edit-xhwikibooks.graphml"
"0.52","0.31","0.17","0.396060944699022","1,2,1,1,1,2,1,2,3,4,5,6,7,2,3,8,4,5,5,6,9,10,7,7,11,12,13,8,2,4,5,5,6,6,14,3,15,3,9,9,9,9,10,10,10,10,9,10,10,10,9,9,9,9,9,10,10,10,10,9,16,9,9,7,11,9,9,9,9,9,10,9,12,12,9,9,9,9,9,9,9,13,8,8,8,17,9,9,9,9,18,19,20,9,9,9,8,9,9,9,9,9,9,9,9,9,9,6,6,9,9,9,9,14,3,14,14,3,3,14,14,15,15,15,15,15,15,15,15","0.00869297981262207","infomap","edit-xhwikibooks.graphml"
"0.51","0.32","0.17","0.387028794142257","1,2,1,1,1,3,1,3,3,4,5,6,7,3,8,9,4,5,5,6,2,10,7,7,11,12,13,9,2,4,5,5,6,6,14,15,8,8,2,2,2,2,10,10,10,10,2,10,10,10,2,2,2,2,2,10,10,10,10,2,16,2,2,7,11,2,2,2,2,2,10,2,12,12,2,2,2,2,2,2,2,13,9,9,9,17,2,2,2,2,18,19,20,2,2,2,9,2,2,2,2,2,2,2,2,2,2,6,6,2,2,2,2,15,15,15,14,14,14,15,14,8,8,8,8,8,8,8,8","0.00825786590576172","infomap","edit-xhwikibooks.graphml"
"0.5","0.33","0.17","0.39366976786142","1,2,1,1,1,2,1,2,3,4,5,6,7,2,3,8,4,5,5,6,9,10,7,7,11,12,13,8,2,4,5,5,6,6,14,3,15,3,9,9,9,9,10,10,10,10,9,10,10,10,9,9,9,9,9,10,10,10,10,9,16,9,9,7,11,9,9,9,9,9,10,9,12,12,9,9,9,9,9,9,9,13,8,8,8,17,9,9,9,9,18,19,20,9,9,9,8,9,9,9,9,9,9,9,9,9,9,6,6,9,9,9,9,3,14,14,14,3,14,3,3,15,15,15,15,15,15,15,15","0.00924301147460938","infomap","edit-xhwikibooks.graphml"
"0.49","0.34","0.17","0.422845738713525","1,2,1,1,1,3,1,3,3,4,5,6,7,3,3,8,4,5,5,6,9,2,7,7,10,11,12,8,2,4,5,5,6,6,13,14,15,3,9,9,9,9,2,2,2,2,9,2,2,2,9,9,9,9,9,2,2,2,2,9,16,9,9,7,10,9,9,9,9,9,2,9,11,11,9,9,9,9,9,9,9,12,8,8,8,17,9,9,9,9,18,19,20,9,9,9,8,9,9,9,9,9,9,9,9,9,9,6,6,9,9,9,9,13,13,13,13,13,13,13,14,15,15,15,15,15,15,15,15","0.00808811187744141","infomap","edit-xhwikibooks.graphml"
"0.48","0.35","0.17","0.405015220793193","1,2,1,1,3,1,3,4,1,1,3,5,6,4,7,8,9,3,3,5,10,2,6,6,7,11,4,8,2,12,13,3,5,5,14,15,16,16,10,10,10,10,2,2,2,2,10,2,2,2,10,10,10,10,10,2,2,2,2,10,17,10,10,18,19,10,10,10,10,10,2,10,11,11,10,10,10,10,10,10,10,20,8,8,8,21,10,10,10,10,22,23,24,10,10,10,25,10,10,10,10,10,10,10,10,10,10,26,27,10,10,10,10,15,14,15,15,15,14,15,14,16,16,16,16,16,16,16,16","0.00452208518981934","infomap","edit-xhwikibooks.graphml"
"0.47","0.36","0.17","0.397104733361963","1,2,1,1,3,1,3,4,1,1,3,5,6,4,7,8,9,3,3,5,2,10,6,6,7,11,7,8,2,12,13,3,5,5,14,15,16,7,2,2,2,2,10,10,10,10,2,10,10,10,2,2,2,2,2,10,10,10,10,2,17,2,2,18,19,2,2,2,2,2,10,2,11,11,2,2,2,2,2,2,2,20,8,8,8,21,2,2,2,2,22,23,24,2,2,2,25,2,2,2,2,2,2,2,2,2,2,26,27,2,2,2,2,14,14,14,15,15,15,15,14,16,16,16,16,16,16,16,16","0.00441789627075195","infomap","edit-xhwikibooks.graphml"
"0.46","0.37","0.17","0.390545912093569","1,1,2,2,3,2,3,4,2,2,3,5,4,6,6,7,8,3,3,5,9,10,4,4,6,11,6,7,1,12,13,3,5,5,14,15,16,6,9,9,9,9,10,10,10,10,9,10,10,10,9,9,9,9,9,10,10,10,10,9,17,9,9,18,19,9,9,9,9,9,10,9,11,11,9,9,9,9,9,9,9,20,7,7,7,21,9,9,9,9,22,23,24,9,9,9,25,9,9,9,9,9,9,9,9,9,9,26,27,9,9,9,9,14,15,15,15,15,15,15,15,16,16,16,16,16,16,16,16","0.00424003601074219","infomap","edit-xhwikibooks.graphml"
"0.45","0.38","0.17","0.387816453692329","1,2,1,1,3,1,3,4,1,1,3,5,4,6,7,8,9,3,3,5,10,2,4,4,7,11,6,8,2,12,13,3,5,5,14,6,15,6,10,10,10,10,2,2,2,2,10,2,2,2,10,10,10,10,10,2,2,2,2,10,16,10,10,17,18,10,10,10,10,10,2,10,11,11,10,10,10,10,10,10,10,19,8,8,8,20,10,10,10,10,21,22,23,10,10,10,24,10,10,10,10,10,10,10,10,10,10,25,26,10,10,10,10,6,6,6,14,6,14,14,14,15,15,15,15,15,15,15,15","0.0045311450958252","infomap","edit-xhwikibooks.graphml"
"0.44","0.39","0.17","0.416648336007453","1,1,2,2,3,2,3,4,2,2,5,3,4,6,6,7,8,5,5,3,9,10,4,4,6,11,6,7,1,12,13,5,3,3,6,6,14,6,9,9,9,9,10,10,10,10,9,10,10,10,9,9,9,9,9,10,10,10,10,9,15,9,9,16,17,9,9,9,9,9,10,9,11,11,9,9,9,9,9,9,9,18,7,7,7,19,9,9,9,9,20,21,22,9,9,9,23,9,9,9,9,9,9,9,9,9,9,24,25,9,9,9,9,6,6,6,6,6,6,6,6,14,14,14,14,14,14,14,14","0.00502395629882812","infomap","edit-xhwikibooks.graphml"
"0.43","0.4","0.17","0.392732678146831","1,1,2,2,3,2,3,4,2,2,5,3,4,6,6,7,8,5,5,3,9,10,4,4,6,11,6,7,1,12,13,5,3,3,14,15,16,6,9,9,9,9,10,10,10,10,9,10,10,10,9,9,9,9,9,10,10,10,10,9,17,9,9,18,19,9,9,9,9,9,10,9,11,11,9,9,9,9,9,9,9,20,7,7,7,21,9,9,9,9,22,23,24,9,9,9,25,9,9,9,9,9,9,9,9,9,9,26,27,9,9,9,9,14,15,15,15,14,14,14,14,16,16,16,16,16,16,16,16","0.004302978515625","infomap","edit-xhwikibooks.graphml"
"0.42","0.41","0.17","0.392796682038268","1,1,2,2,3,2,3,4,2,2,5,3,4,6,6,7,8,5,5,3,9,10,4,4,6,11,6,7,1,12,13,5,3,3,14,15,16,6,9,9,9,9,10,10,10,10,9,10,10,10,9,9,9,9,9,10,10,10,10,9,17,9,9,18,19,9,9,9,9,9,10,9,11,11,9,9,9,9,9,9,9,20,7,7,7,21,9,9,9,9,22,23,24,9,9,9,25,9,9,9,9,9,9,9,9,9,9,26,27,9,9,9,9,15,14,14,14,15,14,14,15,16,16,16,16,16,16,16,16","0.00439095497131348","infomap","edit-xhwikibooks.graphml"
"0.41","0.42","0.17","0.391694834183673","1,1,2,2,3,2,3,4,2,2,5,3,4,6,6,7,8,5,5,3,9,10,4,4,6,11,6,7,1,12,13,5,3,3,6,14,15,6,9,9,9,9,10,10,10,10,9,10,10,10,9,9,9,9,9,10,10,10,10,9,16,9,9,17,18,9,9,9,9,9,10,9,11,11,9,9,9,9,9,9,9,19,7,7,7,20,9,9,9,9,21,22,23,9,9,9,24,9,9,9,9,9,9,9,9,9,9,25,26,9,9,9,9,14,14,14,14,6,6,6,14,15,15,15,15,15,15,15,15","0.0099949836730957","infomap","edit-xhwikibooks.graphml"
"0.4","0.43","0.17","0.395073200694013","1,1,2,2,3,2,3,4,2,2,5,3,4,6,6,7,8,5,5,3,9,10,4,4,6,11,6,7,1,12,13,5,3,3,6,14,15,6,9,9,9,9,10,10,10,10,9,10,10,10,9,9,9,9,9,10,10,10,10,9,16,9,9,17,18,9,9,9,9,9,10,9,11,11,9,9,9,9,9,9,9,19,7,7,7,20,9,9,9,9,21,22,23,9,9,9,24,9,9,9,9,9,9,9,9,9,9,25,26,9,9,9,9,6,14,14,6,6,14,14,6,15,15,15,15,15,15,15,15","0.00433087348937988","infomap","edit-xhwikibooks.graphml"
"0.39","0.44","0.17","0.397013588079591","1,2,1,1,3,1,3,4,1,1,5,3,4,6,6,7,8,5,5,3,9,2,4,4,6,10,6,7,2,11,12,5,3,3,13,14,15,6,9,9,9,9,2,2,2,2,9,2,2,2,9,9,9,9,9,2,2,2,2,9,16,9,9,17,18,9,9,9,9,9,2,9,10,10,9,9,9,9,9,9,9,19,7,7,7,20,9,9,9,9,21,22,23,9,9,9,24,9,9,9,9,9,9,9,9,9,9,25,26,9,9,9,9,14,13,14,13,14,14,14,13,15,15,15,15,15,15,15,15","0.0059659481048584","infomap","edit-xhwikibooks.graphml"
"0.38","0.45","0.17","0.400690735374736","1,1,2,2,3,2,3,4,2,2,5,3,4,6,6,7,8,5,5,3,9,10,4,4,6,11,6,7,1,12,13,5,3,3,14,6,15,6,9,9,9,9,10,10,10,10,9,10,10,10,9,9,9,9,9,10,10,10,10,9,16,9,9,17,18,9,9,9,9,9,10,9,11,11,9,9,9,9,9,9,9,19,7,7,7,20,9,9,9,9,21,22,23,9,9,9,24,9,9,9,9,9,9,9,9,9,9,25,26,9,9,9,9,14,14,14,14,6,14,14,14,15,15,15,15,15,15,15,15","0.00426292419433594","infomap","edit-xhwikibooks.graphml"
"0.37","0.46","0.17","0.398466081484349","1,2,1,1,3,1,3,4,1,1,5,3,4,6,6,7,8,5,5,3,9,2,4,4,6,10,6,7,2,11,12,5,3,3,13,14,15,14,9,9,9,9,2,2,2,2,9,2,2,2,9,9,9,9,9,2,2,2,2,9,16,9,9,17,18,9,9,9,9,9,2,9,10,10,9,9,9,9,9,9,9,19,7,7,7,20,9,9,9,9,21,22,23,9,9,9,24,9,9,9,9,9,9,9,9,9,9,25,26,9,9,9,9,13,13,14,13,14,14,13,13,15,15,15,15,15,15,15,15","0.00449609756469727","infomap","edit-xhwikibooks.graphml"
"0.36","0.47","0.17","0.401970207378791","1,2,1,1,3,1,3,4,1,1,5,3,4,6,6,7,8,5,5,3,9,2,4,4,6,10,6,7,2,11,12,5,3,3,13,14,15,6,9,9,9,9,2,2,2,2,9,2,2,2,9,9,9,9,9,2,2,2,2,9,16,9,9,17,18,9,9,9,9,9,2,9,10,10,9,9,9,9,9,9,9,19,7,7,7,20,9,9,9,9,21,22,23,9,9,9,24,9,9,9,9,9,9,9,9,9,9,25,26,9,9,9,9,14,13,13,14,14,13,13,14,15,15,15,15,15,15,15,15","0.00690484046936035","infomap","edit-xhwikibooks.graphml"
"0.35","0.48","0.17","0.399937698373339","1,1,2,2,3,2,3,4,2,2,5,3,4,6,6,7,8,5,5,3,9,10,4,4,6,11,6,7,1,12,13,5,3,3,14,15,16,6,9,9,9,9,10,10,10,10,9,10,10,10,9,9,9,9,9,10,10,10,10,9,17,9,9,18,19,9,9,9,9,9,10,9,11,11,9,9,9,9,9,9,9,20,7,7,7,21,9,9,9,9,22,23,24,9,9,9,25,9,9,9,9,9,9,9,9,9,9,26,27,9,9,9,9,15,15,14,14,15,14,14,15,16,16,16,16,16,16,16,16","0.00425004959106445","infomap","edit-xhwikibooks.graphml"
"0.34","0.49","0.17","0.399937698373339","1,1,2,2,3,2,3,4,2,2,5,3,4,6,6,7,8,5,5,3,9,10,4,4,6,11,6,7,1,12,13,5,3,3,14,15,16,6,9,9,9,9,10,10,10,10,9,10,10,10,9,9,9,9,9,10,10,10,10,9,17,9,9,18,19,9,9,9,9,9,10,9,11,11,9,9,9,9,9,9,9,20,7,7,7,21,9,9,9,9,22,23,24,9,9,9,25,9,9,9,9,9,9,9,9,9,9,26,27,9,9,9,9,14,14,15,15,15,15,14,14,16,16,16,16,16,16,16,16","0.00449299812316895","infomap","edit-xhwikibooks.graphml"
"0.33","0.5","0.17","0.443408051222959","1,2,1,1,3,1,3,4,1,1,3,5,4,4,6,7,8,3,3,5,2,9,4,4,6,10,6,7,2,11,12,3,5,5,13,14,15,6,2,2,2,2,9,9,9,9,2,9,9,9,2,2,2,2,2,9,9,9,9,2,16,2,2,17,18,2,2,2,2,2,9,2,10,10,2,2,2,2,2,2,2,19,7,7,7,20,2,2,2,2,21,22,23,2,2,2,24,2,2,2,2,2,2,2,2,2,2,25,26,2,2,2,2,13,13,13,14,13,13,13,13,15,15,15,15,15,15,15,15","0.00536608695983887","infomap","edit-xhwikibooks.graphml"
"0.32","0.51","0.17","0.450816858229391","1,2,1,1,3,1,3,4,1,1,3,5,4,4,6,7,8,3,3,5,9,2,4,4,6,10,6,7,2,11,12,3,5,5,13,14,15,6,9,9,9,9,2,2,2,2,9,2,2,2,9,9,9,9,9,2,2,2,2,9,16,9,9,17,18,9,9,9,9,9,2,9,10,10,9,9,9,9,9,9,9,19,7,7,7,20,9,9,9,9,21,22,23,9,9,9,24,9,9,9,9,9,9,9,9,9,9,25,26,9,9,9,9,14,14,14,13,14,14,13,13,15,15,15,15,15,15,15,15","0.00458216667175293","infomap","edit-xhwikibooks.graphml"
"0.31","0.52","0.17","0.465029361679594","1,2,1,3,4,3,5,6,3,3,5,7,6,6,8,3,9,10,5,11,2,12,13,6,8,8,8,3,12,14,15,16,11,17,18,18,19,8,2,2,2,2,12,12,12,12,2,12,12,12,2,2,2,2,2,12,12,12,12,2,20,2,2,21,22,2,2,2,2,2,12,2,23,24,2,2,2,2,2,2,2,25,26,27,28,29,2,2,2,2,30,31,32,2,2,2,33,2,2,2,2,2,2,2,2,2,2,34,35,2,2,2,2,18,18,18,18,18,18,18,18,19,19,19,19,19,19,19,19","0.00514817237854004","infomap","edit-xhwikibooks.graphml"
"0.3","0.53","0.17","0.462897222222222","1,2,1,3,4,3,5,6,3,3,5,7,6,6,8,3,9,10,5,11,2,12,13,6,8,8,8,3,2,14,15,16,11,17,18,18,19,8,2,2,2,2,12,12,12,12,2,12,12,12,2,2,2,2,2,12,12,12,12,2,20,2,2,21,22,2,2,2,2,2,12,2,23,24,2,2,2,2,2,2,2,25,26,27,28,29,2,2,2,2,30,31,32,2,2,2,33,2,2,2,2,2,2,2,2,2,2,34,35,2,2,2,2,18,18,18,18,18,18,18,18,19,19,19,19,19,19,19,19","0.00576877593994141","infomap","edit-xhwikibooks.graphml"
"0.29","0.54","0.17","0.427129166666667","1,2,1,3,4,3,5,6,3,3,5,7,6,6,8,3,9,10,5,11,2,12,13,6,8,8,8,3,2,14,15,16,11,17,18,8,19,8,2,2,2,2,12,12,12,12,2,12,12,12,2,2,2,2,2,12,12,12,12,2,20,2,2,21,22,2,2,2,2,2,12,2,23,24,2,2,2,2,2,2,2,25,26,27,28,29,2,2,2,2,30,31,32,2,2,2,33,2,2,2,2,2,2,2,2,2,2,34,35,2,2,2,2,18,18,18,8,8,8,18,8,19,19,19,19,19,19,19,19","0.00408482551574707","infomap","edit-xhwikibooks.graphml"
"0.28","0.55","0.17","0.426243282825906","1,2,1,3,4,3,5,6,3,3,5,7,6,6,8,3,9,10,5,11,2,12,13,6,8,8,8,3,2,14,15,16,11,17,18,8,19,8,2,2,2,2,12,12,12,12,2,12,12,12,2,2,2,2,2,12,12,12,12,2,20,2,2,21,22,2,2,2,2,2,12,2,23,24,2,2,2,2,2,2,2,25,26,27,28,29,2,2,2,2,30,31,32,2,2,2,33,2,2,2,2,2,2,2,2,2,2,34,35,2,2,2,2,18,8,8,8,8,8,8,18,19,19,19,19,19,19,19,19","0.00426387786865234","infomap","edit-xhwikibooks.graphml"
"0.27","0.56","0.17","0.442651309511041","1,2,1,3,4,3,5,6,3,3,5,7,6,6,8,3,9,10,5,11,12,2,13,6,8,8,8,3,2,14,15,16,11,17,18,8,19,8,12,12,12,12,2,2,2,2,12,2,2,2,12,12,12,12,12,2,2,2,2,12,20,12,12,21,22,12,12,12,12,12,2,12,23,24,12,12,12,12,12,12,12,25,26,27,28,29,12,12,12,12,30,31,32,12,12,12,33,12,12,12,12,12,12,12,12,12,12,34,35,12,12,12,12,8,8,18,8,18,8,18,18,19,19,19,19,19,19,19,19","0.0041191577911377","infomap","edit-xhwikibooks.graphml"
"0.26","0.57","0.17","0.428181135168363","1,2,1,3,4,3,5,6,3,3,5,7,6,6,8,3,9,10,5,11,2,12,13,6,8,8,8,3,2,14,15,16,11,17,18,19,20,8,2,2,2,2,12,12,12,12,2,12,12,12,2,2,2,2,2,12,12,12,12,2,21,2,2,22,23,2,2,2,2,2,12,2,24,25,2,2,2,2,2,2,2,26,27,28,29,30,2,2,2,2,31,32,33,2,2,2,34,2,2,2,2,2,2,2,2,2,2,35,36,2,2,2,2,18,19,18,18,19,18,19,19,20,20,20,20,20,20,20,20","0.00406885147094727","infomap","edit-xhwikibooks.graphml"
"0.25","0.58","0.17","0.448484050709868","1,2,1,3,4,3,5,6,3,3,5,7,6,6,8,3,9,10,5,11,12,2,13,6,8,8,8,3,2,14,15,16,11,17,18,19,20,8,12,12,12,12,2,2,2,2,12,2,2,2,12,12,12,12,12,2,2,2,2,12,21,12,12,22,23,12,12,12,12,12,2,12,24,25,12,12,12,12,12,12,12,26,27,28,29,30,12,12,12,12,31,32,33,12,12,12,34,12,12,12,12,12,12,12,12,12,12,35,36,12,12,12,12,18,18,19,18,18,19,19,18,20,20,20,20,20,20,20,20","0.00401210784912109","infomap","edit-xhwikibooks.graphml"
"0.24","0.59","0.17","0.445739915166205","1,2,1,3,4,3,5,6,3,3,5,7,6,6,8,3,9,10,5,11,12,2,13,6,8,8,8,3,2,14,15,16,11,17,18,8,19,8,12,12,12,12,2,2,2,2,12,2,2,2,12,12,12,12,12,2,2,2,2,12,20,12,12,21,22,12,12,12,12,12,2,12,23,24,12,12,12,12,12,12,12,25,26,27,28,29,12,12,12,12,30,31,32,12,12,12,33,12,12,12,12,12,12,12,12,12,12,34,35,12,12,12,12,18,8,8,18,18,8,8,8,19,19,19,19,19,19,19,19","0.00411081314086914","infomap","edit-xhwikibooks.graphml"
"0.23","0.6","0.17","0.455525396398818","1,2,1,3,4,3,5,6,3,3,5,7,6,6,8,3,9,10,5,11,12,2,13,6,8,8,8,3,2,14,15,16,11,17,18,19,20,8,12,12,12,12,2,2,2,2,12,2,2,2,12,12,12,12,12,2,2,2,2,12,21,12,12,22,23,12,12,12,12,12,2,12,24,25,12,12,12,12,12,12,12,26,27,28,29,30,12,12,12,12,31,32,33,12,12,12,34,12,12,12,12,12,12,12,12,12,12,35,36,12,12,12,12,18,19,18,18,18,18,19,18,20,20,20,20,20,20,20,20","0.00411701202392578","infomap","edit-xhwikibooks.graphml"
"0.22","0.61","0.17","0.452273965141612","1,2,1,3,4,3,5,6,3,3,5,7,6,6,8,3,9,10,5,11,12,2,13,6,8,8,8,3,2,14,15,16,11,17,18,19,20,8,12,12,12,12,2,2,2,2,12,2,2,2,12,12,12,12,12,2,2,2,2,12,21,12,12,22,23,12,12,12,12,12,2,12,24,25,12,12,12,12,12,12,12,26,27,28,29,30,12,12,12,12,31,32,33,12,12,12,34,12,12,12,12,12,12,12,12,12,12,35,36,12,12,12,12,19,19,18,18,19,19,19,18,20,20,20,20,20,20,20,20","0.004180908203125","infomap","edit-xhwikibooks.graphml"
"0.21","0.62","0.17","0.452182058658378","1,2,1,3,4,3,5,6,3,3,5,7,6,6,8,3,9,10,5,11,12,2,13,6,8,8,8,3,2,14,15,16,11,17,18,19,20,8,12,12,12,12,2,2,2,2,12,2,2,2,12,12,12,12,12,2,2,2,2,12,21,12,12,22,23,12,12,12,12,12,2,12,24,25,12,12,12,12,12,12,12,26,27,28,29,30,12,12,12,12,31,32,33,12,12,12,34,12,12,12,12,12,12,12,12,12,12,35,36,12,12,12,12,18,19,18,18,19,19,19,18,20,20,20,20,20,20,20,20","0.00410103797912598","infomap","edit-xhwikibooks.graphml"
"0.2","0.63","0.17","0.437875998684336","1,2,1,3,4,3,5,6,3,3,5,7,6,6,8,3,9,10,5,11,2,12,13,6,8,8,8,3,2,14,15,16,11,17,18,8,19,8,2,2,2,2,12,12,12,12,2,12,12,12,2,2,2,2,2,12,12,12,12,2,20,2,2,21,22,2,2,2,2,2,12,2,23,24,2,2,2,2,2,2,2,25,26,27,28,29,2,2,2,2,30,31,32,2,2,2,33,2,2,2,2,2,2,2,2,2,2,34,35,2,2,2,2,18,8,18,18,8,18,8,18,19,19,19,19,19,19,19,19","0.00408005714416504","infomap","edit-xhwikibooks.graphml"
"0.19","0.64","0.17","0.451478265021379","1,2,1,3,4,3,5,6,3,3,5,7,6,6,8,3,9,10,5,11,12,2,13,6,8,8,8,3,2,14,15,16,11,17,8,18,19,8,12,12,12,12,2,2,2,2,12,2,2,2,12,12,12,12,12,2,2,2,2,12,20,12,12,21,22,12,12,12,12,12,2,12,23,24,12,12,12,12,12,12,12,25,26,27,28,29,12,12,12,12,30,31,32,12,12,12,33,12,12,12,12,12,12,12,12,12,12,34,35,12,12,12,12,18,18,8,18,8,18,8,18,19,19,19,19,19,19,19,19","0.0041499137878418","infomap","edit-xhwikibooks.graphml"
"0.18","0.65","0.17","0.45374578623835","1,2,1,3,4,3,5,6,3,3,5,7,6,6,8,3,9,10,5,11,12,2,13,6,8,8,8,3,2,14,15,16,11,17,18,19,20,8,12,12,12,12,2,2,2,2,12,2,2,2,12,12,12,12,12,2,2,2,2,12,21,12,12,22,23,12,12,12,12,12,2,12,24,25,12,12,12,12,12,12,12,26,27,28,29,30,12,12,12,12,31,32,33,12,12,12,34,12,12,12,12,12,12,12,12,12,12,35,36,12,12,12,12,18,8,8,18,18,19,18,18,20,20,20,20,20,20,20,20","0.00410294532775879","infomap","edit-xhwikibooks.graphml"
"0.17","0.66","0.17","0.450405317085512","1,2,1,3,4,3,5,6,3,3,5,7,6,6,8,3,9,10,5,11,12,2,13,6,8,8,8,3,2,14,15,16,11,17,8,18,19,8,12,12,12,12,2,2,2,2,12,2,2,2,12,12,12,12,12,2,2,2,2,12,20,12,12,21,22,12,12,12,12,12,2,12,23,24,12,12,12,12,12,12,12,25,26,27,28,29,12,12,12,12,30,31,32,12,12,12,33,12,12,12,12,12,12,12,12,12,12,34,35,12,12,12,12,18,18,8,18,18,8,8,8,19,19,19,19,19,19,19,19","0.00390195846557617","infomap","edit-xhwikibooks.graphml"
"0.16","0.67","0.17","0.471443712468072","1,2,1,3,4,3,5,6,3,3,5,7,6,6,8,3,9,10,5,11,12,2,13,6,8,8,8,3,2,14,15,16,11,17,18,19,20,8,12,12,12,12,2,2,2,2,12,2,2,2,12,12,12,12,12,2,2,2,2,12,21,12,12,22,23,12,12,12,12,12,2,12,24,25,12,12,12,12,12,12,12,26,27,28,29,30,12,12,12,12,31,32,33,12,12,12,34,12,12,12,12,12,12,12,12,12,12,35,36,12,12,12,12,18,19,18,18,19,19,18,18,20,20,20,20,20,20,20,20","0.00494384765625","infomap","edit-xhwikibooks.graphml"
"0.15","0.68","0.17","0.47124716553288","1,2,1,3,4,3,5,6,3,3,5,7,6,6,8,3,9,10,5,11,12,2,13,6,8,8,8,3,2,14,15,16,11,17,18,19,20,8,12,12,12,12,2,2,2,2,12,2,2,2,12,12,12,12,12,2,2,2,2,12,21,12,12,22,23,12,12,12,12,12,2,12,24,25,12,12,12,12,12,12,12,26,27,28,29,30,12,12,12,12,31,32,33,12,12,12,34,12,12,12,12,12,12,12,12,12,12,35,36,12,12,12,12,19,18,18,19,18,18,18,19,20,20,20,20,20,20,20,20","0.00405716896057129","infomap","edit-xhwikibooks.graphml"
"0.14","0.69","0.17","0.472978112702341","1,2,1,3,4,3,5,6,3,3,7,8,6,6,9,3,10,11,12,13,14,2,15,6,9,9,9,3,2,16,17,18,19,20,21,12,22,9,14,14,14,14,2,2,2,2,14,2,2,2,14,14,14,14,14,2,2,2,2,14,23,14,14,24,25,14,14,14,14,14,2,14,26,27,14,14,14,14,14,14,14,28,29,30,31,32,14,14,14,14,33,34,35,14,14,14,36,14,14,14,14,14,14,14,14,14,14,37,38,14,14,14,14,21,12,21,12,12,12,12,12,22,22,22,22,22,22,22,22","0.00407099723815918","infomap","edit-xhwikibooks.graphml"
"0.13","0.7","0.17","0.456508551944819","1,2,1,3,4,3,5,6,3,3,7,8,6,6,9,3,10,11,12,13,14,2,15,6,12,12,9,3,2,16,17,18,19,20,21,12,22,12,14,14,14,14,2,2,2,2,14,2,2,2,14,14,14,14,14,2,2,2,2,14,23,14,14,24,25,14,14,14,14,14,2,14,26,27,14,14,14,14,14,14,14,28,29,30,31,32,14,14,14,14,33,34,35,14,14,14,36,14,14,14,14,14,14,14,14,14,14,37,38,14,14,14,14,21,12,12,21,12,21,12,12,22,22,22,22,22,22,22,22","0.0054171085357666","infomap","edit-xhwikibooks.graphml"
"0.12","0.71","0.17","0.463739637625309","1,2,1,3,4,3,5,6,3,3,7,8,6,6,9,3,10,11,9,12,13,2,14,6,6,6,6,3,2,15,16,17,18,19,9,20,21,9,13,13,13,13,2,2,2,2,13,2,2,2,13,13,13,13,13,2,2,2,2,13,22,13,13,23,24,13,13,13,13,13,2,13,25,26,13,13,13,13,13,13,13,27,28,29,30,31,13,13,13,13,32,33,34,13,13,13,35,13,13,13,13,13,13,13,13,13,13,36,37,13,13,13,13,20,9,9,20,9,9,9,9,21,21,21,21,21,21,21,21","0.00489687919616699","infomap","edit-xhwikibooks.graphml"
"0.11","0.72","0.17","0.467371935668952","1,2,1,3,4,3,5,6,3,3,7,8,6,6,9,3,10,11,12,13,14,2,15,6,6,6,6,3,2,16,17,18,19,20,12,9,21,9,14,14,14,14,2,2,2,2,14,2,2,2,14,14,14,14,14,2,2,2,2,14,22,14,14,23,24,14,14,14,14,14,2,14,25,26,14,14,14,14,14,14,14,27,28,29,30,31,14,14,14,14,32,33,34,14,14,14,35,14,14,14,14,14,14,14,14,14,14,36,37,14,14,14,14,12,9,9,12,9,9,12,9,21,21,21,21,21,21,21,21","0.00417995452880859","infomap","edit-xhwikibooks.graphml"
"0.1","0.73","0.17","0.468441086742779","1,2,1,3,4,3,5,6,3,3,7,8,6,6,9,3,10,11,9,12,13,2,14,6,6,6,6,3,2,15,16,17,18,19,9,20,21,9,13,13,13,13,2,2,2,2,13,2,2,2,13,13,13,13,13,2,2,2,2,13,22,13,13,23,24,13,13,13,13,13,2,13,25,26,13,13,13,13,13,13,13,27,28,29,30,31,13,13,13,13,32,33,34,13,13,13,35,13,13,13,13,13,13,13,13,13,13,36,37,13,13,13,13,9,9,9,9,9,9,20,9,21,21,21,21,21,21,21,21","0.00415992736816406","infomap","edit-xhwikibooks.graphml"
"0.09","0.74","0.17","0.459263574806453","1,2,1,3,4,3,5,6,3,3,7,8,6,6,9,3,10,11,9,12,2,13,14,6,6,6,6,3,2,15,16,17,18,19,20,9,21,9,2,2,2,2,13,13,13,13,2,13,13,13,2,2,2,2,2,13,13,13,13,2,22,2,2,23,24,2,2,2,2,2,13,2,25,26,2,2,2,2,2,2,2,27,28,29,30,31,2,2,2,2,32,33,34,2,2,2,35,2,2,2,2,2,2,2,2,2,2,36,37,2,2,2,2,20,9,20,9,20,20,20,20,21,21,21,21,21,21,21,21","0.0042269229888916","infomap","edit-xhwikibooks.graphml"
"0.08","0.75","0.17","0.456694593562589","1,2,1,3,4,3,5,6,3,3,7,8,6,6,9,3,10,11,9,12,2,13,14,6,6,6,6,3,2,15,16,17,18,19,20,9,21,9,2,2,2,2,13,13,13,13,2,13,13,13,2,2,2,2,2,13,13,13,13,2,22,2,2,23,24,2,2,2,2,2,13,2,25,26,2,2,2,2,2,2,2,27,28,29,30,31,2,2,2,2,32,33,34,2,2,2,35,2,2,2,2,2,2,2,2,2,2,36,37,2,2,2,2,9,20,20,9,20,9,20,20,21,21,21,21,21,21,21,21","0.00391101837158203","infomap","edit-xhwikibooks.graphml"
"0.07","0.76","0.17","0.456694593562589","1,2,1,3,4,3,5,6,3,3,7,8,6,6,9,3,10,11,9,12,2,13,14,6,6,6,6,3,2,15,16,17,18,19,20,9,21,9,2,2,2,2,13,13,13,13,2,13,13,13,2,2,2,2,2,13,13,13,13,2,22,2,2,23,24,2,2,2,2,2,13,2,25,26,2,2,2,2,2,2,2,27,28,29,30,31,2,2,2,2,32,33,34,2,2,2,35,2,2,2,2,2,2,2,2,2,2,36,37,2,2,2,2,9,20,20,20,9,20,9,20,21,21,21,21,21,21,21,21","0.00390505790710449","infomap","edit-xhwikibooks.graphml"
"0.06","0.77","0.17","0.473024986049972","1,2,1,3,4,3,5,6,3,3,7,8,6,6,9,3,10,11,12,13,14,2,15,6,6,6,6,3,2,16,17,18,19,20,12,9,21,9,14,14,14,14,2,2,2,2,14,2,2,2,14,14,14,14,14,2,2,2,2,14,22,14,14,23,24,14,14,14,14,14,2,14,25,26,14,14,14,14,14,14,14,27,28,29,30,31,14,14,14,14,32,33,34,14,14,14,35,14,14,14,14,14,14,14,14,14,14,36,37,14,14,14,14,9,9,9,12,9,9,9,12,21,21,21,21,21,21,21,21","0.00408506393432617","infomap","edit-xhwikibooks.graphml"
"0.05","0.78","0.17","0.476966863533181","1,2,1,3,4,3,5,6,3,3,7,8,6,6,9,3,10,11,9,12,13,2,14,6,6,6,6,3,2,15,16,17,18,19,9,20,21,9,13,13,13,13,2,2,2,2,13,2,2,2,13,13,13,13,13,2,2,2,2,13,22,13,13,23,24,13,13,13,13,13,2,13,25,26,13,13,13,13,13,13,13,27,28,29,30,31,13,13,13,13,32,33,34,13,13,13,35,13,13,13,13,13,13,13,13,13,13,36,37,13,13,13,13,9,9,9,9,9,9,9,20,21,21,21,21,21,21,21,21","0.00420594215393066","infomap","edit-xhwikibooks.graphml"
"0.04","0.79","0.17","0.473210512868388","1,2,1,3,4,3,5,6,3,3,7,8,6,6,9,3,10,11,9,12,13,2,14,6,6,6,6,3,2,15,16,17,18,19,9,20,21,9,13,13,13,13,2,2,2,2,13,2,2,2,13,13,13,13,13,2,2,2,2,13,22,13,13,23,24,13,13,13,13,13,2,13,25,26,13,13,13,13,13,13,13,27,28,29,30,31,13,13,13,13,32,33,34,13,13,13,35,13,13,13,13,13,13,13,13,13,13,36,37,13,13,13,13,20,9,9,9,9,9,20,9,21,21,21,21,21,21,21,21","0.022165060043335","infomap","edit-xhwikibooks.graphml"
"0.03","0.8","0.17","0.464057719875098","1,2,1,3,4,3,5,6,3,3,7,8,6,6,9,3,10,11,12,13,2,14,15,6,6,6,6,3,2,16,17,18,19,20,12,9,21,9,2,2,2,2,14,14,14,14,2,14,14,14,2,2,2,2,2,14,14,14,14,2,22,2,2,23,24,2,2,2,2,2,14,2,25,26,2,2,2,2,2,2,2,27,28,29,30,31,2,2,2,2,32,33,34,2,2,2,35,2,2,2,2,2,2,2,2,2,2,36,37,2,2,2,2,12,12,12,12,9,12,9,12,21,21,21,21,21,21,21,21","0.00417590141296387","infomap","edit-xhwikibooks.graphml"
"0.02","0.81","0.17","0.463678047901948","1,2,1,3,4,3,5,6,3,3,7,8,6,6,9,3,10,11,12,13,2,14,15,6,6,6,6,3,2,16,17,18,19,20,12,9,21,9,2,2,2,2,14,14,14,14,2,14,14,14,2,2,2,2,2,14,14,14,14,2,22,2,2,23,24,2,2,2,2,2,14,2,25,26,2,2,2,2,2,2,2,27,28,29,30,31,2,2,2,2,32,33,34,2,2,2,35,2,2,2,2,2,2,2,2,2,2,36,37,2,2,2,2,9,9,12,12,12,9,9,9,21,21,21,21,21,21,21,21","0.00420808792114258","infomap","edit-xhwikibooks.graphml"
"0.01","0.82","0.17","0.467979978843373","1,2,1,3,4,3,5,6,3,3,7,8,6,6,9,3,10,11,12,13,2,14,15,6,6,6,6,3,2,16,17,18,19,20,12,9,21,9,2,2,2,2,14,14,14,14,2,14,14,14,2,2,2,2,2,14,14,14,14,2,22,2,2,23,24,2,2,2,2,2,14,2,25,26,2,2,2,2,2,2,2,27,28,29,30,31,2,2,2,2,32,33,34,2,2,2,35,2,2,2,2,2,2,2,2,2,2,36,37,2,2,2,2,12,12,9,9,12,12,12,12,21,21,21,21,21,21,21,21","0.00401782989501953","infomap","edit-xhwikibooks.graphml"
"0","0.83","0.17","0.476862590544657","1,2,1,3,1,3,4,5,3,3,6,7,5,5,8,3,9,10,11,12,13,2,14,5,5,5,5,3,1,15,16,17,18,19,11,8,20,8,13,13,13,13,2,2,2,2,13,2,2,2,13,13,13,13,13,2,2,2,2,13,21,13,13,22,23,13,13,13,13,13,2,13,24,25,13,13,13,13,13,13,13,26,27,28,29,30,13,13,13,13,31,32,33,13,13,13,34,13,13,13,13,13,13,13,13,13,13,35,36,13,13,13,13,8,8,8,8,11,8,8,11,20,20,20,20,20,20,20,20","0.00420594215393066","infomap","edit-xhwikibooks.graphml"
"0.82","0","0.18","0.375479709755442","1,2,1,1,1,3,1,2,3,4,5,6,7,2,3,8,4,5,9,6,10,11,7,7,12,13,14,8,15,4,5,9,6,6,16,17,18,3,10,10,10,10,11,11,11,11,10,11,11,11,10,10,10,10,10,11,11,11,11,10,7,10,10,7,12,10,10,10,10,10,11,10,13,13,10,10,10,10,10,10,10,14,8,8,8,15,10,10,10,10,4,5,9,10,10,10,8,10,10,10,10,10,10,10,10,10,10,6,6,10,10,10,10,17,17,17,17,17,17,17,16,18,18,18,18,18,18,18,18","0.00622797012329102","infomap","edit-xhwikibooks.graphml"
"0.81","0.01","0.18","0.376173071754904","1,1,2,2,2,3,2,3,4,5,6,2,7,3,4,8,5,6,9,10,11,12,7,7,13,14,15,8,16,5,6,9,10,10,17,18,19,4,11,11,11,11,12,12,12,12,11,12,12,12,11,11,11,11,11,12,12,12,12,11,7,11,11,7,13,11,11,11,11,11,12,11,14,14,11,11,11,11,11,11,11,15,8,8,8,16,11,11,11,11,5,6,9,11,11,11,8,11,11,11,11,11,11,11,11,11,11,10,10,11,11,11,11,18,18,18,18,17,17,18,17,19,19,19,19,19,19,19,19","0.00857305526733398","infomap","edit-xhwikibooks.graphml"
"0.8","0.02","0.18","0.377172803009943","1,2,1,1,1,2,1,2,3,4,5,6,7,2,3,8,4,5,9,6,10,11,7,7,12,13,14,8,15,4,5,9,6,6,16,17,18,3,10,10,10,10,11,11,11,11,10,11,11,11,10,10,10,10,10,11,11,11,11,10,7,10,10,7,12,10,10,10,10,10,11,10,13,13,10,10,10,10,10,10,10,14,8,8,8,15,10,10,10,10,4,5,9,10,10,10,8,10,10,10,10,10,10,10,10,10,10,6,6,10,10,10,10,17,17,17,17,17,16,17,16,18,18,18,18,18,18,18,18","0.00692200660705566","infomap","edit-xhwikibooks.graphml"
"0.79","0.03","0.18","0.373490909967561","1,2,1,1,1,2,1,2,3,4,5,6,7,2,3,8,4,5,9,6,10,11,7,7,12,13,14,8,15,4,5,9,6,6,16,17,18,18,10,10,10,10,11,11,11,11,10,11,11,11,10,10,10,10,10,11,11,11,11,10,7,10,10,7,12,10,10,10,10,10,11,10,13,13,10,10,10,10,10,10,10,14,8,8,8,15,10,10,10,10,4,5,9,10,10,10,8,10,10,10,10,10,10,10,10,10,10,6,6,10,10,10,10,17,17,17,17,16,17,16,16,18,18,18,18,18,18,18,18","0.00871610641479492","infomap","edit-xhwikibooks.graphml"
"0.78","0.04","0.18","0.373648950902842","1,2,1,1,1,3,1,2,3,4,5,6,7,2,3,8,4,5,9,6,10,11,7,7,12,13,14,8,15,4,5,9,6,6,16,17,18,18,10,10,10,10,11,11,11,11,10,11,11,11,10,10,10,10,10,11,11,11,11,10,7,10,10,7,12,10,10,10,10,10,11,10,13,13,10,10,10,10,10,10,10,14,8,8,8,15,10,10,10,10,4,5,9,10,10,10,8,10,10,10,10,10,10,10,10,10,10,6,6,10,10,10,10,16,16,17,16,17,17,16,17,18,18,18,18,18,18,18,18","0.00592803955078125","infomap","edit-xhwikibooks.graphml"
"0.77","0.05","0.18","0.378999530095262","1,2,1,1,1,3,1,3,3,4,5,6,7,3,8,9,4,5,10,6,11,2,7,7,12,13,14,9,15,4,5,10,6,6,16,8,17,8,11,11,11,11,2,2,2,2,11,2,2,2,11,11,11,11,11,2,2,2,2,11,7,11,11,7,12,11,11,11,11,11,2,11,13,13,11,11,11,11,11,11,11,14,9,9,9,15,11,11,11,11,4,5,10,11,11,11,9,11,11,11,11,11,11,11,11,11,11,6,6,11,11,11,11,16,8,8,16,16,16,16,8,17,17,17,17,17,17,17,17","0.0066521167755127","infomap","edit-xhwikibooks.graphml"
"0.76","0.06","0.18","0.379199773591354","1,2,1,1,1,2,1,2,2,3,4,5,6,2,7,8,3,4,9,5,10,11,6,6,12,13,7,8,14,3,4,9,5,5,15,16,17,7,10,10,10,10,11,11,11,11,10,11,11,11,10,10,10,10,10,11,11,11,11,10,6,10,10,6,12,10,10,10,10,10,11,10,13,13,10,10,10,10,10,10,10,7,8,8,8,14,10,10,10,10,3,4,9,10,10,10,8,10,10,10,10,10,10,10,10,10,10,5,5,10,10,10,10,16,16,15,16,16,15,16,16,17,17,17,17,17,17,17,17","0.0089571475982666","infomap","edit-xhwikibooks.graphml"
"0.75","0.07","0.18","0.376297672240126","1,2,1,1,1,3,1,4,3,5,6,7,8,4,3,9,5,6,10,7,11,2,8,8,12,13,14,9,15,5,6,10,7,7,16,17,18,3,11,11,11,11,2,2,2,2,11,2,2,2,11,11,11,11,11,2,2,2,2,11,8,11,11,8,12,11,11,11,11,11,2,11,13,13,11,11,11,11,11,11,11,14,9,9,9,15,11,11,11,11,5,6,10,11,11,11,9,11,11,11,11,11,11,11,11,11,11,7,7,11,11,11,11,16,16,17,17,16,16,17,17,18,18,18,18,18,18,18,18","0.00758481025695801","infomap","edit-xhwikibooks.graphml"
"0.74","0.08","0.18","0.379110123184331","1,2,1,1,1,2,1,2,3,4,5,6,7,2,3,8,4,5,9,6,10,11,7,7,12,13,14,8,15,4,5,9,6,6,16,17,18,3,10,10,10,10,11,11,11,11,10,11,11,11,10,10,10,10,10,11,11,11,11,10,7,10,10,7,12,10,10,10,10,10,11,10,13,13,10,10,10,10,10,10,10,14,8,8,8,15,10,10,10,10,4,5,9,10,10,10,8,10,10,10,10,10,10,10,10,10,10,6,6,10,10,10,10,16,17,16,17,16,16,17,16,18,18,18,18,18,18,18,18","0.0089881420135498","infomap","edit-xhwikibooks.graphml"
"0.73","0.09","0.18","0.376605952838652","1,2,1,1,1,2,1,2,3,4,5,6,7,2,3,8,4,5,9,6,10,11,7,7,12,13,14,8,15,4,5,9,6,6,16,17,18,3,10,10,10,10,11,11,11,11,10,11,11,11,10,10,10,10,10,11,11,11,11,10,7,10,10,7,12,10,10,10,10,10,11,10,13,13,10,10,10,10,10,10,10,14,8,8,8,15,10,10,10,10,4,5,9,10,10,10,8,10,10,10,10,10,10,10,10,10,10,6,6,10,10,10,10,17,16,17,17,17,16,16,17,18,18,18,18,18,18,18,18","0.00864315032958984","infomap","edit-xhwikibooks.graphml"
"0.72","0.1","0.18","0.377959598872229","1,2,1,1,1,2,1,2,3,4,5,6,7,2,3,8,4,5,9,6,10,11,7,7,12,13,14,8,15,4,5,9,6,6,16,17,18,3,10,10,10,10,11,11,11,11,10,11,11,11,10,10,10,10,10,11,11,11,11,10,7,10,10,7,12,10,10,10,10,10,11,10,13,13,10,10,10,10,10,10,10,14,8,8,8,15,10,10,10,10,4,5,9,10,10,10,8,10,10,10,10,10,10,10,10,10,10,6,6,10,10,10,10,16,16,16,17,16,16,16,16,18,18,18,18,18,18,18,18","0.00986599922180176","infomap","edit-xhwikibooks.graphml"
"0.71","0.11","0.18","0.375853250268117","1,2,1,1,1,2,1,2,3,4,5,6,7,2,3,8,4,5,9,6,10,11,7,7,12,13,14,8,15,4,5,9,6,6,16,17,18,17,10,10,10,10,11,11,11,11,10,11,11,11,10,10,10,10,10,11,11,11,11,10,7,10,10,7,12,10,10,10,10,10,11,10,13,13,10,10,10,10,10,10,10,14,8,8,8,15,10,10,10,10,4,5,9,10,10,10,8,10,10,10,10,10,10,10,10,10,10,6,6,10,10,10,10,16,16,16,16,16,16,17,16,18,18,18,18,18,18,18,18","0.00590300559997559","infomap","edit-xhwikibooks.graphml"
"0.7","0.12","0.18","0.376515301738383","1,2,1,1,1,3,1,2,3,4,5,6,7,2,3,8,4,5,9,6,10,11,7,7,12,13,14,8,15,4,5,9,6,6,16,17,18,3,10,10,10,10,11,11,11,11,10,11,11,11,10,10,10,10,10,11,11,11,11,10,7,10,10,7,12,10,10,10,10,10,11,10,13,13,10,10,10,10,10,10,10,14,8,8,8,15,10,10,10,10,4,5,9,10,10,10,8,10,10,10,10,10,10,10,10,10,10,6,6,10,10,10,10,16,17,17,16,17,17,17,16,18,18,18,18,18,18,18,18","0.0106649398803711","infomap","edit-xhwikibooks.graphml"
"0.69","0.13","0.18","0.37913486675662","1,2,1,1,1,2,1,2,3,4,5,6,7,2,3,8,4,5,9,6,10,11,7,7,12,13,14,8,15,4,5,9,6,6,16,17,18,17,10,10,10,10,11,11,11,11,10,11,11,11,10,10,10,10,10,11,11,11,11,10,7,10,10,7,12,10,10,10,10,10,11,10,13,13,10,10,10,10,10,10,10,14,8,8,8,15,10,10,10,10,4,5,9,10,10,10,8,10,10,10,10,10,10,10,10,10,10,6,6,10,10,10,10,16,16,16,16,17,17,16,17,18,18,18,18,18,18,18,18","0.00998902320861816","infomap","edit-xhwikibooks.graphml"
"0.68","0.14","0.18","0.363345145249797","1,2,1,1,1,3,1,3,4,5,6,7,8,3,4,9,5,6,10,7,11,2,8,8,12,13,14,9,15,5,6,10,7,7,16,17,18,4,11,11,11,11,2,2,2,2,11,2,2,2,11,11,11,11,11,2,2,2,2,11,8,11,11,8,12,11,11,11,11,11,2,11,13,13,11,11,11,11,11,11,11,14,9,9,9,15,11,11,11,11,5,6,10,11,11,11,9,11,11,11,11,11,11,11,11,11,11,7,7,11,11,11,11,17,17,17,17,16,17,17,17,4,4,18,18,18,4,4,4","0.00885605812072754","infomap","edit-xhwikibooks.graphml"
"0.67","0.15","0.18","0.382345213319459","1,2,1,1,1,2,1,2,3,4,5,6,7,2,3,8,4,5,9,6,10,11,7,7,12,13,14,8,15,4,5,9,6,6,16,17,18,3,10,10,10,10,11,11,11,11,10,11,11,11,10,10,10,10,10,11,11,11,11,10,7,10,10,7,12,10,10,10,10,10,11,10,13,13,10,10,10,10,10,10,10,14,8,8,8,15,10,10,10,10,4,5,9,10,10,10,8,10,10,10,10,10,10,10,10,10,10,6,6,10,10,10,10,17,17,17,16,16,17,16,17,18,18,18,18,18,18,18,18","0.0116679668426514","infomap","edit-xhwikibooks.graphml"
"0.66","0.16","0.18","0.391160431593114","1,2,1,1,1,3,1,3,4,5,6,7,8,3,4,9,5,6,10,7,11,2,8,8,12,13,14,9,15,5,6,10,7,7,16,17,4,4,11,11,11,11,2,2,2,2,11,2,2,2,11,11,11,11,11,2,2,2,2,11,8,11,11,8,12,11,11,11,11,11,2,11,13,13,11,11,11,11,11,11,11,14,9,9,9,15,11,11,11,11,5,6,10,11,11,11,9,11,11,11,11,11,11,11,11,11,11,7,7,11,11,11,11,16,16,16,17,17,17,17,17,4,4,4,4,4,4,4,4","0.00769591331481934","infomap","edit-xhwikibooks.graphml"
"0.65","0.17","0.18","0.361076429205655","1,2,1,1,1,3,1,2,3,4,5,6,7,2,3,8,4,5,9,6,10,11,7,7,12,13,14,8,15,4,5,9,6,6,16,17,18,3,10,10,10,10,11,11,11,11,10,11,11,11,10,10,10,10,10,11,11,11,11,10,7,10,10,7,12,10,10,10,10,10,11,10,13,13,10,10,10,10,10,10,10,14,8,8,8,15,10,10,10,10,4,5,9,10,10,10,8,10,10,10,10,10,10,10,10,10,10,6,6,10,10,10,10,16,16,17,16,16,16,17,17,18,18,18,18,18,18,18,18","0.0076749324798584","infomap","edit-xhwikibooks.graphml"
"0.64","0.18","0.18","0.361650160508162","1,2,1,1,1,2,1,2,2,3,4,5,6,2,7,8,3,4,9,5,10,11,6,6,12,13,14,8,15,3,4,9,5,5,16,7,17,7,10,10,10,10,11,11,11,11,10,11,11,11,10,10,10,10,10,11,11,11,11,10,6,10,10,6,12,10,10,10,10,10,11,10,13,13,10,10,10,10,10,10,10,14,8,8,8,15,10,10,10,10,3,4,9,10,10,10,8,10,10,10,10,10,10,10,10,10,10,5,5,10,10,10,10,7,7,16,7,16,16,16,7,17,17,17,17,17,17,17,17","0.00757122039794922","infomap","edit-xhwikibooks.graphml"
"0.63","0.19","0.18","0.355113888888889","1,2,1,1,1,2,1,2,3,4,5,6,7,2,3,8,4,5,5,6,9,10,7,7,11,12,13,8,2,4,5,5,6,6,14,15,16,3,9,9,9,9,10,10,10,10,9,10,10,10,9,9,9,9,9,10,10,10,10,9,17,9,9,7,11,9,9,9,9,9,10,9,12,12,9,9,9,9,9,9,9,13,8,8,8,18,9,9,9,9,19,20,21,9,9,9,8,9,9,9,9,9,9,9,9,9,9,6,6,9,9,9,9,15,14,14,14,15,15,14,15,16,16,16,16,16,16,16,16","0.00767683982849121","infomap","edit-xhwikibooks.graphml"
"0.62","0.2","0.18","0.355448615357446","1,2,1,1,1,2,1,2,3,4,5,6,7,2,3,8,4,5,5,6,9,10,7,7,11,12,13,8,2,4,5,5,6,6,14,15,16,16,9,9,9,9,10,10,10,10,9,10,10,10,9,9,9,9,9,10,10,10,10,9,17,9,9,7,11,9,9,9,9,9,10,9,12,12,9,9,9,9,9,9,9,13,8,8,8,18,9,9,9,9,19,20,21,9,9,9,8,9,9,9,9,9,9,9,9,9,9,6,6,9,9,9,9,15,15,14,14,14,15,15,15,16,16,16,16,16,16,16,16","0.00902009010314941","infomap","edit-xhwikibooks.graphml"
"0.61","0.21","0.18","0.357495276519558","1,2,1,1,1,3,1,3,4,5,6,7,8,3,4,9,5,6,6,7,10,2,8,8,11,12,13,9,2,5,6,6,7,7,14,15,16,16,10,10,10,10,2,2,2,2,10,2,2,2,10,10,10,10,10,2,2,2,2,10,17,10,10,8,11,10,10,10,10,10,2,10,12,12,10,10,10,10,10,10,10,13,9,9,9,18,10,10,10,10,19,20,21,10,10,10,9,10,10,10,10,10,10,10,10,10,10,7,7,10,10,10,10,14,15,15,14,14,14,15,15,16,16,16,16,16,16,16,16","0.00843691825866699","infomap","edit-xhwikibooks.graphml"
"0.6","0.22","0.18","0.35648595056778","1,2,1,1,1,2,1,2,3,4,5,6,7,2,3,8,4,5,5,6,9,10,7,7,11,12,13,8,10,4,5,5,6,6,14,15,16,15,9,9,9,9,10,10,10,10,9,10,10,10,9,9,9,9,9,10,10,10,10,9,17,9,9,7,11,9,9,9,9,9,10,9,12,12,9,9,9,9,9,9,9,13,8,8,8,18,9,9,9,9,19,20,21,9,9,9,8,9,9,9,9,9,9,9,9,9,9,6,6,9,9,9,9,14,15,15,14,15,14,14,14,16,16,16,16,16,16,16,16","0.00919485092163086","infomap","edit-xhwikibooks.graphml"
"0.59","0.23","0.18","0.358232852988269","1,2,1,1,1,2,1,2,3,4,5,6,7,2,3,8,4,5,5,6,9,10,7,7,11,12,13,8,2,4,5,5,6,6,14,15,16,3,9,9,9,9,10,10,10,10,9,10,10,10,9,9,9,9,9,10,10,10,10,9,17,9,9,7,11,9,9,9,9,9,10,9,12,12,9,9,9,9,9,9,9,13,8,8,8,18,9,9,9,9,19,20,21,9,9,9,8,9,9,9,9,9,9,9,9,9,9,6,6,9,9,9,9,15,15,15,15,15,15,14,14,16,16,16,16,16,16,16,16","0.00655817985534668","infomap","edit-xhwikibooks.graphml"
"0.58","0.24","0.18","0.352415123938456","1,2,1,1,1,3,1,3,3,4,5,6,7,3,8,9,4,5,5,6,2,10,7,7,11,12,13,9,2,4,5,5,6,6,14,15,8,8,2,2,2,2,10,10,10,10,2,10,10,10,2,2,2,2,2,10,10,10,10,2,16,2,2,7,11,2,2,2,2,2,10,2,12,12,2,2,2,2,2,2,2,13,9,9,9,17,2,2,2,2,18,19,20,2,2,2,9,2,2,2,2,2,2,2,2,2,2,6,6,2,2,2,2,15,15,14,15,14,15,15,14,8,8,8,8,8,8,8,8","0.00558090209960938","infomap","edit-xhwikibooks.graphml"
"0.57","0.25","0.18","0.355281379831298","1,2,1,1,1,3,1,4,3,5,6,7,8,4,3,9,5,6,6,7,2,10,8,8,11,12,13,9,2,5,6,6,7,7,14,15,16,16,2,2,2,2,10,10,10,10,2,10,10,10,2,2,2,2,2,10,10,10,10,2,17,2,2,8,11,2,2,2,2,2,10,2,12,12,2,2,2,2,2,2,2,13,9,9,9,18,2,2,2,2,19,20,21,2,2,2,9,2,2,2,2,2,2,2,2,2,2,7,7,2,2,2,2,14,15,14,14,15,14,14,15,16,16,16,16,16,16,16,16","0.00474286079406738","infomap","edit-xhwikibooks.graphml"
"0.56","0.26","0.18","0.35211922179572","1,2,1,1,1,3,1,3,4,5,6,7,8,3,4,9,5,6,6,7,2,10,8,8,11,12,13,9,2,5,6,6,7,7,14,15,16,16,2,2,2,2,10,10,10,10,2,10,10,10,2,2,2,2,2,10,10,10,10,2,17,2,2,8,11,2,2,2,2,2,10,2,12,12,2,2,2,2,2,2,2,13,9,9,9,18,2,2,2,2,19,20,21,2,2,2,9,2,2,2,2,2,2,2,2,2,2,7,7,2,2,2,2,15,15,15,14,14,15,15,15,16,16,16,16,16,16,16,16","0.00761604309082031","infomap","edit-xhwikibooks.graphml"
"0.55","0.27","0.18","0.365099376033047","1,2,1,1,1,2,1,2,2,3,4,5,6,2,7,8,3,4,4,5,9,10,6,6,11,12,13,8,2,3,4,4,5,5,14,15,7,7,9,9,9,9,10,10,10,10,9,10,10,10,9,9,9,9,9,10,10,10,10,9,16,9,9,6,11,9,9,9,9,9,10,9,12,12,9,9,9,9,9,9,9,13,8,8,8,17,9,9,9,9,18,19,20,9,9,9,8,9,9,9,9,9,9,9,9,9,9,5,5,9,9,9,9,15,15,14,15,14,15,15,14,7,7,7,7,7,7,7,7","0.00852680206298828","infomap","edit-xhwikibooks.graphml"
"0.54","0.28","0.18","0.363034234700618","1,2,1,1,1,2,1,2,3,4,5,6,7,2,3,8,4,5,5,6,9,10,7,7,11,12,13,8,2,4,5,5,6,6,3,14,15,3,9,9,9,9,10,10,10,10,9,10,10,10,9,9,9,9,9,10,10,10,10,9,16,9,9,7,11,9,9,9,9,9,10,9,12,12,9,9,9,9,9,9,9,13,8,8,8,17,9,9,9,9,18,19,20,9,9,9,8,9,9,9,9,9,9,9,9,9,9,6,6,9,9,9,9,3,14,14,3,14,14,3,14,15,15,15,15,15,15,15,15","0.00859403610229492","infomap","edit-xhwikibooks.graphml"
"0.53","0.29","0.18","0.371669421221951","1,2,1,1,1,2,1,2,2,3,4,5,6,2,7,8,3,4,4,5,9,10,6,6,11,12,13,8,2,3,4,4,5,5,14,15,7,7,9,9,9,9,10,10,10,10,9,10,10,10,9,9,9,9,9,10,10,10,10,9,16,9,9,6,11,9,9,9,9,9,10,9,12,12,9,9,9,9,9,9,9,13,8,8,8,17,9,9,9,9,18,19,20,9,9,9,8,9,9,9,9,9,9,9,9,9,9,5,5,9,9,9,9,14,14,15,15,14,15,15,14,7,7,7,7,7,7,7,7","0.00686502456665039","infomap","edit-xhwikibooks.graphml"
"0.52","0.3","0.18","0.372750598060575","1,2,1,1,1,2,1,2,2,3,4,5,6,2,7,8,3,4,4,5,9,10,6,6,11,12,13,8,2,3,4,4,5,5,14,15,7,7,9,9,9,9,10,10,10,10,9,10,10,10,9,9,9,9,9,10,10,10,10,9,16,9,9,6,11,9,9,9,9,9,10,9,12,12,9,9,9,9,9,9,9,13,8,8,8,17,9,9,9,9,18,19,20,9,9,9,8,9,9,9,9,9,9,9,9,9,9,5,5,9,9,9,9,14,15,14,15,14,15,14,14,7,7,7,7,7,7,7,7","0.00739502906799316","infomap","edit-xhwikibooks.graphml"
"0.51","0.31","0.18","0.376047518555283","1,2,1,1,1,3,1,3,4,5,6,7,8,3,4,9,5,6,6,7,10,2,8,8,4,11,3,9,2,5,6,6,7,7,12,13,14,4,10,10,10,10,2,2,2,2,10,2,2,2,10,10,10,10,10,2,2,2,2,10,15,10,10,8,4,10,10,10,10,10,2,10,11,11,10,10,10,10,10,10,10,3,9,9,9,16,10,10,10,10,17,18,19,10,10,10,9,10,10,10,10,10,10,10,10,10,10,7,7,10,10,10,10,12,12,13,13,13,13,13,12,14,14,14,14,14,14,14,14","0.00655484199523926","infomap","edit-xhwikibooks.graphml"
"0.5","0.32","0.18","0.374700262071746","1,1,2,2,2,3,2,3,3,4,5,2,6,3,7,8,4,5,5,9,10,11,6,6,12,13,14,8,1,4,5,5,9,9,15,7,16,7,10,10,10,10,11,11,11,11,10,11,11,11,10,10,10,10,10,11,11,11,11,10,17,10,10,6,12,10,10,10,10,10,11,10,13,13,10,10,10,10,10,10,10,14,8,8,8,18,10,10,10,10,19,20,21,10,10,10,8,10,10,10,10,10,10,10,10,10,10,9,9,10,10,10,10,15,7,15,15,15,15,7,15,16,16,16,16,16,16,16,16","0.00934100151062012","infomap","edit-xhwikibooks.graphml"
"0.49","0.33","0.18","0.373774522806608","1,2,1,1,1,2,1,2,2,3,4,5,6,2,7,8,3,4,4,5,9,2,6,6,10,11,12,8,2,3,4,4,5,5,13,7,14,7,9,9,9,9,2,2,2,2,9,2,2,2,9,9,9,9,9,2,2,2,2,9,15,9,9,6,10,9,9,9,9,9,2,9,11,11,9,9,9,9,9,9,9,12,8,8,8,16,9,9,9,9,17,18,19,9,9,9,8,9,9,9,9,9,9,9,9,9,9,5,5,9,9,9,9,13,13,7,13,13,13,7,7,14,14,14,14,14,14,14,14","0.00761890411376953","infomap","edit-xhwikibooks.graphml"
"0.48","0.34","0.18","0.382068592486623","1,2,1,1,1,3,1,3,3,4,5,6,7,3,8,9,4,5,5,6,2,10,7,7,11,12,13,9,2,4,5,5,6,6,8,14,15,8,2,2,2,2,10,10,10,10,2,10,10,10,2,2,2,2,2,10,10,10,10,2,16,2,2,7,11,2,2,2,2,2,10,2,12,12,2,2,2,2,2,2,2,13,9,9,9,17,2,2,2,2,18,19,20,2,2,2,9,2,2,2,2,2,2,2,2,2,2,6,6,2,2,2,2,14,14,14,8,8,8,8,14,15,15,15,15,15,15,15,15","0.00961399078369141","infomap","edit-xhwikibooks.graphml"
"0.47","0.35","0.18","0.395192864238034","1,2,1,1,1,3,1,3,3,4,5,6,7,3,8,9,4,5,5,6,10,2,7,7,11,12,8,9,2,4,5,5,6,6,13,14,15,8,10,10,10,10,2,2,2,2,10,2,2,2,10,10,10,10,10,2,2,2,2,10,16,10,10,7,11,10,10,10,10,10,2,10,12,12,10,10,10,10,10,10,10,8,9,9,9,17,10,10,10,10,18,19,20,10,10,10,9,10,10,10,10,10,10,10,10,10,10,6,6,10,10,10,10,14,14,13,13,13,14,13,14,15,15,15,15,15,15,15,15","0.0105187892913818","infomap","edit-xhwikibooks.graphml"
"0.46","0.36","0.18","0.394712773998488","1,2,1,1,1,3,1,3,4,5,6,7,8,3,4,9,5,6,6,7,10,2,8,8,4,11,12,9,2,5,6,6,7,7,13,14,15,4,10,10,10,10,2,2,2,2,10,2,2,2,10,10,10,10,10,2,2,2,2,10,16,10,10,8,4,10,10,10,10,10,2,10,11,11,10,10,10,10,10,10,10,12,9,9,9,17,10,10,10,10,18,19,20,10,10,10,9,10,10,10,10,10,10,10,10,10,10,7,7,10,10,10,10,13,13,14,13,13,14,14,14,15,15,15,15,15,15,15,15","0.00919389724731445","infomap","edit-xhwikibooks.graphml"
"0.45","0.37","0.18","0.387436761132763","1,2,1,1,3,1,3,4,1,1,3,5,6,4,7,8,9,3,3,5,10,2,6,6,7,11,7,8,2,12,13,3,5,5,14,15,16,7,10,10,10,10,2,2,2,2,10,2,2,2,10,10,10,10,10,2,2,2,2,10,17,10,10,18,19,10,10,10,10,10,2,10,11,11,10,10,10,10,10,10,10,20,8,8,8,21,10,10,10,10,22,23,24,10,10,10,25,10,10,10,10,10,10,10,10,10,10,26,27,10,10,10,10,14,15,15,14,14,15,14,14,16,16,16,16,16,16,16,16","0.00446295738220215","infomap","edit-xhwikibooks.graphml"
"0.44","0.38","0.18","0.387070801583937","1,2,1,1,3,1,3,4,1,1,3,5,6,4,7,8,9,3,3,5,10,2,6,6,4,11,7,8,2,12,13,3,5,5,14,15,16,7,10,10,10,10,2,2,2,2,10,2,2,2,10,10,10,10,10,2,2,2,2,10,17,10,10,18,19,10,10,10,10,10,2,10,11,11,10,10,10,10,10,10,10,20,8,8,8,21,10,10,10,10,22,23,24,10,10,10,25,10,10,10,10,10,10,10,10,10,10,26,27,10,10,10,10,15,14,15,14,14,14,15,14,16,16,16,16,16,16,16,16","0.00629401206970215","infomap","edit-xhwikibooks.graphml"
"0.43","0.39","0.18","0.378992551445525","1,1,2,2,3,2,3,4,2,2,3,5,6,4,7,8,9,3,3,5,10,11,6,6,7,12,13,8,1,14,15,3,5,5,16,17,13,13,10,10,10,10,11,11,11,11,10,11,11,11,10,10,10,10,10,11,11,11,11,10,18,10,10,19,20,10,10,10,10,10,11,10,12,12,10,10,10,10,10,10,10,21,8,8,8,22,10,10,10,10,23,24,25,10,10,10,26,10,10,10,10,10,10,10,10,10,10,27,28,10,10,10,10,17,16,17,16,17,17,16,17,13,13,13,13,13,13,13,13","0.0051569938659668","infomap","edit-xhwikibooks.graphml"
"0.42","0.4","0.18","0.38314288193204","1,2,1,1,3,1,3,2,1,1,3,4,5,2,6,7,8,3,3,4,9,10,5,5,6,11,6,7,2,12,13,3,4,4,14,15,16,6,9,9,9,9,10,10,10,10,9,10,10,10,9,9,9,9,9,10,10,10,10,9,17,9,9,18,19,9,9,9,9,9,10,9,11,11,9,9,9,9,9,9,9,20,7,7,7,21,9,9,9,9,22,23,24,9,9,9,25,9,9,9,9,9,9,9,9,9,9,26,27,9,9,9,9,15,15,14,15,15,15,15,15,16,16,16,16,16,16,16,16","0.00450396537780762","infomap","edit-xhwikibooks.graphml"
"0.41","0.41","0.18","0.387017832171401","1,2,1,1,3,1,3,4,1,1,3,5,6,4,7,8,9,3,3,5,10,2,6,6,4,11,7,8,2,12,13,3,5,5,14,15,16,7,10,10,10,10,2,2,2,2,10,2,2,2,10,10,10,10,10,2,2,2,2,10,17,10,10,18,19,10,10,10,10,10,2,10,11,11,10,10,10,10,10,10,10,20,8,8,8,21,10,10,10,10,22,23,24,10,10,10,25,10,10,10,10,10,10,10,10,10,10,26,27,10,10,10,10,14,15,15,15,15,15,15,14,16,16,16,16,16,16,16,16","0.00522208213806152","infomap","edit-xhwikibooks.graphml"
"0.4","0.42","0.18","0.388110518430337","1,2,1,1,3,1,3,4,1,1,3,5,6,4,7,8,9,3,3,5,10,2,6,6,7,11,7,8,2,12,13,3,5,5,14,15,16,7,10,10,10,10,2,2,2,2,10,2,2,2,10,10,10,10,10,2,2,2,2,10,17,10,10,18,19,10,10,10,10,10,2,10,11,11,10,10,10,10,10,10,10,20,8,8,8,21,10,10,10,10,22,23,24,10,10,10,25,10,10,10,10,10,10,10,10,10,10,26,27,10,10,10,10,14,14,14,15,15,15,15,15,16,16,16,16,16,16,16,16","0.00602912902832031","infomap","edit-xhwikibooks.graphml"
"0.39","0.43","0.18","0.378706959086647","1,1,2,2,3,2,3,4,2,2,3,5,6,4,7,8,9,3,3,5,10,11,6,6,7,12,7,8,1,13,14,3,5,5,15,16,17,7,10,10,10,10,11,11,11,11,10,11,11,11,10,10,10,10,10,11,11,11,11,10,18,10,10,19,20,10,10,10,10,10,11,10,12,12,10,10,10,10,10,10,10,21,8,8,8,22,10,10,10,10,23,24,25,10,10,10,26,10,10,10,10,10,10,10,10,10,10,27,28,10,10,10,10,16,15,7,15,7,15,7,7,17,17,17,17,17,17,17,17","0.00453615188598633","infomap","edit-xhwikibooks.graphml"
"0.38","0.44","0.18","0.392553539934492","1,2,1,1,3,1,3,4,1,1,3,5,6,4,7,8,9,3,3,5,10,2,6,6,7,11,4,8,2,12,13,3,5,5,14,15,16,16,10,10,10,10,2,2,2,2,10,2,2,2,10,10,10,10,10,2,2,2,2,10,17,10,10,18,19,10,10,10,10,10,2,10,11,11,10,10,10,10,10,10,10,20,8,8,8,21,10,10,10,10,22,23,24,10,10,10,25,10,10,10,10,10,10,10,10,10,10,26,27,10,10,10,10,14,15,14,15,14,14,14,15,16,16,16,16,16,16,16,16","0.00445103645324707","infomap","edit-xhwikibooks.graphml"
"0.37","0.45","0.18","0.382642022544048","1,2,1,1,3,1,3,4,1,1,3,5,4,6,6,7,8,3,3,5,9,2,4,4,6,10,6,7,2,11,12,3,5,5,13,14,15,6,9,9,9,9,2,2,2,2,9,2,2,2,9,9,9,9,9,2,2,2,2,9,16,9,9,17,18,9,9,9,9,9,2,9,10,10,9,9,9,9,9,9,9,19,7,7,7,20,9,9,9,9,21,22,23,9,9,9,24,9,9,9,9,9,9,9,9,9,9,25,26,9,9,9,9,13,14,14,14,14,14,13,13,15,15,15,15,15,15,15,15","0.00446987152099609","infomap","edit-xhwikibooks.graphml"
"0.36","0.46","0.18","0.378976326742976","1,1,2,2,3,2,3,4,2,2,3,5,4,6,6,7,8,3,3,5,9,10,4,4,6,11,6,7,1,12,13,3,5,5,14,15,16,6,9,9,9,9,10,10,10,10,9,10,10,10,9,9,9,9,9,10,10,10,10,9,17,9,9,18,19,9,9,9,9,9,10,9,11,11,9,9,9,9,9,9,9,20,7,7,7,21,9,9,9,9,22,23,24,9,9,9,25,9,9,9,9,9,9,9,9,9,9,26,27,9,9,9,9,15,15,14,15,14,14,15,15,16,16,16,16,16,16,16,16","0.00622010231018066","infomap","edit-xhwikibooks.graphml"
"0.35","0.47","0.18","0.407024574669187","1,2,1,1,3,1,3,4,1,1,3,5,4,6,6,7,8,3,3,5,9,2,4,4,6,10,6,7,2,11,12,3,5,5,13,14,15,6,9,9,9,9,2,2,2,2,9,2,2,2,9,9,9,9,9,2,2,2,2,9,16,9,9,17,18,9,9,9,9,9,2,9,10,10,9,9,9,9,9,9,9,19,7,7,7,20,9,9,9,9,21,22,23,9,9,9,24,9,9,9,9,9,9,9,9,9,9,25,26,9,9,9,9,13,14,13,14,13,14,14,13,15,15,15,15,15,15,15,15","0.0050361156463623","infomap","edit-xhwikibooks.graphml"
"0.34","0.48","0.18","0.408179012345679","1,2,1,1,3,1,3,4,1,1,3,5,4,6,6,7,8,3,3,5,9,2,4,4,6,10,6,7,2,11,12,3,5,5,13,14,15,6,9,9,9,9,2,2,2,2,9,2,2,2,9,9,9,9,9,2,2,2,2,9,16,9,9,17,18,9,9,9,9,9,2,9,10,10,9,9,9,9,9,9,9,19,7,7,7,20,9,9,9,9,21,22,23,9,9,9,24,9,9,9,9,9,9,9,9,9,9,25,26,9,9,9,9,13,14,14,14,13,13,13,14,15,15,15,15,15,15,15,15","0.00450706481933594","infomap","edit-xhwikibooks.graphml"
"0.33","0.49","0.18","0.384209526909722","1,2,1,1,3,1,3,4,1,1,3,5,4,6,7,8,9,3,3,5,2,10,4,4,6,11,7,8,2,12,13,3,5,5,14,6,15,6,2,2,2,2,10,10,10,10,2,10,10,10,2,2,2,2,2,10,10,10,10,2,16,2,2,17,18,2,2,2,2,2,10,2,11,11,2,2,2,2,2,2,2,19,8,8,8,20,2,2,2,2,21,22,23,2,2,2,24,2,2,2,2,2,2,2,2,2,2,25,26,2,2,2,2,14,6,14,6,6,14,14,6,15,15,15,15,15,15,15,15","0.00425004959106445","infomap","edit-xhwikibooks.graphml"
"0.32","0.5","0.18","0.494697140604863","1,2,1,1,3,1,3,4,1,1,3,5,4,4,6,7,8,3,3,5,9,2,4,4,6,10,6,7,2,11,12,3,5,5,13,13,14,6,9,9,9,9,2,2,2,2,9,2,2,2,9,9,9,9,9,2,2,2,2,9,15,9,9,16,17,9,9,9,9,9,2,9,10,10,9,9,9,9,9,9,9,18,7,7,7,19,9,9,9,9,20,21,22,9,9,9,23,9,9,9,9,9,9,9,9,9,9,24,25,9,9,9,9,13,13,13,13,13,13,13,13,14,14,14,14,14,14,14,14","0.00466418266296387","infomap","edit-xhwikibooks.graphml"
"0.31","0.51","0.18","0.45952453188328","1,2,1,1,3,1,3,4,1,1,3,5,4,4,6,7,8,3,3,5,9,2,4,4,6,10,6,7,2,11,12,3,5,5,6,13,14,6,9,9,9,9,2,2,2,2,9,2,2,2,9,9,9,9,9,2,2,2,2,9,15,9,9,16,17,9,9,9,9,9,2,9,10,10,9,9,9,9,9,9,9,18,7,7,7,19,9,9,9,9,20,21,22,9,9,9,23,9,9,9,9,9,9,9,9,9,9,24,25,9,9,9,9,6,6,6,13,6,6,6,6,14,14,14,14,14,14,14,14","0.0046699047088623","infomap","edit-xhwikibooks.graphml"
"0.3","0.52","0.18","0.448722267610266","1,2,1,1,3,1,3,4,1,1,3,5,4,4,6,7,8,3,3,5,9,2,4,4,10,10,10,7,2,11,12,3,5,5,13,6,14,6,9,9,9,9,2,2,2,2,9,2,2,2,9,9,9,9,9,2,2,2,2,9,15,9,9,16,17,9,9,9,9,9,2,9,10,10,9,9,9,9,9,9,9,18,7,7,7,19,9,9,9,9,20,21,22,9,9,9,23,9,9,9,9,9,9,9,9,9,9,24,25,9,9,9,9,6,13,6,6,13,6,13,13,14,14,14,14,14,14,14,14","0.00613903999328613","infomap","edit-xhwikibooks.graphml"
"0.29","0.53","0.18","0.445137153810563","1,1,2,2,3,2,3,4,2,2,3,5,4,4,6,7,8,3,3,5,9,10,4,4,11,11,11,7,1,12,13,3,5,5,6,14,15,6,9,9,9,9,10,10,10,10,9,10,10,10,9,9,9,9,9,10,10,10,10,9,16,9,9,17,18,9,9,9,9,9,10,9,11,11,9,9,9,9,9,9,9,19,7,7,7,20,9,9,9,9,21,22,23,9,9,9,24,9,9,9,9,9,9,9,9,9,9,25,26,9,9,9,9,14,6,6,6,14,6,14,6,15,15,15,15,15,15,15,15","0.00470805168151855","infomap","edit-xhwikibooks.graphml"
"0.28","0.54","0.18","0.438174650025299","1,2,1,1,3,1,3,4,1,1,3,5,4,4,6,7,8,3,3,5,2,9,4,4,6,10,6,7,2,11,12,3,5,5,13,14,15,6,2,2,2,2,9,9,9,9,2,9,9,9,2,2,2,2,2,9,9,9,9,2,16,2,2,17,18,2,2,2,2,2,9,2,10,10,2,2,2,2,2,2,2,19,7,7,7,20,2,2,2,2,21,22,23,2,2,2,24,2,2,2,2,2,2,2,2,2,2,25,26,2,2,2,2,14,13,14,13,14,13,14,13,15,15,15,15,15,15,15,15","0.00540900230407715","infomap","edit-xhwikibooks.graphml"
"0.27","0.55","0.18","0.440841673335919","1,2,1,3,4,3,5,6,3,3,5,7,6,6,8,3,9,10,5,11,12,2,13,6,8,8,8,3,2,14,15,16,11,17,18,19,20,8,12,12,12,12,2,2,2,2,12,2,2,2,12,12,12,12,12,2,2,2,2,12,21,12,12,22,23,12,12,12,12,12,2,12,24,25,12,12,12,12,12,12,12,26,27,28,29,30,12,12,12,12,31,32,33,12,12,12,34,12,12,12,12,12,12,12,12,12,12,35,36,12,12,12,12,19,18,18,18,19,19,19,18,20,20,20,20,20,20,20,20","0.00419211387634277","infomap","edit-xhwikibooks.graphml"
"0.26","0.56","0.18","0.43027115634178","1,2,1,3,4,3,5,6,3,3,5,7,6,6,8,3,9,10,5,11,2,12,13,6,8,8,8,3,2,14,15,16,11,17,18,19,20,8,2,2,2,2,12,12,12,12,2,12,12,12,2,2,2,2,2,12,12,12,12,2,21,2,2,22,23,2,2,2,2,2,12,2,24,25,2,2,2,2,2,2,2,26,27,28,29,30,2,2,2,2,31,32,33,2,2,2,34,2,2,2,2,2,2,2,2,2,2,35,36,2,2,2,2,18,19,18,19,19,19,18,19,20,20,20,20,20,20,20,20","0.00499415397644043","infomap","edit-xhwikibooks.graphml"
"0.25","0.57","0.18","0.443005680569089","1,2,1,3,4,3,5,6,3,3,5,7,6,6,8,3,9,10,5,11,12,2,13,6,8,8,8,3,2,14,15,16,11,17,18,19,20,18,12,12,12,12,2,2,2,2,12,2,2,2,12,12,12,12,12,2,2,2,2,12,21,12,12,22,23,12,12,12,12,12,2,12,24,25,12,12,12,12,12,12,12,26,27,28,29,30,12,12,12,12,31,32,33,12,12,12,34,12,12,12,12,12,12,12,12,12,12,35,36,12,12,12,12,19,18,18,18,18,18,18,19,20,20,20,20,20,20,20,20","0.00412607192993164","infomap","edit-xhwikibooks.graphml"
"0.24","0.58","0.18","0.446414078909408","1,2,1,3,4,3,5,6,3,3,5,7,6,6,8,3,9,10,5,11,12,2,13,6,8,8,8,3,2,14,15,16,11,17,18,19,20,8,12,12,12,12,2,2,2,2,12,2,2,2,12,12,12,12,12,2,2,2,2,12,21,12,12,22,23,12,12,12,12,12,2,12,24,25,12,12,12,12,12,12,12,26,27,28,29,30,12,12,12,12,31,32,33,12,12,12,34,12,12,12,12,12,12,12,12,12,12,35,36,12,12,12,12,18,18,18,18,19,19,18,19,20,20,20,20,20,20,20,20","0.00410604476928711","infomap","edit-xhwikibooks.graphml"
"0.23","0.59","0.18","0.431779091642032","1,2,1,3,4,3,5,6,3,3,5,7,6,6,8,3,9,10,5,11,2,12,13,6,8,8,8,3,2,14,15,16,11,17,18,19,20,8,2,2,2,2,12,12,12,12,2,12,12,12,2,2,2,2,2,12,12,12,12,2,21,2,2,22,23,2,2,2,2,2,12,2,24,25,2,2,2,2,2,2,2,26,27,28,29,30,2,2,2,2,31,32,33,2,2,2,34,2,2,2,2,2,2,2,2,2,2,35,36,2,2,2,2,19,19,18,18,18,18,18,19,20,20,20,20,20,20,20,20","0.00503802299499512","infomap","edit-xhwikibooks.graphml"
"0.22","0.6","0.18","0.453073604169336","1,2,1,3,4,3,5,6,3,3,5,7,6,6,8,3,9,10,5,11,12,2,13,6,8,8,8,3,2,14,15,16,11,17,18,19,20,18,12,12,12,12,2,2,2,2,12,2,2,2,12,12,12,12,12,2,2,2,2,12,21,12,12,22,23,12,12,12,12,12,2,12,24,25,12,12,12,12,12,12,12,26,27,28,29,30,12,12,12,12,31,32,33,12,12,12,34,12,12,12,12,12,12,12,12,12,12,35,36,12,12,12,12,18,18,18,18,18,18,18,19,20,20,20,20,20,20,20,20","0.00714516639709473","infomap","edit-xhwikibooks.graphml"
"0.21","0.61","0.18","0.436291101231843","1,2,1,3,4,3,5,6,3,3,5,7,6,6,8,3,9,10,5,11,2,12,13,6,8,8,8,3,2,14,15,16,11,17,18,19,20,8,2,2,2,2,12,12,12,12,2,12,12,12,2,2,2,2,2,12,12,12,12,2,21,2,2,22,23,2,2,2,2,2,12,2,24,25,2,2,2,2,2,2,2,26,27,28,29,30,2,2,2,2,31,32,33,2,2,2,34,2,2,2,2,2,2,2,2,2,2,35,36,2,2,2,2,18,19,19,18,19,18,19,18,20,20,20,20,20,20,20,20","0.00416398048400879","infomap","edit-xhwikibooks.graphml"
"0.2","0.62","0.18","0.45164670182177","1,2,1,3,4,3,5,6,3,3,5,7,6,6,8,3,9,10,5,11,12,2,13,6,8,8,8,3,2,14,15,16,11,17,18,19,20,8,12,12,12,12,2,2,2,2,12,2,2,2,12,12,12,12,12,2,2,2,2,12,21,12,12,22,23,12,12,12,12,12,2,12,24,25,12,12,12,12,12,12,12,26,27,28,29,30,12,12,12,12,31,32,33,12,12,12,34,12,12,12,12,12,12,12,12,12,12,35,36,12,12,12,12,19,18,19,19,19,18,18,18,20,20,20,20,20,20,20,20","0.00412702560424805","infomap","edit-xhwikibooks.graphml"
"0.19","0.63","0.18","0.435806728798995","1,2,1,3,4,3,5,6,3,3,5,7,6,6,8,3,9,10,5,11,2,12,13,6,8,8,8,3,2,14,15,16,11,17,18,19,20,8,2,2,2,2,12,12,12,12,2,12,12,12,2,2,2,2,2,12,12,12,12,2,21,2,2,22,23,2,2,2,2,2,12,2,24,25,2,2,2,2,2,2,2,26,27,28,29,30,2,2,2,2,31,32,33,2,2,2,34,2,2,2,2,2,2,2,2,2,2,35,36,2,2,2,2,19,18,18,19,18,18,18,19,20,20,20,20,20,20,20,20","0.00408482551574707","infomap","edit-xhwikibooks.graphml"
"0.18","0.64","0.18","0.452260604655085","1,2,1,3,4,3,5,6,3,3,5,7,6,6,8,3,9,10,5,11,12,2,13,6,8,8,8,3,2,14,15,16,11,17,18,8,19,8,12,12,12,12,2,2,2,2,12,2,2,2,12,12,12,12,12,2,2,2,2,12,20,12,12,21,22,12,12,12,12,12,2,12,23,24,12,12,12,12,12,12,12,25,26,27,28,29,12,12,12,12,30,31,32,12,12,12,33,12,12,12,12,12,12,12,12,12,12,34,35,12,12,12,12,8,18,18,18,8,18,8,18,19,19,19,19,19,19,19,19","0.00404500961303711","infomap","edit-xhwikibooks.graphml"
"0.17","0.65","0.18","0.454088221032215","1,2,1,3,4,3,5,6,3,3,5,7,6,6,8,3,9,10,5,11,12,2,13,6,8,8,8,3,2,14,15,16,11,17,18,19,20,8,12,12,12,12,2,2,2,2,12,2,2,2,12,12,12,12,12,2,2,2,2,12,21,12,12,22,23,12,12,12,12,12,2,12,24,25,12,12,12,12,12,12,12,26,27,28,29,30,12,12,12,12,31,32,33,12,12,12,34,12,12,12,12,12,12,12,12,12,12,35,36,12,12,12,12,18,18,18,18,19,18,19,18,20,20,20,20,20,20,20,20","0.00395417213439941","infomap","edit-xhwikibooks.graphml"
"0.16","0.66","0.18","0.437492093945016","1,2,1,3,4,3,5,6,3,3,5,7,6,6,8,3,9,10,5,11,2,12,13,6,8,8,8,3,2,14,15,16,11,17,18,19,20,8,2,2,2,2,12,12,12,12,2,12,12,12,2,2,2,2,2,12,12,12,12,2,21,2,2,22,23,2,2,2,2,2,12,2,24,25,2,2,2,2,2,2,2,26,27,28,29,30,2,2,2,2,31,32,33,2,2,2,34,2,2,2,2,2,2,2,2,2,2,35,36,2,2,2,2,19,19,19,18,19,19,18,18,20,20,20,20,20,20,20,20","0.00418996810913086","infomap","edit-xhwikibooks.graphml"
"0.15","0.67","0.18","0.455215352583503","1,2,1,3,4,3,5,6,3,3,5,7,6,6,8,3,9,10,5,11,2,12,13,6,8,8,8,3,2,14,15,16,11,17,8,18,19,8,2,2,2,2,12,12,12,12,2,12,12,12,2,2,2,2,2,12,12,12,12,2,20,2,2,21,22,2,2,2,2,2,12,2,23,24,2,2,2,2,2,2,2,25,26,27,28,29,2,2,2,2,30,31,32,2,2,2,33,2,2,2,2,2,2,2,2,2,2,34,35,2,2,2,2,18,18,18,8,18,18,8,18,19,19,19,19,19,19,19,19","0.00417494773864746","infomap","edit-xhwikibooks.graphml"
"0.14","0.68","0.18","0.454785878074447","1,2,1,3,4,3,5,6,3,3,5,7,6,6,8,3,9,10,5,11,2,12,13,6,8,8,8,3,2,14,15,16,11,17,18,8,19,8,2,2,2,2,12,12,12,12,2,12,12,12,2,2,2,2,2,12,12,12,12,2,20,2,2,21,22,2,2,2,2,2,12,2,23,24,2,2,2,2,2,2,2,25,26,27,28,29,2,2,2,2,30,31,32,2,2,2,33,2,2,2,2,2,2,2,2,2,2,34,35,2,2,2,2,18,8,18,18,18,8,8,8,19,19,19,19,19,19,19,19","0.00406408309936523","infomap","edit-xhwikibooks.graphml"
"0.13","0.69","0.18","0.469040418202211","1,2,1,3,4,3,5,6,3,3,5,7,6,6,8,3,9,10,5,11,12,2,13,6,8,8,8,3,2,14,15,16,11,17,8,18,19,8,12,12,12,12,2,2,2,2,12,2,2,2,12,12,12,12,12,2,2,2,2,12,20,12,12,21,22,12,12,12,12,12,2,12,23,24,12,12,12,12,12,12,12,25,26,27,28,29,12,12,12,12,30,31,32,12,12,12,33,12,12,12,12,12,12,12,12,12,12,34,35,12,12,12,12,8,18,18,18,18,8,18,18,19,19,19,19,19,19,19,19","0.00480103492736816","infomap","edit-xhwikibooks.graphml"
"0.12","0.7","0.18","0.472325169894856","1,2,1,3,4,3,5,6,3,3,5,7,6,6,8,3,9,10,5,11,12,2,13,6,8,8,8,3,2,14,15,16,11,17,18,19,20,8,12,12,12,12,2,2,2,2,12,2,2,2,12,12,12,12,12,2,2,2,2,12,21,12,12,22,23,12,12,12,12,12,2,12,24,25,12,12,12,12,12,12,12,26,27,28,29,30,12,12,12,12,31,32,33,12,12,12,34,12,12,12,12,12,12,12,12,12,12,35,36,12,12,12,12,19,18,19,18,18,19,19,19,20,20,20,20,20,20,20,20","0.00528907775878906","infomap","edit-xhwikibooks.graphml"
"0.11","0.71","0.18","0.476022251191673","1,2,1,3,4,3,5,6,3,3,5,7,6,6,8,3,9,10,5,11,12,2,13,6,8,8,8,3,2,14,15,16,11,17,18,19,20,8,12,12,12,12,2,2,2,2,12,2,2,2,12,12,12,12,12,2,2,2,2,12,21,12,12,22,23,12,12,12,12,12,2,12,24,25,12,12,12,12,12,12,12,26,27,28,29,30,12,12,12,12,31,32,33,12,12,12,34,12,12,12,12,12,12,12,12,12,12,35,36,12,12,12,12,19,19,19,19,19,19,19,18,20,20,20,20,20,20,20,20","0.00417208671569824","infomap","edit-xhwikibooks.graphml"
"0.1","0.72","0.18","0.457795197771838","1,2,1,3,4,3,5,6,3,3,7,8,6,6,9,3,10,11,12,13,2,14,15,6,9,9,9,3,2,16,17,18,19,20,12,9,21,9,2,2,2,2,14,14,14,14,2,14,14,14,2,2,2,2,2,14,14,14,14,2,22,2,2,23,24,2,2,2,2,2,14,2,25,26,2,2,2,2,2,2,2,27,28,29,30,31,2,2,2,2,32,33,34,2,2,2,35,2,2,2,2,2,2,2,2,2,2,36,37,2,2,2,2,9,9,12,12,12,12,12,9,21,21,21,21,21,21,21,21","0.00481009483337402","infomap","edit-xhwikibooks.graphml"
"0.09","0.73","0.18","0.465159121893938","1,2,1,3,4,3,5,6,3,3,7,8,6,6,9,3,10,11,12,13,14,2,15,6,6,6,6,3,2,16,17,18,19,20,9,12,21,9,14,14,14,14,2,2,2,2,14,2,2,2,14,14,14,14,14,2,2,2,2,14,22,14,14,23,24,14,14,14,14,14,2,14,25,26,14,14,14,14,14,14,14,27,28,29,30,31,14,14,14,14,32,33,34,14,14,14,35,14,14,14,14,14,14,14,14,14,14,36,37,14,14,14,14,12,9,12,9,12,12,12,9,21,21,21,21,21,21,21,21","0.00417304039001465","infomap","edit-xhwikibooks.graphml"
"0.08","0.74","0.18","0.470526624804705","1,2,1,3,4,3,5,6,3,3,7,8,6,6,9,3,10,11,12,13,14,2,15,6,9,9,9,3,2,16,17,18,19,20,21,12,22,9,14,14,14,14,2,2,2,2,14,2,2,2,14,14,14,14,14,2,2,2,2,14,23,14,14,24,25,14,14,14,14,14,2,14,26,27,14,14,14,14,14,14,14,28,29,30,31,32,14,14,14,14,33,34,35,14,14,14,36,14,14,14,14,14,14,14,14,14,14,37,38,14,14,14,14,21,21,12,12,12,12,12,21,22,22,22,22,22,22,22,22","0.0039360523223877","infomap","edit-xhwikibooks.graphml"
"0.07","0.75","0.18","0.46033106985977","1,2,1,3,4,3,5,6,3,3,7,8,6,6,9,3,10,11,12,13,2,14,15,6,9,9,9,3,2,16,17,18,19,20,21,12,22,9,2,2,2,2,14,14,14,14,2,14,14,14,2,2,2,2,2,14,14,14,14,2,23,2,2,24,25,2,2,2,2,2,14,2,26,27,2,2,2,2,2,2,2,28,29,30,31,32,2,2,2,2,33,34,35,2,2,2,36,2,2,2,2,2,2,2,2,2,2,37,38,2,2,2,2,12,12,12,21,21,21,21,12,22,22,22,22,22,22,22,22","0.00392484664916992","infomap","edit-xhwikibooks.graphml"
"0.06","0.76","0.18","0.458519226422696","1,2,1,3,4,3,5,6,3,3,7,8,6,6,9,3,10,11,12,13,2,14,15,6,9,9,9,3,2,16,17,18,19,20,21,12,22,21,2,2,2,2,14,14,14,14,2,14,14,14,2,2,2,2,2,14,14,14,14,2,23,2,2,24,25,2,2,2,2,2,14,2,26,27,2,2,2,2,2,2,2,28,29,30,31,32,2,2,2,2,33,34,35,2,2,2,36,2,2,2,2,2,2,2,2,2,2,37,38,2,2,2,2,12,12,12,21,21,12,12,12,22,22,22,22,22,22,22,22","0.00474882125854492","infomap","edit-xhwikibooks.graphml"
"0.05","0.77","0.18","0.472271728515625","1,2,1,3,4,3,5,6,3,3,7,8,6,6,9,3,10,11,9,12,13,2,14,6,6,6,6,3,2,15,16,17,18,19,20,9,21,9,13,13,13,13,2,2,2,2,13,2,2,2,13,13,13,13,13,2,2,2,2,13,22,13,13,23,24,13,13,13,13,13,2,13,25,26,13,13,13,13,13,13,13,27,28,29,30,31,13,13,13,13,32,33,34,13,13,13,35,13,13,13,13,13,13,13,13,13,13,36,37,13,13,13,13,9,20,20,9,9,20,9,20,21,21,21,21,21,21,21,21","0.00626397132873535","infomap","edit-xhwikibooks.graphml"
"0.04","0.78","0.18","0.463563825284376","1,2,1,3,4,3,5,6,3,3,7,8,6,6,9,3,10,11,12,13,2,14,15,6,9,9,9,3,2,16,17,18,19,20,12,21,22,9,2,2,2,2,14,14,14,14,2,14,14,14,2,2,2,2,2,14,14,14,14,2,23,2,2,24,25,2,2,2,2,2,14,2,26,27,2,2,2,2,2,2,2,28,29,30,31,32,2,2,2,2,33,34,35,2,2,2,36,2,2,2,2,2,2,2,2,2,2,37,38,2,2,2,2,21,21,12,12,12,21,21,12,22,22,22,22,22,22,22,22","0.00481796264648438","infomap","edit-xhwikibooks.graphml"
"0.03","0.79","0.18","0.4777251849684","1,2,1,3,4,3,5,6,3,3,7,8,6,6,9,3,10,11,12,13,14,2,15,6,9,9,9,3,2,16,17,18,19,20,21,12,22,9,14,14,14,14,2,2,2,2,14,2,2,2,14,14,14,14,14,2,2,2,2,14,23,14,14,24,25,14,14,14,14,14,2,14,26,27,14,14,14,14,14,14,14,28,29,30,31,32,14,14,14,14,33,34,35,14,14,14,36,14,14,14,14,14,14,14,14,14,14,37,38,14,14,14,14,12,21,21,21,12,12,21,21,22,22,22,22,22,22,22,22","0.00484180450439453","infomap","edit-xhwikibooks.graphml"
"0.02","0.8","0.18","0.479981596679734","1,2,1,3,4,3,5,6,3,3,7,8,6,6,9,3,10,11,12,13,14,2,15,6,9,9,9,3,2,16,17,18,19,20,21,12,22,9,14,14,14,14,2,2,2,2,14,2,2,2,14,14,14,14,14,2,2,2,2,14,23,14,14,24,25,14,14,14,14,14,2,14,26,27,14,14,14,14,14,14,14,28,29,30,31,32,14,14,14,14,33,34,35,14,14,14,36,14,14,14,14,14,14,14,14,14,14,37,38,14,14,14,14,21,12,12,12,12,21,12,21,22,22,22,22,22,22,22,22","0.00405097007751465","infomap","edit-xhwikibooks.graphml"
"0.01","0.81","0.18","0.464109237173146","1,2,1,3,4,3,5,6,3,3,7,8,6,6,9,3,10,11,12,13,2,14,15,6,6,6,6,3,2,16,17,18,19,20,9,12,21,9,2,2,2,2,14,14,14,14,2,14,14,14,2,2,2,2,2,14,14,14,14,2,22,2,2,23,24,2,2,2,2,2,14,2,25,26,2,2,2,2,2,2,2,27,28,29,30,31,2,2,2,2,32,33,34,2,2,2,35,2,2,2,2,2,2,2,2,2,2,36,37,2,2,2,2,12,9,9,9,9,9,9,9,21,21,21,21,21,21,21,21","0.00397205352783203","infomap","edit-xhwikibooks.graphml"
"0","0.82","0.18","0.468307059209393","1,2,1,3,1,3,4,5,3,3,6,7,5,5,8,3,9,10,11,12,2,13,14,5,5,5,5,3,1,15,16,17,18,19,11,8,20,8,2,2,2,2,13,13,13,13,2,13,13,13,2,2,2,2,2,13,13,13,13,2,21,2,2,22,23,2,2,2,2,2,13,2,24,25,2,2,2,2,2,2,2,26,27,28,29,30,2,2,2,2,31,32,33,2,2,2,34,2,2,2,2,2,2,2,2,2,2,35,36,2,2,2,2,11,11,8,11,8,11,11,11,20,20,20,20,20,20,20,20","0.00409698486328125","infomap","edit-xhwikibooks.graphml"
"0.81","0","0.19","0.382184267462191","1,2,1,1,1,3,1,2,3,4,5,6,7,2,3,8,4,5,9,6,10,11,7,7,12,13,14,8,15,4,5,9,6,6,16,17,3,3,10,10,10,10,11,11,11,11,10,11,11,11,10,10,10,10,10,11,11,11,11,10,7,10,10,7,12,10,10,10,10,10,11,10,13,13,10,10,10,10,10,10,10,14,8,8,8,15,10,10,10,10,4,5,9,10,10,10,8,10,10,10,10,10,10,10,10,10,10,6,6,10,10,10,10,17,16,16,17,17,16,17,17,3,3,3,3,3,3,3,3","0.00881314277648926","infomap","edit-xhwikibooks.graphml"
"0.8","0.01","0.19","0.357437681128566","1,2,1,1,1,2,1,2,3,4,5,6,7,2,3,8,4,5,9,6,10,11,7,7,12,13,14,8,15,4,5,9,6,6,16,17,18,3,10,10,10,10,11,11,11,11,10,11,11,11,10,10,10,10,10,11,11,11,11,10,7,10,10,7,12,10,10,10,10,10,11,10,13,13,10,10,10,10,10,10,10,14,8,8,8,15,10,10,10,10,4,5,9,10,10,10,8,10,10,10,10,10,10,10,10,10,10,6,6,10,10,10,10,17,17,17,17,17,16,16,16,3,18,3,3,18,3,3,3","0.00801515579223633","infomap","edit-xhwikibooks.graphml"
"0.79","0.02","0.19","0.378596957173157","1,2,1,1,1,2,1,2,3,4,5,6,7,2,3,8,4,5,9,6,10,11,7,7,12,13,14,8,15,4,5,9,6,6,16,17,18,3,10,10,10,10,11,11,11,11,10,11,11,11,10,10,10,10,10,11,11,11,11,10,7,10,10,7,12,10,10,10,10,10,11,10,13,13,10,10,10,10,10,10,10,14,8,8,8,15,10,10,10,10,4,5,9,10,10,10,8,10,10,10,10,10,10,10,10,10,10,6,6,10,10,10,10,16,16,17,16,16,17,16,17,18,18,18,18,18,18,18,18","0.0108242034912109","infomap","edit-xhwikibooks.graphml"
"0.78","0.03","0.19","0.379531878322317","1,2,1,1,1,2,1,2,2,3,4,5,6,2,7,8,3,4,9,5,10,11,6,6,12,13,7,8,14,3,4,9,5,5,15,16,17,7,10,10,10,10,11,11,11,11,10,11,11,11,10,10,10,10,10,11,11,11,11,10,6,10,10,6,12,10,10,10,10,10,11,10,13,13,10,10,10,10,10,10,10,7,8,8,8,14,10,10,10,10,3,4,9,10,10,10,8,10,10,10,10,10,10,10,10,10,10,5,5,10,10,10,10,16,16,15,15,15,16,16,16,17,17,17,17,17,17,17,17","0.00700688362121582","infomap","edit-xhwikibooks.graphml"
"0.77","0.04","0.19","0.37493236002504","1,2,1,1,1,3,1,2,3,4,5,6,7,2,3,8,4,5,9,6,10,11,7,7,12,13,14,8,15,4,5,9,6,6,16,17,18,18,10,10,10,10,11,11,11,11,10,11,11,11,10,10,10,10,10,11,11,11,11,10,7,10,10,7,12,10,10,10,10,10,11,10,13,13,10,10,10,10,10,10,10,14,8,8,8,15,10,10,10,10,4,5,9,10,10,10,8,10,10,10,10,10,10,10,10,10,10,6,6,10,10,10,10,16,16,16,16,16,17,17,16,18,18,18,18,18,18,18,18","0.00866413116455078","infomap","edit-xhwikibooks.graphml"
"0.76","0.05","0.19","0.375783827945124","1,2,1,1,1,3,1,2,3,4,5,6,7,2,3,8,4,5,9,6,10,11,7,7,12,13,14,8,15,4,5,9,6,6,16,17,18,3,10,10,10,10,11,11,11,11,10,11,11,11,10,10,10,10,10,11,11,11,11,10,7,10,10,7,12,10,10,10,10,10,11,10,13,13,10,10,10,10,10,10,10,14,8,8,8,15,10,10,10,10,4,5,9,10,10,10,8,10,10,10,10,10,10,10,10,10,10,6,6,10,10,10,10,17,17,16,17,17,17,17,17,18,18,18,18,18,18,18,18","0.00972414016723633","infomap","edit-xhwikibooks.graphml"
"0.75","0.06","0.19","0.37765785313372","1,2,1,1,1,2,1,2,3,4,5,6,7,2,3,8,4,5,9,6,10,11,7,7,12,13,14,8,15,4,5,9,6,6,16,17,18,3,10,10,10,10,11,11,11,11,10,11,11,11,10,10,10,10,10,11,11,11,11,10,7,10,10,7,12,10,10,10,10,10,11,10,13,13,10,10,10,10,10,10,10,14,8,8,8,15,10,10,10,10,4,5,9,10,10,10,8,10,10,10,10,10,10,10,10,10,10,6,6,10,10,10,10,16,16,17,17,17,17,16,17,18,18,18,18,18,18,18,18","0.0097191333770752","infomap","edit-xhwikibooks.graphml"
"0.74","0.07","0.19","0.377624429902836","1,2,1,1,1,3,1,4,3,5,6,7,8,4,3,9,5,6,10,7,11,2,8,8,12,13,14,9,15,5,6,10,7,7,16,17,18,3,11,11,11,11,2,2,2,2,11,2,2,2,11,11,11,11,11,2,2,2,2,11,8,11,11,8,12,11,11,11,11,11,2,11,13,13,11,11,11,11,11,11,11,14,9,9,9,15,11,11,11,11,5,6,10,11,11,11,9,11,11,11,11,11,11,11,11,11,11,7,7,11,11,11,11,17,16,16,16,17,17,16,17,18,18,18,18,18,18,18,18","0.00699019432067871","infomap","edit-xhwikibooks.graphml"
"0.73","0.08","0.19","0.378871331590487","1,2,1,1,1,3,1,2,3,4,5,6,7,2,3,8,4,5,9,6,10,11,7,7,12,13,14,8,15,4,5,9,6,6,16,17,18,3,10,10,10,10,11,11,11,11,10,11,11,11,10,10,10,10,10,11,11,11,11,10,7,10,10,7,12,10,10,10,10,10,11,10,13,13,10,10,10,10,10,10,10,14,8,8,8,15,10,10,10,10,4,5,9,10,10,10,8,10,10,10,10,10,10,10,10,10,10,6,6,10,10,10,10,16,16,16,16,16,17,16,17,18,18,18,18,18,18,18,18","0.0086970329284668","infomap","edit-xhwikibooks.graphml"
"0.72","0.09","0.19","0.377141183485733","1,2,1,1,1,3,1,3,4,5,6,7,8,3,4,9,5,6,10,7,11,2,8,8,12,13,14,9,15,5,6,10,7,7,16,17,18,18,11,11,11,11,2,2,2,2,11,2,2,2,11,11,11,11,11,2,2,2,2,11,8,11,11,8,12,11,11,11,11,11,2,11,13,13,11,11,11,11,11,11,11,14,9,9,9,15,11,11,11,11,5,6,10,11,11,11,9,11,11,11,11,11,11,11,11,11,11,7,7,11,11,11,11,17,16,16,16,17,17,17,16,18,18,18,18,18,18,18,18","0.00680398941040039","infomap","edit-xhwikibooks.graphml"
"0.71","0.1","0.19","0.382326277618485","1,2,1,1,1,3,1,3,4,5,6,7,8,3,4,9,5,6,10,7,11,2,8,8,12,13,14,9,15,5,6,10,7,7,16,4,17,4,11,11,11,11,2,2,2,2,11,2,2,2,11,11,11,11,11,2,2,2,2,11,8,11,11,8,12,11,11,11,11,11,2,11,13,13,11,11,11,11,11,11,11,14,9,9,9,15,11,11,11,11,5,6,10,11,11,11,9,11,11,11,11,11,11,11,11,11,11,7,7,11,11,11,11,16,4,16,4,16,16,4,16,17,17,17,17,17,17,17,17","0.00966310501098633","infomap","edit-xhwikibooks.graphml"
"0.7","0.11","0.19","0.361846546656194","1,2,1,1,1,3,1,3,4,5,6,7,8,3,4,9,5,6,10,7,11,2,8,8,12,13,14,9,15,5,6,10,7,7,16,17,18,4,11,11,11,11,2,2,2,2,11,2,2,2,11,11,11,11,11,2,2,2,2,11,8,11,11,8,12,11,11,11,11,11,2,11,13,13,11,11,11,11,11,11,11,14,9,9,9,15,11,11,11,11,5,6,10,11,11,11,9,11,11,11,11,11,11,11,11,11,11,7,7,11,11,11,11,17,16,17,16,17,17,17,17,4,4,18,18,4,18,4,4","0.00592398643493652","infomap","edit-xhwikibooks.graphml"
"0.69","0.12","0.19","0.378537981269511","1,1,2,2,2,3,2,3,4,5,6,2,7,3,4,8,5,6,9,10,11,12,7,7,13,14,15,8,16,5,6,9,10,10,17,18,19,18,11,11,11,11,12,12,12,12,11,12,12,12,11,11,11,11,11,12,12,12,12,11,7,11,11,7,13,11,11,11,11,11,12,11,14,14,11,11,11,11,11,11,11,15,8,8,8,16,11,11,11,11,5,6,9,11,11,11,8,11,11,11,11,11,11,11,11,11,11,10,10,11,11,11,11,17,18,17,17,18,17,18,17,19,19,19,19,19,19,19,19","0.00486612319946289","infomap","edit-xhwikibooks.graphml"
"0.68","0.13","0.19","0.371953694068678","1,2,1,1,1,3,1,2,3,4,5,6,7,2,3,8,4,5,9,6,10,11,7,7,12,13,14,8,15,4,5,9,6,6,16,17,18,3,10,10,10,10,11,11,11,11,10,11,11,11,10,10,10,10,10,11,11,11,11,10,7,10,10,7,12,10,10,10,10,10,11,10,13,13,10,10,10,10,10,10,10,14,8,8,8,15,10,10,10,10,4,5,9,10,10,10,8,10,10,10,10,10,10,10,10,10,10,6,6,10,10,10,10,3,16,17,17,3,17,16,16,18,18,18,18,18,18,18,18","0.0059058666229248","infomap","edit-xhwikibooks.graphml"
"0.67","0.14","0.19","0.382983870967742","1,2,1,1,1,2,1,2,3,4,5,6,7,2,3,8,4,5,9,6,10,11,7,7,12,13,14,8,15,4,5,9,6,6,16,17,18,3,10,10,10,10,11,11,11,11,10,11,11,11,10,10,10,10,10,11,11,11,11,10,7,10,10,7,12,10,10,10,10,10,11,10,13,13,10,10,10,10,10,10,10,14,8,8,8,15,10,10,10,10,4,5,9,10,10,10,8,10,10,10,10,10,10,10,10,10,10,6,6,10,10,10,10,16,17,16,16,17,17,16,17,18,18,18,18,18,18,18,18","0.00696396827697754","infomap","edit-xhwikibooks.graphml"
"0.66","0.15","0.19","0.385911810613944","1,2,1,1,1,3,1,3,4,5,6,7,8,3,4,9,5,6,10,7,11,2,8,8,12,13,14,9,15,5,6,10,7,7,16,17,18,4,11,11,11,11,2,2,2,2,11,2,2,2,11,11,11,11,11,2,2,2,2,11,8,11,11,8,12,11,11,11,11,11,2,11,13,13,11,11,11,11,11,11,11,14,9,9,9,15,11,11,11,11,5,6,10,11,11,11,9,11,11,11,11,11,11,11,11,11,11,7,7,11,11,11,11,17,16,16,17,16,16,17,16,18,18,18,18,18,18,18,18","0.0106289386749268","infomap","edit-xhwikibooks.graphml"
"0.65","0.16","0.19","0.382419141118294","1,2,1,1,1,3,1,3,3,4,5,6,7,3,8,9,4,5,10,6,2,11,7,7,12,13,14,9,15,4,5,10,6,6,16,8,17,8,2,2,2,2,11,11,11,11,2,11,11,11,2,2,2,2,2,11,11,11,11,2,7,2,2,7,12,2,2,2,2,2,11,2,13,13,2,2,2,2,2,2,2,14,9,9,9,15,2,2,2,2,4,5,10,2,2,2,9,2,2,2,2,2,2,2,2,2,2,6,6,2,2,2,2,16,16,16,16,16,8,8,16,17,17,17,17,17,17,17,17","0.00867199897766113","infomap","edit-xhwikibooks.graphml"
"0.64","0.17","0.19","0.386676374506903","1,2,1,1,1,2,1,2,3,4,5,6,7,2,3,8,4,5,9,6,10,11,7,7,12,13,14,8,15,4,5,9,6,6,16,17,18,3,10,10,10,10,11,11,11,11,10,11,11,11,10,10,10,10,10,11,11,11,11,10,7,10,10,7,12,10,10,10,10,10,11,10,13,13,10,10,10,10,10,10,10,14,8,8,8,15,10,10,10,10,4,5,9,10,10,10,8,10,10,10,10,10,10,10,10,10,10,6,6,10,10,10,10,17,16,17,16,17,17,17,17,18,18,18,18,18,18,18,18","0.00680088996887207","infomap","edit-xhwikibooks.graphml"
"0.63","0.18","0.19","0.388348280325444","1,2,1,1,1,2,1,2,3,4,5,6,7,2,3,8,4,5,9,6,10,11,7,7,12,13,14,8,15,4,5,9,6,6,16,3,17,3,10,10,10,10,11,11,11,11,10,11,11,11,10,10,10,10,10,11,11,11,11,10,7,10,10,7,12,10,10,10,10,10,11,10,13,13,10,10,10,10,10,10,10,14,8,8,8,15,10,10,10,10,4,5,9,10,10,10,8,10,10,10,10,10,10,10,10,10,10,6,6,10,10,10,10,3,3,3,3,16,3,3,16,17,17,17,17,17,17,17,17","0.00964903831481934","infomap","edit-xhwikibooks.graphml"
"0.62","0.19","0.19","0.37575552","1,2,1,1,1,3,1,3,4,5,6,7,8,3,4,9,5,6,10,7,2,11,8,8,12,13,14,9,15,5,6,10,7,7,16,17,18,18,2,2,2,2,11,11,11,11,2,11,11,11,2,2,2,2,2,11,11,11,11,2,8,2,2,8,12,2,2,2,2,2,11,2,13,13,2,2,2,2,2,2,2,14,9,9,9,15,2,2,2,2,5,6,10,2,2,2,9,2,2,2,2,2,2,2,2,2,2,7,7,2,2,2,2,17,17,16,16,17,16,16,17,18,18,18,18,18,18,18,18","0.00781702995300293","infomap","edit-xhwikibooks.graphml"
"0.61","0.2","0.19","0.380925548743293","1,2,1,1,1,3,1,2,3,4,5,6,7,2,3,8,4,5,5,6,9,10,7,7,11,12,13,8,2,4,5,5,6,6,14,15,16,3,9,9,9,9,10,10,10,10,9,10,10,10,9,9,9,9,9,10,10,10,10,9,17,9,9,7,11,9,9,9,9,9,10,9,12,12,9,9,9,9,9,9,9,13,8,8,8,18,9,9,9,9,19,20,21,9,9,9,8,9,9,9,9,9,9,9,9,9,9,6,6,9,9,9,9,15,15,15,15,15,14,14,14,16,16,16,16,16,16,16,16","0.00743699073791504","infomap","edit-xhwikibooks.graphml"
"0.6","0.21","0.19","0.383475597030884","1,2,1,1,1,2,1,2,3,4,5,6,7,2,3,8,4,5,5,6,9,10,7,7,11,12,13,8,2,4,5,5,6,6,14,15,16,16,9,9,9,9,10,10,10,10,9,10,10,10,9,9,9,9,9,10,10,10,10,9,17,9,9,7,11,9,9,9,9,9,10,9,12,12,9,9,9,9,9,9,9,13,8,8,8,18,9,9,9,9,19,20,21,9,9,9,8,9,9,9,9,9,9,9,9,9,9,6,6,9,9,9,9,15,14,14,14,15,15,15,14,16,16,16,16,16,16,16,16","0.00572705268859863","infomap","edit-xhwikibooks.graphml"
"0.59","0.22","0.19","0.382004436669252","1,2,1,1,1,3,1,3,4,5,6,7,8,3,4,9,5,6,6,7,10,2,8,8,11,12,13,9,2,5,6,6,7,7,14,15,16,4,10,10,10,10,2,2,2,2,10,2,2,2,10,10,10,10,10,2,2,2,2,10,17,10,10,8,11,10,10,10,10,10,2,10,12,12,10,10,10,10,10,10,10,13,9,9,9,18,10,10,10,10,19,20,21,10,10,10,9,10,10,10,10,10,10,10,10,10,10,7,7,10,10,10,10,15,15,15,14,15,15,14,15,16,16,16,16,16,16,16,16","0.00664806365966797","infomap","edit-xhwikibooks.graphml"
"0.58","0.23","0.19","0.385851646949545","1,2,1,1,1,3,1,3,3,4,5,6,7,3,3,8,4,5,5,6,9,2,7,7,10,11,12,8,2,4,5,5,6,6,13,14,15,3,9,9,9,9,2,2,2,2,9,2,2,2,9,9,9,9,9,2,2,2,2,9,16,9,9,7,10,9,9,9,9,9,2,9,11,11,9,9,9,9,9,9,9,12,8,8,8,17,9,9,9,9,18,19,20,9,9,9,8,9,9,9,9,9,9,9,9,9,9,6,6,9,9,9,9,13,14,14,14,14,14,13,13,15,15,15,15,15,15,15,15","0.00640606880187988","infomap","edit-xhwikibooks.graphml"
"0.57","0.24","0.19","0.381655894121268","1,2,1,1,1,3,1,3,4,5,6,7,8,3,4,9,5,6,6,7,2,10,8,8,11,12,13,9,2,5,6,6,7,7,14,15,4,4,2,2,2,2,10,10,10,10,2,10,10,10,2,2,2,2,2,10,10,10,10,2,16,2,2,8,11,2,2,2,2,2,10,2,12,12,2,2,2,2,2,2,2,13,9,9,9,17,2,2,2,2,18,19,20,2,2,2,9,2,2,2,2,2,2,2,2,2,2,7,7,2,2,2,2,15,15,14,15,15,15,14,14,4,4,4,4,4,4,4,4","0.00691413879394531","infomap","edit-xhwikibooks.graphml"
"0.56","0.25","0.19","0.392479424152541","1,2,1,1,1,2,1,2,3,4,5,6,7,2,3,8,4,5,5,6,9,10,7,7,11,12,13,8,2,4,5,5,6,6,14,15,16,16,9,9,9,9,10,10,10,10,9,10,10,10,9,9,9,9,9,10,10,10,10,9,17,9,9,7,11,9,9,9,9,9,10,9,12,12,9,9,9,9,9,9,9,13,8,8,8,18,9,9,9,9,19,20,21,9,9,9,8,9,9,9,9,9,9,9,9,9,9,6,6,9,9,9,9,14,14,14,14,14,14,15,15,16,16,16,16,16,16,16,16","0.00654792785644531","infomap","edit-xhwikibooks.graphml"
"0.55","0.26","0.19","0.397763718696708","1,2,1,1,1,2,1,2,3,4,5,6,7,2,3,8,4,5,5,6,9,10,7,7,11,12,13,8,2,4,5,5,6,6,14,15,3,3,9,9,9,9,10,10,10,10,9,10,10,10,9,9,9,9,9,10,10,10,10,9,16,9,9,7,11,9,9,9,9,9,10,9,12,12,9,9,9,9,9,9,9,13,8,8,8,17,9,9,9,9,18,19,20,9,9,9,8,9,9,9,9,9,9,9,9,9,9,6,6,9,9,9,9,14,14,14,15,14,14,15,14,3,3,3,3,3,3,3,3","0.00677704811096191","infomap","edit-xhwikibooks.graphml"
"0.54","0.27","0.19","0.394878625220317","1,2,1,1,1,2,1,2,2,3,4,5,6,2,7,8,3,4,4,5,9,10,6,6,11,12,13,8,2,3,4,4,5,5,14,15,7,7,9,9,9,9,10,10,10,10,9,10,10,10,9,9,9,9,9,10,10,10,10,9,16,9,9,6,11,9,9,9,9,9,10,9,12,12,9,9,9,9,9,9,9,13,8,8,8,17,9,9,9,9,18,19,20,9,9,9,8,9,9,9,9,9,9,9,9,9,9,5,5,9,9,9,9,15,15,15,15,15,14,14,14,7,7,7,7,7,7,7,7","0.00611591339111328","infomap","edit-xhwikibooks.graphml"
"0.53","0.28","0.19","0.392231880585691","1,2,1,1,1,2,1,2,3,4,5,6,7,2,3,8,4,5,5,6,9,10,7,7,11,12,13,8,2,4,5,5,6,6,14,15,16,3,9,9,9,9,10,10,10,10,9,10,10,10,9,9,9,9,9,10,10,10,10,9,17,9,9,7,11,9,9,9,9,9,10,9,12,12,9,9,9,9,9,9,9,13,8,8,8,18,9,9,9,9,19,20,21,9,9,9,8,9,9,9,9,9,9,9,9,9,9,6,6,9,9,9,9,15,15,15,15,15,15,14,14,16,16,16,16,16,16,16,16","0.00767207145690918","infomap","edit-xhwikibooks.graphml"
"0.52","0.29","0.19","0.366317833951762","1,2,1,1,1,3,1,3,4,5,6,7,8,3,4,9,5,6,6,7,2,10,8,8,4,11,12,9,2,5,6,6,7,7,13,14,15,4,2,2,2,2,10,10,10,10,2,10,10,10,2,2,2,2,2,10,10,10,10,2,16,2,2,8,4,2,2,2,2,2,10,2,11,11,2,2,2,2,2,2,2,12,9,9,9,17,2,2,2,2,18,19,20,2,2,2,9,2,2,2,2,2,2,2,2,2,2,7,7,2,2,2,2,14,14,13,13,14,13,13,13,15,15,15,15,15,15,15,15","0.00664901733398438","infomap","edit-xhwikibooks.graphml"
"0.51","0.3","0.19","0.374904449563817","1,2,1,1,1,2,1,2,3,4,5,6,7,2,3,8,4,5,5,6,9,10,7,7,11,12,13,8,2,4,5,5,6,6,14,15,16,3,9,9,9,9,10,10,10,10,9,10,10,10,9,9,9,9,9,10,10,10,10,9,17,9,9,7,11,9,9,9,9,9,10,9,12,12,9,9,9,9,9,9,9,13,8,8,8,18,9,9,9,9,19,20,21,9,9,9,8,9,9,9,9,9,9,9,9,9,9,6,6,9,9,9,9,14,14,15,14,14,14,14,15,16,16,16,16,16,16,16,16","0.00654697418212891","infomap","edit-xhwikibooks.graphml"
"0.5","0.31","0.19","0.353317675767954","1,2,1,1,1,3,1,3,4,5,6,7,8,3,4,9,5,6,6,7,10,2,8,8,11,12,13,9,2,5,6,6,7,7,14,15,16,4,10,10,10,10,2,2,2,2,10,2,2,2,10,10,10,10,10,2,2,2,2,10,17,10,10,8,11,10,10,10,10,10,2,10,12,12,10,10,10,10,10,10,10,13,9,9,9,18,10,10,10,10,19,20,21,10,10,10,9,10,10,10,10,10,10,10,10,10,10,7,7,10,10,10,10,14,14,15,14,14,15,14,15,4,4,4,16,4,4,4,4","0.00681304931640625","infomap","edit-xhwikibooks.graphml"
"0.49","0.32","0.19","0.376144753771913","1,2,1,1,1,2,1,2,3,4,5,6,7,2,3,8,4,5,5,6,9,10,7,7,11,12,13,8,2,4,5,5,6,6,14,15,16,3,9,9,9,9,10,10,10,10,9,10,10,10,9,9,9,9,9,10,10,10,10,9,17,9,9,7,11,9,9,9,9,9,10,9,12,12,9,9,9,9,9,9,9,13,8,8,8,18,9,9,9,9,19,20,21,9,9,9,8,9,9,9,9,9,9,9,9,9,9,6,6,9,9,9,9,15,14,15,14,14,14,14,14,16,16,16,16,16,16,16,16","0.00563812255859375","infomap","edit-xhwikibooks.graphml"
"0.48","0.33","0.19","0.375253483522592","1,2,1,1,1,2,1,2,2,3,4,5,6,2,7,8,3,4,4,5,9,10,6,6,11,12,13,8,2,3,4,4,5,5,14,7,15,7,9,9,9,9,10,10,10,10,9,10,10,10,9,9,9,9,9,10,10,10,10,9,16,9,9,6,11,9,9,9,9,9,10,9,12,12,9,9,9,9,9,9,9,13,8,8,8,17,9,9,9,9,18,19,20,9,9,9,8,9,9,9,9,9,9,9,9,9,9,5,5,9,9,9,9,14,14,14,7,7,14,14,7,15,15,15,15,15,15,15,15","0.00672793388366699","infomap","edit-xhwikibooks.graphml"
"0.47","0.34","0.19","0.388732678256488","1,1,2,2,2,3,2,3,3,4,5,2,6,3,3,7,4,5,5,8,9,10,6,6,11,12,13,7,1,4,5,5,8,8,14,15,16,3,9,9,9,9,10,10,10,10,9,10,10,10,9,9,9,9,9,10,10,10,10,9,17,9,9,6,11,9,9,9,9,9,10,9,12,12,9,9,9,9,9,9,9,13,7,7,7,18,9,9,9,9,19,20,21,9,9,9,7,9,9,9,9,9,9,9,9,9,9,8,8,9,9,9,9,15,14,15,15,15,14,15,15,16,16,16,16,16,16,16,16","0.00745677947998047","infomap","edit-xhwikibooks.graphml"
"0.46","0.35","0.19","0.398537414965986","1,2,1,1,1,3,1,3,3,4,5,6,7,3,8,9,4,5,5,6,10,2,7,7,8,11,12,9,2,4,5,5,6,6,13,14,15,8,10,10,10,10,2,2,2,2,10,2,2,2,10,10,10,10,10,2,2,2,2,10,16,10,10,7,8,10,10,10,10,10,2,10,11,11,10,10,10,10,10,10,10,12,9,9,9,17,10,10,10,10,18,19,20,10,10,10,9,10,10,10,10,10,10,10,10,10,10,6,6,10,10,10,10,13,13,13,13,14,13,13,13,15,15,15,15,15,15,15,15","0.00864005088806152","infomap","edit-xhwikibooks.graphml"
"0.45","0.36","0.19","0.394925670771371","1,2,1,1,1,2,1,2,3,4,5,6,7,2,3,8,4,5,5,6,9,10,7,7,11,12,13,8,2,4,5,5,6,6,14,15,3,3,9,9,9,9,10,10,10,10,9,10,10,10,9,9,9,9,9,10,10,10,10,9,16,9,9,7,11,9,9,9,9,9,10,9,12,12,9,9,9,9,9,9,9,13,8,8,8,17,9,9,9,9,18,19,20,9,9,9,8,9,9,9,9,9,9,9,9,9,9,6,6,9,9,9,9,14,14,15,14,14,15,14,14,3,3,3,3,3,3,3,3","0.00837898254394531","infomap","edit-xhwikibooks.graphml"
"0.44","0.37","0.19","0.392739294584201","1,2,1,1,1,3,1,3,3,4,5,6,7,3,8,9,4,5,5,6,10,2,7,7,11,12,13,9,2,4,5,5,6,6,14,8,15,8,10,10,10,10,2,2,2,2,10,2,2,2,10,10,10,10,10,2,2,2,2,10,16,10,10,7,11,10,10,10,10,10,2,10,12,12,10,10,10,10,10,10,10,13,9,9,9,17,10,10,10,10,18,19,20,10,10,10,9,10,10,10,10,10,10,10,10,10,10,6,6,10,10,10,10,8,14,8,8,14,8,14,8,15,15,15,15,15,15,15,15","0.00861692428588867","infomap","edit-xhwikibooks.graphml"
"0.43","0.38","0.19","0.392249350493775","1,1,2,2,2,3,2,3,4,5,6,2,7,3,4,8,5,6,6,9,10,11,7,7,12,13,14,8,1,5,6,6,9,9,15,4,16,4,10,10,10,10,11,11,11,11,10,11,11,11,10,10,10,10,10,11,11,11,11,10,17,10,10,7,12,10,10,10,10,10,11,10,13,13,10,10,10,10,10,10,10,14,8,8,8,18,10,10,10,10,19,20,21,10,10,10,8,10,10,10,10,10,10,10,10,10,10,9,9,10,10,10,10,15,15,4,4,4,15,4,15,16,16,16,16,16,16,16,16","0.00663995742797852","infomap","edit-xhwikibooks.graphml"
"0.42","0.39","0.19","0.382757283448389","1,2,1,1,3,1,3,2,1,1,3,4,5,6,7,8,9,3,3,4,10,2,5,5,6,11,12,8,2,13,14,3,4,4,15,7,12,7,10,10,10,10,2,2,2,2,10,2,2,2,10,10,10,10,10,2,2,2,2,10,16,10,10,17,18,10,10,10,10,10,2,10,11,11,10,10,10,10,10,10,10,19,8,8,8,20,10,10,10,10,21,22,23,10,10,10,24,10,10,10,10,10,10,10,10,10,10,25,26,10,10,10,10,7,7,7,7,15,15,15,15,12,12,12,12,12,12,12,12","0.00446295738220215","infomap","edit-xhwikibooks.graphml"
"0.41","0.4","0.19","0.384877482963607","1,1,2,2,3,2,3,1,2,2,3,4,5,6,7,8,9,3,3,4,10,11,5,5,6,12,6,8,1,13,14,3,4,4,15,16,7,7,10,10,10,10,11,11,11,11,10,11,11,11,10,10,10,10,10,11,11,11,11,10,17,10,10,18,19,10,10,10,10,10,11,10,12,12,10,10,10,10,10,10,10,20,8,8,8,21,10,10,10,10,22,23,24,10,10,10,25,10,10,10,10,10,10,10,10,10,10,26,27,10,10,10,10,16,16,16,16,15,16,16,16,7,7,7,7,7,7,7,7","0.0060889720916748","infomap","edit-xhwikibooks.graphml"
"0.4","0.41","0.19","0.375385687649601","1,2,1,1,3,1,3,4,1,1,3,5,6,4,7,8,9,3,3,5,2,10,6,6,7,11,7,8,2,12,13,3,5,5,14,15,16,16,2,2,2,2,10,10,10,10,2,10,10,10,2,2,2,2,2,10,10,10,10,2,17,2,2,18,19,2,2,2,2,2,10,2,11,11,2,2,2,2,2,2,2,20,8,8,8,21,2,2,2,2,22,23,24,2,2,2,25,2,2,2,2,2,2,2,2,2,2,26,27,2,2,2,2,14,14,14,14,15,15,15,15,16,16,16,16,16,16,16,16","0.00528311729431152","infomap","edit-xhwikibooks.graphml"
"0.39","0.42","0.19","0.385520203659378","1,1,2,2,3,2,3,4,2,2,3,5,6,4,7,8,9,3,3,5,10,11,6,6,7,12,7,8,11,13,14,3,5,5,15,16,17,7,10,10,10,10,11,11,11,11,10,11,11,11,10,10,10,10,10,11,11,11,11,10,18,10,10,19,20,10,10,10,10,10,11,10,12,12,10,10,10,10,10,10,10,21,8,8,8,22,10,10,10,10,23,24,25,10,10,10,26,10,10,10,10,10,10,10,10,10,10,27,28,10,10,10,10,16,15,15,16,15,16,15,16,17,17,17,17,17,17,17,17","0.00461101531982422","infomap","edit-xhwikibooks.graphml"
"0.38","0.43","0.19","0.393596623834719","1,2,1,1,3,1,3,4,1,1,3,5,6,4,7,8,9,3,3,5,10,2,6,6,4,11,7,8,2,12,13,3,5,5,14,15,16,7,10,10,10,10,2,2,2,2,10,2,2,2,10,10,10,10,10,2,2,2,2,10,17,10,10,18,19,10,10,10,10,10,2,10,11,11,10,10,10,10,10,10,10,20,8,8,8,21,10,10,10,10,22,23,24,10,10,10,25,10,10,10,10,10,10,10,10,10,10,26,27,10,10,10,10,14,15,14,15,15,14,14,14,16,16,16,16,16,16,16,16","0.00452089309692383","infomap","edit-xhwikibooks.graphml"
"0.37","0.44","0.19","0.371634841182336","1,2,1,1,3,1,3,2,1,1,3,4,5,6,7,8,9,3,3,4,2,10,5,5,7,11,6,8,2,12,13,3,4,4,14,15,16,7,2,2,2,2,10,10,10,10,2,10,10,10,2,2,2,2,2,10,10,10,10,2,17,2,2,18,19,2,2,2,2,2,10,2,11,11,2,2,2,2,2,2,2,20,8,8,8,21,2,2,2,2,22,23,24,2,2,2,25,2,2,2,2,2,2,2,2,2,2,26,27,2,2,2,2,14,14,14,14,15,14,15,15,16,16,16,16,16,16,16,16","0.00520110130310059","infomap","edit-xhwikibooks.graphml"
"0.36","0.45","0.19","0.395294105902583","1,2,1,1,3,1,3,4,1,1,3,5,6,4,7,8,9,3,3,5,10,2,6,6,4,11,4,8,2,12,13,3,5,5,14,15,7,7,10,10,10,10,2,2,2,2,10,2,2,2,10,10,10,10,10,2,2,2,2,10,16,10,10,17,18,10,10,10,10,10,2,10,11,11,10,10,10,10,10,10,10,19,8,8,8,20,10,10,10,10,21,22,23,10,10,10,24,10,10,10,10,10,10,10,10,10,10,25,26,10,10,10,10,15,15,14,15,15,15,14,15,7,7,7,7,7,7,7,7","0.00451111793518066","infomap","edit-xhwikibooks.graphml"
"0.35","0.46","0.19","0.391020410194151","1,2,1,1,3,1,3,2,1,1,3,4,5,6,7,8,9,3,3,4,10,2,5,5,11,12,6,8,2,13,14,3,4,4,15,11,7,11,10,10,10,10,2,2,2,2,10,2,2,2,10,10,10,10,10,2,2,2,2,10,16,10,10,17,18,10,10,10,10,10,2,10,12,12,10,10,10,10,10,10,10,19,8,8,8,20,10,10,10,10,21,22,23,10,10,10,24,10,10,10,10,10,10,10,10,10,10,25,26,10,10,10,10,11,15,15,11,11,11,15,15,7,7,7,7,7,7,7,7","0.00537204742431641","infomap","edit-xhwikibooks.graphml"
"0.34","0.47","0.19","0.380429040858082","1,2,1,1,3,1,3,2,1,1,3,4,5,6,6,7,8,3,3,4,2,9,5,5,6,10,6,7,2,11,12,3,4,4,13,14,15,6,2,2,2,2,9,9,9,9,2,9,9,9,2,2,2,2,2,9,9,9,9,2,16,2,2,17,18,2,2,2,2,2,9,2,10,10,2,2,2,2,2,2,2,19,7,7,7,20,2,2,2,2,21,22,23,2,2,2,24,2,2,2,2,2,2,2,2,2,2,25,26,2,2,2,2,14,13,13,14,13,14,14,14,15,15,15,15,15,15,15,15","0.00430512428283691","infomap","edit-xhwikibooks.graphml"
"0.33","0.48","0.19","0.383996380681144","1,2,1,1,3,1,3,2,1,1,3,4,5,2,6,7,8,3,3,4,9,10,5,5,6,11,6,7,2,12,13,3,4,4,14,15,16,6,9,9,9,9,10,10,10,10,9,10,10,10,9,9,9,9,9,10,10,10,10,9,17,9,9,18,19,9,9,9,9,9,10,9,11,11,9,9,9,9,9,9,9,20,7,7,7,21,9,9,9,9,22,23,24,9,9,9,25,9,9,9,9,9,9,9,9,9,9,26,27,9,9,9,9,14,14,14,6,15,6,6,14,16,16,16,16,16,16,16,16","0.0052330493927002","infomap","edit-xhwikibooks.graphml"
"0.32","0.49","0.19","0.390998922115423","1,1,2,2,3,2,3,4,2,2,3,5,6,4,7,8,9,3,3,5,10,11,6,6,7,12,4,8,1,13,14,3,5,5,15,16,17,7,10,10,10,10,11,11,11,11,10,11,11,11,10,10,10,10,10,11,11,11,11,10,18,10,10,19,20,10,10,10,10,10,11,10,12,12,10,10,10,10,10,10,10,21,8,8,8,22,10,10,10,10,23,24,25,10,10,10,26,10,10,10,10,10,10,10,10,10,10,27,28,10,10,10,10,16,15,16,16,15,7,15,15,17,17,17,17,17,17,17,17","0.00529384613037109","infomap","edit-xhwikibooks.graphml"
"0.31","0.5","0.19","0.439891452709478","1,2,1,1,3,1,3,4,1,1,3,5,4,6,6,7,8,3,3,5,9,2,4,4,10,10,10,7,2,11,12,3,5,5,13,14,6,6,9,9,9,9,2,2,2,2,9,2,2,2,9,9,9,9,9,2,2,2,2,9,15,9,9,16,17,9,9,9,9,9,2,9,10,10,9,9,9,9,9,9,9,18,7,7,7,19,9,9,9,9,20,21,22,9,9,9,23,9,9,9,9,9,9,9,9,9,9,24,25,9,9,9,9,14,13,14,13,13,14,13,14,6,6,6,6,6,6,6,6","0.00546884536743164","infomap","edit-xhwikibooks.graphml"
"0.3","0.51","0.19","0.484412229575148","1,2,1,1,3,1,3,4,1,1,3,5,4,6,6,7,8,3,3,5,9,2,4,4,6,10,6,7,2,11,12,3,5,5,13,13,14,6,9,9,9,9,2,2,2,2,9,2,2,2,9,9,9,9,9,2,2,2,2,9,15,9,9,16,17,9,9,9,9,9,2,9,10,10,9,9,9,9,9,9,9,18,7,7,7,19,9,9,9,9,20,21,22,9,9,9,23,9,9,9,9,9,9,9,9,9,9,24,25,9,9,9,9,13,13,13,13,13,13,13,13,14,14,14,14,14,14,14,14","0.00538516044616699","infomap","edit-xhwikibooks.graphml"
"0.29","0.52","0.19","0.445498866873239","1,1,2,2,3,2,3,4,2,2,3,5,4,6,6,7,8,3,3,5,9,10,4,4,6,11,6,7,1,12,13,3,5,5,14,15,16,15,9,9,9,9,10,10,10,10,9,10,10,10,9,9,9,9,9,10,10,10,10,9,17,9,9,18,19,9,9,9,9,9,10,9,11,11,9,9,9,9,9,9,9,20,7,7,7,21,9,9,9,9,22,23,24,9,9,9,25,9,9,9,9,9,9,9,9,9,9,26,27,9,9,9,9,14,14,15,15,14,15,14,14,16,16,16,16,16,16,16,16","0.0062098503112793","infomap","edit-xhwikibooks.graphml"
"0.28","0.53","0.19","0.444046733294456","1,1,2,2,3,2,3,4,2,2,3,5,4,4,6,7,8,3,3,5,9,10,4,4,11,11,11,7,1,12,13,3,5,5,14,6,15,6,9,9,9,9,10,10,10,10,9,10,10,10,9,9,9,9,9,10,10,10,10,9,16,9,9,17,18,9,9,9,9,9,10,9,11,11,9,9,9,9,9,9,9,19,7,7,7,20,9,9,9,9,21,22,23,9,9,9,24,9,9,9,9,9,9,9,9,9,9,25,26,9,9,9,9,14,6,14,14,14,14,14,14,15,15,15,15,15,15,15,15","0.00469398498535156","infomap","edit-xhwikibooks.graphml"
"0.27","0.54","0.19","0.429651370015594","1,2,1,1,3,1,3,4,1,1,3,5,4,4,6,7,8,3,3,5,9,2,4,4,10,10,10,7,2,11,12,3,5,5,13,6,14,6,9,9,9,9,2,2,2,2,9,2,2,2,9,9,9,9,9,2,2,2,2,9,15,9,9,16,17,9,9,9,9,9,2,9,10,10,9,9,9,9,9,9,9,18,7,7,7,19,9,9,9,9,20,21,22,9,9,9,23,9,9,9,9,9,9,9,9,9,9,24,25,9,9,9,9,13,13,6,13,6,13,6,6,14,14,14,14,14,14,14,14","0.029583215713501","infomap","edit-xhwikibooks.graphml"
"0.26","0.55","0.19","0.429357832805098","1,1,2,2,3,2,3,4,2,2,3,5,4,4,6,7,8,3,3,5,9,10,4,4,11,11,11,7,10,12,13,3,5,5,14,6,15,6,9,9,9,9,10,10,10,10,9,10,10,10,9,9,9,9,9,10,10,10,10,9,16,9,9,17,18,9,9,9,9,9,10,9,11,11,9,9,9,9,9,9,9,19,7,7,7,20,9,9,9,9,21,22,23,9,9,9,24,9,9,9,9,9,9,9,9,9,9,25,26,9,9,9,9,6,6,6,6,14,14,14,14,15,15,15,15,15,15,15,15","0.00521302223205566","infomap","edit-xhwikibooks.graphml"
"0.25","0.56","0.19","0.424259652175065","1,2,1,1,3,1,3,4,1,1,3,5,4,4,6,7,8,3,3,5,2,9,4,4,6,10,6,7,2,11,12,3,5,5,13,14,15,6,2,2,2,2,9,9,9,9,2,9,9,9,2,2,2,2,2,9,9,9,9,2,16,2,2,17,18,2,2,2,2,2,9,2,10,10,2,2,2,2,2,2,2,19,7,7,7,20,2,2,2,2,21,22,23,2,2,2,24,2,2,2,2,2,2,2,2,2,2,25,26,2,2,2,2,13,14,14,14,14,13,13,13,15,15,15,15,15,15,15,15","0.00471878051757812","infomap","edit-xhwikibooks.graphml"
"0.24","0.57","0.19","0.472130589849108","1,2,1,1,3,1,3,4,1,1,3,5,4,4,6,7,8,3,3,5,9,2,4,4,6,10,6,7,2,11,12,3,5,5,13,13,14,6,9,9,9,9,2,2,2,2,9,2,2,2,9,9,9,9,9,2,2,2,2,9,15,9,9,16,17,9,9,9,9,9,2,9,10,10,9,9,9,9,9,9,9,18,7,7,7,19,9,9,9,9,20,21,22,9,9,9,23,9,9,9,9,9,9,9,9,9,9,24,25,9,9,9,9,13,13,13,13,13,13,13,13,14,14,14,14,14,14,14,14","0.00449895858764648","infomap","edit-xhwikibooks.graphml"
"0.23","0.58","0.19","0.428940621381399","1,2,1,3,4,3,5,6,3,3,5,7,6,6,8,3,9,10,5,11,12,2,13,6,8,8,8,3,2,14,15,16,11,17,18,19,20,8,12,12,12,12,2,2,2,2,12,2,2,2,12,12,12,12,12,2,2,2,2,12,21,12,12,22,23,12,12,12,12,12,2,12,24,25,12,12,12,12,12,12,12,26,27,28,29,30,12,12,12,12,31,32,33,12,12,12,34,12,12,12,12,12,12,12,12,12,12,35,36,12,12,12,12,18,19,18,19,18,18,18,19,20,20,20,20,20,20,20,20","0.00622892379760742","infomap","edit-xhwikibooks.graphml"
"0.22","0.59","0.19","0.412456679126143","1,2,1,3,4,3,5,6,3,3,5,7,6,6,8,3,9,10,5,11,2,12,13,6,8,8,8,3,2,14,15,16,11,17,18,19,20,19,2,2,2,2,12,12,12,12,2,12,12,12,2,2,2,2,2,12,12,12,12,2,21,2,2,22,23,2,2,2,2,2,12,2,24,25,2,2,2,2,2,2,2,26,27,28,29,30,2,2,2,2,31,32,33,2,2,2,34,2,2,2,2,2,2,2,2,2,2,35,36,2,2,2,2,18,19,18,18,18,18,19,19,20,20,20,20,20,20,20,20","0.00518798828125","infomap","edit-xhwikibooks.graphml"
"0.21","0.6","0.19","0.431566701836972","1,2,1,3,4,3,5,6,3,3,5,7,6,6,8,3,9,10,5,11,12,2,13,6,8,8,8,3,2,14,15,16,11,17,18,19,20,8,12,12,12,12,2,2,2,2,12,2,2,2,12,12,12,12,12,2,2,2,2,12,21,12,12,22,23,12,12,12,12,12,2,12,24,25,12,12,12,12,12,12,12,26,27,28,29,30,12,12,12,12,31,32,33,12,12,12,34,12,12,12,12,12,12,12,12,12,12,35,36,12,12,12,12,19,19,19,19,18,18,18,18,20,20,20,20,20,20,20,20","0.00493597984313965","infomap","edit-xhwikibooks.graphml"
"0.2","0.61","0.19","0.432495786869375","1,2,1,3,4,3,5,6,3,3,5,7,6,6,8,3,9,10,5,11,12,2,13,6,8,8,8,3,2,14,15,16,11,17,18,19,20,8,12,12,12,12,2,2,2,2,12,2,2,2,12,12,12,12,12,2,2,2,2,12,21,12,12,22,23,12,12,12,12,12,2,12,24,25,12,12,12,12,12,12,12,26,27,28,29,30,12,12,12,12,31,32,33,12,12,12,34,12,12,12,12,12,12,12,12,12,12,35,36,12,12,12,12,18,18,18,18,18,18,19,19,20,20,20,20,20,20,20,20","0.00574994087219238","infomap","edit-xhwikibooks.graphml"
"0.19","0.62","0.19","0.412065047894854","1,2,1,3,4,3,5,6,3,3,5,7,6,6,8,3,9,10,5,11,2,12,13,6,14,8,14,3,2,15,16,17,11,18,19,14,20,8,2,2,2,2,12,12,12,12,2,12,12,12,2,2,2,2,2,12,12,12,12,2,21,2,2,22,23,2,2,2,2,2,12,2,24,25,2,2,2,2,2,2,2,26,27,28,29,30,2,2,2,2,31,32,33,2,2,2,34,2,2,2,2,2,2,2,2,2,2,35,36,2,2,2,2,19,14,19,14,14,19,19,19,20,20,20,20,20,20,20,20","0.00439190864562988","infomap","edit-xhwikibooks.graphml"
"0.18","0.63","0.19","0.416637978327163","1,2,1,3,4,3,5,6,3,3,5,7,6,6,8,3,9,10,5,11,2,12,13,6,8,8,8,3,2,14,15,16,11,17,18,19,20,19,2,2,2,2,12,12,12,12,2,12,12,12,2,2,2,2,2,12,12,12,12,2,21,2,2,22,23,2,2,2,2,2,12,2,24,25,2,2,2,2,2,2,2,26,27,28,29,30,2,2,2,2,31,32,33,2,2,2,34,2,2,2,2,2,2,2,2,2,2,35,36,2,2,2,2,19,19,19,18,19,19,18,18,20,20,20,20,20,20,20,20","0.00584697723388672","infomap","edit-xhwikibooks.graphml"
"0.17","0.64","0.19","0.432255170008951","1,2,1,3,4,3,5,6,3,3,5,7,6,6,8,3,9,10,5,11,12,2,13,6,8,8,8,3,2,14,15,16,11,17,18,19,20,8,12,12,12,12,2,2,2,2,12,2,2,2,12,12,12,12,12,2,2,2,2,12,21,12,12,22,23,12,12,12,12,12,2,12,24,25,12,12,12,12,12,12,12,26,27,28,29,30,12,12,12,12,31,32,33,12,12,12,34,12,12,12,12,12,12,12,12,12,12,35,36,12,12,12,12,18,18,18,19,18,19,18,19,20,20,20,20,20,20,20,20","0.00406002998352051","infomap","edit-xhwikibooks.graphml"
"0.16","0.65","0.19","0.431749131944444","1,2,1,3,4,3,5,6,3,3,5,7,6,6,8,3,9,10,5,11,12,2,13,6,8,8,8,3,2,14,15,16,11,17,18,19,20,8,12,12,12,12,2,2,2,2,12,2,2,2,12,12,12,12,12,2,2,2,2,12,21,12,12,22,23,12,12,12,12,12,2,12,24,25,12,12,12,12,12,12,12,26,27,28,29,30,12,12,12,12,31,32,33,12,12,12,34,12,12,12,12,12,12,12,12,12,12,35,36,12,12,12,12,18,19,18,19,18,19,19,19,20,20,20,20,20,20,20,20","0.00533199310302734","infomap","edit-xhwikibooks.graphml"
"0.15","0.66","0.19","0.431815564767574","1,2,1,3,4,3,5,6,3,3,5,7,6,6,8,3,9,10,5,11,12,2,13,6,8,8,8,3,2,14,15,16,11,17,18,19,20,8,12,12,12,12,2,2,2,2,12,2,2,2,12,12,12,12,12,2,2,2,2,12,21,12,12,22,23,12,12,12,12,12,2,12,24,25,12,12,12,12,12,12,12,26,27,28,29,30,12,12,12,12,31,32,33,12,12,12,34,12,12,12,12,12,12,12,12,12,12,35,36,12,12,12,12,18,19,19,18,19,19,18,19,20,20,20,20,20,20,20,20","0.00490307807922363","infomap","edit-xhwikibooks.graphml"
"0.14","0.67","0.19","0.431251081314879","1,2,1,3,4,3,5,6,3,3,5,7,6,6,8,3,9,10,5,11,2,12,13,6,8,8,8,3,2,14,15,16,11,17,18,19,20,8,2,2,2,2,12,12,12,12,2,12,12,12,2,2,2,2,2,12,12,12,12,2,21,2,2,22,23,2,2,2,2,2,12,2,24,25,2,2,2,2,2,2,2,26,27,28,29,30,2,2,2,2,31,32,33,2,2,2,34,2,2,2,2,2,2,2,2,2,2,35,36,2,2,2,2,18,19,18,19,18,19,18,19,20,20,20,20,20,20,20,20","0.00500297546386719","infomap","edit-xhwikibooks.graphml"
"0.13","0.68","0.19","0.431251081314879","1,2,1,3,4,3,5,6,3,3,5,7,6,6,8,3,9,10,5,11,2,12,13,6,8,8,8,3,2,14,15,16,11,17,18,19,20,8,2,2,2,2,12,12,12,12,2,12,12,12,2,2,2,2,2,12,12,12,12,2,21,2,2,22,23,2,2,2,2,2,12,2,24,25,2,2,2,2,2,2,2,26,27,28,29,30,2,2,2,2,31,32,33,2,2,2,34,2,2,2,2,2,2,2,2,2,2,35,36,2,2,2,2,19,18,19,18,18,19,19,18,20,20,20,20,20,20,20,20","0.00526285171508789","infomap","edit-xhwikibooks.graphml"
"0.12","0.69","0.19","0.445932279773418","1,2,1,3,4,3,5,6,3,3,5,7,6,6,8,3,9,10,5,11,12,2,13,6,8,8,8,3,2,14,15,16,11,17,18,19,20,8,12,12,12,12,2,2,2,2,12,2,2,2,12,12,12,12,12,2,2,2,2,12,21,12,12,22,23,12,12,12,12,12,2,12,24,25,12,12,12,12,12,12,12,26,27,28,29,30,12,12,12,12,31,32,33,12,12,12,34,12,12,12,12,12,12,12,12,12,12,35,36,12,12,12,12,19,18,18,19,18,18,19,19,20,20,20,20,20,20,20,20","0.00420093536376953","infomap","edit-xhwikibooks.graphml"
"0.11","0.7","0.19","0.431181147185727","1,2,1,3,4,3,5,6,3,3,5,7,6,6,8,3,9,10,5,11,2,12,13,6,8,8,8,3,2,14,15,16,11,17,18,19,20,18,2,2,2,2,12,12,12,12,2,12,12,12,2,2,2,2,2,12,12,12,12,2,21,2,2,22,23,2,2,2,2,2,12,2,24,25,2,2,2,2,2,2,2,26,27,28,29,30,2,2,2,2,31,32,33,2,2,2,34,2,2,2,2,2,2,2,2,2,2,35,36,2,2,2,2,18,19,18,18,19,19,18,19,20,20,20,20,20,20,20,20","0.00503706932067871","infomap","edit-xhwikibooks.graphml"
"0.1","0.71","0.19","0.447732217645187","1,2,1,3,4,3,5,6,3,3,5,7,6,6,8,3,9,10,5,11,12,2,13,6,8,8,8,3,2,14,15,16,11,17,18,19,20,8,12,12,12,12,2,2,2,2,12,2,2,2,12,12,12,12,12,2,2,2,2,12,21,12,12,22,23,12,12,12,12,12,2,12,24,25,12,12,12,12,12,12,12,26,27,28,29,30,12,12,12,12,31,32,33,12,12,12,34,12,12,12,12,12,12,12,12,12,12,35,36,12,12,12,12,19,19,19,18,18,18,19,18,20,20,20,20,20,20,20,20","0.00434494018554688","infomap","edit-xhwikibooks.graphml"
"0.09","0.72","0.19","0.43504134073901","1,2,1,3,4,3,5,6,3,3,5,7,6,6,8,3,9,10,5,11,2,12,13,6,8,8,8,3,2,14,15,16,11,17,18,19,20,8,2,2,2,2,12,12,12,12,2,12,12,12,2,2,2,2,2,12,12,12,12,2,21,2,2,22,23,2,2,2,2,2,12,2,24,25,2,2,2,2,2,2,2,26,27,28,29,30,2,2,2,2,31,32,33,2,2,2,34,2,2,2,2,2,2,2,2,2,2,35,36,2,2,2,2,18,18,18,18,19,19,18,19,20,20,20,20,20,20,20,20","0.00405311584472656","infomap","edit-xhwikibooks.graphml"
"0.08","0.73","0.19","0.435874499846106","1,2,1,3,4,3,5,6,3,3,5,7,6,6,8,3,9,10,5,11,2,12,13,6,8,8,8,3,2,14,15,16,11,17,18,19,20,8,2,2,2,2,12,12,12,12,2,12,12,12,2,2,2,2,2,12,12,12,12,2,21,2,2,22,23,2,2,2,2,2,12,2,24,25,2,2,2,2,2,2,2,26,27,28,29,30,2,2,2,2,31,32,33,2,2,2,34,2,2,2,2,2,2,2,2,2,2,35,36,2,2,2,2,18,19,18,18,19,18,18,19,20,20,20,20,20,20,20,20","0.00510501861572266","infomap","edit-xhwikibooks.graphml"
"0.07","0.74","0.19","0.450111786532608","1,2,1,3,4,3,5,6,3,3,5,7,6,6,8,3,9,10,5,11,12,2,13,6,8,8,8,3,2,14,15,16,11,17,18,19,20,8,12,12,12,12,2,2,2,2,12,2,2,2,12,12,12,12,12,2,2,2,2,12,21,12,12,22,23,12,12,12,12,12,2,12,24,25,12,12,12,12,12,12,12,26,27,28,29,30,12,12,12,12,31,32,33,12,12,12,34,12,12,12,12,12,12,12,12,12,12,35,36,12,12,12,12,19,18,18,19,18,19,19,18,20,20,20,20,20,20,20,20","0.00488901138305664","infomap","edit-xhwikibooks.graphml"
"0.06","0.75","0.19","0.45803474851271","1,2,1,3,4,3,5,6,3,3,5,7,6,6,8,3,9,10,5,11,12,2,13,6,8,8,8,3,2,14,15,16,11,17,18,8,19,8,12,12,12,12,2,2,2,2,12,2,2,2,12,12,12,12,12,2,2,2,2,12,20,12,12,21,22,12,12,12,12,12,2,12,23,24,12,12,12,12,12,12,12,25,26,27,28,29,12,12,12,12,30,31,32,12,12,12,33,12,12,12,12,12,12,12,12,12,12,34,35,12,12,12,12,18,8,18,18,8,18,18,18,19,19,19,19,19,19,19,19","0.0053250789642334","infomap","edit-xhwikibooks.graphml"
"0.05","0.76","0.19","0.438438007030828","1,2,1,3,4,3,5,6,3,3,5,7,6,6,8,3,9,10,5,11,2,12,13,6,8,8,8,3,2,14,15,16,11,17,18,19,20,8,2,2,2,2,12,12,12,12,2,12,12,12,2,2,2,2,2,12,12,12,12,2,21,2,2,22,23,2,2,2,2,2,12,2,24,25,2,2,2,2,2,2,2,26,27,28,29,30,2,2,2,2,31,32,33,2,2,2,34,2,2,2,2,2,2,2,2,2,2,35,36,2,2,2,2,18,18,19,19,19,19,18,18,20,20,20,20,20,20,20,20","0.00499916076660156","infomap","edit-xhwikibooks.graphml"
"0.04","0.77","0.19","0.452375050056254","1,2,1,3,4,3,5,6,3,3,7,8,6,6,9,3,10,11,9,12,13,2,14,6,9,9,9,3,2,15,16,17,18,19,9,20,21,9,13,13,13,13,2,2,2,2,13,2,2,2,13,13,13,13,13,2,2,2,2,13,22,13,13,23,24,13,13,13,13,13,2,13,25,26,13,13,13,13,13,13,13,27,28,29,30,31,13,13,13,13,32,33,34,13,13,13,35,13,13,13,13,13,13,13,13,13,13,36,37,13,13,13,13,20,20,20,20,20,20,9,9,21,21,21,21,21,21,21,21","0.00420284271240234","infomap","edit-xhwikibooks.graphml"
"0.03","0.78","0.19","0.438826927116152","1,2,1,3,4,3,5,6,3,3,7,8,6,6,9,3,10,11,12,13,2,14,15,6,6,6,6,3,2,16,17,18,19,20,9,12,21,9,2,2,2,2,14,14,14,14,2,14,14,14,2,2,2,2,2,14,14,14,14,2,22,2,2,23,24,2,2,2,2,2,14,2,25,26,2,2,2,2,2,2,2,27,28,29,30,31,2,2,2,2,32,33,34,2,2,2,35,2,2,2,2,2,2,2,2,2,2,36,37,2,2,2,2,12,12,12,12,12,12,12,9,21,21,21,21,21,21,21,21","0.00598692893981934","infomap","edit-xhwikibooks.graphml"
"0.02","0.79","0.19","0.437522579290065","1,2,1,3,4,3,5,6,3,3,7,8,6,6,9,3,10,11,12,13,2,14,15,6,9,9,9,3,2,16,17,18,19,20,9,12,21,9,2,2,2,2,14,14,14,14,2,14,14,14,2,2,2,2,2,14,14,14,14,2,22,2,2,23,24,2,2,2,2,2,14,2,25,26,2,2,2,2,2,2,2,27,28,29,30,31,2,2,2,2,32,33,34,2,2,2,35,2,2,2,2,2,2,2,2,2,2,36,37,2,2,2,2,9,9,9,12,12,9,12,12,21,21,21,21,21,21,21,21","0.00479793548583984","infomap","edit-xhwikibooks.graphml"
"0.01","0.8","0.19","0.457466855735254","1,2,1,3,4,3,5,6,3,3,7,8,6,6,9,3,10,11,12,13,14,2,15,6,9,9,9,3,2,16,17,18,19,20,21,12,22,9,14,14,14,14,2,2,2,2,14,2,2,2,14,14,14,14,14,2,2,2,2,14,23,14,14,24,25,14,14,14,14,14,2,14,26,27,14,14,14,14,14,14,14,28,29,30,31,32,14,14,14,14,33,34,35,14,14,14,36,14,14,14,14,14,14,14,14,14,14,37,38,14,14,14,14,12,12,12,21,12,21,12,12,22,22,22,22,22,22,22,22","0.00493192672729492","infomap","edit-xhwikibooks.graphml"
"0","0.81","0.19","0.459330612244898","1,2,1,3,1,3,4,5,3,3,6,7,5,5,8,3,9,10,11,12,13,2,14,5,8,8,8,3,1,15,16,17,18,19,11,20,21,8,13,13,13,13,2,2,2,2,13,2,2,2,13,13,13,13,13,2,2,2,2,13,22,13,13,23,24,13,13,13,13,13,2,13,25,26,13,13,13,13,13,13,13,27,28,29,30,31,13,13,13,13,32,33,34,13,13,13,35,13,13,13,13,13,13,13,13,13,13,36,37,13,13,13,13,11,11,20,20,20,11,20,20,21,21,21,21,21,21,21,21","0.00514507293701172","infomap","edit-xhwikibooks.graphml"
"0.8","0","0.2","0.36321529355775","1,2,1,1,1,3,1,2,4,5,6,7,8,9,4,3,5,6,10,7,11,12,8,13,14,15,9,16,17,5,6,18,7,7,10,4,19,4,11,11,11,11,12,12,12,12,11,12,12,12,11,11,11,11,11,12,12,12,12,11,8,11,11,13,14,11,11,11,11,11,12,11,15,15,11,11,11,11,11,11,11,9,16,16,16,17,11,11,11,11,5,6,18,11,11,11,3,11,11,11,11,11,11,11,11,11,11,7,7,11,11,11,11,4,10,4,10,4,10,10,10,19,19,19,19,19,19,19,19","0.0112290382385254","infomap","edit-xhwikibooks.graphml"
"0.79","0.01","0.2","0.356578282828283","1,2,1,1,1,3,1,3,3,4,5,1,6,3,7,8,4,5,9,10,11,2,6,6,12,13,14,8,15,4,5,9,10,10,16,17,18,7,11,11,11,11,2,2,2,2,11,2,2,2,11,11,11,11,11,2,2,2,2,11,6,11,11,6,12,11,11,11,11,11,2,11,13,13,11,11,11,11,11,11,11,14,8,8,8,15,11,11,11,11,4,5,9,11,11,11,8,11,11,11,11,11,11,11,11,11,11,10,10,11,11,11,11,16,17,17,16,17,17,16,17,18,18,18,18,18,18,18,18","0.0100109577178955","infomap","edit-xhwikibooks.graphml"
"0.78","0.02","0.2","0.354780762167126","1,2,1,1,1,3,1,2,3,4,5,1,6,2,3,7,4,5,8,9,10,11,6,6,12,13,14,7,15,4,5,8,9,9,16,17,18,3,10,10,10,10,11,11,11,11,10,11,11,11,10,10,10,10,10,11,11,11,11,10,6,10,10,6,12,10,10,10,10,10,11,10,13,13,10,10,10,10,10,10,10,14,7,7,7,15,10,10,10,10,4,5,8,10,10,10,7,10,10,10,10,10,10,10,10,10,10,9,9,10,10,10,10,17,17,17,17,16,17,17,16,18,18,18,18,18,18,18,18","0.00805211067199707","infomap","edit-xhwikibooks.graphml"
"0.77","0.03","0.2","0.349564337717803","1,2,1,1,1,3,1,3,4,5,6,1,7,3,4,8,5,6,9,10,2,11,7,7,12,13,14,8,15,5,6,9,10,10,16,17,18,4,2,2,2,2,11,11,11,11,2,11,11,11,2,2,2,2,2,11,11,11,11,2,7,2,2,7,12,2,2,2,2,2,11,2,13,13,2,2,2,2,2,2,2,14,8,8,8,15,2,2,2,2,5,6,9,2,2,2,8,2,2,2,2,2,2,2,2,2,2,10,10,2,2,2,2,17,16,17,16,17,17,17,17,18,18,18,18,18,18,18,18","0.00687980651855469","infomap","edit-xhwikibooks.graphml"
"0.76","0.04","0.2","0.35367377626619","1,2,1,1,1,2,1,2,2,3,4,1,5,6,7,8,3,4,9,10,11,12,5,5,13,14,6,8,15,3,4,9,10,10,7,16,17,6,11,11,11,11,12,12,12,12,11,12,12,12,11,11,11,11,11,12,12,12,12,11,5,11,11,5,13,11,11,11,11,11,12,11,14,14,11,11,11,11,11,11,11,6,8,8,8,15,11,11,11,11,3,4,9,11,11,11,8,11,11,11,11,11,11,11,11,11,11,10,10,11,11,11,11,7,16,7,7,16,16,7,16,17,17,17,17,17,17,17,17","0.00807785987854004","infomap","edit-xhwikibooks.graphml"
"0.75","0.05","0.2","0.347377260156443","1,2,1,1,1,3,1,3,4,5,6,1,7,3,4,8,5,6,9,10,2,11,7,7,12,13,4,8,14,5,6,9,10,10,15,16,17,17,2,2,2,2,11,11,11,11,2,11,11,11,2,2,2,2,2,11,11,11,11,2,7,2,2,7,12,2,2,2,2,2,11,2,13,13,2,2,2,2,2,2,2,4,8,8,8,14,2,2,2,2,5,6,9,2,2,2,8,2,2,2,2,2,2,2,2,2,2,10,10,2,2,2,2,16,16,16,16,16,16,16,15,17,17,17,17,17,17,17,17","0.00792694091796875","infomap","edit-xhwikibooks.graphml"
"0.74","0.06","0.2","0.361072827009611","1,2,1,1,1,2,1,2,3,4,5,1,6,2,3,7,4,5,8,9,10,11,6,6,2,12,13,7,14,4,5,8,9,9,15,16,17,3,10,10,10,10,11,11,11,11,10,11,11,11,10,10,10,10,10,11,11,11,11,10,6,10,10,6,2,10,10,10,10,10,11,10,12,12,10,10,10,10,10,10,10,13,7,7,7,14,10,10,10,10,4,5,8,10,10,10,7,10,10,10,10,10,10,10,10,10,10,9,9,10,10,10,10,15,15,15,16,16,15,15,15,17,17,17,17,17,17,17,17","0.00700712203979492","infomap","edit-xhwikibooks.graphml"
"0.73","0.07","0.2","0.360026525983407","1,2,1,1,1,2,1,2,3,4,5,1,6,2,3,7,4,5,8,9,10,11,6,6,12,13,14,7,15,4,5,8,9,9,16,3,17,3,10,10,10,10,11,11,11,11,10,11,11,11,10,10,10,10,10,11,11,11,11,10,6,10,10,6,12,10,10,10,10,10,11,10,13,13,10,10,10,10,10,10,10,14,7,7,7,15,10,10,10,10,4,5,8,10,10,10,7,10,10,10,10,10,10,10,10,10,10,9,9,10,10,10,10,16,3,16,16,16,16,16,3,17,17,17,17,17,17,17,17","0.00785398483276367","infomap","edit-xhwikibooks.graphml"
"0.72","0.08","0.2","0.360632666206997","1,2,1,1,1,3,1,3,3,4,5,1,6,3,7,8,4,5,9,10,11,2,6,6,12,13,14,8,15,4,5,9,10,10,16,17,7,7,11,11,11,11,2,2,2,2,11,2,2,2,11,11,11,11,11,2,2,2,2,11,6,11,11,6,12,11,11,11,11,11,2,11,13,13,11,11,11,11,11,11,11,14,8,8,8,15,11,11,11,11,4,5,9,11,11,11,8,11,11,11,11,11,11,11,11,11,11,10,10,11,11,11,11,16,17,17,17,17,17,16,16,7,7,7,7,7,7,7,7","0.00920295715332031","infomap","edit-xhwikibooks.graphml"
"0.71","0.09","0.2","0.360596981174741","1,2,1,1,1,2,1,2,3,4,5,1,6,3,3,7,4,5,8,9,10,11,6,6,12,13,3,7,14,4,5,8,9,9,15,16,17,3,10,10,10,10,11,11,11,11,10,11,11,11,10,10,10,10,10,11,11,11,11,10,6,10,10,6,12,10,10,10,10,10,11,10,13,13,10,10,10,10,10,10,10,3,7,7,7,14,10,10,10,10,4,5,8,10,10,10,7,10,10,10,10,10,10,10,10,10,10,9,9,10,10,10,10,15,16,15,15,15,15,16,16,17,17,17,17,17,17,17,17","0.00702500343322754","infomap","edit-xhwikibooks.graphml"
"0.7","0.1","0.2","0.362144802460118","1,2,1,1,1,2,1,2,2,3,4,1,5,2,6,7,3,4,8,9,10,11,5,5,6,12,13,7,14,3,4,8,9,9,15,16,17,6,10,10,10,10,11,11,11,11,10,11,11,11,10,10,10,10,10,11,11,11,11,10,5,10,10,5,6,10,10,10,10,10,11,10,12,12,10,10,10,10,10,10,10,13,7,7,7,14,10,10,10,10,3,4,8,10,10,10,7,10,10,10,10,10,10,10,10,10,10,9,9,10,10,10,10,16,15,15,16,16,16,16,15,17,17,17,17,17,17,17,17","0.0070350170135498","infomap","edit-xhwikibooks.graphml"
"0.69","0.11","0.2","0.360936098667308","1,2,1,1,1,2,1,2,2,3,4,1,5,2,6,7,3,4,8,9,10,11,5,5,12,13,14,7,15,3,4,8,9,9,16,6,17,6,10,10,10,10,11,11,11,11,10,11,11,11,10,10,10,10,10,11,11,11,11,10,5,10,10,5,12,10,10,10,10,10,11,10,13,13,10,10,10,10,10,10,10,14,7,7,7,15,10,10,10,10,3,4,8,10,10,10,7,10,10,10,10,10,10,10,10,10,10,9,9,10,10,10,10,16,16,6,6,16,6,6,16,17,17,17,17,17,17,17,17","0.00594902038574219","infomap","edit-xhwikibooks.graphml"
"0.68","0.12","0.2","0.366894121695143","1,2,1,1,1,3,1,4,3,5,6,1,7,4,3,8,5,6,9,10,11,2,7,7,3,12,13,8,14,5,6,9,10,10,15,16,17,3,11,11,11,11,2,2,2,2,11,2,2,2,11,11,11,11,11,2,2,2,2,11,7,11,11,7,3,11,11,11,11,11,2,11,12,12,11,11,11,11,11,11,11,13,8,8,8,14,11,11,11,11,5,6,9,11,11,11,8,11,11,11,11,11,11,11,11,11,11,10,10,11,11,11,11,15,15,15,16,16,16,16,15,17,17,17,17,17,17,17,17","0.0081329345703125","infomap","edit-xhwikibooks.graphml"
"0.67","0.13","0.2","0.362026063711294","1,2,1,1,1,3,1,2,3,4,5,1,6,2,3,7,4,5,8,9,10,11,6,6,12,13,14,7,15,4,5,8,9,9,16,17,18,3,10,10,10,10,11,11,11,11,10,11,11,11,10,10,10,10,10,11,11,11,11,10,6,10,10,6,12,10,10,10,10,10,11,10,13,13,10,10,10,10,10,10,10,14,7,7,7,15,10,10,10,10,4,5,8,10,10,10,7,10,10,10,10,10,10,10,10,10,10,9,9,10,10,10,10,16,16,16,16,17,16,17,17,18,18,18,18,18,18,18,18","0.00915098190307617","infomap","edit-xhwikibooks.graphml"
"0.66","0.14","0.2","0.361925818667855","1,2,1,1,1,3,1,2,3,4,5,1,6,2,3,7,4,5,8,9,10,11,6,6,12,13,14,7,15,4,5,8,9,9,16,17,18,3,10,10,10,10,11,11,11,11,10,11,11,11,10,10,10,10,10,11,11,11,11,10,6,10,10,6,12,10,10,10,10,10,11,10,13,13,10,10,10,10,10,10,10,14,7,7,7,15,10,10,10,10,4,5,8,10,10,10,7,10,10,10,10,10,10,10,10,10,10,9,9,10,10,10,10,16,16,16,16,17,16,17,16,18,18,18,18,18,18,18,18","0.00725984573364258","infomap","edit-xhwikibooks.graphml"
"0.65","0.15","0.2","0.367233054187301","1,1,2,2,2,3,2,3,3,4,5,2,6,3,7,8,4,5,9,10,11,12,6,6,13,14,15,8,16,4,5,9,10,10,17,7,18,7,11,11,11,11,12,12,12,12,11,12,12,12,11,11,11,11,11,12,12,12,12,11,6,11,11,6,13,11,11,11,11,11,12,11,14,14,11,11,11,11,11,11,11,15,8,8,8,16,11,11,11,11,4,5,9,11,11,11,8,11,11,11,11,11,11,11,11,11,11,10,10,11,11,11,11,7,17,17,17,17,17,17,17,18,18,18,18,18,18,18,18","0.00686097145080566","infomap","edit-xhwikibooks.graphml"
"0.64","0.16","0.2","0.368163511659808","1,2,1,1,1,2,1,2,2,3,4,1,5,2,6,7,3,4,8,9,10,11,5,5,12,13,14,7,15,3,4,8,9,9,16,6,17,6,10,10,10,10,11,11,11,11,10,11,11,11,10,10,10,10,10,11,11,11,11,10,5,10,10,5,12,10,10,10,10,10,11,10,13,13,10,10,10,10,10,10,10,14,7,7,7,15,10,10,10,10,3,4,8,10,10,10,7,10,10,10,10,10,10,10,10,10,10,9,9,10,10,10,10,16,6,6,16,6,6,6,16,17,17,17,17,17,17,17,17","0.0108461380004883","infomap","edit-xhwikibooks.graphml"
"0.63","0.17","0.2","0.36973549568105","1,2,1,1,1,3,1,3,3,4,5,1,6,3,7,8,4,5,9,10,11,2,6,6,12,13,14,8,15,4,5,9,10,10,16,7,17,7,11,11,11,11,2,2,2,2,11,2,2,2,11,11,11,11,11,2,2,2,2,11,6,11,11,6,12,11,11,11,11,11,2,11,13,13,11,11,11,11,11,11,11,14,8,8,8,15,11,11,11,11,4,5,9,11,11,11,8,11,11,11,11,11,11,11,11,11,11,10,10,11,11,11,11,16,7,7,16,16,16,16,16,17,17,17,17,17,17,17,17","0.00790309906005859","infomap","edit-xhwikibooks.graphml"
"0.62","0.18","0.2","0.366590375036273","1,1,2,2,2,3,2,3,4,5,6,2,7,3,4,8,5,6,9,10,11,12,7,7,13,14,15,8,16,5,6,9,10,10,17,18,19,4,11,11,11,11,12,12,12,12,11,12,12,12,11,11,11,11,11,12,12,12,12,11,7,11,11,7,13,11,11,11,11,11,12,11,14,14,11,11,11,11,11,11,11,15,8,8,8,16,11,11,11,11,5,6,9,11,11,11,8,11,11,11,11,11,11,11,11,11,11,10,10,11,11,11,11,17,18,17,18,18,18,18,18,19,19,19,19,19,19,19,19","0.00588512420654297","infomap","edit-xhwikibooks.graphml"
"0.61","0.19","0.2","0.365931814028768","1,2,1,1,1,3,1,3,4,5,6,1,7,3,4,8,5,6,9,10,11,2,7,7,12,13,14,8,15,5,6,9,10,10,16,17,18,18,11,11,11,11,2,2,2,2,11,2,2,2,11,11,11,11,11,2,2,2,2,11,7,11,11,7,12,11,11,11,11,11,2,11,13,13,11,11,11,11,11,11,11,14,8,8,8,15,11,11,11,11,5,6,9,11,11,11,8,11,11,11,11,11,11,11,11,11,11,10,10,11,11,11,11,17,17,16,16,16,17,17,16,18,18,18,18,18,18,18,18","0.0100448131561279","infomap","edit-xhwikibooks.graphml"
"0.6","0.2","0.2","0.366151600346021","1,2,1,1,1,3,1,2,3,4,5,1,6,2,3,7,4,5,8,9,10,11,6,6,12,13,14,7,15,4,5,8,9,9,16,17,18,18,10,10,10,10,11,11,11,11,10,11,11,11,10,10,10,10,10,11,11,11,11,10,6,10,10,6,12,10,10,10,10,10,11,10,13,13,10,10,10,10,10,10,10,14,7,7,7,15,10,10,10,10,4,5,8,10,10,10,7,10,10,10,10,10,10,10,10,10,10,9,9,10,10,10,10,16,17,16,17,16,16,17,16,18,18,18,18,18,18,18,18","0.00800895690917969","infomap","edit-xhwikibooks.graphml"
"0.59","0.21","0.2","0.361746491423479","1,2,1,1,1,3,1,3,4,5,6,1,7,3,4,8,5,6,6,9,10,2,7,7,11,12,13,8,2,5,6,6,9,9,14,15,16,16,10,10,10,10,2,2,2,2,10,2,2,2,10,10,10,10,10,2,2,2,2,10,17,10,10,7,11,10,10,10,10,10,2,10,12,12,10,10,10,10,10,10,10,13,8,8,8,18,10,10,10,10,19,20,21,10,10,10,8,10,10,10,10,10,10,10,10,10,10,9,9,10,10,10,10,15,15,14,14,15,14,14,15,16,16,16,16,16,16,16,16","0.00586700439453125","infomap","edit-xhwikibooks.graphml"
"0.58","0.22","0.2","0.358427266651816","1,2,1,1,1,2,1,2,3,4,5,1,6,2,3,7,4,5,5,8,9,10,6,6,11,12,13,7,10,4,5,5,8,8,14,15,16,15,9,9,9,9,10,10,10,10,9,10,10,10,9,9,9,9,9,10,10,10,10,9,17,9,9,6,11,9,9,9,9,9,10,9,12,12,9,9,9,9,9,9,9,13,7,7,7,18,9,9,9,9,19,20,21,9,9,9,7,9,9,9,9,9,9,9,9,9,9,8,8,9,9,9,9,14,15,15,14,15,15,14,14,16,16,16,16,16,16,16,16","0.0076911449432373","infomap","edit-xhwikibooks.graphml"
"0.57","0.23","0.2","0.367573063327806","1,2,1,1,1,2,1,2,2,3,4,1,5,2,6,7,3,4,4,8,9,10,5,5,11,12,13,7,2,3,4,4,8,8,14,6,15,6,9,9,9,9,10,10,10,10,9,10,10,10,9,9,9,9,9,10,10,10,10,9,16,9,9,5,11,9,9,9,9,9,10,9,12,12,9,9,9,9,9,9,9,13,7,7,7,17,9,9,9,9,18,19,20,9,9,9,7,9,9,9,9,9,9,9,9,9,9,8,8,9,9,9,9,6,6,14,6,14,6,6,14,15,15,15,15,15,15,15,15","0.00855088233947754","infomap","edit-xhwikibooks.graphml"
"0.56","0.24","0.2","0.367342760788595","1,2,1,1,1,2,1,2,3,4,5,1,6,2,3,7,4,5,5,8,9,10,6,6,11,12,13,7,2,4,5,5,8,8,14,15,16,3,9,9,9,9,10,10,10,10,9,10,10,10,9,9,9,9,9,10,10,10,10,9,17,9,9,6,11,9,9,9,9,9,10,9,12,12,9,9,9,9,9,9,9,13,7,7,7,18,9,9,9,9,19,20,21,9,9,9,7,9,9,9,9,9,9,9,9,9,9,8,8,9,9,9,9,14,14,15,14,14,14,15,15,16,16,16,16,16,16,16,16","0.00861096382141113","infomap","edit-xhwikibooks.graphml"
"0.55","0.25","0.2","0.362115061651047","1,2,1,1,1,3,1,3,4,5,6,1,7,3,4,8,5,6,6,9,10,2,7,7,11,12,13,8,2,5,6,6,9,9,14,15,16,4,10,10,10,10,2,2,2,2,10,2,2,2,10,10,10,10,10,2,2,2,2,10,17,10,10,7,11,10,10,10,10,10,2,10,12,12,10,10,10,10,10,10,10,13,8,8,8,18,10,10,10,10,19,20,21,10,10,10,8,10,10,10,10,10,10,10,10,10,10,9,9,10,10,10,10,14,14,4,15,14,4,14,4,16,16,16,16,16,16,16,16","0.00952291488647461","infomap","edit-xhwikibooks.graphml"
"0.54","0.26","0.2","0.370554554868127","1,2,1,1,1,3,1,2,3,4,5,1,6,2,3,7,4,5,5,8,9,10,6,6,11,12,13,7,2,4,5,5,8,8,14,15,16,3,9,9,9,9,10,10,10,10,9,10,10,10,9,9,9,9,9,10,10,10,10,9,17,9,9,6,11,9,9,9,9,9,10,9,12,12,9,9,9,9,9,9,9,13,7,7,7,18,9,9,9,9,19,20,21,9,9,9,7,9,9,9,9,9,9,9,9,9,9,8,8,9,9,9,9,14,15,14,15,15,15,15,15,16,16,16,16,16,16,16,16","0.00586700439453125","infomap","edit-xhwikibooks.graphml"
"0.53","0.27","0.2","0.373582826690034","1,2,1,1,1,2,1,2,3,4,5,1,6,2,3,7,4,5,5,8,9,10,6,6,11,12,13,7,2,4,5,5,8,8,14,15,16,15,9,9,9,9,10,10,10,10,9,10,10,10,9,9,9,9,9,10,10,10,10,9,17,9,9,6,11,9,9,9,9,9,10,9,12,12,9,9,9,9,9,9,9,13,7,7,7,18,9,9,9,9,19,20,21,9,9,9,7,9,9,9,9,9,9,9,9,9,9,8,8,9,9,9,9,15,14,14,15,15,14,14,14,16,16,16,16,16,16,16,16","0.00775790214538574","infomap","edit-xhwikibooks.graphml"
"0.52","0.28","0.2","0.372809256055363","1,2,1,1,1,3,1,3,3,4,5,1,6,3,3,7,4,5,5,8,9,2,6,6,10,11,12,7,2,4,5,5,8,8,13,14,15,3,9,9,9,9,2,2,2,2,9,2,2,2,9,9,9,9,9,2,2,2,2,9,16,9,9,6,10,9,9,9,9,9,2,9,11,11,9,9,9,9,9,9,9,12,7,7,7,17,9,9,9,9,18,19,20,9,9,9,7,9,9,9,9,9,9,9,9,9,9,8,8,9,9,9,9,14,14,14,13,14,14,13,13,15,15,15,15,15,15,15,15","0.00511288642883301","infomap","edit-xhwikibooks.graphml"
"0.51","0.29","0.2","0.364040556926755","1,1,2,2,2,3,2,3,4,5,6,2,7,3,4,8,5,6,6,9,10,11,7,7,12,13,14,8,1,5,6,6,9,9,15,16,17,4,10,10,10,10,11,11,11,11,10,11,11,11,10,10,10,10,10,11,11,11,11,10,18,10,10,7,12,10,10,10,10,10,11,10,13,13,10,10,10,10,10,10,10,14,8,8,8,19,10,10,10,10,20,21,22,10,10,10,8,10,10,10,10,10,10,10,10,10,10,9,9,10,10,10,10,15,15,15,4,4,16,15,4,17,17,17,17,17,17,17,17","0.0057828426361084","infomap","edit-xhwikibooks.graphml"
"0.5","0.3","0.2","0.376008866232644","1,2,1,1,1,2,1,2,3,4,5,1,6,2,3,7,4,5,5,8,9,10,6,6,11,12,13,7,2,4,5,5,8,8,14,15,16,3,9,9,9,9,10,10,10,10,9,10,10,10,9,9,9,9,9,10,10,10,10,9,17,9,9,6,11,9,9,9,9,9,10,9,12,12,9,9,9,9,9,9,9,13,7,7,7,18,9,9,9,9,19,20,21,9,9,9,7,9,9,9,9,9,9,9,9,9,9,8,8,9,9,9,9,14,14,15,14,15,15,15,14,16,16,16,16,16,16,16,16","0.00759601593017578","infomap","edit-xhwikibooks.graphml"
"0.49","0.31","0.2","0.379465049074929","1,2,1,1,1,3,1,3,4,5,6,1,7,3,4,8,5,6,6,9,10,2,7,7,11,12,13,8,2,5,6,6,9,9,14,4,15,4,10,10,10,10,2,2,2,2,10,2,2,2,10,10,10,10,10,2,2,2,2,10,16,10,10,7,11,10,10,10,10,10,2,10,12,12,10,10,10,10,10,10,10,13,8,8,8,17,10,10,10,10,18,19,20,10,10,10,8,10,10,10,10,10,10,10,10,10,10,9,9,10,10,10,10,4,4,4,4,14,14,14,14,15,15,15,15,15,15,15,15","0.00771713256835938","infomap","edit-xhwikibooks.graphml"
"0.48","0.32","0.2","0.379856145772284","1,2,1,1,1,2,1,2,3,4,5,1,6,2,3,7,4,5,5,8,9,10,6,6,3,11,12,7,2,4,5,5,8,8,13,14,15,3,9,9,9,9,10,10,10,10,9,10,10,10,9,9,9,9,9,10,10,10,10,9,16,9,9,6,3,9,9,9,9,9,10,9,11,11,9,9,9,9,9,9,9,12,7,7,7,17,9,9,9,9,18,19,20,9,9,9,7,9,9,9,9,9,9,9,9,9,9,8,8,9,9,9,9,13,13,14,14,14,14,13,13,15,15,15,15,15,15,15,15","0.00482392311096191","infomap","edit-xhwikibooks.graphml"
"0.47","0.33","0.2","0.379154989610528","1,2,1,1,1,3,1,3,3,4,5,1,6,3,7,8,4,5,5,9,10,2,6,6,11,12,13,8,2,4,5,5,9,9,14,7,15,7,10,10,10,10,2,2,2,2,10,2,2,2,10,10,10,10,10,2,2,2,2,10,16,10,10,6,11,10,10,10,10,10,2,10,12,12,10,10,10,10,10,10,10,13,8,8,8,17,10,10,10,10,18,19,20,10,10,10,8,10,10,10,10,10,10,10,10,10,10,9,9,10,10,10,10,14,14,7,14,14,14,14,14,15,15,15,15,15,15,15,15","0.00775790214538574","infomap","edit-xhwikibooks.graphml"
"0.46","0.34","0.2","0.392940816326531","1,2,1,1,1,2,1,2,3,4,5,1,6,7,3,8,4,5,5,9,10,11,6,6,12,13,14,8,11,4,5,5,9,9,15,16,7,3,10,10,10,10,11,11,11,11,10,11,11,11,10,10,10,10,10,11,11,11,11,10,17,10,10,6,12,10,10,10,10,10,11,10,13,13,10,10,10,10,10,10,10,14,8,8,8,18,10,10,10,10,19,20,21,10,10,10,8,10,10,10,10,10,10,10,10,10,10,9,9,10,10,10,10,16,15,15,16,16,15,15,15,7,7,7,7,7,7,7,7","0.00686192512512207","infomap","edit-xhwikibooks.graphml"
"0.45","0.35","0.2","0.386804081632653","1,2,1,1,1,3,1,3,4,5,6,1,7,4,4,8,5,6,6,9,2,10,7,7,11,12,13,8,2,5,6,6,9,9,14,15,16,4,2,2,2,2,10,10,10,10,2,10,10,10,2,2,2,2,2,10,10,10,10,2,17,2,2,7,11,2,2,2,2,2,10,2,12,12,2,2,2,2,2,2,2,13,8,8,8,18,2,2,2,2,19,20,21,2,2,2,8,2,2,2,2,2,2,2,2,2,2,9,9,2,2,2,2,15,14,14,14,15,15,15,14,16,16,16,16,16,16,16,16","0.00857782363891602","infomap","edit-xhwikibooks.graphml"
"0.44","0.36","0.2","0.399554538961052","1,2,1,1,1,2,1,2,3,4,5,1,6,2,3,7,4,5,5,8,9,10,6,6,3,11,12,7,2,4,5,5,8,8,13,14,15,3,9,9,9,9,10,10,10,10,9,10,10,10,9,9,9,9,9,10,10,10,10,9,16,9,9,6,3,9,9,9,9,9,10,9,11,11,9,9,9,9,9,9,9,12,7,7,7,17,9,9,9,9,18,19,20,9,9,9,7,9,9,9,9,9,9,9,9,9,9,8,8,9,9,9,9,13,13,13,14,13,14,14,14,15,15,15,15,15,15,15,15","0.00759196281433105","infomap","edit-xhwikibooks.graphml"
"0.43","0.37","0.2","0.395688752526359","1,2,1,1,1,3,1,4,3,5,6,1,7,4,3,8,5,6,6,9,10,2,7,7,11,12,13,8,2,5,6,6,9,9,14,15,16,3,10,10,10,10,2,2,2,2,10,2,2,2,10,10,10,10,10,2,2,2,2,10,17,10,10,7,11,10,10,10,10,10,2,10,12,12,10,10,10,10,10,10,10,13,8,8,8,18,10,10,10,10,19,20,21,10,10,10,8,10,10,10,10,10,10,10,10,10,10,9,9,10,10,10,10,15,15,14,14,15,14,15,14,16,16,16,16,16,16,16,16","0.00659394264221191","infomap","edit-xhwikibooks.graphml"
"0.42","0.38","0.2","0.39644968019603","1,2,1,1,1,2,1,2,3,4,5,1,6,3,3,7,4,5,5,8,9,10,6,6,11,12,13,7,2,4,5,5,8,8,14,15,16,3,9,9,9,9,10,10,10,10,9,10,10,10,9,9,9,9,9,10,10,10,10,9,17,9,9,6,11,9,9,9,9,9,10,9,12,12,9,9,9,9,9,9,9,13,7,7,7,18,9,9,9,9,19,20,21,9,9,9,7,9,9,9,9,9,9,9,9,9,9,8,8,9,9,9,9,14,14,14,14,14,15,14,14,16,16,16,16,16,16,16,16","0.00594282150268555","infomap","edit-xhwikibooks.graphml"
"0.41","0.39","0.2","0.397019063145661","1,1,2,2,2,3,2,4,3,5,6,2,7,4,3,8,5,6,6,9,10,11,7,7,12,13,14,8,1,5,6,6,9,9,15,16,17,3,10,10,10,10,11,11,11,11,10,11,11,11,10,10,10,10,10,11,11,11,11,10,18,10,10,7,12,10,10,10,10,10,11,10,13,13,10,10,10,10,10,10,10,14,8,8,8,19,10,10,10,10,20,21,22,10,10,10,8,10,10,10,10,10,10,10,10,10,10,9,9,10,10,10,10,15,15,15,15,15,15,16,16,17,17,17,17,17,17,17,17","0.00770401954650879","infomap","edit-xhwikibooks.graphml"
"0.4","0.4","0.2","0.399228567027242","1,2,1,1,1,3,1,3,4,5,6,1,7,3,4,8,5,6,6,9,10,2,7,7,11,12,13,8,2,5,6,6,9,9,14,15,16,4,10,10,10,10,2,2,2,2,10,2,2,2,10,10,10,10,10,2,2,2,2,10,17,10,10,7,11,10,10,10,10,10,2,10,12,12,10,10,10,10,10,10,10,13,8,8,8,18,10,10,10,10,19,20,21,10,10,10,8,10,10,10,10,10,10,10,10,10,10,9,9,10,10,10,10,14,15,15,15,14,15,14,15,16,16,16,16,16,16,16,16","0.00585389137268066","infomap","edit-xhwikibooks.graphml"
"0.39","0.41","0.2","0.385606414053308","1,1,2,2,3,2,3,4,2,2,3,5,6,4,7,8,9,3,3,5,10,11,6,6,7,12,4,8,1,13,14,3,5,5,15,16,17,7,10,10,10,10,11,11,11,11,10,11,11,11,10,10,10,10,10,11,11,11,11,10,18,10,10,19,20,10,10,10,10,10,11,10,12,12,10,10,10,10,10,10,10,21,8,8,8,22,10,10,10,10,23,24,25,10,10,10,26,10,10,10,10,10,10,10,10,10,10,27,28,10,10,10,10,15,16,16,15,16,16,16,15,17,17,17,17,17,17,17,17","0.00435495376586914","infomap","edit-xhwikibooks.graphml"
"0.38","0.42","0.2","0.377563245467482","1,2,1,1,3,1,3,4,1,1,3,5,6,4,7,8,9,3,3,5,2,10,6,6,4,11,7,8,2,12,13,3,5,5,14,15,16,7,2,2,2,2,10,10,10,10,2,10,10,10,2,2,2,2,2,10,10,10,10,2,17,2,2,18,19,2,2,2,2,2,10,2,11,11,2,2,2,2,2,2,2,20,8,8,8,21,2,2,2,2,22,23,24,2,2,2,25,2,2,2,2,2,2,2,2,2,2,26,27,2,2,2,2,15,15,14,15,14,14,14,14,16,16,16,16,16,16,16,16","0.00707507133483887","infomap","edit-xhwikibooks.graphml"
"0.37","0.43","0.2","0.389706676444956","1,2,1,1,3,1,3,2,1,1,3,4,5,6,7,8,9,3,3,4,10,2,5,5,6,11,6,8,2,12,13,3,4,4,14,7,15,7,10,10,10,10,2,2,2,2,10,2,2,2,10,10,10,10,10,2,2,2,2,10,16,10,10,17,18,10,10,10,10,10,2,10,11,11,10,10,10,10,10,10,10,19,8,8,8,20,10,10,10,10,21,22,23,10,10,10,24,10,10,10,10,10,10,10,10,10,10,25,26,10,10,10,10,14,14,14,7,7,7,7,7,15,15,15,15,15,15,15,15","0.00457191467285156","infomap","edit-xhwikibooks.graphml"
"0.36","0.44","0.2","0.418535190674571","1,1,2,2,3,2,3,4,2,2,3,5,6,4,7,8,9,3,3,5,10,11,6,6,7,12,4,8,1,13,14,3,5,5,15,15,16,7,10,10,10,10,11,11,11,11,10,11,11,11,10,10,10,10,10,11,11,11,11,10,17,10,10,18,19,10,10,10,10,10,11,10,12,12,10,10,10,10,10,10,10,20,8,8,8,21,10,10,10,10,22,23,24,10,10,10,25,10,10,10,10,10,10,10,10,10,10,26,27,10,10,10,10,15,15,15,15,15,15,15,15,16,16,16,16,16,16,16,16","0.00698494911193848","infomap","edit-xhwikibooks.graphml"
"0.35","0.45","0.2","0.395935127227856","1,2,1,1,3,1,3,4,1,1,3,5,6,4,7,8,9,3,3,5,10,2,6,6,7,11,7,8,2,12,13,3,5,5,14,15,16,7,10,10,10,10,2,2,2,2,10,2,2,2,10,10,10,10,10,2,2,2,2,10,17,10,10,18,19,10,10,10,10,10,2,10,11,11,10,10,10,10,10,10,10,20,8,8,8,21,10,10,10,10,22,23,24,10,10,10,25,10,10,10,10,10,10,10,10,10,10,26,27,10,10,10,10,15,14,14,14,15,14,14,15,16,16,16,16,16,16,16,16","0.00520110130310059","infomap","edit-xhwikibooks.graphml"
"0.34","0.46","0.2","0.382375844751689","1,2,1,1,3,1,3,4,1,1,3,5,6,4,7,8,9,3,3,5,2,10,6,6,4,11,4,8,2,12,13,3,5,5,14,7,15,7,2,2,2,2,10,10,10,10,2,10,10,10,2,2,2,2,2,10,10,10,10,2,16,2,2,17,18,2,2,2,2,2,10,2,11,11,2,2,2,2,2,2,2,19,8,8,8,20,2,2,2,2,21,22,23,2,2,2,24,2,2,2,2,2,2,2,2,2,2,25,26,2,2,2,2,7,7,7,7,14,14,14,7,15,15,15,15,15,15,15,15","0.00473809242248535","infomap","edit-xhwikibooks.graphml"
"0.33","0.47","0.2","0.393945799216803","1,2,1,1,3,1,3,4,1,1,3,5,6,4,7,8,9,3,3,5,10,2,6,6,7,11,7,8,2,12,13,3,5,5,14,15,16,7,10,10,10,10,2,2,2,2,10,2,2,2,10,10,10,10,10,2,2,2,2,10,17,10,10,18,19,10,10,10,10,10,2,10,11,11,10,10,10,10,10,10,10,20,8,8,8,21,10,10,10,10,22,23,24,10,10,10,25,10,10,10,10,10,10,10,10,10,10,26,27,10,10,10,10,14,14,15,15,15,15,14,15,16,16,16,16,16,16,16,16","0.00536489486694336","infomap","edit-xhwikibooks.graphml"
"0.32","0.48","0.2","0.39501539053008","1,2,1,1,3,1,3,4,1,1,3,5,6,4,7,8,9,3,3,5,10,2,6,6,7,11,7,8,2,12,13,3,5,5,14,15,16,7,10,10,10,10,2,2,2,2,10,2,2,2,10,10,10,10,10,2,2,2,2,10,17,10,10,18,19,10,10,10,10,10,2,10,11,11,10,10,10,10,10,10,10,20,8,8,8,21,10,10,10,10,22,23,24,10,10,10,25,10,10,10,10,10,10,10,10,10,10,26,27,10,10,10,10,14,14,15,15,14,15,15,14,16,16,16,16,16,16,16,16","0.00665712356567383","infomap","edit-xhwikibooks.graphml"
"0.31","0.49","0.2","0.386563537382107","1,2,1,1,3,1,3,4,1,1,3,5,6,4,7,8,9,3,3,5,2,10,6,6,7,11,4,8,2,12,13,3,5,5,14,7,15,7,2,2,2,2,10,10,10,10,2,10,10,10,2,2,2,2,2,10,10,10,10,2,16,2,2,17,18,2,2,2,2,2,10,2,11,11,2,2,2,2,2,2,2,19,8,8,8,20,2,2,2,2,21,22,23,2,2,2,24,2,2,2,2,2,2,2,2,2,2,25,26,2,2,2,2,14,7,14,14,14,7,7,14,15,15,15,15,15,15,15,15","0.00577402114868164","infomap","edit-xhwikibooks.graphml"
"0.3","0.5","0.2","0.438565844806976","1,2,1,1,3,1,3,4,1,1,3,5,4,6,7,8,9,3,3,5,10,2,4,4,7,11,6,8,2,12,13,3,5,5,14,15,16,7,10,10,10,10,2,2,2,2,10,2,2,2,10,10,10,10,10,2,2,2,2,10,17,10,10,18,19,10,10,10,10,10,2,10,11,11,10,10,10,10,10,10,10,20,8,8,8,21,10,10,10,10,22,23,24,10,10,10,25,10,10,10,10,10,10,10,10,10,10,26,27,10,10,10,10,15,14,14,15,15,15,14,14,16,16,16,16,16,16,16,16","0.00440192222595215","infomap","edit-xhwikibooks.graphml"
"0.29","0.51","0.2","0.442245508724555","1,2,1,1,3,1,3,4,1,1,3,5,4,6,6,7,8,3,3,5,9,2,4,4,6,10,6,7,2,11,12,3,5,5,13,14,15,15,9,9,9,9,2,2,2,2,9,2,2,2,9,9,9,9,9,2,2,2,2,9,16,9,9,17,18,9,9,9,9,9,2,9,10,10,9,9,9,9,9,9,9,19,7,7,7,20,9,9,9,9,21,22,23,9,9,9,24,9,9,9,9,9,9,9,9,9,9,25,26,9,9,9,9,13,14,14,14,13,13,14,14,15,15,15,15,15,15,15,15","0.00619101524353027","infomap","edit-xhwikibooks.graphml"
"0.28","0.52","0.2","0.439738650338404","1,2,1,1,3,1,3,4,1,1,3,5,4,6,7,8,9,3,3,5,10,2,4,4,7,11,6,8,2,12,13,3,5,5,14,15,16,7,10,10,10,10,2,2,2,2,10,2,2,2,10,10,10,10,10,2,2,2,2,10,17,10,10,18,19,10,10,10,10,10,2,10,11,11,10,10,10,10,10,10,10,20,8,8,8,21,10,10,10,10,22,23,24,10,10,10,25,10,10,10,10,10,10,10,10,10,10,26,27,10,10,10,10,15,14,15,14,14,14,14,15,16,16,16,16,16,16,16,16","0.00609087944030762","infomap","edit-xhwikibooks.graphml"
"0.27","0.53","0.2","0.435783051690394","1,2,1,1,3,1,3,4,1,1,3,5,4,6,6,7,8,3,3,5,2,9,4,4,6,10,6,7,2,11,12,3,5,5,13,14,15,6,2,2,2,2,9,9,9,9,2,9,9,9,2,2,2,2,2,9,9,9,9,2,16,2,2,17,18,2,2,2,2,2,9,2,10,10,2,2,2,2,2,2,2,19,7,7,7,20,2,2,2,2,21,22,23,2,2,2,24,2,2,2,2,2,2,2,2,2,2,25,26,2,2,2,2,14,14,13,13,13,13,13,14,15,15,15,15,15,15,15,15","0.00604701042175293","infomap","edit-xhwikibooks.graphml"
"0.26","0.54","0.2","0.443109632023529","1,1,2,2,3,2,3,4,2,2,3,5,4,6,7,8,9,3,3,5,10,11,4,4,6,12,7,8,1,13,14,3,5,5,15,16,17,16,10,10,10,10,11,11,11,11,10,11,11,11,10,10,10,10,10,11,11,11,11,10,18,10,10,19,20,10,10,10,10,10,11,10,12,12,10,10,10,10,10,10,10,21,8,8,8,22,10,10,10,10,23,24,25,10,10,10,26,10,10,10,10,10,10,10,10,10,10,27,28,10,10,10,10,15,16,15,15,15,15,15,16,17,17,17,17,17,17,17,17","0.00448203086853027","infomap","edit-xhwikibooks.graphml"
"0.25","0.55","0.2","0.448939208268954","1,1,2,2,3,2,3,4,2,2,3,5,4,6,7,8,9,3,3,5,10,11,4,4,6,12,6,8,1,13,14,3,5,5,15,16,7,7,10,10,10,10,11,11,11,11,10,11,11,11,10,10,10,10,10,11,11,11,11,10,17,10,10,18,19,10,10,10,10,10,11,10,12,12,10,10,10,10,10,10,10,20,8,8,8,21,10,10,10,10,22,23,24,10,10,10,25,10,10,10,10,10,10,10,10,10,10,26,27,10,10,10,10,15,16,15,16,15,15,15,15,7,7,7,7,7,7,7,7","0.00518202781677246","infomap","edit-xhwikibooks.graphml"
"0.24","0.56","0.2","0.440336203691184","1,1,2,2,3,2,3,4,2,2,3,5,4,6,7,8,9,3,3,5,10,11,4,4,6,12,7,8,1,13,14,3,5,5,15,16,17,7,10,10,10,10,11,11,11,11,10,11,11,11,10,10,10,10,10,11,11,11,11,10,18,10,10,19,20,10,10,10,10,10,11,10,12,12,10,10,10,10,10,10,10,21,8,8,8,22,10,10,10,10,23,24,25,10,10,10,26,10,10,10,10,10,10,10,10,10,10,27,28,10,10,10,10,16,15,16,16,16,15,16,15,17,17,17,17,17,17,17,17","0.00599217414855957","infomap","edit-xhwikibooks.graphml"
"0.23","0.57","0.2","0.438140507792998","1,2,1,1,3,1,3,4,1,1,3,5,4,6,7,8,9,3,3,5,10,2,4,4,7,11,6,8,2,12,13,3,5,5,14,15,16,6,10,10,10,10,2,2,2,2,10,2,2,2,10,10,10,10,10,2,2,2,2,10,17,10,10,18,19,10,10,10,10,10,2,10,11,11,10,10,10,10,10,10,10,20,8,8,8,21,10,10,10,10,22,23,24,10,10,10,25,10,10,10,10,10,10,10,10,10,10,26,27,10,10,10,10,14,15,15,14,15,15,14,15,16,16,16,16,16,16,16,16","0.00619387626647949","infomap","edit-xhwikibooks.graphml"
"0.22","0.58","0.2","0.43633149800725","1,2,1,1,3,1,3,4,1,1,3,5,4,6,7,8,9,3,3,5,2,10,4,4,6,11,6,8,2,12,13,3,5,5,14,7,15,7,2,2,2,2,10,10,10,10,2,10,10,10,2,2,2,2,2,10,10,10,10,2,16,2,2,17,18,2,2,2,2,2,10,2,11,11,2,2,2,2,2,2,2,19,8,8,8,20,2,2,2,2,21,22,23,2,2,2,24,2,2,2,2,2,2,2,2,2,2,25,26,2,2,2,2,14,14,7,7,14,14,14,7,15,15,15,15,15,15,15,15","0.00609207153320312","infomap","edit-xhwikibooks.graphml"
"0.21","0.59","0.2","0.451151057502757","1,2,1,1,3,1,3,4,1,1,3,5,4,6,6,7,8,3,3,5,9,2,4,4,6,10,6,7,2,11,12,3,5,5,13,14,15,6,9,9,9,9,2,2,2,2,9,2,2,2,9,9,9,9,9,2,2,2,2,9,16,9,9,17,18,9,9,9,9,9,2,9,10,10,9,9,9,9,9,9,9,19,7,7,7,20,9,9,9,9,21,22,23,9,9,9,24,9,9,9,9,9,9,9,9,9,9,25,26,9,9,9,9,13,13,14,14,14,14,13,14,15,15,15,15,15,15,15,15","0.00634407997131348","infomap","edit-xhwikibooks.graphml"
"0.2","0.6","0.2","0.450235495057192","1,1,2,2,3,2,3,4,2,2,3,5,4,6,7,8,9,3,3,5,10,11,4,4,7,12,6,8,1,13,14,3,5,5,15,16,17,7,10,10,10,10,11,11,11,11,10,11,11,11,10,10,10,10,10,11,11,11,11,10,18,10,10,19,20,10,10,10,10,10,11,10,12,12,10,10,10,10,10,10,10,21,8,8,8,22,10,10,10,10,23,24,25,10,10,10,26,10,10,10,10,10,10,10,10,10,10,27,28,10,10,10,10,16,15,15,15,16,15,15,15,17,17,17,17,17,17,17,17","0.00448107719421387","infomap","edit-xhwikibooks.graphml"
"0.19","0.61","0.2","0.417114091710404","1,2,1,3,4,3,5,6,3,3,5,7,6,6,8,3,9,10,5,11,2,12,13,6,8,8,8,3,2,14,15,16,11,17,18,19,20,8,2,2,2,2,12,12,12,12,2,12,12,12,2,2,2,2,2,12,12,12,12,2,21,2,2,22,23,2,2,2,2,2,12,2,24,25,2,2,2,2,2,2,2,26,27,28,29,30,2,2,2,2,31,32,33,2,2,2,34,2,2,2,2,2,2,2,2,2,2,35,36,2,2,2,2,19,18,18,18,19,19,18,19,20,20,20,20,20,20,20,20","0.00405693054199219","infomap","edit-xhwikibooks.graphml"
"0.18","0.62","0.2","0.418592114056583","1,2,1,3,4,3,5,6,3,3,5,7,6,6,8,3,9,10,5,11,2,12,13,6,8,8,8,3,2,14,15,16,11,17,18,19,20,8,2,2,2,2,12,12,12,12,2,12,12,12,2,2,2,2,2,12,12,12,12,2,21,2,2,22,23,2,2,2,2,2,12,2,24,25,2,2,2,2,2,2,2,26,27,28,29,30,2,2,2,2,31,32,33,2,2,2,34,2,2,2,2,2,2,2,2,2,2,35,36,2,2,2,2,19,18,18,18,18,18,19,19,20,20,20,20,20,20,20,20","0.00503802299499512","infomap","edit-xhwikibooks.graphml"
"0.17","0.63","0.2","0.418084981154538","1,2,1,3,4,3,5,6,3,3,5,7,6,6,8,3,9,10,5,11,2,12,13,6,8,8,8,3,2,14,15,16,11,17,18,19,20,8,2,2,2,2,12,12,12,12,2,12,12,12,2,2,2,2,2,12,12,12,12,2,21,2,2,22,23,2,2,2,2,2,12,2,24,25,2,2,2,2,2,2,2,26,27,28,29,30,2,2,2,2,31,32,33,2,2,2,34,2,2,2,2,2,2,2,2,2,2,35,36,2,2,2,2,19,19,18,19,19,18,19,18,20,20,20,20,20,20,20,20","0.00431585311889648","infomap","edit-xhwikibooks.graphml"
"0.16","0.64","0.2","0.432290706532724","1,2,1,3,4,3,5,6,3,3,5,7,6,6,8,3,9,10,5,11,12,2,13,6,8,8,8,3,2,14,15,16,11,17,18,19,20,8,12,12,12,12,2,2,2,2,12,2,2,2,12,12,12,12,12,2,2,2,2,12,21,12,12,22,23,12,12,12,12,12,2,12,24,25,12,12,12,12,12,12,12,26,27,28,29,30,12,12,12,12,31,32,33,12,12,12,34,12,12,12,12,12,12,12,12,12,12,35,36,12,12,12,12,18,19,19,19,19,18,19,18,20,20,20,20,20,20,20,20","0.00433707237243652","infomap","edit-xhwikibooks.graphml"
"0.15","0.65","0.2","0.417676445578231","1,2,1,3,4,3,5,6,3,3,5,7,6,6,8,3,9,10,5,11,2,12,13,6,8,8,8,3,2,14,15,16,11,17,18,19,20,8,2,2,2,2,12,12,12,12,2,12,12,12,2,2,2,2,2,12,12,12,12,2,21,2,2,22,23,2,2,2,2,2,12,2,24,25,2,2,2,2,2,2,2,26,27,28,29,30,2,2,2,2,31,32,33,2,2,2,34,2,2,2,2,2,2,2,2,2,2,35,36,2,2,2,2,18,19,19,18,18,19,19,19,20,20,20,20,20,20,20,20","0.00489497184753418","infomap","edit-xhwikibooks.graphml"
"0.14","0.66","0.2","0.417676445578231","1,2,1,3,4,3,5,6,3,3,5,7,6,6,8,3,9,10,5,11,2,12,13,6,8,8,8,3,2,14,15,16,11,17,18,19,20,8,2,2,2,2,12,12,12,12,2,12,12,12,2,2,2,2,2,12,12,12,12,2,21,2,2,22,23,2,2,2,2,2,12,2,24,25,2,2,2,2,2,2,2,26,27,28,29,30,2,2,2,2,31,32,33,2,2,2,34,2,2,2,2,2,2,2,2,2,2,35,36,2,2,2,2,19,19,19,18,19,18,19,18,20,20,20,20,20,20,20,20","0.00569581985473633","infomap","edit-xhwikibooks.graphml"
"0.13","0.67","0.2","0.432377973977105","1,2,1,3,4,3,5,6,3,3,5,7,6,6,8,3,9,10,5,11,2,12,13,6,8,8,8,3,2,14,15,16,11,17,8,18,19,8,2,2,2,2,12,12,12,12,2,12,12,12,2,2,2,2,2,12,12,12,12,2,20,2,2,21,22,2,2,2,2,2,12,2,23,24,2,2,2,2,2,2,2,25,26,27,28,29,2,2,2,2,30,31,32,2,2,2,33,2,2,2,2,2,2,2,2,2,2,34,35,2,2,2,2,18,18,8,18,8,8,8,18,19,19,19,19,19,19,19,19","0.00437307357788086","infomap","edit-xhwikibooks.graphml"
"0.12","0.68","0.2","0.486809515031708","1,2,1,3,4,3,5,6,3,3,5,7,6,6,8,3,9,10,5,11,12,2,13,6,8,8,8,3,2,14,15,16,11,17,18,18,19,8,12,12,12,12,2,2,2,2,12,2,2,2,12,12,12,12,12,2,2,2,2,12,20,12,12,21,22,12,12,12,12,12,2,12,23,24,12,12,12,12,12,12,12,25,26,27,28,29,12,12,12,12,30,31,32,12,12,12,33,12,12,12,12,12,12,12,12,12,12,34,35,12,12,12,12,18,18,18,18,18,18,18,18,19,19,19,19,19,19,19,19","0.0044708251953125","infomap","edit-xhwikibooks.graphml"
"0.11","0.69","0.2","0.472924553812872","1,2,1,3,4,3,5,6,3,3,5,7,6,6,8,3,9,10,5,11,2,12,13,6,8,8,8,3,2,14,15,16,11,17,18,18,19,8,2,2,2,2,12,12,12,12,2,12,12,12,2,2,2,2,2,12,12,12,12,2,20,2,2,21,22,2,2,2,2,2,12,2,23,24,2,2,2,2,2,2,2,25,26,27,28,29,2,2,2,2,30,31,32,2,2,2,33,2,2,2,2,2,2,2,2,2,2,34,35,2,2,2,2,18,18,18,18,18,18,18,18,19,19,19,19,19,19,19,19","0.00424313545227051","infomap","edit-xhwikibooks.graphml"
"0.1","0.7","0.2","0.457130609347385","1,2,1,3,4,3,5,6,3,3,5,7,6,6,8,3,9,10,5,11,12,2,13,6,8,8,8,3,2,14,15,16,11,17,18,19,20,8,12,12,12,12,2,2,2,2,12,2,2,2,12,12,12,12,12,2,2,2,2,12,21,12,12,22,23,12,12,12,12,12,2,12,24,25,12,12,12,12,12,12,12,26,27,28,29,30,12,12,12,12,31,32,33,12,12,12,34,12,12,12,12,12,12,12,12,12,12,35,36,12,12,12,12,18,18,18,18,19,18,18,18,20,20,20,20,20,20,20,20","0.00497817993164062","infomap","edit-xhwikibooks.graphml"
"0.09","0.71","0.2","0.44219281663516","1,2,1,3,4,3,5,6,3,3,5,7,6,6,8,3,9,10,5,11,2,12,13,6,8,8,8,3,2,14,15,16,11,17,18,19,20,19,2,2,2,2,12,12,12,12,2,12,12,12,2,2,2,2,2,12,12,12,12,2,21,2,2,22,23,2,2,2,2,2,12,2,24,25,2,2,2,2,2,2,2,26,27,28,29,30,2,2,2,2,31,32,33,2,2,2,34,2,2,2,2,2,2,2,2,2,2,35,36,2,2,2,2,18,19,19,19,18,18,18,18,20,20,20,20,20,20,20,20","0.00435090065002441","infomap","edit-xhwikibooks.graphml"
"0.08","0.72","0.2","0.454178012964015","1,2,1,3,4,3,5,6,3,3,5,7,6,6,8,3,9,10,5,11,12,2,13,6,8,8,8,3,2,14,15,16,11,17,18,19,20,8,12,12,12,12,2,2,2,2,12,2,2,2,12,12,12,12,12,2,2,2,2,12,21,12,12,22,23,12,12,12,12,12,2,12,24,25,12,12,12,12,12,12,12,26,27,28,29,30,12,12,12,12,31,32,33,12,12,12,34,12,12,12,12,12,12,12,12,12,12,35,36,12,12,12,12,19,18,18,18,18,18,19,18,20,20,20,20,20,20,20,20","0.00497913360595703","infomap","edit-xhwikibooks.graphml"
"0.07","0.73","0.2","0.44446526697609","1,2,1,3,4,3,5,6,3,3,5,7,6,6,8,3,9,10,5,11,2,12,13,6,8,8,8,3,2,14,15,16,11,17,18,19,20,18,2,2,2,2,12,12,12,12,2,12,12,12,2,2,2,2,2,12,12,12,12,2,21,2,2,22,23,2,2,2,2,2,12,2,24,25,2,2,2,2,2,2,2,26,27,28,29,30,2,2,2,2,31,32,33,2,2,2,34,2,2,2,2,2,2,2,2,2,2,35,36,2,2,2,2,18,19,19,19,18,18,18,18,20,20,20,20,20,20,20,20","0.00514888763427734","infomap","edit-xhwikibooks.graphml"
"0.06","0.74","0.2","0.440383009647079","1,2,1,3,4,3,5,6,3,3,5,7,6,6,8,3,9,10,5,11,2,12,13,6,8,8,8,3,2,14,15,16,11,17,18,19,20,8,2,2,2,2,12,12,12,12,2,12,12,12,2,2,2,2,2,12,12,12,12,2,21,2,2,22,23,2,2,2,2,2,12,2,24,25,2,2,2,2,2,2,2,26,27,28,29,30,2,2,2,2,31,32,33,2,2,2,34,2,2,2,2,2,2,2,2,2,2,35,36,2,2,2,2,18,19,19,19,19,19,19,19,20,20,20,20,20,20,20,20","0.00429797172546387","infomap","edit-xhwikibooks.graphml"
"0.05","0.75","0.2","0.444303213814483","1,2,1,3,4,3,5,6,3,3,5,7,6,6,8,3,9,10,5,11,2,12,13,6,8,8,8,3,2,14,15,16,11,17,18,19,20,8,2,2,2,2,12,12,12,12,2,12,12,12,2,2,2,2,2,12,12,12,12,2,21,2,2,22,23,2,2,2,2,2,12,2,24,25,2,2,2,2,2,2,2,26,27,28,29,30,2,2,2,2,31,32,33,2,2,2,34,2,2,2,2,2,2,2,2,2,2,35,36,2,2,2,2,18,18,18,18,19,18,18,19,20,20,20,20,20,20,20,20","0.00480818748474121","infomap","edit-xhwikibooks.graphml"
"0.04","0.76","0.2","0.491991034556367","1,2,1,3,4,3,5,6,3,3,5,7,6,6,8,3,9,10,5,11,12,2,13,6,8,8,8,3,2,14,15,16,11,17,18,18,19,18,12,12,12,12,2,2,2,2,12,2,2,2,12,12,12,12,12,2,2,2,2,12,20,12,12,21,22,12,12,12,12,12,2,12,23,24,12,12,12,12,12,12,12,25,26,27,28,29,12,12,12,12,30,31,32,12,12,12,33,12,12,12,12,12,12,12,12,12,12,34,35,12,12,12,12,18,18,18,18,18,18,18,18,19,19,19,19,19,19,19,19","0.0058128833770752","infomap","edit-xhwikibooks.graphml"
"0.03","0.77","0.2","0.459766762655009","1,2,1,3,4,3,5,6,3,3,5,7,6,6,8,3,9,10,5,11,12,2,13,6,8,8,8,3,2,14,15,16,11,17,18,19,20,8,12,12,12,12,2,2,2,2,12,2,2,2,12,12,12,12,12,2,2,2,2,12,21,12,12,22,23,12,12,12,12,12,2,12,24,25,12,12,12,12,12,12,12,26,27,28,29,30,12,12,12,12,31,32,33,12,12,12,34,12,12,12,12,12,12,12,12,12,12,35,36,12,12,12,12,18,18,18,19,18,18,18,19,20,20,20,20,20,20,20,20","0.00419187545776367","infomap","edit-xhwikibooks.graphml"
"0.02","0.78","0.2","0.467091379128416","1,2,1,3,4,3,5,6,3,3,5,7,6,6,8,3,9,10,5,11,12,2,13,6,8,8,8,3,2,14,15,16,11,17,18,19,20,8,12,12,12,12,2,2,2,2,12,2,2,2,12,12,12,12,12,2,2,2,2,12,21,12,12,22,23,12,12,12,12,12,2,12,24,25,12,12,12,12,12,12,12,26,27,28,29,30,12,12,12,12,31,32,33,12,12,12,34,12,12,12,12,12,12,12,12,12,12,35,36,12,12,12,12,18,19,18,18,18,18,19,18,20,20,20,20,20,20,20,20","0.0042870044708252","infomap","edit-xhwikibooks.graphml"
"0.01","0.79","0.2","0.457942711503965","1,2,1,3,4,3,5,6,3,3,5,7,6,6,8,3,9,10,5,11,12,2,13,6,8,8,8,3,2,14,15,16,11,17,18,19,20,18,12,12,12,12,2,2,2,2,12,2,2,2,12,12,12,12,12,2,2,2,2,12,21,12,12,22,23,12,12,12,12,12,2,12,24,25,12,12,12,12,12,12,12,26,27,28,29,30,12,12,12,12,31,32,33,12,12,12,34,12,12,12,12,12,12,12,12,12,12,35,36,12,12,12,12,18,19,19,19,18,18,19,19,20,20,20,20,20,20,20,20","0.00428104400634766","infomap","edit-xhwikibooks.graphml"
"0","0.8","0.2","0.449306037747759","1,2,1,3,1,3,4,5,3,3,4,6,5,5,7,3,8,9,4,10,2,11,12,5,7,7,7,3,1,13,14,15,10,16,17,18,19,7,2,2,2,2,11,11,11,11,2,11,11,11,2,2,2,2,2,11,11,11,11,2,20,2,2,21,22,2,2,2,2,2,11,2,23,24,2,2,2,2,2,2,2,25,26,27,28,29,2,2,2,2,30,31,32,2,2,2,33,2,2,2,2,2,2,2,2,2,2,34,35,2,2,2,2,17,18,18,17,18,18,18,18,19,19,19,19,19,19,19,19","0.00428581237792969","infomap","edit-xhwikibooks.graphml"
"0.79","0","0.21","0.357979505457786","1,2,1,1,1,3,1,3,4,5,6,7,8,9,4,3,5,6,10,7,2,11,8,12,9,13,4,14,15,5,6,16,7,7,10,17,18,4,2,2,2,2,11,11,11,11,2,11,11,11,2,2,2,2,2,11,11,11,11,2,8,2,2,12,9,2,2,2,2,2,11,2,13,13,2,2,2,2,2,2,2,4,14,14,14,15,2,2,2,2,5,6,16,2,2,2,3,2,2,2,2,2,2,2,2,2,2,7,7,2,2,2,2,10,17,10,10,17,17,17,10,18,18,18,18,18,18,18,18","0.00916695594787598","infomap","edit-xhwikibooks.graphml"
"0.78","0.01","0.21","0.363263533080864","1,2,1,1,1,3,1,2,3,4,5,6,7,8,3,9,4,5,10,6,11,12,7,13,3,14,8,15,16,4,5,17,6,6,10,18,19,3,11,11,11,11,12,12,12,12,11,12,12,12,11,11,11,11,11,12,12,12,12,11,7,11,11,13,3,11,11,11,11,11,12,11,14,14,11,11,11,11,11,11,11,8,15,15,15,16,11,11,11,11,4,5,17,11,11,11,9,11,11,11,11,11,11,11,11,11,11,6,6,11,11,11,11,10,18,10,10,10,18,10,10,19,19,19,19,19,19,19,19","0.0118429660797119","infomap","edit-xhwikibooks.graphml"
"0.77","0.02","0.21","0.36426041434618","1,2,1,1,1,3,1,3,4,5,6,7,8,9,4,10,5,6,11,7,12,2,8,13,9,14,9,15,16,5,6,17,7,7,18,11,4,4,12,12,12,12,2,2,2,2,12,2,2,2,12,12,12,12,12,2,2,2,2,12,8,12,12,13,9,12,12,12,12,12,2,12,14,14,12,12,12,12,12,12,12,9,15,15,15,16,12,12,12,12,5,6,17,12,12,12,10,12,12,12,12,12,12,12,12,12,12,7,7,12,12,12,12,11,11,18,18,11,18,18,18,4,4,4,4,4,4,4,4","0.00950813293457031","infomap","edit-xhwikibooks.graphml"
"0.76","0.03","0.21","0.358415826190862","1,2,1,1,1,3,1,3,4,5,6,7,8,9,10,3,5,6,10,7,11,2,8,12,9,13,14,15,16,5,6,17,7,7,10,18,4,4,11,11,11,11,2,2,2,2,11,2,2,2,11,11,11,11,11,2,2,2,2,11,8,11,11,12,9,11,11,11,11,11,2,11,13,13,11,11,11,11,11,11,11,14,15,15,15,16,11,11,11,11,5,6,17,11,11,11,3,11,11,11,11,11,11,11,11,11,11,7,7,11,11,11,11,10,10,10,10,10,18,10,10,4,4,4,4,4,4,4,4","0.0111160278320312","infomap","edit-xhwikibooks.graphml"
"0.75","0.04","0.21","0.364879031452045","1,2,1,1,1,3,1,2,4,5,6,7,8,9,4,3,5,6,10,7,11,12,8,13,9,14,4,15,16,5,6,17,7,7,10,18,19,4,11,11,11,11,12,12,12,12,11,12,12,12,11,11,11,11,11,12,12,12,12,11,8,11,11,13,9,11,11,11,11,11,12,11,14,14,11,11,11,11,11,11,11,4,15,15,15,16,11,11,11,11,5,6,17,11,11,11,3,11,11,11,11,11,11,11,11,11,11,7,7,11,11,11,11,18,10,10,10,18,10,18,10,19,19,19,19,19,19,19,19","0.011199951171875","infomap","edit-xhwikibooks.graphml"
"0.74","0.05","0.21","0.344265961592971","1,2,1,1,1,3,1,4,5,6,7,8,4,5,9,3,6,7,10,8,2,11,12,13,14,15,5,16,17,6,7,18,8,8,9,10,19,10,2,2,2,2,11,11,11,11,2,11,11,11,2,2,2,2,2,11,11,11,11,2,12,2,2,13,14,2,2,2,2,2,11,2,15,15,2,2,2,2,2,2,2,5,16,16,16,17,2,2,2,2,6,7,18,2,2,2,3,2,2,2,2,2,2,2,2,2,2,8,8,2,2,2,2,9,9,9,10,9,9,10,9,19,19,19,19,19,19,19,19","0.0103709697723389","infomap","edit-xhwikibooks.graphml"
"0.73","0.06","0.21","0.361485359233107","1,2,1,1,1,2,1,2,2,3,4,5,6,7,8,9,3,4,10,5,11,12,6,6,8,13,7,9,14,3,4,15,5,5,10,16,17,7,11,11,11,11,12,12,12,12,11,12,12,12,11,11,11,11,11,12,12,12,12,11,6,11,11,6,8,11,11,11,11,11,12,11,13,13,11,11,11,11,11,11,11,7,9,9,9,14,11,11,11,11,3,4,15,11,11,11,9,11,11,11,11,11,11,11,11,11,11,5,5,11,11,11,11,10,10,10,16,16,10,16,10,17,17,17,17,17,17,17,17","0.00693202018737793","infomap","edit-xhwikibooks.graphml"
"0.72","0.07","0.21","0.360052732254562","1,2,1,1,1,2,1,2,2,3,4,5,6,7,2,8,3,4,9,5,10,11,6,6,7,12,13,8,14,3,4,15,5,5,9,16,17,2,10,10,10,10,11,11,11,11,10,11,11,11,10,10,10,10,10,11,11,11,11,10,6,10,10,6,7,10,10,10,10,10,11,10,12,12,10,10,10,10,10,10,10,13,8,8,8,14,10,10,10,10,3,4,15,10,10,10,8,10,10,10,10,10,10,10,10,10,10,5,5,10,10,10,10,9,9,16,9,9,9,9,16,17,17,17,17,17,17,17,17","0.0111570358276367","infomap","edit-xhwikibooks.graphml"
"0.71","0.08","0.21","0.371430933437007","1,2,1,1,1,3,1,4,3,5,6,7,8,4,3,9,5,6,10,7,11,2,8,8,3,12,4,9,13,5,6,14,7,7,10,15,16,3,11,11,11,11,2,2,2,2,11,2,2,2,11,11,11,11,11,2,2,2,2,11,8,11,11,8,3,11,11,11,11,11,2,11,12,12,11,11,11,11,11,11,11,4,9,9,9,13,11,11,11,11,5,6,14,11,11,11,9,11,11,11,11,11,11,11,11,11,11,7,7,11,11,11,11,15,10,10,10,15,10,10,10,16,16,16,16,16,16,16,16","0.00810694694519043","infomap","edit-xhwikibooks.graphml"
"0.7","0.09","0.21","0.361414421721285","1,2,1,1,1,2,1,2,3,4,5,6,7,8,3,9,4,5,10,6,11,12,7,7,8,13,8,9,14,4,5,15,6,6,16,10,17,10,11,11,11,11,12,12,12,12,11,12,12,12,11,11,11,11,11,12,12,12,12,11,7,11,11,7,8,11,11,11,11,11,12,11,13,13,11,11,11,11,11,11,11,8,9,9,9,14,11,11,11,11,4,5,15,11,11,11,9,11,11,11,11,11,11,11,11,11,11,6,6,11,11,11,11,10,16,16,16,16,16,10,10,17,17,17,17,17,17,17,17","0.00603008270263672","infomap","edit-xhwikibooks.graphml"
"0.69","0.1","0.21","0.35999897220714","1,2,1,1,1,3,1,2,3,4,5,6,7,8,3,9,4,5,10,6,11,12,7,7,8,13,8,9,14,4,5,15,6,6,16,10,17,3,11,11,11,11,12,12,12,12,11,12,12,12,11,11,11,11,11,12,12,12,12,11,7,11,11,7,8,11,11,11,11,11,12,11,13,13,11,11,11,11,11,11,11,8,9,9,9,14,11,11,11,11,4,5,15,11,11,11,9,11,11,11,11,11,11,11,11,11,11,6,6,11,11,11,11,10,10,10,10,16,16,16,16,17,17,17,17,17,17,17,17","0.0109968185424805","infomap","edit-xhwikibooks.graphml"
"0.68","0.11","0.21","0.333239302387786","1,2,1,1,1,3,1,4,3,5,6,1,7,4,3,8,5,6,9,10,2,11,7,7,12,13,14,8,15,5,6,9,10,10,16,17,18,3,2,2,2,2,11,11,11,11,2,11,11,11,2,2,2,2,2,11,11,11,11,2,7,2,2,7,12,2,2,2,2,2,11,2,13,13,2,2,2,2,2,2,2,14,8,8,8,15,2,2,2,2,5,6,9,2,2,2,8,2,2,2,2,2,2,2,2,2,2,10,10,2,2,2,2,17,16,16,16,16,16,16,17,3,18,3,3,18,3,3,3","0.00878691673278809","infomap","edit-xhwikibooks.graphml"
"0.67","0.12","0.21","0.353322787284862","1,2,1,1,1,3,1,4,3,5,6,1,7,4,3,8,5,6,9,10,2,11,7,7,12,13,14,8,15,5,6,9,10,10,16,17,18,3,2,2,2,2,11,11,11,11,2,11,11,11,2,2,2,2,2,11,11,11,11,2,7,2,2,7,12,2,2,2,2,2,11,2,13,13,2,2,2,2,2,2,2,14,8,8,8,15,2,2,2,2,5,6,9,2,2,2,8,2,2,2,2,2,2,2,2,2,2,10,10,2,2,2,2,16,17,16,17,17,16,17,16,18,18,18,18,18,18,18,18","0.00950312614440918","infomap","edit-xhwikibooks.graphml"
"0.66","0.13","0.21","0.365770773000668","1,2,1,1,1,3,1,3,4,5,6,1,7,3,4,8,5,6,9,10,11,2,7,7,12,13,14,8,15,5,6,9,10,10,16,17,4,4,11,11,11,11,2,2,2,2,11,2,2,2,11,11,11,11,11,2,2,2,2,11,7,11,11,7,12,11,11,11,11,11,2,11,13,13,11,11,11,11,11,11,11,14,8,8,8,15,11,11,11,11,5,6,9,11,11,11,8,11,11,11,11,11,11,11,11,11,11,10,10,11,11,11,11,17,17,17,17,16,16,16,17,4,4,4,4,4,4,4,4","0.00677490234375","infomap","edit-xhwikibooks.graphml"
"0.65","0.14","0.21","0.362182000445534","1,2,1,1,1,3,1,4,3,5,6,1,7,4,3,8,5,6,9,10,11,2,7,7,12,13,14,8,15,5,6,9,10,10,16,17,18,3,11,11,11,11,2,2,2,2,11,2,2,2,11,11,11,11,11,2,2,2,2,11,7,11,11,7,12,11,11,11,11,11,2,11,13,13,11,11,11,11,11,11,11,14,8,8,8,15,11,11,11,11,5,6,9,11,11,11,8,11,11,11,11,11,11,11,11,11,11,10,10,11,11,11,11,16,16,17,17,17,16,17,17,18,18,18,18,18,18,18,18","0.00841617584228516","infomap","edit-xhwikibooks.graphml"
"0.64","0.15","0.21","0.360454949892809","1,2,1,1,1,3,1,3,3,4,5,1,6,3,7,8,4,5,9,10,11,2,6,6,12,13,14,8,15,4,5,9,10,10,16,17,18,7,11,11,11,11,2,2,2,2,11,2,2,2,11,11,11,11,11,2,2,2,2,11,6,11,11,6,12,11,11,11,11,11,2,11,13,13,11,11,11,11,11,11,11,14,8,8,8,15,11,11,11,11,4,5,9,11,11,11,8,11,11,11,11,11,11,11,11,11,11,10,10,11,11,11,11,16,16,16,16,16,16,17,16,18,7,18,18,18,7,18,18","0.00710701942443848","infomap","edit-xhwikibooks.graphml"
"0.63","0.16","0.21","0.368077914951989","1,2,1,1,1,3,1,4,3,5,6,1,7,4,3,8,5,6,9,10,11,2,7,7,12,13,14,8,15,5,6,9,10,10,16,17,18,3,11,11,11,11,2,2,2,2,11,2,2,2,11,11,11,11,11,2,2,2,2,11,7,11,11,7,12,11,11,11,11,11,2,11,13,13,11,11,11,11,11,11,11,14,8,8,8,15,11,11,11,11,5,6,9,11,11,11,8,11,11,11,11,11,11,11,11,11,11,10,10,11,11,11,11,16,16,17,17,17,17,16,16,18,18,18,18,18,18,18,18","0.00717616081237793","infomap","edit-xhwikibooks.graphml"
"0.62","0.17","0.21","0.367642021342747","1,2,1,1,1,2,1,2,3,4,5,1,6,2,3,7,4,5,8,9,10,11,6,6,12,13,14,7,15,4,5,8,9,9,16,17,18,3,10,10,10,10,11,11,11,11,10,11,11,11,10,10,10,10,10,11,11,11,11,10,6,10,10,6,12,10,10,10,10,10,11,10,13,13,10,10,10,10,10,10,10,14,7,7,7,15,10,10,10,10,4,5,8,10,10,10,7,10,10,10,10,10,10,10,10,10,10,9,9,10,10,10,10,17,16,17,16,16,16,17,16,18,18,18,18,18,18,18,18","0.0108067989349365","infomap","edit-xhwikibooks.graphml"
"0.61","0.18","0.21","0.359015030687563","1,2,1,1,1,2,1,2,3,4,5,1,6,2,3,7,4,5,8,9,10,11,6,6,12,13,14,7,15,4,5,8,9,9,16,17,18,3,10,10,10,10,11,11,11,11,10,11,11,11,10,10,10,10,10,11,11,11,11,10,6,10,10,6,12,10,10,10,10,10,11,10,13,13,10,10,10,10,10,10,10,14,7,7,7,15,10,10,10,10,4,5,8,10,10,10,7,10,10,10,10,10,10,10,10,10,10,9,9,10,10,10,10,17,16,17,3,3,16,17,16,18,18,18,18,18,18,18,18","0.00993990898132324","infomap","edit-xhwikibooks.graphml"
"0.6","0.19","0.21","0.36907962861444","1,1,2,2,2,3,2,3,4,5,6,2,7,3,4,8,5,6,9,10,11,12,7,7,3,13,14,8,15,5,6,9,10,10,16,17,18,4,11,11,11,11,12,12,12,12,11,12,12,12,11,11,11,11,11,12,12,12,12,11,7,11,11,7,3,11,11,11,11,11,12,11,13,13,11,11,11,11,11,11,11,14,8,8,8,15,11,11,11,11,5,6,9,11,11,11,8,11,11,11,11,11,11,11,11,11,11,10,10,11,11,11,11,16,16,17,17,17,17,16,17,18,18,18,18,18,18,18,18","0.00893497467041016","infomap","edit-xhwikibooks.graphml"
"0.59","0.2","0.21","0.370936418685121","1,1,2,2,2,3,2,3,4,5,2,6,7,3,4,8,5,2,9,6,10,11,7,7,12,13,14,8,15,5,2,9,6,6,16,17,18,4,10,10,10,10,11,11,11,11,10,11,11,11,10,10,10,10,10,11,11,11,11,10,7,10,10,7,12,10,10,10,10,10,11,10,13,13,10,10,10,10,10,10,10,14,8,8,8,15,10,10,10,10,5,2,9,10,10,10,8,10,10,10,10,10,10,10,10,10,10,6,6,10,10,10,10,16,16,17,16,17,16,16,17,18,18,18,18,18,18,18,18","0.00670099258422852","infomap","edit-xhwikibooks.graphml"
"0.58","0.21","0.21","0.37069632849679","1,2,1,1,1,3,1,3,3,4,5,1,6,3,7,8,4,5,9,10,11,2,6,6,12,13,14,8,15,4,5,9,10,10,7,16,17,7,11,11,11,11,2,2,2,2,11,2,2,2,11,11,11,11,11,2,2,2,2,11,6,11,11,6,12,11,11,11,11,11,2,11,13,13,11,11,11,11,11,11,11,14,8,8,8,15,11,11,11,11,4,5,9,11,11,11,8,11,11,11,11,11,11,11,11,11,11,10,10,11,11,11,11,16,7,16,7,16,16,7,16,17,17,17,17,17,17,17,17","0.00604605674743652","infomap","edit-xhwikibooks.graphml"
"0.57","0.22","0.21","0.3677009295893","1,2,1,1,1,2,1,2,3,4,5,1,6,2,3,7,4,5,5,8,9,10,6,6,11,12,13,7,2,4,5,5,8,8,14,3,15,3,9,9,9,9,10,10,10,10,9,10,10,10,9,9,9,9,9,10,10,10,10,9,16,9,9,6,11,9,9,9,9,9,10,9,12,12,9,9,9,9,9,9,9,13,7,7,7,17,9,9,9,9,18,19,20,9,9,9,7,9,9,9,9,9,9,9,9,9,9,8,8,9,9,9,9,14,14,3,14,14,14,14,14,15,15,15,15,15,15,15,15","0.0059959888458252","infomap","edit-xhwikibooks.graphml"
"0.56","0.23","0.21","0.368333835819374","1,1,2,2,2,3,2,3,4,5,6,2,7,3,4,8,5,6,6,9,10,11,7,7,12,13,14,8,1,5,6,6,9,9,15,16,4,4,10,10,10,10,11,11,11,11,10,11,11,11,10,10,10,10,10,11,11,11,11,10,17,10,10,7,12,10,10,10,10,10,11,10,13,13,10,10,10,10,10,10,10,14,8,8,8,18,10,10,10,10,19,20,21,10,10,10,8,10,10,10,10,10,10,10,10,10,10,9,9,10,10,10,10,15,16,16,16,15,16,15,16,4,4,4,4,4,4,4,4","0.00670313835144043","infomap","edit-xhwikibooks.graphml"
"0.55","0.24","0.21","0.370357915224913","1,2,1,1,1,3,1,4,3,5,6,1,7,4,3,8,5,6,6,9,10,2,7,7,11,12,13,8,2,5,6,6,9,9,14,15,16,3,10,10,10,10,2,2,2,2,10,2,2,2,10,10,10,10,10,2,2,2,2,10,17,10,10,7,11,10,10,10,10,10,2,10,12,12,10,10,10,10,10,10,10,13,8,8,8,18,10,10,10,10,19,20,21,10,10,10,8,10,10,10,10,10,10,10,10,10,10,9,9,10,10,10,10,14,14,14,14,15,15,14,15,16,16,16,16,16,16,16,16","0.00689005851745605","infomap","edit-xhwikibooks.graphml"
"0.54","0.25","0.21","0.374579998974043","1,2,1,1,1,2,1,2,2,3,4,1,5,2,6,7,3,4,4,8,9,10,5,5,11,12,13,7,2,3,4,4,8,8,14,6,15,6,9,9,9,9,10,10,10,10,9,10,10,10,9,9,9,9,9,10,10,10,10,9,16,9,9,5,11,9,9,9,9,9,10,9,12,12,9,9,9,9,9,9,9,13,7,7,7,17,9,9,9,9,18,19,20,9,9,9,7,9,9,9,9,9,9,9,9,9,9,8,8,9,9,9,9,6,14,6,6,6,6,14,6,15,15,15,15,15,15,15,15","0.00478506088256836","infomap","edit-xhwikibooks.graphml"
"0.53","0.26","0.21","0.373849004821997","1,1,2,2,2,3,2,3,4,5,6,2,7,3,4,8,5,6,6,9,10,11,7,7,12,13,14,8,1,5,6,6,9,9,15,16,17,4,10,10,10,10,11,11,11,11,10,11,11,11,10,10,10,10,10,11,11,11,11,10,18,10,10,7,12,10,10,10,10,10,11,10,13,13,10,10,10,10,10,10,10,14,8,8,8,19,10,10,10,10,20,21,22,10,10,10,8,10,10,10,10,10,10,10,10,10,10,9,9,10,10,10,10,15,15,15,15,16,15,16,15,17,17,17,17,17,17,17,17","0.00694799423217773","infomap","edit-xhwikibooks.graphml"
"0.52","0.27","0.21","0.376310403247306","1,2,1,1,1,2,1,2,2,3,4,1,5,2,6,7,3,4,4,8,9,10,5,5,11,12,13,7,2,3,4,4,8,8,14,6,15,6,9,9,9,9,10,10,10,10,9,10,10,10,9,9,9,9,9,10,10,10,10,9,16,9,9,5,11,9,9,9,9,9,10,9,12,12,9,9,9,9,9,9,9,13,7,7,7,17,9,9,9,9,18,19,20,9,9,9,7,9,9,9,9,9,9,9,9,9,9,8,8,9,9,9,9,6,14,14,14,6,14,6,14,15,15,15,15,15,15,15,15","0.00683212280273438","infomap","edit-xhwikibooks.graphml"
"0.51","0.28","0.21","0.364169358763015","1,2,1,1,1,3,1,3,4,5,6,1,7,3,4,8,5,6,6,9,2,10,7,7,11,12,13,8,2,5,6,6,9,9,14,4,15,4,2,2,2,2,10,10,10,10,2,10,10,10,2,2,2,2,2,10,10,10,10,2,16,2,2,7,11,2,2,2,2,2,10,2,12,12,2,2,2,2,2,2,2,13,8,8,8,17,2,2,2,2,18,19,20,2,2,2,8,2,2,2,2,2,2,2,2,2,2,9,9,2,2,2,2,14,4,4,4,14,14,4,14,15,15,15,15,15,15,15,15","0.00581717491149902","infomap","edit-xhwikibooks.graphml"
"0.5","0.29","0.21","0.378857690873248","1,2,1,1,1,3,1,3,4,5,6,1,7,3,4,8,5,6,6,9,10,2,7,7,11,12,13,8,2,5,6,6,9,9,14,15,16,4,10,10,10,10,2,2,2,2,10,2,2,2,10,10,10,10,10,2,2,2,2,10,17,10,10,7,11,10,10,10,10,10,2,10,12,12,10,10,10,10,10,10,10,13,8,8,8,18,10,10,10,10,19,20,21,10,10,10,8,10,10,10,10,10,10,10,10,10,10,9,9,10,10,10,10,15,14,14,14,15,15,14,15,16,16,16,16,16,16,16,16","0.00963902473449707","infomap","edit-xhwikibooks.graphml"
"0.49","0.3","0.21","0.378069511853054","1,2,1,1,1,3,1,2,3,4,5,1,6,2,3,7,4,5,5,8,9,10,6,6,2,11,12,7,2,4,5,5,8,8,13,14,15,3,9,9,9,9,10,10,10,10,9,10,10,10,9,9,9,9,9,10,10,10,10,9,16,9,9,6,2,9,9,9,9,9,10,9,11,11,9,9,9,9,9,9,9,12,7,7,7,17,9,9,9,9,18,19,20,9,9,9,7,9,9,9,9,9,9,9,9,9,9,8,8,9,9,9,9,13,13,13,13,14,13,14,13,15,15,15,15,15,15,15,15","0.00771808624267578","infomap","edit-xhwikibooks.graphml"
"0.48","0.31","0.21","0.381640531475584","1,2,1,1,1,2,1,2,3,4,5,1,6,2,3,7,4,5,5,8,9,10,6,6,11,12,13,7,2,4,5,5,8,8,14,15,3,3,9,9,9,9,10,10,10,10,9,10,10,10,9,9,9,9,9,10,10,10,10,9,16,9,9,6,11,9,9,9,9,9,10,9,12,12,9,9,9,9,9,9,9,13,7,7,7,17,9,9,9,9,18,19,20,9,9,9,7,9,9,9,9,9,9,9,9,9,9,8,8,9,9,9,9,15,14,14,15,14,15,14,15,3,3,3,3,3,3,3,3","0.00590300559997559","infomap","edit-xhwikibooks.graphml"
"0.47","0.32","0.21","0.376205852503025","1,2,1,1,1,3,1,3,4,5,6,1,7,3,4,8,5,6,6,9,10,2,7,7,11,12,13,8,2,5,6,6,9,9,14,15,16,15,10,10,10,10,2,2,2,2,10,2,2,2,10,10,10,10,10,2,2,2,2,10,17,10,10,7,11,10,10,10,10,10,2,10,12,12,10,10,10,10,10,10,10,13,8,8,8,18,10,10,10,10,19,20,21,10,10,10,8,10,10,10,10,10,10,10,10,10,10,9,9,10,10,10,10,14,15,14,14,14,15,14,14,16,16,16,16,16,16,16,16","0.0250430107116699","infomap","edit-xhwikibooks.graphml"
"0.46","0.33","0.21","0.369481893937949","1,2,1,1,1,3,1,3,4,5,6,1,7,3,4,8,5,6,6,9,2,10,7,7,11,12,13,8,2,5,6,6,9,9,14,15,4,4,2,2,2,2,10,10,10,10,2,10,10,10,2,2,2,2,2,10,10,10,10,2,16,2,2,7,11,2,2,2,2,2,10,2,12,12,2,2,2,2,2,2,2,13,8,8,8,17,2,2,2,2,18,19,20,2,2,2,8,2,2,2,2,2,2,2,2,2,2,9,9,2,2,2,2,14,15,14,15,14,15,14,14,4,4,4,4,4,4,4,4","0.00489211082458496","infomap","edit-xhwikibooks.graphml"
"0.45","0.34","0.21","0.393770139852761","1,2,1,1,1,2,1,2,3,4,5,1,6,3,3,7,4,5,5,8,9,10,6,6,11,12,13,7,2,4,5,5,8,8,14,15,16,3,9,9,9,9,10,10,10,10,9,10,10,10,9,9,9,9,9,10,10,10,10,9,17,9,9,6,11,9,9,9,9,9,10,9,12,12,9,9,9,9,9,9,9,13,7,7,7,18,9,9,9,9,19,20,21,9,9,9,7,9,9,9,9,9,9,9,9,9,9,8,8,9,9,9,9,15,14,15,14,15,15,15,14,16,16,16,16,16,16,16,16","0.00863790512084961","infomap","edit-xhwikibooks.graphml"
"0.44","0.35","0.21","0.397679401952906","1,2,1,1,1,3,1,3,3,4,5,1,6,7,7,8,4,5,5,9,10,2,6,6,11,12,13,8,2,4,5,5,9,9,14,7,15,7,10,10,10,10,2,2,2,2,10,2,2,2,10,10,10,10,10,2,2,2,2,10,16,10,10,6,11,10,10,10,10,10,2,10,12,12,10,10,10,10,10,10,10,13,8,8,8,17,10,10,10,10,18,19,20,10,10,10,8,10,10,10,10,10,10,10,10,10,10,9,9,10,10,10,10,14,14,14,14,7,7,7,14,15,15,15,15,15,15,15,15","0.0096580982208252","infomap","edit-xhwikibooks.graphml"
"0.43","0.36","0.21","0.396087898695764","1,2,1,1,1,3,1,3,4,5,6,1,7,3,4,8,5,6,6,9,10,2,7,7,11,12,13,8,2,5,6,6,9,9,14,15,16,15,10,10,10,10,2,2,2,2,10,2,2,2,10,10,10,10,10,2,2,2,2,10,17,10,10,7,11,10,10,10,10,10,2,10,12,12,10,10,10,10,10,10,10,13,8,8,8,18,10,10,10,10,19,20,21,10,10,10,8,10,10,10,10,10,10,10,10,10,10,9,9,10,10,10,10,15,15,14,14,14,15,14,15,16,16,16,16,16,16,16,16","0.00742006301879883","infomap","edit-xhwikibooks.graphml"
"0.42","0.37","0.21","0.389049976831664","1,2,1,1,1,2,1,2,3,4,5,1,6,2,3,7,4,5,5,8,9,10,6,6,11,12,13,7,2,4,5,5,8,8,14,15,16,3,9,9,9,9,10,10,10,10,9,10,10,10,9,9,9,9,9,10,10,10,10,9,17,9,9,6,11,9,9,9,9,9,10,9,12,12,9,9,9,9,9,9,9,13,7,7,7,18,9,9,9,9,19,20,21,9,9,9,7,9,9,9,9,9,9,9,9,9,9,8,8,9,9,9,9,3,14,14,15,14,14,3,14,16,16,16,16,16,16,16,16","0.00781893730163574","infomap","edit-xhwikibooks.graphml"
"0.41","0.38","0.21","0.383688177944215","1,2,1,1,1,3,1,3,4,5,6,1,7,4,4,8,5,6,6,9,2,10,7,7,11,12,13,8,2,5,6,6,9,9,14,15,16,4,2,2,2,2,10,10,10,10,2,10,10,10,2,2,2,2,2,10,10,10,10,2,17,2,2,7,11,2,2,2,2,2,10,2,12,12,2,2,2,2,2,2,2,13,8,8,8,18,2,2,2,2,19,20,21,2,2,2,8,2,2,2,2,2,2,2,2,2,2,9,9,2,2,2,2,14,15,14,14,15,15,15,14,16,16,16,16,16,16,16,16","0.00764894485473633","infomap","edit-xhwikibooks.graphml"
"0.4","0.39","0.21","0.395815099844072","1,2,1,1,1,2,1,2,3,4,5,1,6,3,3,7,4,5,5,8,9,10,6,6,11,12,13,7,2,4,5,5,8,8,14,15,16,3,9,9,9,9,10,10,10,10,9,10,10,10,9,9,9,9,9,10,10,10,10,9,17,9,9,6,11,9,9,9,9,9,10,9,12,12,9,9,9,9,9,9,9,13,7,7,7,18,9,9,9,9,19,20,21,9,9,9,7,9,9,9,9,9,9,9,9,9,9,8,8,9,9,9,9,15,15,14,14,15,15,14,14,16,16,16,16,16,16,16,16","0.00591087341308594","infomap","edit-xhwikibooks.graphml"
"0.39","0.4","0.21","0.402554342621852","1,2,1,1,1,2,1,2,2,3,4,1,5,2,6,7,3,4,4,8,9,10,5,5,11,12,13,7,2,3,4,4,8,8,14,6,15,6,9,9,9,9,10,10,10,10,9,10,10,10,9,9,9,9,9,10,10,10,10,9,16,9,9,5,11,9,9,9,9,9,10,9,12,12,9,9,9,9,9,9,9,13,7,7,7,17,9,9,9,9,18,19,20,9,9,9,7,9,9,9,9,9,9,9,9,9,9,8,8,9,9,9,9,6,14,14,14,6,14,6,14,15,15,15,15,15,15,15,15","0.00568079948425293","infomap","edit-xhwikibooks.graphml"
"0.38","0.41","0.21","0.401357368572249","1,2,1,1,1,3,1,3,4,5,6,1,7,3,4,8,5,6,6,9,10,2,7,7,11,12,13,8,2,5,6,6,9,9,14,4,15,4,10,10,10,10,2,2,2,2,10,2,2,2,10,10,10,10,10,2,2,2,2,10,16,10,10,7,11,10,10,10,10,10,2,10,12,12,10,10,10,10,10,10,10,13,8,8,8,17,10,10,10,10,18,19,20,10,10,10,8,10,10,10,10,10,10,10,10,10,10,9,9,10,10,10,10,14,4,4,14,14,14,14,4,15,15,15,15,15,15,15,15","0.00569891929626465","infomap","edit-xhwikibooks.graphml"
"0.37","0.42","0.21","0.39786067108166","1,2,1,1,1,3,1,2,3,4,5,1,6,2,3,7,4,5,5,8,9,10,6,6,11,12,13,7,2,4,5,5,8,8,14,15,16,15,9,9,9,9,10,10,10,10,9,10,10,10,9,9,9,9,9,10,10,10,10,9,17,9,9,6,11,9,9,9,9,9,10,9,12,12,9,9,9,9,9,9,9,13,7,7,7,18,9,9,9,9,19,20,21,9,9,9,7,9,9,9,9,9,9,9,9,9,9,8,8,9,9,9,9,14,14,14,14,15,15,15,14,16,16,16,16,16,16,16,16","0.00775718688964844","infomap","edit-xhwikibooks.graphml"
"0.36","0.43","0.21","0.397395406195755","1,2,1,1,3,1,3,2,1,1,3,4,5,6,6,7,8,3,3,4,9,10,5,5,6,11,6,7,2,12,13,3,4,4,14,15,16,6,9,9,9,9,10,10,10,10,9,10,10,10,9,9,9,9,9,10,10,10,10,9,17,9,9,18,19,9,9,9,9,9,10,9,11,11,9,9,9,9,9,9,9,20,7,7,7,21,9,9,9,9,22,23,24,9,9,9,25,9,9,9,9,9,9,9,9,9,9,26,27,9,9,9,9,14,14,15,15,15,14,14,14,16,16,16,16,16,16,16,16","0.00699400901794434","infomap","edit-xhwikibooks.graphml"
"0.35","0.44","0.21","0.390525442163619","1,2,1,1,3,1,3,2,1,1,3,4,5,6,7,8,9,3,3,4,10,11,5,5,7,12,6,8,2,13,14,3,4,4,15,16,17,7,10,10,10,10,11,11,11,11,10,11,11,11,10,10,10,10,10,11,11,11,11,10,18,10,10,19,20,10,10,10,10,10,11,10,12,12,10,10,10,10,10,10,10,21,8,8,8,22,10,10,10,10,23,24,25,10,10,10,26,10,10,10,10,10,10,10,10,10,10,27,28,10,10,10,10,15,15,16,15,16,16,16,15,17,17,17,17,17,17,17,17","0.00551795959472656","infomap","edit-xhwikibooks.graphml"
"0.34","0.45","0.21","0.397867502259814","1,2,1,1,3,1,3,2,1,1,3,4,5,6,7,8,9,3,3,4,10,11,5,5,7,12,6,8,2,13,14,3,4,4,15,16,7,7,10,10,10,10,11,11,11,11,10,11,11,11,10,10,10,10,10,11,11,11,11,10,17,10,10,18,19,10,10,10,10,10,11,10,12,12,10,10,10,10,10,10,10,20,8,8,8,21,10,10,10,10,22,23,24,10,10,10,25,10,10,10,10,10,10,10,10,10,10,26,27,10,10,10,10,16,15,15,15,16,16,15,15,7,7,7,7,7,7,7,7","0.00519704818725586","infomap","edit-xhwikibooks.graphml"
"0.33","0.46","0.21","0.394469091091997","1,2,1,1,3,1,3,2,4,1,3,5,6,7,4,8,9,3,3,5,10,11,6,6,7,12,7,8,2,13,14,3,5,5,15,16,17,4,10,10,10,10,11,11,11,11,10,11,11,11,10,10,10,10,10,11,11,11,11,10,18,10,10,19,20,10,10,10,10,10,11,10,12,12,10,10,10,10,10,10,10,21,8,8,8,22,10,10,10,10,23,24,25,10,10,10,26,10,10,10,10,10,10,10,10,10,10,27,28,10,10,10,10,15,16,15,15,15,15,16,16,17,17,17,17,17,17,17,17","0.00803995132446289","infomap","edit-xhwikibooks.graphml"
"0.32","0.47","0.21","0.394434792029468","1,2,1,1,3,1,3,2,1,1,3,4,5,6,7,8,9,3,3,4,10,11,5,5,6,12,7,8,2,13,14,3,4,4,15,16,17,7,10,10,10,10,11,11,11,11,10,11,11,11,10,10,10,10,10,11,11,11,11,10,18,10,10,19,20,10,10,10,10,10,11,10,12,12,10,10,10,10,10,10,10,21,8,8,8,22,10,10,10,10,23,24,25,10,10,10,26,10,10,10,10,10,10,10,10,10,10,27,28,10,10,10,10,16,16,15,15,15,15,15,16,17,17,17,17,17,17,17,17","0.00569701194763184","infomap","edit-xhwikibooks.graphml"
"0.31","0.48","0.21","0.392789285504716","1,2,1,1,3,1,3,2,1,1,3,4,5,6,7,8,9,3,3,4,10,2,5,5,7,11,6,8,2,12,13,3,4,4,14,6,15,6,10,10,10,10,2,2,2,2,10,2,2,2,10,10,10,10,10,2,2,2,2,10,16,10,10,17,18,10,10,10,10,10,2,10,11,11,10,10,10,10,10,10,10,19,8,8,8,20,10,10,10,10,21,22,23,10,10,10,24,10,10,10,10,10,10,10,10,10,10,25,26,10,10,10,10,6,14,14,14,6,14,14,14,15,15,15,15,15,15,15,15","0.00438380241394043","infomap","edit-xhwikibooks.graphml"
"0.3","0.49","0.21","0.395703032522678","1,2,1,1,3,1,3,4,1,1,3,5,6,4,7,8,9,3,3,5,10,2,6,6,4,11,7,8,2,12,13,3,5,5,14,15,16,7,10,10,10,10,2,2,2,2,10,2,2,2,10,10,10,10,10,2,2,2,2,10,17,10,10,18,19,10,10,10,10,10,2,10,11,11,10,10,10,10,10,10,10,20,8,8,8,21,10,10,10,10,22,23,24,10,10,10,25,10,10,10,10,10,10,10,10,10,10,26,27,10,10,10,10,14,15,14,14,14,15,14,14,16,16,16,16,16,16,16,16","0.00525307655334473","infomap","edit-xhwikibooks.graphml"
"0.29","0.5","0.21","0.434937015642426","1,1,2,2,3,2,3,4,2,2,3,5,4,6,7,8,9,3,3,5,10,11,4,4,6,12,7,8,11,13,14,3,5,5,15,16,7,7,10,10,10,10,11,11,11,11,10,11,11,11,10,10,10,10,10,11,11,11,11,10,17,10,10,18,19,10,10,10,10,10,11,10,12,12,10,10,10,10,10,10,10,20,8,8,8,21,10,10,10,10,22,23,24,10,10,10,25,10,10,10,10,10,10,10,10,10,10,26,27,10,10,10,10,16,16,15,15,16,15,15,16,7,7,7,7,7,7,7,7","0.0055389404296875","infomap","edit-xhwikibooks.graphml"
"0.28","0.51","0.21","0.433493773056136","1,1,2,2,3,2,3,4,2,2,3,5,4,6,7,8,9,3,3,5,10,11,4,4,6,12,7,8,1,13,14,3,5,5,15,16,17,7,10,10,10,10,11,11,11,11,10,11,11,11,10,10,10,10,10,11,11,11,11,10,18,10,10,19,20,10,10,10,10,10,11,10,12,12,10,10,10,10,10,10,10,21,8,8,8,22,10,10,10,10,23,24,25,10,10,10,26,10,10,10,10,10,10,10,10,10,10,27,28,10,10,10,10,15,16,16,15,16,15,15,16,17,17,17,17,17,17,17,17","0.00445413589477539","infomap","edit-xhwikibooks.graphml"
"0.27","0.52","0.21","0.433003159941663","1,2,1,1,3,1,3,4,1,1,3,5,4,6,7,8,9,3,3,5,10,2,4,4,6,11,7,8,2,12,13,3,5,5,14,15,16,7,10,10,10,10,2,2,2,2,10,2,2,2,10,10,10,10,10,2,2,2,2,10,17,10,10,18,19,10,10,10,10,10,2,10,11,11,10,10,10,10,10,10,10,20,8,8,8,21,10,10,10,10,22,23,24,10,10,10,25,10,10,10,10,10,10,10,10,10,10,26,27,10,10,10,10,14,15,15,14,15,15,14,15,16,16,16,16,16,16,16,16","0.00552082061767578","infomap","edit-xhwikibooks.graphml"
"0.26","0.53","0.21","0.421796772377557","1,1,2,2,3,2,3,4,2,2,3,5,4,6,6,7,8,3,3,5,9,10,4,4,6,11,6,7,1,12,13,3,5,5,14,15,16,6,9,9,9,9,10,10,10,10,9,10,10,10,9,9,9,9,9,10,10,10,10,9,17,9,9,18,19,9,9,9,9,9,10,9,11,11,9,9,9,9,9,9,9,20,7,7,7,21,9,9,9,9,22,23,24,9,9,9,25,9,9,9,9,9,9,9,9,9,9,26,27,9,9,9,9,15,15,14,14,14,14,15,15,16,16,16,16,16,16,16,16","0.00654506683349609","infomap","edit-xhwikibooks.graphml"
"0.25","0.54","0.21","0.405781859080285","1,2,1,1,3,1,3,4,1,1,3,5,4,6,7,8,9,3,3,5,2,10,4,4,7,11,6,8,2,12,13,3,5,5,14,15,16,7,2,2,2,2,10,10,10,10,2,10,10,10,2,2,2,2,2,10,10,10,10,2,17,2,2,18,19,2,2,2,2,2,10,2,11,11,2,2,2,2,2,2,2,20,8,8,8,21,2,2,2,2,22,23,24,2,2,2,25,2,2,2,2,2,2,2,2,2,2,26,27,2,2,2,2,15,15,14,15,14,14,15,14,16,16,16,16,16,16,16,16","0.00588083267211914","infomap","edit-xhwikibooks.graphml"
"0.24","0.55","0.21","0.416519230194989","1,1,2,2,3,2,3,4,2,2,3,5,4,6,7,8,9,3,3,5,10,11,4,4,7,12,6,8,1,13,14,3,5,5,15,16,17,7,10,10,10,10,11,11,11,11,10,11,11,11,10,10,10,10,10,11,11,11,11,10,18,10,10,19,20,10,10,10,10,10,11,10,12,12,10,10,10,10,10,10,10,21,8,8,8,22,10,10,10,10,23,24,25,10,10,10,26,10,10,10,10,10,10,10,10,10,10,27,28,10,10,10,10,15,15,15,16,16,16,16,15,17,17,17,17,17,17,17,17","0.00609612464904785","infomap","edit-xhwikibooks.graphml"
"0.23","0.56","0.21","0.421908464065898","1,1,2,2,3,2,3,4,2,2,3,5,4,6,7,8,9,3,3,5,10,11,4,4,7,12,6,8,1,13,14,3,5,5,15,7,16,7,10,10,10,10,11,11,11,11,10,11,11,11,10,10,10,10,10,11,11,11,11,10,17,10,10,18,19,10,10,10,10,10,11,10,12,12,10,10,10,10,10,10,10,20,8,8,8,21,10,10,10,10,22,23,24,10,10,10,25,10,10,10,10,10,10,10,10,10,10,26,27,10,10,10,10,15,15,7,7,7,7,7,7,16,16,16,16,16,16,16,16","0.00411486625671387","infomap","edit-xhwikibooks.graphml"
"0.22","0.57","0.21","0.418520720108696","1,2,1,1,3,1,3,4,1,1,3,5,4,6,7,8,9,3,3,5,10,2,4,4,6,11,7,8,2,12,13,3,5,5,14,15,16,16,10,10,10,10,2,2,2,2,10,2,2,2,10,10,10,10,10,2,2,2,2,10,17,10,10,18,19,10,10,10,10,10,2,10,11,11,10,10,10,10,10,10,10,20,8,8,8,21,10,10,10,10,22,23,24,10,10,10,25,10,10,10,10,10,10,10,10,10,10,26,27,10,10,10,10,14,15,14,15,14,15,15,15,16,16,16,16,16,16,16,16","0.00611710548400879","infomap","edit-xhwikibooks.graphml"
"0.21","0.58","0.21","0.459156487298602","1,2,1,1,3,1,3,4,1,1,3,5,4,6,6,7,8,3,3,5,9,2,4,4,6,10,11,7,2,12,13,3,5,5,14,14,11,11,9,9,9,9,2,2,2,2,9,2,2,2,9,9,9,9,9,2,2,2,2,9,15,9,9,16,17,9,9,9,9,9,2,9,10,10,9,9,9,9,9,9,9,18,7,7,7,19,9,9,9,9,20,21,22,9,9,9,23,9,9,9,9,9,9,9,9,9,9,24,25,9,9,9,9,14,14,14,14,14,14,14,14,11,11,11,11,11,11,11,11","0.00768685340881348","infomap","edit-xhwikibooks.graphml"
"0.2","0.59","0.21","0.430966033601169","1,2,1,1,3,1,3,4,1,1,3,5,4,6,6,7,8,3,3,5,9,2,4,4,6,10,6,7,2,11,12,3,5,5,13,14,15,6,9,9,9,9,2,2,2,2,9,2,2,2,9,9,9,9,9,2,2,2,2,9,16,9,9,17,18,9,9,9,9,9,2,9,10,10,9,9,9,9,9,9,9,19,7,7,7,20,9,9,9,9,21,22,23,9,9,9,24,9,9,9,9,9,9,9,9,9,9,25,26,9,9,9,9,14,14,13,13,14,13,14,13,15,15,15,15,15,15,15,15","0.00511407852172852","infomap","edit-xhwikibooks.graphml"
"0.19","0.6","0.21","0.41659254884983","1,2,1,1,3,1,3,4,1,1,3,5,4,6,7,8,9,3,3,5,2,10,4,4,7,11,6,8,2,12,13,3,5,5,14,15,16,7,2,2,2,2,10,10,10,10,2,10,10,10,2,2,2,2,2,10,10,10,10,2,17,2,2,18,19,2,2,2,2,2,10,2,11,11,2,2,2,2,2,2,2,20,8,8,8,21,2,2,2,2,22,23,24,2,2,2,25,2,2,2,2,2,2,2,2,2,2,26,27,2,2,2,2,15,14,14,14,14,14,15,15,16,16,16,16,16,16,16,16","0.0050809383392334","infomap","edit-xhwikibooks.graphml"
"0.18","0.61","0.21","0.411266837206614","1,1,2,2,3,2,3,4,2,2,3,5,4,6,7,8,9,3,3,5,10,11,4,4,7,12,6,8,1,13,14,3,5,5,15,16,17,7,10,10,10,10,11,11,11,11,10,11,11,11,10,10,10,10,10,11,11,11,11,10,18,10,10,19,20,10,10,10,10,10,11,10,12,12,10,10,10,10,10,10,10,21,8,8,8,22,10,10,10,10,23,24,25,10,10,10,26,10,10,10,10,10,10,10,10,10,10,27,28,10,10,10,10,16,16,16,16,15,16,15,16,7,17,17,17,7,7,7,7","0.00512313842773438","infomap","edit-xhwikibooks.graphml"
"0.17","0.62","0.21","0.4640358542408","1,2,1,1,3,1,3,4,1,1,3,5,4,6,7,8,9,3,3,5,10,2,4,4,7,11,6,8,2,12,13,3,5,5,14,14,15,7,10,10,10,10,2,2,2,2,10,2,2,2,10,10,10,10,10,2,2,2,2,10,16,10,10,17,18,10,10,10,10,10,2,10,11,11,10,10,10,10,10,10,10,19,8,8,8,20,10,10,10,10,21,22,23,10,10,10,24,10,10,10,10,10,10,10,10,10,10,25,26,10,10,10,10,14,14,14,14,14,14,14,14,15,15,15,15,15,15,15,15","0.00427389144897461","infomap","edit-xhwikibooks.graphml"
"0.16","0.63","0.21","0.438391708414493","1,2,1,1,3,1,3,4,1,1,3,5,4,6,7,8,9,3,3,5,10,2,4,4,6,11,6,8,2,12,13,3,5,5,14,7,15,7,10,10,10,10,2,2,2,2,10,2,2,2,10,10,10,10,10,2,2,2,2,10,16,10,10,17,18,10,10,10,10,10,2,10,11,11,10,10,10,10,10,10,10,19,8,8,8,20,10,10,10,10,21,22,23,10,10,10,24,10,10,10,10,10,10,10,10,10,10,25,26,10,10,10,10,14,7,14,7,14,14,14,14,15,15,15,15,15,15,15,15","0.00527405738830566","infomap","edit-xhwikibooks.graphml"
"0.15","0.64","0.21","0.413533175072412","1,2,1,3,4,3,5,6,3,3,5,7,6,8,8,3,9,10,5,11,2,12,13,6,8,8,8,3,2,14,15,16,11,17,18,19,20,8,2,2,2,2,12,12,12,12,2,12,12,12,2,2,2,2,2,12,12,12,12,2,21,2,2,22,23,2,2,2,2,2,12,2,24,25,2,2,2,2,2,2,2,26,27,28,29,30,2,2,2,2,31,32,33,2,2,2,34,2,2,2,2,2,2,2,2,2,2,35,36,2,2,2,2,18,19,19,19,19,18,18,19,20,20,20,20,20,20,20,20","0.00745820999145508","infomap","edit-xhwikibooks.graphml"
"0.14","0.65","0.21","0.412929540712726","1,2,1,3,4,3,5,6,3,3,5,7,6,8,9,3,10,11,5,12,13,2,14,6,8,15,9,3,2,16,17,18,12,19,20,21,15,15,13,13,13,13,2,2,2,2,13,2,2,2,13,13,13,13,13,2,2,2,2,13,22,13,13,23,24,13,13,13,13,13,2,13,25,26,13,13,13,13,13,13,13,27,28,29,30,31,13,13,13,13,32,33,34,13,13,13,35,13,13,13,13,13,13,13,13,13,13,36,37,13,13,13,13,21,21,20,20,21,20,20,20,15,15,15,15,15,15,15,15","0.0049750804901123","infomap","edit-xhwikibooks.graphml"
"0.13","0.66","0.21","0.463474964125452","1,2,1,3,4,3,5,6,3,3,5,7,6,8,8,3,9,10,5,11,12,2,13,6,8,8,8,3,2,14,15,16,11,17,18,18,19,8,12,12,12,12,2,2,2,2,12,2,2,2,12,12,12,12,12,2,2,2,2,12,20,12,12,21,22,12,12,12,12,12,2,12,23,24,12,12,12,12,12,12,12,25,26,27,28,29,12,12,12,12,30,31,32,12,12,12,33,12,12,12,12,12,12,12,12,12,12,34,35,12,12,12,12,18,18,18,18,18,18,18,18,19,19,19,19,19,19,19,19","0.00757002830505371","infomap","edit-xhwikibooks.graphml"
"0.12","0.67","0.21","0.444373945494581","1,2,1,3,4,3,5,6,3,3,5,7,6,8,8,3,9,10,5,11,12,2,13,6,8,8,8,3,2,14,15,16,11,17,18,19,20,8,12,12,12,12,2,2,2,2,12,2,2,2,12,12,12,12,12,2,2,2,2,12,21,12,12,22,23,12,12,12,12,12,2,12,24,25,12,12,12,12,12,12,12,26,27,28,29,30,12,12,12,12,31,32,33,12,12,12,34,12,12,12,12,12,12,12,12,12,12,35,36,12,12,12,12,19,19,18,18,19,19,18,18,20,20,20,20,20,20,20,20","0.00419092178344727","infomap","edit-xhwikibooks.graphml"
"0.11","0.68","0.21","0.432130958849266","1,2,1,3,4,3,5,6,3,3,5,7,6,8,9,3,10,11,5,12,13,2,14,6,9,9,8,3,2,15,16,17,12,18,19,20,21,9,13,13,13,13,2,2,2,2,13,2,2,2,13,13,13,13,13,2,2,2,2,13,22,13,13,23,24,13,13,13,13,13,2,13,25,26,13,13,13,13,13,13,13,27,28,29,30,31,13,13,13,13,32,33,34,13,13,13,35,13,13,13,13,13,13,13,13,13,13,36,37,13,13,13,13,19,19,20,19,20,20,19,20,21,21,21,21,21,21,21,21","0.00598001480102539","infomap","edit-xhwikibooks.graphml"
"0.1","0.69","0.21","0.412939176216919","1,2,1,3,4,3,5,6,3,3,5,7,6,6,8,3,9,10,5,11,2,12,13,6,8,8,8,3,2,14,15,16,11,17,18,19,20,8,2,2,2,2,12,12,12,12,2,12,12,12,2,2,2,2,2,12,12,12,12,2,21,2,2,22,23,2,2,2,2,2,12,2,24,25,2,2,2,2,2,2,2,26,27,28,29,30,2,2,2,2,31,32,33,2,2,2,34,2,2,2,2,2,2,2,2,2,2,35,36,2,2,2,2,19,19,18,19,19,18,19,18,20,20,20,20,20,20,20,20","0.00518202781677246","infomap","edit-xhwikibooks.graphml"
"0.09","0.7","0.21","0.420263306632006","1,2,1,3,4,3,5,6,3,3,5,7,6,6,8,3,9,10,5,11,2,12,13,6,8,8,8,3,2,14,15,16,11,17,18,19,20,19,2,2,2,2,12,12,12,12,2,12,12,12,2,2,2,2,2,12,12,12,12,2,21,2,2,22,23,2,2,2,2,2,12,2,24,25,2,2,2,2,2,2,2,26,27,28,29,30,2,2,2,2,31,32,33,2,2,2,34,2,2,2,2,2,2,2,2,2,2,35,36,2,2,2,2,18,18,18,18,18,18,18,19,20,20,20,20,20,20,20,20","0.00428009033203125","infomap","edit-xhwikibooks.graphml"
"0.08","0.71","0.21","0.421839770565728","1,2,1,3,4,3,5,6,3,3,5,7,6,6,8,3,9,10,5,11,12,2,13,6,14,8,8,3,2,15,16,17,11,18,19,14,20,14,12,12,12,12,2,2,2,2,12,2,2,2,12,12,12,12,12,2,2,2,2,12,21,12,12,22,23,12,12,12,12,12,2,12,24,25,12,12,12,12,12,12,12,26,27,28,29,30,12,12,12,12,31,32,33,12,12,12,34,12,12,12,12,12,12,12,12,12,12,35,36,12,12,12,12,14,14,19,19,14,14,14,14,20,20,20,20,20,20,20,20","0.00480198860168457","infomap","edit-xhwikibooks.graphml"
"0.07","0.72","0.21","0.415711902673583","1,2,1,3,4,3,5,6,3,3,5,7,6,6,8,3,9,10,5,11,2,12,13,6,8,8,8,3,2,14,15,16,11,17,18,19,20,19,2,2,2,2,12,12,12,12,2,12,12,12,2,2,2,2,2,12,12,12,12,2,21,2,2,22,23,2,2,2,2,2,12,2,24,25,2,2,2,2,2,2,2,26,27,28,29,30,2,2,2,2,31,32,33,2,2,2,34,2,2,2,2,2,2,2,2,2,2,35,36,2,2,2,2,18,18,19,19,19,18,19,18,20,20,20,20,20,20,20,20","0.00441503524780273","infomap","edit-xhwikibooks.graphml"
"0.06","0.73","0.21","0.46549853907962","1,2,1,3,4,3,5,6,3,3,5,7,6,6,8,3,9,10,5,11,12,2,13,6,8,8,8,3,2,14,15,16,11,17,18,18,19,8,12,12,12,12,2,2,2,2,12,2,2,2,12,12,12,12,12,2,2,2,2,12,20,12,12,21,22,12,12,12,12,12,2,12,23,24,12,12,12,12,12,12,12,25,26,27,28,29,12,12,12,12,30,31,32,12,12,12,33,12,12,12,12,12,12,12,12,12,12,34,35,12,12,12,12,18,18,18,18,18,18,18,18,19,19,19,19,19,19,19,19","0.00424599647521973","infomap","edit-xhwikibooks.graphml"
"0.05","0.74","0.21","0.418919831994156","1,2,1,3,4,3,5,6,3,3,5,7,6,6,8,3,9,10,5,11,2,12,13,6,8,8,8,3,2,14,15,16,11,17,18,19,20,8,2,2,2,2,12,12,12,12,2,12,12,12,2,2,2,2,2,12,12,12,12,2,21,2,2,22,23,2,2,2,2,2,12,2,24,25,2,2,2,2,2,2,2,26,27,28,29,30,2,2,2,2,31,32,33,2,2,2,34,2,2,2,2,2,2,2,2,2,2,35,36,2,2,2,2,19,19,19,19,18,19,19,19,20,20,20,20,20,20,20,20","0.00508999824523926","infomap","edit-xhwikibooks.graphml"
"0.04","0.75","0.21","0.420390905017921","1,2,1,3,4,3,5,6,3,3,5,7,6,6,8,3,9,10,5,11,2,12,13,6,8,8,8,3,2,14,15,16,11,17,18,19,20,8,2,2,2,2,12,12,12,12,2,12,12,12,2,2,2,2,2,12,12,12,12,2,21,2,2,22,23,2,2,2,2,2,12,2,24,25,2,2,2,2,2,2,2,26,27,28,29,30,2,2,2,2,31,32,33,2,2,2,34,2,2,2,2,2,2,2,2,2,2,35,36,2,2,2,2,19,18,19,18,19,18,19,18,20,20,20,20,20,20,20,20","0.00436711311340332","infomap","edit-xhwikibooks.graphml"
"0.03","0.76","0.21","0.419967569028422","1,2,1,3,4,3,5,6,3,3,5,7,6,6,8,3,9,10,5,11,2,12,13,6,8,8,8,3,2,14,15,16,11,17,18,19,20,8,2,2,2,2,12,12,12,12,2,12,12,12,2,2,2,2,2,12,12,12,12,2,21,2,2,22,23,2,2,2,2,2,12,2,24,25,2,2,2,2,2,2,2,26,27,28,29,30,2,2,2,2,31,32,33,2,2,2,34,2,2,2,2,2,2,2,2,2,2,35,36,2,2,2,2,18,19,19,19,18,18,19,19,20,20,20,20,20,20,20,20","0.00415897369384766","infomap","edit-xhwikibooks.graphml"
"0.02","0.77","0.21","0.43828479324943","1,2,1,3,4,3,5,6,3,3,5,7,6,6,8,3,9,10,5,11,12,2,13,6,8,8,8,3,2,14,15,16,11,17,18,19,20,8,12,12,12,12,2,2,2,2,12,2,2,2,12,12,12,12,12,2,2,2,2,12,21,12,12,22,23,12,12,12,12,12,2,12,24,25,12,12,12,12,12,12,12,26,27,28,29,30,12,12,12,12,31,32,33,12,12,12,34,12,12,12,12,12,12,12,12,12,12,35,36,12,12,12,12,19,18,18,18,19,18,18,18,20,20,20,20,20,20,20,20","0.0051720142364502","infomap","edit-xhwikibooks.graphml"
"0.01","0.78","0.21","0.422225628831321","1,2,1,3,4,3,5,6,3,3,5,7,6,6,8,3,9,10,5,11,2,12,13,6,8,8,8,3,2,14,15,16,11,17,18,19,20,19,2,2,2,2,12,12,12,12,2,12,12,12,2,2,2,2,2,12,12,12,12,2,21,2,2,22,23,2,2,2,2,2,12,2,24,25,2,2,2,2,2,2,2,26,27,28,29,30,2,2,2,2,31,32,33,2,2,2,34,2,2,2,2,2,2,2,2,2,2,35,36,2,2,2,2,19,19,19,18,19,18,19,18,20,20,20,20,20,20,20,20","0.00422906875610352","infomap","edit-xhwikibooks.graphml"
"0","0.79","0.21","0.440882114162537","1,2,1,3,1,3,4,5,3,3,4,6,5,5,7,3,8,9,4,10,11,2,12,5,7,7,7,3,1,13,14,15,10,16,17,18,19,7,11,11,11,11,2,2,2,2,11,2,2,2,11,11,11,11,11,2,2,2,2,11,20,11,11,21,22,11,11,11,11,11,2,11,23,24,11,11,11,11,11,11,11,25,26,27,28,29,11,11,11,11,30,31,32,11,11,11,33,11,11,11,11,11,11,11,11,11,11,34,35,11,11,11,11,18,18,18,18,17,18,18,18,19,19,19,19,19,19,19,19","0.00598502159118652","infomap","edit-xhwikibooks.graphml"
"0.78","0","0.22","0.351758760416349","1,2,1,1,1,3,1,2,3,4,5,6,7,8,9,3,4,5,10,6,11,12,7,13,8,14,9,15,16,4,5,17,6,6,10,18,19,9,11,11,11,11,12,12,12,12,11,12,12,12,11,11,11,11,11,12,12,12,12,11,7,11,11,13,8,11,11,11,11,11,12,11,14,14,11,11,11,11,11,11,11,9,15,15,15,16,11,11,11,11,4,5,17,11,11,11,3,11,11,11,11,11,11,11,11,11,11,6,6,11,11,11,11,10,18,10,10,10,10,18,18,19,19,19,19,19,19,19,19","0.0124390125274658","infomap","edit-xhwikibooks.graphml"
"0.77","0.01","0.22","0.348244673544764","1,2,1,1,1,3,1,2,3,4,5,6,7,8,9,3,4,5,9,6,10,11,7,12,8,13,14,15,16,4,5,17,6,6,18,9,19,9,10,10,10,10,11,11,11,11,10,11,11,11,10,10,10,10,10,11,11,11,11,10,7,10,10,12,8,10,10,10,10,10,11,10,13,13,10,10,10,10,10,10,10,14,15,15,15,16,10,10,10,10,4,5,17,10,10,10,3,10,10,10,10,10,10,10,10,10,10,6,6,10,10,10,10,18,18,9,18,9,9,18,18,19,19,19,19,19,19,19,19","0.00824999809265137","infomap","edit-xhwikibooks.graphml"
"0.76","0.02","0.22","0.350630322639724","1,2,1,1,1,3,1,2,4,5,6,7,8,9,4,3,5,6,10,7,11,12,8,13,9,14,9,15,16,5,6,17,7,7,10,4,18,4,11,11,11,11,12,12,12,12,11,12,12,12,11,11,11,11,11,12,12,12,12,11,8,11,11,13,9,11,11,11,11,11,12,11,14,14,11,11,11,11,11,11,11,9,15,15,15,16,11,11,11,11,5,6,17,11,11,11,3,11,11,11,11,11,11,11,11,11,11,7,7,11,11,11,11,10,4,4,4,4,4,10,10,18,18,18,18,18,18,18,18","0.0124690532684326","infomap","edit-xhwikibooks.graphml"
"0.75","0.03","0.22","0.351124851367419","1,2,1,1,1,2,1,2,3,4,5,6,7,8,3,2,4,5,9,6,10,11,7,12,8,13,8,14,15,4,5,16,6,6,9,17,18,3,10,10,10,10,11,11,11,11,10,11,11,11,10,10,10,10,10,11,11,11,11,10,7,10,10,12,8,10,10,10,10,10,11,10,13,13,10,10,10,10,10,10,10,8,14,14,14,15,10,10,10,10,4,5,16,10,10,10,2,10,10,10,10,10,10,10,10,10,10,6,6,10,10,10,10,9,9,9,17,17,17,9,17,18,18,18,18,18,18,18,18","0.0104339122772217","infomap","edit-xhwikibooks.graphml"
"0.74","0.04","0.22","0.341859690844233","1,2,1,1,1,3,1,2,3,4,5,6,7,8,9,3,4,5,10,6,11,12,7,13,9,14,8,15,16,4,5,17,6,6,18,10,19,3,11,11,11,11,12,12,12,12,11,12,12,12,11,11,11,11,11,12,12,12,12,11,7,11,11,13,9,11,11,11,11,11,12,11,14,14,11,11,11,11,11,11,11,8,15,15,15,16,11,11,11,11,4,5,17,11,11,11,3,11,11,11,11,11,11,11,11,11,11,6,6,11,11,11,11,10,10,10,10,18,10,18,10,19,19,19,19,19,19,19,19","0.0103209018707275","infomap","edit-xhwikibooks.graphml"
"0.73","0.05","0.22","0.337633472212736","1,2,1,1,1,3,1,2,4,5,6,7,8,9,10,3,5,6,4,7,11,12,8,13,14,15,9,16,17,5,6,18,7,7,10,4,19,4,11,11,11,11,12,12,12,12,11,12,12,12,11,11,11,11,11,12,12,12,12,11,8,11,11,13,14,11,11,11,11,11,12,11,15,15,11,11,11,11,11,11,11,9,16,16,16,17,11,11,11,11,5,6,18,11,11,11,3,11,11,11,11,11,11,11,11,11,11,7,7,11,11,11,11,10,4,10,4,10,10,4,4,19,19,19,19,19,19,19,19","0.0126299858093262","infomap","edit-xhwikibooks.graphml"
"0.72","0.06","0.22","0.354813075536063","1,2,1,1,1,3,1,3,3,4,5,6,7,8,3,9,4,5,10,6,11,2,7,12,3,13,8,14,15,4,5,16,6,6,10,17,18,3,11,11,11,11,2,2,2,2,11,2,2,2,11,11,11,11,11,2,2,2,2,11,7,11,11,12,3,11,11,11,11,11,2,11,13,13,11,11,11,11,11,11,11,8,14,14,14,15,11,11,11,11,4,5,16,11,11,11,9,11,11,11,11,11,11,11,11,11,11,6,6,11,11,11,11,10,17,10,17,10,17,17,10,18,18,18,18,18,18,18,18","0.009613037109375","infomap","edit-xhwikibooks.graphml"
"0.71","0.07","0.22","0.344613233607052","1,1,2,3,2,3,2,4,4,5,2,6,4,7,8,3,5,2,8,6,9,10,11,12,13,14,7,15,16,5,2,17,6,6,18,8,19,19,9,9,9,9,10,10,10,10,9,10,10,10,9,9,9,9,9,10,10,10,10,9,11,9,9,12,13,9,9,9,9,9,10,9,14,14,9,9,9,9,9,9,9,7,15,15,15,16,9,9,9,9,5,2,17,9,9,9,3,9,9,9,9,9,9,9,9,9,9,6,6,9,9,9,9,8,8,18,18,18,18,8,8,19,19,19,19,19,19,19,19","0.0092010498046875","infomap","edit-xhwikibooks.graphml"
"0.7","0.08","0.22","0.34784764442337","1,2,1,1,1,3,1,2,3,4,5,6,7,8,9,3,4,5,10,6,11,12,7,13,14,15,8,16,17,4,5,18,6,6,10,19,9,3,11,11,11,11,12,12,12,12,11,12,12,12,11,11,11,11,11,12,12,12,12,11,7,11,11,13,14,11,11,11,11,11,12,11,15,15,11,11,11,11,11,11,11,8,16,16,16,17,11,11,11,11,4,5,18,11,11,11,3,11,11,11,11,11,11,11,11,11,11,6,6,11,11,11,11,19,19,19,19,19,10,19,10,9,9,9,9,9,9,9,9","0.0122730731964111","infomap","edit-xhwikibooks.graphml"
"0.69","0.09","0.22","0.345053555475208","1,2,1,1,1,2,1,2,3,4,5,6,7,8,3,2,4,5,9,6,10,11,7,12,8,13,8,14,15,4,5,16,6,6,17,9,18,3,10,10,10,10,11,11,11,11,10,11,11,11,10,10,10,10,10,11,11,11,11,10,7,10,10,12,8,10,10,10,10,10,11,10,13,13,10,10,10,10,10,10,10,8,14,14,14,15,10,10,10,10,4,5,16,10,10,10,2,10,10,10,10,10,10,10,10,10,10,6,6,10,10,10,10,17,9,17,17,9,17,9,17,18,18,18,18,18,18,18,18","0.0104429721832275","infomap","edit-xhwikibooks.graphml"
"0.68","0.1","0.22","0.34756824281798","1,2,1,1,1,3,1,3,3,4,5,6,7,8,3,9,4,5,10,6,11,2,7,12,3,13,8,14,15,4,5,16,6,6,10,17,18,18,11,11,11,11,2,2,2,2,11,2,2,2,11,11,11,11,11,2,2,2,2,11,7,11,11,12,3,11,11,11,11,11,2,11,13,13,11,11,11,11,11,11,11,8,14,14,14,15,11,11,11,11,4,5,16,11,11,11,9,11,11,11,11,11,11,11,11,11,11,6,6,11,11,11,11,10,10,17,17,10,17,10,17,18,18,18,18,18,18,18,18","0.0134410858154297","infomap","edit-xhwikibooks.graphml"
"0.67","0.11","0.22","0.346125495612232","1,2,1,1,1,2,1,2,3,4,5,6,7,8,3,9,4,5,10,6,11,12,7,7,8,13,3,9,14,4,5,15,6,6,10,16,17,3,11,11,11,11,12,12,12,12,11,12,12,12,11,11,11,11,11,12,12,12,12,11,7,11,11,7,8,11,11,11,11,11,12,11,13,13,11,11,11,11,11,11,11,3,9,9,9,14,11,11,11,11,4,5,15,11,11,11,9,11,11,11,11,11,11,11,11,11,11,6,6,11,11,11,11,10,16,16,16,16,16,16,10,17,17,17,17,17,17,17,17","0.00943398475646973","infomap","edit-xhwikibooks.graphml"
"0.66","0.12","0.22","0.345085841049383","1,2,1,1,1,3,1,2,3,4,5,6,7,8,3,9,4,5,10,6,11,12,7,7,8,13,8,9,14,4,5,15,6,6,10,16,17,8,11,11,11,11,12,12,12,12,11,12,12,12,11,11,11,11,11,12,12,12,12,11,7,11,11,7,8,11,11,11,11,11,12,11,13,13,11,11,11,11,11,11,11,8,9,9,9,14,11,11,11,11,4,5,15,11,11,11,9,11,11,11,11,11,11,11,11,11,11,6,6,11,11,11,11,16,10,16,16,16,16,16,16,17,17,17,17,17,17,17,17","0.00696301460266113","infomap","edit-xhwikibooks.graphml"
"0.65","0.13","0.22","0.351481510692693","1,2,1,1,1,3,1,4,3,5,6,7,8,4,3,9,5,6,10,7,11,2,8,8,3,12,4,9,13,5,6,14,7,7,10,15,16,3,11,11,11,11,2,2,2,2,11,2,2,2,11,11,11,11,11,2,2,2,2,11,8,11,11,8,3,11,11,11,11,11,2,11,12,12,11,11,11,11,11,11,11,4,9,9,9,13,11,11,11,11,5,6,14,11,11,11,9,11,11,11,11,11,11,11,11,11,11,7,7,11,11,11,11,10,15,15,10,15,10,10,15,16,16,16,16,16,16,16,16","0.0080711841583252","infomap","edit-xhwikibooks.graphml"
"0.64","0.14","0.22","0.379637235231542","1,2,1,1,1,3,1,3,3,4,5,6,7,8,3,9,4,5,10,6,11,2,7,7,8,12,8,9,13,4,5,14,6,6,10,10,15,3,11,11,11,11,2,2,2,2,11,2,2,2,11,11,11,11,11,2,2,2,2,11,7,11,11,7,8,11,11,11,11,11,2,11,12,12,11,11,11,11,11,11,11,8,9,9,9,13,11,11,11,11,4,5,14,11,11,11,9,11,11,11,11,11,11,11,11,11,11,6,6,11,11,11,11,10,10,10,10,10,10,10,10,15,15,15,15,15,15,15,15","0.0126440525054932","infomap","edit-xhwikibooks.graphml"
"0.63","0.15","0.22","0.346374118616648","1,1,2,2,2,3,2,3,4,5,6,2,7,8,4,9,5,6,10,11,12,13,7,7,8,14,8,9,15,5,6,16,11,11,17,10,18,4,12,12,12,12,13,13,13,13,12,13,13,13,12,12,12,12,12,13,13,13,13,12,7,12,12,7,8,12,12,12,12,12,13,12,14,14,12,12,12,12,12,12,12,8,9,9,9,15,12,12,12,12,5,6,16,12,12,12,9,12,12,12,12,12,12,12,12,12,12,11,11,12,12,12,12,17,10,10,10,17,10,10,10,18,18,18,18,18,18,18,18","0.0109329223632812","infomap","edit-xhwikibooks.graphml"
"0.62","0.16","0.22","0.354874818811708","1,2,1,1,1,3,1,2,3,4,5,6,7,8,3,9,4,5,10,6,11,12,7,7,8,13,8,9,14,4,5,15,6,6,10,16,17,3,11,11,11,11,12,12,12,12,11,12,12,12,11,11,11,11,11,12,12,12,12,11,7,11,11,7,8,11,11,11,11,11,12,11,13,13,11,11,11,11,11,11,11,8,9,9,9,14,11,11,11,11,4,5,15,11,11,11,9,11,11,11,11,11,11,11,11,11,11,6,6,11,11,11,11,10,10,10,16,16,16,10,16,17,17,17,17,17,17,17,17","0.0089118480682373","infomap","edit-xhwikibooks.graphml"
"0.61","0.17","0.22","0.354738067564304","1,2,1,1,1,2,1,2,3,4,5,6,7,8,3,9,4,5,10,6,11,12,7,7,8,13,14,9,15,4,5,16,6,6,10,3,17,3,11,11,11,11,12,12,12,12,11,12,12,12,11,11,11,11,11,12,12,12,12,11,7,11,11,7,8,11,11,11,11,11,12,11,13,13,11,11,11,11,11,11,11,14,9,9,9,15,11,11,11,11,4,5,16,11,11,11,9,11,11,11,11,11,11,11,11,11,11,6,6,11,11,11,11,3,10,3,3,3,3,10,10,17,17,17,17,17,17,17,17","0.00823187828063965","infomap","edit-xhwikibooks.graphml"
"0.6","0.18","0.22","0.351887038099263","1,2,1,1,1,3,1,2,3,4,5,6,7,8,3,9,4,5,10,6,11,12,7,7,8,13,8,9,14,4,5,15,6,6,16,10,17,3,11,11,11,11,12,12,12,12,11,12,12,12,11,11,11,11,11,12,12,12,12,11,7,11,11,7,8,11,11,11,11,11,12,11,13,13,11,11,11,11,11,11,11,8,9,9,9,14,11,11,11,11,4,5,15,11,11,11,9,11,11,11,11,11,11,11,11,11,11,6,6,11,11,11,11,10,16,16,16,10,10,16,10,17,17,17,17,17,17,17,17","0.011268138885498","infomap","edit-xhwikibooks.graphml"
"0.59","0.19","0.22","0.354176663072665","1,2,1,1,1,3,1,3,3,4,5,6,7,8,9,10,4,5,11,6,12,2,7,7,9,13,8,10,14,4,5,15,6,6,11,16,17,9,12,12,12,12,2,2,2,2,12,2,2,2,12,12,12,12,12,2,2,2,2,12,7,12,12,7,9,12,12,12,12,12,2,12,13,13,12,12,12,12,12,12,12,8,10,10,10,14,12,12,12,12,4,5,15,12,12,12,10,12,12,12,12,12,12,12,12,12,12,6,6,12,12,12,12,16,16,16,16,16,11,16,11,17,17,17,17,17,17,17,17","0.00730180740356445","infomap","edit-xhwikibooks.graphml"
"0.58","0.2","0.22","0.354888361987496","1,2,1,1,1,3,1,2,3,4,5,6,7,8,9,10,4,5,11,6,12,13,7,7,8,14,8,10,15,4,5,16,6,6,11,9,3,3,12,12,12,12,13,13,13,13,12,13,13,13,12,12,12,12,12,13,13,13,13,12,7,12,12,7,8,12,12,12,12,12,13,12,14,14,12,12,12,12,12,12,12,8,10,10,10,15,12,12,12,12,4,5,16,12,12,12,10,12,12,12,12,12,12,12,12,12,12,6,6,12,12,12,12,11,11,11,9,11,11,11,9,3,3,3,3,3,3,3,3","0.0135269165039062","infomap","edit-xhwikibooks.graphml"
"0.57","0.21","0.22","0.348093203196592","1,2,1,1,1,2,1,2,3,4,5,1,6,2,3,7,4,5,8,9,10,11,6,6,12,13,14,7,15,4,5,8,9,9,16,17,18,18,10,10,10,10,11,11,11,11,10,11,11,11,10,10,10,10,10,11,11,11,11,10,6,10,10,6,12,10,10,10,10,10,11,10,13,13,10,10,10,10,10,10,10,14,7,7,7,15,10,10,10,10,4,5,8,10,10,10,7,10,10,10,10,10,10,10,10,10,10,9,9,10,10,10,10,16,16,17,17,16,17,17,16,18,18,18,18,18,18,18,18","0.00941920280456543","infomap","edit-xhwikibooks.graphml"
"0.56","0.22","0.22","0.349643704569275","1,2,1,1,1,3,1,2,3,4,5,1,6,2,3,7,4,5,8,9,10,11,6,6,12,13,14,7,15,4,5,8,9,9,16,17,18,3,10,10,10,10,11,11,11,11,10,11,11,11,10,10,10,10,10,11,11,11,11,10,6,10,10,6,12,10,10,10,10,10,11,10,13,13,10,10,10,10,10,10,10,14,7,7,7,15,10,10,10,10,4,5,8,10,10,10,7,10,10,10,10,10,10,10,10,10,10,9,9,10,10,10,10,16,16,17,17,16,17,17,16,18,18,18,18,18,18,18,18","0.00606393814086914","infomap","edit-xhwikibooks.graphml"
"0.55","0.23","0.22","0.350842193535657","1,2,1,1,1,3,1,3,3,4,5,1,6,3,7,8,4,5,5,9,10,2,6,6,11,12,13,8,2,4,5,5,9,9,14,7,15,7,10,10,10,10,2,2,2,2,10,2,2,2,10,10,10,10,10,2,2,2,2,10,16,10,10,6,11,10,10,10,10,10,2,10,12,12,10,10,10,10,10,10,10,13,8,8,8,17,10,10,10,10,18,19,20,10,10,10,8,10,10,10,10,10,10,10,10,10,10,9,9,10,10,10,10,7,7,7,14,14,14,7,7,15,15,15,15,15,15,15,15","0.00685000419616699","infomap","edit-xhwikibooks.graphml"
"0.54","0.24","0.22","0.354579408130869","1,2,1,1,1,3,1,4,3,5,6,1,7,4,3,8,5,6,6,9,10,2,7,7,11,12,4,8,2,5,6,6,9,9,13,14,15,3,10,10,10,10,2,2,2,2,10,2,2,2,10,10,10,10,10,2,2,2,2,10,16,10,10,7,11,10,10,10,10,10,2,10,12,12,10,10,10,10,10,10,10,4,8,8,8,17,10,10,10,10,18,19,20,10,10,10,8,10,10,10,10,10,10,10,10,10,10,9,9,10,10,10,10,13,13,13,13,14,14,13,14,15,15,15,15,15,15,15,15","0.00583600997924805","infomap","edit-xhwikibooks.graphml"
"0.53","0.25","0.22","0.357978033576552","1,2,1,1,1,3,1,3,4,5,6,1,7,3,4,8,5,6,6,9,10,2,7,7,11,12,13,8,2,5,6,6,9,9,14,4,15,4,10,10,10,10,2,2,2,2,10,2,2,2,10,10,10,10,10,2,2,2,2,10,16,10,10,7,11,10,10,10,10,10,2,10,12,12,10,10,10,10,10,10,10,13,8,8,8,17,10,10,10,10,18,19,20,10,10,10,8,10,10,10,10,10,10,10,10,10,10,9,9,10,10,10,10,4,4,4,14,4,14,14,4,15,15,15,15,15,15,15,15","0.00899600982666016","infomap","edit-xhwikibooks.graphml"
"0.52","0.26","0.22","0.357648220311147","1,2,1,1,1,3,1,2,3,4,5,1,6,3,3,7,4,5,5,8,9,10,6,6,11,12,3,7,2,4,5,5,8,8,13,14,15,3,9,9,9,9,10,10,10,10,9,10,10,10,9,9,9,9,9,10,10,10,10,9,16,9,9,6,11,9,9,9,9,9,10,9,12,12,9,9,9,9,9,9,9,3,7,7,7,17,9,9,9,9,18,19,20,9,9,9,7,9,9,9,9,9,9,9,9,9,9,8,8,9,9,9,9,14,13,14,13,13,14,14,13,15,15,15,15,15,15,15,15","0.00687813758850098","infomap","edit-xhwikibooks.graphml"
"0.51","0.27","0.22","0.357978552659082","1,2,1,1,1,3,1,4,3,5,6,1,7,4,3,8,5,6,6,9,10,2,7,7,11,12,13,8,2,5,6,6,9,9,14,15,16,3,10,10,10,10,2,2,2,2,10,2,2,2,10,10,10,10,10,2,2,2,2,10,17,10,10,7,11,10,10,10,10,10,2,10,12,12,10,10,10,10,10,10,10,13,8,8,8,18,10,10,10,10,19,20,21,10,10,10,8,10,10,10,10,10,10,10,10,10,10,9,9,10,10,10,10,14,14,14,14,14,15,15,15,16,16,16,16,16,16,16,16","0.00876998901367188","infomap","edit-xhwikibooks.graphml"
"0.5","0.28","0.22","0.337364993513733","1,1,2,2,2,3,2,3,4,5,2,6,7,3,4,8,5,2,2,6,9,10,7,7,11,12,13,8,1,5,2,2,6,6,14,15,16,4,9,9,9,9,10,10,10,10,9,10,10,10,9,9,9,9,9,10,10,10,10,9,17,9,9,7,11,9,9,9,9,9,10,9,12,12,9,9,9,9,9,9,9,13,8,8,8,18,9,9,9,9,19,20,21,9,9,9,8,9,9,9,9,9,9,9,9,9,9,6,6,9,9,9,9,15,14,15,15,14,15,15,14,4,4,4,16,4,4,4,4","0.00575995445251465","infomap","edit-xhwikibooks.graphml"
"0.49","0.29","0.22","0.361748345596742","1,2,1,1,1,2,1,2,3,4,5,1,6,2,3,7,4,5,5,8,9,10,6,6,11,12,13,7,2,4,5,5,8,8,14,3,15,3,9,9,9,9,10,10,10,10,9,10,10,10,9,9,9,9,9,10,10,10,10,9,16,9,9,6,11,9,9,9,9,9,10,9,12,12,9,9,9,9,9,9,9,13,7,7,7,17,9,9,9,9,18,19,20,9,9,9,7,9,9,9,9,9,9,9,9,9,9,8,8,9,9,9,9,3,14,3,14,3,14,3,3,15,15,15,15,15,15,15,15","0.00806593894958496","infomap","edit-xhwikibooks.graphml"
"0.48","0.3","0.22","0.342946043537334","1,1,2,2,2,3,2,3,4,5,6,2,7,3,4,8,5,6,6,9,10,11,7,7,12,13,14,8,1,5,6,6,9,9,15,16,17,4,10,10,10,10,11,11,11,11,10,11,11,11,10,10,10,10,10,11,11,11,11,10,18,10,10,7,12,10,10,10,10,10,11,10,13,13,10,10,10,10,10,10,10,14,8,8,8,19,10,10,10,10,20,21,22,10,10,10,8,10,10,10,10,10,10,10,10,10,10,9,9,10,10,10,10,16,15,15,16,16,16,15,16,4,17,4,4,17,4,4,4","0.00877594947814941","infomap","edit-xhwikibooks.graphml"
"0.47","0.31","0.22","0.359408397754658","1,1,2,2,2,3,2,3,4,5,6,2,7,3,4,8,5,6,6,9,10,11,7,7,12,13,14,8,1,5,6,6,9,9,15,16,17,4,10,10,10,10,11,11,11,11,10,11,11,11,10,10,10,10,10,11,11,11,11,10,18,10,10,7,12,10,10,10,10,10,11,10,13,13,10,10,10,10,10,10,10,14,8,8,8,19,10,10,10,10,20,21,22,10,10,10,8,10,10,10,10,10,10,10,10,10,10,9,9,10,10,10,10,16,16,15,16,15,15,15,16,17,17,17,17,17,17,17,17","0.00695300102233887","infomap","edit-xhwikibooks.graphml"
"0.46","0.32","0.22","0.357279250299278","1,2,1,1,1,3,1,3,4,5,6,1,7,3,4,8,5,6,6,9,10,2,7,7,11,12,13,8,2,5,6,6,9,9,14,15,16,16,10,10,10,10,2,2,2,2,10,2,2,2,10,10,10,10,10,2,2,2,2,10,17,10,10,7,11,10,10,10,10,10,2,10,12,12,10,10,10,10,10,10,10,13,8,8,8,18,10,10,10,10,19,20,21,10,10,10,8,10,10,10,10,10,10,10,10,10,10,9,9,10,10,10,10,14,15,15,15,14,14,14,15,16,16,16,16,16,16,16,16","0.00699591636657715","infomap","edit-xhwikibooks.graphml"
"0.45","0.33","0.22","0.356605118237771","1,2,1,1,1,3,1,2,3,4,5,1,6,2,3,7,4,5,5,8,9,10,6,6,11,12,13,7,2,4,5,5,8,8,14,15,16,3,9,9,9,9,10,10,10,10,9,10,10,10,9,9,9,9,9,10,10,10,10,9,17,9,9,6,11,9,9,9,9,9,10,9,12,12,9,9,9,9,9,9,9,13,7,7,7,18,9,9,9,9,19,20,21,9,9,9,7,9,9,9,9,9,9,9,9,9,9,8,8,9,9,9,9,14,14,15,15,15,15,14,15,16,16,16,16,16,16,16,16","0.00883603096008301","infomap","edit-xhwikibooks.graphml"
"0.44","0.34","0.22","0.376380444444444","1,2,1,1,1,2,1,2,3,4,5,1,6,3,3,7,4,5,5,8,9,10,6,6,11,12,13,7,2,4,5,5,8,8,14,15,16,3,9,9,9,9,10,10,10,10,9,10,10,10,9,9,9,9,9,10,10,10,10,9,17,9,9,6,11,9,9,9,9,9,10,9,12,12,9,9,9,9,9,9,9,13,7,7,7,18,9,9,9,9,19,20,21,9,9,9,7,9,9,9,9,9,9,9,9,9,9,8,8,9,9,9,9,15,14,14,15,15,14,14,14,16,16,16,16,16,16,16,16","0.00882506370544434","infomap","edit-xhwikibooks.graphml"
"0.43","0.35","0.22","0.393415466813017","1,2,1,1,1,3,1,2,3,4,5,1,6,3,3,7,4,5,5,8,9,10,6,6,11,12,13,7,2,4,5,5,8,8,14,15,16,3,9,9,9,9,10,10,10,10,9,10,10,10,9,9,9,9,9,10,10,10,10,9,17,9,9,6,11,9,9,9,9,9,10,9,12,12,9,9,9,9,9,9,9,13,7,7,7,18,9,9,9,9,19,20,21,9,9,9,7,9,9,9,9,9,9,9,9,9,9,8,8,9,9,9,9,15,14,14,15,14,15,15,14,16,16,16,16,16,16,16,16","0.0079190731048584","infomap","edit-xhwikibooks.graphml"
"0.42","0.36","0.22","0.383750371160992","1,2,1,1,1,3,1,3,3,4,5,1,6,7,7,8,4,5,5,9,2,10,6,6,11,12,13,8,2,4,5,5,9,9,14,7,15,7,2,2,2,2,10,10,10,10,2,10,10,10,2,2,2,2,2,10,10,10,10,2,16,2,2,6,11,2,2,2,2,2,10,2,12,12,2,2,2,2,2,2,2,13,8,8,8,17,2,2,2,2,18,19,20,2,2,2,8,2,2,2,2,2,2,2,2,2,2,9,9,2,2,2,2,7,7,14,7,7,14,7,14,15,15,15,15,15,15,15,15","0.00855684280395508","infomap","edit-xhwikibooks.graphml"
"0.41","0.37","0.22","0.398338001267966","1,2,1,1,1,3,1,3,4,5,6,1,7,4,4,8,5,6,6,9,10,2,7,7,11,12,13,8,2,5,6,6,9,9,14,15,4,4,10,10,10,10,2,2,2,2,10,2,2,2,10,10,10,10,10,2,2,2,2,10,16,10,10,7,11,10,10,10,10,10,2,10,12,12,10,10,10,10,10,10,10,13,8,8,8,17,10,10,10,10,18,19,20,10,10,10,8,10,10,10,10,10,10,10,10,10,10,9,9,10,10,10,10,14,14,15,15,15,14,15,14,4,4,4,4,4,4,4,4","0.00765299797058105","infomap","edit-xhwikibooks.graphml"
"0.4","0.38","0.22","0.395171341745207","1,2,1,1,1,3,1,2,3,4,5,1,6,2,3,7,4,5,5,8,9,10,6,6,11,12,3,7,2,4,5,5,8,8,13,14,15,15,9,9,9,9,10,10,10,10,9,10,10,10,9,9,9,9,9,10,10,10,10,9,16,9,9,6,11,9,9,9,9,9,10,9,12,12,9,9,9,9,9,9,9,3,7,7,7,17,9,9,9,9,18,19,20,9,9,9,7,9,9,9,9,9,9,9,9,9,9,8,8,9,9,9,9,13,14,13,14,14,13,13,13,15,15,15,15,15,15,15,15","0.00581479072570801","infomap","edit-xhwikibooks.graphml"
"0.39","0.39","0.22","0.395366513453988","1,2,1,1,1,3,1,2,3,4,5,1,6,3,3,7,4,5,5,8,9,10,6,6,11,12,13,7,2,4,5,5,8,8,14,15,16,3,9,9,9,9,10,10,10,10,9,10,10,10,9,9,9,9,9,10,10,10,10,9,17,9,9,6,11,9,9,9,9,9,10,9,12,12,9,9,9,9,9,9,9,13,7,7,7,18,9,9,9,9,19,20,21,9,9,9,7,9,9,9,9,9,9,9,9,9,9,8,8,9,9,9,9,15,14,14,14,14,15,14,14,16,16,16,16,16,16,16,16","0.0077672004699707","infomap","edit-xhwikibooks.graphml"
"0.38","0.4","0.22","0.396278295065883","1,2,1,1,1,3,1,4,3,5,6,1,7,4,3,8,5,6,6,9,10,2,7,7,11,12,13,8,2,5,6,6,9,9,14,15,16,16,10,10,10,10,2,2,2,2,10,2,2,2,10,10,10,10,10,2,2,2,2,10,17,10,10,7,11,10,10,10,10,10,2,10,12,12,10,10,10,10,10,10,10,13,8,8,8,18,10,10,10,10,19,20,21,10,10,10,8,10,10,10,10,10,10,10,10,10,10,9,9,10,10,10,10,15,15,15,15,14,15,15,15,16,16,16,16,16,16,16,16","0.00870490074157715","infomap","edit-xhwikibooks.graphml"
"0.37","0.41","0.22","0.400313735730068","1,2,1,1,1,2,1,2,3,4,5,1,6,2,3,7,4,5,5,8,9,10,6,6,11,12,13,7,2,4,5,5,8,8,14,15,16,3,9,9,9,9,10,10,10,10,9,10,10,10,9,9,9,9,9,10,10,10,10,9,17,9,9,6,11,9,9,9,9,9,10,9,12,12,9,9,9,9,9,9,9,13,7,7,7,18,9,9,9,9,19,20,21,9,9,9,7,9,9,9,9,9,9,9,9,9,9,8,8,9,9,9,9,14,14,14,14,14,14,14,15,16,16,16,16,16,16,16,16","0.00676393508911133","infomap","edit-xhwikibooks.graphml"
"0.36","0.42","0.22","0.397617882843075","1,2,1,1,1,2,1,2,3,4,5,1,6,3,3,7,4,5,5,8,9,10,6,6,11,12,13,7,2,4,5,5,8,8,14,15,16,3,9,9,9,9,10,10,10,10,9,10,10,10,9,9,9,9,9,10,10,10,10,9,17,9,9,6,11,9,9,9,9,9,10,9,12,12,9,9,9,9,9,9,9,13,7,7,7,18,9,9,9,9,19,20,21,9,9,9,7,9,9,9,9,9,9,9,9,9,9,8,8,9,9,9,9,15,14,15,14,15,14,15,14,16,16,16,16,16,16,16,16","0.00872302055358887","infomap","edit-xhwikibooks.graphml"
"0.35","0.43","0.22","0.404273273940779","1,2,1,1,1,3,1,3,4,5,6,1,7,3,4,8,5,6,6,9,10,2,7,7,11,12,13,8,2,5,6,6,9,9,14,15,16,4,10,10,10,10,2,2,2,2,10,2,2,2,10,10,10,10,10,2,2,2,2,10,17,10,10,7,11,10,10,10,10,10,2,10,12,12,10,10,10,10,10,10,10,13,8,8,8,18,10,10,10,10,19,20,21,10,10,10,8,10,10,10,10,10,10,10,10,10,10,9,9,10,10,10,10,14,14,14,14,14,14,15,14,16,16,16,16,16,16,16,16","0.00706696510314941","infomap","edit-xhwikibooks.graphml"
"0.34","0.44","0.22","0.399968811053833","1,2,1,1,1,2,1,2,3,4,5,1,6,3,3,7,4,5,5,8,9,10,6,6,11,12,13,7,2,4,5,5,8,8,14,15,16,3,9,9,9,9,10,10,10,10,9,10,10,10,9,9,9,9,9,10,10,10,10,9,17,9,9,6,11,9,9,9,9,9,10,9,12,12,9,9,9,9,9,9,9,13,7,7,7,18,9,9,9,9,19,20,21,9,9,9,7,9,9,9,9,9,9,9,9,9,9,8,8,9,9,9,9,14,15,14,15,14,14,15,14,16,16,16,16,16,16,16,16","0.00585699081420898","infomap","edit-xhwikibooks.graphml"
"0.33","0.45","0.22","0.39650225906636","1,2,1,1,3,1,3,2,1,1,3,4,5,2,6,7,8,3,3,4,9,10,5,5,6,11,6,7,2,12,13,3,4,4,14,15,16,6,9,9,9,9,10,10,10,10,9,10,10,10,9,9,9,9,9,10,10,10,10,9,17,9,9,18,19,9,9,9,9,9,10,9,11,11,9,9,9,9,9,9,9,20,7,7,7,21,9,9,9,9,22,23,24,9,9,9,25,9,9,9,9,9,9,9,9,9,9,26,27,9,9,9,9,14,14,14,14,15,14,14,14,16,16,16,16,16,16,16,16","0.00628089904785156","infomap","edit-xhwikibooks.graphml"
"0.32","0.46","0.22","0.395324387965166","1,2,1,1,3,1,3,2,1,1,3,4,5,6,7,8,9,3,3,4,10,2,5,5,6,11,7,8,2,12,13,3,4,4,7,14,15,6,10,10,10,10,2,2,2,2,10,2,2,2,10,10,10,10,10,2,2,2,2,10,16,10,10,17,18,10,10,10,10,10,2,10,11,11,10,10,10,10,10,10,10,19,8,8,8,20,10,10,10,10,21,22,23,10,10,10,24,10,10,10,10,10,10,10,10,10,10,25,26,10,10,10,10,14,7,7,7,14,7,14,14,15,15,15,15,15,15,15,15","0.00863409042358398","infomap","edit-xhwikibooks.graphml"
"0.31","0.47","0.22","0.426689329375339","1,2,1,1,3,1,3,2,1,1,3,4,5,6,7,8,9,3,3,4,10,11,5,5,6,12,6,8,2,13,14,3,4,4,7,7,15,7,10,10,10,10,11,11,11,11,10,11,11,11,10,10,10,10,10,11,11,11,11,10,16,10,10,17,18,10,10,10,10,10,11,10,12,12,10,10,10,10,10,10,10,19,8,8,8,20,10,10,10,10,21,22,23,10,10,10,24,10,10,10,10,10,10,10,10,10,10,25,26,10,10,10,10,7,7,7,7,7,7,7,7,15,15,15,15,15,15,15,15","0.00539398193359375","infomap","edit-xhwikibooks.graphml"
"0.3","0.48","0.22","0.395712191230621","1,2,1,1,3,1,3,4,1,1,3,5,6,4,7,8,9,3,3,5,10,2,6,6,7,11,7,8,2,12,13,3,5,5,14,15,16,7,10,10,10,10,2,2,2,2,10,2,2,2,10,10,10,10,10,2,2,2,2,10,17,10,10,18,19,10,10,10,10,10,2,10,11,11,10,10,10,10,10,10,10,20,8,8,8,21,10,10,10,10,22,23,24,10,10,10,25,10,10,10,10,10,10,10,10,10,10,26,27,10,10,10,10,14,15,15,14,15,14,14,15,16,16,16,16,16,16,16,16","0.00552010536193848","infomap","edit-xhwikibooks.graphml"
"0.29","0.49","0.22","0.393655220706571","1,2,1,1,3,1,3,2,1,1,3,4,5,6,7,8,9,3,3,4,10,11,5,5,6,12,7,8,2,13,14,3,4,4,15,16,17,17,10,10,10,10,11,11,11,11,10,11,11,11,10,10,10,10,10,11,11,11,11,10,18,10,10,19,20,10,10,10,10,10,11,10,12,12,10,10,10,10,10,10,10,21,8,8,8,22,10,10,10,10,23,24,25,10,10,10,26,10,10,10,10,10,10,10,10,10,10,27,28,10,10,10,10,15,15,15,15,16,16,15,16,17,17,17,17,17,17,17,17","0.00443887710571289","infomap","edit-xhwikibooks.graphml"
"0.28","0.5","0.22","0.436228707723265","1,2,1,1,3,1,3,2,1,1,3,4,5,2,6,7,8,3,3,4,9,10,5,5,6,11,6,7,2,12,13,3,4,4,14,15,16,6,9,9,9,9,10,10,10,10,9,10,10,10,9,9,9,9,9,10,10,10,10,9,17,9,9,18,19,9,9,9,9,9,10,9,11,11,9,9,9,9,9,9,9,20,7,7,7,21,9,9,9,9,22,23,24,9,9,9,25,9,9,9,9,9,9,9,9,9,9,26,27,9,9,9,9,15,14,14,15,14,14,15,14,16,16,16,16,16,16,16,16","0.00741386413574219","infomap","edit-xhwikibooks.graphml"
"0.27","0.51","0.22","0.444698126350006","1,2,1,1,3,1,3,2,1,1,3,4,5,6,6,7,8,3,3,4,9,10,5,5,6,11,6,7,2,12,13,3,4,4,14,15,16,6,9,9,9,9,10,10,10,10,9,10,10,10,9,9,9,9,9,10,10,10,10,9,17,9,9,18,19,9,9,9,9,9,10,9,11,11,9,9,9,9,9,9,9,20,7,7,7,21,9,9,9,9,22,23,24,9,9,9,25,9,9,9,9,9,9,9,9,9,9,26,27,9,9,9,9,14,14,14,15,14,14,14,14,16,16,16,16,16,16,16,16","0.0096898078918457","infomap","edit-xhwikibooks.graphml"
"0.26","0.52","0.22","0.432630743901667","1,2,1,1,3,1,3,2,1,1,4,3,5,6,7,8,9,4,4,3,10,11,5,5,6,12,6,8,2,13,14,4,3,3,7,15,16,7,10,10,10,10,11,11,11,11,10,11,11,11,10,10,10,10,10,11,11,11,11,10,17,10,10,18,19,10,10,10,10,10,11,10,12,12,10,10,10,10,10,10,10,20,8,8,8,21,10,10,10,10,22,23,24,10,10,10,25,10,10,10,10,10,10,10,10,10,10,26,27,10,10,10,10,7,7,15,15,7,15,15,7,16,16,16,16,16,16,16,16","0.00569009780883789","infomap","edit-xhwikibooks.graphml"
"0.25","0.53","0.22","0.438080898338833","1,2,1,1,3,1,3,4,1,1,3,5,4,2,6,7,8,3,3,5,9,10,4,4,2,11,6,7,2,12,13,3,5,5,14,6,15,6,9,9,9,9,10,10,10,10,9,10,10,10,9,9,9,9,9,10,10,10,10,9,16,9,9,17,18,9,9,9,9,9,10,9,11,11,9,9,9,9,9,9,9,19,7,7,7,20,9,9,9,9,21,22,23,9,9,9,24,9,9,9,9,9,9,9,9,9,9,25,26,9,9,9,9,14,14,6,14,14,14,6,14,15,15,15,15,15,15,15,15","0.0100860595703125","infomap","edit-xhwikibooks.graphml"
"0.24","0.54","0.22","0.440899083373536","1,2,1,1,3,1,3,4,1,1,3,5,4,6,7,8,9,3,3,5,10,2,4,4,6,11,6,8,2,12,13,3,5,5,14,7,15,6,10,10,10,10,2,2,2,2,10,2,2,2,10,10,10,10,10,2,2,2,2,10,16,10,10,17,18,10,10,10,10,10,2,10,11,11,10,10,10,10,10,10,10,19,8,8,8,20,10,10,10,10,21,22,23,10,10,10,24,10,10,10,10,10,10,10,10,10,10,25,26,10,10,10,10,14,7,7,14,14,7,14,14,15,15,15,15,15,15,15,15","0.00799393653869629","infomap","edit-xhwikibooks.graphml"
"0.23","0.55","0.22","0.432078287686736","1,1,2,2,3,2,3,4,2,2,3,5,4,6,7,8,9,3,3,5,10,11,4,4,7,12,6,8,1,13,14,3,5,5,15,6,16,6,10,10,10,10,11,11,11,11,10,11,11,11,10,10,10,10,10,11,11,11,11,10,17,10,10,18,19,10,10,10,10,10,11,10,12,12,10,10,10,10,10,10,10,20,8,8,8,21,10,10,10,10,22,23,24,10,10,10,25,10,10,10,10,10,10,10,10,10,10,26,27,10,10,10,10,6,15,6,15,15,15,15,6,16,16,16,16,16,16,16,16","0.0044410228729248","infomap","edit-xhwikibooks.graphml"
"0.22","0.56","0.22","0.441257418605302","1,1,2,2,3,2,3,4,2,2,3,5,4,6,7,8,9,3,3,5,10,11,4,4,6,12,7,8,1,13,14,3,5,5,15,16,17,7,10,10,10,10,11,11,11,11,10,11,11,11,10,10,10,10,10,11,11,11,11,10,18,10,10,19,20,10,10,10,10,10,11,10,12,12,10,10,10,10,10,10,10,21,8,8,8,22,10,10,10,10,23,24,25,10,10,10,26,10,10,10,10,10,10,10,10,10,10,27,28,10,10,10,10,16,15,15,16,16,15,15,16,17,17,17,17,17,17,17,17","0.00624489784240723","infomap","edit-xhwikibooks.graphml"
"0.21","0.57","0.22","0.438501686682904","1,1,2,2,3,2,3,4,2,2,3,5,4,6,7,8,9,3,3,5,10,11,4,4,7,12,6,8,1,13,14,3,5,5,15,16,17,7,10,10,10,10,11,11,11,11,10,11,11,11,10,10,10,10,10,11,11,11,11,10,18,10,10,19,20,10,10,10,10,10,11,10,12,12,10,10,10,10,10,10,10,21,8,8,8,22,10,10,10,10,23,24,25,10,10,10,26,10,10,10,10,10,10,10,10,10,10,27,28,10,10,10,10,16,16,16,15,16,16,16,15,17,17,17,17,17,17,17,17","0.00464010238647461","infomap","edit-xhwikibooks.graphml"
"0.2","0.58","0.22","0.442285802800036","1,1,2,2,3,2,3,4,2,2,3,5,4,6,7,8,9,3,3,5,10,11,4,4,7,12,6,8,1,13,14,3,5,5,15,16,17,7,10,10,10,10,11,11,11,11,10,11,11,11,10,10,10,10,10,11,11,11,11,10,18,10,10,19,20,10,10,10,10,10,11,10,12,12,10,10,10,10,10,10,10,21,8,8,8,22,10,10,10,10,23,24,25,10,10,10,26,10,10,10,10,10,10,10,10,10,10,27,28,10,10,10,10,15,16,15,15,15,16,15,16,17,17,17,17,17,17,17,17","0.00435304641723633","infomap","edit-xhwikibooks.graphml"
"0.19","0.59","0.22","0.429331118367035","1,2,1,1,3,1,3,4,1,1,3,5,4,6,7,8,9,3,3,5,2,10,4,4,6,11,7,8,2,12,13,3,5,5,14,15,6,6,2,2,2,2,10,10,10,10,2,10,10,10,2,2,2,2,2,10,10,10,10,2,16,2,2,17,18,2,2,2,2,2,10,2,11,11,2,2,2,2,2,2,2,19,8,8,8,20,2,2,2,2,21,22,23,2,2,2,24,2,2,2,2,2,2,2,2,2,2,25,26,2,2,2,2,14,14,14,15,15,14,14,15,6,6,6,6,6,6,6,6","0.00543808937072754","infomap","edit-xhwikibooks.graphml"
"0.18","0.6","0.22","0.450402484138302","1,1,2,2,3,2,3,4,2,2,3,5,4,6,7,8,9,3,3,5,10,11,4,4,7,12,6,8,1,13,14,3,5,5,15,7,16,7,10,10,10,10,11,11,11,11,10,11,11,11,10,10,10,10,10,11,11,11,11,10,17,10,10,18,19,10,10,10,10,10,11,10,12,12,10,10,10,10,10,10,10,20,8,8,8,21,10,10,10,10,22,23,24,10,10,10,25,10,10,10,10,10,10,10,10,10,10,26,27,10,10,10,10,15,7,7,15,15,15,7,15,16,16,16,16,16,16,16,16","0.00547504425048828","infomap","edit-xhwikibooks.graphml"
"0.17","0.61","0.22","0.44454703015791","1,2,1,1,3,1,3,4,1,1,5,3,4,6,7,8,9,5,5,3,10,2,4,4,7,11,6,8,2,12,13,5,3,3,14,15,16,7,10,10,10,10,2,2,2,2,10,2,2,2,10,10,10,10,10,2,2,2,2,10,17,10,10,18,19,10,10,10,10,10,2,10,11,11,10,10,10,10,10,10,10,20,8,8,8,21,10,10,10,10,22,23,24,10,10,10,25,10,10,10,10,10,10,10,10,10,10,26,27,10,10,10,10,14,15,15,15,15,14,15,15,16,16,16,16,16,16,16,16","0.00444602966308594","infomap","edit-xhwikibooks.graphml"
"0.16","0.62","0.22","0.453600847016255","1,1,2,2,3,2,3,4,2,2,3,5,4,6,6,7,8,3,3,5,9,10,4,4,6,11,6,7,1,12,13,3,5,5,14,15,16,6,9,9,9,9,10,10,10,10,9,10,10,10,9,9,9,9,9,10,10,10,10,9,17,9,9,18,19,9,9,9,9,9,10,9,11,11,9,9,9,9,9,9,9,20,7,7,7,21,9,9,9,9,22,23,24,9,9,9,25,9,9,9,9,9,9,9,9,9,9,26,27,9,9,9,9,14,15,14,14,15,15,14,14,16,16,16,16,16,16,16,16","0.00445103645324707","infomap","edit-xhwikibooks.graphml"
"0.15","0.63","0.22","0.443025332137212","1,2,1,1,3,1,3,4,1,1,3,5,4,6,6,7,8,3,3,5,2,9,4,4,6,10,6,7,2,11,12,3,5,5,13,14,15,6,2,2,2,2,9,9,9,9,2,9,9,9,2,2,2,2,2,9,9,9,9,2,16,2,2,17,18,2,2,2,2,2,9,2,10,10,2,2,2,2,2,2,2,19,7,7,7,20,2,2,2,2,21,22,23,2,2,2,24,2,2,2,2,2,2,2,2,2,2,25,26,2,2,2,2,14,13,13,13,13,14,14,13,15,15,15,15,15,15,15,15","0.00537800788879395","infomap","edit-xhwikibooks.graphml"
"0.14","0.64","0.22","0.45359135375283","1,1,2,2,3,2,3,4,2,2,3,5,4,6,6,7,8,3,3,5,9,10,4,4,6,11,6,7,1,12,13,3,5,5,14,6,15,6,9,9,9,9,10,10,10,10,9,10,10,10,9,9,9,9,9,10,10,10,10,9,16,9,9,17,18,9,9,9,9,9,10,9,11,11,9,9,9,9,9,9,9,19,7,7,7,20,9,9,9,9,21,22,23,9,9,9,24,9,9,9,9,9,9,9,9,9,9,25,26,9,9,9,9,6,14,14,14,6,14,14,6,15,15,15,15,15,15,15,15","0.00532412528991699","infomap","edit-xhwikibooks.graphml"
"0.13","0.65","0.22","0.421259334526862","1,2,1,1,3,1,3,4,1,1,3,5,4,6,6,7,8,3,3,5,2,9,4,4,6,10,6,7,2,11,12,3,5,5,13,14,15,6,2,2,2,2,9,9,9,9,2,9,9,9,2,2,2,2,2,9,9,9,9,2,16,2,2,17,18,2,2,2,2,2,9,2,10,10,2,2,2,2,2,2,2,19,7,7,7,20,2,2,2,2,21,22,23,2,2,2,24,2,2,2,2,2,2,2,2,2,2,25,26,2,2,2,2,14,14,14,14,14,13,14,13,15,15,15,15,15,15,15,15","0.00517892837524414","infomap","edit-xhwikibooks.graphml"
"0.12","0.66","0.22","0.435035994043107","1,1,2,2,3,2,3,4,2,2,3,5,4,6,6,7,8,3,3,5,9,10,4,4,6,11,6,7,1,12,13,3,5,5,14,15,16,6,9,9,9,9,10,10,10,10,9,10,10,10,9,9,9,9,9,10,10,10,10,9,17,9,9,18,19,9,9,9,9,9,10,9,11,11,9,9,9,9,9,9,9,20,7,7,7,21,9,9,9,9,22,23,24,9,9,9,25,9,9,9,9,9,9,9,9,9,9,26,27,9,9,9,9,15,15,15,14,14,14,14,15,16,16,16,16,16,16,16,16","0.00817298889160156","infomap","edit-xhwikibooks.graphml"
"0.11","0.67","0.22","0.429775300980869","1,2,1,3,4,3,5,6,3,3,5,7,6,8,9,3,10,11,5,12,2,13,14,6,9,8,8,3,2,15,16,17,12,18,19,9,20,9,2,2,2,2,13,13,13,13,2,13,13,13,2,2,2,2,2,13,13,13,13,2,21,2,2,22,23,2,2,2,2,2,13,2,24,25,2,2,2,2,2,2,2,26,27,28,29,30,2,2,2,2,31,32,33,2,2,2,34,2,2,2,2,2,2,2,2,2,2,35,36,2,2,2,2,19,19,19,9,19,19,19,19,20,20,20,20,20,20,20,20","0.00429296493530273","infomap","edit-xhwikibooks.graphml"
"0.1","0.68","0.22","0.429061275701335","1,2,1,3,4,3,5,6,3,3,5,7,6,2,8,3,9,10,5,11,12,13,14,6,2,8,8,3,2,15,16,17,11,18,19,20,21,8,12,12,12,12,13,13,13,13,12,13,13,13,12,12,12,12,12,13,13,13,13,12,22,12,12,23,24,12,12,12,12,12,13,12,25,26,12,12,12,12,12,12,12,27,28,29,30,31,12,12,12,12,32,33,34,12,12,12,35,12,12,12,12,12,12,12,12,12,12,36,37,12,12,12,12,20,20,19,20,19,19,19,20,21,21,21,21,21,21,21,21","0.00416016578674316","infomap","edit-xhwikibooks.graphml"
"0.09","0.69","0.22","0.42883969903797","1,2,1,3,4,3,5,6,3,3,5,7,6,8,9,3,10,11,5,12,2,13,14,6,8,9,9,3,2,15,16,17,12,18,19,20,9,9,2,2,2,2,13,13,13,13,2,13,13,13,2,2,2,2,2,13,13,13,13,2,21,2,2,22,23,2,2,2,2,2,13,2,24,25,2,2,2,2,2,2,2,26,27,28,29,30,2,2,2,2,31,32,33,2,2,2,34,2,2,2,2,2,2,2,2,2,2,35,36,2,2,2,2,19,20,19,19,19,19,19,20,9,9,9,9,9,9,9,9","0.00443506240844727","infomap","edit-xhwikibooks.graphml"
"0.08","0.7","0.22","0.434064","1,2,1,3,4,3,5,6,3,3,5,7,6,8,9,3,10,11,5,12,13,2,14,6,8,8,9,3,2,15,16,17,12,18,19,20,21,8,13,13,13,13,2,2,2,2,13,2,2,2,13,13,13,13,13,2,2,2,2,13,22,13,13,23,24,13,13,13,13,13,2,13,25,26,13,13,13,13,13,13,13,27,28,29,30,31,13,13,13,13,32,33,34,13,13,13,35,13,13,13,13,13,13,13,13,13,13,36,37,13,13,13,13,20,19,20,19,19,19,20,19,21,21,21,21,21,21,21,21","0.00497603416442871","infomap","edit-xhwikibooks.graphml"
"0.07","0.71","0.22","0.444025808464879","1,2,1,3,4,3,5,6,3,3,5,7,6,8,9,3,10,11,5,12,13,2,14,6,8,8,8,3,2,15,16,17,12,18,19,9,20,9,13,13,13,13,2,2,2,2,13,2,2,2,13,13,13,13,13,2,2,2,2,13,21,13,13,22,23,13,13,13,13,13,2,13,24,25,13,13,13,13,13,13,13,26,27,28,29,30,13,13,13,13,31,32,33,13,13,13,34,13,13,13,13,13,13,13,13,13,13,35,36,13,13,13,13,19,19,9,19,9,19,19,19,20,20,20,20,20,20,20,20","0.00434613227844238","infomap","edit-xhwikibooks.graphml"
"0.06","0.72","0.22","0.423946533476541","1,2,1,3,4,3,5,6,3,3,5,7,6,8,9,3,10,11,5,12,2,13,14,6,8,9,9,3,2,15,16,17,12,18,19,20,21,9,2,2,2,2,13,13,13,13,2,13,13,13,2,2,2,2,2,13,13,13,13,2,22,2,2,23,24,2,2,2,2,2,13,2,25,26,2,2,2,2,2,2,2,27,28,29,30,31,2,2,2,2,32,33,34,2,2,2,35,2,2,2,2,2,2,2,2,2,2,36,37,2,2,2,2,20,20,20,20,20,20,19,20,21,21,21,21,21,21,21,21","0.00583696365356445","infomap","edit-xhwikibooks.graphml"
"0.05","0.73","0.22","0.427346811699231","1,2,1,3,4,3,5,6,3,3,5,7,6,8,9,3,10,11,5,12,2,13,14,6,9,8,9,3,2,15,16,17,12,18,19,20,21,8,2,2,2,2,13,13,13,13,2,13,13,13,2,2,2,2,2,13,13,13,13,2,22,2,2,23,24,2,2,2,2,2,13,2,25,26,2,2,2,2,2,2,2,27,28,29,30,31,2,2,2,2,32,33,34,2,2,2,35,2,2,2,2,2,2,2,2,2,2,36,37,2,2,2,2,19,20,20,19,19,19,20,19,21,21,21,21,21,21,21,21","0.00409507751464844","infomap","edit-xhwikibooks.graphml"
"0.04","0.74","0.22","0.438291094709735","1,2,1,3,4,3,5,6,3,3,5,7,6,8,9,3,10,11,5,12,13,2,14,6,9,9,8,3,2,15,16,17,12,18,19,20,21,9,13,13,13,13,2,2,2,2,13,2,2,2,13,13,13,13,13,2,2,2,2,13,22,13,13,23,24,13,13,13,13,13,2,13,25,26,13,13,13,13,13,13,13,27,28,29,30,31,13,13,13,13,32,33,34,13,13,13,35,13,13,13,13,13,13,13,13,13,13,36,37,13,13,13,13,19,19,19,19,20,19,19,20,21,21,21,21,21,21,21,21","0.00417113304138184","infomap","edit-xhwikibooks.graphml"
"0.03","0.75","0.22","0.439466273556993","1,2,1,3,4,3,5,6,3,3,5,7,6,8,9,3,10,11,5,12,13,2,14,6,8,9,9,3,2,15,16,17,12,18,19,20,21,9,13,13,13,13,2,2,2,2,13,2,2,2,13,13,13,13,13,2,2,2,2,13,22,13,13,23,24,13,13,13,13,13,2,13,25,26,13,13,13,13,13,13,13,27,28,29,30,31,13,13,13,13,32,33,34,13,13,13,35,13,13,13,13,13,13,13,13,13,13,36,37,13,13,13,13,19,19,19,20,20,19,20,20,21,21,21,21,21,21,21,21","0.00420498847961426","infomap","edit-xhwikibooks.graphml"
"0.02","0.76","0.22","0.451292439778434","1,2,1,3,4,3,5,6,3,3,5,7,6,8,8,3,9,10,5,11,12,2,13,6,8,8,8,3,2,14,15,16,11,17,18,19,20,8,12,12,12,12,2,2,2,2,12,2,2,2,12,12,12,12,12,2,2,2,2,12,21,12,12,22,23,12,12,12,12,12,2,12,24,25,12,12,12,12,12,12,12,26,27,28,29,30,12,12,12,12,31,32,33,12,12,12,34,12,12,12,12,12,12,12,12,12,12,35,36,12,12,12,12,18,18,19,19,19,19,19,18,20,20,20,20,20,20,20,20","0.00559687614440918","infomap","edit-xhwikibooks.graphml"
"0.01","0.77","0.22","0.419505778580633","1,2,1,3,4,3,5,6,3,3,5,7,6,6,8,3,9,10,5,11,2,12,13,6,8,8,8,3,2,14,15,16,11,17,18,19,20,19,2,2,2,2,12,12,12,12,2,12,12,12,2,2,2,2,2,12,12,12,12,2,21,2,2,22,23,2,2,2,2,2,12,2,24,25,2,2,2,2,2,2,2,26,27,28,29,30,2,2,2,2,31,32,33,2,2,2,34,2,2,2,2,2,2,2,2,2,2,35,36,2,2,2,2,18,19,18,18,19,18,19,19,20,20,20,20,20,20,20,20","0.00430989265441895","infomap","edit-xhwikibooks.graphml"
"0","0.78","0.22","0.425689600714773","1,2,1,3,1,3,4,5,3,3,4,6,5,5,7,3,8,9,4,10,2,11,12,5,7,7,7,3,1,13,14,15,10,16,17,18,19,7,2,2,2,2,11,11,11,11,2,11,11,11,2,2,2,2,2,11,11,11,11,2,20,2,2,21,22,2,2,2,2,2,11,2,23,24,2,2,2,2,2,2,2,25,26,27,28,29,2,2,2,2,30,31,32,2,2,2,33,2,2,2,2,2,2,2,2,2,2,34,35,2,2,2,2,17,17,17,18,18,18,17,17,19,19,19,19,19,19,19,19","0.00519704818725586","infomap","edit-xhwikibooks.graphml"
"0.77","0","0.23","0.350206611570248","1,2,1,1,1,3,1,2,3,4,5,6,7,8,9,3,4,5,10,6,11,12,7,13,9,14,8,15,16,4,5,17,6,6,18,10,19,9,11,11,11,11,12,12,12,12,11,12,12,12,11,11,11,11,11,12,12,12,12,11,7,11,11,13,9,11,11,11,11,11,12,11,14,14,11,11,11,11,11,11,11,8,15,15,15,16,11,11,11,11,4,5,17,11,11,11,3,11,11,11,11,11,11,11,11,11,11,6,6,11,11,11,11,18,18,10,18,18,10,18,18,19,19,19,19,19,19,19,19","0.0117878913879395","infomap","edit-xhwikibooks.graphml"
"0.76","0.01","0.23","0.347683256304594","1,2,1,1,1,3,1,2,3,4,5,6,7,8,9,3,4,5,10,6,11,12,7,13,8,14,8,15,16,4,5,17,6,6,10,18,19,9,11,11,11,11,12,12,12,12,11,12,12,12,11,11,11,11,11,12,12,12,12,11,7,11,11,13,8,11,11,11,11,11,12,11,14,14,11,11,11,11,11,11,11,8,15,15,15,16,11,11,11,11,4,5,17,11,11,11,3,11,11,11,11,11,11,11,11,11,11,6,6,11,11,11,11,10,18,18,18,18,10,18,10,19,19,19,19,19,19,19,19","0.00934982299804688","infomap","edit-xhwikibooks.graphml"
"0.75","0.02","0.23","0.352847596930993","1,2,1,1,1,3,1,2,4,5,6,7,8,9,4,3,5,6,10,7,11,12,8,13,4,14,9,15,16,5,6,17,7,7,10,18,19,4,11,11,11,11,12,12,12,12,11,12,12,12,11,11,11,11,11,12,12,12,12,11,8,11,11,13,4,11,11,11,11,11,12,11,14,14,11,11,11,11,11,11,11,9,15,15,15,16,11,11,11,11,5,6,17,11,11,11,3,11,11,11,11,11,11,11,11,11,11,7,7,11,11,11,11,10,10,10,10,10,18,10,18,19,19,19,19,19,19,19,19","0.0127899646759033","infomap","edit-xhwikibooks.graphml"
"0.74","0.03","0.23","0.345361370899232","1,2,1,1,1,3,1,4,3,5,6,7,4,8,3,9,5,6,3,7,10,2,11,12,8,13,8,14,15,5,6,16,7,7,3,17,18,17,10,10,10,10,2,2,2,2,10,2,2,2,10,10,10,10,10,2,2,2,2,10,11,10,10,12,8,10,10,10,10,10,2,10,13,13,10,10,10,10,10,10,10,8,14,14,14,15,10,10,10,10,5,6,16,10,10,10,9,10,10,10,10,10,10,10,10,10,10,7,7,10,10,10,10,3,3,17,17,17,17,17,17,18,18,18,18,18,18,18,18","0.0132489204406738","infomap","edit-xhwikibooks.graphml"
"0.73","0.04","0.23","0.342080138268325","1,2,1,1,1,3,1,2,3,4,5,6,7,8,9,3,4,5,10,6,11,12,7,13,9,14,8,15,16,4,5,17,6,6,10,18,19,3,11,11,11,11,12,12,12,12,11,12,12,12,11,11,11,11,11,12,12,12,12,11,7,11,11,13,9,11,11,11,11,11,12,11,14,14,11,11,11,11,11,11,11,8,15,15,15,16,11,11,11,11,4,5,17,11,11,11,3,11,11,11,11,11,11,11,11,11,11,6,6,11,11,11,11,10,10,18,18,18,18,18,10,3,19,19,19,3,19,19,19","0.0105140209197998","infomap","edit-xhwikibooks.graphml"
"0.72","0.05","0.23","0.263929665801232","1,2,1,1,1,2,1,2,2,3,4,5,6,7,2,8,3,4,9,5,2,10,6,11,7,12,13,14,15,3,4,16,5,5,9,17,2,2,2,2,2,2,10,10,10,10,2,10,10,10,2,2,2,2,2,10,10,10,10,2,6,2,2,11,7,2,2,2,2,2,10,2,12,12,2,2,2,2,2,2,2,13,14,14,14,15,2,2,2,2,3,4,16,2,2,2,8,2,2,2,2,2,2,2,2,2,2,5,5,2,2,2,2,17,9,17,9,17,17,17,17,2,2,2,2,2,2,2,2","0.00938296318054199","infomap","edit-xhwikibooks.graphml"
"0.71","0.06","0.23","0.34427831783601","1,2,1,1,1,3,1,2,4,5,6,7,8,9,10,3,5,6,10,7,11,12,8,13,14,15,9,16,17,5,6,18,7,7,10,4,19,4,11,11,11,11,12,12,12,12,11,12,12,12,11,11,11,11,11,12,12,12,12,11,8,11,11,13,14,11,11,11,11,11,12,11,15,15,11,11,11,11,11,11,11,9,16,16,16,17,11,11,11,11,5,6,18,11,11,11,3,11,11,11,11,11,11,11,11,11,11,7,7,11,11,11,11,10,10,4,10,10,4,10,10,19,19,19,19,19,19,19,19","0.00946187973022461","infomap","edit-xhwikibooks.graphml"
"0.7","0.07","0.23","0.32113818843484","1,2,1,1,1,2,1,2,2,3,4,5,6,7,8,9,3,4,8,5,2,10,6,11,7,12,7,13,14,3,4,15,5,5,16,8,17,8,2,2,2,2,10,10,10,10,2,10,10,10,2,2,2,2,2,10,10,10,10,2,6,2,2,11,7,2,2,2,2,2,10,2,12,12,2,2,2,2,2,2,2,7,13,13,13,14,2,2,2,2,3,4,15,2,2,2,9,2,2,2,2,2,2,2,2,2,2,5,5,2,2,2,2,8,8,16,16,8,8,16,8,17,17,17,17,17,17,17,17","0.0103170871734619","infomap","edit-xhwikibooks.graphml"
"0.69","0.08","0.23","0.352483154291822","1,2,1,1,1,3,1,2,3,4,5,6,7,8,9,3,4,5,10,6,11,12,7,13,9,14,8,15,16,4,5,17,6,6,10,18,19,9,11,11,11,11,12,12,12,12,11,12,12,12,11,11,11,11,11,12,12,12,12,11,7,11,11,13,9,11,11,11,11,11,12,11,14,14,11,11,11,11,11,11,11,8,15,15,15,16,11,11,11,11,4,5,17,11,11,11,3,11,11,11,11,11,11,11,11,11,11,6,6,11,11,11,11,18,18,10,10,10,10,18,18,19,19,19,19,19,19,19,19","0.00849294662475586","infomap","edit-xhwikibooks.graphml"
"0.68","0.09","0.23","0.3494220303997","1,2,1,1,1,3,1,2,3,4,5,6,7,8,9,3,4,5,10,6,11,12,7,13,8,14,9,15,16,4,5,17,6,6,18,10,19,9,11,11,11,11,12,12,12,12,11,12,12,12,11,11,11,11,11,12,12,12,12,11,7,11,11,13,8,11,11,11,11,11,12,11,14,14,11,11,11,11,11,11,11,9,15,15,15,16,11,11,11,11,4,5,17,11,11,11,3,11,11,11,11,11,11,11,11,11,11,6,6,11,11,11,11,18,10,18,10,18,10,18,10,19,19,19,19,19,19,19,19","0.00910186767578125","infomap","edit-xhwikibooks.graphml"
"0.67","0.1","0.23","0.346359542127979","1,2,1,1,1,3,1,2,4,5,6,7,8,9,4,3,5,6,10,7,11,12,8,13,9,14,4,15,16,5,6,17,7,7,10,18,19,4,11,11,11,11,12,12,12,12,11,12,12,12,11,11,11,11,11,12,12,12,12,11,8,11,11,13,9,11,11,11,11,11,12,11,14,14,11,11,11,11,11,11,11,4,15,15,15,16,11,11,11,11,5,6,17,11,11,11,3,11,11,11,11,11,11,11,11,11,11,7,7,11,11,11,11,18,18,18,18,18,18,18,18,19,19,19,19,19,19,19,19","0.00768780708312988","infomap","edit-xhwikibooks.graphml"
"0.66","0.11","0.23","0.34873334693213","1,2,1,1,1,3,1,4,3,5,6,7,4,3,8,9,5,6,10,7,11,2,12,4,3,13,8,14,15,5,6,16,7,7,17,10,18,3,11,11,11,11,2,2,2,2,11,2,2,2,11,11,11,11,11,2,2,2,2,11,12,11,11,4,3,11,11,11,11,11,2,11,13,13,11,11,11,11,11,11,11,8,14,14,14,15,11,11,11,11,5,6,16,11,11,11,9,11,11,11,11,11,11,11,11,11,11,7,7,11,11,11,11,10,17,17,10,10,17,17,10,18,18,18,18,18,18,18,18","0.00826215744018555","infomap","edit-xhwikibooks.graphml"
"0.65","0.12","0.23","0.330228238434064","1,2,1,1,1,2,1,2,3,4,5,6,7,8,3,9,4,5,10,6,2,11,7,12,8,13,8,14,15,4,5,16,6,6,10,17,18,3,2,2,2,2,11,11,11,11,2,11,11,11,2,2,2,2,2,11,11,11,11,2,7,2,2,12,8,2,2,2,2,2,11,2,13,13,2,2,2,2,2,2,2,8,14,14,14,15,2,2,2,2,4,5,16,2,2,2,9,2,2,2,2,2,2,2,2,2,2,6,6,2,2,2,2,17,10,17,17,17,10,10,10,18,18,18,18,18,18,18,18","0.0103878974914551","infomap","edit-xhwikibooks.graphml"
"0.64","0.13","0.23","0.347668517844813","1,2,1,1,1,3,1,2,3,4,5,6,7,8,9,3,4,5,10,6,11,12,7,13,14,15,8,16,17,4,5,18,6,6,9,10,19,10,11,11,11,11,12,12,12,12,11,12,12,12,11,11,11,11,11,12,12,12,12,11,7,11,11,13,14,11,11,11,11,11,12,11,15,15,11,11,11,11,11,11,11,8,16,16,16,17,11,11,11,11,4,5,18,11,11,11,3,11,11,11,11,11,11,11,11,11,11,6,6,11,11,11,11,9,9,9,9,9,9,10,10,19,19,19,19,19,19,19,19","0.011476993560791","infomap","edit-xhwikibooks.graphml"
"0.63","0.14","0.23","0.3399646593263","1,2,1,1,1,3,1,3,3,4,5,6,7,8,9,10,4,5,3,6,2,11,7,12,8,13,9,14,15,4,5,16,6,6,17,3,18,3,2,2,2,2,11,11,11,11,2,11,11,11,2,2,2,2,2,11,11,11,11,2,7,2,2,12,8,2,2,2,2,2,11,2,13,13,2,2,2,2,2,2,2,9,14,14,14,15,2,2,2,2,4,5,16,2,2,2,10,2,2,2,2,2,2,2,2,2,2,6,6,2,2,2,2,17,17,3,3,3,3,17,17,18,18,18,18,18,18,18,18","0.0103890895843506","infomap","edit-xhwikibooks.graphml"
"0.62","0.15","0.23","0.356797792215682","1,2,1,1,1,3,1,3,4,5,6,7,8,9,4,3,5,6,10,7,11,2,8,12,4,13,9,14,15,5,6,16,7,7,10,17,18,4,11,11,11,11,2,2,2,2,11,2,2,2,11,11,11,11,11,2,2,2,2,11,8,11,11,12,4,11,11,11,11,11,2,11,13,13,11,11,11,11,11,11,11,9,14,14,14,15,11,11,11,11,5,6,16,11,11,11,3,11,11,11,11,11,11,11,11,11,11,7,7,11,11,11,11,17,17,17,17,17,17,17,10,18,18,18,18,18,18,18,18","0.0128610134124756","infomap","edit-xhwikibooks.graphml"
"0.61","0.16","0.23","0.333451829462356","1,2,1,1,1,3,1,3,4,5,6,7,8,9,4,10,5,6,11,7,2,12,8,8,9,13,9,10,14,5,6,15,7,7,16,11,17,4,2,2,2,2,12,12,12,12,2,12,12,12,2,2,2,2,2,12,12,12,12,2,8,2,2,8,9,2,2,2,2,2,12,2,13,13,2,2,2,2,2,2,2,9,10,10,10,14,2,2,2,2,5,6,15,2,2,2,10,2,2,2,2,2,2,2,2,2,2,7,7,2,2,2,2,11,16,11,16,16,11,16,16,4,4,4,4,17,4,17,4","0.0085151195526123","infomap","edit-xhwikibooks.graphml"
"0.6","0.17","0.23","0.365405155259383","1,2,1,1,1,3,1,3,4,5,6,7,8,9,4,10,5,6,11,7,12,2,8,8,9,13,14,10,15,5,6,16,7,7,11,17,4,4,12,12,12,12,2,2,2,2,12,2,2,2,12,12,12,12,12,2,2,2,2,12,8,12,12,8,9,12,12,12,12,12,2,12,13,13,12,12,12,12,12,12,12,14,10,10,10,15,12,12,12,12,5,6,16,12,12,12,10,12,12,12,12,12,12,12,12,12,12,7,7,12,12,12,12,11,11,11,17,11,17,11,11,4,4,4,4,4,4,4,4","0.00810694694519043","infomap","edit-xhwikibooks.graphml"
"0.59","0.18","0.23","0.359637188208617","1,2,1,1,1,2,1,2,3,4,5,6,7,8,3,9,4,5,10,6,11,12,7,7,3,13,8,9,14,4,5,15,6,6,16,10,17,3,11,11,11,11,12,12,12,12,11,12,12,12,11,11,11,11,11,12,12,12,12,11,7,11,11,7,3,11,11,11,11,11,12,11,13,13,11,11,11,11,11,11,11,8,9,9,9,14,11,11,11,11,4,5,15,11,11,11,9,11,11,11,11,11,11,11,11,11,11,6,6,11,11,11,11,16,16,10,10,16,16,16,10,17,17,17,17,17,17,17,17","0.0109379291534424","infomap","edit-xhwikibooks.graphml"
"0.58","0.19","0.23","0.356751757443289","1,2,1,1,1,2,1,2,3,4,5,6,7,8,3,9,4,5,10,6,11,12,7,7,8,13,8,9,14,4,5,15,6,6,10,16,17,3,11,11,11,11,12,12,12,12,11,12,12,12,11,11,11,11,11,12,12,12,12,11,7,11,11,7,8,11,11,11,11,11,12,11,13,13,11,11,11,11,11,11,11,8,9,9,9,14,11,11,11,11,4,5,15,11,11,11,9,11,11,11,11,11,11,11,11,11,11,6,6,11,11,11,11,16,10,3,16,10,16,10,16,17,17,17,17,17,17,17,17","0.0110750198364258","infomap","edit-xhwikibooks.graphml"
"0.57","0.2","0.23","0.349920314921306","1,2,1,1,1,3,1,4,3,5,6,7,8,4,3,9,5,6,3,7,10,2,8,8,4,11,4,9,12,5,6,13,7,7,14,15,16,3,10,10,10,10,2,2,2,2,10,2,2,2,10,10,10,10,10,2,2,2,2,10,8,10,10,8,4,10,10,10,10,10,2,10,11,11,10,10,10,10,10,10,10,4,9,9,9,12,10,10,10,10,5,6,13,10,10,10,9,10,10,10,10,10,10,10,10,10,10,7,7,10,10,10,10,14,3,15,3,15,14,3,14,16,16,16,16,16,16,16,16","0.0131850242614746","infomap","edit-xhwikibooks.graphml"
"0.56","0.21","0.23","0.362031491189681","1,2,1,1,1,2,1,2,3,4,5,6,7,8,3,9,4,5,10,6,11,12,7,7,8,13,8,9,14,4,5,15,6,6,10,16,17,3,11,11,11,11,12,12,12,12,11,12,12,12,11,11,11,11,11,12,12,12,12,11,7,11,11,7,8,11,11,11,11,11,12,11,13,13,11,11,11,11,11,11,11,8,9,9,9,14,11,11,11,11,4,5,15,11,11,11,9,11,11,11,11,11,11,11,11,11,11,6,6,11,11,11,11,16,10,16,16,10,10,16,10,17,17,17,17,17,17,17,17","0.0101320743560791","infomap","edit-xhwikibooks.graphml"
"0.55","0.22","0.23","0.362027828997603","1,2,1,1,1,3,1,3,3,4,5,6,7,8,9,10,4,5,11,6,12,2,7,7,8,13,9,10,14,4,5,15,6,6,16,11,17,9,12,12,12,12,2,2,2,2,12,2,2,2,12,12,12,12,12,2,2,2,2,12,7,12,12,7,8,12,12,12,12,12,2,12,13,13,12,12,12,12,12,12,12,9,10,10,10,14,12,12,12,12,4,5,15,12,12,12,10,12,12,12,12,12,12,12,12,12,12,6,6,12,12,12,12,16,16,11,11,16,11,16,16,17,17,17,17,17,17,17,17","0.00925207138061523","infomap","edit-xhwikibooks.graphml"
"0.54","0.23","0.23","0.343341200425748","1,2,1,1,1,3,1,2,3,4,5,6,7,8,3,9,4,5,10,6,11,12,7,7,8,13,8,9,14,4,5,15,6,6,16,10,17,3,11,11,11,11,12,12,12,12,11,12,12,12,11,11,11,11,11,12,12,12,12,11,7,11,11,7,8,11,11,11,11,11,12,11,13,13,11,11,11,11,11,11,11,8,9,9,9,14,11,11,11,11,4,5,15,11,11,11,9,11,11,11,11,11,11,11,11,11,11,6,6,11,11,11,11,10,10,10,16,10,16,16,16,17,17,17,3,3,3,3,17","0.00978612899780273","infomap","edit-xhwikibooks.graphml"
"0.53","0.24","0.23","0.35458332475611","1,2,1,1,1,3,1,2,3,4,5,6,7,8,3,9,4,5,5,6,10,11,7,7,8,12,3,9,2,4,5,5,6,6,13,14,15,3,10,10,10,10,11,11,11,11,10,11,11,11,10,10,10,10,10,11,11,11,11,10,16,10,10,7,8,10,10,10,10,10,11,10,12,12,10,10,10,10,10,10,10,3,9,9,9,17,10,10,10,10,18,19,20,10,10,10,9,10,10,10,10,10,10,10,10,10,10,6,6,10,10,10,10,14,13,13,14,13,13,13,14,15,15,15,15,15,15,15,15","0.00868797302246094","infomap","edit-xhwikibooks.graphml"
"0.52","0.25","0.23","0.354832708593642","1,2,1,1,1,2,1,2,3,4,5,6,7,8,3,9,4,5,5,6,10,11,7,7,8,12,3,9,2,4,5,5,6,6,13,14,15,15,10,10,10,10,11,11,11,11,10,11,11,11,10,10,10,10,10,11,11,11,11,10,16,10,10,7,8,10,10,10,10,10,11,10,12,12,10,10,10,10,10,10,10,3,9,9,9,17,10,10,10,10,18,19,20,10,10,10,9,10,10,10,10,10,10,10,10,10,10,6,6,10,10,10,10,14,14,14,13,14,13,14,14,15,15,15,15,15,15,15,15","0.00574183464050293","infomap","edit-xhwikibooks.graphml"
"0.51","0.26","0.23","0.35284919955104","1,2,1,1,1,3,1,2,3,4,5,6,7,8,9,10,4,5,5,6,11,12,7,7,8,13,14,10,2,4,5,5,6,6,15,9,3,3,11,11,11,11,12,12,12,12,11,12,12,12,11,11,11,11,11,12,12,12,12,11,16,11,11,7,8,11,11,11,11,11,12,11,13,13,11,11,11,11,11,11,11,14,10,10,10,17,11,11,11,11,18,19,20,11,11,11,10,11,11,11,11,11,11,11,11,11,11,6,6,11,11,11,11,15,9,15,15,9,15,15,15,3,3,3,3,3,3,3,3","0.00681900978088379","infomap","edit-xhwikibooks.graphml"
"0.5","0.27","0.23","0.353705768549149","1,2,1,1,1,3,1,3,3,4,5,6,7,8,9,10,4,5,5,6,2,11,7,7,8,12,9,10,2,4,5,5,6,6,13,14,9,9,2,2,2,2,11,11,11,11,2,11,11,11,2,2,2,2,2,11,11,11,11,2,15,2,2,7,8,2,2,2,2,2,11,2,12,12,2,2,2,2,2,2,2,9,10,10,10,16,2,2,2,2,17,18,19,2,2,2,10,2,2,2,2,2,2,2,2,2,2,6,6,2,2,2,2,14,13,13,13,13,14,13,13,9,9,9,9,9,9,9,9","0.0109341144561768","infomap","edit-xhwikibooks.graphml"
"0.49","0.28","0.23","0.355727223018987","1,2,1,1,1,3,1,3,3,4,5,6,7,8,3,9,4,5,5,6,10,2,7,7,11,12,8,9,2,4,5,5,6,6,13,14,15,14,10,10,10,10,2,2,2,2,10,2,2,2,10,10,10,10,10,2,2,2,2,10,16,10,10,7,11,10,10,10,10,10,2,10,12,12,10,10,10,10,10,10,10,8,9,9,9,17,10,10,10,10,18,19,20,10,10,10,9,10,10,10,10,10,10,10,10,10,10,6,6,10,10,10,10,14,14,13,14,13,14,13,14,15,15,15,15,15,15,15,15","0.0077660083770752","infomap","edit-xhwikibooks.graphml"
"0.48","0.29","0.23","0.36453002173511","1,2,1,1,1,2,1,2,3,4,5,6,7,8,3,9,4,5,5,6,10,11,7,7,3,12,8,9,2,4,5,5,6,6,13,14,15,3,10,10,10,10,11,11,11,11,10,11,11,11,10,10,10,10,10,11,11,11,11,10,16,10,10,7,3,10,10,10,10,10,11,10,12,12,10,10,10,10,10,10,10,8,9,9,9,17,10,10,10,10,18,19,20,10,10,10,9,10,10,10,10,10,10,10,10,10,10,6,6,10,10,10,10,13,13,13,13,14,14,13,14,15,15,15,15,15,15,15,15","0.00583696365356445","infomap","edit-xhwikibooks.graphml"
"0.47","0.3","0.23","0.360068480642805","1,2,1,1,1,2,1,2,2,3,4,5,6,7,8,9,3,4,4,5,10,11,6,6,8,12,7,9,2,3,4,4,5,5,13,14,15,8,10,10,10,10,11,11,11,11,10,11,11,11,10,10,10,10,10,11,11,11,11,10,16,10,10,6,8,10,10,10,10,10,11,10,12,12,10,10,10,10,10,10,10,7,9,9,9,17,10,10,10,10,18,19,20,10,10,10,9,10,10,10,10,10,10,10,10,10,10,5,5,10,10,10,10,13,14,14,14,13,13,13,14,15,15,15,15,15,15,15,15","0.00583696365356445","infomap","edit-xhwikibooks.graphml"
"0.46","0.31","0.23","0.355914138409677","1,1,2,2,2,3,2,3,4,5,6,2,7,3,4,8,5,6,6,9,10,11,7,7,12,13,14,8,3,5,6,6,9,9,15,16,17,4,10,10,10,10,11,11,11,11,10,11,11,11,10,10,10,10,10,11,11,11,11,10,18,10,10,7,12,10,10,10,10,10,11,10,13,13,10,10,10,10,10,10,10,14,8,8,8,19,10,10,10,10,20,21,22,10,10,10,8,10,10,10,10,10,10,10,10,10,10,9,9,10,10,10,10,16,16,16,15,15,16,15,15,17,17,17,17,17,17,17,17","0.00699210166931152","infomap","edit-xhwikibooks.graphml"
"0.45","0.32","0.23","0.360500694900947","1,2,1,1,1,3,1,3,4,5,6,1,7,3,4,8,5,6,6,9,10,2,7,7,11,12,13,8,2,5,6,6,9,9,14,15,16,4,10,10,10,10,2,2,2,2,10,2,2,2,10,10,10,10,10,2,2,2,2,10,17,10,10,7,11,10,10,10,10,10,2,10,12,12,10,10,10,10,10,10,10,13,8,8,8,18,10,10,10,10,19,20,21,10,10,10,8,10,10,10,10,10,10,10,10,10,10,9,9,10,10,10,10,15,15,14,14,15,14,14,14,16,16,16,16,16,16,16,16","0.00472497940063477","infomap","edit-xhwikibooks.graphml"
"0.44","0.33","0.23","0.358958912035978","1,2,1,1,1,2,1,2,3,4,5,1,6,2,3,7,4,5,5,8,9,10,6,6,11,12,13,7,2,4,5,5,8,8,14,15,16,3,9,9,9,9,10,10,10,10,9,10,10,10,9,9,9,9,9,10,10,10,10,9,17,9,9,6,11,9,9,9,9,9,10,9,12,12,9,9,9,9,9,9,9,13,7,7,7,18,9,9,9,9,19,20,21,9,9,9,7,9,9,9,9,9,9,9,9,9,9,8,8,9,9,9,9,15,14,15,14,14,15,14,14,16,16,16,16,16,16,16,16","0.00585412979125977","infomap","edit-xhwikibooks.graphml"
"0.43","0.34","0.23","0.3668885308417","1,2,1,1,1,3,1,3,4,5,6,1,7,4,4,8,5,6,6,9,2,10,7,7,11,12,13,8,2,5,6,6,9,9,14,15,16,4,2,2,2,2,10,10,10,10,2,10,10,10,2,2,2,2,2,10,10,10,10,2,17,2,2,7,11,2,2,2,2,2,10,2,12,12,2,2,2,2,2,2,2,13,8,8,8,18,2,2,2,2,19,20,21,2,2,2,8,2,2,2,2,2,2,2,2,2,2,9,9,2,2,2,2,15,15,14,15,15,14,14,15,16,16,16,16,16,16,16,16","0.00670003890991211","infomap","edit-xhwikibooks.graphml"
"0.42","0.35","0.23","0.368333520956314","1,2,1,1,1,3,1,3,4,5,6,1,7,3,4,8,5,6,6,9,2,10,7,7,11,12,13,8,2,5,6,6,9,9,14,15,16,4,2,2,2,2,10,10,10,10,2,10,10,10,2,2,2,2,2,10,10,10,10,2,17,2,2,7,11,2,2,2,2,2,10,2,12,12,2,2,2,2,2,2,2,13,8,8,8,18,2,2,2,2,19,20,21,2,2,2,8,2,2,2,2,2,2,2,2,2,2,9,9,2,2,2,2,15,14,15,14,14,15,14,15,16,16,16,16,16,16,16,16","0.00674104690551758","infomap","edit-xhwikibooks.graphml"
"0.41","0.36","0.23","0.374593201478122","1,1,2,2,2,3,2,3,4,5,6,2,7,3,4,8,5,6,6,9,10,11,7,7,12,13,14,8,11,5,6,6,9,9,15,16,17,17,10,10,10,10,11,11,11,11,10,11,11,11,10,10,10,10,10,11,11,11,11,10,18,10,10,7,12,10,10,10,10,10,11,10,13,13,10,10,10,10,10,10,10,14,8,8,8,19,10,10,10,10,20,21,22,10,10,10,8,10,10,10,10,10,10,10,10,10,10,9,9,10,10,10,10,16,15,15,15,15,15,15,15,17,17,17,17,17,17,17,17","0.00914907455444336","infomap","edit-xhwikibooks.graphml"
"0.4","0.37","0.23","0.381992560398645","1,2,1,1,1,3,1,3,3,4,5,1,6,7,7,8,4,5,5,9,10,2,6,6,7,11,12,8,2,4,5,5,9,9,13,14,15,7,10,10,10,10,2,2,2,2,10,2,2,2,10,10,10,10,10,2,2,2,2,10,16,10,10,6,7,10,10,10,10,10,2,10,11,11,10,10,10,10,10,10,10,12,8,8,8,17,10,10,10,10,18,19,20,10,10,10,8,10,10,10,10,10,10,10,10,10,10,9,9,10,10,10,10,13,14,13,14,14,13,13,14,15,15,15,15,15,15,15,15","0.00652790069580078","infomap","edit-xhwikibooks.graphml"
"0.39","0.38","0.23","0.378738118380802","1,2,1,1,1,2,1,2,3,4,5,1,6,2,3,7,4,5,5,8,9,10,6,6,2,11,12,7,2,4,5,5,8,8,13,14,15,3,9,9,9,9,10,10,10,10,9,10,10,10,9,9,9,9,9,10,10,10,10,9,16,9,9,6,2,9,9,9,9,9,10,9,11,11,9,9,9,9,9,9,9,12,7,7,7,17,9,9,9,9,18,19,20,9,9,9,7,9,9,9,9,9,9,9,9,9,9,8,8,9,9,9,9,14,14,14,14,13,14,13,13,15,15,15,15,15,15,15,15","0.00674200057983398","infomap","edit-xhwikibooks.graphml"
"0.38","0.39","0.23","0.364009473268716","1,2,1,1,1,3,1,3,4,5,6,1,7,3,4,8,5,6,6,9,2,10,7,7,11,12,13,8,2,5,6,6,9,9,14,15,16,15,2,2,2,2,10,10,10,10,2,10,10,10,2,2,2,2,2,10,10,10,10,2,17,2,2,7,11,2,2,2,2,2,10,2,12,12,2,2,2,2,2,2,2,13,8,8,8,18,2,2,2,2,19,20,21,2,2,2,8,2,2,2,2,2,2,2,2,2,2,9,9,2,2,2,2,15,15,15,15,14,14,14,14,16,16,16,16,16,16,16,16","0.00767898559570312","infomap","edit-xhwikibooks.graphml"
"0.37","0.4","0.23","0.378587067759205","1,2,1,1,1,3,1,3,4,5,6,1,7,4,4,8,5,6,6,9,10,2,7,7,11,12,13,8,2,5,6,6,9,9,14,15,16,4,10,10,10,10,2,2,2,2,10,2,2,2,10,10,10,10,10,2,2,2,2,10,17,10,10,7,11,10,10,10,10,10,2,10,12,12,10,10,10,10,10,10,10,13,8,8,8,18,10,10,10,10,19,20,21,10,10,10,8,10,10,10,10,10,10,10,10,10,10,9,9,10,10,10,10,14,15,15,15,14,15,15,15,16,16,16,16,16,16,16,16","0.00697207450866699","infomap","edit-xhwikibooks.graphml"
"0.36","0.41","0.23","0.379872390195","1,2,1,1,1,2,1,2,3,4,5,1,6,2,3,7,4,5,5,8,9,10,6,6,11,12,13,7,2,4,5,5,8,8,14,15,16,16,9,9,9,9,10,10,10,10,9,10,10,10,9,9,9,9,9,10,10,10,10,9,17,9,9,6,11,9,9,9,9,9,10,9,12,12,9,9,9,9,9,9,9,13,7,7,7,18,9,9,9,9,19,20,21,9,9,9,7,9,9,9,9,9,9,9,9,9,9,8,8,9,9,9,9,14,14,14,15,15,14,15,14,16,16,16,16,16,16,16,16","0.0115129947662354","infomap","edit-xhwikibooks.graphml"
"0.35","0.42","0.23","0.383992876001812","1,2,1,1,1,3,1,3,4,5,6,1,7,3,4,8,5,6,6,9,10,2,7,7,11,12,13,8,2,5,6,6,9,9,14,15,4,4,10,10,10,10,2,2,2,2,10,2,2,2,10,10,10,10,10,2,2,2,2,10,16,10,10,7,11,10,10,10,10,10,2,10,12,12,10,10,10,10,10,10,10,13,8,8,8,17,10,10,10,10,18,19,20,10,10,10,8,10,10,10,10,10,10,10,10,10,10,9,9,10,10,10,10,15,15,14,14,15,15,15,14,4,4,4,4,4,4,4,4","0.00669693946838379","infomap","edit-xhwikibooks.graphml"
"0.34","0.43","0.23","0.382346694386838","1,2,1,1,1,3,1,3,4,5,6,1,7,3,4,8,5,6,6,9,10,2,7,7,11,12,13,8,2,5,6,6,9,9,14,15,16,4,10,10,10,10,2,2,2,2,10,2,2,2,10,10,10,10,10,2,2,2,2,10,17,10,10,7,11,10,10,10,10,10,2,10,12,12,10,10,10,10,10,10,10,13,8,8,8,18,10,10,10,10,19,20,21,10,10,10,8,10,10,10,10,10,10,10,10,10,10,9,9,10,10,10,10,14,15,15,15,15,15,15,15,16,16,16,16,16,16,16,16","0.00453686714172363","infomap","edit-xhwikibooks.graphml"
"0.33","0.44","0.23","0.393979787959576","1,2,1,1,1,2,1,2,3,4,5,1,6,2,3,7,4,5,5,8,9,10,6,6,11,12,13,7,2,4,5,5,8,8,14,14,15,3,9,9,9,9,10,10,10,10,9,10,10,10,9,9,9,9,9,10,10,10,10,9,16,9,9,6,11,9,9,9,9,9,10,9,12,12,9,9,9,9,9,9,9,13,7,7,7,17,9,9,9,9,18,19,20,9,9,9,7,9,9,9,9,9,9,9,9,9,9,8,8,9,9,9,9,14,14,14,14,14,14,14,14,3,15,3,15,3,3,3,3","0.00597000122070312","infomap","edit-xhwikibooks.graphml"
"0.32","0.45","0.23","0.384760217647543","1,2,1,1,1,2,1,2,3,4,5,1,6,2,3,7,4,5,5,8,9,10,6,6,11,12,13,7,2,4,5,5,8,8,14,15,16,3,9,9,9,9,10,10,10,10,9,10,10,10,9,9,9,9,9,10,10,10,10,9,17,9,9,6,11,9,9,9,9,9,10,9,12,12,9,9,9,9,9,9,9,13,7,7,7,18,9,9,9,9,19,20,21,9,9,9,7,9,9,9,9,9,9,9,9,9,9,8,8,9,9,9,9,14,14,15,14,14,15,15,14,16,16,16,16,16,16,16,16","0.00681185722351074","infomap","edit-xhwikibooks.graphml"
"0.31","0.46","0.23","0.388222478533897","1,2,1,1,1,2,1,2,3,4,5,1,6,3,3,7,4,5,5,8,9,10,6,6,11,12,3,7,2,4,5,5,8,8,13,14,15,3,9,9,9,9,10,10,10,10,9,10,10,10,9,9,9,9,9,10,10,10,10,9,16,9,9,6,11,9,9,9,9,9,10,9,12,12,9,9,9,9,9,9,9,3,7,7,7,17,9,9,9,9,18,19,20,9,9,9,7,9,9,9,9,9,9,9,9,9,9,8,8,9,9,9,9,14,14,13,14,13,13,13,13,15,15,15,15,15,15,15,15","0.00588202476501465","infomap","edit-xhwikibooks.graphml"
"0.3","0.47","0.23","0.382787785896252","1,2,1,1,3,1,3,4,1,1,3,5,6,4,4,7,8,3,3,5,9,2,6,6,4,10,4,7,2,11,12,3,5,5,13,14,15,4,9,9,9,9,2,2,2,2,9,2,2,2,9,9,9,9,9,2,2,2,2,9,16,9,9,17,18,9,9,9,9,9,2,9,10,10,9,9,9,9,9,9,9,19,7,7,7,20,9,9,9,9,21,22,23,9,9,9,24,9,9,9,9,9,9,9,9,9,9,25,26,9,9,9,9,14,14,14,14,14,14,13,13,15,15,15,15,15,15,15,15","0.00810003280639648","infomap","edit-xhwikibooks.graphml"
"0.29","0.48","0.23","0.375798579179093","1,2,1,1,3,1,3,2,1,1,3,4,5,6,7,8,9,3,3,4,10,11,5,6,7,12,7,8,2,13,14,3,4,4,15,16,17,7,10,10,10,10,11,11,11,11,10,11,11,11,10,10,10,10,10,11,11,11,11,10,18,10,10,19,20,10,10,10,10,10,11,10,12,12,10,10,10,10,10,10,10,21,8,8,8,22,10,10,10,10,23,24,25,10,10,10,26,10,10,10,10,10,10,10,10,10,10,27,28,10,10,10,10,15,15,16,15,16,15,15,16,17,17,17,17,17,17,17,17","0.00908589363098145","infomap","edit-xhwikibooks.graphml"
"0.28","0.49","0.23","0.381770145310436","1,2,1,1,3,1,3,2,1,1,3,4,5,6,6,7,8,3,3,4,9,10,5,5,6,11,6,7,2,12,13,3,4,4,14,15,16,6,9,9,9,9,10,10,10,10,9,10,10,10,9,9,9,9,9,10,10,10,10,9,17,9,9,18,19,9,9,9,9,9,10,9,11,11,9,9,9,9,9,9,9,20,7,7,7,21,9,9,9,9,22,23,24,9,9,9,25,9,9,9,9,9,9,9,9,9,9,26,27,9,9,9,9,14,14,14,15,14,14,14,14,16,16,16,16,16,16,16,16","0.00463390350341797","infomap","edit-xhwikibooks.graphml"
"0.27","0.5","0.23","0.415005192753776","1,2,1,1,3,1,3,2,1,1,3,4,5,6,7,8,9,3,3,4,10,11,5,6,7,12,7,8,2,13,14,3,4,4,15,16,17,7,10,10,10,10,11,11,11,11,10,11,11,11,10,10,10,10,10,11,11,11,11,10,18,10,10,19,20,10,10,10,10,10,11,10,12,12,10,10,10,10,10,10,10,21,8,8,8,22,10,10,10,10,23,24,25,10,10,10,26,10,10,10,10,10,10,10,10,10,10,27,28,10,10,10,10,16,16,16,15,15,15,16,15,17,17,17,17,17,17,17,17","0.00886702537536621","infomap","edit-xhwikibooks.graphml"
"0.26","0.51","0.23","0.408481601482578","1,2,1,1,3,1,3,4,1,1,3,5,4,6,7,8,9,3,3,5,10,2,4,4,7,11,6,8,2,12,13,3,5,5,14,15,16,7,10,10,10,10,2,2,2,2,10,2,2,2,10,10,10,10,10,2,2,2,2,10,17,10,10,18,19,10,10,10,10,10,2,10,11,11,10,10,10,10,10,10,10,20,8,8,8,21,10,10,10,10,22,23,24,10,10,10,25,10,10,10,10,10,10,10,10,10,10,26,27,10,10,10,10,14,14,15,14,15,14,15,15,7,16,16,7,16,16,7,16","0.00637102127075195","infomap","edit-xhwikibooks.graphml"
"0.25","0.52","0.23","0.42076230869211","1,2,1,1,3,1,3,2,1,1,3,4,5,6,6,7,8,3,3,4,9,10,5,5,6,11,6,7,2,12,13,3,4,4,14,15,16,6,9,9,9,9,10,10,10,10,9,10,10,10,9,9,9,9,9,10,10,10,10,9,17,9,9,18,19,9,9,9,9,9,10,9,11,11,9,9,9,9,9,9,9,20,7,7,7,21,9,9,9,9,22,23,24,9,9,9,25,9,9,9,9,9,9,9,9,9,9,26,27,9,9,9,9,15,14,15,15,15,15,14,14,16,16,16,16,16,16,16,16","0.00620102882385254","infomap","edit-xhwikibooks.graphml"
"0.24","0.53","0.23","0.417987341988093","1,2,1,1,3,1,3,2,1,1,3,4,5,6,6,7,8,3,3,4,9,10,5,5,6,11,6,7,2,12,13,3,4,4,14,15,16,6,9,9,9,9,10,10,10,10,9,10,10,10,9,9,9,9,9,10,10,10,10,9,17,9,9,18,19,9,9,9,9,9,10,9,11,11,9,9,9,9,9,9,9,20,7,7,7,21,9,9,9,9,22,23,24,9,9,9,25,9,9,9,9,9,9,9,9,9,9,26,27,9,9,9,9,14,15,15,14,14,15,15,15,16,16,16,16,16,16,16,16","0.00652003288269043","infomap","edit-xhwikibooks.graphml"
"0.23","0.54","0.23","0.416017703769709","1,2,1,1,3,1,3,2,1,1,3,4,5,6,7,8,9,3,3,4,10,11,5,5,7,12,6,8,2,13,14,3,4,4,15,16,17,7,10,10,10,10,11,11,11,11,10,11,11,11,10,10,10,10,10,11,11,11,11,10,18,10,10,19,20,10,10,10,10,10,11,10,12,12,10,10,10,10,10,10,10,21,8,8,8,22,10,10,10,10,23,24,25,10,10,10,26,10,10,10,10,10,10,10,10,10,10,27,28,10,10,10,10,15,15,15,16,16,15,16,15,17,17,17,17,17,17,17,17","0.00447416305541992","infomap","edit-xhwikibooks.graphml"
"0.22","0.55","0.23","0.409745765981251","1,2,1,1,3,1,3,4,1,1,3,5,4,6,7,8,9,3,3,5,2,10,4,4,6,11,6,8,2,12,13,3,5,5,14,15,7,7,2,2,2,2,10,10,10,10,2,10,10,10,2,2,2,2,2,10,10,10,10,2,16,2,2,17,18,2,2,2,2,2,10,2,11,11,2,2,2,2,2,2,2,19,8,8,8,20,2,2,2,2,21,22,23,2,2,2,24,2,2,2,2,2,2,2,2,2,2,25,26,2,2,2,2,14,15,15,14,15,14,14,15,7,7,7,7,7,7,7,7","0.00450515747070312","infomap","edit-xhwikibooks.graphml"
"0.21","0.56","0.23","0.42053015635722","1,1,2,2,3,2,3,4,2,2,3,5,4,6,7,8,9,3,3,5,10,11,4,4,7,12,6,8,11,13,14,3,5,5,15,16,17,7,10,10,10,10,11,11,11,11,10,11,11,11,10,10,10,10,10,11,11,11,11,10,18,10,10,19,20,10,10,10,10,10,11,10,12,12,10,10,10,10,10,10,10,21,8,8,8,22,10,10,10,10,23,24,25,10,10,10,26,10,10,10,10,10,10,10,10,10,10,27,28,10,10,10,10,15,15,15,16,16,16,15,16,17,17,17,17,17,17,17,17","0.0074460506439209","infomap","edit-xhwikibooks.graphml"
"0.2","0.57","0.23","0.424480618994287","1,2,1,1,3,1,3,2,1,1,3,4,5,6,6,7,8,3,3,4,9,10,5,5,6,11,6,7,2,12,13,3,4,4,14,15,16,16,9,9,9,9,10,10,10,10,9,10,10,10,9,9,9,9,9,10,10,10,10,9,17,9,9,18,19,9,9,9,9,9,10,9,11,11,9,9,9,9,9,9,9,20,7,7,7,21,9,9,9,9,22,23,24,9,9,9,25,9,9,9,9,9,9,9,9,9,9,26,27,9,9,9,9,15,14,15,15,14,15,14,15,16,16,16,16,16,16,16,16","0.00741386413574219","infomap","edit-xhwikibooks.graphml"
"0.19","0.58","0.23","0.423239489084277","1,2,1,1,3,1,3,2,1,1,3,4,5,2,6,7,8,3,3,4,9,10,5,5,6,11,6,7,2,12,13,3,4,4,14,15,16,6,9,9,9,9,10,10,10,10,9,10,10,10,9,9,9,9,9,10,10,10,10,9,17,9,9,18,19,9,9,9,9,9,10,9,11,11,9,9,9,9,9,9,9,20,7,7,7,21,9,9,9,9,22,23,24,9,9,9,25,9,9,9,9,9,9,9,9,9,9,26,27,9,9,9,9,14,15,14,15,14,15,15,14,16,16,16,16,16,16,16,16","0.0083611011505127","infomap","edit-xhwikibooks.graphml"
"0.18","0.59","0.23","0.429837859264201","1,2,1,1,3,1,3,4,1,1,3,5,4,6,7,8,9,3,3,5,10,2,4,4,6,11,7,8,2,12,13,3,5,5,14,15,16,7,10,10,10,10,2,2,2,2,10,2,2,2,10,10,10,10,10,2,2,2,2,10,17,10,10,18,19,10,10,10,10,10,2,10,11,11,10,10,10,10,10,10,10,20,8,8,8,21,10,10,10,10,22,23,24,10,10,10,25,10,10,10,10,10,10,10,10,10,10,26,27,10,10,10,10,15,14,14,15,15,15,14,15,16,16,16,16,16,16,16,16","0.00523900985717773","infomap","edit-xhwikibooks.graphml"
"0.17","0.6","0.23","0.424572245850427","1,2,1,1,3,1,3,2,1,1,3,4,5,6,7,8,9,3,3,4,10,11,5,5,7,12,6,8,2,13,14,3,4,4,15,16,17,7,10,10,10,10,11,11,11,11,10,11,11,11,10,10,10,10,10,11,11,11,11,10,18,10,10,19,20,10,10,10,10,10,11,10,12,12,10,10,10,10,10,10,10,21,8,8,8,22,10,10,10,10,23,24,25,10,10,10,26,10,10,10,10,10,10,10,10,10,10,27,28,10,10,10,10,15,16,15,15,16,15,16,15,17,17,17,17,17,17,17,17","0.00553202629089355","infomap","edit-xhwikibooks.graphml"
"0.16","0.61","0.23","0.438253165849673","1,2,1,1,3,1,3,4,1,1,3,5,4,6,6,7,8,3,3,5,9,2,4,4,6,10,6,7,2,11,12,3,5,5,13,14,15,6,9,9,9,9,2,2,2,2,9,2,2,2,9,9,9,9,9,2,2,2,2,9,16,9,9,17,18,9,9,9,9,9,2,9,10,10,9,9,9,9,9,9,9,19,7,7,7,20,9,9,9,9,21,22,23,9,9,9,24,9,9,9,9,9,9,9,9,9,9,25,26,9,9,9,9,13,13,13,13,14,13,13,13,15,15,15,15,15,15,15,15","0.0082249641418457","infomap","edit-xhwikibooks.graphml"
"0.15","0.62","0.23","0.422455516068076","1,1,2,2,3,2,3,4,2,2,3,5,4,6,7,8,9,3,3,5,10,11,4,4,6,12,7,8,1,13,14,3,5,5,7,15,16,15,10,10,10,10,11,11,11,11,10,11,11,11,10,10,10,10,10,11,11,11,11,10,17,10,10,18,19,10,10,10,10,10,11,10,12,12,10,10,10,10,10,10,10,20,8,8,8,21,10,10,10,10,22,23,24,10,10,10,25,10,10,10,10,10,10,10,10,10,10,26,27,10,10,10,10,15,15,15,15,7,15,7,7,16,16,16,16,16,16,16,16","0.00655508041381836","infomap","edit-xhwikibooks.graphml"
"0.14","0.63","0.23","0.432555433476809","1,2,1,1,3,1,3,4,1,1,3,5,4,6,7,8,9,3,3,5,10,2,4,4,6,11,7,8,2,12,13,3,5,5,14,15,7,7,10,10,10,10,2,2,2,2,10,2,2,2,10,10,10,10,10,2,2,2,2,10,16,10,10,17,18,10,10,10,10,10,2,10,11,11,10,10,10,10,10,10,10,19,8,8,8,20,10,10,10,10,21,22,23,10,10,10,24,10,10,10,10,10,10,10,10,10,10,25,26,10,10,10,10,14,15,15,15,15,15,15,15,7,7,7,7,7,7,7,7","0.00445389747619629","infomap","edit-xhwikibooks.graphml"
"0.13","0.64","0.23","0.466831221438101","1,2,1,1,3,1,3,4,1,1,3,5,4,6,7,8,9,3,3,5,10,2,4,4,6,11,6,8,2,12,13,3,5,5,14,14,7,7,10,10,10,10,2,2,2,2,10,2,2,2,10,10,10,10,10,2,2,2,2,10,15,10,10,16,17,10,10,10,10,10,2,10,11,11,10,10,10,10,10,10,10,18,8,8,8,19,10,10,10,10,20,21,22,10,10,10,23,10,10,10,10,10,10,10,10,10,10,24,25,10,10,10,10,14,14,14,14,14,14,14,14,7,7,7,7,7,7,7,7","0.0042879581451416","infomap","edit-xhwikibooks.graphml"
"0.12","0.65","0.23","0.430254808235161","1,1,2,2,3,2,3,4,2,2,3,5,4,6,7,8,9,3,3,5,10,11,4,4,6,12,7,8,1,13,14,3,5,5,15,16,17,7,10,10,10,10,11,11,11,11,10,11,11,11,10,10,10,10,10,11,11,11,11,10,18,10,10,19,20,10,10,10,10,10,11,10,12,12,10,10,10,10,10,10,10,21,8,8,8,22,10,10,10,10,23,24,25,10,10,10,26,10,10,10,10,10,10,10,10,10,10,27,28,10,10,10,10,15,15,15,15,16,15,15,15,17,17,17,17,17,17,17,17","0.00559902191162109","infomap","edit-xhwikibooks.graphml"
"0.11","0.66","0.23","0.432688471526967","1,1,2,2,3,2,3,4,2,2,3,5,4,6,6,7,8,3,3,5,9,10,4,4,6,11,6,7,1,12,13,3,5,5,14,15,16,6,9,9,9,9,10,10,10,10,9,10,10,10,9,9,9,9,9,10,10,10,10,9,17,9,9,18,19,9,9,9,9,9,10,9,11,11,9,9,9,9,9,9,9,20,7,7,7,21,9,9,9,9,22,23,24,9,9,9,25,9,9,9,9,9,9,9,9,9,9,26,27,9,9,9,9,15,14,15,14,15,15,15,14,16,16,16,16,16,16,16,16","0.0047609806060791","infomap","edit-xhwikibooks.graphml"
"0.1","0.67","0.23","0.441765858615184","1,2,1,1,3,1,3,4,1,1,3,5,4,6,7,8,9,3,3,5,10,2,4,4,6,11,7,8,2,12,13,3,5,5,14,15,16,7,10,10,10,10,2,2,2,2,10,2,2,2,10,10,10,10,10,2,2,2,2,10,17,10,10,18,19,10,10,10,10,10,2,10,11,11,10,10,10,10,10,10,10,20,8,8,8,21,10,10,10,10,22,23,24,10,10,10,25,10,10,10,10,10,10,10,10,10,10,26,27,10,10,10,10,14,14,14,15,14,14,15,15,16,16,16,16,16,16,16,16","0.00534391403198242","infomap","edit-xhwikibooks.graphml"
"0.09","0.68","0.23","0.440074031064015","1,1,2,2,3,2,3,4,2,2,3,5,4,6,7,8,9,3,3,5,10,11,4,4,6,12,7,8,1,13,14,3,5,5,15,16,17,6,10,10,10,10,11,11,11,11,10,11,11,11,10,10,10,10,10,11,11,11,11,10,18,10,10,19,20,10,10,10,10,10,11,10,12,12,10,10,10,10,10,10,10,21,8,8,8,22,10,10,10,10,23,24,25,10,10,10,26,10,10,10,10,10,10,10,10,10,10,27,28,10,10,10,10,16,15,15,15,16,16,15,16,17,17,17,17,17,17,17,17","0.00470089912414551","infomap","edit-xhwikibooks.graphml"
"0.08","0.69","0.23","0.446641021919001","1,1,2,2,3,2,3,4,2,2,3,5,4,6,7,8,9,3,3,5,10,11,4,4,6,12,6,8,1,13,14,3,5,5,15,7,16,7,10,10,10,10,11,11,11,11,10,11,11,11,10,10,10,10,10,11,11,11,11,10,17,10,10,18,19,10,10,10,10,10,11,10,12,12,10,10,10,10,10,10,10,20,8,8,8,21,10,10,10,10,22,23,24,10,10,10,25,10,10,10,10,10,10,10,10,10,10,26,27,10,10,10,10,7,15,7,15,15,15,15,15,16,16,16,16,16,16,16,16","0.00552201271057129","infomap","edit-xhwikibooks.graphml"
"0.07","0.7","0.23","0.432541959492966","1,2,1,3,4,3,5,6,3,3,5,7,6,8,9,3,10,11,5,12,13,2,14,6,9,8,8,3,2,15,16,17,12,18,19,20,21,9,13,13,13,13,2,2,2,2,13,2,2,2,13,13,13,13,13,2,2,2,2,13,22,13,13,23,24,13,13,13,13,13,2,13,25,26,13,13,13,13,13,13,13,27,28,29,30,31,13,13,13,13,32,33,34,13,13,13,35,13,13,13,13,13,13,13,13,13,13,36,37,13,13,13,13,19,19,19,20,19,20,19,19,21,21,21,21,21,21,21,21","0.00401592254638672","infomap","edit-xhwikibooks.graphml"
"0.06","0.71","0.23","0.420605149419241","1,2,1,3,4,3,5,6,3,3,5,7,6,8,9,3,10,11,5,12,2,13,14,6,8,8,9,3,2,15,16,17,12,18,19,20,21,9,2,2,2,2,13,13,13,13,2,13,13,13,2,2,2,2,2,13,13,13,13,2,22,2,2,23,24,2,2,2,2,2,13,2,25,26,2,2,2,2,2,2,2,27,28,29,30,31,2,2,2,2,32,33,34,2,2,2,35,2,2,2,2,2,2,2,2,2,2,36,37,2,2,2,2,19,20,19,20,20,19,19,19,21,21,21,21,21,21,21,21","0.00588011741638184","infomap","edit-xhwikibooks.graphml"
"0.05","0.72","0.23","0.420699732302201","1,2,1,3,4,3,5,6,3,3,5,7,6,8,9,3,10,11,5,12,2,13,14,6,8,9,8,3,2,15,16,17,12,18,19,20,21,8,2,2,2,2,13,13,13,13,2,13,13,13,2,2,2,2,2,13,13,13,13,2,22,2,2,23,24,2,2,2,2,2,13,2,25,26,2,2,2,2,2,2,2,27,28,29,30,31,2,2,2,2,32,33,34,2,2,2,35,2,2,2,2,2,2,2,2,2,2,36,37,2,2,2,2,19,20,20,19,19,20,20,19,21,21,21,21,21,21,21,21","0.00620913505554199","infomap","edit-xhwikibooks.graphml"
"0.04","0.73","0.23","0.43179940092665","1,2,1,3,4,3,5,6,3,3,5,7,6,8,9,3,10,11,5,12,13,2,14,6,8,9,8,3,2,15,16,17,12,18,19,20,21,8,13,13,13,13,2,2,2,2,13,2,2,2,13,13,13,13,13,2,2,2,2,13,22,13,13,23,24,13,13,13,13,13,2,13,25,26,13,13,13,13,13,13,13,27,28,29,30,31,13,13,13,13,32,33,34,13,13,13,35,13,13,13,13,13,13,13,13,13,13,36,37,13,13,13,13,20,19,20,19,20,19,19,19,21,21,21,21,21,21,21,21","0.0050208568572998","infomap","edit-xhwikibooks.graphml"
"0.03","0.74","0.23","0.431568262938727","1,2,1,3,4,3,5,6,3,3,5,7,6,8,9,3,10,11,5,12,13,2,14,6,8,9,8,3,2,15,16,17,12,18,19,20,21,20,13,13,13,13,2,2,2,2,13,2,2,2,13,13,13,13,13,2,2,2,2,13,22,13,13,23,24,13,13,13,13,13,2,13,25,26,13,13,13,13,13,13,13,27,28,29,30,31,13,13,13,13,32,33,34,13,13,13,35,13,13,13,13,13,13,13,13,13,13,36,37,13,13,13,13,20,20,19,19,20,20,19,19,21,21,21,21,21,21,21,21","0.0049750804901123","infomap","edit-xhwikibooks.graphml"
"0.02","0.75","0.23","0.439884473088887","1,2,1,3,4,3,5,6,3,3,5,7,6,8,9,3,10,11,5,12,13,2,14,6,8,8,8,3,2,15,16,17,12,18,19,20,9,9,13,13,13,13,2,2,2,2,13,2,2,2,13,13,13,13,13,2,2,2,2,13,21,13,13,22,23,13,13,13,13,13,2,13,24,25,13,13,13,13,13,13,13,26,27,28,29,30,13,13,13,13,31,32,33,13,13,13,34,13,13,13,13,13,13,13,13,13,13,35,36,13,13,13,13,19,20,20,20,19,20,20,19,9,9,9,9,9,9,9,9","0.00596499443054199","infomap","edit-xhwikibooks.graphml"
"0.01","0.76","0.23","0.452581083562902","1,2,1,3,4,3,5,6,3,3,5,7,6,8,8,3,9,10,5,11,12,2,13,6,8,8,8,3,2,14,15,16,11,17,18,19,20,8,12,12,12,12,2,2,2,2,12,2,2,2,12,12,12,12,12,2,2,2,2,12,21,12,12,22,23,12,12,12,12,12,2,12,24,25,12,12,12,12,12,12,12,26,27,28,29,30,12,12,12,12,31,32,33,12,12,12,34,12,12,12,12,12,12,12,12,12,12,35,36,12,12,12,12,19,18,19,18,19,19,19,19,20,20,20,20,20,20,20,20","0.00498294830322266","infomap","edit-xhwikibooks.graphml"
"0","0.77","0.23","0.42433171947914","1,2,1,3,1,3,4,5,3,3,4,6,5,7,8,3,9,10,4,11,12,2,13,5,7,8,8,3,1,14,15,16,11,17,18,19,20,8,12,12,12,12,2,2,2,2,12,2,2,2,12,12,12,12,12,2,2,2,2,12,21,12,12,22,23,12,12,12,12,12,2,12,24,25,12,12,12,12,12,12,12,26,27,28,29,30,12,12,12,12,31,32,33,12,12,12,34,12,12,12,12,12,12,12,12,12,12,35,36,12,12,12,12,18,19,18,19,19,19,19,19,20,20,20,20,20,20,20,20","0.00425004959106445","infomap","edit-xhwikibooks.graphml"
"0.76","0","0.24","0.330686042016371","1,2,1,1,1,3,1,2,3,4,5,6,7,8,3,9,4,5,10,6,11,12,7,13,3,14,8,15,16,4,5,17,6,6,10,18,19,3,11,11,11,11,12,12,12,12,11,12,12,12,11,11,11,11,11,12,12,12,12,11,7,11,11,13,3,11,11,11,11,11,12,11,14,14,11,11,11,11,11,11,11,8,15,15,15,16,11,11,11,11,4,5,17,11,11,11,9,11,11,11,11,11,11,11,11,11,11,6,6,11,11,11,11,18,18,10,18,18,10,18,18,19,19,19,19,19,19,19,19","0.00978302955627441","infomap","edit-xhwikibooks.graphml"
"0.75","0.01","0.24","0.328450167272216","1,2,1,1,1,3,1,2,3,4,5,6,7,8,9,10,4,5,11,6,12,13,7,14,9,15,8,16,17,4,5,18,6,6,11,19,20,9,12,12,12,12,13,13,13,13,12,13,13,13,12,12,12,12,12,13,13,13,13,12,7,12,12,14,9,12,12,12,12,12,13,12,15,15,12,12,12,12,12,12,12,8,16,16,16,17,12,12,12,12,4,5,18,12,12,12,10,12,12,12,12,12,12,12,12,12,12,6,6,12,12,12,12,19,11,19,11,19,19,19,19,20,20,20,20,20,20,20,20","0.0108659267425537","infomap","edit-xhwikibooks.graphml"
"0.74","0.02","0.24","0.330847839005402","1,2,1,1,1,3,1,4,3,5,6,7,8,4,9,10,5,6,11,7,12,2,8,13,9,14,15,16,17,5,6,18,7,7,11,19,3,3,12,12,12,12,2,2,2,2,12,2,2,2,12,12,12,12,12,2,2,2,2,12,8,12,12,13,9,12,12,12,12,12,2,12,14,14,12,12,12,12,12,12,12,15,16,16,16,17,12,12,12,12,5,6,18,12,12,12,10,12,12,12,12,12,12,12,12,12,12,7,7,12,12,12,12,19,11,11,11,19,19,11,19,3,3,3,3,3,3,3,3","0.00955104827880859","infomap","edit-xhwikibooks.graphml"
"0.73","0.03","0.24","0.325710718002081","1,2,1,1,1,3,1,4,3,5,6,7,4,8,3,9,5,6,10,7,2,11,12,13,8,14,15,16,17,5,6,18,7,7,10,19,20,3,2,2,2,2,11,11,11,11,2,11,11,11,2,2,2,2,2,11,11,11,11,2,12,2,2,13,8,2,2,2,2,2,11,2,14,14,2,2,2,2,2,2,2,15,16,16,16,17,2,2,2,2,5,6,18,2,2,2,9,2,2,2,2,2,2,2,2,2,2,7,7,2,2,2,2,10,10,19,19,10,19,10,10,20,20,20,20,20,20,20,20","0.00961518287658691","infomap","edit-xhwikibooks.graphml"
"0.72","0.04","0.24","0.322021227887617","1,2,1,1,1,3,1,4,3,5,6,7,8,4,9,3,5,6,10,7,2,11,8,12,9,13,14,15,16,5,6,17,7,7,10,18,19,18,2,2,2,2,11,11,11,11,2,11,11,11,2,2,2,2,2,11,11,11,11,2,8,2,2,12,9,2,2,2,2,2,11,2,13,13,2,2,2,2,2,2,2,14,15,15,15,16,2,2,2,2,5,6,17,2,2,2,3,2,2,2,2,2,2,2,2,2,2,7,7,2,2,2,2,18,18,18,18,18,10,18,10,19,19,19,19,19,19,19,19","0.0116238594055176","infomap","edit-xhwikibooks.graphml"
"0.71","0.05","0.24","0.329755752471038","1,2,1,1,1,3,1,2,3,4,5,6,7,8,9,3,4,5,10,6,11,12,7,13,14,15,8,16,17,4,5,18,6,6,10,9,19,19,11,11,11,11,12,12,12,12,11,12,12,12,11,11,11,11,11,12,12,12,12,11,7,11,11,13,14,11,11,11,11,11,12,11,15,15,11,11,11,11,11,11,11,8,16,16,16,17,11,11,11,11,4,5,18,11,11,11,3,11,11,11,11,11,11,11,11,11,11,6,6,11,11,11,11,9,9,10,9,9,10,10,9,19,19,19,19,19,19,19,19","0.0116150379180908","infomap","edit-xhwikibooks.graphml"
"0.7","0.06","0.24","0.328986043947284","1,2,1,1,1,3,1,2,2,4,5,6,7,8,9,3,4,5,10,6,11,2,7,12,13,14,8,15,16,4,5,17,6,6,10,18,9,18,11,11,11,11,2,2,2,2,11,2,2,2,11,11,11,11,11,2,2,2,2,11,7,11,11,12,13,11,11,11,11,11,2,11,14,14,11,11,11,11,11,11,11,8,15,15,15,16,11,11,11,11,4,5,17,11,11,11,3,11,11,11,11,11,11,11,11,11,11,6,6,11,11,11,11,18,18,18,18,10,18,18,18,9,9,9,9,9,9,9,9","0.00955700874328613","infomap","edit-xhwikibooks.graphml"
"0.69","0.07","0.24","0.335094885287935","1,2,1,1,1,3,1,3,4,5,6,7,8,9,10,3,5,6,11,7,12,2,8,13,9,14,9,15,16,5,6,17,7,7,11,4,18,10,12,12,12,12,2,2,2,2,12,2,2,2,12,12,12,12,12,2,2,2,2,12,8,12,12,13,9,12,12,12,12,12,2,12,14,14,12,12,12,12,12,12,12,9,15,15,15,16,12,12,12,12,5,6,17,12,12,12,3,12,12,12,12,12,12,12,12,12,12,7,7,12,12,12,12,4,4,11,11,11,4,11,11,18,18,18,18,18,18,18,18","0.0106520652770996","infomap","edit-xhwikibooks.graphml"
"0.68","0.08","0.24","0.330172282763133","1,1,2,2,2,3,2,3,3,4,5,2,6,7,8,3,4,5,9,10,11,12,6,13,8,14,7,15,16,4,5,17,10,10,18,9,19,8,11,11,11,11,12,12,12,12,11,12,12,12,11,11,11,11,11,12,12,12,12,11,6,11,11,13,8,11,11,11,11,11,12,11,14,14,11,11,11,11,11,11,11,7,15,15,15,16,11,11,11,11,4,5,17,11,11,11,3,11,11,11,11,11,11,11,11,11,11,10,10,11,11,11,11,9,9,9,18,9,9,9,9,19,19,19,19,19,19,19,19","0.00745201110839844","infomap","edit-xhwikibooks.graphml"
"0.67","0.09","0.24","0.32908290639558","1,2,1,1,1,3,1,2,3,4,5,6,7,8,9,3,4,5,9,6,10,11,7,12,13,14,8,15,16,4,5,17,6,6,9,18,19,18,10,10,10,10,11,11,11,11,10,11,11,11,10,10,10,10,10,11,11,11,11,10,7,10,10,12,13,10,10,10,10,10,11,10,14,14,10,10,10,10,10,10,10,8,15,15,15,16,10,10,10,10,4,5,17,10,10,10,3,10,10,10,10,10,10,10,10,10,10,6,6,10,10,10,10,18,18,9,9,18,9,9,18,19,19,19,19,19,19,19,19","0.0107669830322266","infomap","edit-xhwikibooks.graphml"
"0.66","0.1","0.24","0.339932535870187","1,2,1,1,1,3,1,4,3,5,6,7,4,8,3,9,5,6,10,7,11,2,12,4,8,13,3,14,15,5,6,16,7,7,10,17,18,3,11,11,11,11,2,2,2,2,11,2,2,2,11,11,11,11,11,2,2,2,2,11,12,11,11,4,8,11,11,11,11,11,2,11,13,13,11,11,11,11,11,11,11,3,14,14,14,15,11,11,11,11,5,6,16,11,11,11,9,11,11,11,11,11,11,11,11,11,11,7,7,11,11,11,11,10,17,10,10,17,17,10,17,18,18,18,18,18,18,18,18","0.0129029750823975","infomap","edit-xhwikibooks.graphml"
"0.65","0.11","0.24","0.341351084812623","1,2,1,1,1,3,1,3,4,5,6,7,8,3,4,9,5,6,10,7,11,2,8,12,13,14,3,15,16,5,6,17,7,7,10,18,4,4,11,11,11,11,2,2,2,2,11,2,2,2,11,11,11,11,11,2,2,2,2,11,8,11,11,12,13,11,11,11,11,11,2,11,14,14,11,11,11,11,11,11,11,3,15,15,15,16,11,11,11,11,5,6,17,11,11,11,9,11,11,11,11,11,11,11,11,11,11,7,7,11,11,11,11,18,10,10,10,18,10,10,10,4,4,4,4,4,4,4,4","0.0104949474334717","infomap","edit-xhwikibooks.graphml"
"0.64","0.12","0.24","0.338832163578208","1,2,1,1,1,2,1,2,3,4,5,6,7,8,3,9,4,5,10,6,11,2,7,12,3,13,8,14,15,4,5,16,6,6,10,17,18,3,11,11,11,11,2,2,2,2,11,2,2,2,11,11,11,11,11,2,2,2,2,11,7,11,11,12,3,11,11,11,11,11,2,11,13,13,11,11,11,11,11,11,11,8,14,14,14,15,11,11,11,11,4,5,16,11,11,11,9,11,11,11,11,11,11,11,11,11,11,6,6,11,11,11,11,17,10,10,17,17,17,17,10,18,18,18,18,18,18,18,18","0.0115559101104736","infomap","edit-xhwikibooks.graphml"
"0.63","0.13","0.24","0.339882137829907","1,2,1,1,1,3,1,3,4,5,6,7,8,9,4,3,5,6,10,7,11,2,8,12,9,13,4,14,15,5,6,16,7,7,10,17,18,4,11,11,11,11,2,2,2,2,11,2,2,2,11,11,11,11,11,2,2,2,2,11,8,11,11,12,9,11,11,11,11,11,2,11,13,13,11,11,11,11,11,11,11,4,14,14,14,15,11,11,11,11,5,6,16,11,11,11,3,11,11,11,11,11,11,11,11,11,11,7,7,11,11,11,11,17,17,17,10,17,10,17,10,18,18,18,18,18,18,18,18","0.0124258995056152","infomap","edit-xhwikibooks.graphml"
"0.62","0.14","0.24","0.327454904589709","1,2,1,1,1,3,1,2,2,4,5,6,7,8,9,3,4,5,10,6,11,12,7,13,8,14,15,16,17,4,5,18,6,6,9,10,19,10,11,11,11,11,12,12,12,12,11,12,12,12,11,11,11,11,11,12,12,12,12,11,7,11,11,13,8,11,11,11,11,11,12,11,14,14,11,11,11,11,11,11,11,15,16,16,16,17,11,11,11,11,4,5,18,11,11,11,3,11,11,11,11,11,11,11,11,11,11,6,6,11,11,11,11,9,10,9,10,9,9,10,9,19,19,19,19,19,19,19,19","0.0113468170166016","infomap","edit-xhwikibooks.graphml"
"0.61","0.15","0.24","0.323487041029725","1,2,1,1,1,3,1,2,4,5,6,7,8,9,4,3,5,6,10,7,11,12,8,13,9,14,9,15,16,5,6,17,7,7,18,10,19,4,11,11,11,11,12,12,12,12,11,12,12,12,11,11,11,11,11,12,12,12,12,11,8,11,11,13,9,11,11,11,11,11,12,11,14,14,11,11,11,11,11,11,11,9,15,15,15,16,11,11,11,11,5,6,17,11,11,11,3,11,11,11,11,11,11,11,11,11,11,7,7,11,11,11,11,18,18,18,18,10,10,18,18,4,4,4,4,19,4,4,19","0.0128300189971924","infomap","edit-xhwikibooks.graphml"
"0.6","0.16","0.24","0.33866177948414","1,2,1,1,1,2,1,2,2,3,4,5,6,7,8,2,3,4,9,5,10,11,6,12,7,13,7,14,15,3,4,16,5,5,17,9,18,8,10,10,10,10,11,11,11,11,10,11,11,11,10,10,10,10,10,11,11,11,11,10,6,10,10,12,7,10,10,10,10,10,11,10,13,13,10,10,10,10,10,10,10,7,14,14,14,15,10,10,10,10,3,4,16,10,10,10,2,10,10,10,10,10,10,10,10,10,10,5,5,10,10,10,10,17,9,9,9,17,9,9,9,18,18,18,18,18,18,18,18","0.0105071067810059","infomap","edit-xhwikibooks.graphml"
"0.59","0.17","0.24","0.34102303376111","1,2,1,1,1,3,1,2,3,4,5,6,7,8,3,9,4,5,10,6,11,12,7,13,3,14,8,15,16,4,5,17,6,6,10,18,19,8,11,11,11,11,12,12,12,12,11,12,12,12,11,11,11,11,11,12,12,12,12,11,7,11,11,13,3,11,11,11,11,11,12,11,14,14,11,11,11,11,11,11,11,8,15,15,15,16,11,11,11,11,4,5,17,11,11,11,9,11,11,11,11,11,11,11,11,11,11,6,6,11,11,11,11,10,10,10,10,18,10,18,18,19,19,19,19,19,19,19,19","0.0121359825134277","infomap","edit-xhwikibooks.graphml"
"0.58","0.18","0.24","0.339627096917212","1,2,1,1,1,2,1,2,3,4,5,6,7,8,3,9,4,5,10,6,11,2,7,12,8,13,8,14,15,4,5,16,6,6,17,10,18,3,11,11,11,11,2,2,2,2,11,2,2,2,11,11,11,11,11,2,2,2,2,11,7,11,11,12,8,11,11,11,11,11,2,11,13,13,11,11,11,11,11,11,11,8,14,14,14,15,11,11,11,11,4,5,16,11,11,11,9,11,11,11,11,11,11,11,11,11,11,6,6,11,11,11,11,17,17,10,10,17,10,10,10,18,18,18,18,18,18,18,18","0.00851297378540039","infomap","edit-xhwikibooks.graphml"
"0.57","0.19","0.24","0.373523473802275","1,2,1,1,1,3,1,3,4,5,6,7,8,9,4,10,5,6,11,7,12,2,8,13,9,14,4,15,16,5,6,17,7,7,11,11,18,4,12,12,12,12,2,2,2,2,12,2,2,2,12,12,12,12,12,2,2,2,2,12,8,12,12,13,9,12,12,12,12,12,2,12,14,14,12,12,12,12,12,12,12,4,15,15,15,16,12,12,12,12,5,6,17,12,12,12,10,12,12,12,12,12,12,12,12,12,12,7,7,12,12,12,12,11,11,11,11,11,11,11,11,18,18,18,18,18,18,18,18","0.00984501838684082","infomap","edit-xhwikibooks.graphml"
"0.56","0.2","0.24","0.350265597898174","1,2,1,1,1,3,1,2,4,5,6,7,8,9,4,3,5,6,10,7,11,12,8,13,9,14,9,15,16,5,6,17,7,7,10,4,18,4,11,11,11,11,12,12,12,12,11,12,12,12,11,11,11,11,11,12,12,12,12,11,8,11,11,13,9,11,11,11,11,11,12,11,14,14,11,11,11,11,11,11,11,9,15,15,15,16,11,11,11,11,5,6,17,11,11,11,3,11,11,11,11,11,11,11,11,11,11,7,7,11,11,11,11,10,10,4,10,10,10,10,10,18,18,18,18,18,18,18,18","0.00851607322692871","infomap","edit-xhwikibooks.graphml"
"0.55","0.21","0.24","0.343468917559645","1,2,1,1,1,2,1,2,3,4,5,6,7,8,3,9,4,5,3,6,10,11,7,7,8,12,13,9,14,4,5,15,6,6,16,3,17,3,10,10,10,10,11,11,11,11,10,11,11,11,10,10,10,10,10,11,11,11,11,10,7,10,10,7,8,10,10,10,10,10,11,10,12,12,10,10,10,10,10,10,10,13,9,9,9,14,10,10,10,10,4,5,15,10,10,10,9,10,10,10,10,10,10,10,10,10,10,6,6,10,10,10,10,3,16,3,16,16,16,16,3,17,17,17,17,17,17,17,17","0.0109090805053711","infomap","edit-xhwikibooks.graphml"
"0.54","0.22","0.24","0.337988339745773","1,2,1,1,1,2,1,2,3,4,5,6,7,8,9,10,4,5,9,6,11,12,7,7,13,14,8,10,15,4,5,16,6,6,9,3,17,3,11,11,11,11,12,12,12,12,11,12,12,12,11,11,11,11,11,12,12,12,12,11,7,11,11,7,13,11,11,11,11,11,12,11,14,14,11,11,11,11,11,11,11,8,10,10,10,15,11,11,11,11,4,5,16,11,11,11,10,11,11,11,11,11,11,11,11,11,11,6,6,11,11,11,11,3,3,9,9,9,9,3,9,17,17,17,17,17,17,17,17","0.00827407836914062","infomap","edit-xhwikibooks.graphml"
"0.53","0.23","0.24","0.33821182502804","1,2,1,1,1,3,1,2,3,4,5,6,7,8,3,9,4,5,10,6,11,12,7,7,8,13,8,9,14,4,5,15,6,6,16,10,17,17,11,11,11,11,12,12,12,12,11,12,12,12,11,11,11,11,11,12,12,12,12,11,7,11,11,7,8,11,11,11,11,11,12,11,13,13,11,11,11,11,11,11,11,8,9,9,9,14,11,11,11,11,4,5,15,11,11,11,9,11,11,11,11,11,11,11,11,11,11,6,6,11,11,11,11,10,10,10,10,10,10,16,16,17,17,17,17,17,17,17,17","0.00827383995056152","infomap","edit-xhwikibooks.graphml"
"0.52","0.24","0.24","0.345134341621369","1,2,1,1,1,2,1,2,2,3,4,5,6,7,2,8,3,4,9,5,10,11,6,6,12,13,7,8,14,3,4,15,5,5,9,16,17,2,10,10,10,10,11,11,11,11,10,11,11,11,10,10,10,10,10,11,11,11,11,10,6,10,10,6,12,10,10,10,10,10,11,10,13,13,10,10,10,10,10,10,10,7,8,8,8,14,10,10,10,10,3,4,15,10,10,10,8,10,10,10,10,10,10,10,10,10,10,5,5,10,10,10,10,16,16,16,16,9,16,9,9,17,17,17,17,17,17,17,17","0.00852513313293457","infomap","edit-xhwikibooks.graphml"
"0.51","0.25","0.24","0.345885520327828","1,2,1,1,1,3,1,2,3,4,5,6,7,8,3,9,4,5,5,6,10,11,7,7,8,12,3,9,2,4,5,5,6,6,13,14,15,3,10,10,10,10,11,11,11,11,10,11,11,11,10,10,10,10,10,11,11,11,11,10,16,10,10,7,8,10,10,10,10,10,11,10,12,12,10,10,10,10,10,10,10,3,9,9,9,17,10,10,10,10,18,19,20,10,10,10,9,10,10,10,10,10,10,10,10,10,10,6,6,10,10,10,10,13,13,13,14,14,14,14,13,15,15,15,15,15,15,15,15","0.00683021545410156","infomap","edit-xhwikibooks.graphml"
"0.5","0.26","0.24","0.328307162313732","1,2,1,1,1,2,1,2,2,3,4,5,6,7,8,9,3,4,4,5,10,11,6,6,8,12,7,9,2,3,4,4,5,5,13,14,15,8,10,10,10,10,11,11,11,11,10,11,11,11,10,10,10,10,10,11,11,11,11,10,16,10,10,6,8,10,10,10,10,10,11,10,12,12,10,10,10,10,10,10,10,7,9,9,9,17,10,10,10,10,18,19,20,10,10,10,9,10,10,10,10,10,10,10,10,10,10,5,5,10,10,10,10,13,14,14,13,13,14,14,14,8,8,8,8,8,15,8,8","0.00618410110473633","infomap","edit-xhwikibooks.graphml"
"0.49","0.27","0.24","0.34486780964589","1,2,1,1,1,2,1,2,3,4,5,6,7,8,3,9,4,5,5,6,10,11,7,7,8,12,8,9,2,4,5,5,6,6,13,14,15,15,10,10,10,10,11,11,11,11,10,11,11,11,10,10,10,10,10,11,11,11,11,10,16,10,10,7,8,10,10,10,10,10,11,10,12,12,10,10,10,10,10,10,10,8,9,9,9,17,10,10,10,10,18,19,20,10,10,10,9,10,10,10,10,10,10,10,10,10,10,6,6,10,10,10,10,13,14,13,13,13,14,14,14,15,15,15,15,15,15,15,15","0.00698399543762207","infomap","edit-xhwikibooks.graphml"
"0.48","0.28","0.24","0.347042662315141","1,2,1,1,1,3,1,2,3,4,5,6,7,8,3,9,4,5,5,6,10,11,7,7,8,12,13,9,2,4,5,5,6,6,14,3,15,3,10,10,10,10,11,11,11,11,10,11,11,11,10,10,10,10,10,11,11,11,11,10,16,10,10,7,8,10,10,10,10,10,11,10,12,12,10,10,10,10,10,10,10,13,9,9,9,17,10,10,10,10,18,19,20,10,10,10,9,10,10,10,10,10,10,10,10,10,10,6,6,10,10,10,10,3,14,14,3,3,14,14,14,15,15,15,15,15,15,15,15","0.00615501403808594","infomap","edit-xhwikibooks.graphml"
"0.47","0.29","0.24","0.366415237030227","1,2,1,1,1,2,1,2,3,4,5,6,7,8,3,9,4,5,5,6,10,11,7,7,3,12,8,9,2,4,5,5,6,6,13,14,15,3,10,10,10,10,11,11,11,11,10,11,11,11,10,10,10,10,10,11,11,11,11,10,16,10,10,7,3,10,10,10,10,10,11,10,12,12,10,10,10,10,10,10,10,8,9,9,9,17,10,10,10,10,18,19,20,10,10,10,9,10,10,10,10,10,10,10,10,10,10,6,6,10,10,10,10,13,14,14,14,13,13,14,14,15,15,15,15,15,15,15,15","0.00818204879760742","infomap","edit-xhwikibooks.graphml"
"0.46","0.3","0.24","0.366032235694472","1,2,1,1,1,3,1,3,4,5,6,7,8,9,4,10,5,6,6,7,11,2,8,8,9,12,9,10,2,5,6,6,7,7,13,14,15,15,11,11,11,11,2,2,2,2,11,2,2,2,11,11,11,11,11,2,2,2,2,11,16,11,11,8,9,11,11,11,11,11,2,11,12,12,11,11,11,11,11,11,11,9,10,10,10,17,11,11,11,11,18,19,20,11,11,11,10,11,11,11,11,11,11,11,11,11,11,7,7,11,11,11,11,13,13,13,14,13,14,13,14,15,15,15,15,15,15,15,15","0.00799918174743652","infomap","edit-xhwikibooks.graphml"
"0.45","0.31","0.24","0.367468150680658","1,2,1,1,1,3,1,3,4,5,6,7,8,9,4,10,5,6,6,7,11,2,8,8,9,12,13,10,2,5,6,6,7,7,14,15,16,4,11,11,11,11,2,2,2,2,11,2,2,2,11,11,11,11,11,2,2,2,2,11,17,11,11,8,9,11,11,11,11,11,2,11,12,12,11,11,11,11,11,11,11,13,10,10,10,18,11,11,11,11,19,20,21,11,11,11,10,11,11,11,11,11,11,11,11,11,11,7,7,11,11,11,11,14,14,15,14,14,15,15,14,16,16,16,16,16,16,16,16","0.00667405128479004","infomap","edit-xhwikibooks.graphml"
"0.44","0.32","0.24","0.369446222222222","1,2,1,1,1,3,1,2,3,4,5,6,7,8,3,9,4,5,5,6,10,11,7,7,8,12,8,9,2,4,5,5,6,6,13,14,15,3,10,10,10,10,11,11,11,11,10,11,11,11,10,10,10,10,10,11,11,11,11,10,16,10,10,7,8,10,10,10,10,10,11,10,12,12,10,10,10,10,10,10,10,8,9,9,9,17,10,10,10,10,18,19,20,10,10,10,9,10,10,10,10,10,10,10,10,10,10,6,6,10,10,10,10,13,13,13,13,13,13,14,13,15,15,15,15,15,15,15,15","0.00578689575195312","infomap","edit-xhwikibooks.graphml"
"0.43","0.33","0.24","0.369632","1,2,1,1,1,2,1,2,3,4,5,6,7,8,3,9,4,5,5,6,10,11,7,7,8,12,8,9,2,4,5,5,6,6,13,14,15,3,10,10,10,10,11,11,11,11,10,11,11,11,10,10,10,10,10,11,11,11,11,10,16,10,10,7,8,10,10,10,10,10,11,10,12,12,10,10,10,10,10,10,10,8,9,9,9,17,10,10,10,10,18,19,20,10,10,10,9,10,10,10,10,10,10,10,10,10,10,6,6,10,10,10,10,13,13,13,14,13,14,13,13,15,15,15,15,15,15,15,15","0.00505399703979492","infomap","edit-xhwikibooks.graphml"
"0.42","0.34","0.24","0.375814430347302","1,2,1,1,1,3,1,3,4,5,6,7,8,9,4,10,5,6,6,7,2,11,8,8,9,12,9,10,2,5,6,6,7,7,13,14,15,4,2,2,2,2,11,11,11,11,2,11,11,11,2,2,2,2,2,11,11,11,11,2,16,2,2,8,9,2,2,2,2,2,11,2,12,12,2,2,2,2,2,2,2,9,10,10,10,17,2,2,2,2,18,19,20,2,2,2,10,2,2,2,2,2,2,2,2,2,2,7,7,2,2,2,2,13,14,14,13,13,14,14,13,15,15,15,15,15,15,15,15","0.00601315498352051","infomap","edit-xhwikibooks.graphml"
"0.41","0.35","0.24","0.384535862275193","1,2,1,1,1,3,1,3,3,4,5,6,7,8,9,10,4,5,5,6,11,2,7,7,9,12,8,10,2,4,5,5,6,6,13,14,15,9,11,11,11,11,2,2,2,2,11,2,2,2,11,11,11,11,11,2,2,2,2,11,16,11,11,7,9,11,11,11,11,11,2,11,12,12,11,11,11,11,11,11,11,8,10,10,10,17,11,11,11,11,18,19,20,11,11,11,10,11,11,11,11,11,11,11,11,11,11,6,6,11,11,11,11,14,14,13,14,14,14,13,13,15,15,15,15,15,15,15,15","0.00889897346496582","infomap","edit-xhwikibooks.graphml"
"0.4","0.36","0.24","0.380155817174515","1,2,1,1,1,2,1,2,3,4,5,6,7,8,3,9,4,5,5,6,10,11,7,7,8,12,3,9,10,4,5,5,6,6,13,14,15,3,10,10,10,10,11,11,11,11,10,11,11,11,10,10,10,10,10,11,11,11,11,10,16,10,10,7,8,10,10,10,10,10,11,10,12,12,10,10,10,10,10,10,10,3,9,9,9,17,10,10,10,10,18,19,20,10,10,10,9,10,10,10,10,10,10,10,10,10,10,6,6,10,10,10,10,13,13,14,14,14,13,14,14,15,15,15,15,15,15,15,15","0.00717616081237793","infomap","edit-xhwikibooks.graphml"
"0.39","0.37","0.24","0.383573407202216","1,2,1,1,1,3,1,3,4,5,6,7,8,9,4,10,5,6,6,7,11,2,8,8,9,12,9,10,2,5,6,6,7,7,13,14,15,4,11,11,11,11,2,2,2,2,11,2,2,2,11,11,11,11,11,2,2,2,2,11,16,11,11,8,9,11,11,11,11,11,2,11,12,12,11,11,11,11,11,11,11,9,10,10,10,17,11,11,11,11,18,19,20,11,11,11,10,11,11,11,11,11,11,11,11,11,11,7,7,11,11,11,11,14,13,13,14,14,13,14,14,15,15,15,15,15,15,15,15","0.00615692138671875","infomap","edit-xhwikibooks.graphml"
"0.38","0.38","0.24","0.381729379525177","1,2,1,1,1,3,1,2,3,4,5,6,7,8,3,9,4,5,5,6,10,11,7,7,3,12,8,9,2,4,5,5,6,6,13,14,15,3,10,10,10,10,11,11,11,11,10,11,11,11,10,10,10,10,10,11,11,11,11,10,16,10,10,7,3,10,10,10,10,10,11,10,12,12,10,10,10,10,10,10,10,8,9,9,9,17,10,10,10,10,18,19,20,10,10,10,9,10,10,10,10,10,10,10,10,10,10,6,6,10,10,10,10,13,13,13,13,13,13,13,14,15,15,15,15,15,15,15,15","0.00492596626281738","infomap","edit-xhwikibooks.graphml"
"0.37","0.39","0.24","0.381887180441027","1,2,1,1,1,3,1,3,3,4,5,6,7,8,9,10,4,5,5,6,11,2,7,7,9,12,8,10,2,4,5,5,6,6,13,14,15,9,11,11,11,11,2,2,2,2,11,2,2,2,11,11,11,11,11,2,2,2,2,11,16,11,11,7,9,11,11,11,11,11,2,11,12,12,11,11,11,11,11,11,11,8,10,10,10,17,11,11,11,11,18,19,20,11,11,11,10,11,11,11,11,11,11,11,11,11,11,6,6,11,11,11,11,14,14,14,13,14,13,14,13,15,15,15,15,15,15,15,15","0.00705504417419434","infomap","edit-xhwikibooks.graphml"
"0.36","0.4","0.24","0.374419609950331","1,2,1,1,1,3,1,3,3,4,5,1,6,7,7,8,4,5,5,9,2,10,6,6,11,12,7,8,2,4,5,5,9,9,13,14,15,7,2,2,2,2,10,10,10,10,2,10,10,10,2,2,2,2,2,10,10,10,10,2,16,2,2,6,11,2,2,2,2,2,10,2,12,12,2,2,2,2,2,2,2,7,8,8,8,17,2,2,2,2,18,19,20,2,2,2,8,2,2,2,2,2,2,2,2,2,2,9,9,2,2,2,2,14,13,13,13,14,14,14,13,15,15,15,15,15,15,15,15","0.00778007507324219","infomap","edit-xhwikibooks.graphml"
"0.35","0.41","0.24","0.378753590840515","1,2,1,1,1,3,1,2,3,4,5,1,6,2,3,7,4,5,5,8,9,10,6,6,11,12,13,7,2,4,5,5,8,8,14,15,16,3,9,9,9,9,10,10,10,10,9,10,10,10,9,9,9,9,9,10,10,10,10,9,17,9,9,6,11,9,9,9,9,9,10,9,12,12,9,9,9,9,9,9,9,13,7,7,7,18,9,9,9,9,19,20,21,9,9,9,7,9,9,9,9,9,9,9,9,9,9,8,8,9,9,9,9,15,15,15,15,15,14,14,15,16,16,16,16,16,16,16,16","0.0087430477142334","infomap","edit-xhwikibooks.graphml"
"0.34","0.42","0.24","0.383283032933736","1,1,2,2,2,3,2,3,3,4,5,2,6,3,7,8,4,5,5,9,10,11,6,6,12,13,14,8,1,4,5,5,9,9,15,16,7,7,10,10,10,10,11,11,11,11,10,11,11,11,10,10,10,10,10,11,11,11,11,10,17,10,10,6,12,10,10,10,10,10,11,10,13,13,10,10,10,10,10,10,10,14,8,8,8,18,10,10,10,10,19,20,21,10,10,10,8,10,10,10,10,10,10,10,10,10,10,9,9,10,10,10,10,16,15,15,16,15,16,16,15,7,7,7,7,7,7,7,7","0.00689101219177246","infomap","edit-xhwikibooks.graphml"
"0.33","0.43","0.24","0.376114315007049","1,2,1,1,1,3,1,3,4,5,6,1,7,3,4,8,5,6,6,9,10,2,7,7,11,12,13,8,2,5,6,6,9,9,14,15,16,4,10,10,10,10,2,2,2,2,10,2,2,2,10,10,10,10,10,2,2,2,2,10,17,10,10,7,11,10,10,10,10,10,2,10,12,12,10,10,10,10,10,10,10,13,8,8,8,18,10,10,10,10,19,20,21,10,10,10,8,10,10,10,10,10,10,10,10,10,10,9,9,10,10,10,10,4,4,14,14,15,4,14,14,16,16,16,16,16,16,16,16","0.00817012786865234","infomap","edit-xhwikibooks.graphml"
"0.32","0.44","0.24","0.379056200533101","1,1,2,2,2,3,2,3,4,5,6,2,7,4,4,8,5,6,6,9,10,11,7,7,12,13,14,8,10,5,6,6,9,9,15,16,17,4,10,10,10,10,11,11,11,11,10,11,11,11,10,10,10,10,10,11,11,11,11,10,18,10,10,7,12,10,10,10,10,10,11,10,13,13,10,10,10,10,10,10,10,14,8,8,8,19,10,10,10,10,20,21,22,10,10,10,8,10,10,10,10,10,10,10,10,10,10,9,9,10,10,10,10,16,15,16,16,16,15,15,16,17,17,17,17,17,17,17,17","0.00879621505737305","infomap","edit-xhwikibooks.graphml"
"0.31","0.45","0.24","0.38403434576445","1,2,1,1,1,2,1,2,2,3,4,1,5,2,6,7,3,4,4,8,9,10,5,5,11,12,13,7,2,3,4,4,8,8,14,6,15,6,9,9,9,9,10,10,10,10,9,10,10,10,9,9,9,9,9,10,10,10,10,9,16,9,9,5,11,9,9,9,9,9,10,9,12,12,9,9,9,9,9,9,9,13,7,7,7,17,9,9,9,9,18,19,20,9,9,9,7,9,9,9,9,9,9,9,9,9,9,8,8,9,9,9,9,14,6,6,6,6,6,6,6,15,15,15,15,15,15,15,15","0.00884294509887695","infomap","edit-xhwikibooks.graphml"
"0.3","0.46","0.24","0.38287635746375","1,2,1,1,1,3,1,2,3,4,5,1,6,2,3,7,4,5,5,8,9,10,6,6,11,12,13,7,2,4,5,5,8,8,14,15,16,3,9,9,9,9,10,10,10,10,9,10,10,10,9,9,9,9,9,10,10,10,10,9,17,9,9,6,11,9,9,9,9,9,10,9,12,12,9,9,9,9,9,9,9,13,7,7,7,18,9,9,9,9,19,20,21,9,9,9,7,9,9,9,9,9,9,9,9,9,9,8,8,9,9,9,9,14,14,15,15,14,15,14,14,16,16,16,16,16,16,16,16","0.00702786445617676","infomap","edit-xhwikibooks.graphml"
"0.29","0.47","0.24","0.3902886166493","1,2,1,1,1,3,1,3,4,5,6,1,7,4,4,8,5,6,6,9,10,2,7,7,4,11,12,8,2,5,6,6,9,9,13,14,15,4,10,10,10,10,2,2,2,2,10,2,2,2,10,10,10,10,10,2,2,2,2,10,16,10,10,7,4,10,10,10,10,10,2,10,11,11,10,10,10,10,10,10,10,12,8,8,8,17,10,10,10,10,18,19,20,10,10,10,8,10,10,10,10,10,10,10,10,10,10,9,9,10,10,10,10,13,14,13,14,14,13,14,13,15,15,15,15,15,15,15,15","0.00878810882568359","infomap","edit-xhwikibooks.graphml"
"0.28","0.48","0.24","0.383901807996962","1,2,1,1,1,2,1,2,3,4,5,1,6,3,3,7,4,5,5,8,9,10,6,6,11,12,13,7,2,4,5,5,8,8,14,15,16,3,9,9,9,9,10,10,10,10,9,10,10,10,9,9,9,9,9,10,10,10,10,9,17,9,9,6,11,9,9,9,9,9,10,9,12,12,9,9,9,9,9,9,9,13,7,7,7,18,9,9,9,9,19,20,21,9,9,9,7,9,9,9,9,9,9,9,9,9,9,8,8,9,9,9,9,15,14,15,14,15,14,15,14,16,16,16,16,16,16,16,16","0.0282809734344482","infomap","edit-xhwikibooks.graphml"
"0.27","0.49","0.24","0.358166366148941","1,2,1,3,1,3,1,2,3,3,1,4,5,6,7,8,9,1,1,4,2,10,5,5,6,11,6,8,2,12,13,1,4,4,14,7,15,7,2,2,2,2,10,10,10,10,2,10,10,10,2,2,2,2,2,10,10,10,10,2,16,2,2,17,18,2,2,2,2,2,10,2,11,11,2,2,2,2,2,2,2,19,8,8,8,20,2,2,2,2,21,22,23,2,2,2,24,2,2,2,2,2,2,2,2,2,2,25,26,2,2,2,2,7,7,7,7,14,14,7,14,15,15,15,15,15,15,15,15","0.00549221038818359","infomap","edit-xhwikibooks.graphml"
"0.26","0.5","0.24","0.403600135854183","1,2,1,1,3,1,3,4,1,1,3,5,4,6,7,8,9,3,3,5,2,10,4,4,7,11,6,8,2,12,13,3,5,5,14,15,16,7,2,2,2,2,10,10,10,10,2,10,10,10,2,2,2,2,2,10,10,10,10,2,17,2,2,18,19,2,2,2,2,2,10,2,11,11,2,2,2,2,2,2,2,20,8,8,8,21,2,2,2,2,22,23,24,2,2,2,25,2,2,2,2,2,2,2,2,2,2,26,27,2,2,2,2,14,14,15,15,15,14,15,14,16,16,16,16,16,16,16,16","0.0063629150390625","infomap","edit-xhwikibooks.graphml"
"0.25","0.51","0.24","0.416976189848467","1,2,1,1,3,1,3,2,1,1,3,4,5,6,7,8,9,3,3,4,10,11,5,5,6,6,7,8,2,12,13,3,4,4,14,15,16,7,10,10,10,10,11,11,11,11,10,11,11,11,10,10,10,10,10,11,11,11,11,10,17,10,10,18,19,10,10,10,10,10,11,10,6,6,10,10,10,10,10,10,10,20,8,8,8,21,10,10,10,10,22,23,24,10,10,10,25,10,10,10,10,10,10,10,10,10,10,26,27,10,10,10,10,15,14,15,15,14,15,14,15,16,16,16,16,16,16,16,16","0.00798320770263672","infomap","edit-xhwikibooks.graphml"
"0.24","0.52","0.24","0.419896011237346","1,2,1,1,3,1,3,4,1,1,3,5,4,6,7,8,9,3,3,5,10,2,4,4,6,11,6,8,2,12,13,3,5,5,14,7,15,7,10,10,10,10,2,2,2,2,10,2,2,2,10,10,10,10,10,2,2,2,2,10,16,10,10,17,18,10,10,10,10,10,2,10,11,11,10,10,10,10,10,10,10,19,8,8,8,20,10,10,10,10,21,22,23,10,10,10,24,10,10,10,10,10,10,10,10,10,10,25,26,10,10,10,10,7,7,7,7,14,7,14,7,15,15,15,15,15,15,15,15","0.00635099411010742","infomap","edit-xhwikibooks.graphml"
"0.23","0.53","0.24","0.415834385287493","1,2,1,1,3,1,3,2,1,1,3,4,5,6,7,8,9,3,3,4,10,11,5,6,7,12,7,8,2,13,14,3,4,4,15,16,17,7,10,10,10,10,11,11,11,11,10,11,11,11,10,10,10,10,10,11,11,11,11,10,18,10,10,19,20,10,10,10,10,10,11,10,12,12,10,10,10,10,10,10,10,21,8,8,8,22,10,10,10,10,23,24,25,10,10,10,26,10,10,10,10,10,10,10,10,10,10,27,28,10,10,10,10,16,16,16,16,15,16,15,16,17,17,17,17,17,17,17,17","0.0071709156036377","infomap","edit-xhwikibooks.graphml"
"0.22","0.54","0.24","0.420496894409938","1,2,1,1,3,1,3,2,1,1,3,4,5,6,7,8,9,3,3,4,10,11,5,5,7,7,6,8,2,12,13,3,4,4,14,15,16,7,10,10,10,10,11,11,11,11,10,11,11,11,10,10,10,10,10,11,11,11,11,10,17,10,10,18,19,10,10,10,10,10,11,10,7,7,10,10,10,10,10,10,10,20,8,8,8,21,10,10,10,10,22,23,24,10,10,10,25,10,10,10,10,10,10,10,10,10,10,26,27,10,10,10,10,14,15,14,15,14,15,14,14,16,16,16,16,16,16,16,16","0.00614595413208008","infomap","edit-xhwikibooks.graphml"
"0.21","0.55","0.24","0.42112660012684","1,2,1,1,3,1,3,2,1,1,3,4,5,6,6,7,8,3,3,4,9,10,5,5,6,11,6,7,2,12,13,3,4,4,14,15,16,6,9,9,9,9,10,10,10,10,9,10,10,10,9,9,9,9,9,10,10,10,10,9,17,9,9,18,19,9,9,9,9,9,10,9,11,11,9,9,9,9,9,9,9,20,7,7,7,21,9,9,9,9,22,23,24,9,9,9,25,9,9,9,9,9,9,9,9,9,9,26,27,9,9,9,9,14,15,15,15,14,15,15,15,16,16,16,16,16,16,16,16","0.0201799869537354","infomap","edit-xhwikibooks.graphml"
"0.2","0.56","0.24","0.423855696345654","1,2,1,1,3,1,3,2,1,1,3,4,5,6,7,8,9,3,3,4,10,11,5,5,7,7,6,8,2,12,13,3,4,4,14,15,16,7,10,10,10,10,11,11,11,11,10,11,11,11,10,10,10,10,10,11,11,11,11,10,17,10,10,18,19,10,10,10,10,10,11,10,7,7,10,10,10,10,10,10,10,20,8,8,8,21,10,10,10,10,22,23,24,10,10,10,25,10,10,10,10,10,10,10,10,10,10,26,27,10,10,10,10,15,14,15,15,14,15,15,14,16,16,16,16,16,16,16,16","0.00634503364562988","infomap","edit-xhwikibooks.graphml"
"0.19","0.57","0.24","0.423177869227252","1,2,1,1,3,1,3,2,1,1,3,4,5,6,7,8,9,3,3,4,10,11,5,5,7,12,6,8,2,13,14,3,4,4,15,16,17,7,10,10,10,10,11,11,11,11,10,11,11,11,10,10,10,10,10,11,11,11,11,10,18,10,10,19,20,10,10,10,10,10,11,10,12,12,10,10,10,10,10,10,10,21,8,8,8,22,10,10,10,10,23,24,25,10,10,10,26,10,10,10,10,10,10,10,10,10,10,27,28,10,10,10,10,15,15,15,15,15,15,15,16,17,17,17,17,17,17,17,17","0.00657486915588379","infomap","edit-xhwikibooks.graphml"
"0.18","0.58","0.24","0.428072447766265","1,2,1,1,3,1,3,2,1,1,3,4,5,6,6,7,8,3,3,4,9,10,5,5,6,11,6,7,2,12,13,3,4,4,14,15,16,6,9,9,9,9,10,10,10,10,9,10,10,10,9,9,9,9,9,10,10,10,10,9,17,9,9,18,19,9,9,9,9,9,10,9,11,11,9,9,9,9,9,9,9,20,7,7,7,21,9,9,9,9,22,23,24,9,9,9,25,9,9,9,9,9,9,9,9,9,9,26,27,9,9,9,9,14,14,15,15,15,15,14,15,16,16,16,16,16,16,16,16","0.00621700286865234","infomap","edit-xhwikibooks.graphml"
"0.17","0.59","0.24","0.424572439314454","1,2,1,1,3,1,3,2,1,1,3,4,5,6,7,8,9,3,3,4,10,11,5,6,7,12,7,8,2,13,14,3,4,4,15,16,17,7,10,10,10,10,11,11,11,11,10,11,11,11,10,10,10,10,10,11,11,11,11,10,18,10,10,19,20,10,10,10,10,10,11,10,12,12,10,10,10,10,10,10,10,21,8,8,8,22,10,10,10,10,23,24,25,10,10,10,26,10,10,10,10,10,10,10,10,10,10,27,28,10,10,10,10,16,15,15,15,15,15,16,16,17,17,17,17,17,17,17,17","0.00996899604797363","infomap","edit-xhwikibooks.graphml"
"0.16","0.6","0.24","0.431126249519415","1,2,1,1,3,1,3,4,1,1,3,5,4,6,7,8,9,3,3,5,10,2,4,4,6,6,7,8,2,11,12,3,5,5,13,14,15,7,10,10,10,10,2,2,2,2,10,2,2,2,10,10,10,10,10,2,2,2,2,10,16,10,10,17,18,10,10,10,10,10,2,10,6,6,10,10,10,10,10,10,10,19,8,8,8,20,10,10,10,10,21,22,23,10,10,10,24,10,10,10,10,10,10,10,10,10,10,25,26,10,10,10,10,14,13,13,13,13,14,14,13,15,15,15,15,15,15,15,15","0.00543999671936035","infomap","edit-xhwikibooks.graphml"
"0.15","0.61","0.24","0.426422757528588","1,2,1,1,3,1,3,2,1,1,3,4,5,6,7,8,9,3,3,4,10,11,5,5,6,7,7,8,2,12,13,3,4,4,14,15,16,7,10,10,10,10,11,11,11,11,10,11,11,11,10,10,10,10,10,11,11,11,11,10,17,10,10,18,19,10,10,10,10,10,11,10,7,7,10,10,10,10,10,10,10,20,8,8,8,21,10,10,10,10,22,23,24,10,10,10,25,10,10,10,10,10,10,10,10,10,10,26,27,10,10,10,10,15,15,15,14,14,15,15,14,16,16,16,16,16,16,16,16","0.00635385513305664","infomap","edit-xhwikibooks.graphml"
"0.14","0.62","0.24","0.429879962458378","1,2,1,1,3,1,3,2,1,1,3,4,5,6,7,8,9,3,3,4,10,11,5,5,7,6,6,8,2,12,13,3,4,4,14,15,16,7,10,10,10,10,11,11,11,11,10,11,11,11,10,10,10,10,10,11,11,11,11,10,17,10,10,18,19,10,10,10,10,10,11,10,6,6,10,10,10,10,10,10,10,20,8,8,8,21,10,10,10,10,22,23,24,10,10,10,25,10,10,10,10,10,10,10,10,10,10,26,27,10,10,10,10,14,14,14,14,15,15,14,14,16,16,16,16,16,16,16,16","0.00983095169067383","infomap","edit-xhwikibooks.graphml"
"0.13","0.63","0.24","0.427252777069627","1,1,2,2,3,2,3,4,2,2,3,5,4,6,7,8,9,3,3,5,10,11,4,4,7,12,6,8,1,13,14,3,5,5,15,16,17,16,10,10,10,10,11,11,11,11,10,11,11,11,10,10,10,10,10,11,11,11,11,10,18,10,10,19,20,10,10,10,10,10,11,10,12,12,10,10,10,10,10,10,10,21,8,8,8,22,10,10,10,10,23,24,25,10,10,10,26,10,10,10,10,10,10,10,10,10,10,27,28,10,10,10,10,15,16,16,15,16,15,15,15,17,17,17,17,17,17,17,17","0.00723695755004883","infomap","edit-xhwikibooks.graphml"
"0.12","0.64","0.24","0.425936361833798","1,2,1,1,3,1,3,2,1,1,3,4,5,6,7,8,9,3,3,4,10,11,5,6,7,12,7,8,11,13,14,3,4,4,15,16,17,7,10,10,10,10,11,11,11,11,10,11,11,11,10,10,10,10,10,11,11,11,11,10,18,10,10,19,20,10,10,10,10,10,11,10,12,12,10,10,10,10,10,10,10,21,8,8,8,22,10,10,10,10,23,24,25,10,10,10,26,10,10,10,10,10,10,10,10,10,10,27,28,10,10,10,10,15,15,16,15,15,15,16,16,17,17,17,17,17,17,17,17","0.00461792945861816","infomap","edit-xhwikibooks.graphml"
"0.11","0.65","0.24","0.429265416444903","1,2,1,1,3,1,3,4,1,1,3,5,4,6,7,8,9,3,3,5,10,2,4,4,6,11,6,8,2,12,13,3,5,5,14,15,7,7,10,10,10,10,2,2,2,2,10,2,2,2,10,10,10,10,10,2,2,2,2,10,16,10,10,17,18,10,10,10,10,10,2,10,11,11,10,10,10,10,10,10,10,19,8,8,8,20,10,10,10,10,21,22,23,10,10,10,24,10,10,10,10,10,10,10,10,10,10,25,26,10,10,10,10,15,15,15,15,14,15,14,14,7,7,7,7,7,7,7,7","0.00639700889587402","infomap","edit-xhwikibooks.graphml"
"0.1","0.66","0.24","0.424637836725749","1,2,1,1,3,1,3,2,1,1,3,4,5,6,7,8,9,3,3,4,10,11,5,5,6,12,7,8,2,13,14,3,4,4,15,16,17,7,10,10,10,10,11,11,11,11,10,11,11,11,10,10,10,10,10,11,11,11,11,10,18,10,10,19,20,10,10,10,10,10,11,10,12,12,10,10,10,10,10,10,10,21,8,8,8,22,10,10,10,10,23,24,25,10,10,10,26,10,10,10,10,10,10,10,10,10,10,27,28,10,10,10,10,15,15,16,16,16,15,16,16,17,17,17,17,17,17,17,17","0.0064699649810791","infomap","edit-xhwikibooks.graphml"
"0.09","0.67","0.24","0.440226955126546","1,2,1,1,3,1,3,2,1,1,3,4,5,6,7,8,9,3,3,4,10,11,5,5,7,12,6,8,2,13,14,3,4,4,15,7,16,16,10,10,10,10,11,11,11,11,10,11,11,11,10,10,10,10,10,11,11,11,11,10,17,10,10,18,19,10,10,10,10,10,11,10,12,12,10,10,10,10,10,10,10,20,8,8,8,21,10,10,10,10,22,23,24,10,10,10,25,10,10,10,10,10,10,10,10,10,10,26,27,10,10,10,10,7,7,7,7,7,7,7,15,16,16,16,16,16,16,16,16","0.00545787811279297","infomap","edit-xhwikibooks.graphml"
"0.08","0.68","0.24","0.448654745268533","1,2,1,1,3,1,3,2,1,1,3,4,5,6,6,7,8,3,3,4,9,10,5,5,6,11,6,7,2,12,13,3,4,4,14,15,6,6,9,9,9,9,10,10,10,10,9,10,10,10,9,9,9,9,9,10,10,10,10,9,16,9,9,17,18,9,9,9,9,9,10,9,11,11,9,9,9,9,9,9,9,19,7,7,7,20,9,9,9,9,21,22,23,9,9,9,24,9,9,9,9,9,9,9,9,9,9,25,26,9,9,9,9,15,14,14,14,14,14,14,15,6,6,6,6,6,6,6,6","0.00638794898986816","infomap","edit-xhwikibooks.graphml"
"0.07","0.69","0.24","0.439736677860464","1,1,2,2,3,2,3,4,2,2,3,5,4,6,7,8,9,3,3,5,10,11,4,4,7,12,6,8,1,13,14,3,5,5,15,7,16,16,10,10,10,10,11,11,11,11,10,11,11,11,10,10,10,10,10,11,11,11,11,10,17,10,10,18,19,10,10,10,10,10,11,10,12,12,10,10,10,10,10,10,10,20,8,8,8,21,10,10,10,10,22,23,24,10,10,10,25,10,10,10,10,10,10,10,10,10,10,26,27,10,10,10,10,15,15,7,15,7,7,7,7,16,16,16,16,16,16,16,16","0.00647091865539551","infomap","edit-xhwikibooks.graphml"
"0.06","0.7","0.24","0.446104873566938","1,1,2,2,3,2,3,4,2,2,3,5,4,6,6,7,8,3,3,5,9,10,4,4,6,11,6,7,1,12,13,3,5,5,14,15,16,16,9,9,9,9,10,10,10,10,9,10,10,10,9,9,9,9,9,10,10,10,10,9,17,9,9,18,19,9,9,9,9,9,10,9,11,11,9,9,9,9,9,9,9,20,7,7,7,21,9,9,9,9,22,23,24,9,9,9,25,9,9,9,9,9,9,9,9,9,9,26,27,9,9,9,9,14,14,15,14,14,15,15,15,16,16,16,16,16,16,16,16","0.00554394721984863","infomap","edit-xhwikibooks.graphml"
"0.05","0.71","0.24","0.445272226537674","1,2,1,1,3,1,3,4,1,1,3,5,4,6,7,8,9,3,3,5,10,2,4,4,6,11,7,8,2,12,13,3,5,5,14,15,16,7,10,10,10,10,2,2,2,2,10,2,2,2,10,10,10,10,10,2,2,2,2,10,17,10,10,18,19,10,10,10,10,10,2,10,11,11,10,10,10,10,10,10,10,20,8,8,8,21,10,10,10,10,22,23,24,10,10,10,25,10,10,10,10,10,10,10,10,10,10,26,27,10,10,10,10,15,14,15,15,15,15,14,15,16,16,16,16,16,16,16,16","0.00448703765869141","infomap","edit-xhwikibooks.graphml"
"0.04","0.72","0.24","0.445995912366883","1,1,2,2,3,2,3,4,2,2,3,5,4,6,7,8,9,3,3,5,10,11,4,4,6,12,6,8,1,13,14,3,5,5,15,7,16,7,10,10,10,10,11,11,11,11,10,11,11,11,10,10,10,10,10,11,11,11,11,10,17,10,10,18,19,10,10,10,10,10,11,10,12,12,10,10,10,10,10,10,10,20,8,8,8,21,10,10,10,10,22,23,24,10,10,10,25,10,10,10,10,10,10,10,10,10,10,26,27,10,10,10,10,15,7,15,7,15,15,15,7,16,16,16,16,16,16,16,16","0.00448393821716309","infomap","edit-xhwikibooks.graphml"
"0.03","0.73","0.24","0.433018985206102","1,2,1,3,4,3,5,6,3,3,5,7,6,8,8,3,9,10,5,11,2,12,13,6,8,8,8,3,2,14,15,16,11,17,18,19,20,8,2,2,2,2,12,12,12,12,2,12,12,12,2,2,2,2,2,12,12,12,12,2,21,2,2,22,23,2,2,2,2,2,12,2,24,25,2,2,2,2,2,2,2,26,27,28,29,30,2,2,2,2,31,32,33,2,2,2,34,2,2,2,2,2,2,2,2,2,2,35,36,2,2,2,2,18,19,18,19,18,19,19,19,20,20,20,20,20,20,20,20","0.00587916374206543","infomap","edit-xhwikibooks.graphml"
"0.02","0.74","0.24","0.431753600795638","1,2,1,3,4,3,5,6,3,3,5,7,6,8,9,3,10,11,5,12,13,2,14,6,9,9,8,3,2,15,16,17,12,18,19,20,21,9,13,13,13,13,2,2,2,2,13,2,2,2,13,13,13,13,13,2,2,2,2,13,22,13,13,23,24,13,13,13,13,13,2,13,25,26,13,13,13,13,13,13,13,27,28,29,30,31,13,13,13,13,32,33,34,13,13,13,35,13,13,13,13,13,13,13,13,13,13,36,37,13,13,13,13,19,20,20,20,20,19,20,19,21,21,21,21,21,21,21,21","0.00432395935058594","infomap","edit-xhwikibooks.graphml"
"0.01","0.75","0.24","0.421246680229116","1,2,1,3,4,3,5,6,3,3,5,7,6,8,9,3,10,11,5,12,2,13,14,6,15,9,8,3,2,16,17,18,12,19,20,15,21,15,2,2,2,2,13,13,13,13,2,13,13,13,2,2,2,2,2,13,13,13,13,2,22,2,2,23,24,2,2,2,2,2,13,2,25,26,2,2,2,2,2,2,2,27,28,29,30,31,2,2,2,2,32,33,34,2,2,2,35,2,2,2,2,2,2,2,2,2,2,36,37,2,2,2,2,20,20,20,15,15,20,20,20,21,21,21,21,21,21,21,21","0.00509905815124512","infomap","edit-xhwikibooks.graphml"
"0","0.76","0.24","0.424862268458614","1,2,1,3,1,3,4,5,3,3,4,6,5,7,8,3,9,10,4,11,2,12,13,5,8,7,7,3,1,14,15,16,11,17,18,19,20,8,2,2,2,2,12,12,12,12,2,12,12,12,2,2,2,2,2,12,12,12,12,2,21,2,2,22,23,2,2,2,2,2,12,2,24,25,2,2,2,2,2,2,2,26,27,28,29,30,2,2,2,2,31,32,33,2,2,2,34,2,2,2,2,2,2,2,2,2,2,35,36,2,2,2,2,18,19,19,18,19,19,18,19,20,20,20,20,20,20,20,20","0.00505399703979492","infomap","edit-xhwikibooks.graphml"
"0.75","0","0.25","0.372598083900295","1,1,1,1,2,3,2,4,3,5,6,2,7,4,8,3,5,9,6,2,10,11,7,12,4,13,8,14,15,5,9,16,17,2,18,19,20,20,10,10,10,10,11,11,11,11,10,11,11,11,10,10,10,10,10,11,11,11,11,10,7,10,10,12,4,10,10,10,10,10,11,10,13,13,10,10,10,10,10,10,10,8,14,14,14,15,10,10,10,10,5,9,16,10,10,10,3,10,10,10,10,10,10,10,10,10,10,17,17,10,10,10,10,19,18,18,18,18,18,19,19,20,20,20,20,20,20,20,20","0.0107121467590332","infomap","edit-xhwikibooks.graphml"
"0.74","0.01","0.25","0.335494899201463","1,1,2,2,2,3,2,4,3,5,6,2,7,4,3,8,5,6,9,10,11,12,7,13,3,14,4,15,16,5,6,17,10,10,9,18,19,3,11,11,11,11,12,12,12,12,11,12,12,12,11,11,11,11,11,12,12,12,12,11,7,11,11,13,3,11,11,11,11,11,12,11,14,14,11,11,11,11,11,11,11,4,15,15,15,16,11,11,11,11,5,6,17,11,11,11,8,11,11,11,11,11,11,11,11,11,11,10,10,11,11,11,11,9,18,9,18,18,9,18,18,19,19,19,19,19,19,19,19","0.00711393356323242","infomap","edit-xhwikibooks.graphml"
"0.73","0.02","0.25","0.331457491689152","1,2,1,1,3,4,3,5,4,6,7,3,8,5,9,10,6,7,11,3,12,2,8,13,14,15,4,16,17,6,7,18,3,3,19,11,9,4,12,12,12,12,2,2,2,2,12,2,2,2,12,12,12,12,12,2,2,2,2,12,8,12,12,13,14,12,12,12,12,12,2,12,15,15,12,12,12,12,12,12,12,4,16,16,16,17,12,12,12,12,6,7,18,12,12,12,10,12,12,12,12,12,12,12,12,12,12,3,3,12,12,12,12,19,19,19,19,11,11,11,11,9,9,9,9,9,9,9,9","0.0066230297088623","infomap","edit-xhwikibooks.graphml"
"0.72","0.03","0.25","0.327144778318938","1,2,1,2,3,2,3,2,2,4,3,5,6,7,8,9,4,3,10,5,11,12,6,13,2,14,7,15,16,4,3,17,5,5,10,18,19,8,11,11,11,11,12,12,12,12,11,12,12,12,11,11,11,11,11,12,12,12,12,11,6,11,11,13,2,11,11,11,11,11,12,11,14,14,11,11,11,11,11,11,11,7,15,15,15,16,11,11,11,11,4,3,17,11,11,11,9,11,11,11,11,11,11,11,11,11,11,5,5,11,11,11,11,10,10,18,10,18,10,18,10,8,8,19,8,19,19,19,19","0.00638318061828613","infomap","edit-xhwikibooks.graphml"
"0.71","0.04","0.25","0.33266697946749","1,2,1,3,4,3,4,2,5,6,4,7,8,9,5,3,6,4,10,7,11,12,8,13,5,14,9,15,16,6,4,17,7,7,10,18,19,5,11,11,11,11,12,12,12,12,11,12,12,12,11,11,11,11,11,12,12,12,12,11,8,11,11,13,5,11,11,11,11,11,12,11,14,14,11,11,11,11,11,11,11,9,15,15,15,16,11,11,11,11,6,4,17,11,11,11,3,11,11,11,11,11,11,11,11,11,11,7,7,11,11,11,11,18,18,18,18,18,18,18,18,19,19,19,19,19,19,19,19","0.0061500072479248","infomap","edit-xhwikibooks.graphml"
"0.7","0.05","0.25","0.340414540217289","1,1,1,1,2,1,2,3,1,4,2,5,3,1,6,7,4,2,8,5,9,10,11,12,1,13,6,14,15,4,2,16,5,5,17,8,6,8,9,9,9,9,10,10,10,10,9,10,10,10,9,9,9,9,9,10,10,10,10,9,11,9,9,12,1,9,9,9,9,9,10,9,13,13,9,9,9,9,9,9,9,6,14,14,14,15,9,9,9,9,4,2,16,9,9,9,7,9,9,9,9,9,9,9,9,9,9,5,5,9,9,9,9,17,17,17,17,17,8,17,17,6,6,6,6,6,6,6,6","0.00823807716369629","infomap","edit-xhwikibooks.graphml"
"0.69","0.06","0.25","0.337373381165742","1,2,1,1,3,4,3,2,4,5,3,6,7,8,4,9,5,3,10,6,11,12,7,13,8,14,4,15,16,5,3,17,6,6,18,10,4,4,11,11,11,11,12,12,12,12,11,12,12,12,11,11,11,11,11,12,12,12,12,11,7,11,11,13,8,11,11,11,11,11,12,11,14,14,11,11,11,11,11,11,11,4,15,15,15,16,11,11,11,11,5,3,17,11,11,11,9,11,11,11,11,11,11,11,11,11,11,6,6,11,11,11,11,10,10,10,18,10,18,18,18,4,4,4,4,4,4,4,4","0.00826692581176758","infomap","edit-xhwikibooks.graphml"
"0.68","0.07","0.25","0.328458251150559","1,2,1,3,4,3,4,3,3,5,4,6,7,8,9,3,5,4,10,6,2,11,7,12,8,13,9,14,15,5,4,16,6,6,10,17,18,9,2,2,2,2,11,11,11,11,2,11,11,11,2,2,2,2,2,11,11,11,11,2,7,2,2,12,8,2,2,2,2,2,11,2,13,13,2,2,2,2,2,2,2,9,14,14,14,15,2,2,2,2,5,4,16,2,2,2,3,2,2,2,2,2,2,2,2,2,2,6,6,2,2,2,2,17,17,17,17,10,17,17,17,18,18,18,18,18,18,18,18","0.00740694999694824","infomap","edit-xhwikibooks.graphml"
"0.67","0.08","0.25","0.331998275299568","1,1,1,1,2,1,2,3,3,4,2,5,6,3,7,8,4,2,9,5,10,11,6,12,13,14,3,15,16,4,2,17,5,5,7,9,18,9,10,10,10,10,11,11,11,11,10,11,11,11,10,10,10,10,10,11,11,11,11,10,6,10,10,12,13,10,10,10,10,10,11,10,14,14,10,10,10,10,10,10,10,3,15,15,15,16,10,10,10,10,4,2,17,10,10,10,8,10,10,10,10,10,10,10,10,10,10,5,5,10,10,10,10,9,7,7,7,7,7,7,9,18,18,18,18,18,18,18,18","0.00703096389770508","infomap","edit-xhwikibooks.graphml"
"0.66","0.09","0.25","0.329875033522805","1,1,2,2,2,3,2,4,3,5,6,2,4,3,7,8,5,6,9,10,11,12,13,14,15,16,3,17,18,5,6,19,10,10,9,7,20,3,11,11,11,11,12,12,12,12,11,12,12,12,11,11,11,11,11,12,12,12,12,11,13,11,11,14,15,11,11,11,11,11,12,11,16,16,11,11,11,11,11,11,11,3,17,17,17,18,11,11,11,11,5,6,19,11,11,11,8,11,11,11,11,11,11,11,11,11,11,10,10,11,11,11,11,7,7,9,7,7,9,7,9,20,20,20,20,20,20,20,20","0.00524997711181641","infomap","edit-xhwikibooks.graphml"
"0.65","0.1","0.25","0.340630130624473","1,1,1,1,2,3,2,4,3,5,2,6,4,7,3,3,5,2,8,6,9,10,11,12,7,13,14,15,16,5,2,17,6,6,8,18,3,3,9,9,9,9,10,10,10,10,9,10,10,10,9,9,9,9,9,10,10,10,10,9,11,9,9,12,7,9,9,9,9,9,10,9,13,13,9,9,9,9,9,9,9,14,15,15,15,16,9,9,9,9,5,2,17,9,9,9,3,9,9,9,9,9,9,9,9,9,9,6,6,9,9,9,9,18,8,8,8,18,18,8,18,3,3,3,3,3,3,3,3","0.0083620548248291","infomap","edit-xhwikibooks.graphml"
"0.64","0.11","0.25","0.335331411915725","1,2,1,1,3,2,3,2,2,4,3,5,6,7,8,9,4,3,10,5,11,12,6,13,7,14,8,15,16,4,3,17,5,5,10,18,19,8,11,11,11,11,12,12,12,12,11,12,12,12,11,11,11,11,11,12,12,12,12,11,6,11,11,13,7,11,11,11,11,11,12,11,14,14,11,11,11,11,11,11,11,8,15,15,15,16,11,11,11,11,4,3,17,11,11,11,9,11,11,11,11,11,11,11,11,11,11,5,5,11,11,11,11,10,10,18,18,18,18,10,18,19,19,19,19,19,19,19,19","0.00635004043579102","infomap","edit-xhwikibooks.graphml"
"0.63","0.12","0.25","0.339027141060489","1,2,1,1,3,4,3,2,4,5,3,6,7,8,2,4,5,3,9,6,10,11,7,12,8,13,8,14,15,5,3,16,6,6,9,17,18,17,10,10,10,10,11,11,11,11,10,11,11,11,10,10,10,10,10,11,11,11,11,10,7,10,10,12,8,10,10,10,10,10,11,10,13,13,10,10,10,10,10,10,10,8,14,14,14,15,10,10,10,10,5,3,16,10,10,10,4,10,10,10,10,10,10,10,10,10,10,6,6,10,10,10,10,9,9,9,17,9,9,9,17,18,18,18,18,18,18,18,18","0.0103061199188232","infomap","edit-xhwikibooks.graphml"
"0.62","0.13","0.25","0.337587974023788","1,1,2,2,2,3,2,4,4,5,6,2,7,4,4,3,5,6,8,9,10,11,7,12,4,13,14,15,16,5,6,17,9,9,18,8,19,19,10,10,10,10,11,11,11,11,10,11,11,11,10,10,10,10,10,11,11,11,11,10,7,10,10,12,4,10,10,10,10,10,11,10,13,13,10,10,10,10,10,10,10,14,15,15,15,16,10,10,10,10,5,6,17,10,10,10,3,10,10,10,10,10,10,10,10,10,10,9,9,10,10,10,10,18,18,8,18,8,18,18,8,19,19,19,19,19,19,19,19","0.00624799728393555","infomap","edit-xhwikibooks.graphml"
"0.61","0.14","0.25","0.335401977351747","1,2,1,1,3,4,3,4,5,6,3,7,8,9,10,4,6,3,10,7,11,2,8,12,9,13,14,15,16,6,3,17,7,7,10,5,18,5,11,11,11,11,2,2,2,2,11,2,2,2,11,11,11,11,11,2,2,2,2,11,8,11,11,12,9,11,11,11,11,11,2,11,13,13,11,11,11,11,11,11,11,14,15,15,15,16,11,11,11,11,6,3,17,11,11,11,4,11,11,11,11,11,11,11,11,11,11,7,7,11,11,11,11,5,5,10,10,10,10,10,5,18,18,18,18,18,18,18,18","0.00645303726196289","infomap","edit-xhwikibooks.graphml"
"0.6","0.15","0.25","0.336414837365807","1,2,1,3,4,5,4,2,3,6,4,7,8,3,2,5,6,4,9,7,10,11,8,12,13,14,3,15,16,6,4,17,7,7,9,18,19,19,10,10,10,10,11,11,11,11,10,11,11,11,10,10,10,10,10,11,11,11,11,10,8,10,10,12,13,10,10,10,10,10,11,10,14,14,10,10,10,10,10,10,10,3,15,15,15,16,10,10,10,10,6,4,17,10,10,10,5,10,10,10,10,10,10,10,10,10,10,7,7,10,10,10,10,9,18,18,9,18,9,9,9,19,19,19,19,19,19,19,19","0.00519108772277832","infomap","edit-xhwikibooks.graphml"
"0.59","0.16","0.25","0.339518061120603","1,2,1,3,4,3,4,2,3,5,4,6,7,8,3,3,5,4,9,6,10,11,7,12,13,14,8,15,16,5,4,17,6,6,18,9,19,9,10,10,10,10,11,11,11,11,10,11,11,11,10,10,10,10,10,11,11,11,11,10,7,10,10,12,13,10,10,10,10,10,11,10,14,14,10,10,10,10,10,10,10,8,15,15,15,16,10,10,10,10,5,4,17,10,10,10,3,10,10,10,10,10,10,10,10,10,10,6,6,10,10,10,10,9,9,18,18,18,9,9,18,19,19,19,19,19,19,19,19","0.00741910934448242","infomap","edit-xhwikibooks.graphml"
"0.58","0.17","0.25","0.341420595405256","1,1,1,1,2,1,2,3,1,4,5,2,6,3,7,8,4,5,9,2,10,11,6,12,7,13,14,15,16,4,5,17,2,2,9,18,14,18,10,10,10,10,11,11,11,11,10,11,11,11,10,10,10,10,10,11,11,11,11,10,6,10,10,12,7,10,10,10,10,10,11,10,13,13,10,10,10,10,10,10,10,14,15,15,15,16,10,10,10,10,4,5,17,10,10,10,8,10,10,10,10,10,10,10,10,10,10,2,2,10,10,10,10,18,18,9,9,9,18,18,9,14,14,14,14,14,14,14,14","0.00851106643676758","infomap","edit-xhwikibooks.graphml"
"0.57","0.18","0.25","0.35212507295074","1,2,1,3,4,3,4,3,5,6,4,7,8,9,5,3,6,4,10,7,11,2,8,12,13,14,9,15,16,6,4,17,7,7,10,5,18,5,11,11,11,11,2,2,2,2,11,2,2,2,11,11,11,11,11,2,2,2,2,11,8,11,11,12,13,11,11,11,11,11,2,11,14,14,11,11,11,11,11,11,11,9,15,15,15,16,11,11,11,11,6,4,17,11,11,11,3,11,11,11,11,11,11,11,11,11,11,7,7,11,11,11,11,10,10,10,10,10,10,10,5,18,18,18,18,18,18,18,18","0.00657105445861816","infomap","edit-xhwikibooks.graphml"
"0.56","0.19","0.25","0.337905037148894","1,1,2,2,2,3,2,4,3,5,6,2,4,7,3,3,5,6,8,9,10,11,12,13,14,15,7,16,17,5,6,18,9,9,19,8,20,20,10,10,10,10,11,11,11,11,10,11,11,11,10,10,10,10,10,11,11,11,11,10,12,10,10,13,14,10,10,10,10,10,11,10,15,15,10,10,10,10,10,10,10,7,16,16,16,17,10,10,10,10,5,6,18,10,10,10,3,10,10,10,10,10,10,10,10,10,10,9,9,10,10,10,10,8,19,19,19,19,8,19,8,20,20,20,20,20,20,20,20","0.0064539909362793","infomap","edit-xhwikibooks.graphml"
"0.55","0.2","0.25","0.344861083053458","1,1,2,2,2,3,2,3,3,4,5,2,6,7,8,9,4,5,10,11,12,13,6,14,8,15,7,16,17,4,5,18,11,11,10,19,20,8,12,12,12,12,13,13,13,13,12,13,13,13,12,12,12,12,12,13,13,13,13,12,6,12,12,14,8,12,12,12,12,12,13,12,15,15,12,12,12,12,12,12,12,7,16,16,16,17,12,12,12,12,4,5,18,12,12,12,9,12,12,12,12,12,12,12,12,12,12,11,11,12,12,12,12,10,10,19,10,19,10,19,19,20,20,20,20,20,20,20,20","0.0075070858001709","infomap","edit-xhwikibooks.graphml"
"0.54","0.21","0.25","0.347862671970958","1,1,2,2,2,3,2,3,3,4,5,2,6,3,7,8,4,5,9,10,11,12,6,13,7,14,7,15,16,4,5,17,10,10,9,18,19,19,11,11,11,11,12,12,12,12,11,12,12,12,11,11,11,11,11,12,12,12,12,11,6,11,11,13,7,11,11,11,11,11,12,11,14,14,11,11,11,11,11,11,11,7,15,15,15,16,11,11,11,11,4,5,17,11,11,11,8,11,11,11,11,11,11,11,11,11,11,10,10,11,11,11,11,9,9,9,18,18,9,9,18,19,19,19,19,19,19,19,19","0.00738310813903809","infomap","edit-xhwikibooks.graphml"
"0.53","0.22","0.25","0.341844967561858","1,1,1,1,2,3,2,4,3,5,2,6,7,4,8,3,5,2,9,6,10,11,7,12,8,13,14,15,16,5,2,17,6,6,9,18,19,19,10,10,10,10,11,11,11,11,10,11,11,11,10,10,10,10,10,11,11,11,11,10,7,10,10,12,8,10,10,10,10,10,11,10,13,13,10,10,10,10,10,10,10,14,15,15,15,16,10,10,10,10,5,2,17,10,10,10,3,10,10,10,10,10,10,10,10,10,10,6,6,10,10,10,10,9,18,9,18,18,18,18,18,19,19,19,19,19,19,19,19","0.00976204872131348","infomap","edit-xhwikibooks.graphml"
"0.52","0.23","0.25","0.3479203125","1,2,1,1,3,4,3,2,4,5,6,3,7,8,4,9,5,6,10,3,11,12,7,13,4,14,8,15,16,5,6,17,3,3,10,18,19,4,11,11,11,11,12,12,12,12,11,12,12,12,11,11,11,11,11,12,12,12,12,11,7,11,11,13,4,11,11,11,11,11,12,11,14,14,11,11,11,11,11,11,11,8,15,15,15,16,11,11,11,11,5,6,17,11,11,11,9,11,11,11,11,11,11,11,11,11,11,3,3,11,11,11,11,10,10,18,10,18,18,18,18,19,19,19,19,19,19,19,19","0.00853204727172852","infomap","edit-xhwikibooks.graphml"
"0.51","0.24","0.25","0.332039694451848","1,2,1,1,3,1,3,4,1,5,3,6,7,4,8,9,5,3,10,6,2,11,7,12,1,13,4,14,15,5,3,16,6,6,10,17,18,8,2,2,2,2,11,11,11,11,2,11,11,11,2,2,2,2,2,11,11,11,11,2,7,2,2,12,1,2,2,2,2,2,11,2,13,13,2,2,2,2,2,2,2,4,14,14,14,15,2,2,2,2,5,3,16,2,2,2,9,2,2,2,2,2,2,2,2,2,2,6,6,2,2,2,2,10,10,17,8,17,8,10,17,18,18,18,18,18,18,18,18","0.00977396965026855","infomap","edit-xhwikibooks.graphml"
"0.5","0.25","0.25","0.356851375231668","1,2,1,3,4,3,4,2,3,5,4,6,7,2,8,3,5,4,9,6,10,11,7,12,13,14,8,15,16,5,4,17,6,6,9,18,19,18,10,10,10,10,11,11,11,11,10,11,11,11,10,10,10,10,10,11,11,11,11,10,7,10,10,12,13,10,10,10,10,10,11,10,14,14,10,10,10,10,10,10,10,8,15,15,15,16,10,10,10,10,5,4,17,10,10,10,3,10,10,10,10,10,10,10,10,10,10,6,6,10,10,10,10,9,18,9,9,9,9,9,18,19,19,19,19,19,19,19,19","0.00832986831665039","infomap","edit-xhwikibooks.graphml"
"0.49","0.26","0.25","0.345070712966899","1,1,2,2,2,1,2,1,3,4,5,2,6,7,8,9,4,5,5,10,11,12,6,6,7,13,14,9,1,4,5,5,10,10,15,3,8,3,11,11,11,11,12,12,12,12,11,12,12,12,11,11,11,11,11,12,12,12,12,11,16,11,11,6,7,11,11,11,11,11,12,11,13,13,11,11,11,11,11,11,11,14,9,9,9,17,11,11,11,11,18,19,20,11,11,11,9,11,11,11,11,11,11,11,11,11,11,10,10,11,11,11,11,15,3,3,15,15,3,3,15,8,8,8,8,8,8,8,8","0.00715303421020508","infomap","edit-xhwikibooks.graphml"
"0.48","0.27","0.25","0.349526359535306","1,1,2,2,2,3,2,4,3,5,2,6,7,4,3,8,5,2,2,6,9,10,7,7,3,11,3,8,1,5,2,2,6,6,12,13,14,3,9,9,9,9,10,10,10,10,9,10,10,10,9,9,9,9,9,10,10,10,10,9,15,9,9,7,3,9,9,9,9,9,10,9,11,11,9,9,9,9,9,9,9,3,8,8,8,16,9,9,9,9,17,18,19,9,9,9,8,9,9,9,9,9,9,9,9,9,9,6,6,9,9,9,9,12,12,13,13,13,13,12,13,14,14,14,14,14,14,14,14","0.00484013557434082","infomap","edit-xhwikibooks.graphml"
"0.47","0.28","0.25","0.336273090463194","1,1,2,2,2,3,2,3,4,5,2,6,7,4,8,9,5,2,2,6,10,11,7,7,4,12,8,9,10,5,2,2,6,6,13,14,15,4,10,10,10,10,11,11,11,11,10,11,11,11,10,10,10,10,10,11,11,11,11,10,16,10,10,7,4,10,10,10,10,10,11,10,12,12,10,10,10,10,10,10,10,8,9,9,9,17,10,10,10,10,18,19,20,10,10,10,9,10,10,10,10,10,10,10,10,10,10,6,6,10,10,10,10,14,14,14,13,13,14,14,13,15,4,15,15,15,15,4,15","0.00627303123474121","infomap","edit-xhwikibooks.graphml"
"0.46","0.29","0.25","0.349234661347683","1,1,2,2,2,3,2,3,3,4,5,2,6,7,8,9,4,5,5,10,11,1,6,6,7,12,8,9,1,4,5,5,10,10,13,14,15,8,11,11,11,11,1,1,1,1,11,1,1,1,11,11,11,11,11,1,1,1,1,11,16,11,11,6,7,11,11,11,11,11,1,11,12,12,11,11,11,11,11,11,11,8,9,9,9,17,11,11,11,11,18,19,20,11,11,11,9,11,11,11,11,11,11,11,11,11,11,10,10,11,11,11,11,14,13,14,14,14,13,14,14,15,15,15,15,15,15,15,15","0.0052189826965332","infomap","edit-xhwikibooks.graphml"
"0.45","0.3","0.25","0.347428722181393","1,1,2,2,2,3,2,4,3,5,6,2,7,4,8,9,5,6,6,10,11,12,7,7,4,13,8,9,1,5,6,6,10,10,3,14,15,3,11,11,11,11,12,12,12,12,11,12,12,12,11,11,11,11,11,12,12,12,12,11,16,11,11,7,4,11,11,11,11,11,12,11,13,13,11,11,11,11,11,11,11,8,9,9,9,17,11,11,11,11,18,19,20,11,11,11,9,11,11,11,11,11,11,11,11,11,11,10,10,11,11,11,11,3,14,3,3,3,14,3,3,15,15,15,15,15,15,15,15","0.00623393058776855","infomap","edit-xhwikibooks.graphml"
"0.44","0.31","0.25","0.348964835581398","1,1,2,2,2,3,2,1,3,4,5,2,6,3,7,8,4,5,5,9,10,11,6,6,3,12,7,8,1,4,5,5,9,9,7,13,14,13,10,10,10,10,11,11,11,11,10,11,11,11,10,10,10,10,10,11,11,11,11,10,15,10,10,6,3,10,10,10,10,10,11,10,12,12,10,10,10,10,10,10,10,7,8,8,8,16,10,10,10,10,17,18,19,10,10,10,8,10,10,10,10,10,10,10,10,10,10,9,9,10,10,10,10,7,13,7,13,7,13,7,7,14,14,14,14,14,14,14,14","0.00836801528930664","infomap","edit-xhwikibooks.graphml"
"0.43","0.32","0.25","0.3482984375","1,1,2,2,2,3,2,3,4,5,6,2,7,8,4,9,5,6,6,10,11,12,7,7,4,13,8,9,1,5,6,6,10,10,14,15,16,4,11,11,11,11,12,12,12,12,11,12,12,12,11,11,11,11,11,12,12,12,12,11,17,11,11,7,4,11,11,11,11,11,12,11,13,13,11,11,11,11,11,11,11,8,9,9,9,18,11,11,11,11,19,20,21,11,11,11,9,11,11,11,11,11,11,11,11,11,11,10,10,11,11,11,11,15,15,15,14,14,15,15,15,16,16,16,16,16,16,16,16","0.0059211254119873","infomap","edit-xhwikibooks.graphml"
"0.42","0.33","0.25","0.34240078125","1,1,2,2,2,3,2,3,3,4,5,2,6,7,8,9,4,5,5,10,11,12,6,6,7,13,14,9,1,4,5,5,10,10,8,15,16,16,11,11,11,11,12,12,12,12,11,12,12,12,11,11,11,11,11,12,12,12,12,11,17,11,11,6,7,11,11,11,11,11,12,11,13,13,11,11,11,11,11,11,11,14,9,9,9,18,11,11,11,11,19,20,21,11,11,11,9,11,11,11,11,11,11,11,11,11,11,10,10,11,11,11,11,8,8,15,15,8,15,15,15,16,16,16,16,16,16,16,16","0.0053551197052002","infomap","edit-xhwikibooks.graphml"
"0.41","0.34","0.25","0.366671685046483","1,1,2,2,2,3,2,3,3,4,5,2,6,7,8,9,4,5,5,10,11,12,6,6,7,13,8,9,1,4,5,5,10,10,14,15,16,8,11,11,11,11,12,12,12,12,11,12,12,12,11,11,11,11,11,12,12,12,12,11,17,11,11,6,7,11,11,11,11,11,12,11,13,13,11,11,11,11,11,11,11,8,9,9,9,18,11,11,11,11,19,20,21,11,11,11,9,11,11,11,11,11,11,11,11,11,11,10,10,11,11,11,11,15,14,14,14,15,15,14,15,16,16,16,16,16,16,16,16","0.00699305534362793","infomap","edit-xhwikibooks.graphml"
"0.4","0.35","0.25","0.354235750672818","1,1,2,2,2,3,2,3,3,4,5,2,6,7,8,9,4,5,5,10,1,11,6,6,7,12,8,9,1,4,5,5,10,10,13,14,15,8,1,1,1,1,11,11,11,11,1,11,11,11,1,1,1,1,1,11,11,11,11,1,16,1,1,6,7,1,1,1,1,1,11,1,12,12,1,1,1,1,1,1,1,8,9,9,9,17,1,1,1,1,18,19,20,1,1,1,9,1,1,1,1,1,1,1,1,1,1,10,10,1,1,1,1,13,13,14,13,14,14,13,13,15,15,15,15,15,15,15,15","0.0102741718292236","infomap","edit-xhwikibooks.graphml"
"0.39","0.36","0.25","0.370043551279497","1,1,2,2,2,3,2,3,4,5,6,2,7,8,4,9,5,6,6,10,11,12,7,7,8,13,4,9,1,5,6,6,10,10,14,15,16,4,11,11,11,11,12,12,12,12,11,12,12,12,11,11,11,11,11,12,12,12,12,11,17,11,11,7,8,11,11,11,11,11,12,11,13,13,11,11,11,11,11,11,11,4,9,9,9,18,11,11,11,11,19,20,21,11,11,11,9,11,11,11,11,11,11,11,11,11,11,10,10,11,11,11,11,15,14,14,15,14,14,15,14,16,16,16,16,16,16,16,16","0.00493001937866211","infomap","edit-xhwikibooks.graphml"
"0.38","0.37","0.25","0.368804579551124","1,1,2,2,2,3,2,3,4,5,6,2,7,4,8,9,5,6,6,10,11,12,7,7,8,13,4,9,1,5,6,6,10,10,14,15,16,8,11,11,11,11,12,12,12,12,11,12,12,12,11,11,11,11,11,12,12,12,12,11,17,11,11,7,8,11,11,11,11,11,12,11,13,13,11,11,11,11,11,11,11,4,9,9,9,18,11,11,11,11,19,20,21,11,11,11,9,11,11,11,11,11,11,11,11,11,11,10,10,11,11,11,11,15,14,15,15,14,14,14,14,16,16,16,16,16,16,16,16","0.0094139575958252","infomap","edit-xhwikibooks.graphml"
"0.37","0.38","0.25","0.367272732707241","1,1,2,2,2,3,2,3,4,5,6,2,7,8,4,9,5,6,6,10,11,12,7,7,4,13,8,9,1,5,6,6,10,10,14,15,16,4,11,11,11,11,12,12,12,12,11,12,12,12,11,11,11,11,11,12,12,12,12,11,17,11,11,7,4,11,11,11,11,11,12,11,13,13,11,11,11,11,11,11,11,8,9,9,9,18,11,11,11,11,19,20,21,11,11,11,9,11,11,11,11,11,11,11,11,11,11,10,10,11,11,11,11,15,14,14,15,14,15,15,15,16,16,16,16,16,16,16,16","0.00706601142883301","infomap","edit-xhwikibooks.graphml"
"0.36","0.39","0.25","0.371788162996954","1,1,2,2,2,3,2,3,3,4,5,2,6,7,8,9,4,5,5,10,11,1,6,6,12,13,7,9,1,4,5,5,10,10,14,15,8,8,11,11,11,11,1,1,1,1,11,1,1,1,11,11,11,11,11,1,1,1,1,11,16,11,11,6,12,11,11,11,11,11,1,11,13,13,11,11,11,11,11,11,11,7,9,9,9,17,11,11,11,11,18,19,20,11,11,11,9,11,11,11,11,11,11,11,11,11,11,10,10,11,11,11,11,14,14,14,15,15,15,15,14,8,8,8,8,8,8,8,8","0.0070500373840332","infomap","edit-xhwikibooks.graphml"
"0.35","0.4","0.25","0.374328828268836","1,1,2,2,2,3,2,3,3,4,5,2,6,7,8,9,4,5,5,10,11,12,6,6,8,13,7,9,1,4,5,5,10,10,14,15,16,8,11,11,11,11,12,12,12,12,11,12,12,12,11,11,11,11,11,12,12,12,12,11,17,11,11,6,8,11,11,11,11,11,12,11,13,13,11,11,11,11,11,11,11,7,9,9,9,18,11,11,11,11,19,20,21,11,11,11,9,11,11,11,11,11,11,11,11,11,11,10,10,11,11,11,11,14,14,14,14,14,15,14,14,16,16,16,16,16,16,16,16","0.00938105583190918","infomap","edit-xhwikibooks.graphml"
"0.34","0.41","0.25","0.377872644609018","1,1,2,2,2,3,2,4,3,5,6,2,7,4,3,8,5,6,6,9,10,1,7,7,4,11,3,8,1,5,6,6,9,9,12,13,14,3,10,10,10,10,1,1,1,1,10,1,1,1,10,10,10,10,10,1,1,1,1,10,15,10,10,7,4,10,10,10,10,10,1,10,11,11,10,10,10,10,10,10,10,3,8,8,8,16,10,10,10,10,17,18,19,10,10,10,8,10,10,10,10,10,10,10,10,10,10,9,9,10,10,10,10,13,12,12,12,12,12,12,13,14,14,14,14,14,14,14,14","0.00640487670898438","infomap","edit-xhwikibooks.graphml"
"0.33","0.42","0.25","0.354352906785329","1,1,2,2,2,3,2,3,4,5,6,2,7,8,9,10,5,6,6,11,1,12,7,7,9,13,8,10,1,5,6,6,11,11,4,14,15,4,1,1,1,1,12,12,12,12,1,12,12,12,1,1,1,1,1,12,12,12,12,1,16,1,1,7,9,1,1,1,1,1,12,1,13,13,1,1,1,1,1,1,1,8,10,10,10,17,1,1,1,1,18,19,20,1,1,1,10,1,1,1,1,1,1,1,1,1,1,11,11,1,1,1,1,4,4,4,14,4,4,14,4,15,15,15,15,15,15,15,15","0.00680303573608398","infomap","edit-xhwikibooks.graphml"
"0.32","0.43","0.25","0.378391919191919","1,2,1,3,4,3,4,5,3,6,4,7,8,5,3,9,6,4,4,7,10,2,8,8,5,11,3,9,2,6,4,4,7,7,12,13,14,3,10,10,10,10,2,2,2,2,10,2,2,2,10,10,10,10,10,2,2,2,2,10,15,10,10,8,5,10,10,10,10,10,2,10,11,11,10,10,10,10,10,10,10,3,9,9,9,16,10,10,10,10,17,18,19,10,10,10,9,10,10,10,10,10,10,10,10,10,10,7,7,10,10,10,10,13,12,12,12,13,12,13,13,14,14,14,14,14,14,14,14","0.00747013092041016","infomap","edit-xhwikibooks.graphml"
"0.31","0.44","0.25","0.370547256535478","1,1,2,2,2,3,2,3,3,4,5,2,6,7,8,9,4,5,5,10,11,12,6,6,8,13,7,9,1,4,5,5,10,10,14,15,16,8,11,11,11,11,12,12,12,12,11,12,12,12,11,11,11,11,11,12,12,12,12,11,17,11,11,6,8,11,11,11,11,11,12,11,13,13,11,11,11,11,11,11,11,7,9,9,9,18,11,11,11,11,19,20,21,11,11,11,9,11,11,11,11,11,11,11,11,11,11,10,10,11,11,11,11,14,15,15,15,15,14,15,15,16,16,16,16,16,16,16,16","0.00489187240600586","infomap","edit-xhwikibooks.graphml"
"0.3","0.45","0.25","0.375512701579967","1,1,2,2,2,3,2,3,4,5,6,2,7,8,4,9,5,6,6,10,11,12,7,7,8,13,4,9,3,5,6,6,10,10,14,15,16,4,11,11,11,11,12,12,12,12,11,12,12,12,11,11,11,11,11,12,12,12,12,11,17,11,11,7,8,11,11,11,11,11,12,11,13,13,11,11,11,11,11,11,11,4,9,9,9,18,11,11,11,11,19,20,21,11,11,11,9,11,11,11,11,11,11,11,11,11,11,10,10,11,11,11,11,14,15,15,15,14,14,15,14,16,16,16,16,16,16,16,16","0.00609898567199707","infomap","edit-xhwikibooks.graphml"
"0.29","0.46","0.25","0.378122085265576","1,1,2,2,2,1,2,1,1,3,4,2,5,6,7,8,3,4,4,9,10,11,5,5,7,12,6,8,1,3,4,4,9,9,13,14,15,7,10,10,10,10,11,11,11,11,10,11,11,11,10,10,10,10,10,11,11,11,11,10,16,10,10,5,7,10,10,10,10,10,11,10,12,12,10,10,10,10,10,10,10,6,8,8,8,17,10,10,10,10,18,19,20,10,10,10,8,10,10,10,10,10,10,10,10,10,10,9,9,10,10,10,10,13,13,14,13,13,14,13,14,15,15,15,15,15,15,15,15","0.00834202766418457","infomap","edit-xhwikibooks.graphml"
"0.28","0.47","0.25","0.379390332413993","1,1,2,2,2,3,2,1,3,4,2,5,6,7,3,8,4,2,2,5,9,10,6,6,7,11,7,8,1,4,2,2,5,5,12,13,14,3,9,9,9,9,10,10,10,10,9,10,10,10,9,9,9,9,9,10,10,10,10,9,15,9,9,6,7,9,9,9,9,9,10,9,11,11,9,9,9,9,9,9,9,7,8,8,8,16,9,9,9,9,17,18,19,9,9,9,8,9,9,9,9,9,9,9,9,9,9,5,5,9,9,9,9,12,13,12,13,13,12,12,12,14,14,14,14,14,14,14,14","0.00488185882568359","infomap","edit-xhwikibooks.graphml"
"0.27","0.48","0.25","0.372198111390594","1,1,2,2,2,3,2,3,3,4,5,2,6,7,3,8,4,5,5,9,10,11,6,6,12,13,7,8,1,4,5,5,9,9,14,15,16,16,10,10,10,10,11,11,11,11,10,11,11,11,10,10,10,10,10,11,11,11,11,10,17,10,10,6,12,10,10,10,10,10,11,10,13,13,10,10,10,10,10,10,10,7,8,8,8,18,10,10,10,10,19,20,21,10,10,10,8,10,10,10,10,10,10,10,10,10,10,9,9,10,10,10,10,15,15,15,15,14,15,14,14,16,16,16,16,16,16,16,16","0.0061039924621582","infomap","edit-xhwikibooks.graphml"
"0.26","0.49","0.25","0.375169608477745","1,1,2,2,2,3,2,3,4,5,6,2,7,4,8,9,5,6,6,10,11,1,7,7,4,12,4,9,1,5,6,6,10,10,13,14,15,8,11,11,11,11,1,1,1,1,11,1,1,1,11,11,11,11,11,1,1,1,1,11,16,11,11,7,4,11,11,11,11,11,1,11,12,12,11,11,11,11,11,11,11,4,9,9,9,17,11,11,11,11,18,19,20,11,11,11,9,11,11,11,11,11,11,11,11,11,11,10,10,11,11,11,11,13,13,13,13,14,14,14,14,15,15,8,15,15,15,15,15","0.00724196434020996","infomap","edit-xhwikibooks.graphml"
"0.25","0.5","0.25","0.413807046672275","1,1,2,2,2,3,2,3,3,4,5,2,6,3,7,8,4,5,5,9,10,11,6,6,12,12,12,8,1,4,5,5,9,9,13,14,15,7,10,10,10,10,11,11,11,11,10,11,11,11,10,10,10,10,10,11,11,11,11,10,16,10,10,6,12,10,10,10,10,10,11,10,12,12,10,10,10,10,10,10,10,12,8,8,8,17,10,10,10,10,18,19,20,10,10,10,8,10,10,10,10,10,10,10,10,10,10,9,9,10,10,10,10,14,13,13,14,14,13,14,13,15,15,15,15,15,15,15,15","0.006011962890625","infomap","edit-xhwikibooks.graphml"
"0.24","0.51","0.25","0.439948527113076","1,1,1,2,3,2,3,4,2,2,3,5,6,4,7,8,9,3,3,5,10,11,6,6,7,7,7,8,1,12,13,3,5,5,14,14,15,7,10,10,10,10,11,11,11,11,10,11,11,11,10,10,10,10,10,11,11,11,11,10,16,10,10,17,18,10,10,10,10,10,11,10,7,7,10,10,10,10,10,10,10,19,8,8,8,20,10,10,10,10,21,22,23,10,10,10,24,10,10,10,10,10,10,10,10,10,10,25,26,10,10,10,10,14,14,14,14,14,14,14,14,15,15,15,15,15,15,15,15","0.00566196441650391","infomap","edit-xhwikibooks.graphml"
"0.23","0.52","0.25","0.398723598549874","1,1,1,2,3,2,3,4,2,2,3,5,6,4,7,8,9,3,3,5,10,11,6,6,7,12,7,8,1,13,14,3,5,5,15,16,17,7,10,10,10,10,11,11,11,11,10,11,11,11,10,10,10,10,10,11,11,11,11,10,18,10,10,19,20,10,10,10,10,10,11,10,12,12,10,10,10,10,10,10,10,21,8,8,8,22,10,10,10,10,23,24,25,10,10,10,26,10,10,10,10,10,10,10,10,10,10,27,28,10,10,10,10,15,16,16,16,15,16,16,15,17,17,17,17,17,17,17,17","0.00458407402038574","infomap","edit-xhwikibooks.graphml"
"0.22","0.53","0.25","0.407650217160836","1,1,1,2,3,2,3,4,2,2,3,5,6,4,4,7,8,3,3,5,9,10,6,6,4,11,4,7,1,12,13,3,5,5,14,15,16,16,9,9,9,9,10,10,10,10,9,10,10,10,9,9,9,9,9,10,10,10,10,9,17,9,9,18,19,9,9,9,9,9,10,9,11,11,9,9,9,9,9,9,9,20,7,7,7,21,9,9,9,9,22,23,24,9,9,9,25,9,9,9,9,9,9,9,9,9,9,26,27,9,9,9,9,14,15,15,15,14,14,14,14,16,16,16,16,16,16,16,16","0.00553417205810547","infomap","edit-xhwikibooks.graphml"
"0.21","0.54","0.25","0.399254984059743","1,2,1,3,4,3,4,5,3,3,4,6,7,5,8,9,10,4,4,6,11,2,7,7,8,12,5,9,2,13,14,4,6,6,15,16,17,17,11,11,11,11,2,2,2,2,11,2,2,2,11,11,11,11,11,2,2,2,2,11,18,11,11,19,20,11,11,11,11,11,2,11,12,12,11,11,11,11,11,11,11,21,9,9,9,22,11,11,11,11,23,24,25,11,11,11,26,11,11,11,11,11,11,11,11,11,11,27,28,11,11,11,11,16,15,16,15,15,16,16,15,17,17,17,17,17,17,17,17","0.00566506385803223","infomap","edit-xhwikibooks.graphml"
"0.2","0.55","0.25","0.411078917197798","1,1,1,2,3,2,3,1,2,2,3,4,5,6,7,8,9,3,3,4,10,11,5,5,7,12,6,8,1,13,14,3,4,4,15,16,17,7,10,10,10,10,11,11,11,11,10,11,11,11,10,10,10,10,10,11,11,11,11,10,18,10,10,19,20,10,10,10,10,10,11,10,12,12,10,10,10,10,10,10,10,21,8,8,8,22,10,10,10,10,23,24,25,10,10,10,26,10,10,10,10,10,10,10,10,10,10,27,28,10,10,10,10,16,15,15,16,16,16,16,16,17,17,17,17,17,17,17,17","0.0068058967590332","infomap","edit-xhwikibooks.graphml"
"0.19","0.56","0.25","0.393623580313683","1,2,1,3,4,3,4,5,3,3,4,6,7,5,8,9,10,4,4,6,2,11,7,7,8,12,13,9,2,14,15,4,6,6,16,17,13,8,2,2,2,2,11,11,11,11,2,11,11,11,2,2,2,2,2,11,11,11,11,2,18,2,2,19,20,2,2,2,2,2,11,2,12,12,2,2,2,2,2,2,2,21,9,9,9,22,2,2,2,2,23,24,25,2,2,2,26,2,2,2,2,2,2,2,2,2,2,27,28,2,2,2,2,16,16,16,16,16,16,16,17,13,13,13,13,13,13,13,13","0.00771689414978027","infomap","edit-xhwikibooks.graphml"
"0.18","0.57","0.25","0.401943962197213","1,2,1,3,4,3,4,5,3,3,4,6,7,5,8,9,10,4,4,6,11,2,7,7,5,12,8,9,2,13,14,4,6,6,15,16,17,16,11,11,11,11,2,2,2,2,11,2,2,2,11,11,11,11,11,2,2,2,2,11,18,11,11,19,20,11,11,11,11,11,2,11,12,12,11,11,11,11,11,11,11,21,9,9,9,22,11,11,11,11,23,24,25,11,11,11,26,11,11,11,11,11,11,11,11,11,11,27,28,11,11,11,11,15,16,16,16,15,16,15,15,17,17,17,17,17,17,17,17","0.00577497482299805","infomap","edit-xhwikibooks.graphml"
"0.17","0.58","0.25","0.403810443238105","1,2,1,3,4,3,4,2,3,3,4,5,6,7,8,9,10,4,4,5,11,12,6,6,7,13,8,9,2,14,15,4,5,5,16,17,18,8,11,11,11,11,12,12,12,12,11,12,12,12,11,11,11,11,11,12,12,12,12,11,19,11,11,20,21,11,11,11,11,11,12,11,13,13,11,11,11,11,11,11,11,22,9,9,9,23,11,11,11,11,24,25,26,11,11,11,27,11,11,11,11,11,11,11,11,11,11,28,29,11,11,11,11,17,16,17,17,16,16,16,16,18,18,18,18,18,18,18,18","0.00464081764221191","infomap","edit-xhwikibooks.graphml"
"0.16","0.59","0.25","0.408864312205553","1,2,1,3,4,3,4,5,3,3,4,6,7,5,8,9,10,4,4,6,11,2,7,7,5,12,8,9,2,13,14,4,6,6,15,8,16,8,11,11,11,11,2,2,2,2,11,2,2,2,11,11,11,11,11,2,2,2,2,11,17,11,11,18,19,11,11,11,11,11,2,11,12,12,11,11,11,11,11,11,11,20,9,9,9,21,11,11,11,11,22,23,24,11,11,11,25,11,11,11,11,11,11,11,11,11,11,26,27,11,11,11,11,15,8,15,8,8,15,8,8,16,16,16,16,16,16,16,16","0.00490212440490723","infomap","edit-xhwikibooks.graphml"
"0.15","0.6","0.25","0.411013730412445","1,2,1,3,4,3,4,5,3,3,4,6,7,5,8,9,10,4,4,6,11,2,7,7,8,12,5,9,2,13,14,4,6,6,15,16,17,8,11,11,11,11,2,2,2,2,11,2,2,2,11,11,11,11,11,2,2,2,2,11,18,11,11,19,20,11,11,11,11,11,2,11,12,12,11,11,11,11,11,11,11,21,9,9,9,22,11,11,11,11,23,24,25,11,11,11,26,11,11,11,11,11,11,11,11,11,11,27,28,11,11,11,11,16,15,15,15,16,15,15,15,17,17,17,17,17,17,17,17","0.00567317008972168","infomap","edit-xhwikibooks.graphml"
"0.14","0.61","0.25","0.386691292021491","1,2,1,3,4,3,4,2,3,3,4,5,6,7,8,9,10,4,4,5,2,11,6,6,8,12,7,9,2,13,14,4,5,5,15,16,17,8,2,2,2,2,11,11,11,11,2,11,11,11,2,2,2,2,2,11,11,11,11,2,18,2,2,19,20,2,2,2,2,2,11,2,12,12,2,2,2,2,2,2,2,21,9,9,9,22,2,2,2,2,23,24,25,2,2,2,26,2,2,2,2,2,2,2,2,2,2,27,28,2,2,2,2,15,16,15,15,15,16,16,15,17,17,17,17,17,17,17,17","0.00580191612243652","infomap","edit-xhwikibooks.graphml"
"0.13","0.62","0.25","0.41350983432672","1,1,1,2,3,2,3,1,2,2,3,4,5,6,7,8,9,3,3,4,10,11,5,5,6,12,6,8,1,13,14,3,4,4,15,16,7,7,10,10,10,10,11,11,11,11,10,11,11,11,10,10,10,10,10,11,11,11,11,10,17,10,10,18,19,10,10,10,10,10,11,10,12,12,10,10,10,10,10,10,10,20,8,8,8,21,10,10,10,10,22,23,24,10,10,10,25,10,10,10,10,10,10,10,10,10,10,26,27,10,10,10,10,15,16,15,15,16,16,16,16,7,7,7,7,7,7,7,7","0.00584197044372559","infomap","edit-xhwikibooks.graphml"
"0.12","0.63","0.25","0.440344166996961","1,1,1,2,3,2,3,4,2,2,3,5,6,7,4,8,9,3,3,5,10,11,6,6,7,12,4,8,1,13,14,3,5,5,15,15,7,4,10,10,10,10,11,11,11,11,10,11,11,11,10,10,10,10,10,11,11,11,11,10,16,10,10,17,18,10,10,10,10,10,11,10,12,12,10,10,10,10,10,10,10,19,8,8,8,20,10,10,10,10,21,22,23,10,10,10,24,10,10,10,10,10,10,10,10,10,10,25,26,10,10,10,10,15,15,15,15,15,15,15,15,7,7,7,7,7,7,7,7","0.0065758228302002","infomap","edit-xhwikibooks.graphml"
"0.11","0.64","0.25","0.406547100013212","1,2,1,3,4,3,4,2,3,3,4,5,6,7,8,9,10,4,4,5,11,12,6,6,7,13,8,9,2,14,15,4,5,5,16,17,18,8,11,11,11,11,12,12,12,12,11,12,12,12,11,11,11,11,11,12,12,12,12,11,19,11,11,20,21,11,11,11,11,11,12,11,13,13,11,11,11,11,11,11,11,22,9,9,9,23,11,11,11,11,24,25,26,11,11,11,27,11,11,11,11,11,11,11,11,11,11,28,29,11,11,11,11,16,16,17,17,16,17,17,16,18,18,18,18,18,18,18,18","0.00470304489135742","infomap","edit-xhwikibooks.graphml"
"0.1","0.65","0.25","0.405602913631085","1,1,1,2,3,2,3,4,2,2,3,5,6,4,7,8,9,3,3,5,10,11,6,6,7,12,13,8,1,14,15,3,5,5,16,13,17,13,10,10,10,10,11,11,11,11,10,11,11,11,10,10,10,10,10,11,11,11,11,10,18,10,10,19,20,10,10,10,10,10,11,10,12,12,10,10,10,10,10,10,10,21,8,8,8,22,10,10,10,10,23,24,25,10,10,10,26,10,10,10,10,10,10,10,10,10,10,27,28,10,10,10,10,16,16,16,16,13,13,13,16,17,17,17,17,17,17,17,17","0.0066680908203125","infomap","edit-xhwikibooks.graphml"
"0.09","0.66","0.25","0.411950448235727","1,2,1,3,4,3,4,2,3,3,4,5,6,2,7,8,9,4,4,5,10,11,6,6,7,12,7,8,2,13,14,4,5,5,15,16,17,17,10,10,10,10,11,11,11,11,10,11,11,11,10,10,10,10,10,11,11,11,11,10,18,10,10,19,20,10,10,10,10,10,11,10,12,12,10,10,10,10,10,10,10,21,8,8,8,22,10,10,10,10,23,24,25,10,10,10,26,10,10,10,10,10,10,10,10,10,10,27,28,10,10,10,10,15,16,15,15,15,16,15,15,17,17,17,17,17,17,17,17","0.00456094741821289","infomap","edit-xhwikibooks.graphml"
"0.08","0.67","0.25","0.422016800085605","1,2,1,3,4,3,4,2,3,3,4,5,6,7,8,9,10,4,4,5,11,12,6,6,8,13,7,9,2,14,15,4,5,5,16,17,18,8,11,11,11,11,12,12,12,12,11,12,12,12,11,11,11,11,11,12,12,12,12,11,19,11,11,20,21,11,11,11,11,11,12,11,13,13,11,11,11,11,11,11,11,22,9,9,9,23,11,11,11,11,24,25,26,11,11,11,27,11,11,11,11,11,11,11,11,11,11,28,29,11,11,11,11,17,16,16,17,16,16,16,16,18,18,18,18,18,18,18,18","0.00474309921264648","infomap","edit-xhwikibooks.graphml"
"0.07","0.68","0.25","0.421476669944815","1,2,1,3,4,3,4,5,3,3,4,6,7,8,5,9,10,4,4,6,11,2,7,7,5,12,8,9,2,13,14,4,6,6,15,16,17,5,11,11,11,11,2,2,2,2,11,2,2,2,11,11,11,11,11,2,2,2,2,11,18,11,11,19,20,11,11,11,11,11,2,11,12,12,11,11,11,11,11,11,11,21,9,9,9,22,11,11,11,11,23,24,25,11,11,11,26,11,11,11,11,11,11,11,11,11,11,27,28,11,11,11,11,15,16,15,16,15,15,16,16,17,17,17,17,17,17,17,17","0.00529003143310547","infomap","edit-xhwikibooks.graphml"
"0.06","0.69","0.25","0.420558639193969","1,2,1,3,4,3,4,2,5,3,4,6,7,8,5,9,10,4,4,6,11,12,7,7,8,13,8,9,2,14,15,4,6,6,16,17,18,17,11,11,11,11,12,12,12,12,11,12,12,12,11,11,11,11,11,12,12,12,12,11,19,11,11,20,21,11,11,11,11,11,12,11,13,13,11,11,11,11,11,11,11,22,9,9,9,23,11,11,11,11,24,25,26,11,11,11,27,11,11,11,11,11,11,11,11,11,11,28,29,11,11,11,11,17,17,17,17,17,17,16,16,18,18,18,18,18,18,18,18","0.00600695610046387","infomap","edit-xhwikibooks.graphml"
"0.05","0.7","0.25","0.420584013067121","1,2,1,3,4,3,4,5,3,3,4,6,7,5,5,8,9,4,4,6,2,10,7,7,5,11,5,8,2,12,13,4,6,6,14,15,16,5,2,2,2,2,10,10,10,10,2,10,10,10,2,2,2,2,2,10,10,10,10,2,17,2,2,18,19,2,2,2,2,2,10,2,11,11,2,2,2,2,2,2,2,20,8,8,8,21,2,2,2,2,22,23,24,2,2,2,25,2,2,2,2,2,2,2,2,2,2,26,27,2,2,2,2,15,15,14,14,15,15,15,14,16,16,16,16,16,16,16,16","0.0073549747467041","infomap","edit-xhwikibooks.graphml"
"0.04","0.71","0.25","0.427001180532973","1,2,1,3,4,3,4,5,3,3,4,6,7,5,8,9,10,4,4,6,11,2,7,7,8,12,5,9,2,13,14,4,6,6,15,16,17,8,11,11,11,11,2,2,2,2,11,2,2,2,11,11,11,11,11,2,2,2,2,11,18,11,11,19,20,11,11,11,11,11,2,11,12,12,11,11,11,11,11,11,11,21,9,9,9,22,11,11,11,11,23,24,25,11,11,11,26,11,11,11,11,11,11,11,11,11,11,27,28,11,11,11,11,16,16,15,15,15,15,15,15,17,17,17,17,17,17,17,17","0.00835800170898438","infomap","edit-xhwikibooks.graphml"
"0.03","0.72","0.25","0.423600640398246","1,2,1,3,4,3,4,2,3,3,4,5,6,7,8,9,10,4,4,5,11,12,6,6,7,13,8,9,2,14,15,4,5,5,16,17,18,8,11,11,11,11,12,12,12,12,11,12,12,12,11,11,11,11,11,12,12,12,12,11,19,11,11,20,21,11,11,11,11,11,12,11,13,13,11,11,11,11,11,11,11,22,9,9,9,23,11,11,11,11,24,25,26,11,11,11,27,11,11,11,11,11,11,11,11,11,11,28,29,11,11,11,11,17,16,17,17,16,16,17,17,18,18,18,18,18,18,18,18","0.00673389434814453","infomap","edit-xhwikibooks.graphml"
"0.02","0.73","0.25","0.426293008103923","1,1,1,2,3,2,3,4,2,2,3,5,6,4,7,8,9,3,3,5,10,11,6,6,7,12,7,8,1,13,14,3,5,5,15,16,17,7,10,10,10,10,11,11,11,11,10,11,11,11,10,10,10,10,10,11,11,11,11,10,18,10,10,19,20,10,10,10,10,10,11,10,12,12,10,10,10,10,10,10,10,21,8,8,8,22,10,10,10,10,23,24,25,10,10,10,26,10,10,10,10,10,10,10,10,10,10,27,28,10,10,10,10,16,15,15,16,15,15,16,15,17,17,17,17,17,17,17,17","0.00554680824279785","infomap","edit-xhwikibooks.graphml"
"0.01","0.74","0.25","0.423577037543486","1,2,1,3,4,3,4,2,3,3,4,5,6,2,7,8,9,4,4,5,10,11,6,6,7,12,7,8,11,13,14,4,5,5,15,16,17,7,10,10,10,10,11,11,11,11,10,11,11,11,10,10,10,10,10,11,11,11,11,10,18,10,10,19,20,10,10,10,10,10,11,10,12,12,10,10,10,10,10,10,10,21,8,8,8,22,10,10,10,10,23,24,25,10,10,10,26,10,10,10,10,10,10,10,10,10,10,27,28,10,10,10,10,16,16,16,16,16,15,15,16,17,17,17,17,17,17,17,17","0.00579214096069336","infomap","edit-xhwikibooks.graphml"
"0","0.75","0.25","0.42933202482575","1,2,1,3,4,3,4,5,3,3,4,6,7,5,8,9,10,4,4,6,11,2,7,7,5,12,8,9,1,13,14,4,6,6,15,16,17,8,11,11,11,11,2,2,2,2,11,2,2,2,11,11,11,11,11,2,2,2,2,11,18,11,11,19,20,11,11,11,11,11,2,11,12,12,11,11,11,11,11,11,11,21,9,9,9,22,11,11,11,11,23,24,25,11,11,11,26,11,11,11,11,11,11,11,11,11,11,27,28,11,11,11,11,15,15,16,15,16,15,16,15,17,17,17,17,17,17,17,17","0.00474810600280762","infomap","edit-xhwikibooks.graphml"
"0.74","0","0.26","0.355409464995596","1,2,1,1,3,4,3,5,5,6,7,3,8,5,9,4,6,10,7,3,11,2,8,12,9,13,9,14,15,6,10,16,17,3,18,19,20,9,11,11,11,11,2,2,2,2,11,2,2,2,11,11,11,11,11,2,2,2,2,11,8,11,11,12,9,11,11,11,11,11,2,11,13,13,11,11,11,11,11,11,11,9,14,14,14,15,11,11,11,11,6,10,16,11,11,11,4,11,11,11,11,11,11,11,11,11,11,17,17,11,11,11,11,18,19,19,19,19,19,18,19,20,20,20,20,20,20,20,20","0.00642991065979004","infomap","edit-xhwikibooks.graphml"
"0.73","0.01","0.26","0.345579715130153","1,2,1,3,4,5,4,3,3,6,7,4,8,3,9,5,6,10,7,4,2,11,8,12,9,13,9,14,15,6,10,16,17,4,18,19,20,9,2,2,2,2,11,11,11,11,2,11,11,11,2,2,2,2,2,11,11,11,11,2,8,2,2,12,9,2,2,2,2,2,11,2,13,13,2,2,2,2,2,2,2,9,14,14,14,15,2,2,2,2,6,10,16,2,2,2,5,2,2,2,2,2,2,2,2,2,2,17,17,2,2,2,2,19,19,19,18,19,18,18,19,20,20,20,20,20,20,20,20","0.00752997398376465","infomap","edit-xhwikibooks.graphml"
"0.72","0.02","0.26","0.361198455190127","1,2,1,1,3,4,3,5,4,6,7,3,8,5,9,4,6,10,7,3,11,2,8,12,9,13,9,14,15,6,10,16,17,3,18,19,20,9,11,11,11,11,2,2,2,2,11,2,2,2,11,11,11,11,11,2,2,2,2,11,8,11,11,12,9,11,11,11,11,11,2,11,13,13,11,11,11,11,11,11,11,9,14,14,14,15,11,11,11,11,6,10,16,11,11,11,4,11,11,11,11,11,11,11,11,11,11,17,17,11,11,11,11,18,18,18,19,18,19,18,18,20,20,20,20,20,20,20,20","0.00614500045776367","infomap","edit-xhwikibooks.graphml"
"0.71","0.03","0.26","0.361044568020198","1,2,1,1,3,4,3,5,4,6,7,3,8,5,9,4,6,10,7,3,11,2,8,12,5,13,9,14,15,6,10,16,17,3,18,19,20,9,11,11,11,11,2,2,2,2,11,2,2,2,11,11,11,11,11,2,2,2,2,11,8,11,11,12,5,11,11,11,11,11,2,11,13,13,11,11,11,11,11,11,11,9,14,14,14,15,11,11,11,11,6,10,16,11,11,11,4,11,11,11,11,11,11,11,11,11,11,17,17,11,11,11,11,19,18,18,18,19,19,18,19,20,20,20,20,20,20,20,20","0.00613713264465332","infomap","edit-xhwikibooks.graphml"
"0.7","0.04","0.26","0.356864465630568","1,2,1,3,4,3,4,2,5,6,7,4,8,9,5,3,6,10,7,4,11,12,8,13,5,14,9,15,16,6,10,17,18,4,19,20,21,5,11,11,11,11,12,12,12,12,11,12,12,12,11,11,11,11,11,12,12,12,12,11,8,11,11,13,5,11,11,11,11,11,12,11,14,14,11,11,11,11,11,11,11,9,15,15,15,16,11,11,11,11,6,10,17,11,11,11,3,11,11,11,11,11,11,11,11,11,11,18,18,11,11,11,11,20,19,19,20,20,20,19,19,21,21,21,21,21,21,21,21","0.00629401206970215","infomap","edit-xhwikibooks.graphml"
"0.69","0.05","0.26","0.361235803136831","1,1,2,2,2,3,2,4,4,5,6,2,7,4,8,3,5,6,9,10,11,12,7,13,4,14,8,15,16,5,6,17,10,10,9,8,18,8,11,11,11,11,12,12,12,12,11,12,12,12,11,11,11,11,11,12,12,12,12,11,7,11,11,13,4,11,11,11,11,11,12,11,14,14,11,11,11,11,11,11,11,8,15,15,15,16,11,11,11,11,5,6,17,11,11,11,3,11,11,11,11,11,11,11,11,11,11,10,10,11,11,11,11,9,9,9,9,9,9,9,9,18,18,18,18,18,18,18,18","0.0062100887298584","infomap","edit-xhwikibooks.graphml"
"0.68","0.06","0.26","0.358073282855598","1,2,1,1,3,4,3,2,5,6,3,7,8,9,5,4,6,3,10,7,11,12,8,13,5,14,9,15,16,6,3,17,7,7,10,18,19,5,11,11,11,11,12,12,12,12,11,12,12,12,11,11,11,11,11,12,12,12,12,11,8,11,11,13,5,11,11,11,11,11,12,11,14,14,11,11,11,11,11,11,11,9,15,15,15,16,11,11,11,11,6,3,17,11,11,11,4,11,11,11,11,11,11,11,11,11,11,7,7,11,11,11,11,10,10,10,18,18,18,10,18,19,19,19,19,19,19,19,19","0.00646018981933594","infomap","edit-xhwikibooks.graphml"
"0.67","0.07","0.26","0.353095352755419","1,2,1,1,3,4,3,2,2,5,3,6,7,8,9,4,5,3,10,6,11,12,7,13,8,14,8,15,16,5,3,17,6,6,18,10,19,9,11,11,11,11,12,12,12,12,11,12,12,12,11,11,11,11,11,12,12,12,12,11,7,11,11,13,8,11,11,11,11,11,12,11,14,14,11,11,11,11,11,11,11,8,15,15,15,16,11,11,11,11,5,3,17,11,11,11,4,11,11,11,11,11,11,11,11,11,11,6,6,11,11,11,11,10,18,18,10,18,10,10,18,19,19,19,19,19,19,19,19","0.0118718147277832","infomap","edit-xhwikibooks.graphml"
"0.66","0.08","0.26","0.357567654136229","1,2,1,2,3,2,3,2,4,5,6,3,7,8,4,9,5,6,10,3,11,12,7,13,8,14,8,15,16,5,6,17,3,3,10,18,19,4,11,11,11,11,12,12,12,12,11,12,12,12,11,11,11,11,11,12,12,12,12,11,7,11,11,13,8,11,11,11,11,11,12,11,14,14,11,11,11,11,11,11,11,8,15,15,15,16,11,11,11,11,5,6,17,11,11,11,9,11,11,11,11,11,11,11,11,11,11,3,3,11,11,11,11,18,10,18,10,18,10,18,10,19,19,19,19,19,19,19,19","0.00737595558166504","infomap","edit-xhwikibooks.graphml"
"0.65","0.09","0.26","0.337439446366782","1,2,1,3,4,3,4,2,3,5,4,6,7,8,2,3,5,4,9,6,10,11,7,12,13,14,8,15,16,5,4,17,6,6,9,18,19,19,10,10,10,10,11,11,11,11,10,11,11,11,10,10,10,10,10,11,11,11,11,10,7,10,10,12,13,10,10,10,10,10,11,10,14,14,10,10,10,10,10,10,10,8,15,15,15,16,10,10,10,10,5,4,17,10,10,10,3,10,10,10,10,10,10,10,10,10,10,6,6,10,10,10,10,18,18,18,18,18,18,9,9,19,19,19,19,19,19,19,19","0.00760102272033691","infomap","edit-xhwikibooks.graphml"
"0.64","0.1","0.26","0.340362629757785","1,2,1,3,4,3,4,2,3,5,6,4,7,8,9,3,5,6,10,4,11,12,7,13,8,14,15,16,17,5,6,18,4,4,10,19,20,9,11,11,11,11,12,12,12,12,11,12,12,12,11,11,11,11,11,12,12,12,12,11,7,11,11,13,8,11,11,11,11,11,12,11,14,14,11,11,11,11,11,11,11,15,16,16,16,17,11,11,11,11,5,6,18,11,11,11,3,11,11,11,11,11,11,11,11,11,11,4,4,11,11,11,11,19,19,10,19,19,10,10,19,20,20,20,20,20,20,20,20","0.00647807121276855","infomap","edit-xhwikibooks.graphml"
"0.63","0.11","0.26","0.338287989107996","1,1,2,2,3,2,3,4,5,6,3,7,4,5,5,8,6,3,9,7,10,11,12,5,13,14,5,15,16,6,3,17,7,7,18,9,19,9,10,10,10,10,11,11,11,11,10,11,11,11,10,10,10,10,10,11,11,11,11,10,12,10,10,5,13,10,10,10,10,10,11,10,14,14,10,10,10,10,10,10,10,5,15,15,15,16,10,10,10,10,6,3,17,10,10,10,8,10,10,10,10,10,10,10,10,10,10,7,7,10,10,10,10,18,9,9,9,18,18,9,9,19,19,19,19,19,19,19,19","0.00773787498474121","infomap","edit-xhwikibooks.graphml"
"0.62","0.12","0.26","0.339294181352897","1,2,1,1,3,4,3,5,1,6,3,7,8,5,9,4,6,3,10,7,2,11,8,12,9,13,14,15,16,6,3,17,7,7,10,18,9,9,2,2,2,2,11,11,11,11,2,11,11,11,2,2,2,2,2,11,11,11,11,2,8,2,2,12,9,2,2,2,2,2,11,2,13,13,2,2,2,2,2,2,2,14,15,15,15,16,2,2,2,2,6,3,17,2,2,2,4,2,2,2,2,2,2,2,2,2,2,7,7,2,2,2,2,10,18,10,18,10,10,18,18,9,9,9,9,9,9,9,9","0.00543594360351562","infomap","edit-xhwikibooks.graphml"
"0.61","0.13","0.26","0.312159632830148","1,2,1,1,3,4,3,4,5,6,3,7,8,5,4,9,6,3,10,7,2,11,8,12,4,13,5,14,15,6,3,16,7,7,10,17,18,17,2,2,2,2,11,11,11,11,2,11,11,11,2,2,2,2,2,11,11,11,11,2,8,2,2,12,4,2,2,2,2,2,11,2,13,13,2,2,2,2,2,2,2,5,14,14,14,15,2,2,2,2,6,3,16,2,2,2,9,2,2,2,2,2,2,2,2,2,2,7,7,2,2,2,2,17,17,17,17,10,10,17,10,18,18,18,18,18,18,18,18","0.00854587554931641","infomap","edit-xhwikibooks.graphml"
"0.6","0.14","0.26","0.32159417691563","1,2,1,1,3,1,3,2,1,4,3,5,6,7,8,9,4,3,10,5,11,12,6,13,8,14,7,15,16,4,3,17,5,5,18,10,19,8,11,11,11,11,12,12,12,12,11,12,12,12,11,11,11,11,11,12,12,12,12,11,6,11,11,13,8,11,11,11,11,11,12,11,14,14,11,11,11,11,11,11,11,7,15,15,15,16,11,11,11,11,4,3,17,11,11,11,9,11,11,11,11,11,11,11,11,11,11,5,5,11,11,11,11,10,18,18,10,10,10,18,18,19,19,19,19,19,19,19,19","0.0063931941986084","infomap","edit-xhwikibooks.graphml"
"0.59","0.15","0.26","0.333124739850069","1,2,1,1,3,4,3,5,4,6,3,7,8,5,9,4,6,3,10,7,11,2,8,12,5,13,14,15,16,6,3,17,7,7,10,18,9,9,11,11,11,11,2,2,2,2,11,2,2,2,11,11,11,11,11,2,2,2,2,11,8,11,11,12,5,11,11,11,11,11,2,11,13,13,11,11,11,11,11,11,11,14,15,15,15,16,11,11,11,11,6,3,17,11,11,11,4,11,11,11,11,11,11,11,11,11,11,7,7,11,11,11,11,18,10,18,10,18,10,10,18,9,9,9,9,9,9,9,9","0.00621294975280762","infomap","edit-xhwikibooks.graphml"
"0.58","0.16","0.26","0.323645833333333","1,1,2,2,2,3,2,3,3,4,5,2,6,7,8,3,4,5,9,10,11,12,6,13,14,15,7,16,17,4,5,18,10,10,9,8,19,19,11,11,11,11,12,12,12,12,11,12,12,12,11,11,11,11,11,12,12,12,12,11,6,11,11,13,14,11,11,11,11,11,12,11,15,15,11,11,11,11,11,11,11,7,16,16,16,17,11,11,11,11,4,5,18,11,11,11,3,11,11,11,11,11,11,11,11,11,11,10,10,11,11,11,11,9,8,8,9,8,8,8,8,19,19,19,19,19,19,19,19","0.00650310516357422","infomap","edit-xhwikibooks.graphml"
"0.57","0.17","0.26","0.329980587630659","1,1,1,1,2,3,2,4,5,6,2,7,8,4,5,3,6,2,9,7,10,11,8,12,5,13,4,14,15,6,2,16,7,7,9,17,18,5,10,10,10,10,11,11,11,11,10,11,11,11,10,10,10,10,10,11,11,11,11,10,8,10,10,12,5,10,10,10,10,10,11,10,13,13,10,10,10,10,10,10,10,4,14,14,14,15,10,10,10,10,6,2,16,10,10,10,3,10,10,10,10,10,10,10,10,10,10,7,7,10,10,10,10,17,17,17,9,9,17,17,9,18,18,18,18,18,18,18,18","0.00659918785095215","infomap","edit-xhwikibooks.graphml"
"0.56","0.18","0.26","0.329994019350159","1,2,1,1,3,4,3,4,5,6,3,7,8,5,9,4,6,3,10,7,11,2,8,12,5,13,9,14,15,6,3,16,7,7,10,17,18,5,11,11,11,11,2,2,2,2,11,2,2,2,11,11,11,11,11,2,2,2,2,11,8,11,11,12,5,11,11,11,11,11,2,11,13,13,11,11,11,11,11,11,11,9,14,14,14,15,11,11,11,11,6,3,16,11,11,11,4,11,11,11,11,11,11,11,11,11,11,7,7,11,11,11,11,17,10,10,10,17,10,17,10,18,18,18,18,18,18,18,18","0.00642585754394531","infomap","edit-xhwikibooks.graphml"
"0.55","0.19","0.26","0.330456835608014","1,2,1,1,3,4,3,2,4,5,3,6,7,8,9,4,5,3,10,6,11,12,7,13,8,14,15,16,17,5,3,18,6,6,10,19,9,9,11,11,11,11,12,12,12,12,11,12,12,12,11,11,11,11,11,12,12,12,12,11,7,11,11,13,8,11,11,11,11,11,12,11,14,14,11,11,11,11,11,11,11,15,16,16,16,17,11,11,11,11,5,3,18,11,11,11,4,11,11,11,11,11,11,11,11,11,11,6,6,11,11,11,11,10,19,10,10,10,10,19,19,9,9,9,9,9,9,9,9","0.0098271369934082","infomap","edit-xhwikibooks.graphml"
"0.54","0.2","0.26","0.331038302149548","1,1,1,1,2,1,2,3,3,4,2,5,6,3,7,8,4,2,9,5,10,11,6,12,7,13,7,14,15,4,2,16,5,5,17,9,18,7,10,10,10,10,11,11,11,11,10,11,11,11,10,10,10,10,10,11,11,11,11,10,6,10,10,12,7,10,10,10,10,10,11,10,13,13,10,10,10,10,10,10,10,7,14,14,14,15,10,10,10,10,4,2,16,10,10,10,8,10,10,10,10,10,10,10,10,10,10,5,5,10,10,10,10,17,17,17,9,17,9,9,9,18,18,18,18,18,18,18,18","0.00728511810302734","infomap","edit-xhwikibooks.graphml"
"0.53","0.21","0.26","0.31413675991737","1,2,1,1,3,4,3,5,6,7,3,8,5,9,9,4,7,3,10,8,2,11,12,13,14,15,9,16,17,7,3,18,8,8,19,10,6,6,2,2,2,2,11,11,11,11,2,11,11,11,2,2,2,2,2,11,11,11,11,2,12,2,2,13,14,2,2,2,2,2,11,2,15,15,2,2,2,2,2,2,2,9,16,16,16,17,2,2,2,2,7,3,18,2,2,2,4,2,2,2,2,2,2,2,2,2,2,8,8,2,2,2,2,10,10,10,10,10,19,10,19,6,6,6,6,6,6,6,6","0.00753998756408691","infomap","edit-xhwikibooks.graphml"
"0.52","0.22","0.26","0.327060677147159","1,2,1,3,4,3,4,2,5,6,4,7,8,5,2,3,6,4,9,7,10,11,8,12,5,13,14,15,16,6,4,17,7,7,18,9,19,19,10,10,10,10,11,11,11,11,10,11,11,11,10,10,10,10,10,11,11,11,11,10,8,10,10,12,5,10,10,10,10,10,11,10,13,13,10,10,10,10,10,10,10,14,15,15,15,16,10,10,10,10,6,4,17,10,10,10,3,10,10,10,10,10,10,10,10,10,10,7,7,10,10,10,10,18,18,18,18,18,18,9,18,19,19,19,19,19,19,19,19","0.00534200668334961","infomap","edit-xhwikibooks.graphml"
"0.51","0.23","0.26","0.348073084122611","1,2,1,3,4,3,4,5,3,6,4,7,8,5,9,3,6,4,10,7,11,2,8,12,9,13,9,14,15,6,4,16,7,7,17,10,18,18,11,11,11,11,2,2,2,2,11,2,2,2,11,11,11,11,11,2,2,2,2,11,8,11,11,12,9,11,11,11,11,11,2,11,13,13,11,11,11,11,11,11,11,9,14,14,14,15,11,11,11,11,6,4,16,11,11,11,3,11,11,11,11,11,11,11,11,11,11,7,7,11,11,11,11,10,17,10,17,10,10,10,17,18,18,18,18,18,18,18,18","0.00873780250549316","infomap","edit-xhwikibooks.graphml"
"0.5","0.24","0.26","0.350615453568421","1,2,1,3,4,5,4,2,3,6,4,7,8,9,3,5,6,4,10,7,11,12,8,13,9,14,3,15,16,6,4,17,7,7,10,18,19,3,11,11,11,11,12,12,12,12,11,12,12,12,11,11,11,11,11,12,12,12,12,11,8,11,11,13,9,11,11,11,11,11,12,11,14,14,11,11,11,11,11,11,11,3,15,15,15,16,11,11,11,11,6,4,17,11,11,11,5,11,11,11,11,11,11,11,11,11,11,7,7,11,11,11,11,10,18,10,10,10,18,10,10,19,19,19,19,19,19,19,19","0.00840091705322266","infomap","edit-xhwikibooks.graphml"
"0.49","0.25","0.26","0.350922244142731","1,2,1,3,4,3,4,3,5,6,4,7,8,5,5,9,6,4,10,7,11,2,8,12,5,13,14,15,16,6,4,17,7,7,10,18,19,5,11,11,11,11,2,2,2,2,11,2,2,2,11,11,11,11,11,2,2,2,2,11,8,11,11,12,5,11,11,11,11,11,2,11,13,13,11,11,11,11,11,11,11,14,15,15,15,16,11,11,11,11,6,4,17,11,11,11,9,11,11,11,11,11,11,11,11,11,11,7,7,11,11,11,11,18,18,18,10,18,18,18,5,19,19,19,19,19,19,19,19","0.0075981616973877","infomap","edit-xhwikibooks.graphml"
"0.48","0.26","0.26","0.355794621850799","1,1,1,1,2,3,2,3,3,4,2,5,6,7,7,8,4,2,9,5,10,11,6,12,7,13,7,14,15,4,2,16,5,5,9,17,18,18,10,10,10,10,11,11,11,11,10,11,11,11,10,10,10,10,10,11,11,11,11,10,6,10,10,12,7,10,10,10,10,10,11,10,13,13,10,10,10,10,10,10,10,7,14,14,14,15,10,10,10,10,4,2,16,10,10,10,8,10,10,10,10,10,10,10,10,10,10,5,5,10,10,10,10,17,17,9,17,9,17,17,17,18,18,18,18,18,18,18,18","0.00642991065979004","infomap","edit-xhwikibooks.graphml"
"0.47","0.27","0.26","0.346254065584169","1,2,1,1,3,4,3,2,5,6,3,7,8,5,9,4,6,3,3,7,10,11,8,12,9,13,5,14,2,6,3,3,7,7,15,16,17,9,10,10,10,10,11,11,11,11,10,11,11,11,10,10,10,10,10,11,11,11,11,10,18,10,10,12,9,10,10,10,10,10,11,10,13,13,10,10,10,10,10,10,10,5,14,14,14,19,10,10,10,10,20,21,22,10,10,10,4,10,10,10,10,10,10,10,10,10,10,7,7,10,10,10,10,16,16,15,16,15,16,16,16,17,17,17,17,17,17,17,17","0.00636982917785645","infomap","edit-xhwikibooks.graphml"
"0.46","0.28","0.26","0.34708882785445","1,2,1,1,3,4,3,5,5,6,3,7,8,9,5,4,6,3,3,7,10,11,8,12,9,13,5,14,2,6,3,3,7,7,15,16,17,5,10,10,10,10,11,11,11,11,10,11,11,11,10,10,10,10,10,11,11,11,11,10,18,10,10,12,9,10,10,10,10,10,11,10,13,13,10,10,10,10,10,10,10,5,14,14,14,19,10,10,10,10,20,21,22,10,10,10,4,10,10,10,10,10,10,10,10,10,10,7,7,10,10,10,10,16,16,16,15,15,16,16,15,17,17,17,17,17,17,17,17","0.0051109790802002","infomap","edit-xhwikibooks.graphml"
"0.45","0.29","0.26","0.349758882759153","1,2,1,1,3,1,3,4,4,5,6,3,7,8,4,9,5,6,6,3,10,11,7,8,8,12,8,13,2,5,6,6,3,3,14,15,16,4,10,10,10,10,11,11,11,11,10,11,11,11,10,10,10,10,10,11,11,11,11,10,17,10,10,8,8,10,10,10,10,10,11,10,12,12,10,10,10,10,10,10,10,8,13,13,13,18,10,10,10,10,19,20,21,10,10,10,9,10,10,10,10,10,10,10,10,10,10,3,3,10,10,10,10,15,15,14,14,15,14,14,15,16,16,16,16,4,16,16,16","0.00502181053161621","infomap","edit-xhwikibooks.graphml"
"0.44","0.3","0.26","0.34675956997457","1,2,1,1,3,2,3,2,4,5,6,3,7,8,9,10,5,6,6,3,11,12,7,13,9,14,8,15,2,5,6,6,3,3,16,4,17,4,11,11,11,11,12,12,12,12,11,12,12,12,11,11,11,11,11,12,12,12,12,11,18,11,11,13,9,11,11,11,11,11,12,11,14,14,11,11,11,11,11,11,11,8,15,15,15,19,11,11,11,11,20,21,22,11,11,11,10,11,11,11,11,11,11,11,11,11,11,3,3,11,11,11,11,4,16,16,16,16,4,4,4,17,17,17,17,17,17,17,17","0.00609993934631348","infomap","edit-xhwikibooks.graphml"
"0.43","0.31","0.26","0.349459399221634","1,1,2,2,2,3,2,4,3,5,6,2,7,4,3,8,5,6,6,9,10,11,7,7,4,12,4,8,1,5,6,6,9,9,13,14,15,3,10,10,10,10,11,11,11,11,10,11,11,11,10,10,10,10,10,11,11,11,11,10,16,10,10,7,4,10,10,10,10,10,11,10,12,12,10,10,10,10,10,10,10,4,8,8,8,17,10,10,10,10,18,19,20,10,10,10,8,10,10,10,10,10,10,10,10,10,10,9,9,10,10,10,10,14,14,13,14,14,14,13,13,15,15,15,15,15,15,15,15","0.00904607772827148","infomap","edit-xhwikibooks.graphml"
"0.42","0.32","0.26","0.355709075192318","1,1,2,2,2,3,2,3,3,4,2,5,6,7,8,9,4,2,10,5,11,1,6,6,8,12,7,9,1,4,2,10,5,5,10,13,14,8,11,11,11,11,1,1,1,1,11,1,1,1,11,11,11,11,11,1,1,1,1,11,15,11,11,6,8,11,11,11,11,11,1,11,12,12,11,11,11,11,11,11,11,7,9,9,9,16,11,11,11,11,17,18,19,11,11,11,9,11,11,11,11,11,11,11,11,11,11,5,5,11,11,11,11,10,13,10,13,13,10,13,10,14,14,14,14,14,14,14,14","0.00865817070007324","infomap","edit-xhwikibooks.graphml"
"0.41","0.33","0.26","0.34892506887395","1,1,2,2,2,1,2,1,1,3,4,2,5,6,7,8,3,4,4,9,10,11,5,5,6,12,6,8,1,3,4,4,9,9,13,14,15,7,10,10,10,10,11,11,11,11,10,11,11,11,10,10,10,10,10,11,11,11,11,10,16,10,10,5,6,10,10,10,10,10,11,10,12,12,10,10,10,10,10,10,10,6,8,8,8,17,10,10,10,10,18,19,20,10,10,10,8,10,10,10,10,10,10,10,10,10,10,9,9,10,10,10,10,13,14,14,14,14,14,13,13,15,15,15,15,15,15,15,15","0.0104038715362549","infomap","edit-xhwikibooks.graphml"
"0.4","0.34","0.26","0.362598484769037","1,1,2,2,2,3,2,3,4,5,6,2,7,8,4,9,5,6,6,10,11,12,7,7,13,14,8,9,1,5,6,6,10,10,4,15,16,16,11,11,11,11,12,12,12,12,11,12,12,12,11,11,11,11,11,12,12,12,12,11,17,11,11,7,13,11,11,11,11,11,12,11,14,14,11,11,11,11,11,11,11,8,9,9,9,18,11,11,11,11,19,20,21,11,11,11,9,11,11,11,11,11,11,11,11,11,11,10,10,11,11,11,11,15,4,4,4,4,15,15,4,16,16,16,16,16,16,16,16","0.00609302520751953","infomap","edit-xhwikibooks.graphml"
"0.39","0.35","0.26","0.367636770044151","1,1,2,2,2,3,2,3,3,4,5,2,6,7,8,9,4,5,5,10,11,12,6,6,7,13,8,9,1,4,5,5,10,10,14,15,16,8,11,11,11,11,12,12,12,12,11,12,12,12,11,11,11,11,11,12,12,12,12,11,17,11,11,6,7,11,11,11,11,11,12,11,13,13,11,11,11,11,11,11,11,8,9,9,9,18,11,11,11,11,19,20,21,11,11,11,9,11,11,11,11,11,11,11,11,11,11,10,10,11,11,11,11,14,15,15,15,14,15,14,14,16,16,16,16,16,16,16,16","0.0286200046539307","infomap","edit-xhwikibooks.graphml"
"0.38","0.36","0.26","0.365530903091206","1,1,2,2,2,1,2,1,3,4,5,2,6,3,7,8,4,5,5,9,10,11,6,6,7,12,3,8,11,4,5,5,9,9,13,14,15,14,10,10,10,10,11,11,11,11,10,11,11,11,10,10,10,10,10,11,11,11,11,10,16,10,10,6,7,10,10,10,10,10,11,10,12,12,10,10,10,10,10,10,10,3,8,8,8,17,10,10,10,10,18,19,20,10,10,10,8,10,10,10,10,10,10,10,10,10,10,9,9,10,10,10,10,14,14,13,13,14,13,14,13,15,15,15,15,15,15,15,15","0.00515294075012207","infomap","edit-xhwikibooks.graphml"
"0.37","0.37","0.26","0.358461959218321","1,1,2,2,2,3,2,4,3,5,2,6,7,8,3,9,5,2,2,6,4,10,7,7,8,11,8,9,1,5,2,2,6,6,12,13,14,3,4,4,4,4,10,10,10,10,4,10,10,10,4,4,4,4,4,10,10,10,10,4,15,4,4,7,8,4,4,4,4,4,10,4,11,11,4,4,4,4,4,4,4,8,9,9,9,16,4,4,4,4,17,18,19,4,4,4,9,4,4,4,4,4,4,4,4,4,4,6,6,4,4,4,4,12,13,12,12,13,12,12,13,14,14,14,14,14,14,14,14","0.00708985328674316","infomap","edit-xhwikibooks.graphml"
"0.36","0.38","0.26","0.369196330734792","1,1,2,2,2,3,2,3,4,5,6,2,7,8,4,9,5,6,6,10,11,12,7,7,8,13,8,9,1,5,6,6,10,10,14,15,16,4,11,11,11,11,12,12,12,12,11,12,12,12,11,11,11,11,11,12,12,12,12,11,17,11,11,7,8,11,11,11,11,11,12,11,13,13,11,11,11,11,11,11,11,8,9,9,9,18,11,11,11,11,19,20,21,11,11,11,9,11,11,11,11,11,11,11,11,11,11,10,10,11,11,11,11,14,15,14,14,14,14,15,14,16,16,16,16,16,16,16,16","0.00838017463684082","infomap","edit-xhwikibooks.graphml"
"0.35","0.39","0.26","0.369288370017847","1,1,2,2,2,3,2,3,3,4,5,2,6,7,8,9,4,5,5,10,11,12,6,6,7,13,7,9,1,4,5,5,10,10,14,15,16,8,11,11,11,11,12,12,12,12,11,12,12,12,11,11,11,11,11,12,12,12,12,11,17,11,11,6,7,11,11,11,11,11,12,11,13,13,11,11,11,11,11,11,11,7,9,9,9,18,11,11,11,11,19,20,21,11,11,11,9,11,11,11,11,11,11,11,11,11,11,10,10,11,11,11,11,14,14,15,15,14,14,14,14,16,16,16,16,16,16,16,16","0.00719213485717773","infomap","edit-xhwikibooks.graphml"
"0.34","0.4","0.26","0.367226266703478","1,1,2,2,2,3,2,3,3,4,5,2,6,7,8,9,4,5,5,10,11,1,6,6,12,13,7,9,1,4,5,5,10,10,8,14,15,15,11,11,11,11,1,1,1,1,11,1,1,1,11,11,11,11,11,1,1,1,1,11,16,11,11,6,12,11,11,11,11,11,1,11,13,13,11,11,11,11,11,11,11,7,9,9,9,17,11,11,11,11,18,19,20,11,11,11,9,11,11,11,11,11,11,11,11,11,11,10,10,11,11,11,11,8,14,14,8,14,14,8,8,15,15,15,15,15,15,15,15","0.0095980167388916","infomap","edit-xhwikibooks.graphml"
"0.33","0.41","0.26","0.373662577565703","1,1,2,2,2,1,2,1,3,4,5,2,6,7,3,8,4,5,5,9,10,11,6,6,3,12,7,8,1,4,5,5,9,9,13,14,15,3,10,10,10,10,11,11,11,11,10,11,11,11,10,10,10,10,10,11,11,11,11,10,16,10,10,6,3,10,10,10,10,10,11,10,12,12,10,10,10,10,10,10,10,7,8,8,8,17,10,10,10,10,18,19,20,10,10,10,8,10,10,10,10,10,10,10,10,10,10,9,9,10,10,10,10,13,14,14,13,14,14,13,13,15,15,15,15,15,15,15,15","0.0082390308380127","infomap","edit-xhwikibooks.graphml"
"0.32","0.42","0.26","0.367556437930059","1,1,2,2,2,3,2,3,3,4,5,2,6,7,3,8,4,5,5,9,10,11,6,6,7,12,13,8,1,4,5,5,9,9,14,15,16,16,10,10,10,10,11,11,11,11,10,11,11,11,10,10,10,10,10,11,11,11,11,10,17,10,10,6,7,10,10,10,10,10,11,10,12,12,10,10,10,10,10,10,10,13,8,8,8,18,10,10,10,10,19,20,21,10,10,10,8,10,10,10,10,10,10,10,10,10,10,9,9,10,10,10,10,14,14,15,15,15,14,14,15,16,16,16,16,16,16,16,16","0.00615215301513672","infomap","edit-xhwikibooks.graphml"
"0.31","0.43","0.26","0.357074702906155","1,1,2,2,2,3,2,3,4,5,6,2,7,8,4,9,5,6,6,10,1,11,7,7,4,12,8,9,1,5,6,6,10,10,13,14,15,4,1,1,1,1,11,11,11,11,1,11,11,11,1,1,1,1,1,11,11,11,11,1,16,1,1,7,4,1,1,1,1,1,11,1,12,12,1,1,1,1,1,1,1,8,9,9,9,17,1,1,1,1,18,19,20,1,1,1,9,1,1,1,1,1,1,1,1,1,1,10,10,1,1,1,1,13,14,14,14,14,14,14,13,15,15,15,15,15,15,15,15","0.00801801681518555","infomap","edit-xhwikibooks.graphml"
"0.3","0.44","0.26","0.36982055154848","1,1,2,2,2,3,2,3,3,4,5,2,6,7,3,8,4,5,5,9,10,11,6,6,12,13,7,8,1,4,5,5,9,9,14,15,16,3,10,10,10,10,11,11,11,11,10,11,11,11,10,10,10,10,10,11,11,11,11,10,17,10,10,6,12,10,10,10,10,10,11,10,13,13,10,10,10,10,10,10,10,7,8,8,8,18,10,10,10,10,19,20,21,10,10,10,8,10,10,10,10,10,10,10,10,10,10,9,9,10,10,10,10,14,15,15,15,15,15,14,15,16,16,16,16,16,16,16,16","0.00699281692504883","infomap","edit-xhwikibooks.graphml"
"0.29","0.45","0.26","0.378307609703146","1,1,2,2,2,1,2,1,3,4,5,2,6,3,7,8,4,5,5,9,10,11,6,6,3,12,3,8,1,4,5,5,9,9,13,7,14,7,10,10,10,10,11,11,11,11,10,11,11,11,10,10,10,10,10,11,11,11,11,10,15,10,10,6,3,10,10,10,10,10,11,10,12,12,10,10,10,10,10,10,10,3,8,8,8,16,10,10,10,10,17,18,19,10,10,10,8,10,10,10,10,10,10,10,10,10,10,9,9,10,10,10,10,7,7,7,13,13,13,13,7,14,14,14,14,14,14,14,14","0.00883984565734863","infomap","edit-xhwikibooks.graphml"
"0.28","0.46","0.26","0.375919581942227","1,1,2,2,2,3,2,3,4,5,2,6,7,4,8,9,5,2,2,6,10,11,7,7,8,12,4,9,1,5,2,2,6,6,13,14,15,8,10,10,10,10,11,11,11,11,10,11,11,11,10,10,10,10,10,11,11,11,11,10,16,10,10,7,8,10,10,10,10,10,11,10,12,12,10,10,10,10,10,10,10,4,9,9,9,17,10,10,10,10,18,19,20,10,10,10,9,10,10,10,10,10,10,10,10,10,10,6,6,10,10,10,10,13,14,13,13,14,14,14,13,15,15,15,15,15,15,15,15","0.00610113143920898","infomap","edit-xhwikibooks.graphml"
"0.27","0.47","0.26","0.373806224214805","1,1,2,2,2,3,2,3,3,4,5,2,6,7,8,9,4,5,5,10,11,12,6,6,7,13,7,9,1,4,5,5,10,10,14,15,16,8,11,11,11,11,12,12,12,12,11,12,12,12,11,11,11,11,11,12,12,12,12,11,17,11,11,6,7,11,11,11,11,11,12,11,13,13,11,11,11,11,11,11,11,7,9,9,9,18,11,11,11,11,19,20,21,11,11,11,9,11,11,11,11,11,11,11,11,11,11,10,10,11,11,11,11,14,15,15,14,15,15,15,14,16,16,16,16,16,16,16,16","0.00699400901794434","infomap","edit-xhwikibooks.graphml"
"0.26","0.48","0.26","0.374733566896146","1,1,2,2,2,3,2,3,3,4,5,2,6,7,8,9,4,5,5,10,11,12,6,6,7,13,8,9,1,4,5,5,10,10,14,15,16,8,11,11,11,11,12,12,12,12,11,12,12,12,11,11,11,11,11,12,12,12,12,11,17,11,11,6,7,11,11,11,11,11,12,11,13,13,11,11,11,11,11,11,11,8,9,9,9,18,11,11,11,11,19,20,21,11,11,11,9,11,11,11,11,11,11,11,11,11,11,10,10,11,11,11,11,15,15,15,14,15,15,14,15,16,16,16,16,16,16,16,16","0.00834488868713379","infomap","edit-xhwikibooks.graphml"
"0.25","0.49","0.26","0.382116915911612","1,1,2,2,2,3,2,3,4,5,6,2,7,4,8,9,5,6,6,10,11,1,7,7,8,12,4,9,1,5,6,6,10,10,13,8,14,14,11,11,11,11,1,1,1,1,11,1,1,1,11,11,11,11,11,1,1,1,1,11,15,11,11,7,8,11,11,11,11,11,1,11,12,12,11,11,11,11,11,11,11,4,9,9,9,16,11,11,11,11,17,18,19,11,11,11,9,11,11,11,11,11,11,11,11,11,11,10,10,11,11,11,11,13,13,13,13,8,8,13,13,14,14,14,14,14,14,14,14","0.00716590881347656","infomap","edit-xhwikibooks.graphml"
"0.24","0.5","0.26","0.414675561576796","1,1,2,2,2,3,2,4,3,5,6,2,7,4,3,8,5,6,6,9,10,11,7,7,4,12,3,8,1,5,6,6,9,9,13,14,15,3,10,10,10,10,11,11,11,11,10,11,11,11,10,10,10,10,10,11,11,11,11,10,16,10,10,7,4,10,10,10,10,10,11,10,12,12,10,10,10,10,10,10,10,3,8,8,8,17,10,10,10,10,18,19,20,10,10,10,8,10,10,10,10,10,10,10,10,10,10,9,9,10,10,10,10,14,13,13,13,13,14,14,14,15,15,15,15,15,15,15,15","0.00499916076660156","infomap","edit-xhwikibooks.graphml"
"0.23","0.51","0.26","0.419683174083931","1,1,2,2,3,2,3,2,4,5,6,3,7,2,4,8,5,6,6,3,9,10,7,7,11,11,11,8,1,5,6,6,3,3,12,13,14,4,9,9,9,9,10,10,10,10,9,10,10,10,9,9,9,9,9,10,10,10,10,9,15,9,9,7,11,9,9,9,9,9,10,9,11,11,9,9,9,9,9,9,9,11,8,8,8,16,9,9,9,9,17,18,19,9,9,9,8,9,9,9,9,9,9,9,9,9,9,3,3,9,9,9,9,12,12,13,13,12,12,12,12,14,14,14,14,14,14,14,14","0.00597500801086426","infomap","edit-xhwikibooks.graphml"
"0.22","0.52","0.26","0.409101724158106","1,1,2,2,2,3,2,3,4,5,2,6,7,8,4,9,5,2,2,6,10,11,7,7,8,12,13,9,1,5,2,2,6,6,14,15,13,13,10,10,10,10,11,11,11,11,10,11,11,11,10,10,10,10,10,11,11,11,11,10,16,10,10,7,8,10,10,10,10,10,11,10,12,12,10,10,10,10,10,10,10,13,9,9,9,17,10,10,10,10,18,19,20,10,10,10,9,10,10,10,10,10,10,10,10,10,10,6,6,10,10,10,10,14,14,14,15,15,15,14,14,13,13,13,13,13,13,13,13","0.00598001480102539","infomap","edit-xhwikibooks.graphml"
"0.21","0.53","0.26","0.404436943872242","1,1,2,2,2,3,2,3,3,3,2,4,5,6,7,8,9,2,2,4,10,11,5,5,6,12,7,8,1,13,14,2,4,4,15,16,17,7,10,10,10,10,11,11,11,11,10,11,11,11,10,10,10,10,10,11,11,11,11,10,18,10,10,19,20,10,10,10,10,10,11,10,12,12,10,10,10,10,10,10,10,21,8,8,8,22,10,10,10,10,23,24,25,10,10,10,26,10,10,10,10,10,10,10,10,10,10,27,28,10,10,10,10,15,16,16,15,16,16,15,15,17,17,17,17,17,17,17,17","0.00774312019348145","infomap","edit-xhwikibooks.graphml"
"0.2","0.54","0.26","0.41288745049069","1,1,1,2,3,2,3,4,2,2,5,3,6,4,7,8,9,5,5,3,10,11,6,6,7,12,4,8,1,13,14,5,3,3,15,16,17,7,10,10,10,10,11,11,11,11,10,11,11,11,10,10,10,10,10,11,11,11,11,10,18,10,10,19,20,10,10,10,10,10,11,10,12,12,10,10,10,10,10,10,10,21,8,8,8,22,10,10,10,10,23,24,25,10,10,10,26,10,10,10,10,10,10,10,10,10,10,27,28,10,10,10,10,15,15,15,16,15,15,15,15,17,17,17,17,17,17,17,17","0.00789594650268555","infomap","edit-xhwikibooks.graphml"
"0.19","0.55","0.26","0.40640105135367","1,1,2,2,2,3,2,3,3,3,2,4,5,6,7,8,9,2,2,4,10,11,5,5,7,12,6,8,1,13,14,2,4,4,15,16,17,7,10,10,10,10,11,11,11,11,10,11,11,11,10,10,10,10,10,11,11,11,11,10,18,10,10,19,20,10,10,10,10,10,11,10,12,12,10,10,10,10,10,10,10,21,8,8,8,22,10,10,10,10,23,24,25,10,10,10,26,10,10,10,10,10,10,10,10,10,10,27,28,10,10,10,10,15,16,16,15,16,16,15,15,17,17,17,17,17,17,17,17","0.00662803649902344","infomap","edit-xhwikibooks.graphml"
"0.18","0.56","0.26","0.418019127995392","1,2,1,3,4,3,4,2,3,3,5,4,6,7,8,9,10,5,5,4,11,12,6,7,8,13,8,9,2,14,15,5,4,4,16,8,17,8,11,11,11,11,12,12,12,12,11,12,12,12,11,11,11,11,11,12,12,12,12,11,18,11,11,19,20,11,11,11,11,11,12,11,13,13,11,11,11,11,11,11,11,21,9,9,9,22,11,11,11,11,23,24,25,11,11,11,26,11,11,11,11,11,11,11,11,11,11,27,28,11,11,11,11,16,8,16,16,8,16,16,16,17,17,17,17,17,17,17,17","0.00686216354370117","infomap","edit-xhwikibooks.graphml"
"0.17","0.57","0.26","0.40334888306854","1,2,1,3,4,3,4,2,3,3,5,4,6,7,7,8,9,5,5,4,10,11,6,6,7,12,13,8,2,14,15,5,4,4,16,17,13,13,10,10,10,10,11,11,11,11,10,11,11,11,10,10,10,10,10,11,11,11,11,10,18,10,10,19,20,10,10,10,10,10,11,10,12,12,10,10,10,10,10,10,10,21,8,8,8,22,10,10,10,10,23,24,25,10,10,10,26,10,10,10,10,10,10,10,10,10,10,27,28,10,10,10,10,17,17,17,16,17,16,17,17,13,13,13,13,13,13,13,13","0.00665187835693359","infomap","edit-xhwikibooks.graphml"
"0.16","0.58","0.26","0.414552523260498","1,2,1,3,4,3,4,2,3,3,5,4,6,2,7,8,9,5,5,4,10,11,6,6,7,12,7,8,2,13,14,5,4,4,15,16,17,7,10,10,10,10,11,11,11,11,10,11,11,11,10,10,10,10,10,11,11,11,11,10,18,10,10,19,20,10,10,10,10,10,11,10,12,12,10,10,10,10,10,10,10,21,8,8,8,22,10,10,10,10,23,24,25,10,10,10,26,10,10,10,10,10,10,10,10,10,10,27,28,10,10,10,10,16,15,15,15,15,15,16,15,17,17,17,17,17,17,17,17","0.00552105903625488","infomap","edit-xhwikibooks.graphml"
"0.15","0.59","0.26","0.409987265306123","1,2,1,3,4,3,4,5,3,3,6,4,7,5,8,9,10,6,6,4,11,2,7,7,8,12,5,9,2,13,14,6,4,4,15,16,17,8,11,11,11,11,2,2,2,2,11,2,2,2,11,11,11,11,11,2,2,2,2,11,18,11,11,19,20,11,11,11,11,11,2,11,12,12,11,11,11,11,11,11,11,21,9,9,9,22,11,11,11,11,23,24,25,11,11,11,26,11,11,11,11,11,11,11,11,11,11,27,28,11,11,11,11,16,16,16,16,16,15,15,15,17,17,17,17,17,17,17,17","0.00453495979309082","infomap","edit-xhwikibooks.graphml"
"0.14","0.6","0.26","0.421113363297964","1,2,1,3,4,3,4,2,3,3,5,4,6,7,8,9,10,5,5,4,11,12,6,7,8,13,8,9,2,14,15,5,4,4,16,17,18,8,11,11,11,11,12,12,12,12,11,12,12,12,11,11,11,11,11,12,12,12,12,11,19,11,11,20,21,11,11,11,11,11,12,11,13,13,11,11,11,11,11,11,11,22,9,9,9,23,11,11,11,11,24,25,26,11,11,11,27,11,11,11,11,11,11,11,11,11,11,28,29,11,11,11,11,17,16,16,16,16,16,16,16,18,18,18,18,18,18,18,18","0.00953006744384766","infomap","edit-xhwikibooks.graphml"
"0.13","0.61","0.26","0.408957387755102","1,2,1,3,4,3,4,2,3,3,4,5,6,7,8,9,10,4,4,5,11,12,6,6,7,13,8,9,2,14,15,4,5,5,16,17,18,17,11,11,11,11,12,12,12,12,11,12,12,12,11,11,11,11,11,12,12,12,12,11,19,11,11,20,21,11,11,11,11,11,12,11,13,13,11,11,11,11,11,11,11,22,9,9,9,23,11,11,11,11,24,25,26,11,11,11,27,11,11,11,11,11,11,11,11,11,11,28,29,11,11,11,11,16,17,17,17,16,16,16,17,18,18,18,18,18,18,18,18","0.00663185119628906","infomap","edit-xhwikibooks.graphml"
"0.12","0.62","0.26","0.427178462709285","1,2,1,3,4,3,4,5,3,3,4,6,7,5,5,8,9,4,4,6,10,2,7,7,5,11,5,8,2,12,13,4,6,6,14,15,16,5,10,10,10,10,2,2,2,2,10,2,2,2,10,10,10,10,10,2,2,2,2,10,17,10,10,18,19,10,10,10,10,10,2,10,11,11,10,10,10,10,10,10,10,20,8,8,8,21,10,10,10,10,22,23,24,10,10,10,25,10,10,10,10,10,10,10,10,10,10,26,27,10,10,10,10,14,14,14,15,14,14,14,14,16,16,16,16,16,16,16,16","0.00752806663513184","infomap","edit-xhwikibooks.graphml"
"0.11","0.63","0.26","0.415809961657927","1,2,1,3,4,3,4,5,3,3,4,6,7,5,8,9,10,4,4,6,11,2,7,7,8,12,8,9,2,13,14,4,6,6,15,16,17,8,11,11,11,11,2,2,2,2,11,2,2,2,11,11,11,11,11,2,2,2,2,11,18,11,11,19,20,11,11,11,11,11,2,11,12,12,11,11,11,11,11,11,11,21,9,9,9,22,11,11,11,11,23,24,25,11,11,11,26,11,11,11,11,11,11,11,11,11,11,27,28,11,11,11,11,16,15,16,15,15,16,15,15,17,17,17,17,17,17,17,17","0.00659704208374023","infomap","edit-xhwikibooks.graphml"
"0.1","0.64","0.26","0.413017192174525","1,2,1,3,4,3,4,2,3,3,4,5,6,7,8,9,10,4,4,5,11,12,6,6,8,13,7,9,2,14,15,4,5,5,16,17,18,8,11,11,11,11,12,12,12,12,11,12,12,12,11,11,11,11,11,12,12,12,12,11,19,11,11,20,21,11,11,11,11,11,12,11,13,13,11,11,11,11,11,11,11,22,9,9,9,23,11,11,11,11,24,25,26,11,11,11,27,11,11,11,11,11,11,11,11,11,11,28,29,11,11,11,11,16,16,16,17,16,17,16,16,18,18,18,18,18,18,18,18","0.00687813758850098","infomap","edit-xhwikibooks.graphml"
"0.09","0.65","0.26","0.388385942758169","1,1,1,2,3,2,3,4,2,2,3,5,6,7,4,8,9,3,3,5,1,10,6,6,4,11,7,8,1,12,13,3,5,5,14,15,16,4,1,1,1,1,10,10,10,10,1,10,10,10,1,1,1,1,1,10,10,10,10,1,17,1,1,18,19,1,1,1,1,1,10,1,11,11,1,1,1,1,1,1,1,20,8,8,8,21,1,1,1,1,22,23,24,1,1,1,25,1,1,1,1,1,1,1,1,1,1,26,27,1,1,1,1,15,14,14,15,15,14,15,15,16,16,16,16,16,16,16,16","0.0052947998046875","infomap","edit-xhwikibooks.graphml"
"0.08","0.66","0.26","0.40781805887106","1,2,1,3,4,3,4,2,3,3,4,5,6,7,8,9,10,4,4,5,11,12,6,6,7,13,8,9,2,14,15,4,5,5,16,8,17,8,11,11,11,11,12,12,12,12,11,12,12,12,11,11,11,11,11,12,12,12,12,11,18,11,11,19,20,11,11,11,11,11,12,11,13,13,11,11,11,11,11,11,11,21,9,9,9,22,11,11,11,11,23,24,25,11,11,11,26,11,11,11,11,11,11,11,11,11,11,27,28,11,11,11,11,8,8,16,16,16,16,8,8,17,17,17,17,17,17,17,17","0.00513100624084473","infomap","edit-xhwikibooks.graphml"
"0.07","0.67","0.26","0.422851199241779","1,2,1,3,4,3,4,2,3,3,4,5,6,7,8,9,10,4,4,5,11,12,6,6,7,13,8,9,2,14,15,4,5,5,16,17,18,7,11,11,11,11,12,12,12,12,11,12,12,12,11,11,11,11,11,12,12,12,12,11,19,11,11,20,21,11,11,11,11,11,12,11,13,13,11,11,11,11,11,11,11,22,9,9,9,23,11,11,11,11,24,25,26,11,11,11,27,11,11,11,11,11,11,11,11,11,11,28,29,11,11,11,11,16,16,17,16,17,16,16,16,18,18,18,18,18,18,18,18","0.00461316108703613","infomap","edit-xhwikibooks.graphml"
"0.06","0.68","0.26","0.435312409235206","1,2,1,3,4,3,4,5,3,3,4,6,7,5,5,8,9,4,4,6,10,2,7,7,5,11,5,8,2,12,13,4,6,6,14,5,15,5,10,10,10,10,2,2,2,2,10,2,2,2,10,10,10,10,10,2,2,2,2,10,16,10,10,17,18,10,10,10,10,10,2,10,11,11,10,10,10,10,10,10,10,19,8,8,8,20,10,10,10,10,21,22,23,10,10,10,24,10,10,10,10,10,10,10,10,10,10,25,26,10,10,10,10,14,14,5,14,14,14,14,5,15,15,15,15,15,15,15,15","0.00559115409851074","infomap","edit-xhwikibooks.graphml"
"0.05","0.69","0.26","0.424636074883479","1,2,1,3,4,3,4,2,3,3,4,5,6,7,8,9,10,4,4,5,11,12,6,6,7,13,8,9,2,14,15,4,5,5,16,17,18,8,11,11,11,11,12,12,12,12,11,12,12,12,11,11,11,11,11,12,12,12,12,11,19,11,11,20,21,11,11,11,11,11,12,11,13,13,11,11,11,11,11,11,11,22,9,9,9,23,11,11,11,11,24,25,26,11,11,11,27,11,11,11,11,11,11,11,11,11,11,28,29,11,11,11,11,17,16,16,16,16,16,16,16,18,18,18,18,18,18,18,18","0.00573205947875977","infomap","edit-xhwikibooks.graphml"
"0.04","0.7","0.26","0.428259551781511","1,1,1,2,3,2,3,1,2,2,3,4,5,6,7,8,9,3,3,4,10,1,5,5,7,11,6,8,1,12,13,3,4,4,14,15,16,7,10,10,10,10,1,1,1,1,10,1,1,1,10,10,10,10,10,1,1,1,1,10,17,10,10,18,19,10,10,10,10,10,1,10,11,11,10,10,10,10,10,10,10,20,8,8,8,21,10,10,10,10,22,23,24,10,10,10,25,10,10,10,10,10,10,10,10,10,10,26,27,10,10,10,10,14,14,14,14,14,14,14,15,16,16,16,16,16,16,16,16","0.00676608085632324","infomap","edit-xhwikibooks.graphml"
"0.03","0.71","0.26","0.419979350162782","1,1,1,2,3,2,3,4,2,2,3,5,6,4,7,8,9,3,3,5,10,11,6,6,4,12,7,8,1,13,14,3,5,5,15,16,17,16,10,10,10,10,11,11,11,11,10,11,11,11,10,10,10,10,10,11,11,11,11,10,18,10,10,19,20,10,10,10,10,10,11,10,12,12,10,10,10,10,10,10,10,21,8,8,8,22,10,10,10,10,23,24,25,10,10,10,26,10,10,10,10,10,10,10,10,10,10,27,28,10,10,10,10,16,16,16,15,16,16,15,15,17,17,17,17,17,17,17,17","0.00554203987121582","infomap","edit-xhwikibooks.graphml"
"0.02","0.72","0.26","0.433464839188745","1,1,1,2,3,2,3,4,2,2,3,5,6,4,7,8,9,3,3,5,10,11,6,6,7,7,7,8,11,12,13,3,5,5,14,15,16,7,10,10,10,10,11,11,11,11,10,11,11,11,10,10,10,10,10,11,11,11,11,10,17,10,10,18,19,10,10,10,10,10,11,10,7,7,10,10,10,10,10,10,10,20,8,8,8,21,10,10,10,10,22,23,24,10,10,10,25,10,10,10,10,10,10,10,10,10,10,26,27,10,10,10,10,15,14,15,14,14,14,14,14,16,16,16,16,16,16,16,16","0.0058128833770752","infomap","edit-xhwikibooks.graphml"
"0.01","0.73","0.26","0.424952618190593","1,1,1,2,3,2,3,4,2,2,3,5,6,7,4,8,9,3,3,5,10,11,6,6,4,12,7,8,1,13,14,3,5,5,15,16,17,4,10,10,10,10,11,11,11,11,10,11,11,11,10,10,10,10,10,11,11,11,11,10,18,10,10,19,20,10,10,10,10,10,11,10,12,12,10,10,10,10,10,10,10,21,8,8,8,22,10,10,10,10,23,24,25,10,10,10,26,10,10,10,10,10,10,10,10,10,10,27,28,10,10,10,10,16,15,15,16,15,15,15,15,17,17,17,17,17,17,17,17","0.0057528018951416","infomap","edit-xhwikibooks.graphml"
"0","0.74","0.26","0.425092891496051","1,2,1,3,4,3,4,2,3,3,4,5,6,2,7,8,9,4,4,5,10,11,6,6,7,12,7,8,2,13,14,4,5,5,15,16,17,16,10,10,10,10,11,11,11,11,10,11,11,11,10,10,10,10,10,11,11,11,11,10,18,10,10,19,20,10,10,10,10,10,11,10,12,12,10,10,10,10,10,10,10,21,8,8,8,22,10,10,10,10,23,24,25,10,10,10,26,10,10,10,10,10,10,10,10,10,10,27,28,10,10,10,10,15,15,15,16,16,15,15,15,17,17,17,17,17,17,17,17","0.00562596321105957","infomap","edit-xhwikibooks.graphml"
"0.73","0","0.27","0.354384942555249","1,1,2,2,2,3,2,1,1,4,5,2,6,7,8,3,4,9,5,2,10,11,6,12,7,13,8,14,15,4,9,16,17,2,18,19,20,8,10,10,10,10,11,11,11,11,10,11,11,11,10,10,10,10,10,11,11,11,11,10,6,10,10,12,7,10,10,10,10,10,11,10,13,13,10,10,10,10,10,10,10,8,14,14,14,15,10,10,10,10,4,9,16,10,10,10,3,10,10,10,10,10,10,10,10,10,10,17,17,10,10,10,10,19,18,18,19,19,19,19,19,20,20,20,20,20,20,20,20","0.00777196884155273","infomap","edit-xhwikibooks.graphml"
"0.72","0.01","0.27","0.345506872191669","1,2,1,3,4,5,4,3,3,6,7,4,8,3,9,5,6,10,7,4,2,11,8,12,9,13,9,14,15,6,10,16,17,4,18,19,20,19,2,2,2,2,11,11,11,11,2,11,11,11,2,2,2,2,2,11,11,11,11,2,8,2,2,12,9,2,2,2,2,2,11,2,13,13,2,2,2,2,2,2,2,9,14,14,14,15,2,2,2,2,6,10,16,2,2,2,5,2,2,2,2,2,2,2,2,2,2,17,17,2,2,2,2,18,19,18,18,18,18,19,19,20,20,20,20,20,20,20,20","0.00512003898620605","infomap","edit-xhwikibooks.graphml"
"0.71","0.02","0.27","0.353031277948419","1,1,2,2,2,3,2,1,3,4,5,2,6,7,8,3,4,9,5,2,10,11,6,12,8,13,7,14,15,4,9,16,17,2,18,5,19,8,10,10,10,10,11,11,11,11,10,11,11,11,10,10,10,10,10,11,11,11,11,10,6,10,10,12,8,10,10,10,10,10,11,10,13,13,10,10,10,10,10,10,10,7,14,14,14,15,10,10,10,10,4,9,16,10,10,10,3,10,10,10,10,10,10,10,10,10,10,17,17,10,10,10,10,18,5,5,5,18,5,18,5,19,19,19,19,19,19,19,19","0.0086369514465332","infomap","edit-xhwikibooks.graphml"
"0.7","0.03","0.27","0.355591324336109","1,2,1,1,3,1,3,2,4,5,6,3,7,8,4,1,5,9,6,3,10,11,7,12,8,13,8,14,15,5,9,16,17,3,18,19,20,4,10,10,10,10,11,11,11,11,10,11,11,11,10,10,10,10,10,11,11,11,11,10,7,10,10,12,8,10,10,10,10,10,11,10,13,13,10,10,10,10,10,10,10,8,14,14,14,15,10,10,10,10,5,9,16,10,10,10,1,10,10,10,10,10,10,10,10,10,10,17,17,10,10,10,10,19,18,19,18,18,19,18,19,20,20,20,20,20,20,20,20","0.00749588012695312","infomap","edit-xhwikibooks.graphml"
"0.69","0.04","0.27","0.358645652209021","1,2,1,3,4,3,4,5,5,6,7,4,8,5,9,3,6,10,7,4,11,2,8,12,9,13,9,14,15,6,10,16,17,4,18,19,20,9,11,11,11,11,2,2,2,2,11,2,2,2,11,11,11,11,11,2,2,2,2,11,8,11,11,12,9,11,11,11,11,11,2,11,13,13,11,11,11,11,11,11,11,9,14,14,14,15,11,11,11,11,6,10,16,11,11,11,3,11,11,11,11,11,11,11,11,11,11,17,17,11,11,11,11,18,18,19,19,19,19,18,18,20,20,20,20,20,20,20,20","0.00739598274230957","infomap","edit-xhwikibooks.graphml"
"0.68","0.05","0.27","0.335867228630623","1,2,1,1,3,4,3,2,4,5,6,3,7,8,9,4,5,10,6,3,11,12,7,13,8,14,8,15,16,5,10,17,18,3,19,20,21,9,11,11,11,11,12,12,12,12,11,12,12,12,11,11,11,11,11,12,12,12,12,11,7,11,11,13,8,11,11,11,11,11,12,11,14,14,11,11,11,11,11,11,11,8,15,15,15,16,11,11,11,11,5,10,17,11,11,11,4,11,11,11,11,11,11,11,11,11,11,18,18,11,11,11,11,20,20,19,20,19,20,20,19,9,9,21,9,21,21,9,9","0.00527501106262207","infomap","edit-xhwikibooks.graphml"
"0.67","0.06","0.27","0.357626995753046","1,1,2,2,2,3,2,4,3,5,6,2,7,4,8,3,5,9,6,2,10,11,7,12,4,13,8,14,15,5,9,16,17,2,18,19,20,8,10,10,10,10,11,11,11,11,10,11,11,11,10,10,10,10,10,11,11,11,11,10,7,10,10,12,4,10,10,10,10,10,11,10,13,13,10,10,10,10,10,10,10,8,14,14,14,15,10,10,10,10,5,9,16,10,10,10,3,10,10,10,10,10,10,10,10,10,10,17,17,10,10,10,10,18,18,18,19,18,19,19,19,20,20,20,20,20,20,20,20","0.00514101982116699","infomap","edit-xhwikibooks.graphml"
"0.66","0.07","0.27","0.35612247085048","1,2,1,3,4,3,4,2,5,6,7,4,8,9,5,3,6,10,7,4,11,12,8,13,5,14,9,15,16,6,10,17,18,4,19,20,21,5,11,11,11,11,12,12,12,12,11,12,12,12,11,11,11,11,11,12,12,12,12,11,8,11,11,13,5,11,11,11,11,11,12,11,14,14,11,11,11,11,11,11,11,9,15,15,15,16,11,11,11,11,6,10,17,11,11,11,3,11,11,11,11,11,11,11,11,11,11,18,18,11,11,11,11,19,19,19,20,20,19,19,19,21,21,21,21,21,21,21,21","0.00499987602233887","infomap","edit-xhwikibooks.graphml"
"0.65","0.08","0.27","0.352661298406228","1,1,2,2,2,3,2,1,4,5,6,2,7,8,4,3,5,9,6,2,10,11,7,12,8,13,8,14,15,5,9,16,17,2,18,19,20,4,10,10,10,10,11,11,11,11,10,11,11,11,10,10,10,10,10,11,11,11,11,10,7,10,10,12,8,10,10,10,10,10,11,10,13,13,10,10,10,10,10,10,10,8,14,14,14,15,10,10,10,10,5,9,16,10,10,10,3,10,10,10,10,10,10,10,10,10,10,17,17,10,10,10,10,19,19,19,18,18,18,19,19,20,20,20,20,20,20,20,20","0.00949788093566895","infomap","edit-xhwikibooks.graphml"
"0.64","0.09","0.27","0.361626222358879","1,2,1,1,3,4,3,5,4,6,3,7,8,5,9,4,6,3,10,7,11,2,8,12,5,13,9,14,15,6,3,16,7,7,10,17,18,9,11,11,11,11,2,2,2,2,11,2,2,2,11,11,11,11,11,2,2,2,2,11,8,11,11,12,5,11,11,11,11,11,2,11,13,13,11,11,11,11,11,11,11,9,14,14,14,15,11,11,11,11,6,3,16,11,11,11,4,11,11,11,11,11,11,11,11,11,11,7,7,11,11,11,11,17,17,10,10,10,10,17,17,18,18,18,18,18,18,18,18","0.00882911682128906","infomap","edit-xhwikibooks.graphml"
"0.63","0.1","0.27","0.352132674695107","1,2,1,3,4,3,4,3,5,6,4,7,8,9,10,3,6,4,5,7,11,2,8,12,9,13,10,14,15,6,4,16,7,7,17,5,18,5,11,11,11,11,2,2,2,2,11,2,2,2,11,11,11,11,11,2,2,2,2,11,8,11,11,12,9,11,11,11,11,11,2,11,13,13,11,11,11,11,11,11,11,10,14,14,14,15,11,11,11,11,6,4,16,11,11,11,3,11,11,11,11,11,11,11,11,11,11,7,7,11,11,11,11,5,5,5,5,17,17,5,17,18,18,18,18,18,18,18,18","0.00613212585449219","infomap","edit-xhwikibooks.graphml"
"0.62","0.11","0.27","0.356882019461591","1,1,2,2,3,2,3,4,2,5,3,6,7,4,8,2,5,3,9,6,10,11,7,12,8,13,8,14,15,5,3,16,6,6,17,9,18,8,10,10,10,10,11,11,11,11,10,11,11,11,10,10,10,10,10,11,11,11,11,10,7,10,10,12,8,10,10,10,10,10,11,10,13,13,10,10,10,10,10,10,10,8,14,14,14,15,10,10,10,10,5,3,16,10,10,10,2,10,10,10,10,10,10,10,10,10,10,6,6,10,10,10,10,17,17,9,17,17,17,17,9,18,18,18,18,18,18,18,18","0.00771903991699219","infomap","edit-xhwikibooks.graphml"
"0.61","0.12","0.27","0.366114812068975","1,2,1,1,3,4,3,5,4,6,3,7,8,5,9,4,6,3,10,7,11,2,8,12,9,13,5,14,15,6,3,16,7,7,10,17,18,9,11,11,11,11,2,2,2,2,11,2,2,2,11,11,11,11,11,2,2,2,2,11,8,11,11,12,9,11,11,11,11,11,2,11,13,13,11,11,11,11,11,11,11,5,14,14,14,15,11,11,11,11,6,3,16,11,11,11,4,11,11,11,11,11,11,11,11,11,11,7,7,11,11,11,11,17,10,10,10,10,10,17,17,18,18,18,18,18,18,18,18","0.0086669921875","infomap","edit-xhwikibooks.graphml"
"0.6","0.13","0.27","0.361488594352185","1,1,1,1,2,3,2,4,3,5,2,6,7,4,8,3,5,2,9,6,10,11,7,12,8,13,8,14,15,5,2,16,6,6,9,17,18,8,10,10,10,10,11,11,11,11,10,11,11,11,10,10,10,10,10,11,11,11,11,10,7,10,10,12,8,10,10,10,10,10,11,10,13,13,10,10,10,10,10,10,10,8,14,14,14,15,10,10,10,10,5,2,16,10,10,10,3,10,10,10,10,10,10,10,10,10,10,6,6,10,10,10,10,17,17,9,9,9,17,17,9,18,18,18,18,18,18,18,18","0.00759506225585938","infomap","edit-xhwikibooks.graphml"
"0.59","0.14","0.27","0.339665739421489","1,1,1,1,2,3,2,3,3,4,2,5,6,7,8,3,4,2,9,5,10,11,6,12,7,13,8,14,15,4,2,16,5,5,9,17,18,8,10,10,10,10,11,11,11,11,10,11,11,11,10,10,10,10,10,11,11,11,11,10,6,10,10,12,7,10,10,10,10,10,11,10,13,13,10,10,10,10,10,10,10,8,14,14,14,15,10,10,10,10,4,2,16,10,10,10,3,10,10,10,10,10,10,10,10,10,10,5,5,10,10,10,10,17,9,17,9,17,17,9,9,8,18,18,8,8,8,8,8","0.00762391090393066","infomap","edit-xhwikibooks.graphml"
"0.58","0.15","0.27","0.364613829202482","1,1,2,2,3,4,3,5,2,6,3,7,8,5,2,4,6,3,9,7,10,11,8,12,5,13,5,14,15,6,3,16,7,7,9,17,18,2,10,10,10,10,11,11,11,11,10,11,11,11,10,10,10,10,10,11,11,11,11,10,8,10,10,12,5,10,10,10,10,10,11,10,13,13,10,10,10,10,10,10,10,5,14,14,14,15,10,10,10,10,6,3,16,10,10,10,4,10,10,10,10,10,10,10,10,10,10,7,7,10,10,10,10,9,9,9,17,9,9,9,9,18,18,18,18,18,18,18,18","0.00989484786987305","infomap","edit-xhwikibooks.graphml"
"0.57","0.16","0.27","0.360518501178352","1,2,1,1,3,4,3,2,4,5,3,6,7,8,9,4,5,3,10,6,11,12,7,13,9,14,8,15,16,5,3,17,6,6,18,10,19,10,11,11,11,11,12,12,12,12,11,12,12,12,11,11,11,11,11,12,12,12,12,11,7,11,11,13,9,11,11,11,11,11,12,11,14,14,11,11,11,11,11,11,11,8,15,15,15,16,11,11,11,11,5,3,17,11,11,11,4,11,11,11,11,11,11,11,11,11,11,6,6,11,11,11,11,10,18,18,18,18,18,18,18,19,19,19,19,19,19,19,19","0.00867891311645508","infomap","edit-xhwikibooks.graphml"
"0.56","0.17","0.27","0.350902645412716","1,2,1,2,3,2,3,2,2,4,5,3,6,7,7,8,4,5,9,3,10,11,6,12,7,13,7,14,15,4,5,16,3,3,17,9,18,18,10,10,10,10,11,11,11,11,10,11,11,11,10,10,10,10,10,11,11,11,11,10,6,10,10,12,7,10,10,10,10,10,11,10,13,13,10,10,10,10,10,10,10,7,14,14,14,15,10,10,10,10,4,5,16,10,10,10,8,10,10,10,10,10,10,10,10,10,10,3,3,10,10,10,10,17,9,17,9,9,17,9,9,18,18,18,18,18,18,18,18","0.010127067565918","infomap","edit-xhwikibooks.graphml"
"0.55","0.18","0.27","0.348602697077244","1,2,1,1,3,4,3,5,5,6,3,7,8,5,9,4,6,3,10,7,11,2,8,12,9,13,5,14,15,6,3,16,7,7,17,10,18,9,11,11,11,11,2,2,2,2,11,2,2,2,11,11,11,11,11,2,2,2,2,11,8,11,11,12,9,11,11,11,11,11,2,11,13,13,11,11,11,11,11,11,11,5,14,14,14,15,11,11,11,11,6,3,16,11,11,11,4,11,11,11,11,11,11,11,11,11,11,7,7,11,11,11,11,10,10,10,10,17,10,10,17,18,18,18,18,18,18,18,18","0.0064079761505127","infomap","edit-xhwikibooks.graphml"
"0.54","0.19","0.27","0.347052126119046","1,1,1,1,2,3,2,3,4,5,6,2,7,8,9,3,5,6,10,2,11,12,7,13,14,15,8,16,17,5,6,18,2,2,10,4,9,4,11,11,11,11,12,12,12,12,11,12,12,12,11,11,11,11,11,12,12,12,12,11,7,11,11,13,14,11,11,11,11,11,12,11,15,15,11,11,11,11,11,11,11,8,16,16,16,17,11,11,11,11,5,6,18,11,11,11,3,11,11,11,11,11,11,11,11,11,11,2,2,11,11,11,11,4,10,4,4,10,4,10,10,9,9,9,9,9,9,9,9","0.00736212730407715","infomap","edit-xhwikibooks.graphml"
"0.53","0.2","0.27","0.349232279878258","1,2,1,1,3,2,3,2,4,5,6,3,7,8,4,9,5,6,10,3,11,12,7,13,8,14,8,15,16,5,6,17,3,3,18,10,19,4,11,11,11,11,12,12,12,12,11,12,12,12,11,11,11,11,11,12,12,12,12,11,7,11,11,13,8,11,11,11,11,11,12,11,14,14,11,11,11,11,11,11,11,8,15,15,15,16,11,11,11,11,5,6,17,11,11,11,9,11,11,11,11,11,11,11,11,11,11,3,3,11,11,11,11,10,18,18,18,10,18,18,18,19,19,19,19,19,19,19,19","0.00523614883422852","infomap","edit-xhwikibooks.graphml"
"0.52","0.21","0.27","0.351407664806709","1,2,1,1,3,1,3,2,4,5,3,6,7,8,4,9,5,3,10,6,11,12,7,13,8,14,4,15,16,5,3,17,6,6,10,18,19,4,11,11,11,11,12,12,12,12,11,12,12,12,11,11,11,11,11,12,12,12,12,11,7,11,11,13,8,11,11,11,11,11,12,11,14,14,11,11,11,11,11,11,11,4,15,15,15,16,11,11,11,11,5,3,17,11,11,11,9,11,11,11,11,11,11,11,11,11,11,6,6,11,11,11,11,10,10,18,18,18,10,10,18,19,19,19,19,19,19,19,19","0.00747895240783691","infomap","edit-xhwikibooks.graphml"
"0.51","0.22","0.27","0.352105315914331","1,1,1,1,2,3,2,3,3,4,2,5,6,7,3,8,4,2,9,5,10,11,6,12,7,13,14,15,16,4,2,17,5,5,9,18,3,7,10,10,10,10,11,11,11,11,10,11,11,11,10,10,10,10,10,11,11,11,11,10,6,10,10,12,7,10,10,10,10,10,11,10,13,13,10,10,10,10,10,10,10,14,15,15,15,16,10,10,10,10,4,2,17,10,10,10,8,10,10,10,10,10,10,10,10,10,10,5,5,10,10,10,10,9,18,9,18,9,18,9,18,3,3,3,3,3,3,3,3","0.00520801544189453","infomap","edit-xhwikibooks.graphml"
"0.5","0.23","0.27","0.350347878485421","1,2,1,1,3,4,3,2,1,5,3,6,7,8,9,4,5,3,10,6,11,12,7,13,8,14,9,15,16,5,3,17,6,6,10,18,19,9,11,11,11,11,12,12,12,12,11,12,12,12,11,11,11,11,11,12,12,12,12,11,7,11,11,13,8,11,11,11,11,11,12,11,14,14,11,11,11,11,11,11,11,9,15,15,15,16,11,11,11,11,5,3,17,11,11,11,4,11,11,11,11,11,11,11,11,11,11,6,6,11,11,11,11,18,18,18,10,18,10,18,18,19,19,19,19,19,19,19,19","0.00669312477111816","infomap","edit-xhwikibooks.graphml"
"0.49","0.24","0.27","0.333509013309745","1,2,1,1,3,1,3,4,5,6,3,7,4,8,5,9,6,3,10,7,2,11,12,13,5,14,8,15,16,6,3,17,7,7,10,18,19,5,2,2,2,2,11,11,11,11,2,11,11,11,2,2,2,2,2,11,11,11,11,2,12,2,2,13,5,2,2,2,2,2,11,2,14,14,2,2,2,2,2,2,2,8,15,15,15,16,2,2,2,2,6,3,17,2,2,2,9,2,2,2,2,2,2,2,2,2,2,7,7,2,2,2,2,18,10,18,10,10,10,18,10,5,5,5,19,5,5,19,5","0.0107500553131104","infomap","edit-xhwikibooks.graphml"
"0.48","0.25","0.27","0.345203652405869","1,1,1,1,2,3,2,3,3,4,2,5,6,7,8,3,4,2,9,5,10,11,6,12,8,13,7,14,15,4,2,16,5,5,9,17,8,17,10,10,10,10,11,11,11,11,10,11,11,11,10,10,10,10,10,11,11,11,11,10,6,10,10,12,8,10,10,10,10,10,11,10,13,13,10,10,10,10,10,10,10,7,14,14,14,15,10,10,10,10,4,2,16,10,10,10,3,10,10,10,10,10,10,10,10,10,10,5,5,10,10,10,10,17,9,9,17,9,9,17,9,8,8,8,8,8,8,8,8","0.00640487670898438","infomap","edit-xhwikibooks.graphml"
"0.47","0.26","0.27","0.337552751273896","1,2,1,2,3,4,3,2,5,6,3,7,8,5,9,4,6,3,10,7,11,12,8,13,5,14,15,16,17,6,3,18,7,7,19,10,9,9,11,11,11,11,12,12,12,12,11,12,12,12,11,11,11,11,11,12,12,12,12,11,8,11,11,13,5,11,11,11,11,11,12,11,14,14,11,11,11,11,11,11,11,15,16,16,16,17,11,11,11,11,6,3,18,11,11,11,4,11,11,11,11,11,11,11,11,11,11,7,7,11,11,11,11,19,10,19,19,19,10,19,10,9,9,9,9,9,9,9,9","0.00531291961669922","infomap","edit-xhwikibooks.graphml"
"0.46","0.27","0.27","0.341692828562635","1,2,1,3,4,3,4,2,5,6,4,7,8,9,5,3,6,4,10,7,11,12,8,13,5,14,9,15,16,6,4,17,7,7,10,18,19,5,11,11,11,11,12,12,12,12,11,12,12,12,11,11,11,11,11,12,12,12,12,11,8,11,11,13,5,11,11,11,11,11,12,11,14,14,11,11,11,11,11,11,11,9,15,15,15,16,11,11,11,11,6,4,17,11,11,11,3,11,11,11,11,11,11,11,11,11,11,7,7,11,11,11,11,18,10,10,18,18,10,10,18,19,19,19,19,19,19,19,19","0.00736212730407715","infomap","edit-xhwikibooks.graphml"
"0.45","0.28","0.27","0.330935058084703","1,2,1,1,3,4,3,2,5,6,7,3,8,9,5,4,6,7,7,3,10,11,8,12,9,13,14,15,1,6,7,7,3,3,16,17,18,5,10,10,10,10,11,11,11,11,10,11,11,11,10,10,10,10,10,11,11,11,11,10,19,10,10,12,9,10,10,10,10,10,11,10,13,13,10,10,10,10,10,10,10,14,15,15,15,20,10,10,10,10,21,22,23,10,10,10,4,10,10,10,10,10,10,10,10,10,10,3,3,10,10,10,10,17,16,16,16,16,16,16,17,18,18,18,18,18,18,18,18","0.00708794593811035","infomap","edit-xhwikibooks.graphml"
"0.44","0.29","0.27","0.333400219073706","1,2,1,3,4,3,4,5,3,6,4,7,8,5,3,3,6,4,4,7,9,10,8,11,12,13,5,14,2,6,4,4,7,7,15,16,17,17,9,9,9,9,10,10,10,10,9,10,10,10,9,9,9,9,9,10,10,10,10,9,18,9,9,11,12,9,9,9,9,9,10,9,13,13,9,9,9,9,9,9,9,5,14,14,14,19,9,9,9,9,20,21,22,9,9,9,3,9,9,9,9,9,9,9,9,9,9,7,7,9,9,9,9,16,16,16,15,16,16,15,15,17,17,17,17,17,17,17,17","0.00598597526550293","infomap","edit-xhwikibooks.graphml"
"0.43","0.3","0.27","0.325221851707628","1,2,1,3,4,3,4,3,3,5,4,6,7,8,9,3,5,4,4,6,10,11,7,12,9,13,8,14,2,5,4,4,6,6,15,16,17,9,10,10,10,10,11,11,11,11,10,11,11,11,10,10,10,10,10,11,11,11,11,10,18,10,10,12,9,10,10,10,10,10,11,10,13,13,10,10,10,10,10,10,10,8,14,14,14,19,10,10,10,10,20,21,22,10,10,10,3,10,10,10,10,10,10,10,10,10,10,6,6,10,10,10,10,9,9,15,9,9,16,15,15,17,17,17,17,17,17,17,17","0.00810813903808594","infomap","edit-xhwikibooks.graphml"
"0.42","0.31","0.27","0.294500872063199","1,2,1,1,3,1,3,4,4,5,3,6,7,8,9,10,5,3,3,6,11,12,7,13,8,14,9,15,2,5,3,3,6,6,4,16,17,4,11,11,11,11,2,12,2,2,11,2,2,2,11,11,11,11,11,2,2,2,2,11,18,11,11,13,8,11,11,11,11,11,2,11,14,14,11,11,11,11,11,11,11,9,15,15,15,19,11,11,11,11,20,21,22,11,11,11,10,11,11,11,11,11,11,11,11,11,11,6,6,11,11,11,11,16,16,4,4,4,4,4,4,17,17,17,17,17,17,17,17","0.00502920150756836","infomap","edit-xhwikibooks.graphml"
"0.41","0.32","0.27","0.337533572801118","1,2,1,3,4,3,4,5,3,6,4,7,8,5,9,3,6,4,4,7,10,2,8,11,12,13,9,14,2,6,4,4,7,7,15,16,17,16,10,10,10,10,2,2,2,2,10,2,2,2,10,10,10,10,10,2,2,2,2,10,18,10,10,11,12,10,10,10,10,10,2,10,13,13,10,10,10,10,10,10,10,9,14,14,14,19,10,10,10,10,20,21,22,10,10,10,3,10,10,10,10,10,10,10,10,10,10,7,7,10,10,10,10,16,16,16,16,15,16,15,15,17,17,17,17,17,17,17,17","0.00496697425842285","infomap","edit-xhwikibooks.graphml"
"0.4","0.33","0.27","0.3385144146917","1,2,1,3,4,3,4,5,3,6,4,7,8,5,9,10,6,4,4,7,11,2,8,12,9,13,5,14,2,6,4,4,7,7,15,16,17,5,11,11,11,11,2,2,2,2,11,2,2,2,11,11,11,11,11,2,2,2,2,11,18,11,11,12,9,11,11,11,11,11,2,11,13,13,11,11,11,11,11,11,11,5,14,14,14,19,11,11,11,11,20,21,22,11,11,11,10,11,11,11,11,11,11,11,11,11,11,7,7,11,11,11,11,16,16,15,15,15,15,16,15,17,17,17,17,17,17,17,17","0.0070340633392334","infomap","edit-xhwikibooks.graphml"
"0.39","0.34","0.27","0.352514863258026","1,2,1,2,3,4,3,2,2,5,3,6,7,8,8,4,5,3,3,6,9,10,7,11,12,13,8,14,2,5,3,3,6,6,15,16,17,8,9,9,9,9,10,10,10,10,9,10,10,10,9,9,9,9,9,10,10,10,10,9,18,9,9,11,12,9,9,9,9,9,10,9,13,13,9,9,9,9,9,9,9,8,14,14,14,19,9,9,9,9,20,21,22,9,9,9,4,9,9,9,9,9,9,9,9,9,9,6,6,9,9,9,9,16,15,15,16,15,15,15,16,17,17,17,17,17,17,17,17","0.00646305084228516","infomap","edit-xhwikibooks.graphml"
"0.38","0.35","0.27","0.312051418259757","1,2,1,3,4,5,4,3,6,7,4,8,9,3,10,5,7,4,4,8,11,12,9,9,13,14,3,15,2,7,4,4,8,8,10,6,16,6,11,11,11,11,2,2,2,2,11,2,12,2,11,11,11,11,11,2,2,2,2,11,17,11,11,9,13,11,11,11,11,11,2,11,14,14,11,11,11,11,11,11,11,3,15,15,15,18,11,11,11,11,19,20,21,11,11,11,5,11,11,11,11,11,11,11,11,11,11,8,8,11,11,11,11,6,6,10,6,10,10,10,10,16,16,16,16,16,16,16,16","0.00632214546203613","infomap","edit-xhwikibooks.graphml"
"0.37","0.36","0.27","0.353354063438388","1,1,2,2,2,1,2,1,3,4,5,2,6,3,7,8,4,5,5,9,10,11,6,6,7,12,3,8,1,4,5,5,9,9,13,14,15,15,10,10,10,10,11,11,11,11,10,11,11,11,10,10,10,10,10,11,11,11,11,10,16,10,10,6,7,10,10,10,10,10,11,10,12,12,10,10,10,10,10,10,10,3,8,8,8,17,10,10,10,10,18,19,20,10,10,10,8,10,10,10,10,10,10,10,10,10,10,9,9,10,10,10,10,13,13,13,13,13,14,14,13,15,15,15,15,15,15,15,15","0.00833702087402344","infomap","edit-xhwikibooks.graphml"
"0.36","0.37","0.27","0.353036711487074","1,1,2,2,2,3,2,3,4,5,6,2,7,8,4,9,5,6,6,10,11,1,7,7,8,12,8,9,1,5,6,6,10,10,13,14,15,15,11,11,11,11,1,1,1,1,11,1,1,1,11,11,11,11,11,1,1,1,1,11,16,11,11,7,8,11,11,11,11,11,1,11,12,12,11,11,11,11,11,11,11,8,9,9,9,17,11,11,11,11,18,19,20,11,11,11,9,11,11,11,11,11,11,11,11,11,11,10,10,11,11,11,11,14,13,14,13,13,13,14,13,15,15,15,15,15,15,15,15","0.0060279369354248","infomap","edit-xhwikibooks.graphml"
"0.35","0.38","0.27","0.35075809277507","1,1,2,2,2,3,2,3,3,4,5,2,6,7,8,9,4,5,5,10,11,12,6,6,13,14,7,9,1,4,5,5,10,10,15,16,8,3,11,11,11,11,12,12,12,12,11,12,12,12,11,11,11,11,11,12,12,12,12,11,17,11,11,6,13,11,11,11,11,11,12,11,14,14,11,11,11,11,11,11,11,7,9,9,9,18,11,11,11,11,19,20,21,11,11,11,9,11,11,11,11,11,11,11,11,11,11,10,10,11,11,11,11,15,15,15,15,16,16,15,16,8,8,8,8,8,8,8,8","0.0050351619720459","infomap","edit-xhwikibooks.graphml"
"0.34","0.39","0.27","0.358318158168574","1,1,2,2,2,3,2,3,4,5,6,2,7,4,8,9,5,6,6,10,11,1,7,7,4,12,8,9,1,5,6,6,10,10,13,14,15,8,11,11,11,11,1,1,1,1,11,1,1,1,11,11,11,11,11,1,1,1,1,11,16,11,11,7,4,11,11,11,11,11,1,11,12,12,11,11,11,11,11,11,11,8,9,9,9,17,11,11,11,11,18,19,20,11,11,11,9,11,11,11,11,11,11,11,11,11,11,10,10,11,11,11,11,13,13,13,13,13,13,13,14,15,15,15,15,15,15,15,15","0.0095820426940918","infomap","edit-xhwikibooks.graphml"
"0.33","0.4","0.27","0.360107086223919","1,2,1,1,3,1,3,2,4,5,3,6,7,4,4,8,5,3,3,6,9,10,7,7,11,12,4,8,2,5,3,3,6,6,13,14,15,4,9,9,9,9,10,10,10,10,9,10,10,10,9,9,9,9,9,10,10,10,10,9,16,9,9,7,11,9,9,9,9,9,10,9,12,12,9,9,9,9,9,9,9,4,8,8,8,17,9,9,9,9,18,19,20,9,9,9,8,9,9,9,9,9,9,9,9,9,9,6,6,9,9,9,9,13,13,13,14,14,14,13,13,15,15,15,15,15,15,15,15","0.00736403465270996","infomap","edit-xhwikibooks.graphml"
"0.32","0.41","0.27","0.353110364454333","1,1,2,2,2,1,2,1,3,4,5,2,6,7,3,8,4,5,5,9,10,11,6,6,3,12,7,8,1,4,5,5,9,9,13,14,15,3,10,10,10,10,11,11,11,11,10,11,11,11,10,10,10,10,10,11,11,11,11,10,16,10,10,6,3,10,10,10,10,10,11,10,12,12,10,10,10,10,10,10,10,7,8,8,8,17,10,10,10,10,18,19,20,10,10,10,8,10,10,10,10,10,10,10,10,10,10,9,9,10,10,10,10,13,13,13,13,14,13,14,13,3,15,15,3,3,15,15,15","0.00830912590026855","infomap","edit-xhwikibooks.graphml"
"0.31","0.42","0.27","0.357800137825099","1,1,2,2,2,3,2,3,3,4,5,2,6,7,8,9,4,5,5,10,11,12,6,6,8,13,7,9,1,4,5,5,10,10,14,15,16,8,11,11,11,11,12,12,12,12,11,12,12,12,11,11,11,11,11,12,12,12,12,11,17,11,11,6,8,11,11,11,11,11,12,11,13,13,11,11,11,11,11,11,11,7,9,9,9,18,11,11,11,11,19,20,21,11,11,11,9,11,11,11,11,11,11,11,11,11,11,10,10,11,11,11,11,14,14,14,14,14,14,14,15,16,16,16,16,16,16,16,16","0.00917887687683105","infomap","edit-xhwikibooks.graphml"
"0.3","0.43","0.27","0.35867208813996","1,1,2,2,2,3,2,3,4,5,6,2,7,8,4,9,5,6,6,10,11,1,7,7,8,12,8,9,1,5,6,6,10,10,13,14,15,4,11,11,11,11,1,1,1,1,11,1,1,1,11,11,11,11,11,1,1,1,1,11,16,11,11,7,8,11,11,11,11,11,1,11,12,12,11,11,11,11,11,11,11,8,9,9,9,17,11,11,11,11,18,19,20,11,11,11,9,11,11,11,11,11,11,11,11,11,11,10,10,11,11,11,11,13,13,14,14,14,13,14,14,15,15,15,15,15,15,15,15","0.00943088531494141","infomap","edit-xhwikibooks.graphml"
"0.29","0.44","0.27","0.36052841037027","1,1,2,2,2,3,2,1,3,4,5,2,6,7,3,8,4,5,5,9,10,1,6,6,7,11,7,8,1,4,5,5,9,9,12,13,14,3,10,10,10,10,1,1,1,1,10,1,1,1,10,10,10,10,10,1,1,1,1,10,15,10,10,6,7,10,10,10,10,10,1,10,11,11,10,10,10,10,10,10,10,7,8,8,8,16,10,10,10,10,17,18,19,10,10,10,8,10,10,10,10,10,10,10,10,10,10,9,9,10,10,10,10,12,12,12,13,12,12,13,13,14,14,14,14,14,14,14,14","0.00663399696350098","infomap","edit-xhwikibooks.graphml"
"0.28","0.45","0.27","0.35934861137174","1,1,2,2,2,3,2,3,4,5,2,6,7,8,9,10,5,2,2,6,11,12,7,7,13,14,8,10,1,5,2,2,6,6,15,4,9,4,11,11,11,11,12,12,12,12,11,12,12,12,11,11,11,11,11,12,12,12,12,11,16,11,11,7,13,11,11,11,11,11,12,11,14,14,11,11,11,11,11,11,11,8,10,10,10,17,11,11,11,11,18,19,20,11,11,11,10,11,11,11,11,11,11,11,11,11,11,6,6,11,11,11,11,15,15,4,15,4,15,15,15,9,9,9,9,9,9,9,9","0.0075230598449707","infomap","edit-xhwikibooks.graphml"
"0.27","0.46","0.27","0.357990955837714","1,1,2,2,2,3,2,3,4,5,6,2,7,8,4,9,5,6,6,10,11,12,7,7,8,13,8,9,1,5,6,6,10,10,14,15,16,4,11,11,11,11,12,12,12,12,11,12,12,12,11,11,11,11,11,12,12,12,12,11,17,11,11,7,8,11,11,11,11,11,12,11,13,13,11,11,11,11,11,11,11,8,9,9,9,18,11,11,11,11,19,20,21,11,11,11,9,11,11,11,11,11,11,11,11,11,11,10,10,11,11,11,11,14,14,15,15,15,15,15,15,16,16,16,16,16,16,16,16","0.00830912590026855","infomap","edit-xhwikibooks.graphml"
"0.26","0.47","0.27","0.36534561329259","1,1,2,2,2,3,2,1,3,4,5,2,6,7,3,8,4,5,5,9,10,11,6,6,7,12,7,8,1,4,5,5,9,9,13,14,15,3,10,10,10,10,11,11,11,11,10,11,11,11,10,10,10,10,10,11,11,11,11,10,16,10,10,6,7,10,10,10,10,10,11,10,12,12,10,10,10,10,10,10,10,7,8,8,8,17,10,10,10,10,18,19,20,10,10,10,8,10,10,10,10,10,10,10,10,10,10,9,9,10,10,10,10,13,13,13,13,13,14,13,13,15,15,15,15,15,15,15,15","0.00841188430786133","infomap","edit-xhwikibooks.graphml"
"0.25","0.48","0.27","0.361129907024794","1,1,2,2,2,3,2,3,4,5,6,2,7,4,8,9,5,6,6,10,11,12,7,7,4,13,4,9,1,5,6,6,10,10,14,15,16,8,11,11,11,11,12,12,12,12,11,12,12,12,11,11,11,11,11,12,12,12,12,11,17,11,11,7,4,11,11,11,11,11,12,11,13,13,11,11,11,11,11,11,11,4,9,9,9,18,11,11,11,11,19,20,21,11,11,11,9,11,11,11,11,11,11,11,11,11,11,10,10,11,11,11,11,14,15,14,15,14,14,15,14,16,16,16,16,16,16,16,16","0.006011962890625","infomap","edit-xhwikibooks.graphml"
"0.24","0.49","0.27","0.361938920454546","1,1,2,2,2,3,2,4,3,5,6,2,7,4,3,8,5,6,6,9,10,11,7,7,4,12,4,8,1,5,6,6,9,9,13,14,15,3,10,10,10,10,11,11,11,11,10,11,11,11,10,10,10,10,10,11,11,11,11,10,16,10,10,7,4,10,10,10,10,10,11,10,12,12,10,10,10,10,10,10,10,4,8,8,8,17,10,10,10,10,18,19,20,10,10,10,8,10,10,10,10,10,10,10,10,10,10,9,9,10,10,10,10,14,13,14,14,13,13,13,14,15,15,15,15,15,15,15,15","0.00844407081604004","infomap","edit-xhwikibooks.graphml"
"0.23","0.5","0.27","0.399929291453616","1,1,2,2,2,1,2,1,3,4,5,2,6,3,3,7,4,5,5,8,9,10,6,6,11,11,11,7,1,4,5,5,8,8,12,13,14,3,9,9,9,9,10,10,10,10,9,10,10,10,9,9,9,9,9,10,10,10,10,9,15,9,9,6,11,9,9,9,9,9,10,9,11,11,9,9,9,9,9,9,9,11,7,7,7,16,9,9,9,9,17,18,19,9,9,9,7,9,9,9,9,9,9,9,9,9,9,8,8,9,9,9,9,13,12,13,13,12,12,12,12,14,14,14,14,14,14,14,14","0.00852799415588379","infomap","edit-xhwikibooks.graphml"
"0.22","0.51","0.27","0.40327246165084","1,1,2,2,2,3,2,3,3,4,5,2,6,3,7,8,4,5,5,9,10,11,6,6,7,3,7,8,1,4,5,5,9,9,12,13,14,7,10,10,10,10,11,11,11,11,10,11,11,11,10,10,10,10,10,11,11,11,11,10,15,10,10,6,7,10,10,10,10,10,11,10,3,3,10,10,10,10,10,10,10,7,8,8,8,16,10,10,10,10,17,18,19,10,10,10,8,10,10,10,10,10,10,10,10,10,10,9,9,10,10,10,10,12,13,13,12,13,12,12,13,14,14,14,14,14,14,14,14","0.00705599784851074","infomap","edit-xhwikibooks.graphml"
"0.21","0.52","0.27","0.404327246165084","1,1,2,2,2,3,2,3,4,5,2,6,7,8,4,9,5,2,2,6,10,11,7,7,4,12,8,9,1,5,2,2,6,6,13,14,15,4,10,10,10,10,11,11,11,11,10,11,11,11,10,10,10,10,10,11,11,11,11,10,16,10,10,7,4,10,10,10,10,10,11,10,12,12,10,10,10,10,10,10,10,8,9,9,9,17,10,10,10,10,18,19,20,10,10,10,9,10,10,10,10,10,10,10,10,10,10,6,6,10,10,10,10,13,13,13,13,14,13,13,13,15,15,15,15,15,15,15,15","0.00705099105834961","infomap","edit-xhwikibooks.graphml"
"0.2","0.53","0.27","0.40708078126968","1,1,2,2,2,3,2,3,3,4,5,2,6,3,7,8,4,5,5,9,10,11,6,6,7,12,7,8,1,4,5,5,9,9,13,14,15,7,10,10,10,10,11,11,11,11,10,11,11,11,10,10,10,10,10,11,11,11,11,10,16,10,10,6,7,10,10,10,10,10,11,10,12,12,10,10,10,10,10,10,10,7,8,8,8,17,10,10,10,10,18,19,20,10,10,10,8,10,10,10,10,10,10,10,10,10,10,9,9,10,10,10,10,13,13,13,13,13,14,13,13,15,15,15,15,15,15,15,15","0.00614690780639648","infomap","edit-xhwikibooks.graphml"
"0.19","0.54","0.27","0.393294651990099","1,1,2,2,2,3,2,3,3,4,5,2,6,7,8,9,4,5,5,10,11,12,6,6,7,13,3,9,1,4,5,5,10,10,8,14,15,7,11,11,11,11,12,12,12,12,11,12,12,12,11,11,11,11,11,12,12,12,12,11,16,11,11,6,7,11,11,11,11,11,12,11,13,13,11,11,11,11,11,11,11,3,9,9,9,17,11,11,11,11,18,19,20,11,11,11,9,11,11,11,11,11,11,11,11,11,11,10,10,11,11,11,11,14,8,8,14,8,8,8,8,15,15,15,15,15,15,15,15","0.00489282608032227","infomap","edit-xhwikibooks.graphml"
"0.18","0.55","0.27","0.391103780543975","1,1,2,2,2,3,2,3,4,3,2,5,6,4,7,8,9,2,2,5,10,11,6,6,4,4,7,8,1,12,13,2,5,5,14,15,16,7,10,10,10,10,11,11,11,11,10,11,11,11,10,10,10,10,10,11,11,11,11,10,17,10,10,18,19,10,10,10,10,10,11,10,4,4,10,10,10,10,10,10,10,20,8,8,8,21,10,10,10,10,22,23,24,10,10,10,25,10,10,10,10,10,10,10,10,10,10,26,27,10,10,10,10,15,15,15,15,14,14,15,15,16,16,16,16,16,16,16,16","0.00900816917419434","infomap","edit-xhwikibooks.graphml"
"0.17","0.56","0.27","0.391076356837267","1,2,1,3,4,3,4,5,3,3,6,4,7,8,5,9,10,6,6,4,11,2,7,7,8,12,5,9,2,13,14,6,4,4,15,16,17,5,11,11,11,11,2,2,2,2,11,2,2,2,11,11,11,11,11,2,2,2,2,11,18,11,11,19,20,11,11,11,11,11,2,11,12,12,11,11,11,11,11,11,11,21,9,9,9,22,11,11,11,11,23,24,25,11,11,11,26,11,11,11,11,11,11,11,11,11,11,27,28,11,11,11,11,15,16,16,15,16,15,16,16,17,17,17,17,17,17,17,17","0.00457406044006348","infomap","edit-xhwikibooks.graphml"
"0.16","0.57","0.27","0.388147524244663","1,1,2,2,2,3,2,3,3,3,2,4,5,6,3,7,8,2,2,4,9,10,5,5,11,12,6,7,1,13,14,2,4,4,15,11,16,11,9,9,9,9,10,10,10,10,9,10,10,10,9,9,9,9,9,10,10,10,10,9,17,9,9,18,19,9,9,9,9,9,10,9,12,12,9,9,9,9,9,9,9,20,7,7,7,21,9,9,9,9,22,23,24,9,9,9,25,9,9,9,9,9,9,9,9,9,9,26,27,9,9,9,9,15,11,15,15,11,11,15,11,16,16,16,16,16,16,16,16","0.00678205490112305","infomap","edit-xhwikibooks.graphml"
"0.15","0.58","0.27","0.394002045288532","1,1,2,2,2,3,2,3,3,3,2,4,5,6,7,8,9,2,2,4,10,11,5,5,6,12,6,8,1,13,14,2,4,4,7,15,16,7,10,10,10,10,11,11,11,11,10,11,11,11,10,10,10,10,10,11,11,11,11,10,17,10,10,18,19,10,10,10,10,10,11,10,12,12,10,10,10,10,10,10,10,20,8,8,8,21,10,10,10,10,22,23,24,10,10,10,25,10,10,10,10,10,10,10,10,10,10,26,27,10,10,10,10,7,7,15,15,15,15,7,7,16,16,16,16,16,16,16,16","0.0107719898223877","infomap","edit-xhwikibooks.graphml"
"0.14","0.59","0.27","0.394266428448143","1,1,2,2,2,3,2,3,4,3,2,5,6,7,4,8,9,2,2,5,10,1,6,6,3,11,7,8,1,12,13,2,5,5,14,15,16,4,10,10,10,10,1,1,1,1,10,1,1,1,10,10,10,10,10,1,1,1,1,10,17,10,10,18,19,10,10,10,10,10,1,10,11,11,10,10,10,10,10,10,10,20,8,8,8,21,10,10,10,10,22,23,24,10,10,10,25,10,10,10,10,10,10,10,10,10,10,26,27,10,10,10,10,14,15,14,14,15,15,15,14,16,16,16,16,16,16,16,16","0.00818800926208496","infomap","edit-xhwikibooks.graphml"
"0.13","0.6","0.27","0.401617424383175","1,2,1,3,4,3,4,2,3,3,5,4,6,7,8,9,10,5,5,4,11,12,6,6,7,13,8,9,2,14,15,5,4,4,16,17,18,8,11,11,11,11,12,12,12,12,11,12,12,12,11,11,11,11,11,12,12,12,12,11,19,11,11,20,21,11,11,11,11,11,12,11,13,13,11,11,11,11,11,11,11,22,9,9,9,23,11,11,11,11,24,25,26,11,11,11,27,11,11,11,11,11,11,11,11,11,11,28,29,11,11,11,11,16,16,17,17,16,16,16,16,18,18,18,18,18,18,18,18","0.00768709182739258","infomap","edit-xhwikibooks.graphml"
"0.12","0.61","0.27","0.386888919529895","1,1,2,2,2,3,2,3,4,3,2,5,6,4,7,8,9,2,2,5,10,11,6,6,4,12,4,8,1,13,14,2,5,5,15,16,17,7,10,10,10,10,11,11,11,11,10,11,11,11,10,10,10,10,10,11,11,11,11,10,18,10,10,19,20,10,10,10,10,10,11,10,12,12,10,10,10,10,10,10,10,21,8,8,8,22,10,10,10,10,23,24,25,10,10,10,26,10,10,10,10,10,10,10,10,10,10,27,28,10,10,10,10,15,7,15,15,16,15,7,7,17,17,17,17,17,17,17,17","0.0077049732208252","infomap","edit-xhwikibooks.graphml"
"0.11","0.62","0.27","0.39736443519482","1,1,2,2,2,3,2,3,3,3,2,4,5,6,7,8,9,2,2,4,10,11,5,5,7,12,6,8,1,13,14,2,4,4,15,16,17,7,10,10,10,10,11,11,11,11,10,11,11,11,10,10,10,10,10,11,11,11,11,10,18,10,10,19,20,10,10,10,10,10,11,10,12,12,10,10,10,10,10,10,10,21,8,8,8,22,10,10,10,10,23,24,25,10,10,10,26,10,10,10,10,10,10,10,10,10,10,27,28,10,10,10,10,16,16,15,15,15,16,15,16,17,17,17,17,17,17,17,17","0.00798702239990234","infomap","edit-xhwikibooks.graphml"
"0.1","0.63","0.27","0.395615803359096","1,2,1,3,4,3,4,2,3,3,5,4,6,7,8,9,10,5,5,4,11,12,6,6,7,13,8,9,2,14,15,5,4,4,16,17,18,8,11,11,11,11,12,12,12,12,11,12,12,12,11,11,11,11,11,12,12,12,12,11,19,11,11,20,21,11,11,11,11,11,12,11,13,13,11,11,11,11,11,11,11,22,9,9,9,23,11,11,11,11,24,25,26,11,11,11,27,11,11,11,11,11,11,11,11,11,11,28,29,11,11,11,11,17,17,17,17,17,17,17,16,18,18,18,18,18,18,18,18","0.00789499282836914","infomap","edit-xhwikibooks.graphml"
"0.09","0.64","0.27","0.394916185159037","1,2,1,3,4,3,4,2,3,3,5,4,6,7,8,9,10,5,5,4,11,12,6,6,7,13,8,9,2,14,15,5,4,4,16,17,18,8,11,11,11,11,12,12,12,12,11,12,12,12,11,11,11,11,11,12,12,12,12,11,19,11,11,20,21,11,11,11,11,11,12,11,13,13,11,11,11,11,11,11,11,22,9,9,9,23,11,11,11,11,24,25,26,11,11,11,27,11,11,11,11,11,11,11,11,11,11,28,29,11,11,11,11,17,17,16,16,16,17,16,17,18,18,18,18,18,18,18,18","0.0066828727722168","infomap","edit-xhwikibooks.graphml"
"0.08","0.65","0.27","0.395073930438994","1,2,1,3,4,3,4,2,3,3,5,4,6,7,8,9,10,5,5,4,11,12,6,6,7,13,7,9,2,14,15,5,4,4,8,16,17,8,11,11,11,11,12,12,12,12,11,12,12,12,11,11,11,11,11,12,12,12,12,11,18,11,11,19,20,11,11,11,11,11,12,11,13,13,11,11,11,11,11,11,11,21,9,9,9,22,11,11,11,11,23,24,25,11,11,11,26,11,11,11,11,11,11,11,11,11,11,27,28,11,11,11,11,8,8,8,16,8,8,16,16,17,17,17,17,17,17,17,17","0.00908994674682617","infomap","edit-xhwikibooks.graphml"
"0.07","0.66","0.27","0.395094207575306","1,1,1,2,3,2,3,4,2,2,5,3,6,4,7,8,9,5,5,3,10,11,6,6,7,12,13,8,1,14,15,5,3,3,16,17,13,13,10,10,10,10,11,11,11,11,10,11,11,11,10,10,10,10,10,11,11,11,11,10,18,10,10,19,20,10,10,10,10,10,11,10,12,12,10,10,10,10,10,10,10,21,8,8,8,22,10,10,10,10,23,24,25,10,10,10,26,10,10,10,10,10,10,10,10,10,10,27,28,10,10,10,10,16,16,17,16,17,16,16,17,13,13,13,13,13,13,13,13","0.00568103790283203","infomap","edit-xhwikibooks.graphml"
"0.06","0.67","0.27","0.444324435327492","1,2,1,3,4,3,4,2,3,3,5,4,6,7,7,8,9,5,5,4,10,11,6,6,7,12,2,8,2,13,14,5,4,4,15,15,16,7,10,10,10,10,11,11,11,11,10,11,11,11,10,10,10,10,10,11,11,11,11,10,17,10,10,18,19,10,10,10,10,10,11,10,12,12,10,10,10,10,10,10,10,20,8,8,8,21,10,10,10,10,22,23,24,10,10,10,25,10,10,10,10,10,10,10,10,10,10,26,27,10,10,10,10,15,15,15,15,15,15,15,15,16,16,16,16,16,16,16,16","0.00564384460449219","infomap","edit-xhwikibooks.graphml"
"0.05","0.68","0.27","0.41252401429187","1,2,1,3,4,3,4,5,3,3,6,4,7,5,8,9,10,6,6,4,11,2,7,7,8,12,8,9,2,13,14,6,4,4,15,16,17,8,11,11,11,11,2,2,2,2,11,2,2,2,11,11,11,11,11,2,2,2,2,11,18,11,11,19,20,11,11,11,11,11,2,11,12,12,11,11,11,11,11,11,11,21,9,9,9,22,11,11,11,11,23,24,25,11,11,11,26,11,11,11,11,11,11,11,11,11,11,27,28,11,11,11,11,15,16,15,16,16,16,15,15,17,17,17,17,17,17,17,17","0.00703001022338867","infomap","edit-xhwikibooks.graphml"
"0.04","0.69","0.27","0.407538982671258","1,2,1,3,4,3,4,2,3,3,5,4,6,7,8,9,10,5,5,4,11,12,6,6,7,13,8,9,2,14,15,5,4,4,16,17,18,8,11,11,11,11,12,12,12,12,11,12,12,12,11,11,11,11,11,12,12,12,12,11,19,11,11,20,21,11,11,11,11,11,12,11,13,13,11,11,11,11,11,11,11,22,9,9,9,23,11,11,11,11,24,25,26,11,11,11,27,11,11,11,11,11,11,11,11,11,11,28,29,11,11,11,11,17,17,16,17,16,17,16,17,18,18,18,18,18,18,18,18","0.00465512275695801","infomap","edit-xhwikibooks.graphml"
"0.03","0.7","0.27","0.415914814814815","1,2,1,3,4,3,4,2,3,3,5,4,6,7,7,8,9,5,5,4,10,11,6,6,7,12,7,8,2,13,14,5,4,4,15,16,17,7,10,10,10,10,11,11,11,11,10,11,11,11,10,10,10,10,10,11,11,11,11,10,18,10,10,19,20,10,10,10,10,10,11,10,12,12,10,10,10,10,10,10,10,21,8,8,8,22,10,10,10,10,23,24,25,10,10,10,26,10,10,10,10,10,10,10,10,10,10,27,28,10,10,10,10,16,15,16,15,16,16,15,16,7,7,7,17,7,7,7,7","0.0057518482208252","infomap","edit-xhwikibooks.graphml"
"0.02","0.71","0.27","0.395711082782327","1,2,1,3,4,3,4,5,3,3,4,6,7,8,5,9,10,4,4,6,2,11,7,7,8,12,5,9,2,13,14,4,6,6,15,16,17,5,2,2,2,2,11,11,11,11,2,11,11,11,2,2,2,2,2,11,11,11,11,2,18,2,2,19,20,2,2,2,2,2,11,2,12,12,2,2,2,2,2,2,2,21,9,9,9,22,2,2,2,2,23,24,25,2,2,2,26,2,2,2,2,2,2,2,2,2,2,27,28,2,2,2,2,16,16,16,16,16,15,15,16,5,17,5,5,5,5,5,5","0.00456094741821289","infomap","edit-xhwikibooks.graphml"
"0.01","0.72","0.27","0.423406790123457","1,2,1,3,4,3,4,2,3,3,5,4,6,7,8,9,10,5,5,4,11,12,6,6,8,13,7,9,2,14,15,5,4,4,16,17,18,8,11,11,11,11,12,12,12,12,11,12,12,12,11,11,11,11,11,12,12,12,12,11,19,11,11,20,21,11,11,11,11,11,12,11,13,13,11,11,11,11,11,11,11,22,9,9,9,23,11,11,11,11,24,25,26,11,11,11,27,11,11,11,11,11,11,11,11,11,11,28,29,11,11,11,11,17,17,17,16,17,16,16,17,18,18,18,18,18,18,18,18","0.00464487075805664","infomap","edit-xhwikibooks.graphml"
"0","0.73","0.27","0.427629344640882","1,2,1,3,4,3,4,2,3,3,4,5,6,7,8,9,10,4,4,5,11,12,6,6,7,13,8,9,1,14,15,4,5,5,16,17,8,8,11,11,11,11,12,12,12,12,11,12,12,12,11,11,11,11,11,12,12,12,12,11,18,11,11,19,20,11,11,11,11,11,12,11,13,13,11,11,11,11,11,11,11,21,9,9,9,22,11,11,11,11,23,24,25,11,11,11,26,11,11,11,11,11,11,11,11,11,11,27,28,11,11,11,11,17,17,17,16,17,16,16,16,8,8,8,8,8,8,8,8","0.00471901893615723","infomap","edit-xhwikibooks.graphml"
"0.72","0","0.28","0.338970534959546","1,2,1,1,3,4,3,4,4,5,6,3,7,4,8,4,5,9,6,3,2,10,7,11,8,12,8,13,14,5,9,15,16,3,17,18,19,8,2,2,2,2,10,10,10,10,2,10,10,10,2,2,2,2,2,10,10,10,10,2,7,2,2,11,8,2,2,2,2,2,10,2,12,12,2,2,2,2,2,2,2,8,13,13,13,14,2,2,2,2,5,9,15,2,2,2,4,2,2,2,2,2,2,2,2,2,2,16,16,2,2,2,2,18,17,18,17,17,18,17,18,19,19,19,19,19,19,19,19","0.00876212120056152","infomap","edit-xhwikibooks.graphml"
"0.71","0.01","0.28","0.336001690617075","1,2,1,2,3,4,3,2,4,5,6,3,7,8,9,4,5,10,6,3,11,12,7,13,9,14,8,15,16,5,10,17,18,3,19,20,21,9,11,11,11,11,12,12,12,12,11,12,12,12,11,11,11,11,11,12,12,12,12,11,7,11,11,13,9,11,11,11,11,11,12,11,14,14,11,11,11,11,11,11,11,8,15,15,15,16,11,11,11,11,5,10,17,11,11,11,4,11,11,11,11,11,11,11,11,11,11,18,18,11,11,11,11,20,20,20,19,19,20,19,20,21,21,21,21,21,21,21,21","0.00769901275634766","infomap","edit-xhwikibooks.graphml"
"0.7","0.02","0.28","0.334737350561526","1,2,1,3,4,3,4,3,5,6,7,4,3,8,5,9,6,10,7,4,2,11,12,13,8,14,5,15,16,6,10,17,18,4,19,20,21,5,2,2,2,2,11,11,11,11,2,11,11,11,2,2,2,2,2,11,11,11,11,2,12,2,2,13,8,2,2,2,2,2,11,2,14,14,2,2,2,2,2,2,2,5,15,15,15,16,2,2,2,2,6,10,17,2,2,2,9,2,2,2,2,2,2,2,2,2,2,18,18,2,2,2,2,19,19,20,19,19,20,19,19,21,21,21,21,21,21,21,21","0.00535082817077637","infomap","edit-xhwikibooks.graphml"
"0.69","0.03","0.28","0.339019015062879","1,2,1,1,3,4,3,2,5,6,7,3,8,9,5,4,6,10,7,3,11,12,8,13,9,14,9,15,16,6,10,17,18,3,19,20,21,5,11,11,11,11,12,12,12,12,11,12,12,12,11,11,11,11,11,12,12,12,12,11,8,11,11,13,9,11,11,11,11,11,12,11,14,14,11,11,11,11,11,11,11,9,15,15,15,16,11,11,11,11,6,10,17,11,11,11,4,11,11,11,11,11,11,11,11,11,11,18,18,11,11,11,11,20,20,19,19,20,20,19,20,21,21,21,21,21,21,21,21","0.00631380081176758","infomap","edit-xhwikibooks.graphml"
"0.68","0.04","0.28","0.336791092164194","1,2,1,1,3,4,3,2,5,6,7,3,8,9,5,4,6,10,7,3,11,12,8,13,9,14,5,15,16,6,10,17,18,3,19,20,21,21,11,11,11,11,12,12,12,12,11,12,12,12,11,11,11,11,11,12,12,12,12,11,8,11,11,13,9,11,11,11,11,11,12,11,14,14,11,11,11,11,11,11,11,5,15,15,15,16,11,11,11,11,6,10,17,11,11,11,4,11,11,11,11,11,11,11,11,11,11,18,18,11,11,11,11,19,19,20,20,20,19,20,19,21,21,21,21,21,21,21,21","0.00650191307067871","infomap","edit-xhwikibooks.graphml"
"0.67","0.05","0.28","0.339002144890736","1,1,2,2,2,1,2,1,3,4,5,2,6,7,8,1,4,9,5,2,10,11,6,12,7,13,8,14,15,4,9,16,17,2,18,19,3,3,10,10,10,10,11,11,11,11,10,11,11,11,10,10,10,10,10,11,11,11,11,10,6,10,10,12,7,10,10,10,10,10,11,10,13,13,10,10,10,10,10,10,10,8,14,14,14,15,10,10,10,10,4,9,16,10,10,10,1,10,10,10,10,10,10,10,10,10,10,17,17,10,10,10,10,18,18,18,18,18,19,19,18,3,3,3,3,3,3,3,3","0.00635218620300293","infomap","edit-xhwikibooks.graphml"
"0.66","0.06","0.28","0.337612895313943","1,2,1,3,4,3,4,2,3,5,6,4,7,8,9,3,5,10,6,4,11,12,7,13,8,14,9,15,16,5,10,17,18,4,19,20,21,21,11,11,11,11,12,12,12,12,11,12,12,12,11,11,11,11,11,12,12,12,12,11,7,11,11,13,8,11,11,11,11,11,12,11,14,14,11,11,11,11,11,11,11,9,15,15,15,16,11,11,11,11,5,10,17,11,11,11,3,11,11,11,11,11,11,11,11,11,11,18,18,11,11,11,11,20,20,19,20,19,20,19,20,21,21,21,21,21,21,21,21","0.00625801086425781","infomap","edit-xhwikibooks.graphml"
"0.65","0.07","0.28","0.338101584871798","1,2,1,3,4,3,4,5,3,6,7,4,5,8,9,3,6,10,7,4,11,2,12,13,8,14,9,15,16,6,10,17,18,4,19,20,21,21,11,11,11,11,2,2,2,2,11,2,2,2,11,11,11,11,11,2,2,2,2,11,12,11,11,13,8,11,11,11,11,11,2,11,14,14,11,11,11,11,11,11,11,9,15,15,15,16,11,11,11,11,6,10,17,11,11,11,3,11,11,11,11,11,11,11,11,11,11,18,18,11,11,11,11,20,20,20,19,19,19,20,20,21,21,21,21,21,21,21,21","0.0063169002532959","infomap","edit-xhwikibooks.graphml"
"0.64","0.08","0.28","0.343927909638064","1,1,2,2,2,3,2,4,3,5,6,2,7,4,8,3,5,9,6,2,10,11,7,12,8,13,4,14,15,5,9,16,17,2,18,19,20,8,10,10,10,10,11,11,11,11,10,11,11,11,10,10,10,10,10,11,11,11,11,10,7,10,10,12,8,10,10,10,10,10,11,10,13,13,10,10,10,10,10,10,10,4,14,14,14,15,10,10,10,10,5,9,16,10,10,10,3,10,10,10,10,10,10,10,10,10,10,17,17,10,10,10,10,18,18,18,19,18,19,19,19,20,20,20,20,20,20,20,20","0.00628495216369629","infomap","edit-xhwikibooks.graphml"
"0.63","0.09","0.28","0.344390564474812","1,1,1,1,2,3,2,4,5,6,7,2,8,4,5,3,6,9,7,2,10,11,8,12,5,13,4,14,15,6,9,16,17,2,18,19,20,5,10,10,10,10,11,11,11,11,10,11,11,11,10,10,10,10,10,11,11,11,11,10,8,10,10,12,5,10,10,10,10,10,11,10,13,13,10,10,10,10,10,10,10,4,14,14,14,15,10,10,10,10,6,9,16,10,10,10,3,10,10,10,10,10,10,10,10,10,10,17,17,10,10,10,10,19,18,18,19,18,19,18,18,20,20,20,20,20,20,20,20","0.00663495063781738","infomap","edit-xhwikibooks.graphml"
"0.62","0.1","0.28","0.339150534596766","1,2,1,1,3,4,3,2,4,5,6,3,7,8,9,4,5,10,6,3,11,12,7,13,9,14,8,15,16,5,10,17,18,3,19,20,21,9,11,11,11,11,12,12,12,12,11,12,12,12,11,11,11,11,11,12,12,12,12,11,7,11,11,13,9,11,11,11,11,11,12,11,14,14,11,11,11,11,11,11,11,8,15,15,15,16,11,11,11,11,5,10,17,11,11,11,4,11,11,11,11,11,11,11,11,11,11,18,18,11,11,11,11,19,19,20,20,19,19,20,19,21,21,21,21,21,21,21,21","0.00647091865539551","infomap","edit-xhwikibooks.graphml"
"0.61","0.11","0.28","0.341992295977784","1,1,2,2,3,2,3,4,5,6,7,3,8,4,5,2,6,9,7,3,10,11,8,12,4,13,4,14,15,6,9,16,17,3,18,19,20,5,10,10,10,10,11,11,11,11,10,11,11,11,10,10,10,10,10,11,11,11,11,10,8,10,10,12,4,10,10,10,10,10,11,10,13,13,10,10,10,10,10,10,10,4,14,14,14,15,10,10,10,10,6,9,16,10,10,10,2,10,10,10,10,10,10,10,10,10,10,17,17,10,10,10,10,19,18,19,18,19,19,18,18,20,20,20,20,20,20,20,20","0.00998997688293457","infomap","edit-xhwikibooks.graphml"
"0.6","0.12","0.28","0.33896090922821","1,1,1,1,2,3,2,3,4,5,6,2,7,8,4,3,5,9,6,2,10,11,7,12,4,13,8,14,15,5,9,16,17,2,18,19,20,19,10,10,10,10,11,11,11,11,10,11,11,11,10,10,10,10,10,11,11,11,11,10,7,10,10,12,4,10,10,10,10,10,11,10,13,13,10,10,10,10,10,10,10,8,14,14,14,15,10,10,10,10,5,9,16,10,10,10,3,10,10,10,10,10,10,10,10,10,10,17,17,10,10,10,10,18,19,19,19,18,19,18,18,20,20,20,20,20,20,20,20","0.00661611557006836","infomap","edit-xhwikibooks.graphml"
"0.59","0.13","0.28","0.327296127086506","1,2,1,3,4,5,4,2,3,6,4,7,8,3,9,5,6,4,10,7,11,12,8,13,3,14,3,15,16,6,4,17,7,7,10,18,19,9,11,11,11,11,12,12,12,12,11,12,12,12,11,11,11,11,11,12,12,12,12,11,8,11,11,13,3,11,11,11,11,11,12,11,14,14,11,11,11,11,11,11,11,3,15,15,15,16,11,11,11,11,6,4,17,11,11,11,5,11,11,11,11,11,11,11,11,11,11,7,7,11,11,11,11,9,9,10,10,9,18,9,10,19,19,19,19,19,19,19,19","0.00679612159729004","infomap","edit-xhwikibooks.graphml"
"0.58","0.14","0.28","0.345410731882111","1,1,1,2,3,2,3,2,4,5,3,6,2,7,4,8,5,3,9,6,10,11,12,7,7,13,7,14,15,5,3,16,6,6,9,17,18,17,10,10,10,10,11,11,11,11,10,11,11,11,10,10,10,10,10,11,11,11,11,10,12,10,10,7,7,10,10,10,10,10,11,10,13,13,10,10,10,10,10,10,10,7,14,14,14,15,10,10,10,10,5,3,16,10,10,10,8,10,10,10,10,10,10,10,10,10,10,6,6,10,10,10,10,17,17,9,9,9,17,9,17,18,18,18,18,18,18,18,18","0.00525999069213867","infomap","edit-xhwikibooks.graphml"
"0.57","0.15","0.28","0.344625787835337","1,1,2,2,3,2,3,2,4,5,3,6,7,8,4,2,5,3,9,6,10,11,7,12,4,13,8,14,15,5,3,16,6,6,17,9,18,4,10,10,10,10,11,11,11,11,10,11,11,11,10,10,10,10,10,11,11,11,11,10,7,10,10,12,4,10,10,10,10,10,11,10,13,13,10,10,10,10,10,10,10,8,14,14,14,15,10,10,10,10,5,3,16,10,10,10,2,10,10,10,10,10,10,10,10,10,10,6,6,10,10,10,10,9,9,9,9,17,17,9,17,18,18,18,18,18,18,18,18","0.00738811492919922","infomap","edit-xhwikibooks.graphml"
"0.56","0.16","0.28","0.351775165406427","1,2,1,1,3,4,3,5,5,6,3,7,8,5,9,4,6,3,10,7,11,2,8,12,9,13,5,14,15,6,3,16,7,7,10,17,18,9,11,11,11,11,2,2,2,2,11,2,2,2,11,11,11,11,11,2,2,2,2,11,8,11,11,12,9,11,11,11,11,11,2,11,13,13,11,11,11,11,11,11,11,5,14,14,14,15,11,11,11,11,6,3,16,11,11,11,4,11,11,11,11,11,11,11,11,11,11,7,7,11,11,11,11,10,17,10,17,10,17,10,10,18,18,18,18,18,18,18,18","0.00661301612854004","infomap","edit-xhwikibooks.graphml"
"0.55","0.17","0.28","0.357240127395175","1,2,1,3,4,3,4,2,5,6,4,7,8,5,9,3,6,4,10,7,11,12,8,13,9,14,5,15,16,6,4,17,7,7,18,10,19,19,11,11,11,11,12,12,12,12,11,12,12,12,11,11,11,11,11,12,12,12,12,11,8,11,11,13,9,11,11,11,11,11,12,11,14,14,11,11,11,11,11,11,11,5,15,15,15,16,11,11,11,11,6,4,17,11,11,11,3,11,11,11,11,11,11,11,11,11,11,7,7,11,11,11,11,10,10,18,10,10,18,18,18,19,19,19,19,19,19,19,19","0.00738310813903809","infomap","edit-xhwikibooks.graphml"
"0.54","0.18","0.28","0.362597344717583","1,2,1,2,3,2,3,2,2,4,5,3,6,7,8,9,4,5,10,3,11,12,6,13,8,14,7,15,16,4,5,17,3,3,18,10,19,8,11,11,11,11,12,12,12,12,11,12,12,12,11,11,11,11,11,12,12,12,12,11,6,11,11,13,8,11,11,11,11,11,12,11,14,14,11,11,11,11,11,11,11,7,15,15,15,16,11,11,11,11,4,5,17,11,11,11,9,11,11,11,11,11,11,11,11,11,11,3,3,11,11,11,11,10,18,18,10,18,10,18,18,19,19,19,19,19,19,19,19","0.00672101974487305","infomap","edit-xhwikibooks.graphml"
"0.53","0.19","0.28","0.35566140400375","1,1,2,2,2,3,2,4,3,5,6,2,7,4,8,9,5,6,10,11,12,13,7,14,8,15,8,16,17,5,6,18,11,11,10,19,20,3,12,12,12,12,13,13,13,13,12,13,13,13,12,12,12,12,12,13,13,13,13,12,7,12,12,14,8,12,12,12,12,12,13,12,15,15,12,12,12,12,12,12,12,8,16,16,16,17,12,12,12,12,5,6,18,12,12,12,9,12,12,12,12,12,12,12,12,12,12,11,11,12,12,12,12,19,19,19,19,10,19,19,19,20,20,20,20,20,20,20,20","0.00763702392578125","infomap","edit-xhwikibooks.graphml"
"0.52","0.2","0.28","0.361599371506301","1,2,1,1,3,1,3,2,4,5,3,6,7,8,4,9,5,3,10,6,11,12,7,13,4,14,8,15,16,5,3,17,6,6,18,10,19,4,11,11,11,11,12,12,12,12,11,12,12,12,11,11,11,11,11,12,12,12,12,11,7,11,11,13,4,11,11,11,11,11,12,11,14,14,11,11,11,11,11,11,11,8,15,15,15,16,11,11,11,11,5,3,17,11,11,11,9,11,11,11,11,11,11,11,11,11,11,6,6,11,11,11,11,18,18,10,10,18,18,18,18,19,19,19,19,19,19,19,19","0.00528407096862793","infomap","edit-xhwikibooks.graphml"
"0.51","0.21","0.28","0.364153538223141","1,1,2,2,3,2,3,1,2,4,3,5,6,2,7,2,4,3,8,5,9,10,6,11,7,12,2,13,14,4,3,15,5,5,16,8,17,7,9,9,9,9,10,10,10,10,9,10,10,10,9,9,9,9,9,10,10,10,10,9,6,9,9,11,7,9,9,9,9,9,10,9,12,12,9,9,9,9,9,9,9,2,13,13,13,14,9,9,9,9,4,3,15,9,9,9,2,9,9,9,9,9,9,9,9,9,9,5,5,9,9,9,9,16,8,16,8,8,8,8,16,17,17,17,17,17,17,17,17","0.00756502151489258","infomap","edit-xhwikibooks.graphml"
"0.5","0.22","0.28","0.36551652892562","1,2,1,2,3,4,3,2,5,6,3,7,8,9,5,4,6,3,10,7,11,2,8,12,9,13,9,14,15,6,3,16,7,7,17,10,18,5,11,11,11,11,2,2,2,2,11,2,2,2,11,11,11,11,11,2,2,2,2,11,8,11,11,12,9,11,11,11,11,11,2,11,13,13,11,11,11,11,11,11,11,9,14,14,14,15,11,11,11,11,6,3,16,11,11,11,4,11,11,11,11,11,11,11,11,11,11,7,7,11,11,11,11,17,17,17,10,17,10,10,17,18,18,18,18,18,18,18,18","0.00652909278869629","infomap","edit-xhwikibooks.graphml"
"0.49","0.23","0.28","0.365695168201681","1,1,2,2,3,2,3,4,4,5,3,6,7,4,8,2,5,3,9,6,10,11,7,12,4,13,8,14,15,5,3,16,6,6,9,17,18,8,10,10,10,10,11,11,11,11,10,11,11,11,10,10,10,10,10,11,11,11,11,10,7,10,10,12,4,10,10,10,10,10,11,10,13,13,10,10,10,10,10,10,10,8,14,14,14,15,10,10,10,10,5,3,16,10,10,10,2,10,10,10,10,10,10,10,10,10,10,6,6,10,10,10,10,9,17,17,9,17,9,9,17,18,18,18,18,18,18,18,18","0.00680088996887207","infomap","edit-xhwikibooks.graphml"
"0.48","0.24","0.28","0.367097577324524","1,1,2,2,2,3,2,1,4,5,6,2,7,4,8,3,5,6,9,10,11,12,7,13,4,14,4,15,16,5,6,17,10,10,9,18,19,8,11,11,11,11,12,12,12,12,11,12,12,12,11,11,11,11,11,12,12,12,12,11,7,11,11,13,4,11,11,11,11,11,12,11,14,14,11,11,11,11,11,11,11,4,15,15,15,16,11,11,11,11,5,6,17,11,11,11,3,11,11,11,11,11,11,11,11,11,11,10,10,11,11,11,11,18,9,18,18,18,9,9,18,19,19,19,19,19,19,19,19","0.0441288948059082","infomap","edit-xhwikibooks.graphml"
"0.47","0.25","0.28","0.359979983736786","1,1,2,2,2,1,2,1,3,4,5,2,6,1,3,7,4,5,8,9,10,11,6,12,1,13,3,14,15,4,5,16,9,9,8,17,18,3,10,10,10,10,11,11,11,11,10,11,11,11,10,10,10,10,10,11,11,11,11,10,6,10,10,12,1,10,10,10,10,10,11,10,13,13,10,10,10,10,10,10,10,3,14,14,14,15,10,10,10,10,4,5,16,10,10,10,7,10,10,10,10,10,10,10,10,10,10,9,9,10,10,10,10,8,8,17,17,17,8,17,17,18,18,18,18,18,18,18,18","0.00879287719726562","infomap","edit-xhwikibooks.graphml"
"0.46","0.26","0.28","0.360144179645962","1,2,1,1,3,4,3,2,4,5,3,6,7,8,9,4,5,3,10,6,11,12,7,13,8,14,9,15,16,5,3,17,6,6,10,18,19,9,11,11,11,11,12,12,12,12,11,12,12,12,11,11,11,11,11,12,12,12,12,11,7,11,11,13,8,11,11,11,11,11,12,11,14,14,11,11,11,11,11,11,11,9,15,15,15,16,11,11,11,11,5,3,17,11,11,11,4,11,11,11,11,11,11,11,11,11,11,6,6,11,11,11,11,18,10,10,18,18,10,18,18,19,19,19,19,19,19,19,19","0.00900793075561523","infomap","edit-xhwikibooks.graphml"
"0.45","0.27","0.28","0.339359062571673","1,1,2,2,2,3,2,4,5,6,2,7,8,4,9,3,6,2,10,7,1,11,8,12,5,13,9,14,15,6,2,16,7,7,17,10,5,5,1,1,1,1,11,11,11,11,1,11,11,11,1,1,1,1,1,11,11,11,11,1,8,1,1,12,5,1,1,1,1,1,11,1,13,13,1,1,1,1,1,1,1,9,14,14,14,15,1,1,1,1,6,2,16,1,1,1,3,1,1,1,1,1,1,1,1,1,1,7,7,1,1,1,1,17,17,17,17,10,10,17,10,5,5,5,5,5,5,5,5","0.00771307945251465","infomap","edit-xhwikibooks.graphml"
"0.44","0.28","0.28","0.355034071007594","1,2,1,1,3,4,3,2,4,5,3,6,7,8,4,4,5,3,9,6,10,11,7,12,13,14,8,15,16,5,3,17,6,6,9,18,19,19,10,10,10,10,11,11,11,11,10,11,11,11,10,10,10,10,10,11,11,11,11,10,7,10,10,12,13,10,10,10,10,10,11,10,14,14,10,10,10,10,10,10,10,8,15,15,15,16,10,10,10,10,5,3,17,10,10,10,4,10,10,10,10,10,10,10,10,10,10,6,6,10,10,10,10,18,9,18,9,9,9,18,18,19,19,19,19,19,19,19,19","0.00779604911804199","infomap","edit-xhwikibooks.graphml"
"0.43","0.29","0.28","0.353813462025458","1,2,1,1,3,4,3,2,5,6,3,7,8,5,5,4,6,3,3,7,9,10,8,11,5,12,13,14,10,6,3,3,7,7,15,16,17,17,9,9,9,9,10,10,10,10,9,10,10,10,9,9,9,9,9,10,10,10,10,9,18,9,9,11,5,9,9,9,9,9,10,9,12,12,9,9,9,9,9,9,9,13,14,14,14,19,9,9,9,9,20,21,22,9,9,9,4,9,9,9,9,9,9,9,9,9,9,7,7,9,9,9,9,15,15,15,16,15,16,15,16,17,17,17,17,17,17,17,17","0.00640487670898438","infomap","edit-xhwikibooks.graphml"
"0.42","0.3","0.28","0.348851122433484","1,2,1,1,3,4,3,5,4,6,3,7,8,5,9,10,6,3,3,7,11,12,8,13,14,15,9,16,2,6,3,3,7,7,14,17,4,4,11,11,11,11,12,12,12,12,11,12,12,12,11,11,11,11,11,12,12,12,12,11,18,11,11,13,14,11,11,11,11,11,12,11,15,15,11,11,11,11,11,11,11,9,16,16,16,19,11,11,11,11,20,21,22,11,11,11,10,11,11,11,11,11,11,11,11,11,11,7,7,11,11,11,11,17,14,17,17,14,17,14,14,4,4,4,4,4,4,4,4","0.00553798675537109","infomap","edit-xhwikibooks.graphml"
"0.41","0.31","0.28","0.353444571428571","1,2,1,1,3,4,3,4,5,6,3,7,8,9,4,4,6,3,3,7,10,11,8,9,9,12,13,14,2,6,3,3,7,7,15,5,16,5,10,10,10,10,11,11,11,11,10,11,11,11,10,10,10,10,10,11,11,11,11,10,17,10,10,9,9,10,10,10,10,10,11,10,12,12,10,10,10,10,10,10,10,13,14,14,14,18,10,10,10,10,19,20,21,10,10,10,4,10,10,10,10,10,10,10,10,10,10,7,7,10,10,10,10,5,15,15,5,15,15,15,5,16,16,16,16,16,16,16,16","0.00728106498718262","infomap","edit-xhwikibooks.graphml"
"0.4","0.32","0.28","0.350253982402369","1,2,1,1,3,4,3,2,4,5,3,6,7,4,8,9,5,3,3,6,10,11,7,12,4,13,14,15,2,5,3,3,6,6,8,16,17,17,10,10,10,10,11,11,11,11,10,11,11,11,10,10,10,10,10,11,11,11,11,10,18,10,10,12,4,10,10,10,10,10,11,10,13,13,10,10,10,10,10,10,10,14,15,15,15,19,10,10,10,10,20,21,22,10,10,10,9,10,10,10,10,10,10,10,10,10,10,6,6,10,10,10,10,16,8,16,8,8,8,16,16,17,17,17,17,17,17,17,17","0.00748300552368164","infomap","edit-xhwikibooks.graphml"
"0.39","0.33","0.28","0.357101994328725","1,2,1,1,3,4,3,2,4,5,3,6,7,8,9,4,5,3,3,6,10,11,7,12,9,13,8,14,2,5,3,3,6,6,15,16,17,9,10,10,10,10,11,11,11,11,10,11,11,11,10,10,10,10,10,11,11,11,11,10,18,10,10,12,9,10,10,10,10,10,11,10,13,13,10,10,10,10,10,10,10,8,14,14,14,19,10,10,10,10,20,21,22,10,10,10,4,10,10,10,10,10,10,10,10,10,10,6,6,10,10,10,10,16,15,16,16,16,15,15,16,17,17,17,17,17,17,17,17","0.00510597229003906","infomap","edit-xhwikibooks.graphml"
"0.38","0.34","0.28","0.370310537725427","1,2,1,3,4,3,4,2,3,5,4,6,7,8,9,10,5,4,11,6,12,13,7,14,8,15,16,17,2,5,4,11,6,6,11,18,9,18,12,12,12,12,13,13,13,13,12,13,13,13,12,12,12,12,12,13,13,13,13,12,19,12,12,14,8,12,12,12,12,12,13,12,15,15,12,12,12,12,12,12,12,16,17,17,17,20,12,12,12,12,21,22,23,12,12,12,10,12,12,12,12,12,12,12,12,12,12,6,6,12,12,12,12,11,18,18,11,11,11,11,18,9,9,9,9,9,9,9,9","0.00638604164123535","infomap","edit-xhwikibooks.graphml"
"0.37","0.35","0.28","0.373258687083995","1,2,1,1,3,4,3,2,4,5,3,6,7,8,9,4,5,3,3,6,10,2,7,11,8,12,13,14,2,5,3,3,6,6,15,9,16,16,10,10,10,10,2,2,2,2,10,2,2,2,10,10,10,10,10,2,2,2,2,10,17,10,10,11,8,10,10,10,10,10,2,10,12,12,10,10,10,10,10,10,10,13,14,14,14,18,10,10,10,10,19,20,21,10,10,10,4,10,10,10,10,10,10,10,10,10,10,6,6,10,10,10,10,15,9,9,15,9,15,15,9,16,16,16,16,16,16,16,16","0.00732898712158203","infomap","edit-xhwikibooks.graphml"
"0.36","0.36","0.28","0.324447707627698","1,2,1,1,3,1,3,2,2,4,3,5,6,7,8,9,4,3,3,5,10,11,6,12,8,13,7,14,2,4,3,3,5,5,15,16,17,2,10,10,10,10,2,2,2,2,10,11,2,2,10,10,10,10,10,11,2,2,2,10,18,10,10,12,8,10,10,10,10,10,2,10,13,13,10,10,10,10,10,10,10,7,14,14,14,19,10,10,10,10,20,21,22,10,10,10,9,10,10,10,10,10,10,10,10,10,10,5,5,10,10,10,10,16,16,15,15,16,15,16,15,17,17,17,17,17,17,17,17","0.00636196136474609","infomap","edit-xhwikibooks.graphml"
"0.35","0.37","0.28","0.350050924495599","1,2,1,1,3,4,3,2,4,5,3,6,7,8,4,4,5,3,3,6,9,10,7,11,12,13,8,14,2,5,3,3,6,6,15,16,17,17,9,9,9,9,10,10,10,10,9,10,10,10,9,9,9,9,9,10,10,10,10,9,18,9,9,11,12,9,9,9,9,9,10,9,13,13,9,9,9,9,9,9,9,8,14,14,14,19,9,9,9,9,20,21,22,9,9,9,4,9,9,9,9,9,9,9,9,9,9,6,6,9,9,9,9,16,15,16,15,16,16,16,15,17,17,17,17,17,17,17,17","0.00516510009765625","infomap","edit-xhwikibooks.graphml"
"0.34","0.38","0.28","0.339160816326531","1,2,1,1,3,1,3,1,4,5,3,6,7,1,4,8,5,3,3,6,9,10,7,11,12,13,1,14,2,5,3,3,6,6,15,16,17,4,9,9,9,9,10,10,10,10,9,10,10,10,9,9,9,9,9,10,10,10,10,9,18,9,9,11,12,9,9,9,9,9,10,9,13,13,9,9,9,9,9,9,9,1,14,14,14,19,9,9,9,9,20,21,22,9,9,9,8,9,9,9,9,9,9,9,9,9,9,6,6,9,9,9,9,16,16,15,16,15,15,16,15,17,4,4,17,4,4,4,4","0.00522804260253906","infomap","edit-xhwikibooks.graphml"
"0.33","0.39","0.28","0.351566246533642","1,2,1,1,3,4,3,2,4,5,3,6,7,8,9,4,5,3,3,6,10,11,7,12,8,13,14,15,2,5,3,3,6,6,16,9,17,17,10,10,10,10,11,11,11,11,10,11,11,11,10,10,10,10,10,11,11,11,11,10,18,10,10,12,8,10,10,10,10,10,11,10,13,13,10,10,10,10,10,10,10,14,15,15,15,19,10,10,10,10,20,21,22,10,10,10,4,10,10,10,10,10,10,10,10,10,10,6,6,10,10,10,10,9,9,9,9,16,16,16,9,17,17,17,17,17,17,17,17","0.0063939094543457","infomap","edit-xhwikibooks.graphml"
"0.32","0.4","0.28","0.356925143760168","1,2,1,3,4,3,4,2,5,6,4,7,8,9,2,3,6,4,4,7,10,11,8,12,9,13,2,14,2,6,4,4,7,7,15,5,16,5,10,10,10,10,11,11,11,11,10,11,11,11,10,10,10,10,10,11,11,11,11,10,17,10,10,12,9,10,10,10,10,10,11,10,13,13,10,10,10,10,10,10,10,2,14,14,14,18,10,10,10,10,19,20,21,10,10,10,3,10,10,10,10,10,10,10,10,10,10,7,7,10,10,10,10,5,15,15,15,15,15,5,15,16,16,16,16,16,16,16,16","0.0073699951171875","infomap","edit-xhwikibooks.graphml"
"0.31","0.41","0.28","0.361081916578427","1,1,2,2,2,3,2,3,4,5,6,2,7,8,4,9,5,6,6,10,11,12,7,7,8,13,14,9,1,5,6,6,10,10,15,4,4,4,11,11,11,11,12,12,12,12,11,12,12,12,11,11,11,11,11,12,12,12,12,11,16,11,11,7,8,11,11,11,11,11,12,11,13,13,11,11,11,11,11,11,11,14,9,9,9,17,11,11,11,11,18,19,20,11,11,11,9,11,11,11,11,11,11,11,11,11,11,10,10,11,11,11,11,4,15,15,15,15,15,15,15,4,4,4,4,4,4,4,4","0.00850582122802734","infomap","edit-xhwikibooks.graphml"
"0.3","0.42","0.28","0.355546580858674","1,1,2,2,2,3,2,3,4,5,6,2,7,8,4,9,5,6,6,10,11,12,7,7,4,13,8,9,1,5,6,6,10,10,14,15,16,4,11,11,11,11,12,12,12,12,11,12,12,12,11,11,11,11,11,12,12,12,12,11,17,11,11,7,4,11,11,11,11,11,12,11,13,13,11,11,11,11,11,11,11,8,9,9,9,18,11,11,11,11,19,20,21,11,11,11,9,11,11,11,11,11,11,11,11,11,11,10,10,11,11,11,11,15,15,15,15,14,14,14,14,16,16,16,16,16,16,16,16","0.00721192359924316","infomap","edit-xhwikibooks.graphml"
"0.29","0.43","0.28","0.361965320781468","1,1,2,2,2,1,2,1,3,4,2,5,6,7,3,8,4,2,2,5,9,10,6,6,7,11,3,8,1,4,2,2,5,5,12,13,14,3,9,9,9,9,10,10,10,10,9,10,10,10,9,9,9,9,9,10,10,10,10,9,15,9,9,6,7,9,9,9,9,9,10,9,11,11,9,9,9,9,9,9,9,3,8,8,8,16,9,9,9,9,17,18,19,9,9,9,8,9,9,9,9,9,9,9,9,9,9,5,5,9,9,9,9,12,12,13,13,13,12,12,12,14,14,14,14,14,14,14,14","0.0052330493927002","infomap","edit-xhwikibooks.graphml"
"0.28","0.44","0.28","0.35690713518506","1,1,2,2,2,3,2,3,4,5,6,2,7,4,8,9,5,6,6,10,11,12,7,7,4,13,4,9,1,5,6,6,10,10,14,15,16,8,11,11,11,11,12,12,12,12,11,12,12,12,11,11,11,11,11,12,12,12,12,11,17,11,11,7,4,11,11,11,11,11,12,11,13,13,11,11,11,11,11,11,11,4,9,9,9,18,11,11,11,11,19,20,21,11,11,11,9,11,11,11,11,11,11,11,11,11,11,10,10,11,11,11,11,15,15,14,14,15,14,14,15,16,16,16,16,16,16,16,16","0.00642704963684082","infomap","edit-xhwikibooks.graphml"
"0.27","0.45","0.28","0.361512655942411","1,1,2,2,2,1,2,1,3,4,5,2,6,7,3,8,4,5,5,9,10,11,6,6,7,12,7,8,1,4,5,5,9,9,13,14,15,3,10,10,10,10,11,11,11,11,10,11,11,11,10,10,10,10,10,11,11,11,11,10,16,10,10,6,7,10,10,10,10,10,11,10,12,12,10,10,10,10,10,10,10,7,8,8,8,17,10,10,10,10,18,19,20,10,10,10,8,10,10,10,10,10,10,10,10,10,10,9,9,10,10,10,10,13,14,13,14,14,13,14,14,15,15,15,15,15,15,15,15","0.00707697868347168","infomap","edit-xhwikibooks.graphml"
"0.26","0.46","0.28","0.361854338842975","1,1,2,2,2,3,2,3,3,4,5,2,6,7,8,9,4,5,5,10,11,1,6,6,7,12,7,9,1,4,5,5,10,10,13,14,15,8,11,11,11,11,1,1,1,1,11,1,1,1,11,11,11,11,11,1,1,1,1,11,16,11,11,6,7,11,11,11,11,11,1,11,12,12,11,11,11,11,11,11,11,7,9,9,9,17,11,11,11,11,18,19,20,11,11,11,9,11,11,11,11,11,11,11,11,11,11,10,10,11,11,11,11,13,14,14,14,14,14,13,13,15,15,15,15,15,15,15,15","0.0104830265045166","infomap","edit-xhwikibooks.graphml"
"0.25","0.47","0.28","0.361781898343256","1,1,2,2,2,3,2,3,4,5,6,2,7,8,4,9,5,6,6,10,11,12,7,7,4,13,8,9,1,5,6,6,10,10,14,15,16,4,11,11,11,11,12,12,12,12,11,12,12,12,11,11,11,11,11,12,12,12,12,11,17,11,11,7,4,11,11,11,11,11,12,11,13,13,11,11,11,11,11,11,11,8,9,9,9,18,11,11,11,11,19,20,21,11,11,11,9,11,11,11,11,11,11,11,11,11,11,10,10,11,11,11,11,14,15,14,14,15,15,15,15,16,16,16,16,16,16,16,16","0.0078730583190918","infomap","edit-xhwikibooks.graphml"
"0.24","0.48","0.28","0.359348728153393","1,1,2,2,2,3,2,4,3,5,6,2,7,4,8,9,5,6,6,10,11,12,7,7,3,13,8,9,1,5,6,6,10,10,14,15,3,3,11,11,11,11,12,12,12,12,11,12,12,12,11,11,11,11,11,12,12,12,12,11,16,11,11,7,3,11,11,11,11,11,12,11,13,13,11,11,11,11,11,11,11,8,9,9,9,17,11,11,11,11,18,19,20,11,11,11,9,11,11,11,11,11,11,11,11,11,11,10,10,11,11,11,11,14,14,14,14,14,15,14,14,3,3,3,3,3,3,3,3","0.00624179840087891","infomap","edit-xhwikibooks.graphml"
"0.23","0.49","0.28","0.359755256963439","1,1,2,2,2,3,2,3,3,4,2,5,6,7,8,9,4,2,10,5,11,12,6,6,8,13,7,9,1,4,2,10,5,5,10,14,15,8,11,11,11,11,12,12,12,12,11,12,12,12,11,11,11,11,11,12,12,12,12,11,16,11,11,6,8,11,11,11,11,11,12,11,13,13,11,11,11,11,11,11,11,7,9,9,9,17,11,11,11,11,18,19,20,11,11,11,9,11,11,11,11,11,11,11,11,11,11,5,5,11,11,11,11,14,14,14,14,14,14,14,14,15,15,15,15,15,15,15,15","0.00480008125305176","infomap","edit-xhwikibooks.graphml"
"0.22","0.5","0.28","0.424080673978047","1,1,2,2,2,3,2,4,3,5,6,2,7,4,3,8,5,6,6,9,1,10,7,7,3,3,3,8,1,5,6,6,9,9,11,11,12,3,1,1,1,1,10,10,10,10,1,10,10,10,1,1,1,1,1,10,10,10,10,1,13,1,1,7,3,1,1,1,1,1,10,1,3,3,1,1,1,1,1,1,1,3,8,8,8,14,1,1,1,1,15,16,17,1,1,1,8,1,1,1,1,1,1,1,1,1,1,9,9,1,1,1,1,11,11,11,11,11,11,11,11,12,12,12,12,12,12,12,12","0.0059049129486084","infomap","edit-xhwikibooks.graphml"
"0.21","0.51","0.28","0.396299138401541","1,1,2,2,2,3,2,1,3,4,5,2,6,3,7,8,4,5,5,9,10,11,6,6,7,12,3,8,1,4,5,5,9,9,13,14,15,7,10,10,10,10,11,11,11,11,10,11,11,11,10,10,10,10,10,11,11,11,11,10,16,10,10,6,7,10,10,10,10,10,11,10,12,12,10,10,10,10,10,10,10,3,8,8,8,17,10,10,10,10,18,19,20,10,10,10,8,10,10,10,10,10,10,10,10,10,10,9,9,10,10,10,10,13,13,14,14,14,14,13,14,15,15,15,15,15,15,15,15","0.00634598731994629","infomap","edit-xhwikibooks.graphml"
"0.2","0.52","0.28","0.414355037342153","1,1,2,2,2,1,2,1,3,4,5,2,6,3,3,7,4,5,5,8,9,10,6,6,3,11,3,7,1,4,5,5,8,8,12,13,3,3,9,9,9,9,10,10,10,10,9,10,10,10,9,9,9,9,9,10,10,10,10,9,14,9,9,6,3,9,9,9,9,9,10,9,11,11,9,9,9,9,9,9,9,3,7,7,7,15,9,9,9,9,16,17,18,9,9,9,7,9,9,9,9,9,9,9,9,9,9,8,8,9,9,9,9,12,12,13,12,13,12,12,12,3,3,3,3,3,3,3,3","0.00718784332275391","infomap","edit-xhwikibooks.graphml"
"0.19","0.53","0.28","0.408755463709771","1,1,2,2,2,1,2,1,3,4,5,2,6,3,3,7,4,5,5,8,9,10,6,6,3,11,3,7,1,4,5,5,8,8,12,13,14,3,9,9,9,9,10,10,10,10,9,10,10,10,9,9,9,9,9,10,10,10,10,9,15,9,9,6,3,9,9,9,9,9,10,9,11,11,9,9,9,9,9,9,9,3,7,7,7,16,9,9,9,9,17,18,19,9,9,9,7,9,9,9,9,9,9,9,9,9,9,8,8,9,9,9,9,12,12,12,12,12,12,13,13,14,14,14,14,14,14,14,14","0.00603604316711426","infomap","edit-xhwikibooks.graphml"
"0.18","0.54","0.28","0.391349529691189","1,1,2,2,2,3,2,3,3,4,5,2,6,7,7,8,4,5,5,9,1,10,6,6,7,11,7,8,1,4,5,5,9,9,12,13,14,7,1,1,1,1,10,10,10,10,1,10,10,10,1,1,1,1,1,10,10,10,10,1,15,1,1,6,7,1,1,1,1,1,10,1,11,11,1,1,1,1,1,1,1,7,8,8,8,16,1,1,1,1,17,18,19,1,1,1,8,1,1,1,1,1,1,1,1,1,1,9,9,1,1,1,1,12,12,12,12,13,12,13,12,14,14,14,14,14,14,14,14","0.00490307807922363","infomap","edit-xhwikibooks.graphml"
"0.17","0.55","0.28","0.396080835093582","1,1,2,2,2,3,2,3,3,4,5,2,6,7,8,9,4,5,5,10,11,12,6,6,8,13,7,9,1,4,5,5,10,10,14,15,16,8,11,11,11,11,12,12,12,12,11,12,12,12,11,11,11,11,11,12,12,12,12,11,17,11,11,6,8,11,11,11,11,11,12,11,13,13,11,11,11,11,11,11,11,7,9,9,9,18,11,11,11,11,19,20,21,11,11,11,9,11,11,11,11,11,11,11,11,11,11,10,10,11,11,11,11,15,15,15,15,14,15,15,14,16,16,16,16,16,16,16,16","0.00730800628662109","infomap","edit-xhwikibooks.graphml"
"0.16","0.56","0.28","-0.0105865400035304","1,1,2,2,2,3,2,3,3,4,5,2,6,3,7,8,4,5,5,9,10,11,6,6,12,12,7,8,1,4,5,5,9,9,13,14,15,7,1,1,1,1,11,11,11,11,1,11,11,11,1,1,1,1,1,11,11,11,11,1,16,1,1,6,12,1,1,1,1,1,11,1,12,12,1,1,1,1,1,1,1,7,8,8,8,17,1,1,1,1,18,19,20,1,1,1,8,1,1,1,1,1,1,1,1,1,1,9,9,1,1,1,10,13,13,14,13,13,13,14,13,15,15,15,15,15,15,15,15","0.00649404525756836","infomap","edit-xhwikibooks.graphml"
"0.15","0.57","0.28","0.398028900673345","1,1,2,2,2,3,2,3,4,3,2,5,6,4,7,8,9,2,2,5,10,11,6,6,7,12,4,8,1,13,14,2,5,5,15,16,17,7,10,10,10,10,11,11,11,11,10,11,11,11,10,10,10,10,10,11,11,11,11,10,18,10,10,19,20,10,10,10,10,10,11,10,12,12,10,10,10,10,10,10,10,21,8,8,8,22,10,10,10,10,23,24,25,10,10,10,26,10,10,10,10,10,10,10,10,10,10,27,28,10,10,10,10,15,15,15,15,15,15,16,15,17,17,17,17,17,17,17,17","0.00670719146728516","infomap","edit-xhwikibooks.graphml"
"0.14","0.58","0.28","0.398700949598247","1,1,2,2,2,3,2,3,3,3,2,4,5,6,7,8,9,2,2,4,10,1,5,5,6,11,7,8,1,12,13,2,4,4,14,15,16,7,10,10,10,10,1,1,1,1,10,1,1,1,10,10,10,10,10,1,1,1,1,10,17,10,10,18,19,10,10,10,10,10,1,10,11,11,10,10,10,10,10,10,10,20,8,8,8,21,10,10,10,10,22,23,24,10,10,10,25,10,10,10,10,10,10,10,10,10,10,26,27,10,10,10,10,15,15,14,14,14,14,14,15,16,16,16,16,16,16,16,16","0.00914812088012695","infomap","edit-xhwikibooks.graphml"
"0.13","0.59","0.28","0.4022054261577","1,1,2,2,2,3,2,3,3,3,2,4,5,3,6,7,8,2,2,4,9,10,5,5,6,11,6,7,1,12,13,2,4,4,14,15,16,6,9,9,9,9,10,10,10,10,9,10,10,10,9,9,9,9,9,10,10,10,10,9,17,9,9,18,19,9,9,9,9,9,10,9,11,11,9,9,9,9,9,9,9,20,7,7,7,21,9,9,9,9,22,23,24,9,9,9,25,9,9,9,9,9,9,9,9,9,9,26,27,9,9,9,9,14,14,14,15,14,14,15,14,16,16,16,16,16,16,16,16","0.00603580474853516","infomap","edit-xhwikibooks.graphml"
"0.12","0.6","0.28","0.38944058412604","1,1,2,2,2,3,2,3,3,3,2,4,5,6,7,8,9,2,2,4,1,10,5,5,6,11,6,8,1,12,13,2,4,4,14,15,7,7,1,1,1,1,10,10,10,10,1,10,10,10,1,1,1,1,1,10,10,10,10,1,16,1,1,17,18,1,1,1,1,1,10,1,11,11,1,1,1,1,1,1,1,19,8,8,8,20,1,1,1,1,21,22,23,1,1,1,24,1,1,1,1,1,1,1,1,1,1,25,26,1,1,1,1,14,14,15,14,14,15,14,14,7,7,7,7,7,7,7,7","0.00964808464050293","infomap","edit-xhwikibooks.graphml"
"0.11","0.61","0.28","0.397742980924429","1,1,2,2,2,3,2,1,3,3,2,4,5,6,3,7,8,2,2,4,9,10,5,5,3,11,6,7,1,12,13,2,4,4,14,15,16,3,9,9,9,9,10,10,10,10,9,10,10,10,9,9,9,9,9,10,10,10,10,9,17,9,9,18,19,9,9,9,9,9,10,9,11,11,9,9,9,9,9,9,9,20,7,7,7,21,9,9,9,9,22,23,24,9,9,9,25,9,9,9,9,9,9,9,9,9,9,26,27,9,9,9,9,14,15,14,15,14,14,15,15,16,16,16,16,16,16,16,16","0.00684309005737305","infomap","edit-xhwikibooks.graphml"
"0.1","0.62","0.28","0.403881951670713","1,1,2,2,2,3,2,4,3,3,2,5,6,4,3,7,8,2,2,5,9,10,6,6,3,11,3,7,1,12,13,2,5,5,14,15,16,3,9,9,9,9,10,10,10,10,9,10,10,10,9,9,9,9,9,10,10,10,10,9,17,9,9,18,19,9,9,9,9,9,10,9,11,11,9,9,9,9,9,9,9,20,7,7,7,21,9,9,9,9,22,23,24,9,9,9,25,9,9,9,9,9,9,9,9,9,9,26,27,9,9,9,9,14,14,14,15,15,14,14,14,16,16,16,16,16,16,16,16","0.0069880485534668","infomap","edit-xhwikibooks.graphml"
"0.09","0.63","0.28","0.386213154491261","1,2,1,3,4,3,4,5,3,3,6,4,7,5,8,9,10,6,6,4,2,11,7,7,5,12,5,9,2,13,14,6,4,4,15,16,17,8,2,2,2,2,11,11,11,11,2,11,11,11,2,2,2,2,2,11,11,11,11,2,18,2,2,19,20,2,2,2,2,2,11,2,12,12,2,2,2,2,2,2,2,21,9,9,9,22,2,2,2,2,23,24,25,2,2,2,26,2,2,2,2,2,2,2,2,2,2,27,28,2,2,2,2,16,16,16,15,16,15,16,15,17,17,17,17,17,17,17,17","0.00693082809448242","infomap","edit-xhwikibooks.graphml"
"0.08","0.64","0.28","0.40337186375483","1,2,1,3,4,3,4,2,3,3,5,4,6,7,8,9,10,5,5,4,11,2,6,6,7,12,7,9,2,13,14,5,4,4,15,16,8,8,11,11,11,11,2,2,2,2,11,2,2,2,11,11,11,11,11,2,2,2,2,11,17,11,11,18,19,11,11,11,11,11,2,11,12,12,11,11,11,11,11,11,11,20,9,9,9,21,11,11,11,11,22,23,24,11,11,11,25,11,11,11,11,11,11,11,11,11,11,26,27,11,11,11,11,16,16,15,16,15,16,16,16,8,8,8,8,8,8,8,8","0.00894522666931152","infomap","edit-xhwikibooks.graphml"
"0.07","0.65","0.28","0.402621847888154","1,1,2,2,2,3,2,3,4,3,2,5,6,7,4,8,9,2,2,5,10,11,6,6,7,12,4,8,1,13,14,2,5,5,15,16,17,4,10,10,10,10,11,11,11,11,10,11,11,11,10,10,10,10,10,11,11,11,11,10,18,10,10,19,20,10,10,10,10,10,11,10,12,12,10,10,10,10,10,10,10,21,8,8,8,22,10,10,10,10,23,24,25,10,10,10,26,10,10,10,10,10,10,10,10,10,10,27,28,10,10,10,10,15,16,16,16,15,15,15,15,17,17,17,17,17,17,17,17","0.00494384765625","infomap","edit-xhwikibooks.graphml"
"0.06","0.66","0.28","0.397817697876181","1,1,2,2,2,3,2,3,4,3,2,5,6,7,4,8,9,2,2,5,10,11,6,6,7,12,7,8,1,13,14,2,5,5,15,16,17,4,10,10,10,10,11,11,11,11,10,11,11,11,10,10,10,10,10,11,11,11,11,10,18,10,10,19,20,10,10,10,10,10,11,10,12,12,10,10,10,10,10,10,10,21,8,8,8,22,10,10,10,10,23,24,25,10,10,10,26,10,10,10,10,10,10,10,10,10,10,27,28,10,10,10,10,15,16,15,15,16,16,15,16,17,17,17,17,17,17,17,17","0.00487709045410156","infomap","edit-xhwikibooks.graphml"
"0.05","0.67","0.28","0.412592313413447","1,1,2,2,2,3,2,3,4,3,2,5,6,4,7,8,9,2,2,5,10,1,6,6,4,11,4,8,1,12,13,2,5,5,14,7,15,4,10,10,10,10,1,1,1,1,10,1,1,1,10,10,10,10,10,1,1,1,1,10,16,10,10,17,18,10,10,10,10,10,1,10,11,11,10,10,10,10,10,10,10,19,8,8,8,20,10,10,10,10,21,22,23,10,10,10,24,10,10,10,10,10,10,10,10,10,10,25,26,10,10,10,10,14,7,7,14,14,7,7,14,15,15,15,15,15,15,15,15","0.00903797149658203","infomap","edit-xhwikibooks.graphml"
"0.04","0.68","0.28","0.39412015267465","1,1,2,2,2,3,2,3,3,3,2,4,5,6,7,8,9,2,2,4,1,10,5,5,7,11,6,8,1,12,13,2,4,4,14,15,16,7,1,1,1,1,10,10,10,10,1,10,10,10,1,1,1,1,1,10,10,10,10,1,17,1,1,18,19,1,1,1,1,1,10,1,11,11,1,1,1,1,1,1,1,20,8,8,8,21,1,1,1,1,22,23,24,1,1,1,25,1,1,1,1,1,1,1,1,1,1,26,27,1,1,1,1,14,15,14,14,15,15,15,15,16,16,16,16,16,16,16,16","0.00824499130249023","infomap","edit-xhwikibooks.graphml"
"0.03","0.69","0.28","0.40854119425548","1,2,1,3,4,3,4,2,3,3,5,4,6,7,8,9,10,5,5,4,11,12,6,6,8,13,7,9,2,14,15,5,4,4,16,17,7,7,11,11,11,11,12,12,12,12,11,12,12,12,11,11,11,11,11,12,12,12,12,11,18,11,11,19,20,11,11,11,11,11,12,11,13,13,11,11,11,11,11,11,11,21,9,9,9,22,11,11,11,11,23,24,25,11,11,11,26,11,11,11,11,11,11,11,11,11,11,27,28,11,11,11,11,17,16,16,17,16,16,16,16,7,7,7,7,7,7,7,7","0.0102288722991943","infomap","edit-xhwikibooks.graphml"
"0.02","0.7","0.28","0.416264208037402","1,2,1,3,4,3,4,2,5,3,6,4,7,8,5,9,10,6,6,4,11,12,7,7,8,13,8,9,2,14,15,6,4,4,16,17,18,5,11,11,11,11,12,12,12,12,11,12,12,12,11,11,11,11,11,12,12,12,12,11,19,11,11,20,21,11,11,11,11,11,12,11,13,13,11,11,11,11,11,11,11,22,9,9,9,23,11,11,11,11,24,25,26,11,11,11,27,11,11,11,11,11,11,11,11,11,11,28,29,11,11,11,11,16,16,16,17,16,16,16,16,18,18,18,18,18,18,18,18","0.00744891166687012","infomap","edit-xhwikibooks.graphml"
"0.01","0.71","0.28","0.41017931354391","1,2,1,3,4,3,4,2,3,3,5,4,6,7,8,9,10,5,5,4,11,12,6,6,7,13,8,9,2,14,15,5,4,4,16,17,18,8,11,11,11,11,12,12,12,12,11,12,12,12,11,11,11,11,11,12,12,12,12,11,19,11,11,20,21,11,11,11,11,11,12,11,13,13,11,11,11,11,11,11,11,22,9,9,9,23,11,11,11,11,24,25,26,11,11,11,27,11,11,11,11,11,11,11,11,11,11,28,29,11,11,11,11,16,17,16,16,17,16,17,16,18,18,18,18,18,18,18,18","0.00681281089782715","infomap","edit-xhwikibooks.graphml"
"0","0.72","0.28","0.45658120481084","1,1,1,2,3,2,3,1,2,2,3,4,5,6,6,7,8,3,3,4,9,10,5,5,6,11,6,7,1,12,13,3,4,4,14,14,15,6,9,9,9,9,10,10,10,10,9,10,10,10,9,9,9,9,9,10,10,10,10,9,16,9,9,17,18,9,9,9,9,9,10,9,11,11,9,9,9,9,9,9,9,19,7,7,7,20,9,9,9,9,21,22,23,9,9,9,24,9,9,9,9,9,9,9,9,9,9,25,26,9,9,9,9,14,14,14,14,14,14,14,14,15,15,15,15,15,15,15,15","0.0102169513702393","infomap","edit-xhwikibooks.graphml"
"0.71","0","0.29","0.348339092309851","1,1,2,2,2,3,2,3,3,4,5,2,6,7,8,3,4,9,5,2,10,11,6,7,7,12,8,13,14,4,9,15,16,2,17,18,19,3,10,10,10,10,11,11,11,11,10,11,11,11,10,10,10,10,10,11,11,11,11,10,6,10,10,7,7,10,10,10,10,10,11,10,12,12,10,10,10,10,10,10,10,8,13,13,13,14,10,10,10,10,4,9,15,10,10,10,3,10,10,10,10,10,10,10,10,10,10,16,16,10,10,10,10,17,17,18,18,17,17,18,17,19,19,19,19,19,19,19,19","0.0079801082611084","infomap","edit-xhwikibooks.graphml"
"0.7","0.01","0.29","0.343069952996849","1,1,2,2,2,3,2,3,3,4,5,2,6,7,3,8,4,9,5,2,10,11,6,3,7,12,3,13,14,4,9,15,16,2,17,18,19,3,10,10,10,10,11,11,11,11,10,11,11,11,10,10,10,10,10,11,11,11,11,10,6,10,10,3,7,10,10,10,10,10,11,10,12,12,10,10,10,10,10,10,10,3,13,13,13,14,10,10,10,10,4,9,15,10,10,10,8,10,10,10,10,10,10,10,10,10,10,16,16,10,10,10,10,17,17,3,3,17,17,18,17,19,19,19,19,19,19,19,19","0.0058588981628418","infomap","edit-xhwikibooks.graphml"
"0.69","0.02","0.29","0.351194412908596","1,2,1,3,4,5,4,5,3,6,7,4,8,9,3,5,6,10,7,4,11,2,8,5,3,12,9,13,14,6,10,15,16,4,17,18,19,3,11,11,11,11,2,2,2,2,11,2,2,2,11,11,11,11,11,2,2,2,2,11,8,11,11,5,3,11,11,11,11,11,2,11,12,12,11,11,11,11,11,11,11,9,13,13,13,14,11,11,11,11,6,10,15,11,11,11,5,11,11,11,11,11,11,11,11,11,11,16,16,11,11,11,11,17,17,17,18,18,17,18,17,19,19,19,19,19,19,19,19","0.0068061351776123","infomap","edit-xhwikibooks.graphml"
"0.68","0.03","0.29","0.352848659661869","1,1,2,2,2,3,2,3,4,5,6,2,7,8,4,3,5,9,6,2,10,1,7,11,12,13,8,14,15,5,9,16,17,2,18,19,4,4,10,10,10,10,1,1,1,1,10,1,1,1,10,10,10,10,10,1,1,1,1,10,7,10,10,11,12,10,10,10,10,10,1,10,13,13,10,10,10,10,10,10,10,8,14,14,14,15,10,10,10,10,5,9,16,10,10,10,3,10,10,10,10,10,10,10,10,10,10,17,17,10,10,10,10,19,18,18,19,19,18,19,18,4,4,4,4,4,4,4,4","0.00549006462097168","infomap","edit-xhwikibooks.graphml"
"0.67","0.04","0.29","0.335812199486427","1,1,2,2,2,3,4,3,5,6,4,7,8,5,9,3,6,10,4,7,1,11,8,12,5,13,9,14,15,6,10,16,17,7,18,19,20,9,1,1,1,1,11,11,11,11,1,11,11,11,1,1,1,1,1,11,11,11,11,1,8,1,1,12,5,1,1,1,1,1,11,1,13,13,1,1,1,1,1,1,1,9,14,14,14,15,1,1,1,1,6,10,16,1,1,1,3,1,1,1,1,1,1,1,1,1,1,17,17,1,1,1,1,18,18,18,18,19,18,18,19,20,20,20,20,20,20,20,20","0.00564908981323242","infomap","edit-xhwikibooks.graphml"
"0.66","0.05","0.29","0.346113543012287","1,1,2,2,3,2,3,4,2,5,6,3,7,4,8,2,5,9,6,3,10,11,7,12,8,13,8,14,15,5,9,16,17,3,18,19,20,8,10,10,10,10,11,11,11,11,10,11,11,11,10,10,10,10,10,11,11,11,11,10,7,10,10,12,8,10,10,10,10,10,11,10,13,13,10,10,10,10,10,10,10,8,14,14,14,15,10,10,10,10,5,9,16,10,10,10,2,10,10,10,10,10,10,10,10,10,10,17,17,10,10,10,10,18,19,18,19,18,19,18,19,20,20,20,20,20,20,20,20","0.00680017471313477","infomap","edit-xhwikibooks.graphml"
"0.65","0.06","0.29","0.340585227117994","1,1,1,2,3,4,3,2,2,5,6,3,7,2,8,4,5,9,6,3,10,11,7,12,2,13,8,14,15,5,9,16,17,3,18,19,20,8,10,10,10,10,11,11,11,11,10,11,11,11,10,10,10,10,10,11,11,11,11,10,7,10,10,12,2,10,10,10,10,10,11,10,13,13,10,10,10,10,10,10,10,8,14,14,14,15,10,10,10,10,5,9,16,10,10,10,4,10,10,10,10,10,10,10,10,10,10,17,17,10,10,10,10,19,19,19,18,19,19,18,19,20,20,20,20,20,20,20,20","0.00667500495910645","infomap","edit-xhwikibooks.graphml"
"0.64","0.07","0.29","0.336210319721583","1,2,1,2,3,4,3,2,5,6,7,3,8,5,9,4,6,10,7,3,11,12,8,13,9,14,5,15,16,6,10,17,18,3,19,20,21,9,11,11,11,11,12,12,12,12,11,12,12,12,11,11,11,11,11,12,12,12,12,11,8,11,11,13,9,11,11,11,11,11,12,11,14,14,11,11,11,11,11,11,11,5,15,15,15,16,11,11,11,11,6,10,17,11,11,11,4,11,11,11,11,11,11,11,11,11,11,18,18,11,11,11,11,20,19,20,20,20,19,19,20,21,21,21,21,21,21,21,21","0.00677800178527832","infomap","edit-xhwikibooks.graphml"
"0.63","0.08","0.29","0.332936116524379","1,2,1,1,3,1,3,4,4,5,6,3,7,4,8,9,5,10,6,3,2,11,7,12,4,13,8,14,15,5,10,16,17,3,18,19,20,8,2,2,2,2,11,11,11,11,2,11,11,11,2,2,2,2,2,11,11,11,11,2,7,2,2,12,4,2,2,2,2,2,11,2,13,13,2,2,2,2,2,2,2,8,14,14,14,15,2,2,2,2,5,10,16,2,2,2,9,2,2,2,2,2,2,2,2,2,2,17,17,2,2,2,2,18,19,19,19,19,18,19,19,20,20,20,20,20,20,20,20","0.00587797164916992","infomap","edit-xhwikibooks.graphml"
"0.62","0.09","0.29","0.340776971542895","1,1,1,1,2,1,2,1,3,4,5,2,6,7,3,8,4,9,5,2,10,11,6,12,7,13,7,14,15,4,9,16,17,2,18,19,20,3,10,10,10,10,11,11,11,11,10,11,11,11,10,10,10,10,10,11,11,11,11,10,6,10,10,12,7,10,10,10,10,10,11,10,13,13,10,10,10,10,10,10,10,7,14,14,14,15,10,10,10,10,4,9,16,10,10,10,8,10,10,10,10,10,10,10,10,10,10,17,17,10,10,10,10,19,19,19,19,19,18,19,19,20,20,20,20,20,20,20,20","0.00914812088012695","infomap","edit-xhwikibooks.graphml"
"0.61","0.1","0.29","0.341455403266744","1,1,2,2,2,3,2,4,3,5,6,2,7,4,8,3,5,9,6,2,10,11,7,12,4,13,8,14,15,5,9,16,17,2,18,19,20,8,10,10,10,10,11,11,11,11,10,11,11,11,10,10,10,10,10,11,11,11,11,10,7,10,10,12,4,10,10,10,10,10,11,10,13,13,10,10,10,10,10,10,10,8,14,14,14,15,10,10,10,10,5,9,16,10,10,10,3,10,10,10,10,10,10,10,10,10,10,17,17,10,10,10,10,18,19,18,19,19,18,18,19,20,20,20,20,20,20,20,20","0.00688600540161133","infomap","edit-xhwikibooks.graphml"
"0.6","0.11","0.29","0.329344525276024","1,2,1,3,4,3,4,2,3,5,6,4,7,8,9,3,5,10,6,4,11,12,7,13,9,14,8,15,16,5,10,17,18,4,19,20,21,9,11,11,11,11,12,12,12,12,11,12,12,12,11,11,11,11,11,12,12,12,12,11,7,11,11,13,9,11,11,11,11,11,12,11,14,14,11,11,11,11,11,11,11,8,15,15,15,16,11,11,11,11,5,10,17,11,11,11,3,11,11,11,11,11,11,11,11,11,11,18,18,11,11,11,11,19,19,19,9,9,9,20,19,21,21,21,21,21,21,21,21","0.00716710090637207","infomap","edit-xhwikibooks.graphml"
"0.59","0.12","0.29","0.343460611066019","1,2,1,3,4,3,4,2,3,5,6,4,7,3,8,3,5,9,6,4,10,11,7,12,8,13,8,14,15,5,9,16,17,4,18,19,20,8,10,10,10,10,11,11,11,11,10,11,11,11,10,10,10,10,10,11,11,11,11,10,7,10,10,12,8,10,10,10,10,10,11,10,13,13,10,10,10,10,10,10,10,8,14,14,14,15,10,10,10,10,5,9,16,10,10,10,3,10,10,10,10,10,10,10,10,10,10,17,17,10,10,10,10,19,19,18,18,19,18,19,18,20,20,20,20,20,20,20,20","0.00547385215759277","infomap","edit-xhwikibooks.graphml"
"0.58","0.13","0.29","0.34204574921172","1,2,1,2,3,2,3,2,2,4,5,3,6,7,8,9,4,10,5,3,11,12,6,13,7,14,8,15,16,4,10,17,18,3,19,20,21,21,11,11,11,11,12,12,12,12,11,12,12,12,11,11,11,11,11,12,12,12,12,11,6,11,11,13,7,11,11,11,11,11,12,11,14,14,11,11,11,11,11,11,11,8,15,15,15,16,11,11,11,11,4,10,17,11,11,11,9,11,11,11,11,11,11,11,11,11,11,18,18,11,11,11,11,20,19,19,20,19,20,19,20,21,21,21,21,21,21,21,21","0.0076451301574707","infomap","edit-xhwikibooks.graphml"
"0.57","0.14","0.29","0.343100143151294","1,1,2,2,2,3,2,4,3,5,6,2,7,4,3,8,5,9,6,2,10,11,7,12,4,13,3,14,15,5,9,16,17,2,18,19,20,3,10,10,10,10,11,11,11,11,10,11,11,11,10,10,10,10,10,11,11,11,11,10,7,10,10,12,4,10,10,10,10,10,11,10,13,13,10,10,10,10,10,10,10,3,14,14,14,15,10,10,10,10,5,9,16,10,10,10,8,10,10,10,10,10,10,10,10,10,10,17,17,10,10,10,10,19,18,19,18,18,19,19,19,20,20,20,20,20,20,20,20","0.0104081630706787","infomap","edit-xhwikibooks.graphml"
"0.56","0.15","0.29","0.347995548924852","1,2,1,3,4,3,4,2,3,5,6,4,7,8,9,3,5,10,6,4,11,12,7,13,8,14,9,15,16,5,10,17,18,4,19,20,21,9,11,11,11,11,12,12,12,12,11,12,12,12,11,11,11,11,11,12,12,12,12,11,7,11,11,13,8,11,11,11,11,11,12,11,14,14,11,11,11,11,11,11,11,9,15,15,15,16,11,11,11,11,5,10,17,11,11,11,3,11,11,11,11,11,11,11,11,11,11,18,18,11,11,11,11,20,19,19,20,19,19,19,20,21,21,21,21,21,21,21,21","0.00681591033935547","infomap","edit-xhwikibooks.graphml"
"0.55","0.16","0.29","0.336089325537377","1,1,2,2,2,3,2,3,4,5,6,2,7,8,4,3,5,9,6,2,10,11,7,12,8,13,4,14,15,5,9,16,17,2,18,19,20,4,10,10,10,10,11,11,11,11,10,11,11,11,10,10,10,10,10,11,11,11,11,10,7,10,10,12,8,10,10,10,10,10,11,10,13,13,10,10,10,10,10,10,10,4,14,14,14,15,10,10,10,10,5,9,16,10,10,10,3,10,10,10,10,10,10,10,10,10,10,17,17,10,10,10,10,19,19,19,19,4,19,18,4,20,20,20,20,20,20,20,20","0.00681018829345703","infomap","edit-xhwikibooks.graphml"
"0.54","0.17","0.29","0.347015420299109","1,2,1,3,4,3,4,2,3,5,4,6,7,8,9,3,5,4,10,6,11,12,7,13,8,14,9,15,16,5,4,17,6,6,10,18,19,19,11,11,11,11,12,12,12,12,11,12,12,12,11,11,11,11,11,12,12,12,12,11,7,11,11,13,8,11,11,11,11,11,12,11,14,14,11,11,11,11,11,11,11,9,15,15,15,16,11,11,11,11,5,4,17,11,11,11,3,11,11,11,11,11,11,11,11,11,11,6,6,11,11,11,11,18,10,18,18,18,10,18,18,19,19,19,19,19,19,19,19","0.00554800033569336","infomap","edit-xhwikibooks.graphml"
"0.53","0.18","0.29","0.328921189441843","1,1,2,2,2,3,2,4,3,5,6,2,4,7,8,9,5,6,10,11,12,13,14,15,7,16,7,17,18,5,6,19,11,11,10,20,21,8,12,12,12,12,13,13,13,13,12,13,13,13,12,12,12,12,12,13,13,13,13,12,14,12,12,15,7,12,12,12,12,12,13,12,16,16,12,12,12,12,12,12,12,7,17,17,17,18,12,12,12,12,5,6,19,12,12,12,9,12,12,12,12,12,12,12,12,12,12,11,11,12,12,12,12,20,10,20,10,20,10,10,20,21,8,8,21,8,21,8,8","0.00563192367553711","infomap","edit-xhwikibooks.graphml"
"0.52","0.19","0.29","0.351325638638901","1,2,1,1,3,1,3,1,4,5,3,6,7,8,4,9,5,3,10,6,11,2,7,12,8,13,4,14,15,5,3,16,6,6,17,10,18,4,11,11,11,11,2,2,2,2,11,2,2,2,11,11,11,11,11,2,2,2,2,11,7,11,11,12,8,11,11,11,11,11,2,11,13,13,11,11,11,11,11,11,11,4,14,14,14,15,11,11,11,11,5,3,16,11,11,11,9,11,11,11,11,11,11,11,11,11,11,6,6,11,11,11,11,10,17,17,10,17,17,10,10,18,18,18,18,18,18,18,18","0.0104899406433105","infomap","edit-xhwikibooks.graphml"
"0.51","0.2","0.29","0.313448648648649","1,2,1,2,3,4,3,2,5,6,7,3,8,9,5,4,6,7,10,3,2,11,8,12,5,13,9,14,15,6,7,16,3,3,17,10,18,5,2,2,2,2,11,11,11,11,2,11,11,11,2,2,2,2,2,11,11,11,11,2,8,2,2,12,5,2,2,2,2,2,11,2,13,13,2,2,2,2,2,2,2,9,14,14,14,15,2,2,2,2,6,7,16,2,2,2,4,2,2,2,2,2,2,2,2,2,2,3,3,2,2,2,2,17,17,17,17,10,10,17,10,5,5,5,5,18,18,5,5","0.00994992256164551","infomap","edit-xhwikibooks.graphml"
"0.5","0.21","0.29","0.345401503948798","1,1,2,2,2,3,2,4,3,5,6,2,4,3,7,8,5,6,9,10,11,12,13,14,7,15,3,16,17,5,6,18,10,10,9,19,20,20,11,11,11,11,12,12,12,12,11,12,12,12,11,11,11,11,11,12,12,12,12,11,13,11,11,14,7,11,11,11,11,11,12,11,15,15,11,11,11,11,11,11,11,3,16,16,16,17,11,11,11,11,5,6,18,11,11,11,8,11,11,11,11,11,11,11,11,11,11,10,10,11,11,11,11,9,9,19,9,19,19,9,9,20,20,20,20,20,20,20,20","0.0057990550994873","infomap","edit-xhwikibooks.graphml"
"0.49","0.22","0.29","0.345794517864057","1,2,1,1,3,4,3,5,4,6,3,7,8,5,4,9,6,3,10,7,11,2,8,12,5,13,4,14,15,6,3,16,7,7,17,10,18,4,11,11,11,11,2,2,2,2,11,2,2,2,11,11,11,11,11,2,2,2,2,11,8,11,11,12,5,11,11,11,11,11,2,11,13,13,11,11,11,11,11,11,11,4,14,14,14,15,11,11,11,11,6,3,16,11,11,11,9,11,11,11,11,11,11,11,11,11,11,7,7,11,11,11,11,4,17,17,17,17,17,10,4,18,18,18,18,18,18,18,18","0.00901889801025391","infomap","edit-xhwikibooks.graphml"
"0.48","0.23","0.29","0.34482950404442","1,2,1,1,3,1,3,4,5,6,3,7,8,4,9,1,6,3,10,7,2,11,8,12,4,13,9,14,15,6,3,16,7,7,10,17,5,5,2,2,2,2,11,11,11,11,2,11,11,11,2,2,2,2,2,11,11,11,11,2,8,2,2,12,4,2,2,2,2,2,11,2,13,13,2,2,2,2,2,2,2,9,14,14,14,15,2,2,2,2,6,3,16,2,2,2,1,2,2,2,2,2,2,2,2,2,2,7,7,2,2,2,2,10,17,10,17,10,10,10,17,5,5,5,5,5,5,5,5","0.0102660655975342","infomap","edit-xhwikibooks.graphml"
"0.47","0.24","0.29","0.358747682463794","1,2,1,1,3,4,3,5,4,6,3,7,8,5,4,9,6,3,10,7,11,2,8,12,5,13,4,14,15,6,3,16,7,7,17,10,18,4,11,11,11,11,2,2,2,2,11,2,2,2,11,11,11,11,11,2,2,2,2,11,8,11,11,12,5,11,11,11,11,11,2,11,13,13,11,11,11,11,11,11,11,4,14,14,14,15,11,11,11,11,6,3,16,11,11,11,9,11,11,11,11,11,11,11,11,11,11,7,7,11,11,11,11,17,17,17,17,17,10,17,17,18,18,18,18,18,18,18,18","0.00694608688354492","infomap","edit-xhwikibooks.graphml"
"0.46","0.25","0.29","0.355108238725729","1,2,1,1,3,4,3,1,5,6,3,7,8,9,5,4,6,3,10,7,11,2,8,12,9,13,5,14,15,6,3,16,7,7,17,10,18,10,11,11,11,11,2,2,2,2,11,2,2,2,11,11,11,11,11,2,2,2,2,11,8,11,11,12,9,11,11,11,11,11,2,11,13,13,11,11,11,11,11,11,11,5,14,14,14,15,11,11,11,11,6,3,16,11,11,11,4,11,11,11,11,11,11,11,11,11,11,7,7,11,11,11,11,10,10,17,17,10,17,10,10,18,18,18,18,18,18,18,18","0.00802111625671387","infomap","edit-xhwikibooks.graphml"
"0.45","0.26","0.29","0.356804598358546","1,2,1,3,4,3,4,2,5,6,4,7,8,9,5,3,6,4,10,7,11,12,8,13,9,14,9,15,16,6,4,17,7,7,10,18,19,5,11,11,11,11,12,12,12,12,11,12,12,12,11,11,11,11,11,12,12,12,12,11,8,11,11,13,9,11,11,11,11,11,12,11,14,14,11,11,11,11,11,11,11,9,15,15,15,16,11,11,11,11,6,4,17,11,11,11,3,11,11,11,11,11,11,11,11,11,11,7,7,11,11,11,11,10,18,18,10,18,10,18,10,19,19,19,19,19,19,19,19","0.00902390480041504","infomap","edit-xhwikibooks.graphml"
"0.44","0.27","0.29","0.358959649975693","1,2,1,3,4,3,4,2,5,6,4,7,8,9,5,3,6,4,10,7,11,12,8,13,5,14,9,15,16,6,4,17,7,7,10,18,19,5,11,11,11,11,12,12,12,12,11,12,12,12,11,11,11,11,11,12,12,12,12,11,8,11,11,13,5,11,11,11,11,11,12,11,14,14,11,11,11,11,11,11,11,9,15,15,15,16,11,11,11,11,6,4,17,11,11,11,3,11,11,11,11,11,11,11,11,11,11,7,7,11,11,11,11,18,10,18,18,10,18,18,10,19,19,19,19,19,19,19,19","0.0064241886138916","infomap","edit-xhwikibooks.graphml"
"0.43","0.28","0.29","0.35656309354226","1,2,1,3,4,3,4,2,3,5,4,6,7,8,9,3,5,4,10,6,11,12,7,13,8,14,9,15,16,5,4,17,6,6,10,18,19,3,11,11,11,11,12,12,12,12,11,12,12,12,11,11,11,11,11,12,12,12,12,11,7,11,11,13,8,11,11,11,11,11,12,11,14,14,11,11,11,11,11,11,11,9,15,15,15,16,11,11,11,11,5,4,17,11,11,11,3,11,11,11,11,11,11,11,11,11,11,6,6,11,11,11,11,10,18,10,18,18,10,10,18,19,19,19,19,19,19,19,19","0.00560593605041504","infomap","edit-xhwikibooks.graphml"
"0.42","0.29","0.29","0.35011206532067","1,2,1,1,3,4,3,4,4,5,3,6,7,8,9,4,5,3,10,6,2,11,7,12,8,13,8,14,15,5,3,16,6,6,17,10,18,9,2,2,2,2,11,11,11,11,2,11,11,11,2,2,2,2,2,11,11,11,11,2,7,2,2,12,8,2,2,2,2,2,11,2,13,13,2,2,2,2,2,2,2,8,14,14,14,15,2,2,2,2,5,3,16,2,2,2,4,2,2,2,2,2,2,2,2,2,2,6,6,2,2,2,2,17,10,10,10,10,10,17,10,18,18,18,18,18,18,18,18","0.0122799873352051","infomap","edit-xhwikibooks.graphml"
"0.41","0.3","0.29","0.354628156394866","1,2,1,1,3,4,3,5,5,6,3,7,8,5,9,4,6,3,3,7,10,11,8,12,9,13,5,14,2,6,3,3,7,7,15,16,17,17,10,10,10,10,11,11,11,11,10,11,11,11,10,10,10,10,10,11,11,11,11,10,18,10,10,12,9,10,10,10,10,10,11,10,13,13,10,10,10,10,10,10,10,5,14,14,14,19,10,10,10,10,20,21,22,10,10,10,4,10,10,10,10,10,10,10,10,10,10,7,7,10,10,10,10,15,15,15,16,15,16,16,15,17,17,17,17,17,17,17,17","0.00526714324951172","infomap","edit-xhwikibooks.graphml"
"0.4","0.31","0.29","0.354797677943321","1,2,1,1,3,4,3,5,1,6,3,7,8,5,9,4,6,3,3,7,10,11,8,12,9,13,5,14,2,6,3,3,7,7,15,16,17,9,10,10,10,10,11,11,11,11,10,11,11,11,10,10,10,10,10,11,11,11,11,10,18,10,10,12,9,10,10,10,10,10,11,10,13,13,10,10,10,10,10,10,10,5,14,14,14,19,10,10,10,10,20,21,22,10,10,10,4,10,10,10,10,10,10,10,10,10,10,7,7,10,10,10,10,15,16,15,16,15,15,16,16,17,17,17,17,17,17,17,17","0.00529193878173828","infomap","edit-xhwikibooks.graphml"
"0.39","0.32","0.29","0.356511158594492","1,2,1,3,4,3,4,2,5,6,4,7,8,9,5,3,6,4,4,7,10,11,8,12,5,13,9,14,2,6,4,4,7,7,15,16,17,17,10,10,10,10,11,11,11,11,10,11,11,11,10,10,10,10,10,11,11,11,11,10,18,10,10,12,5,10,10,10,10,10,11,10,13,13,10,10,10,10,10,10,10,9,14,14,14,19,10,10,10,10,20,21,22,10,10,10,3,10,10,10,10,10,10,10,10,10,10,7,7,10,10,10,10,15,15,15,16,15,16,15,16,17,17,17,17,17,17,17,17","0.0064690113067627","infomap","edit-xhwikibooks.graphml"
"0.38","0.33","0.29","0.341576586781293","1,2,1,1,3,1,3,4,5,6,3,7,8,4,5,9,6,3,3,7,10,11,8,12,4,13,5,14,2,6,3,3,7,7,15,16,17,5,10,10,10,10,11,11,11,11,10,11,11,11,10,10,10,10,10,11,11,11,11,10,18,10,10,12,4,10,10,10,10,10,11,10,13,13,10,10,10,10,10,10,10,5,14,14,14,19,10,10,10,10,20,21,22,10,10,10,9,10,10,10,10,10,10,10,10,10,10,7,7,10,10,10,10,15,16,16,16,16,16,15,15,17,17,17,17,17,17,17,17","0.00532793998718262","infomap","edit-xhwikibooks.graphml"
"0.37","0.34","0.29","0.358240779047195","1,2,1,3,4,3,4,3,3,5,4,6,7,8,3,3,5,4,4,6,9,10,7,11,8,12,13,14,2,5,4,4,6,6,15,16,17,3,9,9,9,9,10,10,10,10,9,10,10,10,9,9,9,9,9,10,10,10,10,9,18,9,9,11,8,9,9,9,9,9,10,9,12,12,9,9,9,9,9,9,9,13,14,14,14,19,9,9,9,9,20,21,22,9,9,9,3,9,9,9,9,9,9,9,9,9,9,6,6,9,9,9,9,16,15,16,16,16,16,16,15,17,17,17,17,17,17,17,17","0.00880289077758789","infomap","edit-xhwikibooks.graphml"
"0.36","0.35","0.29","0.360642425438432","1,2,1,2,3,2,3,2,4,5,3,6,7,8,4,9,5,3,3,6,10,11,7,8,8,12,8,13,2,5,3,3,6,6,14,15,16,4,10,10,10,10,11,11,11,11,10,11,11,11,10,10,10,10,10,11,11,11,11,10,17,10,10,8,8,10,10,10,10,10,11,10,12,12,10,10,10,10,10,10,10,8,13,13,13,18,10,10,10,10,19,20,21,10,10,10,9,10,10,10,10,10,10,10,10,10,10,6,6,10,10,10,10,14,14,15,15,15,14,14,14,16,16,16,16,16,16,16,16","0.00785398483276367","infomap","edit-xhwikibooks.graphml"
"0.35","0.36","0.29","0.359719330013581","1,2,1,3,4,3,4,2,3,5,4,6,7,8,9,3,5,4,4,6,10,11,7,12,8,13,9,14,2,5,4,4,6,6,15,16,17,9,10,10,10,10,11,11,11,11,10,11,11,11,10,10,10,10,10,11,11,11,11,10,18,10,10,12,8,10,10,10,10,10,11,10,13,13,10,10,10,10,10,10,10,9,14,14,14,19,10,10,10,10,20,21,22,10,10,10,3,10,10,10,10,10,10,10,10,10,10,6,6,10,10,10,10,16,16,15,15,15,16,15,15,17,17,17,17,17,17,17,17","0.00635695457458496","infomap","edit-xhwikibooks.graphml"
"0.34","0.37","0.29","0.356492756903576","1,2,1,1,3,4,3,5,4,6,3,7,8,9,5,4,6,3,3,7,10,11,8,12,5,13,9,14,2,6,3,3,7,7,15,16,17,9,10,10,10,10,11,11,11,11,10,11,11,11,10,10,10,10,10,11,11,11,11,10,18,10,10,12,5,10,10,10,10,10,11,10,13,13,10,10,10,10,10,10,10,9,14,14,14,19,10,10,10,10,20,21,22,10,10,10,4,10,10,10,10,10,10,10,10,10,10,7,7,10,10,10,10,15,15,15,15,15,15,16,16,17,17,17,17,17,17,17,17","0.00990200042724609","infomap","edit-xhwikibooks.graphml"
"0.33","0.38","0.29","0.352591981081469","1,2,1,1,3,4,3,2,4,5,3,6,7,8,2,9,5,3,3,6,10,11,7,12,13,14,8,15,2,5,3,3,6,6,16,17,18,4,10,10,10,10,11,11,11,11,10,11,11,11,10,10,10,10,10,11,11,11,11,10,19,10,10,12,13,10,10,10,10,10,11,10,14,14,10,10,10,10,10,10,10,8,15,15,15,20,10,10,10,10,21,22,23,10,10,10,9,10,10,10,10,10,10,10,10,10,10,6,6,10,10,10,10,16,16,16,16,17,17,16,16,18,18,18,18,18,18,18,18","0.00629782676696777","infomap","edit-xhwikibooks.graphml"
"0.32","0.39","0.29","0.353794496959534","1,2,1,1,3,4,3,5,4,6,3,7,8,9,5,10,6,3,3,7,11,12,8,13,9,14,9,15,2,6,3,3,7,7,16,17,4,5,11,11,11,11,12,12,12,12,11,12,12,12,11,11,11,11,11,12,12,12,12,11,18,11,11,13,9,11,11,11,11,11,12,11,14,14,11,11,11,11,11,11,11,9,15,15,15,19,11,11,11,11,20,21,22,11,11,11,10,11,11,11,11,11,11,11,11,11,11,7,7,11,11,11,11,17,17,17,17,17,17,17,16,4,4,4,4,4,4,4,4","0.0055549144744873","infomap","edit-xhwikibooks.graphml"
"0.31","0.4","0.29","0.359572240418801","1,2,1,1,3,4,3,5,5,6,3,7,8,5,9,4,6,3,3,7,10,11,8,12,9,13,5,14,2,6,3,3,7,7,15,16,17,9,10,10,10,10,11,11,11,11,10,11,11,11,10,10,10,10,10,11,11,11,11,10,18,10,10,12,9,10,10,10,10,10,11,10,13,13,10,10,10,10,10,10,10,5,14,14,14,19,10,10,10,10,20,21,22,10,10,10,4,10,10,10,10,10,10,10,10,10,10,7,7,10,10,10,10,15,16,16,16,15,15,16,16,17,17,17,17,17,17,17,17","0.00638318061828613","infomap","edit-xhwikibooks.graphml"
"0.3","0.41","0.29","0.201228409059097","1,2,1,3,4,3,4,5,3,6,4,7,8,9,10,3,6,4,4,7,11,12,8,13,9,14,15,16,2,6,4,4,7,7,17,5,10,5,11,2,11,11,12,12,12,12,11,12,12,12,2,11,11,11,11,12,12,12,12,2,18,2,11,13,9,11,2,2,11,11,12,2,14,14,2,2,2,11,11,2,2,15,16,16,16,19,11,2,11,2,20,21,22,2,2,2,3,2,11,11,2,2,11,2,2,11,2,7,7,11,11,11,11,5,5,17,17,5,5,17,17,10,10,10,10,10,10,10,10","0.00636506080627441","infomap","edit-xhwikibooks.graphml"
"0.29","0.42","0.29","0.318596824964959","1,2,1,3,4,3,4,3,5,6,4,7,8,3,5,9,6,4,4,7,10,11,8,12,5,13,3,14,2,6,4,4,7,7,15,16,17,5,10,10,10,10,2,2,2,2,10,11,2,2,10,10,10,10,10,2,2,2,2,10,18,10,10,12,5,10,10,10,10,10,2,10,13,13,10,10,10,10,10,10,10,3,14,14,14,19,10,10,10,10,20,21,22,10,10,10,9,10,10,10,10,10,10,10,10,10,10,7,7,10,10,10,10,15,15,15,15,15,15,15,16,17,17,17,17,17,17,17,17","0.00680398941040039","infomap","edit-xhwikibooks.graphml"
"0.28","0.43","0.29","0.362485717870622","1,2,1,3,4,3,4,2,3,5,4,6,7,8,3,3,5,4,4,6,9,10,7,11,8,12,13,14,2,5,4,4,6,6,15,16,17,17,9,9,9,9,10,10,10,10,9,10,10,10,9,9,9,9,9,10,10,10,10,9,18,9,9,11,8,9,9,9,9,9,10,9,12,12,9,9,9,9,9,9,9,13,14,14,14,19,9,9,9,9,20,21,22,9,9,9,3,9,9,9,9,9,9,9,9,9,9,6,6,9,9,9,9,16,16,15,15,16,15,15,16,17,17,17,17,17,17,17,17","0.00632214546203613","infomap","edit-xhwikibooks.graphml"
"0.27","0.44","0.29","0.362585041551246","1,1,2,2,2,3,2,3,4,5,6,2,7,8,4,9,5,6,6,10,11,12,7,13,8,14,4,15,1,5,6,6,10,10,16,17,18,4,11,11,11,11,12,12,12,12,11,12,12,12,11,11,11,11,11,12,12,12,12,11,19,11,11,13,8,11,11,11,11,11,12,11,14,14,11,11,11,11,11,11,11,4,15,15,15,20,11,11,11,11,21,22,23,11,11,11,9,11,11,11,11,11,11,11,11,11,11,10,10,11,11,11,11,17,16,17,16,16,17,17,16,18,18,18,18,18,18,18,18","0.00770092010498047","infomap","edit-xhwikibooks.graphml"
"0.26","0.45","0.29","0.360484671187016","1,1,2,2,2,3,2,3,3,4,5,2,6,7,3,8,4,5,5,9,10,11,6,6,7,12,13,8,1,4,5,5,9,9,14,15,16,15,10,10,10,10,11,11,11,11,10,11,11,11,10,10,10,10,10,11,11,11,11,10,17,10,10,6,7,10,10,10,10,10,11,10,12,12,10,10,10,10,10,10,10,13,8,8,8,18,10,10,10,10,19,20,21,10,10,10,8,10,10,10,10,10,10,10,10,10,10,9,9,10,10,10,10,14,15,15,15,15,15,14,14,16,16,16,16,16,16,16,16","0.00769901275634766","infomap","edit-xhwikibooks.graphml"
"0.25","0.46","0.29","0.365737297462447","1,1,2,2,2,3,2,3,4,5,6,2,7,8,4,9,5,6,6,10,11,12,7,7,4,13,8,9,1,5,6,6,10,10,14,15,16,4,11,11,11,11,12,12,12,12,11,12,12,12,11,11,11,11,11,12,12,12,12,11,17,11,11,7,4,11,11,11,11,11,12,11,13,13,11,11,11,11,11,11,11,8,9,9,9,18,11,11,11,11,19,20,21,11,11,11,9,11,11,11,11,11,11,11,11,11,11,10,10,11,11,11,11,15,14,14,14,14,14,15,15,16,16,16,16,16,16,16,16","0.00670099258422852","infomap","edit-xhwikibooks.graphml"
"0.24","0.47","0.29","0.351034934750485","1,1,2,2,2,3,2,3,3,4,5,2,6,7,8,9,4,5,5,10,1,11,6,6,8,12,7,9,1,4,5,5,10,10,13,14,15,8,1,1,1,1,11,11,11,11,1,11,11,11,1,1,1,1,1,11,11,11,11,1,16,1,1,6,8,1,1,1,1,1,11,1,12,12,1,1,1,1,1,1,1,7,9,9,9,17,1,1,1,1,18,19,20,1,1,1,9,1,1,1,1,1,1,1,1,1,1,10,10,1,1,1,1,14,13,13,13,13,13,14,14,15,15,15,15,15,15,15,15","0.00823402404785156","infomap","edit-xhwikibooks.graphml"
"0.23","0.48","0.29","0.350232974910394","1,1,2,2,2,3,2,4,3,5,6,2,7,4,3,8,5,6,6,9,10,11,7,7,3,12,4,8,1,5,6,6,9,9,13,14,15,3,10,10,10,10,11,11,11,11,10,11,11,11,10,10,10,10,10,11,11,11,11,10,16,10,10,7,3,10,10,10,10,10,11,10,12,12,10,10,10,10,10,10,10,4,8,8,8,17,10,10,10,10,18,19,20,10,10,10,8,10,10,10,10,10,10,10,10,10,10,9,9,10,10,10,10,13,14,13,13,13,13,13,14,15,15,15,15,15,15,15,15","0.00545310974121094","infomap","edit-xhwikibooks.graphml"
"0.22","0.49","0.29","0.34547982425714","1,1,2,2,2,3,2,3,3,4,5,2,6,7,8,9,4,5,5,10,11,12,6,6,7,13,8,9,1,4,5,5,10,10,14,15,16,8,11,11,11,11,12,12,12,12,11,12,12,12,11,11,11,11,11,12,12,12,12,11,17,11,11,6,7,11,11,11,11,11,12,11,13,13,11,11,11,11,11,11,11,8,9,9,9,18,11,11,11,11,19,20,21,11,11,11,9,11,11,11,11,11,11,11,11,11,11,10,10,11,11,11,11,15,14,15,15,14,15,14,15,16,16,16,16,16,16,16,16","0.00733804702758789","infomap","edit-xhwikibooks.graphml"
"0.21","0.5","0.29","0.385049309664694","1,1,2,2,2,3,2,3,4,5,6,2,7,3,4,8,5,6,6,9,10,11,7,7,4,12,4,8,1,5,6,6,9,9,13,14,12,4,10,10,10,10,11,11,11,11,10,11,11,11,10,10,10,10,10,11,11,11,11,10,15,10,10,7,4,10,10,10,10,10,11,10,12,12,10,10,10,10,10,10,10,4,8,8,8,16,10,10,10,10,17,18,19,10,10,10,8,10,10,10,10,10,10,10,10,10,10,9,9,10,10,10,10,13,14,13,13,13,14,14,14,12,12,12,12,12,12,12,12","0.00739192962646484","infomap","edit-xhwikibooks.graphml"
"0.2","0.51","0.29","0.391283103221565","1,1,2,2,2,3,2,3,3,4,5,2,6,3,7,8,4,5,5,9,10,11,6,6,7,3,7,8,1,4,5,5,9,9,12,7,13,7,10,10,10,10,11,11,11,11,10,11,11,11,10,10,10,10,10,11,11,11,11,10,14,10,10,6,7,10,10,10,10,10,11,10,3,3,10,10,10,10,10,10,10,7,8,8,8,15,10,10,10,10,16,17,18,10,10,10,8,10,10,10,10,10,10,10,10,10,10,9,9,10,10,10,10,12,7,12,12,7,12,7,12,13,13,13,13,13,13,13,13","0.00717711448669434","infomap","edit-xhwikibooks.graphml"
"0.19","0.52","0.29","0.388294543063774","1,1,2,2,2,1,2,1,1,3,4,2,5,1,6,7,3,4,4,8,9,10,5,5,6,11,6,7,1,3,4,4,8,8,12,13,14,6,9,9,9,9,10,10,10,10,9,10,10,10,9,9,9,9,9,10,10,10,10,9,15,9,9,5,6,9,9,9,9,9,10,9,11,11,9,9,9,9,9,9,9,6,7,7,7,16,9,9,9,9,17,18,19,9,9,9,7,9,9,9,9,9,9,9,9,9,9,8,8,9,9,9,9,12,13,12,13,12,12,12,13,14,14,14,14,14,14,14,14","0.00998091697692871","infomap","edit-xhwikibooks.graphml"
"0.18","0.53","0.29","0.383441846109917","1,1,2,2,2,3,2,3,4,5,6,2,7,3,8,9,5,6,6,10,11,12,7,7,8,3,3,9,1,5,6,6,10,10,13,4,14,8,11,11,11,11,12,12,12,12,11,12,12,12,11,11,11,11,11,12,12,12,12,11,15,11,11,7,8,11,11,11,11,11,12,11,3,3,11,11,11,11,11,11,11,3,9,9,9,16,11,11,11,11,17,18,19,11,11,11,9,11,11,11,11,11,11,11,11,11,11,10,10,11,11,11,11,4,4,4,4,4,13,13,4,14,14,14,14,14,14,14,14","0.00720906257629395","infomap","edit-xhwikibooks.graphml"
"0.17","0.54","0.29","0.394039363916654","1,1,2,2,2,3,2,3,3,4,5,2,6,7,7,8,4,5,5,9,10,1,6,6,7,11,7,8,1,4,5,5,9,9,12,13,14,7,10,10,10,10,1,1,1,1,10,1,1,1,10,10,10,10,10,1,1,1,1,10,15,10,10,6,7,10,10,10,10,10,1,10,11,11,10,10,10,10,10,10,10,7,8,8,8,16,10,10,10,10,17,18,19,10,10,10,8,10,10,10,10,10,10,10,10,10,10,9,9,10,10,10,10,13,12,12,13,13,13,12,13,14,14,14,14,14,14,14,14","0.00612115859985352","infomap","edit-xhwikibooks.graphml"
"0.16","0.55","0.29","0.388850748246371","1,1,2,2,2,3,2,3,3,4,5,2,6,7,7,8,4,5,5,9,10,11,6,6,7,12,7,8,1,4,5,5,9,9,13,14,15,7,10,10,10,10,11,11,11,11,10,11,11,11,10,10,10,10,10,11,11,11,11,10,16,10,10,6,7,10,10,10,10,10,11,10,12,12,10,10,10,10,10,10,10,7,8,8,8,17,10,10,10,10,18,19,20,10,10,10,8,10,10,10,10,10,10,10,10,10,10,9,9,10,10,10,10,14,14,13,14,13,14,13,13,15,15,15,15,15,15,15,15","0.0086820125579834","infomap","edit-xhwikibooks.graphml"
"0.15","0.56","0.29","0.383487069820992","1,1,2,2,2,3,2,3,3,4,5,2,6,7,8,9,4,5,5,10,11,12,6,6,7,13,8,9,1,4,5,5,10,10,14,15,16,8,11,11,11,11,12,12,12,12,11,12,12,12,11,11,11,11,11,12,12,12,12,11,17,11,11,6,7,11,11,11,11,11,12,11,13,13,11,11,11,11,11,11,11,8,9,9,9,18,11,11,11,11,19,20,21,11,11,11,9,11,11,11,11,11,11,11,11,11,11,10,10,11,11,11,11,14,15,15,14,15,14,15,15,16,16,16,16,16,16,16,16","0.00914192199707031","infomap","edit-xhwikibooks.graphml"
"0.14","0.57","0.29","0.37636980240901","1,1,2,2,2,3,2,3,4,5,6,2,7,3,4,8,5,6,6,9,1,10,7,7,3,11,4,8,1,5,6,6,9,9,12,13,4,4,1,1,1,1,10,10,10,10,1,10,10,10,1,1,1,1,1,10,10,10,10,1,14,1,1,7,3,1,1,1,1,1,10,1,11,11,1,1,1,1,1,1,1,4,8,8,8,15,1,1,1,1,16,17,18,1,1,1,8,1,1,1,1,1,1,1,1,1,1,9,9,1,1,1,1,12,12,13,13,12,13,12,12,4,4,4,4,4,4,4,4","0.00618982315063477","infomap","edit-xhwikibooks.graphml"
"0.13","0.58","0.29","0.367694411571335","1,1,2,2,2,3,2,3,3,3,2,4,5,6,7,8,9,2,2,4,10,11,5,5,7,12,6,8,1,13,14,2,4,4,15,16,17,7,10,10,10,10,11,11,11,11,10,11,11,11,10,10,10,10,10,11,11,11,11,10,18,10,10,19,20,10,10,10,10,10,11,10,12,12,10,10,10,10,10,10,10,21,8,8,8,22,10,10,10,10,23,24,25,10,10,10,26,10,10,10,10,10,10,10,10,10,10,27,28,10,10,10,10,15,15,15,7,16,7,16,7,17,17,17,17,17,17,17,17","0.00708603858947754","infomap","edit-xhwikibooks.graphml"
"0.12","0.59","0.29","0.372256386891964","1,1,2,2,2,3,2,3,3,3,2,4,5,6,7,8,9,2,2,4,10,11,5,5,6,12,6,8,1,13,14,2,4,4,15,16,17,7,10,10,10,10,11,11,11,11,10,11,11,11,10,10,10,10,10,11,11,11,11,10,18,10,10,19,20,10,10,10,10,10,11,10,12,12,10,10,10,10,10,10,10,21,8,8,8,22,10,10,10,10,23,24,25,10,10,10,26,10,10,10,10,10,10,10,10,10,10,27,28,10,10,10,10,15,16,16,16,15,16,16,16,17,17,7,17,17,17,7,7","0.00803995132446289","infomap","edit-xhwikibooks.graphml"
"0.11","0.6","0.29","0.385673989319215","1,1,1,2,3,2,3,4,2,2,5,3,6,4,4,7,8,5,5,3,9,10,6,6,4,11,4,7,1,12,13,5,3,3,14,15,16,4,9,9,9,9,10,10,10,10,9,10,10,10,9,9,9,9,9,10,10,10,10,9,17,9,9,18,19,9,9,9,9,9,10,9,11,11,9,9,9,9,9,9,9,20,7,7,7,21,9,9,9,9,22,23,24,9,9,9,25,9,9,9,9,9,9,9,9,9,9,26,27,9,9,9,9,15,15,14,15,14,15,15,14,4,16,16,16,4,16,16,16","0.00944900512695312","infomap","edit-xhwikibooks.graphml"
"0.1","0.61","0.29","0.387947719264931","1,1,2,2,2,3,2,3,4,3,2,5,6,7,4,8,9,2,2,5,10,1,6,6,7,11,7,8,1,12,13,2,5,5,14,4,15,4,10,10,10,10,1,1,1,1,10,1,1,1,10,10,10,10,10,1,1,1,1,10,16,10,10,17,18,10,10,10,10,10,1,10,11,11,10,10,10,10,10,10,10,19,8,8,8,20,10,10,10,10,21,22,23,10,10,10,24,10,10,10,10,10,10,10,10,10,10,25,26,10,10,10,10,4,14,14,14,4,4,14,14,15,15,15,15,15,15,15,15","0.00600004196166992","infomap","edit-xhwikibooks.graphml"
"0.09","0.62","0.29","0.386990435509332","1,1,2,2,2,3,2,3,3,3,2,4,5,3,6,7,8,2,2,4,9,10,5,5,6,11,6,7,1,12,13,2,4,4,14,15,16,6,9,9,9,9,10,10,10,10,9,10,10,10,9,9,9,9,9,10,10,10,10,9,17,9,9,18,19,9,9,9,9,9,10,9,11,11,9,9,9,9,9,9,9,20,7,7,7,21,9,9,9,9,22,23,24,9,9,9,25,9,9,9,9,9,9,9,9,9,9,26,27,9,9,9,9,15,15,14,15,14,15,14,14,16,16,16,16,16,16,16,16","0.00803589820861816","infomap","edit-xhwikibooks.graphml"
"0.08","0.63","0.29","0.402038273365461","1,1,2,2,2,3,2,3,4,3,2,5,6,7,4,8,9,2,2,5,10,1,6,6,7,11,7,8,1,12,13,2,5,5,14,15,16,4,10,10,10,10,1,1,1,1,10,1,1,1,10,10,10,10,10,1,1,1,1,10,17,10,10,18,19,10,10,10,10,10,1,10,11,11,10,10,10,10,10,10,10,20,8,8,8,21,10,10,10,10,22,23,24,10,10,10,25,10,10,10,10,10,10,10,10,10,10,26,27,10,10,10,10,14,14,15,15,15,15,15,15,16,16,16,16,16,16,16,16","0.0066680908203125","infomap","edit-xhwikibooks.graphml"
"0.07","0.64","0.29","0.396906194260142","1,1,2,2,2,1,2,1,3,1,2,4,5,6,3,7,8,2,2,4,9,10,5,5,6,11,3,7,1,12,13,2,4,4,14,15,16,3,9,9,9,9,10,10,10,10,9,10,10,10,9,9,9,9,9,10,10,10,10,9,17,9,9,18,19,9,9,9,9,9,10,9,11,11,9,9,9,9,9,9,9,20,7,7,7,21,9,9,9,9,22,23,24,9,9,9,25,9,9,9,9,9,9,9,9,9,9,26,27,9,9,9,9,15,15,15,14,14,14,14,14,3,16,3,16,3,16,16,16","0.00594997406005859","infomap","edit-xhwikibooks.graphml"
"0.06","0.65","0.29","0.397715496884299","1,1,2,2,2,3,2,3,4,3,2,5,6,7,4,8,9,2,2,5,10,11,6,6,7,12,4,8,1,13,14,2,5,5,15,16,17,4,10,10,10,10,11,11,11,11,10,11,11,11,10,10,10,10,10,11,11,11,11,10,18,10,10,19,20,10,10,10,10,10,11,10,12,12,10,10,10,10,10,10,10,21,8,8,8,22,10,10,10,10,23,24,25,10,10,10,26,10,10,10,10,10,10,10,10,10,10,27,28,10,10,10,10,15,16,16,16,15,16,15,15,17,17,17,17,17,17,17,17","0.00926303863525391","infomap","edit-xhwikibooks.graphml"
"0.05","0.66","0.29","0.395722617830335","1,1,2,2,2,3,2,3,4,3,2,5,6,4,7,8,9,2,2,5,10,11,6,6,4,12,7,8,1,13,14,2,5,5,15,16,17,7,10,10,10,10,11,11,11,11,10,11,11,11,10,10,10,10,10,11,11,11,11,10,18,10,10,19,20,10,10,10,10,10,11,10,12,12,10,10,10,10,10,10,10,21,8,8,8,22,10,10,10,10,23,24,25,10,10,10,26,10,10,10,10,10,10,10,10,10,10,27,28,10,10,10,10,16,15,16,15,16,16,16,15,17,17,17,17,17,17,17,17","0.00938296318054199","infomap","edit-xhwikibooks.graphml"
"0.04","0.67","0.29","0.437860939528159","1,1,2,2,2,3,2,1,3,3,2,4,5,6,3,7,8,2,2,4,9,10,5,6,11,12,11,7,1,13,14,2,4,4,11,11,15,11,9,9,9,9,10,10,10,10,9,10,10,10,9,9,9,9,9,10,10,10,10,9,16,9,9,17,18,9,9,9,9,9,10,9,12,12,9,9,9,9,9,9,9,19,7,7,7,20,9,9,9,9,21,22,23,9,9,9,24,9,9,9,9,9,9,9,9,9,9,25,26,9,9,9,9,11,11,11,11,11,11,11,11,15,15,15,15,15,15,15,15","0.00687003135681152","infomap","edit-xhwikibooks.graphml"
"0.03","0.68","0.29","0.409987885867326","1,1,2,2,2,3,2,3,3,3,2,4,5,6,7,8,9,2,2,4,10,11,5,5,6,12,7,8,1,13,14,2,4,4,15,7,16,7,10,10,10,10,11,11,11,11,10,11,11,11,10,10,10,10,10,11,11,11,11,10,17,10,10,18,19,10,10,10,10,10,11,10,12,12,10,10,10,10,10,10,10,20,8,8,8,21,10,10,10,10,22,23,24,10,10,10,25,10,10,10,10,10,10,10,10,10,10,26,27,10,10,10,10,15,7,15,15,15,7,7,7,16,16,16,16,16,16,16,16","0.00597500801086426","infomap","edit-xhwikibooks.graphml"
"0.02","0.69","0.29","0.409591689750693","1,1,2,2,2,3,2,3,3,3,2,4,5,6,7,8,9,2,2,4,10,11,5,5,6,12,7,8,1,13,14,2,4,4,15,16,17,7,10,10,10,10,11,11,11,11,10,11,11,11,10,10,10,10,10,11,11,11,11,10,18,10,10,19,20,10,10,10,10,10,11,10,12,12,10,10,10,10,10,10,10,21,8,8,8,22,10,10,10,10,23,24,25,10,10,10,26,10,10,10,10,10,10,10,10,10,10,27,28,10,10,10,10,16,15,15,16,15,16,16,15,17,17,17,17,17,17,17,17","0.00619888305664062","infomap","edit-xhwikibooks.graphml"
"0.01","0.7","0.29","0.411434197883461","1,1,2,2,2,3,2,3,4,3,2,5,6,7,4,8,9,2,2,5,10,1,6,6,7,11,4,8,1,12,13,2,5,5,14,15,16,4,10,10,10,10,1,1,1,1,10,1,1,1,10,10,10,10,10,1,1,1,1,10,17,10,10,18,19,10,10,10,10,10,1,10,11,11,10,10,10,10,10,10,10,20,8,8,8,21,10,10,10,10,22,23,24,10,10,10,25,10,10,10,10,10,10,10,10,10,10,26,27,10,10,10,10,15,15,15,15,15,15,14,14,16,16,16,16,16,16,16,16","0.0079038143157959","infomap","edit-xhwikibooks.graphml"
"0","0.71","0.29","0.415016184959785","1,2,1,3,4,3,4,3,3,3,4,5,6,3,7,8,9,4,4,5,10,2,6,6,7,11,7,8,2,12,13,4,5,5,14,15,16,7,10,10,10,10,2,2,2,2,10,2,2,2,10,10,10,10,10,2,2,2,2,10,17,10,10,18,19,10,10,10,10,10,2,10,11,11,10,10,10,10,10,10,10,20,8,8,8,21,10,10,10,10,22,23,24,10,10,10,25,10,10,10,10,10,10,10,10,10,10,26,27,10,10,10,10,14,14,15,15,15,14,15,15,16,16,16,16,16,16,16,16","0.00605487823486328","infomap","edit-xhwikibooks.graphml"
"0.7","0","0.3","0.33257337126793","1,2,1,1,3,4,3,5,4,6,7,3,8,5,4,9,6,10,7,3,2,11,8,5,4,12,5,13,14,6,10,15,16,3,17,18,19,4,2,2,2,2,11,11,11,11,2,11,11,11,2,2,2,2,2,11,11,11,11,2,8,2,2,5,4,2,2,2,2,2,11,2,12,12,2,2,2,2,2,2,2,5,13,13,13,14,2,2,2,2,6,10,15,2,2,2,9,2,2,2,2,2,2,2,2,2,2,16,16,2,2,2,2,18,17,18,17,18,17,18,17,19,19,19,19,19,19,19,19","0.00655984878540039","infomap","edit-xhwikibooks.graphml"
"0.69","0.01","0.3","0.331246452195565","1,2,1,3,4,3,4,3,5,6,7,4,3,5,8,9,6,10,7,4,2,11,12,5,8,13,5,14,15,6,10,16,17,4,18,19,20,8,2,2,2,2,11,11,11,11,2,11,11,11,2,2,2,2,2,11,11,11,11,2,12,2,2,5,8,2,2,2,2,2,11,2,13,13,2,2,2,2,2,2,2,5,14,14,14,15,2,2,2,2,6,10,16,2,2,2,9,2,2,2,2,2,2,2,2,2,2,17,17,2,2,2,2,18,18,18,19,18,19,19,18,20,20,20,20,20,20,20,20","0.00785112380981445","infomap","edit-xhwikibooks.graphml"
"0.68","0.02","0.3","0.335778589313081","1,2,1,1,3,4,3,5,4,6,7,3,5,8,9,4,6,10,7,3,11,2,12,13,8,14,8,15,16,6,10,17,18,3,19,20,21,9,11,11,11,11,2,2,2,2,11,2,2,2,11,11,11,11,11,2,2,2,2,11,12,11,11,13,8,11,11,11,11,11,2,11,14,14,11,11,11,11,11,11,11,8,15,15,15,16,11,11,11,11,6,10,17,11,11,11,4,11,11,11,11,11,11,11,11,11,11,18,18,11,11,11,11,19,19,19,20,19,20,19,20,21,21,21,21,21,21,21,21","0.00848698616027832","infomap","edit-xhwikibooks.graphml"
"0.67","0.03","0.3","0.334473907960463","1,1,2,2,2,3,2,4,5,6,7,2,8,4,5,3,6,9,7,2,10,11,8,4,12,13,4,14,15,6,9,16,17,2,18,19,20,19,10,10,10,10,11,11,11,11,10,11,11,11,10,10,10,10,10,11,11,11,11,10,8,10,10,4,12,10,10,10,10,10,11,10,13,13,10,10,10,10,10,10,10,4,14,14,14,15,10,10,10,10,6,9,16,10,10,10,3,10,10,10,10,10,10,10,10,10,10,17,17,10,10,10,10,18,18,18,18,18,19,18,19,20,20,20,20,20,20,20,20","0.00678515434265137","infomap","edit-xhwikibooks.graphml"
"0.66","0.04","0.3","0.326609097672441","1,1,2,2,2,3,2,4,3,5,6,2,7,4,8,3,5,9,6,2,10,11,7,4,3,12,13,14,15,5,9,16,17,2,8,18,19,18,10,10,10,10,11,11,11,11,10,11,11,11,10,10,10,10,10,11,11,11,11,10,7,10,10,4,3,10,10,10,10,10,11,10,12,12,10,10,10,10,10,10,10,13,14,14,14,15,10,10,10,10,5,9,16,10,10,10,3,10,10,10,10,10,10,10,10,10,10,17,17,10,10,10,10,18,18,8,8,8,18,18,18,19,19,19,19,19,19,19,19","0.00672006607055664","infomap","edit-xhwikibooks.graphml"
"0.65","0.05","0.3","0.337163954473766","1,2,1,2,3,2,3,2,2,4,5,3,6,7,8,9,4,10,5,3,11,12,6,7,7,13,7,14,15,4,10,16,17,3,18,19,20,8,11,11,11,11,12,12,12,12,11,12,12,12,11,11,11,11,11,12,12,12,12,11,6,11,11,7,7,11,11,11,11,11,12,11,13,13,11,11,11,11,11,11,11,7,14,14,14,15,11,11,11,11,4,10,16,11,11,11,9,11,11,11,11,11,11,11,11,11,11,17,17,11,11,11,11,18,18,18,19,18,19,19,19,20,20,20,20,20,20,20,20","0.00972390174865723","infomap","edit-xhwikibooks.graphml"
"0.64","0.06","0.3","0.332607512825598","1,1,1,2,3,2,3,1,1,4,5,3,6,1,7,8,4,9,5,3,10,11,6,12,7,13,7,14,15,4,9,16,17,3,18,19,20,7,10,10,10,10,11,11,11,11,10,11,11,11,10,10,10,10,10,11,11,11,11,10,6,10,10,12,7,10,10,10,10,10,11,10,13,13,10,10,10,10,10,10,10,7,14,14,14,15,10,10,10,10,4,9,16,10,10,10,8,10,10,10,10,10,10,10,10,10,10,17,17,10,10,10,10,19,18,19,18,18,19,19,19,20,20,20,20,20,20,20,20","0.00696015357971191","infomap","edit-xhwikibooks.graphml"
"0.63","0.07","0.3","0.334048311571746","1,1,2,2,2,3,2,3,4,5,6,2,7,8,4,3,5,9,6,2,10,11,7,8,8,12,8,13,14,5,9,15,16,2,17,18,19,19,10,10,10,10,11,11,11,11,10,11,11,11,10,10,10,10,10,11,11,11,11,10,7,10,10,8,8,10,10,10,10,10,11,10,12,12,10,10,10,10,10,10,10,8,13,13,13,14,10,10,10,10,5,9,15,10,10,10,3,10,10,10,10,10,10,10,10,10,10,16,16,10,10,10,10,17,18,17,18,17,18,18,17,19,19,19,19,19,19,19,19","0.00562119483947754","infomap","edit-xhwikibooks.graphml"
"0.62","0.08","0.3","0.340065636523229","1,2,1,3,4,3,4,2,3,5,6,4,7,8,9,3,5,10,6,4,11,2,7,8,9,12,8,13,14,5,10,15,16,4,17,18,19,2,11,11,11,11,2,2,2,2,11,2,2,2,11,11,11,11,11,2,2,2,2,11,7,11,11,8,9,11,11,11,11,11,2,11,12,12,11,11,11,11,11,11,11,8,13,13,13,14,11,11,11,11,5,10,15,11,11,11,3,11,11,11,11,11,11,11,11,11,11,16,16,11,11,11,11,17,17,17,17,18,17,17,18,19,19,19,19,19,19,19,19","0.00850200653076172","infomap","edit-xhwikibooks.graphml"
"0.61","0.09","0.3","0.336640222794716","1,1,2,2,2,3,2,3,4,5,6,2,7,4,4,3,5,8,6,2,9,10,7,11,4,12,3,13,14,5,8,15,16,2,17,18,19,4,9,9,9,9,10,10,10,10,9,10,10,10,9,9,9,9,9,10,10,10,10,9,7,9,9,11,4,9,9,9,9,9,10,9,12,12,9,9,9,9,9,9,9,3,13,13,13,14,9,9,9,9,5,8,15,9,9,9,3,9,9,9,9,9,9,9,9,9,9,16,16,9,9,9,9,17,17,17,17,17,18,18,18,19,19,19,19,19,19,19,19","0.00849604606628418","infomap","edit-xhwikibooks.graphml"
"0.6","0.1","0.3","0.350645738889715","1,1,2,2,2,3,2,3,3,4,5,2,6,7,8,3,4,9,5,2,10,11,6,7,8,12,7,13,14,4,9,15,16,2,17,8,18,8,10,10,10,10,11,11,11,11,10,11,11,11,10,10,10,10,10,11,11,11,11,10,6,10,10,7,8,10,10,10,10,10,11,10,12,12,10,10,10,10,10,10,10,7,13,13,13,14,10,10,10,10,4,9,15,10,10,10,3,10,10,10,10,10,10,10,10,10,10,16,16,10,10,10,10,8,8,8,17,8,17,17,17,18,18,18,18,18,18,18,18","0.00784802436828613","infomap","edit-xhwikibooks.graphml"
"0.59","0.11","0.3","0.341369758948137","1,2,1,3,4,3,4,2,3,5,6,4,7,8,9,3,5,10,6,4,11,12,7,13,8,14,9,15,16,5,10,17,18,4,19,20,21,20,11,11,11,11,12,12,12,12,11,12,12,12,11,11,11,11,11,12,12,12,12,11,7,11,11,13,8,11,11,11,11,11,12,11,14,14,11,11,11,11,11,11,11,9,15,15,15,16,11,11,11,11,5,10,17,11,11,11,3,11,11,11,11,11,11,11,11,11,11,18,18,11,11,11,11,19,19,20,20,20,19,19,20,21,21,21,21,21,21,21,21","0.00659489631652832","infomap","edit-xhwikibooks.graphml"
"0.58","0.12","0.3","0.347624716493916","1,2,1,3,4,3,4,3,5,6,7,4,8,9,5,3,6,10,7,4,11,2,8,12,5,13,9,14,15,6,10,16,17,4,18,19,20,5,11,11,11,11,2,2,2,2,11,2,2,2,11,11,11,11,11,2,2,2,2,11,8,11,11,12,5,11,11,11,11,11,2,11,13,13,11,11,11,11,11,11,11,9,14,14,14,15,11,11,11,11,6,10,16,11,11,11,3,11,11,11,11,11,11,11,11,11,11,17,17,11,11,11,11,19,19,19,18,19,18,18,19,20,20,20,20,20,20,20,20","0.00520181655883789","infomap","edit-xhwikibooks.graphml"
"0.57","0.13","0.3","0.341397424940547","1,2,1,1,3,4,3,2,4,5,6,3,7,8,9,4,5,10,6,3,11,12,7,13,8,14,9,15,16,5,10,17,18,3,19,20,21,9,11,11,11,11,12,12,12,12,11,12,12,12,11,11,11,11,11,12,12,12,12,11,7,11,11,13,8,11,11,11,11,11,12,11,14,14,11,11,11,11,11,11,11,9,15,15,15,16,11,11,11,11,5,10,17,11,11,11,4,11,11,11,11,11,11,11,11,11,11,18,18,11,11,11,11,19,20,20,20,20,20,19,20,21,21,21,21,21,21,21,21","0.00523495674133301","infomap","edit-xhwikibooks.graphml"
"0.56","0.14","0.3","0.348031553541489","1,2,1,3,4,3,4,2,5,6,7,4,8,9,5,3,6,10,7,4,11,12,8,13,9,14,9,15,16,6,10,17,18,4,19,20,21,5,11,11,11,11,12,12,12,12,11,12,12,12,11,11,11,11,11,12,12,12,12,11,8,11,11,13,9,11,11,11,11,11,12,11,14,14,11,11,11,11,11,11,11,9,15,15,15,16,11,11,11,11,6,10,17,11,11,11,3,11,11,11,11,11,11,11,11,11,11,18,18,11,11,11,11,20,19,19,20,19,20,19,20,21,21,21,21,21,21,21,21","0.00639605522155762","infomap","edit-xhwikibooks.graphml"
"0.55","0.15","0.3","0.335275101770156","1,1,2,2,3,2,3,2,4,5,6,3,7,4,8,2,5,9,6,3,10,11,7,12,4,13,4,14,15,5,9,16,17,3,18,19,20,8,10,10,10,10,11,11,11,11,10,11,11,11,10,10,10,10,10,11,11,11,11,10,7,10,10,12,4,10,10,10,10,10,11,10,13,13,10,10,10,10,10,10,10,4,14,14,14,15,10,10,10,10,5,9,16,10,10,10,2,10,10,10,10,10,10,10,10,10,10,17,17,10,10,10,10,19,18,19,8,8,18,8,18,20,20,20,20,20,20,20,20","0.00764608383178711","infomap","edit-xhwikibooks.graphml"
"0.54","0.16","0.3","0.348971095556635","1,1,2,2,3,2,3,4,5,6,7,3,8,4,5,9,6,10,7,3,11,12,8,13,5,14,5,15,16,6,10,17,18,3,19,20,21,5,11,11,11,11,12,12,12,12,11,12,12,12,11,11,11,11,11,12,12,12,12,11,8,11,11,13,5,11,11,11,11,11,12,11,14,14,11,11,11,11,11,11,11,5,15,15,15,16,11,11,11,11,6,10,17,11,11,11,9,11,11,11,11,11,11,11,11,11,11,18,18,11,11,11,11,20,19,20,20,19,20,20,19,21,21,21,21,21,21,21,21","0.0279312133789062","infomap","edit-xhwikibooks.graphml"
"0.53","0.17","0.3","0.345579227315622","1,1,2,2,2,3,2,3,3,4,5,2,6,7,8,3,4,9,5,2,10,11,6,12,7,13,8,14,15,4,9,16,17,2,18,19,20,20,10,10,10,10,11,11,11,11,10,11,11,11,10,10,10,10,10,11,11,11,11,10,6,10,10,12,7,10,10,10,10,10,11,10,13,13,10,10,10,10,10,10,10,8,14,14,14,15,10,10,10,10,4,9,16,10,10,10,3,10,10,10,10,10,10,10,10,10,10,17,17,10,10,10,10,19,18,19,19,19,18,19,19,20,20,20,20,20,20,20,20","0.00913095474243164","infomap","edit-xhwikibooks.graphml"
"0.52","0.18","0.3","0.341712945751952","1,2,1,1,3,4,3,4,5,6,7,3,8,9,5,10,6,11,7,3,2,12,8,13,9,14,9,15,16,6,11,17,18,3,19,20,21,5,2,2,2,2,12,12,12,12,2,12,12,12,2,2,2,2,2,12,12,12,12,2,8,2,2,13,9,2,2,2,2,2,12,2,14,14,2,2,2,2,2,2,2,9,15,15,15,16,2,2,2,2,6,11,17,2,2,2,10,2,2,2,2,2,2,2,2,2,2,18,18,2,2,2,2,19,19,20,20,19,20,19,20,21,21,21,21,21,21,21,21","0.00637006759643555","infomap","edit-xhwikibooks.graphml"
"0.51","0.19","0.3","0.34932815581854","1,2,1,1,3,4,3,5,4,6,7,3,5,8,9,10,6,11,7,3,12,2,13,14,9,15,8,16,17,6,11,18,19,3,20,21,22,9,12,12,12,12,2,2,2,2,12,2,2,2,12,12,12,12,12,2,2,2,2,12,13,12,12,14,9,12,12,12,12,12,2,12,15,15,12,12,12,12,12,12,12,8,16,16,16,17,12,12,12,12,6,11,18,12,12,12,10,12,12,12,12,12,12,12,12,12,12,19,19,12,12,12,12,21,21,20,21,20,20,21,20,22,22,22,22,22,22,22,22","0.00642609596252441","infomap","edit-xhwikibooks.graphml"
"0.5","0.2","0.3","0.354820286323485","1,2,1,1,3,4,3,5,4,6,7,3,8,5,9,4,6,10,7,3,11,2,8,12,5,13,9,14,15,6,10,16,17,3,18,19,20,9,11,11,11,11,2,2,2,2,11,2,2,2,11,11,11,11,11,2,2,2,2,11,8,11,11,12,5,11,11,11,11,11,2,11,13,13,11,11,11,11,11,11,11,9,14,14,14,15,11,11,11,11,6,10,16,11,11,11,4,11,11,11,11,11,11,11,11,11,11,17,17,11,11,11,11,18,19,18,19,18,19,19,19,20,20,20,20,20,20,20,20","0.00542902946472168","infomap","edit-xhwikibooks.graphml"
"0.49","0.21","0.3","0.349262086042262","1,2,1,1,3,4,3,2,4,5,3,6,7,8,9,4,5,3,10,6,11,12,7,13,9,14,8,15,16,5,3,17,6,6,18,10,19,9,11,11,11,11,12,12,12,12,11,12,12,12,11,11,11,11,11,12,12,12,12,11,7,11,11,13,9,11,11,11,11,11,12,11,14,14,11,11,11,11,11,11,11,8,15,15,15,16,11,11,11,11,5,3,17,11,11,11,4,11,11,11,11,11,11,11,11,11,11,6,6,11,11,11,11,18,18,18,10,10,18,10,18,19,19,19,19,19,19,19,19","0.00897002220153809","infomap","edit-xhwikibooks.graphml"
"0.48","0.22","0.3","0.354995301497843","1,2,1,3,4,3,4,5,3,6,4,7,8,5,9,3,6,4,10,7,11,2,8,12,9,13,9,14,15,6,4,16,7,7,17,10,18,9,11,11,11,11,2,2,2,2,11,2,2,2,11,11,11,11,11,2,2,2,2,11,8,11,11,12,9,11,11,11,11,11,2,11,13,13,11,11,11,11,11,11,11,9,14,14,14,15,11,11,11,11,6,4,16,11,11,11,3,11,11,11,11,11,11,11,11,11,11,7,7,11,11,11,11,17,17,17,17,10,10,10,17,18,18,18,18,18,18,18,18","0.00655078887939453","infomap","edit-xhwikibooks.graphml"
"0.47","0.23","0.3","0.356040127834368","1,2,1,1,3,4,3,5,6,7,3,8,9,5,6,4,7,3,10,8,11,2,9,12,6,13,5,14,15,7,3,16,8,8,17,10,18,6,11,11,11,11,2,2,2,2,11,2,2,2,11,11,11,11,11,2,2,2,2,11,9,11,11,12,6,11,11,11,11,11,2,11,13,13,11,11,11,11,11,11,11,5,14,14,14,15,11,11,11,11,7,3,16,11,11,11,4,11,11,11,11,11,11,11,11,11,11,8,8,11,11,11,11,10,17,17,10,17,17,17,10,18,18,18,18,18,18,18,18","0.00884199142456055","infomap","edit-xhwikibooks.graphml"
"0.46","0.24","0.3","0.338007648253695","1,2,1,2,3,2,3,2,4,5,3,6,7,8,4,9,5,3,10,6,11,2,7,12,8,13,2,14,15,5,3,16,6,6,4,10,17,4,11,11,11,11,2,2,2,2,11,2,2,2,11,11,11,11,11,2,2,2,2,11,7,11,11,12,8,11,11,11,11,11,2,11,13,13,11,11,11,11,11,11,11,2,14,14,14,15,11,11,11,11,5,3,16,11,11,11,9,11,11,11,11,11,11,11,11,11,11,6,6,11,11,11,11,10,10,10,4,4,4,4,4,4,17,17,4,17,17,4,17","0.00779318809509277","infomap","edit-xhwikibooks.graphml"
"0.45","0.25","0.3","0.358610730993221","1,2,1,3,4,3,4,5,3,6,4,7,8,5,9,3,6,4,10,7,11,2,8,12,9,13,5,14,15,6,4,16,7,7,17,10,18,5,11,11,11,11,2,2,2,2,11,2,2,2,11,11,11,11,11,2,2,2,2,11,8,11,11,12,9,11,11,11,11,11,2,11,13,13,11,11,11,11,11,11,11,5,14,14,14,15,11,11,11,11,6,4,16,11,11,11,3,11,11,11,11,11,11,11,11,11,11,7,7,11,11,11,11,17,10,17,10,10,10,10,17,18,18,18,18,18,18,18,18","0.0067138671875","infomap","edit-xhwikibooks.graphml"
"0.44","0.26","0.3","0.350673528489141","1,2,1,1,3,1,3,2,2,4,3,5,6,7,8,9,4,3,10,5,11,12,6,13,7,14,7,15,16,4,3,17,5,5,18,10,19,8,11,11,11,11,12,12,12,12,11,12,12,12,11,11,11,11,11,12,12,12,12,11,6,11,11,13,7,11,11,11,11,11,12,11,14,14,11,11,11,11,11,11,11,7,15,15,15,16,11,11,11,11,4,3,17,11,11,11,9,11,11,11,11,11,11,11,11,11,11,5,5,11,11,11,11,10,10,10,18,10,18,10,18,19,19,19,19,19,19,19,19","0.00676584243774414","infomap","edit-xhwikibooks.graphml"
"0.43","0.27","0.3","0.354925986879492","1,2,1,1,3,1,3,2,4,5,3,6,7,8,4,9,5,3,10,6,11,12,7,13,8,14,4,15,16,5,3,17,6,6,10,18,19,4,11,11,11,11,12,12,12,12,11,12,12,12,11,11,11,11,11,12,12,12,12,11,7,11,11,13,8,11,11,11,11,11,12,11,14,14,11,11,11,11,11,11,11,4,15,15,15,16,11,11,11,11,5,3,17,11,11,11,9,11,11,11,11,11,11,11,11,11,11,6,6,11,11,11,11,18,18,18,18,18,10,18,10,19,19,19,19,19,19,19,19","0.00670909881591797","infomap","edit-xhwikibooks.graphml"
"0.42","0.28","0.3","0.358352585455036","1,2,1,1,3,4,3,4,5,6,3,7,8,9,5,4,6,3,10,7,11,2,8,12,5,13,9,14,15,6,3,16,7,7,10,17,18,5,11,11,11,11,2,2,2,2,11,2,2,2,11,11,11,11,11,2,2,2,2,11,8,11,11,12,5,11,11,11,11,11,2,11,13,13,11,11,11,11,11,11,11,9,14,14,14,15,11,11,11,11,6,3,16,11,11,11,4,11,11,11,11,11,11,11,11,11,11,7,7,11,11,11,11,10,17,17,17,10,17,17,17,18,18,18,18,18,18,18,18","0.00752687454223633","infomap","edit-xhwikibooks.graphml"
"0.41","0.29","0.3","0.355028509928502","1,2,1,1,3,4,3,5,4,6,3,7,8,5,9,4,6,3,10,7,2,11,8,12,5,13,9,14,15,6,3,16,7,7,10,17,18,9,2,2,2,2,11,11,11,11,2,11,11,11,2,2,2,2,2,11,11,11,11,2,8,2,2,12,5,2,2,2,2,2,11,2,13,13,2,2,2,2,2,2,2,9,14,14,14,15,2,2,2,2,6,3,16,2,2,2,4,2,2,2,2,2,2,2,2,2,2,7,7,2,2,2,2,10,17,10,17,17,17,17,17,18,18,18,18,18,18,18,18","0.00577211380004883","infomap","edit-xhwikibooks.graphml"
"0.4","0.3","0.3","0.35559938609637","1,2,1,3,4,3,4,2,5,6,4,7,8,9,10,11,6,4,12,7,13,14,8,15,9,16,9,17,18,6,4,19,7,7,20,12,5,10,13,13,13,13,14,14,14,14,13,14,14,14,13,13,13,13,13,14,14,14,14,13,8,13,13,15,9,13,13,13,13,13,14,13,16,16,13,13,13,13,13,13,13,9,17,17,17,18,13,13,13,13,6,4,19,13,13,13,11,13,13,13,13,13,13,13,13,13,13,7,7,13,13,13,13,12,20,20,12,20,20,12,12,5,5,5,5,5,5,5,5","0.00695705413818359","infomap","edit-xhwikibooks.graphml"
"0.39","0.31","0.3","0.356504310029951","1,2,1,1,3,4,3,5,6,7,3,8,9,5,6,4,7,3,3,8,10,11,9,12,6,13,6,14,2,7,3,3,8,8,15,16,17,6,10,10,10,10,11,11,11,11,10,11,11,11,10,10,10,10,10,11,11,11,11,10,18,10,10,12,6,10,10,10,10,10,11,10,13,13,10,10,10,10,10,10,10,6,14,14,14,19,10,10,10,10,20,21,22,10,10,10,4,10,10,10,10,10,10,10,10,10,10,8,8,10,10,10,10,16,16,15,16,15,15,16,16,17,17,17,17,17,17,17,17","0.00514388084411621","infomap","edit-xhwikibooks.graphml"
"0.38","0.32","0.3","0.34994629650933","1,2,1,1,3,4,3,5,1,6,3,7,8,5,9,4,6,3,3,7,10,11,8,12,9,13,5,14,2,6,3,3,7,7,15,16,17,1,10,10,10,10,11,11,11,11,10,11,11,11,10,10,10,10,10,11,11,11,11,10,18,10,10,12,9,10,10,10,10,10,11,10,13,13,10,10,10,10,10,10,10,5,14,14,14,19,10,10,10,10,20,21,22,10,10,10,4,10,10,10,10,10,10,10,10,10,10,7,7,10,10,10,10,15,16,16,15,16,15,16,15,17,17,17,17,17,17,17,17","0.00501084327697754","infomap","edit-xhwikibooks.graphml"
"0.37","0.33","0.3","0.357434032408889","1,2,1,1,3,4,3,4,5,6,3,7,8,9,5,4,6,3,3,7,10,11,8,12,9,13,9,14,2,6,3,3,7,7,15,16,17,5,10,10,10,10,11,11,11,11,10,11,11,11,10,10,10,10,10,11,11,11,11,10,18,10,10,12,9,10,10,10,10,10,11,10,13,13,10,10,10,10,10,10,10,9,14,14,14,19,10,10,10,10,20,21,22,10,10,10,4,10,10,10,10,10,10,10,10,10,10,7,7,10,10,10,10,16,15,15,16,15,15,16,15,17,17,17,17,17,17,17,17","0.00507497787475586","infomap","edit-xhwikibooks.graphml"
"0.36","0.34","0.3","0.368725700802348","1,2,1,3,4,3,4,2,5,6,4,7,8,9,5,3,6,4,4,7,10,11,8,12,5,13,9,14,2,6,4,4,7,7,15,16,17,5,10,10,10,10,11,11,11,11,10,11,11,11,10,10,10,10,10,11,11,11,11,10,18,10,10,12,5,10,10,10,10,10,11,10,13,13,10,10,10,10,10,10,10,9,14,14,14,19,10,10,10,10,20,21,22,10,10,10,3,10,10,10,10,10,10,10,10,10,10,7,7,10,10,10,10,16,5,16,16,15,16,15,15,17,17,17,17,17,17,17,17","0.00753998756408691","infomap","edit-xhwikibooks.graphml"
"0.35","0.35","0.3","0.373813736705979","1,2,1,3,4,3,4,2,5,6,4,7,8,9,5,3,6,4,4,7,10,11,8,12,9,13,5,14,2,6,4,4,7,7,15,16,17,5,10,10,10,10,11,11,11,11,10,11,11,11,10,10,10,10,10,11,11,11,11,10,18,10,10,12,9,10,10,10,10,10,11,10,13,13,10,10,10,10,10,10,10,5,14,14,14,19,10,10,10,10,20,21,22,10,10,10,3,10,10,10,10,10,10,10,10,10,10,7,7,10,10,10,10,16,15,15,15,16,15,15,15,17,17,17,17,17,17,17,17","0.00492691993713379","infomap","edit-xhwikibooks.graphml"
"0.34","0.36","0.3","0.37053848080904","1,2,1,1,3,4,3,2,4,5,3,6,7,8,9,4,5,3,3,6,10,11,7,12,8,13,9,14,2,5,3,3,6,6,15,16,17,8,10,10,10,10,11,11,11,11,10,11,11,11,10,10,10,10,10,11,11,11,11,10,18,10,10,12,8,10,10,10,10,10,11,10,13,13,10,10,10,10,10,10,10,9,14,14,14,19,10,10,10,10,20,21,22,10,10,10,4,10,10,10,10,10,10,10,10,10,10,6,6,10,10,10,10,15,15,15,15,16,15,16,16,17,17,17,17,17,17,17,17","0.00508809089660645","infomap","edit-xhwikibooks.graphml"
"0.33","0.37","0.3","0.373627647464719","1,2,1,3,4,3,4,2,3,5,4,6,7,8,9,3,5,4,4,6,10,11,7,12,8,13,9,14,2,5,4,4,6,6,15,16,17,9,10,10,10,10,11,11,11,11,10,11,11,11,10,10,10,10,10,11,11,11,11,10,18,10,10,12,8,10,10,10,10,10,11,10,13,13,10,10,10,10,10,10,10,9,14,14,14,19,10,10,10,10,20,21,22,10,10,10,3,10,10,10,10,10,10,10,10,10,10,6,6,10,10,10,10,16,15,15,16,15,16,16,16,17,17,17,17,17,17,17,17","0.00738000869750977","infomap","edit-xhwikibooks.graphml"
"0.32","0.38","0.3","0.37102930292481","1,2,1,1,3,1,3,4,5,6,3,7,8,4,5,1,6,3,3,7,9,10,8,11,4,12,4,13,2,6,3,3,7,7,14,15,16,16,9,9,9,9,10,10,10,10,9,10,10,10,9,9,9,9,9,10,10,10,10,9,17,9,9,11,4,9,9,9,9,9,10,9,12,12,9,9,9,9,9,9,9,4,13,13,13,18,9,9,9,9,19,20,21,9,9,9,1,9,9,9,9,9,9,9,9,9,9,7,7,9,9,9,9,15,15,14,14,14,15,15,14,16,16,16,16,16,16,16,16","0.00604796409606934","infomap","edit-xhwikibooks.graphml"
"0.31","0.39","0.3","0.374389453966142","1,2,1,1,3,4,3,5,4,6,3,7,8,5,9,4,6,3,3,7,10,11,8,12,5,13,9,14,2,6,3,3,7,7,15,16,17,9,10,10,10,10,11,11,11,11,10,11,11,11,10,10,10,10,10,11,11,11,11,10,18,10,10,12,5,10,10,10,10,10,11,10,13,13,10,10,10,10,10,10,10,9,14,14,14,19,10,10,10,10,20,21,22,10,10,10,4,10,10,10,10,10,10,10,10,10,10,7,7,10,10,10,10,15,15,15,15,16,15,15,16,17,17,17,17,17,17,17,17","0.00744485855102539","infomap","edit-xhwikibooks.graphml"
"0.3","0.4","0.3","0.0353040613999191","1,2,1,1,3,4,3,5,6,7,3,8,9,6,5,4,7,3,3,8,10,11,9,12,5,13,6,14,2,7,3,3,8,8,15,16,17,16,2,2,2,2,11,11,11,11,2,11,11,11,2,2,2,2,2,11,11,11,11,2,18,2,2,12,5,2,10,2,2,2,11,2,13,13,2,10,10,2,2,10,2,6,14,14,14,19,2,2,2,2,20,21,22,2,10,2,4,2,2,2,10,2,10,2,10,10,2,8,8,2,2,2,2,15,16,15,15,15,16,15,15,17,17,17,17,17,17,17,17","0.00549411773681641","infomap","edit-xhwikibooks.graphml"
"0.29","0.41","0.3","0.363834147562453","1,2,1,3,4,3,4,2,3,5,4,6,7,8,9,3,5,4,4,6,10,11,7,12,8,13,9,14,2,5,4,4,6,6,15,16,17,9,10,10,10,10,11,11,11,11,10,11,11,11,10,10,10,10,10,11,11,11,11,10,18,10,10,12,8,10,10,10,10,10,11,10,13,13,10,10,10,10,10,10,10,9,14,14,14,19,10,10,10,10,20,21,22,10,10,10,3,10,10,10,10,10,10,10,10,10,10,6,6,10,10,10,10,16,16,15,16,15,16,16,16,17,17,17,17,17,17,17,17","0.00764203071594238","infomap","edit-xhwikibooks.graphml"
"0.28","0.42","0.3","0.357481358906969","1,2,1,1,3,4,3,5,4,6,3,7,8,5,9,4,6,3,3,7,10,11,8,12,9,13,14,15,2,6,3,3,7,7,16,17,18,17,10,10,10,10,11,11,11,11,10,11,11,11,10,10,10,10,10,11,11,11,11,10,19,10,10,12,9,10,10,10,10,10,11,10,13,13,10,10,10,10,10,10,10,14,15,15,15,20,10,10,10,10,21,22,23,10,10,10,4,10,10,10,10,10,10,10,10,10,10,7,7,10,10,10,10,16,17,17,16,17,16,17,17,18,18,18,18,18,18,18,18","0.00516915321350098","infomap","edit-xhwikibooks.graphml"
"0.27","0.43","0.3","0.347847715025855","1,2,1,1,3,1,3,2,4,5,3,6,7,8,4,9,5,3,3,6,2,10,7,11,4,12,8,13,2,5,3,3,6,6,14,15,16,4,2,2,2,2,10,10,10,10,2,10,10,10,2,2,2,2,2,10,10,10,10,2,17,2,2,11,4,2,2,2,2,2,10,2,12,12,2,2,2,2,2,2,2,8,13,13,13,18,2,2,2,2,19,20,21,2,2,2,9,2,2,2,2,2,2,2,2,2,2,6,6,2,2,2,2,14,15,14,15,15,15,15,14,16,16,16,16,16,16,16,16","0.00750112533569336","infomap","edit-xhwikibooks.graphml"
"0.26","0.44","0.3","0.359469252077562","1,2,1,1,3,4,3,2,4,5,6,3,7,8,9,4,5,6,6,3,10,11,7,12,8,13,14,15,2,5,6,6,3,3,9,16,17,16,10,10,10,10,11,11,11,11,10,11,11,11,10,10,10,10,10,11,11,11,11,10,18,10,10,12,8,10,10,10,10,10,11,10,13,13,10,10,10,10,10,10,10,14,15,15,15,19,10,10,10,10,20,21,22,10,10,10,4,10,10,10,10,10,10,10,10,10,10,3,3,10,10,10,10,9,9,16,9,9,16,16,16,17,17,17,17,17,17,17,17","0.00763797760009766","infomap","edit-xhwikibooks.graphml"
"0.25","0.45","0.3","0.370654879598898","1,2,1,1,3,4,3,2,4,5,3,6,7,8,9,4,5,3,3,6,10,2,7,11,9,12,8,13,2,5,3,3,6,6,14,15,16,9,10,10,10,10,2,2,2,2,10,2,2,2,10,10,10,10,10,2,2,2,2,10,17,10,10,11,9,10,10,10,10,10,2,10,12,12,10,10,10,10,10,10,10,8,13,13,13,18,10,10,10,10,19,20,21,10,10,10,4,10,10,10,10,10,10,10,10,10,10,6,6,10,10,10,10,14,14,14,15,15,14,14,15,16,16,16,16,16,16,16,16","0.00622677803039551","infomap","edit-xhwikibooks.graphml"
"0.24","0.46","0.3","0.366894624475203","1,1,1,2,3,2,3,1,2,4,3,5,6,2,7,8,4,3,3,5,9,10,6,11,7,12,2,13,1,4,3,3,5,5,14,15,16,2,9,9,9,9,10,10,10,10,9,10,10,10,9,9,9,9,9,10,10,10,10,9,17,9,9,11,7,9,9,9,9,9,10,9,12,12,9,9,9,9,9,9,9,2,13,13,13,18,9,9,9,9,19,20,21,9,9,9,8,9,9,9,9,9,9,9,9,9,9,5,5,9,9,9,9,14,14,14,14,14,14,15,14,16,16,16,16,16,16,16,16","0.00742483139038086","infomap","edit-xhwikibooks.graphml"
"0.23","0.47","0.3","0.369656175696285","1,2,1,3,4,3,4,3,3,5,4,6,7,8,9,3,5,4,4,6,10,11,7,12,9,13,8,14,2,5,4,4,6,6,15,16,17,9,10,10,10,10,11,11,11,11,10,11,11,11,10,10,10,10,10,11,11,11,11,10,18,10,10,12,9,10,10,10,10,10,11,10,13,13,10,10,10,10,10,10,10,8,14,14,14,19,10,10,10,10,20,21,22,10,10,10,3,10,10,10,10,10,10,10,10,10,10,6,6,10,10,10,10,16,15,15,15,15,15,15,15,17,17,17,17,17,17,17,17","0.00876092910766602","infomap","edit-xhwikibooks.graphml"
"0.22","0.48","0.3","0.361134289081988","1,2,1,1,3,1,3,4,5,6,3,7,8,4,9,10,6,3,3,7,11,12,8,13,9,14,15,16,2,6,3,3,7,7,17,5,18,5,11,11,11,11,12,12,12,12,11,12,12,12,11,11,11,11,11,12,12,12,12,11,19,11,11,13,9,11,11,11,11,11,12,11,14,14,11,11,11,11,11,11,11,15,16,16,16,20,11,11,11,11,21,22,23,11,11,11,10,11,11,11,11,11,11,11,11,11,11,7,7,11,11,11,11,17,17,5,17,5,17,17,5,18,18,18,18,18,18,18,18","0.00628495216369629","infomap","edit-xhwikibooks.graphml"
"0.21","0.49","0.3","0.371825333735369","1,2,1,1,3,4,3,4,4,5,3,6,7,8,9,4,5,3,3,6,10,2,7,11,9,12,8,13,2,5,3,3,6,6,14,15,16,9,10,10,10,10,2,2,2,2,10,2,2,2,10,10,10,10,10,2,2,2,2,10,17,10,10,11,9,10,10,10,10,10,2,10,12,12,10,10,10,10,10,10,10,8,13,13,13,18,10,10,10,10,19,20,21,10,10,10,4,10,10,10,10,10,10,10,10,10,10,6,6,10,10,10,10,15,14,14,15,14,14,15,15,16,16,16,16,16,16,16,16","0.00876688957214355","infomap","edit-xhwikibooks.graphml"
"0.2","0.5","0.3","0.399099324316118","1,1,2,2,2,1,2,1,3,4,5,2,6,1,3,7,4,5,5,8,9,10,6,6,11,11,11,7,1,4,5,5,8,8,12,13,14,3,9,9,9,9,10,10,10,10,9,10,10,10,9,9,9,9,9,10,10,10,10,9,15,9,9,6,11,9,9,9,9,9,10,9,11,11,9,9,9,9,9,9,9,11,7,7,7,16,9,9,9,9,17,18,19,9,9,9,7,9,9,9,9,9,9,9,9,9,9,8,8,9,9,9,9,13,12,13,12,12,12,12,13,14,14,14,14,14,14,14,14","0.00734591484069824","infomap","edit-xhwikibooks.graphml"
"0.19","0.51","0.3","0.397928314352918","1,1,2,2,2,3,2,3,4,5,6,2,7,4,4,8,5,6,6,9,10,11,7,7,12,12,12,8,1,5,6,6,9,9,13,14,15,4,10,10,10,10,11,11,11,11,10,11,11,11,10,10,10,10,10,11,11,11,11,10,16,10,10,7,12,10,10,10,10,10,11,10,12,12,10,10,10,10,10,10,10,12,8,8,8,17,10,10,10,10,18,19,20,10,10,10,8,10,10,10,10,10,10,10,10,10,10,9,9,10,10,10,10,14,14,13,13,14,13,14,14,15,15,15,15,15,15,15,15","0.0075678825378418","infomap","edit-xhwikibooks.graphml"
"0.18","0.52","0.3","0.404635559837901","1,1,2,2,2,3,2,3,3,4,5,2,6,3,7,8,4,5,5,9,10,11,6,6,7,12,7,8,1,4,5,5,9,9,13,14,7,7,10,10,10,10,11,11,11,11,10,11,11,11,10,10,10,10,10,11,11,11,11,10,15,10,10,6,7,10,10,10,10,10,11,10,12,12,10,10,10,10,10,10,10,7,8,8,8,16,10,10,10,10,17,18,19,10,10,10,8,10,10,10,10,10,10,10,10,10,10,9,9,10,10,10,10,13,14,13,13,14,13,13,14,7,7,7,7,7,7,7,7","0.00635814666748047","infomap","edit-xhwikibooks.graphml"
"0.17","0.53","0.3","0.401093406732153","1,1,2,2,2,3,2,3,3,4,5,2,6,3,7,8,4,5,5,9,10,1,6,6,7,11,3,8,1,4,5,5,9,9,12,13,14,7,10,10,10,10,1,1,1,1,10,1,1,1,10,10,10,10,10,1,1,1,1,10,15,10,10,6,7,10,10,10,10,10,1,10,11,11,10,10,10,10,10,10,10,3,8,8,8,16,10,10,10,10,17,18,19,10,10,10,8,10,10,10,10,10,10,10,10,10,10,9,9,10,10,10,10,13,13,13,13,13,13,12,12,14,14,14,14,14,14,14,14","0.00956583023071289","infomap","edit-xhwikibooks.graphml"
"0.16","0.54","0.3","0.404152779300791","1,1,2,2,2,3,2,3,3,4,5,2,6,3,7,8,4,5,5,9,10,11,6,6,3,12,7,8,1,4,5,5,9,9,13,14,15,7,10,10,10,10,11,11,11,11,10,11,11,11,10,10,10,10,10,11,11,11,11,10,16,10,10,6,3,10,10,10,10,10,11,10,12,12,10,10,10,10,10,10,10,7,8,8,8,17,10,10,10,10,18,19,20,10,10,10,8,10,10,10,10,10,10,10,10,10,10,9,9,10,10,10,10,13,13,14,14,13,13,13,13,15,15,15,15,15,15,15,15","0.00965499877929688","infomap","edit-xhwikibooks.graphml"
"0.15","0.55","0.3","0.404670061566018","1,1,2,2,2,3,2,3,3,4,5,2,6,7,8,9,4,5,5,10,11,1,6,6,7,12,8,9,1,4,5,5,10,10,13,14,15,8,11,11,11,11,1,1,1,1,11,1,1,1,11,11,11,11,11,1,1,1,1,11,16,11,11,6,7,11,11,11,11,11,1,11,12,12,11,11,11,11,11,11,11,8,9,9,9,17,11,11,11,11,18,19,20,11,11,11,9,11,11,11,11,11,11,11,11,11,11,10,10,11,11,11,11,13,13,13,14,13,13,13,13,15,15,15,15,15,15,15,15","0.00670814514160156","infomap","edit-xhwikibooks.graphml"
"0.14","0.56","0.3","0.404177","1,1,2,2,2,3,2,3,4,5,6,2,7,8,4,9,5,6,6,10,11,1,7,7,4,12,8,9,1,5,6,6,10,10,13,14,15,4,11,11,11,11,1,1,1,1,11,1,1,1,11,11,11,11,11,1,1,1,1,11,16,11,11,7,4,11,11,11,11,11,1,11,12,12,11,11,11,11,11,11,11,8,9,9,9,17,11,11,11,11,18,19,20,11,11,11,9,11,11,11,11,11,11,11,11,11,11,10,10,11,11,11,11,14,13,14,14,13,14,13,14,15,15,15,15,15,15,15,15","0.00625300407409668","infomap","edit-xhwikibooks.graphml"
"0.13","0.57","0.3","0.397625905872885","1,1,2,2,2,3,2,3,3,4,5,2,6,7,8,9,4,5,5,10,11,12,6,6,7,13,8,9,1,4,5,5,10,10,14,15,16,7,11,11,11,11,12,12,12,12,11,12,12,12,11,11,11,11,11,12,12,12,12,11,17,11,11,6,7,11,11,11,11,11,12,11,13,13,11,11,11,11,11,11,11,8,9,9,9,18,11,11,11,11,19,20,21,11,11,11,9,11,11,11,11,11,11,11,11,11,11,10,10,11,11,11,11,15,15,15,14,14,14,15,15,16,16,16,16,16,16,16,16","0.00865888595581055","infomap","edit-xhwikibooks.graphml"
"0.12","0.58","0.3","0.408998964302154","1,1,2,2,2,3,2,3,3,4,5,2,6,3,7,8,4,5,5,9,10,1,6,6,11,11,11,8,1,4,5,5,9,9,12,7,13,7,10,10,10,10,1,1,1,1,10,1,1,1,10,10,10,10,10,1,1,1,1,10,14,10,10,6,11,10,10,10,10,10,1,10,11,11,10,10,10,10,10,10,10,11,8,8,8,15,10,10,10,10,16,17,18,10,10,10,8,10,10,10,10,10,10,10,10,10,10,9,9,10,10,10,10,7,7,12,7,7,7,12,12,13,13,13,13,13,13,13,13","0.00758099555969238","infomap","edit-xhwikibooks.graphml"
"0.11","0.59","0.3","0.401776688695824","1,1,2,2,2,3,2,1,3,4,5,2,6,3,7,8,4,5,5,9,10,11,6,6,3,12,7,8,1,4,5,5,9,9,13,14,15,15,10,10,10,10,11,11,11,11,10,11,11,11,10,10,10,10,10,11,11,11,11,10,16,10,10,6,3,10,10,10,10,10,11,10,12,12,10,10,10,10,10,10,10,7,8,8,8,17,10,10,10,10,18,19,20,10,10,10,8,10,10,10,10,10,10,10,10,10,10,9,9,10,10,10,10,13,13,14,14,13,14,13,13,15,15,15,15,15,15,15,15","0.00760602951049805","infomap","edit-xhwikibooks.graphml"
"0.1","0.6","0.3","0.381528235659838","1,1,2,2,2,3,2,3,3,3,2,4,5,6,7,8,9,2,2,4,1,10,5,5,7,11,6,8,1,12,13,2,4,4,14,15,16,7,1,1,1,1,10,10,10,10,1,10,10,10,1,1,1,1,1,10,10,10,10,1,17,1,1,18,19,1,1,1,1,1,10,1,11,11,1,1,1,1,1,1,1,20,8,8,8,21,1,1,1,1,22,23,24,1,1,1,25,1,1,1,1,1,1,1,1,1,1,26,27,1,1,1,1,15,15,14,14,14,14,15,15,16,16,16,16,16,16,16,16","0.00984692573547363","infomap","edit-xhwikibooks.graphml"
"0.09","0.61","0.3","0.385042480444806","1,2,1,3,4,3,4,5,3,3,6,4,7,5,8,9,10,6,6,4,11,2,7,7,8,12,8,9,2,13,14,6,4,4,15,16,17,8,11,11,11,11,2,2,2,2,11,2,2,2,11,11,11,11,11,2,2,2,2,11,18,11,11,19,20,11,11,11,11,11,2,11,12,12,11,11,11,11,11,11,11,21,9,9,9,22,11,11,11,11,23,24,25,11,11,11,26,11,11,11,11,11,11,11,11,11,11,27,28,11,11,11,11,16,16,16,16,16,15,16,15,17,17,17,17,17,17,17,17","0.0072929859161377","infomap","edit-xhwikibooks.graphml"
"0.08","0.62","0.3","0.383428779675135","1,2,1,3,4,3,4,2,3,3,5,4,6,7,8,9,10,5,5,4,11,12,6,6,7,13,8,9,2,14,15,5,4,4,16,17,18,8,11,11,11,11,12,12,12,12,11,12,12,12,11,11,11,11,11,12,12,12,12,11,19,11,11,20,21,11,11,11,11,11,12,11,13,13,11,11,11,11,11,11,11,22,9,9,9,23,11,11,11,11,24,25,26,11,11,11,27,11,11,11,11,11,11,11,11,11,11,28,29,11,11,11,11,17,16,17,17,17,17,16,17,18,18,18,18,18,18,18,18","0.00806117057800293","infomap","edit-xhwikibooks.graphml"
"0.07","0.63","0.3","0.38498287025347","1,1,2,2,2,3,2,3,3,3,2,4,5,6,7,8,9,2,2,4,10,11,5,5,7,12,6,8,1,13,14,2,4,4,15,16,17,7,10,10,10,10,11,11,11,11,10,11,11,11,10,10,10,10,10,11,11,11,11,10,18,10,10,19,20,10,10,10,10,10,11,10,12,12,10,10,10,10,10,10,10,21,8,8,8,22,10,10,10,10,23,24,25,10,10,10,26,10,10,10,10,10,10,10,10,10,10,27,28,10,10,10,10,16,15,15,15,15,16,15,15,17,17,17,17,17,17,17,17","0.00615906715393066","infomap","edit-xhwikibooks.graphml"
"0.06","0.64","0.3","0.386626224462546","1,1,2,2,2,3,2,3,3,3,2,4,5,6,7,8,9,2,2,4,10,11,5,5,6,12,7,8,11,13,14,2,4,4,15,16,17,7,10,10,10,10,11,11,11,11,10,11,11,11,10,10,10,10,10,11,11,11,11,10,18,10,10,19,20,10,10,10,10,10,11,10,12,12,10,10,10,10,10,10,10,21,8,8,8,22,10,10,10,10,23,24,25,10,10,10,26,10,10,10,10,10,10,10,10,10,10,27,28,10,10,10,10,15,15,16,16,15,15,15,15,17,17,17,17,17,17,17,17","0.00483584403991699","infomap","edit-xhwikibooks.graphml"
"0.05","0.65","0.3","0.381839506224049","1,1,2,2,2,3,2,3,3,3,2,4,5,6,7,8,9,2,2,4,10,11,5,5,7,12,6,8,1,13,14,2,4,4,15,16,17,7,10,10,10,10,11,11,11,11,10,11,11,11,10,10,10,10,10,11,11,11,11,10,18,10,10,19,20,10,10,10,10,10,11,10,12,12,10,10,10,10,10,10,10,21,8,8,8,22,10,10,10,10,23,24,25,10,10,10,26,10,10,10,10,10,10,10,10,10,10,27,28,10,10,10,10,16,15,16,15,15,16,16,16,17,17,17,17,17,17,17,17","0.00908708572387695","infomap","edit-xhwikibooks.graphml"
"0.04","0.66","0.3","0.387362546198166","1,2,1,3,4,3,4,2,3,3,5,4,6,2,7,8,9,5,5,4,10,11,6,6,7,12,7,8,2,13,14,5,4,4,15,16,7,7,10,10,10,10,11,11,11,11,10,11,11,11,10,10,10,10,10,11,11,11,11,10,17,10,10,18,19,10,10,10,10,10,11,10,12,12,10,10,10,10,10,10,10,20,8,8,8,21,10,10,10,10,22,23,24,10,10,10,25,10,10,10,10,10,10,10,10,10,10,26,27,10,10,10,10,16,15,16,15,16,16,16,15,7,7,7,7,7,7,7,7","0.00722002983093262","infomap","edit-xhwikibooks.graphml"
"0.03","0.67","0.3","-0.02159738996327","1,1,2,2,2,3,2,3,4,4,2,5,6,7,4,8,9,2,2,5,10,11,6,6,7,12,7,8,1,13,14,2,5,5,15,16,17,7,1,1,1,1,11,11,11,11,1,11,11,11,1,1,1,1,1,11,11,11,11,1,18,1,1,19,20,1,1,1,1,1,11,1,12,12,1,1,1,1,1,1,1,21,8,8,8,22,10,1,1,1,23,24,25,1,1,1,26,1,1,1,1,1,1,1,1,1,1,27,28,1,1,1,1,15,15,16,16,15,15,15,16,17,17,17,17,17,17,17,17","0.00602602958679199","infomap","edit-xhwikibooks.graphml"
"0.02","0.68","0.3","0.396791175935027","1,1,2,2,2,3,2,3,4,3,2,5,6,7,4,8,9,2,2,5,10,11,6,6,7,12,7,8,1,13,14,2,5,5,15,16,17,4,10,10,10,10,11,11,11,11,10,11,11,11,10,10,10,10,10,11,11,11,11,10,18,10,10,19,20,10,10,10,10,10,11,10,12,12,10,10,10,10,10,10,10,21,8,8,8,22,10,10,10,10,23,24,25,10,10,10,26,10,10,10,10,10,10,10,10,10,10,27,28,10,10,10,10,15,15,15,15,15,16,16,16,17,17,17,17,17,17,17,17","0.00617384910583496","infomap","edit-xhwikibooks.graphml"
"0.01","0.69","0.3","0.369714378657114","1,2,1,3,4,3,4,2,3,3,5,4,6,7,8,9,10,5,5,4,11,12,6,6,7,13,7,9,2,14,15,5,4,4,16,17,18,8,11,11,11,11,12,2,2,2,11,2,2,2,11,11,11,11,11,2,2,12,2,11,19,11,11,20,21,11,11,11,11,11,12,11,13,13,11,11,11,11,11,11,11,22,9,9,9,23,11,11,11,11,24,25,26,11,11,11,27,11,11,11,11,11,11,11,11,11,11,28,29,11,11,11,11,16,16,16,16,16,16,17,17,18,18,18,18,18,18,18,18","0.00694918632507324","infomap","edit-xhwikibooks.graphml"
"0","0.7","0.3","0.396166737151643","1,1,1,2,3,2,3,2,4,2,3,5,6,7,4,8,9,3,3,5,10,11,6,6,7,12,7,8,1,13,14,3,5,5,15,16,17,7,10,10,10,10,11,11,11,11,10,11,11,11,10,10,10,10,10,11,11,11,11,10,18,10,10,19,20,10,10,10,10,10,11,10,12,12,10,10,10,10,10,10,10,21,8,8,8,22,10,10,10,10,23,24,25,10,10,10,26,10,10,10,10,10,10,10,10,10,10,27,28,10,10,10,10,16,16,16,16,15,16,15,15,17,17,17,17,17,17,17,17","0.00499892234802246","infomap","edit-xhwikibooks.graphml"
"0.69","0","0.31","0.337384523870006","1,1,2,2,2,3,2,4,3,5,6,2,7,4,8,3,5,9,6,2,10,11,7,4,8,12,4,13,14,5,9,15,16,2,17,18,19,8,10,10,10,10,11,11,11,11,10,11,11,11,10,10,10,10,10,11,11,11,11,10,7,10,10,4,8,10,10,10,10,10,11,10,12,12,10,10,10,10,10,10,10,4,13,13,13,14,10,10,10,10,5,9,15,10,10,10,3,10,10,10,10,10,10,10,10,10,10,16,16,10,10,10,10,18,17,17,17,18,18,18,18,19,19,19,19,19,19,19,19","0.00662708282470703","infomap","edit-xhwikibooks.graphml"
"0.68","0.01","0.31","0.341318227235008","1,2,1,1,3,1,3,2,4,5,6,3,7,8,4,1,5,9,6,3,10,2,7,8,4,11,4,12,13,5,9,14,15,3,16,17,18,4,10,10,10,10,2,2,2,2,10,2,2,2,10,10,10,10,10,2,2,2,2,10,7,10,10,8,4,10,10,10,10,10,2,10,11,11,10,10,10,10,10,10,10,4,12,12,12,13,10,10,10,10,5,9,14,10,10,10,1,10,10,10,10,10,10,10,10,10,10,15,15,10,10,10,10,16,17,17,16,16,17,17,17,18,18,18,18,18,18,18,18","0.00919294357299805","infomap","edit-xhwikibooks.graphml"
"0.67","0.02","0.31","0.314980990363935","1,2,1,3,4,3,4,5,6,7,8,4,9,5,6,3,7,10,8,4,2,11,9,5,6,12,6,13,14,7,10,15,16,4,17,18,19,6,2,2,2,2,11,11,11,11,2,11,11,11,2,2,2,2,2,11,11,11,11,2,9,2,2,5,6,2,2,2,2,2,11,2,12,12,2,2,2,2,2,2,2,6,13,13,13,14,2,2,2,2,7,10,15,2,2,2,3,2,2,2,2,2,2,2,2,2,2,16,16,2,2,2,2,17,17,17,18,17,17,18,18,6,6,6,6,6,6,6,19","0.0069270133972168","infomap","edit-xhwikibooks.graphml"
"0.66","0.03","0.31","0.336096179582542","1,2,1,3,4,3,4,2,3,5,6,4,7,8,9,3,5,10,6,4,11,12,7,8,13,14,9,15,16,5,10,17,18,4,19,20,13,9,11,11,11,11,12,12,12,12,11,12,12,12,11,11,11,11,11,12,12,12,12,11,7,11,11,8,13,11,11,11,11,11,12,11,14,14,11,11,11,11,11,11,11,9,15,15,15,16,11,11,11,11,5,10,17,11,11,11,3,11,11,11,11,11,11,11,11,11,11,18,18,11,11,11,11,20,19,19,19,20,19,20,19,13,13,13,13,13,13,13,13","0.00655221939086914","infomap","edit-xhwikibooks.graphml"
"0.65","0.04","0.31","0.315638371698765","1,1,2,2,2,3,2,4,5,6,7,2,4,5,8,3,6,9,7,2,10,1,11,4,5,5,8,12,13,6,9,14,15,2,16,17,18,8,10,10,10,10,1,1,1,1,10,1,1,1,10,10,10,10,10,1,1,1,1,10,11,10,10,4,5,10,10,10,10,10,1,10,5,5,10,10,10,10,10,10,10,8,12,12,12,13,10,10,10,10,6,9,14,10,10,10,3,10,10,10,10,10,10,10,10,10,10,15,15,10,10,10,10,17,17,17,16,17,16,16,17,18,8,8,8,8,8,8,8","0.0068359375","infomap","edit-xhwikibooks.graphml"
"0.64","0.05","0.31","0.3444042012236","1,1,2,2,2,3,2,3,3,4,5,2,6,7,7,3,4,8,5,2,9,10,6,7,7,11,7,12,13,4,8,14,15,2,16,17,18,7,9,9,9,9,10,10,10,10,9,10,10,10,9,9,9,9,9,10,10,10,10,9,6,9,9,7,7,9,9,9,9,9,10,9,11,11,9,9,9,9,9,9,9,7,12,12,12,13,9,9,9,9,4,8,14,9,9,9,3,9,9,9,9,9,9,9,9,9,9,15,15,9,9,9,9,16,17,16,16,17,16,17,16,18,18,18,18,18,18,18,18","0.00654387474060059","infomap","edit-xhwikibooks.graphml"
"0.63","0.06","0.31","0.330063161711691","1,1,2,2,2,3,2,3,4,5,6,2,7,8,8,3,5,9,6,2,10,11,7,8,4,12,8,13,14,5,9,15,16,2,17,18,4,4,10,10,10,10,11,11,11,11,10,11,11,11,10,10,10,10,10,11,11,11,11,10,7,10,10,8,4,10,10,10,10,10,11,10,12,12,10,10,10,10,10,10,10,8,13,13,13,14,10,10,10,10,5,9,15,10,10,10,3,10,10,10,10,10,10,10,10,10,10,16,16,10,10,10,10,18,18,18,17,18,17,17,18,4,4,4,4,4,4,4,4","0.00680398941040039","infomap","edit-xhwikibooks.graphml"
"0.62","0.07","0.31","0.334600920447074","1,2,1,1,3,1,3,2,4,5,6,3,7,4,8,9,5,10,6,3,11,12,7,4,8,13,4,14,15,5,10,16,17,3,18,19,20,8,11,11,11,11,12,12,12,12,11,12,12,12,11,11,11,11,11,12,12,12,12,11,7,11,11,4,8,11,11,11,11,11,12,11,13,13,11,11,11,11,11,11,11,4,14,14,14,15,11,11,11,11,5,10,16,11,11,11,9,11,11,11,11,11,11,11,11,11,11,17,17,11,11,11,11,19,18,18,18,19,19,19,19,20,20,20,20,20,20,20,20","0.00797080993652344","infomap","edit-xhwikibooks.graphml"
"0.61","0.08","0.31","0.332166147373018","1,2,1,3,4,5,4,2,3,6,7,4,8,2,3,5,6,9,7,4,10,11,8,12,3,13,14,15,16,6,9,17,18,4,19,14,20,14,10,10,10,10,11,11,11,11,10,11,11,11,10,10,10,10,10,11,11,11,11,10,8,10,10,12,3,10,10,10,10,10,11,10,13,13,10,10,10,10,10,10,10,14,15,15,15,16,10,10,10,10,6,9,17,10,10,10,5,10,10,10,10,10,10,10,10,10,10,18,18,10,10,10,10,14,19,19,14,19,14,19,14,20,20,20,20,20,20,20,20","0.00544905662536621","infomap","edit-xhwikibooks.graphml"
"0.6","0.09","0.31","0.343890547065621","1,1,2,2,2,3,2,4,5,6,7,2,8,4,5,3,6,9,7,2,10,11,8,4,5,12,5,13,14,6,9,15,16,2,7,17,18,5,10,10,10,10,11,11,11,11,10,11,11,11,10,10,10,10,10,11,11,11,11,10,8,10,10,4,5,10,10,10,10,10,11,10,12,12,10,10,10,10,10,10,10,5,13,13,13,14,10,10,10,10,6,9,15,10,10,10,3,10,10,10,10,10,10,10,10,10,10,16,16,10,10,10,10,7,17,7,7,17,17,7,7,18,18,18,18,18,18,18,18","0.00761795043945312","infomap","edit-xhwikibooks.graphml"
"0.59","0.1","0.31","0.332290061381058","1,1,2,2,2,3,2,3,3,4,5,2,6,7,8,3,4,9,5,2,10,11,6,7,3,12,8,13,14,4,9,15,16,2,17,18,19,8,10,10,10,10,11,11,11,11,10,11,11,11,10,10,10,10,10,11,11,11,11,10,6,10,10,7,3,10,10,10,10,10,11,10,12,12,10,10,10,10,10,10,10,8,13,13,13,14,10,10,10,10,4,9,15,10,10,10,3,10,10,10,10,10,10,10,10,10,10,16,16,10,10,10,10,18,18,17,18,18,18,17,18,19,19,19,19,19,19,19,19","0.00644397735595703","infomap","edit-xhwikibooks.graphml"
"0.58","0.11","0.31","0.337637343852728","1,1,2,2,2,3,2,1,4,5,6,2,7,8,4,3,5,9,6,2,10,11,7,8,4,12,8,13,14,5,9,15,16,2,17,18,19,4,10,10,10,10,11,11,11,11,10,11,11,11,10,10,10,10,10,11,11,11,11,10,7,10,10,8,4,10,10,10,10,10,11,10,12,12,10,10,10,10,10,10,10,8,13,13,13,14,10,10,10,10,5,9,15,10,10,10,3,10,10,10,10,10,10,10,10,10,10,16,16,10,10,10,10,18,17,17,18,17,17,18,18,19,19,19,19,19,19,19,19","0.00784897804260254","infomap","edit-xhwikibooks.graphml"
"0.57","0.12","0.31","0.335310399160214","1,1,2,2,2,3,2,3,4,5,6,2,7,8,3,3,5,9,6,2,10,11,7,8,8,12,3,13,14,5,9,15,16,2,17,4,18,4,10,10,10,10,11,11,11,11,10,11,11,11,10,10,10,10,10,11,11,11,11,10,7,10,10,8,8,10,10,10,10,10,11,10,12,12,10,10,10,10,10,10,10,3,13,13,13,14,10,10,10,10,5,9,15,10,10,10,3,10,10,10,10,10,10,10,10,10,10,16,16,10,10,10,10,17,4,17,17,17,4,17,4,18,18,18,18,18,18,18,18","0.00939393043518066","infomap","edit-xhwikibooks.graphml"
"0.56","0.13","0.31","0.334281075271515","1,1,2,2,2,3,2,4,3,5,6,2,7,4,8,3,5,9,6,2,10,11,7,4,3,12,8,13,14,5,9,15,16,2,6,17,18,3,10,10,10,10,11,11,11,11,10,11,11,11,10,10,10,10,10,11,11,11,11,10,7,10,10,4,3,10,10,10,10,10,11,10,12,12,10,10,10,10,10,10,10,8,13,13,13,14,10,10,10,10,5,9,15,10,10,10,3,10,10,10,10,10,10,10,10,10,10,16,16,10,10,10,10,17,6,6,17,17,17,17,17,18,18,18,18,18,18,18,18","0.00804400444030762","infomap","edit-xhwikibooks.graphml"
"0.55","0.14","0.31","0.33652880041651","1,1,2,2,2,3,2,1,3,4,5,2,6,3,7,8,4,9,5,2,10,11,6,3,3,12,7,13,14,4,9,15,16,2,17,18,19,18,10,10,10,10,11,11,11,11,10,11,11,11,10,10,10,10,10,11,11,11,11,10,6,10,10,3,3,10,10,10,10,10,11,10,12,12,10,10,10,10,10,10,10,7,13,13,13,14,10,10,10,10,4,9,15,10,10,10,8,10,10,10,10,10,10,10,10,10,10,16,16,10,10,10,10,18,17,18,17,17,17,18,17,19,19,19,19,19,19,19,19","0.0066838264465332","infomap","edit-xhwikibooks.graphml"
"0.54","0.15","0.31","0.336045250351542","1,2,1,1,3,4,3,5,4,6,7,3,8,5,9,4,6,10,7,3,2,11,8,5,9,12,9,13,14,6,10,15,16,3,17,18,19,9,2,2,2,2,11,11,11,11,2,11,11,11,2,2,2,2,2,11,11,11,11,2,8,2,2,5,9,2,2,2,2,2,11,2,12,12,2,2,2,2,2,2,2,9,13,13,13,14,2,2,2,2,6,10,15,2,2,2,4,2,2,2,2,2,2,2,2,2,2,16,16,2,2,2,2,18,17,17,17,17,17,18,18,19,19,19,19,19,19,19,19","0.0054779052734375","infomap","edit-xhwikibooks.graphml"
"0.53","0.16","0.31","0.335239767812735","1,2,1,1,3,4,3,4,5,6,7,3,8,5,5,4,6,9,7,3,2,10,8,11,12,13,5,14,15,6,9,16,17,3,5,18,19,5,2,2,2,2,10,10,10,10,2,10,10,10,2,2,2,2,2,10,10,10,10,2,8,2,2,11,12,2,2,2,2,2,10,2,13,13,2,2,2,2,2,2,2,5,14,14,14,15,2,2,2,2,6,9,16,2,2,2,4,2,2,2,2,2,2,2,2,2,2,17,17,2,2,2,2,18,5,5,5,5,18,5,5,19,19,19,19,19,19,19,19","0.00816512107849121","infomap","edit-xhwikibooks.graphml"
"0.52","0.17","0.31","0.351767373547373","1,1,2,2,2,3,2,4,4,5,6,2,7,4,4,3,5,8,6,2,9,1,7,10,4,11,4,12,13,5,8,14,15,2,16,4,17,4,9,9,9,9,1,1,1,1,9,1,1,1,9,9,9,9,9,1,1,1,1,9,7,9,9,10,4,9,9,9,9,9,1,9,11,11,9,9,9,9,9,9,9,4,12,12,12,13,9,9,9,9,5,8,14,9,9,9,3,9,9,9,9,9,9,9,9,9,9,15,15,9,9,9,9,16,4,16,4,4,4,16,16,17,17,17,17,17,17,17,17","0.00695013999938965","infomap","edit-xhwikibooks.graphml"
"0.51","0.18","0.31","0.341957435931007","1,2,1,1,3,4,3,5,4,6,7,3,8,5,9,4,6,10,7,3,11,2,8,12,5,13,9,14,15,6,10,16,17,3,18,19,20,9,11,11,11,11,2,2,2,2,11,2,2,2,11,11,11,11,11,2,2,2,2,11,8,11,11,12,5,11,11,11,11,11,2,11,13,13,11,11,11,11,11,11,11,9,14,14,14,15,11,11,11,11,6,10,16,11,11,11,4,11,11,11,11,11,11,11,11,11,11,17,17,11,11,11,11,18,19,18,19,18,18,19,18,20,20,20,20,20,20,20,20","0.00535798072814941","infomap","edit-xhwikibooks.graphml"
"0.5","0.19","0.31","0.333792376836001","1,1,1,1,2,3,2,4,4,5,6,2,7,4,8,3,5,9,6,2,10,11,7,12,8,13,8,14,15,5,9,16,17,2,18,19,20,20,10,10,10,10,11,11,11,11,10,11,11,11,10,10,10,10,10,11,11,11,11,10,7,10,10,12,8,10,10,10,10,10,11,10,13,13,10,10,10,10,10,10,10,8,14,14,14,15,10,10,10,10,5,9,16,10,10,10,3,10,10,10,10,10,10,10,10,10,10,17,17,10,10,10,10,18,18,19,19,19,19,19,19,20,20,20,20,20,20,20,20","0.0079340934753418","infomap","edit-xhwikibooks.graphml"
"0.49","0.2","0.31","0.34306836208606","1,2,1,1,3,4,3,5,6,7,8,3,9,5,6,4,7,10,8,3,11,2,9,12,6,13,5,14,15,7,10,16,17,3,18,19,20,6,11,11,11,11,2,2,2,2,11,2,2,2,11,11,11,11,11,2,2,2,2,11,9,11,11,12,6,11,11,11,11,11,2,11,13,13,11,11,11,11,11,11,11,5,14,14,14,15,11,11,11,11,7,10,16,11,11,11,4,11,11,11,11,11,11,11,11,11,11,17,17,11,11,11,11,18,18,18,19,19,19,19,19,20,20,20,20,20,20,20,20","0.00795483589172363","infomap","edit-xhwikibooks.graphml"
"0.48","0.21","0.31","0.335305212708392","1,2,1,1,3,4,3,2,1,5,6,3,7,8,9,4,5,10,6,3,11,12,7,13,8,14,9,15,16,5,10,17,18,3,19,20,21,9,11,11,11,11,12,12,12,12,11,12,12,12,11,11,11,11,11,12,12,12,12,11,7,11,11,13,8,11,11,11,11,11,12,11,14,14,11,11,11,11,11,11,11,9,15,15,15,16,11,11,11,11,5,10,17,11,11,11,4,11,11,11,11,11,11,11,11,11,11,18,18,11,11,11,11,20,19,20,19,20,19,20,20,21,21,21,21,21,21,21,21","0.00800299644470215","infomap","edit-xhwikibooks.graphml"
"0.47","0.22","0.31","0.337308871653482","1,1,2,2,2,3,2,4,3,5,6,2,7,4,3,8,5,9,6,2,10,11,7,12,4,13,3,14,15,5,9,16,17,2,18,19,3,19,10,10,10,10,11,11,11,11,10,11,11,11,10,10,10,10,10,11,11,11,11,10,7,10,10,12,4,10,10,10,10,10,11,10,13,13,10,10,10,10,10,10,10,3,14,14,14,15,10,10,10,10,5,9,16,10,10,10,8,10,10,10,10,10,10,10,10,10,10,17,17,10,10,10,10,19,19,19,19,19,19,18,19,3,3,3,3,3,3,3,3","0.00657486915588379","infomap","edit-xhwikibooks.graphml"
"0.46","0.23","0.31","0.342356927210437","1,1,1,1,2,3,2,3,3,4,5,2,6,7,8,3,4,9,5,2,10,11,6,12,7,13,7,14,15,4,9,16,17,2,18,19,20,8,10,10,10,10,11,11,11,11,10,11,11,11,10,10,10,10,10,11,11,11,11,10,6,10,10,12,7,10,10,10,10,10,11,10,13,13,10,10,10,10,10,10,10,7,14,14,14,15,10,10,10,10,4,9,16,10,10,10,3,10,10,10,10,10,10,10,10,10,10,17,17,10,10,10,10,18,19,19,19,18,18,19,18,20,20,20,20,20,20,20,20","0.0066230297088623","infomap","edit-xhwikibooks.graphml"
"0.45","0.24","0.31","0.345510662177329","1,1,2,2,2,3,2,1,3,4,5,2,6,7,8,3,4,9,5,2,10,11,6,12,7,13,8,14,15,4,9,16,17,2,18,19,20,8,10,10,10,10,11,11,11,11,10,11,11,11,10,10,10,10,10,11,11,11,11,10,6,10,10,12,7,10,10,10,10,10,11,10,13,13,10,10,10,10,10,10,10,8,14,14,14,15,10,10,10,10,4,9,16,10,10,10,3,10,10,10,10,10,10,10,10,10,10,17,17,10,10,10,10,18,18,18,19,19,18,18,19,20,20,20,20,20,20,20,20","0.00547218322753906","infomap","edit-xhwikibooks.graphml"
"0.44","0.25","0.31","0.3495653617166","1,1,1,2,3,2,3,1,2,4,3,5,6,7,2,2,4,3,8,5,9,10,6,11,7,12,7,13,14,4,3,15,5,5,16,8,17,2,9,9,9,9,10,10,10,10,9,10,10,10,9,9,9,9,9,10,10,10,10,9,6,9,9,11,7,9,9,9,9,9,10,9,12,12,9,9,9,9,9,9,9,7,13,13,13,14,9,9,9,9,4,3,15,9,9,9,2,9,9,9,9,9,9,9,9,9,9,5,5,9,9,9,9,16,8,16,8,8,8,8,16,17,17,17,17,17,17,17,17","0.00908994674682617","infomap","edit-xhwikibooks.graphml"
"0.43","0.26","0.31","0.338877852234184","1,1,2,2,2,3,2,3,3,4,5,2,6,7,8,9,4,5,10,11,12,13,6,14,8,15,7,16,17,4,5,18,11,11,10,19,20,19,12,12,12,12,13,13,13,13,12,13,13,13,12,12,12,12,12,13,13,13,13,12,6,12,12,14,8,12,12,12,12,12,13,12,15,15,12,12,12,12,12,12,12,7,16,16,16,17,12,12,12,12,4,5,18,12,12,12,9,12,12,12,12,12,12,12,12,12,12,11,11,12,12,12,12,19,19,19,19,19,19,19,19,20,20,20,20,20,20,20,20","0.00560688972473145","infomap","edit-xhwikibooks.graphml"
"0.42","0.27","0.31","0.343145830130101","1,2,1,1,3,4,3,2,4,5,3,6,7,8,9,4,5,3,10,6,11,12,7,13,8,14,9,15,16,5,3,17,6,6,18,10,19,19,11,11,11,11,12,12,12,12,11,12,12,12,11,11,11,11,11,12,12,12,12,11,7,11,11,13,8,11,11,11,11,11,12,11,14,14,11,11,11,11,11,11,11,9,15,15,15,16,11,11,11,11,5,3,17,11,11,11,4,11,11,11,11,11,11,11,11,11,11,6,6,11,11,11,11,18,10,10,18,18,10,10,18,19,19,19,19,19,19,19,19","0.00657200813293457","infomap","edit-xhwikibooks.graphml"
"0.41","0.28","0.31","0.345674163469043","1,2,1,1,3,4,3,2,4,5,6,3,7,8,4,9,5,6,10,3,11,12,7,13,4,14,8,15,16,5,6,17,3,3,18,10,19,4,11,11,11,11,12,12,12,12,11,12,12,12,11,11,11,11,11,12,12,12,12,11,7,11,11,13,4,11,11,11,11,11,12,11,14,14,11,11,11,11,11,11,11,8,15,15,15,16,11,11,11,11,5,6,17,11,11,11,9,11,11,11,11,11,11,11,11,11,11,3,3,11,11,11,11,10,10,18,10,10,18,18,18,19,19,19,19,19,19,19,19","0.00543904304504395","infomap","edit-xhwikibooks.graphml"
"0.4","0.29","0.31","0.352154678574465","1,2,1,1,3,4,3,2,5,6,3,7,8,9,5,4,6,3,10,7,11,12,8,13,5,14,9,15,16,6,3,17,7,7,10,18,19,5,11,11,11,11,12,12,12,12,11,12,12,12,11,11,11,11,11,12,12,12,12,11,8,11,11,13,5,11,11,11,11,11,12,11,14,14,11,11,11,11,11,11,11,9,15,15,15,16,11,11,11,11,6,3,17,11,11,11,4,11,11,11,11,11,11,11,11,11,11,7,7,11,11,11,11,10,10,10,10,18,18,18,10,19,19,19,19,19,19,19,19","0.00668787956237793","infomap","edit-xhwikibooks.graphml"
"0.39","0.3","0.31","0.352457766218025","1,1,2,2,3,2,3,2,4,5,3,6,7,2,4,8,5,3,9,6,10,11,7,12,4,13,2,14,15,5,3,16,6,6,9,17,18,4,10,10,10,10,11,11,11,11,10,11,11,11,10,10,10,10,10,11,11,11,11,10,7,10,10,12,4,10,10,10,10,10,11,10,13,13,10,10,10,10,10,10,10,2,14,14,14,15,10,10,10,10,5,3,16,10,10,10,8,10,10,10,10,10,10,10,10,10,10,6,6,10,10,10,10,17,17,9,17,9,9,17,9,18,18,18,18,18,18,18,18","0.00702404975891113","infomap","edit-xhwikibooks.graphml"
"0.38","0.31","0.31","0.348881973677844","1,1,2,2,3,2,3,2,4,5,3,6,7,4,8,2,5,3,9,6,10,11,7,12,4,13,8,14,15,5,3,16,6,6,9,17,18,18,10,10,10,10,11,11,11,11,10,11,11,11,10,10,10,10,10,11,11,11,11,10,7,10,10,12,4,10,10,10,10,10,11,10,13,13,10,10,10,10,10,10,10,8,14,14,14,15,10,10,10,10,5,3,16,10,10,10,2,10,10,10,10,10,10,10,10,10,10,6,6,10,10,10,10,17,9,17,17,9,17,17,9,18,18,18,18,18,18,18,18","0.00660204887390137","infomap","edit-xhwikibooks.graphml"
"0.37","0.32","0.31","0.311009243301249","1,2,1,3,4,3,4,2,5,6,4,7,8,9,10,3,6,4,4,7,11,12,8,9,10,13,9,14,2,6,4,4,7,7,15,5,16,10,11,11,11,11,2,2,2,12,11,12,2,2,11,11,11,11,11,12,2,2,2,11,17,11,11,9,10,11,11,11,11,11,2,11,13,13,11,11,11,11,11,11,11,9,14,14,14,18,11,11,11,11,19,20,21,11,11,11,3,11,11,11,11,11,11,11,11,11,11,7,7,11,11,11,11,15,5,15,15,5,15,5,5,16,16,16,16,16,16,16,16","0.00509500503540039","infomap","edit-xhwikibooks.graphml"
"0.36","0.33","0.31","0.345690422574142","1,2,1,1,3,4,3,2,4,5,3,6,7,8,9,4,5,3,3,6,10,11,7,12,9,13,8,14,2,5,3,3,6,6,15,16,17,16,10,10,10,10,11,11,11,11,10,11,11,11,10,10,10,10,10,11,11,11,11,10,18,10,10,12,9,10,10,10,10,10,11,10,13,13,10,10,10,10,10,10,10,8,14,14,14,19,10,10,10,10,20,21,22,10,10,10,4,10,10,10,10,10,10,10,10,10,10,6,6,10,10,10,10,15,15,16,15,16,15,15,15,17,17,17,17,17,17,17,17","0.00638985633850098","infomap","edit-xhwikibooks.graphml"
"0.35","0.34","0.31","0.346906297241119","1,2,1,3,4,3,4,5,5,6,4,7,8,5,9,3,6,4,4,7,10,11,8,12,5,13,9,14,2,6,4,4,7,7,15,16,17,9,10,10,10,10,11,11,11,11,10,11,11,11,10,10,10,10,10,11,11,11,11,10,18,10,10,12,5,10,10,10,10,10,11,10,13,13,10,10,10,10,10,10,10,9,14,14,14,19,10,10,10,10,20,21,22,10,10,10,3,10,10,10,10,10,10,10,10,10,10,7,7,10,10,10,10,16,15,15,15,15,16,15,15,9,9,9,17,17,9,9,9","0.00517606735229492","infomap","edit-xhwikibooks.graphml"
"0.34","0.35","0.31","0.360261117503875","1,2,1,1,3,4,3,5,4,6,3,7,8,5,9,4,6,3,3,7,10,11,8,12,9,13,5,14,2,6,3,3,7,7,15,16,17,9,10,10,10,10,11,11,11,11,10,11,11,11,10,10,10,10,10,11,11,11,11,10,18,10,10,12,9,10,10,10,10,10,11,10,13,13,10,10,10,10,10,10,10,5,14,14,14,19,10,10,10,10,20,21,22,10,10,10,4,10,10,10,10,10,10,10,10,10,10,7,7,10,10,10,10,16,15,15,15,15,16,16,15,17,17,17,17,17,17,17,17","0.00522184371948242","infomap","edit-xhwikibooks.graphml"
"0.33","0.36","0.31","0.355827267620448","1,2,1,1,3,4,3,5,6,7,3,8,9,5,10,4,7,3,3,8,11,12,9,13,10,14,10,15,2,7,3,3,8,8,16,17,6,6,11,11,11,11,12,12,12,12,11,12,12,12,11,11,11,11,11,12,12,12,12,11,18,11,11,13,10,11,11,11,11,11,12,11,14,14,11,11,11,11,11,11,11,10,15,15,15,19,11,11,11,11,20,21,22,11,11,11,4,11,11,11,11,11,11,11,11,11,11,8,8,11,11,11,11,16,16,16,16,17,16,17,17,6,6,6,6,6,6,6,6","0.00550699234008789","infomap","edit-xhwikibooks.graphml"
"0.32","0.37","0.31","0.359660419679603","1,2,1,3,4,3,4,2,5,6,4,7,8,9,5,3,6,4,4,7,10,11,8,12,9,13,5,14,2,6,4,4,7,7,15,16,17,5,10,10,10,10,11,11,11,11,10,11,11,11,10,10,10,10,10,11,11,11,11,10,18,10,10,12,9,10,10,10,10,10,11,10,13,13,10,10,10,10,10,10,10,5,14,14,14,19,10,10,10,10,20,21,22,10,10,10,3,10,10,10,10,10,10,10,10,10,10,7,7,10,10,10,10,15,15,15,15,15,15,15,16,17,17,17,17,17,17,17,17","0.00512194633483887","infomap","edit-xhwikibooks.graphml"
"0.31","0.38","0.31","0.35314022793289","1,2,1,1,3,4,3,2,4,5,3,6,7,8,9,10,5,3,3,6,11,12,7,8,8,13,9,14,2,5,3,3,6,6,4,15,16,4,11,11,11,11,12,12,12,12,11,12,12,12,11,11,11,11,11,12,12,12,12,11,17,11,11,8,8,11,11,11,11,11,12,11,13,13,11,11,11,11,11,11,11,9,14,14,14,18,11,11,11,11,19,20,21,11,11,11,10,11,11,11,11,11,11,11,11,11,11,6,6,11,11,11,11,4,15,15,15,15,4,4,4,16,16,16,16,16,16,16,16","0.00516986846923828","infomap","edit-xhwikibooks.graphml"
"0.3","0.39","0.31","0.358336674834781","1,2,1,3,4,3,4,2,5,6,4,7,8,9,5,10,6,4,4,7,11,2,8,12,9,13,9,14,2,6,4,4,7,7,15,16,17,5,11,11,11,11,2,2,2,2,11,2,2,2,11,11,11,11,11,2,2,2,2,11,18,11,11,12,9,11,11,11,11,11,2,11,13,13,11,11,11,11,11,11,11,9,14,14,14,19,11,11,11,11,20,21,22,11,11,11,10,11,11,11,11,11,11,11,11,11,11,7,7,11,11,11,11,15,16,16,16,16,16,16,16,17,17,17,17,17,17,17,17","0.00538396835327148","infomap","edit-xhwikibooks.graphml"
"0.29","0.4","0.31","0.357894286186697","1,2,1,1,3,4,3,5,1,6,3,7,8,9,5,4,6,3,3,7,10,11,8,12,9,13,5,14,2,6,3,3,7,7,15,16,17,17,10,10,10,10,11,11,11,11,10,11,11,11,10,10,10,10,10,11,11,11,11,10,18,10,10,12,9,10,10,10,10,10,11,10,13,13,10,10,10,10,10,10,10,5,14,14,14,19,10,10,10,10,20,21,22,10,10,10,4,10,10,10,10,10,10,10,10,10,10,7,7,10,10,10,10,15,15,15,16,16,15,16,15,17,17,17,17,17,17,17,17","0.00633406639099121","infomap","edit-xhwikibooks.graphml"
"0.28","0.41","0.31","0.324585360764676","1,2,1,1,3,4,3,5,4,6,3,7,8,5,4,9,6,3,3,7,10,11,8,12,5,13,4,14,2,6,3,3,7,7,15,16,17,4,10,10,10,10,11,2,2,11,10,2,2,2,10,10,10,10,10,2,2,2,2,10,18,10,10,12,5,10,10,10,10,10,2,10,13,13,10,10,10,10,10,10,10,4,14,14,14,19,10,10,10,10,20,21,22,10,10,10,9,10,10,10,10,10,10,10,10,10,10,7,7,10,10,10,10,16,15,15,15,15,15,15,16,17,17,17,17,17,17,17,17","0.00515198707580566","infomap","edit-xhwikibooks.graphml"
"0.27","0.42","0.31","0.362496358497103","1,2,1,1,3,4,3,2,4,5,3,6,7,8,9,4,5,3,3,6,10,11,7,12,9,13,8,14,2,5,3,3,6,6,15,16,17,9,10,10,10,10,11,11,11,11,10,11,11,11,10,10,10,10,10,11,11,11,11,10,18,10,10,12,9,10,10,10,10,10,11,10,13,13,10,10,10,10,10,10,10,8,14,14,14,19,10,10,10,10,20,21,22,10,10,10,4,10,10,10,10,10,10,10,10,10,10,6,6,10,10,10,10,15,15,15,16,15,16,16,16,17,17,17,17,17,17,17,17","0.0053260326385498","infomap","edit-xhwikibooks.graphml"
"0.26","0.43","0.31","0.35881825311244","1,2,1,1,3,4,3,1,5,6,3,7,8,9,5,4,6,3,3,7,10,11,8,12,9,13,9,14,2,6,3,3,7,7,15,16,17,17,10,10,10,10,11,11,11,11,10,11,11,11,10,10,10,10,10,11,11,11,11,10,18,10,10,12,9,10,10,10,10,10,11,10,13,13,10,10,10,10,10,10,10,9,14,14,14,19,10,10,10,10,20,21,22,10,10,10,4,10,10,10,10,10,10,10,10,10,10,7,7,10,10,10,10,15,15,16,15,16,16,16,15,17,17,17,17,17,17,17,17","0.00742506980895996","infomap","edit-xhwikibooks.graphml"
"0.25","0.44","0.31","0.389711687755168","1,2,1,1,3,1,3,2,4,5,3,6,7,8,4,9,5,3,3,6,10,11,7,12,8,13,4,14,2,5,3,3,6,6,15,15,16,4,10,10,10,10,11,11,11,11,10,11,11,11,10,10,10,10,10,11,11,11,11,10,17,10,10,12,8,10,10,10,10,10,11,10,13,13,10,10,10,10,10,10,10,4,14,14,14,18,10,10,10,10,19,20,21,10,10,10,9,10,10,10,10,10,10,10,10,10,10,6,6,10,10,10,10,15,15,15,15,15,15,15,15,16,16,16,16,16,16,16,16","0.00763106346130371","infomap","edit-xhwikibooks.graphml"
"0.24","0.45","0.31","0.363413823648931","1,2,1,3,4,3,4,5,3,6,4,7,8,9,10,3,6,4,4,7,11,12,8,13,10,14,9,15,2,6,4,4,7,7,16,5,17,5,11,11,11,11,12,12,12,12,11,12,12,12,11,11,11,11,11,12,12,12,12,11,18,11,11,13,10,11,11,11,11,11,12,11,14,14,11,11,11,11,11,11,11,9,15,15,15,19,11,11,11,11,20,21,22,11,11,11,3,11,11,11,11,11,11,11,11,11,11,7,7,11,11,11,11,5,16,16,16,16,16,5,5,17,17,17,17,17,17,17,17","0.00653910636901855","infomap","edit-xhwikibooks.graphml"
"0.23","0.46","0.31","0.36436827219713","1,2,1,3,4,3,4,5,3,6,4,7,8,5,9,10,6,4,4,7,11,12,8,13,5,14,9,15,2,6,4,4,7,7,16,17,18,9,11,11,11,11,12,12,12,12,11,12,12,12,11,11,11,11,11,12,12,12,12,11,19,11,11,13,5,11,11,11,11,11,12,11,14,14,11,11,11,11,11,11,11,9,15,15,15,20,11,11,11,11,21,22,23,11,11,11,10,11,11,11,11,11,11,11,11,11,11,7,7,11,11,11,11,17,17,16,16,17,17,17,17,18,18,18,18,18,18,18,18","0.00884795188903809","infomap","edit-xhwikibooks.graphml"
"0.22","0.47","0.31","0.325269722633405","1,2,1,3,4,3,4,2,3,5,4,6,7,8,9,3,5,4,4,6,10,11,7,12,8,13,9,14,2,5,4,4,6,6,15,16,17,9,10,10,10,10,2,2,2,2,10,2,2,11,10,10,10,10,10,2,2,2,2,10,18,10,10,12,8,10,10,10,10,10,2,10,13,13,10,10,10,10,10,10,10,9,14,14,14,19,10,10,10,10,20,21,22,10,10,10,3,10,10,10,10,10,10,10,10,10,10,6,6,10,10,10,10,15,15,15,16,15,15,15,15,17,17,17,17,17,17,17,17","0.00586986541748047","infomap","edit-xhwikibooks.graphml"
"0.21","0.48","0.31","0.365116308357617","1,2,1,1,3,4,3,4,5,6,3,7,8,9,5,4,6,3,3,7,10,11,8,12,5,13,9,14,2,6,3,3,7,7,15,16,17,17,10,10,10,10,11,11,11,11,10,11,11,11,10,10,10,10,10,11,11,11,11,10,18,10,10,12,5,10,10,10,10,10,11,10,13,13,10,10,10,10,10,10,10,9,14,14,14,19,10,10,10,10,20,21,22,10,10,10,4,10,10,10,10,10,10,10,10,10,10,7,7,10,10,10,10,16,15,15,15,15,16,15,16,17,17,17,17,17,17,17,17","0.00523996353149414","infomap","edit-xhwikibooks.graphml"
"0.2","0.49","0.31","0.350350742388985","1,2,1,3,4,5,4,3,3,6,4,7,8,9,3,5,6,4,4,7,10,11,8,12,9,13,3,14,2,6,4,4,7,7,15,16,17,3,10,10,10,10,11,11,11,11,10,11,11,11,10,10,10,10,10,11,11,11,11,10,18,10,10,12,9,10,10,10,10,10,11,10,13,13,10,10,10,10,10,10,10,3,14,14,14,19,10,10,10,10,20,21,22,10,10,10,5,10,10,10,10,10,10,10,10,10,10,7,7,10,10,10,10,15,16,16,15,16,15,15,16,17,17,17,17,17,17,17,17","0.00762009620666504","infomap","edit-xhwikibooks.graphml"
"0.19","0.5","0.31","0.429773996999009","1,2,1,1,3,4,3,4,4,5,3,6,7,4,4,8,5,3,3,6,9,10,7,7,4,4,7,11,2,5,3,3,6,6,12,12,13,4,9,9,9,9,10,10,10,10,9,10,10,10,9,9,9,9,9,10,10,10,10,9,14,9,9,7,4,9,9,9,9,9,10,9,4,4,9,9,9,9,9,9,9,7,11,11,11,15,9,9,9,9,16,17,18,9,9,9,8,9,9,9,9,9,9,9,9,9,9,6,6,9,9,9,9,12,12,12,12,12,12,12,12,13,13,13,13,13,13,13,13","0.00664019584655762","infomap","edit-xhwikibooks.graphml"
"0.18","0.51","0.31","0.386416693374512","1,2,1,1,3,4,3,5,4,6,7,3,8,5,9,10,6,7,7,3,11,12,8,8,13,13,13,14,2,6,7,7,3,3,9,15,16,9,11,11,11,11,12,12,12,12,11,12,12,12,11,11,11,11,11,12,12,12,12,11,17,11,11,8,13,11,11,11,11,11,12,11,13,13,11,11,11,11,11,11,11,13,14,14,14,18,11,11,11,11,19,20,21,11,11,11,10,11,11,11,11,11,11,11,11,11,11,3,3,11,11,11,11,9,9,9,9,9,9,15,9,16,16,16,16,16,16,16,16","0.00518989562988281","infomap","edit-xhwikibooks.graphml"
"0.17","0.52","0.31","0.373178100052444","1,2,1,1,3,4,3,5,4,6,3,7,5,4,8,4,6,3,3,7,9,10,5,11,12,12,12,13,2,6,3,3,7,7,14,15,16,8,9,9,9,9,10,10,10,10,9,10,10,10,9,9,9,9,9,10,10,10,10,9,17,9,9,11,12,9,9,9,9,9,10,9,12,12,9,9,9,9,9,9,9,12,13,13,13,18,9,9,9,9,19,20,21,9,9,9,4,9,9,9,9,9,9,9,9,9,9,7,7,9,9,9,9,14,15,14,15,14,15,15,15,8,8,16,8,16,8,8,8","0.00645589828491211","infomap","edit-xhwikibooks.graphml"
"0.16","0.53","0.31","0.392091610240267","1,2,1,1,3,4,3,2,4,5,6,3,7,7,8,4,5,6,6,3,9,10,7,7,11,11,11,12,2,5,6,6,3,3,13,14,8,8,9,9,9,9,10,10,10,10,9,10,10,10,9,9,9,9,9,10,10,10,10,9,15,9,9,7,11,9,9,9,9,9,10,9,11,11,9,9,9,9,9,9,9,11,12,12,12,16,9,9,9,9,17,18,19,9,9,9,4,9,9,9,9,9,9,9,9,9,9,3,3,9,9,9,9,13,13,13,13,14,14,13,13,8,8,8,8,8,8,8,8","0.00761294364929199","infomap","edit-xhwikibooks.graphml"
"0.15","0.54","0.31","0.380564113195625","1,2,1,1,3,4,3,5,4,6,3,7,5,5,8,4,6,3,3,7,2,9,5,10,8,11,8,12,2,6,3,3,7,7,13,14,15,8,2,2,2,2,9,9,9,9,2,9,9,9,2,2,2,2,2,9,9,9,9,2,16,2,2,10,8,2,2,2,2,2,9,2,11,11,2,2,2,2,2,2,2,8,12,12,12,17,2,2,2,2,18,19,20,2,2,2,4,2,2,2,2,2,2,2,2,2,2,7,7,2,2,2,2,13,14,14,14,13,13,14,14,15,15,15,15,15,15,15,15","0.00676107406616211","infomap","edit-xhwikibooks.graphml"
"0.14","0.55","0.31","0.33437757521433","1,2,1,3,4,3,4,5,6,7,4,8,5,3,6,3,7,4,4,8,9,10,5,11,12,12,12,13,2,7,4,4,8,8,14,15,16,6,9,9,9,9,2,2,2,2,9,2,2,2,9,9,9,9,9,2,2,10,2,9,17,9,9,11,12,9,9,9,9,9,2,9,12,12,9,9,9,9,9,9,9,12,13,13,13,18,9,9,9,9,19,20,21,9,9,9,3,9,9,9,9,9,9,9,9,9,9,8,8,9,9,9,9,15,15,15,15,15,15,14,14,6,16,6,16,6,16,6,6","0.00542116165161133","infomap","edit-xhwikibooks.graphml"
"0.13","0.56","0.31","0.419921988811841","1,1,2,2,2,3,2,3,4,5,6,2,7,4,4,8,5,6,6,9,10,11,7,7,12,12,12,8,1,5,6,6,9,9,13,13,14,4,10,10,10,10,11,11,11,11,10,11,11,11,10,10,10,10,10,11,11,11,11,10,15,10,10,7,12,10,10,10,10,10,11,10,12,12,10,10,10,10,10,10,10,12,8,8,8,16,10,10,10,10,17,18,19,10,10,10,8,10,10,10,10,10,10,10,10,10,10,9,9,10,10,10,10,13,13,13,13,13,13,13,13,14,14,14,14,14,14,14,14","0.00726604461669922","infomap","edit-xhwikibooks.graphml"
"0.12","0.57","0.31","0.405924112315677","1,1,2,2,2,3,2,3,3,4,5,2,6,7,7,8,4,5,5,9,10,11,6,6,7,12,7,8,1,4,5,5,9,9,13,14,15,7,10,10,10,10,11,11,11,11,10,11,11,11,10,10,10,10,10,11,11,11,11,10,16,10,10,6,7,10,10,10,10,10,11,10,12,12,10,10,10,10,10,10,10,7,8,8,8,17,10,10,10,10,18,19,20,10,10,10,8,10,10,10,10,10,10,10,10,10,10,9,9,10,10,10,10,14,14,14,13,13,14,14,14,15,15,15,15,15,15,15,15","0.00647711753845215","infomap","edit-xhwikibooks.graphml"
"0.11","0.58","0.31","0.401476824935081","1,1,2,2,2,3,2,4,3,5,6,2,7,4,3,8,5,6,6,9,10,11,7,7,12,12,12,8,1,5,6,6,9,9,13,14,15,3,10,10,10,10,11,11,11,11,10,11,11,11,10,10,10,10,10,11,11,11,11,10,16,10,10,7,12,10,10,10,10,10,11,10,12,12,10,10,10,10,10,10,10,12,8,8,8,17,10,10,10,10,18,19,20,10,10,10,8,10,10,10,10,10,10,10,10,10,10,9,9,10,10,10,10,14,14,13,13,13,13,14,14,15,15,15,15,15,15,15,15","0.00843620300292969","infomap","edit-xhwikibooks.graphml"
"0.1","0.59","0.31","0.411947055812885","1,1,2,2,2,3,2,3,3,4,5,2,6,7,7,8,4,5,5,9,10,1,6,6,7,11,7,8,1,4,5,5,9,9,12,13,14,7,10,10,10,10,1,1,1,1,10,1,1,1,10,10,10,10,10,1,1,1,1,10,15,10,10,6,7,10,10,10,10,10,1,10,11,11,10,10,10,10,10,10,10,7,8,8,8,16,10,10,10,10,17,18,19,10,10,10,8,10,10,10,10,10,10,10,10,10,10,9,9,10,10,10,10,12,12,12,12,12,13,13,12,14,14,14,14,14,14,14,14","0.0104968547821045","infomap","edit-xhwikibooks.graphml"
"0.09","0.6","0.31","0.408692432134575","1,1,2,2,2,3,2,3,4,5,6,2,7,4,4,8,5,6,6,9,10,11,7,7,12,12,12,8,1,5,6,6,9,9,13,14,4,4,10,10,10,10,11,11,11,11,10,11,11,11,10,10,10,10,10,11,11,11,11,10,15,10,10,7,12,10,10,10,10,10,11,10,12,12,10,10,10,10,10,10,10,12,8,8,8,16,10,10,10,10,17,18,19,10,10,10,8,10,10,10,10,10,10,10,10,10,10,9,9,10,10,10,10,14,13,13,13,14,14,13,14,4,4,4,4,4,4,4,4","0.00857806205749512","infomap","edit-xhwikibooks.graphml"
"0.08","0.61","0.31","0.407377708067837","1,1,2,2,2,3,2,4,3,5,6,2,7,4,3,8,5,6,6,9,10,11,7,7,3,12,3,8,1,5,6,6,9,9,13,14,15,3,10,10,10,10,11,11,11,11,10,11,11,11,10,10,10,10,10,11,11,11,11,10,16,10,10,7,3,10,10,10,10,10,11,10,12,12,10,10,10,10,10,10,10,3,8,8,8,17,10,10,10,10,18,19,20,10,10,10,8,10,10,10,10,10,10,10,10,10,10,9,9,10,10,10,10,13,13,14,13,13,14,13,14,15,15,15,15,15,15,15,15","0.00779604911804199","infomap","edit-xhwikibooks.graphml"
"0.07","0.62","0.31","0.407870985920454","1,1,2,2,2,3,2,3,3,4,2,5,6,3,7,8,4,2,2,5,9,10,6,6,11,11,11,8,1,4,2,2,5,5,12,13,7,7,9,9,9,9,10,10,10,10,9,10,10,10,9,9,9,9,9,10,10,10,10,9,14,9,9,6,11,9,9,9,9,9,10,9,11,11,9,9,9,9,9,9,9,11,8,8,8,15,9,9,9,9,16,17,18,9,9,9,8,9,9,9,9,9,9,9,9,9,9,5,5,9,9,9,9,12,13,13,12,12,13,13,13,7,7,7,7,7,7,7,7","0.0063779354095459","infomap","edit-xhwikibooks.graphml"
"0.06","0.63","0.31","0.396151808160127","1,1,2,2,2,3,2,3,3,3,2,4,5,3,6,7,8,2,2,4,9,10,5,5,6,11,6,7,1,12,13,2,4,4,14,15,16,6,9,9,9,9,10,10,10,10,9,10,10,10,9,9,9,9,9,10,10,10,10,9,17,9,9,18,19,9,9,9,9,9,10,9,11,11,9,9,9,9,9,9,9,20,7,7,7,21,9,9,9,9,22,23,24,9,9,9,25,9,9,9,9,9,9,9,9,9,9,26,27,9,9,9,9,14,14,6,14,14,15,6,14,16,16,16,16,16,16,16,16","0.00712990760803223","infomap","edit-xhwikibooks.graphml"
"0.05","0.64","0.31","0.387583615204721","1,2,1,3,4,3,4,5,3,3,6,4,7,5,8,9,10,6,6,4,2,11,7,7,5,12,8,9,2,13,14,6,4,4,15,16,17,8,2,2,2,2,11,11,11,11,2,11,11,11,2,2,2,2,2,11,11,11,11,2,18,2,2,19,20,2,2,2,2,2,11,2,12,12,2,2,2,2,2,2,2,21,9,9,9,22,2,2,2,2,23,24,25,2,2,2,26,2,2,2,2,2,2,2,2,2,2,27,28,2,2,2,2,16,16,15,15,15,16,16,15,17,17,17,17,17,17,17,17","0.00916099548339844","infomap","edit-xhwikibooks.graphml"
"0.04","0.65","0.31","0.401921851593773","1,1,2,2,2,3,2,3,3,3,2,4,5,3,6,7,8,2,2,4,9,10,5,5,6,11,6,7,1,12,13,2,4,4,14,15,16,6,9,9,9,9,10,10,10,10,9,10,10,10,9,9,9,9,9,10,10,10,10,9,17,9,9,18,19,9,9,9,9,9,10,9,11,11,9,9,9,9,9,9,9,20,7,7,7,21,9,9,9,9,22,23,24,9,9,9,25,9,9,9,9,9,9,9,9,9,9,26,27,9,9,9,9,15,14,14,15,14,15,14,14,16,16,16,16,16,16,16,16","0.00721311569213867","infomap","edit-xhwikibooks.graphml"
"0.03","0.66","0.31","0.396464146941031","1,2,1,3,4,3,4,2,3,3,5,4,6,7,8,9,10,5,5,4,11,12,6,6,8,13,7,9,1,14,15,5,4,4,16,17,18,8,11,11,11,11,12,12,12,12,11,12,12,12,11,11,11,11,11,12,12,12,12,11,19,11,11,20,21,11,11,11,11,11,12,11,13,13,11,11,11,11,11,11,11,22,9,9,9,23,11,11,11,11,24,25,26,11,11,11,27,11,11,11,11,11,11,11,11,11,11,28,29,11,11,11,11,16,16,16,17,16,16,17,16,18,18,18,18,18,18,18,18","0.00596404075622559","infomap","edit-xhwikibooks.graphml"
"0.02","0.67","0.31","0.417619393162756","1,1,2,2,2,3,2,3,4,3,2,5,6,4,4,7,8,2,2,5,9,10,6,6,4,11,4,7,1,12,13,2,5,5,14,15,16,4,9,9,9,9,10,10,10,10,9,10,10,10,9,9,9,9,9,10,10,10,10,9,17,9,9,18,19,9,9,9,9,9,10,9,11,11,9,9,9,9,9,9,9,20,7,7,7,21,9,9,9,9,22,23,24,9,9,9,25,9,9,9,9,9,9,9,9,9,9,26,27,9,9,9,9,14,14,15,14,15,15,15,14,16,16,16,16,16,16,16,16","0.00816202163696289","infomap","edit-xhwikibooks.graphml"
"0.01","0.68","0.31","0.398915783094862","1,2,1,3,4,3,4,5,3,3,6,4,7,8,5,9,10,6,6,4,2,11,7,7,5,12,8,9,2,13,14,6,4,4,15,16,17,5,2,2,2,2,11,11,11,11,2,11,11,11,2,2,2,2,2,11,11,11,11,2,18,2,2,19,20,2,2,2,2,2,11,2,12,12,2,2,2,2,2,2,2,21,9,9,9,22,2,2,2,2,23,24,25,2,2,2,26,2,2,2,2,2,2,2,2,2,2,27,28,2,2,2,2,16,15,16,15,15,16,15,16,17,17,17,17,17,17,17,17","0.00727200508117676","infomap","edit-xhwikibooks.graphml"
"0","0.69","0.31","0.416740288559823","1,1,2,2,3,2,3,2,2,2,3,4,5,6,6,7,8,3,3,4,9,10,5,5,6,11,6,7,1,12,13,3,4,4,14,15,16,6,9,9,9,9,10,10,10,10,9,10,10,10,9,9,9,9,9,10,10,10,10,9,17,9,9,18,19,9,9,9,9,9,10,9,11,11,9,9,9,9,9,9,9,20,7,7,7,21,9,9,9,9,22,23,24,9,9,9,25,9,9,9,9,9,9,9,9,9,9,26,27,9,9,9,9,14,15,14,14,15,15,14,14,16,16,16,16,16,16,16,16","0.00684905052185059","infomap","edit-xhwikibooks.graphml"
"0.68","0","0.32","0.328439691071245","1,1,2,2,2,3,2,3,4,5,6,2,7,3,4,3,5,8,6,2,9,10,7,3,4,11,3,12,13,5,8,14,15,2,16,17,18,4,9,9,9,9,10,10,10,10,9,10,10,10,9,9,9,9,9,10,10,10,10,9,7,9,9,3,4,9,9,9,9,9,10,9,11,11,9,9,9,9,9,9,9,3,12,12,12,13,9,9,9,9,5,8,14,9,9,9,3,9,9,9,9,9,9,9,9,9,9,15,15,9,9,9,9,17,17,16,16,16,17,16,17,18,18,18,18,18,18,18,18","0.00844383239746094","infomap","edit-xhwikibooks.graphml"
"0.67","0.01","0.32","0.331062381468112","1,1,2,2,2,3,2,4,4,5,6,2,7,4,4,3,5,8,6,2,9,10,7,11,4,12,4,13,14,5,8,15,16,2,17,18,19,4,9,9,9,9,10,10,10,10,9,10,10,10,9,9,9,9,9,10,10,10,10,9,7,9,9,11,4,9,9,9,9,9,10,9,12,12,9,9,9,9,9,9,9,4,13,13,13,14,9,9,9,9,5,8,15,9,9,9,3,9,9,9,9,9,9,9,9,9,9,16,16,9,9,9,9,17,18,17,17,17,18,18,18,19,19,19,19,19,19,19,19","0.00849699974060059","infomap","edit-xhwikibooks.graphml"
"0.66","0.02","0.32","0.310750440552511","1,1,2,2,2,1,2,1,3,4,5,2,6,7,3,8,4,9,5,2,10,11,6,1,7,12,3,13,14,4,9,15,16,2,17,18,19,3,10,10,10,10,11,11,11,11,10,11,11,11,10,10,10,10,10,11,11,11,11,10,6,10,10,7,7,10,10,10,10,10,11,10,12,12,10,10,10,10,10,10,10,3,13,13,13,14,10,10,10,10,4,9,15,10,10,10,8,10,10,10,10,10,10,10,10,10,10,16,16,10,10,10,10,17,3,3,17,3,17,18,3,19,19,19,19,19,19,19,19","0.00937819480895996","infomap","edit-xhwikibooks.graphml"
"0.65","0.03","0.32","0.323273980262024","1,1,2,2,2,3,2,4,5,6,7,2,8,5,4,3,6,9,7,2,10,11,8,12,5,13,4,14,15,6,9,16,17,2,18,4,19,4,10,10,10,10,11,11,11,11,10,11,11,11,10,10,10,10,10,11,11,11,11,10,8,10,10,12,5,10,10,10,10,10,11,10,13,13,10,10,10,10,10,10,10,4,14,14,14,15,10,10,10,10,6,9,16,10,10,10,3,10,10,10,10,10,10,10,10,10,10,17,17,10,10,10,10,4,18,18,18,18,18,4,4,19,19,19,19,19,19,19,19","0.00689911842346191","infomap","edit-xhwikibooks.graphml"
"0.64","0.04","0.32","0.328439688879868","1,1,2,2,2,3,2,4,4,5,6,2,7,4,8,3,5,9,6,2,10,11,7,4,4,12,8,13,14,5,9,15,16,2,17,18,8,8,10,10,10,10,11,11,11,11,10,11,11,11,10,10,10,10,10,11,11,11,11,10,7,10,10,4,4,10,10,10,10,10,11,10,12,12,10,10,10,10,10,10,10,8,13,13,13,14,10,10,10,10,5,9,15,10,10,10,3,10,10,10,10,10,10,10,10,10,10,16,16,10,10,10,10,17,18,17,18,17,17,17,18,8,8,8,8,8,8,8,8","0.00671291351318359","infomap","edit-xhwikibooks.graphml"
"0.63","0.05","0.32","0.346488163272148","1,1,2,2,3,2,3,4,4,5,6,3,7,4,4,2,5,8,6,3,9,10,7,11,4,12,4,13,14,5,8,15,16,3,17,18,19,4,9,9,9,9,10,10,10,10,9,10,10,10,9,9,9,9,9,10,10,10,10,9,7,9,9,11,4,9,9,9,9,9,10,9,12,12,9,9,9,9,9,9,9,4,13,13,13,14,9,9,9,9,5,8,15,9,9,9,2,9,9,9,9,9,9,9,9,9,9,16,16,9,9,9,9,18,17,17,17,18,17,17,17,19,19,19,19,19,19,19,19","0.00531196594238281","infomap","edit-xhwikibooks.graphml"
"0.62","0.06","0.32","0.329978973923265","1,1,2,2,2,3,2,4,5,6,7,2,8,4,5,3,6,9,7,2,10,11,8,4,5,12,5,13,14,6,9,15,16,2,17,18,19,5,10,10,10,10,11,11,11,11,10,11,11,11,10,10,10,10,10,11,11,11,11,10,8,10,10,4,5,10,10,10,10,10,11,10,12,12,10,10,10,10,10,10,10,5,13,13,13,14,10,10,10,10,6,9,15,10,10,10,3,10,10,10,10,10,10,10,10,10,10,16,16,10,10,10,10,18,18,5,18,17,5,18,17,19,19,19,19,19,19,19,19","0.00678205490112305","infomap","edit-xhwikibooks.graphml"
"0.61","0.07","0.32","0.325310198602381","1,2,1,1,3,4,3,4,4,5,6,3,7,8,8,9,5,10,6,3,2,11,7,12,8,13,8,14,15,5,10,16,17,3,18,19,20,8,2,2,2,2,11,11,11,11,2,11,11,11,2,2,2,2,2,11,11,11,11,2,7,2,2,12,8,2,2,2,2,2,11,2,13,13,2,2,2,2,2,2,2,8,14,14,14,15,2,2,2,2,5,10,16,2,2,2,9,2,2,2,2,2,2,2,2,2,2,17,17,2,2,2,2,19,18,18,18,18,18,8,8,20,20,20,20,20,20,20,20","0.00675010681152344","infomap","edit-xhwikibooks.graphml"
"0.6","0.08","0.32","0.333663730996483","1,1,2,2,2,3,2,4,4,5,6,2,7,4,8,3,5,9,6,2,10,11,7,4,4,12,4,13,14,5,9,15,16,2,17,18,19,8,10,10,10,10,11,11,11,11,10,11,11,11,10,10,10,10,10,11,11,11,11,10,7,10,10,4,4,10,10,10,10,10,11,10,12,12,10,10,10,10,10,10,10,8,13,13,13,14,10,10,10,10,5,9,15,10,10,10,3,10,10,10,10,10,10,10,10,10,10,16,16,10,10,10,10,17,18,18,18,17,17,17,17,19,19,19,19,19,19,19,19","0.00911498069763184","infomap","edit-xhwikibooks.graphml"
"0.59","0.09","0.32","0.337717617659309","1,1,2,2,2,3,2,1,4,5,6,2,7,8,4,3,5,9,6,2,10,11,7,8,8,12,4,13,14,5,9,15,16,2,17,18,19,4,10,10,10,10,11,11,11,11,10,11,11,11,10,10,10,10,10,11,11,11,11,10,7,10,10,8,8,10,10,10,10,10,11,10,12,12,10,10,10,10,10,10,10,4,13,13,13,14,10,10,10,10,5,9,15,10,10,10,3,10,10,10,10,10,10,10,10,10,10,16,16,10,10,10,10,17,18,17,17,18,18,18,17,19,19,19,19,19,19,19,19","0.00664305686950684","infomap","edit-xhwikibooks.graphml"
"0.58","0.1","0.32","0.340431070387339","1,1,2,2,2,3,2,1,3,4,5,2,6,7,7,3,4,8,5,2,9,10,6,11,7,12,7,13,14,4,8,15,16,2,17,18,19,7,9,9,9,9,10,10,10,10,9,10,10,10,9,9,9,9,9,10,10,10,10,9,6,9,9,11,7,9,9,9,9,9,10,9,12,12,9,9,9,9,9,9,9,7,13,13,13,14,9,9,9,9,4,8,15,9,9,9,3,9,9,9,9,9,9,9,9,9,9,16,16,9,9,9,9,17,17,18,18,18,18,17,17,19,19,19,19,19,19,19,19","0.0067899227142334","infomap","edit-xhwikibooks.graphml"
"0.57","0.11","0.32","0.34003871727969","1,1,2,2,2,3,2,1,3,4,5,2,6,3,7,8,4,9,5,2,10,11,6,3,7,7,3,12,13,4,9,14,15,2,16,17,18,7,10,10,10,10,11,11,11,11,10,11,11,11,10,10,10,10,10,11,11,11,11,10,6,10,10,3,7,10,10,10,10,10,11,10,7,7,10,10,10,10,10,10,10,3,12,12,12,13,10,10,10,10,4,9,14,10,10,10,8,10,10,10,10,10,10,10,10,10,10,15,15,10,10,10,10,16,17,16,16,16,17,16,17,18,18,18,18,18,18,18,18","0.00647091865539551","infomap","edit-xhwikibooks.graphml"
"0.56","0.12","0.32","0.341437189081113","1,2,1,1,3,4,3,4,5,6,7,3,8,9,5,4,6,10,7,3,11,2,8,9,5,12,9,13,14,6,10,15,16,3,17,18,19,5,11,11,11,11,2,2,2,2,11,2,2,2,11,11,11,11,11,2,2,2,2,11,8,11,11,9,5,11,11,11,11,11,2,11,12,12,11,11,11,11,11,11,11,9,13,13,13,14,11,11,11,11,6,10,15,11,11,11,4,11,11,11,11,11,11,11,11,11,11,16,16,11,11,11,11,18,18,17,18,17,18,18,18,19,19,19,19,19,19,19,19","0.00827407836914062","infomap","edit-xhwikibooks.graphml"
"0.55","0.13","0.32","0.347604081180682","1,1,2,2,2,3,4,1,3,5,4,6,7,8,8,3,5,9,10,6,11,12,7,8,8,13,8,14,15,5,9,16,17,6,10,18,19,8,11,11,11,11,12,12,12,12,11,12,12,12,11,11,11,11,11,12,12,12,12,11,7,11,11,8,8,11,11,11,11,11,12,11,13,13,11,11,11,11,11,11,11,8,14,14,14,15,11,11,11,11,5,9,16,11,11,11,3,11,11,11,11,11,11,11,11,11,11,17,17,11,11,11,11,10,10,18,10,18,18,10,10,19,19,19,19,19,19,19,19","0.00664997100830078","infomap","edit-xhwikibooks.graphml"
"0.54","0.14","0.32","0.338054192279728","1,1,2,2,2,3,2,3,4,5,6,2,7,4,3,8,5,9,6,2,10,1,7,4,3,11,3,12,13,5,9,14,15,2,16,17,18,3,10,10,10,10,1,1,1,1,10,1,1,1,10,10,10,10,10,1,1,1,1,10,7,10,10,4,3,10,10,10,10,10,1,10,11,11,10,10,10,10,10,10,10,3,12,12,12,13,10,10,10,10,5,9,14,10,10,10,8,10,10,10,10,10,10,10,10,10,10,15,15,10,10,10,10,16,16,16,16,3,17,17,17,18,18,18,18,18,18,18,18","0.0306010246276855","infomap","edit-xhwikibooks.graphml"
"0.53","0.15","0.32","0.344453580436249","1,1,2,2,2,3,2,3,3,4,5,2,6,3,7,8,4,9,5,2,10,11,6,3,7,12,7,13,14,4,9,15,16,2,17,18,19,7,10,10,10,10,11,11,11,11,10,11,11,11,10,10,10,10,10,11,11,11,11,10,6,10,10,3,7,10,10,10,10,10,11,10,12,12,10,10,10,10,10,10,10,7,13,13,13,14,10,10,10,10,4,9,15,10,10,10,8,10,10,10,10,10,10,10,10,10,10,16,16,10,10,10,10,18,17,17,18,18,18,18,17,19,19,19,19,19,19,19,19","0.0069580078125","infomap","edit-xhwikibooks.graphml"
"0.52","0.16","0.32","0.341038822140996","1,2,1,3,4,3,4,2,3,5,6,4,7,8,9,3,5,10,6,4,11,12,7,13,8,14,8,15,16,5,10,17,18,4,19,20,21,9,11,11,11,11,12,12,12,12,11,12,12,12,11,11,11,11,11,12,12,12,12,11,7,11,11,13,8,11,11,11,11,11,12,11,14,14,11,11,11,11,11,11,11,8,15,15,15,16,11,11,11,11,5,10,17,11,11,11,3,11,11,11,11,11,11,11,11,11,11,18,18,11,11,11,11,20,19,19,19,19,20,20,19,21,21,21,21,21,21,21,21","0.00524806976318359","infomap","edit-xhwikibooks.graphml"
"0.51","0.17","0.32","0.333374145495358","1,2,1,1,3,4,3,5,6,7,8,3,5,6,6,4,7,9,8,3,2,10,11,6,6,12,13,14,15,7,9,16,17,3,18,13,19,13,2,2,2,2,10,10,10,10,2,10,10,10,2,2,2,2,2,10,10,10,10,2,11,2,2,6,6,2,2,2,2,2,10,2,12,12,2,2,2,2,2,2,2,13,14,14,14,15,2,2,2,2,7,9,16,2,2,2,4,2,2,2,2,2,2,2,2,2,2,17,17,2,2,2,2,18,13,13,18,18,18,13,18,19,19,19,19,19,19,19,19","0.00772905349731445","infomap","edit-xhwikibooks.graphml"
"0.5","0.18","0.32","0.345043362922151","1,2,1,1,3,4,3,2,5,6,7,3,8,2,5,4,6,9,7,3,10,11,8,12,5,13,5,14,15,6,9,16,17,3,18,19,20,20,10,10,10,10,11,11,11,11,10,11,11,11,10,10,10,10,10,11,11,11,11,10,8,10,10,12,5,10,10,10,10,10,11,10,13,13,10,10,10,10,10,10,10,5,14,14,14,15,10,10,10,10,6,9,16,10,10,10,4,10,10,10,10,10,10,10,10,10,10,17,17,10,10,10,10,18,18,18,18,19,18,18,18,20,20,20,20,20,20,20,20","0.00793695449829102","infomap","edit-xhwikibooks.graphml"
"0.49","0.19","0.32","0.346859882229674","1,1,2,2,2,3,2,1,4,5,6,2,7,8,4,3,5,9,6,2,10,11,7,8,4,4,4,12,13,5,9,14,15,2,16,17,18,17,10,10,10,10,11,11,11,11,10,11,11,11,10,10,10,10,10,11,11,11,11,10,7,10,10,8,4,10,10,10,10,10,11,10,4,4,10,10,10,10,10,10,10,4,12,12,12,13,10,10,10,10,5,9,14,10,10,10,3,10,10,10,10,10,10,10,10,10,10,15,15,10,10,10,10,17,17,16,17,16,16,16,16,18,18,18,18,18,18,18,18","0.00822806358337402","infomap","edit-xhwikibooks.graphml"
"0.48","0.2","0.32","0.34043490739304","1,1,2,2,2,3,2,4,3,5,6,2,7,4,8,9,5,10,6,2,11,12,7,4,13,4,8,14,15,5,10,16,17,2,18,13,19,13,11,11,11,11,12,12,12,12,11,12,12,12,11,11,11,11,11,12,12,12,12,11,7,11,11,4,13,11,11,11,11,11,12,11,4,4,11,11,11,11,11,11,11,8,14,14,14,15,11,11,11,11,5,10,16,11,11,11,9,11,11,11,11,11,11,11,11,11,11,17,17,11,11,11,11,13,18,13,18,18,18,13,13,19,19,19,19,19,19,19,19","0.00661802291870117","infomap","edit-xhwikibooks.graphml"
"0.47","0.21","0.32","0.338025580374735","1,1,2,2,2,3,2,4,3,5,6,2,7,4,8,3,5,9,6,2,10,11,7,4,12,13,4,14,15,5,9,16,17,2,8,18,19,18,10,10,10,10,11,11,11,11,10,11,11,11,10,10,10,10,10,11,11,11,11,10,7,10,10,4,12,10,10,10,10,10,11,10,13,13,10,10,10,10,10,10,10,4,14,14,14,15,10,10,10,10,5,9,16,10,10,10,3,10,10,10,10,10,10,10,10,10,10,17,17,10,10,10,10,18,18,8,8,18,8,18,8,19,19,19,19,19,19,19,19","0.00559091567993164","infomap","edit-xhwikibooks.graphml"
"0.46","0.22","0.32","0.344549991293997","1,2,1,1,3,4,3,5,4,6,7,3,8,5,9,4,6,10,7,3,11,2,8,5,9,12,5,13,14,6,10,15,16,3,17,18,19,9,11,11,11,11,2,2,2,2,11,2,2,2,11,11,11,11,11,2,2,2,2,11,8,11,11,5,9,11,11,11,11,11,2,11,12,12,11,11,11,11,11,11,11,5,13,13,13,14,11,11,11,11,6,10,15,11,11,11,4,11,11,11,11,11,11,11,11,11,11,16,16,11,11,11,11,18,18,17,18,17,18,17,18,19,19,19,19,19,19,19,19","0.00578689575195312","infomap","edit-xhwikibooks.graphml"
"0.45","0.23","0.32","0.333006237216232","1,1,2,2,2,3,2,4,3,5,6,2,4,7,3,8,5,9,6,2,10,11,12,4,7,13,3,14,15,5,9,16,17,2,18,19,20,3,10,10,10,10,11,11,11,11,10,11,11,11,10,10,10,10,10,11,11,11,11,10,12,10,10,4,7,10,10,10,10,10,11,10,13,13,10,10,10,10,10,10,10,3,14,14,14,15,10,10,10,10,5,9,16,10,10,10,8,10,10,10,10,10,10,10,10,10,10,17,17,10,10,10,10,19,18,18,18,19,18,19,19,3,20,3,3,20,20,20,3","0.0106079578399658","infomap","edit-xhwikibooks.graphml"
"0.44","0.24","0.32","0.353557805519266","1,1,2,2,3,2,3,4,4,5,6,3,7,4,4,2,5,8,6,3,9,10,7,11,4,12,4,13,14,5,8,15,16,3,17,18,19,4,9,9,9,9,10,10,10,10,9,10,10,10,9,9,9,9,9,10,10,10,10,9,7,9,9,11,4,9,9,9,9,9,10,9,12,12,9,9,9,9,9,9,9,4,13,13,13,14,9,9,9,9,5,8,15,9,9,9,2,9,9,9,9,9,9,9,9,9,9,16,16,9,9,9,9,18,18,17,17,18,17,17,18,19,19,19,19,19,19,19,19","0.00576090812683105","infomap","edit-xhwikibooks.graphml"
"0.43","0.25","0.32","0.349476218125514","1,2,1,3,4,3,4,5,3,6,7,4,8,5,9,3,6,10,7,4,11,2,8,12,9,13,5,14,15,6,10,16,17,4,18,19,20,19,11,11,11,11,2,2,2,2,11,2,2,2,11,11,11,11,11,2,2,2,2,11,8,11,11,12,9,11,11,11,11,11,2,11,13,13,11,11,11,11,11,11,11,5,14,14,14,15,11,11,11,11,6,10,16,11,11,11,3,11,11,11,11,11,11,11,11,11,11,17,17,11,11,11,11,18,18,19,18,18,19,18,19,20,20,20,20,20,20,20,20","0.00536608695983887","infomap","edit-xhwikibooks.graphml"
"0.42","0.26","0.32","0.351446952468509","1,2,1,1,3,4,3,4,5,6,7,3,8,9,5,4,6,10,7,3,11,2,8,12,5,13,9,14,15,6,10,16,17,3,18,19,20,5,11,11,11,11,2,2,2,2,11,2,2,2,11,11,11,11,11,2,2,2,2,11,8,11,11,12,5,11,11,11,11,11,2,11,13,13,11,11,11,11,11,11,11,9,14,14,14,15,11,11,11,11,6,10,16,11,11,11,4,11,11,11,11,11,11,11,11,11,11,17,17,11,11,11,11,19,18,18,18,19,18,18,18,20,20,20,20,20,20,20,20","0.00896310806274414","infomap","edit-xhwikibooks.graphml"
"0.41","0.27","0.32","0.348767560200642","1,1,2,2,2,3,2,4,3,5,6,2,7,4,3,8,5,9,6,2,10,11,7,12,3,13,4,14,15,5,9,16,17,2,18,19,20,3,10,10,10,10,11,11,11,11,10,11,11,11,10,10,10,10,10,11,11,11,11,10,7,10,10,12,3,10,10,10,10,10,11,10,13,13,10,10,10,10,10,10,10,4,14,14,14,15,10,10,10,10,5,9,16,10,10,10,8,10,10,10,10,10,10,10,10,10,10,17,17,10,10,10,10,18,18,18,18,19,19,19,18,20,20,20,20,20,20,20,20","0.00685906410217285","infomap","edit-xhwikibooks.graphml"
"0.4","0.28","0.32","0.340979810041961","1,2,1,1,3,4,3,5,5,6,7,3,8,5,9,4,6,10,7,3,2,11,8,12,9,13,5,14,15,6,10,16,17,3,18,19,20,9,2,2,2,2,11,11,11,11,2,11,11,11,2,2,2,2,2,11,11,11,11,2,8,2,2,12,9,2,2,2,2,2,11,2,13,13,2,2,2,2,2,2,2,5,14,14,14,15,2,2,2,2,6,10,16,2,2,2,4,2,2,2,2,2,2,2,2,2,2,17,17,2,2,2,2,19,18,18,19,19,18,19,18,20,20,20,20,20,20,20,20","0.00657892227172852","infomap","edit-xhwikibooks.graphml"
"0.39","0.29","0.32","0.352031116433606","1,1,2,2,2,3,2,4,3,5,6,2,7,4,3,8,5,6,9,10,11,12,7,13,4,14,3,15,16,5,6,17,10,10,9,18,19,3,11,11,11,11,12,12,12,12,11,12,12,12,11,11,11,11,11,12,12,12,12,11,7,11,11,13,4,11,11,11,11,11,12,11,14,14,11,11,11,11,11,11,11,3,15,15,15,16,11,11,11,11,5,6,17,11,11,11,8,11,11,11,11,11,11,11,11,11,11,10,10,11,11,11,11,18,9,9,9,18,9,18,9,19,19,19,19,19,19,19,19","0.0055549144744873","infomap","edit-xhwikibooks.graphml"
"0.38","0.3","0.32","0.342077385617233","1,2,1,1,3,4,3,2,5,6,3,7,8,5,9,4,6,3,10,7,11,12,8,13,9,14,5,15,16,6,3,17,7,7,18,10,19,10,11,11,11,11,12,12,12,12,11,12,12,12,11,11,11,11,11,12,12,12,12,11,8,11,11,13,9,11,11,11,11,11,12,11,14,14,11,11,11,11,11,11,11,5,15,15,15,16,11,11,11,11,6,3,17,11,11,11,4,11,11,11,11,11,11,11,11,11,11,7,7,11,11,11,11,18,10,10,18,10,10,18,10,19,19,19,19,19,19,19,19","0.01055908203125","infomap","edit-xhwikibooks.graphml"
"0.37","0.31","0.32","0.353972474006129","1,1,1,1,2,3,2,4,5,6,2,7,8,4,5,3,6,2,9,7,10,11,8,12,4,13,5,14,15,6,2,16,7,7,9,17,18,5,10,10,10,10,11,11,11,11,10,11,11,11,10,10,10,10,10,11,11,11,11,10,8,10,10,12,4,10,10,10,10,10,11,10,13,13,10,10,10,10,10,10,10,5,14,14,14,15,10,10,10,10,6,2,16,10,10,10,3,10,10,10,10,10,10,10,10,10,10,7,7,10,10,10,10,17,9,9,17,9,17,17,9,18,18,18,18,18,18,18,18","0.00674295425415039","infomap","edit-xhwikibooks.graphml"
"0.36","0.32","0.32","0.350776201627052","1,1,2,2,3,2,3,2,2,4,3,5,6,7,8,2,4,3,9,5,10,11,6,12,8,13,7,14,15,4,3,16,5,5,9,17,18,8,10,10,10,10,11,11,11,11,10,11,11,11,10,10,10,10,10,11,11,11,11,10,6,10,10,12,8,10,10,10,10,10,11,10,13,13,10,10,10,10,10,10,10,7,14,14,14,15,10,10,10,10,4,3,16,10,10,10,2,10,10,10,10,10,10,10,10,10,10,5,5,10,10,10,10,9,17,9,9,17,17,17,17,18,18,18,18,18,18,18,18","0.00764298439025879","infomap","edit-xhwikibooks.graphml"
"0.35","0.33","0.32","0.346697273664899","1,2,1,1,3,4,3,2,4,5,3,6,7,8,9,4,5,3,3,6,10,11,7,12,9,13,8,14,2,5,3,3,6,6,15,16,17,9,10,10,10,10,11,11,11,11,10,11,11,11,10,10,10,10,10,11,11,11,11,10,18,10,10,12,9,10,10,10,10,10,11,10,13,13,10,10,10,10,10,10,10,8,14,14,14,19,10,10,10,10,20,21,22,10,10,10,4,10,10,10,10,10,10,10,10,10,10,6,6,10,10,10,10,15,15,15,15,16,16,16,16,17,17,17,17,17,17,17,17","0.0067288875579834","infomap","edit-xhwikibooks.graphml"
"0.34","0.34","0.32","0.355706471292559","1,2,1,1,3,4,3,5,4,6,3,7,8,9,5,4,6,3,3,7,10,11,8,12,9,13,9,14,2,6,3,3,7,7,15,16,17,5,10,10,10,10,11,11,11,11,10,11,11,11,10,10,10,10,10,11,11,11,11,10,18,10,10,12,9,10,10,10,10,10,11,10,13,13,10,10,10,10,10,10,10,9,14,14,14,19,10,10,10,10,20,21,22,10,10,10,4,10,10,10,10,10,10,10,10,10,10,7,7,10,10,10,10,15,5,15,5,15,16,15,15,17,17,17,17,17,17,17,17","0.00496602058410645","infomap","edit-xhwikibooks.graphml"
"0.33","0.35","0.32","0.365724338240278","1,2,1,3,4,3,4,5,3,6,4,7,8,5,9,3,6,4,4,7,10,2,8,11,9,12,5,13,2,6,4,4,7,7,14,15,16,9,10,10,10,10,2,2,2,2,10,2,2,2,10,10,10,10,10,2,2,2,2,10,17,10,10,11,9,10,10,10,10,10,2,10,12,12,10,10,10,10,10,10,10,5,13,13,13,18,10,10,10,10,19,20,21,10,10,10,3,10,10,10,10,10,10,10,10,10,10,7,7,10,10,10,10,14,15,15,14,14,14,14,15,16,16,16,16,16,16,16,16","0.0065009593963623","infomap","edit-xhwikibooks.graphml"
"0.32","0.36","0.32","0.314413851197656","1,2,1,1,3,4,3,2,4,5,3,6,7,8,9,4,5,3,3,6,10,11,7,12,9,13,8,14,2,5,3,3,6,6,15,16,17,9,10,10,10,10,2,2,2,2,10,11,2,2,10,10,10,10,10,2,2,2,2,10,18,10,10,12,9,10,10,10,10,10,2,10,13,13,10,10,10,10,10,10,10,8,14,14,14,19,10,10,10,10,20,21,22,10,10,10,4,10,10,10,10,10,10,10,10,10,10,6,6,10,10,10,10,16,16,16,15,16,16,16,16,17,17,17,17,17,17,17,17","0.00529313087463379","infomap","edit-xhwikibooks.graphml"
"0.31","0.37","0.32","0.364690716596412","1,2,1,1,3,4,3,2,4,5,3,6,7,8,9,4,5,3,3,6,10,11,7,12,8,13,8,14,2,5,3,3,6,6,15,16,17,9,10,10,10,10,11,11,11,11,10,11,11,11,10,10,10,10,10,11,11,11,11,10,18,10,10,12,8,10,10,10,10,10,11,10,13,13,10,10,10,10,10,10,10,8,14,14,14,19,10,10,10,10,20,21,22,10,10,10,4,10,10,10,10,10,10,10,10,10,10,6,6,10,10,10,10,15,15,15,16,15,15,15,16,17,17,17,17,17,17,17,17","0.00733494758605957","infomap","edit-xhwikibooks.graphml"
"0.3","0.38","0.32","0.363499037785155","1,2,1,1,3,4,3,5,4,6,3,7,8,5,9,4,6,3,3,7,10,11,8,12,5,13,9,14,2,6,3,3,7,7,15,16,17,9,10,10,10,10,11,11,11,11,10,11,11,11,10,10,10,10,10,11,11,11,11,10,18,10,10,12,5,10,10,10,10,10,11,10,13,13,10,10,10,10,10,10,10,9,14,14,14,19,10,10,10,10,20,21,22,10,10,10,4,10,10,10,10,10,10,10,10,10,10,7,7,10,10,10,10,15,16,15,16,15,15,15,16,17,17,17,17,17,17,17,17","0.00635719299316406","infomap","edit-xhwikibooks.graphml"
"0.29","0.39","0.32","0.353669991719914","1,2,1,1,3,4,3,2,5,6,3,7,8,9,5,4,6,3,3,7,10,11,8,12,5,13,9,14,2,6,3,3,7,7,15,16,17,5,10,10,10,10,11,11,11,11,10,11,11,11,10,10,10,10,10,11,11,11,11,10,18,10,10,12,5,10,10,10,10,10,11,10,13,13,10,10,10,10,10,10,10,9,14,14,14,19,10,10,10,10,20,21,22,10,10,10,4,10,10,10,10,10,10,10,10,10,10,7,7,10,10,10,10,5,5,15,16,15,15,15,5,17,17,17,17,17,17,17,17","0.0063788890838623","infomap","edit-xhwikibooks.graphml"
"0.28","0.4","0.32","0.365498798806086","1,2,1,1,3,4,3,2,4,5,3,6,7,8,9,4,5,3,3,6,10,11,7,12,8,13,9,14,2,5,3,3,6,6,15,16,17,9,10,10,10,10,11,11,11,11,10,11,11,11,10,10,10,10,10,11,11,11,11,10,18,10,10,12,8,10,10,10,10,10,11,10,13,13,10,10,10,10,10,10,10,9,14,14,14,19,10,10,10,10,20,21,22,10,10,10,4,10,10,10,10,10,10,10,10,10,10,6,6,10,10,10,10,15,16,15,16,15,15,15,16,17,17,17,17,17,17,17,17","0.00690007209777832","infomap","edit-xhwikibooks.graphml"
"0.27","0.41","0.32","0.36675532043971","1,1,1,1,2,1,2,1,3,4,2,5,6,7,3,8,4,2,2,5,9,10,6,11,7,12,7,13,1,4,2,2,5,5,14,15,16,3,9,9,9,9,10,10,10,10,9,10,10,10,9,9,9,9,9,10,10,10,10,9,17,9,9,11,7,9,9,9,9,9,10,9,12,12,9,9,9,9,9,9,9,7,13,13,13,18,9,9,9,9,19,20,21,9,9,9,8,9,9,9,9,9,9,9,9,9,9,5,5,9,9,9,9,15,14,15,14,15,15,14,15,16,16,16,16,16,16,16,16","0.00748085975646973","infomap","edit-xhwikibooks.graphml"
"0.26","0.42","0.32","0.360205220410441","1,2,1,1,3,1,3,2,4,5,6,3,7,8,9,10,5,6,6,3,11,12,7,13,8,14,9,15,2,5,6,6,3,3,16,17,4,4,11,11,11,11,12,12,12,12,11,12,12,12,11,11,11,11,11,12,12,12,12,11,18,11,11,13,8,11,11,11,11,11,12,11,14,14,11,11,11,11,11,11,11,9,15,15,15,19,11,11,11,11,20,21,22,11,11,11,10,11,11,11,11,11,11,11,11,11,11,3,3,11,11,11,11,17,16,17,17,17,16,16,16,4,4,4,4,4,4,4,4","0.00537204742431641","infomap","edit-xhwikibooks.graphml"
"0.25","0.43","0.32","0.368413739332487","1,2,1,1,3,4,3,5,5,6,3,7,8,5,9,4,6,3,3,7,10,11,8,12,5,13,9,14,2,6,3,3,7,7,15,16,17,9,10,10,10,10,11,11,11,11,10,11,11,11,10,10,10,10,10,11,11,11,11,10,18,10,10,12,5,10,10,10,10,10,11,10,13,13,10,10,10,10,10,10,10,9,14,14,14,19,10,10,10,10,20,21,22,10,10,10,4,10,10,10,10,10,10,10,10,10,10,7,7,10,10,10,10,15,15,15,16,15,16,15,16,17,17,17,17,17,17,17,17","0.00642108917236328","infomap","edit-xhwikibooks.graphml"
"0.24","0.44","0.32","0.36900557705846","1,2,1,1,3,4,3,5,5,6,3,7,8,5,9,4,6,3,3,7,10,11,8,12,9,13,5,14,2,6,3,3,7,7,15,16,17,9,10,10,10,10,11,11,11,11,10,11,11,11,10,10,10,10,10,11,11,11,11,10,18,10,10,12,9,10,10,10,10,10,11,10,13,13,10,10,10,10,10,10,10,5,14,14,14,19,10,10,10,10,20,21,22,10,10,10,4,10,10,10,10,10,10,10,10,10,10,7,7,10,10,10,10,15,15,15,15,15,16,16,15,17,17,17,17,17,17,17,17","0.00635790824890137","infomap","edit-xhwikibooks.graphml"
"0.23","0.45","0.32","0.364211979383006","1,2,1,1,3,1,3,2,4,5,6,3,7,8,4,9,5,6,6,3,10,11,7,12,8,13,4,14,2,5,6,6,3,3,15,16,17,4,10,10,10,10,11,11,11,11,10,11,11,11,10,10,10,10,10,11,11,11,11,10,18,10,10,12,8,10,10,10,10,10,11,10,13,13,10,10,10,10,10,10,10,4,14,14,14,19,10,10,10,10,20,21,22,10,10,10,9,10,10,10,10,10,10,10,10,10,10,3,3,10,10,10,10,16,16,16,16,16,15,16,16,17,17,17,17,17,17,17,17","0.0065147876739502","infomap","edit-xhwikibooks.graphml"
"0.22","0.46","0.32","0.371710816058456","1,1,1,2,3,2,3,4,5,6,3,7,8,4,5,2,6,3,3,7,9,10,8,11,4,12,5,13,1,6,3,3,7,7,14,15,16,5,9,9,9,9,10,10,10,10,9,10,10,10,9,9,9,9,9,10,10,10,10,9,17,9,9,11,4,9,9,9,9,9,10,9,12,12,9,9,9,9,9,9,9,5,13,13,13,18,9,9,9,9,19,20,21,9,9,9,2,9,9,9,9,9,9,9,9,9,9,7,7,9,9,9,9,14,14,15,15,14,15,15,14,16,16,16,16,16,16,16,16","0.011085033416748","infomap","edit-xhwikibooks.graphml"
"0.21","0.47","0.32","0.40229511079005","1,1,1,1,2,1,2,3,4,5,2,6,7,3,4,8,5,2,2,6,9,1,7,10,3,11,4,12,1,5,2,2,6,6,13,13,14,4,9,9,9,9,1,1,1,1,9,1,1,1,9,9,9,9,9,1,1,1,1,9,15,9,9,10,3,9,9,9,9,9,1,9,11,11,9,9,9,9,9,9,9,4,12,12,12,16,9,9,9,9,17,18,19,9,9,9,8,9,9,9,9,9,9,9,9,9,9,6,6,9,9,9,9,13,13,13,13,13,13,13,13,14,14,14,14,14,14,14,14","0.00658702850341797","infomap","edit-xhwikibooks.graphml"
"0.2","0.48","0.32","0.368715763092041","1,2,1,1,3,4,3,5,1,6,3,7,8,5,9,4,6,3,3,7,10,11,8,5,5,12,9,13,2,6,3,3,7,7,14,15,16,9,10,10,10,10,11,11,11,11,10,11,11,11,10,10,10,10,10,11,11,11,11,10,17,10,10,5,5,10,10,10,10,10,11,10,12,12,10,10,10,10,10,10,10,9,13,13,13,18,10,10,10,10,19,20,21,10,10,10,4,10,10,10,10,10,10,10,10,10,10,7,7,10,10,10,10,15,15,14,14,15,14,15,15,16,16,16,16,16,16,16,16","0.00748515129089355","infomap","edit-xhwikibooks.graphml"
"0.19","0.49","0.32","0.320643456519406","1,2,1,1,3,4,3,5,6,7,3,8,9,6,5,4,7,3,3,8,10,11,9,12,5,13,6,14,2,7,3,3,8,8,15,16,17,5,10,10,10,10,2,2,2,2,10,2,2,2,10,10,10,10,10,11,2,2,2,10,18,10,10,12,5,10,10,10,10,10,2,10,13,13,10,10,10,10,10,10,10,6,14,14,14,19,10,10,10,10,20,21,22,10,10,10,4,10,10,10,10,10,10,10,10,10,10,8,8,10,10,10,10,15,15,16,16,16,16,16,16,17,17,17,17,17,17,17,17","0.00545716285705566","infomap","edit-xhwikibooks.graphml"
"0.18","0.5","0.32","0.403908253269069","1,2,1,3,4,3,4,5,3,6,4,7,8,5,3,9,6,4,4,7,10,11,8,5,3,3,3,12,2,6,4,4,7,7,13,14,15,3,10,10,10,10,11,11,11,11,10,11,11,11,10,10,10,10,10,11,11,11,11,10,16,10,10,5,3,10,10,10,10,10,11,10,3,3,10,10,10,10,10,10,10,3,12,12,12,17,10,10,10,10,18,19,20,10,10,10,9,10,10,10,10,10,10,10,10,10,10,7,7,10,10,10,10,14,14,14,13,13,14,13,13,15,15,15,15,15,15,15,15","0.00772309303283691","infomap","edit-xhwikibooks.graphml"
"0.17","0.51","0.32","0.406875418940917","1,2,1,1,3,4,3,4,5,6,3,7,8,9,5,4,6,3,3,7,10,11,8,8,9,5,9,12,2,6,3,3,7,7,13,14,5,5,10,10,10,10,11,11,11,11,10,11,11,11,10,10,10,10,10,11,11,11,11,10,15,10,10,8,9,10,10,10,10,10,11,10,5,5,10,10,10,10,10,10,10,9,12,12,12,16,10,10,10,10,17,18,19,10,10,10,4,10,10,10,10,10,10,10,10,10,10,7,7,10,10,10,10,13,13,14,13,13,14,13,13,5,5,5,5,5,5,5,5","0.00775289535522461","infomap","edit-xhwikibooks.graphml"
"0.16","0.52","0.32","0.411896946740861","1,2,1,1,3,1,3,1,1,4,3,5,1,6,6,7,4,3,3,5,8,9,1,1,6,6,6,10,2,4,3,3,5,5,11,12,13,6,8,8,8,8,9,9,9,9,8,9,9,9,8,8,8,8,8,9,9,9,9,8,14,8,8,1,6,8,8,8,8,8,9,8,6,6,8,8,8,8,8,8,8,6,10,10,10,15,8,8,8,8,16,17,18,8,8,8,7,8,8,8,8,8,8,8,8,8,8,5,5,8,8,8,8,11,12,12,12,11,11,12,12,13,13,13,13,13,13,13,13","0.00775909423828125","infomap","edit-xhwikibooks.graphml"
"0.15","0.53","0.32","0.398009387823138","1,2,1,3,4,3,4,5,3,6,4,7,5,3,8,3,6,4,4,7,9,10,5,11,8,12,8,13,2,6,4,4,7,7,14,15,16,8,9,9,9,9,10,10,10,10,9,10,10,10,9,9,9,9,9,10,10,10,10,9,17,9,9,11,8,9,9,9,9,9,10,9,12,12,9,9,9,9,9,9,9,8,13,13,13,18,9,9,9,9,19,20,21,9,9,9,3,9,9,9,9,9,9,9,9,9,9,7,7,9,9,9,9,14,15,14,14,14,14,15,15,16,16,16,16,16,16,16,16","0.00672197341918945","infomap","edit-xhwikibooks.graphml"
"0.14","0.54","0.32","0.394485979987563","1,2,1,1,3,4,3,5,6,7,3,8,9,6,5,4,7,3,3,8,10,11,9,6,5,12,6,13,2,7,3,3,8,8,14,15,16,5,10,10,10,10,11,11,11,11,10,11,11,11,10,10,10,10,10,11,11,11,11,10,17,10,10,6,5,10,10,10,10,10,11,10,12,12,10,10,10,10,10,10,10,6,13,13,13,18,10,10,10,10,19,20,21,10,10,10,4,10,10,10,10,10,10,10,10,10,10,8,8,10,10,10,10,14,15,15,15,15,14,14,15,16,16,16,16,16,16,16,16","0.00772285461425781","infomap","edit-xhwikibooks.graphml"
"0.13","0.55","0.32","0.388767219907867","1,2,1,1,3,4,3,5,4,6,3,7,5,8,9,4,6,3,3,7,10,11,5,8,9,12,9,13,2,6,3,3,7,7,14,15,16,9,10,10,10,10,11,11,11,11,10,11,11,11,10,10,10,10,10,11,11,11,11,10,17,10,10,8,9,10,10,10,10,10,11,10,12,12,10,10,10,10,10,10,10,9,13,13,13,18,10,10,10,10,19,20,21,10,10,10,4,10,10,10,10,10,10,10,10,10,10,7,7,10,10,10,10,9,9,14,14,9,14,14,15,16,16,16,16,16,16,16,16","0.00904607772827148","infomap","edit-xhwikibooks.graphml"
"0.12","0.56","0.32","0.409186112163167","1,1,1,1,2,1,2,1,3,4,2,5,6,7,3,8,4,2,2,5,9,10,6,6,3,7,7,11,1,4,2,2,5,5,12,13,14,3,9,9,9,9,10,10,10,10,9,10,10,10,9,9,9,9,9,10,10,10,10,9,15,9,9,6,3,9,9,9,9,9,10,9,7,7,9,9,9,9,9,9,9,7,11,11,11,16,9,9,9,9,17,18,19,9,9,9,8,9,9,9,9,9,9,9,9,9,9,5,5,9,9,9,9,13,12,12,12,13,12,12,13,14,14,14,14,14,14,14,14","0.0076291561126709","infomap","edit-xhwikibooks.graphml"
"0.11","0.57","0.32","0.395562514348026","1,2,1,3,4,3,4,3,3,5,4,6,7,8,9,3,5,4,4,6,10,11,7,12,8,8,9,13,2,5,4,4,6,6,14,9,15,9,10,10,10,10,11,11,11,11,10,11,11,11,10,10,10,10,10,11,11,11,11,10,16,10,10,12,8,10,10,10,10,10,11,10,8,8,10,10,10,10,10,10,10,9,13,13,13,17,10,10,10,10,18,19,20,10,10,10,3,10,10,10,10,10,10,10,10,10,10,6,6,10,10,10,10,9,14,9,14,9,9,14,14,15,15,15,15,15,15,15,15","0.00657105445861816","infomap","edit-xhwikibooks.graphml"
"0.1","0.58","0.32","0.397309990315929","1,2,1,1,3,4,3,4,5,6,3,7,5,8,5,4,6,3,3,7,9,10,5,8,5,11,5,12,2,6,3,3,7,7,13,5,14,5,9,9,9,9,10,10,10,10,9,10,10,10,9,9,9,9,9,10,10,10,10,9,15,9,9,8,5,9,9,9,9,9,10,9,11,11,9,9,9,9,9,9,9,5,12,12,12,16,9,9,9,9,17,18,19,9,9,9,4,9,9,9,9,9,9,9,9,9,9,7,7,9,9,9,9,5,13,13,13,13,5,13,13,14,14,14,14,14,14,14,14","0.00652003288269043","infomap","edit-xhwikibooks.graphml"
"0.09","0.59","0.32","0.395629083328206","1,2,1,3,4,3,4,5,6,7,4,8,5,5,6,3,7,4,4,8,9,10,5,11,12,12,12,13,2,7,4,4,8,8,14,6,15,6,9,9,9,9,10,10,10,10,9,10,10,10,9,9,9,9,9,10,10,10,10,9,16,9,9,11,12,9,9,9,9,9,10,9,12,12,9,9,9,9,9,9,9,12,13,13,13,17,9,9,9,9,18,19,20,9,9,9,3,9,9,9,9,9,9,9,9,9,9,8,8,9,9,9,9,6,14,14,14,6,14,6,14,15,15,15,15,15,15,15,15","0.00900006294250488","infomap","edit-xhwikibooks.graphml"
"0.08","0.6","0.32","0.392526212089852","1,2,1,1,3,4,3,5,4,6,3,7,8,5,9,4,6,3,3,7,10,11,8,12,13,13,13,14,2,6,3,3,7,7,9,15,16,9,10,10,10,10,11,11,11,11,10,11,11,11,10,10,10,10,10,11,11,11,11,10,17,10,10,12,13,10,10,10,10,10,11,10,13,13,10,10,10,10,10,10,10,13,14,14,14,18,10,10,10,10,19,20,21,10,10,10,4,10,10,10,10,10,10,10,10,10,10,7,7,10,10,10,10,9,9,9,15,15,15,9,15,16,16,16,16,16,16,16,16","0.00644803047180176","infomap","edit-xhwikibooks.graphml"
"0.07","0.61","0.32","0.390627690254821","1,1,2,2,2,3,2,3,4,5,6,2,7,8,4,9,5,6,6,10,11,12,7,7,8,13,4,9,1,5,6,6,10,10,14,8,15,8,11,11,11,11,12,12,12,12,11,12,12,12,11,11,11,11,11,12,12,12,12,11,16,11,11,7,8,11,11,11,11,11,12,11,13,13,11,11,11,11,11,11,11,4,9,9,9,17,11,11,11,11,18,19,20,11,11,11,9,11,11,11,11,11,11,11,11,11,11,10,10,11,11,11,11,14,8,8,8,14,14,14,14,15,15,15,15,15,15,15,15","0.00627303123474121","infomap","edit-xhwikibooks.graphml"
"0.06","0.62","0.32","0.396189211178529","1,1,2,2,2,3,2,3,3,4,5,2,6,3,7,8,4,5,5,9,10,11,6,6,7,12,7,8,1,4,5,5,9,9,13,14,15,7,10,10,10,10,11,11,11,11,10,11,11,11,10,10,10,10,10,11,11,11,11,10,16,10,10,6,7,10,10,10,10,10,11,10,12,12,10,10,10,10,10,10,10,7,8,8,8,17,10,10,10,10,18,19,20,10,10,10,8,10,10,10,10,10,10,10,10,10,10,9,9,10,10,10,10,14,14,13,13,13,14,14,14,15,15,15,15,15,15,15,15","0.00872898101806641","infomap","edit-xhwikibooks.graphml"
"0.05","0.63","0.32","0.406136431044772","1,1,2,2,2,3,2,3,3,4,5,2,6,3,7,8,4,5,5,9,10,1,6,6,7,11,7,8,1,4,5,5,9,9,12,13,14,7,10,10,10,10,1,1,1,1,10,1,1,1,10,10,10,10,10,1,1,1,1,10,15,10,10,6,7,10,10,10,10,10,1,10,11,11,10,10,10,10,10,10,10,7,8,8,8,16,10,10,10,10,17,18,19,10,10,10,8,10,10,10,10,10,10,10,10,10,10,9,9,10,10,10,10,13,12,12,13,13,13,13,13,14,14,14,14,14,14,14,14","0.00555610656738281","infomap","edit-xhwikibooks.graphml"
"0.04","0.64","0.32","0.395949396264307","1,1,2,2,2,3,2,3,3,4,5,2,6,3,7,8,4,5,5,9,10,1,6,6,11,11,11,8,1,4,5,5,9,9,12,13,7,7,10,10,10,10,1,1,1,1,10,1,1,1,10,10,10,10,10,1,1,1,1,10,14,10,10,6,11,10,10,10,10,10,1,10,11,11,10,10,10,10,10,10,10,11,8,8,8,15,10,10,10,10,16,17,18,10,10,10,8,10,10,10,10,10,10,10,10,10,10,9,9,10,10,10,10,12,13,13,12,12,13,13,13,7,7,7,7,7,7,7,7","0.00901007652282715","infomap","edit-xhwikibooks.graphml"
"0.03","0.65","0.32","0.386752193064165","1,1,2,2,2,3,2,3,3,3,2,4,5,6,7,8,9,2,2,4,10,11,5,5,7,12,6,8,1,13,14,2,4,4,15,16,17,7,10,10,10,10,11,11,11,11,10,11,11,11,10,10,10,10,10,11,11,11,11,10,18,10,10,19,20,10,10,10,10,10,11,10,12,12,10,10,10,10,10,10,10,21,8,8,8,22,10,10,10,10,23,24,25,10,10,10,26,10,10,10,10,10,10,10,10,10,10,27,28,10,10,10,10,16,15,16,16,15,16,16,16,17,17,17,17,17,17,17,17","0.00616598129272461","infomap","edit-xhwikibooks.graphml"
"0.02","0.66","0.32","0.392098425937454","1,1,2,2,2,3,2,3,4,3,2,5,6,4,7,8,9,2,2,5,10,11,6,6,7,12,4,8,1,13,14,2,5,5,15,16,17,7,10,10,10,10,11,11,11,11,10,11,11,11,10,10,10,10,10,11,11,11,11,10,18,10,10,19,20,10,10,10,10,10,11,10,12,12,10,10,10,10,10,10,10,21,8,8,8,22,10,10,10,10,23,24,25,10,10,10,26,10,10,10,10,10,10,10,10,10,10,27,28,10,10,10,10,16,15,15,16,16,16,16,16,17,17,17,17,17,17,17,17","0.00713109970092773","infomap","edit-xhwikibooks.graphml"
"0.01","0.67","0.32","0.396255264571202","1,1,2,2,2,3,2,3,3,3,2,4,5,6,7,8,9,2,2,4,10,11,5,5,6,12,7,8,1,13,14,2,4,4,15,16,17,7,10,10,10,10,11,11,11,11,10,11,11,11,10,10,10,10,10,11,11,11,11,10,18,10,10,19,20,10,10,10,10,10,11,10,12,12,10,10,10,10,10,10,10,21,8,8,8,22,10,10,10,10,23,24,25,10,10,10,26,10,10,10,10,10,10,10,10,10,10,27,28,10,10,10,10,15,16,15,15,15,15,16,16,17,17,17,17,17,17,17,17","0.00485587120056152","infomap","edit-xhwikibooks.graphml"
"0","0.68","0.32","0.401669164397785","1,2,1,3,4,3,4,5,3,3,6,4,7,8,5,9,10,6,6,4,11,2,7,7,5,5,8,9,1,12,13,6,4,4,14,15,16,5,11,11,11,11,2,2,2,2,11,2,2,2,11,11,11,11,11,2,2,2,2,11,17,11,11,18,19,11,11,11,11,11,2,11,5,5,11,11,11,11,11,11,11,20,9,9,9,21,11,11,11,11,22,23,24,11,11,11,25,11,11,11,11,11,11,11,11,11,11,26,27,11,11,11,11,15,14,14,15,15,14,15,14,16,16,16,16,16,16,16,16","0.00622797012329102","infomap","edit-xhwikibooks.graphml"
"0.67","0","0.33","0.324663458171734","1,1,2,2,2,3,2,1,1,4,5,2,6,7,8,3,4,9,5,2,10,11,6,7,8,12,8,13,14,4,9,15,16,2,17,18,19,8,10,10,10,10,11,11,11,11,10,11,11,11,10,10,10,10,10,11,11,11,11,10,6,10,10,7,8,10,10,10,10,10,11,10,12,12,10,10,10,10,10,10,10,8,13,13,13,14,10,10,10,10,4,9,15,10,10,10,3,10,10,10,10,10,10,10,10,10,10,16,16,10,10,10,10,18,17,18,17,17,18,17,17,19,19,19,19,19,19,19,19","0.00568222999572754","infomap","edit-xhwikibooks.graphml"
"0.66","0.01","0.33","0.32948627308404","1,1,2,2,2,3,2,4,3,5,6,2,7,4,8,3,5,9,6,2,10,11,7,4,8,12,8,13,14,5,9,15,16,2,17,18,19,8,10,10,10,10,11,11,11,11,10,11,11,11,10,10,10,10,10,11,11,11,11,10,7,10,10,4,8,10,10,10,10,10,11,10,12,12,10,10,10,10,10,10,10,8,13,13,13,14,10,10,10,10,5,9,15,10,10,10,3,10,10,10,10,10,10,10,10,10,10,16,16,10,10,10,10,17,17,17,17,18,17,17,17,19,19,19,19,19,19,19,19","0.00951814651489258","infomap","edit-xhwikibooks.graphml"
"0.65","0.02","0.33","0.329380751524547","1,1,2,2,2,3,2,3,4,5,6,2,7,8,4,3,5,9,6,2,10,11,7,8,4,12,4,13,14,5,9,15,16,2,6,17,18,4,10,10,10,10,11,11,11,11,10,11,11,11,10,10,10,10,10,11,11,11,11,10,7,10,10,8,4,10,10,10,10,10,11,10,12,12,10,10,10,10,10,10,10,4,13,13,13,14,10,10,10,10,5,9,15,10,10,10,3,10,10,10,10,10,10,10,10,10,10,16,16,10,10,10,10,6,17,6,6,17,17,17,17,18,18,18,18,18,18,18,18","0.0082550048828125","infomap","edit-xhwikibooks.graphml"
"0.64","0.03","0.33","0.331342557664837","1,2,1,1,3,4,3,2,4,5,6,3,7,2,4,8,5,9,6,3,10,2,7,11,4,12,4,13,14,5,9,15,16,3,17,4,18,4,10,10,10,10,2,2,2,2,10,2,2,2,10,10,10,10,10,2,2,2,2,10,7,10,10,11,4,10,10,10,10,10,2,10,12,12,10,10,10,10,10,10,10,4,13,13,13,14,10,10,10,10,5,9,15,10,10,10,8,10,10,10,10,10,10,10,10,10,10,16,16,10,10,10,10,17,17,4,4,17,17,17,4,18,18,18,18,18,18,18,18","0.00834798812866211","infomap","edit-xhwikibooks.graphml"
"0.63","0.04","0.33","0.328109382240417","1,1,2,2,2,3,2,3,4,5,6,2,7,4,4,3,5,8,6,2,9,10,7,11,4,12,4,13,14,5,8,15,16,2,17,18,19,4,9,9,9,9,10,10,10,10,9,10,10,10,9,9,9,9,9,10,10,10,10,9,7,9,9,11,4,9,9,9,9,9,10,9,12,12,9,9,9,9,9,9,9,4,13,13,13,14,9,9,9,9,5,8,15,9,9,9,3,9,9,9,9,9,9,9,9,9,9,16,16,9,9,9,9,18,18,17,18,18,18,17,18,19,19,19,19,19,19,19,19","0.00682616233825684","infomap","edit-xhwikibooks.graphml"
"0.62","0.05","0.33","0.325943189343057","1,1,2,2,2,1,2,1,1,3,4,2,5,6,7,8,3,9,4,2,10,11,5,6,7,12,7,13,14,3,9,15,16,2,17,18,19,7,10,10,10,10,11,11,11,11,10,11,11,11,10,10,10,10,10,11,11,11,11,10,5,10,10,6,7,10,10,10,10,10,11,10,12,12,10,10,10,10,10,10,10,7,13,13,13,14,10,10,10,10,3,9,15,10,10,10,8,10,10,10,10,10,10,10,10,10,10,16,16,10,10,10,10,17,17,18,18,18,17,17,18,19,19,19,19,19,19,19,19","0.00552988052368164","infomap","edit-xhwikibooks.graphml"
"0.61","0.06","0.33","0.326116142027598","1,2,1,3,4,3,4,2,3,5,6,4,7,2,8,3,5,9,6,4,10,11,7,12,8,13,8,14,15,5,9,16,17,4,18,19,20,8,10,10,10,10,11,11,11,11,10,11,11,11,10,10,10,10,10,11,11,11,11,10,7,10,10,12,8,10,10,10,10,10,11,10,13,13,10,10,10,10,10,10,10,8,14,14,14,15,10,10,10,10,5,9,16,10,10,10,3,10,10,10,10,10,10,10,10,10,10,17,17,10,10,10,10,18,19,18,18,19,18,18,19,20,20,20,20,20,20,20,20","0.0095980167388916","infomap","edit-xhwikibooks.graphml"
"0.6","0.07","0.33","0.324136257171631","1,1,2,2,2,3,2,4,4,5,6,2,7,4,8,3,5,9,6,2,10,11,7,4,8,12,4,13,14,5,9,15,16,2,17,18,19,8,10,10,10,10,11,11,11,11,10,11,11,11,10,10,10,10,10,11,11,11,11,10,7,10,10,4,8,10,10,10,10,10,11,10,12,12,10,10,10,10,10,10,10,4,13,13,13,14,10,10,10,10,5,9,15,10,10,10,3,10,10,10,10,10,10,10,10,10,10,16,16,10,10,10,10,17,17,17,18,18,18,17,18,19,19,19,19,19,19,19,19","0.00563693046569824","infomap","edit-xhwikibooks.graphml"
"0.59","0.08","0.33","0.328195121951219","1,1,2,2,2,3,2,3,3,4,5,2,6,7,8,3,4,9,5,2,10,11,6,7,8,12,8,13,14,4,9,15,16,2,17,18,19,8,10,10,10,10,11,11,11,11,10,11,11,11,10,10,10,10,10,11,11,11,11,10,6,10,10,7,8,10,10,10,10,10,11,10,12,12,10,10,10,10,10,10,10,8,13,13,13,14,10,10,10,10,4,9,15,10,10,10,3,10,10,10,10,10,10,10,10,10,10,16,16,10,10,10,10,18,17,17,17,17,18,18,17,19,19,19,19,19,19,19,19","0.00897502899169922","infomap","edit-xhwikibooks.graphml"
"0.58","0.09","0.33","0.328610132652402","1,2,1,3,4,3,4,3,5,6,7,4,8,9,5,3,6,10,7,4,11,2,8,9,9,12,9,13,14,6,10,15,16,4,17,18,19,5,11,11,11,11,2,2,2,2,11,2,2,2,11,11,11,11,11,2,2,2,2,11,8,11,11,9,9,11,11,11,11,11,2,11,12,12,11,11,11,11,11,11,11,9,13,13,13,14,11,11,11,11,6,10,15,11,11,11,3,11,11,11,11,11,11,11,11,11,11,16,16,11,11,11,11,18,18,17,18,18,17,18,17,19,19,19,19,19,19,19,19","0.00570106506347656","infomap","edit-xhwikibooks.graphml"
"0.57","0.1","0.33","0.331285219763726","1,1,2,2,2,1,2,1,1,3,4,2,5,1,6,7,3,8,4,2,9,10,5,11,1,6,1,12,13,3,8,14,15,2,16,17,6,6,9,9,9,9,10,10,10,10,9,10,10,10,9,9,9,9,9,10,10,10,10,9,5,9,9,11,1,9,9,9,9,9,10,9,6,6,9,9,9,9,9,9,9,1,12,12,12,13,9,9,9,9,3,8,14,9,9,9,7,9,9,9,9,9,9,9,9,9,9,15,15,9,9,9,9,17,17,16,16,17,17,17,16,6,6,6,6,6,6,6,6","0.00926780700683594","infomap","edit-xhwikibooks.graphml"
"0.56","0.11","0.33","0.328381034369966","1,1,2,2,2,3,2,3,3,4,5,2,6,3,7,8,4,9,5,2,10,11,6,3,7,12,7,13,14,4,9,15,16,2,17,18,19,7,10,10,10,10,11,11,11,11,10,11,11,11,10,10,10,10,10,11,11,11,11,10,6,10,10,3,7,10,10,10,10,10,11,10,12,12,10,10,10,10,10,10,10,7,13,13,13,14,10,10,10,10,4,9,15,10,10,10,8,10,10,10,10,10,10,10,10,10,10,16,16,10,10,10,10,17,17,18,18,17,18,17,17,19,19,19,19,19,19,19,19","0.00755190849304199","infomap","edit-xhwikibooks.graphml"
"0.55","0.12","0.33","0.325810485238105","1,1,2,2,2,3,2,4,4,5,6,2,7,8,4,3,5,9,6,2,10,11,7,8,4,12,4,13,14,5,9,15,16,2,17,18,19,4,10,10,10,10,11,11,11,11,10,11,11,11,10,10,10,10,10,11,11,11,11,10,7,10,10,8,4,10,10,10,10,10,11,10,12,12,10,10,10,10,10,10,10,4,13,13,13,14,10,10,10,10,5,9,15,10,10,10,3,10,10,10,10,10,10,10,10,10,10,16,16,10,10,10,10,18,18,18,17,18,17,17,17,19,19,19,19,19,19,19,19","0.00802087783813477","infomap","edit-xhwikibooks.graphml"
"0.54","0.13","0.33","0.328691205580168","1,1,2,2,2,3,2,1,3,4,5,2,6,1,3,7,4,8,5,2,9,10,6,11,1,12,1,13,14,4,8,15,16,2,17,18,19,3,9,9,9,9,10,10,10,10,9,10,10,10,9,9,9,9,9,10,10,10,10,9,6,9,9,11,1,9,9,9,9,9,10,9,12,12,9,9,9,9,9,9,9,1,13,13,13,14,9,9,9,9,4,8,15,9,9,9,7,9,9,9,9,9,9,9,9,9,9,16,16,9,9,9,9,17,17,17,18,18,17,17,17,19,19,19,19,19,19,19,19","0.00810408592224121","infomap","edit-xhwikibooks.graphml"
"0.53","0.14","0.33","0.331452894320676","1,1,2,2,2,3,2,3,3,4,5,2,6,7,7,3,4,8,5,2,9,10,6,11,7,12,7,13,14,4,8,15,16,2,17,18,19,7,9,9,9,9,10,10,10,10,9,10,10,10,9,9,9,9,9,10,10,10,10,9,6,9,9,11,7,9,9,9,9,9,10,9,12,12,9,9,9,9,9,9,9,7,13,13,13,14,9,9,9,9,4,8,15,9,9,9,3,9,9,9,9,9,9,9,9,9,9,16,16,9,9,9,9,17,17,7,17,18,17,18,17,19,19,19,19,19,19,19,19","0.00690698623657227","infomap","edit-xhwikibooks.graphml"
"0.52","0.15","0.33","0.323460748478239","1,2,1,1,3,4,3,5,4,6,7,3,5,8,4,9,6,10,7,3,2,11,12,8,8,13,8,14,15,6,10,16,17,3,18,19,20,4,2,2,2,2,11,11,11,11,2,11,11,11,2,2,2,2,2,11,11,11,11,2,12,2,2,8,8,2,2,2,2,2,11,2,13,13,2,2,2,2,2,2,2,8,14,14,14,15,2,2,2,2,6,10,16,2,2,2,9,2,2,2,2,2,2,2,2,2,2,17,17,2,2,2,2,18,18,18,18,19,18,19,18,20,20,20,20,20,20,20,20","0.0067441463470459","infomap","edit-xhwikibooks.graphml"
"0.51","0.16","0.33","0.319764288548157","1,1,2,2,3,2,3,1,4,5,6,3,7,1,4,2,5,8,6,3,9,10,7,11,1,12,1,13,14,5,8,15,16,3,17,18,19,4,9,9,9,9,10,10,10,10,9,10,10,10,9,9,9,9,9,10,10,10,10,9,7,9,9,11,1,9,9,9,9,9,10,9,12,12,9,9,9,9,9,9,9,1,13,13,13,14,9,9,9,9,5,8,15,9,9,9,2,9,9,9,9,9,9,9,9,9,9,16,16,9,9,9,9,17,4,4,4,17,18,4,17,19,19,19,19,19,19,19,19","0.00578904151916504","infomap","edit-xhwikibooks.graphml"
"0.5","0.17","0.33","0.326278700613464","1,2,1,3,4,3,4,2,5,6,7,4,8,5,9,3,6,10,7,4,11,12,8,13,5,14,9,15,16,6,10,17,18,4,19,20,21,9,11,11,11,11,12,12,12,12,11,12,12,12,11,11,11,11,11,12,12,12,12,11,8,11,11,13,5,11,11,11,11,11,12,11,14,14,11,11,11,11,11,11,11,9,15,15,15,16,11,11,11,11,6,10,17,11,11,11,3,11,11,11,11,11,11,11,11,11,11,18,18,11,11,11,11,20,19,19,20,20,20,20,20,21,21,21,21,21,21,21,21","0.00794196128845215","infomap","edit-xhwikibooks.graphml"
"0.49","0.18","0.33","0.323231374532835","1,2,1,3,4,3,4,2,5,6,7,4,8,5,9,3,6,10,7,4,11,12,8,5,9,13,14,15,16,6,10,17,18,4,19,14,20,14,11,11,11,11,12,12,12,12,11,12,12,12,11,11,11,11,11,12,12,12,12,11,8,11,11,5,9,11,11,11,11,11,12,11,13,13,11,11,11,11,11,11,11,14,15,15,15,16,11,11,11,11,6,10,17,11,11,11,3,11,11,11,11,11,11,11,11,11,11,18,18,11,11,11,11,19,14,14,14,14,19,14,19,20,20,20,20,20,20,20,20","0.00554513931274414","infomap","edit-xhwikibooks.graphml"
"0.48","0.19","0.33","0.326672198276662","1,2,1,3,4,3,4,5,3,6,7,4,8,5,5,3,6,9,7,4,2,10,8,11,5,12,5,13,14,6,9,15,16,4,17,18,19,5,2,2,2,2,10,10,10,10,2,10,10,10,2,2,2,2,2,10,10,10,10,2,8,2,2,11,5,2,2,2,2,2,10,2,12,12,2,2,2,2,2,2,2,5,13,13,13,14,2,2,2,2,6,9,15,2,2,2,3,2,2,2,2,2,2,2,2,2,2,16,16,2,2,2,2,18,18,17,18,18,17,18,18,19,19,19,19,19,19,19,19","0.00784397125244141","infomap","edit-xhwikibooks.graphml"
"0.47","0.2","0.33","0.327436667899408","1,2,1,3,4,3,4,3,3,5,6,4,7,3,8,3,5,9,6,4,2,10,7,11,8,12,8,13,14,5,9,15,16,4,17,18,19,8,2,2,2,2,10,10,10,10,2,10,10,10,2,2,2,2,2,10,10,10,10,2,7,2,2,11,8,2,2,2,2,2,10,2,12,12,2,2,2,2,2,2,2,8,13,13,13,14,2,2,2,2,5,9,15,2,2,2,3,2,2,2,2,2,2,2,2,2,2,16,16,2,2,2,2,18,17,18,17,18,18,17,18,19,19,19,19,19,19,19,19","0.00531792640686035","infomap","edit-xhwikibooks.graphml"
"0.46","0.21","0.33","0.344497596617455","1,2,1,3,4,3,4,3,5,6,7,4,8,5,9,3,6,10,7,4,11,2,8,5,5,12,5,13,14,6,10,15,16,4,7,17,9,9,11,11,11,11,2,2,2,2,11,2,2,2,11,11,11,11,11,2,2,2,2,11,8,11,11,5,5,11,11,11,11,11,2,11,12,12,11,11,11,11,11,11,11,5,13,13,13,14,11,11,11,11,6,10,15,11,11,11,3,11,11,11,11,11,11,11,11,11,11,16,16,11,11,11,11,17,7,7,17,17,7,7,7,9,9,9,9,9,9,9,9","0.00652194023132324","infomap","edit-xhwikibooks.graphml"
"0.45","0.22","0.33","0.338075965159489","1,2,1,3,4,3,4,3,5,6,7,4,8,9,5,3,6,10,7,4,11,2,8,9,9,12,9,13,14,6,10,15,16,4,17,18,19,5,11,11,11,11,2,2,2,2,11,2,2,2,11,11,11,11,11,2,2,2,2,11,8,11,11,9,9,11,11,11,11,11,2,11,12,12,11,11,11,11,11,11,11,9,13,13,13,14,11,11,11,11,6,10,15,11,11,11,3,11,11,11,11,11,11,11,11,11,11,16,16,11,11,11,11,17,18,17,18,17,17,18,17,19,19,19,19,19,19,19,19","0.00685501098632812","infomap","edit-xhwikibooks.graphml"
"0.44","0.23","0.33","0.336864998511939","1,1,2,2,2,3,2,3,4,5,6,2,7,8,4,3,5,9,6,2,10,11,7,8,4,12,4,13,14,5,9,15,16,2,17,18,19,4,10,10,10,10,11,11,11,11,10,11,11,11,10,10,10,10,10,11,11,11,11,10,7,10,10,8,4,10,10,10,10,10,11,10,12,12,10,10,10,10,10,10,10,4,13,13,13,14,10,10,10,10,5,9,15,10,10,10,3,10,10,10,10,10,10,10,10,10,10,16,16,10,10,10,10,18,17,18,17,17,18,18,18,19,19,19,19,19,19,19,19","0.00673007965087891","infomap","edit-xhwikibooks.graphml"
"0.43","0.24","0.33","0.348664584011202","1,2,1,1,3,4,3,5,5,6,7,3,8,5,5,4,6,9,7,3,10,2,8,11,5,12,5,13,14,6,9,15,16,3,17,18,5,5,10,10,10,10,2,2,2,2,10,2,2,2,10,10,10,10,10,2,2,2,2,10,8,10,10,11,5,10,10,10,10,10,2,10,12,12,10,10,10,10,10,10,10,5,13,13,13,14,10,10,10,10,6,9,15,10,10,10,4,10,10,10,10,10,10,10,10,10,10,16,16,10,10,10,10,17,18,18,18,17,17,17,17,5,5,5,5,5,5,5,5","0.00796389579772949","infomap","edit-xhwikibooks.graphml"
"0.42","0.25","0.33","0.341285714285714","1,2,1,1,3,1,3,4,5,6,7,3,8,4,9,1,6,10,7,3,11,2,8,4,5,12,9,13,14,6,10,15,16,3,17,18,5,9,11,11,11,11,2,2,2,2,11,2,2,2,11,11,11,11,11,2,2,2,2,11,8,11,11,4,5,11,11,11,11,11,2,11,12,12,11,11,11,11,11,11,11,9,13,13,13,14,11,11,11,11,6,10,15,11,11,11,1,11,11,11,11,11,11,11,11,11,11,16,16,11,11,11,11,17,17,17,18,18,18,18,17,5,5,5,5,5,5,5,5","0.00810694694519043","infomap","edit-xhwikibooks.graphml"
"0.41","0.26","0.33","0.332336961451247","1,2,1,1,3,4,3,2,4,5,6,3,7,4,8,9,5,10,6,3,11,12,7,4,4,13,8,14,15,5,10,16,17,3,18,19,20,19,11,11,11,11,12,12,12,12,11,12,12,12,11,11,11,11,11,12,12,12,12,11,7,11,11,4,4,11,11,11,11,11,12,11,13,13,11,11,11,11,11,11,11,8,14,14,14,15,11,11,11,11,5,10,16,11,11,11,9,11,11,11,11,11,11,11,11,11,11,17,17,11,11,11,11,19,19,19,19,19,19,19,18,20,20,20,20,20,20,20,20","0.00797796249389648","infomap","edit-xhwikibooks.graphml"
"0.4","0.27","0.33","0.339941950113379","1,1,2,2,2,3,2,1,4,5,6,2,7,8,4,3,5,9,6,2,10,11,7,8,1,12,4,13,14,5,9,15,16,2,17,18,19,4,10,10,10,10,11,11,11,11,10,11,11,11,10,10,10,10,10,11,11,11,11,10,7,10,10,8,1,10,10,10,10,10,11,10,12,12,10,10,10,10,10,10,10,4,13,13,13,14,10,10,10,10,5,9,15,10,10,10,3,10,10,10,10,10,10,10,10,10,10,16,16,10,10,10,10,17,17,17,18,17,18,18,17,19,19,19,19,19,19,19,19","0.0068659782409668","infomap","edit-xhwikibooks.graphml"
"0.39","0.28","0.33","0.343152866962822","1,2,1,1,3,4,3,2,4,5,6,3,7,2,8,4,5,9,6,3,10,2,7,11,8,12,8,13,14,5,9,15,16,3,17,18,19,8,10,10,10,10,2,2,2,2,10,2,2,2,10,10,10,10,10,2,2,2,2,10,7,10,10,11,8,10,10,10,10,10,2,10,12,12,10,10,10,10,10,10,10,8,13,13,13,14,10,10,10,10,5,9,15,10,10,10,4,10,10,10,10,10,10,10,10,10,10,16,16,10,10,10,10,17,18,17,17,18,17,17,18,19,19,19,19,19,19,19,19","0.00930309295654297","infomap","edit-xhwikibooks.graphml"
"0.38","0.29","0.33","0.344457054460813","1,2,1,3,4,3,4,2,5,6,7,4,8,2,5,3,6,9,7,4,10,11,8,12,5,13,5,14,15,6,9,16,17,4,18,19,20,5,10,10,10,10,11,11,11,11,10,11,11,11,10,10,10,10,10,11,11,11,11,10,8,10,10,12,5,10,10,10,10,10,11,10,13,13,10,10,10,10,10,10,10,5,14,14,14,15,10,10,10,10,6,9,16,10,10,10,3,10,10,10,10,10,10,10,10,10,10,17,17,10,10,10,10,19,19,18,18,18,18,18,19,20,20,20,20,20,20,20,20","0.00573110580444336","infomap","edit-xhwikibooks.graphml"
"0.37","0.3","0.33","0.354028060739045","1,2,1,1,3,4,3,4,4,5,6,3,7,4,4,8,5,9,6,3,10,2,7,11,4,12,4,13,14,5,9,15,16,3,17,18,19,4,10,10,10,10,2,2,2,2,10,2,2,2,10,10,10,10,10,2,2,2,2,10,7,10,10,11,4,10,10,10,10,10,2,10,12,12,10,10,10,10,10,10,10,4,13,13,13,14,10,10,10,10,5,9,15,10,10,10,8,10,10,10,10,10,10,10,10,10,10,16,16,10,10,10,10,18,17,18,17,17,17,17,17,19,19,19,19,19,19,19,19","0.00694012641906738","infomap","edit-xhwikibooks.graphml"
"0.36","0.31","0.33","0.343112580922885","1,1,2,2,2,3,2,1,4,5,6,2,7,8,4,3,5,9,6,2,10,11,7,8,4,12,8,13,14,5,9,15,16,2,17,18,19,4,10,10,10,10,11,11,11,11,10,11,11,11,10,10,10,10,10,11,11,11,11,10,7,10,10,8,4,10,10,10,10,10,11,10,12,12,10,10,10,10,10,10,10,8,13,13,13,14,10,10,10,10,5,9,15,10,10,10,3,10,10,10,10,10,10,10,10,10,10,16,16,10,10,10,10,17,18,17,17,17,17,18,18,19,19,19,19,19,19,19,19","0.00728702545166016","infomap","edit-xhwikibooks.graphml"
"0.35","0.32","0.33","0.34100622414195","1,2,1,3,4,5,4,3,6,7,8,4,9,3,6,5,7,10,8,4,11,2,9,12,6,13,3,14,15,7,10,16,17,4,18,19,20,6,11,11,11,11,2,2,2,2,11,2,2,2,11,11,11,11,11,2,2,2,2,11,9,11,11,12,6,11,11,11,11,11,2,11,13,13,11,11,11,11,11,11,11,3,14,14,14,15,11,11,11,11,7,10,16,11,11,11,5,11,11,11,11,11,11,11,11,11,11,17,17,11,11,11,11,18,18,18,19,19,18,18,19,20,20,20,20,20,20,20,20","0.00811004638671875","infomap","edit-xhwikibooks.graphml"
"0.34","0.33","0.33","0.341092007966851","1,1,1,1,2,1,2,1,3,4,2,5,6,7,3,8,4,2,9,5,10,11,6,12,7,13,3,14,15,4,2,16,5,5,9,17,18,3,10,10,10,10,11,11,11,11,10,11,11,11,10,10,10,10,10,11,11,11,11,10,6,10,10,12,7,10,10,10,10,10,11,10,13,13,10,10,10,10,10,10,10,3,14,14,14,15,10,10,10,10,4,2,16,10,10,10,8,10,10,10,10,10,10,10,10,10,10,5,5,10,10,10,10,17,17,9,9,9,17,9,17,18,18,18,18,18,18,18,18","0.00834894180297852","infomap","edit-xhwikibooks.graphml"
"0.33","0.34","0.33","0.345881267291356","1,1,2,2,2,3,2,3,3,4,5,2,6,3,7,8,4,5,5,9,10,11,6,12,3,13,7,14,11,4,5,5,9,9,15,16,17,7,10,10,10,10,11,11,11,11,10,11,11,11,10,10,10,10,10,11,11,11,11,10,18,10,10,12,3,10,10,10,10,10,11,10,13,13,10,10,10,10,10,10,10,7,14,14,14,19,10,10,10,10,20,21,22,10,10,10,8,10,10,10,10,10,10,10,10,10,10,9,9,10,10,10,10,15,16,16,16,15,16,16,16,17,17,17,17,17,17,17,17","0.00570797920227051","infomap","edit-xhwikibooks.graphml"
"0.32","0.35","0.33","0.374681472080082","1,2,1,1,3,4,3,2,4,5,3,6,7,8,9,4,5,3,3,6,10,11,7,12,8,13,8,14,10,5,3,3,6,6,15,15,16,9,10,10,10,10,11,11,11,11,10,11,11,11,10,10,10,10,10,11,11,11,11,10,17,10,10,12,8,10,10,10,10,10,11,10,13,13,10,10,10,10,10,10,10,8,14,14,14,18,10,10,10,10,19,20,21,10,10,10,4,10,10,10,10,10,10,10,10,10,10,6,6,10,10,10,10,15,15,15,15,15,15,15,15,16,16,16,16,16,16,16,16","0.00672197341918945","infomap","edit-xhwikibooks.graphml"
"0.31","0.36","0.33","0.349381881139647","1,2,1,3,4,3,4,2,5,6,4,7,8,9,10,3,6,4,4,7,11,12,8,13,9,14,10,15,2,6,4,4,7,7,16,5,17,5,11,11,11,11,12,12,12,12,11,12,12,12,11,11,11,11,11,12,12,12,12,11,18,11,11,13,9,11,11,11,11,11,12,11,14,14,11,11,11,11,11,11,11,10,15,15,15,19,11,11,11,11,20,21,22,11,11,11,3,11,11,11,11,11,11,11,11,11,11,7,7,11,11,11,11,16,16,16,16,16,16,5,16,17,17,17,17,17,17,17,17","0.00686097145080566","infomap","edit-xhwikibooks.graphml"
"0.3","0.37","0.33","0.350742475191269","1,2,1,3,4,3,4,3,5,6,4,7,8,9,5,3,6,4,4,7,10,11,8,12,5,13,9,14,2,6,4,4,7,7,15,16,17,5,10,10,10,10,11,11,11,11,10,11,11,11,10,10,10,10,10,11,11,11,11,10,18,10,10,12,5,10,10,10,10,10,11,10,13,13,10,10,10,10,10,10,10,9,14,14,14,19,10,10,10,10,20,21,22,10,10,10,3,10,10,10,10,10,10,10,10,10,10,7,7,10,10,10,10,15,15,15,16,16,16,15,16,17,17,17,17,17,17,17,17","0.00663208961486816","infomap","edit-xhwikibooks.graphml"
"0.29","0.38","0.33","0.342942947762824","1,2,1,1,3,4,3,1,1,5,3,6,7,8,9,4,5,3,3,6,10,11,7,12,8,13,9,14,2,5,3,3,6,6,15,16,17,16,10,10,10,10,11,11,11,11,10,11,11,11,10,10,10,10,10,11,11,11,11,10,18,10,10,12,8,10,10,10,10,10,11,10,13,13,10,10,10,10,10,10,10,9,14,14,14,19,10,10,10,10,20,21,22,10,10,10,4,10,10,10,10,10,10,10,10,10,10,6,6,10,10,10,10,15,16,15,16,16,15,15,16,17,17,17,17,17,17,17,17","0.00794315338134766","infomap","edit-xhwikibooks.graphml"
"0.28","0.39","0.33","0.347630384478462","1,2,1,3,4,3,4,2,5,6,4,7,8,9,5,3,6,4,4,7,10,11,8,12,9,13,2,14,2,6,4,4,7,7,15,16,17,5,10,10,10,10,11,11,11,11,10,11,11,11,10,10,10,10,10,11,11,11,11,10,18,10,10,12,9,10,10,10,10,10,11,10,13,13,10,10,10,10,10,10,10,2,14,14,14,19,10,10,10,10,20,21,22,10,10,10,3,10,10,10,10,10,10,10,10,10,10,7,7,10,10,10,10,16,15,16,15,16,15,16,15,17,17,17,17,17,17,17,17","0.00653290748596191","infomap","edit-xhwikibooks.graphml"
"0.27","0.4","0.33","0.350581741623","1,2,1,1,3,4,3,5,5,6,3,7,8,5,9,4,6,3,3,7,10,11,8,12,9,13,9,14,2,6,3,3,7,7,15,16,17,9,10,10,10,10,11,11,11,11,10,11,11,11,10,10,10,10,10,11,11,11,11,10,18,10,10,12,9,10,10,10,10,10,11,10,13,13,10,10,10,10,10,10,10,9,14,14,14,19,10,10,10,10,20,21,22,10,10,10,4,10,10,10,10,10,10,10,10,10,10,7,7,10,10,10,10,16,15,16,16,16,15,16,15,17,17,17,17,17,17,17,17","0.00667500495910645","infomap","edit-xhwikibooks.graphml"
"0.26","0.41","0.33","-0.0250967061928247","1,2,1,1,3,4,3,5,4,6,3,7,8,5,4,9,6,3,3,7,10,11,8,12,5,13,5,14,2,6,3,3,7,7,15,16,17,4,2,2,2,2,11,11,11,11,2,11,11,11,2,2,2,2,2,11,11,11,11,2,18,2,2,12,5,2,2,2,2,2,11,2,13,13,2,2,2,2,2,2,2,5,14,14,14,19,10,2,2,2,20,21,22,2,2,2,9,2,10,2,2,10,2,2,2,2,2,7,7,10,2,10,2,15,16,15,15,15,16,16,15,17,17,17,17,17,17,17,17","0.00761699676513672","infomap","edit-xhwikibooks.graphml"
"0.25","0.42","0.33","0.350249890468653","1,2,1,1,3,4,3,5,5,6,3,7,8,9,5,4,6,3,3,7,10,11,8,12,5,13,9,14,2,6,3,3,7,7,15,16,17,5,10,10,10,10,11,11,11,11,10,11,11,11,10,10,10,10,10,11,11,11,11,10,18,10,10,12,5,10,10,10,10,10,11,10,13,13,10,10,10,10,10,10,10,9,14,14,14,19,10,10,10,10,20,21,22,10,10,10,4,10,10,10,10,10,10,10,10,10,10,7,7,10,10,10,10,15,16,15,16,16,16,15,15,17,17,17,17,17,17,17,17","0.00676107406616211","infomap","edit-xhwikibooks.graphml"
"0.24","0.43","0.33","0.380126914452865","1,2,1,1,3,4,3,4,5,6,3,7,8,9,5,4,6,3,3,7,10,11,8,12,9,13,9,14,2,6,3,3,7,7,15,15,16,16,10,10,10,10,11,11,11,11,10,11,11,11,10,10,10,10,10,11,11,11,11,10,17,10,10,12,9,10,10,10,10,10,11,10,13,13,10,10,10,10,10,10,10,9,14,14,14,18,10,10,10,10,19,20,21,10,10,10,4,10,10,10,10,10,10,10,10,10,10,7,7,10,10,10,10,15,15,15,15,15,15,15,15,16,16,16,16,16,16,16,16","0.0065150260925293","infomap","edit-xhwikibooks.graphml"
"0.23","0.44","0.33","0.332499040394769","1,2,1,1,3,4,3,2,2,5,3,6,7,8,9,4,5,3,3,6,10,11,7,12,8,13,8,14,2,5,3,3,6,6,15,16,17,9,10,10,10,10,11,11,11,11,10,11,11,11,10,10,10,10,10,11,11,11,11,10,18,10,10,12,8,10,10,10,10,10,11,10,13,13,10,10,10,10,10,10,10,8,14,14,14,19,10,10,10,10,20,21,22,10,10,10,4,10,10,10,10,10,10,10,10,10,10,6,6,10,10,10,10,16,16,15,16,15,15,15,15,9,9,9,17,9,9,9,9","0.0066831111907959","infomap","edit-xhwikibooks.graphml"
"0.22","0.45","0.33","0.346915496766165","1,2,1,3,4,3,4,5,6,7,4,8,9,5,6,3,7,4,4,8,2,10,9,11,5,12,5,13,2,7,4,4,8,8,14,15,16,15,2,2,2,2,10,10,10,10,2,10,10,10,2,2,2,2,2,10,10,10,10,2,17,2,2,11,5,2,2,2,2,2,10,2,12,12,2,2,2,2,2,2,2,5,13,13,13,18,2,2,2,2,19,20,21,2,2,2,3,2,2,2,2,2,2,2,2,2,2,8,8,2,2,2,2,14,15,14,15,15,15,14,15,16,16,16,16,16,16,16,16","0.00527095794677734","infomap","edit-xhwikibooks.graphml"
"0.21","0.46","0.33","0.357710280373832","1,2,1,1,3,4,3,5,6,7,3,8,9,5,6,4,7,3,3,8,10,11,9,12,6,13,6,14,2,7,3,3,8,8,15,16,17,6,10,10,10,10,11,11,11,11,10,11,11,11,10,10,10,10,10,11,11,11,11,10,18,10,10,12,6,10,10,10,10,10,11,10,13,13,10,10,10,10,10,10,10,6,14,14,14,19,10,10,10,10,20,21,22,10,10,10,4,10,10,10,10,10,10,10,10,10,10,8,8,10,10,10,10,16,15,15,15,16,15,15,16,17,17,17,17,17,17,17,17","0.00671195983886719","infomap","edit-xhwikibooks.graphml"
"0.2","0.47","0.33","0.381628032476607","1,2,1,1,3,4,3,5,1,6,3,7,8,5,9,4,6,3,3,7,10,11,8,12,9,13,5,14,2,6,3,3,7,7,15,15,16,1,10,10,10,10,11,11,11,11,10,11,11,11,10,10,10,10,10,11,11,11,11,10,17,10,10,12,9,10,10,10,10,10,11,10,13,13,10,10,10,10,10,10,10,5,14,14,14,18,10,10,10,10,19,20,21,10,10,10,4,10,10,10,10,10,10,10,10,10,10,7,7,10,10,10,10,15,15,15,15,15,15,15,15,16,16,16,16,16,16,16,16","0.00802898406982422","infomap","edit-xhwikibooks.graphml"
"0.19","0.48","0.33","0.357441019018712","1,2,1,1,3,4,3,4,5,6,3,7,8,9,5,4,6,3,3,7,10,11,8,12,9,13,5,14,2,6,3,3,7,7,15,16,17,5,10,10,10,10,11,11,11,11,10,11,11,11,10,10,10,10,10,11,11,11,11,10,18,10,10,12,9,10,10,10,10,10,11,10,13,13,10,10,10,10,10,10,10,5,14,14,14,19,10,10,10,10,20,21,22,10,10,10,4,10,10,10,10,10,10,10,10,10,10,7,7,10,10,10,10,15,15,16,16,15,15,15,15,17,17,17,17,17,17,17,17","0.00514411926269531","infomap","edit-xhwikibooks.graphml"
"0.18","0.49","0.33","0.35670049356761","1,2,1,3,4,3,4,5,6,7,4,8,9,5,6,3,7,4,4,8,10,2,9,11,6,12,6,13,2,7,4,4,8,8,14,15,16,6,10,10,10,10,2,2,2,2,10,2,2,2,10,10,10,10,10,2,2,2,2,10,17,10,10,11,6,10,10,10,10,10,2,10,12,12,10,10,10,10,10,10,10,6,13,13,13,18,10,10,10,10,19,20,21,10,10,10,3,10,10,10,10,10,10,10,10,10,10,8,8,10,10,10,10,15,15,15,15,15,14,15,15,16,16,16,16,16,16,16,16","0.0069279670715332","infomap","edit-xhwikibooks.graphml"
"0.17","0.5","0.33","0.391419255920346","1,2,1,3,4,3,4,5,5,6,4,7,8,9,5,3,6,4,4,7,10,11,8,9,5,9,9,12,2,6,4,4,7,7,13,14,15,5,10,10,10,10,11,11,11,11,10,11,11,11,10,10,10,10,10,11,11,11,11,10,16,10,10,9,5,10,10,10,10,10,11,10,9,9,10,10,10,10,10,10,10,9,12,12,12,17,10,10,10,10,18,19,20,10,10,10,3,10,10,10,10,10,10,10,10,10,10,7,7,10,10,10,10,13,13,13,14,14,13,14,14,15,15,15,15,15,15,15,15","0.00718593597412109","infomap","edit-xhwikibooks.graphml"
"0.16","0.51","0.33","0.38935023070653","1,2,1,1,3,4,3,4,5,6,3,7,4,8,5,9,6,3,3,7,10,11,4,8,5,12,8,13,2,6,3,3,7,7,5,14,15,5,10,10,10,10,11,11,11,11,10,11,11,11,10,10,10,10,10,11,11,11,11,10,16,10,10,8,5,10,10,10,10,10,11,10,12,12,10,10,10,10,10,10,10,8,13,13,13,17,10,10,10,10,18,19,20,10,10,10,9,10,10,10,10,10,10,10,10,10,10,7,7,10,10,10,10,5,14,5,5,5,5,5,14,15,15,15,15,15,15,15,15","0.0106000900268555","infomap","edit-xhwikibooks.graphml"
"0.15","0.52","0.33","0.401859654537196","1,1,2,2,2,3,2,4,3,5,6,2,4,3,7,8,5,6,6,9,10,11,4,3,3,7,3,12,1,5,6,6,9,9,13,14,15,7,10,10,10,10,11,11,11,11,10,11,11,11,10,10,10,10,10,11,11,11,11,10,16,10,10,3,3,10,10,10,10,10,11,10,7,7,10,10,10,10,10,10,10,3,12,12,12,17,10,10,10,10,18,19,20,10,10,10,8,10,10,10,10,10,10,10,10,10,10,9,9,10,10,10,10,14,13,14,14,14,14,13,13,15,15,15,15,15,15,15,15","0.00884485244750977","infomap","edit-xhwikibooks.graphml"
"0.14","0.53","0.33","0.407590516401203","1,2,1,1,3,4,3,4,4,5,3,6,7,4,4,4,5,3,3,6,8,2,4,7,4,9,10,11,2,5,3,3,6,6,12,10,13,10,8,8,8,8,2,2,2,2,8,2,2,2,8,8,8,8,8,2,2,2,2,8,14,8,8,7,4,8,8,8,8,8,2,8,9,9,8,8,8,8,8,8,8,10,11,11,11,15,8,8,8,8,16,17,18,8,8,8,4,8,8,8,8,8,8,8,8,8,8,6,6,8,8,8,8,10,12,12,12,12,12,10,12,13,13,13,13,13,13,13,13","0.00684905052185059","infomap","edit-xhwikibooks.graphml"
"0.13","0.54","0.33","0.404929534728074","1,2,1,1,3,1,3,4,5,6,3,7,4,5,8,9,6,3,3,7,10,11,4,4,8,5,12,13,2,6,3,3,7,7,14,15,12,12,10,10,10,10,11,11,11,11,10,11,11,11,10,10,10,10,10,11,11,11,11,10,16,10,10,4,8,10,10,10,10,10,11,10,5,5,10,10,10,10,10,10,10,12,13,13,13,17,10,10,10,10,18,19,20,10,10,10,9,10,10,10,10,10,10,10,10,10,10,7,7,10,10,10,10,14,14,14,14,14,15,14,14,12,12,12,12,12,12,12,12","0.00889801979064941","infomap","edit-xhwikibooks.graphml"
"0.12","0.55","0.33","0.402796755002704","1,2,1,1,3,4,3,2,4,5,3,6,7,8,9,4,5,3,3,6,10,11,7,8,9,12,9,13,2,5,3,3,6,6,14,15,16,9,10,10,10,10,11,11,11,11,10,11,11,11,10,10,10,10,10,11,11,11,11,10,17,10,10,8,9,10,10,10,10,10,11,10,12,12,10,10,10,10,10,10,10,9,13,13,13,18,10,10,10,10,19,20,21,10,10,10,4,10,10,10,10,10,10,10,10,10,10,6,6,10,10,10,10,15,14,14,14,15,14,15,14,16,16,16,16,16,16,16,16","0.00776195526123047","infomap","edit-xhwikibooks.graphml"
"0.11","0.56","0.33","0.441279201847715","1,2,1,1,3,4,3,2,4,5,3,6,7,8,9,4,5,3,3,6,10,11,7,12,9,9,8,13,2,5,3,3,6,6,14,14,15,9,10,10,10,10,11,11,11,11,10,11,11,11,10,10,10,10,10,11,11,11,11,10,16,10,10,12,9,10,10,10,10,10,11,10,9,9,10,10,10,10,10,10,10,8,13,13,13,17,10,10,10,10,18,19,20,10,10,10,4,10,10,10,10,10,10,10,10,10,10,6,6,10,10,10,10,14,14,14,14,14,14,14,14,15,15,15,15,15,15,15,15","0.00764703750610352","infomap","edit-xhwikibooks.graphml"
"0.1","0.57","0.33","0.397182370316799","1,2,1,1,3,4,3,5,5,6,7,3,8,9,10,4,6,7,7,3,11,12,8,8,5,13,9,14,2,6,7,7,3,3,15,5,10,5,11,11,11,11,12,12,12,12,11,12,12,12,11,11,11,11,11,12,12,12,12,11,16,11,11,8,5,11,11,11,11,11,12,11,13,13,11,11,11,11,11,11,11,9,14,14,14,17,11,11,11,11,18,19,20,11,11,11,4,11,11,11,11,11,11,11,11,11,11,3,3,11,11,11,11,15,5,5,5,15,5,15,15,10,10,10,10,10,10,10,10","0.00784707069396973","infomap","edit-xhwikibooks.graphml"
"0.09","0.58","0.33","-0.0126429001139007","1,2,1,3,4,3,4,5,3,6,4,7,8,5,3,3,6,4,4,7,9,10,8,8,11,12,11,13,2,6,4,4,7,7,14,15,11,11,9,2,2,2,10,10,10,10,2,10,10,10,2,2,2,2,2,10,10,10,10,2,16,2,2,8,11,2,2,2,2,2,10,2,12,12,2,2,2,2,2,2,2,11,13,13,13,17,2,2,2,2,18,19,20,2,2,2,3,2,2,2,2,2,2,2,2,2,2,7,7,2,2,2,2,14,14,15,14,14,15,15,14,11,11,11,11,11,11,11,11","0.00891399383544922","infomap","edit-xhwikibooks.graphml"
"0.08","0.59","0.33","0.398235194631698","1,2,1,1,3,4,3,4,4,5,3,6,7,7,8,9,5,3,3,6,10,11,7,12,4,7,8,13,2,5,3,3,6,6,14,15,4,4,10,10,10,10,11,11,11,11,10,11,11,11,10,10,10,10,10,11,11,11,11,10,16,10,10,12,4,10,10,10,10,10,11,10,7,7,10,10,10,10,10,10,10,8,13,13,13,17,10,10,10,10,18,19,20,10,10,10,9,10,10,10,10,10,10,10,10,10,10,6,6,10,10,10,10,15,15,14,14,14,15,15,14,4,4,4,4,4,4,4,4","0.00559902191162109","infomap","edit-xhwikibooks.graphml"
"0.07","0.6","0.33","0.394715230593265","1,1,1,2,3,2,3,4,5,6,3,7,4,5,8,9,6,3,3,7,10,11,4,4,5,8,5,12,1,6,3,3,7,7,13,14,15,8,10,10,10,10,11,11,11,11,10,11,11,11,10,10,10,10,10,11,11,11,11,10,16,10,10,4,5,10,10,10,10,10,11,10,8,8,10,10,10,10,10,10,10,5,12,12,12,17,10,10,10,10,18,19,20,10,10,10,9,10,10,10,10,10,10,10,10,10,10,7,7,10,10,10,10,13,14,13,14,14,14,13,14,8,8,8,15,8,15,8,8","0.00658607482910156","infomap","edit-xhwikibooks.graphml"
"0.06","0.61","0.33","0.410390537068105","1,2,1,3,4,3,4,5,3,6,4,7,5,8,9,3,6,4,4,7,10,11,5,8,8,8,9,12,2,6,4,4,7,7,13,14,15,9,10,10,10,10,11,11,11,11,10,11,11,11,10,10,10,10,10,11,11,11,11,10,16,10,10,8,8,10,10,10,10,10,11,10,8,8,10,10,10,10,10,10,10,9,12,12,12,17,10,10,10,10,18,19,20,10,10,10,3,10,10,10,10,10,10,10,10,10,10,7,7,10,10,10,10,13,13,14,13,13,14,14,14,15,15,15,15,15,15,15,15","0.00672292709350586","infomap","edit-xhwikibooks.graphml"
"0.05","0.62","0.33","0.429811530647891","1,2,1,1,3,4,3,4,4,5,6,3,4,7,8,9,5,6,6,3,10,11,4,7,4,8,4,12,2,5,6,6,3,3,13,13,14,8,10,10,10,10,11,11,11,11,10,11,11,11,10,10,10,10,10,11,11,11,11,10,15,10,10,7,4,10,10,10,10,10,11,10,8,8,10,10,10,10,10,10,10,4,12,12,12,16,10,10,10,10,17,18,19,10,10,10,9,10,10,10,10,10,10,10,10,10,10,3,3,10,10,10,10,13,13,13,13,13,13,13,13,14,14,8,14,8,14,8,8","0.00768089294433594","infomap","edit-xhwikibooks.graphml"
"0.04","0.63","0.33","0.408762431412895","1,2,1,1,3,4,3,5,4,6,3,7,8,9,5,4,6,3,3,7,10,11,8,8,5,5,9,12,2,6,3,3,7,7,13,14,15,5,10,10,10,10,11,11,11,11,10,11,11,11,10,10,10,10,10,11,11,11,11,10,16,10,10,5,5,10,10,10,10,10,11,10,5,5,10,10,10,10,10,10,10,9,12,12,12,17,10,10,10,10,18,19,20,10,10,10,4,10,10,10,10,10,10,10,10,10,10,7,7,10,10,10,10,14,13,13,13,14,13,13,13,15,15,15,15,15,15,15,15","0.00913596153259277","infomap","edit-xhwikibooks.graphml"
"0.03","0.64","0.33","0.409596896175276","1,2,1,3,4,3,4,2,5,6,4,7,8,9,10,3,6,4,4,7,11,12,8,9,10,9,9,13,2,6,4,4,7,7,14,15,5,5,11,11,11,11,12,12,12,12,11,12,12,12,11,11,11,11,11,12,12,12,12,11,16,11,11,9,10,11,11,11,11,11,12,11,9,9,11,11,11,11,11,11,11,9,13,13,13,17,11,11,11,11,18,19,20,11,11,11,3,11,11,11,11,11,11,11,11,11,11,7,7,11,11,11,11,15,14,14,14,15,15,15,15,5,5,5,5,5,5,5,5","0.00506281852722168","infomap","edit-xhwikibooks.graphml"
"0.02","0.65","0.33","0.392624786010229","1,2,1,1,3,1,3,4,1,5,3,6,7,8,4,9,5,3,3,6,10,11,7,7,4,12,8,13,2,5,3,3,6,6,14,15,16,4,10,10,10,10,11,11,11,11,10,11,11,11,10,10,10,10,10,11,11,11,11,10,17,10,10,4,4,10,10,10,10,10,11,10,12,12,10,10,10,10,10,10,10,8,13,13,13,18,10,10,10,10,19,20,21,10,10,10,9,10,10,10,10,10,10,10,10,10,10,6,6,10,10,10,10,15,14,14,15,14,14,14,15,16,16,16,16,16,16,16,16","0.00779390335083008","infomap","edit-xhwikibooks.graphml"
"0.01","0.66","0.33","0.393788514205562","1,1,2,2,2,3,2,3,3,4,5,2,6,7,8,9,4,5,5,10,11,12,6,6,7,13,8,9,1,4,5,5,10,10,14,15,16,8,11,11,11,11,12,12,12,12,11,12,12,12,11,11,11,11,11,12,12,12,12,11,17,11,11,6,7,11,11,11,11,11,12,11,13,13,11,11,11,11,11,11,11,8,9,9,9,18,11,11,11,11,19,20,21,11,11,11,9,11,11,11,11,11,11,11,11,11,11,10,10,11,11,11,11,14,14,14,15,14,14,14,14,16,16,16,16,16,16,16,16","0.00642800331115723","infomap","edit-xhwikibooks.graphml"
"0","0.67","0.33","0.392951102595348","1,2,1,3,4,3,4,5,3,3,4,6,7,5,3,8,9,4,4,6,10,2,7,7,3,11,3,8,5,12,13,4,6,6,14,15,16,3,10,10,10,10,2,2,2,2,10,2,2,2,10,10,10,10,10,2,2,2,2,10,17,10,10,18,19,10,10,10,10,10,2,10,11,11,10,10,10,10,10,10,10,20,8,8,8,21,10,10,10,10,22,23,24,10,10,10,25,10,10,10,10,10,10,10,10,10,10,26,27,10,10,10,10,15,14,15,15,15,15,15,15,16,3,3,3,3,3,3,3","0.00523710250854492","infomap","edit-xhwikibooks.graphml"
"0.66","0","0.34","0.352407021240662","1,1,2,2,2,3,4,5,3,6,4,7,8,5,9,10,6,11,12,7,13,14,15,8,5,16,9,10,17,6,11,18,19,13,12,20,21,9,13,13,13,13,14,14,14,14,13,14,14,14,13,13,13,13,13,14,14,14,14,13,15,13,13,8,5,13,13,13,13,13,14,13,16,16,13,13,13,13,13,13,13,9,10,10,10,17,13,13,13,13,6,11,18,13,13,13,10,13,13,13,13,13,13,13,13,13,13,19,19,13,13,13,13,20,20,20,12,12,12,20,20,21,21,21,21,21,21,21,21","0.00543594360351562","infomap","edit-xhwikibooks.graphml"
"0.65","0.01","0.34","0.348025090110706","1,1,2,2,2,3,4,5,3,6,7,4,5,8,9,10,6,11,7,4,12,13,14,9,8,15,9,10,16,6,11,17,18,12,19,20,21,15,12,12,12,12,13,13,13,13,12,13,13,13,12,12,12,12,12,13,13,13,13,12,14,12,12,9,8,12,12,12,12,12,13,12,15,15,12,12,12,12,12,12,12,9,10,10,10,16,12,12,12,12,6,11,17,12,12,12,10,12,12,12,12,12,12,12,12,12,12,18,18,12,12,12,12,20,20,19,19,19,19,20,19,21,21,21,21,21,21,21,21","0.00564885139465332","infomap","edit-xhwikibooks.graphml"
"0.64","0.02","0.34","0.353496925428852","1,1,2,2,3,4,3,5,6,7,8,3,9,5,6,4,7,10,8,3,11,12,13,9,6,14,5,15,16,7,10,17,18,11,19,20,21,6,11,11,11,11,12,12,12,12,11,12,12,12,11,11,11,11,11,12,12,12,12,11,13,11,11,9,6,11,11,11,11,11,12,11,14,14,11,11,11,11,11,11,11,5,15,15,15,16,11,11,11,11,7,10,17,11,11,11,4,11,11,11,11,11,11,11,11,11,11,18,18,11,11,11,11,20,20,19,20,19,19,19,19,21,21,21,21,21,21,21,21","0.00575995445251465","infomap","edit-xhwikibooks.graphml"
"0.63","0.03","0.34","0.338155615099862","1,1,2,2,2,3,2,4,3,5,6,2,4,7,8,3,5,9,6,2,10,11,12,4,7,13,8,14,15,5,9,16,17,2,18,19,20,8,10,10,10,10,11,11,11,11,10,11,11,11,10,10,10,10,10,11,11,11,11,10,12,10,10,4,7,10,10,10,10,10,11,10,13,13,10,10,10,10,10,10,10,8,14,14,14,15,10,10,10,10,5,9,16,10,10,10,3,10,10,10,10,10,10,10,10,10,10,17,17,10,10,10,10,18,18,8,18,8,18,18,19,20,20,20,20,20,20,20,20","0.0057988166809082","infomap","edit-xhwikibooks.graphml"
"0.62","0.04","0.34","0.345630488119835","1,1,2,2,2,3,2,4,3,5,6,2,7,4,8,3,5,9,6,2,10,11,12,7,8,13,4,14,15,5,9,16,17,2,18,19,20,8,10,10,10,10,11,11,11,11,10,11,11,11,10,10,10,10,10,11,11,11,11,10,12,10,10,7,8,10,10,10,10,10,11,10,13,13,10,10,10,10,10,10,10,4,14,14,14,15,10,10,10,10,5,9,16,10,10,10,3,10,10,10,10,10,10,10,10,10,10,17,17,10,10,10,10,19,18,18,18,19,18,19,18,20,20,20,20,20,20,20,20","0.00701498985290527","infomap","edit-xhwikibooks.graphml"
"0.61","0.05","0.34","0.341150456020077","1,1,2,2,2,3,2,4,3,5,6,2,7,4,8,3,5,9,6,2,10,11,12,7,4,13,8,14,15,5,9,16,17,2,18,19,20,4,10,10,10,10,11,11,11,11,10,11,11,11,10,10,10,10,10,11,11,11,11,10,12,10,10,7,4,10,10,10,10,10,11,10,13,13,10,10,10,10,10,10,10,8,14,14,14,15,10,10,10,10,5,9,16,10,10,10,3,10,10,10,10,10,10,10,10,10,10,17,17,10,10,10,10,19,18,19,19,18,18,18,19,20,20,20,20,20,20,20,20","0.00569701194763184","infomap","edit-xhwikibooks.graphml"
"0.6","0.06","0.34","0.334350211897209","1,2,1,1,3,4,3,4,5,6,7,3,8,9,5,4,6,10,7,3,2,11,12,8,9,13,5,14,15,6,10,16,17,3,18,19,20,18,2,2,2,2,11,11,11,11,2,11,11,11,2,2,2,2,2,11,11,11,11,2,12,2,2,8,9,2,2,2,2,2,11,2,13,13,2,2,2,2,2,2,2,5,14,14,14,15,2,2,2,2,6,10,16,2,2,2,4,2,2,2,2,2,2,2,2,2,2,17,17,2,2,2,2,19,18,19,18,19,18,18,18,20,20,20,20,20,20,20,20","0.00696492195129395","infomap","edit-xhwikibooks.graphml"
"0.59","0.07","0.34","0.338250596804799","1,1,1,1,2,1,2,3,4,5,6,2,7,3,8,9,5,10,6,2,11,12,13,7,3,14,8,15,16,5,10,17,18,2,19,4,20,4,11,11,11,11,12,12,12,12,11,12,12,12,11,11,11,11,11,12,12,12,12,11,13,11,11,7,3,11,11,11,11,11,12,11,14,14,11,11,11,11,11,11,11,8,15,15,15,16,11,11,11,11,5,10,17,11,11,11,9,11,11,11,11,11,11,11,11,11,11,18,18,11,11,11,11,4,4,19,4,19,4,4,19,20,20,20,20,20,20,20,20","0.0085749626159668","infomap","edit-xhwikibooks.graphml"
"0.58","0.08","0.34","0.345002133824487","1,1,2,2,2,3,2,3,3,4,5,2,6,3,7,8,4,9,5,2,10,11,6,3,7,12,3,13,14,4,9,15,16,2,17,18,19,7,10,10,10,10,11,11,11,11,10,11,11,11,10,10,10,10,10,11,11,11,11,10,6,10,10,3,7,10,10,10,10,10,11,10,12,12,10,10,10,10,10,10,10,3,13,13,13,14,10,10,10,10,4,9,15,10,10,10,8,10,10,10,10,10,10,10,10,10,10,16,16,10,10,10,10,18,18,18,18,17,17,18,18,19,19,19,19,19,19,19,19","0.00571012496948242","infomap","edit-xhwikibooks.graphml"
"0.57","0.09","0.34","0.326871055423766","1,1,2,2,2,3,2,4,4,5,6,2,7,4,8,3,5,9,6,2,10,1,11,7,4,12,8,13,14,5,9,15,16,2,17,18,19,4,10,10,10,10,1,1,1,1,10,1,1,1,10,10,10,10,10,1,1,1,1,10,11,10,10,7,4,10,10,10,10,10,1,10,12,12,10,10,10,10,10,10,10,8,13,13,13,14,10,10,10,10,5,9,15,10,10,10,3,10,10,10,10,10,10,10,10,10,10,16,16,10,10,10,10,18,18,17,18,17,18,18,17,19,19,19,19,19,19,19,19","0.00683498382568359","infomap","edit-xhwikibooks.graphml"
"0.56","0.1","0.34","0.322337727793902","1,1,2,2,2,3,2,4,3,5,6,2,4,7,8,9,5,10,6,2,11,12,13,4,7,14,7,15,16,5,10,17,18,2,19,20,21,8,11,11,11,11,12,12,12,12,11,12,12,12,11,11,11,11,11,12,12,12,12,11,13,11,11,4,7,11,11,11,11,11,12,11,14,14,11,11,11,11,11,11,11,7,15,15,15,16,11,11,11,11,5,10,17,11,11,11,9,11,11,11,11,11,11,11,11,11,11,18,18,11,11,11,11,19,19,20,20,20,19,19,20,21,21,21,21,21,21,21,21","0.00687193870544434","infomap","edit-xhwikibooks.graphml"
"0.55","0.11","0.34","0.325780736632252","1,1,2,2,2,3,2,4,3,5,6,2,7,4,8,3,5,9,6,2,10,11,12,7,8,13,4,14,15,5,9,16,17,2,18,19,20,8,10,10,10,10,11,11,11,11,10,11,11,11,10,10,10,10,10,11,11,11,11,10,12,10,10,7,8,10,10,10,10,10,11,10,13,13,10,10,10,10,10,10,10,4,14,14,14,15,10,10,10,10,5,9,16,10,10,10,3,10,10,10,10,10,10,10,10,10,10,17,17,10,10,10,10,19,19,19,19,18,18,18,18,20,20,20,20,20,20,20,20","0.00537705421447754","infomap","edit-xhwikibooks.graphml"
"0.54","0.12","0.34","0.334106416420118","1,2,1,3,4,3,4,2,5,6,7,4,8,9,5,3,6,10,7,4,11,12,8,5,5,13,9,14,15,6,10,16,17,4,18,5,19,5,11,11,11,11,12,12,12,12,11,12,12,12,11,11,11,11,11,12,12,12,12,11,8,11,11,5,5,11,11,11,11,11,12,11,13,13,11,11,11,11,11,11,11,9,14,14,14,15,11,11,11,11,6,10,16,11,11,11,3,11,11,11,11,11,11,11,11,11,11,17,17,11,11,11,11,18,18,18,18,18,18,18,18,19,19,19,19,19,19,19,19","0.00698304176330566","infomap","edit-xhwikibooks.graphml"
"0.53","0.13","0.34","0.318446110986536","1,1,2,2,2,3,2,4,3,5,6,2,7,4,8,3,5,9,6,2,1,10,11,7,8,12,4,13,14,5,9,15,16,2,6,17,18,8,1,1,1,1,10,10,10,10,1,10,10,10,1,1,1,1,1,10,10,10,10,1,11,1,1,7,8,1,1,1,1,1,10,1,12,12,1,1,1,1,1,1,1,4,13,13,13,14,1,1,1,1,5,9,15,1,1,1,3,1,1,1,1,1,1,1,1,1,1,16,16,1,1,1,1,17,17,17,17,6,17,6,6,18,18,18,18,18,18,18,18","0.00805401802062988","infomap","edit-xhwikibooks.graphml"
"0.52","0.14","0.34","0.316770034740515","1,2,1,1,3,2,3,2,4,5,6,3,7,4,8,9,5,10,6,3,11,2,12,7,4,13,8,14,15,5,10,16,17,3,18,19,20,18,11,11,11,11,2,2,2,2,11,2,2,2,11,11,11,11,11,2,2,2,2,11,12,11,11,7,4,11,11,11,11,11,2,11,13,13,11,11,11,11,11,11,11,8,14,14,14,15,11,11,11,11,5,10,16,11,11,11,9,11,11,11,11,11,11,11,11,11,11,17,17,11,11,11,11,18,19,18,6,6,18,18,6,20,20,20,20,20,20,20,20","0.0075080394744873","infomap","edit-xhwikibooks.graphml"
"0.51","0.15","0.34","0.329898582907901","1,2,1,2,3,4,3,2,5,6,7,3,8,9,5,4,6,10,7,3,11,12,8,9,5,13,9,14,15,6,10,16,17,3,18,19,20,9,11,11,11,11,12,12,12,12,11,12,12,12,11,11,11,11,11,12,12,12,12,11,8,11,11,9,5,11,11,11,11,11,12,11,13,13,11,11,11,11,11,11,11,9,14,14,14,15,11,11,11,11,6,10,16,11,11,11,4,11,11,11,11,11,11,11,11,11,11,17,17,11,11,11,11,18,19,18,19,18,18,19,19,20,20,20,20,20,20,20,20","0.0299642086029053","infomap","edit-xhwikibooks.graphml"
"0.5","0.16","0.34","0.314061306113794","1,1,2,2,2,1,3,1,4,5,3,6,7,8,4,9,5,10,11,6,12,13,7,8,8,14,8,15,16,5,10,17,18,6,19,11,20,8,12,12,12,12,13,13,13,13,12,13,13,13,12,12,12,12,12,13,13,13,13,12,7,12,12,8,8,12,12,12,12,12,13,12,14,14,12,12,12,12,12,12,12,8,15,15,15,16,12,12,12,12,5,10,17,12,12,12,9,12,12,12,12,12,12,12,12,12,12,18,18,12,12,12,12,11,19,19,19,19,11,19,11,4,20,4,4,4,4,4,4","0.0107150077819824","infomap","edit-xhwikibooks.graphml"
"0.49","0.17","0.34","0.327931975118","1,1,2,2,2,3,2,4,4,5,6,2,7,4,8,3,5,9,6,2,10,11,12,7,8,13,8,14,15,5,9,16,17,2,18,19,20,20,10,10,10,10,11,11,11,11,10,11,11,11,10,10,10,10,10,11,11,11,11,10,12,10,10,7,8,10,10,10,10,10,11,10,13,13,10,10,10,10,10,10,10,8,14,14,14,15,10,10,10,10,5,9,16,10,10,10,3,10,10,10,10,10,10,10,10,10,10,17,17,10,10,10,10,19,19,19,19,18,19,19,18,20,20,20,20,20,20,20,20","0.00820684432983398","infomap","edit-xhwikibooks.graphml"
"0.48","0.18","0.34","0.329898643727056","1,1,2,2,2,3,2,4,3,5,6,2,7,4,8,3,5,9,6,2,10,11,12,7,8,13,8,14,15,5,9,16,17,2,18,19,20,18,10,10,10,10,11,11,11,11,10,11,11,11,10,10,10,10,10,11,11,11,11,10,12,10,10,7,8,10,10,10,10,10,11,10,13,13,10,10,10,10,10,10,10,8,14,14,14,15,10,10,10,10,5,9,16,10,10,10,3,10,10,10,10,10,10,10,10,10,10,17,17,10,10,10,10,18,18,19,19,19,19,18,19,20,20,20,20,20,20,20,20","0.00830388069152832","infomap","edit-xhwikibooks.graphml"
"0.47","0.19","0.34","0.333447988506008","1,1,2,2,2,3,2,3,4,5,6,2,7,8,4,3,5,9,6,2,10,11,7,8,4,12,8,13,14,5,9,15,16,2,17,18,19,8,10,10,10,10,11,11,11,11,10,11,11,11,10,10,10,10,10,11,11,11,11,10,7,10,10,8,4,10,10,10,10,10,11,10,12,12,10,10,10,10,10,10,10,8,13,13,13,14,10,10,10,10,5,9,15,10,10,10,3,10,10,10,10,10,10,10,10,10,10,16,16,10,10,10,10,17,18,18,17,17,18,18,17,19,19,19,19,19,19,19,19","0.00702309608459473","infomap","edit-xhwikibooks.graphml"
"0.46","0.2","0.34","0.332840093391188","1,1,2,2,2,3,2,3,4,5,6,2,7,8,4,3,5,9,6,2,10,11,7,8,8,12,8,13,14,5,9,15,16,2,17,18,19,19,10,10,10,10,11,11,11,11,10,11,11,11,10,10,10,10,10,11,11,11,11,10,7,10,10,8,8,10,10,10,10,10,11,10,12,12,10,10,10,10,10,10,10,8,13,13,13,14,10,10,10,10,5,9,15,10,10,10,3,10,10,10,10,10,10,10,10,10,10,16,16,10,10,10,10,17,18,18,18,18,17,17,18,19,19,19,19,19,19,19,19","0.00685691833496094","infomap","edit-xhwikibooks.graphml"
"0.45","0.21","0.34","0.334204087091038","1,1,2,2,2,3,2,4,3,5,6,2,7,4,8,9,5,10,6,2,11,12,7,8,4,13,8,14,15,5,10,16,17,2,18,19,20,8,11,11,11,11,12,12,12,12,11,12,12,12,11,11,11,11,11,12,12,12,12,11,7,11,11,8,4,11,11,11,11,11,12,11,13,13,11,11,11,11,11,11,11,8,14,14,14,15,11,11,11,11,5,10,16,11,11,11,9,11,11,11,11,11,11,11,11,11,11,17,17,11,11,11,11,18,18,18,18,19,18,18,18,20,20,20,20,20,20,20,20","0.00558996200561523","infomap","edit-xhwikibooks.graphml"
"0.44","0.22","0.34","0.345624449296497","1,1,2,2,2,3,2,3,3,4,5,2,6,3,3,7,4,8,5,2,9,10,11,6,3,12,3,13,14,4,8,15,16,2,17,18,19,3,9,9,9,9,10,10,10,10,9,10,10,10,9,9,9,9,9,10,10,10,10,9,11,9,9,6,3,9,9,9,9,9,10,9,12,12,9,9,9,9,9,9,9,3,13,13,13,14,9,9,9,9,4,8,15,9,9,9,7,9,9,9,9,9,9,9,9,9,9,16,16,9,9,9,9,17,18,18,17,18,18,17,18,19,19,19,19,19,19,19,19","0.0067591667175293","infomap","edit-xhwikibooks.graphml"
"0.43","0.23","0.34","0.335772497704316","1,1,2,2,2,3,2,4,3,5,6,2,7,4,8,3,5,9,6,2,10,11,12,7,4,13,8,14,15,5,9,16,17,2,18,19,20,4,10,10,10,10,11,11,11,11,10,11,11,11,10,10,10,10,10,11,11,11,11,10,12,10,10,7,4,10,10,10,10,10,11,10,13,13,10,10,10,10,10,10,10,8,14,14,14,15,10,10,10,10,5,9,16,10,10,10,3,10,10,10,10,10,10,10,10,10,10,17,17,10,10,10,10,18,19,18,18,19,18,19,19,20,20,20,20,20,20,20,20","0.00551104545593262","infomap","edit-xhwikibooks.graphml"
"0.42","0.24","0.34","0.337749686954296","1,2,1,3,4,3,4,2,5,6,7,4,8,5,9,3,6,10,7,4,11,12,8,5,5,13,9,14,15,6,10,16,17,4,18,19,20,9,11,11,11,11,12,12,12,12,11,12,12,12,11,11,11,11,11,12,12,12,12,11,8,11,11,5,5,11,11,11,11,11,12,11,13,13,11,11,11,11,11,11,11,9,14,14,14,15,11,11,11,11,6,10,16,11,11,11,3,11,11,11,11,11,11,11,11,11,11,17,17,11,11,11,11,19,18,19,18,19,19,18,18,20,20,20,20,20,20,20,20","0.00570487976074219","infomap","edit-xhwikibooks.graphml"
"0.41","0.25","0.34","0.339876843374158","1,1,2,2,2,3,2,3,4,5,6,2,7,8,4,3,5,9,6,2,10,11,7,3,8,12,8,13,14,5,9,15,16,2,17,18,19,4,10,10,10,10,11,11,11,11,10,11,11,11,10,10,10,10,10,11,11,11,11,10,7,10,10,3,8,10,10,10,10,10,11,10,12,12,10,10,10,10,10,10,10,8,13,13,13,14,10,10,10,10,5,9,15,10,10,10,3,10,10,10,10,10,10,10,10,10,10,16,16,10,10,10,10,18,17,17,17,17,18,18,18,19,19,19,19,19,19,19,19","0.00698304176330566","infomap","edit-xhwikibooks.graphml"
"0.4","0.26","0.34","0.341550437452975","1,1,2,2,2,3,2,4,3,5,6,2,4,7,3,3,5,8,6,2,9,10,11,4,7,12,7,13,14,5,8,15,16,2,17,18,19,3,9,9,9,9,10,10,10,10,9,10,10,10,9,9,9,9,9,10,10,10,10,9,11,9,9,4,7,9,9,9,9,9,10,9,12,12,9,9,9,9,9,9,9,7,13,13,13,14,9,9,9,9,5,8,15,9,9,9,3,9,9,9,9,9,9,9,9,9,9,16,16,9,9,9,9,18,17,18,18,17,17,18,17,19,19,19,19,19,19,19,19","0.00843715667724609","infomap","edit-xhwikibooks.graphml"
"0.39","0.27","0.34","0.334117423411307","1,2,1,1,3,4,3,2,4,5,6,3,7,8,9,4,5,10,6,3,11,12,7,9,9,13,8,14,15,5,10,16,17,3,18,19,20,2,11,11,11,11,12,12,12,12,11,12,12,12,11,11,11,11,11,12,12,12,12,11,7,11,11,9,9,11,11,11,11,11,12,11,13,13,11,11,11,11,11,11,11,8,14,14,14,15,11,11,11,11,5,10,16,11,11,11,4,11,11,11,11,11,11,11,11,11,11,17,17,11,11,11,11,19,19,19,19,19,19,18,19,20,20,20,20,20,20,20,20","0.00813698768615723","infomap","edit-xhwikibooks.graphml"
"0.38","0.28","0.34","0.34003461471622","1,2,1,1,3,4,3,4,5,6,7,3,8,5,9,4,6,10,7,3,11,2,8,4,9,12,5,13,14,6,10,15,16,3,17,18,19,5,11,11,11,11,2,2,2,2,11,2,2,2,11,11,11,11,11,2,2,2,2,11,8,11,11,4,9,11,11,11,11,11,2,11,12,12,11,11,11,11,11,11,11,5,13,13,13,14,11,11,11,11,6,10,15,11,11,11,4,11,11,11,11,11,11,11,11,11,11,16,16,11,11,11,11,17,17,18,18,17,18,17,18,19,19,19,19,19,19,19,19","0.00964117050170898","infomap","edit-xhwikibooks.graphml"
"0.37","0.29","0.34","0.342792042370965","1,2,1,3,4,3,4,2,5,6,7,4,8,9,5,3,6,10,7,4,11,12,13,8,9,14,5,15,16,6,10,17,18,4,19,20,21,9,11,11,11,11,12,12,12,12,11,12,12,12,11,11,11,11,11,12,12,12,12,11,13,11,11,8,9,11,11,11,11,11,12,11,14,14,11,11,11,11,11,11,11,5,15,15,15,16,11,11,11,11,6,10,17,11,11,11,3,11,11,11,11,11,11,11,11,11,11,18,18,11,11,11,11,20,19,20,19,20,19,19,19,21,21,21,21,21,21,21,21","0.00553202629089355","infomap","edit-xhwikibooks.graphml"
"0.36","0.3","0.34","0.34520355308691","1,2,1,3,4,3,4,2,3,5,6,4,7,8,9,3,5,10,6,4,11,12,7,8,9,13,9,14,15,5,10,16,17,4,18,19,20,8,11,11,11,11,12,12,12,12,11,12,12,12,11,11,11,11,11,12,12,12,12,11,7,11,11,8,9,11,11,11,11,11,12,11,13,13,11,11,11,11,11,11,11,9,14,14,14,15,11,11,11,11,5,10,16,11,11,11,3,11,11,11,11,11,11,11,11,11,11,17,17,11,11,11,11,18,18,18,18,19,18,19,18,20,20,20,20,20,20,20,20","0.00855588912963867","infomap","edit-xhwikibooks.graphml"
"0.35","0.31","0.34","0.345484601656523","1,1,2,2,2,3,2,3,4,5,6,2,7,3,4,8,5,9,6,2,10,11,12,7,4,13,4,14,15,5,9,16,17,2,18,3,19,4,10,10,10,10,11,11,11,11,10,11,11,11,10,10,10,10,10,11,11,11,11,10,12,10,10,7,4,10,10,10,10,10,11,10,13,13,10,10,10,10,10,10,10,4,14,14,14,15,10,10,10,10,5,9,16,10,10,10,8,10,10,10,10,10,10,10,10,10,10,17,17,10,10,10,10,18,3,18,3,3,18,3,18,19,19,19,19,19,19,19,19","0.00688695907592773","infomap","edit-xhwikibooks.graphml"
"0.34","0.32","0.34","0.345220247864327","1,1,2,2,2,3,2,4,5,6,7,2,8,4,5,3,6,9,7,2,10,11,12,8,5,13,5,14,15,6,9,16,17,2,18,19,20,4,10,10,10,10,11,11,11,11,10,11,11,11,10,10,10,10,10,11,11,11,11,10,12,10,10,8,5,10,10,10,10,10,11,10,13,13,10,10,10,10,10,10,10,5,14,14,14,15,10,10,10,10,6,9,16,10,10,10,3,10,10,10,10,10,10,10,10,10,10,17,17,10,10,10,10,19,19,18,19,19,18,18,18,20,20,20,20,20,20,20,20","0.00841808319091797","infomap","edit-xhwikibooks.graphml"
"0.33","0.33","0.34","0.335617208422743","1,2,1,3,4,3,4,5,5,6,7,4,8,5,9,10,6,11,7,4,2,12,13,8,9,14,9,15,16,6,11,17,18,4,19,20,21,9,2,2,2,2,12,12,12,12,2,12,12,12,2,2,2,2,2,12,12,12,12,2,13,2,2,8,9,2,2,2,2,2,12,2,14,14,2,2,2,2,2,2,2,9,15,15,15,16,2,2,2,2,6,11,17,2,2,2,10,2,2,2,2,2,2,2,2,2,2,18,18,2,2,2,2,19,20,20,19,19,20,19,20,21,21,21,21,21,21,21,21","0.00707793235778809","infomap","edit-xhwikibooks.graphml"
"0.32","0.34","0.34","0.356392633915059","1,1,2,2,2,3,2,4,5,6,7,2,8,4,5,3,6,9,7,2,10,11,12,8,5,13,5,14,15,6,9,16,17,2,18,19,20,4,10,10,10,10,11,11,11,11,10,11,11,11,10,10,10,10,10,11,11,11,11,10,12,10,10,8,5,10,10,10,10,10,11,10,13,13,10,10,10,10,10,10,10,5,14,14,14,15,10,10,10,10,6,9,16,10,10,10,3,10,10,10,10,10,10,10,10,10,10,17,17,10,10,10,10,19,19,19,19,19,18,19,19,20,20,20,20,20,20,20,20","0.0109169483184814","infomap","edit-xhwikibooks.graphml"
"0.31","0.35","0.34","0.354192368670841","1,1,2,2,3,2,3,4,5,6,7,3,8,4,9,2,6,10,7,3,11,12,8,9,4,13,9,14,1,6,10,7,15,3,16,5,17,4,11,11,11,11,12,12,12,12,11,12,12,12,11,11,11,11,11,12,12,12,12,11,18,11,11,9,4,11,11,11,11,11,12,11,13,13,11,11,11,11,11,11,11,9,14,14,14,19,11,11,11,11,20,21,22,11,11,11,2,11,11,11,11,11,11,11,11,11,11,15,15,11,11,11,11,16,16,16,5,5,5,5,16,17,17,17,17,17,17,17,17","0.00781106948852539","infomap","edit-xhwikibooks.graphml"
"0.3","0.36","0.34","0.353899976249566","1,2,1,3,4,3,4,2,5,6,7,4,8,9,5,3,6,10,7,4,11,12,8,9,5,13,9,14,11,6,10,7,15,4,16,17,18,9,11,11,11,11,12,12,12,12,11,12,12,12,11,11,11,11,11,12,12,12,12,11,19,11,11,9,5,11,11,11,11,11,12,11,13,13,11,11,11,11,11,11,11,9,14,14,14,20,11,11,11,11,21,22,23,11,11,11,3,11,11,11,11,11,11,11,11,11,11,15,15,11,11,11,11,17,16,16,17,17,17,16,16,18,18,18,18,18,18,18,18","0.00914311408996582","infomap","edit-xhwikibooks.graphml"
"0.29","0.37","0.34","0.350538885884262","1,2,1,1,3,4,3,2,2,5,3,6,7,8,9,4,5,3,10,6,11,12,7,9,9,13,8,14,12,5,3,10,6,6,10,15,16,8,11,11,11,11,12,12,12,12,11,12,12,12,11,11,11,11,11,12,12,12,12,11,17,11,11,9,9,11,11,11,11,11,12,11,13,13,11,11,11,11,11,11,11,8,14,14,14,18,11,11,11,11,19,20,21,11,11,11,4,11,11,11,11,11,11,11,11,11,11,6,6,11,11,11,11,15,10,15,15,15,15,10,15,16,16,16,16,16,16,16,16","0.00558710098266602","infomap","edit-xhwikibooks.graphml"
"0.28","0.38","0.34","0.358796520224983","1,2,1,3,4,3,4,3,3,5,4,6,7,8,9,3,5,4,10,6,11,12,7,8,9,13,9,14,2,5,4,10,6,6,15,10,16,9,11,11,11,11,12,12,12,12,11,12,12,12,11,11,11,11,11,12,12,12,12,11,17,11,11,8,9,11,11,11,11,11,12,11,13,13,11,11,11,11,11,11,11,9,14,14,14,18,11,11,11,11,19,20,21,11,11,11,3,11,11,11,11,11,11,11,11,11,11,6,6,11,11,11,11,15,15,10,10,15,10,10,15,16,16,16,16,16,16,16,16","0.00949883460998535","infomap","edit-xhwikibooks.graphml"
"0.27","0.39","0.34","0.358625119318631","1,2,1,2,3,2,3,2,4,5,3,6,7,8,4,9,5,3,10,6,11,2,7,4,8,12,4,13,2,5,3,10,6,6,14,10,15,8,11,11,11,11,2,2,2,2,11,2,2,2,11,11,11,11,11,2,2,2,2,11,16,11,11,4,8,11,11,11,11,11,2,11,12,12,11,11,11,11,11,11,11,4,13,13,13,17,11,11,11,11,18,19,20,11,11,11,9,11,11,11,11,11,11,11,11,11,11,6,6,11,11,11,11,14,14,14,14,14,14,10,10,15,15,15,15,15,15,15,15","0.00705504417419434","infomap","edit-xhwikibooks.graphml"
"0.26","0.4","0.34","0.356407457055596","1,2,1,3,4,3,4,2,3,5,4,6,7,8,9,3,5,4,10,6,11,12,7,8,3,13,9,14,2,5,4,10,6,6,10,15,16,3,11,11,11,11,12,12,12,12,11,12,12,12,11,11,11,11,11,12,12,12,12,11,17,11,11,8,3,11,11,11,11,11,12,11,13,13,11,11,11,11,11,11,11,9,14,14,14,18,11,11,11,11,19,20,21,11,11,11,3,11,11,11,11,11,11,11,11,11,11,6,6,11,11,11,11,10,15,10,10,15,15,10,10,16,16,16,16,16,16,16,16","0.00820398330688477","infomap","edit-xhwikibooks.graphml"
"0.25","0.41","0.34","0.336676136881812","1,2,1,1,3,4,3,2,5,6,3,7,8,9,5,4,6,3,3,7,10,11,8,9,9,12,5,13,2,6,3,3,7,7,14,15,16,5,10,10,10,10,11,11,11,11,10,11,11,11,10,10,10,10,10,11,11,11,11,10,17,10,10,9,9,10,10,10,10,10,11,10,12,12,10,10,10,10,10,10,10,5,13,13,13,18,10,10,10,10,19,20,21,10,10,10,4,10,10,10,10,10,10,10,10,10,10,7,7,10,10,10,10,14,15,14,15,14,14,14,15,5,5,5,5,16,5,5,5","0.00695419311523438","infomap","edit-xhwikibooks.graphml"
"0.24","0.42","0.34","0.35330340639944","1,2,1,1,3,4,3,5,4,6,3,7,8,5,9,4,6,3,3,7,10,11,8,9,9,12,9,13,2,6,3,3,7,7,14,15,16,16,10,10,10,10,11,11,11,11,10,11,11,11,10,10,10,10,10,11,11,11,11,10,17,10,10,9,9,10,10,10,10,10,11,10,12,12,10,10,10,10,10,10,10,9,13,13,13,18,10,10,10,10,19,20,21,10,10,10,4,10,10,10,10,10,10,10,10,10,10,7,7,10,10,10,10,15,15,14,14,15,14,14,15,16,16,16,16,16,16,16,16","0.00674295425415039","infomap","edit-xhwikibooks.graphml"
"0.23","0.43","0.34","-0.0777520867594423","1,2,1,1,3,4,3,4,5,6,3,7,8,4,9,10,6,3,3,7,11,12,8,4,9,13,9,14,2,6,3,3,7,7,15,16,5,4,2,2,2,2,12,12,12,12,2,12,12,12,2,2,2,2,2,12,12,12,12,2,17,2,2,4,9,2,2,2,2,2,12,2,13,13,2,2,2,2,2,2,2,9,14,14,14,18,2,2,2,2,19,20,21,2,2,2,10,2,2,2,2,2,2,2,2,2,2,7,7,11,2,2,2,16,16,15,16,16,15,15,15,5,5,5,5,5,5,5,5","0.00996303558349609","infomap","edit-xhwikibooks.graphml"
"0.22","0.44","0.34","0.352642273794344","1,2,1,3,4,3,4,2,3,5,4,6,7,8,2,3,5,4,4,6,9,10,7,2,8,11,12,13,2,5,4,4,6,6,14,15,16,8,9,9,9,9,10,10,10,10,9,10,10,10,9,9,9,9,9,10,10,10,10,9,17,9,9,2,8,9,9,9,9,9,10,9,11,11,9,9,9,9,9,9,9,12,13,13,13,18,9,9,9,9,19,20,21,9,9,9,3,9,9,9,9,9,9,9,9,9,9,6,6,9,9,9,9,15,15,14,15,14,15,14,15,16,16,16,16,16,16,16,16","0.00693297386169434","infomap","edit-xhwikibooks.graphml"
"0.21","0.45","0.34","0.35894479228696","1,2,1,1,3,1,3,4,1,5,3,6,7,4,8,9,5,3,3,6,10,11,7,4,8,12,8,13,2,5,3,3,6,6,14,15,16,4,10,10,10,10,11,11,11,11,10,11,11,11,10,10,10,10,10,11,11,11,11,10,17,10,10,4,8,10,10,10,10,10,11,10,12,12,10,10,10,10,10,10,10,8,13,13,13,18,10,10,10,10,19,20,21,10,10,10,9,10,10,10,10,10,10,10,10,10,10,6,6,10,10,10,10,14,15,14,15,15,14,14,15,16,16,16,16,16,16,16,16","0.00824308395385742","infomap","edit-xhwikibooks.graphml"
"0.2","0.46","0.34","0.356932542317269","1,2,1,1,3,4,3,5,4,6,3,7,8,5,9,4,6,3,3,7,10,11,8,9,9,12,5,13,2,6,3,3,7,7,14,15,16,5,10,10,10,10,11,11,11,11,10,11,11,11,10,10,10,10,10,11,11,11,11,10,17,10,10,9,9,10,10,10,10,10,11,10,12,12,10,10,10,10,10,10,10,5,13,13,13,18,10,10,10,10,19,20,21,10,10,10,4,10,10,10,10,10,10,10,10,10,10,7,7,10,10,10,10,15,15,14,14,15,15,15,14,16,16,16,16,16,16,16,16","0.00680899620056152","infomap","edit-xhwikibooks.graphml"
"0.19","0.47","0.34","0.357052469135802","1,2,1,3,4,3,4,2,5,6,4,7,8,5,9,3,6,4,4,7,10,11,8,5,5,12,13,14,2,6,4,4,7,7,15,16,9,15,10,10,10,10,11,11,11,11,10,11,11,11,10,10,10,10,10,11,11,11,11,10,17,10,10,5,5,10,10,10,10,10,11,10,12,12,10,10,10,10,10,10,10,13,14,14,14,18,10,10,10,10,19,20,21,10,10,10,3,10,10,10,10,10,10,10,10,10,10,7,7,10,10,10,10,16,16,15,16,16,16,16,15,9,9,9,9,9,9,9,9","0.00694012641906738","infomap","edit-xhwikibooks.graphml"
"0.18","0.48","0.34","0.352227226477693","1,2,1,1,3,4,3,2,4,5,3,6,7,8,9,4,5,3,3,6,10,11,7,8,4,12,13,14,2,5,3,3,6,6,9,15,16,8,10,10,10,10,11,11,11,11,10,11,11,11,10,10,10,10,10,11,11,11,11,10,17,10,10,8,4,10,10,10,10,10,11,10,12,12,10,10,10,10,10,10,10,13,14,14,14,18,10,10,10,10,19,20,21,10,10,10,4,10,10,10,10,10,10,10,10,10,10,6,6,10,10,10,10,15,15,15,9,9,15,15,15,16,16,16,16,16,16,16,16","0.00747418403625488","infomap","edit-xhwikibooks.graphml"
"0.17","0.49","0.34","0.354567284035664","1,1,2,2,3,2,3,4,2,5,3,6,7,8,4,2,5,3,3,6,9,10,7,11,4,12,8,13,10,5,3,3,6,6,14,15,16,4,9,9,9,9,10,10,10,10,9,10,10,10,9,9,9,9,9,10,10,10,10,9,17,9,9,11,4,9,9,9,9,9,10,9,12,12,9,9,9,9,9,9,9,8,13,13,13,18,9,9,9,9,19,20,21,9,9,9,2,9,9,9,9,9,9,9,9,9,9,6,6,9,9,9,9,15,15,15,15,15,14,15,15,16,16,16,16,16,16,16,16","0.0068051815032959","infomap","edit-xhwikibooks.graphml"
"0.16","0.5","0.34","0.3965245812682","1,2,1,1,3,1,3,1,1,4,5,3,6,7,8,9,4,5,5,3,10,11,6,7,8,8,8,12,2,4,5,5,3,3,13,14,15,1,10,10,10,10,11,11,11,11,10,11,11,11,10,10,10,10,10,11,11,11,11,10,16,10,10,7,8,10,10,10,10,10,11,10,8,8,10,10,10,10,10,10,10,8,12,12,12,17,10,10,10,10,18,19,20,10,10,10,9,10,10,10,10,10,10,10,10,10,10,3,3,10,10,10,10,14,13,14,13,13,13,13,13,15,15,15,15,15,15,15,15","0.00684499740600586","infomap","edit-xhwikibooks.graphml"
"0.15","0.51","0.34","0.384716644214418","1,2,1,3,4,3,4,5,3,6,4,7,8,5,9,3,6,4,4,7,10,2,8,9,5,5,5,11,2,6,4,4,7,7,12,13,14,9,10,10,10,10,2,2,2,2,10,2,2,2,10,10,10,10,10,2,2,2,2,10,15,10,10,9,5,10,10,10,10,10,2,10,5,5,10,10,10,10,10,10,10,5,11,11,11,16,10,10,10,10,17,18,19,10,10,10,3,10,10,10,10,10,10,10,10,10,10,7,7,10,10,10,10,12,13,13,12,13,13,13,13,14,14,9,14,9,9,14,9","0.00665688514709473","infomap","edit-xhwikibooks.graphml"
"0.14","0.52","0.34","0.396939053976887","1,2,1,1,3,4,3,4,4,5,3,6,7,4,8,9,5,3,3,6,10,11,7,4,4,4,4,12,2,5,3,3,6,6,13,14,15,8,10,10,10,10,11,11,11,11,10,11,11,11,10,10,10,10,10,11,11,11,11,10,16,10,10,4,4,10,10,10,10,10,11,10,4,4,10,10,10,10,10,10,10,4,12,12,12,17,10,10,10,10,18,19,20,10,10,10,9,10,10,10,10,10,10,10,10,10,10,6,6,10,10,10,10,13,13,13,13,14,13,14,13,15,15,15,15,15,15,15,15","0.00689196586608887","infomap","edit-xhwikibooks.graphml"
"0.13","0.53","0.34","0.386754809944502","1,2,1,1,3,4,3,2,5,6,3,7,8,5,9,4,6,3,3,7,10,11,8,2,12,12,5,13,2,6,3,3,7,7,14,15,9,5,10,10,10,10,11,11,11,11,10,11,11,11,10,10,10,10,10,11,11,11,11,10,16,10,10,2,12,10,10,10,10,10,11,10,12,12,10,10,10,10,10,10,10,5,13,13,13,17,10,10,10,10,18,19,20,10,10,10,4,10,10,10,10,10,10,10,10,10,10,7,7,10,10,10,10,15,15,14,14,15,14,15,14,9,9,9,9,9,9,9,9","0.00676584243774414","infomap","edit-xhwikibooks.graphml"
"0.12","0.54","0.34","0.394100378067236","1,2,1,3,4,3,4,5,5,6,4,7,8,9,5,3,6,4,4,7,10,11,8,9,9,5,9,12,2,6,4,4,7,7,13,14,15,9,10,10,10,10,11,11,11,11,10,11,11,11,10,10,10,10,10,11,11,11,11,10,16,10,10,9,9,10,10,10,10,10,11,10,5,5,10,10,10,10,10,10,10,9,12,12,12,17,10,10,10,10,18,19,20,10,10,10,3,10,10,10,10,10,10,10,10,10,10,7,7,10,10,10,10,14,14,13,13,13,13,14,13,15,15,15,15,15,15,15,15","0.00541305541992188","infomap","edit-xhwikibooks.graphml"
"0.11","0.55","0.34","0.396425718537082","1,2,1,1,3,4,3,4,5,6,3,7,8,9,5,4,6,3,3,7,10,11,8,4,5,9,9,12,2,6,3,3,7,7,13,14,15,5,10,10,10,10,11,11,11,11,10,11,11,11,10,10,10,10,10,11,11,11,11,10,16,10,10,4,5,10,10,10,10,10,11,10,9,9,10,10,10,10,10,10,10,9,12,12,12,17,10,10,10,10,18,19,20,10,10,10,4,10,10,10,10,10,10,10,10,10,10,7,7,10,10,10,10,13,14,13,13,13,14,13,13,15,15,15,15,15,15,15,15","0.00526595115661621","infomap","edit-xhwikibooks.graphml"
"0.1","0.56","0.34","0.380182427363637","1,2,1,3,4,3,4,5,3,6,4,7,8,5,3,9,6,4,4,7,10,11,8,3,5,5,3,12,2,6,4,4,7,7,13,14,15,5,10,10,10,10,11,11,11,11,10,11,11,11,10,10,10,10,10,11,11,11,11,10,16,10,10,3,5,10,10,10,10,10,11,10,5,5,10,10,10,10,10,10,10,3,12,12,12,17,10,10,10,10,18,19,20,10,10,10,9,10,10,10,10,10,10,10,10,10,10,7,7,10,10,10,10,3,14,13,3,14,14,3,13,15,15,15,15,15,15,15,15","0.00561618804931641","infomap","edit-xhwikibooks.graphml"
"0.09","0.57","0.34","-0.0183556047018716","1,2,1,3,4,5,4,2,3,6,4,7,8,9,3,5,6,4,4,7,10,11,8,9,3,12,3,13,2,6,4,4,7,7,14,15,16,3,2,2,2,2,11,11,11,11,2,11,11,11,2,2,2,2,2,11,11,11,11,2,17,2,10,9,3,2,2,2,2,2,11,2,12,12,2,2,2,2,2,2,2,3,13,13,13,18,10,2,2,2,19,20,21,2,2,2,5,2,2,2,2,2,2,2,2,2,2,7,7,2,2,2,2,15,14,15,14,15,15,14,15,16,16,16,16,16,16,16,16","0.0067291259765625","infomap","edit-xhwikibooks.graphml"
"0.08","0.58","0.34","0.353013879934537","1,2,1,2,3,4,3,2,5,6,3,7,8,9,5,4,6,3,3,7,10,11,8,5,9,12,5,13,2,6,3,3,7,7,14,15,16,9,10,10,10,10,2,2,2,2,10,2,11,2,10,10,10,10,10,2,2,2,2,10,17,10,10,5,9,10,10,10,10,10,2,10,12,12,10,10,10,10,10,10,10,5,13,13,13,18,10,10,10,10,19,20,21,10,10,10,4,10,10,10,10,10,10,10,10,10,10,7,7,10,10,10,10,14,14,14,15,15,14,14,15,16,16,16,16,16,16,16,16","0.00539278984069824","infomap","edit-xhwikibooks.graphml"
"0.07","0.59","0.34","0.394711274790779","1,2,1,1,3,4,3,4,5,6,3,7,8,9,5,4,6,3,3,7,10,11,8,4,9,5,5,12,2,6,3,3,7,7,13,14,15,9,10,10,10,10,11,11,11,11,10,11,11,11,10,10,10,10,10,11,11,11,11,10,16,10,10,4,9,10,10,10,10,10,11,10,5,5,10,10,10,10,10,10,10,5,12,12,12,17,10,10,10,10,18,19,20,10,10,10,4,10,10,10,10,10,10,10,10,10,10,7,7,10,10,10,10,13,14,14,13,14,13,14,14,15,15,15,15,15,15,15,15","0.0069270133972168","infomap","edit-xhwikibooks.graphml"
"0.06","0.6","0.34","0.378959794838748","1,2,1,1,3,4,3,5,6,7,3,8,9,5,6,4,7,3,3,8,10,11,9,5,6,12,6,13,2,7,3,3,8,8,14,15,16,6,10,10,10,10,11,11,11,11,10,11,11,11,10,10,10,10,10,11,11,11,11,10,17,10,10,5,6,10,10,10,10,10,11,10,12,12,10,10,10,10,10,10,10,6,13,13,13,18,10,10,10,10,19,20,21,10,10,10,4,10,10,10,10,10,10,10,10,10,10,8,8,10,10,10,10,14,14,15,15,15,14,15,14,6,6,6,6,16,6,6,6","0.0053560733795166","infomap","edit-xhwikibooks.graphml"
"0.05","0.61","0.34","0.391651277316097","1,2,1,1,3,4,3,2,4,5,6,3,7,8,2,4,5,6,6,3,9,10,7,8,11,11,11,12,2,5,6,6,3,3,13,14,15,8,9,9,9,9,10,10,10,10,9,10,10,10,9,9,9,9,9,10,10,10,10,9,16,9,9,8,11,9,9,9,9,9,10,9,11,11,9,9,9,9,9,9,9,11,12,12,12,17,9,9,9,9,18,19,20,9,9,9,4,9,9,9,9,9,9,9,9,9,9,3,3,9,9,9,9,13,13,14,14,13,14,13,14,15,15,15,15,15,15,15,15","0.00588393211364746","infomap","edit-xhwikibooks.graphml"
"0.04","0.62","0.34","0.399861047207848","1,2,1,1,3,4,3,5,4,6,3,7,8,5,9,4,6,3,3,7,10,11,8,5,9,12,9,13,2,6,3,3,7,7,14,15,16,5,10,10,10,10,11,11,11,11,10,11,11,11,10,10,10,10,10,11,11,11,11,10,17,10,10,5,9,10,10,10,10,10,11,10,12,12,10,10,10,10,10,10,10,9,13,13,13,18,10,10,10,10,19,20,21,10,10,10,4,10,10,10,10,10,10,10,10,10,10,7,7,10,10,10,10,14,14,14,15,15,14,14,14,16,16,16,16,16,16,16,16","0.00537109375","infomap","edit-xhwikibooks.graphml"
"0.03","0.63","0.34","0.397144454225082","1,2,1,1,3,4,3,2,1,5,3,6,7,8,9,4,5,3,3,6,10,11,7,2,8,12,8,13,2,5,3,3,6,6,14,15,9,8,10,10,10,10,11,11,11,11,10,11,11,11,10,10,10,10,10,11,11,11,11,10,16,10,10,2,8,10,10,10,10,10,11,10,12,12,10,10,10,10,10,10,10,8,13,13,13,17,10,10,10,10,18,19,20,10,10,10,4,10,10,10,10,10,10,10,10,10,10,6,6,10,10,10,10,14,14,14,15,14,14,15,15,9,9,9,9,9,9,9,9","0.0052330493927002","infomap","edit-xhwikibooks.graphml"
"0.02","0.64","0.34","0.399326311721532","1,2,1,1,3,4,3,5,4,6,3,7,8,5,9,4,6,3,3,7,10,11,8,9,5,5,9,12,2,6,3,3,7,7,13,14,15,5,10,10,10,10,11,11,11,11,10,11,11,11,10,10,10,10,10,11,11,11,11,10,16,10,10,9,5,10,10,10,10,10,11,10,5,5,10,10,10,10,10,10,10,9,12,12,12,17,10,10,10,10,18,19,20,10,10,10,4,10,10,10,10,10,10,10,10,10,10,7,7,10,10,10,10,14,14,13,13,14,13,13,13,15,15,15,15,15,15,15,15","0.00664591789245605","infomap","edit-xhwikibooks.graphml"
"0.01","0.65","0.34","0.39401346703928","1,2,1,3,4,5,4,5,3,6,4,7,8,9,3,10,6,4,4,7,11,12,8,3,9,9,9,13,2,6,4,4,7,7,14,15,16,5,11,11,11,11,12,12,12,12,11,12,12,12,11,11,11,11,11,12,12,12,12,11,17,11,11,3,9,11,11,11,11,11,12,11,9,9,11,11,11,11,11,11,11,9,13,13,13,18,11,11,11,11,19,20,21,11,11,11,10,11,11,11,11,11,11,11,11,11,11,7,7,11,11,11,11,15,15,15,15,14,15,15,14,16,16,16,16,16,16,16,16","0.00933384895324707","infomap","edit-xhwikibooks.graphml"
"0","0.66","0.34","0.398341398865784","1,2,1,1,3,4,3,5,4,6,3,7,8,4,5,9,6,3,3,7,10,11,8,4,4,4,5,12,2,6,3,3,7,7,13,14,15,5,10,10,10,10,11,11,11,11,10,11,11,11,10,10,10,10,10,11,11,11,11,10,16,10,10,4,4,10,10,10,10,10,11,10,4,4,10,10,10,10,10,10,10,5,12,12,12,17,10,10,10,10,18,19,20,10,10,10,9,10,10,10,10,10,10,10,10,10,10,7,7,10,10,10,10,13,14,13,13,13,13,14,14,15,15,15,15,15,15,15,15","0.00580406188964844","infomap","edit-xhwikibooks.graphml"
"0.65","0","0.35","0.332600695771079","1,1,2,3,2,3,4,5,6,7,4,8,5,9,6,3,7,10,11,8,1,12,13,9,6,14,9,15,16,7,10,17,18,1,19,11,20,6,1,1,1,1,12,12,12,12,1,12,12,12,1,1,1,1,1,12,12,12,12,1,13,1,1,9,6,1,1,1,1,1,12,1,14,14,1,1,1,1,1,1,1,9,15,15,15,16,1,1,1,1,7,10,17,1,1,1,3,1,1,1,1,1,1,1,1,1,1,18,18,1,1,1,1,19,19,11,19,11,19,11,19,20,20,20,20,20,20,20,20","0.00577902793884277","infomap","edit-xhwikibooks.graphml"
"0.64","0.01","0.35","0.345633332663034","1,1,1,2,1,2,3,4,5,6,3,7,8,4,5,2,6,9,10,7,11,12,13,8,5,14,5,15,16,6,9,17,18,11,10,19,20,4,11,11,11,11,12,12,12,12,11,12,12,12,11,11,11,11,11,12,12,12,12,11,13,11,11,8,5,11,11,11,11,11,12,11,14,14,11,11,11,11,11,11,11,5,15,15,15,16,11,11,11,11,6,9,17,11,11,11,2,11,11,11,11,11,11,11,11,11,11,18,18,11,11,11,11,19,10,10,10,10,19,19,19,20,20,20,20,20,20,20,20","0.00682687759399414","infomap","edit-xhwikibooks.graphml"
"0.63","0.02","0.35","0.340500713869171","1,1,2,3,2,3,4,5,3,6,7,4,5,8,8,9,6,10,7,4,11,12,13,8,8,14,15,9,16,6,10,17,18,11,19,20,21,14,11,11,11,11,12,12,12,12,11,12,12,12,11,11,11,11,11,12,12,12,12,11,13,11,11,8,8,11,11,11,11,11,12,11,14,14,11,11,11,11,11,11,11,15,9,9,9,16,11,11,11,11,6,10,17,11,11,11,9,11,11,11,11,11,11,11,11,11,11,18,18,11,11,11,11,20,19,19,19,20,19,19,20,21,21,21,21,21,21,21,21","0.00575399398803711","infomap","edit-xhwikibooks.graphml"
"0.62","0.03","0.35","0.340780003468609","1,1,2,2,2,3,4,3,5,6,4,4,3,7,5,8,6,9,10,11,11,12,13,7,5,14,7,15,16,6,9,17,18,11,10,19,20,7,11,11,11,11,12,12,12,12,11,12,12,12,11,11,11,11,11,12,12,12,12,11,13,11,11,7,5,11,11,11,11,11,12,11,14,14,11,11,11,11,11,11,11,7,15,15,15,16,11,11,11,11,6,9,17,11,11,11,8,11,11,11,11,11,11,11,11,11,11,18,18,11,11,11,11,19,19,10,19,19,10,10,19,20,20,20,20,20,20,20,20","0.00714397430419922","infomap","edit-xhwikibooks.graphml"
"0.61","0.04","0.35","0.0141590710550995","1,2,1,3,4,3,4,3,5,6,7,4,5,8,9,10,6,11,7,12,13,2,14,5,8,15,8,10,16,6,11,17,18,12,19,20,21,9,12,12,12,12,2,2,2,2,13,2,2,2,12,12,12,12,13,2,2,2,2,13,14,12,12,5,8,13,12,12,12,12,2,12,15,15,12,12,12,12,12,13,12,8,10,10,10,16,12,12,13,12,6,11,17,12,12,12,10,13,12,12,12,13,12,12,12,12,13,18,18,12,12,12,12,19,19,20,20,20,19,19,20,21,21,21,21,21,21,21,21","0.00553321838378906","infomap","edit-xhwikibooks.graphml"
"0.6","0.05","0.35","0.343759943383327","1,1,2,2,2,3,4,5,3,6,4,4,5,7,8,9,6,10,11,4,12,13,14,7,8,15,7,9,16,6,10,17,18,4,19,11,20,20,12,12,12,12,13,13,13,13,12,13,13,13,12,12,12,12,12,13,13,13,13,12,14,12,12,7,8,12,12,12,12,12,13,12,15,15,12,12,12,12,12,12,12,7,9,9,9,16,12,12,12,12,6,10,17,12,12,12,9,12,12,12,12,12,12,12,12,12,12,18,18,12,12,12,12,19,19,19,11,19,19,11,11,20,20,20,20,20,20,20,20","0.00725221633911133","infomap","edit-xhwikibooks.graphml"
"0.59","0.06","0.35","0.338247127877568","1,1,2,2,2,3,2,3,4,5,6,2,7,3,4,3,5,8,6,2,9,10,11,7,4,4,4,12,13,5,8,14,15,2,16,17,18,3,9,9,9,9,10,10,10,10,9,10,10,10,9,9,9,9,9,10,10,10,10,9,11,9,9,7,4,9,9,9,9,9,10,9,4,4,9,9,9,9,9,9,9,4,12,12,12,13,9,9,9,9,5,8,14,9,9,9,19,9,9,9,9,9,9,9,9,9,9,15,15,9,9,9,9,17,16,17,17,16,16,17,17,18,18,18,18,18,18,18,18","0.00828790664672852","infomap","edit-xhwikibooks.graphml"
"0.58","0.07","0.35","0.336894576375761","1,1,2,2,2,3,2,3,3,4,5,2,6,3,7,3,4,8,5,2,9,10,11,6,3,12,7,13,14,4,8,15,16,2,5,17,18,3,9,9,9,9,10,10,10,10,9,10,10,10,9,9,9,9,9,10,10,10,10,9,11,9,9,6,3,9,9,9,9,9,10,9,12,12,9,9,9,9,9,9,9,7,13,13,13,14,9,9,9,9,4,8,15,9,9,9,19,9,9,9,9,9,9,9,9,9,9,16,16,9,9,9,9,5,5,17,5,5,17,17,17,18,18,18,18,18,18,18,18","0.0113110542297363","infomap","edit-xhwikibooks.graphml"
"0.57","0.08","0.35","0.331477651972728","1,1,2,2,2,3,2,3,4,5,6,2,7,8,4,3,5,9,6,2,10,11,12,7,8,13,8,14,15,5,9,16,17,2,18,19,20,8,10,10,10,10,11,11,11,11,10,11,11,11,10,10,10,10,10,11,11,11,11,10,12,10,10,7,8,10,10,10,10,10,11,10,13,13,10,10,10,10,10,10,10,8,14,14,14,15,10,10,10,10,5,9,16,10,10,10,3,10,10,10,10,10,10,10,10,10,10,17,17,10,10,10,10,18,19,19,19,18,19,19,19,20,20,20,20,20,20,20,20","0.00721907615661621","infomap","edit-xhwikibooks.graphml"
"0.56","0.09","0.35","0.323731479452861","1,2,1,3,4,3,4,5,6,7,8,4,5,9,10,11,7,12,8,4,2,13,14,5,9,15,10,16,17,7,12,18,19,4,20,21,6,10,2,2,2,2,13,13,13,13,2,13,13,13,2,2,2,2,2,13,13,13,13,2,14,2,2,5,9,2,2,2,2,2,13,2,15,15,2,2,2,2,2,2,2,10,16,16,16,17,2,2,2,2,7,12,18,2,2,2,11,2,2,2,2,2,2,2,2,2,2,19,19,2,2,2,2,20,20,21,21,21,20,21,21,6,6,6,6,6,6,6,6","0.00701212882995605","infomap","edit-xhwikibooks.graphml"
"0.55","0.1","0.35","0.334910025538817","1,1,2,2,2,3,2,4,3,5,6,2,7,4,8,3,5,9,6,2,10,11,12,7,4,13,8,14,15,5,9,16,17,2,18,19,20,8,10,10,10,10,11,11,11,11,10,11,11,11,10,10,10,10,10,11,11,11,11,10,12,10,10,7,4,10,10,10,10,10,11,10,13,13,10,10,10,10,10,10,10,8,14,14,14,15,10,10,10,10,5,9,16,10,10,10,3,10,10,10,10,10,10,10,10,10,10,17,17,10,10,10,10,18,18,18,19,19,18,19,18,20,20,20,20,20,20,20,20","0.00713801383972168","infomap","edit-xhwikibooks.graphml"
"0.54","0.11","0.35","0.337020108039277","1,1,2,2,2,3,2,4,4,5,6,2,7,4,8,3,5,9,6,2,10,1,7,8,8,4,4,11,12,5,9,13,14,2,15,16,17,4,10,10,10,10,1,1,1,1,10,1,1,1,10,10,10,10,10,1,1,1,1,10,7,10,10,8,8,10,10,10,10,10,1,10,4,4,10,10,10,10,10,10,10,4,11,11,11,12,10,10,10,10,5,9,13,10,10,10,3,10,10,10,10,10,10,10,10,10,10,14,14,10,10,10,10,15,15,15,16,15,16,16,16,17,17,17,17,17,17,17,17","0.00705695152282715","infomap","edit-xhwikibooks.graphml"
"0.53","0.12","0.35","0.332591584943543","1,1,2,2,2,3,2,4,5,6,7,2,8,4,5,3,6,9,7,2,10,11,8,12,5,13,5,14,15,6,9,16,17,2,18,19,4,4,10,10,10,10,11,11,11,11,10,11,11,11,10,10,10,10,10,11,11,11,11,10,8,10,10,12,5,10,10,10,10,10,11,10,13,13,10,10,10,10,10,10,10,5,14,14,14,15,10,10,10,10,6,9,16,10,10,10,3,10,10,10,10,10,10,10,10,10,10,17,17,10,10,10,10,19,19,19,19,19,18,19,18,4,4,4,4,4,4,4,4","0.00826787948608398","infomap","edit-xhwikibooks.graphml"
"0.52","0.13","0.35","0.335033038355772","1,2,1,2,3,2,3,2,4,5,6,3,7,8,4,9,5,10,6,3,11,12,7,8,8,13,8,14,15,5,10,16,17,3,18,19,20,4,11,11,11,11,12,12,12,12,11,12,12,12,11,11,11,11,11,12,12,12,12,11,7,11,11,8,8,11,11,11,11,11,12,11,13,13,11,11,11,11,11,11,11,8,14,14,14,15,11,11,11,11,5,10,16,11,11,11,9,11,11,11,11,11,11,11,11,11,11,17,17,11,11,11,11,19,19,19,18,19,18,19,18,20,20,20,20,20,20,20,20","0.00569486618041992","infomap","edit-xhwikibooks.graphml"
"0.51","0.14","0.35","0.332222823182891","1,1,2,2,2,3,2,1,4,5,6,2,7,8,9,3,5,10,6,2,11,12,7,8,9,13,8,14,15,5,10,16,17,2,18,4,19,4,11,11,11,11,12,12,12,12,11,12,12,12,11,11,11,11,11,12,12,12,12,11,7,11,11,8,9,11,11,11,11,11,12,11,13,13,11,11,11,11,11,11,11,8,14,14,14,15,11,11,11,11,5,10,16,11,11,11,3,11,11,11,11,11,11,11,11,11,11,17,17,11,11,11,11,4,18,4,18,18,18,4,18,19,19,19,19,19,19,19,19","0.00835680961608887","infomap","edit-xhwikibooks.graphml"
"0.5","0.15","0.35","0.33530702305154","1,1,2,2,2,3,2,4,3,5,6,2,7,4,8,3,5,9,6,2,10,11,12,7,4,13,8,14,15,5,9,16,17,2,18,19,20,4,10,10,10,10,11,11,11,11,10,11,11,11,10,10,10,10,10,11,11,11,11,10,12,10,10,7,4,10,10,10,10,10,11,10,13,13,10,10,10,10,10,10,10,8,14,14,14,15,10,10,10,10,5,9,16,10,10,10,3,10,10,10,10,10,10,10,10,10,10,17,17,10,10,10,10,19,19,18,18,19,19,19,18,20,20,20,20,20,20,20,20","0.00698709487915039","infomap","edit-xhwikibooks.graphml"
"0.49","0.16","0.35","0.339552272058889","1,1,2,2,3,2,3,2,4,5,6,3,2,7,4,8,5,9,6,3,10,11,12,7,4,13,4,14,15,5,9,16,17,3,18,19,20,7,10,10,10,10,11,11,11,11,10,11,11,11,10,10,10,10,10,11,11,11,11,10,12,10,10,7,4,10,10,10,10,10,11,10,13,13,10,10,10,10,10,10,10,4,14,14,14,15,10,10,10,10,5,9,16,10,10,10,8,10,10,10,10,10,10,10,10,10,10,17,17,10,10,10,10,19,19,18,18,18,18,18,19,20,20,20,20,20,20,20,20","0.00923609733581543","infomap","edit-xhwikibooks.graphml"
"0.48","0.17","0.35","0.336817033684246","1,2,1,3,4,3,4,2,3,5,6,4,7,8,9,3,5,10,6,4,11,12,7,8,8,13,9,14,15,5,10,16,17,4,18,19,20,8,11,11,11,11,12,12,12,12,11,12,12,12,11,11,11,11,11,12,12,12,12,11,7,11,11,8,8,11,11,11,11,11,12,11,13,13,11,11,11,11,11,11,11,9,14,14,14,15,11,11,11,11,5,10,16,11,11,11,3,11,11,11,11,11,11,11,11,11,11,17,17,11,11,11,11,18,19,18,19,18,18,18,18,20,20,20,20,20,20,20,20","0.00708699226379395","infomap","edit-xhwikibooks.graphml"
"0.47","0.18","0.35","0.335460848632796","1,1,2,2,2,1,3,1,4,5,3,6,7,8,4,9,5,10,11,6,12,13,14,7,8,15,4,16,17,5,10,18,19,6,20,11,21,1,12,12,12,12,13,13,13,13,12,13,13,13,12,12,12,12,12,13,13,13,13,12,14,12,12,7,8,12,12,12,12,12,13,12,15,15,12,12,12,12,12,12,12,4,16,16,16,17,12,12,12,12,5,10,18,12,12,12,9,12,12,12,12,12,12,12,12,12,12,19,19,12,12,12,12,11,11,11,20,11,20,20,20,21,21,21,21,21,21,21,21","0.00696706771850586","infomap","edit-xhwikibooks.graphml"
"0.46","0.19","0.35","0.33740640582242","1,1,2,2,2,3,2,4,3,5,6,2,7,4,8,3,5,9,6,2,10,11,7,8,8,12,8,13,14,5,9,15,16,2,17,18,19,8,10,10,10,10,11,11,11,11,10,11,11,11,10,10,10,10,10,11,11,11,11,10,7,10,10,8,8,10,10,10,10,10,11,10,12,12,10,10,10,10,10,10,10,8,13,13,13,14,10,10,10,10,5,9,15,10,10,10,3,10,10,10,10,10,10,10,10,10,10,16,16,10,10,10,10,18,18,17,18,17,17,17,18,19,19,19,19,19,19,19,19","0.00817489624023438","infomap","edit-xhwikibooks.graphml"
"0.45","0.2","0.35","0.339379311673797","1,1,2,2,2,3,2,1,4,5,6,2,7,8,4,3,5,9,6,2,10,11,12,7,4,13,8,14,15,5,9,16,17,2,18,19,20,8,10,10,10,10,11,11,11,11,10,11,11,11,10,10,10,10,10,11,11,11,11,10,12,10,10,7,4,10,10,10,10,10,11,10,13,13,10,10,10,10,10,10,10,8,14,14,14,15,10,10,10,10,5,9,16,10,10,10,3,10,10,10,10,10,10,10,10,10,10,17,17,10,10,10,10,18,18,18,18,18,18,18,19,20,20,20,20,20,20,20,20","0.00830698013305664","infomap","edit-xhwikibooks.graphml"
"0.44","0.21","0.35","0.319027640916918","1,1,2,2,2,3,2,4,3,5,6,2,7,4,8,3,5,9,6,2,10,11,12,7,4,13,8,14,15,5,9,16,17,2,18,19,20,19,10,10,10,10,11,11,11,11,10,11,11,11,10,10,10,10,10,11,11,11,11,10,12,10,10,7,4,10,10,10,10,10,11,10,13,13,10,10,10,10,10,10,10,8,14,14,14,15,10,10,10,10,5,9,16,10,10,10,3,10,10,10,10,10,10,10,10,10,10,17,17,10,10,10,10,18,19,18,19,19,19,19,19,20,20,20,20,20,20,20,20","0.00678610801696777","infomap","edit-xhwikibooks.graphml"
"0.43","0.22","0.35","0.31280277131746","1,2,1,3,4,3,4,3,5,6,7,4,8,9,10,3,6,11,7,4,2,12,13,8,10,14,9,15,16,6,11,17,18,4,19,20,5,9,2,2,2,2,12,12,12,12,2,12,12,12,2,2,2,2,2,12,12,12,12,2,13,2,2,8,10,2,2,2,2,2,12,2,14,14,2,2,2,2,2,2,2,9,15,15,15,16,2,2,2,2,6,11,17,2,2,2,3,2,2,2,2,2,2,2,2,2,2,18,18,2,2,2,2,20,20,19,20,20,19,19,20,5,5,5,5,5,5,5,5","0.00551700592041016","infomap","edit-xhwikibooks.graphml"
"0.42","0.23","0.35","0.322155971159515","1,1,2,2,2,3,2,4,3,5,6,2,7,4,8,9,5,10,6,2,11,12,13,7,8,14,8,15,16,5,10,17,18,2,19,20,21,4,11,11,11,11,12,12,12,12,11,12,12,12,11,11,11,11,11,12,12,12,12,11,13,11,11,7,8,11,11,11,11,11,12,11,14,14,11,11,11,11,11,11,11,8,15,15,15,16,11,11,11,11,5,10,17,11,11,11,9,11,11,11,11,11,11,11,11,11,11,18,18,11,11,11,11,20,20,19,20,19,20,20,20,21,21,21,21,21,21,21,21","0.00538396835327148","infomap","edit-xhwikibooks.graphml"
"0.41","0.24","0.35","0.33026880452142","1,1,2,2,2,3,2,3,4,5,6,2,7,8,4,3,5,9,6,2,10,11,7,8,4,12,8,13,14,5,9,15,16,2,17,18,19,4,10,10,10,10,11,11,11,11,10,11,11,11,10,10,10,10,10,11,11,11,11,10,7,10,10,8,4,10,10,10,10,10,11,10,12,12,10,10,10,10,10,10,10,8,13,13,13,14,10,10,10,10,5,9,15,10,10,10,3,10,10,10,10,10,10,10,10,10,10,16,16,10,10,10,10,18,18,18,17,17,17,17,17,19,19,19,19,19,19,19,19","0.00949311256408691","infomap","edit-xhwikibooks.graphml"
"0.4","0.25","0.35","0.320966845621482","1,2,1,3,4,3,4,2,5,6,7,4,8,9,5,3,6,10,7,4,11,12,13,8,5,14,9,15,16,6,10,17,18,4,19,20,21,9,11,11,11,11,12,12,12,12,11,12,12,12,11,11,11,11,11,12,12,12,12,11,13,11,11,8,5,11,11,11,11,11,12,11,14,14,11,11,11,11,11,11,11,9,15,15,15,16,11,11,11,11,6,10,17,11,11,11,3,11,11,11,11,11,11,11,11,11,11,18,18,11,11,11,11,20,19,19,19,19,20,20,20,5,21,5,5,21,21,21,21","0.00547409057617188","infomap","edit-xhwikibooks.graphml"
"0.39","0.26","0.35","0.328244178256296","1,2,1,1,3,4,3,5,6,7,8,3,9,10,5,4,7,11,8,3,12,2,13,9,5,14,10,15,16,7,11,17,18,3,19,6,20,6,12,12,12,12,2,2,2,2,12,2,2,2,12,12,12,12,12,2,2,2,2,12,13,12,12,9,5,12,12,12,12,12,2,12,14,14,12,12,12,12,12,12,12,10,15,15,15,16,12,12,12,12,7,11,17,12,12,12,4,12,12,12,12,12,12,12,12,12,12,18,18,12,12,12,12,6,19,19,6,19,19,19,19,20,20,20,20,20,20,20,20","0.00552892684936523","infomap","edit-xhwikibooks.graphml"
"0.38","0.27","0.35","0.332169678215903","1,2,1,1,3,4,3,4,5,6,7,3,8,9,5,10,6,11,7,3,12,2,13,8,9,14,5,15,16,6,11,17,18,3,19,20,21,5,12,12,12,12,2,2,2,2,12,2,2,2,12,12,12,12,12,2,2,2,2,12,13,12,12,8,9,12,12,12,12,12,2,12,14,14,12,12,12,12,12,12,12,5,15,15,15,16,12,12,12,12,6,11,17,12,12,12,10,12,12,12,12,12,12,12,12,12,12,18,18,12,12,12,12,19,19,20,19,19,20,20,19,21,21,21,21,21,21,21,21","0.00699806213378906","infomap","edit-xhwikibooks.graphml"
"0.37","0.28","0.35","0.332687526880319","1,2,1,1,3,4,3,4,5,6,7,3,8,9,5,4,6,10,7,3,11,2,8,5,5,12,9,13,14,6,10,15,16,3,17,18,19,5,11,11,11,11,2,2,2,2,11,2,2,2,11,11,11,11,11,2,2,2,2,11,8,11,11,5,5,11,11,11,11,11,2,11,12,12,11,11,11,11,11,11,11,9,13,13,13,14,11,11,11,11,6,10,15,11,11,11,4,11,11,11,11,11,11,11,11,11,11,16,16,11,11,11,11,18,18,17,17,18,17,17,18,19,19,19,19,19,19,19,19","0.00833988189697266","infomap","edit-xhwikibooks.graphml"
"0.36","0.29","0.35","0.330980439899359","1,1,2,2,2,3,2,4,3,5,6,2,4,7,8,3,5,9,6,2,10,11,12,4,7,13,8,14,15,5,9,16,17,2,18,19,20,7,10,10,10,10,11,11,11,11,10,11,11,11,10,10,10,10,10,11,11,11,11,10,12,10,10,4,7,10,10,10,10,10,11,10,13,13,10,10,10,10,10,10,10,8,14,14,14,15,10,10,10,10,5,9,16,10,10,10,3,10,10,10,10,10,10,10,10,10,10,17,17,10,10,10,10,18,18,18,18,19,18,19,19,20,20,20,20,20,20,20,20","0.00684976577758789","infomap","edit-xhwikibooks.graphml"
"0.35","0.3","0.35","0.335387175870814","1,2,1,1,3,4,3,5,4,6,7,3,8,5,4,9,6,10,7,3,11,2,12,8,4,13,4,14,15,6,10,16,17,3,18,19,20,4,11,11,11,11,2,2,2,2,11,2,2,2,11,11,11,11,11,2,2,2,2,11,12,11,11,8,4,11,11,11,11,11,2,11,13,13,11,11,11,11,11,11,11,4,14,14,14,15,11,11,11,11,6,10,16,11,11,11,9,11,11,11,11,11,11,11,11,11,11,17,17,11,11,11,11,18,19,19,18,19,18,19,19,20,20,20,20,20,20,20,20","0.00808405876159668","infomap","edit-xhwikibooks.graphml"
"0.34","0.31","0.35","0.33763114834162","1,2,1,1,3,1,3,4,1,5,6,3,7,4,1,8,5,9,6,3,10,2,11,7,1,12,1,13,14,5,9,15,16,3,17,18,19,4,10,10,10,10,2,2,2,2,10,2,2,2,10,10,10,10,10,2,2,2,2,10,11,10,10,7,1,10,10,10,10,10,2,10,12,12,10,10,10,10,10,10,10,1,13,13,13,14,10,10,10,10,5,9,15,10,10,10,8,10,10,10,10,10,10,10,10,10,10,16,16,10,10,10,10,17,17,18,17,17,18,18,18,19,19,19,19,19,19,19,19","0.00979113578796387","infomap","edit-xhwikibooks.graphml"
"0.33","0.32","0.35","0.331432575125141","1,1,2,2,2,3,2,4,5,6,7,2,8,5,4,3,6,9,7,2,10,11,12,8,5,13,4,14,15,6,9,16,17,2,18,19,20,4,10,10,10,10,11,11,11,11,10,11,11,11,10,10,10,10,10,11,11,11,11,10,12,10,10,8,5,10,10,10,10,10,11,10,13,13,10,10,10,10,10,10,10,4,14,14,14,15,10,10,10,10,6,9,16,10,10,10,3,10,10,10,10,10,10,10,10,10,10,17,17,10,10,10,10,18,18,19,18,19,19,18,18,20,20,20,20,20,20,20,20","0.0068199634552002","infomap","edit-xhwikibooks.graphml"
"0.32","0.33","0.35","0.333534155120754","1,2,1,3,4,5,4,2,3,6,7,4,8,9,3,5,6,10,7,4,11,12,8,9,9,13,9,14,15,6,10,16,17,4,18,19,20,3,11,11,11,11,12,12,12,12,11,12,12,12,11,11,11,11,11,12,12,12,12,11,8,11,11,9,9,11,11,11,11,11,12,11,13,13,11,11,11,11,11,11,11,9,14,14,14,15,11,11,11,11,6,10,16,11,11,11,5,11,11,11,11,11,11,11,11,11,11,17,17,11,11,11,11,19,18,19,18,19,18,18,19,20,20,20,20,20,20,20,20","0.00549483299255371","infomap","edit-xhwikibooks.graphml"
"0.31","0.34","0.35","0.350866943378495","1,1,2,2,2,3,4,5,5,6,4,7,8,5,9,3,6,10,11,7,12,1,13,8,9,14,5,15,16,6,10,17,18,7,19,11,20,9,12,12,12,12,1,1,1,1,12,1,1,1,12,12,12,12,12,1,1,1,1,12,13,12,12,8,9,12,12,12,12,12,1,12,14,14,12,12,12,12,12,12,12,5,15,15,15,16,12,12,12,12,6,10,17,12,12,12,3,12,12,12,12,12,12,12,12,12,12,18,18,12,12,12,12,11,11,19,19,19,19,19,19,20,20,20,20,20,20,20,20","0.00685477256774902","infomap","edit-xhwikibooks.graphml"
"0.3","0.35","0.35","0.351299631921059","1,2,1,1,3,4,3,5,5,6,7,3,8,5,9,4,6,10,7,3,11,2,12,8,5,13,9,14,15,6,10,16,17,3,18,7,19,9,11,11,11,11,2,2,2,2,11,2,2,2,11,11,11,11,11,2,2,2,2,11,12,11,11,8,5,11,11,11,11,11,2,11,13,13,11,11,11,11,11,11,11,9,14,14,14,15,11,11,11,11,6,10,16,11,11,11,4,11,11,11,11,11,11,11,11,11,11,17,17,11,11,11,11,18,18,18,18,18,7,7,18,19,19,19,19,19,19,19,19","0.00675082206726074","infomap","edit-xhwikibooks.graphml"
"0.29","0.36","0.35","0.344564847035514","1,1,2,2,3,2,3,4,4,5,6,3,7,8,4,2,5,9,6,3,10,11,7,8,4,12,4,13,1,5,9,6,14,3,15,16,17,4,10,10,10,10,11,11,11,11,10,11,11,11,10,10,10,10,10,11,11,11,11,10,18,10,10,8,4,10,10,10,10,10,11,10,12,12,10,10,10,10,10,10,10,4,13,13,13,19,10,10,10,10,20,21,22,10,10,10,2,10,10,10,10,10,10,10,10,10,10,14,14,10,10,10,10,16,16,16,16,15,16,16,15,17,17,17,17,17,17,17,17","0.00670599937438965","infomap","edit-xhwikibooks.graphml"
"0.28","0.37","0.35","0.343550552262209","1,2,1,1,3,4,3,4,4,5,6,3,7,4,8,9,5,10,6,3,11,12,7,8,8,13,4,14,2,5,10,6,15,3,16,17,13,4,11,11,11,11,12,12,12,12,11,12,12,12,11,11,11,11,11,12,12,12,12,11,18,11,11,8,8,11,11,11,11,11,12,11,13,13,11,11,11,11,11,11,11,4,14,14,14,19,11,11,11,11,20,21,22,11,11,11,9,11,11,11,11,11,11,11,11,11,11,15,15,11,11,11,11,17,16,16,17,16,17,16,16,13,13,13,13,13,13,13,13","0.00643396377563477","infomap","edit-xhwikibooks.graphml"
"0.27","0.38","0.35","0.344540200247376","1,2,1,1,3,4,3,4,4,5,6,3,7,4,8,9,5,10,6,3,11,12,7,8,8,13,8,14,2,5,10,6,15,3,16,17,18,8,11,11,11,11,12,12,12,12,11,12,12,12,11,11,11,11,11,12,12,12,12,11,19,11,11,8,8,11,11,11,11,11,12,11,13,13,11,11,11,11,11,11,11,8,14,14,14,20,11,11,11,11,21,22,23,11,11,11,9,11,11,11,11,11,11,11,11,11,11,15,15,11,11,11,11,16,16,16,17,16,17,17,17,18,18,18,18,18,18,18,18","0.00550007820129395","infomap","edit-xhwikibooks.graphml"
"0.26","0.39","0.35","0.343641542175947","1,2,1,3,4,3,4,5,5,6,7,4,8,5,9,3,6,7,10,4,11,12,8,9,9,13,5,14,2,6,7,10,15,4,16,10,17,5,11,11,11,11,12,12,12,12,11,12,12,12,11,11,11,11,11,12,12,12,12,11,18,11,11,9,9,11,11,11,11,11,12,11,13,13,11,11,11,11,11,11,11,5,14,14,14,19,11,11,11,11,20,21,22,11,11,11,3,11,11,11,11,11,11,11,11,11,11,15,15,11,11,11,11,10,10,16,16,10,16,16,16,17,17,17,17,17,17,17,17","0.0079190731048584","infomap","edit-xhwikibooks.graphml"
"0.25","0.4","0.35","0.370250109251298","1,2,1,1,3,4,3,4,4,5,6,3,7,8,9,10,5,11,6,3,12,13,7,8,4,14,9,15,2,5,11,6,16,3,17,17,18,9,12,12,12,12,13,13,13,13,12,13,13,13,12,12,12,12,12,13,13,13,13,12,19,12,12,8,4,12,12,12,12,12,13,12,14,14,12,12,12,12,12,12,12,9,15,15,15,20,12,12,12,12,21,22,23,12,12,12,10,12,12,12,12,12,12,12,12,12,12,16,16,12,12,12,12,17,17,17,17,17,17,17,17,18,18,18,18,18,18,18,18","0.00802493095397949","infomap","edit-xhwikibooks.graphml"
"0.24","0.41","0.35","0.244283172375635","1,2,1,1,3,1,3,4,1,5,3,6,7,8,4,9,5,3,10,6,11,12,7,8,4,13,4,14,2,5,3,10,6,6,15,10,4,4,11,11,11,11,12,12,12,12,2,12,12,12,11,11,11,11,11,12,12,12,12,11,16,2,11,8,4,11,11,11,2,11,12,2,13,13,11,11,2,11,2,11,2,4,14,14,14,17,2,11,2,2,18,19,20,11,11,11,9,11,11,2,11,11,11,2,2,2,11,6,6,2,11,2,2,10,15,15,15,15,10,10,10,4,4,4,4,4,4,4,4","0.00758504867553711","infomap","edit-xhwikibooks.graphml"
"0.23","0.42","0.35","0.343890946548872","1,2,1,1,3,4,3,5,1,6,3,7,8,5,9,4,6,3,10,7,11,12,8,5,9,13,5,14,2,6,3,10,7,7,15,10,16,5,11,11,11,11,12,12,12,12,11,12,12,12,11,11,11,11,11,12,12,12,12,11,17,11,11,5,9,11,11,11,11,11,12,11,13,13,11,11,11,11,11,11,11,5,14,14,14,18,11,11,11,11,19,20,21,11,11,11,4,11,11,11,11,11,11,11,11,11,11,7,7,11,11,11,11,15,15,10,10,10,10,15,10,16,16,16,16,16,16,16,16","0.00681710243225098","infomap","edit-xhwikibooks.graphml"
"0.22","0.43","0.35","0.338136481646955","1,2,1,1,3,4,3,4,4,5,3,6,7,8,9,4,5,3,10,6,2,11,7,8,8,12,9,13,2,5,3,10,6,6,14,10,15,8,2,2,2,2,11,11,11,11,2,11,11,11,2,2,2,2,2,11,11,11,11,2,16,2,2,8,8,2,2,2,2,2,11,2,12,12,2,2,2,2,2,2,2,9,13,13,13,17,2,2,2,2,18,19,20,2,2,2,4,2,2,2,2,2,2,2,2,2,2,6,6,2,2,2,2,10,10,10,14,10,10,10,14,15,15,15,15,15,15,15,15","0.00950098037719727","infomap","edit-xhwikibooks.graphml"
"0.21","0.44","0.35","0.34543055226061","1,2,1,3,4,3,4,3,3,5,6,4,7,8,3,9,5,6,6,4,10,11,7,3,8,12,8,13,2,5,6,6,4,4,14,15,16,8,10,10,10,10,11,11,11,11,10,11,11,11,10,10,10,10,10,11,11,11,11,10,17,10,10,3,8,10,10,10,10,10,11,10,12,12,10,10,10,10,10,10,10,8,13,13,13,18,10,10,10,10,19,20,21,10,10,10,9,10,10,10,10,10,10,10,10,10,10,4,4,10,10,10,10,15,15,15,14,14,15,15,15,16,16,16,16,16,16,16,16","0.00667500495910645","infomap","edit-xhwikibooks.graphml"
"0.2","0.45","0.35","0.351772533430382","1,2,1,3,4,5,4,2,3,6,4,7,8,9,3,5,6,4,10,7,11,12,8,3,9,13,3,14,2,6,4,10,7,7,15,10,16,3,11,11,11,11,12,12,12,12,11,12,12,12,11,11,11,11,11,12,12,12,12,11,17,11,11,3,9,11,11,11,11,11,12,11,13,13,11,11,11,11,11,11,11,3,14,14,14,18,11,11,11,11,19,20,21,11,11,11,5,11,11,11,11,11,11,11,11,11,11,7,7,11,11,11,11,15,15,15,15,15,15,15,10,16,16,16,16,16,16,16,16","0.00684595108032227","infomap","edit-xhwikibooks.graphml"
"0.19","0.46","0.35","0.359715432478923","1,2,1,1,3,2,3,2,4,5,3,6,7,8,4,9,5,3,10,6,11,12,7,4,8,13,8,14,2,5,3,10,6,6,10,15,16,4,11,11,11,11,12,12,12,12,11,12,12,12,11,11,11,11,11,12,12,12,12,11,17,11,11,4,8,11,11,11,11,11,12,11,13,13,11,11,11,11,11,11,11,8,14,14,14,18,11,11,11,11,19,20,21,11,11,11,9,11,11,11,11,11,11,11,11,11,11,6,6,11,11,11,11,15,15,10,15,10,10,15,10,16,16,16,16,16,16,16,16","0.00783205032348633","infomap","edit-xhwikibooks.graphml"
"0.18","0.47","0.35","0.362770858982055","1,2,1,1,3,4,3,4,4,5,3,6,7,8,9,4,5,3,10,6,11,12,7,9,8,13,9,14,2,5,3,10,6,6,10,15,16,9,11,11,11,11,12,12,12,12,11,12,12,12,11,11,11,11,11,12,12,12,12,11,17,11,11,9,8,11,11,11,11,11,12,11,13,13,11,11,11,11,11,11,11,9,14,14,14,18,11,11,11,11,19,20,21,11,11,11,4,11,11,11,11,11,11,11,11,11,11,6,6,11,11,11,11,15,10,10,10,15,15,10,10,16,16,16,16,16,16,16,16","0.00664591789245605","infomap","edit-xhwikibooks.graphml"
"0.17","0.48","0.35","0.358789033903225","1,2,1,1,3,4,3,5,5,6,3,7,8,5,9,4,6,3,10,7,11,12,8,5,9,13,9,14,2,6,3,10,7,7,15,10,16,16,11,11,11,11,12,12,12,12,11,12,12,12,11,11,11,11,11,12,12,12,12,11,17,11,11,5,9,11,11,11,11,11,12,11,13,13,11,11,11,11,11,11,11,9,14,14,14,18,11,11,11,11,19,20,21,11,11,11,4,11,11,11,11,11,11,11,11,11,11,7,7,11,11,11,11,10,15,10,15,15,10,10,10,16,16,16,16,16,16,16,16","0.00656700134277344","infomap","edit-xhwikibooks.graphml"
"0.16","0.49","0.35","0.362353362351246","1,2,1,1,3,4,3,4,5,6,3,7,8,9,5,4,6,3,10,7,11,12,8,5,5,13,9,14,2,6,3,10,7,7,15,10,16,5,11,11,11,11,12,12,12,12,11,12,12,12,11,11,11,11,11,12,12,12,12,11,17,11,11,5,5,11,11,11,11,11,12,11,13,13,11,11,11,11,11,11,11,9,14,14,14,18,11,11,11,11,19,20,21,11,11,11,4,11,11,11,11,11,11,11,11,11,11,7,7,11,11,11,11,15,15,15,15,15,10,15,15,16,16,16,16,16,16,16,16","0.00675010681152344","infomap","edit-xhwikibooks.graphml"
"0.15","0.5","0.35","0.378985409981396","1,2,1,3,4,3,4,5,5,6,4,7,8,5,9,3,6,4,10,7,11,12,8,8,9,13,9,14,2,6,4,10,7,7,10,15,16,5,11,11,11,11,12,12,12,12,11,12,12,12,11,11,11,11,11,12,12,12,12,11,17,11,11,8,9,11,11,11,11,11,12,11,13,13,11,11,11,11,11,11,11,9,14,14,14,18,11,11,11,11,19,20,21,11,11,11,3,11,11,11,11,11,11,11,11,11,11,7,7,11,11,11,11,15,9,9,15,9,9,15,15,16,16,16,16,16,16,16,16","0.00774812698364258","infomap","edit-xhwikibooks.graphml"
"0.14","0.51","0.35","0.385878455188559","1,2,1,1,3,4,3,5,6,7,3,8,9,5,6,4,7,3,3,8,10,11,9,6,6,12,6,13,2,7,3,3,8,8,14,15,16,5,10,10,10,10,11,11,11,11,10,11,11,11,10,10,10,10,10,11,11,11,11,10,17,10,10,6,6,10,10,10,10,10,11,10,12,12,10,10,10,10,10,10,10,6,13,13,13,18,10,10,10,10,19,20,21,10,10,10,4,10,10,10,10,10,10,10,10,10,10,8,8,10,10,10,10,15,15,15,15,15,14,14,15,16,16,16,16,16,16,16,16","0.00579118728637695","infomap","edit-xhwikibooks.graphml"
"0.13","0.52","0.35","0.388682381941268","1,2,1,1,3,4,3,4,4,5,3,6,7,8,9,4,5,3,3,6,10,11,7,8,8,12,9,13,2,5,3,3,6,6,14,15,16,8,10,10,10,10,11,11,11,11,10,11,11,11,10,10,10,10,10,11,11,11,11,10,17,10,10,8,8,10,10,10,10,10,11,10,12,12,10,10,10,10,10,10,10,9,13,13,13,18,10,10,10,10,19,20,21,10,10,10,4,10,10,10,10,10,10,10,10,10,10,6,6,10,10,10,10,14,14,14,14,15,15,14,14,16,16,16,16,16,16,16,16","0.00630307197570801","infomap","edit-xhwikibooks.graphml"
"0.12","0.53","0.35","0.380178101114715","1,1,2,2,3,2,3,4,2,5,3,6,7,8,4,9,5,3,3,6,10,11,7,8,2,4,2,12,1,5,3,3,6,6,13,14,15,4,10,10,10,10,11,11,11,11,10,11,11,11,10,10,10,10,10,11,11,11,11,10,16,10,10,8,2,10,10,10,10,10,11,10,4,4,10,10,10,10,10,10,10,2,12,12,12,17,10,10,10,10,18,19,20,10,10,10,9,10,10,10,10,10,10,10,10,10,10,6,6,10,10,10,10,14,14,14,13,13,14,14,13,15,15,15,15,15,4,4,15","0.00528693199157715","infomap","edit-xhwikibooks.graphml"
"0.11","0.54","0.35","0.392611657031552","1,2,1,3,4,3,4,2,3,5,4,6,7,8,9,3,5,4,4,6,10,11,7,2,9,12,8,13,2,5,4,4,6,6,14,15,9,8,10,10,10,10,11,11,11,11,10,11,11,11,10,10,10,10,10,11,11,11,11,10,16,10,10,2,9,10,10,10,10,10,11,10,12,12,10,10,10,10,10,10,10,8,13,13,13,17,10,10,10,10,18,19,20,10,10,10,3,10,10,10,10,10,10,10,10,10,10,6,6,10,10,10,10,14,15,14,14,14,15,15,14,9,9,9,9,9,9,9,9","0.00770998001098633","infomap","edit-xhwikibooks.graphml"
"0.1","0.55","0.35","0.394698185629991","1,2,1,1,3,4,3,2,4,5,3,6,7,8,9,4,5,3,3,6,10,11,7,8,9,9,9,12,2,5,3,3,6,6,13,14,15,8,10,10,10,10,11,11,11,11,10,11,11,11,10,10,10,10,10,11,11,11,11,10,16,10,10,8,9,10,10,10,10,10,11,10,9,9,10,10,10,10,10,10,10,9,12,12,12,17,10,10,10,10,18,19,20,10,10,10,4,10,10,10,10,10,10,10,10,10,10,6,6,10,10,10,10,14,14,14,14,14,13,14,14,15,15,15,15,15,15,15,15","0.00521993637084961","infomap","edit-xhwikibooks.graphml"
"0.09","0.56","0.35","0.401085319133108","1,1,1,1,2,1,2,1,3,4,2,5,6,7,3,8,4,2,2,5,9,10,6,7,3,3,3,11,1,4,2,2,5,5,12,13,14,3,9,9,9,9,10,10,10,10,9,10,10,10,9,9,9,9,9,10,10,10,10,9,15,9,9,7,3,9,9,9,9,9,10,9,3,3,9,9,9,9,9,9,9,3,11,11,11,16,9,9,9,9,17,18,19,9,9,9,8,9,9,9,9,9,9,9,9,9,9,5,5,9,9,9,9,12,12,12,13,13,13,13,12,14,14,14,14,14,14,14,14","0.00786900520324707","infomap","edit-xhwikibooks.graphml"
"0.08","0.57","0.35","0.39087532266012","1,2,1,3,4,3,4,2,3,5,4,6,7,8,9,3,5,4,4,6,10,11,7,8,9,12,9,13,2,5,4,4,6,6,14,15,16,8,10,10,10,10,11,11,11,11,10,11,11,11,10,10,10,10,10,11,11,11,11,10,17,10,10,8,9,10,10,10,10,10,11,10,12,12,10,10,10,10,10,10,10,9,13,13,13,18,10,10,10,10,19,20,21,10,10,10,3,10,10,10,10,10,10,10,10,10,10,6,6,10,10,10,10,14,15,15,15,15,14,15,14,16,16,16,16,16,16,16,16","0.00526094436645508","infomap","edit-xhwikibooks.graphml"
"0.07","0.58","0.35","0.392696950099474","1,2,1,1,3,4,3,2,4,5,3,6,7,8,9,4,5,3,3,6,10,11,7,8,9,12,8,13,2,5,3,3,6,6,14,15,16,9,10,10,10,10,11,11,11,11,10,11,11,11,10,10,10,10,10,11,11,11,11,10,17,10,10,8,9,10,10,10,10,10,11,10,12,12,10,10,10,10,10,10,10,8,13,13,13,18,10,10,10,10,19,20,21,10,10,10,4,10,10,10,10,10,10,10,10,10,10,6,6,10,10,10,10,14,15,14,14,15,15,15,15,16,16,16,16,16,16,16,16","0.00536799430847168","infomap","edit-xhwikibooks.graphml"
"0.06","0.59","0.35","0.397167590027701","1,2,1,3,4,3,4,3,5,6,7,4,8,3,5,9,6,7,7,4,10,11,8,3,5,12,5,13,2,6,7,7,4,4,14,15,16,5,10,10,10,10,11,11,11,11,10,11,11,11,10,10,10,10,10,11,11,11,11,10,17,10,10,3,5,10,10,10,10,10,11,10,12,12,10,10,10,10,10,10,10,5,13,13,13,18,10,10,10,10,19,20,21,10,10,10,9,10,10,10,10,10,10,10,10,10,10,4,4,10,10,10,10,14,14,15,15,14,14,14,15,16,16,16,16,16,16,16,16","0.00684714317321777","infomap","edit-xhwikibooks.graphml"
"0.05","0.6","0.35","-0.029803383623532","1,2,1,1,3,4,3,5,1,6,3,7,8,9,5,4,6,3,3,7,10,11,8,9,12,13,5,14,2,6,3,3,7,7,15,16,12,9,2,2,2,2,11,11,11,11,2,11,11,11,2,2,2,2,2,11,11,11,11,2,17,2,2,9,12,2,2,2,2,2,11,2,13,13,2,2,2,2,2,2,2,5,14,14,14,18,2,2,2,2,19,20,21,2,2,2,4,2,2,2,2,2,2,2,2,10,2,7,7,2,2,2,2,16,16,15,15,15,16,16,16,12,12,12,12,12,12,12,12","0.00513815879821777","infomap","edit-xhwikibooks.graphml"
"0.04","0.61","0.35","0.394153649387654","1,2,1,1,3,4,3,4,4,5,6,3,7,8,4,9,5,6,6,3,10,11,7,4,4,12,8,13,2,5,6,6,3,3,14,15,16,4,10,10,10,10,11,11,11,11,10,11,11,11,10,10,10,10,10,11,11,11,11,10,17,10,10,4,4,10,10,10,10,10,11,10,12,12,10,10,10,10,10,10,10,8,13,13,13,18,10,10,10,10,19,20,21,10,10,10,9,10,10,10,10,10,10,10,10,10,10,3,3,10,10,10,10,14,15,14,15,15,15,14,15,16,16,16,16,16,16,16,16","0.00538802146911621","infomap","edit-xhwikibooks.graphml"
"0.03","0.62","0.35","0.403478053869688","1,2,1,1,3,2,3,2,4,5,3,6,7,2,4,8,5,3,3,6,9,10,7,2,4,4,4,11,2,5,3,3,6,6,12,13,14,4,9,9,9,9,10,10,10,10,9,10,10,10,9,9,9,9,9,10,10,10,10,9,15,9,9,2,4,9,9,9,9,9,10,9,4,4,9,9,9,9,9,9,9,4,11,11,11,16,9,9,9,9,17,18,19,9,9,9,8,9,9,9,9,9,9,9,9,9,9,6,6,9,9,9,9,12,13,13,12,12,13,12,13,14,14,14,14,14,14,14,14","0.0102038383483887","infomap","edit-xhwikibooks.graphml"
"0.02","0.63","0.35","0.40181518656169","1,2,1,1,3,2,3,2,4,5,3,6,7,4,2,8,5,3,9,6,10,11,7,4,4,4,4,12,2,5,3,9,6,6,9,13,2,4,10,10,10,10,11,11,11,11,10,11,11,11,10,10,10,10,10,11,11,11,11,10,14,10,10,4,4,10,10,10,10,10,11,10,4,4,10,10,10,10,10,10,10,4,12,12,12,15,10,10,10,10,16,17,18,10,10,10,8,10,10,10,10,10,10,10,10,10,10,6,6,10,10,10,10,13,9,13,9,9,9,13,9,2,2,2,2,2,2,2,2","0.00670289993286133","infomap","edit-xhwikibooks.graphml"
"0.01","0.64","0.35","0.397033473519487","1,1,2,2,3,2,3,4,5,6,3,7,8,4,5,9,6,3,3,7,10,11,8,4,5,12,5,13,1,6,3,3,7,7,14,15,16,5,10,10,10,10,11,11,11,11,10,11,11,11,10,10,10,10,10,11,11,11,11,10,17,10,10,4,5,10,10,10,10,10,11,10,12,12,10,10,10,10,10,10,10,5,13,13,13,18,10,10,10,10,19,20,21,10,10,10,9,10,10,10,10,10,10,10,10,10,10,7,7,10,10,10,10,14,15,15,15,14,15,14,15,16,16,16,16,16,16,16,16","0.00660395622253418","infomap","edit-xhwikibooks.graphml"
"0","0.65","0.35","0.395792266468943","1,2,1,3,4,3,4,2,5,6,4,7,8,9,5,3,6,4,4,7,10,11,8,5,9,12,9,13,1,6,4,4,7,7,14,15,16,5,10,10,10,10,11,11,11,11,10,11,11,11,10,10,10,10,10,11,11,11,11,10,17,10,10,5,9,10,10,10,10,10,11,10,12,12,10,10,10,10,10,10,10,9,13,13,13,18,10,10,10,10,19,20,21,10,10,10,3,10,10,10,10,10,10,10,10,10,10,7,7,10,10,10,10,15,14,15,14,15,14,14,14,16,16,16,16,16,16,16,16","0.00658082962036133","infomap","edit-xhwikibooks.graphml"
"0.64","0","0.36","0.347138935677107","1,1,1,1,2,3,2,4,3,5,2,2,4,6,3,7,5,8,9,2,10,11,12,3,6,13,6,14,15,5,8,16,17,10,18,9,19,3,10,10,10,10,11,11,11,11,10,11,11,11,10,10,10,10,10,11,11,11,11,10,12,10,10,3,6,10,10,10,10,10,11,10,13,13,10,10,10,10,10,10,10,6,14,14,14,15,10,10,10,10,5,8,16,10,10,10,7,10,10,10,10,10,10,10,10,10,10,17,17,10,10,10,10,18,18,18,9,18,18,18,9,19,19,19,19,19,19,19,19","0.00690293312072754","infomap","edit-xhwikibooks.graphml"
"0.63","0.01","0.36","0.342678664150657","1,2,1,3,1,3,4,5,3,6,4,7,8,5,9,3,6,10,4,7,11,2,12,8,5,13,14,15,16,6,10,17,18,11,9,19,20,5,11,11,11,11,2,2,2,2,11,2,2,2,11,11,11,11,11,2,2,2,2,11,12,11,11,8,5,11,11,11,11,11,2,11,13,13,11,11,11,11,11,11,11,14,15,15,15,16,11,11,11,11,6,10,17,11,11,11,3,11,11,11,11,11,11,11,11,11,11,18,18,11,11,11,11,19,19,9,9,9,19,19,9,20,20,20,20,20,20,20,20","0.00553488731384277","infomap","edit-xhwikibooks.graphml"
"0.62","0.02","0.36","0.336456051088512","1,1,2,2,2,3,4,5,3,6,7,4,5,8,9,10,6,11,7,12,13,14,15,9,8,16,17,10,18,6,11,19,20,12,9,21,22,5,13,13,13,13,14,14,14,14,13,14,14,14,13,13,13,13,13,14,14,14,14,13,15,13,13,9,8,13,13,13,13,13,14,13,16,16,13,13,13,13,13,13,13,17,10,10,10,18,13,13,13,13,6,11,19,13,13,13,10,13,13,13,13,13,13,13,13,13,13,20,20,13,13,13,13,21,9,21,21,21,21,9,21,22,22,22,22,22,22,22,22","0.00691699981689453","infomap","edit-xhwikibooks.graphml"
"0.61","0.03","0.36","0.338452938271605","1,1,2,2,2,3,4,5,2,6,4,7,8,5,8,3,6,9,10,7,11,12,13,8,5,14,15,16,17,6,9,18,19,11,20,10,21,5,11,11,11,11,12,12,12,12,11,12,12,12,11,11,11,11,11,12,12,12,12,11,13,11,11,8,5,11,11,11,11,11,12,11,14,14,11,11,11,11,11,11,11,15,16,16,16,17,11,11,11,11,6,9,18,11,11,11,3,11,11,11,11,11,11,11,11,11,11,19,19,11,11,11,11,20,10,20,10,20,20,10,20,21,21,21,21,21,21,21,21","0.00682592391967773","infomap","edit-xhwikibooks.graphml"
"0.6","0.04","0.36","0.336695671096803","1,2,1,1,3,4,3,5,4,6,3,7,5,8,9,10,6,11,12,7,2,13,14,8,15,16,9,10,17,6,11,18,19,2,12,9,20,9,2,2,2,2,13,13,13,13,2,13,13,13,2,2,2,2,2,13,13,13,13,2,14,2,2,8,15,2,2,2,2,2,13,2,16,16,2,2,2,2,2,2,2,9,10,10,10,17,2,2,2,2,6,11,18,2,2,2,10,2,2,2,2,2,2,2,2,2,2,19,19,2,2,2,2,12,9,9,9,12,12,9,12,20,20,20,20,20,20,20,20","0.00548195838928223","infomap","edit-xhwikibooks.graphml"
"0.59","0.05","0.36","0.32641130014431","1,2,1,1,1,3,4,5,3,6,7,4,8,5,9,10,6,11,7,2,2,12,13,8,5,14,9,15,16,6,11,17,18,2,19,20,3,5,2,2,2,2,12,12,12,12,2,12,12,12,2,2,2,2,2,12,12,12,12,2,13,2,2,8,5,2,2,2,2,2,12,2,14,14,2,2,2,2,2,2,2,9,15,15,15,16,2,2,2,2,6,11,17,2,2,2,10,2,2,2,2,2,2,2,2,2,2,18,18,2,2,2,2,19,19,20,20,20,20,20,19,3,3,3,3,3,3,3,3","0.00707411766052246","infomap","edit-xhwikibooks.graphml"
"0.58","0.06","0.36","0.337683013606078","1,2,1,1,1,3,4,2,3,5,4,6,2,7,8,9,5,10,11,6,12,13,14,7,15,16,8,9,17,5,10,18,19,12,20,11,7,16,12,12,12,12,13,13,13,13,12,13,13,13,12,12,12,12,12,13,13,13,13,12,14,12,12,7,15,12,12,12,12,12,13,12,16,16,12,12,12,12,12,12,12,8,9,9,9,17,12,12,12,12,5,10,18,12,12,12,9,12,12,12,12,12,12,12,12,12,12,19,19,12,12,12,12,20,20,20,11,20,20,20,20,7,7,7,7,7,7,7,7","0.00523996353149414","infomap","edit-xhwikibooks.graphml"
"0.57","0.07","0.36","0.329060905612245","1,1,2,2,2,3,4,5,3,6,7,4,5,8,9,3,6,10,7,4,1,11,12,8,8,13,9,14,15,6,10,16,17,1,18,19,20,13,1,1,1,1,11,11,11,11,1,11,11,11,1,1,1,1,1,11,11,11,11,1,12,1,1,8,8,1,1,1,1,1,11,1,13,13,1,1,1,1,1,1,1,9,14,14,14,15,1,1,1,1,6,10,16,1,1,1,3,1,1,1,1,1,1,1,1,1,1,17,17,1,1,1,1,18,18,18,18,19,19,18,18,20,20,20,20,20,20,20,20","0.00668001174926758","infomap","edit-xhwikibooks.graphml"
"0.56","0.08","0.36","0.339419134024753","1,1,2,2,2,3,4,5,6,7,8,4,5,5,9,3,7,10,8,11,12,13,14,5,9,15,16,17,18,7,10,19,20,11,21,22,6,6,12,12,12,12,13,13,13,13,12,13,13,13,12,12,12,12,12,13,13,13,13,12,14,12,12,5,9,12,12,12,12,12,13,12,15,15,12,12,12,12,12,12,12,16,17,17,17,18,12,12,12,12,7,10,19,12,12,12,3,12,12,12,12,12,12,12,12,12,12,20,20,12,12,12,12,21,22,22,22,22,21,21,22,6,6,6,6,6,6,6,6","0.00522303581237793","infomap","edit-xhwikibooks.graphml"
"0.55","0.09","0.36","0.330617742313858","1,1,2,2,2,3,2,4,3,5,6,2,4,7,8,3,5,9,6,2,10,11,12,8,7,13,8,14,15,5,9,16,17,2,18,19,20,7,10,10,10,10,11,11,11,11,10,11,11,11,10,10,10,10,10,11,11,11,11,10,12,10,10,8,7,10,10,10,10,10,11,10,13,13,10,10,10,10,10,10,10,8,14,14,14,15,10,10,10,10,5,9,16,10,10,10,3,10,10,10,10,10,10,10,10,10,10,17,17,10,10,10,10,19,18,19,19,18,18,19,18,20,20,20,20,20,20,20,20","0.00683689117431641","infomap","edit-xhwikibooks.graphml"
"0.54","0.1","0.36","0.336089109072189","1,2,1,3,4,3,4,5,6,7,8,4,5,9,6,3,7,10,8,4,11,2,12,6,6,13,9,14,15,7,10,16,17,4,18,19,20,6,11,11,11,11,2,2,2,2,11,2,2,2,11,11,11,11,11,2,2,2,2,11,12,11,11,6,6,11,11,11,11,11,2,11,13,13,11,11,11,11,11,11,11,9,14,14,14,15,11,11,11,11,7,10,16,11,11,11,3,11,11,11,11,11,11,11,11,11,11,17,17,11,11,11,11,18,19,18,18,19,18,19,18,20,20,20,20,20,20,20,20","0.00750994682312012","infomap","edit-xhwikibooks.graphml"
"0.53","0.11","0.36","0.327767483195529","1,1,2,2,2,3,2,4,3,5,6,2,4,7,8,3,5,9,6,2,10,11,12,13,8,14,7,15,16,5,9,17,18,2,19,20,21,21,10,10,10,10,11,11,11,11,10,11,11,11,10,10,10,10,10,11,11,11,11,10,12,10,10,13,8,10,10,10,10,10,11,10,14,14,10,10,10,10,10,10,10,7,15,15,15,16,10,10,10,10,5,9,17,10,10,10,3,10,10,10,10,10,10,10,10,10,10,18,18,10,10,10,10,19,20,20,19,20,20,20,19,21,21,21,21,21,21,21,21","0.00547409057617188","infomap","edit-xhwikibooks.graphml"
"0.52","0.12","0.36","0.332916639998833","1,2,1,1,3,4,3,4,4,5,6,3,7,4,8,4,5,9,6,3,10,2,11,7,4,12,4,13,14,5,9,15,16,3,17,18,19,8,10,10,10,10,2,2,2,2,10,2,2,2,10,10,10,10,10,2,2,2,2,10,11,10,10,7,4,10,10,10,10,10,2,10,12,12,10,10,10,10,10,10,10,4,13,13,13,14,10,10,10,10,5,9,15,10,10,10,20,10,10,10,10,10,10,10,10,10,10,16,16,10,10,10,10,17,18,17,17,17,18,17,17,19,19,8,19,8,19,19,19","0.00587201118469238","infomap","edit-xhwikibooks.graphml"
"0.51","0.13","0.36","0.341071257030165","1,1,2,2,2,3,2,4,3,5,6,2,4,7,3,3,5,8,6,2,9,10,11,7,3,7,7,12,13,5,8,14,15,2,16,6,17,7,9,9,9,9,10,10,10,10,9,10,10,10,9,9,9,9,9,10,10,10,10,9,11,9,9,7,3,9,9,9,9,9,10,9,7,7,9,9,9,9,9,9,9,7,12,12,12,13,9,9,9,9,5,8,14,9,9,9,18,9,9,9,9,9,9,9,9,9,9,15,15,9,9,9,9,16,6,16,16,16,16,16,16,17,17,17,17,17,17,17,17","0.00833296775817871","infomap","edit-xhwikibooks.graphml"
"0.5","0.14","0.36","0.336419057951886","1,1,2,2,2,3,2,4,3,5,6,2,7,4,3,3,5,8,6,2,9,10,11,7,3,12,4,13,14,5,8,15,16,2,17,18,19,4,9,9,9,9,10,10,10,10,9,10,10,10,9,9,9,9,9,10,10,10,10,9,11,9,9,7,3,9,9,9,9,9,10,9,12,12,9,9,9,9,9,9,9,4,13,13,13,14,9,9,9,9,5,8,15,9,9,9,3,9,9,9,9,9,9,9,9,9,9,16,16,9,9,9,9,17,17,18,18,18,17,18,18,19,19,19,19,19,19,19,19","0.0095670223236084","infomap","edit-xhwikibooks.graphml"
"0.49","0.15","0.36","0.324797102426742","1,2,1,1,3,4,3,4,5,6,7,3,8,9,10,4,6,11,7,3,2,12,13,8,10,14,9,15,16,6,11,17,18,3,19,20,5,4,2,2,2,2,12,12,12,12,2,12,12,12,2,2,2,2,2,12,12,12,12,2,13,2,2,8,10,2,2,2,2,2,12,2,14,14,2,2,2,2,2,2,2,9,15,15,15,16,2,2,2,2,6,11,17,2,2,2,21,2,2,2,2,2,2,2,2,2,2,18,18,2,2,2,2,19,19,20,19,20,19,19,20,5,5,5,5,5,5,5,5","0.00737690925598145","infomap","edit-xhwikibooks.graphml"
"0.48","0.16","0.36","0.334491207344138","1,2,1,3,4,3,4,3,3,5,6,4,7,8,9,3,5,10,6,4,11,2,12,7,8,13,8,14,15,5,10,16,17,4,18,19,20,9,11,11,11,11,2,2,2,2,11,2,2,2,11,11,11,11,11,2,2,2,2,11,12,11,11,7,8,11,11,11,11,11,2,11,13,13,11,11,11,11,11,11,11,8,14,14,14,15,11,11,11,11,5,10,16,11,11,11,3,11,11,11,11,11,11,11,11,11,11,17,17,11,11,11,11,19,18,9,18,18,18,18,9,20,20,20,20,20,20,20,20","0.00832104682922363","infomap","edit-xhwikibooks.graphml"
"0.47","0.17","0.36","0.335190082989684","1,2,1,1,3,1,3,2,4,5,6,3,7,8,4,1,5,9,6,3,10,11,7,8,4,12,2,13,14,5,9,15,16,3,17,18,19,2,10,10,10,10,11,11,11,11,10,11,11,11,10,10,10,10,10,11,11,11,11,10,7,10,10,8,4,10,10,10,10,10,11,10,12,12,10,10,10,10,10,10,10,2,13,13,13,14,10,10,10,10,5,9,15,10,10,10,1,10,10,10,10,10,10,10,10,10,10,16,16,10,10,10,10,17,17,17,17,17,18,18,17,19,19,19,19,19,19,19,19","0.0085139274597168","infomap","edit-xhwikibooks.graphml"
"0.46","0.18","0.36","0.334957638005678","1,1,1,2,3,2,3,1,4,5,6,3,7,8,4,9,5,10,6,3,11,12,7,4,8,1,8,13,14,5,10,15,16,3,17,18,19,4,11,11,11,11,12,12,12,12,11,12,12,12,11,11,11,11,11,12,12,12,12,11,7,11,11,4,8,11,11,11,11,11,12,11,1,1,11,11,11,11,11,11,11,8,13,13,13,14,11,11,11,11,5,10,15,11,11,11,9,11,11,11,11,11,11,11,11,11,11,16,16,11,11,11,11,17,18,18,17,18,18,17,17,19,19,19,19,19,19,19,19","0.00568795204162598","infomap","edit-xhwikibooks.graphml"
"0.45","0.19","0.36","0.332446226583708","1,2,1,1,3,1,3,2,4,5,6,3,7,8,4,9,5,10,6,3,11,12,7,4,8,13,8,14,15,5,10,16,17,3,18,19,20,19,11,11,11,11,12,12,12,12,11,12,12,12,11,11,11,11,11,12,12,12,12,11,7,11,11,4,8,11,11,11,11,11,12,11,13,13,11,11,11,11,11,11,11,8,14,14,14,15,11,11,11,11,5,10,16,11,11,11,9,11,11,11,11,11,11,11,11,11,11,17,17,11,11,11,11,19,19,18,18,19,18,18,18,20,20,20,20,20,20,20,20","0.00992393493652344","infomap","edit-xhwikibooks.graphml"
"0.44","0.2","0.36","0.340314464354025","1,1,2,2,2,3,2,4,4,5,6,2,7,4,8,3,5,9,6,2,10,11,7,8,8,12,8,13,14,5,9,15,16,2,6,17,18,4,10,10,10,10,11,11,11,11,10,11,11,11,10,10,10,10,10,11,11,11,11,10,7,10,10,8,8,10,10,10,10,10,11,10,12,12,10,10,10,10,10,10,10,8,13,13,13,14,10,10,10,10,5,9,15,10,10,10,3,10,10,10,10,10,10,10,10,10,10,16,16,10,10,10,10,17,6,17,6,17,6,17,17,18,18,18,18,18,18,18,18","0.194137096405029","infomap","edit-xhwikibooks.graphml"
"0.43","0.21","0.36","0.340825494260204","1,2,1,3,4,3,4,3,3,5,6,4,7,8,9,10,5,11,6,4,12,2,7,8,8,13,9,14,15,5,11,16,17,4,18,19,20,8,12,12,12,12,2,2,2,2,12,2,2,2,12,12,12,12,12,2,2,2,2,12,7,12,12,8,8,12,12,12,12,12,2,12,13,13,12,12,12,12,12,12,12,9,14,14,14,15,12,12,12,12,5,11,16,12,12,12,10,12,12,12,12,12,12,12,12,12,12,17,17,12,12,12,12,19,18,18,18,19,19,18,19,20,20,20,20,20,20,20,20","0.00699281692504883","infomap","edit-xhwikibooks.graphml"
"0.42","0.22","0.36","0.342625698190653","1,2,1,1,3,4,3,5,4,6,7,3,8,5,9,4,6,10,7,3,11,2,8,5,5,12,9,13,14,6,10,15,16,3,17,18,19,9,11,11,11,11,2,2,2,2,11,2,2,2,11,11,11,11,11,2,2,2,2,11,8,11,11,5,5,11,11,11,11,11,2,11,12,12,11,11,11,11,11,11,11,9,13,13,13,14,11,11,11,11,6,10,15,11,11,11,4,11,11,11,11,11,11,11,11,11,11,16,16,11,11,11,11,18,18,17,17,18,18,17,18,19,19,19,19,19,19,19,19","0.0110809803009033","infomap","edit-xhwikibooks.graphml"
"0.41","0.23","0.36","0.340861311280252","1,1,2,2,2,3,2,3,4,5,6,2,7,8,4,9,5,10,6,2,11,12,7,8,4,13,8,14,15,5,10,16,17,2,18,19,20,4,11,11,11,11,12,12,12,12,11,12,12,12,11,11,11,11,11,12,12,12,12,11,7,11,11,8,4,11,11,11,11,11,12,11,13,13,11,11,11,11,11,11,11,8,14,14,14,15,11,11,11,11,5,10,16,11,11,11,9,11,11,11,11,11,11,11,11,11,11,17,17,11,11,11,11,18,19,19,18,19,18,19,18,20,20,20,20,20,20,20,20","0.00982904434204102","infomap","edit-xhwikibooks.graphml"
"0.4","0.24","0.36","0.339845778295614","1,1,2,2,2,3,2,3,3,4,5,2,6,7,8,3,4,9,5,2,10,11,6,8,7,12,8,13,14,4,9,15,16,2,17,18,19,7,10,10,10,10,11,11,11,11,10,11,11,11,10,10,10,10,10,11,11,11,11,10,6,10,10,8,7,10,10,10,10,10,11,10,12,12,10,10,10,10,10,10,10,8,13,13,13,14,10,10,10,10,4,9,15,10,10,10,3,10,10,10,10,10,10,10,10,10,10,16,16,10,10,10,10,18,18,18,17,17,18,17,18,19,19,19,19,19,19,19,19","0.0104019641876221","infomap","edit-xhwikibooks.graphml"
"0.39","0.25","0.36","0.333025250238921","1,1,2,2,2,3,2,4,3,5,6,2,7,4,8,3,5,9,6,2,1,10,11,7,8,12,8,13,14,5,9,15,16,2,17,18,19,4,1,1,1,1,10,10,10,10,1,10,10,10,1,1,1,1,1,10,10,10,10,1,11,1,1,7,8,1,1,1,1,1,10,1,12,12,1,1,1,1,1,1,1,8,13,13,13,14,1,1,1,1,5,9,15,1,1,1,3,1,1,1,1,1,1,1,1,1,1,16,16,1,1,1,1,17,18,17,18,17,18,18,17,19,19,19,19,19,19,19,19","0.00563192367553711","infomap","edit-xhwikibooks.graphml"
"0.38","0.26","0.36","0.345668446003722","1,1,2,2,2,3,2,3,3,4,5,2,6,7,3,8,4,9,5,2,10,11,6,3,7,12,3,13,14,4,9,15,16,2,17,18,19,7,10,10,10,10,11,11,11,11,10,11,11,11,10,10,10,10,10,11,11,11,11,10,6,10,10,3,7,10,10,10,10,10,11,10,12,12,10,10,10,10,10,10,10,3,13,13,13,14,10,10,10,10,4,9,15,10,10,10,8,10,10,10,10,10,10,10,10,10,10,16,16,10,10,10,10,18,17,17,18,18,18,18,17,19,19,19,19,19,19,19,19","0.00588011741638184","infomap","edit-xhwikibooks.graphml"
"0.37","0.27","0.36","0.345372151803229","1,1,2,2,2,3,2,4,3,5,6,2,7,4,8,3,5,9,6,2,10,11,7,8,4,12,8,13,14,5,9,15,16,2,17,18,19,8,10,10,10,10,11,11,11,11,10,11,11,11,10,10,10,10,10,11,11,11,11,10,7,10,10,8,4,10,10,10,10,10,11,10,12,12,10,10,10,10,10,10,10,8,13,13,13,14,10,10,10,10,5,9,15,10,10,10,3,10,10,10,10,10,10,10,10,10,10,16,16,10,10,10,10,18,17,17,17,17,18,18,18,19,19,19,19,19,19,19,19","0.00855112075805664","infomap","edit-xhwikibooks.graphml"
"0.36","0.28","0.36","0.346830996945728","1,2,1,3,4,3,4,5,3,6,7,4,8,5,9,10,6,11,7,4,12,2,8,5,5,13,9,14,15,6,11,16,17,4,18,19,20,5,12,12,12,12,2,2,2,2,12,2,2,2,12,12,12,12,12,2,2,2,2,12,8,12,12,5,5,12,12,12,12,12,2,12,13,13,12,12,12,12,12,12,12,9,14,14,14,15,12,12,12,12,6,11,16,12,12,12,10,12,12,12,12,12,12,12,12,12,12,17,17,12,12,12,12,18,18,19,18,18,18,18,18,20,20,20,20,20,20,20,20","0.00568795204162598","infomap","edit-xhwikibooks.graphml"
"0.35","0.29","0.36","0.349107735460978","1,1,2,2,2,3,2,3,3,4,5,2,6,3,7,8,4,9,5,2,10,11,12,6,3,13,7,14,15,4,9,16,17,2,18,19,20,3,10,10,10,10,11,11,11,11,10,11,11,11,10,10,10,10,10,11,11,11,11,10,12,10,10,6,3,10,10,10,10,10,11,10,13,13,10,10,10,10,10,10,10,7,14,14,14,15,10,10,10,10,4,9,16,10,10,10,8,10,10,10,10,10,10,10,10,10,10,17,17,10,10,10,10,18,18,18,19,19,19,18,18,20,20,20,20,20,20,20,20","0.00726103782653809","infomap","edit-xhwikibooks.graphml"
"0.34","0.3","0.36","0.339950711083919","1,2,1,1,3,1,3,1,4,5,6,3,7,8,4,9,5,10,6,3,2,11,12,7,4,13,8,14,15,5,10,16,17,3,18,19,20,8,2,2,2,2,11,11,11,11,2,11,11,11,2,2,2,2,2,11,11,11,11,2,12,2,2,7,4,2,2,2,2,2,11,2,13,13,2,2,2,2,2,2,2,8,14,14,14,15,2,2,2,2,5,10,16,2,2,2,9,2,2,2,2,2,2,2,2,2,2,17,17,2,2,2,2,19,19,18,18,18,19,19,19,20,20,20,20,20,20,20,20","0.00834012031555176","infomap","edit-xhwikibooks.graphml"
"0.33","0.31","0.36","0.34910870156245","1,1,2,2,2,3,2,4,3,5,6,2,7,4,8,3,5,9,6,2,10,11,7,4,8,12,8,13,14,5,9,15,16,2,17,18,19,4,10,10,10,10,11,11,11,11,10,11,11,11,10,10,10,10,10,11,11,11,11,10,7,10,10,4,8,10,10,10,10,10,11,10,12,12,10,10,10,10,10,10,10,8,13,13,13,14,10,10,10,10,5,9,15,10,10,10,3,10,10,10,10,10,10,10,10,10,10,16,16,10,10,10,10,17,18,18,18,17,18,17,18,19,19,19,19,19,19,19,19","0.00687003135681152","infomap","edit-xhwikibooks.graphml"
"0.32","0.32","0.36","0.33148568069203","1,1,2,2,2,1,2,1,3,4,5,2,6,7,3,8,4,9,5,2,10,11,6,7,7,12,7,13,14,4,9,15,16,2,17,18,19,3,10,10,10,10,11,11,11,11,10,11,11,11,10,10,10,10,10,11,11,11,11,10,6,10,10,7,7,10,10,10,10,10,11,10,12,12,10,10,10,10,10,10,10,7,13,13,13,14,10,10,10,10,4,9,15,10,10,10,8,10,10,10,10,10,10,10,10,10,10,16,16,10,10,10,10,5,5,17,5,5,18,17,5,19,19,19,19,19,19,19,19","0.00976705551147461","infomap","edit-xhwikibooks.graphml"
"0.31","0.33","0.36","0.332066327513778","1,1,2,2,2,3,2,4,5,6,7,2,8,4,5,3,6,9,7,2,10,11,12,8,5,13,4,14,15,6,9,16,17,2,18,19,20,5,10,10,10,10,11,11,11,11,10,11,11,11,10,10,10,10,10,11,11,11,11,10,12,10,10,8,5,10,10,10,10,10,11,10,13,13,10,10,10,10,10,10,10,4,14,14,14,15,10,10,10,10,6,9,16,10,10,10,3,10,10,10,10,10,10,10,10,10,10,17,17,10,10,10,10,18,19,18,18,18,18,19,5,20,20,20,20,20,20,20,20","0.00711488723754883","infomap","edit-xhwikibooks.graphml"
"0.3","0.34","0.36","0.3466248580124","1,2,1,1,3,4,3,4,5,6,7,3,8,9,5,4,6,10,7,3,11,2,8,5,5,12,9,13,14,6,10,15,16,3,17,18,19,5,11,11,11,11,2,2,2,2,11,2,2,2,11,11,11,11,11,2,2,2,2,11,8,11,11,5,5,11,11,11,11,11,2,11,12,12,11,11,11,11,11,11,11,9,13,13,13,14,11,11,11,11,6,10,15,11,11,11,4,11,11,11,11,11,11,11,11,11,11,16,16,11,11,11,11,18,18,18,18,18,17,18,18,19,19,19,19,19,19,19,19","0.00993704795837402","infomap","edit-xhwikibooks.graphml"
"0.29","0.35","0.36","0.347087661365536","1,1,2,2,2,3,2,3,4,5,6,2,7,8,4,9,5,10,6,2,11,12,13,7,8,14,8,15,16,5,10,17,18,2,6,19,20,4,11,11,11,11,12,12,12,12,11,12,12,12,11,11,11,11,11,12,12,12,12,11,13,11,11,7,8,11,11,11,11,11,12,11,14,14,11,11,11,11,11,11,11,8,15,15,15,16,11,11,11,11,5,10,17,11,11,11,9,11,11,11,11,11,11,11,11,11,11,18,18,11,11,11,11,6,19,6,19,19,19,19,6,20,20,20,20,20,20,20,20","0.00679278373718262","infomap","edit-xhwikibooks.graphml"
"0.28","0.36","0.36","0.354577407634007","1,2,1,3,4,3,4,2,3,5,6,4,7,8,8,3,5,9,6,4,10,11,12,7,8,13,8,14,15,5,9,16,17,4,18,19,20,8,10,10,10,10,11,11,11,11,10,11,11,11,10,10,10,10,10,11,11,11,11,10,12,10,10,7,8,10,10,10,10,10,11,10,13,13,10,10,10,10,10,10,10,8,14,14,14,15,10,10,10,10,5,9,16,10,10,10,3,10,10,10,10,10,10,10,10,10,10,17,17,10,10,10,10,18,18,18,18,18,19,19,18,20,20,20,20,20,20,20,20","0.00811481475830078","infomap","edit-xhwikibooks.graphml"
"0.27","0.37","0.36","0.347338383248835","1,2,1,3,4,3,4,2,3,5,6,4,7,8,9,3,5,10,6,4,11,12,7,8,9,13,9,14,2,5,10,6,15,4,16,17,18,8,11,11,11,11,12,12,12,12,11,12,12,12,11,11,11,11,11,12,12,12,12,11,19,11,11,8,9,11,11,11,11,11,12,11,13,13,11,11,11,11,11,11,11,9,14,14,14,20,11,11,11,11,21,22,23,11,11,11,3,11,11,11,11,11,11,11,11,11,11,15,15,11,11,11,11,16,16,17,16,16,16,16,16,18,18,18,18,18,18,18,18","0.00796794891357422","infomap","edit-xhwikibooks.graphml"
"0.26","0.38","0.36","0.342064861128279","1,2,1,1,3,4,3,4,5,6,7,3,8,5,9,4,6,10,7,3,11,12,8,9,5,13,5,14,2,6,10,7,15,3,16,17,18,9,11,11,11,11,12,12,12,12,11,12,12,12,11,11,11,11,11,12,12,12,12,11,19,11,11,9,5,11,11,11,11,11,12,11,13,13,11,11,11,11,11,11,11,5,14,14,14,20,11,11,11,11,21,22,23,11,11,11,4,11,11,11,11,11,11,11,11,11,11,15,15,11,11,11,11,16,16,17,16,16,16,17,16,18,18,18,18,18,18,18,18","0.00848913192749023","infomap","edit-xhwikibooks.graphml"
"0.25","0.39","0.36","0.345236579523163","1,1,2,2,2,3,2,4,5,6,7,2,8,5,4,3,6,9,7,2,10,11,8,5,4,5,4,12,1,6,9,7,13,2,14,15,16,14,10,10,10,10,11,11,11,11,10,11,11,11,10,10,10,10,10,11,11,11,11,10,17,10,10,5,4,10,10,10,10,10,11,10,5,5,10,10,10,10,10,10,10,4,12,12,12,18,10,10,10,10,19,20,21,10,10,10,3,10,10,10,10,10,10,10,10,10,10,13,13,10,10,10,10,15,14,15,15,14,14,14,15,16,16,16,16,16,16,16,16","0.00963306427001953","infomap","edit-xhwikibooks.graphml"
"0.24","0.4","0.36","0.343897679807311","1,2,1,1,3,4,3,2,4,5,6,3,7,8,8,9,5,10,6,3,11,12,7,13,4,14,8,15,2,5,10,6,16,3,17,18,19,8,11,11,11,11,12,12,12,12,11,12,12,12,11,11,11,11,11,12,12,12,12,11,20,11,11,13,4,11,11,11,11,11,12,11,14,14,11,11,11,11,11,11,11,8,15,15,15,21,11,11,11,11,22,23,24,11,11,11,9,11,11,11,11,11,11,11,11,11,11,16,16,11,11,11,11,18,18,17,18,17,17,17,18,19,19,19,19,19,19,19,19","0.00940108299255371","infomap","edit-xhwikibooks.graphml"
"0.23","0.41","0.36","0.310892452162003","1,2,1,3,4,3,4,5,3,6,7,4,8,5,9,3,6,10,7,4,11,12,8,5,9,13,9,14,2,6,10,7,15,4,16,17,18,9,11,11,11,11,2,2,2,2,11,2,2,12,11,11,11,11,11,2,2,12,2,11,19,11,11,5,9,11,11,11,11,11,2,11,13,13,11,11,11,11,11,11,11,9,14,14,14,20,11,11,11,11,21,22,23,11,11,11,3,11,11,11,11,11,11,11,11,11,11,15,15,11,11,11,11,17,17,17,17,17,16,17,17,18,18,18,18,18,18,18,18","0.00688385963439941","infomap","edit-xhwikibooks.graphml"
"0.22","0.42","0.36","0.341172789022213","1,2,1,3,4,3,4,2,3,5,6,4,7,8,9,3,5,10,6,4,11,12,7,8,9,13,3,14,2,5,10,6,15,4,16,17,18,18,11,11,11,11,12,12,12,12,11,12,12,12,11,11,11,11,11,12,12,12,12,11,19,11,11,8,9,11,11,11,11,11,12,11,13,13,11,11,11,11,11,11,11,3,14,14,14,20,11,11,11,11,21,22,23,11,11,11,3,11,11,11,11,11,11,11,11,11,11,15,15,11,11,11,11,17,17,16,17,16,17,17,17,18,18,18,18,18,18,18,18","0.00537395477294922","infomap","edit-xhwikibooks.graphml"
"0.21","0.43","0.36","0.348559748545051","1,2,1,3,4,3,4,2,3,5,6,4,7,8,9,3,5,10,6,4,11,12,7,8,8,13,9,14,2,5,10,6,15,4,16,17,18,8,11,11,11,11,12,12,12,12,11,12,12,12,11,11,11,11,11,12,12,12,12,11,19,11,11,8,8,11,11,11,11,11,12,11,13,13,11,11,11,11,11,11,11,9,14,14,14,20,11,11,11,11,21,22,23,11,11,11,3,11,11,11,11,11,11,11,11,11,11,15,15,11,11,11,11,16,16,17,17,17,16,16,17,18,18,18,18,18,18,18,18","0.0056760311126709","infomap","edit-xhwikibooks.graphml"
"0.2","0.44","0.36","0.346584346789197","1,2,1,1,3,4,3,5,1,6,3,7,8,5,9,4,6,3,10,7,11,12,8,9,5,13,9,14,2,6,3,10,7,7,10,15,16,5,11,11,11,11,12,12,12,12,11,12,12,12,11,11,11,11,11,12,12,12,12,11,17,11,11,9,5,11,11,11,11,11,12,11,13,13,11,11,11,11,11,11,11,9,14,14,14,18,11,11,11,11,19,20,21,11,11,11,4,11,11,11,11,11,11,11,11,11,11,7,7,11,11,11,11,10,15,10,10,15,15,15,10,16,16,16,16,16,16,16,16","0.00695991516113281","infomap","edit-xhwikibooks.graphml"
"0.19","0.45","0.36","0.349341268286007","1,2,1,1,3,4,3,5,4,6,7,3,8,5,4,9,6,7,7,3,10,11,8,4,5,12,5,13,2,6,7,7,3,3,14,15,16,4,10,10,10,10,11,11,11,11,10,11,11,11,10,10,10,10,10,11,11,11,11,10,17,10,10,4,5,10,10,10,10,10,11,10,12,12,10,10,10,10,10,10,10,5,13,13,13,18,10,10,10,10,19,20,21,10,10,10,9,10,10,10,10,10,10,10,10,10,10,3,3,10,10,10,10,14,14,15,14,15,14,15,14,16,16,16,16,16,16,16,16","0.00831198692321777","infomap","edit-xhwikibooks.graphml"
"0.18","0.46","0.36","0.354163674823886","1,2,1,1,3,4,3,4,5,6,3,7,8,4,5,4,6,3,9,7,10,11,8,12,5,13,5,14,2,6,3,9,7,7,9,15,16,5,10,10,10,10,11,11,11,11,10,11,11,11,10,10,10,10,10,11,11,11,11,10,17,10,10,12,5,10,10,10,10,10,11,10,13,13,10,10,10,10,10,10,10,5,14,14,14,18,10,10,10,10,19,20,21,10,10,10,4,10,10,10,10,10,10,10,10,10,10,7,7,10,10,10,10,9,15,15,9,15,9,15,9,16,16,16,16,16,16,16,16","0.00685000419616699","infomap","edit-xhwikibooks.graphml"
"0.17","0.47","0.36","0.350172336837929","1,2,1,1,3,4,3,5,1,6,3,7,8,5,9,4,6,3,10,7,11,12,8,9,9,13,5,14,2,6,3,10,7,7,10,15,16,9,11,11,11,11,12,12,12,12,11,12,12,12,11,11,11,11,11,12,12,12,12,11,17,11,11,9,9,11,11,11,11,11,12,11,13,13,11,11,11,11,11,11,11,5,14,14,14,18,11,11,11,11,19,20,21,11,11,11,4,11,11,11,11,11,11,11,11,11,11,7,7,11,11,11,11,15,10,15,10,15,10,15,10,16,16,16,16,16,16,16,16","0.00705313682556152","infomap","edit-xhwikibooks.graphml"
"0.16","0.48","0.36","0.312423178464211","1,2,1,1,3,1,3,4,4,5,3,6,7,4,8,1,5,3,9,6,10,11,7,8,4,12,4,13,2,5,3,9,6,6,9,14,15,8,10,10,10,10,2,2,2,2,10,2,2,2,10,10,10,10,10,2,2,11,2,10,16,10,10,8,4,10,10,10,10,10,2,10,12,12,10,10,10,10,10,10,10,4,13,13,13,17,10,10,10,10,18,19,20,10,10,10,1,10,10,10,10,10,10,10,10,10,10,6,6,10,10,10,10,9,14,14,14,9,14,9,14,15,15,15,15,15,15,15,15","0.00841617584228516","infomap","edit-xhwikibooks.graphml"
"0.15","0.49","0.36","0.313994611566335","1,2,1,3,4,3,4,2,5,6,4,7,8,9,5,3,6,4,10,7,11,12,8,5,9,13,9,14,2,6,4,10,7,7,10,15,16,9,11,11,11,11,2,2,2,2,11,12,2,2,11,11,11,11,11,2,2,2,2,11,17,11,11,5,9,11,11,11,11,11,2,11,13,13,11,11,11,11,11,11,11,9,14,14,14,18,11,11,11,11,19,20,21,11,11,11,3,11,11,11,11,11,11,11,11,11,11,7,7,11,11,11,11,15,15,15,10,10,10,10,10,16,16,16,16,16,16,16,16","0.00796890258789062","infomap","edit-xhwikibooks.graphml"
"0.14","0.5","0.36","0.383337842596649","1,2,1,1,3,4,3,4,5,6,3,7,8,9,5,10,6,3,11,7,12,13,8,8,9,9,9,14,2,6,3,11,7,7,11,15,16,4,12,12,12,12,13,13,13,13,12,13,13,13,12,12,12,12,12,13,13,13,13,12,17,12,12,8,9,12,12,12,12,12,13,12,9,9,12,12,12,12,12,12,12,9,14,14,14,18,12,12,12,12,19,20,21,12,12,12,10,12,12,12,12,12,12,12,12,12,12,7,7,12,12,12,12,15,15,11,15,11,15,15,15,16,16,16,16,16,16,16,16","0.00693416595458984","infomap","edit-xhwikibooks.graphml"
"0.13","0.51","0.36","0.380429725636379","1,1,2,2,2,3,2,1,3,4,5,2,6,3,7,8,4,5,5,9,10,11,6,3,7,3,7,12,1,4,5,5,9,9,13,14,15,3,10,10,10,10,11,11,11,11,10,11,11,11,10,10,10,10,10,11,11,11,11,10,16,10,10,3,7,10,10,10,10,10,11,10,3,3,10,10,10,10,10,10,10,7,12,12,12,17,10,10,10,10,18,19,20,10,10,10,8,10,10,10,10,10,10,10,10,10,10,9,9,10,10,10,10,14,14,14,14,14,14,13,13,15,15,15,15,15,15,15,15","0.00829005241394043","infomap","edit-xhwikibooks.graphml"
"0.12","0.52","0.36","0.37444099450013","1,2,1,1,3,4,3,4,4,5,3,6,7,8,9,10,5,3,11,6,12,2,7,9,8,13,9,14,2,5,3,11,6,6,11,15,16,9,12,12,12,12,2,2,2,2,12,2,2,2,12,12,12,12,12,2,2,2,2,12,17,12,12,9,8,12,12,12,12,12,2,12,13,13,12,12,12,12,12,12,12,9,14,14,14,18,12,12,12,12,19,20,21,12,12,12,10,12,12,12,12,12,12,12,12,12,12,6,6,12,12,12,12,15,9,11,11,11,9,11,15,16,16,16,16,16,16,16,16","0.00777101516723633","infomap","edit-xhwikibooks.graphml"
"0.11","0.53","0.36","0.381156995116346","1,2,1,1,3,4,3,4,5,6,3,7,8,4,5,9,6,3,10,7,11,12,8,8,5,13,5,14,2,6,3,10,7,7,15,10,16,5,11,11,11,11,12,12,12,12,11,12,12,12,11,11,11,11,11,12,12,12,12,11,17,11,11,8,5,11,11,11,11,11,12,11,13,13,11,11,11,11,11,11,11,5,14,14,14,18,11,11,11,11,19,20,21,11,11,11,9,11,11,11,11,11,11,11,11,11,11,7,7,11,11,11,11,10,15,15,15,15,10,15,10,16,16,16,16,16,16,16,16","0.00817704200744629","infomap","edit-xhwikibooks.graphml"
"0.1","0.54","0.36","0.370637693482969","1,2,1,1,3,1,3,1,4,5,3,6,7,4,8,9,5,3,10,6,11,12,7,7,4,13,8,14,2,5,3,10,6,6,15,10,16,8,11,11,11,11,12,12,12,12,11,12,12,12,11,11,11,11,11,12,12,12,12,11,17,11,11,7,4,11,11,11,11,11,12,11,13,13,11,11,11,11,11,11,11,8,14,14,14,18,11,11,11,11,19,20,21,11,11,11,9,11,11,11,11,11,11,11,11,11,11,6,6,11,11,11,11,15,15,15,8,15,8,15,10,16,16,16,16,16,16,16,16","0.0068199634552002","infomap","edit-xhwikibooks.graphml"
"0.09","0.55","0.36","0.384642537383288","1,2,1,1,3,2,3,2,2,4,3,5,6,7,8,9,4,3,10,5,11,12,6,7,7,8,8,13,2,4,3,10,5,5,10,14,15,7,11,11,11,11,12,12,12,12,11,12,12,12,11,11,11,11,11,12,12,12,12,11,16,11,11,7,7,11,11,11,11,11,12,11,8,8,11,11,11,11,11,11,11,8,13,13,13,17,11,11,11,11,18,19,20,11,11,11,9,11,11,11,11,11,11,11,11,11,11,5,5,11,11,11,11,14,14,14,10,10,10,14,10,15,15,15,15,15,15,15,15","0.00820803642272949","infomap","edit-xhwikibooks.graphml"
"0.08","0.56","0.36","0.381976535099432","1,2,1,3,4,3,4,3,5,6,4,7,8,9,5,10,6,4,11,7,12,13,8,5,9,14,9,15,2,6,4,11,7,7,16,11,17,9,12,12,12,12,13,13,13,13,12,13,13,13,12,12,12,12,12,13,13,13,13,12,18,12,12,5,9,12,12,12,12,12,13,12,14,14,12,12,12,12,12,12,12,9,15,15,15,19,12,12,12,12,20,21,22,12,12,12,10,12,12,12,12,12,12,12,12,12,12,7,7,12,12,12,12,16,16,5,16,11,16,16,16,17,17,17,17,17,17,17,17","0.00788283348083496","infomap","edit-xhwikibooks.graphml"
"0.07","0.57","0.36","0.383533722547199","1,2,1,1,3,4,3,4,5,6,3,7,8,5,9,4,6,3,10,7,11,12,8,5,5,13,5,14,2,6,3,10,7,7,15,10,9,5,11,11,11,11,12,12,12,12,11,12,12,12,11,11,11,11,11,12,12,12,12,11,16,11,11,5,5,11,11,11,11,11,12,11,13,13,11,11,11,11,11,11,11,5,14,14,14,17,11,11,11,11,18,19,20,11,11,11,4,11,11,11,11,11,11,11,11,11,11,7,7,11,11,11,11,10,15,15,15,10,10,15,10,9,9,9,9,9,9,9,9","0.00548911094665527","infomap","edit-xhwikibooks.graphml"
"0.06","0.58","0.36","0.382532536362503","1,2,1,1,3,4,3,4,5,6,3,7,4,4,5,8,6,3,9,7,10,11,4,4,5,12,5,13,2,6,3,9,7,7,14,9,15,5,10,10,10,10,11,11,11,11,10,11,11,11,10,10,10,10,10,11,11,11,11,10,16,10,10,4,5,10,10,10,10,10,11,10,12,12,10,10,10,10,10,10,10,5,13,13,13,17,10,10,10,10,18,19,20,10,10,10,8,10,10,10,10,10,10,10,10,10,10,7,7,10,10,10,10,14,14,14,14,14,14,9,14,5,15,5,5,15,15,5,5","0.00789713859558105","infomap","edit-xhwikibooks.graphml"
"0.05","0.59","0.36","0.389629919906403","1,2,1,3,4,3,4,5,3,6,4,7,8,5,9,3,6,4,10,7,11,12,8,5,5,13,9,14,2,6,4,10,7,7,10,15,16,5,11,11,11,11,12,12,12,12,11,12,12,12,11,11,11,11,11,12,12,12,12,11,17,11,11,5,5,11,11,11,11,11,12,11,13,13,11,11,11,11,11,11,11,9,14,14,14,18,11,11,11,11,19,20,21,11,11,11,3,11,11,11,11,11,11,11,11,11,11,7,7,11,11,11,11,10,15,15,10,15,10,10,10,16,16,16,16,16,16,16,16","0.00810599327087402","infomap","edit-xhwikibooks.graphml"
"0.04","0.6","0.36","0.418857919140263","1,2,1,1,3,4,3,4,5,6,3,7,8,5,9,4,6,3,3,7,10,2,8,5,9,11,5,12,2,6,3,3,7,7,13,13,14,5,10,10,10,10,2,2,2,2,10,2,2,2,10,10,10,10,10,2,2,2,2,10,15,10,10,5,9,10,10,10,10,10,2,10,11,11,10,10,10,10,10,10,10,5,12,12,12,16,10,10,10,10,17,18,19,10,10,10,4,10,10,10,10,10,10,10,10,10,10,7,7,10,10,10,10,13,13,13,13,13,13,13,13,14,14,14,14,14,14,14,14","0.0068509578704834","infomap","edit-xhwikibooks.graphml"
"0.03","0.61","0.36","0.38073035627256","1,2,1,1,3,4,3,2,1,5,3,6,7,8,9,4,5,3,3,6,10,11,7,8,9,12,8,13,2,5,3,3,6,6,14,15,16,14,10,10,10,10,11,11,11,11,10,11,11,11,10,10,10,10,10,11,11,11,11,10,17,10,10,8,9,10,10,10,10,10,11,10,12,12,10,10,10,10,10,10,10,8,13,13,13,18,10,10,10,10,19,20,21,10,10,10,4,10,10,10,10,10,10,10,10,10,10,6,6,10,10,10,10,15,15,14,15,15,15,15,14,16,16,16,16,16,16,16,16","0.00946307182312012","infomap","edit-xhwikibooks.graphml"
"0.02","0.62","0.36","0.39132335287056","1,2,1,1,3,1,3,2,4,5,3,6,7,8,4,9,5,3,10,6,11,12,7,2,8,8,8,13,2,5,3,10,6,6,10,14,15,8,11,11,11,11,12,12,12,12,11,12,12,12,11,11,11,11,11,12,12,12,12,11,16,11,11,2,8,11,11,11,11,11,12,11,8,8,11,11,11,11,11,11,11,8,13,13,13,17,11,11,11,11,18,19,20,11,11,11,9,11,11,11,11,11,11,11,11,11,11,6,6,11,11,11,11,14,14,14,14,14,14,14,14,15,15,15,15,15,15,15,15","0.00664091110229492","infomap","edit-xhwikibooks.graphml"
"0.01","0.63","0.36","0.387348861211394","1,2,1,1,3,2,3,2,4,5,3,6,7,4,8,9,5,3,3,6,10,11,7,2,8,4,8,12,2,5,3,3,6,6,13,14,15,4,10,10,10,10,11,11,11,11,10,11,11,11,10,10,10,10,10,11,11,11,11,10,16,10,10,2,8,10,10,10,10,10,11,10,4,4,10,10,10,10,10,10,10,8,12,12,12,17,10,10,10,10,18,19,20,10,10,10,9,10,10,10,10,10,10,10,10,10,10,6,6,10,10,10,10,13,14,14,13,13,13,13,14,15,15,15,15,15,15,15,15","0.00542593002319336","infomap","edit-xhwikibooks.graphml"
"0","0.64","0.36","0.381260434056761","1,2,1,1,3,4,3,5,5,6,3,7,8,9,5,4,6,3,3,7,10,11,8,5,9,12,5,13,2,6,3,3,7,7,14,15,16,9,10,10,10,10,11,11,11,11,10,11,11,11,10,10,10,10,10,11,11,11,11,10,17,10,10,5,9,10,10,10,10,10,11,10,12,12,10,10,10,10,10,10,10,5,13,13,13,18,10,10,10,10,19,20,21,10,10,10,4,10,10,10,10,10,10,10,10,10,10,7,7,10,10,10,10,15,15,15,15,15,14,15,14,16,16,16,16,16,16,16,16","0.00666284561157227","infomap","edit-xhwikibooks.graphml"
"0.63","0","0.37","0.327458120053295","1,1,2,2,3,4,3,5,4,6,7,8,5,9,10,11,6,12,7,8,13,14,15,10,9,16,10,11,17,6,12,18,19,13,20,21,22,16,13,13,13,13,14,14,14,14,13,14,14,14,13,13,13,13,13,14,14,14,14,13,15,13,13,10,9,13,13,13,13,13,14,13,16,16,13,13,13,13,13,13,13,10,11,11,11,17,13,13,13,13,6,12,18,13,13,13,11,13,13,13,13,13,13,13,13,13,13,19,19,13,13,13,13,21,21,20,21,20,20,21,21,22,22,22,22,22,22,22,22","0.00865602493286133","infomap","edit-xhwikibooks.graphml"
"0.62","0.01","0.37","0.334809490089634","1,1,2,2,2,3,4,5,3,6,7,4,8,5,5,3,6,9,7,4,10,11,12,8,5,13,14,15,16,6,9,17,18,4,19,20,21,21,10,10,10,10,11,11,11,11,10,11,11,11,10,10,10,10,10,11,11,11,11,10,12,10,10,8,5,10,10,10,10,10,11,10,13,13,10,10,10,10,10,10,10,14,15,15,15,16,10,10,10,10,6,9,17,10,10,10,3,10,10,10,10,10,10,10,10,10,10,18,18,10,10,10,10,19,19,20,20,19,20,19,20,21,21,21,21,21,21,21,21","0.00841999053955078","infomap","edit-xhwikibooks.graphml"
"0.61","0.02","0.37","0.342107988311318","1,1,1,1,2,3,2,4,5,6,7,8,4,5,5,3,6,9,7,8,10,11,12,5,13,14,5,15,16,6,9,17,18,8,19,20,21,5,10,10,10,10,11,11,11,11,10,11,11,11,10,10,10,10,10,11,11,11,11,10,12,10,10,5,13,10,10,10,10,10,11,10,14,14,10,10,10,10,10,10,10,5,15,15,15,16,10,10,10,10,6,9,17,10,10,10,3,10,10,10,10,10,10,10,10,10,10,18,18,10,10,10,10,19,20,19,19,19,19,19,20,21,21,21,21,21,21,21,21","0.00867009162902832","infomap","edit-xhwikibooks.graphml"
"0.6","0.03","0.37","0.331333940989412","1,2,1,1,1,3,4,2,3,5,6,4,7,8,3,9,5,10,6,11,12,13,14,7,8,15,16,9,17,5,10,18,19,11,20,21,22,21,12,12,12,12,13,13,13,13,12,13,13,13,12,12,12,12,12,13,13,13,13,12,14,12,12,7,8,12,12,12,12,12,13,12,15,15,12,12,12,12,12,12,12,16,9,9,9,17,12,12,12,12,5,10,18,12,12,12,9,12,12,12,12,12,12,12,12,12,12,19,19,12,12,12,12,20,20,21,20,20,20,20,21,22,22,22,22,22,22,22,22","0.00814390182495117","infomap","edit-xhwikibooks.graphml"
"0.59","0.04","0.37","0.326870435299188","1,1,2,2,2,3,4,5,3,6,4,7,8,5,3,9,6,10,11,7,1,12,13,8,5,14,3,15,16,6,10,17,18,7,19,11,20,5,1,1,1,1,12,12,12,12,1,12,12,12,1,1,1,1,1,12,12,12,12,1,13,1,1,8,5,1,1,1,1,1,12,1,14,14,1,1,1,1,1,1,1,3,15,15,15,16,1,1,1,1,6,10,17,1,1,1,9,1,1,1,1,1,1,1,1,1,1,18,18,1,1,1,1,19,19,19,19,19,19,11,19,20,20,20,20,20,20,20,20","0.00710391998291016","infomap","edit-xhwikibooks.graphml"
"0.58","0.05","0.37","0.326943468740029","1,1,2,2,2,3,4,5,3,6,7,4,8,9,10,11,6,12,7,13,14,15,16,8,9,5,17,11,18,6,12,19,20,13,10,21,22,5,14,14,14,14,15,15,15,15,14,15,15,15,14,14,14,14,14,15,15,15,15,14,16,14,14,8,9,14,14,14,14,14,15,14,5,5,14,14,14,14,14,14,14,17,11,11,11,18,14,14,14,14,6,12,19,14,14,14,11,14,14,14,14,14,14,14,14,14,14,20,20,14,14,14,14,21,21,10,10,21,10,10,10,22,22,22,22,22,22,22,22","0.00852417945861816","infomap","edit-xhwikibooks.graphml"
"0.57","0.06","0.37","0.331077039585618","1,1,2,2,3,4,3,4,5,6,3,7,8,9,8,10,6,11,3,7,12,13,14,8,9,5,15,10,16,6,11,17,18,7,19,20,21,5,12,12,12,12,13,13,13,13,12,13,13,13,12,12,12,12,12,13,13,13,13,12,14,12,12,8,9,12,12,12,12,12,13,12,5,5,12,12,12,12,12,12,12,15,10,10,10,16,12,12,12,12,6,11,17,12,12,12,10,12,12,12,12,12,12,12,12,12,12,18,18,12,12,12,12,19,19,19,20,19,19,19,19,21,21,21,21,21,21,21,21","0.00576496124267578","infomap","edit-xhwikibooks.graphml"
"0.56","0.07","0.37","0.329131465686118","1,1,2,2,2,3,4,5,3,6,4,7,5,8,9,10,6,11,12,7,13,14,15,5,8,16,9,17,18,6,11,19,20,13,21,12,22,3,13,13,13,13,14,14,14,14,13,14,14,14,13,13,13,13,13,14,14,14,14,13,15,13,13,5,8,13,13,13,13,13,14,13,16,16,13,13,13,13,13,13,13,9,17,17,17,18,13,13,13,13,6,11,19,13,13,13,10,13,13,13,13,13,13,13,13,13,13,20,20,13,13,13,13,21,12,12,21,12,21,21,21,22,22,22,22,22,22,22,22","0.00849390029907227","infomap","edit-xhwikibooks.graphml"
"0.55","0.08","0.37","0.326951205709161","1,1,2,2,2,1,3,1,4,5,6,3,7,8,9,10,5,11,6,12,13,14,15,7,8,4,16,17,18,5,11,19,20,12,21,9,22,4,13,13,13,13,14,14,14,14,13,14,14,14,13,13,13,13,13,14,14,14,14,13,15,13,13,7,8,13,13,13,13,13,14,13,4,4,13,13,13,13,13,13,13,16,17,17,17,18,13,13,13,13,5,11,19,13,13,13,10,13,13,13,13,13,13,13,13,13,13,20,20,12,13,13,13,9,21,21,9,9,9,21,9,22,22,22,22,22,22,22,22","0.00570487976074219","infomap","edit-xhwikibooks.graphml"
"0.54","0.09","0.37","0.336269805341784","1,1,2,3,2,3,4,3,3,5,4,6,7,8,7,3,5,9,10,6,11,12,13,7,14,15,8,16,17,5,9,18,19,6,10,20,21,7,11,11,11,11,12,12,12,12,11,12,12,12,11,11,11,11,11,12,12,12,12,11,13,11,11,7,14,11,11,11,11,11,12,11,15,15,11,11,11,11,11,11,11,8,16,16,16,17,11,11,11,11,5,9,18,11,11,11,3,11,11,11,11,11,11,11,11,11,11,19,19,11,11,11,11,10,20,20,20,10,10,10,10,21,21,21,21,21,21,21,21","0.0056769847869873","infomap","edit-xhwikibooks.graphml"
"0.53","0.1","0.37","0.327116342236306","1,1,2,2,3,4,3,5,4,6,7,8,5,9,4,10,6,11,7,8,12,13,14,5,9,15,9,16,17,6,11,18,19,12,20,21,22,20,12,12,12,12,13,13,13,13,12,13,13,13,12,12,12,12,12,13,13,13,13,12,14,12,12,5,9,12,12,12,12,12,13,12,15,15,12,12,12,12,12,12,12,9,16,16,16,17,12,12,12,12,6,11,18,12,12,12,10,12,12,12,12,12,12,12,12,12,12,19,19,12,12,12,12,21,20,21,21,21,21,21,20,22,22,22,22,22,22,22,22","0.00729918479919434","infomap","edit-xhwikibooks.graphml"
"0.52","0.11","0.37","0.330141665509741","1,2,1,1,3,4,3,2,4,5,6,7,2,8,9,10,5,11,6,7,12,13,14,4,15,16,8,17,18,5,11,19,20,7,21,22,9,4,12,12,12,12,13,13,13,13,12,13,13,13,12,12,12,12,12,13,13,13,13,12,14,12,12,4,15,12,12,12,12,12,13,12,16,16,12,12,12,12,12,12,12,8,17,17,17,18,12,12,12,12,5,11,19,12,12,12,10,12,12,12,12,12,12,12,12,12,12,20,20,12,12,12,12,22,22,22,21,22,21,21,22,9,9,9,9,9,9,9,9","0.0072319507598877","infomap","edit-xhwikibooks.graphml"
"0.51","0.12","0.37","0.32964817963888","1,2,1,1,3,4,3,4,4,5,6,3,7,4,8,4,5,9,6,3,10,2,11,7,8,12,4,13,14,5,9,15,16,3,12,17,18,4,10,10,10,10,2,2,2,2,10,2,2,2,10,10,10,10,10,2,2,2,2,10,11,10,10,7,8,10,10,10,10,10,2,10,12,12,10,10,10,10,10,10,10,4,13,13,13,14,10,10,10,10,5,9,15,10,10,10,19,10,10,10,10,10,10,10,10,10,10,16,16,10,10,10,10,12,17,17,17,12,17,12,17,18,18,18,18,18,18,18,18","0.00958704948425293","infomap","edit-xhwikibooks.graphml"
"0.5","0.13","0.37","0.326958948362554","1,1,2,2,2,3,2,3,4,5,6,2,7,3,4,3,5,8,6,2,9,10,11,7,3,12,4,13,14,5,8,15,16,2,17,18,19,3,9,9,9,9,10,10,10,10,9,10,10,10,9,9,9,9,9,10,10,10,10,9,11,9,9,7,3,9,9,9,9,9,10,9,12,12,9,9,9,9,9,9,9,4,13,13,13,14,9,9,9,9,5,8,15,9,9,9,20,9,9,9,9,9,9,9,9,9,9,16,16,9,9,9,9,18,18,18,17,18,18,18,18,19,19,19,19,19,19,19,19","0.0119080543518066","infomap","edit-xhwikibooks.graphml"
"0.49","0.14","0.37","0.329734119080053","1,1,1,2,3,2,3,4,5,6,7,3,4,8,5,4,6,9,7,3,10,11,12,13,5,14,8,15,16,6,9,17,18,3,19,20,21,5,10,10,10,10,11,11,11,11,10,11,11,11,10,10,10,10,10,11,11,11,11,10,12,10,10,13,5,10,10,10,10,10,11,10,14,14,10,10,10,10,10,10,10,8,15,15,15,16,10,10,10,10,6,9,17,10,10,10,4,10,10,10,10,10,10,10,10,10,10,18,18,10,10,10,10,19,19,19,20,19,19,19,19,21,21,21,21,21,21,21,21","0.00884604454040527","infomap","edit-xhwikibooks.graphml"
"0.48","0.15","0.37","0.327483002954131","1,1,2,2,2,3,4,3,3,5,4,6,7,3,8,3,5,9,10,6,11,1,12,7,8,13,8,14,15,5,9,16,17,6,10,18,19,8,11,11,11,11,1,1,1,1,11,1,1,1,11,11,11,11,11,1,1,1,1,11,12,11,11,7,8,11,11,11,11,11,1,11,13,13,11,11,11,11,11,11,11,8,14,14,14,15,11,11,11,11,5,9,16,11,11,11,20,11,11,11,11,11,11,11,11,11,11,17,17,11,11,11,11,18,10,18,10,18,10,18,18,19,19,8,8,8,19,8,19","0.0100040435791016","infomap","edit-xhwikibooks.graphml"
"0.47","0.16","0.37","0.328799766235663","1,1,2,2,2,3,2,4,3,5,6,2,7,4,8,3,5,9,6,2,10,11,12,7,8,13,8,14,15,5,9,16,17,2,18,19,3,3,10,10,10,10,11,11,11,11,10,11,11,11,10,10,10,10,10,11,11,11,11,10,12,10,10,7,8,10,10,10,10,10,11,10,13,13,10,10,10,10,10,10,10,8,14,14,14,15,10,10,10,10,5,9,16,10,10,10,20,10,10,10,10,10,10,10,10,10,10,17,17,10,10,10,10,19,18,18,19,19,18,19,18,3,3,3,3,3,3,3,3","0.00873088836669922","infomap","edit-xhwikibooks.graphml"
"0.46","0.17","0.37","0.330921152255705","1,1,2,2,2,3,2,4,5,6,7,2,8,4,5,3,6,9,7,2,10,11,12,8,4,13,5,14,15,6,9,16,17,2,18,19,20,4,10,10,10,10,11,11,11,11,10,11,11,11,10,10,10,10,10,11,11,11,11,10,12,10,10,8,4,10,10,10,10,10,11,10,13,13,10,10,10,10,10,10,10,5,14,14,14,15,10,10,10,10,6,9,16,10,10,10,3,10,10,10,10,10,10,10,10,10,10,17,17,10,10,10,10,18,19,19,18,19,19,18,18,20,20,20,20,20,20,20,20","0.00853419303894043","infomap","edit-xhwikibooks.graphml"
"0.45","0.18","0.37","0.324540399422241","1,2,1,1,3,4,3,5,4,6,7,3,5,8,9,4,6,10,7,3,2,11,12,5,9,13,8,14,15,6,10,16,17,3,18,19,20,9,2,2,2,2,11,11,11,11,2,11,11,11,2,2,2,2,2,11,11,11,11,2,12,2,2,5,9,2,2,2,2,2,11,2,13,13,2,2,2,2,2,2,2,8,14,14,14,15,2,2,2,2,6,10,16,2,2,2,4,2,2,2,2,2,2,2,2,2,2,17,17,2,2,2,2,19,18,19,19,18,18,19,18,20,20,20,20,20,20,20,20","0.0109438896179199","infomap","edit-xhwikibooks.graphml"
"0.44","0.19","0.37","0.31715170246757","1,2,1,1,3,4,3,5,4,6,7,3,5,8,9,4,6,10,7,3,2,11,12,5,9,13,8,14,15,6,10,16,17,3,18,19,20,5,2,2,2,2,11,11,11,11,2,11,11,11,2,2,2,2,2,11,11,11,11,2,12,2,2,5,9,2,2,2,2,2,11,2,13,13,2,2,2,2,2,2,2,8,14,14,14,15,2,2,2,2,6,10,16,2,2,2,4,2,2,2,2,2,2,2,2,2,2,17,17,2,2,2,2,19,19,19,19,19,18,18,19,20,20,20,20,20,20,20,20","0.00843000411987305","infomap","edit-xhwikibooks.graphml"
"0.43","0.2","0.37","0.330216298789641","1,1,2,2,2,3,2,3,4,5,6,2,7,8,4,3,5,9,6,2,10,11,12,7,8,13,8,14,15,5,9,16,17,2,18,19,20,4,10,10,10,10,11,11,11,11,10,11,11,11,10,10,10,10,10,11,11,11,11,10,12,10,10,7,8,10,10,10,10,10,11,10,13,13,10,10,10,10,10,10,10,8,14,14,14,15,10,10,10,10,5,9,16,10,10,10,3,10,10,10,10,10,10,10,10,10,10,17,17,10,10,10,10,19,19,18,18,19,18,19,18,20,20,20,20,20,20,20,20","0.0082709789276123","infomap","edit-xhwikibooks.graphml"
"0.42","0.21","0.37","0.33002849002849","1,1,2,2,2,3,2,3,3,4,5,2,6,7,8,3,4,9,5,2,10,11,12,6,7,13,8,14,15,4,9,16,17,2,18,19,20,8,10,10,10,10,11,11,11,11,10,11,11,11,10,10,10,10,10,11,11,11,11,10,12,10,10,6,7,10,10,10,10,10,11,10,13,13,10,10,10,10,10,10,10,8,14,14,14,15,10,10,10,10,4,9,16,10,10,10,21,10,10,10,10,10,10,10,10,10,10,17,17,10,10,10,10,19,19,18,19,19,19,18,19,20,20,20,20,20,20,20,20","0.0069890022277832","infomap","edit-xhwikibooks.graphml"
"0.41","0.22","0.37","0.334281539922565","1,1,2,2,2,3,2,3,4,5,6,2,7,8,4,3,5,9,6,2,10,11,12,7,4,8,8,13,14,5,9,15,16,2,17,18,19,4,10,10,10,10,11,11,11,11,10,11,11,11,10,10,10,10,10,11,11,11,11,10,12,10,10,7,4,10,10,10,10,10,11,10,8,8,10,10,10,10,10,10,10,8,13,13,13,14,10,10,10,10,5,9,15,10,10,10,20,10,10,10,10,10,10,10,10,10,10,16,16,10,10,10,10,17,17,18,18,18,17,17,18,19,19,19,19,19,19,19,19","0.00681495666503906","infomap","edit-xhwikibooks.graphml"
"0.4","0.23","0.37","0.351061436189641","1,1,2,2,2,3,2,3,3,4,5,2,6,3,3,7,4,8,5,2,9,10,6,3,3,3,3,11,12,4,8,13,14,2,15,5,16,3,9,9,9,9,10,10,10,10,9,10,10,10,9,9,9,9,9,10,10,10,10,9,6,9,9,3,3,9,9,9,9,9,10,9,3,3,9,9,9,9,9,9,9,3,11,11,11,12,9,9,9,9,4,8,13,9,9,9,7,9,9,9,9,9,9,9,9,9,9,14,14,9,9,9,9,5,5,15,15,5,15,5,5,16,16,16,16,16,16,16,16","0.00714778900146484","infomap","edit-xhwikibooks.graphml"
"0.39","0.24","0.37","0.328161132871611","1,2,1,3,4,3,4,2,5,6,7,4,8,9,5,3,6,10,7,4,11,12,8,9,9,13,5,14,15,6,10,16,17,4,18,19,20,9,11,11,11,11,12,12,12,12,11,12,12,12,11,11,11,11,11,12,12,12,12,11,8,11,11,9,9,11,11,11,11,11,12,11,13,13,11,11,11,11,11,11,11,5,14,14,14,15,11,11,11,11,6,10,16,11,11,11,3,11,11,11,11,11,11,11,11,11,11,17,17,11,11,11,11,18,19,18,19,19,18,5,19,20,20,20,20,20,20,20,20","0.00720787048339844","infomap","edit-xhwikibooks.graphml"
"0.38","0.25","0.37","0.331726935264826","1,1,2,2,2,3,2,3,4,5,6,2,7,4,8,3,5,9,6,2,10,11,7,8,4,12,8,13,14,5,9,15,16,2,17,18,19,4,10,10,10,10,11,11,11,11,10,11,11,11,10,10,10,10,10,11,11,11,11,10,7,10,10,8,4,10,10,10,10,10,11,10,12,12,10,10,10,10,10,10,10,8,13,13,13,14,10,10,10,10,5,9,15,10,10,10,3,10,10,10,10,10,10,10,10,10,10,16,16,10,10,10,10,17,18,18,18,17,17,17,18,19,19,19,19,19,19,19,19","0.00698494911193848","infomap","edit-xhwikibooks.graphml"
"0.37","0.26","0.37","0.333350687213661","1,1,2,2,3,2,3,1,4,5,6,3,7,4,8,2,5,9,6,3,10,11,7,8,4,12,8,13,14,5,9,15,16,3,17,18,19,4,10,10,10,10,11,11,11,11,10,11,11,11,10,10,10,10,10,11,11,11,11,10,7,10,10,8,4,10,10,10,10,10,11,10,12,12,10,10,10,10,10,10,10,8,13,13,13,14,10,10,10,10,5,9,15,10,10,10,2,10,10,10,10,10,10,10,10,10,10,16,16,10,10,10,10,18,18,18,17,17,17,17,17,19,19,19,19,19,19,19,19","0.00835800170898438","infomap","edit-xhwikibooks.graphml"
"0.36","0.27","0.37","0.335137052269888","1,1,2,2,2,3,2,4,5,6,7,2,8,4,5,3,6,9,7,2,10,11,8,5,5,12,4,13,14,6,9,15,16,2,17,18,19,18,10,10,10,10,11,11,11,11,10,11,11,11,10,10,10,10,10,11,11,11,11,10,8,10,10,5,5,10,10,10,10,10,11,10,12,12,10,10,10,10,10,10,10,4,13,13,13,14,10,10,10,10,6,9,15,10,10,10,3,10,10,10,10,10,10,10,10,10,10,16,16,10,10,10,10,17,17,17,17,18,18,18,18,19,19,19,19,19,19,19,19","0.00697994232177734","infomap","edit-xhwikibooks.graphml"
"0.35","0.28","0.37","0.33647855491367","1,1,1,2,3,2,3,2,4,5,6,3,7,2,4,8,5,9,6,3,10,11,12,7,4,13,2,14,15,5,9,16,17,3,18,19,20,2,10,10,10,10,11,11,11,11,10,11,11,11,10,10,10,10,10,11,11,11,11,10,12,10,10,7,4,10,10,10,10,10,11,10,13,13,10,10,10,10,10,10,10,2,14,14,14,15,10,10,10,10,5,9,16,10,10,10,8,10,10,10,10,10,10,10,10,10,10,17,17,10,10,10,10,18,19,19,18,18,19,19,19,20,20,20,20,20,20,20,20","0.0055999755859375","infomap","edit-xhwikibooks.graphml"
"0.34","0.29","0.37","0.336994736126489","1,2,1,1,3,1,3,1,4,5,6,3,7,8,9,10,5,11,6,3,12,2,7,9,8,13,8,14,15,5,11,16,17,3,18,4,19,9,12,12,12,12,2,2,2,2,12,2,2,2,12,12,12,12,12,2,2,2,2,12,7,12,12,9,8,12,12,12,12,12,2,12,13,13,12,12,12,12,12,12,12,8,14,14,14,15,12,12,12,12,5,11,16,12,12,12,10,12,12,12,12,12,12,12,12,12,12,17,17,12,12,12,12,4,18,18,18,18,4,4,4,19,19,19,19,19,19,19,19","0.00705790519714355","infomap","edit-xhwikibooks.graphml"
"0.33","0.3","0.37","0.333597026716461","1,2,1,2,3,2,3,2,4,5,6,3,7,8,9,10,5,11,6,3,12,2,7,2,9,13,8,14,15,5,11,16,17,3,4,18,19,4,12,12,12,12,2,2,2,2,12,2,2,2,12,12,12,12,12,2,2,2,2,12,7,12,12,2,9,12,12,12,12,12,2,12,13,13,12,12,12,12,12,12,12,8,14,14,14,15,12,12,12,12,5,11,16,12,12,12,10,12,12,12,12,12,12,12,12,12,12,17,17,12,12,12,12,4,18,4,18,4,4,4,4,19,19,19,19,19,19,19,19","0.0069270133972168","infomap","edit-xhwikibooks.graphml"
"0.32","0.31","0.37","0.335372153365344","1,2,1,1,3,4,3,2,4,5,6,3,7,8,9,10,5,11,6,3,12,13,7,8,8,14,9,15,16,5,11,17,18,3,19,20,21,9,12,12,12,12,13,13,13,13,12,13,13,13,12,12,12,12,12,13,13,13,13,12,7,12,12,8,8,12,12,12,12,12,13,12,14,14,12,12,12,12,12,12,12,9,15,15,15,16,12,12,12,12,5,11,17,12,12,12,10,12,12,12,12,12,12,12,12,12,12,18,18,12,12,12,12,20,20,20,19,20,20,19,19,21,21,21,21,21,21,21,21","0.00727605819702148","infomap","edit-xhwikibooks.graphml"
"0.31","0.32","0.37","0.338996037574331","1,2,1,1,3,4,3,4,4,5,6,3,7,8,9,10,5,11,6,3,12,2,7,8,9,13,9,14,15,5,11,16,17,3,18,13,19,13,12,12,12,12,2,2,2,2,12,2,2,2,12,12,12,12,12,2,2,2,2,12,7,12,12,8,9,12,12,12,12,12,2,12,13,13,12,12,12,12,12,12,12,9,14,14,14,15,12,12,12,12,5,11,16,12,12,12,10,12,12,12,12,12,12,12,12,12,12,17,17,12,12,12,12,18,18,18,13,18,13,18,13,19,19,19,19,19,19,19,19","0.00723695755004883","infomap","edit-xhwikibooks.graphml"
"0.3","0.33","0.37","0.332801472537476","1,2,1,3,4,3,4,3,3,5,6,4,7,8,3,9,5,10,6,4,2,11,7,8,8,12,3,13,14,5,10,15,16,4,17,18,19,3,2,2,2,2,11,11,11,11,2,11,11,11,2,2,2,2,2,11,11,11,11,2,7,2,2,8,8,2,2,2,2,2,11,2,12,12,2,2,2,2,2,2,2,3,13,13,13,14,2,2,2,2,5,10,15,2,2,2,9,2,2,2,2,2,2,2,2,2,2,16,16,2,2,2,2,18,18,18,17,18,18,17,18,19,19,19,19,19,19,19,19","0.00577282905578613","infomap","edit-xhwikibooks.graphml"
"0.29","0.34","0.37","0.335167492666503","1,2,1,1,3,4,3,2,5,6,7,3,8,9,5,4,6,10,7,3,11,12,8,9,5,13,9,14,15,6,10,16,17,3,18,19,20,9,11,11,11,11,12,12,12,12,11,12,12,12,11,11,11,11,11,12,12,12,12,11,8,11,11,9,5,11,11,11,11,11,12,11,13,13,11,11,11,11,11,11,11,9,14,14,14,15,11,11,11,11,6,10,16,11,11,11,4,11,11,11,11,11,11,11,11,11,11,17,17,11,11,11,11,19,19,18,19,18,19,19,18,20,5,20,5,5,5,5,5","0.00699114799499512","infomap","edit-xhwikibooks.graphml"
"0.28","0.35","0.37","0.347821656619968","1,2,1,1,3,1,3,2,4,5,6,3,7,8,4,9,5,10,6,3,11,12,13,7,4,14,8,15,16,5,10,17,18,3,19,20,21,21,11,11,11,11,12,12,12,12,11,12,12,12,11,11,11,11,11,12,12,12,12,11,13,11,11,7,4,11,11,11,11,11,12,11,14,14,11,11,11,11,11,11,11,8,15,15,15,16,11,11,11,11,5,10,17,11,11,11,9,11,11,11,11,11,11,11,11,11,11,18,18,11,11,11,11,20,20,19,19,20,19,20,19,21,21,21,21,21,21,21,21","0.00996804237365723","infomap","edit-xhwikibooks.graphml"
"0.27","0.36","0.37","0.344933542548655","1,2,1,1,3,2,3,2,4,5,6,3,7,8,4,9,5,10,6,3,11,2,7,8,4,4,8,12,13,5,10,14,15,3,16,17,18,8,11,11,11,11,2,2,2,2,11,2,2,2,11,11,11,11,11,2,2,2,2,11,7,11,11,8,4,11,11,11,11,11,2,11,4,4,11,11,11,11,11,11,11,8,12,12,12,13,11,11,11,11,5,10,14,11,11,11,9,11,11,11,11,11,11,11,11,11,11,15,15,11,11,11,11,17,17,4,17,16,4,17,4,18,18,18,18,18,18,18,18","0.0059809684753418","infomap","edit-xhwikibooks.graphml"
"0.26","0.37","0.37","0.346101320787846","1,2,1,1,3,2,3,2,4,5,6,3,7,8,4,9,5,10,6,3,11,2,7,4,8,12,8,13,14,5,10,15,16,3,17,18,19,4,11,11,11,11,2,2,2,2,11,2,2,2,11,11,11,11,11,2,2,2,2,11,7,11,11,4,8,11,11,11,11,11,2,11,12,12,11,11,11,11,11,11,11,8,13,13,13,14,11,11,11,11,5,10,15,11,11,11,9,11,11,11,11,11,11,11,11,11,11,16,16,11,11,11,11,17,18,18,17,18,18,4,18,19,19,19,19,19,19,19,19","0.00881505012512207","infomap","edit-xhwikibooks.graphml"
"0.25","0.38","0.37","0.358901921668645","1,1,2,2,2,3,2,1,3,4,5,2,6,3,3,7,4,5,8,2,9,10,6,3,3,11,3,12,1,4,5,8,13,2,14,8,15,3,9,9,9,9,10,10,10,10,9,10,10,10,9,9,9,9,9,10,10,10,10,9,16,9,9,3,3,9,9,9,9,9,10,9,11,11,9,9,9,9,9,9,9,3,12,12,12,17,9,9,9,9,18,19,20,9,9,9,7,9,9,9,9,9,9,9,9,9,9,13,13,9,9,9,9,8,14,14,8,14,8,14,8,15,15,15,15,15,15,15,15","0.0111298561096191","infomap","edit-xhwikibooks.graphml"
"0.24","0.39","0.37","0.365815129665862","1,2,1,1,3,1,3,2,1,4,5,3,6,7,7,8,4,5,9,3,10,11,6,12,7,13,7,14,2,4,5,9,15,3,9,16,17,7,10,10,10,10,11,11,11,11,10,11,11,11,10,10,10,10,10,11,11,11,11,10,18,10,10,12,7,10,10,10,10,10,11,10,13,13,10,10,10,10,10,10,10,7,14,14,14,19,10,10,10,10,20,21,22,10,10,10,8,10,10,10,10,10,10,10,10,10,10,15,15,10,10,10,10,16,16,9,16,9,9,16,16,17,17,17,17,17,17,17,17","0.00947690010070801","infomap","edit-xhwikibooks.graphml"
"0.23","0.4","0.37","0.341573079427083","1,2,1,1,3,4,3,4,4,5,6,3,7,8,9,4,5,6,10,3,2,11,7,8,9,12,8,13,14,5,6,10,15,3,16,10,17,9,2,2,2,2,11,11,11,11,2,11,11,11,2,2,2,2,2,11,11,11,11,2,18,2,2,8,9,2,2,2,2,2,11,2,12,12,2,2,2,2,2,2,2,8,13,13,13,19,2,2,2,2,20,21,22,2,2,2,4,2,2,2,2,2,2,2,2,2,2,15,15,2,2,2,2,16,10,10,10,16,16,16,16,9,17,17,17,9,9,9,17","0.00864100456237793","infomap","edit-xhwikibooks.graphml"
"0.22","0.41","0.37","0.356902699411651","1,2,3,3,3,4,3,5,6,7,8,3,9,5,10,4,7,8,11,3,12,1,9,5,10,13,5,14,2,7,8,11,15,3,6,11,16,5,12,12,12,12,1,1,1,1,12,1,1,1,12,12,12,12,12,1,1,1,1,12,17,12,12,5,10,12,12,12,12,12,1,12,13,13,12,12,12,12,12,12,12,5,14,14,14,18,12,12,12,12,19,20,21,12,12,12,4,12,12,12,12,12,12,12,12,12,12,15,15,12,12,12,12,6,6,11,6,6,11,11,6,16,16,16,16,16,16,16,16","0.00694799423217773","infomap","edit-xhwikibooks.graphml"
"0.21","0.42","0.37","0.358943334970652","1,1,2,2,2,3,2,4,5,6,7,2,8,9,5,3,6,10,7,2,11,12,8,9,5,13,5,14,1,6,10,7,15,2,16,4,17,4,11,11,11,11,12,12,12,12,11,12,12,12,11,11,11,11,11,12,12,12,12,11,18,11,11,9,5,11,11,11,11,11,12,11,13,13,11,11,11,11,11,11,11,5,14,14,14,19,11,11,11,11,20,21,22,11,11,11,3,11,11,11,11,11,11,11,11,11,11,15,15,11,11,11,11,16,16,4,4,4,16,4,16,17,17,17,17,17,17,17,17","0.00968599319458008","infomap","edit-xhwikibooks.graphml"
"0.2","0.43","0.37","0.365791870467195","1,1,1,2,3,2,3,2,4,5,6,3,7,2,4,8,5,9,6,3,10,11,7,2,2,12,4,13,1,5,9,6,14,3,15,16,17,2,10,10,10,10,11,11,11,11,10,11,11,11,10,10,10,10,10,11,11,11,11,10,18,10,10,2,2,10,10,10,10,10,11,10,12,12,10,10,10,10,10,10,10,4,13,13,13,19,10,10,10,10,20,21,22,10,10,10,8,10,10,10,10,10,10,10,10,10,10,14,14,10,10,10,10,16,16,15,16,16,16,15,16,17,17,17,17,17,17,17,17","0.00621700286865234","infomap","edit-xhwikibooks.graphml"
"0.19","0.44","0.37","0.362530830569558","1,1,1,1,2,3,2,4,3,5,6,2,7,4,8,3,5,9,6,2,10,11,7,4,4,12,8,13,14,5,9,6,15,2,16,17,18,8,10,10,10,10,11,11,11,11,10,11,11,11,10,10,10,10,10,11,11,11,11,10,19,10,10,4,4,10,10,10,10,10,11,10,12,12,10,10,10,10,10,10,10,8,13,13,13,20,10,10,10,10,21,22,23,10,10,10,3,10,10,10,10,10,10,10,10,10,10,15,15,10,10,10,10,16,17,16,16,16,16,17,16,18,18,18,18,18,18,18,18","0.00812387466430664","infomap","edit-xhwikibooks.graphml"
"0.18","0.45","0.37","0.350901203325931","1,1,2,2,2,3,2,1,1,4,5,2,6,7,8,3,4,9,5,2,10,11,6,7,8,12,8,13,1,4,9,5,14,2,15,16,17,8,10,10,10,10,11,11,11,11,10,11,11,11,10,10,10,10,10,11,11,11,11,10,18,10,10,7,8,10,10,10,10,10,11,10,12,12,10,10,10,10,10,10,10,8,13,13,13,19,10,10,10,10,20,21,22,10,10,10,3,10,10,10,10,10,10,10,10,10,10,14,14,10,10,10,10,15,15,15,15,15,16,16,16,17,17,17,17,17,17,17,17","0.00801801681518555","infomap","edit-xhwikibooks.graphml"
"0.17","0.46","0.37","0.350096183441059","1,2,1,2,3,4,3,2,5,6,7,3,8,9,5,4,6,10,7,3,11,12,8,9,9,13,5,14,2,6,10,7,15,3,16,17,18,5,11,11,11,11,12,12,12,12,11,12,12,12,11,11,11,11,11,12,12,12,12,11,19,11,11,9,9,11,11,11,11,11,12,11,13,13,11,11,11,11,11,11,11,5,14,14,14,20,11,11,11,11,21,22,23,11,11,11,4,11,11,11,11,11,11,11,11,11,11,15,15,11,11,11,11,17,16,16,17,16,17,16,16,18,18,18,18,18,18,18,18","0.00758790969848633","infomap","edit-xhwikibooks.graphml"
"0.16","0.47","0.37","0.38013343769515","1,2,1,1,3,4,3,5,4,6,7,3,8,5,4,9,6,10,7,3,11,12,8,8,5,13,4,14,2,6,10,7,15,3,16,16,4,4,11,11,11,11,12,12,12,12,11,12,12,12,11,11,11,11,11,12,12,12,12,11,17,11,11,8,5,11,11,11,11,11,12,11,13,13,11,11,11,11,11,11,11,4,14,14,14,18,11,11,11,11,19,20,21,11,11,11,9,11,11,11,11,11,11,11,11,11,11,15,15,11,11,11,11,16,16,16,16,16,16,16,16,4,4,4,4,4,4,4,4","0.0108017921447754","infomap","edit-xhwikibooks.graphml"
"0.15","0.48","0.37","0.351265638370634","1,1,2,2,2,3,2,4,3,5,6,2,7,4,8,3,5,6,9,2,10,11,7,4,8,12,4,13,1,5,6,9,14,2,9,15,16,4,10,10,10,10,11,11,11,11,10,11,11,11,10,10,10,10,10,11,11,11,11,10,17,10,10,4,8,10,10,10,10,10,11,10,12,12,10,10,10,10,10,10,10,4,13,13,13,18,10,10,10,10,19,20,21,10,10,10,3,10,10,10,10,10,10,10,10,10,10,14,14,10,10,10,10,15,15,15,9,15,9,15,15,16,16,16,16,16,16,16,16","0.00628304481506348","infomap","edit-xhwikibooks.graphml"
"0.14","0.49","0.37","0.313584687213111","1,2,1,3,4,3,4,5,3,6,4,7,8,5,9,3,6,4,10,7,11,12,8,9,9,13,5,14,2,6,4,10,7,7,10,15,16,9,11,11,11,11,2,2,2,12,11,2,2,12,11,11,11,11,11,2,2,2,2,11,17,11,11,9,9,11,11,11,11,11,2,11,13,13,11,11,11,11,11,11,11,5,14,14,14,18,11,11,11,11,19,20,21,11,11,11,3,11,11,11,11,11,11,11,11,11,11,7,7,11,11,11,11,15,15,15,15,15,15,15,15,16,16,16,16,16,16,16,16","0.00853586196899414","infomap","edit-xhwikibooks.graphml"
"0.13","0.5","0.37","0.360106886869978","1,2,1,3,4,3,4,3,5,6,4,7,8,5,9,3,6,4,10,7,11,12,8,3,5,13,9,14,2,6,4,10,7,7,10,15,16,5,11,11,11,11,12,12,12,12,11,12,12,12,11,11,11,11,11,12,12,12,12,11,17,11,11,3,5,11,11,11,11,11,12,11,13,13,11,11,11,11,11,11,11,9,14,14,14,18,11,11,11,11,19,20,21,11,11,11,3,11,11,11,11,11,11,11,11,11,11,7,7,11,11,11,11,15,15,9,9,9,9,15,9,16,16,16,16,16,16,16,16","0.00799298286437988","infomap","edit-xhwikibooks.graphml"
"0.12","0.51","0.37","0.371300975278488","1,2,1,3,4,5,4,3,3,6,4,7,8,3,9,5,6,4,10,7,2,11,8,3,3,12,9,13,2,6,4,10,7,7,14,10,9,3,2,2,2,2,11,11,11,11,2,11,11,11,2,2,2,2,2,11,11,11,11,2,15,2,2,3,3,2,2,2,2,2,11,2,12,12,2,2,2,2,2,2,2,9,13,13,13,16,2,2,2,2,17,18,19,2,2,2,5,2,2,2,2,2,2,2,2,2,2,7,7,2,2,2,2,10,14,10,14,10,10,14,14,9,9,9,9,9,9,9,9","0.00553488731384277","infomap","edit-xhwikibooks.graphml"
"0.11","0.52","0.37","0.373992407208729","1,2,1,1,3,4,3,4,4,5,3,6,7,8,9,4,5,3,10,6,11,12,7,8,8,13,9,14,2,5,3,10,6,6,10,15,16,8,11,11,11,11,12,12,12,12,11,2,12,2,11,11,11,11,11,12,12,12,2,11,17,11,11,8,8,11,11,11,11,11,12,11,13,13,11,11,11,11,11,11,11,9,14,14,14,18,11,11,11,11,19,20,21,11,11,11,4,11,11,11,11,11,11,11,11,11,11,6,6,11,11,11,11,10,10,15,10,10,10,10,15,16,16,16,16,16,16,16,16","0.00669097900390625","infomap","edit-xhwikibooks.graphml"
"0.1","0.53","0.37","0.38328525034907","1,2,1,1,3,4,3,2,2,5,3,6,7,8,8,4,5,3,9,6,10,11,7,8,8,12,8,13,2,5,3,9,6,6,14,9,15,2,10,10,10,10,11,11,11,11,10,11,11,11,10,10,10,10,10,11,11,11,11,10,16,10,10,8,8,10,10,10,10,10,11,10,12,12,10,10,10,10,10,10,10,8,13,13,13,17,10,10,10,10,18,19,20,10,10,10,4,10,10,10,10,10,10,10,10,10,10,6,6,10,10,10,10,9,14,9,14,14,9,14,9,15,15,15,15,15,15,15,15","0.0105361938476562","infomap","edit-xhwikibooks.graphml"
"0.09","0.54","0.37","0.361191055303559","1,2,1,1,3,4,3,4,4,5,3,6,7,4,4,8,5,3,9,6,10,11,7,4,4,12,4,13,2,5,3,9,6,6,14,9,15,4,10,10,10,10,2,2,2,11,10,2,2,2,10,10,10,10,10,2,2,2,2,10,16,10,10,4,4,10,10,10,10,10,2,10,12,12,10,10,10,10,10,10,10,4,13,13,13,17,10,10,10,10,18,19,20,10,10,10,8,10,10,10,10,10,10,10,10,10,10,6,6,10,10,10,10,9,9,14,14,14,14,14,14,15,15,15,15,15,15,15,15","0.00816702842712402","infomap","edit-xhwikibooks.graphml"
"0.08","0.55","0.37","0.382124903004199","1,2,1,1,3,1,3,4,1,5,6,3,4,7,1,8,5,6,6,3,9,10,4,4,7,11,7,12,2,5,6,6,3,3,13,14,15,15,9,9,9,9,10,10,10,10,9,10,10,10,9,9,9,9,9,10,10,10,10,9,16,9,9,4,7,9,9,9,9,9,10,9,11,11,9,9,9,9,9,9,9,7,12,12,12,17,9,9,9,9,18,19,20,9,9,9,8,9,9,9,9,9,9,9,9,9,9,3,3,9,9,9,9,14,13,13,14,13,14,14,14,15,15,15,15,15,15,15,15","0.00682497024536133","infomap","edit-xhwikibooks.graphml"
"0.07","0.56","0.37","0.393613308884645","1,2,1,1,3,4,3,4,5,6,3,7,8,4,5,9,6,3,10,7,11,12,8,4,5,13,4,14,2,6,3,10,7,7,15,10,4,5,11,11,11,11,12,12,12,12,11,12,12,12,11,11,11,11,11,12,12,12,12,11,16,11,11,4,5,11,11,11,11,11,12,11,13,13,11,11,11,11,11,11,11,4,14,14,14,17,11,11,11,11,18,19,20,11,11,11,9,11,11,11,11,11,11,11,11,11,11,7,7,11,11,11,11,15,15,15,15,15,15,15,15,4,4,4,4,4,4,4,4","0.00835299491882324","infomap","edit-xhwikibooks.graphml"
"0.06","0.57","0.37","0.389597104297104","1,2,1,3,4,3,4,3,3,5,4,6,7,8,9,3,5,4,10,6,11,2,7,8,8,12,8,13,2,5,4,10,6,6,14,10,9,9,11,11,11,11,2,2,2,2,11,2,2,2,11,11,11,11,11,2,2,2,2,11,15,11,11,8,8,11,11,11,11,11,2,11,12,12,11,11,11,11,11,11,11,8,13,13,13,16,11,11,11,11,17,18,19,11,11,11,3,11,11,11,11,11,11,11,11,11,11,6,6,11,11,11,11,10,10,14,14,14,10,10,10,9,9,9,9,9,9,9,9","0.00799107551574707","infomap","edit-xhwikibooks.graphml"
"0.05","0.58","0.37","0.384781949950759","1,2,1,1,3,4,3,2,4,5,3,6,7,8,9,4,5,3,10,6,11,12,7,8,9,10,9,13,2,5,3,10,6,6,14,10,15,9,11,11,11,11,12,12,12,12,11,12,12,12,11,11,11,11,11,12,12,12,12,11,16,11,11,8,9,11,11,11,11,11,12,11,10,10,11,11,11,11,11,11,11,9,13,13,13,17,11,11,11,11,18,19,20,11,11,11,4,11,11,11,11,11,11,11,11,11,11,6,6,11,11,11,11,10,10,14,14,10,10,14,10,15,15,15,15,15,15,15,15","0.00548505783081055","infomap","edit-xhwikibooks.graphml"
"0.04","0.59","0.37","0.351472488226747","1,2,1,3,4,3,4,5,3,6,4,7,8,5,9,3,6,4,10,7,11,12,8,5,9,13,5,14,2,6,4,10,7,7,15,10,16,5,11,11,11,11,2,2,2,12,11,2,2,2,11,11,11,11,11,2,12,2,2,11,17,11,11,5,9,11,11,11,11,11,2,11,13,13,11,11,11,11,11,11,11,5,14,14,14,18,11,11,11,11,19,20,21,11,11,11,3,11,11,11,11,11,11,11,11,11,11,7,7,11,11,11,11,15,15,10,10,10,15,10,10,16,16,16,16,16,16,16,16","0.00699496269226074","infomap","edit-xhwikibooks.graphml"
"0.03","0.6","0.37","0.393237936580317","1,2,1,1,3,4,3,2,4,5,3,6,7,8,4,9,5,3,10,6,11,12,7,8,4,8,8,13,2,5,3,10,6,6,10,4,14,8,11,11,11,11,12,12,12,12,11,12,12,12,11,11,11,11,11,12,12,12,12,11,15,11,11,8,4,11,11,11,11,11,12,11,8,8,11,11,11,11,11,11,11,8,13,13,13,16,11,11,11,11,17,18,19,11,11,11,9,11,11,11,11,11,11,11,11,11,11,6,6,11,11,11,11,10,4,10,10,10,10,4,10,14,14,14,14,14,14,14,14","0.00835108757019043","infomap","edit-xhwikibooks.graphml"
"0.02","0.61","0.37","0.375845587513222","1,2,1,1,3,4,3,5,4,6,3,7,8,5,9,4,6,3,10,7,11,12,8,5,9,13,9,14,2,6,3,10,7,7,15,10,16,5,11,11,11,11,12,12,12,12,11,12,12,12,11,11,11,11,11,12,12,12,12,11,17,11,11,5,9,11,11,11,11,11,12,11,13,13,11,11,11,11,11,11,11,9,14,14,14,18,11,11,11,11,19,20,21,11,11,11,4,11,11,11,11,11,11,11,11,11,11,7,7,11,11,11,11,15,15,10,10,15,10,10,15,9,16,9,16,9,16,9,16","0.00552701950073242","infomap","edit-xhwikibooks.graphml"
"0.01","0.62","0.37","0.386724672187112","1,2,1,1,3,4,3,5,1,6,3,7,8,5,9,4,6,3,10,7,11,2,8,5,9,12,5,13,2,6,3,10,7,7,14,10,15,5,11,11,11,11,2,2,2,2,11,2,2,2,11,11,11,11,11,2,2,2,2,11,16,11,11,5,9,11,11,11,11,11,2,11,12,12,11,11,11,11,11,11,11,5,13,13,13,17,11,11,11,11,18,19,20,11,11,11,4,11,11,11,11,11,11,11,11,11,11,7,7,11,11,11,11,10,14,10,14,10,14,14,10,15,15,15,15,15,15,15,15","0.00561904907226562","infomap","edit-xhwikibooks.graphml"
"0","0.63","0.37","0.209956198448185","1,2,1,1,3,4,3,5,5,6,3,7,8,5,9,4,6,3,10,7,11,12,8,9,5,13,9,14,2,6,3,10,7,7,15,10,16,9,11,2,2,2,12,12,12,12,2,12,12,12,2,2,11,2,2,12,12,12,12,11,17,11,2,9,5,11,11,11,11,2,12,2,13,13,11,11,2,2,11,11,2,9,14,14,14,18,11,2,2,2,19,20,21,11,2,2,4,11,11,2,2,2,2,11,2,11,11,7,7,2,11,11,11,10,15,15,15,10,15,15,10,16,16,16,16,16,16,16,16","0.00687909126281738","infomap","edit-xhwikibooks.graphml"
"0.62","0","0.38","0.339513857295654","1,2,1,3,4,3,4,3,5,6,7,4,8,9,5,10,6,11,7,12,12,2,13,8,5,14,9,15,16,6,11,17,18,12,19,20,21,9,12,12,12,12,2,2,2,2,12,2,2,2,12,12,12,12,12,2,2,2,2,12,13,12,12,8,5,12,12,12,12,12,2,12,14,14,12,12,12,12,12,12,12,9,15,15,15,16,12,12,12,12,6,11,17,12,12,12,10,12,12,12,12,12,12,12,12,12,12,18,18,12,12,12,12,20,20,20,20,19,19,19,19,21,21,21,21,21,21,21,21","0.00572490692138672","infomap","edit-xhwikibooks.graphml"
"0.61","0.01","0.38","0.342860630716503","1,1,2,3,2,3,4,3,5,6,7,4,8,9,10,3,6,11,7,4,12,13,14,8,10,15,9,16,17,6,11,18,19,4,20,5,21,5,12,12,12,12,13,13,13,13,12,13,13,13,12,12,12,12,12,13,13,13,13,12,14,12,12,8,10,12,12,12,12,12,13,12,15,15,12,12,12,12,12,12,12,9,16,16,16,17,12,12,12,12,6,11,18,12,12,12,3,12,12,12,12,12,12,12,12,12,12,19,19,12,12,12,12,5,20,20,5,5,20,5,20,21,21,21,21,21,21,21,21","0.00554704666137695","infomap","edit-xhwikibooks.graphml"
"0.6","0.02","0.38","0.339389653001592","1,1,2,2,2,3,4,5,3,6,4,4,5,5,7,8,6,9,4,10,10,11,12,13,7,14,14,8,15,6,9,16,17,10,7,18,19,7,10,10,10,10,11,11,11,11,10,11,11,11,10,10,10,10,10,11,11,11,11,10,12,10,10,13,7,10,10,10,10,10,11,10,14,14,10,10,10,10,10,10,10,14,8,8,8,15,10,10,10,10,6,9,16,10,10,10,8,10,10,10,10,10,10,10,10,10,10,17,17,10,10,10,10,18,18,7,18,18,7,7,7,19,19,19,19,19,19,19,19","0.00748205184936523","infomap","edit-xhwikibooks.graphml"
"0.59","0.03","0.38","0.34894717375778","1,1,2,2,2,2,3,2,2,4,3,5,2,6,7,8,4,9,10,5,11,1,12,6,6,13,7,14,15,4,9,16,17,11,7,10,18,7,11,11,11,11,1,1,1,1,11,1,1,1,11,11,11,11,11,1,1,1,1,11,12,11,11,6,6,11,11,11,11,11,1,11,13,13,11,11,11,11,11,11,11,7,14,14,14,15,11,11,11,11,4,9,16,11,11,11,8,11,11,11,11,11,11,11,11,11,11,17,17,11,11,11,11,10,10,7,10,7,10,7,10,18,18,18,18,18,18,18,18","0.00823593139648438","infomap","edit-xhwikibooks.graphml"
"0.58","0.04","0.38","0.343718824042898","1,2,1,3,4,3,4,5,6,7,8,9,5,10,6,11,7,12,8,9,13,2,14,10,10,15,16,11,17,7,12,18,19,9,16,20,21,10,13,13,13,13,2,2,2,2,13,2,2,2,13,13,13,13,13,2,2,2,2,13,14,13,13,10,10,13,13,13,13,13,2,13,15,15,13,13,13,13,13,13,13,16,11,11,11,17,13,13,13,13,7,12,18,13,13,13,11,13,13,13,13,13,13,13,13,13,13,19,19,13,13,13,13,20,16,16,20,20,20,20,16,21,21,21,21,21,21,21,21","0.00553107261657715","infomap","edit-xhwikibooks.graphml"
"0.57","0.05","0.38","0.33249347783331","1,2,1,3,1,3,4,2,2,5,4,6,7,8,2,3,5,9,10,6,11,12,13,7,14,15,8,16,17,5,9,18,19,6,20,10,21,2,11,11,11,11,12,12,12,12,11,12,12,12,11,11,11,11,11,12,12,12,12,11,13,11,11,7,14,11,11,11,11,11,12,11,15,15,11,11,11,11,11,11,11,8,16,16,16,17,11,11,11,11,5,9,18,11,11,11,3,11,11,11,11,11,11,11,11,11,11,19,19,11,11,11,11,10,10,20,20,20,10,20,10,21,21,21,21,21,21,21,21","0.00719904899597168","infomap","edit-xhwikibooks.graphml"
"0.56","0.06","0.38","0.328449300638623","1,1,2,2,3,4,3,5,5,6,7,8,5,9,10,4,6,11,7,8,12,13,14,9,15,16,10,17,18,6,11,19,20,8,21,22,23,9,12,12,12,12,13,13,13,13,12,13,13,13,12,12,12,12,12,13,13,13,13,12,14,12,12,9,15,12,12,12,12,12,13,12,16,16,12,12,12,12,12,12,12,10,17,17,17,18,12,12,12,12,6,11,19,12,12,12,4,12,12,12,12,12,12,12,12,12,12,20,20,12,12,12,12,22,22,21,22,22,21,21,22,23,23,23,23,23,23,23,23","0.00993585586547852","infomap","edit-xhwikibooks.graphml"
"0.55","0.07","0.38","0.332759221816623","1,1,2,3,2,3,4,5,3,6,4,7,5,8,9,10,6,11,12,7,13,14,15,16,8,17,9,10,18,6,11,19,20,13,12,21,22,9,13,13,13,13,14,14,14,14,13,14,14,14,13,13,13,13,13,14,14,14,14,13,15,13,13,16,8,13,13,13,13,13,14,13,17,17,13,13,13,13,13,13,13,9,10,10,10,18,13,13,13,13,6,11,19,13,13,13,10,13,13,13,13,13,13,13,13,13,13,20,20,13,13,13,13,21,21,12,21,12,12,12,12,22,22,22,22,22,22,22,22","0.00738096237182617","infomap","edit-xhwikibooks.graphml"
"0.54","0.08","0.38","0.330067940539777","1,1,2,2,3,4,3,5,4,6,7,8,5,9,10,11,6,12,7,8,13,14,15,9,16,17,10,11,18,6,12,19,20,8,21,22,23,5,13,13,13,13,14,14,14,14,13,14,14,14,13,13,13,13,13,14,14,14,14,13,15,13,13,9,16,13,13,13,13,13,14,13,17,17,13,13,13,13,13,13,13,10,11,11,11,18,13,13,13,13,6,12,19,13,13,13,11,13,13,13,13,13,13,13,13,13,13,20,20,13,13,13,13,21,22,21,21,22,21,22,22,23,23,23,23,23,23,23,23","0.00721597671508789","infomap","edit-xhwikibooks.graphml"
"0.53","0.09","0.38","0.333589275368167","1,2,1,1,1,3,4,2,3,5,6,4,7,8,3,9,5,10,6,11,12,13,14,7,8,15,3,16,17,5,10,18,19,11,20,21,22,3,12,12,12,12,13,13,13,13,12,13,13,13,12,12,12,12,12,13,13,13,13,12,14,12,12,7,8,12,12,12,12,12,13,12,15,15,12,12,12,12,12,12,12,3,16,16,16,17,12,12,12,12,5,10,18,12,12,12,9,12,12,12,12,12,12,12,12,12,12,19,19,12,12,12,12,20,20,21,21,21,20,21,20,22,22,22,22,22,22,22,22","0.0112779140472412","infomap","edit-xhwikibooks.graphml"
"0.52","0.1","0.38","0.33130813643452","1,1,2,3,2,3,4,5,3,6,7,4,8,5,9,3,6,10,7,4,11,12,13,8,14,15,9,16,17,6,10,18,19,4,20,21,22,5,11,11,11,11,12,12,12,12,11,12,12,12,11,11,11,11,11,12,12,12,12,11,13,11,11,8,14,11,11,11,11,11,12,11,15,15,11,11,11,11,11,11,11,9,16,16,16,17,11,11,11,11,6,10,18,11,11,11,3,11,11,11,11,11,11,11,11,11,11,19,19,11,11,11,11,20,20,21,21,21,20,21,21,22,22,22,22,22,22,22,22","0.00721192359924316","infomap","edit-xhwikibooks.graphml"
"0.51","0.11","0.38","0.328486713701251","1,2,1,1,1,3,4,3,5,6,7,4,8,9,3,10,6,11,7,12,13,2,14,8,9,15,16,10,17,6,11,18,19,12,20,5,21,5,13,13,13,13,2,2,2,2,13,2,2,2,13,13,13,13,13,2,2,2,2,13,14,13,13,8,9,13,13,13,13,13,2,13,15,15,13,13,13,13,13,13,13,16,10,10,10,17,13,13,13,13,6,11,18,13,13,13,10,13,13,13,13,13,13,13,13,13,13,19,19,12,13,13,13,5,20,20,20,20,20,20,20,21,21,21,21,21,21,21,21","0.00853204727172852","infomap","edit-xhwikibooks.graphml"
"0.5","0.12","0.38","0.329541405301697","1,1,2,2,3,4,3,5,4,6,7,3,8,5,9,10,6,11,7,3,12,13,14,8,9,15,16,10,17,6,11,18,19,12,20,21,22,5,12,12,12,12,13,13,13,13,12,13,13,13,12,12,12,12,12,13,13,13,13,12,14,12,12,8,9,12,12,12,12,12,13,12,15,15,12,12,12,12,12,12,12,16,10,10,10,17,12,12,12,12,6,11,18,12,12,12,10,12,12,12,12,12,12,12,12,12,12,19,19,12,12,12,12,21,21,20,20,21,21,20,21,22,22,22,22,22,22,22,22","0.00562310218811035","infomap","edit-xhwikibooks.graphml"
"0.49","0.13","0.38","0.324254067020177","1,2,1,2,1,3,4,2,5,6,7,4,5,8,9,3,6,10,7,11,11,12,13,5,14,15,8,16,17,6,10,18,19,11,9,20,21,5,11,11,11,11,12,12,12,12,11,12,12,12,11,11,11,11,11,12,12,12,12,11,13,11,11,5,14,11,11,11,11,11,12,11,15,15,11,11,11,11,11,11,11,8,16,16,16,17,11,11,11,11,6,10,18,11,11,11,3,11,11,11,11,11,11,11,11,11,11,19,19,11,11,11,11,9,20,9,9,9,9,20,9,21,21,21,21,21,21,21,21","0.00570893287658691","infomap","edit-xhwikibooks.graphml"
"0.48","0.14","0.38","0.327321257973446","1,2,1,1,1,3,4,5,5,6,7,4,8,9,5,3,6,10,7,4,2,11,12,8,9,13,5,14,15,6,10,16,17,2,18,19,20,9,2,2,2,2,11,11,11,11,2,11,11,11,2,2,2,2,2,11,11,11,11,2,12,2,2,8,9,2,2,2,2,2,11,2,13,13,2,2,2,2,2,2,2,5,14,14,14,15,2,2,2,2,6,10,16,2,2,2,3,2,2,2,2,2,2,2,2,2,2,17,17,2,2,2,2,19,19,19,18,19,18,18,18,20,20,20,20,20,20,20,20","0.00720405578613281","infomap","edit-xhwikibooks.graphml"
"0.47","0.15","0.38","0.348760978578667","1,1,2,2,2,3,2,3,4,5,6,2,3,4,4,3,5,7,6,2,8,9,10,4,4,4,4,11,12,5,7,13,14,2,15,16,17,4,8,8,8,8,9,9,9,9,8,9,9,9,8,8,8,8,8,9,9,9,9,8,10,8,8,4,4,8,8,8,8,8,9,8,4,4,8,8,8,8,8,8,8,4,11,11,11,12,8,8,8,8,5,7,13,8,8,8,3,8,8,8,8,8,8,8,8,8,8,14,14,8,8,8,8,16,16,15,16,16,15,15,16,17,17,17,17,17,17,17,17","0.010098934173584","infomap","edit-xhwikibooks.graphml"
"0.46","0.16","0.38","0.331071225332121","1,1,2,2,2,3,2,4,3,5,6,2,4,3,7,3,5,8,6,2,9,10,11,3,7,12,3,13,14,5,8,15,16,2,17,18,19,3,9,9,9,9,10,10,10,10,9,10,10,10,9,9,9,9,9,10,10,10,10,9,11,9,9,3,7,9,9,9,9,9,10,9,12,12,9,9,9,9,9,9,9,3,13,13,13,14,9,9,9,9,5,8,15,9,9,9,20,9,9,9,9,9,9,9,9,9,9,16,16,9,9,9,9,17,17,18,17,17,18,17,18,19,19,19,19,19,19,19,19","0.0074009895324707","infomap","edit-xhwikibooks.graphml"
"0.45","0.17","0.38","0.327977546401086","1,2,1,1,3,4,3,2,4,5,6,3,7,8,9,4,5,10,6,3,11,12,13,7,9,14,8,15,16,5,10,17,18,3,19,20,21,9,11,11,11,11,12,12,12,12,11,12,12,12,11,11,11,11,11,12,12,12,12,11,13,11,11,7,9,11,11,11,11,11,12,11,14,14,11,11,11,11,11,11,11,8,15,15,15,16,11,11,11,11,5,10,17,11,11,11,4,11,11,11,11,11,11,11,11,11,11,18,18,11,11,11,11,20,20,20,19,19,20,20,20,21,21,21,21,21,21,21,21","0.005889892578125","infomap","edit-xhwikibooks.graphml"
"0.44","0.18","0.38","0.327941330918968","1,1,2,2,2,3,2,4,3,5,6,2,4,7,8,3,5,9,6,2,10,11,12,4,7,13,8,14,15,5,9,16,17,2,18,19,20,18,10,10,10,10,11,11,11,11,10,11,11,11,10,10,10,10,10,11,11,11,11,10,12,10,10,4,7,10,10,10,10,10,11,10,13,13,10,10,10,10,10,10,10,8,14,14,14,15,10,10,10,10,5,9,16,10,10,10,3,10,10,10,10,10,10,10,10,10,10,17,17,10,10,10,10,19,19,18,18,19,19,18,19,20,20,20,20,20,20,20,20","0.00863504409790039","infomap","edit-xhwikibooks.graphml"
"0.43","0.19","0.38","0.334533997283839","1,2,1,1,3,4,3,4,4,5,6,3,7,4,8,4,5,9,6,3,10,2,11,7,8,4,4,12,13,5,9,14,15,3,16,17,18,4,10,10,10,10,2,2,2,2,10,2,2,2,10,10,10,10,10,2,2,2,2,10,11,10,10,7,8,10,10,10,10,10,2,10,4,4,10,10,10,10,10,10,10,4,12,12,12,13,10,10,10,10,5,9,14,10,10,10,19,10,10,10,10,10,10,10,10,10,10,15,15,10,10,10,10,17,16,17,17,17,17,16,17,18,18,18,18,18,18,18,18","0.00737285614013672","infomap","edit-xhwikibooks.graphml"
"0.42","0.2","0.38","0.332034484227212","1,1,2,2,2,3,2,4,3,5,6,2,7,4,8,3,5,9,6,2,10,11,12,7,8,13,8,14,15,5,9,16,17,2,18,19,20,8,10,10,10,10,11,11,11,11,10,11,11,11,10,10,10,10,10,11,11,11,11,10,12,10,10,7,8,10,10,10,10,10,11,10,13,13,10,10,10,10,10,10,10,8,14,14,14,15,10,10,10,10,5,9,16,10,10,10,3,10,10,10,10,10,10,10,10,10,10,17,17,10,10,10,10,18,19,19,19,18,19,19,19,20,20,20,20,20,20,20,20","0.00876092910766602","infomap","edit-xhwikibooks.graphml"
"0.41","0.21","0.38","0.321785112813219","1,1,2,2,2,3,2,3,3,4,5,2,6,7,8,3,4,9,5,2,1,10,11,6,7,12,8,13,14,4,9,15,16,2,17,18,19,7,1,1,1,1,10,10,10,10,1,10,10,10,1,1,1,1,1,10,10,10,10,1,11,1,1,6,7,1,1,1,1,1,10,1,12,12,1,1,1,1,1,1,1,8,13,13,13,14,1,1,1,1,4,9,15,1,1,1,3,1,1,1,1,1,1,1,1,1,1,16,16,1,1,1,1,17,18,17,17,18,17,18,17,19,19,19,19,19,19,19,19","0.00738096237182617","infomap","edit-xhwikibooks.graphml"
"0.4","0.22","0.38","0.337979958864523","1,2,1,3,4,3,4,5,6,7,8,4,5,9,6,3,7,10,8,4,11,2,12,9,9,9,6,13,14,7,10,15,16,4,17,18,19,9,11,11,11,11,2,2,2,2,11,2,2,2,11,11,11,11,11,2,2,2,2,11,12,11,11,9,9,11,11,11,11,11,2,11,9,20,11,11,11,11,11,11,11,6,13,13,13,14,11,11,11,11,7,10,15,11,11,11,3,11,11,11,11,11,11,11,11,11,11,16,16,11,11,11,11,17,17,18,18,18,18,18,17,19,19,19,19,19,19,19,19","0.00733518600463867","infomap","edit-xhwikibooks.graphml"
"0.39","0.23","0.38","0.331889653316384","1,2,1,3,4,3,4,5,3,6,7,4,8,5,9,3,6,10,7,4,2,11,12,8,5,5,9,13,14,6,10,15,16,4,17,7,18,9,2,2,2,2,11,11,11,11,2,11,11,11,2,2,2,2,2,11,11,11,11,2,12,2,2,8,5,2,2,2,2,2,11,2,5,5,2,2,2,2,2,2,2,9,13,13,13,14,2,2,2,2,6,10,15,2,2,2,3,2,2,2,2,2,2,2,2,2,2,16,16,2,2,2,2,7,7,17,7,7,7,7,17,18,18,18,18,18,18,18,18","0.030001163482666","infomap","edit-xhwikibooks.graphml"
"0.38","0.24","0.38","0.327473007213294","1,1,2,2,2,3,2,4,4,5,6,2,7,4,8,3,5,9,6,2,1,10,11,7,8,4,8,12,13,5,9,14,15,2,16,17,18,4,1,1,1,1,10,10,10,10,1,10,10,10,1,1,1,1,1,10,10,10,10,1,11,1,1,7,8,1,1,1,1,1,10,1,4,4,1,1,1,1,1,1,1,8,12,12,12,13,1,1,1,1,5,9,14,1,1,1,3,1,1,1,1,1,1,1,1,1,1,15,15,1,1,1,1,16,16,16,16,17,17,16,17,18,18,18,18,18,18,18,18","0.0118670463562012","infomap","edit-xhwikibooks.graphml"
"0.37","0.25","0.38","0.338897803997107","1,1,2,2,2,3,2,3,4,5,6,2,7,3,4,3,5,8,6,9,9,10,11,7,4,12,3,13,14,5,8,15,16,9,17,18,19,4,9,9,9,9,10,10,10,10,9,10,10,10,9,9,9,9,9,10,10,10,10,9,11,9,9,7,4,9,9,9,9,9,10,9,12,12,9,9,9,9,9,9,9,3,13,13,13,14,9,9,9,9,5,8,15,9,9,9,20,9,9,9,9,9,9,9,9,9,9,16,16,9,9,9,9,17,18,18,17,18,17,17,18,19,19,19,19,19,19,19,19","0.00597810745239258","infomap","edit-xhwikibooks.graphml"
"0.36","0.26","0.38","0.342080272880383","1,2,1,1,3,1,3,4,5,6,7,3,4,8,9,1,6,10,7,3,11,2,12,8,9,13,9,14,15,6,10,16,17,3,18,19,5,8,11,11,11,11,2,2,2,2,11,2,2,2,11,11,11,11,11,2,2,2,2,11,12,11,11,8,9,11,11,11,11,11,2,11,13,13,11,11,11,11,11,11,11,9,14,14,14,15,11,11,11,11,6,10,16,11,11,11,1,11,11,11,11,11,11,11,11,11,11,17,17,11,11,11,11,18,19,18,19,18,19,19,18,5,5,5,5,5,5,5,5","0.0101971626281738","infomap","edit-xhwikibooks.graphml"
"0.35","0.27","0.38","0.32247728658331","1,1,2,2,2,3,2,3,4,5,6,2,4,7,8,3,5,9,6,2,10,11,12,4,8,8,7,13,14,5,9,15,16,2,17,18,19,4,10,10,10,10,11,11,11,11,10,11,11,11,10,10,10,10,10,11,11,11,11,10,12,10,10,4,8,10,10,10,10,10,11,10,8,8,10,10,10,10,10,10,10,7,13,13,13,14,10,10,10,10,5,9,15,10,10,10,3,10,10,10,10,10,10,10,10,10,10,16,16,10,10,10,10,17,18,18,18,18,17,18,18,8,8,8,19,8,8,19,8","0.00723099708557129","infomap","edit-xhwikibooks.graphml"
"0.34","0.28","0.38","0.340646575179404","1,1,2,2,2,3,2,3,3,4,5,2,3,6,7,3,4,8,5,2,9,10,11,7,7,12,6,13,14,4,8,15,16,2,17,18,19,3,9,9,9,9,10,10,10,10,9,10,10,10,9,9,9,9,9,10,10,10,10,9,11,9,9,7,7,9,9,9,9,9,10,9,12,12,9,9,9,9,9,9,9,6,13,13,13,14,9,9,9,9,4,8,15,9,9,9,3,9,9,9,9,9,9,9,9,9,9,16,16,9,9,9,9,17,18,17,17,17,17,17,18,19,19,19,19,19,19,19,19","0.0116579532623291","infomap","edit-xhwikibooks.graphml"
"0.33","0.29","0.38","0.339900664954303","1,1,2,2,2,3,2,4,3,5,6,2,7,4,8,3,5,9,6,2,10,11,7,8,8,12,4,13,14,5,9,15,16,2,17,18,19,8,10,10,10,10,11,11,11,11,10,11,11,11,10,10,10,10,10,11,11,11,11,10,7,10,10,8,8,10,10,10,10,10,11,10,12,12,10,10,10,10,10,10,10,4,13,13,13,14,10,10,10,10,5,9,15,10,10,10,3,10,10,10,10,10,10,10,10,10,10,16,16,10,10,10,10,17,17,18,17,18,17,18,18,19,19,19,19,19,19,19,19","0.00569891929626465","infomap","edit-xhwikibooks.graphml"
"0.32","0.3","0.38","0.335277933657563","1,1,2,2,2,3,2,4,5,6,7,2,8,4,9,3,6,10,7,2,11,12,8,9,9,13,4,14,15,6,10,16,17,2,18,5,19,5,11,11,11,11,12,12,12,12,11,12,12,12,11,11,11,11,11,12,12,12,12,11,8,11,11,9,9,11,11,11,11,11,12,11,13,13,11,11,11,11,11,11,11,4,14,14,14,15,11,11,11,11,6,10,16,11,11,11,3,11,11,11,11,11,11,11,11,11,11,17,17,11,11,11,11,5,5,5,18,5,18,18,5,19,19,19,19,19,19,19,19","0.00582098960876465","infomap","edit-xhwikibooks.graphml"
"0.31","0.31","0.38","0.34345921154174","1,1,2,2,2,3,2,1,4,5,6,2,7,8,4,3,5,9,6,2,10,11,7,8,4,8,8,12,13,5,9,14,15,2,16,17,18,8,10,10,10,10,11,11,11,11,10,11,11,11,10,10,10,10,10,11,11,11,11,10,7,10,10,8,4,10,10,10,10,10,11,10,8,8,10,10,10,10,10,10,10,8,12,12,12,13,10,10,10,10,5,9,14,10,10,10,3,10,10,10,10,10,10,10,10,10,10,15,15,10,10,10,10,17,16,16,17,17,17,17,17,18,18,18,18,18,18,18,18","0.0101630687713623","infomap","edit-xhwikibooks.graphml"
"0.3","0.32","0.38","0.355471718099004","1,1,2,2,2,3,2,4,4,5,6,2,7,4,4,3,5,8,6,2,9,10,7,4,4,11,4,12,13,5,8,14,15,2,6,16,17,4,9,9,9,9,10,10,10,10,9,10,10,10,9,9,9,9,9,10,10,10,10,9,7,9,9,4,4,9,9,9,9,9,10,9,11,11,9,9,9,9,9,9,9,4,12,12,12,13,9,9,9,9,5,8,14,9,9,9,3,9,9,9,9,9,9,9,9,9,9,15,15,9,9,9,9,6,6,6,16,16,6,6,6,17,17,17,17,17,17,17,17","0.0113639831542969","infomap","edit-xhwikibooks.graphml"
"0.29","0.33","0.38","0.326496801383309","1,2,1,1,3,4,3,5,4,6,7,3,5,8,9,4,6,10,7,3,2,11,12,5,8,13,9,14,15,6,10,16,17,3,18,19,20,20,2,2,2,2,11,11,11,11,2,11,11,11,2,2,2,2,2,11,11,11,11,2,12,2,2,5,8,2,2,2,2,2,11,2,13,13,2,2,2,2,2,2,2,9,14,14,14,15,2,2,2,2,6,10,16,2,2,2,4,2,2,2,2,2,2,2,2,2,2,17,17,2,2,2,2,19,19,19,19,19,18,18,19,20,20,20,20,20,20,20,20","0.00843286514282227","infomap","edit-xhwikibooks.graphml"
"0.28","0.34","0.38","0.350761442152586","1,2,1,1,3,4,3,2,4,5,6,3,7,8,9,4,5,10,6,3,11,12,7,8,9,13,9,14,15,5,10,16,17,3,18,19,20,9,11,11,11,11,12,12,12,12,11,12,12,12,11,11,11,11,11,12,12,12,12,11,7,11,11,8,9,11,11,11,11,11,12,11,13,13,11,11,11,11,11,11,11,9,14,14,14,15,11,11,11,11,5,10,16,11,11,11,4,11,11,11,11,11,11,11,11,11,11,17,17,11,11,11,11,18,18,19,19,19,19,18,19,20,20,20,20,20,20,20,20","0.0071721076965332","infomap","edit-xhwikibooks.graphml"
"0.27","0.35","0.38","0.350530154055263","1,1,2,2,2,3,2,4,3,5,6,2,7,4,3,8,5,9,6,2,10,11,12,7,3,13,4,14,15,5,9,16,17,2,18,19,20,3,10,10,10,10,11,11,11,11,10,11,11,11,10,10,10,10,10,11,11,11,11,10,12,10,10,7,3,10,10,10,10,10,11,10,13,13,10,10,10,10,10,10,10,4,14,14,14,15,10,10,10,10,5,9,16,10,10,10,8,10,10,10,10,10,10,10,10,10,10,17,17,10,10,10,10,18,19,18,19,19,18,18,19,20,20,20,20,20,20,20,20","0.00716996192932129","infomap","edit-xhwikibooks.graphml"
"0.26","0.36","0.38","0.346852430555555","1,1,2,2,2,3,2,1,3,4,5,2,6,7,8,3,4,9,5,2,10,11,6,8,8,12,7,13,14,4,9,15,16,2,17,18,19,3,10,10,10,10,11,11,11,11,10,11,11,11,10,10,10,10,10,11,11,11,11,10,6,10,10,8,8,10,10,10,10,10,11,10,12,12,10,10,10,10,10,10,10,7,13,13,13,14,10,10,10,10,4,9,15,10,10,10,3,10,10,10,10,10,10,10,10,10,10,16,16,10,10,10,10,18,18,18,18,18,18,17,18,19,19,19,19,19,19,19,19","0.0102188587188721","infomap","edit-xhwikibooks.graphml"
"0.25","0.37","0.38","0.332165972222222","1,1,2,2,2,3,2,1,1,4,5,2,6,7,8,3,4,9,5,2,10,11,6,7,7,12,7,13,14,4,9,15,16,2,17,18,19,8,10,10,10,10,11,11,11,11,10,11,11,11,10,10,10,10,10,11,11,11,11,10,6,10,10,7,7,10,10,10,10,10,11,10,12,12,10,10,10,10,10,10,10,7,13,13,13,14,10,10,10,10,4,9,15,10,10,10,3,10,10,10,10,10,10,10,10,10,10,16,16,10,10,10,10,8,8,8,8,18,17,17,8,19,19,19,19,19,19,19,19","0.00784111022949219","infomap","edit-xhwikibooks.graphml"
"0.24","0.38","0.38","-0.088450437846341","1,1,2,2,2,3,2,3,4,5,6,2,7,8,4,9,5,10,6,2,11,12,7,4,8,13,8,14,15,5,10,16,17,2,6,18,19,4,1,1,1,1,12,12,12,12,1,12,12,12,1,1,1,1,1,12,12,12,12,1,7,1,1,4,8,1,1,1,1,1,12,1,13,13,1,1,1,1,1,1,1,8,14,14,14,15,1,1,1,1,5,10,16,11,1,1,9,1,1,1,1,1,1,1,1,1,1,17,17,1,1,1,1,18,18,6,18,18,6,6,18,19,19,19,19,19,19,19,19","0.0100419521331787","infomap","edit-xhwikibooks.graphml"
"0.23","0.39","0.38","0.35496806523417","1,1,2,2,2,3,2,4,3,5,6,2,7,4,3,8,5,6,9,2,10,11,7,7,3,3,4,12,1,5,6,9,13,2,9,14,15,3,10,10,10,10,11,11,11,11,10,11,11,11,10,10,10,10,10,11,11,11,11,10,16,10,10,7,3,10,10,10,10,10,11,10,3,3,10,10,10,10,10,10,10,4,12,12,12,17,10,10,10,10,18,19,20,10,10,10,8,10,10,10,10,10,10,10,10,10,10,13,13,10,10,10,10,9,14,9,9,14,9,14,14,15,15,15,15,15,15,15,15","0.00722885131835938","infomap","edit-xhwikibooks.graphml"
"0.22","0.4","0.38","0.354534046651331","1,1,2,2,2,3,2,4,4,5,6,2,7,4,8,3,5,9,6,2,10,1,7,4,8,4,4,11,1,5,9,6,12,2,13,14,15,14,10,10,10,10,1,1,1,1,10,1,1,1,10,10,10,10,10,1,1,1,1,10,16,10,10,4,8,10,10,10,10,10,1,10,4,4,10,10,10,10,10,10,10,4,11,11,11,17,10,10,10,10,18,19,20,10,10,10,3,10,10,10,10,10,10,10,10,10,10,12,12,10,10,10,10,13,14,13,13,13,14,13,13,15,15,15,15,15,15,15,15","0.00840091705322266","infomap","edit-xhwikibooks.graphml"
"0.21","0.41","0.38","0.343256578146509","1,2,1,1,3,1,3,2,2,4,5,3,6,7,8,9,4,10,5,3,11,12,6,7,2,13,8,14,15,4,10,5,16,3,17,18,19,8,11,11,11,11,12,12,12,12,11,12,12,12,11,11,11,11,11,12,12,12,12,11,20,11,11,7,2,11,11,11,11,11,12,11,13,13,11,11,11,11,11,11,11,8,14,14,14,21,11,11,11,11,22,23,24,11,11,11,9,11,11,11,11,11,11,11,11,11,11,16,16,11,11,11,11,17,18,18,18,18,18,17,18,19,19,19,19,19,19,19,19","0.00748109817504883","infomap","edit-xhwikibooks.graphml"
"0.2","0.42","0.38","0.349576736111111","1,2,1,3,4,3,4,2,3,5,6,4,7,8,3,9,5,10,6,4,11,12,7,8,8,13,8,14,2,5,10,6,15,4,16,17,18,3,11,11,11,11,12,12,12,12,11,12,12,12,11,11,11,11,11,12,12,12,12,11,19,11,11,8,8,11,11,11,11,11,12,11,13,13,11,11,11,11,11,11,11,8,14,14,14,20,11,11,11,11,21,22,23,11,11,11,9,11,11,11,11,11,11,11,11,11,11,15,15,11,11,11,11,16,17,17,17,17,17,16,17,18,18,18,18,18,18,18,18","0.0115311145782471","infomap","edit-xhwikibooks.graphml"
"0.19","0.43","0.38","0.344993521219134","1,2,1,1,3,4,3,4,5,6,7,3,8,9,5,4,6,10,7,3,2,11,8,9,5,12,5,13,14,6,10,7,15,3,16,17,18,5,2,2,2,2,11,11,11,11,2,11,11,11,2,2,2,2,2,11,11,11,11,2,19,2,2,9,5,2,2,2,2,2,11,2,12,12,2,2,2,2,2,2,2,5,13,13,13,20,2,2,2,2,21,22,23,2,2,2,4,2,2,2,2,2,2,2,2,2,2,15,15,2,2,2,2,16,17,16,17,16,17,17,16,18,18,18,18,18,18,18,18","0.00833702087402344","infomap","edit-xhwikibooks.graphml"
"0.18","0.44","0.38","0.353602980058195","1,1,1,1,2,3,2,3,4,5,6,2,7,4,3,8,5,9,6,2,10,11,7,4,3,4,3,12,13,5,9,6,14,2,15,16,17,3,10,10,10,10,11,11,11,11,10,11,11,11,10,10,10,10,10,11,11,11,11,10,18,10,10,4,3,10,10,10,10,10,11,10,4,4,10,10,10,10,10,10,10,3,12,12,12,19,10,10,10,10,20,21,22,10,10,10,8,10,10,10,10,10,10,10,10,10,10,14,14,10,10,10,10,15,15,15,15,15,16,15,15,17,17,17,17,17,17,17,17","0.00720500946044922","infomap","edit-xhwikibooks.graphml"
"0.17","0.45","0.38","0.351582074149292","1,2,1,1,3,2,3,2,4,5,6,3,7,4,2,2,5,8,6,3,9,10,7,4,4,11,4,12,2,5,8,6,13,3,14,15,16,4,9,9,9,9,10,10,10,10,9,10,10,10,9,9,9,9,9,10,10,10,10,9,17,9,9,4,4,9,9,9,9,9,10,9,11,11,9,9,9,9,9,9,9,4,12,12,12,18,9,9,9,9,19,20,21,9,9,9,2,9,9,9,9,9,9,9,9,9,9,13,13,9,9,9,9,14,15,15,14,14,14,14,14,16,16,16,16,16,16,16,16","0.00844001770019531","infomap","edit-xhwikibooks.graphml"
"0.16","0.46","0.38","0.346123517157074","1,2,1,3,4,3,4,3,3,5,6,4,7,8,9,3,5,10,6,4,2,11,7,8,8,12,9,13,2,5,10,6,14,4,15,16,17,9,2,2,2,2,11,11,11,11,2,11,11,11,2,2,2,2,2,11,11,11,11,2,18,2,2,8,8,2,2,2,2,2,11,2,12,12,2,2,2,2,2,2,2,9,13,13,13,19,2,2,2,2,20,21,22,2,2,2,3,2,2,2,2,2,2,2,2,2,2,14,14,2,2,2,2,16,15,16,16,15,16,16,15,17,17,17,17,17,17,17,17","0.0071568489074707","infomap","edit-xhwikibooks.graphml"
"0.15","0.47","0.38","0.359922334155645","1,2,1,1,3,4,3,2,4,5,6,3,7,8,4,9,5,6,10,3,11,2,7,8,8,12,4,13,2,5,6,10,14,3,10,15,16,4,11,11,11,11,2,2,2,2,11,2,2,2,11,11,11,11,11,2,2,2,2,11,17,11,11,8,8,11,11,11,11,11,2,11,12,12,11,11,11,11,11,11,11,4,13,13,13,18,11,11,11,11,19,20,21,11,11,11,9,11,11,11,11,11,11,11,11,11,11,14,14,11,11,11,11,10,10,10,10,10,15,15,15,16,16,16,16,16,16,16,16","0.00676488876342773","infomap","edit-xhwikibooks.graphml"
"0.14","0.48","0.38","-0.0715019195537766","1,1,2,2,2,3,2,4,5,6,7,2,8,9,4,3,6,10,7,2,11,12,8,4,9,13,4,14,1,6,10,7,15,2,5,16,17,4,1,1,1,1,12,12,12,12,1,12,12,12,1,1,1,1,1,12,12,12,12,1,18,1,1,4,9,1,1,1,1,1,12,1,13,13,1,11,1,1,1,1,1,4,14,14,14,19,1,1,1,1,20,21,22,1,1,1,3,1,11,1,1,1,1,1,1,1,1,15,15,1,1,1,1,16,16,5,16,16,16,5,16,17,17,17,17,17,17,17,17","0.00865697860717773","infomap","edit-xhwikibooks.graphml"
"0.13","0.49","0.38","0.307344824343497","1,2,1,1,3,4,3,5,4,6,7,3,8,5,9,4,6,10,7,3,11,12,8,9,5,13,9,14,2,6,10,7,15,3,16,17,18,9,11,11,11,11,2,2,2,2,11,2,2,2,11,11,11,11,11,12,2,2,2,11,19,11,11,9,5,11,11,11,11,11,2,11,13,13,11,11,11,11,11,11,11,9,14,14,14,20,11,11,11,11,21,22,23,11,11,11,4,11,11,11,11,11,11,11,11,11,11,15,15,11,11,11,11,16,17,16,17,17,17,16,16,18,18,18,18,18,18,18,18","0.00712800025939941","infomap","edit-xhwikibooks.graphml"
"0.12","0.5","0.38","0.364080729618553","1,2,1,1,3,4,3,4,4,5,6,3,7,4,8,9,5,10,6,3,2,11,7,4,8,4,8,12,13,5,10,6,14,3,15,16,17,8,2,2,2,2,11,11,11,11,2,11,11,11,2,2,2,2,2,11,11,11,11,2,18,2,2,4,8,2,2,2,2,2,11,2,4,4,2,2,2,2,2,2,2,8,12,12,12,19,2,2,2,2,20,21,22,2,2,2,9,2,2,2,2,2,2,2,2,2,2,14,14,2,2,2,2,16,16,15,16,16,15,16,16,8,8,8,8,8,8,8,17","0.00979399681091309","infomap","edit-xhwikibooks.graphml"
"0.11","0.51","0.38","0.388103953801713","1,1,2,2,2,3,2,4,3,5,6,2,7,4,8,3,5,6,9,2,10,11,7,4,8,4,8,12,1,5,6,9,13,2,14,9,15,4,10,10,10,10,11,11,11,11,10,11,11,11,10,10,10,10,10,11,11,11,11,10,16,10,10,4,8,10,10,10,10,10,11,10,4,4,10,10,10,10,10,10,10,8,12,12,12,17,10,10,10,10,18,19,20,10,10,10,3,10,10,10,10,10,10,10,10,10,10,13,13,10,10,10,10,14,14,9,14,14,9,14,14,15,15,15,15,15,15,15,15","0.00569486618041992","infomap","edit-xhwikibooks.graphml"
"0.1","0.52","0.38","0.383272387183701","1,2,1,1,3,2,3,2,4,5,6,3,7,4,2,8,5,9,6,3,10,11,7,4,4,12,2,13,2,5,9,6,14,3,15,16,2,2,10,10,10,10,11,11,11,11,10,11,11,11,10,10,10,10,10,11,11,11,11,10,17,10,10,4,4,10,10,10,10,10,11,10,12,12,10,10,10,10,10,10,10,2,13,13,13,18,10,10,10,10,19,20,21,10,10,10,8,10,10,10,10,10,10,10,10,10,10,14,14,10,10,10,10,15,15,16,15,15,16,15,15,2,2,2,2,2,2,2,2","0.00827598571777344","infomap","edit-xhwikibooks.graphml"
"0.09","0.53","0.38","0.347826614807275","1,2,1,2,3,2,3,2,4,5,3,6,7,4,8,9,5,3,10,6,2,11,7,7,8,12,4,13,14,5,3,10,6,6,10,15,16,4,2,2,2,2,11,11,11,11,2,11,11,11,2,2,2,2,2,11,11,11,11,2,17,2,2,7,8,2,2,2,2,2,11,2,12,12,2,2,2,2,2,2,2,4,13,13,13,18,2,2,2,2,19,20,21,2,2,2,9,2,2,2,2,2,2,2,2,2,2,6,6,2,2,2,2,15,8,8,15,15,15,15,8,16,16,16,16,16,16,16,16","0.00867199897766113","infomap","edit-xhwikibooks.graphml"
"0.08","0.54","0.38","0.386105111499361","1,1,1,2,3,2,3,2,2,4,3,5,6,7,8,2,4,3,8,5,9,10,6,7,8,11,8,12,13,4,3,8,5,5,8,14,15,7,9,9,9,9,10,10,10,10,9,10,10,10,9,9,9,9,9,10,10,10,10,9,16,9,9,7,8,9,9,9,9,9,10,9,11,11,9,9,9,9,9,9,9,8,12,12,12,17,9,9,9,9,18,19,20,9,9,9,2,9,9,9,9,9,9,9,9,9,9,5,5,9,9,9,9,8,14,8,14,14,8,8,8,15,15,15,15,15,15,15,15","0.00601005554199219","infomap","edit-xhwikibooks.graphml"
"0.07","0.55","0.38","0.383373841665204","1,2,1,1,3,4,3,2,2,5,3,6,7,8,9,4,5,3,10,6,11,12,7,8,8,13,8,14,2,5,3,10,6,6,10,15,16,9,11,11,11,11,12,12,12,12,11,12,12,12,11,11,11,11,11,12,12,12,12,11,17,11,11,8,8,11,11,11,11,11,12,11,13,13,11,11,11,11,11,11,11,8,14,14,14,18,11,11,11,11,19,20,21,11,11,11,4,11,11,11,11,11,11,11,11,11,11,6,6,11,11,11,11,15,15,10,10,10,15,15,15,16,16,16,16,16,16,16,16","0.00573897361755371","infomap","edit-xhwikibooks.graphml"
"0.06","0.56","0.38","0.384402954988032","1,2,1,1,3,2,3,2,2,4,5,3,6,2,7,8,4,5,5,3,9,10,6,7,2,7,11,12,2,4,5,5,3,3,11,13,14,7,9,9,9,9,10,10,10,10,9,10,10,10,9,9,9,9,9,10,10,10,10,9,15,9,9,7,2,9,9,9,9,9,10,9,7,7,9,9,9,9,9,9,9,11,12,12,12,16,9,9,9,9,17,18,19,9,9,9,8,9,9,9,9,9,9,9,9,9,9,3,3,9,9,9,9,11,13,11,13,11,13,13,11,14,14,14,14,14,14,14,14","0.0127139091491699","infomap","edit-xhwikibooks.graphml"
"0.05","0.57","0.38","0.370226875908561","1,2,1,1,3,4,3,2,4,5,3,6,7,4,8,9,5,3,4,6,10,11,7,7,4,12,4,13,2,5,3,4,6,6,14,4,8,4,10,10,10,10,11,11,11,11,10,11,11,11,10,10,10,10,10,11,11,11,11,10,15,10,10,7,4,10,10,10,10,10,11,10,12,12,10,10,10,10,10,10,10,4,13,13,13,16,10,10,10,10,17,18,19,10,10,10,9,10,10,10,10,10,10,10,10,10,10,6,6,10,10,10,10,14,14,4,4,4,14,14,4,8,8,8,8,8,8,8,8","0.0096900463104248","infomap","edit-xhwikibooks.graphml"
"0.04","0.58","0.38","0.371363813735692","1,2,1,1,3,4,3,5,6,7,3,8,9,5,10,4,7,3,11,8,12,13,9,5,5,14,5,15,2,7,3,11,8,8,6,11,16,10,12,12,12,12,13,13,13,13,12,13,13,13,12,12,12,12,12,13,13,13,13,12,17,12,12,5,5,12,12,12,12,12,13,12,14,14,12,12,12,12,12,12,12,5,15,15,15,18,12,12,12,12,19,20,21,12,12,12,4,12,12,12,12,12,12,12,12,12,12,8,8,12,12,12,12,11,11,11,6,11,11,6,6,16,16,16,16,16,16,16,16","0.00584602355957031","infomap","edit-xhwikibooks.graphml"
"0.03","0.59","0.38","0.378973898126138","1,2,1,3,4,5,4,6,3,7,4,8,9,10,3,5,7,4,11,8,12,6,9,10,3,13,10,14,2,7,4,11,8,8,15,11,16,10,12,12,12,12,6,6,6,6,12,6,6,6,12,12,12,12,12,6,6,6,6,12,17,12,12,10,3,12,12,12,12,12,6,12,13,13,12,12,12,12,12,12,12,10,14,14,14,18,12,12,12,12,19,20,21,12,12,12,5,12,12,12,12,12,12,12,12,12,12,8,8,12,12,12,12,15,15,15,15,15,15,15,15,16,16,16,16,16,16,16,16","0.00697803497314453","infomap","edit-xhwikibooks.graphml"
"0.02","0.6","0.38","0.380718022535208","1,2,1,1,3,4,3,4,4,5,6,3,7,4,8,9,5,6,6,3,10,11,7,4,4,12,8,13,2,5,6,6,3,3,14,15,16,8,10,10,10,10,11,11,11,11,10,11,11,11,10,10,10,10,10,11,11,11,11,10,17,10,10,4,4,10,10,10,10,10,11,10,12,12,10,10,10,10,10,10,10,8,13,13,13,18,10,10,10,10,19,20,21,10,10,10,9,10,10,10,10,10,10,10,10,10,10,3,3,10,10,10,10,14,14,15,14,14,14,15,14,16,16,16,16,16,16,16,16","0.00554513931274414","infomap","edit-xhwikibooks.graphml"
"0.01","0.61","0.38","0.367552031099761","1,1,1,1,2,1,2,3,4,5,2,6,7,3,4,8,5,2,9,6,10,11,7,3,3,4,4,12,11,5,2,9,6,6,9,13,14,4,10,10,10,10,11,11,11,11,10,11,11,11,10,10,10,10,10,11,11,11,11,10,15,10,10,3,3,10,10,10,10,10,11,10,4,4,10,10,10,10,10,10,10,4,12,12,12,16,10,10,10,10,17,18,19,10,10,10,8,10,10,10,10,10,10,10,10,10,10,6,6,10,10,10,10,13,4,9,9,4,4,4,9,14,14,14,14,14,14,14,14","0.00569605827331543","infomap","edit-xhwikibooks.graphml"
"0","0.62","0.38","0.37502966499607","1,2,1,1,3,4,3,2,4,5,3,6,7,8,9,10,5,3,3,6,11,12,7,8,8,13,9,14,1,5,3,3,6,6,15,16,17,9,11,11,11,11,12,12,12,12,11,12,12,12,11,11,11,11,11,12,12,12,12,11,18,11,11,8,8,11,11,11,11,11,12,11,13,13,11,11,11,11,11,11,11,9,14,14,14,19,11,11,11,11,20,21,22,11,11,11,10,11,11,11,11,11,11,11,11,11,11,6,6,11,11,11,11,15,16,15,16,15,15,15,16,17,17,17,17,17,17,17,17","0.00699496269226074","infomap","edit-xhwikibooks.graphml"
"0.61","0","0.39","0.295242878163296","1,1,2,2,2,3,4,5,6,7,4,8,9,5,10,3,7,11,12,8,13,14,15,9,5,16,5,17,18,7,11,19,20,8,6,12,21,10,13,13,13,13,1,1,1,1,13,1,1,1,13,13,13,13,13,1,14,1,1,13,15,13,13,9,5,13,13,13,13,13,14,13,16,16,13,13,13,13,13,13,13,5,17,17,17,18,13,13,13,13,7,11,19,13,13,13,3,13,13,13,13,13,13,13,13,13,13,20,20,13,13,13,13,12,6,6,12,12,6,12,12,21,21,21,21,21,21,21,21","0.00570106506347656","infomap","edit-xhwikibooks.graphml"
"0.6","0.01","0.39","0.309914430743102","1,2,1,1,3,4,3,4,4,5,3,6,7,4,8,9,5,10,11,6,2,12,13,7,8,14,4,15,16,5,10,17,18,2,11,19,20,8,2,2,2,2,12,12,12,12,2,12,12,12,2,2,2,2,2,12,12,12,12,2,13,2,2,7,8,2,2,2,2,2,12,2,14,14,2,2,2,2,2,2,2,4,15,15,15,16,2,2,2,2,5,10,17,2,2,2,9,2,2,2,2,2,2,2,2,2,2,18,18,2,2,2,2,11,11,19,11,19,11,11,11,8,8,8,8,20,8,8,8","0.00702500343322754","infomap","edit-xhwikibooks.graphml"
"0.59","0.02","0.39","0.333251441008913","1,2,1,1,3,4,3,5,4,6,7,3,5,4,8,4,6,9,7,3,10,2,11,12,13,13,13,4,14,6,9,15,16,3,17,18,8,13,10,10,10,10,2,2,2,2,10,2,2,2,10,10,10,10,10,2,2,2,2,10,11,10,10,12,13,10,10,10,10,10,2,10,13,13,10,10,10,10,10,10,10,13,4,4,4,14,10,10,10,10,6,9,15,10,10,10,4,10,10,10,10,10,10,10,10,10,10,16,16,10,10,10,10,18,18,18,18,18,17,17,18,8,8,8,8,8,8,8,8","0.00890898704528809","infomap","edit-xhwikibooks.graphml"
"0.58","0.03","0.39","0.342003577723549","1,2,1,1,3,4,3,5,4,6,7,8,9,5,10,4,6,11,7,8,12,2,13,9,5,10,5,14,15,6,11,16,17,8,18,19,20,10,12,12,12,12,2,2,2,2,12,2,2,2,12,12,12,12,12,2,2,2,2,12,13,12,12,9,5,12,12,12,12,12,2,12,10,10,12,12,12,12,12,12,12,5,14,14,14,15,12,12,12,12,6,11,16,12,12,12,4,12,12,12,12,12,12,12,12,12,12,17,17,12,12,12,12,19,19,18,18,19,19,19,18,20,20,20,20,20,20,20,20","0.00696492195129395","infomap","edit-xhwikibooks.graphml"
"0.57","0.04","0.39","0.291214088140188","1,1,2,2,2,3,4,5,3,6,4,7,8,5,9,10,6,11,12,7,13,14,15,8,5,16,9,10,17,6,11,18,19,7,12,20,21,5,13,13,13,13,1,14,1,1,13,1,1,1,13,13,13,13,13,1,1,1,1,13,15,13,13,8,5,13,13,13,13,13,1,13,16,16,13,13,13,13,13,13,13,9,10,10,10,17,13,13,13,13,6,11,18,13,13,13,10,13,13,13,13,13,13,13,13,13,13,19,19,13,13,13,13,12,12,20,20,20,12,20,20,21,21,21,21,21,21,21,21","0.00572514533996582","infomap","edit-xhwikibooks.graphml"
"0.56","0.05","0.39","0.335636709337967","1,1,2,2,3,4,3,5,4,6,7,8,9,5,10,11,6,12,7,8,13,14,15,9,5,16,10,11,17,6,12,18,19,13,20,10,21,10,13,13,13,13,14,14,14,14,13,14,14,14,13,13,13,13,13,14,14,14,14,13,15,13,13,9,5,13,13,13,13,13,14,13,16,16,13,13,13,13,13,13,13,10,11,11,11,17,13,13,13,13,6,12,18,13,13,13,11,13,13,13,13,13,13,13,13,13,13,19,19,13,13,13,13,20,10,20,20,20,10,10,20,21,21,21,21,21,21,21,21","0.00995111465454102","infomap","edit-xhwikibooks.graphml"
"0.55","0.06","0.39","0.32638168139127","1,1,2,2,2,3,4,5,3,6,7,4,8,5,3,9,6,10,7,4,11,12,13,8,14,15,14,16,17,6,10,18,19,11,14,20,21,5,11,11,11,11,12,12,12,12,11,12,12,12,11,11,11,11,11,12,12,12,12,11,13,11,11,8,14,11,11,11,11,11,12,11,15,15,11,11,11,11,11,11,11,14,16,16,16,17,11,11,11,11,6,10,18,11,11,11,9,11,11,11,11,11,11,11,11,11,11,19,19,11,11,11,11,14,14,20,14,14,14,20,20,21,21,21,21,21,21,21,21","0.00562810897827148","infomap","edit-xhwikibooks.graphml"
"0.54","0.07","0.39","0.338243996187723","1,1,2,2,3,4,3,5,4,6,7,8,9,5,10,4,6,11,7,8,12,13,14,9,5,15,5,16,17,6,11,18,19,8,20,21,10,10,12,12,12,12,13,13,13,13,12,13,13,13,12,12,12,12,12,13,13,13,13,12,14,12,12,9,5,12,12,12,12,12,13,12,15,15,12,12,12,12,12,12,12,5,16,16,16,17,12,12,12,12,6,11,18,12,12,12,4,12,12,12,12,12,12,12,12,12,12,19,19,12,12,12,12,21,21,20,20,20,21,21,21,10,10,10,10,10,10,10,10","0.00861310958862305","infomap","edit-xhwikibooks.graphml"
"0.53","0.08","0.39","0.337199028342621","1,2,1,1,1,3,4,5,3,6,4,4,5,7,8,9,6,10,11,4,12,2,13,8,8,14,7,9,15,6,10,16,17,12,11,18,19,11,12,12,12,12,2,2,2,2,12,2,2,2,12,12,12,12,12,2,2,2,2,12,13,12,12,8,8,12,12,12,12,12,2,12,14,14,12,12,12,12,12,12,12,7,9,9,9,15,12,12,12,12,6,10,16,12,12,12,9,12,12,12,12,12,12,12,12,12,12,17,17,12,12,12,12,11,18,11,18,11,11,18,11,19,19,19,19,19,19,19,19","0.00599408149719238","infomap","edit-xhwikibooks.graphml"
"0.52","0.09","0.39","0.346270236271437","1,2,1,3,1,3,4,5,3,6,4,7,5,8,8,9,6,10,11,7,12,2,13,14,15,8,8,9,16,6,10,17,18,7,11,19,15,8,12,12,12,12,2,2,2,2,12,2,2,2,12,12,12,12,12,2,2,2,2,12,13,12,12,14,15,12,12,12,12,12,2,12,8,8,12,12,12,12,12,12,12,8,9,9,9,16,12,12,12,12,6,10,17,12,12,12,9,12,12,12,12,12,12,12,12,12,12,18,18,12,12,12,12,19,19,11,11,11,11,19,19,15,15,15,15,15,15,15,15","0.00828099250793457","infomap","edit-xhwikibooks.graphml"
"0.51","0.1","0.39","0.331614517135095","1,1,2,2,3,2,3,4,5,6,7,8,4,5,9,10,6,11,7,8,12,13,14,5,9,15,5,16,17,6,11,18,19,12,20,21,22,9,12,12,12,12,13,13,13,13,12,13,13,13,12,12,12,12,12,13,13,13,13,12,14,12,12,5,9,12,12,12,12,12,13,12,15,15,12,12,12,12,12,12,12,5,16,16,16,17,12,12,12,12,6,11,18,12,12,12,10,12,12,12,12,12,12,12,12,12,12,19,19,12,12,12,12,21,21,20,20,20,21,20,21,22,22,22,22,22,22,22,22","0.00726008415222168","infomap","edit-xhwikibooks.graphml"
"0.5","0.11","0.39","0.333980839295404","1,1,2,2,2,3,4,3,5,6,7,4,8,5,9,10,6,11,7,12,13,14,15,8,5,16,9,10,17,6,11,18,19,12,20,21,22,9,13,13,13,13,14,14,14,14,13,14,14,14,13,13,13,13,13,14,14,14,14,13,15,13,13,8,5,13,13,13,13,13,14,13,16,16,13,13,13,13,13,13,13,9,10,10,10,17,13,13,13,13,6,11,18,13,13,13,10,13,13,13,13,13,13,13,13,13,13,19,19,13,13,13,13,21,21,20,20,21,20,20,20,22,22,22,22,22,22,22,22","0.00540304183959961","infomap","edit-xhwikibooks.graphml"
"0.49","0.12","0.39","0.321793464110005","1,1,2,3,2,3,4,5,3,6,4,7,8,5,9,3,6,10,11,7,12,13,14,8,9,15,9,16,17,6,10,18,19,7,20,11,21,5,12,12,12,12,13,13,13,13,12,13,13,13,12,12,12,12,12,13,13,13,13,12,14,12,12,8,9,12,12,12,12,12,13,12,15,15,12,12,12,12,12,12,12,9,16,16,16,17,12,12,12,12,6,10,18,12,12,12,3,12,12,12,12,12,12,12,12,12,12,19,19,12,12,12,12,20,20,11,11,11,20,20,20,9,9,9,9,21,21,21,9","0.00677013397216797","infomap","edit-xhwikibooks.graphml"
"0.48","0.13","0.39","0.322212307488928","1,1,2,3,2,3,4,5,3,6,7,4,5,8,3,9,6,10,7,11,12,13,14,8,15,16,8,9,17,6,10,18,19,11,20,21,22,8,12,12,12,12,13,13,13,13,12,13,13,13,12,12,12,12,12,13,13,13,13,12,14,12,12,8,15,12,12,12,12,12,13,12,16,16,12,12,12,12,12,12,12,8,9,9,9,17,12,12,12,12,6,10,18,12,12,12,9,12,12,12,12,12,12,12,12,12,12,19,19,11,12,12,12,21,21,20,20,21,21,20,20,22,22,22,22,22,22,22,22","0.00749397277832031","infomap","edit-xhwikibooks.graphml"
"0.47","0.14","0.39","0.322654174102717","1,2,1,3,1,3,4,2,3,5,4,6,7,8,9,3,5,10,11,6,6,12,13,7,14,9,8,15,16,5,10,17,18,6,19,11,20,9,6,6,6,6,12,12,12,12,6,12,12,12,6,6,6,6,6,12,12,12,12,6,13,6,6,7,14,6,6,6,6,6,12,6,9,9,6,6,6,6,6,6,6,8,15,15,15,16,6,6,6,6,5,10,17,6,6,6,3,6,6,6,6,6,6,6,6,6,6,18,18,6,6,6,6,11,19,19,11,19,11,19,19,20,20,20,20,20,20,20,20","0.00896096229553223","infomap","edit-xhwikibooks.graphml"
"0.46","0.15","0.39","0.327424588351294","1,2,1,3,1,3,4,5,6,7,4,8,6,5,6,3,7,9,4,8,10,2,11,6,12,13,5,14,15,7,9,16,17,10,18,19,20,5,10,10,10,10,2,2,2,2,10,2,2,2,10,10,10,10,10,2,2,2,2,10,11,10,10,6,12,10,10,10,10,10,2,10,13,13,10,10,10,10,10,10,10,5,14,14,14,15,10,10,10,10,7,9,16,10,10,10,3,10,10,10,10,10,10,10,10,10,10,17,17,10,10,10,10,18,19,19,19,19,18,19,18,20,20,20,20,20,20,20,20","0.00721096992492676","infomap","edit-xhwikibooks.graphml"
"0.45","0.16","0.39","0.327731757418786","1,1,2,3,2,3,4,3,5,6,4,7,5,8,9,10,6,11,12,7,13,1,14,5,15,9,8,10,16,6,11,17,18,13,19,12,20,5,13,13,13,13,1,1,1,1,13,1,1,1,13,13,13,13,13,1,1,1,1,13,14,13,13,5,15,13,13,13,13,13,1,13,9,9,13,13,13,13,13,13,13,8,10,10,10,16,13,13,13,13,6,11,17,13,13,13,10,13,13,13,13,13,13,13,13,13,13,18,18,13,13,13,13,19,12,12,19,19,12,12,12,20,20,20,20,20,20,20,20","0.00723099708557129","infomap","edit-xhwikibooks.graphml"
"0.44","0.17","0.39","0.327262753846315","1,1,2,2,2,3,4,5,3,6,4,7,5,8,5,9,6,10,11,7,12,13,14,5,8,15,16,9,17,6,10,18,19,7,11,20,21,15,12,12,12,12,13,13,13,13,12,13,13,13,12,12,12,12,12,13,13,13,13,12,14,12,12,5,8,12,12,12,12,12,13,12,15,15,12,12,12,12,12,12,12,16,9,9,9,17,12,12,12,12,6,10,18,12,12,12,9,12,12,12,12,12,12,12,12,12,12,19,19,12,12,12,12,20,20,11,11,20,11,20,20,21,21,21,21,21,21,21,21","0.0072019100189209","infomap","edit-xhwikibooks.graphml"
"0.43","0.18","0.39","0.308684416360183","1,2,1,1,3,4,3,4,5,6,7,3,8,9,10,4,6,11,7,3,2,12,13,8,10,5,9,14,15,6,11,16,17,3,18,5,19,9,2,2,2,2,12,12,12,12,2,12,12,12,2,2,2,2,2,12,12,12,12,2,13,2,2,8,10,2,2,2,2,2,12,2,5,5,2,2,2,2,2,2,2,9,14,14,14,15,2,2,2,2,6,11,16,2,2,2,20,2,2,2,2,2,2,2,2,2,2,17,17,2,2,2,2,5,5,5,5,18,5,18,18,19,19,19,19,19,19,19,19","0.00619697570800781","infomap","edit-xhwikibooks.graphml"
"0.42","0.19","0.39","0.328007279393527","1,1,2,2,2,3,2,3,3,4,5,2,6,3,7,3,4,8,5,2,9,10,11,6,7,7,3,12,13,4,8,14,15,2,5,16,17,3,9,9,9,9,10,10,10,10,9,10,10,10,9,9,9,9,9,10,10,10,10,9,11,9,9,6,7,9,9,9,9,9,10,9,7,7,9,9,9,9,9,9,9,3,12,12,12,13,9,9,9,9,4,8,14,9,9,9,18,9,9,9,9,9,9,9,9,9,9,15,15,9,9,9,9,16,16,16,5,16,5,5,16,17,17,17,17,17,17,17,17","0.0074000358581543","infomap","edit-xhwikibooks.graphml"
"0.41","0.2","0.39","0.323444897959184","1,1,2,2,3,4,3,5,2,6,7,3,5,8,2,4,6,9,7,3,10,11,12,8,2,13,8,14,15,6,9,16,17,3,18,19,20,2,10,10,10,10,11,11,11,11,10,11,11,11,10,10,10,10,10,11,11,11,11,10,12,10,10,8,2,10,10,10,10,10,11,10,13,13,10,10,10,10,10,10,10,8,14,14,14,15,10,10,10,10,6,9,16,10,10,10,4,10,10,10,10,10,10,10,10,10,10,17,17,10,10,10,10,19,19,18,18,19,19,18,19,20,20,20,20,20,20,20,20","0.00894880294799805","infomap","edit-xhwikibooks.graphml"
"0.4","0.21","0.39","0.323207988687033","1,1,2,2,2,3,2,4,3,5,6,2,4,7,8,3,5,9,6,2,10,11,12,8,8,13,7,14,15,5,9,16,17,2,18,19,13,7,10,10,10,10,11,11,11,11,10,11,11,11,10,10,10,10,10,11,11,11,11,10,12,10,10,8,8,10,10,10,10,10,11,10,13,13,10,10,10,10,10,10,10,7,14,14,14,15,10,10,10,10,5,9,16,10,10,10,3,10,10,10,10,10,10,10,10,10,10,17,17,10,10,10,10,18,18,18,19,18,18,18,19,13,13,13,13,13,13,13,13","0.00743317604064941","infomap","edit-xhwikibooks.graphml"
"0.39","0.22","0.39","0.326041920869187","1,1,2,2,2,3,2,4,3,5,6,2,7,4,3,3,5,8,6,2,9,1,10,7,3,11,4,12,13,5,8,14,15,2,16,17,18,16,9,9,9,9,1,1,1,1,9,1,1,1,9,9,9,9,9,1,1,1,1,9,10,9,9,7,3,9,9,9,9,9,1,9,11,11,9,9,9,9,9,9,9,4,12,12,12,13,9,9,9,9,5,8,14,9,9,9,19,9,9,9,9,9,9,9,9,9,9,15,15,9,9,9,9,17,17,17,16,17,17,16,17,18,18,18,18,18,18,18,18","0.00915098190307617","infomap","edit-xhwikibooks.graphml"
"0.38","0.23","0.39","0.311513560135176","1,2,1,3,4,3,4,2,5,6,7,4,8,5,9,3,6,10,7,4,11,12,13,8,5,14,9,15,16,6,10,17,18,4,19,20,21,9,11,11,11,11,12,12,12,12,11,12,12,12,11,11,11,11,11,12,12,12,12,11,13,11,11,8,5,11,11,11,11,11,12,11,14,14,11,11,11,11,11,11,11,9,15,15,15,16,11,11,11,11,6,10,17,11,11,11,3,11,11,11,11,11,11,11,11,11,11,18,18,11,11,11,11,20,20,20,19,19,19,19,19,9,9,9,21,9,9,21,9","0.00771307945251465","infomap","edit-xhwikibooks.graphml"
"0.37","0.24","0.39","0.331041346032215","1,1,2,2,2,3,2,3,4,5,6,2,3,7,4,3,5,8,6,2,9,10,11,7,4,12,7,13,14,5,8,15,16,2,17,18,19,4,9,9,9,9,10,10,10,10,9,10,10,10,9,9,9,9,9,10,10,10,10,9,11,9,9,7,4,9,9,9,9,9,10,9,12,12,9,9,9,9,9,9,9,7,13,13,13,14,9,9,9,9,5,8,15,9,9,9,20,9,9,9,9,9,9,9,9,9,9,16,16,9,9,9,9,18,18,18,18,17,17,17,17,19,19,19,19,19,19,19,19","0.0075080394744873","infomap","edit-xhwikibooks.graphml"
"0.36","0.25","0.39","0.327849005884378","1,2,1,1,3,4,3,5,4,6,7,3,5,8,9,4,6,10,7,3,11,2,12,13,9,14,9,15,16,6,10,17,18,3,19,20,8,19,11,11,11,11,2,2,2,2,11,2,2,2,11,11,11,11,11,2,2,2,2,11,12,11,11,13,9,11,11,11,11,11,2,11,14,14,11,11,11,11,11,11,11,9,15,15,15,16,11,11,11,11,6,10,17,11,11,11,4,11,11,11,11,11,11,11,11,11,11,18,18,11,11,11,11,20,19,20,20,20,20,20,19,8,8,8,8,8,8,8,8","0.00734090805053711","infomap","edit-xhwikibooks.graphml"
"0.35","0.26","0.39","0.327226802602895","1,1,2,2,2,3,2,3,3,4,5,2,6,3,7,3,4,8,5,9,9,10,11,6,7,7,7,12,13,4,8,14,15,9,16,17,18,3,9,9,9,9,10,10,10,10,9,10,10,10,9,9,9,9,9,10,10,10,10,9,11,9,9,6,7,9,9,9,9,9,10,9,7,7,9,9,9,9,9,9,9,7,12,12,12,13,9,9,9,9,4,8,14,9,9,9,19,9,9,9,9,9,9,9,9,9,9,15,15,9,9,9,9,16,16,17,7,16,17,17,17,18,18,18,18,18,18,18,18","0.00598001480102539","infomap","edit-xhwikibooks.graphml"
"0.34","0.27","0.39","0.33127440213739","1,2,1,3,4,3,4,2,5,6,7,4,8,9,5,3,6,10,7,4,11,12,13,8,9,5,9,14,15,6,10,16,17,4,18,19,20,9,11,11,11,11,12,12,12,12,11,12,12,12,11,11,11,11,11,12,12,12,12,11,13,11,11,21,9,11,11,11,11,11,12,11,5,5,11,11,11,11,11,11,11,9,14,14,14,15,11,11,11,11,6,10,16,11,11,11,3,11,11,11,11,11,11,11,11,11,11,17,17,11,11,11,11,19,19,18,19,18,19,18,18,20,20,20,20,20,20,20,20","0.00612115859985352","infomap","edit-xhwikibooks.graphml"
"0.33","0.28","0.39","0.325438765304092","1,1,2,2,2,3,2,4,3,5,6,2,7,4,8,9,5,10,6,2,11,12,13,7,8,3,4,14,15,5,10,16,17,2,18,19,20,4,11,11,11,11,12,12,12,12,11,12,12,12,11,11,11,11,11,12,12,12,12,11,13,11,11,7,8,11,11,11,11,11,12,11,3,3,11,11,11,11,11,11,11,4,14,14,14,15,11,11,11,11,5,10,16,11,11,11,9,11,11,11,11,11,11,11,11,11,11,17,17,11,11,11,11,18,19,18,18,19,19,19,19,20,20,20,20,20,20,20,20","0.00737190246582031","infomap","edit-xhwikibooks.graphml"
"0.32","0.29","0.39","0.330587859933553","1,1,2,2,2,3,2,4,3,5,6,2,4,7,8,3,5,9,6,2,10,11,12,7,8,13,8,14,15,5,9,16,17,2,18,19,20,19,10,10,10,10,11,11,11,11,10,11,11,11,10,10,10,10,10,11,11,11,11,10,12,10,10,7,8,10,10,10,10,10,11,10,13,13,10,10,10,10,10,10,10,8,14,14,14,15,10,10,10,10,5,9,16,10,10,10,3,10,10,10,10,10,10,10,10,10,10,17,17,10,10,10,10,18,19,19,19,19,18,19,18,20,20,20,20,20,20,20,20","0.0121719837188721","infomap","edit-xhwikibooks.graphml"
"0.31","0.3","0.39","0.332413463270009","1,1,2,2,2,3,2,4,3,5,6,2,4,7,3,3,5,8,6,2,9,10,11,7,7,12,7,13,14,5,8,15,16,2,17,18,19,7,9,9,9,9,10,10,10,10,9,10,10,10,9,9,9,9,9,10,10,10,10,9,11,9,9,7,7,9,9,9,9,9,10,9,12,12,9,9,9,9,9,9,9,7,13,13,13,14,9,9,9,9,5,8,15,9,9,9,3,9,9,9,9,9,9,9,9,9,9,16,16,9,9,9,9,17,18,17,18,17,17,18,18,19,19,19,19,19,19,19,19","0.00903105735778809","infomap","edit-xhwikibooks.graphml"
"0.3","0.31","0.39","0.328879287039914","1,1,2,2,2,3,2,3,3,4,5,2,6,7,8,9,4,10,5,2,11,12,13,6,7,14,7,15,16,4,10,17,18,2,19,20,21,8,11,11,11,11,12,12,12,12,11,12,12,12,11,11,11,11,11,12,12,12,12,11,13,11,11,6,7,11,11,11,11,11,12,11,14,14,11,11,11,11,11,11,11,7,15,15,15,16,11,11,11,11,4,10,17,11,11,11,9,11,11,11,11,11,11,11,11,11,11,18,18,11,11,11,11,20,20,20,19,19,19,20,20,21,21,21,21,21,21,21,21","0.00938510894775391","infomap","edit-xhwikibooks.graphml"
"0.29","0.32","0.39","0.331306581685744","1,1,2,2,2,3,2,3,3,4,5,2,6,3,7,3,4,8,5,2,9,10,11,6,7,12,3,13,14,4,8,15,16,2,17,18,19,18,9,9,9,9,10,10,10,10,9,10,10,10,9,9,9,9,9,10,10,10,10,9,11,9,9,6,7,9,9,9,9,9,10,9,12,12,9,9,9,9,9,9,9,3,13,13,13,14,9,9,9,9,4,8,15,9,9,9,20,9,9,9,9,9,9,9,9,9,9,16,16,9,9,9,9,18,17,18,18,17,17,18,18,19,19,19,19,19,19,19,19","0.00888299942016602","infomap","edit-xhwikibooks.graphml"
"0.28","0.33","0.39","0.337619904407625","1,1,2,2,2,3,2,3,4,5,6,2,7,3,4,3,5,8,6,2,9,10,11,7,3,12,4,13,14,5,8,15,16,2,17,6,18,4,9,9,9,9,10,10,10,10,9,10,10,10,9,9,9,9,9,10,10,10,10,9,11,9,9,7,3,9,9,9,9,9,10,9,12,12,9,9,9,9,9,9,9,4,13,13,13,14,9,9,9,9,5,8,15,9,9,9,19,9,9,9,9,9,9,9,9,9,9,16,16,9,9,9,9,6,6,17,17,17,6,17,17,18,18,18,18,18,18,18,18","0.00815987586975098","infomap","edit-xhwikibooks.graphml"
"0.27","0.34","0.39","0.356145755071375","1,1,2,2,3,2,3,2,2,4,5,3,6,2,7,8,4,9,5,3,10,11,12,6,2,13,7,14,15,4,9,16,17,3,18,19,20,7,10,10,10,10,11,11,11,11,10,11,11,11,10,10,10,10,10,11,11,11,11,10,12,10,10,6,2,10,10,10,10,10,11,10,13,13,10,10,10,10,10,10,10,7,14,14,14,15,10,10,10,10,4,9,16,10,10,10,8,10,10,10,10,10,10,10,10,10,10,17,17,10,10,10,10,18,18,19,19,18,18,19,19,20,20,20,20,20,20,20,20","0.00721907615661621","infomap","edit-xhwikibooks.graphml"
"0.26","0.35","0.39","0.352773691714103","1,2,1,1,3,4,3,4,5,6,7,3,8,9,10,4,6,11,7,3,12,2,8,9,10,13,10,14,15,6,11,16,17,3,18,19,5,5,12,12,12,12,2,2,2,2,12,2,2,2,12,12,12,12,12,2,2,2,2,12,8,12,12,9,10,12,12,12,12,12,2,12,13,13,12,12,12,12,12,12,12,10,14,14,14,15,12,12,12,12,6,11,16,12,12,12,4,12,12,12,12,12,12,12,12,12,12,17,17,12,12,12,12,18,19,18,19,18,19,19,19,5,5,5,5,5,5,5,5","0.00852298736572266","infomap","edit-xhwikibooks.graphml"
"0.25","0.36","0.39","0.352526342046401","1,1,2,2,2,3,2,4,3,5,6,2,7,4,8,3,5,9,6,2,10,11,7,8,8,12,4,13,14,5,9,15,16,2,17,18,19,8,10,10,10,10,11,11,11,11,10,11,11,11,10,10,10,10,10,11,11,11,11,10,7,10,10,8,8,10,10,10,10,10,11,10,12,12,10,10,10,10,10,10,10,4,13,13,13,14,10,10,10,10,5,9,15,10,10,10,3,10,10,10,10,10,10,10,10,10,10,16,16,10,10,10,10,18,18,17,18,17,17,17,18,19,19,19,19,19,19,19,19","0.00590205192565918","infomap","edit-xhwikibooks.graphml"
"0.24","0.37","0.39","0.355257856015087","1,1,1,1,2,1,2,3,4,5,6,2,7,3,4,1,5,8,6,2,9,10,7,3,4,11,3,12,13,5,8,14,15,2,16,17,18,3,9,9,9,9,10,10,10,10,9,10,10,10,9,9,9,9,9,10,10,10,10,9,7,9,9,3,4,9,9,9,9,9,10,9,11,11,9,9,9,9,9,9,9,3,12,12,12,13,9,9,9,9,5,8,14,9,9,9,1,9,9,9,9,9,9,9,9,9,9,15,15,9,9,9,9,17,16,17,17,17,17,16,16,18,18,18,18,18,18,18,18","0.0084540843963623","infomap","edit-xhwikibooks.graphml"
"0.23","0.38","0.39","0.350903856587039","1,1,2,2,2,3,2,4,3,5,6,2,4,7,8,3,5,9,6,2,10,11,12,4,8,13,7,14,15,5,9,16,17,2,18,19,20,7,10,10,10,10,11,11,11,11,10,11,11,11,10,10,10,10,10,11,11,11,11,10,12,10,10,4,8,10,10,10,10,10,11,10,13,13,10,10,10,10,10,10,10,7,14,14,14,15,10,10,10,10,5,9,16,10,10,10,3,10,10,10,10,10,10,10,10,10,10,17,17,10,10,10,10,18,18,19,19,19,19,18,18,20,20,20,20,20,20,20,20","0.00995588302612305","infomap","edit-xhwikibooks.graphml"
"0.22","0.39","0.39","0.353225872549689","1,1,2,2,2,3,2,3,4,5,6,2,7,8,9,3,5,10,6,2,11,12,7,8,9,13,8,14,15,5,10,16,17,2,18,19,4,9,11,11,11,11,12,12,12,12,11,12,12,12,11,11,11,11,11,12,12,12,12,11,7,11,11,8,9,11,11,11,11,11,12,11,13,13,11,11,11,11,11,11,11,8,14,14,14,15,11,11,11,11,5,10,16,11,11,11,3,11,11,11,11,11,11,11,11,11,11,17,17,11,11,11,11,18,19,18,19,19,18,19,18,4,4,4,4,4,4,4,4","0.00559592247009277","infomap","edit-xhwikibooks.graphml"
"0.21","0.4","0.39","0.349419638941274","1,2,1,1,3,4,3,2,4,5,6,3,7,2,8,9,5,10,6,3,11,12,7,8,2,13,8,14,15,5,10,6,16,3,17,18,19,18,11,11,11,11,12,12,12,12,11,12,12,12,11,11,11,11,11,12,12,12,12,11,20,11,11,8,2,11,11,11,11,11,12,11,13,13,11,11,11,11,11,11,11,8,14,14,14,21,11,11,11,11,22,23,24,11,11,11,9,11,11,11,11,11,11,11,11,11,11,16,16,11,11,11,11,18,17,17,17,17,17,17,18,19,19,19,19,19,19,19,19","0.00582718849182129","infomap","edit-xhwikibooks.graphml"
"0.2","0.41","0.39","0.343394683895443","1,2,1,1,3,4,3,5,4,6,7,3,8,9,5,4,6,10,7,3,2,11,8,9,5,12,5,13,2,6,10,7,14,3,15,16,17,9,2,2,2,2,11,11,11,11,2,11,11,11,2,2,2,2,2,11,11,11,11,2,18,2,2,9,5,2,2,2,2,2,11,2,12,12,2,2,2,2,2,2,2,5,13,13,13,19,2,2,2,2,20,21,22,2,2,2,4,2,2,2,2,2,2,2,2,2,2,14,14,2,2,2,2,16,16,15,15,16,15,16,15,17,17,17,17,17,17,17,17","0.0112349987030029","infomap","edit-xhwikibooks.graphml"
"0.19","0.42","0.39","0.352116501480145","1,1,2,2,2,3,2,1,4,5,6,2,7,8,4,3,5,9,6,2,10,11,7,4,8,12,8,13,1,5,9,6,14,2,15,16,17,4,10,10,10,10,11,11,11,11,10,11,11,11,10,10,10,10,10,11,11,11,11,10,18,10,10,4,8,10,10,10,10,10,11,10,12,12,10,10,10,10,10,10,10,8,13,13,13,19,10,10,10,10,20,21,22,10,10,10,3,10,10,10,10,10,10,10,10,10,10,14,14,10,10,10,10,15,16,16,15,15,16,15,16,17,17,17,17,17,17,17,17","0.00733304023742676","infomap","edit-xhwikibooks.graphml"
"0.18","0.43","0.39","0.342720970241817","1,2,1,3,4,3,4,5,3,6,7,4,8,3,5,9,6,10,7,4,2,11,8,5,5,12,3,13,14,6,10,7,15,4,16,17,18,5,2,2,2,2,11,11,11,11,2,11,11,11,2,2,2,2,2,11,11,11,11,2,19,2,2,5,5,2,2,2,2,2,11,2,12,12,2,2,2,2,2,2,2,3,13,13,13,20,2,2,2,2,21,22,23,2,2,2,9,2,2,2,2,2,2,2,2,2,2,15,15,2,2,2,2,16,16,16,17,17,17,16,17,18,18,18,18,18,18,18,18","0.00852680206298828","infomap","edit-xhwikibooks.graphml"
"0.17","0.44","0.39","0.356556819048241","1,1,2,2,2,3,2,4,4,5,6,2,7,8,4,3,5,6,9,2,10,11,7,8,4,12,4,13,1,5,6,9,14,2,15,9,16,4,10,10,10,10,11,11,11,11,10,11,11,11,10,10,10,10,10,11,11,11,11,10,17,10,10,8,4,10,10,10,10,10,11,10,12,12,10,10,10,10,10,10,10,4,13,13,13,18,10,10,10,10,19,20,21,10,10,10,3,10,10,10,10,10,10,10,10,10,10,14,14,10,10,10,10,9,15,15,15,9,15,9,15,16,16,16,16,16,16,16,16","0.00602889060974121","infomap","edit-xhwikibooks.graphml"
"0.16","0.45","0.39","0.353411869756737","1,2,1,1,3,4,3,2,5,6,7,3,8,9,5,4,6,10,7,3,11,12,8,9,5,13,9,14,15,6,10,7,16,3,17,18,19,9,11,11,11,11,12,12,12,12,11,12,12,12,11,11,11,11,11,12,12,12,12,11,20,11,11,9,5,11,11,11,11,11,12,11,13,13,11,11,11,11,11,11,11,9,14,14,14,21,11,11,11,11,22,23,24,11,11,11,4,11,11,11,11,11,11,11,11,11,11,16,16,11,11,11,11,18,18,18,17,17,18,18,17,19,19,19,19,19,19,19,19","0.00564217567443848","infomap","edit-xhwikibooks.graphml"
"0.15","0.46","0.39","0.352085556063608","1,2,1,1,3,2,3,2,4,5,6,3,7,8,4,2,5,9,6,3,10,11,7,4,12,13,8,14,15,5,9,6,16,3,17,18,19,4,10,10,10,10,11,11,11,11,10,11,11,11,10,10,10,10,10,11,11,11,11,10,20,10,10,4,12,10,10,10,10,10,11,10,13,13,10,10,10,10,10,10,10,8,14,14,14,21,10,10,10,10,22,23,24,10,10,10,2,10,10,10,10,10,10,10,10,10,10,16,16,10,10,10,10,18,17,18,18,17,18,17,17,19,19,19,19,19,19,19,19","0.0072329044342041","infomap","edit-xhwikibooks.graphml"
"0.14","0.47","0.39","0.352173969559706","1,1,2,2,2,3,2,4,4,5,6,2,7,8,4,3,5,9,6,2,10,11,7,4,8,12,4,13,1,5,9,6,14,2,15,16,17,4,10,10,10,10,11,11,11,11,10,11,11,11,10,10,10,10,10,11,11,11,11,10,18,10,10,4,8,10,10,10,10,10,11,10,12,12,10,10,10,10,10,10,10,4,13,13,13,19,10,10,10,10,20,21,22,10,10,10,3,10,10,10,10,10,10,10,10,10,10,14,14,10,10,10,10,15,16,15,15,15,16,16,16,17,17,17,17,17,17,17,17","0.00695610046386719","infomap","edit-xhwikibooks.graphml"
"0.13","0.48","0.39","0.354648248070487","1,1,1,1,2,3,2,4,3,5,6,2,7,4,3,8,5,9,6,2,10,11,7,3,4,3,3,12,13,5,9,6,14,2,15,16,17,4,10,10,10,10,11,11,11,11,10,11,11,11,10,10,10,10,10,11,11,11,11,10,18,10,10,3,4,10,10,10,10,10,11,10,3,3,10,10,10,10,10,10,10,3,12,12,12,19,10,10,10,10,20,21,22,10,10,10,8,10,10,10,10,10,10,10,10,10,10,14,14,10,10,10,10,15,15,16,16,15,16,15,15,17,17,17,17,17,17,17,17","0.00574016571044922","infomap","edit-xhwikibooks.graphml"
"0.12","0.49","0.39","0.378519568335496","1,1,1,1,2,3,2,4,3,5,6,2,7,4,8,3,5,9,6,2,10,11,7,8,8,12,4,13,14,5,9,6,15,2,16,16,17,17,10,10,10,10,11,11,11,11,10,11,11,11,10,10,10,10,10,11,11,11,11,10,18,10,10,8,8,10,10,10,10,10,11,10,12,12,10,10,10,10,10,10,10,4,13,13,13,19,10,10,10,10,20,21,22,10,10,10,3,10,10,10,10,10,10,10,10,10,10,15,15,10,10,10,10,16,16,16,16,16,16,16,16,17,17,17,17,17,17,17,17","0.00842404365539551","infomap","edit-xhwikibooks.graphml"
"0.11","0.5","0.39","0.380546657989556","1,1,2,2,2,3,2,3,3,4,5,2,6,7,8,3,4,9,5,2,10,11,6,7,7,12,7,13,1,4,9,5,14,2,15,16,17,8,10,10,10,10,11,11,11,11,10,11,11,11,10,10,10,10,10,11,11,11,11,10,18,10,10,7,7,10,10,10,10,10,11,10,12,12,10,10,10,10,10,10,10,7,13,13,13,19,10,10,10,10,20,21,22,10,10,10,3,10,10,10,10,10,10,10,10,10,10,14,14,10,10,10,10,15,16,15,16,16,15,15,16,17,17,17,17,17,17,17,17","0.0100090503692627","infomap","edit-xhwikibooks.graphml"
"0.1","0.51","0.39","0.384755797527023","1,1,2,2,2,3,2,1,1,4,5,2,6,7,8,3,4,9,5,2,10,11,6,7,8,7,7,12,1,4,9,5,13,2,14,8,15,7,10,10,10,10,11,11,11,11,10,11,11,11,10,10,10,10,10,11,11,11,11,10,16,10,10,7,8,10,10,10,10,10,11,10,7,7,10,10,10,10,10,10,10,7,12,12,12,17,10,10,10,10,18,19,20,10,10,10,3,10,10,10,10,10,10,10,10,10,10,13,13,10,10,10,10,14,14,14,8,8,14,8,14,15,15,15,15,15,15,15,15","0.00734281539916992","infomap","edit-xhwikibooks.graphml"
"0.09","0.52","0.39","0.387107666949017","1,1,1,1,2,1,2,3,3,4,5,2,6,3,7,8,4,9,5,2,10,11,6,7,7,7,7,12,1,4,9,5,13,2,14,15,16,7,10,10,10,10,11,11,11,11,10,11,11,11,10,10,10,10,10,11,11,11,11,10,17,10,10,7,7,10,10,10,10,10,11,10,7,7,10,10,10,10,10,10,10,7,12,12,12,18,10,10,10,10,19,20,21,10,10,10,8,10,10,10,10,10,10,10,10,10,10,13,13,10,10,10,10,14,15,14,15,15,15,15,15,16,16,16,16,16,16,16,16","0.0099799633026123","infomap","edit-xhwikibooks.graphml"
"0.08","0.53","0.39","0.386118288267273","1,1,2,2,2,3,2,3,3,4,5,2,6,3,7,8,4,9,5,2,10,11,6,3,7,12,7,13,1,4,9,5,14,2,15,16,17,7,10,10,10,10,11,11,11,11,10,11,11,11,10,10,10,10,10,11,11,11,11,10,18,10,10,3,7,10,10,10,10,10,11,10,12,12,10,10,10,10,10,10,10,7,13,13,13,19,10,10,10,10,20,21,22,10,10,10,8,10,10,10,10,10,10,10,10,10,10,14,14,10,10,10,10,15,15,15,15,15,15,16,16,17,17,17,17,17,17,17,17","0.00824308395385742","infomap","edit-xhwikibooks.graphml"
"0.07","0.54","0.39","0.417217249981675","1,2,1,1,3,4,3,5,4,6,7,3,5,8,9,4,6,10,7,3,11,2,5,5,9,12,8,13,14,6,10,7,15,3,9,9,16,8,11,11,11,11,2,2,2,2,11,2,2,2,11,11,11,11,11,2,2,2,2,11,17,11,11,5,9,11,11,11,11,11,2,11,12,12,11,11,11,11,11,11,11,8,13,13,13,18,11,11,11,11,19,20,21,11,11,11,4,11,11,11,11,11,11,11,11,11,11,15,15,11,11,11,11,9,9,9,9,9,9,9,9,16,16,16,16,16,16,16,16","0.00838112831115723","infomap","edit-xhwikibooks.graphml"
"0.06","0.55","0.39","0.379565460692545","1,2,1,1,3,4,3,2,4,5,6,3,7,8,4,4,5,9,6,3,10,11,7,2,4,12,13,14,2,5,9,6,15,3,16,8,13,4,10,10,10,10,11,11,11,11,10,11,11,11,10,10,10,10,10,11,11,11,11,10,17,10,10,2,4,10,10,10,10,10,11,10,12,12,10,10,10,10,10,10,10,13,14,14,14,18,10,10,10,10,19,20,21,10,10,10,4,10,10,10,10,10,10,10,10,10,10,15,15,10,10,10,10,16,16,8,8,16,16,8,16,13,13,13,13,13,13,13,13","0.0082859992980957","infomap","edit-xhwikibooks.graphml"
"0.05","0.56","0.39","0.382979031155491","1,2,1,1,3,4,3,5,4,6,7,3,8,5,9,4,6,10,7,3,11,12,8,5,9,13,5,14,2,6,10,7,15,3,9,16,17,5,11,11,11,11,12,12,12,12,11,12,12,12,11,11,11,11,11,12,12,12,12,11,18,11,11,5,9,11,11,11,11,11,12,11,13,13,11,11,11,11,11,11,11,5,14,14,14,19,11,11,11,11,20,21,22,11,11,11,4,11,11,11,11,11,11,11,11,11,11,15,15,11,11,11,11,9,16,9,9,16,9,9,16,17,17,17,17,17,17,17,17","0.00821089744567871","infomap","edit-xhwikibooks.graphml"
"0.04","0.57","0.39","0.369511400363767","1,2,1,3,4,3,4,5,6,7,4,8,9,5,6,3,7,4,10,8,11,12,9,5,6,13,5,14,2,7,4,10,8,8,15,10,16,6,11,11,11,11,2,12,12,12,11,2,12,12,11,11,11,11,11,2,12,2,12,11,17,11,11,5,6,11,11,11,11,11,12,11,13,13,11,11,11,11,11,11,11,5,14,14,14,18,11,11,11,11,19,20,21,11,11,11,3,11,11,11,11,11,11,11,11,11,11,8,8,11,11,11,11,15,10,10,10,10,15,10,15,16,16,16,16,16,16,16,16","0.00834107398986816","infomap","edit-xhwikibooks.graphml"
"0.03","0.58","0.39","0.381180740333597","1,2,1,3,4,3,4,2,3,5,4,6,7,2,8,3,5,4,9,6,10,11,7,2,8,12,8,13,14,5,4,9,6,6,15,9,16,2,10,10,10,10,11,11,11,11,10,11,11,11,10,10,10,10,10,11,11,11,11,10,17,10,10,2,8,10,10,10,10,10,11,10,12,12,10,10,10,10,10,10,10,8,13,13,13,18,10,10,10,10,19,20,21,10,10,10,3,10,10,10,10,10,10,10,10,10,10,6,6,10,10,10,10,15,15,15,8,8,15,15,15,16,16,16,16,16,16,16,16","0.00847005844116211","infomap","edit-xhwikibooks.graphml"
"0.02","0.59","0.39","0.38813476206861","1,2,1,1,3,2,3,2,2,4,3,5,6,7,8,2,4,3,9,5,10,11,6,7,7,12,8,13,14,4,3,9,5,5,15,9,16,8,10,10,10,10,11,11,11,11,10,11,11,11,10,10,10,10,10,11,11,11,11,10,17,10,10,7,7,10,10,10,10,10,11,10,12,12,10,10,10,10,10,10,10,8,13,13,13,18,10,10,10,10,19,20,21,10,10,10,2,10,10,10,10,10,10,10,10,10,10,5,5,10,10,10,10,9,9,15,15,15,15,15,15,16,16,16,16,16,16,16,16","0.00723981857299805","infomap","edit-xhwikibooks.graphml"
"0.01","0.6","0.39","0.369600662453934","1,2,1,3,4,3,4,2,5,6,4,7,8,5,9,10,6,4,11,7,2,12,8,9,9,13,5,14,2,6,4,11,7,7,11,15,16,9,2,2,2,2,12,12,12,12,2,12,12,12,2,2,2,2,2,12,12,12,12,2,17,2,2,9,9,2,2,2,2,2,12,2,13,13,2,2,2,2,2,2,2,5,14,14,14,18,2,2,2,2,19,20,21,2,2,2,10,2,2,2,2,2,2,2,2,2,2,7,7,2,2,2,2,15,15,11,11,11,11,11,11,16,16,16,16,16,16,16,16","0.00846982002258301","infomap","edit-xhwikibooks.graphml"
"0","0.61","0.39","0.388605511550176","1,2,1,1,3,4,3,5,5,6,7,3,8,5,9,4,6,7,7,3,10,2,8,5,9,11,5,12,1,6,7,7,3,3,9,13,14,5,10,10,10,10,2,2,2,2,10,2,2,2,10,10,10,10,10,2,2,2,2,10,15,10,10,5,9,10,10,10,10,10,2,10,11,11,10,10,10,10,10,10,10,5,12,12,12,16,10,10,10,10,17,18,19,10,10,10,4,10,10,10,10,10,10,10,10,10,10,3,3,10,10,10,10,13,13,9,9,13,13,13,9,14,14,14,14,14,14,14,14","0.00559687614440918","infomap","edit-xhwikibooks.graphml"
"0.6","0","0.4","0.33919017069716","1,1,2,2,2,3,4,3,5,6,4,4,7,8,5,3,6,9,4,10,11,12,13,7,8,8,5,14,15,6,9,16,17,10,18,19,20,5,11,11,11,11,12,12,12,12,11,12,12,12,11,11,11,11,11,12,12,12,12,11,13,11,11,7,8,11,11,11,11,11,12,11,8,8,11,11,11,11,11,11,11,5,14,14,14,15,11,11,11,11,6,9,16,11,11,11,3,11,11,11,11,11,11,11,11,11,11,17,17,11,11,11,11,19,19,19,19,19,18,19,19,20,20,20,20,20,20,20,20","0.00546002388000488","infomap","edit-xhwikibooks.graphml"
"0.59","0.01","0.4","0.323013325902736","1,1,2,3,2,3,4,5,6,7,4,8,5,9,9,10,7,11,12,8,13,14,15,16,6,17,17,10,18,7,11,19,20,13,12,9,6,17,13,13,13,13,14,14,14,14,13,14,14,14,13,13,13,13,13,14,14,14,14,13,15,13,13,16,6,13,13,13,13,13,14,13,17,17,13,13,13,13,13,13,13,17,10,10,10,18,13,13,13,13,7,11,19,13,13,13,10,13,13,13,13,13,13,13,13,13,13,20,20,13,13,13,13,12,9,9,12,9,12,9,9,6,6,6,6,6,6,6,6","0.00845003128051758","infomap","edit-xhwikibooks.graphml"
"0.58","0.02","0.4","0.306464292153617","1,1,2,2,2,3,4,5,3,6,7,4,5,3,8,3,6,9,7,10,11,12,13,14,8,15,8,16,17,6,9,18,19,10,20,21,22,15,11,11,11,11,12,12,12,12,11,12,12,12,11,11,11,11,11,12,12,12,12,11,13,11,11,14,8,11,11,11,11,11,12,11,15,15,11,11,11,11,11,11,11,8,16,16,16,17,11,11,11,11,6,9,18,11,11,11,3,11,11,11,11,11,11,11,11,11,11,19,19,10,11,11,11,20,20,21,21,20,20,20,20,8,8,8,8,8,22,8,8","0.00717496871948242","infomap","edit-xhwikibooks.graphml"
"0.57","0.03","0.4","0.333567345859386","1,1,2,2,3,2,3,4,5,6,3,7,4,8,5,9,6,10,11,7,12,13,14,5,8,15,5,16,17,6,10,18,19,12,11,20,21,5,12,12,12,12,13,13,13,13,12,13,13,13,12,12,12,12,12,13,13,13,13,12,14,12,12,5,8,12,12,12,12,12,13,12,15,15,12,12,12,12,12,12,12,5,16,16,16,17,12,12,12,12,6,10,18,12,12,12,9,12,12,12,12,12,12,12,12,12,12,19,19,12,12,12,12,11,11,20,20,20,11,11,20,21,21,21,21,21,21,21,21","0.00572490692138672","infomap","edit-xhwikibooks.graphml"
"0.56","0.04","0.4","0.327183549606728","1,1,2,2,2,3,4,5,3,6,4,7,5,8,9,10,6,11,12,7,13,14,15,8,5,16,9,10,17,6,11,18,19,13,20,12,21,9,13,13,13,13,14,14,14,14,13,14,14,14,13,13,13,13,13,14,14,14,14,13,15,13,13,8,5,13,13,13,13,13,14,13,16,16,13,13,13,13,13,13,13,9,10,10,10,17,13,13,13,13,6,11,18,13,13,13,10,13,13,13,13,13,13,13,13,13,13,19,19,13,13,13,13,12,12,12,12,12,12,20,20,21,21,21,21,21,21,21,21","0.0086829662322998","infomap","edit-xhwikibooks.graphml"
"0.55","0.05","0.4","0.32935969817713","1,1,2,2,2,3,4,5,3,6,4,7,5,8,9,10,6,11,12,7,1,13,14,8,9,15,9,10,16,6,11,17,18,7,12,19,20,9,1,1,1,1,13,13,13,13,1,13,13,13,1,1,1,1,1,13,13,13,13,1,14,1,1,8,9,1,1,1,1,1,13,1,15,15,1,1,1,1,1,1,1,9,10,10,10,16,1,1,1,1,6,11,17,1,1,1,10,1,1,1,1,1,1,1,1,1,1,18,18,1,1,1,1,12,12,12,12,19,12,12,19,20,20,20,20,20,20,20,20","0.00525093078613281","infomap","edit-xhwikibooks.graphml"
"0.54","0.06","0.4","0.331643759610867","1,1,2,2,2,2,3,4,5,6,3,7,4,8,5,9,6,10,11,7,12,13,14,8,5,15,5,9,16,6,10,17,18,12,19,11,20,20,12,12,12,12,13,13,13,13,12,13,13,13,12,12,12,12,12,13,13,13,13,12,14,12,12,8,5,12,12,12,12,12,13,12,15,15,12,12,12,12,12,12,12,5,9,9,9,16,12,12,12,12,6,10,17,12,12,12,9,12,12,12,12,12,12,12,12,12,12,18,18,12,12,12,12,19,11,19,11,11,11,11,19,20,20,20,20,20,20,20,20","0.00981283187866211","infomap","edit-xhwikibooks.graphml"
"0.53","0.07","0.4","0.332019699290899","1,1,2,2,3,4,3,4,5,6,7,8,9,10,5,11,6,12,7,8,13,14,15,9,16,16,10,11,17,6,12,18,19,8,20,5,21,16,13,13,13,13,14,14,14,14,13,14,14,14,13,13,13,13,13,14,14,14,14,13,15,13,13,9,16,13,13,13,13,13,14,13,16,16,13,13,13,13,13,13,13,10,11,11,11,17,13,13,13,13,6,12,18,13,13,13,11,13,13,13,13,13,13,13,13,13,13,19,19,13,13,13,13,5,5,20,5,20,20,20,20,21,21,21,21,21,21,21,21","0.00658297538757324","infomap","edit-xhwikibooks.graphml"
"0.52","0.08","0.4","0.332101182903498","1,1,2,3,2,3,4,1,3,5,4,4,6,7,8,9,5,10,4,11,12,13,14,6,7,15,15,9,16,5,10,17,18,11,19,20,21,8,12,12,12,12,13,13,13,13,12,13,13,13,12,12,12,12,12,13,13,13,13,12,14,12,12,6,7,12,12,12,12,12,13,12,15,15,12,12,12,12,12,12,12,15,9,9,9,16,12,12,12,12,5,10,17,12,12,12,9,12,12,12,12,12,12,12,12,12,12,18,18,12,12,12,12,20,20,19,20,20,19,19,19,21,21,21,21,21,21,21,21","0.00699496269226074","infomap","edit-xhwikibooks.graphml"
"0.51","0.09","0.4","0.33320564516129","1,2,1,3,1,3,4,2,3,5,4,6,7,8,9,10,5,11,12,6,13,14,15,7,8,16,8,10,17,5,11,18,19,13,12,20,9,8,13,13,13,13,14,14,14,14,13,14,14,14,13,13,13,13,13,14,14,14,14,13,15,13,13,7,8,13,13,13,13,13,14,13,16,16,13,13,13,13,13,13,13,8,10,10,10,17,13,13,13,13,5,11,18,13,13,13,10,13,13,13,13,13,13,13,13,13,13,19,19,13,13,13,13,20,20,20,20,12,20,12,20,9,9,9,9,9,9,9,9","0.0069739818572998","infomap","edit-xhwikibooks.graphml"
"0.5","0.1","0.4","0.332357895421436","1,1,2,2,2,3,4,5,3,6,4,4,7,5,8,9,6,10,11,12,13,14,15,7,8,16,8,9,17,6,10,18,19,12,11,20,21,5,13,13,13,13,14,14,14,14,13,14,14,14,13,13,13,13,13,14,14,14,14,13,15,13,13,7,8,13,13,13,13,13,14,13,16,16,13,13,13,13,13,13,13,8,9,9,9,17,13,13,13,13,6,10,18,13,13,13,9,13,13,13,13,13,13,13,13,13,13,19,19,13,13,13,13,20,20,20,11,20,20,20,20,21,21,21,21,21,21,21,21","0.00808215141296387","infomap","edit-xhwikibooks.graphml"
"0.49","0.11","0.4","0.329208009189127","1,2,1,1,3,4,3,2,4,5,6,3,2,7,4,8,5,9,6,10,10,11,12,7,4,13,4,14,15,5,9,16,17,10,18,19,20,7,10,10,10,10,11,11,11,11,10,11,11,11,10,10,10,10,10,11,11,11,11,10,12,10,10,7,4,10,10,10,10,10,11,10,13,13,10,10,10,10,10,10,10,4,14,14,14,15,10,10,10,10,5,9,16,10,10,10,8,10,10,10,10,10,10,10,10,10,10,17,17,10,10,10,10,19,19,18,19,18,19,18,19,20,20,20,20,20,20,20,20","0.00561285018920898","infomap","edit-xhwikibooks.graphml"
"0.48","0.12","0.4","0.339081287931266","1,2,1,3,4,3,4,5,3,6,7,8,9,5,10,11,6,12,7,8,13,2,14,9,5,15,10,11,16,6,12,17,18,13,19,20,21,10,13,13,13,13,2,2,2,2,13,2,2,2,13,13,13,13,13,2,2,2,2,13,14,13,13,9,5,13,13,13,13,13,2,13,15,15,13,13,13,13,13,13,13,10,11,11,11,16,13,13,13,13,6,12,17,13,13,13,11,13,13,13,13,13,13,13,13,13,13,18,18,13,13,13,13,19,20,19,20,19,19,19,19,21,21,21,21,21,21,21,21","0.00713205337524414","infomap","edit-xhwikibooks.graphml"
"0.47","0.13","0.4","0.332558507120853","1,2,1,3,1,3,4,3,5,6,4,4,7,8,5,9,6,10,11,12,13,2,14,7,8,15,16,9,17,6,10,18,19,12,11,20,16,8,13,13,13,13,2,2,2,2,13,2,2,2,13,13,13,13,13,2,2,2,2,13,14,13,13,7,8,13,13,13,13,13,2,13,15,15,13,13,13,13,13,13,13,16,9,9,9,17,13,13,13,13,6,10,18,13,13,13,9,13,13,13,13,13,13,13,13,13,13,19,19,12,13,13,13,11,20,20,20,11,20,20,20,16,16,16,16,16,16,16,16","0.00704813003540039","infomap","edit-xhwikibooks.graphml"
"0.46","0.14","0.4","0.342094482347059","1,2,1,3,1,3,4,5,3,6,4,7,5,5,8,9,6,10,11,7,12,2,13,14,8,15,8,9,16,6,10,17,18,7,19,11,20,8,12,12,12,12,2,2,2,2,12,2,2,2,12,12,12,12,12,2,2,2,2,12,13,12,12,14,8,12,12,12,12,12,2,12,15,15,12,12,12,12,12,12,12,8,9,9,9,16,12,12,12,12,6,10,17,12,12,12,9,12,12,12,12,12,12,12,12,12,12,18,18,12,12,12,12,11,19,11,11,19,11,19,19,20,20,20,20,20,20,20,20","0.00663995742797852","infomap","edit-xhwikibooks.graphml"
"0.45","0.15","0.4","0.344202647312624","1,2,1,3,4,3,4,2,3,5,6,7,2,8,9,10,5,11,6,7,12,13,14,8,9,9,9,10,15,5,11,16,17,7,18,19,20,9,12,12,12,12,13,13,13,13,12,13,13,13,12,12,12,12,12,13,13,13,13,12,14,12,12,8,9,12,12,12,12,12,13,12,9,9,12,12,12,12,12,12,12,9,10,10,10,15,12,12,12,12,5,11,16,12,12,12,10,12,12,12,12,12,12,12,12,12,12,17,17,12,12,12,12,18,18,19,18,18,19,19,18,20,20,20,20,20,20,20,20","0.00700616836547852","infomap","edit-xhwikibooks.graphml"
"0.44","0.16","0.4","0.338066129444789","1,1,2,3,2,3,4,3,5,6,4,7,8,9,5,3,6,10,11,7,12,13,14,8,5,15,9,16,17,6,10,18,19,7,11,20,21,9,12,12,12,12,13,13,13,13,12,13,13,13,12,12,12,12,12,13,13,13,13,12,14,12,12,8,5,12,12,12,12,12,13,12,15,15,12,12,12,12,12,12,12,9,16,16,16,17,12,12,12,12,6,10,18,12,12,12,3,12,12,12,12,12,12,12,12,12,12,19,19,12,12,12,12,11,20,20,20,20,20,20,20,21,21,21,21,21,21,21,21","0.00533199310302734","infomap","edit-xhwikibooks.graphml"
"0.43","0.17","0.4","0.336894992399366","1,1,2,2,3,4,3,4,4,5,6,7,8,9,10,11,5,12,6,7,13,14,15,8,9,9,10,11,16,5,12,17,18,13,10,19,20,10,13,13,13,13,14,14,14,14,13,14,14,14,13,13,13,13,13,14,14,14,14,13,15,13,13,8,9,13,13,13,13,13,14,13,9,9,13,13,13,13,13,13,13,10,11,11,11,16,13,13,13,13,5,12,17,13,13,13,11,13,13,13,13,13,13,13,13,13,13,18,18,13,13,13,13,19,19,10,19,19,19,19,19,20,20,20,20,20,20,20,20","0.0069420337677002","infomap","edit-xhwikibooks.graphml"
"0.42","0.18","0.4","0.336452181180715","1,1,2,3,2,3,4,3,5,6,4,7,3,8,5,9,6,10,11,7,12,13,14,5,15,15,8,16,17,6,10,18,19,7,11,20,21,15,12,12,12,12,13,13,13,13,12,13,13,13,12,12,12,12,12,13,13,13,13,12,14,12,12,5,15,12,12,12,12,12,13,12,15,15,12,12,12,12,12,12,12,8,16,16,16,17,12,12,12,12,6,10,18,12,12,12,9,12,12,12,12,12,12,12,12,12,12,19,19,12,12,12,12,11,20,11,20,11,20,20,11,21,21,21,21,21,21,21,21","0.00551104545593262","infomap","edit-xhwikibooks.graphml"
"0.41","0.19","0.4","0.326335690371444","1,1,2,2,3,4,3,4,4,5,3,6,7,8,9,10,5,11,12,6,1,13,14,7,8,15,9,16,17,5,11,18,19,1,12,20,21,9,1,1,1,1,13,13,13,13,1,13,13,13,1,1,1,1,1,13,13,13,13,1,14,1,1,7,8,1,1,1,1,1,13,1,15,15,1,1,1,1,1,1,1,9,16,16,16,17,1,1,1,1,5,11,18,1,1,1,10,1,1,1,1,1,1,1,1,1,1,19,19,1,1,1,1,12,20,12,20,12,20,12,20,21,21,21,21,21,21,21,21","0.00565505027770996","infomap","edit-xhwikibooks.graphml"
"0.4","0.2","0.4","0.348541966712646","1,2,1,1,1,3,4,2,3,5,4,4,2,6,7,8,5,9,4,4,10,11,12,6,6,7,7,8,13,5,9,14,15,4,16,17,18,6,10,10,10,10,11,11,11,11,10,11,11,11,10,10,10,10,10,11,11,11,11,10,12,10,10,6,6,10,10,10,10,10,11,10,7,7,10,10,10,10,10,10,10,7,8,8,8,13,10,10,10,10,5,9,14,10,10,10,8,10,10,10,10,10,10,10,10,10,10,15,15,10,10,10,10,17,17,17,16,17,16,16,16,18,18,18,18,18,18,18,18","0.00684499740600586","infomap","edit-xhwikibooks.graphml"
"0.39","0.21","0.4","0.329845058496161","1,1,2,2,2,3,2,4,3,5,6,2,7,4,3,3,5,8,6,2,9,10,11,7,3,3,4,12,13,5,8,14,15,2,16,17,18,3,9,9,9,9,10,10,10,10,9,10,10,10,9,9,9,9,9,10,10,10,10,9,11,9,9,7,3,9,9,9,9,9,10,9,3,3,9,9,9,9,9,9,9,4,12,12,12,13,9,9,9,9,5,8,14,9,9,9,19,9,9,9,9,9,9,9,9,9,9,15,15,9,9,9,9,17,17,17,16,17,16,16,16,18,18,18,18,18,18,18,18","0.00737690925598145","infomap","edit-xhwikibooks.graphml"
"0.38","0.22","0.4","0.32883277135618","1,1,2,2,2,3,2,3,3,4,5,2,3,6,3,7,4,8,5,2,9,10,11,6,3,3,12,13,14,4,8,15,16,2,17,18,19,3,9,9,9,9,10,10,10,10,9,10,10,10,9,9,9,9,9,10,10,10,10,9,11,9,9,6,3,9,9,9,9,9,10,9,3,3,9,9,9,9,9,9,9,12,13,13,13,14,9,9,9,9,4,8,15,9,9,9,7,9,9,9,9,9,9,9,9,9,9,16,16,9,9,9,9,18,18,18,17,17,17,18,18,19,19,19,19,19,19,19,19","0.00782489776611328","infomap","edit-xhwikibooks.graphml"
"0.37","0.23","0.4","0.321810697419464","1,2,1,1,3,4,3,2,4,5,6,3,7,8,9,10,5,11,6,3,12,13,14,7,8,15,9,16,17,5,11,18,19,3,20,21,22,4,12,12,12,12,13,13,13,13,12,13,13,13,12,12,12,12,12,13,13,13,13,12,14,12,12,7,8,12,12,12,12,12,13,12,15,15,12,12,12,12,12,12,12,9,16,16,16,17,12,12,12,12,5,11,18,12,12,12,10,12,12,12,12,12,12,12,12,12,12,19,19,12,12,12,12,21,20,20,21,20,20,20,20,22,22,22,22,22,22,22,22","0.00864601135253906","infomap","edit-xhwikibooks.graphml"
"0.36","0.24","0.4","0.329232139415598","1,2,1,1,3,4,3,5,4,6,7,3,8,5,9,4,6,10,7,3,11,2,12,8,5,13,9,14,15,6,10,16,17,3,18,19,20,5,11,11,11,11,2,2,2,2,11,2,2,2,11,11,11,11,11,2,2,2,2,11,12,11,11,8,5,11,11,11,11,11,2,11,13,13,11,11,11,11,11,11,11,9,14,14,14,15,11,11,11,11,6,10,16,11,11,11,4,11,11,11,11,11,11,11,11,11,11,17,17,11,11,11,11,19,18,18,18,18,19,18,19,20,20,20,20,20,20,20,20","0.00900602340698242","infomap","edit-xhwikibooks.graphml"
"0.35","0.25","0.4","0.326186846028118","1,2,3,3,3,1,3,2,4,5,6,3,7,8,4,1,5,9,6,3,10,11,12,7,8,13,8,14,15,5,9,16,17,3,18,19,20,20,10,10,10,10,11,11,11,11,10,11,11,11,10,10,10,10,10,11,11,11,11,10,12,10,10,7,8,10,10,10,10,10,11,10,13,13,10,10,10,10,10,10,10,8,14,14,14,15,10,10,10,10,5,9,16,10,10,10,1,10,10,10,10,10,10,10,10,10,10,17,17,10,10,10,10,18,18,18,19,19,18,18,19,20,20,20,20,20,20,20,20","0.00590801239013672","infomap","edit-xhwikibooks.graphml"
"0.34","0.26","0.4","0.32475236395457","1,2,1,1,3,2,3,2,4,5,6,3,7,8,9,2,5,10,6,3,11,12,13,7,9,4,8,14,15,5,10,16,17,3,18,19,4,2,11,11,11,11,12,12,12,12,11,12,12,12,11,11,11,11,11,12,12,12,12,11,13,11,11,7,9,11,11,11,11,11,12,11,4,4,11,11,11,11,11,11,11,8,14,14,14,15,11,11,11,11,5,10,16,11,11,11,20,11,11,11,11,11,11,11,11,11,11,17,17,11,11,11,11,18,19,19,19,19,19,18,18,4,4,4,4,4,4,4,4","0.0076138973236084","infomap","edit-xhwikibooks.graphml"
"0.33","0.27","0.4","0.327902342813114","1,2,1,1,3,4,3,5,4,6,7,3,5,8,9,4,6,10,7,3,11,2,12,9,8,13,9,14,15,6,10,16,17,3,18,19,20,20,11,11,11,11,2,2,2,2,11,2,2,2,11,11,11,11,11,2,2,2,2,11,12,11,11,9,8,11,11,11,11,11,2,11,13,13,11,11,11,11,11,11,11,9,14,14,14,15,11,11,11,11,6,10,16,11,11,11,4,11,11,11,11,11,11,11,11,11,11,17,17,11,11,11,11,19,19,19,18,18,19,19,19,20,20,20,20,20,20,20,20","0.00866198539733887","infomap","edit-xhwikibooks.graphml"
"0.32","0.28","0.4","0.335353806885356","1,1,2,2,2,3,2,3,3,4,5,2,3,6,7,8,4,9,5,2,10,11,12,6,7,6,6,13,14,4,9,15,16,2,17,18,19,7,10,10,10,10,11,11,11,11,10,11,11,11,10,10,10,10,10,11,11,11,11,10,12,10,10,6,7,10,10,10,10,10,11,10,6,6,10,10,10,10,10,10,10,6,13,13,13,14,10,10,10,10,4,9,15,10,10,10,8,10,10,10,10,10,10,10,10,10,10,16,16,10,10,10,10,18,17,17,18,17,17,17,17,19,19,19,19,19,19,19,19","0.00871181488037109","infomap","edit-xhwikibooks.graphml"
"0.31","0.29","0.4","0.319781477627471","1,1,2,2,2,3,2,3,4,5,6,2,7,3,4,3,5,8,6,2,9,10,11,7,4,3,4,12,13,5,8,14,15,2,16,17,18,3,9,9,9,9,10,10,10,10,9,10,10,10,9,9,9,9,9,10,10,10,10,9,11,9,9,7,4,9,9,9,9,9,10,9,3,3,9,9,9,9,9,9,9,4,12,12,12,13,9,9,9,9,5,8,14,9,9,9,19,9,9,9,9,9,9,9,9,9,9,15,15,9,9,9,9,17,17,16,16,17,16,16,16,4,4,4,18,4,4,4,4","0.00736498832702637","infomap","edit-xhwikibooks.graphml"
"0.3","0.3","0.4","0.330929996539143","1,1,2,2,2,3,2,4,5,6,7,2,4,5,8,3,6,9,7,2,10,11,12,5,8,13,8,14,15,6,9,16,17,2,18,19,20,5,10,10,10,10,11,11,11,11,10,11,11,11,10,10,10,10,10,11,11,11,11,10,12,10,10,5,8,10,10,10,10,10,11,10,13,13,10,10,10,10,10,10,10,8,14,14,14,15,10,10,10,10,6,9,16,10,10,10,3,10,10,10,10,10,10,10,10,10,10,17,17,10,10,10,10,19,18,18,19,18,19,18,19,20,20,20,20,20,20,20,20","0.00884294509887695","infomap","edit-xhwikibooks.graphml"
"0.29","0.31","0.4","0.337547421047036","1,1,2,2,2,3,2,4,3,5,6,2,7,4,3,3,5,8,6,2,9,10,11,7,3,4,3,12,13,5,8,14,15,2,16,17,18,3,9,9,9,9,10,10,10,10,9,10,10,10,9,9,9,9,9,10,10,10,10,9,11,9,9,7,3,9,9,9,9,9,10,9,4,4,9,9,9,9,9,9,9,3,12,12,12,13,9,9,9,9,5,8,14,9,9,9,19,9,9,9,9,9,9,9,9,9,9,15,15,9,9,9,9,16,16,17,17,17,16,16,17,18,18,18,18,18,18,18,18","0.00736880302429199","infomap","edit-xhwikibooks.graphml"
"0.28","0.32","0.4","0.335797357864373","1,2,1,1,3,4,3,5,4,6,7,3,8,5,9,4,6,10,7,3,11,2,12,8,9,13,5,14,15,6,10,16,17,3,18,19,20,9,11,11,11,11,2,2,2,2,11,2,2,2,11,11,11,11,11,2,2,2,2,11,12,11,11,8,9,11,11,11,11,11,2,11,13,13,11,11,11,11,11,11,11,5,14,14,14,15,11,11,11,11,6,10,16,11,11,11,4,11,11,11,11,11,11,11,11,11,11,17,17,11,11,11,11,19,18,19,19,18,19,18,18,20,20,20,20,20,20,20,20","0.0339658260345459","infomap","edit-xhwikibooks.graphml"
"0.27","0.33","0.4","0.320918544059718","1,2,1,3,4,3,4,5,3,6,7,4,5,8,9,3,6,10,7,4,2,11,12,8,13,14,5,15,16,6,10,17,18,4,9,19,20,9,2,2,2,2,11,11,11,11,2,11,11,11,2,2,2,2,2,11,11,11,11,2,12,2,2,8,13,2,2,2,2,2,11,2,14,14,2,2,2,2,2,2,2,5,15,15,15,16,2,2,2,2,6,10,17,2,2,2,3,2,2,2,2,2,2,2,2,2,2,18,18,2,2,2,2,9,9,19,9,19,19,19,19,20,20,20,20,20,20,20,20","0.0122249126434326","infomap","edit-xhwikibooks.graphml"
"0.26","0.34","0.4","0.34247019552944","1,2,1,1,3,4,3,5,4,6,7,3,8,5,9,4,6,10,7,3,11,2,12,8,5,13,9,14,15,6,10,16,17,3,4,18,19,5,11,11,11,11,2,2,2,2,11,2,2,2,11,11,11,11,11,2,2,2,2,11,12,11,11,8,5,11,11,11,11,11,2,11,13,13,11,11,11,11,11,11,11,9,14,14,14,15,11,11,11,11,6,10,16,11,11,11,20,11,11,11,11,11,11,11,11,11,11,17,17,11,11,11,11,18,18,4,4,18,18,18,18,19,19,19,19,19,19,19,19","0.00903487205505371","infomap","edit-xhwikibooks.graphml"
"0.25","0.35","0.4","0.343245234786109","1,1,2,2,2,3,2,4,3,5,6,2,4,7,8,3,5,9,6,2,10,11,12,4,8,13,7,14,15,5,9,16,17,2,18,19,20,7,10,10,10,10,11,11,11,11,10,11,11,11,10,10,10,10,10,11,11,11,11,10,12,10,10,4,8,10,10,10,10,10,11,10,13,13,10,10,10,10,10,10,10,7,14,14,14,15,10,10,10,10,5,9,16,10,10,10,3,10,10,10,10,10,10,10,10,10,10,17,17,10,10,10,10,18,19,18,19,18,19,18,19,20,20,20,20,20,20,20,20","0.00736403465270996","infomap","edit-xhwikibooks.graphml"
"0.24","0.36","0.4","0.366097253716301","1,2,1,1,3,4,3,4,4,5,6,3,7,4,8,4,5,9,6,3,2,10,11,7,4,12,8,13,14,5,9,15,16,3,17,17,18,4,2,2,2,2,10,10,10,10,2,10,10,10,2,2,2,2,2,10,10,10,10,2,11,2,2,7,4,2,2,2,2,2,10,2,12,12,2,2,2,2,2,2,2,8,13,13,13,14,2,2,2,2,5,9,15,2,2,2,19,2,2,2,2,2,2,2,2,2,2,16,16,2,2,2,2,17,17,17,17,17,17,17,17,18,18,18,18,18,18,18,18","0.00909185409545898","infomap","edit-xhwikibooks.graphml"
"0.23","0.37","0.4","0.351563051146384","1,1,2,2,2,3,2,3,3,4,5,2,6,3,7,3,4,8,5,2,9,10,11,6,7,3,7,12,13,4,8,14,15,2,16,17,18,7,9,9,9,9,10,10,10,10,9,10,10,10,9,9,9,9,9,10,10,10,10,9,11,9,9,6,7,9,9,9,9,9,10,9,3,3,9,9,9,9,9,9,9,7,12,12,12,13,9,9,9,9,4,8,14,9,9,9,19,9,9,9,9,9,9,9,9,9,9,15,15,9,9,9,9,16,17,16,16,16,16,16,17,18,18,18,18,18,18,18,18","0.0072779655456543","infomap","edit-xhwikibooks.graphml"
"0.22","0.38","0.4","0.342481169671993","1,1,2,2,2,3,2,4,3,5,6,2,7,4,8,3,5,9,6,2,10,11,12,7,8,13,3,14,15,5,9,16,17,2,18,19,20,4,10,10,10,10,11,11,11,11,10,11,11,11,10,10,10,10,10,11,11,11,11,10,12,10,10,7,8,10,10,10,10,10,11,10,13,13,10,10,10,10,10,10,10,3,14,14,14,15,10,10,10,10,5,9,16,10,10,10,3,10,10,10,10,10,10,10,10,10,10,17,17,10,10,10,10,18,18,18,18,18,18,19,18,20,20,20,20,20,20,20,20","0.00938701629638672","infomap","edit-xhwikibooks.graphml"
"0.21","0.39","0.4","0.34104577042955","1,1,2,2,2,3,2,4,5,6,7,2,8,4,9,3,6,10,7,2,11,12,13,8,9,14,4,15,16,6,10,17,18,2,5,19,20,5,11,11,11,11,12,12,12,12,11,12,12,12,11,11,11,11,11,12,12,12,12,11,13,11,11,8,9,11,11,11,11,11,12,11,14,14,11,11,11,11,11,11,11,4,15,15,15,16,11,11,11,11,6,10,17,11,11,11,3,11,11,11,11,11,11,11,11,11,11,18,18,11,11,11,11,19,5,5,19,19,5,5,19,20,20,20,20,20,20,20,20","0.00741887092590332","infomap","edit-xhwikibooks.graphml"
"0.2","0.4","0.4","0.345285194269556","1,1,2,2,2,3,2,4,5,6,7,2,4,5,8,3,6,9,7,2,10,11,12,4,5,13,8,14,15,6,9,16,17,2,18,19,20,5,10,10,10,10,11,11,11,11,10,11,11,11,10,10,10,10,10,11,11,11,11,10,12,10,10,4,5,10,10,10,10,10,11,10,13,13,10,10,10,10,10,10,10,8,14,14,14,15,10,10,10,10,6,9,16,10,10,10,3,10,10,10,10,10,10,10,10,10,10,17,17,10,10,10,10,18,18,18,19,19,19,18,18,20,20,20,20,20,20,20,20","0.00737881660461426","infomap","edit-xhwikibooks.graphml"
"0.19","0.41","0.4","0.340870935494456","1,1,2,2,2,3,2,3,3,4,5,2,6,7,8,3,4,9,5,2,10,11,6,8,8,12,7,13,1,4,9,5,14,2,15,16,17,8,10,10,10,10,11,11,11,11,10,11,11,11,10,10,10,10,10,11,11,11,11,10,18,10,10,8,8,10,10,10,10,10,11,10,12,12,10,10,10,10,10,10,10,7,13,13,13,19,10,10,10,10,20,21,22,10,10,10,3,10,10,10,10,10,10,10,10,10,10,14,14,10,10,10,10,16,16,16,16,15,16,15,16,17,17,17,17,17,17,17,17","0.0058751106262207","infomap","edit-xhwikibooks.graphml"
"0.18","0.42","0.4","0.342058380025714","1,1,2,2,2,3,2,3,3,4,5,2,6,3,7,8,4,9,5,2,10,11,6,6,3,12,7,13,1,4,9,5,14,2,15,16,17,3,10,10,10,10,11,11,11,11,10,11,11,11,10,10,10,10,10,11,11,11,11,10,18,10,10,6,3,10,10,10,10,10,11,10,12,12,10,10,10,10,10,10,10,7,13,13,13,19,10,10,10,10,20,21,22,10,10,10,8,10,10,10,10,10,10,10,10,10,10,14,14,10,10,10,10,16,16,16,16,16,15,16,15,17,17,17,17,17,17,17,17","0.00772714614868164","infomap","edit-xhwikibooks.graphml"
"0.17","0.43","0.4","0.349745482576806","1,1,2,2,2,3,2,4,3,5,6,2,7,4,8,3,5,9,6,2,10,1,7,4,8,11,8,12,1,5,9,6,13,2,14,15,16,4,10,10,10,10,1,1,1,1,10,1,1,1,10,10,10,10,10,1,1,1,1,10,17,10,10,4,8,10,10,10,10,10,1,10,11,11,10,10,10,10,10,10,10,8,12,12,12,18,10,10,10,10,19,20,21,10,10,10,3,10,10,10,10,10,10,10,10,10,10,13,13,10,10,10,10,14,14,14,14,14,15,14,15,16,16,16,16,16,16,16,16","0.00587105751037598","infomap","edit-xhwikibooks.graphml"
"0.16","0.44","0.4","0.341219375646103","1,1,2,2,2,3,2,4,3,5,6,2,7,8,4,3,5,9,6,2,10,11,7,8,4,12,4,13,1,5,9,6,14,2,15,16,17,8,10,10,10,10,11,11,11,11,10,11,11,11,10,10,10,10,10,11,11,11,11,10,18,10,10,8,4,10,10,10,10,10,11,10,12,12,10,10,10,10,10,10,10,4,13,13,13,19,10,10,10,10,20,21,22,10,10,10,3,10,10,10,10,10,10,10,10,10,10,14,14,10,10,10,10,16,16,16,16,16,16,16,15,17,17,17,17,17,17,17,17","0.00761294364929199","infomap","edit-xhwikibooks.graphml"
"0.15","0.45","0.4","0.350090702947846","1,1,2,2,2,3,2,1,4,5,6,2,7,8,4,3,5,9,6,2,10,11,7,8,4,12,4,13,1,5,9,6,14,2,15,16,17,4,10,10,10,10,11,11,11,11,10,11,11,11,10,10,10,10,10,11,11,11,11,10,18,10,10,8,4,10,10,10,10,10,11,10,12,12,10,10,10,10,10,10,10,4,13,13,13,19,10,10,10,10,20,21,22,10,10,10,3,10,10,10,10,10,10,10,10,10,10,14,14,10,10,10,10,15,15,16,16,15,15,15,15,17,17,17,17,17,17,17,17","0.00744199752807617","infomap","edit-xhwikibooks.graphml"
"0.14","0.46","0.4","0.341308617394525","1,1,2,2,2,3,2,1,4,5,6,2,7,8,9,3,5,10,6,2,11,12,7,9,8,13,8,14,1,5,10,6,15,2,16,4,17,9,11,11,11,11,12,12,12,12,11,12,12,12,11,11,11,11,11,12,12,12,12,11,18,11,11,9,8,11,11,11,11,11,12,11,13,13,11,11,11,11,11,11,11,8,14,14,14,19,11,11,11,11,20,21,22,11,11,11,3,11,11,11,11,11,11,11,11,11,11,15,15,11,11,11,11,16,4,4,4,4,4,4,16,17,17,17,17,17,17,17,17","0.0076291561126709","infomap","edit-xhwikibooks.graphml"
"0.13","0.47","0.4","0.341630332955764","1,2,1,3,4,3,4,2,5,6,7,4,8,9,10,3,6,11,7,4,12,13,8,10,10,14,9,15,2,6,11,7,16,4,17,18,5,9,12,12,12,12,13,13,13,13,12,13,13,13,12,12,12,12,12,13,13,13,13,12,19,12,12,10,10,12,12,12,12,12,13,12,14,14,12,12,12,12,12,12,12,9,15,15,15,20,12,12,12,12,21,22,23,12,12,12,3,12,12,12,12,12,12,12,12,12,12,16,16,12,12,12,12,18,18,18,18,18,17,18,17,5,5,5,5,5,5,5,5","0.00881600379943848","infomap","edit-xhwikibooks.graphml"
"0.12","0.48","0.4","0.348550843202194","1,2,1,3,4,3,4,5,6,7,8,4,9,5,6,3,7,10,8,4,11,12,9,5,6,13,6,14,2,7,10,8,15,4,16,17,18,6,11,11,11,11,12,12,12,12,11,12,12,12,11,11,11,11,11,12,12,12,12,11,19,11,11,5,6,11,11,11,11,11,12,11,13,13,11,11,11,11,11,11,11,6,14,14,14,20,11,11,11,11,21,22,23,11,11,11,3,11,11,11,11,11,11,11,11,11,11,15,15,11,11,11,11,16,17,17,16,16,16,17,17,18,18,18,18,18,18,18,18","0.00877690315246582","infomap","edit-xhwikibooks.graphml"
"0.11","0.49","0.4","0.34401715429525","1,2,1,1,3,2,3,2,2,4,5,3,6,7,8,2,4,9,5,3,10,11,6,7,8,12,2,13,2,4,9,5,14,3,15,16,17,2,10,10,10,10,11,11,11,11,10,11,11,11,10,10,10,10,10,11,11,11,11,10,18,10,10,7,8,10,10,10,10,10,11,10,12,12,10,10,10,10,10,10,10,2,13,13,13,19,10,10,10,10,20,21,22,10,10,10,2,10,10,10,10,10,10,10,10,10,10,14,14,10,10,10,10,15,16,16,16,15,15,15,16,17,17,17,17,17,17,17,17","0.00745105743408203","infomap","edit-xhwikibooks.graphml"
"0.1","0.5","0.4","0.373467441012261","1,1,2,2,2,3,2,4,3,5,6,2,7,4,8,3,5,9,6,2,10,11,7,8,4,4,8,12,1,5,9,6,13,2,14,15,16,4,10,10,10,10,11,11,11,11,10,11,11,11,10,10,10,10,10,11,11,11,11,10,17,10,10,8,4,10,10,10,10,10,11,10,4,4,10,10,10,10,10,10,10,8,12,12,12,18,10,10,10,10,19,20,21,10,10,10,3,10,10,10,10,10,10,10,10,10,10,13,13,10,10,10,10,14,15,15,15,15,14,15,14,16,16,16,16,16,16,16,16","0.00909686088562012","infomap","edit-xhwikibooks.graphml"
"0.09","0.51","0.4","0.376657934236737","1,2,1,1,3,4,3,2,4,5,6,3,7,8,9,4,5,10,6,3,11,12,7,8,8,8,8,13,2,5,10,6,14,3,15,16,17,9,11,11,11,11,12,12,12,12,11,12,12,12,11,11,11,11,11,12,12,12,12,11,18,11,11,8,8,11,11,11,11,11,12,11,8,8,11,11,11,11,11,11,11,8,13,13,13,19,11,11,11,11,20,21,22,11,11,11,4,11,11,11,11,11,11,11,11,11,11,14,14,11,11,11,11,15,15,15,15,16,16,15,16,17,17,17,17,17,17,17,17","0.00606608390808105","infomap","edit-xhwikibooks.graphml"
"0.08","0.52","0.4","0.360509979392827","1,1,2,2,2,3,2,4,3,5,6,2,7,4,8,3,5,9,6,2,10,11,7,8,8,8,4,12,1,5,9,6,13,2,14,15,16,4,10,10,10,10,11,11,11,11,10,11,11,11,10,10,10,10,10,11,11,11,11,10,17,10,10,8,8,10,10,10,10,10,11,10,8,8,10,10,10,10,10,10,10,4,12,12,12,18,10,10,10,10,19,20,21,10,10,10,3,10,10,10,10,10,10,10,10,10,10,13,13,10,10,10,10,14,8,8,14,15,8,15,8,16,16,16,16,16,16,16,16","0.00609493255615234","infomap","edit-xhwikibooks.graphml"
"0.07","0.53","0.4","0.360281743488142","1,2,1,1,3,2,3,2,2,4,5,3,6,7,8,2,4,9,5,3,10,11,6,8,8,7,7,12,13,4,9,5,14,3,15,16,17,7,10,10,10,10,11,11,11,11,10,11,11,11,10,10,10,10,10,11,11,11,11,10,18,10,10,8,8,10,10,10,10,10,11,10,7,7,10,10,10,10,10,10,10,7,12,12,12,19,10,10,10,10,20,21,22,10,10,10,2,10,10,10,10,10,10,10,10,10,10,14,14,10,10,10,10,15,15,16,8,8,16,8,15,17,17,17,17,17,17,17,17","0.00998711585998535","infomap","edit-xhwikibooks.graphml"
"0.06","0.54","0.4","0.37578862795583","1,2,1,3,4,3,4,5,6,7,8,4,9,6,5,3,7,10,8,4,11,12,9,6,6,6,5,13,2,7,10,8,14,4,15,16,17,6,11,11,11,11,12,12,12,12,11,12,12,12,11,11,11,11,11,12,12,12,12,11,18,11,11,6,6,11,11,11,11,11,12,11,6,6,11,11,11,11,11,11,11,5,13,13,13,19,11,11,11,11,20,21,22,11,11,11,3,11,11,11,11,11,11,11,11,11,11,14,14,11,11,11,11,16,15,15,16,16,16,15,15,17,17,17,17,17,17,17,17","0.00740504264831543","infomap","edit-xhwikibooks.graphml"
"0.05","0.55","0.4","0.378206626685283","1,2,1,1,3,4,3,4,4,5,6,3,7,4,8,9,5,10,6,3,11,12,7,7,4,4,8,13,2,5,10,6,14,3,15,8,16,4,11,11,11,11,12,12,12,12,11,12,12,12,11,11,11,11,11,12,12,12,12,11,17,11,11,7,4,11,11,11,11,11,12,11,4,4,11,11,11,11,11,11,11,8,13,13,13,18,11,11,11,11,19,20,21,11,11,11,9,11,11,11,11,11,11,11,11,11,11,14,14,11,11,11,11,15,8,8,8,15,8,15,8,16,16,16,16,16,16,16,16","0.00723981857299805","infomap","edit-xhwikibooks.graphml"
"0.04","0.56","0.4","0.377688849050876","1,1,2,2,2,3,2,3,4,5,6,2,7,4,8,3,5,9,6,2,10,11,7,4,4,12,4,13,1,5,9,6,14,2,15,8,16,4,10,10,10,10,11,11,11,11,10,11,11,11,10,10,10,10,10,11,11,11,11,10,17,10,10,4,4,10,10,10,10,10,11,10,12,12,10,10,10,10,10,10,10,4,13,13,13,18,10,10,10,10,19,20,21,10,10,10,3,10,10,10,10,10,10,10,10,10,10,14,14,10,10,10,10,8,8,15,8,8,15,15,15,16,16,16,16,16,16,16,16","0.00733399391174316","infomap","edit-xhwikibooks.graphml"
"0.03","0.57","0.4","0.382933973725298","1,1,2,2,2,3,2,3,4,5,6,2,3,7,4,8,5,9,6,2,10,11,3,3,7,7,7,12,1,5,9,6,13,2,14,15,16,4,10,10,10,10,11,11,11,11,10,11,11,11,10,10,10,10,10,11,11,11,11,10,17,10,10,3,7,10,10,10,10,10,11,10,7,7,10,10,10,10,10,10,10,7,12,12,12,18,10,10,10,10,19,20,21,10,10,10,8,10,10,10,10,10,10,10,10,10,10,13,13,10,10,10,10,15,15,14,14,14,14,15,14,16,16,16,16,16,16,16,16","0.00747513771057129","infomap","edit-xhwikibooks.graphml"
"0.02","0.58","0.4","0.370395550346435","1,2,1,1,3,1,3,4,1,5,6,3,7,4,8,9,5,10,6,3,11,12,7,7,8,13,8,14,2,5,10,6,15,3,16,17,18,8,11,11,11,11,12,12,12,12,11,12,12,12,11,11,11,11,11,12,12,12,12,11,19,11,11,7,8,11,11,11,11,11,12,11,13,13,11,11,11,11,11,11,11,8,14,14,14,20,11,11,11,11,21,22,23,11,11,11,9,11,11,11,11,11,11,11,11,11,11,15,15,11,11,11,11,17,16,16,16,16,16,16,17,8,8,18,8,18,18,18,8","0.00782108306884766","infomap","edit-xhwikibooks.graphml"
"0.01","0.59","0.4","0.379148917581208","1,2,1,1,3,1,3,1,4,5,6,3,7,8,4,9,5,10,6,3,11,12,7,4,8,8,8,13,2,5,10,6,14,3,15,16,17,8,11,11,11,11,12,12,12,12,11,12,12,12,11,11,11,11,11,12,12,12,12,11,18,11,11,4,8,11,11,11,11,11,12,11,8,8,11,11,11,11,11,11,11,8,13,13,13,19,11,11,11,11,20,21,22,11,11,11,9,11,11,11,11,11,11,11,11,11,11,14,14,11,11,11,11,15,16,15,16,16,16,16,15,17,17,17,17,17,17,17,17","0.0064690113067627","infomap","edit-xhwikibooks.graphml"
"0","0.6","0.4","0.376455275166933","1,2,1,3,4,3,4,3,5,6,7,4,8,9,5,10,6,11,7,4,12,13,8,5,9,14,9,15,2,6,11,7,16,4,17,18,14,9,12,12,12,12,13,13,13,13,12,13,13,13,12,12,12,12,12,13,13,13,13,12,19,12,12,5,9,12,12,12,12,12,13,12,14,14,12,12,12,12,12,12,12,9,15,15,15,20,12,12,12,12,21,22,23,12,12,12,10,12,12,12,12,12,12,12,12,12,12,16,16,12,12,12,12,18,17,17,17,18,18,17,18,14,14,14,14,14,14,14,14","0.00575780868530273","infomap","edit-xhwikibooks.graphml"
"0.59","0","0.41","0.327416321134547","1,1,2,2,3,2,3,4,4,5,3,6,7,4,8,2,5,9,10,6,11,12,13,7,4,14,8,15,16,5,9,17,18,11,10,19,20,4,11,11,11,11,12,12,12,12,11,12,12,12,11,11,11,11,11,12,12,12,12,11,13,11,11,7,4,11,11,11,11,11,12,11,14,14,11,11,11,11,11,11,11,8,15,15,15,16,11,11,11,11,5,9,17,11,11,11,2,11,11,11,11,11,11,11,11,11,11,18,18,11,11,11,11,10,19,19,19,19,10,19,19,20,20,20,20,20,20,20,20","0.00558018684387207","infomap","edit-xhwikibooks.graphml"
"0.58","0.01","0.41","0.3220401418184","1,2,1,1,3,4,3,5,4,6,7,8,5,9,10,11,6,12,7,8,13,2,14,9,15,15,10,11,16,6,12,17,18,13,19,20,21,10,13,13,13,13,2,2,2,2,13,2,2,2,13,13,13,13,13,2,2,2,2,13,14,13,13,9,15,13,13,13,13,13,2,13,15,15,13,13,13,13,13,13,13,10,11,11,11,16,13,13,13,13,6,12,17,13,13,13,11,13,13,13,13,13,13,13,13,13,13,18,18,13,13,13,13,19,19,20,10,19,20,20,20,21,21,21,21,21,21,21,21","0.00550603866577148","infomap","edit-xhwikibooks.graphml"
"0.57","0.02","0.41","0.320613845321795","1,1,2,2,3,4,3,1,4,5,6,3,7,4,8,9,5,10,6,11,11,12,13,7,4,4,14,9,15,5,10,16,17,11,18,19,14,8,11,11,11,11,12,12,12,12,11,12,12,12,11,11,11,11,11,12,12,12,12,11,13,11,11,7,4,11,11,11,11,11,12,11,4,4,11,11,11,11,11,11,11,14,9,9,9,15,11,11,11,11,5,10,16,11,11,11,20,11,11,11,11,11,11,11,11,11,11,17,17,11,11,11,11,19,19,19,18,19,19,18,19,14,14,14,14,14,14,14,14","0.00704598426818848","infomap","edit-xhwikibooks.graphml"
"0.56","0.03","0.41","0.326015896263292","1,1,2,2,3,2,3,4,5,6,3,3,4,7,8,9,6,10,11,12,13,14,15,8,7,5,8,9,16,6,10,17,18,12,11,19,20,7,13,13,13,13,14,14,14,14,13,14,14,14,13,13,13,13,13,14,14,14,14,13,15,13,13,8,7,13,13,13,13,13,14,13,5,5,13,13,13,13,13,13,13,8,9,9,9,16,13,13,13,13,6,10,17,13,13,13,21,13,13,13,13,13,13,13,13,13,13,18,18,12,13,13,13,19,11,19,19,11,11,11,11,20,20,20,20,20,20,20,20","0.00675606727600098","infomap","edit-xhwikibooks.graphml"
"0.55","0.04","0.41","0.314760293061479","1,2,1,3,1,3,4,2,3,5,4,6,7,8,9,10,5,11,12,6,13,14,15,7,9,8,9,10,16,5,11,17,18,13,19,12,20,9,13,13,13,13,14,14,14,14,13,14,14,14,13,13,13,13,13,14,14,14,14,13,15,13,13,7,9,13,13,13,13,13,14,13,8,8,13,13,13,13,13,13,13,9,10,10,10,16,13,13,13,13,5,11,17,13,13,13,10,13,13,13,13,13,13,13,13,13,13,18,18,13,13,13,13,12,12,12,19,19,19,12,19,9,20,9,20,9,9,20,9","0.00549817085266113","infomap","edit-xhwikibooks.graphml"
"0.54","0.05","0.41","0.323764245799346","1,2,1,1,3,4,3,4,5,6,7,8,4,9,10,4,6,11,7,8,12,2,13,9,5,5,5,14,15,6,11,16,17,8,10,18,19,9,12,12,12,12,2,2,2,2,12,2,2,2,12,12,12,12,12,2,2,2,2,12,13,12,12,9,5,12,12,12,12,12,2,12,5,5,12,12,12,12,12,12,12,5,14,14,14,15,12,12,12,12,6,11,16,12,12,12,20,12,12,12,12,12,12,12,12,12,12,17,17,12,12,12,12,10,10,10,18,18,10,18,18,19,19,19,19,19,19,19,19","0.00707793235778809","infomap","edit-xhwikibooks.graphml"
"0.53","0.06","0.41","0.325204257357014","1,2,1,1,3,1,3,4,5,6,7,8,4,9,5,10,6,11,7,8,12,2,13,9,4,14,4,15,16,6,11,17,18,8,19,20,21,5,12,12,12,12,2,2,2,2,12,2,2,2,12,12,12,12,12,2,2,2,2,12,13,12,12,9,4,12,12,12,12,12,2,12,14,14,12,12,12,12,12,12,12,4,15,15,15,16,12,12,12,12,6,11,17,12,12,12,10,12,12,12,12,12,12,12,12,12,12,18,18,12,12,12,12,19,19,19,19,19,19,20,20,21,21,21,21,21,21,21,21","0.00632405281066895","infomap","edit-xhwikibooks.graphml"
"0.52","0.07","0.41","0.331832460037588","1,2,1,1,3,4,3,4,5,6,7,3,5,5,8,9,6,10,7,11,12,2,13,5,5,14,5,9,15,6,10,16,17,11,18,8,19,5,12,12,12,12,2,2,2,2,12,2,2,2,12,12,12,12,12,2,2,2,2,12,13,12,12,5,5,12,12,12,12,12,2,12,14,14,12,12,12,12,12,12,12,5,9,9,9,15,12,12,12,12,6,10,16,12,12,12,9,12,12,12,12,12,12,12,12,12,12,17,17,12,12,12,12,18,8,18,18,18,8,18,18,19,19,19,19,19,19,19,19","0.00589799880981445","infomap","edit-xhwikibooks.graphml"
"0.51","0.08","0.41","0.323924436267891","1,2,1,3,1,3,4,2,3,5,6,4,7,8,9,3,5,10,6,4,11,12,13,7,8,14,8,15,16,5,10,17,18,11,9,19,20,8,11,11,11,11,12,12,12,12,11,12,12,12,11,11,11,11,11,12,12,12,12,11,13,11,11,7,8,11,11,11,11,11,12,11,14,14,11,11,11,11,11,11,11,8,15,15,15,16,11,11,11,11,5,10,17,11,11,11,3,11,11,11,11,11,11,11,11,11,11,18,18,11,11,11,11,19,9,9,19,9,19,19,9,20,20,20,20,20,20,20,20","0.00984001159667969","infomap","edit-xhwikibooks.graphml"
"0.5","0.09","0.41","0.330504098353256","1,2,1,1,3,4,3,5,4,6,7,8,9,5,10,11,6,12,7,8,13,2,14,9,10,15,10,11,16,6,12,17,18,13,19,20,10,5,13,13,13,13,2,2,2,2,13,2,2,2,13,13,13,13,13,2,2,2,2,13,14,13,13,9,10,13,13,13,13,13,2,13,15,15,13,13,13,13,13,13,13,10,11,11,11,16,13,13,13,13,6,12,17,13,13,13,11,13,13,13,13,13,13,13,13,13,13,18,18,13,13,13,13,19,20,19,19,19,20,19,20,10,10,10,10,10,10,10,10","0.00561785697937012","infomap","edit-xhwikibooks.graphml"
"0.49","0.1","0.41","0.331468576081795","1,1,2,2,3,4,3,5,6,7,8,3,5,6,9,4,7,10,8,3,11,12,13,6,6,9,9,14,15,7,10,16,17,3,18,19,20,9,11,11,11,11,12,12,12,12,11,12,12,12,11,11,11,11,11,12,12,12,12,11,13,11,11,6,6,11,11,11,11,11,12,11,9,9,11,11,11,11,11,11,11,9,14,14,14,15,11,11,11,11,7,10,16,11,11,11,4,11,11,11,11,11,11,11,11,11,11,17,17,11,11,11,11,18,19,18,19,18,19,19,18,20,20,20,20,20,20,20,20","0.00676393508911133","infomap","edit-xhwikibooks.graphml"
"0.48","0.11","0.41","0.323679083585843","1,2,1,1,1,3,4,2,3,5,4,4,6,2,7,8,5,9,10,11,11,12,13,6,2,14,7,8,15,5,9,16,17,11,18,10,19,7,11,11,11,11,12,12,12,12,11,12,12,12,11,11,11,11,11,12,12,12,12,11,13,11,11,6,2,11,11,11,11,11,12,11,14,14,11,11,11,11,11,11,11,7,8,8,8,15,11,11,11,11,5,9,16,11,11,11,8,11,11,11,11,11,11,11,11,11,11,17,17,11,11,11,11,18,18,18,10,10,10,10,18,19,19,19,19,19,19,19,19","0.0069739818572998","infomap","edit-xhwikibooks.graphml"
"0.47","0.12","0.41","0.333755182981792","1,2,1,3,1,3,4,5,3,6,7,4,8,5,9,10,6,11,7,12,13,2,14,8,9,9,5,10,15,6,11,16,17,12,18,19,20,9,13,13,13,13,2,2,2,2,13,2,2,2,13,13,13,13,13,2,2,2,2,13,14,13,13,8,9,13,13,13,13,13,2,13,9,9,13,13,13,13,13,13,13,5,10,10,10,15,13,13,13,13,6,11,16,13,13,13,10,13,13,13,13,13,13,13,13,13,13,17,17,13,13,13,13,19,18,19,18,19,19,18,19,20,20,20,20,20,20,20,20","0.00516986846923828","infomap","edit-xhwikibooks.graphml"
"0.46","0.13","0.41","0.327145086552255","1,1,2,3,2,4,5,3,4,6,7,5,3,8,4,4,6,9,7,10,11,12,13,4,8,14,8,15,16,6,9,17,18,10,19,20,21,4,11,11,11,11,12,12,12,12,11,12,12,12,11,11,11,11,11,12,12,12,12,11,13,11,11,4,8,11,11,11,11,11,12,11,14,14,11,11,11,11,11,11,11,8,15,15,15,16,11,11,11,11,6,9,17,11,11,11,4,11,11,11,11,11,11,11,11,11,11,18,18,11,11,11,11,19,20,19,20,19,19,20,20,21,21,21,21,21,21,21,21","0.00710201263427734","infomap","edit-xhwikibooks.graphml"
"0.45","0.14","0.41","0.311940317313271","1,1,2,2,2,3,4,3,5,6,4,7,8,3,5,9,6,10,11,7,1,12,13,8,14,15,5,16,17,6,10,18,19,1,11,14,20,5,1,1,1,1,12,12,12,12,1,12,12,12,1,1,1,1,1,12,12,12,12,1,13,1,1,8,14,1,1,1,1,1,12,1,15,15,1,1,1,1,1,1,1,5,16,16,16,17,1,1,1,1,6,10,18,1,1,1,9,1,1,1,1,1,1,1,1,1,1,19,19,1,1,1,1,14,14,14,14,11,14,14,14,20,20,20,20,20,20,20,20","0.00691914558410645","infomap","edit-xhwikibooks.graphml"
"0.44","0.15","0.41","0.331443244172963","1,1,2,2,2,3,4,1,5,6,4,7,8,9,10,3,6,11,12,7,13,14,15,8,9,9,10,16,17,6,11,18,19,7,12,20,5,5,13,13,13,13,14,14,14,14,13,14,14,14,13,13,13,13,13,14,14,14,14,13,15,13,13,8,9,13,13,13,13,13,14,13,9,9,13,13,13,13,13,13,13,10,16,16,16,17,13,13,13,13,6,11,18,13,13,13,3,13,13,13,13,13,13,13,13,13,13,19,19,13,13,13,13,20,20,12,12,12,12,20,12,5,5,5,5,5,5,5,5","0.00702285766601562","infomap","edit-xhwikibooks.graphml"
"0.43","0.16","0.41","0.325542851179917","1,2,1,3,4,3,4,5,5,6,4,4,7,5,8,3,6,9,10,2,2,11,12,7,8,8,5,13,14,6,9,15,16,2,17,10,18,8,2,2,2,2,11,11,11,11,2,11,11,11,2,2,2,2,2,11,11,11,11,2,12,2,2,7,8,2,2,2,2,2,11,2,8,8,2,2,2,2,2,2,2,5,13,13,13,14,2,2,2,2,6,9,15,2,2,2,3,2,2,2,2,2,2,2,2,2,2,16,16,2,2,2,2,17,10,17,17,17,17,10,17,18,18,18,18,18,18,18,18","0.00534892082214355","infomap","edit-xhwikibooks.graphml"
"0.42","0.17","0.41","0.320442644166093","1,1,2,2,3,4,3,5,4,6,7,8,5,4,9,10,6,11,7,8,12,13,14,15,9,16,16,10,17,6,11,18,19,12,20,21,22,9,12,12,12,12,13,13,13,13,12,13,13,13,12,12,12,12,12,13,13,13,13,12,14,12,12,15,9,12,12,12,12,12,13,12,16,16,12,12,12,12,12,12,12,16,10,10,10,17,12,12,12,12,6,11,18,12,12,12,10,12,12,12,12,12,12,12,12,12,12,19,19,12,12,12,12,21,21,21,20,21,20,21,21,22,22,22,22,22,22,22,22","0.00687408447265625","infomap","edit-xhwikibooks.graphml"
"0.41","0.18","0.41","0.335387677142267","1,1,2,2,2,2,2,3,3,4,2,2,5,3,6,7,4,8,9,10,11,12,13,5,6,6,6,14,15,4,8,16,17,10,9,18,19,6,11,11,11,11,12,12,12,12,11,12,12,12,11,11,11,11,11,12,12,12,12,11,13,11,11,5,6,11,11,11,11,11,12,11,6,6,11,11,11,11,11,11,11,6,14,14,14,15,11,11,11,11,4,8,16,11,11,11,7,11,11,11,11,11,11,11,11,11,11,17,17,11,11,11,11,18,18,18,18,9,18,18,9,19,19,19,19,19,19,19,19","0.00849604606628418","infomap","edit-xhwikibooks.graphml"
"0.4","0.19","0.41","0.331121055398213","1,1,2,2,3,4,3,1,4,5,6,7,8,9,10,11,5,12,6,7,13,14,15,8,9,16,9,11,17,5,12,18,19,13,20,21,10,9,13,13,13,13,14,14,14,14,13,14,14,14,13,13,13,13,13,14,14,14,14,13,15,13,13,8,9,13,13,13,13,13,14,13,16,16,13,13,13,13,13,13,13,9,11,11,11,17,13,13,13,13,5,12,18,13,13,13,11,13,13,13,13,13,13,13,13,13,13,19,19,13,13,13,13,21,20,20,20,21,20,21,20,10,10,10,10,10,10,10,10","0.00693917274475098","infomap","edit-xhwikibooks.graphml"
"0.39","0.2","0.41","0.337073886092765","1,1,2,2,3,2,3,2,2,4,5,6,2,7,7,8,4,9,5,6,10,11,12,2,7,13,7,14,15,4,9,16,17,10,18,19,20,7,10,10,10,10,11,11,11,11,10,11,11,11,10,10,10,10,10,11,11,11,11,10,12,10,10,2,7,10,10,10,10,10,11,10,13,13,10,10,10,10,10,10,10,7,14,14,14,15,10,10,10,10,4,9,16,10,10,10,8,10,10,10,10,10,10,10,10,10,10,17,17,10,10,10,10,18,19,19,19,18,19,18,19,20,20,20,20,20,20,20,20","0.00810813903808594","infomap","edit-xhwikibooks.graphml"
"0.38","0.21","0.41","0.330153450712065","1,1,2,2,3,4,3,1,4,5,6,7,1,1,8,4,5,9,6,7,10,11,12,13,4,14,4,15,16,5,9,17,18,7,19,20,8,4,10,10,10,10,11,11,11,11,10,11,11,11,10,10,10,10,10,11,11,11,11,10,12,10,10,13,4,10,10,10,10,10,11,10,14,14,10,10,10,10,10,10,10,4,15,15,15,16,10,10,10,10,5,9,17,10,10,10,4,10,10,10,10,10,10,10,10,10,10,18,18,10,10,10,10,19,20,20,20,20,19,20,19,8,8,8,8,8,8,8,8","0.00706696510314941","infomap","edit-xhwikibooks.graphml"
"0.37","0.22","0.41","0.3333531628116","1,2,1,1,3,4,3,2,4,5,3,6,7,8,9,4,5,10,11,6,12,13,14,7,9,8,9,15,16,5,10,17,18,12,11,19,20,8,12,12,12,12,13,13,13,13,12,13,13,13,12,12,12,12,12,13,13,13,13,12,14,12,12,7,9,12,12,12,12,12,13,12,8,8,12,12,12,12,12,12,12,9,15,15,15,16,12,12,12,12,5,10,17,12,12,12,4,12,12,12,12,12,12,12,12,12,12,18,18,12,12,12,12,19,19,19,11,11,19,11,11,20,20,20,20,20,20,20,20","0.00691699981689453","infomap","edit-xhwikibooks.graphml"
"0.36","0.23","0.41","0.331875030780307","1,2,1,3,1,3,4,2,3,5,4,4,6,7,8,9,5,10,4,11,12,13,14,6,7,15,7,16,17,5,10,18,19,11,20,21,22,8,12,12,12,12,13,13,13,13,12,13,13,13,12,12,12,12,12,13,13,13,13,12,14,12,12,6,7,12,12,12,12,12,13,12,15,15,12,12,12,12,12,12,12,7,16,16,16,17,12,12,12,12,5,10,18,12,12,12,9,12,12,12,12,12,12,12,12,12,12,19,19,11,12,12,12,20,20,20,21,21,21,20,20,22,22,22,22,22,22,22,22","0.00707292556762695","infomap","edit-xhwikibooks.graphml"
"0.35","0.24","0.41","0.327505055779559","1,1,2,2,2,3,2,4,3,5,6,2,4,7,8,3,5,9,6,2,10,11,12,7,3,13,7,14,15,5,9,16,17,2,18,6,3,8,10,10,10,10,11,11,11,11,10,11,11,11,10,10,10,10,10,11,11,11,11,10,12,10,10,7,3,10,10,10,10,10,11,10,13,13,10,10,10,10,10,10,10,7,14,14,14,15,10,10,10,10,5,9,16,10,10,10,3,10,10,10,10,10,10,10,10,10,10,17,17,10,10,10,10,18,18,18,18,18,6,6,6,3,3,3,3,3,3,3,3","0.00722193717956543","infomap","edit-xhwikibooks.graphml"
"0.34","0.25","0.41","0.335212212037862","1,1,2,2,2,3,2,3,4,5,6,2,7,4,8,3,5,9,6,2,10,11,12,7,8,4,8,13,14,5,9,15,16,2,17,6,18,8,10,10,10,10,11,11,11,11,10,11,11,11,10,10,10,10,10,11,11,11,11,10,12,10,10,7,8,10,10,10,10,10,11,10,4,4,10,10,10,10,10,10,10,8,13,13,13,14,10,10,10,10,5,9,15,10,10,10,3,10,10,10,10,10,10,10,10,10,10,16,16,10,10,10,10,17,17,6,17,17,17,6,17,18,18,18,18,18,18,18,18","0.00719308853149414","infomap","edit-xhwikibooks.graphml"
"0.33","0.26","0.41","0.329744996014169","1,2,1,3,4,3,4,2,3,5,6,4,7,8,9,3,5,10,6,4,11,12,13,7,8,14,9,15,16,5,10,17,18,4,19,20,21,9,11,11,11,11,12,12,12,12,11,12,12,12,11,11,11,11,11,12,12,12,12,11,13,11,11,7,8,11,11,11,11,11,12,11,14,14,11,11,11,11,11,11,11,9,15,15,15,16,11,11,11,11,5,10,17,11,11,11,3,11,11,11,11,11,11,11,11,11,11,18,18,11,11,11,11,20,19,19,20,20,20,19,20,21,21,21,21,21,21,21,21","0.00752496719360352","infomap","edit-xhwikibooks.graphml"
"0.32","0.27","0.41","0.332827252737323","1,1,2,2,2,3,2,3,4,5,6,2,7,3,4,3,5,8,6,2,9,10,11,7,3,4,3,12,13,5,8,14,15,2,16,17,18,3,9,9,9,9,10,10,10,10,9,10,10,10,9,9,9,9,9,10,10,10,10,9,11,9,9,7,3,9,9,9,9,9,10,9,4,4,9,9,9,9,9,9,9,3,12,12,12,13,9,9,9,9,5,8,14,9,9,9,19,9,9,9,9,9,9,9,9,9,9,15,15,9,9,9,9,16,17,17,17,17,17,17,16,18,18,18,18,18,18,18,18","0.0107769966125488","infomap","edit-xhwikibooks.graphml"
"0.31","0.28","0.41","0.342535968010289","1,1,2,2,2,3,2,4,3,5,6,2,7,4,8,3,5,9,6,2,10,11,12,7,8,8,4,13,14,5,9,15,16,2,17,18,19,8,10,10,10,10,11,11,11,11,10,11,11,11,10,10,10,10,10,11,11,11,11,10,12,10,10,7,8,10,10,10,10,10,11,10,8,8,10,10,10,10,10,10,10,4,13,13,13,14,10,10,10,10,5,9,15,10,10,10,3,10,10,10,10,10,10,10,10,10,10,16,16,10,10,10,10,18,18,18,18,17,17,18,17,19,19,19,19,19,19,19,19","0.00555682182312012","infomap","edit-xhwikibooks.graphml"
"0.3","0.29","0.41","0.339203912002031","1,1,2,2,2,3,2,4,3,5,6,2,4,7,8,3,5,9,6,2,10,11,12,7,8,8,8,13,14,5,9,15,16,2,17,18,19,8,10,10,10,10,11,11,11,11,10,11,11,11,10,10,10,10,10,11,11,11,11,10,12,10,10,7,8,10,10,10,10,10,11,10,8,8,10,10,10,10,10,10,10,8,13,13,13,14,10,10,10,10,5,9,15,10,10,10,3,10,10,10,10,10,10,10,10,10,10,16,16,10,10,10,10,17,17,17,17,17,17,18,17,19,19,19,19,19,19,19,19","0.00905418395996094","infomap","edit-xhwikibooks.graphml"
"0.29","0.3","0.41","0.337662165070623","1,1,2,2,2,3,4,3,3,5,4,6,7,3,8,3,5,9,10,6,11,1,12,7,8,13,8,14,15,5,9,16,17,6,18,10,19,3,11,11,11,11,1,1,1,1,11,1,1,1,11,11,11,11,11,1,1,1,1,11,12,11,11,7,8,11,11,11,11,11,1,11,13,13,11,11,11,11,11,11,11,8,14,14,14,15,11,11,11,11,5,9,16,11,11,11,20,11,11,11,11,11,11,11,11,11,11,17,17,11,11,11,11,18,18,18,18,18,18,10,10,19,19,19,19,19,19,19,19","0.0056159496307373","infomap","edit-xhwikibooks.graphml"
"0.28","0.31","0.41","0.333756081522333","1,1,2,2,2,3,2,3,3,4,5,2,6,7,3,8,4,9,5,2,10,11,12,6,3,3,7,13,14,4,9,15,16,2,17,18,19,3,10,10,10,10,11,11,11,11,10,11,11,11,10,10,10,10,10,11,11,11,11,10,12,10,10,6,3,10,10,10,10,10,11,10,3,3,10,10,10,10,10,10,10,7,13,13,13,14,10,10,10,10,4,9,15,10,10,10,8,10,10,10,10,10,10,10,10,10,10,16,16,10,10,10,10,17,18,18,18,18,18,18,18,19,19,19,19,19,19,19,19","0.00595593452453613","infomap","edit-xhwikibooks.graphml"
"0.27","0.32","0.41","0.334660731278528","1,2,1,1,3,4,3,4,5,6,7,3,8,9,5,10,6,11,7,3,12,2,13,8,9,9,9,14,15,6,11,16,17,3,18,19,20,9,12,12,12,12,2,2,2,2,12,2,2,2,12,12,12,12,12,2,2,2,2,12,13,12,12,8,9,12,12,12,12,12,2,12,9,9,12,12,12,12,12,12,12,9,14,14,14,15,12,12,12,12,6,11,16,12,12,12,10,12,12,12,12,12,12,12,12,12,12,17,17,12,12,12,12,18,19,19,19,18,18,18,19,20,20,20,20,20,20,20,20","0.00961184501647949","infomap","edit-xhwikibooks.graphml"
"0.26","0.33","0.41","0.331402074160094","1,1,2,2,2,3,2,3,4,5,6,2,3,4,7,3,5,8,6,2,9,10,11,4,4,12,7,13,14,5,8,15,16,2,17,18,19,4,9,9,9,9,10,10,10,10,9,10,10,10,9,9,9,9,9,10,10,10,10,9,11,9,9,4,4,9,9,9,9,9,10,9,12,12,9,9,9,9,9,9,9,7,13,13,13,14,9,9,9,9,5,8,15,9,9,9,20,9,9,9,9,9,9,9,9,9,9,16,16,9,9,9,9,18,18,18,18,17,18,18,17,19,19,19,19,19,19,19,19","0.00901699066162109","infomap","edit-xhwikibooks.graphml"
"0.25","0.34","0.41","0.342941861929957","1,1,2,2,2,3,2,4,3,5,6,2,7,4,8,3,5,9,6,2,10,11,12,7,8,13,4,14,15,5,9,16,17,2,18,19,20,4,10,10,10,10,11,11,11,11,10,11,11,11,10,10,10,10,10,11,11,11,11,10,12,10,10,7,8,10,10,10,10,10,11,10,13,13,10,10,10,10,10,10,10,4,14,14,14,15,10,10,10,10,5,9,16,10,10,10,3,10,10,10,10,10,10,10,10,10,10,17,17,10,10,10,10,18,18,19,19,18,19,18,19,20,20,20,20,20,20,20,20","0.011793851852417","infomap","edit-xhwikibooks.graphml"
"0.24","0.35","0.41","0.339643172083648","1,1,2,2,2,3,2,1,4,5,6,2,4,7,8,3,5,9,6,2,10,11,12,4,7,13,8,14,15,5,9,16,17,2,18,19,20,18,10,10,10,10,11,11,11,11,10,11,11,11,10,10,10,10,10,11,11,11,11,10,12,10,10,4,7,10,10,10,10,10,11,10,13,13,10,10,10,10,10,10,10,8,14,14,14,15,10,10,10,10,5,9,16,10,10,10,3,10,10,10,10,10,10,10,10,10,10,17,17,10,10,10,10,19,18,19,18,19,19,18,19,20,20,20,20,20,20,20,20","0.00698089599609375","infomap","edit-xhwikibooks.graphml"
"0.23","0.36","0.41","0.341047316524969","1,1,2,2,2,3,2,1,4,5,6,2,7,4,8,3,5,9,6,2,10,11,12,7,4,13,8,14,15,5,9,16,17,2,18,19,20,4,10,10,10,10,11,11,11,11,10,11,11,11,10,10,10,10,10,11,11,11,11,10,12,10,10,7,4,10,10,10,10,10,11,10,13,13,10,10,10,10,10,10,10,8,14,14,14,15,10,10,10,10,5,9,16,10,10,10,3,10,10,10,10,10,10,10,10,10,10,17,17,10,10,10,10,19,18,19,19,19,18,19,18,20,20,20,20,20,20,20,20","0.00886297225952148","infomap","edit-xhwikibooks.graphml"
"0.22","0.37","0.41","0.352066918177925","1,1,2,2,2,3,2,3,3,4,5,2,6,3,7,3,4,8,5,2,9,10,11,6,7,7,3,12,13,4,8,14,15,2,16,17,18,7,9,9,9,9,10,10,10,10,9,10,10,10,9,9,9,9,9,10,10,10,10,9,11,9,9,6,7,9,9,9,9,9,10,9,7,7,9,9,9,9,9,9,9,3,12,12,12,13,9,9,9,9,4,8,14,9,9,9,19,9,9,9,9,9,9,9,9,9,9,15,15,9,9,9,9,16,16,16,16,16,17,16,16,18,18,18,18,18,18,18,18","0.0115158557891846","infomap","edit-xhwikibooks.graphml"
"0.21","0.38","0.41","0.345690876303807","1,1,2,2,2,3,2,4,3,5,6,2,4,7,8,3,5,9,6,2,10,1,11,4,7,12,8,13,14,5,9,15,16,2,17,18,12,7,10,10,10,10,1,1,1,1,10,1,1,1,10,10,10,10,10,1,1,1,1,10,11,10,10,4,7,10,10,10,10,10,1,10,12,12,10,10,10,10,10,10,10,8,13,13,13,14,10,10,10,10,5,9,15,10,10,10,3,10,10,10,10,10,10,10,10,10,10,16,16,10,10,10,10,17,18,18,17,18,17,18,17,12,12,12,12,12,12,12,12","0.00737500190734863","infomap","edit-xhwikibooks.graphml"
"0.2","0.39","0.41","0.34450644414479","1,1,2,2,2,3,2,3,3,4,5,2,6,3,7,3,4,8,5,2,9,10,11,6,3,12,7,13,14,4,8,15,16,2,17,18,19,3,9,9,9,9,10,10,10,10,9,10,10,10,9,9,9,9,9,10,10,10,10,9,11,9,9,6,3,9,9,9,9,9,10,9,12,12,9,9,9,9,9,9,9,7,13,13,13,14,9,9,9,9,4,8,15,9,9,9,20,9,9,9,9,9,9,9,9,9,9,16,16,9,9,9,9,17,17,18,18,18,18,17,18,19,19,19,19,19,19,19,19","0.00609397888183594","infomap","edit-xhwikibooks.graphml"
"0.19","0.4","0.41","0.345357621496972","1,1,2,2,2,3,2,4,3,5,6,2,7,4,3,3,5,8,6,2,9,10,11,7,3,12,4,13,14,5,8,15,16,2,17,18,19,4,9,9,9,9,10,10,10,10,9,10,10,10,9,9,9,9,9,10,10,10,10,9,11,9,9,7,3,9,9,9,9,9,10,9,12,12,9,9,9,9,9,9,9,4,13,13,13,14,9,9,9,9,5,8,15,9,9,9,20,9,9,9,9,9,9,9,9,9,9,16,16,9,9,9,9,17,18,18,18,18,18,17,17,19,19,19,19,19,19,19,19","0.0075068473815918","infomap","edit-xhwikibooks.graphml"
"0.18","0.41","0.41","0.346395521214708","1,1,2,2,2,3,2,4,3,5,6,2,7,4,8,3,5,9,6,2,10,11,12,7,8,13,4,14,15,5,9,16,17,2,18,19,20,4,10,10,10,10,11,11,11,11,10,11,11,11,10,10,10,10,10,11,11,11,11,10,12,10,10,7,8,10,10,10,10,10,11,10,13,13,10,10,10,10,10,10,10,4,14,14,14,15,10,10,10,10,5,9,16,10,10,10,3,10,10,10,10,10,10,10,10,10,10,17,17,10,10,10,10,18,19,18,18,18,19,18,18,20,20,20,20,20,20,20,20","0.0058281421661377","infomap","edit-xhwikibooks.graphml"
"0.17","0.42","0.41","0.337444526209247","1,2,1,3,4,3,4,5,6,7,8,4,9,10,5,3,7,11,8,4,12,13,9,10,5,14,10,15,2,7,11,8,16,4,6,17,18,6,12,12,12,12,13,13,13,13,12,13,13,13,12,12,12,12,12,13,13,13,13,12,19,12,12,10,5,12,12,12,12,12,13,12,14,14,12,12,12,12,12,12,12,10,15,15,15,20,12,12,12,12,21,22,23,12,12,12,3,12,12,12,12,12,12,12,12,12,12,16,16,12,12,12,12,6,6,17,17,17,17,17,17,18,18,18,18,18,18,18,18","0.00871610641479492","infomap","edit-xhwikibooks.graphml"
"0.16","0.43","0.41","0.340246830435828","1,1,2,2,2,1,2,3,4,5,6,2,7,4,8,1,5,9,6,2,10,11,7,4,8,12,4,13,14,5,9,6,15,2,3,16,17,4,10,10,10,10,11,11,11,11,10,11,11,11,10,10,10,10,10,11,11,11,11,10,18,10,10,4,8,10,10,10,10,10,11,10,12,12,10,10,10,10,10,10,10,4,13,13,13,19,10,10,10,10,20,21,22,10,10,10,1,10,10,10,10,10,10,10,10,10,10,15,15,10,10,10,10,3,16,16,3,16,16,3,3,17,17,17,17,17,17,17,17","0.0100789070129395","infomap","edit-xhwikibooks.graphml"
"0.15","0.44","0.41","0.337457857488791","1,2,1,3,4,3,4,3,5,6,7,4,8,9,5,3,6,10,7,4,11,12,8,5,9,9,9,13,2,6,10,7,14,4,15,16,17,9,11,11,11,11,12,12,12,12,11,12,12,12,11,11,11,11,11,12,12,12,12,11,18,11,11,5,9,11,11,11,11,11,12,11,9,9,11,11,11,11,11,11,11,9,13,13,13,19,11,11,11,11,20,21,22,11,11,11,3,11,11,11,11,11,11,11,11,11,11,14,14,11,11,11,11,16,16,16,16,16,16,15,15,5,17,17,5,17,5,17,17","0.00600194931030273","infomap","edit-xhwikibooks.graphml"
"0.14","0.45","0.41","0.344144263120223","1,2,1,1,3,4,3,5,4,6,7,3,8,5,4,9,6,10,7,3,11,2,8,4,4,12,5,13,14,6,10,7,15,3,12,16,17,5,11,11,11,11,2,2,2,2,11,2,2,2,11,11,11,11,11,2,2,2,2,11,18,11,11,4,4,11,11,11,11,11,2,11,12,12,11,11,11,11,11,11,11,5,13,13,13,19,11,11,11,11,20,21,22,11,11,11,9,11,11,11,11,11,11,11,11,11,11,15,15,11,11,11,11,16,16,12,16,16,16,12,16,17,17,17,17,17,17,17,17","0.011444091796875","infomap","edit-xhwikibooks.graphml"
"0.13","0.46","0.41","0.0780856611171372","1,2,1,1,3,1,3,1,1,4,5,3,6,7,8,9,4,10,5,3,11,12,6,7,1,1,8,13,2,4,10,5,14,3,15,16,17,17,2,2,11,2,12,12,12,12,2,12,12,12,2,2,11,2,11,12,12,12,12,11,18,2,2,7,1,2,2,2,11,2,12,2,1,1,2,2,11,11,2,11,11,8,13,13,13,19,2,2,11,2,20,21,22,11,2,2,9,2,2,2,2,2,2,11,2,11,2,14,14,2,2,11,2,15,16,15,15,16,16,15,15,17,17,17,17,17,17,17,17","0.0060269832611084","infomap","edit-xhwikibooks.graphml"
"0.12","0.47","0.41","0.345968756317244","1,1,2,2,2,3,2,3,4,5,6,2,7,8,4,3,5,9,6,2,10,11,7,8,8,12,8,13,1,5,9,6,14,2,15,16,17,8,10,10,10,10,11,11,11,11,10,11,11,11,10,10,10,10,10,11,11,11,11,10,18,10,10,8,8,10,10,10,10,10,11,10,12,12,10,10,10,10,10,10,10,8,13,13,13,19,10,10,10,10,20,21,22,10,10,10,3,10,10,10,10,10,10,10,10,10,10,14,14,10,10,10,10,15,15,16,16,16,15,16,16,17,17,17,17,17,17,17,17","0.00763201713562012","infomap","edit-xhwikibooks.graphml"
"0.11","0.48","0.41","0.345664238651109","1,2,1,3,4,5,4,6,3,7,8,4,9,6,3,5,7,10,8,4,11,2,9,3,6,12,6,13,14,7,10,8,15,4,16,17,18,3,11,11,11,11,2,2,2,2,11,2,2,2,11,11,11,11,11,2,2,2,2,11,19,11,11,3,6,11,11,11,11,11,2,11,12,12,11,11,11,11,11,11,11,6,13,13,13,20,11,11,11,11,21,22,23,11,11,11,5,11,11,11,11,11,11,11,11,11,11,15,15,11,11,11,11,17,16,17,16,17,16,17,16,18,18,18,18,18,18,18,18","0.00617218017578125","infomap","edit-xhwikibooks.graphml"
"0.1","0.49","0.41","0.344491241141003","1,1,2,2,2,3,2,1,4,5,6,2,7,4,8,3,5,6,9,2,10,11,7,8,8,12,4,13,1,5,6,9,14,2,15,9,16,16,10,10,10,10,11,11,11,11,10,11,11,11,10,10,10,10,10,11,11,11,11,10,17,10,10,8,8,10,10,10,10,10,11,10,12,12,10,10,10,10,10,10,10,4,13,13,13,18,10,10,10,10,19,20,21,10,10,10,3,10,10,10,10,10,10,10,10,10,10,14,14,10,10,10,10,9,15,9,9,15,15,15,15,16,16,16,16,16,16,16,16","0.00872611999511719","infomap","edit-xhwikibooks.graphml"
"0.09","0.5","0.41","0.373669353714307","1,1,2,2,2,3,2,3,4,5,6,2,7,8,4,3,5,9,6,2,10,11,7,4,4,8,8,12,1,5,9,6,13,2,14,15,16,8,10,10,10,10,11,11,11,11,10,11,11,11,10,10,10,10,10,11,11,11,11,10,17,10,10,4,4,10,10,10,10,10,11,10,8,8,10,10,10,10,10,10,10,8,12,12,12,18,10,10,10,10,19,20,21,10,10,10,3,10,10,10,10,10,10,10,10,10,10,13,13,10,10,10,10,15,15,15,15,14,14,15,15,16,16,16,16,16,16,16,16","0.00766205787658691","infomap","edit-xhwikibooks.graphml"
"0.08","0.51","0.41","0.380444001896193","1,2,1,1,3,4,3,4,4,5,6,3,7,4,8,9,5,10,6,3,11,12,7,8,4,4,4,13,2,5,10,6,14,3,15,16,8,8,11,11,11,11,12,12,12,12,11,12,12,12,11,11,11,11,11,12,12,12,12,11,17,11,11,8,4,11,11,11,11,11,12,11,4,4,11,11,11,11,11,11,11,4,13,13,13,18,11,11,11,11,19,20,21,11,11,11,9,11,11,11,11,11,11,11,11,11,11,14,14,11,11,11,11,15,15,15,16,15,15,15,16,8,8,8,8,8,8,8,8","0.00707197189331055","infomap","edit-xhwikibooks.graphml"
"0.07","0.52","0.41","0.37287230210812","1,1,2,2,2,3,2,4,3,5,6,2,7,8,4,3,5,9,6,2,10,11,7,4,8,4,8,12,1,5,9,6,13,2,14,15,16,8,10,10,10,10,11,11,11,11,10,11,11,11,10,10,10,10,10,11,11,11,11,10,17,10,10,4,8,10,10,10,10,10,11,10,4,4,10,10,10,10,10,10,10,8,12,12,12,18,10,10,10,10,19,20,21,10,10,10,3,10,10,10,10,10,10,10,10,10,10,13,13,10,10,10,10,15,14,15,15,14,14,15,14,16,16,16,16,16,16,16,16","0.0102570056915283","infomap","edit-xhwikibooks.graphml"
"0.06","0.53","0.41","0.380170288822631","1,1,2,2,2,3,2,3,3,4,5,2,6,3,7,3,4,5,8,2,9,10,6,7,7,7,7,11,1,4,5,8,12,2,13,8,14,3,9,9,9,9,10,10,10,10,9,10,10,10,9,9,9,9,9,10,10,10,10,9,15,9,9,7,7,9,9,9,9,9,10,9,7,7,9,9,9,9,9,9,9,7,11,11,11,16,9,9,9,9,17,18,19,9,9,9,3,9,9,9,9,9,9,9,9,9,9,12,12,9,9,9,9,13,8,13,8,13,13,8,8,14,14,14,14,14,14,14,14","0.00884294509887695","infomap","edit-xhwikibooks.graphml"
"0.05","0.54","0.41","0.371540140814527","1,2,1,1,3,4,3,2,4,5,6,3,7,2,8,4,5,9,6,3,10,11,7,7,2,12,4,13,14,5,9,8,15,3,16,8,17,2,10,10,10,10,11,11,11,11,10,11,11,11,10,10,10,10,10,11,11,11,11,10,18,10,10,7,2,10,10,10,10,10,11,10,12,12,10,10,10,10,10,10,10,4,13,13,13,19,10,10,10,10,20,21,22,10,10,10,4,10,10,10,10,10,10,10,10,10,10,15,15,10,10,10,10,16,8,8,16,8,16,8,16,17,17,17,17,17,17,17,17","0.00874090194702148","infomap","edit-xhwikibooks.graphml"
"0.04","0.55","0.41","0.374230305521937","1,2,1,1,3,1,3,2,2,4,5,3,6,7,8,9,4,10,5,3,11,12,6,6,7,8,7,13,2,4,10,5,14,3,15,16,17,7,11,11,11,11,12,12,12,12,11,12,12,12,11,11,11,11,11,12,12,12,12,11,18,11,11,6,7,11,11,11,11,11,12,11,8,8,11,11,11,11,11,11,11,7,13,13,13,19,11,11,11,11,20,21,22,11,11,11,9,11,11,11,11,11,11,11,11,11,11,14,14,11,11,11,11,16,16,15,16,15,15,15,15,17,17,17,17,17,17,17,17","0.00734615325927734","infomap","edit-xhwikibooks.graphml"
"0.03","0.56","0.41","0.375601856862262","1,1,2,2,2,3,2,3,4,5,6,2,7,8,4,3,5,9,6,2,10,11,7,8,3,4,3,12,1,5,9,6,13,2,14,15,16,3,10,10,10,10,11,11,11,11,10,11,11,11,10,10,10,10,10,11,11,11,11,10,17,10,10,8,3,10,10,10,10,10,11,10,4,4,10,10,10,10,10,10,10,3,12,12,12,18,10,10,10,10,19,20,21,10,10,10,3,10,10,10,10,10,10,10,10,10,10,13,13,10,10,10,10,15,14,14,15,14,14,14,14,16,16,16,16,16,16,16,16","0.00866198539733887","infomap","edit-xhwikibooks.graphml"
"0.02","0.57","0.41","0.357140019941006","1,1,2,2,2,3,2,4,5,6,7,2,8,4,5,3,6,9,7,2,1,10,8,5,4,5,4,11,1,6,9,7,12,2,13,14,15,4,1,1,1,1,10,10,10,10,1,10,10,10,1,1,1,1,1,10,10,10,10,1,16,1,1,5,4,1,1,1,1,1,10,1,5,5,1,1,1,1,1,1,1,4,11,11,11,17,1,1,1,1,18,19,20,1,1,1,3,1,1,1,1,1,1,1,1,1,1,12,12,1,1,1,1,13,14,13,14,14,14,14,14,15,5,15,15,15,5,15,5","0.00727200508117676","infomap","edit-xhwikibooks.graphml"
"0.01","0.58","0.41","0.379292929292929","1,2,1,1,3,4,3,4,4,5,6,3,7,4,8,9,5,10,6,3,11,12,7,7,4,4,8,13,2,5,10,6,14,3,15,16,17,8,11,11,11,11,12,12,12,12,11,12,12,12,11,11,11,11,11,12,12,12,12,11,18,11,11,7,4,11,11,11,11,11,12,11,4,4,11,11,11,11,11,11,11,8,13,13,13,19,11,11,11,11,20,21,22,11,11,11,9,11,11,11,11,11,11,11,11,11,11,14,14,11,11,11,11,15,16,16,16,15,15,16,16,17,17,17,17,17,17,17,17","0.00864005088806152","infomap","edit-xhwikibooks.graphml"
"0","0.59","0.41","0.377840522481492","1,2,1,3,4,3,4,5,3,6,7,4,8,5,9,3,6,10,7,4,11,12,8,5,5,13,5,14,2,6,10,7,15,4,16,9,17,5,11,11,11,11,12,12,12,12,11,12,12,12,11,11,11,11,11,12,12,12,12,11,18,11,11,5,5,11,11,11,11,11,12,11,13,13,11,11,11,11,11,11,11,5,14,14,14,19,11,11,11,11,20,21,22,11,11,11,3,11,11,11,11,11,11,11,11,11,11,15,15,11,11,11,11,9,9,9,16,16,9,9,9,17,17,17,17,17,17,17,17","0.00734686851501465","infomap","edit-xhwikibooks.graphml"
"0.58","0","0.42","0.330869000844232","1,2,1,1,1,1,3,4,5,6,3,2,7,4,5,8,6,9,10,2,2,11,12,7,5,13,5,8,14,6,9,15,16,2,17,10,18,4,2,2,2,2,11,11,11,11,2,11,11,11,2,2,2,2,2,11,11,11,11,2,12,2,2,7,5,2,2,2,2,2,11,2,13,13,2,2,2,2,2,2,2,5,8,8,8,14,2,2,2,2,6,9,15,2,2,2,19,2,2,2,2,2,2,2,2,2,2,16,16,2,2,2,2,17,10,10,17,10,10,17,17,18,18,18,18,18,18,18,18","0.0084679126739502","infomap","edit-xhwikibooks.graphml"
"0.57","0.01","0.42","0.344614687316906","1,2,1,1,3,4,3,2,4,5,6,7,8,9,10,11,5,12,6,7,13,14,15,8,10,9,9,11,16,5,12,17,18,13,19,20,10,10,13,13,13,13,14,14,14,14,13,14,14,14,13,13,13,13,13,14,14,14,14,13,15,13,13,8,10,13,13,13,13,13,14,13,9,9,13,13,13,13,13,13,13,9,11,11,11,16,13,13,13,13,5,12,17,13,13,13,11,13,13,13,13,13,13,13,13,13,13,18,18,13,13,13,13,19,19,20,19,20,19,19,20,10,10,10,10,10,10,10,10","0.00548791885375977","infomap","edit-xhwikibooks.graphml"
"0.56","0.02","0.42","0.342638508518835","1,1,1,2,3,2,3,4,5,6,7,3,4,8,5,9,6,10,7,3,11,12,13,8,8,14,5,9,15,6,10,16,17,11,18,19,20,8,11,11,11,11,12,12,12,12,11,12,12,12,11,11,11,11,11,12,12,12,12,11,13,11,11,8,8,11,11,11,11,11,12,11,14,14,11,11,11,11,11,11,11,5,9,9,9,15,11,11,11,11,6,10,16,11,11,11,9,11,11,11,11,11,11,11,11,11,11,17,17,11,11,11,11,19,18,18,18,19,19,18,18,20,20,20,20,20,20,20,20","0.00701308250427246","infomap","edit-xhwikibooks.graphml"
"0.55","0.03","0.42","0.33967062946163","1,2,1,1,3,4,3,2,4,5,6,7,8,9,4,4,5,10,6,7,11,12,13,8,14,9,4,15,16,5,10,17,18,7,14,19,20,9,11,11,11,11,12,12,12,12,11,12,12,12,11,11,11,11,11,12,12,12,12,11,13,11,11,8,14,11,11,11,11,11,12,11,9,9,11,11,11,11,11,11,11,4,15,15,15,16,11,11,11,11,5,10,17,11,11,11,21,11,11,11,11,11,11,11,11,11,11,18,18,11,11,11,11,14,14,19,14,14,19,14,19,20,20,20,20,20,20,20,20","0.00578188896179199","infomap","edit-xhwikibooks.graphml"
"0.54","0.04","0.42","0.344610955160619","1,1,2,2,3,2,3,4,5,6,3,7,8,4,5,9,6,10,11,7,12,13,14,8,4,15,5,9,16,6,10,17,18,7,19,11,20,5,12,12,12,12,13,13,13,13,12,13,13,13,12,12,12,12,12,13,13,13,13,12,14,12,12,8,4,12,12,12,12,12,13,12,15,15,12,12,12,12,12,12,12,5,9,9,9,16,12,12,12,12,6,10,17,12,12,12,21,12,12,12,12,12,12,12,12,12,12,18,18,12,12,12,12,19,11,19,11,19,11,19,11,20,20,20,20,20,20,20,20","0.00552105903625488","infomap","edit-xhwikibooks.graphml"
"0.53","0.05","0.42","0.3094588267333","1,2,1,3,1,3,4,5,6,7,4,8,9,5,6,3,7,10,11,8,12,2,13,9,5,14,6,15,16,7,10,17,18,12,19,11,20,5,12,12,12,12,2,2,2,2,12,2,2,2,12,12,12,12,12,2,2,2,2,12,13,12,12,9,5,12,12,12,12,12,2,12,14,14,12,12,12,12,12,12,12,6,15,15,15,16,12,12,12,12,7,10,17,12,12,12,3,12,12,12,12,12,12,12,12,12,12,18,18,12,12,12,12,19,11,19,19,19,19,11,19,6,20,6,6,6,6,6,6","0.00674295425415039","infomap","edit-xhwikibooks.graphml"
"0.52","0.06","0.42","0.331163448468619","1,2,1,1,1,1,3,2,4,5,6,3,7,8,4,1,5,9,6,10,11,12,13,7,4,8,4,14,15,5,9,16,17,10,18,19,20,4,11,11,11,11,12,12,12,12,11,12,12,12,11,11,11,11,11,12,12,12,12,11,13,11,11,7,4,11,11,11,11,11,12,11,8,8,11,11,11,11,11,11,11,4,14,14,14,15,11,11,11,11,5,9,16,11,11,11,1,11,11,11,11,11,11,11,11,11,11,17,17,10,11,11,11,18,18,18,19,19,18,19,18,20,20,20,20,20,20,20,20","0.00999593734741211","infomap","edit-xhwikibooks.graphml"
"0.51","0.07","0.42","0.324865759305914","1,2,1,1,3,4,3,4,4,5,6,7,8,4,9,4,5,10,6,7,2,11,12,8,9,13,9,14,15,5,10,16,17,7,18,19,20,4,2,2,2,2,11,11,11,11,2,11,11,11,2,2,2,2,2,11,11,11,11,2,12,2,2,8,9,2,2,2,2,2,11,2,13,13,2,2,2,2,2,2,2,9,14,14,14,15,2,2,2,2,5,10,16,2,2,2,21,2,2,2,2,2,2,2,2,2,2,17,17,2,2,2,2,18,18,19,19,18,18,19,18,20,20,20,20,20,20,20,20","0.00569415092468262","infomap","edit-xhwikibooks.graphml"
"0.5","0.08","0.42","0.319340253962811","1,1,2,2,2,3,4,5,6,7,8,4,5,9,6,3,7,10,8,11,11,12,13,9,14,14,6,15,16,7,10,17,18,11,19,20,21,6,11,11,11,11,12,12,12,12,11,12,12,12,11,11,11,11,11,12,12,12,12,11,13,11,11,9,14,11,11,11,11,11,12,11,14,14,11,11,11,11,11,11,11,6,15,15,15,16,11,11,11,11,7,10,17,11,11,11,3,11,11,11,11,11,11,11,11,11,11,18,18,11,11,11,11,19,19,19,19,6,19,20,19,21,21,21,21,21,21,21,21","0.00565290451049805","infomap","edit-xhwikibooks.graphml"
"0.49","0.09","0.42","0.324230817930471","1,1,2,2,3,4,3,5,6,7,8,9,5,10,11,4,7,12,8,9,13,14,15,10,11,6,11,16,17,7,12,18,19,9,20,11,21,6,13,13,13,13,14,14,14,14,13,14,14,14,13,13,13,13,13,14,14,14,14,13,15,13,13,10,11,13,13,13,13,13,14,13,6,6,13,13,13,13,13,13,13,11,16,16,16,17,13,13,13,13,7,12,18,13,13,13,4,13,13,13,13,13,13,13,13,13,13,19,19,13,13,13,13,11,11,11,20,11,11,11,20,21,21,21,21,21,21,21,21","0.00539207458496094","infomap","edit-xhwikibooks.graphml"
"0.48","0.1","0.42","0.330856035129999","1,2,1,1,1,3,4,2,3,5,4,6,7,8,9,10,5,11,12,6,13,14,15,7,8,9,9,10,16,5,11,17,18,6,19,12,20,9,13,13,13,13,14,14,14,14,13,14,14,14,13,13,13,13,13,14,14,14,14,13,15,13,13,7,8,13,13,13,13,13,14,13,9,9,13,13,13,13,13,13,13,9,10,10,10,16,13,13,13,13,5,11,17,13,13,13,10,13,13,13,13,13,13,13,13,13,13,18,18,13,13,13,13,12,12,12,19,19,12,12,19,20,20,20,20,20,20,20,20","0.00541400909423828","infomap","edit-xhwikibooks.graphml"
"0.47","0.11","0.42","0.324378588407825","1,1,2,2,2,3,4,5,3,6,4,4,5,7,8,3,6,9,10,4,11,12,13,7,8,14,7,15,16,6,9,17,18,11,19,10,20,14,11,11,11,11,12,12,12,12,11,12,12,12,11,11,11,11,11,12,12,12,12,11,13,11,11,7,8,11,11,11,11,11,12,11,14,14,11,11,11,11,11,11,11,7,15,15,15,16,11,11,11,11,6,9,17,11,11,11,3,11,11,11,11,11,11,11,11,11,11,18,18,11,11,11,11,10,10,19,19,19,19,10,10,20,20,20,20,20,20,20,20","0.00730299949645996","infomap","edit-xhwikibooks.graphml"
"0.46","0.12","0.42","0.331311995945201","1,2,1,1,3,4,3,4,5,6,3,7,8,5,9,10,6,11,3,7,12,2,13,8,5,14,9,10,15,6,11,16,17,7,18,19,20,19,12,12,12,12,2,2,2,2,12,2,2,2,12,12,12,12,12,2,2,2,2,12,13,12,12,8,5,12,12,12,12,12,2,12,14,14,12,12,12,12,12,12,12,9,10,10,10,15,12,12,12,12,6,11,16,12,12,12,10,12,12,12,12,12,12,12,12,12,12,17,17,12,12,12,12,18,18,18,18,18,18,19,19,20,20,20,20,20,20,20,20","0.00867605209350586","infomap","edit-xhwikibooks.graphml"
"0.45","0.13","0.42","0.330033471936443","1,1,2,3,2,3,4,5,6,7,4,8,9,5,6,10,7,11,12,8,13,14,15,9,5,16,5,10,17,7,11,18,19,8,12,20,21,6,13,13,13,13,14,14,14,14,13,14,14,14,13,13,13,13,13,14,14,14,14,13,15,13,13,9,5,13,13,13,13,13,14,13,16,16,13,13,13,13,13,13,13,5,10,10,10,17,13,13,13,13,7,11,18,13,13,13,10,13,13,13,13,13,13,13,13,13,13,19,19,13,13,13,13,12,20,20,20,20,20,12,12,21,21,21,21,21,21,21,21","0.00573492050170898","infomap","edit-xhwikibooks.graphml"
"0.44","0.14","0.42","0.330330563652645","1,1,2,2,2,3,4,3,3,5,4,6,7,8,3,9,5,10,11,6,12,13,14,7,8,15,3,16,17,5,10,18,19,12,11,20,21,3,12,12,12,12,13,13,13,13,12,13,13,13,12,12,12,12,12,13,13,13,13,12,14,12,12,7,8,12,12,12,12,12,13,12,15,15,12,12,12,12,12,12,12,3,16,16,16,17,12,12,12,12,5,10,18,12,12,12,9,12,12,12,12,12,12,12,12,12,12,19,19,12,12,12,12,11,11,11,11,20,20,20,20,21,21,21,21,21,21,21,21","0.00707697868347168","infomap","edit-xhwikibooks.graphml"
"0.43","0.15","0.42","0.332360239208108","1,1,2,2,2,3,4,5,3,6,4,7,5,8,9,3,6,10,11,7,12,13,14,8,8,9,3,15,16,6,10,17,18,7,11,19,20,8,12,12,12,12,13,13,13,13,12,13,13,13,12,12,12,12,12,13,13,13,13,12,14,12,12,8,8,12,12,12,12,12,13,12,9,9,12,12,12,12,12,12,12,3,15,15,15,16,12,12,12,12,6,10,17,12,12,12,3,12,12,12,12,12,12,12,12,12,12,18,18,12,12,12,12,19,11,19,19,19,11,11,11,20,20,20,20,20,20,20,20","0.00577282905578613","infomap","edit-xhwikibooks.graphml"
"0.42","0.16","0.42","0.315327120804017","1,1,2,2,2,3,4,5,3,6,7,4,8,5,9,3,6,10,7,4,11,12,13,8,9,14,3,15,16,6,10,17,18,11,19,20,21,5,11,11,11,11,12,12,12,12,11,12,12,12,11,11,11,11,11,12,12,12,12,11,13,11,11,8,9,11,11,11,11,11,12,11,14,14,11,11,11,11,11,11,11,3,15,15,15,16,11,11,11,11,6,10,17,11,11,11,3,11,11,11,11,11,11,11,11,11,11,18,18,11,11,11,11,9,9,20,19,20,19,20,9,21,21,21,21,21,21,21,21","0.00870394706726074","infomap","edit-xhwikibooks.graphml"
"0.41","0.17","0.42","0.329432032958865","1,1,2,3,2,3,4,5,5,6,4,4,7,5,8,9,6,10,11,12,12,13,14,7,5,15,8,9,16,6,10,17,18,12,11,8,19,5,12,12,12,12,13,13,13,13,12,13,13,13,12,12,12,12,12,13,13,13,13,12,14,12,12,7,5,12,12,12,12,12,13,12,15,15,12,12,12,12,12,12,12,8,9,9,9,16,12,12,12,12,6,10,17,12,12,12,9,12,12,12,12,12,12,12,12,12,12,18,18,12,12,12,12,8,8,8,8,11,8,11,11,19,19,19,19,19,19,19,19","0.00710701942443848","infomap","edit-xhwikibooks.graphml"
"0.4","0.18","0.42","0.335053185339346","1,1,2,3,2,3,4,5,3,6,4,4,5,7,8,3,6,9,10,4,11,12,13,5,7,14,8,15,16,6,9,17,18,4,10,19,20,14,11,11,11,11,12,12,12,12,11,12,12,12,11,11,11,11,11,12,12,12,12,11,13,11,11,5,7,11,11,11,11,11,12,11,14,14,11,11,11,11,11,11,11,8,15,15,15,16,11,11,11,11,6,9,17,11,11,11,3,11,11,11,11,11,11,11,11,11,11,18,18,11,11,11,11,19,10,19,19,10,10,10,10,20,20,20,20,20,20,20,20","0.00543308258056641","infomap","edit-xhwikibooks.graphml"
"0.39","0.19","0.42","0.276989637821451","1,1,2,3,2,3,2,4,5,6,7,8,4,4,9,10,6,11,7,8,12,13,14,9,9,5,5,10,15,6,11,16,17,12,18,19,20,9,12,12,12,12,1,1,1,1,12,1,1,13,12,12,12,12,12,1,1,1,1,12,14,12,12,9,9,12,12,12,12,12,1,12,5,5,12,12,12,12,12,12,12,5,10,10,10,15,12,12,12,12,6,11,16,12,12,12,10,12,12,12,12,12,12,12,12,12,12,17,17,12,12,12,12,19,9,19,19,18,19,19,9,20,20,20,20,20,20,20,20","0.00704288482666016","infomap","edit-xhwikibooks.graphml"
"0.38","0.2","0.42","0.335264089172602","1,2,1,3,1,3,1,2,3,4,5,6,7,8,9,10,4,11,5,6,12,13,14,7,8,8,8,10,15,4,11,16,17,6,9,18,19,9,12,12,12,12,13,13,13,13,12,13,13,13,12,12,12,12,12,13,13,13,13,12,14,12,12,7,8,12,12,12,12,12,13,12,8,8,12,12,12,12,12,12,12,8,10,10,10,15,12,12,12,12,4,11,16,12,12,12,10,12,12,12,12,12,12,12,12,12,12,17,17,12,12,12,12,18,9,18,9,18,18,18,18,19,19,19,19,19,19,19,19","0.00571703910827637","infomap","edit-xhwikibooks.graphml"
"0.37","0.21","0.42","0.328237913545862","1,1,2,3,2,3,4,5,5,6,7,4,8,5,9,10,6,11,7,12,12,13,14,8,9,15,9,10,16,6,11,17,18,12,19,20,21,5,12,12,12,12,13,13,13,13,12,13,13,13,12,12,12,12,12,13,13,13,13,12,14,12,12,8,9,12,12,12,12,12,13,12,15,15,12,12,12,12,12,12,12,9,10,10,10,16,12,12,12,12,6,11,17,12,12,12,10,12,12,12,12,12,12,12,12,12,12,18,18,12,12,12,12,19,19,19,20,19,20,19,19,21,21,21,21,21,21,21,21","0.0115399360656738","infomap","edit-xhwikibooks.graphml"
"0.36","0.22","0.42","0.329786946253152","1,2,1,3,4,3,4,5,3,6,7,4,5,8,9,10,6,11,7,4,2,12,13,5,8,9,9,10,14,6,11,15,16,4,17,18,19,8,2,2,2,2,12,12,12,12,2,12,12,12,2,2,2,2,2,12,12,12,12,2,13,2,2,5,8,2,2,2,2,2,12,2,9,9,2,2,2,2,2,2,2,9,10,10,10,14,2,2,2,2,6,11,15,2,2,2,10,2,2,2,2,2,2,2,2,2,2,16,16,2,2,2,2,18,17,18,18,17,17,17,18,19,19,19,19,19,19,19,19","0.00566911697387695","infomap","edit-xhwikibooks.graphml"
"0.35","0.23","0.42","0.333285428529447","1,1,2,2,3,4,3,5,6,7,8,3,9,5,6,4,7,10,8,3,11,12,13,9,5,14,5,15,16,7,10,17,18,11,19,20,21,5,11,11,11,11,12,12,12,12,11,12,12,12,11,11,11,11,11,12,12,12,12,11,13,11,11,9,5,11,11,11,11,11,12,11,14,14,11,11,11,11,11,11,11,5,15,15,15,16,11,11,11,11,7,10,17,11,11,11,4,11,11,11,11,11,11,11,11,11,11,18,18,11,11,11,11,19,20,19,19,20,20,20,19,21,21,21,21,21,21,21,21","0.00725007057189941","infomap","edit-xhwikibooks.graphml"
"0.34","0.24","0.42","0.331509401097925","1,1,2,2,3,4,3,5,4,6,7,3,5,8,9,4,6,10,7,11,11,12,13,14,8,8,9,15,16,6,10,17,18,11,19,20,21,8,11,11,11,11,12,12,12,12,11,12,12,12,11,11,11,11,11,12,12,12,12,11,13,11,11,14,8,11,11,11,11,11,12,11,8,8,11,11,11,11,11,11,11,9,15,15,15,16,11,11,11,11,6,10,17,11,11,11,4,11,11,11,11,11,11,11,11,11,11,18,18,11,11,11,11,19,20,19,19,20,19,20,19,21,21,21,21,21,21,21,21","0.00580191612243652","infomap","edit-xhwikibooks.graphml"
"0.33","0.25","0.42","0.339195128922516","1,1,2,2,2,3,4,3,3,5,6,4,7,8,9,10,5,11,6,4,12,13,14,7,8,15,9,10,16,5,11,17,18,4,19,20,21,9,12,12,12,12,13,13,13,13,12,13,13,13,12,12,12,12,12,13,13,13,13,12,14,12,12,7,8,12,12,12,12,12,13,12,15,15,12,12,12,12,12,12,12,9,10,10,10,16,12,12,12,12,5,11,17,12,12,12,10,12,12,12,12,12,12,12,12,12,12,18,18,12,12,12,12,19,19,20,19,19,20,19,20,21,21,21,21,21,21,21,21","0.00776386260986328","infomap","edit-xhwikibooks.graphml"
"0.32","0.26","0.42","0.337552517102915","1,1,2,3,2,3,4,5,5,6,7,4,8,5,9,10,6,11,7,12,13,14,15,8,5,16,5,17,18,6,11,19,20,12,21,22,9,5,13,13,13,13,14,14,14,14,13,14,14,14,13,13,13,13,13,14,14,14,14,13,15,13,13,8,5,13,13,13,13,13,14,13,16,16,13,13,13,13,13,13,13,5,17,17,17,18,13,13,13,13,6,11,19,13,13,13,10,13,13,13,13,13,13,13,13,13,13,20,20,13,13,13,13,22,22,21,22,21,22,21,21,9,9,9,9,9,9,9,9","0.00733113288879395","infomap","edit-xhwikibooks.graphml"
"0.31","0.27","0.42","0.334727066175057","1,1,2,2,2,3,2,3,4,5,6,2,7,3,4,3,5,8,6,2,9,10,11,7,4,3,4,12,13,5,8,14,15,2,16,17,18,3,9,9,9,9,10,10,10,10,9,10,10,10,9,9,9,9,9,10,10,10,10,9,11,9,9,7,4,9,9,9,9,9,10,9,3,3,9,9,9,9,9,9,9,4,12,12,12,13,9,9,9,9,5,8,14,9,9,9,19,9,9,9,9,9,9,9,9,9,9,15,15,9,9,9,9,17,17,16,16,16,16,16,17,18,18,18,18,18,18,18,18","0.0124771595001221","infomap","edit-xhwikibooks.graphml"
"0.3","0.28","0.42","0.336761682611306","1,2,1,3,4,3,4,5,3,6,7,4,5,8,9,3,6,10,7,4,11,2,12,5,8,9,9,13,14,6,10,15,16,4,17,18,19,9,11,11,11,11,2,2,2,2,11,2,2,2,11,11,11,11,11,2,2,2,2,11,12,11,11,5,8,11,11,11,11,11,2,11,9,9,11,11,11,11,11,11,11,9,13,13,13,14,11,11,11,11,6,10,15,11,11,11,3,11,11,11,11,11,11,11,11,11,11,16,16,11,11,11,11,17,17,18,18,17,18,17,18,19,19,19,19,19,19,19,19","0.00741481781005859","infomap","edit-xhwikibooks.graphml"
"0.29","0.29","0.42","0.331192939151046","1,1,2,2,2,3,2,3,3,4,5,2,6,3,7,3,4,8,5,2,9,10,11,6,7,12,7,13,14,4,8,15,16,2,17,18,19,3,9,9,9,9,10,10,10,10,9,10,10,10,9,9,9,9,9,10,10,10,10,9,11,9,9,6,7,9,9,9,9,9,10,9,12,12,9,9,9,9,9,9,9,7,13,13,13,14,9,9,9,9,4,8,15,9,9,9,20,9,9,9,9,9,9,9,9,9,9,16,16,9,9,9,9,18,17,18,18,18,18,18,17,19,19,19,19,19,19,19,19","0.00585699081420898","infomap","edit-xhwikibooks.graphml"
"0.28","0.3","0.42","0.338560137894908","1,2,3,3,3,1,3,4,5,6,7,3,8,4,5,1,6,9,7,3,10,2,11,8,5,12,5,13,14,6,9,15,16,3,7,5,17,5,10,10,10,10,2,2,2,2,10,2,2,2,10,10,10,10,10,2,2,2,2,10,11,10,10,8,5,10,10,10,10,10,2,10,12,12,10,10,10,10,10,10,10,5,13,13,13,14,10,10,10,10,6,9,15,10,10,10,1,10,10,10,10,10,10,10,10,10,10,16,16,10,10,10,10,5,5,5,7,7,7,5,7,17,17,17,17,17,17,17,17","0.00753903388977051","infomap","edit-xhwikibooks.graphml"
"0.27","0.31","0.42","0.327568059775864","1,1,2,2,2,3,2,4,3,5,6,2,7,4,8,3,5,9,6,2,10,11,12,7,13,14,8,15,16,5,9,17,18,2,13,19,20,4,10,10,10,10,11,11,11,11,10,11,11,11,10,10,10,10,10,11,11,11,11,10,12,10,10,7,13,10,10,10,10,10,11,10,14,14,10,10,10,10,10,10,10,8,15,15,15,16,10,10,10,10,5,9,17,10,10,10,3,10,10,10,10,10,10,10,10,10,10,18,18,10,10,10,10,19,13,19,19,13,19,19,13,20,20,20,20,20,20,20,20","0.00755500793457031","infomap","edit-xhwikibooks.graphml"
"0.26","0.32","0.42","0.335207058029095","1,2,1,1,3,4,3,5,6,7,8,3,5,9,6,4,7,10,8,3,11,2,12,9,5,13,6,14,15,7,10,16,17,3,18,19,20,6,11,11,11,11,2,2,2,2,11,2,2,2,11,11,11,11,11,2,2,2,2,11,12,11,11,9,5,11,11,11,11,11,2,11,13,13,11,11,11,11,11,11,11,6,14,14,14,15,11,11,11,11,7,10,16,11,11,11,4,11,11,11,11,11,11,11,11,11,11,17,17,11,11,11,11,18,19,18,18,18,18,19,18,20,20,20,20,20,20,20,20","0.00902199745178223","infomap","edit-xhwikibooks.graphml"
"0.25","0.33","0.42","0.333399685853114","1,1,2,2,2,3,2,4,3,5,6,2,4,7,3,3,5,8,6,2,9,10,11,4,7,12,3,13,14,5,8,15,16,2,17,18,19,18,9,9,9,9,10,10,10,10,9,10,10,10,9,9,9,9,9,10,10,10,10,9,11,9,9,4,7,9,9,9,9,9,10,9,12,12,9,9,9,9,9,9,9,3,13,13,13,14,9,9,9,9,5,8,15,9,9,9,3,9,9,9,9,9,9,9,9,9,9,16,16,9,9,9,9,18,18,17,17,17,17,17,18,19,19,19,19,19,19,19,19","0.00742006301879883","infomap","edit-xhwikibooks.graphml"
"0.24","0.34","0.42","0.343857036271809","1,1,2,2,2,3,2,3,4,5,6,2,7,4,8,3,5,9,6,2,10,11,12,7,4,13,8,14,15,5,9,16,17,2,18,19,20,8,10,10,10,10,11,11,11,11,10,11,11,11,10,10,10,10,10,11,11,11,11,10,12,10,10,7,4,10,10,10,10,10,11,10,13,13,10,10,10,10,10,10,10,8,14,14,14,15,10,10,10,10,5,9,16,10,10,10,3,10,10,10,10,10,10,10,10,10,10,17,17,10,10,10,10,19,19,18,18,18,19,18,18,20,20,20,20,20,20,20,20","0.0100650787353516","infomap","edit-xhwikibooks.graphml"
"0.23","0.35","0.42","0.340865472910928","1,1,2,2,2,3,2,3,4,5,6,2,7,8,4,9,5,10,6,2,11,12,13,7,8,14,4,15,16,5,10,17,18,2,19,20,21,4,11,11,11,11,12,12,12,12,11,12,12,12,11,11,11,11,11,12,12,12,12,11,13,11,11,7,8,11,11,11,11,11,12,11,14,14,11,11,11,11,11,11,11,4,15,15,15,16,11,11,11,11,5,10,17,11,11,11,9,11,11,11,11,11,11,11,11,11,11,18,18,11,11,11,11,20,19,20,20,20,20,20,19,21,21,21,21,21,21,21,21","0.00766515731811523","infomap","edit-xhwikibooks.graphml"
"0.22","0.36","0.42","0.350783735167254","1,1,2,2,2,3,2,4,3,5,6,2,4,7,7,3,5,8,6,2,9,10,11,12,7,13,7,14,15,5,8,16,17,2,18,19,20,7,9,9,9,9,10,10,10,10,9,10,10,10,9,9,9,9,9,10,10,10,10,9,11,9,9,12,7,9,9,9,9,9,10,9,13,13,9,9,9,9,9,9,9,7,14,14,14,15,9,9,9,9,5,8,16,9,9,9,3,9,9,9,9,9,9,9,9,9,9,17,17,9,9,9,9,19,18,18,18,18,19,18,19,20,20,20,20,20,20,20,20","0.0057830810546875","infomap","edit-xhwikibooks.graphml"
"0.21","0.37","0.42","0.33159006209728","1,2,3,3,3,1,3,2,1,4,5,3,6,7,1,8,4,9,5,3,10,11,12,6,7,7,7,13,14,4,9,15,16,3,17,18,19,1,10,10,10,10,11,11,11,11,10,11,11,11,10,10,10,10,10,11,11,11,11,10,12,10,10,6,7,10,10,10,10,10,11,10,7,7,10,10,10,10,10,10,10,7,13,13,13,14,10,10,10,10,4,9,15,10,10,10,8,10,10,10,10,10,10,10,10,10,10,16,16,10,10,10,10,18,18,18,17,18,18,18,18,19,19,19,19,19,19,19,19","0.00917387008666992","infomap","edit-xhwikibooks.graphml"
"0.2","0.38","0.42","0.323922763077034","1,2,1,3,4,3,4,5,3,6,7,4,5,3,8,9,6,10,7,4,2,11,12,3,13,14,8,15,16,6,10,17,18,4,19,13,20,8,2,2,2,2,11,11,11,11,2,11,11,11,2,2,2,2,2,11,11,11,11,2,12,2,2,3,13,2,2,2,2,2,11,2,14,14,2,2,2,2,2,2,2,8,15,15,15,16,2,2,2,2,6,10,17,2,2,2,9,2,2,2,2,2,2,2,2,2,2,18,18,2,2,2,2,19,19,19,13,19,13,13,13,20,20,20,20,20,20,20,20","0.00745820999145508","infomap","edit-xhwikibooks.graphml"
"0.19","0.39","0.42","0.331989977274052","1,1,2,2,2,3,2,4,4,5,6,2,7,4,8,3,5,9,6,2,10,11,12,7,8,13,8,14,15,5,9,16,17,2,18,19,20,18,10,10,10,10,11,11,11,11,10,11,11,11,10,10,10,10,10,11,11,11,11,10,12,10,10,7,8,10,10,10,10,10,11,10,13,13,10,10,10,10,10,10,10,8,14,14,14,15,10,10,10,10,5,9,16,10,10,10,3,10,10,10,10,10,10,10,10,10,10,17,17,10,10,10,10,18,19,18,19,19,19,19,18,20,20,20,20,20,20,20,20","0.0076758861541748","infomap","edit-xhwikibooks.graphml"
"0.18","0.4","0.42","0.333461042512945","1,2,1,1,3,2,3,2,4,5,6,3,7,4,8,2,5,9,6,3,10,11,12,7,8,13,4,14,15,5,9,16,17,3,18,19,20,4,10,10,10,10,11,11,11,11,10,11,11,11,10,10,10,10,10,11,11,11,11,10,12,10,10,7,8,10,10,10,10,10,11,10,13,13,10,10,10,10,10,10,10,4,14,14,14,15,10,10,10,10,5,9,16,10,10,10,21,10,10,10,10,10,10,10,10,10,10,17,17,10,10,10,10,18,19,19,18,19,19,19,18,20,20,20,20,20,20,20,20","0.0057528018951416","infomap","edit-xhwikibooks.graphml"
"0.17","0.41","0.42","0.335291991909367","1,1,2,2,2,3,2,4,3,5,6,2,4,7,8,3,5,9,6,2,10,11,12,4,8,13,7,14,15,5,9,16,17,2,18,19,20,20,10,10,10,10,11,11,11,11,10,11,11,11,10,10,10,10,10,11,11,11,11,10,12,10,10,4,8,10,10,10,10,10,11,10,13,13,10,10,10,10,10,10,10,7,14,14,14,15,10,10,10,10,5,9,16,10,10,10,3,10,10,10,10,10,10,10,10,10,10,17,17,10,10,10,10,18,18,18,19,18,18,19,19,20,20,20,20,20,20,20,20","0.0152781009674072","infomap","edit-xhwikibooks.graphml"
"0.16","0.42","0.42","0.335277042226439","1,2,1,1,3,2,3,2,4,5,6,3,7,8,9,2,5,10,6,3,11,12,13,7,9,8,9,14,15,5,10,16,17,3,18,19,4,8,11,11,11,11,12,12,12,12,11,12,12,12,11,11,11,11,11,12,12,12,12,11,13,11,11,7,9,11,11,11,11,11,12,11,8,8,11,11,11,11,11,11,11,9,14,14,14,15,11,11,11,11,5,10,16,11,11,11,20,11,11,11,11,11,11,11,11,11,11,17,17,11,11,11,11,19,19,19,19,18,19,19,18,4,4,4,4,4,4,4,4","0.00594210624694824","infomap","edit-xhwikibooks.graphml"
"0.15","0.43","0.42","0.330590874657654","1,1,2,2,2,3,2,4,3,5,6,2,7,3,4,8,5,9,6,2,10,11,7,4,4,12,3,13,1,5,9,6,14,2,15,16,17,3,10,10,10,10,11,11,11,11,10,11,11,11,10,10,10,10,10,11,11,11,11,10,18,10,10,4,4,10,10,10,10,10,11,10,12,12,10,10,10,10,10,10,10,3,13,13,13,19,10,10,10,10,20,21,22,10,10,10,8,10,10,10,10,10,10,10,10,10,10,14,14,10,10,10,10,16,16,15,16,15,16,16,15,17,17,17,17,17,17,17,17","0.00754499435424805","infomap","edit-xhwikibooks.graphml"
"0.14","0.44","0.42","0.336359711669317","1,2,1,3,4,3,4,3,5,6,7,4,8,3,5,9,6,10,7,4,11,12,8,8,5,5,3,13,2,6,10,7,14,4,15,16,17,3,11,11,11,11,12,12,12,12,11,12,12,12,11,11,11,11,11,12,12,12,12,11,18,11,11,8,5,11,11,11,11,11,12,11,5,5,11,11,11,11,11,11,11,3,13,13,13,19,11,11,11,11,20,21,22,11,11,11,9,11,11,11,11,11,11,11,11,11,11,14,14,11,11,11,11,16,16,16,16,16,16,16,15,17,17,17,17,17,17,17,17","0.00894713401794434","infomap","edit-xhwikibooks.graphml"
"0.13","0.45","0.42","0.336692539134984","1,1,2,2,2,3,2,3,3,4,5,2,6,7,8,3,4,5,9,2,10,11,6,7,12,13,8,14,1,4,5,9,15,2,16,9,12,3,10,10,10,10,11,11,11,11,10,11,11,11,10,10,10,10,10,11,11,11,11,10,17,10,10,7,12,10,10,10,10,10,11,10,13,13,10,10,10,10,10,10,10,8,14,14,14,18,10,10,10,10,19,20,21,10,10,10,3,10,10,10,10,10,10,10,10,10,10,15,15,10,10,10,10,9,16,16,16,16,16,9,16,12,12,12,12,12,12,12,12","0.0104000568389893","infomap","edit-xhwikibooks.graphml"
"0.12","0.46","0.42","0.328764227416257","1,2,1,1,3,4,3,5,4,6,7,3,8,5,4,4,6,9,7,3,2,10,8,4,5,11,4,12,2,6,9,7,13,3,14,15,16,5,2,2,2,2,10,10,10,10,2,10,10,10,2,2,2,2,2,10,10,10,10,2,17,2,2,4,5,2,2,2,2,2,10,2,11,11,2,2,2,2,2,2,2,4,12,12,12,18,2,2,2,2,19,20,21,2,2,2,4,2,2,2,2,2,2,2,2,2,2,13,13,2,2,2,2,15,14,14,14,15,15,15,14,16,16,16,16,16,16,16,16","0.00915002822875977","infomap","edit-xhwikibooks.graphml"
"0.11","0.47","0.42","0.340466683051656","1,1,2,2,2,3,2,3,3,4,5,2,6,3,7,3,4,8,5,2,9,10,6,6,7,11,7,12,1,4,8,5,13,2,14,15,16,3,9,9,9,9,10,10,10,10,9,10,10,10,9,9,9,9,9,10,10,10,10,9,17,9,9,6,7,9,9,9,9,9,10,9,11,11,9,9,9,9,9,9,9,7,12,12,12,18,9,9,9,9,19,20,21,9,9,9,22,9,9,9,9,9,9,9,9,9,9,13,13,9,9,9,9,15,14,15,15,15,14,14,14,16,16,16,16,16,16,16,16","0.00620794296264648","infomap","edit-xhwikibooks.graphml"
"0.1","0.48","0.42","0.338181696399701","1,2,3,3,3,1,3,2,4,5,6,3,7,8,4,1,5,9,6,3,10,11,7,8,4,12,8,13,2,5,9,6,14,3,15,16,17,8,10,10,10,10,11,11,11,11,10,11,11,11,10,10,10,10,10,11,11,11,11,10,18,10,10,8,4,10,10,10,10,10,11,10,12,12,10,10,10,10,10,10,10,8,13,13,13,19,10,10,10,10,20,21,22,10,10,10,1,10,10,10,10,10,10,10,10,10,10,14,14,10,10,10,10,16,15,15,16,15,15,15,15,17,17,17,17,17,17,17,17","0.00881600379943848","infomap","edit-xhwikibooks.graphml"
"0.09","0.49","0.42","0.329493618407073","1,2,1,1,3,2,3,2,4,5,6,3,7,8,4,2,5,9,6,3,10,11,7,8,8,8,4,12,2,5,9,6,13,3,14,15,16,8,10,10,10,10,11,11,11,11,10,11,11,11,10,10,10,10,10,11,11,11,11,10,17,10,10,8,8,10,10,10,10,10,11,10,8,8,10,10,10,10,10,10,10,4,12,12,12,18,10,10,10,10,19,20,21,10,10,10,22,10,10,10,10,10,10,10,10,10,10,13,13,10,10,10,10,4,15,14,14,15,4,14,4,16,16,16,16,16,16,16,16","0.00809788703918457","infomap","edit-xhwikibooks.graphml"
"0.08","0.5","0.42","0.365909040603653","1,1,2,2,2,3,2,4,3,5,6,2,7,8,4,3,5,9,6,2,10,11,7,7,8,4,8,12,1,5,9,6,13,2,14,15,16,4,10,10,10,10,11,11,11,11,10,11,11,11,10,10,10,10,10,11,11,11,11,10,17,10,10,7,8,10,10,10,10,10,11,10,4,4,10,10,10,10,10,10,10,8,12,12,12,18,10,10,10,10,19,20,21,10,10,10,3,10,10,10,10,10,10,10,10,10,10,13,13,10,10,10,10,14,15,14,15,15,14,15,15,16,16,16,16,16,16,16,16","0.0082399845123291","infomap","edit-xhwikibooks.graphml"
"0.07","0.51","0.42","0.362088158585904","1,1,2,2,2,3,2,4,3,5,6,2,7,4,8,3,5,9,6,2,10,11,7,7,12,8,4,13,1,5,9,6,14,2,15,12,16,12,10,10,10,10,11,11,11,11,10,11,11,11,10,10,10,10,10,11,11,11,11,10,17,10,10,7,12,10,10,10,10,10,11,10,8,8,10,10,10,10,10,10,10,4,13,13,13,18,10,10,10,10,19,20,21,10,10,10,3,10,10,10,10,10,10,10,10,10,10,14,14,10,10,10,10,15,15,12,12,15,12,12,15,16,16,16,16,16,16,16,16","0.00894999504089355","infomap","edit-xhwikibooks.graphml"
"0.06","0.52","0.42","0.357742727396223","1,1,2,2,2,3,2,4,4,5,6,2,7,8,9,3,5,10,6,2,11,12,7,7,9,4,8,13,1,5,10,6,14,2,4,15,16,4,11,11,11,11,12,12,12,12,11,12,12,12,11,11,11,11,11,12,12,12,12,11,17,11,11,7,9,11,11,11,11,11,12,11,4,4,11,11,11,11,11,11,11,8,13,13,13,18,11,11,11,11,19,20,21,11,11,11,3,11,11,11,11,11,11,11,11,11,11,14,14,11,11,11,11,4,4,15,15,15,15,4,15,16,16,16,16,16,16,16,16","0.00755500793457031","infomap","edit-xhwikibooks.graphml"
"0.05","0.53","0.42","0.364340737917456","1,2,1,1,3,1,3,4,4,5,6,3,7,4,8,1,5,9,6,3,10,11,7,4,4,8,12,13,2,5,9,6,14,3,12,15,16,4,10,10,10,10,11,11,11,11,10,11,11,11,10,10,10,10,10,11,11,11,11,10,17,10,10,4,4,10,10,10,10,10,11,10,8,8,10,10,10,10,10,10,10,12,13,13,13,18,10,10,10,10,19,20,21,10,10,10,1,10,10,10,10,10,10,10,10,10,10,14,14,10,10,10,10,15,15,15,15,15,15,15,12,16,16,16,16,16,16,16,16","0.00770902633666992","infomap","edit-xhwikibooks.graphml"
"0.04","0.54","0.42","0.363150146303807","1,1,2,2,2,3,2,3,4,5,6,2,7,4,8,3,5,9,6,2,10,11,7,4,4,12,8,13,1,5,9,6,14,2,12,15,16,4,10,10,10,10,11,11,11,11,10,11,11,11,10,10,10,10,10,11,11,11,11,10,17,10,10,4,4,10,10,10,10,10,11,10,12,12,10,10,10,10,10,10,10,8,13,13,13,18,10,10,10,10,19,20,21,10,10,10,3,10,10,10,10,10,10,10,10,10,10,14,14,10,10,10,10,12,12,15,15,12,12,15,15,16,16,16,16,16,16,16,16","0.00717520713806152","infomap","edit-xhwikibooks.graphml"
"0.03","0.55","0.42","0.369178299347228","1,1,2,2,2,3,2,3,4,5,6,2,7,3,4,8,5,9,6,2,10,11,7,3,4,4,4,12,11,5,9,13,14,2,13,15,16,3,10,10,10,10,11,11,11,11,10,11,11,11,10,10,10,10,10,11,11,11,11,10,17,10,10,3,4,10,10,10,10,10,11,10,4,4,10,10,10,10,10,10,10,4,12,12,12,18,10,10,10,10,19,20,21,10,10,10,8,10,10,10,10,10,10,10,10,10,10,14,14,10,10,10,10,15,15,15,15,15,13,15,13,16,16,16,16,16,16,16,16","0.00620603561401367","infomap","edit-xhwikibooks.graphml"
"0.02","0.56","0.42","0.366938775510204","1,2,1,1,3,4,3,2,5,6,7,3,8,5,9,4,6,10,7,3,11,12,8,5,5,13,5,14,2,6,10,7,15,3,16,9,17,5,11,11,11,11,12,12,12,12,11,12,12,12,11,11,11,11,11,12,12,12,12,11,18,11,11,5,5,11,11,11,11,11,12,11,13,13,11,11,11,11,11,11,11,5,14,14,14,19,11,11,11,11,20,21,22,11,11,11,4,11,11,11,11,11,11,11,11,11,11,15,15,11,11,11,11,9,16,16,9,16,16,9,16,17,17,17,17,17,17,17,17","0.00885295867919922","infomap","edit-xhwikibooks.graphml"
"0.01","0.57","0.42","0.321065448488603","1,2,1,3,4,3,4,2,5,6,7,4,8,5,9,3,6,10,7,4,11,12,8,5,13,14,13,15,2,6,10,7,16,4,13,9,17,13,11,11,11,11,12,2,2,2,11,2,2,2,11,11,11,11,11,2,2,2,2,11,18,11,11,5,13,11,11,11,11,11,2,11,14,14,11,11,11,11,11,11,11,13,15,15,15,19,11,11,11,11,20,21,22,11,11,11,3,11,11,11,11,11,11,11,11,11,11,16,16,11,11,11,11,13,13,9,13,9,9,13,9,17,17,17,17,17,17,17,17","0.00916886329650879","infomap","edit-xhwikibooks.graphml"
"0","0.58","0.42","0.370008859504132","1,2,1,1,3,4,3,5,4,6,7,3,8,9,5,4,6,10,7,3,11,12,8,9,5,9,5,13,2,6,10,7,14,3,15,16,17,5,11,11,11,11,12,12,12,12,11,12,12,12,11,11,11,11,11,12,12,12,12,11,18,11,11,9,5,11,11,11,11,11,12,11,9,9,11,11,11,11,11,11,11,5,13,13,13,19,11,11,11,11,20,21,22,11,11,11,4,11,11,11,11,11,11,11,11,11,11,14,14,11,11,11,11,16,15,16,15,16,15,16,16,17,17,17,17,17,17,17,17","0.00768208503723145","infomap","edit-xhwikibooks.graphml"
"0.57","0","0.43","0.339922166222085","1,2,1,1,3,4,3,2,5,6,3,7,8,8,5,4,6,9,10,7,11,12,13,8,5,14,8,15,16,6,9,17,18,7,10,19,20,8,11,11,11,11,12,12,12,12,11,12,12,12,11,11,11,11,11,12,12,12,12,11,13,11,11,8,5,11,11,11,11,11,12,11,14,14,11,11,11,11,11,11,11,8,15,15,15,16,11,11,11,11,6,9,17,11,11,11,4,11,11,11,11,11,11,11,11,11,11,18,18,11,11,11,11,19,19,19,19,10,19,10,10,20,20,20,20,20,20,20,20","0.00756096839904785","infomap","edit-xhwikibooks.graphml"
"0.56","0.01","0.43","0.341651330751343","1,1,2,2,3,4,3,4,4,5,6,7,4,4,8,9,5,10,6,7,11,12,13,4,8,14,4,9,15,5,10,16,17,11,18,19,20,4,11,11,11,11,12,12,12,12,11,12,12,12,11,11,11,11,11,12,12,12,12,11,13,11,11,4,8,11,11,11,11,11,12,11,14,14,11,11,11,11,11,11,11,4,9,9,9,15,11,11,11,11,5,10,16,11,11,11,9,11,11,11,11,11,11,11,11,11,11,17,17,11,11,11,11,19,18,19,18,19,18,18,18,20,20,20,20,20,20,20,20","0.00893807411193848","infomap","edit-xhwikibooks.graphml"
"0.55","0.02","0.43","0.330233443124844","1,2,1,1,3,4,3,2,4,5,6,7,8,9,10,11,5,12,6,7,13,14,15,8,10,16,9,11,17,5,12,18,19,7,20,21,22,4,13,13,13,13,14,14,14,14,13,14,14,14,13,13,13,13,13,14,14,14,14,13,15,13,13,8,10,13,13,13,13,13,14,13,16,16,13,13,13,13,13,13,13,9,11,11,11,17,13,13,13,13,5,12,18,13,13,13,11,13,13,13,13,13,13,13,13,13,13,19,19,7,13,13,13,20,20,21,21,20,20,21,20,22,22,22,22,22,22,22,22","0.00713014602661133","infomap","edit-xhwikibooks.graphml"
"0.54","0.03","0.43","0.334938758158168","1,1,2,2,3,4,3,5,4,6,7,8,9,5,4,10,6,11,7,8,12,13,14,9,5,15,5,10,16,6,11,17,18,8,19,20,21,4,12,12,12,12,13,13,13,13,12,13,13,13,12,12,12,12,12,13,13,13,13,12,14,12,12,9,5,12,12,12,12,12,13,12,15,15,12,12,12,12,12,12,12,5,10,10,10,16,12,12,12,12,6,11,17,12,12,12,22,12,12,12,12,12,12,12,12,12,12,18,18,12,12,12,12,20,19,19,20,19,19,19,19,21,21,21,21,21,21,21,21","0.00716400146484375","infomap","edit-xhwikibooks.graphml"
"0.53","0.04","0.43","0.336064471489521","1,1,2,2,3,1,3,1,4,5,6,3,1,7,4,8,5,9,6,10,11,12,13,7,4,14,4,8,15,5,9,16,17,10,18,19,20,4,11,11,11,11,12,12,12,12,11,12,12,12,11,11,11,11,11,12,12,12,12,11,13,11,11,7,4,11,11,11,11,11,12,11,14,14,11,11,11,11,11,11,11,4,8,8,8,15,11,11,11,11,5,9,16,11,11,11,21,11,11,11,11,11,11,11,11,11,11,17,17,11,11,11,11,19,19,18,19,19,18,19,18,20,20,20,20,20,20,20,20","0.00582599639892578","infomap","edit-xhwikibooks.graphml"
"0.52","0.05","0.43","0.332628902457711","1,1,2,2,3,4,3,5,4,6,3,7,8,5,9,10,6,11,12,7,13,14,15,8,5,16,9,10,17,6,11,18,19,7,20,12,21,5,13,13,13,13,14,14,14,14,13,14,14,14,13,13,13,13,13,14,14,14,14,13,15,13,13,8,5,13,13,13,13,13,14,13,16,16,13,13,13,13,13,13,13,9,10,10,10,17,13,13,13,13,6,11,18,13,13,13,10,13,13,13,13,13,13,13,13,13,13,19,19,13,13,13,13,12,12,20,12,20,20,12,20,21,21,21,21,21,21,21,21","0.0055689811706543","infomap","edit-xhwikibooks.graphml"
"0.51","0.06","0.43","0.330443867255118","1,1,2,2,2,2,3,4,5,6,7,3,8,4,5,9,6,10,7,11,12,13,14,8,5,15,5,9,16,6,10,17,18,11,19,20,21,4,12,12,12,12,13,13,13,13,12,13,13,13,12,12,12,12,12,13,13,13,13,12,14,12,12,8,5,12,12,12,12,12,13,12,15,15,12,12,12,12,12,12,12,5,9,9,9,16,12,12,12,12,6,10,17,12,12,12,22,12,12,12,12,12,12,12,12,12,12,18,18,11,12,12,12,19,19,20,19,19,19,20,20,21,21,21,21,21,21,21,21","0.00552487373352051","infomap","edit-xhwikibooks.graphml"
"0.5","0.07","0.43","0.334790765570934","1,1,2,2,2,3,4,5,3,6,4,4,7,5,8,9,6,10,4,11,12,13,14,7,8,15,8,9,16,6,10,17,18,11,19,20,21,8,12,12,12,12,13,13,13,13,12,13,13,13,12,12,12,12,12,13,13,13,13,12,14,12,12,7,8,12,12,12,12,12,13,12,15,15,12,12,12,12,12,12,12,8,9,9,9,16,12,12,12,12,6,10,17,12,12,12,9,12,12,12,12,12,12,12,12,12,12,18,18,12,12,12,12,20,20,19,20,20,19,20,19,21,21,21,21,21,21,21,21","0.00561189651489258","infomap","edit-xhwikibooks.graphml"
"0.49","0.08","0.43","0.335083120042368","1,1,2,3,2,3,4,1,3,5,4,6,7,8,9,10,5,11,12,6,13,14,15,7,9,8,9,10,16,5,11,17,18,13,12,19,20,8,13,13,13,13,14,14,14,14,13,14,14,14,13,13,13,13,13,14,14,14,14,13,15,13,13,7,9,13,13,13,13,13,14,13,8,8,13,13,13,13,13,13,13,9,10,10,10,16,13,13,13,13,5,11,17,13,13,13,10,13,13,13,13,13,13,13,13,13,13,18,18,13,13,13,13,12,19,19,12,12,19,19,19,20,20,20,20,20,20,20,20","0.00542211532592773","infomap","edit-xhwikibooks.graphml"
"0.48","0.09","0.43","0.303345634928336","1,2,1,1,3,4,3,4,5,6,7,3,8,9,5,10,6,11,7,12,2,13,14,8,9,15,9,10,16,6,11,17,18,12,19,20,21,9,2,2,2,2,13,13,13,13,2,13,13,13,2,2,2,2,2,13,13,13,13,2,14,2,2,8,9,2,2,2,2,2,13,2,15,15,2,2,2,2,2,2,2,9,10,10,10,16,2,2,2,2,6,11,17,2,2,2,10,2,2,2,2,2,2,2,2,2,2,18,18,2,2,2,2,20,20,20,19,19,19,20,20,21,5,5,5,5,5,5,5","0.00905489921569824","infomap","edit-xhwikibooks.graphml"
"0.47","0.1","0.43","0.335603899422332","1,1,2,2,2,1,3,1,4,5,3,3,6,7,4,8,5,9,10,11,12,13,14,6,4,15,7,8,16,5,9,17,18,11,10,19,20,4,12,12,12,12,13,13,13,13,12,13,13,13,12,12,12,12,12,13,13,13,13,12,14,12,12,6,4,12,12,12,12,12,13,12,15,15,12,12,12,12,12,12,12,7,8,8,8,16,12,12,12,12,5,9,17,12,12,12,21,12,12,12,12,12,12,12,12,12,12,18,18,12,12,12,12,10,19,19,10,19,10,10,19,20,20,20,20,20,20,20,20","0.00561809539794922","infomap","edit-xhwikibooks.graphml"
"0.46","0.11","0.43","0.330197672584697","1,1,2,2,3,4,3,5,4,6,7,3,8,5,9,10,6,11,7,12,13,14,15,8,9,16,9,10,17,6,11,18,19,12,20,21,22,16,13,13,13,13,14,14,14,14,13,14,14,14,13,13,13,13,13,14,14,14,14,13,15,13,13,8,9,13,13,13,13,13,14,13,16,16,13,13,13,13,13,13,13,9,10,10,10,17,13,13,13,13,6,11,18,13,13,13,10,13,13,13,13,13,13,13,13,13,13,19,19,13,13,13,13,20,21,21,20,20,20,21,21,22,22,22,22,22,22,22,22","0.00723695755004883","infomap","edit-xhwikibooks.graphml"
"0.45","0.12","0.43","0.33188295972681","1,1,2,3,2,3,4,3,5,6,4,7,8,5,9,10,6,11,4,7,12,13,14,8,9,15,5,10,16,6,11,17,18,12,19,20,21,5,12,12,12,12,13,13,13,13,12,13,13,13,12,12,12,12,12,13,13,13,13,12,14,12,12,8,9,12,12,12,12,12,13,12,15,15,12,12,12,12,12,12,12,5,10,10,10,16,12,12,12,12,6,11,17,12,12,12,10,12,12,12,12,12,12,12,12,12,12,18,18,12,12,12,12,19,19,20,20,19,20,20,19,21,21,21,21,21,21,21,21","0.00692415237426758","infomap","edit-xhwikibooks.graphml"
"0.44","0.13","0.43","0.336166959831197","1,1,2,2,3,4,3,1,4,5,6,3,7,8,9,4,5,10,6,11,12,13,14,7,9,15,8,16,17,5,10,18,19,11,20,21,22,9,12,12,12,12,13,13,13,13,12,13,13,13,12,12,12,12,12,13,13,13,13,12,14,12,12,7,9,12,12,12,12,12,13,12,15,15,12,12,12,12,12,12,12,8,16,16,16,17,12,12,12,12,5,10,18,12,12,12,4,12,12,12,12,12,12,12,12,12,12,19,19,12,12,12,12,21,20,20,20,21,21,21,20,22,22,22,22,22,22,22,22","0.00550603866577148","infomap","edit-xhwikibooks.graphml"
"0.43","0.14","0.43","0.330970159621764","1,1,2,2,3,2,3,1,4,5,6,3,7,8,4,9,5,10,6,11,12,13,14,7,8,15,8,9,16,5,10,17,18,11,19,20,21,21,12,12,12,12,13,13,13,13,12,13,13,13,12,12,12,12,12,13,13,13,13,12,14,12,12,7,8,12,12,12,12,12,13,12,15,15,12,12,12,12,12,12,12,8,9,9,9,16,12,12,12,12,5,10,17,12,12,12,22,12,12,12,12,12,12,12,12,12,12,18,18,11,12,12,12,19,20,19,19,19,20,20,19,21,21,21,21,21,21,21,21","0.00722908973693848","infomap","edit-xhwikibooks.graphml"
"0.42","0.15","0.43","0.342932240784277","1,1,2,2,3,4,3,5,4,6,3,7,8,5,9,10,6,11,12,7,13,14,15,8,5,9,5,10,16,6,11,17,18,13,12,19,20,9,13,13,13,13,14,14,14,14,13,14,14,14,13,13,13,13,13,14,14,14,14,13,15,13,13,8,5,13,13,13,13,13,14,13,9,9,13,13,13,13,13,13,13,5,10,10,10,16,13,13,13,13,6,11,17,13,13,13,10,13,13,13,13,13,13,13,13,13,13,18,18,13,13,13,13,12,12,12,19,12,12,19,12,20,20,20,20,20,20,20,20","0.00572013854980469","infomap","edit-xhwikibooks.graphml"
"0.41","0.16","0.43","0.322430700402367","1,1,2,3,2,3,4,3,5,6,4,7,8,5,9,10,6,11,12,7,13,14,15,8,5,16,5,10,17,6,11,18,19,7,12,20,21,9,13,13,13,13,14,14,14,14,13,14,14,14,13,13,13,13,13,14,14,14,14,13,15,13,13,8,5,13,13,13,13,13,14,13,16,16,13,13,13,13,13,13,13,5,10,10,10,17,13,13,13,13,6,11,18,13,13,13,10,13,13,13,13,13,13,13,13,13,13,19,19,13,13,13,13,9,9,12,9,9,12,20,12,21,21,21,21,21,21,21,21","0.00568103790283203","infomap","edit-xhwikibooks.graphml"
"0.4","0.17","0.43","0.327734461075689","1,2,1,3,4,3,4,2,3,5,6,7,8,9,3,10,5,11,6,7,12,13,14,8,3,9,3,15,16,5,11,17,18,7,19,20,21,3,12,12,12,12,13,13,13,13,12,13,13,13,12,12,12,12,12,13,13,13,13,12,14,12,12,8,3,12,12,12,12,12,13,12,9,9,12,12,12,12,12,12,12,3,15,15,15,16,12,12,12,12,5,11,17,12,12,12,10,12,12,12,12,12,12,12,12,12,12,18,18,12,12,12,12,19,19,19,19,19,20,19,19,21,21,21,21,21,21,21,21","0.00710797309875488","infomap","edit-xhwikibooks.graphml"
"0.39","0.18","0.43","0.305625999765909","1,1,2,2,2,3,4,3,5,6,7,4,3,3,8,9,6,10,7,11,1,12,13,14,8,15,5,16,17,6,10,18,19,11,20,5,21,15,1,1,1,1,12,12,12,12,1,12,12,12,1,1,1,1,1,12,12,12,12,1,13,1,1,14,8,1,1,1,1,1,12,1,15,15,1,1,1,1,1,1,1,5,16,16,16,17,1,1,1,1,6,10,18,1,1,1,9,1,1,1,1,1,1,1,1,1,1,19,19,1,1,1,1,5,5,20,5,20,5,20,20,21,21,21,21,21,21,21,21","0.00576186180114746","infomap","edit-xhwikibooks.graphml"
"0.38","0.19","0.43","0.326946456855985","1,1,2,3,2,3,4,5,3,6,4,7,5,8,8,9,6,10,11,7,12,13,14,15,8,16,8,9,17,6,10,18,19,12,20,11,21,8,12,12,12,12,13,13,13,13,12,13,13,13,12,12,12,12,12,13,13,13,13,12,14,12,12,15,8,12,12,12,12,12,13,12,16,16,12,12,12,12,12,12,12,8,9,9,9,17,12,12,12,12,6,10,18,12,12,12,9,12,12,12,12,12,12,12,12,12,12,19,19,12,12,12,12,20,11,20,20,11,11,20,11,21,21,21,21,21,21,21,21","0.00893092155456543","infomap","edit-xhwikibooks.graphml"
"0.37","0.2","0.43","0.328428681384173","1,1,1,2,3,2,3,4,5,6,7,8,9,4,5,10,6,11,7,8,12,13,14,9,4,15,5,10,16,6,11,17,18,8,19,20,21,5,12,12,12,12,13,13,13,13,12,13,13,13,12,12,12,12,12,13,13,13,13,12,14,12,12,9,4,12,12,12,12,12,13,12,15,15,12,12,12,12,12,12,12,5,10,10,10,16,12,12,12,12,6,11,17,12,12,12,10,12,12,12,12,12,12,12,12,12,12,18,18,12,12,12,12,19,20,19,19,19,19,20,19,21,21,21,21,21,21,21,21","0.00564217567443848","infomap","edit-xhwikibooks.graphml"
"0.36","0.21","0.43","0.327776553523779","1,1,2,2,2,3,4,5,3,6,7,4,5,8,9,10,6,11,7,12,13,1,14,15,9,16,9,10,17,6,11,18,19,12,20,8,21,9,13,13,13,13,1,1,1,1,13,1,1,1,13,13,13,13,13,1,1,1,1,13,14,13,13,15,9,13,13,13,13,13,1,13,16,16,13,13,13,13,13,13,13,9,10,10,10,17,13,13,13,13,6,11,18,13,13,13,10,13,13,13,13,13,13,13,13,13,13,19,19,13,13,13,13,8,20,8,8,20,20,20,20,21,21,21,21,21,21,21,21","0.00891494750976562","infomap","edit-xhwikibooks.graphml"
"0.35","0.22","0.43","0.332609722339122","1,1,2,2,3,4,3,4,5,6,7,8,4,5,9,10,6,11,7,8,12,13,14,15,5,5,9,10,16,6,11,17,18,12,19,20,21,9,12,12,12,12,13,13,13,13,12,13,13,13,12,12,12,12,12,13,13,13,13,12,14,12,12,15,5,12,12,12,12,12,13,12,5,5,12,12,12,12,12,12,12,9,10,10,10,16,12,12,12,12,6,11,17,12,12,12,10,12,12,12,12,12,12,12,12,12,12,18,18,12,12,12,12,20,20,19,20,20,20,19,19,21,21,21,21,21,21,21,21","0.00874495506286621","infomap","edit-xhwikibooks.graphml"
"0.34","0.23","0.43","0.33438615109724","1,1,2,2,3,4,3,5,4,6,7,3,5,8,9,10,6,11,7,12,13,14,15,8,9,16,9,10,17,6,11,18,19,12,20,21,22,20,13,13,13,13,14,14,14,14,13,14,14,14,13,13,13,13,13,14,14,14,14,13,15,13,13,8,9,13,13,13,13,13,14,13,16,16,13,13,13,13,13,13,13,9,10,10,10,17,13,13,13,13,6,11,18,13,13,13,10,13,13,13,13,13,13,13,13,13,13,19,19,13,13,13,13,20,20,21,21,20,21,20,20,22,22,22,22,22,22,22,22","0.0056450366973877","infomap","edit-xhwikibooks.graphml"
"0.33","0.24","0.43","0.334270779112136","1,1,2,2,3,4,3,5,4,6,7,8,5,9,10,11,6,12,7,8,13,14,15,9,9,10,9,11,16,6,12,17,18,13,19,20,21,10,13,13,13,13,14,14,14,14,13,14,14,14,13,13,13,13,13,14,14,14,14,13,15,13,13,9,9,13,13,13,13,13,14,13,10,10,13,13,13,13,13,13,13,9,11,11,11,16,13,13,13,13,6,12,17,13,13,13,11,13,13,13,13,13,13,13,13,13,13,18,18,13,13,13,13,20,20,20,20,19,20,20,19,21,21,21,21,21,21,21,21","0.00701189041137695","infomap","edit-xhwikibooks.graphml"
"0.32","0.25","0.43","0.336529134061954","1,1,2,2,3,4,3,5,6,7,3,8,5,6,9,4,7,10,11,8,12,13,14,15,9,6,16,17,18,7,10,19,20,8,16,11,21,6,12,12,12,12,13,13,13,13,12,13,13,13,12,12,12,12,12,13,13,13,13,12,14,12,12,15,9,12,12,12,12,12,13,12,6,6,12,12,12,12,12,12,12,16,17,17,17,18,12,12,12,12,7,10,19,12,12,12,4,12,12,12,12,12,12,12,12,12,12,20,20,12,12,12,12,16,11,16,11,16,16,11,16,21,21,21,21,21,21,21,21","0.00548386573791504","infomap","edit-xhwikibooks.graphml"
"0.31","0.26","0.43","0.333225164216886","1,1,2,2,3,4,3,4,4,5,6,7,8,9,10,11,5,12,6,7,13,14,15,8,10,16,9,11,17,5,12,18,19,13,20,21,22,10,13,13,13,13,14,14,14,14,13,14,14,14,13,13,13,13,13,14,14,14,14,13,15,13,13,8,10,13,13,13,13,13,14,13,16,16,13,13,13,13,13,13,13,9,11,11,11,17,13,13,13,13,5,12,18,13,13,13,11,13,13,13,13,13,13,13,13,13,13,19,19,13,13,13,13,21,21,21,21,21,20,20,21,22,22,22,22,22,22,22,22","0.00715279579162598","infomap","edit-xhwikibooks.graphml"
"0.3","0.27","0.43","0.337451554863684","1,1,2,2,2,3,4,5,3,6,4,7,8,5,9,10,6,11,12,7,13,14,15,8,9,16,9,10,17,6,11,18,19,13,12,20,21,5,13,13,13,13,14,14,14,14,13,14,14,14,13,13,13,13,13,14,14,14,14,13,15,13,13,8,9,13,13,13,13,13,14,13,16,16,13,13,13,13,13,13,13,9,10,10,10,17,13,13,13,13,6,11,18,13,13,13,10,13,13,13,13,13,13,13,13,13,13,19,19,13,13,13,13,12,20,20,20,12,20,20,12,21,21,21,21,21,21,21,21","0.00698685646057129","infomap","edit-xhwikibooks.graphml"
"0.29","0.28","0.43","0.338652479202808","1,2,1,1,1,3,4,2,5,6,4,4,7,8,5,3,6,9,10,11,12,13,14,7,8,15,5,16,17,6,9,18,19,11,10,20,21,7,12,12,12,12,13,13,13,13,12,13,13,13,12,12,12,12,12,13,13,13,13,12,14,12,12,7,8,12,12,12,12,12,13,12,15,15,12,12,12,12,12,12,12,5,16,16,16,17,12,12,12,12,6,9,18,12,12,12,3,12,12,12,12,12,12,12,12,12,12,19,19,11,12,12,12,10,10,10,10,10,20,20,10,21,21,21,21,21,21,21,21","0.0055689811706543","infomap","edit-xhwikibooks.graphml"
"0.28","0.29","0.43","0.340773818932601","1,2,1,1,3,4,3,4,4,5,6,7,8,9,10,11,5,12,6,7,13,2,14,8,10,9,9,11,15,5,12,16,17,13,18,19,20,9,13,13,13,13,2,2,2,2,13,2,2,2,13,13,13,13,13,2,2,2,2,13,14,13,13,8,10,13,13,13,13,13,2,13,9,9,13,13,13,13,13,13,13,9,11,11,11,15,13,13,13,13,5,12,16,13,13,13,11,13,13,13,13,13,13,13,13,13,13,17,17,13,13,13,13,19,19,19,18,18,18,19,18,20,20,20,20,20,20,20,20","0.0083611011505127","infomap","edit-xhwikibooks.graphml"
"0.27","0.3","0.43","0.33196883743073","1,1,2,2,2,3,2,3,3,4,5,2,6,3,7,8,4,9,5,2,10,11,6,3,3,12,7,13,14,4,9,15,16,2,17,18,19,19,10,10,10,10,11,11,11,11,10,11,11,11,10,10,10,10,10,11,11,11,11,10,6,10,10,3,3,10,10,10,10,10,11,10,12,12,10,10,10,10,10,10,10,7,13,13,13,14,10,10,10,10,4,9,15,10,10,10,8,10,10,10,10,10,10,10,10,10,10,16,16,10,10,10,10,18,17,18,18,18,17,17,18,19,19,19,19,19,19,19,19","0.00724411010742188","infomap","edit-xhwikibooks.graphml"
"0.26","0.31","0.43","0.331945535680681","1,1,2,2,2,3,2,3,4,5,6,2,7,4,8,3,5,9,6,2,10,11,12,7,4,13,4,14,15,5,9,16,17,2,18,8,19,4,10,10,10,10,11,11,11,11,10,11,11,11,10,10,10,10,10,11,11,11,11,10,12,10,10,7,4,10,10,10,10,10,11,10,13,13,10,10,10,10,10,10,10,4,14,14,14,15,10,10,10,10,5,9,16,10,10,10,20,10,10,10,10,10,10,10,10,10,10,17,17,10,10,10,10,8,18,8,18,18,8,8,18,19,19,19,19,19,19,19,19","0.006011962890625","infomap","edit-xhwikibooks.graphml"
"0.25","0.32","0.43","0.332016033901723","1,1,2,2,2,3,2,4,3,5,6,2,7,4,8,3,5,9,6,2,10,11,12,7,8,13,8,14,15,5,9,16,17,2,18,19,20,8,10,10,10,10,11,11,11,11,10,11,11,11,10,10,10,10,10,11,11,11,11,10,12,10,10,7,8,10,10,10,10,10,11,10,13,13,10,10,10,10,10,10,10,8,14,14,14,15,10,10,10,10,5,9,16,10,10,10,3,10,10,10,10,10,10,10,10,10,10,17,17,10,10,10,10,19,19,19,18,18,18,19,19,20,20,20,20,20,20,20,20","0.00942301750183105","infomap","edit-xhwikibooks.graphml"
"0.24","0.33","0.43","0.335351446615808","1,1,2,2,2,3,2,4,3,5,6,2,7,4,8,3,5,9,6,2,10,11,12,7,8,13,8,14,15,5,9,16,17,2,18,19,8,4,10,10,10,10,11,11,11,11,10,11,11,11,10,10,10,10,10,11,11,11,11,10,12,10,10,7,8,10,10,10,10,10,11,10,13,13,10,10,10,10,10,10,10,8,14,14,14,15,10,10,10,10,5,9,16,10,10,10,3,10,10,10,10,10,10,10,10,10,10,17,17,10,10,10,10,19,19,18,18,18,19,19,18,8,8,8,8,8,8,8,8","0.00776219367980957","infomap","edit-xhwikibooks.graphml"
"0.23","0.34","0.43","0.342501408276367","1,1,2,2,2,3,2,3,4,5,6,2,7,3,4,3,5,8,6,2,9,10,11,7,3,12,4,13,14,5,8,15,16,2,17,18,19,17,9,9,9,9,10,10,10,10,9,10,10,10,9,9,9,9,9,10,10,10,10,9,11,9,9,7,3,9,9,9,9,9,10,9,12,12,9,9,9,9,9,9,9,4,13,13,13,14,9,9,9,9,5,8,15,9,9,9,20,9,9,9,9,9,9,9,9,9,9,16,16,9,9,9,9,17,18,18,18,17,18,18,17,19,19,19,19,19,19,19,19","0.00610685348510742","infomap","edit-xhwikibooks.graphml"
"0.22","0.35","0.43","0.34933076070992","1,1,2,2,2,3,2,4,5,6,7,2,8,4,5,3,6,9,7,2,10,11,12,8,4,13,4,14,15,6,9,16,17,2,18,5,19,4,10,10,10,10,11,11,11,11,10,11,11,11,10,10,10,10,10,11,11,11,11,10,12,10,10,8,4,10,10,10,10,10,11,10,13,13,10,10,10,10,10,10,10,4,14,14,14,15,10,10,10,10,6,9,16,10,10,10,3,10,10,10,10,10,10,10,10,10,10,17,17,10,10,10,10,18,18,18,18,18,5,18,18,19,19,19,19,19,19,19,19","0.00896000862121582","infomap","edit-xhwikibooks.graphml"
"0.21","0.36","0.43","0.375851126405002","1,2,1,1,3,4,3,4,5,6,7,3,8,9,5,10,6,11,7,3,12,2,13,8,9,9,9,14,15,6,11,16,17,3,18,18,19,5,12,12,12,12,2,2,2,2,12,2,2,2,12,12,12,12,12,2,2,2,2,12,13,12,12,8,9,12,12,12,12,12,2,12,9,9,12,12,12,12,12,12,12,9,14,14,14,15,12,12,12,12,6,11,16,12,12,12,10,12,12,12,12,12,12,12,12,12,12,17,17,12,12,12,12,18,18,18,18,18,18,18,18,19,19,19,19,19,19,19,19","0.00917482376098633","infomap","edit-xhwikibooks.graphml"
"0.2","0.37","0.43","0.337950968252842","1,1,2,2,2,3,2,3,3,4,5,2,6,7,8,3,4,9,5,2,10,11,6,7,12,13,3,14,15,4,9,16,17,2,12,18,19,8,10,10,10,10,11,11,11,11,10,11,11,11,10,10,10,10,10,11,11,11,11,10,6,10,10,7,12,10,10,10,10,10,11,10,13,13,10,10,10,10,10,10,10,3,14,14,14,15,10,10,10,10,4,9,16,10,10,10,3,10,10,10,10,10,10,10,10,10,10,17,17,10,10,10,10,18,12,18,18,18,18,12,12,19,19,19,19,19,19,19,19","0.0105938911437988","infomap","edit-xhwikibooks.graphml"
"0.19","0.38","0.43","0.34257531012741","1,1,2,2,2,3,2,4,3,5,6,2,7,4,3,3,5,8,6,2,9,10,11,7,4,12,3,13,14,5,8,15,16,2,3,17,18,4,9,9,9,9,10,10,10,10,9,10,10,10,9,9,9,9,9,10,10,10,10,9,11,9,9,7,4,9,9,9,9,9,10,9,12,12,9,9,9,9,9,9,9,3,13,13,13,14,9,9,9,9,5,8,15,9,9,9,3,9,9,9,9,9,9,9,9,9,9,16,16,9,9,9,9,17,3,17,17,17,17,17,3,18,18,18,18,18,18,18,18","0.0119459629058838","infomap","edit-xhwikibooks.graphml"
"0.18","0.39","0.43","0.348963990379789","1,1,2,2,2,3,2,4,5,6,7,2,8,4,5,3,6,9,7,2,10,11,12,8,5,5,5,13,14,6,9,15,16,2,17,18,19,5,10,10,10,10,11,11,11,11,10,11,11,11,10,10,10,10,10,11,11,11,11,10,12,10,10,8,5,10,10,10,10,10,11,10,5,5,10,10,10,10,10,10,10,5,13,13,13,14,10,10,10,10,6,9,15,10,10,10,3,10,10,10,10,10,10,10,10,10,10,16,16,10,10,10,10,17,18,17,18,17,18,17,18,19,19,19,19,19,19,19,19","0.00891900062561035","infomap","edit-xhwikibooks.graphml"
"0.17","0.4","0.43","0.346598585178619","1,2,3,3,3,1,3,2,2,4,5,3,6,7,8,1,4,9,5,3,10,11,12,6,8,13,7,14,15,4,9,16,17,3,18,19,8,8,10,10,10,10,11,11,11,11,10,11,11,11,10,10,10,10,10,11,11,11,11,10,12,10,10,6,8,10,10,10,10,10,11,10,13,13,10,10,10,10,10,10,10,7,14,14,14,15,10,10,10,10,4,9,16,10,10,10,20,10,10,10,10,10,10,10,10,10,10,17,17,10,10,10,10,18,18,18,18,18,19,19,18,8,8,8,8,8,8,8,8","0.00743794441223145","infomap","edit-xhwikibooks.graphml"
"0.16","0.41","0.43","0.353299309625772","1,1,2,2,2,3,2,3,4,5,6,2,7,4,4,3,5,8,6,2,9,10,7,11,4,12,4,13,14,5,8,15,16,2,17,18,19,4,9,9,9,9,10,10,10,10,9,10,10,10,9,9,9,9,9,10,10,10,10,9,7,9,9,11,4,9,9,9,9,9,10,9,12,12,9,9,9,9,9,9,9,4,13,13,13,14,9,9,9,9,5,8,15,9,9,9,3,9,9,9,9,9,9,9,9,9,9,16,16,9,9,9,9,18,17,18,17,17,17,18,18,19,19,19,19,19,19,19,19","0.00747895240783691","infomap","edit-xhwikibooks.graphml"
"0.15","0.42","0.43","0.34691316092684","1,1,2,2,2,3,2,4,5,6,7,2,4,8,5,3,6,9,7,2,10,11,12,4,5,13,8,14,15,6,9,16,17,2,18,19,20,8,10,10,10,10,11,11,11,11,10,11,11,11,10,10,10,10,10,11,11,11,11,10,12,10,10,4,5,10,10,10,10,10,11,10,13,13,10,10,10,10,10,10,10,8,14,14,14,15,10,10,10,10,6,9,16,10,10,10,3,10,10,10,10,10,10,10,10,10,10,17,17,10,10,10,10,19,18,18,18,18,19,18,18,20,20,20,20,20,20,20,20","0.00714778900146484","infomap","edit-xhwikibooks.graphml"
"0.14","0.43","0.43","0.336360732658714","1,2,3,3,3,1,3,2,1,4,5,3,6,7,1,8,4,9,5,3,10,11,12,6,7,13,7,14,15,4,9,16,17,3,18,19,20,1,10,10,10,10,11,11,11,11,10,11,11,11,10,10,10,10,10,11,11,11,11,10,12,10,10,6,7,10,10,10,10,10,11,10,13,13,10,10,10,10,10,10,10,7,14,14,14,15,10,10,10,10,4,9,16,10,10,10,8,10,10,10,10,10,10,10,10,10,10,17,17,10,10,10,10,19,18,19,1,18,1,18,19,20,20,20,20,20,20,20,20","0.00765013694763184","infomap","edit-xhwikibooks.graphml"
"0.13","0.44","0.43","0.342395334975851","1,2,3,3,3,1,3,4,5,6,7,3,8,4,5,1,6,9,7,3,10,11,8,12,5,13,5,14,2,6,9,7,15,3,16,17,18,5,10,10,10,10,11,11,11,11,10,11,11,11,10,10,10,10,10,11,11,11,11,10,19,10,10,12,5,10,10,10,10,10,11,10,13,13,10,10,10,10,10,10,10,5,14,14,14,20,10,10,10,10,21,22,23,10,10,10,1,10,10,10,10,10,10,10,10,10,10,15,15,10,10,10,10,17,16,17,17,17,16,16,17,18,18,18,18,18,18,18,18","0.0099940299987793","infomap","edit-xhwikibooks.graphml"
"0.12","0.45","0.43","0.331521924561581","1,1,2,2,2,3,2,3,3,4,5,2,6,7,3,3,4,8,5,2,9,10,6,7,3,11,3,12,1,4,8,5,13,2,14,15,16,3,9,9,9,9,10,10,10,10,9,10,10,10,9,9,9,9,9,10,10,10,10,9,17,9,9,7,3,9,9,9,9,9,10,9,11,11,9,9,9,9,9,9,9,3,12,12,12,18,9,9,9,9,19,20,21,9,9,9,3,9,9,9,9,9,9,9,9,9,9,13,13,9,9,9,9,15,14,15,15,14,14,15,15,16,3,3,16,3,3,16,16","0.00868892669677734","infomap","edit-xhwikibooks.graphml"
"0.11","0.46","0.43","0.343387094539038","1,1,2,2,2,3,2,3,4,5,6,2,7,8,4,3,5,6,9,2,10,11,7,8,4,8,8,12,1,5,6,9,13,2,9,14,15,4,10,10,10,10,11,11,11,11,10,11,11,11,10,10,10,10,10,11,11,11,11,10,16,10,10,8,4,10,10,10,10,10,11,10,8,8,10,10,10,10,10,10,10,8,12,12,12,17,10,10,10,10,18,19,20,10,10,10,3,10,10,10,10,10,10,10,10,10,10,13,13,10,10,10,10,14,14,14,14,14,9,9,9,15,15,15,15,15,15,15,15","0.00756502151489258","infomap","edit-xhwikibooks.graphml"
"0.1","0.47","0.43","0.34996733908373","1,1,1,1,2,3,2,3,3,4,5,2,6,3,7,3,4,8,5,2,1,9,6,7,3,10,7,11,12,4,8,5,13,2,14,14,15,7,1,1,1,1,9,9,9,9,1,9,9,9,1,1,1,1,1,9,9,9,9,1,16,1,1,7,3,1,1,1,1,1,9,1,10,10,1,1,1,1,1,1,1,7,11,11,11,17,1,1,1,1,18,19,20,1,1,1,3,1,1,1,1,1,1,1,1,1,1,13,13,1,1,1,1,14,14,14,14,14,14,14,14,15,15,15,15,15,15,15,15","0.0103578567504883","infomap","edit-xhwikibooks.graphml"
"0.09","0.48","0.43","0.337414888056351","1,1,2,2,2,3,2,3,3,4,5,2,6,7,8,3,4,9,5,2,10,11,6,3,7,8,3,12,1,4,9,5,13,2,14,15,16,8,10,10,10,10,11,11,11,11,10,11,11,11,10,10,10,10,10,11,11,11,11,10,17,10,10,3,7,10,10,10,10,10,11,10,8,8,10,10,10,10,10,10,10,3,12,12,12,18,10,10,10,10,19,20,21,10,10,10,22,10,10,10,10,10,10,10,10,10,10,13,13,10,10,10,10,15,14,15,14,14,15,14,14,16,16,16,16,16,16,16,16","0.0065159797668457","infomap","edit-xhwikibooks.graphml"
"0.08","0.49","0.43","0.331210955579452","1,2,1,3,4,3,4,2,5,6,7,4,8,9,10,3,6,11,7,4,12,13,8,10,10,5,9,14,2,6,11,7,15,4,5,16,17,9,12,12,12,12,13,13,13,13,12,13,13,13,12,12,12,12,12,13,13,13,13,12,18,12,12,10,19,12,12,12,12,12,13,12,5,5,12,12,12,12,12,12,12,9,14,14,14,20,12,12,12,12,21,22,23,12,12,12,3,12,12,12,12,12,12,12,12,12,12,15,15,12,12,12,12,16,5,16,16,5,16,16,16,17,17,17,17,17,17,17,17","0.00751996040344238","infomap","edit-xhwikibooks.graphml"
"0.07","0.5","0.43","0.369085446037694","1,1,1,1,2,1,2,3,4,5,6,2,7,3,4,1,5,8,6,2,9,10,7,7,3,4,3,11,12,5,8,6,13,2,14,15,16,4,9,9,9,9,10,10,10,10,9,10,10,10,9,9,9,9,9,10,10,10,10,9,17,9,9,7,3,9,9,9,9,9,10,9,4,4,9,9,9,9,9,9,9,3,11,11,11,18,9,9,9,9,19,20,21,9,9,9,22,9,9,9,9,9,9,9,9,9,9,13,13,9,9,9,9,14,14,14,15,14,14,15,14,16,16,16,16,16,16,16,16","0.00781798362731934","infomap","edit-xhwikibooks.graphml"
"0.06","0.51","0.43","0.354041864193019","1,2,1,1,3,4,3,4,5,6,7,3,8,5,4,9,6,10,7,3,11,12,8,8,4,5,5,13,2,6,10,7,14,3,15,16,17,4,11,11,11,11,12,12,12,12,11,12,12,12,11,11,11,11,11,12,12,12,12,11,18,11,11,8,4,11,11,11,11,11,12,11,5,5,11,11,11,11,11,11,11,5,13,13,13,19,11,11,11,11,20,21,22,11,11,11,9,11,11,11,11,11,11,11,11,11,11,14,14,11,11,11,11,16,15,16,15,16,15,16,15,4,4,17,4,17,4,17,17","0.00602507591247559","infomap","edit-xhwikibooks.graphml"
"0.05","0.52","0.43","0.375087611045657","1,2,1,3,4,3,4,5,3,6,7,4,8,5,5,3,6,7,9,4,10,2,8,8,5,11,5,12,2,6,7,9,13,4,9,14,15,3,10,10,10,10,2,2,2,2,10,2,2,2,10,10,10,10,10,2,2,2,2,10,16,10,10,8,5,10,10,10,10,10,2,10,11,11,10,10,10,10,10,10,10,5,12,12,12,17,10,10,10,10,18,19,20,10,10,10,3,10,10,10,10,10,10,10,10,10,10,13,13,10,10,10,10,14,9,9,9,9,9,9,14,15,15,15,15,15,15,15,15","0.010455846786499","infomap","edit-xhwikibooks.graphml"
"0.04","0.53","0.43","0.357639194064597","1,2,1,3,4,3,4,3,5,6,7,4,3,8,9,3,6,10,7,4,2,11,3,8,5,9,9,12,2,6,10,7,13,4,5,14,15,5,2,2,2,2,11,11,11,11,2,11,11,11,2,2,2,2,2,11,11,11,11,2,16,2,2,8,5,2,2,2,2,2,11,2,9,9,2,2,2,2,2,2,2,9,12,12,12,17,2,2,2,2,18,19,20,2,2,2,3,2,2,2,2,2,2,2,2,2,2,13,13,2,2,2,2,14,5,14,14,14,14,14,5,15,15,15,15,15,15,15,15","0.00885009765625","infomap","edit-xhwikibooks.graphml"
"0.03","0.54","0.43","0.366821605949411","1,2,3,3,3,1,3,4,5,6,7,3,8,4,5,1,6,9,7,3,10,11,8,8,5,5,4,12,2,6,9,7,13,3,14,15,16,4,10,10,10,10,11,11,11,11,10,11,11,11,10,10,10,10,10,11,11,11,11,10,17,10,10,8,5,10,10,10,10,10,11,10,5,5,10,10,10,10,10,10,10,4,12,12,12,18,10,10,10,10,19,20,21,10,10,10,1,10,10,10,10,10,10,10,10,10,10,13,13,10,10,10,10,14,14,15,14,15,15,15,14,16,16,16,16,16,16,16,16","0.0091860294342041","infomap","edit-xhwikibooks.graphml"
"0.02","0.55","0.43","0.372099267723402","1,1,2,2,2,3,2,3,3,4,5,2,6,7,8,3,4,5,9,2,10,1,6,6,7,8,8,11,1,4,5,9,12,2,13,9,14,7,10,10,10,10,1,1,1,1,10,1,1,1,10,10,10,10,10,1,1,1,1,10,15,10,10,7,7,10,10,10,10,10,1,10,8,8,10,10,10,10,10,10,10,8,11,11,11,16,10,10,10,10,17,18,19,10,10,10,3,10,10,10,10,10,10,10,10,10,10,12,12,10,10,10,10,13,9,13,13,13,13,9,9,14,14,14,14,14,14,14,14","0.00720691680908203","infomap","edit-xhwikibooks.graphml"
"0.01","0.56","0.43","-0.0561399115562896","1,2,1,1,3,4,3,4,5,6,7,3,4,5,8,9,6,10,7,3,11,12,4,4,8,5,8,13,2,6,10,7,14,3,15,16,17,5,2,2,2,2,12,12,12,12,2,12,12,12,2,2,2,2,2,12,12,12,12,2,18,2,2,4,8,2,2,11,2,2,12,2,5,5,2,2,2,2,2,2,2,8,13,13,13,19,2,2,2,2,20,21,22,2,2,2,9,2,2,2,2,2,2,2,2,2,2,14,14,2,2,2,2,15,15,15,15,15,16,15,15,17,17,17,17,17,17,17,17","0.00896596908569336","infomap","edit-xhwikibooks.graphml"
"0","0.57","0.43","0.374155030007099","1,2,1,1,3,4,3,5,4,6,7,3,8,5,4,4,6,9,7,3,10,2,8,8,5,5,4,11,1,6,9,7,12,3,13,14,15,4,10,10,10,10,2,2,2,2,10,2,2,2,10,10,10,10,10,2,2,2,2,10,16,10,10,8,5,10,10,10,10,10,2,10,5,5,10,10,10,10,10,10,10,4,11,11,11,17,10,10,10,10,18,19,20,10,10,10,4,10,10,10,10,10,10,10,10,10,10,12,12,10,10,10,10,14,14,13,13,14,13,14,13,15,15,15,15,15,15,15,15","0.0122509002685547","infomap","edit-xhwikibooks.graphml"
"0.56","0","0.44","0.338016674460708","1,2,1,1,1,3,4,2,3,5,4,6,2,7,8,9,5,10,11,6,12,13,14,7,7,15,8,9,16,5,10,17,18,6,19,11,20,7,12,12,12,12,13,13,13,13,12,13,13,13,12,12,12,12,12,13,13,13,13,12,14,12,12,7,7,12,12,12,12,12,13,12,15,15,12,12,12,12,12,12,12,8,9,9,9,16,12,12,12,12,5,10,17,12,12,12,9,12,12,12,12,12,12,12,12,12,12,18,18,12,12,12,12,11,11,19,19,11,11,19,19,20,20,20,20,20,20,20,20","0.00703811645507812","infomap","edit-xhwikibooks.graphml"
"0.55","0.01","0.44","0.338633813584615","1,1,2,2,2,3,4,1,3,5,4,6,7,8,9,10,5,11,4,6,12,13,14,7,9,8,3,10,15,5,11,16,17,6,18,19,20,8,12,12,12,12,13,13,13,13,12,13,13,13,12,12,12,12,12,13,13,13,13,12,14,12,12,7,9,12,12,12,12,12,13,12,8,8,12,12,12,12,12,12,12,3,10,10,10,15,12,12,12,12,5,11,16,12,12,12,10,12,12,12,12,12,12,12,12,12,12,17,17,12,12,12,12,18,18,18,19,18,18,18,18,20,20,20,20,20,20,20,20","0.00596094131469727","infomap","edit-xhwikibooks.graphml"
"0.54","0.02","0.44","0.336978976304518","1,1,2,3,2,4,5,3,6,7,8,5,9,3,6,4,7,10,8,11,12,13,14,9,3,3,3,15,16,7,10,17,18,11,19,20,21,3,12,12,12,12,13,13,13,13,12,13,13,13,12,12,12,12,12,13,13,13,13,12,14,12,12,9,3,12,12,12,12,12,13,12,3,3,12,12,12,12,12,12,12,3,15,15,15,16,12,12,12,12,7,10,17,12,12,12,4,12,12,12,12,12,12,12,12,12,12,18,18,12,12,12,12,19,19,20,19,20,19,19,19,21,21,21,21,21,21,21,21","0.0074012279510498","infomap","edit-xhwikibooks.graphml"
"0.53","0.03","0.44","0.328127257775247","1,1,2,2,3,4,3,5,4,6,3,7,5,8,4,4,6,9,10,7,11,12,13,8,4,14,8,15,16,6,9,17,18,7,10,19,20,8,11,11,11,11,12,12,12,12,11,12,12,12,11,11,11,11,11,12,12,12,12,11,13,11,11,8,4,11,11,11,11,11,12,11,14,14,11,11,11,11,11,11,11,8,15,15,15,16,11,11,11,11,6,9,17,11,11,11,21,11,11,11,11,11,11,11,11,11,11,18,18,11,11,11,11,19,19,19,10,19,4,19,4,20,20,20,20,20,20,20,20","0.00576496124267578","infomap","edit-xhwikibooks.graphml"
"0.52","0.04","0.44","0.34153791149946","1,1,2,2,2,3,4,5,3,6,7,4,8,5,9,10,6,11,7,12,13,14,15,8,9,9,9,10,16,6,11,17,18,12,19,20,21,9,13,13,13,13,14,14,14,14,13,14,14,14,13,13,13,13,13,14,14,14,14,13,15,13,13,8,9,13,13,13,13,13,14,13,9,9,13,13,13,13,13,13,13,9,10,10,10,16,13,13,13,13,6,11,17,13,13,13,10,13,13,13,13,13,13,13,13,13,13,18,18,13,13,13,13,19,19,19,20,20,19,20,19,21,21,21,21,21,21,21,21","0.00568604469299316","infomap","edit-xhwikibooks.graphml"
"0.51","0.05","0.44","0.330976038895358","1,1,2,2,3,4,3,5,4,6,7,8,5,5,9,10,6,11,7,8,12,13,14,9,5,15,5,10,16,6,11,17,18,12,19,20,21,9,12,12,12,12,13,13,13,13,12,13,13,13,12,12,12,12,12,13,13,13,13,12,14,12,12,9,5,12,12,12,12,12,13,12,15,15,12,12,12,12,12,12,12,5,10,10,10,16,12,12,12,12,6,11,17,12,12,12,10,12,12,12,12,12,12,12,12,12,12,18,18,12,12,12,12,20,20,20,19,20,20,20,19,21,21,21,21,21,21,21,21","0.0107340812683105","infomap","edit-xhwikibooks.graphml"
"0.5","0.06","0.44","0.338920485936982","1,2,1,3,1,3,4,2,5,6,4,4,7,8,5,3,6,9,10,11,12,13,14,7,8,15,15,16,17,6,9,18,19,11,20,10,5,5,12,12,12,12,13,13,13,13,12,13,13,13,12,12,12,12,12,13,13,13,13,12,14,12,12,7,8,12,12,12,12,12,13,12,15,15,12,12,12,12,12,12,12,15,16,16,16,17,12,12,12,12,6,9,18,12,12,12,3,12,12,12,12,12,12,12,12,12,12,19,19,12,12,12,12,20,10,20,10,20,20,20,10,5,5,5,5,5,5,5,5","0.00693702697753906","infomap","edit-xhwikibooks.graphml"
"0.49","0.07","0.44","0.338121422990151","1,1,2,2,2,3,4,5,3,6,4,7,8,5,9,3,6,10,11,7,12,13,14,8,9,15,9,16,17,6,10,18,19,7,20,11,21,5,12,12,12,12,13,13,13,13,12,13,13,13,12,12,12,12,12,13,13,13,13,12,14,12,12,8,9,12,12,12,12,12,13,12,15,15,12,12,12,12,12,12,12,9,16,16,16,17,12,12,12,12,6,10,18,12,12,12,3,12,12,12,12,12,12,12,12,12,12,19,19,12,12,12,12,20,20,20,20,20,11,20,11,21,21,21,21,21,21,21,21","0.00563192367553711","infomap","edit-xhwikibooks.graphml"
"0.48","0.08","0.44","0.339712195080609","1,1,2,2,3,4,3,1,4,5,3,6,1,7,4,8,5,9,10,6,11,12,13,7,7,14,4,8,15,5,9,16,17,11,10,18,19,7,11,11,11,11,12,12,12,12,11,12,12,12,11,11,11,11,11,12,12,12,12,11,13,11,11,7,7,11,11,11,11,11,12,11,14,14,11,11,11,11,11,11,11,4,8,8,8,15,11,11,11,11,5,9,16,11,11,11,20,11,11,11,11,11,11,11,11,11,11,17,17,11,11,11,11,18,18,18,10,10,10,18,10,19,19,19,19,19,19,19,19","0.00556015968322754","infomap","edit-xhwikibooks.graphml"
"0.47","0.09","0.44","0.318195602245322","1,1,2,2,2,3,4,3,5,6,4,4,7,5,8,9,6,10,11,12,13,14,15,7,5,16,5,9,17,6,10,18,19,12,11,20,21,8,13,13,13,13,14,14,14,14,13,14,14,14,13,13,13,13,13,14,14,14,14,13,15,13,13,7,5,13,13,13,13,13,14,13,16,16,13,13,13,13,13,13,13,5,9,9,9,17,13,13,13,13,6,10,18,13,13,13,9,13,13,13,13,13,13,13,13,13,13,19,19,13,13,13,13,8,8,8,11,8,20,8,11,21,21,21,21,21,21,21,21","0.0057518482208252","infomap","edit-xhwikibooks.graphml"
"0.46","0.1","0.44","0.321730053770906","1,2,1,1,3,1,3,2,4,5,6,3,7,8,4,9,5,10,6,11,12,13,14,7,4,15,8,9,16,5,10,17,18,11,19,20,21,8,12,12,12,12,13,13,13,13,12,13,13,13,12,12,12,12,12,13,13,13,13,12,14,12,12,7,4,12,12,12,12,12,13,12,15,15,12,12,12,12,12,12,12,8,9,9,9,16,12,12,12,12,5,10,17,12,12,12,22,12,12,12,12,12,12,12,12,12,12,18,18,12,12,12,12,19,20,20,19,19,20,19,20,21,4,4,4,21,21,4,21","0.0056450366973877","infomap","edit-xhwikibooks.graphml"
"0.45","0.11","0.44","0.332664057918044","1,2,1,1,1,1,3,4,4,5,6,3,7,4,8,1,5,9,6,3,2,10,11,7,8,12,8,13,14,5,9,15,16,3,17,18,19,8,2,2,2,2,10,10,10,10,2,10,10,10,2,2,2,2,2,10,10,10,10,2,11,2,2,7,8,2,2,2,2,2,10,2,12,8,2,2,2,2,2,2,2,8,13,13,13,14,2,2,2,2,5,9,15,2,2,2,20,2,2,2,2,2,2,2,2,2,2,16,16,2,2,2,2,18,17,17,18,17,18,17,17,19,19,19,19,19,19,19,19","0.0054478645324707","infomap","edit-xhwikibooks.graphml"
"0.44","0.12","0.44","0.331354416661033","1,1,2,2,2,3,4,1,3,5,4,6,7,8,9,3,5,10,11,6,6,12,13,7,8,3,8,14,15,5,10,16,17,6,11,18,19,9,6,6,6,6,12,12,12,12,6,12,12,12,6,6,6,6,6,12,12,12,12,6,13,6,6,7,8,6,6,6,6,6,12,6,3,3,6,6,6,6,6,6,6,8,14,14,14,15,6,6,6,6,5,10,16,6,6,6,20,6,6,6,6,6,6,6,6,6,6,17,17,6,6,6,6,11,11,11,18,9,11,11,11,19,19,19,19,19,19,19,19","0.00972890853881836","infomap","edit-xhwikibooks.graphml"
"0.43","0.13","0.44","0.341458062212683","1,1,2,2,2,3,4,3,5,6,7,4,3,8,9,3,6,10,7,4,11,1,12,8,9,5,9,13,14,6,10,15,16,11,17,18,19,9,11,11,11,11,1,1,1,1,11,1,1,1,11,11,11,11,11,1,1,1,1,11,12,11,11,8,9,11,11,11,11,11,1,11,5,5,11,11,11,11,11,11,11,9,13,13,13,14,11,11,11,11,6,10,15,11,11,11,3,11,11,11,11,11,11,11,11,11,11,16,16,11,11,11,11,18,17,18,18,17,17,17,17,19,19,19,19,19,19,19,19","0.00705599784851074","infomap","edit-xhwikibooks.graphml"
"0.42","0.14","0.44","0.333495829671444","1,1,2,2,3,4,3,4,5,6,7,3,8,9,5,10,6,11,7,12,13,14,15,8,9,16,17,10,18,6,11,19,20,12,17,21,22,17,13,13,13,13,14,14,14,14,13,14,14,14,13,13,13,13,13,14,14,14,14,13,15,13,13,8,9,13,13,13,13,13,14,13,16,16,13,13,13,13,13,13,13,17,10,10,10,18,13,13,13,13,6,11,19,13,13,13,10,13,13,13,13,13,13,13,13,13,13,20,20,13,13,13,13,21,17,17,17,21,21,17,17,22,22,22,22,22,22,22,22","0.00888705253601074","infomap","edit-xhwikibooks.graphml"
"0.41","0.15","0.44","0.339787320530006","1,1,2,3,2,3,4,5,6,7,4,8,9,5,6,10,7,11,12,8,13,14,15,9,6,16,6,10,17,7,11,18,19,13,20,12,21,5,13,13,13,13,14,14,14,14,13,14,14,14,13,13,13,13,13,14,14,14,14,13,15,13,13,9,6,13,13,13,13,13,14,13,16,16,13,13,13,13,13,13,13,6,10,10,10,17,13,13,13,13,7,11,18,13,13,13,10,13,13,13,13,13,13,13,13,13,13,19,19,13,13,13,13,12,20,12,20,12,20,20,20,21,21,21,21,21,21,21,21","0.00562095642089844","infomap","edit-xhwikibooks.graphml"
"0.4","0.16","0.44","0.340267275782399","1,1,2,2,2,3,4,5,3,6,7,4,8,5,9,10,6,11,7,12,12,13,14,8,9,9,5,10,15,6,11,16,17,12,18,19,20,5,12,12,12,12,13,13,13,13,12,13,13,13,12,12,12,12,12,13,13,13,13,12,14,12,12,8,9,12,12,12,12,12,13,12,9,9,12,12,12,12,12,12,12,5,10,10,10,15,12,12,12,12,6,11,16,12,12,12,10,12,12,12,12,12,12,12,12,12,12,17,17,12,12,12,12,19,18,19,18,18,18,18,18,20,20,20,20,20,20,20,20","0.00712203979492188","infomap","edit-xhwikibooks.graphml"
"0.39","0.17","0.44","0.328535008264463","1,1,2,3,2,3,4,5,3,6,4,7,8,5,9,10,6,11,12,7,13,14,15,8,9,16,5,10,17,6,11,18,19,7,20,12,21,9,13,13,13,13,14,14,14,14,13,14,14,14,13,13,13,13,13,14,14,14,14,13,15,13,13,8,9,13,13,13,13,13,14,13,16,16,13,13,13,13,13,13,13,5,10,10,10,17,13,13,13,13,6,11,18,13,13,13,10,13,13,13,13,13,13,13,13,13,13,19,19,13,13,13,13,12,9,12,9,20,12,12,9,21,21,21,21,21,21,21,21","0.0100290775299072","infomap","edit-xhwikibooks.graphml"
"0.38","0.18","0.44","0.33766320661157","1,1,2,2,2,3,4,3,5,6,4,7,3,8,5,9,6,10,11,7,12,13,14,3,5,15,8,9,16,6,10,17,18,7,19,11,20,11,12,12,12,12,13,13,13,13,12,13,13,13,12,12,12,12,12,13,13,13,13,12,14,12,12,3,5,12,12,12,12,12,13,12,15,15,12,12,12,12,12,12,12,8,9,9,9,16,12,12,12,12,6,10,17,12,12,12,21,12,12,12,12,12,12,12,12,12,12,18,18,12,12,12,12,11,19,11,19,19,19,19,19,20,20,20,20,20,20,20,20","0.00536704063415527","infomap","edit-xhwikibooks.graphml"
"0.37","0.19","0.44","0.331954998842378","1,1,2,2,2,3,4,3,5,6,7,4,3,8,5,9,6,10,7,4,11,12,13,8,14,15,15,9,16,6,10,17,18,11,19,14,20,15,11,11,11,11,12,12,12,12,11,12,12,12,11,11,11,11,11,12,12,12,12,11,13,11,11,8,14,11,11,11,11,11,12,11,15,15,11,11,11,11,11,11,11,15,9,9,9,16,11,11,11,11,6,10,17,11,11,11,9,11,11,11,11,11,11,11,11,11,11,18,18,11,11,11,11,19,19,19,19,14,14,14,14,20,20,20,20,20,20,20,20","0.00851011276245117","infomap","edit-xhwikibooks.graphml"
"0.36","0.2","0.44","0.337841895499729","1,1,2,2,2,2,3,4,5,6,3,7,8,4,5,2,6,9,3,7,10,11,12,8,4,13,5,14,15,6,9,16,17,10,18,19,20,4,10,10,10,10,11,11,11,11,10,11,11,11,10,10,10,10,10,11,11,11,11,10,12,10,10,8,4,10,10,10,10,10,11,10,13,13,10,10,10,10,10,10,10,5,14,14,14,15,10,10,10,10,6,9,16,10,10,10,21,10,10,10,10,10,10,10,10,10,10,17,17,10,10,10,10,19,19,19,19,19,19,19,18,20,20,20,20,20,20,20,20","0.00560712814331055","infomap","edit-xhwikibooks.graphml"
"0.35","0.21","0.44","0.208155090694516","1,1,2,3,2,3,4,5,3,6,7,4,5,8,9,3,6,10,7,4,11,12,13,5,9,8,9,14,15,6,10,16,17,11,18,19,20,9,1,1,1,1,12,12,12,12,1,12,12,12,11,1,11,11,11,12,12,12,12,11,13,11,11,5,9,11,1,11,1,11,12,1,8,8,11,11,1,1,1,1,11,9,14,14,14,15,11,1,11,1,6,10,16,1,11,11,3,1,1,11,1,11,11,11,11,1,11,17,17,11,11,11,11,18,18,18,19,18,18,19,19,20,20,20,20,20,20,20,20","0.00843906402587891","infomap","edit-xhwikibooks.graphml"
"0.34","0.22","0.44","0.335901828298045","1,1,2,2,3,4,3,5,4,6,7,3,8,5,9,4,6,10,7,11,12,13,14,8,15,15,5,16,17,6,10,18,19,11,20,21,22,9,12,12,12,12,13,13,13,13,12,13,13,13,12,12,12,12,12,13,13,13,13,12,14,12,12,8,15,12,12,12,12,12,13,12,15,15,12,12,12,12,12,12,12,5,16,16,16,17,12,12,12,12,6,10,18,12,12,12,4,12,12,12,12,12,12,12,12,12,12,19,19,12,12,12,12,21,20,20,21,21,20,21,21,22,22,22,22,22,22,22,22","0.00745606422424316","infomap","edit-xhwikibooks.graphml"
"0.33","0.23","0.44","0.338552914912435","1,2,1,3,1,3,4,2,3,5,6,4,7,7,8,9,5,10,6,4,11,12,13,7,8,14,7,9,15,5,10,16,17,11,18,19,20,8,11,11,11,11,12,12,12,12,11,12,12,12,11,11,11,11,11,12,12,12,12,11,13,11,11,7,8,11,11,11,11,11,12,11,14,14,11,11,11,11,11,11,11,7,9,9,9,15,11,11,11,11,5,10,16,11,11,11,9,11,11,11,11,11,11,11,11,11,11,17,17,11,11,11,11,19,19,18,18,18,18,19,18,20,20,20,20,20,20,20,20","0.00550580024719238","infomap","edit-xhwikibooks.graphml"
"0.32","0.24","0.44","0.350628053109089","1,1,2,2,2,3,4,5,3,6,7,4,5,8,8,3,6,9,7,4,10,11,12,13,8,14,8,15,16,6,9,17,18,4,19,8,20,8,10,10,10,10,11,11,11,11,10,11,11,11,10,10,10,10,10,11,11,11,11,10,12,10,10,13,8,10,10,10,10,10,11,10,14,14,10,10,10,10,10,10,10,8,15,15,15,16,10,10,10,10,6,9,17,10,10,10,3,10,10,10,10,10,10,10,10,10,10,18,18,10,10,10,10,8,19,19,8,8,19,8,19,20,20,20,20,20,20,20,20","0.00562500953674316","infomap","edit-xhwikibooks.graphml"
"0.31","0.25","0.44","0.334470376831748","1,2,1,1,1,1,3,4,5,6,7,3,4,8,5,9,6,10,7,3,11,2,12,8,5,13,4,14,15,6,10,16,17,11,18,19,20,5,11,11,11,11,2,2,2,2,11,2,2,2,11,11,11,11,11,2,2,2,2,11,12,11,11,8,5,11,11,11,11,11,2,11,13,13,11,11,11,11,11,11,11,4,14,14,14,15,11,11,11,11,6,10,16,11,11,11,9,11,11,11,11,11,11,11,11,11,11,17,17,11,11,11,11,5,5,19,18,19,19,19,19,20,20,20,20,20,20,20,20","0.00551414489746094","infomap","edit-xhwikibooks.graphml"
"0.3","0.26","0.44","0.337045610191819","1,1,2,3,2,3,4,1,5,6,4,7,1,8,5,9,6,10,11,7,12,13,14,15,16,17,16,9,18,6,10,19,20,7,11,16,8,17,12,12,12,12,13,13,13,13,12,13,13,13,12,12,12,12,12,13,13,13,13,12,14,12,12,15,16,12,12,12,12,12,13,12,17,17,12,12,12,12,12,12,12,16,9,9,9,18,12,12,12,12,6,10,19,12,12,12,9,12,12,12,12,12,12,12,12,12,12,20,20,12,12,12,12,16,16,11,16,11,11,11,11,8,8,8,8,8,8,8,8","0.0073249340057373","infomap","edit-xhwikibooks.graphml"
"0.29","0.27","0.44","0.339989444606173","1,2,1,2,1,2,3,2,2,4,5,3,2,6,7,8,4,9,5,3,10,11,12,13,7,14,14,15,16,4,9,17,18,3,19,6,20,7,10,10,10,10,11,11,11,11,10,11,11,11,10,10,10,10,10,11,11,11,11,10,12,10,10,13,7,10,10,10,10,10,11,10,14,14,10,10,10,10,10,10,10,14,15,15,15,16,10,10,10,10,4,9,17,10,10,10,8,10,10,10,10,10,10,10,10,10,10,18,18,10,10,10,10,6,6,19,19,6,6,6,6,20,20,20,20,20,20,20,20","0.00702095031738281","infomap","edit-xhwikibooks.graphml"
"0.28","0.28","0.44","0.335481879176385","1,1,2,2,2,3,4,5,3,6,4,7,8,5,9,10,6,11,12,7,13,14,15,8,16,17,5,10,18,6,11,19,20,13,16,12,21,9,13,13,13,13,14,14,14,14,13,14,14,14,13,13,13,13,13,14,14,14,14,13,15,13,13,8,16,13,13,13,13,13,14,13,17,17,13,13,13,13,13,13,13,5,10,10,10,18,13,13,13,13,6,11,19,13,13,13,10,13,13,13,13,13,13,13,13,13,13,20,20,13,13,13,13,12,12,12,16,12,12,16,16,21,21,21,21,21,21,21,21","0.00921010971069336","infomap","edit-xhwikibooks.graphml"
"0.27","0.29","0.44","0.329513664845259","1,1,2,3,2,3,4,5,6,7,4,8,5,6,9,10,7,11,12,8,13,1,14,15,6,16,6,10,17,7,11,18,19,13,12,20,21,9,13,13,13,13,1,1,1,1,13,1,1,1,13,13,13,13,13,1,1,1,1,13,14,13,13,15,6,13,13,13,13,13,1,13,16,16,13,13,13,13,13,13,13,6,10,10,10,17,13,13,13,13,7,11,18,13,13,13,10,13,13,13,13,13,13,13,13,13,13,19,19,13,13,13,13,20,20,20,20,12,20,20,12,21,21,21,21,21,21,21,21","0.00578498840332031","infomap","edit-xhwikibooks.graphml"
"0.26","0.3","0.44","0.304515893227819","1,2,1,3,1,3,4,2,5,6,7,4,8,5,9,10,6,11,7,12,12,13,14,8,5,15,9,10,16,6,11,17,18,12,19,20,21,5,12,12,12,12,13,13,13,13,12,13,13,13,12,12,12,12,12,13,13,13,13,12,14,12,12,8,5,12,12,12,12,12,13,12,15,15,12,12,12,12,12,12,12,9,10,10,10,16,12,12,12,12,6,11,17,12,12,12,10,12,12,12,12,12,12,12,12,12,12,18,18,12,12,12,12,20,19,19,19,19,19,20,19,9,9,9,9,9,9,9,21","0.00714993476867676","infomap","edit-xhwikibooks.graphml"
"0.25","0.31","0.44","0.330809853886666","1,1,2,2,2,3,4,5,3,6,7,4,8,5,9,3,6,10,7,11,12,13,14,8,9,15,5,16,17,6,10,18,19,11,20,21,22,9,12,12,12,12,13,13,13,13,12,13,13,13,12,12,12,12,12,13,13,13,13,12,14,12,12,8,9,12,12,12,12,12,13,12,15,15,12,12,12,12,12,12,12,5,16,16,16,17,12,12,12,12,6,10,18,12,12,12,3,12,12,12,12,12,12,12,12,12,12,19,19,12,12,12,12,20,21,21,21,20,20,21,21,22,22,22,22,22,22,22,22","0.00885581970214844","infomap","edit-xhwikibooks.graphml"
"0.24","0.32","0.44","0.332081357557675","1,1,2,3,2,3,4,1,3,5,6,4,7,8,9,10,5,11,6,12,13,14,15,7,9,16,8,10,17,5,11,18,19,12,20,21,22,9,13,13,13,13,14,14,14,14,13,14,14,14,13,13,13,13,13,14,14,14,14,13,15,13,13,7,9,13,13,13,13,13,14,13,16,16,13,13,13,13,13,13,13,8,10,10,10,17,13,13,13,13,5,11,18,13,13,13,10,13,13,13,13,13,13,13,13,13,13,19,19,13,13,13,13,20,20,21,21,21,20,20,20,22,22,22,22,22,22,22,22","0.00593090057373047","infomap","edit-xhwikibooks.graphml"
"0.23","0.33","0.44","0.328628198936661","1,1,2,2,2,3,2,3,3,4,5,2,6,3,7,8,4,9,5,2,10,11,12,6,3,7,7,13,14,4,9,15,16,2,17,18,19,3,10,10,10,10,11,11,11,11,10,11,11,11,10,10,10,10,10,11,11,11,11,10,12,10,10,6,3,10,10,10,10,10,11,10,7,7,10,10,10,10,10,10,10,7,13,13,13,14,10,10,10,10,4,9,15,10,10,10,8,10,10,10,10,10,10,10,10,10,10,16,16,10,10,10,10,17,17,18,18,17,18,17,17,19,19,19,19,19,19,19,19","0.00920701026916504","infomap","edit-xhwikibooks.graphml"
"0.22","0.34","0.44","0.328682445211612","1,2,1,1,3,4,3,5,4,6,7,3,8,5,9,4,6,10,7,3,11,2,12,8,4,13,9,14,15,6,10,16,17,3,18,19,4,4,11,11,11,11,2,2,2,2,11,2,2,2,11,11,11,11,11,2,2,2,2,11,12,11,11,8,4,11,11,11,11,11,2,11,13,13,11,11,11,11,11,11,11,9,14,14,14,15,11,11,11,11,6,10,16,11,11,11,20,11,11,11,11,11,11,11,11,11,11,17,17,11,11,11,11,19,19,19,19,19,18,19,19,4,4,4,4,4,4,4,4","0.010890007019043","infomap","edit-xhwikibooks.graphml"
"0.21","0.35","0.44","0.333981861429922","1,1,2,2,2,3,2,3,4,5,6,2,7,8,4,3,5,9,6,2,10,11,12,7,4,13,8,14,15,5,9,16,17,2,18,19,20,8,10,10,10,10,11,11,11,11,10,11,11,11,10,10,10,10,10,11,11,11,11,10,12,10,10,7,4,10,10,10,10,10,11,10,13,13,10,10,10,10,10,10,10,8,14,14,14,15,10,10,10,10,5,9,16,10,10,10,3,10,10,10,10,10,10,10,10,10,10,17,17,10,10,10,10,18,18,19,19,18,19,19,19,20,20,20,20,20,20,20,20","0.0110340118408203","infomap","edit-xhwikibooks.graphml"
"0.2","0.36","0.44","0.338682489863917","1,2,1,1,3,4,3,2,4,5,6,3,7,8,4,4,5,9,6,3,10,11,12,7,8,4,8,13,14,5,9,15,16,3,6,17,18,4,10,10,10,10,11,11,11,11,10,11,11,11,10,10,10,10,10,11,11,11,11,10,12,10,10,7,8,10,10,10,10,10,11,10,4,4,10,10,10,10,10,10,10,8,13,13,13,14,10,10,10,10,5,9,15,10,10,10,19,10,10,10,10,10,10,10,10,10,10,16,16,10,10,10,10,6,17,17,17,17,6,17,17,18,18,18,18,18,18,18,18","0.00760293006896973","infomap","edit-xhwikibooks.graphml"
"0.19","0.37","0.44","0.337206170473187","1,1,2,2,2,3,2,4,3,5,6,2,7,4,3,3,5,8,6,2,9,10,11,7,3,3,3,12,13,5,8,14,15,2,16,17,18,4,9,9,9,9,10,10,10,10,9,10,10,10,9,9,9,9,9,10,10,10,10,9,11,9,9,7,3,9,9,9,9,9,10,9,3,3,9,9,9,9,9,9,9,3,12,12,12,13,9,9,9,9,5,8,14,9,9,9,19,9,9,9,9,9,9,9,9,9,9,15,15,9,9,9,9,17,17,17,16,17,17,16,17,18,18,18,18,18,18,18,18","0.00762796401977539","infomap","edit-xhwikibooks.graphml"
"0.18","0.38","0.44","0.337173742486588","1,1,2,2,2,3,2,4,3,5,6,2,4,7,8,3,5,9,6,2,10,11,12,4,8,13,7,14,15,5,9,16,17,2,18,19,20,8,10,10,10,10,11,11,11,11,10,11,11,11,10,10,10,10,10,11,11,11,11,10,12,10,10,4,8,10,10,10,10,10,11,10,13,13,10,10,10,10,10,10,10,7,14,14,14,15,10,10,10,10,5,9,16,10,10,10,3,10,10,10,10,10,10,10,10,10,10,17,17,10,10,10,10,18,18,18,18,18,19,18,19,20,20,20,20,20,20,20,20","0.00617599487304688","infomap","edit-xhwikibooks.graphml"
"0.17","0.39","0.44","0.341710472509847","1,2,1,3,4,3,4,5,5,6,7,4,8,5,9,3,6,10,7,4,11,2,12,8,9,9,9,13,14,6,10,15,16,4,17,7,18,5,11,11,11,11,2,2,2,2,11,2,2,2,11,11,11,11,11,2,2,2,2,11,12,11,11,8,9,11,11,11,11,11,2,11,9,19,11,11,11,11,11,11,11,9,13,13,13,14,11,11,11,11,6,10,15,11,11,11,3,11,11,11,11,11,11,11,11,11,11,16,16,11,11,11,11,17,7,17,7,17,17,7,7,18,18,18,18,18,18,18,18","0.00757598876953125","infomap","edit-xhwikibooks.graphml"
"0.16","0.4","0.44","0.33990989009714","1,1,2,3,2,3,2,4,5,6,7,2,4,8,5,3,6,9,7,2,10,11,12,4,8,13,5,14,15,6,9,16,17,2,7,18,19,8,10,10,10,10,11,11,11,11,10,11,11,11,10,10,10,10,10,11,11,11,11,10,12,10,10,4,8,10,10,10,10,10,11,10,13,13,10,10,10,10,10,10,10,5,14,14,14,15,10,10,10,10,6,9,16,10,10,10,3,10,10,10,10,10,10,10,10,10,10,17,17,10,10,10,10,7,7,18,18,7,18,18,18,19,19,19,19,19,19,19,19","0.00888586044311523","infomap","edit-xhwikibooks.graphml"
"0.15","0.41","0.44","0.33247443158343","1,2,1,1,3,4,3,5,1,6,7,3,8,5,9,4,6,10,7,3,11,2,12,8,13,14,9,15,16,6,10,17,18,3,13,19,20,13,11,11,11,11,2,2,2,2,11,2,2,2,11,11,11,11,11,2,2,2,2,11,12,11,11,8,13,11,11,11,11,11,2,11,14,14,11,11,11,11,11,11,11,9,15,15,15,16,11,11,11,11,6,10,17,11,11,11,4,11,11,11,11,11,11,11,11,11,11,18,18,11,11,11,11,13,13,19,19,19,19,13,13,20,20,20,20,20,20,20,20","0.0090329647064209","infomap","edit-xhwikibooks.graphml"
"0.14","0.42","0.44","0.335335933884298","1,2,1,3,4,5,4,3,3,6,7,4,8,9,3,5,6,10,7,4,11,2,12,8,9,13,9,14,15,6,10,16,17,4,18,19,20,9,11,11,11,11,2,2,2,2,11,2,2,2,11,11,11,11,11,2,2,2,2,11,12,11,11,8,9,11,11,11,11,11,2,11,13,13,11,11,11,11,11,11,11,9,14,14,14,15,11,11,11,11,6,10,16,11,11,11,5,11,11,11,11,11,11,11,11,11,11,17,17,11,11,11,11,18,18,19,19,18,19,19,18,20,20,20,20,20,20,20,20","0.0106019973754883","infomap","edit-xhwikibooks.graphml"
"0.13","0.43","0.44","0.334820837611787","1,1,2,2,2,3,2,4,3,5,6,2,7,4,8,3,5,9,6,2,10,11,12,7,4,13,8,14,15,5,9,16,17,2,18,19,20,4,10,10,10,10,11,11,11,11,10,11,11,11,10,10,10,10,10,11,11,11,11,10,12,10,10,7,4,10,10,10,10,10,11,10,13,13,10,10,10,10,10,10,10,8,14,14,14,15,10,10,10,10,5,9,16,10,10,10,3,10,10,10,10,10,10,10,10,10,10,17,17,10,10,10,10,19,19,19,19,18,19,18,19,20,20,20,20,20,20,20,20","0.00924015045166016","infomap","edit-xhwikibooks.graphml"
"0.12","0.44","0.44","0.342817676066574","1,1,2,2,2,3,2,4,5,6,7,2,8,4,5,3,6,9,7,2,10,1,11,8,4,12,5,13,14,6,9,15,16,2,17,18,19,5,10,10,10,10,1,1,1,1,10,1,1,1,10,10,10,10,10,1,1,1,1,10,11,10,10,8,4,10,10,10,10,10,1,10,12,12,10,10,10,10,10,10,10,5,13,13,13,14,10,10,10,10,6,9,15,10,10,10,3,10,10,10,10,10,10,10,10,10,10,16,16,10,10,10,10,17,18,17,18,17,18,17,17,19,19,19,19,19,19,19,19","0.0124008655548096","infomap","edit-xhwikibooks.graphml"
"0.11","0.45","0.44","0.325774839025445","1,2,1,1,3,4,3,5,4,6,7,3,8,5,4,4,6,9,7,3,2,10,8,8,11,12,5,13,14,6,9,7,15,3,11,16,17,11,2,2,2,2,10,10,10,10,2,10,10,10,2,2,2,2,2,10,10,10,10,2,18,2,2,8,11,2,2,2,2,2,10,2,12,12,2,2,2,2,2,2,2,5,13,13,13,19,2,2,2,2,20,21,22,2,2,2,4,2,2,2,2,2,2,2,2,2,2,15,15,2,2,2,2,16,11,16,11,16,16,16,11,17,17,17,17,17,17,17,17","0.00726199150085449","infomap","edit-xhwikibooks.graphml"
"0.1","0.46","0.44","0.335367933884297","1,1,1,1,2,3,2,3,3,4,5,2,6,7,8,3,4,9,5,2,10,11,6,12,8,8,3,13,14,4,9,5,15,2,8,16,7,8,10,10,10,10,11,11,11,11,10,11,11,11,10,10,10,10,10,11,11,11,11,10,17,10,10,12,8,10,10,10,10,10,11,10,8,8,10,10,10,10,10,10,10,3,13,13,13,18,10,10,10,10,19,20,21,10,10,10,3,10,10,10,10,10,10,10,10,10,10,15,15,10,10,10,10,16,16,8,16,16,8,8,16,7,7,7,7,7,7,7,7","0.00886201858520508","infomap","edit-xhwikibooks.graphml"
"0.09","0.47","0.44","0.306464484603164","1,2,1,1,3,2,3,2,4,5,6,3,7,8,4,2,5,9,6,3,2,10,7,8,4,11,4,12,13,5,9,6,14,3,15,16,17,2,2,2,2,2,10,10,10,10,2,10,10,10,2,2,2,2,2,10,10,10,10,2,18,2,2,8,4,2,2,2,2,2,10,2,11,11,2,2,2,2,2,2,2,4,12,12,12,19,2,2,2,2,20,21,22,2,2,2,2,2,2,2,2,2,2,2,2,2,2,14,14,2,2,2,2,15,16,15,16,15,16,16,15,17,17,17,17,17,17,17,17","0.0121960639953613","infomap","edit-xhwikibooks.graphml"
"0.08","0.48","0.44","0.33831980840966","1,1,2,2,2,3,2,4,4,5,6,2,7,4,8,3,5,9,6,2,10,11,7,12,4,13,8,14,1,5,9,6,15,2,16,17,18,8,10,10,10,10,11,11,11,11,10,11,11,11,10,10,10,10,10,11,11,11,11,10,19,10,10,12,4,10,10,10,10,10,11,10,13,13,10,10,10,10,10,10,10,8,14,14,14,20,10,10,10,10,21,22,23,10,10,10,3,10,10,10,10,10,10,10,10,10,10,15,15,10,10,10,10,16,17,16,16,17,16,16,16,18,18,18,18,18,18,18,18","0.00756502151489258","infomap","edit-xhwikibooks.graphml"
"0.07","0.49","0.44","0.329756572469489","1,2,1,1,3,4,3,4,5,6,7,3,8,4,5,4,6,9,7,3,2,10,8,11,4,12,5,13,14,6,9,7,15,3,16,5,17,4,2,2,2,2,10,10,10,10,2,10,10,10,2,2,2,2,2,10,10,10,10,2,18,2,2,11,4,2,2,2,2,2,10,2,12,12,2,2,2,2,2,2,2,5,13,13,13,19,2,2,2,2,20,21,22,2,2,2,4,2,2,2,2,2,2,2,2,2,2,15,15,2,2,2,2,16,5,5,16,5,5,5,5,17,17,17,17,17,17,17,17","0.0076138973236084","infomap","edit-xhwikibooks.graphml"
"0.06","0.5","0.44","0.37187525345139","1,2,1,1,3,4,3,5,4,6,7,3,8,5,9,4,6,10,7,3,11,2,8,5,5,12,5,13,2,6,10,7,14,3,15,16,9,9,11,11,11,11,2,2,2,2,11,2,2,2,11,11,11,11,11,2,2,2,2,11,17,11,11,5,5,11,11,11,11,11,2,11,12,12,11,11,11,11,11,11,11,5,13,13,13,18,11,11,11,11,19,20,21,11,11,11,4,11,11,11,11,11,11,11,11,11,11,14,14,11,11,11,11,16,15,16,16,15,15,15,15,9,9,9,9,9,9,9,9","0.00883293151855469","infomap","edit-xhwikibooks.graphml"
"0.05","0.51","0.44","0.365733569920933","1,1,2,2,2,3,2,1,3,4,5,2,6,7,8,3,4,9,5,2,10,11,6,6,7,7,8,12,1,4,9,5,13,2,14,15,16,8,10,10,10,10,11,11,11,11,10,11,11,11,10,10,10,10,10,11,11,11,11,10,17,10,10,6,7,10,10,10,10,10,11,10,7,7,10,10,10,10,10,10,10,8,12,12,12,18,10,10,10,10,19,20,21,10,10,10,3,10,10,10,10,10,10,10,10,10,10,13,13,10,10,10,10,15,15,15,14,14,14,14,15,16,16,16,16,16,16,16,16","0.00746989250183105","infomap","edit-xhwikibooks.graphml"
"0.04","0.52","0.44","0.374372958354375","1,2,1,3,4,3,4,5,6,7,8,4,9,5,6,3,7,10,8,4,11,12,9,5,5,6,6,13,2,7,10,8,14,4,15,6,16,6,11,11,11,11,12,12,12,12,11,12,12,12,11,11,11,11,11,12,12,12,12,11,17,11,11,5,5,11,11,11,11,11,12,11,6,6,11,11,11,11,11,11,11,6,13,13,13,18,11,11,11,11,19,20,21,11,11,11,3,11,11,11,11,11,11,11,11,11,11,14,14,11,11,11,11,15,15,15,15,6,15,6,15,16,16,16,16,16,16,16,16","0.0104770660400391","infomap","edit-xhwikibooks.graphml"
"0.03","0.53","0.44","-0.0509210309849208","1,1,2,2,2,3,2,4,5,6,7,2,8,4,5,3,6,9,7,2,10,11,8,8,12,4,4,13,1,6,9,7,14,2,15,16,12,4,1,1,1,1,11,11,11,11,1,11,11,11,1,1,10,1,1,11,11,11,11,1,17,1,1,8,12,1,1,1,1,10,11,1,4,4,1,1,1,1,1,1,1,4,13,13,13,18,1,1,1,1,19,20,21,1,1,1,3,1,1,1,1,1,1,10,1,1,1,14,14,1,1,1,1,16,15,15,16,15,15,16,15,12,12,12,12,12,12,12,12","0.0106899738311768","infomap","edit-xhwikibooks.graphml"
"0.02","0.54","0.44","0.362201105997338","1,1,2,2,2,3,2,3,3,4,5,2,6,3,7,3,4,8,5,2,9,10,6,6,7,3,7,11,1,4,8,5,12,2,13,14,15,7,9,9,9,9,10,10,10,10,9,10,10,10,9,9,9,9,9,10,10,10,10,9,16,9,9,6,7,9,9,9,9,9,10,9,3,3,9,9,9,9,9,9,9,7,11,11,11,17,9,9,9,9,18,19,20,9,9,9,21,9,9,9,9,9,9,9,9,9,9,12,12,9,9,9,9,14,14,13,13,13,14,13,14,15,15,15,15,15,15,15,15","0.00783586502075195","infomap","edit-xhwikibooks.graphml"
"0.01","0.55","0.44","0.356014016232902","1,2,1,1,3,1,3,4,1,5,6,3,7,8,4,9,5,10,6,3,11,12,7,7,4,8,4,13,2,5,10,6,14,3,15,16,17,4,11,11,11,11,12,12,12,12,11,12,12,12,11,11,11,11,11,12,12,12,12,11,18,11,11,7,4,11,11,11,11,11,12,11,8,8,11,11,11,11,11,11,11,4,13,13,13,19,11,11,11,11,20,21,22,11,11,11,9,11,11,11,11,11,11,11,11,11,11,14,14,11,11,11,11,16,16,16,16,15,15,16,16,17,17,17,17,17,17,17,17","0.00879788398742676","infomap","edit-xhwikibooks.graphml"
"0","0.56","0.44","0.356730532280391","1,2,1,1,3,1,3,4,1,5,6,3,4,7,8,9,5,6,10,3,11,12,4,7,7,7,8,13,2,5,6,10,14,3,15,10,16,7,11,11,11,11,12,12,12,12,11,12,12,12,11,11,11,11,11,12,12,12,12,11,17,11,11,7,7,11,11,11,11,11,12,11,7,7,11,11,11,11,11,11,11,8,13,13,13,18,11,11,11,11,19,20,21,11,11,11,9,11,11,11,11,11,11,11,11,11,11,14,14,11,11,11,11,15,10,10,10,15,15,15,15,16,16,8,8,16,16,16,8","0.00599908828735352","infomap","edit-xhwikibooks.graphml"
"0.55","0","0.45","0.327469359295458","1,1,2,3,2,4,5,6,3,7,5,8,9,6,3,4,7,10,11,8,12,13,14,9,6,15,6,16,17,7,10,18,19,12,11,20,21,3,12,12,12,12,13,13,13,13,12,13,13,13,12,12,12,12,12,13,13,13,13,12,14,12,12,9,6,12,12,12,12,12,13,12,15,15,12,12,12,12,12,12,12,6,16,16,16,17,12,12,12,12,7,10,18,12,12,12,4,12,12,12,12,12,12,12,12,12,12,19,19,12,12,12,12,11,20,11,20,11,20,11,20,21,21,21,21,21,21,21,21","0.00601410865783691","infomap","edit-xhwikibooks.graphml"
"0.54","0.01","0.45","0.305887829458444","1,1,2,2,3,2,3,4,4,5,6,7,8,4,9,2,5,10,6,7,11,12,13,8,9,14,4,15,16,5,10,17,18,7,19,20,21,4,11,11,11,11,12,12,12,12,11,12,12,12,11,11,11,11,11,12,12,12,12,11,13,11,11,8,9,11,11,11,11,11,12,11,14,14,11,11,11,11,11,11,11,4,15,15,15,16,11,11,11,11,5,10,17,11,11,11,22,11,11,11,11,11,11,11,11,11,11,18,18,7,11,11,11,9,9,9,19,19,9,20,9,21,21,21,21,21,21,21,21","0.00753092765808105","infomap","edit-xhwikibooks.graphml"
"0.53","0.02","0.45","0.324433636839268","1,1,2,2,3,4,3,5,4,6,7,3,8,5,4,9,6,10,7,11,11,12,13,8,5,14,4,9,15,6,10,16,17,11,18,19,20,4,11,11,11,11,12,12,12,12,11,12,12,12,11,11,11,11,11,12,12,12,12,11,13,11,11,8,5,11,11,11,11,11,12,11,14,14,11,11,11,11,11,11,11,4,9,9,9,15,11,11,11,11,6,10,16,11,11,11,21,11,11,11,11,11,11,11,11,11,11,17,17,11,11,11,11,18,19,19,18,19,19,19,18,20,20,20,20,20,20,20,20","0.00756216049194336","infomap","edit-xhwikibooks.graphml"
"0.52","0.03","0.45","0.326386436765512","1,1,2,2,2,3,4,1,3,5,4,6,1,7,8,9,5,10,11,6,12,13,14,8,15,16,7,9,17,5,10,18,19,12,11,20,15,8,12,12,12,12,13,13,13,13,12,13,13,13,12,12,12,12,12,13,13,13,13,12,14,12,12,8,15,12,12,12,12,12,13,12,16,16,12,12,12,12,12,12,12,7,9,9,9,17,12,12,12,12,5,10,18,12,12,12,9,12,12,12,12,12,12,12,12,12,12,19,19,12,12,12,12,20,11,11,20,11,20,11,20,15,15,15,15,15,15,15,15","0.00728392601013184","infomap","edit-xhwikibooks.graphml"
"0.51","0.04","0.45","0.331075393295758","1,1,2,2,3,4,3,1,4,5,6,7,8,9,10,4,5,11,6,7,12,13,14,8,10,9,10,15,16,5,11,17,18,7,19,20,21,10,12,12,12,12,13,13,13,13,12,13,13,13,12,12,12,12,12,13,13,13,13,12,14,12,12,8,10,12,12,12,12,12,13,12,9,9,12,12,12,12,12,12,12,10,15,15,15,16,12,12,12,12,5,11,17,12,12,12,4,12,12,12,12,12,12,12,12,12,12,18,18,12,12,12,12,19,20,20,19,19,19,20,20,21,21,21,21,21,21,21,21","0.00626277923583984","infomap","edit-xhwikibooks.graphml"
"0.5","0.05","0.45","0.312691678238445","1,1,2,2,2,3,4,3,5,6,4,1,3,7,5,3,6,8,9,1,1,10,11,7,7,12,7,13,14,6,8,15,16,1,17,9,18,12,1,1,1,1,10,10,10,10,1,10,10,10,1,1,1,1,1,10,10,10,10,1,11,1,1,7,7,1,1,1,1,1,10,1,12,12,1,1,1,1,1,1,1,7,13,13,13,14,1,1,1,1,6,8,15,1,1,1,19,1,1,1,1,1,1,1,1,1,1,16,16,1,1,1,1,17,17,9,9,17,17,9,9,18,18,18,18,18,18,18,18","0.006011962890625","infomap","edit-xhwikibooks.graphml"
"0.49","0.06","0.45","0.335700284222827","1,1,2,2,3,4,3,5,4,6,7,3,5,5,4,4,6,8,7,9,10,11,12,5,5,4,4,13,14,6,8,15,16,9,17,18,19,5,10,10,10,10,11,11,11,11,10,11,11,11,10,10,10,10,10,11,11,11,11,10,12,10,10,5,5,10,10,10,10,10,11,10,4,4,10,10,10,10,10,10,10,4,13,13,13,14,10,10,10,10,6,8,15,10,10,10,20,10,10,10,10,10,10,10,10,10,10,16,16,10,10,10,10,17,17,18,17,17,18,18,18,19,19,19,19,19,19,19,19","0.00620698928833008","infomap","edit-xhwikibooks.graphml"
"0.48","0.07","0.45","0.324056734774846","1,2,1,3,4,3,4,5,5,6,7,4,8,5,9,10,6,11,7,12,2,13,14,8,5,15,9,10,16,6,11,17,18,12,19,20,9,5,2,2,2,2,13,13,13,13,2,13,13,13,2,2,2,2,2,13,13,13,13,2,14,2,2,8,5,2,2,2,2,2,13,2,15,15,2,2,2,2,2,2,2,9,10,10,10,16,2,2,2,2,6,11,17,2,2,2,10,2,2,2,2,2,2,2,2,2,2,18,18,2,2,2,2,19,20,19,19,20,19,19,20,9,9,9,9,9,9,9,9","0.00580787658691406","infomap","edit-xhwikibooks.graphml"
"0.47","0.08","0.45","0.318996345656611","1,2,1,1,1,1,3,4,4,5,3,2,4,6,7,8,5,9,10,2,2,11,12,6,7,13,7,8,14,5,9,15,16,2,17,10,7,13,2,2,2,2,11,11,11,11,2,11,11,11,2,2,2,2,2,11,11,11,11,2,12,2,2,6,7,2,2,2,2,2,11,2,13,13,2,2,2,2,2,2,2,7,8,8,8,14,2,2,2,2,5,9,15,2,2,2,18,2,2,2,2,2,2,2,2,2,2,16,16,2,2,2,2,10,10,17,10,10,17,17,17,7,7,7,7,7,7,7,7","0.012174129486084","infomap","edit-xhwikibooks.graphml"
"0.46","0.09","0.45","0.330557484258814","1,1,2,2,2,3,4,3,5,6,7,4,8,9,5,10,6,11,7,12,13,14,15,8,5,9,9,10,16,6,11,17,18,12,19,20,21,9,13,13,13,13,14,14,14,14,13,14,14,14,13,13,13,13,13,14,14,14,14,13,15,13,13,8,5,13,13,13,13,13,14,13,9,9,13,13,13,13,13,13,13,9,10,10,10,16,13,13,13,13,6,11,17,13,13,13,10,13,13,13,13,13,13,13,13,13,13,18,18,13,13,13,13,19,19,20,19,19,19,20,20,21,21,21,21,21,21,21,21","0.00893902778625488","infomap","edit-xhwikibooks.graphml"
"0.45","0.1","0.45","0.313456422422712","1,1,2,2,2,3,4,3,5,6,4,7,3,8,5,3,6,9,10,7,11,12,13,8,8,14,8,15,16,6,9,17,18,11,19,10,20,5,11,11,11,11,12,12,12,12,11,12,12,12,11,11,11,11,11,12,12,12,12,11,13,11,11,8,8,11,11,11,11,11,12,11,14,14,11,11,11,11,11,11,11,8,15,15,15,16,11,11,11,11,6,9,17,11,11,11,3,11,11,11,11,11,11,11,11,11,11,18,18,11,11,11,11,10,10,19,19,10,19,10,19,5,5,5,5,5,20,5,20","0.00887203216552734","infomap","edit-xhwikibooks.graphml"
"0.44","0.11","0.45","0.305338504155125","1,1,2,2,3,4,3,5,6,7,8,9,5,10,6,4,7,11,8,9,9,12,13,6,6,10,6,14,15,7,11,16,17,9,18,19,20,10,9,9,9,9,12,12,12,12,9,12,12,12,9,9,9,9,9,12,12,12,12,9,13,9,9,6,6,9,9,9,9,9,12,9,10,10,9,9,9,9,9,9,9,6,14,14,14,15,9,9,9,9,7,11,16,9,9,9,4,9,9,9,9,9,9,9,9,9,9,17,17,9,9,9,9,6,6,6,19,18,6,19,6,20,20,20,20,20,20,20,20","0.0075371265411377","infomap","edit-xhwikibooks.graphml"
"0.43","0.12","0.45","0.335281283132539","1,1,2,2,2,3,4,5,3,6,7,4,5,5,3,3,6,8,7,9,10,11,12,5,3,13,3,14,15,6,8,16,17,9,18,19,20,5,10,10,10,10,11,11,11,11,10,11,11,11,10,10,10,10,10,11,11,11,11,10,12,10,10,5,3,10,10,10,10,10,11,10,13,13,10,10,10,10,10,10,10,3,14,14,14,15,10,10,10,10,6,8,16,10,10,10,21,10,10,10,10,10,10,10,10,10,10,17,17,10,10,10,10,18,3,18,19,18,19,18,19,20,20,20,20,20,20,20,20","0.00579690933227539","infomap","edit-xhwikibooks.graphml"
"0.42","0.13","0.45","0.341850465676467","1,2,1,1,3,4,3,5,4,6,7,3,8,5,9,4,6,10,7,3,11,2,12,8,9,5,5,13,14,6,10,15,16,11,17,18,9,9,11,11,11,11,2,2,2,2,11,2,2,2,11,11,11,11,11,2,2,2,2,11,12,11,11,8,9,11,11,11,11,11,2,11,5,5,11,11,11,11,11,11,11,5,13,13,13,14,11,11,11,11,6,10,15,11,11,11,4,11,11,11,11,11,11,11,11,11,11,16,16,11,11,11,11,17,17,17,17,17,18,17,18,9,9,9,9,9,9,9,9","0.00916504859924316","infomap","edit-xhwikibooks.graphml"
"0.41","0.14","0.45","0.336907802336621","1,1,2,2,2,3,4,5,3,6,4,4,5,7,8,9,6,10,11,4,12,13,14,7,7,15,7,9,16,6,10,17,18,4,19,11,8,7,12,12,12,12,13,13,13,13,12,13,13,13,12,12,12,12,12,13,13,13,13,12,14,12,12,7,7,12,12,12,12,12,13,12,15,15,12,12,12,12,12,12,12,7,9,9,9,16,12,12,12,12,6,10,17,12,12,12,9,12,12,12,12,12,12,12,12,12,12,18,18,12,12,12,12,11,19,19,11,19,11,19,19,8,8,8,8,8,8,8,8","0.0073399543762207","infomap","edit-xhwikibooks.graphml"
"0.4","0.15","0.45","0.338249190213116","1,1,2,3,2,3,4,5,6,7,4,8,5,6,9,10,7,11,12,8,13,1,14,9,6,6,9,10,15,7,11,16,17,8,9,12,18,9,13,13,13,13,1,1,1,1,13,1,1,1,13,13,13,13,13,1,1,1,1,13,14,13,13,9,6,13,13,13,13,13,1,13,6,6,13,13,13,13,13,13,13,9,10,10,10,15,13,13,13,13,7,11,16,13,13,13,10,13,13,13,13,13,13,13,13,13,13,17,17,13,13,13,13,9,9,9,9,12,9,9,12,18,18,18,18,18,18,18,18","0.00733804702758789","infomap","edit-xhwikibooks.graphml"
"0.39","0.16","0.45","-0.0906863309744262","1,1,2,2,2,3,4,5,3,6,7,4,8,5,3,9,6,10,7,1,11,12,13,8,3,14,3,9,15,6,10,16,17,1,18,19,3,5,1,11,1,1,12,12,12,12,1,12,12,12,1,1,1,1,1,12,12,12,12,1,13,1,1,8,3,1,1,1,1,1,12,1,14,14,1,1,1,1,1,1,1,3,9,9,9,15,1,1,1,1,6,10,16,1,1,1,20,1,1,1,1,1,1,1,1,1,1,17,17,1,11,1,1,19,18,19,19,18,19,19,18,3,3,3,3,3,3,3,3","0.00711703300476074","infomap","edit-xhwikibooks.graphml"
"0.38","0.17","0.45","0.33724267224097","1,2,1,1,3,4,3,2,4,5,6,7,8,9,10,4,5,11,6,7,12,13,14,8,9,15,10,16,17,5,11,18,19,12,20,21,22,10,12,12,12,12,13,13,13,13,12,13,13,13,12,12,12,12,12,13,13,13,13,12,14,12,12,8,9,12,12,12,12,12,13,12,15,15,12,12,12,12,12,12,12,10,16,16,16,17,12,12,12,12,5,11,18,12,12,12,4,12,12,12,12,12,12,12,12,12,12,19,19,12,12,12,12,21,20,21,21,20,21,20,20,22,22,22,22,22,22,22,22","0.00728082656860352","infomap","edit-xhwikibooks.graphml"
"0.37","0.18","0.45","0.341295493083631","1,1,2,2,2,3,4,1,3,5,4,4,6,7,8,3,5,9,10,11,12,13,14,6,8,15,7,16,17,5,9,18,19,11,20,10,21,8,12,12,12,12,13,13,13,13,12,13,13,13,12,12,12,12,12,13,13,13,13,12,14,12,12,6,8,12,12,12,12,12,13,12,15,15,12,12,12,12,12,12,12,7,16,16,16,17,12,12,12,12,5,9,18,12,12,12,3,12,12,12,12,12,12,12,12,12,12,19,19,12,12,12,12,10,10,20,20,20,10,20,10,21,21,21,21,21,21,21,21","0.00561404228210449","infomap","edit-xhwikibooks.graphml"
"0.36","0.19","0.45","0.332575393181454","1,2,1,1,1,1,3,4,5,6,3,7,4,8,5,9,6,10,11,7,2,12,13,8,8,14,8,9,15,6,10,16,17,2,18,11,19,5,2,2,2,2,12,12,12,12,2,12,12,12,2,2,2,2,2,12,12,12,12,2,13,2,2,8,8,2,2,2,2,2,12,2,14,14,2,2,2,2,2,2,2,8,9,9,9,15,2,2,2,2,6,10,16,2,2,2,20,2,2,2,2,2,2,2,2,2,2,17,17,2,2,2,2,11,11,18,11,11,18,11,11,19,19,19,19,19,19,19,19","0.00745296478271484","infomap","edit-xhwikibooks.graphml"
"0.35","0.2","0.45","-0.0876626747170062","1,1,2,2,2,3,4,3,5,6,7,4,8,9,10,3,6,11,7,12,13,14,15,8,9,9,10,16,17,6,11,18,19,12,20,5,21,10,13,1,1,1,14,14,14,14,1,14,14,14,1,1,1,1,1,14,14,14,14,1,15,1,1,8,9,1,1,1,1,1,14,1,9,9,1,1,1,1,1,1,1,10,16,16,16,17,1,1,1,1,6,11,18,1,1,1,3,1,1,1,1,1,1,1,1,1,1,19,19,1,13,1,1,20,20,5,20,20,20,5,5,21,21,21,21,21,21,21,21","0.00715112686157227","infomap","edit-xhwikibooks.graphml"
"0.34","0.21","0.45","0.343446347449111","1,1,2,2,2,3,4,5,3,6,4,4,7,5,8,9,6,10,4,11,11,1,12,7,5,13,8,9,14,6,10,15,16,11,17,8,18,5,11,11,11,11,1,1,1,1,11,1,1,1,11,11,11,11,11,1,1,1,1,11,12,11,11,7,5,11,11,11,11,11,1,11,13,13,11,11,11,11,11,11,11,8,9,9,9,14,11,11,11,11,6,10,15,11,11,11,9,11,11,11,11,11,11,11,11,11,11,16,16,11,11,11,11,17,8,8,8,17,8,17,8,18,18,18,18,18,18,18,18","0.00581216812133789","infomap","edit-xhwikibooks.graphml"
"0.33","0.22","0.45","0.341819859811144","1,1,2,2,3,4,3,4,5,6,3,3,4,7,5,8,6,9,10,11,12,13,14,7,15,16,7,8,17,6,9,18,19,11,20,10,15,5,12,12,12,12,13,13,13,13,12,13,13,13,12,12,12,12,12,13,13,13,13,12,14,12,12,7,15,12,12,12,12,12,13,12,16,16,12,12,12,12,12,12,12,7,8,8,8,17,12,12,12,12,6,9,18,12,12,12,8,12,12,12,12,12,12,12,12,12,12,19,19,12,12,12,12,20,20,10,20,10,20,10,10,15,15,15,15,15,15,15,15","0.00559687614440918","infomap","edit-xhwikibooks.graphml"
"0.32","0.23","0.45","0.34403821216912","1,1,2,2,3,4,3,4,5,6,3,3,4,7,8,4,6,9,10,11,12,13,14,7,8,5,8,15,16,6,9,17,18,11,10,19,20,7,12,12,12,12,13,13,13,13,12,13,13,13,12,12,12,12,12,13,13,13,13,12,14,12,12,7,8,12,12,12,12,12,13,12,5,5,12,12,12,12,12,12,12,8,15,15,15,16,12,12,12,12,6,9,17,12,12,12,21,12,12,12,12,12,12,12,12,12,12,18,18,12,12,12,12,19,19,19,10,19,19,10,10,20,20,20,20,20,20,20,20","0.00703787803649902","infomap","edit-xhwikibooks.graphml"
"0.31","0.24","0.45","0.332161819593077","1,1,2,2,3,4,3,5,4,6,7,8,9,5,10,4,6,11,7,8,12,13,14,9,10,15,10,16,17,6,11,18,19,12,20,21,22,5,12,12,12,12,13,13,13,13,12,13,13,13,12,12,12,12,12,13,13,13,13,12,14,12,12,9,10,12,12,12,12,12,13,12,15,15,12,12,12,12,12,12,12,10,16,16,16,17,12,12,12,12,6,11,18,12,12,12,4,12,12,12,12,12,12,12,12,12,12,19,19,12,12,12,12,20,20,10,20,21,10,20,10,22,22,22,22,22,22,22,22","0.0120549201965332","infomap","edit-xhwikibooks.graphml"
"0.3","0.25","0.45","0.306006057011026","1,1,2,2,2,3,4,5,6,7,8,4,5,9,6,3,7,10,8,11,12,13,14,9,6,15,6,16,17,7,10,18,19,11,20,21,6,15,12,12,12,12,1,1,1,13,12,1,1,1,12,12,12,12,12,1,13,1,1,12,14,12,12,9,6,12,12,12,12,12,1,12,15,15,12,12,12,12,12,12,12,6,16,16,16,17,12,12,12,12,7,10,18,12,12,12,3,12,12,12,12,12,12,12,12,12,12,19,19,12,12,12,12,21,20,21,20,21,21,20,21,6,6,6,6,6,6,6,6","0.00749707221984863","infomap","edit-xhwikibooks.graphml"
"0.29","0.26","0.45","0.346687283266911","1,2,1,3,4,3,4,2,3,5,6,7,8,9,10,11,5,12,6,7,13,14,15,8,9,16,9,11,17,5,12,18,19,7,20,21,10,10,13,13,13,13,14,14,14,14,13,14,14,14,13,13,13,13,13,14,14,14,14,13,15,13,13,8,9,13,13,13,13,13,14,13,16,16,13,13,13,13,13,13,13,9,11,11,11,17,13,13,13,13,5,12,18,13,13,13,11,13,13,13,13,13,13,13,13,13,13,19,19,13,13,13,13,21,20,20,21,20,21,21,21,10,10,10,10,10,10,10,10","0.00718998908996582","infomap","edit-xhwikibooks.graphml"
"0.28","0.27","0.45","0.295474354329486","1,1,2,3,2,3,4,1,5,6,4,7,8,9,5,10,6,11,12,7,7,13,14,8,9,15,9,10,16,6,11,17,18,7,19,12,20,9,7,7,7,7,1,1,1,1,7,13,1,1,7,7,7,7,7,1,13,1,1,7,14,7,7,8,9,7,7,7,7,7,1,7,15,15,7,7,7,7,7,7,7,9,10,10,10,16,7,7,7,7,6,11,17,7,7,7,10,7,7,7,7,7,7,7,7,7,7,18,18,7,7,7,7,19,19,19,12,12,19,12,12,20,20,20,20,20,20,20,20","0.00714802742004395","infomap","edit-xhwikibooks.graphml"
"0.27","0.28","0.45","0.342772242840774","1,2,1,3,1,3,4,5,5,6,7,4,8,5,9,3,6,10,7,11,2,12,13,8,5,14,5,15,16,6,10,17,18,11,19,20,9,5,2,2,2,2,12,12,12,12,2,12,12,12,2,2,2,2,2,12,12,12,12,2,13,2,2,8,5,2,2,2,2,2,12,2,14,14,2,2,2,2,2,2,2,5,15,15,15,16,2,2,2,2,6,10,17,2,2,2,3,2,2,2,2,2,2,2,2,2,2,18,18,2,2,2,2,20,19,19,19,20,19,19,20,9,9,9,9,9,9,9,9","0.00706195831298828","infomap","edit-xhwikibooks.graphml"
"0.26","0.29","0.45","0.344498876291003","1,1,2,2,3,4,3,4,2,5,6,7,8,4,9,10,5,11,6,7,12,13,14,8,9,15,9,16,17,5,11,18,19,7,20,21,22,4,12,12,12,12,13,13,13,13,12,13,13,13,12,12,12,12,12,13,13,13,13,12,14,12,12,8,9,12,12,12,12,12,13,12,15,15,12,12,12,12,12,12,12,9,16,16,16,17,12,12,12,12,5,11,18,12,12,12,10,12,12,12,12,12,12,12,12,12,12,19,19,12,12,12,12,21,21,20,20,21,20,21,20,22,22,22,22,22,22,22,22","0.00920295715332031","infomap","edit-xhwikibooks.graphml"
"0.25","0.3","0.45","0.348980000370516","1,1,1,1,2,1,2,3,4,5,6,7,3,4,4,8,5,9,6,7,10,1,11,4,12,12,4,13,14,5,9,15,16,10,17,18,19,4,10,10,10,10,1,1,1,1,10,1,1,1,10,10,10,10,10,1,1,1,1,10,11,10,10,4,12,10,10,10,10,10,1,10,12,12,10,10,10,10,10,10,10,4,13,13,13,14,10,10,10,10,5,9,15,10,10,10,8,10,10,10,10,10,10,10,10,10,10,16,16,10,10,10,10,18,18,17,18,18,17,17,17,19,19,19,19,19,19,19,19","0.00731587409973145","infomap","edit-xhwikibooks.graphml"
"0.24","0.31","0.45","0.349504307473977","1,2,1,3,1,3,4,5,3,6,4,7,5,8,9,10,6,11,12,7,13,2,14,5,8,9,9,10,15,6,11,16,17,7,18,12,19,9,13,13,13,13,2,2,2,2,13,2,2,2,13,13,13,13,13,2,2,2,2,13,14,13,13,5,8,13,13,13,13,13,2,13,9,9,13,13,13,13,13,13,13,9,10,10,10,15,13,13,13,13,6,11,16,13,13,13,10,13,13,13,13,13,13,13,13,13,13,17,17,13,13,13,13,12,12,12,18,12,12,12,12,19,19,19,19,19,19,19,19","0.00561904907226562","infomap","edit-xhwikibooks.graphml"
"0.23","0.32","0.45","0.330859427565861","1,2,1,3,4,3,4,5,6,7,8,2,5,9,10,11,7,12,8,2,2,13,14,15,10,6,10,11,16,7,12,17,18,2,19,9,20,10,2,2,2,2,13,13,13,13,2,13,13,13,2,2,2,2,2,13,13,13,13,2,14,2,2,15,10,2,2,2,2,2,13,2,6,6,2,2,2,2,2,2,2,10,11,11,11,16,2,2,2,2,7,12,17,2,2,2,11,2,2,2,2,2,2,2,2,2,2,18,18,2,2,2,2,19,19,19,19,19,9,9,9,20,20,20,20,20,20,20,20","0.00581812858581543","infomap","edit-xhwikibooks.graphml"
"0.22","0.33","0.45","0.343393975467108","1,1,2,2,3,2,3,4,4,5,6,7,8,4,9,10,5,11,6,7,12,13,14,8,9,15,9,10,16,5,11,17,18,12,19,20,21,9,12,12,12,12,13,13,13,13,12,13,13,13,12,12,12,12,12,13,13,13,13,12,14,12,12,8,9,12,12,12,12,12,13,12,15,15,12,12,12,12,12,12,12,9,10,10,10,16,12,12,12,12,5,11,17,12,12,12,10,12,12,12,12,12,12,12,12,12,12,18,18,12,12,12,12,19,20,19,20,19,19,19,19,21,21,21,21,21,21,21,21","0.00961709022521973","infomap","edit-xhwikibooks.graphml"
"0.21","0.34","0.45","0.355981560517217","1,1,2,2,3,4,3,5,6,7,8,3,9,5,6,4,7,10,8,11,12,13,14,9,6,15,6,16,17,7,10,18,19,11,20,6,21,5,12,12,12,12,13,13,13,13,12,13,13,13,12,12,12,12,12,13,13,13,13,12,14,12,12,9,6,12,12,12,12,12,13,12,15,15,12,12,12,12,12,12,12,6,16,16,16,17,12,12,12,12,7,10,18,12,12,12,4,12,12,12,12,12,12,12,12,12,12,19,19,11,12,12,12,20,20,20,6,20,20,20,20,21,21,21,21,21,21,21,21","0.00714898109436035","infomap","edit-xhwikibooks.graphml"
"0.2","0.35","0.45","0.356802218816884","1,1,2,3,2,3,4,5,6,7,8,4,5,9,6,3,7,10,8,4,11,12,13,14,9,9,9,15,16,7,10,17,18,11,19,20,6,9,11,11,11,11,12,12,12,12,11,12,12,12,11,11,11,11,11,12,12,12,12,11,13,11,11,14,9,11,11,11,11,11,12,11,9,9,11,11,11,11,11,11,11,9,15,15,15,16,11,11,11,11,7,10,17,11,11,11,3,11,11,11,11,11,11,11,11,11,11,18,18,11,11,11,11,20,20,19,20,20,20,19,19,6,6,6,6,6,6,6,6","0.00864410400390625","infomap","edit-xhwikibooks.graphml"
"0.19","0.36","0.45","0.338947309750297","1,2,1,1,3,1,3,4,1,5,6,3,7,4,8,9,5,10,6,3,2,11,12,7,8,4,1,13,14,5,10,15,16,3,17,18,19,4,2,2,2,2,11,11,11,11,2,11,11,11,2,2,2,2,2,11,11,11,11,2,12,2,2,7,8,2,2,2,2,2,11,2,4,4,2,2,2,2,2,2,2,1,13,13,13,14,2,2,2,2,5,10,15,2,2,2,9,2,2,2,2,2,2,2,2,2,2,16,16,2,2,2,2,17,18,17,17,17,17,18,18,19,19,19,19,19,19,19,19","0.0108089447021484","infomap","edit-xhwikibooks.graphml"
"0.18","0.37","0.45","0.347067912703131","1,1,2,2,2,3,2,4,3,5,6,2,7,4,3,3,5,8,6,2,9,10,11,7,4,12,4,13,14,5,8,15,16,2,17,18,19,4,9,9,9,9,10,10,10,10,9,10,10,10,9,9,9,9,9,10,10,10,10,9,11,9,9,7,4,9,9,9,9,9,10,9,12,12,9,9,9,9,9,9,9,4,13,13,13,14,9,9,9,9,5,8,15,9,9,9,20,9,9,9,9,9,9,9,9,9,9,16,16,9,9,9,9,17,18,17,17,18,17,17,18,19,19,19,19,19,19,19,19","0.00760197639465332","infomap","edit-xhwikibooks.graphml"
"0.17","0.38","0.45","0.344830242897391","1,2,1,1,3,4,3,2,2,5,6,3,7,8,9,4,5,10,6,3,11,12,7,8,9,13,9,14,15,5,10,16,17,3,18,19,20,9,11,11,11,11,12,12,12,12,11,12,12,12,11,11,11,11,11,12,12,12,12,11,7,11,11,8,9,11,11,11,11,11,12,11,13,13,11,11,11,11,11,11,11,9,14,14,14,15,11,11,11,11,5,10,16,11,11,11,4,11,11,11,11,11,11,11,11,11,11,17,17,11,11,11,11,19,19,19,19,19,19,18,19,20,20,20,20,20,20,20,20","0.00751614570617676","infomap","edit-xhwikibooks.graphml"
"0.16","0.39","0.45","0.364101426692383","1,1,2,2,2,3,2,4,5,6,7,2,4,8,5,3,6,9,7,2,10,11,12,5,5,13,8,14,15,6,9,16,17,2,18,18,19,8,10,10,10,10,11,11,11,11,10,11,11,11,10,10,10,10,10,11,11,11,11,10,12,10,10,5,5,10,10,10,10,10,11,10,13,13,10,10,10,10,10,10,10,8,14,14,14,15,10,10,10,10,6,9,16,10,10,10,3,10,10,10,10,10,10,10,10,10,10,17,17,10,10,10,10,18,18,18,18,18,18,18,18,5,19,5,19,5,19,5,19","0.00580787658691406","infomap","edit-xhwikibooks.graphml"
"0.15","0.4","0.45","0.349106045319529","1,1,2,2,2,3,2,3,4,5,6,2,7,3,4,3,5,8,6,2,9,10,11,7,3,12,4,13,14,5,8,15,16,2,17,18,19,3,9,9,9,9,10,10,10,10,9,10,10,10,9,9,9,9,9,10,10,10,10,9,11,9,9,7,3,9,9,9,9,9,10,9,12,12,9,9,9,9,9,9,9,4,13,13,13,14,9,9,9,9,5,8,15,9,9,9,20,9,9,9,9,9,9,9,9,9,9,16,16,9,9,9,9,18,18,18,18,17,17,17,18,19,19,19,19,19,19,19,19","0.00983810424804688","infomap","edit-xhwikibooks.graphml"
"0.14","0.41","0.45","0.322573680119481","1,2,1,2,3,2,3,2,4,5,6,3,7,8,4,9,5,10,6,3,11,2,7,2,4,8,8,12,13,5,10,14,15,3,16,17,18,4,11,11,11,11,2,2,2,2,11,2,2,2,11,11,11,11,11,2,2,2,2,11,7,11,11,2,4,11,11,11,11,11,2,11,8,8,11,11,11,11,11,11,11,8,12,12,12,13,11,11,11,11,5,10,14,11,11,11,9,11,11,11,11,11,11,11,11,11,11,15,15,11,11,11,11,16,17,16,17,17,17,17,16,4,18,4,4,4,4,4,18","0.0076749324798584","infomap","edit-xhwikibooks.graphml"
"0.13","0.42","0.45","0.340191445178138","1,1,2,2,2,3,2,3,4,5,6,2,7,3,4,3,5,8,6,2,9,10,11,7,4,12,4,13,14,5,8,15,16,2,17,18,19,4,9,9,9,9,10,10,10,10,9,10,10,10,9,9,9,9,9,10,10,10,10,9,11,9,9,7,4,9,9,9,9,9,10,9,12,12,9,9,9,9,9,9,9,4,13,13,13,14,9,9,9,9,5,8,15,9,9,9,3,9,9,9,9,9,9,9,9,9,9,16,16,9,9,9,9,18,18,18,17,17,17,18,17,19,19,19,19,19,19,19,19","0.00759005546569824","infomap","edit-xhwikibooks.graphml"
"0.12","0.43","0.45","0.339647255790151","1,1,2,2,2,3,2,4,3,5,6,2,7,4,8,3,5,9,6,2,10,11,12,7,8,13,8,14,15,5,9,16,17,2,8,18,19,8,10,10,10,10,11,11,11,11,10,11,11,11,10,10,10,10,10,11,11,11,11,10,12,10,10,7,8,10,10,10,10,10,11,10,13,13,10,10,10,10,10,10,10,8,14,14,14,15,10,10,10,10,5,9,16,10,10,10,3,10,10,10,10,10,10,10,10,10,10,17,17,10,10,10,10,18,8,18,18,18,8,8,8,19,19,19,19,19,19,19,19","0.00778508186340332","infomap","edit-xhwikibooks.graphml"
"0.11","0.44","0.45","0.3425848358364","1,1,2,2,2,3,2,3,4,5,6,2,7,4,3,8,5,9,6,2,10,11,7,4,4,3,3,12,13,5,9,14,15,2,16,17,18,3,10,10,10,10,11,11,11,11,10,11,11,11,10,10,10,10,10,11,11,11,11,10,7,10,10,4,4,10,10,10,10,10,11,10,3,3,10,10,10,10,10,10,10,3,12,12,12,13,10,10,10,10,5,9,14,10,10,10,8,10,10,10,10,10,10,10,10,10,10,15,15,10,10,10,10,17,16,16,16,16,17,16,16,18,18,18,18,18,18,18,18","0.00747919082641602","infomap","edit-xhwikibooks.graphml"
"0.1","0.45","0.45","0.343286141785559","1,1,2,2,2,3,2,4,3,5,6,2,7,4,8,3,5,9,6,2,10,1,11,7,8,12,8,13,14,5,9,15,16,2,17,18,19,4,10,10,10,10,1,1,1,1,10,1,1,1,10,10,10,10,10,1,1,1,1,10,11,10,10,7,8,10,10,10,10,10,1,10,12,12,10,10,10,10,10,10,10,8,13,13,13,14,10,10,10,10,5,9,15,10,10,10,3,10,10,10,10,10,10,10,10,10,10,16,16,10,10,10,10,17,18,17,17,17,18,18,18,19,19,19,19,19,19,19,19","0.00946211814880371","infomap","edit-xhwikibooks.graphml"
"0.09","0.46","0.45","0.365843310228944","1,2,1,2,3,4,3,2,5,6,7,3,8,5,9,4,6,7,10,3,11,12,8,9,5,13,9,14,2,6,7,10,15,3,10,10,16,9,11,11,11,11,12,12,12,12,11,12,12,12,11,11,11,11,11,12,12,12,12,11,17,11,11,9,5,11,11,11,11,11,12,11,13,13,11,11,11,11,11,11,11,9,14,14,14,18,11,11,11,11,19,20,21,11,11,11,4,11,11,11,11,11,11,11,11,11,11,15,15,11,11,11,11,10,10,10,10,10,10,10,10,16,16,16,16,16,16,16,16","0.00907301902770996","infomap","edit-xhwikibooks.graphml"
"0.08","0.47","0.45","0.129444761087292","1,2,1,3,4,3,4,2,5,6,7,4,8,5,5,3,6,9,7,4,10,11,8,12,5,5,5,13,2,6,9,7,14,4,15,16,17,5,2,2,2,2,11,11,11,11,2,11,11,11,2,10,10,2,10,11,11,11,11,10,18,10,2,12,5,10,10,2,2,2,11,2,5,5,10,10,2,10,2,2,2,5,13,13,13,19,10,2,2,10,20,21,22,2,2,10,3,2,2,2,10,2,10,2,2,10,10,14,14,2,2,2,10,16,16,16,15,15,16,15,15,17,17,17,17,17,17,17,17","0.00594592094421387","infomap","edit-xhwikibooks.graphml"
"0.07","0.48","0.45","0.341081634661903","1,1,2,2,2,3,4,1,3,5,4,6,7,8,3,3,5,9,10,6,11,12,7,8,8,13,3,14,1,5,9,10,15,6,16,10,17,8,11,11,11,11,12,12,12,12,11,12,12,12,11,11,11,11,11,12,12,12,12,11,18,11,11,8,8,11,11,11,11,11,12,11,13,13,11,11,11,11,11,11,11,3,14,14,14,19,11,11,11,11,20,21,22,11,11,11,23,11,11,11,11,11,11,11,11,11,11,15,15,11,11,11,11,16,16,16,10,10,16,16,16,17,17,17,17,17,17,17,17","0.00734996795654297","infomap","edit-xhwikibooks.graphml"
"0.06","0.49","0.45","0.321936632033526","1,1,1,1,2,1,2,3,1,4,5,2,6,3,1,1,4,7,5,2,8,1,6,1,3,3,1,9,10,4,7,5,11,2,12,13,14,1,8,8,8,8,1,1,1,1,8,1,1,1,8,8,8,8,8,1,1,1,1,8,15,8,8,1,3,8,8,8,8,8,1,8,3,3,8,8,8,8,8,8,8,1,9,9,9,16,8,8,8,8,17,18,19,8,8,8,20,8,8,8,8,8,8,8,8,8,8,11,11,8,8,8,8,1,1,1,1,1,12,12,13,14,14,14,14,14,14,14,14","0.0079491138458252","infomap","edit-xhwikibooks.graphml"
"0.05","0.5","0.45","0.367344373134204","1,1,2,2,2,3,2,4,3,5,6,2,7,4,8,3,5,6,9,2,10,11,7,7,4,8,8,12,1,5,6,9,13,2,14,9,15,8,10,10,10,10,11,11,11,11,10,11,11,11,10,10,10,10,10,11,11,11,11,10,16,10,10,7,4,10,10,10,10,10,11,10,8,8,10,10,10,10,10,10,10,8,12,12,12,17,10,10,10,10,18,19,20,10,10,10,3,10,10,10,10,10,10,10,10,10,10,13,13,10,10,10,10,9,9,9,9,9,9,14,9,15,15,15,15,15,15,15,15","0.00884413719177246","infomap","edit-xhwikibooks.graphml"
"0.04","0.51","0.45","0.369501508156356","1,1,2,2,2,3,2,3,4,5,6,2,7,3,4,3,5,8,6,2,9,10,7,7,3,3,4,11,1,5,8,6,12,2,13,14,15,4,9,9,9,9,10,10,10,10,9,10,10,10,9,9,9,9,9,10,10,10,10,9,16,9,9,7,3,9,9,9,9,9,10,9,3,3,9,9,9,9,9,9,9,4,11,11,11,17,9,9,9,9,18,19,20,9,9,9,21,9,9,9,9,9,9,9,9,9,9,12,12,9,9,9,9,14,13,14,14,13,13,13,13,15,15,15,15,15,15,15,15","0.00954604148864746","infomap","edit-xhwikibooks.graphml"
"0.03","0.52","0.45","0.367138830259123","1,1,2,2,2,3,2,4,3,5,6,2,7,4,8,3,5,9,6,2,10,11,7,7,4,4,8,12,11,5,9,6,13,2,14,15,16,8,10,10,10,10,11,11,11,11,10,11,11,11,10,10,10,10,10,11,11,11,11,10,17,10,10,7,4,10,10,10,10,10,11,10,4,4,10,10,10,10,10,10,10,8,12,12,12,18,10,10,10,10,19,20,21,10,10,10,3,10,10,10,10,10,10,10,10,10,10,13,13,10,10,10,10,15,14,15,15,15,15,15,14,16,16,16,16,16,16,16,16","0.00766086578369141","infomap","edit-xhwikibooks.graphml"
"0.02","0.53","0.45","0.359927349657153","1,1,2,2,2,3,2,3,4,5,6,2,7,3,7,3,5,8,6,2,9,10,7,7,4,11,4,12,1,5,8,6,13,2,14,4,15,4,9,9,9,9,10,10,10,10,9,10,10,10,9,9,9,9,9,10,10,10,10,9,16,9,9,7,4,9,9,9,9,9,10,9,11,11,9,9,9,9,9,9,9,4,12,12,12,17,9,9,9,9,18,19,20,9,9,9,3,9,9,9,9,9,9,9,9,9,9,13,13,9,9,9,9,4,14,14,14,14,14,14,4,15,15,15,15,15,15,15,15","0.0107760429382324","infomap","edit-xhwikibooks.graphml"
"0.01","0.54","0.45","0.349363274721653","1,2,1,1,3,4,3,5,4,6,7,3,8,9,10,4,6,11,7,3,5,12,8,8,9,13,4,14,2,6,11,7,15,3,16,10,4,4,5,5,5,5,12,12,12,12,5,12,12,12,5,5,5,5,5,12,12,12,12,5,17,5,5,8,9,5,5,5,5,5,12,5,13,13,5,5,5,5,5,5,5,4,14,14,14,18,5,5,5,5,19,20,21,5,5,5,4,5,5,5,5,5,5,5,5,5,5,15,15,5,5,5,5,16,16,16,10,10,10,16,16,4,4,4,4,4,4,4,4","0.0108640193939209","infomap","edit-xhwikibooks.graphml"
"0","0.55","0.45","0.367736516631621","1,2,1,3,4,3,4,5,3,6,7,4,8,5,9,3,6,7,10,4,11,12,8,8,9,5,9,13,2,6,7,10,14,4,10,15,16,9,11,11,11,11,12,12,12,12,11,12,12,12,11,11,11,11,11,12,12,12,12,11,17,11,11,8,9,11,11,11,11,11,12,11,5,5,11,11,11,11,11,11,11,9,13,13,13,18,11,11,11,11,19,20,21,11,11,11,3,11,11,11,11,11,11,11,11,11,11,14,14,11,11,11,11,10,15,15,10,15,15,10,15,16,16,16,16,16,16,16,16","0.00761008262634277","infomap","edit-xhwikibooks.graphml"
"0.54","0","0.46","0.335729118020088","1,1,2,2,3,4,3,5,6,7,8,9,10,5,6,4,7,11,8,9,12,1,13,10,5,6,6,14,15,7,11,16,17,9,18,19,20,6,12,12,12,12,1,1,1,1,12,1,1,1,12,12,12,12,12,1,1,1,1,12,13,12,12,10,5,12,12,12,12,12,1,12,6,6,12,12,12,12,12,12,12,6,14,14,14,15,12,12,12,12,7,11,16,12,12,12,4,12,12,12,12,12,12,12,12,12,12,17,17,12,12,12,12,18,19,19,18,18,18,19,18,20,20,20,20,20,20,20,20","0.0061650276184082","infomap","edit-xhwikibooks.graphml"
"0.53","0.01","0.46","0.327272970388379","1,1,2,3,2,4,5,3,4,6,5,7,3,4,8,9,6,10,11,7,12,13,14,4,8,4,4,9,15,6,10,16,17,12,18,11,19,4,12,12,12,12,13,13,13,13,12,13,13,13,12,12,12,12,12,13,13,13,13,12,14,12,12,4,8,12,12,12,12,12,13,12,4,4,12,12,12,12,12,12,12,4,9,9,9,15,12,12,12,12,6,10,16,12,12,12,20,12,12,12,12,12,12,12,12,12,12,17,17,12,12,12,12,11,18,11,18,18,11,18,18,19,19,19,19,19,19,19,19","0.00585484504699707","infomap","edit-xhwikibooks.graphml"
"0.52","0.02","0.46","0.311464307628461","1,2,1,3,1,3,4,5,3,6,4,4,5,7,8,9,6,10,4,4,11,2,12,8,8,7,7,9,13,6,10,14,15,11,16,17,18,7,11,11,11,11,2,2,2,2,11,2,2,2,11,11,11,11,11,2,2,2,2,11,12,11,11,8,8,11,11,11,11,11,2,11,7,7,11,11,11,11,11,11,11,7,9,9,9,13,11,11,11,11,6,10,14,11,11,11,9,11,11,11,11,11,11,11,11,11,11,15,15,11,11,11,11,16,17,17,17,17,16,16,16,8,8,8,8,8,18,8,8","0.0109379291534424","infomap","edit-xhwikibooks.graphml"
"0.51","0.03","0.46","0.331095048474742","1,1,2,3,2,3,4,5,5,6,4,7,8,5,9,3,6,10,11,7,12,1,13,8,5,9,5,14,15,6,10,16,17,12,18,11,19,5,12,12,12,12,1,1,1,1,12,1,1,1,12,12,12,12,12,1,1,1,1,12,13,12,12,8,5,12,12,12,12,12,1,12,9,9,12,12,12,12,12,12,12,5,14,14,14,15,12,12,12,12,6,10,16,12,12,12,3,12,12,12,12,12,12,12,12,12,12,17,17,12,12,12,12,18,11,18,11,18,18,11,11,19,19,19,19,19,19,19,19","0.00566697120666504","infomap","edit-xhwikibooks.graphml"
"0.5","0.04","0.46","0.332476049461842","1,1,2,2,2,3,4,5,3,6,4,4,5,5,7,8,6,9,10,11,12,13,14,5,5,15,5,8,16,6,9,17,18,11,10,19,20,7,12,12,12,12,13,13,13,13,12,13,13,13,12,12,12,12,12,13,13,13,13,12,14,12,12,5,5,12,12,12,12,12,13,12,15,15,12,12,12,12,12,12,12,5,8,8,8,16,12,12,12,12,6,9,17,12,12,12,8,12,12,12,12,12,12,12,12,12,12,18,18,12,12,12,12,19,19,19,10,19,10,19,19,20,20,20,20,20,20,20,20","0.00602102279663086","infomap","edit-xhwikibooks.graphml"
"0.49","0.05","0.46","0.323489860632151","1,1,2,2,2,3,4,5,2,6,4,7,8,5,9,3,6,10,11,7,7,12,13,8,5,14,5,15,16,6,10,17,18,7,11,9,19,5,7,7,7,7,12,12,12,12,7,12,12,12,7,7,7,7,7,12,12,12,12,7,13,7,7,8,5,7,7,7,7,7,12,7,14,14,7,7,7,7,7,7,7,5,15,15,15,16,7,7,7,7,6,10,17,7,7,7,3,7,7,7,7,7,7,7,7,7,7,18,18,7,7,7,7,11,9,9,11,11,11,9,11,19,19,19,19,19,19,19,19","0.00748085975646973","infomap","edit-xhwikibooks.graphml"
"0.48","0.06","0.46","0.326626019974034","1,2,1,1,3,4,3,2,4,5,6,7,8,8,4,4,5,9,6,7,10,11,12,8,4,13,4,14,15,5,9,16,17,7,18,19,20,8,10,10,10,10,11,11,11,11,10,11,11,11,10,10,10,10,10,11,11,11,11,10,12,10,10,8,4,10,10,10,10,10,11,10,13,13,10,10,10,10,10,10,10,4,14,14,14,15,10,10,10,10,5,9,16,10,10,10,21,10,10,10,10,10,10,10,10,10,10,17,17,10,10,10,10,18,18,18,19,19,19,18,4,20,20,20,20,20,20,20,20","0.00759196281433105","infomap","edit-xhwikibooks.graphml"
"0.47","0.07","0.46","0.322228334919397","1,1,2,3,2,3,4,5,5,6,4,4,7,5,8,9,6,10,11,4,12,13,14,7,8,15,8,9,16,6,10,17,18,12,8,11,19,5,12,12,12,12,13,13,13,13,12,13,13,13,12,12,12,12,12,13,13,13,13,12,14,12,12,7,8,12,12,12,12,12,13,12,15,15,12,12,12,12,12,12,12,8,9,9,9,16,12,12,12,12,6,10,17,12,12,12,9,12,12,12,12,12,12,12,12,12,12,18,18,12,12,12,12,11,11,11,11,11,11,11,11,19,19,19,19,19,19,19,19","0.00606393814086914","infomap","edit-xhwikibooks.graphml"
"0.46","0.08","0.46","0.319733333333333","1,2,1,1,1,3,4,3,3,5,4,6,3,3,7,8,5,9,10,6,11,2,12,7,3,13,7,8,14,5,9,15,16,6,17,10,18,3,11,11,11,11,2,2,2,2,11,2,2,2,11,11,11,11,11,2,2,2,2,11,12,11,11,7,3,11,11,11,11,11,2,11,13,13,11,11,11,11,11,11,11,7,8,8,8,14,11,11,11,11,5,9,15,11,11,11,19,11,11,11,11,11,11,11,11,11,11,16,16,11,11,11,11,17,17,17,17,17,10,10,17,18,18,7,7,7,7,7,7","0.00600790977478027","infomap","edit-xhwikibooks.graphml"
"0.45","0.09","0.46","0.324508956602031","1,1,2,2,3,4,3,5,6,7,8,3,5,9,6,4,7,10,8,11,11,12,13,9,9,14,6,15,16,7,10,17,18,11,19,20,21,9,11,11,11,11,12,12,12,12,11,12,12,12,11,11,11,11,11,12,12,12,12,11,13,11,11,9,9,11,11,11,11,11,12,11,14,14,11,11,11,11,11,11,11,6,15,15,15,16,11,11,11,11,7,10,17,11,11,11,4,11,11,11,11,11,11,11,11,11,11,18,18,11,11,11,11,19,19,20,19,19,20,20,19,21,21,21,21,21,21,21,21","0.00617504119873047","infomap","edit-xhwikibooks.graphml"
"0.44","0.1","0.46","0.330683164050477","1,1,2,2,3,4,3,5,4,6,3,7,8,5,4,4,6,9,10,7,11,12,13,8,5,14,4,15,16,6,9,17,18,7,19,10,20,5,11,11,11,11,12,12,12,12,11,12,12,12,11,11,11,11,11,12,12,12,12,11,13,11,11,8,5,11,11,11,11,11,12,11,14,14,11,11,11,11,11,11,11,4,15,15,15,16,11,11,11,11,6,9,17,11,11,11,21,11,11,11,11,11,11,11,11,11,11,18,18,11,11,11,11,19,19,10,19,10,19,10,19,20,20,20,20,20,20,20,20","0.0095829963684082","infomap","edit-xhwikibooks.graphml"
"0.43","0.11","0.46","0.332744856062061","1,1,2,2,3,4,3,4,5,6,7,3,4,8,5,9,6,10,7,11,12,13,14,5,5,8,5,9,15,6,10,16,17,11,18,19,20,5,12,12,12,12,13,13,13,13,12,13,13,13,12,12,12,12,12,13,13,13,13,12,14,12,12,5,5,12,12,12,12,12,13,12,8,8,12,12,12,12,12,12,12,5,9,9,9,15,12,12,12,12,6,10,16,12,12,12,9,12,12,12,12,12,12,12,12,12,12,17,17,11,12,12,12,18,18,18,19,18,19,18,19,20,20,20,20,20,20,20,20","0.0116581916809082","infomap","edit-xhwikibooks.graphml"
"0.42","0.12","0.46","0.319998716969933","1,1,2,2,3,4,3,4,4,5,6,3,4,4,7,4,5,8,6,9,10,11,12,4,7,13,7,14,15,5,8,16,17,9,18,19,20,7,10,10,10,10,11,11,11,11,10,11,11,11,10,10,10,10,10,11,11,11,11,10,12,10,10,4,7,10,10,10,10,10,11,10,13,13,10,10,10,10,10,10,10,7,14,14,14,15,10,10,10,10,5,8,16,10,10,10,21,10,10,10,10,10,10,10,10,10,10,17,17,10,10,10,10,19,18,19,18,18,18,18,18,7,7,7,7,20,7,7,7","0.0123050212860107","infomap","edit-xhwikibooks.graphml"
"0.41","0.13","0.46","0.334470145239376","1,1,2,2,3,4,3,4,5,6,7,3,4,8,5,9,6,10,7,11,12,13,14,8,5,15,8,9,16,6,10,17,18,11,19,5,20,8,12,12,12,12,13,13,13,13,12,13,13,13,12,12,12,12,12,13,13,13,13,12,14,12,12,8,5,12,12,12,12,12,13,12,15,15,12,12,12,12,12,12,12,8,9,9,9,16,12,12,12,12,6,10,17,12,12,12,21,12,12,12,12,12,12,12,12,12,12,18,18,12,12,12,12,5,19,19,5,5,19,5,5,20,20,20,20,20,20,20,20","0.00955295562744141","infomap","edit-xhwikibooks.graphml"
"0.4","0.14","0.46","0.333628294782141","1,2,1,3,4,3,4,2,3,5,6,4,7,2,8,9,5,10,6,4,11,12,13,7,2,14,8,9,15,5,10,16,17,4,18,19,20,8,11,11,11,11,12,12,12,12,11,12,12,12,11,11,11,11,11,12,12,12,12,11,13,11,11,7,2,11,11,11,11,11,12,11,14,14,11,11,11,11,11,11,11,8,9,9,9,15,11,11,11,11,5,10,16,11,11,11,9,11,11,11,11,11,11,11,11,11,11,17,17,11,11,11,11,19,18,19,19,19,19,18,18,20,20,20,20,20,20,20,20","0.00872397422790527","infomap","edit-xhwikibooks.graphml"
"0.39","0.15","0.46","0.328139142036765","1,1,2,2,3,4,3,4,5,6,7,3,4,5,8,4,6,9,7,10,11,12,13,5,8,14,5,15,16,6,9,17,18,10,19,20,21,5,11,11,11,11,12,12,12,12,11,12,12,12,11,11,11,11,11,12,12,12,12,11,13,11,11,5,8,11,11,11,11,11,12,11,14,14,11,11,11,11,11,11,11,5,15,15,15,16,11,11,11,11,6,9,17,11,11,11,22,11,11,11,11,11,11,11,11,11,11,18,18,11,11,11,11,20,20,20,19,20,20,20,20,21,21,21,21,21,21,21,21","0.012138843536377","infomap","edit-xhwikibooks.graphml"
"0.38","0.16","0.46","0.339958967396465","1,2,1,1,1,3,4,2,3,5,6,4,7,8,8,9,5,10,6,4,11,12,13,7,8,14,8,9,15,5,10,16,17,4,18,19,20,8,11,11,11,11,12,12,12,12,11,12,12,12,11,11,11,11,11,12,12,12,12,11,13,11,11,7,8,11,11,11,11,11,12,11,14,14,11,11,11,11,11,11,11,8,9,9,9,15,11,11,11,11,5,10,16,11,11,11,9,11,11,11,11,11,11,11,11,11,11,17,17,11,11,11,11,18,19,18,19,18,19,19,18,20,20,20,20,20,20,20,20","0.0058290958404541","infomap","edit-xhwikibooks.graphml"
"0.37","0.17","0.46","-0.0546368172492078","1,1,2,2,3,4,3,5,4,6,7,8,9,5,10,11,6,12,7,8,13,14,15,9,10,16,10,11,17,6,12,18,19,8,20,21,10,5,1,1,1,1,14,14,14,14,1,14,14,14,13,1,1,1,1,14,14,14,14,1,15,1,1,9,10,1,1,1,1,1,14,1,16,16,1,1,1,1,1,13,1,10,11,11,11,17,1,1,1,1,6,12,18,1,13,1,11,1,1,13,1,1,1,1,1,1,1,19,19,1,1,1,13,20,21,20,21,21,21,20,20,10,10,10,10,10,10,10,10","0.00753688812255859","infomap","edit-xhwikibooks.graphml"
"0.36","0.18","0.46","0.340626964021074","1,2,1,1,3,4,3,5,4,6,7,8,5,9,4,10,6,11,7,8,12,2,13,5,9,9,9,10,14,6,11,15,16,12,17,18,4,4,12,12,12,12,2,2,2,2,12,2,2,2,12,12,12,12,12,2,2,2,2,12,13,12,12,5,9,12,12,12,12,12,2,12,9,9,12,12,12,12,12,12,12,9,10,10,10,14,12,12,12,12,6,11,15,12,12,12,19,12,12,12,12,12,12,12,12,12,12,16,16,12,12,12,12,18,18,17,17,18,17,18,18,4,4,4,4,4,4,4,4","0.00608301162719727","infomap","edit-xhwikibooks.graphml"
"0.35","0.19","0.46","0.330669855092256","1,1,2,2,3,4,3,4,4,5,6,7,4,8,9,10,5,11,6,7,12,13,14,9,8,15,9,10,16,5,11,17,18,7,19,20,21,9,12,12,12,12,13,13,13,13,12,13,13,13,12,12,12,12,12,13,13,13,13,12,14,12,12,9,8,12,12,12,12,12,13,12,15,9,12,12,12,12,12,12,12,9,10,10,10,16,12,12,12,12,5,11,17,12,12,12,22,12,12,12,12,12,12,12,12,12,12,18,18,7,12,12,12,19,19,19,20,20,19,19,19,21,21,21,21,21,21,21,21","0.00604391098022461","infomap","edit-xhwikibooks.graphml"
"0.34","0.2","0.46","0.341626419010576","1,1,2,2,2,3,4,1,3,5,6,4,7,8,9,10,5,11,6,4,12,13,14,7,9,8,9,10,15,5,11,16,17,12,18,9,19,8,12,12,12,12,13,13,13,13,12,13,13,13,12,12,12,12,12,13,13,13,13,12,14,12,12,7,9,12,12,12,12,12,13,12,8,8,12,12,12,12,12,12,12,9,10,10,10,15,12,12,12,12,5,11,16,12,12,12,10,12,12,12,12,12,12,12,12,12,12,17,17,12,12,12,12,18,18,18,18,9,18,18,18,19,19,19,19,19,19,19,19","0.00923395156860352","infomap","edit-xhwikibooks.graphml"
"0.33","0.21","0.46","0.318952305169753","1,1,2,2,3,4,3,5,4,6,3,7,5,5,8,9,6,10,3,7,1,11,12,13,8,14,14,9,15,6,10,16,17,7,13,18,19,13,1,1,1,1,11,11,11,11,1,11,11,11,1,1,1,1,1,11,11,11,11,1,12,1,1,13,8,1,1,1,1,1,11,1,14,14,1,1,1,1,1,1,1,14,9,9,9,15,1,1,1,1,6,10,16,1,1,1,9,1,1,1,1,1,1,1,1,1,1,17,17,1,1,1,1,13,13,18,13,18,18,18,18,19,19,19,19,19,19,19,19","0.0092308521270752","infomap","edit-xhwikibooks.graphml"
"0.32","0.22","0.46","0.337120949074074","1,1,2,2,2,3,4,5,3,6,7,4,8,5,3,9,6,10,7,4,11,12,13,8,3,14,3,15,16,6,10,17,18,4,19,20,21,3,11,11,11,11,12,12,12,12,11,12,12,12,11,11,11,11,11,12,12,12,12,11,13,11,11,8,3,11,11,11,11,11,12,11,14,14,11,11,11,11,11,11,11,3,15,15,15,16,11,11,11,11,6,10,17,11,11,11,9,11,11,11,11,11,11,11,11,11,11,18,18,11,11,11,11,19,19,20,20,20,20,19,19,21,21,21,21,21,21,21,21","0.00771594047546387","infomap","edit-xhwikibooks.graphml"
"0.31","0.23","0.46","0.327473619092094","1,2,1,1,1,3,4,5,3,6,7,4,8,5,9,3,6,10,7,11,2,12,13,8,9,14,15,16,17,6,10,18,19,11,20,21,15,5,2,2,2,2,12,12,12,12,2,12,12,12,2,2,2,2,2,12,12,12,12,2,13,2,2,8,9,2,2,2,2,2,12,2,14,14,2,2,2,2,2,2,2,15,16,16,16,17,2,2,2,2,6,10,18,2,2,2,3,2,2,2,2,2,2,2,2,2,2,19,19,2,2,2,2,21,20,20,20,20,20,21,20,15,15,15,15,15,15,15,15","0.00563597679138184","infomap","edit-xhwikibooks.graphml"
"0.3","0.24","0.46","0.323334780092592","1,1,2,2,3,4,3,5,4,6,7,3,8,5,9,10,6,11,7,3,12,13,14,8,5,15,5,10,16,6,11,17,18,12,19,20,21,9,12,12,12,12,13,13,13,13,12,13,13,13,12,12,12,12,12,13,13,13,13,12,14,12,12,8,5,12,12,12,12,12,13,12,15,5,12,12,12,12,12,12,12,5,10,10,10,16,12,12,12,12,6,11,17,12,12,12,10,12,12,12,12,12,12,12,12,12,12,18,18,12,12,12,12,19,9,19,20,20,9,19,9,21,21,21,21,21,21,21,21","0.0058441162109375","infomap","edit-xhwikibooks.graphml"
"0.29","0.25","0.46","0.339110014886319","1,1,2,2,3,4,3,5,4,6,3,7,8,5,9,10,6,11,12,7,13,14,15,8,5,16,5,10,17,6,11,18,19,7,9,12,20,5,13,13,13,13,14,14,14,14,13,14,14,14,13,13,13,13,13,14,14,14,14,13,15,13,13,8,5,13,13,13,13,13,14,13,16,16,13,13,13,13,13,13,13,5,10,10,10,17,13,13,13,13,6,11,18,13,13,13,10,13,13,13,13,13,13,13,13,13,13,19,19,13,13,13,13,9,12,9,12,9,9,9,9,20,20,20,20,20,20,20,20","0.00581502914428711","infomap","edit-xhwikibooks.graphml"
"0.28","0.26","0.46","0.341670039748007","1,1,2,2,2,3,4,5,3,6,4,4,7,5,3,3,6,8,9,4,10,11,12,7,3,13,3,14,15,6,8,16,17,10,9,18,19,18,10,10,10,10,11,11,11,11,10,11,11,11,10,10,10,10,10,11,11,11,11,10,12,10,10,7,3,10,10,10,10,10,11,10,13,13,10,10,10,10,10,10,10,3,14,14,14,15,10,10,10,10,6,8,16,10,10,10,20,10,10,10,10,10,10,10,10,10,10,17,17,10,10,10,10,9,9,18,9,9,9,18,9,19,19,19,19,19,19,19,19","0.00574493408203125","infomap","edit-xhwikibooks.graphml"
"0.27","0.27","0.46","0.342431620767183","1,2,1,1,3,4,3,2,4,5,6,7,8,9,10,4,5,11,6,7,12,13,14,8,9,9,9,15,16,5,11,17,18,7,19,10,20,10,12,12,12,12,13,13,13,13,12,13,13,13,12,12,12,12,12,13,13,13,13,12,14,12,12,8,9,12,12,12,12,12,13,12,9,9,12,12,12,12,12,12,12,9,15,15,15,16,12,12,12,12,5,11,17,12,12,12,4,12,12,12,12,12,12,12,12,12,12,18,18,12,12,12,12,19,10,19,19,10,19,10,10,20,20,20,20,20,20,20,20","0.00738406181335449","infomap","edit-xhwikibooks.graphml"
"0.26","0.28","0.46","0.325209468277439","1,2,1,3,4,3,4,2,5,6,7,8,2,9,5,3,6,10,7,8,11,12,13,9,9,14,5,15,16,6,10,17,18,11,19,20,21,5,11,11,11,11,12,12,12,12,11,12,12,12,11,11,11,11,11,12,12,12,12,11,13,11,11,9,9,11,11,11,11,11,12,11,14,14,11,11,11,11,11,11,11,5,15,15,15,16,11,11,11,11,6,10,17,11,11,11,3,11,11,11,11,11,11,11,11,11,11,18,18,11,11,11,11,19,5,20,20,5,5,20,20,21,21,21,21,21,21,21,21","0.00723600387573242","infomap","edit-xhwikibooks.graphml"
"0.25","0.29","0.46","0.342440738386357","1,1,2,2,2,3,4,1,3,5,4,6,7,8,9,10,5,11,12,6,13,14,15,7,9,8,8,10,16,5,11,17,18,6,19,12,20,9,13,13,13,13,14,14,14,14,13,14,14,14,13,13,13,13,13,14,14,14,14,13,15,13,13,7,9,13,13,13,13,13,14,13,8,8,13,13,13,13,13,13,13,8,10,10,10,16,13,13,13,13,5,11,17,13,13,13,10,13,13,13,13,13,13,13,13,13,13,18,18,13,13,13,13,19,12,12,19,19,12,19,12,20,20,20,20,20,20,20,20","0.00576305389404297","infomap","edit-xhwikibooks.graphml"
"0.24","0.3","0.46","0.335575980205122","1,1,2,2,3,4,3,4,5,6,7,8,4,9,5,4,6,10,7,8,11,12,13,9,9,14,9,15,16,6,10,17,18,11,19,20,21,9,11,11,11,11,12,12,12,12,11,12,12,12,11,11,11,11,11,12,12,12,12,11,13,11,11,9,9,11,11,11,11,11,12,11,14,14,11,11,11,11,11,11,11,9,15,15,15,16,11,11,11,11,6,10,17,11,11,11,4,11,11,11,11,11,11,11,11,11,11,18,18,11,11,11,11,20,20,20,19,19,19,20,20,21,21,21,21,21,21,21,21","0.00545716285705566","infomap","edit-xhwikibooks.graphml"
"0.23","0.31","0.46","0.340824051764489","1,1,2,2,3,4,3,4,4,5,6,7,8,4,9,10,5,11,6,7,12,13,14,8,9,9,4,15,16,5,11,17,18,12,19,20,21,4,12,12,12,12,13,13,13,13,12,13,13,13,12,12,12,12,12,13,13,13,13,12,14,12,12,8,9,12,12,12,12,12,13,12,9,9,12,12,12,12,12,12,12,4,15,15,15,16,12,12,12,12,5,11,17,12,12,12,10,12,12,12,12,12,12,12,12,12,12,18,18,12,12,12,12,20,19,19,19,20,20,19,19,21,21,21,21,21,21,21,21","0.00927901268005371","infomap","edit-xhwikibooks.graphml"
"0.22","0.32","0.46","0.335804169011386","1,1,2,3,2,3,4,1,3,5,4,6,7,8,9,10,5,11,12,6,13,14,15,7,9,8,9,10,16,5,11,17,18,13,19,12,20,9,13,13,13,13,14,14,14,14,13,14,14,14,13,13,13,13,13,14,14,14,14,13,15,13,13,7,9,13,13,13,13,13,14,13,8,8,13,13,13,13,13,13,13,9,10,10,10,16,13,13,13,13,5,11,17,13,13,13,10,13,13,13,13,13,13,13,13,13,13,18,18,13,13,13,13,12,19,19,9,12,12,19,12,20,20,20,20,20,20,20,20","0.00931000709533691","infomap","edit-xhwikibooks.graphml"
"0.21","0.33","0.46","0.333622681720765","1,2,1,1,3,4,3,2,5,6,7,8,9,10,5,4,6,11,7,8,12,13,14,9,10,15,2,16,17,6,11,18,19,8,20,21,22,5,12,12,12,12,13,13,13,13,12,13,13,13,12,12,12,12,12,13,13,13,13,12,14,12,12,9,10,12,12,12,12,12,13,12,5,15,12,12,12,12,12,12,12,2,16,16,16,17,12,12,12,12,6,11,18,12,12,12,4,12,12,12,12,12,12,12,12,12,12,19,19,12,12,12,12,21,20,21,20,21,21,20,20,22,22,22,22,22,22,22,22","0.00766301155090332","infomap","edit-xhwikibooks.graphml"
"0.2","0.34","0.46","0.351149605929818","1,1,2,3,2,3,4,5,6,7,4,8,9,5,6,10,7,11,12,8,13,1,14,9,6,15,5,10,16,7,11,17,18,13,12,19,20,6,13,13,13,13,1,1,1,1,13,1,1,1,13,13,13,13,13,1,1,1,1,13,14,13,13,9,6,13,13,13,13,13,1,13,15,15,13,13,13,13,13,13,13,5,10,10,10,16,13,13,13,13,7,11,17,13,13,13,10,13,13,13,13,13,13,13,13,13,13,18,18,13,13,13,13,12,19,19,12,19,19,19,19,20,20,20,20,20,20,20,20","0.0073859691619873","infomap","edit-xhwikibooks.graphml"
"0.19","0.35","0.46","0.346225370613624","1,1,2,2,2,3,4,1,3,5,4,6,7,1,3,8,5,9,3,6,10,11,12,7,1,13,1,14,15,5,9,16,17,6,18,3,19,1,10,10,10,10,11,11,11,11,10,11,11,11,10,10,10,10,10,11,11,11,11,10,12,10,10,7,1,10,10,10,10,10,11,10,13,13,10,10,10,10,10,10,10,1,14,14,14,15,10,10,10,10,5,9,16,10,10,10,8,10,10,10,10,10,10,10,10,10,10,17,17,6,10,10,10,3,3,18,3,18,3,3,3,19,19,19,19,19,19,19,19","0.00929403305053711","infomap","edit-xhwikibooks.graphml"
"0.18","0.36","0.46","0.340991726012534","1,1,2,2,2,3,4,5,3,6,7,4,5,8,9,10,6,11,7,12,13,14,15,16,9,17,17,10,18,6,11,19,20,12,9,21,8,17,13,13,13,13,14,14,14,14,13,14,14,14,13,13,13,13,13,14,14,14,14,13,15,13,13,16,9,13,13,13,13,13,14,13,17,17,13,13,13,13,13,13,13,17,10,10,10,18,13,13,13,13,6,11,19,13,13,13,10,13,13,13,13,13,13,13,13,13,13,20,20,13,13,13,13,21,9,21,21,9,9,21,21,8,8,8,8,8,8,8,8","0.00770401954650879","infomap","edit-xhwikibooks.graphml"
"0.17","0.37","0.46","0.347548320510415","1,2,1,3,1,3,4,2,5,6,4,7,8,9,5,10,6,11,12,7,13,14,15,8,9,16,5,10,17,6,11,18,19,13,12,20,21,5,13,13,13,13,14,14,14,14,13,14,14,14,13,13,13,13,13,14,14,14,14,13,15,13,13,8,9,13,13,13,13,13,14,13,16,16,13,13,13,13,13,13,13,5,10,10,10,17,13,13,13,13,6,11,18,13,13,13,10,13,13,13,13,13,13,13,13,13,13,19,19,13,13,13,13,12,20,12,20,20,20,12,20,21,21,21,21,21,21,21,21","0.00591516494750977","infomap","edit-xhwikibooks.graphml"
"0.16","0.38","0.46","0.347911779738873","1,1,2,3,2,3,4,3,3,5,6,4,7,7,8,9,5,10,6,11,12,13,14,7,8,15,8,9,16,5,10,17,18,11,8,19,20,7,12,12,12,12,13,13,13,13,12,13,13,13,12,12,12,12,12,13,13,13,13,12,14,12,12,7,8,12,12,12,12,12,13,12,15,15,12,12,12,12,12,12,12,8,9,9,9,16,12,12,12,12,5,10,17,12,12,12,9,12,12,12,12,12,12,12,12,12,12,18,18,12,12,12,12,19,19,8,19,8,8,8,19,20,20,20,20,20,20,20,20","0.00581812858581543","infomap","edit-xhwikibooks.graphml"
"0.15","0.39","0.46","0.346025237706419","1,1,2,2,2,3,2,3,4,5,6,2,7,3,4,3,5,8,6,2,9,10,11,7,4,3,3,12,13,5,8,14,15,2,16,17,18,3,9,9,9,9,10,10,10,10,9,10,10,10,9,9,9,9,9,10,10,10,10,9,11,9,9,7,4,9,9,9,9,9,10,9,3,3,9,9,9,9,9,9,9,3,12,12,12,13,9,9,9,9,5,8,14,9,9,9,19,9,9,9,9,9,9,9,9,9,9,15,15,9,9,9,9,17,16,16,17,17,17,16,16,18,18,18,18,18,18,18,18","0.0112500190734863","infomap","edit-xhwikibooks.graphml"
"0.14","0.4","0.46","0.345371974269985","1,1,2,2,2,3,2,3,3,4,5,2,6,3,7,3,4,8,5,2,9,10,11,6,7,12,3,13,14,4,8,15,16,2,17,18,19,3,9,9,9,9,10,10,10,10,9,10,10,10,9,9,9,9,9,10,10,10,10,9,11,9,9,6,7,9,9,9,9,9,10,9,12,12,9,9,9,9,9,9,9,3,13,13,13,14,9,9,9,9,4,8,15,9,9,9,20,9,9,9,9,9,9,9,9,9,9,16,16,9,9,9,9,17,17,18,18,17,17,17,17,19,19,19,19,19,19,19,19","0.00947690010070801","infomap","edit-xhwikibooks.graphml"
"0.13","0.41","0.46","0.353505104253299","1,1,2,2,2,3,2,1,3,4,5,2,6,3,3,3,4,7,5,2,8,9,10,6,3,11,3,12,13,4,7,14,15,2,16,17,18,3,8,8,8,8,9,9,9,9,8,9,9,9,8,8,8,8,8,9,9,9,9,8,10,8,8,6,3,8,8,8,8,8,9,8,11,11,8,8,8,8,8,8,8,3,12,12,12,13,8,8,8,8,4,7,14,8,8,8,19,8,8,8,8,8,8,8,8,8,8,15,15,8,8,8,8,16,16,16,17,17,16,16,16,18,18,18,18,18,18,18,18","0.0146110057830811","infomap","edit-xhwikibooks.graphml"
"0.12","0.42","0.46","0.337452758236004","1,2,3,3,3,1,3,4,5,6,7,3,4,8,5,1,6,9,7,3,2,10,11,5,8,12,8,13,14,6,9,15,16,3,17,18,5,8,2,2,2,2,10,10,10,10,2,10,10,10,2,2,2,2,2,10,10,10,10,2,11,2,2,5,8,2,2,2,2,2,10,2,12,12,2,2,2,2,2,2,2,8,13,13,13,14,2,2,2,2,6,9,15,2,2,2,19,2,2,2,2,2,2,2,2,2,2,16,16,2,2,2,2,17,17,18,18,18,17,17,17,5,5,5,5,5,5,5,5","0.0095818042755127","infomap","edit-xhwikibooks.graphml"
"0.11","0.43","0.46","0.325357501669729","1,2,1,2,3,4,3,2,5,6,7,3,8,5,9,4,6,10,7,3,2,11,12,8,5,13,5,14,15,6,10,16,17,3,9,18,19,5,2,2,2,2,11,11,11,11,2,11,11,11,2,2,2,2,2,11,11,11,11,2,12,2,2,8,5,2,2,2,2,2,11,2,13,13,2,2,2,2,2,2,2,5,14,14,14,15,2,2,2,2,6,10,16,2,2,2,4,2,2,2,2,2,2,2,2,2,2,17,17,2,2,2,2,9,18,18,9,9,9,9,9,19,19,19,19,19,19,19,19","0.0111079216003418","infomap","edit-xhwikibooks.graphml"
"0.1","0.44","0.46","0.335442661281751","1,2,1,1,3,4,3,5,4,6,7,3,5,8,9,4,6,10,7,3,11,2,12,8,8,13,9,14,15,6,10,16,17,3,18,19,20,9,11,11,11,11,2,2,2,2,11,2,2,2,11,11,11,11,11,2,2,2,2,11,12,11,11,8,8,11,11,11,11,11,2,11,13,13,11,11,11,11,11,11,11,9,14,14,14,15,11,11,11,11,6,10,16,11,11,11,4,11,11,11,11,11,11,11,11,11,11,17,17,11,11,11,11,19,18,19,18,19,18,19,19,20,9,20,9,20,9,20,9","0.00622892379760742","infomap","edit-xhwikibooks.graphml"
"0.09","0.45","0.46","0.346071581450654","1,2,1,1,3,4,3,5,5,6,7,3,8,5,5,4,6,9,7,3,2,10,11,8,5,12,5,13,14,6,9,15,16,3,17,18,19,5,2,2,2,2,10,10,10,10,2,10,10,10,2,2,2,2,2,10,10,10,10,2,11,2,2,8,5,2,2,2,2,2,10,2,12,12,2,2,2,2,2,2,2,5,13,13,13,14,2,2,2,2,6,9,15,2,2,2,4,2,2,2,2,2,2,2,2,2,2,16,16,2,2,2,2,18,18,17,18,17,18,18,18,19,19,19,19,19,19,19,19","0.00600218772888184","infomap","edit-xhwikibooks.graphml"
"0.08","0.46","0.46","0.341740599534245","1,1,2,2,2,3,2,4,3,5,6,2,7,4,8,3,5,9,6,2,10,11,12,7,8,13,8,14,15,5,9,16,17,2,18,19,20,4,10,10,10,10,11,11,11,11,10,11,11,11,10,10,10,10,10,11,11,11,11,10,12,10,10,7,8,10,10,10,10,10,11,10,13,13,10,10,10,10,10,10,10,8,14,14,14,15,10,10,10,10,5,9,16,10,10,10,3,10,10,10,10,10,10,10,10,10,10,17,17,10,10,10,10,18,19,19,18,18,19,19,19,20,20,20,20,20,20,20,20","0.0097968578338623","infomap","edit-xhwikibooks.graphml"
"0.07","0.47","0.46","0.343525517046118","1,2,1,1,3,4,3,4,5,6,7,3,8,5,4,4,6,7,9,3,10,2,8,4,5,11,4,12,13,6,7,9,14,3,9,15,16,4,10,10,10,10,2,2,2,2,10,2,2,2,10,10,10,10,10,2,2,2,2,10,17,10,10,4,5,10,10,10,10,10,2,10,11,11,10,10,10,10,10,10,10,4,12,12,12,18,10,10,10,10,19,20,21,10,10,10,22,10,10,10,10,10,10,10,10,10,10,14,14,10,10,10,10,15,15,9,9,9,9,9,9,16,16,16,16,16,16,16,16","0.0111119747161865","infomap","edit-xhwikibooks.graphml"
"0.06","0.48","0.46","0.341365903002614","1,2,1,1,3,1,3,1,1,4,5,3,6,7,8,9,4,10,5,3,11,2,6,6,7,12,7,13,2,4,10,5,14,3,8,15,16,6,11,11,11,11,2,2,2,2,11,2,2,2,11,11,11,11,11,2,2,2,2,11,17,11,11,6,7,11,11,11,11,11,2,11,12,12,11,11,11,11,11,11,11,7,13,13,13,18,11,11,11,11,19,20,21,11,11,11,9,11,11,11,11,11,11,11,11,11,11,14,14,11,11,11,11,8,8,15,15,8,15,8,15,16,16,16,16,16,16,16,16","0.00635385513305664","infomap","edit-xhwikibooks.graphml"
"0.05","0.49","0.46","0.33810462176827","1,1,2,2,2,3,2,3,4,5,6,2,7,8,4,3,5,9,6,2,10,11,7,8,4,12,4,13,14,5,9,6,15,2,16,17,3,3,10,10,10,10,11,11,11,11,10,11,11,11,10,10,10,10,10,11,11,11,11,10,18,10,10,8,4,10,10,10,10,10,11,10,12,12,10,10,10,10,10,10,10,4,13,13,13,19,10,10,10,10,20,21,22,10,10,10,23,10,10,10,10,10,10,10,10,10,10,15,15,10,10,10,10,17,17,17,17,16,17,17,17,3,3,3,3,3,3,3,3","0.00805807113647461","infomap","edit-xhwikibooks.graphml"
"0.04","0.5","0.46","0.366666232417397","1,2,1,1,3,4,3,5,4,6,7,3,5,8,9,4,6,7,10,3,2,11,5,8,9,9,9,12,13,6,7,10,14,3,10,15,16,9,2,2,2,2,11,11,11,11,2,11,11,11,2,2,2,2,2,11,11,11,11,2,17,2,2,8,9,2,2,2,2,2,11,2,9,9,2,2,2,2,2,2,2,9,12,12,12,18,2,2,2,2,19,20,21,2,2,2,4,2,2,2,2,2,2,2,2,2,2,14,14,2,2,2,2,10,15,10,15,15,10,15,10,16,16,16,16,16,16,16,16","0.0143120288848877","infomap","edit-xhwikibooks.graphml"
"0.03","0.51","0.46","0.366442595025951","1,2,1,3,4,3,4,5,3,6,7,4,8,5,9,3,6,10,7,4,11,2,8,8,9,9,5,12,13,6,10,7,14,4,15,16,17,3,11,11,11,11,2,2,2,2,11,2,2,2,11,11,11,11,11,2,2,2,2,11,18,11,11,8,3,11,11,11,11,11,2,11,3,3,11,11,11,11,11,11,11,5,12,12,12,19,11,11,11,11,20,21,22,11,11,11,3,11,11,11,11,11,11,11,11,11,11,14,14,11,11,11,11,16,16,16,16,16,15,15,15,17,17,17,17,17,17,17,17","0.00844717025756836","infomap","edit-xhwikibooks.graphml"
"0.02","0.52","0.46","0.36109005410307","1,1,2,2,2,3,2,3,4,5,6,2,7,4,7,3,5,8,6,2,9,10,7,7,11,12,4,13,14,5,8,6,15,2,11,16,17,4,9,9,9,9,10,10,10,10,9,10,10,10,9,9,9,9,9,10,10,10,10,9,18,9,9,7,11,9,9,9,9,9,10,9,12,12,9,9,9,9,9,9,9,4,13,13,13,19,9,9,9,9,20,21,22,9,9,9,3,9,9,9,9,9,9,9,9,9,9,15,15,9,9,9,9,11,16,11,16,16,16,16,11,17,17,17,17,17,17,17,17","0.0081028938293457","infomap","edit-xhwikibooks.graphml"
"0.01","0.53","0.46","0.34306836208606","1,1,2,2,2,3,2,4,3,5,6,2,7,4,3,8,5,9,6,2,10,11,7,7,4,3,3,12,1,5,9,6,13,2,14,15,16,4,10,10,10,10,11,11,11,11,10,11,11,11,10,10,10,10,10,11,11,11,11,10,17,10,10,7,4,10,10,10,10,10,11,10,3,3,10,10,10,10,10,10,10,3,12,12,12,18,10,10,10,10,19,20,21,10,10,10,8,10,10,10,10,10,10,10,10,10,10,13,13,10,10,10,10,15,15,14,14,15,14,14,14,16,3,3,3,3,16,3,3","0.010638952255249","infomap","edit-xhwikibooks.graphml"
"0","0.54","0.46","0.364831563632929","1,2,1,3,4,3,4,5,6,7,8,4,9,5,6,3,7,10,8,4,11,2,9,5,5,5,6,12,3,7,10,8,13,4,14,15,16,6,11,11,11,11,2,2,2,2,11,2,2,2,11,11,11,11,11,2,2,2,2,11,17,11,11,5,5,11,11,11,11,11,2,11,5,5,11,11,11,11,11,11,11,6,12,12,12,18,11,11,11,11,19,20,21,11,11,11,3,11,11,11,11,11,11,11,11,11,11,13,13,11,11,11,11,14,14,14,15,15,15,14,14,16,16,16,16,16,16,16,16","0.0115361213684082","infomap","edit-xhwikibooks.graphml"
"0.53","0","0.47","0.322021068831261","1,2,1,1,3,4,3,2,4,5,3,3,6,6,7,8,5,9,10,11,12,13,14,6,6,15,7,8,16,5,9,17,18,11,10,19,20,6,12,12,12,12,13,13,13,13,12,13,13,13,12,12,12,12,12,13,13,13,13,12,14,12,12,6,6,12,12,12,12,12,13,12,15,15,12,12,12,12,12,12,12,7,8,8,8,16,12,12,12,12,5,9,17,12,12,12,8,12,12,12,12,12,12,12,12,12,12,18,18,12,12,12,12,10,19,19,10,19,10,19,19,20,20,20,20,20,20,20,20","0.00585508346557617","infomap","edit-xhwikibooks.graphml"
"0.52","0.01","0.47","0.319816234365772","1,1,2,2,2,3,4,5,6,7,4,4,6,5,6,3,7,8,9,4,10,11,12,6,6,13,5,14,15,7,8,16,17,10,9,18,6,5,10,10,10,10,11,11,11,11,10,11,11,11,10,10,10,10,10,11,11,19,11,10,12,10,10,6,6,10,10,10,10,10,11,10,13,13,10,10,10,10,10,10,10,5,14,14,14,15,10,10,10,10,7,8,16,10,10,10,3,10,10,10,10,10,10,10,10,10,10,17,17,10,10,10,10,18,18,9,18,18,18,18,9,6,6,6,6,6,6,6,6","0.00615501403808594","infomap","edit-xhwikibooks.graphml"
"0.51","0.02","0.47","0.319278849527134","1,1,2,2,2,2,3,4,5,6,7,3,4,5,8,9,6,10,7,11,12,13,14,8,8,8,5,15,16,6,10,17,18,11,19,20,21,8,12,12,12,12,13,13,13,13,12,13,13,13,12,12,12,12,12,13,13,13,13,12,14,12,12,8,8,12,12,12,12,12,13,12,8,8,12,12,12,12,12,12,12,5,15,15,15,16,12,12,12,12,6,10,17,12,12,12,9,12,12,12,12,12,12,12,12,12,12,18,18,12,12,12,12,20,19,20,19,20,20,20,19,21,21,21,21,21,21,21,21","0.00778412818908691","infomap","edit-xhwikibooks.graphml"
"0.5","0.03","0.47","0.313497668703458","1,1,2,2,3,1,3,1,4,5,3,6,1,7,4,1,5,8,9,6,10,11,12,4,7,7,7,13,14,5,8,15,16,10,9,17,18,4,10,10,10,10,11,11,11,11,10,11,11,11,10,10,10,10,10,11,11,11,11,10,12,10,10,4,7,10,10,10,10,10,11,10,7,7,10,10,10,10,10,10,10,7,13,13,13,14,10,10,10,10,5,8,15,10,10,10,19,10,10,10,10,10,10,10,10,10,10,16,16,10,10,10,10,17,9,9,4,9,17,4,4,18,18,18,18,18,18,18,18","0.0060279369354248","infomap","edit-xhwikibooks.graphml"
"0.49","0.04","0.47","0.313913673351202","1,1,2,2,3,4,3,5,4,6,7,7,5,8,9,10,6,11,7,7,12,13,14,15,8,16,9,10,17,6,11,18,19,7,15,20,21,16,12,12,12,12,13,13,13,13,12,13,13,13,12,12,12,12,12,13,13,13,13,12,14,12,12,15,8,12,12,12,12,12,13,12,16,16,12,12,12,12,12,12,12,9,10,10,10,17,12,12,12,12,6,11,18,12,12,12,10,12,12,12,12,12,12,12,12,12,12,19,19,12,12,12,12,20,15,20,15,20,20,15,20,21,21,21,21,21,21,21,21","0.00941801071166992","infomap","edit-xhwikibooks.graphml"
"0.48","0.05","0.47","0.320227752030737","1,2,1,1,3,4,3,2,4,5,6,7,2,8,4,9,5,10,6,7,11,12,13,8,8,14,15,9,16,5,10,17,18,7,19,20,15,8,11,11,11,11,12,12,12,12,11,12,12,12,11,11,11,11,11,12,12,12,12,11,13,11,11,8,8,11,11,11,11,11,12,11,14,14,11,11,11,11,11,11,11,15,9,9,9,16,11,11,11,11,5,10,17,11,11,11,9,11,11,11,11,11,11,11,11,11,11,18,18,11,11,11,11,20,19,19,20,19,19,19,20,15,15,15,15,15,15,15,15","0.0115680694580078","infomap","edit-xhwikibooks.graphml"
"0.47","0.06","0.47","0.31792123652182","1,1,2,2,3,4,3,4,4,5,6,7,4,4,8,4,5,9,6,7,10,11,12,13,4,14,8,15,16,5,9,17,18,7,13,19,20,13,10,10,10,10,11,11,11,11,10,11,11,11,10,10,10,10,10,11,11,11,11,10,12,10,10,13,4,10,10,10,10,10,11,10,14,14,10,10,10,10,10,10,10,8,15,15,15,16,10,10,10,10,5,9,17,10,10,10,21,10,10,10,10,10,10,10,10,10,10,18,18,10,10,10,10,13,13,13,13,19,13,13,6,20,20,20,20,20,20,20,20","0.00776290893554688","infomap","edit-xhwikibooks.graphml"
"0.46","0.07","0.47","0.31580370276744","1,1,2,2,2,3,4,3,5,6,7,4,3,8,9,10,6,11,7,12,13,14,15,8,9,5,5,10,16,6,11,17,18,12,19,20,21,9,13,13,13,13,14,14,14,14,13,14,14,14,13,13,13,13,13,14,14,14,14,13,15,13,13,8,9,13,13,13,13,13,14,13,5,5,13,13,13,13,13,13,13,5,10,10,10,16,13,13,13,13,6,11,17,13,13,13,10,13,13,13,13,13,13,13,13,13,13,18,18,13,13,13,13,20,20,20,19,20,20,19,20,21,21,21,21,21,21,21,21","0.00958681106567383","infomap","edit-xhwikibooks.graphml"
"0.45","0.08","0.47","0.324736337355269","1,1,2,2,3,4,3,5,6,7,8,9,5,6,10,4,7,11,8,9,12,13,14,6,10,6,10,15,16,7,11,17,18,12,19,20,10,6,12,12,12,12,13,13,13,13,12,13,13,13,12,12,12,12,12,13,13,13,13,12,14,12,12,6,10,12,12,12,12,12,13,12,6,6,12,12,12,12,12,12,12,10,15,15,15,16,12,12,12,12,7,11,17,12,12,12,4,12,12,12,12,12,12,12,12,12,12,18,18,12,12,12,12,20,19,19,20,19,19,19,20,10,10,10,10,10,10,10,10","0.0076439380645752","infomap","edit-xhwikibooks.graphml"
"0.44","0.09","0.47","0.322326889671475","1,1,2,2,3,2,3,4,5,6,7,8,4,5,9,2,6,10,7,8,11,1,12,13,5,5,9,14,15,6,10,16,17,8,18,13,19,13,11,11,11,11,1,1,1,1,11,1,1,1,11,11,11,11,11,1,1,1,1,11,12,11,11,13,5,11,11,11,11,11,1,11,5,5,11,11,11,11,11,11,11,9,14,14,14,15,11,11,11,11,6,10,16,11,11,11,2,11,11,11,11,11,11,11,11,11,11,17,17,11,11,11,11,13,13,13,18,18,18,13,18,19,19,19,19,19,19,19,19","0.00765895843505859","infomap","edit-xhwikibooks.graphml"
"0.43","0.1","0.47","0.325690740543399","1,1,2,2,2,3,4,5,3,6,7,4,8,5,9,10,6,11,7,12,12,13,14,8,5,9,5,10,15,6,11,16,17,12,18,19,20,9,12,12,12,12,13,13,13,13,12,13,13,13,12,12,12,12,12,13,13,13,13,12,14,12,12,8,5,12,12,12,12,12,13,12,9,9,12,12,12,12,12,12,12,5,10,10,10,15,12,12,12,12,6,11,16,12,12,12,10,12,12,12,12,12,12,12,12,12,12,17,17,12,12,12,12,19,19,19,19,19,18,18,19,20,20,20,20,20,20,20,20","0.00912594795227051","infomap","edit-xhwikibooks.graphml"
"0.42","0.11","0.47","0.329576879210555","1,1,2,2,3,4,3,5,4,6,3,7,5,8,9,4,6,10,9,7,11,12,13,9,8,14,9,15,16,6,10,17,18,11,19,9,20,14,11,11,11,11,12,12,12,12,11,12,12,12,11,11,11,11,11,12,12,12,12,11,13,11,11,9,8,11,11,11,11,11,12,11,14,14,11,11,11,11,11,11,11,9,15,15,15,16,11,11,11,11,6,10,17,11,11,11,4,11,11,11,11,11,11,11,11,11,11,18,18,11,11,11,11,19,19,19,9,19,19,19,19,20,20,20,20,20,20,20,20","0.00580501556396484","infomap","edit-xhwikibooks.graphml"
"0.41","0.12","0.47","0.320057369976281","1,1,2,2,2,3,4,5,2,6,7,4,5,8,9,3,6,10,7,4,11,12,13,5,14,15,8,16,17,6,10,18,19,11,14,20,21,9,11,11,11,11,12,12,12,12,11,12,12,12,11,11,11,11,11,12,12,12,12,11,13,11,11,5,14,11,11,11,11,11,12,11,8,15,11,11,11,11,11,11,11,8,16,16,16,17,11,11,11,11,6,10,18,11,11,11,3,11,11,11,11,11,11,11,11,11,11,19,19,11,11,11,11,14,20,20,20,20,20,20,14,21,21,21,21,21,21,21,21","0.00924301147460938","infomap","edit-xhwikibooks.graphml"
"0.4","0.13","0.47","0.33315932126026","1,1,2,2,3,4,3,4,5,6,7,3,8,9,5,4,6,10,7,11,12,13,14,8,5,9,9,15,16,6,10,17,18,11,19,20,21,9,12,12,12,12,13,13,13,13,12,13,13,13,12,12,12,12,12,13,13,13,13,12,14,12,12,8,5,12,12,12,12,12,13,12,9,9,12,12,12,12,12,12,12,9,15,15,15,16,12,12,12,12,6,10,17,12,12,12,4,12,12,12,12,12,12,12,12,12,12,18,18,12,12,12,12,20,19,19,19,20,20,20,20,21,21,21,21,21,21,21,21","0.00945091247558594","infomap","edit-xhwikibooks.graphml"
"0.39","0.14","0.47","0.32335401321744","1,2,1,3,1,3,4,3,3,5,6,4,3,7,8,9,5,10,6,11,2,12,13,7,7,14,8,9,15,5,10,16,17,11,18,19,20,14,2,2,2,2,12,12,12,12,2,12,12,12,2,2,2,2,2,12,12,12,12,2,13,2,2,7,7,2,2,2,2,2,12,2,14,14,2,2,2,2,2,2,2,8,9,9,9,15,2,2,2,2,5,10,16,2,2,2,21,2,2,2,2,2,2,2,2,2,2,17,17,2,2,2,2,19,19,19,18,18,19,18,19,20,20,20,20,20,20,20,20","0.00601506233215332","infomap","edit-xhwikibooks.graphml"
"0.38","0.15","0.47","0.33543299056684","1,2,1,3,1,3,4,3,5,6,4,7,3,8,5,9,6,10,11,7,12,2,13,5,5,14,8,9,15,6,10,16,17,12,11,18,19,5,12,12,12,12,2,2,2,2,12,2,2,2,12,12,12,12,12,2,2,2,2,12,13,12,12,5,5,12,12,12,12,12,2,12,14,14,12,12,12,12,12,12,12,8,9,9,9,15,12,12,12,12,6,10,16,12,12,12,20,12,12,12,12,12,12,12,12,12,12,17,17,12,12,12,12,18,18,18,18,18,18,11,11,19,19,19,19,19,19,19,19","0.00761914253234863","infomap","edit-xhwikibooks.graphml"
"0.37","0.16","0.47","0.337274792250215","1,1,2,3,2,3,4,5,5,6,4,7,5,5,8,3,6,9,10,7,11,12,13,8,5,8,5,14,15,6,9,16,17,11,10,18,19,8,11,11,11,11,12,12,12,12,11,12,12,12,11,11,11,11,11,12,12,12,12,11,13,11,11,8,5,11,11,11,11,11,12,11,8,8,11,11,11,11,11,11,11,5,14,14,14,15,11,11,11,11,6,9,16,11,11,11,3,11,11,11,11,11,11,11,11,11,11,17,17,11,11,11,11,10,10,18,10,18,18,10,10,19,19,19,19,19,19,19,19","0.00585579872131348","infomap","edit-xhwikibooks.graphml"
"0.36","0.17","0.47","0.341534709581574","1,2,1,1,1,2,3,2,2,4,3,5,6,6,7,8,4,9,10,5,11,12,13,6,6,7,7,14,15,4,9,16,17,5,18,10,19,7,11,11,11,11,12,12,12,12,11,12,12,12,11,11,11,11,11,12,12,12,12,11,13,11,11,6,6,11,11,11,11,11,12,11,7,7,11,11,11,11,11,11,11,7,14,14,14,15,11,11,11,11,4,9,16,11,11,11,8,11,11,11,11,11,11,11,11,11,11,17,17,11,11,11,11,18,18,18,10,10,18,18,10,19,19,19,19,19,19,19,19","0.00773906707763672","infomap","edit-xhwikibooks.graphml"
"0.35","0.18","0.47","0.342801729724293","1,1,2,3,2,3,4,3,3,5,4,4,3,6,7,8,5,9,10,4,11,12,13,6,6,14,7,8,15,5,9,16,17,11,18,10,7,7,11,11,11,11,12,12,12,12,11,12,12,12,11,11,11,11,11,12,12,12,12,11,13,11,11,6,6,11,11,11,11,11,12,11,14,14,11,11,11,11,11,11,11,7,8,8,8,15,11,11,11,11,5,9,16,11,11,11,19,11,11,11,11,11,11,11,11,11,11,17,17,11,11,11,11,18,18,18,10,18,18,18,18,7,7,7,7,7,7,7,7","0.0092461109161377","infomap","edit-xhwikibooks.graphml"
"0.34","0.19","0.47","0.331484057968215","1,1,2,2,2,3,4,3,5,6,4,7,8,9,5,10,6,11,12,7,13,14,15,8,9,16,9,10,17,6,11,18,19,13,12,20,21,20,13,13,13,13,14,14,14,14,13,14,14,14,13,13,13,13,13,14,14,14,14,13,15,13,13,8,9,13,13,13,13,13,14,13,16,16,13,13,13,13,13,13,13,9,10,10,10,17,13,13,13,13,6,11,18,13,13,13,10,13,13,13,13,13,13,13,13,13,13,19,19,13,13,13,13,20,12,20,12,20,20,20,12,21,21,21,21,21,21,21,21","0.00766801834106445","infomap","edit-xhwikibooks.graphml"
"0.33","0.2","0.47","0.336221472770519","1,1,2,2,3,4,3,5,4,6,3,3,5,7,5,8,6,9,10,3,11,12,13,5,5,14,7,8,15,6,9,16,17,11,10,18,19,7,11,11,11,11,12,12,12,12,11,12,12,12,11,11,11,11,11,12,12,12,12,11,13,11,11,5,5,11,11,11,11,11,12,11,14,14,11,11,11,11,11,11,11,7,8,8,8,15,11,11,11,11,6,9,16,11,11,11,8,11,11,11,11,11,11,11,11,11,11,17,17,11,11,11,11,10,10,10,18,18,18,18,18,19,19,19,19,19,19,19,19","0.00761318206787109","infomap","edit-xhwikibooks.graphml"
"0.32","0.21","0.47","0.347763306472556","1,2,1,1,1,3,4,3,5,6,4,7,3,8,5,9,6,10,11,7,12,2,13,8,5,5,8,9,14,6,10,15,16,7,11,17,18,5,12,12,12,12,2,2,2,2,12,2,2,2,12,12,12,12,12,2,2,2,2,12,13,12,12,8,5,12,12,12,12,12,2,12,5,5,12,12,12,12,12,12,12,8,9,9,9,14,12,12,12,12,6,10,15,12,12,12,19,12,12,12,12,12,12,12,12,12,12,16,16,12,12,12,12,17,11,11,11,17,17,11,17,18,18,18,18,18,18,18,18","0.00588393211364746","infomap","edit-xhwikibooks.graphml"
"0.31","0.22","0.47","0.326805696357155","1,1,2,2,3,4,3,5,5,6,7,3,5,8,9,4,6,10,7,3,11,12,13,14,9,15,8,16,17,6,10,18,19,3,20,14,21,14,11,11,11,11,12,12,12,12,11,12,12,12,11,11,11,11,11,12,12,12,12,11,13,11,11,14,9,11,11,11,11,11,12,11,15,15,11,11,11,11,11,11,11,8,16,16,16,17,11,11,11,11,6,10,18,11,11,11,4,11,11,11,11,11,11,11,11,11,11,19,19,11,11,11,11,14,14,14,14,20,14,14,20,21,21,21,21,21,21,21,21","0.00966000556945801","infomap","edit-xhwikibooks.graphml"
"0.3","0.23","0.47","0.330474970366734","1,1,2,2,3,4,3,5,4,6,7,8,9,5,10,4,6,11,7,8,12,13,14,9,10,15,15,16,17,6,11,18,19,12,20,21,22,5,12,12,12,12,13,13,13,13,12,13,13,13,12,12,12,12,12,13,13,13,13,12,14,12,12,9,10,12,12,12,12,12,13,12,15,15,12,12,12,12,12,12,12,15,16,16,16,17,12,12,12,12,6,11,18,12,12,12,4,12,12,12,12,12,12,12,12,12,12,19,19,12,12,12,12,20,21,20,21,20,20,20,21,22,22,22,22,22,22,22,22","0.00623703002929688","infomap","edit-xhwikibooks.graphml"
"0.29","0.24","0.47","0.334358784018391","1,1,2,2,2,3,4,5,3,6,4,7,5,8,9,3,6,10,11,7,12,13,14,8,8,15,9,16,17,6,10,18,19,7,11,20,21,8,12,12,12,12,13,13,13,13,12,13,13,13,12,12,12,12,12,13,13,13,13,12,14,12,12,8,8,12,12,12,12,12,13,12,15,9,12,12,12,12,12,12,12,9,16,16,16,17,12,12,12,12,6,10,18,12,12,12,3,12,12,12,12,12,12,12,12,12,12,19,19,12,12,12,12,11,20,20,20,20,20,20,20,21,21,21,21,21,21,21,21","0.0095980167388916","infomap","edit-xhwikibooks.graphml"
"0.28","0.25","0.47","0.338378339503553","1,1,2,2,3,4,3,5,4,6,7,3,8,5,9,10,6,11,7,12,13,14,15,8,9,16,5,10,17,6,11,18,19,12,20,21,22,5,13,13,13,13,14,14,14,14,13,14,14,14,13,13,13,13,13,14,14,14,14,13,15,13,13,8,9,13,13,13,13,13,14,13,16,16,13,13,13,13,13,13,13,5,10,10,10,17,13,13,13,13,6,11,18,13,13,13,10,13,13,13,13,13,13,13,13,13,13,19,19,13,13,13,13,20,20,20,21,21,21,20,21,22,22,22,22,22,22,22,22","0.00608682632446289","infomap","edit-xhwikibooks.graphml"
"0.27","0.26","0.47","0.333722216744991","1,2,1,1,3,4,3,5,4,6,7,8,5,5,9,10,6,11,7,8,2,12,13,5,5,14,5,10,15,6,11,16,17,2,18,19,20,9,2,2,2,2,12,12,12,12,2,12,12,12,2,2,2,2,2,12,12,12,12,2,13,2,2,5,5,2,2,2,2,2,12,2,14,14,2,2,2,2,2,2,2,5,10,10,10,15,2,2,2,2,6,11,16,2,2,2,10,2,2,2,2,2,2,2,2,2,2,17,17,2,2,2,2,19,19,18,18,19,19,19,18,20,20,20,20,20,20,20,20","0.00766897201538086","infomap","edit-xhwikibooks.graphml"
"0.26","0.27","0.47","0.34645606474754","1,1,2,2,3,4,3,4,4,5,3,6,7,4,8,4,5,9,3,6,10,1,11,7,4,12,8,13,14,5,9,15,16,10,17,18,8,4,10,10,10,10,1,1,1,1,10,1,1,1,10,10,10,10,10,1,1,1,1,10,11,10,10,7,4,10,10,10,10,10,1,10,12,12,10,10,10,10,10,10,10,8,13,13,13,14,10,10,10,10,5,9,15,10,10,10,19,10,10,10,10,10,10,10,10,10,10,16,16,10,10,10,10,17,18,17,18,17,18,17,18,8,8,8,8,8,8,8,8","0.00609707832336426","infomap","edit-xhwikibooks.graphml"
"0.25","0.28","0.47","0.338514387633769","1,1,2,2,2,3,4,3,3,5,4,4,6,3,7,3,5,8,7,9,9,10,11,6,3,12,3,13,14,5,8,15,16,9,7,17,18,3,9,9,9,9,10,10,10,10,9,10,10,10,9,9,9,9,9,10,10,10,10,9,11,9,9,6,3,9,9,9,9,9,10,9,12,12,9,9,9,9,9,9,9,3,13,13,13,14,9,9,9,9,5,8,15,9,9,9,19,9,9,9,9,9,9,9,9,9,9,16,16,9,9,9,9,17,7,17,17,17,7,7,7,18,18,18,18,18,18,18,18","0.0057981014251709","infomap","edit-xhwikibooks.graphml"
"0.24","0.29","0.47","0.341505541895286","1,1,2,2,2,3,4,5,3,6,4,7,8,5,9,10,6,11,12,7,13,14,15,8,9,16,9,10,17,6,11,18,19,7,20,12,21,9,13,13,13,13,14,14,14,14,13,14,14,14,13,13,13,13,13,14,14,14,14,13,15,13,13,8,9,13,13,13,13,13,14,13,16,16,13,13,13,13,13,13,13,9,10,10,10,17,13,13,13,13,6,11,18,13,13,13,10,13,13,13,13,13,13,13,13,13,13,19,19,13,13,13,13,12,12,20,12,20,20,12,12,21,21,21,21,21,21,21,21","0.0059511661529541","infomap","edit-xhwikibooks.graphml"
"0.23","0.3","0.47","0.343799607639737","1,2,1,3,1,3,4,5,5,6,7,4,8,5,9,3,6,10,7,11,12,2,13,8,9,14,5,15,16,6,10,17,18,11,19,9,20,8,12,12,12,12,2,2,2,2,12,2,2,2,12,12,12,12,12,2,2,2,2,12,13,12,12,8,9,12,12,12,12,12,2,12,14,14,12,12,12,12,12,12,12,5,15,15,15,16,12,12,12,12,6,10,17,12,12,12,3,12,12,12,12,12,12,12,12,12,12,18,18,12,12,12,12,9,19,19,9,9,9,19,19,20,20,20,20,20,20,20,20","0.0109179019927979","infomap","edit-xhwikibooks.graphml"
"0.22","0.31","0.47","0.346652965397091","1,2,1,1,3,4,3,2,4,5,3,3,6,7,4,4,5,8,9,10,11,12,13,6,4,7,4,14,15,5,8,16,17,10,18,9,19,4,11,11,11,11,12,12,12,12,11,12,12,12,11,11,11,11,11,12,12,12,12,11,13,11,11,6,4,11,11,11,11,11,12,11,7,7,11,11,11,11,11,11,11,4,14,14,14,15,11,11,11,11,5,8,16,11,11,11,20,11,11,11,11,11,11,11,11,11,11,17,17,11,11,11,11,9,18,18,9,18,18,9,18,19,19,19,19,19,19,19,19","0.00739598274230957","infomap","edit-xhwikibooks.graphml"
"0.21","0.32","0.47","0.342924929232217","1,1,2,2,3,4,3,4,5,6,7,3,8,4,5,9,6,10,7,11,12,13,14,8,4,15,4,9,16,6,10,17,18,11,19,20,21,5,12,12,12,12,13,13,13,13,12,13,13,13,12,12,12,12,12,13,13,13,13,12,14,12,12,8,4,12,12,12,12,12,13,12,15,15,12,12,12,12,12,12,12,4,9,9,9,16,12,12,12,12,6,10,17,12,12,12,22,12,12,12,12,12,12,12,12,12,12,18,18,12,12,12,12,19,19,19,20,20,19,20,19,21,21,21,21,21,21,21,21","0.0078270435333252","infomap","edit-xhwikibooks.graphml"
"0.2","0.33","0.47","0.334480463917917","1,1,2,2,3,4,3,4,5,6,7,8,9,10,5,4,6,11,7,8,12,13,14,9,10,15,15,16,17,6,11,18,19,8,20,21,22,5,12,12,12,12,13,13,13,13,12,13,13,13,12,12,12,12,12,13,13,13,13,12,14,12,12,9,10,12,12,12,12,12,13,12,15,15,12,12,12,12,12,12,12,15,16,16,16,17,12,12,12,12,6,11,18,12,12,12,4,12,12,12,12,12,12,12,12,12,12,19,19,8,12,12,12,20,21,20,21,20,20,21,20,22,22,22,22,22,22,22,22","0.00613594055175781","infomap","edit-xhwikibooks.graphml"
"0.19","0.34","0.47","0.343713944915847","1,2,1,1,1,3,4,3,5,6,4,7,8,5,9,10,6,11,12,7,2,13,14,8,9,5,5,10,15,6,11,16,17,2,18,12,19,9,2,2,2,2,13,13,13,13,2,13,13,13,2,2,2,2,2,13,13,13,13,2,14,2,2,8,9,2,2,2,2,2,13,2,5,5,2,2,2,2,2,2,2,5,10,10,10,15,2,2,2,2,6,11,16,2,2,2,10,2,2,2,2,2,2,2,2,2,2,17,17,2,2,2,2,18,18,12,12,12,18,18,12,19,19,19,19,19,19,19,19","0.00572299957275391","infomap","edit-xhwikibooks.graphml"
"0.18","0.35","0.47","0.344105425007981","1,1,2,2,3,4,3,4,5,6,3,7,8,9,5,10,6,11,12,7,13,14,15,8,9,16,17,10,18,6,11,19,20,13,17,12,21,9,13,13,13,13,14,14,14,14,13,14,14,14,13,13,13,13,13,14,14,14,14,13,15,13,13,8,9,13,13,13,13,13,14,13,16,16,13,13,13,13,13,13,13,17,10,10,10,18,13,13,13,13,6,11,19,13,13,13,10,13,13,13,13,13,13,13,13,13,13,20,20,13,13,13,13,17,17,12,12,17,12,12,17,21,21,21,21,21,21,21,21","0.00590682029724121","infomap","edit-xhwikibooks.graphml"
"0.17","0.36","0.47","0.347970753853668","1,2,1,1,1,2,3,2,4,5,3,6,7,8,4,9,5,10,3,6,11,12,13,7,8,14,8,9,15,5,10,16,17,11,18,19,4,8,11,11,11,11,12,12,12,12,11,12,12,12,11,11,11,11,11,12,12,12,12,11,13,11,11,7,8,11,11,11,11,11,12,11,14,14,11,11,11,11,11,11,11,8,9,9,9,15,11,11,11,11,5,10,16,11,11,11,9,11,11,11,11,11,11,11,11,11,11,17,17,11,11,11,11,19,19,19,19,19,18,19,18,4,4,4,4,4,4,4,4","0.0060420036315918","infomap","edit-xhwikibooks.graphml"
"0.16","0.37","0.47","0.348849139439443","1,1,2,2,3,4,3,5,4,6,7,8,9,5,10,11,6,12,7,8,13,14,15,9,5,10,10,11,16,6,12,17,18,13,19,20,21,10,13,13,13,13,14,14,14,14,13,14,14,14,13,13,13,13,13,14,14,14,14,13,15,13,13,9,5,13,13,13,13,13,14,13,10,10,13,13,13,13,13,13,13,10,11,11,11,16,13,13,13,13,6,12,17,13,13,13,11,13,13,13,13,13,13,13,13,13,13,18,18,13,13,13,13,20,20,19,20,20,19,19,19,21,21,21,21,21,21,21,21","0.00758600234985352","infomap","edit-xhwikibooks.graphml"
"0.15","0.38","0.47","0.348257473360902","1,1,2,3,2,4,5,6,3,7,5,8,6,3,3,4,7,9,5,8,10,11,12,13,3,14,3,15,16,7,9,17,18,10,19,20,21,14,10,10,10,10,11,11,11,11,10,11,11,11,10,10,10,10,10,11,11,11,11,10,12,10,10,13,3,10,10,10,10,10,11,10,14,14,10,10,10,10,10,10,10,3,15,15,15,16,10,10,10,10,7,9,17,10,10,10,4,10,10,10,10,10,10,10,10,10,10,18,18,10,10,10,10,19,20,19,20,20,20,20,20,21,21,21,21,21,21,21,21","0.00600314140319824","infomap","edit-xhwikibooks.graphml"
"0.14","0.39","0.47","0.336452127937532","1,1,2,3,2,3,4,5,3,6,7,4,8,5,9,10,6,11,7,12,1,13,14,8,9,15,9,10,16,6,11,17,18,12,19,20,21,9,1,1,1,1,13,13,13,13,1,13,13,13,1,1,1,1,1,13,13,13,13,1,14,1,1,8,9,1,1,1,1,1,13,1,15,15,1,1,1,1,1,1,1,9,10,10,10,16,1,1,1,1,6,11,17,1,1,1,10,1,1,1,1,1,1,1,1,1,1,18,18,12,1,1,1,20,19,19,19,19,20,20,19,21,21,21,21,21,21,21,21","0.00748705863952637","infomap","edit-xhwikibooks.graphml"
"0.13","0.4","0.47","0.349926977927028","1,1,2,2,3,4,3,5,4,6,7,8,5,9,9,10,6,11,7,8,12,13,14,15,9,16,16,10,17,6,11,18,19,8,20,9,21,16,12,12,12,12,13,13,13,13,12,13,13,13,12,12,12,12,12,13,13,13,13,12,14,12,12,15,9,12,12,12,12,12,13,12,16,16,12,12,12,12,12,12,12,16,10,10,10,17,12,12,12,12,6,11,18,12,12,12,10,12,12,12,12,12,12,12,12,12,12,19,19,12,12,12,12,20,9,20,9,20,20,9,20,21,21,21,21,21,21,21,21","0.00949406623840332","infomap","edit-xhwikibooks.graphml"
"0.12","0.41","0.47","0.34489210251063","1,1,2,2,3,4,3,4,5,6,7,8,9,10,5,11,6,12,7,8,13,14,15,9,5,16,10,11,17,6,12,18,19,13,20,21,22,10,13,13,13,13,14,14,14,14,13,14,14,14,13,13,13,13,13,14,14,14,14,13,15,13,13,9,5,13,13,13,13,13,14,13,16,16,13,13,13,13,13,13,13,10,11,11,11,17,13,13,13,13,6,12,18,13,13,13,11,13,13,13,13,13,13,13,13,13,13,19,19,13,13,13,13,21,20,21,21,21,20,21,21,22,22,22,22,22,22,22,22","0.00583696365356445","infomap","edit-xhwikibooks.graphml"
"0.11","0.42","0.47","0.335933789820426","1,2,1,3,4,3,4,3,3,5,6,4,7,8,9,3,5,10,6,4,2,11,7,8,9,12,9,13,14,5,10,15,16,4,17,18,19,8,2,2,2,2,11,11,11,11,2,11,11,11,2,2,2,2,2,11,11,11,11,2,7,2,2,8,9,2,2,2,2,2,11,2,12,12,2,2,2,2,2,2,2,9,13,13,13,14,2,2,2,2,5,10,15,2,2,2,3,2,2,2,2,2,2,2,2,2,2,16,16,2,2,2,2,17,18,18,17,18,17,18,18,19,19,19,19,19,19,19,19","0.00808596611022949","infomap","edit-xhwikibooks.graphml"
"0.1","0.43","0.47","0.341327049495834","1,1,2,2,2,3,2,4,3,5,6,2,4,7,8,3,5,9,6,2,10,1,11,7,8,12,4,13,14,5,9,15,16,2,8,17,18,4,10,10,10,10,1,1,1,1,10,1,1,1,10,10,10,10,10,1,1,1,1,10,11,10,10,7,8,10,10,10,10,10,1,10,12,12,10,10,10,10,10,10,10,4,13,13,13,14,10,10,10,10,5,9,15,10,10,10,3,10,10,10,10,10,10,10,10,10,10,16,16,10,10,10,10,17,17,17,17,17,17,17,8,18,18,18,18,18,18,18,18","0.00968098640441895","infomap","edit-xhwikibooks.graphml"
"0.09","0.44","0.47","0.345995640763898","1,1,2,2,2,3,2,3,4,5,6,2,7,3,4,3,5,8,6,2,9,10,11,7,3,12,3,13,14,5,8,15,16,2,17,18,19,4,9,9,9,9,10,10,10,10,9,10,10,10,9,9,9,9,9,10,10,10,10,9,11,9,9,7,3,9,9,9,9,9,10,9,12,12,9,9,9,9,9,9,9,3,13,13,13,14,9,9,9,9,5,8,15,9,9,9,20,9,9,9,9,9,9,9,9,9,9,16,16,9,9,9,9,17,18,17,18,17,18,17,18,19,19,19,19,19,19,19,19","0.0113091468811035","infomap","edit-xhwikibooks.graphml"
"0.08","0.45","0.47","0.350568027806891","1,1,2,2,2,3,2,3,3,4,5,2,6,3,7,3,4,8,5,2,9,10,11,6,7,12,3,13,14,4,8,15,16,2,17,18,7,3,9,9,9,9,10,10,10,10,9,10,10,10,9,9,9,9,9,10,10,10,10,9,11,9,9,6,7,9,9,9,9,9,10,9,12,12,9,9,9,9,9,9,9,3,13,13,13,14,9,9,9,9,4,8,15,9,9,9,3,9,9,9,9,9,9,9,9,9,9,16,16,9,9,9,9,18,18,17,17,18,18,17,18,7,7,7,7,7,7,7,7","0.0110828876495361","infomap","edit-xhwikibooks.graphml"
"0.07","0.46","0.47","0.373223634828298","1,1,2,2,2,3,2,3,4,5,6,2,7,8,9,3,5,10,6,2,11,12,13,7,8,14,8,15,16,5,10,17,18,2,19,19,4,9,11,11,11,11,12,12,12,12,11,12,12,12,11,11,11,11,11,12,12,12,12,11,13,11,11,7,8,11,11,11,11,11,12,11,14,14,11,11,11,11,11,11,11,8,15,15,15,16,11,11,11,11,5,10,17,11,11,11,3,11,11,11,11,11,11,11,11,11,11,18,18,11,11,11,11,19,19,19,19,19,19,19,19,4,4,4,4,4,4,4,4","0.00989985466003418","infomap","edit-xhwikibooks.graphml"
"0.06","0.47","0.47","0.348851100551365","1,2,1,3,4,3,4,2,3,5,6,4,7,2,8,3,5,9,6,4,10,11,12,7,8,13,8,14,15,5,9,16,17,4,18,19,20,8,10,10,10,10,11,11,11,11,10,11,11,11,10,10,10,10,10,11,11,11,11,10,12,10,10,7,8,10,10,10,10,10,11,10,13,13,10,10,10,10,10,10,10,8,14,14,14,15,10,10,10,10,5,9,16,10,10,10,3,10,10,10,10,10,10,10,10,10,10,17,17,10,10,10,10,18,18,19,19,19,19,18,18,20,20,20,20,20,20,20,20","0.0128939151763916","infomap","edit-xhwikibooks.graphml"
"0.05","0.48","0.47","0.340223916067511","1,2,1,1,3,4,3,5,4,6,7,3,8,5,4,4,6,7,9,3,10,11,8,4,4,12,12,13,2,6,7,9,14,3,15,9,12,12,10,10,10,10,11,11,11,11,10,11,11,11,10,10,10,10,10,11,11,11,11,10,16,10,10,4,4,10,10,10,10,10,11,10,12,12,10,10,10,10,10,10,10,12,13,13,13,17,10,10,10,10,18,19,20,10,10,10,21,10,10,10,10,10,10,10,10,10,10,14,14,10,10,10,10,15,15,9,15,9,15,15,9,12,12,12,12,12,12,12,12","0.0115120410919189","infomap","edit-xhwikibooks.graphml"
"0.04","0.49","0.47","0.334083582958562","1,1,2,2,2,3,2,3,4,5,6,2,7,3,4,3,5,8,6,2,1,9,7,4,4,10,4,11,1,5,8,6,12,2,13,14,15,14,1,1,1,1,9,9,9,9,1,9,9,9,1,1,1,1,1,9,9,9,9,1,16,1,1,4,4,1,1,1,1,1,9,1,10,10,1,1,1,1,1,1,1,4,11,11,11,17,1,1,1,1,18,19,20,1,1,1,3,1,1,1,1,1,1,1,1,1,1,12,12,1,1,1,1,13,13,14,13,14,13,14,13,15,15,15,15,15,15,15,15","0.016247034072876","infomap","edit-xhwikibooks.graphml"
"0.03","0.5","0.47","0.371874119017519","1,2,1,1,3,4,3,2,4,5,6,3,7,8,9,4,5,10,6,3,11,12,7,9,9,8,8,13,2,5,10,6,14,3,15,16,17,9,11,11,11,11,12,12,12,12,11,12,12,12,11,11,11,11,11,12,12,12,12,11,18,11,11,9,9,11,11,11,11,11,12,11,8,8,11,11,11,11,11,11,11,8,13,13,13,19,11,11,11,11,20,21,22,11,11,11,4,11,11,11,11,11,11,11,11,11,11,14,14,11,11,11,11,16,15,16,15,15,15,15,15,17,17,17,17,17,17,17,17","0.00862503051757812","infomap","edit-xhwikibooks.graphml"
"0.02","0.51","0.47","0.364073242629584","1,1,2,2,2,3,2,4,3,5,6,2,7,8,9,3,5,10,6,2,11,12,7,7,4,8,9,13,1,5,10,6,14,2,15,16,4,4,11,11,11,11,12,12,12,12,11,12,12,12,11,11,11,11,11,12,12,12,12,11,17,11,11,7,4,11,11,11,11,11,12,11,8,8,11,11,11,11,11,11,11,9,13,13,13,18,11,11,11,11,19,20,21,11,11,11,3,11,11,11,11,11,11,11,11,11,11,14,14,11,11,11,11,16,16,15,16,15,15,16,16,4,4,4,4,4,4,4,4","0.011218786239624","infomap","edit-xhwikibooks.graphml"
"0.01","0.52","0.47","0.384263418119059","1,1,2,2,2,3,2,1,3,4,5,2,6,1,1,3,4,7,5,2,8,9,6,1,1,1,1,10,11,4,7,5,12,2,13,14,15,1,8,8,8,8,9,9,9,9,8,9,9,9,8,8,8,8,8,9,9,9,9,8,16,8,8,1,1,8,8,8,8,8,9,8,1,1,8,8,8,8,8,8,8,1,10,10,10,17,8,8,8,8,18,19,20,8,8,8,3,8,8,8,8,8,8,8,8,8,8,12,12,8,8,8,8,13,13,14,13,14,14,13,14,15,15,15,15,15,15,15,15","0.00970792770385742","infomap","edit-xhwikibooks.graphml"
"0","0.53","0.47","0.371819321008392","1,2,1,3,4,5,4,2,3,6,7,4,8,9,3,5,6,7,10,4,11,12,8,8,9,3,9,13,2,6,7,10,14,4,15,10,16,3,11,11,11,11,12,12,12,12,11,12,12,12,11,11,11,11,11,12,12,12,12,11,17,11,11,8,9,11,11,11,11,11,12,11,3,3,11,11,11,11,11,11,11,9,13,13,13,18,11,11,11,11,19,20,21,11,11,11,5,11,11,11,11,11,11,11,11,11,11,14,14,11,11,11,11,10,10,15,15,15,15,10,15,16,16,16,16,16,16,16,16","0.00813603401184082","infomap","edit-xhwikibooks.graphml"
"0.52","0","0.48","0.32079425902507","1,1,2,2,3,4,3,4,5,6,7,8,9,4,5,4,6,10,7,8,11,12,13,9,5,14,5,15,16,6,10,17,18,8,19,20,21,4,11,11,11,11,12,12,12,12,11,12,12,12,11,11,11,11,11,12,12,12,12,11,13,11,11,9,5,11,11,11,11,11,12,11,14,14,11,11,11,11,11,11,11,5,15,15,15,16,11,11,11,11,6,10,17,11,11,11,4,11,11,11,11,11,11,11,11,11,11,18,18,11,11,11,11,19,20,20,20,19,19,19,20,21,21,21,21,21,21,21,21","0.00976705551147461","infomap","edit-xhwikibooks.graphml"
"0.51","0.01","0.48","0.317502957653081","1,1,2,3,2,3,4,5,6,7,8,4,9,5,6,10,7,11,8,4,12,13,14,9,5,15,5,10,16,7,11,17,18,12,19,20,21,5,12,12,12,12,13,13,13,13,12,13,13,13,12,12,12,12,12,13,13,13,13,12,14,12,12,9,5,12,12,12,12,12,13,12,15,15,12,12,12,12,12,12,12,5,10,10,10,16,12,12,12,12,7,11,17,12,12,12,10,12,12,12,12,12,12,12,12,12,12,18,18,12,12,12,12,19,19,20,19,19,20,20,20,21,21,21,21,21,21,21,21","0.00954699516296387","infomap","edit-xhwikibooks.graphml"
"0.5","0.02","0.48","0.317548602592911","1,1,2,2,3,4,3,4,5,6,3,7,4,8,5,4,6,9,10,7,11,12,13,5,8,14,5,15,16,6,9,17,18,7,19,10,20,8,11,11,11,11,12,12,12,12,11,12,12,12,11,11,11,11,11,12,12,12,12,11,13,11,11,5,8,11,11,11,11,11,12,11,14,14,11,11,11,11,11,11,11,5,15,15,15,16,11,11,11,11,6,9,17,11,11,11,21,11,11,11,11,11,11,11,11,11,11,18,18,7,11,11,11,19,19,19,19,10,10,19,10,20,20,20,20,20,20,20,20","0.0112318992614746","infomap","edit-xhwikibooks.graphml"
"0.49","0.03","0.48","0.316704382433245","1,1,2,2,2,3,4,5,3,6,7,4,5,8,9,10,6,11,7,4,12,13,14,8,9,15,8,10,16,6,11,17,18,12,19,20,21,21,12,12,12,12,13,13,13,13,12,13,13,13,12,12,12,12,12,13,13,13,13,12,14,12,12,8,9,12,12,12,12,12,13,12,15,15,12,12,12,12,12,12,12,8,10,10,10,16,12,12,12,12,6,11,17,12,12,12,10,12,12,12,12,12,12,12,12,12,12,18,18,12,12,12,12,19,19,20,19,19,20,19,20,21,21,21,21,21,21,21,21","0.00757598876953125","infomap","edit-xhwikibooks.graphml"
"0.48","0.04","0.48","0.321608195796271","1,1,2,2,2,3,4,3,3,5,4,6,7,3,8,9,5,10,11,6,12,13,14,7,15,3,8,16,17,5,10,18,19,6,11,20,15,3,12,12,12,12,13,13,13,13,12,13,13,13,12,12,12,12,12,13,13,13,13,12,14,12,12,7,15,12,12,12,12,12,13,12,3,3,12,12,12,12,12,12,12,8,16,16,16,17,12,12,12,12,5,10,18,12,12,12,9,12,12,12,12,12,12,12,12,12,12,19,19,12,12,12,12,20,20,11,11,20,20,20,20,15,15,15,15,15,15,15,15","0.0061500072479248","infomap","edit-xhwikibooks.graphml"
"0.47","0.05","0.48","0.317357421363215","1,1,2,2,2,3,4,3,5,6,4,7,3,8,5,3,6,9,4,7,10,11,12,5,5,13,8,14,15,6,9,16,17,10,18,19,20,8,10,10,10,10,11,11,11,11,10,11,11,11,10,10,10,10,10,11,11,11,11,10,12,10,10,5,5,10,10,10,10,10,11,10,13,13,10,10,10,10,10,10,10,8,14,14,14,15,10,10,10,10,6,9,16,10,10,10,21,10,10,10,10,10,10,10,10,10,10,17,17,10,10,10,10,19,19,18,18,18,19,19,19,20,20,20,20,20,20,20,20","0.00933599472045898","infomap","edit-xhwikibooks.graphml"
"0.46","0.06","0.48","0.319698859574248","1,1,2,2,3,4,3,5,4,6,7,8,9,5,10,11,6,12,7,8,13,14,15,9,5,16,5,11,17,6,12,18,19,8,20,21,22,10,13,13,13,13,14,14,14,14,13,14,14,14,13,13,13,13,13,14,14,14,14,13,15,13,13,9,5,13,13,13,13,13,14,13,16,16,13,13,13,13,13,13,13,5,11,11,11,17,13,13,13,13,6,12,18,13,13,13,11,13,13,13,13,13,13,13,13,13,13,19,19,13,13,13,13,20,20,21,21,20,20,20,21,22,22,22,22,22,22,22,22","0.00979089736938477","infomap","edit-xhwikibooks.graphml"
"0.45","0.07","0.48","0.325260616655836","1,2,1,1,3,2,3,2,4,5,3,3,6,7,4,8,5,9,3,10,11,12,13,6,7,7,4,8,14,5,9,15,16,10,17,18,19,4,11,11,11,11,12,12,12,12,11,12,12,12,11,11,11,11,11,12,12,12,12,11,13,11,11,6,7,11,11,11,11,11,12,11,7,7,11,11,11,11,11,11,11,4,8,8,8,14,11,11,11,11,5,9,15,11,11,11,20,11,11,11,11,11,11,11,11,11,11,16,16,11,11,11,11,17,18,18,18,17,17,17,18,19,19,19,19,19,19,19,19","0.00626516342163086","infomap","edit-xhwikibooks.graphml"
"0.44","0.08","0.48","0.321019122664628","1,2,1,1,3,1,3,4,5,6,7,3,4,8,5,9,6,10,7,11,11,2,12,8,5,13,8,9,14,6,10,15,16,11,17,18,19,8,11,11,11,11,2,2,2,2,11,2,2,2,11,11,11,11,11,2,2,2,2,11,12,11,11,8,5,11,11,11,11,11,2,11,13,13,11,11,11,11,11,11,11,8,9,9,9,14,11,11,11,11,6,10,15,11,11,11,20,11,11,11,11,11,11,11,11,11,11,16,16,11,11,11,11,17,17,18,17,18,18,17,17,19,19,19,19,19,19,19,19","0.00634098052978516","infomap","edit-xhwikibooks.graphml"
"0.43","0.09","0.48","0.321054312746125","1,2,1,1,3,2,3,2,4,5,3,6,7,8,4,2,5,9,10,6,11,12,13,7,8,14,8,15,16,5,9,17,18,6,19,10,20,8,11,11,11,11,12,12,12,12,11,12,12,12,11,11,11,11,11,12,12,12,12,11,13,11,11,7,8,11,11,11,11,11,12,11,14,14,11,11,11,11,11,11,11,8,15,15,15,16,11,11,11,11,5,9,17,11,11,11,21,11,11,11,11,11,11,11,11,11,11,18,18,11,11,11,11,10,19,10,19,19,10,10,19,20,20,20,20,20,20,20,20","0.00786614418029785","infomap","edit-xhwikibooks.graphml"
"0.42","0.1","0.48","0.31856015346973","1,1,2,2,2,3,4,5,6,7,8,4,9,5,6,3,7,10,8,11,12,13,14,9,5,15,5,16,17,7,10,18,19,11,20,6,21,5,12,12,12,12,13,13,13,13,12,13,13,13,12,12,12,12,12,13,13,13,13,12,14,12,12,9,5,12,12,12,12,12,13,12,15,15,12,12,12,12,12,12,12,5,16,16,16,17,12,12,12,12,7,10,18,12,12,12,3,12,12,12,12,12,12,12,12,12,12,19,19,12,12,12,12,6,6,6,6,6,6,20,6,21,21,21,21,21,21,21,21","0.00802898406982422","infomap","edit-xhwikibooks.graphml"
"0.41","0.11","0.48","0.312140361410389","1,1,2,3,2,3,4,5,6,7,8,4,9,5,6,10,7,11,8,12,13,14,15,9,5,16,5,17,18,7,11,19,20,12,21,22,23,6,13,13,13,13,14,14,14,14,13,14,14,14,13,13,13,13,13,14,14,14,14,13,15,13,13,9,5,13,13,13,13,13,14,13,16,16,13,13,13,13,13,13,13,5,17,17,17,18,13,13,13,13,7,11,19,13,13,13,10,13,13,13,13,13,13,13,13,13,13,20,20,13,13,13,13,21,22,6,6,22,21,22,22,23,23,23,23,23,23,23,23","0.00796079635620117","infomap","edit-xhwikibooks.graphml"
"0.4","0.12","0.48","0.323494701723611","1,1,2,2,2,2,3,4,4,5,6,3,4,4,7,2,5,8,6,9,10,1,11,7,7,12,4,13,14,5,8,15,16,9,7,17,18,4,10,10,10,10,1,1,1,1,10,1,1,1,10,10,10,10,10,1,1,1,1,10,11,10,10,7,7,10,10,10,10,10,1,10,12,12,10,10,10,10,10,10,10,4,13,13,13,14,10,10,10,10,5,8,15,10,10,10,19,10,10,10,10,10,10,10,10,10,10,16,16,10,10,10,10,17,17,17,7,17,7,7,17,18,18,18,18,18,18,18,18","0.00784206390380859","infomap","edit-xhwikibooks.graphml"
"0.39","0.13","0.48","0.326366516856912","1,1,2,2,2,3,4,5,3,6,4,7,5,8,9,10,6,11,12,7,13,14,15,9,9,8,9,10,16,6,11,17,18,13,12,19,20,9,13,13,13,13,14,14,14,14,13,14,14,14,13,13,13,13,13,14,14,14,14,13,15,13,13,9,9,13,13,13,13,13,14,13,8,8,13,13,13,13,13,13,13,9,10,10,10,16,13,13,13,13,6,11,17,13,13,13,10,13,13,13,13,13,13,13,13,13,13,18,18,13,13,13,13,19,12,12,12,19,12,19,12,20,20,20,20,20,20,20,20","0.00835490226745605","infomap","edit-xhwikibooks.graphml"
"0.38","0.14","0.48","0.325384318937059","1,1,2,3,2,3,4,5,3,6,4,7,8,5,9,10,6,11,12,7,13,14,15,8,9,16,9,10,17,6,11,18,19,7,12,20,21,9,13,13,13,13,14,14,14,14,13,14,14,14,13,13,13,13,13,14,14,14,14,13,15,13,13,8,9,13,13,13,13,13,14,13,16,16,13,13,13,13,13,13,13,9,10,10,10,17,13,13,13,13,6,11,18,13,13,13,10,13,13,13,13,13,13,13,13,13,13,19,19,13,13,13,13,20,20,20,20,12,12,20,12,21,21,21,21,21,21,21,21","0.0079350471496582","infomap","edit-xhwikibooks.graphml"
"0.37","0.15","0.48","0.315677696004779","1,2,1,1,1,3,4,5,3,6,7,4,8,5,3,3,6,9,7,10,2,11,12,8,5,13,5,14,15,6,9,16,17,10,18,19,20,5,2,2,2,2,11,11,11,11,2,11,11,11,2,2,2,2,2,11,11,11,11,2,12,2,2,8,5,2,2,2,2,2,11,2,13,13,2,2,2,2,2,2,2,5,14,14,14,15,2,2,2,2,6,9,16,2,2,2,21,2,2,2,2,2,2,2,2,2,2,17,17,10,2,2,2,19,18,18,19,18,18,19,18,20,20,20,20,20,20,20,20","0.00616884231567383","infomap","edit-xhwikibooks.graphml"
"0.36","0.16","0.48","0.312379364421865","1,1,2,3,2,3,4,5,3,6,7,4,5,8,9,10,6,11,7,4,12,13,14,8,9,15,15,10,16,6,11,17,18,4,19,20,21,9,12,12,12,12,13,13,13,13,12,13,13,13,12,12,12,12,12,13,13,13,13,12,14,12,12,8,9,12,12,12,12,12,13,12,15,15,12,12,12,12,12,12,12,15,10,10,10,16,12,12,12,12,6,11,17,12,12,12,10,12,12,12,12,12,12,12,12,12,12,18,18,12,12,12,12,19,19,20,20,20,20,20,19,21,9,9,9,21,21,9,21","0.00983190536499023","infomap","edit-xhwikibooks.graphml"
"0.35","0.17","0.48","0.329584282782936","1,2,1,3,4,3,4,5,6,7,8,4,5,5,9,10,7,11,8,12,13,2,14,5,5,9,6,10,15,7,11,16,17,12,6,18,19,5,13,13,13,13,2,2,2,2,13,2,2,2,13,13,13,13,13,2,2,2,2,13,14,13,13,5,5,13,13,13,13,13,2,13,9,9,13,13,13,13,13,13,13,6,10,10,10,15,13,13,13,13,7,11,16,13,13,13,10,13,13,13,13,13,13,13,13,13,13,17,17,13,13,13,13,18,18,6,18,6,6,18,6,19,19,19,19,19,19,19,19","0.00613594055175781","infomap","edit-xhwikibooks.graphml"
"0.34","0.18","0.48","0.326716469009092","1,1,2,2,3,4,3,1,4,5,6,3,7,7,8,9,5,10,6,11,12,13,14,7,7,15,16,9,17,5,10,18,19,11,20,16,21,8,12,12,12,12,13,13,13,13,12,13,13,13,12,12,12,12,12,13,13,13,13,12,14,12,12,7,7,12,12,12,12,12,13,12,15,15,12,12,12,12,12,12,12,16,9,9,9,17,12,12,12,12,5,10,18,12,12,12,9,12,12,12,12,12,12,12,12,12,12,19,19,12,12,12,12,20,20,20,16,20,20,20,20,21,21,21,21,21,21,21,21","0.00619792938232422","infomap","edit-xhwikibooks.graphml"
"0.33","0.19","0.48","0.330143919347639","1,1,2,3,2,3,4,3,5,6,4,4,3,7,5,3,6,8,9,4,10,1,11,7,7,12,5,13,14,6,8,15,16,4,9,17,18,5,10,10,10,10,1,1,1,1,10,1,1,1,10,10,10,10,10,1,1,1,1,10,11,10,10,7,7,10,10,10,10,10,1,10,12,12,10,10,10,10,10,10,10,5,13,13,13,14,10,10,10,10,6,8,15,10,10,10,19,10,10,10,10,10,10,10,10,10,10,16,16,10,10,10,10,9,5,9,17,9,17,17,5,18,18,18,18,18,18,18,18","0.00767779350280762","infomap","edit-xhwikibooks.graphml"
"0.32","0.2","0.48","0.332253178784559","1,1,2,2,3,4,3,1,4,5,6,3,7,7,8,4,5,9,6,3,10,11,12,7,7,8,7,13,14,5,9,15,16,3,17,18,19,7,10,10,10,10,11,11,11,11,10,11,11,11,10,10,10,10,10,11,11,11,11,10,12,10,10,7,7,10,10,10,10,10,11,10,8,8,10,10,10,10,10,10,10,7,13,13,13,14,10,10,10,10,5,9,15,10,10,10,4,10,10,10,10,10,10,10,10,10,10,16,16,10,10,10,10,17,17,18,17,18,18,18,17,19,19,19,19,19,19,19,19","0.00604987144470215","infomap","edit-xhwikibooks.graphml"
"0.31","0.21","0.48","0.330948831133732","1,1,2,3,2,3,4,5,5,6,7,4,8,5,9,3,6,10,7,11,12,1,13,8,5,14,5,15,16,6,10,17,18,11,19,20,9,9,12,12,12,12,1,1,1,1,12,1,1,1,12,12,12,12,12,1,1,1,1,12,13,12,12,8,5,12,12,12,12,12,1,12,14,14,12,12,12,12,12,12,12,5,15,15,15,16,12,12,12,12,6,10,17,12,12,12,3,12,12,12,12,12,12,12,12,12,12,18,18,12,12,12,12,20,19,20,20,19,20,20,20,9,9,9,9,9,9,9,9","0.00647807121276855","infomap","edit-xhwikibooks.graphml"
"0.3","0.22","0.48","0.326458267645601","1,1,2,3,2,3,4,5,6,7,4,8,5,9,6,3,7,10,11,8,12,13,14,6,9,15,6,16,17,7,10,18,19,12,11,20,21,9,12,12,12,12,13,13,13,13,12,13,13,13,12,12,12,12,12,13,13,13,13,12,14,12,12,6,9,12,12,12,12,12,13,12,15,15,12,12,12,12,12,12,12,6,16,16,16,17,12,12,12,12,7,10,18,12,12,12,3,12,12,12,12,12,12,12,12,12,12,19,19,12,12,12,12,11,20,11,11,11,11,20,11,21,21,21,21,21,21,21,21","0.0100700855255127","infomap","edit-xhwikibooks.graphml"
"0.29","0.23","0.48","0.321313259600843","1,1,2,2,3,2,3,4,4,5,6,3,4,7,8,2,5,9,6,3,10,11,12,7,8,13,13,14,15,5,9,16,17,3,18,19,20,8,10,10,10,10,11,11,11,11,10,11,11,11,10,10,10,10,10,11,11,11,11,10,12,10,10,7,8,10,10,10,10,10,11,10,13,13,10,10,10,10,10,10,10,13,14,14,14,15,10,10,10,10,5,9,16,10,10,10,21,10,10,10,10,10,10,10,10,10,10,17,17,10,10,10,10,19,19,18,8,19,18,19,18,20,20,20,20,20,20,20,20","0.00776982307434082","infomap","edit-xhwikibooks.graphml"
"0.28","0.24","0.48","0.325765355039077","1,2,1,1,1,1,3,2,4,5,3,6,7,7,8,9,5,10,11,6,12,13,14,7,7,4,8,9,15,5,10,16,17,6,11,18,19,4,12,12,12,12,13,13,13,13,12,13,13,13,12,12,12,12,12,13,13,13,13,12,14,12,12,7,7,12,12,12,12,12,13,12,4,4,12,12,12,12,12,12,12,8,9,9,9,15,12,12,12,12,5,10,16,12,12,12,9,12,12,12,12,12,12,12,12,12,12,17,17,6,12,12,12,18,18,18,18,18,18,18,11,19,19,19,19,19,19,19,19","0.00782608985900879","infomap","edit-xhwikibooks.graphml"
"0.27","0.25","0.48","0.324887344229333","1,1,2,2,3,2,3,4,5,6,7,3,4,8,5,9,6,10,7,11,11,12,13,5,8,14,8,9,15,6,10,16,17,11,5,18,19,8,11,11,11,11,12,12,12,12,11,12,12,12,11,11,11,11,11,12,12,12,12,11,13,11,11,5,8,11,11,11,11,11,12,11,14,8,11,11,11,11,11,11,11,8,9,9,9,15,11,11,11,11,6,10,16,11,11,11,20,11,11,11,11,11,11,11,11,11,11,17,17,11,11,11,11,5,5,5,18,5,18,18,5,19,19,19,19,19,19,19,19","0.00959014892578125","infomap","edit-xhwikibooks.graphml"
"0.26","0.26","0.48","0.325968447471573","1,1,2,3,2,3,4,5,6,7,8,4,9,5,10,3,7,11,8,12,13,14,15,9,10,16,6,17,18,7,11,19,20,12,21,22,6,5,13,13,13,13,14,14,14,14,13,14,14,14,13,13,13,13,13,14,14,14,14,13,15,13,13,9,10,13,13,13,13,13,14,13,16,16,13,13,13,13,13,13,13,6,17,17,17,18,13,13,13,13,7,11,19,13,13,13,3,13,13,13,13,13,13,13,13,13,13,20,20,13,13,13,13,21,22,21,22,21,21,22,21,6,6,6,6,6,6,6,6","0.00799179077148438","infomap","edit-xhwikibooks.graphml"
"0.25","0.27","0.48","0.333067588114816","1,2,1,1,1,3,4,5,6,7,4,8,5,6,9,3,7,10,9,8,11,2,12,6,9,13,6,14,15,7,10,16,17,8,9,18,19,6,11,11,11,11,2,2,2,2,11,2,2,2,11,11,11,11,11,2,2,2,2,11,12,11,11,6,9,11,11,11,11,11,2,11,6,13,11,11,11,11,11,11,11,6,14,14,14,15,11,11,11,11,7,10,16,11,11,11,3,11,11,11,11,11,11,11,11,11,11,17,17,11,11,11,11,9,9,18,9,9,18,18,18,19,19,19,19,19,19,19,19","0.00810694694519043","infomap","edit-xhwikibooks.graphml"
"0.24","0.28","0.48","0.334767763788267","1,1,2,2,2,3,4,3,5,6,4,7,8,9,5,10,6,11,12,7,13,14,15,8,9,5,5,10,16,6,11,17,18,13,12,19,20,9,13,13,13,13,14,14,14,14,13,14,14,14,13,13,13,13,13,14,14,14,14,13,15,13,13,8,9,13,13,13,13,13,14,13,5,5,13,13,13,13,13,13,13,5,10,10,10,16,13,13,13,13,6,11,17,13,13,13,10,13,13,13,13,13,13,13,13,13,13,18,18,13,13,13,13,19,12,19,19,12,19,12,12,20,20,20,20,20,20,20,20","0.00974512100219727","infomap","edit-xhwikibooks.graphml"
"0.23","0.29","0.48","0.330994444444444","1,1,2,2,3,4,3,5,5,6,7,8,9,5,10,4,6,11,7,8,12,13,14,9,5,15,10,16,17,6,11,18,19,12,20,21,10,5,12,12,12,12,13,13,13,13,12,13,13,13,12,12,12,12,12,13,13,13,13,12,14,12,12,9,5,12,12,12,12,12,13,12,15,15,12,12,12,12,12,12,12,10,16,16,16,17,12,12,12,12,6,11,18,12,12,12,16,12,12,12,12,12,12,12,12,12,12,19,19,12,12,12,12,20,20,21,21,20,20,20,21,10,10,10,10,10,10,10,10","0.00615596771240234","infomap","edit-xhwikibooks.graphml"
"0.22","0.3","0.48","0.316596175501032","1,2,1,1,3,1,3,4,5,6,7,3,4,5,8,1,6,9,7,10,2,11,12,5,8,13,5,14,15,6,9,16,17,10,18,19,20,5,2,2,2,2,11,11,11,11,2,11,11,11,2,2,2,2,2,11,11,11,11,2,12,2,2,5,8,2,2,2,2,2,11,2,13,13,2,2,2,2,2,2,2,5,14,14,14,15,2,2,2,2,6,9,16,2,2,2,21,2,2,2,2,2,2,2,2,2,2,17,17,2,2,2,2,18,19,18,8,18,18,19,8,20,20,20,20,20,20,20,20","0.00963091850280762","infomap","edit-xhwikibooks.graphml"
"0.21","0.31","0.48","0.331913020266851","1,1,2,3,2,3,4,5,6,7,4,8,9,5,6,10,7,11,12,8,13,14,15,9,6,16,6,10,17,7,11,18,19,8,12,20,21,5,13,13,13,13,14,14,14,14,13,14,14,14,13,13,13,13,13,14,14,14,14,13,15,13,13,9,6,13,13,13,13,13,14,13,16,16,13,13,13,13,13,13,13,6,10,10,10,17,13,13,13,13,7,11,18,13,13,13,10,13,13,13,13,13,13,13,13,13,13,19,19,13,13,13,13,20,20,12,12,20,6,20,20,21,21,21,21,21,21,21,21","0.00645208358764648","infomap","edit-xhwikibooks.graphml"
"0.2","0.32","0.48","0.337488771078542","1,2,1,1,1,3,4,2,3,5,4,6,7,8,9,3,5,10,11,6,12,13,14,7,9,8,9,15,16,5,10,17,18,6,19,11,20,8,12,12,12,12,13,13,13,13,12,13,13,13,12,12,12,12,12,13,13,13,13,12,14,12,12,7,9,12,12,12,12,12,13,12,8,8,12,12,12,12,12,12,12,9,15,15,15,16,12,12,12,12,5,10,17,12,12,12,3,12,12,12,12,12,12,12,12,12,12,18,18,12,12,12,12,19,11,19,11,19,19,19,19,20,20,20,20,20,20,20,20","0.00628304481506348","infomap","edit-xhwikibooks.graphml"
"0.19","0.33","0.48","0.335411899642719","1,1,2,2,2,3,4,5,3,6,4,7,8,5,9,3,6,10,11,7,12,13,14,8,5,9,5,15,16,6,10,17,18,7,19,11,20,9,12,12,12,12,13,13,13,13,12,13,13,13,12,12,12,12,12,13,13,13,13,12,14,12,12,8,5,12,12,12,12,12,13,12,9,9,12,12,12,12,12,12,12,5,15,15,15,16,12,12,12,12,6,10,17,12,12,12,3,12,12,12,12,12,12,12,12,12,12,18,18,12,12,12,12,11,11,11,11,19,19,19,11,20,20,20,20,20,20,20,20","0.00630688667297363","infomap","edit-xhwikibooks.graphml"
"0.18","0.34","0.48","0.326680623037385","1,1,2,2,3,4,3,4,5,6,3,7,5,8,5,9,6,10,11,7,12,13,14,5,8,15,5,9,16,6,10,17,18,12,11,19,20,8,12,12,12,12,13,13,13,13,12,13,13,13,12,12,12,12,12,13,13,13,13,12,14,12,12,5,8,12,12,12,12,12,13,12,15,15,12,12,12,12,12,12,12,5,9,9,9,16,12,12,12,12,6,10,17,12,12,12,9,12,12,12,12,12,12,12,12,12,12,18,18,12,12,12,12,11,19,11,11,19,19,19,19,5,5,5,20,5,5,20,5","0.0062718391418457","infomap","edit-xhwikibooks.graphml"
"0.17","0.35","0.48","0.341082460626197","1,1,2,2,2,3,4,5,3,6,4,7,8,5,9,10,6,11,12,7,13,14,15,8,9,16,9,10,17,6,11,18,19,7,12,20,21,5,13,13,13,13,14,14,14,14,13,14,14,14,13,13,13,13,13,14,14,14,14,13,15,13,13,8,9,13,13,13,13,13,14,13,16,16,13,13,13,13,13,13,13,9,10,10,10,17,13,13,13,13,6,11,18,13,13,13,10,13,13,13,13,13,13,13,13,13,13,19,19,13,13,13,13,9,12,20,12,20,20,12,12,21,21,21,21,21,21,21,21","0.00586700439453125","infomap","edit-xhwikibooks.graphml"
"0.16","0.36","0.48","0.300242138096293","1,1,2,2,3,4,3,4,5,6,7,3,8,9,5,10,6,11,7,12,13,14,15,8,9,16,5,10,17,6,11,18,19,12,20,21,22,5,13,13,13,13,14,1,1,1,13,1,1,1,13,13,13,13,13,1,1,1,1,13,15,13,13,8,9,13,13,13,13,13,1,13,16,16,13,13,13,13,13,13,13,5,10,10,10,17,13,13,13,13,6,11,18,13,13,13,10,13,13,13,13,13,13,13,13,13,13,19,19,13,13,13,13,20,21,20,21,21,20,21,20,22,22,22,22,22,22,22,22","0.00621819496154785","infomap","edit-xhwikibooks.graphml"
"0.15","0.37","0.48","0.342470999575205","1,1,2,2,3,4,3,4,5,6,7,3,8,8,5,9,6,10,7,11,12,1,13,8,5,14,5,9,15,6,10,16,17,11,18,19,20,5,12,12,12,12,1,1,1,1,12,1,1,1,12,12,12,12,12,1,1,1,1,12,13,12,12,8,5,12,12,12,12,12,1,12,14,14,12,12,12,12,12,12,12,5,9,9,9,15,12,12,12,12,6,10,16,12,12,12,9,12,12,12,12,12,12,12,12,12,12,17,17,12,12,12,12,19,18,18,18,19,19,19,18,5,20,20,20,5,20,20,20","0.00612998008728027","infomap","edit-xhwikibooks.graphml"
"0.14","0.38","0.48","0.340100711147931","1,1,2,3,2,3,4,5,3,6,4,7,5,8,9,10,6,11,12,7,13,14,15,8,9,16,9,10,17,6,11,18,19,13,20,12,21,9,13,13,13,13,14,14,14,14,13,14,14,14,13,13,13,13,13,14,14,14,14,13,15,13,13,8,9,13,13,13,13,13,14,13,16,16,13,13,13,13,13,13,13,9,10,10,10,17,13,13,13,13,6,11,18,13,13,13,10,13,13,13,13,13,13,13,13,13,13,19,19,13,13,13,13,20,12,12,12,12,20,20,12,21,21,21,21,21,21,21,21","0.00628185272216797","infomap","edit-xhwikibooks.graphml"
"0.13","0.39","0.48","0.339392835928039","1,1,2,2,3,2,3,4,5,6,7,3,4,8,5,9,6,10,7,3,11,12,13,8,8,14,8,9,15,6,10,16,17,11,5,18,19,8,11,11,11,11,12,12,12,12,11,12,12,12,11,11,11,11,11,12,12,12,12,11,13,11,11,8,8,11,11,11,11,11,12,11,14,14,11,11,11,11,11,11,11,8,9,9,9,15,11,11,11,11,6,10,16,11,11,11,20,11,11,11,11,11,11,11,11,11,11,17,17,11,11,11,11,5,5,18,18,18,18,18,18,19,19,19,19,19,19,19,19","0.00978302955627441","infomap","edit-xhwikibooks.graphml"
"0.12","0.4","0.48","0.344040858725762","1,1,2,3,2,3,4,3,5,6,4,7,8,9,5,10,6,11,12,7,13,14,15,8,9,5,9,10,16,6,11,17,18,13,12,19,20,9,13,13,13,13,14,14,14,14,13,14,14,14,13,13,13,13,13,14,14,14,14,13,15,13,13,8,9,13,13,13,13,13,14,13,5,5,13,13,13,13,13,13,13,9,10,10,10,16,13,13,13,13,6,11,17,13,13,13,10,13,13,13,13,13,13,13,13,13,13,18,18,13,13,13,13,19,19,19,19,19,12,12,19,20,20,20,20,20,20,20,20","0.0103199481964111","infomap","edit-xhwikibooks.graphml"
"0.11","0.41","0.48","0.333249861704671","1,2,1,3,4,3,4,2,5,6,7,4,8,9,10,11,6,12,7,13,13,14,15,8,9,5,10,11,16,6,12,17,18,13,10,19,20,8,13,13,13,13,14,14,14,14,13,14,14,14,13,13,13,13,13,14,14,14,14,13,15,13,13,8,9,13,13,13,13,13,14,13,5,5,13,13,13,13,13,13,13,10,11,11,11,16,13,13,13,13,6,12,17,13,13,13,11,13,13,13,13,13,13,13,13,13,13,18,18,13,13,13,13,19,10,10,19,10,19,10,10,20,20,20,20,20,20,20,20","0.00601100921630859","infomap","edit-xhwikibooks.graphml"
"0.1","0.42","0.48","0.339703950593079","1,1,2,2,2,3,4,1,3,5,6,4,7,8,9,3,5,10,6,11,12,13,14,7,8,15,8,16,17,5,10,18,19,11,20,21,22,9,12,12,12,12,13,13,13,13,12,13,13,13,12,12,12,12,12,13,13,13,13,12,14,12,12,7,8,12,12,12,12,12,13,12,15,15,12,12,12,12,12,12,12,8,16,16,16,17,12,12,12,12,5,10,18,12,12,12,3,12,12,12,12,12,12,12,12,12,12,19,19,12,12,12,12,21,21,20,21,21,20,21,20,22,22,22,22,22,22,22,22","0.00760984420776367","infomap","edit-xhwikibooks.graphml"
"0.09","0.43","0.48","0.339096914816001","1,2,1,1,3,4,3,4,5,6,7,8,9,10,5,11,6,12,7,8,13,2,14,9,10,15,16,17,18,6,12,19,20,8,21,22,16,10,13,13,13,13,2,2,2,2,13,2,2,2,13,13,13,13,13,2,2,2,2,13,14,13,13,9,10,13,13,13,13,13,2,13,15,15,13,13,13,13,13,13,13,16,17,17,17,18,13,13,13,13,6,12,19,13,13,13,11,13,13,13,13,13,13,13,13,13,13,20,20,13,13,13,13,22,22,22,21,21,22,21,21,16,16,16,16,16,16,16,16","0.00619316101074219","infomap","edit-xhwikibooks.graphml"
"0.08","0.44","0.48","0.373106603064499","1,2,1,1,3,4,3,4,5,6,7,3,8,5,9,10,6,11,7,3,12,2,13,8,5,9,5,10,14,6,11,15,16,12,17,17,18,5,12,12,12,12,2,2,2,2,12,2,2,2,12,12,12,12,12,2,2,2,2,12,13,12,12,8,5,12,12,12,12,12,2,12,9,9,12,12,12,12,12,12,12,5,10,10,10,14,12,12,12,12,6,11,15,12,12,12,10,12,12,12,12,12,12,12,12,12,12,16,16,12,12,12,12,17,17,17,17,17,17,17,17,18,18,18,18,18,18,18,18","0.00621509552001953","infomap","edit-xhwikibooks.graphml"
"0.07","0.45","0.48","0.338485808867231","1,2,1,1,3,4,3,4,4,5,6,3,7,8,9,4,5,10,6,3,11,2,12,7,8,13,9,14,15,5,10,16,17,3,18,19,20,9,11,11,11,11,2,2,2,2,11,2,2,2,11,11,11,11,11,2,2,2,2,11,12,11,11,7,8,11,11,11,11,11,2,11,13,13,11,11,11,11,11,11,11,9,14,14,14,15,11,11,11,11,5,10,16,11,11,11,4,11,11,11,11,11,11,11,11,11,11,17,17,11,11,11,11,19,18,19,19,19,18,19,19,20,20,20,20,20,20,20,20","0.00829720497131348","infomap","edit-xhwikibooks.graphml"
"0.06","0.46","0.48","0.345685407932634","1,2,1,1,3,4,3,4,4,5,6,3,7,8,9,4,5,10,6,3,11,2,7,8,9,12,8,13,14,5,10,15,16,3,17,9,18,8,11,11,11,11,2,2,2,2,11,2,2,2,11,11,11,11,11,2,2,2,2,11,7,11,11,8,9,11,11,11,11,11,2,11,12,12,11,11,11,11,11,11,11,8,13,13,13,14,11,11,11,11,5,10,15,11,11,11,4,11,11,11,11,11,11,11,11,11,11,16,16,11,11,11,11,17,17,17,17,17,17,17,17,18,18,18,18,18,18,18,18","0.00639796257019043","infomap","edit-xhwikibooks.graphml"
"0.05","0.47","0.48","0.339023879714907","1,1,2,2,2,3,2,3,4,5,6,2,3,7,4,8,5,9,6,2,10,11,12,3,7,4,7,13,14,5,9,15,16,2,17,18,19,4,10,10,10,10,11,11,11,11,10,11,11,11,10,10,10,10,10,11,11,11,11,10,12,10,10,3,7,10,10,10,10,10,11,10,4,4,10,10,10,10,10,10,10,7,13,13,13,14,10,10,10,10,5,9,15,10,10,10,8,10,10,10,10,10,10,10,10,10,10,16,16,10,10,10,10,18,18,18,18,18,17,17,18,19,19,19,19,19,19,19,19","0.0102059841156006","infomap","edit-xhwikibooks.graphml"
"0.04","0.48","0.48","0.338288800442321","1,2,1,1,3,4,3,4,5,6,7,3,8,5,9,4,6,10,7,3,11,2,12,8,9,13,5,14,15,6,10,16,17,3,18,19,20,9,11,11,11,11,2,2,2,2,11,2,2,2,11,11,11,11,11,2,2,2,2,11,12,11,11,8,9,11,11,11,11,11,2,11,13,13,11,11,11,11,11,11,11,5,14,14,14,15,11,11,11,11,6,10,16,11,11,11,4,11,11,11,11,11,11,11,11,11,11,17,17,11,11,11,11,18,19,19,18,19,19,19,18,20,20,20,20,20,20,20,20","0.00619316101074219","infomap","edit-xhwikibooks.graphml"
"0.03","0.49","0.48","0.337988914608131","1,1,2,2,2,3,2,3,4,5,6,2,7,8,4,3,5,9,6,2,10,11,7,12,4,13,4,14,1,5,9,6,15,2,16,8,17,4,10,10,10,10,11,11,11,11,10,11,11,11,10,10,10,10,10,11,11,11,11,10,18,10,10,12,4,10,10,10,10,10,11,10,13,13,10,10,10,10,10,10,10,4,14,14,14,19,10,10,10,10,20,21,22,10,10,10,3,10,10,10,10,10,10,10,10,10,10,15,15,10,10,10,10,8,16,16,16,16,8,8,16,17,17,17,17,17,17,17,17","0.0101199150085449","infomap","edit-xhwikibooks.graphml"
"0.02","0.5","0.48","0.34268606988095","1,2,3,3,3,1,3,2,4,5,6,3,7,8,9,1,5,10,6,3,2,11,7,7,8,9,8,12,2,5,10,6,13,3,14,15,4,8,2,2,2,2,11,11,11,11,2,11,11,11,2,2,2,2,2,11,11,11,11,2,16,2,2,8,8,2,2,2,2,2,11,2,9,9,2,2,2,2,2,2,2,8,12,12,12,17,2,2,2,2,18,19,20,2,2,2,21,2,2,2,2,2,2,2,2,2,2,13,13,2,2,2,2,14,14,14,15,14,15,14,14,4,4,4,4,4,4,4,4","0.0126218795776367","infomap","edit-xhwikibooks.graphml"
"0.01","0.51","0.48","0.364510301768991","1,2,1,3,4,3,4,5,3,6,7,4,8,5,9,3,6,10,7,4,11,2,8,9,5,5,9,12,2,6,10,7,13,4,14,15,16,5,11,11,11,11,2,2,2,2,11,2,2,2,11,11,11,11,11,2,2,2,2,11,17,11,11,9,5,11,11,11,11,11,2,11,5,5,11,11,11,11,11,11,11,9,12,12,12,18,11,11,11,11,19,20,21,11,11,11,3,11,11,11,11,11,11,11,11,11,11,13,13,11,11,11,11,15,15,15,15,15,15,15,14,16,16,16,16,16,16,16,16","0.0113289356231689","infomap","edit-xhwikibooks.graphml"
"0","0.52","0.48","0.370008196352767","1,2,1,1,3,4,3,2,5,6,7,3,8,2,5,4,6,7,9,3,10,11,8,8,5,12,5,13,2,6,7,9,14,3,15,9,16,5,10,10,10,10,11,11,11,11,10,11,11,11,10,10,10,10,10,11,11,11,11,10,17,10,10,8,5,10,10,10,10,10,11,10,12,12,10,10,10,10,10,10,10,5,13,13,13,18,10,10,10,10,19,20,21,10,10,10,4,10,10,10,10,10,10,10,10,10,10,14,14,10,10,10,10,15,9,9,15,15,15,15,15,16,16,16,16,16,16,16,16","0.0121240615844727","infomap","edit-xhwikibooks.graphml"
"0.51","0","0.49","-0.127483362197606","1,1,2,2,2,3,4,5,3,6,4,4,5,5,3,3,6,7,8,9,10,11,12,3,3,3,3,13,14,6,7,15,16,9,8,17,18,5,9,9,9,9,11,11,11,11,9,11,11,11,9,9,9,9,9,11,11,11,11,9,12,9,9,3,3,9,9,9,9,9,11,9,3,3,9,9,9,9,9,9,9,3,13,13,13,14,9,9,9,9,6,7,15,9,9,9,19,9,9,9,9,9,10,9,9,9,9,16,16,9,9,9,9,17,17,8,17,8,8,8,17,18,18,18,18,18,18,18,18","0.00838088989257812","infomap","edit-xhwikibooks.graphml"
"0.5","0.01","0.49","0.314997440338093","1,2,1,1,3,4,3,4,4,5,6,3,4,7,8,9,5,10,6,3,11,2,12,8,7,7,8,9,13,5,10,14,15,11,16,17,18,18,11,11,11,11,2,2,2,2,11,2,2,2,11,11,11,11,11,2,2,2,2,11,12,11,11,8,7,11,11,11,11,11,2,11,7,7,11,11,11,11,11,11,11,8,9,9,9,13,11,11,11,11,5,10,14,11,11,11,19,11,11,11,11,11,11,11,11,11,11,15,15,11,11,11,11,17,16,17,16,16,16,17,17,18,18,18,18,18,18,18,18","0.00799703598022461","infomap","edit-xhwikibooks.graphml"
"0.49","0.02","0.49","0.313023875495158","1,1,2,3,2,3,4,1,5,6,4,7,8,5,9,3,6,10,11,7,12,13,14,8,9,15,5,16,17,6,10,18,19,12,11,20,9,5,12,12,12,12,13,13,13,13,12,13,13,13,12,12,12,12,12,13,13,13,13,12,14,12,12,8,9,12,12,12,12,12,13,12,15,15,12,12,12,12,12,12,12,5,16,16,16,17,12,12,12,12,6,10,18,12,12,12,3,12,12,12,12,12,12,12,12,12,12,19,19,12,12,12,12,11,20,20,20,20,20,20,11,9,9,9,9,9,9,9,9","0.00817608833312988","infomap","edit-xhwikibooks.graphml"
"0.48","0.03","0.49","0.316774207846124","1,2,1,1,3,4,3,5,6,7,3,8,5,5,6,4,7,9,10,8,11,2,12,6,6,13,5,14,15,7,9,16,17,11,18,10,19,6,11,11,11,11,2,2,2,2,11,2,2,2,11,11,11,11,11,2,2,2,2,11,12,11,11,6,6,11,11,11,11,11,2,11,13,13,11,11,11,11,11,11,11,5,14,14,14,15,11,11,11,11,7,9,16,11,11,11,4,11,11,11,11,11,11,11,11,11,11,17,17,11,11,11,11,18,18,18,18,10,10,18,10,19,19,19,19,19,19,19,19","0.00997018814086914","infomap","edit-xhwikibooks.graphml"
"0.47","0.04","0.49","0.320320670511373","1,1,2,2,3,4,3,5,4,6,7,8,9,5,10,4,6,11,7,8,12,13,14,9,5,15,10,16,17,6,11,18,19,8,20,10,21,10,12,12,12,12,13,13,13,13,12,13,13,13,12,12,12,12,12,13,13,13,13,12,14,12,12,9,5,12,12,12,12,12,13,12,15,15,12,12,12,12,12,12,12,10,16,16,16,17,12,12,12,12,6,11,18,12,12,12,4,12,12,12,12,12,12,12,12,12,12,19,19,12,12,12,12,20,10,10,10,10,10,20,10,21,21,21,21,21,21,21,21","0.00979208946228027","infomap","edit-xhwikibooks.graphml"
"0.46","0.05","0.49","0.309504546830695","1,2,1,1,3,4,3,4,5,6,7,8,9,10,5,4,6,11,7,8,2,12,13,9,5,14,10,15,16,6,11,17,18,2,5,19,20,10,2,2,2,2,12,12,12,12,2,12,12,12,2,2,2,2,2,12,12,12,12,2,13,2,2,9,5,2,2,2,2,2,12,2,14,14,2,2,2,2,2,2,2,10,15,15,15,16,2,2,2,2,6,11,17,2,2,2,4,2,2,2,2,2,2,2,2,2,2,18,18,2,2,2,2,19,19,5,19,19,19,19,19,20,20,20,20,20,20,20,20","0.0079200267791748","infomap","edit-xhwikibooks.graphml"
"0.45","0.06","0.49","0.3180649294069","1,1,2,2,3,2,3,4,5,6,7,8,4,9,5,10,6,11,7,8,12,13,14,9,9,15,5,10,16,6,11,17,18,12,19,20,21,15,12,12,12,12,13,13,13,13,12,13,13,13,12,12,12,12,12,13,13,13,13,12,14,12,12,9,9,12,12,12,12,12,13,12,15,15,12,12,12,12,12,12,12,5,10,10,10,16,12,12,12,12,6,11,17,12,12,12,10,12,12,12,12,12,12,12,12,12,12,18,18,12,12,12,12,20,20,19,19,20,19,19,20,21,21,21,21,21,21,21,21","0.00794100761413574","infomap","edit-xhwikibooks.graphml"
"0.44","0.07","0.49","0.324304095119713","1,1,2,2,2,3,4,5,3,6,4,4,5,7,8,9,6,10,11,4,12,13,14,8,7,15,8,9,16,6,10,17,18,4,11,19,8,15,12,12,12,12,13,13,13,13,12,13,13,13,12,12,12,12,12,13,13,13,13,12,14,12,12,8,7,12,12,12,12,12,13,12,15,15,12,12,12,12,12,12,12,8,9,9,9,16,12,12,12,12,6,10,17,12,12,12,9,12,12,12,12,12,12,12,12,12,12,18,18,12,12,12,12,19,11,11,19,19,11,11,19,8,8,8,8,8,8,8,8","0.0104470252990723","infomap","edit-xhwikibooks.graphml"
"0.43","0.08","0.49","0.320206280181675","1,1,2,2,3,4,3,4,5,6,7,3,8,9,5,10,6,11,7,12,13,1,14,8,9,15,9,10,16,6,11,17,18,12,5,19,20,5,13,13,13,13,1,1,1,1,13,1,1,1,13,13,13,13,13,1,1,1,1,13,14,13,13,8,9,13,13,13,13,13,1,13,15,15,13,13,13,13,13,13,13,9,10,10,10,16,13,13,13,13,6,11,17,13,13,13,10,13,13,13,13,13,13,13,13,13,13,18,18,12,13,13,13,19,5,19,5,19,19,5,19,20,20,20,20,20,20,20,20","0.00783395767211914","infomap","edit-xhwikibooks.graphml"
"0.42","0.09","0.49","0.316487905774203","1,2,1,1,1,1,3,2,1,4,3,5,6,7,8,9,4,10,8,5,11,12,13,6,7,14,7,15,16,4,10,17,18,11,8,19,20,7,11,11,11,11,12,12,12,12,11,12,12,12,11,11,11,11,11,12,12,12,12,11,13,11,11,7,7,11,11,11,11,11,12,11,14,7,11,11,11,11,11,11,11,7,15,15,15,16,11,11,11,11,4,10,17,11,11,11,9,11,11,11,11,11,11,11,11,11,11,18,18,11,11,11,11,8,19,8,19,19,8,8,19,20,20,20,20,20,20,20,20","0.00984883308410645","infomap","edit-xhwikibooks.graphml"
"0.41","0.1","0.49","0.317518873886814","1,1,2,2,2,3,4,3,5,6,4,7,3,5,8,9,6,10,11,7,12,13,14,5,8,15,16,9,17,6,10,18,19,7,16,11,20,5,12,12,12,12,13,13,13,13,12,13,13,13,12,12,12,12,12,13,13,13,13,12,14,12,12,5,8,12,12,12,12,12,13,12,15,15,12,12,12,12,12,12,12,16,9,9,9,17,12,12,12,12,6,10,18,12,12,12,9,12,12,12,12,12,12,12,12,12,12,19,19,12,12,12,12,16,16,11,11,16,11,11,11,20,20,20,20,20,20,20,20","0.00732517242431641","infomap","edit-xhwikibooks.graphml"
"0.4","0.11","0.49","0.321279249553868","1,1,2,3,2,3,4,5,6,7,8,4,5,9,6,3,7,10,8,11,11,12,13,9,6,6,9,14,15,7,10,16,17,11,18,19,20,9,11,11,11,11,12,12,12,12,11,12,12,12,11,11,11,11,11,12,12,12,12,11,13,11,11,9,6,11,11,11,11,11,12,11,6,6,11,11,11,11,11,11,11,9,14,14,14,15,11,11,11,11,7,10,16,11,11,11,3,11,11,11,11,11,11,11,11,11,11,17,17,11,11,11,11,18,18,18,18,19,19,19,19,20,20,20,20,20,20,20,20","0.00866794586181641","infomap","edit-xhwikibooks.graphml"
"0.39","0.12","0.49","0.317188897894846","1,2,1,1,1,3,4,2,3,5,4,6,7,8,9,10,5,11,12,6,13,14,15,7,9,16,8,10,17,5,11,18,19,13,20,12,21,21,13,13,13,13,14,14,14,14,13,14,14,14,13,13,13,13,13,14,14,14,14,13,15,13,13,7,9,13,13,13,13,13,14,13,16,16,13,13,13,13,13,13,13,8,10,10,10,17,13,13,13,13,5,11,18,13,13,13,10,13,13,13,13,13,13,13,13,13,13,19,19,13,13,13,13,12,12,12,20,20,12,12,20,21,21,21,21,21,21,21,21","0.00786805152893066","infomap","edit-xhwikibooks.graphml"
"0.38","0.13","0.49","0.319018444119796","1,2,1,1,1,3,4,3,5,6,4,7,3,8,5,9,6,10,4,7,11,2,12,5,8,13,13,9,14,6,10,15,16,11,17,18,19,13,11,11,11,11,2,2,2,2,11,2,2,2,11,11,11,11,11,2,2,2,2,11,12,11,11,5,8,11,11,11,11,11,2,11,13,13,11,11,11,11,11,11,11,13,9,9,9,14,11,11,11,11,6,10,15,11,11,11,20,11,11,11,11,11,11,11,11,11,11,16,16,11,11,11,11,17,18,18,17,18,17,18,17,19,19,19,19,19,19,19,19","0.00786495208740234","infomap","edit-xhwikibooks.graphml"
"0.37","0.14","0.49","0.319511048210373","1,1,2,2,3,4,3,1,4,5,6,7,1,8,9,4,5,10,6,7,11,12,13,8,8,14,8,15,16,5,10,17,18,11,9,19,20,8,11,11,11,11,12,12,12,12,11,12,12,12,11,11,11,11,11,12,12,12,12,11,13,11,11,8,8,11,11,11,11,11,12,11,14,14,11,11,11,11,11,11,11,8,15,15,15,16,11,11,11,11,5,10,17,11,11,11,4,11,11,11,11,11,11,11,11,11,11,18,18,11,11,11,11,19,19,9,19,19,19,9,19,20,20,20,20,20,20,20,20","0.00617384910583496","infomap","edit-xhwikibooks.graphml"
"0.36","0.15","0.49","0.325301949857431","1,1,2,2,2,3,4,5,3,6,4,7,8,5,9,10,6,11,12,7,13,14,15,8,9,16,9,10,17,6,11,18,19,7,20,12,21,9,13,13,13,13,14,14,14,14,13,14,14,14,13,13,13,13,13,14,14,14,14,13,15,13,13,8,9,13,13,13,13,13,14,13,16,16,13,13,13,13,13,13,13,9,10,10,10,17,13,13,13,13,6,11,18,13,13,13,10,13,13,13,13,13,13,13,13,13,13,19,19,13,13,13,13,12,12,20,20,12,12,20,20,21,21,21,21,21,21,21,21","0.00624608993530273","infomap","edit-xhwikibooks.graphml"
"0.35","0.16","0.49","0.326744256798483","1,1,2,2,3,4,3,5,4,6,7,3,5,5,8,9,6,10,7,11,12,13,14,5,5,15,5,9,16,6,10,17,18,11,19,20,21,8,12,12,12,12,13,13,13,13,12,13,13,13,12,12,12,12,12,13,13,13,13,12,14,12,12,5,5,12,12,12,12,12,13,12,15,15,12,12,12,12,12,12,12,22,9,9,9,16,12,12,12,12,6,10,17,12,12,12,9,12,12,12,12,12,12,12,12,12,12,18,18,12,12,12,12,19,20,19,19,20,20,20,20,21,21,21,21,21,21,21,21","0.00978899002075195","infomap","edit-xhwikibooks.graphml"
"0.34","0.17","0.49","0.325677277494393","1,1,2,2,3,4,3,5,4,6,7,8,9,5,4,4,6,10,7,8,11,12,13,9,5,14,4,15,16,6,10,17,18,11,19,20,21,4,11,11,11,11,12,12,12,12,11,12,12,12,11,11,11,11,11,12,12,12,12,11,13,11,11,9,5,11,11,11,11,11,12,11,14,14,11,11,11,11,11,11,11,4,15,15,15,16,11,11,11,11,6,10,17,11,11,11,22,11,11,11,11,11,11,11,11,11,11,18,18,11,11,11,11,20,19,20,19,19,19,19,19,21,21,21,21,21,21,21,21","0.00813603401184082","infomap","edit-xhwikibooks.graphml"
"0.33","0.18","0.49","0.32713917389399","1,1,1,1,2,3,2,4,3,5,6,2,4,7,3,8,5,9,6,10,11,12,13,3,3,7,3,8,14,5,9,15,16,10,17,18,19,3,11,11,11,11,12,12,12,12,11,12,12,12,11,11,11,11,11,12,12,12,12,11,13,11,11,3,3,11,11,11,11,11,12,11,7,7,11,11,11,11,11,11,11,3,8,8,8,14,11,11,11,11,5,9,15,11,11,11,8,11,11,11,11,11,11,11,11,11,11,16,16,10,11,11,11,18,17,18,17,18,18,17,17,19,19,19,19,19,19,19,19","0.00803804397583008","infomap","edit-xhwikibooks.graphml"
"0.32","0.19","0.49","0.329257266013412","1,2,1,1,3,4,3,4,5,6,7,3,5,5,8,4,6,9,7,10,10,2,11,5,8,8,5,12,13,6,9,14,15,10,16,17,18,8,10,10,10,10,2,2,2,2,10,2,2,2,10,10,10,10,10,2,2,2,2,10,11,10,10,5,8,10,10,10,10,10,2,10,8,8,10,10,10,10,10,10,10,5,12,12,12,13,10,10,10,10,6,9,14,10,10,10,4,10,10,10,10,10,10,10,10,10,10,15,15,10,10,10,10,16,17,16,16,16,17,17,17,18,18,18,18,18,18,18,18","0.00590300559997559","infomap","edit-xhwikibooks.graphml"
"0.31","0.2","0.49","0.321744966442953","1,1,2,3,2,3,4,5,6,7,4,4,5,8,9,10,7,11,12,13,13,14,15,8,8,16,8,10,17,7,11,18,19,13,20,12,6,9,13,13,13,13,14,14,14,14,13,14,14,14,13,13,13,13,13,14,14,14,14,13,15,13,13,8,8,13,13,13,13,13,14,13,16,16,13,13,13,13,13,13,13,8,10,10,10,17,13,13,13,13,7,11,18,13,13,13,10,13,13,13,13,13,13,13,13,13,13,19,19,13,13,13,13,12,12,20,20,12,12,20,20,6,6,6,6,6,6,6,6","0.00808882713317871","infomap","edit-xhwikibooks.graphml"
"0.3","0.21","0.49","0.324790909553003","1,2,1,1,3,1,3,2,4,5,6,3,7,8,4,9,5,10,6,3,11,12,13,7,8,14,8,9,15,5,10,16,17,11,18,19,20,8,11,11,11,11,12,12,12,12,11,12,12,12,11,11,11,11,11,12,12,12,12,11,13,11,11,7,8,11,11,11,11,11,12,11,14,14,11,11,11,11,11,11,11,8,9,9,9,15,11,11,11,11,5,10,16,11,11,11,21,11,11,11,11,11,11,11,11,11,11,17,17,11,11,11,11,19,18,19,19,19,18,18,18,20,20,20,20,20,20,20,20","0.00598311424255371","infomap","edit-xhwikibooks.graphml"
"0.29","0.22","0.49","-0.114315897621364","1,1,2,2,3,4,3,4,5,6,3,7,4,8,5,4,6,9,10,7,11,12,13,8,5,8,8,14,15,6,9,16,17,7,10,18,19,5,1,1,1,1,12,12,12,12,1,12,12,12,1,1,1,1,1,12,12,12,12,1,13,1,1,8,5,1,1,1,1,1,12,1,8,8,1,1,1,1,1,1,1,8,14,14,14,15,1,1,1,1,6,9,16,1,1,1,20,1,1,1,1,1,1,1,1,1,1,17,17,1,1,1,11,18,18,10,10,10,18,18,10,19,19,19,19,19,19,19,19","0.00987792015075684","infomap","edit-xhwikibooks.graphml"
"0.28","0.23","0.49","0.331672069805326","1,1,2,2,3,4,3,4,5,6,7,8,5,4,5,4,6,9,7,8,10,11,12,5,4,13,4,14,15,6,9,16,17,8,18,19,20,5,10,10,10,10,11,11,11,11,10,11,11,11,10,10,10,10,10,11,11,11,11,10,12,10,10,5,4,10,10,10,10,10,11,10,13,13,10,10,10,10,10,10,10,4,14,14,14,15,10,10,10,10,6,9,16,10,10,10,21,10,10,10,10,10,10,10,10,10,10,17,17,10,10,10,10,18,18,18,18,18,18,19,19,20,20,20,20,20,20,20,20","0.00638413429260254","infomap","edit-xhwikibooks.graphml"
"0.27","0.24","0.49","0.325284504647599","1,1,2,3,2,3,4,5,3,6,4,7,8,5,9,10,6,11,12,7,13,14,15,8,5,16,9,10,17,6,11,18,19,13,20,12,21,5,13,13,13,13,14,14,14,14,13,14,14,14,13,13,13,13,13,14,14,14,14,13,15,13,13,8,5,13,13,13,13,13,14,13,16,16,13,13,13,13,13,13,13,9,10,10,10,17,13,13,13,13,6,11,18,13,13,13,10,13,13,13,13,13,13,13,13,13,13,19,19,13,13,13,13,12,20,12,12,12,20,12,12,21,21,21,21,21,21,21,21","0.0081171989440918","infomap","edit-xhwikibooks.graphml"
"0.26","0.25","0.49","0.335547247197487","1,2,1,3,1,3,4,5,3,6,4,4,7,5,8,9,6,10,11,12,12,2,13,7,7,14,8,9,15,6,10,16,17,12,11,18,8,8,12,12,12,12,2,2,2,2,12,2,2,2,12,12,12,12,12,2,2,2,2,12,13,12,12,7,7,12,12,12,12,12,2,12,14,14,12,12,12,12,12,12,12,8,9,9,9,15,12,12,12,12,6,10,16,12,12,12,9,12,12,12,12,12,12,12,12,12,12,17,17,12,12,12,12,11,18,11,11,18,11,11,18,8,8,8,8,8,8,8,8","0.00757384300231934","infomap","edit-xhwikibooks.graphml"
"0.25","0.26","0.49","0.322430653123875","1,1,2,2,2,2,3,4,4,5,3,6,7,4,7,2,5,8,9,6,10,11,12,7,7,13,7,14,15,5,8,16,17,10,18,9,19,4,10,10,10,10,11,11,11,11,10,11,11,11,10,10,10,10,10,11,11,11,11,10,12,10,10,7,7,10,10,10,10,10,11,10,13,13,10,10,10,10,10,10,10,7,14,14,14,15,10,10,10,10,5,8,16,10,10,10,20,10,10,10,10,10,10,10,10,10,10,17,17,10,10,10,10,18,9,18,18,9,18,18,18,7,19,19,7,19,19,19,7","0.00816893577575684","infomap","edit-xhwikibooks.graphml"
"0.24","0.27","0.49","0.156962769486974","1,1,2,2,2,3,4,5,3,6,7,4,5,8,9,10,6,11,7,12,13,14,15,9,8,16,8,10,17,6,11,18,19,12,9,20,21,8,13,13,13,13,14,14,14,14,13,14,14,14,1,1,1,1,13,14,14,14,14,1,15,1,1,9,8,13,13,1,1,1,14,13,16,16,1,13,13,13,1,1,13,8,10,10,10,17,1,13,13,1,6,11,18,1,1,13,10,1,13,1,13,1,13,13,13,13,1,19,19,1,13,1,1,20,9,9,9,9,20,9,20,21,21,21,21,21,21,21,21","0.00816202163696289","infomap","edit-xhwikibooks.graphml"
"0.23","0.28","0.49","0.331148222222222","1,1,2,2,2,2,3,4,5,6,7,3,4,8,5,2,6,9,7,10,11,12,13,8,5,14,8,15,16,6,9,17,18,10,19,20,21,8,11,11,11,11,12,12,12,12,11,12,12,12,11,11,11,11,11,12,12,12,12,11,13,11,11,8,5,11,11,11,11,11,12,11,14,14,11,11,11,11,11,11,11,8,15,15,15,16,11,11,11,11,6,9,17,11,11,11,22,11,11,11,11,11,11,11,11,11,11,18,18,11,11,11,11,19,20,19,19,19,20,20,20,21,21,21,21,21,21,21,21","0.00639891624450684","infomap","edit-xhwikibooks.graphml"
"0.22","0.29","0.49","0.330094051251682","1,1,2,2,2,3,4,3,5,6,7,4,3,5,8,9,6,10,7,11,12,13,14,5,5,15,8,9,16,6,10,17,18,11,19,20,21,8,12,12,12,12,13,13,13,13,12,13,13,13,12,12,12,12,12,13,13,13,13,12,14,12,12,5,5,12,12,12,12,12,13,12,15,15,12,12,12,12,12,12,12,8,9,9,9,16,12,12,12,12,6,10,17,12,12,12,22,12,12,12,12,12,12,12,12,12,12,18,18,12,12,12,12,20,8,20,20,19,19,20,19,21,21,21,21,21,21,21,21","0.00606989860534668","infomap","edit-xhwikibooks.graphml"
"0.21","0.3","0.49","0.339917415114327","1,2,1,1,1,3,4,5,3,6,4,7,5,8,3,3,6,9,10,7,11,2,12,8,8,13,8,14,15,6,9,16,17,7,18,10,3,8,11,11,11,11,2,2,2,2,11,2,2,2,11,11,11,11,11,2,2,2,2,11,12,11,11,8,8,11,11,11,11,11,2,11,13,13,11,11,11,11,11,11,11,8,14,14,14,15,11,11,11,11,6,9,16,11,11,11,19,11,11,11,11,11,11,11,11,11,11,17,17,11,11,11,11,18,18,10,18,10,18,10,18,3,3,3,3,3,3,3,3","0.00631308555603027","infomap","edit-xhwikibooks.graphml"
"0.2","0.31","0.49","0.326481606163287","1,2,1,3,4,3,4,5,3,6,7,8,9,5,10,11,6,12,7,8,2,13,14,9,5,15,5,11,16,6,12,17,18,8,19,20,21,10,2,2,2,2,13,13,13,13,2,13,13,13,2,2,2,2,2,13,13,13,13,2,14,2,2,9,5,2,2,2,2,2,13,2,15,15,2,2,2,2,2,2,2,5,11,11,11,16,2,2,2,2,6,12,17,2,2,2,11,2,2,2,2,2,2,2,2,2,2,18,18,2,2,2,2,20,19,20,19,20,19,19,20,21,21,21,21,21,21,21,21","0.00950002670288086","infomap","edit-xhwikibooks.graphml"
"0.19","0.32","0.49","0.315254916588626","1,2,1,3,1,3,4,2,5,6,4,7,8,9,5,10,6,11,4,7,12,13,14,8,9,15,9,10,16,6,11,17,18,7,19,20,21,5,12,12,12,12,13,13,13,13,12,13,13,13,12,12,12,12,12,13,13,13,13,12,14,12,12,8,9,12,12,12,12,12,13,12,15,9,12,12,12,12,12,12,12,9,10,10,10,16,12,12,12,12,6,11,17,12,12,12,10,12,12,12,12,12,12,12,12,12,12,18,18,12,12,12,12,19,20,19,20,20,19,19,19,21,5,5,5,5,5,5,5","0.00624179840087891","infomap","edit-xhwikibooks.graphml"
"0.18","0.33","0.49","0.312882820202149","1,1,2,2,2,3,4,3,5,6,7,4,5,5,8,9,6,10,7,4,11,12,13,5,8,14,8,9,15,6,10,16,17,11,18,19,20,8,11,11,11,11,12,12,12,12,11,12,12,12,11,11,11,11,11,12,12,12,12,11,13,11,11,5,8,11,11,11,11,11,12,11,14,14,11,11,11,11,11,11,11,8,9,9,9,15,11,11,11,11,6,10,16,11,11,11,9,11,11,11,11,11,11,11,11,11,11,17,17,11,11,11,11,19,8,8,8,8,8,8,18,20,20,20,20,20,20,20,20","0.00599098205566406","infomap","edit-xhwikibooks.graphml"
"0.17","0.34","0.49","0.336001220692466","1,1,2,3,2,3,4,3,5,6,7,4,8,9,5,3,6,10,7,4,11,12,13,8,5,9,9,14,15,6,10,16,17,11,18,19,20,9,11,11,11,11,12,12,12,12,11,12,12,12,11,11,11,11,11,12,12,12,12,11,13,11,11,8,5,11,11,11,11,11,12,11,9,9,11,11,11,11,11,11,11,9,14,14,14,15,11,11,11,11,6,10,16,11,11,11,3,11,11,11,11,11,11,11,11,11,11,17,17,11,11,11,11,18,19,18,18,18,18,18,18,20,5,5,20,20,20,5,5","0.00774407386779785","infomap","edit-xhwikibooks.graphml"
"0.16","0.35","0.49","0.347196232797811","1,1,2,3,2,3,4,5,6,7,4,8,5,5,6,9,7,10,11,8,12,13,14,5,6,15,6,9,16,7,10,17,18,12,11,19,20,5,12,12,12,12,13,13,13,13,12,13,13,13,12,12,12,12,12,13,13,13,13,12,14,12,12,5,6,12,12,12,12,12,13,12,15,15,12,12,12,12,12,12,12,6,9,9,9,16,12,12,12,12,7,10,17,12,12,12,9,12,12,12,12,12,12,12,12,12,12,18,18,12,12,12,12,19,19,11,11,19,19,19,19,20,20,20,20,20,20,20,20","0.00974798202514648","infomap","edit-xhwikibooks.graphml"
"0.15","0.36","0.49","0.326970961163556","1,2,1,1,1,3,4,5,3,6,4,7,5,8,9,3,6,10,11,7,12,2,13,5,8,14,9,15,16,6,10,17,18,7,19,11,20,14,12,12,12,12,2,2,2,2,12,2,2,2,12,12,12,12,12,2,2,2,2,12,13,12,12,5,8,12,12,12,12,12,2,12,14,14,12,12,12,12,12,12,12,9,15,15,15,16,12,12,12,12,6,10,17,12,12,12,3,12,12,12,12,12,12,12,12,12,12,18,18,12,12,12,12,11,19,19,19,19,11,11,19,9,9,9,20,9,9,9,9","0.00940322875976562","infomap","edit-xhwikibooks.graphml"
"0.14","0.37","0.49","0.336838070109701","1,1,2,3,2,3,4,1,5,6,4,4,7,8,5,9,6,10,11,12,12,13,14,7,8,15,5,16,17,6,10,18,19,12,20,11,21,8,12,12,12,12,13,13,13,13,12,13,13,13,12,12,12,12,12,13,13,13,13,12,14,12,12,7,8,12,12,12,12,12,13,12,15,15,12,12,12,12,12,12,12,5,16,16,16,17,12,12,12,12,6,10,18,12,12,12,9,12,12,12,12,12,12,12,12,12,12,19,19,12,12,12,12,20,11,11,20,11,20,20,20,21,21,21,21,21,21,21,21","0.00791501998901367","infomap","edit-xhwikibooks.graphml"
"0.13","0.38","0.49","0.342093373266728","1,1,2,2,3,4,3,4,5,6,7,8,4,5,9,4,6,10,7,8,11,1,12,5,5,13,9,14,15,6,10,16,17,11,18,19,20,13,11,11,11,11,1,1,1,1,11,1,1,1,11,11,11,11,11,1,1,1,1,11,12,11,11,5,5,11,11,11,11,11,1,11,13,13,11,11,11,11,11,11,11,9,14,14,14,15,11,11,11,11,6,10,16,11,11,11,21,11,11,11,11,11,11,11,11,11,11,17,17,11,11,11,11,19,18,19,18,18,19,18,19,20,20,20,20,20,20,20,20","0.00636482238769531","infomap","edit-xhwikibooks.graphml"
"0.12","0.39","0.49","0.345111419389505","1,2,1,1,3,4,3,5,4,6,7,8,5,5,9,10,6,11,7,8,12,2,13,9,5,14,9,10,15,6,11,16,17,12,18,19,20,9,12,12,12,12,2,2,2,2,12,2,2,2,12,12,12,12,12,2,2,2,2,12,13,12,12,9,5,12,12,12,12,12,2,12,14,14,12,12,12,12,12,12,12,9,10,10,10,15,12,12,12,12,6,11,16,12,12,12,10,12,12,12,12,12,12,12,12,12,12,17,17,12,12,12,12,19,18,18,18,19,18,19,19,20,20,20,20,20,20,20,20","0.00595593452453613","infomap","edit-xhwikibooks.graphml"
"0.11","0.4","0.49","0.337345341301237","1,1,2,3,2,3,4,5,5,6,7,4,5,5,8,3,6,9,7,10,11,12,13,8,14,15,5,16,17,6,9,18,19,10,20,21,14,8,11,11,11,11,12,12,12,12,11,12,12,12,11,11,11,11,11,12,12,12,12,11,13,11,11,8,14,11,11,11,11,11,12,11,15,15,11,11,11,11,11,11,11,5,16,16,16,17,11,11,11,11,6,9,18,11,11,11,3,11,11,11,11,11,11,11,11,11,11,19,19,10,11,11,11,21,21,20,20,21,21,20,20,14,14,14,14,14,14,14,14","0.00759696960449219","infomap","edit-xhwikibooks.graphml"
"0.1","0.41","0.49","0.344979078240167","1,1,2,3,2,3,4,5,6,7,4,8,5,9,6,3,7,10,11,8,12,13,14,6,6,9,6,15,16,7,10,17,18,8,19,11,20,9,12,12,12,12,13,13,13,13,12,13,13,13,12,12,12,12,12,13,13,13,13,12,14,12,12,6,6,12,12,12,12,12,13,12,9,9,12,12,12,12,12,12,12,6,15,15,15,16,12,12,12,12,7,10,17,12,12,12,3,12,12,12,12,12,12,12,12,12,12,18,18,8,12,12,12,11,19,19,19,11,19,11,19,20,20,20,20,20,20,20,20","0.00775504112243652","infomap","edit-xhwikibooks.graphml"
"0.09","0.42","0.49","0.345239097238087","1,2,1,1,3,4,3,2,4,5,6,7,8,9,10,11,5,12,6,7,13,14,15,8,9,16,9,11,17,5,12,18,19,7,20,21,10,9,13,13,13,13,14,14,14,14,13,14,14,14,13,13,13,13,13,14,14,14,14,13,15,13,13,8,9,13,13,13,13,13,14,13,16,16,13,13,13,13,13,13,13,9,11,11,11,17,13,13,13,13,5,12,18,13,13,13,11,13,13,13,13,13,13,13,13,13,13,19,19,13,13,13,13,20,21,21,20,20,20,20,21,10,10,10,10,10,10,10,10","0.00597906112670898","infomap","edit-xhwikibooks.graphml"
"0.08","0.43","0.49","0.347881645582632","1,2,1,1,1,1,3,4,4,5,3,3,4,6,7,1,5,8,9,10,11,2,12,6,6,13,6,14,15,5,8,16,17,10,18,9,7,7,11,11,11,11,2,2,2,2,11,2,2,2,11,11,11,11,11,2,2,2,2,11,12,11,11,6,6,11,11,11,11,11,2,11,13,13,11,11,11,11,11,11,11,6,14,14,14,15,11,11,11,11,5,8,16,11,11,11,19,11,11,11,11,11,11,11,11,11,11,17,17,10,11,11,11,9,18,9,18,18,9,9,9,7,7,7,7,7,7,7,7","0.00767302513122559","infomap","edit-xhwikibooks.graphml"
"0.07","0.44","0.49","0.350949744692287","1,1,2,2,3,4,3,4,4,5,3,3,6,7,8,9,5,10,11,12,13,14,15,6,8,7,8,9,16,5,10,17,18,12,11,19,20,8,13,13,13,13,14,14,14,14,13,14,14,14,13,13,13,13,13,14,14,14,14,13,15,13,13,6,8,13,13,13,13,13,14,13,7,7,13,13,13,13,13,13,13,8,9,9,9,16,13,13,13,13,5,10,17,13,13,13,9,13,13,13,13,13,13,13,13,13,13,18,18,13,13,13,13,11,11,19,11,19,11,11,19,20,20,20,20,20,20,20,20","0.00574994087219238","infomap","edit-xhwikibooks.graphml"
"0.06","0.45","0.49","0.341167219689767","1,1,2,2,2,3,4,5,3,6,7,4,8,5,9,10,6,11,7,12,13,14,15,8,9,16,9,10,17,6,11,18,19,12,20,21,22,5,13,13,13,13,14,14,14,14,13,14,14,14,13,13,13,13,13,14,14,14,14,13,15,13,13,8,9,13,13,13,13,13,14,13,16,16,13,13,13,13,13,13,13,9,10,10,10,17,13,13,13,13,6,11,18,13,13,13,10,13,13,13,13,13,13,13,13,13,13,19,19,12,13,13,13,21,21,21,21,20,21,20,20,22,22,22,22,22,22,22,22","0.00614404678344727","infomap","edit-xhwikibooks.graphml"
"0.05","0.46","0.49","0.336646184476128","1,2,1,1,1,3,4,3,5,6,4,7,3,5,8,9,6,10,4,7,2,11,12,3,13,13,5,14,15,6,10,16,17,7,18,19,20,8,2,2,2,2,11,11,11,11,2,11,11,11,2,2,2,2,2,11,11,11,11,2,12,2,2,3,13,2,2,2,2,2,11,2,13,13,2,2,2,2,2,2,2,5,14,14,14,15,2,2,2,2,6,10,16,2,2,2,9,2,2,2,2,2,2,2,2,2,2,17,17,2,2,2,2,18,18,19,18,18,18,18,18,20,20,20,20,20,20,20,20","0.0111651420593262","infomap","edit-xhwikibooks.graphml"
"0.04","0.47","0.49","0.344456568553357","1,2,1,1,3,4,3,2,4,5,6,3,7,8,9,10,5,11,6,3,12,13,14,7,8,15,9,10,16,5,11,17,18,12,19,20,9,9,12,12,12,12,13,13,13,13,12,13,13,13,12,12,12,12,12,13,13,13,13,12,14,12,12,7,8,12,12,12,12,12,13,12,15,15,12,12,12,12,12,12,12,9,10,10,10,16,12,12,12,12,5,11,17,12,12,12,10,12,12,12,12,12,12,12,12,12,12,18,18,12,12,12,12,19,20,20,20,20,19,19,20,9,9,9,9,9,9,9,9","0.00581502914428711","infomap","edit-xhwikibooks.graphml"
"0.03","0.48","0.49","0.337514144116486","1,1,2,2,2,3,2,3,4,5,6,2,7,8,4,3,5,9,6,2,10,11,7,8,8,12,8,13,14,5,9,15,16,2,17,18,19,8,10,10,10,10,11,11,11,11,10,11,11,11,10,10,10,10,10,11,11,11,11,10,7,10,10,8,8,10,10,10,10,10,11,10,12,12,10,10,10,10,10,10,10,8,13,13,13,14,10,10,10,10,5,9,15,10,10,10,3,10,10,10,10,10,10,10,10,10,10,16,16,10,10,10,10,17,18,17,18,17,18,18,17,19,19,19,19,19,19,19,19","0.0131449699401855","infomap","edit-xhwikibooks.graphml"
"0.02","0.49","0.49","0.3193197666769","1,2,1,1,3,1,3,4,1,5,6,3,4,7,8,9,5,10,6,3,2,11,12,7,7,13,8,14,15,5,10,16,17,3,18,19,20,8,2,2,2,2,11,11,11,11,2,11,11,11,2,2,2,2,2,11,11,11,11,2,12,2,2,7,7,2,2,2,2,2,11,2,13,13,2,2,2,2,2,2,2,8,14,14,14,15,2,2,2,2,5,10,16,2,2,2,9,2,2,2,2,2,2,2,2,2,2,17,17,2,2,2,2,18,18,19,6,6,18,6,18,20,20,20,20,20,20,20,20","0.0113101005554199","infomap","edit-xhwikibooks.graphml"
"0.01","0.5","0.49","0.351640166493236","1,1,2,2,2,3,2,1,3,4,5,2,6,7,7,3,4,5,8,2,9,10,6,7,3,11,3,12,1,4,5,8,13,2,14,8,15,3,9,9,9,9,10,10,10,10,9,10,10,10,9,9,9,9,9,10,10,10,10,9,16,9,9,7,3,9,9,9,9,9,10,9,11,11,9,9,9,9,9,9,9,3,12,12,12,17,9,9,9,9,18,19,20,9,9,9,3,9,9,9,9,9,9,9,9,9,9,13,13,9,9,9,9,8,8,8,14,14,8,14,8,15,15,15,15,15,15,15,15","0.00980019569396973","infomap","edit-xhwikibooks.graphml"
"0","0.51","0.49","0.360619770325298","1,2,1,1,3,4,3,5,4,6,7,3,8,5,4,4,6,9,7,3,10,11,8,8,5,5,12,13,2,6,9,7,14,3,15,16,12,5,10,10,10,10,11,11,11,11,10,11,11,11,10,10,10,10,10,11,11,11,11,10,17,10,10,8,5,10,10,10,10,10,11,10,5,5,10,10,10,10,10,10,10,12,13,13,13,18,10,10,10,10,19,20,21,10,10,10,22,10,10,10,10,10,10,10,10,10,10,14,14,10,10,10,10,16,15,16,15,15,15,15,16,12,12,12,12,12,12,12,12","0.00945210456848145","infomap","edit-xhwikibooks.graphml"
"0.5","0","0.5","0.336352702893415","1,1,2,2,2,3,4,5,3,6,7,4,8,5,9,3,6,7,7,10,11,12,13,14,9,8,15,16,17,18,19,20,21,10,22,23,24,5,11,11,11,11,12,12,12,12,11,12,12,12,11,11,11,11,11,12,12,12,12,11,13,11,11,14,8,11,11,11,11,11,12,11,9,8,11,11,11,11,11,11,11,15,16,16,16,17,11,11,11,11,18,19,20,11,11,11,3,11,11,11,11,11,11,11,11,11,11,21,21,10,11,11,11,23,22,23,22,23,23,23,23,24,24,24,24,24,24,24,24","0.00631904602050781","infomap","edit-xhwikibooks.graphml"
"0.49","0.01","0.5","0.320267510028802","1,2,1,3,4,3,4,5,3,6,4,4,7,8,5,9,6,10,4,11,12,2,13,7,8,8,3,9,14,6,10,15,16,11,17,18,19,8,12,12,12,12,2,2,2,2,12,2,2,2,12,12,12,12,12,2,2,2,2,12,13,12,12,5,3,12,12,12,12,12,2,12,8,8,12,12,12,12,12,12,12,8,9,9,9,14,12,12,12,12,6,10,15,12,12,12,9,12,12,12,12,12,12,12,12,12,12,16,16,11,12,12,12,17,17,17,17,17,18,17,18,19,19,19,19,19,19,19,19","0.00991106033325195","infomap","edit-xhwikibooks.graphml"
"0.48","0.02","0.5","0.312799044063133","1,2,1,1,3,4,3,4,5,6,3,3,4,7,5,8,6,9,10,11,2,12,13,5,7,14,7,8,15,6,9,16,17,11,18,10,19,7,2,2,2,2,12,12,12,12,2,12,12,12,2,2,2,2,2,12,12,12,12,2,13,2,2,4,7,2,2,2,2,2,12,2,14,14,2,2,2,2,2,2,2,7,8,8,8,15,2,2,2,2,6,9,16,2,2,2,20,2,2,2,2,2,2,2,2,2,2,17,17,2,2,2,2,10,10,18,18,18,10,10,18,19,19,19,19,19,19,19,19","0.00853896141052246","infomap","edit-xhwikibooks.graphml"
"0.47","0.03","0.5","0.320844522981486","1,2,1,1,1,3,4,5,3,6,4,7,5,8,5,3,6,9,10,7,2,11,12,8,5,8,5,13,14,6,9,15,16,7,10,17,18,5,2,2,2,2,11,11,11,11,2,11,11,11,2,2,2,2,2,11,11,11,11,2,12,2,2,5,5,2,2,2,2,2,11,2,5,5,2,2,2,2,2,2,2,8,13,13,13,14,2,2,2,2,6,9,15,2,2,2,3,2,2,2,2,2,2,2,2,2,2,16,16,2,2,2,2,10,10,17,10,10,10,17,17,18,18,18,18,18,18,18,18","0.0082240104675293","infomap","edit-xhwikibooks.graphml"
"0.46","0.04","0.5","0.314503455402349","1,2,1,1,3,4,3,2,5,6,7,3,5,8,5,4,6,9,7,3,10,11,12,8,4,13,5,14,15,6,9,16,17,10,5,18,19,8,10,10,10,10,11,11,11,11,10,11,11,11,10,10,10,10,10,11,11,11,11,10,12,10,10,8,5,10,10,10,10,10,11,10,5,13,10,10,10,10,10,10,10,5,14,14,14,15,10,10,10,10,6,9,16,10,10,10,4,10,10,10,10,10,10,10,10,10,10,17,17,10,10,10,10,5,5,5,18,5,5,5,18,19,19,19,19,19,19,19,19","0.00610017776489258","infomap","edit-xhwikibooks.graphml"
"0.45","0.05","0.5","0.310195409263599","1,1,2,2,3,4,3,5,5,6,7,3,8,9,5,4,6,10,7,11,11,12,13,8,8,14,9,15,16,6,10,17,18,11,19,20,21,5,11,11,11,11,12,12,12,12,11,12,12,12,11,11,11,11,11,12,12,12,12,11,13,11,11,8,8,11,11,11,11,11,12,11,8,14,11,11,11,11,11,11,11,9,15,15,15,16,11,11,11,11,6,10,17,11,11,11,4,11,11,11,11,11,11,11,11,11,11,18,18,11,11,11,11,20,19,19,19,20,19,19,20,21,21,21,21,21,21,21,21","0.00794482231140137","infomap","edit-xhwikibooks.graphml"
"0.44","0.06","0.5","0.318893596138053","1,2,3,1,3,1,4,2,5,6,4,7,8,9,5,10,6,11,12,7,13,14,15,8,5,9,5,10,16,6,11,17,18,13,19,12,20,9,13,13,13,13,14,14,14,14,13,14,14,14,13,13,13,13,13,14,14,14,14,13,15,13,13,2,5,13,13,13,13,13,14,13,5,9,13,13,13,13,13,13,13,5,10,10,10,16,13,13,13,13,6,11,17,13,13,13,10,13,13,13,13,13,13,13,13,13,13,18,18,13,13,13,13,12,19,12,12,12,12,19,19,20,20,20,20,20,20,20,20","0.00818705558776855","infomap","edit-xhwikibooks.graphml"
"0.43","0.07","0.5","0.316932017616063","1,2,1,1,1,3,4,2,3,5,6,4,7,8,9,10,5,11,6,12,13,14,15,7,8,16,9,10,17,5,11,18,19,12,20,21,22,9,13,13,13,13,14,14,14,14,13,14,14,14,13,13,13,13,13,14,14,14,14,13,15,13,13,2,9,13,13,13,13,13,14,13,16,16,13,13,13,13,13,13,13,16,10,10,10,17,13,13,13,13,5,11,18,13,13,13,10,13,13,13,13,13,13,13,13,13,13,19,19,13,13,13,13,21,21,21,20,20,20,20,20,22,22,22,22,22,22,22,22","0.00619888305664062","infomap","edit-xhwikibooks.graphml"
"0.42","0.08","0.5","0.320375442247659","1,1,2,2,3,2,3,4,2,5,6,7,4,8,9,10,5,11,6,7,12,13,14,2,8,8,2,10,15,5,11,16,17,7,18,9,19,9,12,12,12,12,13,13,13,13,12,13,13,13,12,12,12,12,12,13,13,13,13,12,14,12,12,4,2,12,12,12,12,12,13,12,2,2,12,12,12,12,12,12,12,2,10,10,10,15,12,12,12,12,5,11,16,12,12,12,20,12,12,12,12,12,12,12,12,12,12,17,17,12,12,12,12,18,18,18,9,18,18,18,9,19,19,19,19,19,19,19,19","0.00610613822937012","infomap","edit-xhwikibooks.graphml"
"0.41","0.09","0.5","0.318329182603433","1,1,2,2,2,3,4,3,5,6,4,7,8,9,5,10,6,11,12,7,13,14,15,9,5,8,9,10,16,6,11,17,18,13,12,19,20,9,13,13,13,13,14,14,14,14,13,14,14,14,13,13,13,13,13,14,14,14,14,13,15,13,13,3,5,13,13,13,13,13,14,13,8,8,13,13,13,13,13,13,13,5,10,10,10,16,13,13,13,13,6,11,17,13,13,13,10,13,13,13,13,13,13,13,13,13,13,18,18,13,13,13,13,19,19,19,12,19,12,19,12,20,20,20,20,20,20,20,20","0.00807690620422363","infomap","edit-xhwikibooks.graphml"
"0.4","0.1","0.5","0.313973614026464","1,1,2,2,2,3,4,5,6,7,8,4,5,6,9,3,7,10,8,4,11,12,13,9,9,3,3,14,15,7,10,16,17,11,18,19,20,9,11,11,11,11,12,12,12,12,11,12,12,12,11,11,11,11,11,12,12,12,12,11,13,11,11,5,9,11,11,11,11,11,12,11,9,3,11,11,11,11,11,11,11,3,14,14,14,15,11,11,11,11,7,10,16,11,11,11,21,11,11,11,11,11,11,11,11,11,11,17,17,11,11,11,11,18,19,18,18,18,18,19,19,20,20,20,20,20,20,20,20","0.00614500045776367","infomap","edit-xhwikibooks.graphml"
"0.39","0.11","0.5","0.314513504178813","1,2,1,2,3,1,3,4,5,6,7,8,9,5,4,10,6,11,7,8,12,2,13,9,14,14,9,10,15,6,11,16,17,8,18,19,20,4,12,12,12,12,2,2,2,2,12,2,2,2,12,12,12,12,12,2,2,2,2,12,13,12,12,9,9,12,12,12,12,12,2,12,14,14,12,12,12,12,12,12,12,9,10,10,10,15,12,12,12,12,6,11,16,12,12,12,21,12,12,12,12,12,12,12,12,12,12,17,17,12,12,12,12,18,18,18,19,19,19,19,18,20,20,20,20,20,20,20,20","0.00799918174743652","infomap","edit-xhwikibooks.graphml"
"0.38","0.12","0.5","0.316427042731155","1,1,2,3,2,3,4,5,6,7,8,4,5,9,10,11,7,12,8,13,14,15,16,9,6,9,10,11,17,7,12,18,19,13,6,20,21,9,14,14,14,14,15,15,15,15,14,15,15,15,14,14,14,14,14,15,15,15,15,14,16,14,14,5,10,14,14,14,14,14,15,14,9,10,14,14,14,14,14,14,14,6,11,11,11,17,14,14,14,14,7,12,18,14,14,14,11,14,14,14,14,14,14,14,14,14,14,19,19,14,14,14,14,6,20,20,20,6,6,20,6,21,21,21,21,21,21,21,21","0.00620698928833008","infomap","edit-xhwikibooks.graphml"
"0.37","0.13","0.5","0.316484286714997","1,2,1,1,3,4,3,2,4,5,6,7,8,9,8,10,5,11,6,7,12,13,14,9,9,8,4,10,15,5,11,16,17,12,18,19,20,9,12,12,12,12,13,13,13,13,12,13,13,13,12,12,12,12,12,13,13,13,13,12,14,12,12,2,4,12,12,12,12,12,13,12,9,4,12,12,12,12,12,12,12,8,10,10,10,15,12,12,12,12,5,11,16,12,12,12,10,12,12,12,12,12,12,12,12,12,12,17,17,12,12,12,12,18,18,19,19,19,19,18,18,20,20,20,20,20,20,20,20","0.00626015663146973","infomap","edit-xhwikibooks.graphml"
"0.36","0.14","0.5","0.323943595072726","1,2,1,1,3,4,3,5,4,6,7,3,5,8,4,9,6,10,7,11,12,2,13,4,4,14,8,9,15,6,10,16,17,11,18,19,20,4,12,12,12,12,2,2,2,2,12,2,2,2,12,12,12,12,12,2,2,2,2,12,13,12,12,4,8,12,12,12,12,12,2,12,14,4,12,12,12,12,12,12,12,8,9,9,9,15,12,12,12,12,6,10,16,12,12,12,9,12,12,12,12,12,12,12,12,12,12,17,17,12,12,12,12,18,18,18,19,18,19,19,18,20,20,20,20,20,20,20,20","0.0116519927978516","infomap","edit-xhwikibooks.graphml"
"0.35","0.15","0.5","0.313881902388869","1,1,2,2,3,4,3,5,4,6,7,8,5,9,10,4,6,11,7,8,12,13,14,4,9,15,10,16,17,6,11,18,19,8,20,21,22,10,12,12,12,12,13,13,13,13,12,13,13,13,12,12,12,12,12,13,13,13,13,12,14,12,12,5,9,12,12,12,12,12,13,12,15,10,12,12,12,12,12,12,12,10,16,16,16,17,12,12,12,12,6,11,18,12,12,12,4,12,12,12,12,12,12,12,12,12,12,19,19,12,12,12,12,10,21,20,20,21,21,20,21,22,22,22,22,22,22,22,22","0.00614094734191895","infomap","edit-xhwikibooks.graphml"
"0.34","0.16","0.5","0.323230810322156","1,2,1,1,3,4,3,5,4,6,7,3,5,8,9,10,6,11,7,12,13,2,14,5,4,9,8,10,15,6,11,16,17,12,18,19,20,8,13,13,13,13,2,2,2,2,13,2,2,2,13,13,13,13,13,2,2,2,2,13,14,13,13,5,4,13,13,13,13,13,2,13,9,4,13,13,13,13,13,13,13,9,10,10,10,15,13,13,13,13,6,11,16,13,13,13,10,13,13,13,13,13,13,13,13,13,13,17,17,13,13,13,13,18,19,19,19,19,18,18,19,20,20,20,20,20,20,20,20","0.00788712501525879","infomap","edit-xhwikibooks.graphml"
"0.33","0.17","0.5","0.313377492714807","1,2,3,3,4,1,4,5,1,6,7,8,5,9,10,11,6,12,7,8,2,13,14,1,9,15,15,11,16,6,12,17,18,8,19,20,10,10,2,2,2,2,13,13,13,13,2,13,13,13,2,2,2,2,2,13,13,13,13,2,14,2,2,5,9,2,2,2,2,2,13,2,15,15,2,2,2,2,2,2,2,15,11,11,11,16,2,2,2,2,6,12,17,2,2,2,11,2,2,2,2,2,2,2,2,2,2,18,18,2,2,2,2,20,20,20,19,20,20,20,19,10,10,10,10,10,10,10,10","0.00969600677490234","infomap","edit-xhwikibooks.graphml"
"0.32","0.18","0.5","0.322675400301846","1,2,1,2,3,4,3,2,4,5,3,6,7,8,9,10,5,11,12,6,13,14,15,7,8,16,9,10,17,5,11,18,19,6,20,12,21,9,13,13,13,13,14,14,14,14,13,14,14,14,13,13,13,13,13,14,14,14,14,13,15,13,13,7,8,13,13,13,13,13,14,13,8,16,13,13,13,13,13,13,13,8,10,10,10,17,13,13,13,13,5,11,18,13,13,13,10,13,13,13,13,13,13,13,13,13,13,19,19,13,13,13,13,20,12,12,20,12,20,20,20,21,21,21,21,21,21,21,21","0.00654006004333496","infomap","edit-xhwikibooks.graphml"
"0.31","0.19","0.5","0.318676781287406","1,1,2,2,2,3,4,5,5,6,7,4,3,5,8,9,6,10,7,11,12,13,14,3,15,15,8,9,16,6,10,17,18,11,19,20,21,5,12,12,12,12,13,13,13,13,12,13,13,13,12,12,12,12,12,13,13,13,13,12,14,12,12,5,8,12,12,12,12,12,13,12,15,8,12,12,12,12,12,12,12,8,9,9,9,16,12,12,12,12,6,10,17,12,12,12,22,12,12,12,12,12,12,12,12,12,12,18,18,12,12,12,12,19,19,20,19,19,19,19,20,21,21,21,21,21,21,21,21","0.00617313385009766","infomap","edit-xhwikibooks.graphml"
"0.3","0.2","0.5","-0.13035464671524","1,2,1,1,3,4,3,5,4,6,7,3,5,8,9,4,6,10,7,2,11,12,13,2,8,14,5,15,16,6,10,17,18,2,19,20,9,8,2,2,2,2,12,12,12,12,2,12,12,12,2,2,2,2,2,12,12,12,12,2,13,2,2,2,5,2,11,2,2,2,12,2,14,14,2,2,2,2,2,2,2,14,15,15,15,16,2,2,2,2,6,10,17,2,2,2,4,2,2,2,2,2,2,2,2,2,2,18,18,2,2,2,2,20,20,20,19,19,20,20,19,9,9,9,9,9,9,9,9","0.00619196891784668","infomap","edit-xhwikibooks.graphml"
"0.29","0.21","0.5","0.328010632505379","1,2,1,1,3,4,3,5,6,7,8,9,5,6,10,11,7,12,8,9,13,2,14,5,10,4,10,11,15,7,12,16,17,9,18,10,19,6,13,13,13,13,2,2,2,2,13,2,2,2,13,13,13,13,13,2,2,2,2,13,14,13,13,5,4,13,13,13,13,13,2,13,4,4,13,13,13,13,13,13,13,10,11,11,11,15,13,13,13,13,7,12,16,13,13,13,20,13,13,13,13,13,13,13,13,13,13,17,17,13,13,13,13,18,10,18,18,10,10,10,18,19,19,19,19,19,19,19,19","0.00813579559326172","infomap","edit-xhwikibooks.graphml"
"0.28","0.22","0.5","0.320526379877898","1,2,1,1,1,1,3,2,4,5,6,3,7,4,8,9,5,10,6,3,11,12,13,7,14,15,4,9,16,5,10,17,18,3,19,14,20,8,11,11,11,11,12,12,12,12,11,12,12,12,11,11,11,11,11,12,12,12,12,11,13,11,11,2,4,11,11,11,11,11,12,11,15,14,11,11,11,11,11,11,11,15,9,9,9,16,11,11,11,11,5,10,17,11,11,11,21,11,11,11,11,11,11,11,11,11,11,18,18,11,11,11,11,19,14,19,14,14,19,14,14,20,20,20,20,20,20,20,20","0.00635695457458496","infomap","edit-xhwikibooks.graphml"
"0.27","0.23","0.5","0.315133473974603","1,2,3,3,4,1,4,5,6,7,8,9,10,6,5,1,7,11,8,9,2,12,13,10,6,6,10,14,15,7,11,16,17,9,18,19,20,5,2,2,2,2,12,12,12,12,2,12,12,12,2,2,2,2,2,12,12,12,12,2,13,2,2,5,10,2,2,2,2,2,12,2,6,10,2,2,2,2,2,2,2,10,14,14,14,15,2,2,2,2,7,11,16,2,2,2,1,2,2,2,2,2,2,2,2,2,2,17,17,2,2,2,2,19,18,18,19,18,18,19,19,20,20,20,20,20,20,20,20","0.0080869197845459","infomap","edit-xhwikibooks.graphml"
"0.26","0.24","0.5","0.325663350001074","1,2,1,3,1,3,4,5,3,6,4,7,5,8,9,10,6,11,4,7,12,2,13,9,5,8,3,10,14,6,11,15,16,7,9,17,18,8,12,12,12,12,2,2,2,2,12,2,2,2,12,12,12,12,12,2,2,2,2,12,13,12,12,9,3,12,12,12,12,12,2,12,3,3,12,12,12,12,12,12,12,3,10,10,10,14,12,12,12,12,6,11,15,12,12,12,10,12,12,12,12,12,12,12,12,12,12,16,16,12,12,12,12,17,9,17,17,9,9,9,9,18,18,18,18,18,18,18,18","0.0080568790435791","infomap","edit-xhwikibooks.graphml"
"0.25","0.25","0.5","0.322182514487276","1,1,2,1,2,3,4,3,5,6,4,7,8,5,9,10,6,11,4,7,12,13,14,8,9,5,9,10,15,6,11,16,17,7,18,19,20,5,12,12,12,12,13,13,13,13,12,13,13,13,12,12,12,12,12,13,13,13,13,12,14,12,12,8,5,12,12,12,12,12,13,12,9,9,12,12,12,12,12,12,12,9,10,10,10,15,12,12,12,12,6,11,16,12,12,12,10,12,12,12,12,12,12,12,12,12,12,17,17,12,12,12,12,18,18,19,19,19,19,19,18,20,20,9,9,9,20,20,20","0.00619196891784668","infomap","edit-xhwikibooks.graphml"
"0.24","0.26","0.5","0.32269387755102","1,1,2,1,2,1,3,4,1,5,3,3,6,7,4,8,5,9,10,11,11,12,13,6,4,14,7,15,16,5,9,17,18,11,19,10,20,7,11,11,11,11,12,12,12,12,11,12,12,12,11,11,11,11,11,12,12,12,12,11,13,11,11,6,7,11,11,11,11,11,12,11,7,14,11,11,11,11,11,11,11,7,15,15,15,16,11,11,11,11,5,9,17,11,11,11,8,11,11,11,11,11,11,11,11,11,11,18,18,11,11,11,11,19,19,10,19,19,10,19,10,20,20,20,20,20,20,20,20","0.00810909271240234","infomap","edit-xhwikibooks.graphml"
"0.23","0.27","0.5","0.334853514739229","1,1,2,3,2,3,4,5,3,6,4,7,5,8,9,10,6,11,12,7,13,14,15,8,8,16,8,10,17,6,11,18,19,7,12,20,9,8,13,13,13,13,14,14,14,14,13,14,14,14,13,13,13,13,13,14,14,14,14,13,15,13,13,5,8,13,13,13,13,13,14,13,8,16,13,13,13,13,13,13,13,8,10,10,10,17,13,13,13,13,6,11,18,13,13,13,10,13,13,13,13,13,13,13,13,13,13,19,19,13,13,13,13,20,12,20,12,12,12,12,20,9,9,9,9,9,9,9,9","0.00619816780090332","infomap","edit-xhwikibooks.graphml"
"0.22","0.28","0.5","0.323394903566183","1,1,2,1,2,3,4,5,6,7,8,4,6,6,5,9,7,10,8,11,11,12,13,6,5,3,6,9,14,7,10,15,16,11,17,18,19,5,11,11,11,11,12,12,12,12,11,12,12,12,11,11,11,11,11,12,12,12,12,11,13,11,11,6,3,11,11,11,11,11,12,11,3,3,11,11,11,11,11,11,11,6,9,9,9,14,11,11,11,11,7,10,15,11,11,11,20,11,11,11,11,11,11,11,11,11,11,16,16,11,11,11,11,17,17,18,17,18,18,18,18,19,19,19,19,19,19,19,19","0.00686097145080566","infomap","edit-xhwikibooks.graphml"
"0.21","0.29","0.5","0.328673048780684","1,2,1,1,3,4,3,2,4,5,6,7,8,9,4,10,5,11,6,7,12,13,14,8,4,15,9,10,16,5,11,17,18,7,19,20,21,9,12,12,12,12,13,13,13,13,12,13,13,13,12,12,12,12,12,13,13,13,13,12,14,12,12,2,9,12,12,12,12,12,13,12,15,9,12,12,12,12,12,12,12,9,10,10,10,16,12,12,12,12,5,11,17,12,12,12,22,12,12,12,12,12,12,12,12,12,12,18,18,12,12,12,12,20,20,19,20,19,19,19,20,21,21,21,21,21,21,21,21","0.0065000057220459","infomap","edit-xhwikibooks.graphml"
"0.2","0.3","0.5","0.325319059445602","1,1,2,2,3,4,3,4,4,5,6,3,7,8,9,10,5,11,6,12,12,13,14,7,7,8,9,10,15,5,11,16,17,12,18,19,20,9,12,12,12,12,13,13,13,13,12,13,13,13,12,12,12,12,12,13,13,13,13,12,14,12,12,4,9,12,12,12,12,12,13,12,9,7,12,12,12,12,12,12,12,7,10,10,10,15,12,12,12,12,5,11,16,12,12,12,10,12,12,12,12,12,12,12,12,12,12,17,17,12,12,12,12,19,19,19,18,19,19,18,18,20,20,20,20,20,20,20,20","0.00805807113647461","infomap","edit-xhwikibooks.graphml"
"0.19","0.31","0.5","0.314013740812887","1,2,1,3,4,3,4,2,5,6,4,7,8,9,5,3,6,10,11,7,12,13,14,8,2,15,9,16,17,6,10,18,19,12,20,11,21,5,12,12,12,12,13,13,13,13,12,13,13,13,12,12,12,12,12,13,13,13,13,12,14,12,12,2,9,12,12,12,12,12,13,12,9,15,12,12,12,12,12,12,12,9,16,16,16,17,12,12,12,12,6,10,18,12,12,12,3,12,12,12,12,12,12,12,12,12,12,19,19,12,12,12,12,20,20,11,11,20,11,11,20,21,5,21,5,5,5,5,21","0.00795602798461914","infomap","edit-xhwikibooks.graphml"
"0.18","0.32","0.5","0.330988155305979","1,2,1,1,3,4,3,2,1,5,3,6,7,8,9,4,5,10,11,6,12,13,14,7,8,15,8,16,17,5,10,18,19,12,20,11,9,9,12,12,12,12,13,13,13,13,12,13,13,13,12,12,12,12,12,13,13,13,13,12,14,12,12,2,15,12,12,12,12,12,13,12,15,15,12,12,12,12,12,12,12,15,16,16,16,17,12,12,12,12,5,10,18,12,12,12,4,12,12,12,12,12,12,12,12,12,12,19,19,12,12,12,12,20,20,20,20,20,11,11,11,9,9,9,9,9,9,9,9","0.00618886947631836","infomap","edit-xhwikibooks.graphml"
"0.17","0.33","0.5","0.329144963647609","1,2,1,1,1,1,3,2,4,5,3,6,7,4,8,9,5,10,3,6,6,11,12,7,4,13,8,9,14,5,10,15,16,6,17,8,18,4,6,6,6,6,11,11,11,11,6,11,11,11,6,6,6,6,6,11,11,11,11,6,12,6,6,7,13,6,6,6,6,6,11,6,13,13,6,6,6,6,6,6,6,8,9,9,9,14,6,6,6,6,5,10,15,6,6,6,19,6,6,6,6,6,6,6,6,6,6,16,16,6,6,6,6,17,17,17,8,17,8,17,17,18,18,18,18,18,18,18,18","0.00759696960449219","infomap","edit-xhwikibooks.graphml"
"0.16","0.34","0.5","0.338489826533705","1,1,2,2,3,4,3,2,5,6,7,8,9,5,10,4,6,11,7,8,12,13,14,9,5,15,15,16,17,6,11,18,19,8,20,21,10,5,12,12,12,12,13,13,13,13,12,13,13,13,12,12,12,12,12,13,13,13,13,12,14,12,12,9,15,12,12,12,12,12,13,12,15,15,12,12,12,12,12,12,12,15,16,16,16,17,12,12,12,12,6,11,18,12,12,12,4,12,12,12,12,12,12,12,12,12,12,19,19,12,12,12,12,20,20,20,21,21,21,20,21,10,10,10,10,10,10,10,10","0.00643587112426758","infomap","edit-xhwikibooks.graphml"
"0.15","0.35","0.5","0.331876573522129","1,2,1,3,1,3,4,3,5,6,4,7,8,8,5,9,6,10,4,7,2,11,12,8,8,13,13,9,14,6,10,15,16,2,17,18,19,5,2,2,2,2,11,11,11,11,2,11,11,11,2,2,2,2,2,11,11,11,11,2,12,2,2,8,8,2,2,2,2,2,11,2,8,13,2,2,2,2,2,2,2,13,9,9,9,14,2,2,2,2,6,10,15,2,2,2,9,2,2,2,2,2,2,2,2,2,2,16,16,2,2,2,2,18,17,17,18,17,18,18,18,19,19,19,19,19,19,19,19","0.00969791412353516","infomap","edit-xhwikibooks.graphml"
"0.14","0.36","0.5","0.335540475343867","1,1,2,3,2,3,4,3,5,6,7,4,8,9,10,11,6,12,7,13,14,15,16,8,9,17,10,11,18,6,12,19,20,13,5,21,22,5,14,14,14,14,15,15,15,15,14,15,15,15,14,14,14,14,14,15,15,15,15,14,16,14,14,8,10,14,14,14,14,14,15,14,17,10,14,14,14,14,14,14,14,10,11,11,11,18,14,14,14,14,6,12,19,14,14,14,11,14,14,14,14,14,14,14,14,14,14,20,20,14,14,14,14,5,5,5,21,21,21,5,5,22,22,22,22,22,22,22,22","0.00652790069580078","infomap","edit-xhwikibooks.graphml"
"0.13","0.37","0.5","0.343413465831037","1,2,1,1,1,3,4,5,3,6,4,7,8,5,9,10,6,11,12,7,13,2,14,8,9,15,15,10,16,6,11,17,18,7,19,12,20,9,13,13,13,13,2,2,2,2,13,2,2,2,13,13,13,13,13,2,2,2,2,13,14,13,13,8,15,13,13,13,13,13,2,13,15,15,13,13,13,13,13,13,13,9,10,10,10,16,13,13,13,13,6,11,17,13,13,13,10,13,13,13,13,13,13,13,13,13,13,18,18,13,13,13,13,19,12,19,19,12,19,19,12,20,20,20,20,20,20,20,20","0.00584197044372559","infomap","edit-xhwikibooks.graphml"
"0.12","0.38","0.5","0.344929660149538","1,1,1,2,3,2,3,4,2,5,3,6,4,7,8,9,5,10,8,6,11,12,13,4,7,14,7,9,15,5,10,16,17,6,18,8,19,2,11,11,11,11,12,12,12,12,11,12,12,12,11,11,11,11,11,12,12,12,12,11,13,11,11,4,7,11,11,11,11,11,12,11,14,7,11,11,11,11,11,11,11,14,9,9,9,15,11,11,11,11,5,10,16,11,11,11,9,11,11,11,11,11,11,11,11,11,11,17,17,11,11,11,11,8,18,18,18,8,18,18,18,19,19,19,19,19,19,19,19","0.00985312461853027","infomap","edit-xhwikibooks.graphml"
"0.11","0.39","0.5","0.3247404296875","1,1,2,2,3,4,3,4,5,6,3,3,7,5,8,9,6,10,11,3,12,13,14,7,7,15,5,9,16,6,10,17,18,3,19,11,20,8,12,12,12,12,13,13,13,13,12,13,13,13,12,12,12,12,12,13,13,13,13,12,14,12,12,4,5,12,12,12,12,12,13,12,15,7,12,12,12,12,12,12,12,7,9,9,9,16,12,12,12,12,6,10,17,12,12,12,9,12,12,12,12,12,12,12,12,12,12,18,18,12,12,12,12,19,11,19,19,19,11,19,19,8,8,8,8,8,20,20,8","0.00612378120422363","infomap","edit-xhwikibooks.graphml"
"0.1","0.4","0.5","0.34123829734407","1,2,1,3,4,3,4,3,5,6,7,8,9,5,10,11,6,12,7,8,13,2,14,9,5,15,9,11,16,6,12,17,18,8,10,19,20,5,13,13,13,13,2,2,2,2,13,2,2,2,13,13,13,13,13,2,2,2,2,13,14,13,13,9,9,13,13,13,13,13,2,13,15,15,13,13,13,13,13,13,13,15,11,11,11,16,13,13,13,13,6,12,17,13,13,13,11,13,13,13,13,13,13,13,13,13,13,18,18,13,13,13,13,10,10,19,19,10,10,19,10,20,20,20,20,20,20,20,20","0.00804591178894043","infomap","edit-xhwikibooks.graphml"
"0.09","0.41","0.5","0.340329598783317","1,2,1,3,4,3,4,5,6,7,4,8,2,6,5,9,7,10,11,8,12,13,14,2,3,3,5,15,16,7,10,17,18,8,19,11,20,5,12,12,12,12,13,13,13,13,12,13,13,13,12,12,12,12,12,13,13,13,13,12,14,12,12,5,3,12,12,12,12,12,13,12,5,3,12,12,12,12,12,12,12,3,15,15,15,16,12,12,12,12,7,10,17,12,12,12,9,12,12,12,12,12,12,12,12,12,12,18,18,12,12,12,12,19,19,19,19,11,19,19,19,20,20,20,20,20,20,20,20","0.00623416900634766","infomap","edit-xhwikibooks.graphml"
"0.08","0.42","0.5","0.335759339183214","1,2,1,1,3,4,3,5,4,6,7,8,9,5,10,4,6,11,7,8,8,2,12,10,10,9,9,13,14,6,11,15,16,8,17,18,19,10,8,8,8,8,2,2,2,2,8,2,2,2,8,8,8,8,8,2,2,2,2,8,12,8,8,10,10,8,8,8,8,8,2,8,9,9,8,8,8,8,8,8,8,9,13,13,13,14,8,8,8,8,6,11,15,8,8,8,4,8,8,8,8,8,8,8,8,8,8,16,16,8,8,8,8,18,18,18,17,18,17,18,17,19,19,19,19,19,19,19,19","0.00813984870910645","infomap","edit-xhwikibooks.graphml"
"0.07","0.43","0.5","0.34232016767756","1,2,1,3,4,3,4,2,3,5,6,4,7,8,9,10,5,11,6,4,12,13,14,7,8,15,15,10,16,5,11,17,18,12,19,9,20,8,12,12,12,12,13,13,13,13,12,13,13,13,12,12,12,12,12,13,13,13,13,12,14,12,12,7,15,12,12,12,12,12,13,12,8,15,12,12,12,12,12,12,12,15,10,10,10,16,12,12,12,12,5,11,17,12,12,12,10,12,12,12,12,12,12,12,12,12,12,18,18,12,12,12,12,19,9,19,9,19,19,19,19,20,20,20,20,20,20,20,20","0.0079188346862793","infomap","edit-xhwikibooks.graphml"
"0.06","0.44","0.5","0.344809907185002","1,2,1,3,1,3,4,2,5,6,4,7,2,5,2,8,6,9,10,7,11,12,13,5,2,14,5,8,15,6,9,16,17,11,10,18,19,2,11,11,11,11,12,12,12,12,11,12,12,12,11,11,11,11,11,12,12,12,12,11,13,11,11,2,5,11,11,11,11,11,12,11,14,5,11,11,11,11,11,11,11,14,8,8,8,15,11,11,11,11,6,9,16,11,11,11,8,11,11,11,11,11,11,11,11,11,11,17,17,11,11,11,11,10,10,18,10,18,10,18,10,19,19,19,19,19,19,19,19","0.00986218452453613","infomap","edit-xhwikibooks.graphml"
"0.05","0.45","0.5","0.344012142697945","1,1,2,1,2,3,4,5,3,6,4,7,5,8,9,10,6,11,12,7,13,14,15,9,9,16,8,10,17,6,11,18,19,7,12,20,21,9,13,13,13,13,14,14,14,14,13,14,14,14,13,13,13,13,13,14,14,14,14,13,15,13,13,9,8,13,13,13,13,13,14,13,16,16,13,13,13,13,13,13,13,9,10,10,10,17,13,13,13,13,6,11,18,13,13,13,10,13,13,13,13,13,13,13,13,13,13,19,19,13,13,13,13,20,12,12,12,12,20,20,12,21,21,21,21,21,21,21,21","0.00644397735595703","infomap","edit-xhwikibooks.graphml"
"0.04","0.46","0.5","0.330206975039543","1,2,1,1,1,3,4,5,6,7,8,4,5,9,6,3,7,10,8,11,2,12,13,1,1,14,9,15,16,7,10,17,18,11,19,20,21,6,2,2,2,2,12,12,12,12,2,12,12,12,2,2,2,2,2,12,12,12,12,2,13,2,2,1,14,2,2,2,2,2,12,2,14,9,2,2,2,2,2,2,2,9,15,15,15,16,2,2,2,2,7,10,17,2,2,2,3,2,2,2,2,2,2,2,2,2,2,18,18,2,2,2,2,19,19,19,20,20,20,20,19,21,21,21,21,21,21,21,21","0.00646400451660156","infomap","edit-xhwikibooks.graphml"
"0.03","0.47","0.5","0.344631357739563","1,1,2,3,2,3,4,5,3,6,4,4,7,5,8,3,6,9,10,11,12,13,14,7,15,15,8,16,17,6,9,18,19,11,20,10,21,8,12,12,12,12,13,13,13,13,12,13,13,13,12,12,12,12,12,13,13,13,13,12,14,12,12,5,15,12,12,12,12,12,13,12,8,15,12,12,12,12,12,12,12,8,16,16,16,17,12,12,12,12,6,9,18,12,12,12,3,12,12,12,12,12,12,12,12,12,12,19,19,12,12,12,12,10,10,20,20,20,10,20,20,21,21,21,21,21,21,21,21","0.00614285469055176","infomap","edit-xhwikibooks.graphml"
"0.02","0.48","0.5","0.336466882992938","1,2,1,1,3,4,3,2,4,5,6,3,2,7,8,4,5,9,6,3,10,11,12,7,7,13,2,14,15,5,9,16,17,3,18,19,20,8,10,10,10,10,11,11,11,11,10,11,11,11,10,10,10,10,10,11,11,11,11,10,12,10,10,2,13,10,10,10,10,10,11,10,13,7,10,10,10,10,10,10,10,2,14,14,14,15,10,10,10,10,5,9,16,10,10,10,4,10,10,10,10,10,10,10,10,10,10,17,17,10,10,10,10,18,19,8,18,19,19,8,19,20,20,20,20,20,20,20,20","0.00615882873535156","infomap","edit-xhwikibooks.graphml"
"0.01","0.49","0.5","-0.013842944356532","1,1,2,2,3,4,3,4,5,6,3,7,4,8,5,9,6,10,3,7,11,12,13,1,5,14,8,9,15,6,10,16,17,11,18,19,20,5,1,1,1,1,12,12,12,12,1,12,12,12,1,1,1,1,1,12,12,12,12,1,13,1,1,1,8,1,1,11,11,11,12,1,14,5,1,1,1,1,1,1,1,8,9,9,9,15,1,1,11,1,6,10,16,1,1,1,21,11,1,1,11,1,1,1,1,1,1,17,17,11,1,1,1,18,19,19,18,18,18,19,18,20,20,20,20,20,20,20,20","0.00779986381530762","infomap","edit-xhwikibooks.graphml"
"0","0.5","0.5","0.373494407297305","1,2,1,3,1,3,4,5,3,6,4,7,5,8,9,10,6,11,4,7,12,2,13,3,9,8,8,10,14,6,11,15,16,7,17,18,19,8,12,12,12,12,2,2,2,2,12,2,2,2,12,12,12,12,12,2,2,2,2,12,13,12,12,5,8,12,12,12,12,12,2,12,8,8,12,12,12,12,12,12,12,8,10,10,10,14,12,12,12,12,6,11,15,12,12,12,10,12,12,12,12,12,12,12,12,12,12,16,16,12,12,12,12,18,18,18,18,17,18,18,18,19,19,19,19,19,19,19,19","0.006256103515625","infomap","edit-xhwikibooks.graphml"
"0.49","0","0.51","0.342396500376193","1,1,2,2,2,3,4,5,6,7,8,4,9,5,6,3,7,8,8,10,11,12,13,9,14,15,16,17,18,19,20,21,22,10,23,6,24,6,11,11,11,11,12,12,12,12,11,12,12,12,11,11,11,11,11,12,12,12,12,11,13,11,11,9,14,11,11,11,11,11,12,11,15,15,11,11,11,11,11,11,11,16,17,17,17,18,11,11,11,11,19,20,21,11,11,11,3,11,11,11,11,11,11,11,11,11,11,22,22,10,11,11,11,6,23,23,6,6,23,23,6,24,24,24,24,24,24,24,24","0.00617504119873047","infomap","edit-xhwikibooks.graphml"
"0.48","0.01","0.51","0.333583548019729","1,2,1,1,3,4,3,2,4,5,6,7,8,9,10,11,5,6,12,7,13,14,15,8,16,9,17,18,19,20,21,22,23,24,10,12,25,9,13,13,13,13,14,14,14,14,13,14,14,14,13,13,13,13,13,14,14,14,14,13,15,13,13,2,16,13,13,13,13,13,14,13,16,16,13,13,13,13,13,13,13,17,18,18,18,19,13,13,13,13,20,21,22,13,13,13,11,13,13,13,13,13,13,13,13,13,13,23,23,24,13,13,13,10,12,10,12,10,10,12,10,25,25,25,25,25,25,25,25","0.00625991821289062","infomap","edit-xhwikibooks.graphml"
"0.47","0.02","0.51","0.33923921657421","1,1,2,2,3,4,5,4,6,7,3,5,8,6,9,10,7,3,11,12,13,14,15,8,6,16,9,17,18,19,20,21,12,22,23,11,24,6,13,13,13,13,14,14,14,14,13,14,14,14,13,13,13,13,13,14,14,14,14,13,15,13,13,8,9,13,13,13,13,13,14,13,16,16,13,13,13,13,13,13,13,16,17,17,17,18,13,13,13,13,19,20,21,13,13,13,10,13,13,13,13,13,13,13,13,13,13,12,12,22,13,13,13,11,23,23,23,23,23,11,23,24,24,24,24,24,24,24,24","0.00795698165893555","infomap","edit-xhwikibooks.graphml"
"0.46","0.03","0.51","0.338677639547226","1,1,2,2,3,4,3,5,6,7,8,3,9,5,6,4,7,10,8,3,11,12,13,9,4,14,5,15,16,7,10,17,18,11,19,20,21,6,11,11,11,11,12,12,12,12,11,12,12,12,11,11,11,11,11,12,12,12,12,11,13,11,11,9,14,11,11,11,11,11,12,11,5,14,11,11,11,11,11,11,11,14,15,15,15,16,11,11,11,11,7,10,17,11,11,11,4,11,11,11,11,11,11,11,11,11,11,18,18,11,11,11,11,20,20,19,19,19,20,20,19,21,21,21,21,21,21,21,21","0.00618505477905273","infomap","edit-xhwikibooks.graphml"
"0.45","0.04","0.51","0.338745863898692","1,2,1,1,3,1,3,2,4,5,3,6,7,8,4,9,5,10,11,6,12,13,14,7,2,15,8,9,16,5,10,17,18,12,11,19,20,4,12,12,12,12,13,13,13,13,12,13,13,13,12,12,12,12,12,13,13,13,13,12,14,12,12,2,8,12,12,12,12,12,13,12,15,2,12,12,12,12,12,12,12,8,9,9,9,16,12,12,12,12,5,10,17,12,12,12,21,12,12,12,12,12,12,12,12,12,12,18,18,12,12,12,12,19,19,11,19,11,19,19,19,20,20,20,20,20,20,20,20","0.0062568187713623","infomap","edit-xhwikibooks.graphml"
"0.44","0.05","0.51","0.347819498629141","1,2,1,1,3,4,3,4,4,5,3,6,7,8,9,4,5,10,11,6,12,2,13,7,8,14,14,15,16,5,10,17,18,12,11,9,19,9,12,12,12,12,2,2,2,2,12,2,2,2,12,12,12,12,12,2,2,2,2,12,13,12,12,7,14,12,12,12,12,12,2,12,14,14,12,12,12,12,12,12,12,14,15,15,15,16,12,12,12,12,5,10,17,12,12,12,4,12,12,12,12,12,12,12,12,12,12,18,18,12,12,12,12,11,9,11,11,9,9,9,11,19,19,19,19,19,19,19,19","0.00623106956481934","infomap","edit-xhwikibooks.graphml"
"0.43","0.06","0.51","0.34702135395682","1,2,1,3,4,3,4,5,5,6,7,8,5,5,9,10,6,11,7,8,12,2,13,2,5,14,5,10,15,6,11,16,17,8,18,19,20,9,12,12,12,12,2,2,2,2,12,2,2,2,12,12,12,12,12,2,2,2,2,12,13,12,12,5,14,12,12,12,12,12,2,12,5,14,12,12,12,12,12,12,12,5,10,10,10,15,12,12,12,12,6,11,16,12,12,12,10,12,12,12,12,12,12,12,12,12,12,17,17,12,12,12,12,19,18,18,18,19,18,18,19,20,20,20,20,20,20,20,20","0.0077970027923584","infomap","edit-xhwikibooks.graphml"
"0.42","0.07","0.51","0.342692586721016","1,2,1,1,1,3,4,3,5,6,4,7,8,9,5,10,6,11,12,7,13,2,14,8,5,15,9,10,16,6,11,17,18,13,12,19,20,5,13,13,13,13,2,2,2,2,13,2,2,2,13,13,13,13,13,2,2,2,2,13,14,13,13,8,15,13,13,13,13,13,2,13,5,15,13,13,13,13,13,13,13,5,10,10,10,16,13,13,13,13,6,11,17,13,13,13,10,13,13,13,13,13,13,13,13,13,13,18,18,13,13,13,13,19,19,12,19,19,19,12,19,20,20,20,20,20,20,20,20","0.00792622566223145","infomap","edit-xhwikibooks.graphml"
"0.41","0.08","0.51","0.330186796786569","1,2,1,1,1,3,4,5,3,6,4,7,8,5,9,10,6,11,4,7,2,12,13,8,9,14,3,10,15,6,11,16,17,7,18,19,20,3,2,2,2,2,12,12,12,12,2,12,12,12,2,2,2,2,2,12,12,12,12,2,13,2,2,8,3,2,2,2,2,2,12,2,14,14,2,2,2,2,2,2,2,9,10,10,10,15,2,2,2,2,6,11,16,2,2,2,10,2,2,2,2,2,2,2,2,2,2,17,17,2,2,2,2,19,19,19,18,18,19,18,19,20,20,20,20,20,20,20,20","0.00630903244018555","infomap","edit-xhwikibooks.graphml"
"0.4","0.09","0.51","0.331692387974063","1,1,2,3,2,3,4,5,3,6,4,4,5,7,8,3,6,9,10,11,12,13,14,7,3,15,8,16,17,6,9,18,19,11,20,10,21,7,12,12,12,12,13,13,13,13,12,13,13,13,12,12,12,12,12,13,13,13,13,12,14,12,12,5,3,12,12,12,12,12,13,12,3,15,12,12,12,12,12,12,12,3,16,16,16,17,12,12,12,12,6,9,18,12,12,12,3,12,12,12,12,12,12,12,12,12,12,19,19,12,12,12,12,20,20,10,10,20,20,20,20,21,21,21,21,21,21,21,21","0.00800609588623047","infomap","edit-xhwikibooks.graphml"
"0.39","0.1","0.51","0.3248290327305","1,1,2,3,2,4,5,6,3,7,5,8,3,6,9,4,7,10,11,8,12,13,14,3,3,15,9,16,17,7,10,18,19,12,20,11,21,6,12,12,12,12,13,13,13,13,12,13,13,13,12,12,12,12,12,13,13,13,13,12,14,12,12,3,9,12,12,12,12,12,13,12,3,15,12,12,12,12,12,12,12,3,16,16,16,17,12,12,12,12,7,10,18,12,12,12,4,12,12,12,12,12,12,12,12,12,12,19,19,12,12,12,12,11,20,11,11,20,11,11,20,21,21,21,21,21,21,21,21","0.00799393653869629","infomap","edit-xhwikibooks.graphml"
"0.38","0.11","0.51","0.31245686742592","1,2,1,2,1,3,4,2,5,6,4,7,8,5,9,3,6,10,11,7,2,12,13,8,3,5,3,14,15,6,10,16,17,2,11,18,19,9,2,2,2,2,12,12,12,12,2,12,12,12,2,2,2,2,2,12,12,12,12,2,13,2,2,8,5,2,2,2,2,2,12,2,5,3,2,2,2,2,2,2,2,3,14,14,14,15,2,2,2,2,6,10,16,2,2,2,3,2,2,2,2,2,2,2,2,2,2,17,17,2,2,2,2,18,18,11,11,11,11,11,18,19,19,19,19,19,19,19,19","0.00806903839111328","infomap","edit-xhwikibooks.graphml"
"0.37","0.12","0.51","0.330896939170091","1,1,2,2,2,3,4,5,6,7,4,8,9,5,6,3,7,10,11,8,12,13,14,9,15,15,3,16,17,7,10,18,19,12,20,11,21,6,12,12,12,12,13,13,13,13,12,13,13,13,12,12,12,12,12,13,13,13,13,12,14,12,12,5,15,12,12,12,12,12,13,12,15,3,12,12,12,12,12,12,12,15,16,16,16,17,12,12,12,12,7,10,18,12,12,12,3,12,12,12,12,12,12,12,12,12,12,19,19,12,12,12,12,20,11,20,20,11,20,20,20,21,21,21,21,21,21,21,21","0.00625109672546387","infomap","edit-xhwikibooks.graphml"
"0.36","0.13","0.51","0.321748308138289","1,2,3,3,3,1,4,5,5,6,4,7,2,8,5,1,6,9,10,7,11,12,13,2,2,8,5,14,15,6,9,16,17,7,18,10,19,5,11,11,11,11,12,12,12,12,11,12,12,12,11,11,11,11,11,12,12,12,12,11,13,11,11,2,5,11,11,11,11,11,12,11,5,8,11,11,11,11,11,11,11,5,14,14,14,15,11,11,11,11,6,9,16,11,11,11,1,11,11,11,11,11,11,11,11,11,11,17,17,11,11,11,11,10,10,18,18,18,10,10,18,19,19,19,19,19,19,19,19","0.00626301765441895","infomap","edit-xhwikibooks.graphml"
"0.35","0.14","0.51","0.319331829456257","1,2,1,2,1,3,4,5,6,7,4,4,5,8,6,3,7,9,4,10,10,2,11,2,8,3,8,12,13,7,9,14,15,10,16,17,18,6,10,10,10,10,2,2,2,2,10,2,2,2,10,10,10,10,10,2,2,2,2,10,11,10,10,2,3,10,10,10,10,10,2,10,3,3,10,10,10,10,10,10,10,8,12,12,12,13,10,10,10,10,7,9,14,10,10,10,3,10,10,10,10,10,10,10,10,10,10,15,15,10,10,10,10,16,17,17,17,17,17,16,17,18,18,18,18,18,18,18,18","0.00636005401611328","infomap","edit-xhwikibooks.graphml"
"0.34","0.15","0.51","0.321573951223796","1,1,2,2,2,3,4,3,5,6,4,7,8,9,5,3,6,10,11,7,12,13,14,8,8,9,5,15,16,6,10,17,18,7,19,11,20,5,12,12,12,12,13,13,13,13,12,13,13,13,12,12,12,12,12,13,13,13,13,12,14,12,12,8,8,12,12,12,12,12,13,12,8,5,12,12,12,12,12,12,12,8,15,15,15,16,12,12,12,12,6,10,17,12,12,12,3,12,12,12,12,12,12,12,12,12,12,18,18,12,12,12,12,11,11,11,11,19,19,11,11,20,20,20,20,20,20,20,20","0.0060889720916748","infomap","edit-xhwikibooks.graphml"
"0.33","0.16","0.51","0.322553614083523","1,2,1,3,1,2,4,2,5,6,4,7,3,5,8,2,6,9,10,7,11,12,13,3,8,5,5,14,15,6,9,16,17,7,18,10,19,5,11,11,11,11,12,12,12,12,11,12,12,12,11,11,11,11,11,12,12,12,12,11,13,11,11,3,8,11,11,11,11,11,12,11,8,8,11,11,11,11,11,11,11,8,14,14,14,15,11,11,11,11,6,9,16,11,11,11,20,11,11,11,11,11,11,11,11,11,11,17,17,11,11,11,11,10,10,18,10,18,18,18,10,19,19,19,19,19,19,19,19","0.00782203674316406","infomap","edit-xhwikibooks.graphml"
"0.32","0.17","0.51","0.319118505569691","1,1,2,2,2,3,4,5,6,7,8,4,9,6,5,10,7,11,8,4,12,13,14,9,3,3,6,10,15,7,11,16,17,12,18,19,20,6,12,12,12,12,13,13,13,13,12,13,13,13,12,12,12,12,12,13,13,13,13,12,14,12,12,9,3,12,12,12,12,12,13,12,3,3,12,12,12,12,12,12,12,3,10,10,10,15,12,12,12,12,7,11,16,12,12,12,21,12,12,12,12,12,12,12,12,12,12,17,17,12,12,12,12,19,18,19,18,18,18,18,18,20,20,20,20,20,20,20,20","0.00985288619995117","infomap","edit-xhwikibooks.graphml"
"0.31","0.18","0.51","0.316342653763384","1,2,1,2,3,4,3,2,2,5,6,3,7,4,8,9,5,10,6,11,12,13,14,7,2,4,7,9,15,5,10,16,17,11,8,18,19,4,12,12,12,12,13,13,13,13,12,13,13,13,12,12,12,12,12,13,13,13,13,12,14,12,12,7,2,12,12,12,12,12,13,12,2,4,12,12,12,12,12,12,12,7,9,9,9,15,12,12,12,12,5,10,16,12,12,12,20,12,12,12,12,12,12,12,12,12,12,17,17,12,12,12,12,8,18,8,8,18,8,8,8,19,19,19,19,19,19,19,19","0.00624608993530273","infomap","edit-xhwikibooks.graphml"
"0.3","0.19","0.51","0.322257040492401","1,2,1,2,3,4,3,4,5,6,3,7,8,5,9,10,6,11,12,7,13,2,14,8,8,5,9,10,15,6,11,16,17,13,12,18,19,9,13,13,13,13,2,2,2,2,13,2,2,2,13,13,13,13,13,2,2,2,2,13,14,13,13,4,5,13,13,13,13,13,2,13,9,9,13,13,13,13,13,13,13,5,10,10,10,15,13,13,13,13,6,11,16,13,13,13,10,13,13,13,13,13,13,13,13,13,13,17,17,13,13,13,13,12,18,18,18,18,18,18,18,19,19,19,19,19,19,19,19","0.00811386108398438","infomap","edit-xhwikibooks.graphml"
"0.29","0.2","0.51","0.324189804963492","1,1,1,2,3,2,3,2,4,5,6,3,2,4,7,2,5,8,6,9,10,11,12,4,7,13,7,14,15,5,8,16,17,9,18,19,20,7,10,10,10,10,11,11,11,11,10,11,11,11,10,10,10,10,10,11,11,11,11,10,12,10,10,2,7,10,10,10,10,10,11,10,7,13,10,10,10,10,10,10,10,13,14,14,14,15,10,10,10,10,5,8,16,10,10,10,21,10,10,10,10,10,10,10,10,10,10,17,17,9,10,10,10,19,19,18,19,18,19,18,19,20,20,20,20,20,20,20,20","0.00801801681518555","infomap","edit-xhwikibooks.graphml"
"0.28","0.21","0.51","0.317060477730633","1,2,1,2,3,4,3,4,5,6,3,7,4,5,8,9,6,10,8,7,2,11,12,4,5,13,5,9,14,6,10,15,16,7,17,8,18,5,2,2,2,2,11,11,11,11,2,11,11,11,2,2,2,2,2,11,11,11,11,2,12,2,2,4,5,2,2,2,2,2,11,2,5,13,2,2,2,2,2,2,2,13,9,9,9,14,2,2,2,2,6,10,15,2,2,2,19,2,2,2,2,2,2,2,2,2,2,16,16,2,2,2,2,17,17,8,8,8,17,8,8,18,18,18,18,18,18,18,18","0.00979208946228027","infomap","edit-xhwikibooks.graphml"
"0.27","0.22","0.51","0.323298723188255","1,1,2,2,3,4,3,5,6,7,8,9,10,5,6,4,7,11,8,9,12,13,14,10,6,15,5,16,17,7,11,18,19,9,20,21,22,6,12,12,12,12,13,13,13,13,12,13,13,13,12,12,12,12,12,13,13,13,13,12,14,12,12,10,15,12,12,12,12,12,13,12,5,15,12,12,12,12,12,12,12,15,16,16,16,17,12,12,12,12,7,11,18,12,12,12,4,12,12,12,12,12,12,12,12,12,12,19,19,12,12,12,12,21,20,21,21,20,20,21,20,22,22,22,22,22,22,22,22","0.00633716583251953","infomap","edit-xhwikibooks.graphml"
"0.26","0.23","0.51","0.327327422842651","1,2,1,1,3,4,3,2,4,5,3,6,7,8,9,10,5,11,12,6,13,14,15,7,9,8,9,10,16,5,11,17,18,13,9,12,19,9,13,13,13,13,14,14,14,14,13,14,14,14,13,13,13,13,13,14,14,14,14,13,15,13,13,7,9,13,13,13,13,13,14,13,9,9,13,13,13,13,13,13,13,8,10,10,10,16,13,13,13,13,5,11,17,13,13,13,10,13,13,13,13,13,13,13,13,13,13,18,18,13,13,13,13,12,12,12,9,9,9,12,12,19,19,19,19,19,19,19,19","0.0100071430206299","infomap","edit-xhwikibooks.graphml"
"0.25","0.24","0.51","0.327420782912159","1,1,2,2,3,4,3,4,5,6,7,8,4,9,5,10,6,11,7,8,12,13,14,9,15,15,5,10,16,6,11,17,18,12,19,5,20,5,12,12,12,12,13,13,13,13,12,13,13,13,12,12,12,12,12,13,13,13,13,12,14,12,12,4,15,12,12,12,12,12,13,12,5,15,12,12,12,12,12,12,12,15,10,10,10,16,12,12,12,12,6,11,17,12,12,12,10,12,12,12,12,12,12,12,12,12,12,18,18,12,12,12,12,5,19,5,19,19,5,19,5,20,20,20,20,20,20,20,20","0.00817298889160156","infomap","edit-xhwikibooks.graphml"
"0.24","0.25","0.51","0.327067336184906","1,2,3,3,3,1,4,2,5,6,4,7,8,5,9,1,6,10,11,7,12,13,14,8,9,5,5,15,16,6,10,17,18,12,19,11,20,5,12,12,12,12,13,13,13,13,12,13,13,13,12,12,12,12,12,13,13,13,13,12,14,12,12,2,9,12,12,12,12,12,13,12,9,9,12,12,12,12,12,12,12,9,15,15,15,16,12,12,12,12,6,10,17,12,12,12,1,12,12,12,12,12,12,12,12,12,12,18,18,12,12,12,12,19,19,19,19,19,19,19,19,20,20,20,20,20,20,20,20","0.0063629150390625","infomap","edit-xhwikibooks.graphml"
"0.23","0.26","0.51","0.321349227949702","1,1,2,2,3,4,3,5,4,6,7,3,5,8,9,10,6,11,7,12,13,14,15,1,8,4,9,16,17,6,11,18,19,12,20,21,22,9,13,13,13,13,14,14,14,14,13,14,14,14,13,13,13,13,13,14,14,14,14,13,15,13,13,5,9,13,13,13,13,13,14,13,4,9,13,13,13,13,13,13,13,8,16,16,16,17,13,13,13,13,6,11,18,13,13,13,10,13,13,13,13,13,13,13,13,13,13,19,19,12,13,13,13,20,21,20,20,20,20,21,20,22,22,22,22,22,22,22,22","0.00818109512329102","infomap","edit-xhwikibooks.graphml"
"0.22","0.27","0.51","0.326045706215053","1,2,1,2,3,2,3,2,4,5,6,3,7,4,8,2,5,9,6,10,10,11,12,7,8,4,8,13,14,5,9,15,16,10,17,18,19,17,10,10,10,10,11,11,11,11,10,11,11,11,10,10,10,10,10,11,11,11,11,10,12,10,10,2,8,10,10,10,10,10,11,10,8,8,10,10,10,10,10,10,10,8,13,13,13,14,10,10,10,10,5,9,15,10,10,10,20,10,10,10,10,10,10,10,10,10,10,16,16,10,10,10,10,18,17,18,18,18,18,18,18,19,19,19,19,19,19,19,19","0.0063018798828125","infomap","edit-xhwikibooks.graphml"
"0.21","0.28","0.51","0.307679672399172","1,2,1,2,1,3,4,5,3,6,7,4,8,9,5,3,6,10,7,2,2,11,12,8,9,13,8,14,15,6,10,16,17,2,18,19,20,5,2,2,2,2,11,11,11,11,2,11,11,11,2,2,2,2,2,11,11,11,11,2,12,2,2,8,9,2,2,2,2,2,11,2,13,8,2,2,2,2,2,2,2,8,14,14,14,15,2,2,2,2,6,10,16,2,2,2,3,2,2,2,2,2,2,2,2,2,2,17,17,2,2,2,2,19,19,18,19,18,19,19,19,20,20,20,20,20,20,20,20","0.00795507431030273","infomap","edit-xhwikibooks.graphml"
"0.2","0.29","0.51","0.324131120898461","1,1,2,2,2,3,4,5,6,7,4,8,9,6,5,3,7,10,11,8,12,13,14,9,6,15,3,16,17,7,10,18,19,8,20,11,21,6,12,12,12,12,13,13,13,13,12,13,13,13,12,12,12,12,12,13,13,13,13,12,14,12,12,9,15,12,12,12,12,12,13,12,15,15,12,12,12,12,12,12,12,6,16,16,16,17,12,12,12,12,7,10,18,12,12,12,3,12,12,12,12,12,12,12,12,12,12,19,19,12,12,12,12,20,20,11,11,20,11,11,11,21,21,21,21,21,21,21,21","0.00792884826660156","infomap","edit-xhwikibooks.graphml"
"0.19","0.3","0.51","0.329129995227162","1,1,2,3,2,3,4,5,6,7,8,4,5,9,6,10,7,11,8,12,13,14,15,3,9,16,9,10,17,7,11,18,19,12,20,6,21,6,13,13,13,13,14,14,14,14,13,14,14,14,13,13,13,13,13,14,14,14,14,13,15,13,13,5,16,13,13,13,13,13,14,13,16,9,13,13,13,13,13,13,13,16,10,10,10,17,13,13,13,13,7,11,18,13,13,13,10,13,13,13,13,13,13,13,13,13,13,19,19,13,13,13,13,6,20,6,6,6,20,6,6,21,21,21,21,21,21,21,21","0.00626897811889648","infomap","edit-xhwikibooks.graphml"
"0.18","0.31","0.51","0.332099744118808","1,1,1,1,2,3,2,4,4,5,6,2,7,8,4,3,5,9,6,10,11,12,13,7,4,14,8,15,16,5,9,17,18,10,19,20,21,4,11,11,11,11,12,12,12,12,11,12,12,12,11,11,11,11,11,12,12,12,12,11,13,11,11,7,8,11,11,11,11,11,12,11,14,4,11,11,11,11,11,11,11,8,15,15,15,16,11,11,11,11,5,9,17,11,11,11,3,11,11,11,11,11,11,11,11,11,11,18,18,11,11,11,11,20,19,19,19,19,19,20,19,21,21,21,21,21,21,21,21","0.0064690113067627","infomap","edit-xhwikibooks.graphml"
"0.17","0.32","0.51","0.317623805364084","1,2,3,3,4,1,4,2,5,6,7,8,9,5,10,1,6,11,7,8,8,12,13,9,9,14,10,15,16,6,11,17,18,8,19,20,21,5,8,8,8,8,12,12,12,12,8,12,12,12,8,8,8,8,8,12,12,12,12,8,13,8,8,2,10,8,8,8,8,8,12,8,14,10,8,8,8,8,8,8,8,10,15,15,15,16,8,8,8,8,6,11,17,8,8,8,1,8,8,8,8,8,8,8,8,8,8,18,18,8,8,8,8,20,20,19,19,19,20,20,20,21,21,21,21,21,21,21,21","0.00633907318115234","infomap","edit-xhwikibooks.graphml"
"0.16","0.33","0.51","0.3323313602478","1,2,1,3,4,5,4,3,6,7,8,9,3,5,6,5,7,10,8,9,11,2,12,5,13,13,5,14,15,7,10,16,17,9,18,19,6,5,11,11,11,11,2,2,2,2,11,2,2,2,11,11,11,11,11,2,2,2,2,11,12,11,11,5,13,11,11,11,11,11,2,11,5,13,11,11,11,11,11,11,11,13,14,14,14,15,11,11,11,11,7,10,16,11,11,11,20,11,11,11,11,11,11,11,11,11,11,17,17,11,11,11,11,19,19,19,18,19,18,18,19,6,6,6,6,6,6,6,6","0.00622797012329102","infomap","edit-xhwikibooks.graphml"
"0.15","0.34","0.51","0.336541805229002","1,2,1,3,4,3,4,5,3,6,7,4,8,9,5,10,6,11,7,4,2,12,13,8,5,9,5,10,14,6,11,15,16,4,17,18,19,5,2,2,2,2,12,12,12,12,2,12,12,12,2,2,2,2,2,12,12,12,12,2,13,2,2,5,5,2,2,2,2,2,12,2,9,9,2,2,2,2,2,2,2,5,10,10,10,14,2,2,2,2,6,11,15,2,2,2,10,2,2,2,2,2,2,2,2,2,2,16,16,2,2,2,2,17,17,17,17,18,18,18,18,19,19,19,19,19,19,19,19","0.00797295570373535","infomap","edit-xhwikibooks.graphml"
"0.14","0.35","0.51","0.337489289647103","1,2,1,1,3,4,3,5,4,6,7,8,9,9,5,10,6,11,7,8,12,2,13,5,5,14,9,10,15,6,11,16,17,12,18,19,20,9,12,12,12,12,2,2,2,2,12,2,2,2,12,12,12,12,12,2,2,2,2,12,13,12,12,5,5,12,12,12,12,12,2,12,14,14,12,12,12,12,12,12,12,14,10,10,10,15,12,12,12,12,6,11,16,12,12,12,10,12,12,12,12,12,12,12,12,12,12,17,17,12,12,12,12,18,18,18,19,18,18,19,19,20,20,20,20,20,20,20,20","0.00616288185119629","infomap","edit-xhwikibooks.graphml"
"0.13","0.36","0.51","0.333866421360129","1,1,2,2,3,4,3,1,5,6,7,8,9,10,5,4,6,11,7,8,12,13,14,10,15,9,9,16,17,6,11,18,19,12,15,20,21,10,12,12,12,12,13,13,13,13,12,13,13,13,12,12,12,12,12,13,13,13,13,12,14,12,12,10,15,12,12,12,12,12,13,12,15,9,12,12,12,12,12,12,12,9,16,16,16,17,12,12,12,12,6,11,18,12,12,12,4,12,12,12,12,12,12,12,12,12,12,19,19,12,12,12,12,15,15,15,15,15,15,20,15,21,21,21,21,21,21,21,21","0.00966191291809082","infomap","edit-xhwikibooks.graphml"
"0.12","0.37","0.51","0.345472721576689","1,2,1,1,1,3,4,3,5,6,4,4,5,7,5,3,6,8,9,4,10,2,11,3,3,5,7,12,13,6,8,14,15,4,9,16,17,5,10,10,10,10,2,2,2,2,10,2,2,2,10,10,10,10,10,2,2,2,2,10,11,10,10,3,7,10,10,10,10,10,2,10,5,5,10,10,10,10,10,10,10,3,12,12,12,13,10,10,10,10,6,8,14,10,10,10,3,10,10,10,10,10,10,10,10,10,10,15,15,10,10,10,10,16,16,9,16,16,16,16,9,17,17,17,17,17,17,17,17","0.00993490219116211","infomap","edit-xhwikibooks.graphml"
"0.11","0.38","0.51","0.3382912109375","1,1,2,2,2,3,4,5,3,6,4,7,8,9,5,10,6,11,12,7,13,14,15,8,16,16,9,10,17,6,11,18,19,7,20,12,21,5,13,13,13,13,14,14,14,14,13,14,14,14,13,13,13,13,13,14,14,14,14,13,15,13,13,14,16,13,13,13,13,13,14,13,16,16,13,13,13,13,13,13,13,16,10,10,10,17,13,13,13,13,6,11,18,13,13,13,10,13,13,13,13,13,13,13,13,13,13,19,19,13,13,13,13,20,20,12,20,12,20,20,12,21,21,21,21,21,21,21,21","0.00624895095825195","infomap","edit-xhwikibooks.graphml"
"0.1","0.39","0.51","0.33746690173732","1,2,1,1,3,4,3,2,4,5,3,3,6,4,7,8,5,9,3,3,10,11,12,6,7,13,4,8,14,5,9,15,16,10,17,18,19,4,10,10,10,10,11,11,11,11,10,11,11,11,10,10,10,10,10,11,11,11,11,10,12,10,10,2,7,10,10,10,10,10,11,10,13,7,10,10,10,10,10,10,10,13,8,8,8,14,10,10,10,10,5,9,15,10,10,10,8,10,10,10,10,10,10,10,10,10,10,16,16,10,10,10,10,18,18,18,18,17,17,18,18,19,19,19,19,19,19,19,19","0.0100579261779785","infomap","edit-xhwikibooks.graphml"
"0.09","0.4","0.51","0.341666873962226","1,2,1,1,3,1,3,4,5,6,7,3,8,5,4,1,6,9,7,3,10,2,11,8,12,12,5,13,14,6,9,15,16,10,17,18,19,5,10,10,10,10,2,2,2,2,10,2,2,2,10,10,10,10,10,2,2,2,2,10,11,10,10,8,12,10,10,10,10,10,2,10,12,12,10,10,10,10,10,10,10,5,13,13,13,14,10,10,10,10,6,9,15,10,10,10,1,10,10,10,10,10,10,10,10,10,10,16,16,10,10,10,10,17,18,17,17,17,18,17,17,19,19,19,19,19,19,19,19","0.00829601287841797","infomap","edit-xhwikibooks.graphml"
"0.08","0.41","0.51","0.338049436881611","1,1,2,3,2,3,2,4,3,5,6,7,8,9,4,3,5,10,6,7,11,12,13,8,4,9,3,14,15,5,10,16,17,11,18,19,20,4,11,11,11,11,12,12,12,12,11,12,12,12,11,11,11,11,11,12,12,12,12,11,13,11,11,4,3,11,11,11,11,11,12,11,4,4,11,11,11,11,11,11,11,4,14,14,14,15,11,11,11,11,5,10,16,11,11,11,3,11,11,11,11,11,11,11,11,11,11,17,17,11,11,11,11,19,19,19,18,18,19,18,19,20,20,20,20,20,20,20,20","0.00647187232971191","infomap","edit-xhwikibooks.graphml"
"0.07","0.42","0.51","0.337928009239041","1,2,1,2,3,4,3,2,4,5,6,3,7,8,9,10,5,11,6,12,13,14,15,7,9,16,8,10,17,5,11,18,19,12,20,21,22,8,13,13,13,13,14,14,14,14,13,14,14,14,13,13,13,13,13,14,14,14,14,13,15,13,13,7,9,13,13,13,13,13,14,13,16,16,13,13,13,13,13,13,13,9,10,10,10,17,13,13,13,13,5,11,18,13,13,13,10,13,13,13,13,13,13,13,13,13,13,19,19,13,13,13,13,20,20,20,21,21,21,20,21,22,22,22,22,22,22,22,22","0.00589799880981445","infomap","edit-xhwikibooks.graphml"
"0.06","0.43","0.51","0.33695592826809","1,2,1,3,4,3,4,2,5,6,7,4,8,5,9,10,6,11,7,12,12,13,14,8,5,15,15,10,16,6,11,17,18,12,19,9,20,9,12,12,12,12,13,13,13,13,12,13,13,13,12,12,12,12,12,13,13,13,13,12,14,12,12,2,5,12,12,12,12,12,13,12,15,15,12,12,12,12,12,12,12,5,10,10,10,16,12,12,12,12,6,11,17,12,12,12,10,12,12,12,12,12,12,12,12,12,12,18,18,12,12,12,12,9,19,9,9,19,9,19,9,20,20,20,20,20,20,20,20","0.0061948299407959","infomap","edit-xhwikibooks.graphml"
"0.05","0.44","0.51","0.343157115541695","1,2,1,1,1,1,3,4,4,5,3,6,4,7,8,1,5,9,10,6,11,2,12,7,13,13,7,14,15,5,9,16,17,11,18,10,8,7,11,11,11,11,2,2,2,2,11,2,2,2,11,11,11,11,11,2,2,2,2,11,12,11,11,4,13,11,11,11,11,11,2,11,13,7,11,11,11,11,11,11,11,7,14,14,14,15,11,11,11,11,5,9,16,11,11,11,19,11,11,11,11,11,11,11,11,11,11,17,17,11,11,11,11,18,18,10,10,10,10,10,18,8,8,8,8,8,8,8,8","0.00810980796813965","infomap","edit-xhwikibooks.graphml"
"0.04","0.45","0.51","0.333548859997685","1,2,1,2,3,1,3,2,4,5,6,3,7,4,8,1,5,9,6,10,10,11,12,7,13,13,8,14,15,5,9,16,17,10,18,19,20,4,10,10,10,10,11,11,11,11,10,11,11,11,10,10,10,10,10,11,11,11,11,10,12,10,10,7,8,10,10,10,10,10,11,10,13,13,10,10,10,10,10,10,10,13,14,14,14,15,10,10,10,10,5,9,16,10,10,10,21,10,10,10,10,10,10,10,10,10,10,17,17,10,10,10,10,19,18,19,19,19,19,18,19,20,20,20,20,20,20,20,20","0.00633788108825684","infomap","edit-xhwikibooks.graphml"
"0.03","0.46","0.51","0.340361558358292","1,2,1,1,3,4,3,4,5,6,7,3,8,9,5,4,6,10,7,11,12,2,13,8,9,14,14,15,16,6,10,17,18,11,19,20,21,5,12,12,12,12,2,2,2,2,12,2,2,2,12,12,12,12,12,2,2,2,2,12,13,12,12,4,14,12,12,12,12,12,2,12,14,14,12,12,12,12,12,12,12,14,15,15,15,16,12,12,12,12,6,10,17,12,12,12,4,12,12,12,12,12,12,12,12,12,12,18,18,11,12,12,12,20,20,20,20,20,20,19,20,21,21,21,21,21,21,21,21","0.00798892974853516","infomap","edit-xhwikibooks.graphml"
"0.02","0.47","0.51","0.336290630445357","1,2,1,2,1,3,4,2,3,5,4,6,7,8,9,3,5,10,11,6,6,12,13,7,3,8,9,14,15,5,10,16,17,6,18,11,19,8,6,6,6,6,12,12,12,12,6,12,12,12,6,6,6,6,6,12,12,12,12,6,13,6,6,7,9,6,6,6,6,6,12,6,9,8,6,6,6,6,6,6,6,9,14,14,14,15,6,6,6,6,5,10,16,6,6,6,3,6,6,6,6,6,6,6,6,6,6,17,17,6,6,6,6,11,11,11,18,18,11,11,18,19,19,19,19,19,19,19,19","0.00617599487304688","infomap","edit-xhwikibooks.graphml"
"0.01","0.48","0.51","0.340005704423347","1,2,1,3,4,3,4,2,3,5,4,6,2,2,7,3,5,8,9,6,10,11,12,2,7,13,7,14,15,5,8,16,17,10,18,9,19,7,10,10,10,10,11,11,11,11,10,11,11,11,10,10,10,10,10,11,11,11,11,10,12,10,10,2,7,10,10,10,10,10,11,10,13,13,10,10,10,10,10,10,10,7,14,14,14,15,10,10,10,10,5,8,16,10,10,10,3,10,10,10,10,10,10,10,10,10,10,17,17,10,10,10,10,18,9,18,18,9,9,18,9,7,19,7,7,19,7,19,7","0.00629711151123047","infomap","edit-xhwikibooks.graphml"
"0","0.49","0.51","0.331415752171925","1,2,3,3,3,4,5,2,4,6,7,5,8,9,10,11,6,12,7,5,1,13,14,8,10,9,4,11,15,6,12,16,17,1,18,19,20,9,1,1,1,1,13,13,13,13,1,13,13,13,1,1,1,1,1,13,13,13,13,1,14,1,1,2,10,1,1,1,1,1,13,1,10,4,1,1,1,1,1,1,1,10,11,11,11,15,1,1,1,1,6,12,16,1,1,1,11,1,1,1,1,1,1,1,1,1,1,17,17,1,1,1,1,18,19,18,19,18,18,18,19,20,20,20,20,20,20,20,20","0.00971579551696777","infomap","edit-xhwikibooks.graphml"
"0.48","0","0.52","0.331657522720793","1,2,1,1,1,3,4,5,6,7,4,8,5,9,6,3,7,4,10,8,2,11,12,13,9,14,6,15,16,17,18,19,20,21,10,22,23,6,2,2,2,2,11,11,11,11,2,11,11,11,2,2,2,2,2,11,11,11,11,2,12,2,2,13,6,2,2,2,2,2,11,2,14,14,2,2,2,2,2,2,2,14,15,15,15,16,2,2,2,2,17,18,19,2,2,2,3,2,2,2,2,2,2,2,2,2,2,20,20,21,2,2,2,10,10,22,22,10,10,22,22,23,23,23,23,23,23,23,23","0.00627517700195312","infomap","edit-xhwikibooks.graphml"
"0.47","0.01","0.52","0.325907834442062","1,2,1,3,4,3,4,5,5,6,7,8,9,5,10,11,6,7,7,8,2,12,13,9,14,10,15,11,16,17,18,19,20,21,22,23,24,5,2,2,2,2,12,12,12,12,2,12,12,12,2,2,2,2,2,12,12,12,12,2,13,2,2,9,14,2,2,2,2,2,12,2,10,14,2,2,2,2,2,2,2,15,11,11,11,16,2,2,2,2,17,18,19,2,2,2,11,2,2,2,2,2,2,2,2,2,2,20,20,21,2,2,2,23,23,22,22,23,22,22,22,24,24,24,24,24,24,24,24","0.00641703605651855","infomap","edit-xhwikibooks.graphml"
"0.46","0.02","0.52","0.327765718821743","1,1,2,2,3,4,3,4,5,6,7,8,9,5,10,11,6,7,7,8,12,13,14,9,15,5,16,17,18,19,20,21,22,23,24,25,26,10,12,12,12,12,13,13,13,13,12,13,13,13,12,12,12,12,12,13,13,13,13,12,14,12,12,4,15,12,12,12,12,12,13,12,15,15,12,12,12,12,12,12,12,16,17,17,17,18,12,12,12,12,19,20,21,12,12,12,11,12,12,12,12,12,12,12,12,12,12,22,22,23,12,12,12,24,24,25,24,25,24,25,25,26,26,26,26,26,26,26,26","0.0100998878479004","infomap","edit-xhwikibooks.graphml"
"0.45","0.03","0.52","0.336355820560321","1,1,1,2,1,2,3,2,4,5,3,3,6,4,6,7,5,3,8,9,10,11,12,13,6,4,14,7,15,16,17,18,9,19,20,8,21,4,10,10,10,10,11,11,11,11,10,11,11,11,10,10,10,10,10,11,11,11,11,10,12,10,10,13,14,10,10,10,10,10,11,10,6,14,10,10,10,10,10,10,10,14,7,7,7,15,10,10,10,10,16,17,18,10,10,10,7,10,10,10,10,10,10,10,10,10,10,9,9,19,10,10,10,20,20,8,20,8,20,20,20,21,21,21,21,21,21,21,21","0.0063469409942627","infomap","edit-xhwikibooks.graphml"
"0.44","0.04","0.52","0.340102188969908","1,2,1,1,3,4,3,4,5,6,3,7,8,5,9,10,6,3,11,7,12,2,13,8,5,14,15,10,16,17,18,19,20,21,11,22,9,5,12,12,12,12,2,2,2,2,12,2,2,2,12,12,12,12,12,2,2,2,2,12,13,12,12,4,15,12,12,12,12,12,2,12,14,14,12,12,12,12,12,12,12,15,10,10,10,16,12,12,12,12,17,18,19,12,12,12,10,12,12,12,12,12,12,12,12,12,12,20,20,21,12,12,12,22,11,11,11,11,22,22,11,9,9,9,9,9,9,9,9","0.00617003440856934","infomap","edit-xhwikibooks.graphml"
"0.43","0.05","0.52","0.338607551667113","1,2,1,3,4,3,4,2,3,5,6,7,8,2,9,3,5,10,6,7,11,12,13,8,9,14,9,15,16,5,10,17,18,7,19,9,20,2,11,11,11,11,12,12,12,12,11,12,12,12,11,11,11,11,11,12,12,12,12,11,13,11,11,8,9,11,11,11,11,11,12,11,14,9,11,11,11,11,11,11,11,14,15,15,15,16,11,11,11,11,5,10,17,11,11,11,3,11,11,11,11,11,11,11,11,11,11,18,18,11,11,11,11,19,19,9,19,9,9,19,9,20,20,20,20,20,20,20,20","0.0067439079284668","infomap","edit-xhwikibooks.graphml"
"0.42","0.06","0.52","0.33533633281289","1,2,1,3,4,3,4,2,3,5,6,7,8,9,10,3,5,11,6,7,12,13,14,8,8,9,10,15,16,5,11,17,18,7,19,20,21,10,12,12,12,12,13,13,13,13,12,13,13,13,12,12,12,12,12,13,13,13,13,12,14,12,12,8,10,12,12,12,12,12,13,12,10,9,12,12,12,12,12,12,12,10,15,15,15,16,12,12,12,12,5,11,17,12,12,12,3,12,12,12,12,12,12,12,12,12,12,18,18,12,12,12,12,20,19,19,20,19,20,19,19,21,21,21,21,21,21,21,21","0.00652217864990234","infomap","edit-xhwikibooks.graphml"
"0.41","0.07","0.52","0.332490562193557","1,2,1,2,1,1,3,2,4,5,3,6,7,4,8,9,5,10,11,6,12,13,14,7,8,15,15,9,16,5,10,17,18,6,19,11,20,8,12,12,12,12,13,13,13,13,12,13,13,13,12,12,12,12,12,13,13,13,13,12,14,12,12,7,15,12,12,12,12,12,13,12,15,15,12,12,12,12,12,12,12,15,9,9,9,16,12,12,12,12,5,10,17,12,12,12,9,12,12,12,12,12,12,12,12,12,12,18,18,12,12,12,12,11,11,19,19,11,19,11,11,20,20,20,20,20,20,20,20","0.0102579593658447","infomap","edit-xhwikibooks.graphml"
"0.4","0.08","0.52","0.322820023084787","1,2,3,3,3,1,4,1,5,6,4,2,7,8,5,9,6,10,11,2,2,12,13,7,1,8,5,9,14,6,10,15,16,2,11,17,18,8,2,2,2,2,12,12,12,12,2,12,12,12,2,2,2,2,2,12,12,12,12,2,13,2,2,7,5,2,2,2,2,2,12,2,5,5,2,2,2,2,2,2,2,5,9,9,9,14,2,2,2,2,6,10,15,2,2,2,9,2,2,2,2,2,2,2,2,2,2,16,16,2,2,2,2,17,17,11,11,17,17,11,11,18,18,18,18,18,18,18,18","0.00994205474853516","infomap","edit-xhwikibooks.graphml"
"0.39","0.09","0.52","0.332441126744949","1,2,1,3,4,3,4,3,5,6,4,7,8,9,5,10,6,11,12,7,2,13,14,8,9,15,5,10,16,6,11,17,18,7,12,19,20,5,2,2,2,2,13,13,13,13,2,13,13,13,2,2,2,2,2,13,13,13,13,2,14,2,2,3,5,2,2,2,2,2,13,2,15,15,2,2,2,2,2,2,2,15,10,10,10,16,2,2,2,2,6,11,17,2,2,2,10,2,2,2,2,2,2,2,2,2,2,18,18,2,2,2,2,19,12,19,12,12,12,12,19,20,20,20,20,20,20,20,20","0.00832581520080566","infomap","edit-xhwikibooks.graphml"
"0.38","0.1","0.52","0.319477868214708","1,2,1,3,4,3,4,5,3,6,4,2,7,5,8,3,6,9,4,2,2,10,11,7,8,12,12,13,14,6,9,15,16,2,17,18,19,8,2,2,2,2,10,10,10,10,2,10,10,10,2,2,2,2,2,10,10,10,10,2,11,2,2,7,12,2,2,2,2,2,10,2,12,8,2,2,2,2,2,2,2,8,13,13,13,14,2,2,2,2,6,9,15,2,2,2,3,2,2,2,2,2,2,2,2,2,2,16,16,2,2,2,2,18,8,17,18,18,17,18,18,19,19,19,19,19,19,19,19","0.00971508026123047","infomap","edit-xhwikibooks.graphml"
"0.37","0.11","0.52","0.335214916709338","1,1,2,2,2,3,4,3,5,6,4,7,5,5,8,9,6,10,11,7,12,13,14,3,5,15,5,9,16,6,10,17,18,12,11,19,8,5,12,12,12,12,13,13,13,13,12,13,13,13,12,12,12,12,12,13,13,13,13,12,14,12,12,3,5,12,12,12,12,12,13,12,15,5,12,12,12,12,12,12,12,15,9,9,9,16,12,12,12,12,6,10,17,12,12,12,9,12,12,12,12,12,12,12,12,12,12,18,18,12,12,12,12,11,19,19,19,19,11,19,19,8,8,8,8,8,8,8,8","0.00821900367736816","infomap","edit-xhwikibooks.graphml"
"0.36","0.12","0.52","0.330722517386541","1,1,2,3,2,3,4,5,3,6,7,4,5,8,9,3,6,10,7,11,12,13,14,3,8,15,8,16,17,6,10,18,19,11,20,21,22,9,12,12,12,12,13,13,13,13,12,13,13,13,12,12,12,12,12,13,13,13,13,12,14,12,12,5,15,12,12,12,12,12,13,12,15,15,12,12,12,12,12,12,12,8,16,16,16,17,12,12,12,12,6,10,18,12,12,12,3,12,12,12,12,12,12,12,12,12,12,19,19,12,12,12,12,21,21,9,20,21,21,21,21,22,22,22,22,22,22,22,22","0.00821709632873535","infomap","edit-xhwikibooks.graphml"
"0.35","0.13","0.52","0.336721031302336","1,2,1,2,3,4,3,4,5,6,3,7,8,5,9,10,6,11,12,7,13,2,14,8,5,15,9,10,16,6,11,17,18,7,19,12,20,9,13,13,13,13,2,2,2,2,13,2,2,2,13,13,13,13,13,2,2,2,2,13,14,13,13,4,9,13,13,13,13,13,2,13,15,5,13,13,13,13,13,13,13,5,10,10,10,16,13,13,13,13,6,11,17,13,13,13,10,13,13,13,13,13,13,13,13,13,13,18,18,13,13,13,13,19,19,12,19,12,12,12,19,20,20,20,20,20,20,20,20","0.00832581520080566","infomap","edit-xhwikibooks.graphml"
"0.34","0.14","0.52","0.332049513955015","1,1,2,2,3,4,3,5,4,6,3,7,5,8,9,10,6,11,12,7,13,14,15,5,8,16,16,10,17,6,11,18,19,13,9,12,20,9,13,13,13,13,14,14,14,14,13,14,14,14,13,13,13,13,13,14,14,14,14,13,15,13,13,5,8,13,13,13,13,13,14,13,8,16,13,13,13,13,13,13,13,16,10,10,10,17,13,13,13,13,6,11,18,13,13,13,10,13,13,13,13,13,13,13,13,13,13,19,19,13,13,13,13,9,9,9,9,12,12,12,12,20,20,20,20,20,20,20,20","0.0099179744720459","infomap","edit-xhwikibooks.graphml"
"0.33","0.15","0.52","0.337159963269054","1,1,2,2,3,4,3,5,4,6,7,8,5,9,10,11,6,12,7,8,13,14,15,9,9,10,10,11,16,6,12,17,18,13,19,20,21,10,13,13,13,13,14,14,14,14,13,14,14,14,13,13,13,13,13,14,14,14,14,13,15,13,13,9,10,13,13,13,13,13,14,13,10,9,13,13,13,13,13,13,13,10,11,11,11,16,13,13,13,13,6,12,17,13,13,13,11,13,13,13,13,13,13,13,13,13,13,18,18,13,13,13,13,20,19,20,20,20,19,19,20,21,21,21,21,21,21,21,21","0.00809502601623535","infomap","edit-xhwikibooks.graphml"
"0.32","0.16","0.52","0.337189055455563","1,2,1,2,3,4,3,5,4,6,7,8,5,9,10,4,6,11,7,8,12,2,13,5,10,14,9,15,16,6,11,17,18,8,19,20,21,9,12,12,12,12,2,2,2,2,12,2,2,2,12,12,12,12,12,2,2,2,2,12,13,12,12,5,9,12,12,12,12,12,2,12,9,14,12,12,12,12,12,12,12,10,15,15,15,16,12,12,12,12,6,11,17,12,12,12,4,12,12,12,12,12,12,12,12,12,12,18,18,12,12,12,12,19,19,20,20,20,20,19,19,21,21,21,21,21,21,21,21","0.00619387626647949","infomap","edit-xhwikibooks.graphml"
"0.31","0.17","0.52","0.334846768201046","1,1,2,1,2,3,4,3,5,6,4,7,8,5,9,10,6,11,12,7,13,14,15,8,5,16,5,10,17,6,11,18,19,7,12,20,9,9,13,13,13,13,14,14,14,14,13,14,14,14,13,13,13,13,13,14,14,14,14,13,15,13,13,3,5,13,13,13,13,13,14,13,5,16,13,13,13,13,13,13,13,16,10,10,10,17,13,13,13,13,6,11,18,13,13,13,10,13,13,13,13,13,13,13,13,13,13,19,19,13,13,13,13,20,12,20,20,12,20,12,12,9,9,9,9,9,9,9,9","0.0064549446105957","infomap","edit-xhwikibooks.graphml"
"0.3","0.18","0.52","0.322463747933904","1,1,2,2,3,4,3,5,1,6,7,3,5,8,9,4,6,10,7,11,12,13,14,1,8,15,15,16,17,6,10,18,19,11,20,21,22,9,12,12,12,12,13,13,13,13,12,13,13,13,12,12,12,12,12,13,13,13,13,12,14,12,12,1,15,12,12,12,12,12,13,12,15,8,12,12,12,12,12,12,12,8,16,16,16,17,12,12,12,12,6,10,18,12,12,12,4,12,12,12,12,12,12,12,12,12,12,19,19,12,12,12,12,21,20,21,21,20,21,20,20,22,22,22,22,22,22,22,22","0.0065300464630127","infomap","edit-xhwikibooks.graphml"
"0.29","0.19","0.52","0.329572125434506","1,2,1,1,3,4,3,5,4,6,3,7,5,8,9,4,6,10,9,7,11,2,12,9,13,13,8,14,15,6,10,16,17,11,9,18,19,8,11,11,11,11,2,2,2,2,11,2,2,2,11,11,11,11,11,2,2,2,2,11,12,11,11,5,13,11,11,11,11,11,2,11,13,13,11,11,11,11,11,11,11,13,14,14,14,15,11,11,11,11,6,10,16,11,11,11,4,11,11,11,11,11,11,11,11,11,11,17,17,11,11,11,11,9,9,9,18,18,18,18,18,19,19,19,19,19,19,19,19","0.00839090347290039","infomap","edit-xhwikibooks.graphml"
"0.28","0.2","0.52","0.327106680045702","1,2,1,3,4,2,4,2,5,6,7,4,3,8,5,9,6,10,7,4,11,12,13,3,3,14,8,9,15,6,10,16,17,11,18,19,20,5,11,11,11,11,12,12,12,12,11,12,12,12,11,11,11,11,11,12,12,12,12,11,13,11,11,2,3,11,11,11,11,11,12,11,14,14,11,11,11,11,11,11,11,8,9,9,9,15,11,11,11,11,6,10,16,11,11,11,21,11,11,11,11,11,11,11,11,11,11,17,17,11,11,11,11,19,18,18,19,18,19,19,18,20,20,20,20,20,20,20,20","0.00662398338317871","infomap","edit-xhwikibooks.graphml"
"0.27","0.21","0.52","0.304143405223124","1,2,1,1,1,3,4,5,3,6,4,4,5,7,8,9,6,10,11,12,2,13,14,7,8,15,7,9,16,6,10,17,18,12,11,19,20,7,2,2,2,2,13,13,13,13,2,13,13,13,2,2,2,2,2,13,13,13,13,2,14,2,2,5,8,2,2,2,2,2,13,2,15,15,2,2,2,2,2,2,2,7,9,9,9,16,2,2,2,2,6,10,17,2,2,2,9,2,2,2,2,2,2,2,2,2,2,18,18,12,2,2,2,11,19,11,19,19,11,19,11,8,8,20,8,8,8,8,8","0.0105619430541992","infomap","edit-xhwikibooks.graphml"
"0.26","0.22","0.52","0.328633755216671","1,2,1,1,3,4,3,2,4,5,3,3,6,7,8,9,5,10,11,12,13,14,15,6,8,16,7,9,17,5,10,18,19,12,20,11,21,6,13,13,13,13,14,14,14,14,13,14,14,14,13,13,13,13,13,14,14,14,14,13,15,13,13,6,16,13,13,13,13,13,14,13,16,7,13,13,13,13,13,13,13,7,9,9,9,17,13,13,13,13,5,10,18,13,13,13,9,13,13,13,13,13,13,13,13,13,13,19,19,13,13,13,13,20,20,11,20,11,11,20,20,21,21,21,21,21,21,21,21","0.00628495216369629","infomap","edit-xhwikibooks.graphml"
"0.25","0.23","0.52","0.32817971009137","1,1,2,2,3,4,3,5,4,6,3,7,5,8,9,4,6,10,3,7,11,12,13,1,9,8,4,14,15,6,10,16,17,11,18,19,20,8,11,11,11,11,12,12,12,12,11,12,12,12,11,11,11,11,11,12,12,12,12,11,13,11,11,5,9,11,11,11,11,11,12,11,9,9,11,11,11,11,11,11,11,9,14,14,14,15,11,11,11,11,6,10,16,11,11,11,4,11,11,11,11,11,11,11,11,11,11,17,17,11,11,11,11,18,18,18,19,18,18,18,18,20,20,20,20,20,20,20,20","0.00662899017333984","infomap","edit-xhwikibooks.graphml"
"0.24","0.24","0.52","-0.0250515259201953","1,2,1,1,1,3,4,3,5,6,7,4,8,5,9,10,6,11,7,2,12,13,14,8,5,5,8,10,15,6,11,16,17,2,18,9,19,5,2,2,2,2,13,13,13,13,2,13,13,13,12,12,2,12,2,13,13,13,13,2,14,2,2,8,8,2,2,12,2,12,13,2,5,5,2,2,2,2,2,2,12,8,10,10,10,15,12,2,2,2,6,11,16,2,2,2,10,2,2,2,2,2,2,2,2,2,2,17,17,2,2,2,2,9,9,18,18,9,18,18,18,19,19,19,19,19,19,19,19","0.00641798973083496","infomap","edit-xhwikibooks.graphml"
"0.23","0.25","0.52","0.322548146521959","1,1,2,2,3,4,3,5,4,6,7,3,8,5,9,10,6,11,7,3,12,13,14,8,9,15,5,10,16,6,11,17,18,12,19,20,21,9,12,12,12,12,13,13,13,13,12,13,13,13,12,12,12,12,12,13,13,13,13,12,14,12,12,5,5,12,12,12,12,12,13,12,15,15,12,12,12,12,12,12,12,9,10,10,10,16,12,12,12,12,6,11,17,12,12,12,10,12,12,12,12,12,12,12,12,12,12,18,18,12,12,12,12,19,20,20,19,20,20,19,19,21,21,21,21,21,21,21,21","0.00651288032531738","infomap","edit-xhwikibooks.graphml"
"0.22","0.26","0.52","0.314465928941895","1,1,2,2,2,3,4,5,6,7,8,4,9,6,5,3,7,10,8,4,11,12,13,3,9,9,6,14,15,7,10,16,17,11,18,19,20,9,11,11,11,11,12,12,12,12,11,12,12,12,11,11,11,11,11,12,12,12,12,11,13,11,11,3,9,11,11,11,11,11,12,11,6,9,11,11,11,11,11,11,11,9,14,14,14,15,11,11,11,11,7,10,16,11,11,11,3,11,11,11,11,11,11,11,11,11,11,17,17,11,11,11,11,19,19,19,19,18,19,19,18,20,20,20,20,20,20,20,20","0.00805115699768066","infomap","edit-xhwikibooks.graphml"
"0.21","0.27","0.52","0.328000448093179","1,1,1,1,1,2,3,2,2,4,3,5,6,7,8,2,4,9,10,5,11,12,13,6,7,8,7,14,15,4,9,16,17,11,18,10,19,8,11,11,11,11,12,12,12,12,11,12,12,12,11,11,11,11,11,12,12,12,12,11,13,11,11,6,8,11,11,11,11,11,12,11,7,7,11,11,11,11,11,11,11,8,14,14,14,15,11,11,11,11,4,9,16,11,11,11,2,11,11,11,11,11,11,11,11,11,11,17,17,11,11,11,11,10,18,18,18,10,18,10,18,19,19,19,19,19,19,19,19","0.00671815872192383","infomap","edit-xhwikibooks.graphml"
"0.2","0.28","0.52","0.318225149281526","1,2,1,1,3,4,3,2,4,5,6,7,8,9,10,11,5,12,6,7,13,14,15,8,10,16,9,11,17,5,12,18,19,7,20,21,22,10,13,13,13,13,14,14,14,14,13,14,14,14,13,13,13,13,13,14,14,14,14,13,15,13,13,8,16,13,13,13,13,13,14,13,10,16,13,13,13,13,13,13,13,9,11,11,11,17,13,13,13,13,5,12,18,13,13,13,11,13,13,13,13,13,13,13,13,13,13,19,19,13,13,13,13,21,21,21,21,21,21,20,21,22,22,22,22,22,22,22,22","0.00810384750366211","infomap","edit-xhwikibooks.graphml"
"0.19","0.29","0.52","0.314073284679364","1,1,2,2,3,4,3,1,2,5,6,3,4,7,8,9,5,10,6,11,12,13,14,4,7,15,7,9,16,5,10,17,18,11,19,20,21,8,12,12,12,12,13,13,13,13,12,13,13,13,12,12,12,12,12,13,13,13,13,12,14,12,12,4,15,12,12,12,12,12,13,12,15,7,12,12,12,12,12,12,12,7,9,9,9,16,12,12,12,12,5,10,17,12,12,12,22,12,12,12,12,12,12,12,12,12,12,18,18,12,12,12,12,19,8,19,20,8,19,20,19,21,21,21,21,21,21,21,21","0.00837087631225586","infomap","edit-xhwikibooks.graphml"
"0.18","0.3","0.52","0.32126293647106","1,2,1,3,4,3,4,2,3,5,6,4,7,8,9,10,5,11,6,12,13,14,15,7,8,16,8,10,17,5,11,18,19,12,9,20,21,8,13,13,13,13,14,14,14,14,13,14,14,14,13,13,13,13,13,14,14,14,14,13,15,13,13,7,8,13,13,13,13,13,14,13,8,16,13,13,13,13,13,13,13,8,10,10,10,17,13,13,13,13,5,11,18,13,13,13,10,13,13,13,13,13,13,13,13,13,13,19,19,13,13,13,13,9,20,20,20,20,20,9,20,21,21,21,21,21,21,21,21","0.00817608833312988","infomap","edit-xhwikibooks.graphml"
"0.17","0.31","0.52","0.319532537920132","1,1,2,2,2,2,3,4,4,5,6,3,7,4,8,9,5,10,6,11,12,13,14,7,8,15,7,9,16,5,10,17,18,11,19,20,21,21,12,12,12,12,13,13,13,13,12,13,13,13,12,12,12,12,12,13,13,13,13,12,14,12,12,4,8,12,12,12,12,12,13,12,8,15,12,12,12,12,12,12,12,8,9,9,9,16,12,12,12,12,5,10,17,12,12,12,22,12,12,12,12,12,12,12,12,12,12,18,18,12,12,12,12,19,20,19,19,19,20,19,20,21,21,21,21,21,21,21,21","0.0065009593963623","infomap","edit-xhwikibooks.graphml"
"0.16","0.32","0.52","0.321026622072874","1,2,1,1,3,4,3,4,5,6,7,8,9,10,5,4,6,11,7,8,12,2,13,9,14,14,10,15,16,6,11,17,18,12,19,20,21,10,12,12,12,12,2,2,2,2,12,2,2,2,12,12,12,12,12,2,2,2,2,12,13,12,12,4,14,12,12,12,12,12,2,12,10,14,12,12,12,12,12,12,12,14,15,15,15,16,12,12,12,12,6,11,17,12,12,12,4,12,12,12,12,12,12,12,12,12,12,18,18,12,12,12,12,19,19,20,20,19,20,20,20,21,21,21,21,21,21,21,21","0.00849795341491699","infomap","edit-xhwikibooks.graphml"
"0.15","0.33","0.52","0.315989122661748","1,2,1,2,1,3,4,3,3,5,4,6,7,8,9,10,5,11,12,6,2,13,14,7,9,8,9,10,15,5,11,16,17,6,18,12,19,8,2,2,2,2,13,13,13,13,2,13,13,13,2,2,2,2,2,13,13,13,13,2,14,2,2,7,9,2,2,2,2,2,13,2,9,9,2,2,2,2,2,2,2,9,10,10,10,15,2,2,2,2,5,11,16,2,2,2,10,2,2,2,2,2,2,2,2,2,2,17,17,2,2,2,2,12,18,12,12,18,12,18,12,19,19,19,19,19,19,19,19","0.0102291107177734","infomap","edit-xhwikibooks.graphml"
"0.14","0.34","0.52","0.330990105412921","1,2,1,3,4,3,4,2,3,5,6,4,7,8,9,10,5,11,6,12,13,14,15,7,9,16,8,10,17,5,11,18,19,12,9,20,21,8,13,13,13,13,14,14,14,14,13,14,14,14,13,13,13,13,13,14,14,14,14,13,15,13,13,2,16,13,13,13,13,13,14,13,16,9,13,13,13,13,13,13,13,16,10,10,10,17,13,13,13,13,5,11,18,13,13,13,10,13,13,13,13,13,13,13,13,13,13,19,19,13,13,13,13,9,9,20,9,9,9,9,9,21,21,21,21,21,21,21,21","0.00623393058776855","infomap","edit-xhwikibooks.graphml"
"0.13","0.35","0.52","0.328614111103925","1,2,1,1,1,3,4,2,3,5,6,4,7,7,8,3,5,9,6,10,10,11,12,7,13,13,7,14,15,5,9,16,17,10,18,19,8,7,10,10,10,10,11,11,11,11,10,11,11,11,10,10,10,10,10,11,11,11,11,10,12,10,10,2,7,10,10,10,10,10,11,10,13,7,10,10,10,10,10,10,10,13,14,14,14,15,10,10,10,10,5,9,16,10,10,10,14,10,10,10,10,10,10,10,10,10,10,17,17,10,10,10,10,19,19,18,19,18,18,19,18,8,8,8,8,8,8,8,8","0.00652289390563965","infomap","edit-xhwikibooks.graphml"
"0.12","0.36","0.52","0.329811288162769","1,2,1,1,1,3,4,5,2,6,4,7,5,8,9,3,6,10,11,7,12,2,13,2,8,14,8,15,16,6,10,17,18,7,19,11,20,9,12,12,12,12,2,2,2,2,12,2,2,2,12,12,12,12,12,2,2,2,2,12,13,12,12,2,14,12,12,12,12,12,2,12,8,14,12,12,12,12,12,12,12,8,15,15,15,16,12,12,12,12,6,10,17,12,12,12,3,12,12,12,12,12,12,12,12,12,12,18,18,12,12,12,12,11,11,11,19,11,19,11,11,20,20,20,20,20,20,20,20","0.00804710388183594","infomap","edit-xhwikibooks.graphml"
"0.11","0.37","0.52","0.323371839977323","1,1,2,3,2,4,5,6,7,8,9,5,6,7,10,4,8,11,9,12,13,3,14,3,10,15,4,16,17,8,11,18,19,12,20,10,21,7,13,13,13,13,3,3,3,3,13,3,3,3,13,13,13,13,13,3,3,3,3,13,14,13,13,3,4,13,13,13,13,13,3,13,15,15,13,13,13,13,13,13,13,4,16,16,16,17,13,13,13,13,8,11,18,13,13,13,4,13,13,13,13,13,13,13,13,13,13,19,19,12,13,13,13,20,20,10,10,20,10,20,20,21,21,21,21,21,21,21,21","0.00844979286193848","infomap","edit-xhwikibooks.graphml"
"0.1","0.38","0.52","0.327566560458953","1,2,1,2,3,4,3,4,5,6,7,8,2,9,5,10,6,11,7,8,12,13,14,2,5,15,9,10,16,6,11,17,18,8,19,20,21,5,12,12,12,12,13,13,13,13,12,13,13,13,12,12,12,12,12,13,13,13,13,12,14,12,12,2,15,12,12,12,12,12,13,12,9,15,12,12,12,12,12,12,12,9,10,10,10,16,12,12,12,12,6,11,17,12,12,12,10,12,12,12,12,12,12,12,12,12,12,18,18,8,12,12,12,20,19,20,19,19,20,19,19,21,21,21,21,21,21,21,21","0.00662088394165039","infomap","edit-xhwikibooks.graphml"
"0.09","0.39","0.52","0.329276366174946","1,2,1,1,1,3,4,2,3,5,6,4,7,8,9,10,5,11,6,12,13,14,15,7,8,16,9,10,17,5,11,18,19,12,20,21,22,9,13,13,13,13,14,14,14,14,13,14,14,14,13,13,13,13,13,14,14,14,14,13,15,13,13,7,8,13,13,13,13,13,14,13,8,16,13,13,13,13,13,13,13,9,10,10,10,17,13,13,13,13,5,11,18,13,13,13,10,13,13,13,13,13,13,13,13,13,13,19,19,13,13,13,13,21,21,21,21,20,20,21,21,22,22,22,22,22,22,22,22","0.00839495658874512","infomap","edit-xhwikibooks.graphml"
"0.08","0.4","0.52","0.331887030637967","1,1,1,2,3,2,3,4,5,6,7,8,4,9,5,10,6,11,7,8,12,13,14,2,5,15,9,10,16,6,11,17,18,12,19,20,21,9,12,12,12,12,13,13,13,13,12,13,13,13,12,12,12,12,12,13,13,13,13,12,14,12,12,2,5,12,12,12,12,12,13,12,9,15,12,12,12,12,12,12,12,9,10,10,10,16,12,12,12,12,6,11,17,12,12,12,10,12,12,12,12,12,12,12,12,12,12,18,18,12,12,12,12,19,19,19,19,19,19,20,19,21,21,21,21,21,21,21,21","0.0101120471954346","infomap","edit-xhwikibooks.graphml"
"0.07","0.41","0.52","-0.123600732408565","1,2,1,3,1,3,4,5,3,6,7,4,5,8,9,10,6,11,7,2,12,13,14,8,3,15,3,10,16,6,11,17,18,2,19,20,21,9,2,2,2,2,13,13,13,13,2,13,13,13,2,2,2,2,2,13,13,13,13,2,14,2,2,8,15,2,2,2,2,2,13,2,15,3,2,2,2,2,2,2,2,3,10,10,10,16,2,2,2,2,6,11,17,2,2,2,10,12,2,2,2,2,2,2,2,2,2,18,18,2,2,2,2,9,19,9,20,20,9,20,20,21,21,21,21,21,21,21,21","0.00850701332092285","infomap","edit-xhwikibooks.graphml"
"0.06","0.42","0.52","0.334074480122414","1,1,2,2,3,4,3,5,4,6,3,7,5,8,9,10,6,11,12,7,13,14,15,8,4,9,8,10,16,6,11,17,18,13,19,12,20,9,13,13,13,13,14,14,14,14,13,14,14,14,13,13,13,13,13,14,14,14,14,13,15,13,13,8,8,13,13,13,13,13,14,13,9,9,13,13,13,13,13,13,13,4,10,10,10,16,13,13,13,13,6,11,17,13,13,13,10,13,13,13,13,13,13,13,13,13,13,18,18,13,13,13,13,12,12,19,19,19,19,12,19,20,20,20,20,20,20,20,20","0.0107910633087158","infomap","edit-xhwikibooks.graphml"
"0.05","0.43","0.52","0.324123008382449","1,2,3,1,3,1,4,5,6,7,4,8,5,6,9,1,7,10,11,8,2,12,13,5,6,14,9,15,16,7,10,17,18,2,19,11,20,9,2,2,2,2,12,12,12,12,2,12,12,12,2,2,2,2,2,12,12,12,12,2,13,2,2,5,6,2,2,2,2,2,12,2,14,6,2,2,2,2,2,2,2,6,15,15,15,16,2,2,2,2,7,10,17,2,2,2,1,2,2,2,2,2,2,2,2,2,2,18,18,2,2,2,2,19,11,11,19,11,11,11,19,20,20,20,20,20,20,20,20","0.00659799575805664","infomap","edit-xhwikibooks.graphml"
"0.04","0.44","0.52","0.321787497375891","1,2,1,2,3,4,3,4,5,6,7,3,8,9,5,10,6,11,7,12,2,13,14,8,5,15,9,10,16,6,11,17,18,12,19,20,21,9,2,2,2,2,13,13,13,13,2,13,13,13,2,2,2,2,2,13,13,13,13,2,14,2,2,4,9,2,2,2,2,2,13,2,15,5,2,2,2,2,2,2,2,5,10,10,10,16,2,2,2,2,6,11,17,2,2,2,10,2,2,2,2,2,2,2,2,2,2,18,18,2,2,2,2,20,20,20,19,19,20,19,20,21,21,21,21,21,21,21,21","0.00809907913208008","infomap","edit-xhwikibooks.graphml"
"0.03","0.45","0.52","0.34907724323889","1,2,1,2,3,4,3,5,4,6,3,3,5,7,8,4,6,9,10,11,12,2,13,5,8,8,7,14,15,6,9,16,17,11,10,18,19,8,12,12,12,12,2,2,2,2,12,2,2,2,12,12,12,12,12,2,2,2,2,12,13,12,12,5,7,12,12,12,12,12,2,12,7,7,12,12,12,12,12,12,12,7,14,14,14,15,12,12,12,12,6,9,16,12,12,12,4,12,12,12,12,12,12,12,12,12,12,17,17,12,12,12,12,10,10,18,18,10,18,18,18,19,19,19,19,19,19,19,19","0.00644588470458984","infomap","edit-xhwikibooks.graphml"
"0.02","0.46","0.52","0.3426318785411","1,2,1,3,1,3,4,2,3,5,4,6,7,8,9,3,5,10,11,6,12,13,14,7,3,8,9,15,16,5,10,17,18,12,11,19,20,8,12,12,12,12,13,13,13,13,12,13,13,13,12,12,12,12,12,13,13,13,13,12,14,12,12,7,9,12,12,12,12,12,13,12,9,3,12,12,12,12,12,12,12,8,15,15,15,16,12,12,12,12,5,10,17,12,12,12,3,12,12,12,12,12,12,12,12,12,12,18,18,12,12,12,12,19,19,11,19,11,19,11,11,20,20,20,20,20,20,20,20","0.00813698768615723","infomap","edit-xhwikibooks.graphml"
"0.01","0.47","0.52","0.345812047312165","1,2,1,3,1,3,4,3,5,6,4,7,8,9,5,10,6,11,12,7,13,2,14,8,9,15,9,16,17,6,11,18,19,7,20,12,21,9,13,13,13,13,2,2,2,2,13,2,2,2,13,13,13,13,13,2,2,2,2,13,14,13,13,8,9,13,13,13,13,13,2,13,9,15,13,13,13,13,13,13,13,15,16,16,16,17,13,13,13,13,6,11,18,13,13,13,10,13,13,13,13,13,13,13,13,13,13,19,19,13,13,13,13,20,12,20,12,12,20,12,12,21,21,21,21,21,21,21,21","0.00790596008300781","infomap","edit-xhwikibooks.graphml"
"0","0.48","0.52","0.335023893109692","1,2,1,1,1,3,4,5,5,6,4,4,7,8,5,3,6,9,10,11,2,12,13,7,8,14,3,15,16,6,9,17,18,11,10,19,20,8,2,2,2,2,12,12,12,12,2,12,12,12,2,2,2,2,2,12,12,12,12,2,13,2,2,5,3,2,2,2,2,2,12,2,14,14,2,2,2,2,2,2,2,3,15,15,15,16,2,2,2,2,6,9,17,2,2,2,3,2,2,2,2,2,2,2,2,2,2,18,18,2,2,2,2,19,19,19,19,10,19,19,10,20,20,20,20,20,20,20,20","0.00630998611450195","infomap","edit-xhwikibooks.graphml"
"0.47","0","0.53","0.32898732213105","1,2,1,3,4,3,4,2,5,3,6,7,8,2,5,9,3,6,6,7,10,11,12,8,13,13,14,15,16,17,18,19,20,21,22,23,24,2,10,10,10,10,11,11,11,11,10,11,11,11,10,10,10,10,10,11,11,11,11,10,12,10,10,8,13,10,10,10,10,10,11,10,14,5,10,10,10,10,10,10,10,14,15,15,15,16,10,10,10,10,17,18,19,10,10,10,9,10,10,10,10,10,10,10,10,10,10,20,20,21,10,10,10,22,22,23,23,22,22,23,22,24,24,24,24,24,24,24,24","0.00613784790039062","infomap","edit-xhwikibooks.graphml"
"0.46","0.01","0.53","0.333995673642994","1,1,2,2,3,4,3,5,4,6,3,7,5,8,9,10,6,3,11,7,12,13,14,15,16,8,17,10,18,19,20,21,22,23,24,11,9,8,12,12,12,12,13,13,13,13,12,13,13,13,12,12,12,12,12,13,13,13,13,12,14,12,12,15,16,12,12,12,12,12,13,12,16,8,12,12,12,12,12,12,12,17,10,10,10,18,12,12,12,12,19,20,21,12,12,12,10,12,12,12,12,12,12,12,12,12,12,22,22,23,12,12,12,24,24,24,24,11,11,11,24,9,9,9,9,9,9,9,9","0.00634002685546875","infomap","edit-xhwikibooks.graphml"
"0.45","0.02","0.53","0.326872335958964","1,2,1,2,3,4,3,2,4,5,3,6,7,8,2,9,5,3,3,6,10,11,12,7,13,14,8,15,16,17,18,19,20,21,22,23,24,8,10,10,10,10,11,11,11,11,10,11,11,11,10,10,10,10,10,11,11,11,11,10,12,10,10,7,13,10,10,10,10,10,11,10,14,14,10,10,10,10,10,10,10,14,15,15,15,16,10,10,10,10,17,18,19,10,10,10,9,10,10,10,10,10,10,10,10,10,10,20,20,21,10,10,10,23,23,22,23,23,23,23,22,24,24,24,24,24,24,24,24","0.00620412826538086","infomap","edit-xhwikibooks.graphml"
"0.44","0.03","0.53","0.336930813729609","1,2,1,2,3,2,3,4,2,5,3,3,6,4,7,8,5,3,9,10,11,12,13,6,14,15,16,8,17,18,19,20,10,21,9,7,22,7,11,11,11,11,12,12,12,12,11,12,12,12,11,11,11,11,11,12,12,12,12,11,13,11,11,4,14,11,11,11,11,11,12,11,15,14,11,11,11,11,11,11,11,16,8,8,8,17,11,11,11,11,18,19,20,11,11,11,8,11,11,11,11,11,11,11,11,11,11,10,10,21,11,11,11,9,7,9,9,9,7,9,7,22,22,22,22,22,22,22,22","0.00635099411010742","infomap","edit-xhwikibooks.graphml"
"0.43","0.04","0.53","0.335696096238625","1,2,1,3,4,3,4,5,6,7,8,4,5,6,9,3,7,8,9,10,11,2,12,13,14,6,15,16,17,18,19,20,21,10,22,9,23,9,11,11,11,11,2,2,2,2,11,2,2,2,11,11,11,11,11,2,2,2,2,11,12,11,11,13,14,11,11,11,11,11,2,11,6,15,11,11,11,11,11,11,11,15,16,16,16,17,11,11,11,11,18,19,20,11,11,11,3,11,11,11,11,11,11,11,11,11,11,21,21,10,11,11,11,22,9,9,9,22,22,9,9,23,23,23,23,23,23,23,23","0.00621509552001953","infomap","edit-xhwikibooks.graphml"
"0.42","0.05","0.53","0.326216225874583","1,2,1,3,4,5,4,5,3,6,7,8,9,9,3,10,6,7,7,8,11,12,13,2,14,9,15,16,17,18,19,20,21,22,23,24,25,24,11,11,11,11,12,12,12,12,11,12,12,12,11,11,11,11,11,12,12,12,12,11,13,11,11,2,14,11,11,11,11,11,12,11,9,14,11,11,11,11,11,11,11,15,16,16,16,17,11,11,11,11,18,19,20,11,11,11,10,11,11,11,11,11,11,11,11,11,11,21,21,22,11,11,11,23,23,23,24,23,24,23,23,25,25,25,25,25,25,25,25","0.00627303123474121","infomap","edit-xhwikibooks.graphml"
"0.41","0.06","0.53","0.336435797801582","1,1,2,3,2,3,4,5,6,3,4,7,5,8,6,9,3,4,10,7,11,12,13,14,6,15,8,16,17,18,19,20,21,22,10,23,24,8,11,11,11,11,12,12,12,12,11,12,12,12,11,11,11,11,11,12,12,12,12,11,13,11,11,14,6,11,11,11,11,11,12,11,15,6,11,11,11,11,11,11,11,6,16,16,16,17,11,11,11,11,18,19,20,11,11,11,9,11,11,11,11,11,11,11,11,11,11,21,21,22,11,11,11,23,10,10,10,10,10,10,10,24,24,24,24,24,24,24,24","0.00651407241821289","infomap","edit-xhwikibooks.graphml"
"0.4","0.07","0.53","0.333335545226017","1,2,1,2,3,4,3,5,4,6,7,8,9,5,10,11,6,12,7,8,13,2,14,9,10,15,5,11,16,6,12,17,18,13,19,20,21,10,13,13,13,13,2,2,2,2,13,2,2,2,13,13,13,13,13,2,2,2,2,13,14,13,13,9,10,13,13,13,13,13,2,13,15,15,13,13,13,13,13,13,13,10,11,11,11,16,13,13,13,13,6,12,17,13,13,13,11,13,13,13,13,13,13,13,13,13,13,18,18,13,13,13,13,19,20,20,20,20,19,19,20,21,21,21,21,21,21,21,21","0.00614094734191895","infomap","edit-xhwikibooks.graphml"
"0.39","0.08","0.53","0.331315098029975","1,1,2,2,2,3,4,5,5,6,7,4,3,8,5,3,6,9,7,10,11,12,13,3,5,8,3,14,15,6,9,16,17,10,18,19,20,5,11,11,11,11,12,12,12,12,11,12,12,12,11,11,11,11,11,12,12,12,12,11,13,11,11,3,3,11,11,11,11,11,12,11,5,5,11,11,11,11,11,11,11,3,14,14,14,15,11,11,11,11,6,9,16,11,11,11,3,11,11,11,11,11,11,11,11,11,11,17,17,11,11,11,11,18,19,19,19,19,19,19,19,20,20,20,20,20,20,20,20","0.0102078914642334","infomap","edit-xhwikibooks.graphml"
"0.38","0.09","0.53","0.329241567651674","1,1,2,2,3,2,3,1,4,5,6,3,7,4,8,9,5,10,6,11,12,13,7,4,14,14,7,9,15,5,10,16,17,11,8,18,19,4,12,12,12,12,13,13,13,13,12,13,13,13,12,12,12,12,12,13,13,13,13,12,7,12,12,4,7,12,12,12,12,12,13,12,7,14,12,12,12,12,12,12,12,14,9,9,9,15,12,12,12,12,5,10,16,12,12,12,20,12,12,12,12,12,12,12,12,12,12,17,17,12,12,12,12,18,8,18,18,8,18,8,18,19,19,19,19,19,19,19,19","0.00629901885986328","infomap","edit-xhwikibooks.graphml"
"0.37","0.1","0.53","0.330184756657484","1,2,2,2,2,1,3,4,1,5,3,6,7,4,8,1,5,9,3,6,10,11,12,7,1,13,13,14,15,5,9,16,17,6,18,19,20,8,10,10,10,10,11,11,11,11,10,11,11,11,10,10,10,10,10,11,11,11,11,10,12,10,10,4,13,10,10,10,10,10,11,10,1,13,10,10,10,10,10,10,10,13,14,14,14,15,10,10,10,10,5,9,16,10,10,10,1,10,10,10,10,10,10,10,10,10,10,17,17,10,10,10,10,19,19,19,18,18,18,19,19,20,20,20,20,20,20,20,20","0.00995707511901855","infomap","edit-xhwikibooks.graphml"
"0.36","0.11","0.53","0.310629609424899","1,2,1,1,3,4,3,5,4,6,7,8,9,5,10,11,6,12,7,8,2,13,14,9,10,15,10,11,16,6,12,17,18,8,19,20,21,10,2,2,2,2,13,13,13,13,2,13,13,13,2,2,2,2,2,13,13,13,13,2,14,2,2,5,10,2,2,2,2,2,13,2,15,10,2,2,2,2,2,2,2,15,11,11,11,16,2,2,2,2,6,12,17,2,2,2,11,2,2,2,2,2,2,2,2,2,2,18,18,2,2,2,2,20,19,20,20,19,19,20,20,10,21,21,10,10,10,10,10","0.00979495048522949","infomap","edit-xhwikibooks.graphml"
"0.35","0.12","0.53","0.328810584359808","1,1,2,2,3,4,3,5,4,6,7,8,5,9,10,4,6,11,7,8,12,13,14,1,9,15,15,16,17,6,11,18,19,12,10,20,21,9,12,12,12,12,13,13,13,13,12,13,13,13,12,12,12,12,12,13,13,13,13,12,14,12,12,1,9,12,12,12,12,12,13,12,15,15,12,12,12,12,12,12,12,9,16,16,16,17,12,12,12,12,6,11,18,12,12,12,4,12,12,12,12,12,12,12,12,12,12,19,19,12,12,12,12,20,20,10,20,20,20,20,10,21,21,21,21,21,21,21,21","0.00977897644042969","infomap","edit-xhwikibooks.graphml"
"0.34","0.13","0.53","0.338904967750764","1,2,1,1,3,4,3,5,4,6,3,7,8,9,5,10,6,11,12,7,13,2,14,8,9,15,9,10,16,6,11,17,18,7,19,12,20,5,13,13,13,13,2,2,2,2,13,2,2,2,13,13,13,13,13,2,2,2,2,13,14,13,13,8,15,13,13,13,13,13,2,13,15,9,13,13,13,13,13,13,13,15,10,10,10,16,13,13,13,13,6,11,17,13,13,13,10,13,13,13,13,13,13,13,13,13,13,18,18,13,13,13,13,19,19,19,12,19,19,12,12,20,20,20,20,20,20,20,20","0.00819802284240723","infomap","edit-xhwikibooks.graphml"
"0.33","0.14","0.53","0.337025520204887","1,1,1,1,1,2,3,4,5,6,7,3,8,5,4,9,6,10,7,11,12,13,8,8,4,2,4,9,14,6,10,15,16,11,17,18,19,4,12,12,12,12,13,13,13,13,12,13,13,13,12,12,12,12,12,13,13,13,13,12,8,12,12,8,2,12,12,12,12,12,13,12,2,4,12,12,12,12,12,12,12,4,9,9,9,14,12,12,12,12,6,10,15,12,12,12,20,12,12,12,12,12,12,12,12,12,12,16,16,12,12,12,12,18,18,17,18,17,18,17,17,19,19,19,19,19,19,19,19","0.00864195823669434","infomap","edit-xhwikibooks.graphml"
"0.32","0.15","0.53","0.332670313731396","1,1,2,2,3,4,3,4,5,6,7,8,5,9,5,10,6,11,7,8,12,13,14,1,5,15,9,10,16,6,11,17,18,12,19,5,20,15,12,12,12,12,13,13,13,13,12,13,13,13,12,12,12,12,12,13,13,13,13,12,14,12,12,4,9,12,12,12,12,12,13,12,15,9,12,12,12,12,12,12,12,9,10,10,10,16,12,12,12,12,6,11,17,12,12,12,10,12,12,12,12,12,12,12,12,12,12,18,18,12,12,12,12,5,5,5,19,5,19,19,19,20,20,20,20,20,20,20,20","0.00637412071228027","infomap","edit-xhwikibooks.graphml"
"0.31","0.16","0.53","0.337360556839133","1,2,1,2,1,3,4,2,3,5,4,6,7,8,9,3,5,10,11,6,12,13,14,7,8,15,9,16,17,5,10,18,19,6,11,20,21,11,12,12,12,12,13,13,13,13,12,13,13,13,12,12,12,12,12,13,13,13,13,12,14,12,12,2,9,12,12,12,12,12,13,12,15,9,12,12,12,12,12,12,12,9,16,16,16,17,12,12,12,12,5,10,18,12,12,12,3,12,12,12,12,12,12,12,12,12,12,19,19,12,12,12,12,20,20,11,20,11,11,11,11,21,21,21,21,21,21,21,21","0.0100839138031006","infomap","edit-xhwikibooks.graphml"
"0.3","0.17","0.53","0.332511811722525","1,1,2,3,2,3,4,1,3,5,6,4,7,7,8,9,5,10,6,11,11,12,13,1,7,14,14,9,15,5,10,16,17,11,18,8,19,7,11,11,11,11,12,12,12,12,11,12,12,12,11,11,11,11,11,12,12,12,12,11,13,11,11,1,14,11,11,11,11,11,12,11,14,14,11,11,11,11,11,11,11,7,9,9,9,15,11,11,11,11,5,10,16,11,11,11,9,11,11,11,11,11,11,11,11,11,11,17,17,11,11,11,11,18,8,8,8,18,8,8,18,19,19,19,19,19,19,19,19","0.011836051940918","infomap","edit-xhwikibooks.graphml"
"0.29","0.18","0.53","0.334252285588316","1,1,2,2,2,3,4,5,6,7,4,8,3,5,6,3,7,9,10,8,11,12,13,6,5,14,3,15,16,7,9,17,18,11,19,10,20,6,11,11,11,11,12,12,12,12,11,12,12,12,11,11,11,11,11,12,12,12,12,11,13,11,11,5,14,11,11,11,11,11,12,11,14,14,11,11,11,11,11,11,11,14,15,15,15,16,11,11,11,11,7,9,17,11,11,11,3,11,11,11,11,11,11,11,11,11,11,18,18,11,11,11,11,10,10,10,19,10,19,19,19,20,20,20,20,20,20,20,20","0.00640606880187988","infomap","edit-xhwikibooks.graphml"
"0.28","0.19","0.53","0.343254984071974","1,2,1,3,4,3,4,3,5,6,4,4,7,5,8,9,6,10,11,4,12,2,13,7,5,14,8,9,15,6,10,16,17,4,11,18,19,5,12,12,12,12,2,2,2,2,12,2,2,2,12,12,12,12,12,2,2,2,2,12,13,12,12,3,5,12,12,12,12,12,2,12,8,14,12,12,12,12,12,12,12,5,9,9,9,15,12,12,12,12,6,10,16,12,12,12,9,12,12,12,12,12,12,12,12,12,12,17,17,12,12,12,12,18,11,11,11,18,11,18,11,19,19,19,19,19,19,19,19","0.0063779354095459","infomap","edit-xhwikibooks.graphml"
"0.27","0.2","0.53","-0.041748636941044","1,1,2,2,3,4,3,5,4,6,7,3,8,5,9,10,6,11,7,12,13,14,15,8,5,16,9,10,17,6,11,18,19,12,20,21,22,22,12,12,12,12,14,14,14,14,12,14,14,14,12,12,12,12,12,14,14,14,14,12,15,12,12,5,9,12,12,12,12,12,14,12,16,16,12,12,12,12,12,12,12,16,10,10,10,17,13,13,12,12,6,11,18,12,12,12,10,12,12,12,12,12,12,12,13,13,12,19,19,12,13,12,12,21,21,21,20,20,21,20,20,22,22,22,22,22,22,22,22","0.00633001327514648","infomap","edit-xhwikibooks.graphml"
"0.26","0.21","0.53","0.333298634841428","1,2,1,1,3,4,3,2,5,6,7,3,8,5,9,4,6,10,7,11,12,13,14,8,4,15,9,16,17,6,10,18,19,11,20,21,9,15,12,12,12,12,13,13,13,13,12,13,13,13,12,12,12,12,12,13,13,13,13,12,14,12,12,8,9,12,12,12,12,12,13,12,4,15,12,12,12,12,12,12,12,15,16,16,16,17,12,12,12,12,6,10,18,12,12,12,4,12,12,12,12,12,12,12,12,12,12,19,19,12,12,12,12,20,21,21,21,21,21,21,20,9,9,9,9,9,9,9,9","0.00810098648071289","infomap","edit-xhwikibooks.graphml"
"0.25","0.22","0.53","0.341377025093005","1,1,2,2,2,3,4,1,3,5,6,4,3,7,8,3,5,9,6,4,10,11,12,3,8,7,8,13,14,5,9,15,16,10,17,18,19,19,10,10,10,10,11,11,11,11,10,11,11,11,10,10,10,10,10,11,11,11,11,10,12,10,10,3,8,10,10,10,10,10,11,10,8,8,10,10,10,10,10,10,10,8,13,13,13,14,10,10,10,10,5,9,15,10,10,10,3,10,10,10,10,10,10,10,10,10,10,16,16,10,10,10,10,17,17,17,18,17,17,18,17,19,19,19,19,19,19,19,19","0.0102310180664062","infomap","edit-xhwikibooks.graphml"
"0.24","0.23","0.53","0.338956478862838","1,1,2,2,3,4,3,5,4,6,7,8,5,9,5,4,6,10,7,8,11,12,13,9,9,14,9,15,16,6,10,17,18,8,19,20,21,5,11,11,11,11,12,12,12,12,11,12,12,12,11,11,11,11,11,12,12,12,12,11,13,11,11,9,14,11,11,11,11,11,12,11,14,14,11,11,11,11,11,11,11,14,15,15,15,16,11,11,11,11,6,10,17,11,11,11,4,11,11,11,11,11,11,11,11,11,11,18,18,11,11,11,11,19,20,19,19,19,20,20,20,21,21,21,21,21,21,21,21","0.00625205039978027","infomap","edit-xhwikibooks.graphml"
"0.23","0.24","0.53","0.335452848943563","1,2,3,3,4,1,4,2,1,5,6,4,7,8,9,10,5,11,6,12,13,14,15,7,8,9,1,10,16,5,11,17,18,12,19,20,21,7,13,13,13,13,14,14,14,14,13,14,14,14,13,13,13,13,13,14,14,14,14,13,15,13,13,7,9,13,13,13,13,13,14,13,8,8,13,13,13,13,13,13,13,9,10,10,10,16,13,13,13,13,5,11,17,13,13,13,10,13,13,13,13,13,13,13,13,13,13,18,18,13,13,13,13,19,19,20,20,19,19,20,19,21,21,21,21,21,21,21,21","0.008026123046875","infomap","edit-xhwikibooks.graphml"
"0.22","0.25","0.53","0.329407365384419","1,1,2,2,3,1,3,4,5,6,7,8,4,9,5,10,6,11,7,8,12,13,14,4,9,15,16,10,17,6,11,18,19,8,16,20,21,9,12,12,12,12,13,13,13,13,12,13,13,13,12,12,12,12,12,13,13,13,13,12,14,12,12,4,16,12,12,12,12,12,13,12,15,15,12,12,12,12,12,12,12,9,10,10,10,17,12,12,12,12,6,11,18,12,12,12,22,12,12,12,12,12,12,12,12,12,12,19,19,12,12,12,12,20,16,16,20,16,16,20,20,21,21,21,21,21,21,21,21","0.00826597213745117","infomap","edit-xhwikibooks.graphml"
"0.21","0.26","0.53","0.330809374949739","1,1,2,1,2,3,4,3,5,6,4,7,8,5,8,3,6,9,10,7,11,12,13,3,8,14,3,15,16,6,9,17,18,11,10,19,20,5,11,11,11,11,12,12,12,12,11,12,12,12,11,11,11,11,11,12,12,12,12,11,13,11,11,3,8,11,11,11,11,11,12,11,8,14,11,11,11,11,11,11,11,14,15,15,15,16,11,11,11,11,6,9,17,11,11,11,3,11,11,11,11,11,11,11,11,11,11,18,18,11,11,11,11,10,10,19,19,10,10,10,19,20,20,20,20,20,20,20,20","0.00658702850341797","infomap","edit-xhwikibooks.graphml"
"0.2","0.27","0.53","0.330218122056529","1,2,1,1,3,4,3,2,4,5,6,7,8,9,10,11,5,12,6,7,13,14,15,8,10,9,4,11,16,5,12,17,18,13,19,20,21,9,13,13,13,13,14,14,14,14,13,14,14,14,13,13,13,13,13,14,14,14,14,13,15,13,13,2,4,13,13,13,13,13,14,13,9,10,13,13,13,13,13,13,13,10,11,11,11,16,13,13,13,13,5,12,17,13,13,13,11,13,13,13,13,13,13,13,13,13,13,18,18,13,13,13,13,19,19,20,20,20,20,20,19,21,21,21,21,21,21,21,21","0.00997400283813477","infomap","edit-xhwikibooks.graphml"
"0.19","0.28","0.53","0.33073484177764","1,2,1,2,3,4,3,5,4,6,7,3,5,8,9,10,6,11,7,12,13,2,14,2,8,15,8,10,16,6,11,17,18,12,9,19,20,8,13,13,13,13,2,2,2,2,13,2,2,2,13,13,13,13,13,2,2,2,2,13,14,13,13,2,15,13,13,13,13,13,2,13,15,15,13,13,13,13,13,13,13,15,10,10,10,16,13,13,13,13,6,11,17,13,13,13,10,13,13,13,13,13,13,13,13,13,13,18,18,13,13,13,13,19,9,19,19,19,19,19,19,20,20,20,20,20,20,20,20","0.00838303565979004","infomap","edit-xhwikibooks.graphml"
"0.18","0.29","0.53","0.334385240065282","1,1,2,2,3,4,3,5,5,6,7,8,9,10,5,4,6,11,7,8,12,13,14,9,5,15,10,16,17,6,11,18,19,8,20,21,22,5,12,12,12,12,13,13,13,13,12,13,13,13,12,12,12,12,12,13,13,13,13,12,14,12,12,5,15,12,12,12,12,12,13,12,15,5,12,12,12,12,12,12,12,5,16,16,16,17,12,12,12,12,6,11,18,12,12,12,4,12,12,12,12,12,12,12,12,12,12,19,19,12,12,12,12,20,20,20,21,21,21,20,20,22,22,22,22,22,22,22,22","0.00646805763244629","infomap","edit-xhwikibooks.graphml"
"0.17","0.3","0.53","0.329977026328344","1,2,1,2,1,3,4,2,3,5,4,6,2,7,8,9,5,10,11,6,12,13,14,7,15,15,8,9,16,5,10,17,18,6,19,11,20,7,12,12,12,12,13,13,13,13,12,13,13,13,12,12,12,12,12,13,13,13,13,12,14,12,12,2,8,12,12,12,12,12,13,12,8,15,12,12,12,12,12,12,12,8,9,9,9,16,12,12,12,12,5,10,17,12,12,12,9,12,12,12,12,12,12,12,12,12,12,18,18,6,12,12,12,11,11,11,19,11,19,11,11,20,20,20,20,20,20,20,20","0.00667786598205566","infomap","edit-xhwikibooks.graphml"
"0.16","0.31","0.53","0.33114247305464","1,1,1,1,1,2,3,4,5,6,7,3,4,2,5,8,6,9,7,10,11,12,13,4,2,14,4,8,15,6,9,16,17,10,18,19,20,2,11,11,11,11,12,12,12,12,11,12,12,12,11,11,11,11,11,12,12,12,12,11,13,11,11,4,2,11,11,11,11,11,12,11,2,14,11,11,11,11,11,11,11,2,8,8,8,15,11,11,11,11,6,9,16,11,11,11,21,11,11,11,11,11,11,11,11,11,11,17,17,10,11,11,11,18,18,18,19,18,19,19,18,20,20,20,20,20,20,20,20","0.00661611557006836","infomap","edit-xhwikibooks.graphml"
"0.15","0.32","0.53","0.339902414145838","1,2,1,1,1,3,4,3,5,6,4,7,8,9,5,3,6,10,11,7,12,2,13,8,9,14,8,15,16,6,10,17,18,7,11,19,5,9,12,12,12,12,2,2,2,2,12,2,2,2,12,12,12,12,12,2,2,2,2,12,13,12,12,3,14,12,12,12,12,12,2,12,14,9,12,12,12,12,12,12,12,8,15,15,15,16,12,12,12,12,6,10,17,12,12,12,3,12,12,12,12,12,12,12,12,12,12,18,18,12,12,12,12,19,19,19,19,19,11,19,19,5,5,5,5,5,5,5,5","0.00673198699951172","infomap","edit-xhwikibooks.graphml"
"0.14","0.33","0.53","0.331354102854748","1,1,2,1,2,3,4,3,5,6,7,4,8,9,5,10,6,11,7,12,12,13,14,8,9,15,5,10,16,6,11,17,18,12,19,20,21,9,12,12,12,12,13,13,13,13,12,13,13,13,12,12,12,12,12,13,13,13,13,12,14,12,12,8,5,12,12,12,12,12,13,12,15,9,12,12,12,12,12,12,12,5,10,10,10,16,12,12,12,12,6,11,17,12,12,12,10,12,12,12,12,12,12,12,12,12,12,18,18,12,12,12,12,19,19,19,19,20,19,20,19,21,21,21,21,21,21,21,21","0.00828194618225098","infomap","edit-xhwikibooks.graphml"
"0.13","0.34","0.53","0.344692023270329","1,1,2,2,3,4,3,4,4,5,6,7,4,8,9,10,5,11,6,7,12,13,14,4,15,15,8,16,17,5,11,18,19,12,20,21,9,8,12,12,12,12,13,13,13,13,12,13,13,13,12,12,12,12,12,13,13,13,13,12,14,12,12,4,15,12,12,12,12,12,13,12,8,15,12,12,12,12,12,12,12,15,16,16,16,17,12,12,12,12,5,11,18,12,12,12,10,12,12,12,12,12,12,12,12,12,12,19,19,12,12,12,12,20,21,21,20,20,21,20,20,9,9,9,9,9,9,9,9","0.00667786598205566","infomap","edit-xhwikibooks.graphml"
"0.12","0.35","0.53","0.342989943653447","1,1,1,1,2,3,2,3,4,5,6,2,7,8,4,9,5,10,6,11,12,13,14,7,8,8,3,9,15,5,10,16,17,11,18,19,20,4,12,12,12,12,13,13,13,13,12,13,13,13,12,12,12,12,12,13,13,13,13,12,14,12,12,3,3,12,12,12,12,12,13,12,3,8,12,12,12,12,12,12,12,3,9,9,9,15,12,12,12,12,5,10,16,12,12,12,9,12,12,12,12,12,12,12,12,12,12,17,17,11,12,12,12,19,19,18,19,19,18,19,18,20,20,20,20,20,20,20,20","0.00615811347961426","infomap","edit-xhwikibooks.graphml"
"0.11","0.36","0.53","0.343048472027738","1,2,1,2,1,3,4,3,3,5,4,4,6,7,8,9,5,10,11,12,12,2,13,6,6,14,7,9,15,5,10,16,17,12,11,8,18,7,12,12,12,12,2,2,2,2,12,2,2,2,12,12,12,12,12,2,2,2,2,12,13,12,12,6,14,12,12,12,12,12,2,12,14,6,12,12,12,12,12,12,12,6,9,9,9,15,12,12,12,12,5,10,16,12,12,12,9,12,12,12,12,12,12,12,12,12,12,17,17,12,12,12,12,8,8,8,11,8,8,11,11,18,18,18,18,18,18,18,18","0.00820398330688477","infomap","edit-xhwikibooks.graphml"
"0.1","0.37","0.53","0.329420688018547","1,1,2,2,3,1,3,4,5,6,7,8,4,9,10,11,6,12,7,8,13,14,15,2,10,9,4,11,16,6,12,17,18,8,19,20,5,9,13,13,13,13,14,14,14,14,13,14,14,14,13,13,13,13,13,14,14,14,14,13,15,13,13,4,9,13,13,13,13,13,14,13,10,9,13,13,13,13,13,13,13,4,11,11,11,16,13,13,13,13,6,12,17,13,13,13,21,13,13,13,13,13,13,13,13,13,13,18,18,13,13,13,13,20,19,20,19,19,19,19,20,5,5,5,5,5,5,5,5","0.00668001174926758","infomap","edit-xhwikibooks.graphml"
"0.09","0.38","0.53","0.332392347254312","1,2,1,3,4,3,4,2,5,6,4,7,8,5,9,10,6,11,12,7,13,14,15,8,8,16,9,10,17,6,11,18,19,13,12,20,21,9,13,13,13,13,14,14,14,14,13,14,14,14,13,13,13,13,13,14,14,14,14,13,15,13,13,2,9,13,13,13,13,13,14,13,16,16,13,13,13,13,13,13,13,16,10,10,10,17,13,13,13,13,6,11,18,13,13,13,10,13,13,13,13,13,13,13,13,13,13,19,19,13,13,13,13,12,12,12,12,20,20,12,20,21,21,21,21,21,21,21,21","0.00608110427856445","infomap","edit-xhwikibooks.graphml"
"0.08","0.39","0.53","0.32868567686547","1,1,1,2,1,2,3,4,2,5,6,3,4,7,8,2,5,9,6,10,11,12,13,2,8,14,7,15,16,5,9,17,18,10,19,20,21,7,11,11,11,11,12,12,12,12,11,12,12,12,11,11,11,11,11,12,12,12,12,11,13,11,11,4,14,11,11,11,11,11,12,11,7,14,11,11,11,11,11,11,11,7,15,15,15,16,11,11,11,11,5,9,17,11,11,11,2,11,11,11,11,11,11,11,11,11,11,18,18,10,11,11,11,19,19,19,19,20,20,20,20,21,21,21,21,21,21,21,21","0.00829386711120605","infomap","edit-xhwikibooks.graphml"
"0.07","0.4","0.53","0.32579692263028","1,2,1,3,1,3,4,5,6,7,8,4,5,6,9,3,7,10,8,11,2,12,13,6,6,14,9,15,16,7,10,17,18,11,19,20,21,9,2,2,2,2,12,12,12,12,2,12,12,12,2,2,2,2,2,12,12,12,12,2,13,2,2,5,14,2,2,2,2,2,12,2,14,14,2,2,2,2,2,2,2,14,15,15,15,16,2,2,2,2,7,10,17,2,2,2,3,2,2,2,2,2,2,2,2,2,2,18,18,11,2,2,2,19,20,19,19,19,20,19,20,21,21,21,21,21,21,21,21","0.00822591781616211","infomap","edit-xhwikibooks.graphml"
"0.06","0.41","0.53","0.32114965887647","1,1,2,2,3,4,3,5,2,6,3,7,5,8,9,4,6,10,3,7,11,12,13,8,9,14,9,15,16,6,10,17,18,7,19,20,21,8,11,11,11,11,12,12,12,12,11,12,12,12,11,11,11,11,11,12,12,12,12,11,13,11,11,8,9,11,11,11,11,11,12,11,9,14,11,11,11,11,11,11,11,8,15,15,15,16,11,11,11,11,6,10,17,11,11,11,4,11,11,11,11,11,11,11,11,11,11,18,18,11,11,11,11,19,20,20,20,20,20,20,20,21,9,21,21,9,9,9,21","0.00696802139282227","infomap","edit-xhwikibooks.graphml"
"0.05","0.42","0.53","0.333039257013883","1,1,2,2,2,3,4,5,3,6,4,7,8,5,9,10,6,11,12,7,13,14,15,8,5,16,16,10,17,6,11,18,19,13,12,20,21,9,13,13,13,13,14,14,14,14,13,14,14,14,13,13,13,13,13,14,14,14,14,13,15,13,13,5,16,13,13,13,13,13,14,13,9,16,13,13,13,13,13,13,13,16,10,10,10,17,13,13,13,13,6,11,18,13,13,13,10,13,13,13,13,13,13,13,13,13,13,19,19,13,13,13,13,20,20,20,20,12,20,12,12,21,21,21,21,21,21,21,21","0.00825095176696777","infomap","edit-xhwikibooks.graphml"
"0.04","0.43","0.53","0.334470867173096","1,1,2,2,3,4,3,4,4,5,6,7,8,9,10,4,5,11,6,7,12,13,14,8,9,15,4,16,17,5,11,18,19,7,20,21,10,20,12,12,12,12,13,13,13,13,12,13,13,13,12,12,12,12,12,13,13,13,13,12,14,12,12,8,9,12,12,12,12,12,13,12,15,15,12,12,12,12,12,12,12,9,16,16,16,17,12,12,12,12,5,11,18,12,12,12,4,12,12,12,12,12,12,12,12,12,12,19,19,12,12,12,12,20,20,20,20,21,21,20,20,10,10,10,10,10,10,10,10","0.0062868595123291","infomap","edit-xhwikibooks.graphml"
"0.03","0.44","0.53","0.335321415631489","1,2,1,2,3,4,3,5,5,6,7,3,4,5,8,9,6,10,7,3,11,2,12,4,13,13,8,9,14,6,10,15,16,3,17,18,19,5,11,11,11,11,2,2,2,2,11,2,2,2,11,11,11,11,11,2,2,2,2,11,12,11,11,4,13,11,11,11,11,11,2,11,13,8,11,11,11,11,11,11,11,13,9,9,9,14,11,11,11,11,6,10,15,11,11,11,20,11,11,11,11,11,11,11,11,11,11,16,16,11,11,11,11,18,18,17,17,17,18,18,17,19,19,19,19,19,19,19,19","0.00630497932434082","infomap","edit-xhwikibooks.graphml"
"0.02","0.45","0.53","0.330807246789118","1,1,2,2,3,4,3,5,6,7,8,9,10,6,5,4,7,11,8,9,12,13,14,10,5,4,6,15,16,7,11,17,18,12,19,20,21,5,12,12,12,12,13,13,13,13,12,13,13,13,12,12,12,12,12,13,13,13,13,12,14,12,12,10,5,12,12,12,12,12,13,12,4,4,12,12,12,12,12,12,12,5,15,15,15,16,12,12,12,12,7,11,17,12,12,12,4,12,12,12,12,12,12,12,12,12,12,18,18,12,12,12,12,19,20,20,20,20,20,20,20,21,21,21,21,21,21,21,21","0.0083470344543457","infomap","edit-xhwikibooks.graphml"
"0.01","0.46","0.53","0.331684932501089","1,1,2,2,3,4,3,5,6,7,3,8,5,9,6,4,7,10,3,8,11,12,13,4,6,14,9,15,16,7,10,17,18,11,19,20,21,9,11,11,11,11,12,12,12,12,11,12,12,12,11,11,11,11,11,12,12,12,12,11,13,11,11,5,9,11,11,11,11,11,12,11,14,6,11,11,11,11,11,11,11,9,15,15,15,16,11,11,11,11,7,10,17,11,11,11,4,11,11,11,11,11,11,11,11,11,11,18,18,11,11,11,11,20,19,20,20,19,20,20,19,21,21,21,21,21,21,21,21","0.00989294052124023","infomap","edit-xhwikibooks.graphml"
"0","0.47","0.53","0.339106412711558","1,2,1,1,1,2,3,2,4,5,3,6,4,4,7,2,5,8,3,6,9,10,11,4,4,12,7,13,14,5,8,15,16,6,17,18,19,4,9,9,9,9,10,10,10,10,9,10,10,10,9,9,9,9,9,10,10,10,10,9,11,9,9,2,7,9,9,9,9,9,10,9,12,4,9,9,9,9,9,9,9,7,13,13,13,14,9,9,9,9,5,8,15,9,9,9,20,9,9,9,9,9,9,9,9,9,9,16,16,9,9,9,9,18,17,18,18,17,18,18,18,19,19,19,19,19,19,19,19","0.00638294219970703","infomap","edit-xhwikibooks.graphml"
"0.46","0","0.54","0.330692842091366","1,1,2,2,3,4,3,5,6,4,7,3,5,8,6,4,4,7,9,10,11,12,13,14,8,6,15,16,17,18,19,20,10,21,9,22,23,6,11,11,11,11,12,12,12,12,11,12,12,12,11,11,11,11,11,12,12,12,12,11,13,11,11,14,6,11,11,11,11,11,12,11,8,15,11,11,11,11,11,11,11,15,16,16,16,17,11,11,11,11,18,19,20,11,11,11,4,11,11,11,11,11,11,11,11,11,11,10,10,21,11,11,11,9,9,22,22,9,9,22,22,23,23,23,23,23,23,23,23","0.00631618499755859","infomap","edit-xhwikibooks.graphml"
"0.45","0.01","0.54","0.323481950825344","1,1,2,2,3,4,3,5,4,4,6,7,8,5,9,10,4,6,6,7,11,12,13,8,9,14,15,16,17,18,19,20,21,22,23,24,25,9,11,11,11,11,12,12,12,12,11,12,12,12,11,11,11,11,11,12,12,12,12,11,13,11,11,5,14,11,11,11,11,11,12,11,15,14,11,11,11,11,11,11,11,15,16,16,16,17,11,11,11,11,18,19,20,11,11,11,10,11,11,11,11,11,11,11,11,11,11,21,21,22,11,11,11,24,24,24,23,23,23,23,24,25,25,25,25,25,25,25,25","0.0064690113067627","infomap","edit-xhwikibooks.graphml"
"0.44","0.02","0.54","0.319253881504845","1,1,2,2,3,4,3,5,6,7,8,9,10,5,11,4,7,8,12,9,13,14,15,10,16,17,6,18,19,20,21,22,23,24,25,12,26,11,13,13,13,13,14,14,14,14,13,14,14,14,13,13,13,13,13,14,14,14,14,13,15,13,13,5,16,13,13,13,13,13,14,13,6,17,13,13,13,13,13,13,13,6,18,18,18,19,13,13,13,13,20,21,22,13,13,13,4,13,13,13,13,13,13,13,13,13,13,23,23,24,13,13,13,12,25,12,12,25,25,12,12,26,26,26,26,26,26,26,26","0.00626897811889648","infomap","edit-xhwikibooks.graphml"
"0.43","0.03","0.54","0.322995273411663","1,2,1,3,4,3,4,2,5,6,4,4,7,8,5,9,6,4,10,11,12,13,14,8,15,7,5,16,17,18,19,20,11,21,22,10,23,8,12,12,12,12,13,13,13,13,12,13,13,13,12,12,12,12,12,13,13,13,13,12,14,12,12,8,15,12,12,12,12,12,13,12,7,7,12,12,12,12,12,12,12,15,16,9,9,17,12,12,12,12,18,19,20,12,12,12,9,12,12,12,12,12,12,12,12,12,12,11,11,21,12,12,12,22,10,10,22,10,10,22,22,23,23,23,23,23,23,23,23","0.00628113746643066","infomap","edit-xhwikibooks.graphml"
"0.42","0.04","0.54","0.326826737328449","1,2,1,1,3,4,3,5,4,6,7,8,9,5,10,11,6,7,12,8,13,2,14,15,16,17,9,11,18,19,20,21,22,23,12,10,24,17,13,13,13,13,2,2,2,2,13,2,2,2,13,13,13,13,13,2,2,2,2,13,14,13,13,15,16,13,13,13,13,13,2,13,17,17,13,13,13,13,13,13,13,9,11,11,11,18,13,13,13,13,19,20,21,13,13,13,11,13,13,13,13,13,13,13,13,13,13,22,22,23,13,13,13,12,10,12,10,12,10,10,12,24,24,24,24,24,24,24,24","0.00624704360961914","infomap","edit-xhwikibooks.graphml"
"0.41","0.05","0.54","0.325257593504468","1,1,2,2,3,4,3,5,6,7,8,3,9,5,6,4,7,8,10,11,12,13,14,9,15,16,17,18,19,20,21,22,23,11,10,24,25,6,12,12,12,12,13,13,13,13,12,13,13,13,12,12,12,12,12,13,13,13,13,12,14,12,12,5,15,12,12,12,12,12,13,12,16,16,12,12,12,12,12,12,12,17,18,18,18,19,12,12,12,12,20,21,22,12,12,12,4,12,12,12,12,12,12,12,12,12,12,23,23,12,12,12,12,24,24,24,24,24,10,24,24,25,25,25,25,25,25,25,25","0.00618696212768555","infomap","edit-xhwikibooks.graphml"
"0.4","0.06","0.54","0.322099717641039","1,1,2,2,3,4,3,5,6,7,8,3,9,5,6,4,7,8,8,10,11,12,13,9,14,15,16,17,18,19,20,21,10,22,23,24,25,23,11,11,11,11,12,12,12,12,11,12,12,12,11,11,11,11,11,12,12,12,12,11,13,11,11,5,14,11,11,11,11,11,12,11,15,15,11,11,11,11,11,11,11,16,17,17,17,18,11,11,11,11,19,20,21,11,11,11,4,11,11,11,11,11,11,11,11,11,11,10,10,22,11,11,11,24,23,24,24,24,23,23,23,25,25,25,25,25,25,25,25","0.00628805160522461","infomap","edit-xhwikibooks.graphml"
"0.39","0.07","0.54","0.318440351616743","1,2,1,3,4,3,4,5,5,6,4,7,8,5,8,9,6,4,10,7,2,11,12,13,14,15,8,16,17,18,19,20,21,22,10,23,24,5,2,2,2,2,11,11,11,11,2,11,11,11,2,2,2,2,2,11,11,11,11,2,12,2,2,13,14,2,2,2,2,2,11,2,15,14,2,2,2,2,2,2,2,14,16,16,16,17,2,2,2,2,18,19,20,2,2,2,9,2,2,2,2,2,2,2,2,2,2,21,21,22,2,2,2,10,23,10,10,10,10,10,23,24,24,24,24,24,24,24,24","0.00624918937683105","infomap","edit-xhwikibooks.graphml"
"0.38","0.08","0.54","0.325894858145355","1,2,1,3,1,3,4,5,6,7,4,8,9,5,6,10,7,4,4,8,11,2,12,9,13,14,15,16,17,18,19,20,8,21,22,23,24,6,11,11,11,11,2,2,2,2,11,2,2,2,11,11,11,11,11,2,2,2,2,11,12,11,11,5,13,11,11,11,11,11,2,11,14,14,11,11,11,11,11,11,11,15,16,10,10,17,11,11,11,11,18,19,20,11,11,11,10,11,11,11,11,11,11,11,11,11,11,8,8,21,11,11,11,22,22,23,22,23,22,23,23,24,24,24,24,24,24,24,24","0.00653791427612305","infomap","edit-xhwikibooks.graphml"
"0.37","0.09","0.54","0.311297461841403","1,2,1,3,4,3,4,5,3,6,7,8,5,9,10,11,6,12,7,8,13,2,14,9,5,15,9,11,16,6,12,17,18,13,19,20,21,10,13,13,13,13,2,2,2,2,13,2,2,2,13,13,13,13,13,2,2,2,2,13,14,13,13,5,15,13,13,13,13,13,2,13,5,15,13,13,13,13,13,13,13,5,11,11,11,16,13,13,13,13,6,12,17,13,13,13,11,13,13,13,13,13,13,13,13,13,13,18,18,13,13,13,13,20,20,20,10,10,10,20,19,21,21,21,21,21,21,21,21","0.00612092018127441","infomap","edit-xhwikibooks.graphml"
"0.36","0.1","0.54","0.327135757961726","1,2,1,3,4,3,4,2,5,6,7,4,8,9,5,10,6,11,7,12,13,14,15,8,5,9,9,10,16,6,11,17,18,12,19,20,21,21,13,13,13,13,14,14,14,14,13,14,14,14,13,13,13,13,13,14,14,14,14,13,15,13,13,8,5,13,13,13,13,13,14,13,5,5,13,13,13,13,13,13,13,5,10,10,10,16,13,13,13,13,6,11,17,13,13,13,10,13,13,13,13,13,13,13,13,13,13,18,18,13,13,13,13,20,19,20,20,19,19,20,19,21,21,21,21,21,21,21,21","0.00834798812866211","infomap","edit-xhwikibooks.graphml"
"0.35","0.11","0.54","0.325303724606375","1,2,1,1,3,2,3,4,5,6,7,8,4,5,9,2,6,10,7,8,11,12,13,2,5,14,14,15,16,6,10,17,18,8,19,20,21,9,11,11,11,11,12,12,12,12,11,12,12,12,11,11,11,11,11,12,12,12,12,11,13,11,11,4,5,11,11,11,11,11,12,11,14,14,11,11,11,11,11,11,11,14,15,15,15,16,11,11,11,11,6,10,17,11,11,11,2,11,11,11,11,11,11,11,11,11,11,18,18,11,11,11,11,20,19,19,19,19,20,19,20,21,21,21,21,21,21,21,21","0.00816512107849121","infomap","edit-xhwikibooks.graphml"
"0.34","0.12","0.54","0.332113667820069","1,2,1,1,3,2,3,2,4,5,6,3,2,4,7,2,5,8,6,9,10,11,12,4,13,13,7,14,15,5,8,16,17,9,18,19,7,4,10,10,10,10,11,11,11,11,10,11,11,11,10,10,10,10,10,11,11,11,11,10,12,10,10,2,7,10,10,10,10,10,11,10,7,13,10,10,10,10,10,10,10,13,14,14,14,15,10,10,10,10,5,8,16,10,10,10,20,10,10,10,10,10,10,10,10,10,10,17,17,10,10,10,10,18,19,18,19,18,18,18,19,7,7,7,7,7,7,7,7","0.0103728771209717","infomap","edit-xhwikibooks.graphml"
"0.33","0.13","0.54","0.328399001728416","1,1,2,2,2,3,4,3,3,5,4,4,6,7,3,3,5,8,4,4,9,10,6,7,11,11,6,12,13,5,8,14,15,9,16,17,18,3,9,9,9,9,10,10,10,10,9,10,10,10,9,9,9,9,9,10,10,10,10,9,6,9,9,7,6,9,9,9,9,9,10,9,11,6,9,9,9,9,9,9,9,11,12,12,12,13,9,9,9,9,5,8,14,9,9,9,19,9,9,9,9,9,9,9,9,9,9,15,15,9,9,9,9,16,17,17,17,17,16,16,16,18,18,18,18,18,18,18,18","0.00818896293640137","infomap","edit-xhwikibooks.graphml"
"0.32","0.14","0.54","0.31993595080668","1,2,1,3,4,3,4,5,6,7,8,4,9,5,6,10,7,11,8,2,2,12,13,9,5,14,6,10,15,7,11,16,17,2,18,19,20,6,2,2,2,2,12,12,12,12,2,12,12,12,2,2,2,2,2,12,12,12,12,2,13,2,2,9,6,2,2,2,2,2,12,2,14,14,2,2,2,2,2,2,2,5,10,10,10,15,2,2,2,2,7,11,16,2,2,2,10,2,2,2,2,2,2,2,2,2,2,17,17,2,2,2,2,18,18,18,19,19,19,19,19,20,20,20,20,20,20,20,20","0.00831294059753418","infomap","edit-xhwikibooks.graphml"
"0.31","0.15","0.54","0.322911845092464","1,1,2,2,3,4,3,5,6,7,8,9,5,6,10,4,7,11,8,9,12,13,14,5,4,4,5,15,16,7,11,17,18,9,19,20,21,10,12,12,12,12,13,13,13,13,12,13,13,13,12,12,12,12,12,13,13,13,13,12,14,12,12,5,4,12,12,12,12,12,13,12,4,4,12,12,12,12,12,12,12,4,15,15,15,16,12,12,12,12,7,11,17,12,12,12,4,12,12,12,12,12,12,12,12,12,12,18,18,12,12,12,12,19,20,19,19,19,19,20,19,21,21,21,21,10,21,21,10","0.0100939273834229","infomap","edit-xhwikibooks.graphml"
"0.3","0.16","0.54","0.329904866487358","1,1,2,2,3,4,3,5,4,6,3,7,8,5,9,10,6,11,12,7,13,14,15,8,16,16,5,10,17,6,11,18,19,13,12,9,20,5,13,13,13,13,14,14,14,14,13,14,14,14,13,13,13,13,13,14,14,14,14,13,15,13,13,8,5,13,13,13,13,13,14,13,16,16,13,13,13,13,13,13,13,16,10,10,10,17,13,13,13,13,6,11,18,13,13,13,10,13,13,13,13,13,13,13,13,13,13,19,19,13,13,13,13,9,9,9,9,12,9,9,9,20,20,20,20,20,20,20,20","0.00827693939208984","infomap","edit-xhwikibooks.graphml"
"0.29","0.17","0.54","0.333775767322263","1,1,2,2,2,3,4,3,5,6,4,4,7,8,5,9,6,10,4,11,12,13,14,7,5,8,5,9,15,6,10,16,17,11,18,19,20,8,12,12,12,12,13,13,13,13,12,13,13,13,12,12,12,12,12,13,13,13,13,12,14,12,12,7,5,12,12,12,12,12,13,12,8,5,12,12,12,12,12,12,12,5,9,9,9,15,12,12,12,12,6,10,16,12,12,12,9,12,12,12,12,12,12,12,12,12,12,17,17,12,12,12,12,19,18,19,18,19,19,18,19,20,20,20,20,20,20,20,20","0.00624585151672363","infomap","edit-xhwikibooks.graphml"
"0.28","0.18","0.54","0.338448585753477","1,2,1,3,4,3,4,3,3,5,6,7,3,8,9,10,5,11,6,7,12,2,13,8,9,9,3,10,14,5,11,15,16,7,17,18,19,9,12,12,12,12,2,2,2,2,12,2,2,2,12,12,12,12,12,2,2,2,2,12,13,12,12,8,3,12,12,12,12,12,2,12,9,3,12,12,12,12,12,12,12,3,10,10,10,14,12,12,12,12,5,11,15,12,12,12,10,12,12,12,12,12,12,12,12,12,12,16,16,12,12,12,12,18,17,17,17,18,18,18,17,19,19,19,19,19,19,19,19","0.0064539909362793","infomap","edit-xhwikibooks.graphml"
"0.27","0.19","0.54","0.329578626707476","1,1,2,2,2,3,4,5,3,6,4,7,5,8,9,3,6,10,11,7,12,13,14,3,9,15,8,16,17,6,10,18,19,7,11,20,21,20,12,12,12,12,13,13,13,13,12,13,13,13,12,12,12,12,12,13,13,13,13,12,14,12,12,3,15,12,12,12,12,12,13,12,9,15,12,12,12,12,12,12,12,8,16,16,16,17,12,12,12,12,6,10,18,12,12,12,3,12,12,12,12,12,12,12,12,12,12,19,19,12,12,12,12,20,11,11,20,20,11,20,20,21,21,21,21,21,21,21,21","0.00629281997680664","infomap","edit-xhwikibooks.graphml"
"0.26","0.2","0.54","0.330024810918724","1,2,1,1,1,3,4,3,5,6,4,4,7,3,5,3,6,8,9,4,10,2,11,7,12,13,12,14,15,6,8,16,17,10,9,12,18,3,10,10,10,10,2,2,2,2,10,2,2,2,10,10,10,10,10,2,2,2,2,10,11,10,10,7,13,10,10,10,10,10,2,10,12,13,10,10,10,10,10,10,10,12,14,14,14,15,10,10,10,10,6,8,16,10,10,10,19,10,10,10,10,10,10,10,10,10,10,17,17,10,10,10,10,9,12,12,12,12,12,9,12,18,18,18,18,18,18,18,18","0.0066070556640625","infomap","edit-xhwikibooks.graphml"
"0.25","0.21","0.54","0.32858894894718","1,1,2,2,2,3,4,1,3,5,4,6,7,8,9,10,5,11,4,6,12,13,14,7,8,15,9,10,16,5,11,17,18,6,19,20,21,19,12,12,12,12,13,13,13,13,12,13,13,13,12,12,12,12,12,13,13,13,13,12,14,12,12,1,9,12,12,12,12,12,13,12,8,15,12,12,12,12,12,12,12,9,10,10,10,16,12,12,12,12,5,11,17,12,12,12,10,12,12,12,12,12,12,12,12,12,12,18,18,12,12,12,12,20,19,20,20,19,20,19,20,21,21,21,21,21,21,21,21","0.00841498374938965","infomap","edit-xhwikibooks.graphml"
"0.24","0.22","0.54","0.332419562423969","1,1,2,3,2,3,4,3,5,6,4,7,8,5,9,10,6,11,12,7,13,14,15,8,3,16,9,10,17,6,11,18,19,13,20,12,9,5,13,13,13,13,14,14,14,14,13,14,14,14,13,13,13,13,13,14,14,14,14,13,15,13,13,8,16,13,13,13,13,13,14,13,16,16,13,13,13,13,13,13,13,9,10,10,10,17,13,13,13,13,6,11,18,13,13,13,10,13,13,13,13,13,13,13,13,13,13,19,19,13,13,13,13,20,20,20,12,20,20,20,20,9,9,9,9,9,9,9,9","0.00811386108398438","infomap","edit-xhwikibooks.graphml"
"0.23","0.23","0.54","0.332656986963927","1,1,2,2,2,3,4,5,3,6,4,7,8,5,9,3,6,10,11,7,12,13,14,8,15,15,9,16,17,6,10,18,19,7,11,20,21,21,12,12,12,12,13,13,13,13,12,13,13,13,12,12,12,12,12,13,13,13,13,12,14,12,12,5,15,12,12,12,12,12,13,12,15,15,12,12,12,12,12,12,12,9,16,16,16,17,12,12,12,12,6,10,18,12,12,12,3,12,12,12,12,12,12,12,12,12,12,19,19,12,12,12,12,11,20,11,11,20,20,20,20,21,21,21,21,21,21,21,21","0.00825691223144531","infomap","edit-xhwikibooks.graphml"
"0.22","0.24","0.54","0.336875832589562","1,1,2,2,2,3,4,5,5,6,4,4,3,5,7,3,6,8,9,4,10,11,12,3,7,13,5,14,15,6,8,16,17,10,9,18,19,7,10,10,10,10,11,11,11,11,10,11,11,11,10,10,10,10,10,11,11,11,11,10,12,10,10,5,5,10,10,10,10,10,11,10,13,13,10,10,10,10,10,10,10,7,14,14,14,15,10,10,10,10,6,8,16,10,10,10,3,10,10,10,10,10,10,10,10,10,10,17,17,10,10,10,10,18,18,9,18,9,9,9,9,19,19,19,19,19,19,19,19","0.00843310356140137","infomap","edit-xhwikibooks.graphml"
"0.21","0.25","0.54","0.334770692042606","1,1,2,3,2,3,4,5,3,6,4,7,8,5,9,3,6,10,11,7,12,13,14,8,9,15,5,16,17,6,10,18,19,7,20,11,21,5,12,12,12,12,13,13,13,13,12,13,13,13,12,12,12,12,12,13,13,13,13,12,14,12,12,5,9,12,12,12,12,12,13,12,15,15,12,12,12,12,12,12,12,9,16,16,16,17,12,12,12,12,6,10,18,12,12,12,3,12,12,12,12,12,12,12,12,12,12,19,19,12,12,12,12,11,11,20,20,20,11,11,11,21,21,21,21,21,21,21,21","0.0127570629119873","infomap","edit-xhwikibooks.graphml"
"0.2","0.26","0.54","0.335667112352253","1,2,1,2,1,3,4,5,6,7,4,8,5,6,3,3,7,9,10,8,11,2,12,3,6,13,6,14,15,7,9,16,17,11,10,3,18,6,11,11,11,11,2,2,2,2,11,2,2,2,11,11,11,11,11,2,2,2,2,11,12,11,11,5,6,11,11,11,11,11,2,11,6,13,11,11,11,11,11,11,11,13,14,14,14,15,11,11,11,11,7,9,16,11,11,11,19,11,11,11,11,11,11,11,11,11,11,17,17,11,11,11,11,10,3,3,10,10,3,10,3,18,18,18,18,18,18,18,18","0.0106539726257324","infomap","edit-xhwikibooks.graphml"
"0.19","0.27","0.54","0.329419061092057","1,2,1,1,3,4,3,5,4,6,7,8,9,10,5,4,6,11,7,8,12,2,13,9,10,14,4,15,16,6,11,17,18,12,19,20,21,10,12,12,12,12,2,2,2,2,12,2,2,2,12,12,12,12,12,2,2,2,2,12,13,12,12,5,4,12,12,12,12,12,2,12,14,14,12,12,12,12,12,12,12,10,15,15,15,16,12,12,12,12,6,11,17,12,12,12,4,12,12,12,12,12,12,12,12,12,12,18,18,12,12,12,12,19,19,20,20,20,20,19,20,21,21,21,21,21,21,21,21","0.00849294662475586","infomap","edit-xhwikibooks.graphml"
"0.18","0.28","0.54","0.337207116082585","1,2,1,1,3,4,3,2,4,5,6,3,7,8,9,4,5,10,6,11,11,12,13,7,8,8,8,14,15,5,10,16,17,11,18,19,20,9,11,11,11,11,12,12,12,12,11,12,12,12,11,11,11,11,11,12,12,12,12,11,13,11,11,2,8,11,11,11,11,11,12,11,8,8,11,11,11,11,11,11,11,8,14,14,14,15,11,11,11,11,5,10,16,11,11,11,4,11,11,11,11,11,11,11,11,11,11,17,17,11,11,11,11,18,19,18,19,18,19,18,18,20,20,20,20,20,20,20,20","0.00651097297668457","infomap","edit-xhwikibooks.graphml"
"0.17","0.29","0.54","0.335648279275151","1,2,1,3,4,3,4,2,5,6,7,8,9,10,5,11,6,12,7,8,13,14,15,9,5,16,10,11,17,6,12,18,19,8,20,21,22,5,13,13,13,13,14,14,14,14,13,14,14,14,13,13,13,13,13,14,14,14,14,13,15,13,13,2,16,13,13,13,13,13,14,13,5,16,13,13,13,13,13,13,13,5,11,11,11,17,13,13,13,13,6,12,18,13,13,13,11,13,13,13,13,13,13,13,13,13,13,19,19,13,13,13,13,21,20,21,20,21,20,20,20,22,22,22,22,22,22,22,22","0.00647807121276855","infomap","edit-xhwikibooks.graphml"
"0.16","0.3","0.54","0.330978310712054","1,2,1,3,4,3,4,2,5,6,7,4,8,5,9,10,6,11,7,4,12,13,14,8,9,15,15,10,16,6,11,17,18,12,19,20,21,9,12,12,12,12,13,13,13,13,12,13,13,13,12,12,12,12,12,13,13,13,13,12,14,12,12,8,15,12,12,12,12,12,13,12,9,15,12,12,12,12,12,12,12,9,10,10,10,16,12,12,12,12,6,11,17,12,12,12,10,12,12,12,12,12,12,12,12,12,12,18,18,12,12,12,12,19,20,20,20,20,19,19,20,21,21,21,21,21,21,21,21","0.00643086433410645","infomap","edit-xhwikibooks.graphml"
"0.15","0.31","0.54","0.318001791508924","1,2,1,2,3,4,3,4,5,6,7,3,8,5,9,4,6,10,7,3,2,11,12,8,5,13,9,14,15,6,10,16,17,3,18,19,20,5,2,2,2,2,11,11,11,11,2,11,11,11,2,2,2,2,2,11,11,11,11,2,12,2,2,8,5,2,2,2,2,2,11,2,9,13,2,2,2,2,2,2,2,5,14,14,14,15,2,2,2,2,6,10,16,2,2,2,4,2,2,2,2,2,2,2,2,2,2,17,17,2,2,2,2,19,18,18,18,18,9,9,18,20,20,20,20,20,20,20,20","0.00856304168701172","infomap","edit-xhwikibooks.graphml"
"0.14","0.32","0.54","0.333437547795442","1,1,2,3,2,3,4,5,3,6,4,4,7,8,5,3,6,9,10,4,11,12,13,7,14,14,8,15,16,6,9,17,18,11,19,10,20,5,11,11,11,11,12,12,12,12,11,12,12,12,11,11,11,11,11,12,12,12,12,11,13,11,11,5,14,11,11,11,11,11,12,11,8,14,11,11,11,11,11,11,11,14,15,15,15,16,11,11,11,11,6,9,17,11,11,11,3,11,11,11,11,11,11,11,11,11,11,18,18,11,11,11,11,10,19,10,10,10,19,19,10,20,20,20,20,20,20,20,20","0.00622010231018066","infomap","edit-xhwikibooks.graphml"
"0.13","0.33","0.54","0.312123619939779","1,2,1,3,3,4,3,5,6,7,8,9,5,6,10,4,7,11,8,9,2,12,13,6,4,14,14,15,16,7,11,17,18,2,10,19,20,6,2,2,2,2,12,12,12,12,2,12,12,12,2,2,2,2,2,12,12,12,12,2,13,2,2,5,4,2,2,2,2,2,12,2,4,14,2,2,2,2,2,2,2,4,15,15,15,16,2,2,2,2,7,11,17,2,2,2,4,2,2,2,2,2,2,2,2,2,2,18,18,2,2,2,2,10,19,19,19,10,19,10,19,20,20,20,20,20,20,20,20","0.00649213790893555","infomap","edit-xhwikibooks.graphml"
"0.12","0.34","0.54","0.343687315346063","1,1,2,2,2,3,4,3,3,5,4,4,6,7,8,9,5,10,11,4,12,13,14,6,8,7,8,9,15,5,10,16,17,12,11,18,19,7,12,12,12,12,13,13,13,13,12,13,13,13,12,12,12,12,12,13,13,13,13,12,14,12,12,3,8,12,12,12,12,12,13,12,8,7,12,12,12,12,12,12,12,8,9,9,9,15,12,12,12,12,5,10,16,12,12,12,9,12,12,12,12,12,12,12,12,12,12,17,17,12,12,12,12,11,18,18,11,18,18,11,11,19,19,19,19,19,19,19,19","0.00851702690124512","infomap","edit-xhwikibooks.graphml"
"0.11","0.35","0.54","0.336150756771669","1,2,1,3,4,3,4,5,6,7,8,9,10,6,5,11,7,12,8,9,13,2,14,10,6,15,5,11,16,7,12,17,18,13,19,20,21,6,13,13,13,13,2,2,2,2,13,2,2,2,13,13,13,13,13,2,2,2,2,13,14,13,13,10,6,13,13,13,13,13,2,13,15,5,13,13,13,13,13,13,13,6,11,11,11,16,13,13,13,13,7,12,17,13,13,13,11,13,13,13,13,13,13,13,13,13,13,18,18,13,13,13,13,20,20,19,19,19,19,20,19,21,21,21,21,21,21,21,21","0.00853300094604492","infomap","edit-xhwikibooks.graphml"
"0.1","0.36","0.54","0.365750547746836","1,2,3,3,4,1,4,2,1,5,6,7,8,9,10,1,5,11,6,7,12,13,14,8,9,10,10,15,16,5,11,17,18,12,19,19,20,10,12,12,12,12,13,13,13,13,12,13,13,13,12,12,12,12,12,13,13,13,13,12,14,12,12,8,9,12,12,12,12,12,13,12,9,10,12,12,12,12,12,12,12,9,15,15,15,16,12,12,12,12,5,11,17,12,12,12,1,12,12,12,12,12,12,12,12,12,12,18,18,12,12,12,12,19,19,19,19,19,19,19,19,20,20,20,20,20,20,20,20","0.00843501091003418","infomap","edit-xhwikibooks.graphml"
"0.09","0.37","0.54","0.333297893529858","1,2,1,2,3,4,3,2,5,6,7,3,2,5,8,4,6,9,7,3,10,11,12,2,8,13,4,14,15,6,9,16,17,10,18,19,20,5,10,10,10,10,11,11,11,11,10,11,11,11,10,10,10,10,10,11,11,11,11,10,12,10,10,2,8,10,10,10,10,10,11,10,13,4,10,10,10,10,10,10,10,8,14,14,14,15,10,10,10,10,6,9,16,10,10,10,4,10,10,10,10,10,10,10,10,10,10,17,17,10,10,10,10,18,18,19,19,19,18,19,19,20,20,20,20,20,20,20,20","0.0063629150390625","infomap","edit-xhwikibooks.graphml"
"0.08","0.38","0.54","0.336084688090737","1,1,2,1,2,3,4,5,3,6,4,4,7,5,8,9,6,10,11,12,13,14,15,7,7,8,7,9,16,6,10,17,18,12,19,11,20,5,13,13,13,13,14,14,14,14,13,14,14,14,13,13,13,13,13,14,14,14,14,13,15,13,13,5,8,13,13,13,13,13,14,13,8,8,13,13,13,13,13,13,13,7,9,9,9,16,13,13,13,13,6,10,17,13,13,13,9,13,13,13,13,13,13,13,13,13,13,18,18,13,13,13,13,19,11,19,11,11,19,11,19,20,20,20,20,20,20,20,20","0.00643205642700195","infomap","edit-xhwikibooks.graphml"
"0.07","0.39","0.54","0.338877728174603","1,1,2,2,2,3,4,5,3,6,7,4,8,5,9,3,6,10,7,11,11,12,13,8,14,14,9,15,16,6,10,17,18,11,19,20,21,9,11,11,11,11,12,12,12,12,11,12,12,12,11,11,11,11,11,12,12,12,12,11,13,11,11,8,14,11,11,11,11,11,12,11,9,14,11,11,11,11,11,11,11,14,15,15,15,16,11,11,11,11,6,10,17,11,11,11,3,11,11,11,11,11,11,11,11,11,11,18,18,11,11,11,11,20,20,20,19,19,20,20,19,21,21,21,21,21,21,21,21","0.00846195220947266","infomap","edit-xhwikibooks.graphml"
"0.06","0.4","0.54","0.34173919122016","1,1,2,2,2,3,4,5,6,7,4,8,5,9,6,3,7,10,11,8,12,13,14,5,15,9,5,16,17,7,10,18,19,8,20,11,15,9,12,12,12,12,13,13,13,13,12,13,13,13,12,12,12,12,12,13,13,13,13,12,14,12,12,5,15,12,12,12,12,12,13,12,5,5,12,12,12,12,12,12,12,5,16,16,3,17,12,12,12,12,7,10,18,12,12,12,3,12,12,12,12,12,12,12,12,12,12,19,19,12,12,12,12,11,20,20,11,20,11,11,20,15,15,15,15,15,15,15,15","0.00633692741394043","infomap","edit-xhwikibooks.graphml"
"0.05","0.41","0.54","0.349195897108843","1,2,1,3,4,3,4,3,5,6,7,8,9,10,5,11,6,12,7,8,13,2,14,9,5,10,3,11,15,6,12,16,17,8,5,18,19,10,13,13,13,13,2,2,2,2,13,2,2,2,13,13,13,13,13,2,2,2,2,13,14,13,13,3,5,13,13,13,13,13,2,13,10,10,13,13,13,13,13,13,13,3,11,11,11,15,13,13,13,13,6,12,16,13,13,13,11,13,13,13,13,13,13,13,13,13,13,17,17,13,13,13,13,5,5,18,5,18,18,18,5,19,19,19,19,19,19,19,19","0.00633597373962402","infomap","edit-xhwikibooks.graphml"
"0.04","0.42","0.54","0.334920455943253","1,1,2,3,2,3,4,5,5,6,7,4,8,5,9,3,6,10,7,11,12,13,14,8,3,15,5,16,17,6,10,18,19,11,20,21,22,9,12,12,12,12,13,13,13,13,12,13,13,13,12,12,12,12,12,13,13,13,13,12,14,12,12,5,15,12,12,12,12,12,13,12,15,5,12,12,12,12,12,12,12,5,16,16,16,17,12,12,12,12,6,10,18,12,12,12,3,12,12,12,12,12,12,12,12,12,12,19,19,12,12,12,12,20,9,21,9,21,21,21,21,22,22,22,22,22,22,22,22","0.0085139274597168","infomap","edit-xhwikibooks.graphml"
"0.03","0.43","0.54","0.352821335074842","1,2,1,2,1,2,3,2,4,5,6,3,2,7,4,2,5,8,6,3,9,10,11,2,4,12,7,13,14,5,8,15,16,3,17,18,19,7,9,9,9,9,10,10,10,10,9,10,10,10,9,9,9,9,9,10,10,10,10,9,11,9,9,2,4,9,9,9,9,9,10,9,12,4,9,9,9,9,9,9,9,4,13,13,13,14,9,9,9,9,5,8,15,9,9,9,20,9,9,9,9,9,9,9,9,9,9,16,16,9,9,9,9,17,17,17,18,17,17,18,17,19,19,19,19,19,19,19,19","0.00653791427612305","infomap","edit-xhwikibooks.graphml"
"0.02","0.44","0.54","0.348308077028062","1,2,1,2,3,2,3,2,2,4,5,3,6,7,8,2,4,9,5,10,10,11,12,6,7,8,7,13,14,4,9,15,16,10,17,18,19,7,10,10,10,10,11,11,11,11,10,11,11,11,10,10,10,10,10,11,11,11,11,10,12,10,10,6,7,10,10,10,10,10,11,10,8,8,10,10,10,10,10,10,10,7,13,13,13,14,10,10,10,10,4,9,15,10,10,10,2,10,10,10,10,10,10,10,10,10,10,16,16,10,10,10,10,17,17,18,17,17,18,17,18,19,19,19,19,19,19,19,19","0.00675821304321289","infomap","edit-xhwikibooks.graphml"
"0.01","0.45","0.54","0.34814838109621","1,1,1,1,2,3,2,4,3,5,6,2,4,3,7,8,5,9,6,10,11,12,13,3,3,14,7,15,16,5,9,17,18,10,19,20,21,3,11,11,11,11,12,12,12,12,11,12,12,12,11,11,11,11,11,12,12,12,12,11,13,11,11,3,3,11,11,11,11,11,12,11,14,7,11,11,11,11,11,11,11,14,15,15,15,16,11,11,11,11,5,9,17,11,11,11,8,11,11,11,11,11,11,11,11,11,11,18,18,11,11,11,11,19,20,19,20,20,19,20,20,21,21,21,21,21,21,21,21","0.00825309753417969","infomap","edit-xhwikibooks.graphml"
"0","0.46","0.54","0.348189277851742","1,1,2,2,3,4,3,5,4,6,7,8,5,9,10,11,6,12,7,8,13,14,15,9,10,16,9,11,17,6,12,18,19,8,20,21,22,10,13,13,13,13,14,14,14,14,13,14,14,14,13,13,13,13,13,14,14,14,14,13,15,13,13,5,16,13,13,13,13,13,14,13,16,16,13,13,13,13,13,13,13,9,11,11,11,17,13,13,13,13,6,12,18,13,13,13,11,13,13,13,13,13,13,13,13,13,13,19,19,13,13,13,13,20,21,21,20,21,21,20,20,22,22,22,22,22,22,22,22","0.00832509994506836","infomap","edit-xhwikibooks.graphml"
"0.45","0","0.55","0.328179070510701","1,2,1,1,3,4,3,2,5,6,7,8,5,5,9,4,6,7,10,8,11,12,13,14,15,15,5,16,17,18,19,20,21,22,10,23,9,9,11,11,11,11,12,12,12,12,11,12,12,12,11,11,11,11,11,12,12,12,12,11,13,11,11,14,15,11,11,11,11,11,12,11,15,5,11,11,11,11,11,11,11,5,16,16,16,17,11,11,11,11,18,19,20,11,11,11,4,11,11,11,11,11,11,11,11,11,11,21,21,22,11,11,11,10,23,10,23,23,10,10,23,9,9,9,9,9,9,9,9","0.00812506675720215","infomap","edit-xhwikibooks.graphml"
"0.44","0.01","0.55","0.314355789470784","1,2,3,3,4,1,4,5,1,1,6,7,8,9,5,10,1,6,6,7,2,11,12,8,13,14,9,15,16,17,18,19,20,21,22,23,24,5,2,2,2,2,11,11,11,11,2,11,11,11,2,2,2,2,2,11,11,11,11,2,12,2,2,5,13,2,2,2,2,2,11,2,9,14,2,2,2,2,2,2,2,13,15,15,15,16,2,2,2,2,17,18,19,2,2,2,10,2,2,2,2,2,2,2,2,2,2,20,20,21,2,2,2,23,23,23,22,23,22,22,22,24,24,24,24,24,24,24,24","0.0063481330871582","infomap","edit-xhwikibooks.graphml"
"0.43","0.02","0.55","0.328964298309418","1,2,1,3,1,3,4,5,3,6,4,7,5,8,5,9,6,4,10,7,11,2,12,8,13,14,15,16,17,18,19,20,21,22,10,23,24,5,11,11,11,11,2,2,2,2,11,2,2,2,11,11,11,11,11,2,2,2,2,11,12,11,11,5,13,11,11,11,11,11,2,11,14,15,11,11,11,11,11,11,11,15,16,16,16,17,11,11,11,11,18,19,20,11,11,11,9,11,11,11,11,11,11,11,11,11,11,21,21,22,11,11,11,10,10,10,10,10,23,10,10,24,24,24,24,24,24,24,24","0.00656914710998535","infomap","edit-xhwikibooks.graphml"
"0.42","0.03","0.55","0.32303798556944","1,1,2,2,3,4,3,4,5,6,7,3,8,5,9,10,6,7,11,3,12,13,14,8,5,15,9,16,17,18,19,20,21,22,23,11,24,5,12,12,12,12,13,13,13,13,12,13,13,13,12,12,12,12,12,13,13,13,13,12,14,12,12,8,9,12,12,12,12,12,13,12,9,15,12,12,12,12,12,12,12,15,16,16,16,17,12,12,12,12,18,19,20,12,12,12,10,12,12,12,12,12,12,12,12,12,12,21,21,22,12,12,12,23,11,23,11,23,23,11,23,24,24,24,24,24,24,24,24","0.00644612312316895","infomap","edit-xhwikibooks.graphml"
"0.41","0.04","0.55","0.319776403711698","1,1,2,2,3,4,3,5,4,6,7,8,9,10,5,11,6,7,7,8,12,13,14,9,15,16,10,17,18,19,20,21,22,23,24,25,26,10,12,12,12,12,13,13,13,13,12,13,13,13,12,12,12,12,12,13,13,13,13,12,14,12,12,9,15,12,12,12,12,12,13,12,16,16,12,12,12,12,12,12,12,15,17,17,17,18,12,12,12,12,19,20,21,12,12,12,11,12,12,12,12,12,12,12,12,12,12,22,22,23,12,12,12,24,24,25,24,25,24,24,24,26,26,26,26,26,26,26,26","0.00628900527954102","infomap","edit-xhwikibooks.graphml"
"0.4","0.05","0.55","0.329190196932693","1,2,1,3,4,3,4,3,3,5,6,4,7,8,9,10,5,6,6,11,12,2,13,7,14,8,9,10,15,16,17,18,11,19,20,21,22,8,12,12,12,12,2,2,2,2,12,2,2,2,12,12,12,12,12,2,2,2,2,12,13,12,12,7,14,12,12,12,12,12,2,12,14,9,12,12,12,12,12,12,12,14,10,10,10,15,12,12,12,12,16,17,18,12,12,12,10,12,12,12,12,12,12,12,12,12,12,11,11,19,12,12,12,20,21,21,21,20,20,20,20,22,22,22,22,22,22,22,22","0.00835800170898438","infomap","edit-xhwikibooks.graphml"
"0.39","0.06","0.55","0.325414586501796","1,1,2,2,2,3,4,3,5,6,4,7,8,8,5,9,6,4,10,7,11,1,12,13,8,14,15,16,17,18,19,20,21,22,23,10,24,5,11,11,11,11,1,1,1,1,11,1,1,1,11,11,11,11,11,1,1,1,1,11,12,11,11,13,15,11,11,11,11,11,1,11,14,8,11,11,11,11,11,11,11,15,16,16,16,17,11,11,11,11,18,19,20,11,11,11,9,11,11,11,11,11,11,11,11,11,11,21,21,22,11,11,11,23,23,10,10,23,23,10,10,24,24,24,24,24,24,24,24","0.0062410831451416","infomap","edit-xhwikibooks.graphml"
"0.38","0.07","0.55","0.322540913820831","1,2,1,3,4,3,4,2,5,6,7,8,9,5,10,11,6,7,7,8,12,13,14,9,5,15,16,17,18,19,20,21,22,23,24,10,25,25,12,12,12,12,13,13,13,13,12,13,13,13,12,12,12,12,12,13,13,13,13,12,14,12,12,2,15,12,12,12,12,12,13,12,15,15,12,12,12,12,12,12,12,16,17,17,17,18,12,12,12,12,19,20,21,12,12,12,11,12,12,12,12,12,12,12,12,12,12,22,22,23,12,12,12,24,10,24,24,10,24,24,24,25,25,25,25,25,25,25,25","0.00633502006530762","infomap","edit-xhwikibooks.graphml"
"0.37","0.08","0.55","0.330134557159133","1,1,2,3,2,3,4,5,6,3,4,4,7,5,6,3,3,4,6,8,9,10,11,7,12,13,14,15,16,17,18,19,8,20,6,21,22,6,9,9,9,9,10,10,10,10,9,10,10,10,9,9,9,9,9,10,10,10,10,9,11,9,9,5,12,9,9,9,9,9,10,9,13,13,9,9,9,9,9,9,9,14,15,15,15,16,9,9,9,9,17,18,19,9,9,9,3,9,9,9,9,9,9,9,9,9,9,8,8,20,9,9,9,21,21,6,21,21,6,6,21,22,22,22,22,22,22,22,22","0.00637197494506836","infomap","edit-xhwikibooks.graphml"
"0.36","0.09","0.55","0.325038460694678","1,1,2,2,3,4,3,4,4,5,6,7,8,9,10,11,5,6,6,7,12,13,14,15,9,8,10,16,17,18,19,20,21,12,22,23,24,9,12,12,12,12,13,13,13,13,12,13,13,13,12,12,12,12,12,13,13,13,13,12,14,12,12,15,10,12,12,12,12,12,13,12,8,10,12,12,12,12,12,12,12,10,11,16,16,17,12,12,12,12,18,19,20,12,12,12,11,12,12,12,12,12,12,12,12,12,12,21,21,12,12,12,12,22,22,22,22,23,22,23,22,24,24,24,24,24,24,24,24","0.00639200210571289","infomap","edit-xhwikibooks.graphml"
"0.35","0.1","0.55","0.324491715525232","1,1,2,2,2,3,4,3,5,6,7,4,8,5,9,10,6,7,7,11,12,13,14,8,15,16,17,10,18,19,20,21,11,22,23,24,9,5,12,12,12,12,13,13,13,13,12,13,13,13,12,12,12,12,12,13,13,13,13,12,14,12,12,3,15,12,12,12,12,12,13,12,16,15,12,12,12,12,12,12,12,17,10,10,10,18,12,12,12,12,19,20,21,12,12,12,10,12,12,12,12,12,12,12,12,12,12,11,11,22,12,12,12,23,24,24,23,23,23,24,23,9,9,9,9,9,9,9,9","0.00622892379760742","infomap","edit-xhwikibooks.graphml"
"0.34","0.11","0.55","0.328477160508155","1,1,2,3,2,3,4,5,6,7,4,8,5,6,9,10,7,11,12,8,13,14,15,6,9,16,6,10,17,7,11,18,19,8,12,20,21,9,13,13,13,13,14,14,14,14,13,14,14,14,13,13,13,13,13,14,14,14,14,13,15,13,13,6,16,13,13,13,13,13,14,13,16,16,13,13,13,13,13,13,13,9,10,10,10,17,13,13,13,13,7,11,18,13,13,13,10,13,13,13,13,13,13,13,13,13,13,19,19,13,13,13,13,20,20,20,12,20,20,20,20,21,21,21,21,21,21,21,21","0.00641608238220215","infomap","edit-xhwikibooks.graphml"
"0.33","0.12","0.55","0.32103880519845","1,2,1,1,1,3,4,5,6,7,8,4,5,9,6,3,7,10,8,4,2,11,12,9,6,3,3,13,14,7,10,15,16,2,17,18,19,18,2,2,2,2,11,11,11,11,2,11,11,11,2,2,2,2,2,11,11,11,11,2,12,2,2,9,3,2,2,2,2,2,11,2,3,3,2,2,2,2,2,2,2,3,13,13,13,14,2,2,2,2,7,10,15,2,2,2,20,2,2,2,2,2,2,2,2,2,2,16,16,2,2,2,2,17,17,18,17,18,17,18,17,19,19,19,19,19,19,19,19","0.00644302368164062","infomap","edit-xhwikibooks.graphml"
"0.32","0.13","0.55","0.318027212058531","1,2,1,3,4,3,4,5,3,6,7,8,5,9,10,3,6,11,7,8,2,12,13,10,10,9,3,14,15,6,11,16,17,8,18,19,20,19,2,2,2,2,12,12,12,12,2,12,12,12,2,2,2,2,2,12,12,12,12,2,13,2,2,10,9,2,2,2,2,2,12,2,10,9,2,2,2,2,2,2,2,9,14,14,14,15,2,2,2,2,6,11,16,2,2,2,3,2,2,2,2,2,2,2,2,2,2,17,17,2,2,2,2,19,19,18,19,18,19,19,19,20,20,20,20,20,20,20,20","0.00634002685546875","infomap","edit-xhwikibooks.graphml"
"0.31","0.14","0.55","0.327176605666106","1,2,1,3,4,3,4,5,3,6,7,8,9,5,9,10,6,11,7,8,12,2,13,9,14,14,9,10,15,6,11,16,17,8,18,19,20,9,12,12,12,12,2,2,2,2,12,2,2,2,12,12,12,12,12,2,2,2,2,12,13,12,12,5,14,12,12,12,12,12,2,12,14,14,12,12,12,12,12,12,12,9,10,10,10,15,12,12,12,12,6,11,16,12,12,12,10,12,12,12,12,12,12,12,12,12,12,17,17,8,12,12,12,18,19,19,19,18,19,19,19,20,20,20,20,20,20,20,20","0.00864696502685547","infomap","edit-xhwikibooks.graphml"
"0.3","0.15","0.55","0.334990874219533","1,2,1,3,1,3,4,5,3,6,4,4,5,7,8,9,6,10,8,11,12,2,13,3,7,14,7,9,15,6,10,16,17,11,8,18,19,7,12,12,12,12,2,2,2,2,12,2,2,2,12,12,12,12,12,2,2,2,2,12,13,12,12,5,14,12,12,12,12,12,2,12,14,14,12,12,12,12,12,12,12,7,9,9,9,15,12,12,12,12,6,10,16,12,12,12,9,12,12,12,12,12,12,12,12,12,12,17,17,12,12,12,12,8,18,8,8,18,8,18,18,19,19,19,19,19,19,19,19","0.00845599174499512","infomap","edit-xhwikibooks.graphml"
"0.29","0.16","0.55","0.317071852384938","1,2,1,2,3,4,3,5,5,6,7,3,8,5,4,9,6,10,7,11,2,12,13,8,4,14,8,9,15,6,10,16,17,11,18,19,20,5,2,2,2,2,12,12,12,12,2,12,12,12,2,2,2,2,2,12,12,12,12,2,13,2,2,8,8,2,2,2,2,2,12,2,4,14,2,2,2,2,2,2,2,14,9,9,9,15,2,2,2,2,6,10,16,2,2,2,9,2,2,2,2,2,2,2,2,2,2,17,17,2,2,2,2,18,19,18,19,19,19,18,18,20,20,20,20,20,20,20,20","0.00838279724121094","infomap","edit-xhwikibooks.graphml"
"0.28","0.17","0.55","0.329427109636417","1,2,1,1,3,4,3,2,5,6,7,8,2,9,5,4,6,10,7,8,11,12,13,9,4,14,5,15,16,6,10,17,18,8,19,20,21,9,11,11,11,11,12,12,12,12,11,12,12,12,11,11,11,11,11,12,12,12,12,11,13,11,11,9,5,11,11,11,11,11,12,11,14,5,11,11,11,11,11,11,11,4,15,15,15,16,11,11,11,11,6,10,17,11,11,11,4,11,11,11,11,11,11,11,11,11,11,18,18,11,11,11,11,20,20,19,19,20,19,20,19,21,21,21,21,21,21,21,21","0.0101559162139893","infomap","edit-xhwikibooks.graphml"
"0.27","0.18","0.55","0.335658875447199","1,1,2,2,2,3,4,5,3,6,4,7,5,8,9,3,6,10,4,7,11,12,13,8,8,8,9,14,15,6,10,16,17,11,18,19,20,9,11,11,11,11,12,12,12,12,11,12,12,12,11,11,11,11,11,12,12,12,12,11,13,11,11,8,8,11,11,11,11,11,12,11,8,8,11,11,11,11,11,11,11,9,14,14,14,15,11,11,11,11,6,10,16,11,11,11,3,11,11,11,11,11,11,11,11,11,11,17,17,11,11,11,11,19,18,19,18,19,19,18,19,20,20,20,20,20,20,20,20","0.00821018218994141","infomap","edit-xhwikibooks.graphml"
"0.26","0.19","0.55","0.321094866796621","1,1,2,2,1,3,4,5,3,6,7,4,8,5,9,1,6,10,7,11,11,12,13,8,9,14,14,15,16,6,10,17,18,11,19,20,21,5,11,11,11,11,12,12,12,12,11,12,12,12,11,11,11,11,11,12,12,12,12,11,13,11,11,8,9,11,11,11,11,11,12,11,14,14,11,11,11,11,11,11,11,14,15,15,15,16,11,11,11,11,6,10,17,11,11,11,1,11,11,11,11,11,11,11,11,11,11,18,18,11,11,11,11,19,20,20,20,19,19,19,20,21,21,21,21,21,21,21,21","0.00648808479309082","infomap","edit-xhwikibooks.graphml"
"0.25","0.2","0.55","0.335525857880601","1,1,2,2,3,1,3,4,4,5,6,7,8,4,9,1,5,10,6,7,11,12,13,8,4,9,9,14,15,5,10,16,17,11,18,19,20,9,11,11,11,11,12,12,12,12,11,12,12,12,11,11,11,11,11,12,12,12,12,11,13,11,11,8,9,11,11,11,11,11,12,11,4,4,11,11,11,11,11,11,11,4,14,14,14,15,11,11,11,11,5,10,16,11,11,11,1,11,11,11,11,11,11,11,11,11,11,17,17,11,11,11,11,18,18,18,18,18,18,19,18,20,20,20,20,20,20,20,20","0.00653600692749023","infomap","edit-xhwikibooks.graphml"
"0.24","0.21","0.55","0.332794022092268","1,2,1,1,3,4,3,4,5,6,7,3,8,9,5,4,6,10,7,3,11,2,12,8,9,13,9,14,15,6,10,16,17,11,18,19,20,20,11,11,11,11,2,2,2,2,11,2,2,2,11,11,11,11,11,2,2,2,2,11,12,11,11,4,13,11,11,11,11,11,2,11,13,9,11,11,11,11,11,11,11,9,14,14,14,15,11,11,11,11,6,10,16,11,11,11,4,11,11,11,11,11,11,11,11,11,11,17,17,11,11,11,11,19,18,18,19,19,19,18,18,20,20,20,20,20,20,20,20","0.00622797012329102","infomap","edit-xhwikibooks.graphml"
"0.23","0.22","0.55","0.330018467220683","1,1,2,3,2,3,4,1,5,6,7,4,8,8,5,9,6,10,7,11,12,13,14,3,8,15,5,9,16,6,10,17,18,11,19,20,21,8,12,12,12,12,13,13,13,13,12,13,13,13,12,12,12,12,12,13,13,13,13,12,14,12,12,1,5,12,12,12,12,12,13,12,15,15,12,12,12,12,12,12,12,5,9,9,9,16,12,12,12,12,6,10,17,12,12,12,9,12,12,12,12,12,12,12,12,12,12,18,18,12,12,12,12,20,19,20,20,19,19,19,19,21,21,21,21,21,21,21,21","0.00821399688720703","infomap","edit-xhwikibooks.graphml"
"0.22","0.23","0.55","0.322771437402726","1,1,2,2,2,3,4,3,5,6,4,7,8,5,9,10,6,11,12,7,13,14,15,13,9,8,8,10,16,6,11,17,18,13,12,19,20,8,13,13,13,13,14,14,14,14,13,14,14,14,13,13,13,13,13,14,14,14,14,13,15,13,13,13,9,13,13,13,13,13,14,13,8,8,13,13,13,13,13,13,13,9,10,10,10,16,13,13,13,13,6,11,17,13,13,13,10,13,13,13,13,13,13,13,13,13,13,18,18,13,13,13,13,19,12,19,12,19,19,12,12,20,20,20,20,20,20,20,20","0.00634002685546875","infomap","edit-xhwikibooks.graphml"
"0.21","0.24","0.55","0.332275283920327","1,2,1,3,4,3,4,2,3,5,6,7,8,9,10,11,5,12,6,7,13,14,15,8,9,16,10,11,17,5,12,18,19,7,20,21,22,10,13,13,13,13,14,14,14,14,13,14,14,14,13,13,13,13,13,14,14,14,14,13,15,13,13,8,9,13,13,13,13,13,14,13,16,9,13,13,13,13,13,13,13,9,11,11,11,17,13,13,13,13,5,12,18,13,13,13,11,13,13,13,13,13,13,13,13,13,13,19,19,13,13,13,13,20,21,20,20,21,21,20,21,22,22,22,22,22,22,22,22","0.0100679397583008","infomap","edit-xhwikibooks.graphml"
"0.2","0.25","0.55","0.323502028104803","1,2,1,3,4,3,4,5,3,6,4,7,8,5,9,10,6,11,12,7,2,13,14,8,3,15,9,10,16,6,11,17,18,2,19,12,20,5,2,2,2,2,13,13,13,13,2,13,13,13,2,2,2,2,2,13,13,13,13,2,14,2,2,8,3,2,2,2,2,2,13,2,15,3,2,2,2,2,2,2,2,15,10,10,10,16,2,2,2,2,6,11,17,2,2,2,10,2,2,2,2,2,2,2,2,2,2,18,18,2,2,2,2,12,12,12,19,12,12,19,19,20,20,20,20,20,20,20,20","0.00815105438232422","infomap","edit-xhwikibooks.graphml"
"0.19","0.26","0.55","-0.0996290390998007","1,2,1,1,3,4,3,5,6,7,8,3,5,6,9,4,7,10,8,2,11,12,13,2,6,9,4,14,15,7,10,16,17,2,18,19,20,9,2,2,2,2,12,12,12,12,2,12,12,12,2,2,2,11,2,12,12,12,12,2,13,2,2,5,4,2,2,2,2,2,12,2,4,6,2,2,2,2,2,2,2,6,14,14,14,15,2,2,2,2,7,10,16,2,2,2,4,2,2,2,2,2,2,2,2,2,2,17,17,2,2,11,2,19,18,19,18,19,18,19,18,20,20,20,20,20,20,20,20","0.00645589828491211","infomap","edit-xhwikibooks.graphml"
"0.18","0.27","0.55","0.333581566675385","1,2,1,1,3,4,3,5,4,6,3,7,5,8,9,4,6,10,11,7,12,2,13,4,9,14,8,15,16,6,10,17,18,7,11,19,20,8,12,12,12,12,2,2,2,2,12,2,2,2,12,12,12,12,12,2,2,2,2,12,13,12,12,4,9,12,12,12,12,12,2,12,14,14,12,12,12,12,12,12,12,9,15,15,15,16,12,12,12,12,6,10,17,12,12,12,4,12,12,12,12,12,12,12,12,12,12,18,18,7,12,12,12,19,19,19,11,19,19,11,19,20,20,20,20,20,20,20,20","0.00809311866760254","infomap","edit-xhwikibooks.graphml"
"0.17","0.28","0.55","0.334750949335711","1,1,2,2,2,3,4,5,3,6,4,7,8,9,5,3,6,10,11,7,12,13,14,8,9,15,5,16,17,6,10,18,19,7,11,20,21,9,12,12,12,12,13,13,13,13,12,13,13,13,12,12,12,12,12,13,13,13,13,12,14,12,12,8,5,12,12,12,12,12,13,12,5,15,12,12,12,12,12,12,12,9,16,16,16,17,12,12,12,12,6,10,18,12,12,12,3,12,12,12,12,12,12,12,12,12,12,19,19,12,12,12,12,20,11,11,20,20,20,11,20,21,21,21,21,21,21,21,21","0.0083310604095459","infomap","edit-xhwikibooks.graphml"
"0.16","0.29","0.55","0.323570693397327","1,2,1,1,1,3,4,5,3,6,7,4,5,8,9,10,6,11,7,12,2,13,14,3,8,15,5,10,16,6,11,17,18,12,9,19,20,8,2,2,2,2,13,13,13,13,2,13,13,13,2,2,2,2,2,13,13,13,13,2,14,2,2,5,8,2,2,2,2,2,13,2,15,15,2,2,2,2,2,2,2,5,10,10,10,16,2,2,2,2,6,11,17,2,2,2,10,2,2,2,2,2,2,2,2,2,2,18,18,2,2,2,2,19,9,19,19,19,19,19,9,20,20,20,20,20,20,20,20","0.0120129585266113","infomap","edit-xhwikibooks.graphml"
"0.15","0.3","0.55","0.334393775922289","1,1,2,2,2,1,3,4,5,6,3,7,8,5,4,9,6,10,11,7,12,13,14,4,5,8,4,9,15,6,10,16,17,7,18,11,19,5,12,12,12,12,13,13,13,13,12,13,13,13,12,12,12,12,12,13,13,13,13,12,14,12,12,4,8,12,12,12,12,12,13,12,8,8,12,12,12,12,12,12,12,5,9,9,9,15,12,12,12,12,6,10,16,12,12,12,20,12,12,12,12,12,12,12,12,12,12,17,17,12,12,12,12,18,18,11,11,18,11,18,18,19,19,19,19,19,19,19,19","0.00620198249816895","infomap","edit-xhwikibooks.graphml"
"0.14","0.31","0.55","0.32504715816953","1,2,1,1,3,4,3,4,5,6,7,3,8,5,9,10,6,11,7,3,2,12,13,8,14,14,9,10,15,6,11,16,17,2,18,19,20,5,2,2,2,2,12,12,12,12,2,12,12,12,2,2,2,2,2,12,12,12,12,2,13,2,2,8,14,2,2,2,2,2,12,2,14,9,2,2,2,2,2,2,2,14,10,10,10,15,2,2,2,2,6,11,16,2,2,2,10,2,2,2,2,2,2,2,2,2,2,17,17,2,2,2,2,18,18,19,19,19,19,18,18,20,20,20,20,20,20,20,20","0.00634288787841797","infomap","edit-xhwikibooks.graphml"
"0.13","0.32","0.55","0.326702433898406","1,2,1,3,4,3,4,2,5,6,7,4,8,5,9,10,6,11,7,12,12,13,14,8,15,16,9,10,17,6,11,18,19,12,20,15,21,15,12,12,12,12,13,13,13,13,12,13,13,13,12,12,12,12,12,13,13,13,13,12,14,12,12,2,9,12,12,12,12,12,13,12,15,16,12,12,12,12,12,12,12,16,10,10,10,17,12,12,12,12,6,11,18,12,12,12,10,12,12,12,12,12,12,12,12,12,12,19,19,12,12,12,12,15,15,20,20,15,20,20,15,21,21,21,21,21,21,21,21","0.00652313232421875","infomap","edit-xhwikibooks.graphml"
"0.12","0.33","0.55","0.319457765259584","1,2,1,2,1,1,3,4,4,5,3,6,7,4,7,1,5,8,9,6,10,2,11,4,4,12,7,13,14,5,8,15,16,6,17,9,18,4,10,10,10,10,2,2,2,2,10,2,2,2,10,10,10,10,10,2,2,2,2,10,11,10,10,4,4,10,10,10,10,10,2,10,12,12,10,10,10,10,10,10,10,4,13,13,13,14,10,10,10,10,5,8,15,10,10,10,19,10,10,10,10,10,10,10,10,10,10,16,16,10,10,10,10,7,9,7,17,9,7,7,7,18,18,18,18,18,18,18,18","0.00822615623474121","infomap","edit-xhwikibooks.graphml"
"0.11","0.34","0.55","0.349349837546389","1,2,1,1,1,3,4,5,3,6,7,4,5,8,9,3,6,10,7,11,12,2,13,8,9,14,9,15,16,6,10,17,18,11,19,20,21,9,12,12,12,12,2,2,2,2,12,2,2,2,12,12,12,12,12,2,2,2,2,12,13,12,12,8,14,12,12,12,12,12,2,12,9,14,12,12,12,12,12,12,12,9,15,15,15,16,12,12,12,12,6,10,17,12,12,12,3,12,12,12,12,12,12,12,12,12,12,18,18,12,12,12,12,19,19,19,19,20,20,20,19,21,21,21,21,21,21,21,21","0.00806188583374023","infomap","edit-xhwikibooks.graphml"
"0.1","0.35","0.55","0.345563175281199","1,1,2,2,3,4,3,4,4,5,6,7,8,9,10,4,5,11,6,7,12,13,14,8,9,15,10,16,17,5,11,18,19,7,20,21,22,10,12,12,12,12,13,13,13,13,12,13,13,13,12,12,12,12,12,13,13,13,13,12,14,12,12,8,9,12,12,12,12,12,13,12,15,10,12,12,12,12,12,12,12,9,16,16,16,17,12,12,12,12,5,11,18,12,12,12,4,12,12,12,12,12,12,12,12,12,12,19,19,12,12,12,12,21,20,20,20,20,20,20,20,22,22,22,22,22,22,22,22","0.00620102882385254","infomap","edit-xhwikibooks.graphml"
"0.09","0.36","0.55","0.351162368024832","1,2,1,1,3,4,3,5,4,6,7,8,5,9,10,11,6,12,7,8,13,2,14,5,4,9,9,11,15,6,12,16,17,8,18,10,19,10,13,13,13,13,2,2,2,2,13,2,2,2,13,13,13,13,13,2,2,2,2,13,14,13,13,5,4,13,13,13,13,13,2,13,4,4,13,13,13,13,13,13,13,9,11,11,11,15,13,13,13,13,6,12,16,13,13,13,11,13,13,13,13,13,13,13,13,13,13,17,17,13,13,13,13,10,18,18,18,18,18,18,10,19,19,19,19,19,19,19,19","0.00846195220947266","infomap","edit-xhwikibooks.graphml"
"0.08","0.37","0.55","0.370378965545095","1,2,1,3,1,3,4,5,5,6,7,4,8,5,9,10,6,11,7,12,13,2,14,8,9,15,8,10,16,6,11,17,18,12,19,19,20,9,13,13,13,13,2,2,2,2,13,2,2,2,13,13,13,13,13,2,2,2,2,13,14,13,13,8,15,13,13,13,13,13,2,13,9,15,13,13,13,13,13,13,13,9,10,10,10,16,13,13,13,13,6,11,17,13,13,13,10,13,13,13,13,13,13,13,13,13,13,18,18,12,13,13,13,19,19,19,19,19,19,19,19,20,20,20,20,20,20,20,20","0.00678300857543945","infomap","edit-xhwikibooks.graphml"
"0.07","0.38","0.55","0.334079555679154","1,2,1,3,4,5,4,3,5,6,7,4,3,5,8,9,6,10,7,11,2,12,13,3,14,14,8,9,15,6,10,16,17,11,18,19,20,5,2,2,2,2,12,12,12,12,2,12,12,12,2,2,2,2,2,12,12,12,12,2,13,2,2,3,14,2,2,2,2,2,12,2,14,14,2,2,2,2,2,2,2,14,9,9,9,15,2,2,2,2,6,10,16,2,2,2,21,2,2,2,2,2,2,2,2,2,2,17,17,2,2,2,2,19,19,18,19,18,19,18,19,20,20,20,20,20,20,20,20","0.0480940341949463","infomap","edit-xhwikibooks.graphml"
"0.06","0.39","0.55","0.347563416567578","1,2,1,2,1,3,4,5,3,6,4,7,5,8,5,3,6,9,10,7,11,2,12,8,8,13,5,14,15,6,9,16,17,11,10,18,19,8,11,11,11,11,2,2,2,2,11,2,2,2,11,11,11,11,11,2,2,2,2,11,12,11,11,5,5,11,11,11,11,11,2,11,13,5,11,11,11,11,11,11,11,13,14,14,14,15,11,11,11,11,6,9,16,11,11,11,3,11,11,11,11,11,11,11,11,11,11,17,17,11,11,11,11,10,10,18,18,18,18,10,10,19,19,19,19,19,19,19,19","0.00702118873596191","infomap","edit-xhwikibooks.graphml"
"0.05","0.4","0.55","0.352342697900008","1,2,1,3,1,3,4,5,3,6,7,4,5,8,9,3,6,10,7,11,12,2,13,8,9,14,9,15,16,6,10,17,18,11,19,20,21,8,12,12,12,12,2,2,2,2,12,2,2,2,12,12,12,12,12,2,2,2,2,12,13,12,12,5,9,12,12,12,12,12,2,12,9,14,12,12,12,12,12,12,12,9,15,15,15,16,12,12,12,12,6,10,17,12,12,12,3,12,12,12,12,12,12,12,12,12,12,18,18,12,12,12,12,19,19,19,19,19,19,19,20,21,21,21,21,21,21,21,21","0.0105130672454834","infomap","edit-xhwikibooks.graphml"
"0.04","0.41","0.55","0.340616124828762","1,1,2,3,2,3,4,5,6,7,4,8,5,9,6,3,7,10,4,8,11,12,13,3,6,9,3,14,15,7,10,16,17,11,18,19,20,6,11,11,11,11,12,12,12,12,11,12,12,12,11,11,11,11,11,12,12,12,12,11,13,11,11,5,9,11,11,11,11,11,12,11,9,9,11,11,11,11,11,11,11,9,14,14,14,15,11,11,11,11,7,10,16,11,11,11,3,11,11,11,11,11,11,11,11,11,11,17,17,11,11,11,11,18,19,18,18,18,18,18,18,20,20,20,20,20,20,20,20","0.00652194023132324","infomap","edit-xhwikibooks.graphml"
"0.03","0.42","0.55","0.333337171322147","1,1,2,1,2,3,4,3,5,6,7,4,1,5,8,9,6,10,7,11,12,13,14,1,3,8,5,9,15,6,10,16,17,11,18,19,20,5,12,12,12,12,13,13,13,13,12,13,13,13,12,12,12,12,12,13,13,13,13,12,14,12,12,1,8,12,12,12,12,12,13,12,5,5,12,12,12,12,12,12,12,5,9,9,9,15,12,12,12,12,6,10,16,12,12,12,9,12,12,12,12,12,12,12,12,12,12,17,17,11,12,12,12,19,19,18,18,18,19,18,19,20,20,20,20,20,20,20,20","0.010429859161377","infomap","edit-xhwikibooks.graphml"
"0.02","0.43","0.55","0.332170330594225","1,1,2,2,3,4,3,4,2,5,6,7,4,8,9,4,5,10,6,7,7,11,12,8,13,13,8,14,15,5,10,16,17,7,18,19,20,9,7,7,7,7,11,11,11,11,7,11,11,11,7,7,7,7,7,11,11,11,11,7,12,7,7,8,13,7,7,7,7,7,11,7,8,13,7,7,7,7,7,7,7,8,14,14,14,15,7,7,7,7,5,10,16,7,7,7,4,7,7,7,7,7,7,7,7,7,7,17,17,7,7,7,7,19,19,19,19,18,18,18,19,20,20,20,20,20,20,20,20","0.0123748779296875","infomap","edit-xhwikibooks.graphml"
"0.01","0.44","0.55","0.340178251910032","1,1,2,3,2,3,4,5,3,6,4,7,5,5,8,9,6,10,11,7,12,13,14,1,8,15,15,9,16,6,10,17,18,7,19,11,20,5,12,12,12,12,13,13,13,13,12,13,13,13,12,12,12,12,12,13,13,13,13,12,14,12,12,1,15,12,12,12,12,12,13,12,15,8,12,12,12,12,12,12,12,15,9,9,9,16,12,12,12,12,6,10,17,12,12,12,9,12,12,12,12,12,12,12,12,12,12,18,18,12,12,12,12,11,11,11,19,19,19,11,11,20,20,20,20,20,20,20,20","0.00845980644226074","infomap","edit-xhwikibooks.graphml"
"0","0.45","0.55","0.341764895826236","1,2,1,1,1,1,3,2,4,5,3,3,6,7,4,1,5,8,9,10,11,12,13,6,7,14,14,15,16,5,8,17,18,10,4,9,19,7,11,11,11,11,12,12,12,12,11,12,12,12,11,11,11,11,11,12,12,12,12,11,13,11,11,6,7,11,11,11,11,11,12,11,7,14,11,11,11,11,11,11,11,14,15,15,15,16,11,11,11,11,5,8,17,11,11,11,20,11,11,11,11,11,11,11,11,11,11,18,18,11,11,11,11,4,9,9,9,9,4,9,9,19,19,19,19,19,19,19,19","0.00642704963684082","infomap","edit-xhwikibooks.graphml"
"0.44","0","0.56","0.305459619876184","1,2,1,3,4,5,4,3,6,5,7,8,3,6,9,10,5,7,11,8,2,12,13,14,15,16,17,18,19,20,21,22,23,24,25,11,26,9,2,2,2,2,12,12,12,12,2,12,12,12,2,2,2,2,2,12,12,12,12,2,13,2,2,14,15,2,2,2,2,2,12,2,15,16,2,2,2,2,2,2,2,17,18,18,18,19,2,2,2,2,20,21,22,2,2,2,10,2,2,2,2,2,2,2,2,2,2,23,23,24,2,2,2,11,11,25,25,11,25,11,11,26,26,26,26,26,26,26,26","0.00654697418212891","infomap","edit-xhwikibooks.graphml"
"0.43","0.01","0.56","0.314271097758937","1,2,1,1,3,4,3,5,4,6,7,8,9,5,10,11,6,7,12,8,2,13,14,15,16,10,9,11,17,18,19,20,21,22,12,23,24,10,2,2,2,2,13,13,13,13,2,13,13,13,2,2,2,2,2,13,13,13,13,2,14,2,2,15,16,2,2,2,2,2,13,2,16,9,2,2,2,2,2,2,2,9,11,11,11,17,2,2,2,2,18,19,20,2,2,2,11,2,2,2,2,2,2,2,2,2,2,21,21,22,2,2,2,23,23,12,12,12,12,23,12,24,24,24,24,24,24,24,24","0.00683784484863281","infomap","edit-xhwikibooks.graphml"
"0.42","0.02","0.56","0.318284795079976","1,2,1,3,4,3,4,3,5,6,7,4,8,5,9,10,6,7,7,11,12,2,13,8,14,15,16,17,18,19,20,21,11,22,23,24,25,9,12,12,12,12,2,2,2,2,12,2,2,2,12,12,12,12,12,2,2,2,2,12,13,12,12,3,14,12,12,12,12,12,2,12,15,14,12,12,12,12,12,12,12,16,17,17,17,18,12,12,12,12,19,20,21,12,12,12,10,12,12,12,12,12,12,12,12,12,12,11,11,22,12,12,12,23,23,24,23,23,23,24,23,25,25,25,25,25,25,25,25","0.00855708122253418","infomap","edit-xhwikibooks.graphml"
"0.41","0.03","0.56","0.319061646441901","1,1,1,2,3,2,3,4,5,6,7,3,4,8,5,9,6,7,10,11,12,13,14,15,16,8,17,18,19,20,21,22,11,23,10,24,25,5,12,12,12,12,13,13,13,13,12,13,13,13,12,12,12,12,12,13,13,13,13,12,14,12,12,15,16,12,12,12,12,12,13,12,16,8,12,12,12,12,12,12,12,17,18,9,9,19,12,12,12,12,20,21,22,12,12,12,9,12,12,12,12,12,12,12,12,12,12,11,11,23,12,12,12,10,10,24,10,10,10,24,10,25,25,25,25,25,25,25,25","0.00651693344116211","infomap","edit-xhwikibooks.graphml"
"0.4","0.04","0.56","0.317189194084777","1,2,1,3,4,3,4,5,6,7,8,9,5,6,10,11,7,8,8,9,12,13,14,2,15,6,16,17,18,19,20,21,9,22,23,24,10,6,12,12,12,12,13,13,13,13,12,13,13,13,12,12,12,12,12,13,13,13,13,12,14,12,12,2,15,12,12,12,12,12,13,12,6,16,12,12,12,12,12,12,12,16,17,17,17,18,12,12,12,12,19,20,21,12,12,12,11,12,12,12,12,12,12,12,12,12,12,9,9,22,12,12,12,23,24,24,24,24,23,24,23,10,10,10,10,10,10,10,10","0.00657320022583008","infomap","edit-xhwikibooks.graphml"
"0.39","0.05","0.56","0.313986070713705","1,1,2,3,2,3,4,5,3,6,4,7,8,9,5,10,6,4,4,7,11,12,13,9,8,14,15,16,17,18,19,20,21,22,23,24,25,9,11,11,11,11,12,12,12,12,11,12,12,12,11,11,11,11,11,12,12,12,12,11,13,11,11,9,8,11,11,11,11,11,12,11,14,15,11,11,11,11,11,11,11,15,16,16,16,17,11,11,11,11,18,19,20,11,11,11,10,11,11,11,11,11,11,11,11,11,11,21,21,22,11,11,11,23,24,23,23,23,23,24,23,25,25,25,25,25,25,25,25","0.00651693344116211","infomap","edit-xhwikibooks.graphml"
"0.38","0.06","0.56","0.324688288400993","1,1,2,3,2,3,4,5,3,6,7,4,8,5,9,10,6,7,11,12,13,14,15,8,16,17,18,10,19,20,21,22,12,12,23,11,9,9,13,13,13,13,14,14,14,14,13,14,14,14,13,13,13,13,13,14,14,14,14,13,15,13,13,8,16,13,13,13,13,13,14,13,18,17,13,13,13,13,13,13,13,18,10,10,10,19,13,13,13,13,20,21,22,13,13,13,10,13,13,13,13,13,13,13,13,13,13,12,12,13,13,13,13,23,23,23,23,11,11,11,11,9,9,9,9,9,9,9,9","0.00665712356567383","infomap","edit-xhwikibooks.graphml"
"0.37","0.07","0.56","0.316347104743266","1,1,2,2,3,4,3,5,4,6,7,3,5,8,5,4,6,7,9,10,11,12,13,14,8,15,16,17,18,19,20,21,22,10,9,23,24,5,11,11,11,11,12,12,12,12,11,12,12,12,11,11,11,11,11,12,12,12,12,11,13,11,11,14,15,11,11,11,11,11,12,11,15,8,11,11,11,11,11,11,11,16,17,17,17,18,11,11,11,11,19,20,21,11,11,11,4,11,11,11,11,11,11,11,11,11,11,22,22,10,11,11,11,23,23,23,23,23,9,23,23,24,24,24,24,24,24,24,24","0.00654101371765137","infomap","edit-xhwikibooks.graphml"
"0.36","0.08","0.56","0.298159021438536","1,2,1,1,3,4,3,2,4,4,5,3,6,7,8,9,4,5,5,10,11,12,13,6,14,7,15,16,17,18,19,20,10,21,22,23,24,8,11,11,11,11,12,12,12,12,11,12,12,12,11,11,11,11,11,12,12,12,12,11,13,11,11,2,14,11,11,11,11,11,12,11,14,7,11,11,11,11,11,11,11,15,16,16,16,17,11,11,11,11,18,19,20,11,11,11,9,11,11,11,11,11,11,11,11,11,11,10,10,21,11,11,11,22,23,22,22,23,22,23,23,8,8,8,8,8,24,8,8","0.00681686401367188","infomap","edit-xhwikibooks.graphml"
"0.35","0.09","0.56","0.318396152987998","1,2,1,3,4,3,4,2,5,6,7,4,8,9,5,10,6,7,11,12,13,14,15,9,8,16,17,10,18,19,20,21,12,22,11,23,24,24,13,13,13,13,14,14,14,14,13,14,14,14,13,13,13,13,13,14,14,14,14,13,15,13,13,9,8,13,13,13,13,13,14,13,16,16,13,13,13,13,13,13,13,17,10,10,10,18,13,13,13,13,19,20,21,13,13,13,10,13,13,13,13,13,13,13,13,13,13,12,12,22,13,13,13,11,23,11,23,11,23,23,11,24,24,24,24,24,24,24,24","0.00864887237548828","infomap","edit-xhwikibooks.graphml"
"0.34","0.1","0.56","0.317753708729199","1,2,1,1,3,4,3,5,4,6,7,8,9,5,10,11,6,7,7,8,12,2,13,9,14,15,16,17,18,19,20,21,22,23,24,25,26,10,12,12,12,12,2,2,2,2,12,2,2,2,12,12,12,12,12,2,2,2,2,12,13,12,12,5,14,12,12,12,12,12,2,12,15,14,12,12,12,12,12,12,12,16,17,17,17,18,12,12,12,12,19,20,21,12,12,12,11,12,12,12,12,12,12,12,12,12,12,22,22,23,12,12,12,25,24,25,24,24,24,24,24,26,26,26,26,26,26,26,26","0.00655698776245117","infomap","edit-xhwikibooks.graphml"
"0.33","0.11","0.56","0.313381647003335","1,1,2,2,3,4,3,4,5,1,6,7,8,9,5,10,1,6,6,7,11,12,13,9,14,8,15,16,17,18,19,20,21,22,23,24,25,9,11,11,11,11,12,12,12,12,11,12,12,12,11,11,11,11,11,12,12,12,12,11,13,11,11,4,14,11,11,11,11,11,12,11,15,8,11,11,11,11,11,11,11,15,16,16,16,17,11,11,11,11,18,19,20,11,11,11,10,11,11,11,11,11,11,11,11,11,11,21,21,22,11,11,11,24,23,23,23,24,24,24,23,25,25,25,25,25,25,25,25","0.00646710395812988","infomap","edit-xhwikibooks.graphml"
"0.32","0.12","0.56","0.322664468060145","1,1,2,2,2,3,4,5,3,6,4,7,5,8,9,3,6,4,10,7,11,12,13,14,8,15,9,16,17,18,19,20,21,22,23,10,24,9,11,11,11,11,12,12,12,12,11,12,12,12,11,11,11,11,11,12,12,12,12,11,13,11,11,14,9,11,11,11,11,11,12,11,15,9,11,11,11,11,11,11,11,9,16,16,16,17,11,11,11,11,18,19,20,11,11,11,3,11,11,11,11,11,11,11,11,11,11,21,21,22,11,11,11,23,10,10,23,23,23,23,23,24,24,24,24,24,24,24,24","0.00647306442260742","infomap","edit-xhwikibooks.graphml"
"0.31","0.13","0.56","0.318049469387755","1,1,2,2,2,3,4,3,5,6,4,7,5,5,8,3,6,9,4,7,10,11,12,8,3,8,5,13,14,6,9,15,16,10,17,18,19,5,10,10,10,10,11,11,11,11,10,11,11,11,10,10,10,10,10,11,11,11,11,10,12,10,10,8,5,10,10,10,10,10,11,10,3,5,10,10,10,10,10,10,10,8,13,13,13,14,10,10,10,10,6,9,15,10,10,10,3,10,10,10,10,10,10,10,10,10,10,16,16,10,10,10,10,18,18,18,17,17,17,17,18,19,19,19,19,19,19,19,19","0.0067439079284668","infomap","edit-xhwikibooks.graphml"
"0.3","0.14","0.56","0.325196897959184","1,1,2,3,2,3,4,3,5,6,4,4,7,8,5,9,6,10,11,12,13,14,15,7,5,16,8,9,17,6,10,18,19,12,20,11,21,5,13,13,13,13,14,14,14,14,13,14,14,14,13,13,13,13,13,14,14,14,14,13,15,13,13,7,16,13,13,13,13,13,14,13,16,8,13,13,13,13,13,13,13,5,9,9,9,17,13,13,13,13,6,10,18,13,13,13,9,13,13,13,13,13,13,13,13,13,13,19,19,13,13,13,13,20,20,20,11,11,20,20,20,21,21,21,21,21,21,21,21","0.00871396064758301","infomap","edit-xhwikibooks.graphml"
"0.29","0.15","0.56","0.314602784448382","1,2,1,3,4,3,4,3,5,6,7,8,2,5,9,10,6,11,7,8,12,13,14,2,15,15,9,10,16,6,11,17,18,12,19,20,21,19,12,12,12,12,13,13,13,13,12,13,13,13,12,12,12,12,12,13,13,13,13,12,14,12,12,3,9,12,12,12,12,12,13,12,9,15,12,12,12,12,12,12,12,9,10,10,10,16,12,12,12,12,6,11,17,12,12,12,10,12,12,12,12,12,12,12,12,12,12,18,18,12,12,12,12,19,20,20,20,20,20,20,19,21,21,21,21,21,21,21,21","0.00653600692749023","infomap","edit-xhwikibooks.graphml"
"0.28","0.16","0.56","0.322985852387562","1,1,2,2,3,4,3,4,4,5,6,3,7,8,9,10,5,11,6,12,13,14,15,7,8,16,9,10,17,5,11,18,19,12,20,21,22,9,13,13,13,13,14,14,14,14,13,14,14,14,13,13,13,13,13,14,14,14,14,13,15,13,13,4,8,13,13,13,13,13,14,13,16,16,13,13,13,13,13,13,13,9,10,10,10,17,13,13,13,13,5,11,18,13,13,13,10,13,13,13,13,13,13,13,13,13,13,19,19,13,13,13,13,20,21,21,20,21,20,21,21,22,22,22,22,22,22,22,22","0.00632405281066895","infomap","edit-xhwikibooks.graphml"
"0.27","0.17","0.56","0.316470766029649","1,1,2,2,3,4,3,5,4,6,7,8,9,5,10,4,6,11,7,8,12,13,14,9,4,15,9,16,17,6,11,18,19,12,20,21,22,10,12,12,12,12,13,13,13,13,12,13,13,13,12,12,12,12,12,13,13,13,13,12,14,12,12,9,4,12,12,12,12,12,13,12,10,15,12,12,12,12,12,12,12,15,16,16,16,17,12,12,12,12,6,11,18,12,12,12,4,12,12,12,12,12,12,12,12,12,12,19,19,12,12,12,12,20,21,21,20,20,21,21,20,22,22,22,22,22,22,22,22","0.00683999061584473","infomap","edit-xhwikibooks.graphml"
"0.26","0.18","0.56","0.325929063257248","1,2,1,3,1,3,4,5,3,6,4,7,2,5,8,3,6,9,4,7,10,11,12,2,8,13,5,14,15,6,9,16,17,7,18,19,20,5,10,10,10,10,11,11,11,11,10,11,11,11,10,10,10,10,10,11,11,11,11,10,12,10,10,5,8,10,10,10,10,10,11,10,13,8,10,10,10,10,10,10,10,8,14,14,14,15,10,10,10,10,6,9,16,10,10,10,3,10,10,10,10,10,10,10,10,10,10,17,17,10,10,10,10,18,18,18,19,18,19,18,19,20,20,20,20,20,20,20,20","0.0067138671875","infomap","edit-xhwikibooks.graphml"
"0.25","0.19","0.56","0.322946444970585","1,2,1,1,3,4,3,5,4,6,7,3,8,5,9,10,6,11,7,12,13,2,14,8,9,15,15,10,16,6,11,17,18,12,19,20,21,5,13,13,13,13,2,2,2,2,13,2,2,2,13,13,13,13,13,2,2,2,2,13,14,13,13,8,9,13,13,13,13,13,2,13,15,15,13,13,13,13,13,13,13,9,10,10,10,16,13,13,13,13,6,11,17,13,13,13,10,13,13,13,13,13,13,13,13,13,13,18,18,13,13,13,13,19,20,20,20,20,19,20,19,21,21,21,21,21,21,21,21","0.00671005249023438","infomap","edit-xhwikibooks.graphml"
"0.24","0.2","0.56","0.315641057877929","1,2,1,3,1,3,4,2,3,5,4,6,2,7,8,3,5,9,10,6,11,12,13,7,8,14,7,15,16,5,9,17,18,6,19,10,20,8,11,11,11,11,12,12,12,12,11,12,12,12,11,11,11,11,11,12,12,12,12,11,13,11,11,7,14,11,11,11,11,11,12,11,8,14,11,11,11,11,11,11,11,7,15,15,15,16,11,11,11,11,5,9,17,11,11,11,3,11,11,11,11,11,11,11,11,11,11,18,18,11,11,11,11,10,8,8,10,8,8,19,10,20,20,20,20,20,20,20,20","0.0105581283569336","infomap","edit-xhwikibooks.graphml"
"0.23","0.21","0.56","0.284964165805785","1,1,2,2,3,4,3,5,4,6,3,7,8,9,5,10,6,11,12,7,13,14,15,8,16,16,9,10,17,6,11,18,19,7,12,20,21,9,13,13,13,13,1,1,1,1,13,14,1,14,13,13,13,13,13,1,1,1,1,13,15,13,13,5,9,13,13,13,13,13,1,13,16,16,13,13,13,13,13,13,13,16,10,10,10,17,13,13,13,13,6,11,18,13,13,13,10,13,13,13,13,13,13,13,13,13,13,19,19,13,13,13,13,20,12,12,12,20,20,12,20,21,21,21,21,21,21,21,21","0.0123169422149658","infomap","edit-xhwikibooks.graphml"
"0.22","0.22","0.56","0.323949993543388","1,2,1,1,1,3,4,2,3,5,4,6,7,8,9,3,5,10,11,6,12,13,14,7,8,15,9,16,17,5,10,18,19,6,9,11,20,8,12,12,12,12,13,13,13,13,12,13,13,13,12,12,12,12,12,13,13,13,13,12,14,12,12,7,8,12,12,12,12,12,13,12,15,8,12,12,12,12,12,12,12,8,16,16,16,17,12,12,12,12,5,10,18,12,12,12,3,12,12,12,12,12,12,12,12,12,12,19,19,12,12,12,12,11,11,11,11,9,9,9,9,20,20,20,20,20,20,20,20","0.0125889778137207","infomap","edit-xhwikibooks.graphml"
"0.21","0.23","0.56","0.32426743848227","1,2,1,3,4,3,4,2,5,6,7,4,8,5,9,10,6,11,7,12,13,14,15,8,9,16,5,10,17,6,11,18,19,12,20,21,22,5,13,13,13,13,14,14,14,14,13,14,14,14,13,13,13,13,13,14,14,14,14,13,15,13,13,2,9,13,13,13,13,13,14,13,16,5,13,13,13,13,13,13,13,9,10,10,10,17,13,13,13,13,6,11,18,13,13,13,10,13,13,13,13,13,13,13,13,13,13,19,19,13,13,13,13,20,20,21,21,20,20,20,20,22,22,22,22,22,22,22,22","0.0103960037231445","infomap","edit-xhwikibooks.graphml"
"0.2","0.24","0.56","0.327165635717628","1,1,2,2,2,3,4,5,3,6,4,7,8,5,9,10,6,11,12,7,13,14,15,8,9,16,16,10,17,6,11,18,19,7,12,20,21,5,13,13,13,13,14,14,14,14,13,14,14,14,13,13,13,13,13,14,14,14,14,13,15,13,13,5,16,13,13,13,13,13,14,13,16,9,13,13,13,13,13,13,13,16,10,10,10,17,13,13,13,13,6,11,18,13,13,13,10,13,13,13,13,13,13,13,13,13,13,19,19,13,13,13,13,12,12,20,12,20,20,20,12,21,21,21,21,21,21,21,21","0.0090179443359375","infomap","edit-xhwikibooks.graphml"
"0.19","0.25","0.56","0.325472156906804","1,1,2,2,1,3,4,5,6,7,4,8,5,3,6,3,7,9,10,8,11,12,13,5,3,14,5,15,16,7,9,17,18,11,10,19,20,6,11,11,11,11,12,12,12,12,11,12,12,12,11,11,11,11,11,12,12,12,12,11,13,11,11,5,14,11,11,11,11,11,12,11,14,3,11,11,11,11,11,11,11,5,15,15,15,16,11,11,11,11,7,9,17,11,11,11,21,11,11,11,11,11,11,11,11,11,11,18,18,11,11,11,11,19,19,10,10,19,10,19,19,20,20,20,20,20,20,20,20","0.00969099998474121","infomap","edit-xhwikibooks.graphml"
"0.18","0.26","0.56","0.324737699524112","1,1,2,2,3,4,3,5,5,6,7,3,8,5,9,4,6,10,7,3,11,12,13,8,4,4,4,14,15,6,10,16,17,11,9,18,19,5,11,11,11,11,12,12,12,12,11,12,12,12,11,11,11,11,11,12,12,12,12,11,13,11,11,5,4,11,11,11,11,11,12,11,4,4,11,11,11,11,11,11,11,4,14,14,14,15,11,11,11,11,6,10,16,11,11,11,4,11,11,11,11,11,11,11,11,11,11,17,17,11,11,11,11,18,18,18,18,9,18,9,18,19,19,19,19,19,19,19,19","0.00834393501281738","infomap","edit-xhwikibooks.graphml"
"0.17","0.27","0.56","0.324722291327272","1,1,2,2,3,4,3,4,5,6,7,8,9,5,10,11,6,12,7,8,13,14,15,9,4,16,10,11,17,6,12,18,19,13,20,21,22,10,13,13,13,13,14,14,14,14,13,14,14,14,13,13,13,13,13,14,14,14,14,13,15,13,13,4,10,13,13,13,13,13,14,13,16,16,13,13,13,13,13,13,13,10,11,11,11,17,13,13,13,13,6,12,18,13,13,13,11,13,13,13,13,13,13,13,13,13,13,19,19,13,13,13,13,20,20,20,21,21,20,20,20,22,22,22,22,22,22,22,22","0.00645804405212402","infomap","edit-xhwikibooks.graphml"
"0.16","0.28","0.56","0.328763936646535","1,1,2,3,2,3,4,5,3,6,4,7,8,5,9,3,6,10,4,7,11,12,13,8,14,14,9,15,16,6,10,17,18,7,19,20,21,9,11,11,11,11,12,12,12,12,11,12,12,12,11,11,11,11,11,12,12,12,12,11,13,11,11,5,14,11,11,11,11,11,12,11,14,14,11,11,11,11,11,11,11,14,15,15,15,16,11,11,11,11,6,10,17,11,11,11,3,11,11,11,11,11,11,11,11,11,11,18,18,11,11,11,11,20,20,20,19,20,20,19,19,21,21,21,21,21,21,21,21","0.00642299652099609","infomap","edit-xhwikibooks.graphml"
"0.15","0.29","0.56","0.326091013468884","1,2,3,1,3,1,3,4,5,6,7,8,9,5,4,1,6,10,7,8,11,2,12,9,13,13,4,14,15,6,10,16,17,11,18,19,20,5,11,11,11,11,2,2,2,2,11,2,2,2,11,11,11,11,11,2,2,2,2,11,12,11,11,9,4,11,11,11,11,11,2,11,13,13,11,11,11,11,11,11,11,4,14,14,14,15,11,11,11,11,6,10,16,11,11,11,1,11,11,11,11,11,11,11,11,11,11,17,17,11,11,11,11,19,19,19,18,18,18,18,19,20,20,20,20,20,20,20,20","0.00632905960083008","infomap","edit-xhwikibooks.graphml"
"0.14","0.3","0.56","0.331947396980433","1,1,2,2,2,3,4,3,5,6,4,4,7,8,5,3,6,9,10,11,12,13,14,7,8,15,8,16,17,6,9,18,19,11,10,20,21,8,12,12,12,12,13,13,13,13,12,13,13,13,12,12,12,12,12,13,13,13,13,12,14,12,12,7,8,12,12,12,12,12,13,12,15,15,12,12,12,12,12,12,12,8,16,16,16,17,12,12,12,12,6,9,18,12,12,12,3,12,12,12,12,12,12,12,12,12,12,19,19,12,12,12,12,20,10,10,20,20,20,20,20,21,21,21,21,21,21,21,21","0.00619292259216309","infomap","edit-xhwikibooks.graphml"
"0.13","0.31","0.56","0.328663284276669","1,1,1,2,3,2,3,4,5,6,7,8,9,5,4,10,6,11,7,8,12,13,14,9,5,15,5,10,16,6,11,17,18,12,19,20,21,4,12,12,12,12,13,13,13,13,12,13,13,13,12,12,12,12,12,13,13,13,13,12,14,12,12,4,15,12,12,12,12,12,13,12,15,15,12,12,12,12,12,12,12,5,10,10,10,16,12,12,12,12,6,11,17,12,12,12,10,12,12,12,12,12,12,12,12,12,12,18,18,12,12,12,12,20,20,19,20,19,19,20,19,21,21,21,21,21,21,21,21","0.00633597373962402","infomap","edit-xhwikibooks.graphml"
"0.12","0.32","0.56","0.3227626319115","1,2,1,2,3,4,3,2,5,6,7,3,8,9,5,4,6,10,7,11,12,13,14,8,9,15,4,16,17,6,10,18,19,11,20,21,22,5,12,12,12,12,13,13,13,13,12,13,13,13,12,12,12,12,12,13,13,13,13,12,14,12,12,8,15,12,12,12,12,12,13,12,4,15,12,12,12,12,12,12,12,9,16,16,16,17,12,12,12,12,6,10,18,12,12,12,4,12,12,12,12,12,12,12,12,12,12,19,19,11,12,12,12,20,21,20,21,20,21,21,21,22,22,22,22,22,22,22,22","0.0083918571472168","infomap","edit-xhwikibooks.graphml"
"0.11","0.33","0.56","0.336916715115694","1,2,1,2,1,3,4,5,3,6,7,4,8,8,5,3,6,9,7,4,10,2,11,8,12,12,12,13,14,6,9,15,16,4,17,18,19,8,10,10,10,10,2,2,2,2,10,2,2,2,10,10,10,10,10,2,2,2,2,10,11,10,10,5,12,10,10,10,10,10,2,10,12,12,10,10,10,10,10,10,10,12,13,13,13,14,10,10,10,10,6,9,15,10,10,10,3,10,10,10,10,10,10,10,10,10,10,16,16,10,10,10,10,18,18,18,17,17,17,18,18,19,19,19,19,19,19,19,19","0.00641202926635742","infomap","edit-xhwikibooks.graphml"
"0.1","0.34","0.56","0.348577619667703","1,2,1,2,3,4,3,4,5,6,7,8,9,4,5,10,6,11,7,8,12,2,13,9,5,14,5,10,15,6,11,16,17,12,18,19,20,5,12,12,12,12,2,2,2,2,12,2,2,2,12,12,12,12,12,2,2,2,2,12,13,12,12,4,5,12,12,12,12,12,2,12,5,14,12,12,12,12,12,12,12,5,10,10,10,15,12,12,12,12,6,11,16,12,12,12,21,12,12,12,12,12,12,12,12,12,12,17,17,12,12,12,12,18,19,19,18,18,19,19,18,20,20,20,20,20,20,20,20","0.010188102722168","infomap","edit-xhwikibooks.graphml"
"0.09","0.35","0.56","0.338608239106774","1,2,1,3,1,3,4,5,6,7,4,8,5,6,9,10,7,11,12,8,2,13,14,3,6,9,3,10,15,7,11,16,17,2,12,18,19,9,2,2,2,2,13,13,13,13,2,13,13,13,2,2,2,2,2,13,13,13,13,2,14,2,2,3,3,2,2,2,2,2,13,2,6,3,2,2,2,2,2,2,2,6,10,10,10,15,2,2,2,2,7,11,16,2,2,2,10,2,2,2,2,2,2,2,2,2,2,17,17,2,2,2,2,12,12,12,18,18,12,12,18,19,19,19,19,19,19,19,19","0.00619411468505859","infomap","edit-xhwikibooks.graphml"
"0.08","0.36","0.56","0.33917804996039","1,2,1,1,3,4,3,2,4,5,6,3,7,8,9,10,5,11,6,12,12,13,14,7,9,8,4,10,15,5,11,16,17,12,18,19,20,8,12,12,12,12,13,13,13,13,12,13,13,13,12,12,12,12,12,13,13,13,13,12,14,12,12,2,8,12,12,12,12,12,13,12,4,9,12,12,12,12,12,12,12,9,10,10,10,15,12,12,12,12,5,11,16,12,12,12,10,12,12,12,12,12,12,12,12,12,12,17,17,12,12,12,12,18,18,18,19,18,18,19,18,20,20,20,20,20,20,20,20","0.00634098052978516","infomap","edit-xhwikibooks.graphml"
"0.07","0.37","0.56","0.338188848925027","1,2,1,1,3,4,3,2,4,5,6,3,2,7,8,9,5,10,6,11,11,12,13,7,2,14,8,9,15,5,10,16,17,11,18,19,20,8,11,11,11,11,12,12,12,12,11,12,12,12,11,11,11,11,11,12,12,12,12,11,13,11,11,7,14,11,11,11,11,11,12,11,14,8,11,11,11,11,11,11,11,2,9,9,9,15,11,11,11,11,5,10,16,11,11,11,9,11,11,11,11,11,11,11,11,11,11,17,17,11,11,11,11,19,18,19,19,18,18,19,18,20,20,20,20,20,20,20,20","0.0105521678924561","infomap","edit-xhwikibooks.graphml"
"0.06","0.38","0.56","0.363522947753623","1,1,2,2,2,3,4,5,3,6,7,4,8,5,9,10,6,11,7,12,13,14,15,8,5,16,9,10,17,6,11,18,19,12,20,20,21,5,13,13,13,13,14,14,14,14,13,14,14,14,13,13,13,13,13,14,14,14,14,13,15,13,13,5,16,13,13,13,13,13,14,13,16,9,13,13,13,13,13,13,13,16,10,10,10,17,13,13,13,13,6,11,18,13,13,13,10,13,13,13,13,13,13,13,13,13,13,19,19,13,13,13,13,20,20,20,20,20,20,20,20,9,9,9,21,21,21,21,21","0.00825119018554688","infomap","edit-xhwikibooks.graphml"
"0.05","0.39","0.56","0.345425899733866","1,2,1,3,4,3,4,3,5,6,7,4,8,9,5,10,6,11,7,12,13,2,14,8,9,15,5,10,16,6,11,17,18,12,19,20,21,9,13,13,13,13,2,2,2,2,13,2,2,2,13,13,13,13,13,2,2,2,2,13,14,13,13,3,5,13,13,13,13,13,2,13,5,15,13,13,13,13,13,13,13,5,10,10,10,16,13,13,13,13,6,11,17,13,13,13,10,13,13,13,13,13,13,13,13,13,13,18,18,13,13,13,13,19,20,20,20,20,20,19,20,21,21,21,21,21,21,21,21","0.0067441463470459","infomap","edit-xhwikibooks.graphml"
"0.04","0.4","0.56","0.343875994449963","1,1,2,3,2,3,4,5,6,7,4,8,9,6,5,3,7,10,11,8,12,13,14,9,15,15,6,16,17,7,10,18,19,8,11,20,21,5,12,12,12,12,13,13,13,13,12,13,13,13,12,12,12,12,12,13,13,13,13,12,14,12,12,9,6,12,12,12,12,12,13,12,15,15,12,12,12,12,12,12,12,15,16,16,16,17,12,12,12,12,7,10,18,12,12,12,3,12,12,12,12,12,12,12,12,12,12,19,19,12,12,12,12,20,20,20,20,20,20,11,20,21,21,21,21,21,21,21,21","0.00636196136474609","infomap","edit-xhwikibooks.graphml"
"0.03","0.41","0.56","0.336382788318651","1,2,1,3,4,3,4,3,5,6,7,4,8,5,9,10,6,11,7,4,2,12,13,8,5,14,9,10,15,6,11,16,17,2,18,19,20,9,2,2,2,2,12,12,12,12,2,12,12,12,2,2,2,2,2,12,12,12,12,2,13,2,2,8,5,2,2,2,2,2,12,2,5,14,2,2,2,2,2,2,2,5,10,10,10,15,2,2,2,2,6,11,16,2,2,2,10,2,2,2,2,2,2,2,2,2,2,17,17,2,2,2,2,19,19,19,19,19,18,19,18,20,20,20,20,20,20,20,20","0.00685787200927734","infomap","edit-xhwikibooks.graphml"
"0.02","0.42","0.56","0.343044123763825","1,2,1,1,3,4,3,5,6,7,8,9,5,6,10,4,7,11,8,9,12,2,13,4,10,14,6,15,16,7,11,17,18,12,19,20,21,6,12,12,12,12,2,2,2,2,12,2,2,2,12,12,12,12,12,2,2,2,2,12,13,12,12,4,14,12,12,12,12,12,2,12,6,14,12,12,12,12,12,12,12,10,15,15,15,16,12,12,12,12,7,11,17,12,12,12,4,12,12,12,12,12,12,12,12,12,12,18,18,12,12,12,12,19,19,20,20,19,20,19,20,21,21,21,21,21,21,21,21","0.0102419853210449","infomap","edit-xhwikibooks.graphml"
"0.01","0.43","0.56","0.340155012070022","1,2,1,2,3,4,3,5,5,6,7,3,2,8,5,4,6,9,7,10,11,12,13,2,4,8,4,14,15,6,9,16,17,10,18,19,20,8,11,11,11,11,12,12,12,12,11,12,12,12,11,11,11,11,11,12,12,12,12,11,13,11,11,5,8,11,11,11,11,11,12,11,4,8,11,11,11,11,11,11,11,8,14,14,14,15,11,11,11,11,6,9,16,11,11,11,4,11,11,11,11,11,11,11,11,11,11,17,17,10,11,11,11,18,18,18,19,18,19,18,18,20,20,20,20,20,20,20,20","0.00826811790466309","infomap","edit-xhwikibooks.graphml"
"0","0.44","0.56","0.346231566617027","1,2,1,1,3,4,3,5,6,7,3,8,5,9,6,10,7,11,3,8,12,2,13,9,9,4,14,10,15,7,11,16,17,12,18,14,19,14,12,12,12,12,2,2,2,2,12,2,2,2,12,12,12,12,12,2,2,2,2,12,13,12,12,5,9,12,12,12,12,12,2,12,4,4,12,12,12,12,12,12,12,9,10,10,10,15,12,12,12,12,7,11,16,12,12,12,20,12,12,12,12,12,12,12,12,12,12,17,17,12,12,12,12,18,18,18,14,14,18,14,18,19,19,19,19,19,19,19,19","0.00663089752197266","infomap","edit-xhwikibooks.graphml"
"0.43","0","0.57","0.312801071081704","1,2,1,2,3,4,3,5,4,4,6,3,7,5,8,9,4,6,10,11,2,12,13,7,8,14,15,9,16,17,18,19,11,20,10,21,22,8,2,2,2,2,12,12,12,12,2,12,12,12,2,2,2,2,2,12,12,12,12,2,13,2,2,7,15,2,2,2,2,2,12,2,14,14,2,2,2,2,2,2,2,15,9,9,9,16,2,2,2,2,17,18,19,2,2,2,9,2,2,2,2,2,2,2,2,2,2,11,11,20,2,2,2,21,21,21,21,21,10,21,10,22,22,22,22,22,22,22,22","0.00680804252624512","infomap","edit-xhwikibooks.graphml"
"0.42","0.01","0.57","0.323182944603571","1,1,2,2,3,4,3,5,6,4,7,3,8,5,6,9,4,7,10,11,12,1,13,8,14,15,16,17,18,19,20,21,11,22,23,10,24,6,12,12,12,12,1,1,1,1,12,1,1,1,12,12,12,12,12,1,1,1,1,12,13,12,12,8,14,12,12,12,12,12,1,12,15,15,12,12,12,12,12,12,12,16,17,17,17,18,12,12,12,12,19,20,21,12,12,12,9,12,12,12,12,12,12,12,12,12,12,11,11,22,12,12,12,10,23,23,23,23,23,23,23,24,24,24,24,24,24,24,24","0.006439208984375","infomap","edit-xhwikibooks.graphml"
"0.41","0.02","0.57","0.322204890206974","1,2,1,3,4,3,4,5,3,6,7,4,8,5,9,10,6,7,7,11,12,2,13,14,8,9,15,10,16,17,18,19,11,20,21,22,23,9,12,12,12,12,2,2,2,2,12,2,2,2,12,12,12,12,12,2,2,2,2,12,13,12,12,14,8,12,12,12,12,12,2,12,8,8,12,12,12,12,12,12,12,15,10,10,10,16,12,12,12,12,17,18,19,12,12,12,10,12,12,12,12,12,12,12,12,12,12,11,11,20,12,12,12,22,21,22,21,22,22,21,22,23,23,23,23,23,23,23,23","0.00668907165527344","infomap","edit-xhwikibooks.graphml"
"0.4","0.03","0.57","0.320036525677551","1,1,2,2,3,4,3,4,5,4,3,6,7,8,5,9,4,3,10,6,11,12,13,14,7,15,8,16,17,18,19,20,21,11,10,22,23,8,11,11,11,11,12,12,12,12,11,12,12,12,11,11,11,11,11,12,12,12,12,11,13,11,11,14,7,11,11,11,11,11,12,11,15,15,11,11,11,11,11,11,11,15,16,16,16,17,11,11,11,11,18,19,20,11,11,11,9,11,11,11,11,11,11,11,11,11,11,21,21,11,11,11,11,22,22,10,10,10,10,10,22,23,23,23,23,23,23,23,23","0.00645899772644043","infomap","edit-xhwikibooks.graphml"
"0.39","0.04","0.57","0.308446035340622","1,2,1,1,1,3,4,2,5,6,4,7,8,9,5,3,6,4,10,7,11,12,13,8,14,14,9,15,16,17,18,19,20,21,10,22,23,9,11,11,11,11,12,12,12,12,11,12,12,12,11,11,11,11,11,12,12,12,12,11,13,11,11,2,9,11,11,11,11,11,12,11,14,14,11,11,11,11,11,11,11,9,15,15,15,16,11,11,11,11,17,18,19,11,11,11,3,11,11,11,11,11,11,11,11,11,11,20,20,21,11,11,11,22,10,10,22,22,10,22,10,23,5,5,23,23,23,5,5","0.00710391998291016","infomap","edit-xhwikibooks.graphml"
"0.38","0.05","0.57","0.31189695855667","1,2,1,3,4,3,5,6,7,8,4,5,6,9,7,10,8,4,11,12,13,14,15,2,9,16,17,18,19,20,21,22,12,23,11,24,25,9,13,13,13,13,14,14,14,14,13,14,14,14,13,13,13,13,13,14,14,14,14,13,15,13,13,2,7,13,13,13,13,13,14,13,16,7,13,13,13,13,13,13,13,17,18,18,18,19,13,13,13,13,20,21,22,13,13,13,10,13,13,13,13,13,13,13,13,13,13,12,12,23,13,13,13,24,24,24,11,24,24,11,11,25,25,25,25,25,25,25,25","0.0086209774017334","infomap","edit-xhwikibooks.graphml"
"0.37","0.06","0.57","0.316184568625111","1,2,1,3,4,3,4,2,5,6,4,7,2,5,8,9,6,4,10,7,11,12,13,14,15,16,8,17,18,19,20,21,7,22,10,23,24,5,11,11,11,11,12,12,12,12,11,12,12,12,11,11,11,11,11,12,12,12,12,11,13,11,11,14,15,11,11,11,11,11,12,11,16,16,11,11,11,11,11,11,11,15,17,17,17,18,11,11,11,11,19,20,21,11,11,11,9,11,11,11,11,11,11,11,11,11,11,7,7,22,11,11,11,23,23,23,23,23,23,23,10,24,24,24,24,24,24,24,24","0.00664496421813965","infomap","edit-xhwikibooks.graphml"
"0.36","0.07","0.57","0.318818554548373","1,1,1,2,3,2,3,4,2,5,6,7,8,9,4,10,5,6,11,7,12,13,14,8,15,9,16,10,17,18,19,20,21,22,11,23,24,9,12,12,12,12,13,13,13,13,12,13,13,13,12,12,12,12,12,13,13,13,13,12,14,12,12,8,15,12,12,12,12,12,13,12,16,15,12,12,12,12,12,12,12,16,10,10,10,17,12,12,12,12,18,19,20,12,12,12,10,12,12,12,12,12,12,12,12,12,12,21,21,22,12,12,12,23,11,11,11,11,11,11,23,24,24,24,24,24,24,24,24","0.00885391235351562","infomap","edit-xhwikibooks.graphml"
"0.35","0.08","0.57","0.308858233218844","1,2,1,1,3,4,3,2,4,5,6,3,2,7,8,9,5,6,6,10,11,12,13,14,7,15,16,9,17,18,19,20,21,10,22,23,24,8,11,11,11,11,12,12,12,12,11,12,12,12,11,11,11,11,11,12,12,12,12,11,13,11,11,14,16,11,11,11,11,11,12,11,15,16,11,11,11,11,11,11,11,16,9,9,9,17,11,11,11,11,18,19,20,11,11,11,9,11,11,11,11,11,11,11,11,11,11,21,21,10,11,11,11,23,22,23,22,23,22,23,23,24,8,24,8,24,24,8,24","0.00655698776245117","infomap","edit-xhwikibooks.graphml"
"0.34","0.09","0.57","0.321924991621099","1,1,2,2,3,4,3,5,6,7,3,8,9,5,6,4,7,3,10,8,11,12,13,9,14,15,16,17,18,19,20,21,22,23,10,24,6,5,11,11,11,11,12,12,12,12,11,12,12,12,11,11,11,11,11,12,12,12,12,11,13,11,11,5,14,11,11,11,11,11,12,11,15,16,11,11,11,11,11,11,11,16,17,17,17,18,11,11,11,11,19,20,21,11,11,11,4,11,11,11,11,11,11,11,11,11,11,8,22,23,11,11,11,24,10,10,24,10,10,10,10,6,6,6,6,6,6,6,6","0.00664091110229492","infomap","edit-xhwikibooks.graphml"
"0.33","0.1","0.57","0.315298629867803","1,1,2,2,3,4,3,4,4,5,6,7,8,9,10,11,5,6,12,7,13,14,15,8,9,10,16,17,18,19,20,21,22,23,24,12,25,9,13,13,13,13,14,14,14,14,13,14,14,14,13,13,13,13,13,14,14,14,14,13,15,13,13,8,9,13,13,13,13,13,14,13,16,10,13,13,13,13,13,13,13,16,11,11,17,18,13,13,13,13,19,20,21,13,13,13,11,13,13,13,13,13,13,13,13,13,13,22,22,23,13,13,13,12,24,12,12,24,12,24,12,25,25,25,25,25,25,25,25","0.00663185119628906","infomap","edit-xhwikibooks.graphml"
"0.32","0.11","0.57","0.315056011105372","1,2,1,2,1,2,3,4,5,6,7,3,4,5,8,2,6,7,7,9,10,11,12,13,14,5,15,16,17,18,19,20,21,9,8,22,23,5,10,10,10,10,11,11,11,11,10,11,11,11,10,10,10,10,10,11,11,11,11,10,12,10,10,13,14,10,10,10,10,10,11,10,14,15,10,10,10,10,10,10,10,15,16,16,16,17,10,10,10,10,18,19,20,10,10,10,2,10,10,10,10,10,10,10,10,10,10,21,21,9,10,10,10,22,22,8,22,22,22,22,22,23,23,23,23,23,23,23,23","0.010530948638916","infomap","edit-xhwikibooks.graphml"
"0.31","0.12","0.57","0.31148160626468","1,2,1,2,3,4,3,5,5,4,6,3,7,5,8,9,4,6,6,10,2,11,12,7,13,8,14,15,16,17,18,19,10,20,21,22,23,5,2,2,2,2,11,11,11,11,2,11,11,11,2,2,2,2,2,11,11,11,11,2,12,2,2,7,13,2,2,2,2,2,11,2,14,13,2,2,2,2,2,2,2,14,15,15,15,16,2,2,2,2,17,18,19,2,2,2,9,2,2,2,2,2,2,2,2,2,2,10,10,20,2,2,2,21,21,21,22,21,22,21,22,23,23,23,23,23,23,23,23","0.00659513473510742","infomap","edit-xhwikibooks.graphml"
"0.3","0.13","0.57","0.319278474440226","1,2,1,1,3,4,3,2,5,6,7,3,2,5,8,4,6,7,7,9,10,11,12,13,8,14,15,16,17,18,19,20,9,21,22,23,24,23,10,10,10,10,11,11,11,11,10,11,11,11,10,10,10,10,10,11,11,11,11,10,12,10,10,13,14,10,10,10,10,10,11,10,14,8,10,10,10,10,10,10,10,15,16,16,16,17,10,10,10,10,18,19,20,10,10,10,4,10,10,10,10,10,10,10,10,10,10,9,9,21,10,10,10,23,22,22,22,23,22,22,23,24,24,24,24,24,24,24,24","0.00857090950012207","infomap","edit-xhwikibooks.graphml"
"0.29","0.14","0.57","0.315656499698012","1,1,2,2,3,4,3,5,5,6,3,7,8,9,5,4,6,3,10,7,11,12,13,9,8,14,15,16,17,18,19,20,21,22,23,10,24,9,11,11,11,11,12,12,12,12,11,12,12,12,11,11,11,11,11,12,12,12,12,11,13,11,11,9,8,11,11,11,11,11,12,11,15,14,11,11,11,11,11,11,11,15,16,16,16,17,11,11,11,11,18,19,20,11,11,11,4,11,11,11,11,11,11,11,11,11,11,21,21,22,11,11,11,10,10,10,10,23,23,23,10,24,24,24,24,24,24,24,24","0.00642514228820801","infomap","edit-xhwikibooks.graphml"
"0.28","0.15","0.57","0.309905439079228","1,1,1,2,3,2,3,4,2,5,3,3,4,6,7,8,5,9,10,11,12,13,14,2,4,15,6,8,16,5,9,17,18,11,19,10,20,7,12,12,12,12,13,13,13,13,12,13,13,13,12,12,12,12,12,13,13,13,13,12,14,12,12,2,6,12,12,12,12,12,13,12,4,15,12,12,12,12,12,12,12,4,8,8,8,16,12,12,12,12,5,9,17,12,12,12,8,12,12,12,12,12,12,12,12,12,12,18,18,12,12,12,12,10,19,19,19,19,19,19,10,20,7,7,20,7,20,7,7","0.00653409957885742","infomap","edit-xhwikibooks.graphml"
"0.27","0.16","0.57","0.309737262675059","1,2,1,3,4,3,4,5,3,6,7,8,9,10,5,11,6,12,7,8,2,13,14,9,9,15,10,11,16,6,12,17,18,2,19,20,21,15,2,2,2,2,13,13,13,13,2,13,13,13,2,2,2,2,2,13,13,13,13,2,14,2,2,9,10,2,2,2,2,2,13,2,15,9,2,2,2,2,2,2,2,10,11,11,11,16,2,2,2,2,6,12,17,2,2,2,11,2,2,2,2,2,2,2,2,2,2,18,18,2,2,2,2,19,20,19,20,20,19,19,20,21,21,21,21,21,21,21,21","0.00653910636901855","infomap","edit-xhwikibooks.graphml"
"0.26","0.17","0.57","0.319010704842223","1,1,2,2,3,4,3,5,4,6,7,3,5,8,9,4,6,10,7,11,12,13,14,8,4,15,15,16,17,6,10,18,19,11,9,20,21,9,12,12,12,12,13,13,13,13,12,13,13,13,12,12,12,12,12,13,13,13,13,12,14,12,12,8,15,12,12,12,12,12,13,12,15,15,12,12,12,12,12,12,12,4,16,16,16,17,12,12,12,12,6,10,18,12,12,12,4,12,12,12,12,12,12,12,12,12,12,19,19,12,12,12,12,20,20,20,20,20,20,20,20,21,21,21,21,21,21,21,21","0.00854396820068359","infomap","edit-xhwikibooks.graphml"
"0.25","0.18","0.57","0.325227369502783","1,2,1,1,3,4,3,2,4,5,3,6,7,8,9,10,5,11,12,6,13,14,15,7,8,16,16,10,17,5,11,18,19,6,20,12,9,9,13,13,13,13,14,14,14,14,13,14,14,14,13,13,13,13,13,14,14,14,14,13,15,13,13,2,8,13,13,13,13,13,14,13,8,16,13,13,13,13,13,13,13,16,10,10,10,17,13,13,13,13,5,11,18,13,13,13,10,13,13,13,13,13,13,13,13,13,13,19,19,13,13,13,13,12,12,12,20,20,20,20,12,9,9,9,9,9,9,9,9","0.00651907920837402","infomap","edit-xhwikibooks.graphml"
"0.24","0.19","0.57","0.324773010144208","1,2,1,1,1,1,3,2,4,5,3,6,7,4,8,9,5,10,11,6,12,13,14,7,8,15,8,9,16,5,10,17,18,12,8,11,19,8,12,12,12,12,13,13,13,13,12,13,13,13,12,12,12,12,12,13,13,13,13,12,14,12,12,7,8,12,12,12,12,12,13,12,15,15,12,12,12,12,12,12,12,15,9,9,9,16,12,12,12,12,5,10,17,12,12,12,20,12,12,12,12,12,12,12,12,12,12,18,18,12,12,12,12,8,8,11,8,11,11,8,11,19,19,19,19,19,19,19,19","0.00687599182128906","infomap","edit-xhwikibooks.graphml"
"0.23","0.2","0.57","0.322880339077385","1,1,2,2,3,4,3,4,5,6,7,8,9,10,5,11,6,12,7,8,13,14,15,9,10,16,5,11,17,6,12,18,19,8,20,21,22,16,13,13,13,13,14,14,14,14,13,14,14,14,13,13,13,13,13,14,14,14,14,13,15,13,13,9,10,13,13,13,13,13,14,13,16,16,13,13,13,13,13,13,13,10,11,11,11,17,13,13,13,13,6,12,18,13,13,13,11,13,13,13,13,13,13,13,13,13,13,19,19,13,13,13,13,20,21,21,21,20,20,21,20,22,22,22,22,22,22,22,22","0.00679707527160645","infomap","edit-xhwikibooks.graphml"
"0.22","0.21","0.57","0.311868124010354","1,2,1,2,1,3,4,5,6,7,4,8,5,6,9,3,7,10,11,8,2,12,13,6,3,14,6,15,16,7,10,17,18,2,11,19,20,9,2,2,2,2,12,12,12,12,2,12,12,12,2,2,2,2,2,12,12,12,12,2,13,2,2,5,14,2,2,2,2,2,12,2,6,14,2,2,2,2,2,2,2,14,15,15,15,16,2,2,2,2,7,10,17,2,2,2,3,2,2,2,2,2,2,2,2,2,2,18,18,2,2,2,2,19,19,19,19,19,11,19,19,20,20,20,20,20,20,20,20","0.00705504417419434","infomap","edit-xhwikibooks.graphml"
"0.21","0.22","0.57","0.328832871015163","1,2,1,3,1,3,4,5,3,6,7,4,8,5,9,3,6,10,7,4,11,2,12,8,3,13,9,14,15,6,10,16,17,4,18,19,20,5,11,11,11,11,2,2,2,2,11,2,2,2,11,11,11,11,11,2,2,2,2,11,12,11,11,5,9,11,11,11,11,11,2,11,13,13,11,11,11,11,11,11,11,9,14,14,14,15,11,11,11,11,6,10,16,11,11,11,3,11,11,11,11,11,11,11,11,11,11,17,17,11,11,11,11,18,18,18,18,18,18,18,19,20,20,20,20,20,20,20,20","0.00644612312316895","infomap","edit-xhwikibooks.graphml"
"0.2","0.23","0.57","0.317957290404385","1,2,1,1,1,3,4,5,6,7,8,4,5,6,3,3,7,9,8,10,2,11,12,6,3,13,13,14,15,7,9,16,17,10,18,19,20,3,2,2,2,2,11,11,11,11,2,11,11,11,2,2,2,2,2,11,11,11,11,2,12,2,2,6,13,2,2,2,2,2,11,2,3,13,2,2,2,2,2,2,2,3,14,14,14,15,2,2,2,2,7,9,16,2,2,2,21,2,2,2,2,2,2,2,2,2,2,17,17,2,2,2,2,18,19,18,19,19,18,19,18,20,20,20,20,20,20,20,20","0.00692510604858398","infomap","edit-xhwikibooks.graphml"
"0.19","0.24","0.57","0.327398648691979","1,1,2,2,2,3,4,3,3,5,4,6,7,8,9,10,5,11,12,6,13,14,15,7,8,9,3,10,16,5,11,17,18,6,19,12,20,8,13,13,13,13,14,14,14,14,13,14,14,14,13,13,13,13,13,14,14,14,14,13,15,13,13,3,9,13,13,13,13,13,14,13,9,9,13,13,13,13,13,13,13,8,10,10,10,16,13,13,13,13,5,11,17,13,13,13,10,13,13,13,13,13,13,13,13,13,13,18,18,13,13,13,13,19,12,12,12,19,19,19,19,20,20,20,20,20,20,20,20","0.00647592544555664","infomap","edit-xhwikibooks.graphml"
"0.18","0.25","0.57","0.325951195378084","1,1,2,2,3,4,3,5,4,6,7,8,9,5,10,4,6,11,7,8,12,13,14,9,15,15,9,16,17,6,11,18,19,8,20,21,22,10,12,12,12,12,13,13,13,13,12,13,13,13,12,12,12,12,12,13,13,13,13,12,14,12,12,9,15,12,12,12,12,12,13,12,15,9,12,12,12,12,12,12,12,9,16,16,16,17,12,12,12,12,6,11,18,12,12,12,4,12,12,12,12,12,12,12,12,12,12,19,19,12,12,12,12,20,20,20,20,21,20,21,21,22,22,22,22,22,22,22,22","0.00652098655700684","infomap","edit-xhwikibooks.graphml"
"0.17","0.26","0.57","0.329845191356251","1,2,1,1,1,3,4,5,3,6,4,7,5,2,8,3,6,9,10,7,11,12,13,2,8,14,14,15,16,6,9,17,18,7,19,10,20,8,11,11,11,11,12,12,12,12,11,12,12,12,11,11,11,11,11,12,12,12,12,11,13,11,11,2,14,11,11,11,11,11,12,11,8,14,11,11,11,11,11,11,11,8,15,15,15,16,11,11,11,11,6,9,17,11,11,11,3,11,11,11,11,11,11,11,11,11,11,18,18,11,11,11,11,10,19,19,10,10,19,19,19,20,20,20,20,20,20,20,20","0.00842380523681641","infomap","edit-xhwikibooks.graphml"
"0.16","0.27","0.57","0.325911934629257","1,1,2,1,2,3,4,5,3,6,4,7,8,5,9,3,6,10,11,7,12,13,14,8,5,15,9,16,17,6,10,18,19,12,20,11,21,3,12,12,12,12,13,13,13,13,12,13,13,13,12,12,12,12,12,13,13,13,13,12,14,12,12,5,9,12,12,12,12,12,13,12,15,15,12,12,12,12,12,12,12,5,16,16,16,17,12,12,12,12,6,10,18,12,12,12,3,12,12,12,12,12,12,12,12,12,12,19,19,12,12,12,12,11,11,20,20,20,11,11,11,21,21,21,21,21,21,21,21","0.00869107246398926","infomap","edit-xhwikibooks.graphml"
"0.15","0.28","0.57","0.325381595327013","1,1,2,2,2,1,3,4,5,6,7,3,5,4,8,9,6,10,7,11,12,13,14,5,15,15,4,9,16,6,10,17,18,11,5,19,20,8,12,12,12,12,13,13,13,13,12,13,13,13,12,12,12,12,12,13,13,13,13,12,14,12,12,4,15,12,12,12,12,12,13,12,15,15,12,12,12,12,12,12,12,15,9,9,9,16,12,12,12,12,6,10,17,12,12,12,9,12,12,12,12,12,12,12,12,12,12,18,18,12,12,12,12,19,19,5,19,19,19,5,5,20,20,20,20,20,20,20,20","0.0103988647460938","infomap","edit-xhwikibooks.graphml"
"0.14","0.29","0.57","0.322827412301701","1,1,2,2,2,3,4,3,5,6,4,7,8,5,9,10,6,11,12,7,13,14,15,8,16,17,17,10,18,6,11,19,20,13,21,12,16,9,13,13,13,13,14,14,14,14,13,14,14,14,13,13,13,13,13,14,14,14,14,13,15,13,13,3,16,13,13,13,13,13,14,13,17,16,13,13,13,13,13,13,13,17,10,10,10,18,13,13,13,13,6,11,19,13,13,13,10,13,13,13,13,13,13,13,13,13,13,20,20,13,13,13,13,12,12,21,12,21,12,21,21,16,16,16,16,16,16,16,16","0.00854992866516113","infomap","edit-xhwikibooks.graphml"
"0.13","0.3","0.57","0.32636944230738","1,2,1,3,4,3,4,2,3,5,4,6,7,8,2,9,5,10,11,6,12,13,14,7,8,15,2,9,16,5,10,17,18,12,19,11,20,8,12,12,12,12,13,13,13,13,12,13,13,13,12,12,12,12,12,13,13,13,13,12,14,12,12,2,8,12,12,12,12,12,13,12,15,2,12,12,12,12,12,12,12,15,9,9,9,16,12,12,12,12,5,10,17,12,12,12,9,12,12,12,12,12,12,12,12,12,12,18,18,12,12,12,12,11,11,19,19,19,11,11,11,20,20,20,20,20,20,20,20","0.00658488273620605","infomap","edit-xhwikibooks.graphml"
"0.12","0.31","0.57","0.329890216001101","1,1,2,2,3,4,3,5,4,6,7,3,8,5,9,10,6,11,7,12,13,14,15,8,4,16,9,10,17,6,11,18,19,12,20,21,22,9,13,13,13,13,14,14,14,14,13,14,14,14,13,13,13,13,13,14,14,14,14,13,15,13,13,8,9,13,13,13,13,13,14,13,16,16,13,13,13,13,13,13,13,9,10,10,10,17,13,13,13,13,6,11,18,13,13,13,10,13,13,13,13,13,13,13,13,13,13,19,19,13,13,13,13,21,20,20,20,20,20,20,21,22,22,22,22,22,22,22,22","0.00870704650878906","infomap","edit-xhwikibooks.graphml"
"0.11","0.32","0.57","0.331965602989506","1,2,1,1,3,4,3,2,4,5,3,6,7,8,7,9,5,10,11,6,12,13,14,7,7,15,8,9,16,5,10,17,18,12,11,19,20,7,12,12,12,12,13,13,13,13,12,13,13,13,12,12,12,12,12,13,13,13,13,12,14,12,12,2,7,12,12,12,12,12,13,12,15,15,12,12,12,12,12,12,12,15,9,9,9,16,12,12,12,12,5,10,17,12,12,12,9,12,12,12,12,12,12,12,12,12,12,18,18,12,12,12,12,11,19,11,19,19,11,11,11,20,20,20,20,20,20,20,20","0.00638604164123535","infomap","edit-xhwikibooks.graphml"
"0.1","0.33","0.57","0.327810241292509","1,2,1,1,3,4,3,5,6,7,8,9,5,6,10,4,7,11,8,9,12,2,13,4,14,14,6,15,16,7,11,17,18,9,19,20,21,10,12,12,12,12,2,2,2,2,12,2,2,2,12,12,12,12,12,2,2,2,2,12,13,12,12,4,6,12,12,12,12,12,2,12,14,6,12,12,12,12,12,12,12,6,15,15,15,16,12,12,12,12,7,11,17,12,12,12,4,12,12,12,12,12,12,12,12,12,12,18,18,12,12,12,12,19,19,20,19,20,20,20,20,21,21,21,21,21,21,21,21","0.00832414627075195","infomap","edit-xhwikibooks.graphml"
"0.09","0.34","0.57","0.336240015464769","1,2,1,2,1,3,4,3,5,6,4,7,3,8,9,3,6,10,11,7,12,2,13,2,5,8,9,14,15,6,10,16,17,12,18,11,5,9,12,12,12,12,2,2,2,2,12,2,2,2,12,12,12,12,12,2,2,2,2,12,13,12,12,2,9,12,12,12,12,12,2,12,9,9,12,12,12,12,12,12,12,9,14,14,14,15,12,12,12,12,6,10,16,12,12,12,19,12,12,12,12,12,12,12,12,12,12,17,17,12,12,12,12,11,11,18,11,11,11,18,18,5,5,5,5,5,5,5,5","0.0065767765045166","infomap","edit-xhwikibooks.graphml"
"0.08","0.35","0.57","0.340533959931735","1,1,2,2,2,3,4,5,6,7,4,8,5,9,6,3,7,10,11,8,12,13,14,9,9,9,3,15,16,7,10,17,18,8,19,11,20,6,12,12,12,12,13,13,13,13,12,13,13,13,12,12,12,12,12,13,13,13,13,12,14,12,12,9,9,12,12,12,12,12,13,12,9,9,12,12,12,12,12,12,12,3,15,15,15,16,12,12,12,12,7,10,17,12,12,12,3,12,12,12,12,12,12,12,12,12,12,18,18,12,12,12,12,11,11,11,11,11,19,19,11,20,20,20,20,20,20,20,20","0.00862789154052734","infomap","edit-xhwikibooks.graphml"
"0.07","0.36","0.57","0.338601791454699","1,2,1,3,4,3,4,5,6,7,8,9,10,5,6,3,7,11,8,9,12,2,13,14,3,10,6,15,16,7,11,17,18,12,19,20,14,6,12,12,12,12,2,2,2,2,12,2,2,2,12,12,12,12,12,2,2,2,2,12,13,12,12,14,3,12,12,12,12,12,2,12,6,10,12,12,12,12,12,12,12,6,15,15,15,16,12,12,12,12,7,11,17,12,12,12,3,12,12,12,12,12,12,12,12,12,12,18,18,12,12,12,12,19,19,19,20,20,19,20,19,14,14,14,14,14,14,14,14","0.00676798820495605","infomap","edit-xhwikibooks.graphml"
"0.06","0.37","0.57","0.327075810469608","1,1,2,1,2,3,4,5,3,6,4,7,8,5,9,3,6,10,11,7,12,13,14,8,5,15,15,16,17,6,10,18,19,12,11,20,21,9,12,12,12,12,13,13,13,13,12,13,13,13,12,12,12,12,12,13,13,13,13,12,14,12,12,5,15,12,12,12,12,12,13,12,15,15,12,12,12,12,12,12,12,15,16,16,16,17,12,12,12,12,6,10,18,12,12,12,3,12,12,12,12,12,12,12,12,12,12,19,19,12,12,12,12,9,9,9,11,20,9,11,11,21,21,21,21,21,21,21,21","0.00647592544555664","infomap","edit-xhwikibooks.graphml"
"0.05","0.38","0.57","0.337942323897506","1,2,1,3,4,3,4,3,5,6,7,4,8,9,5,10,6,11,7,12,13,2,14,8,5,15,9,10,16,6,11,17,18,12,19,20,21,5,13,13,13,13,2,2,2,2,13,2,2,2,13,13,13,13,13,2,2,2,2,13,14,13,13,3,9,13,13,13,13,13,2,13,9,15,13,13,13,13,13,13,13,5,10,10,10,16,13,13,13,13,6,11,17,13,13,13,10,13,13,13,13,13,13,13,13,13,13,18,18,12,13,13,13,19,19,20,20,19,20,20,20,21,21,21,21,21,21,21,21","0.012441873550415","infomap","edit-xhwikibooks.graphml"
"0.04","0.39","0.57","0.340097721687412","1,1,2,2,3,4,3,5,4,6,7,3,5,8,9,1,6,10,7,11,12,13,14,13,8,8,8,15,16,6,10,17,18,11,9,19,20,8,12,12,12,12,13,13,13,13,12,13,13,13,12,12,12,12,12,13,13,13,13,12,14,12,12,5,8,12,12,12,12,12,13,12,8,8,12,12,12,12,12,12,12,8,15,15,15,16,12,12,12,12,6,10,17,12,12,12,1,12,12,12,12,12,12,12,12,12,12,18,18,12,12,12,12,19,19,9,9,9,19,19,19,20,20,20,20,20,20,20,20","0.00854396820068359","infomap","edit-xhwikibooks.graphml"
"0.03","0.4","0.57","0.335925896926333","1,1,2,2,2,3,4,3,5,6,4,7,8,5,9,10,6,11,12,7,13,14,15,8,8,16,5,10,17,6,11,18,19,7,20,12,21,9,13,13,13,13,14,14,14,14,13,14,14,14,13,13,13,13,13,14,14,14,14,13,15,13,13,3,5,13,13,13,13,13,14,13,5,16,13,13,13,13,13,13,13,5,10,10,10,17,13,13,13,13,6,11,18,13,13,13,10,13,13,13,13,13,13,13,13,13,13,19,19,13,13,13,13,12,12,12,12,20,20,12,12,21,21,21,21,21,21,21,21","0.00650310516357422","infomap","edit-xhwikibooks.graphml"
"0.02","0.41","0.57","0.339838511624901","1,2,3,3,3,1,4,1,5,6,4,7,8,5,9,1,6,10,11,7,12,2,13,8,14,14,9,15,16,6,10,17,18,7,19,11,20,14,12,12,12,12,2,2,2,2,12,2,2,2,12,12,12,12,12,2,2,2,2,12,13,12,12,1,9,12,12,12,12,12,2,12,9,14,12,12,12,12,12,12,12,9,15,15,15,16,12,12,12,12,6,10,17,12,12,12,1,12,12,12,12,12,12,12,12,12,12,18,18,12,12,12,12,11,19,19,19,11,19,19,19,20,20,20,20,20,20,20,20","0.00664782524108887","infomap","edit-xhwikibooks.graphml"
"0.01","0.42","0.57","0.339887337931891","1,1,2,2,2,3,4,5,3,6,4,7,8,5,9,10,6,11,4,7,12,13,14,8,9,15,9,10,16,6,11,17,18,7,19,20,21,5,12,12,12,12,13,13,13,13,12,13,13,13,12,12,12,12,12,13,13,13,13,12,14,12,12,5,15,12,12,12,12,12,13,12,15,15,12,12,12,12,12,12,12,15,10,10,10,16,12,12,12,12,6,11,17,12,12,12,10,12,12,12,12,12,12,12,12,12,12,18,18,12,12,12,12,20,19,20,19,20,20,19,20,21,21,21,21,21,21,21,21","0.00847005844116211","infomap","edit-xhwikibooks.graphml"
"0","0.43","0.57","0.342977758361771","1,1,2,1,2,3,4,3,3,5,4,6,3,7,8,9,5,10,11,6,12,13,14,3,3,8,7,15,16,5,10,17,18,12,11,19,20,7,12,12,12,12,13,13,13,13,12,13,13,13,12,12,12,12,12,13,13,13,13,12,14,12,12,3,8,12,12,12,12,12,13,12,8,7,12,12,12,12,12,12,12,7,15,15,15,16,12,12,12,12,5,10,17,12,12,12,9,12,12,12,12,12,12,12,12,12,12,18,18,12,12,12,12,11,11,11,11,19,19,19,11,20,20,20,20,20,20,20,20","0.00668096542358398","infomap","edit-xhwikibooks.graphml"
"0.42","0","0.58","0.317838773481037","1,1,1,1,1,2,3,4,5,6,3,7,5,4,5,2,6,3,8,7,9,10,11,12,13,5,14,15,16,17,18,19,20,21,22,8,23,4,9,9,9,9,10,10,10,10,9,10,10,10,9,9,9,9,9,10,10,10,10,9,11,9,9,12,13,9,9,9,9,9,10,9,14,14,9,9,9,9,9,9,9,14,15,15,15,16,9,9,9,9,17,18,19,9,9,9,2,9,9,9,9,9,9,9,9,9,9,20,20,21,9,9,9,8,8,8,22,22,22,22,22,23,23,23,23,23,23,23,23","0.00669193267822266","infomap","edit-xhwikibooks.graphml"
"0.41","0.01","0.58","0.305482539520892","1,2,1,2,3,4,3,5,4,6,7,8,5,5,9,10,6,7,7,8,2,11,12,13,14,9,15,16,17,18,19,20,8,21,22,23,24,9,2,2,2,2,11,11,11,11,2,11,11,11,2,2,2,2,2,11,11,11,11,2,12,2,2,13,14,2,2,2,2,2,11,2,15,14,2,2,2,2,2,2,2,15,16,16,16,17,2,2,2,2,18,19,20,2,2,2,10,2,2,2,2,2,2,2,2,2,2,8,8,21,2,2,2,23,22,23,23,22,22,23,23,24,24,24,24,24,24,24,24","0.00670695304870605","infomap","edit-xhwikibooks.graphml"
"0.4","0.02","0.58","0.305933949869516","1,2,1,3,4,3,4,5,3,6,7,4,8,5,9,10,6,7,7,11,2,12,13,14,15,8,16,17,18,19,20,21,11,22,23,24,25,9,2,2,2,2,12,12,12,12,2,12,12,12,2,2,2,2,2,12,12,12,12,2,13,2,2,14,15,2,2,2,2,2,12,2,8,8,2,2,2,2,2,2,2,16,17,17,17,18,2,2,2,2,19,20,21,2,2,2,10,2,2,2,2,2,2,2,2,2,2,11,11,22,2,2,2,23,23,24,24,24,24,23,23,25,25,25,25,25,25,25,25","0.00673103332519531","infomap","edit-xhwikibooks.graphml"
"0.39","0.03","0.58","0.319507033073598","1,1,2,1,2,1,3,4,1,5,3,6,7,4,8,9,5,3,10,6,11,12,13,7,14,15,16,17,18,19,20,21,22,6,23,10,8,8,11,11,11,11,12,12,12,12,11,12,12,12,11,11,11,11,11,12,12,12,12,11,13,11,11,4,14,11,11,11,11,11,12,11,15,14,11,11,11,11,11,11,11,16,17,17,17,18,11,11,11,11,19,20,21,11,11,11,9,11,11,11,11,11,11,11,11,11,11,22,22,11,11,11,11,23,23,10,10,23,10,10,23,8,8,8,8,8,8,8,8","0.00874996185302734","infomap","edit-xhwikibooks.graphml"
"0.38","0.04","0.58","0.320026016159135","1,2,1,3,4,3,4,5,5,3,4,4,6,5,7,8,3,4,9,10,11,2,12,13,7,6,14,15,16,17,18,19,10,20,9,21,22,7,11,11,11,11,2,2,2,2,11,2,2,2,11,11,11,11,11,2,2,2,2,11,12,11,11,13,14,11,11,11,11,11,2,11,14,6,11,11,11,11,11,11,11,14,15,15,15,16,11,11,11,11,17,18,19,11,11,11,8,11,11,11,11,11,11,11,11,11,11,10,10,20,11,11,11,21,21,9,9,21,21,21,9,22,22,22,22,22,22,22,22","0.00657987594604492","infomap","edit-xhwikibooks.graphml"
"0.37","0.05","0.58","0.312348245450444","1,1,2,2,2,3,4,5,3,6,4,7,5,8,9,10,6,4,4,7,11,12,13,14,15,16,8,10,17,18,19,20,21,22,23,24,25,9,11,11,11,11,12,12,12,12,11,12,12,12,11,11,11,11,11,12,12,12,12,11,13,11,11,14,15,11,11,11,11,11,12,11,15,16,11,11,11,11,11,11,11,8,10,10,10,17,11,11,11,11,18,19,20,11,11,11,10,11,11,11,11,11,11,11,11,11,11,21,21,22,11,11,11,24,24,23,24,24,23,23,24,25,25,25,25,25,25,25,25","0.00673913955688477","infomap","edit-xhwikibooks.graphml"
"0.36","0.06","0.58","0.32454550073335","1,2,1,1,1,3,4,2,3,5,4,4,6,7,8,3,5,4,9,10,11,12,13,6,14,7,8,15,16,17,18,19,20,10,9,21,22,8,11,11,11,11,12,12,12,12,11,12,12,12,11,11,11,11,11,12,12,12,12,11,13,11,11,6,14,11,11,11,11,11,12,11,14,7,11,11,11,11,11,11,11,7,15,15,15,16,11,11,11,11,17,18,19,11,11,11,3,11,11,11,11,11,11,11,11,11,11,20,20,11,11,11,11,21,9,9,21,21,9,9,9,22,22,22,22,22,22,22,22","0.00666689872741699","infomap","edit-xhwikibooks.graphml"
"0.35","0.07","0.58","0.311547724428436","1,2,1,3,4,3,4,2,3,5,6,4,7,8,9,10,5,6,11,12,13,14,15,7,16,16,8,17,18,19,20,21,12,22,9,11,23,8,13,13,13,13,14,14,14,14,13,14,14,14,13,13,13,13,13,14,14,14,14,13,15,13,13,7,8,13,13,13,13,13,14,13,16,8,13,13,13,13,13,13,13,16,17,17,17,18,13,13,13,13,19,20,21,13,13,13,10,13,13,13,13,13,13,13,13,13,13,12,12,22,13,13,13,9,9,11,11,9,11,9,11,23,23,23,23,23,23,23,23","0.00704717636108398","infomap","edit-xhwikibooks.graphml"
"0.34","0.08","0.58","0.305361187735176","1,2,1,1,3,4,3,5,4,6,7,8,9,10,5,11,6,7,7,8,2,12,13,14,9,10,15,16,17,18,19,20,21,22,23,24,25,5,2,2,2,2,12,12,12,12,2,12,12,12,2,2,2,2,2,12,12,12,12,2,13,2,2,14,9,2,2,2,2,2,12,2,15,9,2,2,2,2,2,2,2,15,16,16,16,17,2,2,2,2,18,19,20,2,2,2,11,2,2,2,2,2,2,2,2,2,2,21,21,22,2,2,2,24,23,23,24,24,23,23,23,25,25,25,25,25,25,25,25","0.00644397735595703","infomap","edit-xhwikibooks.graphml"
"0.33","0.09","0.58","0.31167634985301","1,2,1,1,3,4,3,2,4,5,6,7,8,9,10,11,5,6,12,7,13,14,15,8,16,9,17,11,18,19,20,21,22,23,10,12,24,9,13,13,13,13,14,14,14,14,13,14,14,14,13,13,13,13,13,14,14,14,14,13,15,13,13,2,16,13,13,13,13,13,14,13,16,16,13,13,13,13,13,13,13,17,11,11,11,18,13,13,13,13,19,20,21,13,13,13,11,13,13,13,13,13,13,13,13,13,13,22,22,23,13,13,13,10,10,12,12,10,12,12,10,24,24,24,24,24,24,24,24","0.0066220760345459","infomap","edit-xhwikibooks.graphml"
"0.32","0.1","0.58","0.316671985650001","1,2,1,3,4,3,4,2,3,3,5,4,6,7,8,9,3,5,5,10,11,12,13,6,14,7,15,16,17,18,19,20,10,21,22,23,24,8,11,11,11,11,12,12,12,12,11,12,12,12,11,11,11,11,11,12,12,12,12,11,13,11,11,6,14,11,11,11,11,11,12,11,15,14,11,11,11,11,11,11,11,15,16,16,16,17,11,11,11,11,18,19,20,11,11,11,9,11,11,11,11,11,11,11,11,11,11,10,10,21,11,11,11,23,22,22,22,23,22,23,22,24,24,24,24,24,24,24,24","0.00679683685302734","infomap","edit-xhwikibooks.graphml"
"0.31","0.11","0.58","0.313260272607151","1,2,3,3,3,1,4,5,6,7,4,8,5,6,9,1,7,4,4,8,10,2,11,5,12,13,14,15,16,17,18,19,20,21,9,22,23,6,10,10,10,10,2,2,2,2,10,2,2,2,10,10,10,10,10,2,2,2,2,10,11,10,10,5,12,10,10,10,10,10,2,10,13,13,10,10,10,10,10,10,10,14,15,15,15,16,10,10,10,10,17,18,19,10,10,10,1,10,10,10,10,10,10,10,10,10,10,8,20,21,10,10,10,22,9,22,9,9,22,22,22,23,23,23,23,23,23,23,23","0.00664305686950684","infomap","edit-xhwikibooks.graphml"
"0.3","0.12","0.58","0.322373384404898","1,2,1,3,1,3,4,5,6,7,4,4,8,5,6,9,7,4,4,10,11,2,12,8,13,14,15,9,16,17,18,19,20,10,21,22,23,23,11,11,11,11,2,2,2,2,11,2,2,2,11,11,11,11,11,2,2,2,2,11,12,11,11,8,13,11,11,11,11,11,2,11,15,14,11,11,11,11,11,11,11,15,9,9,9,16,11,11,11,11,17,18,19,11,11,11,9,11,11,11,11,11,11,11,11,11,11,20,20,11,11,11,11,21,22,21,21,22,21,21,21,23,23,23,23,23,23,23,23","0.00691795349121094","infomap","edit-xhwikibooks.graphml"
"0.29","0.13","0.58","0.305844601813132","1,2,1,1,3,4,3,4,5,6,3,7,8,5,9,10,6,3,11,7,2,12,13,8,14,15,5,16,17,18,19,20,21,22,23,11,24,9,2,2,2,2,12,12,12,12,2,12,12,12,2,2,2,2,2,12,12,12,12,2,13,2,2,8,14,2,2,2,2,2,12,2,14,15,2,2,2,2,2,2,2,5,16,16,16,17,2,2,2,2,18,19,20,2,2,2,10,2,2,2,2,2,2,2,2,2,2,21,21,22,2,2,2,11,11,23,23,11,23,23,11,24,24,24,24,24,24,24,24","0.0066380500793457","infomap","edit-xhwikibooks.graphml"
"0.28","0.14","0.58","0.310918672655388","1,1,2,2,3,4,3,5,6,7,3,8,9,6,5,4,7,3,10,8,11,12,13,9,14,15,16,17,18,19,20,21,22,23,10,24,25,5,11,11,11,11,12,12,12,12,11,12,12,12,11,11,11,11,11,12,12,12,12,11,13,11,11,5,14,11,11,11,11,11,12,11,15,15,11,11,11,11,11,11,11,16,17,17,17,18,11,11,11,11,19,20,21,11,11,11,4,11,11,11,11,11,11,11,11,11,11,22,22,23,11,11,11,24,24,24,10,10,24,24,24,25,25,25,25,25,25,25,25","0.00697493553161621","infomap","edit-xhwikibooks.graphml"
"0.27","0.15","0.58","0.314839317862174","1,2,1,3,4,3,4,5,6,7,8,4,9,5,6,10,7,8,4,11,12,2,13,9,14,15,16,17,18,19,20,21,22,11,23,24,25,6,12,12,12,12,2,2,2,2,12,2,2,2,12,12,12,12,12,2,2,2,2,12,13,12,12,9,14,12,12,12,12,12,2,12,15,14,12,12,12,12,12,12,12,16,17,17,17,18,12,12,12,12,19,20,21,12,12,12,10,12,12,12,12,12,12,12,12,12,12,22,22,11,12,12,12,23,23,24,23,24,24,24,23,25,25,25,25,25,25,25,25","0.00648283958435059","infomap","edit-xhwikibooks.graphml"
"0.26","0.16","0.58","0.323709148947598","1,1,2,2,3,1,3,1,4,5,3,6,7,8,4,9,5,10,11,6,12,13,14,7,8,4,4,9,15,5,10,16,17,6,18,11,19,4,12,12,12,12,13,13,13,13,12,13,13,13,12,12,12,12,12,13,13,13,13,12,14,12,12,1,8,12,12,12,12,12,13,12,8,8,12,12,12,12,12,12,12,8,9,9,9,15,12,12,12,12,5,10,16,12,12,12,9,12,12,12,12,12,12,12,12,12,12,17,17,12,12,12,12,18,11,11,18,18,11,18,11,19,19,19,19,19,19,19,19","0.00889682769775391","infomap","edit-xhwikibooks.graphml"
"0.25","0.17","0.58","0.326841383306449","1,2,1,1,1,3,4,5,3,6,4,7,5,8,9,3,6,10,4,7,11,2,12,5,9,8,9,13,14,6,10,15,16,7,17,18,19,9,11,11,11,11,2,2,2,2,11,2,2,2,11,11,11,11,11,2,2,2,2,11,12,11,11,5,8,11,11,11,11,11,2,11,8,8,11,11,11,11,11,11,11,8,13,13,13,14,11,11,11,11,6,10,15,11,11,11,3,11,11,11,11,11,11,11,11,11,11,16,16,11,11,11,11,18,18,17,18,17,18,18,17,19,19,19,19,19,19,19,19","0.00671505928039551","infomap","edit-xhwikibooks.graphml"
"0.24","0.18","0.58","0.317131097812142","1,2,1,1,3,4,3,2,5,6,7,3,8,9,5,4,6,10,7,3,11,12,13,8,5,4,9,14,15,6,10,16,17,11,18,19,5,9,11,11,11,11,12,12,12,12,11,12,12,12,11,11,11,11,11,12,12,12,12,11,13,11,11,8,9,11,11,11,11,11,12,11,4,5,11,11,11,11,11,11,11,9,14,14,14,15,11,11,11,11,6,10,16,11,11,11,4,11,11,11,11,11,11,11,11,11,11,17,17,11,11,11,11,19,19,19,19,18,18,19,19,5,5,5,5,5,5,5,5","0.00675201416015625","infomap","edit-xhwikibooks.graphml"
"0.23","0.19","0.58","0.320489013920432","1,1,2,3,2,3,4,5,6,7,4,8,5,9,6,3,7,10,4,8,11,12,13,6,9,6,6,14,15,7,10,16,17,11,18,19,20,6,11,11,11,11,12,12,12,12,11,12,12,12,11,11,11,11,11,12,12,12,12,11,13,11,11,5,6,11,11,11,11,11,12,11,6,9,11,11,11,11,11,11,11,6,14,14,14,15,11,11,11,11,7,10,16,11,11,11,3,11,11,11,11,11,11,11,11,11,11,17,17,11,11,11,11,19,19,19,19,18,19,19,18,20,20,20,20,20,20,20,20","0.00852704048156738","infomap","edit-xhwikibooks.graphml"
"0.22","0.2","0.58","0.315422300906566","1,1,2,2,2,3,4,5,3,6,4,7,8,3,5,9,6,10,4,7,7,11,12,5,3,8,3,9,13,6,10,14,15,7,16,17,18,3,7,7,7,7,11,11,11,11,7,11,11,11,7,7,7,7,7,11,11,11,11,7,12,7,7,5,8,7,7,7,7,7,11,7,8,8,7,7,7,7,7,7,7,3,9,9,9,13,7,7,7,7,6,10,14,7,7,7,19,7,7,7,7,7,7,7,7,7,7,15,15,7,7,7,7,17,16,16,16,16,16,16,16,18,18,18,18,18,18,18,18","0.00667905807495117","infomap","edit-xhwikibooks.graphml"
"0.21","0.21","0.58","0.319906784753947","1,2,1,3,4,3,4,2,3,5,6,7,8,9,10,3,5,11,6,7,12,13,14,8,9,15,9,16,17,5,11,18,19,7,20,10,21,9,12,12,12,12,13,13,13,13,12,13,13,13,12,12,12,12,12,13,13,13,13,12,14,12,12,2,15,12,12,12,12,12,13,12,15,15,12,12,12,12,12,12,12,15,16,16,16,17,12,12,12,12,5,11,18,12,12,12,3,12,12,12,12,12,12,12,12,12,12,19,19,12,12,12,12,10,10,20,10,20,20,20,10,21,21,21,21,21,21,21,21","0.00664710998535156","infomap","edit-xhwikibooks.graphml"
"0.2","0.22","0.58","0.319042381958709","1,2,1,2,3,4,3,2,4,5,3,6,7,7,8,9,5,10,11,6,12,13,14,7,7,15,7,9,16,5,10,17,18,12,19,11,20,8,12,12,12,12,13,13,13,13,12,13,13,13,12,12,12,12,12,13,13,13,13,12,14,12,12,7,15,12,12,12,12,12,13,12,15,15,12,12,12,12,12,12,12,7,9,9,9,16,12,12,12,12,5,10,17,12,12,12,9,12,12,12,12,12,12,12,12,12,12,18,18,12,12,12,12,11,11,11,11,19,19,11,19,20,20,20,20,20,20,20,20","0.0106990337371826","infomap","edit-xhwikibooks.graphml"
"0.19","0.23","0.58","0.313808709482809","1,1,1,1,1,2,3,2,4,5,3,6,7,4,8,9,5,10,11,6,12,13,14,7,15,16,2,9,17,5,10,18,19,12,15,11,20,8,12,12,12,12,13,13,13,13,12,13,13,13,12,12,12,12,12,13,13,13,13,12,14,12,12,2,15,12,12,12,12,12,13,12,16,16,12,12,12,12,12,12,12,16,9,9,9,17,12,12,12,12,5,10,18,12,12,12,9,12,12,12,12,12,12,12,12,12,12,19,19,12,12,12,12,11,11,15,11,15,11,11,11,20,20,20,20,20,20,20,20","0.00652980804443359","infomap","edit-xhwikibooks.graphml"
"0.18","0.24","0.58","0.315147772622346","1,1,2,2,3,1,3,4,5,6,3,3,4,7,8,9,6,10,11,12,13,14,15,1,5,7,4,9,16,6,10,17,18,12,11,5,19,8,13,13,13,13,14,14,14,14,13,14,14,14,13,13,13,13,13,14,14,14,14,13,15,13,13,1,5,13,13,13,13,13,14,13,5,5,13,13,13,13,13,13,13,4,9,9,9,16,13,13,13,13,6,10,17,13,13,13,20,13,13,13,13,13,13,13,13,13,13,18,18,12,13,13,13,11,11,11,11,11,11,11,5,19,19,19,19,19,19,19,19","0.00689601898193359","infomap","edit-xhwikibooks.graphml"
"0.17","0.25","0.58","0.322827676056934","1,1,2,2,3,4,3,4,5,6,3,7,8,5,9,10,6,11,12,7,13,14,15,8,4,16,9,10,17,6,11,18,19,7,12,9,20,5,13,13,13,13,14,14,14,14,13,14,14,14,13,13,13,13,13,14,14,14,14,13,15,13,13,4,16,13,13,13,13,13,14,13,9,16,13,13,13,13,13,13,13,16,10,10,10,17,13,13,13,13,6,11,18,13,13,13,10,13,13,13,13,13,13,13,13,13,13,19,19,13,13,13,13,9,12,9,9,12,12,9,12,20,20,20,20,20,20,20,20","0.00639915466308594","infomap","edit-xhwikibooks.graphml"
"0.16","0.26","0.58","0.325933507941442","1,1,2,2,2,3,4,5,3,6,4,7,8,9,5,3,6,10,11,7,12,13,14,8,3,15,9,16,17,6,10,18,19,7,11,20,21,9,12,12,12,12,13,13,13,13,12,13,13,13,12,12,12,12,12,13,13,13,13,12,14,12,12,8,3,12,12,12,12,12,13,12,15,15,12,12,12,12,12,12,12,3,16,16,16,17,12,12,12,12,6,10,18,12,12,12,3,12,12,12,12,12,12,12,12,12,12,19,19,12,12,12,12,20,20,11,20,20,11,11,20,21,21,21,21,21,21,21,21","0.00666403770446777","infomap","edit-xhwikibooks.graphml"
"0.15","0.27","0.58","0.328925083694694","1,1,2,3,2,3,4,5,6,7,4,8,3,5,6,9,7,10,11,8,12,13,14,1,3,15,6,9,16,7,10,17,18,8,19,11,20,5,12,12,12,12,13,13,13,13,12,13,13,13,12,12,12,12,12,13,13,13,13,12,14,12,12,5,3,12,12,12,12,12,13,12,15,15,12,12,12,12,12,12,12,15,9,9,9,16,12,12,12,12,7,10,17,12,12,12,9,12,12,12,12,12,12,12,12,12,12,18,18,12,12,12,12,11,19,19,19,19,19,19,19,20,20,20,20,20,20,20,20","0.00859999656677246","infomap","edit-xhwikibooks.graphml"
"0.14","0.28","0.58","0.33260803383713","1,2,1,2,1,3,4,5,6,7,4,8,9,5,6,3,7,10,11,8,12,2,13,9,6,3,3,14,15,7,10,16,17,12,11,18,19,5,12,12,12,12,2,2,2,2,12,2,2,2,12,12,12,12,12,2,2,2,2,12,13,12,12,9,3,12,12,12,12,12,2,12,3,3,12,12,12,12,12,12,12,3,14,14,14,15,12,12,12,12,7,10,16,12,12,12,20,12,12,12,12,12,12,12,12,12,12,17,17,12,12,12,12,11,18,11,11,18,11,11,18,19,19,19,19,19,19,19,19","0.00667405128479004","infomap","edit-xhwikibooks.graphml"
"0.13","0.29","0.58","0.333949454473319","1,1,2,2,3,4,3,4,5,6,3,7,4,5,8,4,6,9,3,7,10,11,12,5,5,13,8,14,15,6,9,16,17,10,18,8,19,8,10,10,10,10,11,11,11,11,10,11,11,11,10,10,10,10,10,11,11,11,11,10,12,10,10,4,8,10,10,10,10,10,11,10,13,13,10,10,10,10,10,10,10,5,14,14,14,15,10,10,10,10,6,9,16,10,10,10,4,10,10,10,10,10,10,10,10,10,10,17,17,10,10,10,10,18,8,8,18,8,8,18,8,19,19,19,19,19,19,19,19","0.0067741870880127","infomap","edit-xhwikibooks.graphml"
"0.12","0.3","0.58","0.334352141415064","1,2,1,2,3,4,3,2,4,5,6,7,2,8,9,4,5,10,6,7,11,12,13,4,8,8,9,14,15,5,10,16,17,7,18,9,19,8,11,11,11,11,12,12,12,12,11,12,12,12,11,11,11,11,11,12,12,12,12,11,13,11,11,4,8,11,11,11,11,11,12,11,9,9,11,11,11,11,11,11,11,9,14,14,14,15,11,11,11,11,5,10,16,11,11,11,4,11,11,11,11,11,11,11,11,11,11,17,17,11,11,11,11,9,18,18,9,9,18,18,18,19,19,19,19,19,19,19,19","0.00830793380737305","infomap","edit-xhwikibooks.graphml"
"0.11","0.31","0.58","0.330088649152603","1,2,1,1,1,3,4,2,3,5,4,6,7,8,9,3,5,10,11,6,12,13,14,7,7,8,9,15,16,5,10,17,18,12,11,19,20,9,12,12,12,12,13,13,13,13,12,13,13,13,12,12,12,12,12,13,13,13,13,12,14,12,12,2,8,12,12,12,12,12,13,12,8,8,12,12,12,12,12,12,12,7,15,15,15,16,12,12,12,12,5,10,17,12,12,12,3,12,12,12,12,12,12,12,12,12,12,18,18,12,12,12,12,19,19,19,19,19,19,11,19,20,20,20,20,20,20,20,20","0.00664496421813965","infomap","edit-xhwikibooks.graphml"
"0.1","0.32","0.58","0.336107258949212","1,1,2,2,2,3,4,1,3,5,4,6,7,8,9,3,5,10,11,6,12,13,14,7,8,15,8,16,17,5,10,18,19,6,11,20,9,8,12,12,12,12,13,13,13,13,12,13,13,13,12,12,12,12,12,13,13,13,13,12,14,12,12,1,8,12,12,12,12,12,13,12,15,8,12,12,12,12,12,12,12,15,16,16,16,17,12,12,12,12,5,10,18,12,12,12,3,12,12,12,12,12,12,12,12,12,12,19,19,12,12,12,12,20,20,11,20,11,20,11,11,9,9,9,9,9,9,9,9","0.00629401206970215","infomap","edit-xhwikibooks.graphml"
"0.09","0.33","0.58","0.324130132910137","1,2,1,3,4,3,4,5,3,6,7,4,8,5,9,3,6,10,7,11,12,2,13,8,14,14,9,15,16,6,10,17,18,11,19,20,21,5,12,12,12,12,2,2,2,2,12,2,2,2,12,12,12,12,12,2,2,2,2,12,13,12,12,8,14,12,12,12,12,12,2,12,9,14,12,12,12,12,12,12,12,9,15,15,15,16,12,12,12,12,6,10,17,12,12,12,3,12,12,12,12,12,12,12,12,12,12,18,18,11,12,12,12,9,19,19,20,19,19,20,19,21,21,21,21,21,21,21,21","0.00833606719970703","infomap","edit-xhwikibooks.graphml"
"0.08","0.34","0.58","0.34010847712101","1,2,1,1,3,2,3,2,4,5,6,3,7,4,8,9,5,10,6,11,12,13,14,7,4,15,8,9,2,5,10,16,17,11,18,19,20,8,12,12,12,12,13,13,13,13,12,13,13,13,12,12,12,12,12,13,13,13,13,12,14,12,12,7,8,12,12,12,12,12,13,12,8,15,12,12,12,12,12,12,12,8,9,9,9,2,12,12,12,12,5,10,16,12,12,12,21,12,12,12,12,12,12,12,12,12,12,17,17,12,12,12,12,18,18,18,19,18,19,19,19,20,20,20,20,20,20,20,20","0.00654196739196777","infomap","edit-xhwikibooks.graphml"
"0.07","0.35","0.58","0.334904873645478","1,1,2,2,2,3,4,5,3,6,7,4,8,5,9,3,6,10,7,11,12,13,14,8,9,15,15,16,17,6,10,18,19,11,20,21,22,22,12,12,12,12,13,13,13,13,12,13,13,13,12,12,12,12,12,13,13,13,13,12,14,12,12,8,9,12,12,12,12,12,13,12,15,15,12,12,12,12,12,12,12,9,16,16,16,17,12,12,12,12,6,10,18,12,12,12,3,12,12,12,12,12,12,12,12,12,12,19,19,12,12,12,12,21,21,20,20,21,21,20,21,22,22,22,22,22,22,22,22","0.00852704048156738","infomap","edit-xhwikibooks.graphml"
"0.06","0.36","0.58","0.338056136150749","1,2,1,3,4,3,4,2,5,6,7,4,8,9,5,3,6,10,7,11,12,13,14,8,5,15,9,16,17,6,10,18,19,11,20,21,22,5,12,12,12,12,13,13,13,13,12,13,13,13,12,12,12,12,12,13,13,13,13,12,14,12,12,2,9,12,12,12,12,12,13,12,9,15,12,12,12,12,12,12,12,9,16,16,16,17,12,12,12,12,6,10,18,12,12,12,3,12,12,12,12,12,12,12,12,12,12,19,19,12,12,12,12,21,20,21,21,20,21,20,21,22,22,22,22,22,22,22,22","0.0082850456237793","infomap","edit-xhwikibooks.graphml"
"0.05","0.37","0.58","0.340440711196588","1,2,1,1,3,2,3,2,4,5,6,7,4,4,8,9,5,10,6,7,11,12,13,2,8,4,4,9,14,5,10,15,16,7,17,18,19,4,11,11,11,11,12,12,12,12,11,12,12,12,11,11,11,11,11,12,12,12,12,11,13,11,11,2,8,11,11,11,11,11,12,11,8,4,11,11,11,11,11,11,11,8,9,9,9,14,11,11,11,11,5,10,15,11,11,11,20,11,11,11,11,11,11,11,11,11,11,16,16,11,11,11,11,17,18,17,17,17,17,18,18,19,19,19,19,19,19,19,19","0.00660610198974609","infomap","edit-xhwikibooks.graphml"
"0.04","0.38","0.58","0.337064937669404","1,1,2,2,3,4,3,5,6,7,3,3,8,5,4,9,7,10,11,3,12,13,14,8,4,15,15,9,16,7,10,17,18,3,11,6,19,6,12,12,12,12,13,13,13,13,12,13,13,13,12,12,12,12,12,13,13,13,13,12,14,12,12,8,15,12,12,12,12,12,13,12,15,4,12,12,12,12,12,12,12,4,9,9,9,16,12,12,12,12,7,10,17,12,12,12,9,12,12,12,12,12,12,12,12,12,12,18,18,12,12,12,12,6,6,11,11,11,11,11,6,19,19,19,19,19,19,19,19","0.00831198692321777","infomap","edit-xhwikibooks.graphml"
"0.03","0.39","0.58","0.333765287265436","1,1,2,3,2,3,4,5,6,7,4,8,5,9,6,10,7,11,4,8,12,13,14,3,15,16,9,10,17,7,11,18,19,8,15,20,21,9,12,12,12,12,13,13,13,13,12,13,13,13,12,12,12,12,12,13,13,13,13,12,14,12,12,3,9,12,12,12,12,12,13,12,9,16,12,12,12,12,12,12,12,15,10,10,10,17,12,12,12,12,7,11,18,12,12,12,10,12,12,12,12,12,12,12,12,12,12,19,19,12,12,12,12,15,20,15,20,15,20,20,15,21,21,21,21,21,21,21,21","0.00679779052734375","infomap","edit-xhwikibooks.graphml"
"0.02","0.4","0.58","0.334701960803766","1,2,1,1,3,2,3,2,4,5,6,7,8,4,9,10,5,11,6,7,12,13,14,8,9,15,4,10,16,5,11,17,18,12,19,20,21,4,12,12,12,12,13,13,13,13,12,13,13,13,12,12,12,12,12,13,13,13,13,12,14,12,12,8,9,12,12,12,12,12,13,12,9,15,12,12,12,12,12,12,12,4,10,10,10,16,12,12,12,12,5,11,17,12,12,12,22,12,12,12,12,12,12,12,12,12,12,18,18,12,12,12,12,20,19,20,20,19,20,20,20,21,21,21,21,21,21,21,21","0.0066831111907959","infomap","edit-xhwikibooks.graphml"
"0.01","0.41","0.58","0.334892312042103","1,2,1,1,1,3,4,3,3,5,6,4,7,8,9,3,5,10,6,4,2,11,12,7,7,8,8,13,14,5,10,15,16,2,17,18,9,8,2,2,2,2,11,11,11,11,2,11,11,11,2,2,2,2,2,11,11,11,11,2,12,2,2,7,7,2,2,2,2,2,11,2,7,7,2,2,2,2,2,2,2,8,13,13,13,14,2,2,2,2,5,10,15,2,2,2,3,2,2,2,2,2,2,2,2,2,2,16,16,2,2,2,2,18,18,17,17,17,17,18,17,9,9,9,9,9,9,9,9","0.00858306884765625","infomap","edit-xhwikibooks.graphml"
"0","0.42","0.58","0.329746258622131","1,2,1,3,4,3,4,3,5,6,4,7,8,5,9,3,6,10,11,7,2,12,13,8,3,14,9,15,16,6,10,17,18,2,19,11,20,9,2,2,2,2,12,12,12,12,2,12,12,12,2,2,2,2,2,12,12,12,12,2,13,2,2,8,9,2,2,2,2,2,12,2,14,9,2,2,2,2,2,2,2,9,15,15,15,16,2,2,2,2,6,10,17,2,2,2,3,2,2,2,2,2,2,2,2,2,2,18,18,2,2,2,2,19,11,11,19,19,11,19,11,20,20,20,20,20,20,20,20","0.00659513473510742","infomap","edit-xhwikibooks.graphml"
"0.41","0","0.59","0.329928663879407","1,1,2,2,3,4,3,5,5,6,3,7,8,5,9,4,6,3,10,7,11,12,13,8,9,14,15,16,17,18,19,20,7,21,10,22,23,9,11,11,11,11,12,12,12,12,11,12,12,12,11,11,11,11,11,12,12,12,12,11,13,11,11,5,9,11,11,11,11,11,12,11,14,14,11,11,11,11,11,11,11,15,16,16,16,17,11,11,11,11,18,19,20,11,11,11,4,11,11,11,11,11,11,11,11,11,11,7,7,21,11,11,11,10,10,10,10,10,10,22,10,23,23,23,23,23,23,23,23","0.00683498382568359","infomap","edit-xhwikibooks.graphml"
"0.4","0.01","0.59","0.324137483076219","1,2,1,3,4,3,4,2,3,3,5,6,7,8,9,10,3,5,11,6,12,13,14,7,8,9,15,16,17,18,19,20,6,21,22,11,23,8,12,12,12,12,13,13,13,13,12,13,13,13,12,12,12,12,12,13,13,13,13,12,14,12,12,7,9,12,12,12,12,12,13,12,9,8,12,12,12,12,12,12,12,15,16,16,16,17,12,12,12,12,18,19,20,12,12,12,10,12,12,12,12,12,12,12,12,12,12,6,6,21,12,12,12,22,11,11,11,11,22,11,11,23,23,23,23,23,23,23,23","0.00678086280822754","infomap","edit-xhwikibooks.graphml"
"0.39","0.02","0.59","0.318136989664575","1,2,1,3,4,3,4,5,6,7,4,4,5,5,6,8,7,4,9,10,2,11,12,13,14,14,15,16,17,18,19,20,10,21,22,9,23,6,2,2,2,2,11,11,11,11,2,11,11,11,2,2,2,2,2,11,11,11,11,2,12,2,2,13,15,2,2,2,2,2,11,2,15,14,2,2,2,2,2,2,2,15,16,16,16,17,2,2,2,2,18,19,20,2,2,2,8,2,2,2,2,2,2,2,2,2,2,10,10,21,2,2,2,9,22,9,22,9,22,9,9,23,23,23,23,23,23,23,23","0.00694108009338379","infomap","edit-xhwikibooks.graphml"
"0.38","0.03","0.59","0.321604076801347","1,1,1,2,3,2,3,4,5,6,7,3,4,5,4,8,6,7,9,10,11,12,13,14,15,16,17,18,19,20,21,22,10,23,24,9,25,5,11,11,11,11,12,12,12,12,11,12,12,12,11,11,11,11,11,12,12,12,12,11,13,11,11,14,15,11,11,11,11,11,12,11,16,16,11,11,11,11,11,11,11,17,18,18,18,19,11,11,11,11,20,21,22,11,11,11,8,11,11,11,11,11,11,11,11,11,11,10,10,23,11,11,11,24,24,24,24,24,24,24,24,25,25,25,25,25,25,25,25","0.00715017318725586","infomap","edit-xhwikibooks.graphml"
"0.37","0.04","0.59","0.327190273250098","1,2,1,3,4,3,4,2,5,6,4,7,8,2,5,9,6,4,10,7,11,12,13,14,8,15,16,17,18,19,20,21,22,7,10,23,24,5,11,11,11,11,12,12,12,12,11,12,12,12,11,11,11,11,11,12,12,12,12,11,13,11,11,14,8,11,11,11,11,11,12,11,8,15,11,11,11,11,11,11,11,16,17,17,17,18,11,11,11,11,19,20,21,11,11,11,9,11,11,11,11,11,11,11,11,11,11,22,22,11,11,11,11,10,23,10,10,23,23,23,23,24,24,24,24,24,24,24,24","0.00865697860717773","infomap","edit-xhwikibooks.graphml"
"0.36","0.05","0.59","0.322099141503813","1,1,2,2,2,3,4,5,6,7,8,4,9,5,6,3,7,8,10,11,12,13,14,9,15,16,17,18,19,20,21,22,11,23,24,10,25,5,12,12,12,12,13,13,13,13,12,13,13,13,12,12,12,12,12,13,13,13,13,12,14,12,12,9,15,12,12,12,12,12,13,12,16,17,12,12,12,12,12,12,12,17,18,18,18,19,12,12,12,12,20,21,22,12,12,12,3,12,12,12,12,12,12,12,12,12,12,11,11,23,12,12,12,10,24,24,24,10,10,24,10,25,25,25,25,25,25,25,25","0.00688695907592773","infomap","edit-xhwikibooks.graphml"
"0.35","0.06","0.59","0.32759392143315","1,2,1,3,1,3,4,5,6,7,8,4,5,6,9,10,7,8,8,11,12,2,13,14,15,16,17,10,18,19,20,21,11,22,23,9,24,9,12,12,12,12,2,2,2,2,12,2,2,2,12,12,12,12,12,2,2,2,2,12,13,12,12,14,15,12,12,12,12,12,2,12,17,16,12,12,12,12,12,12,12,17,10,10,10,18,12,12,12,12,19,20,21,12,12,12,10,12,12,12,12,12,12,12,12,12,12,11,11,22,12,12,12,23,9,23,9,23,23,23,23,24,24,24,24,24,24,24,24","0.00642013549804688","infomap","edit-xhwikibooks.graphml"
"0.34","0.07","0.59","0.32730438268901","1,2,1,3,4,3,4,5,6,7,4,8,9,5,6,10,7,4,11,8,12,2,13,9,14,15,6,10,16,17,18,19,20,21,11,22,23,5,12,12,12,12,2,2,2,2,12,2,2,2,12,12,12,12,12,2,2,2,2,12,13,12,12,5,14,12,12,12,12,12,2,12,15,6,12,12,12,12,12,12,12,15,10,10,10,16,12,12,12,12,17,18,19,12,12,12,10,12,12,12,12,12,12,12,12,12,12,20,20,21,12,12,12,22,22,22,11,11,22,11,22,23,23,23,23,23,23,23,23","0.00711798667907715","infomap","edit-xhwikibooks.graphml"
"0.33","0.08","0.59","0.325069655070937","1,1,2,1,2,3,4,3,5,6,4,7,8,9,5,10,6,4,5,7,11,12,13,14,9,15,8,16,17,18,19,20,21,22,23,5,24,5,11,11,11,11,12,12,12,12,11,12,12,12,11,11,11,11,11,12,12,12,12,11,13,11,11,14,9,11,11,11,11,11,12,11,8,15,11,11,11,11,11,11,11,8,16,16,16,17,11,11,11,11,18,19,20,11,11,11,10,11,11,11,11,11,11,11,11,11,11,7,21,22,11,11,11,23,5,23,23,23,5,23,5,24,24,24,24,24,24,24,24","0.0073089599609375","infomap","edit-xhwikibooks.graphml"
"0.32","0.09","0.59","0.316075866464819","1,2,3,2,3,1,4,5,5,6,4,7,8,9,5,1,6,4,10,7,11,2,12,13,14,8,9,15,16,17,18,19,7,20,21,10,22,5,11,11,11,11,2,2,2,2,11,2,2,2,11,11,11,11,11,2,2,2,2,11,12,11,11,13,14,11,11,11,11,11,2,11,8,14,11,11,11,11,11,11,11,8,15,15,15,16,11,11,11,11,17,18,19,11,11,11,1,11,11,11,11,11,11,11,11,11,11,7,7,20,11,11,11,21,10,10,21,10,10,10,21,22,22,22,22,22,22,22,22","0.00644707679748535","infomap","edit-xhwikibooks.graphml"
"0.31","0.1","0.59","0.310015751300103","1,1,2,3,2,3,4,5,6,7,4,8,9,6,5,3,7,4,10,8,11,12,13,9,14,15,16,17,18,19,20,21,22,23,24,10,25,6,11,11,11,11,12,12,12,12,11,12,12,12,11,11,11,11,11,12,12,12,12,11,13,11,11,5,14,11,11,11,11,11,12,11,15,16,11,11,11,11,11,11,11,16,17,17,17,18,11,11,11,11,19,20,21,11,11,11,3,11,11,11,11,11,11,11,11,11,11,22,22,23,11,11,11,10,10,24,10,24,24,24,10,25,25,25,25,25,25,25,25","0.00621891021728516","infomap","edit-xhwikibooks.graphml"
"0.3","0.11","0.59","0.319296407325884","1,2,1,3,4,3,4,5,3,6,7,4,8,5,9,3,6,7,7,10,11,2,12,8,13,14,15,16,17,18,19,20,10,21,9,22,23,9,11,11,11,11,2,2,2,2,11,2,2,2,11,11,11,11,11,2,2,2,2,11,12,11,11,8,13,11,11,11,11,11,2,11,14,14,11,11,11,11,11,11,11,15,16,16,16,17,11,11,11,11,18,19,20,11,11,11,3,11,11,11,11,11,11,11,11,11,11,10,10,21,11,11,11,22,9,9,9,22,22,22,9,23,23,23,23,23,23,23,23","0.00649690628051758","infomap","edit-xhwikibooks.graphml"
"0.29","0.12","0.59","0.318026676992233","1,2,1,3,4,3,4,2,5,6,4,7,8,9,5,3,6,4,10,7,11,12,13,8,9,14,5,15,16,17,18,19,20,21,22,10,23,9,11,11,11,11,12,12,12,12,11,12,12,12,11,11,11,11,11,12,12,12,12,11,13,11,11,8,5,11,11,11,11,11,12,11,14,9,11,11,11,11,11,11,11,14,15,15,15,16,11,11,11,11,17,18,19,11,11,11,3,11,11,11,11,11,11,11,11,11,11,20,20,21,11,11,11,22,22,10,10,10,10,22,10,23,23,23,23,23,23,23,23","0.0068361759185791","infomap","edit-xhwikibooks.graphml"
"0.28","0.13","0.59","0.305389157522222","1,1,2,3,2,3,4,5,3,6,7,4,8,5,9,10,6,7,7,11,12,13,14,8,15,16,17,18,19,20,21,22,11,23,24,25,26,9,12,12,12,12,13,13,13,13,12,13,13,13,12,12,12,12,12,13,13,13,13,12,14,12,12,5,15,12,12,12,12,12,13,12,16,16,12,12,12,12,12,12,12,17,18,18,18,19,12,12,12,12,20,21,22,12,12,12,10,12,12,12,12,12,12,12,12,12,12,11,11,23,12,12,12,25,24,25,24,25,25,24,24,9,9,26,26,26,9,26,26","0.00646090507507324","infomap","edit-xhwikibooks.graphml"
"0.27","0.14","0.59","0.318016925368741","1,2,1,3,4,3,4,2,5,5,6,7,8,9,10,3,5,6,10,7,11,12,13,8,14,9,15,16,17,18,19,20,21,22,23,10,24,10,11,11,11,11,12,12,12,12,11,12,12,12,11,11,11,11,11,12,12,12,12,11,13,11,11,8,14,11,11,11,11,11,12,11,15,15,11,11,11,11,11,11,11,15,16,16,16,17,11,11,11,11,18,19,20,11,11,11,3,11,11,11,11,11,11,11,11,11,11,21,21,22,11,11,11,10,23,23,23,10,10,23,23,24,24,24,24,24,24,24,24","0.00654983520507812","infomap","edit-xhwikibooks.graphml"
"0.26","0.15","0.59","0.319998078130328","1,2,1,1,3,4,3,2,4,5,6,3,7,8,9,10,5,6,6,11,12,13,14,7,15,16,8,17,18,19,20,21,11,22,23,9,24,9,12,12,12,12,13,13,13,13,12,13,13,13,12,12,12,12,12,13,13,13,13,12,14,12,12,2,15,12,12,12,12,12,13,12,16,16,12,12,12,12,12,12,12,8,17,17,17,18,12,12,12,12,19,20,21,12,12,12,10,12,12,12,12,12,12,12,12,12,12,11,11,22,12,12,12,23,9,23,23,23,23,9,9,24,24,24,24,24,24,24,24","0.00634193420410156","infomap","edit-xhwikibooks.graphml"
"0.25","0.16","0.59","0.320885624023382","1,2,1,1,3,4,3,2,5,6,7,3,8,9,5,4,6,7,10,11,12,13,14,8,15,9,16,17,18,19,20,21,22,11,10,23,24,2,12,12,12,12,13,13,13,13,12,13,13,13,12,12,12,12,12,13,13,13,13,12,14,12,12,2,15,12,12,12,12,12,13,12,15,15,12,12,12,12,12,12,12,16,17,17,17,18,12,12,12,12,19,20,21,12,12,12,4,12,12,12,12,12,12,12,12,12,12,22,22,12,12,12,12,10,10,10,23,10,23,10,23,24,24,24,24,24,24,24,24","0.00679516792297363","infomap","edit-xhwikibooks.graphml"
"0.24","0.17","0.59","0.318842409457684","1,2,1,1,3,4,3,5,5,4,3,6,2,5,7,8,4,3,3,6,9,10,11,2,12,13,14,8,15,16,17,18,19,20,21,22,7,7,9,9,9,9,10,10,10,10,9,10,10,10,9,9,9,9,9,10,10,10,10,9,11,9,9,5,12,9,9,9,9,9,10,9,13,12,9,9,9,9,9,9,9,14,8,8,8,15,9,9,9,9,16,17,18,9,9,9,8,9,9,9,9,9,9,9,9,9,9,19,19,20,9,9,9,22,22,21,22,21,22,22,22,7,7,7,7,7,7,7,7","0.00624489784240723","infomap","edit-xhwikibooks.graphml"
"0.23","0.18","0.59","0.31563640457872","1,2,1,3,4,3,4,5,6,7,4,4,8,6,5,9,7,4,10,11,12,13,14,2,15,16,8,17,18,19,20,21,11,22,23,10,24,5,12,12,12,12,13,13,13,13,12,13,13,13,12,12,12,12,12,13,13,13,13,12,14,12,12,2,15,12,12,12,12,12,13,12,16,8,12,12,12,12,12,12,12,8,17,17,17,18,12,12,12,12,19,20,21,12,12,12,9,12,12,12,12,12,12,12,12,12,12,11,11,22,12,12,12,10,23,23,10,23,23,23,23,24,24,24,24,24,24,24,24","0.0066380500793457","infomap","edit-xhwikibooks.graphml"
"0.22","0.19","0.59","0.318529675037357","1,2,1,3,4,3,4,5,5,6,4,7,2,8,5,9,6,10,4,7,11,12,13,2,8,14,14,9,15,6,10,16,17,11,18,19,20,5,11,11,11,11,12,12,12,12,11,12,12,12,11,11,11,11,11,12,12,12,12,11,13,11,11,2,8,11,11,11,11,11,12,11,8,14,11,11,11,11,11,11,11,14,9,9,9,15,11,11,11,11,6,10,16,11,11,11,9,11,11,11,11,11,11,11,11,11,11,17,17,11,11,11,11,18,18,18,19,18,18,18,19,20,20,20,20,20,20,20,20","0.00646185874938965","infomap","edit-xhwikibooks.graphml"
"0.21","0.2","0.59","0.315697988940808","1,2,1,3,4,3,4,3,5,6,7,8,9,10,5,11,6,12,7,8,2,13,14,9,10,15,10,11,16,6,12,17,18,8,19,20,21,5,2,2,2,2,13,13,13,13,2,13,13,13,2,2,2,2,2,13,13,13,13,2,14,2,2,9,10,2,2,2,2,2,13,2,15,15,2,2,2,2,2,2,2,15,11,11,11,16,2,2,2,2,6,12,17,2,2,2,11,2,2,2,2,2,2,2,2,2,2,18,18,2,2,2,2,20,20,19,19,19,19,20,20,21,21,21,21,21,21,21,21","0.00661587715148926","infomap","edit-xhwikibooks.graphml"
"0.2","0.21","0.59","0.312515923634255","1,2,3,3,4,1,4,1,5,6,4,7,8,5,8,1,6,9,10,7,2,11,12,1,8,13,13,14,15,6,9,16,17,2,10,18,19,19,2,2,2,2,11,11,11,11,2,11,11,11,2,2,2,2,2,11,11,11,11,2,12,2,2,1,13,2,2,2,2,2,11,2,13,13,2,2,2,2,2,2,2,13,14,14,14,15,2,2,2,2,6,9,16,2,2,2,1,2,2,2,2,2,2,2,2,2,2,17,17,2,2,2,2,10,18,10,18,10,18,10,10,19,19,19,19,19,19,19,19","0.0127987861633301","infomap","edit-xhwikibooks.graphml"
"0.19","0.22","0.59","0.306561277771347","1,1,2,2,2,3,4,3,3,5,4,6,7,8,9,10,5,11,12,6,13,14,15,7,8,16,9,10,17,5,11,18,19,13,20,12,21,8,13,13,13,13,14,14,14,14,13,14,14,14,13,13,13,13,13,14,14,14,14,13,15,13,13,7,8,13,13,13,13,13,14,13,16,8,13,13,13,13,13,13,13,8,10,10,10,17,13,13,13,13,5,11,18,13,13,13,10,13,13,13,13,13,13,13,13,13,13,19,19,13,13,13,13,20,20,20,20,12,20,12,20,9,9,9,9,9,21,21,21","0.00644087791442871","infomap","edit-xhwikibooks.graphml"
"0.18","0.23","0.59","0.317716234436772","1,1,2,2,3,4,3,5,4,6,7,8,5,9,5,4,6,10,7,8,11,12,13,9,9,14,14,15,16,6,10,17,18,11,19,20,21,9,11,11,11,11,12,12,12,12,11,12,12,12,11,11,11,11,11,12,12,12,12,11,13,11,11,9,9,11,11,11,11,11,12,11,14,9,11,11,11,11,11,11,11,14,15,15,15,16,11,11,11,11,6,10,17,11,11,11,4,11,11,11,11,11,11,11,11,11,11,18,18,11,11,11,11,20,20,19,20,19,20,19,19,21,21,21,21,21,21,21,21","0.00651001930236816","infomap","edit-xhwikibooks.graphml"
"0.17","0.24","0.59","0.325830364673494","1,1,2,2,2,3,4,3,5,6,4,7,8,5,9,10,6,11,12,7,13,14,15,8,9,5,5,10,16,6,11,17,18,7,12,19,20,5,13,13,13,13,14,14,14,14,13,14,14,14,13,13,13,13,13,14,14,14,14,13,15,13,13,3,5,13,13,13,13,13,14,13,9,9,13,13,13,13,13,13,13,9,10,10,10,16,13,13,13,13,6,11,17,13,13,13,10,13,13,13,13,13,13,13,13,13,13,18,18,13,13,13,13,19,12,12,19,12,12,19,19,20,20,20,20,20,20,20,20","0.00646710395812988","infomap","edit-xhwikibooks.graphml"
"0.16","0.25","0.59","0.329186600433982","1,2,1,1,3,4,3,5,4,6,3,7,8,5,9,4,6,10,3,7,11,2,12,8,13,13,5,14,15,6,10,16,17,11,18,19,20,9,11,11,11,11,2,2,2,2,11,2,2,2,11,11,11,11,11,2,2,2,2,11,12,11,11,5,5,11,11,11,11,11,2,11,13,13,11,11,11,11,11,11,11,13,14,14,14,15,11,11,11,11,6,10,16,11,11,11,4,11,11,11,11,11,11,11,11,11,11,17,17,11,11,11,11,19,18,18,18,18,19,18,18,20,20,20,20,20,20,20,20","0.00673890113830566","infomap","edit-xhwikibooks.graphml"
"0.15","0.26","0.59","0.322171921571729","1,1,2,2,3,4,3,5,4,6,3,3,5,7,8,9,6,10,3,11,11,12,13,4,5,7,8,9,14,6,10,15,16,11,17,18,19,8,11,11,11,11,12,12,12,12,11,12,12,12,11,11,11,11,11,12,12,12,12,11,13,11,11,5,8,11,11,11,11,11,12,11,8,8,11,11,11,11,11,11,11,8,9,9,9,14,11,11,11,11,6,10,15,11,11,11,9,11,11,11,11,11,11,11,11,11,11,16,16,11,11,11,11,17,18,18,18,17,17,17,17,19,19,19,19,19,19,19,19","0.00844001770019531","infomap","edit-xhwikibooks.graphml"
"0.14","0.27","0.59","0.31644864750634","1,1,2,2,3,4,3,5,6,7,8,3,9,5,6,4,7,10,8,3,11,12,13,9,4,14,14,15,16,7,10,17,18,11,19,20,21,21,11,11,11,11,12,12,12,12,11,12,12,12,11,11,11,11,11,12,12,12,12,11,13,11,11,5,4,11,11,11,11,11,12,11,14,14,11,11,11,11,11,11,11,14,15,15,15,16,11,11,11,11,7,10,17,11,11,11,4,11,11,11,11,11,11,11,11,11,11,18,18,11,11,11,11,19,20,20,20,19,19,20,19,21,21,21,21,21,21,21,21","0.012944221496582","infomap","edit-xhwikibooks.graphml"
"0.13","0.28","0.59","0.319565107910306","1,1,2,2,2,3,4,3,5,6,7,4,8,9,5,3,6,10,7,11,11,12,13,8,9,14,3,15,16,6,10,17,18,11,19,5,20,5,11,11,11,11,12,12,12,12,11,12,12,12,11,11,11,11,11,12,12,12,12,11,13,11,11,8,3,11,11,11,11,11,12,11,9,14,11,11,11,11,11,11,11,9,15,15,15,16,11,11,11,11,6,10,17,11,11,11,3,11,11,11,11,11,11,11,11,11,11,18,18,11,11,11,11,5,19,5,19,5,19,19,19,20,20,20,20,20,20,20,20","0.00868105888366699","infomap","edit-xhwikibooks.graphml"
"0.12","0.29","0.59","0.322334305988381","1,2,1,2,1,3,4,3,5,6,4,4,7,5,8,9,6,10,11,12,12,2,13,7,8,14,14,9,15,6,10,16,17,12,11,18,19,5,12,12,12,12,2,2,2,2,12,2,2,2,12,12,12,12,12,2,2,2,2,12,13,12,12,3,8,12,12,12,12,12,2,12,14,14,12,12,12,12,12,12,12,8,9,9,9,15,12,12,12,12,6,10,16,12,12,12,9,12,12,12,12,12,12,12,12,12,12,17,17,12,12,12,12,11,11,18,18,11,11,18,18,19,19,19,19,19,19,19,19","0.00852608680725098","infomap","edit-xhwikibooks.graphml"
"0.11","0.3","0.59","0.323488384312254","1,2,1,1,3,4,3,2,4,5,3,6,7,4,8,4,5,9,10,6,11,12,13,7,8,14,8,15,16,5,9,17,18,11,19,10,20,8,11,11,11,11,12,12,12,12,11,12,12,12,11,11,11,11,11,12,12,12,12,11,13,11,11,2,14,11,11,11,11,11,12,11,14,8,11,11,11,11,11,11,11,8,15,15,15,16,11,11,11,11,5,9,17,11,11,11,4,11,11,11,11,11,11,11,11,11,11,18,18,11,11,11,11,10,10,10,10,10,10,19,19,20,20,20,20,20,20,20,20","0.0141289234161377","infomap","edit-xhwikibooks.graphml"
"0.1","0.31","0.59","0.329362657158942","1,2,3,3,4,1,4,1,5,6,4,7,8,5,9,10,6,11,12,7,13,2,14,5,5,8,9,10,15,6,11,16,17,7,18,12,19,9,13,13,13,13,2,2,2,2,13,2,2,2,13,13,13,13,13,2,2,2,2,13,14,13,13,1,5,13,13,13,13,13,2,13,8,5,13,13,13,13,13,13,13,5,10,10,10,15,13,13,13,13,6,11,16,13,13,13,10,13,13,13,13,13,13,13,13,13,13,17,17,13,13,13,13,18,18,18,12,18,18,18,12,19,19,19,19,19,19,19,19","0.00673508644104004","infomap","edit-xhwikibooks.graphml"
"0.09","0.32","0.59","0.322800455012674","1,2,1,2,3,4,3,2,4,5,6,3,7,8,7,4,5,9,6,10,11,12,13,2,8,14,7,15,16,5,9,17,18,10,19,20,21,7,11,11,11,11,12,12,12,12,11,12,12,12,11,11,11,11,11,12,12,12,12,11,13,11,11,2,14,11,11,11,11,11,12,11,14,8,11,11,11,11,11,11,11,7,15,15,15,16,11,11,11,11,5,9,17,11,11,11,4,11,11,11,11,11,11,11,11,11,11,18,18,11,11,11,11,20,20,19,19,19,20,20,20,21,21,21,21,21,21,21,21","0.00632691383361816","infomap","edit-xhwikibooks.graphml"
"0.08","0.33","0.59","0.328058924936028","1,1,2,2,3,1,3,1,4,5,6,3,7,8,4,1,5,9,6,10,11,12,13,7,8,14,4,15,16,5,9,17,18,10,19,20,21,4,11,11,11,11,12,12,12,12,11,12,12,12,11,11,11,11,11,12,12,12,12,11,13,11,11,7,4,11,11,11,11,11,12,11,14,8,11,11,11,11,11,11,11,8,15,15,15,16,11,11,11,11,5,9,17,11,11,11,22,11,11,11,11,11,11,11,11,11,11,18,18,11,11,11,11,20,19,19,19,20,19,20,19,21,21,21,21,21,21,21,21","0.0065619945526123","infomap","edit-xhwikibooks.graphml"
"0.07","0.34","0.59","0.337753789077979","1,1,2,2,3,4,3,5,4,6,7,8,9,5,4,10,6,11,7,8,12,13,14,9,4,15,4,10,16,6,11,17,18,12,19,20,21,4,12,12,12,12,13,13,13,13,12,13,13,13,12,12,12,12,12,13,13,13,13,12,14,12,12,9,4,12,12,12,12,12,13,12,15,15,12,12,12,12,12,12,12,4,10,10,10,16,12,12,12,12,6,11,17,12,12,12,10,12,12,12,12,12,12,12,12,12,12,18,18,12,12,12,12,19,19,19,19,19,19,19,20,21,21,21,21,21,21,21,21","0.00849008560180664","infomap","edit-xhwikibooks.graphml"
"0.06","0.35","0.59","0.331846931546838","1,2,1,3,4,3,4,5,6,7,8,9,5,6,10,11,7,12,8,9,13,2,14,10,6,15,5,11,16,7,12,17,18,9,19,20,21,10,13,13,13,13,2,2,2,2,13,2,2,2,13,13,13,13,13,2,2,2,2,13,14,13,13,10,6,13,13,13,13,13,2,13,6,15,13,13,13,13,13,13,13,5,11,11,11,16,13,13,13,13,7,12,17,13,13,13,11,13,13,13,13,13,13,13,13,13,13,18,18,13,13,13,13,19,20,19,19,20,19,20,20,21,21,21,21,21,21,21,21","0.00852513313293457","infomap","edit-xhwikibooks.graphml"
"0.05","0.36","0.59","0.330235389886399","1,2,1,1,3,4,3,5,4,6,3,3,7,5,8,9,6,10,11,12,2,13,14,7,5,15,5,9,16,6,10,17,18,12,11,19,8,5,2,2,2,2,13,13,13,13,2,13,13,13,2,2,2,2,2,13,13,13,13,2,14,2,2,7,5,2,2,2,2,2,13,2,5,15,2,2,2,2,2,2,2,15,9,9,9,16,2,2,2,2,6,10,17,2,2,2,9,2,2,2,2,2,2,2,2,2,2,18,18,2,2,2,2,11,11,19,19,19,19,11,11,8,8,8,8,8,8,8,8","0.0128419399261475","infomap","edit-xhwikibooks.graphml"
"0.04","0.37","0.59","0.332177185688252","1,2,1,2,3,4,3,5,4,6,7,8,5,9,10,4,6,11,7,8,12,2,13,5,9,14,10,15,16,6,11,17,18,12,19,20,21,10,12,12,12,12,2,2,2,2,12,2,2,2,12,12,12,12,12,2,2,2,2,12,13,12,12,5,9,12,12,12,12,12,2,12,14,9,12,12,12,12,12,12,12,9,15,15,15,16,12,12,12,12,6,11,17,12,12,12,4,12,12,12,12,12,12,12,12,12,12,18,18,12,12,12,12,20,20,20,19,20,19,19,20,21,21,21,21,21,21,21,21","0.00686812400817871","infomap","edit-xhwikibooks.graphml"
"0.03","0.38","0.59","0.327873050567108","1,2,1,3,4,3,4,2,5,6,4,4,7,8,5,3,6,9,10,4,11,12,13,7,5,8,3,14,15,6,9,16,17,4,10,18,19,5,11,11,11,11,12,12,12,12,11,12,12,12,11,11,11,11,11,12,12,12,12,11,13,11,11,2,3,11,11,11,11,11,12,11,3,3,11,11,11,11,11,11,11,5,14,14,14,15,11,11,11,11,6,9,16,11,11,11,3,11,11,11,11,11,11,11,11,11,11,17,17,11,11,11,11,10,10,18,18,5,18,10,5,19,19,19,19,19,19,19,19","0.00656795501708984","infomap","edit-xhwikibooks.graphml"
"0.02","0.39","0.59","0.332727649315592","1,1,2,2,2,3,4,5,3,6,4,7,5,8,9,3,6,10,11,7,12,13,14,8,9,15,8,16,17,6,10,18,19,12,20,11,21,8,12,12,12,12,13,13,13,13,12,13,13,13,12,12,12,12,12,13,13,13,13,12,14,12,12,5,9,12,12,12,12,12,13,12,15,9,12,12,12,12,12,12,12,8,16,16,16,17,12,12,12,12,6,10,18,12,12,12,3,12,12,12,12,12,12,12,12,12,12,19,19,12,12,12,12,20,20,20,20,20,20,11,20,21,21,21,21,21,21,21,21","0.00852203369140625","infomap","edit-xhwikibooks.graphml"
"0.01","0.4","0.59","0.332869016473666","1,2,1,3,1,3,4,2,5,6,4,7,8,5,9,3,6,10,11,7,12,13,14,8,9,15,9,16,17,6,10,18,19,12,20,11,21,20,12,12,12,12,13,13,13,13,12,13,13,13,12,12,12,12,12,13,13,13,13,12,14,12,12,8,9,12,12,12,12,12,13,12,15,15,12,12,12,12,12,12,12,15,16,16,16,17,12,12,12,12,6,10,18,12,12,12,3,12,12,12,12,12,12,12,12,12,12,19,19,12,12,12,12,20,20,20,11,11,11,20,20,21,21,21,21,21,21,21,21","0.00639605522155762","infomap","edit-xhwikibooks.graphml"
"0","0.41","0.59","0.333973984596934","1,2,1,3,4,3,4,5,6,7,4,8,5,9,6,10,7,11,12,8,13,2,14,2,3,15,9,10,16,7,11,17,18,13,19,12,20,9,13,13,13,13,2,2,2,2,13,2,2,2,13,13,13,13,13,2,2,2,2,13,14,13,13,2,9,13,13,13,13,13,2,13,15,15,13,13,13,13,13,13,13,3,10,10,10,16,13,13,13,13,7,11,17,13,13,13,10,13,13,13,13,13,13,13,13,13,13,18,18,13,13,13,13,19,19,19,19,19,19,19,12,20,20,20,20,20,20,20,20","0.0065760612487793","infomap","edit-xhwikibooks.graphml"
"0.4","0","0.6","0.310948399465146","1,1,2,3,2,3,4,5,6,7,8,4,9,6,5,10,7,8,11,12,13,14,15,16,17,18,9,19,20,21,22,23,12,24,25,11,26,6,13,13,13,13,14,14,14,14,13,14,14,14,13,13,13,13,13,14,14,14,14,13,15,13,13,16,17,13,13,13,13,13,14,13,18,17,13,13,13,13,13,13,13,9,19,19,19,20,13,13,13,13,21,22,23,13,13,13,10,13,13,13,13,13,13,13,13,13,13,12,12,24,13,13,13,11,25,25,11,25,25,11,11,26,26,26,26,26,26,26,26","0.00659799575805664","infomap","edit-xhwikibooks.graphml"
"0.39","0.01","0.6","0.308717695280026","1,2,1,3,4,3,4,5,6,7,8,4,5,9,6,10,7,8,11,12,13,2,14,15,16,17,9,18,19,20,21,22,12,23,11,24,25,9,13,13,13,13,2,2,2,2,13,2,2,2,13,13,13,13,13,2,2,2,2,13,14,13,13,15,16,13,13,13,13,13,2,13,9,17,13,13,13,13,13,13,13,17,18,18,18,19,13,13,13,13,20,21,22,13,13,13,10,13,13,13,13,13,13,13,13,13,13,12,12,23,13,13,13,11,6,24,11,6,11,6,11,25,25,25,25,25,25,25,25","0.00659084320068359","infomap","edit-xhwikibooks.graphml"
"0.38","0.02","0.6","0.314210787766198","1,1,2,2,3,4,3,5,6,4,3,7,5,6,8,9,4,3,3,7,10,11,12,13,14,15,16,17,18,19,20,21,22,23,24,25,26,8,10,10,10,10,11,11,11,11,10,11,11,11,10,10,10,10,10,11,11,11,11,10,12,10,10,13,14,10,10,10,10,10,11,10,15,15,10,10,10,10,10,10,10,16,17,17,17,18,10,10,10,10,19,20,21,10,10,10,9,10,10,10,10,10,10,10,10,10,10,22,22,23,10,10,10,25,24,25,24,25,24,25,24,26,26,26,26,26,26,26,26","0.00650811195373535","infomap","edit-xhwikibooks.graphml"
"0.37","0.03","0.6","0.314836314425624","1,2,1,2,3,4,3,2,5,6,7,8,9,10,5,4,6,7,7,8,11,12,13,14,9,10,15,16,17,18,19,20,8,21,22,23,24,10,11,11,11,11,12,12,12,12,11,12,12,12,11,11,11,11,11,12,12,12,12,11,13,11,11,14,9,11,11,11,11,11,12,11,15,15,11,11,11,11,11,11,11,15,16,16,16,17,11,11,11,11,18,19,20,11,11,11,4,11,11,11,11,11,11,11,11,11,11,8,8,21,11,11,11,22,23,23,23,23,23,22,23,24,24,24,24,24,24,24,24","0.00869297981262207","infomap","edit-xhwikibooks.graphml"
"0.36","0.04","0.6","0.311156812601451","1,2,1,1,3,4,3,5,4,6,7,3,5,8,5,4,6,7,7,9,2,10,11,12,13,8,14,15,16,17,18,19,9,20,21,22,23,8,2,2,2,2,10,10,10,10,2,10,10,10,2,2,2,2,2,10,10,10,10,2,11,2,2,12,13,2,2,2,2,2,10,2,8,14,2,2,2,2,2,2,2,14,15,15,15,16,2,2,2,2,17,18,19,2,2,2,4,2,2,2,2,2,2,2,2,2,2,9,9,20,2,2,2,22,22,21,22,22,22,21,21,23,23,23,23,23,23,23,23","0.00903010368347168","infomap","edit-xhwikibooks.graphml"
"0.35","0.05","0.6","0.317741483703033","1,1,2,3,2,3,4,5,3,6,4,7,8,5,9,10,6,4,11,7,12,13,14,8,15,9,16,17,18,19,20,21,22,23,11,24,25,5,12,12,12,12,13,13,13,13,12,13,13,13,12,12,12,12,12,13,13,13,13,12,14,12,12,5,15,12,12,12,12,12,13,12,9,15,12,12,12,12,12,12,12,16,17,17,17,18,12,12,12,12,19,20,21,12,12,12,10,12,12,12,12,12,12,12,12,12,12,22,22,23,12,12,12,11,11,24,24,11,11,24,24,25,25,25,25,25,25,25,25","0.00660300254821777","infomap","edit-xhwikibooks.graphml"
"0.34","0.06","0.6","0.313370727704844","1,2,1,1,3,4,3,4,5,6,7,8,9,10,5,11,6,7,7,8,2,12,13,9,14,10,15,11,16,17,18,19,20,21,22,23,24,5,2,2,2,2,12,12,12,12,2,12,12,12,2,2,2,2,2,12,12,12,12,2,13,2,2,9,14,2,2,2,2,2,12,2,10,15,2,2,2,2,2,2,2,15,11,11,11,16,2,2,2,2,17,18,19,2,2,2,11,2,2,2,2,2,2,2,2,2,2,20,20,21,2,2,2,23,23,22,22,23,22,23,22,24,24,24,24,24,24,24,24","0.00649380683898926","infomap","edit-xhwikibooks.graphml"
"0.33","0.07","0.6","0.309634581354551","1,2,1,2,3,4,3,5,4,6,7,3,8,5,9,10,6,7,7,11,2,12,13,8,14,15,16,17,18,19,20,21,22,11,23,24,9,9,2,2,2,2,12,12,12,12,2,12,12,12,2,2,2,2,2,12,12,12,12,2,13,2,2,5,14,2,2,2,2,2,12,2,15,15,2,2,2,2,2,2,2,16,17,17,17,18,2,2,2,2,19,20,21,2,2,2,10,2,2,2,2,2,2,2,2,2,2,22,22,11,2,2,2,23,24,24,23,23,23,24,23,9,9,9,9,9,9,9,9","0.00641393661499023","infomap","edit-xhwikibooks.graphml"
"0.32","0.08","0.6","0.318911500698454","1,1,2,2,3,4,3,5,4,6,7,3,5,8,9,10,6,7,7,11,12,13,14,15,16,8,17,18,19,20,21,22,11,23,24,9,25,25,12,12,12,12,13,13,13,13,12,13,13,13,12,12,12,12,12,13,13,13,13,12,14,12,12,15,16,12,12,12,12,12,13,12,8,17,12,12,12,12,12,12,12,17,18,18,18,19,12,12,12,12,20,21,22,12,12,12,10,12,12,12,12,12,12,12,12,12,12,11,11,23,12,12,12,9,24,24,24,9,24,9,24,25,25,25,25,25,25,25,25","0.00856590270996094","infomap","edit-xhwikibooks.graphml"
"0.31","0.09","0.6","0.320196954124801","1,1,2,2,3,4,3,5,5,6,3,7,8,9,5,4,6,3,10,7,11,12,13,8,14,9,15,16,17,18,19,20,21,22,10,23,24,5,11,11,11,11,12,12,12,12,11,12,12,12,11,11,11,11,11,12,12,12,12,11,13,11,11,5,14,11,11,11,11,11,12,11,14,15,11,11,11,11,11,11,11,15,16,16,16,17,11,11,11,11,18,19,20,11,11,11,4,11,11,11,11,11,11,11,11,11,11,21,21,22,11,11,11,23,23,10,10,10,23,10,23,24,24,24,24,24,24,24,24","0.00663495063781738","infomap","edit-xhwikibooks.graphml"
"0.3","0.1","0.6","0.320683366690558","1,2,1,2,3,4,3,5,4,6,3,7,8,5,9,10,6,3,11,7,12,2,13,8,14,9,15,16,17,18,19,20,21,22,23,11,24,9,12,12,12,12,2,2,2,2,12,2,2,2,12,12,12,12,12,2,2,2,2,12,13,12,12,5,14,12,12,12,12,12,2,12,9,14,12,12,12,12,12,12,12,15,16,16,16,17,12,12,12,12,18,19,20,12,12,12,10,12,12,12,12,12,12,12,12,12,12,21,21,22,12,12,12,23,11,23,23,11,11,11,23,24,24,24,24,24,24,24,24","0.00724697113037109","infomap","edit-xhwikibooks.graphml"
"0.29","0.11","0.6","0.315740207839357","1,2,1,3,4,3,4,3,3,5,6,7,8,9,10,11,5,6,6,7,12,2,13,14,9,8,15,16,17,18,19,20,21,22,23,24,25,10,12,12,12,12,2,2,2,2,12,2,2,2,12,12,12,12,12,2,2,2,2,12,13,12,12,14,9,12,12,12,12,12,2,12,9,8,12,12,12,12,12,12,12,15,16,11,11,17,12,12,12,12,18,19,20,12,12,12,11,12,12,12,12,12,12,12,12,12,12,21,21,22,12,12,12,24,24,24,24,23,24,23,23,25,25,25,25,25,25,25,25","0.00667095184326172","infomap","edit-xhwikibooks.graphml"
"0.28","0.12","0.6","0.318913274070854","1,2,1,3,1,3,4,2,5,6,4,7,8,5,9,3,6,4,10,7,11,12,13,8,14,15,16,17,18,19,20,21,22,23,24,10,25,9,11,11,11,11,12,12,12,12,11,12,12,12,11,11,11,11,11,12,12,12,12,11,13,11,11,8,14,11,11,11,11,11,12,11,14,15,11,11,11,11,11,11,11,16,17,17,17,18,11,11,11,11,19,20,21,11,11,11,3,11,11,11,11,11,11,11,11,11,11,22,22,23,11,11,11,10,24,24,24,10,24,24,10,25,25,25,25,25,25,25,25","0.00715398788452148","infomap","edit-xhwikibooks.graphml"
"0.27","0.13","0.6","0.320105881706047","1,2,1,3,4,3,4,5,3,6,4,7,8,9,5,10,6,4,11,7,12,2,13,8,14,15,9,16,17,18,19,20,21,22,23,11,24,5,12,12,12,12,2,2,2,2,12,2,2,2,12,12,12,12,12,2,2,2,2,12,13,12,12,8,14,12,12,12,12,12,2,12,15,15,12,12,12,12,12,12,12,9,16,16,16,17,12,12,12,12,18,19,20,12,12,12,10,12,12,12,12,12,12,12,12,12,12,21,21,22,12,12,12,11,11,23,11,11,11,11,23,24,24,24,24,24,24,24,24","0.00652909278869629","infomap","edit-xhwikibooks.graphml"
"0.26","0.14","0.6","0.298630224130621","1,2,1,3,4,3,4,2,5,6,7,8,9,10,5,11,6,7,12,8,13,14,15,10,16,9,17,18,19,20,21,22,23,24,25,12,26,5,13,13,13,13,14,14,14,14,13,14,14,14,13,13,13,13,13,14,14,14,14,13,15,13,13,10,16,13,13,13,13,13,14,13,9,16,13,13,13,13,13,13,13,17,18,18,18,19,13,13,13,13,20,21,22,13,13,13,11,13,13,13,13,13,13,13,13,13,13,23,23,24,13,13,13,25,12,25,25,12,12,12,12,5,5,5,5,5,5,5,26","0.00686192512512207","infomap","edit-xhwikibooks.graphml"
"0.25","0.15","0.6","0.326281321375414","1,2,1,1,3,4,3,4,4,5,6,7,8,8,9,10,5,6,6,7,11,2,12,13,14,9,8,15,16,17,18,19,7,20,21,22,23,9,11,11,11,11,2,2,2,2,11,2,2,2,11,11,11,11,11,2,2,2,2,11,12,11,11,13,14,11,11,11,11,11,2,11,8,8,11,11,11,11,11,11,11,8,15,15,15,16,11,11,11,11,17,18,19,11,11,11,10,11,11,11,11,11,11,11,11,11,11,7,7,20,11,11,11,21,21,21,22,22,21,22,22,23,23,23,23,23,23,23,23","0.00649499893188477","infomap","edit-xhwikibooks.graphml"
"0.24","0.16","0.6","0.323023852160307","1,1,2,2,3,4,3,5,4,6,7,8,5,9,10,11,6,7,12,8,13,14,15,16,17,17,9,11,18,19,20,21,22,23,12,24,10,9,13,13,13,13,14,14,14,14,13,14,14,14,13,13,13,13,13,14,14,14,14,13,15,13,13,16,9,13,13,13,13,13,14,13,17,17,13,13,13,13,13,13,13,9,11,11,11,18,13,13,13,13,19,20,21,13,13,13,11,13,13,13,13,13,13,13,13,13,13,22,22,23,13,13,13,12,24,24,12,24,24,12,24,10,10,10,10,10,10,10,10","0.0067751407623291","infomap","edit-xhwikibooks.graphml"
"0.23","0.17","0.6","0.323446509005089","1,2,3,1,3,1,4,5,6,1,4,7,8,6,5,9,1,4,10,7,11,2,12,13,14,6,8,9,15,16,17,18,19,20,21,10,22,5,11,11,11,11,2,2,2,2,11,2,2,2,11,11,11,11,11,2,2,2,2,11,12,11,11,13,14,11,11,11,11,11,2,11,14,14,11,11,11,11,11,11,11,8,9,9,9,15,11,11,11,11,16,17,18,11,11,11,9,11,11,11,11,11,11,11,11,11,11,19,19,20,11,11,11,21,10,21,21,10,21,10,10,22,22,22,22,22,22,22,22","0.00666189193725586","infomap","edit-xhwikibooks.graphml"
"0.22","0.18","0.6","0.314218781545659","1,2,1,3,1,3,4,5,3,6,7,4,5,8,9,10,6,7,7,11,2,12,13,14,15,16,8,17,18,19,20,21,11,22,23,24,9,14,2,2,2,2,12,12,12,12,2,12,12,12,2,2,2,2,2,12,12,12,12,2,13,2,2,14,15,2,2,2,2,2,12,2,15,16,2,2,2,2,2,2,2,8,17,17,17,18,2,2,2,2,19,20,21,2,2,2,10,2,2,2,2,2,2,2,2,2,2,11,11,22,2,2,2,24,24,24,24,24,23,24,23,9,9,9,9,9,9,9,9","0.00891399383544922","infomap","edit-xhwikibooks.graphml"
"0.21","0.19","0.6","0.320997931465755","1,2,1,3,4,3,4,5,3,6,7,8,5,9,10,11,6,7,7,8,12,2,13,14,15,10,9,16,17,18,19,20,21,22,23,24,25,9,12,12,12,12,2,2,2,2,12,2,2,2,12,12,12,12,12,2,2,2,2,12,13,12,12,14,15,12,12,12,12,12,2,12,15,10,12,12,12,12,12,12,12,10,16,11,11,17,12,12,12,12,18,19,20,12,12,12,11,12,12,12,12,12,12,12,12,12,12,21,21,22,12,12,12,23,24,23,24,23,23,24,23,25,25,25,25,25,25,25,25","0.00652003288269043","infomap","edit-xhwikibooks.graphml"
"0.2","0.2","0.6","0.326454097361481","1,2,1,3,1,3,4,2,5,6,7,4,8,5,9,3,6,10,7,4,11,12,13,8,14,15,9,16,17,6,10,18,19,4,20,21,14,14,11,11,11,11,12,12,12,12,11,12,12,12,11,11,11,11,11,12,12,12,12,11,13,11,11,8,9,11,11,11,11,11,12,11,15,14,11,11,11,11,11,11,11,9,16,16,16,17,11,11,11,11,6,10,18,11,11,11,3,11,11,11,11,11,11,11,11,11,11,19,19,11,11,11,11,20,20,21,20,21,20,21,21,14,14,14,14,14,14,14,14","0.00663185119628906","infomap","edit-xhwikibooks.graphml"
"0.19","0.21","0.6","0.320368011109769","1,2,1,3,1,3,4,3,5,6,7,4,8,8,9,3,6,10,7,11,12,2,13,2,9,8,5,14,15,6,10,16,17,11,5,18,19,5,12,12,12,12,2,2,2,2,12,2,2,2,12,12,12,12,12,2,2,2,2,12,13,12,12,2,8,12,12,12,12,12,2,12,9,8,12,12,12,12,12,12,12,8,14,14,14,15,12,12,12,12,6,10,16,12,12,12,3,12,12,12,12,12,12,12,12,12,12,17,17,12,12,12,12,5,5,18,5,5,5,18,18,19,19,19,19,19,19,19,19","0.00682306289672852","infomap","edit-xhwikibooks.graphml"
"0.18","0.22","0.6","0.320348689771766","1,2,1,2,3,4,3,5,4,6,7,3,8,9,5,10,6,11,7,3,12,2,13,8,14,14,9,10,15,6,11,16,17,12,18,19,20,5,12,12,12,12,2,2,2,2,12,2,2,2,12,12,12,12,12,2,2,2,2,12,13,12,12,8,14,12,12,12,12,12,2,12,14,14,12,12,12,12,12,12,12,14,10,10,10,15,12,12,12,12,6,11,16,12,12,12,10,12,12,12,12,12,12,12,12,12,12,17,17,12,12,12,12,18,19,18,19,18,18,19,19,20,20,20,20,20,20,20,20","0.00644898414611816","infomap","edit-xhwikibooks.graphml"
"0.17","0.23","0.6","0.320325191998746","1,1,2,2,3,4,3,4,5,6,7,3,4,5,8,4,6,9,7,10,11,12,13,5,8,14,14,15,16,6,9,17,18,10,19,20,21,8,11,11,11,11,12,12,12,12,11,12,12,12,11,11,11,11,11,12,12,12,12,11,13,11,11,5,8,11,11,11,11,11,12,11,14,8,11,11,11,11,11,11,11,8,15,15,15,16,11,11,11,11,6,9,17,11,11,11,4,11,11,11,11,11,11,11,11,11,11,18,18,11,11,11,11,19,20,20,19,19,20,20,20,21,21,21,21,21,21,21,21","0.00678205490112305","infomap","edit-xhwikibooks.graphml"
"0.16","0.24","0.6","0.324022926525469","1,2,1,2,1,3,4,2,3,5,4,6,7,8,9,3,5,10,9,6,11,12,13,7,14,14,8,15,16,5,10,17,18,6,19,9,20,9,11,11,11,11,12,12,12,12,11,12,12,12,11,11,11,11,11,12,12,12,12,11,13,11,11,7,14,11,11,11,11,11,12,11,8,14,11,11,11,11,11,11,11,8,15,15,15,16,11,11,11,11,5,10,17,11,11,11,3,11,11,11,11,11,11,11,11,11,11,18,18,6,11,11,11,19,19,19,19,19,19,19,19,20,20,20,20,20,20,20,20","0.00853896141052246","infomap","edit-xhwikibooks.graphml"
"0.15","0.25","0.6","0.322671074556258","1,1,2,2,2,1,3,4,5,6,3,7,5,4,5,8,6,9,3,7,10,11,12,5,5,13,13,8,14,6,9,15,16,10,17,18,19,5,10,10,10,10,11,11,11,11,10,11,11,11,10,10,10,10,10,11,11,11,11,10,12,10,10,5,5,10,10,10,10,10,11,10,5,13,10,10,10,10,10,10,10,5,8,8,8,14,10,10,10,10,6,9,15,10,10,10,20,10,10,10,10,10,10,10,10,10,10,16,16,10,10,10,10,17,18,18,17,17,17,18,18,19,19,19,19,19,19,19,19","0.0108001232147217","infomap","edit-xhwikibooks.graphml"
"0.14","0.26","0.6","0.32704504809695","1,1,1,1,1,2,3,4,2,5,3,6,4,7,8,2,5,9,10,6,11,12,13,7,8,7,2,14,15,5,9,16,17,11,10,18,19,7,11,11,11,11,12,12,12,12,11,12,12,12,11,11,11,11,11,12,12,12,12,11,13,11,11,4,8,11,11,11,11,11,12,11,7,8,11,11,11,11,11,11,11,8,14,14,14,15,11,11,11,11,5,9,16,11,11,11,2,11,11,11,11,11,11,11,11,11,11,17,17,11,11,11,11,10,18,18,10,18,10,18,10,19,19,19,19,19,19,19,19","0.0108938217163086","infomap","edit-xhwikibooks.graphml"
"0.13","0.27","0.6","0.31941932329099","1,1,1,2,1,2,3,4,5,6,3,3,4,5,7,2,6,8,9,3,10,11,12,4,2,13,14,15,16,6,8,17,18,10,9,19,14,7,10,10,10,10,11,11,11,11,10,11,11,11,10,10,10,10,10,11,11,11,11,10,12,10,10,4,13,10,10,10,10,10,11,10,13,2,10,10,10,10,10,10,10,14,15,15,15,16,10,10,10,10,6,8,17,10,10,10,2,10,10,10,10,10,10,10,10,10,10,18,18,10,10,10,10,19,9,19,19,19,19,19,19,14,14,14,14,14,14,14,14","0.00665593147277832","infomap","edit-xhwikibooks.graphml"
"0.12","0.28","0.6","0.32278464570456","1,2,1,2,3,4,3,5,6,7,8,9,2,6,5,4,7,10,8,9,11,2,12,2,5,4,6,13,14,7,10,15,16,9,17,18,19,6,11,11,11,11,2,2,2,2,11,2,2,2,11,11,11,11,11,2,2,2,2,11,12,11,11,5,4,11,11,11,11,11,2,11,4,5,11,11,11,11,11,11,11,6,13,13,13,14,11,11,11,11,7,10,15,11,11,11,4,11,11,11,11,11,11,11,11,11,11,16,16,11,11,11,11,18,18,17,18,17,18,18,17,19,19,19,19,19,19,19,19","0.00666308403015137","infomap","edit-xhwikibooks.graphml"
"0.11","0.29","0.6","0.316983759129307","1,2,1,3,1,3,4,3,5,6,4,7,8,5,9,10,6,11,12,7,2,13,14,8,15,16,9,10,17,6,11,18,19,7,20,12,15,9,2,2,2,2,13,13,13,13,2,13,13,13,2,2,2,2,2,13,13,13,13,2,14,2,2,8,9,2,2,2,2,2,13,2,9,16,2,2,2,2,2,2,2,9,10,10,10,17,2,2,2,2,6,11,18,2,2,2,10,2,2,2,2,2,2,2,2,2,2,19,19,2,2,2,2,12,20,12,20,20,20,12,12,15,15,15,15,15,15,15,15","0.00655603408813477","infomap","edit-xhwikibooks.graphml"
"0.1","0.3","0.6","0.331845077055355","1,2,1,3,1,3,4,2,5,6,4,7,8,5,9,10,6,11,12,7,13,14,15,8,9,16,16,10,17,6,11,18,19,13,20,12,9,9,13,13,13,13,14,14,14,14,13,14,14,14,13,13,13,13,13,14,14,14,14,13,15,13,13,8,16,13,13,13,13,13,14,13,16,16,13,13,13,13,13,13,13,16,10,10,10,17,13,13,13,13,6,11,18,13,13,13,10,13,13,13,13,13,13,13,13,13,13,19,19,13,13,13,13,20,20,20,20,12,20,20,20,9,9,9,9,9,9,9,9","0.00865411758422852","infomap","edit-xhwikibooks.graphml"
"0.09","0.31","0.6","0.315366214018962","1,1,1,1,1,2,3,2,2,4,3,5,2,6,7,2,4,8,9,5,10,11,12,6,7,6,7,13,14,4,8,15,16,10,9,17,18,6,10,10,10,10,11,11,11,11,10,11,11,11,10,10,10,10,10,11,11,11,11,10,12,10,10,2,6,10,10,10,10,10,11,10,6,6,10,10,10,10,10,10,10,7,13,13,13,14,10,10,10,10,4,8,15,10,10,10,2,10,10,10,10,10,10,10,10,10,10,16,16,10,10,10,10,17,9,17,9,9,17,17,17,7,7,7,7,7,18,7,7","0.00851798057556152","infomap","edit-xhwikibooks.graphml"
"0.08","0.32","0.6","0.331674723871635","1,2,1,2,1,3,4,2,3,5,4,6,7,8,9,10,5,11,12,6,13,14,15,7,9,8,9,10,16,5,11,17,18,6,19,12,20,8,13,13,13,13,14,14,14,14,13,14,14,14,13,13,13,13,13,14,14,14,14,13,15,13,13,7,9,13,13,13,13,13,14,13,8,8,13,13,13,13,13,13,13,8,10,10,10,16,13,13,13,13,5,11,17,13,13,13,10,13,13,13,13,13,13,13,13,13,13,18,18,13,13,13,13,12,19,19,19,12,19,19,19,20,20,20,20,20,20,20,20","0.00649309158325195","infomap","edit-xhwikibooks.graphml"
"0.07","0.33","0.6","0.324465809683835","1,1,2,3,2,3,4,5,5,6,4,4,7,8,5,3,6,9,10,11,11,12,13,7,8,14,5,15,16,6,9,17,18,11,10,19,20,8,11,11,11,11,12,12,12,12,11,12,12,12,11,11,11,11,11,12,12,12,12,11,13,11,11,7,8,11,11,11,11,11,12,11,5,14,11,11,11,11,11,11,11,5,15,15,15,16,11,11,11,11,6,9,17,11,11,11,3,11,11,11,11,11,11,11,11,11,11,18,18,11,11,11,11,19,10,19,10,19,10,10,19,20,20,20,20,20,20,20,20","0.0103847980499268","infomap","edit-xhwikibooks.graphml"
"0.06","0.34","0.6","0.365274687620487","1,2,1,1,3,4,3,2,5,6,7,8,9,9,5,10,6,11,7,8,12,13,14,9,5,4,9,10,15,6,11,16,17,8,18,18,19,5,12,12,12,12,13,13,13,13,12,13,13,13,12,12,12,12,12,13,13,13,13,12,14,12,12,9,9,12,12,12,12,12,13,12,9,4,12,12,12,12,12,12,12,9,10,10,10,15,12,12,12,12,6,11,16,12,12,12,20,12,12,12,12,12,12,12,12,12,12,17,17,12,12,12,12,18,18,18,18,18,18,18,18,19,19,19,19,19,19,19,19","0.00663208961486816","infomap","edit-xhwikibooks.graphml"
"0.05","0.35","0.6","0.323463071781253","1,2,1,3,4,3,4,5,6,7,8,9,10,6,5,3,7,11,8,9,2,12,13,10,5,14,3,15,16,7,11,17,18,2,19,20,21,5,2,2,2,2,12,12,12,12,2,12,12,12,2,2,2,2,2,12,12,12,12,2,13,2,2,10,14,2,2,2,2,2,12,2,14,14,2,2,2,2,2,2,2,3,15,15,15,16,2,2,2,2,7,11,17,2,2,2,3,2,2,2,2,2,2,2,2,2,2,18,18,2,2,2,2,20,19,20,19,19,20,19,20,21,21,21,21,21,21,21,21","0.0108351707458496","infomap","edit-xhwikibooks.graphml"
"0.04","0.36","0.6","0.334454841884787","1,1,2,2,3,4,3,4,4,5,6,3,7,8,9,4,5,10,6,11,12,13,14,7,8,15,9,16,17,5,10,18,19,11,20,21,9,8,12,12,12,12,13,13,13,13,12,13,13,13,12,12,12,12,12,13,13,13,13,12,14,12,12,4,8,12,12,12,12,12,13,12,8,15,12,12,12,12,12,12,12,15,16,16,16,17,12,12,12,12,5,10,18,12,12,12,4,12,12,12,12,12,12,12,12,12,12,19,19,12,12,12,12,20,21,21,21,20,21,21,21,9,9,9,9,9,9,9,9","0.00675797462463379","infomap","edit-xhwikibooks.graphml"
"0.03","0.37","0.6","0.328403652113878","1,2,2,2,3,1,3,4,4,5,6,7,8,9,4,1,5,10,6,7,11,12,13,8,1,9,4,14,15,5,10,16,17,7,18,19,20,9,11,11,11,11,12,12,12,12,11,12,12,12,11,11,11,11,11,12,12,12,12,11,13,11,11,8,9,11,11,11,11,11,12,11,9,4,11,11,11,11,11,11,11,1,14,14,14,15,11,11,11,11,5,10,16,11,11,11,1,11,11,11,11,11,11,11,11,11,11,17,17,11,11,11,11,19,19,19,18,19,19,19,19,20,20,20,20,20,20,20,20","0.00863885879516602","infomap","edit-xhwikibooks.graphml"
"0.02","0.38","0.6","0.335956132454219","1,2,1,2,1,3,4,3,5,6,4,7,8,9,5,3,6,10,11,7,12,2,13,8,14,14,9,15,16,6,10,17,18,12,19,11,20,9,12,12,12,12,2,2,2,2,12,2,2,2,12,12,12,12,12,2,2,2,2,12,13,12,12,3,14,12,12,12,12,12,2,12,9,14,12,12,12,12,12,12,12,14,15,15,15,16,12,12,12,12,6,10,17,12,12,12,3,12,12,12,12,12,12,12,12,12,12,18,18,12,12,12,12,19,19,11,11,19,19,19,19,20,20,20,20,20,20,20,20","0.00663018226623535","infomap","edit-xhwikibooks.graphml"
"0.01","0.39","0.6","0.329756123673238","1,1,2,3,2,3,4,5,6,7,8,4,9,5,10,3,7,11,8,4,12,13,14,9,10,6,5,15,16,7,11,17,18,12,19,20,21,5,12,12,12,12,13,13,13,13,12,13,13,13,12,12,12,12,12,13,13,13,13,12,14,12,12,9,10,12,12,12,12,12,13,12,5,6,12,12,12,12,12,12,12,10,15,15,15,16,12,12,12,12,7,11,17,12,12,12,3,12,12,12,12,12,12,12,12,12,12,18,18,12,12,12,12,19,19,20,20,20,20,20,20,21,21,21,21,21,21,21,21","0.0128610134124756","infomap","edit-xhwikibooks.graphml"
"0","0.4","0.6","0.336665519258045","1,1,2,2,3,4,3,4,5,6,3,7,8,9,10,11,6,12,3,7,13,14,15,8,10,16,9,11,17,6,12,18,19,7,20,21,5,10,13,13,13,13,14,14,14,14,13,14,14,14,13,13,13,13,13,14,14,14,14,13,15,13,13,4,9,13,13,13,13,13,14,13,10,16,13,13,13,13,13,13,13,10,11,11,11,17,13,13,13,13,6,12,18,13,13,13,11,13,13,13,13,13,13,13,13,13,13,19,19,13,13,13,13,21,20,20,21,20,20,21,20,5,5,5,5,5,5,5,5","0.00686001777648926","infomap","edit-xhwikibooks.graphml"
"0.39","0","0.61","0.320130952344254","1,2,1,1,3,4,3,5,6,7,8,9,5,10,6,4,7,8,11,9,12,2,13,14,10,15,16,17,18,19,20,21,22,23,24,11,25,6,12,12,12,12,2,2,2,2,12,2,2,2,12,12,12,12,12,2,2,2,2,12,13,12,12,14,15,12,12,12,12,12,2,12,15,16,12,12,12,12,12,12,12,16,17,17,17,18,12,12,12,12,19,20,21,12,12,12,4,12,12,12,12,12,12,12,12,12,12,22,22,23,12,12,12,11,24,24,11,11,24,24,11,25,25,25,25,25,25,25,25","0.0066230297088623","infomap","edit-xhwikibooks.graphml"
"0.38","0.01","0.61","0.314315191934806","1,2,1,3,4,3,4,5,6,7,8,9,10,6,5,11,7,8,12,9,13,2,14,15,16,17,10,18,19,20,21,22,23,24,12,25,26,6,13,13,13,13,2,2,2,2,13,2,2,2,13,13,13,13,13,2,2,2,2,13,14,13,13,15,16,13,13,13,13,13,2,13,17,17,13,13,13,13,13,13,13,10,11,18,18,19,13,13,13,13,20,21,22,13,13,13,11,13,13,13,13,13,13,13,13,13,13,23,23,24,13,13,13,12,12,25,12,25,12,25,25,26,26,26,26,26,26,26,26","0.00692296028137207","infomap","edit-xhwikibooks.graphml"
"0.37","0.02","0.61","0.315163069690199","1,1,2,2,3,4,3,5,6,7,8,9,5,6,5,4,7,8,10,9,11,12,13,14,15,16,17,18,19,20,21,22,23,24,10,25,26,5,11,11,11,11,12,12,12,12,11,12,12,12,11,11,11,11,11,12,12,12,12,11,13,11,11,14,15,11,11,11,11,11,12,11,16,15,11,11,11,11,11,11,11,17,18,18,18,19,11,11,11,11,20,21,22,11,11,11,4,11,11,11,11,11,11,11,11,11,11,23,23,24,11,11,11,10,10,25,10,25,25,25,25,26,26,26,26,26,26,26,26","0.00677180290222168","infomap","edit-xhwikibooks.graphml"
"0.36","0.03","0.61","0.317184149379917","1,1,2,2,3,4,3,4,4,5,6,7,8,8,9,10,5,6,6,7,11,12,13,14,8,9,15,16,17,18,19,20,7,21,22,23,24,8,11,11,11,11,12,12,12,12,11,12,12,12,11,11,11,11,11,12,12,12,12,11,13,11,11,14,15,11,11,11,11,11,12,11,9,8,11,11,11,11,11,11,11,15,10,16,16,17,11,11,11,11,18,19,20,11,11,11,10,11,11,11,11,11,11,11,11,11,11,7,7,21,11,11,11,23,22,22,23,23,23,23,22,24,24,24,24,24,24,24,24","0.00679206848144531","infomap","edit-xhwikibooks.graphml"
"0.35","0.04","0.61","0.322883457909913","1,2,1,1,1,3,4,2,3,5,4,6,7,8,9,10,5,4,11,6,12,13,14,7,15,16,8,10,17,18,19,20,6,21,11,22,23,9,12,12,12,12,13,13,13,13,12,13,13,13,12,12,12,12,12,13,13,13,13,12,14,12,12,7,15,12,12,12,12,12,13,12,15,16,12,12,12,12,12,12,12,16,10,10,10,17,12,12,12,12,18,19,20,12,12,12,10,12,12,12,12,12,12,12,12,12,12,6,6,21,12,12,12,11,22,22,11,11,11,22,11,23,23,23,23,23,23,23,23","0.00646305084228516","infomap","edit-xhwikibooks.graphml"
"0.34","0.05","0.61","0.295232419647075","1,1,2,2,3,4,3,5,4,6,7,8,5,9,10,11,6,7,12,8,13,14,15,16,17,9,18,19,20,21,22,23,24,25,26,12,27,10,13,13,13,13,14,14,14,14,13,14,14,14,13,13,13,13,13,14,14,14,14,13,15,13,13,16,17,13,13,13,13,13,14,13,9,9,13,13,13,13,13,13,13,18,19,19,19,20,13,13,13,13,21,22,23,13,13,13,11,13,13,13,13,13,13,13,13,13,13,24,24,25,13,13,13,10,10,26,10,12,10,12,10,27,27,27,27,27,27,27,27","0.0068519115447998","infomap","edit-xhwikibooks.graphml"
"0.33","0.06","0.61","0.315423312624447","1,1,2,1,2,3,4,3,3,5,4,6,7,8,9,10,5,4,4,6,11,12,13,7,14,9,8,15,16,17,18,19,20,21,22,23,24,8,11,11,11,11,12,12,12,12,11,12,12,12,11,11,11,11,11,12,12,12,12,11,13,11,11,7,14,11,11,11,11,11,12,11,8,14,11,11,11,11,11,11,11,14,10,10,15,16,11,11,11,11,17,18,19,11,11,11,10,11,11,11,11,11,11,11,11,11,11,20,20,21,11,11,11,22,22,23,22,22,22,23,23,24,24,24,24,24,24,24,24","0.00925397872924805","infomap","edit-xhwikibooks.graphml"
"0.32","0.07","0.61","0.311244516440277","1,1,2,2,3,4,3,5,6,4,7,3,8,6,5,9,4,7,7,10,11,12,13,8,14,15,16,17,18,19,20,21,22,10,23,24,25,6,11,11,11,11,12,12,12,12,11,12,12,12,11,11,11,11,11,12,12,12,12,11,13,11,11,5,14,11,11,11,11,11,12,11,15,14,11,11,11,11,11,11,11,16,17,17,17,18,11,11,11,11,19,20,21,11,11,11,9,11,11,11,11,11,11,11,11,11,11,22,22,10,11,11,11,23,24,23,23,23,24,24,23,25,25,25,25,25,25,25,25","0.0105881690979004","infomap","edit-xhwikibooks.graphml"
"0.31","0.08","0.61","0.308388674680408","1,2,1,2,3,4,3,5,4,6,7,3,5,8,9,10,6,7,11,12,2,13,14,15,8,16,17,18,19,20,21,22,12,23,24,11,9,8,2,2,2,2,13,13,13,13,2,13,13,13,2,2,2,2,2,13,13,13,13,2,14,2,2,15,17,2,2,2,2,2,13,2,16,17,2,2,2,2,2,2,2,17,18,18,18,19,2,2,2,2,20,21,22,2,2,2,10,2,2,2,2,2,2,2,2,2,2,12,12,23,2,2,2,24,24,11,11,11,11,24,11,9,9,9,9,9,9,9,9","0.00667691230773926","infomap","edit-xhwikibooks.graphml"
"0.3","0.09","0.61","0.322940396898149","1,1,2,2,2,3,4,5,6,3,4,7,6,5,6,3,3,4,8,7,9,10,11,12,6,13,14,15,16,17,18,19,7,20,21,8,22,5,9,9,9,9,10,10,10,10,9,10,10,10,9,9,9,9,9,10,10,10,10,9,11,9,9,12,13,9,9,9,9,9,10,9,13,14,9,9,9,9,9,9,9,14,15,15,15,16,9,9,9,9,17,18,19,9,9,9,3,9,9,9,9,9,9,9,9,9,9,7,7,20,9,9,9,8,21,21,21,21,8,21,21,22,22,22,22,22,22,22,22","0.00885891914367676","infomap","edit-xhwikibooks.graphml"
"0.29","0.1","0.61","0.319801665825468","1,2,1,3,4,3,4,3,5,6,7,8,9,5,10,11,6,7,7,8,12,2,13,9,14,15,16,17,18,19,20,21,22,23,24,25,10,15,12,12,12,12,2,2,2,2,12,2,2,2,12,12,12,12,12,2,2,2,2,12,13,12,12,9,14,12,12,12,12,12,2,12,15,15,12,12,12,12,12,12,12,16,17,17,17,18,12,12,12,12,19,20,21,12,12,12,11,12,12,12,12,12,12,12,12,12,12,22,22,23,12,12,12,24,25,24,25,25,24,24,24,10,10,10,10,10,10,10,10","0.00879502296447754","infomap","edit-xhwikibooks.graphml"
"0.28","0.11","0.61","0.298142760735111","1,1,2,2,3,4,3,4,5,6,3,7,8,5,9,10,6,3,3,7,11,12,13,8,14,15,15,10,16,17,18,19,7,20,21,22,23,9,11,11,11,11,12,12,12,12,11,12,12,12,11,11,11,11,11,12,12,12,12,11,13,11,11,4,14,11,11,11,11,11,12,11,15,14,11,11,11,11,11,11,11,5,10,10,10,16,11,11,11,11,17,18,19,11,11,11,10,11,11,11,11,11,11,11,11,11,11,7,7,20,11,11,11,22,22,21,21,22,21,21,21,9,23,9,9,9,9,9,9","0.00656890869140625","infomap","edit-xhwikibooks.graphml"
"0.27","0.12","0.61","0.323208522604855","1,1,2,2,2,3,4,5,6,7,4,8,5,6,9,3,7,4,10,8,11,12,13,14,6,15,16,17,18,19,20,21,8,22,10,23,9,6,11,11,11,11,12,12,12,12,11,12,12,12,11,11,11,11,11,12,12,12,12,11,13,11,11,14,16,11,11,11,11,11,12,11,15,6,11,11,11,11,11,11,11,16,17,17,17,18,11,11,11,11,19,20,21,11,11,11,3,11,11,11,11,11,11,11,11,11,11,8,8,22,11,11,11,10,23,10,23,10,10,23,23,9,9,9,9,9,9,9,9","0.0066688060760498","infomap","edit-xhwikibooks.graphml"
"0.26","0.13","0.61","0.323644074913916","1,2,1,3,4,3,4,5,3,6,7,7,8,8,5,3,6,7,9,10,11,2,12,13,14,15,8,16,17,18,19,20,21,10,22,9,23,5,11,11,11,11,2,2,2,2,11,2,2,2,11,11,11,11,11,2,2,2,2,11,12,11,11,13,14,11,11,11,11,11,2,11,14,15,11,11,11,11,11,11,11,14,16,16,16,17,11,11,11,11,18,19,20,11,11,11,3,11,11,11,11,11,11,11,11,11,11,21,21,11,11,11,11,9,22,22,22,22,9,22,9,23,23,23,23,23,23,23,23","0.0106890201568604","infomap","edit-xhwikibooks.graphml"
"0.25","0.14","0.61","0.32025209260659","1,2,1,2,3,4,3,2,5,6,7,8,5,5,9,4,6,7,7,8,10,11,12,13,5,14,15,16,17,18,19,20,21,22,23,9,24,9,10,10,10,10,11,11,11,11,10,11,11,11,10,10,10,10,10,11,11,11,11,10,12,10,10,13,5,10,10,10,10,10,11,10,5,14,10,10,10,10,10,10,10,15,16,16,16,17,10,10,10,10,18,19,20,10,10,10,4,10,10,10,10,10,10,10,10,10,10,21,21,22,10,10,10,9,9,23,23,9,23,23,9,24,24,24,24,24,24,24,24","0.00664710998535156","infomap","edit-xhwikibooks.graphml"
"0.24","0.15","0.61","0.321849424953446","1,1,2,3,2,3,4,5,3,6,7,4,8,5,9,10,6,7,7,11,12,13,14,8,15,16,17,10,18,19,20,21,11,22,23,24,9,5,12,12,12,12,13,13,13,13,12,13,13,13,12,12,12,12,12,13,13,13,13,12,14,12,12,5,15,12,12,12,12,12,13,12,17,16,12,12,12,12,12,12,12,17,10,10,10,18,12,12,12,12,19,20,21,12,12,12,10,12,12,12,12,12,12,12,12,12,12,11,11,22,12,12,12,24,23,23,24,24,24,24,23,9,9,9,9,9,9,9,9","0.00645017623901367","infomap","edit-xhwikibooks.graphml"
"0.23","0.16","0.61","0.322805775811795","1,1,2,2,3,4,3,5,4,6,7,8,5,9,10,11,6,7,12,8,13,14,15,16,17,10,9,11,18,19,20,21,8,22,12,23,24,9,13,13,13,13,14,14,14,14,13,14,14,14,13,13,13,13,13,14,14,14,14,13,15,13,13,16,17,13,13,13,13,13,14,13,10,17,13,13,13,13,13,13,13,17,11,11,11,18,13,13,13,13,19,20,21,13,13,13,11,13,13,13,13,13,13,13,13,13,13,8,8,22,13,13,13,23,12,23,23,12,12,23,23,24,24,24,24,24,24,24,24","0.00669693946838379","infomap","edit-xhwikibooks.graphml"
"0.22","0.17","0.61","0.327116742553722","1,2,1,1,3,4,3,5,5,6,7,3,8,5,9,4,6,7,10,11,12,2,13,8,14,15,9,16,17,18,19,20,21,11,22,10,23,5,12,12,12,12,2,2,2,2,12,2,2,2,12,12,12,12,12,2,2,2,2,12,13,12,12,5,14,12,12,12,12,12,2,12,15,15,12,12,12,12,12,12,12,14,16,16,16,17,12,12,12,12,18,19,20,12,12,12,4,12,12,12,12,12,12,12,12,12,12,21,21,12,12,12,12,22,10,22,22,22,22,22,22,23,23,23,23,23,23,23,23","0.00867104530334473","infomap","edit-xhwikibooks.graphml"
"0.21","0.18","0.61","0.326316840695045","1,2,1,1,1,3,4,5,6,3,4,7,8,5,6,9,3,4,10,7,11,2,12,8,13,14,15,16,17,18,19,20,21,22,10,23,24,6,11,11,11,11,2,2,2,2,11,2,2,2,11,11,11,11,11,2,2,2,2,11,12,11,11,8,13,11,11,11,11,11,2,11,14,15,11,11,11,11,11,11,11,15,16,16,16,17,11,11,11,11,18,19,20,11,11,11,9,11,11,11,11,11,11,11,11,11,11,21,21,22,11,11,11,10,10,23,10,10,10,10,23,24,24,24,24,24,24,24,24","0.00648999214172363","infomap","edit-xhwikibooks.graphml"
"0.2","0.19","0.61","0.313133352359203","1,2,1,3,1,3,4,5,6,7,4,8,5,6,9,10,7,4,11,8,2,12,13,14,9,15,16,10,17,18,19,20,21,22,23,11,24,9,2,2,2,2,12,12,12,12,2,12,12,12,2,2,2,2,2,12,12,12,12,2,13,2,2,14,15,2,2,2,2,2,12,2,15,9,2,2,2,2,2,2,2,16,10,10,10,17,2,2,2,2,18,19,20,2,2,2,10,2,2,2,2,2,2,2,2,2,2,21,21,22,2,2,2,23,11,11,23,11,11,11,23,24,24,24,24,24,24,24,24","0.00659394264221191","infomap","edit-xhwikibooks.graphml"
"0.19","0.2","0.61","0.323952269992715","1,2,1,3,1,3,4,2,3,5,4,6,2,2,7,8,5,4,9,6,10,11,12,13,14,15,16,17,18,19,20,21,22,23,9,24,25,7,10,10,10,10,11,11,11,11,10,11,11,11,10,10,10,10,10,11,11,11,11,10,12,10,10,13,14,10,10,10,10,10,11,10,15,14,10,10,10,10,10,10,10,16,17,17,17,18,10,10,10,10,19,20,21,10,10,10,8,10,10,10,10,10,10,10,10,10,10,22,22,23,10,10,10,9,9,24,24,9,9,24,9,25,25,25,25,25,25,25,25","0.0109457969665527","infomap","edit-xhwikibooks.graphml"
"0.18","0.21","0.61","0.320160110803324","1,2,1,2,3,4,3,5,6,4,7,8,9,5,6,4,4,7,7,8,10,2,11,9,12,13,14,15,16,17,18,19,20,21,22,23,24,6,10,10,10,10,2,2,2,2,10,2,2,2,10,10,10,10,10,2,2,2,2,10,11,10,10,5,12,10,10,10,10,10,2,10,13,13,10,10,10,10,10,10,10,14,15,15,15,16,10,10,10,10,17,18,19,10,10,10,4,10,10,10,10,10,10,10,10,10,10,20,20,21,10,10,10,23,22,23,22,22,23,22,22,24,24,6,24,6,24,24,24","0.00643110275268555","infomap","edit-xhwikibooks.graphml"
"0.17","0.22","0.61","0.325447645429363","1,1,2,3,2,3,4,5,6,3,4,7,5,8,6,9,3,4,4,7,10,11,12,8,13,6,14,15,16,17,18,19,20,21,22,23,24,6,10,10,10,10,11,11,11,11,10,11,11,11,10,10,10,10,10,11,11,11,11,10,12,10,10,8,13,10,10,10,10,10,11,10,13,13,10,10,10,10,10,10,10,14,15,15,15,16,10,10,10,10,17,18,19,10,10,10,9,10,10,10,10,10,10,10,10,10,10,20,20,21,10,10,10,22,23,23,22,23,22,23,22,24,24,24,24,24,24,24,24","0.00663995742797852","infomap","edit-xhwikibooks.graphml"
"0.16","0.23","0.61","0.324127397934225","1,2,1,2,1,3,4,5,3,6,7,4,8,5,9,10,6,11,7,12,13,2,14,8,3,15,5,10,16,6,11,17,18,12,9,19,20,9,13,13,13,13,2,2,2,2,13,2,2,2,13,13,13,13,13,2,2,2,2,13,14,13,13,8,3,13,13,13,13,13,2,13,15,15,13,13,13,13,13,13,13,3,10,10,10,16,13,13,13,13,6,11,17,13,13,13,10,13,13,13,13,13,13,13,13,13,13,18,18,13,13,13,13,19,19,19,19,19,19,9,19,20,20,20,20,20,20,20,20","0.00664401054382324","infomap","edit-xhwikibooks.graphml"
"0.15","0.24","0.61","0.329022818682685","1,1,2,2,2,3,4,3,5,6,4,7,3,5,8,3,6,9,10,7,11,12,13,3,8,14,5,15,16,6,9,17,18,7,19,10,20,5,11,11,11,11,12,12,12,12,11,12,12,12,11,11,11,11,11,12,12,12,12,11,13,11,11,3,8,11,11,11,11,11,12,11,8,14,11,11,11,11,11,11,11,8,15,15,15,16,11,11,11,11,6,9,17,11,11,11,21,11,11,11,11,11,11,11,11,11,11,18,18,11,11,11,11,19,19,19,19,10,10,10,19,20,20,20,20,20,20,20,20","0.0069580078125","infomap","edit-xhwikibooks.graphml"
"0.14","0.25","0.61","0.271680383432841","1,1,2,2,3,4,3,5,4,6,7,3,8,4,5,4,6,9,7,10,11,12,8,5,13,13,8,14,15,6,9,16,17,10,18,19,20,4,11,11,11,11,1,1,1,1,11,12,1,1,11,11,11,11,11,1,1,1,1,11,8,11,11,5,8,11,11,11,11,11,1,11,13,8,11,11,11,11,11,11,11,8,14,14,14,15,11,11,11,11,6,9,16,11,11,11,21,11,11,11,11,11,11,11,11,11,11,17,17,10,11,11,11,19,18,18,19,18,19,19,19,20,20,20,20,20,20,20,20","0.00876712799072266","infomap","edit-xhwikibooks.graphml"
"0.13","0.26","0.61","0.323242617985101","1,2,1,1,1,3,4,5,3,6,4,4,7,5,8,9,6,10,11,12,2,13,14,7,8,15,15,9,16,6,10,17,18,12,11,19,20,8,2,2,2,2,13,13,13,13,2,13,13,13,2,2,2,2,2,13,13,13,13,2,14,2,2,5,8,2,2,2,2,2,13,2,15,8,2,2,2,2,2,2,2,8,9,9,9,16,2,2,2,2,6,10,17,2,2,2,9,2,2,2,2,2,2,2,2,2,2,18,18,2,2,2,2,19,11,11,11,11,19,11,19,20,20,20,20,20,20,20,20","0.00872397422790527","infomap","edit-xhwikibooks.graphml"
"0.12","0.27","0.61","0.331897949258329","1,2,1,1,3,4,3,5,4,6,7,8,9,5,10,4,6,11,7,8,12,2,13,4,4,9,4,14,15,6,11,16,17,8,18,19,10,10,12,12,12,12,2,2,2,2,12,2,2,2,12,12,12,12,12,2,2,2,2,12,13,12,12,5,9,12,12,12,12,12,2,12,9,9,12,12,12,12,12,12,12,4,14,14,14,15,12,12,12,12,6,11,16,12,12,12,4,12,12,12,12,12,12,12,12,12,12,17,17,12,12,12,12,19,18,18,19,18,18,18,19,10,10,10,10,10,10,10,10","0.0102748870849609","infomap","edit-xhwikibooks.graphml"
"0.11","0.28","0.61","0.323495828527078","1,1,2,2,2,3,4,3,5,6,7,4,8,5,8,9,6,10,7,11,11,12,13,5,5,8,3,9,14,6,10,15,16,11,17,18,19,5,11,11,11,11,12,12,12,12,11,12,12,12,11,11,11,11,11,12,12,12,12,11,13,11,11,3,5,11,11,11,11,11,12,11,3,5,11,11,11,11,11,11,11,5,9,9,9,14,11,11,11,11,6,10,15,11,11,11,9,11,11,11,11,11,11,11,11,11,11,16,16,11,11,11,11,18,17,18,18,18,17,17,17,19,19,19,19,19,19,19,19","0.00653505325317383","infomap","edit-xhwikibooks.graphml"
"0.1","0.29","0.61","0.323800023539836","1,2,1,2,3,4,3,2,5,6,7,8,4,5,9,4,6,10,7,8,11,12,13,4,5,14,14,15,16,6,10,17,18,11,9,19,20,5,11,11,11,11,12,12,12,12,11,12,12,12,11,11,11,11,11,12,12,12,12,11,13,11,11,4,14,11,11,11,11,11,12,11,14,5,11,11,11,11,11,11,11,14,15,15,15,16,11,11,11,11,6,10,17,11,11,11,4,11,11,11,11,11,11,11,11,11,11,18,18,11,11,11,11,9,9,19,19,9,19,19,19,20,20,20,20,20,20,20,20","0.00657105445861816","infomap","edit-xhwikibooks.graphml"
"0.09","0.3","0.61","0.324439347668086","1,1,2,2,3,4,3,5,6,7,8,9,5,6,4,10,7,11,8,9,12,13,14,5,4,15,5,10,16,7,11,17,18,12,19,20,21,21,12,12,12,12,13,13,13,13,12,13,13,13,12,12,12,12,12,13,13,13,13,12,14,12,12,5,15,12,12,12,12,12,13,12,15,15,12,12,12,12,12,12,12,4,10,10,10,16,12,12,12,12,7,11,17,12,12,12,10,12,12,12,12,12,12,12,12,12,12,18,18,12,12,12,12,20,19,19,19,20,20,20,19,21,21,21,21,21,21,21,21","0.00843596458435059","infomap","edit-xhwikibooks.graphml"
"0.08","0.31","0.61","0.326320360110803","1,1,2,2,3,2,3,4,5,6,3,3,7,5,4,8,6,9,10,11,12,7,13,7,4,14,7,8,15,6,9,16,17,11,18,10,19,5,12,12,12,12,7,7,7,7,12,7,7,7,12,12,12,12,12,7,7,7,7,12,13,12,12,4,14,12,12,12,12,12,7,12,14,4,12,12,12,12,12,12,12,14,8,8,8,15,12,12,12,12,6,9,16,12,12,12,20,12,12,12,12,12,12,12,12,12,12,17,17,12,12,12,12,18,10,18,18,10,18,18,18,19,19,19,19,19,19,19,19","0.00852394104003906","infomap","edit-xhwikibooks.graphml"
"0.07","0.32","0.61","0.332840269843303","1,1,2,2,2,3,4,3,3,5,4,6,7,8,9,3,5,10,11,6,12,13,14,7,9,15,8,16,17,5,10,18,19,6,11,20,21,9,12,12,12,12,13,13,13,13,12,13,13,13,12,12,12,12,12,13,13,13,13,12,14,12,12,3,15,12,12,12,12,12,13,12,9,15,12,12,12,12,12,12,12,15,16,16,16,17,12,12,12,12,5,10,18,12,12,12,3,12,12,12,12,12,12,12,12,12,12,19,19,12,12,12,12,20,20,11,11,20,11,11,20,21,21,21,21,21,21,21,21","0.0106949806213379","infomap","edit-xhwikibooks.graphml"
"0.06","0.33","0.61","0.320955926778779","1,2,1,2,1,3,4,5,6,7,8,4,9,5,6,3,7,10,8,11,12,2,13,6,6,9,3,14,15,7,10,16,17,11,18,19,20,6,12,12,12,12,2,2,2,2,12,2,2,2,12,12,12,12,12,2,2,2,2,12,13,12,12,6,6,12,12,12,12,12,2,12,9,9,12,12,12,12,12,12,12,9,14,14,14,15,12,12,12,12,7,10,16,12,12,12,3,12,12,12,12,12,12,12,12,12,12,17,17,12,12,12,12,19,18,19,18,18,19,19,19,20,20,20,20,20,20,20,20","0.00648903846740723","infomap","edit-xhwikibooks.graphml"
"0.05","0.34","0.61","0.332627690310339","1,2,1,2,3,4,3,5,4,6,7,8,5,9,10,11,6,12,7,8,13,2,14,10,10,9,10,11,15,6,12,16,17,13,18,19,20,10,13,13,13,13,2,2,2,2,13,2,2,2,13,13,13,13,13,2,2,2,2,13,14,13,13,10,9,13,13,13,13,13,2,13,9,10,13,13,13,13,13,13,13,9,11,11,11,15,13,13,13,13,6,12,16,13,13,13,11,13,13,13,13,13,13,13,13,13,13,17,17,13,13,13,13,18,18,18,19,18,19,19,18,20,20,20,20,20,20,20,20","0.00871515274047852","infomap","edit-xhwikibooks.graphml"
"0.04","0.35","0.61","0.324562073845755","1,1,2,2,3,4,3,5,4,6,7,3,8,9,5,10,6,11,7,12,13,14,15,8,8,16,9,10,17,6,11,18,19,12,20,21,22,4,13,13,13,13,14,14,14,14,13,14,14,14,13,13,13,13,13,14,14,14,14,13,15,13,13,8,9,13,13,13,13,13,14,13,16,16,13,13,13,13,13,13,13,16,10,10,10,17,13,13,13,13,6,11,18,13,13,13,10,13,13,13,13,13,13,13,13,13,13,19,19,13,13,13,13,21,21,20,20,20,20,20,20,22,22,22,22,22,22,22,22","0.00843906402587891","infomap","edit-xhwikibooks.graphml"
"0.03","0.36","0.61","0.330561203018873","1,2,1,2,1,3,4,5,3,6,4,7,8,9,5,10,6,11,4,7,12,2,13,8,8,9,5,10,14,6,11,15,16,7,17,18,19,5,12,12,12,12,2,2,2,2,12,2,2,2,12,12,12,12,12,2,2,2,2,12,13,12,12,8,9,12,12,12,12,12,2,12,9,5,12,12,12,12,12,12,12,5,10,10,10,14,12,12,12,12,6,11,15,12,12,12,10,12,12,12,12,12,12,12,12,12,12,16,16,12,12,12,12,18,18,17,18,18,18,17,17,19,19,19,19,19,19,19,19","0.00883603096008301","infomap","edit-xhwikibooks.graphml"
"0.02","0.37","0.61","0.328490918841973","1,1,2,2,2,3,4,3,3,5,4,6,7,8,9,10,5,11,4,6,12,13,14,7,8,15,7,10,16,5,11,17,18,6,19,9,20,8,12,12,12,12,13,13,13,13,12,13,13,13,12,12,12,12,12,13,13,13,13,12,14,12,12,7,7,12,12,12,12,12,13,12,15,15,12,12,12,12,12,12,12,7,10,10,10,16,12,12,12,12,5,11,17,12,12,12,10,12,12,12,12,12,12,12,12,12,12,18,18,12,12,12,12,9,9,19,9,19,9,19,19,20,20,20,20,20,20,20,20","0.0125651359558105","infomap","edit-xhwikibooks.graphml"
"0.01","0.38","0.61","0.328615348950322","1,1,2,2,2,2,3,4,5,6,7,3,8,4,5,9,6,10,7,11,12,13,14,8,5,15,5,9,16,6,10,17,18,11,19,20,21,5,12,12,12,12,13,13,13,13,12,13,13,13,12,12,12,12,12,13,13,13,13,12,14,12,12,8,15,12,12,12,12,12,13,12,5,15,12,12,12,12,12,12,12,5,9,9,9,16,12,12,12,12,6,10,17,12,12,12,22,12,12,12,12,12,12,12,12,12,12,18,18,11,12,12,12,19,20,20,19,19,19,20,19,21,21,21,21,21,21,21,21","0.00653600692749023","infomap","edit-xhwikibooks.graphml"
"0","0.39","0.61","0.332466647179863","1,2,1,3,1,3,4,5,6,7,4,4,5,8,6,3,7,9,10,11,12,2,13,8,6,14,3,15,16,7,9,17,18,11,6,10,19,6,12,12,12,12,2,2,2,2,12,2,2,2,12,12,12,12,12,2,2,2,2,12,13,12,12,8,6,12,12,12,12,12,2,12,14,6,12,12,12,12,12,12,12,14,15,15,15,16,12,12,12,12,7,9,17,12,12,12,3,12,12,12,12,12,12,12,12,12,12,18,18,12,12,12,12,10,6,10,6,10,10,10,6,19,19,19,19,19,19,19,19","0.00931906700134277","infomap","edit-xhwikibooks.graphml"
"0.38","0","0.62","0.3193520688527","1,1,2,2,3,4,3,4,4,5,6,7,8,9,10,11,5,6,12,7,13,14,15,8,10,9,16,11,17,18,19,20,7,21,22,12,23,10,13,13,13,13,14,14,14,14,13,14,14,14,13,13,13,13,13,14,14,14,14,13,15,13,13,8,16,13,13,13,13,13,14,13,9,10,13,13,13,13,13,13,13,16,11,11,11,17,13,13,13,13,18,19,20,13,13,13,11,13,13,13,13,13,13,13,13,13,13,7,7,21,13,13,13,22,22,22,12,12,12,22,22,23,23,23,23,23,23,23,23","0.00650501251220703","infomap","edit-xhwikibooks.graphml"
"0.37","0.01","0.62","0.315425221507789","1,1,2,2,3,4,3,5,5,6,7,3,5,5,8,4,6,7,7,9,10,11,12,13,14,15,16,17,18,19,20,21,9,22,23,24,8,8,10,10,10,10,11,11,11,11,10,11,11,11,10,10,10,10,10,11,11,11,11,10,12,10,10,13,14,10,10,10,10,10,11,10,15,14,10,10,10,10,10,10,10,16,17,17,17,18,10,10,10,10,19,20,21,10,10,10,4,10,10,10,10,10,10,10,10,10,10,9,9,22,10,10,10,24,23,24,24,23,23,24,23,8,8,8,8,8,8,8,8","0.00686120986938477","infomap","edit-xhwikibooks.graphml"
"0.36","0.02","0.62","0.313769605191996","1,1,2,3,2,3,4,5,3,6,7,4,8,9,5,10,6,7,11,12,13,14,15,8,16,9,17,10,18,19,20,21,12,22,11,23,24,9,13,13,13,13,14,14,14,14,13,14,14,14,13,13,13,13,13,14,14,14,14,13,15,13,13,5,16,13,13,13,13,13,14,13,16,17,13,13,13,13,13,13,13,17,10,10,10,18,13,13,13,13,19,20,21,13,13,13,10,13,13,13,13,13,13,13,13,13,13,12,12,22,13,13,13,11,23,11,23,23,23,23,11,24,24,24,24,24,24,24,24","0.0065758228302002","infomap","edit-xhwikibooks.graphml"
"0.35","0.03","0.62","0.318216369057783","1,1,2,2,3,4,3,5,4,6,7,3,5,8,9,10,6,7,11,12,13,14,15,16,8,17,18,10,19,20,21,22,12,23,11,24,9,9,13,13,13,13,14,14,14,14,13,14,14,14,13,13,13,13,13,14,14,14,14,13,15,13,13,16,18,13,13,13,13,13,14,13,18,17,13,13,13,13,13,13,13,18,10,10,10,19,13,13,13,13,20,21,22,13,13,13,10,13,13,13,13,13,13,13,13,13,13,12,12,23,13,13,13,24,11,24,11,11,11,24,11,9,9,9,9,9,9,9,9","0.00666284561157227","infomap","edit-xhwikibooks.graphml"
"0.34","0.04","0.62","0.318769049672153","1,2,3,3,3,1,4,1,5,6,4,4,7,5,8,9,6,4,10,11,12,2,13,7,14,15,5,16,17,18,19,20,11,21,22,10,8,8,12,12,12,12,2,2,2,2,12,2,2,2,12,12,12,12,12,2,2,2,2,12,13,12,12,7,14,12,12,12,12,12,2,12,14,15,12,12,12,12,12,12,12,15,16,16,16,17,12,12,12,12,18,19,20,12,12,12,9,12,12,12,12,12,12,12,12,12,12,11,11,21,12,12,12,10,10,22,10,10,22,22,22,8,8,8,8,8,8,8,8","0.00679588317871094","infomap","edit-xhwikibooks.graphml"
"0.33","0.05","0.62","0.315095886986273","1,1,2,2,2,3,4,5,3,3,4,6,5,5,7,8,3,4,9,6,10,11,12,13,14,15,16,8,17,18,19,20,21,22,9,23,24,7,10,10,10,10,11,11,11,11,10,11,11,11,10,10,10,10,10,11,11,11,11,10,12,10,10,13,14,10,10,10,10,10,11,10,15,16,10,10,10,10,10,10,10,16,8,8,8,17,10,10,10,10,18,19,20,10,10,10,8,10,10,10,10,10,10,10,10,10,10,21,21,22,10,10,10,23,9,23,23,23,23,9,23,24,24,24,24,24,24,24,24","0.00900006294250488","infomap","edit-xhwikibooks.graphml"
"0.32","0.06","0.62","0.314554971003225","1,1,2,2,2,3,4,5,3,6,7,4,5,5,8,6,6,7,7,9,10,11,12,13,14,15,16,17,18,19,20,21,9,22,23,8,24,8,10,10,10,10,11,11,11,11,10,11,11,11,10,10,10,10,10,11,11,11,11,10,12,10,10,13,14,10,10,10,10,10,11,10,15,15,10,10,10,10,10,10,10,16,17,17,17,18,10,10,10,10,19,20,21,10,10,10,6,10,10,10,10,10,10,10,10,10,10,9,9,22,10,10,10,8,8,23,23,8,23,23,23,24,24,24,24,24,24,24,24","0.00901389122009277","infomap","edit-xhwikibooks.graphml"
"0.31","0.07","0.62","0.318906216552125","1,1,2,2,3,4,3,4,5,4,6,3,7,8,5,9,4,6,10,11,12,13,14,7,15,5,8,16,17,18,19,20,11,21,10,22,23,5,12,12,12,12,13,13,13,13,12,13,13,13,12,12,12,12,12,13,13,13,13,12,14,12,12,4,15,12,12,12,12,12,13,12,15,15,12,12,12,12,12,12,12,15,16,16,16,17,12,12,12,12,18,19,20,12,12,12,9,12,12,12,12,12,12,12,12,12,12,11,11,21,12,12,12,10,22,10,10,22,22,22,10,23,23,23,23,23,23,23,23","0.00652790069580078","infomap","edit-xhwikibooks.graphml"
"0.3","0.08","0.62","0.319336008077373","1,1,2,2,3,4,3,5,4,6,7,8,5,9,10,11,6,7,12,8,13,1,14,15,16,9,17,11,18,19,20,21,22,23,24,12,10,9,13,13,13,13,1,1,1,1,13,1,1,1,13,13,13,13,13,1,1,1,1,13,14,13,13,15,16,13,13,13,13,13,1,13,9,17,13,13,13,13,13,13,13,17,11,11,11,18,13,13,13,13,19,20,21,13,13,13,11,13,13,13,13,13,13,13,13,13,13,22,22,23,13,13,13,12,24,24,24,24,24,12,24,10,10,10,10,10,10,10,10","0.00679707527160645","infomap","edit-xhwikibooks.graphml"
"0.29","0.09","0.62","0.315564431512727","1,1,2,2,3,4,3,4,5,6,7,8,9,10,5,11,6,7,7,8,12,13,14,9,15,10,16,17,18,19,20,21,22,23,24,25,5,10,12,12,12,12,13,13,13,13,12,13,13,13,12,12,12,12,12,13,13,13,13,12,14,12,12,4,15,12,12,12,12,12,13,12,10,10,12,12,12,12,12,12,12,16,17,17,17,18,12,12,12,12,19,20,21,12,12,12,11,12,12,12,12,12,12,12,12,12,12,22,22,23,12,12,12,25,24,25,24,25,25,24,24,5,5,5,5,5,5,5,5","0.00690197944641113","infomap","edit-xhwikibooks.graphml"
"0.28","0.1","0.62","0.301906632044063","1,2,1,3,1,3,4,2,3,5,4,6,7,8,9,10,5,4,4,6,11,12,13,7,14,15,8,16,17,18,19,20,21,22,23,24,25,9,11,11,11,11,12,12,12,12,11,12,12,12,11,11,11,11,11,12,12,12,12,11,13,11,11,7,14,11,11,11,11,11,12,11,15,14,11,11,11,11,11,11,11,15,16,16,16,17,11,11,11,11,18,19,20,11,11,11,10,11,11,11,11,11,11,11,11,11,11,21,21,22,11,11,11,24,24,24,23,24,23,24,24,9,9,9,9,25,25,25,25","0.00692605972290039","infomap","edit-xhwikibooks.graphml"
"0.27","0.11","0.62","0.311212813118981","1,1,2,2,3,4,3,5,4,4,3,6,7,5,8,9,4,3,10,6,11,12,13,7,14,15,16,9,17,18,19,20,21,22,23,10,24,8,11,11,11,11,12,12,12,12,11,12,12,12,11,11,11,11,11,12,12,12,12,11,13,11,11,5,14,11,11,11,11,11,12,11,15,16,11,11,11,11,11,11,11,16,9,9,9,17,11,11,11,11,18,19,20,11,11,11,9,11,11,11,11,11,11,11,11,11,11,21,21,22,11,11,11,10,10,23,23,10,10,23,10,24,24,24,24,24,24,24,24","0.00664901733398438","infomap","edit-xhwikibooks.graphml"
"0.26","0.12","0.62","0.303545754296504","1,2,1,2,3,4,3,4,5,6,7,8,9,10,5,11,6,7,7,8,2,12,13,9,14,15,10,16,17,18,19,20,8,21,22,23,24,10,2,2,2,2,12,12,12,12,2,12,12,12,2,2,2,2,2,12,12,12,12,2,13,2,2,4,14,2,2,2,2,2,12,2,15,14,2,2,2,2,2,2,2,10,16,16,16,17,2,2,2,2,18,19,20,2,2,2,11,2,2,2,2,2,2,2,2,2,2,8,8,21,2,2,2,23,22,23,22,22,23,23,22,24,24,24,24,24,24,24,24","0.0069880485534668","infomap","edit-xhwikibooks.graphml"
"0.25","0.13","0.62","0.31533784142842","1,2,1,3,1,3,4,2,5,5,4,6,7,8,9,10,5,4,11,6,12,13,14,15,16,7,8,17,18,19,20,21,22,23,11,24,9,9,12,12,12,12,13,13,13,13,12,13,13,13,12,12,12,12,12,13,13,13,13,12,14,12,12,15,16,12,12,12,12,12,13,12,7,7,12,12,12,12,12,12,12,8,17,10,17,18,12,12,12,12,19,20,21,12,12,12,10,12,12,12,12,12,12,12,12,12,12,22,22,23,12,12,12,24,24,24,11,24,24,11,11,9,9,9,9,9,9,9,9","0.00662088394165039","infomap","edit-xhwikibooks.graphml"
"0.24","0.14","0.62","0.321974355743531","1,2,1,3,4,3,4,5,6,7,8,4,5,9,6,10,7,8,8,11,12,2,13,9,14,15,16,17,18,19,20,21,22,11,23,24,25,9,12,12,12,12,2,2,2,2,12,2,2,2,12,12,12,12,12,2,2,2,2,12,13,12,12,5,14,12,12,12,12,12,2,12,15,16,12,12,12,12,12,12,12,16,17,17,17,18,12,12,12,12,19,20,21,12,12,12,10,12,12,12,12,12,12,12,12,12,12,22,22,12,12,12,12,24,23,23,24,23,24,24,24,25,25,25,25,25,25,25,25","0.00702404975891113","infomap","edit-xhwikibooks.graphml"
"0.23","0.15","0.62","0.321224812142692","1,2,1,3,1,3,4,3,5,6,4,7,8,2,5,9,6,4,10,7,11,12,13,2,8,14,15,9,16,17,18,19,20,21,22,10,23,10,11,11,11,11,12,12,12,12,11,12,12,12,11,11,11,11,11,12,12,12,12,11,13,11,11,3,8,11,11,11,11,11,12,11,14,15,11,11,11,11,11,11,11,15,9,9,9,16,11,11,11,11,17,18,19,11,11,11,9,11,11,11,11,11,11,11,11,11,11,20,20,21,11,11,11,22,22,22,22,22,22,22,10,23,23,23,23,23,23,23,23","0.00670790672302246","infomap","edit-xhwikibooks.graphml"
"0.22","0.16","0.62","0.325363007591597","1,2,1,1,3,2,3,2,4,5,6,3,7,8,4,9,5,6,6,10,11,12,13,7,8,14,15,9,16,17,18,19,20,10,21,22,23,8,11,11,11,11,12,12,12,12,11,12,12,12,11,11,11,11,11,12,12,12,12,11,13,11,11,2,14,11,11,11,11,11,12,11,8,14,11,11,11,11,11,11,11,15,9,9,9,16,11,11,11,11,17,18,19,11,11,11,9,11,11,11,11,11,11,11,11,11,11,20,20,11,11,11,11,22,21,21,21,22,22,22,21,23,23,23,23,23,23,23,23","0.00881600379943848","infomap","edit-xhwikibooks.graphml"
"0.21","0.17","0.62","0.298405540166205","1,2,1,3,1,3,4,5,6,7,4,8,9,5,6,3,7,4,10,8,2,11,12,9,13,14,15,16,17,18,19,20,21,22,23,10,24,6,2,2,2,2,11,11,11,11,2,11,11,11,2,2,2,2,2,11,11,11,11,2,12,2,2,9,13,2,2,2,2,2,11,2,14,13,2,2,2,2,2,2,2,15,16,16,16,17,2,2,2,2,18,19,20,2,2,2,3,2,2,2,2,2,2,2,2,2,2,21,21,22,2,2,2,10,23,10,6,6,23,6,6,24,24,24,24,24,24,24,24","0.00670003890991211","infomap","edit-xhwikibooks.graphml"
"0.2","0.18","0.62","0.324164542936288","1,1,2,2,2,3,4,5,3,6,7,4,5,5,8,9,6,7,10,11,12,13,14,15,16,17,18,19,20,21,22,23,11,24,10,25,8,8,12,12,12,12,13,13,13,13,12,13,13,13,12,12,12,12,12,13,13,13,13,12,14,12,12,15,16,12,12,12,12,12,13,12,17,17,12,12,12,12,12,12,12,18,19,9,9,20,12,12,12,12,21,22,23,12,12,12,9,12,12,12,12,12,12,12,12,12,12,11,11,24,12,12,12,10,10,10,25,25,25,10,10,8,8,8,8,8,8,8,8","0.00666594505310059","infomap","edit-xhwikibooks.graphml"
"0.19","0.19","0.62","0.32510229533945","1,1,2,2,3,4,3,4,4,5,3,6,4,7,8,9,5,3,10,6,11,12,13,14,15,8,7,16,17,18,19,20,21,22,10,23,24,8,11,11,11,11,12,12,12,12,11,12,12,12,11,11,11,11,11,12,12,12,12,11,13,11,11,14,15,11,11,11,11,11,12,11,15,15,11,11,11,11,11,11,11,15,16,16,16,17,11,11,11,11,18,19,20,11,11,11,9,11,11,11,11,11,11,11,11,11,11,21,21,22,11,11,11,23,10,23,23,10,23,10,23,24,24,24,24,24,24,24,24","0.00661802291870117","infomap","edit-xhwikibooks.graphml"
"0.18","0.2","0.62","0.322709337719103","1,2,1,1,3,4,3,5,4,6,7,3,5,8,9,10,6,7,11,12,13,2,14,15,16,8,9,17,18,19,20,21,12,22,23,11,24,11,13,13,13,13,2,2,2,2,13,2,2,2,13,13,13,13,13,2,2,2,2,13,14,13,13,15,16,13,13,13,13,13,2,13,9,9,13,13,13,13,13,13,13,8,17,17,17,18,13,13,13,13,19,20,21,13,13,13,10,13,13,13,13,13,13,13,13,13,13,12,12,22,13,13,13,11,11,11,11,23,23,23,11,24,24,24,24,24,24,24,24","0.0342779159545898","infomap","edit-xhwikibooks.graphml"
"0.17","0.21","0.62","0.323874917296221","1,1,1,1,2,3,2,4,5,3,2,2,6,4,5,7,3,2,8,9,10,11,12,6,13,14,15,16,17,18,19,20,9,21,8,22,23,4,10,10,10,10,11,11,11,11,10,11,11,11,10,10,10,10,10,11,11,11,11,10,12,10,10,4,13,10,10,10,10,10,11,10,14,15,10,10,10,10,10,10,10,15,16,16,16,17,10,10,10,10,18,19,20,10,10,10,7,10,10,10,10,10,10,10,10,10,10,9,9,21,10,10,10,8,22,22,22,8,8,22,8,23,23,23,23,23,23,23,23","0.00652909278869629","infomap","edit-xhwikibooks.graphml"
"0.16","0.22","0.62","0.320429791236429","1,1,2,2,3,4,3,5,4,6,3,7,8,5,9,10,6,3,11,7,12,13,14,8,15,16,17,18,19,20,21,22,7,23,24,11,25,9,12,12,12,12,13,13,13,13,12,13,13,13,12,12,12,12,12,13,13,13,13,12,14,12,12,8,15,12,12,12,12,12,13,12,16,16,12,12,12,12,12,12,12,17,10,18,10,19,12,12,12,12,20,21,22,12,12,12,10,12,12,12,12,12,12,12,12,12,12,7,7,23,12,12,12,11,24,24,24,24,11,24,24,25,25,25,25,25,25,25,25","0.00647306442260742","infomap","edit-xhwikibooks.graphml"
"0.15","0.23","0.62","0.326224699438599","1,2,1,2,1,3,4,5,6,7,8,4,5,9,6,3,7,8,8,10,11,2,12,13,14,15,9,16,17,18,19,20,21,10,22,23,24,9,11,11,11,11,2,2,2,2,11,2,2,2,11,11,11,11,11,2,2,2,2,11,12,11,11,13,14,11,11,11,11,11,2,11,15,15,11,11,11,11,11,11,11,14,16,16,16,17,11,11,11,11,18,19,20,11,11,11,3,11,11,11,11,11,11,11,11,11,11,21,21,11,11,11,11,22,22,23,23,23,22,23,23,24,24,24,24,24,24,24,24","0.00901103019714355","infomap","edit-xhwikibooks.graphml"
"0.14","0.24","0.62","0.324589249178498","1,1,2,1,2,3,4,3,5,6,7,4,8,8,5,9,6,7,10,11,12,13,14,8,15,16,17,18,19,20,21,22,11,23,10,24,25,5,12,12,12,12,13,13,13,13,12,13,13,13,12,12,12,12,12,13,13,13,13,12,14,12,12,3,15,12,12,12,12,12,13,12,16,15,12,12,12,12,12,12,12,17,18,18,18,19,12,12,12,12,20,21,22,12,12,12,9,12,12,12,12,12,12,12,12,12,12,11,11,23,12,12,12,10,10,24,24,24,10,24,10,25,25,25,25,25,25,25,25","0.00667595863342285","infomap","edit-xhwikibooks.graphml"
"0.13","0.25","0.62","0.327091168795084","1,1,2,2,3,4,3,5,4,6,7,8,5,9,10,11,6,12,7,8,13,14,15,1,9,16,9,11,17,6,12,18,19,13,20,10,21,10,13,13,13,13,14,14,14,14,13,14,14,14,13,13,13,13,13,14,14,14,14,13,15,13,13,1,16,13,13,13,13,13,14,13,16,16,13,13,13,13,13,13,13,9,11,11,11,17,13,13,13,13,6,12,18,13,13,13,11,13,13,13,13,13,13,13,13,13,13,19,19,13,13,13,13,10,10,20,20,10,10,20,10,21,21,21,21,21,21,21,21","0.00673794746398926","infomap","edit-xhwikibooks.graphml"
"0.12","0.26","0.62","0.325132132963989","1,2,1,3,4,3,4,2,2,5,6,4,7,8,9,3,5,10,6,4,11,12,13,7,3,8,7,14,15,5,10,16,17,11,18,9,19,2,11,11,11,11,12,12,12,12,11,12,12,12,11,11,11,11,11,12,12,12,12,11,13,11,11,2,7,11,11,11,11,11,12,11,7,7,11,11,11,11,11,11,11,8,14,14,14,15,11,11,11,11,5,10,16,11,11,11,3,11,11,11,11,11,11,11,11,11,11,17,17,11,11,11,11,9,9,18,18,18,18,9,9,19,19,19,19,19,19,19,19","0.00680303573608398","infomap","edit-xhwikibooks.graphml"
"0.11","0.27","0.62","0.316847922437673","1,2,3,3,3,1,4,1,5,6,7,4,8,5,9,1,6,10,7,2,2,11,12,8,9,13,5,14,15,6,10,16,17,2,18,19,20,9,2,2,2,2,11,11,11,11,2,11,11,11,2,2,2,2,2,11,11,11,11,2,12,2,2,8,9,2,2,2,2,2,11,2,13,13,2,2,2,2,2,2,2,9,14,14,14,15,2,2,2,2,6,10,16,2,2,2,1,2,2,2,2,2,2,2,2,2,2,17,17,2,2,2,2,19,19,19,19,18,18,18,19,20,20,20,20,20,20,20,20","0.00673103332519531","infomap","edit-xhwikibooks.graphml"
"0.1","0.28","0.62","0.328303070208901","1,1,2,2,3,2,3,4,5,6,3,3,7,4,5,8,6,9,10,11,11,12,13,7,4,14,5,8,15,6,9,16,17,11,10,18,19,5,11,11,11,11,12,12,12,12,11,12,12,12,11,11,11,11,11,12,12,12,12,11,13,11,11,4,5,11,11,11,11,11,12,11,5,14,11,11,11,11,11,11,11,14,8,8,8,15,11,11,11,11,6,9,16,11,11,11,20,11,11,11,11,11,11,11,11,11,11,17,17,11,11,11,11,18,18,18,10,18,10,18,18,19,19,19,19,19,19,19,19","0.00674295425415039","infomap","edit-xhwikibooks.graphml"
"0.09","0.29","0.62","0.328925917793588","1,1,2,2,3,2,3,4,4,5,6,7,8,4,9,10,5,11,6,7,12,13,14,8,9,15,15,10,16,5,11,17,18,12,19,20,21,9,12,12,12,12,13,13,13,13,12,13,13,13,12,12,12,12,12,13,13,13,13,12,14,12,12,8,15,12,12,12,12,12,13,12,9,15,12,12,12,12,12,12,12,15,10,10,10,16,12,12,12,12,5,11,17,12,12,12,10,12,12,12,12,12,12,12,12,12,12,18,18,12,12,12,12,19,19,19,19,20,20,19,20,21,21,21,21,21,21,21,21","0.00671601295471191","infomap","edit-xhwikibooks.graphml"
"0.08","0.3","0.62","0.321948319452195","1,2,1,1,1,3,4,5,3,6,4,4,7,8,5,9,6,10,11,12,2,13,14,7,8,15,5,9,16,6,10,17,18,12,19,11,20,8,2,2,2,2,13,13,13,13,2,13,13,13,2,2,2,2,2,13,13,13,13,2,14,2,2,7,15,2,2,2,2,2,13,2,15,15,2,2,2,2,2,2,2,15,9,9,9,16,2,2,2,2,6,10,17,2,2,2,9,2,2,2,2,2,2,2,2,2,2,18,18,2,2,2,2,19,11,19,19,11,11,19,19,20,20,20,20,20,20,20,20","0.0089418888092041","infomap","edit-xhwikibooks.graphml"
"0.07","0.31","0.62","0.327384032750171","1,2,1,1,1,3,4,2,3,5,6,4,7,8,9,10,5,11,6,12,12,13,14,7,8,15,7,10,16,5,11,17,18,12,19,9,20,9,12,12,12,12,13,13,13,13,12,13,13,13,12,12,12,12,12,13,13,13,13,12,14,12,12,2,7,12,12,12,12,12,13,12,15,15,12,12,12,12,12,12,12,15,10,10,10,16,12,12,12,12,5,11,17,12,12,12,10,12,12,12,12,12,12,12,12,12,12,18,18,12,12,12,12,9,9,19,19,9,9,19,19,20,20,20,20,20,20,20,20","0.00866913795471191","infomap","edit-xhwikibooks.graphml"
"0.06","0.32","0.62","0.321048443223418","1,2,1,2,1,3,4,3,5,6,4,7,8,9,5,10,6,11,12,7,2,13,14,8,5,15,9,10,16,6,11,17,18,7,19,12,20,5,2,2,2,2,13,13,13,13,2,13,13,13,2,2,2,2,2,13,13,13,13,2,14,2,2,8,9,2,2,2,2,2,13,2,15,5,2,2,2,2,2,2,2,9,10,10,10,16,2,2,2,2,6,11,17,2,2,2,10,2,2,2,2,2,2,2,2,2,2,18,18,7,2,2,2,19,19,19,19,12,19,12,19,20,20,20,20,20,20,20,20","0.00723910331726074","infomap","edit-xhwikibooks.graphml"
"0.05","0.33","0.62","0.331093129966626","1,1,2,2,2,3,4,3,5,6,7,4,5,5,8,3,6,9,7,10,11,12,13,5,5,8,5,14,15,6,9,16,17,10,18,19,20,5,11,11,11,11,12,12,12,12,11,12,12,12,11,11,11,11,11,12,12,12,12,11,13,11,11,3,5,11,11,11,11,11,12,11,5,5,11,11,11,11,11,11,11,8,14,14,14,15,11,11,11,11,6,9,16,11,11,11,3,11,11,11,11,11,11,11,11,11,11,17,17,10,11,11,11,18,19,19,18,18,19,19,19,20,20,20,20,20,20,20,20","0.00647282600402832","infomap","edit-xhwikibooks.graphml"
"0.04","0.34","0.62","0.342131499987548","1,2,1,2,3,4,3,5,4,6,3,3,5,7,8,9,6,10,3,3,11,2,12,4,7,13,8,9,14,6,10,15,16,3,17,18,19,8,11,11,11,11,2,2,2,2,11,2,2,2,11,11,11,11,11,2,2,2,2,11,12,11,11,4,13,11,11,11,11,11,2,11,13,8,11,11,11,11,11,11,11,8,9,9,9,14,11,11,11,11,6,10,15,11,11,11,9,11,11,11,11,11,11,11,11,11,11,16,16,11,11,11,11,17,17,17,17,17,17,18,18,19,19,19,19,19,19,19,19","0.0066680908203125","infomap","edit-xhwikibooks.graphml"
"0.03","0.35","0.62","0.339406544225661","1,2,1,1,3,4,3,4,5,6,7,8,9,10,11,4,6,12,7,8,13,2,14,9,11,5,10,15,16,6,12,17,18,8,19,20,21,11,13,13,13,13,2,2,2,2,13,2,2,2,13,13,13,13,13,2,2,2,2,13,14,13,13,9,10,13,13,13,13,13,2,13,11,5,13,13,13,13,13,13,13,10,15,15,15,16,13,13,13,13,6,12,17,13,13,13,4,13,13,13,13,13,13,13,13,13,13,18,18,13,13,13,13,20,19,20,19,19,19,19,19,21,21,21,21,21,21,21,21","0.00908708572387695","infomap","edit-xhwikibooks.graphml"
"0.02","0.36","0.62","0.376560768443483","1,2,1,1,1,3,4,3,5,6,4,7,3,5,8,9,6,10,11,7,12,2,13,5,5,8,5,9,14,6,10,15,16,7,11,11,17,5,12,12,12,12,2,2,2,2,12,2,2,2,12,12,12,12,12,2,2,2,2,12,13,12,12,3,8,12,12,12,12,12,2,12,5,8,12,12,12,12,12,12,12,5,9,9,9,14,12,12,12,12,6,10,15,12,12,12,18,12,12,12,12,12,12,12,12,12,12,16,16,12,12,12,12,11,11,11,11,11,11,11,11,17,17,17,17,17,17,17,17","0.00904107093811035","infomap","edit-xhwikibooks.graphml"
"0.01","0.37","0.62","0.369135365306916","1,1,2,2,3,4,3,5,5,6,7,3,8,5,9,4,6,10,7,3,11,12,13,8,4,4,4,14,15,6,10,16,17,11,18,18,9,9,11,11,11,11,12,12,12,12,11,12,12,12,11,11,11,11,11,12,12,12,12,11,13,11,11,8,4,11,11,11,11,11,12,11,4,4,11,11,11,11,11,11,11,4,14,14,14,15,11,11,11,11,6,10,16,11,11,11,19,11,11,11,11,11,11,11,11,11,11,17,17,11,11,11,11,18,18,18,18,18,18,18,18,9,9,9,9,9,9,9,9","0.00696611404418945","infomap","edit-xhwikibooks.graphml"
"0","0.38","0.62","0.326046789821209","1,2,1,1,1,3,4,3,3,5,4,6,7,7,3,3,5,8,9,6,2,10,11,2,3,12,7,13,14,5,8,15,16,6,9,17,18,3,2,2,2,2,10,10,10,10,2,10,10,10,2,2,2,2,2,10,10,10,10,2,11,2,2,2,12,2,2,2,2,2,10,2,3,12,2,2,2,2,2,2,2,3,13,13,13,14,2,2,2,2,5,8,15,2,2,2,19,2,2,2,2,2,2,2,2,2,2,16,16,6,2,2,2,17,17,9,17,17,9,17,17,18,18,18,18,18,18,18,18","0.00695681571960449","infomap","edit-xhwikibooks.graphml"
"0.37","0","0.63","0.320493032657358","1,1,2,2,3,4,3,4,5,6,3,7,8,8,5,9,6,3,10,7,11,12,13,8,14,15,5,16,17,18,19,20,21,22,23,10,24,5,11,11,11,11,12,12,12,12,11,12,12,12,11,11,11,11,11,12,12,12,12,11,13,11,11,4,14,11,11,11,11,11,12,11,15,15,11,11,11,11,11,11,11,15,9,16,9,17,11,11,11,11,18,19,20,11,11,11,9,11,11,11,11,11,11,11,11,11,11,21,21,22,11,11,11,10,23,23,10,23,10,10,23,24,24,24,24,24,24,24,24","0.0067908763885498","infomap","edit-xhwikibooks.graphml"
"0.36","0.01","0.63","0.313032310573689","1,2,3,3,4,1,4,2,5,1,6,7,8,5,9,10,1,6,11,7,12,13,14,8,15,16,17,18,19,20,21,22,23,24,25,11,26,9,12,12,12,12,13,13,13,13,12,13,13,13,12,12,12,12,12,13,13,13,13,12,14,12,12,2,15,12,12,12,12,12,13,12,5,16,12,12,12,12,12,12,12,17,18,18,18,19,12,12,12,12,20,21,22,12,12,12,10,12,12,12,12,12,12,12,12,12,12,23,23,24,12,12,12,25,11,25,11,25,25,25,11,26,26,26,26,26,26,26,26","0.00699281692504883","infomap","edit-xhwikibooks.graphml"
"0.35","0.02","0.63","0.321211165087441","1,1,2,2,3,4,3,5,6,4,7,8,5,6,9,10,4,7,11,8,12,13,14,15,9,6,16,17,18,19,20,21,22,8,11,23,24,16,12,12,12,12,13,13,13,13,12,13,13,13,12,12,12,12,12,13,13,13,13,12,14,12,12,15,16,12,12,12,12,12,13,12,9,16,12,12,12,12,12,12,12,16,17,17,17,18,12,12,12,12,19,20,21,12,12,12,10,12,12,12,12,12,12,12,12,12,12,22,22,12,12,12,12,23,11,23,11,23,23,11,23,24,24,24,24,24,24,24,24","0.00664305686950684","infomap","edit-xhwikibooks.graphml"
"0.34","0.03","0.63","0.322557071561744","1,2,1,1,1,3,4,2,5,3,4,6,7,8,5,9,3,4,10,6,11,12,13,7,14,8,15,16,17,18,19,20,21,22,10,23,24,5,11,11,11,11,12,12,12,12,11,12,12,12,11,11,11,11,11,12,12,12,12,11,13,11,11,7,14,11,11,11,11,11,12,11,8,15,11,11,11,11,11,11,11,15,16,16,16,17,11,11,11,11,18,19,20,11,11,11,9,11,11,11,11,11,11,11,11,11,11,21,21,22,11,11,11,23,23,10,10,23,10,23,10,24,24,24,24,24,24,24,24","0.0068209171295166","infomap","edit-xhwikibooks.graphml"
"0.33","0.04","0.63","0.31916928413061","1,2,1,3,4,3,4,2,5,3,6,7,8,9,5,10,3,6,6,7,11,12,13,8,9,14,15,10,16,17,18,19,20,21,22,23,24,9,11,11,11,11,12,12,12,12,11,12,12,12,11,11,11,11,11,12,12,12,12,11,13,11,11,2,14,11,11,11,11,11,12,11,14,9,11,11,11,11,11,11,11,15,10,10,10,16,11,11,11,11,17,18,19,11,11,11,10,11,11,11,11,11,11,11,11,11,11,20,20,21,11,11,11,23,23,22,23,23,22,23,22,24,24,24,24,24,24,24,24","0.0088810920715332","infomap","edit-xhwikibooks.graphml"
"0.32","0.05","0.63","0.300926506536295","1,2,3,3,4,1,4,2,1,5,6,7,8,2,9,10,5,6,6,7,11,12,13,8,14,15,16,17,18,19,20,21,22,23,24,25,26,9,11,11,11,11,12,12,12,12,11,12,12,12,11,11,11,11,11,12,12,12,12,11,13,11,11,2,14,11,11,11,11,11,12,11,15,15,11,11,11,11,11,11,11,16,17,17,17,18,11,11,11,11,19,20,21,11,11,11,10,11,11,11,11,11,11,11,11,11,11,22,22,23,11,11,11,25,9,9,24,24,25,9,24,26,26,26,26,26,26,26,26","0.00667190551757812","infomap","edit-xhwikibooks.graphml"
"0.31","0.06","0.63","0.312605882665533","1,2,1,1,3,4,3,5,4,6,7,3,5,2,8,9,6,7,7,10,11,12,13,2,14,14,15,9,16,17,18,19,10,20,21,8,22,2,11,11,11,11,12,12,12,12,11,12,12,12,11,11,11,11,11,12,12,12,12,11,13,11,11,2,15,11,11,11,11,11,12,11,14,15,11,11,11,11,11,11,11,15,9,9,9,16,11,11,11,11,17,18,19,11,11,11,9,11,11,11,11,11,11,11,11,11,11,10,10,20,11,11,11,8,8,21,21,8,21,8,8,22,22,22,22,22,22,22,22","0.00650906562805176","infomap","edit-xhwikibooks.graphml"
"0.3","0.07","0.63","0.314234895942408","1,2,1,3,4,3,4,2,3,3,5,6,7,8,9,10,3,5,5,6,11,12,13,7,8,14,15,10,16,17,18,19,20,21,22,23,24,9,11,11,11,11,12,12,12,12,11,12,12,12,11,11,11,11,11,12,12,12,12,11,13,11,11,7,9,11,11,11,11,11,12,11,8,14,11,11,11,11,11,11,11,15,10,10,10,16,11,11,11,11,17,18,19,11,11,11,10,11,11,11,11,11,11,11,11,11,11,20,20,21,11,11,11,22,23,22,23,23,22,23,22,24,24,24,24,24,24,24,24","0.00653886795043945","infomap","edit-xhwikibooks.graphml"
"0.29","0.08","0.63","0.31533377003742","1,2,1,1,3,4,3,4,5,6,3,7,8,5,9,10,6,3,11,7,12,2,13,8,14,15,16,17,18,19,20,21,7,22,11,23,24,9,12,12,12,12,2,2,2,2,12,2,2,2,12,12,12,12,12,2,2,2,2,12,13,12,12,8,14,12,12,12,12,12,2,12,15,5,12,12,12,12,12,12,12,16,10,17,17,18,12,12,12,12,19,20,21,12,12,12,10,12,12,12,12,12,12,12,12,12,12,7,7,22,12,12,12,11,23,11,23,11,23,23,11,24,24,24,24,24,24,24,24","0.00710797309875488","infomap","edit-xhwikibooks.graphml"
"0.28","0.09","0.63","0.320366418215063","1,2,1,3,4,3,4,5,6,7,8,4,5,5,6,9,7,8,10,11,12,2,13,14,6,15,15,9,16,17,18,19,20,11,21,10,22,5,12,12,12,12,2,2,2,2,12,2,2,2,12,12,12,12,12,2,2,2,2,12,13,12,12,14,15,12,12,12,12,12,2,12,15,15,12,12,12,12,12,12,12,15,9,9,9,16,12,12,12,12,17,18,19,12,12,12,9,12,12,12,12,12,12,12,12,12,12,20,20,11,12,12,12,21,10,10,21,21,21,10,21,22,22,22,22,22,22,22,22","0.00678396224975586","infomap","edit-xhwikibooks.graphml"
"0.27","0.1","0.63","0.310988228855898","1,1,2,2,3,4,3,5,6,4,7,8,5,9,10,11,4,7,7,8,12,13,14,15,10,9,16,17,18,19,20,21,22,23,24,25,6,9,12,12,12,12,13,13,13,13,12,13,13,13,12,12,12,12,12,13,13,13,13,12,14,12,12,15,9,12,12,12,12,12,13,12,10,9,12,12,12,12,12,12,12,16,17,17,17,18,12,12,12,12,19,20,21,12,12,12,11,12,12,12,12,12,12,12,12,12,12,22,22,23,12,12,12,24,24,25,24,24,25,25,25,6,6,6,6,6,6,6,6","0.00739192962646484","infomap","edit-xhwikibooks.graphml"
"0.26","0.11","0.63","0.312371399176955","1,2,3,3,4,1,4,1,5,6,7,8,9,5,10,11,6,7,7,8,12,2,13,9,5,14,10,15,16,17,18,19,20,21,22,23,24,5,12,12,12,12,2,2,2,2,12,2,2,2,12,12,12,12,12,2,2,2,2,12,13,12,12,9,10,12,12,12,12,12,2,12,5,14,12,12,12,12,12,12,12,5,15,15,15,16,12,12,12,12,17,18,19,12,12,12,11,12,12,12,12,12,12,12,12,12,12,20,20,21,12,12,12,22,23,23,23,23,22,22,23,24,24,24,24,24,24,24,24","0.00695490837097168","infomap","edit-xhwikibooks.graphml"
"0.25","0.12","0.63","0.306856819638988","1,1,2,2,3,4,3,5,4,6,7,3,8,5,9,10,6,7,7,11,12,13,14,8,15,16,17,18,19,20,21,22,11,23,24,25,26,9,12,12,12,12,13,13,13,13,12,13,13,13,12,12,12,12,12,13,13,13,13,12,14,12,12,5,15,12,12,12,12,12,13,12,16,16,12,12,12,12,12,12,12,17,18,18,18,19,12,12,12,12,20,21,22,12,12,12,10,12,12,12,12,12,12,12,12,12,12,11,11,23,12,12,12,25,25,25,25,9,24,24,24,26,26,26,26,26,26,26,26","0.00693011283874512","infomap","edit-xhwikibooks.graphml"
"0.24","0.13","0.63","0.313020198676893","1,1,2,2,3,4,3,4,4,5,6,7,8,8,9,10,5,6,6,7,11,12,13,14,9,8,15,16,17,18,19,20,21,22,23,24,25,25,11,11,11,11,12,12,12,12,11,12,12,12,11,11,11,11,11,12,12,12,12,11,13,11,11,14,8,11,11,11,11,11,12,11,9,8,11,11,11,11,11,11,11,15,16,16,16,17,11,11,11,11,18,19,20,11,11,11,10,11,11,11,11,11,11,11,11,11,11,21,21,22,11,11,11,24,24,23,23,24,24,23,23,25,25,25,25,25,25,25,25","0.0069429874420166","infomap","edit-xhwikibooks.graphml"
"0.23","0.14","0.63","0.316926017638979","1,1,2,2,3,4,3,5,6,7,8,9,10,5,6,4,7,8,8,9,11,12,13,10,14,15,6,16,17,18,19,20,21,22,23,24,25,6,11,11,11,11,12,12,12,12,11,12,12,12,11,11,11,11,11,12,12,12,12,11,13,11,11,10,14,11,11,11,11,11,12,11,6,15,11,11,11,11,11,11,11,15,16,16,16,17,11,11,11,11,18,19,20,11,11,11,4,11,11,11,11,11,11,11,11,11,11,21,21,22,11,11,11,23,24,23,23,23,24,24,23,25,25,25,25,25,25,25,25","0.00682497024536133","infomap","edit-xhwikibooks.graphml"
"0.22","0.15","0.63","0.318983168967784","1,2,1,3,4,3,4,2,3,5,6,4,2,7,8,9,5,6,6,10,11,12,13,14,15,16,7,17,18,19,20,21,22,10,23,24,8,7,11,11,11,11,12,12,12,12,11,12,12,12,11,11,11,11,11,12,12,12,12,11,13,11,11,14,15,11,11,11,11,11,12,11,16,15,11,11,11,11,11,11,11,16,17,17,17,18,11,11,11,11,19,20,21,11,11,11,9,11,11,11,11,11,11,11,11,11,11,22,22,11,11,11,11,24,24,24,23,23,24,24,24,8,8,8,8,8,8,8,8","0.00662899017333984","infomap","edit-xhwikibooks.graphml"
"0.21","0.16","0.63","0.320465500492331","1,2,1,3,1,3,4,2,2,5,4,6,7,2,8,9,5,4,10,6,11,12,13,7,14,15,16,17,18,19,20,21,22,23,10,24,8,8,11,11,11,11,12,12,12,12,11,12,12,12,11,11,11,11,11,12,12,12,12,11,13,11,11,7,14,11,11,11,11,11,12,11,14,15,11,11,11,11,11,11,11,16,17,17,17,18,11,11,11,11,19,20,21,11,11,11,9,11,11,11,11,11,11,11,11,11,11,22,22,23,11,11,11,24,10,10,24,24,10,10,24,8,8,8,8,8,8,8,8","0.00680685043334961","infomap","edit-xhwikibooks.graphml"
"0.2","0.17","0.63","0.313901861053933","1,2,1,1,3,4,3,4,5,6,7,8,2,5,9,10,6,7,7,8,11,12,13,2,5,14,15,16,17,18,19,20,21,22,23,24,25,9,11,11,11,11,12,12,12,12,11,12,12,12,11,11,11,11,11,12,12,12,12,11,13,11,11,2,5,11,11,11,11,11,12,11,14,14,11,11,11,11,11,11,11,15,16,16,16,17,11,11,11,11,18,19,20,11,11,11,10,11,11,11,11,11,11,11,11,11,11,21,21,22,11,11,11,24,23,23,24,23,24,24,23,25,25,25,25,25,25,25,25","0.00677108764648438","infomap","edit-xhwikibooks.graphml"
"0.19","0.18","0.63","0.31568934230134","1,2,3,3,3,1,4,5,6,7,4,4,8,6,5,1,7,4,9,10,11,2,12,8,13,14,15,16,17,18,19,20,21,10,22,9,23,5,11,11,11,11,2,2,2,2,11,2,2,2,11,11,11,11,11,2,2,2,2,11,12,11,11,5,13,11,11,11,11,11,2,11,15,14,11,11,11,11,11,11,11,15,16,16,16,17,11,11,11,11,18,19,20,11,11,11,1,11,11,11,11,11,11,11,11,11,11,21,21,11,11,11,11,9,9,9,9,9,9,22,22,23,23,23,23,23,23,23,23","0.00682902336120605","infomap","edit-xhwikibooks.graphml"
"0.18","0.19","0.63","0.313880608342574","1,2,1,2,3,4,3,5,4,6,7,8,9,5,9,10,6,7,11,8,12,2,13,14,15,16,9,17,18,19,20,21,22,8,23,11,24,5,12,12,12,12,2,2,2,2,12,2,2,2,12,12,12,12,12,2,2,2,2,12,13,12,12,14,15,12,12,12,12,12,2,12,16,15,12,12,12,12,12,12,12,15,17,17,17,18,12,12,12,12,19,20,21,12,12,12,10,12,12,12,12,12,12,12,12,12,12,22,22,8,12,12,12,23,11,11,11,11,23,23,23,24,24,24,24,24,24,24,24","0.00689291954040527","infomap","edit-xhwikibooks.graphml"
"0.17","0.2","0.63","0.313575673898751","1,1,2,2,3,4,3,5,4,6,7,3,8,5,9,10,6,7,7,11,12,13,14,8,15,16,17,18,19,20,21,22,11,23,24,9,25,5,12,12,12,12,13,13,13,13,12,13,13,13,12,12,12,12,12,13,13,13,13,12,14,12,12,8,15,12,12,12,12,12,13,12,16,15,12,12,12,12,12,12,12,17,18,18,18,19,12,12,12,12,20,21,22,12,12,12,10,12,12,12,12,12,12,12,12,12,12,11,11,23,12,12,12,24,9,9,9,9,24,9,9,25,25,25,25,25,25,25,25","0.00680398941040039","infomap","edit-xhwikibooks.graphml"
"0.16","0.21","0.63","0.315198924128067","1,2,1,3,4,3,4,5,3,6,7,8,9,5,10,11,6,7,7,8,12,2,13,14,9,15,16,11,17,18,19,20,21,22,10,23,24,3,12,12,12,12,2,2,2,2,12,2,2,2,12,12,12,12,12,2,2,2,2,12,13,12,12,14,9,12,12,12,12,12,2,12,15,15,12,12,12,12,12,12,12,16,11,11,11,17,12,12,12,12,18,19,20,12,12,12,11,12,12,12,12,12,12,12,12,12,12,21,21,22,12,12,12,23,23,10,10,23,23,10,10,24,24,24,24,24,24,24,24","0.0069580078125","infomap","edit-xhwikibooks.graphml"
"0.15","0.22","0.63","0.31592927282228","1,1,2,2,3,4,3,5,6,7,8,9,10,5,6,4,7,8,8,9,11,12,13,14,10,15,16,17,18,19,20,21,22,23,24,6,25,5,11,11,11,11,12,12,12,12,11,12,12,12,11,11,11,11,11,12,12,12,12,11,13,11,11,14,10,11,11,11,11,11,12,11,15,10,11,11,11,11,11,11,11,16,17,17,17,18,11,11,11,11,19,20,21,11,11,11,4,11,11,11,11,11,11,11,11,11,11,22,22,23,11,11,11,24,24,24,6,6,6,6,24,25,25,25,25,25,25,25,25","0.00665402412414551","infomap","edit-xhwikibooks.graphml"
"0.14","0.23","0.63","0.3223654022036","1,2,1,3,1,3,4,2,5,6,7,4,5,8,5,9,6,7,7,10,11,12,13,14,5,8,15,9,16,17,18,19,10,20,21,22,23,5,11,11,11,11,12,12,12,12,11,12,12,12,11,11,11,11,11,12,12,12,12,11,13,11,11,14,8,11,11,11,11,11,12,11,8,15,11,11,11,11,11,11,11,15,9,9,9,16,11,11,11,11,17,18,19,11,11,11,9,11,11,11,11,11,11,11,11,11,11,10,10,20,11,11,11,21,21,21,22,21,22,22,22,23,23,23,23,23,23,23,23","0.00907588005065918","infomap","edit-xhwikibooks.graphml"
"0.13","0.24","0.63","0.314389472275543","1,1,2,2,3,4,3,5,4,6,7,8,9,10,5,11,6,7,12,8,13,14,15,9,16,17,10,18,19,20,21,22,23,24,25,12,26,5,13,13,13,13,14,14,14,14,13,14,14,14,13,13,13,13,13,14,14,14,14,13,15,13,13,5,16,13,13,13,13,13,14,13,17,16,13,13,13,13,13,13,13,16,18,18,18,19,13,13,13,13,20,21,22,13,13,13,11,13,13,13,13,13,13,13,13,13,13,23,23,24,13,13,13,25,25,12,25,12,25,12,25,26,26,26,26,26,26,26,26","0.00718402862548828","infomap","edit-xhwikibooks.graphml"
"0.12","0.25","0.63","0.316902447076763","1,2,1,3,4,3,4,2,5,6,4,7,8,9,5,10,6,4,11,7,12,13,14,9,15,16,8,17,18,19,20,21,22,23,11,24,25,9,12,12,12,12,13,13,13,13,12,13,13,13,12,12,12,12,12,13,13,13,13,12,14,12,12,2,15,12,12,12,12,12,13,12,8,16,12,12,12,12,12,12,12,8,10,10,17,18,12,12,12,12,19,20,21,12,12,12,10,12,12,12,12,12,12,12,12,12,12,22,22,23,12,12,12,24,24,11,24,24,24,24,11,25,25,25,25,25,25,25,25","0.00680994987487793","infomap","edit-xhwikibooks.graphml"
"0.11","0.26","0.63","0.318692851229688","1,2,1,1,3,4,3,2,5,6,7,8,2,5,2,4,6,7,9,8,10,11,12,13,14,15,5,16,17,18,19,20,21,22,23,9,24,5,10,10,10,10,11,11,11,11,10,11,11,11,10,10,10,10,10,11,11,11,11,10,12,10,10,13,14,10,10,10,10,10,11,10,15,14,10,10,10,10,10,10,10,5,16,16,16,17,10,10,10,10,18,19,20,10,10,10,4,10,10,10,10,10,10,10,10,10,10,21,21,22,10,10,10,9,9,23,9,23,23,9,23,24,24,24,24,24,24,24,24","0.00672101974487305","infomap","edit-xhwikibooks.graphml"
"0.1","0.27","0.63","0.319643205485388","1,2,1,3,4,3,4,5,5,6,7,8,9,5,10,11,6,12,7,8,13,2,14,9,10,15,9,11,16,6,12,17,18,13,19,20,21,5,13,13,13,13,2,2,2,2,13,2,2,2,13,13,13,13,13,2,2,2,2,13,14,13,13,9,15,13,13,13,13,13,2,13,15,15,13,13,13,13,13,13,13,15,11,11,11,16,13,13,13,13,6,12,17,13,13,13,11,13,13,13,13,13,13,13,13,13,13,18,18,13,13,13,13,20,20,20,20,19,19,20,20,21,21,21,21,21,21,21,21","0.00687813758850098","infomap","edit-xhwikibooks.graphml"
"0.09","0.28","0.63","0.304107213086588","1,1,1,2,1,2,3,2,4,5,6,3,7,4,8,9,5,10,6,3,11,12,13,7,2,14,4,9,15,5,10,16,17,3,18,19,20,8,11,11,11,11,12,12,12,12,11,12,12,12,11,11,11,11,11,12,12,12,12,11,13,11,11,7,2,11,11,11,11,11,12,11,14,2,11,11,11,11,11,11,11,2,9,9,9,15,11,11,11,11,5,10,16,11,11,11,9,11,11,11,11,11,11,11,11,11,11,17,17,11,11,11,11,18,19,19,18,19,18,19,18,8,8,8,8,8,8,20,8","0.00904703140258789","infomap","edit-xhwikibooks.graphml"
"0.08","0.29","0.63","0.328482786339186","1,1,2,3,2,3,4,5,6,7,4,4,8,5,6,9,7,10,11,4,12,13,14,8,6,15,6,9,16,7,10,17,18,12,19,11,20,6,12,12,12,12,13,13,13,13,12,13,13,13,12,12,12,12,12,13,13,13,13,12,14,12,12,5,6,12,12,12,12,12,13,12,15,6,12,12,12,12,12,12,12,15,9,9,9,16,12,12,12,12,7,10,17,12,12,12,9,12,12,12,12,12,12,12,12,12,12,18,18,12,12,12,12,11,11,19,19,19,19,11,11,20,20,20,20,20,20,20,20","0.00877690315246582","infomap","edit-xhwikibooks.graphml"
"0.07","0.3","0.63","0.328657641622203","1,2,1,1,3,4,3,5,4,6,7,8,5,9,10,11,6,12,7,8,13,2,14,9,9,10,9,11,15,6,12,16,17,8,18,19,20,9,13,13,13,13,2,2,2,2,13,2,2,2,13,13,13,13,13,2,2,2,2,13,14,13,13,5,9,13,13,13,13,13,2,13,9,9,13,13,13,13,13,13,13,9,11,11,11,15,13,13,13,13,6,12,16,13,13,13,11,13,13,13,13,13,13,13,13,13,13,17,17,13,13,13,13,19,19,19,18,19,19,18,19,20,20,20,20,20,20,20,20","0.00682306289672852","infomap","edit-xhwikibooks.graphml"
"0.06","0.31","0.63","0.320346618012631","1,2,1,1,1,3,4,5,6,7,8,4,9,6,5,3,7,10,8,4,11,2,12,9,9,13,3,14,15,7,10,16,17,11,18,19,20,5,11,11,11,11,2,2,2,2,11,2,2,2,11,11,11,11,11,2,2,2,2,11,12,11,11,9,3,11,11,11,11,11,2,11,13,6,11,11,11,11,11,11,11,9,14,14,14,15,11,11,11,11,7,10,16,11,11,11,3,11,11,11,11,11,11,11,11,11,11,17,17,11,11,11,11,18,18,19,19,18,18,19,18,20,20,20,20,20,20,20,20","0.00904989242553711","infomap","edit-xhwikibooks.graphml"
"0.05","0.32","0.63","0.326157533580357","1,2,1,1,3,4,3,4,5,6,7,3,2,8,5,9,6,10,7,11,12,13,14,2,8,15,8,9,16,6,10,17,18,11,19,20,5,8,12,12,12,12,13,13,13,13,12,13,13,13,12,12,12,12,12,13,13,13,13,12,14,12,12,4,8,12,12,12,12,12,13,12,15,15,12,12,12,12,12,12,12,15,9,9,9,16,12,12,12,12,6,10,17,12,12,12,9,12,12,12,12,12,12,12,12,12,12,18,18,12,12,12,12,19,20,20,20,20,19,20,20,5,5,5,5,5,5,5,5","0.00679802894592285","infomap","edit-xhwikibooks.graphml"
"0.04","0.33","0.63","0.3143963794328","1,2,1,2,3,4,3,5,6,7,3,3,8,6,5,4,7,9,10,11,2,12,13,8,6,4,5,14,15,7,9,16,17,11,18,10,19,6,2,2,2,2,12,12,12,12,2,12,12,12,2,2,2,2,2,12,12,12,12,2,13,2,2,5,4,2,2,2,2,2,12,2,5,4,2,2,2,2,2,2,2,6,14,14,14,15,2,2,2,2,7,9,16,2,2,2,4,2,2,2,2,2,2,2,2,2,2,17,17,2,2,2,2,18,18,18,18,10,10,18,18,19,19,19,19,19,19,19,19","0.00919604301452637","infomap","edit-xhwikibooks.graphml"
"0.03","0.34","0.63","0.319851361623372","1,1,2,2,3,4,3,5,4,6,3,3,7,5,8,9,6,10,11,3,12,13,14,7,5,15,8,9,16,6,10,17,18,12,19,11,20,8,12,12,12,12,13,13,13,13,12,13,13,13,12,12,12,12,12,13,13,13,13,12,14,12,12,7,15,12,12,12,12,12,13,12,15,8,12,12,12,12,12,12,12,8,9,9,9,16,12,12,12,12,6,10,17,12,12,12,9,12,12,12,12,12,12,12,12,12,12,18,18,12,12,12,12,8,8,8,19,19,11,19,8,20,20,20,20,20,20,20,20","0.00696301460266113","infomap","edit-xhwikibooks.graphml"
"0.02","0.35","0.63","0.324077645787891","1,1,2,3,2,3,4,5,6,7,4,8,5,5,6,9,7,10,11,8,12,13,14,6,6,15,5,9,16,7,10,17,18,12,19,11,20,6,12,12,12,12,13,13,13,13,12,13,13,13,12,12,12,12,12,13,13,13,13,12,14,12,12,5,15,12,12,12,12,12,13,12,15,15,12,12,12,12,12,12,12,15,9,9,9,16,12,12,12,12,7,10,17,12,12,12,9,12,12,12,12,12,12,12,12,12,12,18,18,12,12,12,12,19,6,19,6,19,11,6,11,20,20,20,20,20,20,20,20","0.0102031230926514","infomap","edit-xhwikibooks.graphml"
"0.01","0.36","0.63","0.332998449042949","1,1,2,2,3,4,3,5,4,6,3,7,8,5,9,10,6,11,3,7,12,13,14,8,9,15,5,10,16,6,11,17,18,12,19,20,21,9,12,12,12,12,13,13,13,13,12,13,13,13,12,12,12,12,12,13,13,13,13,12,14,12,12,5,5,12,12,12,12,12,13,12,15,15,12,12,12,12,12,12,12,15,10,10,10,16,12,12,12,12,6,11,17,12,12,12,10,12,12,12,12,12,12,12,12,12,12,18,18,12,12,12,12,19,19,19,19,19,20,19,20,21,21,21,21,21,21,21,21","0.00952506065368652","infomap","edit-xhwikibooks.graphml"
"0","0.37","0.63","0.327729950703995","1,2,1,3,1,3,4,5,6,7,4,4,8,5,6,3,7,9,10,11,2,12,13,8,6,14,6,15,16,7,9,17,18,11,19,10,20,6,2,2,2,2,12,12,12,12,2,12,12,12,2,2,2,2,2,12,12,12,12,2,13,2,2,5,6,2,2,2,2,2,12,2,14,14,2,2,2,2,2,2,2,14,15,15,15,16,2,2,2,2,7,9,17,2,2,2,3,2,2,2,2,2,2,2,2,2,2,18,18,11,2,2,2,10,19,19,19,10,19,19,10,20,20,20,20,20,20,20,20","0.00893998146057129","infomap","edit-xhwikibooks.graphml"
"0.36","0","0.64","0.30816126436747","1,2,1,3,1,3,4,5,3,6,4,4,7,5,8,9,6,4,10,11,2,12,13,7,14,15,16,17,18,19,20,21,11,22,10,23,24,8,2,2,2,2,12,12,12,12,2,12,12,12,2,2,2,2,2,12,12,12,12,2,13,2,2,7,14,2,2,2,2,2,12,2,15,8,2,2,2,2,2,2,2,16,17,9,9,18,2,2,2,2,19,20,21,2,2,2,9,2,2,2,2,2,2,2,2,2,2,11,11,22,2,2,2,10,10,23,10,10,23,10,10,24,24,24,24,24,24,24,24","0.0071570873260498","infomap","edit-xhwikibooks.graphml"
"0.35","0.01","0.64","0.315451462473484","1,2,1,1,3,4,3,5,6,7,8,9,5,10,6,4,7,8,11,9,12,2,13,14,15,16,10,17,18,19,20,21,22,23,24,11,25,10,12,12,12,12,2,2,2,2,12,2,2,2,12,12,12,12,12,2,2,2,2,12,13,12,12,14,15,12,12,12,12,12,2,12,16,16,12,12,12,12,12,12,12,15,17,17,17,18,12,12,12,12,19,20,21,12,12,12,4,12,12,12,12,12,12,12,12,12,12,22,22,23,12,12,12,24,24,24,11,24,11,24,11,25,25,25,25,25,25,25,25","0.00693392753601074","infomap","edit-xhwikibooks.graphml"
"0.34","0.02","0.64","0.316453590727865","1,2,1,3,4,3,4,3,5,6,7,8,9,5,10,11,6,7,7,8,12,2,13,9,14,15,16,17,18,19,20,21,22,23,24,25,10,10,12,12,12,12,2,2,2,2,12,2,2,2,12,12,12,12,12,2,2,2,2,12,13,12,12,9,14,12,12,12,12,12,2,12,14,15,12,12,12,12,12,12,12,16,17,17,17,18,12,12,12,12,19,20,21,12,12,12,11,12,12,12,12,12,12,12,12,12,12,22,22,23,12,12,12,25,25,24,24,24,25,25,24,10,10,10,10,10,10,10,10","0.00707602500915527","infomap","edit-xhwikibooks.graphml"
"0.33","0.03","0.64","0.314136683148978","1,1,2,2,3,4,3,4,4,5,6,6,7,8,9,10,5,6,11,12,13,1,14,8,7,15,16,17,18,19,20,21,12,22,11,23,9,8,13,13,13,13,1,1,1,1,13,1,1,1,13,13,13,13,13,1,1,1,1,13,14,13,13,4,7,13,13,13,13,13,1,13,15,15,13,13,13,13,13,13,13,16,10,10,17,18,13,13,13,13,19,20,21,13,13,13,10,13,13,13,13,13,13,13,13,13,13,12,12,22,13,13,13,23,23,23,11,23,11,23,23,9,9,9,9,9,9,9,9","0.00687193870544434","infomap","edit-xhwikibooks.graphml"
"0.32","0.04","0.64","0.316531452319456","1,2,1,3,4,3,4,2,3,5,6,4,7,8,9,10,5,6,6,11,12,13,14,8,15,7,16,10,17,18,19,20,21,11,22,9,23,9,12,12,12,12,13,13,13,13,12,13,13,13,12,12,12,12,12,13,13,13,13,12,14,12,12,8,15,12,12,12,12,12,13,12,7,7,12,12,12,12,12,12,12,16,10,10,10,17,12,12,12,12,18,19,20,12,12,12,10,12,12,12,12,12,12,12,12,12,12,21,21,11,12,12,12,22,9,9,22,22,22,9,22,23,23,23,23,23,23,23,23","0.00710296630859375","infomap","edit-xhwikibooks.graphml"
"0.31","0.05","0.64","0.314776948254017","1,1,2,2,2,3,4,3,5,6,7,4,8,5,9,10,6,7,11,12,13,14,15,16,17,8,18,19,20,21,22,23,12,24,11,25,9,9,13,13,13,13,14,14,14,14,13,14,14,14,13,13,13,13,13,14,14,14,14,13,15,13,13,16,17,13,13,13,13,13,14,13,18,8,13,13,13,13,13,13,13,18,19,19,19,20,13,13,13,13,21,22,23,13,13,13,10,13,13,13,13,13,13,13,13,13,13,12,12,24,13,13,13,25,11,11,11,25,11,11,25,9,9,9,9,9,9,9,9","0.0068509578704834","infomap","edit-xhwikibooks.graphml"
"0.3","0.06","0.64","0.316094765742051","1,1,2,2,3,4,3,5,4,4,6,7,8,5,9,10,4,6,9,7,11,12,13,8,14,15,15,16,17,18,19,20,21,22,23,9,24,9,11,11,11,11,12,12,12,12,11,12,12,12,11,11,11,11,11,12,12,12,12,11,13,11,11,8,14,11,11,11,11,11,12,11,15,14,11,11,11,11,11,11,11,15,16,16,16,17,11,11,11,11,18,19,20,11,11,11,10,11,11,11,11,11,11,11,11,11,11,21,21,22,11,11,11,23,23,9,23,23,9,23,23,24,24,24,24,24,24,24,24","0.00697994232177734","infomap","edit-xhwikibooks.graphml"
"0.29","0.07","0.64","0.306382875","1,1,2,2,3,4,3,5,6,7,8,3,9,5,6,4,7,8,6,10,11,12,13,9,14,15,16,17,18,19,20,21,22,10,23,24,25,6,11,11,11,11,12,12,12,12,11,12,12,12,11,11,11,11,11,12,12,12,12,11,13,11,11,5,14,11,11,11,11,11,12,11,16,15,11,11,11,11,11,11,11,16,17,17,17,18,11,11,11,11,19,20,21,11,11,11,4,11,11,11,11,11,11,11,11,11,11,22,22,10,11,11,11,24,6,24,23,24,24,24,24,25,25,25,25,25,25,25,25","0.00696396827697754","infomap","edit-xhwikibooks.graphml"
"0.28","0.08","0.64","0.252993385236143","1,1,2,2,2,3,4,5,3,6,7,4,5,8,9,10,6,7,7,11,12,13,14,15,8,16,17,18,19,20,21,22,11,23,24,25,26,9,12,12,12,12,1,1,1,1,12,1,13,1,12,12,12,12,12,1,1,1,1,12,14,12,12,15,17,12,12,12,12,12,1,12,16,8,12,12,12,12,12,12,12,17,18,18,18,19,12,12,12,12,20,21,22,12,12,12,10,12,12,12,12,12,12,12,12,12,12,11,11,23,12,12,12,24,9,25,24,9,9,24,9,26,26,26,26,26,26,26,26","0.00682210922241211","infomap","edit-xhwikibooks.graphml"
"0.27","0.09","0.64","0.316585458068974","1,1,2,2,2,3,4,5,3,6,7,4,8,5,9,10,6,7,7,11,12,13,14,8,15,16,17,10,18,19,20,21,11,22,9,23,24,5,12,12,12,12,13,13,13,13,12,13,13,13,12,12,12,12,12,13,13,13,13,12,14,12,12,5,15,12,12,12,12,12,13,12,16,15,12,12,12,12,12,12,12,17,10,10,10,18,12,12,12,12,19,20,21,12,12,12,10,12,12,12,12,12,12,12,12,12,12,11,11,22,12,12,12,23,7,9,23,9,9,9,9,24,24,24,24,24,24,24,24","0.00704503059387207","infomap","edit-xhwikibooks.graphml"
"0.26","0.1","0.64","0.321123365438168","1,1,2,3,2,3,4,5,6,7,4,8,5,9,6,10,7,4,11,8,12,13,14,9,15,16,17,18,19,20,21,22,23,24,11,25,6,15,12,12,12,12,13,13,13,13,12,13,13,13,12,12,12,12,12,13,13,13,13,12,14,12,12,5,15,12,12,12,12,12,13,12,17,16,12,12,12,12,12,12,12,17,18,18,18,19,12,12,12,12,20,21,22,12,12,12,10,12,12,12,12,12,12,12,12,12,12,23,23,24,12,12,12,25,11,25,11,11,25,25,11,6,6,6,6,6,6,6,6","0.00680804252624512","infomap","edit-xhwikibooks.graphml"
"0.25","0.11","0.64","0.318662938042091","1,1,2,2,2,3,4,3,5,6,4,7,8,5,9,10,6,4,11,7,12,13,14,15,8,16,9,17,18,19,20,21,22,23,11,24,25,5,12,12,12,12,13,13,13,13,12,13,13,13,12,12,12,12,12,13,13,13,13,12,14,12,12,15,8,12,12,12,12,12,13,12,16,9,12,12,12,12,12,12,12,9,17,17,17,18,12,12,12,12,19,20,21,12,12,12,10,12,12,12,12,12,12,12,12,12,12,22,22,23,12,12,12,24,11,11,24,24,11,11,24,25,25,25,25,25,25,25,25","0.00710105895996094","infomap","edit-xhwikibooks.graphml"
"0.24","0.12","0.64","0.260792620817829","1,1,2,2,3,4,3,5,6,7,8,3,9,5,6,4,7,8,10,11,12,13,14,9,15,16,17,18,19,20,21,22,11,23,24,10,25,6,12,12,12,12,13,1,1,13,12,1,1,1,12,12,12,12,12,1,1,1,1,12,14,12,12,5,15,12,12,12,12,12,1,12,16,15,12,12,12,12,12,12,12,17,18,18,18,19,12,12,12,12,20,21,22,12,12,12,4,12,12,12,12,12,12,12,12,12,12,11,11,23,12,12,12,24,24,24,24,10,10,24,24,6,6,6,6,6,6,25,6","0.00673604011535645","infomap","edit-xhwikibooks.graphml"
"0.23","0.13","0.64","0.314999917074734","1,2,3,3,3,1,4,1,5,6,7,4,8,9,5,10,6,7,11,12,13,2,14,9,15,8,8,16,17,18,19,20,12,21,11,22,23,9,13,13,13,13,2,2,2,2,13,2,2,2,13,13,13,13,13,2,2,2,2,13,14,13,13,1,15,13,13,13,13,13,2,13,8,15,13,13,13,13,13,13,13,15,16,16,16,17,13,13,13,13,18,19,20,13,13,13,10,13,13,13,13,13,13,13,13,13,13,12,12,21,13,13,13,22,22,22,22,11,11,22,22,23,23,23,23,23,23,23,23","0.00693917274475098","infomap","edit-xhwikibooks.graphml"
"0.22","0.14","0.64","0.29832956922825","1,2,1,1,1,3,4,5,6,7,4,4,8,5,6,3,7,4,4,9,2,10,11,8,12,13,14,15,16,17,18,19,9,20,21,22,23,6,2,2,2,2,10,10,10,10,2,10,10,10,2,2,2,2,2,10,10,10,10,2,11,2,2,8,12,2,2,2,2,2,10,2,13,12,2,2,2,2,2,2,2,14,15,15,15,16,2,2,2,2,17,18,19,2,2,2,3,2,2,2,2,2,2,2,2,2,2,9,9,20,2,2,2,21,21,21,21,22,22,21,22,23,23,6,23,6,6,6,6","0.00895285606384277","infomap","edit-xhwikibooks.graphml"
"0.21","0.15","0.64","0.314074152613545","1,1,2,2,3,4,3,4,5,4,6,7,8,5,9,10,4,6,11,7,12,13,14,15,16,9,8,10,17,18,19,20,21,22,23,11,24,5,12,12,12,12,13,13,13,13,12,13,13,13,12,12,12,12,12,13,13,13,13,12,14,12,12,15,16,12,12,12,12,12,13,12,5,5,12,12,12,12,12,12,12,8,10,10,10,17,12,12,12,12,18,19,20,12,12,12,10,12,12,12,12,12,12,12,12,12,12,21,21,22,12,12,12,11,23,23,23,11,11,11,23,24,24,24,24,24,24,24,24","0.00702714920043945","infomap","edit-xhwikibooks.graphml"
"0.2","0.16","0.64","0.317443013741512","1,1,2,2,2,3,4,3,5,6,7,4,3,8,5,9,6,7,7,10,11,12,13,14,15,8,16,9,17,18,19,20,10,21,22,23,24,5,11,11,11,11,12,12,12,12,11,12,12,12,11,11,11,11,11,12,12,12,12,11,13,11,11,14,15,11,11,11,11,11,12,11,15,16,11,11,11,11,11,11,11,16,9,9,9,17,11,11,11,11,18,19,20,11,11,11,9,11,11,11,11,11,11,11,11,11,11,10,10,21,11,11,11,23,23,23,23,22,23,23,22,24,24,24,24,24,24,24,24","0.00680088996887207","infomap","edit-xhwikibooks.graphml"
"0.19","0.17","0.64","0.317349049260536","1,1,2,2,3,4,3,4,5,6,7,8,9,5,10,11,6,7,12,8,13,14,15,9,16,17,5,18,19,20,21,22,23,24,12,10,25,10,13,13,13,13,14,14,14,14,13,14,14,14,13,13,13,13,13,14,14,14,14,13,15,13,13,4,16,13,13,13,13,13,14,13,17,5,13,13,13,13,13,13,13,16,18,18,18,19,13,13,13,13,20,21,22,13,13,13,11,13,13,13,13,13,13,13,13,13,13,23,23,24,13,13,13,10,10,10,10,12,12,12,12,25,25,25,25,25,25,25,25","0.00695204734802246","infomap","edit-xhwikibooks.graphml"
"0.18","0.18","0.64","0.317646273899307","1,1,2,2,3,4,3,4,5,6,3,3,4,7,5,8,6,3,9,10,11,12,13,14,15,7,16,17,18,19,20,21,10,22,9,23,24,24,11,11,11,11,12,12,12,12,11,12,12,12,11,11,11,11,11,12,12,12,12,11,13,11,11,14,15,11,11,11,11,11,12,11,15,7,11,11,11,11,11,11,11,16,17,17,17,18,11,11,11,11,19,20,21,11,11,11,8,11,11,11,11,11,11,11,11,11,11,10,10,22,11,11,11,23,23,9,9,23,23,23,23,24,24,24,24,24,24,24,24","0.00892114639282227","infomap","edit-xhwikibooks.graphml"
"0.17","0.19","0.64","0.322027341806031","1,2,1,3,4,3,4,5,5,6,4,7,8,5,9,10,6,4,11,7,12,2,13,8,14,15,9,16,17,18,19,20,7,21,11,22,23,5,12,12,12,12,2,2,2,2,12,2,2,2,12,12,12,12,12,2,2,2,2,12,13,12,12,5,14,12,12,12,12,12,2,12,15,9,12,12,12,12,12,12,12,14,16,16,16,17,12,12,12,12,18,19,20,12,12,12,10,12,12,12,12,12,12,12,12,12,12,7,7,21,12,12,12,11,22,11,11,22,11,11,22,23,23,23,23,23,23,23,23","0.00686883926391602","infomap","edit-xhwikibooks.graphml"
"0.16","0.2","0.64","0.323514175624791","1,2,1,3,4,3,4,5,6,7,8,9,10,5,6,11,7,8,8,9,12,2,13,10,14,6,15,11,16,17,18,19,20,21,22,23,24,6,12,12,12,12,2,2,2,2,12,2,2,2,12,12,12,12,12,2,2,2,2,12,13,12,12,10,14,12,12,12,12,12,2,12,15,6,12,12,12,12,12,12,12,15,11,11,11,16,12,12,12,12,17,18,19,12,12,12,11,12,12,12,12,12,12,12,12,12,12,20,20,21,12,12,12,22,23,23,22,22,23,22,23,24,24,24,24,24,24,24,24","0.00690984725952148","infomap","edit-xhwikibooks.graphml"
"0.15","0.21","0.64","0.311189292458803","1,2,1,3,1,3,4,5,6,6,4,7,5,8,9,10,6,4,11,7,2,12,13,8,9,14,15,16,17,18,19,20,21,22,23,11,24,9,2,2,2,2,12,12,12,12,2,12,12,12,2,2,2,2,2,12,12,12,12,2,13,2,2,8,15,2,2,2,2,2,12,2,15,14,2,2,2,2,2,2,2,15,16,16,16,17,2,2,2,2,18,19,20,2,2,2,10,2,2,2,2,2,2,2,2,2,2,21,21,22,2,2,2,23,23,23,11,23,11,23,23,24,24,24,24,24,24,24,24","0.00665092468261719","infomap","edit-xhwikibooks.graphml"
"0.14","0.22","0.64","0.311865590254461","1,2,1,3,4,3,4,5,6,7,8,4,5,9,6,3,7,8,10,11,2,12,13,9,14,15,16,17,18,19,20,21,11,22,23,10,24,6,2,2,2,2,12,12,12,12,2,12,12,12,2,2,2,2,2,12,12,12,12,2,13,2,2,9,14,2,2,2,2,2,12,2,16,15,2,2,2,2,2,2,2,16,17,17,17,18,2,2,2,2,19,20,21,2,2,2,3,2,2,2,2,2,2,2,2,2,2,11,11,22,2,2,2,23,10,10,23,23,23,23,10,24,24,24,24,24,24,24,24","0.0066370964050293","infomap","edit-xhwikibooks.graphml"
"0.13","0.23","0.64","0.315707616671049","1,2,1,1,3,2,3,2,4,5,6,7,2,8,4,9,5,6,10,7,11,12,13,8,14,15,16,17,18,19,20,21,22,23,24,10,25,4,11,11,11,11,12,12,12,12,11,12,12,12,11,11,11,11,11,12,12,12,12,11,13,11,11,8,14,11,11,11,11,11,12,11,16,15,11,11,11,11,11,11,11,16,9,17,9,18,11,11,11,11,19,20,21,11,11,11,9,11,11,11,11,11,11,11,11,11,11,22,22,23,11,11,11,10,10,24,10,10,10,24,10,25,25,25,25,25,25,25,25","0.00686502456665039","infomap","edit-xhwikibooks.graphml"
"0.12","0.24","0.64","0.309914225288776","1,2,1,1,1,3,4,5,5,6,4,7,8,9,5,3,6,4,4,7,2,10,11,8,9,12,13,14,15,16,17,18,19,20,21,22,23,9,2,2,2,2,10,10,10,10,2,10,10,10,2,2,2,2,2,10,10,10,10,2,11,2,2,5,12,2,2,2,2,2,10,2,13,12,2,2,2,2,2,2,2,13,14,14,14,15,2,2,2,2,16,17,18,2,2,2,3,2,2,2,2,2,2,2,2,2,2,19,19,20,2,2,2,22,22,21,22,22,21,22,22,23,23,23,23,23,23,23,23","0.00662612915039062","infomap","edit-xhwikibooks.graphml"
"0.11","0.25","0.64","0.31784184769762","1,2,1,2,3,2,3,4,5,6,7,8,9,5,4,10,6,7,7,8,11,12,13,9,14,5,15,10,16,17,18,19,20,21,22,23,24,4,11,11,11,11,12,12,12,12,11,12,12,12,11,11,11,11,11,12,12,12,12,11,13,11,11,4,14,11,11,11,11,11,12,11,14,14,11,11,11,11,11,11,11,15,10,10,10,16,11,11,11,11,17,18,19,11,11,11,10,11,11,11,11,11,11,11,11,11,11,20,20,21,11,11,11,22,22,23,23,22,22,23,22,24,24,24,24,24,24,24,24","0.00675487518310547","infomap","edit-xhwikibooks.graphml"
"0.1","0.26","0.64","0.318665533226837","1,1,2,2,3,4,3,5,6,7,8,3,5,6,9,4,7,8,8,10,11,12,13,6,14,15,16,17,18,19,20,21,10,22,23,9,24,6,11,11,11,11,12,12,12,12,11,12,12,12,11,11,11,11,11,12,12,12,12,11,13,11,11,5,14,11,11,11,11,11,12,11,15,14,11,11,11,11,11,11,11,16,17,17,17,18,11,11,11,11,19,20,21,11,11,11,4,11,11,11,11,11,11,11,11,11,11,10,10,22,11,11,11,9,9,9,23,9,23,9,9,24,24,24,24,24,24,24,24","0.00900101661682129","infomap","edit-xhwikibooks.graphml"
"0.09","0.27","0.64","0.318028948483183","1,2,1,3,4,3,4,2,5,6,7,7,8,5,9,10,6,7,7,11,12,13,14,8,15,16,17,10,18,19,20,21,22,11,9,23,24,5,12,12,12,12,13,13,13,13,12,13,13,13,12,12,12,12,12,13,13,13,13,12,14,12,12,2,15,12,12,12,12,12,13,12,16,16,12,12,12,12,12,12,12,17,10,10,10,18,12,12,12,12,19,20,21,12,12,12,10,12,12,12,12,12,12,12,12,12,12,22,22,12,12,12,12,9,23,23,9,9,23,9,9,24,24,24,24,24,24,24,24","0.00660085678100586","infomap","edit-xhwikibooks.graphml"
"0.08","0.28","0.64","0.318050905584178","1,1,2,2,3,4,3,5,4,6,7,8,9,10,5,4,6,7,7,8,11,12,13,9,14,15,10,16,17,18,19,20,21,22,23,24,25,5,11,11,11,11,12,12,12,12,11,12,12,12,11,11,11,11,11,12,12,12,12,11,13,11,11,5,14,11,11,11,11,11,12,11,14,15,11,11,11,11,11,11,11,15,16,16,16,17,11,11,11,11,18,19,20,11,11,11,4,11,11,11,11,11,11,11,11,11,11,21,21,22,11,11,11,23,23,24,24,23,24,23,24,25,25,25,25,25,25,25,25","0.00665903091430664","infomap","edit-xhwikibooks.graphml"
"0.07","0.29","0.64","0.322208907581714","1,1,2,2,3,4,3,4,5,6,7,8,4,5,9,10,6,11,7,8,12,13,14,5,9,15,15,10,16,6,11,17,18,8,9,19,20,5,12,12,12,12,13,13,13,13,12,13,13,13,12,12,12,12,12,13,13,13,13,12,14,12,12,5,9,12,12,12,12,12,13,12,15,9,12,12,12,12,12,12,12,9,10,10,10,16,12,12,12,12,6,11,17,12,12,12,10,12,12,12,12,12,12,12,12,12,12,18,18,12,12,12,12,19,9,19,19,19,19,9,19,20,20,20,20,20,20,20,20","0.00902199745178223","infomap","edit-xhwikibooks.graphml"
"0.06","0.3","0.64","0.326451357262641","1,2,1,2,1,3,4,2,3,5,4,6,7,8,9,10,5,11,4,6,12,13,14,7,8,9,9,10,15,5,11,16,17,12,18,19,20,9,12,12,12,12,13,13,13,13,12,13,13,13,12,12,12,12,12,13,13,13,13,12,14,12,12,2,9,12,12,12,12,12,13,12,8,8,12,12,12,12,12,12,12,9,10,10,10,15,12,12,12,12,5,11,16,12,12,12,10,12,12,12,12,12,12,12,12,12,12,17,17,12,12,12,12,18,19,19,18,18,19,18,18,20,20,20,20,20,20,20,20","0.0088651180267334","infomap","edit-xhwikibooks.graphml"
"0.05","0.31","0.64","0.324322969391221","1,2,1,1,3,4,3,2,5,6,7,3,8,5,9,10,6,11,7,12,13,14,15,8,5,4,5,10,16,6,11,17,18,12,9,19,20,5,13,13,13,13,14,14,14,14,13,14,14,14,13,13,13,13,13,14,14,14,14,13,15,13,13,8,5,13,13,13,13,13,14,13,4,4,13,13,13,13,13,13,13,5,10,10,10,16,13,13,13,13,6,11,17,13,13,13,10,13,13,13,13,13,13,13,13,13,13,18,18,13,13,13,13,19,9,9,9,19,9,19,9,20,20,20,20,20,20,20,20","0.00915789604187012","infomap","edit-xhwikibooks.graphml"
"0.04","0.32","0.64","0.317226881988563","1,2,1,3,4,3,4,2,5,6,7,8,9,5,2,10,6,11,7,8,12,13,14,9,9,15,9,10,16,6,11,17,18,8,19,20,21,9,12,12,12,12,13,13,13,13,12,13,13,13,12,12,12,12,12,13,13,13,13,12,14,12,12,9,15,12,12,12,12,12,13,12,15,15,12,12,12,12,12,12,12,9,10,10,10,16,12,12,12,12,6,11,17,12,12,12,10,12,12,12,12,12,12,12,12,12,12,18,18,12,12,12,12,20,20,20,20,19,19,19,20,21,21,21,21,21,21,21,21","0.00679397583007812","infomap","edit-xhwikibooks.graphml"
"0.03","0.33","0.64","0.311291070603198","1,2,1,1,1,3,4,5,5,6,4,4,7,5,8,3,6,9,10,11,2,12,13,7,3,14,8,15,16,6,9,17,18,11,19,10,20,5,2,2,2,2,12,12,12,12,2,12,12,12,2,2,2,2,2,12,12,12,12,2,13,2,2,7,8,2,2,2,2,2,12,2,8,14,2,2,2,2,2,2,2,8,15,15,15,16,2,2,2,2,6,9,17,2,2,2,3,2,2,2,2,2,2,2,2,2,2,18,18,11,2,2,2,10,10,10,19,10,10,19,19,20,20,20,20,20,20,20,20","0.00890016555786133","infomap","edit-xhwikibooks.graphml"
"0.02","0.34","0.64","0.316036256312731","1,2,1,3,1,3,4,5,5,6,4,7,2,5,8,9,6,10,11,7,12,13,14,2,8,15,2,9,16,6,10,17,18,7,19,11,20,5,12,12,12,12,13,13,13,13,12,13,13,13,12,12,12,12,12,13,13,13,13,12,14,12,12,2,8,12,12,12,12,12,13,12,8,15,12,12,12,12,12,12,12,15,9,9,9,16,12,12,12,12,6,10,17,12,12,12,9,12,12,12,12,12,12,12,12,12,12,18,18,12,12,12,12,11,8,8,8,11,8,11,19,20,20,20,20,20,20,20,20","0.00891590118408203","infomap","edit-xhwikibooks.graphml"
"0.01","0.35","0.64","0.370123504615913","1,2,1,1,1,3,4,5,3,6,4,7,5,8,9,10,6,11,12,7,13,2,14,5,8,9,8,10,15,6,11,16,17,7,12,12,18,8,13,13,13,13,2,2,2,2,13,2,2,2,13,13,13,13,13,2,2,2,2,13,14,13,13,5,8,13,13,13,13,13,2,13,9,9,13,13,13,13,13,13,13,8,10,10,10,15,13,13,13,13,6,11,16,13,13,13,10,13,13,13,13,13,13,13,13,13,13,17,17,13,13,13,13,12,12,12,12,12,12,12,12,18,18,18,18,18,18,18,18","0.0114209651947021","infomap","edit-xhwikibooks.graphml"
"0","0.36","0.64","0.330094122329724","1,1,2,2,3,4,3,5,4,6,7,3,8,9,5,10,6,11,7,12,13,14,15,8,5,9,4,10,16,6,11,17,18,12,19,20,21,9,13,13,13,13,14,14,14,14,13,14,14,14,13,13,13,13,13,14,14,14,14,13,15,13,13,8,4,13,13,13,13,13,14,13,4,5,13,13,13,13,13,13,13,4,10,10,10,16,13,13,13,13,6,11,17,13,13,13,10,13,13,13,13,13,13,13,13,13,13,18,18,13,13,13,13,20,19,19,19,20,20,19,19,21,21,21,21,21,21,21,21","0.0068519115447998","infomap","edit-xhwikibooks.graphml"
"0.35","0","0.65","0.314640909283874","1,2,3,3,4,1,4,5,6,1,7,7,6,5,6,1,1,7,7,8,9,2,10,11,6,12,13,14,15,16,17,18,19,8,20,21,22,20,9,9,9,9,2,2,2,2,9,2,2,2,9,9,9,9,9,2,2,2,2,9,10,9,9,11,12,9,9,9,9,9,2,9,6,12,9,9,9,9,9,9,9,13,14,14,14,15,9,9,9,9,16,17,18,9,9,9,1,9,9,9,9,9,9,9,9,9,9,19,19,8,9,9,9,21,21,21,21,20,21,20,21,22,22,22,22,22,22,22,22","0.00706696510314941","infomap","edit-xhwikibooks.graphml"
"0.34","0.01","0.65","0.311522650295466","1,1,2,2,2,3,4,3,3,3,5,4,6,7,8,9,3,4,5,10,11,12,13,7,14,15,6,16,17,18,19,20,10,21,22,23,24,8,11,11,11,11,12,12,12,12,11,12,12,12,11,11,11,11,11,12,12,12,12,11,13,11,11,3,14,11,11,11,11,11,12,11,14,15,11,11,11,11,11,11,11,6,9,16,16,17,11,11,11,11,18,19,20,11,11,11,9,11,11,11,11,11,11,11,11,11,11,10,10,21,11,11,11,23,23,22,23,23,23,22,22,24,24,24,24,24,24,24,24","0.00676321983337402","infomap","edit-xhwikibooks.graphml"
"0.33","0.02","0.65","0.313541990179365","1,2,1,2,1,3,4,5,3,6,4,7,8,8,5,9,6,4,10,7,11,2,12,13,14,8,15,16,17,18,19,20,21,22,23,10,24,8,11,11,11,11,2,2,2,2,11,2,2,2,11,11,11,11,11,2,2,2,2,11,12,11,11,13,14,11,11,11,11,11,2,11,15,15,11,11,11,11,11,11,11,15,16,16,16,17,11,11,11,11,18,19,20,11,11,11,9,11,11,11,11,11,11,11,11,11,11,21,21,22,11,11,11,23,23,10,23,10,23,10,23,24,24,24,24,24,24,24,24","0.00699210166931152","infomap","edit-xhwikibooks.graphml"
"0.32","0.03","0.65","0.314092608649069","1,2,1,1,3,4,3,5,6,7,8,9,5,6,5,4,7,8,10,9,11,2,12,6,13,14,15,16,17,18,19,20,21,22,23,10,24,6,11,11,11,11,2,2,2,2,11,2,2,2,11,11,11,11,11,2,2,2,2,11,12,11,11,5,13,11,11,11,11,11,2,11,14,13,11,11,11,11,11,11,11,15,16,16,16,17,11,11,11,11,18,19,20,11,11,11,4,11,11,11,11,11,11,11,11,11,11,21,9,22,11,11,11,23,23,23,10,23,10,10,23,24,24,24,24,24,24,24,24","0.0068669319152832","infomap","edit-xhwikibooks.graphml"
"0.31","0.04","0.65","0.296606527078935","1,1,1,2,1,2,3,4,5,2,3,6,4,5,7,8,2,3,7,6,9,10,11,12,13,14,15,16,17,18,19,20,21,22,23,24,25,7,9,9,9,9,10,10,10,10,9,10,10,10,9,9,9,9,9,10,10,10,10,9,11,9,9,12,13,9,9,9,9,9,10,9,14,14,9,9,9,9,9,9,9,15,16,16,16,17,9,9,9,9,18,19,20,9,9,9,8,9,9,9,9,9,9,9,9,9,9,21,21,22,9,9,9,24,24,24,23,7,7,24,7,25,25,25,25,25,25,25,25","0.00673580169677734","infomap","edit-xhwikibooks.graphml"
"0.3","0.05","0.65","0.314653372912982","1,2,1,1,3,4,3,2,4,5,6,7,8,8,9,10,5,6,11,7,12,13,14,15,16,8,17,18,19,20,21,22,23,7,9,11,24,9,12,12,12,12,13,13,13,13,12,13,13,13,12,12,12,12,12,13,13,13,13,12,14,12,12,15,16,12,12,12,12,12,13,12,16,16,12,12,12,12,12,12,12,17,18,18,18,19,12,12,12,12,20,21,22,12,12,12,10,12,12,12,12,12,12,12,12,12,12,23,23,12,12,12,12,9,11,9,9,11,11,9,11,24,24,24,24,24,24,24,24","0.00687313079833984","infomap","edit-xhwikibooks.graphml"
"0.29","0.06","0.65","0.318071168541959","1,1,2,2,2,3,4,1,3,5,4,6,7,8,9,10,5,4,11,6,12,13,14,7,15,8,16,17,18,19,20,21,22,23,11,9,24,8,12,12,12,12,13,13,13,13,12,13,13,13,12,12,12,12,12,13,13,13,13,12,14,12,12,7,15,12,12,12,12,12,13,12,8,16,12,12,12,12,12,12,12,16,17,17,17,18,12,12,12,12,19,20,21,12,12,12,10,12,12,12,12,12,12,12,12,12,12,22,22,23,12,12,12,11,9,11,9,9,11,11,9,24,24,24,24,24,24,24,24","0.00675010681152344","infomap","edit-xhwikibooks.graphml"
"0.28","0.07","0.65","0.310640927904976","1,2,1,2,3,4,3,2,4,5,6,3,7,7,8,9,5,6,10,11,12,13,14,7,15,16,17,18,19,20,21,22,23,11,24,10,25,8,12,12,12,12,13,13,13,13,12,13,13,13,12,12,12,12,12,13,13,13,13,12,14,12,12,7,15,12,12,12,12,12,13,12,16,17,12,12,12,12,12,12,12,17,18,18,18,19,12,12,12,12,20,21,22,12,12,12,9,12,12,12,12,12,12,12,12,12,12,23,23,11,12,12,12,24,24,24,8,24,24,10,10,25,25,25,25,25,25,25,25","0.00722813606262207","infomap","edit-xhwikibooks.graphml"
"0.27","0.08","0.65","0.306262450149995","1,1,2,2,3,4,3,4,5,6,7,8,9,5,10,11,6,7,12,8,13,14,15,16,17,9,18,19,20,21,22,23,24,25,12,26,27,10,13,13,13,13,14,14,14,14,13,14,14,14,13,13,13,13,13,14,14,14,14,13,15,13,13,16,17,13,13,13,13,13,14,13,9,10,13,13,13,13,13,13,13,18,11,19,11,20,13,13,13,13,21,22,23,13,13,13,11,13,13,13,13,13,13,13,13,13,13,24,24,25,13,13,13,26,26,12,26,26,26,12,26,27,27,27,27,27,27,27,27","0.00674605369567871","infomap","edit-xhwikibooks.graphml"
"0.26","0.09","0.65","0.317973411276775","1,1,2,2,3,4,3,4,5,6,7,3,8,9,5,10,6,7,7,11,12,13,14,8,9,15,5,16,17,18,19,20,21,11,22,23,24,5,12,12,12,12,13,13,13,13,12,13,13,13,12,12,12,12,12,13,13,13,13,12,14,12,12,4,5,12,12,12,12,12,13,12,15,9,12,12,12,12,12,12,12,9,16,16,16,17,12,12,12,12,18,19,20,12,12,12,10,12,12,12,12,12,12,12,12,12,12,21,21,11,12,12,12,23,22,22,23,22,22,23,23,24,24,24,24,24,24,24,24","0.00690507888793945","infomap","edit-xhwikibooks.graphml"
"0.25","0.1","0.65","0.32451891813989","1,2,3,3,3,1,4,5,1,6,4,4,7,5,8,1,6,4,4,9,10,2,11,7,8,12,12,13,14,15,16,17,18,9,19,20,21,8,10,10,10,10,2,2,2,2,10,2,2,2,10,10,10,10,10,2,2,2,2,10,11,10,10,7,8,10,10,10,10,10,2,10,8,12,10,10,10,10,10,10,10,8,13,13,13,14,10,10,10,10,15,16,17,10,10,10,1,10,10,10,10,10,10,10,10,10,10,18,18,10,10,10,10,20,20,19,20,19,19,20,19,21,21,21,21,21,21,21,21","0.00699210166931152","infomap","edit-xhwikibooks.graphml"
"0.24","0.11","0.65","0.318644584512254","1,1,2,3,2,3,4,5,5,6,7,4,8,9,5,10,6,7,11,12,13,14,15,8,9,16,17,18,19,20,21,22,23,12,11,24,25,5,13,13,13,13,14,14,14,14,13,14,14,14,13,13,13,13,13,14,14,14,14,13,15,13,13,8,16,13,13,13,13,13,14,13,9,16,13,13,13,13,13,13,13,17,18,18,18,19,13,13,13,13,20,21,22,13,13,13,10,13,13,13,13,13,13,13,13,13,13,23,23,13,13,13,13,11,11,11,24,11,11,11,24,25,25,25,25,25,25,25,25","0.0069282054901123","infomap","edit-xhwikibooks.graphml"
"0.23","0.12","0.65","0.315978688646321","1,2,1,2,3,4,3,2,5,6,7,8,9,10,5,4,6,7,11,8,12,13,14,9,15,16,10,17,18,19,20,21,8,22,23,11,24,10,12,12,12,12,13,13,13,13,12,13,13,13,12,12,12,12,12,13,13,13,13,12,14,12,12,9,15,12,12,12,12,12,13,12,16,16,12,12,12,12,12,12,12,10,17,17,17,18,12,12,12,12,19,20,21,12,12,12,4,12,12,12,12,12,12,12,12,12,12,8,8,22,12,12,12,23,23,11,23,23,11,23,11,24,24,24,24,24,24,24,24","0.00657200813293457","infomap","edit-xhwikibooks.graphml"
"0.22","0.13","0.65","0.314636851864719","1,1,2,1,2,3,4,5,6,3,7,4,8,5,6,9,3,7,7,10,11,12,13,8,14,15,16,17,18,19,20,21,22,10,23,24,25,6,11,11,11,11,12,12,12,12,11,12,12,12,11,11,11,11,11,12,12,12,12,11,13,11,11,8,14,11,11,11,11,11,12,11,14,15,11,11,11,11,11,11,11,16,17,17,17,18,11,11,11,11,19,20,21,11,11,11,9,11,11,11,11,11,11,11,11,11,11,22,22,10,11,11,11,24,24,23,23,23,24,23,23,25,25,25,25,25,25,25,25","0.00921797752380371","infomap","edit-xhwikibooks.graphml"
"0.21","0.14","0.65","0.311498963557223","1,1,2,2,3,4,3,5,4,6,3,7,8,9,5,10,6,3,11,7,12,13,14,9,8,15,16,17,18,19,20,21,22,23,24,11,25,5,12,12,12,12,13,13,13,13,12,13,13,13,12,12,12,12,12,13,13,13,13,12,14,12,12,9,8,12,12,12,12,12,13,12,16,15,12,12,12,12,12,12,12,16,17,17,17,18,12,12,12,12,19,20,21,12,12,12,10,12,12,12,12,12,12,12,12,12,12,22,22,23,12,12,12,11,11,24,11,24,11,24,24,25,25,25,25,25,25,25,25","0.00664496421813965","infomap","edit-xhwikibooks.graphml"
"0.2","0.15","0.65","0.321947706669007","1,2,1,3,4,3,4,5,5,3,6,4,5,7,5,8,3,6,6,9,10,2,11,12,13,14,7,15,16,17,18,19,20,9,21,22,23,12,10,10,10,10,2,2,2,2,10,2,2,2,10,10,10,10,10,2,2,2,2,10,11,10,10,12,13,10,10,10,10,10,2,10,14,7,10,10,10,10,10,10,10,14,15,15,15,16,10,10,10,10,17,18,19,10,10,10,8,10,10,10,10,10,10,10,10,10,10,20,20,10,10,10,10,21,22,21,21,21,22,21,21,23,23,23,23,23,23,23,23","0.00700497627258301","infomap","edit-xhwikibooks.graphml"
"0.19","0.16","0.65","0.319027784872743","1,2,1,1,1,3,4,5,6,7,8,4,5,9,6,3,7,8,8,10,11,2,12,9,13,14,15,16,17,18,19,20,21,10,22,23,24,9,11,11,11,11,2,2,2,2,11,2,2,2,11,11,11,11,11,2,2,2,2,11,12,11,11,9,13,11,11,11,11,11,2,11,15,14,11,11,11,11,11,11,11,15,16,16,16,17,11,11,11,11,18,19,20,11,11,11,3,11,11,11,11,11,11,11,11,11,11,21,21,10,11,11,11,23,22,22,22,22,23,23,23,24,24,24,24,24,24,24,24","0.00685501098632812","infomap","edit-xhwikibooks.graphml"
"0.18","0.17","0.65","0.321130602368095","1,2,1,3,4,3,4,5,6,7,8,4,9,5,6,10,7,8,8,11,12,2,13,9,14,15,16,17,18,19,20,21,22,11,23,24,25,5,12,12,12,12,2,2,2,2,12,2,2,2,12,12,12,12,12,2,2,2,2,12,13,12,12,5,14,12,12,12,12,12,2,12,15,14,12,12,12,12,12,12,12,16,17,17,17,18,12,12,12,12,19,20,21,12,12,12,10,12,12,12,12,12,12,12,12,12,12,22,22,12,12,12,12,23,23,23,23,23,24,24,24,25,25,25,25,25,25,25,25","0.0068519115447998","infomap","edit-xhwikibooks.graphml"
"0.17","0.18","0.65","0.31289571390748","1,1,2,2,2,3,4,5,3,6,7,4,8,5,9,10,6,7,7,11,12,13,14,15,8,16,16,17,18,19,20,21,11,22,23,24,25,9,12,12,12,12,13,13,13,13,12,13,13,13,12,12,12,12,12,13,13,13,13,12,14,12,12,15,8,12,12,12,12,12,13,12,16,16,12,12,12,12,12,12,12,9,17,17,17,18,12,12,12,12,19,20,21,12,12,12,10,12,12,12,12,12,12,12,12,12,12,11,11,22,12,12,12,23,24,24,24,23,23,23,23,25,25,25,25,25,25,25,25","0.00664997100830078","infomap","edit-xhwikibooks.graphml"
"0.16","0.19","0.65","0.311093715553351","1,2,1,2,3,4,3,4,4,5,6,7,8,9,10,11,5,6,12,7,2,13,14,8,9,15,16,11,17,18,19,20,21,22,12,10,23,9,2,2,2,2,13,13,13,13,2,13,13,13,2,2,2,2,2,13,13,13,13,2,14,2,2,4,16,2,2,2,2,2,13,2,15,16,2,2,2,2,2,2,2,16,11,11,11,17,2,2,2,2,18,19,20,2,2,2,11,2,2,2,2,2,2,2,2,2,2,21,21,22,2,2,2,12,10,12,10,12,12,10,12,23,23,23,23,23,23,23,23","0.00676083564758301","infomap","edit-xhwikibooks.graphml"
"0.15","0.2","0.65","0.322529334374458","1,2,1,3,1,3,4,5,3,6,7,4,8,5,9,10,6,7,7,11,12,2,13,8,14,15,9,16,17,18,19,20,11,21,22,23,24,9,12,12,12,12,2,2,2,2,12,2,2,2,12,12,12,12,12,2,2,2,2,12,13,12,12,8,14,12,12,12,12,12,2,12,15,14,12,12,12,12,12,12,12,14,16,16,16,17,12,12,12,12,18,19,20,12,12,12,10,12,12,12,12,12,12,12,12,12,12,11,11,21,12,12,12,23,23,23,22,22,22,22,23,24,24,24,24,24,24,24,24","0.00713896751403809","infomap","edit-xhwikibooks.graphml"
"0.14","0.21","0.65","0.297018838797665","1,1,2,2,3,4,3,4,5,6,7,8,9,5,10,11,6,7,12,8,13,14,15,9,16,17,18,19,20,21,22,23,24,25,26,12,27,10,13,13,13,13,14,14,14,14,13,14,14,14,13,13,13,13,13,14,14,14,14,13,15,13,13,4,16,13,13,13,13,13,14,13,16,17,13,13,13,13,13,13,13,18,19,11,19,20,13,13,13,13,21,22,23,13,13,13,11,13,13,13,13,13,13,13,13,13,13,24,24,25,13,13,13,26,12,26,26,26,26,12,26,10,27,10,10,27,27,10,27","0.00917983055114746","infomap","edit-xhwikibooks.graphml"
"0.13","0.22","0.65","0.31809618502419","1,2,1,2,3,4,3,4,5,6,3,3,7,8,5,9,6,3,10,11,12,2,13,14,15,7,8,9,16,17,18,19,20,11,21,10,22,5,12,12,12,12,2,2,2,2,12,2,2,2,12,12,12,12,12,2,2,2,2,12,13,12,12,14,15,12,12,12,12,12,2,12,7,7,12,12,12,12,12,12,12,8,9,9,9,16,12,12,12,12,17,18,19,12,12,12,9,12,12,12,12,12,12,12,12,12,12,20,20,11,12,12,12,10,10,21,10,21,21,21,21,22,22,22,22,22,22,22,22","0.00895905494689941","infomap","edit-xhwikibooks.graphml"
"0.12","0.23","0.65","0.317654179883902","1,1,2,2,3,4,3,5,6,7,3,8,9,5,6,4,7,3,10,8,11,12,13,9,14,14,6,15,16,17,18,19,20,21,10,22,23,5,11,11,11,11,12,12,12,12,11,12,12,12,11,11,11,11,11,12,12,12,12,11,13,11,11,5,6,11,11,11,11,11,12,11,14,14,11,11,11,11,11,11,11,14,15,15,15,16,11,11,11,11,17,18,19,11,11,11,4,11,11,11,11,11,11,11,11,11,11,20,8,21,11,11,11,10,10,10,22,22,10,10,22,23,23,23,23,23,23,23,23","0.00676202774047852","infomap","edit-xhwikibooks.graphml"
"0.11","0.24","0.65","0.315233038786169","1,2,3,3,3,1,4,2,5,1,6,4,7,5,8,9,1,6,10,11,12,13,14,7,15,8,5,16,17,18,19,20,11,21,22,10,23,8,12,12,12,12,13,13,13,13,12,13,13,13,12,12,12,12,12,13,13,13,13,12,14,12,12,7,15,12,12,12,12,12,13,12,15,8,12,12,12,12,12,12,12,8,16,16,16,17,12,12,12,12,18,19,20,12,12,12,9,12,12,12,12,12,12,12,12,12,12,11,11,21,12,12,12,22,10,10,22,10,10,10,22,23,23,23,23,23,23,23,23","0.00658702850341797","infomap","edit-xhwikibooks.graphml"
"0.1","0.25","0.65","0.319279443103834","1,2,1,1,1,3,4,2,2,5,4,6,7,8,2,3,5,4,9,6,10,11,12,7,13,8,14,15,16,17,18,19,20,6,21,9,22,8,10,10,10,10,11,11,11,11,10,11,11,11,10,10,10,10,10,11,11,11,11,10,12,10,10,2,13,10,10,10,10,10,11,10,14,13,10,10,10,10,10,10,10,14,15,15,15,16,10,10,10,10,17,18,19,10,10,10,3,10,10,10,10,10,10,10,10,10,10,20,20,10,10,10,10,21,9,9,9,21,21,21,21,22,22,22,22,22,22,22,22","0.00911307334899902","infomap","edit-xhwikibooks.graphml"
"0.09","0.26","0.65","0.315467338812082","1,2,1,2,1,3,4,5,3,6,4,4,7,5,8,9,6,4,10,11,12,2,13,7,14,15,16,17,18,19,20,21,11,22,23,10,24,8,12,12,12,12,2,2,2,2,12,2,2,2,12,12,12,12,12,2,2,2,2,12,13,12,12,5,14,12,12,12,12,12,2,12,15,15,12,12,12,12,12,12,12,16,17,17,17,18,12,12,12,12,19,20,21,12,12,12,9,12,12,12,12,12,12,12,12,12,12,11,11,22,12,12,12,23,10,23,23,10,10,10,10,24,24,24,24,24,24,24,24","0.00692200660705566","infomap","edit-xhwikibooks.graphml"
"0.08","0.27","0.65","0.318273840391211","1,2,1,3,4,3,4,5,3,6,7,8,9,5,10,3,6,7,7,8,11,2,12,9,13,14,10,15,16,17,18,19,20,21,22,23,24,5,11,11,11,11,2,2,2,2,11,2,2,2,11,11,11,11,11,2,2,2,2,11,12,11,11,9,13,11,11,11,11,11,2,11,10,14,11,11,11,11,11,11,11,13,15,15,15,16,11,11,11,11,17,18,19,11,11,11,3,11,11,11,11,11,11,11,11,11,11,20,20,21,11,11,11,23,23,22,22,23,22,23,22,24,24,24,24,24,24,24,24","0.00679302215576172","infomap","edit-xhwikibooks.graphml"
"0.07","0.28","0.65","0.31706059255959","1,1,2,1,2,3,4,5,6,7,8,4,5,6,9,3,7,8,8,10,11,12,13,14,15,16,6,17,18,19,20,21,10,22,23,24,9,9,11,11,11,11,12,12,12,12,11,12,12,12,11,11,11,11,11,12,12,12,12,11,13,11,11,14,15,11,11,11,11,11,12,11,16,16,11,11,11,11,11,11,11,16,17,17,17,18,11,11,11,11,19,20,21,11,11,11,3,11,11,11,11,11,11,11,11,11,11,10,10,22,11,11,11,24,23,24,24,23,24,23,24,9,9,9,9,9,9,9,9","0.00693798065185547","infomap","edit-xhwikibooks.graphml"
"0.06","0.29","0.65","0.321216710670371","1,2,1,2,3,4,3,5,4,4,3,6,7,5,8,9,4,3,3,6,10,2,11,12,8,13,7,9,14,15,16,17,18,19,20,21,22,20,10,10,10,10,2,2,2,2,10,2,2,2,10,10,10,10,10,2,2,2,2,10,11,10,10,12,8,10,10,10,10,10,2,10,13,8,10,10,10,10,10,10,10,7,9,9,9,14,10,10,10,10,15,16,17,10,10,10,9,10,10,10,10,10,10,10,10,10,10,18,18,19,10,10,10,20,20,20,20,21,20,20,20,22,22,22,22,22,22,22,22","0.0068509578704834","infomap","edit-xhwikibooks.graphml"
"0.05","0.3","0.65","0.307160436793233","1,2,1,3,1,4,5,6,7,4,8,5,6,9,7,3,4,8,10,11,2,12,13,14,15,16,9,17,18,19,20,21,11,22,23,10,24,9,2,2,2,2,12,12,12,12,2,12,12,12,2,2,2,2,2,12,12,12,12,2,13,2,2,14,15,2,2,2,2,2,12,2,16,16,2,2,2,2,2,2,2,16,17,17,17,18,2,2,2,2,19,20,21,2,2,2,3,2,2,2,2,2,2,2,2,2,2,11,11,22,2,2,2,23,10,23,10,10,10,23,23,24,24,24,24,24,24,24,24","0.00701093673706055","infomap","edit-xhwikibooks.graphml"
"0.04","0.31","0.65","0.32138729028968","1,2,1,1,3,4,3,4,5,6,3,7,8,5,9,4,6,10,11,7,12,2,13,8,4,14,8,15,16,6,10,17,18,12,11,9,19,9,12,12,12,12,2,2,2,2,12,2,2,2,12,12,12,12,12,2,2,2,2,12,13,12,12,8,14,12,12,12,12,12,2,12,14,8,12,12,12,12,12,12,12,4,15,15,15,16,12,12,12,12,6,10,17,12,12,12,4,12,12,12,12,12,12,12,12,12,12,18,18,12,12,12,12,11,11,9,9,11,9,9,9,19,19,19,19,19,19,19,19","0.00904703140258789","infomap","edit-xhwikibooks.graphml"
"0.03","0.32","0.65","0.317144047611644","1,1,2,2,3,4,3,5,4,6,7,3,8,5,9,4,6,10,7,11,12,13,14,8,5,15,9,16,17,6,10,18,19,11,20,21,22,5,12,12,12,12,13,13,13,13,12,13,13,13,12,12,12,12,12,13,13,13,13,12,14,12,12,5,9,12,12,12,12,12,13,12,15,5,12,12,12,12,12,12,12,5,16,16,16,17,12,12,12,12,6,10,18,12,12,12,4,12,12,12,12,12,12,12,12,12,12,19,19,12,12,12,12,21,21,20,20,21,20,21,21,22,22,22,22,22,22,22,22","0.00664901733398438","infomap","edit-xhwikibooks.graphml"
"0.02","0.33","0.65","0.319097269295589","1,1,2,2,2,3,4,5,3,6,7,4,8,5,9,10,6,11,7,12,13,14,15,8,9,16,9,10,17,6,11,18,19,12,20,21,22,9,13,13,13,13,14,14,14,14,13,14,14,14,13,13,13,13,13,14,14,14,14,13,15,13,13,8,9,13,13,13,13,13,14,13,16,9,13,13,13,13,13,13,13,16,10,10,10,17,13,13,13,13,6,11,18,13,13,13,10,13,13,13,13,13,13,13,13,13,13,19,19,13,13,13,13,21,21,21,21,20,21,20,21,22,22,22,22,22,22,22,22","0.00700187683105469","infomap","edit-xhwikibooks.graphml"
"0.01","0.34","0.65","0.353612145868052","1,1,2,2,3,4,3,5,4,6,7,8,5,4,9,10,6,11,7,8,12,13,14,1,4,15,9,10,16,6,11,17,18,12,19,19,9,4,12,12,12,12,13,13,13,13,12,13,13,13,12,12,12,12,12,13,13,13,13,12,14,12,12,5,4,12,12,12,12,12,13,12,9,15,12,12,12,12,12,12,12,15,10,10,10,16,12,12,12,12,6,11,17,12,12,12,20,12,12,12,12,12,12,12,12,12,12,18,18,12,12,12,12,19,19,19,19,19,19,19,19,9,9,9,9,9,9,9,9","0.00685405731201172","infomap","edit-xhwikibooks.graphml"
"0","0.35","0.65","0.321927291870552","1,2,3,3,4,1,4,1,5,6,7,8,9,1,5,10,6,11,7,8,2,12,13,9,5,14,14,10,15,6,11,16,17,8,18,19,20,5,2,2,2,2,12,12,12,12,2,12,12,12,2,2,2,2,2,12,12,12,12,2,13,2,2,9,5,2,2,2,2,2,12,2,14,14,2,2,2,2,2,2,2,14,10,10,10,15,2,2,2,2,6,11,16,2,2,2,21,2,2,2,2,2,2,2,2,2,2,17,17,2,2,2,2,18,18,18,18,19,19,18,19,20,20,20,20,20,20,20,20","0.00696015357971191","infomap","edit-xhwikibooks.graphml"
"0.34","0","0.66","0.293608678352922","1,1,2,2,2,3,4,5,6,7,8,4,5,9,6,3,7,8,10,11,12,1,13,14,9,15,16,17,18,19,20,21,11,22,10,23,24,6,12,12,12,12,1,1,1,1,12,1,1,1,12,12,12,12,12,1,1,1,1,12,13,12,12,14,16,12,12,12,12,12,1,12,16,15,12,12,12,12,12,12,12,16,17,17,17,18,12,12,12,12,19,20,21,12,12,12,3,12,12,12,12,12,12,12,12,12,12,11,11,22,12,12,12,10,23,23,10,23,10,10,23,6,6,6,24,6,6,6,6","0.00693297386169434","infomap","edit-xhwikibooks.graphml"
"0.33","0.01","0.66","0.310387849129106","1,1,2,2,3,4,3,5,6,7,8,9,5,10,6,4,7,8,8,9,11,12,13,10,14,15,16,17,18,19,20,21,22,23,24,6,25,10,11,11,11,11,12,12,12,12,11,12,12,12,11,11,11,11,11,12,12,12,12,11,13,11,11,5,14,11,11,11,11,11,12,11,15,15,11,11,11,11,11,11,11,16,17,17,17,18,11,11,11,11,19,20,21,11,11,11,4,11,11,11,11,11,11,11,11,11,11,22,22,23,11,11,11,6,24,6,24,24,6,24,24,25,25,25,25,25,25,25,25","0.00694584846496582","infomap","edit-xhwikibooks.graphml"
"0.32","0.02","0.66","0.312361366790286","1,1,2,2,2,3,4,5,6,7,4,8,5,9,6,3,7,4,10,8,11,12,13,14,15,9,16,17,18,19,20,21,8,22,23,10,24,6,11,11,11,11,12,12,12,12,11,12,12,12,11,11,11,11,11,12,12,12,12,11,13,11,11,14,15,11,11,11,11,11,12,11,16,15,11,11,11,11,11,11,11,16,17,17,17,18,11,11,11,11,19,20,21,11,11,11,3,11,11,11,11,11,11,11,11,11,11,8,8,22,11,11,11,23,10,23,23,23,10,23,23,24,24,24,24,24,24,24,24","0.0069420337677002","infomap","edit-xhwikibooks.graphml"
"0.31","0.03","0.66","0.318188029753496","1,2,3,3,3,1,4,5,1,6,4,4,7,5,8,9,6,4,8,10,11,2,12,13,14,7,15,16,17,18,19,20,10,21,8,22,23,8,11,11,11,11,2,2,2,2,11,2,2,2,11,11,11,11,11,2,2,2,2,11,12,11,11,13,14,11,11,11,11,11,2,11,7,7,11,11,11,11,11,11,11,15,16,16,16,17,11,11,11,11,18,19,20,11,11,11,9,11,11,11,11,11,11,11,11,11,11,10,10,21,11,11,11,8,8,8,22,22,8,22,22,23,23,23,23,23,23,23,23","0.00665712356567383","infomap","edit-xhwikibooks.graphml"
"0.3","0.04","0.66","0.325138192250917","1,2,1,3,4,3,4,5,6,7,8,4,5,5,6,3,7,8,9,10,11,2,12,13,14,15,16,17,18,19,20,21,10,22,9,6,23,5,11,11,11,11,2,2,2,2,11,2,2,2,11,11,11,11,11,2,2,2,2,11,12,11,11,13,14,11,11,11,11,11,2,11,14,15,11,11,11,11,11,11,11,16,17,17,17,18,11,11,11,11,19,20,21,11,11,11,3,11,11,11,11,11,11,11,11,11,11,10,10,22,11,11,11,9,9,9,9,9,6,6,9,23,23,23,23,23,23,23,23","0.00922989845275879","infomap","edit-xhwikibooks.graphml"
"0.29","0.05","0.66","0.317930809614574","1,1,2,2,3,4,3,5,4,4,3,6,7,5,8,9,4,3,10,6,11,12,13,7,14,8,15,9,16,17,18,19,20,21,22,10,23,8,11,11,11,11,12,12,12,12,11,12,12,12,11,11,11,11,11,12,12,12,12,11,13,11,11,5,14,11,11,11,11,11,12,11,15,14,11,11,11,11,11,11,11,15,9,9,9,16,11,11,11,11,17,18,19,11,11,11,9,11,11,11,11,11,11,11,11,11,11,20,20,21,11,11,11,22,10,22,10,10,10,22,10,23,23,23,23,23,23,23,23","0.00699090957641602","infomap","edit-xhwikibooks.graphml"
"0.28","0.06","0.66","0.318341108615015","1,2,1,1,3,4,3,2,5,6,3,7,8,5,9,4,6,3,10,7,11,12,13,8,14,15,16,17,18,19,20,21,7,22,10,23,9,9,11,11,11,11,12,12,12,12,11,12,12,12,11,11,11,11,11,12,12,12,12,11,13,11,11,8,14,11,11,11,11,11,12,11,5,15,11,11,11,11,11,11,11,16,17,17,17,18,11,11,11,11,19,20,21,11,11,11,4,11,11,11,11,11,11,11,11,11,11,7,7,22,11,11,11,23,10,23,23,23,23,10,10,9,9,9,9,9,9,9,9","0.00941181182861328","infomap","edit-xhwikibooks.graphml"
"0.27","0.07","0.66","0.319819560295056","1,1,2,2,2,3,4,5,3,3,6,4,5,5,7,8,3,6,9,10,11,12,13,14,15,16,7,17,18,19,20,21,10,22,23,9,24,7,11,11,11,11,12,12,12,12,11,12,12,12,11,11,11,11,11,12,12,12,12,11,13,11,11,14,15,11,11,11,11,11,12,11,15,16,11,11,11,11,11,11,11,15,17,17,17,18,11,11,11,11,19,20,21,11,11,11,8,11,11,11,11,11,11,11,11,11,11,10,10,22,11,11,11,9,23,23,9,23,23,23,23,24,24,24,24,24,24,24,24","0.00670194625854492","infomap","edit-xhwikibooks.graphml"
"0.26","0.08","0.66","0.314888378476655","1,2,1,2,3,4,3,2,5,4,6,7,8,5,9,10,4,6,6,7,11,12,13,14,9,15,8,16,17,18,19,20,21,22,23,24,25,9,11,11,11,11,12,12,12,12,11,12,12,12,11,11,11,11,11,12,12,12,12,11,13,11,11,14,15,11,11,11,11,11,12,11,15,8,11,11,11,11,11,11,11,8,16,16,16,17,11,11,11,11,18,19,20,11,11,11,10,11,11,11,11,11,11,11,11,11,11,21,7,22,11,11,11,23,23,23,23,23,23,23,24,25,25,25,25,25,25,25,25","0.00680398941040039","infomap","edit-xhwikibooks.graphml"
"0.25","0.09","0.66","0.320668387720256","1,2,1,1,1,3,4,5,6,3,7,4,5,6,8,9,3,7,10,11,12,2,13,14,15,16,8,17,18,19,20,21,22,11,10,23,24,8,12,12,12,12,2,2,2,2,12,2,2,2,12,12,12,12,12,2,2,2,2,12,13,12,12,14,15,12,12,12,12,12,2,12,16,16,12,12,12,12,12,12,12,15,17,17,17,18,12,12,12,12,19,20,21,12,12,12,9,12,12,12,12,12,12,12,12,12,12,22,22,12,12,12,12,23,23,23,23,10,23,10,10,24,24,24,24,24,24,24,24","0.00930404663085938","infomap","edit-xhwikibooks.graphml"
"0.24","0.1","0.66","0.311822754677803","1,1,2,2,2,3,4,5,6,3,7,4,5,6,8,9,3,7,7,10,11,12,13,14,15,16,17,9,18,19,20,21,10,22,23,24,25,8,11,11,11,11,12,12,12,12,11,12,12,12,11,11,11,11,11,12,12,12,12,11,13,11,11,14,15,11,11,11,11,11,12,11,16,16,11,11,11,11,11,11,11,17,9,9,9,18,11,11,11,11,19,20,21,11,11,11,9,11,11,11,11,11,11,11,11,11,11,10,10,22,11,11,11,24,23,24,24,23,24,24,24,25,25,25,25,25,25,25,25","0.00697016716003418","infomap","edit-xhwikibooks.graphml"
"0.23","0.11","0.66","0.311814074073344","1,1,2,2,2,3,4,5,3,6,4,7,8,5,9,10,6,4,11,7,12,13,14,15,16,9,8,17,18,19,20,21,22,23,24,11,25,5,12,12,12,12,13,13,13,13,12,13,13,13,12,12,12,12,12,13,13,13,13,12,14,12,12,15,16,12,12,12,12,12,13,12,9,8,12,12,12,12,12,12,12,8,10,17,10,18,12,12,12,12,19,20,21,12,12,12,10,12,12,12,12,12,12,12,12,12,12,22,7,23,12,12,12,24,11,24,24,24,24,11,11,25,25,25,25,25,25,25,25","0.00690293312072754","infomap","edit-xhwikibooks.graphml"
"0.22","0.12","0.66","0.323899310004771","1,2,1,3,4,3,4,5,3,6,7,8,9,5,10,11,6,7,12,8,13,2,14,9,15,16,17,18,19,20,21,22,23,24,25,12,10,10,13,13,13,13,2,2,2,2,13,2,2,2,13,13,13,13,13,2,2,2,2,13,14,13,13,9,15,13,13,13,13,13,2,13,16,15,13,13,13,13,13,13,13,17,11,11,18,19,13,13,13,13,20,21,22,13,13,13,11,13,13,13,13,13,13,13,13,13,13,23,23,24,13,13,13,25,25,25,25,25,25,25,25,10,10,10,10,10,10,10,10","0.00690507888793945","infomap","edit-xhwikibooks.graphml"
"0.21","0.13","0.66","0.315815981243143","1,1,2,3,2,3,4,5,3,6,4,4,7,5,8,3,6,4,9,10,11,12,13,14,15,15,7,16,17,18,19,20,10,21,22,9,23,8,11,11,11,11,12,12,12,12,11,12,12,12,11,11,11,11,11,12,12,12,12,11,13,11,11,14,15,11,11,11,11,11,12,11,15,8,11,11,11,11,11,11,11,7,16,16,16,17,11,11,11,11,18,19,20,11,11,11,3,11,11,11,11,11,11,11,11,11,11,10,10,21,11,11,11,9,9,22,9,22,9,9,9,23,23,23,23,23,23,23,23","0.213041067123413","infomap","edit-xhwikibooks.graphml"
"0.2","0.14","0.66","0.321732750144635","1,1,2,3,2,3,4,5,3,6,7,4,5,8,9,10,6,7,7,11,12,13,14,15,16,8,9,17,18,19,20,21,22,11,23,24,25,9,12,12,12,12,13,13,13,13,12,13,13,13,12,12,12,12,12,13,13,13,13,12,14,12,12,15,16,12,12,12,12,12,13,12,16,16,12,12,12,12,12,12,12,9,17,17,17,18,12,12,12,12,19,20,21,12,12,12,10,12,12,12,12,12,12,12,12,12,12,22,22,12,12,12,12,23,24,23,23,23,23,24,24,25,25,25,25,25,25,25,25","0.0072019100189209","infomap","edit-xhwikibooks.graphml"
"0.19","0.15","0.66","0.309239134559662","1,2,1,2,3,4,3,5,6,4,7,8,9,5,6,10,4,7,7,8,11,2,12,9,13,14,15,16,17,18,19,20,8,21,22,23,24,5,11,11,11,11,2,2,2,2,11,2,2,2,11,11,11,11,11,2,2,2,2,11,12,11,11,5,13,11,11,11,11,11,2,11,15,14,11,11,11,11,11,11,11,15,16,16,16,17,11,11,11,11,18,19,20,11,11,11,10,11,11,11,11,11,11,11,11,11,11,8,8,21,11,11,11,6,6,23,22,22,22,6,22,24,24,24,24,24,24,24,24","0.00686478614807129","infomap","edit-xhwikibooks.graphml"
"0.18","0.16","0.66","0.315594728999795","1,2,3,3,3,1,4,2,1,5,6,4,7,8,9,10,5,6,6,11,12,13,14,7,15,8,9,16,17,18,19,20,11,21,22,23,24,8,12,12,12,12,13,13,13,13,12,13,13,13,12,12,12,12,12,13,13,13,13,12,14,12,12,2,15,12,12,12,12,12,13,12,15,15,12,12,12,12,12,12,12,8,16,16,16,17,12,12,12,12,18,19,20,12,12,12,10,12,12,12,12,12,12,12,12,12,12,11,11,21,12,12,12,23,23,22,23,23,22,23,23,24,24,24,24,24,24,24,24","0.00681900978088379","infomap","edit-xhwikibooks.graphml"
"0.17","0.17","0.66","0.315171377267259","1,1,2,2,3,4,3,5,5,4,3,6,5,5,7,8,4,3,9,6,10,11,12,13,14,15,7,16,17,18,19,20,21,22,23,9,24,5,10,10,10,10,11,11,11,11,10,11,11,11,10,10,10,10,10,11,11,11,11,10,12,10,10,13,14,10,10,10,10,10,11,10,15,15,10,10,10,10,10,10,10,15,16,16,16,17,10,10,10,10,18,19,20,10,10,10,8,10,10,10,10,10,10,10,10,10,10,21,21,22,10,10,10,9,9,9,9,9,9,23,9,24,24,24,24,24,24,24,24","0.00691604614257812","infomap","edit-xhwikibooks.graphml"
"0.16","0.18","0.66","0.324612345679012","1,1,2,2,3,4,3,4,4,5,6,3,7,8,9,10,5,6,6,11,12,13,14,7,15,8,9,10,16,17,18,19,11,20,21,22,23,9,12,12,12,12,13,13,13,13,12,13,13,13,12,12,12,12,12,13,13,13,13,12,14,12,12,4,15,12,12,12,12,12,13,12,15,15,12,12,12,12,12,12,12,15,10,10,10,16,12,12,12,12,17,18,19,12,12,12,10,12,12,12,12,12,12,12,12,12,12,11,11,20,12,12,12,22,21,21,21,22,21,21,22,23,23,23,23,23,23,23,23","0.0070960521697998","infomap","edit-xhwikibooks.graphml"
"0.15","0.19","0.66","0.312724682776424","1,2,1,1,1,3,4,5,5,3,6,4,7,5,8,9,3,6,10,11,2,12,13,14,7,15,16,9,17,18,19,20,21,11,10,22,23,8,2,2,2,2,12,12,12,12,2,12,12,12,2,2,2,2,2,12,12,12,12,2,13,2,2,14,7,2,2,2,2,2,12,2,7,15,2,2,2,2,2,2,2,16,9,9,9,17,2,2,2,2,18,19,20,2,2,2,9,2,2,2,2,2,2,2,2,2,2,21,21,11,2,2,2,22,22,10,10,10,22,22,22,23,23,23,23,23,23,23,23","0.00920200347900391","infomap","edit-xhwikibooks.graphml"
"0.14","0.2","0.66","0.320752196079347","1,1,2,2,3,4,3,4,4,5,3,6,7,7,8,9,5,3,10,6,11,12,13,14,8,7,15,16,17,18,19,20,21,22,23,10,24,8,11,11,11,11,12,12,12,12,11,12,12,12,11,11,11,11,11,12,12,12,12,11,13,11,11,14,7,11,11,11,11,11,12,11,8,8,11,11,11,11,11,11,11,15,9,16,9,17,11,11,11,11,18,19,20,11,11,11,9,11,11,11,11,11,11,11,11,11,11,21,21,22,11,11,11,10,10,23,23,23,23,23,23,24,24,24,24,24,24,24,24","0.00688409805297852","infomap","edit-xhwikibooks.graphml"
"0.13","0.21","0.66","0.321489462430053","1,2,1,1,3,4,3,4,5,6,7,8,9,10,5,11,6,7,7,8,12,2,13,9,10,14,15,16,17,18,19,20,21,22,23,24,25,10,12,12,12,12,2,2,2,2,12,2,2,2,12,12,12,12,12,2,2,2,2,12,13,12,12,4,15,12,12,12,12,12,2,12,15,14,12,12,12,12,12,12,12,15,11,16,11,17,12,12,12,12,18,19,20,12,12,12,11,12,12,12,12,12,12,12,12,12,12,21,21,22,12,12,12,23,23,23,23,24,23,23,23,25,25,25,25,25,25,25,25","0.00927114486694336","infomap","edit-xhwikibooks.graphml"
"0.12","0.22","0.66","0.323019761997124","1,2,1,3,4,3,4,2,3,5,6,7,8,9,10,11,5,6,6,7,12,13,14,8,15,9,16,17,18,19,20,21,7,22,23,24,10,9,12,12,12,12,13,13,13,13,12,13,13,13,12,12,12,12,12,13,13,13,13,12,14,12,12,2,15,12,12,12,12,12,13,12,16,16,12,12,12,12,12,12,12,16,17,17,17,18,12,12,12,12,19,20,21,12,12,12,11,12,12,12,12,12,12,12,12,12,12,7,7,22,12,12,12,23,23,23,24,23,24,24,24,10,10,10,10,10,10,10,10","0.00934696197509766","infomap","edit-xhwikibooks.graphml"
"0.11","0.23","0.66","0.31898421999969","1,1,2,2,2,3,4,5,3,6,7,4,8,5,9,10,6,7,7,11,12,13,14,8,15,16,17,10,18,19,20,21,11,22,9,23,24,9,12,12,12,12,13,13,13,13,12,13,13,13,12,12,12,12,12,13,13,13,13,12,14,12,12,5,15,12,12,12,12,12,13,12,16,16,12,12,12,12,12,12,12,17,10,10,10,18,12,12,12,12,19,20,21,12,12,12,10,12,12,12,12,12,12,12,12,12,12,11,11,22,12,12,12,9,23,23,23,23,9,23,23,24,24,24,24,24,24,24,24","0.00917387008666992","infomap","edit-xhwikibooks.graphml"
"0.1","0.24","0.66","0.320294094804153","1,1,2,2,3,4,3,5,4,6,7,8,9,5,10,4,6,7,7,8,11,12,13,9,14,15,10,16,17,18,19,20,21,22,23,24,25,5,11,11,11,11,12,12,12,12,11,12,12,12,11,11,11,11,11,12,12,12,12,11,13,11,11,5,14,11,11,11,11,11,12,11,15,14,11,11,11,11,11,11,11,10,16,16,16,17,11,11,11,11,18,19,20,11,11,11,4,11,11,11,11,11,11,11,11,11,11,21,21,22,11,11,11,24,24,23,23,24,24,24,23,25,25,25,25,25,25,25,25","0.00686407089233398","infomap","edit-xhwikibooks.graphml"
"0.09","0.25","0.66","0.322122594578854","1,1,2,2,3,4,3,5,6,7,8,9,10,5,6,4,7,8,11,9,12,13,14,10,15,16,6,17,18,19,20,21,22,23,24,11,25,6,12,12,12,12,13,13,13,13,12,13,13,13,12,12,12,12,12,13,13,13,13,12,14,12,12,10,15,12,12,12,12,12,13,12,15,16,12,12,12,12,12,12,12,15,17,17,17,18,12,12,12,12,19,20,21,12,12,12,4,12,12,12,12,12,12,12,12,12,12,22,22,23,12,12,12,24,11,11,24,24,24,24,11,25,25,25,25,25,25,25,25","0.00691103935241699","infomap","edit-xhwikibooks.graphml"
"0.08","0.26","0.66","0.322010604479604","1,1,2,2,3,4,3,4,5,6,7,8,9,10,5,11,6,7,7,8,12,13,14,9,10,15,16,11,17,18,19,20,21,22,23,24,25,10,12,12,12,12,13,13,13,13,12,13,13,13,12,12,12,12,12,13,13,13,13,12,14,12,12,9,10,12,12,12,12,12,13,12,15,10,12,12,12,12,12,12,12,16,11,11,11,17,12,12,12,12,18,19,20,12,12,12,11,12,12,12,12,12,12,12,12,12,12,21,21,22,12,12,12,24,23,23,24,24,24,23,23,25,25,25,25,25,25,25,25","0.00700116157531738","infomap","edit-xhwikibooks.graphml"
"0.07","0.27","0.66","0.307342813463079","1,1,2,2,3,4,3,5,4,6,3,7,8,5,9,10,6,3,3,7,11,12,13,8,14,15,16,10,17,18,19,20,21,22,23,24,25,9,11,11,11,11,12,12,12,12,11,12,12,12,11,11,11,11,11,12,12,12,12,11,13,11,11,5,14,11,11,11,11,11,12,11,15,15,11,11,11,11,11,11,11,16,10,10,10,17,11,11,11,11,18,19,20,11,11,11,10,11,11,11,11,11,11,11,11,11,11,21,21,22,11,11,11,24,23,23,24,24,24,23,24,25,25,9,9,9,9,25,9","0.00704383850097656","infomap","edit-xhwikibooks.graphml"
"0.06","0.28","0.66","0.330863370587019","1,2,1,3,4,3,4,2,5,6,4,4,7,5,8,9,6,4,10,11,12,13,14,7,15,16,5,9,17,18,19,20,21,11,22,10,8,8,12,12,12,12,13,13,13,13,12,13,13,13,12,12,12,12,12,13,13,13,13,12,14,12,12,2,15,12,12,12,12,12,13,12,15,16,12,12,12,12,12,12,12,15,9,9,9,17,12,12,12,12,18,19,20,12,12,12,9,12,12,12,12,12,12,12,12,12,12,21,21,12,12,12,12,10,22,22,22,22,22,10,10,8,8,8,8,8,8,8,8","0.00735807418823242","infomap","edit-xhwikibooks.graphml"
"0.05","0.29","0.66","0.323685055386727","1,1,2,2,3,4,3,5,4,6,3,7,8,5,9,4,6,3,10,7,11,12,13,8,14,9,15,16,17,18,19,20,21,7,10,22,23,5,11,11,11,11,12,12,12,12,11,12,12,12,11,11,11,11,11,12,12,12,12,11,13,11,11,8,14,11,11,11,11,11,12,11,15,14,11,11,11,11,11,11,11,15,16,16,16,17,11,11,11,11,18,19,20,11,11,11,4,11,11,11,11,11,11,11,11,11,11,21,21,11,11,11,11,22,22,10,10,10,22,10,10,23,23,23,23,23,23,23,23","0.00689482688903809","infomap","edit-xhwikibooks.graphml"
"0.04","0.3","0.66","0.313196469235325","1,2,1,1,3,4,3,4,5,6,3,7,8,8,5,9,6,3,10,7,2,11,12,13,8,14,5,15,16,17,18,19,20,21,10,22,23,5,2,2,2,2,11,11,11,11,2,11,11,11,2,2,2,2,2,11,11,11,11,2,12,2,2,13,5,2,2,2,2,2,11,2,8,14,2,2,2,2,2,2,2,8,15,15,15,16,2,2,2,2,17,18,19,2,2,2,9,2,2,2,2,2,2,2,2,2,2,20,20,21,2,2,2,22,10,10,22,10,22,22,22,23,23,23,23,23,23,23,23","0.00694108009338379","infomap","edit-xhwikibooks.graphml"
"0.03","0.31","0.66","0.309677712230725","1,2,1,3,4,3,4,5,3,6,7,4,5,8,9,10,6,7,11,12,2,13,14,15,16,8,17,18,19,20,21,22,12,23,24,11,9,8,2,2,2,2,13,13,13,13,2,13,13,13,2,2,2,2,2,13,13,13,13,2,14,2,2,15,16,2,2,2,2,2,13,2,16,16,2,2,2,2,2,2,2,17,18,18,18,19,2,2,2,2,20,21,22,2,2,2,10,2,2,2,2,2,2,2,2,2,2,12,12,23,2,2,2,24,24,11,11,11,11,24,11,9,9,9,9,9,9,9,9","0.0092160701751709","infomap","edit-xhwikibooks.graphml"
"0.02","0.32","0.66","0.318127964852054","1,1,2,2,2,3,4,3,5,6,4,7,8,9,5,10,6,4,4,7,11,12,13,8,14,15,9,10,16,17,18,19,20,21,22,23,24,5,11,11,11,11,12,12,12,12,11,12,12,12,11,11,11,11,11,12,12,12,12,11,13,11,11,3,14,11,11,11,11,11,12,11,15,9,11,11,11,11,11,11,11,9,10,10,10,16,11,11,11,11,17,18,19,11,11,11,10,11,11,11,11,11,11,11,11,11,11,20,20,21,11,11,11,22,22,23,23,23,22,22,22,24,24,24,24,24,24,24,24","0.00695300102233887","infomap","edit-xhwikibooks.graphml"
"0.01","0.33","0.66","0.313676546635853","1,1,2,2,2,3,4,5,5,6,7,4,8,5,9,3,6,10,7,11,12,13,14,8,8,15,3,16,17,6,10,18,19,11,9,20,21,5,12,12,12,12,13,13,13,13,12,13,13,13,12,12,12,12,12,13,13,13,13,12,14,12,12,5,3,12,12,12,12,12,13,12,15,3,12,12,12,12,12,12,12,8,16,16,16,17,12,12,12,12,6,10,18,12,12,12,3,12,12,12,12,12,12,12,12,12,12,19,19,12,12,12,12,20,9,9,20,9,9,9,9,21,21,21,21,21,21,21,21","0.00695180892944336","infomap","edit-xhwikibooks.graphml"
"0","0.34","0.66","0.313527653849153","1,2,3,3,1,4,5,2,4,6,5,7,2,8,9,4,6,10,11,7,7,1,12,8,8,13,9,14,15,6,10,16,17,7,18,11,19,9,7,7,7,7,1,1,1,1,7,1,1,1,7,7,7,7,7,1,1,1,1,7,12,7,7,8,9,7,7,7,7,7,1,7,13,9,7,7,7,7,7,7,7,9,14,14,14,15,7,7,7,7,6,10,16,7,7,7,4,7,7,7,7,7,7,7,7,7,7,17,17,7,7,7,7,18,18,18,18,11,11,11,18,19,9,9,19,19,19,9,9","0.00720095634460449","infomap","edit-xhwikibooks.graphml"
"0.33","0","0.67","0.322773815691674","1,1,2,3,2,3,4,3,5,6,7,4,8,8,5,9,6,7,10,11,12,13,14,15,16,8,17,18,19,20,21,22,11,23,24,10,25,5,12,12,12,12,13,13,13,13,12,13,13,13,12,12,12,12,12,13,13,13,13,12,14,12,12,15,16,12,12,12,12,12,13,12,16,17,12,12,12,12,12,12,12,17,18,18,18,19,12,12,12,12,20,21,22,12,12,12,9,12,12,12,12,12,12,12,12,12,12,11,11,23,12,12,12,24,5,24,10,10,24,24,10,25,25,25,25,25,25,25,25","0.00717997550964355","infomap","edit-xhwikibooks.graphml"
"0.32","0.01","0.67","0.325694276268797","1,2,3,3,4,1,4,5,1,6,7,4,8,5,9,10,6,7,7,11,12,2,13,9,14,15,8,10,16,17,18,19,11,20,21,22,23,9,12,12,12,12,2,2,2,2,12,2,2,2,12,12,12,12,12,2,2,2,2,12,13,12,12,9,14,12,12,12,12,12,2,12,8,15,12,12,12,12,12,12,12,8,10,10,10,16,12,12,12,12,17,18,19,12,12,12,10,12,12,12,12,12,12,12,12,12,12,11,11,20,12,12,12,21,21,22,22,21,22,22,22,23,23,23,23,23,23,23,23","0.00747990608215332","infomap","edit-xhwikibooks.graphml"
"0.31","0.02","0.67","0.325906787379559","1,1,2,2,2,3,4,3,5,6,7,4,3,8,5,9,6,7,7,10,11,12,13,14,5,15,8,16,17,18,19,20,21,10,22,23,24,8,11,11,11,11,12,12,12,12,11,12,12,12,11,11,11,11,11,12,12,12,12,11,13,11,11,14,15,11,11,11,11,11,12,11,15,5,11,11,11,11,11,11,11,5,16,16,16,17,11,11,11,11,18,19,20,11,11,11,9,11,11,11,11,11,11,11,11,11,11,21,21,11,11,11,11,22,22,22,22,23,22,22,22,24,24,24,24,24,24,24,24","0.00719499588012695","infomap","edit-xhwikibooks.graphml"
"0.3","0.03","0.67","0.311174484872534","1,1,1,2,3,2,3,4,5,6,7,8,9,4,5,2,6,7,10,8,11,12,13,9,14,15,16,17,18,19,20,21,22,23,10,24,25,5,11,11,11,11,12,12,12,12,11,12,12,12,11,11,11,11,11,12,12,12,12,11,13,11,11,9,14,11,11,11,11,11,12,11,16,15,11,11,11,11,11,11,11,16,17,17,17,18,11,11,11,11,19,20,21,11,11,11,2,11,11,11,11,11,11,11,11,11,11,8,22,23,11,11,11,24,10,24,24,24,5,24,5,25,25,25,25,25,25,25,25","0.00968813896179199","infomap","edit-xhwikibooks.graphml"
"0.29","0.04","0.67","0.315776149328952","1,2,1,3,4,3,4,2,5,6,7,8,2,5,9,10,6,7,7,8,11,12,13,9,14,15,5,16,17,18,19,20,21,22,23,24,25,5,11,11,11,11,12,12,12,12,11,12,12,12,11,11,11,11,11,12,12,12,12,11,13,11,11,2,14,11,11,11,11,11,12,11,5,15,11,11,11,11,11,11,11,15,16,16,16,17,11,11,11,11,18,19,20,11,11,11,10,11,11,11,11,11,11,11,11,11,11,21,21,22,11,11,11,24,24,23,23,24,23,23,24,25,25,25,25,25,25,25,25","0.00727486610412598","infomap","edit-xhwikibooks.graphml"
"0.28","0.05","0.67","0.31394452571435","1,2,1,3,4,3,4,2,5,6,7,4,8,8,5,9,6,7,7,10,11,12,13,14,15,8,16,9,17,18,19,20,10,21,22,5,23,5,11,11,11,11,12,12,12,12,11,12,12,12,11,11,11,11,11,12,12,12,12,11,13,11,11,14,15,11,11,11,11,11,12,11,15,15,11,11,11,11,11,11,11,16,9,9,9,17,11,11,11,11,18,19,20,11,11,11,9,11,11,11,11,11,11,11,11,11,11,10,10,21,11,11,11,22,22,5,5,5,22,5,22,23,23,23,23,23,23,23,23","0.00688815116882324","infomap","edit-xhwikibooks.graphml"
"0.27","0.06","0.67","0.305248554712869","1,2,1,1,3,4,3,4,4,5,6,3,4,7,8,9,5,6,6,10,2,11,12,13,14,15,16,17,18,19,20,21,10,22,23,7,24,8,2,2,2,2,11,11,11,11,2,11,11,11,2,2,2,2,2,11,11,11,11,2,12,2,2,13,14,2,2,2,2,2,11,2,15,14,2,2,2,2,2,2,2,16,17,17,17,18,2,2,2,2,19,20,21,2,2,2,9,2,2,2,2,2,2,2,2,2,2,10,10,22,2,2,2,23,23,7,23,23,23,23,23,24,24,24,24,24,24,24,24","0.00701999664306641","infomap","edit-xhwikibooks.graphml"
"0.26","0.07","0.67","0.311234515823696","1,2,1,3,1,3,4,5,3,6,7,4,5,8,9,10,6,7,7,11,12,2,13,14,15,16,9,10,17,18,19,20,21,11,22,23,24,8,12,12,12,12,2,2,2,2,12,2,2,2,12,12,12,12,12,2,2,2,2,12,13,12,12,14,15,12,12,12,12,12,2,12,15,16,12,12,12,12,12,12,12,15,10,10,10,17,12,12,12,12,18,19,20,12,12,12,10,12,12,12,12,12,12,12,12,12,12,21,21,11,12,12,12,22,23,22,22,8,22,22,22,24,24,24,24,24,24,24,24","0.00772404670715332","infomap","edit-xhwikibooks.graphml"
"0.25","0.08","0.67","-0.0474499744321162","1,2,1,1,3,4,3,5,6,7,8,9,5,10,6,4,7,8,8,9,11,2,12,13,14,10,15,16,17,18,19,20,21,22,23,6,24,10,22,22,22,11,2,2,2,2,22,2,2,2,22,22,22,22,22,2,2,2,2,22,12,22,22,13,14,22,22,22,22,11,2,22,10,14,22,22,22,22,22,22,22,15,16,16,16,17,11,22,22,22,18,19,20,11,11,22,4,22,22,11,22,22,22,22,22,22,22,21,21,22,22,22,22,23,6,23,6,23,23,23,23,24,24,24,24,24,24,24,24","0.00715303421020508","infomap","edit-xhwikibooks.graphml"
"0.24","0.09","0.67","0.307352913720273","1,2,1,3,4,3,4,2,5,6,7,4,8,5,9,3,6,7,7,10,11,12,13,8,14,15,16,17,18,19,20,21,10,22,23,24,25,9,11,11,11,11,12,12,12,12,11,12,12,12,11,11,11,11,11,12,12,12,12,11,13,11,11,2,14,11,11,11,11,11,12,11,15,16,11,11,11,11,11,11,11,16,17,17,17,18,11,11,11,11,19,20,21,11,11,11,3,11,11,11,11,11,11,11,11,11,11,10,10,22,11,11,11,24,24,23,24,24,24,24,23,25,25,25,25,25,25,25,25","0.00721216201782227","infomap","edit-xhwikibooks.graphml"
"0.23","0.1","0.67","0.312370533734743","1,2,1,1,3,4,3,2,5,6,7,3,8,5,9,4,6,7,7,10,11,12,13,8,14,15,5,16,17,18,19,20,21,10,22,23,24,9,11,11,11,11,12,12,12,12,11,12,12,12,11,11,11,11,11,12,12,12,12,11,13,11,11,2,14,11,11,11,11,11,12,11,15,5,11,11,11,11,11,11,11,5,16,16,16,17,11,11,11,11,18,19,20,11,11,11,4,11,11,11,11,11,11,11,11,11,11,21,21,11,11,11,11,23,23,22,23,23,22,23,22,24,24,24,24,24,24,24,24","0.00721311569213867","infomap","edit-xhwikibooks.graphml"
"0.22","0.11","0.67","0.312101461293064","1,1,2,3,2,3,4,5,6,7,8,4,5,9,6,10,7,8,8,11,12,13,14,6,15,9,16,17,18,19,20,21,11,22,23,24,25,9,12,12,12,12,13,13,13,13,12,13,13,13,12,12,12,12,12,13,13,13,13,12,14,12,12,6,15,12,12,12,12,12,13,12,9,15,12,12,12,12,12,12,12,16,17,17,17,18,12,12,12,12,19,20,21,12,12,12,10,12,12,12,12,12,12,12,12,12,12,11,11,22,12,12,12,24,23,23,24,23,23,23,24,25,25,25,25,25,25,25,25","0.00713396072387695","infomap","edit-xhwikibooks.graphml"
"0.21","0.12","0.67","0.312736488591358","1,1,2,2,3,4,3,4,5,6,7,3,8,5,9,10,6,7,7,11,12,13,14,8,9,15,16,17,18,19,20,21,22,11,23,24,25,9,12,12,12,12,13,13,13,13,12,13,13,13,12,12,12,12,12,13,13,13,13,12,14,12,12,8,16,12,12,12,12,12,13,12,9,15,12,12,12,12,12,12,12,16,17,17,17,18,12,12,12,12,19,20,21,12,12,12,10,12,12,12,12,12,12,12,12,12,12,22,22,11,12,12,12,23,23,24,23,23,24,24,23,25,25,25,25,25,25,25,25","0.007537841796875","infomap","edit-xhwikibooks.graphml"
"0.2","0.13","0.67","0.311915343300915","1,1,2,2,3,4,3,5,4,6,7,3,8,9,5,10,6,7,11,12,13,14,15,16,9,8,17,10,18,19,20,21,12,22,11,23,24,5,13,13,13,13,14,14,14,14,13,14,14,14,13,13,13,13,13,14,14,14,14,13,15,13,13,16,17,13,13,13,13,13,14,13,8,8,13,13,13,13,13,13,13,17,10,10,10,18,13,13,13,13,19,20,21,13,13,13,10,13,13,13,13,13,13,13,13,13,13,12,12,22,13,13,13,23,23,11,23,23,11,23,23,24,24,24,24,24,24,24,24","0.00698304176330566","infomap","edit-xhwikibooks.graphml"
"0.19","0.14","0.67","0.31397706488605","1,1,2,2,3,4,3,4,5,6,7,8,9,10,5,11,6,7,7,8,12,13,14,15,10,9,16,11,17,18,19,20,21,22,23,24,25,5,12,12,12,12,13,13,13,13,12,13,13,13,12,12,12,12,12,13,13,13,13,12,14,12,12,15,16,12,12,12,12,12,13,12,9,16,12,12,12,12,12,12,12,16,11,11,11,17,12,12,12,12,18,19,20,12,12,12,11,12,12,12,12,12,12,12,12,12,12,21,21,22,12,12,12,23,24,23,23,24,23,23,23,25,25,25,25,25,25,25,25","0.00980496406555176","infomap","edit-xhwikibooks.graphml"
"0.18","0.15","0.67","0.313725254071018","1,2,1,1,3,4,3,4,4,5,6,7,8,9,10,11,5,6,6,7,12,2,13,8,14,15,16,17,18,19,20,21,22,23,24,9,10,9,12,12,12,12,2,2,2,2,12,2,2,2,12,12,12,12,12,2,2,2,2,12,13,12,12,4,14,12,12,12,12,12,2,12,14,15,12,12,12,12,12,12,12,16,17,17,17,18,12,12,12,12,19,20,21,12,12,12,11,12,12,12,12,12,12,12,12,12,12,22,22,23,12,12,12,24,9,9,24,9,9,9,9,10,10,10,10,10,10,10,10","0.00945496559143066","infomap","edit-xhwikibooks.graphml"
"0.17","0.16","0.67","0.311753305288461","1,1,2,2,3,4,3,5,5,4,6,7,8,9,5,10,4,6,11,7,12,13,14,8,15,16,17,18,19,20,21,22,23,24,11,25,26,9,12,12,12,12,13,13,13,13,12,13,13,13,12,12,12,12,12,13,13,13,13,12,14,12,12,8,15,12,12,12,12,12,13,12,17,16,12,12,12,12,12,12,12,17,18,18,18,19,12,12,12,12,20,21,22,12,12,12,10,12,12,12,12,12,12,12,12,12,12,23,23,24,12,12,12,25,11,25,25,11,25,25,11,26,26,26,26,26,26,26,26","0.00857090950012207","infomap","edit-xhwikibooks.graphml"
"0.16","0.17","0.67","0.297658317248042","1,1,2,2,3,4,3,4,5,6,7,3,8,5,8,9,6,7,10,11,12,13,14,8,15,16,17,9,18,19,20,21,22,11,23,10,24,8,12,12,12,12,13,13,13,13,12,13,13,13,12,12,12,12,12,13,13,13,13,12,14,12,12,8,15,12,12,12,12,12,13,12,16,17,12,12,12,12,12,12,12,17,9,9,9,18,12,12,12,12,19,20,21,12,12,12,9,12,12,12,12,12,12,12,12,12,12,22,22,12,12,12,12,23,23,10,23,23,10,23,10,5,24,5,5,5,5,5,5","0.00695300102233887","infomap","edit-xhwikibooks.graphml"
"0.15","0.18","0.67","0.298038322855029","1,2,1,3,1,3,4,5,6,7,8,4,5,6,9,10,7,8,6,11,12,2,13,14,15,16,17,18,19,20,21,22,11,23,24,25,9,6,12,12,12,12,2,2,2,2,12,2,2,2,12,12,12,12,12,2,2,2,2,12,13,12,12,14,15,12,12,12,12,12,2,12,16,17,12,12,12,12,12,12,12,17,18,18,18,19,12,12,12,12,20,21,22,12,12,12,10,12,12,12,12,12,12,12,12,12,12,11,11,23,12,12,12,24,6,6,24,6,25,6,6,9,9,9,9,9,9,9,9","0.00697588920593262","infomap","edit-xhwikibooks.graphml"
"0.14","0.19","0.67","0.323518708084241","1,1,2,2,3,4,3,5,6,4,7,3,8,5,6,9,4,7,7,10,11,1,12,8,6,13,14,15,16,17,18,19,10,20,21,22,23,6,11,11,11,11,1,1,1,1,11,1,1,1,11,11,11,11,11,1,1,1,1,11,12,11,11,8,14,11,11,11,11,11,1,11,6,13,11,11,11,11,11,11,11,14,15,15,15,16,11,11,11,11,17,18,19,11,11,11,9,11,11,11,11,11,11,11,11,11,11,10,10,20,11,11,11,21,21,22,22,21,21,21,21,23,23,23,23,23,23,23,23","0.0070648193359375","infomap","edit-xhwikibooks.graphml"
"0.13","0.2","0.67","0.3181862914677","1,2,1,3,4,3,4,2,3,5,6,7,2,8,9,10,5,6,6,7,11,12,13,14,8,15,16,10,17,18,19,20,21,22,23,24,25,9,11,11,11,11,12,12,12,12,11,12,12,12,11,11,11,11,11,12,12,12,12,11,13,11,11,14,8,11,11,11,11,11,12,11,15,16,11,11,11,11,11,11,11,16,10,10,10,17,11,11,11,11,18,19,20,11,11,11,10,11,11,11,11,11,11,11,11,11,11,21,21,22,11,11,11,23,23,23,24,24,23,23,24,25,25,25,25,25,25,25,25","0.00720405578613281","infomap","edit-xhwikibooks.graphml"
"0.12","0.21","0.67","0.315216059843576","1,1,2,2,3,4,3,5,6,7,8,9,5,10,5,4,7,8,11,9,12,13,14,10,15,16,17,18,19,20,21,22,9,23,11,6,24,5,12,12,12,12,13,13,13,13,12,13,13,13,12,12,12,12,12,13,13,13,13,12,14,12,12,10,15,12,12,12,12,12,13,12,15,16,12,12,12,12,12,12,12,17,18,18,18,19,12,12,12,12,20,21,22,12,12,12,4,12,12,12,12,12,12,12,12,12,12,9,9,23,12,12,12,6,6,11,11,6,6,11,6,24,24,24,24,24,24,24,24","0.00719189643859863","infomap","edit-xhwikibooks.graphml"
"0.11","0.22","0.67","0.303010944367284","1,1,2,1,2,3,4,5,3,6,7,4,8,9,5,10,6,7,7,11,12,13,14,8,15,16,17,18,19,20,21,22,23,11,24,25,26,9,12,12,12,12,13,13,13,13,12,13,13,13,12,12,12,12,12,13,13,13,13,12,14,12,12,8,15,12,12,12,12,12,13,12,15,16,12,12,12,12,12,12,12,17,18,18,18,19,12,12,12,12,20,21,22,12,12,12,10,12,12,12,12,12,12,12,12,12,12,23,23,11,12,12,12,24,25,25,24,24,9,24,9,26,26,26,26,26,26,26,26","0.00697898864746094","infomap","edit-xhwikibooks.graphml"
"0.1","0.23","0.67","0.318561708011054","1,2,1,1,3,4,3,2,4,5,6,3,2,7,8,9,5,6,6,10,11,12,13,14,15,16,17,9,18,19,20,21,10,22,23,7,24,8,11,11,11,11,12,12,12,12,11,12,12,12,11,11,11,11,11,12,12,12,12,11,13,11,11,14,15,11,11,11,11,11,12,11,16,16,11,11,11,11,11,11,11,17,9,9,9,18,11,11,11,11,19,20,21,11,11,11,9,11,11,11,11,11,11,11,11,11,11,10,10,22,11,11,11,23,23,23,23,7,23,23,7,24,24,24,24,24,24,24,24","0.00743293762207031","infomap","edit-xhwikibooks.graphml"
"0.09","0.24","0.67","0.316636825464981","1,1,2,2,3,4,3,5,6,4,7,8,5,6,9,10,4,7,11,8,12,13,14,15,16,6,17,18,19,20,21,22,23,24,11,25,26,9,12,12,12,12,13,13,13,13,12,13,13,13,12,12,12,12,12,13,13,13,13,12,14,12,12,15,16,12,12,12,12,12,13,12,17,17,12,12,12,12,12,12,12,17,18,18,18,19,12,12,12,12,20,21,22,12,12,12,10,12,12,12,12,12,12,12,12,12,12,23,23,24,12,12,12,25,25,11,25,11,11,11,25,26,26,26,26,26,26,26,26","0.00700998306274414","infomap","edit-xhwikibooks.graphml"
"0.08","0.25","0.67","0.324509581250983","1,1,2,2,3,4,3,1,4,4,5,6,7,8,9,10,4,5,11,6,12,13,14,7,15,8,9,16,17,18,19,20,21,22,11,23,24,9,12,12,12,12,13,13,13,13,12,13,13,13,12,12,12,12,12,13,13,13,13,12,14,12,12,7,15,12,12,12,12,12,13,12,8,9,12,12,12,12,12,12,12,15,16,16,16,17,12,12,12,12,18,19,20,12,12,12,10,12,12,12,12,12,12,12,12,12,12,21,21,22,12,12,12,11,23,23,11,11,23,11,23,24,24,24,24,24,24,24,24","0.00964212417602539","infomap","edit-xhwikibooks.graphml"
"0.07","0.26","0.67","0.3186991827192","1,2,3,3,3,1,4,2,5,1,6,4,2,7,5,8,1,6,6,9,10,11,12,7,13,14,15,8,16,17,18,19,9,20,21,22,23,7,10,10,10,10,11,11,11,11,10,11,11,11,10,10,10,10,10,11,11,11,11,10,12,10,10,7,13,10,10,10,10,10,11,10,13,14,10,10,10,10,10,10,10,15,8,8,8,16,10,10,10,10,17,18,19,10,10,10,8,10,10,10,10,10,10,10,10,10,10,9,9,20,10,10,10,21,22,22,21,22,22,22,22,23,23,23,23,23,23,23,23","0.00719785690307617","infomap","edit-xhwikibooks.graphml"
"0.06","0.27","0.67","0.323574885821713","1,1,2,2,3,4,3,5,6,4,7,8,5,9,6,10,4,7,7,8,11,12,13,14,9,6,15,10,16,17,18,19,20,21,22,23,24,9,11,11,11,11,12,12,12,12,11,12,12,12,11,11,11,11,11,12,12,12,12,11,13,11,11,14,15,11,11,11,11,11,12,11,9,9,11,11,11,11,11,11,11,15,10,10,10,16,11,11,11,11,17,18,19,11,11,11,10,11,11,11,11,11,11,11,11,11,11,20,20,21,11,11,11,23,22,22,23,23,22,22,22,24,24,24,24,24,24,24,24","0.00723099708557129","infomap","edit-xhwikibooks.graphml"
"0.05","0.28","0.67","0.317441518907435","1,2,3,3,4,1,4,1,1,5,6,7,8,9,10,11,5,6,6,7,12,2,13,8,14,15,16,17,18,19,20,21,22,23,24,25,9,10,12,12,12,12,2,2,2,2,12,2,2,2,12,12,12,12,12,2,2,2,2,12,13,12,12,8,14,12,12,12,12,12,2,12,14,15,12,12,12,12,12,12,12,16,17,17,17,18,12,12,12,12,19,20,21,12,12,12,11,12,12,12,12,12,12,12,12,12,12,22,22,23,12,12,12,25,25,24,25,25,25,24,24,9,9,9,9,9,9,9,9","0.00701689720153809","infomap","edit-xhwikibooks.graphml"
"0.04","0.29","0.67","0.29786140722423","1,2,1,1,3,4,3,2,5,4,6,7,2,8,2,5,4,6,6,7,9,10,11,12,13,14,14,15,16,17,18,19,7,20,21,22,23,8,9,9,9,9,10,10,10,10,9,10,10,10,9,9,9,9,9,10,10,10,10,9,11,9,9,12,13,9,9,9,9,9,10,9,14,14,9,9,9,9,9,9,9,14,15,15,15,16,9,9,9,9,17,18,19,9,9,9,5,9,9,9,9,9,9,9,9,9,9,7,7,20,9,9,9,21,21,22,22,22,21,22,22,23,8,8,8,8,8,8,8","0.00704598426818848","infomap","edit-xhwikibooks.graphml"
"0.03","0.3","0.67","0.320167398574934","1,1,2,2,2,3,4,5,6,3,7,4,5,8,9,10,3,7,7,11,12,13,14,15,9,16,17,10,18,19,20,21,22,11,23,6,24,8,12,12,12,12,13,13,13,13,12,13,13,13,12,12,12,12,12,13,13,13,13,12,14,12,12,15,16,12,12,12,12,12,13,12,16,17,12,12,12,12,12,12,12,17,10,10,10,18,12,12,12,12,19,20,21,12,12,12,10,12,12,12,12,12,12,12,12,12,12,22,22,11,12,12,12,23,6,6,23,6,23,23,23,24,24,24,24,24,24,24,24","0.00704002380371094","infomap","edit-xhwikibooks.graphml"
"0.02","0.31","0.67","0.3189022683549","1,1,2,2,2,3,4,5,6,7,4,8,5,6,9,3,7,4,10,8,11,12,13,14,15,16,17,18,19,20,21,22,23,24,25,10,26,9,11,11,11,11,12,12,12,12,11,12,12,12,11,11,11,11,11,12,12,12,12,11,13,11,11,14,15,11,11,11,11,11,12,11,17,16,11,11,11,11,11,11,11,17,18,18,18,19,11,11,11,11,20,21,22,11,11,11,3,11,11,11,11,11,11,11,11,11,11,23,23,24,11,11,11,25,25,10,10,10,25,25,25,26,26,26,26,26,26,26,26","0.00721287727355957","infomap","edit-xhwikibooks.graphml"
"0.01","0.32","0.67","0.318269481531281","1,1,2,2,2,3,4,5,3,6,7,4,5,8,9,10,6,7,7,11,12,13,14,15,16,17,18,19,20,21,22,23,11,24,9,8,25,9,12,12,12,12,13,13,13,13,12,13,13,13,12,12,12,12,12,13,13,13,13,12,14,12,12,15,16,12,12,12,12,12,13,12,17,17,12,12,12,12,12,12,12,18,19,19,19,20,12,12,12,12,21,22,23,12,12,12,10,12,12,12,12,12,12,12,12,12,12,11,11,24,12,12,12,9,9,8,8,9,8,8,9,25,25,25,25,25,25,25,25","0.00700807571411133","infomap","edit-xhwikibooks.graphml"
"0","0.33","0.67","0.327367810867336","1,2,1,1,3,4,3,5,6,4,3,7,5,6,8,4,4,3,9,7,10,2,11,12,13,14,8,15,16,17,18,19,7,20,21,9,22,8,10,10,10,10,2,2,2,2,10,2,2,2,10,10,10,10,10,2,2,2,2,10,11,10,10,12,13,10,10,10,10,10,2,10,13,14,10,10,10,10,10,10,10,14,15,15,15,16,10,10,10,10,17,18,19,10,10,10,4,10,10,10,10,10,10,10,10,10,10,7,7,20,10,10,10,21,21,21,9,21,9,9,9,22,22,22,22,22,22,22,22","0.00961112976074219","infomap","edit-xhwikibooks.graphml"
"0.32","0","0.68","0.326207053099757","1,1,2,2,3,4,3,5,4,6,3,7,5,8,9,10,6,3,3,7,11,12,13,14,15,9,8,16,17,18,19,20,21,22,23,24,25,8,11,11,11,11,12,12,12,12,11,12,12,12,11,11,11,11,11,12,12,12,12,11,13,11,11,14,15,11,11,11,11,11,12,11,9,15,11,11,11,11,11,11,11,8,16,16,16,17,11,11,11,11,18,19,20,11,11,11,10,11,11,11,11,11,11,11,11,11,11,21,21,22,11,11,11,23,23,24,23,24,24,23,23,25,25,25,25,25,25,25,25","0.00755500793457031","infomap","edit-xhwikibooks.graphml"
"0.31","0.01","0.68","0.322312463795827","1,2,1,1,3,4,3,2,4,5,6,7,2,8,9,10,5,6,6,11,12,13,14,9,15,16,17,18,19,20,21,22,11,7,23,8,24,9,12,12,12,12,13,13,13,13,12,13,13,13,12,12,12,12,12,13,13,13,13,12,14,12,12,9,15,12,12,12,12,12,13,12,17,16,12,12,12,12,12,12,12,17,18,18,18,19,12,12,12,12,20,21,22,12,12,12,10,12,12,12,12,12,12,12,12,12,12,11,11,7,12,12,12,8,23,8,8,23,23,23,23,24,24,24,24,24,24,24,24","0.00709891319274902","infomap","edit-xhwikibooks.graphml"
"0.3","0.02","0.68","-0.111215597114857","1,2,3,3,4,1,4,1,5,6,4,7,1,8,5,9,6,4,10,7,11,2,12,13,8,14,15,16,17,18,19,20,21,22,23,10,24,15,22,22,22,22,2,2,2,2,22,2,2,2,22,22,22,22,22,2,2,2,2,22,12,22,22,13,15,22,11,22,22,22,2,22,8,14,22,22,22,22,22,22,22,15,16,16,16,17,22,22,22,22,18,19,20,22,22,22,9,22,22,22,22,22,22,22,22,22,22,21,21,22,22,22,22,10,23,10,10,10,10,10,23,24,24,24,24,24,24,24,24","0.00966310501098633","infomap","edit-xhwikibooks.graphml"
"0.29","0.03","0.68","0.313572615813312","1,1,2,2,1,3,4,3,5,6,4,7,8,9,5,10,6,4,11,7,12,13,14,8,15,16,9,10,17,18,19,20,7,21,22,11,23,5,12,12,12,12,13,13,13,13,12,13,13,13,12,12,12,12,12,13,13,13,13,12,14,12,12,8,15,12,12,12,12,12,13,12,16,16,12,12,12,12,12,12,12,16,10,10,10,17,12,12,12,12,18,19,20,12,12,12,10,12,12,12,12,12,12,12,12,12,12,7,7,21,12,12,12,11,11,11,22,11,22,22,22,5,23,5,5,5,5,23,23","0.00707387924194336","infomap","edit-xhwikibooks.graphml"
"0.28","0.04","0.68","0.326656073097888","1,2,1,1,1,3,4,2,3,5,4,6,7,8,9,3,5,4,10,6,11,12,13,7,14,15,16,17,18,19,20,21,6,22,23,10,9,8,11,11,11,11,12,12,12,12,11,12,12,12,11,11,11,11,11,12,12,12,12,11,13,11,11,7,14,11,11,11,11,11,12,11,14,15,11,11,11,11,11,11,11,16,17,17,17,18,11,11,11,11,19,20,21,11,11,11,3,11,11,11,11,11,11,11,11,11,11,6,6,22,11,11,11,23,10,10,10,10,10,23,10,9,9,9,9,9,9,9,9","0.00950312614440918","infomap","edit-xhwikibooks.graphml"
"0.27","0.05","0.68","0.313686361416716","1,1,2,2,2,3,4,5,3,6,7,4,8,9,5,10,6,7,11,12,13,14,15,16,17,18,8,19,20,21,22,23,24,12,11,25,26,9,13,13,13,13,14,14,14,14,13,14,14,14,13,13,13,13,13,14,14,14,14,13,15,13,13,16,17,13,13,13,13,13,14,13,18,17,13,13,13,13,13,13,13,8,19,19,19,20,13,13,13,13,21,22,23,13,13,13,10,13,13,13,13,13,13,13,13,13,13,24,24,12,13,13,13,25,11,25,25,25,11,25,11,26,26,26,26,26,26,26,26","0.0100529193878174","infomap","edit-xhwikibooks.graphml"
"0.26","0.06","0.68","0.322157642175465","1,2,1,3,4,3,4,5,6,7,8,4,5,6,9,10,7,8,8,11,12,13,14,2,15,16,17,10,18,19,20,21,22,11,23,24,9,9,12,12,12,12,13,13,13,13,12,13,13,13,12,12,12,12,12,13,13,13,13,12,14,12,12,2,15,12,12,12,12,12,13,12,16,16,12,12,12,12,12,12,12,17,10,10,10,18,12,12,12,12,19,20,21,12,12,12,10,12,12,12,12,12,12,12,12,12,12,22,22,11,12,12,12,23,23,23,23,24,23,24,23,9,9,9,9,9,9,9,9","0.00926899909973145","infomap","edit-xhwikibooks.graphml"
"0.25","0.07","0.68","0.327882059730379","1,1,2,2,3,4,3,4,5,6,7,8,9,10,5,11,6,7,12,8,13,14,15,16,9,10,17,18,19,20,21,22,8,13,12,23,5,5,13,13,13,13,14,14,14,14,13,14,14,14,13,13,13,13,13,14,14,14,14,13,15,13,13,16,9,13,13,13,13,13,14,13,9,9,13,13,13,13,13,13,13,17,18,18,18,19,13,13,13,13,20,21,22,13,13,13,11,13,13,13,13,13,13,13,13,13,13,8,8,13,13,13,13,12,12,12,23,23,23,12,23,5,5,5,5,5,5,5,5","0.00724887847900391","infomap","edit-xhwikibooks.graphml"
"0.24","0.08","0.68","0.320074379681862","1,1,2,3,2,3,4,5,3,3,6,4,5,7,8,9,3,6,7,10,11,12,13,14,8,15,16,17,18,19,20,21,10,22,23,7,24,24,11,11,11,11,12,12,12,12,11,12,12,12,11,11,11,11,11,12,12,12,12,11,13,11,11,14,16,11,11,11,11,11,12,11,8,15,11,11,11,11,11,11,11,16,17,17,17,18,11,11,11,11,19,20,21,11,11,11,9,11,11,11,11,11,11,11,11,11,11,10,10,22,11,11,11,23,23,7,23,23,7,7,7,24,24,24,24,24,24,24,24","0.00707697868347168","infomap","edit-xhwikibooks.graphml"
"0.23","0.09","0.68","0.324800027471899","1,1,1,2,3,2,3,4,5,6,7,8,4,4,5,9,6,7,10,8,11,12,13,14,15,16,5,17,18,19,20,21,22,23,10,24,25,4,11,11,11,11,12,12,12,12,11,12,12,12,11,11,11,11,11,12,12,12,12,11,13,11,11,14,15,11,11,11,11,11,12,11,16,16,11,11,11,11,11,11,11,5,17,17,17,18,11,11,11,11,19,20,21,11,11,11,9,11,11,11,11,11,11,11,11,11,11,22,22,23,11,11,11,10,10,10,10,24,24,10,10,25,25,25,25,25,25,25,25","0.00713586807250977","infomap","edit-xhwikibooks.graphml"
"0.22","0.1","0.68","0.30192806941233","1,2,3,1,3,1,4,2,1,5,6,4,7,2,8,9,5,6,10,4,11,12,13,7,14,15,16,9,17,18,19,20,21,22,10,23,24,8,11,11,11,11,12,12,12,12,11,12,12,12,11,11,11,11,11,12,12,12,12,11,13,11,11,7,14,11,11,11,11,11,12,11,15,14,11,11,11,11,11,11,11,16,9,9,9,17,11,11,11,11,18,19,20,11,11,11,9,11,11,11,11,11,11,11,11,11,11,21,21,22,11,11,11,10,10,23,23,10,23,23,10,8,8,8,8,8,8,24,8","0.0069739818572998","infomap","edit-xhwikibooks.graphml"
"0.21","0.11","0.68","0.321066504831297","1,1,2,2,3,4,3,4,5,6,7,3,8,5,9,10,6,7,9,11,12,13,14,8,15,16,17,18,19,20,21,22,11,23,24,9,25,5,12,12,12,12,13,13,13,13,12,13,13,13,12,12,12,12,12,13,13,13,13,12,14,12,12,4,15,12,12,12,12,12,13,12,15,16,12,12,12,12,12,12,12,17,18,18,18,19,12,12,12,12,20,21,22,12,12,12,10,12,12,12,12,12,12,12,12,12,12,11,11,23,12,12,12,24,24,24,24,24,9,24,24,25,25,25,25,25,25,25,25","0.00723695755004883","infomap","edit-xhwikibooks.graphml"
"0.2","0.12","0.68","0.310753697515711","1,2,1,3,1,3,4,5,6,7,8,4,5,6,9,10,7,8,8,11,2,12,13,9,14,15,16,17,18,19,20,21,11,22,23,24,25,9,2,2,2,2,12,12,12,12,2,12,12,12,2,2,2,2,2,12,12,12,12,2,13,2,2,5,14,2,2,2,2,2,12,2,14,15,2,2,2,2,2,2,2,16,17,17,17,18,2,2,2,2,19,20,21,2,2,2,10,2,2,2,2,2,2,2,2,2,2,11,11,22,2,2,2,23,24,24,23,24,23,23,23,25,25,25,25,25,25,25,25","0.00720596313476562","infomap","edit-xhwikibooks.graphml"
"0.19","0.13","0.68","0.320557712990862","1,2,1,2,3,4,3,5,6,4,7,8,5,6,9,10,4,7,7,8,11,2,12,13,14,9,15,16,17,18,19,20,21,22,23,6,24,6,11,11,11,11,2,2,2,2,11,2,2,2,11,11,11,11,11,2,2,2,2,11,12,11,11,13,14,11,11,11,11,11,2,11,9,15,11,11,11,11,11,11,11,15,16,16,16,17,11,11,11,11,18,19,20,11,11,11,10,11,11,11,11,11,11,11,11,11,11,21,21,22,11,11,11,6,23,23,23,6,6,6,6,24,24,24,24,24,24,24,24","0.0069279670715332","infomap","edit-xhwikibooks.graphml"
"0.18","0.14","0.68","0.321452030918028","1,1,2,2,3,4,3,5,6,4,7,3,5,8,6,9,4,7,10,11,12,13,14,15,16,17,18,19,20,21,22,23,24,11,25,10,26,8,12,12,12,12,13,13,13,13,12,13,13,13,12,12,12,12,12,13,13,13,13,12,14,12,12,15,16,12,12,12,12,12,13,12,16,17,12,12,12,12,12,12,12,18,19,19,19,20,12,12,12,12,21,22,23,12,12,12,9,12,12,12,12,12,12,12,12,12,12,24,24,12,12,12,12,25,25,10,25,25,25,10,10,26,26,26,26,26,26,26,26","0.00721192359924316","infomap","edit-xhwikibooks.graphml"
"0.17","0.15","0.68","0.322608303700197","1,2,1,3,4,3,4,2,5,5,6,4,7,7,8,5,5,6,6,9,10,11,12,13,8,7,14,15,16,17,18,19,9,20,21,22,23,7,10,10,10,10,11,11,11,11,10,11,11,11,10,10,10,10,10,11,11,11,11,10,12,10,10,13,7,10,10,10,10,10,11,10,14,8,10,10,10,10,10,10,10,14,15,15,15,16,10,10,10,10,17,18,19,10,10,10,5,10,10,10,10,10,10,10,10,10,10,9,9,20,10,10,10,21,21,21,21,21,22,21,21,23,23,23,23,23,23,23,23","0.00713396072387695","infomap","edit-xhwikibooks.graphml"
"0.16","0.16","0.68","0.327550654239717","1,2,1,3,4,3,4,5,6,3,7,4,5,8,6,9,3,7,10,11,12,2,13,8,14,15,16,9,17,18,19,20,21,11,22,10,23,8,12,12,12,12,2,2,2,2,12,2,2,2,12,12,12,12,12,2,2,2,2,12,13,12,12,8,14,12,12,12,12,12,2,12,16,15,12,12,12,12,12,12,12,16,9,9,9,17,12,12,12,12,18,19,20,12,12,12,9,12,12,12,12,12,12,12,12,12,12,21,21,11,12,12,12,10,22,10,10,22,22,22,10,23,23,23,23,23,23,23,23","0.00713300704956055","infomap","edit-xhwikibooks.graphml"
"0.15","0.17","0.68","0.313708669802276","1,1,2,2,2,3,4,5,3,6,4,7,5,8,9,10,6,4,11,7,12,13,14,15,16,17,18,19,20,21,22,23,7,24,11,8,25,9,12,12,12,12,13,13,13,13,12,13,13,13,12,12,12,12,12,13,13,13,13,12,14,12,12,15,16,12,12,12,12,12,13,12,18,17,12,12,12,12,12,12,12,18,19,19,19,20,12,12,12,12,21,22,23,12,12,12,10,12,12,12,12,12,12,12,12,12,12,7,7,24,12,12,12,11,8,8,11,8,8,11,11,25,25,25,25,25,25,25,25","0.00710391998291016","infomap","edit-xhwikibooks.graphml"
"0.14","0.18","0.68","0.323662129353564","1,2,1,3,4,3,4,5,3,6,7,8,5,9,10,11,6,7,10,8,12,2,13,14,15,9,16,17,18,19,20,21,22,8,23,10,24,9,12,12,12,12,2,2,2,2,12,2,2,2,12,12,12,12,12,2,2,2,2,12,13,12,12,14,15,12,12,12,12,12,2,12,15,15,12,12,12,12,12,12,12,16,17,17,17,18,12,12,12,12,19,20,21,12,12,12,11,12,12,12,12,12,12,12,12,12,12,22,22,12,12,12,12,23,23,23,23,23,10,23,23,24,24,24,24,24,24,24,24","0.0075080394744873","infomap","edit-xhwikibooks.graphml"
"0.13","0.19","0.68","-0.114798627021802","1,1,2,3,2,3,2,4,5,6,7,8,9,4,5,10,6,7,11,8,12,13,14,9,15,16,17,18,19,20,21,22,23,24,11,5,25,5,24,24,24,24,13,13,13,13,24,13,13,13,24,24,24,24,24,13,13,13,13,24,14,24,24,9,15,24,24,24,24,24,13,24,17,16,24,24,24,24,24,24,24,17,18,18,18,19,24,24,24,24,20,21,22,24,24,24,10,24,24,24,12,24,24,24,24,24,24,23,23,24,24,24,24,11,11,11,5,11,5,5,11,25,25,25,25,25,25,25,25","0.00713396072387695","infomap","edit-xhwikibooks.graphml"
"0.12","0.2","0.68","0.322442477672538","1,2,1,2,1,3,4,3,3,5,6,4,7,7,8,9,5,6,6,10,11,2,12,13,7,8,14,15,16,17,18,19,10,11,20,21,22,7,11,11,11,11,2,2,2,2,11,2,2,2,11,11,11,11,11,2,2,2,2,11,12,11,11,13,7,11,11,11,11,11,2,11,7,14,11,11,11,11,11,11,11,14,15,15,15,16,11,11,11,11,17,18,19,11,11,11,9,11,11,11,11,11,11,11,11,11,11,10,10,11,11,11,11,21,20,20,21,20,20,20,21,22,22,22,22,22,22,22,22","0.00713491439819336","infomap","edit-xhwikibooks.graphml"
"0.11","0.21","0.68","0.294812974962518","1,2,1,3,4,3,4,2,5,3,6,7,8,5,9,10,3,6,6,7,11,12,13,8,14,15,16,17,18,19,20,21,7,22,23,5,24,9,11,11,11,11,12,12,12,12,11,12,12,12,11,11,11,11,11,12,12,12,12,11,13,11,11,8,14,11,11,11,11,11,12,11,16,15,11,11,11,11,11,11,11,16,17,17,17,18,11,11,11,11,19,20,21,11,11,11,10,11,11,11,11,11,11,11,11,11,11,7,7,22,11,11,11,23,5,9,9,9,9,5,9,24,24,24,24,24,24,24,24","0.00711393356323242","infomap","edit-xhwikibooks.graphml"
"0.1","0.22","0.68","0.311892895980968","1,1,2,2,3,4,3,4,5,6,7,3,8,5,9,10,6,7,7,11,12,13,14,15,8,16,9,17,18,19,20,21,22,11,23,24,25,5,12,12,12,12,13,13,13,13,12,13,13,13,12,12,12,12,12,13,13,13,13,12,14,12,12,15,8,12,12,12,12,12,13,12,16,16,12,12,12,12,12,12,12,16,17,17,17,18,12,12,12,12,19,20,21,12,12,12,10,12,12,12,12,12,12,12,12,12,12,22,22,11,12,12,12,23,23,24,24,23,24,24,24,25,25,25,25,25,25,25,25","0.00711798667907715","infomap","edit-xhwikibooks.graphml"
"0.09","0.23","0.68","0.317841913270199","1,2,1,3,4,3,4,2,5,6,7,8,9,5,10,11,6,7,12,8,13,14,15,9,16,16,5,11,17,18,19,20,21,22,23,12,24,10,13,13,13,13,14,14,14,14,13,14,14,14,13,13,13,13,13,14,14,14,14,13,15,13,13,9,5,13,13,13,13,13,14,13,16,5,13,13,13,13,13,13,13,16,11,11,11,17,13,13,13,13,18,19,20,13,13,13,11,13,13,13,13,13,13,13,13,13,13,21,21,22,13,13,13,23,23,23,23,12,12,12,23,24,24,24,24,24,24,24,24","0.0069580078125","infomap","edit-xhwikibooks.graphml"
"0.08","0.24","0.68","0.317044252649893","1,1,2,2,3,4,3,5,4,6,7,8,9,10,5,11,6,7,7,8,12,13,14,9,15,16,17,18,19,20,21,22,8,12,23,10,24,5,12,12,12,12,13,13,13,13,12,13,13,13,12,12,12,12,12,13,13,13,13,12,14,12,12,5,15,12,12,12,12,12,13,12,16,16,12,12,12,12,12,12,12,17,18,18,18,19,12,12,12,12,20,21,22,12,12,12,11,12,12,12,12,12,12,12,12,12,12,8,8,12,12,12,12,10,23,23,23,23,10,23,10,24,24,24,24,24,24,24,24","0.00713992118835449","infomap","edit-xhwikibooks.graphml"
"0.07","0.25","0.68","0.318828001777033","1,2,1,1,1,3,4,2,5,6,4,7,8,5,9,3,6,4,10,7,11,12,13,8,14,15,14,16,17,18,19,20,21,22,23,10,9,5,11,11,11,11,12,12,12,12,11,12,12,12,11,11,11,11,11,12,12,12,12,11,13,11,11,2,14,11,11,11,11,11,12,11,14,15,11,11,11,11,11,11,11,15,16,16,16,17,11,11,11,11,18,19,20,11,11,11,3,11,11,11,11,11,11,11,11,11,11,21,21,22,11,11,11,10,10,23,23,10,23,10,10,9,9,9,9,9,9,9,9","0.00715184211730957","infomap","edit-xhwikibooks.graphml"
"0.06","0.26","0.68","0.319295408083678","1,2,3,3,4,1,4,5,1,6,7,8,5,9,10,11,6,7,7,8,12,2,13,14,15,16,17,18,19,20,21,22,8,23,24,25,10,9,12,12,12,12,2,2,2,2,12,2,2,2,12,12,12,12,12,2,2,2,2,12,13,12,12,14,15,12,12,12,12,12,2,12,16,17,12,12,12,12,12,12,12,17,18,18,18,19,12,12,12,12,20,21,22,12,12,12,11,12,12,12,12,12,12,12,12,12,12,8,8,23,12,12,12,25,25,24,24,25,25,24,24,10,10,10,10,10,10,10,10","0.00714015960693359","infomap","edit-xhwikibooks.graphml"
"0.05","0.27","0.68","0.317711336800314","1,2,1,1,1,3,4,3,5,6,7,4,2,8,5,9,6,7,7,10,11,12,13,2,8,14,15,16,17,18,19,20,21,10,22,23,24,8,11,11,11,11,12,12,12,12,11,12,12,12,11,11,11,11,11,12,12,12,12,11,13,11,11,2,14,11,11,11,11,11,12,11,14,15,11,11,11,11,11,11,11,15,9,16,16,17,11,11,11,11,18,19,20,11,11,11,9,11,11,11,11,11,11,11,11,11,11,21,21,11,11,11,11,23,23,23,23,23,22,23,22,24,24,24,24,24,24,24,24","0.00924897193908691","infomap","edit-xhwikibooks.graphml"
"0.04","0.28","0.68","0.316969390988287","1,1,2,2,3,4,3,4,4,5,6,7,8,9,10,11,5,6,10,7,12,13,14,8,15,16,17,18,19,20,21,22,23,24,10,9,25,9,12,12,12,12,13,13,13,13,12,13,13,13,12,12,12,12,12,13,13,13,13,12,14,12,12,8,15,12,12,12,12,12,13,12,16,16,12,12,12,12,12,12,12,17,18,18,18,19,12,12,12,12,20,21,22,12,12,12,11,12,12,12,12,12,12,12,12,12,12,23,23,24,12,12,12,10,10,10,9,9,9,9,9,25,25,25,25,25,25,25,25","0.00720500946044922","infomap","edit-xhwikibooks.graphml"
"0.03","0.29","0.68","0.32459269393612","1,2,1,1,3,4,3,2,4,4,5,6,7,8,9,10,4,5,11,6,12,13,14,15,16,7,8,17,18,19,20,21,22,23,11,24,9,9,12,12,12,12,13,13,13,13,12,13,13,13,12,12,12,12,12,13,13,13,13,12,14,12,12,15,16,12,12,12,12,12,13,12,7,7,12,12,12,12,12,12,12,7,17,17,17,18,12,12,12,12,19,20,21,12,12,12,10,12,12,12,12,12,12,12,12,12,12,22,22,23,12,12,12,24,11,11,11,24,24,11,24,9,9,9,9,9,9,9,9","0.00711798667907715","infomap","edit-xhwikibooks.graphml"
"0.02","0.3","0.68","0.321773271194046","1,1,2,1,2,3,4,5,3,3,6,4,5,7,8,9,3,6,6,10,11,12,13,14,15,16,16,17,18,19,20,21,22,10,23,7,8,7,11,11,11,11,12,12,12,12,11,12,12,12,11,11,11,11,11,12,12,12,12,11,13,11,11,14,15,11,11,11,11,11,12,11,16,15,11,11,11,11,11,11,11,16,17,17,17,18,11,11,11,11,19,20,21,11,11,11,9,11,11,11,11,11,11,11,11,11,11,22,22,10,11,11,11,23,7,23,23,7,23,23,7,8,8,8,8,8,8,8,8","0.00727295875549316","infomap","edit-xhwikibooks.graphml"
"0.01","0.31","0.68","0.327727551020408","1,2,1,1,3,4,3,2,4,4,5,3,2,6,7,8,4,5,9,10,11,12,13,6,7,14,15,8,16,17,18,19,20,10,21,9,22,22,11,11,11,11,12,12,12,12,11,12,12,12,11,11,11,11,11,12,12,12,12,11,13,11,11,2,7,11,11,11,11,11,12,11,14,7,11,11,11,11,11,11,11,15,8,8,8,16,11,11,11,11,17,18,19,11,11,11,8,11,11,11,11,11,11,11,11,11,11,20,20,11,11,11,11,21,9,21,9,9,21,21,21,22,22,22,22,22,22,22,22","0.00742721557617188","infomap","edit-xhwikibooks.graphml"
"0","0.32","0.68","0.33749030079682","1,2,1,3,1,3,4,3,5,3,4,4,6,7,5,8,3,4,9,10,11,2,12,6,13,14,7,8,15,16,17,18,10,19,9,20,5,5,11,11,11,11,2,2,2,2,11,2,2,2,11,11,11,11,11,2,2,2,2,11,12,11,11,6,13,11,11,11,11,11,2,11,7,14,11,11,11,11,11,11,11,7,8,8,8,15,11,11,11,11,16,17,18,11,11,11,8,11,11,11,11,11,11,11,11,11,11,10,10,19,11,11,11,20,20,9,9,9,9,20,9,5,5,5,5,5,5,5,5","0.00773501396179199","infomap","edit-xhwikibooks.graphml"
"0.31","0","0.69","0.320775662520281","1,2,1,1,3,4,3,2,5,6,7,3,8,5,9,4,6,7,10,11,12,13,14,8,15,9,5,16,17,18,19,20,11,21,22,10,23,5,12,12,12,12,13,13,13,13,12,13,13,13,12,12,12,12,12,13,13,13,13,12,14,12,12,2,15,12,12,12,12,12,13,12,5,15,12,12,12,12,12,12,12,15,16,16,16,17,12,12,12,12,18,19,20,12,12,12,4,12,12,12,12,12,12,12,12,12,12,11,11,21,12,12,12,10,10,22,22,10,22,22,10,23,23,23,23,23,23,23,23","0.00730586051940918","infomap","edit-xhwikibooks.graphml"
"0.3","0.01","0.69","0.320476365603029","1,2,1,1,1,3,4,3,3,5,4,6,3,7,8,9,5,4,10,6,2,11,12,13,14,15,7,16,17,18,19,20,21,6,22,10,8,13,2,2,2,2,11,11,11,11,2,11,11,11,2,2,2,2,2,11,11,11,11,2,12,2,2,13,14,2,2,2,2,2,11,2,15,7,2,2,2,2,2,2,2,7,16,16,16,17,2,2,2,2,18,19,20,2,2,2,9,2,2,2,2,2,2,2,2,2,2,21,21,2,2,2,2,22,10,22,22,10,10,10,22,8,8,8,8,8,8,8,8","0.00724697113037109","infomap","edit-xhwikibooks.graphml"
"0.29","0.02","0.69","0.325155219037317","1,2,1,1,3,4,3,5,4,4,6,3,7,8,5,4,4,6,6,9,10,2,11,7,8,12,13,14,15,16,17,18,9,19,20,21,22,5,10,10,10,10,2,2,2,2,10,2,2,2,10,10,10,10,10,2,2,2,2,10,11,10,10,7,8,10,10,10,10,10,2,10,12,13,10,10,10,10,10,10,10,13,14,14,14,15,10,10,10,10,16,17,18,10,10,10,4,10,10,10,10,10,10,10,10,10,10,9,9,19,10,10,10,21,21,20,21,20,20,21,21,22,22,22,22,22,22,22,22","0.00741386413574219","infomap","edit-xhwikibooks.graphml"
"0.28","0.03","0.69","0.315671238075725","1,2,1,3,1,3,4,5,3,3,4,4,5,6,7,8,3,4,9,10,2,11,12,13,7,6,14,15,16,17,18,19,10,20,21,9,22,13,2,2,2,2,11,11,11,11,2,11,11,11,2,2,2,2,2,11,11,11,11,2,12,2,2,13,6,2,2,2,2,2,11,2,14,14,2,2,2,2,2,2,2,14,15,15,15,16,2,2,2,2,17,18,19,2,2,2,8,2,2,2,2,2,2,2,2,2,2,10,10,20,2,2,2,9,9,9,21,21,9,21,21,22,22,22,22,22,22,22,22","0.00724291801452637","infomap","edit-xhwikibooks.graphml"
"0.27","0.04","0.69","0.323059604249243","1,1,2,2,2,3,4,5,3,3,6,4,5,7,8,9,3,6,6,10,11,12,13,14,15,7,16,9,17,18,19,20,10,21,22,8,23,7,11,11,11,11,12,12,12,12,11,12,12,12,11,11,11,11,11,12,12,12,12,11,13,11,11,14,15,11,11,11,11,11,12,11,16,15,11,11,11,11,11,11,11,16,9,9,9,17,11,11,11,11,18,19,20,11,11,11,9,11,11,11,11,11,11,11,11,11,11,10,10,21,11,11,11,8,22,8,22,8,22,8,22,23,23,23,23,23,23,23,23","0.0072789192199707","infomap","edit-xhwikibooks.graphml"
"0.26","0.05","0.69","0.316102205389858","1,2,1,3,1,3,4,5,6,3,4,7,8,5,6,9,3,4,10,7,2,11,12,13,8,6,14,9,15,16,17,18,19,20,21,10,22,22,2,2,2,2,11,11,11,11,2,11,11,11,2,2,2,2,2,11,11,11,11,2,12,2,2,13,8,2,2,2,2,2,11,2,8,6,2,2,2,2,2,2,2,14,9,9,9,15,2,2,2,2,16,17,18,2,2,2,9,2,2,2,2,2,2,2,2,2,2,19,19,20,2,2,2,21,10,10,21,21,21,10,10,22,22,22,22,22,22,22,22","0.00719213485717773","infomap","edit-xhwikibooks.graphml"
"0.25","0.06","0.69","0.318074086177469","1,2,1,3,1,3,4,1,5,6,7,4,5,8,9,10,6,7,8,11,12,2,13,14,9,5,15,16,17,18,19,20,11,21,22,8,23,9,12,12,12,12,2,2,2,2,12,2,2,2,12,12,12,12,12,2,2,2,2,12,13,12,12,14,15,12,12,12,12,12,2,12,15,5,12,12,12,12,12,12,12,15,16,16,16,17,12,12,12,12,18,19,20,12,12,12,10,12,12,12,12,12,12,12,12,12,12,11,11,21,12,12,12,22,22,8,8,8,22,22,8,23,23,23,23,23,23,23,23","0.0073401927947998","infomap","edit-xhwikibooks.graphml"
"0.24","0.07","0.69","0.320121913729727","1,1,2,3,2,3,4,1,5,6,7,4,8,5,9,10,6,7,7,11,12,13,14,8,15,16,17,18,19,20,21,22,11,23,24,25,9,5,12,12,12,12,13,13,13,13,12,13,13,13,12,12,12,12,12,13,13,13,13,12,14,12,12,1,15,12,12,12,12,12,13,12,17,16,12,12,12,12,12,12,12,17,18,18,18,19,12,12,12,12,20,21,22,12,12,12,10,12,12,12,12,12,12,12,12,12,12,11,11,23,12,12,12,24,24,24,24,24,24,25,25,9,9,9,9,9,9,9,9","0.00731706619262695","infomap","edit-xhwikibooks.graphml"
"0.23","0.08","0.69","0.318062057821644","1,1,2,2,3,4,3,5,4,6,7,8,5,9,10,11,6,7,7,8,12,13,14,15,16,9,17,11,18,19,20,21,22,23,24,25,10,9,12,12,12,12,13,13,13,13,12,13,13,13,12,12,12,12,12,13,13,13,13,12,14,12,12,15,16,12,12,12,12,12,13,12,9,9,12,12,12,12,12,12,12,17,11,11,11,18,12,12,12,12,19,20,21,12,12,12,11,12,12,12,12,12,12,12,12,12,12,22,22,23,12,12,12,24,25,24,24,25,24,25,24,10,10,10,10,10,10,10,10","0.00761914253234863","infomap","edit-xhwikibooks.graphml"
"0.22","0.09","0.69","0.298949732770113","1,2,1,1,1,3,4,5,6,7,8,4,5,6,9,3,7,8,10,11,12,2,13,14,15,9,16,17,18,19,20,21,11,22,10,23,24,6,12,12,12,12,2,2,2,2,12,2,2,2,12,12,12,12,12,2,2,2,2,12,13,12,12,14,15,12,12,12,12,12,2,12,15,15,12,12,12,12,12,12,12,16,17,17,17,18,12,12,12,12,19,20,21,12,12,12,3,12,12,12,12,12,12,12,12,12,12,11,11,22,12,12,12,6,10,6,10,23,6,6,6,24,24,24,24,24,24,24,24","0.0072019100189209","infomap","edit-xhwikibooks.graphml"
"0.21","0.1","0.69","0.31766007887203","1,1,2,2,2,3,4,5,5,3,6,4,7,5,8,9,3,6,10,11,12,13,14,15,16,7,17,18,19,20,21,22,11,23,24,10,8,8,12,12,12,12,13,13,13,13,12,13,13,13,12,12,12,12,12,13,13,13,13,12,14,12,12,15,16,12,12,12,12,12,13,12,7,16,12,12,12,12,12,12,12,17,18,18,18,19,12,12,12,12,20,21,22,12,12,12,9,12,12,12,12,12,12,12,12,12,12,11,11,23,12,12,12,24,24,24,10,10,10,24,24,8,8,8,8,8,8,8,8","0.00694394111633301","infomap","edit-xhwikibooks.graphml"
"0.2","0.11","0.69","0.31182251561204","1,1,2,2,3,4,3,4,5,6,3,7,8,5,9,10,6,3,11,7,12,13,14,15,16,17,8,18,19,20,21,22,23,24,11,25,26,9,12,12,12,12,13,13,13,13,12,13,13,13,12,12,12,12,12,13,13,13,13,12,14,12,12,15,16,12,12,12,12,12,13,12,17,17,12,12,12,12,12,12,12,8,18,18,10,19,12,12,12,12,20,21,22,12,12,12,10,12,12,12,12,12,12,12,12,12,12,23,23,24,12,12,12,11,25,25,11,11,11,25,11,26,26,26,26,26,26,26,26","0.00737500190734863","infomap","edit-xhwikibooks.graphml"
"0.19","0.12","0.69","0.321886489439595","1,1,2,2,3,4,3,4,4,4,5,6,4,7,8,9,4,5,5,6,10,11,12,13,8,14,15,9,16,17,18,19,6,20,21,22,7,8,10,10,10,10,11,11,11,11,10,11,11,11,10,10,10,10,10,11,11,11,11,10,12,10,10,13,14,10,10,10,10,10,11,10,14,8,10,10,10,10,10,10,10,15,9,9,9,16,10,10,10,10,17,18,19,10,10,10,9,10,10,10,10,10,10,10,10,10,10,6,6,20,10,10,10,21,21,22,21,21,22,22,22,7,7,7,7,7,7,7,7","0.00724697113037109","infomap","edit-xhwikibooks.graphml"
"0.18","0.13","0.69","0.304581488002126","1,1,2,2,2,3,4,1,5,3,6,4,7,8,5,9,3,6,6,10,11,12,13,7,14,15,16,17,18,19,20,21,10,22,23,24,8,5,11,11,11,11,12,12,12,12,11,12,12,12,11,11,11,11,11,12,12,12,12,11,13,11,11,7,14,11,11,11,11,11,12,11,14,15,11,11,11,11,11,11,11,16,17,17,17,18,11,11,11,11,19,20,21,11,11,11,9,11,11,11,11,11,11,11,11,11,11,10,10,22,11,11,11,24,5,5,23,23,23,5,5,8,8,8,8,8,8,8,8","0.00725102424621582","infomap","edit-xhwikibooks.graphml"
"0.17","0.14","0.69","0.319749611101605","1,1,2,2,2,3,4,3,5,6,4,7,8,5,9,10,6,4,11,7,12,13,14,8,9,15,16,17,18,19,20,21,7,22,11,5,23,9,12,12,12,12,13,13,13,13,12,13,13,13,12,12,12,12,12,13,13,13,13,12,14,12,12,8,15,12,12,12,12,12,13,12,15,16,12,12,12,12,12,12,12,16,17,17,10,18,12,12,12,12,19,20,21,12,12,12,10,12,12,12,12,12,12,12,12,12,12,7,7,22,12,12,12,11,5,11,11,11,11,5,11,23,23,23,23,23,23,23,23","0.00748705863952637","infomap","edit-xhwikibooks.graphml"
"0.16","0.15","0.69","0.312574642000679","1,2,1,1,3,4,3,5,4,4,6,3,5,7,8,9,4,6,6,10,2,11,12,8,13,14,15,9,16,17,18,19,10,20,21,7,22,8,2,2,2,2,11,11,11,11,2,11,11,11,2,2,2,2,2,11,11,11,11,2,12,2,2,8,13,2,2,2,2,2,11,2,14,13,2,2,2,2,2,2,2,15,9,9,9,16,2,2,2,2,17,18,19,2,2,2,9,2,2,2,2,2,2,2,2,2,2,10,10,20,2,2,2,7,21,21,21,7,21,7,21,22,22,22,22,22,22,22,22","0.00718379020690918","infomap","edit-xhwikibooks.graphml"
"0.15","0.16","0.69","0.317012896321575","1,1,2,2,3,4,3,5,4,6,7,3,8,5,9,4,6,7,7,10,11,12,13,8,14,15,16,17,18,19,20,21,10,22,23,24,25,9,11,11,11,11,12,12,12,12,11,12,12,12,11,11,11,11,11,12,12,12,12,11,13,11,11,8,14,11,11,11,11,11,12,11,14,15,11,11,11,11,11,11,11,16,17,17,17,18,11,11,11,11,19,20,21,11,11,11,4,11,11,11,11,11,11,11,11,11,11,10,10,22,11,11,11,23,24,24,24,23,24,24,23,25,25,25,25,25,25,25,25","0.00750899314880371","infomap","edit-xhwikibooks.graphml"
"0.14","0.17","0.69","-0.126136779235031","1,1,2,2,3,4,3,4,5,6,3,7,8,9,10,11,6,3,12,7,13,14,15,16,17,10,8,11,18,19,20,21,22,23,24,12,5,9,1,1,1,1,14,14,14,14,1,14,14,14,1,1,1,1,1,14,14,14,14,1,15,1,1,16,17,1,1,1,1,1,14,1,17,17,1,1,1,1,13,1,1,8,11,11,11,18,1,1,1,1,19,20,21,1,1,1,11,1,1,1,1,1,1,1,1,1,1,22,22,23,1,1,1,12,12,12,12,12,24,24,12,5,5,5,5,5,5,5,5","0.00738906860351562","infomap","edit-xhwikibooks.graphml"
"0.13","0.18","0.69","0.287652053256235","1,2,1,3,1,3,4,5,3,6,7,4,8,9,5,10,6,7,7,11,2,12,13,14,15,16,8,10,17,18,19,20,11,21,22,23,24,9,2,2,2,2,12,12,12,12,2,12,12,12,2,2,2,2,2,12,12,12,12,2,13,2,2,14,15,2,2,2,2,2,12,2,15,16,2,2,2,2,2,2,2,8,10,10,10,17,2,2,2,2,18,19,20,2,2,2,10,2,2,2,2,2,2,2,2,2,2,11,11,21,2,2,2,22,23,23,23,22,23,23,23,9,9,9,9,9,24,9,9","0.00742912292480469","infomap","edit-xhwikibooks.graphml"
"0.12","0.19","0.69","0.31438691184424","1,2,3,3,4,1,4,1,5,6,7,8,9,5,10,11,6,7,7,8,12,2,13,9,14,15,16,17,18,19,20,21,22,23,24,25,26,10,12,12,12,12,2,2,2,2,12,2,2,2,12,12,12,12,12,2,2,2,2,12,13,12,12,1,14,12,12,12,12,12,2,12,15,16,12,12,12,12,12,12,12,16,17,17,17,18,12,12,12,12,19,20,21,12,12,12,11,12,12,12,12,12,12,12,12,12,12,22,8,23,12,12,12,24,24,24,24,25,25,24,25,26,26,26,26,26,26,26,26","0.0072629451751709","infomap","edit-xhwikibooks.graphml"
"0.11","0.2","0.69","0.320175646197016","1,1,2,2,3,4,3,5,6,4,7,8,5,9,6,10,4,7,11,8,12,13,14,15,16,17,18,10,19,20,21,22,23,24,11,9,25,6,12,12,12,12,13,13,13,13,12,13,13,13,12,12,12,12,12,13,13,13,13,12,14,12,12,15,16,12,12,12,12,12,13,12,17,17,12,12,12,12,12,12,12,18,10,10,10,19,12,12,12,12,20,21,22,12,12,12,10,12,12,12,12,12,12,12,12,12,12,23,23,24,12,12,12,11,9,11,9,11,11,11,9,25,25,25,25,25,25,25,25","0.00748896598815918","infomap","edit-xhwikibooks.graphml"
"0.1","0.21","0.69","0.317992642791006","1,1,2,2,3,4,3,4,5,6,7,3,8,5,9,10,6,7,7,11,12,13,14,8,15,16,9,17,18,19,20,21,11,22,23,24,25,9,12,12,12,12,13,13,13,13,12,13,13,13,12,12,12,12,12,13,13,13,13,12,14,12,12,8,15,12,12,12,12,12,13,12,9,16,12,12,12,12,12,12,12,16,17,17,17,18,12,12,12,12,19,20,21,12,12,12,10,12,12,12,12,12,12,12,12,12,12,11,11,22,12,12,12,24,24,24,23,23,23,24,23,25,25,25,25,25,25,25,25","0.00717997550964355","infomap","edit-xhwikibooks.graphml"
"0.09","0.22","0.69","0.319590252530852","1,2,1,1,3,4,3,2,4,4,5,3,6,7,8,9,4,5,10,11,12,13,14,6,7,15,16,17,18,19,20,21,11,22,8,10,23,7,12,12,12,12,13,13,13,13,12,13,13,13,12,12,12,12,12,13,13,13,13,12,14,12,12,6,16,12,12,12,12,12,13,12,15,16,12,12,12,12,12,12,12,16,17,17,17,18,12,12,12,12,19,20,21,12,12,12,9,12,12,12,12,12,12,12,12,12,12,11,11,22,12,12,12,10,8,10,10,10,10,8,8,23,23,23,23,23,23,23,23","0.00724697113037109","infomap","edit-xhwikibooks.graphml"
"0.08","0.23","0.69","0.32286954632568","1,2,3,3,4,1,4,2,5,6,7,4,2,8,5,1,6,7,7,9,10,11,12,13,14,15,16,17,18,19,20,21,9,22,23,8,5,5,10,10,10,10,11,11,11,11,10,11,11,11,10,10,10,10,10,11,11,11,11,10,12,10,10,13,14,10,10,10,10,10,11,10,15,15,10,10,10,10,10,10,10,16,17,17,17,18,10,10,10,10,19,20,21,10,10,10,1,10,10,10,10,10,10,10,10,10,10,9,9,22,10,10,10,23,23,8,8,23,8,23,23,5,5,5,5,5,5,5,5","0.00972104072570801","infomap","edit-xhwikibooks.graphml"
"0.07","0.24","0.69","0.319996770043227","1,1,2,2,2,3,4,5,3,6,7,4,8,9,5,10,6,7,11,12,13,14,15,8,16,17,9,18,19,20,21,22,12,23,24,11,25,9,13,13,13,13,14,14,14,14,13,14,14,14,13,13,13,13,13,14,14,14,14,13,15,13,13,8,16,13,13,13,13,13,14,13,17,9,13,13,13,13,13,13,13,9,18,18,18,19,13,13,13,13,20,21,22,13,13,13,10,13,13,13,13,13,13,13,13,13,13,12,12,23,13,13,13,24,24,24,11,11,24,24,24,25,25,25,25,25,25,25,25","0.00705599784851074","infomap","edit-xhwikibooks.graphml"
"0.06","0.25","0.69","0.311908786447331","1,2,1,2,3,4,3,5,6,4,7,8,5,5,6,9,4,7,7,8,2,10,11,12,13,14,15,16,17,18,19,20,21,22,23,24,25,6,2,2,2,2,10,10,10,10,2,10,10,10,2,2,2,2,2,10,10,10,10,2,11,2,2,12,13,2,2,2,2,2,10,2,14,14,2,2,2,2,2,2,2,15,9,16,9,17,2,2,2,2,18,19,20,2,2,2,9,2,2,2,2,2,2,2,2,2,2,21,21,22,2,2,2,23,23,23,24,23,23,24,23,25,25,25,25,25,25,25,25","0.0071561336517334","infomap","edit-xhwikibooks.graphml"
"0.05","0.26","0.69","0.326265140419554","1,2,1,3,4,3,4,5,5,6,7,4,5,8,5,3,6,7,9,10,11,2,12,13,14,15,16,17,18,19,20,21,10,22,9,8,23,5,11,11,11,11,2,2,2,2,11,2,2,2,11,11,11,11,11,2,2,2,2,11,12,11,11,13,14,11,11,11,11,11,2,11,15,14,11,11,11,11,11,11,11,16,17,17,17,18,11,11,11,11,19,20,21,11,11,11,3,11,11,11,11,11,11,11,11,11,11,10,10,22,11,11,11,8,9,8,9,9,9,8,9,23,23,23,23,23,23,23,23","0.0122878551483154","infomap","edit-xhwikibooks.graphml"
"0.04","0.27","0.69","0.32098819015775","1,2,1,3,4,3,4,2,5,6,7,8,5,9,5,10,6,7,11,8,12,13,14,5,15,16,17,18,19,20,21,22,23,24,11,25,9,9,12,12,12,12,13,13,13,13,12,13,13,13,12,12,12,12,12,13,13,13,13,12,14,12,12,2,15,12,12,12,12,12,13,12,17,16,12,12,12,12,12,12,12,17,18,18,18,19,12,12,12,12,20,21,22,12,12,12,10,12,12,12,12,12,12,12,12,12,12,23,23,24,12,12,12,25,25,11,25,11,11,11,11,9,9,9,9,9,9,9,9","0.0074160099029541","infomap","edit-xhwikibooks.graphml"
"0.03","0.28","0.69","0.325198006561567","1,2,1,1,3,4,3,5,4,6,7,8,5,9,10,11,6,7,7,8,12,2,13,14,9,15,16,17,18,19,20,21,22,23,24,25,10,10,12,12,12,12,2,2,2,2,12,2,2,2,12,12,12,12,12,2,2,2,2,12,13,12,12,14,16,12,12,12,12,12,2,12,15,15,12,12,12,12,12,12,12,16,17,17,17,18,12,12,12,12,19,20,21,12,12,12,11,12,12,12,12,12,12,12,12,12,12,22,22,23,12,12,12,25,25,24,25,24,25,24,25,10,10,10,10,10,10,10,10","0.00700712203979492","infomap","edit-xhwikibooks.graphml"
"0.02","0.29","0.69","0.316750951109657","1,2,3,3,4,1,4,2,5,1,4,6,7,8,5,9,1,4,10,6,11,12,13,7,14,15,16,17,18,19,20,21,22,23,24,10,8,5,11,11,11,11,12,12,12,12,11,12,12,12,11,11,11,11,11,12,12,12,12,11,13,11,11,7,14,11,11,11,11,11,12,11,15,14,11,11,11,11,11,11,11,16,17,17,17,18,11,11,11,11,19,20,21,11,11,11,9,11,11,11,11,11,11,11,11,11,11,22,22,23,11,11,11,24,24,24,24,24,10,24,24,8,8,8,8,8,8,8,8","0.0100538730621338","infomap","edit-xhwikibooks.graphml"
"0.01","0.3","0.69","0.309648176221603","1,2,1,3,4,3,4,5,5,6,7,4,8,9,5,3,6,7,10,11,2,12,13,8,14,9,15,16,17,18,19,20,11,21,10,22,23,22,2,2,2,2,12,12,12,12,2,12,12,12,2,2,2,2,2,12,12,12,12,2,13,2,2,8,14,2,2,2,2,2,12,2,14,14,2,2,2,2,2,2,2,15,16,16,16,17,2,2,2,2,18,19,20,2,2,2,3,2,2,2,2,2,2,2,2,2,2,11,11,21,2,2,2,10,10,10,22,22,10,22,22,23,23,23,23,23,23,23,23","0.00937390327453613","infomap","edit-xhwikibooks.graphml"
"0","0.31","0.69","0.310626635103828","1,2,1,3,4,3,4,5,3,6,7,4,5,8,9,10,6,7,7,11,2,12,13,14,15,9,16,17,18,19,20,21,11,22,23,24,8,9,2,2,2,2,12,12,12,12,2,12,12,12,2,2,2,2,2,12,12,12,12,2,13,2,2,14,15,2,2,2,2,2,12,2,9,9,2,2,2,2,2,2,2,16,17,17,17,18,2,2,2,2,19,20,21,2,2,2,10,2,2,2,2,2,2,2,2,2,2,11,11,22,2,2,2,24,23,23,23,24,23,23,24,8,8,8,8,8,8,8,8","0.00737690925598145","infomap","edit-xhwikibooks.graphml"
"0.3","0","0.7","0.322577899814235","1,2,3,3,4,1,4,2,1,5,6,4,7,8,9,10,5,6,8,11,12,13,14,7,15,16,17,10,18,19,20,21,22,11,9,8,23,9,12,12,12,12,13,13,13,13,12,13,13,13,12,12,12,12,12,13,13,13,13,12,14,12,12,2,15,12,12,12,12,12,13,12,16,16,12,12,12,12,12,12,12,17,10,10,10,18,12,12,12,12,19,20,21,12,12,12,10,12,12,12,12,12,12,12,12,12,12,22,22,12,12,12,12,9,9,8,9,9,9,8,9,23,23,23,23,23,23,23,23","0.00729179382324219","infomap","edit-xhwikibooks.graphml"
"0.29","0.01","0.7","0.314971768523526","1,2,2,2,3,1,3,1,4,5,6,7,8,4,9,10,5,6,11,7,12,13,14,8,15,16,17,18,19,20,21,22,23,24,11,25,26,9,12,12,12,12,13,13,13,13,12,13,13,13,12,12,12,12,12,13,13,13,13,12,14,12,12,1,15,12,12,12,12,12,13,12,16,16,12,12,12,12,12,12,12,17,18,18,18,19,12,12,12,12,20,21,22,12,12,12,10,12,12,12,12,12,12,12,12,12,12,23,23,24,12,12,12,25,25,25,11,11,11,11,25,26,26,26,26,26,26,26,26","0.00768685340881348","infomap","edit-xhwikibooks.graphml"
"0.28","0.02","0.7","0.315426933477555","1,2,1,1,1,3,4,2,3,5,6,4,7,8,9,10,5,6,6,11,12,13,14,15,16,9,7,17,18,19,20,21,11,22,23,8,24,3,12,12,12,12,13,13,13,13,12,13,13,13,12,12,12,12,12,13,13,13,13,12,14,12,12,15,16,12,12,12,12,12,13,12,16,9,12,12,12,12,12,12,12,7,17,17,17,18,12,12,12,12,19,20,21,12,12,12,10,12,12,12,12,12,12,12,12,12,12,11,11,22,12,12,12,8,8,8,23,8,8,23,23,24,24,24,24,24,24,24,24","0.00968003273010254","infomap","edit-xhwikibooks.graphml"
"0.27","0.03","0.7","0.310970798182157","1,2,1,3,4,3,4,2,5,6,7,4,8,9,5,10,6,7,7,11,12,13,14,9,15,16,8,17,18,19,20,21,11,22,23,24,25,5,12,12,12,12,13,13,13,13,12,13,13,13,12,12,12,12,12,13,13,13,13,12,14,12,12,9,15,12,12,12,12,12,13,12,16,16,12,12,12,12,12,12,12,8,17,17,17,18,12,12,12,12,19,20,21,12,12,12,10,12,12,12,12,12,12,12,12,12,12,11,11,22,12,12,12,24,24,5,24,24,24,23,5,25,25,25,25,25,25,25,25","0.00711798667907715","infomap","edit-xhwikibooks.graphml"
"0.26","0.04","0.7","0.31055204232903","1,2,1,3,4,3,4,2,5,6,7,8,9,5,10,11,6,7,7,8,12,13,14,15,9,16,17,18,19,20,21,22,23,24,25,26,27,10,12,12,12,12,13,13,13,13,12,13,13,13,12,12,12,12,12,13,13,13,13,12,14,12,12,15,9,12,12,12,12,12,13,12,16,16,12,12,12,12,12,12,12,17,11,11,18,19,12,12,12,12,20,21,22,12,12,12,11,12,12,12,12,12,12,12,12,12,12,23,23,24,12,12,12,26,26,25,26,25,26,25,26,27,27,27,27,27,27,27,27","0.00725889205932617","infomap","edit-xhwikibooks.graphml"
"0.25","0.05","0.7","0.320080157992565","1,1,2,3,2,3,4,5,3,6,7,4,8,5,9,10,6,7,7,11,12,13,14,8,9,15,16,17,18,19,20,21,11,22,23,24,25,5,12,12,12,12,13,13,13,13,12,13,13,13,12,12,12,12,12,13,13,13,13,12,14,12,12,8,16,12,12,12,12,12,13,12,15,15,12,12,12,12,12,12,12,16,17,17,17,18,12,12,12,12,19,20,21,12,12,12,10,12,12,12,12,12,12,12,12,12,12,11,11,22,12,12,12,23,23,24,24,24,23,24,23,25,25,25,25,25,25,25,25","0.00728201866149902","infomap","edit-xhwikibooks.graphml"
"0.24","0.06","0.7","0.318770468797899","1,1,2,2,3,4,3,1,4,5,6,3,7,8,9,10,5,6,6,11,12,13,14,7,15,8,16,17,18,19,20,21,11,22,9,23,24,8,12,12,12,12,13,13,13,13,12,13,13,13,12,12,12,12,12,13,13,13,13,12,14,12,12,7,15,12,12,12,12,12,13,12,16,15,12,12,12,12,12,12,12,16,17,17,17,18,12,12,12,12,19,20,21,12,12,12,10,12,12,12,12,12,12,12,12,12,12,11,11,22,12,12,12,23,23,9,23,23,9,23,9,24,24,24,24,24,24,24,24","0.00736379623413086","infomap","edit-xhwikibooks.graphml"
"0.23","0.07","0.7","0.318858632726658","1,2,1,2,1,3,4,3,5,6,7,4,8,5,8,9,6,7,10,11,12,2,13,14,15,8,16,17,18,19,20,21,11,22,23,10,24,5,12,12,12,12,2,2,2,2,12,2,2,2,12,12,12,12,12,2,2,2,2,12,13,12,12,14,15,12,12,12,12,12,2,12,15,16,12,12,12,12,12,12,12,16,17,17,17,18,12,12,12,12,19,20,21,12,12,12,9,12,12,12,12,12,12,12,12,12,12,11,11,22,12,12,12,23,10,23,10,23,23,23,10,24,24,24,24,24,24,24,24","0.00731182098388672","infomap","edit-xhwikibooks.graphml"
"0.22","0.08","0.7","0.321626821561038","1,1,2,2,2,3,4,3,5,6,4,7,8,9,5,10,6,4,11,7,12,13,14,8,15,9,16,10,17,18,19,20,21,22,23,11,24,11,12,12,12,12,13,13,13,13,12,13,13,13,12,12,12,12,12,13,13,13,13,12,14,12,12,8,15,12,12,12,12,12,13,12,15,9,12,12,12,12,12,12,12,16,10,10,10,17,12,12,12,12,18,19,20,12,12,12,10,12,12,12,12,12,12,12,12,12,12,21,21,22,12,12,12,23,23,11,11,23,23,11,23,24,24,24,24,24,24,24,24","0.00716400146484375","infomap","edit-xhwikibooks.graphml"
"0.21","0.09","0.7","0.31951315481497","1,1,2,1,2,3,4,5,6,7,8,4,9,5,6,3,7,8,8,10,11,12,13,9,14,15,16,17,18,19,20,21,10,22,23,24,25,6,11,11,11,11,12,12,12,12,11,12,12,12,11,11,11,11,11,12,12,12,12,11,13,11,11,9,14,11,11,11,11,11,12,11,15,16,11,11,11,11,11,11,11,16,17,17,17,18,11,11,11,11,19,20,21,11,11,11,3,11,11,11,11,11,11,11,11,11,11,10,10,22,11,11,11,24,24,23,24,24,23,24,23,25,25,25,25,25,25,25,25","0.00733184814453125","infomap","edit-xhwikibooks.graphml"
"0.2","0.1","0.7","0.318017060041693","1,1,2,2,3,4,3,1,4,4,3,5,6,7,8,9,4,3,8,5,10,11,12,13,14,15,6,16,17,18,19,20,5,21,22,8,23,7,10,10,10,10,11,11,11,11,10,11,11,11,10,10,10,10,10,11,11,11,11,10,12,10,10,13,14,10,10,10,10,10,11,10,15,15,10,10,10,10,10,10,10,6,16,16,16,17,10,10,10,10,18,19,20,10,10,10,9,10,10,10,10,10,10,10,10,10,10,5,5,21,10,10,10,8,8,8,22,7,8,22,8,23,23,23,23,23,23,23,23","0.00949501991271973","infomap","edit-xhwikibooks.graphml"
"0.19","0.11","0.7","0.318800158660298","1,1,2,2,3,4,3,5,4,4,6,7,8,5,9,4,4,6,6,7,10,11,12,8,13,14,15,16,17,18,19,20,21,22,9,23,24,9,10,10,10,10,11,11,11,11,10,11,11,11,10,10,10,10,10,11,11,11,11,10,12,10,10,8,13,10,10,10,10,10,11,10,13,14,10,10,10,10,10,10,10,15,16,16,16,17,10,10,10,10,18,19,20,10,10,10,4,10,10,10,10,10,10,10,10,10,10,21,21,22,10,10,10,9,9,9,23,23,9,9,9,24,24,24,24,24,24,24,24","0.00711297988891602","infomap","edit-xhwikibooks.graphml"
"0.18","0.12","0.7","0.314916731549248","1,1,2,3,2,4,5,6,4,3,5,7,8,6,9,10,3,5,11,7,12,13,14,15,16,9,8,17,18,19,20,21,22,23,24,11,25,6,12,12,12,12,13,13,13,13,12,13,13,13,12,12,12,12,12,13,13,13,13,12,14,12,12,15,16,12,12,12,12,12,13,12,8,16,12,12,12,12,12,12,12,8,17,17,17,18,12,12,12,12,19,20,21,12,12,12,10,12,12,12,12,12,12,12,12,12,12,22,22,23,12,12,12,24,11,24,11,11,24,24,11,25,25,25,25,25,25,25,25","0.00957584381103516","infomap","edit-xhwikibooks.graphml"
"0.17","0.13","0.7","0.317762896670585","1,1,2,2,3,4,3,4,4,4,5,6,7,8,9,10,4,5,11,6,12,13,14,7,15,16,17,10,18,19,20,21,22,23,9,11,24,8,12,12,12,12,13,13,13,13,12,13,13,13,12,12,12,12,12,13,13,13,13,12,14,12,12,7,15,12,12,12,12,12,13,12,16,16,12,12,12,12,12,12,12,17,10,10,10,18,12,12,12,12,19,20,21,12,12,12,10,12,12,12,12,12,12,12,12,12,12,22,22,23,12,12,12,9,11,9,9,9,11,9,9,24,24,24,24,24,24,24,24","0.00999188423156738","infomap","edit-xhwikibooks.graphml"
"0.16","0.14","0.7","0.321801667308206","1,2,1,2,1,3,4,5,6,3,4,7,5,5,6,8,3,4,9,7,10,2,11,12,13,13,14,15,16,17,18,19,7,20,9,21,22,5,10,10,10,10,2,2,2,2,10,2,2,2,10,10,10,10,10,2,2,2,2,10,11,10,10,12,14,10,10,10,10,10,2,10,14,13,10,10,10,10,10,10,10,14,15,15,15,16,10,10,10,10,17,18,19,10,10,10,8,10,10,10,10,10,10,10,10,10,10,7,7,20,10,10,10,21,9,9,21,21,9,21,21,22,22,22,22,22,22,22,22","0.00728607177734375","infomap","edit-xhwikibooks.graphml"
"0.15","0.15","0.7","0.316253822025196","1,2,3,3,4,1,4,1,5,6,7,8,9,10,5,11,6,7,12,8,13,2,14,9,15,16,5,17,18,19,20,21,22,23,12,24,25,10,13,13,13,13,2,2,2,2,13,2,2,2,13,13,13,13,13,2,2,2,2,13,14,13,13,1,15,13,13,13,13,13,2,13,15,16,13,13,13,13,13,13,13,5,17,11,11,18,13,13,13,13,19,20,21,13,13,13,11,13,13,13,13,13,13,13,13,13,13,22,22,23,13,13,13,24,12,24,24,24,24,24,24,25,25,25,25,25,25,25,25","0.00713205337524414","infomap","edit-xhwikibooks.graphml"
"0.14","0.16","0.7","0.320273524412321","1,1,2,2,3,4,3,4,5,6,7,8,9,10,5,11,6,7,12,8,13,14,15,9,16,5,10,11,17,18,19,20,21,22,23,12,24,24,13,13,13,13,14,14,14,14,13,14,14,14,13,13,13,13,13,14,14,14,14,13,15,13,13,4,16,13,13,13,13,13,14,13,5,10,13,13,13,13,13,13,13,16,11,11,11,17,13,13,13,13,18,19,20,13,13,13,11,13,13,13,13,13,13,13,13,13,13,21,21,22,13,13,13,12,12,23,23,12,23,23,12,24,24,24,24,24,24,24,24","0.00972509384155273","infomap","edit-xhwikibooks.graphml"
"0.13","0.17","0.7","0.323480467338949","1,2,1,2,1,3,4,2,3,5,4,6,7,8,9,10,5,4,11,6,12,13,14,7,9,8,15,10,16,17,18,19,20,21,11,22,23,9,12,12,12,12,13,13,13,13,12,13,13,13,12,12,12,12,12,13,13,13,13,12,14,12,12,7,8,12,12,12,12,12,13,12,9,8,12,12,12,12,12,12,12,15,10,10,10,16,12,12,12,12,17,18,19,12,12,12,10,12,12,12,12,12,12,12,12,12,12,20,20,21,12,12,12,22,22,11,22,11,22,22,11,23,23,23,23,23,23,23,23","0.00711798667907715","infomap","edit-xhwikibooks.graphml"
"0.12","0.18","0.7","0.319361034166746","1,1,2,2,3,4,3,1,4,5,3,6,7,8,9,10,5,3,9,6,11,1,12,7,13,14,15,16,17,18,19,20,21,22,9,23,24,8,11,11,11,11,1,1,1,1,11,1,1,1,11,11,11,11,11,1,1,1,1,11,12,11,11,1,13,11,11,11,11,11,1,11,15,14,11,11,11,11,11,11,11,15,16,16,16,17,11,11,11,11,18,19,20,11,11,11,10,11,11,11,11,11,11,11,11,11,11,21,21,22,11,11,11,23,9,23,23,23,9,9,9,24,24,24,24,24,24,24,24","0.00740885734558105","infomap","edit-xhwikibooks.graphml"
"0.11","0.19","0.7","0.321666334698887","1,2,1,3,4,3,4,5,6,6,7,8,9,5,10,11,6,7,12,8,13,2,14,15,9,16,17,11,18,19,20,21,22,23,12,10,24,5,13,13,13,13,2,2,2,2,13,2,2,2,13,13,13,13,13,2,2,2,2,13,14,13,13,15,9,13,13,13,13,13,2,13,16,16,13,13,13,13,13,13,13,17,11,11,11,18,13,13,13,13,19,20,21,13,13,13,11,13,13,13,13,13,13,13,13,13,13,22,22,23,13,13,13,10,10,12,10,12,12,12,10,24,24,24,24,24,24,24,24","0.00729584693908691","infomap","edit-xhwikibooks.graphml"
"0.1","0.2","0.7","0.320908153613135","1,1,2,2,3,4,3,1,4,5,6,7,8,9,10,4,5,6,6,7,11,12,13,8,9,14,10,15,16,17,18,19,20,21,22,23,24,4,11,11,11,11,12,12,12,12,11,12,12,12,11,11,11,11,11,12,12,12,12,11,13,11,11,8,14,11,11,11,11,11,12,11,10,14,11,11,11,11,11,11,11,14,15,15,15,16,11,11,11,11,17,18,19,11,11,11,4,11,11,11,11,11,11,11,11,11,11,20,20,21,11,11,11,22,23,22,23,23,22,22,22,24,24,24,24,24,24,24,24","0.00959014892578125","infomap","edit-xhwikibooks.graphml"
"0.09","0.21","0.7","0.319032458021137","1,1,2,2,2,3,4,5,3,6,4,7,8,5,9,10,6,4,11,7,12,13,14,8,15,16,17,18,19,20,21,22,23,24,25,11,9,5,12,12,12,12,13,13,13,13,12,13,13,13,12,12,12,12,12,13,13,13,13,12,14,12,12,5,15,12,12,12,12,12,13,12,16,15,12,12,12,12,12,12,12,17,18,18,18,19,12,12,12,12,20,21,22,12,12,12,10,12,12,12,12,12,12,12,12,12,12,23,23,24,12,12,12,25,11,11,11,25,11,25,25,9,9,9,9,9,9,9,9","0.00722694396972656","infomap","edit-xhwikibooks.graphml"
"0.08","0.22","0.7","0.321077087476906","1,2,1,1,1,3,4,5,3,3,6,4,5,7,8,9,3,6,6,10,11,2,12,13,8,14,15,16,17,18,19,20,10,21,22,23,24,7,11,11,11,11,2,2,2,2,11,2,2,2,11,11,11,11,11,2,2,2,2,11,12,11,11,13,8,11,11,11,11,11,2,11,14,8,11,11,11,11,11,11,11,15,16,16,16,17,11,11,11,11,18,19,20,11,11,11,9,11,11,11,11,11,11,11,11,11,11,10,10,21,11,11,11,22,23,22,23,22,22,22,23,24,24,24,24,24,24,24,24","0.00749301910400391","infomap","edit-xhwikibooks.graphml"
"0.07","0.23","0.7","0.302179145686683","1,1,1,1,2,3,2,4,5,3,6,2,7,4,5,8,3,6,6,9,10,11,12,13,14,7,15,16,17,18,19,20,9,21,22,23,24,4,10,10,10,10,11,11,11,11,10,11,11,11,10,10,10,10,10,11,11,11,11,10,12,10,10,13,14,10,10,10,10,10,11,10,15,7,10,10,10,10,10,10,10,15,16,16,16,17,10,10,10,10,18,19,20,10,10,10,8,10,10,10,10,10,10,10,10,10,10,9,9,21,10,10,10,23,23,23,22,22,23,22,22,5,5,5,5,24,5,24,5","0.0072779655456543","infomap","edit-xhwikibooks.graphml"
"0.06","0.24","0.7","0.319495813152088","1,1,2,2,3,4,3,5,6,4,7,3,5,8,6,9,4,7,7,10,11,12,13,14,15,8,16,17,18,19,20,21,22,10,23,24,25,8,11,11,11,11,12,12,12,12,11,12,12,12,11,11,11,11,11,12,12,12,12,11,13,11,11,14,15,11,11,11,11,11,12,11,15,8,11,11,11,11,11,11,11,16,17,17,17,18,11,11,11,11,19,20,21,11,11,11,9,11,11,11,11,11,11,11,11,11,11,22,22,10,11,11,11,24,23,24,23,24,23,23,24,25,25,25,25,25,25,25,25","0.00744104385375977","infomap","edit-xhwikibooks.graphml"
"0.05","0.25","0.7","0.316089403976344","1,1,2,2,3,4,3,4,5,6,7,8,9,5,10,11,6,7,7,8,12,13,14,15,9,16,17,18,19,20,21,22,23,24,25,26,27,10,12,12,12,12,13,13,13,13,12,13,13,13,12,12,12,12,12,13,13,13,13,12,14,12,12,15,9,12,12,12,12,12,13,12,16,9,12,12,12,12,12,12,12,17,18,18,18,19,12,12,12,12,20,21,22,12,12,12,11,12,12,12,12,12,12,12,12,12,12,23,23,24,12,12,12,26,25,25,26,26,26,25,25,27,27,27,27,27,27,27,27","0.00732612609863281","infomap","edit-xhwikibooks.graphml"
"0.04","0.26","0.7","0.327165635475292","1,1,2,2,2,3,4,3,5,6,4,7,8,5,9,10,6,4,11,7,12,13,14,8,15,5,16,17,18,19,20,21,22,23,11,9,24,5,12,12,12,12,13,13,13,13,12,13,13,13,12,12,12,12,12,13,13,13,13,12,14,12,12,8,15,12,12,12,12,12,13,12,16,5,12,12,12,12,12,12,12,16,17,17,17,18,12,12,12,12,19,20,21,12,12,12,10,12,12,12,12,12,12,12,12,12,12,22,22,23,12,12,12,11,9,11,11,11,11,11,11,24,24,24,24,24,24,24,24","0.19439697265625","infomap","edit-xhwikibooks.graphml"
"0.03","0.27","0.7","0.32557957358329","1,1,2,2,2,3,4,5,3,3,4,6,5,7,8,9,3,4,10,6,11,12,13,14,15,7,16,17,18,19,20,21,22,23,10,24,8,8,11,11,11,11,12,12,12,12,11,12,12,12,11,11,11,11,11,12,12,12,12,11,13,11,11,14,15,11,11,11,11,11,12,11,16,15,11,11,11,11,11,11,11,16,17,17,17,18,11,11,11,11,19,20,21,11,11,11,9,11,11,11,11,11,11,11,11,11,11,22,22,23,11,11,11,24,24,24,24,24,24,10,24,8,8,8,8,8,8,8,8","0.00752019882202148","infomap","edit-xhwikibooks.graphml"
"0.02","0.28","0.7","0.324822609769681","1,1,2,2,3,4,3,5,4,6,3,7,8,5,9,4,6,3,10,7,11,12,13,8,14,15,9,16,17,18,19,20,21,22,10,23,24,9,11,11,11,11,12,12,12,12,11,12,12,12,11,11,11,11,11,12,12,12,12,11,13,11,11,5,14,11,11,11,11,11,12,11,9,15,11,11,11,11,11,11,11,15,16,16,16,17,11,11,11,11,18,19,20,11,11,11,4,11,11,11,11,11,11,11,11,11,11,21,21,22,11,11,11,10,23,23,10,23,10,23,23,24,24,24,24,24,24,24,24","0.00684094429016113","infomap","edit-xhwikibooks.graphml"
"0.01","0.29","0.7","0.320381660157099","1,1,1,2,3,2,3,4,2,5,6,7,8,9,4,10,5,6,6,7,11,12,13,8,9,14,15,16,17,18,19,20,21,22,23,24,25,9,11,11,11,11,12,12,12,12,11,12,12,12,11,11,11,11,11,12,12,12,12,11,13,11,11,4,9,11,11,11,11,11,12,11,9,14,11,11,11,11,11,11,11,15,16,16,16,17,11,11,11,11,18,19,20,11,11,11,10,11,11,11,11,11,11,11,11,11,11,21,21,22,11,11,11,24,24,23,24,24,24,23,24,25,25,25,25,25,25,25,25","0.00754308700561523","infomap","edit-xhwikibooks.graphml"
"0","0.3","0.7","0.323872537278821","1,2,3,3,3,1,4,2,1,5,4,6,7,8,9,10,5,4,11,6,12,13,14,7,15,16,17,18,19,20,21,22,23,24,11,9,25,8,12,12,12,12,13,13,13,13,12,13,13,13,12,12,12,12,12,13,13,13,13,12,14,12,12,7,15,12,12,12,12,12,13,12,15,16,12,12,12,12,12,12,12,17,18,18,18,19,12,12,12,12,20,21,22,12,12,12,10,12,12,12,12,12,12,12,12,12,12,23,23,24,12,12,12,9,11,9,11,11,11,11,11,25,25,25,25,25,25,25,25","0.00721502304077148","infomap","edit-xhwikibooks.graphml"
"0.29","0","0.71","0.318006911484","1,2,1,3,1,4,5,4,6,7,8,5,9,6,10,3,7,8,8,11,12,2,13,9,14,6,10,15,16,17,18,19,11,20,21,22,23,6,12,12,12,12,2,2,2,2,12,2,2,2,12,12,12,12,12,2,2,2,2,12,13,12,12,9,14,12,12,12,12,12,2,12,6,6,12,12,12,12,12,12,12,10,15,15,15,16,12,12,12,12,17,18,19,12,12,12,3,12,12,12,12,12,12,12,12,12,12,11,11,20,12,12,12,22,22,22,22,21,22,21,21,23,23,23,23,23,23,23,23","0.00767683982849121","infomap","edit-xhwikibooks.graphml"
"0.28","0.01","0.71","0.314911482348385","1,1,2,1,2,3,4,5,3,6,4,7,8,5,8,3,6,4,4,7,9,10,11,8,12,13,14,15,16,17,18,19,20,21,22,23,24,8,9,9,9,9,10,10,10,10,9,10,10,10,9,9,9,9,9,10,10,10,10,9,11,9,9,5,12,9,9,9,9,9,10,9,13,13,9,9,9,9,9,9,9,14,15,15,15,16,9,9,9,9,17,18,19,9,9,9,3,9,9,9,9,9,9,9,9,9,9,20,20,21,9,9,9,22,23,22,23,23,22,23,22,24,24,24,24,24,24,24,24","0.0074160099029541","infomap","edit-xhwikibooks.graphml"
"0.27","0.02","0.71","0.322185549875","1,1,2,2,2,3,4,3,5,6,4,7,8,9,5,10,6,4,4,7,11,12,13,8,5,14,9,15,16,17,18,19,20,7,21,22,23,5,11,11,11,11,12,12,12,12,11,12,12,12,11,11,11,11,11,12,12,12,12,11,13,11,11,8,5,11,11,11,11,11,12,11,5,14,11,11,11,11,11,11,11,5,15,15,15,16,11,11,11,11,17,18,19,11,11,11,10,11,11,11,11,11,11,11,11,11,11,20,20,11,11,11,11,21,21,22,21,22,21,22,22,23,23,23,23,23,23,23,23","0.00751209259033203","infomap","edit-xhwikibooks.graphml"
"0.26","0.03","0.71","0.316595700713","1,2,1,3,4,3,4,2,3,5,4,6,7,8,9,10,5,4,4,6,11,12,13,7,8,9,14,15,16,17,18,19,6,20,21,22,23,8,11,11,11,11,12,12,12,12,11,12,12,12,11,11,11,11,11,12,12,12,12,11,13,11,11,7,14,11,11,11,11,11,12,11,14,8,11,11,11,11,11,11,11,14,15,15,15,16,11,11,11,11,17,18,19,11,11,11,10,11,11,11,11,11,11,11,11,11,11,6,6,20,11,11,11,22,21,22,22,21,21,21,21,23,23,23,23,23,23,23,23","0.00974011421203613","infomap","edit-xhwikibooks.graphml"
"0.25","0.04","0.71","0.315348898408762","1,2,1,3,4,3,4,2,5,3,6,7,8,9,5,10,3,6,6,7,11,12,13,8,14,15,16,17,18,19,20,21,7,22,23,24,9,5,11,11,11,11,12,12,12,12,11,12,12,12,11,11,11,11,11,12,12,12,12,11,13,11,11,2,14,11,11,11,11,11,12,11,15,15,11,11,11,11,11,11,11,16,17,17,17,18,11,11,11,11,19,20,21,11,11,11,10,11,11,11,11,11,11,11,11,11,11,7,7,22,11,11,11,23,23,24,24,23,23,23,23,9,9,9,9,9,9,9,9","0.0100758075714111","infomap","edit-xhwikibooks.graphml"
"0.24","0.05","0.71","0.305152632000806","1,2,1,3,4,3,4,5,6,7,8,9,10,6,5,11,7,8,12,9,13,2,14,10,15,16,17,18,19,20,21,22,23,24,12,25,26,5,13,13,13,13,2,2,2,2,13,2,2,2,13,13,13,13,13,2,2,2,2,13,14,13,13,10,15,13,13,13,13,13,2,13,16,16,13,13,13,13,13,13,13,17,18,18,18,19,13,13,13,13,20,21,22,13,13,13,11,13,13,13,13,13,13,13,13,13,13,23,23,24,13,13,13,12,25,25,12,25,25,25,25,6,26,6,26,26,26,6,26","0.00713992118835449","infomap","edit-xhwikibooks.graphml"
"0.23","0.06","0.71","0.313748863640106","1,1,2,2,2,3,4,3,5,6,7,4,8,5,9,10,6,7,7,11,12,13,14,8,9,15,16,17,18,19,20,21,11,22,23,24,5,5,12,12,12,12,13,13,13,13,12,13,13,13,12,12,12,12,12,13,13,13,13,12,14,12,12,3,16,12,12,12,12,12,13,12,16,15,12,12,12,12,12,12,12,16,17,17,17,18,12,12,12,12,19,20,21,12,12,12,10,12,12,12,12,12,12,12,12,12,12,11,11,22,12,12,12,23,23,24,23,23,23,23,24,5,5,5,5,5,5,5,5","0.00957202911376953","infomap","edit-xhwikibooks.graphml"
"0.22","0.07","0.71","0.319029211079745","1,1,2,2,2,3,4,1,3,5,6,4,7,8,9,10,5,6,11,12,13,14,15,7,16,8,9,17,18,19,20,21,22,12,11,23,24,3,13,13,13,13,14,14,14,14,13,14,14,14,13,13,13,13,13,14,14,14,14,13,15,13,13,1,16,13,13,13,13,13,14,13,16,16,13,13,13,13,13,13,13,16,17,17,17,18,13,13,13,13,19,20,21,13,13,13,10,13,13,13,13,13,13,13,13,13,13,22,22,13,13,13,13,11,11,23,23,11,23,23,23,24,24,24,24,24,24,24,24","0.00729203224182129","infomap","edit-xhwikibooks.graphml"
"0.21","0.08","0.71","0.316506526890898","1,2,1,2,1,3,4,2,5,6,4,4,7,8,5,3,6,4,9,10,11,12,13,7,14,15,16,17,18,19,20,21,10,22,9,23,24,8,11,11,11,11,12,12,12,12,11,12,12,12,11,11,11,11,11,12,12,12,12,11,13,11,11,7,14,11,11,11,11,11,12,11,16,15,11,11,11,11,11,11,11,16,17,17,17,18,11,11,11,11,19,20,21,11,11,11,3,11,11,11,11,11,11,11,11,11,11,10,10,22,11,11,11,9,23,9,23,23,9,9,9,24,24,24,24,24,24,24,24","0.0069880485534668","infomap","edit-xhwikibooks.graphml"
"0.2","0.09","0.71","0.314126141048511","1,2,1,1,1,3,4,5,6,3,4,7,5,8,6,9,3,4,10,7,2,11,12,8,13,14,15,9,16,17,18,19,7,20,10,21,22,6,2,2,2,2,11,11,11,11,2,11,11,11,2,2,2,2,2,11,11,11,11,2,12,2,2,8,13,2,2,2,2,2,11,2,14,14,2,2,2,2,2,2,2,15,9,9,9,16,2,2,2,2,17,18,19,2,2,2,9,2,2,2,2,2,2,2,2,2,2,7,7,20,2,2,2,10,21,21,21,21,21,21,21,22,22,22,22,22,22,22,22","0.00726008415222168","infomap","edit-xhwikibooks.graphml"
"0.19","0.1","0.71","0.308679181271004","1,1,2,1,2,3,4,3,5,3,4,6,7,5,8,9,3,4,10,6,11,12,13,14,15,7,16,17,18,19,20,21,6,22,10,8,23,5,11,11,11,11,12,12,12,12,11,12,12,12,11,11,11,11,11,12,12,12,12,11,13,11,11,14,15,11,11,11,11,11,12,11,7,16,11,11,11,11,11,11,11,16,17,17,17,18,11,11,11,11,19,20,21,11,11,11,9,11,11,11,11,11,11,11,11,11,11,6,6,22,11,11,11,10,10,10,10,10,10,8,10,5,23,5,5,23,5,23,23","0.00751399993896484","infomap","edit-xhwikibooks.graphml"
"0.18","0.11","0.71","0.319603299005679","1,1,2,2,3,4,3,5,6,7,8,3,5,6,9,4,7,8,8,10,11,12,13,14,15,6,16,17,18,19,20,21,22,10,23,24,9,9,11,11,11,11,12,12,12,12,11,12,12,12,11,11,11,11,11,12,12,12,12,11,13,11,11,14,15,11,11,11,11,11,12,11,15,15,11,11,11,11,11,11,11,16,17,17,17,18,11,11,11,11,19,20,21,11,11,11,4,11,11,11,11,11,11,11,11,11,11,22,22,10,11,11,11,24,23,23,24,24,24,23,23,9,9,9,9,9,9,9,9","0.00758194923400879","infomap","edit-xhwikibooks.graphml"
"0.17","0.12","0.71","0.319892420184835","1,1,2,2,3,4,3,5,4,6,7,8,9,5,10,11,6,7,10,8,12,13,14,9,15,16,17,11,18,19,20,21,22,23,24,10,25,5,12,12,12,12,13,13,13,13,12,13,13,13,12,12,12,12,12,13,13,13,13,12,14,12,12,9,15,12,12,12,12,12,13,12,16,16,12,12,12,12,12,12,12,17,11,11,11,18,12,12,12,12,19,20,21,12,12,12,11,12,12,12,12,12,12,12,12,12,12,22,22,23,12,12,12,24,24,10,24,24,24,24,24,25,25,25,25,25,25,25,25","0.00720381736755371","infomap","edit-xhwikibooks.graphml"
"0.16","0.13","0.71","0.310134822337772","1,2,3,2,3,1,4,1,5,6,7,4,8,9,5,10,6,7,7,11,12,2,13,8,14,15,16,17,18,19,20,21,11,22,23,24,25,9,12,12,12,12,2,2,2,2,12,2,2,2,12,12,12,12,12,2,2,2,2,12,13,12,12,8,14,12,12,12,12,12,2,12,15,15,12,12,12,12,12,12,12,16,17,17,17,18,12,12,12,12,19,20,21,12,12,12,10,12,12,12,12,12,12,12,12,12,12,11,11,22,12,12,12,23,23,5,24,23,5,23,23,25,25,25,25,25,25,25,25","0.00726008415222168","infomap","edit-xhwikibooks.graphml"
"0.15","0.14","0.71","0.31599950187058","1,2,1,1,1,2,3,2,4,1,5,3,6,7,4,8,1,5,5,9,10,11,12,6,13,7,14,15,16,17,18,19,9,20,21,22,4,4,10,10,10,10,11,11,11,11,10,11,11,11,10,10,10,10,10,11,11,11,11,10,12,10,10,2,13,10,10,10,10,10,11,10,14,14,10,10,10,10,10,10,10,14,15,15,15,16,10,10,10,10,17,18,19,10,10,10,8,10,10,10,10,10,10,10,10,10,10,9,9,20,10,10,10,21,22,22,22,21,21,22,22,4,4,4,4,4,4,4,4","0.00728917121887207","infomap","edit-xhwikibooks.graphml"
"0.14","0.15","0.71","0.318111282404966","1,2,1,3,1,3,4,2,5,6,4,4,7,8,5,9,6,4,10,11,12,13,14,7,8,5,15,16,17,18,19,20,11,21,22,10,23,5,12,12,12,12,13,13,13,13,12,13,13,13,12,12,12,12,12,13,13,13,13,12,14,12,12,7,8,12,12,12,12,12,13,12,8,8,12,12,12,12,12,12,12,15,16,16,16,17,12,12,12,12,18,19,20,12,12,12,9,12,12,12,12,12,12,12,12,12,12,11,11,21,12,12,12,22,10,10,22,22,22,22,10,23,23,23,23,23,23,23,23","0.00716209411621094","infomap","edit-xhwikibooks.graphml"
"0.13","0.16","0.71","0.310999294606813","1,1,2,2,3,4,3,5,6,4,7,8,5,9,6,10,4,7,11,8,12,13,14,15,16,6,17,18,19,20,21,22,23,24,25,11,26,9,12,12,12,12,13,13,13,13,12,13,13,13,12,12,12,12,12,13,13,13,13,12,14,12,12,15,16,12,12,12,12,12,13,12,17,17,12,12,12,12,12,12,12,17,18,18,18,19,12,12,12,12,20,21,22,12,12,12,10,12,12,12,12,12,12,12,12,12,12,23,23,24,12,12,12,11,25,11,11,11,25,11,11,26,26,26,26,26,26,26,26","0.00705599784851074","infomap","edit-xhwikibooks.graphml"
"0.12","0.17","0.71","0.316963954883173","1,1,2,2,2,3,4,5,3,6,4,7,5,8,9,3,6,4,4,7,10,11,12,13,14,15,16,17,18,19,20,21,22,23,24,9,8,9,10,10,10,10,11,11,11,11,10,11,11,11,10,10,10,10,10,11,11,11,11,10,12,10,10,13,14,10,10,10,10,10,11,10,15,15,10,10,10,10,10,10,10,16,17,17,17,18,10,10,10,10,19,20,21,10,10,10,3,10,10,10,10,10,10,10,10,10,10,22,22,23,10,10,10,24,24,24,9,24,24,24,9,8,8,8,8,8,8,8,8","0.00719904899597168","infomap","edit-xhwikibooks.graphml"
"0.11","0.18","0.71","0.313558373883582","1,1,2,2,3,4,3,5,5,6,7,8,9,10,5,4,6,7,11,8,12,13,14,10,9,15,16,17,18,19,20,21,22,23,24,11,25,5,12,12,12,12,13,13,13,13,12,13,13,13,12,12,12,12,12,13,13,13,13,12,14,12,12,10,9,12,12,12,12,12,13,12,16,15,12,12,12,12,12,12,12,16,17,17,17,18,12,12,12,12,19,20,21,12,12,12,4,12,12,12,12,12,12,12,12,12,12,22,22,23,12,12,12,24,24,24,24,24,24,11,24,25,25,25,25,25,25,25,25","0.00695395469665527","infomap","edit-xhwikibooks.graphml"
"0.1","0.19","0.71","0.314760712126124","1,2,1,3,1,3,4,5,6,7,8,4,5,9,6,10,7,8,8,11,12,2,13,14,15,16,17,18,19,20,21,22,23,11,24,25,9,6,12,12,12,12,2,2,2,2,12,2,2,2,12,12,12,12,12,2,2,2,2,12,13,12,12,14,15,12,12,12,12,12,2,12,16,15,12,12,12,12,12,12,12,17,10,18,10,19,12,12,12,12,20,21,22,12,12,12,10,12,12,12,12,12,12,12,12,12,12,23,23,12,12,12,12,24,25,24,24,25,25,24,24,9,9,9,9,9,9,9,9","0.00717401504516602","infomap","edit-xhwikibooks.graphml"
"0.09","0.2","0.71","0.304319032216626","1,2,1,1,3,4,3,4,5,6,7,3,8,5,9,10,6,7,7,11,2,12,13,8,9,14,15,16,17,18,19,20,21,11,22,23,24,5,2,2,2,2,12,12,12,12,2,12,12,12,2,2,2,2,2,12,12,12,12,2,13,2,2,4,14,2,2,2,2,2,12,2,14,15,2,2,2,2,2,2,2,15,16,16,16,17,2,2,2,2,18,19,20,2,2,2,10,2,2,2,2,2,2,2,2,2,2,21,21,11,2,2,2,22,23,23,22,23,23,23,22,24,24,24,24,24,24,24,24","0.0097651481628418","infomap","edit-xhwikibooks.graphml"
"0.08","0.21","0.71","0.315361911960551","1,2,1,3,4,3,4,5,6,3,7,4,8,6,5,9,3,7,10,11,12,2,13,14,6,15,8,16,17,18,19,20,21,11,10,22,23,6,12,12,12,12,2,2,2,2,12,2,2,2,12,12,12,12,12,2,2,2,2,12,13,12,12,14,15,12,12,12,12,12,2,12,15,6,12,12,12,12,12,12,12,8,16,16,16,17,12,12,12,12,18,19,20,12,12,12,9,12,12,12,12,12,12,12,12,12,12,21,21,11,12,12,12,22,22,10,22,22,10,22,10,23,23,23,23,23,23,23,23","0.00952696800231934","infomap","edit-xhwikibooks.graphml"
"0.07","0.22","0.71","0.317141062611783","1,1,2,2,3,4,3,5,4,4,6,7,8,5,9,10,4,6,6,7,11,12,13,8,14,15,16,10,17,18,19,20,21,22,23,9,24,5,11,11,11,11,12,12,12,12,11,12,12,12,11,11,11,11,11,12,12,12,12,11,13,11,11,5,14,11,11,11,11,11,12,11,15,15,11,11,11,11,11,11,11,16,10,10,10,17,11,11,11,11,18,19,20,11,11,11,10,11,11,11,11,11,11,11,11,11,11,21,21,22,11,11,11,9,9,23,23,23,23,9,23,24,24,24,24,24,24,24,24","0.00701093673706055","infomap","edit-xhwikibooks.graphml"
"0.06","0.23","0.71","0.297452353788837","1,2,1,3,4,3,4,5,6,7,8,4,5,9,6,10,7,8,8,11,12,2,13,9,14,15,16,17,18,19,20,21,22,11,23,24,25,6,12,12,12,12,2,2,2,2,12,2,2,2,12,12,12,12,12,2,2,2,26,12,13,12,12,9,14,12,12,12,12,12,2,12,14,15,12,12,12,12,12,12,12,16,17,17,17,18,12,12,12,12,19,20,21,12,12,12,10,12,12,12,12,12,12,12,12,12,12,22,22,11,12,12,12,6,23,23,23,6,6,6,24,25,25,25,25,25,25,25,25","0.00986599922180176","infomap","edit-xhwikibooks.graphml"
"0.05","0.24","0.71","0.316061550718074","1,2,1,1,3,4,3,2,5,4,6,7,8,9,10,11,4,6,12,7,13,14,15,8,10,9,16,17,18,19,20,21,22,23,12,5,24,5,13,13,13,13,14,14,14,14,13,14,14,14,13,13,13,13,13,14,14,14,14,13,15,13,13,2,9,13,13,13,13,13,14,13,16,10,13,13,13,13,13,13,13,16,17,17,17,18,13,13,13,13,19,20,21,13,13,13,11,13,13,13,13,13,13,13,13,13,13,22,22,23,13,13,13,12,12,12,5,5,5,12,12,24,24,24,24,24,24,24,24","0.00710105895996094","infomap","edit-xhwikibooks.graphml"
"0.04","0.25","0.71","0.310730410975478","1,1,2,2,2,3,4,5,3,6,7,4,8,5,9,3,6,7,7,10,1,11,12,8,13,9,14,15,16,17,18,19,10,20,21,22,23,9,1,1,1,1,11,11,11,11,1,11,11,11,1,1,1,1,1,11,11,11,11,1,12,1,1,8,13,1,1,1,1,1,11,1,14,14,1,1,1,1,1,1,1,14,15,15,15,16,1,1,1,1,17,18,19,1,1,1,3,1,1,1,1,1,1,1,1,1,1,10,10,20,1,1,1,21,21,22,21,21,21,21,21,23,23,23,23,23,23,23,23","0.00713801383972168","infomap","edit-xhwikibooks.graphml"
"0.03","0.26","0.71","0.268348474456387","1,1,2,2,3,4,3,5,4,6,7,8,5,9,10,11,6,7,7,8,12,13,14,15,9,16,17,18,19,20,21,22,23,24,10,25,26,9,12,12,12,12,1,1,1,13,12,1,1,1,12,12,12,12,12,1,1,1,1,12,14,12,12,15,17,12,12,12,12,12,1,12,9,16,12,12,12,12,12,12,12,17,18,18,18,19,12,12,12,12,20,21,22,12,12,12,11,12,12,12,12,12,12,12,12,12,12,23,23,24,12,12,12,10,25,25,25,25,25,25,25,26,26,26,26,26,26,26,26","0.00718116760253906","infomap","edit-xhwikibooks.graphml"
"0.02","0.27","0.71","0.319273868266415","1,2,3,3,4,1,4,5,6,1,4,7,5,6,8,9,1,4,10,7,11,2,12,6,13,14,15,16,17,18,19,20,21,22,23,10,24,8,11,11,11,11,2,2,2,2,11,2,2,2,11,11,11,11,11,2,2,2,2,11,12,11,11,5,13,11,11,11,11,11,2,11,14,15,11,11,11,11,11,11,11,15,16,16,16,17,11,11,11,11,18,19,20,11,11,11,9,11,11,11,11,11,11,11,11,11,11,21,21,22,11,11,11,23,23,23,23,23,23,10,23,24,24,24,24,24,24,24,24","0.00718402862548828","infomap","edit-xhwikibooks.graphml"
"0.01","0.28","0.71","0.314096022089299","1,1,2,2,3,4,3,5,4,6,3,7,8,9,5,4,6,3,3,7,10,11,12,13,14,8,15,16,17,18,19,20,21,22,23,9,24,5,10,10,10,10,11,11,11,11,10,11,11,11,10,10,10,10,10,11,11,11,11,10,12,10,10,13,14,10,10,10,10,10,11,10,14,8,10,10,10,10,10,10,10,15,16,16,16,17,10,10,10,10,18,19,20,10,10,10,4,10,10,10,10,10,10,10,10,10,10,21,21,22,10,10,10,23,23,9,9,23,9,23,9,24,24,24,24,24,24,24,24","0.0071561336517334","infomap","edit-xhwikibooks.graphml"
"0","0.29","0.71","0.315079640451262","1,2,3,3,3,4,5,2,6,7,5,5,2,6,8,4,7,5,9,10,1,11,12,13,14,15,8,16,17,18,19,20,10,21,9,6,22,8,1,1,1,1,11,11,11,11,1,11,11,11,1,1,1,1,1,11,11,11,11,1,12,1,1,13,14,1,1,1,1,1,11,1,15,15,1,1,1,1,1,1,1,15,16,16,16,17,1,1,1,1,18,19,20,1,1,1,4,1,1,1,1,1,1,1,1,1,1,10,10,21,1,1,1,6,9,9,6,9,9,9,9,22,22,22,22,22,22,22,22","0.00740814208984375","infomap","edit-xhwikibooks.graphml"
"0.28","0","0.72","0.314248640491287","1,1,1,2,3,2,3,4,2,2,5,6,7,4,8,9,2,5,10,6,11,12,13,14,15,7,16,17,18,19,20,21,22,23,8,10,24,4,11,11,11,11,12,12,12,12,11,12,12,12,11,11,11,11,11,12,12,12,12,11,13,11,11,14,15,11,11,11,11,11,12,11,16,7,11,11,11,11,11,11,11,16,17,17,17,18,11,11,11,11,19,20,21,11,11,11,9,11,11,11,11,11,11,11,11,11,11,22,22,23,11,11,11,10,10,10,8,8,10,10,8,24,24,24,24,24,24,24,24","0.00742316246032715","infomap","edit-xhwikibooks.graphml"
"0.27","0.01","0.72","0.315434838412212","1,1,2,2,3,4,3,5,5,4,6,7,8,5,9,10,4,6,6,7,11,12,13,8,14,15,14,16,17,18,19,20,7,21,22,23,24,9,11,11,11,11,12,12,12,12,11,12,12,12,11,11,11,11,11,12,12,12,12,11,13,11,11,8,9,11,11,11,11,11,12,11,15,9,11,11,11,11,11,11,11,14,16,16,16,17,11,11,11,11,18,19,20,11,11,11,10,11,11,11,11,11,11,11,11,11,11,7,7,21,11,11,11,23,22,22,23,22,22,22,23,24,24,24,24,24,24,24,24","0.00741696357727051","infomap","edit-xhwikibooks.graphml"
"0.26","0.02","0.72","0.320308897874163","1,1,2,3,2,3,4,1,5,6,7,4,8,5,9,3,6,7,10,11,12,13,14,8,9,15,5,16,17,18,19,20,11,21,22,10,23,5,12,12,12,12,13,13,13,13,12,13,13,13,12,12,12,12,12,13,13,13,13,12,14,12,12,8,15,12,12,12,12,12,13,12,15,15,12,12,12,12,12,12,12,15,16,16,16,17,12,12,12,12,18,19,20,12,12,12,3,12,12,12,12,12,12,12,12,12,12,11,11,21,12,12,12,10,22,10,22,10,10,10,22,23,23,23,23,23,23,23,23","0.0071568489074707","infomap","edit-xhwikibooks.graphml"
"0.25","0.03","0.72","0.319030993988813","1,1,2,1,2,3,4,3,5,6,4,7,8,5,9,10,6,4,11,7,12,13,14,15,9,16,8,17,18,19,20,21,7,22,23,11,24,9,12,12,12,12,13,13,13,13,12,13,13,13,12,12,12,12,12,13,13,13,13,12,14,12,12,15,9,12,12,12,12,12,13,12,16,16,12,12,12,12,12,12,12,8,17,17,17,18,12,12,12,12,19,20,21,12,12,12,10,12,12,12,12,12,12,12,12,12,12,7,7,22,12,12,12,23,23,23,11,23,23,11,23,24,24,24,24,24,24,24,24","0.0104930400848389","infomap","edit-xhwikibooks.graphml"
"0.24","0.04","0.72","0.325425447827191","1,1,2,2,3,4,3,4,5,6,7,7,4,8,5,9,6,7,10,11,12,13,14,8,15,16,5,9,17,18,19,20,21,11,10,22,23,5,12,12,12,12,13,13,13,13,12,13,13,13,12,12,12,12,12,13,13,13,13,12,14,12,12,4,15,12,12,12,12,12,13,12,15,16,12,12,12,12,12,12,12,16,9,9,9,17,12,12,12,12,18,19,20,12,12,12,9,12,12,12,12,12,12,12,12,12,12,21,21,12,12,12,12,22,10,10,22,22,22,22,10,23,23,23,23,23,23,23,23","0.00752615928649902","infomap","edit-xhwikibooks.graphml"
"0.23","0.05","0.72","0.318973710611986","1,1,2,2,3,4,3,5,6,7,8,9,5,10,6,4,7,8,11,9,12,13,14,15,16,17,6,18,19,20,21,22,23,24,11,25,10,10,12,12,12,12,13,13,13,13,12,13,13,13,12,12,12,12,12,13,13,13,13,12,14,12,12,15,16,12,12,12,12,12,13,12,17,16,12,12,12,12,12,12,12,17,18,18,18,19,12,12,12,12,20,21,22,12,12,12,4,12,12,12,12,12,12,12,12,12,12,23,23,24,12,12,12,25,11,11,11,25,11,11,11,10,10,10,10,10,10,10,10","0.00715899467468262","infomap","edit-xhwikibooks.graphml"
"0.22","0.06","0.72","0.316267435488157","1,1,2,2,3,4,3,5,4,6,7,8,9,5,10,11,6,7,7,8,12,13,14,15,16,17,9,18,19,20,21,22,8,23,24,25,10,5,12,12,12,12,13,13,13,13,12,13,13,13,12,12,12,12,12,13,13,13,13,12,14,12,12,15,16,12,12,12,12,12,13,12,17,17,12,12,12,12,12,12,12,9,18,18,18,19,12,12,12,12,20,21,22,12,12,12,11,12,12,12,12,12,12,12,12,12,12,8,8,23,12,12,12,25,25,25,24,25,24,24,25,10,10,10,10,10,10,10,10","0.00695514678955078","infomap","edit-xhwikibooks.graphml"
"0.21","0.07","0.72","0.317940918889306","1,1,2,2,2,3,4,3,5,6,7,4,8,9,5,10,6,7,7,11,12,13,14,8,15,16,9,10,17,18,19,20,11,21,22,23,24,22,12,12,12,12,13,13,13,13,12,13,13,13,12,12,12,12,12,13,13,13,13,12,14,12,12,8,15,12,12,12,12,12,13,12,16,15,12,12,12,12,12,12,12,9,10,10,10,17,12,12,12,12,18,19,20,12,12,12,10,12,12,12,12,12,12,12,12,12,12,11,11,21,12,12,12,23,23,23,22,22,22,22,22,24,24,24,24,24,24,24,24","0.00838303565979004","infomap","edit-xhwikibooks.graphml"
"0.2","0.08","0.72","0.309802767443623","1,1,2,2,3,4,3,5,4,6,7,8,5,9,10,11,6,7,7,8,12,13,14,15,16,17,18,19,20,21,22,23,24,25,10,26,27,9,12,12,12,12,13,13,13,13,12,13,13,13,12,12,12,12,12,13,13,13,13,12,14,12,12,15,16,12,12,12,12,12,13,12,17,16,12,12,12,12,12,12,12,18,19,19,19,20,12,12,12,12,21,22,23,12,12,12,11,12,12,12,12,12,12,12,12,12,12,24,24,25,12,12,12,10,26,10,10,26,26,10,26,27,27,27,27,27,27,27,27","0.00742816925048828","infomap","edit-xhwikibooks.graphml"
"0.19","0.09","0.72","0.298248669200273","1,1,2,1,2,3,4,5,6,7,8,4,9,6,5,3,7,8,8,10,11,1,12,9,13,14,15,16,17,18,19,20,10,21,22,23,24,5,11,11,11,11,1,1,1,1,11,1,1,1,11,11,11,11,11,1,1,1,1,11,12,11,11,5,13,11,11,11,11,11,1,11,15,14,11,11,11,11,11,11,11,15,16,16,16,17,11,11,11,11,18,19,20,11,11,11,3,11,11,11,11,11,11,11,11,11,11,10,10,21,11,11,11,23,23,22,22,23,23,22,23,6,6,6,6,6,24,24,6","0.00989794731140137","infomap","edit-xhwikibooks.graphml"
"0.18","0.1","0.72","0.298122459234528","1,1,2,3,2,3,4,5,3,3,6,4,5,7,8,9,3,6,6,10,11,12,13,14,15,16,17,18,19,20,21,22,10,23,24,8,25,7,11,11,11,11,12,12,12,12,11,12,12,12,11,11,11,11,11,12,12,12,12,11,13,11,11,14,15,11,11,11,11,11,12,11,16,17,11,11,11,11,11,11,11,17,18,18,18,19,11,11,11,11,20,21,22,11,11,11,9,11,11,11,11,11,11,11,11,11,11,10,10,23,11,11,11,24,24,24,8,24,8,8,24,7,7,7,7,7,7,7,25","0.0072028636932373","infomap","edit-xhwikibooks.graphml"
"0.17","0.11","0.72","0.319172211871174","1,2,1,3,4,3,4,5,6,7,8,9,5,6,10,3,7,8,11,9,12,2,13,14,10,15,16,17,18,19,20,21,22,23,11,6,24,6,12,12,12,12,2,2,2,2,12,2,2,2,12,12,12,12,12,2,2,2,2,12,13,12,12,14,16,12,12,12,12,12,2,12,16,15,12,12,12,12,12,12,12,16,17,17,17,18,12,12,12,12,19,20,21,12,12,12,3,12,12,12,12,12,12,12,12,12,12,22,22,23,12,12,12,11,6,6,11,11,11,6,11,24,24,24,24,24,24,24,24","0.0072929859161377","infomap","edit-xhwikibooks.graphml"
"0.16","0.12","0.72","0.320480675846689","1,1,2,2,2,3,4,3,5,6,7,4,8,9,5,10,6,7,11,12,13,1,14,8,15,16,5,17,18,19,20,21,12,22,11,23,24,9,13,13,13,13,1,1,1,1,13,1,1,1,13,13,13,13,13,1,1,1,1,13,14,13,13,3,15,13,13,13,13,13,1,13,16,9,13,13,13,13,13,13,13,9,17,17,17,18,13,13,13,13,19,20,21,13,13,13,10,13,13,13,13,13,13,13,13,13,13,12,12,22,13,13,13,23,23,11,23,11,23,11,23,24,24,24,24,24,24,24,24","0.00717306137084961","infomap","edit-xhwikibooks.graphml"
"0.15","0.13","0.72","0.310724186803159","1,2,1,1,1,3,4,2,5,6,4,7,8,5,9,3,6,4,9,7,10,11,12,8,13,14,15,16,17,18,19,20,21,22,9,23,24,5,10,10,10,10,11,11,11,11,10,11,11,11,10,10,10,10,10,11,11,11,11,10,12,10,10,8,13,10,10,10,10,10,11,10,15,14,10,10,10,10,10,10,10,15,16,16,16,17,10,10,10,10,18,19,20,10,10,10,3,10,10,10,10,10,10,10,10,10,10,21,21,22,10,10,10,23,5,9,9,23,9,5,9,24,24,24,24,24,24,24,24","0.00711989402770996","infomap","edit-xhwikibooks.graphml"
"0.14","0.14","0.72","0.311890118959793","1,1,2,2,3,4,3,5,4,6,7,8,5,9,5,10,6,7,11,8,12,13,14,15,16,17,18,19,20,21,22,23,24,25,26,11,27,9,12,12,12,12,13,13,13,13,12,13,13,13,12,12,12,12,12,13,13,13,13,12,14,12,12,15,16,12,12,12,12,12,13,12,18,17,12,12,12,12,12,12,12,18,19,19,19,20,12,12,12,12,21,22,23,12,12,12,10,12,12,12,12,12,12,12,12,12,12,24,24,25,12,12,12,26,11,26,26,11,26,26,26,27,27,27,27,27,27,27,27","0.00736594200134277","infomap","edit-xhwikibooks.graphml"
"0.13","0.15","0.72","0.320830760696738","1,2,1,3,1,3,4,2,3,5,4,6,7,8,9,10,5,4,11,6,12,13,14,8,7,9,15,10,16,17,18,19,20,21,11,22,23,8,12,12,12,12,13,13,13,13,12,13,13,13,12,12,12,12,12,13,13,13,13,12,14,12,12,2,7,12,12,12,12,12,13,12,9,9,12,12,12,12,12,12,12,15,10,10,10,16,12,12,12,12,17,18,19,12,12,12,10,12,12,12,12,12,12,12,12,12,12,20,20,21,12,12,12,11,22,22,22,11,22,22,22,23,23,23,23,23,23,23,23","0.00737595558166504","infomap","edit-xhwikibooks.graphml"
"0.12","0.16","0.72","0.273471446803913","1,1,2,1,2,3,4,5,6,7,4,4,5,8,9,3,7,4,10,11,12,13,14,8,15,16,9,17,18,19,20,21,11,22,23,10,6,6,12,12,12,12,1,1,1,1,12,1,1,1,12,12,12,12,12,1,1,1,13,12,14,12,12,5,15,12,12,12,12,12,1,12,15,16,12,12,12,12,12,12,12,9,17,17,17,18,12,12,12,12,19,20,21,12,12,12,3,12,12,12,12,12,12,12,12,12,12,11,11,22,12,12,12,10,10,10,23,23,23,23,10,6,6,6,6,6,6,6,6","0.00766611099243164","infomap","edit-xhwikibooks.graphml"
"0.11","0.17","0.72","0.309102688694525","1,1,2,2,3,4,3,5,6,4,7,3,8,6,5,9,4,7,7,10,11,12,13,14,8,15,16,9,17,18,19,20,21,10,22,23,24,6,11,11,11,11,12,12,12,12,11,12,12,12,11,11,11,11,11,12,12,12,12,11,13,11,11,14,8,11,11,11,11,11,12,11,15,15,11,11,11,11,11,11,11,16,9,9,9,17,11,11,11,11,18,19,20,11,11,11,9,11,11,11,11,11,11,11,11,11,11,21,21,10,11,11,11,23,23,22,22,23,23,23,22,24,24,24,24,24,24,24,24","0.00743198394775391","infomap","edit-xhwikibooks.graphml"
"0.1","0.18","0.72","0.314807719005969","1,1,2,2,3,4,3,4,5,6,7,8,9,10,5,11,6,7,12,8,13,14,15,9,16,10,17,18,19,20,21,22,8,23,12,24,25,10,13,13,13,13,14,14,14,14,13,14,14,14,13,13,13,13,13,14,14,14,14,13,15,13,13,9,16,13,13,13,13,13,14,13,16,10,13,13,13,13,13,13,13,17,18,18,18,19,13,13,13,13,20,21,22,13,13,13,11,13,13,13,13,13,13,13,13,13,13,8,8,23,13,13,13,12,12,24,24,24,24,24,12,25,25,25,25,25,25,25,25","0.00725698471069336","infomap","edit-xhwikibooks.graphml"
"0.09","0.19","0.72","0.314543230405167","1,2,1,1,3,4,3,2,5,6,7,8,2,9,5,4,6,7,10,8,11,12,13,14,9,15,16,17,18,19,20,21,22,23,24,10,25,5,11,11,11,11,12,12,12,12,11,12,12,12,11,11,11,11,11,12,12,12,12,11,13,11,11,14,16,11,11,11,11,11,12,11,15,9,11,11,11,11,11,11,11,16,17,17,17,18,11,11,11,11,19,20,21,11,11,11,4,11,11,11,11,11,11,11,11,11,11,22,22,23,11,11,11,10,10,24,24,24,10,24,24,25,25,25,25,25,25,25,25","0.00734186172485352","infomap","edit-xhwikibooks.graphml"
"0.08","0.2","0.72","0.298256771325614","1,2,1,2,3,4,3,4,5,4,3,6,7,5,8,9,4,3,5,6,10,2,11,12,13,14,7,15,16,17,18,19,6,20,21,5,22,8,10,10,10,10,2,2,2,2,10,2,2,2,10,10,10,10,10,2,2,2,2,10,11,10,10,12,13,10,10,10,10,10,2,10,14,13,10,10,10,10,10,10,10,7,15,15,15,16,10,10,10,10,17,18,19,10,10,10,9,10,10,10,10,10,10,10,10,10,10,6,6,20,10,10,10,8,8,8,8,5,21,8,5,22,22,22,22,22,22,22,22","0.00710582733154297","infomap","edit-xhwikibooks.graphml"
"0.07","0.21","0.72","0.310365840627515","1,1,2,2,3,4,3,5,4,6,7,8,5,9,10,11,6,7,7,8,12,13,14,15,16,17,18,11,19,20,21,22,23,24,25,10,26,9,12,12,12,12,13,13,13,13,12,13,13,13,12,12,12,12,12,13,13,13,13,12,14,12,12,15,16,12,12,12,12,12,13,12,17,17,12,12,12,12,12,12,12,18,11,11,11,19,12,12,12,12,20,21,22,12,12,12,11,12,12,12,12,12,12,12,12,12,12,23,23,24,12,12,12,10,10,10,10,10,25,10,10,26,26,26,26,26,26,26,26","0.0070798397064209","infomap","edit-xhwikibooks.graphml"
"0.06","0.22","0.72","0.313641132853694","1,1,1,2,3,2,3,4,5,6,7,8,4,5,9,10,6,7,7,8,11,12,13,14,15,16,17,18,19,20,21,22,23,24,25,26,9,9,11,11,11,11,12,12,12,12,11,12,12,12,11,11,11,11,11,12,12,12,12,11,13,11,11,14,15,11,11,11,11,11,12,11,17,16,11,11,11,11,11,11,11,17,18,18,18,19,11,11,11,11,20,21,22,11,11,11,10,11,11,11,11,11,11,11,11,11,11,23,23,24,11,11,11,25,26,25,26,25,26,26,25,9,9,9,9,9,9,9,9","0.00711989402770996","infomap","edit-xhwikibooks.graphml"
"0.05","0.23","0.72","0.298896485241556","1,1,2,2,3,4,3,5,6,4,7,8,9,6,5,10,4,7,7,8,11,12,13,14,9,9,15,16,17,18,19,20,21,22,23,24,25,6,11,11,11,11,12,12,12,12,11,12,12,12,11,11,11,11,11,12,12,12,12,11,13,11,11,14,9,11,11,11,11,11,12,11,9,15,11,11,11,11,11,11,11,15,16,16,16,17,11,11,11,11,18,19,20,11,11,11,10,11,11,11,11,11,11,11,11,11,11,21,21,22,11,11,11,23,24,23,24,24,23,23,23,25,6,25,6,25,25,6,6","0.00733089447021484","infomap","edit-xhwikibooks.graphml"
"0.04","0.24","0.72","0.311370160316128","1,1,2,2,3,4,3,5,6,4,3,7,8,6,5,9,4,3,10,7,11,12,13,8,14,15,16,17,18,19,20,21,22,23,24,10,25,6,11,11,11,11,12,12,12,12,11,12,12,12,11,11,11,11,11,12,12,12,12,11,13,11,11,8,14,11,11,11,11,11,12,11,14,15,11,11,11,11,11,11,11,16,17,17,17,18,11,11,11,11,19,20,21,11,11,11,9,11,11,11,11,11,11,11,11,11,11,7,22,23,11,11,11,24,24,10,24,24,24,24,10,25,25,25,25,25,25,25,25","0.00726103782653809","infomap","edit-xhwikibooks.graphml"
"0.03","0.25","0.72","0.312975896997754","1,1,2,1,2,3,4,5,3,6,7,4,8,9,5,10,6,7,11,12,13,14,15,8,16,17,18,10,19,20,21,22,12,23,24,11,25,9,13,13,13,13,14,14,14,14,13,14,14,14,13,13,13,13,13,14,14,14,14,13,15,13,13,5,16,13,13,13,13,13,14,13,17,17,13,13,13,13,13,13,13,18,10,10,10,19,13,13,13,13,20,21,22,13,13,13,10,13,13,13,13,13,13,13,13,13,13,12,12,23,13,13,13,24,11,11,24,11,24,11,24,25,25,25,25,25,25,25,25","0.00717997550964355","infomap","edit-xhwikibooks.graphml"
"0.02","0.26","0.72","0.322820906093789","1,1,2,2,2,3,4,3,3,5,4,4,6,7,8,9,5,4,10,11,12,13,14,7,6,15,8,9,16,17,18,19,11,20,10,21,22,8,12,12,12,12,13,13,13,13,12,13,13,13,12,12,12,12,12,13,13,13,13,12,14,12,12,3,6,12,12,12,12,12,13,12,8,15,12,12,12,12,12,12,12,6,9,9,9,16,12,12,12,12,17,18,19,12,12,12,9,12,12,12,12,12,12,12,12,12,12,11,11,20,12,12,12,21,10,21,10,10,21,10,21,22,22,22,22,22,22,22,22","0.00744485855102539","infomap","edit-xhwikibooks.graphml"
"0.01","0.27","0.72","0.315051694530928","1,1,2,2,3,4,3,5,5,4,6,7,5,5,8,9,4,6,6,7,10,11,12,13,14,15,16,17,18,19,20,21,22,23,24,25,26,8,10,10,10,10,11,11,11,11,10,11,11,11,10,10,10,10,10,11,11,11,11,10,12,10,10,13,14,10,10,10,10,10,11,10,15,16,10,10,10,10,10,10,10,16,17,17,17,18,10,10,10,10,19,20,21,10,10,10,9,10,10,10,10,10,10,10,10,10,10,22,22,23,10,10,10,24,25,24,25,25,25,25,24,26,26,26,26,26,26,26,26","0.00738120079040527","infomap","edit-xhwikibooks.graphml"
"0","0.28","0.72","0.321076084908744","1,1,2,2,2,3,4,1,5,6,4,4,7,8,5,3,6,4,9,10,11,12,13,7,8,14,15,16,17,18,19,20,10,21,9,22,23,8,11,11,11,11,12,12,12,12,11,12,12,12,11,11,11,11,11,12,12,12,12,11,13,11,11,7,8,11,11,11,11,11,12,11,8,14,11,11,11,11,11,11,11,15,16,16,16,17,11,11,11,11,18,19,20,11,11,11,3,11,11,11,11,11,11,11,11,11,11,10,10,21,11,11,11,22,22,22,9,22,22,9,22,23,23,23,23,23,23,23,23","0.0073399543762207","infomap","edit-xhwikibooks.graphml"
"0.27","0","0.73","0.277497344057388","1,1,2,2,2,3,4,5,3,6,7,4,5,8,9,10,6,7,7,11,12,13,14,15,9,8,16,10,17,18,19,20,11,21,22,23,24,9,12,12,12,12,1,1,1,1,12,1,1,1,12,12,12,12,12,1,13,1,1,12,14,12,12,15,16,12,12,12,12,12,13,12,8,16,12,12,12,12,12,12,12,16,10,10,10,17,12,12,12,12,18,19,20,12,12,12,10,12,12,12,12,12,12,12,12,12,12,11,11,21,12,12,12,22,22,22,22,23,22,22,23,24,24,24,24,24,24,24,24","0.00730705261230469","infomap","edit-xhwikibooks.graphml"
"0.26","0.01","0.73","0.312449666195303","1,1,2,1,2,3,4,5,3,6,4,7,8,9,10,11,6,4,4,7,12,13,14,5,9,15,8,16,17,18,19,20,21,7,10,22,23,9,12,12,12,12,13,13,13,13,12,13,13,13,12,12,12,12,12,13,13,13,13,12,14,12,12,5,8,12,12,12,12,12,13,12,15,15,12,12,12,12,12,12,12,8,16,16,16,17,12,12,12,12,18,19,20,12,12,12,11,12,12,12,12,12,12,12,12,12,12,21,21,12,12,12,12,22,22,10,10,22,10,10,10,23,23,23,23,23,23,23,23","0.00738310813903809","infomap","edit-xhwikibooks.graphml"
"0.25","0.02","0.73","0.314451770605586","1,2,1,3,1,3,4,2,5,3,4,6,7,8,5,9,3,4,10,6,11,12,13,7,8,14,15,16,17,18,19,20,21,22,23,10,24,5,11,11,11,11,12,12,12,12,11,12,12,12,11,11,11,11,11,12,12,12,12,11,13,11,11,2,15,11,11,11,11,11,12,11,8,14,11,11,11,11,11,11,11,15,16,16,16,17,11,11,11,11,18,19,20,11,11,11,9,11,11,11,11,11,11,11,11,11,11,21,21,22,11,11,11,23,10,23,10,23,23,23,10,24,24,24,24,24,24,24,24","0.00996303558349609","infomap","edit-xhwikibooks.graphml"
"0.24","0.03","0.73","0.316747754973768","1,1,2,2,2,3,4,5,6,7,4,4,5,6,8,3,7,4,9,10,11,12,13,14,15,16,6,17,18,19,20,21,10,22,23,9,8,6,11,11,11,11,12,12,12,12,11,12,12,12,11,11,11,11,11,12,12,12,12,11,13,11,11,14,15,11,11,11,11,11,12,11,16,6,11,11,11,11,11,11,11,16,17,17,17,18,11,11,11,11,19,20,21,11,11,11,3,11,11,11,11,11,11,11,11,11,11,10,10,22,11,11,11,23,9,23,23,23,23,23,9,8,8,8,8,8,8,8,8","0.00766682624816895","infomap","edit-xhwikibooks.graphml"
"0.23","0.04","0.73","0.310788320542491","1,1,2,2,3,4,3,4,4,5,6,7,8,9,10,11,5,6,12,7,13,14,15,8,16,17,18,19,20,21,22,23,24,25,12,10,26,9,13,13,13,13,14,14,14,14,13,14,14,14,13,13,13,13,13,14,14,14,14,13,15,13,13,8,16,13,13,13,13,13,14,13,16,17,13,13,13,13,13,13,13,18,19,11,11,20,13,13,13,13,21,22,23,13,13,13,11,13,13,13,13,13,13,13,13,13,13,7,24,25,13,13,13,10,10,12,12,12,12,12,12,26,26,26,26,26,26,26,26","0.00755500793457031","infomap","edit-xhwikibooks.graphml"
"0.22","0.05","0.73","0.317143326758711","1,2,1,3,4,3,4,5,3,6,7,4,5,8,9,10,6,7,7,11,12,2,13,14,15,16,9,10,17,18,19,20,11,21,22,23,24,8,12,12,12,12,2,2,2,2,12,2,2,2,12,12,12,12,12,2,2,2,2,12,13,12,12,14,15,12,12,12,12,12,2,12,16,15,12,12,12,12,12,12,12,16,10,10,10,17,12,12,12,12,18,19,20,12,12,12,10,12,12,12,12,12,12,12,12,12,12,11,11,21,12,12,12,22,22,22,22,22,22,23,22,24,24,24,24,24,24,24,24","0.00748705863952637","infomap","edit-xhwikibooks.graphml"
"0.21","0.06","0.73","0.318442429843655","1,2,3,3,3,1,4,2,1,5,4,6,7,8,9,10,5,4,11,6,12,13,14,7,15,8,16,17,18,19,20,21,22,23,11,9,24,9,12,12,12,12,13,13,13,13,12,13,13,13,12,12,12,12,12,13,13,13,13,12,14,12,12,7,15,12,12,12,12,12,13,12,15,16,12,12,12,12,12,12,12,16,17,17,17,18,12,12,12,12,19,20,21,12,12,12,10,12,12,12,12,12,12,12,12,12,12,22,22,23,12,12,12,9,11,11,11,11,11,11,11,24,24,24,24,24,24,24,24","0.00721907615661621","infomap","edit-xhwikibooks.graphml"
"0.2","0.07","0.73","0.311688305354044","1,2,1,3,4,3,4,2,3,5,6,7,8,9,10,11,5,6,6,7,12,13,14,8,15,10,16,17,18,19,20,21,22,23,24,25,9,10,12,12,12,12,13,13,13,13,12,13,13,13,12,12,12,12,12,13,13,13,13,12,14,12,12,8,15,12,12,12,12,12,13,12,15,16,12,12,12,12,12,12,12,16,17,17,17,18,12,12,12,12,19,20,21,12,12,12,11,12,12,12,12,12,12,12,12,12,12,22,22,23,12,12,12,25,24,25,24,24,24,25,25,9,9,9,9,9,9,9,9","0.0101468563079834","infomap","edit-xhwikibooks.graphml"
"0.19","0.08","0.73","0.318603472557246","1,1,2,2,3,4,3,5,4,6,7,3,5,8,9,10,6,7,11,12,13,14,15,8,16,17,18,10,19,20,21,22,12,23,24,11,9,8,13,13,13,13,14,14,14,14,13,14,14,14,13,13,13,13,13,14,14,14,14,13,15,13,13,8,16,13,13,13,13,13,14,13,17,16,13,13,13,13,13,13,13,18,10,10,10,19,13,13,13,13,20,21,22,13,13,13,10,13,13,13,13,13,13,13,13,13,13,12,12,23,13,13,13,24,11,24,24,24,24,24,24,9,9,9,9,9,9,9,9","0.0073850154876709","infomap","edit-xhwikibooks.graphml"
"0.18","0.09","0.73","0.311819008427041","1,2,1,2,3,4,3,2,4,4,3,5,2,6,7,8,4,3,3,5,9,10,11,12,13,7,13,14,15,16,17,18,19,20,21,22,23,6,9,9,9,9,10,10,10,10,9,10,10,10,9,9,9,9,9,10,10,10,10,9,11,9,9,12,13,9,9,9,9,9,10,9,13,13,9,9,9,9,9,9,9,7,8,14,8,15,9,9,9,9,16,17,18,9,9,9,8,9,9,9,9,9,9,9,9,9,9,19,19,20,9,9,9,22,21,21,22,22,21,21,21,23,23,23,23,23,23,23,23","0.0105221271514893","infomap","edit-xhwikibooks.graphml"
"0.17","0.1","0.73","0.312022635815966","1,2,1,1,1,3,4,5,6,3,4,4,5,7,6,8,3,4,9,10,11,12,13,2,14,15,16,17,18,19,20,21,10,22,9,23,24,7,11,11,11,11,12,12,12,12,11,12,12,12,11,11,11,11,11,12,12,12,12,11,13,11,11,2,14,11,11,11,11,11,12,11,15,6,11,11,11,11,11,11,11,16,17,17,17,18,11,11,11,11,19,20,21,11,11,11,8,11,11,11,11,11,11,11,11,11,11,10,10,22,11,11,11,23,23,23,9,23,23,9,9,24,24,24,24,24,24,24,24","0.00786781311035156","infomap","edit-xhwikibooks.graphml"
"0.16","0.11","0.73","0.312800846218689","1,1,2,2,3,4,3,4,5,6,7,8,9,10,5,11,6,7,12,8,13,14,15,9,16,17,18,19,20,21,22,23,24,25,26,12,10,5,13,13,13,13,14,14,14,14,13,14,14,14,13,13,13,13,13,14,14,14,14,13,15,13,13,4,16,13,13,13,13,13,14,13,16,17,13,13,13,13,13,13,13,18,19,19,19,20,13,13,13,13,21,22,23,13,13,13,11,13,13,13,13,13,13,13,13,13,13,24,24,25,13,13,13,26,26,26,26,26,26,12,12,10,10,10,10,10,10,10,10","0.00746011734008789","infomap","edit-xhwikibooks.graphml"
"0.15","0.12","0.73","0.316593621975416","1,1,2,2,3,4,3,4,4,5,6,7,8,9,10,11,5,6,12,7,13,14,15,16,17,18,8,19,20,21,22,23,7,24,12,9,10,10,13,13,13,13,14,14,14,14,13,14,14,14,13,13,13,13,13,14,14,14,14,13,15,13,13,16,17,13,13,13,13,13,14,13,8,18,13,13,13,13,13,13,13,8,19,19,19,20,13,13,13,13,21,22,23,13,13,13,11,13,13,13,13,13,13,13,13,13,13,7,7,24,13,13,13,12,12,12,9,9,9,9,12,10,10,10,10,10,10,10,10","0.00759100914001465","infomap","edit-xhwikibooks.graphml"
"0.14","0.13","0.73","0.312681287236425","1,1,2,3,2,3,4,5,6,7,8,4,9,5,6,10,7,8,8,11,12,13,14,15,9,16,17,10,18,19,20,21,11,22,23,24,25,5,12,12,12,12,13,13,13,13,12,13,13,13,12,12,12,12,12,13,13,13,13,12,14,12,12,15,9,12,12,12,12,12,13,12,16,17,12,12,12,12,12,12,12,17,10,10,10,18,12,12,12,12,19,20,21,12,12,12,10,12,12,12,12,12,12,12,12,12,12,11,11,22,12,12,12,24,23,23,23,24,24,23,23,25,25,25,25,25,25,25,25","0.00992703437805176","infomap","edit-xhwikibooks.graphml"
"0.13","0.14","0.73","0.316712973331525","1,1,2,2,2,3,4,3,3,5,6,4,7,8,9,10,5,6,11,12,13,14,15,16,7,17,18,10,19,20,21,22,12,23,11,24,9,8,13,13,13,13,14,14,14,14,13,14,14,14,13,13,13,13,13,14,14,14,14,13,15,13,13,16,7,13,13,13,13,13,14,13,17,17,13,13,13,13,13,13,13,18,10,10,10,19,13,13,13,13,20,21,22,13,13,13,10,13,13,13,13,13,13,13,13,13,13,12,12,23,13,13,13,24,24,24,24,24,11,11,11,9,9,9,9,9,9,9,9","0.00760507583618164","infomap","edit-xhwikibooks.graphml"
"0.12","0.15","0.73","0.314359389858138","1,2,1,2,3,4,3,4,5,6,7,8,9,9,5,10,6,7,7,8,11,12,13,2,14,15,9,16,17,18,19,20,21,8,22,23,24,9,11,11,11,11,12,12,12,12,11,12,12,12,11,11,11,11,11,12,12,12,12,11,13,11,11,2,14,11,11,11,11,11,12,11,9,15,11,11,11,11,11,11,11,14,16,16,16,17,11,11,11,11,18,19,20,11,11,11,10,11,11,11,11,11,11,11,11,11,11,21,21,11,11,11,11,22,22,22,23,22,23,23,22,24,24,24,24,24,24,24,24","0.00743293762207031","infomap","edit-xhwikibooks.graphml"
"0.11","0.16","0.73","0.316891749222144","1,1,2,2,3,4,3,5,6,4,7,8,9,5,6,10,4,7,11,8,12,13,14,15,16,9,17,18,19,20,21,22,8,23,24,11,25,6,12,12,12,12,13,13,13,13,12,13,13,13,12,12,12,12,12,13,13,13,13,12,14,12,12,15,16,12,12,12,12,12,13,12,9,9,12,12,12,12,12,12,12,17,18,18,18,19,12,12,12,12,20,21,22,12,12,12,10,12,12,12,12,12,12,12,12,12,12,8,8,23,12,12,12,24,24,24,24,24,24,11,11,25,25,25,25,25,25,25,25","0.00752592086791992","infomap","edit-xhwikibooks.graphml"
"0.1","0.17","0.73","0.307386738756329","1,1,2,3,2,3,4,3,5,6,7,4,8,9,5,10,6,7,7,11,12,13,14,8,15,16,17,10,18,19,20,21,11,22,23,9,24,5,12,12,12,12,13,13,13,13,12,13,13,13,12,12,12,12,12,13,13,13,13,12,14,12,12,8,15,12,12,12,12,12,13,12,16,17,12,12,12,12,12,12,12,17,10,10,10,18,12,12,12,12,19,20,21,12,12,12,10,12,12,12,12,12,12,12,12,12,12,11,11,22,12,12,12,9,9,5,9,9,5,9,23,24,24,24,24,24,24,24,24","0.00738000869750977","infomap","edit-xhwikibooks.graphml"
"0.09","0.18","0.73","0.31768833582469","1,1,1,2,3,2,3,4,5,6,7,8,4,9,5,10,6,7,7,8,11,12,13,14,15,5,16,17,18,19,20,21,8,22,23,9,24,5,11,11,11,11,12,12,12,12,11,12,12,12,11,11,11,11,11,12,12,12,12,11,13,11,11,14,15,11,11,11,11,11,12,11,15,15,11,11,11,11,11,11,11,16,17,17,17,18,11,11,11,11,19,20,21,11,11,11,10,11,11,11,11,11,11,11,11,11,11,8,8,22,11,11,11,23,9,23,23,23,23,23,9,24,24,24,24,24,24,24,24","0.00982904434204102","infomap","edit-xhwikibooks.graphml"
"0.08","0.19","0.73","-0.108263251207292","1,2,1,2,3,4,3,2,5,6,7,8,9,9,5,4,6,7,7,8,10,11,12,13,14,9,15,16,17,18,19,20,21,22,23,24,25,23,22,22,22,22,11,11,11,11,22,11,11,11,22,22,22,22,22,11,11,11,11,22,12,22,22,13,14,22,22,22,22,10,11,22,9,15,22,10,22,22,22,22,22,15,16,16,16,17,22,22,22,22,18,19,20,22,22,22,4,22,22,22,22,22,22,22,22,22,22,21,21,22,22,22,22,23,24,24,23,24,23,24,23,25,25,25,25,25,25,25,25","0.00742387771606445","infomap","edit-xhwikibooks.graphml"
"0.07","0.2","0.73","0.316411694853111","1,1,2,2,2,3,4,5,3,6,4,7,8,5,9,3,6,4,10,7,11,12,13,8,14,15,16,17,18,19,20,21,7,22,10,23,24,9,11,11,11,11,12,12,12,12,11,12,12,12,11,11,11,11,11,12,12,12,12,11,13,11,11,8,14,11,11,11,11,11,12,11,15,14,11,11,11,11,11,11,11,16,17,17,17,18,11,11,11,11,19,20,21,11,11,11,3,11,11,11,11,11,11,11,11,11,11,7,7,22,11,11,11,23,10,10,23,10,10,10,10,24,24,24,24,24,24,24,24","0.00731301307678223","infomap","edit-xhwikibooks.graphml"
"0.06","0.21","0.73","0.316067581444783","1,1,2,2,2,3,4,1,3,3,4,5,6,7,8,9,3,4,4,5,10,11,12,6,13,14,15,9,16,17,18,19,20,21,22,8,7,8,10,10,10,10,11,11,11,11,10,11,11,11,10,10,10,10,10,11,11,11,11,10,12,10,10,1,13,10,10,10,10,10,11,10,13,14,10,10,10,10,10,10,10,15,9,9,9,16,10,10,10,10,17,18,19,10,10,10,9,10,10,10,10,10,10,10,10,10,10,20,20,21,10,10,10,22,8,22,22,22,8,8,22,7,7,7,7,7,7,7,7","0.00708985328674316","infomap","edit-xhwikibooks.graphml"
"0.05","0.22","0.73","0.298327686510638","1,2,1,1,1,3,4,5,3,6,4,4,5,7,8,9,6,4,10,11,12,2,13,8,14,15,16,17,18,19,20,21,11,22,10,23,24,7,12,12,12,12,2,2,2,2,12,2,2,2,12,12,12,12,12,2,2,2,2,12,13,12,12,8,14,12,12,12,12,12,2,12,15,15,12,12,12,12,12,12,12,16,17,17,17,18,12,12,12,12,19,20,21,12,12,12,9,12,12,12,12,12,12,12,12,12,12,11,11,22,12,12,12,23,10,10,23,23,10,10,10,7,7,24,7,7,24,7,7","0.00727295875549316","infomap","edit-xhwikibooks.graphml"
"0.04","0.23","0.73","0.312329257560286","1,2,1,2,3,4,3,2,4,5,6,3,7,8,9,4,5,6,6,10,11,12,13,7,14,15,8,16,17,18,19,20,10,21,22,23,9,8,11,11,11,11,12,12,12,12,11,12,12,12,11,11,11,11,11,12,12,12,12,11,13,11,11,2,14,11,11,11,11,11,12,11,15,8,11,11,11,11,11,11,11,15,16,16,16,17,11,11,11,11,18,19,20,11,11,11,4,11,11,11,11,11,11,11,11,11,11,10,10,21,11,11,11,23,22,23,23,23,22,23,22,9,9,9,9,9,9,9,9","0.00759315490722656","infomap","edit-xhwikibooks.graphml"
"0.03","0.24","0.73","0.314299047967297","1,2,1,3,1,3,4,2,3,5,6,4,7,8,9,10,5,6,11,12,13,14,15,7,16,17,8,18,19,20,21,22,12,23,24,11,9,8,13,13,13,13,14,14,14,14,13,14,14,14,13,13,13,13,13,14,14,14,14,13,15,13,13,7,16,13,13,13,13,13,14,13,17,16,13,13,13,13,13,13,13,17,18,18,18,19,13,13,13,13,20,21,22,13,13,13,10,13,13,13,13,13,13,13,13,13,13,12,12,23,13,13,13,24,24,24,11,11,24,24,11,9,9,9,9,9,9,9,9","0.00727295875549316","infomap","edit-xhwikibooks.graphml"
"0.02","0.25","0.73","0.307230243719744","1,2,3,3,4,1,4,2,5,1,6,7,8,5,9,10,1,6,6,7,11,12,13,14,15,8,16,17,18,19,20,21,22,23,24,25,9,15,11,11,11,11,12,12,12,12,11,12,12,12,11,11,11,11,11,12,12,12,12,11,13,11,11,14,15,11,11,11,11,11,12,11,16,8,11,11,11,11,11,11,11,16,17,17,17,18,11,11,11,11,19,20,21,11,11,11,10,11,11,11,11,11,11,11,11,11,11,22,22,23,11,11,11,24,25,25,25,25,24,24,25,9,9,9,9,9,9,9,9","0.00780200958251953","infomap","edit-xhwikibooks.graphml"
"0.01","0.26","0.73","0.316975099576721","1,1,2,2,3,4,3,1,4,5,6,7,8,8,9,10,5,6,11,7,12,13,14,15,16,8,17,18,19,20,21,22,23,23,11,24,9,8,12,12,12,12,13,13,13,13,12,13,13,13,12,12,12,12,12,13,13,13,13,12,14,12,12,15,16,12,12,12,12,12,13,12,17,17,12,12,12,12,12,12,12,17,18,18,18,19,12,12,12,12,20,21,22,12,12,12,10,12,12,12,12,12,12,12,12,12,12,23,23,12,12,12,12,11,24,11,24,24,11,24,24,9,9,9,9,9,9,9,9","0.00728082656860352","infomap","edit-xhwikibooks.graphml"
"0","0.27","0.73","0.309162819312911","1,2,1,2,3,4,3,5,6,7,8,9,10,6,5,4,7,8,8,9,11,2,12,10,13,14,15,16,17,18,19,20,21,22,23,24,25,15,11,11,11,11,2,2,2,2,11,2,2,2,11,11,11,11,11,2,2,2,2,11,12,11,11,5,13,11,11,11,11,11,2,11,14,14,11,11,11,11,11,11,11,15,16,16,16,17,11,11,11,11,18,19,20,11,11,11,16,11,11,11,11,11,11,11,11,11,11,21,21,22,11,11,11,23,23,24,23,23,23,24,24,25,25,25,25,25,25,25,25","0.00765013694763184","infomap","edit-xhwikibooks.graphml"
"0.26","0","0.74","0.312033889651673","1,1,2,2,3,4,3,5,5,6,7,8,9,5,10,4,6,7,7,8,11,12,13,14,10,9,15,16,17,18,19,20,21,22,23,24,25,10,11,11,11,11,12,12,12,12,11,12,12,12,11,11,11,11,11,12,12,12,12,11,13,11,11,14,15,11,11,11,11,11,12,11,9,9,11,11,11,11,11,11,11,15,16,16,16,17,11,11,11,11,18,19,20,11,11,11,4,11,11,11,11,11,11,11,11,11,11,21,21,22,11,11,11,23,23,24,23,24,23,24,24,25,25,25,25,25,25,25,25","0.00735592842102051","infomap","edit-xhwikibooks.graphml"
"0.25","0.01","0.74","0.308135801167461","1,2,1,2,1,3,4,2,3,5,4,6,7,8,9,10,5,4,11,6,12,13,14,8,9,7,15,16,17,18,19,20,21,22,11,23,24,8,12,12,12,12,13,13,13,13,12,13,13,13,12,12,12,12,12,13,13,13,13,12,14,12,12,8,15,12,12,12,12,12,13,12,9,7,12,12,12,12,12,12,12,15,10,10,16,17,12,12,12,12,18,19,20,12,12,12,10,12,12,12,12,12,12,12,12,12,12,21,21,22,12,12,12,23,11,23,11,23,23,23,23,24,24,24,24,24,24,24,24","0.0100359916687012","infomap","edit-xhwikibooks.graphml"
"0.24","0.02","0.74","0.303970727687914","1,2,1,3,4,3,4,3,5,6,7,4,3,5,8,9,6,7,10,11,2,12,13,8,14,15,16,17,18,19,20,21,11,22,10,23,24,5,2,2,2,2,12,12,12,12,2,12,12,12,2,2,2,2,2,12,12,12,12,2,13,2,2,8,14,2,2,2,2,2,12,2,15,15,2,2,2,2,2,2,2,16,17,17,17,18,2,2,2,2,19,20,21,2,2,2,9,2,2,2,2,2,2,2,2,2,2,11,11,22,2,2,2,23,10,23,23,23,23,23,23,24,24,24,24,24,24,24,24","0.0100679397583008","infomap","edit-xhwikibooks.graphml"
"0.23","0.03","0.74","0.320318466350163","1,2,1,3,1,3,4,2,5,6,4,4,2,7,5,8,6,4,9,10,11,2,12,13,7,14,15,8,16,17,18,19,10,20,9,21,22,5,11,11,11,11,2,2,2,2,11,2,2,2,11,11,11,11,11,2,2,2,2,11,12,11,11,13,7,11,11,11,11,11,2,11,14,14,11,11,11,11,11,11,11,15,8,8,8,16,11,11,11,11,17,18,19,11,11,11,8,11,11,11,11,11,11,11,11,11,11,10,10,20,11,11,11,21,21,21,9,21,21,9,21,22,22,22,22,22,22,22,22","0.00778794288635254","infomap","edit-xhwikibooks.graphml"
"0.22","0.04","0.74","0.320836316864372","1,1,2,2,3,4,5,4,6,7,3,5,8,9,6,10,7,3,11,12,13,14,15,8,9,16,17,10,18,19,20,21,12,22,11,6,23,6,13,13,13,13,14,14,14,14,13,14,14,14,13,13,13,13,13,14,14,14,14,13,15,13,13,8,17,13,13,13,13,13,14,13,9,16,13,13,13,13,13,13,13,17,10,10,10,18,13,13,13,13,19,20,21,13,13,13,10,13,13,13,13,13,13,13,13,13,13,12,12,22,13,13,13,11,11,11,6,11,11,11,11,23,23,23,23,23,23,23,23","0.00977897644042969","infomap","edit-xhwikibooks.graphml"
"0.21","0.05","0.74","0.310776331643547","1,1,2,3,2,3,4,5,6,7,8,4,9,5,6,10,7,8,11,12,13,14,15,6,9,16,17,18,19,20,21,22,12,23,11,24,25,5,13,13,13,13,14,14,14,14,13,14,14,14,13,13,13,13,13,14,14,14,14,13,15,13,13,5,9,13,13,13,13,13,14,13,17,16,13,13,13,13,13,13,13,17,18,18,18,19,13,13,13,13,20,21,22,13,13,13,10,13,13,13,13,13,13,13,13,13,13,12,12,23,13,13,13,11,24,24,24,11,11,24,11,25,25,25,25,25,25,25,25","0.0101561546325684","infomap","edit-xhwikibooks.graphml"
"0.2","0.06","0.74","0.317905939797962","1,1,2,1,2,3,4,5,3,3,6,4,7,5,8,9,3,6,10,11,12,13,14,7,15,16,17,9,18,19,20,21,11,22,10,8,23,8,12,12,12,12,13,13,13,13,12,13,13,13,12,12,12,12,12,13,13,13,13,12,14,12,12,7,15,12,12,12,12,12,13,12,16,17,12,12,12,12,12,12,12,17,9,9,9,18,12,12,12,12,19,20,21,12,12,12,9,12,12,12,12,12,12,12,12,12,12,11,11,22,12,12,12,8,8,10,8,10,10,8,10,23,23,23,23,23,23,23,23","0.00768208503723145","infomap","edit-xhwikibooks.graphml"
"0.19","0.07","0.74","0.31050881482976","1,1,2,3,2,3,4,5,5,6,4,7,8,5,9,10,6,4,4,7,11,12,13,8,14,15,16,17,18,19,20,21,22,23,9,24,25,5,11,11,11,11,12,12,12,12,11,12,12,12,11,11,11,11,11,12,12,12,12,11,13,11,11,5,14,11,11,11,11,11,12,11,15,15,11,11,11,11,11,11,11,16,17,17,17,18,11,11,11,11,19,20,21,11,11,11,10,11,11,11,11,11,11,11,11,11,11,22,22,23,11,11,11,24,9,9,24,9,9,24,9,25,25,25,25,25,25,25,25","0.0110290050506592","infomap","edit-xhwikibooks.graphml"
"0.18","0.08","0.74","0.308075786358775","1,1,2,3,2,3,4,5,6,7,8,4,9,6,5,10,7,8,8,11,12,13,14,15,9,16,17,18,19,20,21,22,11,23,24,25,26,5,12,12,12,12,13,13,13,13,12,13,13,13,12,12,12,12,12,13,13,13,13,12,14,12,12,15,9,12,12,12,12,12,13,12,16,9,12,12,12,12,12,12,12,17,18,18,18,19,12,12,12,12,20,21,22,12,12,12,10,12,12,12,12,12,12,12,12,12,12,11,11,23,12,12,12,24,24,24,25,25,24,25,24,26,26,26,26,26,26,26,26","0.00761890411376953","infomap","edit-xhwikibooks.graphml"
"0.17","0.09","0.74","0.314154057961359","1,1,2,2,3,4,3,5,4,6,7,8,9,5,10,11,6,7,7,8,12,13,14,9,15,10,16,17,18,19,20,21,22,23,24,25,26,10,12,12,12,12,13,13,13,13,12,13,13,13,12,12,12,12,12,13,13,13,13,12,14,12,12,5,15,12,12,12,12,12,13,12,16,10,12,12,12,12,12,12,12,16,17,17,17,18,12,12,12,12,19,20,21,12,12,12,11,12,12,12,12,12,12,12,12,12,12,22,22,23,12,12,12,25,24,24,24,24,25,24,25,26,26,26,26,26,26,26,26","0.00732302665710449","infomap","edit-xhwikibooks.graphml"
"0.16","0.1","0.74","0.318655490553207","1,1,2,2,2,3,4,5,6,3,4,7,5,8,6,3,3,4,9,7,10,11,12,13,14,6,8,15,16,17,18,19,20,21,9,22,23,8,10,10,10,10,11,11,11,11,10,11,11,11,10,10,10,10,10,11,11,11,11,10,12,10,10,13,14,10,10,10,10,10,11,10,8,8,10,10,10,10,10,10,10,14,15,15,15,16,10,10,10,10,17,18,19,10,10,10,3,10,10,10,10,10,10,10,10,10,10,20,20,21,10,10,10,22,9,22,9,9,22,22,22,23,23,23,23,23,23,23,23","0.00722289085388184","infomap","edit-xhwikibooks.graphml"
"0.15","0.11","0.74","0.313735760445574","1,2,3,3,3,1,4,2,1,5,4,6,7,8,9,10,5,4,11,6,12,13,14,7,15,9,16,17,18,19,20,21,22,23,24,11,25,8,12,12,12,12,13,13,13,13,12,13,13,13,12,12,12,12,12,13,13,13,13,12,14,12,12,7,15,12,12,12,12,12,13,12,9,9,12,12,12,12,12,12,12,16,17,17,17,18,12,12,12,12,19,20,21,12,12,12,10,12,12,12,12,12,12,12,12,12,12,22,22,23,12,12,12,11,11,11,24,24,24,24,24,25,25,25,25,25,25,25,25","0.00977396965026855","infomap","edit-xhwikibooks.graphml"
"0.14","0.12","0.74","0.313818097847649","1,2,1,1,1,3,4,5,3,6,7,4,8,5,9,10,6,7,7,11,12,2,13,8,14,15,16,17,18,19,20,21,11,22,23,24,25,9,12,12,12,12,2,2,2,2,12,2,2,2,12,12,12,12,12,2,2,2,2,12,13,12,12,5,14,12,12,12,12,12,2,12,15,16,12,12,12,12,12,12,12,16,17,17,17,18,12,12,12,12,19,20,21,12,12,12,10,12,12,12,12,12,12,12,12,12,12,11,11,22,12,12,12,24,23,24,24,24,24,23,23,25,25,25,25,25,25,25,25","0.00763893127441406","infomap","edit-xhwikibooks.graphml"
"0.13","0.13","0.74","0.31831661062969","1,2,1,1,1,3,4,2,3,5,4,6,7,7,8,9,5,4,4,6,10,11,12,7,8,13,14,15,16,17,18,19,20,21,22,23,24,8,10,10,10,10,11,11,11,11,10,11,11,11,10,10,10,10,10,11,11,11,11,10,12,10,10,2,8,10,10,10,10,10,11,10,13,13,10,10,10,10,10,10,10,14,15,15,15,16,10,10,10,10,17,18,19,10,10,10,9,10,10,10,10,10,10,10,10,10,10,20,20,21,10,10,10,23,23,22,22,22,22,23,22,24,24,24,24,24,24,24,24","0.0072329044342041","infomap","edit-xhwikibooks.graphml"
"0.12","0.14","0.74","0.312975592330391","1,2,1,3,1,3,4,2,5,3,6,4,7,5,2,8,3,6,6,9,10,11,12,7,13,14,15,16,17,18,19,20,9,21,22,23,5,2,10,10,10,10,11,11,11,11,10,11,11,11,10,10,10,10,10,11,11,11,11,10,12,10,10,7,13,10,10,10,10,10,11,10,14,13,10,10,10,10,10,10,10,15,16,16,16,17,10,10,10,10,18,19,20,10,10,10,8,10,10,10,10,10,10,10,10,10,10,9,9,21,10,10,10,22,23,22,22,23,22,23,23,5,5,5,5,5,5,5,5","0.00742912292480469","infomap","edit-xhwikibooks.graphml"
"0.11","0.15","0.74","0.310424248279193","1,2,1,2,3,2,3,4,5,6,7,8,4,5,9,10,6,7,11,8,12,13,14,15,16,17,18,10,19,20,21,22,23,24,25,11,26,9,12,12,12,12,13,13,13,13,12,13,13,13,12,12,12,12,12,13,13,13,13,12,14,12,12,15,16,12,12,12,12,12,13,12,17,17,12,12,12,12,12,12,12,18,10,10,10,19,12,12,12,12,20,21,22,12,12,12,10,12,12,12,12,12,12,12,12,12,12,23,23,24,12,12,12,25,11,11,25,11,11,11,25,26,26,26,26,26,26,26,26","0.00725793838500977","infomap","edit-xhwikibooks.graphml"
"0.1","0.16","0.74","0.317908600016679","1,2,1,2,3,2,3,2,2,4,5,6,7,8,9,10,4,5,5,6,11,12,13,7,9,14,8,15,16,17,18,19,6,20,21,22,23,8,11,11,11,11,12,12,12,12,11,12,12,12,11,11,11,11,11,12,12,12,12,11,13,11,11,2,8,11,11,11,11,11,12,11,14,14,11,11,11,11,11,11,11,14,15,15,15,16,11,11,11,11,17,18,19,11,11,11,10,11,11,11,11,11,11,11,11,11,11,6,6,20,11,11,11,22,22,21,22,22,22,22,21,23,23,23,23,23,23,23,23","0.00965499877929688","infomap","edit-xhwikibooks.graphml"
"0.09","0.17","0.74","0.319249726937281","1,1,2,2,3,4,3,4,5,6,7,8,9,5,10,11,6,7,7,8,12,13,14,9,15,10,16,11,17,18,19,20,8,21,22,23,24,10,12,12,12,12,13,13,13,13,12,13,13,13,12,12,12,12,12,13,13,13,13,12,14,12,12,9,15,12,12,12,12,12,13,12,10,10,12,12,12,12,12,12,12,16,11,11,11,17,12,12,12,12,18,19,20,12,12,12,11,12,12,12,12,12,12,12,12,12,12,8,8,21,12,12,12,22,23,22,23,22,23,22,22,24,24,24,24,24,24,24,24","0.00733184814453125","infomap","edit-xhwikibooks.graphml"
"0.08","0.18","0.74","0.316611887111979","1,1,2,2,3,4,3,5,6,7,8,3,5,9,6,4,7,8,8,10,11,12,13,9,6,14,15,16,17,18,19,20,21,10,22,23,24,9,11,11,11,11,12,12,12,12,11,12,12,12,11,11,11,11,11,12,12,12,12,11,13,11,11,9,14,11,11,11,11,11,12,11,6,14,11,11,11,11,11,11,11,15,16,16,16,17,11,11,11,11,18,19,20,11,11,11,4,11,11,11,11,11,11,11,11,11,11,21,21,10,11,11,11,23,23,23,22,22,23,23,23,24,24,24,24,24,24,24,24","0.00715994834899902","infomap","edit-xhwikibooks.graphml"
"0.07","0.19","0.74","0.312443134887091","1,1,2,3,2,3,4,5,6,7,8,4,5,9,10,11,7,8,8,12,13,14,15,16,17,18,9,19,20,21,22,23,12,24,25,26,6,10,13,13,13,13,14,14,14,14,13,14,14,14,13,13,13,13,13,14,14,14,14,13,15,13,13,16,17,13,13,13,13,13,14,13,18,18,13,13,13,13,13,13,13,17,19,19,19,20,13,13,13,13,21,22,23,13,13,13,11,13,13,13,13,13,13,13,13,13,13,12,12,24,13,13,13,25,25,25,26,25,26,26,26,6,6,6,6,6,6,6,6","0.00715208053588867","infomap","edit-xhwikibooks.graphml"
"0.06","0.2","0.74","0.314614032864592","1,1,2,1,2,3,4,5,3,6,7,4,8,9,5,10,6,7,7,11,12,13,14,8,15,16,9,17,18,19,20,21,11,22,23,24,25,5,12,12,12,12,13,13,13,13,12,13,13,13,12,12,12,12,12,13,13,13,13,12,14,12,12,5,15,12,12,12,12,12,13,12,16,16,12,12,12,12,12,12,12,15,17,17,17,18,12,12,12,12,19,20,21,12,12,12,10,12,12,12,12,12,12,12,12,12,12,11,11,22,12,12,12,24,24,23,23,24,23,23,23,25,25,25,25,25,25,25,25","0.00978803634643555","infomap","edit-xhwikibooks.graphml"
"0.05","0.21","0.74","0.312433854073125","1,1,2,2,2,3,4,3,5,6,4,7,5,8,9,10,6,4,4,7,11,12,13,14,5,15,9,16,17,18,19,20,7,21,22,23,24,8,11,11,11,11,12,12,12,12,11,12,12,12,11,11,11,11,11,12,12,12,12,11,13,11,11,14,5,11,11,11,11,11,12,11,15,5,11,11,11,11,11,11,11,9,16,16,10,17,11,11,11,11,18,19,20,11,11,11,10,11,11,11,11,11,11,11,11,11,11,7,7,21,11,11,11,22,22,23,23,22,23,23,22,24,24,24,24,24,24,24,24","0.00742697715759277","infomap","edit-xhwikibooks.graphml"
"0.04","0.22","0.74","0.312517969723762","1,2,1,1,3,2,3,2,4,5,6,7,8,4,9,10,5,6,6,7,11,12,13,14,15,4,8,16,17,18,19,20,21,22,9,23,24,4,11,11,11,11,12,12,12,12,11,12,12,12,11,11,11,11,11,12,12,12,12,11,13,11,11,14,15,11,11,11,11,11,12,11,8,8,11,11,11,11,11,11,11,8,16,16,16,17,11,11,11,11,18,19,20,11,11,11,10,11,11,11,11,11,11,11,11,11,11,21,21,22,11,11,11,23,9,23,23,23,9,9,9,24,24,24,24,24,24,24,24","0.00711417198181152","infomap","edit-xhwikibooks.graphml"
"0.03","0.23","0.74","0.313063830424792","1,2,1,1,1,3,4,2,5,3,6,4,2,7,5,3,3,6,6,8,9,10,11,5,12,13,7,14,15,16,17,18,19,8,20,21,22,7,9,9,9,9,10,10,10,10,9,10,10,10,9,9,9,9,9,10,10,10,10,9,11,9,9,2,12,9,9,9,9,9,10,9,13,12,9,9,9,9,9,9,9,12,14,14,14,15,9,9,9,9,16,17,18,9,9,9,3,9,9,9,9,9,9,9,9,9,9,19,19,8,9,9,9,20,21,20,21,20,21,21,21,22,22,22,22,22,22,22,22","0.00722718238830566","infomap","edit-xhwikibooks.graphml"
"0.02","0.24","0.74","0.308477797840673","1,1,2,2,3,4,3,5,5,4,6,7,8,9,5,10,4,6,6,7,11,12,13,14,9,8,15,16,17,18,19,20,21,22,23,24,25,9,11,11,11,11,12,12,12,12,11,12,12,12,11,11,11,11,11,12,12,12,12,11,13,11,11,14,15,11,11,11,11,11,12,11,8,8,11,11,11,11,11,11,11,15,16,16,16,17,11,11,11,11,18,19,20,11,11,11,10,11,11,11,11,11,11,11,11,11,11,21,21,22,11,11,11,24,23,24,23,24,24,23,24,25,25,25,25,25,25,25,25","0.00735092163085938","infomap","edit-xhwikibooks.graphml"
"0.01","0.25","0.74","0.315489935652648","1,1,2,2,3,4,3,4,5,6,7,8,5,9,5,10,6,7,7,8,11,12,13,14,9,15,5,10,16,17,18,19,20,21,22,23,24,5,11,11,11,11,12,12,12,12,11,12,12,12,11,11,11,11,11,12,12,12,12,11,13,11,11,14,15,11,11,11,11,11,12,11,5,15,11,11,11,11,11,11,11,5,10,10,10,16,11,11,11,11,17,18,19,11,11,11,10,11,11,11,11,11,11,11,11,11,11,20,20,21,11,11,11,22,23,23,22,23,22,23,23,24,24,24,24,24,24,24,24","0.00724911689758301","infomap","edit-xhwikibooks.graphml"
"0","0.26","0.74","0.31273526469683","1,1,2,3,2,3,4,5,6,7,8,4,5,9,6,10,7,8,8,11,12,13,14,15,16,9,17,18,19,20,21,22,11,23,24,25,26,6,12,12,12,12,13,13,13,13,12,13,13,13,12,12,12,12,12,13,13,13,13,12,14,12,12,15,16,12,12,12,12,12,13,12,17,16,12,12,12,12,12,12,12,17,18,10,10,19,12,12,12,12,20,21,22,12,12,12,10,12,12,12,12,12,12,12,12,12,12,11,11,23,12,12,12,24,25,24,24,25,25,25,24,26,26,26,26,26,26,26,26","0.0100688934326172","infomap","edit-xhwikibooks.graphml"
"0.25","0","0.75","0.323233838987669","1,1,2,1,2,3,4,5,5,6,4,7,8,5,9,3,6,4,10,7,11,12,13,14,8,15,16,17,18,19,20,21,7,22,23,10,9,9,11,11,11,11,12,12,12,12,11,12,12,12,11,11,11,11,11,12,12,12,12,11,13,11,11,14,8,11,11,11,11,11,12,11,8,15,11,11,11,11,11,11,11,16,17,17,17,18,11,11,11,11,19,20,21,11,11,11,3,11,11,11,11,11,11,11,11,11,11,7,7,22,11,11,11,23,10,10,23,23,10,10,23,9,9,9,9,9,9,9,9","0.00763416290283203","infomap","edit-xhwikibooks.graphml"
"0.24","0.01","0.75","0.304846703972653","1,2,1,3,1,4,5,2,6,4,7,5,8,6,2,3,4,7,7,9,10,11,12,8,13,14,15,16,17,18,19,20,21,9,22,23,24,2,10,10,10,10,11,11,11,11,10,11,11,11,10,10,10,10,10,11,11,11,11,10,12,10,10,2,13,10,10,10,10,10,11,10,14,6,10,10,10,10,10,10,10,15,16,16,16,17,10,10,10,10,18,19,20,10,10,10,3,10,10,10,10,10,10,10,10,10,10,21,21,9,10,10,10,23,22,23,23,22,23,22,22,24,24,24,24,24,24,24,24","0.00813508033752441","infomap","edit-xhwikibooks.graphml"
"0.23","0.02","0.75","0.310483759324002","1,2,1,1,1,3,4,3,3,5,6,4,7,8,9,10,5,6,6,11,12,2,13,7,14,15,16,17,18,19,20,21,11,22,23,24,9,8,12,12,12,12,2,2,2,2,12,2,2,2,12,12,12,12,12,2,2,2,2,12,13,12,12,3,14,12,12,12,12,12,2,12,15,14,12,12,12,12,12,12,12,16,17,17,17,18,12,12,12,12,19,20,21,12,12,12,10,12,12,12,12,12,12,12,12,12,12,11,11,22,12,12,12,24,24,24,23,24,23,24,23,9,9,9,9,9,9,9,9","0.0078880786895752","infomap","edit-xhwikibooks.graphml"
"0.22","0.03","0.75","0.308503843667131","1,1,2,3,2,3,4,5,6,7,4,8,9,5,6,10,7,4,11,8,12,13,14,9,6,15,16,17,18,19,20,21,22,23,24,11,25,5,12,12,12,12,13,13,13,13,12,13,13,13,12,12,12,12,12,13,13,13,13,12,14,12,12,9,16,12,12,12,12,12,13,12,15,16,12,12,12,12,12,12,12,16,17,17,17,18,12,12,12,12,19,20,21,12,12,12,10,12,12,12,12,12,12,12,12,12,12,22,22,23,12,12,12,24,24,24,11,24,11,11,11,25,25,25,25,25,25,25,25","0.00799012184143066","infomap","edit-xhwikibooks.graphml"
"0.21","0.04","0.75","0.307506735085755","1,1,2,3,2,3,4,5,6,7,8,4,5,6,9,10,7,8,9,11,12,13,14,15,16,17,18,19,20,21,22,23,24,11,9,25,26,6,12,12,12,12,13,13,13,13,12,13,13,13,12,12,12,12,12,13,13,13,13,12,14,12,12,15,16,12,12,12,12,12,13,12,17,17,12,12,12,12,12,12,12,18,19,19,19,20,12,12,12,12,21,22,23,12,12,12,10,12,12,12,12,12,12,12,12,12,12,24,24,12,12,12,12,9,9,25,25,25,25,9,25,26,26,26,26,26,26,26,26","0.00801992416381836","infomap","edit-xhwikibooks.graphml"
"0.2","0.05","0.75","0.302607746455877","1,2,1,2,1,3,4,3,3,5,6,4,7,8,9,10,5,6,6,11,12,2,13,7,14,15,16,17,18,19,20,21,11,22,9,23,24,8,12,12,12,12,2,2,2,2,12,2,2,2,12,12,12,12,12,2,2,2,2,12,13,12,12,7,14,12,12,12,12,12,2,12,15,16,12,12,12,12,12,12,12,16,17,17,17,18,12,12,12,12,19,20,21,12,12,12,10,12,12,12,12,12,12,12,12,12,12,11,11,22,12,12,12,9,9,9,23,23,23,23,9,24,24,24,8,24,24,24,8","0.00760197639465332","infomap","edit-xhwikibooks.graphml"
"0.19","0.06","0.75","0.308451688443758","1,1,2,2,2,3,4,3,5,6,7,4,8,9,5,10,6,7,7,11,12,13,14,15,16,9,8,17,18,19,20,21,22,11,23,24,25,5,12,12,12,12,13,13,13,13,12,13,13,13,12,12,12,12,12,13,13,13,13,12,14,12,12,15,16,12,12,12,12,12,13,12,8,16,12,12,12,12,12,12,12,8,10,17,10,18,12,12,12,12,19,20,21,12,12,12,10,12,12,12,12,12,12,12,12,12,12,22,22,12,12,12,12,24,23,23,24,23,24,23,23,25,25,25,25,25,25,25,25","0.00750899314880371","infomap","edit-xhwikibooks.graphml"
"0.18","0.07","0.75","0.305139530218559","1,1,2,2,2,3,4,3,5,6,4,7,8,9,5,10,6,4,11,7,12,13,14,8,15,16,17,18,19,20,21,22,23,24,11,25,26,9,12,12,12,12,13,13,13,13,12,13,13,13,12,12,12,12,12,13,13,13,13,12,14,12,12,3,15,12,12,12,12,12,13,12,15,16,12,12,12,12,12,12,12,17,18,18,18,19,12,12,12,12,20,21,22,12,12,12,10,12,12,12,12,12,12,12,12,12,12,23,7,24,12,12,12,25,11,11,25,25,25,25,11,26,26,26,26,26,26,26,26","0.00773191452026367","infomap","edit-xhwikibooks.graphml"
"0.17","0.08","0.75","0.306247530729783","1,1,2,2,3,4,3,5,6,4,7,8,5,6,9,10,4,7,7,8,11,12,13,14,15,16,6,17,18,19,20,21,22,23,24,25,26,9,11,11,11,11,12,12,12,12,11,12,12,12,11,11,11,11,11,12,12,12,12,11,13,11,11,14,15,11,11,11,11,11,12,11,16,15,11,11,11,11,11,11,11,15,17,17,17,18,11,11,11,11,19,20,21,11,11,11,10,11,11,11,11,11,11,11,11,11,11,22,22,23,11,11,11,24,25,25,25,24,24,25,24,26,26,26,26,26,26,26,26","0.00768184661865234","infomap","edit-xhwikibooks.graphml"
"0.16","0.09","0.75","0.308853163984045","1,2,1,1,3,4,3,4,5,6,7,8,9,10,11,12,6,7,7,8,13,2,14,9,10,15,11,16,17,18,19,20,21,22,23,5,24,10,13,13,13,13,2,2,2,2,13,2,2,2,13,13,13,13,13,2,2,2,2,13,14,13,13,9,15,13,13,13,13,13,2,13,15,10,13,13,13,13,13,13,13,10,16,16,16,17,13,13,13,13,18,19,20,13,13,13,12,13,13,13,13,13,13,13,13,13,13,21,8,22,13,13,13,23,5,5,5,23,5,23,5,24,24,24,24,24,24,24,24","0.0102300643920898","infomap","edit-xhwikibooks.graphml"
"0.15","0.1","0.75","0.29662093573887","1,1,2,2,3,4,3,4,5,6,7,8,9,10,5,11,6,7,12,8,13,14,15,16,17,9,10,11,18,19,20,21,22,23,24,12,25,10,13,13,13,13,14,14,14,14,13,14,14,14,13,13,13,13,13,14,14,14,14,13,15,13,13,16,17,13,13,13,13,13,14,13,9,9,13,13,13,13,13,13,13,17,11,11,11,18,13,13,13,13,19,20,21,13,13,13,11,13,13,13,13,13,13,13,13,13,13,22,22,23,13,13,13,5,5,12,12,12,12,5,24,25,25,25,25,25,25,25,25","0.00775408744812012","infomap","edit-xhwikibooks.graphml"
"0.14","0.11","0.75","0.294103373959572","1,2,1,3,4,3,4,2,5,6,7,8,2,5,9,10,6,7,7,8,11,12,13,5,9,14,15,10,16,17,18,19,20,21,22,23,24,5,11,11,11,11,12,12,12,12,11,12,12,12,11,11,11,11,11,12,12,12,12,11,13,11,11,2,15,11,11,11,11,11,12,11,14,14,11,11,11,11,11,11,11,15,10,10,10,16,11,11,11,11,17,18,19,11,11,11,10,11,11,11,11,11,11,11,11,11,11,20,20,21,11,11,11,23,23,22,22,22,23,22,22,5,5,5,5,5,5,24,5","0.0078120231628418","infomap","edit-xhwikibooks.graphml"
"0.13","0.12","0.75","0.314262668212751","1,1,2,2,2,3,4,3,5,6,4,7,8,9,5,3,6,4,9,7,10,11,12,13,14,8,5,15,16,17,18,19,20,21,22,9,23,5,10,10,10,10,11,11,11,11,10,11,11,11,10,10,10,10,10,11,11,11,11,10,12,10,10,13,14,10,10,10,10,10,11,10,5,8,10,10,10,10,10,10,10,14,15,15,15,16,10,10,10,10,17,18,19,10,10,10,3,10,10,10,10,10,10,10,10,10,10,20,20,21,10,10,10,22,22,9,22,9,22,22,22,23,23,23,23,23,23,23,23","0.00768113136291504","infomap","edit-xhwikibooks.graphml"
"0.12","0.13","0.75","0.311732753877682","1,2,1,3,4,3,4,5,3,6,7,8,5,9,10,11,6,7,7,8,12,2,13,14,15,16,10,11,17,18,19,20,21,22,23,9,24,10,12,12,12,12,2,2,2,2,12,2,2,2,12,12,12,12,12,2,2,2,2,12,13,12,12,14,15,12,12,12,12,12,2,12,16,16,12,12,12,12,12,12,12,15,11,11,11,17,12,12,12,12,18,19,20,12,12,12,11,12,12,12,12,12,12,12,12,12,12,21,21,22,12,12,12,9,9,23,9,9,23,9,9,24,24,24,24,24,24,24,24","0.00790214538574219","infomap","edit-xhwikibooks.graphml"
"0.11","0.14","0.75","0.303924668047482","1,2,1,3,1,3,4,3,5,6,7,4,8,5,9,10,6,7,7,11,2,12,13,14,9,15,8,16,17,18,19,20,11,21,22,23,24,9,2,2,2,2,12,12,12,12,2,12,12,12,2,2,2,2,2,12,12,12,12,2,13,2,2,14,9,2,2,2,2,2,12,2,15,15,2,2,2,2,2,2,2,8,16,16,16,17,2,2,2,2,18,19,20,2,2,2,10,2,2,2,2,2,2,2,2,2,2,11,11,21,2,2,2,23,23,23,22,23,22,22,23,24,24,24,24,24,24,24,24","0.0080420970916748","infomap","edit-xhwikibooks.graphml"
"0.1","0.15","0.75","0.314718694573068","1,1,1,2,3,2,3,4,5,6,7,8,4,5,9,10,6,7,7,8,11,12,13,5,14,15,16,17,18,19,20,21,22,8,23,24,25,9,11,11,11,11,12,12,12,12,11,12,12,12,11,11,11,11,11,12,12,12,12,11,13,11,11,5,14,11,11,11,11,11,12,11,15,16,11,11,11,11,11,11,11,16,17,17,17,18,11,11,11,11,19,20,21,11,11,11,10,11,11,11,11,11,11,11,11,11,11,22,22,11,11,11,11,23,24,23,24,23,23,23,23,25,25,25,25,25,25,25,25","0.00753283500671387","infomap","edit-xhwikibooks.graphml"
"0.09","0.16","0.75","0.314788153270338","1,1,2,2,3,4,3,4,5,4,6,7,8,9,5,10,4,6,11,7,12,13,14,8,15,5,16,10,17,18,19,20,21,22,11,23,24,9,12,12,12,12,13,13,13,13,12,13,13,13,12,12,12,12,12,13,13,13,13,12,14,12,12,4,15,12,12,12,12,12,13,12,9,9,12,12,12,12,12,12,12,16,10,10,10,17,12,12,12,12,18,19,20,12,12,12,10,12,12,12,12,12,12,12,12,12,12,21,21,22,12,12,12,23,23,11,11,23,11,11,11,24,24,24,24,24,24,24,24","0.0104629993438721","infomap","edit-xhwikibooks.graphml"
"0.08","0.17","0.75","0.309852936106637","1,1,2,3,2,3,4,1,5,6,4,7,8,5,9,10,6,4,11,7,12,13,14,8,15,16,17,18,19,20,21,22,23,24,11,25,26,9,12,12,12,12,13,13,13,13,12,13,13,13,12,12,12,12,12,13,13,13,13,12,14,12,12,8,15,12,12,12,12,12,13,12,16,17,12,12,12,12,12,12,12,17,18,18,18,19,12,12,12,12,20,21,22,12,12,12,10,12,12,12,12,12,12,12,12,12,12,23,23,24,12,12,12,25,25,11,11,25,11,25,25,26,26,26,26,26,26,26,26","0.0103359222412109","infomap","edit-xhwikibooks.graphml"
"0.07","0.18","0.75","0.314932079898367","1,1,2,2,3,4,3,5,4,6,3,7,5,8,9,10,6,3,11,7,12,13,14,8,15,9,16,17,18,19,20,21,22,23,11,24,25,9,12,12,12,12,13,13,13,13,12,13,13,13,12,12,12,12,12,13,13,13,13,12,14,12,12,8,15,12,12,12,12,12,13,12,16,16,12,12,12,12,12,12,12,16,17,17,17,18,12,12,12,12,19,20,21,12,12,12,10,12,12,12,12,12,12,12,12,12,12,22,22,23,12,12,12,24,11,11,11,11,11,24,24,25,25,25,25,25,25,25,25","0.00753998756408691","infomap","edit-xhwikibooks.graphml"
"0.06","0.19","0.75","0.313748641529592","1,2,1,2,3,4,3,5,6,7,8,9,10,5,6,4,7,8,11,9,12,2,13,14,10,15,16,17,18,19,20,21,9,22,11,23,24,6,12,12,12,12,2,2,2,2,12,2,2,2,12,12,12,12,12,2,2,2,2,12,13,12,12,14,10,12,12,12,12,12,2,12,15,15,12,12,12,12,12,12,12,16,17,17,17,18,12,12,12,12,19,20,21,12,12,12,4,12,12,12,12,12,12,12,12,12,12,9,9,22,12,12,12,23,23,23,23,11,11,23,23,24,24,24,24,24,24,24,24","0.00762701034545898","infomap","edit-xhwikibooks.graphml"
"0.05","0.2","0.75","0.308802193510234","1,1,2,2,2,3,2,3,4,5,6,7,8,9,4,10,5,6,11,7,12,13,14,8,15,4,16,17,18,19,20,21,22,23,11,24,25,9,12,12,12,12,13,13,13,13,12,13,13,13,12,12,12,12,12,13,13,13,13,12,14,12,12,8,15,12,12,12,12,12,13,12,4,16,12,12,12,12,12,12,12,16,17,17,17,18,12,12,12,12,19,20,21,12,12,12,10,12,12,12,12,12,12,12,12,12,12,22,22,23,12,12,12,24,9,11,9,11,24,24,11,25,25,25,25,25,25,25,25","0.00736594200134277","infomap","edit-xhwikibooks.graphml"
"0.04","0.21","0.75","0.269225865160947","1,1,2,3,2,3,4,5,6,7,8,4,5,9,6,10,7,8,8,11,12,13,14,15,16,17,18,19,20,21,22,23,24,11,25,26,27,9,12,12,12,12,1,1,1,1,12,1,13,1,12,12,12,12,12,1,1,1,1,12,14,12,12,15,16,12,12,12,12,12,1,12,17,17,12,12,12,12,12,12,12,18,19,19,19,20,12,12,12,12,21,22,23,12,12,12,10,12,12,12,12,12,12,12,12,12,12,24,24,12,12,12,12,26,26,25,25,26,25,25,26,27,27,27,27,27,27,27,27","0.0075688362121582","infomap","edit-xhwikibooks.graphml"
"0.03","0.22","0.75","0.310215126562383","1,1,2,2,3,4,3,1,5,4,6,7,8,9,5,10,4,6,6,7,11,12,13,8,9,14,15,16,17,18,19,20,21,22,23,24,25,9,11,11,11,11,12,12,12,12,11,12,12,12,11,11,11,11,11,12,12,12,12,11,13,11,11,1,14,11,11,11,11,11,12,11,14,9,11,11,11,11,11,11,11,15,16,10,10,17,11,11,11,11,18,19,20,11,11,11,10,11,11,11,11,11,11,11,11,11,11,21,21,22,11,11,11,23,23,23,24,24,23,23,23,25,25,25,25,25,25,25,25","0.00775599479675293","infomap","edit-xhwikibooks.graphml"
"0.02","0.23","0.75","0.302835256526787","1,2,1,3,1,3,4,2,5,6,4,4,7,8,9,5,6,4,10,11,12,13,14,7,15,9,16,17,18,19,20,21,11,22,10,23,24,8,12,12,12,12,13,13,13,13,12,13,13,13,12,12,12,12,12,13,13,13,13,12,14,12,12,2,15,12,12,12,12,12,13,12,15,9,12,12,12,12,12,12,12,16,17,17,17,18,12,12,12,12,19,20,21,12,12,12,5,12,12,12,12,12,12,12,12,12,12,11,11,22,12,12,12,8,10,10,23,10,8,10,8,24,24,24,24,24,24,24,24","0.00767397880554199","infomap","edit-xhwikibooks.graphml"
"0.01","0.24","0.75","0.308458796364195","1,1,2,3,2,3,4,5,3,6,7,4,8,9,5,10,6,7,7,11,12,13,14,15,8,16,17,18,19,20,21,22,11,23,24,25,26,9,12,12,12,12,13,13,13,13,12,13,13,13,12,12,12,12,12,13,13,13,13,12,14,12,12,15,8,12,12,12,12,12,13,12,16,17,12,12,12,12,12,12,12,17,18,18,18,19,12,12,12,12,20,21,22,12,12,12,10,12,12,12,12,12,12,12,12,12,12,11,11,23,12,12,12,24,24,25,25,24,24,24,25,26,26,26,26,26,26,26,26","0.00754499435424805","infomap","edit-xhwikibooks.graphml"
"0","0.25","0.75","0.315400102323371","1,2,1,3,1,3,4,5,6,7,8,4,9,5,6,10,7,8,11,12,13,2,14,9,15,16,17,18,19,20,21,22,12,23,24,11,25,5,13,13,13,13,2,2,2,2,13,2,2,2,13,13,13,13,13,2,2,2,2,13,14,13,13,9,15,13,13,13,13,13,2,13,16,15,13,13,13,13,13,13,13,17,18,18,18,19,13,13,13,13,20,21,22,13,13,13,10,13,13,13,13,13,13,13,13,13,13,12,12,23,13,13,13,11,11,11,24,11,24,11,11,25,25,25,25,25,25,25,25","0.0080258846282959","infomap","edit-xhwikibooks.graphml"
"0.24","0","0.76","0.321175772739901","1,1,2,2,3,4,3,5,6,7,8,9,10,5,6,4,7,8,11,9,12,13,14,10,15,16,17,18,19,20,21,22,23,24,11,25,26,5,12,12,12,12,13,13,13,13,12,13,13,13,12,12,12,12,12,13,13,13,13,12,14,12,12,5,15,12,12,12,12,12,13,12,16,17,12,12,12,12,12,12,12,17,18,18,18,19,12,12,12,12,20,21,22,12,12,12,4,12,12,12,12,12,12,12,12,12,12,23,23,24,12,12,12,11,11,11,25,25,25,25,11,26,26,26,26,26,26,26,26","0.014348030090332","infomap","edit-xhwikibooks.graphml"
"0.23","0.01","0.76","0.320940987179494","1,1,2,2,3,4,3,5,4,6,7,8,5,9,10,11,6,7,12,8,13,14,15,16,17,10,18,19,20,21,22,23,24,25,12,9,26,10,13,13,13,13,14,14,14,14,13,14,14,14,13,13,13,13,13,14,14,14,14,13,15,13,13,16,17,13,13,13,13,13,14,13,18,10,13,13,13,13,13,13,13,18,19,19,19,20,13,13,13,13,21,22,23,13,13,13,11,13,13,13,13,13,13,13,13,13,13,24,24,25,13,13,13,12,9,12,12,9,12,12,9,26,26,26,26,26,26,26,26","0.00789809226989746","infomap","edit-xhwikibooks.graphml"
"0.22","0.02","0.76","0.31593691037426","1,2,3,3,4,1,4,5,6,7,8,9,10,6,5,1,7,8,11,9,2,12,13,10,14,15,5,16,17,18,19,20,21,22,11,23,24,6,2,2,2,2,12,12,12,12,2,12,12,12,2,2,2,2,2,12,12,12,12,2,13,2,2,5,14,2,2,2,2,2,12,2,15,15,2,2,2,2,2,2,2,14,16,16,16,17,2,2,2,2,18,19,20,2,2,2,1,2,2,2,2,2,2,2,2,2,2,21,21,22,2,2,2,23,11,11,23,23,11,11,11,24,24,24,24,24,24,24,24","0.0107212066650391","infomap","edit-xhwikibooks.graphml"
"0.21","0.03","0.76","0.323945314622001","1,1,2,3,2,3,4,5,6,7,4,8,5,5,6,9,7,4,10,8,11,12,13,14,15,16,17,9,18,19,20,21,8,22,23,10,24,5,11,11,11,11,12,12,12,12,11,12,12,12,11,11,11,11,11,12,12,12,12,11,13,11,11,14,15,11,11,11,11,11,12,11,17,16,11,11,11,11,11,11,11,17,9,9,9,18,11,11,11,11,19,20,21,11,11,11,9,11,11,11,11,11,11,11,11,11,11,8,8,22,11,11,11,23,23,23,10,23,10,23,10,24,24,24,24,24,24,24,24","0.00878190994262695","infomap","edit-xhwikibooks.graphml"
"0.2","0.04","0.76","0.324173924852875","1,2,1,1,3,4,3,5,4,6,7,8,5,9,10,11,6,7,7,8,12,2,13,9,14,15,16,11,17,18,19,20,21,22,23,10,24,15,12,12,12,12,2,2,2,2,12,2,2,2,12,12,12,12,12,2,2,2,2,12,13,12,12,5,14,12,12,12,12,12,2,12,15,16,12,12,12,12,12,12,12,16,11,11,11,17,12,12,12,12,18,19,20,12,12,12,11,12,12,12,12,12,12,12,12,12,12,21,21,22,12,12,12,10,23,10,10,23,23,23,23,24,24,24,24,24,24,24,24","0.00780010223388672","infomap","edit-xhwikibooks.graphml"
"0.19","0.05","0.76","0.319811461123734","1,2,1,1,3,4,3,5,4,6,7,3,8,9,5,10,6,7,7,11,12,2,13,8,14,15,16,17,18,19,20,21,11,22,23,24,9,5,12,12,12,12,2,2,2,2,12,2,2,2,12,12,12,12,12,2,2,2,2,12,13,12,12,5,14,12,12,12,12,12,2,12,16,15,12,12,12,12,12,12,12,16,17,17,17,18,12,12,12,12,19,20,21,12,12,12,10,12,12,12,12,12,12,12,12,12,12,11,11,22,12,12,12,24,23,24,24,23,24,23,24,9,9,9,9,9,9,9,9","0.00806593894958496","infomap","edit-xhwikibooks.graphml"
"0.18","0.06","0.76","0.321345858612879","1,2,1,2,3,4,3,5,4,6,7,8,9,10,5,11,6,7,12,8,13,2,14,9,15,16,17,11,18,19,20,21,22,23,12,10,24,5,13,13,13,13,2,2,2,2,13,2,2,2,13,13,13,13,13,2,2,2,2,13,14,13,13,9,15,13,13,13,13,13,2,13,16,16,13,13,13,13,13,13,13,17,11,11,11,18,13,13,13,13,19,20,21,13,13,13,11,13,13,13,13,13,13,13,13,13,13,22,22,23,13,13,13,12,10,10,10,12,12,10,10,24,24,24,24,24,24,24,24","0.0074760913848877","infomap","edit-xhwikibooks.graphml"
"0.17","0.07","0.76","0.321901131733816","1,2,3,1,3,1,4,2,5,6,4,7,8,5,9,1,6,4,10,7,11,12,13,8,14,15,16,17,18,19,20,21,7,22,10,5,23,9,11,11,11,11,12,12,12,12,11,12,12,12,11,11,11,11,11,12,12,12,12,11,13,11,11,2,14,11,11,11,11,11,12,11,14,15,11,11,11,11,11,11,11,16,17,17,17,18,11,11,11,11,19,20,21,11,11,11,1,11,11,11,11,11,11,11,11,11,11,7,7,22,11,11,11,10,5,10,10,10,10,10,5,23,23,23,23,23,23,23,23","0.00790500640869141","infomap","edit-xhwikibooks.graphml"
"0.16","0.08","0.76","0.323726875954464","1,2,1,3,4,3,4,2,5,6,7,8,9,10,5,11,6,7,7,8,12,13,14,9,15,16,17,11,18,19,20,21,22,23,24,10,5,5,12,12,12,12,13,13,13,13,12,13,13,13,12,12,12,12,12,13,13,13,13,12,14,12,12,2,15,12,12,12,12,12,13,12,15,16,12,12,12,12,12,12,12,17,11,11,11,18,12,12,12,12,19,20,21,12,12,12,11,12,12,12,12,12,12,12,12,12,12,22,22,23,12,12,12,10,24,10,24,10,10,24,24,5,5,5,5,5,5,5,5","0.0105371475219727","infomap","edit-xhwikibooks.graphml"
"0.15","0.09","0.76","0.316847651398933","1,2,1,3,1,3,4,5,3,3,4,6,5,7,8,9,3,4,10,6,2,11,12,7,13,14,15,16,17,18,19,20,6,21,22,10,8,8,2,2,2,2,11,11,11,11,2,11,11,11,2,2,2,2,2,11,11,11,11,2,12,2,2,5,13,2,2,2,2,2,11,2,14,14,2,2,2,2,2,2,2,15,16,16,16,17,2,2,2,2,18,19,20,2,2,2,9,2,2,2,2,2,2,2,2,2,2,6,6,21,2,2,2,22,10,22,10,10,10,22,22,8,8,8,8,8,8,8,8","0.0102221965789795","infomap","edit-xhwikibooks.graphml"
"0.14","0.1","0.76","0.320738092629118","1,1,2,2,2,3,4,3,5,6,7,4,8,8,5,9,6,7,7,10,11,12,13,14,15,8,16,17,18,19,20,21,10,22,23,24,5,5,11,11,11,11,12,12,12,12,11,12,12,12,11,11,11,11,11,12,12,12,12,11,13,11,11,14,15,11,11,11,11,11,12,11,8,8,11,11,11,11,11,11,11,16,17,17,17,18,11,11,11,11,19,20,21,11,11,11,9,11,11,11,11,11,11,11,11,11,11,10,10,22,11,11,11,23,24,24,24,23,23,24,23,5,5,5,5,5,5,5,5","0.00796294212341309","infomap","edit-xhwikibooks.graphml"
"0.13","0.11","0.76","0.316127767900953","1,2,1,3,1,3,4,2,5,6,7,4,8,9,5,3,6,7,7,10,11,12,13,14,15,8,16,17,18,19,20,21,10,22,23,24,25,9,11,11,11,11,12,12,12,12,11,12,12,12,11,11,11,11,11,12,12,12,12,11,13,11,11,14,15,11,11,11,11,11,12,11,8,8,11,11,11,11,11,11,11,16,17,17,17,18,11,11,11,11,19,20,21,11,11,11,3,11,11,11,11,11,11,11,11,11,11,10,10,22,11,11,11,23,24,23,23,23,23,23,23,25,25,25,25,25,25,25,25","0.00781798362731934","infomap","edit-xhwikibooks.graphml"
"0.12","0.12","0.76","0.31768424538618","1,1,2,3,2,3,4,5,6,7,4,8,5,9,6,10,7,4,11,8,12,13,14,15,16,9,17,18,19,20,21,22,23,24,11,25,26,6,12,12,12,12,13,13,13,13,12,13,13,13,12,12,12,12,12,13,13,13,13,12,14,12,12,15,16,12,12,12,12,12,13,12,17,16,12,12,12,12,12,12,12,17,18,18,18,19,12,12,12,12,20,21,22,12,12,12,10,12,12,12,12,12,12,12,12,12,12,23,23,24,12,12,12,25,25,25,11,11,25,11,11,26,26,26,26,26,26,26,26","0.00783896446228027","infomap","edit-xhwikibooks.graphml"
"0.11","0.13","0.76","0.307103526419239","1,1,2,2,3,4,3,5,4,6,7,8,5,9,10,11,6,7,12,8,13,1,14,15,16,17,18,19,20,21,22,23,24,25,26,12,9,10,13,13,13,13,1,1,1,1,13,1,1,1,13,13,13,13,13,1,1,1,1,13,14,13,13,15,16,13,13,13,13,13,1,13,10,17,13,13,13,13,13,13,13,18,19,19,19,20,13,13,13,13,21,22,23,13,13,13,11,13,13,13,13,13,13,13,13,13,13,8,24,25,13,13,13,12,26,12,26,12,26,26,12,9,9,9,9,9,9,9,9","0.00786805152893066","infomap","edit-xhwikibooks.graphml"
"0.1","0.14","0.76","0.310407399699387","1,1,2,3,2,3,4,1,3,3,4,5,6,7,8,9,3,4,10,5,11,12,13,14,15,6,16,9,17,18,19,20,21,22,23,10,7,8,11,11,11,11,12,12,12,12,11,12,12,12,11,11,11,11,11,12,12,12,12,11,13,11,11,14,15,11,11,11,11,11,12,11,6,16,11,11,11,11,11,11,11,16,9,9,9,17,11,11,11,11,18,19,20,11,11,11,9,11,11,11,11,11,11,11,11,11,11,21,21,22,11,11,11,23,10,23,23,10,23,10,10,7,7,7,7,7,7,7,7","0.00829410552978516","infomap","edit-xhwikibooks.graphml"
"0.09","0.15","0.76","0.30703020748456","1,2,1,3,1,3,4,5,6,7,4,8,5,5,6,9,7,4,10,8,2,11,12,13,6,14,15,16,17,18,19,20,21,22,23,10,24,6,2,2,2,2,11,11,11,11,2,11,11,11,2,2,2,2,2,11,11,11,11,2,12,2,2,13,14,2,2,2,2,2,11,2,14,14,2,2,2,2,2,2,2,15,16,16,16,17,2,2,2,2,18,19,20,2,2,2,9,2,2,2,2,2,2,2,2,2,2,21,21,22,2,2,2,23,10,23,10,10,23,10,10,24,24,24,24,24,24,24,24","0.00818920135498047","infomap","edit-xhwikibooks.graphml"
"0.08","0.16","0.76","0.314079426043201","1,2,1,2,1,3,4,2,3,3,5,4,6,7,8,9,3,5,5,10,11,12,13,6,8,7,14,15,16,17,18,19,20,10,21,22,23,7,11,11,11,11,12,12,12,12,11,12,12,12,11,11,11,11,11,12,12,12,12,11,13,11,11,6,8,11,11,11,11,11,12,11,7,8,11,11,11,11,11,11,11,14,15,15,15,16,11,11,11,11,17,18,19,11,11,11,9,11,11,11,11,11,11,11,11,11,11,20,20,11,11,11,11,22,22,22,22,21,22,22,22,23,23,23,23,23,23,23,23","0.00795102119445801","infomap","edit-xhwikibooks.graphml"
"0.07","0.17","0.76","0.3050880473024","1,2,1,2,1,3,4,5,3,6,4,7,5,8,2,9,6,4,4,7,10,11,12,2,13,14,15,16,17,18,19,20,21,22,23,24,25,8,10,10,10,10,11,11,11,11,10,11,11,11,10,10,10,10,10,11,11,11,11,10,12,10,10,2,13,10,10,10,10,10,11,10,8,14,10,10,10,10,10,10,10,15,16,16,16,17,10,10,10,10,18,19,20,10,10,10,9,10,10,10,10,10,10,10,10,10,10,21,21,22,10,10,10,23,23,23,23,23,24,24,24,25,25,25,25,25,25,25,25","0.00782918930053711","infomap","edit-xhwikibooks.graphml"
"0.06","0.18","0.76","0.297124647718691","1,2,3,3,4,1,4,2,5,6,7,4,8,5,9,1,6,7,9,10,11,12,13,8,14,15,16,17,18,19,20,21,10,22,9,23,24,5,11,11,11,11,12,12,12,12,11,12,12,12,11,11,11,11,11,12,12,12,12,11,13,11,11,8,14,11,11,11,11,11,12,11,15,15,11,11,11,11,11,11,11,16,17,17,17,18,11,11,11,11,19,20,21,11,11,11,1,11,11,11,11,11,11,11,11,11,11,10,10,22,11,11,11,23,23,23,23,9,23,9,9,5,5,24,24,5,24,5,5","0.00948190689086914","infomap","edit-xhwikibooks.graphml"
"0.05","0.19","0.76","0.302270279104256","1,2,1,2,1,3,4,5,3,6,4,7,8,9,5,10,6,4,11,7,2,12,13,8,14,15,9,10,16,17,18,19,7,20,11,21,22,15,2,2,2,2,12,12,12,12,2,12,12,12,2,2,2,2,2,12,12,12,12,2,13,2,2,8,14,2,2,2,2,2,12,2,14,15,2,2,2,2,2,2,2,14,10,10,10,16,2,2,2,2,17,18,19,2,2,2,10,2,2,2,2,2,2,2,2,2,2,7,7,20,2,2,2,21,21,21,21,11,21,11,11,22,22,22,22,22,22,22,22","0.0103440284729004","infomap","edit-xhwikibooks.graphml"
"0.04","0.2","0.76","0.315612627779108","1,1,2,2,2,3,4,3,3,5,6,4,7,8,9,10,5,6,6,11,12,13,14,7,15,8,16,17,18,19,20,21,22,11,23,24,9,9,12,12,12,12,13,13,13,13,12,13,13,13,12,12,12,12,12,13,13,13,13,12,14,12,12,7,15,12,12,12,12,12,13,12,8,15,12,12,12,12,12,12,12,16,17,17,17,18,12,12,12,12,19,20,21,12,12,12,10,12,12,12,12,12,12,12,12,12,12,22,22,11,12,12,12,23,24,24,24,24,23,23,24,9,9,9,9,9,9,9,9","0.00778698921203613","infomap","edit-xhwikibooks.graphml"
"0.03","0.21","0.76","0.308400317500178","1,2,3,1,3,1,4,2,5,6,4,7,8,9,5,10,6,4,11,7,12,13,14,8,15,16,17,18,19,20,21,22,23,24,11,25,26,9,12,12,12,12,13,13,13,13,12,13,13,13,12,12,12,12,12,13,13,13,13,12,14,12,12,2,15,12,12,12,12,12,13,12,16,17,12,12,12,12,12,12,12,17,18,18,18,19,12,12,12,12,20,21,22,12,12,12,10,12,12,12,12,12,12,12,12,12,12,23,23,24,12,12,12,11,11,25,25,11,25,25,25,26,26,26,26,26,26,26,26","0.00769996643066406","infomap","edit-xhwikibooks.graphml"
"0.02","0.22","0.76","0.29309262722586","1,2,1,2,3,4,3,2,5,6,7,8,9,5,10,4,6,7,7,8,11,12,13,14,10,15,9,16,17,18,19,20,21,22,23,24,25,10,11,11,11,11,12,12,12,12,11,12,12,12,11,11,11,11,11,12,12,12,12,11,13,11,11,14,9,11,11,11,11,11,12,11,15,15,11,11,11,11,11,11,11,9,16,16,16,17,11,11,11,11,18,19,20,11,11,11,4,11,11,11,11,11,11,11,11,11,11,21,21,22,11,11,11,24,23,24,23,24,24,23,23,5,5,5,5,5,5,5,25","0.00752592086791992","infomap","edit-xhwikibooks.graphml"
"0.01","0.23","0.76","0.31594135311666","1,2,1,2,3,2,3,4,5,6,7,3,8,4,5,9,6,7,7,10,11,12,13,8,5,14,15,9,16,17,18,19,10,20,21,22,23,5,11,11,11,11,12,12,12,12,11,12,12,12,11,11,11,11,11,12,12,12,12,11,13,11,11,4,5,11,11,11,11,11,12,11,14,5,11,11,11,11,11,11,11,15,9,9,9,16,11,11,11,11,17,18,19,11,11,11,9,11,11,11,11,11,11,11,11,11,11,10,10,20,11,11,11,22,22,22,21,21,21,22,21,23,23,23,23,23,23,23,23","0.00774407386779785","infomap","edit-xhwikibooks.graphml"
"0","0.24","0.76","0.311304731293275","1,1,2,2,3,4,3,5,6,7,8,3,5,6,9,4,7,8,10,11,12,13,14,9,15,16,17,18,19,20,21,22,23,11,24,10,25,6,12,12,12,12,13,13,13,13,12,13,13,13,12,12,12,12,12,13,13,13,13,12,14,12,12,9,15,12,12,12,12,12,13,12,16,15,12,12,12,12,12,12,12,17,18,18,18,19,12,12,12,12,20,21,22,12,12,12,4,12,12,12,12,12,12,12,12,12,12,23,23,11,12,12,12,10,10,24,24,10,24,24,24,25,25,25,25,25,25,25,25","0.00777316093444824","infomap","edit-xhwikibooks.graphml"
"0.23","0","0.77","0.313637991532911","1,2,3,2,3,1,4,2,1,5,4,6,7,8,9,10,5,4,11,6,12,13,14,15,16,7,8,17,18,19,20,21,22,23,24,11,25,9,12,12,12,12,13,13,13,13,12,13,13,13,12,12,12,12,12,13,13,13,13,12,14,12,12,15,16,12,12,12,12,12,13,12,8,7,12,12,12,12,12,12,12,8,17,17,17,18,12,12,12,12,19,20,21,12,12,12,10,12,12,12,12,12,12,12,12,12,12,22,22,23,12,12,12,24,11,24,24,24,11,24,24,25,25,25,25,25,25,25,25","0.0110399723052979","infomap","edit-xhwikibooks.graphml"
"0.22","0.01","0.77","0.318416232117525","1,2,1,2,1,3,4,2,5,6,7,4,8,9,5,3,6,7,7,10,11,12,13,8,14,5,15,16,17,18,19,20,10,21,22,23,24,9,11,11,11,11,12,12,12,12,11,12,12,12,11,11,11,11,11,12,12,12,12,11,13,11,11,8,14,11,11,11,11,11,12,11,14,5,11,11,11,11,11,11,11,15,16,16,16,17,11,11,11,11,18,19,20,11,11,11,3,11,11,11,11,11,11,11,11,11,11,10,10,21,11,11,11,22,22,22,23,23,23,23,23,24,24,24,24,24,24,24,24","0.00815510749816895","infomap","edit-xhwikibooks.graphml"
"0.21","0.02","0.77","0.314734438449168","1,1,2,2,3,4,3,5,6,7,8,9,5,6,10,4,7,8,11,9,12,13,14,15,6,16,17,18,19,20,21,22,23,24,25,11,26,10,12,12,12,12,13,13,13,13,12,13,13,13,12,12,12,12,12,13,13,13,13,12,14,12,12,15,6,12,12,12,12,12,13,12,16,16,12,12,12,12,12,12,12,17,18,18,18,19,12,12,12,12,20,21,22,12,12,12,4,12,12,12,12,12,12,12,12,12,12,23,23,24,12,12,12,25,11,11,11,11,25,25,25,26,26,26,26,26,26,26,26","0.0078129768371582","infomap","edit-xhwikibooks.graphml"
"0.2","0.03","0.77","0.323740007369106","1,1,2,3,2,3,4,5,3,6,4,4,5,5,7,3,6,4,8,9,10,11,12,13,5,14,7,15,16,17,18,19,9,20,21,8,22,5,10,10,10,10,11,11,11,11,10,11,11,11,10,10,10,10,10,11,11,11,11,10,12,10,10,13,7,10,10,10,10,10,11,10,14,7,10,10,10,10,10,10,10,14,15,15,15,16,10,10,10,10,17,18,19,10,10,10,3,10,10,10,10,10,10,10,10,10,10,9,9,20,10,10,10,21,21,21,8,21,8,8,8,22,22,22,22,22,22,22,22","0.00815987586975098","infomap","edit-xhwikibooks.graphml"
"0.19","0.04","0.77","0.315076782983318","1,1,2,2,3,4,3,4,4,5,6,7,8,9,10,11,5,6,6,7,12,13,14,8,15,10,16,17,18,19,20,21,22,23,24,25,9,9,12,12,12,12,13,13,13,13,12,13,13,13,12,12,12,12,12,13,13,13,13,12,14,12,12,8,15,12,12,12,12,12,13,12,15,10,12,12,12,12,12,12,12,16,17,17,17,18,12,12,12,12,19,20,21,12,12,12,11,12,12,12,12,12,12,12,12,12,12,22,22,23,12,12,12,25,24,25,25,25,24,24,24,9,9,9,9,9,9,9,9","0.00789189338684082","infomap","edit-xhwikibooks.graphml"
"0.18","0.05","0.77","0.318425976781697","1,1,2,2,3,4,3,5,5,6,7,3,5,8,5,4,6,7,9,10,11,12,13,14,15,16,8,17,18,19,20,21,10,22,9,23,24,5,11,11,11,11,12,12,12,12,11,12,12,12,11,11,11,11,11,12,12,12,12,11,13,11,11,14,15,11,11,11,11,11,12,11,15,16,11,11,11,11,11,11,11,16,17,17,17,18,11,11,11,11,19,20,21,11,11,11,4,11,11,11,11,11,11,11,11,11,11,10,10,22,11,11,11,23,23,23,23,23,9,9,23,24,24,24,24,24,24,24,24","0.00800490379333496","infomap","edit-xhwikibooks.graphml"
"0.17","0.06","0.77","0.316482777925567","1,1,2,1,2,3,4,5,6,3,7,4,5,6,8,9,3,7,10,11,12,13,14,15,16,17,18,9,19,20,21,22,11,23,10,24,25,8,12,12,12,12,13,13,13,13,12,13,13,13,12,12,12,12,12,13,13,13,13,12,14,12,12,15,16,12,12,12,12,12,13,12,16,17,12,12,12,12,12,12,12,18,9,9,9,19,12,12,12,12,20,21,22,12,12,12,9,12,12,12,12,12,12,12,12,12,12,11,11,23,12,12,12,10,24,10,10,24,10,10,10,25,25,25,25,25,25,25,25","0.00818204879760742","infomap","edit-xhwikibooks.graphml"
"0.16","0.07","0.77","0.311402951388889","1,2,1,3,4,3,4,5,6,7,4,8,5,6,9,10,7,4,11,8,2,12,13,14,15,16,17,18,19,20,21,22,23,24,25,11,9,6,2,2,2,2,12,12,12,12,2,12,12,12,2,2,2,2,2,12,12,12,12,2,13,2,2,14,15,2,2,2,2,2,12,2,16,16,2,2,2,2,2,2,2,17,18,18,18,19,2,2,2,2,20,21,22,2,2,2,10,2,2,2,2,2,2,2,2,2,2,23,23,24,2,2,2,25,25,25,11,11,25,25,11,9,9,9,9,9,9,9,9","0.0106730461120605","infomap","edit-xhwikibooks.graphml"
"0.15","0.08","0.77","0.32032077071494","1,2,1,1,3,4,3,5,4,6,7,8,9,5,10,11,6,7,7,8,12,2,13,9,10,14,15,11,16,17,18,19,20,21,22,23,24,4,12,12,12,12,2,2,2,2,12,2,2,2,12,12,12,12,12,2,2,2,2,12,13,12,12,9,15,12,12,12,12,12,2,12,14,10,12,12,12,12,12,12,12,15,11,11,11,16,12,12,12,12,17,18,19,12,12,12,11,12,12,12,12,12,12,12,12,12,12,20,20,21,12,12,12,22,22,23,22,22,23,22,23,24,24,24,24,24,24,24,24","0.00792098045349121","infomap","edit-xhwikibooks.graphml"
"0.14","0.09","0.77","0.321735850694444","1,2,1,3,4,3,4,5,3,3,6,7,5,8,9,10,3,6,6,7,11,2,12,8,13,14,15,10,16,17,18,19,7,20,21,22,23,9,11,11,11,11,2,2,2,2,11,2,2,2,11,11,11,11,11,2,2,2,2,11,12,11,11,5,13,11,11,11,11,11,2,11,14,15,11,11,11,11,11,11,11,15,10,10,10,16,11,11,11,11,17,18,19,11,11,11,10,11,11,11,11,11,11,11,11,11,11,7,7,20,11,11,11,21,21,22,21,21,22,21,22,23,23,23,23,23,23,23,23","0.00816082954406738","infomap","edit-xhwikibooks.graphml"
"0.13","0.1","0.77","0.322409809027778","1,1,2,2,3,4,3,5,6,7,8,9,5,5,6,4,7,8,10,9,11,12,13,14,15,16,17,18,19,20,21,22,9,23,10,24,6,6,11,11,11,11,12,12,12,12,11,12,12,12,11,11,11,11,11,12,12,12,12,11,13,11,11,14,15,11,11,11,11,11,12,11,17,16,11,11,11,11,11,11,11,17,18,18,18,19,11,11,11,11,20,21,22,11,11,11,4,11,11,11,11,11,11,11,11,11,11,9,9,23,11,11,11,24,24,24,10,10,10,10,24,6,6,6,6,6,6,6,6","0.00791096687316895","infomap","edit-xhwikibooks.graphml"
"0.12","0.11","0.77","0.317868908224239","1,1,2,3,2,3,4,5,3,6,7,4,8,5,9,10,6,7,7,11,12,13,14,15,8,16,17,10,18,19,20,21,11,22,23,9,24,9,12,12,12,12,13,13,13,13,12,13,13,13,12,12,12,12,12,13,13,13,13,12,14,12,12,15,8,12,12,12,12,12,13,12,16,8,12,12,12,12,12,12,12,17,10,10,10,18,12,12,12,12,19,20,21,12,12,12,10,12,12,12,12,12,12,12,12,12,12,11,11,22,12,12,12,9,23,9,23,9,9,9,23,24,24,24,24,24,24,24,24","0.00794291496276855","infomap","edit-xhwikibooks.graphml"
"0.11","0.12","0.77","0.326532897132849","1,1,2,2,3,4,3,5,5,6,7,8,9,5,10,4,6,7,11,8,12,1,13,9,14,10,15,16,17,18,19,20,21,8,22,11,23,5,12,12,12,12,1,1,1,1,12,1,1,1,12,12,12,12,12,1,1,1,1,12,13,12,12,5,14,12,12,12,12,12,1,12,10,10,12,12,12,12,12,12,12,15,16,16,16,17,12,12,12,12,18,19,20,12,12,12,4,12,12,12,12,12,12,12,12,12,12,21,21,12,12,12,12,22,22,11,22,22,22,11,11,23,23,23,23,23,23,23,23","0.0106010437011719","infomap","edit-xhwikibooks.graphml"
"0.1","0.13","0.77","0.320569433639442","1,2,3,1,3,1,4,1,5,6,7,4,8,5,9,10,6,7,7,11,12,2,13,5,8,14,9,15,16,17,18,19,11,20,21,22,23,5,12,12,12,12,2,2,2,2,12,2,2,2,12,12,12,12,12,2,2,2,2,12,13,12,12,1,8,12,12,12,12,12,2,12,14,9,12,12,12,12,12,12,12,8,15,15,15,16,12,12,12,12,17,18,19,12,12,12,10,12,12,12,12,12,12,12,12,12,12,11,11,20,12,12,12,21,21,21,21,21,22,22,22,23,23,23,23,23,23,23,23","0.0105969905853271","infomap","edit-xhwikibooks.graphml"
"0.09","0.14","0.77","0.31755553002345","1,2,1,3,4,3,4,2,3,5,6,7,8,9,10,11,5,6,6,7,12,13,14,15,8,9,10,16,17,18,19,20,7,21,22,23,24,10,12,12,12,12,13,13,13,13,12,13,13,13,12,12,12,12,12,13,13,13,13,12,14,12,12,15,8,12,12,12,12,12,13,12,8,10,12,12,12,12,12,12,12,10,16,16,16,17,12,12,12,12,18,19,20,12,12,12,11,12,12,12,12,12,12,12,12,12,12,7,7,21,12,12,12,23,23,23,22,22,23,22,23,24,24,24,24,24,24,24,24","0.00808191299438477","infomap","edit-xhwikibooks.graphml"
"0.08","0.15","0.77","0.3195808893497","1,2,1,3,1,3,4,2,5,3,4,6,7,8,5,9,3,4,10,6,11,12,13,7,14,15,16,9,17,18,19,20,21,22,23,10,8,5,11,11,11,11,12,12,12,12,11,12,12,12,11,11,11,11,11,12,12,12,12,11,13,11,11,3,14,11,11,11,11,11,12,11,15,14,11,11,11,11,11,11,11,16,9,9,9,17,11,11,11,11,18,19,20,11,11,11,9,11,11,11,11,11,11,11,11,11,11,21,21,22,11,11,11,10,10,23,10,23,23,10,23,8,8,8,8,8,8,8,8","0.0110199451446533","infomap","edit-xhwikibooks.graphml"
"0.07","0.16","0.77","0.316421642007263","1,1,2,2,2,3,4,3,5,6,4,7,8,5,9,10,6,4,11,7,12,13,14,8,15,16,17,18,19,20,21,22,7,23,24,11,25,9,12,12,12,12,13,13,13,13,12,13,13,13,12,12,12,12,12,13,13,13,13,12,14,12,12,3,15,12,12,12,12,12,13,12,16,15,12,12,12,12,12,12,12,17,18,18,18,19,12,12,12,12,20,21,22,12,12,12,10,12,12,12,12,12,12,12,12,12,12,7,7,23,12,12,12,11,24,11,11,24,24,11,11,25,25,25,25,25,25,25,25","0.00830197334289551","infomap","edit-xhwikibooks.graphml"
"0.06","0.17","0.77","0.305671078557556","1,2,3,1,3,1,4,2,1,5,4,4,6,7,2,8,5,4,4,9,10,11,12,13,6,14,15,16,17,18,19,20,9,21,22,23,24,7,10,10,10,10,11,25,11,11,10,11,11,11,10,10,10,10,10,11,11,11,11,10,12,10,10,13,6,10,10,10,10,10,11,10,14,15,10,10,10,10,10,10,10,15,16,16,16,17,10,10,10,10,18,19,20,10,10,10,8,10,10,10,10,10,10,10,10,10,10,9,9,21,10,10,10,23,23,22,22,23,22,23,22,24,24,24,24,24,24,24,24","0.0080420970916748","infomap","edit-xhwikibooks.graphml"
"0.05","0.18","0.77","0.313746462733541","1,1,2,3,2,3,4,5,5,6,4,4,5,7,8,9,6,4,10,11,12,13,14,15,16,17,18,19,20,21,22,23,24,11,10,8,25,7,12,12,12,12,13,13,13,13,12,13,13,13,12,12,12,12,12,13,13,13,13,12,14,12,12,15,16,12,12,12,12,12,13,12,17,7,12,12,12,12,12,12,12,18,19,19,19,20,12,12,12,12,21,22,23,12,12,12,9,12,12,12,12,12,12,12,12,12,12,24,24,11,12,12,12,10,10,8,8,10,10,10,10,25,25,25,25,25,25,25,25","0.00786113739013672","infomap","edit-xhwikibooks.graphml"
"0.04","0.19","0.77","0.321791216756249","1,2,1,1,1,3,4,5,3,6,7,4,5,8,9,10,6,7,11,12,13,2,14,15,8,16,17,18,19,20,21,22,23,12,11,24,9,9,13,13,13,13,2,2,2,2,13,2,2,2,13,13,13,13,13,2,2,2,2,13,14,13,13,15,17,13,13,13,13,13,2,13,16,16,13,13,13,13,13,13,13,17,18,18,18,19,13,13,13,13,20,21,22,13,13,13,10,13,13,13,13,13,13,13,13,13,13,23,23,12,13,13,13,11,11,24,11,11,11,24,24,9,9,9,9,9,9,9,9","0.0107080936431885","infomap","edit-xhwikibooks.graphml"
"0.03","0.2","0.77","0.320242790701703","1,2,1,3,4,3,4,5,6,3,7,4,5,8,6,9,3,7,10,11,12,2,13,14,15,16,17,18,19,20,21,22,23,11,10,24,25,8,12,12,12,12,2,2,2,2,12,2,2,2,12,12,12,12,12,2,2,2,2,12,13,12,12,14,15,12,12,12,12,12,2,12,16,16,12,12,12,12,12,12,12,17,9,18,9,19,12,12,12,12,20,21,22,12,12,12,9,12,12,12,12,12,12,12,12,12,12,23,23,11,12,12,12,24,10,24,10,10,10,24,24,25,25,25,25,25,25,25,25","0.00808310508728027","infomap","edit-xhwikibooks.graphml"
"0.02","0.21","0.77","0.325452824320121","1,2,3,3,3,1,4,1,5,6,4,7,8,9,5,1,6,4,10,7,11,2,12,13,9,8,14,15,16,17,18,19,20,21,10,22,23,9,11,11,11,11,2,2,2,2,11,2,2,2,11,11,11,11,11,2,2,2,2,11,12,11,11,13,14,11,11,11,11,11,2,11,8,8,11,11,11,11,11,11,11,14,15,15,15,16,11,11,11,11,17,18,19,11,11,11,1,11,11,11,11,11,11,11,11,11,11,20,20,21,11,11,11,10,10,10,10,22,10,10,10,23,23,23,23,23,23,23,23","0.00786495208740234","infomap","edit-xhwikibooks.graphml"
"0.01","0.22","0.77","0.317128393759494","1,1,2,3,2,3,4,5,6,7,4,4,8,5,6,9,7,4,4,10,11,12,13,8,14,15,16,17,18,19,20,21,10,22,23,24,25,23,11,11,11,11,12,12,12,12,11,12,12,12,11,11,11,11,11,12,12,12,12,11,13,11,11,5,14,11,11,11,11,11,12,11,16,15,11,11,11,11,11,11,11,16,17,17,17,18,11,11,11,11,19,20,21,11,11,11,9,11,11,11,11,11,11,11,11,11,11,10,10,22,11,11,11,24,23,23,23,24,23,24,24,25,25,25,25,25,25,25,25","0.00814390182495117","infomap","edit-xhwikibooks.graphml"
"0","0.23","0.77","0.318207116645585","1,1,2,2,2,3,4,3,5,6,4,7,8,5,9,10,6,4,4,7,11,12,13,8,14,15,16,17,18,19,20,21,22,7,23,24,25,9,11,11,11,11,12,12,12,12,11,12,12,12,11,11,11,11,11,12,12,12,12,11,13,11,11,8,14,11,11,11,11,11,12,11,16,15,11,11,11,11,11,11,11,16,17,17,17,18,11,11,11,11,19,20,21,11,11,11,10,11,11,11,11,11,11,11,11,11,11,22,22,11,11,11,11,23,24,23,23,23,23,23,9,25,25,25,25,25,25,25,25","0.00786805152893066","infomap","edit-xhwikibooks.graphml"
"0.22","0","0.78","0.321746089492147","1,2,1,1,3,4,3,2,5,4,6,3,7,8,5,4,4,6,6,9,10,11,12,7,13,14,8,15,16,17,18,19,9,20,21,22,23,5,10,10,10,10,11,11,11,11,10,11,11,11,10,10,10,10,10,11,11,11,11,10,12,10,10,7,13,10,10,10,10,10,11,10,14,14,10,10,10,10,10,10,10,14,15,15,15,16,10,10,10,10,17,18,19,10,10,10,4,10,10,10,10,10,10,10,10,10,10,9,9,20,10,10,10,22,22,21,21,21,21,22,21,23,23,23,23,23,23,23,23","0.00832009315490723","infomap","edit-xhwikibooks.graphml"
"0.21","0.01","0.78","0.313415457418296","1,2,3,1,3,1,4,2,5,6,4,7,8,9,5,1,6,4,10,7,11,12,13,14,15,8,16,17,18,19,20,21,22,23,10,24,9,9,11,11,11,11,12,12,12,12,11,12,12,12,11,11,11,11,11,12,12,12,12,11,13,11,11,14,15,11,11,11,11,11,12,11,8,8,11,11,11,11,11,11,11,16,17,17,17,18,11,11,11,11,19,20,21,11,11,11,1,11,11,11,11,11,11,11,11,11,11,22,22,23,11,11,11,10,24,24,24,24,24,24,24,9,9,9,9,9,9,9,9","0.00787186622619629","infomap","edit-xhwikibooks.graphml"
"0.2","0.02","0.78","0.318858727143345","1,1,2,2,2,3,4,5,3,6,7,4,8,5,9,10,6,7,7,11,12,13,14,8,9,15,16,17,18,19,20,21,11,22,23,24,25,9,12,12,12,12,13,13,13,13,12,13,13,13,12,12,12,12,12,13,13,13,13,12,14,12,12,8,9,12,12,12,12,12,13,12,9,15,12,12,12,12,12,12,12,16,17,17,17,18,12,12,12,12,19,20,21,12,12,12,10,12,12,12,12,12,12,12,12,12,12,11,11,22,12,12,12,24,23,23,23,23,23,24,24,25,25,25,25,25,25,25,25","0.00798606872558594","infomap","edit-xhwikibooks.graphml"
"0.19","0.03","0.78","0.313697524556536","1,2,1,1,3,4,3,4,5,6,7,3,8,9,10,11,6,7,12,13,14,2,15,8,16,10,17,18,19,20,21,22,13,23,24,12,5,9,14,14,14,14,2,2,2,2,14,2,2,2,14,14,14,14,14,2,2,2,2,14,15,14,14,4,16,14,14,14,14,14,2,14,17,10,14,14,14,14,14,14,14,17,18,11,11,19,14,14,14,14,20,21,22,14,14,14,11,14,14,14,14,14,14,14,14,14,14,13,13,23,14,14,14,24,9,24,24,12,24,12,24,5,5,5,5,5,5,5,5","0.0106320381164551","infomap","edit-xhwikibooks.graphml"
"0.18","0.04","0.78","0.300948855071748","1,1,2,3,2,3,4,5,6,7,4,8,9,10,5,6,7,4,11,8,1,12,13,9,14,10,15,16,17,18,19,20,21,22,23,11,24,10,1,1,1,1,12,12,12,12,1,12,12,12,1,1,1,1,1,12,12,12,12,1,13,1,1,5,14,1,1,1,1,1,12,1,15,14,1,1,1,1,1,1,1,15,16,16,16,17,1,1,1,1,18,19,20,1,1,1,6,1,1,1,1,1,1,1,1,1,1,21,21,22,1,1,1,11,23,11,23,11,11,23,11,24,24,24,24,24,24,24,24","0.00821089744567871","infomap","edit-xhwikibooks.graphml"
"0.17","0.05","0.78","0.313054947916667","1,2,1,2,3,4,3,2,5,4,6,3,7,5,2,8,4,6,6,9,10,11,12,13,7,14,15,16,17,18,19,20,9,21,22,5,23,5,10,10,10,10,11,11,11,11,10,11,11,11,10,10,10,10,10,11,11,11,11,10,12,10,10,13,7,10,10,10,10,10,11,10,7,14,10,10,10,10,10,10,10,15,16,16,16,17,10,10,10,10,18,19,20,10,10,10,8,10,10,10,10,10,10,10,10,10,10,9,9,21,10,10,10,5,22,22,22,5,5,22,5,23,23,23,23,23,23,23,23","0.00786185264587402","infomap","edit-xhwikibooks.graphml"
"0.16","0.06","0.78","0.317461197916667","1,1,2,2,3,4,3,4,4,5,6,7,8,9,10,11,5,6,6,7,12,13,14,8,15,16,9,17,18,19,20,21,22,23,24,25,10,10,12,12,12,12,13,13,13,13,12,13,13,13,12,12,12,12,12,13,13,13,13,12,14,12,12,4,15,12,12,12,12,12,13,12,9,16,12,12,12,12,12,12,12,15,11,11,17,18,12,12,12,12,19,20,21,12,12,12,11,12,12,12,12,12,12,12,12,12,12,22,22,23,12,12,12,24,24,24,25,25,24,24,24,10,10,10,10,10,10,10,10","0.00809788703918457","infomap","edit-xhwikibooks.graphml"
"0.15","0.07","0.78","0.300160751429234","1,2,3,1,3,1,4,5,6,7,4,8,5,6,9,10,7,4,11,8,2,12,13,14,9,15,16,17,18,19,20,21,22,23,24,11,25,6,2,2,2,2,12,12,12,12,2,12,12,12,2,2,2,2,2,12,12,12,12,2,13,2,2,14,16,2,2,2,2,2,12,2,15,15,2,2,2,2,2,2,2,16,17,17,17,18,2,2,2,2,19,20,21,2,2,2,10,2,2,2,2,2,2,2,2,2,2,22,22,23,2,2,2,11,24,24,24,24,11,24,11,25,6,25,25,6,25,25,6","0.00820803642272949","infomap","edit-xhwikibooks.graphml"
"0.14","0.08","0.78","0.321337820026257","1,1,2,1,2,3,4,3,5,6,4,4,7,8,5,9,6,4,10,11,12,13,14,15,16,8,7,17,18,19,20,21,22,11,10,23,24,5,12,12,12,12,13,13,13,13,12,13,13,13,12,12,12,12,12,13,13,13,13,12,14,12,12,15,16,12,12,12,12,12,13,12,8,16,12,12,12,12,12,12,12,7,17,17,17,18,12,12,12,12,19,20,21,12,12,12,9,12,12,12,12,12,12,12,12,12,12,22,22,12,12,12,12,23,23,23,10,10,10,23,10,24,24,24,24,24,24,24,24","0.0079801082611084","infomap","edit-xhwikibooks.graphml"
"0.13","0.09","0.78","0.325746000841637","1,2,1,3,1,3,4,5,3,6,4,7,8,5,9,10,6,4,11,7,12,2,13,8,5,9,14,10,15,16,17,18,19,20,21,11,22,21,12,12,12,12,2,2,2,2,12,2,2,2,12,12,12,12,12,2,2,2,2,12,13,12,12,5,5,12,12,12,12,12,2,12,9,14,12,12,12,12,12,12,12,14,10,10,10,15,12,12,12,12,16,17,18,12,12,12,10,12,12,12,12,12,12,12,12,12,12,19,19,20,12,12,12,11,21,21,11,11,21,21,21,22,22,22,22,22,22,22,22","0.00789999961853027","infomap","edit-xhwikibooks.graphml"
"0.12","0.1","0.78","0.322502135237721","1,1,2,3,2,3,4,5,6,7,4,8,9,5,6,3,7,4,10,8,11,12,13,14,15,9,16,17,18,19,20,21,22,23,10,24,6,6,11,11,11,11,12,12,12,12,11,12,12,12,11,11,11,11,11,12,12,12,12,11,13,11,11,14,15,11,11,11,11,11,12,11,16,9,11,11,11,11,11,11,11,16,17,17,17,18,11,11,11,11,19,20,21,11,11,11,3,11,11,11,11,11,11,11,11,11,11,22,22,23,11,11,11,24,24,10,10,10,24,24,10,6,6,6,6,6,6,6,6","0.00786495208740234","infomap","edit-xhwikibooks.graphml"
"0.11","0.11","0.78","0.311985684709177","1,1,2,2,3,4,3,5,4,6,7,8,5,5,9,10,6,7,7,8,11,12,13,14,15,16,17,18,19,20,21,22,23,24,9,25,26,5,11,11,11,11,12,12,12,12,11,12,12,12,11,11,11,11,11,12,12,12,12,11,13,11,11,14,15,11,11,11,11,11,12,11,15,16,11,11,11,11,11,11,11,17,18,18,18,19,11,11,11,11,20,21,22,11,11,11,10,11,11,11,11,11,11,11,11,11,11,23,23,24,11,11,11,9,25,25,25,25,25,9,25,26,26,26,26,26,26,26,26","0.00968694686889648","infomap","edit-xhwikibooks.graphml"
"0.1","0.12","0.78","0.318485810928484","1,2,3,1,3,1,4,2,5,1,4,6,2,7,5,8,1,4,9,6,10,11,12,13,14,15,16,17,18,19,20,21,22,23,9,7,24,7,10,10,10,10,11,11,11,11,10,11,11,11,10,10,10,10,10,11,11,11,11,10,12,10,10,13,14,10,10,10,10,10,11,10,15,16,10,10,10,10,10,10,10,16,17,17,17,18,10,10,10,10,19,20,21,10,10,10,8,10,10,10,10,10,10,10,10,10,10,22,22,23,10,10,10,7,9,9,7,9,7,7,9,24,24,24,24,24,24,24,24","0.0106720924377441","infomap","edit-xhwikibooks.graphml"
"0.09","0.13","0.78","0.315552750895786","1,1,2,3,2,3,4,5,3,6,7,4,5,8,9,10,6,7,7,11,12,13,14,8,15,16,17,18,19,20,21,22,23,11,24,25,26,9,12,12,12,12,13,13,13,13,12,13,13,13,12,12,12,12,12,13,13,13,13,12,14,12,12,8,15,12,12,12,12,12,13,12,16,17,12,12,12,12,12,12,12,17,18,18,18,19,12,12,12,12,20,21,22,12,12,12,10,12,12,12,12,12,12,12,12,12,12,23,23,11,12,12,12,25,25,24,25,24,24,24,25,26,26,26,26,26,26,26,26","0.00835704803466797","infomap","edit-xhwikibooks.graphml"
"0.08","0.14","0.78","0.326485189811593","1,2,3,1,3,1,4,1,5,6,4,7,8,9,5,10,6,4,5,7,11,2,12,8,13,14,15,10,16,17,18,19,20,7,21,5,9,5,11,11,11,11,2,2,2,2,11,2,2,2,11,11,11,11,11,2,2,2,2,11,12,11,11,8,13,11,11,11,11,11,2,11,14,14,11,11,11,11,11,11,11,15,10,10,10,16,11,11,11,11,17,18,19,11,11,11,10,11,11,11,11,11,11,11,11,11,11,20,20,7,11,11,11,5,21,21,21,21,5,21,5,9,9,9,9,9,9,9,9","0.0108370780944824","infomap","edit-xhwikibooks.graphml"
"0.07","0.15","0.78","0.313384199677708","1,1,2,2,3,4,3,4,5,6,7,8,9,5,10,11,6,7,7,8,12,13,14,15,9,16,17,18,19,20,21,22,23,24,25,26,27,10,12,12,12,12,13,13,13,13,12,13,13,13,12,12,12,12,12,13,13,13,13,12,14,12,12,15,9,12,12,12,12,12,13,12,16,17,12,12,12,12,12,12,12,17,18,18,18,19,12,12,12,12,20,21,22,12,12,12,11,12,12,12,12,12,12,12,12,12,12,23,23,24,12,12,12,25,25,26,25,25,26,25,25,27,27,27,27,27,27,27,27","0.00779104232788086","infomap","edit-xhwikibooks.graphml"
"0.06","0.16","0.78","0.300817847696846","1,1,2,3,4,3,4,2,5,6,7,4,2,5,8,9,6,7,8,10,11,12,13,14,15,16,17,9,18,19,20,21,10,22,23,8,24,8,11,11,11,11,12,12,12,12,11,12,12,12,11,11,11,11,11,12,12,12,12,11,13,11,11,14,15,11,11,11,11,11,12,11,16,17,11,11,11,11,11,11,11,17,9,9,9,18,11,11,11,11,19,20,21,11,11,11,9,11,11,11,11,11,11,11,11,11,11,10,10,22,11,11,11,8,23,23,8,23,23,23,23,24,5,5,5,5,5,5,5","0.00782680511474609","infomap","edit-xhwikibooks.graphml"
"0.05","0.17","0.78","0.320890220252434","1,2,1,1,1,3,4,2,3,5,4,6,7,8,9,10,5,4,9,6,11,12,13,7,14,8,15,16,17,18,19,20,21,22,9,23,24,9,11,11,11,11,12,12,12,12,11,12,12,12,11,11,11,11,11,12,12,12,12,11,13,11,11,7,14,11,11,11,11,11,12,11,15,8,11,11,11,11,11,11,11,15,16,16,16,17,11,11,11,11,18,19,20,11,11,11,10,11,11,11,11,11,11,11,11,11,11,21,21,22,11,11,11,23,9,23,9,9,9,9,23,24,24,24,24,24,24,24,24","0.00785493850708008","infomap","edit-xhwikibooks.graphml"
"0.04","0.18","0.78","0.315020021775627","1,1,2,3,2,4,5,6,7,8,5,9,6,10,11,4,8,5,12,9,13,3,14,15,11,16,17,18,19,20,21,22,23,24,25,12,7,10,13,13,13,13,3,3,3,3,13,3,3,3,13,13,13,13,13,3,3,3,3,13,14,13,13,15,11,13,13,13,13,13,3,13,11,16,13,13,13,13,13,13,13,17,18,18,18,19,13,13,13,13,20,21,22,13,13,13,4,13,13,13,13,13,13,13,13,13,13,23,23,24,13,13,13,12,12,25,25,12,25,25,12,7,7,7,7,7,7,7,7","0.0105130672454834","infomap","edit-xhwikibooks.graphml"
"0.03","0.19","0.78","0.323858612548095","1,1,2,2,2,3,4,3,5,6,4,4,7,8,5,9,6,4,4,10,11,12,13,7,14,15,16,9,17,18,19,20,10,21,22,8,5,5,11,11,11,11,12,12,12,12,11,12,12,12,11,11,11,11,11,12,12,12,12,11,13,11,11,7,14,11,11,11,11,11,12,11,15,14,11,11,11,11,11,11,11,16,9,9,9,17,11,11,11,11,18,19,20,11,11,11,9,11,11,11,11,11,11,11,11,11,11,10,10,21,11,11,11,8,22,8,8,22,22,22,22,5,5,5,5,5,5,5,5","0.00820207595825195","infomap","edit-xhwikibooks.graphml"
"0.02","0.2","0.78","0.318335668281339","1,1,2,1,2,3,4,3,5,6,7,4,8,9,5,10,6,7,7,11,12,13,14,8,9,15,16,10,17,18,19,20,11,21,22,23,24,22,12,12,12,12,13,13,13,13,12,13,13,13,12,12,12,12,12,13,13,13,13,12,14,12,12,8,16,12,12,12,12,12,13,12,15,9,12,12,12,12,12,12,12,16,10,10,10,17,12,12,12,12,18,19,20,12,12,12,10,12,12,12,12,12,12,12,12,12,12,11,11,21,12,12,12,22,23,22,23,23,22,23,23,24,24,24,24,24,24,24,24","0.0118310451507568","infomap","edit-xhwikibooks.graphml"
"0.01","0.21","0.78","0.312178885416801","1,1,2,2,3,4,3,5,6,7,8,9,10,6,5,4,7,8,8,9,11,12,13,14,10,15,16,17,18,19,20,21,22,23,24,25,26,15,11,11,11,11,12,12,12,12,11,12,12,12,11,11,11,11,11,12,12,12,12,11,13,11,11,14,10,11,11,11,11,11,12,11,16,15,11,11,11,11,11,11,11,16,17,17,17,18,11,11,11,11,19,20,21,11,11,11,4,11,11,11,11,11,11,11,11,11,11,22,22,23,11,11,11,25,24,25,25,24,25,24,25,26,26,26,26,26,26,26,26","0.0106379985809326","infomap","edit-xhwikibooks.graphml"
"0","0.22","0.78","0.327670895950348","1,2,1,3,4,3,4,3,3,5,6,4,7,8,9,10,5,6,6,11,12,2,13,7,14,15,16,10,17,18,19,20,11,21,22,9,8,9,12,12,12,12,2,2,2,2,12,2,2,2,12,12,12,12,12,2,2,2,2,12,13,12,12,3,14,12,12,12,12,12,2,12,15,16,12,12,12,12,12,12,12,16,10,10,10,17,12,12,12,12,18,19,20,12,12,12,10,12,12,12,12,12,12,12,12,12,12,11,11,21,12,12,12,22,22,22,22,22,9,22,22,8,8,8,8,8,8,8,8","0.0079188346862793","infomap","edit-xhwikibooks.graphml"
"0.21","0","0.79","0.31457416324923","1,2,3,4,3,4,5,6,1,1,5,7,6,6,8,9,1,5,10,7,11,12,13,2,8,14,15,9,16,17,18,19,20,21,22,10,23,8,11,11,11,11,12,12,12,12,11,12,12,12,11,11,11,11,11,12,12,12,12,11,13,11,11,2,14,11,11,11,11,11,12,11,14,8,11,11,11,11,11,11,11,15,9,9,9,16,11,11,11,11,17,18,19,11,11,11,9,11,11,11,11,11,11,11,11,11,11,20,20,21,11,11,11,10,10,22,22,22,22,22,22,23,23,23,23,23,23,23,23","0.00796389579772949","infomap","edit-xhwikibooks.graphml"
"0.2","0.01","0.79","0.300345341819043","1,1,2,3,2,3,4,5,6,7,8,4,5,6,9,10,7,8,8,11,12,13,14,15,9,16,17,18,19,20,21,22,11,23,24,25,26,9,12,12,12,12,13,13,13,13,12,13,13,13,12,12,12,12,12,13,13,13,13,12,14,12,12,15,17,12,12,12,12,12,13,12,16,16,12,12,12,12,12,12,12,17,18,18,18,19,12,12,12,12,20,21,22,12,12,12,10,12,12,12,12,12,12,12,12,12,12,11,11,23,12,12,12,24,6,6,24,25,6,6,24,26,26,26,26,26,26,26,26","0.00802493095397949","infomap","edit-xhwikibooks.graphml"
"0.19","0.02","0.79","0.315119045876589","1,2,1,2,1,3,4,2,3,5,4,4,6,7,8,9,5,4,10,11,12,13,14,7,8,15,6,9,16,17,18,19,11,20,10,21,22,3,12,12,12,12,13,13,13,13,12,13,13,13,12,12,12,12,12,13,13,13,13,12,14,12,12,2,6,12,12,12,12,12,13,12,15,6,12,12,12,12,12,12,12,6,9,9,9,16,12,12,12,12,17,18,19,12,12,12,9,12,12,12,12,12,12,12,12,12,12,11,11,20,12,12,12,21,10,21,21,10,21,10,21,22,22,22,22,22,22,22,22","0.00774097442626953","infomap","edit-xhwikibooks.graphml"
"0.18","0.03","0.79","0.306817330094401","1,1,2,2,2,3,4,5,6,3,4,7,8,5,6,3,3,4,9,7,10,11,12,8,13,14,15,16,17,18,19,20,21,22,9,23,24,6,10,10,10,10,11,11,11,11,10,11,11,11,10,10,10,10,10,11,11,11,11,10,12,10,10,5,13,10,10,10,10,10,11,10,14,14,10,10,10,10,10,10,10,15,16,16,16,17,10,10,10,10,18,19,20,10,10,10,3,10,10,10,10,10,10,10,10,10,10,21,21,22,10,10,10,6,23,23,23,23,9,6,23,24,24,24,24,24,24,24,24","0.0106468200683594","infomap","edit-xhwikibooks.graphml"
"0.17","0.04","0.79","0.3149490070895","1,1,2,3,2,3,4,5,6,7,8,4,5,5,6,9,7,8,8,10,11,12,13,14,15,16,17,18,19,20,21,22,23,10,24,25,26,6,11,11,11,11,12,12,12,12,11,12,12,12,11,11,11,11,11,12,12,12,12,11,13,11,11,14,15,11,11,11,11,11,12,11,15,16,11,11,11,11,11,11,11,17,18,18,18,19,11,11,11,11,20,21,22,11,11,11,9,11,11,11,11,11,11,11,11,11,11,23,23,11,11,11,11,25,25,25,24,24,24,24,25,26,26,26,26,26,26,26,26","0.0106279850006104","infomap","edit-xhwikibooks.graphml"
"0.16","0.05","0.79","0.305735914485173","1,2,1,3,1,4,5,6,4,3,7,5,8,9,6,10,3,7,11,12,2,13,14,8,15,9,16,17,18,19,20,21,12,22,11,23,24,9,2,2,2,2,13,13,13,13,2,13,13,13,2,2,2,2,2,13,13,13,13,2,14,2,2,8,15,2,2,2,2,2,13,2,15,9,2,2,2,2,2,2,2,16,17,17,10,18,2,2,2,2,19,20,21,2,2,2,10,2,2,2,2,2,2,2,2,2,2,12,12,22,2,2,2,23,11,23,11,11,23,11,23,24,24,24,24,24,24,24,24","0.00842022895812988","infomap","edit-xhwikibooks.graphml"
"0.15","0.06","0.79","0.310928609056707","1,1,2,2,2,1,3,1,4,5,3,6,7,8,9,10,5,3,11,6,12,13,14,15,16,9,7,17,18,19,20,21,22,23,24,11,4,8,12,12,12,12,13,13,13,13,12,13,13,13,12,12,12,12,12,13,13,13,13,12,14,12,12,15,16,12,12,12,12,12,13,12,9,9,12,12,12,12,12,12,12,7,17,10,10,18,12,12,12,12,19,20,21,12,12,12,10,12,12,12,12,12,12,12,12,12,12,22,22,23,12,12,12,11,11,11,24,24,11,24,24,4,4,4,4,4,4,4,4","0.0108959674835205","infomap","edit-xhwikibooks.graphml"
"0.14","0.07","0.79","0.317798084131612","1,2,1,1,3,1,3,2,1,4,5,3,2,6,7,8,4,5,5,9,10,11,12,13,7,14,15,8,16,17,18,19,9,20,21,22,6,6,10,10,10,10,11,11,11,11,10,11,11,11,10,10,10,10,10,11,11,11,11,10,12,10,10,13,7,10,10,10,10,10,11,10,14,14,10,10,10,10,10,10,10,15,8,8,8,16,10,10,10,10,17,18,19,10,10,10,8,10,10,10,10,10,10,10,10,10,10,9,9,20,10,10,10,22,21,21,22,21,21,22,21,6,6,6,6,6,6,6,6","0.0107719898223877","infomap","edit-xhwikibooks.graphml"
"0.13","0.08","0.79","0.312664078858728","1,2,1,3,4,3,4,5,6,7,8,9,5,6,10,11,7,8,12,9,13,2,14,15,16,17,18,19,20,21,22,23,9,24,25,12,26,10,13,13,13,13,2,2,2,2,13,2,2,2,13,13,13,13,13,2,2,2,2,13,14,13,13,15,16,13,13,13,13,13,2,13,17,16,13,13,13,13,13,13,13,18,19,19,19,20,13,13,13,13,21,22,23,13,13,13,11,13,13,13,13,13,13,13,13,13,13,9,9,24,13,13,13,12,25,25,12,25,12,12,25,26,26,26,26,26,26,26,26","0.00810599327087402","infomap","edit-xhwikibooks.graphml"
"0.12","0.09","0.79","0.31465266892692","1,1,2,2,2,3,4,1,5,3,4,4,1,6,5,3,3,4,7,8,9,10,11,3,12,13,14,15,16,17,18,19,8,20,21,7,22,6,9,9,9,9,10,10,10,10,9,10,10,10,9,9,9,9,9,10,10,10,10,9,11,9,9,3,12,9,9,9,9,9,10,9,13,13,9,9,9,9,9,9,9,14,15,15,15,16,9,9,9,9,17,18,19,9,9,9,3,9,9,9,9,9,9,9,9,9,9,8,8,20,9,9,9,7,7,7,21,7,21,7,7,22,22,22,22,22,22,22,22","0.00805997848510742","infomap","edit-xhwikibooks.graphml"
"0.11","0.1","0.79","0.30918662795494","1,2,1,1,3,4,3,5,4,6,7,3,5,8,9,4,6,7,10,11,2,12,13,14,9,15,8,16,17,18,19,20,11,21,10,22,23,22,2,2,2,2,12,12,12,12,2,12,12,12,2,2,2,2,2,12,12,12,12,2,13,2,2,14,8,2,2,2,2,2,12,2,15,15,2,2,2,2,2,2,2,9,16,16,16,17,2,2,2,2,18,19,20,2,2,2,4,2,2,2,2,2,2,2,2,2,2,11,11,21,2,2,2,22,22,22,22,22,10,10,10,23,23,23,23,23,23,23,23","0.00828409194946289","infomap","edit-xhwikibooks.graphml"
"0.1","0.11","0.79","0.301595806294912","1,2,1,2,1,3,4,5,3,6,7,4,8,5,9,10,6,7,11,12,2,13,14,8,15,16,17,18,19,20,21,22,12,23,11,24,25,9,2,2,2,2,13,13,13,13,2,13,13,13,2,2,2,2,2,13,13,13,13,2,14,2,2,5,15,2,2,2,2,2,13,2,16,16,2,2,2,2,2,2,2,17,10,18,10,19,2,2,2,2,20,21,22,2,2,2,10,2,2,2,2,2,2,2,2,2,2,12,12,23,2,2,2,24,11,24,11,11,24,11,24,25,25,25,25,25,25,25,25","0.00892996788024902","infomap","edit-xhwikibooks.graphml"
"0.09","0.12","0.79","0.313608455898226","1,1,2,2,3,4,3,5,6,7,8,9,5,6,10,4,7,8,11,9,12,13,14,15,16,17,18,19,20,21,22,23,24,25,11,26,10,10,12,12,12,12,13,13,13,13,12,13,13,13,12,12,12,12,12,13,13,13,13,12,14,12,12,15,16,12,12,12,12,12,13,12,17,17,12,12,12,12,12,12,12,18,19,19,19,20,12,12,12,12,21,22,23,12,12,12,4,12,12,12,12,12,12,12,12,12,12,24,24,25,12,12,12,26,26,26,26,26,11,26,11,10,10,10,10,10,10,10,10","0.00968098640441895","infomap","edit-xhwikibooks.graphml"
"0.08","0.13","0.79","0.290251989995064","1,1,2,2,3,4,3,4,5,6,7,3,8,5,9,10,6,7,11,12,13,14,15,8,16,17,18,19,20,21,22,23,12,24,25,11,26,9,13,13,13,13,14,14,14,14,13,14,14,14,13,13,13,13,13,14,14,14,14,13,15,13,13,4,16,13,13,13,13,13,14,13,17,16,13,13,13,13,13,13,13,18,19,19,19,20,13,13,13,13,21,22,23,13,13,13,10,13,13,13,13,13,13,13,13,13,13,12,12,24,13,13,13,11,11,25,11,25,25,11,25,9,9,9,26,9,9,9,9","0.00808310508728027","infomap","edit-xhwikibooks.graphml"
"0.07","0.14","0.79","0.319115255663133","1,1,2,2,3,4,3,5,4,6,7,3,5,8,9,10,6,7,7,11,12,13,14,15,9,8,16,17,18,19,20,21,11,22,23,24,25,8,12,12,12,12,13,13,13,13,12,13,13,13,12,12,12,12,12,13,13,13,13,12,14,12,12,15,16,12,12,12,12,12,13,12,8,8,12,12,12,12,12,12,12,16,17,17,17,18,12,12,12,12,19,20,21,12,12,12,10,12,12,12,12,12,12,12,12,12,12,11,11,22,12,12,12,24,24,23,23,23,24,23,23,25,25,25,25,25,25,25,25","0.00797295570373535","infomap","edit-xhwikibooks.graphml"
"0.06","0.15","0.79","0.312434596640897","1,1,2,2,3,4,3,5,4,6,7,8,9,10,5,11,6,7,7,8,12,13,14,9,15,16,17,18,19,20,21,22,23,24,25,10,26,10,12,12,12,12,13,13,13,13,12,13,13,13,12,12,12,12,12,13,13,13,13,12,14,12,12,9,15,12,12,12,12,12,13,12,15,16,12,12,12,12,12,12,12,17,18,18,18,19,12,12,12,12,20,21,22,12,12,12,11,12,12,12,12,12,12,12,12,12,12,23,23,24,12,12,12,10,10,25,25,25,10,10,25,26,26,26,26,26,26,26,26","0.00803399085998535","infomap","edit-xhwikibooks.graphml"
"0.05","0.16","0.79","0.314922502421182","1,2,1,1,1,3,4,2,3,5,4,6,7,8,9,10,5,4,11,6,12,13,14,15,7,16,17,18,19,20,21,22,23,24,11,25,8,9,12,12,12,12,13,13,13,13,12,13,13,13,12,12,12,12,12,13,13,13,13,12,14,12,12,15,7,12,12,12,12,12,13,12,16,9,12,12,12,12,12,12,12,17,18,18,18,19,12,12,12,12,20,21,22,12,12,12,10,12,12,12,12,12,12,12,12,12,12,23,23,24,12,12,12,11,25,25,25,11,25,25,25,8,8,8,8,8,8,8,8","0.00798201560974121","infomap","edit-xhwikibooks.graphml"
"0.04","0.17","0.79","0.31796423149592","1,1,2,3,2,3,4,5,5,6,4,7,8,9,5,10,6,4,4,7,11,12,13,8,14,15,9,16,17,18,19,20,21,22,23,24,25,5,11,11,11,11,12,12,12,12,11,12,12,12,11,11,11,11,11,12,12,12,12,11,13,11,11,5,14,11,11,11,11,11,12,11,15,14,11,11,11,11,11,11,11,14,16,16,16,17,11,11,11,11,18,19,20,11,11,11,10,11,11,11,11,11,11,11,11,11,11,21,21,22,11,11,11,23,24,23,24,24,23,23,23,25,25,25,25,25,25,25,25","0.00782394409179688","infomap","edit-xhwikibooks.graphml"
"0.03","0.18","0.79","0.294622967253286","1,2,3,3,3,1,4,5,1,6,7,4,8,5,8,9,6,7,10,4,2,11,12,13,14,15,8,16,17,18,19,20,21,22,23,10,24,5,2,2,2,2,11,11,11,11,2,11,11,11,2,2,2,2,2,11,11,11,11,2,12,2,2,13,14,2,2,2,2,2,11,2,15,15,2,2,2,2,2,2,2,15,16,16,16,17,2,2,2,2,18,19,20,2,2,2,9,2,2,2,2,2,2,2,2,2,2,21,21,22,2,2,2,10,10,10,23,10,10,10,23,5,5,24,5,24,5,24,5","0.00781798362731934","infomap","edit-xhwikibooks.graphml"
"0.02","0.19","0.79","0.299437327406511","1,1,2,2,2,3,4,3,5,6,4,7,8,5,9,10,6,4,11,7,12,13,14,8,15,16,17,18,19,20,21,22,23,24,11,25,26,9,12,12,12,12,13,13,13,13,12,13,13,13,12,12,12,12,12,13,13,13,13,12,14,12,12,3,15,12,12,12,12,12,13,12,17,16,12,12,12,12,12,12,12,17,18,18,18,19,12,12,12,12,20,21,22,12,12,12,10,12,12,12,12,12,12,12,12,12,12,23,23,24,12,12,12,11,25,11,25,11,11,25,25,5,26,5,5,26,5,5,5","0.00762796401977539","infomap","edit-xhwikibooks.graphml"
"0.01","0.2","0.79","0.31617804525717","1,2,3,1,3,1,4,5,6,1,7,4,5,6,8,9,1,7,10,11,12,2,13,14,15,16,17,18,19,20,21,22,23,11,24,10,25,8,12,12,12,12,2,2,2,2,12,2,2,2,12,12,12,12,12,2,2,2,2,12,13,12,12,14,15,12,12,12,12,12,2,12,17,16,12,12,12,12,12,12,12,17,9,18,9,19,12,12,12,12,20,21,22,12,12,12,9,12,12,12,12,12,12,12,12,12,12,23,23,11,12,12,12,10,24,10,10,24,10,24,24,25,25,25,25,25,25,25,25","0.00762701034545898","infomap","edit-xhwikibooks.graphml"
"0","0.21","0.79","0.318029821174809","1,1,2,2,3,4,3,5,4,6,7,8,5,9,10,11,6,7,7,8,12,13,14,15,16,17,9,11,18,19,20,21,22,23,24,25,26,10,12,12,12,12,13,13,13,13,12,13,13,13,12,12,12,12,12,13,13,13,13,12,14,12,12,15,16,12,12,12,12,12,13,12,16,17,12,12,12,12,12,12,12,16,11,11,11,18,12,12,12,12,19,20,21,12,12,12,11,12,12,12,12,12,12,12,12,12,12,22,22,23,12,12,12,25,24,24,25,25,25,25,24,26,26,26,26,26,26,26,26","0.00790905952453613","infomap","edit-xhwikibooks.graphml"
"0.2","0","0.8","0.317092758755174","1,1,1,1,2,3,4,5,6,3,2,4,5,7,6,8,3,2,2,9,10,11,12,13,14,15,7,16,17,18,19,20,9,21,22,23,24,6,10,10,10,10,11,11,11,11,10,11,11,11,10,10,10,10,10,11,11,11,11,10,12,10,10,13,14,10,10,10,10,10,11,10,15,15,10,10,10,10,10,10,10,15,16,16,16,17,10,10,10,10,18,19,20,10,10,10,8,10,10,10,10,10,10,10,10,10,10,9,9,21,10,10,10,22,22,23,22,23,23,22,22,24,24,24,24,24,24,24,24","0.00795602798461914","infomap","edit-xhwikibooks.graphml"
"0.19","0.01","0.8","0.312288637472955","1,2,3,3,4,1,4,2,1,1,5,6,7,8,7,9,1,5,10,6,11,12,13,14,7,15,16,9,17,18,19,20,21,22,10,23,8,7,11,11,11,11,12,12,12,12,11,12,12,12,11,11,11,11,11,12,12,12,12,11,13,11,11,14,15,11,11,11,11,11,12,11,15,7,11,11,11,11,11,11,11,16,9,9,9,17,11,11,11,11,18,19,20,11,11,11,9,11,11,11,11,11,11,11,11,11,11,21,21,22,11,11,11,23,10,23,10,23,23,23,23,8,8,8,8,8,8,8,8","0.00800895690917969","infomap","edit-xhwikibooks.graphml"
"0.18","0.02","0.8","0.314146974120394","1,1,2,2,3,4,3,5,6,4,7,3,5,6,8,9,4,7,7,10,11,12,13,14,15,16,17,18,19,20,21,22,23,10,24,25,8,6,11,11,11,11,12,12,12,12,11,12,12,12,11,11,11,11,11,12,12,12,12,11,13,11,11,14,15,11,11,11,11,11,12,11,16,17,11,11,11,11,11,11,11,17,18,18,18,19,11,11,11,11,20,21,22,11,11,11,9,11,11,11,11,11,11,11,11,11,11,23,23,10,11,11,11,24,25,24,24,24,24,24,25,8,8,8,8,8,8,8,8","0.007843017578125","infomap","edit-xhwikibooks.graphml"
"0.17","0.03","0.8","0.31483576536885","1,1,2,2,2,3,4,5,3,6,7,4,8,5,9,3,6,7,10,11,12,13,14,8,15,16,17,18,19,20,21,22,11,23,24,10,25,9,12,12,12,12,13,13,13,13,12,13,13,13,12,12,12,12,12,13,13,13,13,12,14,12,12,8,15,12,12,12,12,12,13,12,16,16,12,12,12,12,12,12,12,17,18,18,18,19,12,12,12,12,20,21,22,12,12,12,3,12,12,12,12,12,12,12,12,12,12,11,11,23,12,12,12,24,10,10,24,24,24,24,24,25,25,25,25,25,25,25,25","0.00818300247192383","infomap","edit-xhwikibooks.graphml"
"0.16","0.04","0.8","0.308003368162568","1,2,3,1,3,1,4,1,5,6,7,4,8,8,5,9,6,7,10,11,2,12,13,14,15,16,8,9,17,18,19,20,11,21,10,22,23,14,2,2,2,2,12,12,12,12,2,12,12,12,2,2,2,2,2,12,12,12,12,2,13,2,2,14,15,2,2,2,2,2,12,2,16,15,2,2,2,2,2,2,2,16,9,9,9,17,2,2,2,2,18,19,20,2,2,2,9,2,2,2,2,2,2,2,2,2,2,11,11,21,2,2,2,10,10,22,22,22,22,10,10,23,23,23,23,23,23,23,23","0.00788497924804688","infomap","edit-xhwikibooks.graphml"
"0.15","0.05","0.8","0.307472675439527","1,2,1,3,4,3,4,2,3,5,6,4,7,8,7,9,5,6,6,10,11,12,13,7,14,15,16,9,17,18,19,20,10,21,22,23,24,8,11,11,11,11,12,12,12,12,11,12,12,12,11,11,11,11,11,12,12,12,12,11,13,11,11,7,14,11,11,11,11,11,12,11,15,16,11,11,11,11,11,11,11,16,9,9,9,17,11,11,11,11,18,19,20,11,11,11,9,11,11,11,11,11,11,11,11,11,11,10,10,21,11,11,11,22,8,22,22,8,23,22,22,24,24,24,24,24,24,24,24","0.00809407234191895","infomap","edit-xhwikibooks.graphml"
"0.14","0.06","0.8","0.312691066350837","1,1,2,3,2,3,4,5,3,6,4,4,7,8,5,9,6,4,8,10,11,12,13,14,15,7,16,9,17,18,19,20,10,21,22,8,23,5,11,11,11,11,12,12,12,12,11,12,12,12,11,11,11,11,11,12,12,12,12,11,13,11,11,14,15,11,11,11,11,11,12,11,16,7,11,11,11,11,11,11,11,16,9,9,9,17,11,11,11,11,18,19,20,11,11,11,9,11,11,11,11,11,11,11,11,11,11,10,10,21,11,11,11,22,8,8,8,22,22,22,22,23,23,23,23,23,23,23,23","0.00801992416381836","infomap","edit-xhwikibooks.graphml"
"0.13","0.07","0.8","0.303753092639832","1,2,3,3,4,1,4,2,5,1,6,7,8,5,9,10,1,6,6,7,11,12,13,8,5,14,14,10,15,16,17,18,19,20,21,22,23,9,11,11,11,11,12,12,12,12,11,12,12,12,11,11,11,11,11,12,12,12,12,11,13,11,11,2,5,11,11,11,11,11,12,11,5,14,11,11,11,11,11,11,11,5,10,10,10,15,11,11,11,11,16,17,18,11,11,11,10,11,11,11,11,11,11,11,11,11,11,19,19,20,11,11,11,9,21,9,21,21,21,9,22,23,23,23,23,23,23,23,23","0.00783205032348633","infomap","edit-xhwikibooks.graphml"
"0.12","0.08","0.8","0.296275593172519","1,1,2,1,2,3,4,3,5,6,4,7,8,9,5,3,6,4,10,7,11,12,13,8,14,15,5,16,17,18,19,20,21,22,23,10,24,9,11,11,11,11,12,12,12,12,11,12,12,12,11,11,11,11,11,12,12,12,12,11,13,11,11,8,14,11,11,11,11,11,12,11,15,15,11,11,11,11,11,11,11,14,16,16,16,17,11,11,11,11,18,19,20,11,11,11,3,11,11,11,11,11,11,11,11,11,11,21,21,22,11,11,11,10,23,10,10,23,23,23,10,9,9,9,9,9,24,9,9","0.0108029842376709","infomap","edit-xhwikibooks.graphml"
"0.11","0.09","0.8","0.292976155066429","1,1,2,2,3,4,3,4,4,5,6,7,8,9,10,11,5,6,6,7,12,13,14,8,15,16,17,18,19,20,21,22,23,24,10,25,26,9,12,12,12,12,13,13,13,13,12,13,13,13,12,12,12,12,12,13,13,13,13,12,14,12,12,4,15,12,12,12,12,12,13,12,16,16,12,12,12,12,12,12,12,17,18,18,18,19,12,12,12,12,20,21,22,12,12,12,11,12,12,12,12,12,12,12,12,12,12,23,23,24,12,12,12,25,10,25,9,9,9,9,10,26,26,26,26,26,26,26,26","0.00782084465026855","infomap","edit-xhwikibooks.graphml"
"0.1","0.1","0.8","0.315678993985062","1,1,2,3,2,3,4,5,6,7,4,8,5,6,9,10,7,4,11,8,12,13,14,15,9,16,17,18,19,20,21,22,23,24,25,11,26,9,12,12,12,12,13,13,13,13,12,13,13,13,12,12,12,12,12,13,13,13,13,12,14,12,12,15,9,12,12,12,12,12,13,12,16,16,12,12,12,12,12,12,12,17,18,18,18,19,12,12,12,12,20,21,22,12,12,12,10,12,12,12,12,12,12,12,12,12,12,23,23,24,12,12,12,11,25,25,25,25,25,11,25,26,26,26,26,26,26,26,26","0.00784087181091309","infomap","edit-xhwikibooks.graphml"
"0.09","0.11","0.8","0.312588695721521","1,1,2,2,3,4,3,5,6,4,7,8,9,5,6,10,4,7,7,8,11,12,13,9,14,15,16,10,17,18,19,20,21,22,23,24,25,5,11,11,11,11,12,12,12,12,11,12,12,12,11,11,11,11,11,12,12,12,12,11,13,11,11,5,14,11,11,11,11,11,12,11,14,15,11,11,11,11,11,11,11,16,10,10,10,17,11,11,11,11,18,19,20,11,11,11,10,11,11,11,11,11,11,11,11,11,11,21,21,22,11,11,11,24,23,23,23,24,24,24,24,25,25,25,25,25,25,25,25","0.00809502601623535","infomap","edit-xhwikibooks.graphml"
"0.08","0.12","0.8","0.316739799375871","1,1,2,2,2,3,4,5,3,6,4,7,5,8,9,3,6,4,10,7,11,12,13,9,8,14,15,16,17,18,19,20,21,22,10,23,24,10,11,11,11,11,12,12,12,12,11,12,12,12,11,11,11,11,11,12,12,12,12,11,13,11,11,5,8,11,11,11,11,11,12,11,14,14,11,11,11,11,11,11,11,15,16,16,16,17,11,11,11,11,18,19,20,11,11,11,3,11,11,11,11,11,11,11,11,11,11,21,21,22,11,11,11,10,10,23,10,10,10,23,23,24,24,24,24,24,24,24,24","0.00769186019897461","infomap","edit-xhwikibooks.graphml"
"0.07","0.13","0.8","0.296679242784407","1,1,2,2,2,3,4,3,5,6,7,4,8,5,9,10,6,7,7,11,12,13,14,8,15,16,17,10,18,19,20,21,22,11,23,5,24,9,12,12,12,12,13,13,13,13,12,13,13,13,12,12,12,12,12,13,13,13,13,12,14,12,12,8,15,12,12,12,12,12,13,12,16,15,12,12,12,12,12,12,12,17,10,10,10,18,12,12,12,12,19,20,21,12,12,12,10,12,12,12,12,12,12,12,12,12,12,22,22,12,12,12,12,23,5,23,5,5,23,5,23,9,9,9,9,9,24,9,9","0.00772619247436523","infomap","edit-xhwikibooks.graphml"
"0.06","0.14","0.8","0.309662220389189","1,1,2,1,2,3,4,5,6,7,4,4,5,6,8,3,7,4,9,10,11,12,13,14,8,15,16,17,18,19,20,21,10,22,23,9,24,6,11,11,11,11,12,12,12,12,11,12,12,12,11,11,11,11,11,12,12,12,12,11,13,11,11,14,15,11,11,11,11,11,12,11,15,8,11,11,11,11,11,11,11,16,17,17,17,18,11,11,11,11,19,20,21,11,11,11,3,11,11,11,11,11,11,11,11,11,11,10,10,22,11,11,11,9,23,6,23,23,23,6,23,24,24,24,24,24,24,24,24","0.013430118560791","infomap","edit-xhwikibooks.graphml"
"0.05","0.15","0.8","0.319197188867925","1,2,1,3,4,3,4,5,6,3,7,8,9,10,6,11,3,7,12,8,13,2,14,5,15,16,9,17,18,19,20,21,22,23,12,24,6,10,13,13,13,13,2,2,2,2,13,2,2,2,13,13,13,13,13,2,2,2,2,13,14,13,13,5,15,13,13,13,13,13,2,13,16,16,13,13,13,13,13,13,13,9,17,17,17,18,13,13,13,13,19,20,21,13,13,13,11,13,13,13,13,13,13,13,13,13,13,22,22,23,13,13,13,24,12,24,12,12,24,24,24,6,6,6,6,6,6,6,6","0.00799202919006348","infomap","edit-xhwikibooks.graphml"
"0.04","0.16","0.8","0.32127077483195","1,2,1,3,4,3,4,5,3,3,6,4,7,8,5,9,3,6,6,10,11,2,12,13,14,8,7,9,15,16,17,18,10,19,20,21,22,5,11,11,11,11,2,2,2,2,11,2,2,2,11,11,11,11,11,2,2,2,2,11,12,11,11,13,14,11,11,11,11,11,2,11,7,7,11,11,11,11,11,11,11,7,9,9,9,15,11,11,11,11,16,17,18,11,11,11,9,11,11,11,11,11,11,11,11,11,11,10,10,19,11,11,11,20,20,20,21,21,21,21,20,22,22,22,22,22,22,22,22","0.00797510147094727","infomap","edit-xhwikibooks.graphml"
"0.03","0.17","0.8","0.319425002868429","1,1,2,2,3,4,3,4,4,5,3,6,4,7,8,9,5,3,10,6,11,12,13,14,15,16,8,9,17,18,19,20,21,22,10,7,23,8,11,11,11,11,12,12,12,12,11,12,12,12,11,11,11,11,11,12,12,12,12,11,13,11,11,14,15,11,11,11,11,11,12,11,16,15,11,11,11,11,11,11,11,8,9,9,9,17,11,11,11,11,18,19,20,11,11,11,9,11,11,11,11,11,11,11,11,11,11,6,21,22,11,11,11,7,7,7,10,10,10,10,7,23,23,23,23,23,23,23,23","0.00913286209106445","infomap","edit-xhwikibooks.graphml"
"0.02","0.18","0.8","0.315320690389942","1,1,2,2,3,4,3,4,5,6,7,8,9,10,5,11,6,7,12,8,13,14,15,9,16,10,17,18,19,20,21,22,23,24,12,25,26,5,13,13,13,13,14,14,14,14,13,14,14,14,13,13,13,13,13,14,14,14,14,13,15,13,13,9,16,13,13,13,13,13,14,13,16,16,13,13,13,13,13,13,13,17,18,18,11,19,13,13,13,13,20,21,22,13,13,13,11,13,13,13,13,13,13,13,13,13,13,23,23,24,13,13,13,12,12,12,25,25,25,25,25,26,26,26,26,26,26,26,26","0.00803995132446289","infomap","edit-xhwikibooks.graphml"
"0.01","0.19","0.8","0.318501906616959","1,2,1,1,3,2,3,2,4,5,6,3,7,8,4,9,5,6,6,10,11,12,13,8,4,7,14,9,15,16,17,18,10,19,20,21,22,8,11,11,11,11,12,12,12,12,11,12,12,12,11,11,11,11,11,12,12,12,12,11,13,11,11,8,14,11,11,11,11,11,12,11,7,7,11,11,11,11,11,11,11,14,9,9,9,15,11,11,11,11,16,17,18,11,11,11,9,11,11,11,11,11,11,11,11,11,11,10,10,19,11,11,11,21,21,21,21,21,20,21,21,22,22,22,22,22,22,22,22","0.010706901550293","infomap","edit-xhwikibooks.graphml"
"0","0.2","0.8","0.315347700962539","1,1,2,2,3,4,3,4,5,6,7,8,9,10,5,11,6,7,10,8,12,13,14,15,16,9,17,18,19,20,21,22,23,24,25,10,5,10,12,12,12,12,13,13,13,13,12,13,13,13,12,12,12,12,12,13,13,13,13,12,14,12,12,15,16,12,12,12,12,12,13,12,16,9,12,12,12,12,12,12,12,17,18,18,18,19,12,12,12,12,20,21,22,12,12,12,11,12,12,12,12,12,12,12,12,12,12,23,23,24,12,12,12,10,10,10,10,25,25,25,25,5,5,5,5,5,5,5,5","0.0083000659942627","infomap","edit-xhwikibooks.graphml"
"0.19","0","0.81","0.304197992051254","1,1,2,2,2,3,4,5,5,3,6,4,7,8,7,5,3,6,6,9,10,11,12,13,14,15,7,16,17,18,19,20,21,9,22,8,23,8,10,10,10,10,11,11,11,11,10,11,11,11,10,10,10,10,10,11,11,11,11,10,12,10,10,13,14,10,10,10,10,10,11,10,15,14,10,10,10,10,10,10,10,7,16,16,16,17,10,10,10,10,18,19,20,10,10,10,5,10,10,10,10,10,10,10,10,10,10,21,21,9,10,10,10,8,22,22,22,22,22,22,6,23,23,23,23,23,23,23,23","0.00788998603820801","infomap","edit-xhwikibooks.graphml"
"0.18","0.01","0.81","0.310282663559055","1,2,1,1,3,4,3,5,6,4,7,3,5,8,6,9,4,7,7,10,11,2,12,13,14,15,16,17,18,19,20,21,10,22,23,24,25,8,11,11,11,11,2,2,2,2,11,2,2,2,11,11,11,11,11,2,2,2,2,11,12,11,11,13,14,11,11,11,11,11,2,11,8,15,11,11,11,11,11,11,11,16,17,17,17,18,11,11,11,11,19,20,21,11,11,11,9,11,11,11,11,11,11,11,11,11,11,10,10,22,11,11,11,24,23,23,23,24,23,24,24,25,25,25,25,25,25,25,25","0.00817084312438965","infomap","edit-xhwikibooks.graphml"
"0.17","0.02","0.81","0.308309853360108","1,1,2,3,2,3,4,3,5,6,4,7,5,8,5,9,6,4,10,7,11,12,13,5,14,15,16,17,18,19,20,21,22,23,10,24,25,8,11,11,11,11,12,12,12,12,11,12,12,12,11,11,11,11,11,12,12,12,12,11,13,11,11,3,14,11,11,11,11,11,12,11,16,15,11,11,11,11,11,11,11,16,17,17,17,18,11,11,11,11,19,20,21,11,11,11,9,11,11,11,11,11,11,11,11,11,11,22,22,23,11,11,11,24,24,10,24,24,24,10,24,25,25,25,25,25,25,25,25","0.00811409950256348","infomap","edit-xhwikibooks.graphml"
"0.16","0.03","0.81","0.283855256265774","1,1,2,2,3,4,3,4,5,4,6,7,8,9,5,10,4,6,6,7,11,12,13,8,14,15,16,17,18,19,20,21,22,23,5,24,25,9,11,11,11,11,12,12,12,12,11,12,12,12,11,11,11,11,11,12,12,12,12,11,13,11,11,4,14,11,11,11,11,11,12,11,16,15,11,11,11,11,11,11,11,16,17,17,17,18,11,11,11,11,19,20,21,11,11,11,10,11,11,11,11,11,11,11,11,11,11,22,22,23,11,11,11,9,24,9,9,9,9,9,5,25,25,25,25,25,25,25,25","0.00821399688720703","infomap","edit-xhwikibooks.graphml"
"0.15","0.04","0.81","0.306457322547815","1,2,1,1,3,4,3,5,5,6,3,7,8,9,5,4,6,3,3,7,2,10,11,8,9,12,13,14,15,16,17,18,19,20,21,22,23,9,2,2,2,2,10,10,10,10,2,10,10,10,2,2,2,2,2,10,10,10,10,2,11,2,2,5,9,2,2,2,2,2,10,2,9,12,2,2,2,2,2,2,2,13,14,14,14,15,2,2,2,2,16,17,18,2,2,2,4,2,2,2,2,2,2,2,2,2,2,19,19,20,2,2,2,21,21,22,21,21,21,22,21,23,23,23,23,23,23,23,23","0.0108170509338379","infomap","edit-xhwikibooks.graphml"
"0.14","0.05","0.81","0.313501720404479","1,2,1,1,1,3,4,3,5,3,6,4,7,8,5,9,3,6,6,10,11,2,12,13,7,14,15,9,16,17,18,19,20,10,21,22,23,8,11,11,11,11,2,2,2,2,11,2,2,2,11,11,11,11,11,2,2,2,2,11,12,11,11,13,7,11,11,11,11,11,2,11,7,14,11,11,11,11,11,11,11,15,9,9,9,16,11,11,11,11,17,18,19,11,11,11,9,11,11,11,11,11,11,11,11,11,11,20,20,10,11,11,11,22,22,21,21,21,21,22,21,23,23,23,23,23,23,23,23","0.0118110179901123","infomap","edit-xhwikibooks.graphml"
"0.13","0.06","0.81","0.312348687173131","1,1,2,2,2,3,4,5,3,6,4,7,5,8,9,10,6,4,11,7,12,13,14,15,16,17,8,18,19,20,21,22,23,24,25,11,9,8,12,12,12,12,13,13,13,13,12,13,13,13,12,12,12,12,12,13,13,13,13,12,14,12,12,15,16,12,12,12,12,12,13,12,17,17,12,12,12,12,12,12,12,17,18,18,18,19,12,12,12,12,20,21,22,12,12,12,10,12,12,12,12,12,12,12,12,12,12,23,23,24,12,12,12,25,25,11,25,25,25,11,25,9,9,9,9,9,9,9,9","0.00844693183898926","infomap","edit-xhwikibooks.graphml"
"0.12","0.07","0.81","0.294685952320994","1,2,1,2,3,4,3,2,5,4,3,6,7,5,8,9,4,3,8,6,10,11,12,7,13,14,15,16,17,18,19,20,21,22,23,8,24,5,10,10,10,10,11,11,11,11,10,11,11,11,10,10,10,10,10,11,11,11,11,10,12,10,10,2,13,10,10,10,10,10,11,10,13,14,10,10,10,10,10,10,10,15,16,16,16,17,10,10,10,10,18,19,20,10,10,10,9,10,10,10,10,10,10,10,10,10,10,21,21,22,10,10,10,23,23,23,23,23,8,23,23,5,5,24,24,5,5,5,5","0.00800704956054688","infomap","edit-xhwikibooks.graphml"
"0.11","0.08","0.81","0.315915335845874","1,1,2,2,2,3,4,1,5,6,4,7,8,9,5,3,6,4,10,7,11,12,13,8,14,15,16,17,18,19,20,21,22,23,10,5,9,9,11,11,11,11,12,12,12,12,11,12,12,12,11,11,11,11,11,12,12,12,12,11,13,11,11,1,14,11,11,11,11,11,12,11,15,14,11,11,11,11,11,11,11,16,17,17,17,18,11,11,11,11,19,20,21,11,11,11,3,11,11,11,11,11,11,11,11,11,11,22,22,23,11,11,11,10,5,5,5,10,5,5,5,9,9,9,9,9,9,9,9","0.00786995887756348","infomap","edit-xhwikibooks.graphml"
"0.1","0.09","0.81","0.310296351882695","1,1,2,2,3,4,3,5,4,6,7,8,5,9,10,11,6,7,12,8,13,14,15,16,17,18,19,20,21,22,23,24,25,26,12,10,27,9,13,13,13,13,14,14,14,14,13,14,14,14,13,13,13,13,13,14,14,14,14,13,15,13,13,16,17,13,13,13,13,13,14,13,17,18,13,13,13,13,13,13,13,19,20,20,20,21,13,13,13,13,22,23,24,13,13,13,11,13,13,13,13,13,13,13,13,13,13,25,25,26,13,13,13,12,10,12,10,10,10,10,10,27,27,27,27,27,27,27,27","0.00812506675720215","infomap","edit-xhwikibooks.graphml"
"0.09","0.1","0.81","0.31338761938143","1,1,2,2,3,4,3,4,4,5,6,7,8,9,10,11,5,6,6,7,12,13,14,10,9,8,15,16,17,18,19,20,21,22,23,24,25,10,12,12,12,12,13,13,13,13,12,13,13,13,12,12,12,12,12,13,13,13,13,12,14,12,12,4,8,12,12,12,12,12,13,12,8,8,12,12,12,12,12,12,12,15,16,16,16,17,12,12,12,12,18,19,20,12,12,12,11,12,12,12,12,12,12,12,12,12,12,21,21,22,12,12,12,24,23,24,23,24,23,23,23,25,25,25,25,25,25,25,25","0.00838398933410645","infomap","edit-xhwikibooks.graphml"
"0.08","0.11","0.81","0.314467311749477","1,2,1,3,1,3,4,2,5,6,4,7,8,5,9,3,6,4,10,7,11,12,13,8,14,15,16,17,18,19,20,21,22,7,9,10,23,5,11,11,11,11,12,12,12,12,11,12,12,12,11,11,11,11,11,12,12,12,12,11,13,11,11,2,14,11,11,11,11,11,12,11,14,15,11,11,11,11,11,11,11,16,17,17,17,18,11,11,11,11,19,20,21,11,11,11,3,11,11,11,11,11,11,11,11,11,11,22,22,7,11,11,11,9,10,9,10,9,9,9,9,23,23,23,23,23,23,23,23","0.00820517539978027","infomap","edit-xhwikibooks.graphml"
"0.07","0.12","0.81","0.31280619492115","1,1,2,2,3,4,3,4,5,6,7,8,1,5,9,10,6,7,11,8,12,13,14,1,15,16,5,17,18,19,20,21,8,22,11,23,24,9,12,12,12,12,13,13,13,13,12,13,13,13,12,12,12,12,12,13,13,13,13,12,14,12,12,1,15,12,12,12,12,12,13,12,16,9,12,12,12,12,12,12,12,16,10,17,10,18,12,12,12,12,19,20,21,12,12,12,10,12,12,12,12,12,12,12,12,12,12,8,8,22,12,12,12,11,23,23,11,23,23,11,11,24,24,24,24,24,24,24,24","0.0107169151306152","infomap","edit-xhwikibooks.graphml"
"0.06","0.13","0.81","0.322933400260853","1,1,2,3,2,3,4,1,3,5,6,4,7,8,9,10,5,6,6,11,12,13,14,7,9,8,15,10,16,17,18,19,11,20,21,22,23,9,12,12,12,12,13,13,13,13,12,13,13,13,12,12,12,12,12,13,13,13,13,12,14,12,12,7,8,12,12,12,12,12,13,12,8,8,12,12,12,12,12,12,12,15,10,10,10,16,12,12,12,12,17,18,19,12,12,12,10,12,12,12,12,12,12,12,12,12,12,11,11,20,12,12,12,21,21,21,22,21,21,21,22,23,23,23,23,23,23,23,23","0.0109620094299316","infomap","edit-xhwikibooks.graphml"
"0.05","0.14","0.81","0.317235454579118","1,1,2,2,3,4,3,5,5,4,6,3,5,5,7,8,4,6,9,10,11,12,13,14,15,7,16,17,18,19,20,21,10,22,9,23,24,7,11,11,11,11,12,12,12,12,11,12,12,12,11,11,11,11,11,12,12,12,12,11,13,11,11,14,15,11,11,11,11,11,12,11,15,7,11,11,11,11,11,11,11,16,17,17,17,18,11,11,11,11,19,20,21,11,11,11,8,11,11,11,11,11,11,11,11,11,11,10,10,22,11,11,11,23,23,23,23,23,23,9,9,24,24,24,24,24,24,24,24","0.00782895088195801","infomap","edit-xhwikibooks.graphml"
"0.04","0.15","0.81","0.317923390221414","1,1,2,2,2,3,4,3,5,6,7,4,5,8,5,9,6,7,7,10,11,12,13,8,5,14,15,16,17,18,19,20,10,21,22,23,24,5,11,11,11,11,12,12,12,12,11,12,12,12,11,11,11,11,11,12,12,12,12,11,13,11,11,8,15,11,11,11,11,11,12,11,14,14,11,11,11,11,11,11,11,15,9,16,16,17,11,11,11,11,18,19,20,11,11,11,9,11,11,11,11,11,11,11,11,11,11,10,10,21,11,11,11,23,22,22,23,22,22,23,23,24,24,24,24,24,24,24,24","0.00818800926208496","infomap","edit-xhwikibooks.graphml"
"0.03","0.16","0.81","0.320398129187506","1,2,1,3,1,3,4,5,3,3,6,4,5,7,8,9,3,6,6,10,11,2,12,13,7,14,15,16,17,18,19,20,21,10,8,22,23,7,11,11,11,11,2,2,2,2,11,2,2,2,11,11,11,11,11,2,2,2,2,11,12,11,11,13,14,11,11,11,11,11,2,11,7,14,11,11,11,11,11,11,11,15,16,16,16,17,11,11,11,11,18,19,20,11,11,11,9,11,11,11,11,11,11,11,11,11,11,21,21,11,11,11,11,22,22,22,8,8,22,22,8,23,23,23,23,23,23,23,23","0.00815105438232422","infomap","edit-xhwikibooks.graphml"
"0.02","0.17","0.81","0.318708921506472","1,1,2,3,2,3,4,5,6,7,4,8,5,9,6,10,7,4,11,8,12,13,14,15,16,17,18,10,19,20,21,22,23,24,25,11,6,9,12,12,12,12,13,13,13,13,12,13,13,13,12,12,12,12,12,13,13,13,13,12,14,12,12,15,16,12,12,12,12,12,13,12,17,16,12,12,12,12,12,12,12,18,10,10,10,19,12,12,12,12,20,21,22,12,12,12,10,12,12,12,12,12,12,12,12,12,12,23,23,24,12,12,12,25,11,25,25,25,25,11,25,6,6,6,6,6,6,6,6","0.0105259418487549","infomap","edit-xhwikibooks.graphml"
"0.01","0.18","0.81","0.312263699627947","1,2,1,3,1,3,4,2,3,5,6,4,7,8,9,10,5,6,6,4,11,12,13,7,14,15,16,17,18,19,20,21,22,23,24,8,9,9,11,11,11,11,12,12,12,12,11,12,12,12,11,11,11,11,11,12,12,12,12,11,13,11,11,2,14,11,11,11,11,11,12,11,15,14,11,11,11,11,11,11,11,16,17,17,17,18,11,11,11,11,19,20,21,11,11,11,10,11,11,11,11,11,11,11,11,11,11,22,22,23,11,11,11,8,8,8,24,24,24,6,8,9,9,9,9,9,9,9,9","0.007720947265625","infomap","edit-xhwikibooks.graphml"
"0","0.19","0.81","0.317909650422159","1,1,2,3,2,3,4,3,3,5,4,6,7,8,7,9,5,4,10,6,11,12,13,14,7,15,16,9,17,18,19,20,21,22,10,23,24,8,11,11,11,11,12,12,12,12,11,12,12,12,11,11,11,11,11,12,12,12,12,11,13,11,11,14,7,11,11,11,11,11,12,11,15,15,11,11,11,11,11,11,11,16,9,9,9,17,11,11,11,11,18,19,20,11,11,11,9,11,11,11,11,11,11,11,11,11,11,21,21,22,11,11,11,23,23,10,10,23,23,23,10,24,24,24,24,24,24,24,24","0.00787186622619629","infomap","edit-xhwikibooks.graphml"
"0.18","0","0.82","0.315185596398434","1,2,3,3,4,1,4,5,1,6,7,4,5,8,9,10,6,7,7,11,12,2,13,14,15,16,9,17,18,19,20,21,11,11,22,8,23,9,12,12,12,12,2,2,2,2,12,2,2,2,12,12,12,12,12,2,2,2,2,12,13,12,12,14,15,12,12,12,12,12,2,12,16,16,12,12,12,12,12,12,12,15,17,17,17,18,12,12,12,12,19,20,21,12,12,12,10,12,12,12,12,12,12,12,12,12,12,11,11,12,12,12,12,8,8,8,8,22,22,8,22,23,23,23,23,23,23,23,23","0.0081479549407959","infomap","edit-xhwikibooks.graphml"
"0.17","0.01","0.82","0.28345042522009","1,1,2,1,2,3,4,3,5,6,7,4,8,5,9,10,6,7,7,11,12,13,14,15,16,8,17,18,19,20,21,22,11,23,24,25,26,9,12,12,12,12,13,13,13,13,12,13,13,13,12,12,12,12,12,13,13,13,13,12,14,12,12,15,16,12,12,12,12,12,13,12,8,8,12,12,12,12,12,12,12,17,18,18,18,19,12,12,12,12,20,21,22,12,12,12,10,12,12,12,12,12,12,12,12,12,12,11,11,23,12,12,12,25,9,25,25,25,24,9,25,5,26,5,26,5,26,5,5","0.00792789459228516","infomap","edit-xhwikibooks.graphml"
"0.16","0.02","0.82","0.305646035970019","1,2,3,3,4,1,4,5,5,1,4,6,7,7,5,8,1,4,4,6,2,9,10,11,12,13,7,14,15,16,17,18,6,19,20,21,22,5,2,2,2,2,9,9,9,9,2,9,9,9,2,2,2,2,2,9,9,9,9,2,10,2,2,11,12,2,2,2,2,2,9,2,12,13,2,2,2,2,2,2,2,7,14,14,14,15,2,2,2,2,16,17,18,2,2,2,8,2,2,2,2,2,2,2,2,2,2,6,6,19,2,2,2,21,20,20,21,20,20,21,21,22,22,22,22,22,22,22,22","0.00795102119445801","infomap","edit-xhwikibooks.graphml"
"0.15","0.03","0.82","0.308997940459045","1,1,2,2,2,3,4,5,3,3,4,6,5,7,8,9,3,4,10,6,11,12,13,14,8,15,16,17,18,19,20,21,22,23,24,10,7,7,11,11,11,11,12,12,12,12,11,12,12,12,11,11,11,11,11,12,12,12,12,11,13,11,11,14,15,11,11,11,11,11,12,11,16,15,11,11,11,11,11,11,11,16,17,17,17,18,11,11,11,11,19,20,21,11,11,11,9,11,11,11,11,11,11,11,11,11,11,22,22,23,11,11,11,24,10,10,10,24,24,24,10,7,7,7,7,7,7,7,7","0.00776100158691406","infomap","edit-xhwikibooks.graphml"
"0.14","0.04","0.82","0.295115459301248","1,2,2,2,2,1,3,1,4,5,3,6,7,8,4,9,5,3,10,6,11,12,13,14,15,16,7,17,18,19,20,21,22,23,24,10,25,8,11,11,11,11,12,12,12,12,11,12,12,12,11,11,11,11,11,12,12,12,12,11,13,11,11,14,15,11,11,11,11,11,12,11,7,16,11,11,11,11,11,11,11,7,17,17,17,18,11,11,11,11,19,20,21,11,11,11,9,11,11,11,11,11,11,11,11,11,11,22,22,23,11,11,11,8,8,24,24,24,8,24,10,25,25,25,25,25,25,25,25","0.0137200355529785","infomap","edit-xhwikibooks.graphml"
"0.13","0.05","0.82","0.307717592935409","1,1,2,2,3,4,3,5,4,6,3,7,5,8,5,9,6,3,10,7,11,12,13,14,15,16,17,18,19,20,21,22,23,24,25,10,8,5,11,11,11,11,12,12,12,12,11,12,12,12,11,11,11,11,11,12,12,12,12,11,13,11,11,14,15,11,11,11,11,11,12,11,16,17,11,11,11,11,11,11,11,17,18,18,18,19,11,11,11,11,20,21,22,11,11,11,9,11,11,11,11,11,11,11,11,11,11,23,23,24,11,11,11,25,10,25,10,10,25,25,25,8,8,8,8,8,8,8,8","0.035506010055542","infomap","edit-xhwikibooks.graphml"
"0.12","0.06","0.82","0.311915939749179","1,1,2,2,3,4,3,5,6,7,3,8,5,9,6,4,7,3,10,8,11,12,13,14,15,16,17,18,19,20,21,22,23,8,10,24,9,6,11,11,11,11,12,12,12,12,11,12,12,12,11,11,11,11,11,12,12,12,12,11,13,11,11,14,15,11,11,11,11,11,12,11,15,16,11,11,11,11,11,11,11,17,18,18,18,19,11,11,11,11,20,21,22,11,11,11,4,11,11,11,11,11,11,11,11,11,11,23,23,8,11,11,11,24,10,24,24,10,24,10,10,9,9,9,9,9,9,9,9","0.00785303115844727","infomap","edit-xhwikibooks.graphml"
"0.11","0.07","0.82","0.307952158648876","1,1,2,2,1,3,4,3,5,6,7,4,5,5,8,9,6,7,10,11,12,13,14,8,15,16,5,17,18,19,20,21,11,22,10,23,24,5,12,12,12,12,13,13,13,13,12,13,13,13,12,12,12,12,12,13,13,13,13,12,14,12,12,8,15,12,12,12,12,12,13,12,16,5,12,12,12,12,12,12,12,16,17,17,17,18,12,12,12,12,19,20,21,12,12,12,9,12,12,12,12,12,12,12,12,12,12,11,11,22,12,12,12,10,23,23,10,10,23,23,10,24,24,24,24,24,24,24,24","0.00810599327087402","infomap","edit-xhwikibooks.graphml"
"0.1","0.08","0.82","0.307599542814858","1,2,1,2,1,2,3,4,2,5,6,3,4,7,8,9,5,6,6,10,11,12,13,14,15,16,7,17,18,19,20,21,10,22,23,24,25,8,11,11,11,11,12,12,12,12,11,12,12,12,11,11,11,11,11,12,12,12,12,11,13,11,11,14,15,11,11,11,11,11,12,11,16,15,11,11,11,11,11,11,11,7,17,9,9,18,11,11,11,11,19,20,21,11,11,11,9,11,11,11,11,11,11,11,11,11,11,10,10,22,11,11,11,23,23,24,23,24,24,23,24,25,25,25,25,25,25,25,25","0.00795388221740723","infomap","edit-xhwikibooks.graphml"
"0.09","0.09","0.82","0.312677317436774","1,1,2,2,2,3,4,5,6,3,4,4,5,7,8,9,3,4,10,11,12,13,14,15,8,16,17,18,19,20,21,22,11,23,10,6,7,6,12,12,12,12,13,13,13,13,12,13,13,13,12,12,12,12,12,13,13,13,13,12,14,12,12,15,8,12,12,12,12,12,13,12,8,16,12,12,12,12,12,12,12,17,18,18,18,19,12,12,12,12,20,21,22,12,12,12,9,12,12,12,12,12,12,12,12,12,12,11,11,23,12,12,12,10,10,10,6,6,6,10,10,7,7,7,7,7,7,7,7","0.00808191299438477","infomap","edit-xhwikibooks.graphml"
"0.08","0.1","0.82","0.310982057068377","1,2,1,3,4,3,4,5,5,6,4,7,8,5,9,10,6,4,11,7,12,2,13,14,8,5,15,16,17,18,19,20,21,22,23,11,24,9,12,12,12,12,2,2,2,2,12,2,2,2,12,12,12,12,12,2,2,2,2,12,13,12,12,14,8,12,12,12,12,12,2,12,8,15,12,12,12,12,12,12,12,15,10,16,16,17,12,12,12,12,18,19,20,12,12,12,10,12,12,12,12,12,12,12,12,12,12,21,21,22,12,12,12,23,11,11,23,23,11,11,11,24,24,24,24,24,24,24,24","0.00791096687316895","infomap","edit-xhwikibooks.graphml"
"0.07","0.11","0.82","0.297246281136736","1,1,2,3,4,3,4,2,3,5,6,7,2,8,9,10,5,6,11,7,12,13,14,15,8,16,17,18,19,20,21,22,23,24,11,25,26,9,12,12,12,12,13,13,13,13,12,13,13,13,12,12,12,12,12,13,13,13,13,12,14,12,12,15,16,12,12,12,12,12,13,12,8,16,12,12,12,12,12,12,12,17,18,10,18,19,12,12,12,12,20,21,22,12,12,12,10,12,12,12,12,12,12,12,12,12,12,23,23,24,12,12,12,25,11,25,11,11,11,11,25,9,26,26,9,9,26,9,26","0.00783085823059082","infomap","edit-xhwikibooks.graphml"
"0.06","0.12","0.82","0.307645814971009","1,1,2,3,2,3,4,5,3,6,7,4,8,5,9,10,6,7,7,11,12,13,14,15,8,16,17,18,19,20,21,22,11,23,24,25,26,9,12,12,12,12,13,13,13,13,12,13,13,13,12,12,12,12,12,13,13,13,13,12,14,12,12,15,8,12,12,12,12,12,13,12,16,17,12,12,12,12,12,12,12,17,18,18,18,19,12,12,12,12,20,21,22,12,12,12,10,12,12,12,12,12,12,12,12,12,12,11,11,23,12,12,12,24,25,25,25,24,24,24,25,26,26,26,26,26,26,26,26","0.00789999961853027","infomap","edit-xhwikibooks.graphml"
"0.05","0.13","0.82","0.309441166124525","1,1,2,2,3,4,3,5,4,6,7,8,9,5,10,11,6,7,7,8,12,13,14,9,15,16,16,11,17,18,19,20,21,22,23,24,25,10,12,12,12,12,13,13,13,13,12,13,13,13,12,12,12,12,12,13,13,13,13,12,14,12,12,9,15,12,12,12,12,12,13,12,16,16,12,12,12,12,12,12,12,16,11,11,11,17,12,12,12,12,18,19,20,12,12,12,11,12,12,12,12,12,12,12,12,12,12,21,21,22,12,12,12,23,24,24,24,23,24,24,23,25,25,25,25,25,25,25,25","0.00840997695922852","infomap","edit-xhwikibooks.graphml"
"0.04","0.14","0.82","0.312660419194574","1,2,1,3,1,3,4,5,6,7,8,4,9,5,6,10,7,8,8,11,12,2,13,14,15,16,9,17,18,19,20,21,11,22,23,24,25,25,12,12,12,12,2,2,2,2,12,2,2,2,12,12,12,12,12,2,2,2,2,12,13,12,12,14,15,12,12,12,12,12,2,12,16,16,12,12,12,12,12,12,12,9,17,17,17,18,12,12,12,12,19,20,21,12,12,12,10,12,12,12,12,12,12,12,12,12,12,11,11,22,12,12,12,23,23,23,23,24,24,23,23,25,25,25,25,25,25,25,25","0.00809597969055176","infomap","edit-xhwikibooks.graphml"
"0.03","0.15","0.82","0.308558758195953","1,2,1,3,4,3,4,2,2,5,6,7,8,2,9,10,5,6,6,7,11,12,13,8,14,15,16,10,17,18,19,20,21,22,9,23,24,2,11,11,11,11,12,12,12,12,11,12,12,12,11,11,11,11,11,12,12,12,12,11,13,11,11,2,14,11,11,11,11,11,12,11,14,15,11,11,11,11,11,11,11,16,10,10,10,17,11,11,11,11,18,19,20,11,11,11,10,11,11,11,11,11,11,11,11,11,11,21,21,22,11,11,11,23,23,9,9,23,23,23,23,24,24,24,24,24,24,24,24","0.00824689865112305","infomap","edit-xhwikibooks.graphml"
"0.02","0.16","0.82","0.319116989561351","1,1,2,2,3,4,3,1,5,4,3,3,6,5,7,4,4,3,8,9,10,11,12,5,13,6,7,14,15,16,17,18,9,19,8,20,21,5,10,10,10,10,11,11,11,11,10,11,11,11,10,10,10,10,10,11,11,11,11,10,12,10,10,1,13,10,10,10,10,10,11,10,6,7,10,10,10,10,10,10,10,13,14,14,14,15,10,10,10,10,16,17,18,10,10,10,4,10,10,10,10,10,10,10,10,10,10,9,9,19,10,10,10,8,8,20,8,20,8,8,20,21,21,21,21,21,21,21,21","0.00795292854309082","infomap","edit-xhwikibooks.graphml"
"0.01","0.17","0.82","0.312921243388146","1,2,1,2,3,4,3,2,5,6,3,3,7,8,5,4,6,3,9,10,11,12,13,14,7,15,8,16,17,18,19,20,10,21,22,9,23,5,11,11,11,11,12,12,12,12,11,12,12,12,11,11,11,11,11,12,12,12,12,11,13,11,11,14,7,11,11,11,11,11,12,11,15,15,11,11,11,11,11,11,11,8,16,16,16,17,11,11,11,11,18,19,20,11,11,11,4,11,11,11,11,11,11,11,11,11,11,10,10,21,11,11,11,9,22,9,22,9,9,9,9,23,23,23,23,23,23,23,23","0.0078279972076416","infomap","edit-xhwikibooks.graphml"
"0","0.18","0.82","0.305483489975565","1,2,1,2,3,4,3,5,4,6,7,8,9,10,5,11,6,7,7,8,12,2,13,9,14,15,16,17,18,19,20,21,22,23,24,25,26,10,12,12,12,12,2,2,2,2,12,2,2,2,12,12,12,12,12,2,2,2,2,12,13,12,12,9,14,12,12,12,12,12,2,12,15,16,12,12,12,12,12,12,12,16,17,17,17,18,12,12,12,12,19,20,21,12,12,12,11,12,12,12,12,12,12,12,12,12,12,22,22,23,12,12,12,25,24,25,24,24,25,24,25,26,26,26,26,26,10,26,26","0.0108718872070312","infomap","edit-xhwikibooks.graphml"
"0.17","0","0.83","0.303666987809845","1,1,2,2,2,3,4,5,5,3,6,4,7,8,5,9,3,6,6,10,11,12,13,7,14,15,16,17,18,19,20,21,10,22,23,8,24,8,11,11,11,11,12,12,12,12,11,12,12,12,11,11,11,11,11,12,12,12,12,11,13,11,11,7,14,11,11,11,11,11,12,11,16,15,11,11,11,11,11,11,11,16,17,17,17,18,11,11,11,11,19,20,21,11,11,11,9,11,11,11,11,11,11,11,11,11,11,10,10,22,11,11,11,8,23,8,23,23,8,23,8,24,24,24,24,24,24,24,24","0.00790190696716309","infomap","edit-xhwikibooks.graphml"
"0.16","0.01","0.83","0.309290887459244","1,1,2,2,3,4,3,1,5,6,7,8,9,10,5,4,6,7,11,8,12,13,14,9,10,15,9,16,17,18,19,20,21,22,23,11,24,5,12,12,12,12,13,13,13,13,12,13,13,13,12,12,12,12,12,13,13,13,13,12,14,12,12,9,15,12,12,12,12,12,13,12,15,15,12,12,12,12,12,12,12,9,16,16,16,17,12,12,12,12,18,19,20,12,12,12,4,12,12,12,12,12,12,12,12,12,12,21,21,22,12,12,12,23,23,23,11,23,23,11,23,24,24,24,24,24,24,24,24","0.011044979095459","infomap","edit-xhwikibooks.graphml"
"0.15","0.02","0.83","0.309251423041885","1,2,1,3,1,3,4,2,5,6,7,4,8,5,9,10,6,7,7,11,12,13,14,8,15,16,17,18,19,20,21,22,11,23,24,25,26,9,12,12,12,12,13,13,13,13,12,13,13,13,12,12,12,12,12,13,13,13,13,12,14,12,12,8,15,12,12,12,12,12,13,12,15,16,12,12,12,12,12,12,12,17,18,18,18,19,12,12,12,12,20,21,22,12,12,12,10,12,12,12,12,12,12,12,12,12,12,11,11,23,12,12,12,24,24,24,25,24,25,24,24,26,26,26,26,26,26,26,26","0.00803017616271973","infomap","edit-xhwikibooks.graphml"
"0.14","0.03","0.83","0.311696504348916","1,1,2,2,2,3,4,3,5,6,7,4,8,9,5,10,6,7,11,12,13,14,15,16,17,9,8,10,18,19,20,21,12,22,11,23,24,5,13,13,13,13,14,14,14,14,13,14,14,14,13,13,13,13,13,14,14,14,14,13,15,13,13,16,17,13,13,13,13,13,14,13,17,17,13,13,13,13,13,13,13,8,10,10,10,18,13,13,13,13,19,20,21,13,13,13,10,13,13,13,13,13,13,13,13,13,13,12,12,22,13,13,13,23,11,23,23,23,11,11,23,24,24,24,24,24,24,24,24","0.0106420516967773","infomap","edit-xhwikibooks.graphml"
"0.13","0.04","0.83","0.311295092269445","1,1,2,2,3,4,3,5,4,4,6,3,7,8,5,9,4,6,10,11,12,13,14,7,15,16,8,17,18,19,20,21,11,22,10,23,24,5,12,12,12,12,13,13,13,13,12,13,13,13,12,12,12,12,12,13,13,13,13,12,14,12,12,5,15,12,12,12,12,12,13,12,16,16,12,12,12,12,12,12,12,16,17,17,17,18,12,12,12,12,19,20,21,12,12,12,9,12,12,12,12,12,12,12,12,12,12,11,11,22,12,12,12,23,23,23,23,23,10,10,23,24,24,24,24,24,24,24,24","0.00808596611022949","infomap","edit-xhwikibooks.graphml"
"0.12","0.05","0.83","0.309289940248862","1,1,2,2,3,4,3,5,6,7,8,9,5,6,10,4,7,8,8,9,11,12,13,14,15,16,17,18,19,20,21,22,23,11,24,6,25,10,11,11,11,11,12,12,12,12,11,12,12,12,11,11,11,11,11,12,12,12,12,11,13,11,11,14,15,11,11,11,11,11,12,11,16,16,11,11,11,11,11,11,11,17,18,18,18,19,11,11,11,11,20,21,22,11,11,11,4,11,11,11,11,11,11,11,11,11,11,23,23,11,11,11,11,24,6,24,6,24,6,24,24,25,25,25,25,25,25,25,25","0.00766587257385254","infomap","edit-xhwikibooks.graphml"
"0.11","0.06","0.83","0.314297816563696","1,1,2,2,2,3,4,1,3,5,4,6,7,8,9,10,5,4,11,6,12,13,14,7,15,16,9,17,18,19,20,21,22,23,11,24,25,8,12,12,12,12,13,13,13,13,12,13,13,13,12,12,12,12,12,13,13,13,13,12,14,12,12,7,15,12,12,12,12,12,13,12,15,16,12,12,12,12,12,12,12,9,17,17,17,18,12,12,12,12,19,20,21,12,12,12,10,12,12,12,12,12,12,12,12,12,12,22,22,23,12,12,12,11,11,24,11,11,11,11,11,25,25,25,25,25,25,25,25","0.0081639289855957","infomap","edit-xhwikibooks.graphml"
"0.1","0.07","0.83","0.309219134542651","1,2,1,1,3,2,3,2,4,5,6,7,8,4,9,10,5,6,6,7,11,12,13,14,9,8,15,10,16,17,18,19,20,21,22,23,24,4,11,11,11,11,12,12,12,12,11,12,12,12,11,11,11,11,11,12,12,12,12,11,13,11,11,14,15,11,11,11,11,11,12,11,9,8,11,11,11,11,11,11,11,15,10,10,10,16,11,11,11,11,17,18,19,11,11,11,10,11,11,11,11,11,11,11,11,11,11,20,20,21,11,11,11,22,23,22,23,23,23,23,22,24,24,24,24,24,24,24,24","0.00789403915405273","infomap","edit-xhwikibooks.graphml"
"0.09","0.08","0.83","0.319475282808969","1,2,1,3,1,3,4,5,3,3,4,6,5,7,8,9,3,4,10,6,11,2,12,13,14,15,16,17,18,19,20,21,22,23,10,24,8,7,11,11,11,11,2,2,2,2,11,2,2,2,11,11,11,11,11,2,2,2,2,11,12,11,11,13,14,11,11,11,11,11,2,11,16,15,11,11,11,11,11,11,11,16,17,17,17,18,11,11,11,11,19,20,21,11,11,11,9,11,11,11,11,11,11,11,11,11,11,22,22,23,11,11,11,10,10,10,24,10,10,10,24,8,8,8,8,8,8,8,8","0.00806498527526855","infomap","edit-xhwikibooks.graphml"
"0.08","0.09","0.83","0.295807665658856","1,1,2,2,2,3,4,3,5,6,7,4,8,5,9,10,6,7,7,11,12,13,14,8,15,16,17,18,19,20,21,22,11,23,24,5,25,9,12,12,12,12,13,13,13,13,12,13,13,13,12,12,12,12,12,13,13,13,13,12,14,12,12,8,15,12,12,12,12,12,13,12,16,15,12,12,12,12,12,12,12,17,18,18,18,19,12,12,12,12,20,21,22,12,12,12,10,12,12,12,12,12,12,12,12,12,12,11,11,23,12,12,12,5,5,5,5,24,24,24,5,25,9,9,25,25,25,9,9","0.0077061653137207","infomap","edit-xhwikibooks.graphml"
"0.07","0.1","0.83","0.312015148652053","1,2,1,1,1,3,4,2,3,5,6,4,7,8,9,10,5,6,6,11,12,13,14,7,8,15,16,17,18,19,20,21,11,22,23,24,9,8,12,12,12,12,13,13,13,13,12,13,13,13,12,12,12,12,12,13,13,13,13,12,14,12,12,2,16,12,12,12,12,12,13,12,15,16,12,12,12,12,12,12,12,16,17,17,17,18,12,12,12,12,19,20,21,12,12,12,10,12,12,12,12,12,12,12,12,12,12,11,11,22,12,12,12,24,24,24,24,23,23,24,23,9,9,9,9,9,9,9,9","0.00764107704162598","infomap","edit-xhwikibooks.graphml"
"0.06","0.11","0.83","0.316826794552888","1,1,2,2,2,3,4,5,3,6,4,7,8,5,9,3,6,4,10,7,11,12,13,8,14,15,16,17,18,19,20,21,22,23,10,24,9,9,11,11,11,11,12,12,12,12,11,12,12,12,11,11,11,11,11,12,12,12,12,11,13,11,11,8,14,11,11,11,11,11,12,11,15,15,11,11,11,11,11,11,11,16,17,17,17,18,11,11,11,11,19,20,21,11,11,11,3,11,11,11,11,11,11,11,11,11,11,22,22,23,11,11,11,24,10,24,24,10,24,24,10,9,9,9,9,9,9,9,9","0.00801992416381836","infomap","edit-xhwikibooks.graphml"
"0.05","0.12","0.83","0.312139493826829","1,2,1,3,1,3,4,2,5,6,4,7,8,5,2,9,6,4,10,7,11,12,13,8,14,5,15,16,17,18,19,20,21,22,10,23,24,5,11,11,11,11,12,12,12,12,11,12,12,12,11,11,11,11,11,12,12,12,12,11,13,11,11,2,14,11,11,11,11,11,12,11,5,5,11,11,11,11,11,11,11,15,16,16,16,17,11,11,11,11,18,19,20,11,11,11,9,11,11,11,11,11,11,11,11,11,11,21,21,22,11,11,11,23,10,23,23,23,23,10,23,24,24,24,24,24,24,24,24","0.00774812698364258","infomap","edit-xhwikibooks.graphml"
"0.04","0.13","0.83","0.311586895753225","1,1,2,2,3,4,3,5,4,6,7,8,5,9,10,11,6,7,7,8,12,13,14,15,10,16,17,18,19,20,21,22,23,24,25,9,26,9,12,12,12,12,13,13,13,13,12,13,13,13,12,12,12,12,12,13,13,13,13,12,14,12,12,15,10,12,12,12,12,12,13,12,16,16,12,12,12,12,12,12,12,17,18,18,18,19,12,12,12,12,20,21,22,12,12,12,11,12,12,12,12,12,12,12,12,12,12,23,23,24,12,12,12,25,25,25,9,25,25,25,25,26,26,26,26,26,26,26,26","0.00761318206787109","infomap","edit-xhwikibooks.graphml"
"0.03","0.14","0.83","0.316083549379792","1,1,2,3,2,3,4,1,5,3,4,6,7,8,5,9,3,4,10,6,11,12,13,7,14,15,16,9,17,18,19,20,6,21,22,10,23,8,11,11,11,11,12,12,12,12,11,12,12,12,11,11,11,11,11,12,12,12,12,11,13,11,11,1,14,11,11,11,11,11,12,11,16,15,11,11,11,11,11,11,11,16,9,9,9,17,11,11,11,11,18,19,20,11,11,11,9,11,11,11,11,11,11,11,11,11,11,6,6,21,11,11,11,22,22,22,22,22,10,10,22,23,23,23,23,23,23,23,23","0.0104990005493164","infomap","edit-xhwikibooks.graphml"
"0.02","0.15","0.83","0.31531541485573","1,1,2,2,3,4,3,1,5,6,7,3,8,9,5,4,6,7,10,11,12,13,14,8,15,16,9,17,18,19,20,21,11,22,10,23,24,23,12,12,12,12,13,13,13,13,12,13,13,13,12,12,12,12,12,13,13,13,13,12,14,12,12,8,15,12,12,12,12,12,13,12,16,16,12,12,12,12,12,12,12,15,17,17,17,18,12,12,12,12,19,20,21,12,12,12,4,12,12,12,12,12,12,12,12,12,12,11,11,22,12,12,12,10,23,10,10,10,23,23,23,24,24,24,24,24,24,24,24","0.00760984420776367","infomap","edit-xhwikibooks.graphml"
"0.01","0.16","0.83","0.302871744069373","1,2,3,1,3,1,4,5,6,1,4,7,5,8,6,9,1,4,10,7,2,11,12,6,13,14,15,16,17,18,19,20,21,22,23,10,8,8,2,2,2,2,11,11,11,11,2,11,11,11,2,2,2,2,2,11,11,11,11,2,12,2,2,5,13,2,2,2,2,2,11,2,14,14,2,2,2,2,2,2,2,15,16,16,16,17,2,2,2,2,18,19,20,2,2,2,9,2,2,2,2,2,2,2,2,2,2,21,21,22,2,2,2,10,10,23,10,10,23,10,23,8,8,8,8,8,8,8,8","0.00779008865356445","infomap","edit-xhwikibooks.graphml"
"0","0.17","0.83","0.303053633082848","1,2,1,1,3,4,3,4,5,6,7,8,9,10,5,11,6,7,12,8,2,13,14,15,16,9,10,17,18,19,20,21,8,22,12,23,24,10,2,2,2,2,13,13,13,13,2,13,13,13,2,2,2,2,2,13,13,13,13,2,14,2,2,15,16,2,2,2,2,2,13,2,10,9,2,2,2,2,2,2,2,16,11,11,17,18,2,2,2,2,19,20,21,2,2,2,11,2,2,2,2,2,2,2,2,2,2,8,8,22,2,2,2,23,12,23,23,23,23,12,23,24,24,24,24,24,24,24,24","0.0078730583190918","infomap","edit-xhwikibooks.graphml"
"0.16","0","0.84","0.31541826464546","1,1,2,2,2,3,4,3,5,3,4,6,7,5,8,9,3,4,10,6,11,12,13,5,14,7,15,16,17,18,19,20,21,22,10,8,23,5,11,11,11,11,12,12,12,12,11,12,12,12,11,11,11,11,11,12,12,12,12,11,13,11,11,3,14,11,11,11,11,11,12,11,7,15,11,11,11,11,11,11,11,15,16,9,9,17,11,11,11,11,18,19,20,11,11,11,9,11,11,11,11,11,11,11,11,11,11,21,21,22,11,11,11,10,10,8,10,10,8,10,10,23,23,23,23,23,23,23,23","0.00809884071350098","infomap","edit-xhwikibooks.graphml"
"0.15","0.01","0.84","0.2959651966233","1,2,1,3,4,3,4,2,3,3,4,5,2,6,7,8,3,4,6,5,9,10,11,12,13,14,15,16,17,18,19,20,5,21,22,6,23,7,9,9,9,9,10,10,10,10,9,10,10,10,9,9,9,9,9,10,10,10,10,9,11,9,9,12,13,9,9,9,9,9,10,9,14,13,9,9,9,9,9,9,9,15,16,16,16,17,9,9,9,9,18,19,20,9,9,9,8,9,9,9,9,9,9,9,9,9,9,5,5,21,9,9,9,22,6,7,7,7,6,7,7,23,23,23,23,23,23,23,23","0.0109598636627197","infomap","edit-xhwikibooks.graphml"
"0.14","0.02","0.84","0.306701357879164","1,2,3,3,3,1,4,5,6,7,4,8,5,6,9,1,7,4,10,8,2,11,12,9,13,14,15,16,17,18,19,20,21,22,23,10,24,9,2,2,2,2,11,11,11,11,2,11,11,11,2,2,2,2,2,11,11,11,11,2,12,2,2,5,13,2,2,2,2,2,11,2,14,14,2,2,2,2,2,2,2,15,16,16,16,17,2,2,2,2,18,19,20,2,2,2,1,2,2,2,2,2,2,2,2,2,2,21,21,22,2,2,2,23,23,10,23,23,10,23,10,24,24,24,24,24,24,24,24","0.00805211067199707","infomap","edit-xhwikibooks.graphml"
"0.13","0.03","0.84","0.316471113258435","1,1,2,2,2,3,4,5,6,3,4,7,8,9,5,6,3,4,10,7,11,12,13,14,15,8,16,17,18,19,20,21,22,7,10,23,9,5,11,11,11,11,12,12,12,12,11,12,12,12,11,11,11,11,11,12,12,12,12,11,13,11,11,14,15,11,11,11,11,11,12,11,8,8,11,11,11,11,11,11,11,16,17,17,17,18,11,11,11,11,19,20,21,11,11,11,6,11,11,11,11,11,11,11,11,11,11,22,22,11,11,11,11,23,10,23,10,10,10,10,23,9,9,9,9,9,9,9,9","0.00822710990905762","infomap","edit-xhwikibooks.graphml"
"0.12","0.04","0.84","0.320174667133926","1,1,2,2,2,3,4,3,5,6,7,4,8,5,9,10,6,7,7,11,12,13,14,8,15,16,9,17,18,19,20,21,11,22,23,24,9,9,12,12,12,12,13,13,13,13,12,13,13,13,12,12,12,12,12,13,13,13,13,12,14,12,12,8,15,12,12,12,12,12,13,12,16,16,12,12,12,12,12,12,12,16,17,17,17,18,12,12,12,12,19,20,21,12,12,12,10,12,12,12,12,12,12,12,12,12,12,11,11,22,12,12,12,24,23,23,23,24,23,23,23,9,9,9,9,9,9,9,9","0.00793600082397461","infomap","edit-xhwikibooks.graphml"
"0.11","0.05","0.84","0.307210728794877","1,2,3,3,4,1,4,5,1,1,4,6,7,5,8,9,1,4,10,6,2,11,12,8,7,13,14,15,16,17,18,19,20,21,10,22,23,5,2,2,2,2,11,11,11,11,2,11,11,11,2,2,2,2,2,11,11,11,11,2,12,2,2,8,7,2,2,2,2,2,11,2,13,13,2,2,2,2,2,2,2,14,15,15,15,16,2,2,2,2,17,18,19,2,2,2,9,2,2,2,2,2,2,2,2,2,2,20,20,21,2,2,2,22,10,10,22,10,22,22,22,23,23,23,23,23,23,23,23","0.011232852935791","infomap","edit-xhwikibooks.graphml"
"0.1","0.06","0.84","0.313198668088837","1,1,2,2,3,4,3,5,6,7,8,9,5,6,10,4,7,8,8,9,11,12,13,14,10,15,15,16,17,18,19,20,21,22,23,24,25,6,11,11,11,11,12,12,12,12,11,12,12,12,11,11,11,11,11,12,12,12,12,11,13,11,11,14,10,11,11,11,11,11,12,11,15,15,11,11,11,11,11,11,11,10,16,16,16,17,11,11,11,11,18,19,20,11,11,11,4,11,11,11,11,11,11,11,11,11,11,21,21,22,11,11,11,24,24,23,24,23,23,23,23,25,25,25,25,25,25,25,25","0.00785493850708008","infomap","edit-xhwikibooks.graphml"
"0.09","0.07","0.84","0.305597664063175","1,1,2,2,3,4,3,5,6,7,8,9,5,6,10,4,7,8,8,9,11,12,13,14,15,16,17,18,19,20,21,22,23,24,25,26,10,6,11,11,11,11,12,12,12,12,11,12,12,12,11,11,11,11,11,12,12,12,12,11,13,11,11,14,15,11,11,11,11,11,12,11,15,16,11,11,11,11,11,11,11,17,18,18,18,19,11,11,11,11,20,21,22,11,11,11,4,11,11,11,11,11,11,11,11,11,11,23,23,24,11,11,11,25,26,6,25,6,25,26,26,10,10,10,10,10,10,10,10","0.00804591178894043","infomap","edit-xhwikibooks.graphml"
"0.08","0.08","0.84","0.302443985629314","1,1,2,2,3,4,3,4,5,6,3,7,8,9,5,10,6,3,3,7,1,11,12,8,13,9,14,15,16,17,18,19,20,21,22,23,24,5,1,1,1,1,11,11,11,11,1,11,11,11,1,1,1,1,1,11,11,11,11,1,12,1,1,8,13,1,1,1,1,1,11,1,13,14,1,1,1,1,1,1,1,14,10,15,15,16,1,1,1,1,17,18,19,1,1,1,10,1,1,1,1,1,1,1,1,1,1,20,20,21,1,1,1,22,23,22,23,23,23,23,23,24,24,24,24,24,24,24,24","0.00837111473083496","infomap","edit-xhwikibooks.graphml"
"0.07","0.09","0.84","0.314395714465388","1,1,2,3,2,3,4,5,3,6,4,7,8,5,9,10,6,4,4,7,11,12,13,8,14,15,16,17,18,19,20,21,22,7,23,24,9,9,11,11,11,11,12,12,12,12,11,12,12,12,11,11,11,11,11,12,12,12,12,11,13,11,11,5,14,11,11,11,11,11,12,11,16,15,11,11,11,11,11,11,11,16,17,17,17,18,11,11,11,11,19,20,21,11,11,11,10,11,11,11,11,11,11,11,11,11,11,22,22,11,11,11,11,24,23,23,23,24,24,24,23,9,9,9,9,9,9,9,9","0.00807714462280273","infomap","edit-xhwikibooks.graphml"
"0.06","0.1","0.84","0.296897486147022","1,1,2,2,2,3,4,3,5,6,4,7,8,9,5,10,6,4,11,7,12,13,14,8,15,16,17,18,19,20,21,22,23,24,11,25,26,9,12,12,12,12,13,13,13,13,12,13,13,13,12,12,12,12,12,13,13,13,13,12,14,12,12,8,15,12,12,12,12,12,13,12,15,16,12,12,12,12,12,12,12,17,18,18,18,19,12,12,12,12,20,21,22,12,12,12,10,12,12,12,12,12,12,12,12,12,12,23,7,24,12,12,12,25,25,25,11,25,11,11,25,5,5,26,26,26,26,5,26","0.0112850666046143","infomap","edit-xhwikibooks.graphml"
"0.05","0.11","0.84","0.308766830168108","1,1,2,2,3,4,3,5,5,6,7,8,9,5,10,4,6,7,7,8,11,12,13,9,14,10,15,16,17,18,19,20,21,22,23,24,25,10,11,11,11,11,12,12,12,12,11,12,12,12,11,11,11,11,11,12,12,12,12,11,13,11,11,5,14,11,11,11,11,11,12,11,14,14,11,11,11,11,11,11,11,15,16,16,16,17,11,11,11,11,18,19,20,11,11,11,4,11,11,11,11,11,11,11,11,11,11,21,21,22,11,11,11,23,24,23,24,23,23,23,24,25,25,25,25,25,25,25,25","0.00771903991699219","infomap","edit-xhwikibooks.graphml"
"0.04","0.12","0.84","0.310372777830144","1,1,2,2,2,3,4,5,3,6,7,4,5,8,9,10,6,7,7,11,12,13,14,15,5,16,9,17,18,19,20,21,22,11,23,24,25,8,12,12,12,12,13,13,13,13,12,13,13,13,12,12,12,12,12,13,13,13,13,12,14,12,12,15,9,12,12,12,12,12,13,12,16,16,12,12,12,12,12,12,12,9,17,17,17,18,12,12,12,12,19,20,21,12,12,12,10,12,12,12,12,12,12,12,12,12,12,22,22,12,12,12,12,23,23,24,23,23,24,24,23,25,25,25,25,25,25,25,25","0.00841903686523438","infomap","edit-xhwikibooks.graphml"
"0.03","0.13","0.84","0.300946792055669","1,2,1,1,1,3,4,5,6,7,8,4,5,9,10,3,7,8,8,11,2,12,13,14,9,15,10,16,17,18,19,20,11,21,22,6,23,9,2,2,2,2,12,12,12,12,2,12,12,12,2,2,2,2,2,12,12,12,12,2,13,2,2,14,10,2,2,2,2,2,12,2,15,15,2,2,2,2,2,2,2,9,16,16,16,17,2,2,2,2,18,19,20,2,2,2,3,2,2,2,2,2,2,2,2,2,2,11,11,21,2,2,2,22,6,6,6,22,6,6,6,23,23,23,23,23,23,23,23","0.00809001922607422","infomap","edit-xhwikibooks.graphml"
"0.02","0.14","0.84","0.304734668560241","1,1,2,2,3,4,3,5,4,6,7,8,5,9,10,11,6,7,7,8,12,13,14,10,15,9,16,17,18,19,20,21,22,23,24,25,26,10,12,12,12,12,13,13,13,13,12,13,13,13,12,12,12,12,12,13,13,13,13,12,14,12,12,10,15,12,12,12,12,12,13,12,16,16,12,12,12,12,12,12,12,16,17,17,17,18,12,12,12,12,19,20,21,12,12,12,11,12,12,12,12,12,12,12,12,12,12,22,22,23,12,12,12,25,25,25,24,24,24,25,25,26,26,26,26,26,26,26,26","0.00797605514526367","infomap","edit-xhwikibooks.graphml"
"0.01","0.15","0.84","0.306272167855593","1,2,3,3,4,1,4,1,5,6,4,4,7,5,8,9,6,4,10,11,12,2,13,8,7,14,15,16,17,18,19,20,11,21,22,10,23,8,12,12,12,12,2,2,2,2,12,2,2,2,12,12,12,12,12,2,2,2,2,12,13,12,12,1,7,12,12,12,12,12,2,12,14,7,12,12,12,12,12,12,12,15,16,16,16,17,12,12,12,12,18,19,20,12,12,12,9,12,12,12,12,12,12,12,12,12,12,11,11,21,12,12,12,10,10,10,10,10,10,22,10,23,23,23,23,23,23,23,23","0.0081021785736084","infomap","edit-xhwikibooks.graphml"
"0","0.16","0.84","0.312841750305451","1,2,1,2,3,4,3,2,5,6,7,8,9,5,10,4,6,7,11,8,12,13,14,15,9,10,5,16,17,18,19,20,21,22,11,23,24,10,12,12,12,12,13,13,13,13,12,13,13,13,12,12,12,12,12,13,13,13,13,12,14,12,12,15,9,12,12,12,12,12,13,12,5,9,12,12,12,12,12,12,12,5,16,16,16,17,12,12,12,12,18,19,20,12,12,12,4,12,12,12,12,12,12,12,12,12,12,21,21,22,12,12,12,11,11,23,23,11,11,11,11,24,24,24,24,24,24,24,24","0.00838899612426758","infomap","edit-xhwikibooks.graphml"
"0.15","0","0.85","0.316638856307438","1,1,2,2,3,4,3,4,4,4,5,6,7,8,9,10,4,5,5,6,11,12,13,7,9,14,8,15,16,17,18,19,20,21,22,23,24,8,11,11,11,11,12,12,12,12,11,12,12,12,11,11,11,11,11,12,12,12,12,11,13,11,11,7,14,11,11,11,11,11,12,11,9,14,11,11,11,11,11,11,11,9,15,15,15,16,11,11,11,11,17,18,19,11,11,11,10,11,11,11,11,11,11,11,11,11,11,20,20,21,11,11,11,23,22,22,22,23,23,22,22,24,24,24,24,24,24,24,24","0.00817489624023438","infomap","edit-xhwikibooks.graphml"
"0.14","0.01","0.85","0.308370251236835","1,2,1,3,4,3,4,2,5,6,7,8,9,10,11,12,6,7,13,8,14,15,16,11,17,18,9,12,19,20,21,22,23,24,25,13,5,10,14,14,14,14,15,15,15,15,14,15,15,15,14,14,14,14,14,15,15,15,15,14,16,14,14,11,17,14,14,14,14,14,15,14,9,18,14,14,14,14,14,14,14,9,12,12,12,19,14,14,14,14,20,21,22,14,14,14,12,14,14,14,14,14,14,14,14,14,14,23,23,24,14,14,14,25,25,13,25,13,25,13,25,5,5,5,5,5,5,5,5","0.00823783874511719","infomap","edit-xhwikibooks.graphml"
"0.13","0.02","0.85","0.313930257710656","1,1,2,2,3,4,3,4,5,6,7,8,9,10,5,11,6,7,12,8,13,14,15,9,16,17,18,11,19,20,21,22,23,24,25,12,10,5,13,13,13,13,14,14,14,14,13,14,14,14,13,13,13,13,13,14,14,14,14,13,15,13,13,9,16,13,13,13,13,13,14,13,17,17,13,13,13,13,13,13,13,18,11,11,11,19,13,13,13,13,20,21,22,13,13,13,11,13,13,13,13,13,13,13,13,13,13,23,23,24,13,13,13,12,12,25,25,25,25,12,12,10,10,10,10,10,10,10,10","0.00821709632873535","infomap","edit-xhwikibooks.graphml"
"0.12","0.03","0.85","0.310885794785409","1,1,2,2,3,4,3,5,6,7,8,9,5,10,6,4,7,8,11,9,12,13,14,15,16,17,18,19,20,21,22,23,24,25,26,11,27,10,12,12,12,12,13,13,13,13,12,13,13,13,12,12,12,12,12,13,13,13,13,12,14,12,12,15,16,12,12,12,12,12,13,12,17,17,12,12,12,12,12,12,12,18,19,19,19,20,12,12,12,12,21,22,23,12,12,12,4,12,12,12,12,12,12,12,12,12,12,24,24,25,12,12,12,11,11,11,26,26,26,26,26,27,27,27,27,27,27,27,27","0.00789809226989746","infomap","edit-xhwikibooks.graphml"
"0.11","0.04","0.85","0.308446952192126","1,1,2,2,3,4,3,5,6,4,7,8,9,6,5,10,4,7,11,8,12,13,14,9,15,16,17,18,19,20,21,22,23,24,11,25,26,26,12,12,12,12,13,13,13,13,12,13,13,13,12,12,12,12,12,13,13,13,13,12,14,12,12,5,15,12,12,12,12,12,13,12,16,16,12,12,12,12,12,12,12,17,10,18,18,19,12,12,12,12,20,21,22,12,12,12,10,12,12,12,12,12,12,12,12,12,12,23,23,24,12,12,12,11,25,25,25,25,25,11,11,26,26,26,26,26,26,26,26","0.00795292854309082","infomap","edit-xhwikibooks.graphml"
"0.1","0.05","0.85","0.316434753538904","1,1,2,2,3,4,3,4,4,5,6,7,8,9,10,11,5,6,12,7,13,14,15,8,10,16,9,17,18,19,20,21,22,23,12,24,25,9,13,13,13,13,14,14,14,14,13,14,14,14,13,13,13,13,13,14,14,14,14,13,15,13,13,8,9,13,13,13,13,13,14,13,9,16,13,13,13,13,13,13,13,9,17,17,17,18,13,13,13,13,19,20,21,13,13,13,11,13,13,13,13,13,13,13,13,13,13,22,22,23,13,13,13,24,24,12,24,12,24,24,12,25,25,25,25,25,25,25,25","0.00817108154296875","infomap","edit-xhwikibooks.graphml"
"0.09","0.06","0.85","0.324116122375591","1,2,1,1,3,4,3,4,5,6,3,7,8,9,5,4,6,3,10,7,11,2,12,8,13,14,9,15,16,17,18,19,20,7,21,10,22,5,11,11,11,11,2,2,2,2,11,2,2,2,11,11,11,11,11,2,2,2,2,11,12,11,11,4,13,11,11,11,11,11,2,11,14,14,11,11,11,11,11,11,11,9,15,15,15,16,11,11,11,11,17,18,19,11,11,11,4,11,11,11,11,11,11,11,11,11,11,20,20,7,11,11,11,21,21,21,21,21,21,21,21,22,22,22,22,22,22,22,22","0.00839400291442871","infomap","edit-xhwikibooks.graphml"
"0.08","0.07","0.85","0.311869641023795","1,1,2,2,2,3,4,5,6,3,7,4,5,6,8,9,3,7,7,10,11,12,13,8,14,15,16,17,18,19,20,21,10,22,23,24,25,8,11,11,11,11,12,12,12,12,11,12,12,12,11,11,11,11,11,12,12,12,12,11,13,11,11,5,14,11,11,11,11,11,12,11,15,15,11,11,11,11,11,11,11,16,9,17,9,18,11,11,11,11,19,20,21,11,11,11,9,11,11,11,11,11,11,11,11,11,11,10,10,22,11,11,11,24,23,23,23,23,23,23,23,25,25,25,25,25,25,25,25","0.00789213180541992","infomap","edit-xhwikibooks.graphml"
"0.07","0.08","0.85","0.311973274426662","1,1,2,2,3,4,3,4,5,6,7,8,9,5,10,11,6,7,12,8,13,14,15,9,16,17,18,19,20,21,22,23,24,25,10,12,26,5,13,13,13,13,14,14,14,14,13,14,14,14,13,13,13,13,13,14,14,14,14,13,15,13,13,9,16,13,13,13,13,13,14,13,17,17,13,13,13,13,13,13,13,18,19,19,19,20,13,13,13,13,21,22,23,13,13,13,11,13,13,13,13,13,13,13,13,13,13,24,24,25,13,13,13,10,10,10,10,10,12,10,12,26,26,26,26,26,26,26,26","0.0107769966125488","infomap","edit-xhwikibooks.graphml"
"0.06","0.09","0.85","0.314982272860585","1,1,2,2,3,4,3,5,6,4,7,8,5,9,6,10,4,7,7,8,11,12,13,14,9,15,6,16,17,18,19,20,21,22,23,24,25,9,11,11,11,11,12,12,12,12,11,12,12,12,11,11,11,11,11,12,12,12,12,11,13,11,11,14,6,11,11,11,11,11,12,11,15,9,11,11,11,11,11,11,11,9,16,16,16,17,11,11,11,11,18,19,20,11,11,11,10,11,11,11,11,11,11,11,11,11,11,21,21,22,11,11,11,23,24,24,23,24,23,24,23,25,25,25,25,25,25,25,25","0.00826597213745117","infomap","edit-xhwikibooks.graphml"
"0.05","0.1","0.85","0.3165802027762","1,2,1,1,3,4,3,2,5,6,7,8,9,9,5,4,6,7,10,8,11,12,13,5,14,15,9,16,17,18,19,20,21,22,10,23,24,5,11,11,11,11,12,12,12,12,11,12,12,12,11,11,11,11,11,12,12,12,12,11,13,11,11,5,14,11,11,11,11,11,12,11,14,15,11,11,11,11,11,11,11,15,16,16,16,17,11,11,11,11,18,19,20,11,11,11,4,11,11,11,11,11,11,11,11,11,11,21,21,22,11,11,11,23,10,10,23,10,23,10,23,24,24,24,24,24,24,24,24","0.00811314582824707","infomap","edit-xhwikibooks.graphml"
"0.04","0.11","0.85","0.310786895627657","1,2,1,3,4,3,4,5,3,6,7,4,5,8,9,10,6,7,11,12,2,13,14,8,15,9,16,10,17,18,19,20,12,21,22,11,23,9,2,2,2,2,13,13,13,13,2,13,13,13,2,2,2,2,2,13,13,13,13,2,14,2,2,8,15,2,2,2,2,2,13,2,16,15,2,2,2,2,2,2,2,16,10,10,10,17,2,2,2,2,18,19,20,2,2,2,10,2,2,2,2,2,2,2,2,2,2,12,12,21,2,2,2,11,11,11,11,22,11,22,11,23,23,23,23,23,23,23,23","0.00805497169494629","infomap","edit-xhwikibooks.graphml"
"0.03","0.12","0.85","0.3113657879203","1,2,1,1,3,4,3,5,5,6,7,8,9,5,10,4,6,7,7,8,2,11,12,9,13,10,14,15,16,17,18,19,20,2,21,22,23,10,2,2,2,2,11,11,11,11,2,11,11,11,2,2,2,2,2,11,11,11,11,2,12,2,2,5,13,2,2,2,2,2,11,2,14,14,2,2,2,2,2,2,2,14,15,15,15,16,2,2,2,2,17,18,19,2,2,2,4,2,2,2,2,2,2,2,2,2,2,20,20,2,2,2,2,21,22,22,21,22,21,21,22,23,23,23,23,23,23,23,23","0.00804710388183594","infomap","edit-xhwikibooks.graphml"
"0.02","0.13","0.85","0.31274105177813","1,2,1,3,4,3,4,2,5,6,7,4,8,5,9,10,6,7,7,11,12,13,14,8,15,16,17,18,19,20,21,22,11,23,9,5,24,9,12,12,12,12,13,13,13,13,12,13,13,13,12,12,12,12,12,13,13,13,13,12,14,12,12,8,15,12,12,12,12,12,13,12,16,17,12,12,12,12,12,12,12,17,18,18,18,19,12,12,12,12,20,21,22,12,12,12,10,12,12,12,12,12,12,12,12,12,12,11,11,23,12,12,12,5,5,9,9,5,5,5,9,24,24,24,24,24,24,24,24","0.00802516937255859","infomap","edit-xhwikibooks.graphml"
"0.01","0.14","0.85","0.319910431717874","1,2,1,3,4,3,4,2,5,6,7,8,9,10,5,11,6,7,7,8,12,13,14,9,10,15,16,17,18,19,20,21,8,22,23,5,24,5,12,12,12,12,13,13,13,13,12,13,13,13,12,12,12,12,12,13,13,13,13,12,14,12,12,2,16,12,12,12,12,12,13,12,15,15,12,12,12,12,12,12,12,16,17,17,17,18,12,12,12,12,19,20,21,12,12,12,11,12,12,12,12,12,12,12,12,12,12,8,8,22,12,12,12,23,23,5,23,23,23,23,5,24,24,24,24,24,24,24,24","0.00809192657470703","infomap","edit-xhwikibooks.graphml"
"0","0.15","0.85","0.324553954537878","1,2,1,1,1,3,4,3,5,6,4,4,7,5,8,9,6,4,10,11,12,2,13,7,14,15,16,17,18,19,20,21,22,11,23,10,8,5,12,12,12,12,2,2,2,2,12,2,2,2,12,12,12,12,12,2,2,2,2,12,13,12,12,7,14,12,12,12,12,12,2,12,14,15,12,12,12,12,12,12,12,16,17,17,17,18,12,12,12,12,19,20,21,12,12,12,9,12,12,12,12,12,12,12,12,12,12,22,22,12,12,12,12,10,10,23,23,23,23,10,23,8,8,8,8,8,8,8,8","0.00845813751220703","infomap","edit-xhwikibooks.graphml"
"0.14","0","0.86","0.316567913803633","1,2,1,1,3,4,3,5,4,6,7,8,5,9,10,11,6,7,7,8,12,2,13,14,10,9,15,16,17,18,19,20,21,22,23,24,25,10,12,12,12,12,2,2,2,2,12,2,2,2,12,12,12,12,12,2,2,2,2,12,13,12,12,14,9,12,12,12,12,12,2,12,9,9,12,12,12,12,12,12,12,15,16,16,16,17,12,12,12,12,18,19,20,12,12,12,11,12,12,12,12,12,12,12,12,12,12,21,21,22,12,12,12,23,23,24,24,23,24,23,23,25,25,25,25,25,25,25,25","0.00820398330688477","infomap","edit-xhwikibooks.graphml"
"0.13","0.01","0.86","0.307915397619533","1,2,3,3,4,1,4,1,5,6,7,4,8,9,5,10,6,7,7,11,12,13,14,2,15,8,16,10,17,18,19,20,11,21,22,23,24,9,12,12,12,12,13,13,13,13,12,13,13,13,12,12,12,12,12,13,13,13,13,12,14,12,12,2,15,12,12,12,12,12,13,12,8,15,12,12,12,12,12,12,12,16,10,10,10,17,12,12,12,12,18,19,20,12,12,12,10,12,12,12,12,12,12,12,12,12,12,11,11,21,12,12,12,23,23,23,22,22,22,23,22,24,24,24,24,24,24,24,24","0.00832104682922363","infomap","edit-xhwikibooks.graphml"
"0.12","0.02","0.86","0.311959423057037","1,1,2,2,3,4,3,5,5,4,6,7,8,5,9,10,4,6,6,7,11,12,13,8,14,9,15,16,17,18,19,20,21,22,23,24,25,9,11,11,11,11,12,12,12,12,11,12,12,12,11,11,11,11,11,12,12,12,12,11,13,11,11,5,14,11,11,11,11,11,12,11,14,9,11,11,11,11,11,11,11,15,16,16,16,17,11,11,11,11,18,19,20,11,11,11,10,11,11,11,11,11,11,11,11,11,11,21,21,22,11,11,11,23,24,24,23,24,24,24,23,25,25,25,25,25,25,25,25","0.00816798210144043","infomap","edit-xhwikibooks.graphml"
"0.11","0.03","0.86","0.310624804026357","1,1,2,2,2,3,4,3,5,6,7,4,8,9,5,10,6,7,7,11,12,13,14,5,8,15,16,17,18,19,20,21,22,11,23,24,25,9,12,12,12,12,13,13,13,13,12,13,13,13,12,12,12,12,12,13,13,13,13,12,14,12,12,3,8,12,12,12,12,12,13,12,15,15,12,12,12,12,12,12,12,16,17,17,17,18,12,12,12,12,19,20,21,12,12,12,10,12,12,12,12,12,12,12,12,12,12,22,22,12,12,12,12,23,23,23,24,24,23,24,24,25,25,25,25,25,25,25,25","0.00818991661071777","infomap","edit-xhwikibooks.graphml"
"0.1","0.04","0.86","0.307598870848506","1,1,2,3,2,3,4,5,6,7,4,8,5,9,6,10,7,4,4,8,11,12,13,14,15,16,17,18,19,20,21,22,23,24,25,9,26,5,11,11,11,11,12,12,12,12,11,12,12,12,11,11,11,11,11,12,12,12,12,11,13,11,11,14,15,11,11,11,11,11,12,11,16,17,11,11,11,11,11,11,11,17,18,18,18,19,11,11,11,11,20,21,22,11,11,11,10,11,11,11,11,11,11,11,11,11,11,23,23,24,11,11,11,25,9,25,25,9,9,25,25,26,26,26,26,26,26,26,26","0.00810503959655762","infomap","edit-xhwikibooks.graphml"
"0.09","0.05","0.86","0.314205577255844","1,2,1,1,3,2,3,2,4,5,3,6,7,4,8,9,5,3,3,6,10,11,12,7,13,14,15,9,16,17,18,19,20,21,22,4,8,8,10,10,10,10,11,11,11,11,10,11,11,11,10,10,10,10,10,11,11,11,11,10,12,10,10,2,13,10,10,10,10,10,11,10,14,13,10,10,10,10,10,10,10,15,9,9,9,16,10,10,10,10,17,18,19,10,10,10,9,10,10,10,10,10,10,10,10,10,10,20,20,21,10,10,10,4,22,4,4,4,22,22,22,8,8,8,8,8,8,8,8","0.0113251209259033","infomap","edit-xhwikibooks.graphml"
"0.08","0.06","0.86","0.310415329793098","1,2,3,3,4,1,4,2,1,5,6,7,8,9,10,11,5,6,6,7,12,13,14,8,9,15,16,17,18,19,20,21,22,23,24,10,25,10,12,12,12,12,13,13,13,13,12,13,13,13,12,12,12,12,12,13,13,13,13,12,14,12,12,2,16,12,12,12,12,12,13,12,9,15,12,12,12,12,12,12,12,16,17,17,17,18,12,12,12,12,19,20,21,12,12,12,11,12,12,12,12,12,12,12,12,12,12,22,22,23,12,12,12,24,10,24,24,10,24,10,24,25,25,25,25,25,25,25,25","0.00837087631225586","infomap","edit-xhwikibooks.graphml"
"0.07","0.07","0.86","0.306749383034895","1,1,2,2,3,4,3,4,5,6,7,8,4,9,5,10,6,7,11,8,12,13,14,15,16,9,17,18,19,20,21,22,8,23,24,11,25,11,12,12,12,12,13,13,13,13,12,13,13,13,12,12,12,12,12,13,13,13,13,12,14,12,12,15,16,12,12,12,12,12,13,12,16,17,12,12,12,12,12,12,12,17,10,10,18,19,12,12,12,12,20,21,22,12,12,12,10,12,12,12,12,12,12,12,12,12,12,8,8,23,12,12,12,11,11,24,24,11,24,11,24,25,25,25,25,25,25,25,25","0.0080568790435791","infomap","edit-xhwikibooks.graphml"
"0.06","0.08","0.86","0.309740123164825","1,1,2,2,3,4,3,4,5,6,3,7,8,5,9,10,6,3,11,7,12,13,14,9,5,8,15,16,17,18,19,20,21,22,11,23,24,5,12,12,12,12,13,13,13,13,12,13,13,13,12,12,12,12,12,13,13,13,13,12,14,12,12,9,5,12,12,12,12,12,13,12,8,8,12,12,12,12,12,12,12,15,16,16,16,17,12,12,12,12,18,19,20,12,12,12,10,12,12,12,12,12,12,12,12,12,12,21,21,22,12,12,12,23,23,11,23,23,23,11,23,24,24,24,24,24,24,24,24","0.00824379920959473","infomap","edit-xhwikibooks.graphml"
"0.05","0.09","0.86","0.315310284973247","1,2,1,2,3,4,3,4,5,6,3,3,7,8,5,9,6,3,10,11,12,2,13,14,7,15,5,16,17,18,19,20,11,21,10,8,22,5,12,12,12,12,2,2,2,2,12,2,2,2,12,12,12,12,12,2,2,2,2,12,13,12,12,14,7,12,12,12,12,12,2,12,15,5,12,12,12,12,12,12,12,15,16,16,16,17,12,12,12,12,18,19,20,12,12,12,9,12,12,12,12,12,12,12,12,12,12,11,11,21,12,12,12,8,8,10,8,10,8,8,10,22,22,22,22,22,22,22,22","0.00800395011901855","infomap","edit-xhwikibooks.graphml"
"0.04","0.1","0.86","0.316234833450905","1,2,1,1,3,4,3,4,5,4,6,7,8,5,9,10,4,6,11,7,12,2,13,14,5,8,15,10,16,17,18,19,20,21,11,22,23,9,12,12,12,12,2,2,2,2,12,2,2,2,12,12,12,12,12,2,2,2,2,12,13,12,12,14,5,12,12,12,12,12,2,12,8,15,12,12,12,12,12,12,12,15,10,10,10,16,12,12,12,12,17,18,19,12,12,12,10,12,12,12,12,12,12,12,12,12,12,20,20,21,12,12,12,11,11,11,22,22,22,22,11,23,23,23,23,23,23,23,23","0.0117359161376953","infomap","edit-xhwikibooks.graphml"
"0.03","0.11","0.86","0.313378996826117","1,2,1,1,3,4,3,4,4,5,6,7,8,9,10,11,5,6,12,7,13,2,14,8,10,15,16,17,18,19,20,21,7,22,23,12,9,9,13,13,13,13,2,2,2,2,13,2,2,2,13,13,13,13,13,2,2,2,2,13,14,13,13,8,10,13,13,13,13,13,2,13,15,16,13,13,13,13,13,13,13,16,17,17,17,18,13,13,13,13,19,20,21,13,13,13,11,13,13,13,13,13,13,13,13,13,13,7,7,22,13,13,13,12,12,23,12,23,23,12,12,9,9,9,9,9,9,9,9","0.00843596458435059","infomap","edit-xhwikibooks.graphml"
"0.02","0.12","0.86","0.314596074199277","1,1,2,2,2,3,4,5,3,6,4,4,5,7,8,9,6,4,10,11,12,13,14,15,16,17,8,18,19,20,21,22,11,23,10,7,24,8,12,12,12,12,13,13,13,13,12,13,13,13,12,12,12,12,12,13,13,13,13,12,14,12,12,15,16,12,12,12,12,12,13,12,8,17,12,12,12,12,12,12,12,8,18,18,18,19,12,12,12,12,20,21,22,12,12,12,9,12,12,12,12,12,12,12,12,12,12,11,11,23,12,12,12,10,7,10,7,10,10,7,10,24,24,24,24,24,24,24,24","0.00812482833862305","infomap","edit-xhwikibooks.graphml"
"0.01","0.13","0.86","0.308463008954316","1,2,3,3,4,1,4,1,5,6,7,8,9,5,10,11,6,7,7,8,12,2,13,14,15,16,9,11,17,18,19,20,21,22,23,24,10,10,12,12,12,12,2,2,2,2,12,2,2,2,12,12,12,12,12,2,2,2,2,12,13,12,12,14,15,12,12,25,12,12,2,12,15,16,12,12,12,12,12,12,12,9,11,11,11,17,12,12,12,12,18,19,20,12,12,12,11,12,12,12,12,12,12,12,12,12,12,21,21,22,12,12,12,23,24,23,24,24,24,23,24,10,10,10,10,10,10,10,10","0.0083611011505127","infomap","edit-xhwikibooks.graphml"
"0","0.14","0.86","0.311204279262544","1,2,2,2,3,4,3,1,4,4,5,3,1,6,7,8,4,5,9,10,11,12,13,14,15,16,17,8,18,19,20,21,10,22,23,9,6,7,11,11,11,11,12,12,12,12,11,12,12,12,11,11,11,11,11,12,12,12,12,11,13,11,11,14,15,11,11,11,11,11,12,11,16,15,11,11,11,11,11,11,11,17,8,8,8,18,11,11,11,11,19,20,21,11,11,11,8,11,11,11,11,11,11,11,11,11,11,10,10,22,11,11,11,23,23,9,9,23,9,23,23,6,6,6,6,6,6,6,6","0.00841999053955078","infomap","edit-xhwikibooks.graphml"
"0.13","0","0.87","0.297886609628138","1,2,1,1,1,3,4,3,5,6,4,7,8,5,9,10,6,4,11,7,2,12,13,14,5,15,8,16,17,18,19,20,21,22,23,11,24,9,2,2,2,2,12,12,12,12,2,12,12,12,2,2,2,2,2,12,12,12,12,2,13,2,2,14,15,2,2,2,2,2,12,2,15,5,2,2,2,2,2,2,2,8,16,16,16,17,2,2,2,2,18,19,20,2,2,2,10,2,2,2,2,2,2,2,2,2,2,21,21,22,2,2,2,23,23,23,11,23,11,23,23,24,9,24,24,9,9,24,24","0.0111567974090576","infomap","edit-xhwikibooks.graphml"
"0.12","0.01","0.87","0.30747876754647","1,1,2,2,2,3,4,5,3,6,7,4,5,8,9,10,6,7,7,11,12,13,14,15,16,17,8,18,19,20,21,22,11,23,24,25,26,9,12,12,12,12,13,13,13,13,12,13,13,13,12,12,12,12,12,13,13,13,13,12,14,12,12,15,16,12,12,12,12,12,13,12,8,17,12,12,12,12,12,12,12,16,18,10,10,19,12,12,12,12,20,21,22,12,12,12,10,12,12,12,12,12,12,12,12,12,12,11,11,23,12,12,12,25,25,25,24,24,24,24,25,26,26,26,26,26,26,26,26","0.00836300849914551","infomap","edit-xhwikibooks.graphml"
"0.11","0.02","0.87","0.310259071114144","1,1,2,2,3,4,3,5,4,6,7,8,5,9,10,11,6,7,7,8,12,13,14,15,9,16,17,11,18,19,20,21,22,23,10,24,25,10,12,12,12,12,13,13,13,13,12,13,13,13,12,12,12,12,12,13,13,13,13,12,14,12,12,15,16,12,12,12,12,12,13,12,16,9,12,12,12,12,12,12,12,17,11,11,11,18,12,12,12,12,19,20,21,12,12,12,11,12,12,12,12,12,12,12,12,12,12,22,22,23,12,12,12,24,24,10,10,24,24,10,24,25,25,25,25,25,25,25,25","0.00787496566772461","infomap","edit-xhwikibooks.graphml"
"0.1","0.03","0.87","0.307336500693083","1,1,2,2,2,3,4,5,3,3,6,4,7,8,5,9,3,6,10,11,12,13,14,7,15,16,17,18,19,20,21,22,11,23,10,24,8,8,12,12,12,12,13,13,13,13,12,13,13,13,12,12,12,12,12,13,13,13,13,12,14,12,12,5,15,12,12,12,12,12,13,12,16,16,12,12,12,12,12,12,12,17,9,9,18,19,12,12,12,12,20,21,22,12,12,12,9,12,12,12,12,12,12,12,12,12,12,11,11,23,12,12,12,24,24,10,24,24,24,10,24,8,8,8,8,8,8,8,8","0.00872111320495605","infomap","edit-xhwikibooks.graphml"
"0.09","0.04","0.87","0.313370958021582","1,1,2,2,3,4,3,5,4,4,6,3,5,7,8,9,4,6,6,10,11,12,13,7,14,8,15,16,17,18,19,20,10,21,22,23,24,7,11,11,11,11,12,12,12,12,11,12,12,12,11,11,11,11,11,12,12,12,12,11,13,11,11,5,14,11,11,11,11,11,12,11,14,14,11,11,11,11,11,11,11,15,16,16,16,17,11,11,11,11,18,19,20,11,11,11,9,11,11,11,11,11,11,11,11,11,11,10,10,21,11,11,11,22,22,23,23,22,23,23,22,24,24,24,24,24,24,24,24","0.00866794586181641","infomap","edit-xhwikibooks.graphml"
"0.08","0.05","0.87","0.310180168732723","1,1,2,1,2,3,4,3,5,6,7,4,8,9,5,10,6,7,11,12,13,14,15,8,16,17,18,10,19,20,21,22,12,23,5,11,24,9,13,13,13,13,14,14,14,14,13,14,14,14,13,13,13,13,13,14,14,14,14,13,15,13,13,3,16,13,13,13,13,13,14,13,17,9,13,13,13,13,13,13,13,18,10,10,10,19,13,13,13,13,20,21,22,13,13,13,10,13,13,13,13,13,13,13,13,13,13,12,12,23,13,13,13,11,11,5,5,11,11,11,5,24,24,24,24,24,24,24,24","0.00868797302246094","infomap","edit-xhwikibooks.graphml"
"0.07","0.06","0.87","0.3098959404229","1,1,2,2,2,3,4,5,5,6,4,7,8,5,9,3,6,4,10,7,11,12,13,14,8,15,16,17,18,19,20,21,22,23,9,10,24,5,11,11,11,11,12,12,12,12,11,12,12,12,11,11,11,11,11,12,12,12,12,11,13,11,11,14,8,11,11,11,11,11,12,11,16,15,11,11,11,11,11,11,11,16,17,17,17,18,11,11,11,11,19,20,21,11,11,11,3,11,11,11,11,11,11,11,11,11,11,22,22,23,11,11,11,9,9,10,9,10,9,10,10,24,24,24,24,24,24,24,24","0.00806093215942383","infomap","edit-xhwikibooks.graphml"
"0.06","0.07","0.87","0.312931104104248","1,1,2,2,3,4,3,4,5,6,7,3,8,5,9,10,6,7,7,11,12,13,14,8,15,16,9,17,18,19,20,21,22,11,23,24,25,5,12,12,12,12,13,13,13,13,12,13,13,13,12,12,12,12,12,13,13,13,13,12,14,12,12,8,15,12,12,12,12,12,13,12,16,15,12,12,12,12,12,12,12,16,17,17,17,18,12,12,12,12,19,20,21,12,12,12,10,12,12,12,12,12,12,12,12,12,12,22,22,12,12,12,12,24,23,24,24,24,23,24,23,25,25,25,25,25,25,25,25","0.00843715667724609","infomap","edit-xhwikibooks.graphml"
"0.05","0.08","0.87","0.314922449093254","1,2,1,3,1,3,4,5,3,6,4,7,5,8,9,10,6,4,11,7,12,2,13,9,14,15,8,10,16,17,18,19,20,21,22,11,23,23,12,12,12,12,2,2,2,2,12,2,2,2,12,12,12,12,12,2,2,2,2,12,13,12,12,9,14,12,12,12,12,12,2,12,15,14,12,12,12,12,12,12,12,15,10,10,10,16,12,12,12,12,17,18,19,12,12,12,10,12,12,12,12,12,12,12,12,12,12,20,20,21,12,12,12,22,11,11,22,22,11,11,22,23,23,23,23,23,23,23,23","0.00815796852111816","infomap","edit-xhwikibooks.graphml"
"0.04","0.09","0.87","0.316646923300145","1,2,3,3,4,1,4,5,5,1,6,4,5,5,7,8,1,6,6,9,10,11,12,2,13,7,14,8,15,16,17,18,9,19,20,21,22,7,10,10,10,10,11,11,11,11,10,11,11,11,10,10,10,10,10,11,11,11,11,10,12,10,10,2,13,10,10,10,10,10,11,10,7,14,10,10,10,10,10,10,10,14,8,8,8,15,10,10,10,10,16,17,18,10,10,10,8,10,10,10,10,10,10,10,10,10,10,9,9,19,10,10,10,20,21,20,20,20,21,20,21,22,22,22,22,22,22,22,22","0.0113310813903809","infomap","edit-xhwikibooks.graphml"
"0.03","0.1","0.87","0.31196468494126","1,1,2,1,2,3,4,5,3,6,4,4,7,5,8,3,6,4,8,9,10,11,12,1,13,14,7,15,16,17,18,19,9,20,8,21,22,5,10,10,10,10,11,11,11,11,10,11,11,11,10,10,10,10,10,11,11,11,11,10,12,10,10,5,13,10,10,10,10,10,11,10,14,14,10,10,10,10,10,10,10,7,15,15,15,16,10,10,10,10,17,18,19,10,10,10,15,10,10,10,10,10,10,10,10,10,10,9,9,20,10,10,10,21,21,8,21,21,8,21,8,22,22,22,22,22,22,22,22","0.00827217102050781","infomap","edit-xhwikibooks.graphml"
"0.02","0.11","0.87","0.313094593885058","1,2,1,3,1,3,4,2,3,3,4,5,6,7,8,3,3,4,4,5,9,10,11,12,13,8,6,14,15,16,17,18,19,20,21,22,23,7,9,9,9,9,10,10,10,10,9,10,10,10,9,9,9,9,9,10,10,10,10,9,11,9,9,12,13,9,9,9,9,9,10,9,13,13,9,9,9,9,9,9,9,6,14,14,14,15,9,9,9,9,16,17,18,9,9,9,3,9,9,9,9,9,9,9,9,9,9,19,19,20,9,9,9,21,22,22,22,22,22,21,21,23,23,23,23,23,23,23,23","0.00818490982055664","infomap","edit-xhwikibooks.graphml"
"0.01","0.12","0.87","0.315177194164193","1,1,2,2,3,4,3,5,4,4,6,3,7,5,8,9,4,6,6,10,11,12,13,7,8,14,15,16,17,18,19,20,10,21,22,23,24,5,11,11,11,11,12,12,12,12,11,12,12,12,11,11,11,11,11,12,12,12,12,11,13,11,11,5,8,11,11,11,11,11,12,11,14,15,11,11,11,11,11,11,11,15,16,16,16,17,11,11,11,11,18,19,20,11,11,11,9,11,11,11,11,11,11,11,11,11,11,10,10,21,11,11,11,23,22,22,22,22,23,22,23,24,24,24,24,24,24,24,24","0.0111920833587646","infomap","edit-xhwikibooks.graphml"
"0","0.13","0.87","0.307460922103212","1,2,1,3,4,5,4,2,5,6,7,4,8,9,2,10,6,7,7,11,3,12,13,8,14,15,16,17,18,19,20,21,11,22,23,9,24,2,3,3,3,3,12,12,12,12,3,12,12,12,3,3,3,3,3,12,12,12,12,3,13,3,3,2,14,3,3,3,3,3,12,3,15,15,3,3,3,3,3,3,3,16,17,17,17,18,3,3,3,3,19,20,21,3,3,3,10,3,3,3,3,3,3,3,3,3,3,11,11,22,3,3,3,9,23,9,23,23,23,9,9,24,24,24,24,24,24,24,24","0.0083160400390625","infomap","edit-xhwikibooks.graphml"
"0.12","0","0.88","0.322388502582206","1,1,2,2,2,3,4,5,6,3,4,4,5,7,6,3,3,4,8,9,10,1,11,6,7,12,13,14,15,16,17,18,9,19,8,20,21,7,10,10,10,10,1,1,1,1,10,1,1,1,10,10,10,10,10,1,1,1,1,10,11,10,10,6,7,10,10,10,10,10,1,10,12,7,10,10,10,10,10,10,10,13,14,14,14,15,10,10,10,10,16,17,18,10,10,10,3,10,10,10,10,10,10,10,10,10,10,9,9,19,10,10,10,8,20,8,20,8,8,8,8,21,21,21,21,21,21,21,21","0.00876283645629883","infomap","edit-xhwikibooks.graphml"
"0.11","0.01","0.88","0.318329941483083","1,2,1,3,1,3,4,5,6,7,8,4,5,9,6,3,7,8,10,11,12,2,13,14,15,16,6,17,18,19,20,21,11,22,23,10,24,9,12,12,12,12,2,2,2,2,12,2,2,2,12,12,12,12,12,2,2,2,2,12,13,12,12,14,15,12,12,12,12,12,2,12,16,16,12,12,12,12,12,12,12,15,17,17,17,18,12,12,12,12,19,20,21,12,12,12,3,12,12,12,12,12,12,12,12,12,12,11,11,22,12,12,12,23,23,10,23,10,23,23,23,24,24,24,24,24,24,24,24","0.00901508331298828","infomap","edit-xhwikibooks.graphml"
"0.1","0.02","0.88","0.311545990980278","1,1,2,2,3,4,3,5,4,6,7,3,8,9,5,10,6,7,7,11,12,13,14,8,15,16,9,17,18,19,20,21,11,22,23,24,25,5,12,12,12,12,13,13,13,13,12,13,13,13,12,12,12,12,12,13,13,13,13,12,14,12,12,8,15,12,12,12,12,12,13,12,9,16,12,12,12,12,12,12,12,15,17,17,17,18,12,12,12,12,19,20,21,12,12,12,10,12,12,12,12,12,12,12,12,12,12,11,11,22,12,12,12,23,24,23,23,23,24,23,24,25,25,25,25,25,25,25,25","0.00850701332092285","infomap","edit-xhwikibooks.graphml"
"0.09","0.03","0.88","0.299169741697417","1,1,2,2,3,4,3,4,5,6,7,3,8,5,9,10,6,7,11,12,13,14,15,8,16,17,18,19,20,21,22,23,12,24,11,25,26,9,13,13,13,13,14,14,14,14,13,14,14,14,13,13,13,13,13,14,14,14,14,13,15,13,13,4,16,13,13,13,13,13,14,13,18,17,13,13,13,13,13,13,13,18,19,19,19,20,13,13,13,13,21,22,23,13,13,13,10,13,13,13,13,13,13,13,13,13,13,12,12,24,13,13,13,11,11,11,25,9,11,9,9,26,26,26,26,26,26,26,26","0.00872302055358887","infomap","edit-xhwikibooks.graphml"
"0.08","0.04","0.88","0.292189654264543","1,1,2,2,3,4,3,4,4,5,6,7,8,9,10,11,5,6,6,7,12,13,14,8,15,9,16,17,18,19,20,21,22,23,24,25,26,10,12,12,12,12,13,13,13,13,12,13,13,13,12,12,12,12,12,13,13,13,13,12,14,12,12,4,15,12,12,12,12,12,13,12,9,9,12,12,12,12,12,12,12,16,17,17,17,18,12,12,12,12,19,20,21,12,12,12,11,12,12,12,12,12,12,12,12,12,12,22,22,23,12,12,12,25,24,24,25,24,25,25,24,10,10,10,10,10,10,10,26","0.0113949775695801","infomap","edit-xhwikibooks.graphml"
"0.07","0.05","0.88","0.307755771386793","1,2,1,3,1,3,4,2,5,6,7,4,8,9,5,10,6,7,5,11,12,13,14,15,16,17,8,18,19,20,21,22,11,23,5,9,24,5,12,12,12,12,13,13,13,13,12,13,13,13,12,12,12,12,12,13,13,13,13,12,14,12,12,15,16,12,12,12,12,12,13,12,17,8,12,12,12,12,12,12,12,8,18,18,18,19,12,12,12,12,20,21,22,12,12,12,10,12,12,12,12,12,12,12,12,12,12,11,11,23,12,12,12,9,9,9,9,5,5,5,5,24,24,24,24,24,24,24,24","0.0086672306060791","infomap","edit-xhwikibooks.graphml"
"0.06","0.06","0.88","0.310459900274566","1,2,1,2,1,3,4,5,3,6,7,4,8,9,5,10,6,7,11,12,13,2,14,8,9,15,16,17,18,19,20,21,12,22,11,23,24,9,13,13,13,13,2,2,2,2,13,2,2,2,13,13,13,13,13,2,2,2,2,13,14,13,13,5,15,13,13,13,13,13,2,13,15,16,13,13,13,13,13,13,13,16,17,17,17,18,13,13,13,13,19,20,21,13,13,13,10,13,13,13,13,13,13,13,13,13,13,12,12,22,13,13,13,23,11,11,11,11,23,11,11,24,24,24,24,24,24,24,24","0.00838398933410645","infomap","edit-xhwikibooks.graphml"
"0.05","0.07","0.88","0.312866803840878","1,1,2,2,3,4,3,4,4,5,6,7,8,9,10,11,5,6,12,7,13,14,15,8,16,10,9,17,18,19,20,21,7,22,12,23,24,10,13,13,13,13,14,14,14,14,13,14,14,14,13,13,13,13,13,14,14,14,14,13,15,13,13,8,16,13,13,13,13,13,14,13,9,9,13,13,13,13,13,13,13,16,17,17,17,18,13,13,13,13,19,20,21,13,13,13,11,13,13,13,13,13,13,13,13,13,13,7,7,22,13,13,13,12,12,23,23,23,12,12,23,24,24,24,24,24,24,24,24","0.00874900817871094","infomap","edit-xhwikibooks.graphml"
"0.04","0.08","0.88","0.316134233059978","1,2,1,1,3,4,3,4,5,6,7,8,9,10,5,11,6,7,12,8,13,2,14,9,10,5,15,11,16,17,18,19,20,21,22,12,23,10,13,13,13,13,2,2,2,2,13,2,2,2,13,13,13,13,13,2,2,2,2,13,14,13,13,9,5,13,13,13,13,13,2,13,15,10,13,13,13,13,13,13,13,15,11,11,11,16,13,13,13,13,17,18,19,13,13,13,11,13,13,13,13,13,13,13,13,13,13,20,20,21,13,13,13,22,22,22,12,22,22,12,22,23,23,23,23,23,23,23,23","0.00848007202148438","infomap","edit-xhwikibooks.graphml"
"0.03","0.09","0.88","0.30971710807946","1,2,3,3,3,1,3,4,1,5,6,7,8,9,4,10,5,6,11,7,12,2,13,14,8,15,4,16,17,18,19,20,21,22,11,23,9,4,12,12,12,12,2,2,2,2,12,2,2,2,12,12,12,12,12,2,2,2,2,12,13,12,12,14,8,12,12,12,12,12,2,12,15,15,12,12,12,12,12,12,12,8,16,16,16,17,12,12,12,12,18,19,20,12,12,12,10,12,12,12,12,12,12,12,12,12,12,21,21,22,12,12,12,23,11,11,23,11,23,23,23,9,9,9,9,9,9,9,9","0.0113868713378906","infomap","edit-xhwikibooks.graphml"
"0.02","0.1","0.88","0.306632356466766","1,2,1,3,4,3,4,5,3,6,7,8,5,9,10,11,6,7,12,8,13,2,14,10,15,9,16,17,18,19,20,21,22,23,24,12,25,9,13,13,13,13,2,2,2,2,13,2,2,2,13,13,13,13,13,2,2,2,2,13,14,13,13,10,15,13,13,13,13,13,2,13,16,16,13,13,13,13,13,13,13,16,17,11,11,18,13,13,13,13,19,20,21,13,13,13,11,13,13,13,13,13,13,13,13,13,13,22,22,23,13,13,13,12,24,12,12,24,24,24,24,25,25,25,25,25,25,25,25","0.0147600173950195","infomap","edit-xhwikibooks.graphml"
"0.01","0.11","0.88","0.300073526148627","1,2,3,3,3,1,4,5,1,6,7,4,5,8,9,10,6,7,7,11,2,12,13,14,15,16,17,18,19,20,21,22,11,23,24,8,9,8,2,2,2,2,12,12,12,12,2,12,12,12,2,2,2,2,2,12,12,12,12,2,13,2,2,14,15,2,2,2,2,2,12,2,17,16,2,2,2,2,2,2,2,17,18,18,18,19,2,2,2,2,20,21,22,2,2,2,10,2,2,2,2,2,2,2,2,2,2,11,11,23,2,2,2,24,8,8,24,8,8,24,24,9,9,9,9,9,9,9,9","0.00831484794616699","infomap","edit-xhwikibooks.graphml"
"0","0.12","0.88","0.308910539884164","1,2,1,3,1,3,4,2,5,6,7,4,2,5,8,9,6,7,7,10,11,12,13,14,15,16,17,18,19,20,21,22,10,23,24,25,26,8,11,11,11,11,12,12,12,12,11,12,12,12,11,11,11,11,11,12,12,12,12,11,13,11,11,14,15,11,11,11,11,11,12,11,15,16,11,11,11,11,11,11,11,17,18,18,18,19,11,11,11,11,20,21,22,11,11,11,9,11,11,11,11,11,11,11,11,11,11,10,10,23,11,11,11,25,24,24,25,24,24,24,24,26,26,26,26,26,26,26,26","0.00839710235595703","infomap","edit-xhwikibooks.graphml"
"0.11","0","0.89","0.312825397257663","1,1,2,3,2,3,4,5,6,7,4,4,8,5,9,6,7,4,10,11,12,13,14,8,15,16,17,18,19,20,21,22,11,23,10,24,25,9,12,12,12,12,13,13,13,13,12,13,13,13,12,12,12,12,12,13,13,13,13,12,14,12,12,5,15,12,12,12,12,12,13,12,15,16,12,12,12,12,12,12,12,17,18,18,18,19,12,12,12,12,20,21,22,12,12,12,6,12,12,12,12,12,12,12,12,12,12,11,11,23,12,12,12,24,10,10,10,24,10,10,24,25,25,25,25,25,25,25,25","0.00859498977661133","infomap","edit-xhwikibooks.graphml"
"0.1","0.01","0.89","0.312475388407021","1,1,2,2,3,4,3,5,6,7,8,3,5,9,6,4,7,8,10,11,12,13,14,15,9,16,17,18,19,20,21,22,11,23,10,24,25,9,12,12,12,12,13,13,13,13,12,13,13,13,12,12,12,12,12,13,13,13,13,12,14,12,12,15,17,12,12,12,12,12,13,12,17,16,12,12,12,12,12,12,12,17,18,18,18,19,12,12,12,12,20,21,22,12,12,12,4,12,12,12,12,12,12,12,12,12,12,11,11,23,12,12,12,24,10,24,24,10,24,24,10,25,25,25,25,25,25,25,25","0.00854897499084473","infomap","edit-xhwikibooks.graphml"
"0.09","0.02","0.89","0.303555162024348","1,2,1,1,1,3,4,5,6,7,4,8,9,6,5,3,7,4,10,8,11,2,12,13,14,9,15,16,17,18,19,20,21,22,10,23,24,5,11,11,11,11,2,2,2,2,11,2,2,2,11,11,11,11,11,2,2,2,2,11,12,11,11,13,14,11,11,11,11,11,2,11,15,9,11,11,11,11,11,11,11,15,16,16,16,17,11,11,11,11,18,19,20,11,11,11,3,11,11,11,11,11,11,11,11,11,11,21,21,22,11,11,11,10,23,10,23,10,23,23,23,24,6,6,24,24,24,24,6","0.00873708724975586","infomap","edit-xhwikibooks.graphml"
"0.08","0.03","0.89","0.312643164091919","1,2,1,3,1,3,4,5,6,7,8,4,2,6,5,3,7,8,8,9,10,11,12,2,13,14,15,16,17,18,19,20,9,21,22,23,24,5,10,10,10,10,11,11,11,11,10,11,11,11,10,10,10,10,10,11,11,11,11,10,12,10,10,2,13,10,10,10,10,10,11,10,14,14,10,10,10,10,10,10,10,15,16,16,16,17,10,10,10,10,18,19,20,10,10,10,3,10,10,10,10,10,10,10,10,10,10,9,9,21,10,10,10,22,22,22,22,23,22,23,22,24,24,24,24,24,24,24,24","0.00859403610229492","infomap","edit-xhwikibooks.graphml"
"0.07","0.04","0.89","0.312227802142341","1,1,2,2,3,4,3,5,4,6,7,8,5,9,10,11,6,7,10,8,12,13,14,15,16,17,18,19,20,21,22,23,8,24,25,10,9,9,12,12,12,12,13,13,13,13,12,13,13,13,12,12,12,12,12,13,13,13,13,12,14,12,12,15,16,12,12,12,12,12,13,12,17,17,12,12,12,12,12,12,12,18,19,19,19,20,12,12,12,12,21,22,23,12,12,12,11,12,12,12,12,12,12,12,12,12,12,8,8,24,12,12,12,10,25,25,25,10,25,10,25,9,9,9,9,9,9,9,9","0.00859189033508301","infomap","edit-xhwikibooks.graphml"
"0.06","0.05","0.89","0.317313235246766","1,2,3,3,3,1,4,5,6,1,7,4,5,8,6,9,1,7,7,10,11,2,12,13,14,15,16,17,18,19,20,21,22,10,23,8,24,6,11,11,11,11,2,2,2,2,11,2,2,2,11,11,11,11,11,2,2,2,2,11,12,11,11,13,14,11,11,11,11,11,2,11,15,15,11,11,11,11,11,11,11,16,17,17,17,18,11,11,11,11,19,20,21,11,11,11,9,11,11,11,11,11,11,11,11,11,11,22,22,11,11,11,11,23,8,23,8,23,8,23,23,24,24,24,24,24,24,24,24","0.00848507881164551","infomap","edit-xhwikibooks.graphml"
"0.05","0.06","0.89","0.315569844392313","1,1,2,2,3,4,3,5,4,6,7,3,5,8,9,10,6,7,11,12,13,14,15,8,16,9,17,18,19,20,21,22,12,23,11,24,25,9,13,13,13,13,14,14,14,14,13,14,14,14,13,13,13,13,13,14,14,14,14,13,15,13,13,8,16,13,13,13,13,13,14,13,9,9,13,13,13,13,13,13,13,17,18,18,18,19,13,13,13,13,20,21,22,13,13,13,10,13,13,13,13,13,13,13,13,13,13,12,12,23,13,13,13,24,24,24,11,11,11,24,24,25,25,25,25,25,25,25,25","0.0114021301269531","infomap","edit-xhwikibooks.graphml"
"0.04","0.07","0.89","0.29446735967165","1,2,3,3,4,1,4,1,1,5,6,4,1,7,8,9,5,6,7,10,11,2,12,13,14,15,16,17,18,19,20,21,10,22,23,7,24,8,11,11,11,11,2,2,2,2,11,2,2,2,11,11,11,11,11,2,2,2,2,11,12,11,11,13,14,11,11,11,11,11,2,11,15,14,11,11,11,11,11,11,11,16,17,17,17,18,11,11,11,11,19,20,21,11,11,11,9,11,11,11,11,11,11,11,11,11,11,10,10,22,11,11,11,7,23,7,7,23,23,7,7,8,8,8,24,24,8,8,8","0.00853800773620605","infomap","edit-xhwikibooks.graphml"
"0.03","0.08","0.89","0.305000729186804","1,2,3,3,3,1,4,2,5,1,6,4,7,5,8,9,1,6,10,11,12,13,14,7,15,16,17,18,19,20,21,22,11,23,10,24,25,8,12,12,12,12,13,13,13,13,12,13,13,13,12,12,12,12,12,13,13,13,13,12,14,12,12,2,15,12,12,12,12,12,13,12,16,16,12,12,12,12,12,12,12,17,18,18,18,19,12,12,12,12,20,21,22,12,12,12,9,12,12,12,12,12,12,12,12,12,12,11,11,23,12,12,12,10,10,10,10,10,24,8,8,25,25,25,25,25,25,25,25","0.00864696502685547","infomap","edit-xhwikibooks.graphml"
"0.02","0.09","0.89","0.323251619704104","1,2,1,3,4,3,4,3,5,6,7,4,8,9,5,10,6,7,11,12,13,2,14,8,5,9,15,10,16,17,18,19,12,20,11,21,22,5,13,13,13,13,2,2,2,2,13,2,2,2,13,13,13,13,13,2,2,2,2,13,14,13,13,8,5,13,13,13,13,13,2,13,9,5,13,13,13,13,13,13,13,15,10,10,10,16,13,13,13,13,17,18,19,13,13,13,10,13,13,13,13,13,13,13,13,13,13,12,12,20,13,13,13,21,11,21,21,21,21,11,21,22,22,22,22,22,22,22,22","0.00857901573181152","infomap","edit-xhwikibooks.graphml"
"0.01","0.1","0.89","0.31580183486935","1,2,1,1,3,4,3,5,6,4,7,8,5,9,6,10,4,7,11,8,2,12,13,5,14,9,15,16,17,18,19,20,8,21,22,11,6,6,2,2,2,2,12,12,12,12,2,12,12,12,2,2,2,2,2,12,12,12,12,2,13,2,2,5,14,2,2,2,2,2,12,2,15,9,2,2,2,2,2,2,2,15,16,16,16,17,2,2,2,2,18,19,20,2,2,2,10,2,2,2,2,2,2,2,2,2,2,8,8,21,2,2,2,11,22,22,11,22,22,22,22,6,6,6,6,6,6,6,6","0.00879812240600586","infomap","edit-xhwikibooks.graphml"
"0","0.11","0.89","0.304720467546861","1,1,2,2,3,4,3,5,6,4,7,8,5,9,6,10,4,7,7,8,11,12,13,6,14,15,16,17,18,19,20,21,22,23,24,25,26,9,11,11,11,11,12,12,12,12,11,12,12,12,11,11,11,11,11,12,12,12,12,11,13,11,11,6,14,11,11,11,11,11,12,11,15,15,11,11,11,11,11,11,11,16,10,10,17,18,11,11,11,11,19,20,21,11,11,11,10,11,11,11,11,11,11,11,11,11,11,22,22,23,11,11,11,25,25,25,25,24,25,25,25,26,26,26,26,26,26,26,26","0.00864601135253906","infomap","edit-xhwikibooks.graphml"
"0.1","0","0.9","0.304420880592312","1,2,1,1,3,4,3,5,4,6,7,3,5,8,9,4,6,7,7,10,2,11,12,13,14,15,9,16,17,18,19,20,21,10,22,8,23,23,2,2,2,2,11,11,11,11,2,11,11,11,2,2,2,2,2,11,11,11,11,2,12,2,2,13,14,2,2,2,2,2,11,2,15,15,2,2,2,2,2,2,2,14,16,16,16,17,2,2,2,2,18,19,20,2,2,2,4,2,2,2,2,2,2,2,2,2,2,21,21,2,2,2,2,22,8,8,8,22,8,22,22,23,23,23,23,23,23,23,23","0.00862002372741699","infomap","edit-xhwikibooks.graphml"
"0.09","0.01","0.9","0.290660670652169","1,2,1,3,1,3,4,5,6,7,8,4,5,9,6,10,7,8,8,11,12,2,13,14,15,6,16,10,17,18,19,20,21,11,22,23,24,9,12,12,12,12,2,2,2,2,12,2,2,2,12,12,12,12,12,2,2,2,2,12,13,12,12,14,15,12,12,12,12,12,2,12,6,6,12,12,12,12,12,12,12,16,10,10,10,17,12,12,12,12,18,19,20,12,12,12,10,12,12,12,12,12,12,12,12,12,12,21,21,11,12,12,12,9,9,9,9,9,22,23,9,24,24,24,24,24,24,24,24","0.00876188278198242","infomap","edit-xhwikibooks.graphml"
"0.08","0.02","0.9","0.308703772163095","1,1,2,2,2,3,4,1,3,5,6,4,7,8,9,10,5,6,6,11,12,13,14,15,16,7,9,17,18,19,20,21,11,22,23,24,8,9,12,12,12,12,13,13,13,13,12,13,13,13,12,12,12,12,12,13,13,13,13,12,14,12,12,15,16,12,12,12,12,12,13,12,7,7,12,12,12,12,12,12,12,9,25,17,17,18,12,12,12,12,19,20,21,12,12,12,10,12,12,12,12,12,12,12,12,12,12,11,11,22,12,12,12,23,23,23,24,24,24,23,23,8,8,8,8,8,8,8,8","0.00889706611633301","infomap","edit-xhwikibooks.graphml"
"0.07","0.03","0.9","0.303123219524332","1,1,2,2,3,4,3,4,5,4,6,3,7,8,5,9,4,6,6,10,11,12,13,7,8,14,15,16,17,18,19,20,10,21,22,23,24,5,11,11,11,11,12,12,12,12,11,12,12,12,11,11,11,11,11,12,12,12,12,11,13,11,11,7,8,11,11,11,11,11,12,11,14,14,11,11,11,11,11,11,11,15,9,9,16,17,11,11,11,11,18,19,20,11,11,11,9,11,11,11,11,11,11,11,11,11,11,10,10,21,11,11,11,22,22,22,22,22,23,5,5,24,24,24,24,24,24,24,24","0.00921893119812012","infomap","edit-xhwikibooks.graphml"
"0.06","0.04","0.9","0.308509701218231","1,1,2,3,4,3,4,2,5,6,7,8,9,5,2,10,6,7,11,8,12,13,14,9,15,5,16,17,18,19,20,21,22,23,24,11,25,2,12,12,12,12,13,13,13,13,12,13,13,13,12,12,12,12,12,13,13,13,13,12,14,12,12,9,15,12,12,12,12,12,13,12,5,5,12,12,12,12,12,12,12,16,17,17,17,18,12,12,12,12,19,20,21,12,12,12,10,12,12,12,12,12,12,12,12,12,12,22,22,23,12,12,12,24,11,24,11,11,24,24,24,25,25,25,25,25,25,25,25","0.00876903533935547","infomap","edit-xhwikibooks.graphml"
"0.05","0.05","0.9","0.297993761347878","1,2,1,3,4,3,4,5,6,7,8,9,10,5,6,11,7,8,8,9,2,12,13,14,15,10,16,17,18,19,20,21,22,23,6,24,25,5,2,2,2,2,12,12,12,12,2,12,12,12,2,2,2,2,2,12,12,12,12,2,13,2,2,14,15,2,2,2,2,2,12,2,10,10,2,2,2,2,2,2,2,16,17,17,17,18,2,2,2,2,19,20,21,2,2,2,11,2,2,2,2,2,2,2,2,2,2,22,22,23,2,2,2,24,6,24,24,24,6,24,24,25,25,25,25,25,25,25,25","0.0116510391235352","infomap","edit-xhwikibooks.graphml"
"0.04","0.06","0.9","0.312099270102101","1,1,2,2,3,4,3,4,4,4,5,3,6,7,8,9,4,5,10,11,12,13,14,6,8,15,7,16,17,18,19,20,11,21,10,22,23,7,12,12,12,12,13,13,13,13,12,13,13,13,12,12,12,12,12,13,13,13,13,12,14,12,12,6,8,12,12,12,12,12,13,12,7,15,12,12,12,12,12,12,12,8,16,16,16,17,12,12,12,12,18,19,20,12,12,12,9,12,12,12,12,12,12,12,12,12,12,11,11,21,12,12,12,22,22,22,22,10,22,22,10,23,23,23,23,23,23,23,23","0.00874900817871094","infomap","edit-xhwikibooks.graphml"
"0.03","0.07","0.9","0.311602494493123","1,2,1,3,4,3,4,5,3,6,7,4,5,8,9,10,6,7,11,12,13,14,15,2,9,16,17,10,18,19,20,21,12,22,11,23,24,8,13,13,13,13,14,14,14,14,13,14,14,14,13,13,13,13,13,14,14,14,14,13,15,13,13,2,9,13,13,13,13,13,14,13,16,16,13,13,13,13,13,13,13,17,10,10,10,18,13,13,13,13,19,20,21,13,13,13,10,13,13,13,13,13,13,13,13,13,13,12,12,22,13,13,13,11,11,23,11,23,11,11,11,24,24,24,24,24,24,24,24","0.00852799415588379","infomap","edit-xhwikibooks.graphml"
"0.02","0.08","0.9","0.3109566345728","1,2,1,1,3,4,3,2,4,4,5,3,6,7,6,8,4,5,9,10,11,12,13,6,14,15,16,8,17,18,19,20,10,21,22,9,7,7,11,11,11,11,12,12,12,12,11,12,12,12,11,11,11,11,11,12,12,12,12,11,13,11,11,6,14,11,11,11,11,11,12,11,16,15,11,11,11,11,11,11,11,16,8,8,8,17,11,11,11,11,18,19,20,11,11,11,8,11,11,11,11,11,11,11,11,11,11,10,10,21,11,11,11,22,9,22,22,22,22,22,22,7,7,7,7,7,7,7,7","0.00878620147705078","infomap","edit-xhwikibooks.graphml"
"0.01","0.09","0.9","0.305687556154067","1,2,3,3,4,1,4,2,5,1,6,4,5,5,7,8,1,6,6,9,10,11,12,13,7,14,15,16,17,18,19,20,9,21,22,23,24,5,10,10,10,10,11,11,11,11,10,11,11,11,10,10,10,10,10,11,11,11,11,10,12,10,10,13,5,10,10,10,10,10,11,10,14,7,10,10,10,10,10,10,10,15,16,16,16,17,10,10,10,10,18,19,20,10,10,10,8,10,10,10,10,10,10,10,10,10,10,9,9,21,10,10,10,23,22,23,22,22,22,22,23,24,24,24,24,24,24,24,24","0.00836181640625","infomap","edit-xhwikibooks.graphml"
"0","0.1","0.9","0.309910761833034","1,2,3,3,4,5,4,2,5,6,7,4,8,9,10,5,6,7,7,11,12,1,13,8,14,10,15,16,17,18,19,20,11,21,22,23,24,9,12,12,12,12,1,1,1,1,12,1,1,1,12,12,12,12,12,1,1,1,1,12,13,12,12,2,14,12,12,12,12,12,1,12,10,10,12,12,12,12,12,12,12,15,16,16,16,17,12,12,12,12,18,19,20,12,12,12,5,12,12,12,12,12,12,12,12,12,12,11,11,21,12,12,12,23,22,23,22,23,22,22,22,24,24,24,24,24,24,24,24","0.00864791870117188","infomap","edit-xhwikibooks.graphml"
"0.09","0","0.91","0.295592899603127","1,1,2,2,3,4,3,5,4,4,6,7,8,5,9,10,4,6,6,7,1,11,12,9,13,8,14,15,16,17,18,19,20,21,22,23,24,9,1,1,1,1,11,11,11,11,1,11,11,11,1,1,1,1,1,11,11,11,11,1,12,1,1,5,13,1,1,1,1,1,11,1,8,8,1,1,1,1,1,1,1,14,15,15,15,16,1,1,1,1,17,18,19,1,1,1,10,1,1,1,1,1,1,1,1,1,1,20,20,21,1,1,1,23,23,22,22,23,23,23,22,24,24,24,24,24,24,24,24","0.0119729042053223","infomap","edit-xhwikibooks.graphml"
"0.08","0.01","0.91","0.29764044566767","1,1,2,2,2,3,4,3,5,6,7,4,8,9,5,10,6,7,7,11,12,1,13,8,14,15,16,10,17,18,19,20,11,21,22,23,24,9,12,12,12,12,1,1,1,1,12,1,1,1,12,12,12,12,12,1,1,1,1,12,13,12,12,3,14,12,12,12,12,12,1,12,16,15,12,12,12,12,12,12,12,16,10,10,10,17,12,12,12,12,18,19,20,12,12,12,10,12,12,12,12,12,12,12,12,12,12,11,11,21,12,12,12,22,5,5,22,22,23,5,5,24,24,24,24,24,24,24,24","0.0085289478302002","infomap","edit-xhwikibooks.graphml"
"0.07","0.02","0.91","0.31091075950064","1,2,1,1,3,2,3,2,4,5,6,7,8,9,4,10,5,6,4,7,11,12,13,14,9,15,8,16,17,18,19,20,7,21,4,22,23,22,11,11,11,11,12,12,12,12,11,12,12,12,11,11,11,11,11,12,12,12,12,11,13,11,11,14,15,11,11,11,11,11,12,11,15,15,11,11,11,11,11,11,11,8,16,16,16,17,11,11,11,11,18,19,20,11,11,11,10,11,11,11,11,11,11,11,11,11,11,7,7,21,11,11,11,22,4,22,22,4,4,4,4,23,23,23,23,23,23,23,23","0.00878214836120605","infomap","edit-xhwikibooks.graphml"
"0.06","0.03","0.91","0.287391540186939","1,2,1,2,1,3,4,3,5,6,7,4,8,5,9,10,6,7,11,12,2,13,14,15,9,16,8,17,18,19,20,21,12,22,23,11,24,9,2,2,2,2,13,13,13,13,2,13,13,13,2,2,2,2,2,13,13,13,13,2,14,2,2,15,8,2,2,2,2,2,13,2,16,9,2,2,2,2,2,2,2,8,17,17,17,18,2,2,2,2,19,20,21,2,2,2,10,2,2,2,2,2,2,2,2,2,2,12,12,22,2,2,2,23,23,23,5,5,5,11,23,24,24,24,24,24,24,24,24","0.00854611396789551","infomap","edit-xhwikibooks.graphml"
"0.05","0.04","0.91","0.315941694538631","1,2,1,1,1,3,4,2,5,6,4,7,8,9,5,3,6,4,9,7,10,11,12,8,13,14,15,16,17,18,19,20,7,21,22,9,5,5,10,10,10,10,11,11,11,11,10,11,11,11,10,10,10,10,10,11,11,11,11,10,12,10,10,8,13,10,10,10,10,10,11,10,14,14,10,10,10,10,10,10,10,15,16,16,16,17,10,10,10,10,18,19,20,10,10,10,3,10,10,10,10,10,10,10,10,10,10,7,7,21,10,10,10,9,22,22,9,22,22,9,22,5,5,5,5,5,5,5,5","0.00871109962463379","infomap","edit-xhwikibooks.graphml"
"0.04","0.05","0.91","0.293565329993558","1,1,2,2,3,4,3,4,5,6,7,3,8,5,9,10,6,7,7,11,12,13,14,15,16,8,5,17,18,19,20,21,11,22,23,24,25,9,12,12,12,12,13,13,13,13,12,13,13,13,12,12,12,12,12,13,13,13,13,12,14,12,12,15,16,12,12,12,12,12,13,12,8,8,12,12,12,12,12,12,12,5,17,17,17,18,12,12,12,12,19,20,21,12,12,12,10,12,12,12,12,12,12,12,12,12,12,11,11,22,12,12,12,24,9,23,9,9,23,23,9,25,25,25,25,25,25,25,25","0.00878596305847168","infomap","edit-xhwikibooks.graphml"
"0.03","0.06","0.91","0.31776304817713","1,1,2,2,2,3,4,3,5,6,7,4,8,9,5,10,6,7,7,11,12,13,14,8,15,9,16,17,18,19,20,21,22,11,23,5,24,5,12,12,12,12,13,13,13,13,12,13,13,13,12,12,12,12,12,13,13,13,13,12,14,12,12,8,15,12,12,12,12,12,13,12,9,16,12,12,12,12,12,12,12,16,17,17,17,18,12,12,12,12,19,20,21,12,12,12,10,12,12,12,12,12,12,12,12,12,12,11,22,12,12,12,12,23,23,23,23,23,5,23,23,24,24,24,24,24,24,24,24","0.00851702690124512","infomap","edit-xhwikibooks.graphml"
"0.02","0.07","0.91","0.310084323692979","1,1,2,3,2,3,4,5,6,7,8,4,9,5,6,10,7,8,8,11,12,13,14,9,15,16,17,18,19,20,21,22,23,11,24,25,26,6,12,12,12,12,13,13,13,13,12,13,13,13,12,12,12,12,12,13,13,13,13,12,14,12,12,5,15,12,12,12,12,12,13,12,17,16,12,12,12,12,12,12,12,17,18,18,18,19,12,12,12,12,20,21,22,12,12,12,10,12,12,12,12,12,12,12,12,12,12,23,23,12,12,12,12,25,24,24,25,25,24,25,25,26,26,26,26,26,26,26,26","0.00875616073608398","infomap","edit-xhwikibooks.graphml"
"0.01","0.08","0.91","0.306024694208905","1,1,2,2,3,4,3,4,5,6,7,8,9,10,5,11,6,7,12,8,13,14,15,16,9,17,18,11,19,20,21,22,23,24,12,10,25,17,13,13,13,13,14,14,14,14,13,14,14,14,13,13,13,13,13,14,14,14,14,13,15,13,13,16,9,13,13,13,13,13,14,13,17,18,13,13,13,13,13,13,13,18,11,11,11,19,13,13,13,13,20,21,22,13,13,13,11,13,13,13,13,13,13,13,13,13,13,23,23,24,13,13,13,12,10,10,10,12,12,10,12,25,25,25,25,25,25,25,25","0.00888395309448242","infomap","edit-xhwikibooks.graphml"
"0","0.09","0.91","0.306809447285123","1,2,1,2,3,4,3,5,4,4,6,3,7,8,5,9,4,6,10,11,12,13,14,2,15,16,7,9,17,18,19,20,11,21,22,10,8,5,12,12,12,12,13,13,13,13,12,13,13,13,12,12,12,12,12,13,13,13,13,12,14,12,12,2,15,12,12,12,12,12,13,12,16,16,12,12,12,12,12,12,12,7,9,9,9,17,12,12,12,12,18,19,20,12,12,12,9,12,12,12,12,12,12,12,12,12,12,11,11,21,12,12,12,10,10,22,22,22,10,10,10,8,8,8,8,8,8,8,8","0.00911521911621094","infomap","edit-xhwikibooks.graphml"
"0.08","0","0.92","0.312850855958499","1,2,1,1,3,4,3,5,4,6,7,8,5,9,10,11,6,7,10,8,12,2,13,14,9,15,16,17,18,19,20,21,22,23,10,24,25,10,12,12,12,12,2,2,2,2,12,2,2,2,12,12,12,12,12,2,2,2,2,12,13,12,12,14,15,12,12,12,12,12,2,12,15,16,12,12,12,12,12,12,12,16,17,17,17,18,12,12,12,12,19,20,21,12,12,12,11,12,12,12,12,12,12,12,12,12,12,22,22,23,12,12,12,10,24,10,24,10,24,10,24,25,25,25,25,25,25,25,25","0.0454587936401367","infomap","edit-xhwikibooks.graphml"
"0.07","0.01","0.92","0.310821805685317","1,2,1,2,1,2,3,4,5,2,6,3,7,4,5,8,2,6,6,9,10,11,12,7,13,14,15,16,17,18,19,20,9,21,22,23,24,4,10,10,10,10,11,11,11,11,10,11,11,11,10,10,10,10,10,11,11,11,11,10,12,10,10,7,13,10,10,10,10,10,11,10,14,14,10,10,10,10,10,10,10,15,16,16,16,17,10,10,10,10,18,19,20,10,10,10,8,10,10,10,10,10,10,10,10,10,10,9,9,21,10,10,10,23,23,22,23,22,22,22,22,24,24,24,24,24,24,24,24","0.0087587833404541","infomap","edit-xhwikibooks.graphml"
"0.06","0.02","0.92","0.308640836880959","1,1,2,2,3,4,3,5,4,6,7,3,5,8,9,10,6,7,7,11,12,13,14,9,8,15,16,17,18,19,20,21,11,22,23,24,25,9,12,12,12,12,13,13,13,13,12,13,13,13,12,12,12,12,12,13,13,13,13,12,14,12,12,5,8,12,12,12,12,12,13,12,16,15,12,12,12,12,12,12,12,16,17,17,17,18,12,12,12,12,19,20,21,12,12,12,10,12,12,12,12,12,12,12,12,12,12,11,11,22,12,12,12,23,24,24,23,24,24,24,23,25,25,25,25,25,25,25,25","0.00886178016662598","infomap","edit-xhwikibooks.graphml"
"0.05","0.03","0.92","0.312906471109272","1,2,1,3,4,3,4,5,5,3,6,7,8,5,9,10,3,6,6,7,11,2,12,8,13,14,15,16,17,18,19,20,21,22,9,23,24,9,11,11,11,11,2,2,2,2,11,2,2,2,11,11,11,11,11,2,2,2,2,11,12,11,11,5,13,11,11,11,11,11,2,11,15,14,11,11,11,11,11,11,11,15,16,16,16,17,11,11,11,11,18,19,20,11,11,11,10,11,11,11,11,11,11,11,11,11,11,21,21,22,11,11,11,23,9,23,23,23,9,9,23,24,24,24,24,24,24,24,24","0.01220703125","infomap","edit-xhwikibooks.graphml"
"0.04","0.04","0.92","0.3204529231233","1,2,1,3,1,3,4,5,3,6,4,4,5,7,8,9,6,4,10,11,12,2,13,7,8,7,14,9,15,16,17,18,11,19,10,20,21,7,12,12,12,12,2,2,2,2,12,2,2,2,12,12,12,12,12,2,2,2,2,12,13,12,12,5,14,12,12,12,12,12,2,12,14,14,12,12,12,12,12,12,12,14,9,9,9,15,12,12,12,12,16,17,18,12,12,12,9,12,12,12,12,12,12,12,12,12,12,11,11,19,12,12,12,10,20,20,20,10,20,20,20,21,21,21,21,21,21,21,21","0.00843119621276855","infomap","edit-xhwikibooks.graphml"
"0.03","0.05","0.92","0.304477687199331","1,1,2,2,3,4,3,5,4,4,6,7,5,8,9,10,4,6,8,7,11,1,12,13,14,9,15,16,17,18,19,20,21,22,23,8,24,9,11,11,11,11,1,1,1,1,11,1,1,1,11,11,11,11,11,1,1,1,1,11,12,11,11,13,14,11,11,11,11,11,1,11,14,14,11,11,11,11,11,11,11,15,10,10,16,17,11,11,11,11,18,19,20,11,11,11,10,11,11,11,11,11,11,11,11,11,11,21,21,22,11,11,11,23,8,8,8,8,23,23,8,24,24,24,24,24,24,24,24","0.00869083404541016","infomap","edit-xhwikibooks.graphml"
"0.02","0.06","0.92","0.298684476079712","1,2,1,1,1,3,4,5,3,6,7,4,5,8,9,3,6,7,7,10,2,11,12,9,13,14,8,15,16,17,18,19,10,20,21,22,23,22,2,2,2,2,11,11,11,11,2,11,11,11,2,2,2,2,2,11,11,11,11,2,12,2,2,9,13,2,2,2,2,2,11,2,14,14,2,2,2,2,2,2,2,8,15,15,15,16,2,2,2,2,17,18,19,2,2,2,3,2,2,2,2,2,2,2,2,2,2,10,10,20,2,2,2,21,22,21,21,22,22,22,21,23,23,23,23,23,23,23,23","0.00886893272399902","infomap","edit-xhwikibooks.graphml"
"0.01","0.07","0.92","0.309385527434409","1,2,1,3,1,3,4,2,5,3,4,6,2,7,5,8,3,4,4,6,9,10,11,12,7,5,3,13,14,15,16,17,6,18,19,20,21,7,9,9,9,9,10,10,10,10,9,10,10,10,9,9,9,9,9,10,10,10,10,9,11,9,9,12,5,9,9,9,9,9,10,9,7,5,9,9,9,9,9,9,9,7,13,13,13,14,9,9,9,9,15,16,17,9,9,9,8,9,9,9,9,9,9,9,9,9,9,6,6,18,9,9,9,19,20,20,20,20,19,20,20,21,21,21,21,21,21,21,21","0.00867795944213867","infomap","edit-xhwikibooks.graphml"
"0","0.08","0.92","0.308030805843125","1,2,1,1,3,4,3,5,4,6,7,8,9,5,9,10,6,7,7,8,11,2,12,13,9,14,15,16,17,18,19,20,21,22,23,24,25,9,11,11,11,11,2,2,2,2,11,2,2,2,11,11,11,11,11,2,2,2,2,11,12,11,11,13,15,11,11,11,11,11,2,11,14,14,11,11,11,11,11,11,11,15,16,16,16,17,11,11,11,11,18,19,20,11,11,11,10,11,11,11,11,11,11,11,11,11,11,21,21,22,11,11,11,24,23,24,24,24,23,23,23,25,25,25,25,25,25,25,25","0.00881099700927734","infomap","edit-xhwikibooks.graphml"
"0.07","0","0.93","0.309725501859032","1,2,1,3,4,3,4,2,5,6,7,8,9,5,10,11,6,7,7,8,12,2,13,14,9,15,10,16,17,18,19,20,21,22,23,24,25,5,12,12,12,12,2,2,2,2,12,2,2,2,12,12,12,12,12,2,2,2,2,12,13,12,12,14,9,12,12,12,12,12,2,12,15,9,12,12,12,12,12,12,12,10,16,16,16,17,12,12,12,12,18,19,20,12,12,12,11,12,12,12,12,12,12,12,12,12,12,21,8,22,12,12,12,23,23,24,24,24,23,24,24,25,25,25,25,25,25,25,25","0.00875306129455566","infomap","edit-xhwikibooks.graphml"
"0.06","0.01","0.93","0.313785917410843","1,1,2,2,2,3,4,5,3,6,4,7,5,8,9,10,6,4,11,7,12,13,14,9,8,15,16,10,17,18,19,20,21,22,11,23,24,9,12,12,12,12,13,13,13,13,12,13,13,13,12,12,12,12,12,13,13,13,13,12,14,12,12,9,15,12,12,12,12,12,13,12,15,8,12,12,12,12,12,12,12,16,10,10,10,17,12,12,12,12,18,19,20,12,12,12,10,12,12,12,12,12,12,12,12,12,12,21,21,22,12,12,12,23,11,11,11,23,23,23,23,24,24,24,24,24,24,24,24","0.00875306129455566","infomap","edit-xhwikibooks.graphml"
"0.05","0.02","0.93","0.31942467039793","1,2,3,3,4,1,4,5,6,7,4,8,5,9,6,1,7,4,4,8,10,2,11,12,13,14,15,16,17,18,19,20,21,22,23,9,6,6,10,10,10,10,2,2,2,2,10,2,2,2,10,10,10,10,10,2,2,2,2,10,11,10,10,12,13,10,10,10,10,10,2,10,14,14,10,10,10,10,10,10,10,15,16,16,16,17,10,10,10,10,18,19,20,10,10,10,1,10,10,10,10,10,10,10,10,10,10,21,21,22,10,10,10,23,23,9,23,23,23,23,23,6,6,6,6,6,6,6,6","0.00877094268798828","infomap","edit-xhwikibooks.graphml"
"0.04","0.03","0.93","0.311301405048039","1,1,2,2,3,4,3,5,6,7,8,3,5,6,9,4,7,8,8,10,11,12,13,6,14,15,16,17,18,19,20,21,10,22,23,24,25,9,11,11,11,11,12,12,12,12,11,12,12,12,11,11,11,11,11,12,12,12,12,11,13,11,11,5,14,11,11,11,11,11,12,11,15,15,11,11,11,11,11,11,11,16,17,17,17,18,11,11,11,11,19,20,21,11,11,11,4,11,11,11,11,11,11,11,11,11,11,10,10,22,11,11,11,24,23,24,23,24,23,23,23,25,25,25,25,25,25,25,25","0.00861001014709473","infomap","edit-xhwikibooks.graphml"
"0.03","0.04","0.93","0.313649282114814","1,2,1,3,1,3,4,2,3,5,6,4,7,8,2,9,5,6,6,10,11,12,13,7,14,15,8,16,17,18,19,20,21,10,22,23,24,2,11,11,11,11,12,12,12,12,11,12,12,12,11,11,11,11,11,12,12,12,12,11,13,11,11,7,14,11,11,11,11,11,12,11,15,15,11,11,11,11,11,11,11,14,16,16,16,17,11,11,11,11,18,19,20,11,11,11,9,11,11,11,11,11,11,11,11,11,11,21,21,11,11,11,11,23,23,23,23,23,23,22,22,24,24,24,24,24,24,24,24","0.0120930671691895","infomap","edit-xhwikibooks.graphml"
"0.02","0.05","0.93","0.309412452626743","1,2,1,1,3,4,3,2,4,5,6,7,8,9,10,11,5,6,12,7,13,14,15,8,16,17,18,19,20,21,22,23,24,25,12,9,26,10,13,13,13,13,14,14,14,14,13,14,14,14,13,13,13,13,13,14,14,14,14,13,15,13,13,8,16,13,13,13,13,13,14,13,10,17,13,13,13,13,13,13,13,18,19,19,19,20,13,13,13,13,21,22,23,13,13,13,11,13,13,13,13,13,13,13,13,13,13,24,24,25,13,13,13,12,12,12,12,12,9,9,9,26,26,26,26,26,26,26,26","0.0087740421295166","infomap","edit-xhwikibooks.graphml"
"0.01","0.06","0.93","0.302687901614388","1,1,2,3,2,3,4,5,6,7,8,4,6,9,5,10,7,8,8,11,12,13,14,15,16,17,6,18,19,20,21,22,11,23,24,25,26,9,12,12,12,12,13,13,13,13,12,13,13,13,12,12,12,12,12,13,13,13,13,12,14,12,12,15,16,12,12,12,12,12,13,12,17,17,12,12,12,12,12,12,12,6,18,18,18,19,12,12,12,12,20,21,22,12,12,12,10,12,12,12,12,12,12,12,12,12,12,11,11,23,12,12,12,24,25,25,25,25,25,25,24,26,26,26,26,26,26,26,26","0.0117669105529785","infomap","edit-xhwikibooks.graphml"
"0","0.07","0.93","0.304321395823042","1,2,3,3,4,1,4,1,5,6,7,4,8,9,5,10,6,7,9,11,2,12,13,14,8,15,16,17,18,19,20,21,22,11,23,9,24,9,2,2,2,2,12,12,12,12,2,12,12,12,2,2,2,2,2,12,12,12,12,2,13,2,2,14,8,2,2,2,2,2,12,2,15,8,2,2,2,2,2,2,2,16,17,17,17,18,2,2,2,2,19,20,21,2,2,2,10,2,2,2,2,2,2,2,2,2,2,22,22,2,2,2,2,23,23,23,23,23,9,23,9,24,24,24,24,24,24,24,24","0.00906610488891602","infomap","edit-xhwikibooks.graphml"
"0.06","0","0.94","0.305953406907112","1,1,2,2,3,4,3,4,5,4,6,3,7,8,5,9,4,6,6,10,11,12,13,14,15,7,16,17,18,19,20,21,10,22,23,24,8,8,11,11,11,11,12,12,12,12,11,12,12,12,11,11,11,11,11,12,12,12,12,11,13,11,11,14,15,11,11,11,11,11,12,11,16,7,11,11,11,11,11,11,11,16,17,17,17,18,11,11,11,11,19,20,21,11,11,11,9,11,11,11,11,11,11,11,11,11,11,10,10,22,11,11,11,23,23,23,24,24,24,23,24,8,8,8,8,8,8,8,8","0.00881195068359375","infomap","edit-xhwikibooks.graphml"
"0.05","0.01","0.94","0.308782998070564","1,1,2,2,3,4,3,4,5,6,7,8,9,10,5,11,6,7,12,8,13,14,15,9,16,10,17,11,18,19,20,21,22,23,12,24,25,12,13,13,13,13,14,14,14,14,13,14,14,14,13,13,13,13,13,14,14,14,14,13,15,13,13,4,16,13,13,13,13,13,14,13,16,10,13,13,13,13,13,13,13,17,11,11,11,18,13,13,13,13,19,20,21,13,13,13,11,13,13,13,13,13,13,13,13,13,13,22,22,23,13,13,13,12,24,24,12,12,12,24,24,25,25,25,25,25,25,25,25","0.0122981071472168","infomap","edit-xhwikibooks.graphml"
"0.04","0.02","0.94","0.293038140491363","1,1,2,2,2,3,4,1,3,5,4,4,6,7,8,9,5,4,10,11,12,13,14,6,8,15,16,9,17,18,19,20,11,21,10,22,23,7,12,12,12,12,13,13,13,13,12,13,13,13,12,12,12,12,12,13,13,13,13,12,14,12,12,1,16,12,12,12,12,12,13,12,8,15,12,12,12,12,12,12,12,16,9,9,9,17,12,12,12,12,18,19,20,12,12,12,9,12,12,12,12,12,12,12,12,12,12,11,11,21,12,12,12,22,10,10,22,22,10,22,22,7,7,7,7,7,7,7,23","0.00889897346496582","infomap","edit-xhwikibooks.graphml"
"0.03","0.03","0.94","0.313227517163343","1,2,3,3,4,1,4,5,6,7,8,9,5,10,6,1,7,8,8,9,11,2,12,13,14,10,6,15,16,17,18,19,20,21,22,23,24,10,11,11,11,11,2,2,2,2,11,2,2,2,11,11,11,11,11,2,2,2,2,11,12,11,11,13,14,11,11,11,11,11,2,11,6,6,11,11,11,11,11,11,11,10,15,15,15,16,11,11,11,11,17,18,19,11,11,11,1,11,11,11,11,11,11,11,11,11,11,20,20,21,11,11,11,22,22,23,22,22,22,22,23,24,24,24,24,24,24,24,24","0.00903797149658203","infomap","edit-xhwikibooks.graphml"
"0.02","0.04","0.94","0.312325572550361","1,1,1,1,2,3,2,3,4,5,6,7,8,8,4,9,5,6,6,7,10,11,12,13,4,8,14,15,16,17,18,19,20,21,22,23,24,4,10,10,10,10,11,11,11,11,10,11,11,11,10,10,10,10,10,11,11,11,11,10,12,10,10,13,8,10,10,10,10,10,11,10,14,8,10,10,10,10,10,10,10,14,15,15,15,16,10,10,10,10,17,18,19,10,10,10,9,10,10,10,10,10,10,10,10,10,10,20,20,21,10,10,10,23,22,22,22,22,23,23,23,24,24,24,24,24,24,24,24","0.00864887237548828","infomap","edit-xhwikibooks.graphml"
"0.01","0.05","0.94","0.311721836561997","1,1,2,1,2,3,4,5,3,6,4,7,8,9,5,3,6,4,9,7,10,11,12,8,13,5,14,15,16,17,18,19,20,21,22,9,23,5,10,10,10,10,11,11,11,11,10,11,11,11,10,10,10,10,10,11,11,11,11,10,12,10,10,8,13,10,10,10,10,10,11,10,5,5,10,10,10,10,10,10,10,14,15,15,15,16,10,10,10,10,17,18,19,10,10,10,3,10,10,10,10,10,10,10,10,10,10,20,20,21,10,10,10,9,22,22,22,9,9,22,22,23,23,23,23,23,23,23,23","0.00858378410339355","infomap","edit-xhwikibooks.graphml"
"0","0.06","0.94","0.310148215524912","1,1,2,2,3,4,3,5,5,6,7,8,9,10,5,4,6,7,7,8,11,12,13,9,14,10,15,16,17,18,19,20,21,22,23,24,25,5,11,11,11,11,12,12,12,12,11,12,12,12,11,11,11,11,11,12,12,12,12,11,13,11,11,9,14,11,11,11,11,11,12,11,15,10,11,11,11,11,11,11,11,15,16,16,16,17,11,11,11,11,18,19,20,11,11,11,4,11,11,11,11,11,11,11,11,11,11,21,21,22,11,11,11,23,23,24,24,23,24,23,23,25,25,25,25,25,25,25,25","0.00918912887573242","infomap","edit-xhwikibooks.graphml"
"0.05","0","0.95","0.306292693036654","1,1,2,2,3,4,3,4,5,6,3,3,7,5,8,9,6,3,10,11,12,13,14,15,8,16,7,9,17,18,19,20,11,21,22,10,8,8,12,12,12,12,13,13,13,13,12,13,13,13,12,12,12,12,12,13,13,13,13,12,14,12,12,15,16,12,12,12,12,12,13,12,16,16,12,12,12,12,12,12,12,7,9,9,9,17,12,12,12,12,18,19,20,12,12,12,9,12,12,12,12,12,12,12,12,12,12,11,11,21,12,12,12,5,22,10,22,22,10,5,22,8,8,8,8,8,8,8,8","0.0089571475982666","infomap","edit-xhwikibooks.graphml"
"0.04","0.01","0.95","0.306793820047458","1,2,1,1,3,4,3,5,4,6,7,3,8,5,9,4,6,7,7,10,2,11,12,8,13,14,15,16,17,18,19,20,10,10,21,22,23,9,2,2,2,2,11,11,11,11,2,11,11,11,2,2,2,2,2,11,11,11,11,2,12,2,2,5,13,2,2,2,2,2,11,2,13,14,2,2,2,2,2,2,2,15,16,16,16,17,2,2,2,2,18,19,20,2,2,2,4,2,2,2,2,2,2,2,2,2,2,10,10,2,2,2,2,21,21,22,21,21,22,22,21,23,23,23,23,23,23,23,23","0.00856709480285645","infomap","edit-xhwikibooks.graphml"
"0.03","0.02","0.95","0.307578170432798","1,2,1,2,3,4,3,5,5,6,7,8,9,10,5,4,6,7,7,8,11,2,12,9,13,14,15,16,17,18,19,20,21,22,23,24,10,10,11,11,11,11,2,2,2,2,11,2,2,2,11,11,11,11,11,2,2,2,2,11,12,11,11,9,13,11,11,11,11,11,2,11,14,14,11,11,11,11,11,11,11,15,16,16,16,17,11,11,11,11,18,19,20,11,11,11,4,11,11,11,11,11,11,11,11,11,11,21,21,22,11,11,11,24,23,24,24,24,23,24,23,10,10,10,10,10,10,10,10","0.00882291793823242","infomap","edit-xhwikibooks.graphml"
"0.02","0.03","0.95","0.309999623525756","1,2,1,1,3,4,3,2,4,5,6,7,2,8,9,10,5,6,11,7,12,13,14,8,15,9,16,17,18,19,20,21,22,23,11,24,25,8,12,12,12,12,13,13,13,13,12,13,13,13,12,12,12,12,12,13,13,13,13,12,14,12,12,2,15,12,12,12,12,12,13,12,16,16,12,12,12,12,12,12,12,16,17,17,17,18,12,12,12,12,19,20,21,12,12,12,10,12,12,12,12,12,12,12,12,12,12,22,22,23,12,12,12,24,11,24,11,24,24,11,11,25,25,25,25,25,25,25,25","0.00886893272399902","infomap","edit-xhwikibooks.graphml"
"0.01","0.04","0.95","0.313123880168967","1,2,1,3,4,3,4,3,5,6,7,4,8,5,9,10,6,7,7,11,12,2,13,8,14,15,16,17,18,19,20,21,11,22,23,24,9,9,12,12,12,12,2,2,2,2,12,2,2,2,12,12,12,12,12,2,2,2,2,12,13,12,12,3,14,12,12,12,12,12,2,12,15,15,12,12,12,12,12,12,12,16,17,17,17,18,12,12,12,12,19,20,21,12,12,12,10,12,12,12,12,12,12,12,12,12,12,11,11,22,12,12,12,23,24,24,24,23,23,24,24,9,9,9,9,9,9,9,9","0.00893092155456543","infomap","edit-xhwikibooks.graphml"
"0","0.05","0.95","0.293117316512011","1,2,1,2,3,4,3,5,6,7,8,9,10,6,5,4,7,8,8,9,2,11,12,13,14,15,10,16,17,18,19,20,21,22,23,24,25,5,2,2,2,2,11,11,11,11,2,11,11,11,2,2,2,2,2,11,11,11,11,2,12,2,2,13,14,2,2,2,2,2,11,2,15,10,2,2,2,2,2,2,2,10,16,16,16,17,2,2,2,2,18,19,20,2,2,2,16,2,2,2,2,2,2,2,2,2,2,21,21,22,2,2,2,24,23,24,24,24,23,23,24,25,25,25,25,25,25,25,25","0.0088050365447998","infomap","edit-xhwikibooks.graphml"
"0.04","0","0.96","0.305818132792594","1,1,2,2,3,4,3,5,4,6,7,8,9,5,9,10,6,7,11,8,12,13,14,9,15,16,17,10,18,19,20,21,22,8,11,23,24,5,12,12,12,12,13,13,13,13,12,13,13,13,12,12,12,12,12,13,13,13,13,12,14,12,12,9,15,12,12,12,12,12,13,12,17,16,12,12,12,12,12,12,12,17,10,10,10,18,12,12,12,12,19,20,21,12,12,12,10,12,12,12,12,12,12,12,12,12,12,22,22,12,12,12,12,11,23,23,23,11,23,23,23,24,24,24,24,24,24,24,24","0.0104398727416992","infomap","edit-xhwikibooks.graphml"
"0.03","0.01","0.96","0.304812769885553","1,1,2,3,2,3,4,5,3,6,7,4,8,5,9,10,6,7,7,11,12,13,14,8,9,15,16,17,18,19,20,21,22,11,23,24,25,9,12,12,12,12,13,13,13,13,12,13,13,13,12,12,12,12,12,13,13,13,13,12,14,12,12,5,15,12,12,12,12,12,13,12,15,16,12,12,12,12,12,12,12,16,17,17,17,18,12,12,12,12,19,20,21,12,12,12,10,12,12,12,12,12,12,12,12,12,12,22,22,11,12,12,12,24,24,23,24,23,23,24,24,25,25,25,25,25,25,25,25","0.00926089286804199","infomap","edit-xhwikibooks.graphml"
"0.02","0.02","0.96","0.295498989586397","1,2,1,2,3,4,3,5,4,6,7,3,8,5,9,10,6,7,7,11,2,12,13,8,14,15,16,17,18,19,20,21,11,22,23,9,24,5,2,2,2,2,12,12,12,12,2,12,12,12,2,2,2,2,2,12,12,12,12,2,13,2,2,5,14,2,2,2,2,2,12,2,16,15,2,2,2,2,2,2,2,16,17,10,10,18,2,2,2,2,19,20,21,2,2,2,10,2,2,2,2,2,2,2,2,2,2,11,11,22,2,2,2,23,23,23,23,23,9,9,23,24,24,24,24,24,24,24,24","0.00870990753173828","infomap","edit-xhwikibooks.graphml"
"0.01","0.03","0.96","0.300595294411279","1,1,2,2,3,4,3,5,4,6,7,8,9,5,10,11,6,7,7,8,12,13,14,9,15,16,17,18,19,20,21,22,23,24,25,26,27,10,12,12,12,12,13,13,13,13,12,13,13,13,12,12,12,12,12,13,13,13,13,12,14,12,12,9,15,12,12,12,12,12,13,12,17,16,12,12,12,12,12,12,12,17,11,18,18,19,12,12,12,12,20,21,22,12,12,12,11,12,12,12,12,12,12,12,12,12,12,23,23,24,12,12,12,25,26,25,25,26,25,26,26,27,27,27,27,27,27,27,27","0.00898003578186035","infomap","edit-xhwikibooks.graphml"
"0","0.04","0.96","0.301804407070575","1,2,1,3,1,3,4,5,6,7,8,4,5,6,9,3,7,8,8,10,2,11,12,13,14,9,6,15,16,17,18,19,10,20,21,22,23,9,2,2,2,2,11,11,11,11,2,11,11,11,2,2,2,2,2,11,11,11,11,2,12,2,2,13,14,2,2,2,2,2,11,2,14,14,2,2,2,2,2,2,2,14,15,15,15,16,2,2,2,2,17,18,19,2,2,2,3,2,2,2,2,2,2,2,2,2,2,10,10,20,2,2,2,22,22,21,22,21,21,22,22,23,23,23,23,23,23,23,23","0.00893187522888184","infomap","edit-xhwikibooks.graphml"
"0.03","0","0.97","0.301642640868242","1,1,2,2,3,4,3,4,5,6,7,3,8,9,5,10,6,7,7,11,12,13,14,8,15,16,17,18,19,20,21,22,11,23,24,25,26,9,12,12,12,12,13,13,13,13,12,13,13,13,12,12,12,12,12,13,13,13,13,12,14,12,12,8,15,12,12,12,12,12,13,12,15,16,12,12,12,12,12,12,12,17,18,18,18,19,12,12,12,12,20,21,22,12,12,12,10,12,12,12,12,12,12,12,12,12,12,11,11,23,12,12,12,24,25,24,24,24,25,24,25,26,26,26,26,26,26,26,26","0.00903201103210449","infomap","edit-xhwikibooks.graphml"
"0.02","0.01","0.97","0.305502584388033","1,1,2,2,3,4,3,5,4,6,7,3,8,9,5,4,6,7,10,11,12,13,14,8,9,15,16,17,18,19,20,21,11,22,10,23,24,5,12,12,12,12,13,13,13,13,12,13,13,13,12,12,12,12,12,13,13,13,13,12,14,12,12,8,16,12,12,12,12,12,13,12,16,15,12,12,12,12,12,12,12,16,17,17,17,18,12,12,12,12,19,20,21,12,12,12,4,12,12,12,12,12,12,12,12,12,12,11,11,22,12,12,12,23,23,23,23,10,23,10,23,24,24,24,24,24,24,24,24","0.00886702537536621","infomap","edit-xhwikibooks.graphml"
"0.01","0.02","0.97","0.283327171045567","1,2,3,3,4,1,4,1,5,6,4,4,7,8,5,9,6,4,10,11,2,12,13,7,14,15,16,17,18,19,20,21,22,11,10,23,24,8,2,2,2,2,12,12,12,12,2,12,12,12,2,2,2,2,2,12,12,12,12,2,13,2,2,7,14,2,2,2,2,2,12,2,15,8,2,2,2,2,2,2,2,16,17,17,17,18,2,2,2,2,19,20,21,2,2,2,9,2,2,2,2,2,2,2,2,2,2,22,22,2,2,2,2,23,23,10,10,23,10,23,23,5,24,5,24,5,5,5,5","0.00900101661682129","infomap","edit-xhwikibooks.graphml"
"0","0.03","0.97","0.310372383936774","1,2,1,3,4,3,4,2,5,6,7,8,9,10,5,3,6,7,7,8,11,12,13,9,14,10,15,16,17,18,19,20,21,22,23,5,24,5,11,11,11,11,12,12,12,12,11,12,12,12,11,11,11,11,11,12,12,12,12,11,13,11,11,9,14,11,11,11,11,11,12,11,10,15,11,11,11,11,11,11,11,15,16,16,16,17,11,11,11,11,18,19,20,11,11,11,3,11,11,11,11,11,11,11,11,11,11,21,21,22,11,11,11,23,5,5,23,23,23,23,5,24,24,24,24,24,24,24,24","0.00906181335449219","infomap","edit-xhwikibooks.graphml"
"0.02","0","0.98","0.298281834151615","1,1,2,2,2,3,4,5,3,6,7,4,8,9,5,10,6,7,11,12,13,14,15,16,8,17,9,18,19,20,21,22,12,23,11,24,25,9,13,13,13,13,14,14,14,14,13,14,14,14,13,13,13,13,13,14,14,14,14,13,15,13,13,16,8,13,13,13,13,13,14,13,17,17,13,13,13,13,13,13,13,17,18,18,18,19,13,13,13,13,20,21,22,13,13,13,10,13,13,13,13,13,13,13,13,13,13,12,12,23,13,13,13,11,24,24,24,24,11,11,11,25,25,25,25,25,25,25,25","0.00906896591186523","infomap","edit-xhwikibooks.graphml"
"0.01","0.01","0.98","0.293687679396297","1,2,1,1,3,4,3,5,4,6,7,8,5,9,10,4,6,7,7,8,2,11,12,13,14,9,15,16,17,18,19,20,21,22,23,24,25,10,2,2,2,2,11,11,11,11,2,11,11,11,2,2,2,2,2,11,11,11,11,2,12,2,2,13,14,2,2,2,2,2,11,2,9,9,2,2,2,2,2,2,2,15,16,16,16,17,2,2,2,2,18,19,20,2,2,2,4,2,2,2,2,2,2,2,2,2,2,21,21,22,2,2,2,23,24,24,24,24,24,24,23,25,25,25,25,25,25,25,25","0.00946378707885742","infomap","edit-xhwikibooks.graphml"
"0","0.02","0.98","0.297315818758219","1,2,3,3,4,5,4,6,5,7,8,4,6,9,10,11,7,8,12,13,2,1,14,15,16,9,17,18,19,20,21,22,13,23,12,24,10,9,2,2,2,2,1,1,1,1,2,1,1,1,2,2,2,2,2,1,1,1,1,2,14,2,2,15,16,2,2,2,2,2,1,2,9,17,2,2,2,2,2,2,2,17,18,18,18,19,2,2,2,2,20,21,22,2,2,2,11,2,2,2,2,2,2,2,2,2,2,13,13,23,2,2,2,24,24,12,24,12,24,12,12,10,10,10,10,10,10,10,10","0.00951004028320312","infomap","edit-xhwikibooks.graphml"
"0.01","0","0.99","0.303851711628641","1,1,2,2,3,4,3,5,4,6,7,8,5,9,10,4,6,7,7,8,11,12,13,14,15,9,16,17,18,19,20,21,8,22,23,24,10,9,11,11,11,11,12,12,12,12,11,12,12,12,11,11,11,11,11,12,12,12,12,11,13,11,11,14,15,11,11,11,11,11,12,11,15,9,11,11,11,11,11,11,11,16,17,17,17,18,11,11,11,11,19,20,21,11,11,11,4,11,11,11,11,11,11,11,11,11,11,8,8,22,11,11,11,23,23,23,24,24,24,23,24,10,10,10,10,10,10,10,10","0.00911498069763184","infomap","edit-xhwikibooks.graphml"
"0","0.01","0.99","0.301239974944352","1,2,1,3,1,3,4,2,3,5,4,6,7,8,9,10,5,4,11,6,12,13,14,7,15,16,17,18,19,20,21,22,6,23,11,8,24,9,12,12,12,12,13,13,13,13,12,13,13,13,12,12,12,12,12,13,13,13,13,12,14,12,12,7,15,12,12,12,12,12,13,12,17,16,12,12,12,12,12,12,12,17,18,18,18,19,12,12,12,12,20,21,22,12,12,12,10,12,12,12,12,12,12,12,12,12,12,6,6,23,12,12,12,8,11,11,8,8,8,8,8,24,24,24,24,24,24,24,24","0.00924491882324219","infomap","edit-xhwikibooks.graphml"
"0","0","1","0.0440087294540767","1,1,2,2,3,4,3,5,4,5,6,7,5,8,9,10,11,6,12,7,13,14,15,4,16,9,17,18,19,11,20,12,21,22,23,24,8,17,13,1,5,1,5,5,1,1,5,13,1,14,13,13,14,5,14,5,1,19,14,1,15,13,1,17,9,5,22,19,22,22,13,14,17,16,13,19,19,19,13,1,5,5,18,10,18,19,19,5,13,13,11,20,12,13,13,13,10,22,13,5,13,1,19,5,14,13,1,7,21,22,13,5,1,23,12,12,16,17,6,24,24,16,9,4,4,24,24,8,4","0.0130429267883301","infomap","edit-xhwikibooks.graphml"
"1","0","0","0.738928571428572","1,1,1,1,1,2,1,5,2,2,4,1,5,5,5,2,2,4,4,1,3,6,5,5,5,5,5,2,1,2,4,4,1,1,7,7,8,5,3,3,3,3,6,6,6,6,3,6,6,6,3,3,3,3,3,6,6,6,6,3,5,3,3,5,5,3,3,3,3,3,6,3,5,5,3,3,3,3,3,3,3,5,2,2,2,1,3,3,3,3,2,4,4,3,3,3,2,3,3,3,3,3,3,3,3,3,3,1,1,1,3,3,3,7,7,7,7,7,7,7,7,8,8,8,8,8,8,8,8","0.000874996185302734","fast_greedy","edit-xhwikibooks.graphml"
"0.99","0.01","0","0","1,1,1,2,3,4,5,6,7,8,9,10,11,12,13,14,15,16,17,18,19,20,21,22,23,24,25,26,27,28,29,30,31,32,33,34,35,36,37,38,39,40,41,42,43,44,45,46,47,48,49,50,51,52,53,54,55,56,57,58,59,60,61,62,63,64,65,66,67,68,69,70,71,72,73,74,75,76,77,78,79,80,81,82,83,84,85,86,87,88,89,90,91,92,93,94,95,96,97,98,99,100,101,102,103,104,105,106,107,108,109,110,111,112,113,114,115,116,117,118,119,120,121,122,123,124,125,126,127","0.000710010528564453","fast_greedy","edit-xhwikibooks.graphml"
"0.98","0.02","0","0","1,1,1,2,3,4,5,6,7,8,9,10,11,12,13,14,15,16,17,18,19,20,21,22,23,24,25,26,27,28,29,30,31,32,33,34,35,36,37,38,39,40,41,42,43,44,45,46,47,48,49,50,51,52,53,54,55,56,57,58,59,60,61,62,63,64,65,66,67,68,69,70,71,72,73,74,75,76,77,78,79,80,81,82,83,84,85,86,87,88,89,90,91,92,93,94,95,96,97,98,99,100,101,102,103,104,105,106,107,108,109,110,111,112,113,114,115,116,117,118,119,120,121,122,123,124,125,126,127","0.000666141510009766","fast_greedy","edit-xhwikibooks.graphml"
"0.97","0.03","0","0","1,1,1,2,3,4,5,6,7,8,9,10,11,12,13,14,15,16,17,18,19,20,21,22,23,24,25,26,27,28,29,30,31,32,33,34,35,36,37,38,39,40,41,42,43,44,45,46,47,48,49,50,51,52,53,54,55,56,57,58,59,60,61,62,63,64,65,66,67,68,69,70,71,72,73,74,75,76,77,78,79,80,81,82,83,84,85,86,87,88,89,90,91,92,93,94,95,96,97,98,99,100,101,102,103,104,105,106,107,108,109,110,111,112,113,114,115,116,117,118,119,120,121,122,123,124,125,126,127","0.000679969787597656","fast_greedy","edit-xhwikibooks.graphml"
"0.96","0.04","0","0","1,1,1,2,3,4,5,6,7,8,9,10,11,12,13,14,15,16,17,18,19,20,21,22,23,24,25,26,27,28,29,30,31,32,33,34,35,36,37,38,39,40,41,42,43,44,45,46,47,48,49,50,51,52,53,54,55,56,57,58,59,60,61,62,63,64,65,66,67,68,69,70,71,72,73,74,75,76,77,78,79,80,81,82,83,84,85,86,87,88,89,90,91,92,93,94,95,96,97,98,99,100,101,102,103,104,105,106,107,108,109,110,111,112,113,114,115,116,117,118,119,120,121,122,123,124,125,126,127","0.000688076019287109","fast_greedy","edit-xhwikibooks.graphml"
"0.95","0.05","0","0","1,1,1,2,3,4,5,6,7,8,9,10,11,12,13,14,15,16,17,18,19,20,21,22,23,24,25,26,27,28,29,30,31,32,33,34,35,36,37,38,39,40,41,42,43,44,45,46,47,48,49,50,51,52,53,54,55,56,57,58,59,60,61,62,63,64,65,66,67,68,69,70,71,72,73,74,75,76,77,78,79,80,81,82,83,84,85,86,87,88,89,90,91,92,93,94,95,96,97,98,99,100,101,102,103,104,105,106,107,108,109,110,111,112,113,114,115,116,117,118,119,120,121,122,123,124,125,126,127","0.000685930252075195","fast_greedy","edit-xhwikibooks.graphml"
"0.94","0.06","0","0","1,1,1,2,3,4,5,6,7,8,9,10,11,12,13,14,15,16,17,18,19,20,21,22,23,24,25,26,27,28,29,30,31,32,33,34,35,36,37,38,39,40,41,42,43,44,45,46,47,48,49,50,51,52,53,54,55,56,57,58,59,60,61,62,63,64,65,66,67,68,69,70,71,72,73,74,75,76,77,78,79,80,81,82,83,84,85,86,87,88,89,90,91,92,93,94,95,96,97,98,99,100,101,102,103,104,105,106,107,108,109,110,111,112,113,114,115,116,117,118,119,120,121,122,123,124,125,126,127","0.000659942626953125","fast_greedy","edit-xhwikibooks.graphml"
"0.93","0.07","0","0","1,1,1,2,3,4,5,6,7,8,9,10,11,12,13,14,15,16,17,18,19,20,21,22,23,24,25,26,27,28,29,30,31,32,33,34,35,36,37,38,39,40,41,42,43,44,45,46,47,48,49,50,51,52,53,54,55,56,57,58,59,60,61,62,63,64,65,66,67,68,69,70,71,72,73,74,75,76,77,78,79,80,81,82,83,84,85,86,87,88,89,90,91,92,93,94,95,96,97,98,99,100,101,102,103,104,105,106,107,108,109,110,111,112,113,114,115,116,117,118,119,120,121,122,123,124,125,126,127","0.000699996948242188","fast_greedy","edit-xhwikibooks.graphml"
"0.92","0.08","0","0","1,1,1,2,3,4,5,6,7,8,9,10,11,12,13,14,15,16,17,18,19,20,21,22,23,24,25,26,27,28,29,30,31,32,33,34,35,36,37,38,39,40,41,42,43,44,45,46,47,48,49,50,51,52,53,54,55,56,57,58,59,60,61,62,63,64,65,66,67,68,69,70,71,72,73,74,75,76,77,78,79,80,81,82,83,84,85,86,87,88,89,90,91,92,93,94,95,96,97,98,99,100,101,102,103,104,105,106,107,108,109,110,111,112,113,114,115,116,117,118,119,120,121,122,123,124,125,126,127","0.00070500373840332","fast_greedy","edit-xhwikibooks.graphml"
"0.91","0.09","0","0","1,1,1,2,3,4,5,6,7,8,9,10,11,12,13,14,15,16,17,18,19,20,21,22,23,24,25,26,27,28,29,30,31,32,33,34,35,36,37,38,39,40,41,42,43,44,45,46,47,48,49,50,51,52,53,54,55,56,57,58,59,60,61,62,63,64,65,66,67,68,69,70,71,72,73,74,75,76,77,78,79,80,81,82,83,84,85,86,87,88,89,90,91,92,93,94,95,96,97,98,99,100,101,102,103,104,105,106,107,108,109,110,111,112,113,114,115,116,117,118,119,120,121,122,123,124,125,126,127","0.000704050064086914","fast_greedy","edit-xhwikibooks.graphml"
"0.9","0.1","0","0","1,1,1,2,3,4,5,6,7,8,9,10,11,12,13,14,15,16,17,18,19,20,21,22,23,24,25,26,27,28,29,30,31,32,33,34,35,36,37,38,39,40,41,42,43,44,45,46,47,48,49,50,51,52,53,54,55,56,57,58,59,60,61,62,63,64,65,66,67,68,69,70,71,72,73,74,75,76,77,78,79,80,81,82,83,84,85,86,87,88,89,90,91,92,93,94,95,96,97,98,99,100,101,102,103,104,105,106,107,108,109,110,111,112,113,114,115,116,117,118,119,120,121,122,123,124,125,126,127","0.000665903091430664","fast_greedy","edit-xhwikibooks.graphml"
"0.89","0.11","0","0","1,1,1,2,3,4,5,6,7,8,9,10,11,12,13,14,15,16,17,18,19,20,21,22,23,24,25,26,27,28,29,30,31,32,33,34,35,36,37,38,39,40,41,42,43,44,45,46,47,48,49,50,51,52,53,54,55,56,57,58,59,60,61,62,63,64,65,66,67,68,69,70,71,72,73,74,75,76,77,78,79,80,81,82,83,84,85,86,87,88,89,90,91,92,93,94,95,96,97,98,99,100,101,102,103,104,105,106,107,108,109,110,111,112,113,114,115,116,117,118,119,120,121,122,123,124,125,126,127","0.000692129135131836","fast_greedy","edit-xhwikibooks.graphml"
"0.88","0.12","0","0","1,1,1,2,3,4,5,6,7,8,9,10,11,12,13,14,15,16,17,18,19,20,21,22,23,24,25,26,27,28,29,30,31,32,33,34,35,36,37,38,39,40,41,42,43,44,45,46,47,48,49,50,51,52,53,54,55,56,57,58,59,60,61,62,63,64,65,66,67,68,69,70,71,72,73,74,75,76,77,78,79,80,81,82,83,84,85,86,87,88,89,90,91,92,93,94,95,96,97,98,99,100,101,102,103,104,105,106,107,108,109,110,111,112,113,114,115,116,117,118,119,120,121,122,123,124,125,126,127","0.000847101211547852","fast_greedy","edit-xhwikibooks.graphml"
"0.87","0.13","0","0","1,1,1,2,3,4,5,6,7,8,9,10,11,12,13,14,15,16,17,18,19,20,21,22,23,24,25,26,27,28,29,30,31,32,33,34,35,36,37,38,39,40,41,42,43,44,45,46,47,48,49,50,51,52,53,54,55,56,57,58,59,60,61,62,63,64,65,66,67,68,69,70,71,72,73,74,75,76,77,78,79,80,81,82,83,84,85,86,87,88,89,90,91,92,93,94,95,96,97,98,99,100,101,102,103,104,105,106,107,108,109,110,111,112,113,114,115,116,117,118,119,120,121,122,123,124,125,126,127","0.000993013381958008","fast_greedy","edit-xhwikibooks.graphml"
"0.86","0.14","0","0","1,1,1,2,3,4,5,6,7,8,9,10,11,12,13,14,15,16,17,18,19,20,21,22,23,24,25,26,27,28,29,30,31,32,33,34,35,36,37,38,39,40,41,42,43,44,45,46,47,48,49,50,51,52,53,54,55,56,57,58,59,60,61,62,63,64,65,66,67,68,69,70,71,72,73,74,75,76,77,78,79,80,81,82,83,84,85,86,87,88,89,90,91,92,93,94,95,96,97,98,99,100,101,102,103,104,105,106,107,108,109,110,111,112,113,114,115,116,117,118,119,120,121,122,123,124,125,126,127","0.00067901611328125","fast_greedy","edit-xhwikibooks.graphml"
"0.85","0.15","0","0","1,1,1,2,3,4,5,6,7,8,9,10,11,12,13,14,15,16,17,18,19,20,21,22,23,24,25,26,27,28,29,30,31,32,33,34,35,36,37,38,39,40,41,42,43,44,45,46,47,48,49,50,51,52,53,54,55,56,57,58,59,60,61,62,63,64,65,66,67,68,69,70,71,72,73,74,75,76,77,78,79,80,81,82,83,84,85,86,87,88,89,90,91,92,93,94,95,96,97,98,99,100,101,102,103,104,105,106,107,108,109,110,111,112,113,114,115,116,117,118,119,120,121,122,123,124,125,126,127","0.00077509880065918","fast_greedy","edit-xhwikibooks.graphml"
"0.84","0.16","0","0","1,1,1,2,3,4,5,6,7,8,9,10,11,12,13,14,15,16,17,18,19,20,21,22,23,24,25,26,27,28,29,30,31,32,33,34,35,36,37,38,39,40,41,42,43,44,45,46,47,48,49,50,51,52,53,54,55,56,57,58,59,60,61,62,63,64,65,66,67,68,69,70,71,72,73,74,75,76,77,78,79,80,81,82,83,84,85,86,87,88,89,90,91,92,93,94,95,96,97,98,99,100,101,102,103,104,105,106,107,108,109,110,111,112,113,114,115,116,117,118,119,120,121,122,123,124,125,126,127","0.00108814239501953","fast_greedy","edit-xhwikibooks.graphml"
"0.83","0.17","0","0.444444444444444","1,1,1,3,4,5,6,7,8,9,10,11,12,13,14,15,16,17,18,19,20,21,22,23,24,25,26,27,28,29,30,31,32,33,2,2,34,35,36,37,38,39,40,41,42,43,44,45,46,47,48,49,50,51,52,53,54,55,56,57,58,59,60,61,62,63,64,65,66,67,68,69,70,71,72,73,74,75,76,77,78,79,80,81,82,83,84,85,86,87,88,89,90,91,92,93,94,95,96,97,98,99,100,101,102,103,104,105,106,107,108,109,110,111,112,113,114,115,116,117,118,119,120,121,122,123,124,125,126","0.000763893127441406","fast_greedy","edit-xhwikibooks.graphml"
"0.82","0.18","0","0.444444444444444","1,1,1,3,4,5,6,7,8,9,10,11,12,13,14,15,16,17,18,19,20,21,22,23,24,25,26,27,28,29,30,31,32,33,2,2,34,35,36,37,38,39,40,41,42,43,44,45,46,47,48,49,50,51,52,53,54,55,56,57,58,59,60,61,62,63,64,65,66,67,68,69,70,71,72,73,74,75,76,77,78,79,80,81,82,83,84,85,86,87,88,89,90,91,92,93,94,95,96,97,98,99,100,101,102,103,104,105,106,107,108,109,110,111,112,113,114,115,116,117,118,119,120,121,122,123,124,125,126","0.000652790069580078","fast_greedy","edit-xhwikibooks.graphml"
"0.81","0.19","0","0.444444444444444","1,1,1,3,4,5,6,7,8,9,10,11,12,13,14,15,16,17,18,19,20,21,22,23,24,25,26,27,28,29,30,31,32,33,2,2,34,35,36,37,38,39,40,41,42,43,44,45,46,47,48,49,50,51,52,53,54,55,56,57,58,59,60,61,62,63,64,65,66,67,68,69,70,71,72,73,74,75,76,77,78,79,80,81,82,83,84,85,86,87,88,89,90,91,92,93,94,95,96,97,98,99,100,101,102,103,104,105,106,107,108,109,110,111,112,113,114,115,116,117,118,119,120,121,122,123,124,125,126","0.000669002532958984","fast_greedy","edit-xhwikibooks.graphml"
"0.8","0.2","0","0.444444444444444","1,1,1,3,4,5,6,7,8,9,10,11,12,13,14,15,16,17,18,19,20,21,22,23,24,25,26,27,28,29,30,31,32,33,2,2,34,35,36,37,38,39,40,41,42,43,44,45,46,47,48,49,50,51,52,53,54,55,56,57,58,59,60,61,62,63,64,65,66,67,68,69,70,71,72,73,74,75,76,77,78,79,80,81,82,83,84,85,86,87,88,89,90,91,92,93,94,95,96,97,98,99,100,101,102,103,104,105,106,107,108,109,110,111,112,113,114,115,116,117,118,119,120,121,122,123,124,125,126","0.000667810440063477","fast_greedy","edit-xhwikibooks.graphml"
"0.79","0.21","0","0.444444444444444","1,1,1,3,4,5,6,7,8,9,10,11,12,13,14,15,16,17,18,19,20,21,22,23,24,25,26,27,28,29,30,31,32,33,2,2,34,35,36,37,38,39,40,41,42,43,44,45,46,47,48,49,50,51,52,53,54,55,56,57,58,59,60,61,62,63,64,65,66,67,68,69,70,71,72,73,74,75,76,77,78,79,80,81,82,83,84,85,86,87,88,89,90,91,92,93,94,95,96,97,98,99,100,101,102,103,104,105,106,107,108,109,110,111,112,113,114,115,116,117,118,119,120,121,122,123,124,125,126","0.000657081604003906","fast_greedy","edit-xhwikibooks.graphml"
"0.78","0.22","0","0.444444444444444","1,1,1,3,4,5,6,7,8,9,10,11,12,13,14,15,16,17,18,19,20,21,22,23,24,25,26,27,28,29,30,31,32,33,2,2,34,35,36,37,38,39,40,41,42,43,44,45,46,47,48,49,50,51,52,53,54,55,56,57,58,59,60,61,62,63,64,65,66,67,68,69,70,71,72,73,74,75,76,77,78,79,80,81,82,83,84,85,86,87,88,89,90,91,92,93,94,95,96,97,98,99,100,101,102,103,104,105,106,107,108,109,110,111,112,113,114,115,116,117,118,119,120,121,122,123,124,125,126","0.000668048858642578","fast_greedy","edit-xhwikibooks.graphml"
"0.77","0.23","0","0.444444444444444","1,1,1,3,4,5,6,7,8,9,10,11,12,13,14,15,16,17,18,19,20,21,22,23,24,25,26,27,28,29,30,31,32,33,2,2,34,35,36,37,38,39,40,41,42,43,44,45,46,47,48,49,50,51,52,53,54,55,56,57,58,59,60,61,62,63,64,65,66,67,68,69,70,71,72,73,74,75,76,77,78,79,80,81,82,83,84,85,86,87,88,89,90,91,92,93,94,95,96,97,98,99,100,101,102,103,104,105,106,107,108,109,110,111,112,113,114,115,116,117,118,119,120,121,122,123,124,125,126","0.000665903091430664","fast_greedy","edit-xhwikibooks.graphml"
"0.76","0.24","0","0.444444444444444","1,1,1,3,4,5,6,7,8,9,10,11,12,13,14,15,16,17,18,19,20,21,22,23,24,25,26,27,28,29,30,31,32,33,2,2,34,35,36,37,38,39,40,41,42,43,44,45,46,47,48,49,50,51,52,53,54,55,56,57,58,59,60,61,62,63,64,65,66,67,68,69,70,71,72,73,74,75,76,77,78,79,80,81,82,83,84,85,86,87,88,89,90,91,92,93,94,95,96,97,98,99,100,101,102,103,104,105,106,107,108,109,110,111,112,113,114,115,116,117,118,119,120,121,122,123,124,125,126","0.000642061233520508","fast_greedy","edit-xhwikibooks.graphml"
"0.75","0.25","0","0.444444444444444","1,1,1,3,4,5,6,7,8,9,10,11,12,13,14,15,16,17,18,19,20,21,22,23,24,25,26,27,28,29,30,31,32,33,2,2,34,35,36,37,38,39,40,41,42,43,44,45,46,47,48,49,50,51,52,53,54,55,56,57,58,59,60,61,62,63,64,65,66,67,68,69,70,71,72,73,74,75,76,77,78,79,80,81,82,83,84,85,86,87,88,89,90,91,92,93,94,95,96,97,98,99,100,101,102,103,104,105,106,107,108,109,110,111,112,113,114,115,116,117,118,119,120,121,122,123,124,125,126","0.000674962997436523","fast_greedy","edit-xhwikibooks.graphml"
"0.74","0.26","0","0.444444444444444","1,1,1,3,4,5,6,7,8,9,10,11,12,13,14,15,16,17,18,19,20,21,22,23,24,25,26,27,28,29,30,31,32,33,2,2,34,35,36,37,38,39,40,41,42,43,44,45,46,47,48,49,50,51,52,53,54,55,56,57,58,59,60,61,62,63,64,65,66,67,68,69,70,71,72,73,74,75,76,77,78,79,80,81,82,83,84,85,86,87,88,89,90,91,92,93,94,95,96,97,98,99,100,101,102,103,104,105,106,107,108,109,110,111,112,113,114,115,116,117,118,119,120,121,122,123,124,125,126","0.000649929046630859","fast_greedy","edit-xhwikibooks.graphml"
"0.73","0.27","0","0.444444444444444","1,1,1,3,4,5,6,7,8,9,10,11,12,13,14,15,16,17,18,19,20,21,22,23,24,25,26,27,28,29,30,31,32,33,2,2,34,35,36,37,38,39,40,41,42,43,44,45,46,47,48,49,50,51,52,53,54,55,56,57,58,59,60,61,62,63,64,65,66,67,68,69,70,71,72,73,74,75,76,77,78,79,80,81,82,83,84,85,86,87,88,89,90,91,92,93,94,95,96,97,98,99,100,101,102,103,104,105,106,107,108,109,110,111,112,113,114,115,116,117,118,119,120,121,122,123,124,125,126","0.000684976577758789","fast_greedy","edit-xhwikibooks.graphml"
"0.72","0.28","0","0.444444444444444","1,1,1,3,4,5,6,7,8,9,10,11,12,13,14,15,16,17,18,19,20,21,22,23,24,25,26,27,28,29,30,31,32,33,2,2,34,35,36,37,38,39,40,41,42,43,44,45,46,47,48,49,50,51,52,53,54,55,56,57,58,59,60,61,62,63,64,65,66,67,68,69,70,71,72,73,74,75,76,77,78,79,80,81,82,83,84,85,86,87,88,89,90,91,92,93,94,95,96,97,98,99,100,101,102,103,104,105,106,107,108,109,110,111,112,113,114,115,116,117,118,119,120,121,122,123,124,125,126","0.000662088394165039","fast_greedy","edit-xhwikibooks.graphml"
"0.71","0.29","0","0.444444444444444","1,1,1,3,4,5,6,7,8,9,10,11,12,13,14,15,16,17,18,19,20,21,22,23,24,25,26,27,28,29,30,31,32,33,2,2,34,35,36,37,38,39,40,41,42,43,44,45,46,47,48,49,50,51,52,53,54,55,56,57,58,59,60,61,62,63,64,65,66,67,68,69,70,71,72,73,74,75,76,77,78,79,80,81,82,83,84,85,86,87,88,89,90,91,92,93,94,95,96,97,98,99,100,101,102,103,104,105,106,107,108,109,110,111,112,113,114,115,116,117,118,119,120,121,122,123,124,125,126","0.000865936279296875","fast_greedy","edit-xhwikibooks.graphml"
"0.7","0.3","0","0.444444444444444","1,1,1,3,4,5,6,7,8,9,10,11,12,13,14,15,16,17,18,19,20,21,22,23,24,25,26,27,28,29,30,31,32,33,2,2,34,35,36,37,38,39,40,41,42,43,44,45,46,47,48,49,50,51,52,53,54,55,56,57,58,59,60,61,62,63,64,65,66,67,68,69,70,71,72,73,74,75,76,77,78,79,80,81,82,83,84,85,86,87,88,89,90,91,92,93,94,95,96,97,98,99,100,101,102,103,104,105,106,107,108,109,110,111,112,113,114,115,116,117,118,119,120,121,122,123,124,125,126","0.000692844390869141","fast_greedy","edit-xhwikibooks.graphml"
"0.69","0.31","0","0.444444444444444","1,1,1,3,4,5,6,7,8,9,10,11,12,13,14,15,16,17,18,19,20,21,22,23,24,25,26,27,28,29,30,31,32,33,2,2,34,35,36,37,38,39,40,41,42,43,44,45,46,47,48,49,50,51,52,53,54,55,56,57,58,59,60,61,62,63,64,65,66,67,68,69,70,71,72,73,74,75,76,77,78,79,80,81,82,83,84,85,86,87,88,89,90,91,92,93,94,95,96,97,98,99,100,101,102,103,104,105,106,107,108,109,110,111,112,113,114,115,116,117,118,119,120,121,122,123,124,125,126","0.000681877136230469","fast_greedy","edit-xhwikibooks.graphml"
"0.68","0.32","0","0.444444444444444","1,1,1,3,4,5,6,7,8,9,10,11,12,13,14,15,16,17,18,19,20,21,22,23,24,25,26,27,28,29,30,31,32,33,2,2,34,35,36,37,38,39,40,41,42,43,44,45,46,47,48,49,50,51,52,53,54,55,56,57,58,59,60,61,62,63,64,65,66,67,68,69,70,71,72,73,74,75,76,77,78,79,80,81,82,83,84,85,86,87,88,89,90,91,92,93,94,95,96,97,98,99,100,101,102,103,104,105,106,107,108,109,110,111,112,113,114,115,116,117,118,119,120,121,122,123,124,125,126","0.000698089599609375","fast_greedy","edit-xhwikibooks.graphml"
"0.67","0.33","0","0.444444444444444","1,1,1,3,4,5,6,7,8,9,10,11,12,13,14,15,16,17,18,19,20,21,22,23,24,25,26,27,28,29,30,31,32,33,2,2,34,35,36,37,38,39,40,41,42,43,44,45,46,47,48,49,50,51,52,53,54,55,56,57,58,59,60,61,62,63,64,65,66,67,68,69,70,71,72,73,74,75,76,77,78,79,80,81,82,83,84,85,86,87,88,89,90,91,92,93,94,95,96,97,98,99,100,101,102,103,104,105,106,107,108,109,110,111,112,113,114,115,116,117,118,119,120,121,122,123,124,125,126","0.000641107559204102","fast_greedy","edit-xhwikibooks.graphml"
"0.66","0.34","0","0.625","1,1,1,4,5,6,7,8,9,10,11,12,13,3,3,14,15,16,17,18,19,20,21,22,23,24,25,26,27,28,29,30,31,32,2,2,33,34,35,36,37,38,39,40,41,42,43,44,45,46,47,48,49,50,51,52,53,54,55,56,57,58,59,60,61,62,63,64,65,66,67,68,69,70,71,72,73,74,75,76,77,78,79,80,81,82,83,84,85,86,87,88,89,90,91,92,93,94,95,96,97,98,99,100,101,102,103,104,105,106,107,108,109,110,111,112,113,114,115,116,117,118,119,120,121,122,123,124,125","0.000663995742797852","fast_greedy","edit-xhwikibooks.graphml"
"0.65","0.35","0","0.625","1,1,1,4,5,6,7,8,9,10,11,12,13,3,3,14,15,16,17,18,19,20,21,22,23,24,25,26,27,28,29,30,31,32,2,2,33,34,35,36,37,38,39,40,41,42,43,44,45,46,47,48,49,50,51,52,53,54,55,56,57,58,59,60,61,62,63,64,65,66,67,68,69,70,71,72,73,74,75,76,77,78,79,80,81,82,83,84,85,86,87,88,89,90,91,92,93,94,95,96,97,98,99,100,101,102,103,104,105,106,107,108,109,110,111,112,113,114,115,116,117,118,119,120,121,122,123,124,125","0.000665903091430664","fast_greedy","edit-xhwikibooks.graphml"
"0.64","0.36","0","0.625","1,1,1,4,5,6,7,8,9,10,11,12,13,3,3,14,15,16,17,18,19,20,21,22,23,24,25,26,27,28,29,30,31,32,2,2,33,34,35,36,37,38,39,40,41,42,43,44,45,46,47,48,49,50,51,52,53,54,55,56,57,58,59,60,61,62,63,64,65,66,67,68,69,70,71,72,73,74,75,76,77,78,79,80,81,82,83,84,85,86,87,88,89,90,91,92,93,94,95,96,97,98,99,100,101,102,103,104,105,106,107,108,109,110,111,112,113,114,115,116,117,118,119,120,121,122,123,124,125","0.000672101974487305","fast_greedy","edit-xhwikibooks.graphml"
"0.63","0.37","0","0.625","1,1,1,4,5,6,7,8,9,10,11,12,13,3,3,14,15,16,17,18,19,20,21,22,23,24,25,26,27,28,29,30,31,32,2,2,33,34,35,36,37,38,39,40,41,42,43,44,45,46,47,48,49,50,51,52,53,54,55,56,57,58,59,60,61,62,63,64,65,66,67,68,69,70,71,72,73,74,75,76,77,78,79,80,81,82,83,84,85,86,87,88,89,90,91,92,93,94,95,96,97,98,99,100,101,102,103,104,105,106,107,108,109,110,111,112,113,114,115,116,117,118,119,120,121,122,123,124,125","0.000732898712158203","fast_greedy","edit-xhwikibooks.graphml"
"0.62","0.38","0","0.625","1,1,1,4,5,6,7,8,9,10,11,12,13,3,3,14,15,16,17,18,19,20,21,22,23,24,25,26,27,28,29,30,31,32,2,2,33,34,35,36,37,38,39,40,41,42,43,44,45,46,47,48,49,50,51,52,53,54,55,56,57,58,59,60,61,62,63,64,65,66,67,68,69,70,71,72,73,74,75,76,77,78,79,80,81,82,83,84,85,86,87,88,89,90,91,92,93,94,95,96,97,98,99,100,101,102,103,104,105,106,107,108,109,110,111,112,113,114,115,116,117,118,119,120,121,122,123,124,125","0.0010688304901123","fast_greedy","edit-xhwikibooks.graphml"
"0.61","0.39","0","0.625","1,1,1,4,5,6,7,8,9,10,11,12,13,3,3,14,15,16,17,18,19,20,21,22,23,24,25,26,27,28,29,30,31,32,2,2,33,34,35,36,37,38,39,40,41,42,43,44,45,46,47,48,49,50,51,52,53,54,55,56,57,58,59,60,61,62,63,64,65,66,67,68,69,70,71,72,73,74,75,76,77,78,79,80,81,82,83,84,85,86,87,88,89,90,91,92,93,94,95,96,97,98,99,100,101,102,103,104,105,106,107,108,109,110,111,112,113,114,115,116,117,118,119,120,121,122,123,124,125","0.00117206573486328","fast_greedy","edit-xhwikibooks.graphml"
"0.6","0.4","0","0.625","1,1,1,4,5,6,7,8,9,10,11,12,13,3,3,14,15,16,17,18,19,20,21,22,23,24,25,26,27,28,29,30,31,32,2,2,33,34,35,36,37,38,39,40,41,42,43,44,45,46,47,48,49,50,51,52,53,54,55,56,57,58,59,60,61,62,63,64,65,66,67,68,69,70,71,72,73,74,75,76,77,78,79,80,81,82,83,84,85,86,87,88,89,90,91,92,93,94,95,96,97,98,99,100,101,102,103,104,105,106,107,108,109,110,111,112,113,114,115,116,117,118,119,120,121,122,123,124,125","0.00102877616882324","fast_greedy","edit-xhwikibooks.graphml"
"0.59","0.41","0","0.625","1,1,1,4,5,6,7,8,9,10,11,12,13,3,3,14,15,16,17,18,19,20,21,22,23,24,25,26,27,28,29,30,31,32,2,2,33,34,35,36,37,38,39,40,41,42,43,44,45,46,47,48,49,50,51,52,53,54,55,56,57,58,59,60,61,62,63,64,65,66,67,68,69,70,71,72,73,74,75,76,77,78,79,80,81,82,83,84,85,86,87,88,89,90,91,92,93,94,95,96,97,98,99,100,101,102,103,104,105,106,107,108,109,110,111,112,113,114,115,116,117,118,119,120,121,122,123,124,125","0.00127506256103516","fast_greedy","edit-xhwikibooks.graphml"
"0.58","0.42","0","0.625","1,1,1,4,5,6,7,8,9,10,11,12,13,3,3,14,15,16,17,18,19,20,21,22,23,24,25,26,27,28,29,30,31,32,2,2,33,34,35,36,37,38,39,40,41,42,43,44,45,46,47,48,49,50,51,52,53,54,55,56,57,58,59,60,61,62,63,64,65,66,67,68,69,70,71,72,73,74,75,76,77,78,79,80,81,82,83,84,85,86,87,88,89,90,91,92,93,94,95,96,97,98,99,100,101,102,103,104,105,106,107,108,109,110,111,112,113,114,115,116,117,118,119,120,121,122,123,124,125","0.000835895538330078","fast_greedy","edit-xhwikibooks.graphml"
"0.57","0.43","0","0.625","1,1,1,4,5,6,7,8,9,10,11,12,13,3,3,14,15,16,17,18,19,20,21,22,23,24,25,26,27,28,29,30,31,32,2,2,33,34,35,36,37,38,39,40,41,42,43,44,45,46,47,48,49,50,51,52,53,54,55,56,57,58,59,60,61,62,63,64,65,66,67,68,69,70,71,72,73,74,75,76,77,78,79,80,81,82,83,84,85,86,87,88,89,90,91,92,93,94,95,96,97,98,99,100,101,102,103,104,105,106,107,108,109,110,111,112,113,114,115,116,117,118,119,120,121,122,123,124,125","0.000782012939453125","fast_greedy","edit-xhwikibooks.graphml"
"0.56","0.44","0","0.625","1,1,1,4,5,6,7,8,9,10,11,12,13,3,3,14,15,16,17,18,19,20,21,22,23,24,25,26,27,28,29,30,31,32,2,2,33,34,35,36,37,38,39,40,41,42,43,44,45,46,47,48,49,50,51,52,53,54,55,56,57,58,59,60,61,62,63,64,65,66,67,68,69,70,71,72,73,74,75,76,77,78,79,80,81,82,83,84,85,86,87,88,89,90,91,92,93,94,95,96,97,98,99,100,101,102,103,104,105,106,107,108,109,110,111,112,113,114,115,116,117,118,119,120,121,122,123,124,125","0.000792026519775391","fast_greedy","edit-xhwikibooks.graphml"
"0.55","0.45","0","0.625","1,1,1,4,5,6,7,8,9,10,11,12,13,3,3,14,15,16,17,18,19,20,21,22,23,24,25,26,27,28,29,30,31,32,2,2,33,34,35,36,37,38,39,40,41,42,43,44,45,46,47,48,49,50,51,52,53,54,55,56,57,58,59,60,61,62,63,64,65,66,67,68,69,70,71,72,73,74,75,76,77,78,79,80,81,82,83,84,85,86,87,88,89,90,91,92,93,94,95,96,97,98,99,100,101,102,103,104,105,106,107,108,109,110,111,112,113,114,115,116,117,118,119,120,121,122,123,124,125","0.000691890716552734","fast_greedy","edit-xhwikibooks.graphml"
"0.54","0.46","0","0.625","1,1,1,4,5,6,7,8,9,10,11,12,13,3,3,14,15,16,17,18,19,20,21,22,23,24,25,26,27,28,29,30,31,32,2,2,33,34,35,36,37,38,39,40,41,42,43,44,45,46,47,48,49,50,51,52,53,54,55,56,57,58,59,60,61,62,63,64,65,66,67,68,69,70,71,72,73,74,75,76,77,78,79,80,81,82,83,84,85,86,87,88,89,90,91,92,93,94,95,96,97,98,99,100,101,102,103,104,105,106,107,108,109,110,111,112,113,114,115,116,117,118,119,120,121,122,123,124,125","0.00067591667175293","fast_greedy","edit-xhwikibooks.graphml"
"0.53","0.47","0","0.625","1,1,1,4,5,6,7,8,9,10,11,12,13,3,3,14,15,16,17,18,19,20,21,22,23,24,25,26,27,28,29,30,31,32,2,2,33,34,35,36,37,38,39,40,41,42,43,44,45,46,47,48,49,50,51,52,53,54,55,56,57,58,59,60,61,62,63,64,65,66,67,68,69,70,71,72,73,74,75,76,77,78,79,80,81,82,83,84,85,86,87,88,89,90,91,92,93,94,95,96,97,98,99,100,101,102,103,104,105,106,107,108,109,110,111,112,113,114,115,116,117,118,119,120,121,122,123,124,125","0.000697135925292969","fast_greedy","edit-xhwikibooks.graphml"
"0.52","0.48","0","0.625","1,1,1,4,5,6,7,8,9,10,11,12,13,3,3,14,15,16,17,18,19,20,21,22,23,24,25,26,27,28,29,30,31,32,2,2,33,34,35,36,37,38,39,40,41,42,43,44,45,46,47,48,49,50,51,52,53,54,55,56,57,58,59,60,61,62,63,64,65,66,67,68,69,70,71,72,73,74,75,76,77,78,79,80,81,82,83,84,85,86,87,88,89,90,91,92,93,94,95,96,97,98,99,100,101,102,103,104,105,106,107,108,109,110,111,112,113,114,115,116,117,118,119,120,121,122,123,124,125","0.000664949417114258","fast_greedy","edit-xhwikibooks.graphml"
"0.51","0.49","0","0.625","1,1,1,4,5,6,7,8,9,10,11,12,13,3,3,14,15,16,17,18,19,20,21,22,23,24,25,26,27,28,29,30,31,32,2,2,33,34,35,36,37,38,39,40,41,42,43,44,45,46,47,48,49,50,51,52,53,54,55,56,57,58,59,60,61,62,63,64,65,66,67,68,69,70,71,72,73,74,75,76,77,78,79,80,81,82,83,84,85,86,87,88,89,90,91,92,93,94,95,96,97,98,99,100,101,102,103,104,105,106,107,108,109,110,111,112,113,114,115,116,117,118,119,120,121,122,123,124,125","0.000715017318725586","fast_greedy","edit-xhwikibooks.graphml"
"0.5","0.5","0","0.576388888888889","4,4,4,7,8,9,10,6,11,12,13,14,3,3,3,15,16,17,18,19,20,21,22,6,2,2,2,23,24,25,26,27,28,29,5,5,30,31,32,33,34,35,36,37,38,39,40,41,42,43,44,45,46,47,48,49,50,51,52,53,54,55,56,57,58,59,60,61,62,63,64,65,66,67,68,69,70,71,72,73,74,75,76,77,78,79,80,81,82,83,84,85,86,87,88,89,90,91,92,93,94,95,96,97,98,99,100,101,102,103,104,105,106,1,107,108,1,1,1,1,1,109,110,111,112,113,114,115,116","0.000715970993041992","fast_greedy","edit-xhwikibooks.graphml"
"0.49","0.51","0","0.576388888888889","4,4,4,7,8,9,10,6,11,12,13,14,3,3,3,15,16,17,18,19,20,21,22,6,2,2,2,23,24,25,26,27,28,29,5,5,30,31,32,33,34,35,36,37,38,39,40,41,42,43,44,45,46,47,48,49,50,51,52,53,54,55,56,57,58,59,60,61,62,63,64,65,66,67,68,69,70,71,72,73,74,75,76,77,78,79,80,81,82,83,84,85,86,87,88,89,90,91,92,93,94,95,96,97,98,99,100,101,102,103,104,105,106,1,107,108,1,1,1,1,1,109,110,111,112,113,114,115,116","0.00070500373840332","fast_greedy","edit-xhwikibooks.graphml"
"0.48","0.52","0","0.576388888888889","4,4,4,7,8,9,10,6,11,12,13,14,3,3,3,15,16,17,18,19,20,21,22,6,2,2,2,23,24,25,26,27,28,29,5,5,30,31,32,33,34,35,36,37,38,39,40,41,42,43,44,45,46,47,48,49,50,51,52,53,54,55,56,57,58,59,60,61,62,63,64,65,66,67,68,69,70,71,72,73,74,75,76,77,78,79,80,81,82,83,84,85,86,87,88,89,90,91,92,93,94,95,96,97,98,99,100,101,102,103,104,105,106,1,107,108,1,1,1,1,1,109,110,111,112,113,114,115,116","0.000723123550415039","fast_greedy","edit-xhwikibooks.graphml"
"0.47","0.53","0","0.576388888888889","4,4,4,7,8,9,10,6,11,12,13,14,3,3,3,15,16,17,18,19,20,21,22,6,2,2,2,23,24,25,26,27,28,29,5,5,30,31,32,33,34,35,36,37,38,39,40,41,42,43,44,45,46,47,48,49,50,51,52,53,54,55,56,57,58,59,60,61,62,63,64,65,66,67,68,69,70,71,72,73,74,75,76,77,78,79,80,81,82,83,84,85,86,87,88,89,90,91,92,93,94,95,96,97,98,99,100,101,102,103,104,105,106,1,107,108,1,1,1,1,1,109,110,111,112,113,114,115,116","0.000712871551513672","fast_greedy","edit-xhwikibooks.graphml"
"0.46","0.54","0","0.576388888888889","4,4,4,7,8,9,10,6,11,12,13,14,3,3,3,15,16,17,18,19,20,21,22,6,2,2,2,23,24,25,26,27,28,29,5,5,30,31,32,33,34,35,36,37,38,39,40,41,42,43,44,45,46,47,48,49,50,51,52,53,54,55,56,57,58,59,60,61,62,63,64,65,66,67,68,69,70,71,72,73,74,75,76,77,78,79,80,81,82,83,84,85,86,87,88,89,90,91,92,93,94,95,96,97,98,99,100,101,102,103,104,105,106,1,107,108,1,1,1,1,1,109,110,111,112,113,114,115,116","0.000691890716552734","fast_greedy","edit-xhwikibooks.graphml"
"0.45","0.55","0","0.576388888888889","4,4,4,7,8,9,10,6,11,12,13,14,3,3,3,15,16,17,18,19,20,21,22,6,2,2,2,23,24,25,26,27,28,29,5,5,30,31,32,33,34,35,36,37,38,39,40,41,42,43,44,45,46,47,48,49,50,51,52,53,54,55,56,57,58,59,60,61,62,63,64,65,66,67,68,69,70,71,72,73,74,75,76,77,78,79,80,81,82,83,84,85,86,87,88,89,90,91,92,93,94,95,96,97,98,99,100,101,102,103,104,105,106,1,107,108,1,1,1,1,1,109,110,111,112,113,114,115,116","0.000685930252075195","fast_greedy","edit-xhwikibooks.graphml"
"0.44","0.56","0","0.576388888888889","4,4,4,7,8,9,10,6,11,12,13,14,3,3,3,15,16,17,18,19,20,21,22,6,2,2,2,23,24,25,26,27,28,29,5,5,30,31,32,33,34,35,36,37,38,39,40,41,42,43,44,45,46,47,48,49,50,51,52,53,54,55,56,57,58,59,60,61,62,63,64,65,66,67,68,69,70,71,72,73,74,75,76,77,78,79,80,81,82,83,84,85,86,87,88,89,90,91,92,93,94,95,96,97,98,99,100,101,102,103,104,105,106,1,107,108,1,1,1,1,1,109,110,111,112,113,114,115,116","0.000717878341674805","fast_greedy","edit-xhwikibooks.graphml"
"0.43","0.57","0","0.576388888888889","4,4,4,7,8,9,10,6,11,12,13,14,3,3,3,15,16,17,18,19,20,21,22,6,2,2,2,23,24,25,26,27,28,29,5,5,30,31,32,33,34,35,36,37,38,39,40,41,42,43,44,45,46,47,48,49,50,51,52,53,54,55,56,57,58,59,60,61,62,63,64,65,66,67,68,69,70,71,72,73,74,75,76,77,78,79,80,81,82,83,84,85,86,87,88,89,90,91,92,93,94,95,96,97,98,99,100,101,102,103,104,105,106,1,107,108,1,1,1,1,1,109,110,111,112,113,114,115,116","0.000699996948242188","fast_greedy","edit-xhwikibooks.graphml"
"0.42","0.58","0","0.576388888888889","4,4,4,7,8,9,10,6,11,12,13,14,3,3,3,15,16,17,18,19,20,21,22,6,2,2,2,23,24,25,26,27,28,29,5,5,30,31,32,33,34,35,36,37,38,39,40,41,42,43,44,45,46,47,48,49,50,51,52,53,54,55,56,57,58,59,60,61,62,63,64,65,66,67,68,69,70,71,72,73,74,75,76,77,78,79,80,81,82,83,84,85,86,87,88,89,90,91,92,93,94,95,96,97,98,99,100,101,102,103,104,105,106,1,107,108,1,1,1,1,1,109,110,111,112,113,114,115,116","0.000688076019287109","fast_greedy","edit-xhwikibooks.graphml"
"0.41","0.59","0","0.576388888888889","4,4,4,7,8,9,10,6,11,12,13,14,3,3,3,15,16,17,18,19,20,21,22,6,2,2,2,23,24,25,26,27,28,29,5,5,30,31,32,33,34,35,36,37,38,39,40,41,42,43,44,45,46,47,48,49,50,51,52,53,54,55,56,57,58,59,60,61,62,63,64,65,66,67,68,69,70,71,72,73,74,75,76,77,78,79,80,81,82,83,84,85,86,87,88,89,90,91,92,93,94,95,96,97,98,99,100,101,102,103,104,105,106,1,107,108,1,1,1,1,1,109,110,111,112,113,114,115,116","0.000782012939453125","fast_greedy","edit-xhwikibooks.graphml"
"0.4","0.6","0","0.576388888888889","4,4,4,7,8,9,10,6,11,12,13,14,3,3,3,15,16,17,18,19,20,21,22,6,2,2,2,23,24,25,26,27,28,29,5,5,30,31,32,33,34,35,36,37,38,39,40,41,42,43,44,45,46,47,48,49,50,51,52,53,54,55,56,57,58,59,60,61,62,63,64,65,66,67,68,69,70,71,72,73,74,75,76,77,78,79,80,81,82,83,84,85,86,87,88,89,90,91,92,93,94,95,96,97,98,99,100,101,102,103,104,105,106,1,107,108,1,1,1,1,1,109,110,111,112,113,114,115,116","0.000923871994018555","fast_greedy","edit-xhwikibooks.graphml"
"0.39","0.61","0","0.576388888888889","4,4,4,7,8,9,10,6,11,12,13,14,3,3,3,15,16,17,18,19,20,21,22,6,2,2,2,23,24,25,26,27,28,29,5,5,30,31,32,33,34,35,36,37,38,39,40,41,42,43,44,45,46,47,48,49,50,51,52,53,54,55,56,57,58,59,60,61,62,63,64,65,66,67,68,69,70,71,72,73,74,75,76,77,78,79,80,81,82,83,84,85,86,87,88,89,90,91,92,93,94,95,96,97,98,99,100,101,102,103,104,105,106,1,107,108,1,1,1,1,1,109,110,111,112,113,114,115,116","0.000705957412719727","fast_greedy","edit-xhwikibooks.graphml"
"0.38","0.62","0","0.576388888888889","4,4,4,7,8,9,10,6,11,12,13,14,3,3,3,15,16,17,18,19,20,21,22,6,2,2,2,23,24,25,26,27,28,29,5,5,30,31,32,33,34,35,36,37,38,39,40,41,42,43,44,45,46,47,48,49,50,51,52,53,54,55,56,57,58,59,60,61,62,63,64,65,66,67,68,69,70,71,72,73,74,75,76,77,78,79,80,81,82,83,84,85,86,87,88,89,90,91,92,93,94,95,96,97,98,99,100,101,102,103,104,105,106,1,107,108,1,1,1,1,1,109,110,111,112,113,114,115,116","0.000694036483764648","fast_greedy","edit-xhwikibooks.graphml"
"0.37","0.63","0","0.576388888888889","4,4,4,7,8,9,10,6,11,12,13,14,3,3,3,15,16,17,18,19,20,21,22,6,2,2,2,23,24,25,26,27,28,29,5,5,30,31,32,33,34,35,36,37,38,39,40,41,42,43,44,45,46,47,48,49,50,51,52,53,54,55,56,57,58,59,60,61,62,63,64,65,66,67,68,69,70,71,72,73,74,75,76,77,78,79,80,81,82,83,84,85,86,87,88,89,90,91,92,93,94,95,96,97,98,99,100,101,102,103,104,105,106,1,107,108,1,1,1,1,1,109,110,111,112,113,114,115,116","0.000684022903442383","fast_greedy","edit-xhwikibooks.graphml"
"0.36","0.64","0","0.576388888888889","4,4,4,7,8,9,10,6,11,12,13,14,3,3,3,15,16,17,18,19,20,21,22,6,2,2,2,23,24,25,26,27,28,29,5,5,30,31,32,33,34,35,36,37,38,39,40,41,42,43,44,45,46,47,48,49,50,51,52,53,54,55,56,57,58,59,60,61,62,63,64,65,66,67,68,69,70,71,72,73,74,75,76,77,78,79,80,81,82,83,84,85,86,87,88,89,90,91,92,93,94,95,96,97,98,99,100,101,102,103,104,105,106,1,107,108,1,1,1,1,1,109,110,111,112,113,114,115,116","0.000674009323120117","fast_greedy","edit-xhwikibooks.graphml"
"0.35","0.65","0","0.576388888888889","4,4,4,7,8,9,10,6,11,12,13,14,3,3,3,15,16,17,18,19,20,21,22,6,2,2,2,23,24,25,26,27,28,29,5,5,30,31,32,33,34,35,36,37,38,39,40,41,42,43,44,45,46,47,48,49,50,51,52,53,54,55,56,57,58,59,60,61,62,63,64,65,66,67,68,69,70,71,72,73,74,75,76,77,78,79,80,81,82,83,84,85,86,87,88,89,90,91,92,93,94,95,96,97,98,99,100,101,102,103,104,105,106,1,107,108,1,1,1,1,1,109,110,111,112,113,114,115,116","0.000723123550415039","fast_greedy","edit-xhwikibooks.graphml"
"0.34","0.66","0","0.576388888888889","4,4,4,7,8,9,10,6,11,12,13,14,3,3,3,15,16,17,18,19,20,21,22,6,2,2,2,23,24,25,26,27,28,29,5,5,30,31,32,33,34,35,36,37,38,39,40,41,42,43,44,45,46,47,48,49,50,51,52,53,54,55,56,57,58,59,60,61,62,63,64,65,66,67,68,69,70,71,72,73,74,75,76,77,78,79,80,81,82,83,84,85,86,87,88,89,90,91,92,93,94,95,96,97,98,99,100,101,102,103,104,105,106,1,107,108,1,1,1,1,1,109,110,111,112,113,114,115,116","0.000685930252075195","fast_greedy","edit-xhwikibooks.graphml"
"0.33","0.67","0","0.576388888888889","4,4,4,7,8,9,10,6,11,12,13,14,3,3,3,15,16,17,18,19,20,21,22,6,2,2,2,23,24,25,26,27,28,29,5,5,30,31,32,33,34,35,36,37,38,39,40,41,42,43,44,45,46,47,48,49,50,51,52,53,54,55,56,57,58,59,60,61,62,63,64,65,66,67,68,69,70,71,72,73,74,75,76,77,78,79,80,81,82,83,84,85,86,87,88,89,90,91,92,93,94,95,96,97,98,99,100,101,102,103,104,105,106,1,107,108,1,1,1,1,1,109,110,111,112,113,114,115,116","0.00070500373840332","fast_greedy","edit-xhwikibooks.graphml"
"0.32","0.68","0","0.576388888888889","4,4,4,7,8,9,10,6,11,12,13,14,3,3,3,15,16,17,18,19,20,21,22,6,2,2,2,23,24,25,26,27,28,29,5,5,30,31,32,33,34,35,36,37,38,39,40,41,42,43,44,45,46,47,48,49,50,51,52,53,54,55,56,57,58,59,60,61,62,63,64,65,66,67,68,69,70,71,72,73,74,75,76,77,78,79,80,81,82,83,84,85,86,87,88,89,90,91,92,93,94,95,96,97,98,99,100,101,102,103,104,105,106,1,107,108,1,1,1,1,1,109,110,111,112,113,114,115,116","0.000715970993041992","fast_greedy","edit-xhwikibooks.graphml"
"0.31","0.69","0","0.576388888888889","4,4,4,7,8,9,10,6,11,12,13,14,3,3,3,15,16,17,18,19,20,21,22,6,2,2,2,23,24,25,26,27,28,29,5,5,30,31,32,33,34,35,36,37,38,39,40,41,42,43,44,45,46,47,48,49,50,51,52,53,54,55,56,57,58,59,60,61,62,63,64,65,66,67,68,69,70,71,72,73,74,75,76,77,78,79,80,81,82,83,84,85,86,87,88,89,90,91,92,93,94,95,96,97,98,99,100,101,102,103,104,105,106,1,107,108,1,1,1,1,1,109,110,111,112,113,114,115,116","0.000686168670654297","fast_greedy","edit-xhwikibooks.graphml"
"0.3","0.7","0","0.576388888888889","4,4,4,7,8,9,10,6,11,12,13,14,3,3,3,15,16,17,18,19,20,21,22,6,2,2,2,23,24,25,26,27,28,29,5,5,30,31,32,33,34,35,36,37,38,39,40,41,42,43,44,45,46,47,48,49,50,51,52,53,54,55,56,57,58,59,60,61,62,63,64,65,66,67,68,69,70,71,72,73,74,75,76,77,78,79,80,81,82,83,84,85,86,87,88,89,90,91,92,93,94,95,96,97,98,99,100,101,102,103,104,105,106,1,107,108,1,1,1,1,1,109,110,111,112,113,114,115,116","0.000720024108886719","fast_greedy","edit-xhwikibooks.graphml"
"0.29","0.71","0","0.576388888888889","4,4,4,7,8,9,10,6,11,12,13,14,3,3,3,15,16,17,18,19,20,21,22,6,2,2,2,23,24,25,26,27,28,29,5,5,30,31,32,33,34,35,36,37,38,39,40,41,42,43,44,45,46,47,48,49,50,51,52,53,54,55,56,57,58,59,60,61,62,63,64,65,66,67,68,69,70,71,72,73,74,75,76,77,78,79,80,81,82,83,84,85,86,87,88,89,90,91,92,93,94,95,96,97,98,99,100,101,102,103,104,105,106,1,107,108,1,1,1,1,1,109,110,111,112,113,114,115,116","0.000720977783203125","fast_greedy","edit-xhwikibooks.graphml"
"0.28","0.72","0","0.576388888888889","4,4,4,7,8,9,10,6,11,12,13,14,3,3,3,15,16,17,18,19,20,21,22,6,2,2,2,23,24,25,26,27,28,29,5,5,30,31,32,33,34,35,36,37,38,39,40,41,42,43,44,45,46,47,48,49,50,51,52,53,54,55,56,57,58,59,60,61,62,63,64,65,66,67,68,69,70,71,72,73,74,75,76,77,78,79,80,81,82,83,84,85,86,87,88,89,90,91,92,93,94,95,96,97,98,99,100,101,102,103,104,105,106,1,107,108,1,1,1,1,1,109,110,111,112,113,114,115,116","0.000696182250976562","fast_greedy","edit-xhwikibooks.graphml"
"0.27","0.73","0","0.576388888888889","4,4,4,7,8,9,10,6,11,12,13,14,3,3,3,15,16,17,18,19,20,21,22,6,2,2,2,23,24,25,26,27,28,29,5,5,30,31,32,33,34,35,36,37,38,39,40,41,42,43,44,45,46,47,48,49,50,51,52,53,54,55,56,57,58,59,60,61,62,63,64,65,66,67,68,69,70,71,72,73,74,75,76,77,78,79,80,81,82,83,84,85,86,87,88,89,90,91,92,93,94,95,96,97,98,99,100,101,102,103,104,105,106,1,107,108,1,1,1,1,1,109,110,111,112,113,114,115,116","0.000715017318725586","fast_greedy","edit-xhwikibooks.graphml"
"0.26","0.74","0","0.576388888888889","4,4,4,7,8,9,10,6,11,12,13,14,3,3,3,15,16,17,18,19,20,21,22,6,2,2,2,23,24,25,26,27,28,29,5,5,30,31,32,33,34,35,36,37,38,39,40,41,42,43,44,45,46,47,48,49,50,51,52,53,54,55,56,57,58,59,60,61,62,63,64,65,66,67,68,69,70,71,72,73,74,75,76,77,78,79,80,81,82,83,84,85,86,87,88,89,90,91,92,93,94,95,96,97,98,99,100,101,102,103,104,105,106,1,107,108,1,1,1,1,1,109,110,111,112,113,114,115,116","0.000720024108886719","fast_greedy","edit-xhwikibooks.graphml"
"0.25","0.75","0","0.576388888888889","4,4,4,7,8,9,10,6,11,12,13,14,3,3,3,15,16,17,18,19,20,21,22,6,2,2,2,23,24,25,26,27,28,29,5,5,30,31,32,33,34,35,36,37,38,39,40,41,42,43,44,45,46,47,48,49,50,51,52,53,54,55,56,57,58,59,60,61,62,63,64,65,66,67,68,69,70,71,72,73,74,75,76,77,78,79,80,81,82,83,84,85,86,87,88,89,90,91,92,93,94,95,96,97,98,99,100,101,102,103,104,105,106,1,107,108,1,1,1,1,1,109,110,111,112,113,114,115,116","0.000738143920898438","fast_greedy","edit-xhwikibooks.graphml"
"0.24","0.76","0","0.576388888888889","4,4,4,7,8,9,10,6,11,12,13,14,3,3,3,15,16,17,18,19,20,21,22,6,2,2,2,23,24,25,26,27,28,29,5,5,30,31,32,33,34,35,36,37,38,39,40,41,42,43,44,45,46,47,48,49,50,51,52,53,54,55,56,57,58,59,60,61,62,63,64,65,66,67,68,69,70,71,72,73,74,75,76,77,78,79,80,81,82,83,84,85,86,87,88,89,90,91,92,93,94,95,96,97,98,99,100,101,102,103,104,105,106,1,107,108,1,1,1,1,1,109,110,111,112,113,114,115,116","0.000900983810424805","fast_greedy","edit-xhwikibooks.graphml"
"0.23","0.77","0","0.576388888888889","4,4,4,7,8,9,10,6,11,12,13,14,3,3,3,15,16,17,18,19,20,21,22,6,2,2,2,23,24,25,26,27,28,29,5,5,30,31,32,33,34,35,36,37,38,39,40,41,42,43,44,45,46,47,48,49,50,51,52,53,54,55,56,57,58,59,60,61,62,63,64,65,66,67,68,69,70,71,72,73,74,75,76,77,78,79,80,81,82,83,84,85,86,87,88,89,90,91,92,93,94,95,96,97,98,99,100,101,102,103,104,105,106,1,107,108,1,1,1,1,1,109,110,111,112,113,114,115,116","0.00107789039611816","fast_greedy","edit-xhwikibooks.graphml"
"0.22","0.78","0","0.576388888888889","4,4,4,7,8,9,10,6,11,12,13,14,3,3,3,15,16,17,18,19,20,21,22,6,2,2,2,23,24,25,26,27,28,29,5,5,30,31,32,33,34,35,36,37,38,39,40,41,42,43,44,45,46,47,48,49,50,51,52,53,54,55,56,57,58,59,60,61,62,63,64,65,66,67,68,69,70,71,72,73,74,75,76,77,78,79,80,81,82,83,84,85,86,87,88,89,90,91,92,93,94,95,96,97,98,99,100,101,102,103,104,105,106,1,107,108,1,1,1,1,1,109,110,111,112,113,114,115,116","0.00108003616333008","fast_greedy","edit-xhwikibooks.graphml"
"0.21","0.79","0","0.576388888888889","4,4,4,7,8,9,10,6,11,12,13,14,3,3,3,15,16,17,18,19,20,21,22,6,2,2,2,23,24,25,26,27,28,29,5,5,30,31,32,33,34,35,36,37,38,39,40,41,42,43,44,45,46,47,48,49,50,51,52,53,54,55,56,57,58,59,60,61,62,63,64,65,66,67,68,69,70,71,72,73,74,75,76,77,78,79,80,81,82,83,84,85,86,87,88,89,90,91,92,93,94,95,96,97,98,99,100,101,102,103,104,105,106,1,107,108,1,1,1,1,1,109,110,111,112,113,114,115,116","0.00096893310546875","fast_greedy","edit-xhwikibooks.graphml"
"0.2","0.8","0","0.576388888888889","4,4,4,7,8,9,10,6,11,12,13,14,3,3,3,15,16,17,18,19,20,21,22,6,2,2,2,23,24,25,26,27,28,29,5,5,30,31,32,33,34,35,36,37,38,39,40,41,42,43,44,45,46,47,48,49,50,51,52,53,54,55,56,57,58,59,60,61,62,63,64,65,66,67,68,69,70,71,72,73,74,75,76,77,78,79,80,81,82,83,84,85,86,87,88,89,90,91,92,93,94,95,96,97,98,99,100,101,102,103,104,105,106,1,107,108,1,1,1,1,1,109,110,111,112,113,114,115,116","0.000755071640014648","fast_greedy","edit-xhwikibooks.graphml"
"0.19","0.81","0","0.576388888888889","4,4,4,7,8,9,10,6,11,12,13,14,3,3,3,15,16,17,18,19,20,21,22,6,2,2,2,23,24,25,26,27,28,29,5,5,30,31,32,33,34,35,36,37,38,39,40,41,42,43,44,45,46,47,48,49,50,51,52,53,54,55,56,57,58,59,60,61,62,63,64,65,66,67,68,69,70,71,72,73,74,75,76,77,78,79,80,81,82,83,84,85,86,87,88,89,90,91,92,93,94,95,96,97,98,99,100,101,102,103,104,105,106,1,107,108,1,1,1,1,1,109,110,111,112,113,114,115,116","0.000699043273925781","fast_greedy","edit-xhwikibooks.graphml"
"0.18","0.82","0","0.576388888888889","4,4,4,7,8,9,10,6,11,12,13,14,3,3,3,15,16,17,18,19,20,21,22,6,2,2,2,23,24,25,26,27,28,29,5,5,30,31,32,33,34,35,36,37,38,39,40,41,42,43,44,45,46,47,48,49,50,51,52,53,54,55,56,57,58,59,60,61,62,63,64,65,66,67,68,69,70,71,72,73,74,75,76,77,78,79,80,81,82,83,84,85,86,87,88,89,90,91,92,93,94,95,96,97,98,99,100,101,102,103,104,105,106,1,107,108,1,1,1,1,1,109,110,111,112,113,114,115,116","0.000694036483764648","fast_greedy","edit-xhwikibooks.graphml"
"0.17","0.83","0","0.576388888888889","4,4,4,7,8,9,10,6,11,12,13,14,3,3,3,15,16,17,18,19,20,21,22,6,2,2,2,23,24,25,26,27,28,29,5,5,30,31,32,33,34,35,36,37,38,39,40,41,42,43,44,45,46,47,48,49,50,51,52,53,54,55,56,57,58,59,60,61,62,63,64,65,66,67,68,69,70,71,72,73,74,75,76,77,78,79,80,81,82,83,84,85,86,87,88,89,90,91,92,93,94,95,96,97,98,99,100,101,102,103,104,105,106,1,107,108,1,1,1,1,1,109,110,111,112,113,114,115,116","0.000669956207275391","fast_greedy","edit-xhwikibooks.graphml"
"0.16","0.84","0","0.576388888888889","4,4,4,7,8,9,10,6,11,12,13,14,3,3,3,15,16,17,18,19,20,21,22,6,2,2,2,23,24,25,26,27,28,29,5,5,30,31,32,33,34,35,36,37,38,39,40,41,42,43,44,45,46,47,48,49,50,51,52,53,54,55,56,57,58,59,60,61,62,63,64,65,66,67,68,69,70,71,72,73,74,75,76,77,78,79,80,81,82,83,84,85,86,87,88,89,90,91,92,93,94,95,96,97,98,99,100,101,102,103,104,105,106,1,107,108,1,1,1,1,1,109,110,111,112,113,114,115,116","0.000704050064086914","fast_greedy","edit-xhwikibooks.graphml"
"0.15","0.85","0","0.576388888888889","4,4,4,7,8,9,10,6,11,12,13,14,3,3,3,15,16,17,18,19,20,21,22,6,2,2,2,23,24,25,26,27,28,29,5,5,30,31,32,33,34,35,36,37,38,39,40,41,42,43,44,45,46,47,48,49,50,51,52,53,54,55,56,57,58,59,60,61,62,63,64,65,66,67,68,69,70,71,72,73,74,75,76,77,78,79,80,81,82,83,84,85,86,87,88,89,90,91,92,93,94,95,96,97,98,99,100,101,102,103,104,105,106,1,107,108,1,1,1,1,1,109,110,111,112,113,114,115,116","0.000684022903442383","fast_greedy","edit-xhwikibooks.graphml"
"0.14","0.86","0","0.576388888888889","4,4,4,7,8,9,10,6,11,12,13,14,3,3,3,15,16,17,18,19,20,21,22,6,2,2,2,23,24,25,26,27,28,29,5,5,30,31,32,33,34,35,36,37,38,39,40,41,42,43,44,45,46,47,48,49,50,51,52,53,54,55,56,57,58,59,60,61,62,63,64,65,66,67,68,69,70,71,72,73,74,75,76,77,78,79,80,81,82,83,84,85,86,87,88,89,90,91,92,93,94,95,96,97,98,99,100,101,102,103,104,105,106,1,107,108,1,1,1,1,1,109,110,111,112,113,114,115,116","0.000723123550415039","fast_greedy","edit-xhwikibooks.graphml"
"0.13","0.87","0","0.576388888888889","4,4,4,7,8,9,10,6,11,12,13,14,3,3,3,15,16,17,18,19,20,21,22,6,2,2,2,23,24,25,26,27,28,29,5,5,30,31,32,33,34,35,36,37,38,39,40,41,42,43,44,45,46,47,48,49,50,51,52,53,54,55,56,57,58,59,60,61,62,63,64,65,66,67,68,69,70,71,72,73,74,75,76,77,78,79,80,81,82,83,84,85,86,87,88,89,90,91,92,93,94,95,96,97,98,99,100,101,102,103,104,105,106,1,107,108,1,1,1,1,1,109,110,111,112,113,114,115,116","0.000721216201782227","fast_greedy","edit-xhwikibooks.graphml"
"0.12","0.88","0","0.576388888888889","4,4,4,7,8,9,10,6,11,12,13,14,3,3,3,15,16,17,18,19,20,21,22,6,2,2,2,23,24,25,26,27,28,29,5,5,30,31,32,33,34,35,36,37,38,39,40,41,42,43,44,45,46,47,48,49,50,51,52,53,54,55,56,57,58,59,60,61,62,63,64,65,66,67,68,69,70,71,72,73,74,75,76,77,78,79,80,81,82,83,84,85,86,87,88,89,90,91,92,93,94,95,96,97,98,99,100,101,102,103,104,105,106,1,107,108,1,1,1,1,1,109,110,111,112,113,114,115,116","0.000748872756958008","fast_greedy","edit-xhwikibooks.graphml"
"0.11","0.89","0","0.576388888888889","4,4,4,7,8,9,10,6,11,12,13,14,3,3,3,15,16,17,18,19,20,21,22,6,2,2,2,23,24,25,26,27,28,29,5,5,30,31,32,33,34,35,36,37,38,39,40,41,42,43,44,45,46,47,48,49,50,51,52,53,54,55,56,57,58,59,60,61,62,63,64,65,66,67,68,69,70,71,72,73,74,75,76,77,78,79,80,81,82,83,84,85,86,87,88,89,90,91,92,93,94,95,96,97,98,99,100,101,102,103,104,105,106,1,107,108,1,1,1,1,1,109,110,111,112,113,114,115,116","0.000720024108886719","fast_greedy","edit-xhwikibooks.graphml"
"0.1","0.9","0","0.576388888888889","4,4,4,7,8,9,10,6,11,12,13,14,3,3,3,15,16,17,18,19,20,21,22,6,2,2,2,23,24,25,26,27,28,29,5,5,30,31,32,33,34,35,36,37,38,39,40,41,42,43,44,45,46,47,48,49,50,51,52,53,54,55,56,57,58,59,60,61,62,63,64,65,66,67,68,69,70,71,72,73,74,75,76,77,78,79,80,81,82,83,84,85,86,87,88,89,90,91,92,93,94,95,96,97,98,99,100,101,102,103,104,105,106,1,107,108,1,1,1,1,1,109,110,111,112,113,114,115,116","0.000789880752563477","fast_greedy","edit-xhwikibooks.graphml"
"0.09","0.91","0","0.576388888888889","4,4,4,7,8,9,10,6,11,12,13,14,3,3,3,15,16,17,18,19,20,21,22,6,2,2,2,23,24,25,26,27,28,29,5,5,30,31,32,33,34,35,36,37,38,39,40,41,42,43,44,45,46,47,48,49,50,51,52,53,54,55,56,57,58,59,60,61,62,63,64,65,66,67,68,69,70,71,72,73,74,75,76,77,78,79,80,81,82,83,84,85,86,87,88,89,90,91,92,93,94,95,96,97,98,99,100,101,102,103,104,105,106,1,107,108,1,1,1,1,1,109,110,111,112,113,114,115,116","0.000758886337280273","fast_greedy","edit-xhwikibooks.graphml"
"0.08","0.92","0","0.576388888888889","4,4,4,7,8,9,10,6,11,12,13,14,3,3,3,15,16,17,18,19,20,21,22,6,2,2,2,23,24,25,26,27,28,29,5,5,30,31,32,33,34,35,36,37,38,39,40,41,42,43,44,45,46,47,48,49,50,51,52,53,54,55,56,57,58,59,60,61,62,63,64,65,66,67,68,69,70,71,72,73,74,75,76,77,78,79,80,81,82,83,84,85,86,87,88,89,90,91,92,93,94,95,96,97,98,99,100,101,102,103,104,105,106,1,107,108,1,1,1,1,1,109,110,111,112,113,114,115,116","0.000709056854248047","fast_greedy","edit-xhwikibooks.graphml"
"0.07","0.93","0","0.576388888888889","4,4,4,7,8,9,10,6,11,12,13,14,3,3,3,15,16,17,18,19,20,21,22,6,2,2,2,23,24,25,26,27,28,29,5,5,30,31,32,33,34,35,36,37,38,39,40,41,42,43,44,45,46,47,48,49,50,51,52,53,54,55,56,57,58,59,60,61,62,63,64,65,66,67,68,69,70,71,72,73,74,75,76,77,78,79,80,81,82,83,84,85,86,87,88,89,90,91,92,93,94,95,96,97,98,99,100,101,102,103,104,105,106,1,107,108,1,1,1,1,1,109,110,111,112,113,114,115,116","0.000698089599609375","fast_greedy","edit-xhwikibooks.graphml"
"0.06","0.94","0","0.576388888888889","4,4,4,7,8,9,10,6,11,12,13,14,3,3,3,15,16,17,18,19,20,21,22,6,2,2,2,23,24,25,26,27,28,29,5,5,30,31,32,33,34,35,36,37,38,39,40,41,42,43,44,45,46,47,48,49,50,51,52,53,54,55,56,57,58,59,60,61,62,63,64,65,66,67,68,69,70,71,72,73,74,75,76,77,78,79,80,81,82,83,84,85,86,87,88,89,90,91,92,93,94,95,96,97,98,99,100,101,102,103,104,105,106,1,107,108,1,1,1,1,1,109,110,111,112,113,114,115,116","0.00067901611328125","fast_greedy","edit-xhwikibooks.graphml"
"0.05","0.95","0","0.576388888888889","4,4,4,7,8,9,10,6,11,12,13,14,3,3,3,15,16,17,18,19,20,21,22,6,2,2,2,23,24,25,26,27,28,29,5,5,30,31,32,33,34,35,36,37,38,39,40,41,42,43,44,45,46,47,48,49,50,51,52,53,54,55,56,57,58,59,60,61,62,63,64,65,66,67,68,69,70,71,72,73,74,75,76,77,78,79,80,81,82,83,84,85,86,87,88,89,90,91,92,93,94,95,96,97,98,99,100,101,102,103,104,105,106,1,107,108,1,1,1,1,1,109,110,111,112,113,114,115,116","0.000706911087036133","fast_greedy","edit-xhwikibooks.graphml"
"0.04","0.96","0","0.576388888888889","4,4,4,7,8,9,10,6,11,12,13,14,3,3,3,15,16,17,18,19,20,21,22,6,2,2,2,23,24,25,26,27,28,29,5,5,30,31,32,33,34,35,36,37,38,39,40,41,42,43,44,45,46,47,48,49,50,51,52,53,54,55,56,57,58,59,60,61,62,63,64,65,66,67,68,69,70,71,72,73,74,75,76,77,78,79,80,81,82,83,84,85,86,87,88,89,90,91,92,93,94,95,96,97,98,99,100,101,102,103,104,105,106,1,107,108,1,1,1,1,1,109,110,111,112,113,114,115,116","0.000715017318725586","fast_greedy","edit-xhwikibooks.graphml"
"0.03","0.97","0","0.576388888888889","4,4,4,7,8,9,10,6,11,12,13,14,3,3,3,15,16,17,18,19,20,21,22,6,2,2,2,23,24,25,26,27,28,29,5,5,30,31,32,33,34,35,36,37,38,39,40,41,42,43,44,45,46,47,48,49,50,51,52,53,54,55,56,57,58,59,60,61,62,63,64,65,66,67,68,69,70,71,72,73,74,75,76,77,78,79,80,81,82,83,84,85,86,87,88,89,90,91,92,93,94,95,96,97,98,99,100,101,102,103,104,105,106,1,107,108,1,1,1,1,1,109,110,111,112,113,114,115,116","0.000690937042236328","fast_greedy","edit-xhwikibooks.graphml"
"0.02","0.98","0","0.576388888888889","4,4,4,7,8,9,10,6,11,12,13,14,3,3,3,15,16,17,18,19,20,21,22,6,2,2,2,23,24,25,26,27,28,29,5,5,30,31,32,33,34,35,36,37,38,39,40,41,42,43,44,45,46,47,48,49,50,51,52,53,54,55,56,57,58,59,60,61,62,63,64,65,66,67,68,69,70,71,72,73,74,75,76,77,78,79,80,81,82,83,84,85,86,87,88,89,90,91,92,93,94,95,96,97,98,99,100,101,102,103,104,105,106,1,107,108,1,1,1,1,1,109,110,111,112,113,114,115,116","0.000725030899047852","fast_greedy","edit-xhwikibooks.graphml"
"0.01","0.99","0","0.576388888888889","4,4,4,7,8,9,10,6,11,12,13,14,3,3,3,15,16,17,18,19,20,21,22,6,2,2,2,23,24,25,26,27,28,29,5,5,30,31,32,33,34,35,36,37,38,39,40,41,42,43,44,45,46,47,48,49,50,51,52,53,54,55,56,57,58,59,60,61,62,63,64,65,66,67,68,69,70,71,72,73,74,75,76,77,78,79,80,81,82,83,84,85,86,87,88,89,90,91,92,93,94,95,96,97,98,99,100,101,102,103,104,105,106,1,107,108,1,1,1,1,1,109,110,111,112,113,114,115,116","0.000724077224731445","fast_greedy","edit-xhwikibooks.graphml"
"0","1","0","0.307156300263014","2,2,2,4,4,2,3,4,4,4,4,4,2,2,2,4,2,3,3,1,4,4,4,4,4,4,4,2,4,4,4,4,4,4,4,4,4,4,1,1,1,1,2,2,2,2,1,2,2,2,1,1,1,1,1,2,2,2,2,1,2,1,1,2,2,1,1,1,1,1,2,1,2,2,1,1,1,1,1,1,1,2,4,4,4,2,1,1,1,1,2,3,3,1,1,1,2,1,1,1,1,1,1,1,1,1,1,1,1,1,1,1,1,3,3,3,3,3,3,3,3,2,2,2,2,2,2,2,2","0.00120306015014648","fast_greedy","edit-xhwikibooks.graphml"
"0.99","0","0.01","0.738928571428572","1,1,1,1,1,2,1,5,2,2,4,1,5,5,5,2,2,4,4,1,3,6,5,5,5,5,5,2,1,2,4,4,1,1,7,7,8,5,3,3,3,3,6,6,6,6,3,6,6,6,3,3,3,3,3,6,6,6,6,3,5,3,3,5,5,3,3,3,3,3,6,3,5,5,3,3,3,3,3,3,3,5,2,2,2,1,3,3,3,3,2,4,4,3,3,3,2,3,3,3,3,3,3,3,3,3,3,1,1,1,3,3,3,7,7,7,7,7,7,7,7,8,8,8,8,8,8,8,8","0.000875949859619141","fast_greedy","edit-xhwikibooks.graphml"
"0.98","0.01","0.01","0.738928571428572","1,1,1,1,1,2,1,5,2,2,4,1,5,5,5,2,2,4,4,1,3,6,5,5,5,5,5,2,1,2,4,4,1,1,7,7,8,5,3,3,3,3,6,6,6,6,3,6,6,6,3,3,3,3,3,6,6,6,6,3,5,3,3,5,5,3,3,3,3,3,6,3,5,5,3,3,3,3,3,3,3,5,2,2,2,1,3,3,3,3,2,4,4,3,3,3,2,3,3,3,3,3,3,3,3,3,3,1,1,1,3,3,3,7,7,7,7,7,7,7,7,8,8,8,8,8,8,8,8","0.000857114791870117","fast_greedy","edit-xhwikibooks.graphml"
"0.97","0.02","0.01","0.729053497942387","2,2,2,2,2,1,2,1,1,1,2,4,1,1,1,5,1,2,2,4,3,6,1,1,1,1,1,5,2,1,2,2,4,4,7,7,8,1,3,3,3,3,6,6,6,6,3,6,6,6,3,3,3,3,3,6,6,6,6,3,9,3,3,1,1,3,3,3,3,3,6,3,1,1,3,3,3,3,3,3,3,1,5,5,5,10,3,3,3,3,11,12,13,3,3,3,5,3,3,3,3,3,3,3,3,3,3,4,4,4,3,3,3,7,7,7,7,7,7,7,7,8,8,8,8,8,8,8,8","0.000828981399536133","fast_greedy","edit-xhwikibooks.graphml"
"0.96","0.03","0.01","0.715104","1,1,1,1,1,3,1,4,3,3,1,1,4,4,4,3,8,1,1,1,2,5,4,4,4,4,4,3,1,9,10,1,1,1,6,6,7,4,2,2,2,2,5,5,5,5,2,5,5,5,2,2,2,2,2,5,5,5,5,2,11,2,2,12,13,2,2,2,2,2,5,2,4,4,2,2,2,2,2,2,2,14,3,3,3,15,2,2,2,2,16,17,18,2,2,2,19,2,2,2,2,2,2,2,2,2,2,20,21,2,2,2,2,6,6,6,6,6,6,6,6,7,7,7,7,7,7,7,7","0.000818967819213867","fast_greedy","edit-xhwikibooks.graphml"
"0.95","0.04","0.01","0.695844493141791","5,5,5,2,8,2,1,2,2,2,1,9,2,2,2,2,10,11,1,7,3,4,12,2,2,2,2,2,5,13,14,15,7,16,1,1,6,2,3,3,3,3,4,4,4,4,3,4,4,4,3,3,3,3,3,4,4,4,4,3,17,3,3,18,19,3,3,3,3,3,4,3,20,21,3,3,3,3,3,3,3,22,23,24,25,26,3,3,3,3,27,28,29,3,3,3,30,3,3,3,3,3,3,3,3,3,3,31,32,3,3,3,3,1,1,1,1,1,1,1,1,6,6,6,6,6,6,6,6","0.000931978225708008","fast_greedy","edit-xhwikibooks.graphml"
"0.94","0.05","0.01","0.685742455418381","5,5,5,1,7,1,8,1,1,1,9,10,1,1,1,1,11,12,4,13,2,3,14,1,1,1,1,1,5,15,16,17,18,19,4,4,6,1,2,2,2,2,3,3,3,3,2,3,3,3,2,2,2,2,2,3,3,3,3,2,20,2,2,21,22,2,2,2,2,2,3,2,23,24,2,2,2,2,2,2,2,25,26,27,28,29,2,2,2,2,30,31,32,2,2,2,33,2,2,2,2,2,2,2,2,2,2,34,35,2,2,2,2,4,4,4,4,4,4,4,4,6,6,6,6,6,6,6,6","0.000808954238891602","fast_greedy","edit-xhwikibooks.graphml"
"0.93","0.06","0.01","0.673058439061899","2,2,2,7,8,2,9,2,6,10,11,12,2,6,6,2,13,14,4,15,1,3,16,6,6,6,6,17,18,19,20,21,22,23,4,4,5,6,1,1,1,1,3,3,3,3,1,3,3,3,1,1,1,1,1,3,3,3,3,1,24,1,1,25,26,1,1,1,1,1,3,1,27,28,1,1,1,1,1,1,1,29,30,31,32,33,1,1,1,1,34,35,36,1,1,1,37,1,1,1,1,1,1,1,1,1,1,38,39,1,1,1,1,4,4,4,4,4,4,4,4,5,5,5,5,5,5,5,5","0.000915050506591797","fast_greedy","edit-xhwikibooks.graphml"
"0.92","0.07","0.01","0.659167431894704","2,2,2,7,8,2,9,2,6,10,11,12,13,6,6,14,15,16,4,17,1,3,18,6,6,6,6,19,20,21,22,23,24,25,4,4,5,26,1,1,1,1,3,3,3,3,1,3,3,3,1,1,1,1,1,3,3,3,3,1,27,1,1,28,29,1,1,1,1,1,3,1,30,31,1,1,1,1,1,1,1,32,33,34,35,36,1,1,1,1,37,38,39,1,1,1,40,1,1,1,1,1,1,1,1,1,1,41,42,1,1,1,1,4,4,4,4,4,4,4,4,5,5,5,5,5,5,5,5","0.000792980194091797","fast_greedy","edit-xhwikibooks.graphml"
"0.91","0.08","0.01","0.650083102493075","1,1,1,6,7,8,9,5,10,11,12,13,14,5,5,15,16,17,3,18,2,1,19,20,5,5,5,21,22,23,24,25,26,27,3,3,4,28,2,2,2,2,1,1,1,1,2,1,1,1,2,2,2,2,2,1,1,1,1,2,29,2,2,30,31,2,2,2,2,2,1,2,32,33,2,2,2,2,2,2,2,34,35,36,37,38,2,2,2,2,39,40,41,2,2,2,42,2,2,2,2,2,2,2,2,2,2,43,44,2,2,2,2,3,3,3,3,3,3,3,3,4,4,4,4,4,4,4,4","0.000787019729614258","fast_greedy","edit-xhwikibooks.graphml"
"0.9","0.09","0.01","0.572724568709102","1,1,1,5,6,7,8,9,10,11,12,13,14,3,3,15,16,17,4,18,2,1,19,20,3,3,3,21,22,23,24,25,26,27,4,4,3,28,2,2,2,2,1,1,1,1,2,1,1,1,2,2,2,2,2,1,1,1,1,2,29,2,2,30,31,2,2,2,2,2,1,2,32,33,2,2,2,2,2,2,2,34,35,36,37,38,2,2,2,2,39,40,41,2,2,2,42,2,2,2,2,2,2,2,2,2,2,43,44,2,2,2,2,4,45,46,4,4,4,4,4,47,48,49,50,51,52,53,54","0.000778913497924805","fast_greedy","edit-xhwikibooks.graphml"
"0.89","0.1","0.01","0.563938424020728","1,1,1,5,6,7,8,9,10,11,12,13,14,15,4,16,17,18,3,19,2,1,20,21,4,4,4,22,23,24,25,26,27,28,3,3,4,29,2,2,2,2,1,1,1,1,2,1,1,1,2,2,2,2,2,1,1,1,1,2,30,2,2,31,32,2,2,2,2,2,1,2,33,34,2,2,2,2,2,2,2,35,36,37,38,39,2,2,2,2,40,41,42,2,2,2,43,2,2,2,2,2,2,2,2,2,2,44,45,2,2,2,2,3,46,47,3,3,3,3,3,48,49,50,51,52,53,54,55","0.000779867172241211","fast_greedy","edit-xhwikibooks.graphml"
"0.88","0.11","0.01","0.539858645627876","1,1,1,4,5,6,7,8,9,10,11,12,13,14,2,15,16,17,18,19,3,1,20,21,22,2,23,24,25,26,27,28,29,30,2,2,2,31,3,3,3,3,1,1,1,1,3,1,1,1,3,3,3,3,3,1,1,1,1,3,32,3,3,33,34,3,3,3,3,3,1,3,35,36,3,3,3,3,3,3,3,37,38,39,40,41,3,3,3,3,42,43,44,3,3,3,45,3,3,3,3,3,3,3,3,3,3,46,47,3,3,3,3,2,48,49,2,2,2,2,2,50,51,52,53,54,55,56,57","0.000773906707763672","fast_greedy","edit-xhwikibooks.graphml"
"0.87","0.12","0.01","0.532889188733345","1,1,1,4,5,6,7,8,9,10,11,12,13,14,3,15,16,17,18,19,2,1,20,21,22,23,24,25,26,27,28,29,30,31,3,3,3,32,2,2,2,2,1,1,1,1,2,1,1,1,2,2,2,2,2,1,1,1,1,2,33,2,2,34,35,2,2,2,2,2,1,2,36,37,2,2,2,2,2,2,2,38,39,40,41,42,2,2,2,2,43,44,45,2,2,2,46,2,2,2,2,2,2,2,2,2,2,47,48,2,2,2,2,3,49,50,3,3,3,3,3,51,52,53,54,55,56,57,58","0.000796079635620117","fast_greedy","edit-xhwikibooks.graphml"
"0.86","0.13","0.01","0.297413793103448","2,2,2,5,6,7,8,9,10,11,12,13,14,15,4,16,17,18,19,20,1,2,21,22,23,24,25,26,27,28,29,30,31,32,3,33,4,34,1,1,1,1,35,36,37,38,1,39,40,41,1,1,1,1,1,42,43,44,45,1,46,1,1,47,48,1,1,1,1,1,49,1,50,51,1,1,1,1,1,1,1,52,53,54,55,56,1,1,1,1,57,58,59,1,1,1,60,1,1,1,1,1,1,1,1,1,1,61,62,1,1,1,1,3,63,64,3,3,3,3,3,65,66,67,68,69,70,71,72","0.00076603889465332","fast_greedy","edit-xhwikibooks.graphml"
"0.85","0.14","0.01","0.297413793103448","2,2,2,5,6,7,8,9,10,11,12,13,14,15,4,16,17,18,19,20,1,2,21,22,23,24,25,26,27,28,29,30,31,32,3,33,4,34,1,1,1,1,35,36,37,38,1,39,40,41,1,1,1,1,1,42,43,44,45,1,46,1,1,47,48,1,1,1,1,1,49,1,50,51,1,1,1,1,1,1,1,52,53,54,55,56,1,1,1,1,57,58,59,1,1,1,60,1,1,1,1,1,1,1,1,1,1,61,62,1,1,1,1,3,63,64,3,3,3,3,3,65,66,67,68,69,70,71,72","0.000756978988647461","fast_greedy","edit-xhwikibooks.graphml"
"0.84","0.15","0.01","0.108227604767397","2,2,2,3,4,5,6,7,8,9,10,11,12,13,14,15,16,17,18,19,1,2,20,21,22,23,24,25,26,27,28,29,30,31,32,33,34,35,1,1,1,1,36,37,38,39,1,40,41,42,1,1,1,1,1,43,44,45,46,1,47,1,1,48,49,1,1,1,1,1,50,1,51,52,1,1,1,1,1,1,1,53,54,55,56,57,1,1,1,1,58,59,60,1,1,1,61,1,1,1,1,1,1,1,1,1,1,62,63,1,1,1,1,64,65,66,67,68,69,70,71,72,73,74,75,76,77,78,79","0.000720977783203125","fast_greedy","edit-xhwikibooks.graphml"
"0.83","0.16","0.01","0.108227604767397","2,2,2,3,4,5,6,7,8,9,10,11,12,13,14,15,16,17,18,19,1,2,20,21,22,23,24,25,26,27,28,29,30,31,32,33,34,35,1,1,1,1,36,37,38,39,1,40,41,42,1,1,1,1,1,43,44,45,46,1,47,1,1,48,49,1,1,1,1,1,50,1,51,52,1,1,1,1,1,1,1,53,54,55,56,57,1,1,1,1,58,59,60,1,1,1,61,1,1,1,1,1,1,1,1,1,1,62,63,1,1,1,1,64,65,66,67,68,69,70,71,72,73,74,75,76,77,78,79","0.000756978988647461","fast_greedy","edit-xhwikibooks.graphml"
"0.82","0.17","0.01","0.110149942329873","2,2,2,4,5,6,7,8,9,10,11,12,13,14,15,16,17,18,19,20,1,21,22,23,24,25,26,27,28,29,30,31,32,33,3,3,34,35,1,1,1,1,36,37,38,39,1,40,41,42,1,1,1,1,1,43,44,45,46,1,47,1,1,48,49,1,1,1,1,1,50,1,51,52,1,1,1,1,1,1,1,53,54,55,56,57,1,1,1,1,58,59,60,1,1,1,61,1,1,1,1,1,1,1,1,1,1,62,63,1,1,1,1,64,65,66,67,68,69,70,71,72,73,74,75,76,77,78,79","0.000748872756958008","fast_greedy","edit-xhwikibooks.graphml"
"0.81","0.18","0.01","0.110149942329873","2,2,2,4,5,6,7,8,9,10,11,12,13,14,15,16,17,18,19,20,1,21,22,23,24,25,26,27,28,29,30,31,32,33,3,3,34,35,1,1,1,1,36,37,38,39,1,40,41,42,1,1,1,1,1,43,44,45,46,1,47,1,1,48,49,1,1,1,1,1,50,1,51,52,1,1,1,1,1,1,1,53,54,55,56,57,1,1,1,1,58,59,60,1,1,1,61,1,1,1,1,1,1,1,1,1,1,62,63,1,1,1,1,64,65,66,67,68,69,70,71,72,73,74,75,76,77,78,79","0.000782012939453125","fast_greedy","edit-xhwikibooks.graphml"
"0.8","0.19","0.01","0.110149942329873","2,2,2,4,5,6,7,8,9,10,11,12,13,14,15,16,17,18,19,20,1,21,22,23,24,25,26,27,28,29,30,31,32,33,3,3,34,35,1,1,1,1,36,37,38,39,1,40,41,42,1,1,1,1,1,43,44,45,46,1,47,1,1,48,49,1,1,1,1,1,50,1,51,52,1,1,1,1,1,1,1,53,54,55,56,57,1,1,1,1,58,59,60,1,1,1,61,1,1,1,1,1,1,1,1,1,1,62,63,1,1,1,1,64,65,66,67,68,69,70,71,72,73,74,75,76,77,78,79","0.000746011734008789","fast_greedy","edit-xhwikibooks.graphml"
"0.79","0.2","0.01","0.110149942329873","2,2,2,4,5,6,7,8,9,10,11,12,13,14,15,16,17,18,19,20,1,21,22,23,24,25,26,27,28,29,30,31,32,33,3,3,34,35,1,1,1,1,36,37,38,39,1,40,41,42,1,1,1,1,1,43,44,45,46,1,47,1,1,48,49,1,1,1,1,1,50,1,51,52,1,1,1,1,1,1,1,53,54,55,56,57,1,1,1,1,58,59,60,1,1,1,61,1,1,1,1,1,1,1,1,1,1,62,63,1,1,1,1,64,65,66,67,68,69,70,71,72,73,74,75,76,77,78,79","0.000741958618164062","fast_greedy","edit-xhwikibooks.graphml"
"0.78","0.21","0.01","0.110149942329873","2,2,2,4,5,6,7,8,9,10,11,12,13,14,15,16,17,18,19,20,1,21,22,23,24,25,26,27,28,29,30,31,32,33,3,3,34,35,1,1,1,1,36,37,38,39,1,40,41,42,1,1,1,1,1,43,44,45,46,1,47,1,1,48,49,1,1,1,1,1,50,1,51,52,1,1,1,1,1,1,1,53,54,55,56,57,1,1,1,1,58,59,60,1,1,1,61,1,1,1,1,1,1,1,1,1,1,62,63,1,1,1,1,64,65,66,67,68,69,70,71,72,73,74,75,76,77,78,79","0.000745058059692383","fast_greedy","edit-xhwikibooks.graphml"
"0.77","0.22","0.01","0.110149942329873","2,2,2,4,5,6,7,8,9,10,11,12,13,14,15,16,17,18,19,20,1,21,22,23,24,25,26,27,28,29,30,31,32,33,3,3,34,35,1,1,1,1,36,37,38,39,1,40,41,42,1,1,1,1,1,43,44,45,46,1,47,1,1,48,49,1,1,1,1,1,50,1,51,52,1,1,1,1,1,1,1,53,54,55,56,57,1,1,1,1,58,59,60,1,1,1,61,1,1,1,1,1,1,1,1,1,1,62,63,1,1,1,1,64,65,66,67,68,69,70,71,72,73,74,75,76,77,78,79","0.000708103179931641","fast_greedy","edit-xhwikibooks.graphml"
"0.76","0.23","0.01","0.110149942329873","2,2,2,4,5,6,7,8,9,10,11,12,13,14,15,16,17,18,19,20,1,21,22,23,24,25,26,27,28,29,30,31,32,33,3,3,34,35,1,1,1,1,36,37,38,39,1,40,41,42,1,1,1,1,1,43,44,45,46,1,47,1,1,48,49,1,1,1,1,1,50,1,51,52,1,1,1,1,1,1,1,53,54,55,56,57,1,1,1,1,58,59,60,1,1,1,61,1,1,1,1,1,1,1,1,1,1,62,63,1,1,1,1,64,65,66,67,68,69,70,71,72,73,74,75,76,77,78,79","0.000760793685913086","fast_greedy","edit-xhwikibooks.graphml"
"0.75","0.24","0.01","0.110149942329873","2,2,2,4,5,6,7,8,9,10,11,12,13,14,15,16,17,18,19,20,1,21,22,23,24,25,26,27,28,29,30,31,32,33,3,3,34,35,1,1,1,1,36,37,38,39,1,40,41,42,1,1,1,1,1,43,44,45,46,1,47,1,1,48,49,1,1,1,1,1,50,1,51,52,1,1,1,1,1,1,1,53,54,55,56,57,1,1,1,1,58,59,60,1,1,1,61,1,1,1,1,1,1,1,1,1,1,62,63,1,1,1,1,64,65,66,67,68,69,70,71,72,73,74,75,76,77,78,79","0.000746011734008789","fast_greedy","edit-xhwikibooks.graphml"
"0.74","0.25","0.01","0.110149942329873","2,2,2,4,5,6,7,8,9,10,11,12,13,14,15,16,17,18,19,20,1,21,22,23,24,25,26,27,28,29,30,31,32,33,3,3,34,35,1,1,1,1,36,37,38,39,1,40,41,42,1,1,1,1,1,43,44,45,46,1,47,1,1,48,49,1,1,1,1,1,50,1,51,52,1,1,1,1,1,1,1,53,54,55,56,57,1,1,1,1,58,59,60,1,1,1,61,1,1,1,1,1,1,1,1,1,1,62,63,1,1,1,1,64,65,66,67,68,69,70,71,72,73,74,75,76,77,78,79","0.000751018524169922","fast_greedy","edit-xhwikibooks.graphml"
"0.73","0.26","0.01","0.110149942329873","2,2,2,4,5,6,7,8,9,10,11,12,13,14,15,16,17,18,19,20,1,21,22,23,24,25,26,27,28,29,30,31,32,33,3,3,34,35,1,1,1,1,36,37,38,39,1,40,41,42,1,1,1,1,1,43,44,45,46,1,47,1,1,48,49,1,1,1,1,1,50,1,51,52,1,1,1,1,1,1,1,53,54,55,56,57,1,1,1,1,58,59,60,1,1,1,61,1,1,1,1,1,1,1,1,1,1,62,63,1,1,1,1,64,65,66,67,68,69,70,71,72,73,74,75,76,77,78,79","0.000727176666259766","fast_greedy","edit-xhwikibooks.graphml"
"0.72","0.27","0.01","0.110149942329873","2,2,2,4,5,6,7,8,9,10,11,12,13,14,15,16,17,18,19,20,1,21,22,23,24,25,26,27,28,29,30,31,32,33,3,3,34,35,1,1,1,1,36,37,38,39,1,40,41,42,1,1,1,1,1,43,44,45,46,1,47,1,1,48,49,1,1,1,1,1,50,1,51,52,1,1,1,1,1,1,1,53,54,55,56,57,1,1,1,1,58,59,60,1,1,1,61,1,1,1,1,1,1,1,1,1,1,62,63,1,1,1,1,64,65,66,67,68,69,70,71,72,73,74,75,76,77,78,79","0.000752925872802734","fast_greedy","edit-xhwikibooks.graphml"
"0.71","0.28","0.01","0.110149942329873","2,2,2,4,5,6,7,8,9,10,11,12,13,14,15,16,17,18,19,20,1,21,22,23,24,25,26,27,28,29,30,31,32,33,3,3,34,35,1,1,1,1,36,37,38,39,1,40,41,42,1,1,1,1,1,43,44,45,46,1,47,1,1,48,49,1,1,1,1,1,50,1,51,52,1,1,1,1,1,1,1,53,54,55,56,57,1,1,1,1,58,59,60,1,1,1,61,1,1,1,1,1,1,1,1,1,1,62,63,1,1,1,1,64,65,66,67,68,69,70,71,72,73,74,75,76,77,78,79","0.000764131546020508","fast_greedy","edit-xhwikibooks.graphml"
"0.7","0.29","0.01","0.110149942329873","2,2,2,4,5,6,7,8,9,10,11,12,13,14,15,16,17,18,19,20,1,21,22,23,24,25,26,27,28,29,30,31,32,33,3,3,34,35,1,1,1,1,36,37,38,39,1,40,41,42,1,1,1,1,1,43,44,45,46,1,47,1,1,48,49,1,1,1,1,1,50,1,51,52,1,1,1,1,1,1,1,53,54,55,56,57,1,1,1,1,58,59,60,1,1,1,61,1,1,1,1,1,1,1,1,1,1,62,63,1,1,1,1,64,65,66,67,68,69,70,71,72,73,74,75,76,77,78,79","0.00074005126953125","fast_greedy","edit-xhwikibooks.graphml"
"0.69","0.3","0.01","0.110149942329873","2,2,2,4,5,6,7,8,9,10,11,12,13,14,15,16,17,18,19,20,1,21,22,23,24,25,26,27,28,29,30,31,32,33,3,3,34,35,1,1,1,1,36,37,38,39,1,40,41,42,1,1,1,1,1,43,44,45,46,1,47,1,1,48,49,1,1,1,1,1,50,1,51,52,1,1,1,1,1,1,1,53,54,55,56,57,1,1,1,1,58,59,60,1,1,1,61,1,1,1,1,1,1,1,1,1,1,62,63,1,1,1,1,64,65,66,67,68,69,70,71,72,73,74,75,76,77,78,79","0.000767946243286133","fast_greedy","edit-xhwikibooks.graphml"
"0.68","0.31","0.01","0.110149942329873","2,2,2,4,5,6,7,8,9,10,11,12,13,14,15,16,17,18,19,20,1,21,22,23,24,25,26,27,28,29,30,31,32,33,3,3,34,35,1,1,1,1,36,37,38,39,1,40,41,42,1,1,1,1,1,43,44,45,46,1,47,1,1,48,49,1,1,1,1,1,50,1,51,52,1,1,1,1,1,1,1,53,54,55,56,57,1,1,1,1,58,59,60,1,1,1,61,1,1,1,1,1,1,1,1,1,1,62,63,1,1,1,1,64,65,66,67,68,69,70,71,72,73,74,75,76,77,78,79","0.000784873962402344","fast_greedy","edit-xhwikibooks.graphml"
"0.67","0.32","0.01","0.110149942329873","2,2,2,4,5,6,7,8,9,10,11,12,13,14,15,16,17,18,19,20,1,21,22,23,24,25,26,27,28,29,30,31,32,33,3,3,34,35,1,1,1,1,36,37,38,39,1,40,41,42,1,1,1,1,1,43,44,45,46,1,47,1,1,48,49,1,1,1,1,1,50,1,51,52,1,1,1,1,1,1,1,53,54,55,56,57,1,1,1,1,58,59,60,1,1,1,61,1,1,1,1,1,1,1,1,1,1,62,63,1,1,1,1,64,65,66,67,68,69,70,71,72,73,74,75,76,77,78,79","0.000781059265136719","fast_greedy","edit-xhwikibooks.graphml"
"0.66","0.33","0.01","0.110149942329873","2,2,2,4,5,6,7,8,9,10,11,12,13,14,15,16,17,18,19,20,1,21,22,23,24,25,26,27,28,29,30,31,32,33,3,3,34,35,1,1,1,1,36,37,38,39,1,40,41,42,1,1,1,1,1,43,44,45,46,1,47,1,1,48,49,1,1,1,1,1,50,1,51,52,1,1,1,1,1,1,1,53,54,55,56,57,1,1,1,1,58,59,60,1,1,1,61,1,1,1,1,1,1,1,1,1,1,62,63,1,1,1,1,64,65,66,67,68,69,70,71,72,73,74,75,76,77,78,79","0.000721931457519531","fast_greedy","edit-xhwikibooks.graphml"
"0.65","0.34","0.01","0.143306213017751","2,2,2,5,6,7,8,9,10,11,12,13,14,4,4,15,16,17,18,19,1,20,21,22,23,24,25,26,27,28,29,30,31,32,3,3,33,34,1,1,1,1,35,36,37,38,1,39,40,41,1,1,1,1,1,42,43,44,45,1,46,1,1,47,48,1,1,1,1,1,49,1,50,51,1,1,1,1,1,1,1,52,53,54,55,56,1,1,1,1,57,58,59,1,1,1,60,1,1,1,1,1,1,1,1,1,1,61,62,1,1,1,1,63,64,65,66,67,68,69,70,71,72,73,74,75,76,77,78","0.000782966613769531","fast_greedy","edit-xhwikibooks.graphml"
"0.64","0.35","0.01","0.143306213017751","2,2,2,5,6,7,8,9,10,11,12,13,14,4,4,15,16,17,18,19,1,20,21,22,23,24,25,26,27,28,29,30,31,32,3,3,33,34,1,1,1,1,35,36,37,38,1,39,40,41,1,1,1,1,1,42,43,44,45,1,46,1,1,47,48,1,1,1,1,1,49,1,50,51,1,1,1,1,1,1,1,52,53,54,55,56,1,1,1,1,57,58,59,1,1,1,60,1,1,1,1,1,1,1,1,1,1,61,62,1,1,1,1,63,64,65,66,67,68,69,70,71,72,73,74,75,76,77,78","0.000743865966796875","fast_greedy","edit-xhwikibooks.graphml"
"0.63","0.36","0.01","0.143306213017751","2,2,2,5,6,7,8,9,10,11,12,13,14,4,4,15,16,17,18,19,1,20,21,22,23,24,25,26,27,28,29,30,31,32,3,3,33,34,1,1,1,1,35,36,37,38,1,39,40,41,1,1,1,1,1,42,43,44,45,1,46,1,1,47,48,1,1,1,1,1,49,1,50,51,1,1,1,1,1,1,1,52,53,54,55,56,1,1,1,1,57,58,59,1,1,1,60,1,1,1,1,1,1,1,1,1,1,61,62,1,1,1,1,63,64,65,66,67,68,69,70,71,72,73,74,75,76,77,78","0.000735044479370117","fast_greedy","edit-xhwikibooks.graphml"
"0.62","0.37","0.01","0.143306213017751","2,2,2,5,6,7,8,9,10,11,12,13,14,4,4,15,16,17,18,19,1,20,21,22,23,24,25,26,27,28,29,30,31,32,3,3,33,34,1,1,1,1,35,36,37,38,1,39,40,41,1,1,1,1,1,42,43,44,45,1,46,1,1,47,48,1,1,1,1,1,49,1,50,51,1,1,1,1,1,1,1,52,53,54,55,56,1,1,1,1,57,58,59,1,1,1,60,1,1,1,1,1,1,1,1,1,1,61,62,1,1,1,1,63,64,65,66,67,68,69,70,71,72,73,74,75,76,77,78","0.000821113586425781","fast_greedy","edit-xhwikibooks.graphml"
"0.61","0.38","0.01","0.143306213017751","2,2,2,5,6,7,8,9,10,11,12,13,14,4,4,15,16,17,18,19,1,20,21,22,23,24,25,26,27,28,29,30,31,32,3,3,33,34,1,1,1,1,35,36,37,38,1,39,40,41,1,1,1,1,1,42,43,44,45,1,46,1,1,47,48,1,1,1,1,1,49,1,50,51,1,1,1,1,1,1,1,52,53,54,55,56,1,1,1,1,57,58,59,1,1,1,60,1,1,1,1,1,1,1,1,1,1,61,62,1,1,1,1,63,64,65,66,67,68,69,70,71,72,73,74,75,76,77,78","0.000762939453125","fast_greedy","edit-xhwikibooks.graphml"
"0.6","0.39","0.01","0.143306213017751","2,2,2,5,6,7,8,9,10,11,12,13,14,4,4,15,16,17,18,19,1,20,21,22,23,24,25,26,27,28,29,30,31,32,3,3,33,34,1,1,1,1,35,36,37,38,1,39,40,41,1,1,1,1,1,42,43,44,45,1,46,1,1,47,48,1,1,1,1,1,49,1,50,51,1,1,1,1,1,1,1,52,53,54,55,56,1,1,1,1,57,58,59,1,1,1,60,1,1,1,1,1,1,1,1,1,1,61,62,1,1,1,1,63,64,65,66,67,68,69,70,71,72,73,74,75,76,77,78","0.000774145126342773","fast_greedy","edit-xhwikibooks.graphml"
"0.59","0.4","0.01","0.143306213017751","2,2,2,5,6,7,8,9,10,11,12,13,14,4,4,15,16,17,18,19,1,20,21,22,23,24,25,26,27,28,29,30,31,32,3,3,33,34,1,1,1,1,35,36,37,38,1,39,40,41,1,1,1,1,1,42,43,44,45,1,46,1,1,47,48,1,1,1,1,1,49,1,50,51,1,1,1,1,1,1,1,52,53,54,55,56,1,1,1,1,57,58,59,1,1,1,60,1,1,1,1,1,1,1,1,1,1,61,62,1,1,1,1,63,64,65,66,67,68,69,70,71,72,73,74,75,76,77,78","0.000762939453125","fast_greedy","edit-xhwikibooks.graphml"
"0.58","0.41","0.01","0.143306213017751","2,2,2,5,6,7,8,9,10,11,12,13,14,4,4,15,16,17,18,19,1,20,21,22,23,24,25,26,27,28,29,30,31,32,3,3,33,34,1,1,1,1,35,36,37,38,1,39,40,41,1,1,1,1,1,42,43,44,45,1,46,1,1,47,48,1,1,1,1,1,49,1,50,51,1,1,1,1,1,1,1,52,53,54,55,56,1,1,1,1,57,58,59,1,1,1,60,1,1,1,1,1,1,1,1,1,1,61,62,1,1,1,1,63,64,65,66,67,68,69,70,71,72,73,74,75,76,77,78","0.000741004943847656","fast_greedy","edit-xhwikibooks.graphml"
"0.57","0.42","0.01","0.143306213017751","2,2,2,5,6,7,8,9,10,11,12,13,14,4,4,15,16,17,18,19,1,20,21,22,23,24,25,26,27,28,29,30,31,32,3,3,33,34,1,1,1,1,35,36,37,38,1,39,40,41,1,1,1,1,1,42,43,44,45,1,46,1,1,47,48,1,1,1,1,1,49,1,50,51,1,1,1,1,1,1,1,52,53,54,55,56,1,1,1,1,57,58,59,1,1,1,60,1,1,1,1,1,1,1,1,1,1,61,62,1,1,1,1,63,64,65,66,67,68,69,70,71,72,73,74,75,76,77,78","0.000787973403930664","fast_greedy","edit-xhwikibooks.graphml"
"0.56","0.43","0.01","0.143306213017751","2,2,2,5,6,7,8,9,10,11,12,13,14,4,4,15,16,17,18,19,1,20,21,22,23,24,25,26,27,28,29,30,31,32,3,3,33,34,1,1,1,1,35,36,37,38,1,39,40,41,1,1,1,1,1,42,43,44,45,1,46,1,1,47,48,1,1,1,1,1,49,1,50,51,1,1,1,1,1,1,1,52,53,54,55,56,1,1,1,1,57,58,59,1,1,1,60,1,1,1,1,1,1,1,1,1,1,61,62,1,1,1,1,63,64,65,66,67,68,69,70,71,72,73,74,75,76,77,78","0.000777959823608398","fast_greedy","edit-xhwikibooks.graphml"
"0.55","0.44","0.01","0.143306213017751","2,2,2,5,6,7,8,9,10,11,12,13,14,4,4,15,16,17,18,19,1,20,21,22,23,24,25,26,27,28,29,30,31,32,3,3,33,34,1,1,1,1,35,36,37,38,1,39,40,41,1,1,1,1,1,42,43,44,45,1,46,1,1,47,48,1,1,1,1,1,49,1,50,51,1,1,1,1,1,1,1,52,53,54,55,56,1,1,1,1,57,58,59,1,1,1,60,1,1,1,1,1,1,1,1,1,1,61,62,1,1,1,1,63,64,65,66,67,68,69,70,71,72,73,74,75,76,77,78","0.000766992568969727","fast_greedy","edit-xhwikibooks.graphml"
"0.54","0.45","0.01","0.143306213017751","2,2,2,5,6,7,8,9,10,11,12,13,14,4,4,15,16,17,18,19,1,20,21,22,23,24,25,26,27,28,29,30,31,32,3,3,33,34,1,1,1,1,35,36,37,38,1,39,40,41,1,1,1,1,1,42,43,44,45,1,46,1,1,47,48,1,1,1,1,1,49,1,50,51,1,1,1,1,1,1,1,52,53,54,55,56,1,1,1,1,57,58,59,1,1,1,60,1,1,1,1,1,1,1,1,1,1,61,62,1,1,1,1,63,64,65,66,67,68,69,70,71,72,73,74,75,76,77,78","0.000755071640014648","fast_greedy","edit-xhwikibooks.graphml"
"0.53","0.46","0.01","0.143306213017751","2,2,2,5,6,7,8,9,10,11,12,13,14,4,4,15,16,17,18,19,1,20,21,22,23,24,25,26,27,28,29,30,31,32,3,3,33,34,1,1,1,1,35,36,37,38,1,39,40,41,1,1,1,1,1,42,43,44,45,1,46,1,1,47,48,1,1,1,1,1,49,1,50,51,1,1,1,1,1,1,1,52,53,54,55,56,1,1,1,1,57,58,59,1,1,1,60,1,1,1,1,1,1,1,1,1,1,61,62,1,1,1,1,63,64,65,66,67,68,69,70,71,72,73,74,75,76,77,78","0.000762939453125","fast_greedy","edit-xhwikibooks.graphml"
"0.52","0.47","0.01","0.143306213017751","2,2,2,5,6,7,8,9,10,11,12,13,14,4,4,15,16,17,18,19,1,20,21,22,23,24,25,26,27,28,29,30,31,32,3,3,33,34,1,1,1,1,35,36,37,38,1,39,40,41,1,1,1,1,1,42,43,44,45,1,46,1,1,47,48,1,1,1,1,1,49,1,50,51,1,1,1,1,1,1,1,52,53,54,55,56,1,1,1,1,57,58,59,1,1,1,60,1,1,1,1,1,1,1,1,1,1,61,62,1,1,1,1,63,64,65,66,67,68,69,70,71,72,73,74,75,76,77,78","0.000754117965698242","fast_greedy","edit-xhwikibooks.graphml"
"0.51","0.48","0.01","0.541666666666667","2,1,2,5,6,7,8,9,10,11,12,13,14,4,4,15,16,17,18,19,1,20,21,22,23,24,25,26,27,28,29,30,31,32,3,3,33,34,35,36,37,38,39,40,41,42,43,44,45,46,47,48,49,50,51,52,53,54,55,56,57,58,59,60,61,62,63,64,65,66,67,68,69,70,71,72,73,74,75,76,77,78,79,80,81,82,83,84,85,86,87,88,89,90,91,92,93,94,95,96,97,98,99,100,101,102,103,104,105,1,106,107,108,109,110,111,112,113,114,115,116,117,118,119,120,121,122,123,124","0.000741958618164062","fast_greedy","edit-xhwikibooks.graphml"
"0.5","0.49","0.01","0.56","1,1,1,4,5,6,7,8,9,10,11,12,13,3,3,14,15,16,17,18,1,19,20,21,22,23,24,25,26,27,28,29,30,31,2,2,32,33,34,35,36,37,38,39,40,41,42,43,44,45,46,47,48,49,50,51,52,53,54,55,56,57,58,59,60,61,62,63,64,65,66,67,68,69,70,71,72,73,74,75,76,77,78,79,80,81,82,83,84,85,86,87,88,89,90,91,92,93,94,95,96,97,98,99,100,101,102,103,104,105,106,107,108,109,110,111,112,113,114,115,116,117,118,119,120,121,122,123,124","0.000760078430175781","fast_greedy","edit-xhwikibooks.graphml"
"0.49","0.5","0.01","0.6016","2,2,2,7,8,9,10,6,11,12,13,14,4,4,4,15,16,17,18,19,2,20,21,6,3,3,3,22,23,24,25,26,27,28,5,5,29,30,31,32,33,34,35,36,37,38,39,40,41,42,43,44,45,46,47,48,49,50,51,52,53,54,55,56,57,58,59,60,61,62,63,64,65,66,67,68,69,70,71,72,73,74,75,76,77,78,79,80,81,82,83,84,85,86,87,88,89,90,91,92,93,94,95,96,97,98,99,100,101,102,103,104,105,1,106,107,1,1,1,1,1,108,109,110,111,112,113,114,115","0.000709772109985352","fast_greedy","edit-xhwikibooks.graphml"
"0.48","0.51","0.01","0.6016","2,2,2,7,8,9,10,6,11,12,13,14,4,4,4,15,16,17,18,19,2,20,21,6,3,3,3,22,23,24,25,26,27,28,5,5,29,30,31,32,33,34,35,36,37,38,39,40,41,42,43,44,45,46,47,48,49,50,51,52,53,54,55,56,57,58,59,60,61,62,63,64,65,66,67,68,69,70,71,72,73,74,75,76,77,78,79,80,81,82,83,84,85,86,87,88,89,90,91,92,93,94,95,96,97,98,99,100,101,102,103,104,105,1,106,107,1,1,1,1,1,108,109,110,111,112,113,114,115","0.000731945037841797","fast_greedy","edit-xhwikibooks.graphml"
"0.47","0.52","0.01","0.576388888888889","4,4,4,7,8,9,10,6,11,12,13,14,3,3,3,15,16,17,18,19,20,21,22,6,2,2,2,23,24,25,26,27,28,29,5,5,30,31,32,33,34,35,36,37,38,39,40,41,42,43,44,45,46,47,48,49,50,51,52,53,54,55,56,57,58,59,60,61,62,63,64,65,66,67,68,69,70,71,72,73,74,75,76,77,78,79,80,81,82,83,84,85,86,87,88,89,90,91,92,93,94,95,96,97,98,99,100,101,102,103,104,105,106,1,107,108,1,1,1,1,1,109,110,111,112,113,114,115,116","0.000742197036743164","fast_greedy","edit-xhwikibooks.graphml"
"0.46","0.53","0.01","0.576388888888889","4,4,4,7,8,9,10,6,11,12,13,14,3,3,3,15,16,17,18,19,20,21,22,6,2,2,2,23,24,25,26,27,28,29,5,5,30,31,32,33,34,35,36,37,38,39,40,41,42,43,44,45,46,47,48,49,50,51,52,53,54,55,56,57,58,59,60,61,62,63,64,65,66,67,68,69,70,71,72,73,74,75,76,77,78,79,80,81,82,83,84,85,86,87,88,89,90,91,92,93,94,95,96,97,98,99,100,101,102,103,104,105,106,1,107,108,1,1,1,1,1,109,110,111,112,113,114,115,116","0.000946044921875","fast_greedy","edit-xhwikibooks.graphml"
"0.45","0.54","0.01","0.576388888888889","4,4,4,7,8,9,10,6,11,12,13,14,3,3,3,15,16,17,18,19,20,21,22,6,2,2,2,23,24,25,26,27,28,29,5,5,30,31,32,33,34,35,36,37,38,39,40,41,42,43,44,45,46,47,48,49,50,51,52,53,54,55,56,57,58,59,60,61,62,63,64,65,66,67,68,69,70,71,72,73,74,75,76,77,78,79,80,81,82,83,84,85,86,87,88,89,90,91,92,93,94,95,96,97,98,99,100,101,102,103,104,105,106,1,107,108,1,1,1,1,1,109,110,111,112,113,114,115,116","0.000725984573364258","fast_greedy","edit-xhwikibooks.graphml"
"0.44","0.55","0.01","0.576388888888889","4,4,4,7,8,9,10,6,11,12,13,14,3,3,3,15,16,17,18,19,20,21,22,6,2,2,2,23,24,25,26,27,28,29,5,5,30,31,32,33,34,35,36,37,38,39,40,41,42,43,44,45,46,47,48,49,50,51,52,53,54,55,56,57,58,59,60,61,62,63,64,65,66,67,68,69,70,71,72,73,74,75,76,77,78,79,80,81,82,83,84,85,86,87,88,89,90,91,92,93,94,95,96,97,98,99,100,101,102,103,104,105,106,1,107,108,1,1,1,1,1,109,110,111,112,113,114,115,116","0.000730991363525391","fast_greedy","edit-xhwikibooks.graphml"
"0.43","0.56","0.01","0.576388888888889","4,4,4,7,8,9,10,6,11,12,13,14,3,3,3,15,16,17,18,19,20,21,22,6,2,2,2,23,24,25,26,27,28,29,5,5,30,31,32,33,34,35,36,37,38,39,40,41,42,43,44,45,46,47,48,49,50,51,52,53,54,55,56,57,58,59,60,61,62,63,64,65,66,67,68,69,70,71,72,73,74,75,76,77,78,79,80,81,82,83,84,85,86,87,88,89,90,91,92,93,94,95,96,97,98,99,100,101,102,103,104,105,106,1,107,108,1,1,1,1,1,109,110,111,112,113,114,115,116","0.000753879547119141","fast_greedy","edit-xhwikibooks.graphml"
"0.42","0.57","0.01","0.576388888888889","4,4,4,7,8,9,10,6,11,12,13,14,3,3,3,15,16,17,18,19,20,21,22,6,2,2,2,23,24,25,26,27,28,29,5,5,30,31,32,33,34,35,36,37,38,39,40,41,42,43,44,45,46,47,48,49,50,51,52,53,54,55,56,57,58,59,60,61,62,63,64,65,66,67,68,69,70,71,72,73,74,75,76,77,78,79,80,81,82,83,84,85,86,87,88,89,90,91,92,93,94,95,96,97,98,99,100,101,102,103,104,105,106,1,107,108,1,1,1,1,1,109,110,111,112,113,114,115,116","0.000698089599609375","fast_greedy","edit-xhwikibooks.graphml"
"0.41","0.58","0.01","0.576388888888889","4,4,4,7,8,9,10,6,11,12,13,14,3,3,3,15,16,17,18,19,20,21,22,6,2,2,2,23,24,25,26,27,28,29,5,5,30,31,32,33,34,35,36,37,38,39,40,41,42,43,44,45,46,47,48,49,50,51,52,53,54,55,56,57,58,59,60,61,62,63,64,65,66,67,68,69,70,71,72,73,74,75,76,77,78,79,80,81,82,83,84,85,86,87,88,89,90,91,92,93,94,95,96,97,98,99,100,101,102,103,104,105,106,1,107,108,1,1,1,1,1,109,110,111,112,113,114,115,116","0.000770092010498047","fast_greedy","edit-xhwikibooks.graphml"
"0.4","0.59","0.01","0.576388888888889","4,4,4,7,8,9,10,6,11,12,13,14,3,3,3,15,16,17,18,19,20,21,22,6,2,2,2,23,24,25,26,27,28,29,5,5,30,31,32,33,34,35,36,37,38,39,40,41,42,43,44,45,46,47,48,49,50,51,52,53,54,55,56,57,58,59,60,61,62,63,64,65,66,67,68,69,70,71,72,73,74,75,76,77,78,79,80,81,82,83,84,85,86,87,88,89,90,91,92,93,94,95,96,97,98,99,100,101,102,103,104,105,106,1,107,108,1,1,1,1,1,109,110,111,112,113,114,115,116","0.000743865966796875","fast_greedy","edit-xhwikibooks.graphml"
"0.39","0.6","0.01","0.576388888888889","4,4,4,7,8,9,10,6,11,12,13,14,3,3,3,15,16,17,18,19,20,21,22,6,2,2,2,23,24,25,26,27,28,29,5,5,30,31,32,33,34,35,36,37,38,39,40,41,42,43,44,45,46,47,48,49,50,51,52,53,54,55,56,57,58,59,60,61,62,63,64,65,66,67,68,69,70,71,72,73,74,75,76,77,78,79,80,81,82,83,84,85,86,87,88,89,90,91,92,93,94,95,96,97,98,99,100,101,102,103,104,105,106,1,107,108,1,1,1,1,1,109,110,111,112,113,114,115,116","0.000750064849853516","fast_greedy","edit-xhwikibooks.graphml"
"0.38","0.61","0.01","0.576388888888889","4,4,4,7,8,9,10,6,11,12,13,14,3,3,3,15,16,17,18,19,20,21,22,6,2,2,2,23,24,25,26,27,28,29,5,5,30,31,32,33,34,35,36,37,38,39,40,41,42,43,44,45,46,47,48,49,50,51,52,53,54,55,56,57,58,59,60,61,62,63,64,65,66,67,68,69,70,71,72,73,74,75,76,77,78,79,80,81,82,83,84,85,86,87,88,89,90,91,92,93,94,95,96,97,98,99,100,101,102,103,104,105,106,1,107,108,1,1,1,1,1,109,110,111,112,113,114,115,116","0.00077509880065918","fast_greedy","edit-xhwikibooks.graphml"
"0.37","0.62","0.01","0.576388888888889","4,4,4,7,8,9,10,6,11,12,13,14,3,3,3,15,16,17,18,19,20,21,22,6,2,2,2,23,24,25,26,27,28,29,5,5,30,31,32,33,34,35,36,37,38,39,40,41,42,43,44,45,46,47,48,49,50,51,52,53,54,55,56,57,58,59,60,61,62,63,64,65,66,67,68,69,70,71,72,73,74,75,76,77,78,79,80,81,82,83,84,85,86,87,88,89,90,91,92,93,94,95,96,97,98,99,100,101,102,103,104,105,106,1,107,108,1,1,1,1,1,109,110,111,112,113,114,115,116","0.000753164291381836","fast_greedy","edit-xhwikibooks.graphml"
"0.36","0.63","0.01","0.576388888888889","4,4,4,7,8,9,10,6,11,12,13,14,3,3,3,15,16,17,18,19,20,21,22,6,2,2,2,23,24,25,26,27,28,29,5,5,30,31,32,33,34,35,36,37,38,39,40,41,42,43,44,45,46,47,48,49,50,51,52,53,54,55,56,57,58,59,60,61,62,63,64,65,66,67,68,69,70,71,72,73,74,75,76,77,78,79,80,81,82,83,84,85,86,87,88,89,90,91,92,93,94,95,96,97,98,99,100,101,102,103,104,105,106,1,107,108,1,1,1,1,1,109,110,111,112,113,114,115,116","0.00111103057861328","fast_greedy","edit-xhwikibooks.graphml"
"0.35","0.64","0.01","0.576388888888889","4,4,4,7,8,9,10,6,11,12,13,14,3,3,3,15,16,17,18,19,20,21,22,6,2,2,2,23,24,25,26,27,28,29,5,5,30,31,32,33,34,35,36,37,38,39,40,41,42,43,44,45,46,47,48,49,50,51,52,53,54,55,56,57,58,59,60,61,62,63,64,65,66,67,68,69,70,71,72,73,74,75,76,77,78,79,80,81,82,83,84,85,86,87,88,89,90,91,92,93,94,95,96,97,98,99,100,101,102,103,104,105,106,1,107,108,1,1,1,1,1,109,110,111,112,113,114,115,116","0.000730991363525391","fast_greedy","edit-xhwikibooks.graphml"
"0.34","0.65","0.01","0.576388888888889","4,4,4,7,8,9,10,6,11,12,13,14,3,3,3,15,16,17,18,19,20,21,22,6,2,2,2,23,24,25,26,27,28,29,5,5,30,31,32,33,34,35,36,37,38,39,40,41,42,43,44,45,46,47,48,49,50,51,52,53,54,55,56,57,58,59,60,61,62,63,64,65,66,67,68,69,70,71,72,73,74,75,76,77,78,79,80,81,82,83,84,85,86,87,88,89,90,91,92,93,94,95,96,97,98,99,100,101,102,103,104,105,106,1,107,108,1,1,1,1,1,109,110,111,112,113,114,115,116","0.000743865966796875","fast_greedy","edit-xhwikibooks.graphml"
"0.33","0.66","0.01","0.576388888888889","4,4,4,7,8,9,10,6,11,12,13,14,3,3,3,15,16,17,18,19,20,21,22,6,2,2,2,23,24,25,26,27,28,29,5,5,30,31,32,33,34,35,36,37,38,39,40,41,42,43,44,45,46,47,48,49,50,51,52,53,54,55,56,57,58,59,60,61,62,63,64,65,66,67,68,69,70,71,72,73,74,75,76,77,78,79,80,81,82,83,84,85,86,87,88,89,90,91,92,93,94,95,96,97,98,99,100,101,102,103,104,105,106,1,107,108,1,1,1,1,1,109,110,111,112,113,114,115,116","0.000760078430175781","fast_greedy","edit-xhwikibooks.graphml"
"0.32","0.67","0.01","0.576388888888889","4,4,4,7,8,9,10,6,11,12,13,14,3,3,3,15,16,17,18,19,20,21,22,6,2,2,2,23,24,25,26,27,28,29,5,5,30,31,32,33,34,35,36,37,38,39,40,41,42,43,44,45,46,47,48,49,50,51,52,53,54,55,56,57,58,59,60,61,62,63,64,65,66,67,68,69,70,71,72,73,74,75,76,77,78,79,80,81,82,83,84,85,86,87,88,89,90,91,92,93,94,95,96,97,98,99,100,101,102,103,104,105,106,1,107,108,1,1,1,1,1,109,110,111,112,113,114,115,116","0.000730991363525391","fast_greedy","edit-xhwikibooks.graphml"
"0.31","0.68","0.01","0.576388888888889","4,4,4,7,8,9,10,6,11,12,13,14,3,3,3,15,16,17,18,19,20,21,22,6,2,2,2,23,24,25,26,27,28,29,5,5,30,31,32,33,34,35,36,37,38,39,40,41,42,43,44,45,46,47,48,49,50,51,52,53,54,55,56,57,58,59,60,61,62,63,64,65,66,67,68,69,70,71,72,73,74,75,76,77,78,79,80,81,82,83,84,85,86,87,88,89,90,91,92,93,94,95,96,97,98,99,100,101,102,103,104,105,106,1,107,108,1,1,1,1,1,109,110,111,112,113,114,115,116","0.000737190246582031","fast_greedy","edit-xhwikibooks.graphml"
"0.3","0.69","0.01","0.576388888888889","4,4,4,7,8,9,10,6,11,12,13,14,3,3,3,15,16,17,18,19,20,21,22,6,2,2,2,23,24,25,26,27,28,29,5,5,30,31,32,33,34,35,36,37,38,39,40,41,42,43,44,45,46,47,48,49,50,51,52,53,54,55,56,57,58,59,60,61,62,63,64,65,66,67,68,69,70,71,72,73,74,75,76,77,78,79,80,81,82,83,84,85,86,87,88,89,90,91,92,93,94,95,96,97,98,99,100,101,102,103,104,105,106,1,107,108,1,1,1,1,1,109,110,111,112,113,114,115,116","0.000875949859619141","fast_greedy","edit-xhwikibooks.graphml"
"0.29","0.7","0.01","0.576388888888889","4,4,4,7,8,9,10,6,11,12,13,14,3,3,3,15,16,17,18,19,20,21,22,6,2,2,2,23,24,25,26,27,28,29,5,5,30,31,32,33,34,35,36,37,38,39,40,41,42,43,44,45,46,47,48,49,50,51,52,53,54,55,56,57,58,59,60,61,62,63,64,65,66,67,68,69,70,71,72,73,74,75,76,77,78,79,80,81,82,83,84,85,86,87,88,89,90,91,92,93,94,95,96,97,98,99,100,101,102,103,104,105,106,1,107,108,1,1,1,1,1,109,110,111,112,113,114,115,116","0.000732898712158203","fast_greedy","edit-xhwikibooks.graphml"
"0.28","0.71","0.01","0.576388888888889","4,4,4,7,8,9,10,6,11,12,13,14,3,3,3,15,16,17,18,19,20,21,22,6,2,2,2,23,24,25,26,27,28,29,5,5,30,31,32,33,34,35,36,37,38,39,40,41,42,43,44,45,46,47,48,49,50,51,52,53,54,55,56,57,58,59,60,61,62,63,64,65,66,67,68,69,70,71,72,73,74,75,76,77,78,79,80,81,82,83,84,85,86,87,88,89,90,91,92,93,94,95,96,97,98,99,100,101,102,103,104,105,106,1,107,108,1,1,1,1,1,109,110,111,112,113,114,115,116","0.00071406364440918","fast_greedy","edit-xhwikibooks.graphml"
"0.27","0.72","0.01","0.576388888888889","4,4,4,7,8,9,10,6,11,12,13,14,3,3,3,15,16,17,18,19,20,21,22,6,2,2,2,23,24,25,26,27,28,29,5,5,30,31,32,33,34,35,36,37,38,39,40,41,42,43,44,45,46,47,48,49,50,51,52,53,54,55,56,57,58,59,60,61,62,63,64,65,66,67,68,69,70,71,72,73,74,75,76,77,78,79,80,81,82,83,84,85,86,87,88,89,90,91,92,93,94,95,96,97,98,99,100,101,102,103,104,105,106,1,107,108,1,1,1,1,1,109,110,111,112,113,114,115,116","0.000752925872802734","fast_greedy","edit-xhwikibooks.graphml"
"0.26","0.73","0.01","0.576388888888889","4,4,4,7,8,9,10,6,11,12,13,14,3,3,3,15,16,17,18,19,20,21,22,6,2,2,2,23,24,25,26,27,28,29,5,5,30,31,32,33,34,35,36,37,38,39,40,41,42,43,44,45,46,47,48,49,50,51,52,53,54,55,56,57,58,59,60,61,62,63,64,65,66,67,68,69,70,71,72,73,74,75,76,77,78,79,80,81,82,83,84,85,86,87,88,89,90,91,92,93,94,95,96,97,98,99,100,101,102,103,104,105,106,1,107,108,1,1,1,1,1,109,110,111,112,113,114,115,116","0.000771045684814453","fast_greedy","edit-xhwikibooks.graphml"
"0.25","0.74","0.01","0.576388888888889","4,4,4,7,8,9,10,6,11,12,13,14,3,3,3,15,16,17,18,19,20,21,22,6,2,2,2,23,24,25,26,27,28,29,5,5,30,31,32,33,34,35,36,37,38,39,40,41,42,43,44,45,46,47,48,49,50,51,52,53,54,55,56,57,58,59,60,61,62,63,64,65,66,67,68,69,70,71,72,73,74,75,76,77,78,79,80,81,82,83,84,85,86,87,88,89,90,91,92,93,94,95,96,97,98,99,100,101,102,103,104,105,106,1,107,108,1,1,1,1,1,109,110,111,112,113,114,115,116","0.000726938247680664","fast_greedy","edit-xhwikibooks.graphml"
"0.24","0.75","0.01","0.576388888888889","4,4,4,7,8,9,10,6,11,12,13,14,3,3,3,15,16,17,18,19,20,21,22,6,2,2,2,23,24,25,26,27,28,29,5,5,30,31,32,33,34,35,36,37,38,39,40,41,42,43,44,45,46,47,48,49,50,51,52,53,54,55,56,57,58,59,60,61,62,63,64,65,66,67,68,69,70,71,72,73,74,75,76,77,78,79,80,81,82,83,84,85,86,87,88,89,90,91,92,93,94,95,96,97,98,99,100,101,102,103,104,105,106,1,107,108,1,1,1,1,1,109,110,111,112,113,114,115,116","0.000856876373291016","fast_greedy","edit-xhwikibooks.graphml"
"0.23","0.76","0.01","0.576388888888889","4,4,4,7,8,9,10,6,11,12,13,14,3,3,3,15,16,17,18,19,20,21,22,6,2,2,2,23,24,25,26,27,28,29,5,5,30,31,32,33,34,35,36,37,38,39,40,41,42,43,44,45,46,47,48,49,50,51,52,53,54,55,56,57,58,59,60,61,62,63,64,65,66,67,68,69,70,71,72,73,74,75,76,77,78,79,80,81,82,83,84,85,86,87,88,89,90,91,92,93,94,95,96,97,98,99,100,101,102,103,104,105,106,1,107,108,1,1,1,1,1,109,110,111,112,113,114,115,116","0.000895977020263672","fast_greedy","edit-xhwikibooks.graphml"
"0.22","0.77","0.01","0.576388888888889","4,4,4,7,8,9,10,6,11,12,13,14,3,3,3,15,16,17,18,19,20,21,22,6,2,2,2,23,24,25,26,27,28,29,5,5,30,31,32,33,34,35,36,37,38,39,40,41,42,43,44,45,46,47,48,49,50,51,52,53,54,55,56,57,58,59,60,61,62,63,64,65,66,67,68,69,70,71,72,73,74,75,76,77,78,79,80,81,82,83,84,85,86,87,88,89,90,91,92,93,94,95,96,97,98,99,100,101,102,103,104,105,106,1,107,108,1,1,1,1,1,109,110,111,112,113,114,115,116","0.000949859619140625","fast_greedy","edit-xhwikibooks.graphml"
"0.21","0.78","0.01","0.576388888888889","4,4,4,7,8,9,10,6,11,12,13,14,3,3,3,15,16,17,18,19,20,21,22,6,2,2,2,23,24,25,26,27,28,29,5,5,30,31,32,33,34,35,36,37,38,39,40,41,42,43,44,45,46,47,48,49,50,51,52,53,54,55,56,57,58,59,60,61,62,63,64,65,66,67,68,69,70,71,72,73,74,75,76,77,78,79,80,81,82,83,84,85,86,87,88,89,90,91,92,93,94,95,96,97,98,99,100,101,102,103,104,105,106,1,107,108,1,1,1,1,1,109,110,111,112,113,114,115,116","0.000905990600585938","fast_greedy","edit-xhwikibooks.graphml"
"0.2","0.79","0.01","0.576388888888889","4,4,4,7,8,9,10,6,11,12,13,14,3,3,3,15,16,17,18,19,20,21,22,6,2,2,2,23,24,25,26,27,28,29,5,5,30,31,32,33,34,35,36,37,38,39,40,41,42,43,44,45,46,47,48,49,50,51,52,53,54,55,56,57,58,59,60,61,62,63,64,65,66,67,68,69,70,71,72,73,74,75,76,77,78,79,80,81,82,83,84,85,86,87,88,89,90,91,92,93,94,95,96,97,98,99,100,101,102,103,104,105,106,1,107,108,1,1,1,1,1,109,110,111,112,113,114,115,116","0.000863075256347656","fast_greedy","edit-xhwikibooks.graphml"
"0.19","0.8","0.01","0.576388888888889","4,4,4,7,8,9,10,6,11,12,13,14,3,3,3,15,16,17,18,19,20,21,22,6,2,2,2,23,24,25,26,27,28,29,5,5,30,31,32,33,34,35,36,37,38,39,40,41,42,43,44,45,46,47,48,49,50,51,52,53,54,55,56,57,58,59,60,61,62,63,64,65,66,67,68,69,70,71,72,73,74,75,76,77,78,79,80,81,82,83,84,85,86,87,88,89,90,91,92,93,94,95,96,97,98,99,100,101,102,103,104,105,106,1,107,108,1,1,1,1,1,109,110,111,112,113,114,115,116","0.000871896743774414","fast_greedy","edit-xhwikibooks.graphml"
"0.18","0.81","0.01","0.576388888888889","4,4,4,7,8,9,10,6,11,12,13,14,3,3,3,15,16,17,18,19,20,21,22,6,2,2,2,23,24,25,26,27,28,29,5,5,30,31,32,33,34,35,36,37,38,39,40,41,42,43,44,45,46,47,48,49,50,51,52,53,54,55,56,57,58,59,60,61,62,63,64,65,66,67,68,69,70,71,72,73,74,75,76,77,78,79,80,81,82,83,84,85,86,87,88,89,90,91,92,93,94,95,96,97,98,99,100,101,102,103,104,105,106,1,107,108,1,1,1,1,1,109,110,111,112,113,114,115,116","0.000886201858520508","fast_greedy","edit-xhwikibooks.graphml"
"0.17","0.82","0.01","0.576388888888889","4,4,4,7,8,9,10,6,11,12,13,14,3,3,3,15,16,17,18,19,20,21,22,6,2,2,2,23,24,25,26,27,28,29,5,5,30,31,32,33,34,35,36,37,38,39,40,41,42,43,44,45,46,47,48,49,50,51,52,53,54,55,56,57,58,59,60,61,62,63,64,65,66,67,68,69,70,71,72,73,74,75,76,77,78,79,80,81,82,83,84,85,86,87,88,89,90,91,92,93,94,95,96,97,98,99,100,101,102,103,104,105,106,1,107,108,1,1,1,1,1,109,110,111,112,113,114,115,116","0.000905990600585938","fast_greedy","edit-xhwikibooks.graphml"
"0.16","0.83","0.01","0.576388888888889","4,4,4,7,8,9,10,6,11,12,13,14,3,3,3,15,16,17,18,19,20,21,22,6,2,2,2,23,24,25,26,27,28,29,5,5,30,31,32,33,34,35,36,37,38,39,40,41,42,43,44,45,46,47,48,49,50,51,52,53,54,55,56,57,58,59,60,61,62,63,64,65,66,67,68,69,70,71,72,73,74,75,76,77,78,79,80,81,82,83,84,85,86,87,88,89,90,91,92,93,94,95,96,97,98,99,100,101,102,103,104,105,106,1,107,108,1,1,1,1,1,109,110,111,112,113,114,115,116","0.00107407569885254","fast_greedy","edit-xhwikibooks.graphml"
"0.15","0.84","0.01","0.576388888888889","4,4,4,7,8,9,10,6,11,12,13,14,3,3,3,15,16,17,18,19,20,21,22,6,2,2,2,23,24,25,26,27,28,29,5,5,30,31,32,33,34,35,36,37,38,39,40,41,42,43,44,45,46,47,48,49,50,51,52,53,54,55,56,57,58,59,60,61,62,63,64,65,66,67,68,69,70,71,72,73,74,75,76,77,78,79,80,81,82,83,84,85,86,87,88,89,90,91,92,93,94,95,96,97,98,99,100,101,102,103,104,105,106,1,107,108,1,1,1,1,1,109,110,111,112,113,114,115,116","0.000865936279296875","fast_greedy","edit-xhwikibooks.graphml"
"0.14","0.85","0.01","0.576388888888889","4,4,4,7,8,9,10,6,11,12,13,14,3,3,3,15,16,17,18,19,20,21,22,6,2,2,2,23,24,25,26,27,28,29,5,5,30,31,32,33,34,35,36,37,38,39,40,41,42,43,44,45,46,47,48,49,50,51,52,53,54,55,56,57,58,59,60,61,62,63,64,65,66,67,68,69,70,71,72,73,74,75,76,77,78,79,80,81,82,83,84,85,86,87,88,89,90,91,92,93,94,95,96,97,98,99,100,101,102,103,104,105,106,1,107,108,1,1,1,1,1,109,110,111,112,113,114,115,116","0.000936031341552734","fast_greedy","edit-xhwikibooks.graphml"
"0.13","0.86","0.01","0.576388888888889","4,4,4,7,8,9,10,6,11,12,13,14,3,3,3,15,16,17,18,19,20,21,22,6,2,2,2,23,24,25,26,27,28,29,5,5,30,31,32,33,34,35,36,37,38,39,40,41,42,43,44,45,46,47,48,49,50,51,52,53,54,55,56,57,58,59,60,61,62,63,64,65,66,67,68,69,70,71,72,73,74,75,76,77,78,79,80,81,82,83,84,85,86,87,88,89,90,91,92,93,94,95,96,97,98,99,100,101,102,103,104,105,106,1,107,108,1,1,1,1,1,109,110,111,112,113,114,115,116","0.000931024551391602","fast_greedy","edit-xhwikibooks.graphml"
"0.12","0.87","0.01","0.576388888888889","4,4,4,7,8,9,10,6,11,12,13,14,3,3,3,15,16,17,18,19,20,21,22,6,2,2,2,23,24,25,26,27,28,29,5,5,30,31,32,33,34,35,36,37,38,39,40,41,42,43,44,45,46,47,48,49,50,51,52,53,54,55,56,57,58,59,60,61,62,63,64,65,66,67,68,69,70,71,72,73,74,75,76,77,78,79,80,81,82,83,84,85,86,87,88,89,90,91,92,93,94,95,96,97,98,99,100,101,102,103,104,105,106,1,107,108,1,1,1,1,1,109,110,111,112,113,114,115,116","0.000890970230102539","fast_greedy","edit-xhwikibooks.graphml"
"0.11","0.88","0.01","0.576388888888889","4,4,4,7,8,9,10,6,11,12,13,14,3,3,3,15,16,17,18,19,20,21,22,6,2,2,2,23,24,25,26,27,28,29,5,5,30,31,32,33,34,35,36,37,38,39,40,41,42,43,44,45,46,47,48,49,50,51,52,53,54,55,56,57,58,59,60,61,62,63,64,65,66,67,68,69,70,71,72,73,74,75,76,77,78,79,80,81,82,83,84,85,86,87,88,89,90,91,92,93,94,95,96,97,98,99,100,101,102,103,104,105,106,1,107,108,1,1,1,1,1,109,110,111,112,113,114,115,116","0.000885963439941406","fast_greedy","edit-xhwikibooks.graphml"
"0.1","0.89","0.01","0.576388888888889","4,4,4,7,8,9,10,6,11,12,13,14,3,3,3,15,16,17,18,19,20,21,22,6,2,2,2,23,24,25,26,27,28,29,5,5,30,31,32,33,34,35,36,37,38,39,40,41,42,43,44,45,46,47,48,49,50,51,52,53,54,55,56,57,58,59,60,61,62,63,64,65,66,67,68,69,70,71,72,73,74,75,76,77,78,79,80,81,82,83,84,85,86,87,88,89,90,91,92,93,94,95,96,97,98,99,100,101,102,103,104,105,106,1,107,108,1,1,1,1,1,109,110,111,112,113,114,115,116","0.000905990600585938","fast_greedy","edit-xhwikibooks.graphml"
"0.09","0.9","0.01","0.576388888888889","4,4,4,7,8,9,10,6,11,12,13,14,3,3,3,15,16,17,18,19,20,21,22,6,2,2,2,23,24,25,26,27,28,29,5,5,30,31,32,33,34,35,36,37,38,39,40,41,42,43,44,45,46,47,48,49,50,51,52,53,54,55,56,57,58,59,60,61,62,63,64,65,66,67,68,69,70,71,72,73,74,75,76,77,78,79,80,81,82,83,84,85,86,87,88,89,90,91,92,93,94,95,96,97,98,99,100,101,102,103,104,105,106,1,107,108,1,1,1,1,1,109,110,111,112,113,114,115,116","0.00101208686828613","fast_greedy","edit-xhwikibooks.graphml"
"0.08","0.91","0.01","0.576388888888889","4,4,4,7,8,9,10,6,11,12,13,14,3,3,3,15,16,17,18,19,20,21,22,6,2,2,2,23,24,25,26,27,28,29,5,5,30,31,32,33,34,35,36,37,38,39,40,41,42,43,44,45,46,47,48,49,50,51,52,53,54,55,56,57,58,59,60,61,62,63,64,65,66,67,68,69,70,71,72,73,74,75,76,77,78,79,80,81,82,83,84,85,86,87,88,89,90,91,92,93,94,95,96,97,98,99,100,101,102,103,104,105,106,1,107,108,1,1,1,1,1,109,110,111,112,113,114,115,116","0.00088191032409668","fast_greedy","edit-xhwikibooks.graphml"
"0.07","0.92","0.01","0.576388888888889","4,4,4,7,8,9,10,6,11,12,13,14,3,3,3,15,16,17,18,19,20,21,22,6,2,2,2,23,24,25,26,27,28,29,5,5,30,31,32,33,34,35,36,37,38,39,40,41,42,43,44,45,46,47,48,49,50,51,52,53,54,55,56,57,58,59,60,61,62,63,64,65,66,67,68,69,70,71,72,73,74,75,76,77,78,79,80,81,82,83,84,85,86,87,88,89,90,91,92,93,94,95,96,97,98,99,100,101,102,103,104,105,106,1,107,108,1,1,1,1,1,109,110,111,112,113,114,115,116","0.000901937484741211","fast_greedy","edit-xhwikibooks.graphml"
"0.06","0.93","0.01","0.576388888888889","4,4,4,7,8,9,10,6,11,12,13,14,3,3,3,15,16,17,18,19,20,21,22,6,2,2,2,23,24,25,26,27,28,29,5,5,30,31,32,33,34,35,36,37,38,39,40,41,42,43,44,45,46,47,48,49,50,51,52,53,54,55,56,57,58,59,60,61,62,63,64,65,66,67,68,69,70,71,72,73,74,75,76,77,78,79,80,81,82,83,84,85,86,87,88,89,90,91,92,93,94,95,96,97,98,99,100,101,102,103,104,105,106,1,107,108,1,1,1,1,1,109,110,111,112,113,114,115,116","0.000918865203857422","fast_greedy","edit-xhwikibooks.graphml"
"0.05","0.94","0.01","0.576388888888889","4,4,4,7,8,9,10,6,11,12,13,14,3,3,3,15,16,17,18,19,20,21,22,6,2,2,2,23,24,25,26,27,28,29,5,5,30,31,32,33,34,35,36,37,38,39,40,41,42,43,44,45,46,47,48,49,50,51,52,53,54,55,56,57,58,59,60,61,62,63,64,65,66,67,68,69,70,71,72,73,74,75,76,77,78,79,80,81,82,83,84,85,86,87,88,89,90,91,92,93,94,95,96,97,98,99,100,101,102,103,104,105,106,1,107,108,1,1,1,1,1,109,110,111,112,113,114,115,116","0.000905036926269531","fast_greedy","edit-xhwikibooks.graphml"
"0.04","0.95","0.01","0.576388888888889","4,4,4,7,8,9,10,6,11,12,13,14,3,3,3,15,16,17,18,19,20,21,22,6,2,2,2,23,24,25,26,27,28,29,5,5,30,31,32,33,34,35,36,37,38,39,40,41,42,43,44,45,46,47,48,49,50,51,52,53,54,55,56,57,58,59,60,61,62,63,64,65,66,67,68,69,70,71,72,73,74,75,76,77,78,79,80,81,82,83,84,85,86,87,88,89,90,91,92,93,94,95,96,97,98,99,100,101,102,103,104,105,106,1,107,108,1,1,1,1,1,109,110,111,112,113,114,115,116","0.000917196273803711","fast_greedy","edit-xhwikibooks.graphml"
"0.03","0.96","0.01","0.576388888888889","4,4,4,7,8,9,10,6,11,12,13,14,3,3,3,15,16,17,18,19,20,21,22,6,2,2,2,23,24,25,26,27,28,29,5,5,30,31,32,33,34,35,36,37,38,39,40,41,42,43,44,45,46,47,48,49,50,51,52,53,54,55,56,57,58,59,60,61,62,63,64,65,66,67,68,69,70,71,72,73,74,75,76,77,78,79,80,81,82,83,84,85,86,87,88,89,90,91,92,93,94,95,96,97,98,99,100,101,102,103,104,105,106,1,107,108,1,1,1,1,1,109,110,111,112,113,114,115,116","0.000916004180908203","fast_greedy","edit-xhwikibooks.graphml"
"0.02","0.97","0.01","0.576388888888889","4,4,4,7,8,9,10,6,11,12,13,14,3,3,3,15,16,17,18,19,20,21,22,6,2,2,2,23,24,25,26,27,28,29,5,5,30,31,32,33,34,35,36,37,38,39,40,41,42,43,44,45,46,47,48,49,50,51,52,53,54,55,56,57,58,59,60,61,62,63,64,65,66,67,68,69,70,71,72,73,74,75,76,77,78,79,80,81,82,83,84,85,86,87,88,89,90,91,92,93,94,95,96,97,98,99,100,101,102,103,104,105,106,1,107,108,1,1,1,1,1,109,110,111,112,113,114,115,116","0.00110816955566406","fast_greedy","edit-xhwikibooks.graphml"
"0.01","0.98","0.01","0.576388888888889","4,4,4,7,8,9,10,6,11,12,13,14,3,3,3,15,16,17,18,19,20,21,22,6,2,2,2,23,24,25,26,27,28,29,5,5,30,31,32,33,34,35,36,37,38,39,40,41,42,43,44,45,46,47,48,49,50,51,52,53,54,55,56,57,58,59,60,61,62,63,64,65,66,67,68,69,70,71,72,73,74,75,76,77,78,79,80,81,82,83,84,85,86,87,88,89,90,91,92,93,94,95,96,97,98,99,100,101,102,103,104,105,106,1,107,108,1,1,1,1,1,109,110,111,112,113,114,115,116","0.00088810920715332","fast_greedy","edit-xhwikibooks.graphml"
"0","0.99","0.01","0.647242455775234","1,1,1,1,1,6,7,1,8,9,10,11,4,4,4,12,13,14,15,16,1,1,17,1,3,3,3,18,1,19,20,21,22,23,5,5,24,25,26,27,28,29,30,31,32,33,34,35,36,37,38,39,40,41,42,43,44,45,46,47,48,49,50,51,52,53,54,55,56,57,58,59,60,61,62,63,64,65,66,67,68,69,70,71,72,73,74,75,76,77,78,79,80,81,82,83,84,85,86,87,88,89,90,91,92,93,94,95,96,97,98,99,100,2,101,102,2,2,2,2,2,103,104,105,106,107,108,109,110","0.000896930694580078","fast_greedy","edit-xhwikibooks.graphml"
"0.98","0","0.02","0.738928571428572","1,1,1,1,1,2,1,5,2,2,4,1,5,5,5,2,2,4,4,1,3,6,5,5,5,5,5,2,1,2,4,4,1,1,7,7,8,5,3,3,3,3,6,6,6,6,3,6,6,6,3,3,3,3,3,6,6,6,6,3,5,3,3,5,5,3,3,3,3,3,6,3,5,5,3,3,3,3,3,3,3,5,2,2,2,1,3,3,3,3,2,4,4,3,3,3,2,3,3,3,3,3,3,3,3,3,3,1,1,1,3,3,3,7,7,7,7,7,7,7,7,8,8,8,8,8,8,8,8","0.00102996826171875","fast_greedy","edit-xhwikibooks.graphml"
"0.97","0.01","0.02","0.738928571428572","1,1,1,1,1,2,1,5,2,2,4,1,5,5,5,2,2,4,4,1,3,6,5,5,5,5,5,2,1,2,4,4,1,1,7,7,8,5,3,3,3,3,6,6,6,6,3,6,6,6,3,3,3,3,3,6,6,6,6,3,5,3,3,5,5,3,3,3,3,3,6,3,5,5,3,3,3,3,3,3,3,5,2,2,2,1,3,3,3,3,2,4,4,3,3,3,2,3,3,3,3,3,3,3,3,3,3,1,1,1,3,3,3,7,7,7,7,7,7,7,7,8,8,8,8,8,8,8,8","0.00102615356445312","fast_greedy","edit-xhwikibooks.graphml"
"0.96","0.02","0.02","0.738928571428572","1,1,1,1,1,2,1,5,2,2,4,1,5,5,5,2,2,4,4,1,3,6,5,5,5,5,5,2,1,2,4,4,1,1,7,7,8,5,3,3,3,3,6,6,6,6,3,6,6,6,3,3,3,3,3,6,6,6,6,3,5,3,3,5,5,3,3,3,3,3,6,3,5,5,3,3,3,3,3,3,3,5,2,2,2,1,3,3,3,3,2,4,4,3,3,3,2,3,3,3,3,3,3,3,3,3,3,1,1,1,3,3,3,7,7,7,7,7,7,7,7,8,8,8,8,8,8,8,8","0.00105786323547363","fast_greedy","edit-xhwikibooks.graphml"
"0.95","0.03","0.02","0.729053497942387","2,2,2,2,2,1,2,1,1,1,2,4,1,1,1,5,1,2,2,4,3,6,1,1,1,1,1,5,2,1,2,2,4,4,7,7,8,1,3,3,3,3,6,6,6,6,3,6,6,6,3,3,3,3,3,6,6,6,6,3,9,3,3,1,1,3,3,3,3,3,6,3,1,1,3,3,3,3,3,3,3,1,5,5,5,10,3,3,3,3,11,12,13,3,3,3,5,3,3,3,3,3,3,3,3,3,3,4,4,4,3,3,3,7,7,7,7,7,7,7,7,8,8,8,8,8,8,8,8","0.00101804733276367","fast_greedy","edit-xhwikibooks.graphml"
"0.94","0.04","0.02","0.729053497942387","2,2,2,2,2,1,2,1,1,1,2,4,1,1,1,5,1,2,2,4,3,6,1,1,1,1,1,5,2,1,2,2,4,4,7,7,8,1,3,3,3,3,6,6,6,6,3,6,6,6,3,3,3,3,3,6,6,6,6,3,9,3,3,1,1,3,3,3,3,3,6,3,1,1,3,3,3,3,3,3,3,1,5,5,5,10,3,3,3,3,11,12,13,3,3,3,5,3,3,3,3,3,3,3,3,3,3,4,4,4,3,3,3,7,7,7,7,7,7,7,7,8,8,8,8,8,8,8,8","0.00105500221252441","fast_greedy","edit-xhwikibooks.graphml"
"0.93","0.05","0.02","0.715104","1,1,1,1,1,3,1,4,3,3,1,1,4,4,4,3,8,1,1,1,2,5,4,4,4,4,4,3,1,9,10,1,1,1,6,6,7,4,2,2,2,2,5,5,5,5,2,5,5,5,2,2,2,2,2,5,5,5,5,2,11,2,2,12,13,2,2,2,2,2,5,2,4,4,2,2,2,2,2,2,2,14,3,3,3,15,2,2,2,2,16,17,18,2,2,2,19,2,2,2,2,2,2,2,2,2,2,20,21,2,2,2,2,6,6,6,6,6,6,6,6,7,7,7,7,7,7,7,7","0.0390670299530029","fast_greedy","edit-xhwikibooks.graphml"
"0.92","0.06","0.02","0.715104","1,1,1,1,1,3,1,4,3,3,1,1,4,4,4,3,8,1,1,1,2,5,4,4,4,4,4,3,1,9,10,1,1,1,6,6,7,4,2,2,2,2,5,5,5,5,2,5,5,5,2,2,2,2,2,5,5,5,5,2,11,2,2,12,13,2,2,2,2,2,5,2,4,4,2,2,2,2,2,2,2,14,3,3,3,15,2,2,2,2,16,17,18,2,2,2,19,2,2,2,2,2,2,2,2,2,2,20,21,2,2,2,2,6,6,6,6,6,6,6,6,7,7,7,7,7,7,7,7","0.00146317481994629","fast_greedy","edit-xhwikibooks.graphml"
"0.91","0.07","0.02","0.695844493141791","5,5,5,2,8,2,1,2,2,2,1,9,2,2,2,2,10,11,1,7,3,4,12,2,2,2,2,2,5,13,14,15,7,16,1,1,6,2,3,3,3,3,4,4,4,4,3,4,4,4,3,3,3,3,3,4,4,4,4,3,17,3,3,18,19,3,3,3,3,3,4,3,20,21,3,3,3,3,3,3,3,22,23,24,25,26,3,3,3,3,27,28,29,3,3,3,30,3,3,3,3,3,3,3,3,3,3,31,32,3,3,3,3,1,1,1,1,1,1,1,1,6,6,6,6,6,6,6,6","0.00108790397644043","fast_greedy","edit-xhwikibooks.graphml"
"0.9","0.08","0.02","0.695844493141791","5,5,5,2,8,2,1,2,2,2,1,9,2,2,2,2,10,11,1,7,3,4,12,2,2,2,2,2,5,13,14,15,7,16,1,1,6,2,3,3,3,3,4,4,4,4,3,4,4,4,3,3,3,3,3,4,4,4,4,3,17,3,3,18,19,3,3,3,3,3,4,3,20,21,3,3,3,3,3,3,3,22,23,24,25,26,3,3,3,3,27,28,29,3,3,3,30,3,3,3,3,3,3,3,3,3,3,31,32,3,3,3,3,1,1,1,1,1,1,1,1,6,6,6,6,6,6,6,6","0.00106596946716309","fast_greedy","edit-xhwikibooks.graphml"
"0.89","0.09","0.02","0.685742455418381","5,5,5,1,7,1,8,1,1,1,9,10,1,1,1,1,11,12,4,13,2,3,14,1,1,1,1,1,5,15,16,17,18,19,4,4,6,1,2,2,2,2,3,3,3,3,2,3,3,3,2,2,2,2,2,3,3,3,3,2,20,2,2,21,22,2,2,2,2,2,3,2,23,24,2,2,2,2,2,2,2,25,26,27,28,29,2,2,2,2,30,31,32,2,2,2,33,2,2,2,2,2,2,2,2,2,2,34,35,2,2,2,2,4,4,4,4,4,4,4,4,6,6,6,6,6,6,6,6","0.00117897987365723","fast_greedy","edit-xhwikibooks.graphml"
"0.88","0.1","0.02","0.685742455418381","5,5,5,1,7,1,8,1,1,1,9,10,1,1,1,1,11,12,4,13,2,3,14,1,1,1,1,1,5,15,16,17,18,19,4,4,6,1,2,2,2,2,3,3,3,3,2,3,3,3,2,2,2,2,2,3,3,3,3,2,20,2,2,21,22,2,2,2,2,2,3,2,23,24,2,2,2,2,2,2,2,25,26,27,28,29,2,2,2,2,30,31,32,2,2,2,33,2,2,2,2,2,2,2,2,2,2,34,35,2,2,2,2,4,4,4,4,4,4,4,4,6,6,6,6,6,6,6,6","0.00097203254699707","fast_greedy","edit-xhwikibooks.graphml"
"0.87","0.11","0.02","0.673058439061899","2,2,2,7,8,2,9,2,6,10,11,12,2,6,6,2,13,14,4,15,1,3,16,6,6,6,6,17,18,19,20,21,22,23,4,4,5,6,1,1,1,1,3,3,3,3,1,3,3,3,1,1,1,1,1,3,3,3,3,1,24,1,1,25,26,1,1,1,1,1,3,1,27,28,1,1,1,1,1,1,1,29,30,31,32,33,1,1,1,1,34,35,36,1,1,1,37,1,1,1,1,1,1,1,1,1,1,38,39,1,1,1,1,4,4,4,4,4,4,4,4,5,5,5,5,5,5,5,5","0.000998020172119141","fast_greedy","edit-xhwikibooks.graphml"
"0.86","0.12","0.02","0.673058439061899","2,2,2,7,8,2,9,2,6,10,11,12,2,6,6,2,13,14,4,15,1,3,16,6,6,6,6,17,18,19,20,21,22,23,4,4,5,6,1,1,1,1,3,3,3,3,1,3,3,3,1,1,1,1,1,3,3,3,3,1,24,1,1,25,26,1,1,1,1,1,3,1,27,28,1,1,1,1,1,1,1,29,30,31,32,33,1,1,1,1,34,35,36,1,1,1,37,1,1,1,1,1,1,1,1,1,1,38,39,1,1,1,1,4,4,4,4,4,4,4,4,5,5,5,5,5,5,5,5","0.00100302696228027","fast_greedy","edit-xhwikibooks.graphml"
"0.85","0.13","0.02","0.659167431894704","2,2,2,7,8,2,9,2,6,10,11,12,13,6,6,14,15,16,4,17,1,3,18,6,6,6,6,19,20,21,22,23,24,25,4,4,5,26,1,1,1,1,3,3,3,3,1,3,3,3,1,1,1,1,1,3,3,3,3,1,27,1,1,28,29,1,1,1,1,1,3,1,30,31,1,1,1,1,1,1,1,32,33,34,35,36,1,1,1,1,37,38,39,1,1,1,40,1,1,1,1,1,1,1,1,1,1,41,42,1,1,1,1,4,4,4,4,4,4,4,4,5,5,5,5,5,5,5,5","0.00101399421691895","fast_greedy","edit-xhwikibooks.graphml"
"0.84","0.14","0.02","0.659167431894704","2,2,2,7,8,2,9,2,6,10,11,12,13,6,6,14,15,16,4,17,1,3,18,6,6,6,6,19,20,21,22,23,24,25,4,4,5,26,1,1,1,1,3,3,3,3,1,3,3,3,1,1,1,1,1,3,3,3,3,1,27,1,1,28,29,1,1,1,1,1,3,1,30,31,1,1,1,1,1,1,1,32,33,34,35,36,1,1,1,1,37,38,39,1,1,1,40,1,1,1,1,1,1,1,1,1,1,41,42,1,1,1,1,4,4,4,4,4,4,4,4,5,5,5,5,5,5,5,5","0.000998973846435547","fast_greedy","edit-xhwikibooks.graphml"
"0.83","0.15","0.02","0.650083102493075","1,1,1,6,7,8,9,5,10,11,12,13,14,5,5,15,16,17,3,18,2,1,19,20,5,5,5,21,22,23,24,25,26,27,3,3,4,28,2,2,2,2,1,1,1,1,2,1,1,1,2,2,2,2,2,1,1,1,1,2,29,2,2,30,31,2,2,2,2,2,1,2,32,33,2,2,2,2,2,2,2,34,35,36,37,38,2,2,2,2,39,40,41,2,2,2,42,2,2,2,2,2,2,2,2,2,2,43,44,2,2,2,2,3,3,3,3,3,3,3,3,4,4,4,4,4,4,4,4","0.00102901458740234","fast_greedy","edit-xhwikibooks.graphml"
"0.82","0.16","0.02","0.650083102493075","1,1,1,6,7,8,9,5,10,11,12,13,14,5,5,15,16,17,3,18,2,1,19,20,5,5,5,21,22,23,24,25,26,27,3,3,4,28,2,2,2,2,1,1,1,1,2,1,1,1,2,2,2,2,2,1,1,1,1,2,29,2,2,30,31,2,2,2,2,2,1,2,32,33,2,2,2,2,2,2,2,34,35,36,37,38,2,2,2,2,39,40,41,2,2,2,42,2,2,2,2,2,2,2,2,2,2,43,44,2,2,2,2,3,3,3,3,3,3,3,3,4,4,4,4,4,4,4,4","0.00101399421691895","fast_greedy","edit-xhwikibooks.graphml"
"0.81","0.17","0.02","0.578603570910147","1,1,1,5,6,7,8,9,10,11,12,13,14,3,3,15,16,17,4,18,2,1,19,20,3,3,3,21,22,23,24,25,26,27,4,4,3,28,2,2,2,2,1,1,1,1,2,1,1,1,2,2,2,2,2,1,1,1,1,2,29,2,2,30,31,2,2,2,2,2,1,2,32,33,2,2,2,2,2,2,2,34,35,36,37,38,2,2,2,2,39,40,41,2,2,2,42,2,2,2,2,2,2,2,2,2,2,43,44,2,2,2,2,4,45,46,4,4,4,4,4,47,48,49,50,51,52,53,54","0.00102877616882324","fast_greedy","edit-xhwikibooks.graphml"
"0.8","0.18","0.02","0.578603570910147","1,1,1,5,6,7,8,9,10,11,12,13,14,3,3,15,16,17,4,18,2,1,19,20,3,3,3,21,22,23,24,25,26,27,4,4,3,28,2,2,2,2,1,1,1,1,2,1,1,1,2,2,2,2,2,1,1,1,1,2,29,2,2,30,31,2,2,2,2,2,1,2,32,33,2,2,2,2,2,2,2,34,35,36,37,38,2,2,2,2,39,40,41,2,2,2,42,2,2,2,2,2,2,2,2,2,2,43,44,2,2,2,2,4,45,46,4,4,4,4,4,47,48,49,50,51,52,53,54","0.00120091438293457","fast_greedy","edit-xhwikibooks.graphml"
"0.79","0.19","0.02","0.57004759071981","1,1,1,5,6,7,8,9,10,11,12,13,14,15,4,16,17,18,3,19,2,1,20,21,4,4,4,22,23,24,25,26,27,28,3,3,4,29,2,2,2,2,1,1,1,1,2,1,1,1,2,2,2,2,2,1,1,1,1,2,30,2,2,31,32,2,2,2,2,2,1,2,33,34,2,2,2,2,2,2,2,35,36,37,38,39,2,2,2,2,40,41,42,2,2,2,43,2,2,2,2,2,2,2,2,2,2,44,45,2,2,2,2,3,46,47,3,3,3,3,3,48,49,50,51,52,53,54,55","0.000959873199462891","fast_greedy","edit-xhwikibooks.graphml"
"0.78","0.2","0.02","0.57004759071981","1,1,1,5,6,7,8,9,10,11,12,13,14,15,4,16,17,18,3,19,2,1,20,21,4,4,4,22,23,24,25,26,27,28,3,3,4,29,2,2,2,2,1,1,1,1,2,1,1,1,2,2,2,2,2,1,1,1,1,2,30,2,2,31,32,2,2,2,2,2,1,2,33,34,2,2,2,2,2,2,2,35,36,37,38,39,2,2,2,2,40,41,42,2,2,2,43,2,2,2,2,2,2,2,2,2,2,44,45,2,2,2,2,3,46,47,3,3,3,3,3,48,49,50,51,52,53,54,55","0.000933170318603516","fast_greedy","edit-xhwikibooks.graphml"
"0.77","0.21","0.02","0.546306681621535","1,1,1,4,5,6,7,8,9,10,11,12,13,14,2,15,16,17,18,19,3,1,20,21,22,2,23,24,25,26,27,28,29,30,2,2,2,31,3,3,3,3,1,1,1,1,3,1,1,1,3,3,3,3,3,1,1,1,1,3,32,3,3,33,34,3,3,3,3,3,1,3,35,36,3,3,3,3,3,3,3,37,38,39,40,41,3,3,3,3,42,43,44,3,3,3,45,3,3,3,3,3,3,3,3,3,3,46,47,3,3,3,3,2,48,49,2,2,2,2,2,50,51,52,53,54,55,56,57","0.000989198684692383","fast_greedy","edit-xhwikibooks.graphml"
"0.76","0.22","0.02","0.546306681621535","1,1,1,4,5,6,7,8,9,10,11,12,13,14,2,15,16,17,18,19,3,1,20,21,22,2,23,24,25,26,27,28,29,30,2,2,2,31,3,3,3,3,1,1,1,1,3,1,1,1,3,3,3,3,3,1,1,1,1,3,32,3,3,33,34,3,3,3,3,3,1,3,35,36,3,3,3,3,3,3,3,37,38,39,40,41,3,3,3,3,42,43,44,3,3,3,45,3,3,3,3,3,3,3,3,3,3,46,47,3,3,3,3,2,48,49,2,2,2,2,2,50,51,52,53,54,55,56,57","0.000900983810424805","fast_greedy","edit-xhwikibooks.graphml"
"0.75","0.23","0.02","0.539858645627876","1,1,1,4,5,6,7,8,9,10,11,12,13,14,3,15,16,17,18,19,2,1,20,21,22,23,24,25,26,27,28,29,30,31,3,3,3,32,2,2,2,2,1,1,1,1,2,1,1,1,2,2,2,2,2,1,1,1,1,2,33,2,2,34,35,2,2,2,2,2,1,2,36,37,2,2,2,2,2,2,2,38,39,40,41,42,2,2,2,2,43,44,45,2,2,2,46,2,2,2,2,2,2,2,2,2,2,47,48,2,2,2,2,3,49,50,3,3,3,3,3,51,52,53,54,55,56,57,58","0.000945806503295898","fast_greedy","edit-xhwikibooks.graphml"
"0.74","0.24","0.02","0.539858645627876","1,1,1,4,5,6,7,8,9,10,11,12,13,14,3,15,16,17,18,19,2,1,20,21,22,23,24,25,26,27,28,29,30,31,3,3,3,32,2,2,2,2,1,1,1,1,2,1,1,1,2,2,2,2,2,1,1,1,1,2,33,2,2,34,35,2,2,2,2,2,1,2,36,37,2,2,2,2,2,2,2,38,39,40,41,42,2,2,2,2,43,44,45,2,2,2,46,2,2,2,2,2,2,2,2,2,2,47,48,2,2,2,2,3,49,50,3,3,3,3,3,51,52,53,54,55,56,57,58","0.000950098037719727","fast_greedy","edit-xhwikibooks.graphml"
"0.73","0.25","0.02","0.317006607296754","3,3,3,5,6,7,8,9,10,11,12,13,14,15,4,16,17,18,19,20,1,3,21,22,23,24,25,26,27,28,29,30,31,32,2,2,4,33,1,1,1,1,34,35,36,37,1,38,39,40,1,1,1,1,1,41,42,43,44,1,45,1,1,46,47,1,1,1,1,1,48,1,49,50,1,1,1,1,1,1,1,51,52,53,54,55,1,1,1,1,56,57,58,1,1,1,59,1,1,1,1,1,1,1,1,1,1,60,61,1,1,1,1,2,62,63,2,2,2,2,2,64,65,66,67,68,69,70,71","0.000945091247558594","fast_greedy","edit-xhwikibooks.graphml"
"0.72","0.26","0.02","0.317006607296754","3,3,3,5,6,7,8,9,10,11,12,13,14,15,4,16,17,18,19,20,1,3,21,22,23,24,25,26,27,28,29,30,31,32,2,2,4,33,1,1,1,1,34,35,36,37,1,38,39,40,1,1,1,1,1,41,42,43,44,1,45,1,1,46,47,1,1,1,1,1,48,1,49,50,1,1,1,1,1,1,1,51,52,53,54,55,1,1,1,1,56,57,58,1,1,1,59,1,1,1,1,1,1,1,1,1,1,60,61,1,1,1,1,2,62,63,2,2,2,2,2,64,65,66,67,68,69,70,71","0.000957965850830078","fast_greedy","edit-xhwikibooks.graphml"
"0.71","0.27","0.02","0.317006607296754","3,3,3,5,6,7,8,9,10,11,12,13,14,15,4,16,17,18,19,20,1,3,21,22,23,24,25,26,27,28,29,30,31,32,2,2,4,33,1,1,1,1,34,35,36,37,1,38,39,40,1,1,1,1,1,41,42,43,44,1,45,1,1,46,47,1,1,1,1,1,48,1,49,50,1,1,1,1,1,1,1,51,52,53,54,55,1,1,1,1,56,57,58,1,1,1,59,1,1,1,1,1,1,1,1,1,1,60,61,1,1,1,1,2,62,63,2,2,2,2,2,64,65,66,67,68,69,70,71","0.000930070877075195","fast_greedy","edit-xhwikibooks.graphml"
"0.7","0.28","0.02","0.317006607296754","3,3,3,5,6,7,8,9,10,11,12,13,14,15,4,16,17,18,19,20,1,3,21,22,23,24,25,26,27,28,29,30,31,32,2,2,4,33,1,1,1,1,34,35,36,37,1,38,39,40,1,1,1,1,1,41,42,43,44,1,45,1,1,46,47,1,1,1,1,1,48,1,49,50,1,1,1,1,1,1,1,51,52,53,54,55,1,1,1,1,56,57,58,1,1,1,59,1,1,1,1,1,1,1,1,1,1,60,61,1,1,1,1,2,62,63,2,2,2,2,2,64,65,66,67,68,69,70,71","0.000937938690185547","fast_greedy","edit-xhwikibooks.graphml"
"0.69","0.29","0.02","0.141457100591716","2,2,2,4,5,6,7,8,9,10,11,12,13,14,15,16,17,18,19,20,1,2,21,22,23,24,25,26,27,28,29,30,31,32,3,3,33,34,1,1,1,1,35,36,37,38,1,39,40,41,1,1,1,1,1,42,43,44,45,1,46,1,1,47,48,1,1,1,1,1,49,1,50,51,1,1,1,1,1,1,1,52,53,54,55,56,1,1,1,1,57,58,59,1,1,1,60,1,1,1,1,1,1,1,1,1,1,61,62,1,1,1,1,63,64,65,66,67,68,69,70,71,72,73,74,75,76,77,78","0.000921010971069336","fast_greedy","edit-xhwikibooks.graphml"
"0.68","0.3","0.02","0.141457100591716","2,2,2,4,5,6,7,8,9,10,11,12,13,14,15,16,17,18,19,20,1,2,21,22,23,24,25,26,27,28,29,30,31,32,3,3,33,34,1,1,1,1,35,36,37,38,1,39,40,41,1,1,1,1,1,42,43,44,45,1,46,1,1,47,48,1,1,1,1,1,49,1,50,51,1,1,1,1,1,1,1,52,53,54,55,56,1,1,1,1,57,58,59,1,1,1,60,1,1,1,1,1,1,1,1,1,1,61,62,1,1,1,1,63,64,65,66,67,68,69,70,71,72,73,74,75,76,77,78","0.000969886779785156","fast_greedy","edit-xhwikibooks.graphml"
"0.67","0.31","0.02","0.141457100591716","2,2,2,4,5,6,7,8,9,10,11,12,13,14,15,16,17,18,19,20,1,2,21,22,23,24,25,26,27,28,29,30,31,32,3,3,33,34,1,1,1,1,35,36,37,38,1,39,40,41,1,1,1,1,1,42,43,44,45,1,46,1,1,47,48,1,1,1,1,1,49,1,50,51,1,1,1,1,1,1,1,52,53,54,55,56,1,1,1,1,57,58,59,1,1,1,60,1,1,1,1,1,1,1,1,1,1,61,62,1,1,1,1,63,64,65,66,67,68,69,70,71,72,73,74,75,76,77,78","0.00123000144958496","fast_greedy","edit-xhwikibooks.graphml"
"0.66","0.32","0.02","0.141457100591716","2,2,2,4,5,6,7,8,9,10,11,12,13,14,15,16,17,18,19,20,1,2,21,22,23,24,25,26,27,28,29,30,31,32,3,3,33,34,1,1,1,1,35,36,37,38,1,39,40,41,1,1,1,1,1,42,43,44,45,1,46,1,1,47,48,1,1,1,1,1,49,1,50,51,1,1,1,1,1,1,1,52,53,54,55,56,1,1,1,1,57,58,59,1,1,1,60,1,1,1,1,1,1,1,1,1,1,61,62,1,1,1,1,63,64,65,66,67,68,69,70,71,72,73,74,75,76,77,78","0.00114583969116211","fast_greedy","edit-xhwikibooks.graphml"
"0.65","0.33","0.02","0.110149942329873","2,2,2,4,5,6,7,8,9,10,11,12,13,14,15,16,17,18,19,20,1,21,22,23,24,25,26,27,28,29,30,31,32,33,3,3,34,35,1,1,1,1,36,37,38,39,1,40,41,42,1,1,1,1,1,43,44,45,46,1,47,1,1,48,49,1,1,1,1,1,50,1,51,52,1,1,1,1,1,1,1,53,54,55,56,57,1,1,1,1,58,59,60,1,1,1,61,1,1,1,1,1,1,1,1,1,1,62,63,1,1,1,1,64,65,66,67,68,69,70,71,72,73,74,75,76,77,78,79","0.00119900703430176","fast_greedy","edit-xhwikibooks.graphml"
"0.64","0.34","0.02","0.143306213017751","2,2,2,5,6,7,8,9,10,11,12,13,14,4,4,15,16,17,18,19,1,20,21,22,23,24,25,26,27,28,29,30,31,32,3,3,33,34,1,1,1,1,35,36,37,38,1,39,40,41,1,1,1,1,1,42,43,44,45,1,46,1,1,47,48,1,1,1,1,1,49,1,50,51,1,1,1,1,1,1,1,52,53,54,55,56,1,1,1,1,57,58,59,1,1,1,60,1,1,1,1,1,1,1,1,1,1,61,62,1,1,1,1,63,64,65,66,67,68,69,70,71,72,73,74,75,76,77,78","0.000934839248657227","fast_greedy","edit-xhwikibooks.graphml"
"0.63","0.35","0.02","0.143306213017751","2,2,2,5,6,7,8,9,10,11,12,13,14,4,4,15,16,17,18,19,1,20,21,22,23,24,25,26,27,28,29,30,31,32,3,3,33,34,1,1,1,1,35,36,37,38,1,39,40,41,1,1,1,1,1,42,43,44,45,1,46,1,1,47,48,1,1,1,1,1,49,1,50,51,1,1,1,1,1,1,1,52,53,54,55,56,1,1,1,1,57,58,59,1,1,1,60,1,1,1,1,1,1,1,1,1,1,61,62,1,1,1,1,63,64,65,66,67,68,69,70,71,72,73,74,75,76,77,78","0.000926017761230469","fast_greedy","edit-xhwikibooks.graphml"
"0.62","0.36","0.02","0.143306213017751","2,2,2,5,6,7,8,9,10,11,12,13,14,4,4,15,16,17,18,19,1,20,21,22,23,24,25,26,27,28,29,30,31,32,3,3,33,34,1,1,1,1,35,36,37,38,1,39,40,41,1,1,1,1,1,42,43,44,45,1,46,1,1,47,48,1,1,1,1,1,49,1,50,51,1,1,1,1,1,1,1,52,53,54,55,56,1,1,1,1,57,58,59,1,1,1,60,1,1,1,1,1,1,1,1,1,1,61,62,1,1,1,1,63,64,65,66,67,68,69,70,71,72,73,74,75,76,77,78","0.000911951065063477","fast_greedy","edit-xhwikibooks.graphml"
"0.61","0.37","0.02","0.143306213017751","2,2,2,5,6,7,8,9,10,11,12,13,14,4,4,15,16,17,18,19,1,20,21,22,23,24,25,26,27,28,29,30,31,32,3,3,33,34,1,1,1,1,35,36,37,38,1,39,40,41,1,1,1,1,1,42,43,44,45,1,46,1,1,47,48,1,1,1,1,1,49,1,50,51,1,1,1,1,1,1,1,52,53,54,55,56,1,1,1,1,57,58,59,1,1,1,60,1,1,1,1,1,1,1,1,1,1,61,62,1,1,1,1,63,64,65,66,67,68,69,70,71,72,73,74,75,76,77,78","0.000953912734985352","fast_greedy","edit-xhwikibooks.graphml"
"0.6","0.38","0.02","0.143306213017751","2,2,2,5,6,7,8,9,10,11,12,13,14,4,4,15,16,17,18,19,1,20,21,22,23,24,25,26,27,28,29,30,31,32,3,3,33,34,1,1,1,1,35,36,37,38,1,39,40,41,1,1,1,1,1,42,43,44,45,1,46,1,1,47,48,1,1,1,1,1,49,1,50,51,1,1,1,1,1,1,1,52,53,54,55,56,1,1,1,1,57,58,59,1,1,1,60,1,1,1,1,1,1,1,1,1,1,61,62,1,1,1,1,63,64,65,66,67,68,69,70,71,72,73,74,75,76,77,78","0.00096583366394043","fast_greedy","edit-xhwikibooks.graphml"
"0.59","0.39","0.02","0.143306213017751","2,2,2,5,6,7,8,9,10,11,12,13,14,4,4,15,16,17,18,19,1,20,21,22,23,24,25,26,27,28,29,30,31,32,3,3,33,34,1,1,1,1,35,36,37,38,1,39,40,41,1,1,1,1,1,42,43,44,45,1,46,1,1,47,48,1,1,1,1,1,49,1,50,51,1,1,1,1,1,1,1,52,53,54,55,56,1,1,1,1,57,58,59,1,1,1,60,1,1,1,1,1,1,1,1,1,1,61,62,1,1,1,1,63,64,65,66,67,68,69,70,71,72,73,74,75,76,77,78","0.000988006591796875","fast_greedy","edit-xhwikibooks.graphml"
"0.58","0.4","0.02","0.143306213017751","2,2,2,5,6,7,8,9,10,11,12,13,14,4,4,15,16,17,18,19,1,20,21,22,23,24,25,26,27,28,29,30,31,32,3,3,33,34,1,1,1,1,35,36,37,38,1,39,40,41,1,1,1,1,1,42,43,44,45,1,46,1,1,47,48,1,1,1,1,1,49,1,50,51,1,1,1,1,1,1,1,52,53,54,55,56,1,1,1,1,57,58,59,1,1,1,60,1,1,1,1,1,1,1,1,1,1,61,62,1,1,1,1,63,64,65,66,67,68,69,70,71,72,73,74,75,76,77,78","0.000970125198364258","fast_greedy","edit-xhwikibooks.graphml"
"0.57","0.41","0.02","0.143306213017751","2,2,2,5,6,7,8,9,10,11,12,13,14,4,4,15,16,17,18,19,1,20,21,22,23,24,25,26,27,28,29,30,31,32,3,3,33,34,1,1,1,1,35,36,37,38,1,39,40,41,1,1,1,1,1,42,43,44,45,1,46,1,1,47,48,1,1,1,1,1,49,1,50,51,1,1,1,1,1,1,1,52,53,54,55,56,1,1,1,1,57,58,59,1,1,1,60,1,1,1,1,1,1,1,1,1,1,61,62,1,1,1,1,63,64,65,66,67,68,69,70,71,72,73,74,75,76,77,78","0.000927925109863281","fast_greedy","edit-xhwikibooks.graphml"
"0.56","0.42","0.02","0.143306213017751","2,2,2,5,6,7,8,9,10,11,12,13,14,4,4,15,16,17,18,19,1,20,21,22,23,24,25,26,27,28,29,30,31,32,3,3,33,34,1,1,1,1,35,36,37,38,1,39,40,41,1,1,1,1,1,42,43,44,45,1,46,1,1,47,48,1,1,1,1,1,49,1,50,51,1,1,1,1,1,1,1,52,53,54,55,56,1,1,1,1,57,58,59,1,1,1,60,1,1,1,1,1,1,1,1,1,1,61,62,1,1,1,1,63,64,65,66,67,68,69,70,71,72,73,74,75,76,77,78","0.000947952270507812","fast_greedy","edit-xhwikibooks.graphml"
"0.55","0.43","0.02","0.143306213017751","2,2,2,5,6,7,8,9,10,11,12,13,14,4,4,15,16,17,18,19,1,20,21,22,23,24,25,26,27,28,29,30,31,32,3,3,33,34,1,1,1,1,35,36,37,38,1,39,40,41,1,1,1,1,1,42,43,44,45,1,46,1,1,47,48,1,1,1,1,1,49,1,50,51,1,1,1,1,1,1,1,52,53,54,55,56,1,1,1,1,57,58,59,1,1,1,60,1,1,1,1,1,1,1,1,1,1,61,62,1,1,1,1,63,64,65,66,67,68,69,70,71,72,73,74,75,76,77,78","0.000959873199462891","fast_greedy","edit-xhwikibooks.graphml"
"0.54","0.44","0.02","0.143306213017751","2,2,2,5,6,7,8,9,10,11,12,13,14,4,4,15,16,17,18,19,1,20,21,22,23,24,25,26,27,28,29,30,31,32,3,3,33,34,1,1,1,1,35,36,37,38,1,39,40,41,1,1,1,1,1,42,43,44,45,1,46,1,1,47,48,1,1,1,1,1,49,1,50,51,1,1,1,1,1,1,1,52,53,54,55,56,1,1,1,1,57,58,59,1,1,1,60,1,1,1,1,1,1,1,1,1,1,61,62,1,1,1,1,63,64,65,66,67,68,69,70,71,72,73,74,75,76,77,78","0.00120902061462402","fast_greedy","edit-xhwikibooks.graphml"
"0.53","0.45","0.02","0.143306213017751","2,2,2,5,6,7,8,9,10,11,12,13,14,4,4,15,16,17,18,19,1,20,21,22,23,24,25,26,27,28,29,30,31,32,3,3,33,34,1,1,1,1,35,36,37,38,1,39,40,41,1,1,1,1,1,42,43,44,45,1,46,1,1,47,48,1,1,1,1,1,49,1,50,51,1,1,1,1,1,1,1,52,53,54,55,56,1,1,1,1,57,58,59,1,1,1,60,1,1,1,1,1,1,1,1,1,1,61,62,1,1,1,1,63,64,65,66,67,68,69,70,71,72,73,74,75,76,77,78","0.00107288360595703","fast_greedy","edit-xhwikibooks.graphml"
"0.52","0.46","0.02","0.143306213017751","2,2,2,5,6,7,8,9,10,11,12,13,14,4,4,15,16,17,18,19,1,20,21,22,23,24,25,26,27,28,29,30,31,32,3,3,33,34,1,1,1,1,35,36,37,38,1,39,40,41,1,1,1,1,1,42,43,44,45,1,46,1,1,47,48,1,1,1,1,1,49,1,50,51,1,1,1,1,1,1,1,52,53,54,55,56,1,1,1,1,57,58,59,1,1,1,60,1,1,1,1,1,1,1,1,1,1,61,62,1,1,1,1,63,64,65,66,67,68,69,70,71,72,73,74,75,76,77,78","0.000957012176513672","fast_greedy","edit-xhwikibooks.graphml"
"0.51","0.47","0.02","0.143306213017751","2,2,2,5,6,7,8,9,10,11,12,13,14,4,4,15,16,17,18,19,1,20,21,22,23,24,25,26,27,28,29,30,31,32,3,3,33,34,1,1,1,1,35,36,37,38,1,39,40,41,1,1,1,1,1,42,43,44,45,1,46,1,1,47,48,1,1,1,1,1,49,1,50,51,1,1,1,1,1,1,1,52,53,54,55,56,1,1,1,1,57,58,59,1,1,1,60,1,1,1,1,1,1,1,1,1,1,61,62,1,1,1,1,63,64,65,66,67,68,69,70,71,72,73,74,75,76,77,78","0.000962018966674805","fast_greedy","edit-xhwikibooks.graphml"
"0.5","0.48","0.02","0.143306213017751","2,2,2,5,6,7,8,9,10,11,12,13,14,4,4,15,16,17,18,19,1,20,21,22,23,24,25,26,27,28,29,30,31,32,3,3,33,34,1,1,1,1,35,36,37,38,1,39,40,41,1,1,1,1,1,42,43,44,45,1,46,1,1,47,48,1,1,1,1,1,49,1,50,51,1,1,1,1,1,1,1,52,53,54,55,56,1,1,1,1,57,58,59,1,1,1,60,1,1,1,1,1,1,1,1,1,1,61,62,1,1,1,1,63,64,65,66,67,68,69,70,71,72,73,74,75,76,77,78","0.000931024551391602","fast_greedy","edit-xhwikibooks.graphml"
"0.49","0.49","0.02","0.143306213017751","2,2,2,5,6,7,8,9,10,11,12,13,14,4,4,15,16,17,18,19,1,20,21,22,23,24,25,26,27,28,29,30,31,32,3,3,33,34,1,1,1,1,35,36,37,38,1,39,40,41,1,1,1,1,1,42,43,44,45,1,46,1,1,47,48,1,1,1,1,1,49,1,50,51,1,1,1,1,1,1,1,52,53,54,55,56,1,1,1,1,57,58,59,1,1,1,60,1,1,1,1,1,1,1,1,1,1,61,62,1,1,1,1,63,64,65,66,67,68,69,70,71,72,73,74,75,76,77,78","0.000946044921875","fast_greedy","edit-xhwikibooks.graphml"
"0.48","0.5","0.02","0.503375771604938","3,3,3,8,9,10,11,7,12,13,14,15,5,5,5,16,17,18,19,20,1,21,22,7,4,4,4,23,24,25,26,27,28,29,6,6,30,31,1,1,1,1,32,33,34,35,1,36,37,38,1,1,1,1,1,39,40,41,42,1,43,1,1,44,45,1,1,1,1,1,46,1,47,48,1,1,1,1,1,1,1,49,50,51,52,53,1,1,1,1,54,55,56,1,1,1,57,1,1,1,1,1,1,1,1,1,1,58,59,1,1,1,1,2,60,61,2,2,2,2,2,62,63,64,65,66,67,68,69","0.00096893310546875","fast_greedy","edit-xhwikibooks.graphml"
"0.47","0.51","0.02","0.503375771604938","3,3,3,8,9,10,11,7,12,13,14,15,5,5,5,16,17,18,19,20,1,21,22,7,4,4,4,23,24,25,26,27,28,29,6,6,30,31,1,1,1,1,32,33,34,35,1,36,37,38,1,1,1,1,1,39,40,41,42,1,43,1,1,44,45,1,1,1,1,1,46,1,47,48,1,1,1,1,1,1,1,49,50,51,52,53,1,1,1,1,54,55,56,1,1,1,57,1,1,1,1,1,1,1,1,1,1,58,59,1,1,1,1,2,60,61,2,2,2,2,2,62,63,64,65,66,67,68,69","0.000947952270507812","fast_greedy","edit-xhwikibooks.graphml"
"0.46","0.52","0.02","0.503375771604938","3,3,3,8,9,10,11,7,12,13,14,15,5,5,5,16,17,18,19,20,1,21,22,7,4,4,4,23,24,25,26,27,28,29,6,6,30,31,1,1,1,1,32,33,34,35,1,36,37,38,1,1,1,1,1,39,40,41,42,1,43,1,1,44,45,1,1,1,1,1,46,1,47,48,1,1,1,1,1,1,1,49,50,51,52,53,1,1,1,1,54,55,56,1,1,1,57,1,1,1,1,1,1,1,1,1,1,58,59,1,1,1,1,2,60,61,2,2,2,2,2,62,63,64,65,66,67,68,69","0.000990152359008789","fast_greedy","edit-xhwikibooks.graphml"
"0.45","0.53","0.02","0.503375771604938","3,3,3,8,9,10,11,7,12,13,14,15,5,5,5,16,17,18,19,20,1,21,22,7,4,4,4,23,24,25,26,27,28,29,6,6,30,31,1,1,1,1,32,33,34,35,1,36,37,38,1,1,1,1,1,39,40,41,42,1,43,1,1,44,45,1,1,1,1,1,46,1,47,48,1,1,1,1,1,1,1,49,50,51,52,53,1,1,1,1,54,55,56,1,1,1,57,1,1,1,1,1,1,1,1,1,1,58,59,1,1,1,1,2,60,61,2,2,2,2,2,62,63,64,65,66,67,68,69","0.00100898742675781","fast_greedy","edit-xhwikibooks.graphml"
"0.44","0.54","0.02","0.503375771604938","3,3,3,8,9,10,11,7,12,13,14,15,5,5,5,16,17,18,19,20,1,21,22,7,4,4,4,23,24,25,26,27,28,29,6,6,30,31,1,1,1,1,32,33,34,35,1,36,37,38,1,1,1,1,1,39,40,41,42,1,43,1,1,44,45,1,1,1,1,1,46,1,47,48,1,1,1,1,1,1,1,49,50,51,52,53,1,1,1,1,54,55,56,1,1,1,57,1,1,1,1,1,1,1,1,1,1,58,59,1,1,1,1,2,60,61,2,2,2,2,2,62,63,64,65,66,67,68,69","0.00103116035461426","fast_greedy","edit-xhwikibooks.graphml"
"0.43","0.55","0.02","0.503375771604938","3,3,3,8,9,10,11,7,12,13,14,15,5,5,5,16,17,18,19,20,1,21,22,7,4,4,4,23,24,25,26,27,28,29,6,6,30,31,1,1,1,1,32,33,34,35,1,36,37,38,1,1,1,1,1,39,40,41,42,1,43,1,1,44,45,1,1,1,1,1,46,1,47,48,1,1,1,1,1,1,1,49,50,51,52,53,1,1,1,1,54,55,56,1,1,1,57,1,1,1,1,1,1,1,1,1,1,58,59,1,1,1,1,2,60,61,2,2,2,2,2,62,63,64,65,66,67,68,69","0.00104713439941406","fast_greedy","edit-xhwikibooks.graphml"
"0.42","0.56","0.02","0.503375771604938","3,3,3,8,9,10,11,7,12,13,14,15,5,5,5,16,17,18,19,20,1,21,22,7,4,4,4,23,24,25,26,27,28,29,6,6,30,31,1,1,1,1,32,33,34,35,1,36,37,38,1,1,1,1,1,39,40,41,42,1,43,1,1,44,45,1,1,1,1,1,46,1,47,48,1,1,1,1,1,1,1,49,50,51,52,53,1,1,1,1,54,55,56,1,1,1,57,1,1,1,1,1,1,1,1,1,1,58,59,1,1,1,1,2,60,61,2,2,2,2,2,62,63,64,65,66,67,68,69","0.00105404853820801","fast_greedy","edit-xhwikibooks.graphml"
"0.41","0.57","0.02","0.503375771604938","3,3,3,8,9,10,11,7,12,13,14,15,5,5,5,16,17,18,19,20,1,21,22,7,4,4,4,23,24,25,26,27,28,29,6,6,30,31,1,1,1,1,32,33,34,35,1,36,37,38,1,1,1,1,1,39,40,41,42,1,43,1,1,44,45,1,1,1,1,1,46,1,47,48,1,1,1,1,1,1,1,49,50,51,52,53,1,1,1,1,54,55,56,1,1,1,57,1,1,1,1,1,1,1,1,1,1,58,59,1,1,1,1,2,60,61,2,2,2,2,2,62,63,64,65,66,67,68,69","0.00164699554443359","fast_greedy","edit-xhwikibooks.graphml"
"0.4","0.58","0.02","0.503375771604938","3,3,3,8,9,10,11,7,12,13,14,15,5,5,5,16,17,18,19,20,1,21,22,7,4,4,4,23,24,25,26,27,28,29,6,6,30,31,1,1,1,1,32,33,34,35,1,36,37,38,1,1,1,1,1,39,40,41,42,1,43,1,1,44,45,1,1,1,1,1,46,1,47,48,1,1,1,1,1,1,1,49,50,51,52,53,1,1,1,1,54,55,56,1,1,1,57,1,1,1,1,1,1,1,1,1,1,58,59,1,1,1,1,2,60,61,2,2,2,2,2,62,63,64,65,66,67,68,69","0.00143098831176758","fast_greedy","edit-xhwikibooks.graphml"
"0.39","0.59","0.02","0.503375771604938","3,3,3,8,9,10,11,7,12,13,14,15,5,5,5,16,17,18,19,20,1,21,22,7,4,4,4,23,24,25,26,27,28,29,6,6,30,31,1,1,1,1,32,33,34,35,1,36,37,38,1,1,1,1,1,39,40,41,42,1,43,1,1,44,45,1,1,1,1,1,46,1,47,48,1,1,1,1,1,1,1,49,50,51,52,53,1,1,1,1,54,55,56,1,1,1,57,1,1,1,1,1,1,1,1,1,1,58,59,1,1,1,1,2,60,61,2,2,2,2,2,62,63,64,65,66,67,68,69","0.00152707099914551","fast_greedy","edit-xhwikibooks.graphml"
"0.38","0.6","0.02","0.503375771604938","3,3,3,8,9,10,11,7,12,13,14,15,5,5,5,16,17,18,19,20,1,21,22,7,4,4,4,23,24,25,26,27,28,29,6,6,30,31,1,1,1,1,32,33,34,35,1,36,37,38,1,1,1,1,1,39,40,41,42,1,43,1,1,44,45,1,1,1,1,1,46,1,47,48,1,1,1,1,1,1,1,49,50,51,52,53,1,1,1,1,54,55,56,1,1,1,57,1,1,1,1,1,1,1,1,1,1,58,59,1,1,1,1,2,60,61,2,2,2,2,2,62,63,64,65,66,67,68,69","0.0010981559753418","fast_greedy","edit-xhwikibooks.graphml"
"0.37","0.61","0.02","0.503375771604938","3,3,3,8,9,10,11,7,12,13,14,15,5,5,5,16,17,18,19,20,1,21,22,7,4,4,4,23,24,25,26,27,28,29,6,6,30,31,1,1,1,1,32,33,34,35,1,36,37,38,1,1,1,1,1,39,40,41,42,1,43,1,1,44,45,1,1,1,1,1,46,1,47,48,1,1,1,1,1,1,1,49,50,51,52,53,1,1,1,1,54,55,56,1,1,1,57,1,1,1,1,1,1,1,1,1,1,58,59,1,1,1,1,2,60,61,2,2,2,2,2,62,63,64,65,66,67,68,69","0.000966787338256836","fast_greedy","edit-xhwikibooks.graphml"
"0.36","0.62","0.02","0.503375771604938","3,3,3,8,9,10,11,7,12,13,14,15,5,5,5,16,17,18,19,20,1,21,22,7,4,4,4,23,24,25,26,27,28,29,6,6,30,31,1,1,1,1,32,33,34,35,1,36,37,38,1,1,1,1,1,39,40,41,42,1,43,1,1,44,45,1,1,1,1,1,46,1,47,48,1,1,1,1,1,1,1,49,50,51,52,53,1,1,1,1,54,55,56,1,1,1,57,1,1,1,1,1,1,1,1,1,1,58,59,1,1,1,1,2,60,61,2,2,2,2,2,62,63,64,65,66,67,68,69","0.000979900360107422","fast_greedy","edit-xhwikibooks.graphml"
"0.35","0.63","0.02","0.503375771604938","3,3,3,8,9,10,11,7,12,13,14,15,5,5,5,16,17,18,19,20,1,21,22,7,4,4,4,23,24,25,26,27,28,29,6,6,30,31,1,1,1,1,32,33,34,35,1,36,37,38,1,1,1,1,1,39,40,41,42,1,43,1,1,44,45,1,1,1,1,1,46,1,47,48,1,1,1,1,1,1,1,49,50,51,52,53,1,1,1,1,54,55,56,1,1,1,57,1,1,1,1,1,1,1,1,1,1,58,59,1,1,1,1,2,60,61,2,2,2,2,2,62,63,64,65,66,67,68,69","0.000964164733886719","fast_greedy","edit-xhwikibooks.graphml"
"0.34","0.64","0.02","0.503375771604938","3,3,3,8,9,10,11,7,12,13,14,15,5,5,5,16,17,18,19,20,1,21,22,7,4,4,4,23,24,25,26,27,28,29,6,6,30,31,1,1,1,1,32,33,34,35,1,36,37,38,1,1,1,1,1,39,40,41,42,1,43,1,1,44,45,1,1,1,1,1,46,1,47,48,1,1,1,1,1,1,1,49,50,51,52,53,1,1,1,1,54,55,56,1,1,1,57,1,1,1,1,1,1,1,1,1,1,58,59,1,1,1,1,2,60,61,2,2,2,2,2,62,63,64,65,66,67,68,69","0.000986099243164062","fast_greedy","edit-xhwikibooks.graphml"
"0.33","0.65","0.02","0.503375771604938","3,3,3,8,9,10,11,7,12,13,14,15,5,5,5,16,17,18,19,20,1,21,22,7,4,4,4,23,24,25,26,27,28,29,6,6,30,31,1,1,1,1,32,33,34,35,1,36,37,38,1,1,1,1,1,39,40,41,42,1,43,1,1,44,45,1,1,1,1,1,46,1,47,48,1,1,1,1,1,1,1,49,50,51,52,53,1,1,1,1,54,55,56,1,1,1,57,1,1,1,1,1,1,1,1,1,1,58,59,1,1,1,1,2,60,61,2,2,2,2,2,62,63,64,65,66,67,68,69","0.000955820083618164","fast_greedy","edit-xhwikibooks.graphml"
"0.32","0.66","0.02","0.503375771604938","3,3,3,8,9,10,11,7,12,13,14,15,5,5,5,16,17,18,19,20,1,21,22,7,4,4,4,23,24,25,26,27,28,29,6,6,30,31,1,1,1,1,32,33,34,35,1,36,37,38,1,1,1,1,1,39,40,41,42,1,43,1,1,44,45,1,1,1,1,1,46,1,47,48,1,1,1,1,1,1,1,49,50,51,52,53,1,1,1,1,54,55,56,1,1,1,57,1,1,1,1,1,1,1,1,1,1,58,59,1,1,1,1,2,60,61,2,2,2,2,2,62,63,64,65,66,67,68,69","0.000988006591796875","fast_greedy","edit-xhwikibooks.graphml"
"0.31","0.67","0.02","0.503375771604938","3,3,3,8,9,10,11,7,12,13,14,15,5,5,5,16,17,18,19,20,1,21,22,7,4,4,4,23,24,25,26,27,28,29,6,6,30,31,1,1,1,1,32,33,34,35,1,36,37,38,1,1,1,1,1,39,40,41,42,1,43,1,1,44,45,1,1,1,1,1,46,1,47,48,1,1,1,1,1,1,1,49,50,51,52,53,1,1,1,1,54,55,56,1,1,1,57,1,1,1,1,1,1,1,1,1,1,58,59,1,1,1,1,2,60,61,2,2,2,2,2,62,63,64,65,66,67,68,69","0.000982999801635742","fast_greedy","edit-xhwikibooks.graphml"
"0.3","0.68","0.02","0.503375771604938","3,3,3,8,9,10,11,7,12,13,14,15,5,5,5,16,17,18,19,20,1,21,22,7,4,4,4,23,24,25,26,27,28,29,6,6,30,31,1,1,1,1,32,33,34,35,1,36,37,38,1,1,1,1,1,39,40,41,42,1,43,1,1,44,45,1,1,1,1,1,46,1,47,48,1,1,1,1,1,1,1,49,50,51,52,53,1,1,1,1,54,55,56,1,1,1,57,1,1,1,1,1,1,1,1,1,1,58,59,1,1,1,1,2,60,61,2,2,2,2,2,62,63,64,65,66,67,68,69","0.00119280815124512","fast_greedy","edit-xhwikibooks.graphml"
"0.29","0.69","0.02","0.503375771604938","3,3,3,8,9,10,11,7,12,13,14,15,5,5,5,16,17,18,19,20,1,21,22,7,4,4,4,23,24,25,26,27,28,29,6,6,30,31,1,1,1,1,32,33,34,35,1,36,37,38,1,1,1,1,1,39,40,41,42,1,43,1,1,44,45,1,1,1,1,1,46,1,47,48,1,1,1,1,1,1,1,49,50,51,52,53,1,1,1,1,54,55,56,1,1,1,57,1,1,1,1,1,1,1,1,1,1,58,59,1,1,1,1,2,60,61,2,2,2,2,2,62,63,64,65,66,67,68,69","0.00131893157958984","fast_greedy","edit-xhwikibooks.graphml"
"0.28","0.7","0.02","0.503375771604938","3,3,3,8,9,10,11,7,12,13,14,15,5,5,5,16,17,18,19,20,1,21,22,7,4,4,4,23,24,25,26,27,28,29,6,6,30,31,1,1,1,1,32,33,34,35,1,36,37,38,1,1,1,1,1,39,40,41,42,1,43,1,1,44,45,1,1,1,1,1,46,1,47,48,1,1,1,1,1,1,1,49,50,51,52,53,1,1,1,1,54,55,56,1,1,1,57,1,1,1,1,1,1,1,1,1,1,58,59,1,1,1,1,2,60,61,2,2,2,2,2,62,63,64,65,66,67,68,69","0.00122618675231934","fast_greedy","edit-xhwikibooks.graphml"
"0.27","0.71","0.02","0.503375771604938","3,3,3,8,9,10,11,7,12,13,14,15,5,5,5,16,17,18,19,20,1,21,22,7,4,4,4,23,24,25,26,27,28,29,6,6,30,31,1,1,1,1,32,33,34,35,1,36,37,38,1,1,1,1,1,39,40,41,42,1,43,1,1,44,45,1,1,1,1,1,46,1,47,48,1,1,1,1,1,1,1,49,50,51,52,53,1,1,1,1,54,55,56,1,1,1,57,1,1,1,1,1,1,1,1,1,1,58,59,1,1,1,1,2,60,61,2,2,2,2,2,62,63,64,65,66,67,68,69","0.00102996826171875","fast_greedy","edit-xhwikibooks.graphml"
"0.26","0.72","0.02","0.503375771604938","3,3,3,8,9,10,11,7,12,13,14,15,5,5,5,16,17,18,19,20,1,21,22,7,4,4,4,23,24,25,26,27,28,29,6,6,30,31,1,1,1,1,32,33,34,35,1,36,37,38,1,1,1,1,1,39,40,41,42,1,43,1,1,44,45,1,1,1,1,1,46,1,47,48,1,1,1,1,1,1,1,49,50,51,52,53,1,1,1,1,54,55,56,1,1,1,57,1,1,1,1,1,1,1,1,1,1,58,59,1,1,1,1,2,60,61,2,2,2,2,2,62,63,64,65,66,67,68,69","0.0011289119720459","fast_greedy","edit-xhwikibooks.graphml"
"0.25","0.73","0.02","0.503375771604938","3,3,3,8,9,10,11,7,12,13,14,15,5,5,5,16,17,18,19,20,1,21,22,7,4,4,4,23,24,25,26,27,28,29,6,6,30,31,1,1,1,1,32,33,34,35,1,36,37,38,1,1,1,1,1,39,40,41,42,1,43,1,1,44,45,1,1,1,1,1,46,1,47,48,1,1,1,1,1,1,1,49,50,51,52,53,1,1,1,1,54,55,56,1,1,1,57,1,1,1,1,1,1,1,1,1,1,58,59,1,1,1,1,2,60,61,2,2,2,2,2,62,63,64,65,66,67,68,69","0.00102591514587402","fast_greedy","edit-xhwikibooks.graphml"
"0.24","0.74","0.02","0.503375771604938","3,3,3,8,9,10,11,7,12,13,14,15,5,5,5,16,17,18,19,20,1,21,22,7,4,4,4,23,24,25,26,27,28,29,6,6,30,31,1,1,1,1,32,33,34,35,1,36,37,38,1,1,1,1,1,39,40,41,42,1,43,1,1,44,45,1,1,1,1,1,46,1,47,48,1,1,1,1,1,1,1,49,50,51,52,53,1,1,1,1,54,55,56,1,1,1,57,1,1,1,1,1,1,1,1,1,1,58,59,1,1,1,1,2,60,61,2,2,2,2,2,62,63,64,65,66,67,68,69","0.00117897987365723","fast_greedy","edit-xhwikibooks.graphml"
"0.23","0.75","0.02","0.503375771604938","3,3,3,8,9,10,11,7,12,13,14,15,5,5,5,16,17,18,19,20,1,21,22,7,4,4,4,23,24,25,26,27,28,29,6,6,30,31,1,1,1,1,32,33,34,35,1,36,37,38,1,1,1,1,1,39,40,41,42,1,43,1,1,44,45,1,1,1,1,1,46,1,47,48,1,1,1,1,1,1,1,49,50,51,52,53,1,1,1,1,54,55,56,1,1,1,57,1,1,1,1,1,1,1,1,1,1,58,59,1,1,1,1,2,60,61,2,2,2,2,2,62,63,64,65,66,67,68,69","0.000992059707641602","fast_greedy","edit-xhwikibooks.graphml"
"0.22","0.76","0.02","0.503375771604938","3,3,3,8,9,10,11,7,12,13,14,15,5,5,5,16,17,18,19,20,1,21,22,7,4,4,4,23,24,25,26,27,28,29,6,6,30,31,1,1,1,1,32,33,34,35,1,36,37,38,1,1,1,1,1,39,40,41,42,1,43,1,1,44,45,1,1,1,1,1,46,1,47,48,1,1,1,1,1,1,1,49,50,51,52,53,1,1,1,1,54,55,56,1,1,1,57,1,1,1,1,1,1,1,1,1,1,58,59,1,1,1,1,2,60,61,2,2,2,2,2,62,63,64,65,66,67,68,69","0.00104284286499023","fast_greedy","edit-xhwikibooks.graphml"
"0.21","0.77","0.02","0.503375771604938","3,3,3,8,9,10,11,7,12,13,14,15,5,5,5,16,17,18,19,20,1,21,22,7,4,4,4,23,24,25,26,27,28,29,6,6,30,31,1,1,1,1,32,33,34,35,1,36,37,38,1,1,1,1,1,39,40,41,42,1,43,1,1,44,45,1,1,1,1,1,46,1,47,48,1,1,1,1,1,1,1,49,50,51,52,53,1,1,1,1,54,55,56,1,1,1,57,1,1,1,1,1,1,1,1,1,1,58,59,1,1,1,1,2,60,61,2,2,2,2,2,62,63,64,65,66,67,68,69","0.000976085662841797","fast_greedy","edit-xhwikibooks.graphml"
"0.2","0.78","0.02","0.503375771604938","3,3,3,8,9,10,11,7,12,13,14,15,5,5,5,16,17,18,19,20,1,21,22,7,4,4,4,23,24,25,26,27,28,29,6,6,30,31,1,1,1,1,32,33,34,35,1,36,37,38,1,1,1,1,1,39,40,41,42,1,43,1,1,44,45,1,1,1,1,1,46,1,47,48,1,1,1,1,1,1,1,49,50,51,52,53,1,1,1,1,54,55,56,1,1,1,57,1,1,1,1,1,1,1,1,1,1,58,59,1,1,1,1,2,60,61,2,2,2,2,2,62,63,64,65,66,67,68,69","0.000962018966674805","fast_greedy","edit-xhwikibooks.graphml"
"0.19","0.79","0.02","0.503375771604938","3,3,3,8,9,10,11,7,12,13,14,15,5,5,5,16,17,18,19,20,1,21,22,7,4,4,4,23,24,25,26,27,28,29,6,6,30,31,1,1,1,1,32,33,34,35,1,36,37,38,1,1,1,1,1,39,40,41,42,1,43,1,1,44,45,1,1,1,1,1,46,1,47,48,1,1,1,1,1,1,1,49,50,51,52,53,1,1,1,1,54,55,56,1,1,1,57,1,1,1,1,1,1,1,1,1,1,58,59,1,1,1,1,2,60,61,2,2,2,2,2,62,63,64,65,66,67,68,69","0.000998020172119141","fast_greedy","edit-xhwikibooks.graphml"
"0.18","0.8","0.02","0.503375771604938","3,3,3,8,9,10,11,7,12,13,14,15,5,5,5,16,17,18,19,20,1,21,22,7,4,4,4,23,24,25,26,27,28,29,6,6,30,31,1,1,1,1,32,33,34,35,1,36,37,38,1,1,1,1,1,39,40,41,42,1,43,1,1,44,45,1,1,1,1,1,46,1,47,48,1,1,1,1,1,1,1,49,50,51,52,53,1,1,1,1,54,55,56,1,1,1,57,1,1,1,1,1,1,1,1,1,1,58,59,1,1,1,1,2,60,61,2,2,2,2,2,62,63,64,65,66,67,68,69","0.00146603584289551","fast_greedy","edit-xhwikibooks.graphml"
"0.17","0.81","0.02","0.503375771604938","3,3,3,8,9,10,11,7,12,13,14,15,5,5,5,16,17,18,19,20,1,21,22,7,4,4,4,23,24,25,26,27,28,29,6,6,30,31,1,1,1,1,32,33,34,35,1,36,37,38,1,1,1,1,1,39,40,41,42,1,43,1,1,44,45,1,1,1,1,1,46,1,47,48,1,1,1,1,1,1,1,49,50,51,52,53,1,1,1,1,54,55,56,1,1,1,57,1,1,1,1,1,1,1,1,1,1,58,59,1,1,1,1,2,60,61,2,2,2,2,2,62,63,64,65,66,67,68,69","0.000991106033325195","fast_greedy","edit-xhwikibooks.graphml"
"0.16","0.82","0.02","0.503375771604938","3,3,3,8,9,10,11,7,12,13,14,15,5,5,5,16,17,18,19,20,1,21,22,7,4,4,4,23,24,25,26,27,28,29,6,6,30,31,1,1,1,1,32,33,34,35,1,36,37,38,1,1,1,1,1,39,40,41,42,1,43,1,1,44,45,1,1,1,1,1,46,1,47,48,1,1,1,1,1,1,1,49,50,51,52,53,1,1,1,1,54,55,56,1,1,1,57,1,1,1,1,1,1,1,1,1,1,58,59,1,1,1,1,2,60,61,2,2,2,2,2,62,63,64,65,66,67,68,69","0.00098109245300293","fast_greedy","edit-xhwikibooks.graphml"
"0.15","0.83","0.02","0.503375771604938","3,3,3,8,9,10,11,7,12,13,14,15,5,5,5,16,17,18,19,20,1,21,22,7,4,4,4,23,24,25,26,27,28,29,6,6,30,31,1,1,1,1,32,33,34,35,1,36,37,38,1,1,1,1,1,39,40,41,42,1,43,1,1,44,45,1,1,1,1,1,46,1,47,48,1,1,1,1,1,1,1,49,50,51,52,53,1,1,1,1,54,55,56,1,1,1,57,1,1,1,1,1,1,1,1,1,1,58,59,1,1,1,1,2,60,61,2,2,2,2,2,62,63,64,65,66,67,68,69","0.000982999801635742","fast_greedy","edit-xhwikibooks.graphml"
"0.14","0.84","0.02","0.503375771604938","3,3,3,8,9,10,11,7,12,13,14,15,5,5,5,16,17,18,19,20,1,21,22,7,4,4,4,23,24,25,26,27,28,29,6,6,30,31,1,1,1,1,32,33,34,35,1,36,37,38,1,1,1,1,1,39,40,41,42,1,43,1,1,44,45,1,1,1,1,1,46,1,47,48,1,1,1,1,1,1,1,49,50,51,52,53,1,1,1,1,54,55,56,1,1,1,57,1,1,1,1,1,1,1,1,1,1,58,59,1,1,1,1,2,60,61,2,2,2,2,2,62,63,64,65,66,67,68,69","0.0010221004486084","fast_greedy","edit-xhwikibooks.graphml"
"0.13","0.85","0.02","0.503375771604938","3,3,3,8,9,10,11,7,12,13,14,15,5,5,5,16,17,18,19,20,1,21,22,7,4,4,4,23,24,25,26,27,28,29,6,6,30,31,1,1,1,1,32,33,34,35,1,36,37,38,1,1,1,1,1,39,40,41,42,1,43,1,1,44,45,1,1,1,1,1,46,1,47,48,1,1,1,1,1,1,1,49,50,51,52,53,1,1,1,1,54,55,56,1,1,1,57,1,1,1,1,1,1,1,1,1,1,58,59,1,1,1,1,2,60,61,2,2,2,2,2,62,63,64,65,66,67,68,69","0.00102114677429199","fast_greedy","edit-xhwikibooks.graphml"
"0.12","0.86","0.02","0.503375771604938","3,3,3,8,9,10,11,7,12,13,14,15,5,5,5,16,17,18,19,20,1,21,22,7,4,4,4,23,24,25,26,27,28,29,6,6,30,31,1,1,1,1,32,33,34,35,1,36,37,38,1,1,1,1,1,39,40,41,42,1,43,1,1,44,45,1,1,1,1,1,46,1,47,48,1,1,1,1,1,1,1,49,50,51,52,53,1,1,1,1,54,55,56,1,1,1,57,1,1,1,1,1,1,1,1,1,1,58,59,1,1,1,1,2,60,61,2,2,2,2,2,62,63,64,65,66,67,68,69","0.00107192993164062","fast_greedy","edit-xhwikibooks.graphml"
"0.11","0.87","0.02","0.503375771604938","3,3,3,8,9,10,11,7,12,13,14,15,5,5,5,16,17,18,19,20,1,21,22,7,4,4,4,23,24,25,26,27,28,29,6,6,30,31,1,1,1,1,32,33,34,35,1,36,37,38,1,1,1,1,1,39,40,41,42,1,43,1,1,44,45,1,1,1,1,1,46,1,47,48,1,1,1,1,1,1,1,49,50,51,52,53,1,1,1,1,54,55,56,1,1,1,57,1,1,1,1,1,1,1,1,1,1,58,59,1,1,1,1,2,60,61,2,2,2,2,2,62,63,64,65,66,67,68,69","0.00105404853820801","fast_greedy","edit-xhwikibooks.graphml"
"0.1","0.88","0.02","0.503375771604938","3,3,3,8,9,10,11,7,12,13,14,15,5,5,5,16,17,18,19,20,1,21,22,7,4,4,4,23,24,25,26,27,28,29,6,6,30,31,1,1,1,1,32,33,34,35,1,36,37,38,1,1,1,1,1,39,40,41,42,1,43,1,1,44,45,1,1,1,1,1,46,1,47,48,1,1,1,1,1,1,1,49,50,51,52,53,1,1,1,1,54,55,56,1,1,1,57,1,1,1,1,1,1,1,1,1,1,58,59,1,1,1,1,2,60,61,2,2,2,2,2,62,63,64,65,66,67,68,69","0.00107192993164062","fast_greedy","edit-xhwikibooks.graphml"
"0.09","0.89","0.02","0.503375771604938","3,3,3,8,9,10,11,7,12,13,14,15,5,5,5,16,17,18,19,20,1,21,22,7,4,4,4,23,24,25,26,27,28,29,6,6,30,31,1,1,1,1,32,33,34,35,1,36,37,38,1,1,1,1,1,39,40,41,42,1,43,1,1,44,45,1,1,1,1,1,46,1,47,48,1,1,1,1,1,1,1,49,50,51,52,53,1,1,1,1,54,55,56,1,1,1,57,1,1,1,1,1,1,1,1,1,1,58,59,1,1,1,1,2,60,61,2,2,2,2,2,62,63,64,65,66,67,68,69","0.00106215476989746","fast_greedy","edit-xhwikibooks.graphml"
"0.08","0.9","0.02","0.503375771604938","3,3,3,8,9,10,11,7,12,13,14,15,5,5,5,16,17,18,19,20,1,21,22,7,4,4,4,23,24,25,26,27,28,29,6,6,30,31,1,1,1,1,32,33,34,35,1,36,37,38,1,1,1,1,1,39,40,41,42,1,43,1,1,44,45,1,1,1,1,1,46,1,47,48,1,1,1,1,1,1,1,49,50,51,52,53,1,1,1,1,54,55,56,1,1,1,57,1,1,1,1,1,1,1,1,1,1,58,59,1,1,1,1,2,60,61,2,2,2,2,2,62,63,64,65,66,67,68,69","0.00109505653381348","fast_greedy","edit-xhwikibooks.graphml"
"0.07","0.91","0.02","0.503375771604938","3,3,3,8,9,10,11,7,12,13,14,15,5,5,5,16,17,18,19,20,1,21,22,7,4,4,4,23,24,25,26,27,28,29,6,6,30,31,1,1,1,1,32,33,34,35,1,36,37,38,1,1,1,1,1,39,40,41,42,1,43,1,1,44,45,1,1,1,1,1,46,1,47,48,1,1,1,1,1,1,1,49,50,51,52,53,1,1,1,1,54,55,56,1,1,1,57,1,1,1,1,1,1,1,1,1,1,58,59,1,1,1,1,2,60,61,2,2,2,2,2,62,63,64,65,66,67,68,69","0.00112390518188477","fast_greedy","edit-xhwikibooks.graphml"
"0.06","0.92","0.02","0.503375771604938","3,3,3,8,9,10,11,7,12,13,14,15,5,5,5,16,17,18,19,20,1,21,22,7,4,4,4,23,24,25,26,27,28,29,6,6,30,31,1,1,1,1,32,33,34,35,1,36,37,38,1,1,1,1,1,39,40,41,42,1,43,1,1,44,45,1,1,1,1,1,46,1,47,48,1,1,1,1,1,1,1,49,50,51,52,53,1,1,1,1,54,55,56,1,1,1,57,1,1,1,1,1,1,1,1,1,1,58,59,1,1,1,1,2,60,61,2,2,2,2,2,62,63,64,65,66,67,68,69","0.00167202949523926","fast_greedy","edit-xhwikibooks.graphml"
"0.05","0.93","0.02","0.503375771604938","3,3,3,8,9,10,11,7,12,13,14,15,5,5,5,16,17,18,19,20,1,21,22,7,4,4,4,23,24,25,26,27,28,29,6,6,30,31,1,1,1,1,32,33,34,35,1,36,37,38,1,1,1,1,1,39,40,41,42,1,43,1,1,44,45,1,1,1,1,1,46,1,47,48,1,1,1,1,1,1,1,49,50,51,52,53,1,1,1,1,54,55,56,1,1,1,57,1,1,1,1,1,1,1,1,1,1,58,59,1,1,1,1,2,60,61,2,2,2,2,2,62,63,64,65,66,67,68,69","0.0014340877532959","fast_greedy","edit-xhwikibooks.graphml"
"0.04","0.94","0.02","0.503375771604938","3,3,3,8,9,10,11,7,12,13,14,15,5,5,5,16,17,18,19,20,1,21,22,7,4,4,4,23,24,25,26,27,28,29,6,6,30,31,1,1,1,1,32,33,34,35,1,36,37,38,1,1,1,1,1,39,40,41,42,1,43,1,1,44,45,1,1,1,1,1,46,1,47,48,1,1,1,1,1,1,1,49,50,51,52,53,1,1,1,1,54,55,56,1,1,1,57,1,1,1,1,1,1,1,1,1,1,58,59,1,1,1,1,2,60,61,2,2,2,2,2,62,63,64,65,66,67,68,69","0.00136303901672363","fast_greedy","edit-xhwikibooks.graphml"
"0.03","0.95","0.02","0.621301775147929","2,2,2,7,8,9,10,6,11,12,13,14,4,4,4,15,16,17,18,19,2,20,21,6,3,3,3,22,23,24,25,26,27,28,5,5,29,30,31,32,33,34,35,36,37,38,39,40,41,42,43,44,45,46,47,48,49,50,51,52,53,54,55,56,57,58,59,60,61,62,63,64,65,66,67,68,69,70,71,72,73,74,75,76,77,78,79,80,81,82,83,84,85,86,87,88,89,90,91,92,93,94,95,96,97,98,99,100,101,2,102,103,104,1,105,106,1,1,1,1,1,107,108,109,110,111,112,113,114","0.00105595588684082","fast_greedy","edit-xhwikibooks.graphml"
"0.02","0.96","0.02","0.621301775147929","2,2,2,7,8,9,10,6,11,12,13,14,4,4,4,15,16,17,18,19,2,20,21,6,3,3,3,22,23,24,25,26,27,28,5,5,29,30,31,32,33,34,35,36,37,38,39,40,41,42,43,44,45,46,47,48,49,50,51,52,53,54,55,56,57,58,59,60,61,62,63,64,65,66,67,68,69,70,71,72,73,74,75,76,77,78,79,80,81,82,83,84,85,86,87,88,89,90,91,92,93,94,95,96,97,98,99,100,101,2,102,103,104,1,105,106,1,1,1,1,1,107,108,109,110,111,112,113,114","0.00107502937316895","fast_greedy","edit-xhwikibooks.graphml"
"0.01","0.97","0.02","0.6016","2,2,2,7,8,9,10,6,11,12,13,14,4,4,4,15,16,17,18,19,2,20,21,6,3,3,3,22,23,24,25,26,27,28,5,5,29,30,31,32,33,34,35,36,37,38,39,40,41,42,43,44,45,46,47,48,49,50,51,52,53,54,55,56,57,58,59,60,61,62,63,64,65,66,67,68,69,70,71,72,73,74,75,76,77,78,79,80,81,82,83,84,85,86,87,88,89,90,91,92,93,94,95,96,97,98,99,100,101,102,103,104,105,1,106,107,1,1,1,1,1,108,109,110,111,112,113,114,115","0.000921010971069336","fast_greedy","edit-xhwikibooks.graphml"
"0","0.98","0.02","0.6484375","1,1,1,1,1,6,7,1,8,9,10,11,4,4,4,12,13,14,15,16,1,1,17,1,3,3,3,18,1,19,20,21,22,23,5,5,24,25,26,27,28,29,30,31,32,33,34,35,36,37,38,39,40,41,42,43,44,45,46,47,48,49,50,51,52,53,54,55,56,57,58,59,60,61,62,63,64,65,66,67,68,69,70,71,72,73,74,75,76,77,78,79,80,81,82,83,84,85,86,87,88,89,90,91,92,93,94,95,96,97,98,99,100,2,101,102,2,2,2,2,2,103,104,105,106,107,108,109,110","0.000938892364501953","fast_greedy","edit-xhwikibooks.graphml"
"0.97","0","0.03","0.738928571428572","1,1,1,1,1,2,1,5,2,2,4,1,5,5,5,2,2,4,4,1,3,6,5,5,5,5,5,2,1,2,4,4,1,1,7,7,8,5,3,3,3,3,6,6,6,6,3,6,6,6,3,3,3,3,3,6,6,6,6,3,5,3,3,5,5,3,3,3,3,3,6,3,5,5,3,3,3,3,3,3,3,5,2,2,2,1,3,3,3,3,2,4,4,3,3,3,2,3,3,3,3,3,3,3,3,3,3,1,1,1,3,3,3,7,7,7,7,7,7,7,7,8,8,8,8,8,8,8,8","0.00105905532836914","fast_greedy","edit-xhwikibooks.graphml"
"0.96","0.01","0.03","0.738928571428572","1,1,1,1,1,2,1,5,2,2,4,1,5,5,5,2,2,4,4,1,3,6,5,5,5,5,5,2,1,2,4,4,1,1,7,7,8,5,3,3,3,3,6,6,6,6,3,6,6,6,3,3,3,3,3,6,6,6,6,3,5,3,3,5,5,3,3,3,3,3,6,3,5,5,3,3,3,3,3,3,3,5,2,2,2,1,3,3,3,3,2,4,4,3,3,3,2,3,3,3,3,3,3,3,3,3,3,1,1,1,3,3,3,7,7,7,7,7,7,7,7,8,8,8,8,8,8,8,8","0.00108885765075684","fast_greedy","edit-xhwikibooks.graphml"
"0.95","0.02","0.03","0.738928571428572","1,1,1,1,1,2,1,5,2,2,4,1,5,5,5,2,2,4,4,1,3,6,5,5,5,5,5,2,1,2,4,4,1,1,7,7,8,5,3,3,3,3,6,6,6,6,3,6,6,6,3,3,3,3,3,6,6,6,6,3,5,3,3,5,5,3,3,3,3,3,6,3,5,5,3,3,3,3,3,3,3,5,2,2,2,1,3,3,3,3,2,4,4,3,3,3,2,3,3,3,3,3,3,3,3,3,3,1,1,1,3,3,3,7,7,7,7,7,7,7,7,8,8,8,8,8,8,8,8","0.00114011764526367","fast_greedy","edit-xhwikibooks.graphml"
"0.94","0.03","0.03","0.738928571428572","1,1,1,1,1,2,1,5,2,2,4,1,5,5,5,2,2,4,4,1,3,6,5,5,5,5,5,2,1,2,4,4,1,1,7,7,8,5,3,3,3,3,6,6,6,6,3,6,6,6,3,3,3,3,3,6,6,6,6,3,5,3,3,5,5,3,3,3,3,3,6,3,5,5,3,3,3,3,3,3,3,5,2,2,2,1,3,3,3,3,2,4,4,3,3,3,2,3,3,3,3,3,3,3,3,3,3,1,1,1,3,3,3,7,7,7,7,7,7,7,7,8,8,8,8,8,8,8,8","0.00119495391845703","fast_greedy","edit-xhwikibooks.graphml"
"0.93","0.04","0.03","0.729053497942387","2,2,2,2,2,1,2,1,1,1,2,4,1,1,1,5,1,2,2,4,3,6,1,1,1,1,1,5,2,1,2,2,4,4,7,7,8,1,3,3,3,3,6,6,6,6,3,6,6,6,3,3,3,3,3,6,6,6,6,3,9,3,3,1,1,3,3,3,3,3,6,3,1,1,3,3,3,3,3,3,3,1,5,5,5,10,3,3,3,3,11,12,13,3,3,3,5,3,3,3,3,3,3,3,3,3,3,4,4,4,3,3,3,7,7,7,7,7,7,7,7,8,8,8,8,8,8,8,8","0.0011909008026123","fast_greedy","edit-xhwikibooks.graphml"
"0.92","0.05","0.03","0.729053497942387","2,2,2,2,2,1,2,1,1,1,2,4,1,1,1,5,1,2,2,4,3,6,1,1,1,1,1,5,2,1,2,2,4,4,7,7,8,1,3,3,3,3,6,6,6,6,3,6,6,6,3,3,3,3,3,6,6,6,6,3,9,3,3,1,1,3,3,3,3,3,6,3,1,1,3,3,3,3,3,3,3,1,5,5,5,10,3,3,3,3,11,12,13,3,3,3,5,3,3,3,3,3,3,3,3,3,3,4,4,4,3,3,3,7,7,7,7,7,7,7,7,8,8,8,8,8,8,8,8","0.00102901458740234","fast_greedy","edit-xhwikibooks.graphml"
"0.91","0.06","0.03","0.729053497942387","2,2,2,2,2,1,2,1,1,1,2,4,1,1,1,5,1,2,2,4,3,6,1,1,1,1,1,5,2,1,2,2,4,4,7,7,8,1,3,3,3,3,6,6,6,6,3,6,6,6,3,3,3,3,3,6,6,6,6,3,9,3,3,1,1,3,3,3,3,3,6,3,1,1,3,3,3,3,3,3,3,1,5,5,5,10,3,3,3,3,11,12,13,3,3,3,5,3,3,3,3,3,3,3,3,3,3,4,4,4,3,3,3,7,7,7,7,7,7,7,7,8,8,8,8,8,8,8,8","0.00102996826171875","fast_greedy","edit-xhwikibooks.graphml"
"0.9","0.07","0.03","0.715104","1,1,1,1,1,3,1,4,3,3,1,1,4,4,4,3,8,1,1,1,2,5,4,4,4,4,4,3,1,9,10,1,1,1,6,6,7,4,2,2,2,2,5,5,5,5,2,5,5,5,2,2,2,2,2,5,5,5,5,2,11,2,2,12,13,2,2,2,2,2,5,2,4,4,2,2,2,2,2,2,2,14,3,3,3,15,2,2,2,2,16,17,18,2,2,2,19,2,2,2,2,2,2,2,2,2,2,20,21,2,2,2,2,6,6,6,6,6,6,6,6,7,7,7,7,7,7,7,7","0.00104093551635742","fast_greedy","edit-xhwikibooks.graphml"
"0.89","0.08","0.03","0.715104","1,1,1,1,1,3,1,4,3,3,1,1,4,4,4,3,8,1,1,1,2,5,4,4,4,4,4,3,1,9,10,1,1,1,6,6,7,4,2,2,2,2,5,5,5,5,2,5,5,5,2,2,2,2,2,5,5,5,5,2,11,2,2,12,13,2,2,2,2,2,5,2,4,4,2,2,2,2,2,2,2,14,3,3,3,15,2,2,2,2,16,17,18,2,2,2,19,2,2,2,2,2,2,2,2,2,2,20,21,2,2,2,2,6,6,6,6,6,6,6,6,7,7,7,7,7,7,7,7","0.00105500221252441","fast_greedy","edit-xhwikibooks.graphml"
"0.88","0.09","0.03","0.715104","1,1,1,1,1,3,1,4,3,3,1,1,4,4,4,3,8,1,1,1,2,5,4,4,4,4,4,3,1,9,10,1,1,1,6,6,7,4,2,2,2,2,5,5,5,5,2,5,5,5,2,2,2,2,2,5,5,5,5,2,11,2,2,12,13,2,2,2,2,2,5,2,4,4,2,2,2,2,2,2,2,14,3,3,3,15,2,2,2,2,16,17,18,2,2,2,19,2,2,2,2,2,2,2,2,2,2,20,21,2,2,2,2,6,6,6,6,6,6,6,6,7,7,7,7,7,7,7,7","0.00104808807373047","fast_greedy","edit-xhwikibooks.graphml"
"0.87","0.1","0.03","0.695844493141791","5,5,5,2,8,2,1,2,2,2,1,9,2,2,2,2,10,11,1,7,3,4,12,2,2,2,2,2,5,13,14,15,7,16,1,1,6,2,3,3,3,3,4,4,4,4,3,4,4,4,3,3,3,3,3,4,4,4,4,3,17,3,3,18,19,3,3,3,3,3,4,3,20,21,3,3,3,3,3,3,3,22,23,24,25,26,3,3,3,3,27,28,29,3,3,3,30,3,3,3,3,3,3,3,3,3,3,31,32,3,3,3,3,1,1,1,1,1,1,1,1,6,6,6,6,6,6,6,6","0.00106501579284668","fast_greedy","edit-xhwikibooks.graphml"
"0.86","0.11","0.03","0.695844493141791","5,5,5,2,8,2,1,2,2,2,1,9,2,2,2,2,10,11,1,7,3,4,12,2,2,2,2,2,5,13,14,15,7,16,1,1,6,2,3,3,3,3,4,4,4,4,3,4,4,4,3,3,3,3,3,4,4,4,4,3,17,3,3,18,19,3,3,3,3,3,4,3,20,21,3,3,3,3,3,3,3,22,23,24,25,26,3,3,3,3,27,28,29,3,3,3,30,3,3,3,3,3,3,3,3,3,3,31,32,3,3,3,3,1,1,1,1,1,1,1,1,6,6,6,6,6,6,6,6","0.00105619430541992","fast_greedy","edit-xhwikibooks.graphml"
"0.85","0.12","0.03","0.695844493141791","5,5,5,2,8,2,1,2,2,2,1,9,2,2,2,2,10,11,1,7,3,4,12,2,2,2,2,2,5,13,14,15,7,16,1,1,6,2,3,3,3,3,4,4,4,4,3,4,4,4,3,3,3,3,3,4,4,4,4,3,17,3,3,18,19,3,3,3,3,3,4,3,20,21,3,3,3,3,3,3,3,22,23,24,25,26,3,3,3,3,27,28,29,3,3,3,30,3,3,3,3,3,3,3,3,3,3,31,32,3,3,3,3,1,1,1,1,1,1,1,1,6,6,6,6,6,6,6,6","0.00107598304748535","fast_greedy","edit-xhwikibooks.graphml"
"0.84","0.13","0.03","0.685742455418381","5,5,5,1,7,1,8,1,1,1,9,10,1,1,1,1,11,12,4,13,2,3,14,1,1,1,1,1,5,15,16,17,18,19,4,4,6,1,2,2,2,2,3,3,3,3,2,3,3,3,2,2,2,2,2,3,3,3,3,2,20,2,2,21,22,2,2,2,2,2,3,2,23,24,2,2,2,2,2,2,2,25,26,27,28,29,2,2,2,2,30,31,32,2,2,2,33,2,2,2,2,2,2,2,2,2,2,34,35,2,2,2,2,4,4,4,4,4,4,4,4,6,6,6,6,6,6,6,6","0.00105500221252441","fast_greedy","edit-xhwikibooks.graphml"
"0.83","0.14","0.03","0.685742455418381","5,5,5,1,7,1,8,1,1,1,9,10,1,1,1,1,11,12,4,13,2,3,14,1,1,1,1,1,5,15,16,17,18,19,4,4,6,1,2,2,2,2,3,3,3,3,2,3,3,3,2,2,2,2,2,3,3,3,3,2,20,2,2,21,22,2,2,2,2,2,3,2,23,24,2,2,2,2,2,2,2,25,26,27,28,29,2,2,2,2,30,31,32,2,2,2,33,2,2,2,2,2,2,2,2,2,2,34,35,2,2,2,2,4,4,4,4,4,4,4,4,6,6,6,6,6,6,6,6","0.00107097625732422","fast_greedy","edit-xhwikibooks.graphml"
"0.82","0.15","0.03","0.685742455418381","5,5,5,1,7,1,8,1,1,1,9,10,1,1,1,1,11,12,4,13,2,3,14,1,1,1,1,1,5,15,16,17,18,19,4,4,6,1,2,2,2,2,3,3,3,3,2,3,3,3,2,2,2,2,2,3,3,3,3,2,20,2,2,21,22,2,2,2,2,2,3,2,23,24,2,2,2,2,2,2,2,25,26,27,28,29,2,2,2,2,30,31,32,2,2,2,33,2,2,2,2,2,2,2,2,2,2,34,35,2,2,2,2,4,4,4,4,4,4,4,4,6,6,6,6,6,6,6,6","0.000982999801635742","fast_greedy","edit-xhwikibooks.graphml"
"0.81","0.16","0.03","0.673058439061899","2,2,2,7,8,2,9,2,6,10,11,12,2,6,6,2,13,14,4,15,1,3,16,6,6,6,6,17,18,19,20,21,22,23,4,4,5,6,1,1,1,1,3,3,3,3,1,3,3,3,1,1,1,1,1,3,3,3,3,1,24,1,1,25,26,1,1,1,1,1,3,1,27,28,1,1,1,1,1,1,1,29,30,31,32,33,1,1,1,1,34,35,36,1,1,1,37,1,1,1,1,1,1,1,1,1,1,38,39,1,1,1,1,4,4,4,4,4,4,4,4,5,5,5,5,5,5,5,5","0.00117397308349609","fast_greedy","edit-xhwikibooks.graphml"
"0.8","0.17","0.03","0.675888396644359","2,2,2,7,8,2,9,2,5,10,11,12,2,5,5,2,13,14,6,15,1,3,16,5,5,5,5,17,18,19,20,21,22,23,6,6,4,5,1,1,1,1,3,3,3,3,1,3,3,3,1,1,1,1,1,3,3,3,3,1,24,1,1,25,26,1,1,1,1,1,3,1,27,28,1,1,1,1,1,1,1,29,30,31,32,33,1,1,1,1,34,35,36,1,1,1,37,1,1,1,1,1,1,1,1,1,1,38,39,1,1,1,1,6,6,6,6,6,6,6,6,4,4,4,4,4,4,4,4","0.00104713439941406","fast_greedy","edit-xhwikibooks.graphml"
"0.79","0.18","0.03","0.675888396644359","2,2,2,7,8,2,9,2,5,10,11,12,2,5,5,2,13,14,6,15,1,3,16,5,5,5,5,17,18,19,20,21,22,23,6,6,4,5,1,1,1,1,3,3,3,3,1,3,3,3,1,1,1,1,1,3,3,3,3,1,24,1,1,25,26,1,1,1,1,1,3,1,27,28,1,1,1,1,1,1,1,29,30,31,32,33,1,1,1,1,34,35,36,1,1,1,37,1,1,1,1,1,1,1,1,1,1,38,39,1,1,1,1,6,6,6,6,6,6,6,6,4,4,4,4,4,4,4,4","0.00104689598083496","fast_greedy","edit-xhwikibooks.graphml"
"0.78","0.19","0.03","0.66225","2,2,2,7,8,2,9,2,6,10,11,12,13,6,6,14,15,16,4,17,1,3,18,6,6,6,6,19,20,21,22,23,24,25,4,4,5,26,1,1,1,1,3,3,3,3,1,3,3,3,1,1,1,1,1,3,3,3,3,1,27,1,1,28,29,1,1,1,1,1,3,1,30,31,1,1,1,1,1,1,1,32,33,34,35,36,1,1,1,1,37,38,39,1,1,1,40,1,1,1,1,1,1,1,1,1,1,41,42,1,1,1,1,4,4,4,4,4,4,4,4,5,5,5,5,5,5,5,5","0.00107598304748535","fast_greedy","edit-xhwikibooks.graphml"
"0.77","0.2","0.03","0.66225","2,2,2,7,8,2,9,2,6,10,11,12,13,6,6,14,15,16,4,17,1,3,18,6,6,6,6,19,20,21,22,23,24,25,4,4,5,26,1,1,1,1,3,3,3,3,1,3,3,3,1,1,1,1,1,3,3,3,3,1,27,1,1,28,29,1,1,1,1,1,3,1,30,31,1,1,1,1,1,1,1,32,33,34,35,36,1,1,1,1,37,38,39,1,1,1,40,1,1,1,1,1,1,1,1,1,1,41,42,1,1,1,1,4,4,4,4,4,4,4,4,5,5,5,5,5,5,5,5","0.00106000900268555","fast_greedy","edit-xhwikibooks.graphml"
"0.76","0.21","0.03","0.66225","2,2,2,7,8,2,9,2,6,10,11,12,13,6,6,14,15,16,4,17,1,3,18,6,6,6,6,19,20,21,22,23,24,25,4,4,5,26,1,1,1,1,3,3,3,3,1,3,3,3,1,1,1,1,1,3,3,3,3,1,27,1,1,28,29,1,1,1,1,1,3,1,30,31,1,1,1,1,1,1,1,32,33,34,35,36,1,1,1,1,37,38,39,1,1,1,40,1,1,1,1,1,1,1,1,1,1,41,42,1,1,1,1,4,4,4,4,4,4,4,4,5,5,5,5,5,5,5,5","0.00111293792724609","fast_greedy","edit-xhwikibooks.graphml"
"0.75","0.22","0.03","0.653537326388889","1,1,1,6,7,8,9,5,10,11,12,13,14,5,5,15,16,17,3,18,2,1,19,20,5,5,5,21,22,23,24,25,26,27,3,3,4,28,2,2,2,2,1,1,1,1,2,1,1,1,2,2,2,2,2,1,1,1,1,2,29,2,2,30,31,2,2,2,2,2,1,2,32,33,2,2,2,2,2,2,2,34,35,36,37,38,2,2,2,2,39,40,41,2,2,2,42,2,2,2,2,2,2,2,2,2,2,43,44,2,2,2,2,3,3,3,3,3,3,3,3,4,4,4,4,4,4,4,4","0.0010378360748291","fast_greedy","edit-xhwikibooks.graphml"
"0.74","0.23","0.03","0.653537326388889","1,1,1,6,7,8,9,5,10,11,12,13,14,5,5,15,16,17,3,18,2,1,19,20,5,5,5,21,22,23,24,25,26,27,3,3,4,28,2,2,2,2,1,1,1,1,2,1,1,1,2,2,2,2,2,1,1,1,1,2,29,2,2,30,31,2,2,2,2,2,1,2,32,33,2,2,2,2,2,2,2,34,35,36,37,38,2,2,2,2,39,40,41,2,2,2,42,2,2,2,2,2,2,2,2,2,2,43,44,2,2,2,2,3,3,3,3,3,3,3,3,4,4,4,4,4,4,4,4","0.00106120109558105","fast_greedy","edit-xhwikibooks.graphml"
"0.73","0.24","0.03","0.653537326388889","1,1,1,6,7,8,9,5,10,11,12,13,14,5,5,15,16,17,3,18,2,1,19,20,5,5,5,21,22,23,24,25,26,27,3,3,4,28,2,2,2,2,1,1,1,1,2,1,1,1,2,2,2,2,2,1,1,1,1,2,29,2,2,30,31,2,2,2,2,2,1,2,32,33,2,2,2,2,2,2,2,34,35,36,37,38,2,2,2,2,39,40,41,2,2,2,42,2,2,2,2,2,2,2,2,2,2,43,44,2,2,2,2,3,3,3,3,3,3,3,3,4,4,4,4,4,4,4,4","0.00104022026062012","fast_greedy","edit-xhwikibooks.graphml"
"0.72","0.25","0.03","0.578603570910147","1,1,1,5,6,7,8,9,10,11,12,13,14,3,3,15,16,17,4,18,2,1,19,20,3,3,3,21,22,23,24,25,26,27,4,4,3,28,2,2,2,2,1,1,1,1,2,1,1,1,2,2,2,2,2,1,1,1,1,2,29,2,2,30,31,2,2,2,2,2,1,2,32,33,2,2,2,2,2,2,2,34,35,36,37,38,2,2,2,2,39,40,41,2,2,2,42,2,2,2,2,2,2,2,2,2,2,43,44,2,2,2,2,4,45,46,4,4,4,4,4,47,48,49,50,51,52,53,54","0.000993967056274414","fast_greedy","edit-xhwikibooks.graphml"
"0.71","0.26","0.03","0.578603570910147","1,1,1,5,6,7,8,9,10,11,12,13,14,3,3,15,16,17,4,18,2,1,19,20,3,3,3,21,22,23,24,25,26,27,4,4,3,28,2,2,2,2,1,1,1,1,2,1,1,1,2,2,2,2,2,1,1,1,1,2,29,2,2,30,31,2,2,2,2,2,1,2,32,33,2,2,2,2,2,2,2,34,35,36,37,38,2,2,2,2,39,40,41,2,2,2,42,2,2,2,2,2,2,2,2,2,2,43,44,2,2,2,2,4,45,46,4,4,4,4,4,47,48,49,50,51,52,53,54","0.00107598304748535","fast_greedy","edit-xhwikibooks.graphml"
"0.7","0.27","0.03","0.578603570910147","1,1,1,5,6,7,8,9,10,11,12,13,14,3,3,15,16,17,4,18,2,1,19,20,3,3,3,21,22,23,24,25,26,27,4,4,3,28,2,2,2,2,1,1,1,1,2,1,1,1,2,2,2,2,2,1,1,1,1,2,29,2,2,30,31,2,2,2,2,2,1,2,32,33,2,2,2,2,2,2,2,34,35,36,37,38,2,2,2,2,39,40,41,2,2,2,42,2,2,2,2,2,2,2,2,2,2,43,44,2,2,2,2,4,45,46,4,4,4,4,4,47,48,49,50,51,52,53,54","0.00096893310546875","fast_greedy","edit-xhwikibooks.graphml"
"0.69","0.28","0.03","0.57004759071981","1,1,1,5,6,7,8,9,10,11,12,13,14,15,4,16,17,18,3,19,2,1,20,21,4,4,4,22,23,24,25,26,27,28,3,3,4,29,2,2,2,2,1,1,1,1,2,1,1,1,2,2,2,2,2,1,1,1,1,2,30,2,2,31,32,2,2,2,2,2,1,2,33,34,2,2,2,2,2,2,2,35,36,37,38,39,2,2,2,2,40,41,42,2,2,2,43,2,2,2,2,2,2,2,2,2,2,44,45,2,2,2,2,3,46,47,3,3,3,3,3,48,49,50,51,52,53,54,55","0.000975131988525391","fast_greedy","edit-xhwikibooks.graphml"
"0.68","0.29","0.03","0.57004759071981","1,1,1,5,6,7,8,9,10,11,12,13,14,15,4,16,17,18,3,19,2,1,20,21,4,4,4,22,23,24,25,26,27,28,3,3,4,29,2,2,2,2,1,1,1,1,2,1,1,1,2,2,2,2,2,1,1,1,1,2,30,2,2,31,32,2,2,2,2,2,1,2,33,34,2,2,2,2,2,2,2,35,36,37,38,39,2,2,2,2,40,41,42,2,2,2,43,2,2,2,2,2,2,2,2,2,2,44,45,2,2,2,2,3,46,47,3,3,3,3,3,48,49,50,51,52,53,54,55","0.00106096267700195","fast_greedy","edit-xhwikibooks.graphml"
"0.67","0.3","0.03","0.57004759071981","1,1,1,5,6,7,8,9,10,11,12,13,14,15,4,16,17,18,3,19,2,1,20,21,4,4,4,22,23,24,25,26,27,28,3,3,4,29,2,2,2,2,1,1,1,1,2,1,1,1,2,2,2,2,2,1,1,1,1,2,30,2,2,31,32,2,2,2,2,2,1,2,33,34,2,2,2,2,2,2,2,35,36,37,38,39,2,2,2,2,40,41,42,2,2,2,43,2,2,2,2,2,2,2,2,2,2,44,45,2,2,2,2,3,46,47,3,3,3,3,3,48,49,50,51,52,53,54,55","0.000936985015869141","fast_greedy","edit-xhwikibooks.graphml"
"0.66","0.31","0.03","0.546306681621535","1,1,1,4,5,6,7,8,9,10,11,12,13,14,2,15,16,17,18,19,3,1,20,21,22,2,23,24,25,26,27,28,29,30,2,2,2,31,3,3,3,3,1,1,1,1,3,1,1,1,3,3,3,3,3,1,1,1,1,3,32,3,3,33,34,3,3,3,3,3,1,3,35,36,3,3,3,3,3,3,3,37,38,39,40,41,3,3,3,3,42,43,44,3,3,3,45,3,3,3,3,3,3,3,3,3,3,46,47,3,3,3,3,2,48,49,2,2,2,2,2,50,51,52,53,54,55,56,57","0.000960826873779297","fast_greedy","edit-xhwikibooks.graphml"
"0.65","0.32","0.03","0.546306681621535","1,1,1,4,5,6,7,8,9,10,11,12,13,14,2,15,16,17,18,19,3,1,20,21,22,2,23,24,25,26,27,28,29,30,2,2,2,31,3,3,3,3,1,1,1,1,3,1,1,1,3,3,3,3,3,1,1,1,1,3,32,3,3,33,34,3,3,3,3,3,1,3,35,36,3,3,3,3,3,3,3,37,38,39,40,41,3,3,3,3,42,43,44,3,3,3,45,3,3,3,3,3,3,3,3,3,3,46,47,3,3,3,3,2,48,49,2,2,2,2,2,50,51,52,53,54,55,56,57","0.000977993011474609","fast_greedy","edit-xhwikibooks.graphml"
"0.64","0.33","0.03","0.546306681621535","1,1,1,4,5,6,7,8,9,10,11,12,13,14,2,15,16,17,18,19,3,1,20,21,22,2,23,24,25,26,27,28,29,30,2,2,2,31,3,3,3,3,1,1,1,1,3,1,1,1,3,3,3,3,3,1,1,1,1,3,32,3,3,33,34,3,3,3,3,3,1,3,35,36,3,3,3,3,3,3,3,37,38,39,40,41,3,3,3,3,42,43,44,3,3,3,45,3,3,3,3,3,3,3,3,3,3,46,47,3,3,3,3,2,48,49,2,2,2,2,2,50,51,52,53,54,55,56,57","0.000982999801635742","fast_greedy","edit-xhwikibooks.graphml"
"0.63","0.34","0.03","0.546306681621535","1,1,1,4,5,6,7,8,9,10,11,12,13,2,2,14,15,16,17,18,3,1,19,20,21,22,23,24,25,26,27,28,29,30,2,2,2,31,3,3,3,3,1,1,1,1,3,1,1,1,3,3,3,3,3,1,1,1,1,3,32,3,3,33,34,3,3,3,3,3,1,3,35,36,3,3,3,3,3,3,3,37,38,39,40,41,3,3,3,3,42,43,44,3,3,3,45,3,3,3,3,3,3,3,3,3,3,46,47,3,3,3,3,2,48,49,2,2,2,2,2,50,51,52,53,54,55,56,57","0.00100302696228027","fast_greedy","edit-xhwikibooks.graphml"
"0.62","0.35","0.03","0.546306681621535","1,1,1,4,5,6,7,8,9,10,11,12,13,2,2,14,15,16,17,18,3,1,19,20,21,22,23,24,25,26,27,28,29,30,2,2,2,31,3,3,3,3,1,1,1,1,3,1,1,1,3,3,3,3,3,1,1,1,1,3,32,3,3,33,34,3,3,3,3,3,1,3,35,36,3,3,3,3,3,3,3,37,38,39,40,41,3,3,3,3,42,43,44,3,3,3,45,3,3,3,3,3,3,3,3,3,3,46,47,3,3,3,3,2,48,49,2,2,2,2,2,50,51,52,53,54,55,56,57","0.000966072082519531","fast_greedy","edit-xhwikibooks.graphml"
"0.61","0.36","0.03","0.546306681621535","1,1,1,4,5,6,7,8,9,10,11,12,13,2,2,14,15,16,17,18,3,1,19,20,21,22,23,24,25,26,27,28,29,30,2,2,2,31,3,3,3,3,1,1,1,1,3,1,1,1,3,3,3,3,3,1,1,1,1,3,32,3,3,33,34,3,3,3,3,3,1,3,35,36,3,3,3,3,3,3,3,37,38,39,40,41,3,3,3,3,42,43,44,3,3,3,45,3,3,3,3,3,3,3,3,3,3,46,47,3,3,3,3,2,48,49,2,2,2,2,2,50,51,52,53,54,55,56,57","0.000982046127319336","fast_greedy","edit-xhwikibooks.graphml"
"0.6","0.37","0.03","0.338472222222222","3,3,3,5,6,7,8,9,10,11,12,13,14,4,4,15,16,17,18,19,1,3,20,21,22,23,24,25,26,27,28,29,30,31,2,2,4,32,1,1,1,1,33,34,35,36,1,37,38,39,1,1,1,1,1,40,41,42,43,1,44,1,1,45,46,1,1,1,1,1,47,1,48,49,1,1,1,1,1,1,1,50,51,52,53,54,1,1,1,1,55,56,57,1,1,1,58,1,1,1,1,1,1,1,1,1,1,59,60,1,1,1,1,2,61,62,2,2,2,2,2,63,64,65,66,67,68,69,70","0.001007080078125","fast_greedy","edit-xhwikibooks.graphml"
"0.59","0.38","0.03","0.338472222222222","3,3,3,5,6,7,8,9,10,11,12,13,14,4,4,15,16,17,18,19,1,3,20,21,22,23,24,25,26,27,28,29,30,31,2,2,4,32,1,1,1,1,33,34,35,36,1,37,38,39,1,1,1,1,1,40,41,42,43,1,44,1,1,45,46,1,1,1,1,1,47,1,48,49,1,1,1,1,1,1,1,50,51,52,53,54,1,1,1,1,55,56,57,1,1,1,58,1,1,1,1,1,1,1,1,1,1,59,60,1,1,1,1,2,61,62,2,2,2,2,2,63,64,65,66,67,68,69,70","0.000969886779785156","fast_greedy","edit-xhwikibooks.graphml"
"0.58","0.39","0.03","0.338472222222222","3,3,3,5,6,7,8,9,10,11,12,13,14,4,4,15,16,17,18,19,1,3,20,21,22,23,24,25,26,27,28,29,30,31,2,2,4,32,1,1,1,1,33,34,35,36,1,37,38,39,1,1,1,1,1,40,41,42,43,1,44,1,1,45,46,1,1,1,1,1,47,1,48,49,1,1,1,1,1,1,1,50,51,52,53,54,1,1,1,1,55,56,57,1,1,1,58,1,1,1,1,1,1,1,1,1,1,59,60,1,1,1,1,2,61,62,2,2,2,2,2,63,64,65,66,67,68,69,70","0.000986099243164062","fast_greedy","edit-xhwikibooks.graphml"
"0.57","0.4","0.03","0.338472222222222","3,3,3,5,6,7,8,9,10,11,12,13,14,4,4,15,16,17,18,19,1,3,20,21,22,23,24,25,26,27,28,29,30,31,2,2,4,32,1,1,1,1,33,34,35,36,1,37,38,39,1,1,1,1,1,40,41,42,43,1,44,1,1,45,46,1,1,1,1,1,47,1,48,49,1,1,1,1,1,1,1,50,51,52,53,54,1,1,1,1,55,56,57,1,1,1,58,1,1,1,1,1,1,1,1,1,1,59,60,1,1,1,1,2,61,62,2,2,2,2,2,63,64,65,66,67,68,69,70","0.000961065292358398","fast_greedy","edit-xhwikibooks.graphml"
"0.56","0.41","0.03","0.338472222222222","3,3,3,5,6,7,8,9,10,11,12,13,14,4,4,15,16,17,18,19,1,3,20,21,22,23,24,25,26,27,28,29,30,31,2,2,4,32,1,1,1,1,33,34,35,36,1,37,38,39,1,1,1,1,1,40,41,42,43,1,44,1,1,45,46,1,1,1,1,1,47,1,48,49,1,1,1,1,1,1,1,50,51,52,53,54,1,1,1,1,55,56,57,1,1,1,58,1,1,1,1,1,1,1,1,1,1,59,60,1,1,1,1,2,61,62,2,2,2,2,2,63,64,65,66,67,68,69,70","0.00097203254699707","fast_greedy","edit-xhwikibooks.graphml"
"0.55","0.42","0.03","0.338472222222222","3,3,3,5,6,7,8,9,10,11,12,13,14,4,4,15,16,17,18,19,1,3,20,21,22,23,24,25,26,27,28,29,30,31,2,2,4,32,1,1,1,1,33,34,35,36,1,37,38,39,1,1,1,1,1,40,41,42,43,1,44,1,1,45,46,1,1,1,1,1,47,1,48,49,1,1,1,1,1,1,1,50,51,52,53,54,1,1,1,1,55,56,57,1,1,1,58,1,1,1,1,1,1,1,1,1,1,59,60,1,1,1,1,2,61,62,2,2,2,2,2,63,64,65,66,67,68,69,70","0.00105595588684082","fast_greedy","edit-xhwikibooks.graphml"
"0.54","0.43","0.03","0.172837308650765","2,2,2,5,6,7,8,9,10,11,12,13,14,4,4,15,16,17,18,19,1,2,20,21,22,23,24,25,26,27,28,29,30,31,3,3,32,33,1,1,1,1,34,35,36,37,1,38,39,40,1,1,1,1,1,41,42,43,44,1,45,1,1,46,47,1,1,1,1,1,48,1,49,50,1,1,1,1,1,1,1,51,52,53,54,55,1,1,1,1,56,57,58,1,1,1,59,1,1,1,1,1,1,1,1,1,1,60,61,1,1,1,1,62,63,64,65,66,67,68,69,70,71,72,73,74,75,76,77","0.000976800918579102","fast_greedy","edit-xhwikibooks.graphml"
"0.53","0.44","0.03","0.172837308650765","2,2,2,5,6,7,8,9,10,11,12,13,14,4,4,15,16,17,18,19,1,2,20,21,22,23,24,25,26,27,28,29,30,31,3,3,32,33,1,1,1,1,34,35,36,37,1,38,39,40,1,1,1,1,1,41,42,43,44,1,45,1,1,46,47,1,1,1,1,1,48,1,49,50,1,1,1,1,1,1,1,51,52,53,54,55,1,1,1,1,56,57,58,1,1,1,59,1,1,1,1,1,1,1,1,1,1,60,61,1,1,1,1,62,63,64,65,66,67,68,69,70,71,72,73,74,75,76,77","0.00097203254699707","fast_greedy","edit-xhwikibooks.graphml"
"0.52","0.45","0.03","0.172837308650765","2,2,2,5,6,7,8,9,10,11,12,13,14,4,4,15,16,17,18,19,1,2,20,21,22,23,24,25,26,27,28,29,30,31,3,3,32,33,1,1,1,1,34,35,36,37,1,38,39,40,1,1,1,1,1,41,42,43,44,1,45,1,1,46,47,1,1,1,1,1,48,1,49,50,1,1,1,1,1,1,1,51,52,53,54,55,1,1,1,1,56,57,58,1,1,1,59,1,1,1,1,1,1,1,1,1,1,60,61,1,1,1,1,62,63,64,65,66,67,68,69,70,71,72,73,74,75,76,77","0.00100207328796387","fast_greedy","edit-xhwikibooks.graphml"
"0.51","0.46","0.03","0.172837308650765","2,2,2,5,6,7,8,9,10,11,12,13,14,4,4,15,16,17,18,19,1,2,20,21,22,23,24,25,26,27,28,29,30,31,3,3,32,33,1,1,1,1,34,35,36,37,1,38,39,40,1,1,1,1,1,41,42,43,44,1,45,1,1,46,47,1,1,1,1,1,48,1,49,50,1,1,1,1,1,1,1,51,52,53,54,55,1,1,1,1,56,57,58,1,1,1,59,1,1,1,1,1,1,1,1,1,1,60,61,1,1,1,1,62,63,64,65,66,67,68,69,70,71,72,73,74,75,76,77","0.00108098983764648","fast_greedy","edit-xhwikibooks.graphml"
"0.5","0.47","0.03","0.172837308650765","2,2,2,5,6,7,8,9,10,11,12,13,14,4,4,15,16,17,18,19,1,2,20,21,22,23,24,25,26,27,28,29,30,31,3,3,32,33,1,1,1,1,34,35,36,37,1,38,39,40,1,1,1,1,1,41,42,43,44,1,45,1,1,46,47,1,1,1,1,1,48,1,49,50,1,1,1,1,1,1,1,51,52,53,54,55,1,1,1,1,56,57,58,1,1,1,59,1,1,1,1,1,1,1,1,1,1,60,61,1,1,1,1,62,63,64,65,66,67,68,69,70,71,72,73,74,75,76,77","0.0010221004486084","fast_greedy","edit-xhwikibooks.graphml"
"0.49","0.48","0.03","0.172837308650765","2,2,2,5,6,7,8,9,10,11,12,13,14,4,4,15,16,17,18,19,1,2,20,21,22,23,24,25,26,27,28,29,30,31,3,3,32,33,1,1,1,1,34,35,36,37,1,38,39,40,1,1,1,1,1,41,42,43,44,1,45,1,1,46,47,1,1,1,1,1,48,1,49,50,1,1,1,1,1,1,1,51,52,53,54,55,1,1,1,1,56,57,58,1,1,1,59,1,1,1,1,1,1,1,1,1,1,60,61,1,1,1,1,62,63,64,65,66,67,68,69,70,71,72,73,74,75,76,77","0.0010981559753418","fast_greedy","edit-xhwikibooks.graphml"
"0.48","0.49","0.03","0.143306213017751","2,2,2,5,6,7,8,9,10,11,12,13,14,4,4,15,16,17,18,19,1,20,21,22,23,24,25,26,27,28,29,30,31,32,3,3,33,34,1,1,1,1,35,36,37,38,1,39,40,41,1,1,1,1,1,42,43,44,45,1,46,1,1,47,48,1,1,1,1,1,49,1,50,51,1,1,1,1,1,1,1,52,53,54,55,56,1,1,1,1,57,58,59,1,1,1,60,1,1,1,1,1,1,1,1,1,1,61,62,1,1,1,1,63,64,65,66,67,68,69,70,71,72,73,74,75,76,77,78","0.00103998184204102","fast_greedy","edit-xhwikibooks.graphml"
"0.47","0.5","0.03","0.503375771604938","3,3,3,8,9,10,11,7,12,13,14,15,5,5,5,16,17,18,19,20,1,21,22,7,4,4,4,23,24,25,26,27,28,29,6,6,30,31,1,1,1,1,32,33,34,35,1,36,37,38,1,1,1,1,1,39,40,41,42,1,43,1,1,44,45,1,1,1,1,1,46,1,47,48,1,1,1,1,1,1,1,49,50,51,52,53,1,1,1,1,54,55,56,1,1,1,57,1,1,1,1,1,1,1,1,1,1,58,59,1,1,1,1,2,60,61,2,2,2,2,2,62,63,64,65,66,67,68,69","0.00101995468139648","fast_greedy","edit-xhwikibooks.graphml"
"0.46","0.51","0.03","0.503375771604938","3,3,3,8,9,10,11,7,12,13,14,15,5,5,5,16,17,18,19,20,1,21,22,7,4,4,4,23,24,25,26,27,28,29,6,6,30,31,1,1,1,1,32,33,34,35,1,36,37,38,1,1,1,1,1,39,40,41,42,1,43,1,1,44,45,1,1,1,1,1,46,1,47,48,1,1,1,1,1,1,1,49,50,51,52,53,1,1,1,1,54,55,56,1,1,1,57,1,1,1,1,1,1,1,1,1,1,58,59,1,1,1,1,2,60,61,2,2,2,2,2,62,63,64,65,66,67,68,69","0.00096583366394043","fast_greedy","edit-xhwikibooks.graphml"
"0.45","0.52","0.03","0.503375771604938","3,3,3,8,9,10,11,7,12,13,14,15,5,5,5,16,17,18,19,20,1,21,22,7,4,4,4,23,24,25,26,27,28,29,6,6,30,31,1,1,1,1,32,33,34,35,1,36,37,38,1,1,1,1,1,39,40,41,42,1,43,1,1,44,45,1,1,1,1,1,46,1,47,48,1,1,1,1,1,1,1,49,50,51,52,53,1,1,1,1,54,55,56,1,1,1,57,1,1,1,1,1,1,1,1,1,1,58,59,1,1,1,1,2,60,61,2,2,2,2,2,62,63,64,65,66,67,68,69","0.000969171524047852","fast_greedy","edit-xhwikibooks.graphml"
"0.44","0.53","0.03","0.503375771604938","3,3,3,8,9,10,11,7,12,13,14,15,5,5,5,16,17,18,19,20,1,21,22,7,4,4,4,23,24,25,26,27,28,29,6,6,30,31,1,1,1,1,32,33,34,35,1,36,37,38,1,1,1,1,1,39,40,41,42,1,43,1,1,44,45,1,1,1,1,1,46,1,47,48,1,1,1,1,1,1,1,49,50,51,52,53,1,1,1,1,54,55,56,1,1,1,57,1,1,1,1,1,1,1,1,1,1,58,59,1,1,1,1,2,60,61,2,2,2,2,2,62,63,64,65,66,67,68,69","0.00097203254699707","fast_greedy","edit-xhwikibooks.graphml"
"0.43","0.54","0.03","0.503375771604938","3,3,3,8,9,10,11,7,12,13,14,15,5,5,5,16,17,18,19,20,1,21,22,7,4,4,4,23,24,25,26,27,28,29,6,6,30,31,1,1,1,1,32,33,34,35,1,36,37,38,1,1,1,1,1,39,40,41,42,1,43,1,1,44,45,1,1,1,1,1,46,1,47,48,1,1,1,1,1,1,1,49,50,51,52,53,1,1,1,1,54,55,56,1,1,1,57,1,1,1,1,1,1,1,1,1,1,58,59,1,1,1,1,2,60,61,2,2,2,2,2,62,63,64,65,66,67,68,69","0.00117802619934082","fast_greedy","edit-xhwikibooks.graphml"
"0.42","0.55","0.03","0.503375771604938","3,3,3,8,9,10,11,7,12,13,14,15,5,5,5,16,17,18,19,20,1,21,22,7,4,4,4,23,24,25,26,27,28,29,6,6,30,31,1,1,1,1,32,33,34,35,1,36,37,38,1,1,1,1,1,39,40,41,42,1,43,1,1,44,45,1,1,1,1,1,46,1,47,48,1,1,1,1,1,1,1,49,50,51,52,53,1,1,1,1,54,55,56,1,1,1,57,1,1,1,1,1,1,1,1,1,1,58,59,1,1,1,1,2,60,61,2,2,2,2,2,62,63,64,65,66,67,68,69","0.000962972640991211","fast_greedy","edit-xhwikibooks.graphml"
"0.41","0.56","0.03","0.503375771604938","3,3,3,8,9,10,11,7,12,13,14,15,5,5,5,16,17,18,19,20,1,21,22,7,4,4,4,23,24,25,26,27,28,29,6,6,30,31,1,1,1,1,32,33,34,35,1,36,37,38,1,1,1,1,1,39,40,41,42,1,43,1,1,44,45,1,1,1,1,1,46,1,47,48,1,1,1,1,1,1,1,49,50,51,52,53,1,1,1,1,54,55,56,1,1,1,57,1,1,1,1,1,1,1,1,1,1,58,59,1,1,1,1,2,60,61,2,2,2,2,2,62,63,64,65,66,67,68,69","0.000977993011474609","fast_greedy","edit-xhwikibooks.graphml"
"0.4","0.57","0.03","0.503375771604938","3,3,3,8,9,10,11,7,12,13,14,15,5,5,5,16,17,18,19,20,1,21,22,7,4,4,4,23,24,25,26,27,28,29,6,6,30,31,1,1,1,1,32,33,34,35,1,36,37,38,1,1,1,1,1,39,40,41,42,1,43,1,1,44,45,1,1,1,1,1,46,1,47,48,1,1,1,1,1,1,1,49,50,51,52,53,1,1,1,1,54,55,56,1,1,1,57,1,1,1,1,1,1,1,1,1,1,58,59,1,1,1,1,2,60,61,2,2,2,2,2,62,63,64,65,66,67,68,69","0.000930070877075195","fast_greedy","edit-xhwikibooks.graphml"
"0.39","0.58","0.03","0.503375771604938","3,3,3,8,9,10,11,7,12,13,14,15,5,5,5,16,17,18,19,20,1,21,22,7,4,4,4,23,24,25,26,27,28,29,6,6,30,31,1,1,1,1,32,33,34,35,1,36,37,38,1,1,1,1,1,39,40,41,42,1,43,1,1,44,45,1,1,1,1,1,46,1,47,48,1,1,1,1,1,1,1,49,50,51,52,53,1,1,1,1,54,55,56,1,1,1,57,1,1,1,1,1,1,1,1,1,1,58,59,1,1,1,1,2,60,61,2,2,2,2,2,62,63,64,65,66,67,68,69","0.000977993011474609","fast_greedy","edit-xhwikibooks.graphml"
"0.38","0.59","0.03","0.503375771604938","3,3,3,8,9,10,11,7,12,13,14,15,5,5,5,16,17,18,19,20,1,21,22,7,4,4,4,23,24,25,26,27,28,29,6,6,30,31,1,1,1,1,32,33,34,35,1,36,37,38,1,1,1,1,1,39,40,41,42,1,43,1,1,44,45,1,1,1,1,1,46,1,47,48,1,1,1,1,1,1,1,49,50,51,52,53,1,1,1,1,54,55,56,1,1,1,57,1,1,1,1,1,1,1,1,1,1,58,59,1,1,1,1,2,60,61,2,2,2,2,2,62,63,64,65,66,67,68,69","0.000995159149169922","fast_greedy","edit-xhwikibooks.graphml"
"0.37","0.6","0.03","0.503375771604938","3,3,3,8,9,10,11,7,12,13,14,15,5,5,5,16,17,18,19,20,1,21,22,7,4,4,4,23,24,25,26,27,28,29,6,6,30,31,1,1,1,1,32,33,34,35,1,36,37,38,1,1,1,1,1,39,40,41,42,1,43,1,1,44,45,1,1,1,1,1,46,1,47,48,1,1,1,1,1,1,1,49,50,51,52,53,1,1,1,1,54,55,56,1,1,1,57,1,1,1,1,1,1,1,1,1,1,58,59,1,1,1,1,2,60,61,2,2,2,2,2,62,63,64,65,66,67,68,69","0.00100207328796387","fast_greedy","edit-xhwikibooks.graphml"
"0.36","0.61","0.03","0.503375771604938","3,3,3,8,9,10,11,7,12,13,14,15,5,5,5,16,17,18,19,20,1,21,22,7,4,4,4,23,24,25,26,27,28,29,6,6,30,31,1,1,1,1,32,33,34,35,1,36,37,38,1,1,1,1,1,39,40,41,42,1,43,1,1,44,45,1,1,1,1,1,46,1,47,48,1,1,1,1,1,1,1,49,50,51,52,53,1,1,1,1,54,55,56,1,1,1,57,1,1,1,1,1,1,1,1,1,1,58,59,1,1,1,1,2,60,61,2,2,2,2,2,62,63,64,65,66,67,68,69","0.00100302696228027","fast_greedy","edit-xhwikibooks.graphml"
"0.35","0.62","0.03","0.503375771604938","3,3,3,8,9,10,11,7,12,13,14,15,5,5,5,16,17,18,19,20,1,21,22,7,4,4,4,23,24,25,26,27,28,29,6,6,30,31,1,1,1,1,32,33,34,35,1,36,37,38,1,1,1,1,1,39,40,41,42,1,43,1,1,44,45,1,1,1,1,1,46,1,47,48,1,1,1,1,1,1,1,49,50,51,52,53,1,1,1,1,54,55,56,1,1,1,57,1,1,1,1,1,1,1,1,1,1,58,59,1,1,1,1,2,60,61,2,2,2,2,2,62,63,64,65,66,67,68,69","0.00103592872619629","fast_greedy","edit-xhwikibooks.graphml"
"0.34","0.63","0.03","0.503375771604938","3,3,3,8,9,10,11,7,12,13,14,15,5,5,5,16,17,18,19,20,1,21,22,7,4,4,4,23,24,25,26,27,28,29,6,6,30,31,1,1,1,1,32,33,34,35,1,36,37,38,1,1,1,1,1,39,40,41,42,1,43,1,1,44,45,1,1,1,1,1,46,1,47,48,1,1,1,1,1,1,1,49,50,51,52,53,1,1,1,1,54,55,56,1,1,1,57,1,1,1,1,1,1,1,1,1,1,58,59,1,1,1,1,2,60,61,2,2,2,2,2,62,63,64,65,66,67,68,69","0.000926971435546875","fast_greedy","edit-xhwikibooks.graphml"
"0.33","0.64","0.03","0.503375771604938","3,3,3,8,9,10,11,7,12,13,14,15,5,5,5,16,17,18,19,20,1,21,22,7,4,4,4,23,24,25,26,27,28,29,6,6,30,31,1,1,1,1,32,33,34,35,1,36,37,38,1,1,1,1,1,39,40,41,42,1,43,1,1,44,45,1,1,1,1,1,46,1,47,48,1,1,1,1,1,1,1,49,50,51,52,53,1,1,1,1,54,55,56,1,1,1,57,1,1,1,1,1,1,1,1,1,1,58,59,1,1,1,1,2,60,61,2,2,2,2,2,62,63,64,65,66,67,68,69","0.000957965850830078","fast_greedy","edit-xhwikibooks.graphml"
"0.32","0.65","0.03","0.503375771604938","3,3,3,8,9,10,11,7,12,13,14,15,5,5,5,16,17,18,19,20,1,21,22,7,4,4,4,23,24,25,26,27,28,29,6,6,30,31,1,1,1,1,32,33,34,35,1,36,37,38,1,1,1,1,1,39,40,41,42,1,43,1,1,44,45,1,1,1,1,1,46,1,47,48,1,1,1,1,1,1,1,49,50,51,52,53,1,1,1,1,54,55,56,1,1,1,57,1,1,1,1,1,1,1,1,1,1,58,59,1,1,1,1,2,60,61,2,2,2,2,2,62,63,64,65,66,67,68,69","0.000975847244262695","fast_greedy","edit-xhwikibooks.graphml"
"0.31","0.66","0.03","0.503375771604938","3,3,3,8,9,10,11,7,12,13,14,15,5,5,5,16,17,18,19,20,1,21,22,7,4,4,4,23,24,25,26,27,28,29,6,6,30,31,1,1,1,1,32,33,34,35,1,36,37,38,1,1,1,1,1,39,40,41,42,1,43,1,1,44,45,1,1,1,1,1,46,1,47,48,1,1,1,1,1,1,1,49,50,51,52,53,1,1,1,1,54,55,56,1,1,1,57,1,1,1,1,1,1,1,1,1,1,58,59,1,1,1,1,2,60,61,2,2,2,2,2,62,63,64,65,66,67,68,69","0.00100088119506836","fast_greedy","edit-xhwikibooks.graphml"
"0.3","0.67","0.03","0.503375771604938","3,3,3,8,9,10,11,7,12,13,14,15,5,5,5,16,17,18,19,20,1,21,22,7,4,4,4,23,24,25,26,27,28,29,6,6,30,31,1,1,1,1,32,33,34,35,1,36,37,38,1,1,1,1,1,39,40,41,42,1,43,1,1,44,45,1,1,1,1,1,46,1,47,48,1,1,1,1,1,1,1,49,50,51,52,53,1,1,1,1,54,55,56,1,1,1,57,1,1,1,1,1,1,1,1,1,1,58,59,1,1,1,1,2,60,61,2,2,2,2,2,62,63,64,65,66,67,68,69","0.00120091438293457","fast_greedy","edit-xhwikibooks.graphml"
"0.29","0.68","0.03","0.503375771604938","3,3,3,8,9,10,11,7,12,13,14,15,5,5,5,16,17,18,19,20,1,21,22,7,4,4,4,23,24,25,26,27,28,29,6,6,30,31,1,1,1,1,32,33,34,35,1,36,37,38,1,1,1,1,1,39,40,41,42,1,43,1,1,44,45,1,1,1,1,1,46,1,47,48,1,1,1,1,1,1,1,49,50,51,52,53,1,1,1,1,54,55,56,1,1,1,57,1,1,1,1,1,1,1,1,1,1,58,59,1,1,1,1,2,60,61,2,2,2,2,2,62,63,64,65,66,67,68,69","0.000982999801635742","fast_greedy","edit-xhwikibooks.graphml"
"0.28","0.69","0.03","0.503375771604938","3,3,3,8,9,10,11,7,12,13,14,15,5,5,5,16,17,18,19,20,1,21,22,7,4,4,4,23,24,25,26,27,28,29,6,6,30,31,1,1,1,1,32,33,34,35,1,36,37,38,1,1,1,1,1,39,40,41,42,1,43,1,1,44,45,1,1,1,1,1,46,1,47,48,1,1,1,1,1,1,1,49,50,51,52,53,1,1,1,1,54,55,56,1,1,1,57,1,1,1,1,1,1,1,1,1,1,58,59,1,1,1,1,2,60,61,2,2,2,2,2,62,63,64,65,66,67,68,69","0.000985860824584961","fast_greedy","edit-xhwikibooks.graphml"
"0.27","0.7","0.03","0.503375771604938","3,3,3,8,9,10,11,7,12,13,14,15,5,5,5,16,17,18,19,20,1,21,22,7,4,4,4,23,24,25,26,27,28,29,6,6,30,31,1,1,1,1,32,33,34,35,1,36,37,38,1,1,1,1,1,39,40,41,42,1,43,1,1,44,45,1,1,1,1,1,46,1,47,48,1,1,1,1,1,1,1,49,50,51,52,53,1,1,1,1,54,55,56,1,1,1,57,1,1,1,1,1,1,1,1,1,1,58,59,1,1,1,1,2,60,61,2,2,2,2,2,62,63,64,65,66,67,68,69","0.00101399421691895","fast_greedy","edit-xhwikibooks.graphml"
"0.26","0.71","0.03","0.503375771604938","3,3,3,8,9,10,11,7,12,13,14,15,5,5,5,16,17,18,19,20,1,21,22,7,4,4,4,23,24,25,26,27,28,29,6,6,30,31,1,1,1,1,32,33,34,35,1,36,37,38,1,1,1,1,1,39,40,41,42,1,43,1,1,44,45,1,1,1,1,1,46,1,47,48,1,1,1,1,1,1,1,49,50,51,52,53,1,1,1,1,54,55,56,1,1,1,57,1,1,1,1,1,1,1,1,1,1,58,59,1,1,1,1,2,60,61,2,2,2,2,2,62,63,64,65,66,67,68,69","0.00102806091308594","fast_greedy","edit-xhwikibooks.graphml"
"0.25","0.72","0.03","0.503375771604938","3,3,3,8,9,10,11,7,12,13,14,15,5,5,5,16,17,18,19,20,1,21,22,7,4,4,4,23,24,25,26,27,28,29,6,6,30,31,1,1,1,1,32,33,34,35,1,36,37,38,1,1,1,1,1,39,40,41,42,1,43,1,1,44,45,1,1,1,1,1,46,1,47,48,1,1,1,1,1,1,1,49,50,51,52,53,1,1,1,1,54,55,56,1,1,1,57,1,1,1,1,1,1,1,1,1,1,58,59,1,1,1,1,2,60,61,2,2,2,2,2,62,63,64,65,66,67,68,69","0.0010368824005127","fast_greedy","edit-xhwikibooks.graphml"
"0.24","0.73","0.03","0.503375771604938","3,3,3,8,9,10,11,7,12,13,14,15,5,5,5,16,17,18,19,20,1,21,22,7,4,4,4,23,24,25,26,27,28,29,6,6,30,31,1,1,1,1,32,33,34,35,1,36,37,38,1,1,1,1,1,39,40,41,42,1,43,1,1,44,45,1,1,1,1,1,46,1,47,48,1,1,1,1,1,1,1,49,50,51,52,53,1,1,1,1,54,55,56,1,1,1,57,1,1,1,1,1,1,1,1,1,1,58,59,1,1,1,1,2,60,61,2,2,2,2,2,62,63,64,65,66,67,68,69","0.00115203857421875","fast_greedy","edit-xhwikibooks.graphml"
"0.23","0.74","0.03","0.503375771604938","3,3,3,8,9,10,11,7,12,13,14,15,5,5,5,16,17,18,19,20,1,21,22,7,4,4,4,23,24,25,26,27,28,29,6,6,30,31,1,1,1,1,32,33,34,35,1,36,37,38,1,1,1,1,1,39,40,41,42,1,43,1,1,44,45,1,1,1,1,1,46,1,47,48,1,1,1,1,1,1,1,49,50,51,52,53,1,1,1,1,54,55,56,1,1,1,57,1,1,1,1,1,1,1,1,1,1,58,59,1,1,1,1,2,60,61,2,2,2,2,2,62,63,64,65,66,67,68,69","0.0011591911315918","fast_greedy","edit-xhwikibooks.graphml"
"0.22","0.75","0.03","0.503375771604938","3,3,3,8,9,10,11,7,12,13,14,15,5,5,5,16,17,18,19,20,1,21,22,7,4,4,4,23,24,25,26,27,28,29,6,6,30,31,1,1,1,1,32,33,34,35,1,36,37,38,1,1,1,1,1,39,40,41,42,1,43,1,1,44,45,1,1,1,1,1,46,1,47,48,1,1,1,1,1,1,1,49,50,51,52,53,1,1,1,1,54,55,56,1,1,1,57,1,1,1,1,1,1,1,1,1,1,58,59,1,1,1,1,2,60,61,2,2,2,2,2,62,63,64,65,66,67,68,69","0.00105690956115723","fast_greedy","edit-xhwikibooks.graphml"
"0.21","0.76","0.03","0.503375771604938","3,3,3,8,9,10,11,7,12,13,14,15,5,5,5,16,17,18,19,20,1,21,22,7,4,4,4,23,24,25,26,27,28,29,6,6,30,31,1,1,1,1,32,33,34,35,1,36,37,38,1,1,1,1,1,39,40,41,42,1,43,1,1,44,45,1,1,1,1,1,46,1,47,48,1,1,1,1,1,1,1,49,50,51,52,53,1,1,1,1,54,55,56,1,1,1,57,1,1,1,1,1,1,1,1,1,1,58,59,1,1,1,1,2,60,61,2,2,2,2,2,62,63,64,65,66,67,68,69","0.00100898742675781","fast_greedy","edit-xhwikibooks.graphml"
"0.2","0.77","0.03","0.503375771604938","3,3,3,8,9,10,11,7,12,13,14,15,5,5,5,16,17,18,19,20,1,21,22,7,4,4,4,23,24,25,26,27,28,29,6,6,30,31,1,1,1,1,32,33,34,35,1,36,37,38,1,1,1,1,1,39,40,41,42,1,43,1,1,44,45,1,1,1,1,1,46,1,47,48,1,1,1,1,1,1,1,49,50,51,52,53,1,1,1,1,54,55,56,1,1,1,57,1,1,1,1,1,1,1,1,1,1,58,59,1,1,1,1,2,60,61,2,2,2,2,2,62,63,64,65,66,67,68,69","0.000979185104370117","fast_greedy","edit-xhwikibooks.graphml"
"0.19","0.78","0.03","0.503375771604938","3,3,3,8,9,10,11,7,12,13,14,15,5,5,5,16,17,18,19,20,1,21,22,7,4,4,4,23,24,25,26,27,28,29,6,6,30,31,1,1,1,1,32,33,34,35,1,36,37,38,1,1,1,1,1,39,40,41,42,1,43,1,1,44,45,1,1,1,1,1,46,1,47,48,1,1,1,1,1,1,1,49,50,51,52,53,1,1,1,1,54,55,56,1,1,1,57,1,1,1,1,1,1,1,1,1,1,58,59,1,1,1,1,2,60,61,2,2,2,2,2,62,63,64,65,66,67,68,69","0.000998973846435547","fast_greedy","edit-xhwikibooks.graphml"
"0.18","0.79","0.03","0.503375771604938","3,3,3,8,9,10,11,7,12,13,14,15,5,5,5,16,17,18,19,20,1,21,22,7,4,4,4,23,24,25,26,27,28,29,6,6,30,31,1,1,1,1,32,33,34,35,1,36,37,38,1,1,1,1,1,39,40,41,42,1,43,1,1,44,45,1,1,1,1,1,46,1,47,48,1,1,1,1,1,1,1,49,50,51,52,53,1,1,1,1,54,55,56,1,1,1,57,1,1,1,1,1,1,1,1,1,1,58,59,1,1,1,1,2,60,61,2,2,2,2,2,62,63,64,65,66,67,68,69","0.00109481811523438","fast_greedy","edit-xhwikibooks.graphml"
"0.17","0.8","0.03","0.503375771604938","3,3,3,8,9,10,11,7,12,13,14,15,5,5,5,16,17,18,19,20,1,21,22,7,4,4,4,23,24,25,26,27,28,29,6,6,30,31,1,1,1,1,32,33,34,35,1,36,37,38,1,1,1,1,1,39,40,41,42,1,43,1,1,44,45,1,1,1,1,1,46,1,47,48,1,1,1,1,1,1,1,49,50,51,52,53,1,1,1,1,54,55,56,1,1,1,57,1,1,1,1,1,1,1,1,1,1,58,59,1,1,1,1,2,60,61,2,2,2,2,2,62,63,64,65,66,67,68,69","0.000959873199462891","fast_greedy","edit-xhwikibooks.graphml"
"0.16","0.81","0.03","0.503375771604938","3,3,3,8,9,10,11,7,12,13,14,15,5,5,5,16,17,18,19,20,1,21,22,7,4,4,4,23,24,25,26,27,28,29,6,6,30,31,1,1,1,1,32,33,34,35,1,36,37,38,1,1,1,1,1,39,40,41,42,1,43,1,1,44,45,1,1,1,1,1,46,1,47,48,1,1,1,1,1,1,1,49,50,51,52,53,1,1,1,1,54,55,56,1,1,1,57,1,1,1,1,1,1,1,1,1,1,58,59,1,1,1,1,2,60,61,2,2,2,2,2,62,63,64,65,66,67,68,69","0.000947952270507812","fast_greedy","edit-xhwikibooks.graphml"
"0.15","0.82","0.03","0.503375771604938","3,3,3,8,9,10,11,7,12,13,14,15,5,5,5,16,17,18,19,20,1,21,22,7,4,4,4,23,24,25,26,27,28,29,6,6,30,31,1,1,1,1,32,33,34,35,1,36,37,38,1,1,1,1,1,39,40,41,42,1,43,1,1,44,45,1,1,1,1,1,46,1,47,48,1,1,1,1,1,1,1,49,50,51,52,53,1,1,1,1,54,55,56,1,1,1,57,1,1,1,1,1,1,1,1,1,1,58,59,1,1,1,1,2,60,61,2,2,2,2,2,62,63,64,65,66,67,68,69","0.000997066497802734","fast_greedy","edit-xhwikibooks.graphml"
"0.14","0.83","0.03","0.503375771604938","3,3,3,8,9,10,11,7,12,13,14,15,5,5,5,16,17,18,19,20,1,21,22,7,4,4,4,23,24,25,26,27,28,29,6,6,30,31,1,1,1,1,32,33,34,35,1,36,37,38,1,1,1,1,1,39,40,41,42,1,43,1,1,44,45,1,1,1,1,1,46,1,47,48,1,1,1,1,1,1,1,49,50,51,52,53,1,1,1,1,54,55,56,1,1,1,57,1,1,1,1,1,1,1,1,1,1,58,59,1,1,1,1,2,60,61,2,2,2,2,2,62,63,64,65,66,67,68,69","0.000994205474853516","fast_greedy","edit-xhwikibooks.graphml"
"0.13","0.84","0.03","0.503375771604938","3,3,3,8,9,10,11,7,12,13,14,15,5,5,5,16,17,18,19,20,1,21,22,7,4,4,4,23,24,25,26,27,28,29,6,6,30,31,1,1,1,1,32,33,34,35,1,36,37,38,1,1,1,1,1,39,40,41,42,1,43,1,1,44,45,1,1,1,1,1,46,1,47,48,1,1,1,1,1,1,1,49,50,51,52,53,1,1,1,1,54,55,56,1,1,1,57,1,1,1,1,1,1,1,1,1,1,58,59,1,1,1,1,2,60,61,2,2,2,2,2,62,63,64,65,66,67,68,69","0.00101017951965332","fast_greedy","edit-xhwikibooks.graphml"
"0.12","0.85","0.03","0.503375771604938","3,3,3,8,9,10,11,7,12,13,14,15,5,5,5,16,17,18,19,20,1,21,22,7,4,4,4,23,24,25,26,27,28,29,6,6,30,31,1,1,1,1,32,33,34,35,1,36,37,38,1,1,1,1,1,39,40,41,42,1,43,1,1,44,45,1,1,1,1,1,46,1,47,48,1,1,1,1,1,1,1,49,50,51,52,53,1,1,1,1,54,55,56,1,1,1,57,1,1,1,1,1,1,1,1,1,1,58,59,1,1,1,1,2,60,61,2,2,2,2,2,62,63,64,65,66,67,68,69","0.00101208686828613","fast_greedy","edit-xhwikibooks.graphml"
"0.11","0.86","0.03","0.503375771604938","3,3,3,8,9,10,11,7,12,13,14,15,5,5,5,16,17,18,19,20,1,21,22,7,4,4,4,23,24,25,26,27,28,29,6,6,30,31,1,1,1,1,32,33,34,35,1,36,37,38,1,1,1,1,1,39,40,41,42,1,43,1,1,44,45,1,1,1,1,1,46,1,47,48,1,1,1,1,1,1,1,49,50,51,52,53,1,1,1,1,54,55,56,1,1,1,57,1,1,1,1,1,1,1,1,1,1,58,59,1,1,1,1,2,60,61,2,2,2,2,2,62,63,64,65,66,67,68,69","0.00115704536437988","fast_greedy","edit-xhwikibooks.graphml"
"0.1","0.87","0.03","0.503375771604938","3,3,3,8,9,10,11,7,12,13,14,15,5,5,5,16,17,18,19,20,1,21,22,7,4,4,4,23,24,25,26,27,28,29,6,6,30,31,1,1,1,1,32,33,34,35,1,36,37,38,1,1,1,1,1,39,40,41,42,1,43,1,1,44,45,1,1,1,1,1,46,1,47,48,1,1,1,1,1,1,1,49,50,51,52,53,1,1,1,1,54,55,56,1,1,1,57,1,1,1,1,1,1,1,1,1,1,58,59,1,1,1,1,2,60,61,2,2,2,2,2,62,63,64,65,66,67,68,69","0.000991106033325195","fast_greedy","edit-xhwikibooks.graphml"
"0.09","0.88","0.03","0.503375771604938","3,3,3,8,9,10,11,7,12,13,14,15,5,5,5,16,17,18,19,20,1,21,22,7,4,4,4,23,24,25,26,27,28,29,6,6,30,31,1,1,1,1,32,33,34,35,1,36,37,38,1,1,1,1,1,39,40,41,42,1,43,1,1,44,45,1,1,1,1,1,46,1,47,48,1,1,1,1,1,1,1,49,50,51,52,53,1,1,1,1,54,55,56,1,1,1,57,1,1,1,1,1,1,1,1,1,1,58,59,1,1,1,1,2,60,61,2,2,2,2,2,62,63,64,65,66,67,68,69","0.000971078872680664","fast_greedy","edit-xhwikibooks.graphml"
"0.08","0.89","0.03","0.503375771604938","3,3,3,8,9,10,11,7,12,13,14,15,5,5,5,16,17,18,19,20,1,21,22,7,4,4,4,23,24,25,26,27,28,29,6,6,30,31,1,1,1,1,32,33,34,35,1,36,37,38,1,1,1,1,1,39,40,41,42,1,43,1,1,44,45,1,1,1,1,1,46,1,47,48,1,1,1,1,1,1,1,49,50,51,52,53,1,1,1,1,54,55,56,1,1,1,57,1,1,1,1,1,1,1,1,1,1,58,59,1,1,1,1,2,60,61,2,2,2,2,2,62,63,64,65,66,67,68,69","0.000977039337158203","fast_greedy","edit-xhwikibooks.graphml"
"0.07","0.9","0.03","0.503375771604938","3,3,3,8,9,10,11,7,12,13,14,15,5,5,5,16,17,18,19,20,1,21,22,7,4,4,4,23,24,25,26,27,28,29,6,6,30,31,1,1,1,1,32,33,34,35,1,36,37,38,1,1,1,1,1,39,40,41,42,1,43,1,1,44,45,1,1,1,1,1,46,1,47,48,1,1,1,1,1,1,1,49,50,51,52,53,1,1,1,1,54,55,56,1,1,1,57,1,1,1,1,1,1,1,1,1,1,58,59,1,1,1,1,2,60,61,2,2,2,2,2,62,63,64,65,66,67,68,69","0.000997066497802734","fast_greedy","edit-xhwikibooks.graphml"
"0.06","0.91","0.03","0.503375771604938","3,3,3,8,9,10,11,7,12,13,14,15,5,5,5,16,17,18,19,20,1,21,22,7,4,4,4,23,24,25,26,27,28,29,6,6,30,31,1,1,1,1,32,33,34,35,1,36,37,38,1,1,1,1,1,39,40,41,42,1,43,1,1,44,45,1,1,1,1,1,46,1,47,48,1,1,1,1,1,1,1,49,50,51,52,53,1,1,1,1,54,55,56,1,1,1,57,1,1,1,1,1,1,1,1,1,1,58,59,1,1,1,1,2,60,61,2,2,2,2,2,62,63,64,65,66,67,68,69","0.00102090835571289","fast_greedy","edit-xhwikibooks.graphml"
"0.05","0.92","0.03","0.503375771604938","3,3,3,8,9,10,11,7,12,13,14,15,5,5,5,16,17,18,19,20,1,21,22,7,4,4,4,23,24,25,26,27,28,29,6,6,30,31,1,1,1,1,32,33,34,35,1,36,37,38,1,1,1,1,1,39,40,41,42,1,43,1,1,44,45,1,1,1,1,1,46,1,47,48,1,1,1,1,1,1,1,49,50,51,52,53,1,1,1,1,54,55,56,1,1,1,57,1,1,1,1,1,1,1,1,1,1,58,59,1,1,1,1,2,60,61,2,2,2,2,2,62,63,64,65,66,67,68,69","0.00125789642333984","fast_greedy","edit-xhwikibooks.graphml"
"0.04","0.93","0.03","0.503375771604938","3,3,3,8,9,10,11,7,12,13,14,15,5,5,5,16,17,18,19,20,1,21,22,7,4,4,4,23,24,25,26,27,28,29,6,6,30,31,1,1,1,1,32,33,34,35,1,36,37,38,1,1,1,1,1,39,40,41,42,1,43,1,1,44,45,1,1,1,1,1,46,1,47,48,1,1,1,1,1,1,1,49,50,51,52,53,1,1,1,1,54,55,56,1,1,1,57,1,1,1,1,1,1,1,1,1,1,58,59,1,1,1,1,2,60,61,2,2,2,2,2,62,63,64,65,66,67,68,69","0.000961065292358398","fast_greedy","edit-xhwikibooks.graphml"
"0.03","0.94","0.03","0.503375771604938","3,3,3,8,9,10,11,7,12,13,14,15,5,5,5,16,17,18,19,20,1,21,22,7,4,4,4,23,24,25,26,27,28,29,6,6,30,31,1,1,1,1,32,33,34,35,1,36,37,38,1,1,1,1,1,39,40,41,42,1,43,1,1,44,45,1,1,1,1,1,46,1,47,48,1,1,1,1,1,1,1,49,50,51,52,53,1,1,1,1,54,55,56,1,1,1,57,1,1,1,1,1,1,1,1,1,1,58,59,1,1,1,1,2,60,61,2,2,2,2,2,62,63,64,65,66,67,68,69","0.00100994110107422","fast_greedy","edit-xhwikibooks.graphml"
"0.02","0.95","0.03","0.503375771604938","3,3,3,8,9,10,11,7,12,13,14,15,5,5,5,16,17,18,19,20,1,21,22,7,4,4,4,23,24,25,26,27,28,29,6,6,30,31,1,1,1,1,32,33,34,35,1,36,37,38,1,1,1,1,1,39,40,41,42,1,43,1,1,44,45,1,1,1,1,1,46,1,47,48,1,1,1,1,1,1,1,49,50,51,52,53,1,1,1,1,54,55,56,1,1,1,57,1,1,1,1,1,1,1,1,1,1,58,59,1,1,1,1,2,60,61,2,2,2,2,2,62,63,64,65,66,67,68,69","0.00102090835571289","fast_greedy","edit-xhwikibooks.graphml"
"0.01","0.96","0.03","0.503375771604938","3,3,3,8,9,10,11,7,12,13,14,15,5,5,5,16,17,18,19,20,1,21,22,7,4,4,4,23,24,25,26,27,28,29,6,6,30,31,1,1,1,1,32,33,34,35,1,36,37,38,1,1,1,1,1,39,40,41,42,1,43,1,1,44,45,1,1,1,1,1,46,1,47,48,1,1,1,1,1,1,1,49,50,51,52,53,1,1,1,1,54,55,56,1,1,1,57,1,1,1,1,1,1,1,1,1,1,58,59,1,1,1,1,2,60,61,2,2,2,2,2,62,63,64,65,66,67,68,69","0.00103592872619629","fast_greedy","edit-xhwikibooks.graphml"
"0","0.97","0.03","0.551193718955295","2,2,2,2,2,7,8,2,9,10,11,12,5,5,5,13,14,15,16,17,1,2,18,2,4,4,4,19,2,20,21,22,23,24,6,6,25,26,1,1,1,1,27,28,29,30,1,31,32,33,1,1,1,1,1,34,35,36,37,1,38,1,1,39,40,1,1,1,1,1,41,1,42,43,1,1,1,1,1,1,1,44,45,46,47,48,1,1,1,1,49,50,51,1,1,1,52,1,1,1,1,1,1,1,1,1,1,53,54,1,1,1,1,3,55,56,3,3,3,3,3,57,58,59,60,61,62,63,64","0.0010380744934082","fast_greedy","edit-xhwikibooks.graphml"
"0.96","0","0.04","0.738928571428572","1,1,1,1,1,2,1,5,2,2,4,1,5,5,5,2,2,4,4,1,3,6,5,5,5,5,5,2,1,2,4,4,1,1,7,7,8,5,3,3,3,3,6,6,6,6,3,6,6,6,3,3,3,3,3,6,6,6,6,3,5,3,3,5,5,3,3,3,3,3,6,3,5,5,3,3,3,3,3,3,3,5,2,2,2,1,3,3,3,3,2,4,4,3,3,3,2,3,3,3,3,3,3,3,3,3,3,1,1,1,3,3,3,7,7,7,7,7,7,7,7,8,8,8,8,8,8,8,8","0.00119996070861816","fast_greedy","edit-xhwikibooks.graphml"
"0.95","0.01","0.04","0.738928571428572","1,1,1,1,1,2,1,5,2,2,4,1,5,5,5,2,2,4,4,1,3,6,5,5,5,5,5,2,1,2,4,4,1,1,7,7,8,5,3,3,3,3,6,6,6,6,3,6,6,6,3,3,3,3,3,6,6,6,6,3,5,3,3,5,5,3,3,3,3,3,6,3,5,5,3,3,3,3,3,3,3,5,2,2,2,1,3,3,3,3,2,4,4,3,3,3,2,3,3,3,3,3,3,3,3,3,3,1,1,1,3,3,3,7,7,7,7,7,7,7,7,8,8,8,8,8,8,8,8","0.0011138916015625","fast_greedy","edit-xhwikibooks.graphml"
"0.94","0.02","0.04","0.738928571428572","1,1,1,1,1,2,1,5,2,2,4,1,5,5,5,2,2,4,4,1,3,6,5,5,5,5,5,2,1,2,4,4,1,1,7,7,8,5,3,3,3,3,6,6,6,6,3,6,6,6,3,3,3,3,3,6,6,6,6,3,5,3,3,5,5,3,3,3,3,3,6,3,5,5,3,3,3,3,3,3,3,5,2,2,2,1,3,3,3,3,2,4,4,3,3,3,2,3,3,3,3,3,3,3,3,3,3,1,1,1,3,3,3,7,7,7,7,7,7,7,7,8,8,8,8,8,8,8,8","0.00116300582885742","fast_greedy","edit-xhwikibooks.graphml"
"0.93","0.03","0.04","0.738928571428572","1,1,1,1,1,2,1,5,2,2,4,1,5,5,5,2,2,4,4,1,3,6,5,5,5,5,5,2,1,2,4,4,1,1,7,7,8,5,3,3,3,3,6,6,6,6,3,6,6,6,3,3,3,3,3,6,6,6,6,3,5,3,3,5,5,3,3,3,3,3,6,3,5,5,3,3,3,3,3,3,3,5,2,2,2,1,3,3,3,3,2,4,4,3,3,3,2,3,3,3,3,3,3,3,3,3,3,1,1,1,3,3,3,7,7,7,7,7,7,7,7,8,8,8,8,8,8,8,8","0.00115394592285156","fast_greedy","edit-xhwikibooks.graphml"
"0.92","0.04","0.04","0.738928571428572","1,1,1,1,1,2,1,5,2,2,4,1,5,5,5,2,2,4,4,1,3,6,5,5,5,5,5,2,1,2,4,4,1,1,7,7,8,5,3,3,3,3,6,6,6,6,3,6,6,6,3,3,3,3,3,6,6,6,6,3,5,3,3,5,5,3,3,3,3,3,6,3,5,5,3,3,3,3,3,3,3,5,2,2,2,1,3,3,3,3,2,4,4,3,3,3,2,3,3,3,3,3,3,3,3,3,3,1,1,1,3,3,3,7,7,7,7,7,7,7,7,8,8,8,8,8,8,8,8","0.00116705894470215","fast_greedy","edit-xhwikibooks.graphml"
"0.91","0.05","0.04","0.729053497942387","2,2,2,2,2,1,2,1,1,1,2,4,1,1,1,5,1,2,2,4,3,6,1,1,1,1,1,5,2,1,2,2,4,4,7,7,8,1,3,3,3,3,6,6,6,6,3,6,6,6,3,3,3,3,3,6,6,6,6,3,9,3,3,1,1,3,3,3,3,3,6,3,1,1,3,3,3,3,3,3,3,1,5,5,5,10,3,3,3,3,11,12,13,3,3,3,5,3,3,3,3,3,3,3,3,3,3,4,4,4,3,3,3,7,7,7,7,7,7,7,7,8,8,8,8,8,8,8,8","0.00113391876220703","fast_greedy","edit-xhwikibooks.graphml"
"0.9","0.06","0.04","0.729053497942387","2,2,2,2,2,1,2,1,1,1,2,4,1,1,1,5,1,2,2,4,3,6,1,1,1,1,1,5,2,1,2,2,4,4,7,7,8,1,3,3,3,3,6,6,6,6,3,6,6,6,3,3,3,3,3,6,6,6,6,3,9,3,3,1,1,3,3,3,3,3,6,3,1,1,3,3,3,3,3,3,3,1,5,5,5,10,3,3,3,3,11,12,13,3,3,3,5,3,3,3,3,3,3,3,3,3,3,4,4,4,3,3,3,7,7,7,7,7,7,7,7,8,8,8,8,8,8,8,8","0.00130105018615723","fast_greedy","edit-xhwikibooks.graphml"
"0.89","0.07","0.04","0.729053497942387","2,2,2,2,2,1,2,1,1,1,2,4,1,1,1,5,1,2,2,4,3,6,1,1,1,1,1,5,2,1,2,2,4,4,7,7,8,1,3,3,3,3,6,6,6,6,3,6,6,6,3,3,3,3,3,6,6,6,6,3,9,3,3,1,1,3,3,3,3,3,6,3,1,1,3,3,3,3,3,3,3,1,5,5,5,10,3,3,3,3,11,12,13,3,3,3,5,3,3,3,3,3,3,3,3,3,3,4,4,4,3,3,3,7,7,7,7,7,7,7,7,8,8,8,8,8,8,8,8","0.00102996826171875","fast_greedy","edit-xhwikibooks.graphml"
"0.88","0.08","0.04","0.729053497942387","2,2,2,2,2,1,2,1,1,1,2,4,1,1,1,5,1,2,2,4,3,6,1,1,1,1,1,5,2,1,2,2,4,4,7,7,8,1,3,3,3,3,6,6,6,6,3,6,6,6,3,3,3,3,3,6,6,6,6,3,9,3,3,1,1,3,3,3,3,3,6,3,1,1,3,3,3,3,3,3,3,1,5,5,5,10,3,3,3,3,11,12,13,3,3,3,5,3,3,3,3,3,3,3,3,3,3,4,4,4,3,3,3,7,7,7,7,7,7,7,7,8,8,8,8,8,8,8,8","0.00109100341796875","fast_greedy","edit-xhwikibooks.graphml"
"0.87","0.09","0.04","0.715104","1,1,1,1,1,3,1,4,3,3,1,1,4,4,4,3,8,1,1,1,2,5,4,4,4,4,4,3,1,9,10,1,1,1,6,6,7,4,2,2,2,2,5,5,5,5,2,5,5,5,2,2,2,2,2,5,5,5,5,2,11,2,2,12,13,2,2,2,2,2,5,2,4,4,2,2,2,2,2,2,2,14,3,3,3,15,2,2,2,2,16,17,18,2,2,2,19,2,2,2,2,2,2,2,2,2,2,20,21,2,2,2,2,6,6,6,6,6,6,6,6,7,7,7,7,7,7,7,7","0.00105190277099609","fast_greedy","edit-xhwikibooks.graphml"
"0.86","0.1","0.04","0.715104","1,1,1,1,1,3,1,4,3,3,1,1,4,4,4,3,8,1,1,1,2,5,4,4,4,4,4,3,1,9,10,1,1,1,6,6,7,4,2,2,2,2,5,5,5,5,2,5,5,5,2,2,2,2,2,5,5,5,5,2,11,2,2,12,13,2,2,2,2,2,5,2,4,4,2,2,2,2,2,2,2,14,3,3,3,15,2,2,2,2,16,17,18,2,2,2,19,2,2,2,2,2,2,2,2,2,2,20,21,2,2,2,2,6,6,6,6,6,6,6,6,7,7,7,7,7,7,7,7","0.0010991096496582","fast_greedy","edit-xhwikibooks.graphml"
"0.85","0.11","0.04","0.715104","1,1,1,1,1,3,1,4,3,3,1,1,4,4,4,3,8,1,1,1,2,5,4,4,4,4,4,3,1,9,10,1,1,1,6,6,7,4,2,2,2,2,5,5,5,5,2,5,5,5,2,2,2,2,2,5,5,5,5,2,11,2,2,12,13,2,2,2,2,2,5,2,4,4,2,2,2,2,2,2,2,14,3,3,3,15,2,2,2,2,16,17,18,2,2,2,19,2,2,2,2,2,2,2,2,2,2,20,21,2,2,2,2,6,6,6,6,6,6,6,6,7,7,7,7,7,7,7,7","0.00108599662780762","fast_greedy","edit-xhwikibooks.graphml"
"0.84","0.12","0.04","0.715104","1,1,1,1,1,3,1,4,3,3,1,1,4,4,4,3,8,1,1,1,2,5,4,4,4,4,4,3,1,9,10,1,1,1,6,6,7,4,2,2,2,2,5,5,5,5,2,5,5,5,2,2,2,2,2,5,5,5,5,2,11,2,2,12,13,2,2,2,2,2,5,2,4,4,2,2,2,2,2,2,2,14,3,3,3,15,2,2,2,2,16,17,18,2,2,2,19,2,2,2,2,2,2,2,2,2,2,20,21,2,2,2,2,6,6,6,6,6,6,6,6,7,7,7,7,7,7,7,7","0.00105404853820801","fast_greedy","edit-xhwikibooks.graphml"
"0.83","0.13","0.04","0.695844493141791","5,5,5,2,8,2,1,2,2,2,1,9,2,2,2,2,10,11,1,7,3,4,12,2,2,2,2,2,5,13,14,15,7,16,1,1,6,2,3,3,3,3,4,4,4,4,3,4,4,4,3,3,3,3,3,4,4,4,4,3,17,3,3,18,19,3,3,3,3,3,4,3,20,21,3,3,3,3,3,3,3,22,23,24,25,26,3,3,3,3,27,28,29,3,3,3,30,3,3,3,3,3,3,3,3,3,3,31,32,3,3,3,3,1,1,1,1,1,1,1,1,6,6,6,6,6,6,6,6","0.00104212760925293","fast_greedy","edit-xhwikibooks.graphml"
"0.82","0.14","0.04","0.695844493141791","5,5,5,2,8,2,1,2,2,2,1,9,2,2,2,2,10,11,1,7,3,4,12,2,2,2,2,2,5,13,14,15,7,16,1,1,6,2,3,3,3,3,4,4,4,4,3,4,4,4,3,3,3,3,3,4,4,4,4,3,17,3,3,18,19,3,3,3,3,3,4,3,20,21,3,3,3,3,3,3,3,22,23,24,25,26,3,3,3,3,27,28,29,3,3,3,30,3,3,3,3,3,3,3,3,3,3,31,32,3,3,3,3,1,1,1,1,1,1,1,1,6,6,6,6,6,6,6,6","0.00103116035461426","fast_greedy","edit-xhwikibooks.graphml"
"0.81","0.15","0.04","0.695844493141791","5,5,5,2,8,2,1,2,2,2,1,9,2,2,2,2,10,11,1,7,3,4,12,2,2,2,2,2,5,13,14,15,7,16,1,1,6,2,3,3,3,3,4,4,4,4,3,4,4,4,3,3,3,3,3,4,4,4,4,3,17,3,3,18,19,3,3,3,3,3,4,3,20,21,3,3,3,3,3,3,3,22,23,24,25,26,3,3,3,3,27,28,29,3,3,3,30,3,3,3,3,3,3,3,3,3,3,31,32,3,3,3,3,1,1,1,1,1,1,1,1,6,6,6,6,6,6,6,6","0.00100207328796387","fast_greedy","edit-xhwikibooks.graphml"
"0.8","0.16","0.04","0.695844493141791","5,5,5,2,8,2,1,2,2,2,1,9,2,2,2,2,10,11,1,7,3,4,12,2,2,2,2,2,5,13,14,15,7,16,1,1,6,2,3,3,3,3,4,4,4,4,3,4,4,4,3,3,3,3,3,4,4,4,4,3,17,3,3,18,19,3,3,3,3,3,4,3,20,21,3,3,3,3,3,3,3,22,23,24,25,26,3,3,3,3,27,28,29,3,3,3,30,3,3,3,3,3,3,3,3,3,3,31,32,3,3,3,3,1,1,1,1,1,1,1,1,6,6,6,6,6,6,6,6","0.00102996826171875","fast_greedy","edit-xhwikibooks.graphml"
"0.79","0.17","0.04","0.688367982493056","4,4,4,1,7,1,8,1,1,1,9,10,1,1,1,1,11,12,6,13,2,3,14,1,1,1,1,1,4,15,16,17,18,19,6,6,5,1,2,2,2,2,3,3,3,3,2,3,3,3,2,2,2,2,2,3,3,3,3,2,20,2,2,21,22,2,2,2,2,2,3,2,23,24,2,2,2,2,2,2,2,25,26,27,28,29,2,2,2,2,30,31,32,2,2,2,33,2,2,2,2,2,2,2,2,2,2,34,35,2,2,2,2,6,6,6,6,6,6,6,6,5,5,5,5,5,5,5,5","0.0010380744934082","fast_greedy","edit-xhwikibooks.graphml"
"0.78","0.18","0.04","0.688367982493056","4,4,4,1,7,1,8,1,1,1,9,10,1,1,1,1,11,12,6,13,2,3,14,1,1,1,1,1,4,15,16,17,18,19,6,6,5,1,2,2,2,2,3,3,3,3,2,3,3,3,2,2,2,2,2,3,3,3,3,2,20,2,2,21,22,2,2,2,2,2,3,2,23,24,2,2,2,2,2,2,2,25,26,27,28,29,2,2,2,2,30,31,32,2,2,2,33,2,2,2,2,2,2,2,2,2,2,34,35,2,2,2,2,6,6,6,6,6,6,6,6,5,5,5,5,5,5,5,5","0.00133204460144043","fast_greedy","edit-xhwikibooks.graphml"
"0.77","0.19","0.04","0.688367982493056","4,4,4,1,7,1,8,1,1,1,9,10,1,1,1,1,11,12,6,13,2,3,14,1,1,1,1,1,4,15,16,17,18,19,6,6,5,1,2,2,2,2,3,3,3,3,2,3,3,3,2,2,2,2,2,3,3,3,3,2,20,2,2,21,22,2,2,2,2,2,3,2,23,24,2,2,2,2,2,2,2,25,26,27,28,29,2,2,2,2,30,31,32,2,2,2,33,2,2,2,2,2,2,2,2,2,2,34,35,2,2,2,2,6,6,6,6,6,6,6,6,5,5,5,5,5,5,5,5","0.00140714645385742","fast_greedy","edit-xhwikibooks.graphml"
"0.76","0.2","0.04","0.688367982493056","4,4,4,1,7,1,8,1,1,1,9,10,1,1,1,1,11,12,6,13,2,3,14,1,1,1,1,1,4,15,16,17,18,19,6,6,5,1,2,2,2,2,3,3,3,3,2,3,3,3,2,2,2,2,2,3,3,3,3,2,20,2,2,21,22,2,2,2,2,2,3,2,23,24,2,2,2,2,2,2,2,25,26,27,28,29,2,2,2,2,30,31,32,2,2,2,33,2,2,2,2,2,2,2,2,2,2,34,35,2,2,2,2,6,6,6,6,6,6,6,6,5,5,5,5,5,5,5,5","0.00112390518188477","fast_greedy","edit-xhwikibooks.graphml"
"0.75","0.21","0.04","0.675888396644359","2,2,2,7,8,2,9,2,5,10,11,12,2,5,5,2,13,14,6,15,1,3,16,5,5,5,5,17,18,19,20,21,22,23,6,6,4,5,1,1,1,1,3,3,3,3,1,3,3,3,1,1,1,1,1,3,3,3,3,1,24,1,1,25,26,1,1,1,1,1,3,1,27,28,1,1,1,1,1,1,1,29,30,31,32,33,1,1,1,1,34,35,36,1,1,1,37,1,1,1,1,1,1,1,1,1,1,38,39,1,1,1,1,6,6,6,6,6,6,6,6,4,4,4,4,4,4,4,4","0.00104284286499023","fast_greedy","edit-xhwikibooks.graphml"
"0.74","0.22","0.04","0.675888396644359","2,2,2,7,8,2,9,2,5,10,11,12,2,5,5,2,13,14,6,15,1,3,16,5,5,5,5,17,18,19,20,21,22,23,6,6,4,5,1,1,1,1,3,3,3,3,1,3,3,3,1,1,1,1,1,3,3,3,3,1,24,1,1,25,26,1,1,1,1,1,3,1,27,28,1,1,1,1,1,1,1,29,30,31,32,33,1,1,1,1,34,35,36,1,1,1,37,1,1,1,1,1,1,1,1,1,1,38,39,1,1,1,1,6,6,6,6,6,6,6,6,4,4,4,4,4,4,4,4","0.0011289119720459","fast_greedy","edit-xhwikibooks.graphml"
"0.73","0.23","0.04","0.675888396644359","2,2,2,7,8,2,9,2,5,10,11,12,2,5,5,2,13,14,6,15,1,3,16,5,5,5,5,17,18,19,20,21,22,23,6,6,4,5,1,1,1,1,3,3,3,3,1,3,3,3,1,1,1,1,1,3,3,3,3,1,24,1,1,25,26,1,1,1,1,1,3,1,27,28,1,1,1,1,1,1,1,29,30,31,32,33,1,1,1,1,34,35,36,1,1,1,37,1,1,1,1,1,1,1,1,1,1,38,39,1,1,1,1,6,6,6,6,6,6,6,6,4,4,4,4,4,4,4,4","0.00101995468139648","fast_greedy","edit-xhwikibooks.graphml"
"0.72","0.24","0.04","0.675888396644359","2,2,2,7,8,2,9,2,5,10,11,12,2,5,5,2,13,14,6,15,1,3,16,5,5,5,5,17,18,19,20,21,22,23,6,6,4,5,1,1,1,1,3,3,3,3,1,3,3,3,1,1,1,1,1,3,3,3,3,1,24,1,1,25,26,1,1,1,1,1,3,1,27,28,1,1,1,1,1,1,1,29,30,31,32,33,1,1,1,1,34,35,36,1,1,1,37,1,1,1,1,1,1,1,1,1,1,38,39,1,1,1,1,6,6,6,6,6,6,6,6,4,4,4,4,4,4,4,4","0.00103998184204102","fast_greedy","edit-xhwikibooks.graphml"
"0.71","0.25","0.04","0.66225","2,2,2,7,8,2,9,2,6,10,11,12,13,6,6,14,15,16,4,17,1,3,18,6,6,6,6,19,20,21,22,23,24,25,4,4,5,26,1,1,1,1,3,3,3,3,1,3,3,3,1,1,1,1,1,3,3,3,3,1,27,1,1,28,29,1,1,1,1,1,3,1,30,31,1,1,1,1,1,1,1,32,33,34,35,36,1,1,1,1,37,38,39,1,1,1,40,1,1,1,1,1,1,1,1,1,1,41,42,1,1,1,1,4,4,4,4,4,4,4,4,5,5,5,5,5,5,5,5","0.0010528564453125","fast_greedy","edit-xhwikibooks.graphml"
"0.7","0.26","0.04","0.66225","2,2,2,7,8,2,9,2,6,10,11,12,13,6,6,14,15,16,4,17,1,3,18,6,6,6,6,19,20,21,22,23,24,25,4,4,5,26,1,1,1,1,3,3,3,3,1,3,3,3,1,1,1,1,1,3,3,3,3,1,27,1,1,28,29,1,1,1,1,1,3,1,30,31,1,1,1,1,1,1,1,32,33,34,35,36,1,1,1,1,37,38,39,1,1,1,40,1,1,1,1,1,1,1,1,1,1,41,42,1,1,1,1,4,4,4,4,4,4,4,4,5,5,5,5,5,5,5,5","0.0010988712310791","fast_greedy","edit-xhwikibooks.graphml"
"0.69","0.27","0.04","0.66225","2,2,2,7,8,2,9,2,6,10,11,12,13,6,6,14,15,16,4,17,1,3,18,6,6,6,6,19,20,21,22,23,24,25,4,4,5,26,1,1,1,1,3,3,3,3,1,3,3,3,1,1,1,1,1,3,3,3,3,1,27,1,1,28,29,1,1,1,1,1,3,1,30,31,1,1,1,1,1,1,1,32,33,34,35,36,1,1,1,1,37,38,39,1,1,1,40,1,1,1,1,1,1,1,1,1,1,41,42,1,1,1,1,4,4,4,4,4,4,4,4,5,5,5,5,5,5,5,5","0.00112509727478027","fast_greedy","edit-xhwikibooks.graphml"
"0.68","0.28","0.04","0.66225","2,2,2,7,8,2,9,2,6,10,11,12,13,6,6,14,15,16,4,17,1,3,18,6,6,6,6,19,20,21,22,23,24,25,4,4,5,26,1,1,1,1,3,3,3,3,1,3,3,3,1,1,1,1,1,3,3,3,3,1,27,1,1,28,29,1,1,1,1,1,3,1,30,31,1,1,1,1,1,1,1,32,33,34,35,36,1,1,1,1,37,38,39,1,1,1,40,1,1,1,1,1,1,1,1,1,1,41,42,1,1,1,1,4,4,4,4,4,4,4,4,5,5,5,5,5,5,5,5","0.00115513801574707","fast_greedy","edit-xhwikibooks.graphml"
"0.67","0.29","0.04","0.653537326388889","1,1,1,6,7,8,9,5,10,11,12,13,14,5,5,15,16,17,3,18,2,1,19,20,5,5,5,21,22,23,24,25,26,27,3,3,4,28,2,2,2,2,1,1,1,1,2,1,1,1,2,2,2,2,2,1,1,1,1,2,29,2,2,30,31,2,2,2,2,2,1,2,32,33,2,2,2,2,2,2,2,34,35,36,37,38,2,2,2,2,39,40,41,2,2,2,42,2,2,2,2,2,2,2,2,2,2,43,44,2,2,2,2,3,3,3,3,3,3,3,3,4,4,4,4,4,4,4,4","0.00124001502990723","fast_greedy","edit-xhwikibooks.graphml"
"0.66","0.3","0.04","0.653537326388889","1,1,1,6,7,8,9,5,10,11,12,13,14,5,5,15,16,17,3,18,2,1,19,20,5,5,5,21,22,23,24,25,26,27,3,3,4,28,2,2,2,2,1,1,1,1,2,1,1,1,2,2,2,2,2,1,1,1,1,2,29,2,2,30,31,2,2,2,2,2,1,2,32,33,2,2,2,2,2,2,2,34,35,36,37,38,2,2,2,2,39,40,41,2,2,2,42,2,2,2,2,2,2,2,2,2,2,43,44,2,2,2,2,3,3,3,3,3,3,3,3,4,4,4,4,4,4,4,4","0.00111699104309082","fast_greedy","edit-xhwikibooks.graphml"
"0.65","0.31","0.04","0.653537326388889","1,1,1,6,7,8,9,5,10,11,12,13,14,5,5,15,16,17,3,18,2,1,19,20,5,5,5,21,22,23,24,25,26,27,3,3,4,28,2,2,2,2,1,1,1,1,2,1,1,1,2,2,2,2,2,1,1,1,1,2,29,2,2,30,31,2,2,2,2,2,1,2,32,33,2,2,2,2,2,2,2,34,35,36,37,38,2,2,2,2,39,40,41,2,2,2,42,2,2,2,2,2,2,2,2,2,2,43,44,2,2,2,2,3,3,3,3,3,3,3,3,4,4,4,4,4,4,4,4","0.0010678768157959","fast_greedy","edit-xhwikibooks.graphml"
"0.64","0.32","0.04","0.653537326388889","1,1,1,6,7,8,9,5,10,11,12,13,14,5,5,15,16,17,3,18,2,1,19,20,5,5,5,21,22,23,24,25,26,27,3,3,4,28,2,2,2,2,1,1,1,1,2,1,1,1,2,2,2,2,2,1,1,1,1,2,29,2,2,30,31,2,2,2,2,2,1,2,32,33,2,2,2,2,2,2,2,34,35,36,37,38,2,2,2,2,39,40,41,2,2,2,42,2,2,2,2,2,2,2,2,2,2,43,44,2,2,2,2,3,3,3,3,3,3,3,3,4,4,4,4,4,4,4,4","0.00108003616333008","fast_greedy","edit-xhwikibooks.graphml"
"0.63","0.33","0.04","0.578603570910147","1,1,1,5,6,7,8,9,10,11,12,13,14,3,3,15,16,17,4,18,2,1,19,20,3,3,3,21,22,23,24,25,26,27,4,4,3,28,2,2,2,2,1,1,1,1,2,1,1,1,2,2,2,2,2,1,1,1,1,2,29,2,2,30,31,2,2,2,2,2,1,2,32,33,2,2,2,2,2,2,2,34,35,36,37,38,2,2,2,2,39,40,41,2,2,2,42,2,2,2,2,2,2,2,2,2,2,43,44,2,2,2,2,4,45,46,4,4,4,4,4,47,48,49,50,51,52,53,54","0.00104212760925293","fast_greedy","edit-xhwikibooks.graphml"
"0.62","0.34","0.04","0.586592970521542","1,1,1,5,6,7,8,9,10,11,12,13,14,4,4,15,16,17,3,18,2,1,19,20,4,4,4,21,22,23,24,25,26,27,3,3,4,28,2,2,2,2,1,1,1,1,2,1,1,1,2,2,2,2,2,1,1,1,1,2,29,2,2,30,31,2,2,2,2,2,1,2,32,33,2,2,2,2,2,2,2,34,35,36,37,38,2,2,2,2,39,40,41,2,2,2,42,2,2,2,2,2,2,2,2,2,2,43,44,2,2,2,2,3,45,46,3,3,3,3,3,47,48,49,50,51,52,53,54","0.00105500221252441","fast_greedy","edit-xhwikibooks.graphml"
"0.61","0.35","0.04","0.586592970521542","1,1,1,5,6,7,8,9,10,11,12,13,14,4,4,15,16,17,3,18,2,1,19,20,4,4,4,21,22,23,24,25,26,27,3,3,4,28,2,2,2,2,1,1,1,1,2,1,1,1,2,2,2,2,2,1,1,1,1,2,29,2,2,30,31,2,2,2,2,2,1,2,32,33,2,2,2,2,2,2,2,34,35,36,37,38,2,2,2,2,39,40,41,2,2,2,42,2,2,2,2,2,2,2,2,2,2,43,44,2,2,2,2,3,45,46,3,3,3,3,3,47,48,49,50,51,52,53,54","0.00103902816772461","fast_greedy","edit-xhwikibooks.graphml"
"0.6","0.36","0.04","0.586592970521542","1,1,1,5,6,7,8,9,10,11,12,13,14,4,4,15,16,17,3,18,2,1,19,20,4,4,4,21,22,23,24,25,26,27,3,3,4,28,2,2,2,2,1,1,1,1,2,1,1,1,2,2,2,2,2,1,1,1,1,2,29,2,2,30,31,2,2,2,2,2,1,2,32,33,2,2,2,2,2,2,2,34,35,36,37,38,2,2,2,2,39,40,41,2,2,2,42,2,2,2,2,2,2,2,2,2,2,43,44,2,2,2,2,3,45,46,3,3,3,3,3,47,48,49,50,51,52,53,54","0.00101494789123535","fast_greedy","edit-xhwikibooks.graphml"
"0.59","0.37","0.04","0.578603570910147","1,1,1,5,6,7,8,9,10,11,12,13,14,4,4,15,16,17,3,18,2,1,19,20,4,4,4,21,22,23,24,25,26,27,3,3,4,28,2,2,2,2,1,1,1,1,2,1,1,1,2,2,2,2,2,1,1,1,1,2,29,2,2,30,31,2,2,2,2,2,1,2,32,33,2,2,2,2,2,2,2,34,35,36,37,38,2,2,2,2,39,40,41,2,2,2,42,2,2,2,2,2,2,2,2,2,2,43,44,2,2,2,2,3,45,46,3,3,3,3,3,47,48,49,50,51,52,53,54","0.00101089477539062","fast_greedy","edit-xhwikibooks.graphml"
"0.58","0.38","0.04","0.578603570910147","1,1,1,5,6,7,8,9,10,11,12,13,14,4,4,15,16,17,3,18,2,1,19,20,4,4,4,21,22,23,24,25,26,27,3,3,4,28,2,2,2,2,1,1,1,1,2,1,1,1,2,2,2,2,2,1,1,1,1,2,29,2,2,30,31,2,2,2,2,2,1,2,32,33,2,2,2,2,2,2,2,34,35,36,37,38,2,2,2,2,39,40,41,2,2,2,42,2,2,2,2,2,2,2,2,2,2,43,44,2,2,2,2,3,45,46,3,3,3,3,3,47,48,49,50,51,52,53,54","0.00106596946716309","fast_greedy","edit-xhwikibooks.graphml"
"0.57","0.39","0.04","0.578603570910147","1,1,1,5,6,7,8,9,10,11,12,13,14,4,4,15,16,17,3,18,2,1,19,20,4,4,4,21,22,23,24,25,26,27,3,3,4,28,2,2,2,2,1,1,1,1,2,1,1,1,2,2,2,2,2,1,1,1,1,2,29,2,2,30,31,2,2,2,2,2,1,2,32,33,2,2,2,2,2,2,2,34,35,36,37,38,2,2,2,2,39,40,41,2,2,2,42,2,2,2,2,2,2,2,2,2,2,43,44,2,2,2,2,3,45,46,3,3,3,3,3,47,48,49,50,51,52,53,54","0.00103402137756348","fast_greedy","edit-xhwikibooks.graphml"
"0.56","0.4","0.04","0.578603570910147","1,1,1,5,6,7,8,9,10,11,12,13,14,4,4,15,16,17,3,18,2,1,19,20,4,4,4,21,22,23,24,25,26,27,3,3,4,28,2,2,2,2,1,1,1,1,2,1,1,1,2,2,2,2,2,1,1,1,1,2,29,2,2,30,31,2,2,2,2,2,1,2,32,33,2,2,2,2,2,2,2,34,35,36,37,38,2,2,2,2,39,40,41,2,2,2,42,2,2,2,2,2,2,2,2,2,2,43,44,2,2,2,2,3,45,46,3,3,3,3,3,47,48,49,50,51,52,53,54","0.0010368824005127","fast_greedy","edit-xhwikibooks.graphml"
"0.55","0.41","0.04","0.55453125","1,1,1,5,6,7,8,9,10,11,12,13,14,4,4,15,16,17,18,19,2,1,20,21,22,4,23,24,25,26,27,28,29,30,3,3,4,31,2,2,2,2,1,1,1,1,2,1,1,1,2,2,2,2,2,1,1,1,1,2,32,2,2,33,34,2,2,2,2,2,1,2,35,36,2,2,2,2,2,2,2,37,38,39,40,41,2,2,2,2,42,43,44,2,2,2,45,2,2,2,2,2,2,2,2,2,2,46,47,2,2,2,2,3,48,49,3,3,3,3,3,50,51,52,53,54,55,56,57","0.00123381614685059","fast_greedy","edit-xhwikibooks.graphml"
"0.54","0.42","0.04","0.55453125","1,1,1,5,6,7,8,9,10,11,12,13,14,4,4,15,16,17,18,19,2,1,20,21,22,4,23,24,25,26,27,28,29,30,3,3,4,31,2,2,2,2,1,1,1,1,2,1,1,1,2,2,2,2,2,1,1,1,1,2,32,2,2,33,34,2,2,2,2,2,1,2,35,36,2,2,2,2,2,2,2,37,38,39,40,41,2,2,2,2,42,43,44,2,2,2,45,2,2,2,2,2,2,2,2,2,2,46,47,2,2,2,2,3,48,49,3,3,3,3,3,50,51,52,53,54,55,56,57","0.0010221004486084","fast_greedy","edit-xhwikibooks.graphml"
"0.53","0.43","0.04","0.55453125","1,1,1,5,6,7,8,9,10,11,12,13,14,4,4,15,16,17,18,19,2,1,20,21,22,4,23,24,25,26,27,28,29,30,3,3,4,31,2,2,2,2,1,1,1,1,2,1,1,1,2,2,2,2,2,1,1,1,1,2,32,2,2,33,34,2,2,2,2,2,1,2,35,36,2,2,2,2,2,2,2,37,38,39,40,41,2,2,2,2,42,43,44,2,2,2,45,2,2,2,2,2,2,2,2,2,2,46,47,2,2,2,2,3,48,49,3,3,3,3,3,50,51,52,53,54,55,56,57","0.0010530948638916","fast_greedy","edit-xhwikibooks.graphml"
"0.52","0.44","0.04","0.55453125","1,1,1,5,6,7,8,9,10,11,12,13,14,4,4,15,16,17,18,19,2,1,20,21,22,4,23,24,25,26,27,28,29,30,3,3,4,31,2,2,2,2,1,1,1,1,2,1,1,1,2,2,2,2,2,1,1,1,1,2,32,2,2,33,34,2,2,2,2,2,1,2,35,36,2,2,2,2,2,2,2,37,38,39,40,41,2,2,2,2,42,43,44,2,2,2,45,2,2,2,2,2,2,2,2,2,2,46,47,2,2,2,2,3,48,49,3,3,3,3,3,50,51,52,53,54,55,56,57","0.00103402137756348","fast_greedy","edit-xhwikibooks.graphml"
"0.51","0.45","0.04","0.546306681621535","1,1,1,4,5,6,7,8,9,10,11,12,13,2,2,14,15,16,17,18,3,1,19,20,21,22,23,24,25,26,27,28,29,30,2,2,2,31,3,3,3,3,1,1,1,1,3,1,1,1,3,3,3,3,3,1,1,1,1,3,32,3,3,33,34,3,3,3,3,3,1,3,35,36,3,3,3,3,3,3,3,37,38,39,40,41,3,3,3,3,42,43,44,3,3,3,45,3,3,3,3,3,3,3,3,3,3,46,47,3,3,3,3,2,48,49,2,2,2,2,2,50,51,52,53,54,55,56,57","0.00101590156555176","fast_greedy","edit-xhwikibooks.graphml"
"0.5","0.46","0.04","0.546306681621535","1,1,1,4,5,6,7,8,9,10,11,12,13,2,2,14,15,16,17,18,3,1,19,20,21,22,23,24,25,26,27,28,29,30,2,2,2,31,3,3,3,3,1,1,1,1,3,1,1,1,3,3,3,3,3,1,1,1,1,3,32,3,3,33,34,3,3,3,3,3,1,3,35,36,3,3,3,3,3,3,3,37,38,39,40,41,3,3,3,3,42,43,44,3,3,3,45,3,3,3,3,3,3,3,3,3,3,46,47,3,3,3,3,2,48,49,2,2,2,2,2,50,51,52,53,54,55,56,57","0.00103592872619629","fast_greedy","edit-xhwikibooks.graphml"
"0.49","0.47","0.04","0.546306681621535","1,1,1,4,5,6,7,8,9,10,11,12,13,2,2,14,15,16,17,18,3,1,19,20,21,22,23,24,25,26,27,28,29,30,2,2,2,31,3,3,3,3,1,1,1,1,3,1,1,1,3,3,3,3,3,1,1,1,1,3,32,3,3,33,34,3,3,3,3,3,1,3,35,36,3,3,3,3,3,3,3,37,38,39,40,41,3,3,3,3,42,43,44,3,3,3,45,3,3,3,3,3,3,3,3,3,3,46,47,3,3,3,3,2,48,49,2,2,2,2,2,50,51,52,53,54,55,56,57","0.0010368824005127","fast_greedy","edit-xhwikibooks.graphml"
"0.48","0.48","0.04","0.546306681621535","1,1,1,4,5,6,7,8,9,10,11,12,13,2,2,14,15,16,17,18,3,1,19,20,21,22,23,24,25,26,27,28,29,30,2,2,2,31,3,3,3,3,1,1,1,1,3,1,1,1,3,3,3,3,3,1,1,1,1,3,32,3,3,33,34,3,3,3,3,3,1,3,35,36,3,3,3,3,3,3,3,37,38,39,40,41,3,3,3,3,42,43,44,3,3,3,45,3,3,3,3,3,3,3,3,3,3,46,47,3,3,3,3,2,48,49,2,2,2,2,2,50,51,52,53,54,55,56,57","0.00102496147155762","fast_greedy","edit-xhwikibooks.graphml"
"0.47","0.49","0.04","0.338472222222222","3,3,3,5,6,7,8,9,10,11,12,13,14,4,4,15,16,17,18,19,1,3,20,21,22,23,24,25,26,27,28,29,30,31,2,2,4,32,1,1,1,1,33,34,35,36,1,37,38,39,1,1,1,1,1,40,41,42,43,1,44,1,1,45,46,1,1,1,1,1,47,1,48,49,1,1,1,1,1,1,1,50,51,52,53,54,1,1,1,1,55,56,57,1,1,1,58,1,1,1,1,1,1,1,1,1,1,59,60,1,1,1,1,2,61,62,2,2,2,2,2,63,64,65,66,67,68,69,70","0.000993967056274414","fast_greedy","edit-xhwikibooks.graphml"
"0.46","0.5","0.04","0.554453125","3,3,3,7,8,9,10,6,11,12,13,14,4,4,4,15,16,17,18,19,1,3,20,6,5,5,5,21,22,23,24,25,26,27,2,2,4,28,1,1,1,1,29,30,31,32,1,33,34,35,1,1,1,1,1,36,37,38,39,1,40,1,1,41,42,1,1,1,1,1,43,1,44,45,1,1,1,1,1,1,1,46,47,48,49,50,1,1,1,1,51,52,53,1,1,1,54,1,1,1,1,1,1,1,1,1,1,55,56,1,1,1,1,2,57,58,2,2,2,2,2,59,60,61,62,63,64,65,66","0.0010528564453125","fast_greedy","edit-xhwikibooks.graphml"
"0.45","0.51","0.04","0.554453125","3,3,3,7,8,9,10,6,11,12,13,14,4,4,4,15,16,17,18,19,1,3,20,6,5,5,5,21,22,23,24,25,26,27,2,2,4,28,1,1,1,1,29,30,31,32,1,33,34,35,1,1,1,1,1,36,37,38,39,1,40,1,1,41,42,1,1,1,1,1,43,1,44,45,1,1,1,1,1,1,1,46,47,48,49,50,1,1,1,1,51,52,53,1,1,1,54,1,1,1,1,1,1,1,1,1,1,55,56,1,1,1,1,2,57,58,2,2,2,2,2,59,60,61,62,63,64,65,66","0.00103497505187988","fast_greedy","edit-xhwikibooks.graphml"
"0.44","0.52","0.04","0.554453125","3,3,3,7,8,9,10,6,11,12,13,14,4,4,4,15,16,17,18,19,1,3,20,6,5,5,5,21,22,23,24,25,26,27,2,2,4,28,1,1,1,1,29,30,31,32,1,33,34,35,1,1,1,1,1,36,37,38,39,1,40,1,1,41,42,1,1,1,1,1,43,1,44,45,1,1,1,1,1,1,1,46,47,48,49,50,1,1,1,1,51,52,53,1,1,1,54,1,1,1,1,1,1,1,1,1,1,55,56,1,1,1,1,2,57,58,2,2,2,2,2,59,60,61,62,63,64,65,66","0.00107192993164062","fast_greedy","edit-xhwikibooks.graphml"
"0.43","0.53","0.04","0.554453125","3,3,3,7,8,9,10,6,11,12,13,14,4,4,4,15,16,17,18,19,1,3,20,6,5,5,5,21,22,23,24,25,26,27,2,2,4,28,1,1,1,1,29,30,31,32,1,33,34,35,1,1,1,1,1,36,37,38,39,1,40,1,1,41,42,1,1,1,1,1,43,1,44,45,1,1,1,1,1,1,1,46,47,48,49,50,1,1,1,1,51,52,53,1,1,1,54,1,1,1,1,1,1,1,1,1,1,55,56,1,1,1,1,2,57,58,2,2,2,2,2,59,60,61,62,63,64,65,66","0.00159502029418945","fast_greedy","edit-xhwikibooks.graphml"
"0.42","0.54","0.04","0.554453125","3,3,3,7,8,9,10,6,11,12,13,14,4,4,4,15,16,17,18,19,1,3,20,6,5,5,5,21,22,23,24,25,26,27,2,2,4,28,1,1,1,1,29,30,31,32,1,33,34,35,1,1,1,1,1,36,37,38,39,1,40,1,1,41,42,1,1,1,1,1,43,1,44,45,1,1,1,1,1,1,1,46,47,48,49,50,1,1,1,1,51,52,53,1,1,1,54,1,1,1,1,1,1,1,1,1,1,55,56,1,1,1,1,2,57,58,2,2,2,2,2,59,60,61,62,63,64,65,66","0.00124192237854004","fast_greedy","edit-xhwikibooks.graphml"
"0.41","0.55","0.04","0.554453125","3,3,3,7,8,9,10,6,11,12,13,14,4,4,4,15,16,17,18,19,1,3,20,6,5,5,5,21,22,23,24,25,26,27,2,2,4,28,1,1,1,1,29,30,31,32,1,33,34,35,1,1,1,1,1,36,37,38,39,1,40,1,1,41,42,1,1,1,1,1,43,1,44,45,1,1,1,1,1,1,1,46,47,48,49,50,1,1,1,1,51,52,53,1,1,1,54,1,1,1,1,1,1,1,1,1,1,55,56,1,1,1,1,2,57,58,2,2,2,2,2,59,60,61,62,63,64,65,66","0.00111603736877441","fast_greedy","edit-xhwikibooks.graphml"
"0.4","0.56","0.04","0.554453125","3,3,3,7,8,9,10,6,11,12,13,14,4,4,4,15,16,17,18,19,1,3,20,6,5,5,5,21,22,23,24,25,26,27,2,2,4,28,1,1,1,1,29,30,31,32,1,33,34,35,1,1,1,1,1,36,37,38,39,1,40,1,1,41,42,1,1,1,1,1,43,1,44,45,1,1,1,1,1,1,1,46,47,48,49,50,1,1,1,1,51,52,53,1,1,1,54,1,1,1,1,1,1,1,1,1,1,55,56,1,1,1,1,2,57,58,2,2,2,2,2,59,60,61,62,63,64,65,66","0.00105094909667969","fast_greedy","edit-xhwikibooks.graphml"
"0.39","0.57","0.04","0.515575154813286","3,3,3,8,9,10,11,7,12,13,14,15,5,5,5,16,17,18,19,20,1,3,21,7,4,4,4,22,23,24,25,26,27,28,6,6,29,30,1,1,1,1,31,32,33,34,1,35,36,37,1,1,1,1,1,38,39,40,41,1,42,1,1,43,44,1,1,1,1,1,45,1,46,47,1,1,1,1,1,1,1,48,49,50,51,52,1,1,1,1,53,54,55,1,1,1,56,1,1,1,1,1,1,1,1,1,1,57,58,1,1,1,1,2,59,60,2,2,2,2,2,61,62,63,64,65,66,67,68","0.0010230541229248","fast_greedy","edit-xhwikibooks.graphml"
"0.38","0.58","0.04","0.515575154813286","3,3,3,8,9,10,11,7,12,13,14,15,5,5,5,16,17,18,19,20,1,3,21,7,4,4,4,22,23,24,25,26,27,28,6,6,29,30,1,1,1,1,31,32,33,34,1,35,36,37,1,1,1,1,1,38,39,40,41,1,42,1,1,43,44,1,1,1,1,1,45,1,46,47,1,1,1,1,1,1,1,48,49,50,51,52,1,1,1,1,53,54,55,1,1,1,56,1,1,1,1,1,1,1,1,1,1,57,58,1,1,1,1,2,59,60,2,2,2,2,2,61,62,63,64,65,66,67,68","0.00110197067260742","fast_greedy","edit-xhwikibooks.graphml"
"0.37","0.59","0.04","0.515575154813286","3,3,3,8,9,10,11,7,12,13,14,15,5,5,5,16,17,18,19,20,1,3,21,7,4,4,4,22,23,24,25,26,27,28,6,6,29,30,1,1,1,1,31,32,33,34,1,35,36,37,1,1,1,1,1,38,39,40,41,1,42,1,1,43,44,1,1,1,1,1,45,1,46,47,1,1,1,1,1,1,1,48,49,50,51,52,1,1,1,1,53,54,55,1,1,1,56,1,1,1,1,1,1,1,1,1,1,57,58,1,1,1,1,2,59,60,2,2,2,2,2,61,62,63,64,65,66,67,68","0.00101804733276367","fast_greedy","edit-xhwikibooks.graphml"
"0.36","0.6","0.04","0.515575154813286","3,3,3,8,9,10,11,7,12,13,14,15,5,5,5,16,17,18,19,20,1,3,21,7,4,4,4,22,23,24,25,26,27,28,6,6,29,30,1,1,1,1,31,32,33,34,1,35,36,37,1,1,1,1,1,38,39,40,41,1,42,1,1,43,44,1,1,1,1,1,45,1,46,47,1,1,1,1,1,1,1,48,49,50,51,52,1,1,1,1,53,54,55,1,1,1,56,1,1,1,1,1,1,1,1,1,1,57,58,1,1,1,1,2,59,60,2,2,2,2,2,61,62,63,64,65,66,67,68","0.00102782249450684","fast_greedy","edit-xhwikibooks.graphml"
"0.35","0.61","0.04","0.515575154813286","3,3,3,8,9,10,11,7,12,13,14,15,5,5,5,16,17,18,19,20,1,3,21,7,4,4,4,22,23,24,25,26,27,28,6,6,29,30,1,1,1,1,31,32,33,34,1,35,36,37,1,1,1,1,1,38,39,40,41,1,42,1,1,43,44,1,1,1,1,1,45,1,46,47,1,1,1,1,1,1,1,48,49,50,51,52,1,1,1,1,53,54,55,1,1,1,56,1,1,1,1,1,1,1,1,1,1,57,58,1,1,1,1,2,59,60,2,2,2,2,2,61,62,63,64,65,66,67,68","0.00102496147155762","fast_greedy","edit-xhwikibooks.graphml"
"0.34","0.62","0.04","0.515575154813286","3,3,3,8,9,10,11,7,12,13,14,15,5,5,5,16,17,18,19,20,1,3,21,7,4,4,4,22,23,24,25,26,27,28,6,6,29,30,1,1,1,1,31,32,33,34,1,35,36,37,1,1,1,1,1,38,39,40,41,1,42,1,1,43,44,1,1,1,1,1,45,1,46,47,1,1,1,1,1,1,1,48,49,50,51,52,1,1,1,1,53,54,55,1,1,1,56,1,1,1,1,1,1,1,1,1,1,57,58,1,1,1,1,2,59,60,2,2,2,2,2,61,62,63,64,65,66,67,68","0.00106692314147949","fast_greedy","edit-xhwikibooks.graphml"
"0.33","0.63","0.04","0.515575154813286","3,3,3,8,9,10,11,7,12,13,14,15,5,5,5,16,17,18,19,20,1,3,21,7,4,4,4,22,23,24,25,26,27,28,6,6,29,30,1,1,1,1,31,32,33,34,1,35,36,37,1,1,1,1,1,38,39,40,41,1,42,1,1,43,44,1,1,1,1,1,45,1,46,47,1,1,1,1,1,1,1,48,49,50,51,52,1,1,1,1,53,54,55,1,1,1,56,1,1,1,1,1,1,1,1,1,1,57,58,1,1,1,1,2,59,60,2,2,2,2,2,61,62,63,64,65,66,67,68","0.00104498863220215","fast_greedy","edit-xhwikibooks.graphml"
"0.32","0.64","0.04","0.515575154813286","3,3,3,8,9,10,11,7,12,13,14,15,5,5,5,16,17,18,19,20,1,3,21,7,4,4,4,22,23,24,25,26,27,28,6,6,29,30,1,1,1,1,31,32,33,34,1,35,36,37,1,1,1,1,1,38,39,40,41,1,42,1,1,43,44,1,1,1,1,1,45,1,46,47,1,1,1,1,1,1,1,48,49,50,51,52,1,1,1,1,53,54,55,1,1,1,56,1,1,1,1,1,1,1,1,1,1,57,58,1,1,1,1,2,59,60,2,2,2,2,2,61,62,63,64,65,66,67,68","0.00166988372802734","fast_greedy","edit-xhwikibooks.graphml"
"0.31","0.65","0.04","0.503375771604938","3,3,3,8,9,10,11,7,12,13,14,15,5,5,5,16,17,18,19,20,1,21,22,7,4,4,4,23,24,25,26,27,28,29,6,6,30,31,1,1,1,1,32,33,34,35,1,36,37,38,1,1,1,1,1,39,40,41,42,1,43,1,1,44,45,1,1,1,1,1,46,1,47,48,1,1,1,1,1,1,1,49,50,51,52,53,1,1,1,1,54,55,56,1,1,1,57,1,1,1,1,1,1,1,1,1,1,58,59,1,1,1,1,2,60,61,2,2,2,2,2,62,63,64,65,66,67,68,69","0.00149822235107422","fast_greedy","edit-xhwikibooks.graphml"
"0.3","0.66","0.04","0.503375771604938","3,3,3,8,9,10,11,7,12,13,14,15,5,5,5,16,17,18,19,20,1,21,22,7,4,4,4,23,24,25,26,27,28,29,6,6,30,31,1,1,1,1,32,33,34,35,1,36,37,38,1,1,1,1,1,39,40,41,42,1,43,1,1,44,45,1,1,1,1,1,46,1,47,48,1,1,1,1,1,1,1,49,50,51,52,53,1,1,1,1,54,55,56,1,1,1,57,1,1,1,1,1,1,1,1,1,1,58,59,1,1,1,1,2,60,61,2,2,2,2,2,62,63,64,65,66,67,68,69","0.00152587890625","fast_greedy","edit-xhwikibooks.graphml"
"0.29","0.67","0.04","0.503375771604938","3,3,3,8,9,10,11,7,12,13,14,15,5,5,5,16,17,18,19,20,1,21,22,7,4,4,4,23,24,25,26,27,28,29,6,6,30,31,1,1,1,1,32,33,34,35,1,36,37,38,1,1,1,1,1,39,40,41,42,1,43,1,1,44,45,1,1,1,1,1,46,1,47,48,1,1,1,1,1,1,1,49,50,51,52,53,1,1,1,1,54,55,56,1,1,1,57,1,1,1,1,1,1,1,1,1,1,58,59,1,1,1,1,2,60,61,2,2,2,2,2,62,63,64,65,66,67,68,69","0.00138092041015625","fast_greedy","edit-xhwikibooks.graphml"
"0.28","0.68","0.04","0.503375771604938","3,3,3,8,9,10,11,7,12,13,14,15,5,5,5,16,17,18,19,20,1,21,22,7,4,4,4,23,24,25,26,27,28,29,6,6,30,31,1,1,1,1,32,33,34,35,1,36,37,38,1,1,1,1,1,39,40,41,42,1,43,1,1,44,45,1,1,1,1,1,46,1,47,48,1,1,1,1,1,1,1,49,50,51,52,53,1,1,1,1,54,55,56,1,1,1,57,1,1,1,1,1,1,1,1,1,1,58,59,1,1,1,1,2,60,61,2,2,2,2,2,62,63,64,65,66,67,68,69","0.00139021873474121","fast_greedy","edit-xhwikibooks.graphml"
"0.27","0.69","0.04","0.503375771604938","3,3,3,8,9,10,11,7,12,13,14,15,5,5,5,16,17,18,19,20,1,21,22,7,4,4,4,23,24,25,26,27,28,29,6,6,30,31,1,1,1,1,32,33,34,35,1,36,37,38,1,1,1,1,1,39,40,41,42,1,43,1,1,44,45,1,1,1,1,1,46,1,47,48,1,1,1,1,1,1,1,49,50,51,52,53,1,1,1,1,54,55,56,1,1,1,57,1,1,1,1,1,1,1,1,1,1,58,59,1,1,1,1,2,60,61,2,2,2,2,2,62,63,64,65,66,67,68,69","0.0271139144897461","fast_greedy","edit-xhwikibooks.graphml"
"0.26","0.7","0.04","0.503375771604938","3,3,3,8,9,10,11,7,12,13,14,15,5,5,5,16,17,18,19,20,1,21,22,7,4,4,4,23,24,25,26,27,28,29,6,6,30,31,1,1,1,1,32,33,34,35,1,36,37,38,1,1,1,1,1,39,40,41,42,1,43,1,1,44,45,1,1,1,1,1,46,1,47,48,1,1,1,1,1,1,1,49,50,51,52,53,1,1,1,1,54,55,56,1,1,1,57,1,1,1,1,1,1,1,1,1,1,58,59,1,1,1,1,2,60,61,2,2,2,2,2,62,63,64,65,66,67,68,69","0.00103306770324707","fast_greedy","edit-xhwikibooks.graphml"
"0.25","0.71","0.04","0.503375771604938","3,3,3,8,9,10,11,7,12,13,14,15,5,5,5,16,17,18,19,20,1,21,22,7,4,4,4,23,24,25,26,27,28,29,6,6,30,31,1,1,1,1,32,33,34,35,1,36,37,38,1,1,1,1,1,39,40,41,42,1,43,1,1,44,45,1,1,1,1,1,46,1,47,48,1,1,1,1,1,1,1,49,50,51,52,53,1,1,1,1,54,55,56,1,1,1,57,1,1,1,1,1,1,1,1,1,1,58,59,1,1,1,1,2,60,61,2,2,2,2,2,62,63,64,65,66,67,68,69","0.000925064086914062","fast_greedy","edit-xhwikibooks.graphml"
"0.24","0.72","0.04","0.503375771604938","3,3,3,8,9,10,11,7,12,13,14,15,5,5,5,16,17,18,19,20,1,21,22,7,4,4,4,23,24,25,26,27,28,29,6,6,30,31,1,1,1,1,32,33,34,35,1,36,37,38,1,1,1,1,1,39,40,41,42,1,43,1,1,44,45,1,1,1,1,1,46,1,47,48,1,1,1,1,1,1,1,49,50,51,52,53,1,1,1,1,54,55,56,1,1,1,57,1,1,1,1,1,1,1,1,1,1,58,59,1,1,1,1,2,60,61,2,2,2,2,2,62,63,64,65,66,67,68,69","0.000882148742675781","fast_greedy","edit-xhwikibooks.graphml"
"0.23","0.73","0.04","0.503375771604938","3,3,3,8,9,10,11,7,12,13,14,15,5,5,5,16,17,18,19,20,1,21,22,7,4,4,4,23,24,25,26,27,28,29,6,6,30,31,1,1,1,1,32,33,34,35,1,36,37,38,1,1,1,1,1,39,40,41,42,1,43,1,1,44,45,1,1,1,1,1,46,1,47,48,1,1,1,1,1,1,1,49,50,51,52,53,1,1,1,1,54,55,56,1,1,1,57,1,1,1,1,1,1,1,1,1,1,58,59,1,1,1,1,2,60,61,2,2,2,2,2,62,63,64,65,66,67,68,69","0.000904083251953125","fast_greedy","edit-xhwikibooks.graphml"
"0.22","0.74","0.04","0.503375771604938","3,3,3,8,9,10,11,7,12,13,14,15,5,5,5,16,17,18,19,20,1,21,22,7,4,4,4,23,24,25,26,27,28,29,6,6,30,31,1,1,1,1,32,33,34,35,1,36,37,38,1,1,1,1,1,39,40,41,42,1,43,1,1,44,45,1,1,1,1,1,46,1,47,48,1,1,1,1,1,1,1,49,50,51,52,53,1,1,1,1,54,55,56,1,1,1,57,1,1,1,1,1,1,1,1,1,1,58,59,1,1,1,1,2,60,61,2,2,2,2,2,62,63,64,65,66,67,68,69","0.000902891159057617","fast_greedy","edit-xhwikibooks.graphml"
"0.21","0.75","0.04","0.503375771604938","3,3,3,8,9,10,11,7,12,13,14,15,5,5,5,16,17,18,19,20,1,21,22,7,4,4,4,23,24,25,26,27,28,29,6,6,30,31,1,1,1,1,32,33,34,35,1,36,37,38,1,1,1,1,1,39,40,41,42,1,43,1,1,44,45,1,1,1,1,1,46,1,47,48,1,1,1,1,1,1,1,49,50,51,52,53,1,1,1,1,54,55,56,1,1,1,57,1,1,1,1,1,1,1,1,1,1,58,59,1,1,1,1,2,60,61,2,2,2,2,2,62,63,64,65,66,67,68,69","0.000808000564575195","fast_greedy","edit-xhwikibooks.graphml"
"0.2","0.76","0.04","0.503375771604938","3,3,3,8,9,10,11,7,12,13,14,15,5,5,5,16,17,18,19,20,1,21,22,7,4,4,4,23,24,25,26,27,28,29,6,6,30,31,1,1,1,1,32,33,34,35,1,36,37,38,1,1,1,1,1,39,40,41,42,1,43,1,1,44,45,1,1,1,1,1,46,1,47,48,1,1,1,1,1,1,1,49,50,51,52,53,1,1,1,1,54,55,56,1,1,1,57,1,1,1,1,1,1,1,1,1,1,58,59,1,1,1,1,2,60,61,2,2,2,2,2,62,63,64,65,66,67,68,69","0.000804901123046875","fast_greedy","edit-xhwikibooks.graphml"
"0.19","0.77","0.04","0.503375771604938","3,3,3,8,9,10,11,7,12,13,14,15,5,5,5,16,17,18,19,20,1,21,22,7,4,4,4,23,24,25,26,27,28,29,6,6,30,31,1,1,1,1,32,33,34,35,1,36,37,38,1,1,1,1,1,39,40,41,42,1,43,1,1,44,45,1,1,1,1,1,46,1,47,48,1,1,1,1,1,1,1,49,50,51,52,53,1,1,1,1,54,55,56,1,1,1,57,1,1,1,1,1,1,1,1,1,1,58,59,1,1,1,1,2,60,61,2,2,2,2,2,62,63,64,65,66,67,68,69","0.00081181526184082","fast_greedy","edit-xhwikibooks.graphml"
"0.18","0.78","0.04","0.503375771604938","3,3,3,8,9,10,11,7,12,13,14,15,5,5,5,16,17,18,19,20,1,21,22,7,4,4,4,23,24,25,26,27,28,29,6,6,30,31,1,1,1,1,32,33,34,35,1,36,37,38,1,1,1,1,1,39,40,41,42,1,43,1,1,44,45,1,1,1,1,1,46,1,47,48,1,1,1,1,1,1,1,49,50,51,52,53,1,1,1,1,54,55,56,1,1,1,57,1,1,1,1,1,1,1,1,1,1,58,59,1,1,1,1,2,60,61,2,2,2,2,2,62,63,64,65,66,67,68,69","0.000867128372192383","fast_greedy","edit-xhwikibooks.graphml"
"0.17","0.79","0.04","0.503375771604938","3,3,3,8,9,10,11,7,12,13,14,15,5,5,5,16,17,18,19,20,1,21,22,7,4,4,4,23,24,25,26,27,28,29,6,6,30,31,1,1,1,1,32,33,34,35,1,36,37,38,1,1,1,1,1,39,40,41,42,1,43,1,1,44,45,1,1,1,1,1,46,1,47,48,1,1,1,1,1,1,1,49,50,51,52,53,1,1,1,1,54,55,56,1,1,1,57,1,1,1,1,1,1,1,1,1,1,58,59,1,1,1,1,2,60,61,2,2,2,2,2,62,63,64,65,66,67,68,69","0.000794887542724609","fast_greedy","edit-xhwikibooks.graphml"
"0.16","0.8","0.04","0.503375771604938","3,3,3,8,9,10,11,7,12,13,14,15,5,5,5,16,17,18,19,20,1,21,22,7,4,4,4,23,24,25,26,27,28,29,6,6,30,31,1,1,1,1,32,33,34,35,1,36,37,38,1,1,1,1,1,39,40,41,42,1,43,1,1,44,45,1,1,1,1,1,46,1,47,48,1,1,1,1,1,1,1,49,50,51,52,53,1,1,1,1,54,55,56,1,1,1,57,1,1,1,1,1,1,1,1,1,1,58,59,1,1,1,1,2,60,61,2,2,2,2,2,62,63,64,65,66,67,68,69","0.000792026519775391","fast_greedy","edit-xhwikibooks.graphml"
"0.15","0.81","0.04","0.503375771604938","3,3,3,8,9,10,11,7,12,13,14,15,5,5,5,16,17,18,19,20,1,21,22,7,4,4,4,23,24,25,26,27,28,29,6,6,30,31,1,1,1,1,32,33,34,35,1,36,37,38,1,1,1,1,1,39,40,41,42,1,43,1,1,44,45,1,1,1,1,1,46,1,47,48,1,1,1,1,1,1,1,49,50,51,52,53,1,1,1,1,54,55,56,1,1,1,57,1,1,1,1,1,1,1,1,1,1,58,59,1,1,1,1,2,60,61,2,2,2,2,2,62,63,64,65,66,67,68,69","0.000983953475952148","fast_greedy","edit-xhwikibooks.graphml"
"0.14","0.82","0.04","0.503375771604938","3,3,3,8,9,10,11,7,12,13,14,15,5,5,5,16,17,18,19,20,1,21,22,7,4,4,4,23,24,25,26,27,28,29,6,6,30,31,1,1,1,1,32,33,34,35,1,36,37,38,1,1,1,1,1,39,40,41,42,1,43,1,1,44,45,1,1,1,1,1,46,1,47,48,1,1,1,1,1,1,1,49,50,51,52,53,1,1,1,1,54,55,56,1,1,1,57,1,1,1,1,1,1,1,1,1,1,58,59,1,1,1,1,2,60,61,2,2,2,2,2,62,63,64,65,66,67,68,69","0.000796079635620117","fast_greedy","edit-xhwikibooks.graphml"
"0.13","0.83","0.04","0.503375771604938","3,3,3,8,9,10,11,7,12,13,14,15,5,5,5,16,17,18,19,20,1,21,22,7,4,4,4,23,24,25,26,27,28,29,6,6,30,31,1,1,1,1,32,33,34,35,1,36,37,38,1,1,1,1,1,39,40,41,42,1,43,1,1,44,45,1,1,1,1,1,46,1,47,48,1,1,1,1,1,1,1,49,50,51,52,53,1,1,1,1,54,55,56,1,1,1,57,1,1,1,1,1,1,1,1,1,1,58,59,1,1,1,1,2,60,61,2,2,2,2,2,62,63,64,65,66,67,68,69","0.000804901123046875","fast_greedy","edit-xhwikibooks.graphml"
"0.12","0.84","0.04","0.503375771604938","3,3,3,8,9,10,11,7,12,13,14,15,5,5,5,16,17,18,19,20,1,21,22,7,4,4,4,23,24,25,26,27,28,29,6,6,30,31,1,1,1,1,32,33,34,35,1,36,37,38,1,1,1,1,1,39,40,41,42,1,43,1,1,44,45,1,1,1,1,1,46,1,47,48,1,1,1,1,1,1,1,49,50,51,52,53,1,1,1,1,54,55,56,1,1,1,57,1,1,1,1,1,1,1,1,1,1,58,59,1,1,1,1,2,60,61,2,2,2,2,2,62,63,64,65,66,67,68,69","0.000817060470581055","fast_greedy","edit-xhwikibooks.graphml"
"0.11","0.85","0.04","0.503375771604938","3,3,3,8,9,10,11,7,12,13,14,15,5,5,5,16,17,18,19,20,1,21,22,7,4,4,4,23,24,25,26,27,28,29,6,6,30,31,1,1,1,1,32,33,34,35,1,36,37,38,1,1,1,1,1,39,40,41,42,1,43,1,1,44,45,1,1,1,1,1,46,1,47,48,1,1,1,1,1,1,1,49,50,51,52,53,1,1,1,1,54,55,56,1,1,1,57,1,1,1,1,1,1,1,1,1,1,58,59,1,1,1,1,2,60,61,2,2,2,2,2,62,63,64,65,66,67,68,69","0.000812053680419922","fast_greedy","edit-xhwikibooks.graphml"
"0.1","0.86","0.04","0.503375771604938","3,3,3,8,9,10,11,7,12,13,14,15,5,5,5,16,17,18,19,20,1,21,22,7,4,4,4,23,24,25,26,27,28,29,6,6,30,31,1,1,1,1,32,33,34,35,1,36,37,38,1,1,1,1,1,39,40,41,42,1,43,1,1,44,45,1,1,1,1,1,46,1,47,48,1,1,1,1,1,1,1,49,50,51,52,53,1,1,1,1,54,55,56,1,1,1,57,1,1,1,1,1,1,1,1,1,1,58,59,1,1,1,1,2,60,61,2,2,2,2,2,62,63,64,65,66,67,68,69","0.000823020935058594","fast_greedy","edit-xhwikibooks.graphml"
"0.09","0.87","0.04","0.503375771604938","3,3,3,8,9,10,11,7,12,13,14,15,5,5,5,16,17,18,19,20,1,21,22,7,4,4,4,23,24,25,26,27,28,29,6,6,30,31,1,1,1,1,32,33,34,35,1,36,37,38,1,1,1,1,1,39,40,41,42,1,43,1,1,44,45,1,1,1,1,1,46,1,47,48,1,1,1,1,1,1,1,49,50,51,52,53,1,1,1,1,54,55,56,1,1,1,57,1,1,1,1,1,1,1,1,1,1,58,59,1,1,1,1,2,60,61,2,2,2,2,2,62,63,64,65,66,67,68,69","0.000812053680419922","fast_greedy","edit-xhwikibooks.graphml"
"0.08","0.88","0.04","0.503375771604938","3,3,3,8,9,10,11,7,12,13,14,15,5,5,5,16,17,18,19,20,1,21,22,7,4,4,4,23,24,25,26,27,28,29,6,6,30,31,1,1,1,1,32,33,34,35,1,36,37,38,1,1,1,1,1,39,40,41,42,1,43,1,1,44,45,1,1,1,1,1,46,1,47,48,1,1,1,1,1,1,1,49,50,51,52,53,1,1,1,1,54,55,56,1,1,1,57,1,1,1,1,1,1,1,1,1,1,58,59,1,1,1,1,2,60,61,2,2,2,2,2,62,63,64,65,66,67,68,69","0.000802993774414062","fast_greedy","edit-xhwikibooks.graphml"
"0.07","0.89","0.04","0.503375771604938","3,3,3,8,9,10,11,7,12,13,14,15,5,5,5,16,17,18,19,20,1,21,22,7,4,4,4,23,24,25,26,27,28,29,6,6,30,31,1,1,1,1,32,33,34,35,1,36,37,38,1,1,1,1,1,39,40,41,42,1,43,1,1,44,45,1,1,1,1,1,46,1,47,48,1,1,1,1,1,1,1,49,50,51,52,53,1,1,1,1,54,55,56,1,1,1,57,1,1,1,1,1,1,1,1,1,1,58,59,1,1,1,1,2,60,61,2,2,2,2,2,62,63,64,65,66,67,68,69","0.000805139541625977","fast_greedy","edit-xhwikibooks.graphml"
"0.06","0.9","0.04","0.503375771604938","3,3,3,8,9,10,11,7,12,13,14,15,5,5,5,16,17,18,19,20,1,21,22,7,4,4,4,23,24,25,26,27,28,29,6,6,30,31,1,1,1,1,32,33,34,35,1,36,37,38,1,1,1,1,1,39,40,41,42,1,43,1,1,44,45,1,1,1,1,1,46,1,47,48,1,1,1,1,1,1,1,49,50,51,52,53,1,1,1,1,54,55,56,1,1,1,57,1,1,1,1,1,1,1,1,1,1,58,59,1,1,1,1,2,60,61,2,2,2,2,2,62,63,64,65,66,67,68,69","0.000801801681518555","fast_greedy","edit-xhwikibooks.graphml"
"0.05","0.91","0.04","0.503375771604938","3,3,3,8,9,10,11,7,12,13,14,15,5,5,5,16,17,18,19,20,1,21,22,7,4,4,4,23,24,25,26,27,28,29,6,6,30,31,1,1,1,1,32,33,34,35,1,36,37,38,1,1,1,1,1,39,40,41,42,1,43,1,1,44,45,1,1,1,1,1,46,1,47,48,1,1,1,1,1,1,1,49,50,51,52,53,1,1,1,1,54,55,56,1,1,1,57,1,1,1,1,1,1,1,1,1,1,58,59,1,1,1,1,2,60,61,2,2,2,2,2,62,63,64,65,66,67,68,69","0.000812768936157227","fast_greedy","edit-xhwikibooks.graphml"
"0.04","0.92","0.04","0.503375771604938","3,3,3,8,9,10,11,7,12,13,14,15,5,5,5,16,17,18,19,20,1,21,22,7,4,4,4,23,24,25,26,27,28,29,6,6,30,31,1,1,1,1,32,33,34,35,1,36,37,38,1,1,1,1,1,39,40,41,42,1,43,1,1,44,45,1,1,1,1,1,46,1,47,48,1,1,1,1,1,1,1,49,50,51,52,53,1,1,1,1,54,55,56,1,1,1,57,1,1,1,1,1,1,1,1,1,1,58,59,1,1,1,1,2,60,61,2,2,2,2,2,62,63,64,65,66,67,68,69","0.000889062881469727","fast_greedy","edit-xhwikibooks.graphml"
"0.03","0.93","0.04","0.503375771604938","3,3,3,8,9,10,11,7,12,13,14,15,5,5,5,16,17,18,19,20,1,21,22,7,4,4,4,23,24,25,26,27,28,29,6,6,30,31,1,1,1,1,32,33,34,35,1,36,37,38,1,1,1,1,1,39,40,41,42,1,43,1,1,44,45,1,1,1,1,1,46,1,47,48,1,1,1,1,1,1,1,49,50,51,52,53,1,1,1,1,54,55,56,1,1,1,57,1,1,1,1,1,1,1,1,1,1,58,59,1,1,1,1,2,60,61,2,2,2,2,2,62,63,64,65,66,67,68,69","0.000766992568969727","fast_greedy","edit-xhwikibooks.graphml"
"0.02","0.94","0.04","0.503375771604938","3,3,3,8,9,10,11,7,12,13,14,15,5,5,5,16,17,18,19,20,1,21,22,7,4,4,4,23,24,25,26,27,28,29,6,6,30,31,1,1,1,1,32,33,34,35,1,36,37,38,1,1,1,1,1,39,40,41,42,1,43,1,1,44,45,1,1,1,1,1,46,1,47,48,1,1,1,1,1,1,1,49,50,51,52,53,1,1,1,1,54,55,56,1,1,1,57,1,1,1,1,1,1,1,1,1,1,58,59,1,1,1,1,2,60,61,2,2,2,2,2,62,63,64,65,66,67,68,69","0.000804901123046875","fast_greedy","edit-xhwikibooks.graphml"
"0.01","0.95","0.04","0.503375771604938","3,3,3,8,9,10,11,7,12,13,14,15,5,5,5,16,17,18,19,20,1,21,22,7,4,4,4,23,24,25,26,27,28,29,6,6,30,31,1,1,1,1,32,33,34,35,1,36,37,38,1,1,1,1,1,39,40,41,42,1,43,1,1,44,45,1,1,1,1,1,46,1,47,48,1,1,1,1,1,1,1,49,50,51,52,53,1,1,1,1,54,55,56,1,1,1,57,1,1,1,1,1,1,1,1,1,1,58,59,1,1,1,1,2,60,61,2,2,2,2,2,62,63,64,65,66,67,68,69","0.000808954238891602","fast_greedy","edit-xhwikibooks.graphml"
"0","0.96","0.04","0.551193718955295","2,2,2,2,2,7,8,2,9,10,11,12,5,5,5,13,14,15,16,17,1,2,18,2,4,4,4,19,2,20,21,22,23,24,6,6,25,26,1,1,1,1,27,28,29,30,1,31,32,33,1,1,1,1,1,34,35,36,37,1,38,1,1,39,40,1,1,1,1,1,41,1,42,43,1,1,1,1,1,1,1,44,45,46,47,48,1,1,1,1,49,50,51,1,1,1,52,1,1,1,1,1,1,1,1,1,1,53,54,1,1,1,1,3,55,56,3,3,3,3,3,57,58,59,60,61,62,63,64","0.0010218620300293","fast_greedy","edit-xhwikibooks.graphml"
"0.95","0","0.05","0.738928571428572","1,1,1,1,1,2,1,5,2,2,4,1,5,5,5,2,2,4,4,1,3,6,5,5,5,5,5,2,1,2,4,4,1,1,7,7,8,5,3,3,3,3,6,6,6,6,3,6,6,6,3,3,3,3,3,6,6,6,6,3,5,3,3,5,5,3,3,3,3,3,6,3,5,5,3,3,3,3,3,3,3,5,2,2,2,1,3,3,3,3,2,4,4,3,3,3,2,3,3,3,3,3,3,3,3,3,3,1,1,1,3,3,3,7,7,7,7,7,7,7,7,8,8,8,8,8,8,8,8","0.000874996185302734","fast_greedy","edit-xhwikibooks.graphml"
"0.94","0.01","0.05","0.738928571428572","1,1,1,1,1,2,1,5,2,2,4,1,5,5,5,2,2,4,4,1,3,6,5,5,5,5,5,2,1,2,4,4,1,1,7,7,8,5,3,3,3,3,6,6,6,6,3,6,6,6,3,3,3,3,3,6,6,6,6,3,5,3,3,5,5,3,3,3,3,3,6,3,5,5,3,3,3,3,3,3,3,5,2,2,2,1,3,3,3,3,2,4,4,3,3,3,2,3,3,3,3,3,3,3,3,3,3,1,1,1,3,3,3,7,7,7,7,7,7,7,7,8,8,8,8,8,8,8,8","0.000887870788574219","fast_greedy","edit-xhwikibooks.graphml"
"0.93","0.02","0.05","0.738928571428572","1,1,1,1,1,2,1,5,2,2,4,1,5,5,5,2,2,4,4,1,3,6,5,5,5,5,5,2,1,2,4,4,1,1,7,7,8,5,3,3,3,3,6,6,6,6,3,6,6,6,3,3,3,3,3,6,6,6,6,3,5,3,3,5,5,3,3,3,3,3,6,3,5,5,3,3,3,3,3,3,3,5,2,2,2,1,3,3,3,3,2,4,4,3,3,3,2,3,3,3,3,3,3,3,3,3,3,1,1,1,3,3,3,7,7,7,7,7,7,7,7,8,8,8,8,8,8,8,8","0.000885963439941406","fast_greedy","edit-xhwikibooks.graphml"
"0.92","0.03","0.05","0.738928571428572","1,1,1,1,1,2,1,5,2,2,4,1,5,5,5,2,2,4,4,1,3,6,5,5,5,5,5,2,1,2,4,4,1,1,7,7,8,5,3,3,3,3,6,6,6,6,3,6,6,6,3,3,3,3,3,6,6,6,6,3,5,3,3,5,5,3,3,3,3,3,6,3,5,5,3,3,3,3,3,3,3,5,2,2,2,1,3,3,3,3,2,4,4,3,3,3,2,3,3,3,3,3,3,3,3,3,3,1,1,1,3,3,3,7,7,7,7,7,7,7,7,8,8,8,8,8,8,8,8","0.000900983810424805","fast_greedy","edit-xhwikibooks.graphml"
"0.91","0.04","0.05","0.738928571428572","1,1,1,1,1,2,1,5,2,2,4,1,5,5,5,2,2,4,4,1,3,6,5,5,5,5,5,2,1,2,4,4,1,1,7,7,8,5,3,3,3,3,6,6,6,6,3,6,6,6,3,3,3,3,3,6,6,6,6,3,5,3,3,5,5,3,3,3,3,3,6,3,5,5,3,3,3,3,3,3,3,5,2,2,2,1,3,3,3,3,2,4,4,3,3,3,2,3,3,3,3,3,3,3,3,3,3,1,1,1,3,3,3,7,7,7,7,7,7,7,7,8,8,8,8,8,8,8,8","0.000903844833374023","fast_greedy","edit-xhwikibooks.graphml"
"0.9","0.05","0.05","0.738928571428572","1,1,1,1,1,2,1,5,2,2,4,1,5,5,5,2,2,4,4,1,3,6,5,5,5,5,5,2,1,2,4,4,1,1,7,7,8,5,3,3,3,3,6,6,6,6,3,6,6,6,3,3,3,3,3,6,6,6,6,3,5,3,3,5,5,3,3,3,3,3,6,3,5,5,3,3,3,3,3,3,3,5,2,2,2,1,3,3,3,3,2,4,4,3,3,3,2,3,3,3,3,3,3,3,3,3,3,1,1,1,3,3,3,7,7,7,7,7,7,7,7,8,8,8,8,8,8,8,8","0.000908136367797852","fast_greedy","edit-xhwikibooks.graphml"
"0.89","0.06","0.05","0.729053497942387","2,2,2,2,2,1,2,1,1,1,2,4,1,1,1,5,1,2,2,4,3,6,1,1,1,1,1,5,2,1,2,2,4,4,7,7,8,1,3,3,3,3,6,6,6,6,3,6,6,6,3,3,3,3,3,6,6,6,6,3,9,3,3,1,1,3,3,3,3,3,6,3,1,1,3,3,3,3,3,3,3,1,5,5,5,10,3,3,3,3,11,12,13,3,3,3,5,3,3,3,3,3,3,3,3,3,3,4,4,4,3,3,3,7,7,7,7,7,7,7,7,8,8,8,8,8,8,8,8","0.000932931900024414","fast_greedy","edit-xhwikibooks.graphml"
"0.88","0.07","0.05","0.729053497942387","2,2,2,2,2,1,2,1,1,1,2,4,1,1,1,5,1,2,2,4,3,6,1,1,1,1,1,5,2,1,2,2,4,4,7,7,8,1,3,3,3,3,6,6,6,6,3,6,6,6,3,3,3,3,3,6,6,6,6,3,9,3,3,1,1,3,3,3,3,3,6,3,1,1,3,3,3,3,3,3,3,1,5,5,5,10,3,3,3,3,11,12,13,3,3,3,5,3,3,3,3,3,3,3,3,3,3,4,4,4,3,3,3,7,7,7,7,7,7,7,7,8,8,8,8,8,8,8,8","0.000902175903320312","fast_greedy","edit-xhwikibooks.graphml"
"0.87","0.08","0.05","0.729053497942387","2,2,2,2,2,1,2,1,1,1,2,4,1,1,1,5,1,2,2,4,3,6,1,1,1,1,1,5,2,1,2,2,4,4,7,7,8,1,3,3,3,3,6,6,6,6,3,6,6,6,3,3,3,3,3,6,6,6,6,3,9,3,3,1,1,3,3,3,3,3,6,3,1,1,3,3,3,3,3,3,3,1,5,5,5,10,3,3,3,3,11,12,13,3,3,3,5,3,3,3,3,3,3,3,3,3,3,4,4,4,3,3,3,7,7,7,7,7,7,7,7,8,8,8,8,8,8,8,8","0.00103902816772461","fast_greedy","edit-xhwikibooks.graphml"
"0.86","0.09","0.05","0.729053497942387","2,2,2,2,2,1,2,1,1,1,2,4,1,1,1,5,1,2,2,4,3,6,1,1,1,1,1,5,2,1,2,2,4,4,7,7,8,1,3,3,3,3,6,6,6,6,3,6,6,6,3,3,3,3,3,6,6,6,6,3,9,3,3,1,1,3,3,3,3,3,6,3,1,1,3,3,3,3,3,3,3,1,5,5,5,10,3,3,3,3,11,12,13,3,3,3,5,3,3,3,3,3,3,3,3,3,3,4,4,4,3,3,3,7,7,7,7,7,7,7,7,8,8,8,8,8,8,8,8","0.000900030136108398","fast_greedy","edit-xhwikibooks.graphml"
"0.85","0.1","0.05","0.729053497942387","2,2,2,2,2,1,2,1,1,1,2,4,1,1,1,5,1,2,2,4,3,6,1,1,1,1,1,5,2,1,2,2,4,4,7,7,8,1,3,3,3,3,6,6,6,6,3,6,6,6,3,3,3,3,3,6,6,6,6,3,9,3,3,1,1,3,3,3,3,3,6,3,1,1,3,3,3,3,3,3,3,1,5,5,5,10,3,3,3,3,11,12,13,3,3,3,5,3,3,3,3,3,3,3,3,3,3,4,4,4,3,3,3,7,7,7,7,7,7,7,7,8,8,8,8,8,8,8,8","0.000909090042114258","fast_greedy","edit-xhwikibooks.graphml"
"0.84","0.11","0.05","0.715104","1,1,1,1,1,3,1,4,3,3,1,1,4,4,4,3,8,1,1,1,2,5,4,4,4,4,4,3,1,9,10,1,1,1,6,6,7,4,2,2,2,2,5,5,5,5,2,5,5,5,2,2,2,2,2,5,5,5,5,2,11,2,2,12,13,2,2,2,2,2,5,2,4,4,2,2,2,2,2,2,2,14,3,3,3,15,2,2,2,2,16,17,18,2,2,2,19,2,2,2,2,2,2,2,2,2,2,20,21,2,2,2,2,6,6,6,6,6,6,6,6,7,7,7,7,7,7,7,7","0.000899076461791992","fast_greedy","edit-xhwikibooks.graphml"
"0.83","0.12","0.05","0.715104","1,1,1,1,1,3,1,4,3,3,1,1,4,4,4,3,8,1,1,1,2,5,4,4,4,4,4,3,1,9,10,1,1,1,6,6,7,4,2,2,2,2,5,5,5,5,2,5,5,5,2,2,2,2,2,5,5,5,5,2,11,2,2,12,13,2,2,2,2,2,5,2,4,4,2,2,2,2,2,2,2,14,3,3,3,15,2,2,2,2,16,17,18,2,2,2,19,2,2,2,2,2,2,2,2,2,2,20,21,2,2,2,2,6,6,6,6,6,6,6,6,7,7,7,7,7,7,7,7","0.00097203254699707","fast_greedy","edit-xhwikibooks.graphml"
"0.82","0.13","0.05","0.715104","1,1,1,1,1,3,1,4,3,3,1,1,4,4,4,3,8,1,1,1,2,5,4,4,4,4,4,3,1,9,10,1,1,1,6,6,7,4,2,2,2,2,5,5,5,5,2,5,5,5,2,2,2,2,2,5,5,5,5,2,11,2,2,12,13,2,2,2,2,2,5,2,4,4,2,2,2,2,2,2,2,14,3,3,3,15,2,2,2,2,16,17,18,2,2,2,19,2,2,2,2,2,2,2,2,2,2,20,21,2,2,2,2,6,6,6,6,6,6,6,6,7,7,7,7,7,7,7,7","0.000891923904418945","fast_greedy","edit-xhwikibooks.graphml"
"0.81","0.14","0.05","0.715104","1,1,1,1,1,3,1,4,3,3,1,1,4,4,4,3,8,1,1,1,2,5,4,4,4,4,4,3,1,9,10,1,1,1,6,6,7,4,2,2,2,2,5,5,5,5,2,5,5,5,2,2,2,2,2,5,5,5,5,2,11,2,2,12,13,2,2,2,2,2,5,2,4,4,2,2,2,2,2,2,2,14,3,3,3,15,2,2,2,2,16,17,18,2,2,2,19,2,2,2,2,2,2,2,2,2,2,20,21,2,2,2,2,6,6,6,6,6,6,6,6,7,7,7,7,7,7,7,7","0.000884056091308594","fast_greedy","edit-xhwikibooks.graphml"
"0.8","0.15","0.05","0.715104","1,1,1,1,1,3,1,4,3,3,1,1,4,4,4,3,8,1,1,1,2,5,4,4,4,4,4,3,1,9,10,1,1,1,6,6,7,4,2,2,2,2,5,5,5,5,2,5,5,5,2,2,2,2,2,5,5,5,5,2,11,2,2,12,13,2,2,2,2,2,5,2,4,4,2,2,2,2,2,2,2,14,3,3,3,15,2,2,2,2,16,17,18,2,2,2,19,2,2,2,2,2,2,2,2,2,2,20,21,2,2,2,2,6,6,6,6,6,6,6,6,7,7,7,7,7,7,7,7","0.000893115997314453","fast_greedy","edit-xhwikibooks.graphml"
"0.79","0.16","0.05","0.695844493141791","5,5,5,2,8,2,1,2,2,2,1,9,2,2,2,2,10,11,1,7,3,4,12,2,2,2,2,2,5,13,14,15,7,16,1,1,6,2,3,3,3,3,4,4,4,4,3,4,4,4,3,3,3,3,3,4,4,4,4,3,17,3,3,18,19,3,3,3,3,3,4,3,20,21,3,3,3,3,3,3,3,22,23,24,25,26,3,3,3,3,27,28,29,3,3,3,30,3,3,3,3,3,3,3,3,3,3,31,32,3,3,3,3,1,1,1,1,1,1,1,1,6,6,6,6,6,6,6,6","0.000890970230102539","fast_greedy","edit-xhwikibooks.graphml"
"0.78","0.17","0.05","0.697983099489796","5,5,5,2,8,2,1,2,2,2,1,9,2,2,2,2,10,11,1,7,3,4,12,2,2,2,2,2,5,13,14,15,7,16,1,1,6,2,3,3,3,3,4,4,4,4,3,4,4,4,3,3,3,3,3,4,4,4,4,3,17,3,3,18,19,3,3,3,3,3,4,3,20,21,3,3,3,3,3,3,3,22,23,24,25,26,3,3,3,3,27,28,29,3,3,3,30,3,3,3,3,3,3,3,3,3,3,31,32,3,3,3,3,1,1,1,1,1,1,1,1,6,6,6,6,6,6,6,6","0.000900030136108398","fast_greedy","edit-xhwikibooks.graphml"
"0.77","0.18","0.05","0.697983099489796","5,5,5,2,8,2,1,2,2,2,1,9,2,2,2,2,10,11,1,7,3,4,12,2,2,2,2,2,5,13,14,15,7,16,1,1,6,2,3,3,3,3,4,4,4,4,3,4,4,4,3,3,3,3,3,4,4,4,4,3,17,3,3,18,19,3,3,3,3,3,4,3,20,21,3,3,3,3,3,3,3,22,23,24,25,26,3,3,3,3,27,28,29,3,3,3,30,3,3,3,3,3,3,3,3,3,3,31,32,3,3,3,3,1,1,1,1,1,1,1,1,6,6,6,6,6,6,6,6","0.000916957855224609","fast_greedy","edit-xhwikibooks.graphml"
"0.76","0.19","0.05","0.697983099489796","5,5,5,2,8,2,1,2,2,2,1,9,2,2,2,2,10,11,1,7,3,4,12,2,2,2,2,2,5,13,14,15,7,16,1,1,6,2,3,3,3,3,4,4,4,4,3,4,4,4,3,3,3,3,3,4,4,4,4,3,17,3,3,18,19,3,3,3,3,3,4,3,20,21,3,3,3,3,3,3,3,22,23,24,25,26,3,3,3,3,27,28,29,3,3,3,30,3,3,3,3,3,3,3,3,3,3,31,32,3,3,3,3,1,1,1,1,1,1,1,1,6,6,6,6,6,6,6,6","0.000898838043212891","fast_greedy","edit-xhwikibooks.graphml"
"0.75","0.2","0.05","0.697983099489796","5,5,5,2,8,2,1,2,2,2,1,9,2,2,2,2,10,11,1,7,3,4,12,2,2,2,2,2,5,13,14,15,7,16,1,1,6,2,3,3,3,3,4,4,4,4,3,4,4,4,3,3,3,3,3,4,4,4,4,3,17,3,3,18,19,3,3,3,3,3,4,3,20,21,3,3,3,3,3,3,3,22,23,24,25,26,3,3,3,3,27,28,29,3,3,3,30,3,3,3,3,3,3,3,3,3,3,31,32,3,3,3,3,1,1,1,1,1,1,1,1,6,6,6,6,6,6,6,6","0.000910043716430664","fast_greedy","edit-xhwikibooks.graphml"
"0.74","0.21","0.05","0.688367982493056","4,4,4,1,7,1,8,1,1,1,9,10,1,1,1,1,11,12,6,13,2,3,14,1,1,1,1,1,4,15,16,17,18,19,6,6,5,1,2,2,2,2,3,3,3,3,2,3,3,3,2,2,2,2,2,3,3,3,3,2,20,2,2,21,22,2,2,2,2,2,3,2,23,24,2,2,2,2,2,2,2,25,26,27,28,29,2,2,2,2,30,31,32,2,2,2,33,2,2,2,2,2,2,2,2,2,2,34,35,2,2,2,2,6,6,6,6,6,6,6,6,5,5,5,5,5,5,5,5","0.000887155532836914","fast_greedy","edit-xhwikibooks.graphml"
"0.73","0.22","0.05","0.688367982493056","4,4,4,1,7,1,8,1,1,1,9,10,1,1,1,1,11,12,6,13,2,3,14,1,1,1,1,1,4,15,16,17,18,19,6,6,5,1,2,2,2,2,3,3,3,3,2,3,3,3,2,2,2,2,2,3,3,3,3,2,20,2,2,21,22,2,2,2,2,2,3,2,23,24,2,2,2,2,2,2,2,25,26,27,28,29,2,2,2,2,30,31,32,2,2,2,33,2,2,2,2,2,2,2,2,2,2,34,35,2,2,2,2,6,6,6,6,6,6,6,6,5,5,5,5,5,5,5,5","0.000843048095703125","fast_greedy","edit-xhwikibooks.graphml"
"0.72","0.23","0.05","0.688367982493056","4,4,4,1,7,1,8,1,1,1,9,10,1,1,1,1,11,12,6,13,2,3,14,1,1,1,1,1,4,15,16,17,18,19,6,6,5,1,2,2,2,2,3,3,3,3,2,3,3,3,2,2,2,2,2,3,3,3,3,2,20,2,2,21,22,2,2,2,2,2,3,2,23,24,2,2,2,2,2,2,2,25,26,27,28,29,2,2,2,2,30,31,32,2,2,2,33,2,2,2,2,2,2,2,2,2,2,34,35,2,2,2,2,6,6,6,6,6,6,6,6,5,5,5,5,5,5,5,5","0.000886917114257812","fast_greedy","edit-xhwikibooks.graphml"
"0.71","0.24","0.05","0.688367982493056","4,4,4,1,7,1,8,1,1,1,9,10,1,1,1,1,11,12,6,13,2,3,14,1,1,1,1,1,4,15,16,17,18,19,6,6,5,1,2,2,2,2,3,3,3,3,2,3,3,3,2,2,2,2,2,3,3,3,3,2,20,2,2,21,22,2,2,2,2,2,3,2,23,24,2,2,2,2,2,2,2,25,26,27,28,29,2,2,2,2,30,31,32,2,2,2,33,2,2,2,2,2,2,2,2,2,2,34,35,2,2,2,2,6,6,6,6,6,6,6,6,5,5,5,5,5,5,5,5","0.000899076461791992","fast_greedy","edit-xhwikibooks.graphml"
"0.7","0.25","0.05","0.688367982493056","4,4,4,1,7,1,8,1,1,1,9,10,1,1,1,1,11,12,6,13,2,3,14,1,1,1,1,1,4,15,16,17,18,19,6,6,5,1,2,2,2,2,3,3,3,3,2,3,3,3,2,2,2,2,2,3,3,3,3,2,20,2,2,21,22,2,2,2,2,2,3,2,23,24,2,2,2,2,2,2,2,25,26,27,28,29,2,2,2,2,30,31,32,2,2,2,33,2,2,2,2,2,2,2,2,2,2,34,35,2,2,2,2,6,6,6,6,6,6,6,6,5,5,5,5,5,5,5,5","0.000927209854125977","fast_greedy","edit-xhwikibooks.graphml"
"0.69","0.26","0.05","0.675888396644359","2,2,2,7,8,2,9,2,5,10,11,12,2,5,5,2,13,14,6,15,1,3,16,5,5,5,5,17,18,19,20,21,22,23,6,6,4,5,1,1,1,1,3,3,3,3,1,3,3,3,1,1,1,1,1,3,3,3,3,1,24,1,1,25,26,1,1,1,1,1,3,1,27,28,1,1,1,1,1,1,1,29,30,31,32,33,1,1,1,1,34,35,36,1,1,1,37,1,1,1,1,1,1,1,1,1,1,38,39,1,1,1,1,6,6,6,6,6,6,6,6,4,4,4,4,4,4,4,4","0.00110793113708496","fast_greedy","edit-xhwikibooks.graphml"
"0.68","0.27","0.05","0.675888396644359","2,2,2,7,8,2,9,2,5,10,11,12,2,5,5,2,13,14,6,15,1,3,16,5,5,5,5,17,18,19,20,21,22,23,6,6,4,5,1,1,1,1,3,3,3,3,1,3,3,3,1,1,1,1,1,3,3,3,3,1,24,1,1,25,26,1,1,1,1,1,3,1,27,28,1,1,1,1,1,1,1,29,30,31,32,33,1,1,1,1,34,35,36,1,1,1,37,1,1,1,1,1,1,1,1,1,1,38,39,1,1,1,1,6,6,6,6,6,6,6,6,4,4,4,4,4,4,4,4","0.000875949859619141","fast_greedy","edit-xhwikibooks.graphml"
"0.67","0.28","0.05","0.675888396644359","2,2,2,7,8,2,9,2,5,10,11,12,2,5,5,2,13,14,6,15,1,3,16,5,5,5,5,17,18,19,20,21,22,23,6,6,4,5,1,1,1,1,3,3,3,3,1,3,3,3,1,1,1,1,1,3,3,3,3,1,24,1,1,25,26,1,1,1,1,1,3,1,27,28,1,1,1,1,1,1,1,29,30,31,32,33,1,1,1,1,34,35,36,1,1,1,37,1,1,1,1,1,1,1,1,1,1,38,39,1,1,1,1,6,6,6,6,6,6,6,6,4,4,4,4,4,4,4,4","0.000865936279296875","fast_greedy","edit-xhwikibooks.graphml"
"0.66","0.29","0.05","0.675888396644359","2,2,2,7,8,2,9,2,5,10,11,12,2,5,5,2,13,14,6,15,1,3,16,5,5,5,5,17,18,19,20,21,22,23,6,6,4,5,1,1,1,1,3,3,3,3,1,3,3,3,1,1,1,1,1,3,3,3,3,1,24,1,1,25,26,1,1,1,1,1,3,1,27,28,1,1,1,1,1,1,1,29,30,31,32,33,1,1,1,1,34,35,36,1,1,1,37,1,1,1,1,1,1,1,1,1,1,38,39,1,1,1,1,6,6,6,6,6,6,6,6,4,4,4,4,4,4,4,4","0.000874996185302734","fast_greedy","edit-xhwikibooks.graphml"
"0.65","0.3","0.05","0.675888396644359","2,2,2,7,8,2,9,2,5,10,11,12,2,5,5,2,13,14,6,15,1,3,16,5,5,5,5,17,18,19,20,21,22,23,6,6,4,5,1,1,1,1,3,3,3,3,1,3,3,3,1,1,1,1,1,3,3,3,3,1,24,1,1,25,26,1,1,1,1,1,3,1,27,28,1,1,1,1,1,1,1,29,30,31,32,33,1,1,1,1,34,35,36,1,1,1,37,1,1,1,1,1,1,1,1,1,1,38,39,1,1,1,1,6,6,6,6,6,6,6,6,4,4,4,4,4,4,4,4","0.000829935073852539","fast_greedy","edit-xhwikibooks.graphml"
"0.64","0.31","0.05","0.66225","2,2,2,7,8,2,9,2,6,10,11,12,13,6,6,14,15,16,4,17,1,3,18,6,6,6,6,19,20,21,22,23,24,25,4,4,5,26,1,1,1,1,3,3,3,3,1,3,3,3,1,1,1,1,1,3,3,3,3,1,27,1,1,28,29,1,1,1,1,1,3,1,30,31,1,1,1,1,1,1,1,32,33,34,35,36,1,1,1,1,37,38,39,1,1,1,40,1,1,1,1,1,1,1,1,1,1,41,42,1,1,1,1,4,4,4,4,4,4,4,4,5,5,5,5,5,5,5,5","0.000886917114257812","fast_greedy","edit-xhwikibooks.graphml"
"0.63","0.32","0.05","0.66225","2,2,2,7,8,2,9,2,6,10,11,12,13,6,6,14,15,16,4,17,1,3,18,6,6,6,6,19,20,21,22,23,24,25,4,4,5,26,1,1,1,1,3,3,3,3,1,3,3,3,1,1,1,1,1,3,3,3,3,1,27,1,1,28,29,1,1,1,1,1,3,1,30,31,1,1,1,1,1,1,1,32,33,34,35,36,1,1,1,1,37,38,39,1,1,1,40,1,1,1,1,1,1,1,1,1,1,41,42,1,1,1,1,4,4,4,4,4,4,4,4,5,5,5,5,5,5,5,5","0.000885963439941406","fast_greedy","edit-xhwikibooks.graphml"
"0.62","0.33","0.05","0.66225","2,2,2,7,8,2,9,2,6,10,11,12,13,6,6,14,15,16,4,17,1,3,18,6,6,6,6,19,20,21,22,23,24,25,4,4,5,26,1,1,1,1,3,3,3,3,1,3,3,3,1,1,1,1,1,3,3,3,3,1,27,1,1,28,29,1,1,1,1,1,3,1,30,31,1,1,1,1,1,1,1,32,33,34,35,36,1,1,1,1,37,38,39,1,1,1,40,1,1,1,1,1,1,1,1,1,1,41,42,1,1,1,1,4,4,4,4,4,4,4,4,5,5,5,5,5,5,5,5","0.000997066497802734","fast_greedy","edit-xhwikibooks.graphml"
"0.61","0.34","0.05","0.666454269189295","2,2,2,7,8,2,9,2,6,10,11,12,13,6,6,14,15,16,4,17,1,3,18,6,6,6,6,19,20,21,22,23,24,25,4,4,5,26,1,1,1,1,3,3,3,3,1,3,3,3,1,1,1,1,1,3,3,3,3,1,27,1,1,28,29,1,1,1,1,1,3,1,30,31,1,1,1,1,1,1,1,32,33,34,35,36,1,1,1,1,37,38,39,1,1,1,40,1,1,1,1,1,1,1,1,1,1,41,42,1,1,1,1,4,4,4,4,4,4,4,4,5,5,5,5,5,5,5,5","0.000872135162353516","fast_greedy","edit-xhwikibooks.graphml"
"0.6","0.35","0.05","0.666454269189295","2,2,2,7,8,2,9,2,6,10,11,12,13,6,6,14,15,16,4,17,1,3,18,6,6,6,6,19,20,21,22,23,24,25,4,4,5,26,1,1,1,1,3,3,3,3,1,3,3,3,1,1,1,1,1,3,3,3,3,1,27,1,1,28,29,1,1,1,1,1,3,1,30,31,1,1,1,1,1,1,1,32,33,34,35,36,1,1,1,1,37,38,39,1,1,1,40,1,1,1,1,1,1,1,1,1,1,41,42,1,1,1,1,4,4,4,4,4,4,4,4,5,5,5,5,5,5,5,5","0.000833034515380859","fast_greedy","edit-xhwikibooks.graphml"
"0.59","0.36","0.05","0.658518439791689","1,1,1,6,7,8,9,5,10,11,12,13,14,5,5,15,16,17,3,18,2,1,19,20,5,5,5,21,22,23,24,25,26,27,3,3,4,28,2,2,2,2,1,1,1,1,2,1,1,1,2,2,2,2,2,1,1,1,1,2,29,2,2,30,31,2,2,2,2,2,1,2,32,33,2,2,2,2,2,2,2,34,35,36,37,38,2,2,2,2,39,40,41,2,2,2,42,2,2,2,2,2,2,2,2,2,2,43,44,2,2,2,2,3,3,3,3,3,3,3,3,4,4,4,4,4,4,4,4","0.000855922698974609","fast_greedy","edit-xhwikibooks.graphml"
"0.58","0.37","0.05","0.658518439791689","1,1,1,6,7,8,9,5,10,11,12,13,14,5,5,15,16,17,3,18,2,1,19,20,5,5,5,21,22,23,24,25,26,27,3,3,4,28,2,2,2,2,1,1,1,1,2,1,1,1,2,2,2,2,2,1,1,1,1,2,29,2,2,30,31,2,2,2,2,2,1,2,32,33,2,2,2,2,2,2,2,34,35,36,37,38,2,2,2,2,39,40,41,2,2,2,42,2,2,2,2,2,2,2,2,2,2,43,44,2,2,2,2,3,3,3,3,3,3,3,3,4,4,4,4,4,4,4,4","0.000876188278198242","fast_greedy","edit-xhwikibooks.graphml"
"0.57","0.38","0.05","0.658518439791689","1,1,1,6,7,8,9,5,10,11,12,13,14,5,5,15,16,17,3,18,2,1,19,20,5,5,5,21,22,23,24,25,26,27,3,3,4,28,2,2,2,2,1,1,1,1,2,1,1,1,2,2,2,2,2,1,1,1,1,2,29,2,2,30,31,2,2,2,2,2,1,2,32,33,2,2,2,2,2,2,2,34,35,36,37,38,2,2,2,2,39,40,41,2,2,2,42,2,2,2,2,2,2,2,2,2,2,43,44,2,2,2,2,3,3,3,3,3,3,3,3,4,4,4,4,4,4,4,4","0.000890970230102539","fast_greedy","edit-xhwikibooks.graphml"
"0.56","0.39","0.05","0.658518439791689","1,1,1,6,7,8,9,5,10,11,12,13,14,5,5,15,16,17,3,18,2,1,19,20,5,5,5,21,22,23,24,25,26,27,3,3,4,28,2,2,2,2,1,1,1,1,2,1,1,1,2,2,2,2,2,1,1,1,1,2,29,2,2,30,31,2,2,2,2,2,1,2,32,33,2,2,2,2,2,2,2,34,35,36,37,38,2,2,2,2,39,40,41,2,2,2,42,2,2,2,2,2,2,2,2,2,2,43,44,2,2,2,2,3,3,3,3,3,3,3,3,4,4,4,4,4,4,4,4","0.000879049301147461","fast_greedy","edit-xhwikibooks.graphml"
"0.55","0.4","0.05","0.658518439791689","1,1,1,6,7,8,9,5,10,11,12,13,14,5,5,15,16,17,3,18,2,1,19,20,5,5,5,21,22,23,24,25,26,27,3,3,4,28,2,2,2,2,1,1,1,1,2,1,1,1,2,2,2,2,2,1,1,1,1,2,29,2,2,30,31,2,2,2,2,2,1,2,32,33,2,2,2,2,2,2,2,34,35,36,37,38,2,2,2,2,39,40,41,2,2,2,42,2,2,2,2,2,2,2,2,2,2,43,44,2,2,2,2,3,3,3,3,3,3,3,3,4,4,4,4,4,4,4,4","0.00107097625732422","fast_greedy","edit-xhwikibooks.graphml"
"0.54","0.41","0.05","0.586592970521542","1,1,1,5,6,7,8,9,10,11,12,13,14,4,4,15,16,17,3,18,2,1,19,20,4,4,4,21,22,23,24,25,26,27,3,3,4,28,2,2,2,2,1,1,1,1,2,1,1,1,2,2,2,2,2,1,1,1,1,2,29,2,2,30,31,2,2,2,2,2,1,2,32,33,2,2,2,2,2,2,2,34,35,36,37,38,2,2,2,2,39,40,41,2,2,2,42,2,2,2,2,2,2,2,2,2,2,43,44,2,2,2,2,3,45,46,3,3,3,3,3,47,48,49,50,51,52,53,54","0.000837802886962891","fast_greedy","edit-xhwikibooks.graphml"
"0.53","0.42","0.05","0.586592970521542","1,1,1,5,6,7,8,9,10,11,12,13,14,4,4,15,16,17,3,18,2,1,19,20,4,4,4,21,22,23,24,25,26,27,3,3,4,28,2,2,2,2,1,1,1,1,2,1,1,1,2,2,2,2,2,1,1,1,1,2,29,2,2,30,31,2,2,2,2,2,1,2,32,33,2,2,2,2,2,2,2,34,35,36,37,38,2,2,2,2,39,40,41,2,2,2,42,2,2,2,2,2,2,2,2,2,2,43,44,2,2,2,2,3,45,46,3,3,3,3,3,47,48,49,50,51,52,53,54","0.000806093215942383","fast_greedy","edit-xhwikibooks.graphml"
"0.52","0.43","0.05","0.586592970521542","1,1,1,5,6,7,8,9,10,11,12,13,14,4,4,15,16,17,3,18,2,1,19,20,4,4,4,21,22,23,24,25,26,27,3,3,4,28,2,2,2,2,1,1,1,1,2,1,1,1,2,2,2,2,2,1,1,1,1,2,29,2,2,30,31,2,2,2,2,2,1,2,32,33,2,2,2,2,2,2,2,34,35,36,37,38,2,2,2,2,39,40,41,2,2,2,42,2,2,2,2,2,2,2,2,2,2,43,44,2,2,2,2,3,45,46,3,3,3,3,3,47,48,49,50,51,52,53,54","0.000845909118652344","fast_greedy","edit-xhwikibooks.graphml"
"0.51","0.44","0.05","0.586592970521542","1,1,1,5,6,7,8,9,10,11,12,13,14,4,4,15,16,17,3,18,2,1,19,20,4,4,4,21,22,23,24,25,26,27,3,3,4,28,2,2,2,2,1,1,1,1,2,1,1,1,2,2,2,2,2,1,1,1,1,2,29,2,2,30,31,2,2,2,2,2,1,2,32,33,2,2,2,2,2,2,2,34,35,36,37,38,2,2,2,2,39,40,41,2,2,2,42,2,2,2,2,2,2,2,2,2,2,43,44,2,2,2,2,3,45,46,3,3,3,3,3,47,48,49,50,51,52,53,54","0.000857114791870117","fast_greedy","edit-xhwikibooks.graphml"
"0.5","0.45","0.05","0.586592970521542","1,1,1,5,6,7,8,9,10,11,12,13,14,4,4,15,16,17,3,18,2,1,19,20,4,4,4,21,22,23,24,25,26,27,3,3,4,28,2,2,2,2,1,1,1,1,2,1,1,1,2,2,2,2,2,1,1,1,1,2,29,2,2,30,31,2,2,2,2,2,1,2,32,33,2,2,2,2,2,2,2,34,35,36,37,38,2,2,2,2,39,40,41,2,2,2,42,2,2,2,2,2,2,2,2,2,2,43,44,2,2,2,2,3,45,46,3,3,3,3,3,47,48,49,50,51,52,53,54","0.000852108001708984","fast_greedy","edit-xhwikibooks.graphml"
"0.49","0.46","0.05","0.578603570910147","1,1,1,5,6,7,8,9,10,11,12,13,14,4,4,15,16,17,3,18,2,1,19,20,4,4,4,21,22,23,24,25,26,27,3,3,4,28,2,2,2,2,1,1,1,1,2,1,1,1,2,2,2,2,2,1,1,1,1,2,29,2,2,30,31,2,2,2,2,2,1,2,32,33,2,2,2,2,2,2,2,34,35,36,37,38,2,2,2,2,39,40,41,2,2,2,42,2,2,2,2,2,2,2,2,2,2,43,44,2,2,2,2,3,45,46,3,3,3,3,3,47,48,49,50,51,52,53,54","0.000874996185302734","fast_greedy","edit-xhwikibooks.graphml"
"0.48","0.47","0.05","0.578603570910147","1,1,1,5,6,7,8,9,10,11,12,13,14,4,4,15,16,17,3,18,2,1,19,20,4,4,4,21,22,23,24,25,26,27,3,3,4,28,2,2,2,2,1,1,1,1,2,1,1,1,2,2,2,2,2,1,1,1,1,2,29,2,2,30,31,2,2,2,2,2,1,2,32,33,2,2,2,2,2,2,2,34,35,36,37,38,2,2,2,2,39,40,41,2,2,2,42,2,2,2,2,2,2,2,2,2,2,43,44,2,2,2,2,3,45,46,3,3,3,3,3,47,48,49,50,51,52,53,54","0.000861883163452148","fast_greedy","edit-xhwikibooks.graphml"
"0.47","0.48","0.05","0.578603570910147","1,1,1,5,6,7,8,9,10,11,12,13,14,4,4,15,16,17,3,18,2,1,19,20,4,4,4,21,22,23,24,25,26,27,3,3,4,28,2,2,2,2,1,1,1,1,2,1,1,1,2,2,2,2,2,1,1,1,1,2,29,2,2,30,31,2,2,2,2,2,1,2,32,33,2,2,2,2,2,2,2,34,35,36,37,38,2,2,2,2,39,40,41,2,2,2,42,2,2,2,2,2,2,2,2,2,2,43,44,2,2,2,2,3,45,46,3,3,3,3,3,47,48,49,50,51,52,53,54","0.00083613395690918","fast_greedy","edit-xhwikibooks.graphml"
"0.46","0.49","0.05","0.578603570910147","1,1,1,5,6,7,8,9,10,11,12,13,14,4,4,15,16,17,3,18,2,1,19,20,4,4,4,21,22,23,24,25,26,27,3,3,4,28,2,2,2,2,1,1,1,1,2,1,1,1,2,2,2,2,2,1,1,1,1,2,29,2,2,30,31,2,2,2,2,2,1,2,32,33,2,2,2,2,2,2,2,34,35,36,37,38,2,2,2,2,39,40,41,2,2,2,42,2,2,2,2,2,2,2,2,2,2,43,44,2,2,2,2,3,45,46,3,3,3,3,3,47,48,49,50,51,52,53,54","0.000824928283691406","fast_greedy","edit-xhwikibooks.graphml"
"0.45","0.5","0.05","0.654632858893392","1,1,1,6,7,8,9,5,10,11,12,13,4,4,4,14,15,16,3,17,2,1,18,5,4,4,4,19,20,21,22,23,24,25,3,3,4,26,2,2,2,2,1,1,1,1,2,1,1,1,2,2,2,2,2,1,1,1,1,2,27,2,2,28,29,2,2,2,2,2,1,2,30,31,2,2,2,2,2,2,2,32,33,34,35,36,2,2,2,2,37,38,39,2,2,2,40,2,2,2,2,2,2,2,2,2,2,41,42,2,2,2,2,3,43,44,3,3,3,3,3,45,46,47,48,49,50,51,52","0.000845909118652344","fast_greedy","edit-xhwikibooks.graphml"
"0.44","0.51","0.05","0.6434","1,1,1,6,7,8,9,5,10,11,12,13,3,3,3,14,15,16,17,18,2,1,19,5,3,3,3,20,21,22,23,24,25,26,4,4,3,27,2,2,2,2,1,1,1,1,2,1,1,1,2,2,2,2,2,1,1,1,1,2,28,2,2,29,30,2,2,2,2,2,1,2,31,32,2,2,2,2,2,2,2,33,34,35,36,37,2,2,2,2,38,39,40,2,2,2,41,2,2,2,2,2,2,2,2,2,2,42,43,2,2,2,2,4,44,45,4,4,4,4,4,46,47,48,49,50,51,52,53","0.000854015350341797","fast_greedy","edit-xhwikibooks.graphml"
"0.43","0.52","0.05","0.6434","1,1,1,6,7,8,9,5,10,11,12,13,3,3,3,14,15,16,17,18,2,1,19,5,3,3,3,20,21,22,23,24,25,26,4,4,3,27,2,2,2,2,1,1,1,1,2,1,1,1,2,2,2,2,2,1,1,1,1,2,28,2,2,29,30,2,2,2,2,2,1,2,31,32,2,2,2,2,2,2,2,33,34,35,36,37,2,2,2,2,38,39,40,2,2,2,41,2,2,2,2,2,2,2,2,2,2,42,43,2,2,2,2,4,44,45,4,4,4,4,4,46,47,48,49,50,51,52,53","0.00084996223449707","fast_greedy","edit-xhwikibooks.graphml"
"0.42","0.53","0.05","0.6434","1,1,1,6,7,8,9,5,10,11,12,13,3,3,3,14,15,16,17,18,2,1,19,5,3,3,3,20,21,22,23,24,25,26,4,4,3,27,2,2,2,2,1,1,1,1,2,1,1,1,2,2,2,2,2,1,1,1,1,2,28,2,2,29,30,2,2,2,2,2,1,2,31,32,2,2,2,2,2,2,2,33,34,35,36,37,2,2,2,2,38,39,40,2,2,2,41,2,2,2,2,2,2,2,2,2,2,42,43,2,2,2,2,4,44,45,4,4,4,4,4,46,47,48,49,50,51,52,53","0.000889062881469727","fast_greedy","edit-xhwikibooks.graphml"
"0.41","0.54","0.05","0.6434","1,1,1,6,7,8,9,5,10,11,12,13,3,3,3,14,15,16,17,18,2,1,19,5,3,3,3,20,21,22,23,24,25,26,4,4,3,27,2,2,2,2,1,1,1,1,2,1,1,1,2,2,2,2,2,1,1,1,1,2,28,2,2,29,30,2,2,2,2,2,1,2,31,32,2,2,2,2,2,2,2,33,34,35,36,37,2,2,2,2,38,39,40,2,2,2,41,2,2,2,2,2,2,2,2,2,2,42,43,2,2,2,2,4,44,45,4,4,4,4,4,46,47,48,49,50,51,52,53","0.00109100341796875","fast_greedy","edit-xhwikibooks.graphml"
"0.4","0.55","0.05","0.6434","1,1,1,6,7,8,9,5,10,11,12,13,3,3,3,14,15,16,17,18,2,1,19,5,3,3,3,20,21,22,23,24,25,26,4,4,3,27,2,2,2,2,1,1,1,1,2,1,1,1,2,2,2,2,2,1,1,1,1,2,28,2,2,29,30,2,2,2,2,2,1,2,31,32,2,2,2,2,2,2,2,33,34,35,36,37,2,2,2,2,38,39,40,2,2,2,41,2,2,2,2,2,2,2,2,2,2,42,43,2,2,2,2,4,44,45,4,4,4,4,4,46,47,48,49,50,51,52,53","0.000858068466186523","fast_greedy","edit-xhwikibooks.graphml"
"0.39","0.56","0.05","0.639934700540761","1,1,1,7,8,9,10,6,11,12,13,14,4,4,4,15,16,17,18,19,2,1,20,6,5,5,5,21,22,23,24,25,26,27,3,3,4,28,2,2,2,2,1,1,1,1,2,1,1,1,2,2,2,2,2,1,1,1,1,2,29,2,2,30,31,2,2,2,2,2,1,2,32,33,2,2,2,2,2,2,2,34,35,36,37,38,2,2,2,2,39,40,41,2,2,2,42,2,2,2,2,2,2,2,2,2,2,43,44,2,2,2,2,3,45,46,3,3,3,3,3,47,48,49,50,51,52,53,54","0.000850915908813477","fast_greedy","edit-xhwikibooks.graphml"
"0.38","0.57","0.05","0.639934700540761","1,1,1,7,8,9,10,6,11,12,13,14,4,4,4,15,16,17,18,19,2,1,20,6,5,5,5,21,22,23,24,25,26,27,3,3,4,28,2,2,2,2,1,1,1,1,2,1,1,1,2,2,2,2,2,1,1,1,1,2,29,2,2,30,31,2,2,2,2,2,1,2,32,33,2,2,2,2,2,2,2,34,35,36,37,38,2,2,2,2,39,40,41,2,2,2,42,2,2,2,2,2,2,2,2,2,2,43,44,2,2,2,2,3,45,46,3,3,3,3,3,47,48,49,50,51,52,53,54","0.000847101211547852","fast_greedy","edit-xhwikibooks.graphml"
"0.37","0.58","0.05","0.639934700540761","1,1,1,7,8,9,10,6,11,12,13,14,4,4,4,15,16,17,18,19,2,1,20,6,5,5,5,21,22,23,24,25,26,27,3,3,4,28,2,2,2,2,1,1,1,1,2,1,1,1,2,2,2,2,2,1,1,1,1,2,29,2,2,30,31,2,2,2,2,2,1,2,32,33,2,2,2,2,2,2,2,34,35,36,37,38,2,2,2,2,39,40,41,2,2,2,42,2,2,2,2,2,2,2,2,2,2,43,44,2,2,2,2,3,45,46,3,3,3,3,3,47,48,49,50,51,52,53,54","0.000854969024658203","fast_greedy","edit-xhwikibooks.graphml"
"0.36","0.59","0.05","0.639934700540761","1,1,1,7,8,9,10,6,11,12,13,14,4,4,4,15,16,17,18,19,2,1,20,6,5,5,5,21,22,23,24,25,26,27,3,3,4,28,2,2,2,2,1,1,1,1,2,1,1,1,2,2,2,2,2,1,1,1,1,2,29,2,2,30,31,2,2,2,2,2,1,2,32,33,2,2,2,2,2,2,2,34,35,36,37,38,2,2,2,2,39,40,41,2,2,2,42,2,2,2,2,2,2,2,2,2,2,43,44,2,2,2,2,3,45,46,3,3,3,3,3,47,48,49,50,51,52,53,54","0.000856161117553711","fast_greedy","edit-xhwikibooks.graphml"
"0.35","0.6","0.05","0.639934700540761","1,1,1,7,8,9,10,6,11,12,13,14,4,4,4,15,16,17,18,19,2,1,20,6,5,5,5,21,22,23,24,25,26,27,3,3,4,28,2,2,2,2,1,1,1,1,2,1,1,1,2,2,2,2,2,1,1,1,1,2,29,2,2,30,31,2,2,2,2,2,1,2,32,33,2,2,2,2,2,2,2,34,35,36,37,38,2,2,2,2,39,40,41,2,2,2,42,2,2,2,2,2,2,2,2,2,2,43,44,2,2,2,2,3,45,46,3,3,3,3,3,47,48,49,50,51,52,53,54","0.000916004180908203","fast_greedy","edit-xhwikibooks.graphml"
"0.34","0.61","0.05","0.554453125","3,3,3,7,8,9,10,6,11,12,13,14,4,4,4,15,16,17,18,19,1,3,20,6,5,5,5,21,22,23,24,25,26,27,2,2,4,28,1,1,1,1,29,30,31,32,1,33,34,35,1,1,1,1,1,36,37,38,39,1,40,1,1,41,42,1,1,1,1,1,43,1,44,45,1,1,1,1,1,1,1,46,47,48,49,50,1,1,1,1,51,52,53,1,1,1,54,1,1,1,1,1,1,1,1,1,1,55,56,1,1,1,1,2,57,58,2,2,2,2,2,59,60,61,62,63,64,65,66","0.000830888748168945","fast_greedy","edit-xhwikibooks.graphml"
"0.33","0.62","0.05","0.554453125","3,3,3,7,8,9,10,6,11,12,13,14,4,4,4,15,16,17,18,19,1,3,20,6,5,5,5,21,22,23,24,25,26,27,2,2,4,28,1,1,1,1,29,30,31,32,1,33,34,35,1,1,1,1,1,36,37,38,39,1,40,1,1,41,42,1,1,1,1,1,43,1,44,45,1,1,1,1,1,1,1,46,47,48,49,50,1,1,1,1,51,52,53,1,1,1,54,1,1,1,1,1,1,1,1,1,1,55,56,1,1,1,1,2,57,58,2,2,2,2,2,59,60,61,62,63,64,65,66","0.000838041305541992","fast_greedy","edit-xhwikibooks.graphml"
"0.32","0.63","0.05","0.554453125","3,3,3,7,8,9,10,6,11,12,13,14,4,4,4,15,16,17,18,19,1,3,20,6,5,5,5,21,22,23,24,25,26,27,2,2,4,28,1,1,1,1,29,30,31,32,1,33,34,35,1,1,1,1,1,36,37,38,39,1,40,1,1,41,42,1,1,1,1,1,43,1,44,45,1,1,1,1,1,1,1,46,47,48,49,50,1,1,1,1,51,52,53,1,1,1,54,1,1,1,1,1,1,1,1,1,1,55,56,1,1,1,1,2,57,58,2,2,2,2,2,59,60,61,62,63,64,65,66","0.000869035720825195","fast_greedy","edit-xhwikibooks.graphml"
"0.31","0.64","0.05","0.554453125","3,3,3,7,8,9,10,6,11,12,13,14,4,4,4,15,16,17,18,19,1,3,20,6,5,5,5,21,22,23,24,25,26,27,2,2,4,28,1,1,1,1,29,30,31,32,1,33,34,35,1,1,1,1,1,36,37,38,39,1,40,1,1,41,42,1,1,1,1,1,43,1,44,45,1,1,1,1,1,1,1,46,47,48,49,50,1,1,1,1,51,52,53,1,1,1,54,1,1,1,1,1,1,1,1,1,1,55,56,1,1,1,1,2,57,58,2,2,2,2,2,59,60,61,62,63,64,65,66","0.000839948654174805","fast_greedy","edit-xhwikibooks.graphml"
"0.3","0.65","0.05","0.554453125","3,3,3,7,8,9,10,6,11,12,13,14,4,4,4,15,16,17,18,19,1,3,20,6,5,5,5,21,22,23,24,25,26,27,2,2,4,28,1,1,1,1,29,30,31,32,1,33,34,35,1,1,1,1,1,36,37,38,39,1,40,1,1,41,42,1,1,1,1,1,43,1,44,45,1,1,1,1,1,1,1,46,47,48,49,50,1,1,1,1,51,52,53,1,1,1,54,1,1,1,1,1,1,1,1,1,1,55,56,1,1,1,1,2,57,58,2,2,2,2,2,59,60,61,62,63,64,65,66","0.000856161117553711","fast_greedy","edit-xhwikibooks.graphml"
"0.29","0.66","0.05","0.554453125","3,3,3,7,8,9,10,6,11,12,13,14,4,4,4,15,16,17,18,19,1,3,20,6,5,5,5,21,22,23,24,25,26,27,2,2,4,28,1,1,1,1,29,30,31,32,1,33,34,35,1,1,1,1,1,36,37,38,39,1,40,1,1,41,42,1,1,1,1,1,43,1,44,45,1,1,1,1,1,1,1,46,47,48,49,50,1,1,1,1,51,52,53,1,1,1,54,1,1,1,1,1,1,1,1,1,1,55,56,1,1,1,1,2,57,58,2,2,2,2,2,59,60,61,62,63,64,65,66","0.000859975814819336","fast_greedy","edit-xhwikibooks.graphml"
"0.28","0.67","0.05","0.554453125","3,3,3,7,8,9,10,6,11,12,13,14,4,4,4,15,16,17,18,19,1,3,20,6,5,5,5,21,22,23,24,25,26,27,2,2,4,28,1,1,1,1,29,30,31,32,1,33,34,35,1,1,1,1,1,36,37,38,39,1,40,1,1,41,42,1,1,1,1,1,43,1,44,45,1,1,1,1,1,1,1,46,47,48,49,50,1,1,1,1,51,52,53,1,1,1,54,1,1,1,1,1,1,1,1,1,1,55,56,1,1,1,1,2,57,58,2,2,2,2,2,59,60,61,62,63,64,65,66","0.000911951065063477","fast_greedy","edit-xhwikibooks.graphml"
"0.27","0.68","0.05","0.554453125","3,3,3,7,8,9,10,6,11,12,13,14,4,4,4,15,16,17,18,19,1,3,20,6,5,5,5,21,22,23,24,25,26,27,2,2,4,28,1,1,1,1,29,30,31,32,1,33,34,35,1,1,1,1,1,36,37,38,39,1,40,1,1,41,42,1,1,1,1,1,43,1,44,45,1,1,1,1,1,1,1,46,47,48,49,50,1,1,1,1,51,52,53,1,1,1,54,1,1,1,1,1,1,1,1,1,1,55,56,1,1,1,1,2,57,58,2,2,2,2,2,59,60,61,62,63,64,65,66","0.00101995468139648","fast_greedy","edit-xhwikibooks.graphml"
"0.26","0.69","0.05","0.554453125","3,3,3,7,8,9,10,6,11,12,13,14,4,4,4,15,16,17,18,19,1,3,20,6,5,5,5,21,22,23,24,25,26,27,2,2,4,28,1,1,1,1,29,30,31,32,1,33,34,35,1,1,1,1,1,36,37,38,39,1,40,1,1,41,42,1,1,1,1,1,43,1,44,45,1,1,1,1,1,1,1,46,47,48,49,50,1,1,1,1,51,52,53,1,1,1,54,1,1,1,1,1,1,1,1,1,1,55,56,1,1,1,1,2,57,58,2,2,2,2,2,59,60,61,62,63,64,65,66","0.000818014144897461","fast_greedy","edit-xhwikibooks.graphml"
"0.25","0.7","0.05","0.554453125","3,3,3,7,8,9,10,6,11,12,13,14,4,4,4,15,16,17,18,19,1,3,20,6,5,5,5,21,22,23,24,25,26,27,2,2,4,28,1,1,1,1,29,30,31,32,1,33,34,35,1,1,1,1,1,36,37,38,39,1,40,1,1,41,42,1,1,1,1,1,43,1,44,45,1,1,1,1,1,1,1,46,47,48,49,50,1,1,1,1,51,52,53,1,1,1,54,1,1,1,1,1,1,1,1,1,1,55,56,1,1,1,1,2,57,58,2,2,2,2,2,59,60,61,62,63,64,65,66","0.000856161117553711","fast_greedy","edit-xhwikibooks.graphml"
"0.24","0.71","0.05","0.515575154813286","3,3,3,8,9,10,11,7,12,13,14,15,5,5,5,16,17,18,19,20,1,3,21,7,4,4,4,22,23,24,25,26,27,28,6,6,29,30,1,1,1,1,31,32,33,34,1,35,36,37,1,1,1,1,1,38,39,40,41,1,42,1,1,43,44,1,1,1,1,1,45,1,46,47,1,1,1,1,1,1,1,48,49,50,51,52,1,1,1,1,53,54,55,1,1,1,56,1,1,1,1,1,1,1,1,1,1,57,58,1,1,1,1,2,59,60,2,2,2,2,2,61,62,63,64,65,66,67,68","0.000832080841064453","fast_greedy","edit-xhwikibooks.graphml"
"0.23","0.72","0.05","0.515575154813286","3,3,3,8,9,10,11,7,12,13,14,15,5,5,5,16,17,18,19,20,1,3,21,7,4,4,4,22,23,24,25,26,27,28,6,6,29,30,1,1,1,1,31,32,33,34,1,35,36,37,1,1,1,1,1,38,39,40,41,1,42,1,1,43,44,1,1,1,1,1,45,1,46,47,1,1,1,1,1,1,1,48,49,50,51,52,1,1,1,1,53,54,55,1,1,1,56,1,1,1,1,1,1,1,1,1,1,57,58,1,1,1,1,2,59,60,2,2,2,2,2,61,62,63,64,65,66,67,68","0.000864028930664062","fast_greedy","edit-xhwikibooks.graphml"
"0.22","0.73","0.05","0.515575154813286","3,3,3,8,9,10,11,7,12,13,14,15,5,5,5,16,17,18,19,20,1,3,21,7,4,4,4,22,23,24,25,26,27,28,6,6,29,30,1,1,1,1,31,32,33,34,1,35,36,37,1,1,1,1,1,38,39,40,41,1,42,1,1,43,44,1,1,1,1,1,45,1,46,47,1,1,1,1,1,1,1,48,49,50,51,52,1,1,1,1,53,54,55,1,1,1,56,1,1,1,1,1,1,1,1,1,1,57,58,1,1,1,1,2,59,60,2,2,2,2,2,61,62,63,64,65,66,67,68","0.000912904739379883","fast_greedy","edit-xhwikibooks.graphml"
"0.21","0.74","0.05","0.515575154813286","3,3,3,8,9,10,11,7,12,13,14,15,5,5,5,16,17,18,19,20,1,3,21,7,4,4,4,22,23,24,25,26,27,28,6,6,29,30,1,1,1,1,31,32,33,34,1,35,36,37,1,1,1,1,1,38,39,40,41,1,42,1,1,43,44,1,1,1,1,1,45,1,46,47,1,1,1,1,1,1,1,48,49,50,51,52,1,1,1,1,53,54,55,1,1,1,56,1,1,1,1,1,1,1,1,1,1,57,58,1,1,1,1,2,59,60,2,2,2,2,2,61,62,63,64,65,66,67,68","0.000847816467285156","fast_greedy","edit-xhwikibooks.graphml"
"0.2","0.75","0.05","0.515575154813286","3,3,3,8,9,10,11,7,12,13,14,15,5,5,5,16,17,18,19,20,1,3,21,7,4,4,4,22,23,24,25,26,27,28,6,6,29,30,1,1,1,1,31,32,33,34,1,35,36,37,1,1,1,1,1,38,39,40,41,1,42,1,1,43,44,1,1,1,1,1,45,1,46,47,1,1,1,1,1,1,1,48,49,50,51,52,1,1,1,1,53,54,55,1,1,1,56,1,1,1,1,1,1,1,1,1,1,57,58,1,1,1,1,2,59,60,2,2,2,2,2,61,62,63,64,65,66,67,68","0.000840187072753906","fast_greedy","edit-xhwikibooks.graphml"
"0.19","0.76","0.05","0.515575154813286","3,3,3,8,9,10,11,7,12,13,14,15,5,5,5,16,17,18,19,20,1,3,21,7,4,4,4,22,23,24,25,26,27,28,6,6,29,30,1,1,1,1,31,32,33,34,1,35,36,37,1,1,1,1,1,38,39,40,41,1,42,1,1,43,44,1,1,1,1,1,45,1,46,47,1,1,1,1,1,1,1,48,49,50,51,52,1,1,1,1,53,54,55,1,1,1,56,1,1,1,1,1,1,1,1,1,1,57,58,1,1,1,1,2,59,60,2,2,2,2,2,61,62,63,64,65,66,67,68","0.000834941864013672","fast_greedy","edit-xhwikibooks.graphml"
"0.18","0.77","0.05","0.515575154813286","3,3,3,8,9,10,11,7,12,13,14,15,5,5,5,16,17,18,19,20,1,3,21,7,4,4,4,22,23,24,25,26,27,28,6,6,29,30,1,1,1,1,31,32,33,34,1,35,36,37,1,1,1,1,1,38,39,40,41,1,42,1,1,43,44,1,1,1,1,1,45,1,46,47,1,1,1,1,1,1,1,48,49,50,51,52,1,1,1,1,53,54,55,1,1,1,56,1,1,1,1,1,1,1,1,1,1,57,58,1,1,1,1,2,59,60,2,2,2,2,2,61,62,63,64,65,66,67,68","0.000838041305541992","fast_greedy","edit-xhwikibooks.graphml"
"0.17","0.78","0.05","0.515575154813286","3,3,3,8,9,10,11,7,12,13,14,15,5,5,5,16,17,18,19,20,1,3,21,7,4,4,4,22,23,24,25,26,27,28,6,6,29,30,1,1,1,1,31,32,33,34,1,35,36,37,1,1,1,1,1,38,39,40,41,1,42,1,1,43,44,1,1,1,1,1,45,1,46,47,1,1,1,1,1,1,1,48,49,50,51,52,1,1,1,1,53,54,55,1,1,1,56,1,1,1,1,1,1,1,1,1,1,57,58,1,1,1,1,2,59,60,2,2,2,2,2,61,62,63,64,65,66,67,68","0.000854015350341797","fast_greedy","edit-xhwikibooks.graphml"
"0.16","0.79","0.05","0.515575154813286","3,3,3,8,9,10,11,7,12,13,14,15,5,5,5,16,17,18,19,20,1,3,21,7,4,4,4,22,23,24,25,26,27,28,6,6,29,30,1,1,1,1,31,32,33,34,1,35,36,37,1,1,1,1,1,38,39,40,41,1,42,1,1,43,44,1,1,1,1,1,45,1,46,47,1,1,1,1,1,1,1,48,49,50,51,52,1,1,1,1,53,54,55,1,1,1,56,1,1,1,1,1,1,1,1,1,1,57,58,1,1,1,1,2,59,60,2,2,2,2,2,61,62,63,64,65,66,67,68","0.000846147537231445","fast_greedy","edit-xhwikibooks.graphml"
"0.15","0.8","0.05","0.515575154813286","3,3,3,8,9,10,11,7,12,13,14,15,5,5,5,16,17,18,19,20,1,3,21,7,4,4,4,22,23,24,25,26,27,28,6,6,29,30,1,1,1,1,31,32,33,34,1,35,36,37,1,1,1,1,1,38,39,40,41,1,42,1,1,43,44,1,1,1,1,1,45,1,46,47,1,1,1,1,1,1,1,48,49,50,51,52,1,1,1,1,53,54,55,1,1,1,56,1,1,1,1,1,1,1,1,1,1,57,58,1,1,1,1,2,59,60,2,2,2,2,2,61,62,63,64,65,66,67,68","0.00087285041809082","fast_greedy","edit-xhwikibooks.graphml"
"0.14","0.81","0.05","0.503375771604938","3,3,3,8,9,10,11,7,12,13,14,15,5,5,5,16,17,18,19,20,1,21,22,7,4,4,4,23,24,25,26,27,28,29,6,6,30,31,1,1,1,1,32,33,34,35,1,36,37,38,1,1,1,1,1,39,40,41,42,1,43,1,1,44,45,1,1,1,1,1,46,1,47,48,1,1,1,1,1,1,1,49,50,51,52,53,1,1,1,1,54,55,56,1,1,1,57,1,1,1,1,1,1,1,1,1,1,58,59,1,1,1,1,2,60,61,2,2,2,2,2,62,63,64,65,66,67,68,69","0.000890970230102539","fast_greedy","edit-xhwikibooks.graphml"
"0.13","0.82","0.05","0.503375771604938","3,3,3,8,9,10,11,7,12,13,14,15,5,5,5,16,17,18,19,20,1,21,22,7,4,4,4,23,24,25,26,27,28,29,6,6,30,31,1,1,1,1,32,33,34,35,1,36,37,38,1,1,1,1,1,39,40,41,42,1,43,1,1,44,45,1,1,1,1,1,46,1,47,48,1,1,1,1,1,1,1,49,50,51,52,53,1,1,1,1,54,55,56,1,1,1,57,1,1,1,1,1,1,1,1,1,1,58,59,1,1,1,1,2,60,61,2,2,2,2,2,62,63,64,65,66,67,68,69","0.00102400779724121","fast_greedy","edit-xhwikibooks.graphml"
"0.12","0.83","0.05","0.503375771604938","3,3,3,8,9,10,11,7,12,13,14,15,5,5,5,16,17,18,19,20,1,21,22,7,4,4,4,23,24,25,26,27,28,29,6,6,30,31,1,1,1,1,32,33,34,35,1,36,37,38,1,1,1,1,1,39,40,41,42,1,43,1,1,44,45,1,1,1,1,1,46,1,47,48,1,1,1,1,1,1,1,49,50,51,52,53,1,1,1,1,54,55,56,1,1,1,57,1,1,1,1,1,1,1,1,1,1,58,59,1,1,1,1,2,60,61,2,2,2,2,2,62,63,64,65,66,67,68,69","0.000854969024658203","fast_greedy","edit-xhwikibooks.graphml"
"0.11","0.84","0.05","0.503375771604938","3,3,3,8,9,10,11,7,12,13,14,15,5,5,5,16,17,18,19,20,1,21,22,7,4,4,4,23,24,25,26,27,28,29,6,6,30,31,1,1,1,1,32,33,34,35,1,36,37,38,1,1,1,1,1,39,40,41,42,1,43,1,1,44,45,1,1,1,1,1,46,1,47,48,1,1,1,1,1,1,1,49,50,51,52,53,1,1,1,1,54,55,56,1,1,1,57,1,1,1,1,1,1,1,1,1,1,58,59,1,1,1,1,2,60,61,2,2,2,2,2,62,63,64,65,66,67,68,69","0.000846147537231445","fast_greedy","edit-xhwikibooks.graphml"
"0.1","0.85","0.05","0.503375771604938","3,3,3,8,9,10,11,7,12,13,14,15,5,5,5,16,17,18,19,20,1,21,22,7,4,4,4,23,24,25,26,27,28,29,6,6,30,31,1,1,1,1,32,33,34,35,1,36,37,38,1,1,1,1,1,39,40,41,42,1,43,1,1,44,45,1,1,1,1,1,46,1,47,48,1,1,1,1,1,1,1,49,50,51,52,53,1,1,1,1,54,55,56,1,1,1,57,1,1,1,1,1,1,1,1,1,1,58,59,1,1,1,1,2,60,61,2,2,2,2,2,62,63,64,65,66,67,68,69","0.000833034515380859","fast_greedy","edit-xhwikibooks.graphml"
"0.09","0.86","0.05","0.503375771604938","3,3,3,8,9,10,11,7,12,13,14,15,5,5,5,16,17,18,19,20,1,21,22,7,4,4,4,23,24,25,26,27,28,29,6,6,30,31,1,1,1,1,32,33,34,35,1,36,37,38,1,1,1,1,1,39,40,41,42,1,43,1,1,44,45,1,1,1,1,1,46,1,47,48,1,1,1,1,1,1,1,49,50,51,52,53,1,1,1,1,54,55,56,1,1,1,57,1,1,1,1,1,1,1,1,1,1,58,59,1,1,1,1,2,60,61,2,2,2,2,2,62,63,64,65,66,67,68,69","0.00083613395690918","fast_greedy","edit-xhwikibooks.graphml"
"0.08","0.87","0.05","0.503375771604938","3,3,3,8,9,10,11,7,12,13,14,15,5,5,5,16,17,18,19,20,1,21,22,7,4,4,4,23,24,25,26,27,28,29,6,6,30,31,1,1,1,1,32,33,34,35,1,36,37,38,1,1,1,1,1,39,40,41,42,1,43,1,1,44,45,1,1,1,1,1,46,1,47,48,1,1,1,1,1,1,1,49,50,51,52,53,1,1,1,1,54,55,56,1,1,1,57,1,1,1,1,1,1,1,1,1,1,58,59,1,1,1,1,2,60,61,2,2,2,2,2,62,63,64,65,66,67,68,69","0.00082707405090332","fast_greedy","edit-xhwikibooks.graphml"
"0.07","0.88","0.05","0.503375771604938","3,3,3,8,9,10,11,7,12,13,14,15,5,5,5,16,17,18,19,20,1,21,22,7,4,4,4,23,24,25,26,27,28,29,6,6,30,31,1,1,1,1,32,33,34,35,1,36,37,38,1,1,1,1,1,39,40,41,42,1,43,1,1,44,45,1,1,1,1,1,46,1,47,48,1,1,1,1,1,1,1,49,50,51,52,53,1,1,1,1,54,55,56,1,1,1,57,1,1,1,1,1,1,1,1,1,1,58,59,1,1,1,1,2,60,61,2,2,2,2,2,62,63,64,65,66,67,68,69","0.000807046890258789","fast_greedy","edit-xhwikibooks.graphml"
"0.06","0.89","0.05","0.503375771604938","3,3,3,8,9,10,11,7,12,13,14,15,5,5,5,16,17,18,19,20,1,21,22,7,4,4,4,23,24,25,26,27,28,29,6,6,30,31,1,1,1,1,32,33,34,35,1,36,37,38,1,1,1,1,1,39,40,41,42,1,43,1,1,44,45,1,1,1,1,1,46,1,47,48,1,1,1,1,1,1,1,49,50,51,52,53,1,1,1,1,54,55,56,1,1,1,57,1,1,1,1,1,1,1,1,1,1,58,59,1,1,1,1,2,60,61,2,2,2,2,2,62,63,64,65,66,67,68,69","0.000828027725219727","fast_greedy","edit-xhwikibooks.graphml"
"0.05","0.9","0.05","0.503375771604938","3,3,3,8,9,10,11,7,12,13,14,15,5,5,5,16,17,18,19,20,1,21,22,7,4,4,4,23,24,25,26,27,28,29,6,6,30,31,1,1,1,1,32,33,34,35,1,36,37,38,1,1,1,1,1,39,40,41,42,1,43,1,1,44,45,1,1,1,1,1,46,1,47,48,1,1,1,1,1,1,1,49,50,51,52,53,1,1,1,1,54,55,56,1,1,1,57,1,1,1,1,1,1,1,1,1,1,58,59,1,1,1,1,2,60,61,2,2,2,2,2,62,63,64,65,66,67,68,69","0.000850915908813477","fast_greedy","edit-xhwikibooks.graphml"
"0.04","0.91","0.05","0.503375771604938","3,3,3,8,9,10,11,7,12,13,14,15,5,5,5,16,17,18,19,20,1,21,22,7,4,4,4,23,24,25,26,27,28,29,6,6,30,31,1,1,1,1,32,33,34,35,1,36,37,38,1,1,1,1,1,39,40,41,42,1,43,1,1,44,45,1,1,1,1,1,46,1,47,48,1,1,1,1,1,1,1,49,50,51,52,53,1,1,1,1,54,55,56,1,1,1,57,1,1,1,1,1,1,1,1,1,1,58,59,1,1,1,1,2,60,61,2,2,2,2,2,62,63,64,65,66,67,68,69","0.000833034515380859","fast_greedy","edit-xhwikibooks.graphml"
"0.03","0.92","0.05","0.503375771604938","3,3,3,8,9,10,11,7,12,13,14,15,5,5,5,16,17,18,19,20,1,21,22,7,4,4,4,23,24,25,26,27,28,29,6,6,30,31,1,1,1,1,32,33,34,35,1,36,37,38,1,1,1,1,1,39,40,41,42,1,43,1,1,44,45,1,1,1,1,1,46,1,47,48,1,1,1,1,1,1,1,49,50,51,52,53,1,1,1,1,54,55,56,1,1,1,57,1,1,1,1,1,1,1,1,1,1,58,59,1,1,1,1,2,60,61,2,2,2,2,2,62,63,64,65,66,67,68,69","0.000833988189697266","fast_greedy","edit-xhwikibooks.graphml"
"0.02","0.93","0.05","0.503375771604938","3,3,3,8,9,10,11,7,12,13,14,15,5,5,5,16,17,18,19,20,1,21,22,7,4,4,4,23,24,25,26,27,28,29,6,6,30,31,1,1,1,1,32,33,34,35,1,36,37,38,1,1,1,1,1,39,40,41,42,1,43,1,1,44,45,1,1,1,1,1,46,1,47,48,1,1,1,1,1,1,1,49,50,51,52,53,1,1,1,1,54,55,56,1,1,1,57,1,1,1,1,1,1,1,1,1,1,58,59,1,1,1,1,2,60,61,2,2,2,2,2,62,63,64,65,66,67,68,69","0.000854969024658203","fast_greedy","edit-xhwikibooks.graphml"
"0.01","0.94","0.05","0.503375771604938","3,3,3,8,9,10,11,7,12,13,14,15,5,5,5,16,17,18,19,20,1,21,22,7,4,4,4,23,24,25,26,27,28,29,6,6,30,31,1,1,1,1,32,33,34,35,1,36,37,38,1,1,1,1,1,39,40,41,42,1,43,1,1,44,45,1,1,1,1,1,46,1,47,48,1,1,1,1,1,1,1,49,50,51,52,53,1,1,1,1,54,55,56,1,1,1,57,1,1,1,1,1,1,1,1,1,1,58,59,1,1,1,1,2,60,61,2,2,2,2,2,62,63,64,65,66,67,68,69","0.000860929489135742","fast_greedy","edit-xhwikibooks.graphml"
"0","0.95","0.05","0.551193718955295","2,2,2,2,2,7,8,2,9,10,11,12,5,5,5,13,14,15,16,17,1,2,18,2,4,4,4,19,2,20,21,22,23,24,6,6,25,26,1,1,1,1,27,28,29,30,1,31,32,33,1,1,1,1,1,34,35,36,37,1,38,1,1,39,40,1,1,1,1,1,41,1,42,43,1,1,1,1,1,1,1,44,45,46,47,48,1,1,1,1,49,50,51,1,1,1,52,1,1,1,1,1,1,1,1,1,1,53,54,1,1,1,1,3,55,56,3,3,3,3,3,57,58,59,60,61,62,63,64","0.00086212158203125","fast_greedy","edit-xhwikibooks.graphml"
"0.94","0","0.06","0.738928571428572","1,1,1,1,1,2,1,5,2,2,4,1,5,5,5,2,2,4,4,1,3,6,5,5,5,5,5,2,1,2,4,4,1,1,7,7,8,5,3,3,3,3,6,6,6,6,3,6,6,6,3,3,3,3,3,6,6,6,6,3,5,3,3,5,5,3,3,3,3,3,6,3,5,5,3,3,3,3,3,3,3,5,2,2,2,1,3,3,3,3,2,4,4,3,3,3,2,3,3,3,3,3,3,3,3,3,3,1,1,1,3,3,3,7,7,7,7,7,7,7,7,8,8,8,8,8,8,8,8","0.00112104415893555","fast_greedy","edit-xhwikibooks.graphml"
"0.93","0.01","0.06","0.738928571428572","1,1,1,1,1,2,1,5,2,2,4,1,5,5,5,2,2,4,4,1,3,6,5,5,5,5,5,2,1,2,4,4,1,1,7,7,8,5,3,3,3,3,6,6,6,6,3,6,6,6,3,3,3,3,3,6,6,6,6,3,5,3,3,5,5,3,3,3,3,3,6,3,5,5,3,3,3,3,3,3,3,5,2,2,2,1,3,3,3,3,2,4,4,3,3,3,2,3,3,3,3,3,3,3,3,3,3,1,1,1,3,3,3,7,7,7,7,7,7,7,7,8,8,8,8,8,8,8,8","0.000879049301147461","fast_greedy","edit-xhwikibooks.graphml"
"0.92","0.02","0.06","0.738928571428572","1,1,1,1,1,2,1,5,2,2,4,1,5,5,5,2,2,4,4,1,3,6,5,5,5,5,5,2,1,2,4,4,1,1,7,7,8,5,3,3,3,3,6,6,6,6,3,6,6,6,3,3,3,3,3,6,6,6,6,3,5,3,3,5,5,3,3,3,3,3,6,3,5,5,3,3,3,3,3,3,3,5,2,2,2,1,3,3,3,3,2,4,4,3,3,3,2,3,3,3,3,3,3,3,3,3,3,1,1,1,3,3,3,7,7,7,7,7,7,7,7,8,8,8,8,8,8,8,8","0.000910043716430664","fast_greedy","edit-xhwikibooks.graphml"
"0.91","0.03","0.06","0.738928571428572","1,1,1,1,1,2,1,5,2,2,4,1,5,5,5,2,2,4,4,1,3,6,5,5,5,5,5,2,1,2,4,4,1,1,7,7,8,5,3,3,3,3,6,6,6,6,3,6,6,6,3,3,3,3,3,6,6,6,6,3,5,3,3,5,5,3,3,3,3,3,6,3,5,5,3,3,3,3,3,3,3,5,2,2,2,1,3,3,3,3,2,4,4,3,3,3,2,3,3,3,3,3,3,3,3,3,3,1,1,1,3,3,3,7,7,7,7,7,7,7,7,8,8,8,8,8,8,8,8","0.000904083251953125","fast_greedy","edit-xhwikibooks.graphml"
"0.9","0.04","0.06","0.738928571428572","1,1,1,1,1,2,1,5,2,2,4,1,5,5,5,2,2,4,4,1,3,6,5,5,5,5,5,2,1,2,4,4,1,1,7,7,8,5,3,3,3,3,6,6,6,6,3,6,6,6,3,3,3,3,3,6,6,6,6,3,5,3,3,5,5,3,3,3,3,3,6,3,5,5,3,3,3,3,3,3,3,5,2,2,2,1,3,3,3,3,2,4,4,3,3,3,2,3,3,3,3,3,3,3,3,3,3,1,1,1,3,3,3,7,7,7,7,7,7,7,7,8,8,8,8,8,8,8,8","0.000980854034423828","fast_greedy","edit-xhwikibooks.graphml"
"0.89","0.05","0.06","0.738928571428572","1,1,1,1,1,2,1,5,2,2,4,1,5,5,5,2,2,4,4,1,3,6,5,5,5,5,5,2,1,2,4,4,1,1,7,7,8,5,3,3,3,3,6,6,6,6,3,6,6,6,3,3,3,3,3,6,6,6,6,3,5,3,3,5,5,3,3,3,3,3,6,3,5,5,3,3,3,3,3,3,3,5,2,2,2,1,3,3,3,3,2,4,4,3,3,3,2,3,3,3,3,3,3,3,3,3,3,1,1,1,3,3,3,7,7,7,7,7,7,7,7,8,8,8,8,8,8,8,8","0.000913858413696289","fast_greedy","edit-xhwikibooks.graphml"
"0.88","0.06","0.06","0.738928571428572","1,1,1,1,1,2,1,5,2,2,4,1,5,5,5,2,2,4,4,1,3,6,5,5,5,5,5,2,1,2,4,4,1,1,7,7,8,5,3,3,3,3,6,6,6,6,3,6,6,6,3,3,3,3,3,6,6,6,6,3,5,3,3,5,5,3,3,3,3,3,6,3,5,5,3,3,3,3,3,3,3,5,2,2,2,1,3,3,3,3,2,4,4,3,3,3,2,3,3,3,3,3,3,3,3,3,3,1,1,1,3,3,3,7,7,7,7,7,7,7,7,8,8,8,8,8,8,8,8","0.000926971435546875","fast_greedy","edit-xhwikibooks.graphml"
"0.87","0.07","0.06","0.729053497942387","2,2,2,2,2,1,2,1,1,1,2,4,1,1,1,5,1,2,2,4,3,6,1,1,1,1,1,5,2,1,2,2,4,4,7,7,8,1,3,3,3,3,6,6,6,6,3,6,6,6,3,3,3,3,3,6,6,6,6,3,9,3,3,1,1,3,3,3,3,3,6,3,1,1,3,3,3,3,3,3,3,1,5,5,5,10,3,3,3,3,11,12,13,3,3,3,5,3,3,3,3,3,3,3,3,3,3,4,4,4,3,3,3,7,7,7,7,7,7,7,7,8,8,8,8,8,8,8,8","0.000973224639892578","fast_greedy","edit-xhwikibooks.graphml"
"0.86","0.08","0.06","0.729053497942387","2,2,2,2,2,1,2,1,1,1,2,4,1,1,1,5,1,2,2,4,3,6,1,1,1,1,1,5,2,1,2,2,4,4,7,7,8,1,3,3,3,3,6,6,6,6,3,6,6,6,3,3,3,3,3,6,6,6,6,3,9,3,3,1,1,3,3,3,3,3,6,3,1,1,3,3,3,3,3,3,3,1,5,5,5,10,3,3,3,3,11,12,13,3,3,3,5,3,3,3,3,3,3,3,3,3,3,4,4,4,3,3,3,7,7,7,7,7,7,7,7,8,8,8,8,8,8,8,8","0.000950098037719727","fast_greedy","edit-xhwikibooks.graphml"
"0.85","0.09","0.06","0.729053497942387","2,2,2,2,2,1,2,1,1,1,2,4,1,1,1,5,1,2,2,4,3,6,1,1,1,1,1,5,2,1,2,2,4,4,7,7,8,1,3,3,3,3,6,6,6,6,3,6,6,6,3,3,3,3,3,6,6,6,6,3,9,3,3,1,1,3,3,3,3,3,6,3,1,1,3,3,3,3,3,3,3,1,5,5,5,10,3,3,3,3,11,12,13,3,3,3,5,3,3,3,3,3,3,3,3,3,3,4,4,4,3,3,3,7,7,7,7,7,7,7,7,8,8,8,8,8,8,8,8","0.000952005386352539","fast_greedy","edit-xhwikibooks.graphml"
"0.84","0.1","0.06","0.729053497942387","2,2,2,2,2,1,2,1,1,1,2,4,1,1,1,5,1,2,2,4,3,6,1,1,1,1,1,5,2,1,2,2,4,4,7,7,8,1,3,3,3,3,6,6,6,6,3,6,6,6,3,3,3,3,3,6,6,6,6,3,9,3,3,1,1,3,3,3,3,3,6,3,1,1,3,3,3,3,3,3,3,1,5,5,5,10,3,3,3,3,11,12,13,3,3,3,5,3,3,3,3,3,3,3,3,3,3,4,4,4,3,3,3,7,7,7,7,7,7,7,7,8,8,8,8,8,8,8,8","0.000971078872680664","fast_greedy","edit-xhwikibooks.graphml"
"0.83","0.11","0.06","0.729053497942387","2,2,2,2,2,1,2,1,1,1,2,4,1,1,1,5,1,2,2,4,3,6,1,1,1,1,1,5,2,1,2,2,4,4,7,7,8,1,3,3,3,3,6,6,6,6,3,6,6,6,3,3,3,3,3,6,6,6,6,3,9,3,3,1,1,3,3,3,3,3,6,3,1,1,3,3,3,3,3,3,3,1,5,5,5,10,3,3,3,3,11,12,13,3,3,3,5,3,3,3,3,3,3,3,3,3,3,4,4,4,3,3,3,7,7,7,7,7,7,7,7,8,8,8,8,8,8,8,8","0.000955104827880859","fast_greedy","edit-xhwikibooks.graphml"
"0.82","0.12","0.06","0.729053497942387","2,2,2,2,2,1,2,1,1,1,2,4,1,1,1,5,1,2,2,4,3,6,1,1,1,1,1,5,2,1,2,2,4,4,7,7,8,1,3,3,3,3,6,6,6,6,3,6,6,6,3,3,3,3,3,6,6,6,6,3,9,3,3,1,1,3,3,3,3,3,6,3,1,1,3,3,3,3,3,3,3,1,5,5,5,10,3,3,3,3,11,12,13,3,3,3,5,3,3,3,3,3,3,3,3,3,3,4,4,4,3,3,3,7,7,7,7,7,7,7,7,8,8,8,8,8,8,8,8","0.000940084457397461","fast_greedy","edit-xhwikibooks.graphml"
"0.81","0.13","0.06","0.715104","1,1,1,1,1,3,1,4,3,3,1,1,4,4,4,3,8,1,1,1,2,5,4,4,4,4,4,3,1,9,10,1,1,1,6,6,7,4,2,2,2,2,5,5,5,5,2,5,5,5,2,2,2,2,2,5,5,5,5,2,11,2,2,12,13,2,2,2,2,2,5,2,4,4,2,2,2,2,2,2,2,14,3,3,3,15,2,2,2,2,16,17,18,2,2,2,19,2,2,2,2,2,2,2,2,2,2,20,21,2,2,2,2,6,6,6,6,6,6,6,6,7,7,7,7,7,7,7,7","0.00111699104309082","fast_greedy","edit-xhwikibooks.graphml"
"0.8","0.14","0.06","0.715104","1,1,1,1,1,3,1,4,3,3,1,1,4,4,4,3,8,1,1,1,2,5,4,4,4,4,4,3,1,9,10,1,1,1,6,6,7,4,2,2,2,2,5,5,5,5,2,5,5,5,2,2,2,2,2,5,5,5,5,2,11,2,2,12,13,2,2,2,2,2,5,2,4,4,2,2,2,2,2,2,2,14,3,3,3,15,2,2,2,2,16,17,18,2,2,2,19,2,2,2,2,2,2,2,2,2,2,20,21,2,2,2,2,6,6,6,6,6,6,6,6,7,7,7,7,7,7,7,7","0.000900030136108398","fast_greedy","edit-xhwikibooks.graphml"
"0.79","0.15","0.06","0.715104","1,1,1,1,1,3,1,4,3,3,1,1,4,4,4,3,8,1,1,1,2,5,4,4,4,4,4,3,1,9,10,1,1,1,6,6,7,4,2,2,2,2,5,5,5,5,2,5,5,5,2,2,2,2,2,5,5,5,5,2,11,2,2,12,13,2,2,2,2,2,5,2,4,4,2,2,2,2,2,2,2,14,3,3,3,15,2,2,2,2,16,17,18,2,2,2,19,2,2,2,2,2,2,2,2,2,2,20,21,2,2,2,2,6,6,6,6,6,6,6,6,7,7,7,7,7,7,7,7","0.000905036926269531","fast_greedy","edit-xhwikibooks.graphml"
"0.78","0.16","0.06","0.715104","1,1,1,1,1,3,1,4,3,3,1,1,4,4,4,3,8,1,1,1,2,5,4,4,4,4,4,3,1,9,10,1,1,1,6,6,7,4,2,2,2,2,5,5,5,5,2,5,5,5,2,2,2,2,2,5,5,5,5,2,11,2,2,12,13,2,2,2,2,2,5,2,4,4,2,2,2,2,2,2,2,14,3,3,3,15,2,2,2,2,16,17,18,2,2,2,19,2,2,2,2,2,2,2,2,2,2,20,21,2,2,2,2,6,6,6,6,6,6,6,6,7,7,7,7,7,7,7,7","0.000988960266113281","fast_greedy","edit-xhwikibooks.graphml"
"0.77","0.17","0.06","0.717088687326783","1,1,1,1,1,3,1,4,3,3,1,1,4,4,4,3,8,1,1,1,2,5,4,4,4,4,4,3,1,9,10,1,1,1,6,6,7,4,2,2,2,2,5,5,5,5,2,5,5,5,2,2,2,2,2,5,5,5,5,2,11,2,2,12,13,2,2,2,2,2,5,2,4,4,2,2,2,2,2,2,2,14,3,3,3,15,2,2,2,2,16,17,18,2,2,2,19,2,2,2,2,2,2,2,2,2,2,20,21,2,2,2,2,6,6,6,6,6,6,6,6,7,7,7,7,7,7,7,7","0.000905990600585938","fast_greedy","edit-xhwikibooks.graphml"
"0.76","0.18","0.06","0.717088687326783","1,1,1,1,1,3,1,4,3,3,1,1,4,4,4,3,8,1,1,1,2,5,4,4,4,4,4,3,1,9,10,1,1,1,6,6,7,4,2,2,2,2,5,5,5,5,2,5,5,5,2,2,2,2,2,5,5,5,5,2,11,2,2,12,13,2,2,2,2,2,5,2,4,4,2,2,2,2,2,2,2,14,3,3,3,15,2,2,2,2,16,17,18,2,2,2,19,2,2,2,2,2,2,2,2,2,2,20,21,2,2,2,2,6,6,6,6,6,6,6,6,7,7,7,7,7,7,7,7","0.000916004180908203","fast_greedy","edit-xhwikibooks.graphml"
"0.75","0.19","0.06","0.697983099489796","5,5,5,2,8,2,1,2,2,2,1,9,2,2,2,2,10,11,1,7,3,4,12,2,2,2,2,2,5,13,14,15,7,16,1,1,6,2,3,3,3,3,4,4,4,4,3,4,4,4,3,3,3,3,3,4,4,4,4,3,17,3,3,18,19,3,3,3,3,3,4,3,20,21,3,3,3,3,3,3,3,22,23,24,25,26,3,3,3,3,27,28,29,3,3,3,30,3,3,3,3,3,3,3,3,3,3,31,32,3,3,3,3,1,1,1,1,1,1,1,1,6,6,6,6,6,6,6,6","0.000905990600585938","fast_greedy","edit-xhwikibooks.graphml"
"0.74","0.2","0.06","0.697983099489796","5,5,5,2,8,2,1,2,2,2,1,9,2,2,2,2,10,11,1,7,3,4,12,2,2,2,2,2,5,13,14,15,7,16,1,1,6,2,3,3,3,3,4,4,4,4,3,4,4,4,3,3,3,3,3,4,4,4,4,3,17,3,3,18,19,3,3,3,3,3,4,3,20,21,3,3,3,3,3,3,3,22,23,24,25,26,3,3,3,3,27,28,29,3,3,3,30,3,3,3,3,3,3,3,3,3,3,31,32,3,3,3,3,1,1,1,1,1,1,1,1,6,6,6,6,6,6,6,6","0.000921010971069336","fast_greedy","edit-xhwikibooks.graphml"
"0.73","0.21","0.06","0.697983099489796","5,5,5,2,8,2,1,2,2,2,1,9,2,2,2,2,10,11,1,7,3,4,12,2,2,2,2,2,5,13,14,15,7,16,1,1,6,2,3,3,3,3,4,4,4,4,3,4,4,4,3,3,3,3,3,4,4,4,4,3,17,3,3,18,19,3,3,3,3,3,4,3,20,21,3,3,3,3,3,3,3,22,23,24,25,26,3,3,3,3,27,28,29,3,3,3,30,3,3,3,3,3,3,3,3,3,3,31,32,3,3,3,3,1,1,1,1,1,1,1,1,6,6,6,6,6,6,6,6","0.000913143157958984","fast_greedy","edit-xhwikibooks.graphml"
"0.72","0.22","0.06","0.697983099489796","5,5,5,2,8,2,1,2,2,2,1,9,2,2,2,2,10,11,1,7,3,4,12,2,2,2,2,2,5,13,14,15,7,16,1,1,6,2,3,3,3,3,4,4,4,4,3,4,4,4,3,3,3,3,3,4,4,4,4,3,17,3,3,18,19,3,3,3,3,3,4,3,20,21,3,3,3,3,3,3,3,22,23,24,25,26,3,3,3,3,27,28,29,3,3,3,30,3,3,3,3,3,3,3,3,3,3,31,32,3,3,3,3,1,1,1,1,1,1,1,1,6,6,6,6,6,6,6,6","0.000924825668334961","fast_greedy","edit-xhwikibooks.graphml"
"0.71","0.23","0.06","0.697983099489796","5,5,5,2,8,2,1,2,2,2,1,9,2,2,2,2,10,11,1,7,3,4,12,2,2,2,2,2,5,13,14,15,7,16,1,1,6,2,3,3,3,3,4,4,4,4,3,4,4,4,3,3,3,3,3,4,4,4,4,3,17,3,3,18,19,3,3,3,3,3,4,3,20,21,3,3,3,3,3,3,3,22,23,24,25,26,3,3,3,3,27,28,29,3,3,3,30,3,3,3,3,3,3,3,3,3,3,31,32,3,3,3,3,1,1,1,1,1,1,1,1,6,6,6,6,6,6,6,6","0.000952005386352539","fast_greedy","edit-xhwikibooks.graphml"
"0.7","0.24","0.06","0.697983099489796","5,5,5,2,8,2,1,2,2,2,1,9,2,2,2,2,10,11,1,7,3,4,12,2,2,2,2,2,5,13,14,15,7,16,1,1,6,2,3,3,3,3,4,4,4,4,3,4,4,4,3,3,3,3,3,4,4,4,4,3,17,3,3,18,19,3,3,3,3,3,4,3,20,21,3,3,3,3,3,3,3,22,23,24,25,26,3,3,3,3,27,28,29,3,3,3,30,3,3,3,3,3,3,3,3,3,3,31,32,3,3,3,3,1,1,1,1,1,1,1,1,6,6,6,6,6,6,6,6","0.000964879989624023","fast_greedy","edit-xhwikibooks.graphml"
"0.69","0.25","0.06","0.688367982493056","4,4,4,1,7,1,8,1,1,1,9,10,1,1,1,1,11,12,6,13,2,3,14,1,1,1,1,1,4,15,16,17,18,19,6,6,5,1,2,2,2,2,3,3,3,3,2,3,3,3,2,2,2,2,2,3,3,3,3,2,20,2,2,21,22,2,2,2,2,2,3,2,23,24,2,2,2,2,2,2,2,25,26,27,28,29,2,2,2,2,30,31,32,2,2,2,33,2,2,2,2,2,2,2,2,2,2,34,35,2,2,2,2,6,6,6,6,6,6,6,6,5,5,5,5,5,5,5,5","0.000959157943725586","fast_greedy","edit-xhwikibooks.graphml"
"0.68","0.26","0.06","0.688367982493056","4,4,4,1,7,1,8,1,1,1,9,10,1,1,1,1,11,12,6,13,2,3,14,1,1,1,1,1,4,15,16,17,18,19,6,6,5,1,2,2,2,2,3,3,3,3,2,3,3,3,2,2,2,2,2,3,3,3,3,2,20,2,2,21,22,2,2,2,2,2,3,2,23,24,2,2,2,2,2,2,2,25,26,27,28,29,2,2,2,2,30,31,32,2,2,2,33,2,2,2,2,2,2,2,2,2,2,34,35,2,2,2,2,6,6,6,6,6,6,6,6,5,5,5,5,5,5,5,5","0.00101280212402344","fast_greedy","edit-xhwikibooks.graphml"
"0.67","0.27","0.06","0.688367982493056","4,4,4,1,7,1,8,1,1,1,9,10,1,1,1,1,11,12,6,13,2,3,14,1,1,1,1,1,4,15,16,17,18,19,6,6,5,1,2,2,2,2,3,3,3,3,2,3,3,3,2,2,2,2,2,3,3,3,3,2,20,2,2,21,22,2,2,2,2,2,3,2,23,24,2,2,2,2,2,2,2,25,26,27,28,29,2,2,2,2,30,31,32,2,2,2,33,2,2,2,2,2,2,2,2,2,2,34,35,2,2,2,2,6,6,6,6,6,6,6,6,5,5,5,5,5,5,5,5","0.000879049301147461","fast_greedy","edit-xhwikibooks.graphml"
"0.66","0.28","0.06","0.688367982493056","4,4,4,1,7,1,8,1,1,1,9,10,1,1,1,1,11,12,6,13,2,3,14,1,1,1,1,1,4,15,16,17,18,19,6,6,5,1,2,2,2,2,3,3,3,3,2,3,3,3,2,2,2,2,2,3,3,3,3,2,20,2,2,21,22,2,2,2,2,2,3,2,23,24,2,2,2,2,2,2,2,25,26,27,28,29,2,2,2,2,30,31,32,2,2,2,33,2,2,2,2,2,2,2,2,2,2,34,35,2,2,2,2,6,6,6,6,6,6,6,6,5,5,5,5,5,5,5,5","0.000985145568847656","fast_greedy","edit-xhwikibooks.graphml"
"0.65","0.29","0.06","0.688367982493056","4,4,4,1,7,1,8,1,1,1,9,10,1,1,1,1,11,12,6,13,2,3,14,1,1,1,1,1,4,15,16,17,18,19,6,6,5,1,2,2,2,2,3,3,3,3,2,3,3,3,2,2,2,2,2,3,3,3,3,2,20,2,2,21,22,2,2,2,2,2,3,2,23,24,2,2,2,2,2,2,2,25,26,27,28,29,2,2,2,2,30,31,32,2,2,2,33,2,2,2,2,2,2,2,2,2,2,34,35,2,2,2,2,6,6,6,6,6,6,6,6,5,5,5,5,5,5,5,5","0.000900983810424805","fast_greedy","edit-xhwikibooks.graphml"
"0.64","0.3","0.06","0.688367982493056","4,4,4,1,7,1,8,1,1,1,9,10,1,1,1,1,11,12,6,13,2,3,14,1,1,1,1,1,4,15,16,17,18,19,6,6,5,1,2,2,2,2,3,3,3,3,2,3,3,3,2,2,2,2,2,3,3,3,3,2,20,2,2,21,22,2,2,2,2,2,3,2,23,24,2,2,2,2,2,2,2,25,26,27,28,29,2,2,2,2,30,31,32,2,2,2,33,2,2,2,2,2,2,2,2,2,2,34,35,2,2,2,2,6,6,6,6,6,6,6,6,5,5,5,5,5,5,5,5","0.000885963439941406","fast_greedy","edit-xhwikibooks.graphml"
"0.63","0.31","0.06","0.675888396644359","2,2,2,7,8,2,9,2,5,10,11,12,2,5,5,2,13,14,6,15,1,3,16,5,5,5,5,17,18,19,20,21,22,23,6,6,4,5,1,1,1,1,3,3,3,3,1,3,3,3,1,1,1,1,1,3,3,3,3,1,24,1,1,25,26,1,1,1,1,1,3,1,27,28,1,1,1,1,1,1,1,29,30,31,32,33,1,1,1,1,34,35,36,1,1,1,37,1,1,1,1,1,1,1,1,1,1,38,39,1,1,1,1,6,6,6,6,6,6,6,6,4,4,4,4,4,4,4,4","0.000885963439941406","fast_greedy","edit-xhwikibooks.graphml"
"0.62","0.32","0.06","0.675888396644359","2,2,2,7,8,2,9,2,5,10,11,12,2,5,5,2,13,14,6,15,1,3,16,5,5,5,5,17,18,19,20,21,22,23,6,6,4,5,1,1,1,1,3,3,3,3,1,3,3,3,1,1,1,1,1,3,3,3,3,1,24,1,1,25,26,1,1,1,1,1,3,1,27,28,1,1,1,1,1,1,1,29,30,31,32,33,1,1,1,1,34,35,36,1,1,1,37,1,1,1,1,1,1,1,1,1,1,38,39,1,1,1,1,6,6,6,6,6,6,6,6,4,4,4,4,4,4,4,4","0.00092005729675293","fast_greedy","edit-xhwikibooks.graphml"
"0.61","0.33","0.06","0.675888396644359","2,2,2,7,8,2,9,2,5,10,11,12,2,5,5,2,13,14,6,15,1,3,16,5,5,5,5,17,18,19,20,21,22,23,6,6,4,5,1,1,1,1,3,3,3,3,1,3,3,3,1,1,1,1,1,3,3,3,3,1,24,1,1,25,26,1,1,1,1,1,3,1,27,28,1,1,1,1,1,1,1,29,30,31,32,33,1,1,1,1,34,35,36,1,1,1,37,1,1,1,1,1,1,1,1,1,1,38,39,1,1,1,1,6,6,6,6,6,6,6,6,4,4,4,4,4,4,4,4","0.000914812088012695","fast_greedy","edit-xhwikibooks.graphml"
"0.6","0.34","0.06","0.679595044378698","2,2,2,7,8,2,9,2,6,10,11,12,2,6,6,2,13,14,5,15,1,3,16,6,6,6,6,17,18,19,20,21,22,23,5,5,4,6,1,1,1,1,3,3,3,3,1,3,3,3,1,1,1,1,1,3,3,3,3,1,24,1,1,25,26,1,1,1,1,1,3,1,27,28,1,1,1,1,1,1,1,29,30,31,32,33,1,1,1,1,34,35,36,1,1,1,37,1,1,1,1,1,1,1,1,1,1,38,39,1,1,1,1,5,5,5,5,5,5,5,5,4,4,4,4,4,4,4,4","0.000949859619140625","fast_greedy","edit-xhwikibooks.graphml"
"0.59","0.35","0.06","0.679595044378698","2,2,2,7,8,2,9,2,6,10,11,12,2,6,6,2,13,14,5,15,1,3,16,6,6,6,6,17,18,19,20,21,22,23,5,5,4,6,1,1,1,1,3,3,3,3,1,3,3,3,1,1,1,1,1,3,3,3,3,1,24,1,1,25,26,1,1,1,1,1,3,1,27,28,1,1,1,1,1,1,1,29,30,31,32,33,1,1,1,1,34,35,36,1,1,1,37,1,1,1,1,1,1,1,1,1,1,38,39,1,1,1,1,5,5,5,5,5,5,5,5,4,4,4,4,4,4,4,4","0.000901937484741211","fast_greedy","edit-xhwikibooks.graphml"
"0.58","0.36","0.06","0.679595044378698","2,2,2,7,8,2,9,2,6,10,11,12,2,6,6,2,13,14,5,15,1,3,16,6,6,6,6,17,18,19,20,21,22,23,5,5,4,6,1,1,1,1,3,3,3,3,1,3,3,3,1,1,1,1,1,3,3,3,3,1,24,1,1,25,26,1,1,1,1,1,3,1,27,28,1,1,1,1,1,1,1,29,30,31,32,33,1,1,1,1,34,35,36,1,1,1,37,1,1,1,1,1,1,1,1,1,1,38,39,1,1,1,1,5,5,5,5,5,5,5,5,4,4,4,4,4,4,4,4","0.000921010971069336","fast_greedy","edit-xhwikibooks.graphml"
"0.57","0.37","0.06","0.666454269189295","2,2,2,7,8,2,9,2,6,10,11,12,13,6,6,14,15,16,4,17,1,3,18,6,6,6,6,19,20,21,22,23,24,25,4,4,5,26,1,1,1,1,3,3,3,3,1,3,3,3,1,1,1,1,1,3,3,3,3,1,27,1,1,28,29,1,1,1,1,1,3,1,30,31,1,1,1,1,1,1,1,32,33,34,35,36,1,1,1,1,37,38,39,1,1,1,40,1,1,1,1,1,1,1,1,1,1,41,42,1,1,1,1,4,4,4,4,4,4,4,4,5,5,5,5,5,5,5,5","0.000895023345947266","fast_greedy","edit-xhwikibooks.graphml"
"0.56","0.38","0.06","0.666454269189295","2,2,2,7,8,2,9,2,6,10,11,12,13,6,6,14,15,16,4,17,1,3,18,6,6,6,6,19,20,21,22,23,24,25,4,4,5,26,1,1,1,1,3,3,3,3,1,3,3,3,1,1,1,1,1,3,3,3,3,1,27,1,1,28,29,1,1,1,1,1,3,1,30,31,1,1,1,1,1,1,1,32,33,34,35,36,1,1,1,1,37,38,39,1,1,1,40,1,1,1,1,1,1,1,1,1,1,41,42,1,1,1,1,4,4,4,4,4,4,4,4,5,5,5,5,5,5,5,5","0.000887155532836914","fast_greedy","edit-xhwikibooks.graphml"
"0.55","0.39","0.06","0.666454269189295","2,2,2,7,8,2,9,2,6,10,11,12,13,6,6,14,15,16,4,17,1,3,18,6,6,6,6,19,20,21,22,23,24,25,4,4,5,26,1,1,1,1,3,3,3,3,1,3,3,3,1,1,1,1,1,3,3,3,3,1,27,1,1,28,29,1,1,1,1,1,3,1,30,31,1,1,1,1,1,1,1,32,33,34,35,36,1,1,1,1,37,38,39,1,1,1,40,1,1,1,1,1,1,1,1,1,1,41,42,1,1,1,1,4,4,4,4,4,4,4,4,5,5,5,5,5,5,5,5","0.000893115997314453","fast_greedy","edit-xhwikibooks.graphml"
"0.54","0.4","0.06","0.666454269189295","2,2,2,7,8,2,9,2,6,10,11,12,13,6,6,14,15,16,4,17,1,3,18,6,6,6,6,19,20,21,22,23,24,25,4,4,5,26,1,1,1,1,3,3,3,3,1,3,3,3,1,1,1,1,1,3,3,3,3,1,27,1,1,28,29,1,1,1,1,1,3,1,30,31,1,1,1,1,1,1,1,32,33,34,35,36,1,1,1,1,37,38,39,1,1,1,40,1,1,1,1,1,1,1,1,1,1,41,42,1,1,1,1,4,4,4,4,4,4,4,4,5,5,5,5,5,5,5,5","0.00104713439941406","fast_greedy","edit-xhwikibooks.graphml"
"0.53","0.41","0.06","0.666454269189295","2,2,2,7,8,2,9,2,6,10,11,12,13,6,6,14,15,16,4,17,1,3,18,6,6,6,6,19,20,21,22,23,24,25,4,4,5,26,1,1,1,1,3,3,3,3,1,3,3,3,1,1,1,1,1,3,3,3,3,1,27,1,1,28,29,1,1,1,1,1,3,1,30,31,1,1,1,1,1,1,1,32,33,34,35,36,1,1,1,1,37,38,39,1,1,1,40,1,1,1,1,1,1,1,1,1,1,41,42,1,1,1,1,4,4,4,4,4,4,4,4,5,5,5,5,5,5,5,5","0.000918149948120117","fast_greedy","edit-xhwikibooks.graphml"
"0.52","0.42","0.06","0.666454269189295","2,2,2,7,8,2,9,2,6,10,11,12,13,6,6,14,15,16,4,17,1,3,18,6,6,6,6,19,20,21,22,23,24,25,4,4,5,26,1,1,1,1,3,3,3,3,1,3,3,3,1,1,1,1,1,3,3,3,3,1,27,1,1,28,29,1,1,1,1,1,3,1,30,31,1,1,1,1,1,1,1,32,33,34,35,36,1,1,1,1,37,38,39,1,1,1,40,1,1,1,1,1,1,1,1,1,1,41,42,1,1,1,1,4,4,4,4,4,4,4,4,5,5,5,5,5,5,5,5","0.000891923904418945","fast_greedy","edit-xhwikibooks.graphml"
"0.51","0.43","0.06","0.658518439791689","1,1,1,6,7,8,9,5,10,11,12,13,14,5,5,15,16,17,3,18,2,1,19,20,5,5,5,21,22,23,24,25,26,27,3,3,4,28,2,2,2,2,1,1,1,1,2,1,1,1,2,2,2,2,2,1,1,1,1,2,29,2,2,30,31,2,2,2,2,2,1,2,32,33,2,2,2,2,2,2,2,34,35,36,37,38,2,2,2,2,39,40,41,2,2,2,42,2,2,2,2,2,2,2,2,2,2,43,44,2,2,2,2,3,3,3,3,3,3,3,3,4,4,4,4,4,4,4,4","0.000879049301147461","fast_greedy","edit-xhwikibooks.graphml"
"0.5","0.44","0.06","0.658518439791689","1,1,1,6,7,8,9,5,10,11,12,13,14,5,5,15,16,17,3,18,2,1,19,20,5,5,5,21,22,23,24,25,26,27,3,3,4,28,2,2,2,2,1,1,1,1,2,1,1,1,2,2,2,2,2,1,1,1,1,2,29,2,2,30,31,2,2,2,2,2,1,2,32,33,2,2,2,2,2,2,2,34,35,36,37,38,2,2,2,2,39,40,41,2,2,2,42,2,2,2,2,2,2,2,2,2,2,43,44,2,2,2,2,3,3,3,3,3,3,3,3,4,4,4,4,4,4,4,4","0.000883102416992188","fast_greedy","edit-xhwikibooks.graphml"
"0.49","0.45","0.06","0.658518439791689","1,1,1,6,7,8,9,5,10,11,12,13,14,5,5,15,16,17,3,18,2,1,19,20,5,5,5,21,22,23,24,25,26,27,3,3,4,28,2,2,2,2,1,1,1,1,2,1,1,1,2,2,2,2,2,1,1,1,1,2,29,2,2,30,31,2,2,2,2,2,1,2,32,33,2,2,2,2,2,2,2,34,35,36,37,38,2,2,2,2,39,40,41,2,2,2,42,2,2,2,2,2,2,2,2,2,2,43,44,2,2,2,2,3,3,3,3,3,3,3,3,4,4,4,4,4,4,4,4","0.000895023345947266","fast_greedy","edit-xhwikibooks.graphml"
"0.48","0.46","0.06","0.658518439791689","1,1,1,6,7,8,9,5,10,11,12,13,14,5,5,15,16,17,3,18,2,1,19,20,5,5,5,21,22,23,24,25,26,27,3,3,4,28,2,2,2,2,1,1,1,1,2,1,1,1,2,2,2,2,2,1,1,1,1,2,29,2,2,30,31,2,2,2,2,2,1,2,32,33,2,2,2,2,2,2,2,34,35,36,37,38,2,2,2,2,39,40,41,2,2,2,42,2,2,2,2,2,2,2,2,2,2,43,44,2,2,2,2,3,3,3,3,3,3,3,3,4,4,4,4,4,4,4,4","0.000892877578735352","fast_greedy","edit-xhwikibooks.graphml"
"0.47","0.47","0.06","0.658518439791689","1,1,1,6,7,8,9,5,10,11,12,13,14,5,5,15,16,17,3,18,2,1,19,20,5,5,5,21,22,23,24,25,26,27,3,3,4,28,2,2,2,2,1,1,1,1,2,1,1,1,2,2,2,2,2,1,1,1,1,2,29,2,2,30,31,2,2,2,2,2,1,2,32,33,2,2,2,2,2,2,2,34,35,36,37,38,2,2,2,2,39,40,41,2,2,2,42,2,2,2,2,2,2,2,2,2,2,43,44,2,2,2,2,3,3,3,3,3,3,3,3,4,4,4,4,4,4,4,4","0.000877141952514648","fast_greedy","edit-xhwikibooks.graphml"
"0.46","0.48","0.06","0.658518439791689","1,1,1,6,7,8,9,5,10,11,12,13,14,5,5,15,16,17,3,18,2,1,19,20,5,5,5,21,22,23,24,25,26,27,3,3,4,28,2,2,2,2,1,1,1,1,2,1,1,1,2,2,2,2,2,1,1,1,1,2,29,2,2,30,31,2,2,2,2,2,1,2,32,33,2,2,2,2,2,2,2,34,35,36,37,38,2,2,2,2,39,40,41,2,2,2,42,2,2,2,2,2,2,2,2,2,2,43,44,2,2,2,2,3,3,3,3,3,3,3,3,4,4,4,4,4,4,4,4","0.000917911529541016","fast_greedy","edit-xhwikibooks.graphml"
"0.45","0.49","0.06","0.586592970521542","1,1,1,5,6,7,8,9,10,11,12,13,14,4,4,15,16,17,3,18,2,1,19,20,4,4,4,21,22,23,24,25,26,27,3,3,4,28,2,2,2,2,1,1,1,1,2,1,1,1,2,2,2,2,2,1,1,1,1,2,29,2,2,30,31,2,2,2,2,2,1,2,32,33,2,2,2,2,2,2,2,34,35,36,37,38,2,2,2,2,39,40,41,2,2,2,42,2,2,2,2,2,2,2,2,2,2,43,44,2,2,2,2,3,45,46,3,3,3,3,3,47,48,49,50,51,52,53,54","0.000915050506591797","fast_greedy","edit-xhwikibooks.graphml"
"0.44","0.5","0.06","0.659208579881657","1,1,1,6,7,8,9,5,10,11,12,13,4,4,4,14,15,16,3,17,2,1,18,5,4,4,4,19,20,21,22,23,24,25,3,3,4,26,2,2,2,2,1,1,1,1,2,1,1,1,2,2,2,2,2,1,1,1,1,2,27,2,2,28,29,2,2,2,2,2,1,2,30,31,2,2,2,2,2,2,2,32,33,34,35,36,2,2,2,2,37,38,39,2,2,2,40,2,2,2,2,2,2,2,2,2,2,41,42,2,2,2,2,3,43,44,3,3,3,3,3,45,46,47,48,49,50,51,52","0.000927925109863281","fast_greedy","edit-xhwikibooks.graphml"
"0.43","0.51","0.06","0.659208579881657","1,1,1,6,7,8,9,5,10,11,12,13,4,4,4,14,15,16,3,17,2,1,18,5,4,4,4,19,20,21,22,23,24,25,3,3,4,26,2,2,2,2,1,1,1,1,2,1,1,1,2,2,2,2,2,1,1,1,1,2,27,2,2,28,29,2,2,2,2,2,1,2,30,31,2,2,2,2,2,2,2,32,33,34,35,36,2,2,2,2,37,38,39,2,2,2,40,2,2,2,2,2,2,2,2,2,2,41,42,2,2,2,2,3,43,44,3,3,3,3,3,45,46,47,48,49,50,51,52","0.000884056091308594","fast_greedy","edit-xhwikibooks.graphml"
"0.42","0.52","0.06","0.659208579881657","1,1,1,6,7,8,9,5,10,11,12,13,4,4,4,14,15,16,3,17,2,1,18,5,4,4,4,19,20,21,22,23,24,25,3,3,4,26,2,2,2,2,1,1,1,1,2,1,1,1,2,2,2,2,2,1,1,1,1,2,27,2,2,28,29,2,2,2,2,2,1,2,30,31,2,2,2,2,2,2,2,32,33,34,35,36,2,2,2,2,37,38,39,2,2,2,40,2,2,2,2,2,2,2,2,2,2,41,42,2,2,2,2,3,43,44,3,3,3,3,3,45,46,47,48,49,50,51,52","0.000889062881469727","fast_greedy","edit-xhwikibooks.graphml"
"0.41","0.53","0.06","0.659208579881657","1,1,1,6,7,8,9,5,10,11,12,13,4,4,4,14,15,16,3,17,2,1,18,5,4,4,4,19,20,21,22,23,24,25,3,3,4,26,2,2,2,2,1,1,1,1,2,1,1,1,2,2,2,2,2,1,1,1,1,2,27,2,2,28,29,2,2,2,2,2,1,2,30,31,2,2,2,2,2,2,2,32,33,34,35,36,2,2,2,2,37,38,39,2,2,2,40,2,2,2,2,2,2,2,2,2,2,41,42,2,2,2,2,3,43,44,3,3,3,3,3,45,46,47,48,49,50,51,52","0.00100111961364746","fast_greedy","edit-xhwikibooks.graphml"
"0.4","0.54","0.06","0.659208579881657","1,1,1,6,7,8,9,5,10,11,12,13,4,4,4,14,15,16,3,17,2,1,18,5,4,4,4,19,20,21,22,23,24,25,3,3,4,26,2,2,2,2,1,1,1,1,2,1,1,1,2,2,2,2,2,1,1,1,1,2,27,2,2,28,29,2,2,2,2,2,1,2,30,31,2,2,2,2,2,2,2,32,33,34,35,36,2,2,2,2,37,38,39,2,2,2,40,2,2,2,2,2,2,2,2,2,2,41,42,2,2,2,2,3,43,44,3,3,3,3,3,45,46,47,48,49,50,51,52","0.000880002975463867","fast_greedy","edit-xhwikibooks.graphml"
"0.39","0.55","0.06","0.654632858893392","1,1,1,6,7,8,9,5,10,11,12,13,4,4,4,14,15,16,3,17,2,1,18,5,4,4,4,19,20,21,22,23,24,25,3,3,4,26,2,2,2,2,1,1,1,1,2,1,1,1,2,2,2,2,2,1,1,1,1,2,27,2,2,28,29,2,2,2,2,2,1,2,30,31,2,2,2,2,2,2,2,32,33,34,35,36,2,2,2,2,37,38,39,2,2,2,40,2,2,2,2,2,2,2,2,2,2,41,42,2,2,2,2,3,43,44,3,3,3,3,3,45,46,47,48,49,50,51,52","0.000880956649780273","fast_greedy","edit-xhwikibooks.graphml"
"0.38","0.56","0.06","0.654632858893392","1,1,1,6,7,8,9,5,10,11,12,13,4,4,4,14,15,16,3,17,2,1,18,5,4,4,4,19,20,21,22,23,24,25,3,3,4,26,2,2,2,2,1,1,1,1,2,1,1,1,2,2,2,2,2,1,1,1,1,2,27,2,2,28,29,2,2,2,2,2,1,2,30,31,2,2,2,2,2,2,2,32,33,34,35,36,2,2,2,2,37,38,39,2,2,2,40,2,2,2,2,2,2,2,2,2,2,41,42,2,2,2,2,3,43,44,3,3,3,3,3,45,46,47,48,49,50,51,52","0.000905036926269531","fast_greedy","edit-xhwikibooks.graphml"
"0.37","0.57","0.06","0.654632858893392","1,1,1,6,7,8,9,5,10,11,12,13,4,4,4,14,15,16,3,17,2,1,18,5,4,4,4,19,20,21,22,23,24,25,3,3,4,26,2,2,2,2,1,1,1,1,2,1,1,1,2,2,2,2,2,1,1,1,1,2,27,2,2,28,29,2,2,2,2,2,1,2,30,31,2,2,2,2,2,2,2,32,33,34,35,36,2,2,2,2,37,38,39,2,2,2,40,2,2,2,2,2,2,2,2,2,2,41,42,2,2,2,2,3,43,44,3,3,3,3,3,45,46,47,48,49,50,51,52","0.000906944274902344","fast_greedy","edit-xhwikibooks.graphml"
"0.36","0.58","0.06","0.654632858893392","1,1,1,6,7,8,9,5,10,11,12,13,4,4,4,14,15,16,3,17,2,1,18,5,4,4,4,19,20,21,22,23,24,25,3,3,4,26,2,2,2,2,1,1,1,1,2,1,1,1,2,2,2,2,2,1,1,1,1,2,27,2,2,28,29,2,2,2,2,2,1,2,30,31,2,2,2,2,2,2,2,32,33,34,35,36,2,2,2,2,37,38,39,2,2,2,40,2,2,2,2,2,2,2,2,2,2,41,42,2,2,2,2,3,43,44,3,3,3,3,3,45,46,47,48,49,50,51,52","0.000949859619140625","fast_greedy","edit-xhwikibooks.graphml"
"0.35","0.59","0.06","0.654632858893392","1,1,1,6,7,8,9,5,10,11,12,13,4,4,4,14,15,16,3,17,2,1,18,5,4,4,4,19,20,21,22,23,24,25,3,3,4,26,2,2,2,2,1,1,1,1,2,1,1,1,2,2,2,2,2,1,1,1,1,2,27,2,2,28,29,2,2,2,2,2,1,2,30,31,2,2,2,2,2,2,2,32,33,34,35,36,2,2,2,2,37,38,39,2,2,2,40,2,2,2,2,2,2,2,2,2,2,41,42,2,2,2,2,3,43,44,3,3,3,3,3,45,46,47,48,49,50,51,52","0.000893831253051758","fast_greedy","edit-xhwikibooks.graphml"
"0.34","0.6","0.06","0.654632858893392","1,1,1,6,7,8,9,5,10,11,12,13,4,4,4,14,15,16,3,17,2,1,18,5,4,4,4,19,20,21,22,23,24,25,3,3,4,26,2,2,2,2,1,1,1,1,2,1,1,1,2,2,2,2,2,1,1,1,1,2,27,2,2,28,29,2,2,2,2,2,1,2,30,31,2,2,2,2,2,2,2,32,33,34,35,36,2,2,2,2,37,38,39,2,2,2,40,2,2,2,2,2,2,2,2,2,2,41,42,2,2,2,2,3,43,44,3,3,3,3,3,45,46,47,48,49,50,51,52","0.000915050506591797","fast_greedy","edit-xhwikibooks.graphml"
"0.33","0.61","0.06","0.6434","1,1,1,6,7,8,9,5,10,11,12,13,3,3,3,14,15,16,17,18,2,1,19,5,3,3,3,20,21,22,23,24,25,26,4,4,3,27,2,2,2,2,1,1,1,1,2,1,1,1,2,2,2,2,2,1,1,1,1,2,28,2,2,29,30,2,2,2,2,2,1,2,31,32,2,2,2,2,2,2,2,33,34,35,36,37,2,2,2,2,38,39,40,2,2,2,41,2,2,2,2,2,2,2,2,2,2,42,43,2,2,2,2,4,44,45,4,4,4,4,4,46,47,48,49,50,51,52,53","0.000898838043212891","fast_greedy","edit-xhwikibooks.graphml"
"0.32","0.62","0.06","0.6434","1,1,1,6,7,8,9,5,10,11,12,13,3,3,3,14,15,16,17,18,2,1,19,5,3,3,3,20,21,22,23,24,25,26,4,4,3,27,2,2,2,2,1,1,1,1,2,1,1,1,2,2,2,2,2,1,1,1,1,2,28,2,2,29,30,2,2,2,2,2,1,2,31,32,2,2,2,2,2,2,2,33,34,35,36,37,2,2,2,2,38,39,40,2,2,2,41,2,2,2,2,2,2,2,2,2,2,42,43,2,2,2,2,4,44,45,4,4,4,4,4,46,47,48,49,50,51,52,53","0.000916004180908203","fast_greedy","edit-xhwikibooks.graphml"
"0.31","0.63","0.06","0.6434","1,1,1,6,7,8,9,5,10,11,12,13,3,3,3,14,15,16,17,18,2,1,19,5,3,3,3,20,21,22,23,24,25,26,4,4,3,27,2,2,2,2,1,1,1,1,2,1,1,1,2,2,2,2,2,1,1,1,1,2,28,2,2,29,30,2,2,2,2,2,1,2,31,32,2,2,2,2,2,2,2,33,34,35,36,37,2,2,2,2,38,39,40,2,2,2,41,2,2,2,2,2,2,2,2,2,2,42,43,2,2,2,2,4,44,45,4,4,4,4,4,46,47,48,49,50,51,52,53","0.000876903533935547","fast_greedy","edit-xhwikibooks.graphml"
"0.3","0.64","0.06","0.6434","1,1,1,6,7,8,9,5,10,11,12,13,3,3,3,14,15,16,17,18,2,1,19,5,3,3,3,20,21,22,23,24,25,26,4,4,3,27,2,2,2,2,1,1,1,1,2,1,1,1,2,2,2,2,2,1,1,1,1,2,28,2,2,29,30,2,2,2,2,2,1,2,31,32,2,2,2,2,2,2,2,33,34,35,36,37,2,2,2,2,38,39,40,2,2,2,41,2,2,2,2,2,2,2,2,2,2,42,43,2,2,2,2,4,44,45,4,4,4,4,4,46,47,48,49,50,51,52,53","0.000855207443237305","fast_greedy","edit-xhwikibooks.graphml"
"0.29","0.65","0.06","0.6434","1,1,1,6,7,8,9,5,10,11,12,13,3,3,3,14,15,16,17,18,2,1,19,5,3,3,3,20,21,22,23,24,25,26,4,4,3,27,2,2,2,2,1,1,1,1,2,1,1,1,2,2,2,2,2,1,1,1,1,2,28,2,2,29,30,2,2,2,2,2,1,2,31,32,2,2,2,2,2,2,2,33,34,35,36,37,2,2,2,2,38,39,40,2,2,2,41,2,2,2,2,2,2,2,2,2,2,42,43,2,2,2,2,4,44,45,4,4,4,4,4,46,47,48,49,50,51,52,53","0.000902891159057617","fast_greedy","edit-xhwikibooks.graphml"
"0.28","0.66","0.06","0.6434","1,1,1,6,7,8,9,5,10,11,12,13,3,3,3,14,15,16,17,18,2,1,19,5,3,3,3,20,21,22,23,24,25,26,4,4,3,27,2,2,2,2,1,1,1,1,2,1,1,1,2,2,2,2,2,1,1,1,1,2,28,2,2,29,30,2,2,2,2,2,1,2,31,32,2,2,2,2,2,2,2,33,34,35,36,37,2,2,2,2,38,39,40,2,2,2,41,2,2,2,2,2,2,2,2,2,2,42,43,2,2,2,2,4,44,45,4,4,4,4,4,46,47,48,49,50,51,52,53","0.0015571117401123","fast_greedy","edit-xhwikibooks.graphml"
"0.27","0.67","0.06","0.639934700540761","1,1,1,7,8,9,10,6,11,12,13,14,4,4,4,15,16,17,18,19,2,1,20,6,5,5,5,21,22,23,24,25,26,27,3,3,4,28,2,2,2,2,1,1,1,1,2,1,1,1,2,2,2,2,2,1,1,1,1,2,29,2,2,30,31,2,2,2,2,2,1,2,32,33,2,2,2,2,2,2,2,34,35,36,37,38,2,2,2,2,39,40,41,2,2,2,42,2,2,2,2,2,2,2,2,2,2,43,44,2,2,2,2,3,45,46,3,3,3,3,3,47,48,49,50,51,52,53,54","0.00101995468139648","fast_greedy","edit-xhwikibooks.graphml"
"0.26","0.68","0.06","0.639934700540761","1,1,1,7,8,9,10,6,11,12,13,14,4,4,4,15,16,17,18,19,2,1,20,6,5,5,5,21,22,23,24,25,26,27,3,3,4,28,2,2,2,2,1,1,1,1,2,1,1,1,2,2,2,2,2,1,1,1,1,2,29,2,2,30,31,2,2,2,2,2,1,2,32,33,2,2,2,2,2,2,2,34,35,36,37,38,2,2,2,2,39,40,41,2,2,2,42,2,2,2,2,2,2,2,2,2,2,43,44,2,2,2,2,3,45,46,3,3,3,3,3,47,48,49,50,51,52,53,54","0.000926971435546875","fast_greedy","edit-xhwikibooks.graphml"
"0.25","0.69","0.06","0.639934700540761","1,1,1,7,8,9,10,6,11,12,13,14,4,4,4,15,16,17,18,19,2,1,20,6,5,5,5,21,22,23,24,25,26,27,3,3,4,28,2,2,2,2,1,1,1,1,2,1,1,1,2,2,2,2,2,1,1,1,1,2,29,2,2,30,31,2,2,2,2,2,1,2,32,33,2,2,2,2,2,2,2,34,35,36,37,38,2,2,2,2,39,40,41,2,2,2,42,2,2,2,2,2,2,2,2,2,2,43,44,2,2,2,2,3,45,46,3,3,3,3,3,47,48,49,50,51,52,53,54","0.000950098037719727","fast_greedy","edit-xhwikibooks.graphml"
"0.24","0.7","0.06","0.639934700540761","1,1,1,7,8,9,10,6,11,12,13,14,4,4,4,15,16,17,18,19,2,1,20,6,5,5,5,21,22,23,24,25,26,27,3,3,4,28,2,2,2,2,1,1,1,1,2,1,1,1,2,2,2,2,2,1,1,1,1,2,29,2,2,30,31,2,2,2,2,2,1,2,32,33,2,2,2,2,2,2,2,34,35,36,37,38,2,2,2,2,39,40,41,2,2,2,42,2,2,2,2,2,2,2,2,2,2,43,44,2,2,2,2,3,45,46,3,3,3,3,3,47,48,49,50,51,52,53,54","0.000963926315307617","fast_greedy","edit-xhwikibooks.graphml"
"0.23","0.71","0.06","0.639934700540761","1,1,1,7,8,9,10,6,11,12,13,14,4,4,4,15,16,17,18,19,2,1,20,6,5,5,5,21,22,23,24,25,26,27,3,3,4,28,2,2,2,2,1,1,1,1,2,1,1,1,2,2,2,2,2,1,1,1,1,2,29,2,2,30,31,2,2,2,2,2,1,2,32,33,2,2,2,2,2,2,2,34,35,36,37,38,2,2,2,2,39,40,41,2,2,2,42,2,2,2,2,2,2,2,2,2,2,43,44,2,2,2,2,3,45,46,3,3,3,3,3,47,48,49,50,51,52,53,54","0.00098109245300293","fast_greedy","edit-xhwikibooks.graphml"
"0.22","0.72","0.06","0.639934700540761","1,1,1,7,8,9,10,6,11,12,13,14,4,4,4,15,16,17,18,19,2,1,20,6,5,5,5,21,22,23,24,25,26,27,3,3,4,28,2,2,2,2,1,1,1,1,2,1,1,1,2,2,2,2,2,1,1,1,1,2,29,2,2,30,31,2,2,2,2,2,1,2,32,33,2,2,2,2,2,2,2,34,35,36,37,38,2,2,2,2,39,40,41,2,2,2,42,2,2,2,2,2,2,2,2,2,2,43,44,2,2,2,2,3,45,46,3,3,3,3,3,47,48,49,50,51,52,53,54","0.000937938690185547","fast_greedy","edit-xhwikibooks.graphml"
"0.21","0.73","0.06","0.554453125","3,3,3,7,8,9,10,6,11,12,13,14,4,4,4,15,16,17,18,19,1,3,20,6,5,5,5,21,22,23,24,25,26,27,2,2,4,28,1,1,1,1,29,30,31,32,1,33,34,35,1,1,1,1,1,36,37,38,39,1,40,1,1,41,42,1,1,1,1,1,43,1,44,45,1,1,1,1,1,1,1,46,47,48,49,50,1,1,1,1,51,52,53,1,1,1,54,1,1,1,1,1,1,1,1,1,1,55,56,1,1,1,1,2,57,58,2,2,2,2,2,59,60,61,62,63,64,65,66","0.000853061676025391","fast_greedy","edit-xhwikibooks.graphml"
"0.2","0.74","0.06","0.554453125","3,3,3,7,8,9,10,6,11,12,13,14,4,4,4,15,16,17,18,19,1,3,20,6,5,5,5,21,22,23,24,25,26,27,2,2,4,28,1,1,1,1,29,30,31,32,1,33,34,35,1,1,1,1,1,36,37,38,39,1,40,1,1,41,42,1,1,1,1,1,43,1,44,45,1,1,1,1,1,1,1,46,47,48,49,50,1,1,1,1,51,52,53,1,1,1,54,1,1,1,1,1,1,1,1,1,1,55,56,1,1,1,1,2,57,58,2,2,2,2,2,59,60,61,62,63,64,65,66","0.000851869583129883","fast_greedy","edit-xhwikibooks.graphml"
"0.19","0.75","0.06","0.554453125","3,3,3,7,8,9,10,6,11,12,13,14,4,4,4,15,16,17,18,19,1,3,20,6,5,5,5,21,22,23,24,25,26,27,2,2,4,28,1,1,1,1,29,30,31,32,1,33,34,35,1,1,1,1,1,36,37,38,39,1,40,1,1,41,42,1,1,1,1,1,43,1,44,45,1,1,1,1,1,1,1,46,47,48,49,50,1,1,1,1,51,52,53,1,1,1,54,1,1,1,1,1,1,1,1,1,1,55,56,1,1,1,1,2,57,58,2,2,2,2,2,59,60,61,62,63,64,65,66","0.000861167907714844","fast_greedy","edit-xhwikibooks.graphml"
"0.18","0.76","0.06","0.554453125","3,3,3,7,8,9,10,6,11,12,13,14,4,4,4,15,16,17,18,19,1,3,20,6,5,5,5,21,22,23,24,25,26,27,2,2,4,28,1,1,1,1,29,30,31,32,1,33,34,35,1,1,1,1,1,36,37,38,39,1,40,1,1,41,42,1,1,1,1,1,43,1,44,45,1,1,1,1,1,1,1,46,47,48,49,50,1,1,1,1,51,52,53,1,1,1,54,1,1,1,1,1,1,1,1,1,1,55,56,1,1,1,1,2,57,58,2,2,2,2,2,59,60,61,62,63,64,65,66","0.000889062881469727","fast_greedy","edit-xhwikibooks.graphml"
"0.17","0.77","0.06","0.554453125","3,3,3,7,8,9,10,6,11,12,13,14,4,4,4,15,16,17,18,19,1,3,20,6,5,5,5,21,22,23,24,25,26,27,2,2,4,28,1,1,1,1,29,30,31,32,1,33,34,35,1,1,1,1,1,36,37,38,39,1,40,1,1,41,42,1,1,1,1,1,43,1,44,45,1,1,1,1,1,1,1,46,47,48,49,50,1,1,1,1,51,52,53,1,1,1,54,1,1,1,1,1,1,1,1,1,1,55,56,1,1,1,1,2,57,58,2,2,2,2,2,59,60,61,62,63,64,65,66","0.000993967056274414","fast_greedy","edit-xhwikibooks.graphml"
"0.16","0.78","0.06","0.554453125","3,3,3,7,8,9,10,6,11,12,13,14,4,4,4,15,16,17,18,19,1,3,20,6,5,5,5,21,22,23,24,25,26,27,2,2,4,28,1,1,1,1,29,30,31,32,1,33,34,35,1,1,1,1,1,36,37,38,39,1,40,1,1,41,42,1,1,1,1,1,43,1,44,45,1,1,1,1,1,1,1,46,47,48,49,50,1,1,1,1,51,52,53,1,1,1,54,1,1,1,1,1,1,1,1,1,1,55,56,1,1,1,1,2,57,58,2,2,2,2,2,59,60,61,62,63,64,65,66","0.000869989395141602","fast_greedy","edit-xhwikibooks.graphml"
"0.15","0.79","0.06","0.554453125","3,3,3,7,8,9,10,6,11,12,13,14,4,4,4,15,16,17,18,19,1,3,20,6,5,5,5,21,22,23,24,25,26,27,2,2,4,28,1,1,1,1,29,30,31,32,1,33,34,35,1,1,1,1,1,36,37,38,39,1,40,1,1,41,42,1,1,1,1,1,43,1,44,45,1,1,1,1,1,1,1,46,47,48,49,50,1,1,1,1,51,52,53,1,1,1,54,1,1,1,1,1,1,1,1,1,1,55,56,1,1,1,1,2,57,58,2,2,2,2,2,59,60,61,62,63,64,65,66","0.00103402137756348","fast_greedy","edit-xhwikibooks.graphml"
"0.14","0.8","0.06","0.554453125","3,3,3,7,8,9,10,6,11,12,13,14,4,4,4,15,16,17,18,19,1,3,20,6,5,5,5,21,22,23,24,25,26,27,2,2,4,28,1,1,1,1,29,30,31,32,1,33,34,35,1,1,1,1,1,36,37,38,39,1,40,1,1,41,42,1,1,1,1,1,43,1,44,45,1,1,1,1,1,1,1,46,47,48,49,50,1,1,1,1,51,52,53,1,1,1,54,1,1,1,1,1,1,1,1,1,1,55,56,1,1,1,1,2,57,58,2,2,2,2,2,59,60,61,62,63,64,65,66","0.00105595588684082","fast_greedy","edit-xhwikibooks.graphml"
"0.13","0.81","0.06","0.554453125","3,3,3,7,8,9,10,6,11,12,13,14,4,4,4,15,16,17,18,19,1,3,20,6,5,5,5,21,22,23,24,25,26,27,2,2,4,28,1,1,1,1,29,30,31,32,1,33,34,35,1,1,1,1,1,36,37,38,39,1,40,1,1,41,42,1,1,1,1,1,43,1,44,45,1,1,1,1,1,1,1,46,47,48,49,50,1,1,1,1,51,52,53,1,1,1,54,1,1,1,1,1,1,1,1,1,1,55,56,1,1,1,1,2,57,58,2,2,2,2,2,59,60,61,62,63,64,65,66","0.000832080841064453","fast_greedy","edit-xhwikibooks.graphml"
"0.12","0.82","0.06","0.554453125","3,3,3,7,8,9,10,6,11,12,13,14,4,4,4,15,16,17,18,19,1,3,20,6,5,5,5,21,22,23,24,25,26,27,2,2,4,28,1,1,1,1,29,30,31,32,1,33,34,35,1,1,1,1,1,36,37,38,39,1,40,1,1,41,42,1,1,1,1,1,43,1,44,45,1,1,1,1,1,1,1,46,47,48,49,50,1,1,1,1,51,52,53,1,1,1,54,1,1,1,1,1,1,1,1,1,1,55,56,1,1,1,1,2,57,58,2,2,2,2,2,59,60,61,62,63,64,65,66","0.000854969024658203","fast_greedy","edit-xhwikibooks.graphml"
"0.11","0.83","0.06","0.554453125","3,3,3,7,8,9,10,6,11,12,13,14,4,4,4,15,16,17,18,19,1,3,20,6,5,5,5,21,22,23,24,25,26,27,2,2,4,28,1,1,1,1,29,30,31,32,1,33,34,35,1,1,1,1,1,36,37,38,39,1,40,1,1,41,42,1,1,1,1,1,43,1,44,45,1,1,1,1,1,1,1,46,47,48,49,50,1,1,1,1,51,52,53,1,1,1,54,1,1,1,1,1,1,1,1,1,1,55,56,1,1,1,1,2,57,58,2,2,2,2,2,59,60,61,62,63,64,65,66","0.000902891159057617","fast_greedy","edit-xhwikibooks.graphml"
"0.1","0.84","0.06","0.515575154813286","3,3,3,8,9,10,11,7,12,13,14,15,5,5,5,16,17,18,19,20,1,3,21,7,4,4,4,22,23,24,25,26,27,28,6,6,29,30,1,1,1,1,31,32,33,34,1,35,36,37,1,1,1,1,1,38,39,40,41,1,42,1,1,43,44,1,1,1,1,1,45,1,46,47,1,1,1,1,1,1,1,48,49,50,51,52,1,1,1,1,53,54,55,1,1,1,56,1,1,1,1,1,1,1,1,1,1,57,58,1,1,1,1,2,59,60,2,2,2,2,2,61,62,63,64,65,66,67,68","0.000898838043212891","fast_greedy","edit-xhwikibooks.graphml"
"0.09","0.85","0.06","0.515575154813286","3,3,3,8,9,10,11,7,12,13,14,15,5,5,5,16,17,18,19,20,1,3,21,7,4,4,4,22,23,24,25,26,27,28,6,6,29,30,1,1,1,1,31,32,33,34,1,35,36,37,1,1,1,1,1,38,39,40,41,1,42,1,1,43,44,1,1,1,1,1,45,1,46,47,1,1,1,1,1,1,1,48,49,50,51,52,1,1,1,1,53,54,55,1,1,1,56,1,1,1,1,1,1,1,1,1,1,57,58,1,1,1,1,2,59,60,2,2,2,2,2,61,62,63,64,65,66,67,68","0.000882863998413086","fast_greedy","edit-xhwikibooks.graphml"
"0.08","0.86","0.06","0.515575154813286","3,3,3,8,9,10,11,7,12,13,14,15,5,5,5,16,17,18,19,20,1,3,21,7,4,4,4,22,23,24,25,26,27,28,6,6,29,30,1,1,1,1,31,32,33,34,1,35,36,37,1,1,1,1,1,38,39,40,41,1,42,1,1,43,44,1,1,1,1,1,45,1,46,47,1,1,1,1,1,1,1,48,49,50,51,52,1,1,1,1,53,54,55,1,1,1,56,1,1,1,1,1,1,1,1,1,1,57,58,1,1,1,1,2,59,60,2,2,2,2,2,61,62,63,64,65,66,67,68","0.000869989395141602","fast_greedy","edit-xhwikibooks.graphml"
"0.07","0.87","0.06","0.515575154813286","3,3,3,8,9,10,11,7,12,13,14,15,5,5,5,16,17,18,19,20,1,3,21,7,4,4,4,22,23,24,25,26,27,28,6,6,29,30,1,1,1,1,31,32,33,34,1,35,36,37,1,1,1,1,1,38,39,40,41,1,42,1,1,43,44,1,1,1,1,1,45,1,46,47,1,1,1,1,1,1,1,48,49,50,51,52,1,1,1,1,53,54,55,1,1,1,56,1,1,1,1,1,1,1,1,1,1,57,58,1,1,1,1,2,59,60,2,2,2,2,2,61,62,63,64,65,66,67,68","0.000883102416992188","fast_greedy","edit-xhwikibooks.graphml"
"0.06","0.88","0.06","0.515575154813286","3,3,3,8,9,10,11,7,12,13,14,15,5,5,5,16,17,18,19,20,1,3,21,7,4,4,4,22,23,24,25,26,27,28,6,6,29,30,1,1,1,1,31,32,33,34,1,35,36,37,1,1,1,1,1,38,39,40,41,1,42,1,1,43,44,1,1,1,1,1,45,1,46,47,1,1,1,1,1,1,1,48,49,50,51,52,1,1,1,1,53,54,55,1,1,1,56,1,1,1,1,1,1,1,1,1,1,57,58,1,1,1,1,2,59,60,2,2,2,2,2,61,62,63,64,65,66,67,68","0.000902891159057617","fast_greedy","edit-xhwikibooks.graphml"
"0.05","0.89","0.06","0.515575154813286","3,3,3,8,9,10,11,7,12,13,14,15,5,5,5,16,17,18,19,20,1,3,21,7,4,4,4,22,23,24,25,26,27,28,6,6,29,30,1,1,1,1,31,32,33,34,1,35,36,37,1,1,1,1,1,38,39,40,41,1,42,1,1,43,44,1,1,1,1,1,45,1,46,47,1,1,1,1,1,1,1,48,49,50,51,52,1,1,1,1,53,54,55,1,1,1,56,1,1,1,1,1,1,1,1,1,1,57,58,1,1,1,1,2,59,60,2,2,2,2,2,61,62,63,64,65,66,67,68","0.000911951065063477","fast_greedy","edit-xhwikibooks.graphml"
"0.04","0.9","0.06","0.515575154813286","3,3,3,8,9,10,11,7,12,13,14,15,5,5,5,16,17,18,19,20,1,3,21,7,4,4,4,22,23,24,25,26,27,28,6,6,29,30,1,1,1,1,31,32,33,34,1,35,36,37,1,1,1,1,1,38,39,40,41,1,42,1,1,43,44,1,1,1,1,1,45,1,46,47,1,1,1,1,1,1,1,48,49,50,51,52,1,1,1,1,53,54,55,1,1,1,56,1,1,1,1,1,1,1,1,1,1,57,58,1,1,1,1,2,59,60,2,2,2,2,2,61,62,63,64,65,66,67,68","0.000857830047607422","fast_greedy","edit-xhwikibooks.graphml"
"0.03","0.91","0.06","0.515575154813286","3,3,3,8,9,10,11,7,12,13,14,15,5,5,5,16,17,18,19,20,1,3,21,7,4,4,4,22,23,24,25,26,27,28,6,6,29,30,1,1,1,1,31,32,33,34,1,35,36,37,1,1,1,1,1,38,39,40,41,1,42,1,1,43,44,1,1,1,1,1,45,1,46,47,1,1,1,1,1,1,1,48,49,50,51,52,1,1,1,1,53,54,55,1,1,1,56,1,1,1,1,1,1,1,1,1,1,57,58,1,1,1,1,2,59,60,2,2,2,2,2,61,62,63,64,65,66,67,68","0.000876903533935547","fast_greedy","edit-xhwikibooks.graphml"
"0.02","0.92","0.06","0.515575154813286","3,3,3,8,9,10,11,7,12,13,14,15,5,5,5,16,17,18,19,20,1,3,21,7,4,4,4,22,23,24,25,26,27,28,6,6,29,30,1,1,1,1,31,32,33,34,1,35,36,37,1,1,1,1,1,38,39,40,41,1,42,1,1,43,44,1,1,1,1,1,45,1,46,47,1,1,1,1,1,1,1,48,49,50,51,52,1,1,1,1,53,54,55,1,1,1,56,1,1,1,1,1,1,1,1,1,1,57,58,1,1,1,1,2,59,60,2,2,2,2,2,61,62,63,64,65,66,67,68","0.000879049301147461","fast_greedy","edit-xhwikibooks.graphml"
"0.01","0.93","0.06","0.515575154813286","3,3,3,8,9,10,11,7,12,13,14,15,5,5,5,16,17,18,19,20,1,3,21,7,4,4,4,22,23,24,25,26,27,28,6,6,29,30,1,1,1,1,31,32,33,34,1,35,36,37,1,1,1,1,1,38,39,40,41,1,42,1,1,43,44,1,1,1,1,1,45,1,46,47,1,1,1,1,1,1,1,48,49,50,51,52,1,1,1,1,53,54,55,1,1,1,56,1,1,1,1,1,1,1,1,1,1,57,58,1,1,1,1,2,59,60,2,2,2,2,2,61,62,63,64,65,66,67,68","0.00109601020812988","fast_greedy","edit-xhwikibooks.graphml"
"0","0.94","0.06","0.55875","2,2,2,2,2,7,8,2,9,10,11,12,5,5,5,13,14,15,16,17,1,2,18,2,4,4,4,19,2,20,21,22,23,24,6,6,25,26,1,1,1,1,27,28,29,30,1,31,32,33,1,1,1,1,1,34,35,36,37,1,38,1,1,39,40,1,1,1,1,1,41,1,42,43,1,1,1,1,1,1,1,44,45,46,47,48,1,1,1,1,49,50,51,1,1,1,52,1,1,1,1,1,1,1,1,1,1,53,54,1,1,1,1,3,55,56,3,3,3,3,3,57,58,59,60,61,62,63,64","0.000863075256347656","fast_greedy","edit-xhwikibooks.graphml"
"0.93","0","0.07","0.738928571428572","1,1,1,1,1,2,1,5,2,2,4,1,5,5,5,2,2,4,4,1,3,6,5,5,5,5,5,2,1,2,4,4,1,1,7,7,8,5,3,3,3,3,6,6,6,6,3,6,6,6,3,3,3,3,3,6,6,6,6,3,5,3,3,5,5,3,3,3,3,3,6,3,5,5,3,3,3,3,3,3,3,5,2,2,2,1,3,3,3,3,2,4,4,3,3,3,2,3,3,3,3,3,3,3,3,3,3,1,1,1,3,3,3,7,7,7,7,7,7,7,7,8,8,8,8,8,8,8,8","0.000927925109863281","fast_greedy","edit-xhwikibooks.graphml"
"0.92","0.01","0.07","0.738928571428572","1,1,1,1,1,2,1,5,2,2,4,1,5,5,5,2,2,4,4,1,3,6,5,5,5,5,5,2,1,2,4,4,1,1,7,7,8,5,3,3,3,3,6,6,6,6,3,6,6,6,3,3,3,3,3,6,6,6,6,3,5,3,3,5,5,3,3,3,3,3,6,3,5,5,3,3,3,3,3,3,3,5,2,2,2,1,3,3,3,3,2,4,4,3,3,3,2,3,3,3,3,3,3,3,3,3,3,1,1,1,3,3,3,7,7,7,7,7,7,7,7,8,8,8,8,8,8,8,8","0.000938177108764648","fast_greedy","edit-xhwikibooks.graphml"
"0.91","0.02","0.07","0.738928571428572","1,1,1,1,1,2,1,5,2,2,4,1,5,5,5,2,2,4,4,1,3,6,5,5,5,5,5,2,1,2,4,4,1,1,7,7,8,5,3,3,3,3,6,6,6,6,3,6,6,6,3,3,3,3,3,6,6,6,6,3,5,3,3,5,5,3,3,3,3,3,6,3,5,5,3,3,3,3,3,3,3,5,2,2,2,1,3,3,3,3,2,4,4,3,3,3,2,3,3,3,3,3,3,3,3,3,3,1,1,1,3,3,3,7,7,7,7,7,7,7,7,8,8,8,8,8,8,8,8","0.000946998596191406","fast_greedy","edit-xhwikibooks.graphml"
"0.9","0.03","0.07","0.738928571428572","1,1,1,1,1,2,1,5,2,2,4,1,5,5,5,2,2,4,4,1,3,6,5,5,5,5,5,2,1,2,4,4,1,1,7,7,8,5,3,3,3,3,6,6,6,6,3,6,6,6,3,3,3,3,3,6,6,6,6,3,5,3,3,5,5,3,3,3,3,3,6,3,5,5,3,3,3,3,3,3,3,5,2,2,2,1,3,3,3,3,2,4,4,3,3,3,2,3,3,3,3,3,3,3,3,3,3,1,1,1,3,3,3,7,7,7,7,7,7,7,7,8,8,8,8,8,8,8,8","0.00092005729675293","fast_greedy","edit-xhwikibooks.graphml"
"0.89","0.04","0.07","0.738928571428572","1,1,1,1,1,2,1,5,2,2,4,1,5,5,5,2,2,4,4,1,3,6,5,5,5,5,5,2,1,2,4,4,1,1,7,7,8,5,3,3,3,3,6,6,6,6,3,6,6,6,3,3,3,3,3,6,6,6,6,3,5,3,3,5,5,3,3,3,3,3,6,3,5,5,3,3,3,3,3,3,3,5,2,2,2,1,3,3,3,3,2,4,4,3,3,3,2,3,3,3,3,3,3,3,3,3,3,1,1,1,3,3,3,7,7,7,7,7,7,7,7,8,8,8,8,8,8,8,8","0.000945806503295898","fast_greedy","edit-xhwikibooks.graphml"
"0.88","0.05","0.07","0.738928571428572","1,1,1,1,1,2,1,5,2,2,4,1,5,5,5,2,2,4,4,1,3,6,5,5,5,5,5,2,1,2,4,4,1,1,7,7,8,5,3,3,3,3,6,6,6,6,3,6,6,6,3,3,3,3,3,6,6,6,6,3,5,3,3,5,5,3,3,3,3,3,6,3,5,5,3,3,3,3,3,3,3,5,2,2,2,1,3,3,3,3,2,4,4,3,3,3,2,3,3,3,3,3,3,3,3,3,3,1,1,1,3,3,3,7,7,7,7,7,7,7,7,8,8,8,8,8,8,8,8","0.000957965850830078","fast_greedy","edit-xhwikibooks.graphml"
"0.87","0.06","0.07","0.738928571428572","1,1,1,1,1,2,1,5,2,2,4,1,5,5,5,2,2,4,4,1,3,6,5,5,5,5,5,2,1,2,4,4,1,1,7,7,8,5,3,3,3,3,6,6,6,6,3,6,6,6,3,3,3,3,3,6,6,6,6,3,5,3,3,5,5,3,3,3,3,3,6,3,5,5,3,3,3,3,3,3,3,5,2,2,2,1,3,3,3,3,2,4,4,3,3,3,2,3,3,3,3,3,3,3,3,3,3,1,1,1,3,3,3,7,7,7,7,7,7,7,7,8,8,8,8,8,8,8,8","0.000989913940429688","fast_greedy","edit-xhwikibooks.graphml"
"0.86","0.07","0.07","0.738928571428572","1,1,1,1,1,2,1,5,2,2,4,1,5,5,5,2,2,4,4,1,3,6,5,5,5,5,5,2,1,2,4,4,1,1,7,7,8,5,3,3,3,3,6,6,6,6,3,6,6,6,3,3,3,3,3,6,6,6,6,3,5,3,3,5,5,3,3,3,3,3,6,3,5,5,3,3,3,3,3,3,3,5,2,2,2,1,3,3,3,3,2,4,4,3,3,3,2,3,3,3,3,3,3,3,3,3,3,1,1,1,3,3,3,7,7,7,7,7,7,7,7,8,8,8,8,8,8,8,8","0.000996112823486328","fast_greedy","edit-xhwikibooks.graphml"
"0.85","0.08","0.07","0.729053497942387","2,2,2,2,2,1,2,1,1,1,2,4,1,1,1,5,1,2,2,4,3,6,1,1,1,1,1,5,2,1,2,2,4,4,7,7,8,1,3,3,3,3,6,6,6,6,3,6,6,6,3,3,3,3,3,6,6,6,6,3,9,3,3,1,1,3,3,3,3,3,6,3,1,1,3,3,3,3,3,3,3,1,5,5,5,10,3,3,3,3,11,12,13,3,3,3,5,3,3,3,3,3,3,3,3,3,3,4,4,4,3,3,3,7,7,7,7,7,7,7,7,8,8,8,8,8,8,8,8","0.000941991806030273","fast_greedy","edit-xhwikibooks.graphml"
"0.84","0.09","0.07","0.729053497942387","2,2,2,2,2,1,2,1,1,1,2,4,1,1,1,5,1,2,2,4,3,6,1,1,1,1,1,5,2,1,2,2,4,4,7,7,8,1,3,3,3,3,6,6,6,6,3,6,6,6,3,3,3,3,3,6,6,6,6,3,9,3,3,1,1,3,3,3,3,3,6,3,1,1,3,3,3,3,3,3,3,1,5,5,5,10,3,3,3,3,11,12,13,3,3,3,5,3,3,3,3,3,3,3,3,3,3,4,4,4,3,3,3,7,7,7,7,7,7,7,7,8,8,8,8,8,8,8,8","0.000993013381958008","fast_greedy","edit-xhwikibooks.graphml"
"0.83","0.1","0.07","0.729053497942387","2,2,2,2,2,1,2,1,1,1,2,4,1,1,1,5,1,2,2,4,3,6,1,1,1,1,1,5,2,1,2,2,4,4,7,7,8,1,3,3,3,3,6,6,6,6,3,6,6,6,3,3,3,3,3,6,6,6,6,3,9,3,3,1,1,3,3,3,3,3,6,3,1,1,3,3,3,3,3,3,3,1,5,5,5,10,3,3,3,3,11,12,13,3,3,3,5,3,3,3,3,3,3,3,3,3,3,4,4,4,3,3,3,7,7,7,7,7,7,7,7,8,8,8,8,8,8,8,8","0.00120401382446289","fast_greedy","edit-xhwikibooks.graphml"
"0.82","0.11","0.07","0.729053497942387","2,2,2,2,2,1,2,1,1,1,2,4,1,1,1,5,1,2,2,4,3,6,1,1,1,1,1,5,2,1,2,2,4,4,7,7,8,1,3,3,3,3,6,6,6,6,3,6,6,6,3,3,3,3,3,6,6,6,6,3,9,3,3,1,1,3,3,3,3,3,6,3,1,1,3,3,3,3,3,3,3,1,5,5,5,10,3,3,3,3,11,12,13,3,3,3,5,3,3,3,3,3,3,3,3,3,3,4,4,4,3,3,3,7,7,7,7,7,7,7,7,8,8,8,8,8,8,8,8","0.000997066497802734","fast_greedy","edit-xhwikibooks.graphml"
"0.81","0.12","0.07","0.729053497942387","2,2,2,2,2,1,2,1,1,1,2,4,1,1,1,5,1,2,2,4,3,6,1,1,1,1,1,5,2,1,2,2,4,4,7,7,8,1,3,3,3,3,6,6,6,6,3,6,6,6,3,3,3,3,3,6,6,6,6,3,9,3,3,1,1,3,3,3,3,3,6,3,1,1,3,3,3,3,3,3,3,1,5,5,5,10,3,3,3,3,11,12,13,3,3,3,5,3,3,3,3,3,3,3,3,3,3,4,4,4,3,3,3,7,7,7,7,7,7,7,7,8,8,8,8,8,8,8,8","0.00103092193603516","fast_greedy","edit-xhwikibooks.graphml"
"0.8","0.13","0.07","0.729053497942387","2,2,2,2,2,1,2,1,1,1,2,4,1,1,1,5,1,2,2,4,3,6,1,1,1,1,1,5,2,1,2,2,4,4,7,7,8,1,3,3,3,3,6,6,6,6,3,6,6,6,3,3,3,3,3,6,6,6,6,3,9,3,3,1,1,3,3,3,3,3,6,3,1,1,3,3,3,3,3,3,3,1,5,5,5,10,3,3,3,3,11,12,13,3,3,3,5,3,3,3,3,3,3,3,3,3,3,4,4,4,3,3,3,7,7,7,7,7,7,7,7,8,8,8,8,8,8,8,8","0.000982999801635742","fast_greedy","edit-xhwikibooks.graphml"
"0.79","0.14","0.07","0.729053497942387","2,2,2,2,2,1,2,1,1,1,2,4,1,1,1,5,1,2,2,4,3,6,1,1,1,1,1,5,2,1,2,2,4,4,7,7,8,1,3,3,3,3,6,6,6,6,3,6,6,6,3,3,3,3,3,6,6,6,6,3,9,3,3,1,1,3,3,3,3,3,6,3,1,1,3,3,3,3,3,3,3,1,5,5,5,10,3,3,3,3,11,12,13,3,3,3,5,3,3,3,3,3,3,3,3,3,3,4,4,4,3,3,3,7,7,7,7,7,7,7,7,8,8,8,8,8,8,8,8","0.000978946685791016","fast_greedy","edit-xhwikibooks.graphml"
"0.78","0.15","0.07","0.715104","1,1,1,1,1,3,1,4,3,3,1,1,4,4,4,3,8,1,1,1,2,5,4,4,4,4,4,3,1,9,10,1,1,1,6,6,7,4,2,2,2,2,5,5,5,5,2,5,5,5,2,2,2,2,2,5,5,5,5,2,11,2,2,12,13,2,2,2,2,2,5,2,4,4,2,2,2,2,2,2,2,14,3,3,3,15,2,2,2,2,16,17,18,2,2,2,19,2,2,2,2,2,2,2,2,2,2,20,21,2,2,2,2,6,6,6,6,6,6,6,6,7,7,7,7,7,7,7,7","0.000998020172119141","fast_greedy","edit-xhwikibooks.graphml"
"0.77","0.16","0.07","0.715104","1,1,1,1,1,3,1,4,3,3,1,1,4,4,4,3,8,1,1,1,2,5,4,4,4,4,4,3,1,9,10,1,1,1,6,6,7,4,2,2,2,2,5,5,5,5,2,5,5,5,2,2,2,2,2,5,5,5,5,2,11,2,2,12,13,2,2,2,2,2,5,2,4,4,2,2,2,2,2,2,2,14,3,3,3,15,2,2,2,2,16,17,18,2,2,2,19,2,2,2,2,2,2,2,2,2,2,20,21,2,2,2,2,6,6,6,6,6,6,6,6,7,7,7,7,7,7,7,7","0.00101900100708008","fast_greedy","edit-xhwikibooks.graphml"
"0.76","0.17","0.07","0.717088687326783","1,1,1,1,1,3,1,4,3,3,1,1,4,4,4,3,8,1,1,1,2,5,4,4,4,4,4,3,1,9,10,1,1,1,6,6,7,4,2,2,2,2,5,5,5,5,2,5,5,5,2,2,2,2,2,5,5,5,5,2,11,2,2,12,13,2,2,2,2,2,5,2,4,4,2,2,2,2,2,2,2,14,3,3,3,15,2,2,2,2,16,17,18,2,2,2,19,2,2,2,2,2,2,2,2,2,2,20,21,2,2,2,2,6,6,6,6,6,6,6,6,7,7,7,7,7,7,7,7","0.000997066497802734","fast_greedy","edit-xhwikibooks.graphml"
"0.75","0.18","0.07","0.717088687326783","1,1,1,1,1,3,1,4,3,3,1,1,4,4,4,3,8,1,1,1,2,5,4,4,4,4,4,3,1,9,10,1,1,1,6,6,7,4,2,2,2,2,5,5,5,5,2,5,5,5,2,2,2,2,2,5,5,5,5,2,11,2,2,12,13,2,2,2,2,2,5,2,4,4,2,2,2,2,2,2,2,14,3,3,3,15,2,2,2,2,16,17,18,2,2,2,19,2,2,2,2,2,2,2,2,2,2,20,21,2,2,2,2,6,6,6,6,6,6,6,6,7,7,7,7,7,7,7,7","0.000921010971069336","fast_greedy","edit-xhwikibooks.graphml"
"0.74","0.19","0.07","0.717088687326783","1,1,1,1,1,3,1,4,3,3,1,1,4,4,4,3,8,1,1,1,2,5,4,4,4,4,4,3,1,9,10,1,1,1,6,6,7,4,2,2,2,2,5,5,5,5,2,5,5,5,2,2,2,2,2,5,5,5,5,2,11,2,2,12,13,2,2,2,2,2,5,2,4,4,2,2,2,2,2,2,2,14,3,3,3,15,2,2,2,2,16,17,18,2,2,2,19,2,2,2,2,2,2,2,2,2,2,20,21,2,2,2,2,6,6,6,6,6,6,6,6,7,7,7,7,7,7,7,7","0.000931024551391602","fast_greedy","edit-xhwikibooks.graphml"
"0.73","0.2","0.07","0.717088687326783","1,1,1,1,1,3,1,4,3,3,1,1,4,4,4,3,8,1,1,1,2,5,4,4,4,4,4,3,1,9,10,1,1,1,6,6,7,4,2,2,2,2,5,5,5,5,2,5,5,5,2,2,2,2,2,5,5,5,5,2,11,2,2,12,13,2,2,2,2,2,5,2,4,4,2,2,2,2,2,2,2,14,3,3,3,15,2,2,2,2,16,17,18,2,2,2,19,2,2,2,2,2,2,2,2,2,2,20,21,2,2,2,2,6,6,6,6,6,6,6,6,7,7,7,7,7,7,7,7","0.00102114677429199","fast_greedy","edit-xhwikibooks.graphml"
"0.72","0.21","0.07","0.717088687326783","1,1,1,1,1,3,1,4,3,3,1,1,4,4,4,3,8,1,1,1,2,5,4,4,4,4,4,3,1,9,10,1,1,1,6,6,7,4,2,2,2,2,5,5,5,5,2,5,5,5,2,2,2,2,2,5,5,5,5,2,11,2,2,12,13,2,2,2,2,2,5,2,4,4,2,2,2,2,2,2,2,14,3,3,3,15,2,2,2,2,16,17,18,2,2,2,19,2,2,2,2,2,2,2,2,2,2,20,21,2,2,2,2,6,6,6,6,6,6,6,6,7,7,7,7,7,7,7,7","0.000905990600585938","fast_greedy","edit-xhwikibooks.graphml"
"0.71","0.22","0.07","0.697983099489796","5,5,5,2,8,2,1,2,2,2,1,9,2,2,2,2,10,11,1,7,3,4,12,2,2,2,2,2,5,13,14,15,7,16,1,1,6,2,3,3,3,3,4,4,4,4,3,4,4,4,3,3,3,3,3,4,4,4,4,3,17,3,3,18,19,3,3,3,3,3,4,3,20,21,3,3,3,3,3,3,3,22,23,24,25,26,3,3,3,3,27,28,29,3,3,3,30,3,3,3,3,3,3,3,3,3,3,31,32,3,3,3,3,1,1,1,1,1,1,1,1,6,6,6,6,6,6,6,6","0.00103187561035156","fast_greedy","edit-xhwikibooks.graphml"
"0.7","0.23","0.07","0.697983099489796","5,5,5,2,8,2,1,2,2,2,1,9,2,2,2,2,10,11,1,7,3,4,12,2,2,2,2,2,5,13,14,15,7,16,1,1,6,2,3,3,3,3,4,4,4,4,3,4,4,4,3,3,3,3,3,4,4,4,4,3,17,3,3,18,19,3,3,3,3,3,4,3,20,21,3,3,3,3,3,3,3,22,23,24,25,26,3,3,3,3,27,28,29,3,3,3,30,3,3,3,3,3,3,3,3,3,3,31,32,3,3,3,3,1,1,1,1,1,1,1,1,6,6,6,6,6,6,6,6","0.00120115280151367","fast_greedy","edit-xhwikibooks.graphml"
"0.69","0.24","0.07","0.697983099489796","5,5,5,2,8,2,1,2,2,2,1,9,2,2,2,2,10,11,1,7,3,4,12,2,2,2,2,2,5,13,14,15,7,16,1,1,6,2,3,3,3,3,4,4,4,4,3,4,4,4,3,3,3,3,3,4,4,4,4,3,17,3,3,18,19,3,3,3,3,3,4,3,20,21,3,3,3,3,3,3,3,22,23,24,25,26,3,3,3,3,27,28,29,3,3,3,30,3,3,3,3,3,3,3,3,3,3,31,32,3,3,3,3,1,1,1,1,1,1,1,1,6,6,6,6,6,6,6,6","0.00136399269104004","fast_greedy","edit-xhwikibooks.graphml"
"0.68","0.25","0.07","0.697983099489796","5,5,5,2,8,2,1,2,2,2,1,9,2,2,2,2,10,11,1,7,3,4,12,2,2,2,2,2,5,13,14,15,7,16,1,1,6,2,3,3,3,3,4,4,4,4,3,4,4,4,3,3,3,3,3,4,4,4,4,3,17,3,3,18,19,3,3,3,3,3,4,3,20,21,3,3,3,3,3,3,3,22,23,24,25,26,3,3,3,3,27,28,29,3,3,3,30,3,3,3,3,3,3,3,3,3,3,31,32,3,3,3,3,1,1,1,1,1,1,1,1,6,6,6,6,6,6,6,6","0.00100302696228027","fast_greedy","edit-xhwikibooks.graphml"
"0.67","0.26","0.07","0.697983099489796","5,5,5,2,8,2,1,2,2,2,1,9,2,2,2,2,10,11,1,7,3,4,12,2,2,2,2,2,5,13,14,15,7,16,1,1,6,2,3,3,3,3,4,4,4,4,3,4,4,4,3,3,3,3,3,4,4,4,4,3,17,3,3,18,19,3,3,3,3,3,4,3,20,21,3,3,3,3,3,3,3,22,23,24,25,26,3,3,3,3,27,28,29,3,3,3,30,3,3,3,3,3,3,3,3,3,3,31,32,3,3,3,3,1,1,1,1,1,1,1,1,6,6,6,6,6,6,6,6","0.000916004180908203","fast_greedy","edit-xhwikibooks.graphml"
"0.66","0.27","0.07","0.697983099489796","5,5,5,2,8,2,1,2,2,2,1,9,2,2,2,2,10,11,1,7,3,4,12,2,2,2,2,2,5,13,14,15,7,16,1,1,6,2,3,3,3,3,4,4,4,4,3,4,4,4,3,3,3,3,3,4,4,4,4,3,17,3,3,18,19,3,3,3,3,3,4,3,20,21,3,3,3,3,3,3,3,22,23,24,25,26,3,3,3,3,27,28,29,3,3,3,30,3,3,3,3,3,3,3,3,3,3,31,32,3,3,3,3,1,1,1,1,1,1,1,1,6,6,6,6,6,6,6,6","0.000946998596191406","fast_greedy","edit-xhwikibooks.graphml"
"0.65","0.28","0.07","0.697983099489796","5,5,5,2,8,2,1,2,2,2,1,9,2,2,2,2,10,11,1,7,3,4,12,2,2,2,2,2,5,13,14,15,7,16,1,1,6,2,3,3,3,3,4,4,4,4,3,4,4,4,3,3,3,3,3,4,4,4,4,3,17,3,3,18,19,3,3,3,3,3,4,3,20,21,3,3,3,3,3,3,3,22,23,24,25,26,3,3,3,3,27,28,29,3,3,3,30,3,3,3,3,3,3,3,3,3,3,31,32,3,3,3,3,1,1,1,1,1,1,1,1,6,6,6,6,6,6,6,6","0.000921010971069336","fast_greedy","edit-xhwikibooks.graphml"
"0.64","0.29","0.07","0.688367982493056","4,4,4,1,7,1,8,1,1,1,9,10,1,1,1,1,11,12,6,13,2,3,14,1,1,1,1,1,4,15,16,17,18,19,6,6,5,1,2,2,2,2,3,3,3,3,2,3,3,3,2,2,2,2,2,3,3,3,3,2,20,2,2,21,22,2,2,2,2,2,3,2,23,24,2,2,2,2,2,2,2,25,26,27,28,29,2,2,2,2,30,31,32,2,2,2,33,2,2,2,2,2,2,2,2,2,2,34,35,2,2,2,2,6,6,6,6,6,6,6,6,5,5,5,5,5,5,5,5","0.000926017761230469","fast_greedy","edit-xhwikibooks.graphml"
"0.63","0.3","0.07","0.688367982493056","4,4,4,1,7,1,8,1,1,1,9,10,1,1,1,1,11,12,6,13,2,3,14,1,1,1,1,1,4,15,16,17,18,19,6,6,5,1,2,2,2,2,3,3,3,3,2,3,3,3,2,2,2,2,2,3,3,3,3,2,20,2,2,21,22,2,2,2,2,2,3,2,23,24,2,2,2,2,2,2,2,25,26,27,28,29,2,2,2,2,30,31,32,2,2,2,33,2,2,2,2,2,2,2,2,2,2,34,35,2,2,2,2,6,6,6,6,6,6,6,6,5,5,5,5,5,5,5,5","0.000911951065063477","fast_greedy","edit-xhwikibooks.graphml"
"0.62","0.31","0.07","0.688367982493056","4,4,4,1,7,1,8,1,1,1,9,10,1,1,1,1,11,12,6,13,2,3,14,1,1,1,1,1,4,15,16,17,18,19,6,6,5,1,2,2,2,2,3,3,3,3,2,3,3,3,2,2,2,2,2,3,3,3,3,2,20,2,2,21,22,2,2,2,2,2,3,2,23,24,2,2,2,2,2,2,2,25,26,27,28,29,2,2,2,2,30,31,32,2,2,2,33,2,2,2,2,2,2,2,2,2,2,34,35,2,2,2,2,6,6,6,6,6,6,6,6,5,5,5,5,5,5,5,5","0.000932931900024414","fast_greedy","edit-xhwikibooks.graphml"
"0.61","0.32","0.07","0.688367982493056","4,4,4,1,7,1,8,1,1,1,9,10,1,1,1,1,11,12,6,13,2,3,14,1,1,1,1,1,4,15,16,17,18,19,6,6,5,1,2,2,2,2,3,3,3,3,2,3,3,3,2,2,2,2,2,3,3,3,3,2,20,2,2,21,22,2,2,2,2,2,3,2,23,24,2,2,2,2,2,2,2,25,26,27,28,29,2,2,2,2,30,31,32,2,2,2,33,2,2,2,2,2,2,2,2,2,2,34,35,2,2,2,2,6,6,6,6,6,6,6,6,5,5,5,5,5,5,5,5","0.000938892364501953","fast_greedy","edit-xhwikibooks.graphml"
"0.6","0.33","0.07","0.688367982493056","4,4,4,1,7,1,8,1,1,1,9,10,1,1,1,1,11,12,6,13,2,3,14,1,1,1,1,1,4,15,16,17,18,19,6,6,5,1,2,2,2,2,3,3,3,3,2,3,3,3,2,2,2,2,2,3,3,3,3,2,20,2,2,21,22,2,2,2,2,2,3,2,23,24,2,2,2,2,2,2,2,25,26,27,28,29,2,2,2,2,30,31,32,2,2,2,33,2,2,2,2,2,2,2,2,2,2,34,35,2,2,2,2,6,6,6,6,6,6,6,6,5,5,5,5,5,5,5,5","0.000905990600585938","fast_greedy","edit-xhwikibooks.graphml"
"0.59","0.34","0.07","0.690289256198347","4,4,4,1,7,1,8,1,1,1,9,10,1,1,1,1,11,12,5,13,2,3,14,1,1,1,1,1,4,15,16,17,18,19,5,5,6,1,2,2,2,2,3,3,3,3,2,3,3,3,2,2,2,2,2,3,3,3,3,2,20,2,2,21,22,2,2,2,2,2,3,2,23,24,2,2,2,2,2,2,2,25,26,27,28,29,2,2,2,2,30,31,32,2,2,2,33,2,2,2,2,2,2,2,2,2,2,34,35,2,2,2,2,5,5,5,5,5,5,5,5,6,6,6,6,6,6,6,6","0.000921964645385742","fast_greedy","edit-xhwikibooks.graphml"
"0.58","0.35","0.07","0.690289256198347","4,4,4,1,7,1,8,1,1,1,9,10,1,1,1,1,11,12,5,13,2,3,14,1,1,1,1,1,4,15,16,17,18,19,5,5,6,1,2,2,2,2,3,3,3,3,2,3,3,3,2,2,2,2,2,3,3,3,3,2,20,2,2,21,22,2,2,2,2,2,3,2,23,24,2,2,2,2,2,2,2,25,26,27,28,29,2,2,2,2,30,31,32,2,2,2,33,2,2,2,2,2,2,2,2,2,2,34,35,2,2,2,2,5,5,5,5,5,5,5,5,6,6,6,6,6,6,6,6","0.000967025756835938","fast_greedy","edit-xhwikibooks.graphml"
"0.57","0.36","0.07","0.679595044378698","2,2,2,7,8,2,9,2,6,10,11,12,2,6,6,2,13,14,5,15,1,3,16,6,6,6,6,17,18,19,20,21,22,23,5,5,4,6,1,1,1,1,3,3,3,3,1,3,3,3,1,1,1,1,1,3,3,3,3,1,24,1,1,25,26,1,1,1,1,1,3,1,27,28,1,1,1,1,1,1,1,29,30,31,32,33,1,1,1,1,34,35,36,1,1,1,37,1,1,1,1,1,1,1,1,1,1,38,39,1,1,1,1,5,5,5,5,5,5,5,5,4,4,4,4,4,4,4,4","0.000936985015869141","fast_greedy","edit-xhwikibooks.graphml"
"0.56","0.37","0.07","0.679595044378698","2,2,2,7,8,2,9,2,6,10,11,12,2,6,6,2,13,14,5,15,1,3,16,6,6,6,6,17,18,19,20,21,22,23,5,5,4,6,1,1,1,1,3,3,3,3,1,3,3,3,1,1,1,1,1,3,3,3,3,1,24,1,1,25,26,1,1,1,1,1,3,1,27,28,1,1,1,1,1,1,1,29,30,31,32,33,1,1,1,1,34,35,36,1,1,1,37,1,1,1,1,1,1,1,1,1,1,38,39,1,1,1,1,5,5,5,5,5,5,5,5,4,4,4,4,4,4,4,4","0.00093388557434082","fast_greedy","edit-xhwikibooks.graphml"
"0.55","0.38","0.07","0.679595044378698","2,2,2,7,8,2,9,2,6,10,11,12,2,6,6,2,13,14,5,15,1,3,16,6,6,6,6,17,18,19,20,21,22,23,5,5,4,6,1,1,1,1,3,3,3,3,1,3,3,3,1,1,1,1,1,3,3,3,3,1,24,1,1,25,26,1,1,1,1,1,3,1,27,28,1,1,1,1,1,1,1,29,30,31,32,33,1,1,1,1,34,35,36,1,1,1,37,1,1,1,1,1,1,1,1,1,1,38,39,1,1,1,1,5,5,5,5,5,5,5,5,4,4,4,4,4,4,4,4","0.000929117202758789","fast_greedy","edit-xhwikibooks.graphml"
"0.54","0.39","0.07","0.679595044378698","2,2,2,7,8,2,9,2,6,10,11,12,2,6,6,2,13,14,5,15,1,3,16,6,6,6,6,17,18,19,20,21,22,23,5,5,4,6,1,1,1,1,3,3,3,3,1,3,3,3,1,1,1,1,1,3,3,3,3,1,24,1,1,25,26,1,1,1,1,1,3,1,27,28,1,1,1,1,1,1,1,29,30,31,32,33,1,1,1,1,34,35,36,1,1,1,37,1,1,1,1,1,1,1,1,1,1,38,39,1,1,1,1,5,5,5,5,5,5,5,5,4,4,4,4,4,4,4,4","0.000943899154663086","fast_greedy","edit-xhwikibooks.graphml"
"0.53","0.4","0.07","0.679595044378698","2,2,2,7,8,2,9,2,6,10,11,12,2,6,6,2,13,14,5,15,1,3,16,6,6,6,6,17,18,19,20,21,22,23,5,5,4,6,1,1,1,1,3,3,3,3,1,3,3,3,1,1,1,1,1,3,3,3,3,1,24,1,1,25,26,1,1,1,1,1,3,1,27,28,1,1,1,1,1,1,1,29,30,31,32,33,1,1,1,1,34,35,36,1,1,1,37,1,1,1,1,1,1,1,1,1,1,38,39,1,1,1,1,5,5,5,5,5,5,5,5,4,4,4,4,4,4,4,4","0.00103998184204102","fast_greedy","edit-xhwikibooks.graphml"
"0.52","0.41","0.07","0.679595044378698","2,2,2,7,8,2,9,2,6,10,11,12,2,6,6,2,13,14,5,15,1,3,16,6,6,6,6,17,18,19,20,21,22,23,5,5,4,6,1,1,1,1,3,3,3,3,1,3,3,3,1,1,1,1,1,3,3,3,3,1,24,1,1,25,26,1,1,1,1,1,3,1,27,28,1,1,1,1,1,1,1,29,30,31,32,33,1,1,1,1,34,35,36,1,1,1,37,1,1,1,1,1,1,1,1,1,1,38,39,1,1,1,1,5,5,5,5,5,5,5,5,4,4,4,4,4,4,4,4","0.00105810165405273","fast_greedy","edit-xhwikibooks.graphml"
"0.51","0.42","0.07","0.679595044378698","2,2,2,7,8,2,9,2,6,10,11,12,2,6,6,2,13,14,5,15,1,3,16,6,6,6,6,17,18,19,20,21,22,23,5,5,4,6,1,1,1,1,3,3,3,3,1,3,3,3,1,1,1,1,1,3,3,3,3,1,24,1,1,25,26,1,1,1,1,1,3,1,27,28,1,1,1,1,1,1,1,29,30,31,32,33,1,1,1,1,34,35,36,1,1,1,37,1,1,1,1,1,1,1,1,1,1,38,39,1,1,1,1,5,5,5,5,5,5,5,5,4,4,4,4,4,4,4,4","0.0230190753936768","fast_greedy","edit-xhwikibooks.graphml"
"0.5","0.43","0.07","0.666454269189295","2,2,2,7,8,2,9,2,6,10,11,12,13,6,6,14,15,16,4,17,1,3,18,6,6,6,6,19,20,21,22,23,24,25,4,4,5,26,1,1,1,1,3,3,3,3,1,3,3,3,1,1,1,1,1,3,3,3,3,1,27,1,1,28,29,1,1,1,1,1,3,1,30,31,1,1,1,1,1,1,1,32,33,34,35,36,1,1,1,1,37,38,39,1,1,1,40,1,1,1,1,1,1,1,1,1,1,41,42,1,1,1,1,4,4,4,4,4,4,4,4,5,5,5,5,5,5,5,5","0.00103402137756348","fast_greedy","edit-xhwikibooks.graphml"
"0.49","0.44","0.07","0.666454269189295","2,2,2,7,8,2,9,2,6,10,11,12,13,6,6,14,15,16,4,17,1,3,18,6,6,6,6,19,20,21,22,23,24,25,4,4,5,26,1,1,1,1,3,3,3,3,1,3,3,3,1,1,1,1,1,3,3,3,3,1,27,1,1,28,29,1,1,1,1,1,3,1,30,31,1,1,1,1,1,1,1,32,33,34,35,36,1,1,1,1,37,38,39,1,1,1,40,1,1,1,1,1,1,1,1,1,1,41,42,1,1,1,1,4,4,4,4,4,4,4,4,5,5,5,5,5,5,5,5","0.000917196273803711","fast_greedy","edit-xhwikibooks.graphml"
"0.48","0.45","0.07","0.666454269189295","2,2,2,7,8,2,9,2,6,10,11,12,13,6,6,14,15,16,4,17,1,3,18,6,6,6,6,19,20,21,22,23,24,25,4,4,5,26,1,1,1,1,3,3,3,3,1,3,3,3,1,1,1,1,1,3,3,3,3,1,27,1,1,28,29,1,1,1,1,1,3,1,30,31,1,1,1,1,1,1,1,32,33,34,35,36,1,1,1,1,37,38,39,1,1,1,40,1,1,1,1,1,1,1,1,1,1,41,42,1,1,1,1,4,4,4,4,4,4,4,4,5,5,5,5,5,5,5,5","0.000916004180908203","fast_greedy","edit-xhwikibooks.graphml"
"0.47","0.46","0.07","0.666454269189295","2,2,2,7,8,2,9,2,6,10,11,12,13,6,6,14,15,16,4,17,1,3,18,6,6,6,6,19,20,21,22,23,24,25,4,4,5,26,1,1,1,1,3,3,3,3,1,3,3,3,1,1,1,1,1,3,3,3,3,1,27,1,1,28,29,1,1,1,1,1,3,1,30,31,1,1,1,1,1,1,1,32,33,34,35,36,1,1,1,1,37,38,39,1,1,1,40,1,1,1,1,1,1,1,1,1,1,41,42,1,1,1,1,4,4,4,4,4,4,4,4,5,5,5,5,5,5,5,5","0.000919103622436523","fast_greedy","edit-xhwikibooks.graphml"
"0.46","0.47","0.07","0.666454269189295","2,2,2,7,8,2,9,2,6,10,11,12,13,6,6,14,15,16,4,17,1,3,18,6,6,6,6,19,20,21,22,23,24,25,4,4,5,26,1,1,1,1,3,3,3,3,1,3,3,3,1,1,1,1,1,3,3,3,3,1,27,1,1,28,29,1,1,1,1,1,3,1,30,31,1,1,1,1,1,1,1,32,33,34,35,36,1,1,1,1,37,38,39,1,1,1,40,1,1,1,1,1,1,1,1,1,1,41,42,1,1,1,1,4,4,4,4,4,4,4,4,5,5,5,5,5,5,5,5","0.000885009765625","fast_greedy","edit-xhwikibooks.graphml"
"0.45","0.48","0.07","0.666454269189295","2,2,2,7,8,2,9,2,6,10,11,12,13,6,6,14,15,16,4,17,1,3,18,6,6,6,6,19,20,21,22,23,24,25,4,4,5,26,1,1,1,1,3,3,3,3,1,3,3,3,1,1,1,1,1,3,3,3,3,1,27,1,1,28,29,1,1,1,1,1,3,1,30,31,1,1,1,1,1,1,1,32,33,34,35,36,1,1,1,1,37,38,39,1,1,1,40,1,1,1,1,1,1,1,1,1,1,41,42,1,1,1,1,4,4,4,4,4,4,4,4,5,5,5,5,5,5,5,5","0.000883102416992188","fast_greedy","edit-xhwikibooks.graphml"
"0.44","0.49","0.07","0.666454269189295","2,2,2,7,8,2,9,2,6,10,11,12,13,6,6,14,15,16,4,17,1,3,18,6,6,6,6,19,20,21,22,23,24,25,4,4,5,26,1,1,1,1,3,3,3,3,1,3,3,3,1,1,1,1,1,3,3,3,3,1,27,1,1,28,29,1,1,1,1,1,3,1,30,31,1,1,1,1,1,1,1,32,33,34,35,36,1,1,1,1,37,38,39,1,1,1,40,1,1,1,1,1,1,1,1,1,1,41,42,1,1,1,1,4,4,4,4,4,4,4,4,5,5,5,5,5,5,5,5","0.000883102416992188","fast_greedy","edit-xhwikibooks.graphml"
"0.43","0.5","0.07","0.699905033238366","1,1,1,6,7,8,9,3,10,11,12,13,3,3,3,14,15,16,4,17,2,1,18,3,3,3,3,19,20,21,22,23,24,25,4,4,5,26,2,2,2,2,1,1,1,1,2,1,1,1,2,2,2,2,2,1,1,1,1,2,27,2,2,28,29,2,2,2,2,2,1,2,30,31,2,2,2,2,2,2,2,32,33,34,35,36,2,2,2,2,37,38,39,2,2,2,40,2,2,2,2,2,2,2,2,2,2,41,42,2,2,2,2,4,4,4,4,4,4,4,4,5,5,5,5,5,5,5,5","0.000878095626831055","fast_greedy","edit-xhwikibooks.graphml"
"0.42","0.51","0.07","0.699905033238366","1,1,1,6,7,8,9,3,10,11,12,13,3,3,3,14,15,16,4,17,2,1,18,3,3,3,3,19,20,21,22,23,24,25,4,4,5,26,2,2,2,2,1,1,1,1,2,1,1,1,2,2,2,2,2,1,1,1,1,2,27,2,2,28,29,2,2,2,2,2,1,2,30,31,2,2,2,2,2,2,2,32,33,34,35,36,2,2,2,2,37,38,39,2,2,2,40,2,2,2,2,2,2,2,2,2,2,41,42,2,2,2,2,4,4,4,4,4,4,4,4,5,5,5,5,5,5,5,5","0.000871896743774414","fast_greedy","edit-xhwikibooks.graphml"
"0.41","0.52","0.07","0.699905033238366","1,1,1,6,7,8,9,3,10,11,12,13,3,3,3,14,15,16,4,17,2,1,18,3,3,3,3,19,20,21,22,23,24,25,4,4,5,26,2,2,2,2,1,1,1,1,2,1,1,1,2,2,2,2,2,1,1,1,1,2,27,2,2,28,29,2,2,2,2,2,1,2,30,31,2,2,2,2,2,2,2,32,33,34,35,36,2,2,2,2,37,38,39,2,2,2,40,2,2,2,2,2,2,2,2,2,2,41,42,2,2,2,2,4,4,4,4,4,4,4,4,5,5,5,5,5,5,5,5","0.000854015350341797","fast_greedy","edit-xhwikibooks.graphml"
"0.4","0.53","0.07","0.699905033238366","1,1,1,6,7,8,9,3,10,11,12,13,3,3,3,14,15,16,4,17,2,1,18,3,3,3,3,19,20,21,22,23,24,25,4,4,5,26,2,2,2,2,1,1,1,1,2,1,1,1,2,2,2,2,2,1,1,1,1,2,27,2,2,28,29,2,2,2,2,2,1,2,30,31,2,2,2,2,2,2,2,32,33,34,35,36,2,2,2,2,37,38,39,2,2,2,40,2,2,2,2,2,2,2,2,2,2,41,42,2,2,2,2,4,4,4,4,4,4,4,4,5,5,5,5,5,5,5,5","0.000878095626831055","fast_greedy","edit-xhwikibooks.graphml"
"0.39","0.54","0.07","0.699905033238366","1,1,1,6,7,8,9,3,10,11,12,13,3,3,3,14,15,16,4,17,2,1,18,3,3,3,3,19,20,21,22,23,24,25,4,4,5,26,2,2,2,2,1,1,1,1,2,1,1,1,2,2,2,2,2,1,1,1,1,2,27,2,2,28,29,2,2,2,2,2,1,2,30,31,2,2,2,2,2,2,2,32,33,34,35,36,2,2,2,2,37,38,39,2,2,2,40,2,2,2,2,2,2,2,2,2,2,41,42,2,2,2,2,4,4,4,4,4,4,4,4,5,5,5,5,5,5,5,5","0.000946998596191406","fast_greedy","edit-xhwikibooks.graphml"
"0.38","0.55","0.07","0.699905033238366","1,1,1,6,7,8,9,3,10,11,12,13,3,3,3,14,15,16,4,17,2,1,18,3,3,3,3,19,20,21,22,23,24,25,4,4,5,26,2,2,2,2,1,1,1,1,2,1,1,1,2,2,2,2,2,1,1,1,1,2,27,2,2,28,29,2,2,2,2,2,1,2,30,31,2,2,2,2,2,2,2,32,33,34,35,36,2,2,2,2,37,38,39,2,2,2,40,2,2,2,2,2,2,2,2,2,2,41,42,2,2,2,2,4,4,4,4,4,4,4,4,5,5,5,5,5,5,5,5","0.00103497505187988","fast_greedy","edit-xhwikibooks.graphml"
"0.37","0.56","0.07","0.699905033238366","1,1,1,6,7,8,9,3,10,11,12,13,3,3,3,14,15,16,4,17,2,1,18,3,3,3,3,19,20,21,22,23,24,25,4,4,5,26,2,2,2,2,1,1,1,1,2,1,1,1,2,2,2,2,2,1,1,1,1,2,27,2,2,28,29,2,2,2,2,2,1,2,30,31,2,2,2,2,2,2,2,32,33,34,35,36,2,2,2,2,37,38,39,2,2,2,40,2,2,2,2,2,2,2,2,2,2,41,42,2,2,2,2,4,4,4,4,4,4,4,4,5,5,5,5,5,5,5,5","0.000835895538330078","fast_greedy","edit-xhwikibooks.graphml"
"0.36","0.57","0.07","0.659208579881657","1,1,1,6,7,8,9,5,10,11,12,13,4,4,4,14,15,16,3,17,2,1,18,5,4,4,4,19,20,21,22,23,24,25,3,3,4,26,2,2,2,2,1,1,1,1,2,1,1,1,2,2,2,2,2,1,1,1,1,2,27,2,2,28,29,2,2,2,2,2,1,2,30,31,2,2,2,2,2,2,2,32,33,34,35,36,2,2,2,2,37,38,39,2,2,2,40,2,2,2,2,2,2,2,2,2,2,41,42,2,2,2,2,3,43,44,3,3,3,3,3,45,46,47,48,49,50,51,52","0.000838041305541992","fast_greedy","edit-xhwikibooks.graphml"
"0.35","0.58","0.07","0.659208579881657","1,1,1,6,7,8,9,5,10,11,12,13,4,4,4,14,15,16,3,17,2,1,18,5,4,4,4,19,20,21,22,23,24,25,3,3,4,26,2,2,2,2,1,1,1,1,2,1,1,1,2,2,2,2,2,1,1,1,1,2,27,2,2,28,29,2,2,2,2,2,1,2,30,31,2,2,2,2,2,2,2,32,33,34,35,36,2,2,2,2,37,38,39,2,2,2,40,2,2,2,2,2,2,2,2,2,2,41,42,2,2,2,2,3,43,44,3,3,3,3,3,45,46,47,48,49,50,51,52","0.000839948654174805","fast_greedy","edit-xhwikibooks.graphml"
"0.34","0.59","0.07","0.659208579881657","1,1,1,6,7,8,9,5,10,11,12,13,4,4,4,14,15,16,3,17,2,1,18,5,4,4,4,19,20,21,22,23,24,25,3,3,4,26,2,2,2,2,1,1,1,1,2,1,1,1,2,2,2,2,2,1,1,1,1,2,27,2,2,28,29,2,2,2,2,2,1,2,30,31,2,2,2,2,2,2,2,32,33,34,35,36,2,2,2,2,37,38,39,2,2,2,40,2,2,2,2,2,2,2,2,2,2,41,42,2,2,2,2,3,43,44,3,3,3,3,3,45,46,47,48,49,50,51,52","0.000828981399536133","fast_greedy","edit-xhwikibooks.graphml"
"0.33","0.6","0.07","0.659208579881657","1,1,1,6,7,8,9,5,10,11,12,13,4,4,4,14,15,16,3,17,2,1,18,5,4,4,4,19,20,21,22,23,24,25,3,3,4,26,2,2,2,2,1,1,1,1,2,1,1,1,2,2,2,2,2,1,1,1,1,2,27,2,2,28,29,2,2,2,2,2,1,2,30,31,2,2,2,2,2,2,2,32,33,34,35,36,2,2,2,2,37,38,39,2,2,2,40,2,2,2,2,2,2,2,2,2,2,41,42,2,2,2,2,3,43,44,3,3,3,3,3,45,46,47,48,49,50,51,52","0.000847101211547852","fast_greedy","edit-xhwikibooks.graphml"
"0.32","0.61","0.07","0.659208579881657","1,1,1,6,7,8,9,5,10,11,12,13,4,4,4,14,15,16,3,17,2,1,18,5,4,4,4,19,20,21,22,23,24,25,3,3,4,26,2,2,2,2,1,1,1,1,2,1,1,1,2,2,2,2,2,1,1,1,1,2,27,2,2,28,29,2,2,2,2,2,1,2,30,31,2,2,2,2,2,2,2,32,33,34,35,36,2,2,2,2,37,38,39,2,2,2,40,2,2,2,2,2,2,2,2,2,2,41,42,2,2,2,2,3,43,44,3,3,3,3,3,45,46,47,48,49,50,51,52","0.000864982604980469","fast_greedy","edit-xhwikibooks.graphml"
"0.31","0.62","0.07","0.659208579881657","1,1,1,6,7,8,9,5,10,11,12,13,4,4,4,14,15,16,3,17,2,1,18,5,4,4,4,19,20,21,22,23,24,25,3,3,4,26,2,2,2,2,1,1,1,1,2,1,1,1,2,2,2,2,2,1,1,1,1,2,27,2,2,28,29,2,2,2,2,2,1,2,30,31,2,2,2,2,2,2,2,32,33,34,35,36,2,2,2,2,37,38,39,2,2,2,40,2,2,2,2,2,2,2,2,2,2,41,42,2,2,2,2,3,43,44,3,3,3,3,3,45,46,47,48,49,50,51,52","0.000875949859619141","fast_greedy","edit-xhwikibooks.graphml"
"0.3","0.63","0.07","0.659208579881657","1,1,1,6,7,8,9,5,10,11,12,13,4,4,4,14,15,16,3,17,2,1,18,5,4,4,4,19,20,21,22,23,24,25,3,3,4,26,2,2,2,2,1,1,1,1,2,1,1,1,2,2,2,2,2,1,1,1,1,2,27,2,2,28,29,2,2,2,2,2,1,2,30,31,2,2,2,2,2,2,2,32,33,34,35,36,2,2,2,2,37,38,39,2,2,2,40,2,2,2,2,2,2,2,2,2,2,41,42,2,2,2,2,3,43,44,3,3,3,3,3,45,46,47,48,49,50,51,52","0.000879049301147461","fast_greedy","edit-xhwikibooks.graphml"
"0.29","0.64","0.07","0.654632858893392","1,1,1,6,7,8,9,5,10,11,12,13,4,4,4,14,15,16,3,17,2,1,18,5,4,4,4,19,20,21,22,23,24,25,3,3,4,26,2,2,2,2,1,1,1,1,2,1,1,1,2,2,2,2,2,1,1,1,1,2,27,2,2,28,29,2,2,2,2,2,1,2,30,31,2,2,2,2,2,2,2,32,33,34,35,36,2,2,2,2,37,38,39,2,2,2,40,2,2,2,2,2,2,2,2,2,2,41,42,2,2,2,2,3,43,44,3,3,3,3,3,45,46,47,48,49,50,51,52","0.000874996185302734","fast_greedy","edit-xhwikibooks.graphml"
"0.28","0.65","0.07","0.654632858893392","1,1,1,6,7,8,9,5,10,11,12,13,4,4,4,14,15,16,3,17,2,1,18,5,4,4,4,19,20,21,22,23,24,25,3,3,4,26,2,2,2,2,1,1,1,1,2,1,1,1,2,2,2,2,2,1,1,1,1,2,27,2,2,28,29,2,2,2,2,2,1,2,30,31,2,2,2,2,2,2,2,32,33,34,35,36,2,2,2,2,37,38,39,2,2,2,40,2,2,2,2,2,2,2,2,2,2,41,42,2,2,2,2,3,43,44,3,3,3,3,3,45,46,47,48,49,50,51,52","0.000883102416992188","fast_greedy","edit-xhwikibooks.graphml"
"0.27","0.66","0.07","0.654632858893392","1,1,1,6,7,8,9,5,10,11,12,13,4,4,4,14,15,16,3,17,2,1,18,5,4,4,4,19,20,21,22,23,24,25,3,3,4,26,2,2,2,2,1,1,1,1,2,1,1,1,2,2,2,2,2,1,1,1,1,2,27,2,2,28,29,2,2,2,2,2,1,2,30,31,2,2,2,2,2,2,2,32,33,34,35,36,2,2,2,2,37,38,39,2,2,2,40,2,2,2,2,2,2,2,2,2,2,41,42,2,2,2,2,3,43,44,3,3,3,3,3,45,46,47,48,49,50,51,52","0.00088810920715332","fast_greedy","edit-xhwikibooks.graphml"
"0.26","0.67","0.07","0.654632858893392","1,1,1,6,7,8,9,5,10,11,12,13,4,4,4,14,15,16,3,17,2,1,18,5,4,4,4,19,20,21,22,23,24,25,3,3,4,26,2,2,2,2,1,1,1,1,2,1,1,1,2,2,2,2,2,1,1,1,1,2,27,2,2,28,29,2,2,2,2,2,1,2,30,31,2,2,2,2,2,2,2,32,33,34,35,36,2,2,2,2,37,38,39,2,2,2,40,2,2,2,2,2,2,2,2,2,2,41,42,2,2,2,2,3,43,44,3,3,3,3,3,45,46,47,48,49,50,51,52","0.000935077667236328","fast_greedy","edit-xhwikibooks.graphml"
"0.25","0.68","0.07","0.654632858893392","1,1,1,6,7,8,9,5,10,11,12,13,4,4,4,14,15,16,3,17,2,1,18,5,4,4,4,19,20,21,22,23,24,25,3,3,4,26,2,2,2,2,1,1,1,1,2,1,1,1,2,2,2,2,2,1,1,1,1,2,27,2,2,28,29,2,2,2,2,2,1,2,30,31,2,2,2,2,2,2,2,32,33,34,35,36,2,2,2,2,37,38,39,2,2,2,40,2,2,2,2,2,2,2,2,2,2,41,42,2,2,2,2,3,43,44,3,3,3,3,3,45,46,47,48,49,50,51,52","0.000834941864013672","fast_greedy","edit-xhwikibooks.graphml"
"0.24","0.69","0.07","0.654632858893392","1,1,1,6,7,8,9,5,10,11,12,13,4,4,4,14,15,16,3,17,2,1,18,5,4,4,4,19,20,21,22,23,24,25,3,3,4,26,2,2,2,2,1,1,1,1,2,1,1,1,2,2,2,2,2,1,1,1,1,2,27,2,2,28,29,2,2,2,2,2,1,2,30,31,2,2,2,2,2,2,2,32,33,34,35,36,2,2,2,2,37,38,39,2,2,2,40,2,2,2,2,2,2,2,2,2,2,41,42,2,2,2,2,3,43,44,3,3,3,3,3,45,46,47,48,49,50,51,52","0.00100803375244141","fast_greedy","edit-xhwikibooks.graphml"
"0.23","0.7","0.07","0.654632858893392","1,1,1,6,7,8,9,5,10,11,12,13,4,4,4,14,15,16,3,17,2,1,18,5,4,4,4,19,20,21,22,23,24,25,3,3,4,26,2,2,2,2,1,1,1,1,2,1,1,1,2,2,2,2,2,1,1,1,1,2,27,2,2,28,29,2,2,2,2,2,1,2,30,31,2,2,2,2,2,2,2,32,33,34,35,36,2,2,2,2,37,38,39,2,2,2,40,2,2,2,2,2,2,2,2,2,2,41,42,2,2,2,2,3,43,44,3,3,3,3,3,45,46,47,48,49,50,51,52","0.00082087516784668","fast_greedy","edit-xhwikibooks.graphml"
"0.22","0.71","0.07","0.6434","1,1,1,6,7,8,9,5,10,11,12,13,3,3,3,14,15,16,17,18,2,1,19,5,3,3,3,20,21,22,23,24,25,26,4,4,3,27,2,2,2,2,1,1,1,1,2,1,1,1,2,2,2,2,2,1,1,1,1,2,28,2,2,29,30,2,2,2,2,2,1,2,31,32,2,2,2,2,2,2,2,33,34,35,36,37,2,2,2,2,38,39,40,2,2,2,41,2,2,2,2,2,2,2,2,2,2,42,43,2,2,2,2,4,44,45,4,4,4,4,4,46,47,48,49,50,51,52,53","0.000847816467285156","fast_greedy","edit-xhwikibooks.graphml"
"0.21","0.72","0.07","0.6434","1,1,1,6,7,8,9,5,10,11,12,13,3,3,3,14,15,16,17,18,2,1,19,5,3,3,3,20,21,22,23,24,25,26,4,4,3,27,2,2,2,2,1,1,1,1,2,1,1,1,2,2,2,2,2,1,1,1,1,2,28,2,2,29,30,2,2,2,2,2,1,2,31,32,2,2,2,2,2,2,2,33,34,35,36,37,2,2,2,2,38,39,40,2,2,2,41,2,2,2,2,2,2,2,2,2,2,42,43,2,2,2,2,4,44,45,4,4,4,4,4,46,47,48,49,50,51,52,53","0.000865936279296875","fast_greedy","edit-xhwikibooks.graphml"
"0.2","0.73","0.07","0.6434","1,1,1,6,7,8,9,5,10,11,12,13,3,3,3,14,15,16,17,18,2,1,19,5,3,3,3,20,21,22,23,24,25,26,4,4,3,27,2,2,2,2,1,1,1,1,2,1,1,1,2,2,2,2,2,1,1,1,1,2,28,2,2,29,30,2,2,2,2,2,1,2,31,32,2,2,2,2,2,2,2,33,34,35,36,37,2,2,2,2,38,39,40,2,2,2,41,2,2,2,2,2,2,2,2,2,2,42,43,2,2,2,2,4,44,45,4,4,4,4,4,46,47,48,49,50,51,52,53","0.000864028930664062","fast_greedy","edit-xhwikibooks.graphml"
"0.19","0.74","0.07","0.6434","1,1,1,6,7,8,9,5,10,11,12,13,3,3,3,14,15,16,17,18,2,1,19,5,3,3,3,20,21,22,23,24,25,26,4,4,3,27,2,2,2,2,1,1,1,1,2,1,1,1,2,2,2,2,2,1,1,1,1,2,28,2,2,29,30,2,2,2,2,2,1,2,31,32,2,2,2,2,2,2,2,33,34,35,36,37,2,2,2,2,38,39,40,2,2,2,41,2,2,2,2,2,2,2,2,2,2,42,43,2,2,2,2,4,44,45,4,4,4,4,4,46,47,48,49,50,51,52,53","0.000874996185302734","fast_greedy","edit-xhwikibooks.graphml"
"0.18","0.75","0.07","0.6434","1,1,1,6,7,8,9,5,10,11,12,13,3,3,3,14,15,16,17,18,2,1,19,5,3,3,3,20,21,22,23,24,25,26,4,4,3,27,2,2,2,2,1,1,1,1,2,1,1,1,2,2,2,2,2,1,1,1,1,2,28,2,2,29,30,2,2,2,2,2,1,2,31,32,2,2,2,2,2,2,2,33,34,35,36,37,2,2,2,2,38,39,40,2,2,2,41,2,2,2,2,2,2,2,2,2,2,42,43,2,2,2,2,4,44,45,4,4,4,4,4,46,47,48,49,50,51,52,53","0.000856161117553711","fast_greedy","edit-xhwikibooks.graphml"
"0.17","0.76","0.07","0.6434","1,1,1,6,7,8,9,5,10,11,12,13,3,3,3,14,15,16,17,18,2,1,19,5,3,3,3,20,21,22,23,24,25,26,4,4,3,27,2,2,2,2,1,1,1,1,2,1,1,1,2,2,2,2,2,1,1,1,1,2,28,2,2,29,30,2,2,2,2,2,1,2,31,32,2,2,2,2,2,2,2,33,34,35,36,37,2,2,2,2,38,39,40,2,2,2,41,2,2,2,2,2,2,2,2,2,2,42,43,2,2,2,2,4,44,45,4,4,4,4,4,46,47,48,49,50,51,52,53","0.000906944274902344","fast_greedy","edit-xhwikibooks.graphml"
"0.16","0.77","0.07","0.6434","1,1,1,6,7,8,9,5,10,11,12,13,3,3,3,14,15,16,17,18,2,1,19,5,3,3,3,20,21,22,23,24,25,26,4,4,3,27,2,2,2,2,1,1,1,1,2,1,1,1,2,2,2,2,2,1,1,1,1,2,28,2,2,29,30,2,2,2,2,2,1,2,31,32,2,2,2,2,2,2,2,33,34,35,36,37,2,2,2,2,38,39,40,2,2,2,41,2,2,2,2,2,2,2,2,2,2,42,43,2,2,2,2,4,44,45,4,4,4,4,4,46,47,48,49,50,51,52,53","0.000892877578735352","fast_greedy","edit-xhwikibooks.graphml"
"0.15","0.78","0.07","0.639934700540761","1,1,1,7,8,9,10,6,11,12,13,14,4,4,4,15,16,17,18,19,2,1,20,6,5,5,5,21,22,23,24,25,26,27,3,3,4,28,2,2,2,2,1,1,1,1,2,1,1,1,2,2,2,2,2,1,1,1,1,2,29,2,2,30,31,2,2,2,2,2,1,2,32,33,2,2,2,2,2,2,2,34,35,36,37,38,2,2,2,2,39,40,41,2,2,2,42,2,2,2,2,2,2,2,2,2,2,43,44,2,2,2,2,3,45,46,3,3,3,3,3,47,48,49,50,51,52,53,54","0.000874996185302734","fast_greedy","edit-xhwikibooks.graphml"
"0.14","0.79","0.07","0.639934700540761","1,1,1,7,8,9,10,6,11,12,13,14,4,4,4,15,16,17,18,19,2,1,20,6,5,5,5,21,22,23,24,25,26,27,3,3,4,28,2,2,2,2,1,1,1,1,2,1,1,1,2,2,2,2,2,1,1,1,1,2,29,2,2,30,31,2,2,2,2,2,1,2,32,33,2,2,2,2,2,2,2,34,35,36,37,38,2,2,2,2,39,40,41,2,2,2,42,2,2,2,2,2,2,2,2,2,2,43,44,2,2,2,2,3,45,46,3,3,3,3,3,47,48,49,50,51,52,53,54","0.00089716911315918","fast_greedy","edit-xhwikibooks.graphml"
"0.13","0.8","0.07","0.639934700540761","1,1,1,7,8,9,10,6,11,12,13,14,4,4,4,15,16,17,18,19,2,1,20,6,5,5,5,21,22,23,24,25,26,27,3,3,4,28,2,2,2,2,1,1,1,1,2,1,1,1,2,2,2,2,2,1,1,1,1,2,29,2,2,30,31,2,2,2,2,2,1,2,32,33,2,2,2,2,2,2,2,34,35,36,37,38,2,2,2,2,39,40,41,2,2,2,42,2,2,2,2,2,2,2,2,2,2,43,44,2,2,2,2,3,45,46,3,3,3,3,3,47,48,49,50,51,52,53,54","0.000885009765625","fast_greedy","edit-xhwikibooks.graphml"
"0.12","0.81","0.07","0.639934700540761","1,1,1,7,8,9,10,6,11,12,13,14,4,4,4,15,16,17,18,19,2,1,20,6,5,5,5,21,22,23,24,25,26,27,3,3,4,28,2,2,2,2,1,1,1,1,2,1,1,1,2,2,2,2,2,1,1,1,1,2,29,2,2,30,31,2,2,2,2,2,1,2,32,33,2,2,2,2,2,2,2,34,35,36,37,38,2,2,2,2,39,40,41,2,2,2,42,2,2,2,2,2,2,2,2,2,2,43,44,2,2,2,2,3,45,46,3,3,3,3,3,47,48,49,50,51,52,53,54","0.000849008560180664","fast_greedy","edit-xhwikibooks.graphml"
"0.11","0.82","0.07","0.639934700540761","1,1,1,7,8,9,10,6,11,12,13,14,4,4,4,15,16,17,18,19,2,1,20,6,5,5,5,21,22,23,24,25,26,27,3,3,4,28,2,2,2,2,1,1,1,1,2,1,1,1,2,2,2,2,2,1,1,1,1,2,29,2,2,30,31,2,2,2,2,2,1,2,32,33,2,2,2,2,2,2,2,34,35,36,37,38,2,2,2,2,39,40,41,2,2,2,42,2,2,2,2,2,2,2,2,2,2,43,44,2,2,2,2,3,45,46,3,3,3,3,3,47,48,49,50,51,52,53,54","0.000887155532836914","fast_greedy","edit-xhwikibooks.graphml"
"0.1","0.83","0.07","0.639934700540761","1,1,1,7,8,9,10,6,11,12,13,14,4,4,4,15,16,17,18,19,2,1,20,6,5,5,5,21,22,23,24,25,26,27,3,3,4,28,2,2,2,2,1,1,1,1,2,1,1,1,2,2,2,2,2,1,1,1,1,2,29,2,2,30,31,2,2,2,2,2,1,2,32,33,2,2,2,2,2,2,2,34,35,36,37,38,2,2,2,2,39,40,41,2,2,2,42,2,2,2,2,2,2,2,2,2,2,43,44,2,2,2,2,3,45,46,3,3,3,3,3,47,48,49,50,51,52,53,54","0.000854015350341797","fast_greedy","edit-xhwikibooks.graphml"
"0.09","0.84","0.07","0.639934700540761","1,1,1,7,8,9,10,6,11,12,13,14,4,4,4,15,16,17,18,19,2,1,20,6,5,5,5,21,22,23,24,25,26,27,3,3,4,28,2,2,2,2,1,1,1,1,2,1,1,1,2,2,2,2,2,1,1,1,1,2,29,2,2,30,31,2,2,2,2,2,1,2,32,33,2,2,2,2,2,2,2,34,35,36,37,38,2,2,2,2,39,40,41,2,2,2,42,2,2,2,2,2,2,2,2,2,2,43,44,2,2,2,2,3,45,46,3,3,3,3,3,47,48,49,50,51,52,53,54","0.000854969024658203","fast_greedy","edit-xhwikibooks.graphml"
"0.08","0.85","0.07","0.554453125","3,3,3,7,8,9,10,6,11,12,13,14,4,4,4,15,16,17,18,19,1,3,20,6,5,5,5,21,22,23,24,25,26,27,2,2,4,28,1,1,1,1,29,30,31,32,1,33,34,35,1,1,1,1,1,36,37,38,39,1,40,1,1,41,42,1,1,1,1,1,43,1,44,45,1,1,1,1,1,1,1,46,47,48,49,50,1,1,1,1,51,52,53,1,1,1,54,1,1,1,1,1,1,1,1,1,1,55,56,1,1,1,1,2,57,58,2,2,2,2,2,59,60,61,62,63,64,65,66","0.000885963439941406","fast_greedy","edit-xhwikibooks.graphml"
"0.07","0.86","0.07","0.554453125","3,3,3,7,8,9,10,6,11,12,13,14,4,4,4,15,16,17,18,19,1,3,20,6,5,5,5,21,22,23,24,25,26,27,2,2,4,28,1,1,1,1,29,30,31,32,1,33,34,35,1,1,1,1,1,36,37,38,39,1,40,1,1,41,42,1,1,1,1,1,43,1,44,45,1,1,1,1,1,1,1,46,47,48,49,50,1,1,1,1,51,52,53,1,1,1,54,1,1,1,1,1,1,1,1,1,1,55,56,1,1,1,1,2,57,58,2,2,2,2,2,59,60,61,62,63,64,65,66","0.000893115997314453","fast_greedy","edit-xhwikibooks.graphml"
"0.06","0.87","0.07","0.554453125","3,3,3,7,8,9,10,6,11,12,13,14,4,4,4,15,16,17,18,19,1,3,20,6,5,5,5,21,22,23,24,25,26,27,2,2,4,28,1,1,1,1,29,30,31,32,1,33,34,35,1,1,1,1,1,36,37,38,39,1,40,1,1,41,42,1,1,1,1,1,43,1,44,45,1,1,1,1,1,1,1,46,47,48,49,50,1,1,1,1,51,52,53,1,1,1,54,1,1,1,1,1,1,1,1,1,1,55,56,1,1,1,1,2,57,58,2,2,2,2,2,59,60,61,62,63,64,65,66","0.000860214233398438","fast_greedy","edit-xhwikibooks.graphml"
"0.05","0.88","0.07","0.554453125","3,3,3,7,8,9,10,6,11,12,13,14,4,4,4,15,16,17,18,19,1,3,20,6,5,5,5,21,22,23,24,25,26,27,2,2,4,28,1,1,1,1,29,30,31,32,1,33,34,35,1,1,1,1,1,36,37,38,39,1,40,1,1,41,42,1,1,1,1,1,43,1,44,45,1,1,1,1,1,1,1,46,47,48,49,50,1,1,1,1,51,52,53,1,1,1,54,1,1,1,1,1,1,1,1,1,1,55,56,1,1,1,1,2,57,58,2,2,2,2,2,59,60,61,62,63,64,65,66","0.000867843627929688","fast_greedy","edit-xhwikibooks.graphml"
"0.04","0.89","0.07","0.554453125","3,3,3,7,8,9,10,6,11,12,13,14,4,4,4,15,16,17,18,19,1,3,20,6,5,5,5,21,22,23,24,25,26,27,2,2,4,28,1,1,1,1,29,30,31,32,1,33,34,35,1,1,1,1,1,36,37,38,39,1,40,1,1,41,42,1,1,1,1,1,43,1,44,45,1,1,1,1,1,1,1,46,47,48,49,50,1,1,1,1,51,52,53,1,1,1,54,1,1,1,1,1,1,1,1,1,1,55,56,1,1,1,1,2,57,58,2,2,2,2,2,59,60,61,62,63,64,65,66","0.000849008560180664","fast_greedy","edit-xhwikibooks.graphml"
"0.03","0.9","0.07","0.554453125","3,3,3,7,8,9,10,6,11,12,13,14,4,4,4,15,16,17,18,19,1,3,20,6,5,5,5,21,22,23,24,25,26,27,2,2,4,28,1,1,1,1,29,30,31,32,1,33,34,35,1,1,1,1,1,36,37,38,39,1,40,1,1,41,42,1,1,1,1,1,43,1,44,45,1,1,1,1,1,1,1,46,47,48,49,50,1,1,1,1,51,52,53,1,1,1,54,1,1,1,1,1,1,1,1,1,1,55,56,1,1,1,1,2,57,58,2,2,2,2,2,59,60,61,62,63,64,65,66","0.000864028930664062","fast_greedy","edit-xhwikibooks.graphml"
"0.02","0.91","0.07","0.554453125","3,3,3,7,8,9,10,6,11,12,13,14,4,4,4,15,16,17,18,19,1,3,20,6,5,5,5,21,22,23,24,25,26,27,2,2,4,28,1,1,1,1,29,30,31,32,1,33,34,35,1,1,1,1,1,36,37,38,39,1,40,1,1,41,42,1,1,1,1,1,43,1,44,45,1,1,1,1,1,1,1,46,47,48,49,50,1,1,1,1,51,52,53,1,1,1,54,1,1,1,1,1,1,1,1,1,1,55,56,1,1,1,1,2,57,58,2,2,2,2,2,59,60,61,62,63,64,65,66","0.000890016555786133","fast_greedy","edit-xhwikibooks.graphml"
"0.01","0.92","0.07","0.554453125","3,3,3,7,8,9,10,6,11,12,13,14,4,4,4,15,16,17,18,19,1,3,20,6,5,5,5,21,22,23,24,25,26,27,2,2,4,28,1,1,1,1,29,30,31,32,1,33,34,35,1,1,1,1,1,36,37,38,39,1,40,1,1,41,42,1,1,1,1,1,43,1,44,45,1,1,1,1,1,1,1,46,47,48,49,50,1,1,1,1,51,52,53,1,1,1,54,1,1,1,1,1,1,1,1,1,1,55,56,1,1,1,1,2,57,58,2,2,2,2,2,59,60,61,62,63,64,65,66","0.000884056091308594","fast_greedy","edit-xhwikibooks.graphml"
"0","0.93","0.07","0.590302549874488","2,2,2,2,2,6,7,2,8,9,10,11,4,4,4,12,13,14,15,16,1,2,17,2,5,5,5,18,2,19,20,21,22,23,3,3,4,24,1,1,1,1,25,26,27,28,1,29,30,31,1,1,1,1,1,32,33,34,35,1,36,1,1,37,38,1,1,1,1,1,39,1,40,41,1,1,1,1,1,1,1,42,43,44,45,46,1,1,1,1,47,48,49,1,1,1,50,1,1,1,1,1,1,1,1,1,1,51,52,1,1,1,1,3,53,54,3,3,3,3,3,55,56,57,58,59,60,61,62","0.000958919525146484","fast_greedy","edit-xhwikibooks.graphml"
"0.92","0","0.08","0.738928571428572","1,1,1,1,1,2,1,5,2,2,4,1,5,5,5,2,2,4,4,1,3,6,5,5,5,5,5,2,1,2,4,4,1,1,7,7,8,5,3,3,3,3,6,6,6,6,3,6,6,6,3,3,3,3,3,6,6,6,6,3,5,3,3,5,5,3,3,3,3,3,6,3,5,5,3,3,3,3,3,3,3,5,2,2,2,1,3,3,3,3,2,4,4,3,3,3,2,3,3,3,3,3,3,3,3,3,3,1,1,1,3,3,3,7,7,7,7,7,7,7,7,8,8,8,8,8,8,8,8","0.00092005729675293","fast_greedy","edit-xhwikibooks.graphml"
"0.91","0.01","0.08","0.738928571428572","1,1,1,1,1,2,1,5,2,2,4,1,5,5,5,2,2,4,4,1,3,6,5,5,5,5,5,2,1,2,4,4,1,1,7,7,8,5,3,3,3,3,6,6,6,6,3,6,6,6,3,3,3,3,3,6,6,6,6,3,5,3,3,5,5,3,3,3,3,3,6,3,5,5,3,3,3,3,3,3,3,5,2,2,2,1,3,3,3,3,2,4,4,3,3,3,2,3,3,3,3,3,3,3,3,3,3,1,1,1,3,3,3,7,7,7,7,7,7,7,7,8,8,8,8,8,8,8,8","0.000919818878173828","fast_greedy","edit-xhwikibooks.graphml"
"0.9","0.02","0.08","0.738928571428572","1,1,1,1,1,2,1,5,2,2,4,1,5,5,5,2,2,4,4,1,3,6,5,5,5,5,5,2,1,2,4,4,1,1,7,7,8,5,3,3,3,3,6,6,6,6,3,6,6,6,3,3,3,3,3,6,6,6,6,3,5,3,3,5,5,3,3,3,3,3,6,3,5,5,3,3,3,3,3,3,3,5,2,2,2,1,3,3,3,3,2,4,4,3,3,3,2,3,3,3,3,3,3,3,3,3,3,1,1,1,3,3,3,7,7,7,7,7,7,7,7,8,8,8,8,8,8,8,8","0.00108122825622559","fast_greedy","edit-xhwikibooks.graphml"
"0.89","0.03","0.08","0.738928571428572","1,1,1,1,1,2,1,5,2,2,4,1,5,5,5,2,2,4,4,1,3,6,5,5,5,5,5,2,1,2,4,4,1,1,7,7,8,5,3,3,3,3,6,6,6,6,3,6,6,6,3,3,3,3,3,6,6,6,6,3,5,3,3,5,5,3,3,3,3,3,6,3,5,5,3,3,3,3,3,3,3,5,2,2,2,1,3,3,3,3,2,4,4,3,3,3,2,3,3,3,3,3,3,3,3,3,3,1,1,1,3,3,3,7,7,7,7,7,7,7,7,8,8,8,8,8,8,8,8","0.000900030136108398","fast_greedy","edit-xhwikibooks.graphml"
"0.88","0.04","0.08","0.738928571428572","1,1,1,1,1,2,1,5,2,2,4,1,5,5,5,2,2,4,4,1,3,6,5,5,5,5,5,2,1,2,4,4,1,1,7,7,8,5,3,3,3,3,6,6,6,6,3,6,6,6,3,3,3,3,3,6,6,6,6,3,5,3,3,5,5,3,3,3,3,3,6,3,5,5,3,3,3,3,3,3,3,5,2,2,2,1,3,3,3,3,2,4,4,3,3,3,2,3,3,3,3,3,3,3,3,3,3,1,1,1,3,3,3,7,7,7,7,7,7,7,7,8,8,8,8,8,8,8,8","0.000893831253051758","fast_greedy","edit-xhwikibooks.graphml"
"0.87","0.05","0.08","0.738928571428572","1,1,1,1,1,2,1,5,2,2,4,1,5,5,5,2,2,4,4,1,3,6,5,5,5,5,5,2,1,2,4,4,1,1,7,7,8,5,3,3,3,3,6,6,6,6,3,6,6,6,3,3,3,3,3,6,6,6,6,3,5,3,3,5,5,3,3,3,3,3,6,3,5,5,3,3,3,3,3,3,3,5,2,2,2,1,3,3,3,3,2,4,4,3,3,3,2,3,3,3,3,3,3,3,3,3,3,1,1,1,3,3,3,7,7,7,7,7,7,7,7,8,8,8,8,8,8,8,8","0.000900030136108398","fast_greedy","edit-xhwikibooks.graphml"
"0.86","0.06","0.08","0.738928571428572","1,1,1,1,1,2,1,5,2,2,4,1,5,5,5,2,2,4,4,1,3,6,5,5,5,5,5,2,1,2,4,4,1,1,7,7,8,5,3,3,3,3,6,6,6,6,3,6,6,6,3,3,3,3,3,6,6,6,6,3,5,3,3,5,5,3,3,3,3,3,6,3,5,5,3,3,3,3,3,3,3,5,2,2,2,1,3,3,3,3,2,4,4,3,3,3,2,3,3,3,3,3,3,3,3,3,3,1,1,1,3,3,3,7,7,7,7,7,7,7,7,8,8,8,8,8,8,8,8","0.000886917114257812","fast_greedy","edit-xhwikibooks.graphml"
"0.85","0.07","0.08","0.738928571428572","1,1,1,1,1,2,1,5,2,2,4,1,5,5,5,2,2,4,4,1,3,6,5,5,5,5,5,2,1,2,4,4,1,1,7,7,8,5,3,3,3,3,6,6,6,6,3,6,6,6,3,3,3,3,3,6,6,6,6,3,5,3,3,5,5,3,3,3,3,3,6,3,5,5,3,3,3,3,3,3,3,5,2,2,2,1,3,3,3,3,2,4,4,3,3,3,2,3,3,3,3,3,3,3,3,3,3,1,1,1,3,3,3,7,7,7,7,7,7,7,7,8,8,8,8,8,8,8,8","0.000935077667236328","fast_greedy","edit-xhwikibooks.graphml"
"0.84","0.08","0.08","0.738928571428572","1,1,1,1,1,2,1,5,2,2,4,1,5,5,5,2,2,4,4,1,3,6,5,5,5,5,5,2,1,2,4,4,1,1,7,7,8,5,3,3,3,3,6,6,6,6,3,6,6,6,3,3,3,3,3,6,6,6,6,3,5,3,3,5,5,3,3,3,3,3,6,3,5,5,3,3,3,3,3,3,3,5,2,2,2,1,3,3,3,3,2,4,4,3,3,3,2,3,3,3,3,3,3,3,3,3,3,1,1,1,3,3,3,7,7,7,7,7,7,7,7,8,8,8,8,8,8,8,8","0.000943899154663086","fast_greedy","edit-xhwikibooks.graphml"
"0.83","0.09","0.08","0.729053497942387","2,2,2,2,2,1,2,1,1,1,2,4,1,1,1,5,1,2,2,4,3,6,1,1,1,1,1,5,2,1,2,2,4,4,7,7,8,1,3,3,3,3,6,6,6,6,3,6,6,6,3,3,3,3,3,6,6,6,6,3,9,3,3,1,1,3,3,3,3,3,6,3,1,1,3,3,3,3,3,3,3,1,5,5,5,10,3,3,3,3,11,12,13,3,3,3,5,3,3,3,3,3,3,3,3,3,3,4,4,4,3,3,3,7,7,7,7,7,7,7,7,8,8,8,8,8,8,8,8","0.00096893310546875","fast_greedy","edit-xhwikibooks.graphml"
"0.82","0.1","0.08","0.729053497942387","2,2,2,2,2,1,2,1,1,1,2,4,1,1,1,5,1,2,2,4,3,6,1,1,1,1,1,5,2,1,2,2,4,4,7,7,8,1,3,3,3,3,6,6,6,6,3,6,6,6,3,3,3,3,3,6,6,6,6,3,9,3,3,1,1,3,3,3,3,3,6,3,1,1,3,3,3,3,3,3,3,1,5,5,5,10,3,3,3,3,11,12,13,3,3,3,5,3,3,3,3,3,3,3,3,3,3,4,4,4,3,3,3,7,7,7,7,7,7,7,7,8,8,8,8,8,8,8,8","0.000931024551391602","fast_greedy","edit-xhwikibooks.graphml"
"0.81","0.11","0.08","0.729053497942387","2,2,2,2,2,1,2,1,1,1,2,4,1,1,1,5,1,2,2,4,3,6,1,1,1,1,1,5,2,1,2,2,4,4,7,7,8,1,3,3,3,3,6,6,6,6,3,6,6,6,3,3,3,3,3,6,6,6,6,3,9,3,3,1,1,3,3,3,3,3,6,3,1,1,3,3,3,3,3,3,3,1,5,5,5,10,3,3,3,3,11,12,13,3,3,3,5,3,3,3,3,3,3,3,3,3,3,4,4,4,3,3,3,7,7,7,7,7,7,7,7,8,8,8,8,8,8,8,8","0.000978946685791016","fast_greedy","edit-xhwikibooks.graphml"
"0.8","0.12","0.08","0.729053497942387","2,2,2,2,2,1,2,1,1,1,2,4,1,1,1,5,1,2,2,4,3,6,1,1,1,1,1,5,2,1,2,2,4,4,7,7,8,1,3,3,3,3,6,6,6,6,3,6,6,6,3,3,3,3,3,6,6,6,6,3,9,3,3,1,1,3,3,3,3,3,6,3,1,1,3,3,3,3,3,3,3,1,5,5,5,10,3,3,3,3,11,12,13,3,3,3,5,3,3,3,3,3,3,3,3,3,3,4,4,4,3,3,3,7,7,7,7,7,7,7,7,8,8,8,8,8,8,8,8","0.000969171524047852","fast_greedy","edit-xhwikibooks.graphml"
"0.79","0.13","0.08","0.729053497942387","2,2,2,2,2,1,2,1,1,1,2,4,1,1,1,5,1,2,2,4,3,6,1,1,1,1,1,5,2,1,2,2,4,4,7,7,8,1,3,3,3,3,6,6,6,6,3,6,6,6,3,3,3,3,3,6,6,6,6,3,9,3,3,1,1,3,3,3,3,3,6,3,1,1,3,3,3,3,3,3,3,1,5,5,5,10,3,3,3,3,11,12,13,3,3,3,5,3,3,3,3,3,3,3,3,3,3,4,4,4,3,3,3,7,7,7,7,7,7,7,7,8,8,8,8,8,8,8,8","0.000893115997314453","fast_greedy","edit-xhwikibooks.graphml"
"0.78","0.14","0.08","0.729053497942387","2,2,2,2,2,1,2,1,1,1,2,4,1,1,1,5,1,2,2,4,3,6,1,1,1,1,1,5,2,1,2,2,4,4,7,7,8,1,3,3,3,3,6,6,6,6,3,6,6,6,3,3,3,3,3,6,6,6,6,3,9,3,3,1,1,3,3,3,3,3,6,3,1,1,3,3,3,3,3,3,3,1,5,5,5,10,3,3,3,3,11,12,13,3,3,3,5,3,3,3,3,3,3,3,3,3,3,4,4,4,3,3,3,7,7,7,7,7,7,7,7,8,8,8,8,8,8,8,8","0.000889778137207031","fast_greedy","edit-xhwikibooks.graphml"
"0.77","0.15","0.08","0.729053497942387","2,2,2,2,2,1,2,1,1,1,2,4,1,1,1,5,1,2,2,4,3,6,1,1,1,1,1,5,2,1,2,2,4,4,7,7,8,1,3,3,3,3,6,6,6,6,3,6,6,6,3,3,3,3,3,6,6,6,6,3,9,3,3,1,1,3,3,3,3,3,6,3,1,1,3,3,3,3,3,3,3,1,5,5,5,10,3,3,3,3,11,12,13,3,3,3,5,3,3,3,3,3,3,3,3,3,3,4,4,4,3,3,3,7,7,7,7,7,7,7,7,8,8,8,8,8,8,8,8","0.0011141300201416","fast_greedy","edit-xhwikibooks.graphml"
"0.76","0.16","0.08","0.729053497942387","2,2,2,2,2,1,2,1,1,1,2,4,1,1,1,5,1,2,2,4,3,6,1,1,1,1,1,5,2,1,2,2,4,4,7,7,8,1,3,3,3,3,6,6,6,6,3,6,6,6,3,3,3,3,3,6,6,6,6,3,9,3,3,1,1,3,3,3,3,3,6,3,1,1,3,3,3,3,3,3,3,1,5,5,5,10,3,3,3,3,11,12,13,3,3,3,5,3,3,3,3,3,3,3,3,3,3,4,4,4,3,3,3,7,7,7,7,7,7,7,7,8,8,8,8,8,8,8,8","0.000894069671630859","fast_greedy","edit-xhwikibooks.graphml"
"0.75","0.17","0.08","0.717088687326783","1,1,1,1,1,3,1,4,3,3,1,1,4,4,4,3,8,1,1,1,2,5,4,4,4,4,4,3,1,9,10,1,1,1,6,6,7,4,2,2,2,2,5,5,5,5,2,5,5,5,2,2,2,2,2,5,5,5,5,2,11,2,2,12,13,2,2,2,2,2,5,2,4,4,2,2,2,2,2,2,2,14,3,3,3,15,2,2,2,2,16,17,18,2,2,2,19,2,2,2,2,2,2,2,2,2,2,20,21,2,2,2,2,6,6,6,6,6,6,6,6,7,7,7,7,7,7,7,7","0.000888824462890625","fast_greedy","edit-xhwikibooks.graphml"
"0.74","0.18","0.08","0.717088687326783","1,1,1,1,1,3,1,4,3,3,1,1,4,4,4,3,8,1,1,1,2,5,4,4,4,4,4,3,1,9,10,1,1,1,6,6,7,4,2,2,2,2,5,5,5,5,2,5,5,5,2,2,2,2,2,5,5,5,5,2,11,2,2,12,13,2,2,2,2,2,5,2,4,4,2,2,2,2,2,2,2,14,3,3,3,15,2,2,2,2,16,17,18,2,2,2,19,2,2,2,2,2,2,2,2,2,2,20,21,2,2,2,2,6,6,6,6,6,6,6,6,7,7,7,7,7,7,7,7","0.000905036926269531","fast_greedy","edit-xhwikibooks.graphml"
"0.73","0.19","0.08","0.717088687326783","1,1,1,1,1,3,1,4,3,3,1,1,4,4,4,3,8,1,1,1,2,5,4,4,4,4,4,3,1,9,10,1,1,1,6,6,7,4,2,2,2,2,5,5,5,5,2,5,5,5,2,2,2,2,2,5,5,5,5,2,11,2,2,12,13,2,2,2,2,2,5,2,4,4,2,2,2,2,2,2,2,14,3,3,3,15,2,2,2,2,16,17,18,2,2,2,19,2,2,2,2,2,2,2,2,2,2,20,21,2,2,2,2,6,6,6,6,6,6,6,6,7,7,7,7,7,7,7,7","0.00091099739074707","fast_greedy","edit-xhwikibooks.graphml"
"0.72","0.2","0.08","0.717088687326783","1,1,1,1,1,3,1,4,3,3,1,1,4,4,4,3,8,1,1,1,2,5,4,4,4,4,4,3,1,9,10,1,1,1,6,6,7,4,2,2,2,2,5,5,5,5,2,5,5,5,2,2,2,2,2,5,5,5,5,2,11,2,2,12,13,2,2,2,2,2,5,2,4,4,2,2,2,2,2,2,2,14,3,3,3,15,2,2,2,2,16,17,18,2,2,2,19,2,2,2,2,2,2,2,2,2,2,20,21,2,2,2,2,6,6,6,6,6,6,6,6,7,7,7,7,7,7,7,7","0.00092005729675293","fast_greedy","edit-xhwikibooks.graphml"
"0.71","0.21","0.08","0.717088687326783","1,1,1,1,1,3,1,4,3,3,1,1,4,4,4,3,8,1,1,1,2,5,4,4,4,4,4,3,1,9,10,1,1,1,6,6,7,4,2,2,2,2,5,5,5,5,2,5,5,5,2,2,2,2,2,5,5,5,5,2,11,2,2,12,13,2,2,2,2,2,5,2,4,4,2,2,2,2,2,2,2,14,3,3,3,15,2,2,2,2,16,17,18,2,2,2,19,2,2,2,2,2,2,2,2,2,2,20,21,2,2,2,2,6,6,6,6,6,6,6,6,7,7,7,7,7,7,7,7","0.000926971435546875","fast_greedy","edit-xhwikibooks.graphml"
"0.7","0.22","0.08","0.717088687326783","1,1,1,1,1,3,1,4,3,3,1,1,4,4,4,3,8,1,1,1,2,5,4,4,4,4,4,3,1,9,10,1,1,1,6,6,7,4,2,2,2,2,5,5,5,5,2,5,5,5,2,2,2,2,2,5,5,5,5,2,11,2,2,12,13,2,2,2,2,2,5,2,4,4,2,2,2,2,2,2,2,14,3,3,3,15,2,2,2,2,16,17,18,2,2,2,19,2,2,2,2,2,2,2,2,2,2,20,21,2,2,2,2,6,6,6,6,6,6,6,6,7,7,7,7,7,7,7,7","0.000927209854125977","fast_greedy","edit-xhwikibooks.graphml"
"0.69","0.23","0.08","0.717088687326783","1,1,1,1,1,3,1,4,3,3,1,1,4,4,4,3,8,1,1,1,2,5,4,4,4,4,4,3,1,9,10,1,1,1,6,6,7,4,2,2,2,2,5,5,5,5,2,5,5,5,2,2,2,2,2,5,5,5,5,2,11,2,2,12,13,2,2,2,2,2,5,2,4,4,2,2,2,2,2,2,2,14,3,3,3,15,2,2,2,2,16,17,18,2,2,2,19,2,2,2,2,2,2,2,2,2,2,20,21,2,2,2,2,6,6,6,6,6,6,6,6,7,7,7,7,7,7,7,7","0.000935077667236328","fast_greedy","edit-xhwikibooks.graphml"
"0.68","0.24","0.08","0.717088687326783","1,1,1,1,1,3,1,4,3,3,1,1,4,4,4,3,8,1,1,1,2,5,4,4,4,4,4,3,1,9,10,1,1,1,6,6,7,4,2,2,2,2,5,5,5,5,2,5,5,5,2,2,2,2,2,5,5,5,5,2,11,2,2,12,13,2,2,2,2,2,5,2,4,4,2,2,2,2,2,2,2,14,3,3,3,15,2,2,2,2,16,17,18,2,2,2,19,2,2,2,2,2,2,2,2,2,2,20,21,2,2,2,2,6,6,6,6,6,6,6,6,7,7,7,7,7,7,7,7","0.00096893310546875","fast_greedy","edit-xhwikibooks.graphml"
"0.67","0.25","0.08","0.697983099489796","5,5,5,2,8,2,1,2,2,2,1,9,2,2,2,2,10,11,1,7,3,4,12,2,2,2,2,2,5,13,14,15,7,16,1,1,6,2,3,3,3,3,4,4,4,4,3,4,4,4,3,3,3,3,3,4,4,4,4,3,17,3,3,18,19,3,3,3,3,3,4,3,20,21,3,3,3,3,3,3,3,22,23,24,25,26,3,3,3,3,27,28,29,3,3,3,30,3,3,3,3,3,3,3,3,3,3,31,32,3,3,3,3,1,1,1,1,1,1,1,1,6,6,6,6,6,6,6,6","0.000900030136108398","fast_greedy","edit-xhwikibooks.graphml"
"0.66","0.26","0.08","0.697983099489796","5,5,5,2,8,2,1,2,2,2,1,9,2,2,2,2,10,11,1,7,3,4,12,2,2,2,2,2,5,13,14,15,7,16,1,1,6,2,3,3,3,3,4,4,4,4,3,4,4,4,3,3,3,3,3,4,4,4,4,3,17,3,3,18,19,3,3,3,3,3,4,3,20,21,3,3,3,3,3,3,3,22,23,24,25,26,3,3,3,3,27,28,29,3,3,3,30,3,3,3,3,3,3,3,3,3,3,31,32,3,3,3,3,1,1,1,1,1,1,1,1,6,6,6,6,6,6,6,6","0.000869989395141602","fast_greedy","edit-xhwikibooks.graphml"
"0.65","0.27","0.08","0.697983099489796","5,5,5,2,8,2,1,2,2,2,1,9,2,2,2,2,10,11,1,7,3,4,12,2,2,2,2,2,5,13,14,15,7,16,1,1,6,2,3,3,3,3,4,4,4,4,3,4,4,4,3,3,3,3,3,4,4,4,4,3,17,3,3,18,19,3,3,3,3,3,4,3,20,21,3,3,3,3,3,3,3,22,23,24,25,26,3,3,3,3,27,28,29,3,3,3,30,3,3,3,3,3,3,3,3,3,3,31,32,3,3,3,3,1,1,1,1,1,1,1,1,6,6,6,6,6,6,6,6","0.000893115997314453","fast_greedy","edit-xhwikibooks.graphml"
"0.64","0.28","0.08","0.697983099489796","5,5,5,2,8,2,1,2,2,2,1,9,2,2,2,2,10,11,1,7,3,4,12,2,2,2,2,2,5,13,14,15,7,16,1,1,6,2,3,3,3,3,4,4,4,4,3,4,4,4,3,3,3,3,3,4,4,4,4,3,17,3,3,18,19,3,3,3,3,3,4,3,20,21,3,3,3,3,3,3,3,22,23,24,25,26,3,3,3,3,27,28,29,3,3,3,30,3,3,3,3,3,3,3,3,3,3,31,32,3,3,3,3,1,1,1,1,1,1,1,1,6,6,6,6,6,6,6,6","0.000904083251953125","fast_greedy","edit-xhwikibooks.graphml"
"0.63","0.29","0.08","0.697983099489796","5,5,5,2,8,2,1,2,2,2,1,9,2,2,2,2,10,11,1,7,3,4,12,2,2,2,2,2,5,13,14,15,7,16,1,1,6,2,3,3,3,3,4,4,4,4,3,4,4,4,3,3,3,3,3,4,4,4,4,3,17,3,3,18,19,3,3,3,3,3,4,3,20,21,3,3,3,3,3,3,3,22,23,24,25,26,3,3,3,3,27,28,29,3,3,3,30,3,3,3,3,3,3,3,3,3,3,31,32,3,3,3,3,1,1,1,1,1,1,1,1,6,6,6,6,6,6,6,6","0.00087285041809082","fast_greedy","edit-xhwikibooks.graphml"
"0.62","0.3","0.08","0.697983099489796","5,5,5,2,8,2,1,2,2,2,1,9,2,2,2,2,10,11,1,7,3,4,12,2,2,2,2,2,5,13,14,15,7,16,1,1,6,2,3,3,3,3,4,4,4,4,3,4,4,4,3,3,3,3,3,4,4,4,4,3,17,3,3,18,19,3,3,3,3,3,4,3,20,21,3,3,3,3,3,3,3,22,23,24,25,26,3,3,3,3,27,28,29,3,3,3,30,3,3,3,3,3,3,3,3,3,3,31,32,3,3,3,3,1,1,1,1,1,1,1,1,6,6,6,6,6,6,6,6","0.000870943069458008","fast_greedy","edit-xhwikibooks.graphml"
"0.61","0.31","0.08","0.697983099489796","5,5,5,2,8,2,1,2,2,2,1,9,2,2,2,2,10,11,1,7,3,4,12,2,2,2,2,2,5,13,14,15,7,16,1,1,6,2,3,3,3,3,4,4,4,4,3,4,4,4,3,3,3,3,3,4,4,4,4,3,17,3,3,18,19,3,3,3,3,3,4,3,20,21,3,3,3,3,3,3,3,22,23,24,25,26,3,3,3,3,27,28,29,3,3,3,30,3,3,3,3,3,3,3,3,3,3,31,32,3,3,3,3,1,1,1,1,1,1,1,1,6,6,6,6,6,6,6,6","0.00087285041809082","fast_greedy","edit-xhwikibooks.graphml"
"0.6","0.32","0.08","0.697983099489796","5,5,5,2,8,2,1,2,2,2,1,9,2,2,2,2,10,11,1,7,3,4,12,2,2,2,2,2,5,13,14,15,7,16,1,1,6,2,3,3,3,3,4,4,4,4,3,4,4,4,3,3,3,3,3,4,4,4,4,3,17,3,3,18,19,3,3,3,3,3,4,3,20,21,3,3,3,3,3,3,3,22,23,24,25,26,3,3,3,3,27,28,29,3,3,3,30,3,3,3,3,3,3,3,3,3,3,31,32,3,3,3,3,1,1,1,1,1,1,1,1,6,6,6,6,6,6,6,6","0.000868082046508789","fast_greedy","edit-xhwikibooks.graphml"
"0.59","0.33","0.08","0.688367982493056","4,4,4,1,7,1,8,1,1,1,9,10,1,1,1,1,11,12,6,13,2,3,14,1,1,1,1,1,4,15,16,17,18,19,6,6,5,1,2,2,2,2,3,3,3,3,2,3,3,3,2,2,2,2,2,3,3,3,3,2,20,2,2,21,22,2,2,2,2,2,3,2,23,24,2,2,2,2,2,2,2,25,26,27,28,29,2,2,2,2,30,31,32,2,2,2,33,2,2,2,2,2,2,2,2,2,2,34,35,2,2,2,2,6,6,6,6,6,6,6,6,5,5,5,5,5,5,5,5","0.000898122787475586","fast_greedy","edit-xhwikibooks.graphml"
"0.58","0.34","0.08","0.690289256198347","4,4,4,1,7,1,8,1,1,1,9,10,1,1,1,1,11,12,5,13,2,3,14,1,1,1,1,1,4,15,16,17,18,19,5,5,6,1,2,2,2,2,3,3,3,3,2,3,3,3,2,2,2,2,2,3,3,3,3,2,20,2,2,21,22,2,2,2,2,2,3,2,23,24,2,2,2,2,2,2,2,25,26,27,28,29,2,2,2,2,30,31,32,2,2,2,33,2,2,2,2,2,2,2,2,2,2,34,35,2,2,2,2,5,5,5,5,5,5,5,5,6,6,6,6,6,6,6,6","0.000903844833374023","fast_greedy","edit-xhwikibooks.graphml"
"0.57","0.35","0.08","0.690289256198347","4,4,4,1,7,1,8,1,1,1,9,10,1,1,1,1,11,12,5,13,2,3,14,1,1,1,1,1,4,15,16,17,18,19,5,5,6,1,2,2,2,2,3,3,3,3,2,3,3,3,2,2,2,2,2,3,3,3,3,2,20,2,2,21,22,2,2,2,2,2,3,2,23,24,2,2,2,2,2,2,2,25,26,27,28,29,2,2,2,2,30,31,32,2,2,2,33,2,2,2,2,2,2,2,2,2,2,34,35,2,2,2,2,5,5,5,5,5,5,5,5,6,6,6,6,6,6,6,6","0.000900030136108398","fast_greedy","edit-xhwikibooks.graphml"
"0.56","0.36","0.08","0.690289256198347","4,4,4,1,7,1,8,1,1,1,9,10,1,1,1,1,11,12,5,13,2,3,14,1,1,1,1,1,4,15,16,17,18,19,5,5,6,1,2,2,2,2,3,3,3,3,2,3,3,3,2,2,2,2,2,3,3,3,3,2,20,2,2,21,22,2,2,2,2,2,3,2,23,24,2,2,2,2,2,2,2,25,26,27,28,29,2,2,2,2,30,31,32,2,2,2,33,2,2,2,2,2,2,2,2,2,2,34,35,2,2,2,2,5,5,5,5,5,5,5,5,6,6,6,6,6,6,6,6","0.000916004180908203","fast_greedy","edit-xhwikibooks.graphml"
"0.55","0.37","0.08","0.690289256198347","4,4,4,1,7,1,8,1,1,1,9,10,1,1,1,1,11,12,5,13,2,3,14,1,1,1,1,1,4,15,16,17,18,19,5,5,6,1,2,2,2,2,3,3,3,3,2,3,3,3,2,2,2,2,2,3,3,3,3,2,20,2,2,21,22,2,2,2,2,2,3,2,23,24,2,2,2,2,2,2,2,25,26,27,28,29,2,2,2,2,30,31,32,2,2,2,33,2,2,2,2,2,2,2,2,2,2,34,35,2,2,2,2,5,5,5,5,5,5,5,5,6,6,6,6,6,6,6,6","0.000869989395141602","fast_greedy","edit-xhwikibooks.graphml"
"0.54","0.38","0.08","0.690289256198347","4,4,4,1,7,1,8,1,1,1,9,10,1,1,1,1,11,12,5,13,2,3,14,1,1,1,1,1,4,15,16,17,18,19,5,5,6,1,2,2,2,2,3,3,3,3,2,3,3,3,2,2,2,2,2,3,3,3,3,2,20,2,2,21,22,2,2,2,2,2,3,2,23,24,2,2,2,2,2,2,2,25,26,27,28,29,2,2,2,2,30,31,32,2,2,2,33,2,2,2,2,2,2,2,2,2,2,34,35,2,2,2,2,5,5,5,5,5,5,5,5,6,6,6,6,6,6,6,6","0.000869035720825195","fast_greedy","edit-xhwikibooks.graphml"
"0.53","0.39","0.08","0.690289256198347","4,4,4,1,7,1,8,1,1,1,9,10,1,1,1,1,11,12,5,13,2,3,14,1,1,1,1,1,4,15,16,17,18,19,5,5,6,1,2,2,2,2,3,3,3,3,2,3,3,3,2,2,2,2,2,3,3,3,3,2,20,2,2,21,22,2,2,2,2,2,3,2,23,24,2,2,2,2,2,2,2,25,26,27,28,29,2,2,2,2,30,31,32,2,2,2,33,2,2,2,2,2,2,2,2,2,2,34,35,2,2,2,2,5,5,5,5,5,5,5,5,6,6,6,6,6,6,6,6","0.000880956649780273","fast_greedy","edit-xhwikibooks.graphml"
"0.52","0.4","0.08","0.690289256198347","4,4,4,1,7,1,8,1,1,1,9,10,1,1,1,1,11,12,5,13,2,3,14,1,1,1,1,1,4,15,16,17,18,19,5,5,6,1,2,2,2,2,3,3,3,3,2,3,3,3,2,2,2,2,2,3,3,3,3,2,20,2,2,21,22,2,2,2,2,2,3,2,23,24,2,2,2,2,2,2,2,25,26,27,28,29,2,2,2,2,30,31,32,2,2,2,33,2,2,2,2,2,2,2,2,2,2,34,35,2,2,2,2,5,5,5,5,5,5,5,5,6,6,6,6,6,6,6,6","0.000896930694580078","fast_greedy","edit-xhwikibooks.graphml"
"0.51","0.41","0.08","0.679595044378698","2,2,2,7,8,2,9,2,6,10,11,12,2,6,6,2,13,14,5,15,1,3,16,6,6,6,6,17,18,19,20,21,22,23,5,5,4,6,1,1,1,1,3,3,3,3,1,3,3,3,1,1,1,1,1,3,3,3,3,1,24,1,1,25,26,1,1,1,1,1,3,1,27,28,1,1,1,1,1,1,1,29,30,31,32,33,1,1,1,1,34,35,36,1,1,1,37,1,1,1,1,1,1,1,1,1,1,38,39,1,1,1,1,5,5,5,5,5,5,5,5,4,4,4,4,4,4,4,4","0.000905990600585938","fast_greedy","edit-xhwikibooks.graphml"
"0.5","0.42","0.08","0.679595044378698","2,2,2,7,8,2,9,2,6,10,11,12,2,6,6,2,13,14,5,15,1,3,16,6,6,6,6,17,18,19,20,21,22,23,5,5,4,6,1,1,1,1,3,3,3,3,1,3,3,3,1,1,1,1,1,3,3,3,3,1,24,1,1,25,26,1,1,1,1,1,3,1,27,28,1,1,1,1,1,1,1,29,30,31,32,33,1,1,1,1,34,35,36,1,1,1,37,1,1,1,1,1,1,1,1,1,1,38,39,1,1,1,1,5,5,5,5,5,5,5,5,4,4,4,4,4,4,4,4","0.00110912322998047","fast_greedy","edit-xhwikibooks.graphml"
"0.49","0.43","0.08","0.679595044378698","2,2,2,7,8,2,9,2,6,10,11,12,2,6,6,2,13,14,5,15,1,3,16,6,6,6,6,17,18,19,20,21,22,23,5,5,4,6,1,1,1,1,3,3,3,3,1,3,3,3,1,1,1,1,1,3,3,3,3,1,24,1,1,25,26,1,1,1,1,1,3,1,27,28,1,1,1,1,1,1,1,29,30,31,32,33,1,1,1,1,34,35,36,1,1,1,37,1,1,1,1,1,1,1,1,1,1,38,39,1,1,1,1,5,5,5,5,5,5,5,5,4,4,4,4,4,4,4,4","0.00088810920715332","fast_greedy","edit-xhwikibooks.graphml"
"0.48","0.44","0.08","0.679595044378698","2,2,2,7,8,2,9,2,6,10,11,12,2,6,6,2,13,14,5,15,1,3,16,6,6,6,6,17,18,19,20,21,22,23,5,5,4,6,1,1,1,1,3,3,3,3,1,3,3,3,1,1,1,1,1,3,3,3,3,1,24,1,1,25,26,1,1,1,1,1,3,1,27,28,1,1,1,1,1,1,1,29,30,31,32,33,1,1,1,1,34,35,36,1,1,1,37,1,1,1,1,1,1,1,1,1,1,38,39,1,1,1,1,5,5,5,5,5,5,5,5,4,4,4,4,4,4,4,4","0.00088810920715332","fast_greedy","edit-xhwikibooks.graphml"
"0.47","0.45","0.08","0.679595044378698","2,2,2,7,8,2,9,2,6,10,11,12,2,6,6,2,13,14,5,15,1,3,16,6,6,6,6,17,18,19,20,21,22,23,5,5,4,6,1,1,1,1,3,3,3,3,1,3,3,3,1,1,1,1,1,3,3,3,3,1,24,1,1,25,26,1,1,1,1,1,3,1,27,28,1,1,1,1,1,1,1,29,30,31,32,33,1,1,1,1,34,35,36,1,1,1,37,1,1,1,1,1,1,1,1,1,1,38,39,1,1,1,1,5,5,5,5,5,5,5,5,4,4,4,4,4,4,4,4","0.000878095626831055","fast_greedy","edit-xhwikibooks.graphml"
"0.46","0.46","0.08","0.679595044378698","2,2,2,7,8,2,9,2,6,10,11,12,2,6,6,2,13,14,5,15,1,3,16,6,6,6,6,17,18,19,20,21,22,23,5,5,4,6,1,1,1,1,3,3,3,3,1,3,3,3,1,1,1,1,1,3,3,3,3,1,24,1,1,25,26,1,1,1,1,1,3,1,27,28,1,1,1,1,1,1,1,29,30,31,32,33,1,1,1,1,34,35,36,1,1,1,37,1,1,1,1,1,1,1,1,1,1,38,39,1,1,1,1,5,5,5,5,5,5,5,5,4,4,4,4,4,4,4,4","0.000895023345947266","fast_greedy","edit-xhwikibooks.graphml"
"0.45","0.47","0.08","0.679595044378698","2,2,2,7,8,2,9,2,6,10,11,12,2,6,6,2,13,14,5,15,1,3,16,6,6,6,6,17,18,19,20,21,22,23,5,5,4,6,1,1,1,1,3,3,3,3,1,3,3,3,1,1,1,1,1,3,3,3,3,1,24,1,1,25,26,1,1,1,1,1,3,1,27,28,1,1,1,1,1,1,1,29,30,31,32,33,1,1,1,1,34,35,36,1,1,1,37,1,1,1,1,1,1,1,1,1,1,38,39,1,1,1,1,5,5,5,5,5,5,5,5,4,4,4,4,4,4,4,4","0.000879049301147461","fast_greedy","edit-xhwikibooks.graphml"
"0.44","0.48","0.08","0.679595044378698","2,2,2,7,8,2,9,2,6,10,11,12,2,6,6,2,13,14,5,15,1,3,16,6,6,6,6,17,18,19,20,21,22,23,5,5,4,6,1,1,1,1,3,3,3,3,1,3,3,3,1,1,1,1,1,3,3,3,3,1,24,1,1,25,26,1,1,1,1,1,3,1,27,28,1,1,1,1,1,1,1,29,30,31,32,33,1,1,1,1,34,35,36,1,1,1,37,1,1,1,1,1,1,1,1,1,1,38,39,1,1,1,1,5,5,5,5,5,5,5,5,4,4,4,4,4,4,4,4","0.000878095626831055","fast_greedy","edit-xhwikibooks.graphml"
"0.43","0.49","0.08","0.666454269189295","2,2,2,7,8,2,9,2,6,10,11,12,13,6,6,14,15,16,4,17,1,3,18,6,6,6,6,19,20,21,22,23,24,25,4,4,5,26,1,1,1,1,3,3,3,3,1,3,3,3,1,1,1,1,1,3,3,3,3,1,27,1,1,28,29,1,1,1,1,1,3,1,30,31,1,1,1,1,1,1,1,32,33,34,35,36,1,1,1,1,37,38,39,1,1,1,40,1,1,1,1,1,1,1,1,1,1,41,42,1,1,1,1,4,4,4,4,4,4,4,4,5,5,5,5,5,5,5,5","0.00102615356445312","fast_greedy","edit-xhwikibooks.graphml"
"0.42","0.5","0.08","0.701728024042074","1,1,1,6,7,4,8,4,4,9,10,11,4,4,4,12,13,14,3,15,2,1,16,4,4,4,4,17,18,19,20,21,22,23,3,3,5,24,2,2,2,2,1,1,1,1,2,1,1,1,2,2,2,2,2,1,1,1,1,2,25,2,2,26,27,2,2,2,2,2,1,2,28,29,2,2,2,2,2,2,2,30,31,32,33,34,2,2,2,2,35,36,37,2,2,2,38,2,2,2,2,2,2,2,2,2,2,39,40,2,2,2,2,3,3,3,3,3,3,3,3,5,5,5,5,5,5,5,5","0.000895023345947266","fast_greedy","edit-xhwikibooks.graphml"
"0.41","0.51","0.08","0.701728024042074","1,1,1,6,7,4,8,4,4,9,10,11,4,4,4,12,13,14,3,15,2,1,16,4,4,4,4,17,18,19,20,21,22,23,3,3,5,24,2,2,2,2,1,1,1,1,2,1,1,1,2,2,2,2,2,1,1,1,1,2,25,2,2,26,27,2,2,2,2,2,1,2,28,29,2,2,2,2,2,2,2,30,31,32,33,34,2,2,2,2,35,36,37,2,2,2,38,2,2,2,2,2,2,2,2,2,2,39,40,2,2,2,2,3,3,3,3,3,3,3,3,5,5,5,5,5,5,5,5","0.000901937484741211","fast_greedy","edit-xhwikibooks.graphml"
"0.4","0.52","0.08","0.701728024042074","1,1,1,6,7,4,8,4,4,9,10,11,4,4,4,12,13,14,3,15,2,1,16,4,4,4,4,17,18,19,20,21,22,23,3,3,5,24,2,2,2,2,1,1,1,1,2,1,1,1,2,2,2,2,2,1,1,1,1,2,25,2,2,26,27,2,2,2,2,2,1,2,28,29,2,2,2,2,2,2,2,30,31,32,33,34,2,2,2,2,35,36,37,2,2,2,38,2,2,2,2,2,2,2,2,2,2,39,40,2,2,2,2,3,3,3,3,3,3,3,3,5,5,5,5,5,5,5,5","0.000885963439941406","fast_greedy","edit-xhwikibooks.graphml"
"0.39","0.53","0.08","0.701728024042074","1,1,1,6,7,4,8,4,4,9,10,11,4,4,4,12,13,14,3,15,2,1,16,4,4,4,4,17,18,19,20,21,22,23,3,3,5,24,2,2,2,2,1,1,1,1,2,1,1,1,2,2,2,2,2,1,1,1,1,2,25,2,2,26,27,2,2,2,2,2,1,2,28,29,2,2,2,2,2,2,2,30,31,32,33,34,2,2,2,2,35,36,37,2,2,2,38,2,2,2,2,2,2,2,2,2,2,39,40,2,2,2,2,3,3,3,3,3,3,3,3,5,5,5,5,5,5,5,5","0.000903129577636719","fast_greedy","edit-xhwikibooks.graphml"
"0.38","0.54","0.08","0.701728024042074","1,1,1,6,7,4,8,4,4,9,10,11,4,4,4,12,13,14,3,15,2,1,16,4,4,4,4,17,18,19,20,21,22,23,3,3,5,24,2,2,2,2,1,1,1,1,2,1,1,1,2,2,2,2,2,1,1,1,1,2,25,2,2,26,27,2,2,2,2,2,1,2,28,29,2,2,2,2,2,2,2,30,31,32,33,34,2,2,2,2,35,36,37,2,2,2,38,2,2,2,2,2,2,2,2,2,2,39,40,2,2,2,2,3,3,3,3,3,3,3,3,5,5,5,5,5,5,5,5","0.000926017761230469","fast_greedy","edit-xhwikibooks.graphml"
"0.37","0.55","0.08","0.701728024042074","1,1,1,6,7,4,8,4,4,9,10,11,4,4,4,12,13,14,3,15,2,1,16,4,4,4,4,17,18,19,20,21,22,23,3,3,5,24,2,2,2,2,1,1,1,1,2,1,1,1,2,2,2,2,2,1,1,1,1,2,25,2,2,26,27,2,2,2,2,2,1,2,28,29,2,2,2,2,2,2,2,30,31,32,33,34,2,2,2,2,35,36,37,2,2,2,38,2,2,2,2,2,2,2,2,2,2,39,40,2,2,2,2,3,3,3,3,3,3,3,3,5,5,5,5,5,5,5,5","0.00109982490539551","fast_greedy","edit-xhwikibooks.graphml"
"0.36","0.56","0.08","0.701728024042074","1,1,1,6,7,4,8,4,4,9,10,11,4,4,4,12,13,14,3,15,2,1,16,4,4,4,4,17,18,19,20,21,22,23,3,3,5,24,2,2,2,2,1,1,1,1,2,1,1,1,2,2,2,2,2,1,1,1,1,2,25,2,2,26,27,2,2,2,2,2,1,2,28,29,2,2,2,2,2,2,2,30,31,32,33,34,2,2,2,2,35,36,37,2,2,2,38,2,2,2,2,2,2,2,2,2,2,39,40,2,2,2,2,3,3,3,3,3,3,3,3,5,5,5,5,5,5,5,5","0.000892877578735352","fast_greedy","edit-xhwikibooks.graphml"
"0.35","0.57","0.08","0.699905033238366","1,1,1,6,7,8,9,3,10,11,12,13,3,3,3,14,15,16,4,17,2,1,18,3,3,3,3,19,20,21,22,23,24,25,4,4,5,26,2,2,2,2,1,1,1,1,2,1,1,1,2,2,2,2,2,1,1,1,1,2,27,2,2,28,29,2,2,2,2,2,1,2,30,31,2,2,2,2,2,2,2,32,33,34,35,36,2,2,2,2,37,38,39,2,2,2,40,2,2,2,2,2,2,2,2,2,2,41,42,2,2,2,2,4,4,4,4,4,4,4,4,5,5,5,5,5,5,5,5","0.000890016555786133","fast_greedy","edit-xhwikibooks.graphml"
"0.34","0.58","0.08","0.699905033238366","1,1,1,6,7,8,9,3,10,11,12,13,3,3,3,14,15,16,4,17,2,1,18,3,3,3,3,19,20,21,22,23,24,25,4,4,5,26,2,2,2,2,1,1,1,1,2,1,1,1,2,2,2,2,2,1,1,1,1,2,27,2,2,28,29,2,2,2,2,2,1,2,30,31,2,2,2,2,2,2,2,32,33,34,35,36,2,2,2,2,37,38,39,2,2,2,40,2,2,2,2,2,2,2,2,2,2,41,42,2,2,2,2,4,4,4,4,4,4,4,4,5,5,5,5,5,5,5,5","0.000884056091308594","fast_greedy","edit-xhwikibooks.graphml"
"0.33","0.59","0.08","0.699905033238366","1,1,1,6,7,8,9,3,10,11,12,13,3,3,3,14,15,16,4,17,2,1,18,3,3,3,3,19,20,21,22,23,24,25,4,4,5,26,2,2,2,2,1,1,1,1,2,1,1,1,2,2,2,2,2,1,1,1,1,2,27,2,2,28,29,2,2,2,2,2,1,2,30,31,2,2,2,2,2,2,2,32,33,34,35,36,2,2,2,2,37,38,39,2,2,2,40,2,2,2,2,2,2,2,2,2,2,41,42,2,2,2,2,4,4,4,4,4,4,4,4,5,5,5,5,5,5,5,5","0.000895977020263672","fast_greedy","edit-xhwikibooks.graphml"
"0.32","0.6","0.08","0.699905033238366","1,1,1,6,7,8,9,3,10,11,12,13,3,3,3,14,15,16,4,17,2,1,18,3,3,3,3,19,20,21,22,23,24,25,4,4,5,26,2,2,2,2,1,1,1,1,2,1,1,1,2,2,2,2,2,1,1,1,1,2,27,2,2,28,29,2,2,2,2,2,1,2,30,31,2,2,2,2,2,2,2,32,33,34,35,36,2,2,2,2,37,38,39,2,2,2,40,2,2,2,2,2,2,2,2,2,2,41,42,2,2,2,2,4,4,4,4,4,4,4,4,5,5,5,5,5,5,5,5","0.000893115997314453","fast_greedy","edit-xhwikibooks.graphml"
"0.31","0.61","0.08","0.699905033238366","1,1,1,6,7,8,9,3,10,11,12,13,3,3,3,14,15,16,4,17,2,1,18,3,3,3,3,19,20,21,22,23,24,25,4,4,5,26,2,2,2,2,1,1,1,1,2,1,1,1,2,2,2,2,2,1,1,1,1,2,27,2,2,28,29,2,2,2,2,2,1,2,30,31,2,2,2,2,2,2,2,32,33,34,35,36,2,2,2,2,37,38,39,2,2,2,40,2,2,2,2,2,2,2,2,2,2,41,42,2,2,2,2,4,4,4,4,4,4,4,4,5,5,5,5,5,5,5,5","0.000931024551391602","fast_greedy","edit-xhwikibooks.graphml"
"0.3","0.62","0.08","0.699905033238366","1,1,1,6,7,8,9,3,10,11,12,13,3,3,3,14,15,16,4,17,2,1,18,3,3,3,3,19,20,21,22,23,24,25,4,4,5,26,2,2,2,2,1,1,1,1,2,1,1,1,2,2,2,2,2,1,1,1,1,2,27,2,2,28,29,2,2,2,2,2,1,2,30,31,2,2,2,2,2,2,2,32,33,34,35,36,2,2,2,2,37,38,39,2,2,2,40,2,2,2,2,2,2,2,2,2,2,41,42,2,2,2,2,4,4,4,4,4,4,4,4,5,5,5,5,5,5,5,5","0.000905990600585938","fast_greedy","edit-xhwikibooks.graphml"
"0.29","0.63","0.08","0.699905033238366","1,1,1,6,7,8,9,3,10,11,12,13,3,3,3,14,15,16,4,17,2,1,18,3,3,3,3,19,20,21,22,23,24,25,4,4,5,26,2,2,2,2,1,1,1,1,2,1,1,1,2,2,2,2,2,1,1,1,1,2,27,2,2,28,29,2,2,2,2,2,1,2,30,31,2,2,2,2,2,2,2,32,33,34,35,36,2,2,2,2,37,38,39,2,2,2,40,2,2,2,2,2,2,2,2,2,2,41,42,2,2,2,2,4,4,4,4,4,4,4,4,5,5,5,5,5,5,5,5","0.000916957855224609","fast_greedy","edit-xhwikibooks.graphml"
"0.28","0.64","0.08","0.699905033238366","1,1,1,6,7,8,9,3,10,11,12,13,3,3,3,14,15,16,4,17,2,1,18,3,3,3,3,19,20,21,22,23,24,25,4,4,5,26,2,2,2,2,1,1,1,1,2,1,1,1,2,2,2,2,2,1,1,1,1,2,27,2,2,28,29,2,2,2,2,2,1,2,30,31,2,2,2,2,2,2,2,32,33,34,35,36,2,2,2,2,37,38,39,2,2,2,40,2,2,2,2,2,2,2,2,2,2,41,42,2,2,2,2,4,4,4,4,4,4,4,4,5,5,5,5,5,5,5,5","0.000948905944824219","fast_greedy","edit-xhwikibooks.graphml"
"0.27","0.65","0.08","0.659208579881657","1,1,1,6,7,8,9,5,10,11,12,13,4,4,4,14,15,16,3,17,2,1,18,5,4,4,4,19,20,21,22,23,24,25,3,3,4,26,2,2,2,2,1,1,1,1,2,1,1,1,2,2,2,2,2,1,1,1,1,2,27,2,2,28,29,2,2,2,2,2,1,2,30,31,2,2,2,2,2,2,2,32,33,34,35,36,2,2,2,2,37,38,39,2,2,2,40,2,2,2,2,2,2,2,2,2,2,41,42,2,2,2,2,3,43,44,3,3,3,3,3,45,46,47,48,49,50,51,52","0.000886917114257812","fast_greedy","edit-xhwikibooks.graphml"
"0.26","0.66","0.08","0.659208579881657","1,1,1,6,7,8,9,5,10,11,12,13,4,4,4,14,15,16,3,17,2,1,18,5,4,4,4,19,20,21,22,23,24,25,3,3,4,26,2,2,2,2,1,1,1,1,2,1,1,1,2,2,2,2,2,1,1,1,1,2,27,2,2,28,29,2,2,2,2,2,1,2,30,31,2,2,2,2,2,2,2,32,33,34,35,36,2,2,2,2,37,38,39,2,2,2,40,2,2,2,2,2,2,2,2,2,2,41,42,2,2,2,2,3,43,44,3,3,3,3,3,45,46,47,48,49,50,51,52","0.000879049301147461","fast_greedy","edit-xhwikibooks.graphml"
"0.25","0.67","0.08","0.659208579881657","1,1,1,6,7,8,9,5,10,11,12,13,4,4,4,14,15,16,3,17,2,1,18,5,4,4,4,19,20,21,22,23,24,25,3,3,4,26,2,2,2,2,1,1,1,1,2,1,1,1,2,2,2,2,2,1,1,1,1,2,27,2,2,28,29,2,2,2,2,2,1,2,30,31,2,2,2,2,2,2,2,32,33,34,35,36,2,2,2,2,37,38,39,2,2,2,40,2,2,2,2,2,2,2,2,2,2,41,42,2,2,2,2,3,43,44,3,3,3,3,3,45,46,47,48,49,50,51,52","0.000885963439941406","fast_greedy","edit-xhwikibooks.graphml"
"0.24","0.68","0.08","0.659208579881657","1,1,1,6,7,8,9,5,10,11,12,13,4,4,4,14,15,16,3,17,2,1,18,5,4,4,4,19,20,21,22,23,24,25,3,3,4,26,2,2,2,2,1,1,1,1,2,1,1,1,2,2,2,2,2,1,1,1,1,2,27,2,2,28,29,2,2,2,2,2,1,2,30,31,2,2,2,2,2,2,2,32,33,34,35,36,2,2,2,2,37,38,39,2,2,2,40,2,2,2,2,2,2,2,2,2,2,41,42,2,2,2,2,3,43,44,3,3,3,3,3,45,46,47,48,49,50,51,52","0.000895023345947266","fast_greedy","edit-xhwikibooks.graphml"
"0.23","0.69","0.08","0.659208579881657","1,1,1,6,7,8,9,5,10,11,12,13,4,4,4,14,15,16,3,17,2,1,18,5,4,4,4,19,20,21,22,23,24,25,3,3,4,26,2,2,2,2,1,1,1,1,2,1,1,1,2,2,2,2,2,1,1,1,1,2,27,2,2,28,29,2,2,2,2,2,1,2,30,31,2,2,2,2,2,2,2,32,33,34,35,36,2,2,2,2,37,38,39,2,2,2,40,2,2,2,2,2,2,2,2,2,2,41,42,2,2,2,2,3,43,44,3,3,3,3,3,45,46,47,48,49,50,51,52","0.000880002975463867","fast_greedy","edit-xhwikibooks.graphml"
"0.22","0.7","0.08","0.659208579881657","1,1,1,6,7,8,9,5,10,11,12,13,4,4,4,14,15,16,3,17,2,1,18,5,4,4,4,19,20,21,22,23,24,25,3,3,4,26,2,2,2,2,1,1,1,1,2,1,1,1,2,2,2,2,2,1,1,1,1,2,27,2,2,28,29,2,2,2,2,2,1,2,30,31,2,2,2,2,2,2,2,32,33,34,35,36,2,2,2,2,37,38,39,2,2,2,40,2,2,2,2,2,2,2,2,2,2,41,42,2,2,2,2,3,43,44,3,3,3,3,3,45,46,47,48,49,50,51,52","0.000880956649780273","fast_greedy","edit-xhwikibooks.graphml"
"0.21","0.71","0.08","0.659208579881657","1,1,1,6,7,8,9,5,10,11,12,13,4,4,4,14,15,16,3,17,2,1,18,5,4,4,4,19,20,21,22,23,24,25,3,3,4,26,2,2,2,2,1,1,1,1,2,1,1,1,2,2,2,2,2,1,1,1,1,2,27,2,2,28,29,2,2,2,2,2,1,2,30,31,2,2,2,2,2,2,2,32,33,34,35,36,2,2,2,2,37,38,39,2,2,2,40,2,2,2,2,2,2,2,2,2,2,41,42,2,2,2,2,3,43,44,3,3,3,3,3,45,46,47,48,49,50,51,52","0.000871896743774414","fast_greedy","edit-xhwikibooks.graphml"
"0.2","0.72","0.08","0.659208579881657","1,1,1,6,7,8,9,5,10,11,12,13,4,4,4,14,15,16,3,17,2,1,18,5,4,4,4,19,20,21,22,23,24,25,3,3,4,26,2,2,2,2,1,1,1,1,2,1,1,1,2,2,2,2,2,1,1,1,1,2,27,2,2,28,29,2,2,2,2,2,1,2,30,31,2,2,2,2,2,2,2,32,33,34,35,36,2,2,2,2,37,38,39,2,2,2,40,2,2,2,2,2,2,2,2,2,2,41,42,2,2,2,2,3,43,44,3,3,3,3,3,45,46,47,48,49,50,51,52","0.000890016555786133","fast_greedy","edit-xhwikibooks.graphml"
"0.19","0.73","0.08","0.654632858893392","1,1,1,6,7,8,9,5,10,11,12,13,4,4,4,14,15,16,3,17,2,1,18,5,4,4,4,19,20,21,22,23,24,25,3,3,4,26,2,2,2,2,1,1,1,1,2,1,1,1,2,2,2,2,2,1,1,1,1,2,27,2,2,28,29,2,2,2,2,2,1,2,30,31,2,2,2,2,2,2,2,32,33,34,35,36,2,2,2,2,37,38,39,2,2,2,40,2,2,2,2,2,2,2,2,2,2,41,42,2,2,2,2,3,43,44,3,3,3,3,3,45,46,47,48,49,50,51,52","0.00093388557434082","fast_greedy","edit-xhwikibooks.graphml"
"0.18","0.74","0.08","0.654632858893392","1,1,1,6,7,8,9,5,10,11,12,13,4,4,4,14,15,16,3,17,2,1,18,5,4,4,4,19,20,21,22,23,24,25,3,3,4,26,2,2,2,2,1,1,1,1,2,1,1,1,2,2,2,2,2,1,1,1,1,2,27,2,2,28,29,2,2,2,2,2,1,2,30,31,2,2,2,2,2,2,2,32,33,34,35,36,2,2,2,2,37,38,39,2,2,2,40,2,2,2,2,2,2,2,2,2,2,41,42,2,2,2,2,3,43,44,3,3,3,3,3,45,46,47,48,49,50,51,52","0.00088810920715332","fast_greedy","edit-xhwikibooks.graphml"
"0.17","0.75","0.08","0.654632858893392","1,1,1,6,7,8,9,5,10,11,12,13,4,4,4,14,15,16,3,17,2,1,18,5,4,4,4,19,20,21,22,23,24,25,3,3,4,26,2,2,2,2,1,1,1,1,2,1,1,1,2,2,2,2,2,1,1,1,1,2,27,2,2,28,29,2,2,2,2,2,1,2,30,31,2,2,2,2,2,2,2,32,33,34,35,36,2,2,2,2,37,38,39,2,2,2,40,2,2,2,2,2,2,2,2,2,2,41,42,2,2,2,2,3,43,44,3,3,3,3,3,45,46,47,48,49,50,51,52","0.000874996185302734","fast_greedy","edit-xhwikibooks.graphml"
"0.16","0.76","0.08","0.654632858893392","1,1,1,6,7,8,9,5,10,11,12,13,4,4,4,14,15,16,3,17,2,1,18,5,4,4,4,19,20,21,22,23,24,25,3,3,4,26,2,2,2,2,1,1,1,1,2,1,1,1,2,2,2,2,2,1,1,1,1,2,27,2,2,28,29,2,2,2,2,2,1,2,30,31,2,2,2,2,2,2,2,32,33,34,35,36,2,2,2,2,37,38,39,2,2,2,40,2,2,2,2,2,2,2,2,2,2,41,42,2,2,2,2,3,43,44,3,3,3,3,3,45,46,47,48,49,50,51,52","0.000870943069458008","fast_greedy","edit-xhwikibooks.graphml"
"0.15","0.77","0.08","0.654632858893392","1,1,1,6,7,8,9,5,10,11,12,13,4,4,4,14,15,16,3,17,2,1,18,5,4,4,4,19,20,21,22,23,24,25,3,3,4,26,2,2,2,2,1,1,1,1,2,1,1,1,2,2,2,2,2,1,1,1,1,2,27,2,2,28,29,2,2,2,2,2,1,2,30,31,2,2,2,2,2,2,2,32,33,34,35,36,2,2,2,2,37,38,39,2,2,2,40,2,2,2,2,2,2,2,2,2,2,41,42,2,2,2,2,3,43,44,3,3,3,3,3,45,46,47,48,49,50,51,52","0.000878095626831055","fast_greedy","edit-xhwikibooks.graphml"
"0.14","0.78","0.08","0.654632858893392","1,1,1,6,7,8,9,5,10,11,12,13,4,4,4,14,15,16,3,17,2,1,18,5,4,4,4,19,20,21,22,23,24,25,3,3,4,26,2,2,2,2,1,1,1,1,2,1,1,1,2,2,2,2,2,1,1,1,1,2,27,2,2,28,29,2,2,2,2,2,1,2,30,31,2,2,2,2,2,2,2,32,33,34,35,36,2,2,2,2,37,38,39,2,2,2,40,2,2,2,2,2,2,2,2,2,2,41,42,2,2,2,2,3,43,44,3,3,3,3,3,45,46,47,48,49,50,51,52","0.000883102416992188","fast_greedy","edit-xhwikibooks.graphml"
"0.13","0.79","0.08","0.654632858893392","1,1,1,6,7,8,9,5,10,11,12,13,4,4,4,14,15,16,3,17,2,1,18,5,4,4,4,19,20,21,22,23,24,25,3,3,4,26,2,2,2,2,1,1,1,1,2,1,1,1,2,2,2,2,2,1,1,1,1,2,27,2,2,28,29,2,2,2,2,2,1,2,30,31,2,2,2,2,2,2,2,32,33,34,35,36,2,2,2,2,37,38,39,2,2,2,40,2,2,2,2,2,2,2,2,2,2,41,42,2,2,2,2,3,43,44,3,3,3,3,3,45,46,47,48,49,50,51,52","0.000899791717529297","fast_greedy","edit-xhwikibooks.graphml"
"0.12","0.8","0.08","0.654632858893392","1,1,1,6,7,8,9,5,10,11,12,13,4,4,4,14,15,16,3,17,2,1,18,5,4,4,4,19,20,21,22,23,24,25,3,3,4,26,2,2,2,2,1,1,1,1,2,1,1,1,2,2,2,2,2,1,1,1,1,2,27,2,2,28,29,2,2,2,2,2,1,2,30,31,2,2,2,2,2,2,2,32,33,34,35,36,2,2,2,2,37,38,39,2,2,2,40,2,2,2,2,2,2,2,2,2,2,41,42,2,2,2,2,3,43,44,3,3,3,3,3,45,46,47,48,49,50,51,52","0.000908851623535156","fast_greedy","edit-xhwikibooks.graphml"
"0.11","0.81","0.08","0.6434","1,1,1,6,7,8,9,5,10,11,12,13,3,3,3,14,15,16,17,18,2,1,19,5,3,3,3,20,21,22,23,24,25,26,4,4,3,27,2,2,2,2,1,1,1,1,2,1,1,1,2,2,2,2,2,1,1,1,1,2,28,2,2,29,30,2,2,2,2,2,1,2,31,32,2,2,2,2,2,2,2,33,34,35,36,37,2,2,2,2,38,39,40,2,2,2,41,2,2,2,2,2,2,2,2,2,2,42,43,2,2,2,2,4,44,45,4,4,4,4,4,46,47,48,49,50,51,52,53","0.000915050506591797","fast_greedy","edit-xhwikibooks.graphml"
"0.1","0.82","0.08","0.6434","1,1,1,6,7,8,9,5,10,11,12,13,3,3,3,14,15,16,17,18,2,1,19,5,3,3,3,20,21,22,23,24,25,26,4,4,3,27,2,2,2,2,1,1,1,1,2,1,1,1,2,2,2,2,2,1,1,1,1,2,28,2,2,29,30,2,2,2,2,2,1,2,31,32,2,2,2,2,2,2,2,33,34,35,36,37,2,2,2,2,38,39,40,2,2,2,41,2,2,2,2,2,2,2,2,2,2,42,43,2,2,2,2,4,44,45,4,4,4,4,4,46,47,48,49,50,51,52,53","0.00113201141357422","fast_greedy","edit-xhwikibooks.graphml"
"0.09","0.83","0.08","0.6434","1,1,1,6,7,8,9,5,10,11,12,13,3,3,3,14,15,16,17,18,2,1,19,5,3,3,3,20,21,22,23,24,25,26,4,4,3,27,2,2,2,2,1,1,1,1,2,1,1,1,2,2,2,2,2,1,1,1,1,2,28,2,2,29,30,2,2,2,2,2,1,2,31,32,2,2,2,2,2,2,2,33,34,35,36,37,2,2,2,2,38,39,40,2,2,2,41,2,2,2,2,2,2,2,2,2,2,42,43,2,2,2,2,4,44,45,4,4,4,4,4,46,47,48,49,50,51,52,53","0.000869035720825195","fast_greedy","edit-xhwikibooks.graphml"
"0.08","0.84","0.08","0.6434","1,1,1,6,7,8,9,5,10,11,12,13,3,3,3,14,15,16,17,18,2,1,19,5,3,3,3,20,21,22,23,24,25,26,4,4,3,27,2,2,2,2,1,1,1,1,2,1,1,1,2,2,2,2,2,1,1,1,1,2,28,2,2,29,30,2,2,2,2,2,1,2,31,32,2,2,2,2,2,2,2,33,34,35,36,37,2,2,2,2,38,39,40,2,2,2,41,2,2,2,2,2,2,2,2,2,2,42,43,2,2,2,2,4,44,45,4,4,4,4,4,46,47,48,49,50,51,52,53","0.000878810882568359","fast_greedy","edit-xhwikibooks.graphml"
"0.07","0.85","0.08","0.6434","1,1,1,6,7,8,9,5,10,11,12,13,3,3,3,14,15,16,17,18,2,1,19,5,3,3,3,20,21,22,23,24,25,26,4,4,3,27,2,2,2,2,1,1,1,1,2,1,1,1,2,2,2,2,2,1,1,1,1,2,28,2,2,29,30,2,2,2,2,2,1,2,31,32,2,2,2,2,2,2,2,33,34,35,36,37,2,2,2,2,38,39,40,2,2,2,41,2,2,2,2,2,2,2,2,2,2,42,43,2,2,2,2,4,44,45,4,4,4,4,4,46,47,48,49,50,51,52,53","0.000895977020263672","fast_greedy","edit-xhwikibooks.graphml"
"0.06","0.86","0.08","0.6434","1,1,1,6,7,8,9,5,10,11,12,13,3,3,3,14,15,16,17,18,2,1,19,5,3,3,3,20,21,22,23,24,25,26,4,4,3,27,2,2,2,2,1,1,1,1,2,1,1,1,2,2,2,2,2,1,1,1,1,2,28,2,2,29,30,2,2,2,2,2,1,2,31,32,2,2,2,2,2,2,2,33,34,35,36,37,2,2,2,2,38,39,40,2,2,2,41,2,2,2,2,2,2,2,2,2,2,42,43,2,2,2,2,4,44,45,4,4,4,4,4,46,47,48,49,50,51,52,53","0.000899076461791992","fast_greedy","edit-xhwikibooks.graphml"
"0.05","0.87","0.08","0.6434","1,1,1,6,7,8,9,5,10,11,12,13,3,3,3,14,15,16,17,18,2,1,19,5,3,3,3,20,21,22,23,24,25,26,4,4,3,27,2,2,2,2,1,1,1,1,2,1,1,1,2,2,2,2,2,1,1,1,1,2,28,2,2,29,30,2,2,2,2,2,1,2,31,32,2,2,2,2,2,2,2,33,34,35,36,37,2,2,2,2,38,39,40,2,2,2,41,2,2,2,2,2,2,2,2,2,2,42,43,2,2,2,2,4,44,45,4,4,4,4,4,46,47,48,49,50,51,52,53","0.00109100341796875","fast_greedy","edit-xhwikibooks.graphml"
"0.04","0.88","0.08","0.6434","1,1,1,6,7,8,9,5,10,11,12,13,3,3,3,14,15,16,17,18,2,1,19,5,3,3,3,20,21,22,23,24,25,26,4,4,3,27,2,2,2,2,1,1,1,1,2,1,1,1,2,2,2,2,2,1,1,1,1,2,28,2,2,29,30,2,2,2,2,2,1,2,31,32,2,2,2,2,2,2,2,33,34,35,36,37,2,2,2,2,38,39,40,2,2,2,41,2,2,2,2,2,2,2,2,2,2,42,43,2,2,2,2,4,44,45,4,4,4,4,4,46,47,48,49,50,51,52,53","0.000870943069458008","fast_greedy","edit-xhwikibooks.graphml"
"0.03","0.89","0.08","0.639934700540761","1,1,1,7,8,9,10,6,11,12,13,14,4,4,4,15,16,17,18,19,2,1,20,6,5,5,5,21,22,23,24,25,26,27,3,3,4,28,2,2,2,2,1,1,1,1,2,1,1,1,2,2,2,2,2,1,1,1,1,2,29,2,2,30,31,2,2,2,2,2,1,2,32,33,2,2,2,2,2,2,2,34,35,36,37,38,2,2,2,2,39,40,41,2,2,2,42,2,2,2,2,2,2,2,2,2,2,43,44,2,2,2,2,3,45,46,3,3,3,3,3,47,48,49,50,51,52,53,54","0.000870943069458008","fast_greedy","edit-xhwikibooks.graphml"
"0.02","0.9","0.08","0.639934700540761","1,1,1,7,8,9,10,6,11,12,13,14,4,4,4,15,16,17,18,19,2,1,20,6,5,5,5,21,22,23,24,25,26,27,3,3,4,28,2,2,2,2,1,1,1,1,2,1,1,1,2,2,2,2,2,1,1,1,1,2,29,2,2,30,31,2,2,2,2,2,1,2,32,33,2,2,2,2,2,2,2,34,35,36,37,38,2,2,2,2,39,40,41,2,2,2,42,2,2,2,2,2,2,2,2,2,2,43,44,2,2,2,2,3,45,46,3,3,3,3,3,47,48,49,50,51,52,53,54","0.000867843627929688","fast_greedy","edit-xhwikibooks.graphml"
"0.01","0.91","0.08","0.639934700540761","1,1,1,7,8,9,10,6,11,12,13,14,4,4,4,15,16,17,18,19,2,1,20,6,5,5,5,21,22,23,24,25,26,27,3,3,4,28,2,2,2,2,1,1,1,1,2,1,1,1,2,2,2,2,2,1,1,1,1,2,29,2,2,30,31,2,2,2,2,2,1,2,32,33,2,2,2,2,2,2,2,34,35,36,37,38,2,2,2,2,39,40,41,2,2,2,42,2,2,2,2,2,2,2,2,2,2,43,44,2,2,2,2,3,45,46,3,3,3,3,3,47,48,49,50,51,52,53,54","0.000874042510986328","fast_greedy","edit-xhwikibooks.graphml"
"0","0.92","0.08","0.645380918476326","1,1,1,1,1,6,7,1,8,9,10,11,4,4,4,12,13,14,15,16,2,1,17,1,5,5,5,18,1,19,20,21,22,23,3,3,4,24,2,2,2,2,1,1,1,1,2,1,1,1,2,2,2,2,2,1,1,1,1,2,25,2,2,26,27,2,2,2,2,2,1,2,28,29,2,2,2,2,2,2,2,30,31,32,33,34,2,2,2,2,35,36,37,2,2,2,38,2,2,2,2,2,2,2,2,2,2,39,40,2,2,2,2,3,41,42,3,3,3,3,3,43,44,45,46,47,48,49,50","0.000876903533935547","fast_greedy","edit-xhwikibooks.graphml"
"0.91","0","0.09","0.738928571428572","1,1,1,1,1,2,1,5,2,2,4,1,5,5,5,2,2,4,4,1,3,6,5,5,5,5,5,2,1,2,4,4,1,1,7,7,8,5,3,3,3,3,6,6,6,6,3,6,6,6,3,3,3,3,3,6,6,6,6,3,5,3,3,5,5,3,3,3,3,3,6,3,5,5,3,3,3,3,3,3,3,5,2,2,2,1,3,3,3,3,2,4,4,3,3,3,2,3,3,3,3,3,3,3,3,3,3,1,1,1,3,3,3,7,7,7,7,7,7,7,7,8,8,8,8,8,8,8,8","0.000918865203857422","fast_greedy","edit-xhwikibooks.graphml"
"0.9","0.01","0.09","0.738928571428572","1,1,1,1,1,2,1,5,2,2,4,1,5,5,5,2,2,4,4,1,3,6,5,5,5,5,5,2,1,2,4,4,1,1,7,7,8,5,3,3,3,3,6,6,6,6,3,6,6,6,3,3,3,3,3,6,6,6,6,3,5,3,3,5,5,3,3,3,3,3,6,3,5,5,3,3,3,3,3,3,3,5,2,2,2,1,3,3,3,3,2,4,4,3,3,3,2,3,3,3,3,3,3,3,3,3,3,1,1,1,3,3,3,7,7,7,7,7,7,7,7,8,8,8,8,8,8,8,8","0.000957965850830078","fast_greedy","edit-xhwikibooks.graphml"
"0.89","0.02","0.09","0.738928571428572","1,1,1,1,1,2,1,5,2,2,4,1,5,5,5,2,2,4,4,1,3,6,5,5,5,5,5,2,1,2,4,4,1,1,7,7,8,5,3,3,3,3,6,6,6,6,3,6,6,6,3,3,3,3,3,6,6,6,6,3,5,3,3,5,5,3,3,3,3,3,6,3,5,5,3,3,3,3,3,3,3,5,2,2,2,1,3,3,3,3,2,4,4,3,3,3,2,3,3,3,3,3,3,3,3,3,3,1,1,1,3,3,3,7,7,7,7,7,7,7,7,8,8,8,8,8,8,8,8","0.0011751651763916","fast_greedy","edit-xhwikibooks.graphml"
"0.88","0.03","0.09","0.738928571428572","1,1,1,1,1,2,1,5,2,2,4,1,5,5,5,2,2,4,4,1,3,6,5,5,5,5,5,2,1,2,4,4,1,1,7,7,8,5,3,3,3,3,6,6,6,6,3,6,6,6,3,3,3,3,3,6,6,6,6,3,5,3,3,5,5,3,3,3,3,3,6,3,5,5,3,3,3,3,3,3,3,5,2,2,2,1,3,3,3,3,2,4,4,3,3,3,2,3,3,3,3,3,3,3,3,3,3,1,1,1,3,3,3,7,7,7,7,7,7,7,7,8,8,8,8,8,8,8,8","0.00092315673828125","fast_greedy","edit-xhwikibooks.graphml"
"0.87","0.04","0.09","0.738928571428572","1,1,1,1,1,2,1,5,2,2,4,1,5,5,5,2,2,4,4,1,3,6,5,5,5,5,5,2,1,2,4,4,1,1,7,7,8,5,3,3,3,3,6,6,6,6,3,6,6,6,3,3,3,3,3,6,6,6,6,3,5,3,3,5,5,3,3,3,3,3,6,3,5,5,3,3,3,3,3,3,3,5,2,2,2,1,3,3,3,3,2,4,4,3,3,3,2,3,3,3,3,3,3,3,3,3,3,1,1,1,3,3,3,7,7,7,7,7,7,7,7,8,8,8,8,8,8,8,8","0.000926971435546875","fast_greedy","edit-xhwikibooks.graphml"
"0.86","0.05","0.09","0.738928571428572","1,1,1,1,1,2,1,5,2,2,4,1,5,5,5,2,2,4,4,1,3,6,5,5,5,5,5,2,1,2,4,4,1,1,7,7,8,5,3,3,3,3,6,6,6,6,3,6,6,6,3,3,3,3,3,6,6,6,6,3,5,3,3,5,5,3,3,3,3,3,6,3,5,5,3,3,3,3,3,3,3,5,2,2,2,1,3,3,3,3,2,4,4,3,3,3,2,3,3,3,3,3,3,3,3,3,3,1,1,1,3,3,3,7,7,7,7,7,7,7,7,8,8,8,8,8,8,8,8","0.000913143157958984","fast_greedy","edit-xhwikibooks.graphml"
"0.85","0.06","0.09","0.738928571428572","1,1,1,1,1,2,1,5,2,2,4,1,5,5,5,2,2,4,4,1,3,6,5,5,5,5,5,2,1,2,4,4,1,1,7,7,8,5,3,3,3,3,6,6,6,6,3,6,6,6,3,3,3,3,3,6,6,6,6,3,5,3,3,5,5,3,3,3,3,3,6,3,5,5,3,3,3,3,3,3,3,5,2,2,2,1,3,3,3,3,2,4,4,3,3,3,2,3,3,3,3,3,3,3,3,3,3,1,1,1,3,3,3,7,7,7,7,7,7,7,7,8,8,8,8,8,8,8,8","0.00100994110107422","fast_greedy","edit-xhwikibooks.graphml"
"0.84","0.07","0.09","0.738928571428572","1,1,1,1,1,2,1,5,2,2,4,1,5,5,5,2,2,4,4,1,3,6,5,5,5,5,5,2,1,2,4,4,1,1,7,7,8,5,3,3,3,3,6,6,6,6,3,6,6,6,3,3,3,3,3,6,6,6,6,3,5,3,3,5,5,3,3,3,3,3,6,3,5,5,3,3,3,3,3,3,3,5,2,2,2,1,3,3,3,3,2,4,4,3,3,3,2,3,3,3,3,3,3,3,3,3,3,1,1,1,3,3,3,7,7,7,7,7,7,7,7,8,8,8,8,8,8,8,8","0.000975847244262695","fast_greedy","edit-xhwikibooks.graphml"
"0.83","0.08","0.09","0.738928571428572","1,1,1,1,1,2,1,5,2,2,4,1,5,5,5,2,2,4,4,1,3,6,5,5,5,5,5,2,1,2,4,4,1,1,7,7,8,5,3,3,3,3,6,6,6,6,3,6,6,6,3,3,3,3,3,6,6,6,6,3,5,3,3,5,5,3,3,3,3,3,6,3,5,5,3,3,3,3,3,3,3,5,2,2,2,1,3,3,3,3,2,4,4,3,3,3,2,3,3,3,3,3,3,3,3,3,3,1,1,1,3,3,3,7,7,7,7,7,7,7,7,8,8,8,8,8,8,8,8","0.000965118408203125","fast_greedy","edit-xhwikibooks.graphml"
"0.82","0.09","0.09","0.738928571428572","1,1,1,1,1,2,1,5,2,2,4,1,5,5,5,2,2,4,4,1,3,6,5,5,5,5,5,2,1,2,4,4,1,1,7,7,8,5,3,3,3,3,6,6,6,6,3,6,6,6,3,3,3,3,3,6,6,6,6,3,5,3,3,5,5,3,3,3,3,3,6,3,5,5,3,3,3,3,3,3,3,5,2,2,2,1,3,3,3,3,2,4,4,3,3,3,2,3,3,3,3,3,3,3,3,3,3,1,1,1,3,3,3,7,7,7,7,7,7,7,7,8,8,8,8,8,8,8,8","0.000975847244262695","fast_greedy","edit-xhwikibooks.graphml"
"0.81","0.1","0.09","0.729053497942387","2,2,2,2,2,1,2,1,1,1,2,4,1,1,1,5,1,2,2,4,3,6,1,1,1,1,1,5,2,1,2,2,4,4,7,7,8,1,3,3,3,3,6,6,6,6,3,6,6,6,3,3,3,3,3,6,6,6,6,3,9,3,3,1,1,3,3,3,3,3,6,3,1,1,3,3,3,3,3,3,3,1,5,5,5,10,3,3,3,3,11,12,13,3,3,3,5,3,3,3,3,3,3,3,3,3,3,4,4,4,3,3,3,7,7,7,7,7,7,7,7,8,8,8,8,8,8,8,8","0.000951051712036133","fast_greedy","edit-xhwikibooks.graphml"
"0.8","0.11","0.09","0.729053497942387","2,2,2,2,2,1,2,1,1,1,2,4,1,1,1,5,1,2,2,4,3,6,1,1,1,1,1,5,2,1,2,2,4,4,7,7,8,1,3,3,3,3,6,6,6,6,3,6,6,6,3,3,3,3,3,6,6,6,6,3,9,3,3,1,1,3,3,3,3,3,6,3,1,1,3,3,3,3,3,3,3,1,5,5,5,10,3,3,3,3,11,12,13,3,3,3,5,3,3,3,3,3,3,3,3,3,3,4,4,4,3,3,3,7,7,7,7,7,7,7,7,8,8,8,8,8,8,8,8","0.00096583366394043","fast_greedy","edit-xhwikibooks.graphml"
"0.79","0.12","0.09","0.729053497942387","2,2,2,2,2,1,2,1,1,1,2,4,1,1,1,5,1,2,2,4,3,6,1,1,1,1,1,5,2,1,2,2,4,4,7,7,8,1,3,3,3,3,6,6,6,6,3,6,6,6,3,3,3,3,3,6,6,6,6,3,9,3,3,1,1,3,3,3,3,3,6,3,1,1,3,3,3,3,3,3,3,1,5,5,5,10,3,3,3,3,11,12,13,3,3,3,5,3,3,3,3,3,3,3,3,3,3,4,4,4,3,3,3,7,7,7,7,7,7,7,7,8,8,8,8,8,8,8,8","0.000973939895629883","fast_greedy","edit-xhwikibooks.graphml"
"0.78","0.13","0.09","0.729053497942387","2,2,2,2,2,1,2,1,1,1,2,4,1,1,1,5,1,2,2,4,3,6,1,1,1,1,1,5,2,1,2,2,4,4,7,7,8,1,3,3,3,3,6,6,6,6,3,6,6,6,3,3,3,3,3,6,6,6,6,3,9,3,3,1,1,3,3,3,3,3,6,3,1,1,3,3,3,3,3,3,3,1,5,5,5,10,3,3,3,3,11,12,13,3,3,3,5,3,3,3,3,3,3,3,3,3,3,4,4,4,3,3,3,7,7,7,7,7,7,7,7,8,8,8,8,8,8,8,8","0.000971078872680664","fast_greedy","edit-xhwikibooks.graphml"
"0.77","0.14","0.09","0.729053497942387","2,2,2,2,2,1,2,1,1,1,2,4,1,1,1,5,1,2,2,4,3,6,1,1,1,1,1,5,2,1,2,2,4,4,7,7,8,1,3,3,3,3,6,6,6,6,3,6,6,6,3,3,3,3,3,6,6,6,6,3,9,3,3,1,1,3,3,3,3,3,6,3,1,1,3,3,3,3,3,3,3,1,5,5,5,10,3,3,3,3,11,12,13,3,3,3,5,3,3,3,3,3,3,3,3,3,3,4,4,4,3,3,3,7,7,7,7,7,7,7,7,8,8,8,8,8,8,8,8","0.000943899154663086","fast_greedy","edit-xhwikibooks.graphml"
"0.76","0.15","0.09","0.729053497942387","2,2,2,2,2,1,2,1,1,1,2,4,1,1,1,5,1,2,2,4,3,6,1,1,1,1,1,5,2,1,2,2,4,4,7,7,8,1,3,3,3,3,6,6,6,6,3,6,6,6,3,3,3,3,3,6,6,6,6,3,9,3,3,1,1,3,3,3,3,3,6,3,1,1,3,3,3,3,3,3,3,1,5,5,5,10,3,3,3,3,11,12,13,3,3,3,5,3,3,3,3,3,3,3,3,3,3,4,4,4,3,3,3,7,7,7,7,7,7,7,7,8,8,8,8,8,8,8,8","0.00116205215454102","fast_greedy","edit-xhwikibooks.graphml"
"0.75","0.16","0.09","0.729053497942387","2,2,2,2,2,1,2,1,1,1,2,4,1,1,1,5,1,2,2,4,3,6,1,1,1,1,1,5,2,1,2,2,4,4,7,7,8,1,3,3,3,3,6,6,6,6,3,6,6,6,3,3,3,3,3,6,6,6,6,3,9,3,3,1,1,3,3,3,3,3,6,3,1,1,3,3,3,3,3,3,3,1,5,5,5,10,3,3,3,3,11,12,13,3,3,3,5,3,3,3,3,3,3,3,3,3,3,4,4,4,3,3,3,7,7,7,7,7,7,7,7,8,8,8,8,8,8,8,8","0.000907182693481445","fast_greedy","edit-xhwikibooks.graphml"
"0.74","0.17","0.09","0.732536764705882","1,1,1,1,1,2,1,4,2,2,1,5,4,4,4,2,2,1,1,5,3,6,4,4,4,4,4,2,1,2,1,1,5,5,8,8,7,4,3,3,3,3,6,6,6,6,3,6,6,6,3,3,3,3,3,6,6,6,6,3,9,3,3,4,4,3,3,3,3,3,6,3,4,4,3,3,3,3,3,3,3,4,2,2,2,10,3,3,3,3,11,12,13,3,3,3,2,3,3,3,3,3,3,3,3,3,3,5,5,5,3,3,3,8,8,8,8,8,8,8,8,7,7,7,7,7,7,7,7","0.00092315673828125","fast_greedy","edit-xhwikibooks.graphml"
"0.73","0.18","0.09","0.732536764705882","1,1,1,1,1,2,1,4,2,2,1,5,4,4,4,2,2,1,1,5,3,6,4,4,4,4,4,2,1,2,1,1,5,5,8,8,7,4,3,3,3,3,6,6,6,6,3,6,6,6,3,3,3,3,3,6,6,6,6,3,9,3,3,4,4,3,3,3,3,3,6,3,4,4,3,3,3,3,3,3,3,4,2,2,2,10,3,3,3,3,11,12,13,3,3,3,2,3,3,3,3,3,3,3,3,3,3,5,5,5,3,3,3,8,8,8,8,8,8,8,8,7,7,7,7,7,7,7,7","0.00105595588684082","fast_greedy","edit-xhwikibooks.graphml"
"0.72","0.19","0.09","0.717088687326783","1,1,1,1,1,3,1,4,3,3,1,1,4,4,4,3,8,1,1,1,2,5,4,4,4,4,4,3,1,9,10,1,1,1,6,6,7,4,2,2,2,2,5,5,5,5,2,5,5,5,2,2,2,2,2,5,5,5,5,2,11,2,2,12,13,2,2,2,2,2,5,2,4,4,2,2,2,2,2,2,2,14,3,3,3,15,2,2,2,2,16,17,18,2,2,2,19,2,2,2,2,2,2,2,2,2,2,20,21,2,2,2,2,6,6,6,6,6,6,6,6,7,7,7,7,7,7,7,7","0.000915050506591797","fast_greedy","edit-xhwikibooks.graphml"
"0.71","0.2","0.09","0.717088687326783","1,1,1,1,1,3,1,4,3,3,1,1,4,4,4,3,8,1,1,1,2,5,4,4,4,4,4,3,1,9,10,1,1,1,6,6,7,4,2,2,2,2,5,5,5,5,2,5,5,5,2,2,2,2,2,5,5,5,5,2,11,2,2,12,13,2,2,2,2,2,5,2,4,4,2,2,2,2,2,2,2,14,3,3,3,15,2,2,2,2,16,17,18,2,2,2,19,2,2,2,2,2,2,2,2,2,2,20,21,2,2,2,2,6,6,6,6,6,6,6,6,7,7,7,7,7,7,7,7","0.000931024551391602","fast_greedy","edit-xhwikibooks.graphml"
"0.7","0.21","0.09","0.717088687326783","1,1,1,1,1,3,1,4,3,3,1,1,4,4,4,3,8,1,1,1,2,5,4,4,4,4,4,3,1,9,10,1,1,1,6,6,7,4,2,2,2,2,5,5,5,5,2,5,5,5,2,2,2,2,2,5,5,5,5,2,11,2,2,12,13,2,2,2,2,2,5,2,4,4,2,2,2,2,2,2,2,14,3,3,3,15,2,2,2,2,16,17,18,2,2,2,19,2,2,2,2,2,2,2,2,2,2,20,21,2,2,2,2,6,6,6,6,6,6,6,6,7,7,7,7,7,7,7,7","0.00091099739074707","fast_greedy","edit-xhwikibooks.graphml"
"0.69","0.22","0.09","0.717088687326783","1,1,1,1,1,3,1,4,3,3,1,1,4,4,4,3,8,1,1,1,2,5,4,4,4,4,4,3,1,9,10,1,1,1,6,6,7,4,2,2,2,2,5,5,5,5,2,5,5,5,2,2,2,2,2,5,5,5,5,2,11,2,2,12,13,2,2,2,2,2,5,2,4,4,2,2,2,2,2,2,2,14,3,3,3,15,2,2,2,2,16,17,18,2,2,2,19,2,2,2,2,2,2,2,2,2,2,20,21,2,2,2,2,6,6,6,6,6,6,6,6,7,7,7,7,7,7,7,7","0.000922918319702148","fast_greedy","edit-xhwikibooks.graphml"
"0.68","0.23","0.09","0.717088687326783","1,1,1,1,1,3,1,4,3,3,1,1,4,4,4,3,8,1,1,1,2,5,4,4,4,4,4,3,1,9,10,1,1,1,6,6,7,4,2,2,2,2,5,5,5,5,2,5,5,5,2,2,2,2,2,5,5,5,5,2,11,2,2,12,13,2,2,2,2,2,5,2,4,4,2,2,2,2,2,2,2,14,3,3,3,15,2,2,2,2,16,17,18,2,2,2,19,2,2,2,2,2,2,2,2,2,2,20,21,2,2,2,2,6,6,6,6,6,6,6,6,7,7,7,7,7,7,7,7","0.000913858413696289","fast_greedy","edit-xhwikibooks.graphml"
"0.67","0.24","0.09","0.717088687326783","1,1,1,1,1,3,1,4,3,3,1,1,4,4,4,3,8,1,1,1,2,5,4,4,4,4,4,3,1,9,10,1,1,1,6,6,7,4,2,2,2,2,5,5,5,5,2,5,5,5,2,2,2,2,2,5,5,5,5,2,11,2,2,12,13,2,2,2,2,2,5,2,4,4,2,2,2,2,2,2,2,14,3,3,3,15,2,2,2,2,16,17,18,2,2,2,19,2,2,2,2,2,2,2,2,2,2,20,21,2,2,2,2,6,6,6,6,6,6,6,6,7,7,7,7,7,7,7,7","0.000931978225708008","fast_greedy","edit-xhwikibooks.graphml"
"0.66","0.25","0.09","0.717088687326783","1,1,1,1,1,3,1,4,3,3,1,1,4,4,4,3,8,1,1,1,2,5,4,4,4,4,4,3,1,9,10,1,1,1,6,6,7,4,2,2,2,2,5,5,5,5,2,5,5,5,2,2,2,2,2,5,5,5,5,2,11,2,2,12,13,2,2,2,2,2,5,2,4,4,2,2,2,2,2,2,2,14,3,3,3,15,2,2,2,2,16,17,18,2,2,2,19,2,2,2,2,2,2,2,2,2,2,20,21,2,2,2,2,6,6,6,6,6,6,6,6,7,7,7,7,7,7,7,7","0.000931978225708008","fast_greedy","edit-xhwikibooks.graphml"
"0.65","0.26","0.09","0.717088687326783","1,1,1,1,1,3,1,4,3,3,1,1,4,4,4,3,8,1,1,1,2,5,4,4,4,4,4,3,1,9,10,1,1,1,6,6,7,4,2,2,2,2,5,5,5,5,2,5,5,5,2,2,2,2,2,5,5,5,5,2,11,2,2,12,13,2,2,2,2,2,5,2,4,4,2,2,2,2,2,2,2,14,3,3,3,15,2,2,2,2,16,17,18,2,2,2,19,2,2,2,2,2,2,2,2,2,2,20,21,2,2,2,2,6,6,6,6,6,6,6,6,7,7,7,7,7,7,7,7","0.000961065292358398","fast_greedy","edit-xhwikibooks.graphml"
"0.64","0.27","0.09","0.717088687326783","1,1,1,1,1,3,1,4,3,3,1,1,4,4,4,3,8,1,1,1,2,5,4,4,4,4,4,3,1,9,10,1,1,1,6,6,7,4,2,2,2,2,5,5,5,5,2,5,5,5,2,2,2,2,2,5,5,5,5,2,11,2,2,12,13,2,2,2,2,2,5,2,4,4,2,2,2,2,2,2,2,14,3,3,3,15,2,2,2,2,16,17,18,2,2,2,19,2,2,2,2,2,2,2,2,2,2,20,21,2,2,2,2,6,6,6,6,6,6,6,6,7,7,7,7,7,7,7,7","0.000928878784179688","fast_greedy","edit-xhwikibooks.graphml"
"0.63","0.28","0.09","0.697983099489796","5,5,5,2,8,2,1,2,2,2,1,9,2,2,2,2,10,11,1,7,3,4,12,2,2,2,2,2,5,13,14,15,7,16,1,1,6,2,3,3,3,3,4,4,4,4,3,4,4,4,3,3,3,3,3,4,4,4,4,3,17,3,3,18,19,3,3,3,3,3,4,3,20,21,3,3,3,3,3,3,3,22,23,24,25,26,3,3,3,3,27,28,29,3,3,3,30,3,3,3,3,3,3,3,3,3,3,31,32,3,3,3,3,1,1,1,1,1,1,1,1,6,6,6,6,6,6,6,6","0.0010530948638916","fast_greedy","edit-xhwikibooks.graphml"
"0.62","0.29","0.09","0.697983099489796","5,5,5,2,8,2,1,2,2,2,1,9,2,2,2,2,10,11,1,7,3,4,12,2,2,2,2,2,5,13,14,15,7,16,1,1,6,2,3,3,3,3,4,4,4,4,3,4,4,4,3,3,3,3,3,4,4,4,4,3,17,3,3,18,19,3,3,3,3,3,4,3,20,21,3,3,3,3,3,3,3,22,23,24,25,26,3,3,3,3,27,28,29,3,3,3,30,3,3,3,3,3,3,3,3,3,3,31,32,3,3,3,3,1,1,1,1,1,1,1,1,6,6,6,6,6,6,6,6","0.000887870788574219","fast_greedy","edit-xhwikibooks.graphml"
"0.61","0.3","0.09","0.697983099489796","5,5,5,2,8,2,1,2,2,2,1,9,2,2,2,2,10,11,1,7,3,4,12,2,2,2,2,2,5,13,14,15,7,16,1,1,6,2,3,3,3,3,4,4,4,4,3,4,4,4,3,3,3,3,3,4,4,4,4,3,17,3,3,18,19,3,3,3,3,3,4,3,20,21,3,3,3,3,3,3,3,22,23,24,25,26,3,3,3,3,27,28,29,3,3,3,30,3,3,3,3,3,3,3,3,3,3,31,32,3,3,3,3,1,1,1,1,1,1,1,1,6,6,6,6,6,6,6,6","0.000980138778686523","fast_greedy","edit-xhwikibooks.graphml"
"0.6","0.31","0.09","0.697983099489796","5,5,5,2,8,2,1,2,2,2,1,9,2,2,2,2,10,11,1,7,3,4,12,2,2,2,2,2,5,13,14,15,7,16,1,1,6,2,3,3,3,3,4,4,4,4,3,4,4,4,3,3,3,3,3,4,4,4,4,3,17,3,3,18,19,3,3,3,3,3,4,3,20,21,3,3,3,3,3,3,3,22,23,24,25,26,3,3,3,3,27,28,29,3,3,3,30,3,3,3,3,3,3,3,3,3,3,31,32,3,3,3,3,1,1,1,1,1,1,1,1,6,6,6,6,6,6,6,6","0.000907182693481445","fast_greedy","edit-xhwikibooks.graphml"
"0.59","0.32","0.09","0.697983099489796","5,5,5,2,8,2,1,2,2,2,1,9,2,2,2,2,10,11,1,7,3,4,12,2,2,2,2,2,5,13,14,15,7,16,1,1,6,2,3,3,3,3,4,4,4,4,3,4,4,4,3,3,3,3,3,4,4,4,4,3,17,3,3,18,19,3,3,3,3,3,4,3,20,21,3,3,3,3,3,3,3,22,23,24,25,26,3,3,3,3,27,28,29,3,3,3,30,3,3,3,3,3,3,3,3,3,3,31,32,3,3,3,3,1,1,1,1,1,1,1,1,6,6,6,6,6,6,6,6","0.000889062881469727","fast_greedy","edit-xhwikibooks.graphml"
"0.58","0.33","0.09","0.697983099489796","5,5,5,2,8,2,1,2,2,2,1,9,2,2,2,2,10,11,1,7,3,4,12,2,2,2,2,2,5,13,14,15,7,16,1,1,6,2,3,3,3,3,4,4,4,4,3,4,4,4,3,3,3,3,3,4,4,4,4,3,17,3,3,18,19,3,3,3,3,3,4,3,20,21,3,3,3,3,3,3,3,22,23,24,25,26,3,3,3,3,27,28,29,3,3,3,30,3,3,3,3,3,3,3,3,3,3,31,32,3,3,3,3,1,1,1,1,1,1,1,1,6,6,6,6,6,6,6,6","0.00090789794921875","fast_greedy","edit-xhwikibooks.graphml"
"0.57","0.34","0.09","0.699819876262824","1,1,1,3,7,3,2,3,3,3,2,8,3,3,3,3,9,10,2,6,4,1,11,3,3,3,3,3,1,12,13,14,6,15,2,2,5,3,4,4,4,4,1,1,1,1,4,1,1,1,4,4,4,4,4,1,1,1,1,4,16,4,4,17,18,4,4,4,4,4,1,4,19,20,4,4,4,4,4,4,4,21,22,23,24,25,4,4,4,4,26,27,28,4,4,4,29,4,4,4,4,4,4,4,4,4,4,30,31,4,4,4,4,2,2,2,2,2,2,2,2,5,5,5,5,5,5,5,5","0.000921964645385742","fast_greedy","edit-xhwikibooks.graphml"
"0.56","0.35","0.09","0.699819876262824","1,1,1,3,7,3,2,3,3,3,2,8,3,3,3,3,9,10,2,6,4,1,11,3,3,3,3,3,1,12,13,14,6,15,2,2,5,3,4,4,4,4,1,1,1,1,4,1,1,1,4,4,4,4,4,1,1,1,1,4,16,4,4,17,18,4,4,4,4,4,1,4,19,20,4,4,4,4,4,4,4,21,22,23,24,25,4,4,4,4,26,27,28,4,4,4,29,4,4,4,4,4,4,4,4,4,4,30,31,4,4,4,4,2,2,2,2,2,2,2,2,5,5,5,5,5,5,5,5","0.000910043716430664","fast_greedy","edit-xhwikibooks.graphml"
"0.55","0.36","0.09","0.699819876262824","1,1,1,3,7,3,2,3,3,3,2,8,3,3,3,3,9,10,2,6,4,1,11,3,3,3,3,3,1,12,13,14,6,15,2,2,5,3,4,4,4,4,1,1,1,1,4,1,1,1,4,4,4,4,4,1,1,1,1,4,16,4,4,17,18,4,4,4,4,4,1,4,19,20,4,4,4,4,4,4,4,21,22,23,24,25,4,4,4,4,26,27,28,4,4,4,29,4,4,4,4,4,4,4,4,4,4,30,31,4,4,4,4,2,2,2,2,2,2,2,2,5,5,5,5,5,5,5,5","0.000900983810424805","fast_greedy","edit-xhwikibooks.graphml"
"0.54","0.37","0.09","0.690289256198347","4,4,4,1,7,1,8,1,1,1,9,10,1,1,1,1,11,12,5,13,2,3,14,1,1,1,1,1,4,15,16,17,18,19,5,5,6,1,2,2,2,2,3,3,3,3,2,3,3,3,2,2,2,2,2,3,3,3,3,2,20,2,2,21,22,2,2,2,2,2,3,2,23,24,2,2,2,2,2,2,2,25,26,27,28,29,2,2,2,2,30,31,32,2,2,2,33,2,2,2,2,2,2,2,2,2,2,34,35,2,2,2,2,5,5,5,5,5,5,5,5,6,6,6,6,6,6,6,6","0.000935077667236328","fast_greedy","edit-xhwikibooks.graphml"
"0.53","0.38","0.09","0.690289256198347","4,4,4,1,7,1,8,1,1,1,9,10,1,1,1,1,11,12,5,13,2,3,14,1,1,1,1,1,4,15,16,17,18,19,5,5,6,1,2,2,2,2,3,3,3,3,2,3,3,3,2,2,2,2,2,3,3,3,3,2,20,2,2,21,22,2,2,2,2,2,3,2,23,24,2,2,2,2,2,2,2,25,26,27,28,29,2,2,2,2,30,31,32,2,2,2,33,2,2,2,2,2,2,2,2,2,2,34,35,2,2,2,2,5,5,5,5,5,5,5,5,6,6,6,6,6,6,6,6","0.000951051712036133","fast_greedy","edit-xhwikibooks.graphml"
"0.52","0.39","0.09","0.690289256198347","4,4,4,1,7,1,8,1,1,1,9,10,1,1,1,1,11,12,5,13,2,3,14,1,1,1,1,1,4,15,16,17,18,19,5,5,6,1,2,2,2,2,3,3,3,3,2,3,3,3,2,2,2,2,2,3,3,3,3,2,20,2,2,21,22,2,2,2,2,2,3,2,23,24,2,2,2,2,2,2,2,25,26,27,28,29,2,2,2,2,30,31,32,2,2,2,33,2,2,2,2,2,2,2,2,2,2,34,35,2,2,2,2,5,5,5,5,5,5,5,5,6,6,6,6,6,6,6,6","0.000874042510986328","fast_greedy","edit-xhwikibooks.graphml"
"0.51","0.4","0.09","0.690289256198347","4,4,4,1,7,1,8,1,1,1,9,10,1,1,1,1,11,12,5,13,2,3,14,1,1,1,1,1,4,15,16,17,18,19,5,5,6,1,2,2,2,2,3,3,3,3,2,3,3,3,2,2,2,2,2,3,3,3,3,2,20,2,2,21,22,2,2,2,2,2,3,2,23,24,2,2,2,2,2,2,2,25,26,27,28,29,2,2,2,2,30,31,32,2,2,2,33,2,2,2,2,2,2,2,2,2,2,34,35,2,2,2,2,5,5,5,5,5,5,5,5,6,6,6,6,6,6,6,6","0.000890970230102539","fast_greedy","edit-xhwikibooks.graphml"
"0.5","0.41","0.09","0.690289256198347","4,4,4,1,7,1,8,1,1,1,9,10,1,1,1,1,11,12,5,13,2,3,14,1,1,1,1,1,4,15,16,17,18,19,5,5,6,1,2,2,2,2,3,3,3,3,2,3,3,3,2,2,2,2,2,3,3,3,3,2,20,2,2,21,22,2,2,2,2,2,3,2,23,24,2,2,2,2,2,2,2,25,26,27,28,29,2,2,2,2,30,31,32,2,2,2,33,2,2,2,2,2,2,2,2,2,2,34,35,2,2,2,2,5,5,5,5,5,5,5,5,6,6,6,6,6,6,6,6","0.00111198425292969","fast_greedy","edit-xhwikibooks.graphml"
"0.49","0.42","0.09","0.690289256198347","4,4,4,1,7,1,8,1,1,1,9,10,1,1,1,1,11,12,5,13,2,3,14,1,1,1,1,1,4,15,16,17,18,19,5,5,6,1,2,2,2,2,3,3,3,3,2,3,3,3,2,2,2,2,2,3,3,3,3,2,20,2,2,21,22,2,2,2,2,2,3,2,23,24,2,2,2,2,2,2,2,25,26,27,28,29,2,2,2,2,30,31,32,2,2,2,33,2,2,2,2,2,2,2,2,2,2,34,35,2,2,2,2,5,5,5,5,5,5,5,5,6,6,6,6,6,6,6,6","0.000903844833374023","fast_greedy","edit-xhwikibooks.graphml"
"0.48","0.43","0.09","0.690289256198347","4,4,4,1,7,1,8,1,1,1,9,10,1,1,1,1,11,12,5,13,2,3,14,1,1,1,1,1,4,15,16,17,18,19,5,5,6,1,2,2,2,2,3,3,3,3,2,3,3,3,2,2,2,2,2,3,3,3,3,2,20,2,2,21,22,2,2,2,2,2,3,2,23,24,2,2,2,2,2,2,2,25,26,27,28,29,2,2,2,2,30,31,32,2,2,2,33,2,2,2,2,2,2,2,2,2,2,34,35,2,2,2,2,5,5,5,5,5,5,5,5,6,6,6,6,6,6,6,6","0.000890970230102539","fast_greedy","edit-xhwikibooks.graphml"
"0.47","0.44","0.09","0.690289256198347","4,4,4,1,7,1,8,1,1,1,9,10,1,1,1,1,11,12,5,13,2,3,14,1,1,1,1,1,4,15,16,17,18,19,5,5,6,1,2,2,2,2,3,3,3,3,2,3,3,3,2,2,2,2,2,3,3,3,3,2,20,2,2,21,22,2,2,2,2,2,3,2,23,24,2,2,2,2,2,2,2,25,26,27,28,29,2,2,2,2,30,31,32,2,2,2,33,2,2,2,2,2,2,2,2,2,2,34,35,2,2,2,2,5,5,5,5,5,5,5,5,6,6,6,6,6,6,6,6","0.000913858413696289","fast_greedy","edit-xhwikibooks.graphml"
"0.46","0.45","0.09","0.690289256198347","4,4,4,1,7,1,8,1,1,1,9,10,1,1,1,1,11,12,5,13,2,3,14,1,1,1,1,1,4,15,16,17,18,19,5,5,6,1,2,2,2,2,3,3,3,3,2,3,3,3,2,2,2,2,2,3,3,3,3,2,20,2,2,21,22,2,2,2,2,2,3,2,23,24,2,2,2,2,2,2,2,25,26,27,28,29,2,2,2,2,30,31,32,2,2,2,33,2,2,2,2,2,2,2,2,2,2,34,35,2,2,2,2,5,5,5,5,5,5,5,5,6,6,6,6,6,6,6,6","0.00088191032409668","fast_greedy","edit-xhwikibooks.graphml"
"0.45","0.46","0.09","0.679595044378698","2,2,2,7,8,2,9,2,6,10,11,12,2,6,6,2,13,14,5,15,1,3,16,6,6,6,6,17,18,19,20,21,22,23,5,5,4,6,1,1,1,1,3,3,3,3,1,3,3,3,1,1,1,1,1,3,3,3,3,1,24,1,1,25,26,1,1,1,1,1,3,1,27,28,1,1,1,1,1,1,1,29,30,31,32,33,1,1,1,1,34,35,36,1,1,1,37,1,1,1,1,1,1,1,1,1,1,38,39,1,1,1,1,5,5,5,5,5,5,5,5,4,4,4,4,4,4,4,4","0.000927925109863281","fast_greedy","edit-xhwikibooks.graphml"
"0.44","0.47","0.09","0.679595044378698","2,2,2,7,8,2,9,2,6,10,11,12,2,6,6,2,13,14,5,15,1,3,16,6,6,6,6,17,18,19,20,21,22,23,5,5,4,6,1,1,1,1,3,3,3,3,1,3,3,3,1,1,1,1,1,3,3,3,3,1,24,1,1,25,26,1,1,1,1,1,3,1,27,28,1,1,1,1,1,1,1,29,30,31,32,33,1,1,1,1,34,35,36,1,1,1,37,1,1,1,1,1,1,1,1,1,1,38,39,1,1,1,1,5,5,5,5,5,5,5,5,4,4,4,4,4,4,4,4","0.000914096832275391","fast_greedy","edit-xhwikibooks.graphml"
"0.43","0.48","0.09","0.679595044378698","2,2,2,7,8,2,9,2,6,10,11,12,2,6,6,2,13,14,5,15,1,3,16,6,6,6,6,17,18,19,20,21,22,23,5,5,4,6,1,1,1,1,3,3,3,3,1,3,3,3,1,1,1,1,1,3,3,3,3,1,24,1,1,25,26,1,1,1,1,1,3,1,27,28,1,1,1,1,1,1,1,29,30,31,32,33,1,1,1,1,34,35,36,1,1,1,37,1,1,1,1,1,1,1,1,1,1,38,39,1,1,1,1,5,5,5,5,5,5,5,5,4,4,4,4,4,4,4,4","0.000915050506591797","fast_greedy","edit-xhwikibooks.graphml"
"0.42","0.49","0.09","0.679595044378698","2,2,2,7,8,2,9,2,6,10,11,12,2,6,6,2,13,14,5,15,1,3,16,6,6,6,6,17,18,19,20,21,22,23,5,5,4,6,1,1,1,1,3,3,3,3,1,3,3,3,1,1,1,1,1,3,3,3,3,1,24,1,1,25,26,1,1,1,1,1,3,1,27,28,1,1,1,1,1,1,1,29,30,31,32,33,1,1,1,1,34,35,36,1,1,1,37,1,1,1,1,1,1,1,1,1,1,38,39,1,1,1,1,5,5,5,5,5,5,5,5,4,4,4,4,4,4,4,4","0.000928878784179688","fast_greedy","edit-xhwikibooks.graphml"
"0.41","0.5","0.09","0.707791363163372","1,1,1,6,7,2,8,2,2,9,10,11,2,2,2,2,12,13,4,14,3,1,15,2,2,2,2,16,17,18,19,20,21,22,4,4,5,2,3,3,3,3,1,1,1,1,3,1,1,1,3,3,3,3,3,1,1,1,1,3,23,3,3,24,25,3,3,3,3,3,1,3,26,27,3,3,3,3,3,3,3,28,29,30,31,32,3,3,3,3,33,34,35,3,3,3,36,3,3,3,3,3,3,3,3,3,3,37,38,3,3,3,3,4,4,4,4,4,4,4,4,5,5,5,5,5,5,5,5","0.00100111961364746","fast_greedy","edit-xhwikibooks.graphml"
"0.4","0.51","0.09","0.707791363163372","1,1,1,6,7,2,8,2,2,9,10,11,2,2,2,2,12,13,4,14,3,1,15,2,2,2,2,16,17,18,19,20,21,22,4,4,5,2,3,3,3,3,1,1,1,1,3,1,1,1,3,3,3,3,3,1,1,1,1,3,23,3,3,24,25,3,3,3,3,3,1,3,26,27,3,3,3,3,3,3,3,28,29,30,31,32,3,3,3,3,33,34,35,3,3,3,36,3,3,3,3,3,3,3,3,3,3,37,38,3,3,3,3,4,4,4,4,4,4,4,4,5,5,5,5,5,5,5,5","0.000902175903320312","fast_greedy","edit-xhwikibooks.graphml"
"0.39","0.52","0.09","0.707791363163372","1,1,1,6,7,2,8,2,2,9,10,11,2,2,2,2,12,13,4,14,3,1,15,2,2,2,2,16,17,18,19,20,21,22,4,4,5,2,3,3,3,3,1,1,1,1,3,1,1,1,3,3,3,3,3,1,1,1,1,3,23,3,3,24,25,3,3,3,3,3,1,3,26,27,3,3,3,3,3,3,3,28,29,30,31,32,3,3,3,3,33,34,35,3,3,3,36,3,3,3,3,3,3,3,3,3,3,37,38,3,3,3,3,4,4,4,4,4,4,4,4,5,5,5,5,5,5,5,5","0.000893115997314453","fast_greedy","edit-xhwikibooks.graphml"
"0.38","0.53","0.09","0.707791363163372","1,1,1,6,7,2,8,2,2,9,10,11,2,2,2,2,12,13,4,14,3,1,15,2,2,2,2,16,17,18,19,20,21,22,4,4,5,2,3,3,3,3,1,1,1,1,3,1,1,1,3,3,3,3,3,1,1,1,1,3,23,3,3,24,25,3,3,3,3,3,1,3,26,27,3,3,3,3,3,3,3,28,29,30,31,32,3,3,3,3,33,34,35,3,3,3,36,3,3,3,3,3,3,3,3,3,3,37,38,3,3,3,3,4,4,4,4,4,4,4,4,5,5,5,5,5,5,5,5","0.000900983810424805","fast_greedy","edit-xhwikibooks.graphml"
"0.37","0.54","0.09","0.707791363163372","1,1,1,6,7,2,8,2,2,9,10,11,2,2,2,2,12,13,4,14,3,1,15,2,2,2,2,16,17,18,19,20,21,22,4,4,5,2,3,3,3,3,1,1,1,1,3,1,1,1,3,3,3,3,3,1,1,1,1,3,23,3,3,24,25,3,3,3,3,3,1,3,26,27,3,3,3,3,3,3,3,28,29,30,31,32,3,3,3,3,33,34,35,3,3,3,36,3,3,3,3,3,3,3,3,3,3,37,38,3,3,3,3,4,4,4,4,4,4,4,4,5,5,5,5,5,5,5,5","0.00101399421691895","fast_greedy","edit-xhwikibooks.graphml"
"0.36","0.55","0.09","0.701728024042074","1,1,1,6,7,4,8,4,4,9,10,11,4,4,4,12,13,14,3,15,2,1,16,4,4,4,4,17,18,19,20,21,22,23,3,3,5,24,2,2,2,2,1,1,1,1,2,1,1,1,2,2,2,2,2,1,1,1,1,2,25,2,2,26,27,2,2,2,2,2,1,2,28,29,2,2,2,2,2,2,2,30,31,32,33,34,2,2,2,2,35,36,37,2,2,2,38,2,2,2,2,2,2,2,2,2,2,39,40,2,2,2,2,3,3,3,3,3,3,3,3,5,5,5,5,5,5,5,5","0.00105190277099609","fast_greedy","edit-xhwikibooks.graphml"
"0.35","0.56","0.09","0.701728024042074","1,1,1,6,7,4,8,4,4,9,10,11,4,4,4,12,13,14,3,15,2,1,16,4,4,4,4,17,18,19,20,21,22,23,3,3,5,24,2,2,2,2,1,1,1,1,2,1,1,1,2,2,2,2,2,1,1,1,1,2,25,2,2,26,27,2,2,2,2,2,1,2,28,29,2,2,2,2,2,2,2,30,31,32,33,34,2,2,2,2,35,36,37,2,2,2,38,2,2,2,2,2,2,2,2,2,2,39,40,2,2,2,2,3,3,3,3,3,3,3,3,5,5,5,5,5,5,5,5","0.000918149948120117","fast_greedy","edit-xhwikibooks.graphml"
"0.34","0.57","0.09","0.701728024042074","1,1,1,6,7,4,8,4,4,9,10,11,4,4,4,12,13,14,3,15,2,1,16,4,4,4,4,17,18,19,20,21,22,23,3,3,5,24,2,2,2,2,1,1,1,1,2,1,1,1,2,2,2,2,2,1,1,1,1,2,25,2,2,26,27,2,2,2,2,2,1,2,28,29,2,2,2,2,2,2,2,30,31,32,33,34,2,2,2,2,35,36,37,2,2,2,38,2,2,2,2,2,2,2,2,2,2,39,40,2,2,2,2,3,3,3,3,3,3,3,3,5,5,5,5,5,5,5,5","0.000944137573242188","fast_greedy","edit-xhwikibooks.graphml"
"0.33","0.58","0.09","0.701728024042074","1,1,1,6,7,4,8,4,4,9,10,11,4,4,4,12,13,14,3,15,2,1,16,4,4,4,4,17,18,19,20,21,22,23,3,3,5,24,2,2,2,2,1,1,1,1,2,1,1,1,2,2,2,2,2,1,1,1,1,2,25,2,2,26,27,2,2,2,2,2,1,2,28,29,2,2,2,2,2,2,2,30,31,32,33,34,2,2,2,2,35,36,37,2,2,2,38,2,2,2,2,2,2,2,2,2,2,39,40,2,2,2,2,3,3,3,3,3,3,3,3,5,5,5,5,5,5,5,5","0.000967979431152344","fast_greedy","edit-xhwikibooks.graphml"
"0.32","0.59","0.09","0.701728024042074","1,1,1,6,7,4,8,4,4,9,10,11,4,4,4,12,13,14,3,15,2,1,16,4,4,4,4,17,18,19,20,21,22,23,3,3,5,24,2,2,2,2,1,1,1,1,2,1,1,1,2,2,2,2,2,1,1,1,1,2,25,2,2,26,27,2,2,2,2,2,1,2,28,29,2,2,2,2,2,2,2,30,31,32,33,34,2,2,2,2,35,36,37,2,2,2,38,2,2,2,2,2,2,2,2,2,2,39,40,2,2,2,2,3,3,3,3,3,3,3,3,5,5,5,5,5,5,5,5","0.000957965850830078","fast_greedy","edit-xhwikibooks.graphml"
"0.31","0.6","0.09","0.701728024042074","1,1,1,6,7,4,8,4,4,9,10,11,4,4,4,12,13,14,3,15,2,1,16,4,4,4,4,17,18,19,20,21,22,23,3,3,5,24,2,2,2,2,1,1,1,1,2,1,1,1,2,2,2,2,2,1,1,1,1,2,25,2,2,26,27,2,2,2,2,2,1,2,28,29,2,2,2,2,2,2,2,30,31,32,33,34,2,2,2,2,35,36,37,2,2,2,38,2,2,2,2,2,2,2,2,2,2,39,40,2,2,2,2,3,3,3,3,3,3,3,3,5,5,5,5,5,5,5,5","0.000990152359008789","fast_greedy","edit-xhwikibooks.graphml"
"0.3","0.61","0.09","0.701728024042074","1,1,1,6,7,4,8,4,4,9,10,11,4,4,4,12,13,14,3,15,2,1,16,4,4,4,4,17,18,19,20,21,22,23,3,3,5,24,2,2,2,2,1,1,1,1,2,1,1,1,2,2,2,2,2,1,1,1,1,2,25,2,2,26,27,2,2,2,2,2,1,2,28,29,2,2,2,2,2,2,2,30,31,32,33,34,2,2,2,2,35,36,37,2,2,2,38,2,2,2,2,2,2,2,2,2,2,39,40,2,2,2,2,3,3,3,3,3,3,3,3,5,5,5,5,5,5,5,5","0.000989913940429688","fast_greedy","edit-xhwikibooks.graphml"
"0.29","0.62","0.09","0.701728024042074","1,1,1,6,7,4,8,4,4,9,10,11,4,4,4,12,13,14,3,15,2,1,16,4,4,4,4,17,18,19,20,21,22,23,3,3,5,24,2,2,2,2,1,1,1,1,2,1,1,1,2,2,2,2,2,1,1,1,1,2,25,2,2,26,27,2,2,2,2,2,1,2,28,29,2,2,2,2,2,2,2,30,31,32,33,34,2,2,2,2,35,36,37,2,2,2,38,2,2,2,2,2,2,2,2,2,2,39,40,2,2,2,2,3,3,3,3,3,3,3,3,5,5,5,5,5,5,5,5","0.00100302696228027","fast_greedy","edit-xhwikibooks.graphml"
"0.28","0.63","0.09","0.701728024042074","1,1,1,6,7,4,8,4,4,9,10,11,4,4,4,12,13,14,3,15,2,1,16,4,4,4,4,17,18,19,20,21,22,23,3,3,5,24,2,2,2,2,1,1,1,1,2,1,1,1,2,2,2,2,2,1,1,1,1,2,25,2,2,26,27,2,2,2,2,2,1,2,28,29,2,2,2,2,2,2,2,30,31,32,33,34,2,2,2,2,35,36,37,2,2,2,38,2,2,2,2,2,2,2,2,2,2,39,40,2,2,2,2,3,3,3,3,3,3,3,3,5,5,5,5,5,5,5,5","0.000936031341552734","fast_greedy","edit-xhwikibooks.graphml"
"0.27","0.64","0.09","0.699905033238366","1,1,1,6,7,8,9,3,10,11,12,13,3,3,3,14,15,16,4,17,2,1,18,3,3,3,3,19,20,21,22,23,24,25,4,4,5,26,2,2,2,2,1,1,1,1,2,1,1,1,2,2,2,2,2,1,1,1,1,2,27,2,2,28,29,2,2,2,2,2,1,2,30,31,2,2,2,2,2,2,2,32,33,34,35,36,2,2,2,2,37,38,39,2,2,2,40,2,2,2,2,2,2,2,2,2,2,41,42,2,2,2,2,4,4,4,4,4,4,4,4,5,5,5,5,5,5,5,5","0.000918149948120117","fast_greedy","edit-xhwikibooks.graphml"
"0.26","0.65","0.09","0.699905033238366","1,1,1,6,7,8,9,3,10,11,12,13,3,3,3,14,15,16,4,17,2,1,18,3,3,3,3,19,20,21,22,23,24,25,4,4,5,26,2,2,2,2,1,1,1,1,2,1,1,1,2,2,2,2,2,1,1,1,1,2,27,2,2,28,29,2,2,2,2,2,1,2,30,31,2,2,2,2,2,2,2,32,33,34,35,36,2,2,2,2,37,38,39,2,2,2,40,2,2,2,2,2,2,2,2,2,2,41,42,2,2,2,2,4,4,4,4,4,4,4,4,5,5,5,5,5,5,5,5","0.000905036926269531","fast_greedy","edit-xhwikibooks.graphml"
"0.25","0.66","0.09","0.699905033238366","1,1,1,6,7,8,9,3,10,11,12,13,3,3,3,14,15,16,4,17,2,1,18,3,3,3,3,19,20,21,22,23,24,25,4,4,5,26,2,2,2,2,1,1,1,1,2,1,1,1,2,2,2,2,2,1,1,1,1,2,27,2,2,28,29,2,2,2,2,2,1,2,30,31,2,2,2,2,2,2,2,32,33,34,35,36,2,2,2,2,37,38,39,2,2,2,40,2,2,2,2,2,2,2,2,2,2,41,42,2,2,2,2,4,4,4,4,4,4,4,4,5,5,5,5,5,5,5,5","0.00110793113708496","fast_greedy","edit-xhwikibooks.graphml"
"0.24","0.67","0.09","0.699905033238366","1,1,1,6,7,8,9,3,10,11,12,13,3,3,3,14,15,16,4,17,2,1,18,3,3,3,3,19,20,21,22,23,24,25,4,4,5,26,2,2,2,2,1,1,1,1,2,1,1,1,2,2,2,2,2,1,1,1,1,2,27,2,2,28,29,2,2,2,2,2,1,2,30,31,2,2,2,2,2,2,2,32,33,34,35,36,2,2,2,2,37,38,39,2,2,2,40,2,2,2,2,2,2,2,2,2,2,41,42,2,2,2,2,4,4,4,4,4,4,4,4,5,5,5,5,5,5,5,5","0.000993967056274414","fast_greedy","edit-xhwikibooks.graphml"
"0.23","0.68","0.09","0.699905033238366","1,1,1,6,7,8,9,3,10,11,12,13,3,3,3,14,15,16,4,17,2,1,18,3,3,3,3,19,20,21,22,23,24,25,4,4,5,26,2,2,2,2,1,1,1,1,2,1,1,1,2,2,2,2,2,1,1,1,1,2,27,2,2,28,29,2,2,2,2,2,1,2,30,31,2,2,2,2,2,2,2,32,33,34,35,36,2,2,2,2,37,38,39,2,2,2,40,2,2,2,2,2,2,2,2,2,2,41,42,2,2,2,2,4,4,4,4,4,4,4,4,5,5,5,5,5,5,5,5","0.00089716911315918","fast_greedy","edit-xhwikibooks.graphml"
"0.22","0.69","0.09","0.699905033238366","1,1,1,6,7,8,9,3,10,11,12,13,3,3,3,14,15,16,4,17,2,1,18,3,3,3,3,19,20,21,22,23,24,25,4,4,5,26,2,2,2,2,1,1,1,1,2,1,1,1,2,2,2,2,2,1,1,1,1,2,27,2,2,28,29,2,2,2,2,2,1,2,30,31,2,2,2,2,2,2,2,32,33,34,35,36,2,2,2,2,37,38,39,2,2,2,40,2,2,2,2,2,2,2,2,2,2,41,42,2,2,2,2,4,4,4,4,4,4,4,4,5,5,5,5,5,5,5,5","0.00091099739074707","fast_greedy","edit-xhwikibooks.graphml"
"0.21","0.7","0.09","0.699905033238366","1,1,1,6,7,8,9,3,10,11,12,13,3,3,3,14,15,16,4,17,2,1,18,3,3,3,3,19,20,21,22,23,24,25,4,4,5,26,2,2,2,2,1,1,1,1,2,1,1,1,2,2,2,2,2,1,1,1,1,2,27,2,2,28,29,2,2,2,2,2,1,2,30,31,2,2,2,2,2,2,2,32,33,34,35,36,2,2,2,2,37,38,39,2,2,2,40,2,2,2,2,2,2,2,2,2,2,41,42,2,2,2,2,4,4,4,4,4,4,4,4,5,5,5,5,5,5,5,5","0.000964164733886719","fast_greedy","edit-xhwikibooks.graphml"
"0.2","0.71","0.09","0.699905033238366","1,1,1,6,7,8,9,3,10,11,12,13,3,3,3,14,15,16,4,17,2,1,18,3,3,3,3,19,20,21,22,23,24,25,4,4,5,26,2,2,2,2,1,1,1,1,2,1,1,1,2,2,2,2,2,1,1,1,1,2,27,2,2,28,29,2,2,2,2,2,1,2,30,31,2,2,2,2,2,2,2,32,33,34,35,36,2,2,2,2,37,38,39,2,2,2,40,2,2,2,2,2,2,2,2,2,2,41,42,2,2,2,2,4,4,4,4,4,4,4,4,5,5,5,5,5,5,5,5","0.000929832458496094","fast_greedy","edit-xhwikibooks.graphml"
"0.19","0.72","0.09","0.699905033238366","1,1,1,6,7,8,9,3,10,11,12,13,3,3,3,14,15,16,4,17,2,1,18,3,3,3,3,19,20,21,22,23,24,25,4,4,5,26,2,2,2,2,1,1,1,1,2,1,1,1,2,2,2,2,2,1,1,1,1,2,27,2,2,28,29,2,2,2,2,2,1,2,30,31,2,2,2,2,2,2,2,32,33,34,35,36,2,2,2,2,37,38,39,2,2,2,40,2,2,2,2,2,2,2,2,2,2,41,42,2,2,2,2,4,4,4,4,4,4,4,4,5,5,5,5,5,5,5,5","0.000964164733886719","fast_greedy","edit-xhwikibooks.graphml"
"0.18","0.73","0.09","0.659208579881657","1,1,1,6,7,8,9,5,10,11,12,13,4,4,4,14,15,16,3,17,2,1,18,5,4,4,4,19,20,21,22,23,24,25,3,3,4,26,2,2,2,2,1,1,1,1,2,1,1,1,2,2,2,2,2,1,1,1,1,2,27,2,2,28,29,2,2,2,2,2,1,2,30,31,2,2,2,2,2,2,2,32,33,34,35,36,2,2,2,2,37,38,39,2,2,2,40,2,2,2,2,2,2,2,2,2,2,41,42,2,2,2,2,3,43,44,3,3,3,3,3,45,46,47,48,49,50,51,52","0.000965118408203125","fast_greedy","edit-xhwikibooks.graphml"
"0.17","0.74","0.09","0.659208579881657","1,1,1,6,7,8,9,5,10,11,12,13,4,4,4,14,15,16,3,17,2,1,18,5,4,4,4,19,20,21,22,23,24,25,3,3,4,26,2,2,2,2,1,1,1,1,2,1,1,1,2,2,2,2,2,1,1,1,1,2,27,2,2,28,29,2,2,2,2,2,1,2,30,31,2,2,2,2,2,2,2,32,33,34,35,36,2,2,2,2,37,38,39,2,2,2,40,2,2,2,2,2,2,2,2,2,2,41,42,2,2,2,2,3,43,44,3,3,3,3,3,45,46,47,48,49,50,51,52","0.000885009765625","fast_greedy","edit-xhwikibooks.graphml"
"0.16","0.75","0.09","0.659208579881657","1,1,1,6,7,8,9,5,10,11,12,13,4,4,4,14,15,16,3,17,2,1,18,5,4,4,4,19,20,21,22,23,24,25,3,3,4,26,2,2,2,2,1,1,1,1,2,1,1,1,2,2,2,2,2,1,1,1,1,2,27,2,2,28,29,2,2,2,2,2,1,2,30,31,2,2,2,2,2,2,2,32,33,34,35,36,2,2,2,2,37,38,39,2,2,2,40,2,2,2,2,2,2,2,2,2,2,41,42,2,2,2,2,3,43,44,3,3,3,3,3,45,46,47,48,49,50,51,52","0.000960111618041992","fast_greedy","edit-xhwikibooks.graphml"
"0.15","0.76","0.09","0.659208579881657","1,1,1,6,7,8,9,5,10,11,12,13,4,4,4,14,15,16,3,17,2,1,18,5,4,4,4,19,20,21,22,23,24,25,3,3,4,26,2,2,2,2,1,1,1,1,2,1,1,1,2,2,2,2,2,1,1,1,1,2,27,2,2,28,29,2,2,2,2,2,1,2,30,31,2,2,2,2,2,2,2,32,33,34,35,36,2,2,2,2,37,38,39,2,2,2,40,2,2,2,2,2,2,2,2,2,2,41,42,2,2,2,2,3,43,44,3,3,3,3,3,45,46,47,48,49,50,51,52","0.000971078872680664","fast_greedy","edit-xhwikibooks.graphml"
"0.14","0.77","0.09","0.659208579881657","1,1,1,6,7,8,9,5,10,11,12,13,4,4,4,14,15,16,3,17,2,1,18,5,4,4,4,19,20,21,22,23,24,25,3,3,4,26,2,2,2,2,1,1,1,1,2,1,1,1,2,2,2,2,2,1,1,1,1,2,27,2,2,28,29,2,2,2,2,2,1,2,30,31,2,2,2,2,2,2,2,32,33,34,35,36,2,2,2,2,37,38,39,2,2,2,40,2,2,2,2,2,2,2,2,2,2,41,42,2,2,2,2,3,43,44,3,3,3,3,3,45,46,47,48,49,50,51,52","0.000982046127319336","fast_greedy","edit-xhwikibooks.graphml"
"0.13","0.78","0.09","0.659208579881657","1,1,1,6,7,8,9,5,10,11,12,13,4,4,4,14,15,16,3,17,2,1,18,5,4,4,4,19,20,21,22,23,24,25,3,3,4,26,2,2,2,2,1,1,1,1,2,1,1,1,2,2,2,2,2,1,1,1,1,2,27,2,2,28,29,2,2,2,2,2,1,2,30,31,2,2,2,2,2,2,2,32,33,34,35,36,2,2,2,2,37,38,39,2,2,2,40,2,2,2,2,2,2,2,2,2,2,41,42,2,2,2,2,3,43,44,3,3,3,3,3,45,46,47,48,49,50,51,52","0.000992059707641602","fast_greedy","edit-xhwikibooks.graphml"
"0.12","0.79","0.09","0.659208579881657","1,1,1,6,7,8,9,5,10,11,12,13,4,4,4,14,15,16,3,17,2,1,18,5,4,4,4,19,20,21,22,23,24,25,3,3,4,26,2,2,2,2,1,1,1,1,2,1,1,1,2,2,2,2,2,1,1,1,1,2,27,2,2,28,29,2,2,2,2,2,1,2,30,31,2,2,2,2,2,2,2,32,33,34,35,36,2,2,2,2,37,38,39,2,2,2,40,2,2,2,2,2,2,2,2,2,2,41,42,2,2,2,2,3,43,44,3,3,3,3,3,45,46,47,48,49,50,51,52","0.00136303901672363","fast_greedy","edit-xhwikibooks.graphml"
"0.11","0.8","0.09","0.659208579881657","1,1,1,6,7,8,9,5,10,11,12,13,4,4,4,14,15,16,3,17,2,1,18,5,4,4,4,19,20,21,22,23,24,25,3,3,4,26,2,2,2,2,1,1,1,1,2,1,1,1,2,2,2,2,2,1,1,1,1,2,27,2,2,28,29,2,2,2,2,2,1,2,30,31,2,2,2,2,2,2,2,32,33,34,35,36,2,2,2,2,37,38,39,2,2,2,40,2,2,2,2,2,2,2,2,2,2,41,42,2,2,2,2,3,43,44,3,3,3,3,3,45,46,47,48,49,50,51,52","0.00088810920715332","fast_greedy","edit-xhwikibooks.graphml"
"0.1","0.81","0.09","0.654632858893392","1,1,1,6,7,8,9,5,10,11,12,13,4,4,4,14,15,16,3,17,2,1,18,5,4,4,4,19,20,21,22,23,24,25,3,3,4,26,2,2,2,2,1,1,1,1,2,1,1,1,2,2,2,2,2,1,1,1,1,2,27,2,2,28,29,2,2,2,2,2,1,2,30,31,2,2,2,2,2,2,2,32,33,34,35,36,2,2,2,2,37,38,39,2,2,2,40,2,2,2,2,2,2,2,2,2,2,41,42,2,2,2,2,3,43,44,3,3,3,3,3,45,46,47,48,49,50,51,52","0.00086212158203125","fast_greedy","edit-xhwikibooks.graphml"
"0.09","0.82","0.09","0.654632858893392","1,1,1,6,7,8,9,5,10,11,12,13,4,4,4,14,15,16,3,17,2,1,18,5,4,4,4,19,20,21,22,23,24,25,3,3,4,26,2,2,2,2,1,1,1,1,2,1,1,1,2,2,2,2,2,1,1,1,1,2,27,2,2,28,29,2,2,2,2,2,1,2,30,31,2,2,2,2,2,2,2,32,33,34,35,36,2,2,2,2,37,38,39,2,2,2,40,2,2,2,2,2,2,2,2,2,2,41,42,2,2,2,2,3,43,44,3,3,3,3,3,45,46,47,48,49,50,51,52","0.000927209854125977","fast_greedy","edit-xhwikibooks.graphml"
"0.08","0.83","0.09","0.654632858893392","1,1,1,6,7,8,9,5,10,11,12,13,4,4,4,14,15,16,3,17,2,1,18,5,4,4,4,19,20,21,22,23,24,25,3,3,4,26,2,2,2,2,1,1,1,1,2,1,1,1,2,2,2,2,2,1,1,1,1,2,27,2,2,28,29,2,2,2,2,2,1,2,30,31,2,2,2,2,2,2,2,32,33,34,35,36,2,2,2,2,37,38,39,2,2,2,40,2,2,2,2,2,2,2,2,2,2,41,42,2,2,2,2,3,43,44,3,3,3,3,3,45,46,47,48,49,50,51,52","0.000921010971069336","fast_greedy","edit-xhwikibooks.graphml"
"0.07","0.84","0.09","0.654632858893392","1,1,1,6,7,8,9,5,10,11,12,13,4,4,4,14,15,16,3,17,2,1,18,5,4,4,4,19,20,21,22,23,24,25,3,3,4,26,2,2,2,2,1,1,1,1,2,1,1,1,2,2,2,2,2,1,1,1,1,2,27,2,2,28,29,2,2,2,2,2,1,2,30,31,2,2,2,2,2,2,2,32,33,34,35,36,2,2,2,2,37,38,39,2,2,2,40,2,2,2,2,2,2,2,2,2,2,41,42,2,2,2,2,3,43,44,3,3,3,3,3,45,46,47,48,49,50,51,52","0.00092315673828125","fast_greedy","edit-xhwikibooks.graphml"
"0.06","0.85","0.09","0.654632858893392","1,1,1,6,7,8,9,5,10,11,12,13,4,4,4,14,15,16,3,17,2,1,18,5,4,4,4,19,20,21,22,23,24,25,3,3,4,26,2,2,2,2,1,1,1,1,2,1,1,1,2,2,2,2,2,1,1,1,1,2,27,2,2,28,29,2,2,2,2,2,1,2,30,31,2,2,2,2,2,2,2,32,33,34,35,36,2,2,2,2,37,38,39,2,2,2,40,2,2,2,2,2,2,2,2,2,2,41,42,2,2,2,2,3,43,44,3,3,3,3,3,45,46,47,48,49,50,51,52","0.000958919525146484","fast_greedy","edit-xhwikibooks.graphml"
"0.05","0.86","0.09","0.654632858893392","1,1,1,6,7,8,9,5,10,11,12,13,4,4,4,14,15,16,3,17,2,1,18,5,4,4,4,19,20,21,22,23,24,25,3,3,4,26,2,2,2,2,1,1,1,1,2,1,1,1,2,2,2,2,2,1,1,1,1,2,27,2,2,28,29,2,2,2,2,2,1,2,30,31,2,2,2,2,2,2,2,32,33,34,35,36,2,2,2,2,37,38,39,2,2,2,40,2,2,2,2,2,2,2,2,2,2,41,42,2,2,2,2,3,43,44,3,3,3,3,3,45,46,47,48,49,50,51,52","0.00100994110107422","fast_greedy","edit-xhwikibooks.graphml"
"0.04","0.87","0.09","0.654632858893392","1,1,1,6,7,8,9,5,10,11,12,13,4,4,4,14,15,16,3,17,2,1,18,5,4,4,4,19,20,21,22,23,24,25,3,3,4,26,2,2,2,2,1,1,1,1,2,1,1,1,2,2,2,2,2,1,1,1,1,2,27,2,2,28,29,2,2,2,2,2,1,2,30,31,2,2,2,2,2,2,2,32,33,34,35,36,2,2,2,2,37,38,39,2,2,2,40,2,2,2,2,2,2,2,2,2,2,41,42,2,2,2,2,3,43,44,3,3,3,3,3,45,46,47,48,49,50,51,52","0.000962972640991211","fast_greedy","edit-xhwikibooks.graphml"
"0.03","0.88","0.09","0.654632858893392","1,1,1,6,7,8,9,5,10,11,12,13,4,4,4,14,15,16,3,17,2,1,18,5,4,4,4,19,20,21,22,23,24,25,3,3,4,26,2,2,2,2,1,1,1,1,2,1,1,1,2,2,2,2,2,1,1,1,1,2,27,2,2,28,29,2,2,2,2,2,1,2,30,31,2,2,2,2,2,2,2,32,33,34,35,36,2,2,2,2,37,38,39,2,2,2,40,2,2,2,2,2,2,2,2,2,2,41,42,2,2,2,2,3,43,44,3,3,3,3,3,45,46,47,48,49,50,51,52","0.000946044921875","fast_greedy","edit-xhwikibooks.graphml"
"0.02","0.89","0.09","0.654632858893392","1,1,1,6,7,8,9,5,10,11,12,13,4,4,4,14,15,16,3,17,2,1,18,5,4,4,4,19,20,21,22,23,24,25,3,3,4,26,2,2,2,2,1,1,1,1,2,1,1,1,2,2,2,2,2,1,1,1,1,2,27,2,2,28,29,2,2,2,2,2,1,2,30,31,2,2,2,2,2,2,2,32,33,34,35,36,2,2,2,2,37,38,39,2,2,2,40,2,2,2,2,2,2,2,2,2,2,41,42,2,2,2,2,3,43,44,3,3,3,3,3,45,46,47,48,49,50,51,52","0.000977039337158203","fast_greedy","edit-xhwikibooks.graphml"
"0.01","0.9","0.09","0.654632858893392","1,1,1,6,7,8,9,5,10,11,12,13,4,4,4,14,15,16,3,17,2,1,18,5,4,4,4,19,20,21,22,23,24,25,3,3,4,26,2,2,2,2,1,1,1,1,2,1,1,1,2,2,2,2,2,1,1,1,1,2,27,2,2,28,29,2,2,2,2,2,1,2,30,31,2,2,2,2,2,2,2,32,33,34,35,36,2,2,2,2,37,38,39,2,2,2,40,2,2,2,2,2,2,2,2,2,2,41,42,2,2,2,2,3,43,44,3,3,3,3,3,45,46,47,48,49,50,51,52","0.000953197479248047","fast_greedy","edit-xhwikibooks.graphml"
"0","0.91","0.09","0.648659271552101","1,1,1,1,1,5,6,1,7,8,9,10,3,3,3,11,12,13,14,15,2,1,16,1,3,3,3,17,1,18,19,20,21,22,4,4,3,23,2,2,2,2,1,1,1,1,2,1,1,1,2,2,2,2,2,1,1,1,1,2,24,2,2,25,26,2,2,2,2,2,1,2,27,28,2,2,2,2,2,2,2,29,30,31,32,33,2,2,2,2,34,35,36,2,2,2,37,2,2,2,2,2,2,2,2,2,2,38,39,2,2,2,2,4,40,41,4,4,4,4,4,42,43,44,45,46,47,48,49","0.00104308128356934","fast_greedy","edit-xhwikibooks.graphml"
"0.9","0","0.1","0.738928571428572","1,1,1,1,1,2,1,5,2,2,4,1,5,5,5,2,2,4,4,1,3,6,5,5,5,5,5,2,1,2,4,4,1,1,7,7,8,5,3,3,3,3,6,6,6,6,3,6,6,6,3,3,3,3,3,6,6,6,6,3,5,3,3,5,5,3,3,3,3,3,6,3,5,5,3,3,3,3,3,3,3,5,2,2,2,1,3,3,3,3,2,4,4,3,3,3,2,3,3,3,3,3,3,3,3,3,3,1,1,1,3,3,3,7,7,7,7,7,7,7,7,8,8,8,8,8,8,8,8","0.000952959060668945","fast_greedy","edit-xhwikibooks.graphml"
"0.89","0.01","0.1","0.738928571428572","1,1,1,1,1,2,1,5,2,2,4,1,5,5,5,2,2,4,4,1,3,6,5,5,5,5,5,2,1,2,4,4,1,1,7,7,8,5,3,3,3,3,6,6,6,6,3,6,6,6,3,3,3,3,3,6,6,6,6,3,5,3,3,5,5,3,3,3,3,3,6,3,5,5,3,3,3,3,3,3,3,5,2,2,2,1,3,3,3,3,2,4,4,3,3,3,2,3,3,3,3,3,3,3,3,3,3,1,1,1,3,3,3,7,7,7,7,7,7,7,7,8,8,8,8,8,8,8,8","0.000951051712036133","fast_greedy","edit-xhwikibooks.graphml"
"0.88","0.02","0.1","0.738928571428572","1,1,1,1,1,2,1,5,2,2,4,1,5,5,5,2,2,4,4,1,3,6,5,5,5,5,5,2,1,2,4,4,1,1,7,7,8,5,3,3,3,3,6,6,6,6,3,6,6,6,3,3,3,3,3,6,6,6,6,3,5,3,3,5,5,3,3,3,3,3,6,3,5,5,3,3,3,3,3,3,3,5,2,2,2,1,3,3,3,3,2,4,4,3,3,3,2,3,3,3,3,3,3,3,3,3,3,1,1,1,3,3,3,7,7,7,7,7,7,7,7,8,8,8,8,8,8,8,8","0.000949859619140625","fast_greedy","edit-xhwikibooks.graphml"
"0.87","0.03","0.1","0.738928571428572","1,1,1,1,1,2,1,5,2,2,4,1,5,5,5,2,2,4,4,1,3,6,5,5,5,5,5,2,1,2,4,4,1,1,7,7,8,5,3,3,3,3,6,6,6,6,3,6,6,6,3,3,3,3,3,6,6,6,6,3,5,3,3,5,5,3,3,3,3,3,6,3,5,5,3,3,3,3,3,3,3,5,2,2,2,1,3,3,3,3,2,4,4,3,3,3,2,3,3,3,3,3,3,3,3,3,3,1,1,1,3,3,3,7,7,7,7,7,7,7,7,8,8,8,8,8,8,8,8","0.000960826873779297","fast_greedy","edit-xhwikibooks.graphml"
"0.86","0.04","0.1","0.738928571428572","1,1,1,1,1,2,1,5,2,2,4,1,5,5,5,2,2,4,4,1,3,6,5,5,5,5,5,2,1,2,4,4,1,1,7,7,8,5,3,3,3,3,6,6,6,6,3,6,6,6,3,3,3,3,3,6,6,6,6,3,5,3,3,5,5,3,3,3,3,3,6,3,5,5,3,3,3,3,3,3,3,5,2,2,2,1,3,3,3,3,2,4,4,3,3,3,2,3,3,3,3,3,3,3,3,3,3,1,1,1,3,3,3,7,7,7,7,7,7,7,7,8,8,8,8,8,8,8,8","0.000966072082519531","fast_greedy","edit-xhwikibooks.graphml"
"0.85","0.05","0.1","0.738928571428572","1,1,1,1,1,2,1,5,2,2,4,1,5,5,5,2,2,4,4,1,3,6,5,5,5,5,5,2,1,2,4,4,1,1,7,7,8,5,3,3,3,3,6,6,6,6,3,6,6,6,3,3,3,3,3,6,6,6,6,3,5,3,3,5,5,3,3,3,3,3,6,3,5,5,3,3,3,3,3,3,3,5,2,2,2,1,3,3,3,3,2,4,4,3,3,3,2,3,3,3,3,3,3,3,3,3,3,1,1,1,3,3,3,7,7,7,7,7,7,7,7,8,8,8,8,8,8,8,8","0.000978946685791016","fast_greedy","edit-xhwikibooks.graphml"
"0.84","0.06","0.1","0.738928571428572","1,1,1,1,1,2,1,5,2,2,4,1,5,5,5,2,2,4,4,1,3,6,5,5,5,5,5,2,1,2,4,4,1,1,7,7,8,5,3,3,3,3,6,6,6,6,3,6,6,6,3,3,3,3,3,6,6,6,6,3,5,3,3,5,5,3,3,3,3,3,6,3,5,5,3,3,3,3,3,3,3,5,2,2,2,1,3,3,3,3,2,4,4,3,3,3,2,3,3,3,3,3,3,3,3,3,3,1,1,1,3,3,3,7,7,7,7,7,7,7,7,8,8,8,8,8,8,8,8","0.00103902816772461","fast_greedy","edit-xhwikibooks.graphml"
"0.83","0.07","0.1","0.738928571428572","1,1,1,1,1,2,1,5,2,2,4,1,5,5,5,2,2,4,4,1,3,6,5,5,5,5,5,2,1,2,4,4,1,1,7,7,8,5,3,3,3,3,6,6,6,6,3,6,6,6,3,3,3,3,3,6,6,6,6,3,5,3,3,5,5,3,3,3,3,3,6,3,5,5,3,3,3,3,3,3,3,5,2,2,2,1,3,3,3,3,2,4,4,3,3,3,2,3,3,3,3,3,3,3,3,3,3,1,1,1,3,3,3,7,7,7,7,7,7,7,7,8,8,8,8,8,8,8,8","0.00101900100708008","fast_greedy","edit-xhwikibooks.graphml"
"0.82","0.08","0.1","0.738928571428572","1,1,1,1,1,2,1,5,2,2,4,1,5,5,5,2,2,4,4,1,3,6,5,5,5,5,5,2,1,2,4,4,1,1,7,7,8,5,3,3,3,3,6,6,6,6,3,6,6,6,3,3,3,3,3,6,6,6,6,3,5,3,3,5,5,3,3,3,3,3,6,3,5,5,3,3,3,3,3,3,3,5,2,2,2,1,3,3,3,3,2,4,4,3,3,3,2,3,3,3,3,3,3,3,3,3,3,1,1,1,3,3,3,7,7,7,7,7,7,7,7,8,8,8,8,8,8,8,8","0.000952005386352539","fast_greedy","edit-xhwikibooks.graphml"
"0.81","0.09","0.1","0.738928571428572","1,1,1,1,1,2,1,5,2,2,4,1,5,5,5,2,2,4,4,1,3,6,5,5,5,5,5,2,1,2,4,4,1,1,7,7,8,5,3,3,3,3,6,6,6,6,3,6,6,6,3,3,3,3,3,6,6,6,6,3,5,3,3,5,5,3,3,3,3,3,6,3,5,5,3,3,3,3,3,3,3,5,2,2,2,1,3,3,3,3,2,4,4,3,3,3,2,3,3,3,3,3,3,3,3,3,3,1,1,1,3,3,3,7,7,7,7,7,7,7,7,8,8,8,8,8,8,8,8","0.000957012176513672","fast_greedy","edit-xhwikibooks.graphml"
"0.8","0.1","0.1","0.738928571428572","1,1,1,1,1,2,1,5,2,2,4,1,5,5,5,2,2,4,4,1,3,6,5,5,5,5,5,2,1,2,4,4,1,1,7,7,8,5,3,3,3,3,6,6,6,6,3,6,6,6,3,3,3,3,3,6,6,6,6,3,5,3,3,5,5,3,3,3,3,3,6,3,5,5,3,3,3,3,3,3,3,5,2,2,2,1,3,3,3,3,2,4,4,3,3,3,2,3,3,3,3,3,3,3,3,3,3,1,1,1,3,3,3,7,7,7,7,7,7,7,7,8,8,8,8,8,8,8,8","0.00100898742675781","fast_greedy","edit-xhwikibooks.graphml"
"0.79","0.11","0.1","0.729053497942387","2,2,2,2,2,1,2,1,1,1,2,4,1,1,1,5,1,2,2,4,3,6,1,1,1,1,1,5,2,1,2,2,4,4,7,7,8,1,3,3,3,3,6,6,6,6,3,6,6,6,3,3,3,3,3,6,6,6,6,3,9,3,3,1,1,3,3,3,3,3,6,3,1,1,3,3,3,3,3,3,3,1,5,5,5,10,3,3,3,3,11,12,13,3,3,3,5,3,3,3,3,3,3,3,3,3,3,4,4,4,3,3,3,7,7,7,7,7,7,7,7,8,8,8,8,8,8,8,8","0.000957012176513672","fast_greedy","edit-xhwikibooks.graphml"
"0.78","0.12","0.1","0.729053497942387","2,2,2,2,2,1,2,1,1,1,2,4,1,1,1,5,1,2,2,4,3,6,1,1,1,1,1,5,2,1,2,2,4,4,7,7,8,1,3,3,3,3,6,6,6,6,3,6,6,6,3,3,3,3,3,6,6,6,6,3,9,3,3,1,1,3,3,3,3,3,6,3,1,1,3,3,3,3,3,3,3,1,5,5,5,10,3,3,3,3,11,12,13,3,3,3,5,3,3,3,3,3,3,3,3,3,3,4,4,4,3,3,3,7,7,7,7,7,7,7,7,8,8,8,8,8,8,8,8","0.00116086006164551","fast_greedy","edit-xhwikibooks.graphml"
"0.77","0.13","0.1","0.729053497942387","2,2,2,2,2,1,2,1,1,1,2,4,1,1,1,5,1,2,2,4,3,6,1,1,1,1,1,5,2,1,2,2,4,4,7,7,8,1,3,3,3,3,6,6,6,6,3,6,6,6,3,3,3,3,3,6,6,6,6,3,9,3,3,1,1,3,3,3,3,3,6,3,1,1,3,3,3,3,3,3,3,1,5,5,5,10,3,3,3,3,11,12,13,3,3,3,5,3,3,3,3,3,3,3,3,3,3,4,4,4,3,3,3,7,7,7,7,7,7,7,7,8,8,8,8,8,8,8,8","0.000946044921875","fast_greedy","edit-xhwikibooks.graphml"
"0.76","0.14","0.1","0.729053497942387","2,2,2,2,2,1,2,1,1,1,2,4,1,1,1,5,1,2,2,4,3,6,1,1,1,1,1,5,2,1,2,2,4,4,7,7,8,1,3,3,3,3,6,6,6,6,3,6,6,6,3,3,3,3,3,6,6,6,6,3,9,3,3,1,1,3,3,3,3,3,6,3,1,1,3,3,3,3,3,3,3,1,5,5,5,10,3,3,3,3,11,12,13,3,3,3,5,3,3,3,3,3,3,3,3,3,3,4,4,4,3,3,3,7,7,7,7,7,7,7,7,8,8,8,8,8,8,8,8","0.000941991806030273","fast_greedy","edit-xhwikibooks.graphml"
"0.75","0.15","0.1","0.729053497942387","2,2,2,2,2,1,2,1,1,1,2,4,1,1,1,5,1,2,2,4,3,6,1,1,1,1,1,5,2,1,2,2,4,4,7,7,8,1,3,3,3,3,6,6,6,6,3,6,6,6,3,3,3,3,3,6,6,6,6,3,9,3,3,1,1,3,3,3,3,3,6,3,1,1,3,3,3,3,3,3,3,1,5,5,5,10,3,3,3,3,11,12,13,3,3,3,5,3,3,3,3,3,3,3,3,3,3,4,4,4,3,3,3,7,7,7,7,7,7,7,7,8,8,8,8,8,8,8,8","0.000947952270507812","fast_greedy","edit-xhwikibooks.graphml"
"0.74","0.16","0.1","0.729053497942387","2,2,2,2,2,1,2,1,1,1,2,4,1,1,1,5,1,2,2,4,3,6,1,1,1,1,1,5,2,1,2,2,4,4,7,7,8,1,3,3,3,3,6,6,6,6,3,6,6,6,3,3,3,3,3,6,6,6,6,3,9,3,3,1,1,3,3,3,3,3,6,3,1,1,3,3,3,3,3,3,3,1,5,5,5,10,3,3,3,3,11,12,13,3,3,3,5,3,3,3,3,3,3,3,3,3,3,4,4,4,3,3,3,7,7,7,7,7,7,7,7,8,8,8,8,8,8,8,8","0.000961065292358398","fast_greedy","edit-xhwikibooks.graphml"
"0.73","0.17","0.1","0.732536764705882","1,1,1,1,1,2,1,4,2,2,1,5,4,4,4,2,2,1,1,5,3,6,4,4,4,4,4,2,1,2,1,1,5,5,8,8,7,4,3,3,3,3,6,6,6,6,3,6,6,6,3,3,3,3,3,6,6,6,6,3,9,3,3,4,4,3,3,3,3,3,6,3,4,4,3,3,3,3,3,3,3,4,2,2,2,10,3,3,3,3,11,12,13,3,3,3,2,3,3,3,3,3,3,3,3,3,3,5,5,5,3,3,3,8,8,8,8,8,8,8,8,7,7,7,7,7,7,7,7","0.000974893569946289","fast_greedy","edit-xhwikibooks.graphml"
"0.72","0.18","0.1","0.732536764705882","1,1,1,1,1,2,1,4,2,2,1,5,4,4,4,2,2,1,1,5,3,6,4,4,4,4,4,2,1,2,1,1,5,5,8,8,7,4,3,3,3,3,6,6,6,6,3,6,6,6,3,3,3,3,3,6,6,6,6,3,9,3,3,4,4,3,3,3,3,3,6,3,4,4,3,3,3,3,3,3,3,4,2,2,2,10,3,3,3,3,11,12,13,3,3,3,2,3,3,3,3,3,3,3,3,3,3,5,5,5,3,3,3,8,8,8,8,8,8,8,8,7,7,7,7,7,7,7,7","0.000983953475952148","fast_greedy","edit-xhwikibooks.graphml"
"0.71","0.19","0.1","0.732536764705882","1,1,1,1,1,2,1,4,2,2,1,5,4,4,4,2,2,1,1,5,3,6,4,4,4,4,4,2,1,2,1,1,5,5,8,8,7,4,3,3,3,3,6,6,6,6,3,6,6,6,3,3,3,3,3,6,6,6,6,3,9,3,3,4,4,3,3,3,3,3,6,3,4,4,3,3,3,3,3,3,3,4,2,2,2,10,3,3,3,3,11,12,13,3,3,3,2,3,3,3,3,3,3,3,3,3,3,5,5,5,3,3,3,8,8,8,8,8,8,8,8,7,7,7,7,7,7,7,7","0.00103116035461426","fast_greedy","edit-xhwikibooks.graphml"
"0.7","0.2","0.1","0.732536764705882","1,1,1,1,1,2,1,4,2,2,1,5,4,4,4,2,2,1,1,5,3,6,4,4,4,4,4,2,1,2,1,1,5,5,8,8,7,4,3,3,3,3,6,6,6,6,3,6,6,6,3,3,3,3,3,6,6,6,6,3,9,3,3,4,4,3,3,3,3,3,6,3,4,4,3,3,3,3,3,3,3,4,2,2,2,10,3,3,3,3,11,12,13,3,3,3,2,3,3,3,3,3,3,3,3,3,3,5,5,5,3,3,3,8,8,8,8,8,8,8,8,7,7,7,7,7,7,7,7","0.000958919525146484","fast_greedy","edit-xhwikibooks.graphml"
"0.69","0.21","0.1","0.717088687326783","1,1,1,1,1,3,1,4,3,3,1,1,4,4,4,3,8,1,1,1,2,5,4,4,4,4,4,3,1,9,10,1,1,1,6,6,7,4,2,2,2,2,5,5,5,5,2,5,5,5,2,2,2,2,2,5,5,5,5,2,11,2,2,12,13,2,2,2,2,2,5,2,4,4,2,2,2,2,2,2,2,14,3,3,3,15,2,2,2,2,16,17,18,2,2,2,19,2,2,2,2,2,2,2,2,2,2,20,21,2,2,2,2,6,6,6,6,6,6,6,6,7,7,7,7,7,7,7,7","0.000946044921875","fast_greedy","edit-xhwikibooks.graphml"
"0.68","0.22","0.1","0.717088687326783","1,1,1,1,1,3,1,4,3,3,1,1,4,4,4,3,8,1,1,1,2,5,4,4,4,4,4,3,1,9,10,1,1,1,6,6,7,4,2,2,2,2,5,5,5,5,2,5,5,5,2,2,2,2,2,5,5,5,5,2,11,2,2,12,13,2,2,2,2,2,5,2,4,4,2,2,2,2,2,2,2,14,3,3,3,15,2,2,2,2,16,17,18,2,2,2,19,2,2,2,2,2,2,2,2,2,2,20,21,2,2,2,2,6,6,6,6,6,6,6,6,7,7,7,7,7,7,7,7","0.00100302696228027","fast_greedy","edit-xhwikibooks.graphml"
"0.67","0.23","0.1","0.717088687326783","1,1,1,1,1,3,1,4,3,3,1,1,4,4,4,3,8,1,1,1,2,5,4,4,4,4,4,3,1,9,10,1,1,1,6,6,7,4,2,2,2,2,5,5,5,5,2,5,5,5,2,2,2,2,2,5,5,5,5,2,11,2,2,12,13,2,2,2,2,2,5,2,4,4,2,2,2,2,2,2,2,14,3,3,3,15,2,2,2,2,16,17,18,2,2,2,19,2,2,2,2,2,2,2,2,2,2,20,21,2,2,2,2,6,6,6,6,6,6,6,6,7,7,7,7,7,7,7,7","0.000931024551391602","fast_greedy","edit-xhwikibooks.graphml"
"0.66","0.24","0.1","0.717088687326783","1,1,1,1,1,3,1,4,3,3,1,1,4,4,4,3,8,1,1,1,2,5,4,4,4,4,4,3,1,9,10,1,1,1,6,6,7,4,2,2,2,2,5,5,5,5,2,5,5,5,2,2,2,2,2,5,5,5,5,2,11,2,2,12,13,2,2,2,2,2,5,2,4,4,2,2,2,2,2,2,2,14,3,3,3,15,2,2,2,2,16,17,18,2,2,2,19,2,2,2,2,2,2,2,2,2,2,20,21,2,2,2,2,6,6,6,6,6,6,6,6,7,7,7,7,7,7,7,7","0.0267059803009033","fast_greedy","edit-xhwikibooks.graphml"
"0.65","0.25","0.1","0.717088687326783","1,1,1,1,1,3,1,4,3,3,1,1,4,4,4,3,8,1,1,1,2,5,4,4,4,4,4,3,1,9,10,1,1,1,6,6,7,4,2,2,2,2,5,5,5,5,2,5,5,5,2,2,2,2,2,5,5,5,5,2,11,2,2,12,13,2,2,2,2,2,5,2,4,4,2,2,2,2,2,2,2,14,3,3,3,15,2,2,2,2,16,17,18,2,2,2,19,2,2,2,2,2,2,2,2,2,2,20,21,2,2,2,2,6,6,6,6,6,6,6,6,7,7,7,7,7,7,7,7","0.00111293792724609","fast_greedy","edit-xhwikibooks.graphml"
"0.64","0.26","0.1","0.717088687326783","1,1,1,1,1,3,1,4,3,3,1,1,4,4,4,3,8,1,1,1,2,5,4,4,4,4,4,3,1,9,10,1,1,1,6,6,7,4,2,2,2,2,5,5,5,5,2,5,5,5,2,2,2,2,2,5,5,5,5,2,11,2,2,12,13,2,2,2,2,2,5,2,4,4,2,2,2,2,2,2,2,14,3,3,3,15,2,2,2,2,16,17,18,2,2,2,19,2,2,2,2,2,2,2,2,2,2,20,21,2,2,2,2,6,6,6,6,6,6,6,6,7,7,7,7,7,7,7,7","0.00101184844970703","fast_greedy","edit-xhwikibooks.graphml"
"0.63","0.27","0.1","0.717088687326783","1,1,1,1,1,3,1,4,3,3,1,1,4,4,4,3,8,1,1,1,2,5,4,4,4,4,4,3,1,9,10,1,1,1,6,6,7,4,2,2,2,2,5,5,5,5,2,5,5,5,2,2,2,2,2,5,5,5,5,2,11,2,2,12,13,2,2,2,2,2,5,2,4,4,2,2,2,2,2,2,2,14,3,3,3,15,2,2,2,2,16,17,18,2,2,2,19,2,2,2,2,2,2,2,2,2,2,20,21,2,2,2,2,6,6,6,6,6,6,6,6,7,7,7,7,7,7,7,7","0.000945091247558594","fast_greedy","edit-xhwikibooks.graphml"
"0.62","0.28","0.1","0.717088687326783","1,1,1,1,1,3,1,4,3,3,1,1,4,4,4,3,8,1,1,1,2,5,4,4,4,4,4,3,1,9,10,1,1,1,6,6,7,4,2,2,2,2,5,5,5,5,2,5,5,5,2,2,2,2,2,5,5,5,5,2,11,2,2,12,13,2,2,2,2,2,5,2,4,4,2,2,2,2,2,2,2,14,3,3,3,15,2,2,2,2,16,17,18,2,2,2,19,2,2,2,2,2,2,2,2,2,2,20,21,2,2,2,2,6,6,6,6,6,6,6,6,7,7,7,7,7,7,7,7","0.000971794128417969","fast_greedy","edit-xhwikibooks.graphml"
"0.61","0.29","0.1","0.717088687326783","1,1,1,1,1,3,1,4,3,3,1,1,4,4,4,3,8,1,1,1,2,5,4,4,4,4,4,3,1,9,10,1,1,1,6,6,7,4,2,2,2,2,5,5,5,5,2,5,5,5,2,2,2,2,2,5,5,5,5,2,11,2,2,12,13,2,2,2,2,2,5,2,4,4,2,2,2,2,2,2,2,14,3,3,3,15,2,2,2,2,16,17,18,2,2,2,19,2,2,2,2,2,2,2,2,2,2,20,21,2,2,2,2,6,6,6,6,6,6,6,6,7,7,7,7,7,7,7,7","0.000912904739379883","fast_greedy","edit-xhwikibooks.graphml"
"0.6","0.3","0.1","0.717088687326783","1,1,1,1,1,3,1,4,3,3,1,1,4,4,4,3,8,1,1,1,2,5,4,4,4,4,4,3,1,9,10,1,1,1,6,6,7,4,2,2,2,2,5,5,5,5,2,5,5,5,2,2,2,2,2,5,5,5,5,2,11,2,2,12,13,2,2,2,2,2,5,2,4,4,2,2,2,2,2,2,2,14,3,3,3,15,2,2,2,2,16,17,18,2,2,2,19,2,2,2,2,2,2,2,2,2,2,20,21,2,2,2,2,6,6,6,6,6,6,6,6,7,7,7,7,7,7,7,7","0.0010828971862793","fast_greedy","edit-xhwikibooks.graphml"
"0.59","0.31","0.1","0.697983099489796","5,5,5,2,8,2,1,2,2,2,1,9,2,2,2,2,10,11,1,7,3,4,12,2,2,2,2,2,5,13,14,15,7,16,1,1,6,2,3,3,3,3,4,4,4,4,3,4,4,4,3,3,3,3,3,4,4,4,4,3,17,3,3,18,19,3,3,3,3,3,4,3,20,21,3,3,3,3,3,3,3,22,23,24,25,26,3,3,3,3,27,28,29,3,3,3,30,3,3,3,3,3,3,3,3,3,3,31,32,3,3,3,3,1,1,1,1,1,1,1,1,6,6,6,6,6,6,6,6","0.000850915908813477","fast_greedy","edit-xhwikibooks.graphml"
"0.58","0.32","0.1","0.697983099489796","5,5,5,2,8,2,1,2,2,2,1,9,2,2,2,2,10,11,1,7,3,4,12,2,2,2,2,2,5,13,14,15,7,16,1,1,6,2,3,3,3,3,4,4,4,4,3,4,4,4,3,3,3,3,3,4,4,4,4,3,17,3,3,18,19,3,3,3,3,3,4,3,20,21,3,3,3,3,3,3,3,22,23,24,25,26,3,3,3,3,27,28,29,3,3,3,30,3,3,3,3,3,3,3,3,3,3,31,32,3,3,3,3,1,1,1,1,1,1,1,1,6,6,6,6,6,6,6,6","0.000825881958007812","fast_greedy","edit-xhwikibooks.graphml"
"0.57","0.33","0.1","0.697983099489796","5,5,5,2,8,2,1,2,2,2,1,9,2,2,2,2,10,11,1,7,3,4,12,2,2,2,2,2,5,13,14,15,7,16,1,1,6,2,3,3,3,3,4,4,4,4,3,4,4,4,3,3,3,3,3,4,4,4,4,3,17,3,3,18,19,3,3,3,3,3,4,3,20,21,3,3,3,3,3,3,3,22,23,24,25,26,3,3,3,3,27,28,29,3,3,3,30,3,3,3,3,3,3,3,3,3,3,31,32,3,3,3,3,1,1,1,1,1,1,1,1,6,6,6,6,6,6,6,6","0.000844001770019531","fast_greedy","edit-xhwikibooks.graphml"
"0.56","0.34","0.1","0.699819876262824","1,1,1,3,7,3,2,3,3,3,2,8,3,3,3,3,9,10,2,6,4,1,11,3,3,3,3,3,1,12,13,14,6,15,2,2,5,3,4,4,4,4,1,1,1,1,4,1,1,1,4,4,4,4,4,1,1,1,1,4,16,4,4,17,18,4,4,4,4,4,1,4,19,20,4,4,4,4,4,4,4,21,22,23,24,25,4,4,4,4,26,27,28,4,4,4,29,4,4,4,4,4,4,4,4,4,4,30,31,4,4,4,4,2,2,2,2,2,2,2,2,5,5,5,5,5,5,5,5","0.000857114791870117","fast_greedy","edit-xhwikibooks.graphml"
"0.55","0.35","0.1","0.699819876262824","1,1,1,3,7,3,2,3,3,3,2,8,3,3,3,3,9,10,2,6,4,1,11,3,3,3,3,3,1,12,13,14,6,15,2,2,5,3,4,4,4,4,1,1,1,1,4,1,1,1,4,4,4,4,4,1,1,1,1,4,16,4,4,17,18,4,4,4,4,4,1,4,19,20,4,4,4,4,4,4,4,21,22,23,24,25,4,4,4,4,26,27,28,4,4,4,29,4,4,4,4,4,4,4,4,4,4,30,31,4,4,4,4,2,2,2,2,2,2,2,2,5,5,5,5,5,5,5,5","0.000867843627929688","fast_greedy","edit-xhwikibooks.graphml"
"0.54","0.36","0.1","0.699819876262824","1,1,1,3,7,3,2,3,3,3,2,8,3,3,3,3,9,10,2,6,4,1,11,3,3,3,3,3,1,12,13,14,6,15,2,2,5,3,4,4,4,4,1,1,1,1,4,1,1,1,4,4,4,4,4,1,1,1,1,4,16,4,4,17,18,4,4,4,4,4,1,4,19,20,4,4,4,4,4,4,4,21,22,23,24,25,4,4,4,4,26,27,28,4,4,4,29,4,4,4,4,4,4,4,4,4,4,30,31,4,4,4,4,2,2,2,2,2,2,2,2,5,5,5,5,5,5,5,5","0.000883102416992188","fast_greedy","edit-xhwikibooks.graphml"
"0.53","0.37","0.1","0.699819876262824","1,1,1,3,7,3,2,3,3,3,2,8,3,3,3,3,9,10,2,6,4,1,11,3,3,3,3,3,1,12,13,14,6,15,2,2,5,3,4,4,4,4,1,1,1,1,4,1,1,1,4,4,4,4,4,1,1,1,1,4,16,4,4,17,18,4,4,4,4,4,1,4,19,20,4,4,4,4,4,4,4,21,22,23,24,25,4,4,4,4,26,27,28,4,4,4,29,4,4,4,4,4,4,4,4,4,4,30,31,4,4,4,4,2,2,2,2,2,2,2,2,5,5,5,5,5,5,5,5","0.000908851623535156","fast_greedy","edit-xhwikibooks.graphml"
"0.52","0.38","0.1","0.699819876262824","1,1,1,3,7,3,2,3,3,3,2,8,3,3,3,3,9,10,2,6,4,1,11,3,3,3,3,3,1,12,13,14,6,15,2,2,5,3,4,4,4,4,1,1,1,1,4,1,1,1,4,4,4,4,4,1,1,1,1,4,16,4,4,17,18,4,4,4,4,4,1,4,19,20,4,4,4,4,4,4,4,21,22,23,24,25,4,4,4,4,26,27,28,4,4,4,29,4,4,4,4,4,4,4,4,4,4,30,31,4,4,4,4,2,2,2,2,2,2,2,2,5,5,5,5,5,5,5,5","0.000910043716430664","fast_greedy","edit-xhwikibooks.graphml"
"0.51","0.39","0.1","0.699819876262824","1,1,1,3,7,3,2,3,3,3,2,8,3,3,3,3,9,10,2,6,4,1,11,3,3,3,3,3,1,12,13,14,6,15,2,2,5,3,4,4,4,4,1,1,1,1,4,1,1,1,4,4,4,4,4,1,1,1,1,4,16,4,4,17,18,4,4,4,4,4,1,4,19,20,4,4,4,4,4,4,4,21,22,23,24,25,4,4,4,4,26,27,28,4,4,4,29,4,4,4,4,4,4,4,4,4,4,30,31,4,4,4,4,2,2,2,2,2,2,2,2,5,5,5,5,5,5,5,5","0.00091099739074707","fast_greedy","edit-xhwikibooks.graphml"
"0.5","0.4","0.1","0.699819876262824","1,1,1,3,7,3,2,3,3,3,2,8,3,3,3,3,9,10,2,6,4,1,11,3,3,3,3,3,1,12,13,14,6,15,2,2,5,3,4,4,4,4,1,1,1,1,4,1,1,1,4,4,4,4,4,1,1,1,1,4,16,4,4,17,18,4,4,4,4,4,1,4,19,20,4,4,4,4,4,4,4,21,22,23,24,25,4,4,4,4,26,27,28,4,4,4,29,4,4,4,4,4,4,4,4,4,4,30,31,4,4,4,4,2,2,2,2,2,2,2,2,5,5,5,5,5,5,5,5","0.000881195068359375","fast_greedy","edit-xhwikibooks.graphml"
"0.49","0.41","0.1","0.690289256198347","4,4,4,1,7,1,8,1,1,1,9,10,1,1,1,1,11,12,5,13,2,3,14,1,1,1,1,1,4,15,16,17,18,19,5,5,6,1,2,2,2,2,3,3,3,3,2,3,3,3,2,2,2,2,2,3,3,3,3,2,20,2,2,21,22,2,2,2,2,2,3,2,23,24,2,2,2,2,2,2,2,25,26,27,28,29,2,2,2,2,30,31,32,2,2,2,33,2,2,2,2,2,2,2,2,2,2,34,35,2,2,2,2,5,5,5,5,5,5,5,5,6,6,6,6,6,6,6,6","0.000850915908813477","fast_greedy","edit-xhwikibooks.graphml"
"0.48","0.42","0.1","0.690289256198347","4,4,4,1,7,1,8,1,1,1,9,10,1,1,1,1,11,12,5,13,2,3,14,1,1,1,1,1,4,15,16,17,18,19,5,5,6,1,2,2,2,2,3,3,3,3,2,3,3,3,2,2,2,2,2,3,3,3,3,2,20,2,2,21,22,2,2,2,2,2,3,2,23,24,2,2,2,2,2,2,2,25,26,27,28,29,2,2,2,2,30,31,32,2,2,2,33,2,2,2,2,2,2,2,2,2,2,34,35,2,2,2,2,5,5,5,5,5,5,5,5,6,6,6,6,6,6,6,6","0.000861883163452148","fast_greedy","edit-xhwikibooks.graphml"
"0.47","0.43","0.1","0.690289256198347","4,4,4,1,7,1,8,1,1,1,9,10,1,1,1,1,11,12,5,13,2,3,14,1,1,1,1,1,4,15,16,17,18,19,5,5,6,1,2,2,2,2,3,3,3,3,2,3,3,3,2,2,2,2,2,3,3,3,3,2,20,2,2,21,22,2,2,2,2,2,3,2,23,24,2,2,2,2,2,2,2,25,26,27,28,29,2,2,2,2,30,31,32,2,2,2,33,2,2,2,2,2,2,2,2,2,2,34,35,2,2,2,2,5,5,5,5,5,5,5,5,6,6,6,6,6,6,6,6","0.000828981399536133","fast_greedy","edit-xhwikibooks.graphml"
"0.46","0.44","0.1","0.690289256198347","4,4,4,1,7,1,8,1,1,1,9,10,1,1,1,1,11,12,5,13,2,3,14,1,1,1,1,1,4,15,16,17,18,19,5,5,6,1,2,2,2,2,3,3,3,3,2,3,3,3,2,2,2,2,2,3,3,3,3,2,20,2,2,21,22,2,2,2,2,2,3,2,23,24,2,2,2,2,2,2,2,25,26,27,28,29,2,2,2,2,30,31,32,2,2,2,33,2,2,2,2,2,2,2,2,2,2,34,35,2,2,2,2,5,5,5,5,5,5,5,5,6,6,6,6,6,6,6,6","0.000844001770019531","fast_greedy","edit-xhwikibooks.graphml"
"0.45","0.45","0.1","0.690289256198347","4,4,4,1,7,1,8,1,1,1,9,10,1,1,1,1,11,12,5,13,2,3,14,1,1,1,1,1,4,15,16,17,18,19,5,5,6,1,2,2,2,2,3,3,3,3,2,3,3,3,2,2,2,2,2,3,3,3,3,2,20,2,2,21,22,2,2,2,2,2,3,2,23,24,2,2,2,2,2,2,2,25,26,27,28,29,2,2,2,2,30,31,32,2,2,2,33,2,2,2,2,2,2,2,2,2,2,34,35,2,2,2,2,5,5,5,5,5,5,5,5,6,6,6,6,6,6,6,6","0.000839948654174805","fast_greedy","edit-xhwikibooks.graphml"
"0.44","0.46","0.1","0.690289256198347","4,4,4,1,7,1,8,1,1,1,9,10,1,1,1,1,11,12,5,13,2,3,14,1,1,1,1,1,4,15,16,17,18,19,5,5,6,1,2,2,2,2,3,3,3,3,2,3,3,3,2,2,2,2,2,3,3,3,3,2,20,2,2,21,22,2,2,2,2,2,3,2,23,24,2,2,2,2,2,2,2,25,26,27,28,29,2,2,2,2,30,31,32,2,2,2,33,2,2,2,2,2,2,2,2,2,2,34,35,2,2,2,2,5,5,5,5,5,5,5,5,6,6,6,6,6,6,6,6","0.000856161117553711","fast_greedy","edit-xhwikibooks.graphml"
"0.43","0.47","0.1","0.690289256198347","4,4,4,1,7,1,8,1,1,1,9,10,1,1,1,1,11,12,5,13,2,3,14,1,1,1,1,1,4,15,16,17,18,19,5,5,6,1,2,2,2,2,3,3,3,3,2,3,3,3,2,2,2,2,2,3,3,3,3,2,20,2,2,21,22,2,2,2,2,2,3,2,23,24,2,2,2,2,2,2,2,25,26,27,28,29,2,2,2,2,30,31,32,2,2,2,33,2,2,2,2,2,2,2,2,2,2,34,35,2,2,2,2,5,5,5,5,5,5,5,5,6,6,6,6,6,6,6,6","0.000853061676025391","fast_greedy","edit-xhwikibooks.graphml"
"0.42","0.48","0.1","0.690289256198347","4,4,4,1,7,1,8,1,1,1,9,10,1,1,1,1,11,12,5,13,2,3,14,1,1,1,1,1,4,15,16,17,18,19,5,5,6,1,2,2,2,2,3,3,3,3,2,3,3,3,2,2,2,2,2,3,3,3,3,2,20,2,2,21,22,2,2,2,2,2,3,2,23,24,2,2,2,2,2,2,2,25,26,27,28,29,2,2,2,2,30,31,32,2,2,2,33,2,2,2,2,2,2,2,2,2,2,34,35,2,2,2,2,5,5,5,5,5,5,5,5,6,6,6,6,6,6,6,6","0.000870943069458008","fast_greedy","edit-xhwikibooks.graphml"
"0.41","0.49","0.1","0.690289256198347","4,4,4,1,7,1,8,1,1,1,9,10,1,1,1,1,11,12,5,13,2,3,14,1,1,1,1,1,4,15,16,17,18,19,5,5,6,1,2,2,2,2,3,3,3,3,2,3,3,3,2,2,2,2,2,3,3,3,3,2,20,2,2,21,22,2,2,2,2,2,3,2,23,24,2,2,2,2,2,2,2,25,26,27,28,29,2,2,2,2,30,31,32,2,2,2,33,2,2,2,2,2,2,2,2,2,2,34,35,2,2,2,2,5,5,5,5,5,5,5,5,6,6,6,6,6,6,6,6","0.000871896743774414","fast_greedy","edit-xhwikibooks.graphml"
"0.4","0.5","0.1","0.71715976331361","1,1,1,2,6,2,7,2,2,2,8,9,2,2,2,2,10,11,4,12,3,1,13,2,2,2,2,2,1,14,15,16,17,18,4,4,5,2,3,3,3,3,1,1,1,1,3,1,1,1,3,3,3,3,3,1,1,1,1,3,19,3,3,20,21,3,3,3,3,3,1,3,22,23,3,3,3,3,3,3,3,24,25,26,27,28,3,3,3,3,29,30,31,3,3,3,32,3,3,3,3,3,3,3,3,3,3,33,34,3,3,3,3,4,4,4,4,4,4,4,4,5,5,5,5,5,5,5,5","0.000912904739379883","fast_greedy","edit-xhwikibooks.graphml"
"0.39","0.51","0.1","0.707791363163372","1,1,1,6,7,2,8,2,2,9,10,11,2,2,2,2,12,13,4,14,3,1,15,2,2,2,2,16,17,18,19,20,21,22,4,4,5,2,3,3,3,3,1,1,1,1,3,1,1,1,3,3,3,3,3,1,1,1,1,3,23,3,3,24,25,3,3,3,3,3,1,3,26,27,3,3,3,3,3,3,3,28,29,30,31,32,3,3,3,3,33,34,35,3,3,3,36,3,3,3,3,3,3,3,3,3,3,37,38,3,3,3,3,4,4,4,4,4,4,4,4,5,5,5,5,5,5,5,5","0.00091099739074707","fast_greedy","edit-xhwikibooks.graphml"
"0.38","0.52","0.1","0.707791363163372","1,1,1,6,7,2,8,2,2,9,10,11,2,2,2,2,12,13,4,14,3,1,15,2,2,2,2,16,17,18,19,20,21,22,4,4,5,2,3,3,3,3,1,1,1,1,3,1,1,1,3,3,3,3,3,1,1,1,1,3,23,3,3,24,25,3,3,3,3,3,1,3,26,27,3,3,3,3,3,3,3,28,29,30,31,32,3,3,3,3,33,34,35,3,3,3,36,3,3,3,3,3,3,3,3,3,3,37,38,3,3,3,3,4,4,4,4,4,4,4,4,5,5,5,5,5,5,5,5","0.000931978225708008","fast_greedy","edit-xhwikibooks.graphml"
"0.37","0.53","0.1","0.707791363163372","1,1,1,6,7,2,8,2,2,9,10,11,2,2,2,2,12,13,4,14,3,1,15,2,2,2,2,16,17,18,19,20,21,22,4,4,5,2,3,3,3,3,1,1,1,1,3,1,1,1,3,3,3,3,3,1,1,1,1,3,23,3,3,24,25,3,3,3,3,3,1,3,26,27,3,3,3,3,3,3,3,28,29,30,31,32,3,3,3,3,33,34,35,3,3,3,36,3,3,3,3,3,3,3,3,3,3,37,38,3,3,3,3,4,4,4,4,4,4,4,4,5,5,5,5,5,5,5,5","0.000922918319702148","fast_greedy","edit-xhwikibooks.graphml"
"0.36","0.54","0.1","0.707791363163372","1,1,1,6,7,2,8,2,2,9,10,11,2,2,2,2,12,13,4,14,3,1,15,2,2,2,2,16,17,18,19,20,21,22,4,4,5,2,3,3,3,3,1,1,1,1,3,1,1,1,3,3,3,3,3,1,1,1,1,3,23,3,3,24,25,3,3,3,3,3,1,3,26,27,3,3,3,3,3,3,3,28,29,30,31,32,3,3,3,3,33,34,35,3,3,3,36,3,3,3,3,3,3,3,3,3,3,37,38,3,3,3,3,4,4,4,4,4,4,4,4,5,5,5,5,5,5,5,5","0.000915050506591797","fast_greedy","edit-xhwikibooks.graphml"
"0.35","0.55","0.1","0.707791363163372","1,1,1,6,7,2,8,2,2,9,10,11,2,2,2,2,12,13,4,14,3,1,15,2,2,2,2,16,17,18,19,20,21,22,4,4,5,2,3,3,3,3,1,1,1,1,3,1,1,1,3,3,3,3,3,1,1,1,1,3,23,3,3,24,25,3,3,3,3,3,1,3,26,27,3,3,3,3,3,3,3,28,29,30,31,32,3,3,3,3,33,34,35,3,3,3,36,3,3,3,3,3,3,3,3,3,3,37,38,3,3,3,3,4,4,4,4,4,4,4,4,5,5,5,5,5,5,5,5","0.00106191635131836","fast_greedy","edit-xhwikibooks.graphml"
"0.34","0.56","0.1","0.707791363163372","1,1,1,6,7,2,8,2,2,9,10,11,2,2,2,2,12,13,4,14,3,1,15,2,2,2,2,16,17,18,19,20,21,22,4,4,5,2,3,3,3,3,1,1,1,1,3,1,1,1,3,3,3,3,3,1,1,1,1,3,23,3,3,24,25,3,3,3,3,3,1,3,26,27,3,3,3,3,3,3,3,28,29,30,31,32,3,3,3,3,33,34,35,3,3,3,36,3,3,3,3,3,3,3,3,3,3,37,38,3,3,3,3,4,4,4,4,4,4,4,4,5,5,5,5,5,5,5,5","0.000867843627929688","fast_greedy","edit-xhwikibooks.graphml"
"0.33","0.57","0.1","0.707791363163372","1,1,1,6,7,2,8,2,2,9,10,11,2,2,2,2,12,13,4,14,3,1,15,2,2,2,2,16,17,18,19,20,21,22,4,4,5,2,3,3,3,3,1,1,1,1,3,1,1,1,3,3,3,3,3,1,1,1,1,3,23,3,3,24,25,3,3,3,3,3,1,3,26,27,3,3,3,3,3,3,3,28,29,30,31,32,3,3,3,3,33,34,35,3,3,3,36,3,3,3,3,3,3,3,3,3,3,37,38,3,3,3,3,4,4,4,4,4,4,4,4,5,5,5,5,5,5,5,5","0.00106382369995117","fast_greedy","edit-xhwikibooks.graphml"
"0.32","0.58","0.1","0.707791363163372","1,1,1,6,7,2,8,2,2,9,10,11,2,2,2,2,12,13,4,14,3,1,15,2,2,2,2,16,17,18,19,20,21,22,4,4,5,2,3,3,3,3,1,1,1,1,3,1,1,1,3,3,3,3,3,1,1,1,1,3,23,3,3,24,25,3,3,3,3,3,1,3,26,27,3,3,3,3,3,3,3,28,29,30,31,32,3,3,3,3,33,34,35,3,3,3,36,3,3,3,3,3,3,3,3,3,3,37,38,3,3,3,3,4,4,4,4,4,4,4,4,5,5,5,5,5,5,5,5","0.000864982604980469","fast_greedy","edit-xhwikibooks.graphml"
"0.31","0.59","0.1","0.707791363163372","1,1,1,6,7,2,8,2,2,9,10,11,2,2,2,2,12,13,4,14,3,1,15,2,2,2,2,16,17,18,19,20,21,22,4,4,5,2,3,3,3,3,1,1,1,1,3,1,1,1,3,3,3,3,3,1,1,1,1,3,23,3,3,24,25,3,3,3,3,3,1,3,26,27,3,3,3,3,3,3,3,28,29,30,31,32,3,3,3,3,33,34,35,3,3,3,36,3,3,3,3,3,3,3,3,3,3,37,38,3,3,3,3,4,4,4,4,4,4,4,4,5,5,5,5,5,5,5,5","0.00087285041809082","fast_greedy","edit-xhwikibooks.graphml"
"0.3","0.6","0.1","0.707791363163372","1,1,1,6,7,2,8,2,2,9,10,11,2,2,2,2,12,13,4,14,3,1,15,2,2,2,2,16,17,18,19,20,21,22,4,4,5,2,3,3,3,3,1,1,1,1,3,1,1,1,3,3,3,3,3,1,1,1,1,3,23,3,3,24,25,3,3,3,3,3,1,3,26,27,3,3,3,3,3,3,3,28,29,30,31,32,3,3,3,3,33,34,35,3,3,3,36,3,3,3,3,3,3,3,3,3,3,37,38,3,3,3,3,4,4,4,4,4,4,4,4,5,5,5,5,5,5,5,5","0.000873804092407227","fast_greedy","edit-xhwikibooks.graphml"
"0.29","0.61","0.1","0.701728024042074","1,1,1,6,7,4,8,4,4,9,10,11,4,4,4,12,13,14,3,15,2,1,16,4,4,4,4,17,18,19,20,21,22,23,3,3,5,24,2,2,2,2,1,1,1,1,2,1,1,1,2,2,2,2,2,1,1,1,1,2,25,2,2,26,27,2,2,2,2,2,1,2,28,29,2,2,2,2,2,2,2,30,31,32,33,34,2,2,2,2,35,36,37,2,2,2,38,2,2,2,2,2,2,2,2,2,2,39,40,2,2,2,2,3,3,3,3,3,3,3,3,5,5,5,5,5,5,5,5","0.000882863998413086","fast_greedy","edit-xhwikibooks.graphml"
"0.28","0.62","0.1","0.701728024042074","1,1,1,6,7,4,8,4,4,9,10,11,4,4,4,12,13,14,3,15,2,1,16,4,4,4,4,17,18,19,20,21,22,23,3,3,5,24,2,2,2,2,1,1,1,1,2,1,1,1,2,2,2,2,2,1,1,1,1,2,25,2,2,26,27,2,2,2,2,2,1,2,28,29,2,2,2,2,2,2,2,30,31,32,33,34,2,2,2,2,35,36,37,2,2,2,38,2,2,2,2,2,2,2,2,2,2,39,40,2,2,2,2,3,3,3,3,3,3,3,3,5,5,5,5,5,5,5,5","0.000866889953613281","fast_greedy","edit-xhwikibooks.graphml"
"0.27","0.63","0.1","0.701728024042074","1,1,1,6,7,4,8,4,4,9,10,11,4,4,4,12,13,14,3,15,2,1,16,4,4,4,4,17,18,19,20,21,22,23,3,3,5,24,2,2,2,2,1,1,1,1,2,1,1,1,2,2,2,2,2,1,1,1,1,2,25,2,2,26,27,2,2,2,2,2,1,2,28,29,2,2,2,2,2,2,2,30,31,32,33,34,2,2,2,2,35,36,37,2,2,2,38,2,2,2,2,2,2,2,2,2,2,39,40,2,2,2,2,3,3,3,3,3,3,3,3,5,5,5,5,5,5,5,5","0.00090789794921875","fast_greedy","edit-xhwikibooks.graphml"
"0.26","0.64","0.1","0.701728024042074","1,1,1,6,7,4,8,4,4,9,10,11,4,4,4,12,13,14,3,15,2,1,16,4,4,4,4,17,18,19,20,21,22,23,3,3,5,24,2,2,2,2,1,1,1,1,2,1,1,1,2,2,2,2,2,1,1,1,1,2,25,2,2,26,27,2,2,2,2,2,1,2,28,29,2,2,2,2,2,2,2,30,31,32,33,34,2,2,2,2,35,36,37,2,2,2,38,2,2,2,2,2,2,2,2,2,2,39,40,2,2,2,2,3,3,3,3,3,3,3,3,5,5,5,5,5,5,5,5","0.00091099739074707","fast_greedy","edit-xhwikibooks.graphml"
"0.25","0.65","0.1","0.701728024042074","1,1,1,6,7,4,8,4,4,9,10,11,4,4,4,12,13,14,3,15,2,1,16,4,4,4,4,17,18,19,20,21,22,23,3,3,5,24,2,2,2,2,1,1,1,1,2,1,1,1,2,2,2,2,2,1,1,1,1,2,25,2,2,26,27,2,2,2,2,2,1,2,28,29,2,2,2,2,2,2,2,30,31,32,33,34,2,2,2,2,35,36,37,2,2,2,38,2,2,2,2,2,2,2,2,2,2,39,40,2,2,2,2,3,3,3,3,3,3,3,3,5,5,5,5,5,5,5,5","0.000925064086914062","fast_greedy","edit-xhwikibooks.graphml"
"0.24","0.66","0.1","0.701728024042074","1,1,1,6,7,4,8,4,4,9,10,11,4,4,4,12,13,14,3,15,2,1,16,4,4,4,4,17,18,19,20,21,22,23,3,3,5,24,2,2,2,2,1,1,1,1,2,1,1,1,2,2,2,2,2,1,1,1,1,2,25,2,2,26,27,2,2,2,2,2,1,2,28,29,2,2,2,2,2,2,2,30,31,32,33,34,2,2,2,2,35,36,37,2,2,2,38,2,2,2,2,2,2,2,2,2,2,39,40,2,2,2,2,3,3,3,3,3,3,3,3,5,5,5,5,5,5,5,5","0.000924825668334961","fast_greedy","edit-xhwikibooks.graphml"
"0.23","0.67","0.1","0.701728024042074","1,1,1,6,7,4,8,4,4,9,10,11,4,4,4,12,13,14,3,15,2,1,16,4,4,4,4,17,18,19,20,21,22,23,3,3,5,24,2,2,2,2,1,1,1,1,2,1,1,1,2,2,2,2,2,1,1,1,1,2,25,2,2,26,27,2,2,2,2,2,1,2,28,29,2,2,2,2,2,2,2,30,31,32,33,34,2,2,2,2,35,36,37,2,2,2,38,2,2,2,2,2,2,2,2,2,2,39,40,2,2,2,2,3,3,3,3,3,3,3,3,5,5,5,5,5,5,5,5","0.000963926315307617","fast_greedy","edit-xhwikibooks.graphml"
"0.22","0.68","0.1","0.701728024042074","1,1,1,6,7,4,8,4,4,9,10,11,4,4,4,12,13,14,3,15,2,1,16,4,4,4,4,17,18,19,20,21,22,23,3,3,5,24,2,2,2,2,1,1,1,1,2,1,1,1,2,2,2,2,2,1,1,1,1,2,25,2,2,26,27,2,2,2,2,2,1,2,28,29,2,2,2,2,2,2,2,30,31,32,33,34,2,2,2,2,35,36,37,2,2,2,38,2,2,2,2,2,2,2,2,2,2,39,40,2,2,2,2,3,3,3,3,3,3,3,3,5,5,5,5,5,5,5,5","0.000895023345947266","fast_greedy","edit-xhwikibooks.graphml"
"0.21","0.69","0.1","0.701728024042074","1,1,1,6,7,4,8,4,4,9,10,11,4,4,4,12,13,14,3,15,2,1,16,4,4,4,4,17,18,19,20,21,22,23,3,3,5,24,2,2,2,2,1,1,1,1,2,1,1,1,2,2,2,2,2,1,1,1,1,2,25,2,2,26,27,2,2,2,2,2,1,2,28,29,2,2,2,2,2,2,2,30,31,32,33,34,2,2,2,2,35,36,37,2,2,2,38,2,2,2,2,2,2,2,2,2,2,39,40,2,2,2,2,3,3,3,3,3,3,3,3,5,5,5,5,5,5,5,5","0.00088191032409668","fast_greedy","edit-xhwikibooks.graphml"
"0.2","0.7","0.1","0.701728024042074","1,1,1,6,7,4,8,4,4,9,10,11,4,4,4,12,13,14,3,15,2,1,16,4,4,4,4,17,18,19,20,21,22,23,3,3,5,24,2,2,2,2,1,1,1,1,2,1,1,1,2,2,2,2,2,1,1,1,1,2,25,2,2,26,27,2,2,2,2,2,1,2,28,29,2,2,2,2,2,2,2,30,31,32,33,34,2,2,2,2,35,36,37,2,2,2,38,2,2,2,2,2,2,2,2,2,2,39,40,2,2,2,2,3,3,3,3,3,3,3,3,5,5,5,5,5,5,5,5","0.00108909606933594","fast_greedy","edit-xhwikibooks.graphml"
"0.19","0.71","0.1","0.699905033238366","1,1,1,6,7,8,9,3,10,11,12,13,3,3,3,14,15,16,4,17,2,1,18,3,3,3,3,19,20,21,22,23,24,25,4,4,5,26,2,2,2,2,1,1,1,1,2,1,1,1,2,2,2,2,2,1,1,1,1,2,27,2,2,28,29,2,2,2,2,2,1,2,30,31,2,2,2,2,2,2,2,32,33,34,35,36,2,2,2,2,37,38,39,2,2,2,40,2,2,2,2,2,2,2,2,2,2,41,42,2,2,2,2,4,4,4,4,4,4,4,4,5,5,5,5,5,5,5,5","0.000884056091308594","fast_greedy","edit-xhwikibooks.graphml"
"0.18","0.72","0.1","0.699905033238366","1,1,1,6,7,8,9,3,10,11,12,13,3,3,3,14,15,16,4,17,2,1,18,3,3,3,3,19,20,21,22,23,24,25,4,4,5,26,2,2,2,2,1,1,1,1,2,1,1,1,2,2,2,2,2,1,1,1,1,2,27,2,2,28,29,2,2,2,2,2,1,2,30,31,2,2,2,2,2,2,2,32,33,34,35,36,2,2,2,2,37,38,39,2,2,2,40,2,2,2,2,2,2,2,2,2,2,41,42,2,2,2,2,4,4,4,4,4,4,4,4,5,5,5,5,5,5,5,5","0.000896215438842773","fast_greedy","edit-xhwikibooks.graphml"
"0.17","0.73","0.1","0.699905033238366","1,1,1,6,7,8,9,3,10,11,12,13,3,3,3,14,15,16,4,17,2,1,18,3,3,3,3,19,20,21,22,23,24,25,4,4,5,26,2,2,2,2,1,1,1,1,2,1,1,1,2,2,2,2,2,1,1,1,1,2,27,2,2,28,29,2,2,2,2,2,1,2,30,31,2,2,2,2,2,2,2,32,33,34,35,36,2,2,2,2,37,38,39,2,2,2,40,2,2,2,2,2,2,2,2,2,2,41,42,2,2,2,2,4,4,4,4,4,4,4,4,5,5,5,5,5,5,5,5","0.000905036926269531","fast_greedy","edit-xhwikibooks.graphml"
"0.16","0.74","0.1","0.699905033238366","1,1,1,6,7,8,9,3,10,11,12,13,3,3,3,14,15,16,4,17,2,1,18,3,3,3,3,19,20,21,22,23,24,25,4,4,5,26,2,2,2,2,1,1,1,1,2,1,1,1,2,2,2,2,2,1,1,1,1,2,27,2,2,28,29,2,2,2,2,2,1,2,30,31,2,2,2,2,2,2,2,32,33,34,35,36,2,2,2,2,37,38,39,2,2,2,40,2,2,2,2,2,2,2,2,2,2,41,42,2,2,2,2,4,4,4,4,4,4,4,4,5,5,5,5,5,5,5,5","0.000915050506591797","fast_greedy","edit-xhwikibooks.graphml"
"0.15","0.75","0.1","0.699905033238366","1,1,1,6,7,8,9,3,10,11,12,13,3,3,3,14,15,16,4,17,2,1,18,3,3,3,3,19,20,21,22,23,24,25,4,4,5,26,2,2,2,2,1,1,1,1,2,1,1,1,2,2,2,2,2,1,1,1,1,2,27,2,2,28,29,2,2,2,2,2,1,2,30,31,2,2,2,2,2,2,2,32,33,34,35,36,2,2,2,2,37,38,39,2,2,2,40,2,2,2,2,2,2,2,2,2,2,41,42,2,2,2,2,4,4,4,4,4,4,4,4,5,5,5,5,5,5,5,5","0.000908136367797852","fast_greedy","edit-xhwikibooks.graphml"
"0.14","0.76","0.1","0.699905033238366","1,1,1,6,7,8,9,3,10,11,12,13,3,3,3,14,15,16,4,17,2,1,18,3,3,3,3,19,20,21,22,23,24,25,4,4,5,26,2,2,2,2,1,1,1,1,2,1,1,1,2,2,2,2,2,1,1,1,1,2,27,2,2,28,29,2,2,2,2,2,1,2,30,31,2,2,2,2,2,2,2,32,33,34,35,36,2,2,2,2,37,38,39,2,2,2,40,2,2,2,2,2,2,2,2,2,2,41,42,2,2,2,2,4,4,4,4,4,4,4,4,5,5,5,5,5,5,5,5","0.000931024551391602","fast_greedy","edit-xhwikibooks.graphml"
"0.13","0.77","0.1","0.699905033238366","1,1,1,6,7,8,9,3,10,11,12,13,3,3,3,14,15,16,4,17,2,1,18,3,3,3,3,19,20,21,22,23,24,25,4,4,5,26,2,2,2,2,1,1,1,1,2,1,1,1,2,2,2,2,2,1,1,1,1,2,27,2,2,28,29,2,2,2,2,2,1,2,30,31,2,2,2,2,2,2,2,32,33,34,35,36,2,2,2,2,37,38,39,2,2,2,40,2,2,2,2,2,2,2,2,2,2,41,42,2,2,2,2,4,4,4,4,4,4,4,4,5,5,5,5,5,5,5,5","0.000936031341552734","fast_greedy","edit-xhwikibooks.graphml"
"0.12","0.78","0.1","0.699905033238366","1,1,1,6,7,8,9,3,10,11,12,13,3,3,3,14,15,16,4,17,2,1,18,3,3,3,3,19,20,21,22,23,24,25,4,4,5,26,2,2,2,2,1,1,1,1,2,1,1,1,2,2,2,2,2,1,1,1,1,2,27,2,2,28,29,2,2,2,2,2,1,2,30,31,2,2,2,2,2,2,2,32,33,34,35,36,2,2,2,2,37,38,39,2,2,2,40,2,2,2,2,2,2,2,2,2,2,41,42,2,2,2,2,4,4,4,4,4,4,4,4,5,5,5,5,5,5,5,5","0.000895023345947266","fast_greedy","edit-xhwikibooks.graphml"
"0.11","0.79","0.1","0.699905033238366","1,1,1,6,7,8,9,3,10,11,12,13,3,3,3,14,15,16,4,17,2,1,18,3,3,3,3,19,20,21,22,23,24,25,4,4,5,26,2,2,2,2,1,1,1,1,2,1,1,1,2,2,2,2,2,1,1,1,1,2,27,2,2,28,29,2,2,2,2,2,1,2,30,31,2,2,2,2,2,2,2,32,33,34,35,36,2,2,2,2,37,38,39,2,2,2,40,2,2,2,2,2,2,2,2,2,2,41,42,2,2,2,2,4,4,4,4,4,4,4,4,5,5,5,5,5,5,5,5","0.000865936279296875","fast_greedy","edit-xhwikibooks.graphml"
"0.1","0.8","0.1","0.699905033238366","1,1,1,6,7,8,9,3,10,11,12,13,3,3,3,14,15,16,4,17,2,1,18,3,3,3,3,19,20,21,22,23,24,25,4,4,5,26,2,2,2,2,1,1,1,1,2,1,1,1,2,2,2,2,2,1,1,1,1,2,27,2,2,28,29,2,2,2,2,2,1,2,30,31,2,2,2,2,2,2,2,32,33,34,35,36,2,2,2,2,37,38,39,2,2,2,40,2,2,2,2,2,2,2,2,2,2,41,42,2,2,2,2,4,4,4,4,4,4,4,4,5,5,5,5,5,5,5,5","0.000988960266113281","fast_greedy","edit-xhwikibooks.graphml"
"0.09","0.81","0.1","0.659208579881657","1,1,1,6,7,8,9,5,10,11,12,13,4,4,4,14,15,16,3,17,2,1,18,5,4,4,4,19,20,21,22,23,24,25,3,3,4,26,2,2,2,2,1,1,1,1,2,1,1,1,2,2,2,2,2,1,1,1,1,2,27,2,2,28,29,2,2,2,2,2,1,2,30,31,2,2,2,2,2,2,2,32,33,34,35,36,2,2,2,2,37,38,39,2,2,2,40,2,2,2,2,2,2,2,2,2,2,41,42,2,2,2,2,3,43,44,3,3,3,3,3,45,46,47,48,49,50,51,52","0.000861883163452148","fast_greedy","edit-xhwikibooks.graphml"
"0.08","0.82","0.1","0.659208579881657","1,1,1,6,7,8,9,5,10,11,12,13,4,4,4,14,15,16,3,17,2,1,18,5,4,4,4,19,20,21,22,23,24,25,3,3,4,26,2,2,2,2,1,1,1,1,2,1,1,1,2,2,2,2,2,1,1,1,1,2,27,2,2,28,29,2,2,2,2,2,1,2,30,31,2,2,2,2,2,2,2,32,33,34,35,36,2,2,2,2,37,38,39,2,2,2,40,2,2,2,2,2,2,2,2,2,2,41,42,2,2,2,2,3,43,44,3,3,3,3,3,45,46,47,48,49,50,51,52","0.000860929489135742","fast_greedy","edit-xhwikibooks.graphml"
"0.07","0.83","0.1","0.659208579881657","1,1,1,6,7,8,9,5,10,11,12,13,4,4,4,14,15,16,3,17,2,1,18,5,4,4,4,19,20,21,22,23,24,25,3,3,4,26,2,2,2,2,1,1,1,1,2,1,1,1,2,2,2,2,2,1,1,1,1,2,27,2,2,28,29,2,2,2,2,2,1,2,30,31,2,2,2,2,2,2,2,32,33,34,35,36,2,2,2,2,37,38,39,2,2,2,40,2,2,2,2,2,2,2,2,2,2,41,42,2,2,2,2,3,43,44,3,3,3,3,3,45,46,47,48,49,50,51,52","0.000958919525146484","fast_greedy","edit-xhwikibooks.graphml"
"0.06","0.84","0.1","0.659208579881657","1,1,1,6,7,8,9,5,10,11,12,13,4,4,4,14,15,16,3,17,2,1,18,5,4,4,4,19,20,21,22,23,24,25,3,3,4,26,2,2,2,2,1,1,1,1,2,1,1,1,2,2,2,2,2,1,1,1,1,2,27,2,2,28,29,2,2,2,2,2,1,2,30,31,2,2,2,2,2,2,2,32,33,34,35,36,2,2,2,2,37,38,39,2,2,2,40,2,2,2,2,2,2,2,2,2,2,41,42,2,2,2,2,3,43,44,3,3,3,3,3,45,46,47,48,49,50,51,52","0.00112104415893555","fast_greedy","edit-xhwikibooks.graphml"
"0.05","0.85","0.1","0.659208579881657","1,1,1,6,7,8,9,5,10,11,12,13,4,4,4,14,15,16,3,17,2,1,18,5,4,4,4,19,20,21,22,23,24,25,3,3,4,26,2,2,2,2,1,1,1,1,2,1,1,1,2,2,2,2,2,1,1,1,1,2,27,2,2,28,29,2,2,2,2,2,1,2,30,31,2,2,2,2,2,2,2,32,33,34,35,36,2,2,2,2,37,38,39,2,2,2,40,2,2,2,2,2,2,2,2,2,2,41,42,2,2,2,2,3,43,44,3,3,3,3,3,45,46,47,48,49,50,51,52","0.0012810230255127","fast_greedy","edit-xhwikibooks.graphml"
"0.04","0.86","0.1","0.659208579881657","1,1,1,6,7,8,9,5,10,11,12,13,4,4,4,14,15,16,3,17,2,1,18,5,4,4,4,19,20,21,22,23,24,25,3,3,4,26,2,2,2,2,1,1,1,1,2,1,1,1,2,2,2,2,2,1,1,1,1,2,27,2,2,28,29,2,2,2,2,2,1,2,30,31,2,2,2,2,2,2,2,32,33,34,35,36,2,2,2,2,37,38,39,2,2,2,40,2,2,2,2,2,2,2,2,2,2,41,42,2,2,2,2,3,43,44,3,3,3,3,3,45,46,47,48,49,50,51,52","0.000962972640991211","fast_greedy","edit-xhwikibooks.graphml"
"0.03","0.87","0.1","0.659208579881657","1,1,1,6,7,8,9,5,10,11,12,13,4,4,4,14,15,16,3,17,2,1,18,5,4,4,4,19,20,21,22,23,24,25,3,3,4,26,2,2,2,2,1,1,1,1,2,1,1,1,2,2,2,2,2,1,1,1,1,2,27,2,2,28,29,2,2,2,2,2,1,2,30,31,2,2,2,2,2,2,2,32,33,34,35,36,2,2,2,2,37,38,39,2,2,2,40,2,2,2,2,2,2,2,2,2,2,41,42,2,2,2,2,3,43,44,3,3,3,3,3,45,46,47,48,49,50,51,52","0.000852108001708984","fast_greedy","edit-xhwikibooks.graphml"
"0.02","0.88","0.1","0.659208579881657","1,1,1,6,7,8,9,5,10,11,12,13,4,4,4,14,15,16,3,17,2,1,18,5,4,4,4,19,20,21,22,23,24,25,3,3,4,26,2,2,2,2,1,1,1,1,2,1,1,1,2,2,2,2,2,1,1,1,1,2,27,2,2,28,29,2,2,2,2,2,1,2,30,31,2,2,2,2,2,2,2,32,33,34,35,36,2,2,2,2,37,38,39,2,2,2,40,2,2,2,2,2,2,2,2,2,2,41,42,2,2,2,2,3,43,44,3,3,3,3,3,45,46,47,48,49,50,51,52","0.000856876373291016","fast_greedy","edit-xhwikibooks.graphml"
"0.01","0.89","0.1","0.659208579881657","1,1,1,6,7,8,9,5,10,11,12,13,4,4,4,14,15,16,3,17,2,1,18,5,4,4,4,19,20,21,22,23,24,25,3,3,4,26,2,2,2,2,1,1,1,1,2,1,1,1,2,2,2,2,2,1,1,1,1,2,27,2,2,28,29,2,2,2,2,2,1,2,30,31,2,2,2,2,2,2,2,32,33,34,35,36,2,2,2,2,37,38,39,2,2,2,40,2,2,2,2,2,2,2,2,2,2,41,42,2,2,2,2,3,43,44,3,3,3,3,3,45,46,47,48,49,50,51,52","0.000828027725219727","fast_greedy","edit-xhwikibooks.graphml"
"0","0.9","0.1","0.663460758055353","1,1,1,1,1,5,6,1,7,8,9,10,4,4,4,11,12,13,3,14,2,1,15,1,4,4,4,16,1,17,18,19,20,21,3,3,4,22,2,2,2,2,1,1,1,1,2,1,1,1,2,2,2,2,2,1,1,1,1,2,23,2,2,24,25,2,2,2,2,2,1,2,26,27,2,2,2,2,2,2,2,28,29,30,31,32,2,2,2,2,33,34,35,2,2,2,36,2,2,2,2,2,2,2,2,2,2,37,38,2,2,2,2,3,39,40,3,3,3,3,3,41,42,43,44,45,46,47,48","0.000879049301147461","fast_greedy","edit-xhwikibooks.graphml"
"0.89","0","0.11","0.738928571428572","1,1,1,1,1,2,1,5,2,2,4,1,5,5,5,2,2,4,4,1,3,6,5,5,5,5,5,2,1,2,4,4,1,1,7,7,8,5,3,3,3,3,6,6,6,6,3,6,6,6,3,3,3,3,3,6,6,6,6,3,5,3,3,5,5,3,3,3,3,3,6,3,5,5,3,3,3,3,3,3,3,5,2,2,2,1,3,3,3,3,2,4,4,3,3,3,2,3,3,3,3,3,3,3,3,3,3,1,1,1,3,3,3,7,7,7,7,7,7,7,7,8,8,8,8,8,8,8,8","0.000896930694580078","fast_greedy","edit-xhwikibooks.graphml"
"0.88","0.01","0.11","0.738928571428572","1,1,1,1,1,2,1,5,2,2,4,1,5,5,5,2,2,4,4,1,3,6,5,5,5,5,5,2,1,2,4,4,1,1,7,7,8,5,3,3,3,3,6,6,6,6,3,6,6,6,3,3,3,3,3,6,6,6,6,3,5,3,3,5,5,3,3,3,3,3,6,3,5,5,3,3,3,3,3,3,3,5,2,2,2,1,3,3,3,3,2,4,4,3,3,3,2,3,3,3,3,3,3,3,3,3,3,1,1,1,3,3,3,7,7,7,7,7,7,7,7,8,8,8,8,8,8,8,8","0.000952959060668945","fast_greedy","edit-xhwikibooks.graphml"
"0.87","0.02","0.11","0.738928571428572","1,1,1,1,1,2,1,5,2,2,4,1,5,5,5,2,2,4,4,1,3,6,5,5,5,5,5,2,1,2,4,4,1,1,7,7,8,5,3,3,3,3,6,6,6,6,3,6,6,6,3,3,3,3,3,6,6,6,6,3,5,3,3,5,5,3,3,3,3,3,6,3,5,5,3,3,3,3,3,3,3,5,2,2,2,1,3,3,3,3,2,4,4,3,3,3,2,3,3,3,3,3,3,3,3,3,3,1,1,1,3,3,3,7,7,7,7,7,7,7,7,8,8,8,8,8,8,8,8","0.0011601448059082","fast_greedy","edit-xhwikibooks.graphml"
"0.86","0.03","0.11","0.738928571428572","1,1,1,1,1,2,1,5,2,2,4,1,5,5,5,2,2,4,4,1,3,6,5,5,5,5,5,2,1,2,4,4,1,1,7,7,8,5,3,3,3,3,6,6,6,6,3,6,6,6,3,3,3,3,3,6,6,6,6,3,5,3,3,5,5,3,3,3,3,3,6,3,5,5,3,3,3,3,3,3,3,5,2,2,2,1,3,3,3,3,2,4,4,3,3,3,2,3,3,3,3,3,3,3,3,3,3,1,1,1,3,3,3,7,7,7,7,7,7,7,7,8,8,8,8,8,8,8,8","0.000929117202758789","fast_greedy","edit-xhwikibooks.graphml"
"0.85","0.04","0.11","0.738928571428572","1,1,1,1,1,2,1,5,2,2,4,1,5,5,5,2,2,4,4,1,3,6,5,5,5,5,5,2,1,2,4,4,1,1,7,7,8,5,3,3,3,3,6,6,6,6,3,6,6,6,3,3,3,3,3,6,6,6,6,3,5,3,3,5,5,3,3,3,3,3,6,3,5,5,3,3,3,3,3,3,3,5,2,2,2,1,3,3,3,3,2,4,4,3,3,3,2,3,3,3,3,3,3,3,3,3,3,1,1,1,3,3,3,7,7,7,7,7,7,7,7,8,8,8,8,8,8,8,8","0.000890016555786133","fast_greedy","edit-xhwikibooks.graphml"
"0.84","0.05","0.11","0.738928571428572","1,1,1,1,1,2,1,5,2,2,4,1,5,5,5,2,2,4,4,1,3,6,5,5,5,5,5,2,1,2,4,4,1,1,7,7,8,5,3,3,3,3,6,6,6,6,3,6,6,6,3,3,3,3,3,6,6,6,6,3,5,3,3,5,5,3,3,3,3,3,6,3,5,5,3,3,3,3,3,3,3,5,2,2,2,1,3,3,3,3,2,4,4,3,3,3,2,3,3,3,3,3,3,3,3,3,3,1,1,1,3,3,3,7,7,7,7,7,7,7,7,8,8,8,8,8,8,8,8","0.00112485885620117","fast_greedy","edit-xhwikibooks.graphml"
"0.83","0.06","0.11","0.738928571428572","1,1,1,1,1,2,1,5,2,2,4,1,5,5,5,2,2,4,4,1,3,6,5,5,5,5,5,2,1,2,4,4,1,1,7,7,8,5,3,3,3,3,6,6,6,6,3,6,6,6,3,3,3,3,3,6,6,6,6,3,5,3,3,5,5,3,3,3,3,3,6,3,5,5,3,3,3,3,3,3,3,5,2,2,2,1,3,3,3,3,2,4,4,3,3,3,2,3,3,3,3,3,3,3,3,3,3,1,1,1,3,3,3,7,7,7,7,7,7,7,7,8,8,8,8,8,8,8,8","0.000900983810424805","fast_greedy","edit-xhwikibooks.graphml"
"0.82","0.07","0.11","0.738928571428572","1,1,1,1,1,2,1,5,2,2,4,1,5,5,5,2,2,4,4,1,3,6,5,5,5,5,5,2,1,2,4,4,1,1,7,7,8,5,3,3,3,3,6,6,6,6,3,6,6,6,3,3,3,3,3,6,6,6,6,3,5,3,3,5,5,3,3,3,3,3,6,3,5,5,3,3,3,3,3,3,3,5,2,2,2,1,3,3,3,3,2,4,4,3,3,3,2,3,3,3,3,3,3,3,3,3,3,1,1,1,3,3,3,7,7,7,7,7,7,7,7,8,8,8,8,8,8,8,8","0.000874996185302734","fast_greedy","edit-xhwikibooks.graphml"
"0.81","0.08","0.11","0.738928571428572","1,1,1,1,1,2,1,5,2,2,4,1,5,5,5,2,2,4,4,1,3,6,5,5,5,5,5,2,1,2,4,4,1,1,7,7,8,5,3,3,3,3,6,6,6,6,3,6,6,6,3,3,3,3,3,6,6,6,6,3,5,3,3,5,5,3,3,3,3,3,6,3,5,5,3,3,3,3,3,3,3,5,2,2,2,1,3,3,3,3,2,4,4,3,3,3,2,3,3,3,3,3,3,3,3,3,3,1,1,1,3,3,3,7,7,7,7,7,7,7,7,8,8,8,8,8,8,8,8","0.000939130783081055","fast_greedy","edit-xhwikibooks.graphml"
"0.8","0.09","0.11","0.738928571428572","1,1,1,1,1,2,1,5,2,2,4,1,5,5,5,2,2,4,4,1,3,6,5,5,5,5,5,2,1,2,4,4,1,1,7,7,8,5,3,3,3,3,6,6,6,6,3,6,6,6,3,3,3,3,3,6,6,6,6,3,5,3,3,5,5,3,3,3,3,3,6,3,5,5,3,3,3,3,3,3,3,5,2,2,2,1,3,3,3,3,2,4,4,3,3,3,2,3,3,3,3,3,3,3,3,3,3,1,1,1,3,3,3,7,7,7,7,7,7,7,7,8,8,8,8,8,8,8,8","0.000930070877075195","fast_greedy","edit-xhwikibooks.graphml"
"0.79","0.1","0.11","0.738928571428572","1,1,1,1,1,2,1,5,2,2,4,1,5,5,5,2,2,4,4,1,3,6,5,5,5,5,5,2,1,2,4,4,1,1,7,7,8,5,3,3,3,3,6,6,6,6,3,6,6,6,3,3,3,3,3,6,6,6,6,3,5,3,3,5,5,3,3,3,3,3,6,3,5,5,3,3,3,3,3,3,3,5,2,2,2,1,3,3,3,3,2,4,4,3,3,3,2,3,3,3,3,3,3,3,3,3,3,1,1,1,3,3,3,7,7,7,7,7,7,7,7,8,8,8,8,8,8,8,8","0.000914096832275391","fast_greedy","edit-xhwikibooks.graphml"
"0.78","0.11","0.11","0.738928571428572","1,1,1,1,1,2,1,5,2,2,4,1,5,5,5,2,2,4,4,1,3,6,5,5,5,5,5,2,1,2,4,4,1,1,7,7,8,5,3,3,3,3,6,6,6,6,3,6,6,6,3,3,3,3,3,6,6,6,6,3,5,3,3,5,5,3,3,3,3,3,6,3,5,5,3,3,3,3,3,3,3,5,2,2,2,1,3,3,3,3,2,4,4,3,3,3,2,3,3,3,3,3,3,3,3,3,3,1,1,1,3,3,3,7,7,7,7,7,7,7,7,8,8,8,8,8,8,8,8","0.000900983810424805","fast_greedy","edit-xhwikibooks.graphml"
"0.77","0.12","0.11","0.729053497942387","2,2,2,2,2,1,2,1,1,1,2,4,1,1,1,5,1,2,2,4,3,6,1,1,1,1,1,5,2,1,2,2,4,4,7,7,8,1,3,3,3,3,6,6,6,6,3,6,6,6,3,3,3,3,3,6,6,6,6,3,9,3,3,1,1,3,3,3,3,3,6,3,1,1,3,3,3,3,3,3,3,1,5,5,5,10,3,3,3,3,11,12,13,3,3,3,5,3,3,3,3,3,3,3,3,3,3,4,4,4,3,3,3,7,7,7,7,7,7,7,7,8,8,8,8,8,8,8,8","0.000908136367797852","fast_greedy","edit-xhwikibooks.graphml"
"0.76","0.13","0.11","0.729053497942387","2,2,2,2,2,1,2,1,1,1,2,4,1,1,1,5,1,2,2,4,3,6,1,1,1,1,1,5,2,1,2,2,4,4,7,7,8,1,3,3,3,3,6,6,6,6,3,6,6,6,3,3,3,3,3,6,6,6,6,3,9,3,3,1,1,3,3,3,3,3,6,3,1,1,3,3,3,3,3,3,3,1,5,5,5,10,3,3,3,3,11,12,13,3,3,3,5,3,3,3,3,3,3,3,3,3,3,4,4,4,3,3,3,7,7,7,7,7,7,7,7,8,8,8,8,8,8,8,8","0.000930070877075195","fast_greedy","edit-xhwikibooks.graphml"
"0.75","0.14","0.11","0.729053497942387","2,2,2,2,2,1,2,1,1,1,2,4,1,1,1,5,1,2,2,4,3,6,1,1,1,1,1,5,2,1,2,2,4,4,7,7,8,1,3,3,3,3,6,6,6,6,3,6,6,6,3,3,3,3,3,6,6,6,6,3,9,3,3,1,1,3,3,3,3,3,6,3,1,1,3,3,3,3,3,3,3,1,5,5,5,10,3,3,3,3,11,12,13,3,3,3,5,3,3,3,3,3,3,3,3,3,3,4,4,4,3,3,3,7,7,7,7,7,7,7,7,8,8,8,8,8,8,8,8","0.000941038131713867","fast_greedy","edit-xhwikibooks.graphml"
"0.74","0.15","0.11","0.729053497942387","2,2,2,2,2,1,2,1,1,1,2,4,1,1,1,5,1,2,2,4,3,6,1,1,1,1,1,5,2,1,2,2,4,4,7,7,8,1,3,3,3,3,6,6,6,6,3,6,6,6,3,3,3,3,3,6,6,6,6,3,9,3,3,1,1,3,3,3,3,3,6,3,1,1,3,3,3,3,3,3,3,1,5,5,5,10,3,3,3,3,11,12,13,3,3,3,5,3,3,3,3,3,3,3,3,3,3,4,4,4,3,3,3,7,7,7,7,7,7,7,7,8,8,8,8,8,8,8,8","0.000918149948120117","fast_greedy","edit-xhwikibooks.graphml"
"0.73","0.16","0.11","0.729053497942387","2,2,2,2,2,1,2,1,1,1,2,4,1,1,1,5,1,2,2,4,3,6,1,1,1,1,1,5,2,1,2,2,4,4,7,7,8,1,3,3,3,3,6,6,6,6,3,6,6,6,3,3,3,3,3,6,6,6,6,3,9,3,3,1,1,3,3,3,3,3,6,3,1,1,3,3,3,3,3,3,3,1,5,5,5,10,3,3,3,3,11,12,13,3,3,3,5,3,3,3,3,3,3,3,3,3,3,4,4,4,3,3,3,7,7,7,7,7,7,7,7,8,8,8,8,8,8,8,8","0.000918865203857422","fast_greedy","edit-xhwikibooks.graphml"
"0.72","0.17","0.11","0.732536764705882","1,1,1,1,1,2,1,4,2,2,1,5,4,4,4,2,2,1,1,5,3,6,4,4,4,4,4,2,1,2,1,1,5,5,8,8,7,4,3,3,3,3,6,6,6,6,3,6,6,6,3,3,3,3,3,6,6,6,6,3,9,3,3,4,4,3,3,3,3,3,6,3,4,4,3,3,3,3,3,3,3,4,2,2,2,10,3,3,3,3,11,12,13,3,3,3,2,3,3,3,3,3,3,3,3,3,3,5,5,5,3,3,3,8,8,8,8,8,8,8,8,7,7,7,7,7,7,7,7","0.00105786323547363","fast_greedy","edit-xhwikibooks.graphml"
"0.71","0.18","0.11","0.732536764705882","1,1,1,1,1,2,1,4,2,2,1,5,4,4,4,2,2,1,1,5,3,6,4,4,4,4,4,2,1,2,1,1,5,5,8,8,7,4,3,3,3,3,6,6,6,6,3,6,6,6,3,3,3,3,3,6,6,6,6,3,9,3,3,4,4,3,3,3,3,3,6,3,4,4,3,3,3,3,3,3,3,4,2,2,2,10,3,3,3,3,11,12,13,3,3,3,2,3,3,3,3,3,3,3,3,3,3,5,5,5,3,3,3,8,8,8,8,8,8,8,8,7,7,7,7,7,7,7,7","0.00100493431091309","fast_greedy","edit-xhwikibooks.graphml"
"0.7","0.19","0.11","0.732536764705882","1,1,1,1,1,2,1,4,2,2,1,5,4,4,4,2,2,1,1,5,3,6,4,4,4,4,4,2,1,2,1,1,5,5,8,8,7,4,3,3,3,3,6,6,6,6,3,6,6,6,3,3,3,3,3,6,6,6,6,3,9,3,3,4,4,3,3,3,3,3,6,3,4,4,3,3,3,3,3,3,3,4,2,2,2,10,3,3,3,3,11,12,13,3,3,3,2,3,3,3,3,3,3,3,3,3,3,5,5,5,3,3,3,8,8,8,8,8,8,8,8,7,7,7,7,7,7,7,7","0.000910043716430664","fast_greedy","edit-xhwikibooks.graphml"
"0.69","0.2","0.11","0.732536764705882","1,1,1,1,1,2,1,4,2,2,1,5,4,4,4,2,2,1,1,5,3,6,4,4,4,4,4,2,1,2,1,1,5,5,8,8,7,4,3,3,3,3,6,6,6,6,3,6,6,6,3,3,3,3,3,6,6,6,6,3,9,3,3,4,4,3,3,3,3,3,6,3,4,4,3,3,3,3,3,3,3,4,2,2,2,10,3,3,3,3,11,12,13,3,3,3,2,3,3,3,3,3,3,3,3,3,3,5,5,5,3,3,3,8,8,8,8,8,8,8,8,7,7,7,7,7,7,7,7","0.000905990600585938","fast_greedy","edit-xhwikibooks.graphml"
"0.68","0.21","0.11","0.732536764705882","1,1,1,1,1,2,1,4,2,2,1,5,4,4,4,2,2,1,1,5,3,6,4,4,4,4,4,2,1,2,1,1,5,5,8,8,7,4,3,3,3,3,6,6,6,6,3,6,6,6,3,3,3,3,3,6,6,6,6,3,9,3,3,4,4,3,3,3,3,3,6,3,4,4,3,3,3,3,3,3,3,4,2,2,2,10,3,3,3,3,11,12,13,3,3,3,2,3,3,3,3,3,3,3,3,3,3,5,5,5,3,3,3,8,8,8,8,8,8,8,8,7,7,7,7,7,7,7,7","0.000922918319702148","fast_greedy","edit-xhwikibooks.graphml"
"0.67","0.22","0.11","0.732536764705882","1,1,1,1,1,2,1,4,2,2,1,5,4,4,4,2,2,1,1,5,3,6,4,4,4,4,4,2,1,2,1,1,5,5,8,8,7,4,3,3,3,3,6,6,6,6,3,6,6,6,3,3,3,3,3,6,6,6,6,3,9,3,3,4,4,3,3,3,3,3,6,3,4,4,3,3,3,3,3,3,3,4,2,2,2,10,3,3,3,3,11,12,13,3,3,3,2,3,3,3,3,3,3,3,3,3,3,5,5,5,3,3,3,8,8,8,8,8,8,8,8,7,7,7,7,7,7,7,7","0.000915050506591797","fast_greedy","edit-xhwikibooks.graphml"
"0.66","0.23","0.11","0.717088687326783","1,1,1,1,1,3,1,4,3,3,1,1,4,4,4,3,8,1,1,1,2,5,4,4,4,4,4,3,1,9,10,1,1,1,6,6,7,4,2,2,2,2,5,5,5,5,2,5,5,5,2,2,2,2,2,5,5,5,5,2,11,2,2,12,13,2,2,2,2,2,5,2,4,4,2,2,2,2,2,2,2,14,3,3,3,15,2,2,2,2,16,17,18,2,2,2,19,2,2,2,2,2,2,2,2,2,2,20,21,2,2,2,2,6,6,6,6,6,6,6,6,7,7,7,7,7,7,7,7","0.000927925109863281","fast_greedy","edit-xhwikibooks.graphml"
"0.65","0.24","0.11","0.717088687326783","1,1,1,1,1,3,1,4,3,3,1,1,4,4,4,3,8,1,1,1,2,5,4,4,4,4,4,3,1,9,10,1,1,1,6,6,7,4,2,2,2,2,5,5,5,5,2,5,5,5,2,2,2,2,2,5,5,5,5,2,11,2,2,12,13,2,2,2,2,2,5,2,4,4,2,2,2,2,2,2,2,14,3,3,3,15,2,2,2,2,16,17,18,2,2,2,19,2,2,2,2,2,2,2,2,2,2,20,21,2,2,2,2,6,6,6,6,6,6,6,6,7,7,7,7,7,7,7,7","0.000922918319702148","fast_greedy","edit-xhwikibooks.graphml"
"0.64","0.25","0.11","0.717088687326783","1,1,1,1,1,3,1,4,3,3,1,1,4,4,4,3,8,1,1,1,2,5,4,4,4,4,4,3,1,9,10,1,1,1,6,6,7,4,2,2,2,2,5,5,5,5,2,5,5,5,2,2,2,2,2,5,5,5,5,2,11,2,2,12,13,2,2,2,2,2,5,2,4,4,2,2,2,2,2,2,2,14,3,3,3,15,2,2,2,2,16,17,18,2,2,2,19,2,2,2,2,2,2,2,2,2,2,20,21,2,2,2,2,6,6,6,6,6,6,6,6,7,7,7,7,7,7,7,7","0.000918865203857422","fast_greedy","edit-xhwikibooks.graphml"
"0.63","0.26","0.11","0.717088687326783","1,1,1,1,1,3,1,4,3,3,1,1,4,4,4,3,8,1,1,1,2,5,4,4,4,4,4,3,1,9,10,1,1,1,6,6,7,4,2,2,2,2,5,5,5,5,2,5,5,5,2,2,2,2,2,5,5,5,5,2,11,2,2,12,13,2,2,2,2,2,5,2,4,4,2,2,2,2,2,2,2,14,3,3,3,15,2,2,2,2,16,17,18,2,2,2,19,2,2,2,2,2,2,2,2,2,2,20,21,2,2,2,2,6,6,6,6,6,6,6,6,7,7,7,7,7,7,7,7","0.00092005729675293","fast_greedy","edit-xhwikibooks.graphml"
"0.62","0.27","0.11","0.717088687326783","1,1,1,1,1,3,1,4,3,3,1,1,4,4,4,3,8,1,1,1,2,5,4,4,4,4,4,3,1,9,10,1,1,1,6,6,7,4,2,2,2,2,5,5,5,5,2,5,5,5,2,2,2,2,2,5,5,5,5,2,11,2,2,12,13,2,2,2,2,2,5,2,4,4,2,2,2,2,2,2,2,14,3,3,3,15,2,2,2,2,16,17,18,2,2,2,19,2,2,2,2,2,2,2,2,2,2,20,21,2,2,2,2,6,6,6,6,6,6,6,6,7,7,7,7,7,7,7,7","0.000956058502197266","fast_greedy","edit-xhwikibooks.graphml"
"0.61","0.28","0.11","0.717088687326783","1,1,1,1,1,3,1,4,3,3,1,1,4,4,4,3,8,1,1,1,2,5,4,4,4,4,4,3,1,9,10,1,1,1,6,6,7,4,2,2,2,2,5,5,5,5,2,5,5,5,2,2,2,2,2,5,5,5,5,2,11,2,2,12,13,2,2,2,2,2,5,2,4,4,2,2,2,2,2,2,2,14,3,3,3,15,2,2,2,2,16,17,18,2,2,2,19,2,2,2,2,2,2,2,2,2,2,20,21,2,2,2,2,6,6,6,6,6,6,6,6,7,7,7,7,7,7,7,7","0.000940084457397461","fast_greedy","edit-xhwikibooks.graphml"
"0.6","0.29","0.11","0.717088687326783","1,1,1,1,1,3,1,4,3,3,1,1,4,4,4,3,8,1,1,1,2,5,4,4,4,4,4,3,1,9,10,1,1,1,6,6,7,4,2,2,2,2,5,5,5,5,2,5,5,5,2,2,2,2,2,5,5,5,5,2,11,2,2,12,13,2,2,2,2,2,5,2,4,4,2,2,2,2,2,2,2,14,3,3,3,15,2,2,2,2,16,17,18,2,2,2,19,2,2,2,2,2,2,2,2,2,2,20,21,2,2,2,2,6,6,6,6,6,6,6,6,7,7,7,7,7,7,7,7","0.000992059707641602","fast_greedy","edit-xhwikibooks.graphml"
"0.59","0.3","0.11","0.717088687326783","1,1,1,1,1,3,1,4,3,3,1,1,4,4,4,3,8,1,1,1,2,5,4,4,4,4,4,3,1,9,10,1,1,1,6,6,7,4,2,2,2,2,5,5,5,5,2,5,5,5,2,2,2,2,2,5,5,5,5,2,11,2,2,12,13,2,2,2,2,2,5,2,4,4,2,2,2,2,2,2,2,14,3,3,3,15,2,2,2,2,16,17,18,2,2,2,19,2,2,2,2,2,2,2,2,2,2,20,21,2,2,2,2,6,6,6,6,6,6,6,6,7,7,7,7,7,7,7,7","0.000926017761230469","fast_greedy","edit-xhwikibooks.graphml"
"0.58","0.31","0.11","0.717088687326783","1,1,1,1,1,3,1,4,3,3,1,1,4,4,4,3,8,1,1,1,2,5,4,4,4,4,4,3,1,9,10,1,1,1,6,6,7,4,2,2,2,2,5,5,5,5,2,5,5,5,2,2,2,2,2,5,5,5,5,2,11,2,2,12,13,2,2,2,2,2,5,2,4,4,2,2,2,2,2,2,2,14,3,3,3,15,2,2,2,2,16,17,18,2,2,2,19,2,2,2,2,2,2,2,2,2,2,20,21,2,2,2,2,6,6,6,6,6,6,6,6,7,7,7,7,7,7,7,7","0.00093388557434082","fast_greedy","edit-xhwikibooks.graphml"
"0.57","0.32","0.11","0.717088687326783","1,1,1,1,1,3,1,4,3,3,1,1,4,4,4,3,8,1,1,1,2,5,4,4,4,4,4,3,1,9,10,1,1,1,6,6,7,4,2,2,2,2,5,5,5,5,2,5,5,5,2,2,2,2,2,5,5,5,5,2,11,2,2,12,13,2,2,2,2,2,5,2,4,4,2,2,2,2,2,2,2,14,3,3,3,15,2,2,2,2,16,17,18,2,2,2,19,2,2,2,2,2,2,2,2,2,2,20,21,2,2,2,2,6,6,6,6,6,6,6,6,7,7,7,7,7,7,7,7","0.000880002975463867","fast_greedy","edit-xhwikibooks.graphml"
"0.56","0.33","0.11","0.717088687326783","1,1,1,1,1,3,1,4,3,3,1,1,4,4,4,3,8,1,1,1,2,5,4,4,4,4,4,3,1,9,10,1,1,1,6,6,7,4,2,2,2,2,5,5,5,5,2,5,5,5,2,2,2,2,2,5,5,5,5,2,11,2,2,12,13,2,2,2,2,2,5,2,4,4,2,2,2,2,2,2,2,14,3,3,3,15,2,2,2,2,16,17,18,2,2,2,19,2,2,2,2,2,2,2,2,2,2,20,21,2,2,2,2,6,6,6,6,6,6,6,6,7,7,7,7,7,7,7,7","0.000894069671630859","fast_greedy","edit-xhwikibooks.graphml"
"0.55","0.34","0.11","0.699819876262824","1,1,1,3,7,3,2,3,3,3,2,8,3,3,3,3,9,10,2,6,4,1,11,3,3,3,3,3,1,12,13,14,6,15,2,2,5,3,4,4,4,4,1,1,1,1,4,1,1,1,4,4,4,4,4,1,1,1,1,4,16,4,4,17,18,4,4,4,4,4,1,4,19,20,4,4,4,4,4,4,4,21,22,23,24,25,4,4,4,4,26,27,28,4,4,4,29,4,4,4,4,4,4,4,4,4,4,30,31,4,4,4,4,2,2,2,2,2,2,2,2,5,5,5,5,5,5,5,5","0.00091099739074707","fast_greedy","edit-xhwikibooks.graphml"
"0.54","0.35","0.11","0.699819876262824","1,1,1,3,7,3,2,3,3,3,2,8,3,3,3,3,9,10,2,6,4,1,11,3,3,3,3,3,1,12,13,14,6,15,2,2,5,3,4,4,4,4,1,1,1,1,4,1,1,1,4,4,4,4,4,1,1,1,1,4,16,4,4,17,18,4,4,4,4,4,1,4,19,20,4,4,4,4,4,4,4,21,22,23,24,25,4,4,4,4,26,27,28,4,4,4,29,4,4,4,4,4,4,4,4,4,4,30,31,4,4,4,4,2,2,2,2,2,2,2,2,5,5,5,5,5,5,5,5","0.000911951065063477","fast_greedy","edit-xhwikibooks.graphml"
"0.53","0.36","0.11","0.699819876262824","1,1,1,3,7,3,2,3,3,3,2,8,3,3,3,3,9,10,2,6,4,1,11,3,3,3,3,3,1,12,13,14,6,15,2,2,5,3,4,4,4,4,1,1,1,1,4,1,1,1,4,4,4,4,4,1,1,1,1,4,16,4,4,17,18,4,4,4,4,4,1,4,19,20,4,4,4,4,4,4,4,21,22,23,24,25,4,4,4,4,26,27,28,4,4,4,29,4,4,4,4,4,4,4,4,4,4,30,31,4,4,4,4,2,2,2,2,2,2,2,2,5,5,5,5,5,5,5,5","0.000931978225708008","fast_greedy","edit-xhwikibooks.graphml"
"0.52","0.37","0.11","0.699819876262824","1,1,1,3,7,3,2,3,3,3,2,8,3,3,3,3,9,10,2,6,4,1,11,3,3,3,3,3,1,12,13,14,6,15,2,2,5,3,4,4,4,4,1,1,1,1,4,1,1,1,4,4,4,4,4,1,1,1,1,4,16,4,4,17,18,4,4,4,4,4,1,4,19,20,4,4,4,4,4,4,4,21,22,23,24,25,4,4,4,4,26,27,28,4,4,4,29,4,4,4,4,4,4,4,4,4,4,30,31,4,4,4,4,2,2,2,2,2,2,2,2,5,5,5,5,5,5,5,5","0.000963926315307617","fast_greedy","edit-xhwikibooks.graphml"
"0.51","0.38","0.11","0.699819876262824","1,1,1,3,7,3,2,3,3,3,2,8,3,3,3,3,9,10,2,6,4,1,11,3,3,3,3,3,1,12,13,14,6,15,2,2,5,3,4,4,4,4,1,1,1,1,4,1,1,1,4,4,4,4,4,1,1,1,1,4,16,4,4,17,18,4,4,4,4,4,1,4,19,20,4,4,4,4,4,4,4,21,22,23,24,25,4,4,4,4,26,27,28,4,4,4,29,4,4,4,4,4,4,4,4,4,4,30,31,4,4,4,4,2,2,2,2,2,2,2,2,5,5,5,5,5,5,5,5","0.000879049301147461","fast_greedy","edit-xhwikibooks.graphml"
"0.5","0.39","0.11","0.699819876262824","1,1,1,3,7,3,2,3,3,3,2,8,3,3,3,3,9,10,2,6,4,1,11,3,3,3,3,3,1,12,13,14,6,15,2,2,5,3,4,4,4,4,1,1,1,1,4,1,1,1,4,4,4,4,4,1,1,1,1,4,16,4,4,17,18,4,4,4,4,4,1,4,19,20,4,4,4,4,4,4,4,21,22,23,24,25,4,4,4,4,26,27,28,4,4,4,29,4,4,4,4,4,4,4,4,4,4,30,31,4,4,4,4,2,2,2,2,2,2,2,2,5,5,5,5,5,5,5,5","0.00085902214050293","fast_greedy","edit-xhwikibooks.graphml"
"0.49","0.4","0.11","0.699819876262824","1,1,1,3,7,3,2,3,3,3,2,8,3,3,3,3,9,10,2,6,4,1,11,3,3,3,3,3,1,12,13,14,6,15,2,2,5,3,4,4,4,4,1,1,1,1,4,1,1,1,4,4,4,4,4,1,1,1,1,4,16,4,4,17,18,4,4,4,4,4,1,4,19,20,4,4,4,4,4,4,4,21,22,23,24,25,4,4,4,4,26,27,28,4,4,4,29,4,4,4,4,4,4,4,4,4,4,30,31,4,4,4,4,2,2,2,2,2,2,2,2,5,5,5,5,5,5,5,5","0.000900030136108398","fast_greedy","edit-xhwikibooks.graphml"
"0.48","0.41","0.11","0.699819876262824","1,1,1,3,7,3,2,3,3,3,2,8,3,3,3,3,9,10,2,6,4,1,11,3,3,3,3,3,1,12,13,14,6,15,2,2,5,3,4,4,4,4,1,1,1,1,4,1,1,1,4,4,4,4,4,1,1,1,1,4,16,4,4,17,18,4,4,4,4,4,1,4,19,20,4,4,4,4,4,4,4,21,22,23,24,25,4,4,4,4,26,27,28,4,4,4,29,4,4,4,4,4,4,4,4,4,4,30,31,4,4,4,4,2,2,2,2,2,2,2,2,5,5,5,5,5,5,5,5","0.000916957855224609","fast_greedy","edit-xhwikibooks.graphml"
"0.47","0.42","0.11","0.699819876262824","1,1,1,3,7,3,2,3,3,3,2,8,3,3,3,3,9,10,2,6,4,1,11,3,3,3,3,3,1,12,13,14,6,15,2,2,5,3,4,4,4,4,1,1,1,1,4,1,1,1,4,4,4,4,4,1,1,1,1,4,16,4,4,17,18,4,4,4,4,4,1,4,19,20,4,4,4,4,4,4,4,21,22,23,24,25,4,4,4,4,26,27,28,4,4,4,29,4,4,4,4,4,4,4,4,4,4,30,31,4,4,4,4,2,2,2,2,2,2,2,2,5,5,5,5,5,5,5,5","0.000921964645385742","fast_greedy","edit-xhwikibooks.graphml"
"0.46","0.43","0.11","0.699819876262824","1,1,1,3,7,3,2,3,3,3,2,8,3,3,3,3,9,10,2,6,4,1,11,3,3,3,3,3,1,12,13,14,6,15,2,2,5,3,4,4,4,4,1,1,1,1,4,1,1,1,4,4,4,4,4,1,1,1,1,4,16,4,4,17,18,4,4,4,4,4,1,4,19,20,4,4,4,4,4,4,4,21,22,23,24,25,4,4,4,4,26,27,28,4,4,4,29,4,4,4,4,4,4,4,4,4,4,30,31,4,4,4,4,2,2,2,2,2,2,2,2,5,5,5,5,5,5,5,5","0.00148606300354004","fast_greedy","edit-xhwikibooks.graphml"
"0.45","0.44","0.11","0.699819876262824","1,1,1,3,7,3,2,3,3,3,2,8,3,3,3,3,9,10,2,6,4,1,11,3,3,3,3,3,1,12,13,14,6,15,2,2,5,3,4,4,4,4,1,1,1,1,4,1,1,1,4,4,4,4,4,1,1,1,1,4,16,4,4,17,18,4,4,4,4,4,1,4,19,20,4,4,4,4,4,4,4,21,22,23,24,25,4,4,4,4,26,27,28,4,4,4,29,4,4,4,4,4,4,4,4,4,4,30,31,4,4,4,4,2,2,2,2,2,2,2,2,5,5,5,5,5,5,5,5","0.000929117202758789","fast_greedy","edit-xhwikibooks.graphml"
"0.44","0.45","0.11","0.690289256198347","4,4,4,1,7,1,8,1,1,1,9,10,1,1,1,1,11,12,5,13,2,3,14,1,1,1,1,1,4,15,16,17,18,19,5,5,6,1,2,2,2,2,3,3,3,3,2,3,3,3,2,2,2,2,2,3,3,3,3,2,20,2,2,21,22,2,2,2,2,2,3,2,23,24,2,2,2,2,2,2,2,25,26,27,28,29,2,2,2,2,30,31,32,2,2,2,33,2,2,2,2,2,2,2,2,2,2,34,35,2,2,2,2,5,5,5,5,5,5,5,5,6,6,6,6,6,6,6,6","0.000914096832275391","fast_greedy","edit-xhwikibooks.graphml"
"0.43","0.46","0.11","0.690289256198347","4,4,4,1,7,1,8,1,1,1,9,10,1,1,1,1,11,12,5,13,2,3,14,1,1,1,1,1,4,15,16,17,18,19,5,5,6,1,2,2,2,2,3,3,3,3,2,3,3,3,2,2,2,2,2,3,3,3,3,2,20,2,2,21,22,2,2,2,2,2,3,2,23,24,2,2,2,2,2,2,2,25,26,27,28,29,2,2,2,2,30,31,32,2,2,2,33,2,2,2,2,2,2,2,2,2,2,34,35,2,2,2,2,5,5,5,5,5,5,5,5,6,6,6,6,6,6,6,6","0.000921964645385742","fast_greedy","edit-xhwikibooks.graphml"
"0.42","0.47","0.11","0.690289256198347","4,4,4,1,7,1,8,1,1,1,9,10,1,1,1,1,11,12,5,13,2,3,14,1,1,1,1,1,4,15,16,17,18,19,5,5,6,1,2,2,2,2,3,3,3,3,2,3,3,3,2,2,2,2,2,3,3,3,3,2,20,2,2,21,22,2,2,2,2,2,3,2,23,24,2,2,2,2,2,2,2,25,26,27,28,29,2,2,2,2,30,31,32,2,2,2,33,2,2,2,2,2,2,2,2,2,2,34,35,2,2,2,2,5,5,5,5,5,5,5,5,6,6,6,6,6,6,6,6","0.000907182693481445","fast_greedy","edit-xhwikibooks.graphml"
"0.41","0.48","0.11","0.690289256198347","4,4,4,1,7,1,8,1,1,1,9,10,1,1,1,1,11,12,5,13,2,3,14,1,1,1,1,1,4,15,16,17,18,19,5,5,6,1,2,2,2,2,3,3,3,3,2,3,3,3,2,2,2,2,2,3,3,3,3,2,20,2,2,21,22,2,2,2,2,2,3,2,23,24,2,2,2,2,2,2,2,25,26,27,28,29,2,2,2,2,30,31,32,2,2,2,33,2,2,2,2,2,2,2,2,2,2,34,35,2,2,2,2,5,5,5,5,5,5,5,5,6,6,6,6,6,6,6,6","0.000910043716430664","fast_greedy","edit-xhwikibooks.graphml"
"0.4","0.49","0.11","0.690289256198347","4,4,4,1,7,1,8,1,1,1,9,10,1,1,1,1,11,12,5,13,2,3,14,1,1,1,1,1,4,15,16,17,18,19,5,5,6,1,2,2,2,2,3,3,3,3,2,3,3,3,2,2,2,2,2,3,3,3,3,2,20,2,2,21,22,2,2,2,2,2,3,2,23,24,2,2,2,2,2,2,2,25,26,27,28,29,2,2,2,2,30,31,32,2,2,2,33,2,2,2,2,2,2,2,2,2,2,34,35,2,2,2,2,5,5,5,5,5,5,5,5,6,6,6,6,6,6,6,6","0.000934839248657227","fast_greedy","edit-xhwikibooks.graphml"
"0.39","0.5","0.11","0.71715976331361","1,1,1,2,6,2,7,2,2,2,8,9,2,2,2,2,10,11,4,12,3,1,13,2,2,2,2,2,1,14,15,16,17,18,4,4,5,2,3,3,3,3,1,1,1,1,3,1,1,1,3,3,3,3,3,1,1,1,1,3,19,3,3,20,21,3,3,3,3,3,1,3,22,23,3,3,3,3,3,3,3,24,25,26,27,28,3,3,3,3,29,30,31,3,3,3,32,3,3,3,3,3,3,3,3,3,3,33,34,3,3,3,3,4,4,4,4,4,4,4,4,5,5,5,5,5,5,5,5","0.000967979431152344","fast_greedy","edit-xhwikibooks.graphml"
"0.38","0.51","0.11","0.71715976331361","1,1,1,2,6,2,7,2,2,2,8,9,2,2,2,2,10,11,4,12,3,1,13,2,2,2,2,2,1,14,15,16,17,18,4,4,5,2,3,3,3,3,1,1,1,1,3,1,1,1,3,3,3,3,3,1,1,1,1,3,19,3,3,20,21,3,3,3,3,3,1,3,22,23,3,3,3,3,3,3,3,24,25,26,27,28,3,3,3,3,29,30,31,3,3,3,32,3,3,3,3,3,3,3,3,3,3,33,34,3,3,3,3,4,4,4,4,4,4,4,4,5,5,5,5,5,5,5,5","0.000926017761230469","fast_greedy","edit-xhwikibooks.graphml"
"0.37","0.52","0.11","0.71715976331361","1,1,1,2,6,2,7,2,2,2,8,9,2,2,2,2,10,11,4,12,3,1,13,2,2,2,2,2,1,14,15,16,17,18,4,4,5,2,3,3,3,3,1,1,1,1,3,1,1,1,3,3,3,3,3,1,1,1,1,3,19,3,3,20,21,3,3,3,3,3,1,3,22,23,3,3,3,3,3,3,3,24,25,26,27,28,3,3,3,3,29,30,31,3,3,3,32,3,3,3,3,3,3,3,3,3,3,33,34,3,3,3,3,4,4,4,4,4,4,4,4,5,5,5,5,5,5,5,5","0.000908136367797852","fast_greedy","edit-xhwikibooks.graphml"
"0.36","0.53","0.11","0.71715976331361","1,1,1,2,6,2,7,2,2,2,8,9,2,2,2,2,10,11,4,12,3,1,13,2,2,2,2,2,1,14,15,16,17,18,4,4,5,2,3,3,3,3,1,1,1,1,3,1,1,1,3,3,3,3,3,1,1,1,1,3,19,3,3,20,21,3,3,3,3,3,1,3,22,23,3,3,3,3,3,3,3,24,25,26,27,28,3,3,3,3,29,30,31,3,3,3,32,3,3,3,3,3,3,3,3,3,3,33,34,3,3,3,3,4,4,4,4,4,4,4,4,5,5,5,5,5,5,5,5","0.000918865203857422","fast_greedy","edit-xhwikibooks.graphml"
"0.35","0.54","0.11","0.71715976331361","1,1,1,2,6,2,7,2,2,2,8,9,2,2,2,2,10,11,4,12,3,1,13,2,2,2,2,2,1,14,15,16,17,18,4,4,5,2,3,3,3,3,1,1,1,1,3,1,1,1,3,3,3,3,3,1,1,1,1,3,19,3,3,20,21,3,3,3,3,3,1,3,22,23,3,3,3,3,3,3,3,24,25,26,27,28,3,3,3,3,29,30,31,3,3,3,32,3,3,3,3,3,3,3,3,3,3,33,34,3,3,3,3,4,4,4,4,4,4,4,4,5,5,5,5,5,5,5,5","0.000960826873779297","fast_greedy","edit-xhwikibooks.graphml"
"0.34","0.55","0.11","0.71715976331361","1,1,1,2,6,2,7,2,2,2,8,9,2,2,2,2,10,11,4,12,3,1,13,2,2,2,2,2,1,14,15,16,17,18,4,4,5,2,3,3,3,3,1,1,1,1,3,1,1,1,3,3,3,3,3,1,1,1,1,3,19,3,3,20,21,3,3,3,3,3,1,3,22,23,3,3,3,3,3,3,3,24,25,26,27,28,3,3,3,3,29,30,31,3,3,3,32,3,3,3,3,3,3,3,3,3,3,33,34,3,3,3,3,4,4,4,4,4,4,4,4,5,5,5,5,5,5,5,5","0.000945091247558594","fast_greedy","edit-xhwikibooks.graphml"
"0.33","0.56","0.11","0.707791363163372","1,1,1,6,7,2,8,2,2,9,10,11,2,2,2,2,12,13,4,14,3,1,15,2,2,2,2,16,17,18,19,20,21,22,4,4,5,2,3,3,3,3,1,1,1,1,3,1,1,1,3,3,3,3,3,1,1,1,1,3,23,3,3,24,25,3,3,3,3,3,1,3,26,27,3,3,3,3,3,3,3,28,29,30,31,32,3,3,3,3,33,34,35,3,3,3,36,3,3,3,3,3,3,3,3,3,3,37,38,3,3,3,3,4,4,4,4,4,4,4,4,5,5,5,5,5,5,5,5","0.00110983848571777","fast_greedy","edit-xhwikibooks.graphml"
"0.32","0.57","0.11","0.707791363163372","1,1,1,6,7,2,8,2,2,9,10,11,2,2,2,2,12,13,4,14,3,1,15,2,2,2,2,16,17,18,19,20,21,22,4,4,5,2,3,3,3,3,1,1,1,1,3,1,1,1,3,3,3,3,3,1,1,1,1,3,23,3,3,24,25,3,3,3,3,3,1,3,26,27,3,3,3,3,3,3,3,28,29,30,31,32,3,3,3,3,33,34,35,3,3,3,36,3,3,3,3,3,3,3,3,3,3,37,38,3,3,3,3,4,4,4,4,4,4,4,4,5,5,5,5,5,5,5,5","0.000869989395141602","fast_greedy","edit-xhwikibooks.graphml"
"0.31","0.58","0.11","0.707791363163372","1,1,1,6,7,2,8,2,2,9,10,11,2,2,2,2,12,13,4,14,3,1,15,2,2,2,2,16,17,18,19,20,21,22,4,4,5,2,3,3,3,3,1,1,1,1,3,1,1,1,3,3,3,3,3,1,1,1,1,3,23,3,3,24,25,3,3,3,3,3,1,3,26,27,3,3,3,3,3,3,3,28,29,30,31,32,3,3,3,3,33,34,35,3,3,3,36,3,3,3,3,3,3,3,3,3,3,37,38,3,3,3,3,4,4,4,4,4,4,4,4,5,5,5,5,5,5,5,5","0.000896930694580078","fast_greedy","edit-xhwikibooks.graphml"
"0.3","0.59","0.11","0.707791363163372","1,1,1,6,7,2,8,2,2,9,10,11,2,2,2,2,12,13,4,14,3,1,15,2,2,2,2,16,17,18,19,20,21,22,4,4,5,2,3,3,3,3,1,1,1,1,3,1,1,1,3,3,3,3,3,1,1,1,1,3,23,3,3,24,25,3,3,3,3,3,1,3,26,27,3,3,3,3,3,3,3,28,29,30,31,32,3,3,3,3,33,34,35,3,3,3,36,3,3,3,3,3,3,3,3,3,3,37,38,3,3,3,3,4,4,4,4,4,4,4,4,5,5,5,5,5,5,5,5","0.000901937484741211","fast_greedy","edit-xhwikibooks.graphml"
"0.29","0.6","0.11","0.707791363163372","1,1,1,6,7,2,8,2,2,9,10,11,2,2,2,2,12,13,4,14,3,1,15,2,2,2,2,16,17,18,19,20,21,22,4,4,5,2,3,3,3,3,1,1,1,1,3,1,1,1,3,3,3,3,3,1,1,1,1,3,23,3,3,24,25,3,3,3,3,3,1,3,26,27,3,3,3,3,3,3,3,28,29,30,31,32,3,3,3,3,33,34,35,3,3,3,36,3,3,3,3,3,3,3,3,3,3,37,38,3,3,3,3,4,4,4,4,4,4,4,4,5,5,5,5,5,5,5,5","0.000909090042114258","fast_greedy","edit-xhwikibooks.graphml"
"0.28","0.61","0.11","0.707791363163372","1,1,1,6,7,2,8,2,2,9,10,11,2,2,2,2,12,13,4,14,3,1,15,2,2,2,2,16,17,18,19,20,21,22,4,4,5,2,3,3,3,3,1,1,1,1,3,1,1,1,3,3,3,3,3,1,1,1,1,3,23,3,3,24,25,3,3,3,3,3,1,3,26,27,3,3,3,3,3,3,3,28,29,30,31,32,3,3,3,3,33,34,35,3,3,3,36,3,3,3,3,3,3,3,3,3,3,37,38,3,3,3,3,4,4,4,4,4,4,4,4,5,5,5,5,5,5,5,5","0.000898122787475586","fast_greedy","edit-xhwikibooks.graphml"
"0.27","0.62","0.11","0.707791363163372","1,1,1,6,7,2,8,2,2,9,10,11,2,2,2,2,12,13,4,14,3,1,15,2,2,2,2,16,17,18,19,20,21,22,4,4,5,2,3,3,3,3,1,1,1,1,3,1,1,1,3,3,3,3,3,1,1,1,1,3,23,3,3,24,25,3,3,3,3,3,1,3,26,27,3,3,3,3,3,3,3,28,29,30,31,32,3,3,3,3,33,34,35,3,3,3,36,3,3,3,3,3,3,3,3,3,3,37,38,3,3,3,3,4,4,4,4,4,4,4,4,5,5,5,5,5,5,5,5","0.000950098037719727","fast_greedy","edit-xhwikibooks.graphml"
"0.26","0.63","0.11","0.707791363163372","1,1,1,6,7,2,8,2,2,9,10,11,2,2,2,2,12,13,4,14,3,1,15,2,2,2,2,16,17,18,19,20,21,22,4,4,5,2,3,3,3,3,1,1,1,1,3,1,1,1,3,3,3,3,3,1,1,1,1,3,23,3,3,24,25,3,3,3,3,3,1,3,26,27,3,3,3,3,3,3,3,28,29,30,31,32,3,3,3,3,33,34,35,3,3,3,36,3,3,3,3,3,3,3,3,3,3,37,38,3,3,3,3,4,4,4,4,4,4,4,4,5,5,5,5,5,5,5,5","0.000957965850830078","fast_greedy","edit-xhwikibooks.graphml"
"0.25","0.64","0.11","0.707791363163372","1,1,1,6,7,2,8,2,2,9,10,11,2,2,2,2,12,13,4,14,3,1,15,2,2,2,2,16,17,18,19,20,21,22,4,4,5,2,3,3,3,3,1,1,1,1,3,1,1,1,3,3,3,3,3,1,1,1,1,3,23,3,3,24,25,3,3,3,3,3,1,3,26,27,3,3,3,3,3,3,3,28,29,30,31,32,3,3,3,3,33,34,35,3,3,3,36,3,3,3,3,3,3,3,3,3,3,37,38,3,3,3,3,4,4,4,4,4,4,4,4,5,5,5,5,5,5,5,5","0.000921964645385742","fast_greedy","edit-xhwikibooks.graphml"
"0.24","0.65","0.11","0.707791363163372","1,1,1,6,7,2,8,2,2,9,10,11,2,2,2,2,12,13,4,14,3,1,15,2,2,2,2,16,17,18,19,20,21,22,4,4,5,2,3,3,3,3,1,1,1,1,3,1,1,1,3,3,3,3,3,1,1,1,1,3,23,3,3,24,25,3,3,3,3,3,1,3,26,27,3,3,3,3,3,3,3,28,29,30,31,32,3,3,3,3,33,34,35,3,3,3,36,3,3,3,3,3,3,3,3,3,3,37,38,3,3,3,3,4,4,4,4,4,4,4,4,5,5,5,5,5,5,5,5","0.000919103622436523","fast_greedy","edit-xhwikibooks.graphml"
"0.23","0.66","0.11","0.707791363163372","1,1,1,6,7,2,8,2,2,9,10,11,2,2,2,2,12,13,4,14,3,1,15,2,2,2,2,16,17,18,19,20,21,22,4,4,5,2,3,3,3,3,1,1,1,1,3,1,1,1,3,3,3,3,3,1,1,1,1,3,23,3,3,24,25,3,3,3,3,3,1,3,26,27,3,3,3,3,3,3,3,28,29,30,31,32,3,3,3,3,33,34,35,3,3,3,36,3,3,3,3,3,3,3,3,3,3,37,38,3,3,3,3,4,4,4,4,4,4,4,4,5,5,5,5,5,5,5,5","0.000939846038818359","fast_greedy","edit-xhwikibooks.graphml"
"0.22","0.67","0.11","0.701728024042074","1,1,1,6,7,4,8,4,4,9,10,11,4,4,4,12,13,14,3,15,2,1,16,4,4,4,4,17,18,19,20,21,22,23,3,3,5,24,2,2,2,2,1,1,1,1,2,1,1,1,2,2,2,2,2,1,1,1,1,2,25,2,2,26,27,2,2,2,2,2,1,2,28,29,2,2,2,2,2,2,2,30,31,32,33,34,2,2,2,2,35,36,37,2,2,2,38,2,2,2,2,2,2,2,2,2,2,39,40,2,2,2,2,3,3,3,3,3,3,3,3,5,5,5,5,5,5,5,5","0.000998020172119141","fast_greedy","edit-xhwikibooks.graphml"
"0.21","0.68","0.11","0.701728024042074","1,1,1,6,7,4,8,4,4,9,10,11,4,4,4,12,13,14,3,15,2,1,16,4,4,4,4,17,18,19,20,21,22,23,3,3,5,24,2,2,2,2,1,1,1,1,2,1,1,1,2,2,2,2,2,1,1,1,1,2,25,2,2,26,27,2,2,2,2,2,1,2,28,29,2,2,2,2,2,2,2,30,31,32,33,34,2,2,2,2,35,36,37,2,2,2,38,2,2,2,2,2,2,2,2,2,2,39,40,2,2,2,2,3,3,3,3,3,3,3,3,5,5,5,5,5,5,5,5","0.000895977020263672","fast_greedy","edit-xhwikibooks.graphml"
"0.2","0.69","0.11","0.701728024042074","1,1,1,6,7,4,8,4,4,9,10,11,4,4,4,12,13,14,3,15,2,1,16,4,4,4,4,17,18,19,20,21,22,23,3,3,5,24,2,2,2,2,1,1,1,1,2,1,1,1,2,2,2,2,2,1,1,1,1,2,25,2,2,26,27,2,2,2,2,2,1,2,28,29,2,2,2,2,2,2,2,30,31,32,33,34,2,2,2,2,35,36,37,2,2,2,38,2,2,2,2,2,2,2,2,2,2,39,40,2,2,2,2,3,3,3,3,3,3,3,3,5,5,5,5,5,5,5,5","0.00111198425292969","fast_greedy","edit-xhwikibooks.graphml"
"0.19","0.7","0.11","0.701728024042074","1,1,1,6,7,4,8,4,4,9,10,11,4,4,4,12,13,14,3,15,2,1,16,4,4,4,4,17,18,19,20,21,22,23,3,3,5,24,2,2,2,2,1,1,1,1,2,1,1,1,2,2,2,2,2,1,1,1,1,2,25,2,2,26,27,2,2,2,2,2,1,2,28,29,2,2,2,2,2,2,2,30,31,32,33,34,2,2,2,2,35,36,37,2,2,2,38,2,2,2,2,2,2,2,2,2,2,39,40,2,2,2,2,3,3,3,3,3,3,3,3,5,5,5,5,5,5,5,5","0.000906944274902344","fast_greedy","edit-xhwikibooks.graphml"
"0.18","0.71","0.11","0.701728024042074","1,1,1,6,7,4,8,4,4,9,10,11,4,4,4,12,13,14,3,15,2,1,16,4,4,4,4,17,18,19,20,21,22,23,3,3,5,24,2,2,2,2,1,1,1,1,2,1,1,1,2,2,2,2,2,1,1,1,1,2,25,2,2,26,27,2,2,2,2,2,1,2,28,29,2,2,2,2,2,2,2,30,31,32,33,34,2,2,2,2,35,36,37,2,2,2,38,2,2,2,2,2,2,2,2,2,2,39,40,2,2,2,2,3,3,3,3,3,3,3,3,5,5,5,5,5,5,5,5","0.000921010971069336","fast_greedy","edit-xhwikibooks.graphml"
"0.17","0.72","0.11","0.701728024042074","1,1,1,6,7,4,8,4,4,9,10,11,4,4,4,12,13,14,3,15,2,1,16,4,4,4,4,17,18,19,20,21,22,23,3,3,5,24,2,2,2,2,1,1,1,1,2,1,1,1,2,2,2,2,2,1,1,1,1,2,25,2,2,26,27,2,2,2,2,2,1,2,28,29,2,2,2,2,2,2,2,30,31,32,33,34,2,2,2,2,35,36,37,2,2,2,38,2,2,2,2,2,2,2,2,2,2,39,40,2,2,2,2,3,3,3,3,3,3,3,3,5,5,5,5,5,5,5,5","0.000908851623535156","fast_greedy","edit-xhwikibooks.graphml"
"0.16","0.73","0.11","0.701728024042074","1,1,1,6,7,4,8,4,4,9,10,11,4,4,4,12,13,14,3,15,2,1,16,4,4,4,4,17,18,19,20,21,22,23,3,3,5,24,2,2,2,2,1,1,1,1,2,1,1,1,2,2,2,2,2,1,1,1,1,2,25,2,2,26,27,2,2,2,2,2,1,2,28,29,2,2,2,2,2,2,2,30,31,32,33,34,2,2,2,2,35,36,37,2,2,2,38,2,2,2,2,2,2,2,2,2,2,39,40,2,2,2,2,3,3,3,3,3,3,3,3,5,5,5,5,5,5,5,5","0.000930070877075195","fast_greedy","edit-xhwikibooks.graphml"
"0.15","0.74","0.11","0.701728024042074","1,1,1,6,7,4,8,4,4,9,10,11,4,4,4,12,13,14,3,15,2,1,16,4,4,4,4,17,18,19,20,21,22,23,3,3,5,24,2,2,2,2,1,1,1,1,2,1,1,1,2,2,2,2,2,1,1,1,1,2,25,2,2,26,27,2,2,2,2,2,1,2,28,29,2,2,2,2,2,2,2,30,31,32,33,34,2,2,2,2,35,36,37,2,2,2,38,2,2,2,2,2,2,2,2,2,2,39,40,2,2,2,2,3,3,3,3,3,3,3,3,5,5,5,5,5,5,5,5","0.00094294548034668","fast_greedy","edit-xhwikibooks.graphml"
"0.14","0.75","0.11","0.701728024042074","1,1,1,6,7,4,8,4,4,9,10,11,4,4,4,12,13,14,3,15,2,1,16,4,4,4,4,17,18,19,20,21,22,23,3,3,5,24,2,2,2,2,1,1,1,1,2,1,1,1,2,2,2,2,2,1,1,1,1,2,25,2,2,26,27,2,2,2,2,2,1,2,28,29,2,2,2,2,2,2,2,30,31,32,33,34,2,2,2,2,35,36,37,2,2,2,38,2,2,2,2,2,2,2,2,2,2,39,40,2,2,2,2,3,3,3,3,3,3,3,3,5,5,5,5,5,5,5,5","0.000961065292358398","fast_greedy","edit-xhwikibooks.graphml"
"0.13","0.76","0.11","0.701728024042074","1,1,1,6,7,4,8,4,4,9,10,11,4,4,4,12,13,14,3,15,2,1,16,4,4,4,4,17,18,19,20,21,22,23,3,3,5,24,2,2,2,2,1,1,1,1,2,1,1,1,2,2,2,2,2,1,1,1,1,2,25,2,2,26,27,2,2,2,2,2,1,2,28,29,2,2,2,2,2,2,2,30,31,32,33,34,2,2,2,2,35,36,37,2,2,2,38,2,2,2,2,2,2,2,2,2,2,39,40,2,2,2,2,3,3,3,3,3,3,3,3,5,5,5,5,5,5,5,5","0.000977993011474609","fast_greedy","edit-xhwikibooks.graphml"
"0.12","0.77","0.11","0.701728024042074","1,1,1,6,7,4,8,4,4,9,10,11,4,4,4,12,13,14,3,15,2,1,16,4,4,4,4,17,18,19,20,21,22,23,3,3,5,24,2,2,2,2,1,1,1,1,2,1,1,1,2,2,2,2,2,1,1,1,1,2,25,2,2,26,27,2,2,2,2,2,1,2,28,29,2,2,2,2,2,2,2,30,31,32,33,34,2,2,2,2,35,36,37,2,2,2,38,2,2,2,2,2,2,2,2,2,2,39,40,2,2,2,2,3,3,3,3,3,3,3,3,5,5,5,5,5,5,5,5","0.000917911529541016","fast_greedy","edit-xhwikibooks.graphml"
"0.11","0.78","0.11","0.699905033238366","1,1,1,6,7,8,9,3,10,11,12,13,3,3,3,14,15,16,4,17,2,1,18,3,3,3,3,19,20,21,22,23,24,25,4,4,5,26,2,2,2,2,1,1,1,1,2,1,1,1,2,2,2,2,2,1,1,1,1,2,27,2,2,28,29,2,2,2,2,2,1,2,30,31,2,2,2,2,2,2,2,32,33,34,35,36,2,2,2,2,37,38,39,2,2,2,40,2,2,2,2,2,2,2,2,2,2,41,42,2,2,2,2,4,4,4,4,4,4,4,4,5,5,5,5,5,5,5,5","0.000915050506591797","fast_greedy","edit-xhwikibooks.graphml"
"0.1","0.79","0.11","0.699905033238366","1,1,1,6,7,8,9,3,10,11,12,13,3,3,3,14,15,16,4,17,2,1,18,3,3,3,3,19,20,21,22,23,24,25,4,4,5,26,2,2,2,2,1,1,1,1,2,1,1,1,2,2,2,2,2,1,1,1,1,2,27,2,2,28,29,2,2,2,2,2,1,2,30,31,2,2,2,2,2,2,2,32,33,34,35,36,2,2,2,2,37,38,39,2,2,2,40,2,2,2,2,2,2,2,2,2,2,41,42,2,2,2,2,4,4,4,4,4,4,4,4,5,5,5,5,5,5,5,5","0.00102710723876953","fast_greedy","edit-xhwikibooks.graphml"
"0.09","0.8","0.11","0.699905033238366","1,1,1,6,7,8,9,3,10,11,12,13,3,3,3,14,15,16,4,17,2,1,18,3,3,3,3,19,20,21,22,23,24,25,4,4,5,26,2,2,2,2,1,1,1,1,2,1,1,1,2,2,2,2,2,1,1,1,1,2,27,2,2,28,29,2,2,2,2,2,1,2,30,31,2,2,2,2,2,2,2,32,33,34,35,36,2,2,2,2,37,38,39,2,2,2,40,2,2,2,2,2,2,2,2,2,2,41,42,2,2,2,2,4,4,4,4,4,4,4,4,5,5,5,5,5,5,5,5","0.000916957855224609","fast_greedy","edit-xhwikibooks.graphml"
"0.08","0.81","0.11","0.699905033238366","1,1,1,6,7,8,9,3,10,11,12,13,3,3,3,14,15,16,4,17,2,1,18,3,3,3,3,19,20,21,22,23,24,25,4,4,5,26,2,2,2,2,1,1,1,1,2,1,1,1,2,2,2,2,2,1,1,1,1,2,27,2,2,28,29,2,2,2,2,2,1,2,30,31,2,2,2,2,2,2,2,32,33,34,35,36,2,2,2,2,37,38,39,2,2,2,40,2,2,2,2,2,2,2,2,2,2,41,42,2,2,2,2,4,4,4,4,4,4,4,4,5,5,5,5,5,5,5,5","0.00090789794921875","fast_greedy","edit-xhwikibooks.graphml"
"0.07","0.82","0.11","0.699905033238366","1,1,1,6,7,8,9,3,10,11,12,13,3,3,3,14,15,16,4,17,2,1,18,3,3,3,3,19,20,21,22,23,24,25,4,4,5,26,2,2,2,2,1,1,1,1,2,1,1,1,2,2,2,2,2,1,1,1,1,2,27,2,2,28,29,2,2,2,2,2,1,2,30,31,2,2,2,2,2,2,2,32,33,34,35,36,2,2,2,2,37,38,39,2,2,2,40,2,2,2,2,2,2,2,2,2,2,41,42,2,2,2,2,4,4,4,4,4,4,4,4,5,5,5,5,5,5,5,5","0.00136804580688477","fast_greedy","edit-xhwikibooks.graphml"
"0.06","0.83","0.11","0.699905033238366","1,1,1,6,7,8,9,3,10,11,12,13,3,3,3,14,15,16,4,17,2,1,18,3,3,3,3,19,20,21,22,23,24,25,4,4,5,26,2,2,2,2,1,1,1,1,2,1,1,1,2,2,2,2,2,1,1,1,1,2,27,2,2,28,29,2,2,2,2,2,1,2,30,31,2,2,2,2,2,2,2,32,33,34,35,36,2,2,2,2,37,38,39,2,2,2,40,2,2,2,2,2,2,2,2,2,2,41,42,2,2,2,2,4,4,4,4,4,4,4,4,5,5,5,5,5,5,5,5","0.00132107734680176","fast_greedy","edit-xhwikibooks.graphml"
"0.05","0.84","0.11","0.699905033238366","1,1,1,6,7,8,9,3,10,11,12,13,3,3,3,14,15,16,4,17,2,1,18,3,3,3,3,19,20,21,22,23,24,25,4,4,5,26,2,2,2,2,1,1,1,1,2,1,1,1,2,2,2,2,2,1,1,1,1,2,27,2,2,28,29,2,2,2,2,2,1,2,30,31,2,2,2,2,2,2,2,32,33,34,35,36,2,2,2,2,37,38,39,2,2,2,40,2,2,2,2,2,2,2,2,2,2,41,42,2,2,2,2,4,4,4,4,4,4,4,4,5,5,5,5,5,5,5,5","0.00100088119506836","fast_greedy","edit-xhwikibooks.graphml"
"0.04","0.85","0.11","0.699905033238366","1,1,1,6,7,8,9,3,10,11,12,13,3,3,3,14,15,16,4,17,2,1,18,3,3,3,3,19,20,21,22,23,24,25,4,4,5,26,2,2,2,2,1,1,1,1,2,1,1,1,2,2,2,2,2,1,1,1,1,2,27,2,2,28,29,2,2,2,2,2,1,2,30,31,2,2,2,2,2,2,2,32,33,34,35,36,2,2,2,2,37,38,39,2,2,2,40,2,2,2,2,2,2,2,2,2,2,41,42,2,2,2,2,4,4,4,4,4,4,4,4,5,5,5,5,5,5,5,5","0.000894069671630859","fast_greedy","edit-xhwikibooks.graphml"
"0.03","0.86","0.11","0.699905033238366","1,1,1,6,7,8,9,3,10,11,12,13,3,3,3,14,15,16,4,17,2,1,18,3,3,3,3,19,20,21,22,23,24,25,4,4,5,26,2,2,2,2,1,1,1,1,2,1,1,1,2,2,2,2,2,1,1,1,1,2,27,2,2,28,29,2,2,2,2,2,1,2,30,31,2,2,2,2,2,2,2,32,33,34,35,36,2,2,2,2,37,38,39,2,2,2,40,2,2,2,2,2,2,2,2,2,2,41,42,2,2,2,2,4,4,4,4,4,4,4,4,5,5,5,5,5,5,5,5","0.000907182693481445","fast_greedy","edit-xhwikibooks.graphml"
"0.02","0.87","0.11","0.699905033238366","1,1,1,6,7,8,9,3,10,11,12,13,3,3,3,14,15,16,4,17,2,1,18,3,3,3,3,19,20,21,22,23,24,25,4,4,5,26,2,2,2,2,1,1,1,1,2,1,1,1,2,2,2,2,2,1,1,1,1,2,27,2,2,28,29,2,2,2,2,2,1,2,30,31,2,2,2,2,2,2,2,32,33,34,35,36,2,2,2,2,37,38,39,2,2,2,40,2,2,2,2,2,2,2,2,2,2,41,42,2,2,2,2,4,4,4,4,4,4,4,4,5,5,5,5,5,5,5,5","0.000900983810424805","fast_greedy","edit-xhwikibooks.graphml"
"0.01","0.88","0.11","0.699905033238366","1,1,1,6,7,8,9,3,10,11,12,13,3,3,3,14,15,16,4,17,2,1,18,3,3,3,3,19,20,21,22,23,24,25,4,4,5,26,2,2,2,2,1,1,1,1,2,1,1,1,2,2,2,2,2,1,1,1,1,2,27,2,2,28,29,2,2,2,2,2,1,2,30,31,2,2,2,2,2,2,2,32,33,34,35,36,2,2,2,2,37,38,39,2,2,2,40,2,2,2,2,2,2,2,2,2,2,41,42,2,2,2,2,4,4,4,4,4,4,4,4,5,5,5,5,5,5,5,5","0.000916004180908203","fast_greedy","edit-xhwikibooks.graphml"
"0","0.89","0.11","0.663460758055353","1,1,1,1,1,5,6,1,7,8,9,10,4,4,4,11,12,13,3,14,2,1,15,1,4,4,4,16,1,17,18,19,20,21,3,3,4,22,2,2,2,2,1,1,1,1,2,1,1,1,2,2,2,2,2,1,1,1,1,2,23,2,2,24,25,2,2,2,2,2,1,2,26,27,2,2,2,2,2,2,2,28,29,30,31,32,2,2,2,2,33,34,35,2,2,2,36,2,2,2,2,2,2,2,2,2,2,37,38,2,2,2,2,3,39,40,3,3,3,3,3,41,42,43,44,45,46,47,48","0.000925064086914062","fast_greedy","edit-xhwikibooks.graphml"
"0.88","0","0.12","0.738928571428572","1,1,1,1,1,2,1,5,2,2,4,1,5,5,5,2,2,4,4,1,3,6,5,5,5,5,5,2,1,2,4,4,1,1,7,7,8,5,3,3,3,3,6,6,6,6,3,6,6,6,3,3,3,3,3,6,6,6,6,3,5,3,3,5,5,3,3,3,3,3,6,3,5,5,3,3,3,3,3,3,3,5,2,2,2,1,3,3,3,3,2,4,4,3,3,3,2,3,3,3,3,3,3,3,3,3,3,1,1,1,3,3,3,7,7,7,7,7,7,7,7,8,8,8,8,8,8,8,8","0.000980854034423828","fast_greedy","edit-xhwikibooks.graphml"
"0.87","0.01","0.12","0.738928571428572","1,1,1,1,1,2,1,5,2,2,4,1,5,5,5,2,2,4,4,1,3,6,5,5,5,5,5,2,1,2,4,4,1,1,7,7,8,5,3,3,3,3,6,6,6,6,3,6,6,6,3,3,3,3,3,6,6,6,6,3,5,3,3,5,5,3,3,3,3,3,6,3,5,5,3,3,3,3,3,3,3,5,2,2,2,1,3,3,3,3,2,4,4,3,3,3,2,3,3,3,3,3,3,3,3,3,3,1,1,1,3,3,3,7,7,7,7,7,7,7,7,8,8,8,8,8,8,8,8","0.000923871994018555","fast_greedy","edit-xhwikibooks.graphml"
"0.86","0.02","0.12","0.738928571428572","1,1,1,1,1,2,1,5,2,2,4,1,5,5,5,2,2,4,4,1,3,6,5,5,5,5,5,2,1,2,4,4,1,1,7,7,8,5,3,3,3,3,6,6,6,6,3,6,6,6,3,3,3,3,3,6,6,6,6,3,5,3,3,5,5,3,3,3,3,3,6,3,5,5,3,3,3,3,3,3,3,5,2,2,2,1,3,3,3,3,2,4,4,3,3,3,2,3,3,3,3,3,3,3,3,3,3,1,1,1,3,3,3,7,7,7,7,7,7,7,7,8,8,8,8,8,8,8,8","0.000929117202758789","fast_greedy","edit-xhwikibooks.graphml"
"0.85","0.03","0.12","0.738928571428572","1,1,1,1,1,2,1,5,2,2,4,1,5,5,5,2,2,4,4,1,3,6,5,5,5,5,5,2,1,2,4,4,1,1,7,7,8,5,3,3,3,3,6,6,6,6,3,6,6,6,3,3,3,3,3,6,6,6,6,3,5,3,3,5,5,3,3,3,3,3,6,3,5,5,3,3,3,3,3,3,3,5,2,2,2,1,3,3,3,3,2,4,4,3,3,3,2,3,3,3,3,3,3,3,3,3,3,1,1,1,3,3,3,7,7,7,7,7,7,7,7,8,8,8,8,8,8,8,8","0.000925779342651367","fast_greedy","edit-xhwikibooks.graphml"
"0.84","0.04","0.12","0.738928571428572","1,1,1,1,1,2,1,5,2,2,4,1,5,5,5,2,2,4,4,1,3,6,5,5,5,5,5,2,1,2,4,4,1,1,7,7,8,5,3,3,3,3,6,6,6,6,3,6,6,6,3,3,3,3,3,6,6,6,6,3,5,3,3,5,5,3,3,3,3,3,6,3,5,5,3,3,3,3,3,3,3,5,2,2,2,1,3,3,3,3,2,4,4,3,3,3,2,3,3,3,3,3,3,3,3,3,3,1,1,1,3,3,3,7,7,7,7,7,7,7,7,8,8,8,8,8,8,8,8","0.00120711326599121","fast_greedy","edit-xhwikibooks.graphml"
"0.83","0.05","0.12","0.738928571428572","1,1,1,1,1,2,1,5,2,2,4,1,5,5,5,2,2,4,4,1,3,6,5,5,5,5,5,2,1,2,4,4,1,1,7,7,8,5,3,3,3,3,6,6,6,6,3,6,6,6,3,3,3,3,3,6,6,6,6,3,5,3,3,5,5,3,3,3,3,3,6,3,5,5,3,3,3,3,3,3,3,5,2,2,2,1,3,3,3,3,2,4,4,3,3,3,2,3,3,3,3,3,3,3,3,3,3,1,1,1,3,3,3,7,7,7,7,7,7,7,7,8,8,8,8,8,8,8,8","0.000927925109863281","fast_greedy","edit-xhwikibooks.graphml"
"0.82","0.06","0.12","0.738928571428572","1,1,1,1,1,2,1,5,2,2,4,1,5,5,5,2,2,4,4,1,3,6,5,5,5,5,5,2,1,2,4,4,1,1,7,7,8,5,3,3,3,3,6,6,6,6,3,6,6,6,3,3,3,3,3,6,6,6,6,3,5,3,3,5,5,3,3,3,3,3,6,3,5,5,3,3,3,3,3,3,3,5,2,2,2,1,3,3,3,3,2,4,4,3,3,3,2,3,3,3,3,3,3,3,3,3,3,1,1,1,3,3,3,7,7,7,7,7,7,7,7,8,8,8,8,8,8,8,8","0.000940084457397461","fast_greedy","edit-xhwikibooks.graphml"
"0.81","0.07","0.12","0.738928571428572","1,1,1,1,1,2,1,5,2,2,4,1,5,5,5,2,2,4,4,1,3,6,5,5,5,5,5,2,1,2,4,4,1,1,7,7,8,5,3,3,3,3,6,6,6,6,3,6,6,6,3,3,3,3,3,6,6,6,6,3,5,3,3,5,5,3,3,3,3,3,6,3,5,5,3,3,3,3,3,3,3,5,2,2,2,1,3,3,3,3,2,4,4,3,3,3,2,3,3,3,3,3,3,3,3,3,3,1,1,1,3,3,3,7,7,7,7,7,7,7,7,8,8,8,8,8,8,8,8","0.000938892364501953","fast_greedy","edit-xhwikibooks.graphml"
"0.8","0.08","0.12","0.738928571428572","1,1,1,1,1,2,1,5,2,2,4,1,5,5,5,2,2,4,4,1,3,6,5,5,5,5,5,2,1,2,4,4,1,1,7,7,8,5,3,3,3,3,6,6,6,6,3,6,6,6,3,3,3,3,3,6,6,6,6,3,5,3,3,5,5,3,3,3,3,3,6,3,5,5,3,3,3,3,3,3,3,5,2,2,2,1,3,3,3,3,2,4,4,3,3,3,2,3,3,3,3,3,3,3,3,3,3,1,1,1,3,3,3,7,7,7,7,7,7,7,7,8,8,8,8,8,8,8,8","0.000957012176513672","fast_greedy","edit-xhwikibooks.graphml"
"0.79","0.09","0.12","0.738928571428572","1,1,1,1,1,2,1,5,2,2,4,1,5,5,5,2,2,4,4,1,3,6,5,5,5,5,5,2,1,2,4,4,1,1,7,7,8,5,3,3,3,3,6,6,6,6,3,6,6,6,3,3,3,3,3,6,6,6,6,3,5,3,3,5,5,3,3,3,3,3,6,3,5,5,3,3,3,3,3,3,3,5,2,2,2,1,3,3,3,3,2,4,4,3,3,3,2,3,3,3,3,3,3,3,3,3,3,1,1,1,3,3,3,7,7,7,7,7,7,7,7,8,8,8,8,8,8,8,8","0.000956058502197266","fast_greedy","edit-xhwikibooks.graphml"
"0.78","0.1","0.12","0.738928571428572","1,1,1,1,1,2,1,5,2,2,4,1,5,5,5,2,2,4,4,1,3,6,5,5,5,5,5,2,1,2,4,4,1,1,7,7,8,5,3,3,3,3,6,6,6,6,3,6,6,6,3,3,3,3,3,6,6,6,6,3,5,3,3,5,5,3,3,3,3,3,6,3,5,5,3,3,3,3,3,3,3,5,2,2,2,1,3,3,3,3,2,4,4,3,3,3,2,3,3,3,3,3,3,3,3,3,3,1,1,1,3,3,3,7,7,7,7,7,7,7,7,8,8,8,8,8,8,8,8","0.000946998596191406","fast_greedy","edit-xhwikibooks.graphml"
"0.77","0.11","0.12","0.738928571428572","1,1,1,1,1,2,1,5,2,2,4,1,5,5,5,2,2,4,4,1,3,6,5,5,5,5,5,2,1,2,4,4,1,1,7,7,8,5,3,3,3,3,6,6,6,6,3,6,6,6,3,3,3,3,3,6,6,6,6,3,5,3,3,5,5,3,3,3,3,3,6,3,5,5,3,3,3,3,3,3,3,5,2,2,2,1,3,3,3,3,2,4,4,3,3,3,2,3,3,3,3,3,3,3,3,3,3,1,1,1,3,3,3,7,7,7,7,7,7,7,7,8,8,8,8,8,8,8,8","0.000958919525146484","fast_greedy","edit-xhwikibooks.graphml"
"0.76","0.12","0.12","0.738928571428572","1,1,1,1,1,2,1,5,2,2,4,1,5,5,5,2,2,4,4,1,3,6,5,5,5,5,5,2,1,2,4,4,1,1,7,7,8,5,3,3,3,3,6,6,6,6,3,6,6,6,3,3,3,3,3,6,6,6,6,3,5,3,3,5,5,3,3,3,3,3,6,3,5,5,3,3,3,3,3,3,3,5,2,2,2,1,3,3,3,3,2,4,4,3,3,3,2,3,3,3,3,3,3,3,3,3,3,1,1,1,3,3,3,7,7,7,7,7,7,7,7,8,8,8,8,8,8,8,8","0.000941991806030273","fast_greedy","edit-xhwikibooks.graphml"
"0.75","0.13","0.12","0.729053497942387","2,2,2,2,2,1,2,1,1,1,2,4,1,1,1,5,1,2,2,4,3,6,1,1,1,1,1,5,2,1,2,2,4,4,7,7,8,1,3,3,3,3,6,6,6,6,3,6,6,6,3,3,3,3,3,6,6,6,6,3,9,3,3,1,1,3,3,3,3,3,6,3,1,1,3,3,3,3,3,3,3,1,5,5,5,10,3,3,3,3,11,12,13,3,3,3,5,3,3,3,3,3,3,3,3,3,3,4,4,4,3,3,3,7,7,7,7,7,7,7,7,8,8,8,8,8,8,8,8","0.000936985015869141","fast_greedy","edit-xhwikibooks.graphml"
"0.74","0.14","0.12","0.729053497942387","2,2,2,2,2,1,2,1,1,1,2,4,1,1,1,5,1,2,2,4,3,6,1,1,1,1,1,5,2,1,2,2,4,4,7,7,8,1,3,3,3,3,6,6,6,6,3,6,6,6,3,3,3,3,3,6,6,6,6,3,9,3,3,1,1,3,3,3,3,3,6,3,1,1,3,3,3,3,3,3,3,1,5,5,5,10,3,3,3,3,11,12,13,3,3,3,5,3,3,3,3,3,3,3,3,3,3,4,4,4,3,3,3,7,7,7,7,7,7,7,7,8,8,8,8,8,8,8,8","0.000968217849731445","fast_greedy","edit-xhwikibooks.graphml"
"0.73","0.15","0.12","0.729053497942387","2,2,2,2,2,1,2,1,1,1,2,4,1,1,1,5,1,2,2,4,3,6,1,1,1,1,1,5,2,1,2,2,4,4,7,7,8,1,3,3,3,3,6,6,6,6,3,6,6,6,3,3,3,3,3,6,6,6,6,3,9,3,3,1,1,3,3,3,3,3,6,3,1,1,3,3,3,3,3,3,3,1,5,5,5,10,3,3,3,3,11,12,13,3,3,3,5,3,3,3,3,3,3,3,3,3,3,4,4,4,3,3,3,7,7,7,7,7,7,7,7,8,8,8,8,8,8,8,8","0.000957965850830078","fast_greedy","edit-xhwikibooks.graphml"
"0.72","0.16","0.12","0.729053497942387","2,2,2,2,2,1,2,1,1,1,2,4,1,1,1,5,1,2,2,4,3,6,1,1,1,1,1,5,2,1,2,2,4,4,7,7,8,1,3,3,3,3,6,6,6,6,3,6,6,6,3,3,3,3,3,6,6,6,6,3,9,3,3,1,1,3,3,3,3,3,6,3,1,1,3,3,3,3,3,3,3,1,5,5,5,10,3,3,3,3,11,12,13,3,3,3,5,3,3,3,3,3,3,3,3,3,3,4,4,4,3,3,3,7,7,7,7,7,7,7,7,8,8,8,8,8,8,8,8","0.000957012176513672","fast_greedy","edit-xhwikibooks.graphml"
"0.71","0.17","0.12","0.732536764705882","1,1,1,1,1,2,1,4,2,2,1,5,4,4,4,2,2,1,1,5,3,6,4,4,4,4,4,2,1,2,1,1,5,5,8,8,7,4,3,3,3,3,6,6,6,6,3,6,6,6,3,3,3,3,3,6,6,6,6,3,9,3,3,4,4,3,3,3,3,3,6,3,4,4,3,3,3,3,3,3,3,4,2,2,2,10,3,3,3,3,11,12,13,3,3,3,2,3,3,3,3,3,3,3,3,3,3,5,5,5,3,3,3,8,8,8,8,8,8,8,8,7,7,7,7,7,7,7,7","0.00102686882019043","fast_greedy","edit-xhwikibooks.graphml"
"0.7","0.18","0.12","0.732536764705882","1,1,1,1,1,2,1,4,2,2,1,5,4,4,4,2,2,1,1,5,3,6,4,4,4,4,4,2,1,2,1,1,5,5,8,8,7,4,3,3,3,3,6,6,6,6,3,6,6,6,3,3,3,3,3,6,6,6,6,3,9,3,3,4,4,3,3,3,3,3,6,3,4,4,3,3,3,3,3,3,3,4,2,2,2,10,3,3,3,3,11,12,13,3,3,3,2,3,3,3,3,3,3,3,3,3,3,5,5,5,3,3,3,8,8,8,8,8,8,8,8,7,7,7,7,7,7,7,7","0.000956058502197266","fast_greedy","edit-xhwikibooks.graphml"
"0.69","0.19","0.12","0.732536764705882","1,1,1,1,1,2,1,4,2,2,1,5,4,4,4,2,2,1,1,5,3,6,4,4,4,4,4,2,1,2,1,1,5,5,8,8,7,4,3,3,3,3,6,6,6,6,3,6,6,6,3,3,3,3,3,6,6,6,6,3,9,3,3,4,4,3,3,3,3,3,6,3,4,4,3,3,3,3,3,3,3,4,2,2,2,10,3,3,3,3,11,12,13,3,3,3,2,3,3,3,3,3,3,3,3,3,3,5,5,5,3,3,3,8,8,8,8,8,8,8,8,7,7,7,7,7,7,7,7","0.00094294548034668","fast_greedy","edit-xhwikibooks.graphml"
"0.68","0.2","0.12","0.732536764705882","1,1,1,1,1,2,1,4,2,2,1,5,4,4,4,2,2,1,1,5,3,6,4,4,4,4,4,2,1,2,1,1,5,5,8,8,7,4,3,3,3,3,6,6,6,6,3,6,6,6,3,3,3,3,3,6,6,6,6,3,9,3,3,4,4,3,3,3,3,3,6,3,4,4,3,3,3,3,3,3,3,4,2,2,2,10,3,3,3,3,11,12,13,3,3,3,2,3,3,3,3,3,3,3,3,3,3,5,5,5,3,3,3,8,8,8,8,8,8,8,8,7,7,7,7,7,7,7,7","0.000940084457397461","fast_greedy","edit-xhwikibooks.graphml"
"0.67","0.21","0.12","0.732536764705882","1,1,1,1,1,2,1,4,2,2,1,5,4,4,4,2,2,1,1,5,3,6,4,4,4,4,4,2,1,2,1,1,5,5,8,8,7,4,3,3,3,3,6,6,6,6,3,6,6,6,3,3,3,3,3,6,6,6,6,3,9,3,3,4,4,3,3,3,3,3,6,3,4,4,3,3,3,3,3,3,3,4,2,2,2,10,3,3,3,3,11,12,13,3,3,3,2,3,3,3,3,3,3,3,3,3,3,5,5,5,3,3,3,8,8,8,8,8,8,8,8,7,7,7,7,7,7,7,7","0.000936985015869141","fast_greedy","edit-xhwikibooks.graphml"
"0.66","0.22","0.12","0.732536764705882","1,1,1,1,1,2,1,4,2,2,1,5,4,4,4,2,2,1,1,5,3,6,4,4,4,4,4,2,1,2,1,1,5,5,8,8,7,4,3,3,3,3,6,6,6,6,3,6,6,6,3,3,3,3,3,6,6,6,6,3,9,3,3,4,4,3,3,3,3,3,6,3,4,4,3,3,3,3,3,3,3,4,2,2,2,10,3,3,3,3,11,12,13,3,3,3,2,3,3,3,3,3,3,3,3,3,3,5,5,5,3,3,3,8,8,8,8,8,8,8,8,7,7,7,7,7,7,7,7","0.00097203254699707","fast_greedy","edit-xhwikibooks.graphml"
"0.65","0.23","0.12","0.732536764705882","1,1,1,1,1,2,1,4,2,2,1,5,4,4,4,2,2,1,1,5,3,6,4,4,4,4,4,2,1,2,1,1,5,5,8,8,7,4,3,3,3,3,6,6,6,6,3,6,6,6,3,3,3,3,3,6,6,6,6,3,9,3,3,4,4,3,3,3,3,3,6,3,4,4,3,3,3,3,3,3,3,4,2,2,2,10,3,3,3,3,11,12,13,3,3,3,2,3,3,3,3,3,3,3,3,3,3,5,5,5,3,3,3,8,8,8,8,8,8,8,8,7,7,7,7,7,7,7,7","0.000941991806030273","fast_greedy","edit-xhwikibooks.graphml"
"0.64","0.24","0.12","0.732536764705882","1,1,1,1,1,2,1,4,2,2,1,5,4,4,4,2,2,1,1,5,3,6,4,4,4,4,4,2,1,2,1,1,5,5,8,8,7,4,3,3,3,3,6,6,6,6,3,6,6,6,3,3,3,3,3,6,6,6,6,3,9,3,3,4,4,3,3,3,3,3,6,3,4,4,3,3,3,3,3,3,3,4,2,2,2,10,3,3,3,3,11,12,13,3,3,3,2,3,3,3,3,3,3,3,3,3,3,5,5,5,3,3,3,8,8,8,8,8,8,8,8,7,7,7,7,7,7,7,7","0.00095677375793457","fast_greedy","edit-xhwikibooks.graphml"
"0.63","0.25","0.12","0.717088687326783","1,1,1,1,1,3,1,4,3,3,1,1,4,4,4,3,8,1,1,1,2,5,4,4,4,4,4,3,1,9,10,1,1,1,6,6,7,4,2,2,2,2,5,5,5,5,2,5,5,5,2,2,2,2,2,5,5,5,5,2,11,2,2,12,13,2,2,2,2,2,5,2,4,4,2,2,2,2,2,2,2,14,3,3,3,15,2,2,2,2,16,17,18,2,2,2,19,2,2,2,2,2,2,2,2,2,2,20,21,2,2,2,2,6,6,6,6,6,6,6,6,7,7,7,7,7,7,7,7","0.000940084457397461","fast_greedy","edit-xhwikibooks.graphml"
"0.62","0.26","0.12","0.717088687326783","1,1,1,1,1,3,1,4,3,3,1,1,4,4,4,3,8,1,1,1,2,5,4,4,4,4,4,3,1,9,10,1,1,1,6,6,7,4,2,2,2,2,5,5,5,5,2,5,5,5,2,2,2,2,2,5,5,5,5,2,11,2,2,12,13,2,2,2,2,2,5,2,4,4,2,2,2,2,2,2,2,14,3,3,3,15,2,2,2,2,16,17,18,2,2,2,19,2,2,2,2,2,2,2,2,2,2,20,21,2,2,2,2,6,6,6,6,6,6,6,6,7,7,7,7,7,7,7,7","0.000947952270507812","fast_greedy","edit-xhwikibooks.graphml"
"0.61","0.27","0.12","0.717088687326783","1,1,1,1,1,3,1,4,3,3,1,1,4,4,4,3,8,1,1,1,2,5,4,4,4,4,4,3,1,9,10,1,1,1,6,6,7,4,2,2,2,2,5,5,5,5,2,5,5,5,2,2,2,2,2,5,5,5,5,2,11,2,2,12,13,2,2,2,2,2,5,2,4,4,2,2,2,2,2,2,2,14,3,3,3,15,2,2,2,2,16,17,18,2,2,2,19,2,2,2,2,2,2,2,2,2,2,20,21,2,2,2,2,6,6,6,6,6,6,6,6,7,7,7,7,7,7,7,7","0.000947952270507812","fast_greedy","edit-xhwikibooks.graphml"
"0.6","0.28","0.12","0.717088687326783","1,1,1,1,1,3,1,4,3,3,1,1,4,4,4,3,8,1,1,1,2,5,4,4,4,4,4,3,1,9,10,1,1,1,6,6,7,4,2,2,2,2,5,5,5,5,2,5,5,5,2,2,2,2,2,5,5,5,5,2,11,2,2,12,13,2,2,2,2,2,5,2,4,4,2,2,2,2,2,2,2,14,3,3,3,15,2,2,2,2,16,17,18,2,2,2,19,2,2,2,2,2,2,2,2,2,2,20,21,2,2,2,2,6,6,6,6,6,6,6,6,7,7,7,7,7,7,7,7","0.00103998184204102","fast_greedy","edit-xhwikibooks.graphml"
"0.59","0.29","0.12","0.717088687326783","1,1,1,1,1,3,1,4,3,3,1,1,4,4,4,3,8,1,1,1,2,5,4,4,4,4,4,3,1,9,10,1,1,1,6,6,7,4,2,2,2,2,5,5,5,5,2,5,5,5,2,2,2,2,2,5,5,5,5,2,11,2,2,12,13,2,2,2,2,2,5,2,4,4,2,2,2,2,2,2,2,14,3,3,3,15,2,2,2,2,16,17,18,2,2,2,19,2,2,2,2,2,2,2,2,2,2,20,21,2,2,2,2,6,6,6,6,6,6,6,6,7,7,7,7,7,7,7,7","0.00110578536987305","fast_greedy","edit-xhwikibooks.graphml"
"0.58","0.3","0.12","0.717088687326783","1,1,1,1,1,3,1,4,3,3,1,1,4,4,4,3,8,1,1,1,2,5,4,4,4,4,4,3,1,9,10,1,1,1,6,6,7,4,2,2,2,2,5,5,5,5,2,5,5,5,2,2,2,2,2,5,5,5,5,2,11,2,2,12,13,2,2,2,2,2,5,2,4,4,2,2,2,2,2,2,2,14,3,3,3,15,2,2,2,2,16,17,18,2,2,2,19,2,2,2,2,2,2,2,2,2,2,20,21,2,2,2,2,6,6,6,6,6,6,6,6,7,7,7,7,7,7,7,7","0.000931978225708008","fast_greedy","edit-xhwikibooks.graphml"
"0.57","0.31","0.12","0.717088687326783","1,1,1,1,1,3,1,4,3,3,1,1,4,4,4,3,8,1,1,1,2,5,4,4,4,4,4,3,1,9,10,1,1,1,6,6,7,4,2,2,2,2,5,5,5,5,2,5,5,5,2,2,2,2,2,5,5,5,5,2,11,2,2,12,13,2,2,2,2,2,5,2,4,4,2,2,2,2,2,2,2,14,3,3,3,15,2,2,2,2,16,17,18,2,2,2,19,2,2,2,2,2,2,2,2,2,2,20,21,2,2,2,2,6,6,6,6,6,6,6,6,7,7,7,7,7,7,7,7","0.000930070877075195","fast_greedy","edit-xhwikibooks.graphml"
"0.56","0.32","0.12","0.717088687326783","1,1,1,1,1,3,1,4,3,3,1,1,4,4,4,3,8,1,1,1,2,5,4,4,4,4,4,3,1,9,10,1,1,1,6,6,7,4,2,2,2,2,5,5,5,5,2,5,5,5,2,2,2,2,2,5,5,5,5,2,11,2,2,12,13,2,2,2,2,2,5,2,4,4,2,2,2,2,2,2,2,14,3,3,3,15,2,2,2,2,16,17,18,2,2,2,19,2,2,2,2,2,2,2,2,2,2,20,21,2,2,2,2,6,6,6,6,6,6,6,6,7,7,7,7,7,7,7,7","0.000950098037719727","fast_greedy","edit-xhwikibooks.graphml"
"0.55","0.33","0.12","0.717088687326783","1,1,1,1,1,3,1,4,3,3,1,1,4,4,4,3,8,1,1,1,2,5,4,4,4,4,4,3,1,9,10,1,1,1,6,6,7,4,2,2,2,2,5,5,5,5,2,5,5,5,2,2,2,2,2,5,5,5,5,2,11,2,2,12,13,2,2,2,2,2,5,2,4,4,2,2,2,2,2,2,2,14,3,3,3,15,2,2,2,2,16,17,18,2,2,2,19,2,2,2,2,2,2,2,2,2,2,20,21,2,2,2,2,6,6,6,6,6,6,6,6,7,7,7,7,7,7,7,7","0.000948190689086914","fast_greedy","edit-xhwikibooks.graphml"
"0.54","0.34","0.12","0.718860437720875","1,1,1,1,1,3,1,4,3,3,1,1,4,4,4,3,8,1,1,1,2,5,4,4,4,4,4,3,1,9,10,1,1,1,6,6,7,4,2,2,2,2,5,5,5,5,2,5,5,5,2,2,2,2,2,5,5,5,5,2,11,2,2,12,13,2,2,2,2,2,5,2,4,4,2,2,2,2,2,2,2,14,3,3,3,15,2,2,2,2,16,17,18,2,2,2,19,2,2,2,2,2,2,2,2,2,2,20,21,2,2,2,2,6,6,6,6,6,6,6,6,7,7,7,7,7,7,7,7","0.000969886779785156","fast_greedy","edit-xhwikibooks.graphml"
"0.53","0.35","0.12","0.718860437720875","1,1,1,1,1,3,1,4,3,3,1,1,4,4,4,3,8,1,1,1,2,5,4,4,4,4,4,3,1,9,10,1,1,1,6,6,7,4,2,2,2,2,5,5,5,5,2,5,5,5,2,2,2,2,2,5,5,5,5,2,11,2,2,12,13,2,2,2,2,2,5,2,4,4,2,2,2,2,2,2,2,14,3,3,3,15,2,2,2,2,16,17,18,2,2,2,19,2,2,2,2,2,2,2,2,2,2,20,21,2,2,2,2,6,6,6,6,6,6,6,6,7,7,7,7,7,7,7,7","0.00094294548034668","fast_greedy","edit-xhwikibooks.graphml"
"0.52","0.36","0.12","0.718860437720875","1,1,1,1,1,3,1,4,3,3,1,1,4,4,4,3,8,1,1,1,2,5,4,4,4,4,4,3,1,9,10,1,1,1,6,6,7,4,2,2,2,2,5,5,5,5,2,5,5,5,2,2,2,2,2,5,5,5,5,2,11,2,2,12,13,2,2,2,2,2,5,2,4,4,2,2,2,2,2,2,2,14,3,3,3,15,2,2,2,2,16,17,18,2,2,2,19,2,2,2,2,2,2,2,2,2,2,20,21,2,2,2,2,6,6,6,6,6,6,6,6,7,7,7,7,7,7,7,7","0.000908136367797852","fast_greedy","edit-xhwikibooks.graphml"
"0.51","0.37","0.12","0.699819876262824","1,1,1,3,7,3,2,3,3,3,2,8,3,3,3,3,9,10,2,6,4,1,11,3,3,3,3,3,1,12,13,14,6,15,2,2,5,3,4,4,4,4,1,1,1,1,4,1,1,1,4,4,4,4,4,1,1,1,1,4,16,4,4,17,18,4,4,4,4,4,1,4,19,20,4,4,4,4,4,4,4,21,22,23,24,25,4,4,4,4,26,27,28,4,4,4,29,4,4,4,4,4,4,4,4,4,4,30,31,4,4,4,4,2,2,2,2,2,2,2,2,5,5,5,5,5,5,5,5","0.000944137573242188","fast_greedy","edit-xhwikibooks.graphml"
"0.5","0.38","0.12","0.699819876262824","1,1,1,3,7,3,2,3,3,3,2,8,3,3,3,3,9,10,2,6,4,1,11,3,3,3,3,3,1,12,13,14,6,15,2,2,5,3,4,4,4,4,1,1,1,1,4,1,1,1,4,4,4,4,4,1,1,1,1,4,16,4,4,17,18,4,4,4,4,4,1,4,19,20,4,4,4,4,4,4,4,21,22,23,24,25,4,4,4,4,26,27,28,4,4,4,29,4,4,4,4,4,4,4,4,4,4,30,31,4,4,4,4,2,2,2,2,2,2,2,2,5,5,5,5,5,5,5,5","0.000954866409301758","fast_greedy","edit-xhwikibooks.graphml"
"0.49","0.39","0.12","0.699819876262824","1,1,1,3,7,3,2,3,3,3,2,8,3,3,3,3,9,10,2,6,4,1,11,3,3,3,3,3,1,12,13,14,6,15,2,2,5,3,4,4,4,4,1,1,1,1,4,1,1,1,4,4,4,4,4,1,1,1,1,4,16,4,4,17,18,4,4,4,4,4,1,4,19,20,4,4,4,4,4,4,4,21,22,23,24,25,4,4,4,4,26,27,28,4,4,4,29,4,4,4,4,4,4,4,4,4,4,30,31,4,4,4,4,2,2,2,2,2,2,2,2,5,5,5,5,5,5,5,5","0.00092005729675293","fast_greedy","edit-xhwikibooks.graphml"
"0.48","0.4","0.12","0.699819876262824","1,1,1,3,7,3,2,3,3,3,2,8,3,3,3,3,9,10,2,6,4,1,11,3,3,3,3,3,1,12,13,14,6,15,2,2,5,3,4,4,4,4,1,1,1,1,4,1,1,1,4,4,4,4,4,1,1,1,1,4,16,4,4,17,18,4,4,4,4,4,1,4,19,20,4,4,4,4,4,4,4,21,22,23,24,25,4,4,4,4,26,27,28,4,4,4,29,4,4,4,4,4,4,4,4,4,4,30,31,4,4,4,4,2,2,2,2,2,2,2,2,5,5,5,5,5,5,5,5","0.000926971435546875","fast_greedy","edit-xhwikibooks.graphml"
"0.47","0.41","0.12","0.699819876262824","1,1,1,3,7,3,2,3,3,3,2,8,3,3,3,3,9,10,2,6,4,1,11,3,3,3,3,3,1,12,13,14,6,15,2,2,5,3,4,4,4,4,1,1,1,1,4,1,1,1,4,4,4,4,4,1,1,1,1,4,16,4,4,17,18,4,4,4,4,4,1,4,19,20,4,4,4,4,4,4,4,21,22,23,24,25,4,4,4,4,26,27,28,4,4,4,29,4,4,4,4,4,4,4,4,4,4,30,31,4,4,4,4,2,2,2,2,2,2,2,2,5,5,5,5,5,5,5,5","0.00104904174804688","fast_greedy","edit-xhwikibooks.graphml"
"0.46","0.42","0.12","0.699819876262824","1,1,1,3,7,3,2,3,3,3,2,8,3,3,3,3,9,10,2,6,4,1,11,3,3,3,3,3,1,12,13,14,6,15,2,2,5,3,4,4,4,4,1,1,1,1,4,1,1,1,4,4,4,4,4,1,1,1,1,4,16,4,4,17,18,4,4,4,4,4,1,4,19,20,4,4,4,4,4,4,4,21,22,23,24,25,4,4,4,4,26,27,28,4,4,4,29,4,4,4,4,4,4,4,4,4,4,30,31,4,4,4,4,2,2,2,2,2,2,2,2,5,5,5,5,5,5,5,5","0.00115084648132324","fast_greedy","edit-xhwikibooks.graphml"
"0.45","0.43","0.12","0.699819876262824","1,1,1,3,7,3,2,3,3,3,2,8,3,3,3,3,9,10,2,6,4,1,11,3,3,3,3,3,1,12,13,14,6,15,2,2,5,3,4,4,4,4,1,1,1,1,4,1,1,1,4,4,4,4,4,1,1,1,1,4,16,4,4,17,18,4,4,4,4,4,1,4,19,20,4,4,4,4,4,4,4,21,22,23,24,25,4,4,4,4,26,27,28,4,4,4,29,4,4,4,4,4,4,4,4,4,4,30,31,4,4,4,4,2,2,2,2,2,2,2,2,5,5,5,5,5,5,5,5","0.00094294548034668","fast_greedy","edit-xhwikibooks.graphml"
"0.44","0.44","0.12","0.699819876262824","1,1,1,3,7,3,2,3,3,3,2,8,3,3,3,3,9,10,2,6,4,1,11,3,3,3,3,3,1,12,13,14,6,15,2,2,5,3,4,4,4,4,1,1,1,1,4,1,1,1,4,4,4,4,4,1,1,1,1,4,16,4,4,17,18,4,4,4,4,4,1,4,19,20,4,4,4,4,4,4,4,21,22,23,24,25,4,4,4,4,26,27,28,4,4,4,29,4,4,4,4,4,4,4,4,4,4,30,31,4,4,4,4,2,2,2,2,2,2,2,2,5,5,5,5,5,5,5,5","0.000937938690185547","fast_greedy","edit-xhwikibooks.graphml"
"0.43","0.45","0.12","0.699819876262824","1,1,1,3,7,3,2,3,3,3,2,8,3,3,3,3,9,10,2,6,4,1,11,3,3,3,3,3,1,12,13,14,6,15,2,2,5,3,4,4,4,4,1,1,1,1,4,1,1,1,4,4,4,4,4,1,1,1,1,4,16,4,4,17,18,4,4,4,4,4,1,4,19,20,4,4,4,4,4,4,4,21,22,23,24,25,4,4,4,4,26,27,28,4,4,4,29,4,4,4,4,4,4,4,4,4,4,30,31,4,4,4,4,2,2,2,2,2,2,2,2,5,5,5,5,5,5,5,5","0.000960826873779297","fast_greedy","edit-xhwikibooks.graphml"
"0.42","0.46","0.12","0.699819876262824","1,1,1,3,7,3,2,3,3,3,2,8,3,3,3,3,9,10,2,6,4,1,11,3,3,3,3,3,1,12,13,14,6,15,2,2,5,3,4,4,4,4,1,1,1,1,4,1,1,1,4,4,4,4,4,1,1,1,1,4,16,4,4,17,18,4,4,4,4,4,1,4,19,20,4,4,4,4,4,4,4,21,22,23,24,25,4,4,4,4,26,27,28,4,4,4,29,4,4,4,4,4,4,4,4,4,4,30,31,4,4,4,4,2,2,2,2,2,2,2,2,5,5,5,5,5,5,5,5","0.000946998596191406","fast_greedy","edit-xhwikibooks.graphml"
"0.41","0.47","0.12","0.699819876262824","1,1,1,3,7,3,2,3,3,3,2,8,3,3,3,3,9,10,2,6,4,1,11,3,3,3,3,3,1,12,13,14,6,15,2,2,5,3,4,4,4,4,1,1,1,1,4,1,1,1,4,4,4,4,4,1,1,1,1,4,16,4,4,17,18,4,4,4,4,4,1,4,19,20,4,4,4,4,4,4,4,21,22,23,24,25,4,4,4,4,26,27,28,4,4,4,29,4,4,4,4,4,4,4,4,4,4,30,31,4,4,4,4,2,2,2,2,2,2,2,2,5,5,5,5,5,5,5,5","0.000941991806030273","fast_greedy","edit-xhwikibooks.graphml"
"0.4","0.48","0.12","0.699819876262824","1,1,1,3,7,3,2,3,3,3,2,8,3,3,3,3,9,10,2,6,4,1,11,3,3,3,3,3,1,12,13,14,6,15,2,2,5,3,4,4,4,4,1,1,1,1,4,1,1,1,4,4,4,4,4,1,1,1,1,4,16,4,4,17,18,4,4,4,4,4,1,4,19,20,4,4,4,4,4,4,4,21,22,23,24,25,4,4,4,4,26,27,28,4,4,4,29,4,4,4,4,4,4,4,4,4,4,30,31,4,4,4,4,2,2,2,2,2,2,2,2,5,5,5,5,5,5,5,5","0.000948190689086914","fast_greedy","edit-xhwikibooks.graphml"
"0.39","0.49","0.12","0.690289256198347","4,4,4,1,7,1,8,1,1,1,9,10,1,1,1,1,11,12,5,13,2,3,14,1,1,1,1,1,4,15,16,17,18,19,5,5,6,1,2,2,2,2,3,3,3,3,2,3,3,3,2,2,2,2,2,3,3,3,3,2,20,2,2,21,22,2,2,2,2,2,3,2,23,24,2,2,2,2,2,2,2,25,26,27,28,29,2,2,2,2,30,31,32,2,2,2,33,2,2,2,2,2,2,2,2,2,2,34,35,2,2,2,2,5,5,5,5,5,5,5,5,6,6,6,6,6,6,6,6","0.000982999801635742","fast_greedy","edit-xhwikibooks.graphml"
"0.38","0.5","0.12","0.71715976331361","1,1,1,2,6,2,7,2,2,2,8,9,2,2,2,2,10,11,4,12,3,1,13,2,2,2,2,2,1,14,15,16,17,18,4,4,5,2,3,3,3,3,1,1,1,1,3,1,1,1,3,3,3,3,3,1,1,1,1,3,19,3,3,20,21,3,3,3,3,3,1,3,22,23,3,3,3,3,3,3,3,24,25,26,27,28,3,3,3,3,29,30,31,3,3,3,32,3,3,3,3,3,3,3,3,3,3,33,34,3,3,3,3,4,4,4,4,4,4,4,4,5,5,5,5,5,5,5,5","0.000995874404907227","fast_greedy","edit-xhwikibooks.graphml"
"0.37","0.51","0.12","0.71715976331361","1,1,1,2,6,2,7,2,2,2,8,9,2,2,2,2,10,11,4,12,3,1,13,2,2,2,2,2,1,14,15,16,17,18,4,4,5,2,3,3,3,3,1,1,1,1,3,1,1,1,3,3,3,3,3,1,1,1,1,3,19,3,3,20,21,3,3,3,3,3,1,3,22,23,3,3,3,3,3,3,3,24,25,26,27,28,3,3,3,3,29,30,31,3,3,3,32,3,3,3,3,3,3,3,3,3,3,33,34,3,3,3,3,4,4,4,4,4,4,4,4,5,5,5,5,5,5,5,5","0.000978946685791016","fast_greedy","edit-xhwikibooks.graphml"
"0.36","0.52","0.12","0.71715976331361","1,1,1,2,6,2,7,2,2,2,8,9,2,2,2,2,10,11,4,12,3,1,13,2,2,2,2,2,1,14,15,16,17,18,4,4,5,2,3,3,3,3,1,1,1,1,3,1,1,1,3,3,3,3,3,1,1,1,1,3,19,3,3,20,21,3,3,3,3,3,1,3,22,23,3,3,3,3,3,3,3,24,25,26,27,28,3,3,3,3,29,30,31,3,3,3,32,3,3,3,3,3,3,3,3,3,3,33,34,3,3,3,3,4,4,4,4,4,4,4,4,5,5,5,5,5,5,5,5","0.000978946685791016","fast_greedy","edit-xhwikibooks.graphml"
"0.35","0.53","0.12","0.71715976331361","1,1,1,2,6,2,7,2,2,2,8,9,2,2,2,2,10,11,4,12,3,1,13,2,2,2,2,2,1,14,15,16,17,18,4,4,5,2,3,3,3,3,1,1,1,1,3,1,1,1,3,3,3,3,3,1,1,1,1,3,19,3,3,20,21,3,3,3,3,3,1,3,22,23,3,3,3,3,3,3,3,24,25,26,27,28,3,3,3,3,29,30,31,3,3,3,32,3,3,3,3,3,3,3,3,3,3,33,34,3,3,3,3,4,4,4,4,4,4,4,4,5,5,5,5,5,5,5,5","0.000932931900024414","fast_greedy","edit-xhwikibooks.graphml"
"0.34","0.54","0.12","0.71715976331361","1,1,1,2,6,2,7,2,2,2,8,9,2,2,2,2,10,11,4,12,3,1,13,2,2,2,2,2,1,14,15,16,17,18,4,4,5,2,3,3,3,3,1,1,1,1,3,1,1,1,3,3,3,3,3,1,1,1,1,3,19,3,3,20,21,3,3,3,3,3,1,3,22,23,3,3,3,3,3,3,3,24,25,26,27,28,3,3,3,3,29,30,31,3,3,3,32,3,3,3,3,3,3,3,3,3,3,33,34,3,3,3,3,4,4,4,4,4,4,4,4,5,5,5,5,5,5,5,5","0.00109314918518066","fast_greedy","edit-xhwikibooks.graphml"
"0.33","0.55","0.12","0.71715976331361","1,1,1,2,6,2,7,2,2,2,8,9,2,2,2,2,10,11,4,12,3,1,13,2,2,2,2,2,1,14,15,16,17,18,4,4,5,2,3,3,3,3,1,1,1,1,3,1,1,1,3,3,3,3,3,1,1,1,1,3,19,3,3,20,21,3,3,3,3,3,1,3,22,23,3,3,3,3,3,3,3,24,25,26,27,28,3,3,3,3,29,30,31,3,3,3,32,3,3,3,3,3,3,3,3,3,3,33,34,3,3,3,3,4,4,4,4,4,4,4,4,5,5,5,5,5,5,5,5","0.000905036926269531","fast_greedy","edit-xhwikibooks.graphml"
"0.32","0.56","0.12","0.71715976331361","1,1,1,2,6,2,7,2,2,2,8,9,2,2,2,2,10,11,4,12,3,1,13,2,2,2,2,2,1,14,15,16,17,18,4,4,5,2,3,3,3,3,1,1,1,1,3,1,1,1,3,3,3,3,3,1,1,1,1,3,19,3,3,20,21,3,3,3,3,3,1,3,22,23,3,3,3,3,3,3,3,24,25,26,27,28,3,3,3,3,29,30,31,3,3,3,32,3,3,3,3,3,3,3,3,3,3,33,34,3,3,3,3,4,4,4,4,4,4,4,4,5,5,5,5,5,5,5,5","0.000915050506591797","fast_greedy","edit-xhwikibooks.graphml"
"0.31","0.57","0.12","0.71715976331361","1,1,1,2,6,2,7,2,2,2,8,9,2,2,2,2,10,11,4,12,3,1,13,2,2,2,2,2,1,14,15,16,17,18,4,4,5,2,3,3,3,3,1,1,1,1,3,1,1,1,3,3,3,3,3,1,1,1,1,3,19,3,3,20,21,3,3,3,3,3,1,3,22,23,3,3,3,3,3,3,3,24,25,26,27,28,3,3,3,3,29,30,31,3,3,3,32,3,3,3,3,3,3,3,3,3,3,33,34,3,3,3,3,4,4,4,4,4,4,4,4,5,5,5,5,5,5,5,5","0.000932931900024414","fast_greedy","edit-xhwikibooks.graphml"
"0.3","0.58","0.12","0.71715976331361","1,1,1,2,6,2,7,2,2,2,8,9,2,2,2,2,10,11,4,12,3,1,13,2,2,2,2,2,1,14,15,16,17,18,4,4,5,2,3,3,3,3,1,1,1,1,3,1,1,1,3,3,3,3,3,1,1,1,1,3,19,3,3,20,21,3,3,3,3,3,1,3,22,23,3,3,3,3,3,3,3,24,25,26,27,28,3,3,3,3,29,30,31,3,3,3,32,3,3,3,3,3,3,3,3,3,3,33,34,3,3,3,3,4,4,4,4,4,4,4,4,5,5,5,5,5,5,5,5","0.000927925109863281","fast_greedy","edit-xhwikibooks.graphml"
"0.29","0.59","0.12","0.71715976331361","1,1,1,2,6,2,7,2,2,2,8,9,2,2,2,2,10,11,4,12,3,1,13,2,2,2,2,2,1,14,15,16,17,18,4,4,5,2,3,3,3,3,1,1,1,1,3,1,1,1,3,3,3,3,3,1,1,1,1,3,19,3,3,20,21,3,3,3,3,3,1,3,22,23,3,3,3,3,3,3,3,24,25,26,27,28,3,3,3,3,29,30,31,3,3,3,32,3,3,3,3,3,3,3,3,3,3,33,34,3,3,3,3,4,4,4,4,4,4,4,4,5,5,5,5,5,5,5,5","0.000952959060668945","fast_greedy","edit-xhwikibooks.graphml"
"0.28","0.6","0.12","0.71715976331361","1,1,1,2,6,2,7,2,2,2,8,9,2,2,2,2,10,11,4,12,3,1,13,2,2,2,2,2,1,14,15,16,17,18,4,4,5,2,3,3,3,3,1,1,1,1,3,1,1,1,3,3,3,3,3,1,1,1,1,3,19,3,3,20,21,3,3,3,3,3,1,3,22,23,3,3,3,3,3,3,3,24,25,26,27,28,3,3,3,3,29,30,31,3,3,3,32,3,3,3,3,3,3,3,3,3,3,33,34,3,3,3,3,4,4,4,4,4,4,4,4,5,5,5,5,5,5,5,5","0.000964879989624023","fast_greedy","edit-xhwikibooks.graphml"
"0.27","0.61","0.12","0.707791363163372","1,1,1,6,7,2,8,2,2,9,10,11,2,2,2,2,12,13,4,14,3,1,15,2,2,2,2,16,17,18,19,20,21,22,4,4,5,2,3,3,3,3,1,1,1,1,3,1,1,1,3,3,3,3,3,1,1,1,1,3,23,3,3,24,25,3,3,3,3,3,1,3,26,27,3,3,3,3,3,3,3,28,29,30,31,32,3,3,3,3,33,34,35,3,3,3,36,3,3,3,3,3,3,3,3,3,3,37,38,3,3,3,3,4,4,4,4,4,4,4,4,5,5,5,5,5,5,5,5","0.000952005386352539","fast_greedy","edit-xhwikibooks.graphml"
"0.26","0.62","0.12","0.707791363163372","1,1,1,6,7,2,8,2,2,9,10,11,2,2,2,2,12,13,4,14,3,1,15,2,2,2,2,16,17,18,19,20,21,22,4,4,5,2,3,3,3,3,1,1,1,1,3,1,1,1,3,3,3,3,3,1,1,1,1,3,23,3,3,24,25,3,3,3,3,3,1,3,26,27,3,3,3,3,3,3,3,28,29,30,31,32,3,3,3,3,33,34,35,3,3,3,36,3,3,3,3,3,3,3,3,3,3,37,38,3,3,3,3,4,4,4,4,4,4,4,4,5,5,5,5,5,5,5,5","0.000952005386352539","fast_greedy","edit-xhwikibooks.graphml"
"0.25","0.63","0.12","0.707791363163372","1,1,1,6,7,2,8,2,2,9,10,11,2,2,2,2,12,13,4,14,3,1,15,2,2,2,2,16,17,18,19,20,21,22,4,4,5,2,3,3,3,3,1,1,1,1,3,1,1,1,3,3,3,3,3,1,1,1,1,3,23,3,3,24,25,3,3,3,3,3,1,3,26,27,3,3,3,3,3,3,3,28,29,30,31,32,3,3,3,3,33,34,35,3,3,3,36,3,3,3,3,3,3,3,3,3,3,37,38,3,3,3,3,4,4,4,4,4,4,4,4,5,5,5,5,5,5,5,5","0.000952959060668945","fast_greedy","edit-xhwikibooks.graphml"
"0.24","0.64","0.12","0.707791363163372","1,1,1,6,7,2,8,2,2,9,10,11,2,2,2,2,12,13,4,14,3,1,15,2,2,2,2,16,17,18,19,20,21,22,4,4,5,2,3,3,3,3,1,1,1,1,3,1,1,1,3,3,3,3,3,1,1,1,1,3,23,3,3,24,25,3,3,3,3,3,1,3,26,27,3,3,3,3,3,3,3,28,29,30,31,32,3,3,3,3,33,34,35,3,3,3,36,3,3,3,3,3,3,3,3,3,3,37,38,3,3,3,3,4,4,4,4,4,4,4,4,5,5,5,5,5,5,5,5","0.00104689598083496","fast_greedy","edit-xhwikibooks.graphml"
"0.23","0.65","0.12","0.707791363163372","1,1,1,6,7,2,8,2,2,9,10,11,2,2,2,2,12,13,4,14,3,1,15,2,2,2,2,16,17,18,19,20,21,22,4,4,5,2,3,3,3,3,1,1,1,1,3,1,1,1,3,3,3,3,3,1,1,1,1,3,23,3,3,24,25,3,3,3,3,3,1,3,26,27,3,3,3,3,3,3,3,28,29,30,31,32,3,3,3,3,33,34,35,3,3,3,36,3,3,3,3,3,3,3,3,3,3,37,38,3,3,3,3,4,4,4,4,4,4,4,4,5,5,5,5,5,5,5,5","0.00092315673828125","fast_greedy","edit-xhwikibooks.graphml"
"0.22","0.66","0.12","0.707791363163372","1,1,1,6,7,2,8,2,2,9,10,11,2,2,2,2,12,13,4,14,3,1,15,2,2,2,2,16,17,18,19,20,21,22,4,4,5,2,3,3,3,3,1,1,1,1,3,1,1,1,3,3,3,3,3,1,1,1,1,3,23,3,3,24,25,3,3,3,3,3,1,3,26,27,3,3,3,3,3,3,3,28,29,30,31,32,3,3,3,3,33,34,35,3,3,3,36,3,3,3,3,3,3,3,3,3,3,37,38,3,3,3,3,4,4,4,4,4,4,4,4,5,5,5,5,5,5,5,5","0.000907182693481445","fast_greedy","edit-xhwikibooks.graphml"
"0.21","0.67","0.12","0.707791363163372","1,1,1,6,7,2,8,2,2,9,10,11,2,2,2,2,12,13,4,14,3,1,15,2,2,2,2,16,17,18,19,20,21,22,4,4,5,2,3,3,3,3,1,1,1,1,3,1,1,1,3,3,3,3,3,1,1,1,1,3,23,3,3,24,25,3,3,3,3,3,1,3,26,27,3,3,3,3,3,3,3,28,29,30,31,32,3,3,3,3,33,34,35,3,3,3,36,3,3,3,3,3,3,3,3,3,3,37,38,3,3,3,3,4,4,4,4,4,4,4,4,5,5,5,5,5,5,5,5","0.00114798545837402","fast_greedy","edit-xhwikibooks.graphml"
"0.2","0.68","0.12","0.707791363163372","1,1,1,6,7,2,8,2,2,9,10,11,2,2,2,2,12,13,4,14,3,1,15,2,2,2,2,16,17,18,19,20,21,22,4,4,5,2,3,3,3,3,1,1,1,1,3,1,1,1,3,3,3,3,3,1,1,1,1,3,23,3,3,24,25,3,3,3,3,3,1,3,26,27,3,3,3,3,3,3,3,28,29,30,31,32,3,3,3,3,33,34,35,3,3,3,36,3,3,3,3,3,3,3,3,3,3,37,38,3,3,3,3,4,4,4,4,4,4,4,4,5,5,5,5,5,5,5,5","0.000918149948120117","fast_greedy","edit-xhwikibooks.graphml"
"0.19","0.69","0.12","0.707791363163372","1,1,1,6,7,2,8,2,2,9,10,11,2,2,2,2,12,13,4,14,3,1,15,2,2,2,2,16,17,18,19,20,21,22,4,4,5,2,3,3,3,3,1,1,1,1,3,1,1,1,3,3,3,3,3,1,1,1,1,3,23,3,3,24,25,3,3,3,3,3,1,3,26,27,3,3,3,3,3,3,3,28,29,30,31,32,3,3,3,3,33,34,35,3,3,3,36,3,3,3,3,3,3,3,3,3,3,37,38,3,3,3,3,4,4,4,4,4,4,4,4,5,5,5,5,5,5,5,5","0.000916004180908203","fast_greedy","edit-xhwikibooks.graphml"
"0.18","0.7","0.12","0.707791363163372","1,1,1,6,7,2,8,2,2,9,10,11,2,2,2,2,12,13,4,14,3,1,15,2,2,2,2,16,17,18,19,20,21,22,4,4,5,2,3,3,3,3,1,1,1,1,3,1,1,1,3,3,3,3,3,1,1,1,1,3,23,3,3,24,25,3,3,3,3,3,1,3,26,27,3,3,3,3,3,3,3,28,29,30,31,32,3,3,3,3,33,34,35,3,3,3,36,3,3,3,3,3,3,3,3,3,3,37,38,3,3,3,3,4,4,4,4,4,4,4,4,5,5,5,5,5,5,5,5","0.000917911529541016","fast_greedy","edit-xhwikibooks.graphml"
"0.17","0.71","0.12","0.707791363163372","1,1,1,6,7,2,8,2,2,9,10,11,2,2,2,2,12,13,4,14,3,1,15,2,2,2,2,16,17,18,19,20,21,22,4,4,5,2,3,3,3,3,1,1,1,1,3,1,1,1,3,3,3,3,3,1,1,1,1,3,23,3,3,24,25,3,3,3,3,3,1,3,26,27,3,3,3,3,3,3,3,28,29,30,31,32,3,3,3,3,33,34,35,3,3,3,36,3,3,3,3,3,3,3,3,3,3,37,38,3,3,3,3,4,4,4,4,4,4,4,4,5,5,5,5,5,5,5,5","0.000941991806030273","fast_greedy","edit-xhwikibooks.graphml"
"0.16","0.72","0.12","0.707791363163372","1,1,1,6,7,2,8,2,2,9,10,11,2,2,2,2,12,13,4,14,3,1,15,2,2,2,2,16,17,18,19,20,21,22,4,4,5,2,3,3,3,3,1,1,1,1,3,1,1,1,3,3,3,3,3,1,1,1,1,3,23,3,3,24,25,3,3,3,3,3,1,3,26,27,3,3,3,3,3,3,3,28,29,30,31,32,3,3,3,3,33,34,35,3,3,3,36,3,3,3,3,3,3,3,3,3,3,37,38,3,3,3,3,4,4,4,4,4,4,4,4,5,5,5,5,5,5,5,5","0.000972986221313477","fast_greedy","edit-xhwikibooks.graphml"
"0.15","0.73","0.12","0.701728024042074","1,1,1,6,7,4,8,4,4,9,10,11,4,4,4,12,13,14,3,15,2,1,16,4,4,4,4,17,18,19,20,21,22,23,3,3,5,24,2,2,2,2,1,1,1,1,2,1,1,1,2,2,2,2,2,1,1,1,1,2,25,2,2,26,27,2,2,2,2,2,1,2,28,29,2,2,2,2,2,2,2,30,31,32,33,34,2,2,2,2,35,36,37,2,2,2,38,2,2,2,2,2,2,2,2,2,2,39,40,2,2,2,2,3,3,3,3,3,3,3,3,5,5,5,5,5,5,5,5","0.000937938690185547","fast_greedy","edit-xhwikibooks.graphml"
"0.14","0.74","0.12","0.701728024042074","1,1,1,6,7,4,8,4,4,9,10,11,4,4,4,12,13,14,3,15,2,1,16,4,4,4,4,17,18,19,20,21,22,23,3,3,5,24,2,2,2,2,1,1,1,1,2,1,1,1,2,2,2,2,2,1,1,1,1,2,25,2,2,26,27,2,2,2,2,2,1,2,28,29,2,2,2,2,2,2,2,30,31,32,33,34,2,2,2,2,35,36,37,2,2,2,38,2,2,2,2,2,2,2,2,2,2,39,40,2,2,2,2,3,3,3,3,3,3,3,3,5,5,5,5,5,5,5,5","0.00094294548034668","fast_greedy","edit-xhwikibooks.graphml"
"0.13","0.75","0.12","0.701728024042074","1,1,1,6,7,4,8,4,4,9,10,11,4,4,4,12,13,14,3,15,2,1,16,4,4,4,4,17,18,19,20,21,22,23,3,3,5,24,2,2,2,2,1,1,1,1,2,1,1,1,2,2,2,2,2,1,1,1,1,2,25,2,2,26,27,2,2,2,2,2,1,2,28,29,2,2,2,2,2,2,2,30,31,32,33,34,2,2,2,2,35,36,37,2,2,2,38,2,2,2,2,2,2,2,2,2,2,39,40,2,2,2,2,3,3,3,3,3,3,3,3,5,5,5,5,5,5,5,5","0.00093388557434082","fast_greedy","edit-xhwikibooks.graphml"
"0.12","0.76","0.12","0.701728024042074","1,1,1,6,7,4,8,4,4,9,10,11,4,4,4,12,13,14,3,15,2,1,16,4,4,4,4,17,18,19,20,21,22,23,3,3,5,24,2,2,2,2,1,1,1,1,2,1,1,1,2,2,2,2,2,1,1,1,1,2,25,2,2,26,27,2,2,2,2,2,1,2,28,29,2,2,2,2,2,2,2,30,31,32,33,34,2,2,2,2,35,36,37,2,2,2,38,2,2,2,2,2,2,2,2,2,2,39,40,2,2,2,2,3,3,3,3,3,3,3,3,5,5,5,5,5,5,5,5","0.00100588798522949","fast_greedy","edit-xhwikibooks.graphml"
"0.11","0.77","0.12","0.701728024042074","1,1,1,6,7,4,8,4,4,9,10,11,4,4,4,12,13,14,3,15,2,1,16,4,4,4,4,17,18,19,20,21,22,23,3,3,5,24,2,2,2,2,1,1,1,1,2,1,1,1,2,2,2,2,2,1,1,1,1,2,25,2,2,26,27,2,2,2,2,2,1,2,28,29,2,2,2,2,2,2,2,30,31,32,33,34,2,2,2,2,35,36,37,2,2,2,38,2,2,2,2,2,2,2,2,2,2,39,40,2,2,2,2,3,3,3,3,3,3,3,3,5,5,5,5,5,5,5,5","0.000941991806030273","fast_greedy","edit-xhwikibooks.graphml"
"0.1","0.78","0.12","0.701728024042074","1,1,1,6,7,4,8,4,4,9,10,11,4,4,4,12,13,14,3,15,2,1,16,4,4,4,4,17,18,19,20,21,22,23,3,3,5,24,2,2,2,2,1,1,1,1,2,1,1,1,2,2,2,2,2,1,1,1,1,2,25,2,2,26,27,2,2,2,2,2,1,2,28,29,2,2,2,2,2,2,2,30,31,32,33,34,2,2,2,2,35,36,37,2,2,2,38,2,2,2,2,2,2,2,2,2,2,39,40,2,2,2,2,3,3,3,3,3,3,3,3,5,5,5,5,5,5,5,5","0.000924110412597656","fast_greedy","edit-xhwikibooks.graphml"
"0.09","0.79","0.12","0.701728024042074","1,1,1,6,7,4,8,4,4,9,10,11,4,4,4,12,13,14,3,15,2,1,16,4,4,4,4,17,18,19,20,21,22,23,3,3,5,24,2,2,2,2,1,1,1,1,2,1,1,1,2,2,2,2,2,1,1,1,1,2,25,2,2,26,27,2,2,2,2,2,1,2,28,29,2,2,2,2,2,2,2,30,31,32,33,34,2,2,2,2,35,36,37,2,2,2,38,2,2,2,2,2,2,2,2,2,2,39,40,2,2,2,2,3,3,3,3,3,3,3,3,5,5,5,5,5,5,5,5","0.000929832458496094","fast_greedy","edit-xhwikibooks.graphml"
"0.08","0.8","0.12","0.701728024042074","1,1,1,6,7,4,8,4,4,9,10,11,4,4,4,12,13,14,3,15,2,1,16,4,4,4,4,17,18,19,20,21,22,23,3,3,5,24,2,2,2,2,1,1,1,1,2,1,1,1,2,2,2,2,2,1,1,1,1,2,25,2,2,26,27,2,2,2,2,2,1,2,28,29,2,2,2,2,2,2,2,30,31,32,33,34,2,2,2,2,35,36,37,2,2,2,38,2,2,2,2,2,2,2,2,2,2,39,40,2,2,2,2,3,3,3,3,3,3,3,3,5,5,5,5,5,5,5,5","0.000957012176513672","fast_greedy","edit-xhwikibooks.graphml"
"0.07","0.81","0.12","0.701728024042074","1,1,1,6,7,4,8,4,4,9,10,11,4,4,4,12,13,14,3,15,2,1,16,4,4,4,4,17,18,19,20,21,22,23,3,3,5,24,2,2,2,2,1,1,1,1,2,1,1,1,2,2,2,2,2,1,1,1,1,2,25,2,2,26,27,2,2,2,2,2,1,2,28,29,2,2,2,2,2,2,2,30,31,32,33,34,2,2,2,2,35,36,37,2,2,2,38,2,2,2,2,2,2,2,2,2,2,39,40,2,2,2,2,3,3,3,3,3,3,3,3,5,5,5,5,5,5,5,5","0.000924110412597656","fast_greedy","edit-xhwikibooks.graphml"
"0.06","0.82","0.12","0.701728024042074","1,1,1,6,7,4,8,4,4,9,10,11,4,4,4,12,13,14,3,15,2,1,16,4,4,4,4,17,18,19,20,21,22,23,3,3,5,24,2,2,2,2,1,1,1,1,2,1,1,1,2,2,2,2,2,1,1,1,1,2,25,2,2,26,27,2,2,2,2,2,1,2,28,29,2,2,2,2,2,2,2,30,31,32,33,34,2,2,2,2,35,36,37,2,2,2,38,2,2,2,2,2,2,2,2,2,2,39,40,2,2,2,2,3,3,3,3,3,3,3,3,5,5,5,5,5,5,5,5","0.000937938690185547","fast_greedy","edit-xhwikibooks.graphml"
"0.05","0.83","0.12","0.701728024042074","1,1,1,6,7,4,8,4,4,9,10,11,4,4,4,12,13,14,3,15,2,1,16,4,4,4,4,17,18,19,20,21,22,23,3,3,5,24,2,2,2,2,1,1,1,1,2,1,1,1,2,2,2,2,2,1,1,1,1,2,25,2,2,26,27,2,2,2,2,2,1,2,28,29,2,2,2,2,2,2,2,30,31,32,33,34,2,2,2,2,35,36,37,2,2,2,38,2,2,2,2,2,2,2,2,2,2,39,40,2,2,2,2,3,3,3,3,3,3,3,3,5,5,5,5,5,5,5,5","0.000953912734985352","fast_greedy","edit-xhwikibooks.graphml"
"0.04","0.84","0.12","0.701728024042074","1,1,1,6,7,4,8,4,4,9,10,11,4,4,4,12,13,14,3,15,2,1,16,4,4,4,4,17,18,19,20,21,22,23,3,3,5,24,2,2,2,2,1,1,1,1,2,1,1,1,2,2,2,2,2,1,1,1,1,2,25,2,2,26,27,2,2,2,2,2,1,2,28,29,2,2,2,2,2,2,2,30,31,32,33,34,2,2,2,2,35,36,37,2,2,2,38,2,2,2,2,2,2,2,2,2,2,39,40,2,2,2,2,3,3,3,3,3,3,3,3,5,5,5,5,5,5,5,5","0.000936985015869141","fast_greedy","edit-xhwikibooks.graphml"
"0.03","0.85","0.12","0.699905033238366","1,1,1,6,7,8,9,3,10,11,12,13,3,3,3,14,15,16,4,17,2,1,18,3,3,3,3,19,20,21,22,23,24,25,4,4,5,26,2,2,2,2,1,1,1,1,2,1,1,1,2,2,2,2,2,1,1,1,1,2,27,2,2,28,29,2,2,2,2,2,1,2,30,31,2,2,2,2,2,2,2,32,33,34,35,36,2,2,2,2,37,38,39,2,2,2,40,2,2,2,2,2,2,2,2,2,2,41,42,2,2,2,2,4,4,4,4,4,4,4,4,5,5,5,5,5,5,5,5","0.000927925109863281","fast_greedy","edit-xhwikibooks.graphml"
"0.02","0.86","0.12","0.699905033238366","1,1,1,6,7,8,9,3,10,11,12,13,3,3,3,14,15,16,4,17,2,1,18,3,3,3,3,19,20,21,22,23,24,25,4,4,5,26,2,2,2,2,1,1,1,1,2,1,1,1,2,2,2,2,2,1,1,1,1,2,27,2,2,28,29,2,2,2,2,2,1,2,30,31,2,2,2,2,2,2,2,32,33,34,35,36,2,2,2,2,37,38,39,2,2,2,40,2,2,2,2,2,2,2,2,2,2,41,42,2,2,2,2,4,4,4,4,4,4,4,4,5,5,5,5,5,5,5,5","0.000945806503295898","fast_greedy","edit-xhwikibooks.graphml"
"0.01","0.87","0.12","0.699905033238366","1,1,1,6,7,8,9,3,10,11,12,13,3,3,3,14,15,16,4,17,2,1,18,3,3,3,3,19,20,21,22,23,24,25,4,4,5,26,2,2,2,2,1,1,1,1,2,1,1,1,2,2,2,2,2,1,1,1,1,2,27,2,2,28,29,2,2,2,2,2,1,2,30,31,2,2,2,2,2,2,2,32,33,34,35,36,2,2,2,2,37,38,39,2,2,2,40,2,2,2,2,2,2,2,2,2,2,41,42,2,2,2,2,4,4,4,4,4,4,4,4,5,5,5,5,5,5,5,5","0.000953197479248047","fast_greedy","edit-xhwikibooks.graphml"
"0","0.88","0.12","0.696865244536941","4,4,4,4,4,6,7,1,8,9,10,11,1,1,1,12,13,14,3,15,2,4,16,1,1,1,1,17,4,18,19,20,21,22,3,3,5,23,2,2,2,2,4,4,4,4,2,4,4,4,2,2,2,2,2,4,4,4,4,2,24,2,2,25,26,2,2,2,2,2,4,2,27,28,2,2,2,2,2,2,2,29,30,31,32,33,2,2,2,2,34,35,36,2,2,2,37,2,2,2,2,2,2,2,2,2,2,38,39,2,2,2,2,3,3,3,3,3,3,3,3,5,5,5,5,5,5,5,5","0.00104117393493652","fast_greedy","edit-xhwikibooks.graphml"
"0.87","0","0.13","0.738928571428572","1,1,1,1,1,2,1,5,2,2,4,1,5,5,5,2,2,4,4,1,3,6,5,5,5,5,5,2,1,2,4,4,1,1,7,7,8,5,3,3,3,3,6,6,6,6,3,6,6,6,3,3,3,3,3,6,6,6,6,3,5,3,3,5,5,3,3,3,3,3,6,3,5,5,3,3,3,3,3,3,3,5,2,2,2,1,3,3,3,3,2,4,4,3,3,3,2,3,3,3,3,3,3,3,3,3,3,1,1,1,3,3,3,7,7,7,7,7,7,7,7,8,8,8,8,8,8,8,8","0.000952959060668945","fast_greedy","edit-xhwikibooks.graphml"
"0.86","0.01","0.13","0.738928571428572","1,1,1,1,1,2,1,5,2,2,4,1,5,5,5,2,2,4,4,1,3,6,5,5,5,5,5,2,1,2,4,4,1,1,7,7,8,5,3,3,3,3,6,6,6,6,3,6,6,6,3,3,3,3,3,6,6,6,6,3,5,3,3,5,5,3,3,3,3,3,6,3,5,5,3,3,3,3,3,3,3,5,2,2,2,1,3,3,3,3,2,4,4,3,3,3,2,3,3,3,3,3,3,3,3,3,3,1,1,1,3,3,3,7,7,7,7,7,7,7,7,8,8,8,8,8,8,8,8","0.000952005386352539","fast_greedy","edit-xhwikibooks.graphml"
"0.85","0.02","0.13","0.738928571428572","1,1,1,1,1,2,1,5,2,2,4,1,5,5,5,2,2,4,4,1,3,6,5,5,5,5,5,2,1,2,4,4,1,1,7,7,8,5,3,3,3,3,6,6,6,6,3,6,6,6,3,3,3,3,3,6,6,6,6,3,5,3,3,5,5,3,3,3,3,3,6,3,5,5,3,3,3,3,3,3,3,5,2,2,2,1,3,3,3,3,2,4,4,3,3,3,2,3,3,3,3,3,3,3,3,3,3,1,1,1,3,3,3,7,7,7,7,7,7,7,7,8,8,8,8,8,8,8,8","0.000967025756835938","fast_greedy","edit-xhwikibooks.graphml"
"0.84","0.03","0.13","0.738928571428572","1,1,1,1,1,2,1,5,2,2,4,1,5,5,5,2,2,4,4,1,3,6,5,5,5,5,5,2,1,2,4,4,1,1,7,7,8,5,3,3,3,3,6,6,6,6,3,6,6,6,3,3,3,3,3,6,6,6,6,3,5,3,3,5,5,3,3,3,3,3,6,3,5,5,3,3,3,3,3,3,3,5,2,2,2,1,3,3,3,3,2,4,4,3,3,3,2,3,3,3,3,3,3,3,3,3,3,1,1,1,3,3,3,7,7,7,7,7,7,7,7,8,8,8,8,8,8,8,8","0.00119209289550781","fast_greedy","edit-xhwikibooks.graphml"
"0.83","0.04","0.13","0.738928571428572","1,1,1,1,1,2,1,5,2,2,4,1,5,5,5,2,2,4,4,1,3,6,5,5,5,5,5,2,1,2,4,4,1,1,7,7,8,5,3,3,3,3,6,6,6,6,3,6,6,6,3,3,3,3,3,6,6,6,6,3,5,3,3,5,5,3,3,3,3,3,6,3,5,5,3,3,3,3,3,3,3,5,2,2,2,1,3,3,3,3,2,4,4,3,3,3,2,3,3,3,3,3,3,3,3,3,3,1,1,1,3,3,3,7,7,7,7,7,7,7,7,8,8,8,8,8,8,8,8","0.000970125198364258","fast_greedy","edit-xhwikibooks.graphml"
"0.82","0.05","0.13","0.738928571428572","1,1,1,1,1,2,1,5,2,2,4,1,5,5,5,2,2,4,4,1,3,6,5,5,5,5,5,2,1,2,4,4,1,1,7,7,8,5,3,3,3,3,6,6,6,6,3,6,6,6,3,3,3,3,3,6,6,6,6,3,5,3,3,5,5,3,3,3,3,3,6,3,5,5,3,3,3,3,3,3,3,5,2,2,2,1,3,3,3,3,2,4,4,3,3,3,2,3,3,3,3,3,3,3,3,3,3,1,1,1,3,3,3,7,7,7,7,7,7,7,7,8,8,8,8,8,8,8,8","0.000950098037719727","fast_greedy","edit-xhwikibooks.graphml"
"0.81","0.06","0.13","0.738928571428572","1,1,1,1,1,2,1,5,2,2,4,1,5,5,5,2,2,4,4,1,3,6,5,5,5,5,5,2,1,2,4,4,1,1,7,7,8,5,3,3,3,3,6,6,6,6,3,6,6,6,3,3,3,3,3,6,6,6,6,3,5,3,3,5,5,3,3,3,3,3,6,3,5,5,3,3,3,3,3,3,3,5,2,2,2,1,3,3,3,3,2,4,4,3,3,3,2,3,3,3,3,3,3,3,3,3,3,1,1,1,3,3,3,7,7,7,7,7,7,7,7,8,8,8,8,8,8,8,8","0.00096893310546875","fast_greedy","edit-xhwikibooks.graphml"
"0.8","0.07","0.13","0.738928571428572","1,1,1,1,1,2,1,5,2,2,4,1,5,5,5,2,2,4,4,1,3,6,5,5,5,5,5,2,1,2,4,4,1,1,7,7,8,5,3,3,3,3,6,6,6,6,3,6,6,6,3,3,3,3,3,6,6,6,6,3,5,3,3,5,5,3,3,3,3,3,6,3,5,5,3,3,3,3,3,3,3,5,2,2,2,1,3,3,3,3,2,4,4,3,3,3,2,3,3,3,3,3,3,3,3,3,3,1,1,1,3,3,3,7,7,7,7,7,7,7,7,8,8,8,8,8,8,8,8","0.18950891494751","fast_greedy","edit-xhwikibooks.graphml"
"0.79","0.08","0.13","0.738928571428572","1,1,1,1,1,2,1,5,2,2,4,1,5,5,5,2,2,4,4,1,3,6,5,5,5,5,5,2,1,2,4,4,1,1,7,7,8,5,3,3,3,3,6,6,6,6,3,6,6,6,3,3,3,3,3,6,6,6,6,3,5,3,3,5,5,3,3,3,3,3,6,3,5,5,3,3,3,3,3,3,3,5,2,2,2,1,3,3,3,3,2,4,4,3,3,3,2,3,3,3,3,3,3,3,3,3,3,1,1,1,3,3,3,7,7,7,7,7,7,7,7,8,8,8,8,8,8,8,8","0.0010828971862793","fast_greedy","edit-xhwikibooks.graphml"
"0.78","0.09","0.13","0.738928571428572","1,1,1,1,1,2,1,5,2,2,4,1,5,5,5,2,2,4,4,1,3,6,5,5,5,5,5,2,1,2,4,4,1,1,7,7,8,5,3,3,3,3,6,6,6,6,3,6,6,6,3,3,3,3,3,6,6,6,6,3,5,3,3,5,5,3,3,3,3,3,6,3,5,5,3,3,3,3,3,3,3,5,2,2,2,1,3,3,3,3,2,4,4,3,3,3,2,3,3,3,3,3,3,3,3,3,3,1,1,1,3,3,3,7,7,7,7,7,7,7,7,8,8,8,8,8,8,8,8","0.000950813293457031","fast_greedy","edit-xhwikibooks.graphml"
"0.77","0.1","0.13","0.738928571428572","1,1,1,1,1,2,1,5,2,2,4,1,5,5,5,2,2,4,4,1,3,6,5,5,5,5,5,2,1,2,4,4,1,1,7,7,8,5,3,3,3,3,6,6,6,6,3,6,6,6,3,3,3,3,3,6,6,6,6,3,5,3,3,5,5,3,3,3,3,3,6,3,5,5,3,3,3,3,3,3,3,5,2,2,2,1,3,3,3,3,2,4,4,3,3,3,2,3,3,3,3,3,3,3,3,3,3,1,1,1,3,3,3,7,7,7,7,7,7,7,7,8,8,8,8,8,8,8,8","0.000883102416992188","fast_greedy","edit-xhwikibooks.graphml"
"0.76","0.11","0.13","0.738928571428572","1,1,1,1,1,2,1,5,2,2,4,1,5,5,5,2,2,4,4,1,3,6,5,5,5,5,5,2,1,2,4,4,1,1,7,7,8,5,3,3,3,3,6,6,6,6,3,6,6,6,3,3,3,3,3,6,6,6,6,3,5,3,3,5,5,3,3,3,3,3,6,3,5,5,3,3,3,3,3,3,3,5,2,2,2,1,3,3,3,3,2,4,4,3,3,3,2,3,3,3,3,3,3,3,3,3,3,1,1,1,3,3,3,7,7,7,7,7,7,7,7,8,8,8,8,8,8,8,8","0.00124597549438477","fast_greedy","edit-xhwikibooks.graphml"
"0.75","0.12","0.13","0.738928571428572","1,1,1,1,1,2,1,5,2,2,4,1,5,5,5,2,2,4,4,1,3,6,5,5,5,5,5,2,1,2,4,4,1,1,7,7,8,5,3,3,3,3,6,6,6,6,3,6,6,6,3,3,3,3,3,6,6,6,6,3,5,3,3,5,5,3,3,3,3,3,6,3,5,5,3,3,3,3,3,3,3,5,2,2,2,1,3,3,3,3,2,4,4,3,3,3,2,3,3,3,3,3,3,3,3,3,3,1,1,1,3,3,3,7,7,7,7,7,7,7,7,8,8,8,8,8,8,8,8","0.00124001502990723","fast_greedy","edit-xhwikibooks.graphml"
"0.74","0.13","0.13","0.738928571428572","1,1,1,1,1,2,1,5,2,2,4,1,5,5,5,2,2,4,4,1,3,6,5,5,5,5,5,2,1,2,4,4,1,1,7,7,8,5,3,3,3,3,6,6,6,6,3,6,6,6,3,3,3,3,3,6,6,6,6,3,5,3,3,5,5,3,3,3,3,3,6,3,5,5,3,3,3,3,3,3,3,5,2,2,2,1,3,3,3,3,2,4,4,3,3,3,2,3,3,3,3,3,3,3,3,3,3,1,1,1,3,3,3,7,7,7,7,7,7,7,7,8,8,8,8,8,8,8,8","0.000952005386352539","fast_greedy","edit-xhwikibooks.graphml"
"0.73","0.14","0.13","0.729053497942387","2,2,2,2,2,1,2,1,1,1,2,4,1,1,1,5,1,2,2,4,3,6,1,1,1,1,1,5,2,1,2,2,4,4,7,7,8,1,3,3,3,3,6,6,6,6,3,6,6,6,3,3,3,3,3,6,6,6,6,3,9,3,3,1,1,3,3,3,3,3,6,3,1,1,3,3,3,3,3,3,3,1,5,5,5,10,3,3,3,3,11,12,13,3,3,3,5,3,3,3,3,3,3,3,3,3,3,4,4,4,3,3,3,7,7,7,7,7,7,7,7,8,8,8,8,8,8,8,8","0.000917911529541016","fast_greedy","edit-xhwikibooks.graphml"
"0.72","0.15","0.13","0.729053497942387","2,2,2,2,2,1,2,1,1,1,2,4,1,1,1,5,1,2,2,4,3,6,1,1,1,1,1,5,2,1,2,2,4,4,7,7,8,1,3,3,3,3,6,6,6,6,3,6,6,6,3,3,3,3,3,6,6,6,6,3,9,3,3,1,1,3,3,3,3,3,6,3,1,1,3,3,3,3,3,3,3,1,5,5,5,10,3,3,3,3,11,12,13,3,3,3,5,3,3,3,3,3,3,3,3,3,3,4,4,4,3,3,3,7,7,7,7,7,7,7,7,8,8,8,8,8,8,8,8","0.000946998596191406","fast_greedy","edit-xhwikibooks.graphml"
"0.71","0.16","0.13","0.729053497942387","2,2,2,2,2,1,2,1,1,1,2,4,1,1,1,5,1,2,2,4,3,6,1,1,1,1,1,5,2,1,2,2,4,4,7,7,8,1,3,3,3,3,6,6,6,6,3,6,6,6,3,3,3,3,3,6,6,6,6,3,9,3,3,1,1,3,3,3,3,3,6,3,1,1,3,3,3,3,3,3,3,1,5,5,5,10,3,3,3,3,11,12,13,3,3,3,5,3,3,3,3,3,3,3,3,3,3,4,4,4,3,3,3,7,7,7,7,7,7,7,7,8,8,8,8,8,8,8,8","0.000943899154663086","fast_greedy","edit-xhwikibooks.graphml"
"0.7","0.17","0.13","0.732536764705882","1,1,1,1,1,2,1,4,2,2,1,5,4,4,4,2,2,1,1,5,3,6,4,4,4,4,4,2,1,2,1,1,5,5,8,8,7,4,3,3,3,3,6,6,6,6,3,6,6,6,3,3,3,3,3,6,6,6,6,3,9,3,3,4,4,3,3,3,3,3,6,3,4,4,3,3,3,3,3,3,3,4,2,2,2,10,3,3,3,3,11,12,13,3,3,3,2,3,3,3,3,3,3,3,3,3,3,5,5,5,3,3,3,8,8,8,8,8,8,8,8,7,7,7,7,7,7,7,7","0.000966072082519531","fast_greedy","edit-xhwikibooks.graphml"
"0.69","0.18","0.13","0.732536764705882","1,1,1,1,1,2,1,4,2,2,1,5,4,4,4,2,2,1,1,5,3,6,4,4,4,4,4,2,1,2,1,1,5,5,8,8,7,4,3,3,3,3,6,6,6,6,3,6,6,6,3,3,3,3,3,6,6,6,6,3,9,3,3,4,4,3,3,3,3,3,6,3,4,4,3,3,3,3,3,3,3,4,2,2,2,10,3,3,3,3,11,12,13,3,3,3,2,3,3,3,3,3,3,3,3,3,3,5,5,5,3,3,3,8,8,8,8,8,8,8,8,7,7,7,7,7,7,7,7","0.000864028930664062","fast_greedy","edit-xhwikibooks.graphml"
"0.68","0.19","0.13","0.732536764705882","1,1,1,1,1,2,1,4,2,2,1,5,4,4,4,2,2,1,1,5,3,6,4,4,4,4,4,2,1,2,1,1,5,5,8,8,7,4,3,3,3,3,6,6,6,6,3,6,6,6,3,3,3,3,3,6,6,6,6,3,9,3,3,4,4,3,3,3,3,3,6,3,4,4,3,3,3,3,3,3,3,4,2,2,2,10,3,3,3,3,11,12,13,3,3,3,2,3,3,3,3,3,3,3,3,3,3,5,5,5,3,3,3,8,8,8,8,8,8,8,8,7,7,7,7,7,7,7,7","0.000864982604980469","fast_greedy","edit-xhwikibooks.graphml"
"0.67","0.2","0.13","0.732536764705882","1,1,1,1,1,2,1,4,2,2,1,5,4,4,4,2,2,1,1,5,3,6,4,4,4,4,4,2,1,2,1,1,5,5,8,8,7,4,3,3,3,3,6,6,6,6,3,6,6,6,3,3,3,3,3,6,6,6,6,3,9,3,3,4,4,3,3,3,3,3,6,3,4,4,3,3,3,3,3,3,3,4,2,2,2,10,3,3,3,3,11,12,13,3,3,3,2,3,3,3,3,3,3,3,3,3,3,5,5,5,3,3,3,8,8,8,8,8,8,8,8,7,7,7,7,7,7,7,7","0.000869989395141602","fast_greedy","edit-xhwikibooks.graphml"
"0.66","0.21","0.13","0.732536764705882","1,1,1,1,1,2,1,4,2,2,1,5,4,4,4,2,2,1,1,5,3,6,4,4,4,4,4,2,1,2,1,1,5,5,8,8,7,4,3,3,3,3,6,6,6,6,3,6,6,6,3,3,3,3,3,6,6,6,6,3,9,3,3,4,4,3,3,3,3,3,6,3,4,4,3,3,3,3,3,3,3,4,2,2,2,10,3,3,3,3,11,12,13,3,3,3,2,3,3,3,3,3,3,3,3,3,3,5,5,5,3,3,3,8,8,8,8,8,8,8,8,7,7,7,7,7,7,7,7","0.000869035720825195","fast_greedy","edit-xhwikibooks.graphml"
"0.65","0.22","0.13","0.732536764705882","1,1,1,1,1,2,1,4,2,2,1,5,4,4,4,2,2,1,1,5,3,6,4,4,4,4,4,2,1,2,1,1,5,5,8,8,7,4,3,3,3,3,6,6,6,6,3,6,6,6,3,3,3,3,3,6,6,6,6,3,9,3,3,4,4,3,3,3,3,3,6,3,4,4,3,3,3,3,3,3,3,4,2,2,2,10,3,3,3,3,11,12,13,3,3,3,2,3,3,3,3,3,3,3,3,3,3,5,5,5,3,3,3,8,8,8,8,8,8,8,8,7,7,7,7,7,7,7,7","0.000882863998413086","fast_greedy","edit-xhwikibooks.graphml"
"0.64","0.23","0.13","0.732536764705882","1,1,1,1,1,2,1,4,2,2,1,5,4,4,4,2,2,1,1,5,3,6,4,4,4,4,4,2,1,2,1,1,5,5,8,8,7,4,3,3,3,3,6,6,6,6,3,6,6,6,3,3,3,3,3,6,6,6,6,3,9,3,3,4,4,3,3,3,3,3,6,3,4,4,3,3,3,3,3,3,3,4,2,2,2,10,3,3,3,3,11,12,13,3,3,3,2,3,3,3,3,3,3,3,3,3,3,5,5,5,3,3,3,8,8,8,8,8,8,8,8,7,7,7,7,7,7,7,7","0.000852108001708984","fast_greedy","edit-xhwikibooks.graphml"
"0.63","0.24","0.13","0.732536764705882","1,1,1,1,1,2,1,4,2,2,1,5,4,4,4,2,2,1,1,5,3,6,4,4,4,4,4,2,1,2,1,1,5,5,8,8,7,4,3,3,3,3,6,6,6,6,3,6,6,6,3,3,3,3,3,6,6,6,6,3,9,3,3,4,4,3,3,3,3,3,6,3,4,4,3,3,3,3,3,3,3,4,2,2,2,10,3,3,3,3,11,12,13,3,3,3,2,3,3,3,3,3,3,3,3,3,3,5,5,5,3,3,3,8,8,8,8,8,8,8,8,7,7,7,7,7,7,7,7","0.001068115234375","fast_greedy","edit-xhwikibooks.graphml"
"0.62","0.25","0.13","0.732536764705882","1,1,1,1,1,2,1,4,2,2,1,5,4,4,4,2,2,1,1,5,3,6,4,4,4,4,4,2,1,2,1,1,5,5,8,8,7,4,3,3,3,3,6,6,6,6,3,6,6,6,3,3,3,3,3,6,6,6,6,3,9,3,3,4,4,3,3,3,3,3,6,3,4,4,3,3,3,3,3,3,3,4,2,2,2,10,3,3,3,3,11,12,13,3,3,3,2,3,3,3,3,3,3,3,3,3,3,5,5,5,3,3,3,8,8,8,8,8,8,8,8,7,7,7,7,7,7,7,7","0.000851154327392578","fast_greedy","edit-xhwikibooks.graphml"
"0.61","0.26","0.13","0.732536764705882","1,1,1,1,1,2,1,4,2,2,1,5,4,4,4,2,2,1,1,5,3,6,4,4,4,4,4,2,1,2,1,1,5,5,8,8,7,4,3,3,3,3,6,6,6,6,3,6,6,6,3,3,3,3,3,6,6,6,6,3,9,3,3,4,4,3,3,3,3,3,6,3,4,4,3,3,3,3,3,3,3,4,2,2,2,10,3,3,3,3,11,12,13,3,3,3,2,3,3,3,3,3,3,3,3,3,3,5,5,5,3,3,3,8,8,8,8,8,8,8,8,7,7,7,7,7,7,7,7","0.000861883163452148","fast_greedy","edit-xhwikibooks.graphml"
"0.6","0.27","0.13","0.717088687326783","1,1,1,1,1,3,1,4,3,3,1,1,4,4,4,3,8,1,1,1,2,5,4,4,4,4,4,3,1,9,10,1,1,1,6,6,7,4,2,2,2,2,5,5,5,5,2,5,5,5,2,2,2,2,2,5,5,5,5,2,11,2,2,12,13,2,2,2,2,2,5,2,4,4,2,2,2,2,2,2,2,14,3,3,3,15,2,2,2,2,16,17,18,2,2,2,19,2,2,2,2,2,2,2,2,2,2,20,21,2,2,2,2,6,6,6,6,6,6,6,6,7,7,7,7,7,7,7,7","0.000871896743774414","fast_greedy","edit-xhwikibooks.graphml"
"0.59","0.28","0.13","0.717088687326783","1,1,1,1,1,3,1,4,3,3,1,1,4,4,4,3,8,1,1,1,2,5,4,4,4,4,4,3,1,9,10,1,1,1,6,6,7,4,2,2,2,2,5,5,5,5,2,5,5,5,2,2,2,2,2,5,5,5,5,2,11,2,2,12,13,2,2,2,2,2,5,2,4,4,2,2,2,2,2,2,2,14,3,3,3,15,2,2,2,2,16,17,18,2,2,2,19,2,2,2,2,2,2,2,2,2,2,20,21,2,2,2,2,6,6,6,6,6,6,6,6,7,7,7,7,7,7,7,7","0.000880002975463867","fast_greedy","edit-xhwikibooks.graphml"
"0.58","0.29","0.13","0.717088687326783","1,1,1,1,1,3,1,4,3,3,1,1,4,4,4,3,8,1,1,1,2,5,4,4,4,4,4,3,1,9,10,1,1,1,6,6,7,4,2,2,2,2,5,5,5,5,2,5,5,5,2,2,2,2,2,5,5,5,5,2,11,2,2,12,13,2,2,2,2,2,5,2,4,4,2,2,2,2,2,2,2,14,3,3,3,15,2,2,2,2,16,17,18,2,2,2,19,2,2,2,2,2,2,2,2,2,2,20,21,2,2,2,2,6,6,6,6,6,6,6,6,7,7,7,7,7,7,7,7","0.000885009765625","fast_greedy","edit-xhwikibooks.graphml"
"0.57","0.3","0.13","0.717088687326783","1,1,1,1,1,3,1,4,3,3,1,1,4,4,4,3,8,1,1,1,2,5,4,4,4,4,4,3,1,9,10,1,1,1,6,6,7,4,2,2,2,2,5,5,5,5,2,5,5,5,2,2,2,2,2,5,5,5,5,2,11,2,2,12,13,2,2,2,2,2,5,2,4,4,2,2,2,2,2,2,2,14,3,3,3,15,2,2,2,2,16,17,18,2,2,2,19,2,2,2,2,2,2,2,2,2,2,20,21,2,2,2,2,6,6,6,6,6,6,6,6,7,7,7,7,7,7,7,7","0.000900983810424805","fast_greedy","edit-xhwikibooks.graphml"
"0.56","0.31","0.13","0.717088687326783","1,1,1,1,1,3,1,4,3,3,1,1,4,4,4,3,8,1,1,1,2,5,4,4,4,4,4,3,1,9,10,1,1,1,6,6,7,4,2,2,2,2,5,5,5,5,2,5,5,5,2,2,2,2,2,5,5,5,5,2,11,2,2,12,13,2,2,2,2,2,5,2,4,4,2,2,2,2,2,2,2,14,3,3,3,15,2,2,2,2,16,17,18,2,2,2,19,2,2,2,2,2,2,2,2,2,2,20,21,2,2,2,2,6,6,6,6,6,6,6,6,7,7,7,7,7,7,7,7","0.000908136367797852","fast_greedy","edit-xhwikibooks.graphml"
"0.55","0.32","0.13","0.717088687326783","1,1,1,1,1,3,1,4,3,3,1,1,4,4,4,3,8,1,1,1,2,5,4,4,4,4,4,3,1,9,10,1,1,1,6,6,7,4,2,2,2,2,5,5,5,5,2,5,5,5,2,2,2,2,2,5,5,5,5,2,11,2,2,12,13,2,2,2,2,2,5,2,4,4,2,2,2,2,2,2,2,14,3,3,3,15,2,2,2,2,16,17,18,2,2,2,19,2,2,2,2,2,2,2,2,2,2,20,21,2,2,2,2,6,6,6,6,6,6,6,6,7,7,7,7,7,7,7,7","0.00094294548034668","fast_greedy","edit-xhwikibooks.graphml"
"0.54","0.33","0.13","0.717088687326783","1,1,1,1,1,3,1,4,3,3,1,1,4,4,4,3,8,1,1,1,2,5,4,4,4,4,4,3,1,9,10,1,1,1,6,6,7,4,2,2,2,2,5,5,5,5,2,5,5,5,2,2,2,2,2,5,5,5,5,2,11,2,2,12,13,2,2,2,2,2,5,2,4,4,2,2,2,2,2,2,2,14,3,3,3,15,2,2,2,2,16,17,18,2,2,2,19,2,2,2,2,2,2,2,2,2,2,20,21,2,2,2,2,6,6,6,6,6,6,6,6,7,7,7,7,7,7,7,7","0.000911951065063477","fast_greedy","edit-xhwikibooks.graphml"
"0.53","0.34","0.13","0.718860437720875","1,1,1,1,1,3,1,4,3,3,1,1,4,4,4,3,8,1,1,1,2,5,4,4,4,4,4,3,1,9,10,1,1,1,6,6,7,4,2,2,2,2,5,5,5,5,2,5,5,5,2,2,2,2,2,5,5,5,5,2,11,2,2,12,13,2,2,2,2,2,5,2,4,4,2,2,2,2,2,2,2,14,3,3,3,15,2,2,2,2,16,17,18,2,2,2,19,2,2,2,2,2,2,2,2,2,2,20,21,2,2,2,2,6,6,6,6,6,6,6,6,7,7,7,7,7,7,7,7","0.000905990600585938","fast_greedy","edit-xhwikibooks.graphml"
"0.52","0.35","0.13","0.718860437720875","1,1,1,1,1,3,1,4,3,3,1,1,4,4,4,3,8,1,1,1,2,5,4,4,4,4,4,3,1,9,10,1,1,1,6,6,7,4,2,2,2,2,5,5,5,5,2,5,5,5,2,2,2,2,2,5,5,5,5,2,11,2,2,12,13,2,2,2,2,2,5,2,4,4,2,2,2,2,2,2,2,14,3,3,3,15,2,2,2,2,16,17,18,2,2,2,19,2,2,2,2,2,2,2,2,2,2,20,21,2,2,2,2,6,6,6,6,6,6,6,6,7,7,7,7,7,7,7,7","0.00102710723876953","fast_greedy","edit-xhwikibooks.graphml"
"0.51","0.36","0.13","0.718860437720875","1,1,1,1,1,3,1,4,3,3,1,1,4,4,4,3,8,1,1,1,2,5,4,4,4,4,4,3,1,9,10,1,1,1,6,6,7,4,2,2,2,2,5,5,5,5,2,5,5,5,2,2,2,2,2,5,5,5,5,2,11,2,2,12,13,2,2,2,2,2,5,2,4,4,2,2,2,2,2,2,2,14,3,3,3,15,2,2,2,2,16,17,18,2,2,2,19,2,2,2,2,2,2,2,2,2,2,20,21,2,2,2,2,6,6,6,6,6,6,6,6,7,7,7,7,7,7,7,7","0.00090479850769043","fast_greedy","edit-xhwikibooks.graphml"
"0.5","0.37","0.13","0.718860437720875","1,1,1,1,1,3,1,4,3,3,1,1,4,4,4,3,8,1,1,1,2,5,4,4,4,4,4,3,1,9,10,1,1,1,6,6,7,4,2,2,2,2,5,5,5,5,2,5,5,5,2,2,2,2,2,5,5,5,5,2,11,2,2,12,13,2,2,2,2,2,5,2,4,4,2,2,2,2,2,2,2,14,3,3,3,15,2,2,2,2,16,17,18,2,2,2,19,2,2,2,2,2,2,2,2,2,2,20,21,2,2,2,2,6,6,6,6,6,6,6,6,7,7,7,7,7,7,7,7","0.00109195709228516","fast_greedy","edit-xhwikibooks.graphml"
"0.49","0.38","0.13","0.718860437720875","1,1,1,1,1,3,1,4,3,3,1,1,4,4,4,3,8,1,1,1,2,5,4,4,4,4,4,3,1,9,10,1,1,1,6,6,7,4,2,2,2,2,5,5,5,5,2,5,5,5,2,2,2,2,2,5,5,5,5,2,11,2,2,12,13,2,2,2,2,2,5,2,4,4,2,2,2,2,2,2,2,14,3,3,3,15,2,2,2,2,16,17,18,2,2,2,19,2,2,2,2,2,2,2,2,2,2,20,21,2,2,2,2,6,6,6,6,6,6,6,6,7,7,7,7,7,7,7,7","0.000864028930664062","fast_greedy","edit-xhwikibooks.graphml"
"0.48","0.39","0.13","0.718860437720875","1,1,1,1,1,3,1,4,3,3,1,1,4,4,4,3,8,1,1,1,2,5,4,4,4,4,4,3,1,9,10,1,1,1,6,6,7,4,2,2,2,2,5,5,5,5,2,5,5,5,2,2,2,2,2,5,5,5,5,2,11,2,2,12,13,2,2,2,2,2,5,2,4,4,2,2,2,2,2,2,2,14,3,3,3,15,2,2,2,2,16,17,18,2,2,2,19,2,2,2,2,2,2,2,2,2,2,20,21,2,2,2,2,6,6,6,6,6,6,6,6,7,7,7,7,7,7,7,7","0.000882148742675781","fast_greedy","edit-xhwikibooks.graphml"
"0.47","0.4","0.13","0.699819876262824","1,1,1,3,7,3,2,3,3,3,2,8,3,3,3,3,9,10,2,6,4,1,11,3,3,3,3,3,1,12,13,14,6,15,2,2,5,3,4,4,4,4,1,1,1,1,4,1,1,1,4,4,4,4,4,1,1,1,1,4,16,4,4,17,18,4,4,4,4,4,1,4,19,20,4,4,4,4,4,4,4,21,22,23,24,25,4,4,4,4,26,27,28,4,4,4,29,4,4,4,4,4,4,4,4,4,4,30,31,4,4,4,4,2,2,2,2,2,2,2,2,5,5,5,5,5,5,5,5","0.000891923904418945","fast_greedy","edit-xhwikibooks.graphml"
"0.46","0.41","0.13","0.699819876262824","1,1,1,3,7,3,2,3,3,3,2,8,3,3,3,3,9,10,2,6,4,1,11,3,3,3,3,3,1,12,13,14,6,15,2,2,5,3,4,4,4,4,1,1,1,1,4,1,1,1,4,4,4,4,4,1,1,1,1,4,16,4,4,17,18,4,4,4,4,4,1,4,19,20,4,4,4,4,4,4,4,21,22,23,24,25,4,4,4,4,26,27,28,4,4,4,29,4,4,4,4,4,4,4,4,4,4,30,31,4,4,4,4,2,2,2,2,2,2,2,2,5,5,5,5,5,5,5,5","0.000891923904418945","fast_greedy","edit-xhwikibooks.graphml"
"0.45","0.42","0.13","0.699819876262824","1,1,1,3,7,3,2,3,3,3,2,8,3,3,3,3,9,10,2,6,4,1,11,3,3,3,3,3,1,12,13,14,6,15,2,2,5,3,4,4,4,4,1,1,1,1,4,1,1,1,4,4,4,4,4,1,1,1,1,4,16,4,4,17,18,4,4,4,4,4,1,4,19,20,4,4,4,4,4,4,4,21,22,23,24,25,4,4,4,4,26,27,28,4,4,4,29,4,4,4,4,4,4,4,4,4,4,30,31,4,4,4,4,2,2,2,2,2,2,2,2,5,5,5,5,5,5,5,5","0.000903129577636719","fast_greedy","edit-xhwikibooks.graphml"
"0.44","0.43","0.13","0.699819876262824","1,1,1,3,7,3,2,3,3,3,2,8,3,3,3,3,9,10,2,6,4,1,11,3,3,3,3,3,1,12,13,14,6,15,2,2,5,3,4,4,4,4,1,1,1,1,4,1,1,1,4,4,4,4,4,1,1,1,1,4,16,4,4,17,18,4,4,4,4,4,1,4,19,20,4,4,4,4,4,4,4,21,22,23,24,25,4,4,4,4,26,27,28,4,4,4,29,4,4,4,4,4,4,4,4,4,4,30,31,4,4,4,4,2,2,2,2,2,2,2,2,5,5,5,5,5,5,5,5","0.000911951065063477","fast_greedy","edit-xhwikibooks.graphml"
"0.43","0.44","0.13","0.699819876262824","1,1,1,3,7,3,2,3,3,3,2,8,3,3,3,3,9,10,2,6,4,1,11,3,3,3,3,3,1,12,13,14,6,15,2,2,5,3,4,4,4,4,1,1,1,1,4,1,1,1,4,4,4,4,4,1,1,1,1,4,16,4,4,17,18,4,4,4,4,4,1,4,19,20,4,4,4,4,4,4,4,21,22,23,24,25,4,4,4,4,26,27,28,4,4,4,29,4,4,4,4,4,4,4,4,4,4,30,31,4,4,4,4,2,2,2,2,2,2,2,2,5,5,5,5,5,5,5,5","0.000918149948120117","fast_greedy","edit-xhwikibooks.graphml"
"0.42","0.45","0.13","0.699819876262824","1,1,1,3,7,3,2,3,3,3,2,8,3,3,3,3,9,10,2,6,4,1,11,3,3,3,3,3,1,12,13,14,6,15,2,2,5,3,4,4,4,4,1,1,1,1,4,1,1,1,4,4,4,4,4,1,1,1,1,4,16,4,4,17,18,4,4,4,4,4,1,4,19,20,4,4,4,4,4,4,4,21,22,23,24,25,4,4,4,4,26,27,28,4,4,4,29,4,4,4,4,4,4,4,4,4,4,30,31,4,4,4,4,2,2,2,2,2,2,2,2,5,5,5,5,5,5,5,5","0.000929832458496094","fast_greedy","edit-xhwikibooks.graphml"
"0.41","0.46","0.13","0.699819876262824","1,1,1,3,7,3,2,3,3,3,2,8,3,3,3,3,9,10,2,6,4,1,11,3,3,3,3,3,1,12,13,14,6,15,2,2,5,3,4,4,4,4,1,1,1,1,4,1,1,1,4,4,4,4,4,1,1,1,1,4,16,4,4,17,18,4,4,4,4,4,1,4,19,20,4,4,4,4,4,4,4,21,22,23,24,25,4,4,4,4,26,27,28,4,4,4,29,4,4,4,4,4,4,4,4,4,4,30,31,4,4,4,4,2,2,2,2,2,2,2,2,5,5,5,5,5,5,5,5","0.000909090042114258","fast_greedy","edit-xhwikibooks.graphml"
"0.4","0.47","0.13","0.699819876262824","1,1,1,3,7,3,2,3,3,3,2,8,3,3,3,3,9,10,2,6,4,1,11,3,3,3,3,3,1,12,13,14,6,15,2,2,5,3,4,4,4,4,1,1,1,1,4,1,1,1,4,4,4,4,4,1,1,1,1,4,16,4,4,17,18,4,4,4,4,4,1,4,19,20,4,4,4,4,4,4,4,21,22,23,24,25,4,4,4,4,26,27,28,4,4,4,29,4,4,4,4,4,4,4,4,4,4,30,31,4,4,4,4,2,2,2,2,2,2,2,2,5,5,5,5,5,5,5,5","0.00164198875427246","fast_greedy","edit-xhwikibooks.graphml"
"0.39","0.48","0.13","0.699819876262824","1,1,1,3,7,3,2,3,3,3,2,8,3,3,3,3,9,10,2,6,4,1,11,3,3,3,3,3,1,12,13,14,6,15,2,2,5,3,4,4,4,4,1,1,1,1,4,1,1,1,4,4,4,4,4,1,1,1,1,4,16,4,4,17,18,4,4,4,4,4,1,4,19,20,4,4,4,4,4,4,4,21,22,23,24,25,4,4,4,4,26,27,28,4,4,4,29,4,4,4,4,4,4,4,4,4,4,30,31,4,4,4,4,2,2,2,2,2,2,2,2,5,5,5,5,5,5,5,5","0.00255107879638672","fast_greedy","edit-xhwikibooks.graphml"
"0.38","0.49","0.13","0.699819876262824","1,1,1,3,7,3,2,3,3,3,2,8,3,3,3,3,9,10,2,6,4,1,11,3,3,3,3,3,1,12,13,14,6,15,2,2,5,3,4,4,4,4,1,1,1,1,4,1,1,1,4,4,4,4,4,1,1,1,1,4,16,4,4,17,18,4,4,4,4,4,1,4,19,20,4,4,4,4,4,4,4,21,22,23,24,25,4,4,4,4,26,27,28,4,4,4,29,4,4,4,4,4,4,4,4,4,4,30,31,4,4,4,4,2,2,2,2,2,2,2,2,5,5,5,5,5,5,5,5","0.00101804733276367","fast_greedy","edit-xhwikibooks.graphml"
"0.37","0.5","0.13","0.722935157442478","1,1,1,2,8,2,6,2,2,2,6,9,2,2,2,2,10,11,6,7,3,1,12,2,2,2,2,2,1,13,14,15,7,16,4,4,5,2,3,3,3,3,1,1,1,1,3,1,1,1,3,3,3,3,3,1,1,1,1,3,17,3,3,18,19,3,3,3,3,3,1,3,20,21,3,3,3,3,3,3,3,22,23,24,25,26,3,3,3,3,27,28,29,3,3,3,30,3,3,3,3,3,3,3,3,3,3,31,32,3,3,3,3,4,4,4,4,4,4,4,4,5,5,5,5,5,5,5,5","0.000905036926269531","fast_greedy","edit-xhwikibooks.graphml"
"0.36","0.51","0.13","0.722935157442478","1,1,1,2,8,2,6,2,2,2,6,9,2,2,2,2,10,11,6,7,3,1,12,2,2,2,2,2,1,13,14,15,7,16,4,4,5,2,3,3,3,3,1,1,1,1,3,1,1,1,3,3,3,3,3,1,1,1,1,3,17,3,3,18,19,3,3,3,3,3,1,3,20,21,3,3,3,3,3,3,3,22,23,24,25,26,3,3,3,3,27,28,29,3,3,3,30,3,3,3,3,3,3,3,3,3,3,31,32,3,3,3,3,4,4,4,4,4,4,4,4,5,5,5,5,5,5,5,5","0.000905036926269531","fast_greedy","edit-xhwikibooks.graphml"
"0.35","0.52","0.13","0.722935157442478","1,1,1,2,8,2,6,2,2,2,6,9,2,2,2,2,10,11,6,7,3,1,12,2,2,2,2,2,1,13,14,15,7,16,4,4,5,2,3,3,3,3,1,1,1,1,3,1,1,1,3,3,3,3,3,1,1,1,1,3,17,3,3,18,19,3,3,3,3,3,1,3,20,21,3,3,3,3,3,3,3,22,23,24,25,26,3,3,3,3,27,28,29,3,3,3,30,3,3,3,3,3,3,3,3,3,3,31,32,3,3,3,3,4,4,4,4,4,4,4,4,5,5,5,5,5,5,5,5","0.000918865203857422","fast_greedy","edit-xhwikibooks.graphml"
"0.34","0.53","0.13","0.71715976331361","1,1,1,2,6,2,7,2,2,2,8,9,2,2,2,2,10,11,4,12,3,1,13,2,2,2,2,2,1,14,15,16,17,18,4,4,5,2,3,3,3,3,1,1,1,1,3,1,1,1,3,3,3,3,3,1,1,1,1,3,19,3,3,20,21,3,3,3,3,3,1,3,22,23,3,3,3,3,3,3,3,24,25,26,27,28,3,3,3,3,29,30,31,3,3,3,32,3,3,3,3,3,3,3,3,3,3,33,34,3,3,3,3,4,4,4,4,4,4,4,4,5,5,5,5,5,5,5,5","0.000937223434448242","fast_greedy","edit-xhwikibooks.graphml"
"0.33","0.54","0.13","0.71715976331361","1,1,1,2,6,2,7,2,2,2,8,9,2,2,2,2,10,11,4,12,3,1,13,2,2,2,2,2,1,14,15,16,17,18,4,4,5,2,3,3,3,3,1,1,1,1,3,1,1,1,3,3,3,3,3,1,1,1,1,3,19,3,3,20,21,3,3,3,3,3,1,3,22,23,3,3,3,3,3,3,3,24,25,26,27,28,3,3,3,3,29,30,31,3,3,3,32,3,3,3,3,3,3,3,3,3,3,33,34,3,3,3,3,4,4,4,4,4,4,4,4,5,5,5,5,5,5,5,5","0.000931024551391602","fast_greedy","edit-xhwikibooks.graphml"
"0.32","0.55","0.13","0.71715976331361","1,1,1,2,6,2,7,2,2,2,8,9,2,2,2,2,10,11,4,12,3,1,13,2,2,2,2,2,1,14,15,16,17,18,4,4,5,2,3,3,3,3,1,1,1,1,3,1,1,1,3,3,3,3,3,1,1,1,1,3,19,3,3,20,21,3,3,3,3,3,1,3,22,23,3,3,3,3,3,3,3,24,25,26,27,28,3,3,3,3,29,30,31,3,3,3,32,3,3,3,3,3,3,3,3,3,3,33,34,3,3,3,3,4,4,4,4,4,4,4,4,5,5,5,5,5,5,5,5","0.000970125198364258","fast_greedy","edit-xhwikibooks.graphml"
"0.31","0.56","0.13","0.71715976331361","1,1,1,2,6,2,7,2,2,2,8,9,2,2,2,2,10,11,4,12,3,1,13,2,2,2,2,2,1,14,15,16,17,18,4,4,5,2,3,3,3,3,1,1,1,1,3,1,1,1,3,3,3,3,3,1,1,1,1,3,19,3,3,20,21,3,3,3,3,3,1,3,22,23,3,3,3,3,3,3,3,24,25,26,27,28,3,3,3,3,29,30,31,3,3,3,32,3,3,3,3,3,3,3,3,3,3,33,34,3,3,3,3,4,4,4,4,4,4,4,4,5,5,5,5,5,5,5,5","0.000943183898925781","fast_greedy","edit-xhwikibooks.graphml"
"0.3","0.57","0.13","0.71715976331361","1,1,1,2,6,2,7,2,2,2,8,9,2,2,2,2,10,11,4,12,3,1,13,2,2,2,2,2,1,14,15,16,17,18,4,4,5,2,3,3,3,3,1,1,1,1,3,1,1,1,3,3,3,3,3,1,1,1,1,3,19,3,3,20,21,3,3,3,3,3,1,3,22,23,3,3,3,3,3,3,3,24,25,26,27,28,3,3,3,3,29,30,31,3,3,3,32,3,3,3,3,3,3,3,3,3,3,33,34,3,3,3,3,4,4,4,4,4,4,4,4,5,5,5,5,5,5,5,5","0.000931978225708008","fast_greedy","edit-xhwikibooks.graphml"
"0.29","0.58","0.13","0.71715976331361","1,1,1,2,6,2,7,2,2,2,8,9,2,2,2,2,10,11,4,12,3,1,13,2,2,2,2,2,1,14,15,16,17,18,4,4,5,2,3,3,3,3,1,1,1,1,3,1,1,1,3,3,3,3,3,1,1,1,1,3,19,3,3,20,21,3,3,3,3,3,1,3,22,23,3,3,3,3,3,3,3,24,25,26,27,28,3,3,3,3,29,30,31,3,3,3,32,3,3,3,3,3,3,3,3,3,3,33,34,3,3,3,3,4,4,4,4,4,4,4,4,5,5,5,5,5,5,5,5","0.000906944274902344","fast_greedy","edit-xhwikibooks.graphml"
"0.28","0.59","0.13","0.71715976331361","1,1,1,2,6,2,7,2,2,2,8,9,2,2,2,2,10,11,4,12,3,1,13,2,2,2,2,2,1,14,15,16,17,18,4,4,5,2,3,3,3,3,1,1,1,1,3,1,1,1,3,3,3,3,3,1,1,1,1,3,19,3,3,20,21,3,3,3,3,3,1,3,22,23,3,3,3,3,3,3,3,24,25,26,27,28,3,3,3,3,29,30,31,3,3,3,32,3,3,3,3,3,3,3,3,3,3,33,34,3,3,3,3,4,4,4,4,4,4,4,4,5,5,5,5,5,5,5,5","0.000909805297851562","fast_greedy","edit-xhwikibooks.graphml"
"0.27","0.6","0.13","0.71715976331361","1,1,1,2,6,2,7,2,2,2,8,9,2,2,2,2,10,11,4,12,3,1,13,2,2,2,2,2,1,14,15,16,17,18,4,4,5,2,3,3,3,3,1,1,1,1,3,1,1,1,3,3,3,3,3,1,1,1,1,3,19,3,3,20,21,3,3,3,3,3,1,3,22,23,3,3,3,3,3,3,3,24,25,26,27,28,3,3,3,3,29,30,31,3,3,3,32,3,3,3,3,3,3,3,3,3,3,33,34,3,3,3,3,4,4,4,4,4,4,4,4,5,5,5,5,5,5,5,5","0.00102686882019043","fast_greedy","edit-xhwikibooks.graphml"
"0.26","0.61","0.13","0.71715976331361","1,1,1,2,6,2,7,2,2,2,8,9,2,2,2,2,10,11,4,12,3,1,13,2,2,2,2,2,1,14,15,16,17,18,4,4,5,2,3,3,3,3,1,1,1,1,3,1,1,1,3,3,3,3,3,1,1,1,1,3,19,3,3,20,21,3,3,3,3,3,1,3,22,23,3,3,3,3,3,3,3,24,25,26,27,28,3,3,3,3,29,30,31,3,3,3,32,3,3,3,3,3,3,3,3,3,3,33,34,3,3,3,3,4,4,4,4,4,4,4,4,5,5,5,5,5,5,5,5","0.00119900703430176","fast_greedy","edit-xhwikibooks.graphml"
"0.25","0.62","0.13","0.71715976331361","1,1,1,2,6,2,7,2,2,2,8,9,2,2,2,2,10,11,4,12,3,1,13,2,2,2,2,2,1,14,15,16,17,18,4,4,5,2,3,3,3,3,1,1,1,1,3,1,1,1,3,3,3,3,3,1,1,1,1,3,19,3,3,20,21,3,3,3,3,3,1,3,22,23,3,3,3,3,3,3,3,24,25,26,27,28,3,3,3,3,29,30,31,3,3,3,32,3,3,3,3,3,3,3,3,3,3,33,34,3,3,3,3,4,4,4,4,4,4,4,4,5,5,5,5,5,5,5,5","0.00094294548034668","fast_greedy","edit-xhwikibooks.graphml"
"0.24","0.63","0.13","0.71715976331361","1,1,1,2,6,2,7,2,2,2,8,9,2,2,2,2,10,11,4,12,3,1,13,2,2,2,2,2,1,14,15,16,17,18,4,4,5,2,3,3,3,3,1,1,1,1,3,1,1,1,3,3,3,3,3,1,1,1,1,3,19,3,3,20,21,3,3,3,3,3,1,3,22,23,3,3,3,3,3,3,3,24,25,26,27,28,3,3,3,3,29,30,31,3,3,3,32,3,3,3,3,3,3,3,3,3,3,33,34,3,3,3,3,4,4,4,4,4,4,4,4,5,5,5,5,5,5,5,5","0.000932931900024414","fast_greedy","edit-xhwikibooks.graphml"
"0.23","0.64","0.13","0.71715976331361","1,1,1,2,6,2,7,2,2,2,8,9,2,2,2,2,10,11,4,12,3,1,13,2,2,2,2,2,1,14,15,16,17,18,4,4,5,2,3,3,3,3,1,1,1,1,3,1,1,1,3,3,3,3,3,1,1,1,1,3,19,3,3,20,21,3,3,3,3,3,1,3,22,23,3,3,3,3,3,3,3,24,25,26,27,28,3,3,3,3,29,30,31,3,3,3,32,3,3,3,3,3,3,3,3,3,3,33,34,3,3,3,3,4,4,4,4,4,4,4,4,5,5,5,5,5,5,5,5","0.000916004180908203","fast_greedy","edit-xhwikibooks.graphml"
"0.22","0.65","0.13","0.71715976331361","1,1,1,2,6,2,7,2,2,2,8,9,2,2,2,2,10,11,4,12,3,1,13,2,2,2,2,2,1,14,15,16,17,18,4,4,5,2,3,3,3,3,1,1,1,1,3,1,1,1,3,3,3,3,3,1,1,1,1,3,19,3,3,20,21,3,3,3,3,3,1,3,22,23,3,3,3,3,3,3,3,24,25,26,27,28,3,3,3,3,29,30,31,3,3,3,32,3,3,3,3,3,3,3,3,3,3,33,34,3,3,3,3,4,4,4,4,4,4,4,4,5,5,5,5,5,5,5,5","0.000908851623535156","fast_greedy","edit-xhwikibooks.graphml"
"0.21","0.66","0.13","0.707791363163372","1,1,1,6,7,2,8,2,2,9,10,11,2,2,2,2,12,13,4,14,3,1,15,2,2,2,2,16,17,18,19,20,21,22,4,4,5,2,3,3,3,3,1,1,1,1,3,1,1,1,3,3,3,3,3,1,1,1,1,3,23,3,3,24,25,3,3,3,3,3,1,3,26,27,3,3,3,3,3,3,3,28,29,30,31,32,3,3,3,3,33,34,35,3,3,3,36,3,3,3,3,3,3,3,3,3,3,37,38,3,3,3,3,4,4,4,4,4,4,4,4,5,5,5,5,5,5,5,5","0.000962972640991211","fast_greedy","edit-xhwikibooks.graphml"
"0.2","0.67","0.13","0.707791363163372","1,1,1,6,7,2,8,2,2,9,10,11,2,2,2,2,12,13,4,14,3,1,15,2,2,2,2,16,17,18,19,20,21,22,4,4,5,2,3,3,3,3,1,1,1,1,3,1,1,1,3,3,3,3,3,1,1,1,1,3,23,3,3,24,25,3,3,3,3,3,1,3,26,27,3,3,3,3,3,3,3,28,29,30,31,32,3,3,3,3,33,34,35,3,3,3,36,3,3,3,3,3,3,3,3,3,3,37,38,3,3,3,3,4,4,4,4,4,4,4,4,5,5,5,5,5,5,5,5","0.00096893310546875","fast_greedy","edit-xhwikibooks.graphml"
"0.19","0.68","0.13","0.707791363163372","1,1,1,6,7,2,8,2,2,9,10,11,2,2,2,2,12,13,4,14,3,1,15,2,2,2,2,16,17,18,19,20,21,22,4,4,5,2,3,3,3,3,1,1,1,1,3,1,1,1,3,3,3,3,3,1,1,1,1,3,23,3,3,24,25,3,3,3,3,3,1,3,26,27,3,3,3,3,3,3,3,28,29,30,31,32,3,3,3,3,33,34,35,3,3,3,36,3,3,3,3,3,3,3,3,3,3,37,38,3,3,3,3,4,4,4,4,4,4,4,4,5,5,5,5,5,5,5,5","0.00101017951965332","fast_greedy","edit-xhwikibooks.graphml"
"0.18","0.69","0.13","0.707791363163372","1,1,1,6,7,2,8,2,2,9,10,11,2,2,2,2,12,13,4,14,3,1,15,2,2,2,2,16,17,18,19,20,21,22,4,4,5,2,3,3,3,3,1,1,1,1,3,1,1,1,3,3,3,3,3,1,1,1,1,3,23,3,3,24,25,3,3,3,3,3,1,3,26,27,3,3,3,3,3,3,3,28,29,30,31,32,3,3,3,3,33,34,35,3,3,3,36,3,3,3,3,3,3,3,3,3,3,37,38,3,3,3,3,4,4,4,4,4,4,4,4,5,5,5,5,5,5,5,5","0.000921964645385742","fast_greedy","edit-xhwikibooks.graphml"
"0.17","0.7","0.13","0.707791363163372","1,1,1,6,7,2,8,2,2,9,10,11,2,2,2,2,12,13,4,14,3,1,15,2,2,2,2,16,17,18,19,20,21,22,4,4,5,2,3,3,3,3,1,1,1,1,3,1,1,1,3,3,3,3,3,1,1,1,1,3,23,3,3,24,25,3,3,3,3,3,1,3,26,27,3,3,3,3,3,3,3,28,29,30,31,32,3,3,3,3,33,34,35,3,3,3,36,3,3,3,3,3,3,3,3,3,3,37,38,3,3,3,3,4,4,4,4,4,4,4,4,5,5,5,5,5,5,5,5","0.000901937484741211","fast_greedy","edit-xhwikibooks.graphml"
"0.16","0.71","0.13","0.707791363163372","1,1,1,6,7,2,8,2,2,9,10,11,2,2,2,2,12,13,4,14,3,1,15,2,2,2,2,16,17,18,19,20,21,22,4,4,5,2,3,3,3,3,1,1,1,1,3,1,1,1,3,3,3,3,3,1,1,1,1,3,23,3,3,24,25,3,3,3,3,3,1,3,26,27,3,3,3,3,3,3,3,28,29,30,31,32,3,3,3,3,33,34,35,3,3,3,36,3,3,3,3,3,3,3,3,3,3,37,38,3,3,3,3,4,4,4,4,4,4,4,4,5,5,5,5,5,5,5,5","0.000905036926269531","fast_greedy","edit-xhwikibooks.graphml"
"0.15","0.72","0.13","0.707791363163372","1,1,1,6,7,2,8,2,2,9,10,11,2,2,2,2,12,13,4,14,3,1,15,2,2,2,2,16,17,18,19,20,21,22,4,4,5,2,3,3,3,3,1,1,1,1,3,1,1,1,3,3,3,3,3,1,1,1,1,3,23,3,3,24,25,3,3,3,3,3,1,3,26,27,3,3,3,3,3,3,3,28,29,30,31,32,3,3,3,3,33,34,35,3,3,3,36,3,3,3,3,3,3,3,3,3,3,37,38,3,3,3,3,4,4,4,4,4,4,4,4,5,5,5,5,5,5,5,5","0.000988960266113281","fast_greedy","edit-xhwikibooks.graphml"
"0.14","0.73","0.13","0.707791363163372","1,1,1,6,7,2,8,2,2,9,10,11,2,2,2,2,12,13,4,14,3,1,15,2,2,2,2,16,17,18,19,20,21,22,4,4,5,2,3,3,3,3,1,1,1,1,3,1,1,1,3,3,3,3,3,1,1,1,1,3,23,3,3,24,25,3,3,3,3,3,1,3,26,27,3,3,3,3,3,3,3,28,29,30,31,32,3,3,3,3,33,34,35,3,3,3,36,3,3,3,3,3,3,3,3,3,3,37,38,3,3,3,3,4,4,4,4,4,4,4,4,5,5,5,5,5,5,5,5","0.00114798545837402","fast_greedy","edit-xhwikibooks.graphml"
"0.13","0.74","0.13","0.707791363163372","1,1,1,6,7,2,8,2,2,9,10,11,2,2,2,2,12,13,4,14,3,1,15,2,2,2,2,16,17,18,19,20,21,22,4,4,5,2,3,3,3,3,1,1,1,1,3,1,1,1,3,3,3,3,3,1,1,1,1,3,23,3,3,24,25,3,3,3,3,3,1,3,26,27,3,3,3,3,3,3,3,28,29,30,31,32,3,3,3,3,33,34,35,3,3,3,36,3,3,3,3,3,3,3,3,3,3,37,38,3,3,3,3,4,4,4,4,4,4,4,4,5,5,5,5,5,5,5,5","0.00129103660583496","fast_greedy","edit-xhwikibooks.graphml"
"0.12","0.75","0.13","0.707791363163372","1,1,1,6,7,2,8,2,2,9,10,11,2,2,2,2,12,13,4,14,3,1,15,2,2,2,2,16,17,18,19,20,21,22,4,4,5,2,3,3,3,3,1,1,1,1,3,1,1,1,3,3,3,3,3,1,1,1,1,3,23,3,3,24,25,3,3,3,3,3,1,3,26,27,3,3,3,3,3,3,3,28,29,30,31,32,3,3,3,3,33,34,35,3,3,3,36,3,3,3,3,3,3,3,3,3,3,37,38,3,3,3,3,4,4,4,4,4,4,4,4,5,5,5,5,5,5,5,5","0.00105810165405273","fast_greedy","edit-xhwikibooks.graphml"
"0.11","0.76","0.13","0.707791363163372","1,1,1,6,7,2,8,2,2,9,10,11,2,2,2,2,12,13,4,14,3,1,15,2,2,2,2,16,17,18,19,20,21,22,4,4,5,2,3,3,3,3,1,1,1,1,3,1,1,1,3,3,3,3,3,1,1,1,1,3,23,3,3,24,25,3,3,3,3,3,1,3,26,27,3,3,3,3,3,3,3,28,29,30,31,32,3,3,3,3,33,34,35,3,3,3,36,3,3,3,3,3,3,3,3,3,3,37,38,3,3,3,3,4,4,4,4,4,4,4,4,5,5,5,5,5,5,5,5","0.000993013381958008","fast_greedy","edit-xhwikibooks.graphml"
"0.1","0.77","0.13","0.707791363163372","1,1,1,6,7,2,8,2,2,9,10,11,2,2,2,2,12,13,4,14,3,1,15,2,2,2,2,16,17,18,19,20,21,22,4,4,5,2,3,3,3,3,1,1,1,1,3,1,1,1,3,3,3,3,3,1,1,1,1,3,23,3,3,24,25,3,3,3,3,3,1,3,26,27,3,3,3,3,3,3,3,28,29,30,31,32,3,3,3,3,33,34,35,3,3,3,36,3,3,3,3,3,3,3,3,3,3,37,38,3,3,3,3,4,4,4,4,4,4,4,4,5,5,5,5,5,5,5,5","0.000977993011474609","fast_greedy","edit-xhwikibooks.graphml"
"0.09","0.78","0.13","0.707791363163372","1,1,1,6,7,2,8,2,2,9,10,11,2,2,2,2,12,13,4,14,3,1,15,2,2,2,2,16,17,18,19,20,21,22,4,4,5,2,3,3,3,3,1,1,1,1,3,1,1,1,3,3,3,3,3,1,1,1,1,3,23,3,3,24,25,3,3,3,3,3,1,3,26,27,3,3,3,3,3,3,3,28,29,30,31,32,3,3,3,3,33,34,35,3,3,3,36,3,3,3,3,3,3,3,3,3,3,37,38,3,3,3,3,4,4,4,4,4,4,4,4,5,5,5,5,5,5,5,5","0.000952959060668945","fast_greedy","edit-xhwikibooks.graphml"
"0.08","0.79","0.13","0.701728024042074","1,1,1,6,7,4,8,4,4,9,10,11,4,4,4,12,13,14,3,15,2,1,16,4,4,4,4,17,18,19,20,21,22,23,3,3,5,24,2,2,2,2,1,1,1,1,2,1,1,1,2,2,2,2,2,1,1,1,1,2,25,2,2,26,27,2,2,2,2,2,1,2,28,29,2,2,2,2,2,2,2,30,31,32,33,34,2,2,2,2,35,36,37,2,2,2,38,2,2,2,2,2,2,2,2,2,2,39,40,2,2,2,2,3,3,3,3,3,3,3,3,5,5,5,5,5,5,5,5","0.000976085662841797","fast_greedy","edit-xhwikibooks.graphml"
"0.07","0.8","0.13","0.701728024042074","1,1,1,6,7,4,8,4,4,9,10,11,4,4,4,12,13,14,3,15,2,1,16,4,4,4,4,17,18,19,20,21,22,23,3,3,5,24,2,2,2,2,1,1,1,1,2,1,1,1,2,2,2,2,2,1,1,1,1,2,25,2,2,26,27,2,2,2,2,2,1,2,28,29,2,2,2,2,2,2,2,30,31,32,33,34,2,2,2,2,35,36,37,2,2,2,38,2,2,2,2,2,2,2,2,2,2,39,40,2,2,2,2,3,3,3,3,3,3,3,3,5,5,5,5,5,5,5,5","0.000928878784179688","fast_greedy","edit-xhwikibooks.graphml"
"0.06","0.81","0.13","0.701728024042074","1,1,1,6,7,4,8,4,4,9,10,11,4,4,4,12,13,14,3,15,2,1,16,4,4,4,4,17,18,19,20,21,22,23,3,3,5,24,2,2,2,2,1,1,1,1,2,1,1,1,2,2,2,2,2,1,1,1,1,2,25,2,2,26,27,2,2,2,2,2,1,2,28,29,2,2,2,2,2,2,2,30,31,32,33,34,2,2,2,2,35,36,37,2,2,2,38,2,2,2,2,2,2,2,2,2,2,39,40,2,2,2,2,3,3,3,3,3,3,3,3,5,5,5,5,5,5,5,5","0.000939846038818359","fast_greedy","edit-xhwikibooks.graphml"
"0.05","0.82","0.13","0.701728024042074","1,1,1,6,7,4,8,4,4,9,10,11,4,4,4,12,13,14,3,15,2,1,16,4,4,4,4,17,18,19,20,21,22,23,3,3,5,24,2,2,2,2,1,1,1,1,2,1,1,1,2,2,2,2,2,1,1,1,1,2,25,2,2,26,27,2,2,2,2,2,1,2,28,29,2,2,2,2,2,2,2,30,31,32,33,34,2,2,2,2,35,36,37,2,2,2,38,2,2,2,2,2,2,2,2,2,2,39,40,2,2,2,2,3,3,3,3,3,3,3,3,5,5,5,5,5,5,5,5","0.000952005386352539","fast_greedy","edit-xhwikibooks.graphml"
"0.04","0.83","0.13","0.701728024042074","1,1,1,6,7,4,8,4,4,9,10,11,4,4,4,12,13,14,3,15,2,1,16,4,4,4,4,17,18,19,20,21,22,23,3,3,5,24,2,2,2,2,1,1,1,1,2,1,1,1,2,2,2,2,2,1,1,1,1,2,25,2,2,26,27,2,2,2,2,2,1,2,28,29,2,2,2,2,2,2,2,30,31,32,33,34,2,2,2,2,35,36,37,2,2,2,38,2,2,2,2,2,2,2,2,2,2,39,40,2,2,2,2,3,3,3,3,3,3,3,3,5,5,5,5,5,5,5,5","0.000939130783081055","fast_greedy","edit-xhwikibooks.graphml"
"0.03","0.84","0.13","0.701728024042074","1,1,1,6,7,4,8,4,4,9,10,11,4,4,4,12,13,14,3,15,2,1,16,4,4,4,4,17,18,19,20,21,22,23,3,3,5,24,2,2,2,2,1,1,1,1,2,1,1,1,2,2,2,2,2,1,1,1,1,2,25,2,2,26,27,2,2,2,2,2,1,2,28,29,2,2,2,2,2,2,2,30,31,32,33,34,2,2,2,2,35,36,37,2,2,2,38,2,2,2,2,2,2,2,2,2,2,39,40,2,2,2,2,3,3,3,3,3,3,3,3,5,5,5,5,5,5,5,5","0.00123000144958496","fast_greedy","edit-xhwikibooks.graphml"
"0.02","0.85","0.13","0.701728024042074","1,1,1,6,7,4,8,4,4,9,10,11,4,4,4,12,13,14,3,15,2,1,16,4,4,4,4,17,18,19,20,21,22,23,3,3,5,24,2,2,2,2,1,1,1,1,2,1,1,1,2,2,2,2,2,1,1,1,1,2,25,2,2,26,27,2,2,2,2,2,1,2,28,29,2,2,2,2,2,2,2,30,31,32,33,34,2,2,2,2,35,36,37,2,2,2,38,2,2,2,2,2,2,2,2,2,2,39,40,2,2,2,2,3,3,3,3,3,3,3,3,5,5,5,5,5,5,5,5","0.0011441707611084","fast_greedy","edit-xhwikibooks.graphml"
"0.01","0.86","0.13","0.701728024042074","1,1,1,6,7,4,8,4,4,9,10,11,4,4,4,12,13,14,3,15,2,1,16,4,4,4,4,17,18,19,20,21,22,23,3,3,5,24,2,2,2,2,1,1,1,1,2,1,1,1,2,2,2,2,2,1,1,1,1,2,25,2,2,26,27,2,2,2,2,2,1,2,28,29,2,2,2,2,2,2,2,30,31,32,33,34,2,2,2,2,35,36,37,2,2,2,38,2,2,2,2,2,2,2,2,2,2,39,40,2,2,2,2,3,3,3,3,3,3,3,3,5,5,5,5,5,5,5,5","0.000932931900024414","fast_greedy","edit-xhwikibooks.graphml"
"0","0.87","0.13","0.699310302734375","3,3,3,3,3,3,7,3,6,8,9,10,6,6,6,11,12,13,2,14,1,4,15,3,6,6,6,16,3,17,18,19,20,21,2,2,5,22,1,1,1,1,4,4,4,4,1,4,4,4,1,1,1,1,1,4,4,4,4,1,23,1,1,24,25,1,1,1,1,1,4,1,26,27,1,1,1,1,1,1,1,28,29,30,31,32,1,1,1,1,33,34,35,1,1,1,36,1,1,1,1,1,1,1,1,1,1,37,38,1,1,1,1,2,2,2,2,2,2,2,2,5,5,5,5,5,5,5,5","0.000917911529541016","fast_greedy","edit-xhwikibooks.graphml"
"0.86","0","0.14","0.738928571428572","1,1,1,1,1,2,1,5,2,2,4,1,5,5,5,2,2,4,4,1,3,6,5,5,5,5,5,2,1,2,4,4,1,1,7,7,8,5,3,3,3,3,6,6,6,6,3,6,6,6,3,3,3,3,3,6,6,6,6,3,5,3,3,5,5,3,3,3,3,3,6,3,5,5,3,3,3,3,3,3,3,5,2,2,2,1,3,3,3,3,2,4,4,3,3,3,2,3,3,3,3,3,3,3,3,3,3,1,1,1,3,3,3,7,7,7,7,7,7,7,7,8,8,8,8,8,8,8,8","0.00094294548034668","fast_greedy","edit-xhwikibooks.graphml"
"0.85","0.01","0.14","0.738928571428572","1,1,1,1,1,2,1,5,2,2,4,1,5,5,5,2,2,4,4,1,3,6,5,5,5,5,5,2,1,2,4,4,1,1,7,7,8,5,3,3,3,3,6,6,6,6,3,6,6,6,3,3,3,3,3,6,6,6,6,3,5,3,3,5,5,3,3,3,3,3,6,3,5,5,3,3,3,3,3,3,3,5,2,2,2,1,3,3,3,3,2,4,4,3,3,3,2,3,3,3,3,3,3,3,3,3,3,1,1,1,3,3,3,7,7,7,7,7,7,7,7,8,8,8,8,8,8,8,8","0.000931024551391602","fast_greedy","edit-xhwikibooks.graphml"
"0.84","0.02","0.14","0.738928571428572","1,1,1,1,1,2,1,5,2,2,4,1,5,5,5,2,2,4,4,1,3,6,5,5,5,5,5,2,1,2,4,4,1,1,7,7,8,5,3,3,3,3,6,6,6,6,3,6,6,6,3,3,3,3,3,6,6,6,6,3,5,3,3,5,5,3,3,3,3,3,6,3,5,5,3,3,3,3,3,3,3,5,2,2,2,1,3,3,3,3,2,4,4,3,3,3,2,3,3,3,3,3,3,3,3,3,3,1,1,1,3,3,3,7,7,7,7,7,7,7,7,8,8,8,8,8,8,8,8","0.000916004180908203","fast_greedy","edit-xhwikibooks.graphml"
"0.83","0.03","0.14","0.738928571428572","1,1,1,1,1,2,1,5,2,2,4,1,5,5,5,2,2,4,4,1,3,6,5,5,5,5,5,2,1,2,4,4,1,1,7,7,8,5,3,3,3,3,6,6,6,6,3,6,6,6,3,3,3,3,3,6,6,6,6,3,5,3,3,5,5,3,3,3,3,3,6,3,5,5,3,3,3,3,3,3,3,5,2,2,2,1,3,3,3,3,2,4,4,3,3,3,2,3,3,3,3,3,3,3,3,3,3,1,1,1,3,3,3,7,7,7,7,7,7,7,7,8,8,8,8,8,8,8,8","0.000931978225708008","fast_greedy","edit-xhwikibooks.graphml"
"0.82","0.04","0.14","0.738928571428572","1,1,1,1,1,2,1,5,2,2,4,1,5,5,5,2,2,4,4,1,3,6,5,5,5,5,5,2,1,2,4,4,1,1,7,7,8,5,3,3,3,3,6,6,6,6,3,6,6,6,3,3,3,3,3,6,6,6,6,3,5,3,3,5,5,3,3,3,3,3,6,3,5,5,3,3,3,3,3,3,3,5,2,2,2,1,3,3,3,3,2,4,4,3,3,3,2,3,3,3,3,3,3,3,3,3,3,1,1,1,3,3,3,7,7,7,7,7,7,7,7,8,8,8,8,8,8,8,8","0.000931024551391602","fast_greedy","edit-xhwikibooks.graphml"
"0.81","0.05","0.14","0.738928571428572","1,1,1,1,1,2,1,5,2,2,4,1,5,5,5,2,2,4,4,1,3,6,5,5,5,5,5,2,1,2,4,4,1,1,7,7,8,5,3,3,3,3,6,6,6,6,3,6,6,6,3,3,3,3,3,6,6,6,6,3,5,3,3,5,5,3,3,3,3,3,6,3,5,5,3,3,3,3,3,3,3,5,2,2,2,1,3,3,3,3,2,4,4,3,3,3,2,3,3,3,3,3,3,3,3,3,3,1,1,1,3,3,3,7,7,7,7,7,7,7,7,8,8,8,8,8,8,8,8","0.000941038131713867","fast_greedy","edit-xhwikibooks.graphml"
"0.8","0.06","0.14","0.738928571428572","1,1,1,1,1,2,1,5,2,2,4,1,5,5,5,2,2,4,4,1,3,6,5,5,5,5,5,2,1,2,4,4,1,1,7,7,8,5,3,3,3,3,6,6,6,6,3,6,6,6,3,3,3,3,3,6,6,6,6,3,5,3,3,5,5,3,3,3,3,3,6,3,5,5,3,3,3,3,3,3,3,5,2,2,2,1,3,3,3,3,2,4,4,3,3,3,2,3,3,3,3,3,3,3,3,3,3,1,1,1,3,3,3,7,7,7,7,7,7,7,7,8,8,8,8,8,8,8,8","0.000931978225708008","fast_greedy","edit-xhwikibooks.graphml"
"0.79","0.07","0.14","0.738928571428572","1,1,1,1,1,2,1,5,2,2,4,1,5,5,5,2,2,4,4,1,3,6,5,5,5,5,5,2,1,2,4,4,1,1,7,7,8,5,3,3,3,3,6,6,6,6,3,6,6,6,3,3,3,3,3,6,6,6,6,3,5,3,3,5,5,3,3,3,3,3,6,3,5,5,3,3,3,3,3,3,3,5,2,2,2,1,3,3,3,3,2,4,4,3,3,3,2,3,3,3,3,3,3,3,3,3,3,1,1,1,3,3,3,7,7,7,7,7,7,7,7,8,8,8,8,8,8,8,8","0.000926017761230469","fast_greedy","edit-xhwikibooks.graphml"
"0.78","0.08","0.14","0.738928571428572","1,1,1,1,1,2,1,5,2,2,4,1,5,5,5,2,2,4,4,1,3,6,5,5,5,5,5,2,1,2,4,4,1,1,7,7,8,5,3,3,3,3,6,6,6,6,3,6,6,6,3,3,3,3,3,6,6,6,6,3,5,3,3,5,5,3,3,3,3,3,6,3,5,5,3,3,3,3,3,3,3,5,2,2,2,1,3,3,3,3,2,4,4,3,3,3,2,3,3,3,3,3,3,3,3,3,3,1,1,1,3,3,3,7,7,7,7,7,7,7,7,8,8,8,8,8,8,8,8","0.00094914436340332","fast_greedy","edit-xhwikibooks.graphml"
"0.77","0.09","0.14","0.738928571428572","1,1,1,1,1,2,1,5,2,2,4,1,5,5,5,2,2,4,4,1,3,6,5,5,5,5,5,2,1,2,4,4,1,1,7,7,8,5,3,3,3,3,6,6,6,6,3,6,6,6,3,3,3,3,3,6,6,6,6,3,5,3,3,5,5,3,3,3,3,3,6,3,5,5,3,3,3,3,3,3,3,5,2,2,2,1,3,3,3,3,2,4,4,3,3,3,2,3,3,3,3,3,3,3,3,3,3,1,1,1,3,3,3,7,7,7,7,7,7,7,7,8,8,8,8,8,8,8,8","0.00112485885620117","fast_greedy","edit-xhwikibooks.graphml"
"0.76","0.1","0.14","0.738928571428572","1,1,1,1,1,2,1,5,2,2,4,1,5,5,5,2,2,4,4,1,3,6,5,5,5,5,5,2,1,2,4,4,1,1,7,7,8,5,3,3,3,3,6,6,6,6,3,6,6,6,3,3,3,3,3,6,6,6,6,3,5,3,3,5,5,3,3,3,3,3,6,3,5,5,3,3,3,3,3,3,3,5,2,2,2,1,3,3,3,3,2,4,4,3,3,3,2,3,3,3,3,3,3,3,3,3,3,1,1,1,3,3,3,7,7,7,7,7,7,7,7,8,8,8,8,8,8,8,8","0.000938892364501953","fast_greedy","edit-xhwikibooks.graphml"
"0.75","0.11","0.14","0.738928571428572","1,1,1,1,1,2,1,5,2,2,4,1,5,5,5,2,2,4,4,1,3,6,5,5,5,5,5,2,1,2,4,4,1,1,7,7,8,5,3,3,3,3,6,6,6,6,3,6,6,6,3,3,3,3,3,6,6,6,6,3,5,3,3,5,5,3,3,3,3,3,6,3,5,5,3,3,3,3,3,3,3,5,2,2,2,1,3,3,3,3,2,4,4,3,3,3,2,3,3,3,3,3,3,3,3,3,3,1,1,1,3,3,3,7,7,7,7,7,7,7,7,8,8,8,8,8,8,8,8","0.00093388557434082","fast_greedy","edit-xhwikibooks.graphml"
"0.74","0.12","0.14","0.738928571428572","1,1,1,1,1,2,1,5,2,2,4,1,5,5,5,2,2,4,4,1,3,6,5,5,5,5,5,2,1,2,4,4,1,1,7,7,8,5,3,3,3,3,6,6,6,6,3,6,6,6,3,3,3,3,3,6,6,6,6,3,5,3,3,5,5,3,3,3,3,3,6,3,5,5,3,3,3,3,3,3,3,5,2,2,2,1,3,3,3,3,2,4,4,3,3,3,2,3,3,3,3,3,3,3,3,3,3,1,1,1,3,3,3,7,7,7,7,7,7,7,7,8,8,8,8,8,8,8,8","0.000943183898925781","fast_greedy","edit-xhwikibooks.graphml"
"0.73","0.13","0.14","0.738928571428572","1,1,1,1,1,2,1,5,2,2,4,1,5,5,5,2,2,4,4,1,3,6,5,5,5,5,5,2,1,2,4,4,1,1,7,7,8,5,3,3,3,3,6,6,6,6,3,6,6,6,3,3,3,3,3,6,6,6,6,3,5,3,3,5,5,3,3,3,3,3,6,3,5,5,3,3,3,3,3,3,3,5,2,2,2,1,3,3,3,3,2,4,4,3,3,3,2,3,3,3,3,3,3,3,3,3,3,1,1,1,3,3,3,7,7,7,7,7,7,7,7,8,8,8,8,8,8,8,8","0.000939846038818359","fast_greedy","edit-xhwikibooks.graphml"
"0.72","0.14","0.14","0.738928571428572","1,1,1,1,1,2,1,5,2,2,4,1,5,5,5,2,2,4,4,1,3,6,5,5,5,5,5,2,1,2,4,4,1,1,7,7,8,5,3,3,3,3,6,6,6,6,3,6,6,6,3,3,3,3,3,6,6,6,6,3,5,3,3,5,5,3,3,3,3,3,6,3,5,5,3,3,3,3,3,3,3,5,2,2,2,1,3,3,3,3,2,4,4,3,3,3,2,3,3,3,3,3,3,3,3,3,3,1,1,1,3,3,3,7,7,7,7,7,7,7,7,8,8,8,8,8,8,8,8","0.000929117202758789","fast_greedy","edit-xhwikibooks.graphml"
"0.71","0.15","0.14","0.729053497942387","2,2,2,2,2,1,2,1,1,1,2,4,1,1,1,5,1,2,2,4,3,6,1,1,1,1,1,5,2,1,2,2,4,4,7,7,8,1,3,3,3,3,6,6,6,6,3,6,6,6,3,3,3,3,3,6,6,6,6,3,9,3,3,1,1,3,3,3,3,3,6,3,1,1,3,3,3,3,3,3,3,1,5,5,5,10,3,3,3,3,11,12,13,3,3,3,5,3,3,3,3,3,3,3,3,3,3,4,4,4,3,3,3,7,7,7,7,7,7,7,7,8,8,8,8,8,8,8,8","0.000940084457397461","fast_greedy","edit-xhwikibooks.graphml"
"0.7","0.16","0.14","0.729053497942387","2,2,2,2,2,1,2,1,1,1,2,4,1,1,1,5,1,2,2,4,3,6,1,1,1,1,1,5,2,1,2,2,4,4,7,7,8,1,3,3,3,3,6,6,6,6,3,6,6,6,3,3,3,3,3,6,6,6,6,3,9,3,3,1,1,3,3,3,3,3,6,3,1,1,3,3,3,3,3,3,3,1,5,5,5,10,3,3,3,3,11,12,13,3,3,3,5,3,3,3,3,3,3,3,3,3,3,4,4,4,3,3,3,7,7,7,7,7,7,7,7,8,8,8,8,8,8,8,8","0.000936031341552734","fast_greedy","edit-xhwikibooks.graphml"
"0.69","0.17","0.14","0.732536764705882","1,1,1,1,1,2,1,4,2,2,1,5,4,4,4,2,2,1,1,5,3,6,4,4,4,4,4,2,1,2,1,1,5,5,8,8,7,4,3,3,3,3,6,6,6,6,3,6,6,6,3,3,3,3,3,6,6,6,6,3,9,3,3,4,4,3,3,3,3,3,6,3,4,4,3,3,3,3,3,3,3,4,2,2,2,10,3,3,3,3,11,12,13,3,3,3,2,3,3,3,3,3,3,3,3,3,3,5,5,5,3,3,3,8,8,8,8,8,8,8,8,7,7,7,7,7,7,7,7","0.000923871994018555","fast_greedy","edit-xhwikibooks.graphml"
"0.68","0.18","0.14","0.732536764705882","1,1,1,1,1,2,1,4,2,2,1,5,4,4,4,2,2,1,1,5,3,6,4,4,4,4,4,2,1,2,1,1,5,5,8,8,7,4,3,3,3,3,6,6,6,6,3,6,6,6,3,3,3,3,3,6,6,6,6,3,9,3,3,4,4,3,3,3,3,3,6,3,4,4,3,3,3,3,3,3,3,4,2,2,2,10,3,3,3,3,11,12,13,3,3,3,2,3,3,3,3,3,3,3,3,3,3,5,5,5,3,3,3,8,8,8,8,8,8,8,8,7,7,7,7,7,7,7,7","0.000930070877075195","fast_greedy","edit-xhwikibooks.graphml"
"0.67","0.19","0.14","0.732536764705882","1,1,1,1,1,2,1,4,2,2,1,5,4,4,4,2,2,1,1,5,3,6,4,4,4,4,4,2,1,2,1,1,5,5,8,8,7,4,3,3,3,3,6,6,6,6,3,6,6,6,3,3,3,3,3,6,6,6,6,3,9,3,3,4,4,3,3,3,3,3,6,3,4,4,3,3,3,3,3,3,3,4,2,2,2,10,3,3,3,3,11,12,13,3,3,3,2,3,3,3,3,3,3,3,3,3,3,5,5,5,3,3,3,8,8,8,8,8,8,8,8,7,7,7,7,7,7,7,7","0.000937938690185547","fast_greedy","edit-xhwikibooks.graphml"
"0.66","0.2","0.14","0.732536764705882","1,1,1,1,1,2,1,4,2,2,1,5,4,4,4,2,2,1,1,5,3,6,4,4,4,4,4,2,1,2,1,1,5,5,8,8,7,4,3,3,3,3,6,6,6,6,3,6,6,6,3,3,3,3,3,6,6,6,6,3,9,3,3,4,4,3,3,3,3,3,6,3,4,4,3,3,3,3,3,3,3,4,2,2,2,10,3,3,3,3,11,12,13,3,3,3,2,3,3,3,3,3,3,3,3,3,3,5,5,5,3,3,3,8,8,8,8,8,8,8,8,7,7,7,7,7,7,7,7","0.00100207328796387","fast_greedy","edit-xhwikibooks.graphml"
"0.65","0.21","0.14","0.732536764705882","1,1,1,1,1,2,1,4,2,2,1,5,4,4,4,2,2,1,1,5,3,6,4,4,4,4,4,2,1,2,1,1,5,5,8,8,7,4,3,3,3,3,6,6,6,6,3,6,6,6,3,3,3,3,3,6,6,6,6,3,9,3,3,4,4,3,3,3,3,3,6,3,4,4,3,3,3,3,3,3,3,4,2,2,2,10,3,3,3,3,11,12,13,3,3,3,2,3,3,3,3,3,3,3,3,3,3,5,5,5,3,3,3,8,8,8,8,8,8,8,8,7,7,7,7,7,7,7,7","0.00100922584533691","fast_greedy","edit-xhwikibooks.graphml"
"0.64","0.22","0.14","0.732536764705882","1,1,1,1,1,2,1,4,2,2,1,5,4,4,4,2,2,1,1,5,3,6,4,4,4,4,4,2,1,2,1,1,5,5,8,8,7,4,3,3,3,3,6,6,6,6,3,6,6,6,3,3,3,3,3,6,6,6,6,3,9,3,3,4,4,3,3,3,3,3,6,3,4,4,3,3,3,3,3,3,3,4,2,2,2,10,3,3,3,3,11,12,13,3,3,3,2,3,3,3,3,3,3,3,3,3,3,5,5,5,3,3,3,8,8,8,8,8,8,8,8,7,7,7,7,7,7,7,7","0.000914096832275391","fast_greedy","edit-xhwikibooks.graphml"
"0.63","0.23","0.14","0.732536764705882","1,1,1,1,1,2,1,4,2,2,1,5,4,4,4,2,2,1,1,5,3,6,4,4,4,4,4,2,1,2,1,1,5,5,8,8,7,4,3,3,3,3,6,6,6,6,3,6,6,6,3,3,3,3,3,6,6,6,6,3,9,3,3,4,4,3,3,3,3,3,6,3,4,4,3,3,3,3,3,3,3,4,2,2,2,10,3,3,3,3,11,12,13,3,3,3,2,3,3,3,3,3,3,3,3,3,3,5,5,5,3,3,3,8,8,8,8,8,8,8,8,7,7,7,7,7,7,7,7","0.000912904739379883","fast_greedy","edit-xhwikibooks.graphml"
"0.62","0.24","0.14","0.732536764705882","1,1,1,1,1,2,1,4,2,2,1,5,4,4,4,2,2,1,1,5,3,6,4,4,4,4,4,2,1,2,1,1,5,5,8,8,7,4,3,3,3,3,6,6,6,6,3,6,6,6,3,3,3,3,3,6,6,6,6,3,9,3,3,4,4,3,3,3,3,3,6,3,4,4,3,3,3,3,3,3,3,4,2,2,2,10,3,3,3,3,11,12,13,3,3,3,2,3,3,3,3,3,3,3,3,3,3,5,5,5,3,3,3,8,8,8,8,8,8,8,8,7,7,7,7,7,7,7,7","0.000919103622436523","fast_greedy","edit-xhwikibooks.graphml"
"0.61","0.25","0.14","0.732536764705882","1,1,1,1,1,2,1,4,2,2,1,5,4,4,4,2,2,1,1,5,3,6,4,4,4,4,4,2,1,2,1,1,5,5,8,8,7,4,3,3,3,3,6,6,6,6,3,6,6,6,3,3,3,3,3,6,6,6,6,3,9,3,3,4,4,3,3,3,3,3,6,3,4,4,3,3,3,3,3,3,3,4,2,2,2,10,3,3,3,3,11,12,13,3,3,3,2,3,3,3,3,3,3,3,3,3,3,5,5,5,3,3,3,8,8,8,8,8,8,8,8,7,7,7,7,7,7,7,7","0.000946044921875","fast_greedy","edit-xhwikibooks.graphml"
"0.6","0.26","0.14","0.732536764705882","1,1,1,1,1,2,1,4,2,2,1,5,4,4,4,2,2,1,1,5,3,6,4,4,4,4,4,2,1,2,1,1,5,5,8,8,7,4,3,3,3,3,6,6,6,6,3,6,6,6,3,3,3,3,3,6,6,6,6,3,9,3,3,4,4,3,3,3,3,3,6,3,4,4,3,3,3,3,3,3,3,4,2,2,2,10,3,3,3,3,11,12,13,3,3,3,2,3,3,3,3,3,3,3,3,3,3,5,5,5,3,3,3,8,8,8,8,8,8,8,8,7,7,7,7,7,7,7,7","0.000941038131713867","fast_greedy","edit-xhwikibooks.graphml"
"0.59","0.27","0.14","0.732536764705882","1,1,1,1,1,2,1,4,2,2,1,5,4,4,4,2,2,1,1,5,3,6,4,4,4,4,4,2,1,2,1,1,5,5,8,8,7,4,3,3,3,3,6,6,6,6,3,6,6,6,3,3,3,3,3,6,6,6,6,3,9,3,3,4,4,3,3,3,3,3,6,3,4,4,3,3,3,3,3,3,3,4,2,2,2,10,3,3,3,3,11,12,13,3,3,3,2,3,3,3,3,3,3,3,3,3,3,5,5,5,3,3,3,8,8,8,8,8,8,8,8,7,7,7,7,7,7,7,7","0.00096893310546875","fast_greedy","edit-xhwikibooks.graphml"
"0.58","0.28","0.14","0.732536764705882","1,1,1,1,1,2,1,4,2,2,1,5,4,4,4,2,2,1,1,5,3,6,4,4,4,4,4,2,1,2,1,1,5,5,8,8,7,4,3,3,3,3,6,6,6,6,3,6,6,6,3,3,3,3,3,6,6,6,6,3,9,3,3,4,4,3,3,3,3,3,6,3,4,4,3,3,3,3,3,3,3,4,2,2,2,10,3,3,3,3,11,12,13,3,3,3,2,3,3,3,3,3,3,3,3,3,3,5,5,5,3,3,3,8,8,8,8,8,8,8,8,7,7,7,7,7,7,7,7","0.00096893310546875","fast_greedy","edit-xhwikibooks.graphml"
"0.57","0.29","0.14","0.717088687326783","1,1,1,1,1,3,1,4,3,3,1,1,4,4,4,3,8,1,1,1,2,5,4,4,4,4,4,3,1,9,10,1,1,1,6,6,7,4,2,2,2,2,5,5,5,5,2,5,5,5,2,2,2,2,2,5,5,5,5,2,11,2,2,12,13,2,2,2,2,2,5,2,4,4,2,2,2,2,2,2,2,14,3,3,3,15,2,2,2,2,16,17,18,2,2,2,19,2,2,2,2,2,2,2,2,2,2,20,21,2,2,2,2,6,6,6,6,6,6,6,6,7,7,7,7,7,7,7,7","0.000967025756835938","fast_greedy","edit-xhwikibooks.graphml"
"0.56","0.3","0.14","0.717088687326783","1,1,1,1,1,3,1,4,3,3,1,1,4,4,4,3,8,1,1,1,2,5,4,4,4,4,4,3,1,9,10,1,1,1,6,6,7,4,2,2,2,2,5,5,5,5,2,5,5,5,2,2,2,2,2,5,5,5,5,2,11,2,2,12,13,2,2,2,2,2,5,2,4,4,2,2,2,2,2,2,2,14,3,3,3,15,2,2,2,2,16,17,18,2,2,2,19,2,2,2,2,2,2,2,2,2,2,20,21,2,2,2,2,6,6,6,6,6,6,6,6,7,7,7,7,7,7,7,7","0.000962018966674805","fast_greedy","edit-xhwikibooks.graphml"
"0.55","0.31","0.14","0.717088687326783","1,1,1,1,1,3,1,4,3,3,1,1,4,4,4,3,8,1,1,1,2,5,4,4,4,4,4,3,1,9,10,1,1,1,6,6,7,4,2,2,2,2,5,5,5,5,2,5,5,5,2,2,2,2,2,5,5,5,5,2,11,2,2,12,13,2,2,2,2,2,5,2,4,4,2,2,2,2,2,2,2,14,3,3,3,15,2,2,2,2,16,17,18,2,2,2,19,2,2,2,2,2,2,2,2,2,2,20,21,2,2,2,2,6,6,6,6,6,6,6,6,7,7,7,7,7,7,7,7","0.000966072082519531","fast_greedy","edit-xhwikibooks.graphml"
"0.54","0.32","0.14","0.717088687326783","1,1,1,1,1,3,1,4,3,3,1,1,4,4,4,3,8,1,1,1,2,5,4,4,4,4,4,3,1,9,10,1,1,1,6,6,7,4,2,2,2,2,5,5,5,5,2,5,5,5,2,2,2,2,2,5,5,5,5,2,11,2,2,12,13,2,2,2,2,2,5,2,4,4,2,2,2,2,2,2,2,14,3,3,3,15,2,2,2,2,16,17,18,2,2,2,19,2,2,2,2,2,2,2,2,2,2,20,21,2,2,2,2,6,6,6,6,6,6,6,6,7,7,7,7,7,7,7,7","0.000954151153564453","fast_greedy","edit-xhwikibooks.graphml"
"0.53","0.33","0.14","0.717088687326783","1,1,1,1,1,3,1,4,3,3,1,1,4,4,4,3,8,1,1,1,2,5,4,4,4,4,4,3,1,9,10,1,1,1,6,6,7,4,2,2,2,2,5,5,5,5,2,5,5,5,2,2,2,2,2,5,5,5,5,2,11,2,2,12,13,2,2,2,2,2,5,2,4,4,2,2,2,2,2,2,2,14,3,3,3,15,2,2,2,2,16,17,18,2,2,2,19,2,2,2,2,2,2,2,2,2,2,20,21,2,2,2,2,6,6,6,6,6,6,6,6,7,7,7,7,7,7,7,7","0.00110197067260742","fast_greedy","edit-xhwikibooks.graphml"
"0.52","0.34","0.14","0.718860437720875","1,1,1,1,1,3,1,4,3,3,1,1,4,4,4,3,8,1,1,1,2,5,4,4,4,4,4,3,1,9,10,1,1,1,6,6,7,4,2,2,2,2,5,5,5,5,2,5,5,5,2,2,2,2,2,5,5,5,5,2,11,2,2,12,13,2,2,2,2,2,5,2,4,4,2,2,2,2,2,2,2,14,3,3,3,15,2,2,2,2,16,17,18,2,2,2,19,2,2,2,2,2,2,2,2,2,2,20,21,2,2,2,2,6,6,6,6,6,6,6,6,7,7,7,7,7,7,7,7","0.00105500221252441","fast_greedy","edit-xhwikibooks.graphml"
"0.51","0.35","0.14","0.718860437720875","1,1,1,1,1,3,1,4,3,3,1,1,4,4,4,3,8,1,1,1,2,5,4,4,4,4,4,3,1,9,10,1,1,1,6,6,7,4,2,2,2,2,5,5,5,5,2,5,5,5,2,2,2,2,2,5,5,5,5,2,11,2,2,12,13,2,2,2,2,2,5,2,4,4,2,2,2,2,2,2,2,14,3,3,3,15,2,2,2,2,16,17,18,2,2,2,19,2,2,2,2,2,2,2,2,2,2,20,21,2,2,2,2,6,6,6,6,6,6,6,6,7,7,7,7,7,7,7,7","0.000908851623535156","fast_greedy","edit-xhwikibooks.graphml"
"0.5","0.36","0.14","0.718860437720875","1,1,1,1,1,3,1,4,3,3,1,1,4,4,4,3,8,1,1,1,2,5,4,4,4,4,4,3,1,9,10,1,1,1,6,6,7,4,2,2,2,2,5,5,5,5,2,5,5,5,2,2,2,2,2,5,5,5,5,2,11,2,2,12,13,2,2,2,2,2,5,2,4,4,2,2,2,2,2,2,2,14,3,3,3,15,2,2,2,2,16,17,18,2,2,2,19,2,2,2,2,2,2,2,2,2,2,20,21,2,2,2,2,6,6,6,6,6,6,6,6,7,7,7,7,7,7,7,7","0.000913858413696289","fast_greedy","edit-xhwikibooks.graphml"
"0.49","0.37","0.14","0.718860437720875","1,1,1,1,1,3,1,4,3,3,1,1,4,4,4,3,8,1,1,1,2,5,4,4,4,4,4,3,1,9,10,1,1,1,6,6,7,4,2,2,2,2,5,5,5,5,2,5,5,5,2,2,2,2,2,5,5,5,5,2,11,2,2,12,13,2,2,2,2,2,5,2,4,4,2,2,2,2,2,2,2,14,3,3,3,15,2,2,2,2,16,17,18,2,2,2,19,2,2,2,2,2,2,2,2,2,2,20,21,2,2,2,2,6,6,6,6,6,6,6,6,7,7,7,7,7,7,7,7","0.000896930694580078","fast_greedy","edit-xhwikibooks.graphml"
"0.48","0.38","0.14","0.718860437720875","1,1,1,1,1,3,1,4,3,3,1,1,4,4,4,3,8,1,1,1,2,5,4,4,4,4,4,3,1,9,10,1,1,1,6,6,7,4,2,2,2,2,5,5,5,5,2,5,5,5,2,2,2,2,2,5,5,5,5,2,11,2,2,12,13,2,2,2,2,2,5,2,4,4,2,2,2,2,2,2,2,14,3,3,3,15,2,2,2,2,16,17,18,2,2,2,19,2,2,2,2,2,2,2,2,2,2,20,21,2,2,2,2,6,6,6,6,6,6,6,6,7,7,7,7,7,7,7,7","0.000933170318603516","fast_greedy","edit-xhwikibooks.graphml"
"0.47","0.39","0.14","0.718860437720875","1,1,1,1,1,3,1,4,3,3,1,1,4,4,4,3,8,1,1,1,2,5,4,4,4,4,4,3,1,9,10,1,1,1,6,6,7,4,2,2,2,2,5,5,5,5,2,5,5,5,2,2,2,2,2,5,5,5,5,2,11,2,2,12,13,2,2,2,2,2,5,2,4,4,2,2,2,2,2,2,2,14,3,3,3,15,2,2,2,2,16,17,18,2,2,2,19,2,2,2,2,2,2,2,2,2,2,20,21,2,2,2,2,6,6,6,6,6,6,6,6,7,7,7,7,7,7,7,7","0.000957012176513672","fast_greedy","edit-xhwikibooks.graphml"
"0.46","0.4","0.14","0.718860437720875","1,1,1,1,1,3,1,4,3,3,1,1,4,4,4,3,8,1,1,1,2,5,4,4,4,4,4,3,1,9,10,1,1,1,6,6,7,4,2,2,2,2,5,5,5,5,2,5,5,5,2,2,2,2,2,5,5,5,5,2,11,2,2,12,13,2,2,2,2,2,5,2,4,4,2,2,2,2,2,2,2,14,3,3,3,15,2,2,2,2,16,17,18,2,2,2,19,2,2,2,2,2,2,2,2,2,2,20,21,2,2,2,2,6,6,6,6,6,6,6,6,7,7,7,7,7,7,7,7","0.000962972640991211","fast_greedy","edit-xhwikibooks.graphml"
"0.45","0.41","0.14","0.718860437720875","1,1,1,1,1,3,1,4,3,3,1,1,4,4,4,3,8,1,1,1,2,5,4,4,4,4,4,3,1,9,10,1,1,1,6,6,7,4,2,2,2,2,5,5,5,5,2,5,5,5,2,2,2,2,2,5,5,5,5,2,11,2,2,12,13,2,2,2,2,2,5,2,4,4,2,2,2,2,2,2,2,14,3,3,3,15,2,2,2,2,16,17,18,2,2,2,19,2,2,2,2,2,2,2,2,2,2,20,21,2,2,2,2,6,6,6,6,6,6,6,6,7,7,7,7,7,7,7,7","0.000970840454101562","fast_greedy","edit-xhwikibooks.graphml"
"0.44","0.42","0.14","0.718860437720875","1,1,1,1,1,3,1,4,3,3,1,1,4,4,4,3,8,1,1,1,2,5,4,4,4,4,4,3,1,9,10,1,1,1,6,6,7,4,2,2,2,2,5,5,5,5,2,5,5,5,2,2,2,2,2,5,5,5,5,2,11,2,2,12,13,2,2,2,2,2,5,2,4,4,2,2,2,2,2,2,2,14,3,3,3,15,2,2,2,2,16,17,18,2,2,2,19,2,2,2,2,2,2,2,2,2,2,20,21,2,2,2,2,6,6,6,6,6,6,6,6,7,7,7,7,7,7,7,7","0.00096583366394043","fast_greedy","edit-xhwikibooks.graphml"
"0.43","0.43","0.14","0.699819876262824","1,1,1,3,7,3,2,3,3,3,2,8,3,3,3,3,9,10,2,6,4,1,11,3,3,3,3,3,1,12,13,14,6,15,2,2,5,3,4,4,4,4,1,1,1,1,4,1,1,1,4,4,4,4,4,1,1,1,1,4,16,4,4,17,18,4,4,4,4,4,1,4,19,20,4,4,4,4,4,4,4,21,22,23,24,25,4,4,4,4,26,27,28,4,4,4,29,4,4,4,4,4,4,4,4,4,4,30,31,4,4,4,4,2,2,2,2,2,2,2,2,5,5,5,5,5,5,5,5","0.000955820083618164","fast_greedy","edit-xhwikibooks.graphml"
"0.42","0.44","0.14","0.699819876262824","1,1,1,3,7,3,2,3,3,3,2,8,3,3,3,3,9,10,2,6,4,1,11,3,3,3,3,3,1,12,13,14,6,15,2,2,5,3,4,4,4,4,1,1,1,1,4,1,1,1,4,4,4,4,4,1,1,1,1,4,16,4,4,17,18,4,4,4,4,4,1,4,19,20,4,4,4,4,4,4,4,21,22,23,24,25,4,4,4,4,26,27,28,4,4,4,29,4,4,4,4,4,4,4,4,4,4,30,31,4,4,4,4,2,2,2,2,2,2,2,2,5,5,5,5,5,5,5,5","0.000990867614746094","fast_greedy","edit-xhwikibooks.graphml"
"0.41","0.45","0.14","0.699819876262824","1,1,1,3,7,3,2,3,3,3,2,8,3,3,3,3,9,10,2,6,4,1,11,3,3,3,3,3,1,12,13,14,6,15,2,2,5,3,4,4,4,4,1,1,1,1,4,1,1,1,4,4,4,4,4,1,1,1,1,4,16,4,4,17,18,4,4,4,4,4,1,4,19,20,4,4,4,4,4,4,4,21,22,23,24,25,4,4,4,4,26,27,28,4,4,4,29,4,4,4,4,4,4,4,4,4,4,30,31,4,4,4,4,2,2,2,2,2,2,2,2,5,5,5,5,5,5,5,5","0.000943899154663086","fast_greedy","edit-xhwikibooks.graphml"
"0.4","0.46","0.14","0.699819876262824","1,1,1,3,7,3,2,3,3,3,2,8,3,3,3,3,9,10,2,6,4,1,11,3,3,3,3,3,1,12,13,14,6,15,2,2,5,3,4,4,4,4,1,1,1,1,4,1,1,1,4,4,4,4,4,1,1,1,1,4,16,4,4,17,18,4,4,4,4,4,1,4,19,20,4,4,4,4,4,4,4,21,22,23,24,25,4,4,4,4,26,27,28,4,4,4,29,4,4,4,4,4,4,4,4,4,4,30,31,4,4,4,4,2,2,2,2,2,2,2,2,5,5,5,5,5,5,5,5","0.00115799903869629","fast_greedy","edit-xhwikibooks.graphml"
"0.39","0.47","0.14","0.699819876262824","1,1,1,3,7,3,2,3,3,3,2,8,3,3,3,3,9,10,2,6,4,1,11,3,3,3,3,3,1,12,13,14,6,15,2,2,5,3,4,4,4,4,1,1,1,1,4,1,1,1,4,4,4,4,4,1,1,1,1,4,16,4,4,17,18,4,4,4,4,4,1,4,19,20,4,4,4,4,4,4,4,21,22,23,24,25,4,4,4,4,26,27,28,4,4,4,29,4,4,4,4,4,4,4,4,4,4,30,31,4,4,4,4,2,2,2,2,2,2,2,2,5,5,5,5,5,5,5,5","0.000887155532836914","fast_greedy","edit-xhwikibooks.graphml"
"0.38","0.48","0.14","0.699819876262824","1,1,1,3,7,3,2,3,3,3,2,8,3,3,3,3,9,10,2,6,4,1,11,3,3,3,3,3,1,12,13,14,6,15,2,2,5,3,4,4,4,4,1,1,1,1,4,1,1,1,4,4,4,4,4,1,1,1,1,4,16,4,4,17,18,4,4,4,4,4,1,4,19,20,4,4,4,4,4,4,4,21,22,23,24,25,4,4,4,4,26,27,28,4,4,4,29,4,4,4,4,4,4,4,4,4,4,30,31,4,4,4,4,2,2,2,2,2,2,2,2,5,5,5,5,5,5,5,5","0.000905990600585938","fast_greedy","edit-xhwikibooks.graphml"
"0.37","0.49","0.14","0.699819876262824","1,1,1,3,7,3,2,3,3,3,2,8,3,3,3,3,9,10,2,6,4,1,11,3,3,3,3,3,1,12,13,14,6,15,2,2,5,3,4,4,4,4,1,1,1,1,4,1,1,1,4,4,4,4,4,1,1,1,1,4,16,4,4,17,18,4,4,4,4,4,1,4,19,20,4,4,4,4,4,4,4,21,22,23,24,25,4,4,4,4,26,27,28,4,4,4,29,4,4,4,4,4,4,4,4,4,4,30,31,4,4,4,4,2,2,2,2,2,2,2,2,5,5,5,5,5,5,5,5","0.00091099739074707","fast_greedy","edit-xhwikibooks.graphml"
"0.36","0.5","0.14","0.722935157442478","1,1,1,2,8,2,6,2,2,2,6,9,2,2,2,2,10,11,6,7,3,1,12,2,2,2,2,2,1,13,14,15,7,16,4,4,5,2,3,3,3,3,1,1,1,1,3,1,1,1,3,3,3,3,3,1,1,1,1,3,17,3,3,18,19,3,3,3,3,3,1,3,20,21,3,3,3,3,3,3,3,22,23,24,25,26,3,3,3,3,27,28,29,3,3,3,30,3,3,3,3,3,3,3,3,3,3,31,32,3,3,3,3,4,4,4,4,4,4,4,4,5,5,5,5,5,5,5,5","0.000927925109863281","fast_greedy","edit-xhwikibooks.graphml"
"0.35","0.51","0.14","0.722935157442478","1,1,1,2,8,2,6,2,2,2,6,9,2,2,2,2,10,11,6,7,3,1,12,2,2,2,2,2,1,13,14,15,7,16,4,4,5,2,3,3,3,3,1,1,1,1,3,1,1,1,3,3,3,3,3,1,1,1,1,3,17,3,3,18,19,3,3,3,3,3,1,3,20,21,3,3,3,3,3,3,3,22,23,24,25,26,3,3,3,3,27,28,29,3,3,3,30,3,3,3,3,3,3,3,3,3,3,31,32,3,3,3,3,4,4,4,4,4,4,4,4,5,5,5,5,5,5,5,5","0.000950813293457031","fast_greedy","edit-xhwikibooks.graphml"
"0.34","0.52","0.14","0.722935157442478","1,1,1,2,8,2,6,2,2,2,6,9,2,2,2,2,10,11,6,7,3,1,12,2,2,2,2,2,1,13,14,15,7,16,4,4,5,2,3,3,3,3,1,1,1,1,3,1,1,1,3,3,3,3,3,1,1,1,1,3,17,3,3,18,19,3,3,3,3,3,1,3,20,21,3,3,3,3,3,3,3,22,23,24,25,26,3,3,3,3,27,28,29,3,3,3,30,3,3,3,3,3,3,3,3,3,3,31,32,3,3,3,3,4,4,4,4,4,4,4,4,5,5,5,5,5,5,5,5","0.000951051712036133","fast_greedy","edit-xhwikibooks.graphml"
"0.33","0.53","0.14","0.722935157442478","1,1,1,2,8,2,6,2,2,2,6,9,2,2,2,2,10,11,6,7,3,1,12,2,2,2,2,2,1,13,14,15,7,16,4,4,5,2,3,3,3,3,1,1,1,1,3,1,1,1,3,3,3,3,3,1,1,1,1,3,17,3,3,18,19,3,3,3,3,3,1,3,20,21,3,3,3,3,3,3,3,22,23,24,25,26,3,3,3,3,27,28,29,3,3,3,30,3,3,3,3,3,3,3,3,3,3,31,32,3,3,3,3,4,4,4,4,4,4,4,4,5,5,5,5,5,5,5,5","0.00097203254699707","fast_greedy","edit-xhwikibooks.graphml"
"0.32","0.54","0.14","0.722935157442478","1,1,1,2,8,2,6,2,2,2,6,9,2,2,2,2,10,11,6,7,3,1,12,2,2,2,2,2,1,13,14,15,7,16,4,4,5,2,3,3,3,3,1,1,1,1,3,1,1,1,3,3,3,3,3,1,1,1,1,3,17,3,3,18,19,3,3,3,3,3,1,3,20,21,3,3,3,3,3,3,3,22,23,24,25,26,3,3,3,3,27,28,29,3,3,3,30,3,3,3,3,3,3,3,3,3,3,31,32,3,3,3,3,4,4,4,4,4,4,4,4,5,5,5,5,5,5,5,5","0.00096893310546875","fast_greedy","edit-xhwikibooks.graphml"
"0.31","0.55","0.14","0.722935157442478","1,1,1,2,8,2,6,2,2,2,6,9,2,2,2,2,10,11,6,7,3,1,12,2,2,2,2,2,1,13,14,15,7,16,4,4,5,2,3,3,3,3,1,1,1,1,3,1,1,1,3,3,3,3,3,1,1,1,1,3,17,3,3,18,19,3,3,3,3,3,1,3,20,21,3,3,3,3,3,3,3,22,23,24,25,26,3,3,3,3,27,28,29,3,3,3,30,3,3,3,3,3,3,3,3,3,3,31,32,3,3,3,3,4,4,4,4,4,4,4,4,5,5,5,5,5,5,5,5","0.000970125198364258","fast_greedy","edit-xhwikibooks.graphml"
"0.3","0.56","0.14","0.722935157442478","1,1,1,2,8,2,6,2,2,2,6,9,2,2,2,2,10,11,6,7,3,1,12,2,2,2,2,2,1,13,14,15,7,16,4,4,5,2,3,3,3,3,1,1,1,1,3,1,1,1,3,3,3,3,3,1,1,1,1,3,17,3,3,18,19,3,3,3,3,3,1,3,20,21,3,3,3,3,3,3,3,22,23,24,25,26,3,3,3,3,27,28,29,3,3,3,30,3,3,3,3,3,3,3,3,3,3,31,32,3,3,3,3,4,4,4,4,4,4,4,4,5,5,5,5,5,5,5,5","0.000970125198364258","fast_greedy","edit-xhwikibooks.graphml"
"0.29","0.57","0.14","0.71715976331361","1,1,1,2,6,2,7,2,2,2,8,9,2,2,2,2,10,11,4,12,3,1,13,2,2,2,2,2,1,14,15,16,17,18,4,4,5,2,3,3,3,3,1,1,1,1,3,1,1,1,3,3,3,3,3,1,1,1,1,3,19,3,3,20,21,3,3,3,3,3,1,3,22,23,3,3,3,3,3,3,3,24,25,26,27,28,3,3,3,3,29,30,31,3,3,3,32,3,3,3,3,3,3,3,3,3,3,33,34,3,3,3,3,4,4,4,4,4,4,4,4,5,5,5,5,5,5,5,5","0.00108599662780762","fast_greedy","edit-xhwikibooks.graphml"
"0.28","0.58","0.14","0.71715976331361","1,1,1,2,6,2,7,2,2,2,8,9,2,2,2,2,10,11,4,12,3,1,13,2,2,2,2,2,1,14,15,16,17,18,4,4,5,2,3,3,3,3,1,1,1,1,3,1,1,1,3,3,3,3,3,1,1,1,1,3,19,3,3,20,21,3,3,3,3,3,1,3,22,23,3,3,3,3,3,3,3,24,25,26,27,28,3,3,3,3,29,30,31,3,3,3,32,3,3,3,3,3,3,3,3,3,3,33,34,3,3,3,3,4,4,4,4,4,4,4,4,5,5,5,5,5,5,5,5","0.000924110412597656","fast_greedy","edit-xhwikibooks.graphml"
"0.27","0.59","0.14","0.71715976331361","1,1,1,2,6,2,7,2,2,2,8,9,2,2,2,2,10,11,4,12,3,1,13,2,2,2,2,2,1,14,15,16,17,18,4,4,5,2,3,3,3,3,1,1,1,1,3,1,1,1,3,3,3,3,3,1,1,1,1,3,19,3,3,20,21,3,3,3,3,3,1,3,22,23,3,3,3,3,3,3,3,24,25,26,27,28,3,3,3,3,29,30,31,3,3,3,32,3,3,3,3,3,3,3,3,3,3,33,34,3,3,3,3,4,4,4,4,4,4,4,4,5,5,5,5,5,5,5,5","0.00114703178405762","fast_greedy","edit-xhwikibooks.graphml"
"0.26","0.6","0.14","0.71715976331361","1,1,1,2,6,2,7,2,2,2,8,9,2,2,2,2,10,11,4,12,3,1,13,2,2,2,2,2,1,14,15,16,17,18,4,4,5,2,3,3,3,3,1,1,1,1,3,1,1,1,3,3,3,3,3,1,1,1,1,3,19,3,3,20,21,3,3,3,3,3,1,3,22,23,3,3,3,3,3,3,3,24,25,26,27,28,3,3,3,3,29,30,31,3,3,3,32,3,3,3,3,3,3,3,3,3,3,33,34,3,3,3,3,4,4,4,4,4,4,4,4,5,5,5,5,5,5,5,5","0.00092005729675293","fast_greedy","edit-xhwikibooks.graphml"
"0.25","0.61","0.14","0.71715976331361","1,1,1,2,6,2,7,2,2,2,8,9,2,2,2,2,10,11,4,12,3,1,13,2,2,2,2,2,1,14,15,16,17,18,4,4,5,2,3,3,3,3,1,1,1,1,3,1,1,1,3,3,3,3,3,1,1,1,1,3,19,3,3,20,21,3,3,3,3,3,1,3,22,23,3,3,3,3,3,3,3,24,25,26,27,28,3,3,3,3,29,30,31,3,3,3,32,3,3,3,3,3,3,3,3,3,3,33,34,3,3,3,3,4,4,4,4,4,4,4,4,5,5,5,5,5,5,5,5","0.000924110412597656","fast_greedy","edit-xhwikibooks.graphml"
"0.24","0.62","0.14","0.71715976331361","1,1,1,2,6,2,7,2,2,2,8,9,2,2,2,2,10,11,4,12,3,1,13,2,2,2,2,2,1,14,15,16,17,18,4,4,5,2,3,3,3,3,1,1,1,1,3,1,1,1,3,3,3,3,3,1,1,1,1,3,19,3,3,20,21,3,3,3,3,3,1,3,22,23,3,3,3,3,3,3,3,24,25,26,27,28,3,3,3,3,29,30,31,3,3,3,32,3,3,3,3,3,3,3,3,3,3,33,34,3,3,3,3,4,4,4,4,4,4,4,4,5,5,5,5,5,5,5,5","0.000926971435546875","fast_greedy","edit-xhwikibooks.graphml"
"0.23","0.63","0.14","0.71715976331361","1,1,1,2,6,2,7,2,2,2,8,9,2,2,2,2,10,11,4,12,3,1,13,2,2,2,2,2,1,14,15,16,17,18,4,4,5,2,3,3,3,3,1,1,1,1,3,1,1,1,3,3,3,3,3,1,1,1,1,3,19,3,3,20,21,3,3,3,3,3,1,3,22,23,3,3,3,3,3,3,3,24,25,26,27,28,3,3,3,3,29,30,31,3,3,3,32,3,3,3,3,3,3,3,3,3,3,33,34,3,3,3,3,4,4,4,4,4,4,4,4,5,5,5,5,5,5,5,5","0.000951051712036133","fast_greedy","edit-xhwikibooks.graphml"
"0.22","0.64","0.14","0.71715976331361","1,1,1,2,6,2,7,2,2,2,8,9,2,2,2,2,10,11,4,12,3,1,13,2,2,2,2,2,1,14,15,16,17,18,4,4,5,2,3,3,3,3,1,1,1,1,3,1,1,1,3,3,3,3,3,1,1,1,1,3,19,3,3,20,21,3,3,3,3,3,1,3,22,23,3,3,3,3,3,3,3,24,25,26,27,28,3,3,3,3,29,30,31,3,3,3,32,3,3,3,3,3,3,3,3,3,3,33,34,3,3,3,3,4,4,4,4,4,4,4,4,5,5,5,5,5,5,5,5","0.000949859619140625","fast_greedy","edit-xhwikibooks.graphml"
"0.21","0.65","0.14","0.71715976331361","1,1,1,2,6,2,7,2,2,2,8,9,2,2,2,2,10,11,4,12,3,1,13,2,2,2,2,2,1,14,15,16,17,18,4,4,5,2,3,3,3,3,1,1,1,1,3,1,1,1,3,3,3,3,3,1,1,1,1,3,19,3,3,20,21,3,3,3,3,3,1,3,22,23,3,3,3,3,3,3,3,24,25,26,27,28,3,3,3,3,29,30,31,3,3,3,32,3,3,3,3,3,3,3,3,3,3,33,34,3,3,3,3,4,4,4,4,4,4,4,4,5,5,5,5,5,5,5,5","0.000993013381958008","fast_greedy","edit-xhwikibooks.graphml"
"0.2","0.66","0.14","0.71715976331361","1,1,1,2,6,2,7,2,2,2,8,9,2,2,2,2,10,11,4,12,3,1,13,2,2,2,2,2,1,14,15,16,17,18,4,4,5,2,3,3,3,3,1,1,1,1,3,1,1,1,3,3,3,3,3,1,1,1,1,3,19,3,3,20,21,3,3,3,3,3,1,3,22,23,3,3,3,3,3,3,3,24,25,26,27,28,3,3,3,3,29,30,31,3,3,3,32,3,3,3,3,3,3,3,3,3,3,33,34,3,3,3,3,4,4,4,4,4,4,4,4,5,5,5,5,5,5,5,5","0.000982999801635742","fast_greedy","edit-xhwikibooks.graphml"
"0.19","0.67","0.14","0.71715976331361","1,1,1,2,6,2,7,2,2,2,8,9,2,2,2,2,10,11,4,12,3,1,13,2,2,2,2,2,1,14,15,16,17,18,4,4,5,2,3,3,3,3,1,1,1,1,3,1,1,1,3,3,3,3,3,1,1,1,1,3,19,3,3,20,21,3,3,3,3,3,1,3,22,23,3,3,3,3,3,3,3,24,25,26,27,28,3,3,3,3,29,30,31,3,3,3,32,3,3,3,3,3,3,3,3,3,3,33,34,3,3,3,3,4,4,4,4,4,4,4,4,5,5,5,5,5,5,5,5","0.00101780891418457","fast_greedy","edit-xhwikibooks.graphml"
"0.18","0.68","0.14","0.71715976331361","1,1,1,2,6,2,7,2,2,2,8,9,2,2,2,2,10,11,4,12,3,1,13,2,2,2,2,2,1,14,15,16,17,18,4,4,5,2,3,3,3,3,1,1,1,1,3,1,1,1,3,3,3,3,3,1,1,1,1,3,19,3,3,20,21,3,3,3,3,3,1,3,22,23,3,3,3,3,3,3,3,24,25,26,27,28,3,3,3,3,29,30,31,3,3,3,32,3,3,3,3,3,3,3,3,3,3,33,34,3,3,3,3,4,4,4,4,4,4,4,4,5,5,5,5,5,5,5,5","0.000990152359008789","fast_greedy","edit-xhwikibooks.graphml"
"0.17","0.69","0.14","0.71715976331361","1,1,1,2,6,2,7,2,2,2,8,9,2,2,2,2,10,11,4,12,3,1,13,2,2,2,2,2,1,14,15,16,17,18,4,4,5,2,3,3,3,3,1,1,1,1,3,1,1,1,3,3,3,3,3,1,1,1,1,3,19,3,3,20,21,3,3,3,3,3,1,3,22,23,3,3,3,3,3,3,3,24,25,26,27,28,3,3,3,3,29,30,31,3,3,3,32,3,3,3,3,3,3,3,3,3,3,33,34,3,3,3,3,4,4,4,4,4,4,4,4,5,5,5,5,5,5,5,5","0.000947952270507812","fast_greedy","edit-xhwikibooks.graphml"
"0.16","0.7","0.14","0.71715976331361","1,1,1,2,6,2,7,2,2,2,8,9,2,2,2,2,10,11,4,12,3,1,13,2,2,2,2,2,1,14,15,16,17,18,4,4,5,2,3,3,3,3,1,1,1,1,3,1,1,1,3,3,3,3,3,1,1,1,1,3,19,3,3,20,21,3,3,3,3,3,1,3,22,23,3,3,3,3,3,3,3,24,25,26,27,28,3,3,3,3,29,30,31,3,3,3,32,3,3,3,3,3,3,3,3,3,3,33,34,3,3,3,3,4,4,4,4,4,4,4,4,5,5,5,5,5,5,5,5","0.000913143157958984","fast_greedy","edit-xhwikibooks.graphml"
"0.15","0.71","0.14","0.707791363163372","1,1,1,6,7,2,8,2,2,9,10,11,2,2,2,2,12,13,4,14,3,1,15,2,2,2,2,16,17,18,19,20,21,22,4,4,5,2,3,3,3,3,1,1,1,1,3,1,1,1,3,3,3,3,3,1,1,1,1,3,23,3,3,24,25,3,3,3,3,3,1,3,26,27,3,3,3,3,3,3,3,28,29,30,31,32,3,3,3,3,33,34,35,3,3,3,36,3,3,3,3,3,3,3,3,3,3,37,38,3,3,3,3,4,4,4,4,4,4,4,4,5,5,5,5,5,5,5,5","0.00110507011413574","fast_greedy","edit-xhwikibooks.graphml"
"0.14","0.72","0.14","0.707791363163372","1,1,1,6,7,2,8,2,2,9,10,11,2,2,2,2,12,13,4,14,3,1,15,2,2,2,2,16,17,18,19,20,21,22,4,4,5,2,3,3,3,3,1,1,1,1,3,1,1,1,3,3,3,3,3,1,1,1,1,3,23,3,3,24,25,3,3,3,3,3,1,3,26,27,3,3,3,3,3,3,3,28,29,30,31,32,3,3,3,3,33,34,35,3,3,3,36,3,3,3,3,3,3,3,3,3,3,37,38,3,3,3,3,4,4,4,4,4,4,4,4,5,5,5,5,5,5,5,5","0.000914096832275391","fast_greedy","edit-xhwikibooks.graphml"
"0.13","0.73","0.14","0.707791363163372","1,1,1,6,7,2,8,2,2,9,10,11,2,2,2,2,12,13,4,14,3,1,15,2,2,2,2,16,17,18,19,20,21,22,4,4,5,2,3,3,3,3,1,1,1,1,3,1,1,1,3,3,3,3,3,1,1,1,1,3,23,3,3,24,25,3,3,3,3,3,1,3,26,27,3,3,3,3,3,3,3,28,29,30,31,32,3,3,3,3,33,34,35,3,3,3,36,3,3,3,3,3,3,3,3,3,3,37,38,3,3,3,3,4,4,4,4,4,4,4,4,5,5,5,5,5,5,5,5","0.000936031341552734","fast_greedy","edit-xhwikibooks.graphml"
"0.12","0.74","0.14","0.707791363163372","1,1,1,6,7,2,8,2,2,9,10,11,2,2,2,2,12,13,4,14,3,1,15,2,2,2,2,16,17,18,19,20,21,22,4,4,5,2,3,3,3,3,1,1,1,1,3,1,1,1,3,3,3,3,3,1,1,1,1,3,23,3,3,24,25,3,3,3,3,3,1,3,26,27,3,3,3,3,3,3,3,28,29,30,31,32,3,3,3,3,33,34,35,3,3,3,36,3,3,3,3,3,3,3,3,3,3,37,38,3,3,3,3,4,4,4,4,4,4,4,4,5,5,5,5,5,5,5,5","0.000919103622436523","fast_greedy","edit-xhwikibooks.graphml"
"0.11","0.75","0.14","0.707791363163372","1,1,1,6,7,2,8,2,2,9,10,11,2,2,2,2,12,13,4,14,3,1,15,2,2,2,2,16,17,18,19,20,21,22,4,4,5,2,3,3,3,3,1,1,1,1,3,1,1,1,3,3,3,3,3,1,1,1,1,3,23,3,3,24,25,3,3,3,3,3,1,3,26,27,3,3,3,3,3,3,3,28,29,30,31,32,3,3,3,3,33,34,35,3,3,3,36,3,3,3,3,3,3,3,3,3,3,37,38,3,3,3,3,4,4,4,4,4,4,4,4,5,5,5,5,5,5,5,5","0.000921010971069336","fast_greedy","edit-xhwikibooks.graphml"
"0.1","0.76","0.14","0.707791363163372","1,1,1,6,7,2,8,2,2,9,10,11,2,2,2,2,12,13,4,14,3,1,15,2,2,2,2,16,17,18,19,20,21,22,4,4,5,2,3,3,3,3,1,1,1,1,3,1,1,1,3,3,3,3,3,1,1,1,1,3,23,3,3,24,25,3,3,3,3,3,1,3,26,27,3,3,3,3,3,3,3,28,29,30,31,32,3,3,3,3,33,34,35,3,3,3,36,3,3,3,3,3,3,3,3,3,3,37,38,3,3,3,3,4,4,4,4,4,4,4,4,5,5,5,5,5,5,5,5","0.000941991806030273","fast_greedy","edit-xhwikibooks.graphml"
"0.09","0.77","0.14","0.707791363163372","1,1,1,6,7,2,8,2,2,9,10,11,2,2,2,2,12,13,4,14,3,1,15,2,2,2,2,16,17,18,19,20,21,22,4,4,5,2,3,3,3,3,1,1,1,1,3,1,1,1,3,3,3,3,3,1,1,1,1,3,23,3,3,24,25,3,3,3,3,3,1,3,26,27,3,3,3,3,3,3,3,28,29,30,31,32,3,3,3,3,33,34,35,3,3,3,36,3,3,3,3,3,3,3,3,3,3,37,38,3,3,3,3,4,4,4,4,4,4,4,4,5,5,5,5,5,5,5,5","0.000956058502197266","fast_greedy","edit-xhwikibooks.graphml"
"0.08","0.78","0.14","0.707791363163372","1,1,1,6,7,2,8,2,2,9,10,11,2,2,2,2,12,13,4,14,3,1,15,2,2,2,2,16,17,18,19,20,21,22,4,4,5,2,3,3,3,3,1,1,1,1,3,1,1,1,3,3,3,3,3,1,1,1,1,3,23,3,3,24,25,3,3,3,3,3,1,3,26,27,3,3,3,3,3,3,3,28,29,30,31,32,3,3,3,3,33,34,35,3,3,3,36,3,3,3,3,3,3,3,3,3,3,37,38,3,3,3,3,4,4,4,4,4,4,4,4,5,5,5,5,5,5,5,5","0.000971078872680664","fast_greedy","edit-xhwikibooks.graphml"
"0.07","0.79","0.14","0.707791363163372","1,1,1,6,7,2,8,2,2,9,10,11,2,2,2,2,12,13,4,14,3,1,15,2,2,2,2,16,17,18,19,20,21,22,4,4,5,2,3,3,3,3,1,1,1,1,3,1,1,1,3,3,3,3,3,1,1,1,1,3,23,3,3,24,25,3,3,3,3,3,1,3,26,27,3,3,3,3,3,3,3,28,29,30,31,32,3,3,3,3,33,34,35,3,3,3,36,3,3,3,3,3,3,3,3,3,3,37,38,3,3,3,3,4,4,4,4,4,4,4,4,5,5,5,5,5,5,5,5","0.000963926315307617","fast_greedy","edit-xhwikibooks.graphml"
"0.06","0.8","0.14","0.707791363163372","1,1,1,6,7,2,8,2,2,9,10,11,2,2,2,2,12,13,4,14,3,1,15,2,2,2,2,16,17,18,19,20,21,22,4,4,5,2,3,3,3,3,1,1,1,1,3,1,1,1,3,3,3,3,3,1,1,1,1,3,23,3,3,24,25,3,3,3,3,3,1,3,26,27,3,3,3,3,3,3,3,28,29,30,31,32,3,3,3,3,33,34,35,3,3,3,36,3,3,3,3,3,3,3,3,3,3,37,38,3,3,3,3,4,4,4,4,4,4,4,4,5,5,5,5,5,5,5,5","0.00102519989013672","fast_greedy","edit-xhwikibooks.graphml"
"0.05","0.81","0.14","0.707791363163372","1,1,1,6,7,2,8,2,2,9,10,11,2,2,2,2,12,13,4,14,3,1,15,2,2,2,2,16,17,18,19,20,21,22,4,4,5,2,3,3,3,3,1,1,1,1,3,1,1,1,3,3,3,3,3,1,1,1,1,3,23,3,3,24,25,3,3,3,3,3,1,3,26,27,3,3,3,3,3,3,3,28,29,30,31,32,3,3,3,3,33,34,35,3,3,3,36,3,3,3,3,3,3,3,3,3,3,37,38,3,3,3,3,4,4,4,4,4,4,4,4,5,5,5,5,5,5,5,5","0.000916957855224609","fast_greedy","edit-xhwikibooks.graphml"
"0.04","0.82","0.14","0.707791363163372","1,1,1,6,7,2,8,2,2,9,10,11,2,2,2,2,12,13,4,14,3,1,15,2,2,2,2,16,17,18,19,20,21,22,4,4,5,2,3,3,3,3,1,1,1,1,3,1,1,1,3,3,3,3,3,1,1,1,1,3,23,3,3,24,25,3,3,3,3,3,1,3,26,27,3,3,3,3,3,3,3,28,29,30,31,32,3,3,3,3,33,34,35,3,3,3,36,3,3,3,3,3,3,3,3,3,3,37,38,3,3,3,3,4,4,4,4,4,4,4,4,5,5,5,5,5,5,5,5","0.000909805297851562","fast_greedy","edit-xhwikibooks.graphml"
"0.03","0.83","0.14","0.707791363163372","1,1,1,6,7,2,8,2,2,9,10,11,2,2,2,2,12,13,4,14,3,1,15,2,2,2,2,16,17,18,19,20,21,22,4,4,5,2,3,3,3,3,1,1,1,1,3,1,1,1,3,3,3,3,3,1,1,1,1,3,23,3,3,24,25,3,3,3,3,3,1,3,26,27,3,3,3,3,3,3,3,28,29,30,31,32,3,3,3,3,33,34,35,3,3,3,36,3,3,3,3,3,3,3,3,3,3,37,38,3,3,3,3,4,4,4,4,4,4,4,4,5,5,5,5,5,5,5,5","0.000904083251953125","fast_greedy","edit-xhwikibooks.graphml"
"0.02","0.84","0.14","0.707791363163372","1,1,1,6,7,2,8,2,2,9,10,11,2,2,2,2,12,13,4,14,3,1,15,2,2,2,2,16,17,18,19,20,21,22,4,4,5,2,3,3,3,3,1,1,1,1,3,1,1,1,3,3,3,3,3,1,1,1,1,3,23,3,3,24,25,3,3,3,3,3,1,3,26,27,3,3,3,3,3,3,3,28,29,30,31,32,3,3,3,3,33,34,35,3,3,3,36,3,3,3,3,3,3,3,3,3,3,37,38,3,3,3,3,4,4,4,4,4,4,4,4,5,5,5,5,5,5,5,5","0.00111103057861328","fast_greedy","edit-xhwikibooks.graphml"
"0.01","0.85","0.14","0.701728024042074","1,1,1,6,7,4,8,4,4,9,10,11,4,4,4,12,13,14,3,15,2,1,16,4,4,4,4,17,18,19,20,21,22,23,3,3,5,24,2,2,2,2,1,1,1,1,2,1,1,1,2,2,2,2,2,1,1,1,1,2,25,2,2,26,27,2,2,2,2,2,1,2,28,29,2,2,2,2,2,2,2,30,31,32,33,34,2,2,2,2,35,36,37,2,2,2,38,2,2,2,2,2,2,2,2,2,2,39,40,2,2,2,2,3,3,3,3,3,3,3,3,5,5,5,5,5,5,5,5","0.000905990600585938","fast_greedy","edit-xhwikibooks.graphml"
"0","0.86","0.14","0.699310302734375","3,3,3,3,3,3,7,3,6,8,9,10,6,6,6,11,12,13,2,14,1,4,15,3,6,6,6,16,3,17,18,19,20,21,2,2,5,22,1,1,1,1,4,4,4,4,1,4,4,4,1,1,1,1,1,4,4,4,4,1,23,1,1,24,25,1,1,1,1,1,4,1,26,27,1,1,1,1,1,1,1,28,29,30,31,32,1,1,1,1,33,34,35,1,1,1,36,1,1,1,1,1,1,1,1,1,1,37,38,1,1,1,1,2,2,2,2,2,2,2,2,5,5,5,5,5,5,5,5","0.000921964645385742","fast_greedy","edit-xhwikibooks.graphml"
"0.85","0","0.15","0.738928571428572","1,1,1,1,1,2,1,5,2,2,4,1,5,5,5,2,2,4,4,1,3,6,5,5,5,5,5,2,1,2,4,4,1,1,7,7,8,5,3,3,3,3,6,6,6,6,3,6,6,6,3,3,3,3,3,6,6,6,6,3,5,3,3,5,5,3,3,3,3,3,6,3,5,5,3,3,3,3,3,3,3,5,2,2,2,1,3,3,3,3,2,4,4,3,3,3,2,3,3,3,3,3,3,3,3,3,3,1,1,1,3,3,3,7,7,7,7,7,7,7,7,8,8,8,8,8,8,8,8","0.000953912734985352","fast_greedy","edit-xhwikibooks.graphml"
"0.84","0.01","0.15","0.738928571428572","1,1,1,1,1,2,1,5,2,2,4,1,5,5,5,2,2,4,4,1,3,6,5,5,5,5,5,2,1,2,4,4,1,1,7,7,8,5,3,3,3,3,6,6,6,6,3,6,6,6,3,3,3,3,3,6,6,6,6,3,5,3,3,5,5,3,3,3,3,3,6,3,5,5,3,3,3,3,3,3,3,5,2,2,2,1,3,3,3,3,2,4,4,3,3,3,2,3,3,3,3,3,3,3,3,3,3,1,1,1,3,3,3,7,7,7,7,7,7,7,7,8,8,8,8,8,8,8,8","0.000967025756835938","fast_greedy","edit-xhwikibooks.graphml"
"0.83","0.02","0.15","0.738928571428572","1,1,1,1,1,2,1,5,2,2,4,1,5,5,5,2,2,4,4,1,3,6,5,5,5,5,5,2,1,2,4,4,1,1,7,7,8,5,3,3,3,3,6,6,6,6,3,6,6,6,3,3,3,3,3,6,6,6,6,3,5,3,3,5,5,3,3,3,3,3,6,3,5,5,3,3,3,3,3,3,3,5,2,2,2,1,3,3,3,3,2,4,4,3,3,3,2,3,3,3,3,3,3,3,3,3,3,1,1,1,3,3,3,7,7,7,7,7,7,7,7,8,8,8,8,8,8,8,8","0.000976085662841797","fast_greedy","edit-xhwikibooks.graphml"
"0.82","0.03","0.15","0.738928571428572","1,1,1,1,1,2,1,5,2,2,4,1,5,5,5,2,2,4,4,1,3,6,5,5,5,5,5,2,1,2,4,4,1,1,7,7,8,5,3,3,3,3,6,6,6,6,3,6,6,6,3,3,3,3,3,6,6,6,6,3,5,3,3,5,5,3,3,3,3,3,6,3,5,5,3,3,3,3,3,3,3,5,2,2,2,1,3,3,3,3,2,4,4,3,3,3,2,3,3,3,3,3,3,3,3,3,3,1,1,1,3,3,3,7,7,7,7,7,7,7,7,8,8,8,8,8,8,8,8","0.0010077953338623","fast_greedy","edit-xhwikibooks.graphml"
"0.81","0.04","0.15","0.738928571428572","1,1,1,1,1,2,1,5,2,2,4,1,5,5,5,2,2,4,4,1,3,6,5,5,5,5,5,2,1,2,4,4,1,1,7,7,8,5,3,3,3,3,6,6,6,6,3,6,6,6,3,3,3,3,3,6,6,6,6,3,5,3,3,5,5,3,3,3,3,3,6,3,5,5,3,3,3,3,3,3,3,5,2,2,2,1,3,3,3,3,2,4,4,3,3,3,2,3,3,3,3,3,3,3,3,3,3,1,1,1,3,3,3,7,7,7,7,7,7,7,7,8,8,8,8,8,8,8,8","0.00100302696228027","fast_greedy","edit-xhwikibooks.graphml"
"0.8","0.05","0.15","0.738928571428572","1,1,1,1,1,2,1,5,2,2,4,1,5,5,5,2,2,4,4,1,3,6,5,5,5,5,5,2,1,2,4,4,1,1,7,7,8,5,3,3,3,3,6,6,6,6,3,6,6,6,3,3,3,3,3,6,6,6,6,3,5,3,3,5,5,3,3,3,3,3,6,3,5,5,3,3,3,3,3,3,3,5,2,2,2,1,3,3,3,3,2,4,4,3,3,3,2,3,3,3,3,3,3,3,3,3,3,1,1,1,3,3,3,7,7,7,7,7,7,7,7,8,8,8,8,8,8,8,8","0.00111722946166992","fast_greedy","edit-xhwikibooks.graphml"
"0.79","0.06","0.15","0.738928571428572","1,1,1,1,1,2,1,5,2,2,4,1,5,5,5,2,2,4,4,1,3,6,5,5,5,5,5,2,1,2,4,4,1,1,7,7,8,5,3,3,3,3,6,6,6,6,3,6,6,6,3,3,3,3,3,6,6,6,6,3,5,3,3,5,5,3,3,3,3,3,6,3,5,5,3,3,3,3,3,3,3,5,2,2,2,1,3,3,3,3,2,4,4,3,3,3,2,3,3,3,3,3,3,3,3,3,3,1,1,1,3,3,3,7,7,7,7,7,7,7,7,8,8,8,8,8,8,8,8","0.000938892364501953","fast_greedy","edit-xhwikibooks.graphml"
"0.78","0.07","0.15","0.738928571428572","1,1,1,1,1,2,1,5,2,2,4,1,5,5,5,2,2,4,4,1,3,6,5,5,5,5,5,2,1,2,4,4,1,1,7,7,8,5,3,3,3,3,6,6,6,6,3,6,6,6,3,3,3,3,3,6,6,6,6,3,5,3,3,5,5,3,3,3,3,3,6,3,5,5,3,3,3,3,3,3,3,5,2,2,2,1,3,3,3,3,2,4,4,3,3,3,2,3,3,3,3,3,3,3,3,3,3,1,1,1,3,3,3,7,7,7,7,7,7,7,7,8,8,8,8,8,8,8,8","0.000950098037719727","fast_greedy","edit-xhwikibooks.graphml"
"0.77","0.08","0.15","0.738928571428572","1,1,1,1,1,2,1,5,2,2,4,1,5,5,5,2,2,4,4,1,3,6,5,5,5,5,5,2,1,2,4,4,1,1,7,7,8,5,3,3,3,3,6,6,6,6,3,6,6,6,3,3,3,3,3,6,6,6,6,3,5,3,3,5,5,3,3,3,3,3,6,3,5,5,3,3,3,3,3,3,3,5,2,2,2,1,3,3,3,3,2,4,4,3,3,3,2,3,3,3,3,3,3,3,3,3,3,1,1,1,3,3,3,7,7,7,7,7,7,7,7,8,8,8,8,8,8,8,8","0.000962972640991211","fast_greedy","edit-xhwikibooks.graphml"
"0.76","0.09","0.15","0.738928571428572","1,1,1,1,1,2,1,5,2,2,4,1,5,5,5,2,2,4,4,1,3,6,5,5,5,5,5,2,1,2,4,4,1,1,7,7,8,5,3,3,3,3,6,6,6,6,3,6,6,6,3,3,3,3,3,6,6,6,6,3,5,3,3,5,5,3,3,3,3,3,6,3,5,5,3,3,3,3,3,3,3,5,2,2,2,1,3,3,3,3,2,4,4,3,3,3,2,3,3,3,3,3,3,3,3,3,3,1,1,1,3,3,3,7,7,7,7,7,7,7,7,8,8,8,8,8,8,8,8","0.00117301940917969","fast_greedy","edit-xhwikibooks.graphml"
"0.75","0.1","0.15","0.738928571428572","1,1,1,1,1,2,1,5,2,2,4,1,5,5,5,2,2,4,4,1,3,6,5,5,5,5,5,2,1,2,4,4,1,1,7,7,8,5,3,3,3,3,6,6,6,6,3,6,6,6,3,3,3,3,3,6,6,6,6,3,5,3,3,5,5,3,3,3,3,3,6,3,5,5,3,3,3,3,3,3,3,5,2,2,2,1,3,3,3,3,2,4,4,3,3,3,2,3,3,3,3,3,3,3,3,3,3,1,1,1,3,3,3,7,7,7,7,7,7,7,7,8,8,8,8,8,8,8,8","0.000952005386352539","fast_greedy","edit-xhwikibooks.graphml"
"0.74","0.11","0.15","0.738928571428572","1,1,1,1,1,2,1,5,2,2,4,1,5,5,5,2,2,4,4,1,3,6,5,5,5,5,5,2,1,2,4,4,1,1,7,7,8,5,3,3,3,3,6,6,6,6,3,6,6,6,3,3,3,3,3,6,6,6,6,3,5,3,3,5,5,3,3,3,3,3,6,3,5,5,3,3,3,3,3,3,3,5,2,2,2,1,3,3,3,3,2,4,4,3,3,3,2,3,3,3,3,3,3,3,3,3,3,1,1,1,3,3,3,7,7,7,7,7,7,7,7,8,8,8,8,8,8,8,8","0.000944852828979492","fast_greedy","edit-xhwikibooks.graphml"
"0.73","0.12","0.15","0.738928571428572","1,1,1,1,1,2,1,5,2,2,4,1,5,5,5,2,2,4,4,1,3,6,5,5,5,5,5,2,1,2,4,4,1,1,7,7,8,5,3,3,3,3,6,6,6,6,3,6,6,6,3,3,3,3,3,6,6,6,6,3,5,3,3,5,5,3,3,3,3,3,6,3,5,5,3,3,3,3,3,3,3,5,2,2,2,1,3,3,3,3,2,4,4,3,3,3,2,3,3,3,3,3,3,3,3,3,3,1,1,1,3,3,3,7,7,7,7,7,7,7,7,8,8,8,8,8,8,8,8","0.000936985015869141","fast_greedy","edit-xhwikibooks.graphml"
"0.72","0.13","0.15","0.738928571428572","1,1,1,1,1,2,1,5,2,2,4,1,5,5,5,2,2,4,4,1,3,6,5,5,5,5,5,2,1,2,4,4,1,1,7,7,8,5,3,3,3,3,6,6,6,6,3,6,6,6,3,3,3,3,3,6,6,6,6,3,5,3,3,5,5,3,3,3,3,3,6,3,5,5,3,3,3,3,3,3,3,5,2,2,2,1,3,3,3,3,2,4,4,3,3,3,2,3,3,3,3,3,3,3,3,3,3,1,1,1,3,3,3,7,7,7,7,7,7,7,7,8,8,8,8,8,8,8,8","0.000956058502197266","fast_greedy","edit-xhwikibooks.graphml"
"0.71","0.14","0.15","0.738928571428572","1,1,1,1,1,2,1,5,2,2,4,1,5,5,5,2,2,4,4,1,3,6,5,5,5,5,5,2,1,2,4,4,1,1,7,7,8,5,3,3,3,3,6,6,6,6,3,6,6,6,3,3,3,3,3,6,6,6,6,3,5,3,3,5,5,3,3,3,3,3,6,3,5,5,3,3,3,3,3,3,3,5,2,2,2,1,3,3,3,3,2,4,4,3,3,3,2,3,3,3,3,3,3,3,3,3,3,1,1,1,3,3,3,7,7,7,7,7,7,7,7,8,8,8,8,8,8,8,8","0.00096893310546875","fast_greedy","edit-xhwikibooks.graphml"
"0.7","0.15","0.15","0.738928571428572","1,1,1,1,1,2,1,5,2,2,4,1,5,5,5,2,2,4,4,1,3,6,5,5,5,5,5,2,1,2,4,4,1,1,7,7,8,5,3,3,3,3,6,6,6,6,3,6,6,6,3,3,3,3,3,6,6,6,6,3,5,3,3,5,5,3,3,3,3,3,6,3,5,5,3,3,3,3,3,3,3,5,2,2,2,1,3,3,3,3,2,4,4,3,3,3,2,3,3,3,3,3,3,3,3,3,3,1,1,1,3,3,3,7,7,7,7,7,7,7,7,8,8,8,8,8,8,8,8","0.000993013381958008","fast_greedy","edit-xhwikibooks.graphml"
"0.69","0.16","0.15","0.729053497942387","2,2,2,2,2,1,2,1,1,1,2,4,1,1,1,5,1,2,2,4,3,6,1,1,1,1,1,5,2,1,2,2,4,4,7,7,8,1,3,3,3,3,6,6,6,6,3,6,6,6,3,3,3,3,3,6,6,6,6,3,9,3,3,1,1,3,3,3,3,3,6,3,1,1,3,3,3,3,3,3,3,1,5,5,5,10,3,3,3,3,11,12,13,3,3,3,5,3,3,3,3,3,3,3,3,3,3,4,4,4,3,3,3,7,7,7,7,7,7,7,7,8,8,8,8,8,8,8,8","0.000993013381958008","fast_greedy","edit-xhwikibooks.graphml"
"0.68","0.17","0.15","0.732536764705882","1,1,1,1,1,2,1,4,2,2,1,5,4,4,4,2,2,1,1,5,3,6,4,4,4,4,4,2,1,2,1,1,5,5,8,8,7,4,3,3,3,3,6,6,6,6,3,6,6,6,3,3,3,3,3,6,6,6,6,3,9,3,3,4,4,3,3,3,3,3,6,3,4,4,3,3,3,3,3,3,3,4,2,2,2,10,3,3,3,3,11,12,13,3,3,3,2,3,3,3,3,3,3,3,3,3,3,5,5,5,3,3,3,8,8,8,8,8,8,8,8,7,7,7,7,7,7,7,7","0.000952005386352539","fast_greedy","edit-xhwikibooks.graphml"
"0.67","0.18","0.15","0.732536764705882","1,1,1,1,1,2,1,4,2,2,1,5,4,4,4,2,2,1,1,5,3,6,4,4,4,4,4,2,1,2,1,1,5,5,8,8,7,4,3,3,3,3,6,6,6,6,3,6,6,6,3,3,3,3,3,6,6,6,6,3,9,3,3,4,4,3,3,3,3,3,6,3,4,4,3,3,3,3,3,3,3,4,2,2,2,10,3,3,3,3,11,12,13,3,3,3,2,3,3,3,3,3,3,3,3,3,3,5,5,5,3,3,3,8,8,8,8,8,8,8,8,7,7,7,7,7,7,7,7","0.000916004180908203","fast_greedy","edit-xhwikibooks.graphml"
"0.66","0.19","0.15","0.732536764705882","1,1,1,1,1,2,1,4,2,2,1,5,4,4,4,2,2,1,1,5,3,6,4,4,4,4,4,2,1,2,1,1,5,5,8,8,7,4,3,3,3,3,6,6,6,6,3,6,6,6,3,3,3,3,3,6,6,6,6,3,9,3,3,4,4,3,3,3,3,3,6,3,4,4,3,3,3,3,3,3,3,4,2,2,2,10,3,3,3,3,11,12,13,3,3,3,2,3,3,3,3,3,3,3,3,3,3,5,5,5,3,3,3,8,8,8,8,8,8,8,8,7,7,7,7,7,7,7,7","0.000953912734985352","fast_greedy","edit-xhwikibooks.graphml"
"0.65","0.2","0.15","0.732536764705882","1,1,1,1,1,2,1,4,2,2,1,5,4,4,4,2,2,1,1,5,3,6,4,4,4,4,4,2,1,2,1,1,5,5,8,8,7,4,3,3,3,3,6,6,6,6,3,6,6,6,3,3,3,3,3,6,6,6,6,3,9,3,3,4,4,3,3,3,3,3,6,3,4,4,3,3,3,3,3,3,3,4,2,2,2,10,3,3,3,3,11,12,13,3,3,3,2,3,3,3,3,3,3,3,3,3,3,5,5,5,3,3,3,8,8,8,8,8,8,8,8,7,7,7,7,7,7,7,7","0.000954866409301758","fast_greedy","edit-xhwikibooks.graphml"
"0.64","0.21","0.15","0.732536764705882","1,1,1,1,1,2,1,4,2,2,1,5,4,4,4,2,2,1,1,5,3,6,4,4,4,4,4,2,1,2,1,1,5,5,8,8,7,4,3,3,3,3,6,6,6,6,3,6,6,6,3,3,3,3,3,6,6,6,6,3,9,3,3,4,4,3,3,3,3,3,6,3,4,4,3,3,3,3,3,3,3,4,2,2,2,10,3,3,3,3,11,12,13,3,3,3,2,3,3,3,3,3,3,3,3,3,3,5,5,5,3,3,3,8,8,8,8,8,8,8,8,7,7,7,7,7,7,7,7","0.000969886779785156","fast_greedy","edit-xhwikibooks.graphml"
"0.63","0.22","0.15","0.732536764705882","1,1,1,1,1,2,1,4,2,2,1,5,4,4,4,2,2,1,1,5,3,6,4,4,4,4,4,2,1,2,1,1,5,5,8,8,7,4,3,3,3,3,6,6,6,6,3,6,6,6,3,3,3,3,3,6,6,6,6,3,9,3,3,4,4,3,3,3,3,3,6,3,4,4,3,3,3,3,3,3,3,4,2,2,2,10,3,3,3,3,11,12,13,3,3,3,2,3,3,3,3,3,3,3,3,3,3,5,5,5,3,3,3,8,8,8,8,8,8,8,8,7,7,7,7,7,7,7,7","0.000910043716430664","fast_greedy","edit-xhwikibooks.graphml"
"0.62","0.23","0.15","0.732536764705882","1,1,1,1,1,2,1,4,2,2,1,5,4,4,4,2,2,1,1,5,3,6,4,4,4,4,4,2,1,2,1,1,5,5,8,8,7,4,3,3,3,3,6,6,6,6,3,6,6,6,3,3,3,3,3,6,6,6,6,3,9,3,3,4,4,3,3,3,3,3,6,3,4,4,3,3,3,3,3,3,3,4,2,2,2,10,3,3,3,3,11,12,13,3,3,3,2,3,3,3,3,3,3,3,3,3,3,5,5,5,3,3,3,8,8,8,8,8,8,8,8,7,7,7,7,7,7,7,7","0.000905990600585938","fast_greedy","edit-xhwikibooks.graphml"
"0.61","0.24","0.15","0.732536764705882","1,1,1,1,1,2,1,4,2,2,1,5,4,4,4,2,2,1,1,5,3,6,4,4,4,4,4,2,1,2,1,1,5,5,8,8,7,4,3,3,3,3,6,6,6,6,3,6,6,6,3,3,3,3,3,6,6,6,6,3,9,3,3,4,4,3,3,3,3,3,6,3,4,4,3,3,3,3,3,3,3,4,2,2,2,10,3,3,3,3,11,12,13,3,3,3,2,3,3,3,3,3,3,3,3,3,3,5,5,5,3,3,3,8,8,8,8,8,8,8,8,7,7,7,7,7,7,7,7","0.000945806503295898","fast_greedy","edit-xhwikibooks.graphml"
"0.6","0.25","0.15","0.732536764705882","1,1,1,1,1,2,1,4,2,2,1,5,4,4,4,2,2,1,1,5,3,6,4,4,4,4,4,2,1,2,1,1,5,5,8,8,7,4,3,3,3,3,6,6,6,6,3,6,6,6,3,3,3,3,3,6,6,6,6,3,9,3,3,4,4,3,3,3,3,3,6,3,4,4,3,3,3,3,3,3,3,4,2,2,2,10,3,3,3,3,11,12,13,3,3,3,2,3,3,3,3,3,3,3,3,3,3,5,5,5,3,3,3,8,8,8,8,8,8,8,8,7,7,7,7,7,7,7,7","0.000957012176513672","fast_greedy","edit-xhwikibooks.graphml"
"0.59","0.26","0.15","0.732536764705882","1,1,1,1,1,2,1,4,2,2,1,5,4,4,4,2,2,1,1,5,3,6,4,4,4,4,4,2,1,2,1,1,5,5,8,8,7,4,3,3,3,3,6,6,6,6,3,6,6,6,3,3,3,3,3,6,6,6,6,3,9,3,3,4,4,3,3,3,3,3,6,3,4,4,3,3,3,3,3,3,3,4,2,2,2,10,3,3,3,3,11,12,13,3,3,3,2,3,3,3,3,3,3,3,3,3,3,5,5,5,3,3,3,8,8,8,8,8,8,8,8,7,7,7,7,7,7,7,7","0.000964879989624023","fast_greedy","edit-xhwikibooks.graphml"
"0.58","0.27","0.15","0.732536764705882","1,1,1,1,1,2,1,4,2,2,1,5,4,4,4,2,2,1,1,5,3,6,4,4,4,4,4,2,1,2,1,1,5,5,8,8,7,4,3,3,3,3,6,6,6,6,3,6,6,6,3,3,3,3,3,6,6,6,6,3,9,3,3,4,4,3,3,3,3,3,6,3,4,4,3,3,3,3,3,3,3,4,2,2,2,10,3,3,3,3,11,12,13,3,3,3,2,3,3,3,3,3,3,3,3,3,3,5,5,5,3,3,3,8,8,8,8,8,8,8,8,7,7,7,7,7,7,7,7","0.000980138778686523","fast_greedy","edit-xhwikibooks.graphml"
"0.57","0.28","0.15","0.732536764705882","1,1,1,1,1,2,1,4,2,2,1,5,4,4,4,2,2,1,1,5,3,6,4,4,4,4,4,2,1,2,1,1,5,5,8,8,7,4,3,3,3,3,6,6,6,6,3,6,6,6,3,3,3,3,3,6,6,6,6,3,9,3,3,4,4,3,3,3,3,3,6,3,4,4,3,3,3,3,3,3,3,4,2,2,2,10,3,3,3,3,11,12,13,3,3,3,2,3,3,3,3,3,3,3,3,3,3,5,5,5,3,3,3,8,8,8,8,8,8,8,8,7,7,7,7,7,7,7,7","0.00108599662780762","fast_greedy","edit-xhwikibooks.graphml"
"0.56","0.29","0.15","0.732536764705882","1,1,1,1,1,2,1,4,2,2,1,5,4,4,4,2,2,1,1,5,3,6,4,4,4,4,4,2,1,2,1,1,5,5,8,8,7,4,3,3,3,3,6,6,6,6,3,6,6,6,3,3,3,3,3,6,6,6,6,3,9,3,3,4,4,3,3,3,3,3,6,3,4,4,3,3,3,3,3,3,3,4,2,2,2,10,3,3,3,3,11,12,13,3,3,3,2,3,3,3,3,3,3,3,3,3,3,5,5,5,3,3,3,8,8,8,8,8,8,8,8,7,7,7,7,7,7,7,7","0.000943899154663086","fast_greedy","edit-xhwikibooks.graphml"
"0.55","0.3","0.15","0.732536764705882","1,1,1,1,1,2,1,4,2,2,1,5,4,4,4,2,2,1,1,5,3,6,4,4,4,4,4,2,1,2,1,1,5,5,8,8,7,4,3,3,3,3,6,6,6,6,3,6,6,6,3,3,3,3,3,6,6,6,6,3,9,3,3,4,4,3,3,3,3,3,6,3,4,4,3,3,3,3,3,3,3,4,2,2,2,10,3,3,3,3,11,12,13,3,3,3,2,3,3,3,3,3,3,3,3,3,3,5,5,5,3,3,3,8,8,8,8,8,8,8,8,7,7,7,7,7,7,7,7","0.000955104827880859","fast_greedy","edit-xhwikibooks.graphml"
"0.54","0.31","0.15","0.717088687326783","1,1,1,1,1,3,1,4,3,3,1,1,4,4,4,3,8,1,1,1,2,5,4,4,4,4,4,3,1,9,10,1,1,1,6,6,7,4,2,2,2,2,5,5,5,5,2,5,5,5,2,2,2,2,2,5,5,5,5,2,11,2,2,12,13,2,2,2,2,2,5,2,4,4,2,2,2,2,2,2,2,14,3,3,3,15,2,2,2,2,16,17,18,2,2,2,19,2,2,2,2,2,2,2,2,2,2,20,21,2,2,2,2,6,6,6,6,6,6,6,6,7,7,7,7,7,7,7,7","0.000937938690185547","fast_greedy","edit-xhwikibooks.graphml"
"0.53","0.32","0.15","0.717088687326783","1,1,1,1,1,3,1,4,3,3,1,1,4,4,4,3,8,1,1,1,2,5,4,4,4,4,4,3,1,9,10,1,1,1,6,6,7,4,2,2,2,2,5,5,5,5,2,5,5,5,2,2,2,2,2,5,5,5,5,2,11,2,2,12,13,2,2,2,2,2,5,2,4,4,2,2,2,2,2,2,2,14,3,3,3,15,2,2,2,2,16,17,18,2,2,2,19,2,2,2,2,2,2,2,2,2,2,20,21,2,2,2,2,6,6,6,6,6,6,6,6,7,7,7,7,7,7,7,7","0.000921964645385742","fast_greedy","edit-xhwikibooks.graphml"
"0.52","0.33","0.15","0.717088687326783","1,1,1,1,1,3,1,4,3,3,1,1,4,4,4,3,8,1,1,1,2,5,4,4,4,4,4,3,1,9,10,1,1,1,6,6,7,4,2,2,2,2,5,5,5,5,2,5,5,5,2,2,2,2,2,5,5,5,5,2,11,2,2,12,13,2,2,2,2,2,5,2,4,4,2,2,2,2,2,2,2,14,3,3,3,15,2,2,2,2,16,17,18,2,2,2,19,2,2,2,2,2,2,2,2,2,2,20,21,2,2,2,2,6,6,6,6,6,6,6,6,7,7,7,7,7,7,7,7","0.000924110412597656","fast_greedy","edit-xhwikibooks.graphml"
"0.51","0.34","0.15","0.718860437720875","1,1,1,1,1,3,1,4,3,3,1,1,4,4,4,3,8,1,1,1,2,5,4,4,4,4,4,3,1,9,10,1,1,1,6,6,7,4,2,2,2,2,5,5,5,5,2,5,5,5,2,2,2,2,2,5,5,5,5,2,11,2,2,12,13,2,2,2,2,2,5,2,4,4,2,2,2,2,2,2,2,14,3,3,3,15,2,2,2,2,16,17,18,2,2,2,19,2,2,2,2,2,2,2,2,2,2,20,21,2,2,2,2,6,6,6,6,6,6,6,6,7,7,7,7,7,7,7,7","0.00115704536437988","fast_greedy","edit-xhwikibooks.graphml"
"0.5","0.35","0.15","0.718860437720875","1,1,1,1,1,3,1,4,3,3,1,1,4,4,4,3,8,1,1,1,2,5,4,4,4,4,4,3,1,9,10,1,1,1,6,6,7,4,2,2,2,2,5,5,5,5,2,5,5,5,2,2,2,2,2,5,5,5,5,2,11,2,2,12,13,2,2,2,2,2,5,2,4,4,2,2,2,2,2,2,2,14,3,3,3,15,2,2,2,2,16,17,18,2,2,2,19,2,2,2,2,2,2,2,2,2,2,20,21,2,2,2,2,6,6,6,6,6,6,6,6,7,7,7,7,7,7,7,7","0.000931978225708008","fast_greedy","edit-xhwikibooks.graphml"
"0.49","0.36","0.15","0.718860437720875","1,1,1,1,1,3,1,4,3,3,1,1,4,4,4,3,8,1,1,1,2,5,4,4,4,4,4,3,1,9,10,1,1,1,6,6,7,4,2,2,2,2,5,5,5,5,2,5,5,5,2,2,2,2,2,5,5,5,5,2,11,2,2,12,13,2,2,2,2,2,5,2,4,4,2,2,2,2,2,2,2,14,3,3,3,15,2,2,2,2,16,17,18,2,2,2,19,2,2,2,2,2,2,2,2,2,2,20,21,2,2,2,2,6,6,6,6,6,6,6,6,7,7,7,7,7,7,7,7","0.000937938690185547","fast_greedy","edit-xhwikibooks.graphml"
"0.48","0.37","0.15","0.718860437720875","1,1,1,1,1,3,1,4,3,3,1,1,4,4,4,3,8,1,1,1,2,5,4,4,4,4,4,3,1,9,10,1,1,1,6,6,7,4,2,2,2,2,5,5,5,5,2,5,5,5,2,2,2,2,2,5,5,5,5,2,11,2,2,12,13,2,2,2,2,2,5,2,4,4,2,2,2,2,2,2,2,14,3,3,3,15,2,2,2,2,16,17,18,2,2,2,19,2,2,2,2,2,2,2,2,2,2,20,21,2,2,2,2,6,6,6,6,6,6,6,6,7,7,7,7,7,7,7,7","0.000944852828979492","fast_greedy","edit-xhwikibooks.graphml"
"0.47","0.38","0.15","0.718860437720875","1,1,1,1,1,3,1,4,3,3,1,1,4,4,4,3,8,1,1,1,2,5,4,4,4,4,4,3,1,9,10,1,1,1,6,6,7,4,2,2,2,2,5,5,5,5,2,5,5,5,2,2,2,2,2,5,5,5,5,2,11,2,2,12,13,2,2,2,2,2,5,2,4,4,2,2,2,2,2,2,2,14,3,3,3,15,2,2,2,2,16,17,18,2,2,2,19,2,2,2,2,2,2,2,2,2,2,20,21,2,2,2,2,6,6,6,6,6,6,6,6,7,7,7,7,7,7,7,7","0.000925064086914062","fast_greedy","edit-xhwikibooks.graphml"
"0.46","0.39","0.15","0.718860437720875","1,1,1,1,1,3,1,4,3,3,1,1,4,4,4,3,8,1,1,1,2,5,4,4,4,4,4,3,1,9,10,1,1,1,6,6,7,4,2,2,2,2,5,5,5,5,2,5,5,5,2,2,2,2,2,5,5,5,5,2,11,2,2,12,13,2,2,2,2,2,5,2,4,4,2,2,2,2,2,2,2,14,3,3,3,15,2,2,2,2,16,17,18,2,2,2,19,2,2,2,2,2,2,2,2,2,2,20,21,2,2,2,2,6,6,6,6,6,6,6,6,7,7,7,7,7,7,7,7","0.000959157943725586","fast_greedy","edit-xhwikibooks.graphml"
"0.45","0.4","0.15","0.718860437720875","1,1,1,1,1,3,1,4,3,3,1,1,4,4,4,3,8,1,1,1,2,5,4,4,4,4,4,3,1,9,10,1,1,1,6,6,7,4,2,2,2,2,5,5,5,5,2,5,5,5,2,2,2,2,2,5,5,5,5,2,11,2,2,12,13,2,2,2,2,2,5,2,4,4,2,2,2,2,2,2,2,14,3,3,3,15,2,2,2,2,16,17,18,2,2,2,19,2,2,2,2,2,2,2,2,2,2,20,21,2,2,2,2,6,6,6,6,6,6,6,6,7,7,7,7,7,7,7,7","0.00100803375244141","fast_greedy","edit-xhwikibooks.graphml"
"0.44","0.41","0.15","0.718860437720875","1,1,1,1,1,3,1,4,3,3,1,1,4,4,4,3,8,1,1,1,2,5,4,4,4,4,4,3,1,9,10,1,1,1,6,6,7,4,2,2,2,2,5,5,5,5,2,5,5,5,2,2,2,2,2,5,5,5,5,2,11,2,2,12,13,2,2,2,2,2,5,2,4,4,2,2,2,2,2,2,2,14,3,3,3,15,2,2,2,2,16,17,18,2,2,2,19,2,2,2,2,2,2,2,2,2,2,20,21,2,2,2,2,6,6,6,6,6,6,6,6,7,7,7,7,7,7,7,7","0.000937223434448242","fast_greedy","edit-xhwikibooks.graphml"
"0.43","0.42","0.15","0.718860437720875","1,1,1,1,1,3,1,4,3,3,1,1,4,4,4,3,8,1,1,1,2,5,4,4,4,4,4,3,1,9,10,1,1,1,6,6,7,4,2,2,2,2,5,5,5,5,2,5,5,5,2,2,2,2,2,5,5,5,5,2,11,2,2,12,13,2,2,2,2,2,5,2,4,4,2,2,2,2,2,2,2,14,3,3,3,15,2,2,2,2,16,17,18,2,2,2,19,2,2,2,2,2,2,2,2,2,2,20,21,2,2,2,2,6,6,6,6,6,6,6,6,7,7,7,7,7,7,7,7","0.000923871994018555","fast_greedy","edit-xhwikibooks.graphml"
"0.42","0.43","0.15","0.718860437720875","1,1,1,1,1,3,1,4,3,3,1,1,4,4,4,3,8,1,1,1,2,5,4,4,4,4,4,3,1,9,10,1,1,1,6,6,7,4,2,2,2,2,5,5,5,5,2,5,5,5,2,2,2,2,2,5,5,5,5,2,11,2,2,12,13,2,2,2,2,2,5,2,4,4,2,2,2,2,2,2,2,14,3,3,3,15,2,2,2,2,16,17,18,2,2,2,19,2,2,2,2,2,2,2,2,2,2,20,21,2,2,2,2,6,6,6,6,6,6,6,6,7,7,7,7,7,7,7,7","0.000929832458496094","fast_greedy","edit-xhwikibooks.graphml"
"0.41","0.44","0.15","0.718860437720875","1,1,1,1,1,3,1,4,3,3,1,1,4,4,4,3,8,1,1,1,2,5,4,4,4,4,4,3,1,9,10,1,1,1,6,6,7,4,2,2,2,2,5,5,5,5,2,5,5,5,2,2,2,2,2,5,5,5,5,2,11,2,2,12,13,2,2,2,2,2,5,2,4,4,2,2,2,2,2,2,2,14,3,3,3,15,2,2,2,2,16,17,18,2,2,2,19,2,2,2,2,2,2,2,2,2,2,20,21,2,2,2,2,6,6,6,6,6,6,6,6,7,7,7,7,7,7,7,7","0.000916004180908203","fast_greedy","edit-xhwikibooks.graphml"
"0.4","0.45","0.15","0.718860437720875","1,1,1,1,1,3,1,4,3,3,1,1,4,4,4,3,8,1,1,1,2,5,4,4,4,4,4,3,1,9,10,1,1,1,6,6,7,4,2,2,2,2,5,5,5,5,2,5,5,5,2,2,2,2,2,5,5,5,5,2,11,2,2,12,13,2,2,2,2,2,5,2,4,4,2,2,2,2,2,2,2,14,3,3,3,15,2,2,2,2,16,17,18,2,2,2,19,2,2,2,2,2,2,2,2,2,2,20,21,2,2,2,2,6,6,6,6,6,6,6,6,7,7,7,7,7,7,7,7","0.000952959060668945","fast_greedy","edit-xhwikibooks.graphml"
"0.39","0.46","0.15","0.699819876262824","1,1,1,3,7,3,2,3,3,3,2,8,3,3,3,3,9,10,2,6,4,1,11,3,3,3,3,3,1,12,13,14,6,15,2,2,5,3,4,4,4,4,1,1,1,1,4,1,1,1,4,4,4,4,4,1,1,1,1,4,16,4,4,17,18,4,4,4,4,4,1,4,19,20,4,4,4,4,4,4,4,21,22,23,24,25,4,4,4,4,26,27,28,4,4,4,29,4,4,4,4,4,4,4,4,4,4,30,31,4,4,4,4,2,2,2,2,2,2,2,2,5,5,5,5,5,5,5,5","0.00101280212402344","fast_greedy","edit-xhwikibooks.graphml"
"0.38","0.47","0.15","0.699819876262824","1,1,1,3,7,3,2,3,3,3,2,8,3,3,3,3,9,10,2,6,4,1,11,3,3,3,3,3,1,12,13,14,6,15,2,2,5,3,4,4,4,4,1,1,1,1,4,1,1,1,4,4,4,4,4,1,1,1,1,4,16,4,4,17,18,4,4,4,4,4,1,4,19,20,4,4,4,4,4,4,4,21,22,23,24,25,4,4,4,4,26,27,28,4,4,4,29,4,4,4,4,4,4,4,4,4,4,30,31,4,4,4,4,2,2,2,2,2,2,2,2,5,5,5,5,5,5,5,5","0.000916957855224609","fast_greedy","edit-xhwikibooks.graphml"
"0.37","0.48","0.15","0.699819876262824","1,1,1,3,7,3,2,3,3,3,2,8,3,3,3,3,9,10,2,6,4,1,11,3,3,3,3,3,1,12,13,14,6,15,2,2,5,3,4,4,4,4,1,1,1,1,4,1,1,1,4,4,4,4,4,1,1,1,1,4,16,4,4,17,18,4,4,4,4,4,1,4,19,20,4,4,4,4,4,4,4,21,22,23,24,25,4,4,4,4,26,27,28,4,4,4,29,4,4,4,4,4,4,4,4,4,4,30,31,4,4,4,4,2,2,2,2,2,2,2,2,5,5,5,5,5,5,5,5","0.000908851623535156","fast_greedy","edit-xhwikibooks.graphml"
"0.36","0.49","0.15","0.699819876262824","1,1,1,3,7,3,2,3,3,3,2,8,3,3,3,3,9,10,2,6,4,1,11,3,3,3,3,3,1,12,13,14,6,15,2,2,5,3,4,4,4,4,1,1,1,1,4,1,1,1,4,4,4,4,4,1,1,1,1,4,16,4,4,17,18,4,4,4,4,4,1,4,19,20,4,4,4,4,4,4,4,21,22,23,24,25,4,4,4,4,26,27,28,4,4,4,29,4,4,4,4,4,4,4,4,4,4,30,31,4,4,4,4,2,2,2,2,2,2,2,2,5,5,5,5,5,5,5,5","0.000935077667236328","fast_greedy","edit-xhwikibooks.graphml"
"0.35","0.5","0.15","0.722935157442478","1,1,1,2,8,2,6,2,2,2,6,9,2,2,2,2,10,11,6,7,3,1,12,2,2,2,2,2,1,13,14,15,7,16,4,4,5,2,3,3,3,3,1,1,1,1,3,1,1,1,3,3,3,3,3,1,1,1,1,3,17,3,3,18,19,3,3,3,3,3,1,3,20,21,3,3,3,3,3,3,3,22,23,24,25,26,3,3,3,3,27,28,29,3,3,3,30,3,3,3,3,3,3,3,3,3,3,31,32,3,3,3,3,4,4,4,4,4,4,4,4,5,5,5,5,5,5,5,5","0.000950813293457031","fast_greedy","edit-xhwikibooks.graphml"
"0.34","0.51","0.15","0.722935157442478","1,1,1,2,8,2,6,2,2,2,6,9,2,2,2,2,10,11,6,7,3,1,12,2,2,2,2,2,1,13,14,15,7,16,4,4,5,2,3,3,3,3,1,1,1,1,3,1,1,1,3,3,3,3,3,1,1,1,1,3,17,3,3,18,19,3,3,3,3,3,1,3,20,21,3,3,3,3,3,3,3,22,23,24,25,26,3,3,3,3,27,28,29,3,3,3,30,3,3,3,3,3,3,3,3,3,3,31,32,3,3,3,3,4,4,4,4,4,4,4,4,5,5,5,5,5,5,5,5","0.000952005386352539","fast_greedy","edit-xhwikibooks.graphml"
"0.33","0.52","0.15","0.722935157442478","1,1,1,2,8,2,6,2,2,2,6,9,2,2,2,2,10,11,6,7,3,1,12,2,2,2,2,2,1,13,14,15,7,16,4,4,5,2,3,3,3,3,1,1,1,1,3,1,1,1,3,3,3,3,3,1,1,1,1,3,17,3,3,18,19,3,3,3,3,3,1,3,20,21,3,3,3,3,3,3,3,22,23,24,25,26,3,3,3,3,27,28,29,3,3,3,30,3,3,3,3,3,3,3,3,3,3,31,32,3,3,3,3,4,4,4,4,4,4,4,4,5,5,5,5,5,5,5,5","0.00103402137756348","fast_greedy","edit-xhwikibooks.graphml"
"0.32","0.53","0.15","0.722935157442478","1,1,1,2,8,2,6,2,2,2,6,9,2,2,2,2,10,11,6,7,3,1,12,2,2,2,2,2,1,13,14,15,7,16,4,4,5,2,3,3,3,3,1,1,1,1,3,1,1,1,3,3,3,3,3,1,1,1,1,3,17,3,3,18,19,3,3,3,3,3,1,3,20,21,3,3,3,3,3,3,3,22,23,24,25,26,3,3,3,3,27,28,29,3,3,3,30,3,3,3,3,3,3,3,3,3,3,31,32,3,3,3,3,4,4,4,4,4,4,4,4,5,5,5,5,5,5,5,5","0.000919103622436523","fast_greedy","edit-xhwikibooks.graphml"
"0.31","0.54","0.15","0.722935157442478","1,1,1,2,8,2,6,2,2,2,6,9,2,2,2,2,10,11,6,7,3,1,12,2,2,2,2,2,1,13,14,15,7,16,4,4,5,2,3,3,3,3,1,1,1,1,3,1,1,1,3,3,3,3,3,1,1,1,1,3,17,3,3,18,19,3,3,3,3,3,1,3,20,21,3,3,3,3,3,3,3,22,23,24,25,26,3,3,3,3,27,28,29,3,3,3,30,3,3,3,3,3,3,3,3,3,3,31,32,3,3,3,3,4,4,4,4,4,4,4,4,5,5,5,5,5,5,5,5","0.000926017761230469","fast_greedy","edit-xhwikibooks.graphml"
"0.3","0.55","0.15","0.722935157442478","1,1,1,2,8,2,6,2,2,2,6,9,2,2,2,2,10,11,6,7,3,1,12,2,2,2,2,2,1,13,14,15,7,16,4,4,5,2,3,3,3,3,1,1,1,1,3,1,1,1,3,3,3,3,3,1,1,1,1,3,17,3,3,18,19,3,3,3,3,3,1,3,20,21,3,3,3,3,3,3,3,22,23,24,25,26,3,3,3,3,27,28,29,3,3,3,30,3,3,3,3,3,3,3,3,3,3,31,32,3,3,3,3,4,4,4,4,4,4,4,4,5,5,5,5,5,5,5,5","0.00101184844970703","fast_greedy","edit-xhwikibooks.graphml"
"0.29","0.56","0.15","0.722935157442478","1,1,1,2,8,2,6,2,2,2,6,9,2,2,2,2,10,11,6,7,3,1,12,2,2,2,2,2,1,13,14,15,7,16,4,4,5,2,3,3,3,3,1,1,1,1,3,1,1,1,3,3,3,3,3,1,1,1,1,3,17,3,3,18,19,3,3,3,3,3,1,3,20,21,3,3,3,3,3,3,3,22,23,24,25,26,3,3,3,3,27,28,29,3,3,3,30,3,3,3,3,3,3,3,3,3,3,31,32,3,3,3,3,4,4,4,4,4,4,4,4,5,5,5,5,5,5,5,5","0.000953912734985352","fast_greedy","edit-xhwikibooks.graphml"
"0.28","0.57","0.15","0.722935157442478","1,1,1,2,8,2,6,2,2,2,6,9,2,2,2,2,10,11,6,7,3,1,12,2,2,2,2,2,1,13,14,15,7,16,4,4,5,2,3,3,3,3,1,1,1,1,3,1,1,1,3,3,3,3,3,1,1,1,1,3,17,3,3,18,19,3,3,3,3,3,1,3,20,21,3,3,3,3,3,3,3,22,23,24,25,26,3,3,3,3,27,28,29,3,3,3,30,3,3,3,3,3,3,3,3,3,3,31,32,3,3,3,3,4,4,4,4,4,4,4,4,5,5,5,5,5,5,5,5","0.000932216644287109","fast_greedy","edit-xhwikibooks.graphml"
"0.27","0.58","0.15","0.722935157442478","1,1,1,2,8,2,6,2,2,2,6,9,2,2,2,2,10,11,6,7,3,1,12,2,2,2,2,2,1,13,14,15,7,16,4,4,5,2,3,3,3,3,1,1,1,1,3,1,1,1,3,3,3,3,3,1,1,1,1,3,17,3,3,18,19,3,3,3,3,3,1,3,20,21,3,3,3,3,3,3,3,22,23,24,25,26,3,3,3,3,27,28,29,3,3,3,30,3,3,3,3,3,3,3,3,3,3,31,32,3,3,3,3,4,4,4,4,4,4,4,4,5,5,5,5,5,5,5,5","0.000909090042114258","fast_greedy","edit-xhwikibooks.graphml"
"0.26","0.59","0.15","0.722935157442478","1,1,1,2,8,2,6,2,2,2,6,9,2,2,2,2,10,11,6,7,3,1,12,2,2,2,2,2,1,13,14,15,7,16,4,4,5,2,3,3,3,3,1,1,1,1,3,1,1,1,3,3,3,3,3,1,1,1,1,3,17,3,3,18,19,3,3,3,3,3,1,3,20,21,3,3,3,3,3,3,3,22,23,24,25,26,3,3,3,3,27,28,29,3,3,3,30,3,3,3,3,3,3,3,3,3,3,31,32,3,3,3,3,4,4,4,4,4,4,4,4,5,5,5,5,5,5,5,5","0.00115084648132324","fast_greedy","edit-xhwikibooks.graphml"
"0.25","0.6","0.15","0.722935157442478","1,1,1,2,8,2,6,2,2,2,6,9,2,2,2,2,10,11,6,7,3,1,12,2,2,2,2,2,1,13,14,15,7,16,4,4,5,2,3,3,3,3,1,1,1,1,3,1,1,1,3,3,3,3,3,1,1,1,1,3,17,3,3,18,19,3,3,3,3,3,1,3,20,21,3,3,3,3,3,3,3,22,23,24,25,26,3,3,3,3,27,28,29,3,3,3,30,3,3,3,3,3,3,3,3,3,3,31,32,3,3,3,3,4,4,4,4,4,4,4,4,5,5,5,5,5,5,5,5","0.000921964645385742","fast_greedy","edit-xhwikibooks.graphml"
"0.24","0.61","0.15","0.71715976331361","1,1,1,2,6,2,7,2,2,2,8,9,2,2,2,2,10,11,4,12,3,1,13,2,2,2,2,2,1,14,15,16,17,18,4,4,5,2,3,3,3,3,1,1,1,1,3,1,1,1,3,3,3,3,3,1,1,1,1,3,19,3,3,20,21,3,3,3,3,3,1,3,22,23,3,3,3,3,3,3,3,24,25,26,27,28,3,3,3,3,29,30,31,3,3,3,32,3,3,3,3,3,3,3,3,3,3,33,34,3,3,3,3,4,4,4,4,4,4,4,4,5,5,5,5,5,5,5,5","0.000936031341552734","fast_greedy","edit-xhwikibooks.graphml"
"0.23","0.62","0.15","0.71715976331361","1,1,1,2,6,2,7,2,2,2,8,9,2,2,2,2,10,11,4,12,3,1,13,2,2,2,2,2,1,14,15,16,17,18,4,4,5,2,3,3,3,3,1,1,1,1,3,1,1,1,3,3,3,3,3,1,1,1,1,3,19,3,3,20,21,3,3,3,3,3,1,3,22,23,3,3,3,3,3,3,3,24,25,26,27,28,3,3,3,3,29,30,31,3,3,3,32,3,3,3,3,3,3,3,3,3,3,33,34,3,3,3,3,4,4,4,4,4,4,4,4,5,5,5,5,5,5,5,5","0.000957965850830078","fast_greedy","edit-xhwikibooks.graphml"
"0.22","0.63","0.15","0.71715976331361","1,1,1,2,6,2,7,2,2,2,8,9,2,2,2,2,10,11,4,12,3,1,13,2,2,2,2,2,1,14,15,16,17,18,4,4,5,2,3,3,3,3,1,1,1,1,3,1,1,1,3,3,3,3,3,1,1,1,1,3,19,3,3,20,21,3,3,3,3,3,1,3,22,23,3,3,3,3,3,3,3,24,25,26,27,28,3,3,3,3,29,30,31,3,3,3,32,3,3,3,3,3,3,3,3,3,3,33,34,3,3,3,3,4,4,4,4,4,4,4,4,5,5,5,5,5,5,5,5","0.000925064086914062","fast_greedy","edit-xhwikibooks.graphml"
"0.21","0.64","0.15","0.71715976331361","1,1,1,2,6,2,7,2,2,2,8,9,2,2,2,2,10,11,4,12,3,1,13,2,2,2,2,2,1,14,15,16,17,18,4,4,5,2,3,3,3,3,1,1,1,1,3,1,1,1,3,3,3,3,3,1,1,1,1,3,19,3,3,20,21,3,3,3,3,3,1,3,22,23,3,3,3,3,3,3,3,24,25,26,27,28,3,3,3,3,29,30,31,3,3,3,32,3,3,3,3,3,3,3,3,3,3,33,34,3,3,3,3,4,4,4,4,4,4,4,4,5,5,5,5,5,5,5,5","0.0010530948638916","fast_greedy","edit-xhwikibooks.graphml"
"0.2","0.65","0.15","0.71715976331361","1,1,1,2,6,2,7,2,2,2,8,9,2,2,2,2,10,11,4,12,3,1,13,2,2,2,2,2,1,14,15,16,17,18,4,4,5,2,3,3,3,3,1,1,1,1,3,1,1,1,3,3,3,3,3,1,1,1,1,3,19,3,3,20,21,3,3,3,3,3,1,3,22,23,3,3,3,3,3,3,3,24,25,26,27,28,3,3,3,3,29,30,31,3,3,3,32,3,3,3,3,3,3,3,3,3,3,33,34,3,3,3,3,4,4,4,4,4,4,4,4,5,5,5,5,5,5,5,5","0.000938177108764648","fast_greedy","edit-xhwikibooks.graphml"
"0.19","0.66","0.15","0.71715976331361","1,1,1,2,6,2,7,2,2,2,8,9,2,2,2,2,10,11,4,12,3,1,13,2,2,2,2,2,1,14,15,16,17,18,4,4,5,2,3,3,3,3,1,1,1,1,3,1,1,1,3,3,3,3,3,1,1,1,1,3,19,3,3,20,21,3,3,3,3,3,1,3,22,23,3,3,3,3,3,3,3,24,25,26,27,28,3,3,3,3,29,30,31,3,3,3,32,3,3,3,3,3,3,3,3,3,3,33,34,3,3,3,3,4,4,4,4,4,4,4,4,5,5,5,5,5,5,5,5","0.000926971435546875","fast_greedy","edit-xhwikibooks.graphml"
"0.18","0.67","0.15","0.71715976331361","1,1,1,2,6,2,7,2,2,2,8,9,2,2,2,2,10,11,4,12,3,1,13,2,2,2,2,2,1,14,15,16,17,18,4,4,5,2,3,3,3,3,1,1,1,1,3,1,1,1,3,3,3,3,3,1,1,1,1,3,19,3,3,20,21,3,3,3,3,3,1,3,22,23,3,3,3,3,3,3,3,24,25,26,27,28,3,3,3,3,29,30,31,3,3,3,32,3,3,3,3,3,3,3,3,3,3,33,34,3,3,3,3,4,4,4,4,4,4,4,4,5,5,5,5,5,5,5,5","0.00093388557434082","fast_greedy","edit-xhwikibooks.graphml"
"0.17","0.68","0.15","0.71715976331361","1,1,1,2,6,2,7,2,2,2,8,9,2,2,2,2,10,11,4,12,3,1,13,2,2,2,2,2,1,14,15,16,17,18,4,4,5,2,3,3,3,3,1,1,1,1,3,1,1,1,3,3,3,3,3,1,1,1,1,3,19,3,3,20,21,3,3,3,3,3,1,3,22,23,3,3,3,3,3,3,3,24,25,26,27,28,3,3,3,3,29,30,31,3,3,3,32,3,3,3,3,3,3,3,3,3,3,33,34,3,3,3,3,4,4,4,4,4,4,4,4,5,5,5,5,5,5,5,5","0.000926971435546875","fast_greedy","edit-xhwikibooks.graphml"
"0.16","0.69","0.15","0.71715976331361","1,1,1,2,6,2,7,2,2,2,8,9,2,2,2,2,10,11,4,12,3,1,13,2,2,2,2,2,1,14,15,16,17,18,4,4,5,2,3,3,3,3,1,1,1,1,3,1,1,1,3,3,3,3,3,1,1,1,1,3,19,3,3,20,21,3,3,3,3,3,1,3,22,23,3,3,3,3,3,3,3,24,25,26,27,28,3,3,3,3,29,30,31,3,3,3,32,3,3,3,3,3,3,3,3,3,3,33,34,3,3,3,3,4,4,4,4,4,4,4,4,5,5,5,5,5,5,5,5","0.000977039337158203","fast_greedy","edit-xhwikibooks.graphml"
"0.15","0.7","0.15","0.71715976331361","1,1,1,2,6,2,7,2,2,2,8,9,2,2,2,2,10,11,4,12,3,1,13,2,2,2,2,2,1,14,15,16,17,18,4,4,5,2,3,3,3,3,1,1,1,1,3,1,1,1,3,3,3,3,3,1,1,1,1,3,19,3,3,20,21,3,3,3,3,3,1,3,22,23,3,3,3,3,3,3,3,24,25,26,27,28,3,3,3,3,29,30,31,3,3,3,32,3,3,3,3,3,3,3,3,3,3,33,34,3,3,3,3,4,4,4,4,4,4,4,4,5,5,5,5,5,5,5,5","0.000956058502197266","fast_greedy","edit-xhwikibooks.graphml"
"0.14","0.71","0.15","0.71715976331361","1,1,1,2,6,2,7,2,2,2,8,9,2,2,2,2,10,11,4,12,3,1,13,2,2,2,2,2,1,14,15,16,17,18,4,4,5,2,3,3,3,3,1,1,1,1,3,1,1,1,3,3,3,3,3,1,1,1,1,3,19,3,3,20,21,3,3,3,3,3,1,3,22,23,3,3,3,3,3,3,3,24,25,26,27,28,3,3,3,3,29,30,31,3,3,3,32,3,3,3,3,3,3,3,3,3,3,33,34,3,3,3,3,4,4,4,4,4,4,4,4,5,5,5,5,5,5,5,5","0.00106096267700195","fast_greedy","edit-xhwikibooks.graphml"
"0.13","0.72","0.15","0.71715976331361","1,1,1,2,6,2,7,2,2,2,8,9,2,2,2,2,10,11,4,12,3,1,13,2,2,2,2,2,1,14,15,16,17,18,4,4,5,2,3,3,3,3,1,1,1,1,3,1,1,1,3,3,3,3,3,1,1,1,1,3,19,3,3,20,21,3,3,3,3,3,1,3,22,23,3,3,3,3,3,3,3,24,25,26,27,28,3,3,3,3,29,30,31,3,3,3,32,3,3,3,3,3,3,3,3,3,3,33,34,3,3,3,3,4,4,4,4,4,4,4,4,5,5,5,5,5,5,5,5","0.000946044921875","fast_greedy","edit-xhwikibooks.graphml"
"0.12","0.73","0.15","0.71715976331361","1,1,1,2,6,2,7,2,2,2,8,9,2,2,2,2,10,11,4,12,3,1,13,2,2,2,2,2,1,14,15,16,17,18,4,4,5,2,3,3,3,3,1,1,1,1,3,1,1,1,3,3,3,3,3,1,1,1,1,3,19,3,3,20,21,3,3,3,3,3,1,3,22,23,3,3,3,3,3,3,3,24,25,26,27,28,3,3,3,3,29,30,31,3,3,3,32,3,3,3,3,3,3,3,3,3,3,33,34,3,3,3,3,4,4,4,4,4,4,4,4,5,5,5,5,5,5,5,5","0.000941991806030273","fast_greedy","edit-xhwikibooks.graphml"
"0.11","0.74","0.15","0.71715976331361","1,1,1,2,6,2,7,2,2,2,8,9,2,2,2,2,10,11,4,12,3,1,13,2,2,2,2,2,1,14,15,16,17,18,4,4,5,2,3,3,3,3,1,1,1,1,3,1,1,1,3,3,3,3,3,1,1,1,1,3,19,3,3,20,21,3,3,3,3,3,1,3,22,23,3,3,3,3,3,3,3,24,25,26,27,28,3,3,3,3,29,30,31,3,3,3,32,3,3,3,3,3,3,3,3,3,3,33,34,3,3,3,3,4,4,4,4,4,4,4,4,5,5,5,5,5,5,5,5","0.000946998596191406","fast_greedy","edit-xhwikibooks.graphml"
"0.1","0.75","0.15","0.707791363163372","1,1,1,6,7,2,8,2,2,9,10,11,2,2,2,2,12,13,4,14,3,1,15,2,2,2,2,16,17,18,19,20,21,22,4,4,5,2,3,3,3,3,1,1,1,1,3,1,1,1,3,3,3,3,3,1,1,1,1,3,23,3,3,24,25,3,3,3,3,3,1,3,26,27,3,3,3,3,3,3,3,28,29,30,31,32,3,3,3,3,33,34,35,3,3,3,36,3,3,3,3,3,3,3,3,3,3,37,38,3,3,3,3,4,4,4,4,4,4,4,4,5,5,5,5,5,5,5,5","0.000950098037719727","fast_greedy","edit-xhwikibooks.graphml"
"0.09","0.76","0.15","0.707791363163372","1,1,1,6,7,2,8,2,2,9,10,11,2,2,2,2,12,13,4,14,3,1,15,2,2,2,2,16,17,18,19,20,21,22,4,4,5,2,3,3,3,3,1,1,1,1,3,1,1,1,3,3,3,3,3,1,1,1,1,3,23,3,3,24,25,3,3,3,3,3,1,3,26,27,3,3,3,3,3,3,3,28,29,30,31,32,3,3,3,3,33,34,35,3,3,3,36,3,3,3,3,3,3,3,3,3,3,37,38,3,3,3,3,4,4,4,4,4,4,4,4,5,5,5,5,5,5,5,5","0.000941038131713867","fast_greedy","edit-xhwikibooks.graphml"
"0.08","0.77","0.15","0.707791363163372","1,1,1,6,7,2,8,2,2,9,10,11,2,2,2,2,12,13,4,14,3,1,15,2,2,2,2,16,17,18,19,20,21,22,4,4,5,2,3,3,3,3,1,1,1,1,3,1,1,1,3,3,3,3,3,1,1,1,1,3,23,3,3,24,25,3,3,3,3,3,1,3,26,27,3,3,3,3,3,3,3,28,29,30,31,32,3,3,3,3,33,34,35,3,3,3,36,3,3,3,3,3,3,3,3,3,3,37,38,3,3,3,3,4,4,4,4,4,4,4,4,5,5,5,5,5,5,5,5","0.000921010971069336","fast_greedy","edit-xhwikibooks.graphml"
"0.07","0.78","0.15","0.707791363163372","1,1,1,6,7,2,8,2,2,9,10,11,2,2,2,2,12,13,4,14,3,1,15,2,2,2,2,16,17,18,19,20,21,22,4,4,5,2,3,3,3,3,1,1,1,1,3,1,1,1,3,3,3,3,3,1,1,1,1,3,23,3,3,24,25,3,3,3,3,3,1,3,26,27,3,3,3,3,3,3,3,28,29,30,31,32,3,3,3,3,33,34,35,3,3,3,36,3,3,3,3,3,3,3,3,3,3,37,38,3,3,3,3,4,4,4,4,4,4,4,4,5,5,5,5,5,5,5,5","0.000941991806030273","fast_greedy","edit-xhwikibooks.graphml"
"0.06","0.79","0.15","0.707791363163372","1,1,1,6,7,2,8,2,2,9,10,11,2,2,2,2,12,13,4,14,3,1,15,2,2,2,2,16,17,18,19,20,21,22,4,4,5,2,3,3,3,3,1,1,1,1,3,1,1,1,3,3,3,3,3,1,1,1,1,3,23,3,3,24,25,3,3,3,3,3,1,3,26,27,3,3,3,3,3,3,3,28,29,30,31,32,3,3,3,3,33,34,35,3,3,3,36,3,3,3,3,3,3,3,3,3,3,37,38,3,3,3,3,4,4,4,4,4,4,4,4,5,5,5,5,5,5,5,5","0.000950098037719727","fast_greedy","edit-xhwikibooks.graphml"
"0.05","0.8","0.15","0.707791363163372","1,1,1,6,7,2,8,2,2,9,10,11,2,2,2,2,12,13,4,14,3,1,15,2,2,2,2,16,17,18,19,20,21,22,4,4,5,2,3,3,3,3,1,1,1,1,3,1,1,1,3,3,3,3,3,1,1,1,1,3,23,3,3,24,25,3,3,3,3,3,1,3,26,27,3,3,3,3,3,3,3,28,29,30,31,32,3,3,3,3,33,34,35,3,3,3,36,3,3,3,3,3,3,3,3,3,3,37,38,3,3,3,3,4,4,4,4,4,4,4,4,5,5,5,5,5,5,5,5","0.00406885147094727","fast_greedy","edit-xhwikibooks.graphml"
"0.04","0.81","0.15","0.707791363163372","1,1,1,6,7,2,8,2,2,9,10,11,2,2,2,2,12,13,4,14,3,1,15,2,2,2,2,16,17,18,19,20,21,22,4,4,5,2,3,3,3,3,1,1,1,1,3,1,1,1,3,3,3,3,3,1,1,1,1,3,23,3,3,24,25,3,3,3,3,3,1,3,26,27,3,3,3,3,3,3,3,28,29,30,31,32,3,3,3,3,33,34,35,3,3,3,36,3,3,3,3,3,3,3,3,3,3,37,38,3,3,3,3,4,4,4,4,4,4,4,4,5,5,5,5,5,5,5,5","0.000977039337158203","fast_greedy","edit-xhwikibooks.graphml"
"0.03","0.82","0.15","0.707791363163372","1,1,1,6,7,2,8,2,2,9,10,11,2,2,2,2,12,13,4,14,3,1,15,2,2,2,2,16,17,18,19,20,21,22,4,4,5,2,3,3,3,3,1,1,1,1,3,1,1,1,3,3,3,3,3,1,1,1,1,3,23,3,3,24,25,3,3,3,3,3,1,3,26,27,3,3,3,3,3,3,3,28,29,30,31,32,3,3,3,3,33,34,35,3,3,3,36,3,3,3,3,3,3,3,3,3,3,37,38,3,3,3,3,4,4,4,4,4,4,4,4,5,5,5,5,5,5,5,5","0.000922918319702148","fast_greedy","edit-xhwikibooks.graphml"
"0.02","0.83","0.15","0.707791363163372","1,1,1,6,7,2,8,2,2,9,10,11,2,2,2,2,12,13,4,14,3,1,15,2,2,2,2,16,17,18,19,20,21,22,4,4,5,2,3,3,3,3,1,1,1,1,3,1,1,1,3,3,3,3,3,1,1,1,1,3,23,3,3,24,25,3,3,3,3,3,1,3,26,27,3,3,3,3,3,3,3,28,29,30,31,32,3,3,3,3,33,34,35,3,3,3,36,3,3,3,3,3,3,3,3,3,3,37,38,3,3,3,3,4,4,4,4,4,4,4,4,5,5,5,5,5,5,5,5","0.000877857208251953","fast_greedy","edit-xhwikibooks.graphml"
"0.01","0.84","0.15","0.707791363163372","1,1,1,6,7,2,8,2,2,9,10,11,2,2,2,2,12,13,4,14,3,1,15,2,2,2,2,16,17,18,19,20,21,22,4,4,5,2,3,3,3,3,1,1,1,1,3,1,1,1,3,3,3,3,3,1,1,1,1,3,23,3,3,24,25,3,3,3,3,3,1,3,26,27,3,3,3,3,3,3,3,28,29,30,31,32,3,3,3,3,33,34,35,3,3,3,36,3,3,3,3,3,3,3,3,3,3,37,38,3,3,3,3,4,4,4,4,4,4,4,4,5,5,5,5,5,5,5,5","0.000904083251953125","fast_greedy","edit-xhwikibooks.graphml"
"0","0.85","0.15","0.695617970980712","1,1,1,1,1,1,6,1,1,7,8,9,1,1,1,1,10,11,3,12,2,4,13,1,1,1,1,14,1,15,16,17,18,19,3,3,5,1,2,2,2,2,4,4,4,4,2,4,4,4,2,2,2,2,2,4,4,4,4,2,20,2,2,21,22,2,2,2,2,2,4,2,23,24,2,2,2,2,2,2,2,25,26,27,28,29,2,2,2,2,30,31,32,2,2,2,33,2,2,2,2,2,2,2,2,2,2,34,35,2,2,2,2,3,3,3,3,3,3,3,3,5,5,5,5,5,5,5,5","0.000905036926269531","fast_greedy","edit-xhwikibooks.graphml"
"0.84","0","0.16","0.738928571428572","1,1,1,1,1,2,1,5,2,2,4,1,5,5,5,2,2,4,4,1,3,6,5,5,5,5,5,2,1,2,4,4,1,1,7,7,8,5,3,3,3,3,6,6,6,6,3,6,6,6,3,3,3,3,3,6,6,6,6,3,5,3,3,5,5,3,3,3,3,3,6,3,5,5,3,3,3,3,3,3,3,5,2,2,2,1,3,3,3,3,2,4,4,3,3,3,2,3,3,3,3,3,3,3,3,3,3,1,1,1,3,3,3,7,7,7,7,7,7,7,7,8,8,8,8,8,8,8,8","0.000941038131713867","fast_greedy","edit-xhwikibooks.graphml"
"0.83","0.01","0.16","0.738928571428572","1,1,1,1,1,2,1,5,2,2,4,1,5,5,5,2,2,4,4,1,3,6,5,5,5,5,5,2,1,2,4,4,1,1,7,7,8,5,3,3,3,3,6,6,6,6,3,6,6,6,3,3,3,3,3,6,6,6,6,3,5,3,3,5,5,3,3,3,3,3,6,3,5,5,3,3,3,3,3,3,3,5,2,2,2,1,3,3,3,3,2,4,4,3,3,3,2,3,3,3,3,3,3,3,3,3,3,1,1,1,3,3,3,7,7,7,7,7,7,7,7,8,8,8,8,8,8,8,8","0.000948905944824219","fast_greedy","edit-xhwikibooks.graphml"
"0.82","0.02","0.16","0.738928571428572","1,1,1,1,1,2,1,5,2,2,4,1,5,5,5,2,2,4,4,1,3,6,5,5,5,5,5,2,1,2,4,4,1,1,7,7,8,5,3,3,3,3,6,6,6,6,3,6,6,6,3,3,3,3,3,6,6,6,6,3,5,3,3,5,5,3,3,3,3,3,6,3,5,5,3,3,3,3,3,3,3,5,2,2,2,1,3,3,3,3,2,4,4,3,3,3,2,3,3,3,3,3,3,3,3,3,3,1,1,1,3,3,3,7,7,7,7,7,7,7,7,8,8,8,8,8,8,8,8","0.000998020172119141","fast_greedy","edit-xhwikibooks.graphml"
"0.81","0.03","0.16","0.738928571428572","1,1,1,1,1,2,1,5,2,2,4,1,5,5,5,2,2,4,4,1,3,6,5,5,5,5,5,2,1,2,4,4,1,1,7,7,8,5,3,3,3,3,6,6,6,6,3,6,6,6,3,3,3,3,3,6,6,6,6,3,5,3,3,5,5,3,3,3,3,3,6,3,5,5,3,3,3,3,3,3,3,5,2,2,2,1,3,3,3,3,2,4,4,3,3,3,2,3,3,3,3,3,3,3,3,3,3,1,1,1,3,3,3,7,7,7,7,7,7,7,7,8,8,8,8,8,8,8,8","0.000891208648681641","fast_greedy","edit-xhwikibooks.graphml"
"0.8","0.04","0.16","0.738928571428572","1,1,1,1,1,2,1,5,2,2,4,1,5,5,5,2,2,4,4,1,3,6,5,5,5,5,5,2,1,2,4,4,1,1,7,7,8,5,3,3,3,3,6,6,6,6,3,6,6,6,3,3,3,3,3,6,6,6,6,3,5,3,3,5,5,3,3,3,3,3,6,3,5,5,3,3,3,3,3,3,3,5,2,2,2,1,3,3,3,3,2,4,4,3,3,3,2,3,3,3,3,3,3,3,3,3,3,1,1,1,3,3,3,7,7,7,7,7,7,7,7,8,8,8,8,8,8,8,8","0.000987052917480469","fast_greedy","edit-xhwikibooks.graphml"
"0.79","0.05","0.16","0.738928571428572","1,1,1,1,1,2,1,5,2,2,4,1,5,5,5,2,2,4,4,1,3,6,5,5,5,5,5,2,1,2,4,4,1,1,7,7,8,5,3,3,3,3,6,6,6,6,3,6,6,6,3,3,3,3,3,6,6,6,6,3,5,3,3,5,5,3,3,3,3,3,6,3,5,5,3,3,3,3,3,3,3,5,2,2,2,1,3,3,3,3,2,4,4,3,3,3,2,3,3,3,3,3,3,3,3,3,3,1,1,1,3,3,3,7,7,7,7,7,7,7,7,8,8,8,8,8,8,8,8","0.000889062881469727","fast_greedy","edit-xhwikibooks.graphml"
"0.78","0.06","0.16","0.738928571428572","1,1,1,1,1,2,1,5,2,2,4,1,5,5,5,2,2,4,4,1,3,6,5,5,5,5,5,2,1,2,4,4,1,1,7,7,8,5,3,3,3,3,6,6,6,6,3,6,6,6,3,3,3,3,3,6,6,6,6,3,5,3,3,5,5,3,3,3,3,3,6,3,5,5,3,3,3,3,3,3,3,5,2,2,2,1,3,3,3,3,2,4,4,3,3,3,2,3,3,3,3,3,3,3,3,3,3,1,1,1,3,3,3,7,7,7,7,7,7,7,7,8,8,8,8,8,8,8,8","0.000890016555786133","fast_greedy","edit-xhwikibooks.graphml"
"0.77","0.07","0.16","0.738928571428572","1,1,1,1,1,2,1,5,2,2,4,1,5,5,5,2,2,4,4,1,3,6,5,5,5,5,5,2,1,2,4,4,1,1,7,7,8,5,3,3,3,3,6,6,6,6,3,6,6,6,3,3,3,3,3,6,6,6,6,3,5,3,3,5,5,3,3,3,3,3,6,3,5,5,3,3,3,3,3,3,3,5,2,2,2,1,3,3,3,3,2,4,4,3,3,3,2,3,3,3,3,3,3,3,3,3,3,1,1,1,3,3,3,7,7,7,7,7,7,7,7,8,8,8,8,8,8,8,8","0.00088810920715332","fast_greedy","edit-xhwikibooks.graphml"
"0.76","0.08","0.16","0.738928571428572","1,1,1,1,1,2,1,5,2,2,4,1,5,5,5,2,2,4,4,1,3,6,5,5,5,5,5,2,1,2,4,4,1,1,7,7,8,5,3,3,3,3,6,6,6,6,3,6,6,6,3,3,3,3,3,6,6,6,6,3,5,3,3,5,5,3,3,3,3,3,6,3,5,5,3,3,3,3,3,3,3,5,2,2,2,1,3,3,3,3,2,4,4,3,3,3,2,3,3,3,3,3,3,3,3,3,3,1,1,1,3,3,3,7,7,7,7,7,7,7,7,8,8,8,8,8,8,8,8","0.000880002975463867","fast_greedy","edit-xhwikibooks.graphml"
"0.75","0.09","0.16","0.738928571428572","1,1,1,1,1,2,1,5,2,2,4,1,5,5,5,2,2,4,4,1,3,6,5,5,5,5,5,2,1,2,4,4,1,1,7,7,8,5,3,3,3,3,6,6,6,6,3,6,6,6,3,3,3,3,3,6,6,6,6,3,5,3,3,5,5,3,3,3,3,3,6,3,5,5,3,3,3,3,3,3,3,5,2,2,2,1,3,3,3,3,2,4,4,3,3,3,2,3,3,3,3,3,3,3,3,3,3,1,1,1,3,3,3,7,7,7,7,7,7,7,7,8,8,8,8,8,8,8,8","0.000878095626831055","fast_greedy","edit-xhwikibooks.graphml"
"0.74","0.1","0.16","0.738928571428572","1,1,1,1,1,2,1,5,2,2,4,1,5,5,5,2,2,4,4,1,3,6,5,5,5,5,5,2,1,2,4,4,1,1,7,7,8,5,3,3,3,3,6,6,6,6,3,6,6,6,3,3,3,3,3,6,6,6,6,3,5,3,3,5,5,3,3,3,3,3,6,3,5,5,3,3,3,3,3,3,3,5,2,2,2,1,3,3,3,3,2,4,4,3,3,3,2,3,3,3,3,3,3,3,3,3,3,1,1,1,3,3,3,7,7,7,7,7,7,7,7,8,8,8,8,8,8,8,8","0.000895977020263672","fast_greedy","edit-xhwikibooks.graphml"
"0.73","0.11","0.16","0.738928571428572","1,1,1,1,1,2,1,5,2,2,4,1,5,5,5,2,2,4,4,1,3,6,5,5,5,5,5,2,1,2,4,4,1,1,7,7,8,5,3,3,3,3,6,6,6,6,3,6,6,6,3,3,3,3,3,6,6,6,6,3,5,3,3,5,5,3,3,3,3,3,6,3,5,5,3,3,3,3,3,3,3,5,2,2,2,1,3,3,3,3,2,4,4,3,3,3,2,3,3,3,3,3,3,3,3,3,3,1,1,1,3,3,3,7,7,7,7,7,7,7,7,8,8,8,8,8,8,8,8","0.000910043716430664","fast_greedy","edit-xhwikibooks.graphml"
"0.72","0.12","0.16","0.738928571428572","1,1,1,1,1,2,1,5,2,2,4,1,5,5,5,2,2,4,4,1,3,6,5,5,5,5,5,2,1,2,4,4,1,1,7,7,8,5,3,3,3,3,6,6,6,6,3,6,6,6,3,3,3,3,3,6,6,6,6,3,5,3,3,5,5,3,3,3,3,3,6,3,5,5,3,3,3,3,3,3,3,5,2,2,2,1,3,3,3,3,2,4,4,3,3,3,2,3,3,3,3,3,3,3,3,3,3,1,1,1,3,3,3,7,7,7,7,7,7,7,7,8,8,8,8,8,8,8,8","0.000914812088012695","fast_greedy","edit-xhwikibooks.graphml"
"0.71","0.13","0.16","0.738928571428572","1,1,1,1,1,2,1,5,2,2,4,1,5,5,5,2,2,4,4,1,3,6,5,5,5,5,5,2,1,2,4,4,1,1,7,7,8,5,3,3,3,3,6,6,6,6,3,6,6,6,3,3,3,3,3,6,6,6,6,3,5,3,3,5,5,3,3,3,3,3,6,3,5,5,3,3,3,3,3,3,3,5,2,2,2,1,3,3,3,3,2,4,4,3,3,3,2,3,3,3,3,3,3,3,3,3,3,1,1,1,3,3,3,7,7,7,7,7,7,7,7,8,8,8,8,8,8,8,8","0.000940799713134766","fast_greedy","edit-xhwikibooks.graphml"
"0.7","0.14","0.16","0.738928571428572","1,1,1,1,1,2,1,5,2,2,4,1,5,5,5,2,2,4,4,1,3,6,5,5,5,5,5,2,1,2,4,4,1,1,7,7,8,5,3,3,3,3,6,6,6,6,3,6,6,6,3,3,3,3,3,6,6,6,6,3,5,3,3,5,5,3,3,3,3,3,6,3,5,5,3,3,3,3,3,3,3,5,2,2,2,1,3,3,3,3,2,4,4,3,3,3,2,3,3,3,3,3,3,3,3,3,3,1,1,1,3,3,3,7,7,7,7,7,7,7,7,8,8,8,8,8,8,8,8","0.000940084457397461","fast_greedy","edit-xhwikibooks.graphml"
"0.69","0.15","0.16","0.738928571428572","1,1,1,1,1,2,1,5,2,2,4,1,5,5,5,2,2,4,4,1,3,6,5,5,5,5,5,2,1,2,4,4,1,1,7,7,8,5,3,3,3,3,6,6,6,6,3,6,6,6,3,3,3,3,3,6,6,6,6,3,5,3,3,5,5,3,3,3,3,3,6,3,5,5,3,3,3,3,3,3,3,5,2,2,2,1,3,3,3,3,2,4,4,3,3,3,2,3,3,3,3,3,3,3,3,3,3,1,1,1,3,3,3,7,7,7,7,7,7,7,7,8,8,8,8,8,8,8,8","0.000950098037719727","fast_greedy","edit-xhwikibooks.graphml"
"0.68","0.16","0.16","0.738928571428572","1,1,1,1,1,2,1,5,2,2,4,1,5,5,5,2,2,4,4,1,3,6,5,5,5,5,5,2,1,2,4,4,1,1,7,7,8,5,3,3,3,3,6,6,6,6,3,6,6,6,3,3,3,3,3,6,6,6,6,3,5,3,3,5,5,3,3,3,3,3,6,3,5,5,3,3,3,3,3,3,3,5,2,2,2,1,3,3,3,3,2,4,4,3,3,3,2,3,3,3,3,3,3,3,3,3,3,1,1,1,3,3,3,7,7,7,7,7,7,7,7,8,8,8,8,8,8,8,8","0.000937938690185547","fast_greedy","edit-xhwikibooks.graphml"
"0.67","0.17","0.16","0.732536764705882","1,1,1,1,1,2,1,4,2,2,1,5,4,4,4,2,2,1,1,5,3,6,4,4,4,4,4,2,1,2,1,1,5,5,8,8,7,4,3,3,3,3,6,6,6,6,3,6,6,6,3,3,3,3,3,6,6,6,6,3,9,3,3,4,4,3,3,3,3,3,6,3,4,4,3,3,3,3,3,3,3,4,2,2,2,10,3,3,3,3,11,12,13,3,3,3,2,3,3,3,3,3,3,3,3,3,3,5,5,5,3,3,3,8,8,8,8,8,8,8,8,7,7,7,7,7,7,7,7","0.00117206573486328","fast_greedy","edit-xhwikibooks.graphml"
"0.66","0.18","0.16","0.732536764705882","1,1,1,1,1,2,1,4,2,2,1,5,4,4,4,2,2,1,1,5,3,6,4,4,4,4,4,2,1,2,1,1,5,5,8,8,7,4,3,3,3,3,6,6,6,6,3,6,6,6,3,3,3,3,3,6,6,6,6,3,9,3,3,4,4,3,3,3,3,3,6,3,4,4,3,3,3,3,3,3,3,4,2,2,2,10,3,3,3,3,11,12,13,3,3,3,2,3,3,3,3,3,3,3,3,3,3,5,5,5,3,3,3,8,8,8,8,8,8,8,8,7,7,7,7,7,7,7,7","0.000906944274902344","fast_greedy","edit-xhwikibooks.graphml"
"0.65","0.19","0.16","0.732536764705882","1,1,1,1,1,2,1,4,2,2,1,5,4,4,4,2,2,1,1,5,3,6,4,4,4,4,4,2,1,2,1,1,5,5,8,8,7,4,3,3,3,3,6,6,6,6,3,6,6,6,3,3,3,3,3,6,6,6,6,3,9,3,3,4,4,3,3,3,3,3,6,3,4,4,3,3,3,3,3,3,3,4,2,2,2,10,3,3,3,3,11,12,13,3,3,3,2,3,3,3,3,3,3,3,3,3,3,5,5,5,3,3,3,8,8,8,8,8,8,8,8,7,7,7,7,7,7,7,7","0.000900030136108398","fast_greedy","edit-xhwikibooks.graphml"
"0.64","0.2","0.16","0.732536764705882","1,1,1,1,1,2,1,4,2,2,1,5,4,4,4,2,2,1,1,5,3,6,4,4,4,4,4,2,1,2,1,1,5,5,8,8,7,4,3,3,3,3,6,6,6,6,3,6,6,6,3,3,3,3,3,6,6,6,6,3,9,3,3,4,4,3,3,3,3,3,6,3,4,4,3,3,3,3,3,3,3,4,2,2,2,10,3,3,3,3,11,12,13,3,3,3,2,3,3,3,3,3,3,3,3,3,3,5,5,5,3,3,3,8,8,8,8,8,8,8,8,7,7,7,7,7,7,7,7","0.000865936279296875","fast_greedy","edit-xhwikibooks.graphml"
"0.63","0.21","0.16","0.732536764705882","1,1,1,1,1,2,1,4,2,2,1,5,4,4,4,2,2,1,1,5,3,6,4,4,4,4,4,2,1,2,1,1,5,5,8,8,7,4,3,3,3,3,6,6,6,6,3,6,6,6,3,3,3,3,3,6,6,6,6,3,9,3,3,4,4,3,3,3,3,3,6,3,4,4,3,3,3,3,3,3,3,4,2,2,2,10,3,3,3,3,11,12,13,3,3,3,2,3,3,3,3,3,3,3,3,3,3,5,5,5,3,3,3,8,8,8,8,8,8,8,8,7,7,7,7,7,7,7,7","0.000890016555786133","fast_greedy","edit-xhwikibooks.graphml"
"0.62","0.22","0.16","0.732536764705882","1,1,1,1,1,2,1,4,2,2,1,5,4,4,4,2,2,1,1,5,3,6,4,4,4,4,4,2,1,2,1,1,5,5,8,8,7,4,3,3,3,3,6,6,6,6,3,6,6,6,3,3,3,3,3,6,6,6,6,3,9,3,3,4,4,3,3,3,3,3,6,3,4,4,3,3,3,3,3,3,3,4,2,2,2,10,3,3,3,3,11,12,13,3,3,3,2,3,3,3,3,3,3,3,3,3,3,5,5,5,3,3,3,8,8,8,8,8,8,8,8,7,7,7,7,7,7,7,7","0.000908851623535156","fast_greedy","edit-xhwikibooks.graphml"
"0.61","0.23","0.16","0.732536764705882","1,1,1,1,1,2,1,4,2,2,1,5,4,4,4,2,2,1,1,5,3,6,4,4,4,4,4,2,1,2,1,1,5,5,8,8,7,4,3,3,3,3,6,6,6,6,3,6,6,6,3,3,3,3,3,6,6,6,6,3,9,3,3,4,4,3,3,3,3,3,6,3,4,4,3,3,3,3,3,3,3,4,2,2,2,10,3,3,3,3,11,12,13,3,3,3,2,3,3,3,3,3,3,3,3,3,3,5,5,5,3,3,3,8,8,8,8,8,8,8,8,7,7,7,7,7,7,7,7","0.000921010971069336","fast_greedy","edit-xhwikibooks.graphml"
"0.6","0.24","0.16","0.732536764705882","1,1,1,1,1,2,1,4,2,2,1,5,4,4,4,2,2,1,1,5,3,6,4,4,4,4,4,2,1,2,1,1,5,5,8,8,7,4,3,3,3,3,6,6,6,6,3,6,6,6,3,3,3,3,3,6,6,6,6,3,9,3,3,4,4,3,3,3,3,3,6,3,4,4,3,3,3,3,3,3,3,4,2,2,2,10,3,3,3,3,11,12,13,3,3,3,2,3,3,3,3,3,3,3,3,3,3,5,5,5,3,3,3,8,8,8,8,8,8,8,8,7,7,7,7,7,7,7,7","0.000933170318603516","fast_greedy","edit-xhwikibooks.graphml"
"0.59","0.25","0.16","0.732536764705882","1,1,1,1,1,2,1,4,2,2,1,5,4,4,4,2,2,1,1,5,3,6,4,4,4,4,4,2,1,2,1,1,5,5,8,8,7,4,3,3,3,3,6,6,6,6,3,6,6,6,3,3,3,3,3,6,6,6,6,3,9,3,3,4,4,3,3,3,3,3,6,3,4,4,3,3,3,3,3,3,3,4,2,2,2,10,3,3,3,3,11,12,13,3,3,3,2,3,3,3,3,3,3,3,3,3,3,5,5,5,3,3,3,8,8,8,8,8,8,8,8,7,7,7,7,7,7,7,7","0.00094914436340332","fast_greedy","edit-xhwikibooks.graphml"
"0.58","0.26","0.16","0.732536764705882","1,1,1,1,1,2,1,4,2,2,1,5,4,4,4,2,2,1,1,5,3,6,4,4,4,4,4,2,1,2,1,1,5,5,8,8,7,4,3,3,3,3,6,6,6,6,3,6,6,6,3,3,3,3,3,6,6,6,6,3,9,3,3,4,4,3,3,3,3,3,6,3,4,4,3,3,3,3,3,3,3,4,2,2,2,10,3,3,3,3,11,12,13,3,3,3,2,3,3,3,3,3,3,3,3,3,3,5,5,5,3,3,3,8,8,8,8,8,8,8,8,7,7,7,7,7,7,7,7","0.000941991806030273","fast_greedy","edit-xhwikibooks.graphml"
"0.57","0.27","0.16","0.732536764705882","1,1,1,1,1,2,1,4,2,2,1,5,4,4,4,2,2,1,1,5,3,6,4,4,4,4,4,2,1,2,1,1,5,5,8,8,7,4,3,3,3,3,6,6,6,6,3,6,6,6,3,3,3,3,3,6,6,6,6,3,9,3,3,4,4,3,3,3,3,3,6,3,4,4,3,3,3,3,3,3,3,4,2,2,2,10,3,3,3,3,11,12,13,3,3,3,2,3,3,3,3,3,3,3,3,3,3,5,5,5,3,3,3,8,8,8,8,8,8,8,8,7,7,7,7,7,7,7,7","0.000948905944824219","fast_greedy","edit-xhwikibooks.graphml"
"0.56","0.28","0.16","0.732536764705882","1,1,1,1,1,2,1,4,2,2,1,5,4,4,4,2,2,1,1,5,3,6,4,4,4,4,4,2,1,2,1,1,5,5,8,8,7,4,3,3,3,3,6,6,6,6,3,6,6,6,3,3,3,3,3,6,6,6,6,3,9,3,3,4,4,3,3,3,3,3,6,3,4,4,3,3,3,3,3,3,3,4,2,2,2,10,3,3,3,3,11,12,13,3,3,3,2,3,3,3,3,3,3,3,3,3,3,5,5,5,3,3,3,8,8,8,8,8,8,8,8,7,7,7,7,7,7,7,7","0.00094914436340332","fast_greedy","edit-xhwikibooks.graphml"
"0.55","0.29","0.16","0.732536764705882","1,1,1,1,1,2,1,4,2,2,1,5,4,4,4,2,2,1,1,5,3,6,4,4,4,4,4,2,1,2,1,1,5,5,8,8,7,4,3,3,3,3,6,6,6,6,3,6,6,6,3,3,3,3,3,6,6,6,6,3,9,3,3,4,4,3,3,3,3,3,6,3,4,4,3,3,3,3,3,3,3,4,2,2,2,10,3,3,3,3,11,12,13,3,3,3,2,3,3,3,3,3,3,3,3,3,3,5,5,5,3,3,3,8,8,8,8,8,8,8,8,7,7,7,7,7,7,7,7","0.000955104827880859","fast_greedy","edit-xhwikibooks.graphml"
"0.54","0.3","0.16","0.732536764705882","1,1,1,1,1,2,1,4,2,2,1,5,4,4,4,2,2,1,1,5,3,6,4,4,4,4,4,2,1,2,1,1,5,5,8,8,7,4,3,3,3,3,6,6,6,6,3,6,6,6,3,3,3,3,3,6,6,6,6,3,9,3,3,4,4,3,3,3,3,3,6,3,4,4,3,3,3,3,3,3,3,4,2,2,2,10,3,3,3,3,11,12,13,3,3,3,2,3,3,3,3,3,3,3,3,3,3,5,5,5,3,3,3,8,8,8,8,8,8,8,8,7,7,7,7,7,7,7,7","0.00107002258300781","fast_greedy","edit-xhwikibooks.graphml"
"0.53","0.31","0.16","0.732536764705882","1,1,1,1,1,2,1,4,2,2,1,5,4,4,4,2,2,1,1,5,3,6,4,4,4,4,4,2,1,2,1,1,5,5,8,8,7,4,3,3,3,3,6,6,6,6,3,6,6,6,3,3,3,3,3,6,6,6,6,3,9,3,3,4,4,3,3,3,3,3,6,3,4,4,3,3,3,3,3,3,3,4,2,2,2,10,3,3,3,3,11,12,13,3,3,3,2,3,3,3,3,3,3,3,3,3,3,5,5,5,3,3,3,8,8,8,8,8,8,8,8,7,7,7,7,7,7,7,7","0.000906944274902344","fast_greedy","edit-xhwikibooks.graphml"
"0.52","0.32","0.16","0.732536764705882","1,1,1,1,1,2,1,4,2,2,1,5,4,4,4,2,2,1,1,5,3,6,4,4,4,4,4,2,1,2,1,1,5,5,8,8,7,4,3,3,3,3,6,6,6,6,3,6,6,6,3,3,3,3,3,6,6,6,6,3,9,3,3,4,4,3,3,3,3,3,6,3,4,4,3,3,3,3,3,3,3,4,2,2,2,10,3,3,3,3,11,12,13,3,3,3,2,3,3,3,3,3,3,3,3,3,3,5,5,5,3,3,3,8,8,8,8,8,8,8,8,7,7,7,7,7,7,7,7","0.000901937484741211","fast_greedy","edit-xhwikibooks.graphml"
"0.51","0.33","0.16","0.717088687326783","1,1,1,1,1,3,1,4,3,3,1,1,4,4,4,3,8,1,1,1,2,5,4,4,4,4,4,3,1,9,10,1,1,1,6,6,7,4,2,2,2,2,5,5,5,5,2,5,5,5,2,2,2,2,2,5,5,5,5,2,11,2,2,12,13,2,2,2,2,2,5,2,4,4,2,2,2,2,2,2,2,14,3,3,3,15,2,2,2,2,16,17,18,2,2,2,19,2,2,2,2,2,2,2,2,2,2,20,21,2,2,2,2,6,6,6,6,6,6,6,6,7,7,7,7,7,7,7,7","0.000910043716430664","fast_greedy","edit-xhwikibooks.graphml"
"0.5","0.34","0.16","0.718860437720875","1,1,1,1,1,3,1,4,3,3,1,1,4,4,4,3,8,1,1,1,2,5,4,4,4,4,4,3,1,9,10,1,1,1,6,6,7,4,2,2,2,2,5,5,5,5,2,5,5,5,2,2,2,2,2,5,5,5,5,2,11,2,2,12,13,2,2,2,2,2,5,2,4,4,2,2,2,2,2,2,2,14,3,3,3,15,2,2,2,2,16,17,18,2,2,2,19,2,2,2,2,2,2,2,2,2,2,20,21,2,2,2,2,6,6,6,6,6,6,6,6,7,7,7,7,7,7,7,7","0.000918865203857422","fast_greedy","edit-xhwikibooks.graphml"
"0.49","0.35","0.16","0.718860437720875","1,1,1,1,1,3,1,4,3,3,1,1,4,4,4,3,8,1,1,1,2,5,4,4,4,4,4,3,1,9,10,1,1,1,6,6,7,4,2,2,2,2,5,5,5,5,2,5,5,5,2,2,2,2,2,5,5,5,5,2,11,2,2,12,13,2,2,2,2,2,5,2,4,4,2,2,2,2,2,2,2,14,3,3,3,15,2,2,2,2,16,17,18,2,2,2,19,2,2,2,2,2,2,2,2,2,2,20,21,2,2,2,2,6,6,6,6,6,6,6,6,7,7,7,7,7,7,7,7","0.000929117202758789","fast_greedy","edit-xhwikibooks.graphml"
"0.48","0.36","0.16","0.718860437720875","1,1,1,1,1,3,1,4,3,3,1,1,4,4,4,3,8,1,1,1,2,5,4,4,4,4,4,3,1,9,10,1,1,1,6,6,7,4,2,2,2,2,5,5,5,5,2,5,5,5,2,2,2,2,2,5,5,5,5,2,11,2,2,12,13,2,2,2,2,2,5,2,4,4,2,2,2,2,2,2,2,14,3,3,3,15,2,2,2,2,16,17,18,2,2,2,19,2,2,2,2,2,2,2,2,2,2,20,21,2,2,2,2,6,6,6,6,6,6,6,6,7,7,7,7,7,7,7,7","0.00094294548034668","fast_greedy","edit-xhwikibooks.graphml"
"0.47","0.37","0.16","0.718860437720875","1,1,1,1,1,3,1,4,3,3,1,1,4,4,4,3,8,1,1,1,2,5,4,4,4,4,4,3,1,9,10,1,1,1,6,6,7,4,2,2,2,2,5,5,5,5,2,5,5,5,2,2,2,2,2,5,5,5,5,2,11,2,2,12,13,2,2,2,2,2,5,2,4,4,2,2,2,2,2,2,2,14,3,3,3,15,2,2,2,2,16,17,18,2,2,2,19,2,2,2,2,2,2,2,2,2,2,20,21,2,2,2,2,6,6,6,6,6,6,6,6,7,7,7,7,7,7,7,7","0.000970125198364258","fast_greedy","edit-xhwikibooks.graphml"
"0.46","0.38","0.16","0.718860437720875","1,1,1,1,1,3,1,4,3,3,1,1,4,4,4,3,8,1,1,1,2,5,4,4,4,4,4,3,1,9,10,1,1,1,6,6,7,4,2,2,2,2,5,5,5,5,2,5,5,5,2,2,2,2,2,5,5,5,5,2,11,2,2,12,13,2,2,2,2,2,5,2,4,4,2,2,2,2,2,2,2,14,3,3,3,15,2,2,2,2,16,17,18,2,2,2,19,2,2,2,2,2,2,2,2,2,2,20,21,2,2,2,2,6,6,6,6,6,6,6,6,7,7,7,7,7,7,7,7","0.000959873199462891","fast_greedy","edit-xhwikibooks.graphml"
"0.45","0.39","0.16","0.718860437720875","1,1,1,1,1,3,1,4,3,3,1,1,4,4,4,3,8,1,1,1,2,5,4,4,4,4,4,3,1,9,10,1,1,1,6,6,7,4,2,2,2,2,5,5,5,5,2,5,5,5,2,2,2,2,2,5,5,5,5,2,11,2,2,12,13,2,2,2,2,2,5,2,4,4,2,2,2,2,2,2,2,14,3,3,3,15,2,2,2,2,16,17,18,2,2,2,19,2,2,2,2,2,2,2,2,2,2,20,21,2,2,2,2,6,6,6,6,6,6,6,6,7,7,7,7,7,7,7,7","0.00097203254699707","fast_greedy","edit-xhwikibooks.graphml"
"0.44","0.4","0.16","0.718860437720875","1,1,1,1,1,3,1,4,3,3,1,1,4,4,4,3,8,1,1,1,2,5,4,4,4,4,4,3,1,9,10,1,1,1,6,6,7,4,2,2,2,2,5,5,5,5,2,5,5,5,2,2,2,2,2,5,5,5,5,2,11,2,2,12,13,2,2,2,2,2,5,2,4,4,2,2,2,2,2,2,2,14,3,3,3,15,2,2,2,2,16,17,18,2,2,2,19,2,2,2,2,2,2,2,2,2,2,20,21,2,2,2,2,6,6,6,6,6,6,6,6,7,7,7,7,7,7,7,7","0.000967025756835938","fast_greedy","edit-xhwikibooks.graphml"
"0.43","0.41","0.16","0.718860437720875","1,1,1,1,1,3,1,4,3,3,1,1,4,4,4,3,8,1,1,1,2,5,4,4,4,4,4,3,1,9,10,1,1,1,6,6,7,4,2,2,2,2,5,5,5,5,2,5,5,5,2,2,2,2,2,5,5,5,5,2,11,2,2,12,13,2,2,2,2,2,5,2,4,4,2,2,2,2,2,2,2,14,3,3,3,15,2,2,2,2,16,17,18,2,2,2,19,2,2,2,2,2,2,2,2,2,2,20,21,2,2,2,2,6,6,6,6,6,6,6,6,7,7,7,7,7,7,7,7","0.00096583366394043","fast_greedy","edit-xhwikibooks.graphml"
"0.42","0.42","0.16","0.718860437720875","1,1,1,1,1,3,1,4,3,3,1,1,4,4,4,3,8,1,1,1,2,5,4,4,4,4,4,3,1,9,10,1,1,1,6,6,7,4,2,2,2,2,5,5,5,5,2,5,5,5,2,2,2,2,2,5,5,5,5,2,11,2,2,12,13,2,2,2,2,2,5,2,4,4,2,2,2,2,2,2,2,14,3,3,3,15,2,2,2,2,16,17,18,2,2,2,19,2,2,2,2,2,2,2,2,2,2,20,21,2,2,2,2,6,6,6,6,6,6,6,6,7,7,7,7,7,7,7,7","0.00113391876220703","fast_greedy","edit-xhwikibooks.graphml"
"0.41","0.43","0.16","0.718860437720875","1,1,1,1,1,3,1,4,3,3,1,1,4,4,4,3,8,1,1,1,2,5,4,4,4,4,4,3,1,9,10,1,1,1,6,6,7,4,2,2,2,2,5,5,5,5,2,5,5,5,2,2,2,2,2,5,5,5,5,2,11,2,2,12,13,2,2,2,2,2,5,2,4,4,2,2,2,2,2,2,2,14,3,3,3,15,2,2,2,2,16,17,18,2,2,2,19,2,2,2,2,2,2,2,2,2,2,20,21,2,2,2,2,6,6,6,6,6,6,6,6,7,7,7,7,7,7,7,7","0.00108909606933594","fast_greedy","edit-xhwikibooks.graphml"
"0.4","0.44","0.16","0.718860437720875","1,1,1,1,1,3,1,4,3,3,1,1,4,4,4,3,8,1,1,1,2,5,4,4,4,4,4,3,1,9,10,1,1,1,6,6,7,4,2,2,2,2,5,5,5,5,2,5,5,5,2,2,2,2,2,5,5,5,5,2,11,2,2,12,13,2,2,2,2,2,5,2,4,4,2,2,2,2,2,2,2,14,3,3,3,15,2,2,2,2,16,17,18,2,2,2,19,2,2,2,2,2,2,2,2,2,2,20,21,2,2,2,2,6,6,6,6,6,6,6,6,7,7,7,7,7,7,7,7","0.000926971435546875","fast_greedy","edit-xhwikibooks.graphml"
"0.39","0.45","0.16","0.718860437720875","1,1,1,1,1,3,1,4,3,3,1,1,4,4,4,3,8,1,1,1,2,5,4,4,4,4,4,3,1,9,10,1,1,1,6,6,7,4,2,2,2,2,5,5,5,5,2,5,5,5,2,2,2,2,2,5,5,5,5,2,11,2,2,12,13,2,2,2,2,2,5,2,4,4,2,2,2,2,2,2,2,14,3,3,3,15,2,2,2,2,16,17,18,2,2,2,19,2,2,2,2,2,2,2,2,2,2,20,21,2,2,2,2,6,6,6,6,6,6,6,6,7,7,7,7,7,7,7,7","0.000914096832275391","fast_greedy","edit-xhwikibooks.graphml"
"0.38","0.46","0.16","0.718860437720875","1,1,1,1,1,3,1,4,3,3,1,1,4,4,4,3,8,1,1,1,2,5,4,4,4,4,4,3,1,9,10,1,1,1,6,6,7,4,2,2,2,2,5,5,5,5,2,5,5,5,2,2,2,2,2,5,5,5,5,2,11,2,2,12,13,2,2,2,2,2,5,2,4,4,2,2,2,2,2,2,2,14,3,3,3,15,2,2,2,2,16,17,18,2,2,2,19,2,2,2,2,2,2,2,2,2,2,20,21,2,2,2,2,6,6,6,6,6,6,6,6,7,7,7,7,7,7,7,7","0.000931024551391602","fast_greedy","edit-xhwikibooks.graphml"
"0.37","0.47","0.16","0.718860437720875","1,1,1,1,1,3,1,4,3,3,1,1,4,4,4,3,8,1,1,1,2,5,4,4,4,4,4,3,1,9,10,1,1,1,6,6,7,4,2,2,2,2,5,5,5,5,2,5,5,5,2,2,2,2,2,5,5,5,5,2,11,2,2,12,13,2,2,2,2,2,5,2,4,4,2,2,2,2,2,2,2,14,3,3,3,15,2,2,2,2,16,17,18,2,2,2,19,2,2,2,2,2,2,2,2,2,2,20,21,2,2,2,2,6,6,6,6,6,6,6,6,7,7,7,7,7,7,7,7","0.000928878784179688","fast_greedy","edit-xhwikibooks.graphml"
"0.36","0.48","0.16","0.718860437720875","1,1,1,1,1,3,1,4,3,3,1,1,4,4,4,3,8,1,1,1,2,5,4,4,4,4,4,3,1,9,10,1,1,1,6,6,7,4,2,2,2,2,5,5,5,5,2,5,5,5,2,2,2,2,2,5,5,5,5,2,11,2,2,12,13,2,2,2,2,2,5,2,4,4,2,2,2,2,2,2,2,14,3,3,3,15,2,2,2,2,16,17,18,2,2,2,19,2,2,2,2,2,2,2,2,2,2,20,21,2,2,2,2,6,6,6,6,6,6,6,6,7,7,7,7,7,7,7,7","0.000933170318603516","fast_greedy","edit-xhwikibooks.graphml"
"0.35","0.49","0.16","0.699819876262824","1,1,1,3,7,3,2,3,3,3,2,8,3,3,3,3,9,10,2,6,4,1,11,3,3,3,3,3,1,12,13,14,6,15,2,2,5,3,4,4,4,4,1,1,1,1,4,1,1,1,4,4,4,4,4,1,1,1,1,4,16,4,4,17,18,4,4,4,4,4,1,4,19,20,4,4,4,4,4,4,4,21,22,23,24,25,4,4,4,4,26,27,28,4,4,4,29,4,4,4,4,4,4,4,4,4,4,30,31,4,4,4,4,2,2,2,2,2,2,2,2,5,5,5,5,5,5,5,5","0.000957965850830078","fast_greedy","edit-xhwikibooks.graphml"
"0.34","0.5","0.16","0.722935157442478","1,1,1,2,8,2,6,2,2,2,6,9,2,2,2,2,10,11,6,7,3,1,12,2,2,2,2,2,1,13,14,15,7,16,4,4,5,2,3,3,3,3,1,1,1,1,3,1,1,1,3,3,3,3,3,1,1,1,1,3,17,3,3,18,19,3,3,3,3,3,1,3,20,21,3,3,3,3,3,3,3,22,23,24,25,26,3,3,3,3,27,28,29,3,3,3,30,3,3,3,3,3,3,3,3,3,3,31,32,3,3,3,3,4,4,4,4,4,4,4,4,5,5,5,5,5,5,5,5","0.000957965850830078","fast_greedy","edit-xhwikibooks.graphml"
"0.33","0.51","0.16","0.722935157442478","1,1,1,2,8,2,6,2,2,2,6,9,2,2,2,2,10,11,6,7,3,1,12,2,2,2,2,2,1,13,14,15,7,16,4,4,5,2,3,3,3,3,1,1,1,1,3,1,1,1,3,3,3,3,3,1,1,1,1,3,17,3,3,18,19,3,3,3,3,3,1,3,20,21,3,3,3,3,3,3,3,22,23,24,25,26,3,3,3,3,27,28,29,3,3,3,30,3,3,3,3,3,3,3,3,3,3,31,32,3,3,3,3,4,4,4,4,4,4,4,4,5,5,5,5,5,5,5,5","0.000962018966674805","fast_greedy","edit-xhwikibooks.graphml"
"0.32","0.52","0.16","0.722935157442478","1,1,1,2,8,2,6,2,2,2,6,9,2,2,2,2,10,11,6,7,3,1,12,2,2,2,2,2,1,13,14,15,7,16,4,4,5,2,3,3,3,3,1,1,1,1,3,1,1,1,3,3,3,3,3,1,1,1,1,3,17,3,3,18,19,3,3,3,3,3,1,3,20,21,3,3,3,3,3,3,3,22,23,24,25,26,3,3,3,3,27,28,29,3,3,3,30,3,3,3,3,3,3,3,3,3,3,31,32,3,3,3,3,4,4,4,4,4,4,4,4,5,5,5,5,5,5,5,5","0.000941038131713867","fast_greedy","edit-xhwikibooks.graphml"
"0.31","0.53","0.16","0.722935157442478","1,1,1,2,8,2,6,2,2,2,6,9,2,2,2,2,10,11,6,7,3,1,12,2,2,2,2,2,1,13,14,15,7,16,4,4,5,2,3,3,3,3,1,1,1,1,3,1,1,1,3,3,3,3,3,1,1,1,1,3,17,3,3,18,19,3,3,3,3,3,1,3,20,21,3,3,3,3,3,3,3,22,23,24,25,26,3,3,3,3,27,28,29,3,3,3,30,3,3,3,3,3,3,3,3,3,3,31,32,3,3,3,3,4,4,4,4,4,4,4,4,5,5,5,5,5,5,5,5","0.00101304054260254","fast_greedy","edit-xhwikibooks.graphml"
"0.3","0.54","0.16","0.722935157442478","1,1,1,2,8,2,6,2,2,2,6,9,2,2,2,2,10,11,6,7,3,1,12,2,2,2,2,2,1,13,14,15,7,16,4,4,5,2,3,3,3,3,1,1,1,1,3,1,1,1,3,3,3,3,3,1,1,1,1,3,17,3,3,18,19,3,3,3,3,3,1,3,20,21,3,3,3,3,3,3,3,22,23,24,25,26,3,3,3,3,27,28,29,3,3,3,30,3,3,3,3,3,3,3,3,3,3,31,32,3,3,3,3,4,4,4,4,4,4,4,4,5,5,5,5,5,5,5,5","0.00108695030212402","fast_greedy","edit-xhwikibooks.graphml"
"0.29","0.55","0.16","0.722935157442478","1,1,1,2,8,2,6,2,2,2,6,9,2,2,2,2,10,11,6,7,3,1,12,2,2,2,2,2,1,13,14,15,7,16,4,4,5,2,3,3,3,3,1,1,1,1,3,1,1,1,3,3,3,3,3,1,1,1,1,3,17,3,3,18,19,3,3,3,3,3,1,3,20,21,3,3,3,3,3,3,3,22,23,24,25,26,3,3,3,3,27,28,29,3,3,3,30,3,3,3,3,3,3,3,3,3,3,31,32,3,3,3,3,4,4,4,4,4,4,4,4,5,5,5,5,5,5,5,5","0.000949859619140625","fast_greedy","edit-xhwikibooks.graphml"
"0.28","0.56","0.16","0.722935157442478","1,1,1,2,8,2,6,2,2,2,6,9,2,2,2,2,10,11,6,7,3,1,12,2,2,2,2,2,1,13,14,15,7,16,4,4,5,2,3,3,3,3,1,1,1,1,3,1,1,1,3,3,3,3,3,1,1,1,1,3,17,3,3,18,19,3,3,3,3,3,1,3,20,21,3,3,3,3,3,3,3,22,23,24,25,26,3,3,3,3,27,28,29,3,3,3,30,3,3,3,3,3,3,3,3,3,3,31,32,3,3,3,3,4,4,4,4,4,4,4,4,5,5,5,5,5,5,5,5","0.000946044921875","fast_greedy","edit-xhwikibooks.graphml"
"0.27","0.57","0.16","0.722935157442478","1,1,1,2,8,2,6,2,2,2,6,9,2,2,2,2,10,11,6,7,3,1,12,2,2,2,2,2,1,13,14,15,7,16,4,4,5,2,3,3,3,3,1,1,1,1,3,1,1,1,3,3,3,3,3,1,1,1,1,3,17,3,3,18,19,3,3,3,3,3,1,3,20,21,3,3,3,3,3,3,3,22,23,24,25,26,3,3,3,3,27,28,29,3,3,3,30,3,3,3,3,3,3,3,3,3,3,31,32,3,3,3,3,4,4,4,4,4,4,4,4,5,5,5,5,5,5,5,5","0.000905036926269531","fast_greedy","edit-xhwikibooks.graphml"
"0.26","0.58","0.16","0.722935157442478","1,1,1,2,8,2,6,2,2,2,6,9,2,2,2,2,10,11,6,7,3,1,12,2,2,2,2,2,1,13,14,15,7,16,4,4,5,2,3,3,3,3,1,1,1,1,3,1,1,1,3,3,3,3,3,1,1,1,1,3,17,3,3,18,19,3,3,3,3,3,1,3,20,21,3,3,3,3,3,3,3,22,23,24,25,26,3,3,3,3,27,28,29,3,3,3,30,3,3,3,3,3,3,3,3,3,3,31,32,3,3,3,3,4,4,4,4,4,4,4,4,5,5,5,5,5,5,5,5","0.00091099739074707","fast_greedy","edit-xhwikibooks.graphml"
"0.25","0.59","0.16","0.722935157442478","1,1,1,2,8,2,6,2,2,2,6,9,2,2,2,2,10,11,6,7,3,1,12,2,2,2,2,2,1,13,14,15,7,16,4,4,5,2,3,3,3,3,1,1,1,1,3,1,1,1,3,3,3,3,3,1,1,1,1,3,17,3,3,18,19,3,3,3,3,3,1,3,20,21,3,3,3,3,3,3,3,22,23,24,25,26,3,3,3,3,27,28,29,3,3,3,30,3,3,3,3,3,3,3,3,3,3,31,32,3,3,3,3,4,4,4,4,4,4,4,4,5,5,5,5,5,5,5,5","0.000927209854125977","fast_greedy","edit-xhwikibooks.graphml"
"0.24","0.6","0.16","0.722935157442478","1,1,1,2,8,2,6,2,2,2,6,9,2,2,2,2,10,11,6,7,3,1,12,2,2,2,2,2,1,13,14,15,7,16,4,4,5,2,3,3,3,3,1,1,1,1,3,1,1,1,3,3,3,3,3,1,1,1,1,3,17,3,3,18,19,3,3,3,3,3,1,3,20,21,3,3,3,3,3,3,3,22,23,24,25,26,3,3,3,3,27,28,29,3,3,3,30,3,3,3,3,3,3,3,3,3,3,31,32,3,3,3,3,4,4,4,4,4,4,4,4,5,5,5,5,5,5,5,5","0.000927925109863281","fast_greedy","edit-xhwikibooks.graphml"
"0.23","0.61","0.16","0.722935157442478","1,1,1,2,8,2,6,2,2,2,6,9,2,2,2,2,10,11,6,7,3,1,12,2,2,2,2,2,1,13,14,15,7,16,4,4,5,2,3,3,3,3,1,1,1,1,3,1,1,1,3,3,3,3,3,1,1,1,1,3,17,3,3,18,19,3,3,3,3,3,1,3,20,21,3,3,3,3,3,3,3,22,23,24,25,26,3,3,3,3,27,28,29,3,3,3,30,3,3,3,3,3,3,3,3,3,3,31,32,3,3,3,3,4,4,4,4,4,4,4,4,5,5,5,5,5,5,5,5","0.000957012176513672","fast_greedy","edit-xhwikibooks.graphml"
"0.22","0.62","0.16","0.722935157442478","1,1,1,2,8,2,6,2,2,2,6,9,2,2,2,2,10,11,6,7,3,1,12,2,2,2,2,2,1,13,14,15,7,16,4,4,5,2,3,3,3,3,1,1,1,1,3,1,1,1,3,3,3,3,3,1,1,1,1,3,17,3,3,18,19,3,3,3,3,3,1,3,20,21,3,3,3,3,3,3,3,22,23,24,25,26,3,3,3,3,27,28,29,3,3,3,30,3,3,3,3,3,3,3,3,3,3,31,32,3,3,3,3,4,4,4,4,4,4,4,4,5,5,5,5,5,5,5,5","0.000935077667236328","fast_greedy","edit-xhwikibooks.graphml"
"0.21","0.63","0.16","0.722935157442478","1,1,1,2,8,2,6,2,2,2,6,9,2,2,2,2,10,11,6,7,3,1,12,2,2,2,2,2,1,13,14,15,7,16,4,4,5,2,3,3,3,3,1,1,1,1,3,1,1,1,3,3,3,3,3,1,1,1,1,3,17,3,3,18,19,3,3,3,3,3,1,3,20,21,3,3,3,3,3,3,3,22,23,24,25,26,3,3,3,3,27,28,29,3,3,3,30,3,3,3,3,3,3,3,3,3,3,31,32,3,3,3,3,4,4,4,4,4,4,4,4,5,5,5,5,5,5,5,5","0.000952005386352539","fast_greedy","edit-xhwikibooks.graphml"
"0.2","0.64","0.16","0.722935157442478","1,1,1,2,8,2,6,2,2,2,6,9,2,2,2,2,10,11,6,7,3,1,12,2,2,2,2,2,1,13,14,15,7,16,4,4,5,2,3,3,3,3,1,1,1,1,3,1,1,1,3,3,3,3,3,1,1,1,1,3,17,3,3,18,19,3,3,3,3,3,1,3,20,21,3,3,3,3,3,3,3,22,23,24,25,26,3,3,3,3,27,28,29,3,3,3,30,3,3,3,3,3,3,3,3,3,3,31,32,3,3,3,3,4,4,4,4,4,4,4,4,5,5,5,5,5,5,5,5","0.000955104827880859","fast_greedy","edit-xhwikibooks.graphml"
"0.19","0.65","0.16","0.71715976331361","1,1,1,2,6,2,7,2,2,2,8,9,2,2,2,2,10,11,4,12,3,1,13,2,2,2,2,2,1,14,15,16,17,18,4,4,5,2,3,3,3,3,1,1,1,1,3,1,1,1,3,3,3,3,3,1,1,1,1,3,19,3,3,20,21,3,3,3,3,3,1,3,22,23,3,3,3,3,3,3,3,24,25,26,27,28,3,3,3,3,29,30,31,3,3,3,32,3,3,3,3,3,3,3,3,3,3,33,34,3,3,3,3,4,4,4,4,4,4,4,4,5,5,5,5,5,5,5,5","0.00103616714477539","fast_greedy","edit-xhwikibooks.graphml"
"0.18","0.66","0.16","0.71715976331361","1,1,1,2,6,2,7,2,2,2,8,9,2,2,2,2,10,11,4,12,3,1,13,2,2,2,2,2,1,14,15,16,17,18,4,4,5,2,3,3,3,3,1,1,1,1,3,1,1,1,3,3,3,3,3,1,1,1,1,3,19,3,3,20,21,3,3,3,3,3,1,3,22,23,3,3,3,3,3,3,3,24,25,26,27,28,3,3,3,3,29,30,31,3,3,3,32,3,3,3,3,3,3,3,3,3,3,33,34,3,3,3,3,4,4,4,4,4,4,4,4,5,5,5,5,5,5,5,5","0.000910043716430664","fast_greedy","edit-xhwikibooks.graphml"
"0.17","0.67","0.16","0.71715976331361","1,1,1,2,6,2,7,2,2,2,8,9,2,2,2,2,10,11,4,12,3,1,13,2,2,2,2,2,1,14,15,16,17,18,4,4,5,2,3,3,3,3,1,1,1,1,3,1,1,1,3,3,3,3,3,1,1,1,1,3,19,3,3,20,21,3,3,3,3,3,1,3,22,23,3,3,3,3,3,3,3,24,25,26,27,28,3,3,3,3,29,30,31,3,3,3,32,3,3,3,3,3,3,3,3,3,3,33,34,3,3,3,3,4,4,4,4,4,4,4,4,5,5,5,5,5,5,5,5","0.0010981559753418","fast_greedy","edit-xhwikibooks.graphml"
"0.16","0.68","0.16","0.71715976331361","1,1,1,2,6,2,7,2,2,2,8,9,2,2,2,2,10,11,4,12,3,1,13,2,2,2,2,2,1,14,15,16,17,18,4,4,5,2,3,3,3,3,1,1,1,1,3,1,1,1,3,3,3,3,3,1,1,1,1,3,19,3,3,20,21,3,3,3,3,3,1,3,22,23,3,3,3,3,3,3,3,24,25,26,27,28,3,3,3,3,29,30,31,3,3,3,32,3,3,3,3,3,3,3,3,3,3,33,34,3,3,3,3,4,4,4,4,4,4,4,4,5,5,5,5,5,5,5,5","0.000899076461791992","fast_greedy","edit-xhwikibooks.graphml"
"0.15","0.69","0.16","0.71715976331361","1,1,1,2,6,2,7,2,2,2,8,9,2,2,2,2,10,11,4,12,3,1,13,2,2,2,2,2,1,14,15,16,17,18,4,4,5,2,3,3,3,3,1,1,1,1,3,1,1,1,3,3,3,3,3,1,1,1,1,3,19,3,3,20,21,3,3,3,3,3,1,3,22,23,3,3,3,3,3,3,3,24,25,26,27,28,3,3,3,3,29,30,31,3,3,3,32,3,3,3,3,3,3,3,3,3,3,33,34,3,3,3,3,4,4,4,4,4,4,4,4,5,5,5,5,5,5,5,5","0.00090789794921875","fast_greedy","edit-xhwikibooks.graphml"
"0.14","0.7","0.16","0.71715976331361","1,1,1,2,6,2,7,2,2,2,8,9,2,2,2,2,10,11,4,12,3,1,13,2,2,2,2,2,1,14,15,16,17,18,4,4,5,2,3,3,3,3,1,1,1,1,3,1,1,1,3,3,3,3,3,1,1,1,1,3,19,3,3,20,21,3,3,3,3,3,1,3,22,23,3,3,3,3,3,3,3,24,25,26,27,28,3,3,3,3,29,30,31,3,3,3,32,3,3,3,3,3,3,3,3,3,3,33,34,3,3,3,3,4,4,4,4,4,4,4,4,5,5,5,5,5,5,5,5","0.000908136367797852","fast_greedy","edit-xhwikibooks.graphml"
"0.13","0.71","0.16","0.71715976331361","1,1,1,2,6,2,7,2,2,2,8,9,2,2,2,2,10,11,4,12,3,1,13,2,2,2,2,2,1,14,15,16,17,18,4,4,5,2,3,3,3,3,1,1,1,1,3,1,1,1,3,3,3,3,3,1,1,1,1,3,19,3,3,20,21,3,3,3,3,3,1,3,22,23,3,3,3,3,3,3,3,24,25,26,27,28,3,3,3,3,29,30,31,3,3,3,32,3,3,3,3,3,3,3,3,3,3,33,34,3,3,3,3,4,4,4,4,4,4,4,4,5,5,5,5,5,5,5,5","0.000917911529541016","fast_greedy","edit-xhwikibooks.graphml"
"0.12","0.72","0.16","0.71715976331361","1,1,1,2,6,2,7,2,2,2,8,9,2,2,2,2,10,11,4,12,3,1,13,2,2,2,2,2,1,14,15,16,17,18,4,4,5,2,3,3,3,3,1,1,1,1,3,1,1,1,3,3,3,3,3,1,1,1,1,3,19,3,3,20,21,3,3,3,3,3,1,3,22,23,3,3,3,3,3,3,3,24,25,26,27,28,3,3,3,3,29,30,31,3,3,3,32,3,3,3,3,3,3,3,3,3,3,33,34,3,3,3,3,4,4,4,4,4,4,4,4,5,5,5,5,5,5,5,5","0.000916957855224609","fast_greedy","edit-xhwikibooks.graphml"
"0.11","0.73","0.16","0.71715976331361","1,1,1,2,6,2,7,2,2,2,8,9,2,2,2,2,10,11,4,12,3,1,13,2,2,2,2,2,1,14,15,16,17,18,4,4,5,2,3,3,3,3,1,1,1,1,3,1,1,1,3,3,3,3,3,1,1,1,1,3,19,3,3,20,21,3,3,3,3,3,1,3,22,23,3,3,3,3,3,3,3,24,25,26,27,28,3,3,3,3,29,30,31,3,3,3,32,3,3,3,3,3,3,3,3,3,3,33,34,3,3,3,3,4,4,4,4,4,4,4,4,5,5,5,5,5,5,5,5","0.00092005729675293","fast_greedy","edit-xhwikibooks.graphml"
"0.1","0.74","0.16","0.71715976331361","1,1,1,2,6,2,7,2,2,2,8,9,2,2,2,2,10,11,4,12,3,1,13,2,2,2,2,2,1,14,15,16,17,18,4,4,5,2,3,3,3,3,1,1,1,1,3,1,1,1,3,3,3,3,3,1,1,1,1,3,19,3,3,20,21,3,3,3,3,3,1,3,22,23,3,3,3,3,3,3,3,24,25,26,27,28,3,3,3,3,29,30,31,3,3,3,32,3,3,3,3,3,3,3,3,3,3,33,34,3,3,3,3,4,4,4,4,4,4,4,4,5,5,5,5,5,5,5,5","0.000929117202758789","fast_greedy","edit-xhwikibooks.graphml"
"0.09","0.75","0.16","0.71715976331361","1,1,1,2,6,2,7,2,2,2,8,9,2,2,2,2,10,11,4,12,3,1,13,2,2,2,2,2,1,14,15,16,17,18,4,4,5,2,3,3,3,3,1,1,1,1,3,1,1,1,3,3,3,3,3,1,1,1,1,3,19,3,3,20,21,3,3,3,3,3,1,3,22,23,3,3,3,3,3,3,3,24,25,26,27,28,3,3,3,3,29,30,31,3,3,3,32,3,3,3,3,3,3,3,3,3,3,33,34,3,3,3,3,4,4,4,4,4,4,4,4,5,5,5,5,5,5,5,5","0.000936985015869141","fast_greedy","edit-xhwikibooks.graphml"
"0.08","0.76","0.16","0.71715976331361","1,1,1,2,6,2,7,2,2,2,8,9,2,2,2,2,10,11,4,12,3,1,13,2,2,2,2,2,1,14,15,16,17,18,4,4,5,2,3,3,3,3,1,1,1,1,3,1,1,1,3,3,3,3,3,1,1,1,1,3,19,3,3,20,21,3,3,3,3,3,1,3,22,23,3,3,3,3,3,3,3,24,25,26,27,28,3,3,3,3,29,30,31,3,3,3,32,3,3,3,3,3,3,3,3,3,3,33,34,3,3,3,3,4,4,4,4,4,4,4,4,5,5,5,5,5,5,5,5","0.000955104827880859","fast_greedy","edit-xhwikibooks.graphml"
"0.07","0.77","0.16","0.71715976331361","1,1,1,2,6,2,7,2,2,2,8,9,2,2,2,2,10,11,4,12,3,1,13,2,2,2,2,2,1,14,15,16,17,18,4,4,5,2,3,3,3,3,1,1,1,1,3,1,1,1,3,3,3,3,3,1,1,1,1,3,19,3,3,20,21,3,3,3,3,3,1,3,22,23,3,3,3,3,3,3,3,24,25,26,27,28,3,3,3,3,29,30,31,3,3,3,32,3,3,3,3,3,3,3,3,3,3,33,34,3,3,3,3,4,4,4,4,4,4,4,4,5,5,5,5,5,5,5,5","0.00108599662780762","fast_greedy","edit-xhwikibooks.graphml"
"0.06","0.78","0.16","0.71715976331361","1,1,1,2,6,2,7,2,2,2,8,9,2,2,2,2,10,11,4,12,3,1,13,2,2,2,2,2,1,14,15,16,17,18,4,4,5,2,3,3,3,3,1,1,1,1,3,1,1,1,3,3,3,3,3,1,1,1,1,3,19,3,3,20,21,3,3,3,3,3,1,3,22,23,3,3,3,3,3,3,3,24,25,26,27,28,3,3,3,3,29,30,31,3,3,3,32,3,3,3,3,3,3,3,3,3,3,33,34,3,3,3,3,4,4,4,4,4,4,4,4,5,5,5,5,5,5,5,5","0.000898122787475586","fast_greedy","edit-xhwikibooks.graphml"
"0.05","0.79","0.16","0.71715976331361","1,1,1,2,6,2,7,2,2,2,8,9,2,2,2,2,10,11,4,12,3,1,13,2,2,2,2,2,1,14,15,16,17,18,4,4,5,2,3,3,3,3,1,1,1,1,3,1,1,1,3,3,3,3,3,1,1,1,1,3,19,3,3,20,21,3,3,3,3,3,1,3,22,23,3,3,3,3,3,3,3,24,25,26,27,28,3,3,3,3,29,30,31,3,3,3,32,3,3,3,3,3,3,3,3,3,3,33,34,3,3,3,3,4,4,4,4,4,4,4,4,5,5,5,5,5,5,5,5","0.00096583366394043","fast_greedy","edit-xhwikibooks.graphml"
"0.04","0.8","0.16","0.71715976331361","1,1,1,2,6,2,7,2,2,2,8,9,2,2,2,2,10,11,4,12,3,1,13,2,2,2,2,2,1,14,15,16,17,18,4,4,5,2,3,3,3,3,1,1,1,1,3,1,1,1,3,3,3,3,3,1,1,1,1,3,19,3,3,20,21,3,3,3,3,3,1,3,22,23,3,3,3,3,3,3,3,24,25,26,27,28,3,3,3,3,29,30,31,3,3,3,32,3,3,3,3,3,3,3,3,3,3,33,34,3,3,3,3,4,4,4,4,4,4,4,4,5,5,5,5,5,5,5,5","0.00089716911315918","fast_greedy","edit-xhwikibooks.graphml"
"0.03","0.81","0.16","0.707791363163372","1,1,1,6,7,2,8,2,2,9,10,11,2,2,2,2,12,13,4,14,3,1,15,2,2,2,2,16,17,18,19,20,21,22,4,4,5,2,3,3,3,3,1,1,1,1,3,1,1,1,3,3,3,3,3,1,1,1,1,3,23,3,3,24,25,3,3,3,3,3,1,3,26,27,3,3,3,3,3,3,3,28,29,30,31,32,3,3,3,3,33,34,35,3,3,3,36,3,3,3,3,3,3,3,3,3,3,37,38,3,3,3,3,4,4,4,4,4,4,4,4,5,5,5,5,5,5,5,5","0.000921964645385742","fast_greedy","edit-xhwikibooks.graphml"
"0.02","0.82","0.16","0.707791363163372","1,1,1,6,7,2,8,2,2,9,10,11,2,2,2,2,12,13,4,14,3,1,15,2,2,2,2,16,17,18,19,20,21,22,4,4,5,2,3,3,3,3,1,1,1,1,3,1,1,1,3,3,3,3,3,1,1,1,1,3,23,3,3,24,25,3,3,3,3,3,1,3,26,27,3,3,3,3,3,3,3,28,29,30,31,32,3,3,3,3,33,34,35,3,3,3,36,3,3,3,3,3,3,3,3,3,3,37,38,3,3,3,3,4,4,4,4,4,4,4,4,5,5,5,5,5,5,5,5","0.000905990600585938","fast_greedy","edit-xhwikibooks.graphml"
"0.01","0.83","0.16","0.707791363163372","1,1,1,6,7,2,8,2,2,9,10,11,2,2,2,2,12,13,4,14,3,1,15,2,2,2,2,16,17,18,19,20,21,22,4,4,5,2,3,3,3,3,1,1,1,1,3,1,1,1,3,3,3,3,3,1,1,1,1,3,23,3,3,24,25,3,3,3,3,3,1,3,26,27,3,3,3,3,3,3,3,28,29,30,31,32,3,3,3,3,33,34,35,3,3,3,36,3,3,3,3,3,3,3,3,3,3,37,38,3,3,3,3,4,4,4,4,4,4,4,4,5,5,5,5,5,5,5,5","0.000916004180908203","fast_greedy","edit-xhwikibooks.graphml"
"0","0.84","0.16","0.695617970980712","1,1,1,1,1,1,6,1,1,7,8,9,1,1,1,1,10,11,3,12,2,4,13,1,1,1,1,14,1,15,16,17,18,19,3,3,5,1,2,2,2,2,4,4,4,4,2,4,4,4,2,2,2,2,2,4,4,4,4,2,20,2,2,21,22,2,2,2,2,2,4,2,23,24,2,2,2,2,2,2,2,25,26,27,28,29,2,2,2,2,30,31,32,2,2,2,33,2,2,2,2,2,2,2,2,2,2,34,35,2,2,2,2,3,3,3,3,3,3,3,3,5,5,5,5,5,5,5,5","0.000924825668334961","fast_greedy","edit-xhwikibooks.graphml"
"0.83","0","0.17","0.736207561728395","1,1,1,1,1,2,1,5,2,2,1,4,5,5,5,2,2,1,7,4,3,6,5,5,5,5,5,2,1,2,1,7,4,4,7,7,8,5,3,3,3,3,6,6,6,6,3,6,6,6,3,3,3,3,3,6,6,6,6,3,5,3,3,5,5,3,3,3,3,3,6,3,5,5,3,3,3,3,3,3,3,5,2,2,2,1,3,3,3,3,2,1,7,3,3,3,2,3,3,3,3,3,3,3,3,3,3,4,4,4,3,3,3,7,7,7,7,7,7,7,7,8,8,8,8,8,8,8,8","0.000976085662841797","fast_greedy","edit-xhwikibooks.graphml"
"0.82","0.01","0.17","0.736207561728395","1,1,1,1,1,2,1,5,2,2,1,4,5,5,5,2,2,1,7,4,3,6,5,5,5,5,5,2,1,2,1,7,4,4,7,7,8,5,3,3,3,3,6,6,6,6,3,6,6,6,3,3,3,3,3,6,6,6,6,3,5,3,3,5,5,3,3,3,3,3,6,3,5,5,3,3,3,3,3,3,3,5,2,2,2,1,3,3,3,3,2,1,7,3,3,3,2,3,3,3,3,3,3,3,3,3,3,4,4,4,3,3,3,7,7,7,7,7,7,7,7,8,8,8,8,8,8,8,8","0.000988960266113281","fast_greedy","edit-xhwikibooks.graphml"
"0.81","0.02","0.17","0.736207561728395","1,1,1,1,1,2,1,5,2,2,1,4,5,5,5,2,2,1,7,4,3,6,5,5,5,5,5,2,1,2,1,7,4,4,7,7,8,5,3,3,3,3,6,6,6,6,3,6,6,6,3,3,3,3,3,6,6,6,6,3,5,3,3,5,5,3,3,3,3,3,6,3,5,5,3,3,3,3,3,3,3,5,2,2,2,1,3,3,3,3,2,1,7,3,3,3,2,3,3,3,3,3,3,3,3,3,3,4,4,4,3,3,3,7,7,7,7,7,7,7,7,8,8,8,8,8,8,8,8","0.000991106033325195","fast_greedy","edit-xhwikibooks.graphml"
"0.8","0.03","0.17","0.736207561728395","1,1,1,1,1,2,1,5,2,2,1,4,5,5,5,2,2,1,7,4,3,6,5,5,5,5,5,2,1,2,1,7,4,4,7,7,8,5,3,3,3,3,6,6,6,6,3,6,6,6,3,3,3,3,3,6,6,6,6,3,5,3,3,5,5,3,3,3,3,3,6,3,5,5,3,3,3,3,3,3,3,5,2,2,2,1,3,3,3,3,2,1,7,3,3,3,2,3,3,3,3,3,3,3,3,3,3,4,4,4,3,3,3,7,7,7,7,7,7,7,7,8,8,8,8,8,8,8,8","0.000979900360107422","fast_greedy","edit-xhwikibooks.graphml"
"0.79","0.04","0.17","0.736207561728395","1,1,1,1,1,2,1,5,2,2,1,4,5,5,5,2,2,1,7,4,3,6,5,5,5,5,5,2,1,2,1,7,4,4,7,7,8,5,3,3,3,3,6,6,6,6,3,6,6,6,3,3,3,3,3,6,6,6,6,3,5,3,3,5,5,3,3,3,3,3,6,3,5,5,3,3,3,3,3,3,3,5,2,2,2,1,3,3,3,3,2,1,7,3,3,3,2,3,3,3,3,3,3,3,3,3,3,4,4,4,3,3,3,7,7,7,7,7,7,7,7,8,8,8,8,8,8,8,8","0.00120019912719727","fast_greedy","edit-xhwikibooks.graphml"
"0.78","0.05","0.17","0.736207561728395","1,1,1,1,1,2,1,5,2,2,1,4,5,5,5,2,2,1,7,4,3,6,5,5,5,5,5,2,1,2,1,7,4,4,7,7,8,5,3,3,3,3,6,6,6,6,3,6,6,6,3,3,3,3,3,6,6,6,6,3,5,3,3,5,5,3,3,3,3,3,6,3,5,5,3,3,3,3,3,3,3,5,2,2,2,1,3,3,3,3,2,1,7,3,3,3,2,3,3,3,3,3,3,3,3,3,3,4,4,4,3,3,3,7,7,7,7,7,7,7,7,8,8,8,8,8,8,8,8","0.000950098037719727","fast_greedy","edit-xhwikibooks.graphml"
"0.77","0.06","0.17","0.736207561728395","1,1,1,1,1,2,1,5,2,2,1,4,5,5,5,2,2,1,7,4,3,6,5,5,5,5,5,2,1,2,1,7,4,4,7,7,8,5,3,3,3,3,6,6,6,6,3,6,6,6,3,3,3,3,3,6,6,6,6,3,5,3,3,5,5,3,3,3,3,3,6,3,5,5,3,3,3,3,3,3,3,5,2,2,2,1,3,3,3,3,2,1,7,3,3,3,2,3,3,3,3,3,3,3,3,3,3,4,4,4,3,3,3,7,7,7,7,7,7,7,7,8,8,8,8,8,8,8,8","0.00093388557434082","fast_greedy","edit-xhwikibooks.graphml"
"0.76","0.07","0.17","0.736207561728395","1,1,1,1,1,2,1,5,2,2,1,4,5,5,5,2,2,1,7,4,3,6,5,5,5,5,5,2,1,2,1,7,4,4,7,7,8,5,3,3,3,3,6,6,6,6,3,6,6,6,3,3,3,3,3,6,6,6,6,3,5,3,3,5,5,3,3,3,3,3,6,3,5,5,3,3,3,3,3,3,3,5,2,2,2,1,3,3,3,3,2,1,7,3,3,3,2,3,3,3,3,3,3,3,3,3,3,4,4,4,3,3,3,7,7,7,7,7,7,7,7,8,8,8,8,8,8,8,8","0.00115108489990234","fast_greedy","edit-xhwikibooks.graphml"
"0.75","0.08","0.17","0.736207561728395","1,1,1,1,1,2,1,5,2,2,1,4,5,5,5,2,2,1,7,4,3,6,5,5,5,5,5,2,1,2,1,7,4,4,7,7,8,5,3,3,3,3,6,6,6,6,3,6,6,6,3,3,3,3,3,6,6,6,6,3,5,3,3,5,5,3,3,3,3,3,6,3,5,5,3,3,3,3,3,3,3,5,2,2,2,1,3,3,3,3,2,1,7,3,3,3,2,3,3,3,3,3,3,3,3,3,3,4,4,4,3,3,3,7,7,7,7,7,7,7,7,8,8,8,8,8,8,8,8","0.000917911529541016","fast_greedy","edit-xhwikibooks.graphml"
"0.74","0.09","0.17","0.736207561728395","1,1,1,1,1,2,1,5,2,2,1,4,5,5,5,2,2,1,7,4,3,6,5,5,5,5,5,2,1,2,1,7,4,4,7,7,8,5,3,3,3,3,6,6,6,6,3,6,6,6,3,3,3,3,3,6,6,6,6,3,5,3,3,5,5,3,3,3,3,3,6,3,5,5,3,3,3,3,3,3,3,5,2,2,2,1,3,3,3,3,2,1,7,3,3,3,2,3,3,3,3,3,3,3,3,3,3,4,4,4,3,3,3,7,7,7,7,7,7,7,7,8,8,8,8,8,8,8,8","0.000944852828979492","fast_greedy","edit-xhwikibooks.graphml"
"0.73","0.1","0.17","0.736207561728395","1,1,1,1,1,2,1,5,2,2,1,4,5,5,5,2,2,1,7,4,3,6,5,5,5,5,5,2,1,2,1,7,4,4,7,7,8,5,3,3,3,3,6,6,6,6,3,6,6,6,3,3,3,3,3,6,6,6,6,3,5,3,3,5,5,3,3,3,3,3,6,3,5,5,3,3,3,3,3,3,3,5,2,2,2,1,3,3,3,3,2,1,7,3,3,3,2,3,3,3,3,3,3,3,3,3,3,4,4,4,3,3,3,7,7,7,7,7,7,7,7,8,8,8,8,8,8,8,8","0.000954151153564453","fast_greedy","edit-xhwikibooks.graphml"
"0.72","0.11","0.17","0.736207561728395","1,1,1,1,1,2,1,5,2,2,1,4,5,5,5,2,2,1,7,4,3,6,5,5,5,5,5,2,1,2,1,7,4,4,7,7,8,5,3,3,3,3,6,6,6,6,3,6,6,6,3,3,3,3,3,6,6,6,6,3,5,3,3,5,5,3,3,3,3,3,6,3,5,5,3,3,3,3,3,3,3,5,2,2,2,1,3,3,3,3,2,1,7,3,3,3,2,3,3,3,3,3,3,3,3,3,3,4,4,4,3,3,3,7,7,7,7,7,7,7,7,8,8,8,8,8,8,8,8","0.000945091247558594","fast_greedy","edit-xhwikibooks.graphml"
"0.71","0.12","0.17","0.736207561728395","1,1,1,1,1,2,1,5,2,2,1,4,5,5,5,2,2,1,7,4,3,6,5,5,5,5,5,2,1,2,1,7,4,4,7,7,8,5,3,3,3,3,6,6,6,6,3,6,6,6,3,3,3,3,3,6,6,6,6,3,5,3,3,5,5,3,3,3,3,3,6,3,5,5,3,3,3,3,3,3,3,5,2,2,2,1,3,3,3,3,2,1,7,3,3,3,2,3,3,3,3,3,3,3,3,3,3,4,4,4,3,3,3,7,7,7,7,7,7,7,7,8,8,8,8,8,8,8,8","0.000967025756835938","fast_greedy","edit-xhwikibooks.graphml"
"0.7","0.13","0.17","0.736207561728395","1,1,1,1,1,2,1,5,2,2,1,4,5,5,5,2,2,1,7,4,3,6,5,5,5,5,5,2,1,2,1,7,4,4,7,7,8,5,3,3,3,3,6,6,6,6,3,6,6,6,3,3,3,3,3,6,6,6,6,3,5,3,3,5,5,3,3,3,3,3,6,3,5,5,3,3,3,3,3,3,3,5,2,2,2,1,3,3,3,3,2,1,7,3,3,3,2,3,3,3,3,3,3,3,3,3,3,4,4,4,3,3,3,7,7,7,7,7,7,7,7,8,8,8,8,8,8,8,8","0.000974893569946289","fast_greedy","edit-xhwikibooks.graphml"
"0.69","0.14","0.17","0.736207561728395","1,1,1,1,1,2,1,5,2,2,1,4,5,5,5,2,2,1,7,4,3,6,5,5,5,5,5,2,1,2,1,7,4,4,7,7,8,5,3,3,3,3,6,6,6,6,3,6,6,6,3,3,3,3,3,6,6,6,6,3,5,3,3,5,5,3,3,3,3,3,6,3,5,5,3,3,3,3,3,3,3,5,2,2,2,1,3,3,3,3,2,1,7,3,3,3,2,3,3,3,3,3,3,3,3,3,3,4,4,4,3,3,3,7,7,7,7,7,7,7,7,8,8,8,8,8,8,8,8","0.000983953475952148","fast_greedy","edit-xhwikibooks.graphml"
"0.68","0.15","0.17","0.736207561728395","1,1,1,1,1,2,1,5,2,2,1,4,5,5,5,2,2,1,7,4,3,6,5,5,5,5,5,2,1,2,1,7,4,4,7,7,8,5,3,3,3,3,6,6,6,6,3,6,6,6,3,3,3,3,3,6,6,6,6,3,5,3,3,5,5,3,3,3,3,3,6,3,5,5,3,3,3,3,3,3,3,5,2,2,2,1,3,3,3,3,2,1,7,3,3,3,2,3,3,3,3,3,3,3,3,3,3,4,4,4,3,3,3,7,7,7,7,7,7,7,7,8,8,8,8,8,8,8,8","0.000992059707641602","fast_greedy","edit-xhwikibooks.graphml"
"0.67","0.16","0.17","0.736207561728395","1,1,1,1,1,2,1,5,2,2,1,4,5,5,5,2,2,1,7,4,3,6,5,5,5,5,5,2,1,2,1,7,4,4,7,7,8,5,3,3,3,3,6,6,6,6,3,6,6,6,3,3,3,3,3,6,6,6,6,3,5,3,3,5,5,3,3,3,3,3,6,3,5,5,3,3,3,3,3,3,3,5,2,2,2,1,3,3,3,3,2,1,7,3,3,3,2,3,3,3,3,3,3,3,3,3,3,4,4,4,3,3,3,7,7,7,7,7,7,7,7,8,8,8,8,8,8,8,8","0.000982046127319336","fast_greedy","edit-xhwikibooks.graphml"
"0.66","0.17","0.17","0.737170035671819","1,1,1,1,1,2,1,4,2,2,1,5,4,4,4,2,2,1,7,5,3,6,4,4,4,4,4,2,1,2,1,7,5,5,7,7,8,4,3,3,3,3,6,6,6,6,3,6,6,6,3,3,3,3,3,6,6,6,6,3,4,3,3,4,4,3,3,3,3,3,6,3,4,4,3,3,3,3,3,3,3,4,2,2,2,1,3,3,3,3,2,1,7,3,3,3,2,3,3,3,3,3,3,3,3,3,3,5,5,5,3,3,3,7,7,7,7,7,7,7,7,8,8,8,8,8,8,8,8","0.000988006591796875","fast_greedy","edit-xhwikibooks.graphml"
"0.65","0.18","0.17","0.729336734693877","1,1,1,1,1,2,1,5,2,2,1,4,5,5,5,2,2,1,7,4,3,6,5,5,5,5,5,2,1,2,1,7,4,4,7,7,8,5,3,3,3,3,6,6,6,6,3,6,6,6,3,3,3,3,3,6,6,6,6,3,9,3,3,5,5,3,3,3,3,3,6,3,5,5,3,3,3,3,3,3,3,5,2,2,2,10,3,3,3,3,11,12,13,3,3,3,2,3,3,3,3,3,3,3,3,3,3,4,4,4,3,3,3,7,7,7,7,7,7,7,7,8,8,8,8,8,8,8,8","0.000988960266113281","fast_greedy","edit-xhwikibooks.graphml"
"0.64","0.19","0.17","0.729336734693877","1,1,1,1,1,2,1,5,2,2,1,4,5,5,5,2,2,1,7,4,3,6,5,5,5,5,5,2,1,2,1,7,4,4,7,7,8,5,3,3,3,3,6,6,6,6,3,6,6,6,3,3,3,3,3,6,6,6,6,3,9,3,3,5,5,3,3,3,3,3,6,3,5,5,3,3,3,3,3,3,3,5,2,2,2,10,3,3,3,3,11,12,13,3,3,3,2,3,3,3,3,3,3,3,3,3,3,4,4,4,3,3,3,7,7,7,7,7,7,7,7,8,8,8,8,8,8,8,8","0.00118899345397949","fast_greedy","edit-xhwikibooks.graphml"
"0.63","0.2","0.17","0.729336734693877","1,1,1,1,1,2,1,5,2,2,1,4,5,5,5,2,2,1,7,4,3,6,5,5,5,5,5,2,1,2,1,7,4,4,7,7,8,5,3,3,3,3,6,6,6,6,3,6,6,6,3,3,3,3,3,6,6,6,6,3,9,3,3,5,5,3,3,3,3,3,6,3,5,5,3,3,3,3,3,3,3,5,2,2,2,10,3,3,3,3,11,12,13,3,3,3,2,3,3,3,3,3,3,3,3,3,3,4,4,4,3,3,3,7,7,7,7,7,7,7,7,8,8,8,8,8,8,8,8","0.000916957855224609","fast_greedy","edit-xhwikibooks.graphml"
"0.62","0.21","0.17","0.729336734693877","1,1,1,1,1,2,1,5,2,2,1,4,5,5,5,2,2,1,7,4,3,6,5,5,5,5,5,2,1,2,1,7,4,4,7,7,8,5,3,3,3,3,6,6,6,6,3,6,6,6,3,3,3,3,3,6,6,6,6,3,9,3,3,5,5,3,3,3,3,3,6,3,5,5,3,3,3,3,3,3,3,5,2,2,2,10,3,3,3,3,11,12,13,3,3,3,2,3,3,3,3,3,3,3,3,3,3,4,4,4,3,3,3,7,7,7,7,7,7,7,7,8,8,8,8,8,8,8,8","0.000923871994018555","fast_greedy","edit-xhwikibooks.graphml"
"0.61","0.22","0.17","0.729336734693877","1,1,1,1,1,2,1,5,2,2,1,4,5,5,5,2,2,1,7,4,3,6,5,5,5,5,5,2,1,2,1,7,4,4,7,7,8,5,3,3,3,3,6,6,6,6,3,6,6,6,3,3,3,3,3,6,6,6,6,3,9,3,3,5,5,3,3,3,3,3,6,3,5,5,3,3,3,3,3,3,3,5,2,2,2,10,3,3,3,3,11,12,13,3,3,3,2,3,3,3,3,3,3,3,3,3,3,4,4,4,3,3,3,7,7,7,7,7,7,7,7,8,8,8,8,8,8,8,8","0.000931024551391602","fast_greedy","edit-xhwikibooks.graphml"
"0.6","0.23","0.17","0.729336734693877","1,1,1,1,1,2,1,5,2,2,1,4,5,5,5,2,2,1,7,4,3,6,5,5,5,5,5,2,1,2,1,7,4,4,7,7,8,5,3,3,3,3,6,6,6,6,3,6,6,6,3,3,3,3,3,6,6,6,6,3,9,3,3,5,5,3,3,3,3,3,6,3,5,5,3,3,3,3,3,3,3,5,2,2,2,10,3,3,3,3,11,12,13,3,3,3,2,3,3,3,3,3,3,3,3,3,3,4,4,4,3,3,3,7,7,7,7,7,7,7,7,8,8,8,8,8,8,8,8","0.000955820083618164","fast_greedy","edit-xhwikibooks.graphml"
"0.59","0.24","0.17","0.729336734693877","1,1,1,1,1,2,1,5,2,2,1,4,5,5,5,2,2,1,7,4,3,6,5,5,5,5,5,2,1,2,1,7,4,4,7,7,8,5,3,3,3,3,6,6,6,6,3,6,6,6,3,3,3,3,3,6,6,6,6,3,9,3,3,5,5,3,3,3,3,3,6,3,5,5,3,3,3,3,3,3,3,5,2,2,2,10,3,3,3,3,11,12,13,3,3,3,2,3,3,3,3,3,3,3,3,3,3,4,4,4,3,3,3,7,7,7,7,7,7,7,7,8,8,8,8,8,8,8,8","0.00104093551635742","fast_greedy","edit-xhwikibooks.graphml"
"0.58","0.25","0.17","0.729336734693877","1,1,1,1,1,2,1,5,2,2,1,4,5,5,5,2,2,1,7,4,3,6,5,5,5,5,5,2,1,2,1,7,4,4,7,7,8,5,3,3,3,3,6,6,6,6,3,6,6,6,3,3,3,3,3,6,6,6,6,3,9,3,3,5,5,3,3,3,3,3,6,3,5,5,3,3,3,3,3,3,3,5,2,2,2,10,3,3,3,3,11,12,13,3,3,3,2,3,3,3,3,3,3,3,3,3,3,4,4,4,3,3,3,7,7,7,7,7,7,7,7,8,8,8,8,8,8,8,8","0.00104904174804688","fast_greedy","edit-xhwikibooks.graphml"
"0.57","0.26","0.17","0.729336734693877","1,1,1,1,1,2,1,5,2,2,1,4,5,5,5,2,2,1,7,4,3,6,5,5,5,5,5,2,1,2,1,7,4,4,7,7,8,5,3,3,3,3,6,6,6,6,3,6,6,6,3,3,3,3,3,6,6,6,6,3,9,3,3,5,5,3,3,3,3,3,6,3,5,5,3,3,3,3,3,3,3,5,2,2,2,10,3,3,3,3,11,12,13,3,3,3,2,3,3,3,3,3,3,3,3,3,3,4,4,4,3,3,3,7,7,7,7,7,7,7,7,8,8,8,8,8,8,8,8","0.00103497505187988","fast_greedy","edit-xhwikibooks.graphml"
"0.56","0.27","0.17","0.729336734693877","1,1,1,1,1,2,1,5,2,2,1,4,5,5,5,2,2,1,7,4,3,6,5,5,5,5,5,2,1,2,1,7,4,4,7,7,8,5,3,3,3,3,6,6,6,6,3,6,6,6,3,3,3,3,3,6,6,6,6,3,9,3,3,5,5,3,3,3,3,3,6,3,5,5,3,3,3,3,3,3,3,5,2,2,2,10,3,3,3,3,11,12,13,3,3,3,2,3,3,3,3,3,3,3,3,3,3,4,4,4,3,3,3,7,7,7,7,7,7,7,7,8,8,8,8,8,8,8,8","0.00104618072509766","fast_greedy","edit-xhwikibooks.graphml"
"0.55","0.28","0.17","0.729336734693877","1,1,1,1,1,2,1,5,2,2,1,4,5,5,5,2,2,1,7,4,3,6,5,5,5,5,5,2,1,2,1,7,4,4,7,7,8,5,3,3,3,3,6,6,6,6,3,6,6,6,3,3,3,3,3,6,6,6,6,3,9,3,3,5,5,3,3,3,3,3,6,3,5,5,3,3,3,3,3,3,3,5,2,2,2,10,3,3,3,3,11,12,13,3,3,3,2,3,3,3,3,3,3,3,3,3,3,4,4,4,3,3,3,7,7,7,7,7,7,7,7,8,8,8,8,8,8,8,8","0.00102496147155762","fast_greedy","edit-xhwikibooks.graphml"
"0.54","0.29","0.17","0.729336734693877","1,1,1,1,1,2,1,5,2,2,1,4,5,5,5,2,2,1,7,4,3,6,5,5,5,5,5,2,1,2,1,7,4,4,7,7,8,5,3,3,3,3,6,6,6,6,3,6,6,6,3,3,3,3,3,6,6,6,6,3,9,3,3,5,5,3,3,3,3,3,6,3,5,5,3,3,3,3,3,3,3,5,2,2,2,10,3,3,3,3,11,12,13,3,3,3,2,3,3,3,3,3,3,3,3,3,3,4,4,4,3,3,3,7,7,7,7,7,7,7,7,8,8,8,8,8,8,8,8","0.000975131988525391","fast_greedy","edit-xhwikibooks.graphml"
"0.53","0.3","0.17","0.729336734693877","1,1,1,1,1,2,1,5,2,2,1,4,5,5,5,2,2,1,7,4,3,6,5,5,5,5,5,2,1,2,1,7,4,4,7,7,8,5,3,3,3,3,6,6,6,6,3,6,6,6,3,3,3,3,3,6,6,6,6,3,9,3,3,5,5,3,3,3,3,3,6,3,5,5,3,3,3,3,3,3,3,5,2,2,2,10,3,3,3,3,11,12,13,3,3,3,2,3,3,3,3,3,3,3,3,3,3,4,4,4,3,3,3,7,7,7,7,7,7,7,7,8,8,8,8,8,8,8,8","0.00112080574035645","fast_greedy","edit-xhwikibooks.graphml"
"0.52","0.31","0.17","0.729336734693877","1,1,1,1,1,2,1,5,2,2,1,4,5,5,5,2,2,1,7,4,3,6,5,5,5,5,5,2,1,2,1,7,4,4,7,7,8,5,3,3,3,3,6,6,6,6,3,6,6,6,3,3,3,3,3,6,6,6,6,3,9,3,3,5,5,3,3,3,3,3,6,3,5,5,3,3,3,3,3,3,3,5,2,2,2,10,3,3,3,3,11,12,13,3,3,3,2,3,3,3,3,3,3,3,3,3,3,4,4,4,3,3,3,7,7,7,7,7,7,7,7,8,8,8,8,8,8,8,8","0.000970840454101562","fast_greedy","edit-xhwikibooks.graphml"
"0.51","0.32","0.17","0.729336734693877","1,1,1,1,1,2,1,5,2,2,1,4,5,5,5,2,2,1,7,4,3,6,5,5,5,5,5,2,1,2,1,7,4,4,7,7,8,5,3,3,3,3,6,6,6,6,3,6,6,6,3,3,3,3,3,6,6,6,6,3,9,3,3,5,5,3,3,3,3,3,6,3,5,5,3,3,3,3,3,3,3,5,2,2,2,10,3,3,3,3,11,12,13,3,3,3,2,3,3,3,3,3,3,3,3,3,3,4,4,4,3,3,3,7,7,7,7,7,7,7,7,8,8,8,8,8,8,8,8","0.000926017761230469","fast_greedy","edit-xhwikibooks.graphml"
"0.5","0.33","0.17","0.729336734693877","1,1,1,1,1,2,1,5,2,2,1,4,5,5,5,2,2,1,7,4,3,6,5,5,5,5,5,2,1,2,1,7,4,4,7,7,8,5,3,3,3,3,6,6,6,6,3,6,6,6,3,3,3,3,3,6,6,6,6,3,9,3,3,5,5,3,3,3,3,3,6,3,5,5,3,3,3,3,3,3,3,5,2,2,2,10,3,3,3,3,11,12,13,3,3,3,2,3,3,3,3,3,3,3,3,3,3,4,4,4,3,3,3,7,7,7,7,7,7,7,7,8,8,8,8,8,8,8,8","0.000928163528442383","fast_greedy","edit-xhwikibooks.graphml"
"0.49","0.34","0.17","0.730496453900709","1,1,1,1,1,2,1,4,2,2,1,5,4,4,4,2,2,1,7,5,3,6,4,4,4,4,4,2,1,2,1,7,5,5,7,7,8,4,3,3,3,3,6,6,6,6,3,6,6,6,3,3,3,3,3,6,6,6,6,3,9,3,3,4,4,3,3,3,3,3,6,3,4,4,3,3,3,3,3,3,3,4,2,2,2,10,3,3,3,3,11,12,13,3,3,3,2,3,3,3,3,3,3,3,3,3,3,5,5,5,3,3,3,7,7,7,7,7,7,7,7,8,8,8,8,8,8,8,8","0.000949859619140625","fast_greedy","edit-xhwikibooks.graphml"
"0.48","0.35","0.17","0.714497989627644","1,1,1,1,1,4,1,6,4,4,3,1,6,6,6,4,8,3,3,1,2,5,6,6,6,6,6,4,1,9,10,3,1,1,3,3,7,6,2,2,2,2,5,5,5,5,2,5,5,5,2,2,2,2,2,5,5,5,5,2,11,2,2,12,13,2,2,2,2,2,5,2,6,6,2,2,2,2,2,2,2,14,4,4,4,15,2,2,2,2,16,17,18,2,2,2,19,2,2,2,2,2,2,2,2,2,2,20,21,2,2,2,2,3,3,3,3,3,3,3,3,7,7,7,7,7,7,7,7","0.000925064086914062","fast_greedy","edit-xhwikibooks.graphml"
"0.47","0.36","0.17","0.714497989627644","1,1,1,1,1,4,1,6,4,4,3,1,6,6,6,4,8,3,3,1,2,5,6,6,6,6,6,4,1,9,10,3,1,1,3,3,7,6,2,2,2,2,5,5,5,5,2,5,5,5,2,2,2,2,2,5,5,5,5,2,11,2,2,12,13,2,2,2,2,2,5,2,6,6,2,2,2,2,2,2,2,14,4,4,4,15,2,2,2,2,16,17,18,2,2,2,19,2,2,2,2,2,2,2,2,2,2,20,21,2,2,2,2,3,3,3,3,3,3,3,3,7,7,7,7,7,7,7,7","0.000925064086914062","fast_greedy","edit-xhwikibooks.graphml"
"0.46","0.37","0.17","0.714497989627644","1,1,1,1,1,4,1,6,4,4,3,1,6,6,6,4,8,3,3,1,2,5,6,6,6,6,6,4,1,9,10,3,1,1,3,3,7,6,2,2,2,2,5,5,5,5,2,5,5,5,2,2,2,2,2,5,5,5,5,2,11,2,2,12,13,2,2,2,2,2,5,2,6,6,2,2,2,2,2,2,2,14,4,4,4,15,2,2,2,2,16,17,18,2,2,2,19,2,2,2,2,2,2,2,2,2,2,20,21,2,2,2,2,3,3,3,3,3,3,3,3,7,7,7,7,7,7,7,7","0.000935077667236328","fast_greedy","edit-xhwikibooks.graphml"
"0.45","0.38","0.17","0.714497989627644","1,1,1,1,1,4,1,6,4,4,3,1,6,6,6,4,8,3,3,1,2,5,6,6,6,6,6,4,1,9,10,3,1,1,3,3,7,6,2,2,2,2,5,5,5,5,2,5,5,5,2,2,2,2,2,5,5,5,5,2,11,2,2,12,13,2,2,2,2,2,5,2,6,6,2,2,2,2,2,2,2,14,4,4,4,15,2,2,2,2,16,17,18,2,2,2,19,2,2,2,2,2,2,2,2,2,2,20,21,2,2,2,2,3,3,3,3,3,3,3,3,7,7,7,7,7,7,7,7","0.000946998596191406","fast_greedy","edit-xhwikibooks.graphml"
"0.44","0.39","0.17","0.714497989627644","1,1,1,1,1,4,1,6,4,4,3,1,6,6,6,4,8,3,3,1,2,5,6,6,6,6,6,4,1,9,10,3,1,1,3,3,7,6,2,2,2,2,5,5,5,5,2,5,5,5,2,2,2,2,2,5,5,5,5,2,11,2,2,12,13,2,2,2,2,2,5,2,6,6,2,2,2,2,2,2,2,14,4,4,4,15,2,2,2,2,16,17,18,2,2,2,19,2,2,2,2,2,2,2,2,2,2,20,21,2,2,2,2,3,3,3,3,3,3,3,3,7,7,7,7,7,7,7,7","0.000962972640991211","fast_greedy","edit-xhwikibooks.graphml"
"0.43","0.4","0.17","0.714497989627644","1,1,1,1,1,4,1,6,4,4,3,1,6,6,6,4,8,3,3,1,2,5,6,6,6,6,6,4,1,9,10,3,1,1,3,3,7,6,2,2,2,2,5,5,5,5,2,5,5,5,2,2,2,2,2,5,5,5,5,2,11,2,2,12,13,2,2,2,2,2,5,2,6,6,2,2,2,2,2,2,2,14,4,4,4,15,2,2,2,2,16,17,18,2,2,2,19,2,2,2,2,2,2,2,2,2,2,20,21,2,2,2,2,3,3,3,3,3,3,3,3,7,7,7,7,7,7,7,7","0.000938892364501953","fast_greedy","edit-xhwikibooks.graphml"
"0.42","0.41","0.17","0.714497989627644","1,1,1,1,1,4,1,6,4,4,3,1,6,6,6,4,8,3,3,1,2,5,6,6,6,6,6,4,1,9,10,3,1,1,3,3,7,6,2,2,2,2,5,5,5,5,2,5,5,5,2,2,2,2,2,5,5,5,5,2,11,2,2,12,13,2,2,2,2,2,5,2,6,6,2,2,2,2,2,2,2,14,4,4,4,15,2,2,2,2,16,17,18,2,2,2,19,2,2,2,2,2,2,2,2,2,2,20,21,2,2,2,2,3,3,3,3,3,3,3,3,7,7,7,7,7,7,7,7","0.000967025756835938","fast_greedy","edit-xhwikibooks.graphml"
"0.41","0.42","0.17","0.714497989627644","1,1,1,1,1,4,1,6,4,4,3,1,6,6,6,4,8,3,3,1,2,5,6,6,6,6,6,4,1,9,10,3,1,1,3,3,7,6,2,2,2,2,5,5,5,5,2,5,5,5,2,2,2,2,2,5,5,5,5,2,11,2,2,12,13,2,2,2,2,2,5,2,6,6,2,2,2,2,2,2,2,14,4,4,4,15,2,2,2,2,16,17,18,2,2,2,19,2,2,2,2,2,2,2,2,2,2,20,21,2,2,2,2,3,3,3,3,3,3,3,3,7,7,7,7,7,7,7,7","0.000928878784179688","fast_greedy","edit-xhwikibooks.graphml"
"0.4","0.43","0.17","0.714497989627644","1,1,1,1,1,4,1,6,4,4,3,1,6,6,6,4,8,3,3,1,2,5,6,6,6,6,6,4,1,9,10,3,1,1,3,3,7,6,2,2,2,2,5,5,5,5,2,5,5,5,2,2,2,2,2,5,5,5,5,2,11,2,2,12,13,2,2,2,2,2,5,2,6,6,2,2,2,2,2,2,2,14,4,4,4,15,2,2,2,2,16,17,18,2,2,2,19,2,2,2,2,2,2,2,2,2,2,20,21,2,2,2,2,3,3,3,3,3,3,3,3,7,7,7,7,7,7,7,7","0.00108790397644043","fast_greedy","edit-xhwikibooks.graphml"
"0.39","0.44","0.17","0.714497989627644","1,1,1,1,1,4,1,6,4,4,3,1,6,6,6,4,8,3,3,1,2,5,6,6,6,6,6,4,1,9,10,3,1,1,3,3,7,6,2,2,2,2,5,5,5,5,2,5,5,5,2,2,2,2,2,5,5,5,5,2,11,2,2,12,13,2,2,2,2,2,5,2,6,6,2,2,2,2,2,2,2,14,4,4,4,15,2,2,2,2,16,17,18,2,2,2,19,2,2,2,2,2,2,2,2,2,2,20,21,2,2,2,2,3,3,3,3,3,3,3,3,7,7,7,7,7,7,7,7","0.000921964645385742","fast_greedy","edit-xhwikibooks.graphml"
"0.38","0.45","0.17","0.714497989627644","1,1,1,1,1,4,1,6,4,4,3,1,6,6,6,4,8,3,3,1,2,5,6,6,6,6,6,4,1,9,10,3,1,1,3,3,7,6,2,2,2,2,5,5,5,5,2,5,5,5,2,2,2,2,2,5,5,5,5,2,11,2,2,12,13,2,2,2,2,2,5,2,6,6,2,2,2,2,2,2,2,14,4,4,4,15,2,2,2,2,16,17,18,2,2,2,19,2,2,2,2,2,2,2,2,2,2,20,21,2,2,2,2,3,3,3,3,3,3,3,3,7,7,7,7,7,7,7,7","0.000921964645385742","fast_greedy","edit-xhwikibooks.graphml"
"0.37","0.46","0.17","0.714497989627644","1,1,1,1,1,4,1,6,4,4,3,1,6,6,6,4,8,3,3,1,2,5,6,6,6,6,6,4,1,9,10,3,1,1,3,3,7,6,2,2,2,2,5,5,5,5,2,5,5,5,2,2,2,2,2,5,5,5,5,2,11,2,2,12,13,2,2,2,2,2,5,2,6,6,2,2,2,2,2,2,2,14,4,4,4,15,2,2,2,2,16,17,18,2,2,2,19,2,2,2,2,2,2,2,2,2,2,20,21,2,2,2,2,3,3,3,3,3,3,3,3,7,7,7,7,7,7,7,7","0.000929117202758789","fast_greedy","edit-xhwikibooks.graphml"
"0.36","0.47","0.17","0.714497989627644","1,1,1,1,1,4,1,6,4,4,3,1,6,6,6,4,8,3,3,1,2,5,6,6,6,6,6,4,1,9,10,3,1,1,3,3,7,6,2,2,2,2,5,5,5,5,2,5,5,5,2,2,2,2,2,5,5,5,5,2,11,2,2,12,13,2,2,2,2,2,5,2,6,6,2,2,2,2,2,2,2,14,4,4,4,15,2,2,2,2,16,17,18,2,2,2,19,2,2,2,2,2,2,2,2,2,2,20,21,2,2,2,2,3,3,3,3,3,3,3,3,7,7,7,7,7,7,7,7","0.000956058502197266","fast_greedy","edit-xhwikibooks.graphml"
"0.35","0.48","0.17","0.714497989627644","1,1,1,1,1,4,1,6,4,4,3,1,6,6,6,4,8,3,3,1,2,5,6,6,6,6,6,4,1,9,10,3,1,1,3,3,7,6,2,2,2,2,5,5,5,5,2,5,5,5,2,2,2,2,2,5,5,5,5,2,11,2,2,12,13,2,2,2,2,2,5,2,6,6,2,2,2,2,2,2,2,14,4,4,4,15,2,2,2,2,16,17,18,2,2,2,19,2,2,2,2,2,2,2,2,2,2,20,21,2,2,2,2,3,3,3,3,3,3,3,3,7,7,7,7,7,7,7,7","0.000971078872680664","fast_greedy","edit-xhwikibooks.graphml"
"0.34","0.49","0.17","0.714497989627644","1,1,1,1,1,4,1,6,4,4,3,1,6,6,6,4,8,3,3,1,2,5,6,6,6,6,6,4,1,9,10,3,1,1,3,3,7,6,2,2,2,2,5,5,5,5,2,5,5,5,2,2,2,2,2,5,5,5,5,2,11,2,2,12,13,2,2,2,2,2,5,2,6,6,2,2,2,2,2,2,2,14,4,4,4,15,2,2,2,2,16,17,18,2,2,2,19,2,2,2,2,2,2,2,2,2,2,20,21,2,2,2,2,3,3,3,3,3,3,3,3,7,7,7,7,7,7,7,7","0.000972986221313477","fast_greedy","edit-xhwikibooks.graphml"
"0.33","0.5","0.17","0.729573264330512","1,1,1,1,2,1,2,6,1,1,2,2,6,6,6,1,8,2,2,2,3,4,6,6,6,6,6,1,1,9,10,2,2,2,5,5,7,6,3,3,3,3,4,4,4,4,3,4,4,4,3,3,3,3,3,4,4,4,4,3,11,3,3,12,13,3,3,3,3,3,4,3,6,6,3,3,3,3,3,3,3,14,1,1,1,15,3,3,3,3,16,17,18,3,3,3,19,3,3,3,3,3,3,3,3,3,3,20,21,3,3,3,3,5,5,5,5,5,5,5,5,7,7,7,7,7,7,7,7","0.00100898742675781","fast_greedy","edit-xhwikibooks.graphml"
"0.32","0.51","0.17","0.729573264330512","1,1,1,1,2,1,2,6,1,1,2,2,6,6,6,1,8,2,2,2,3,4,6,6,6,6,6,1,1,9,10,2,2,2,5,5,7,6,3,3,3,3,4,4,4,4,3,4,4,4,3,3,3,3,3,4,4,4,4,3,11,3,3,12,13,3,3,3,3,3,4,3,6,6,3,3,3,3,3,3,3,14,1,1,1,15,3,3,3,3,16,17,18,3,3,3,19,3,3,3,3,3,3,3,3,3,3,20,21,3,3,3,3,5,5,5,5,5,5,5,5,7,7,7,7,7,7,7,7","0.00100398063659668","fast_greedy","edit-xhwikibooks.graphml"
"0.31","0.52","0.17","0.715035430763493","1,1,1,2,7,2,4,2,2,2,4,8,2,2,2,2,9,10,4,6,3,1,11,2,2,2,2,2,1,12,13,14,6,15,4,4,5,2,3,3,3,3,1,1,1,1,3,1,1,1,3,3,3,3,3,1,1,1,1,3,16,3,3,17,18,3,3,3,3,3,1,3,19,20,3,3,3,3,3,3,3,21,22,23,24,25,3,3,3,3,26,27,28,3,3,3,29,3,3,3,3,3,3,3,3,3,3,30,31,3,3,3,3,4,4,4,4,4,4,4,4,5,5,5,5,5,5,5,5","0.000990867614746094","fast_greedy","edit-xhwikibooks.graphml"
"0.3","0.53","0.17","0.715035430763493","1,1,1,2,7,2,4,2,2,2,4,8,2,2,2,2,9,10,4,6,3,1,11,2,2,2,2,2,1,12,13,14,6,15,4,4,5,2,3,3,3,3,1,1,1,1,3,1,1,1,3,3,3,3,3,1,1,1,1,3,16,3,3,17,18,3,3,3,3,3,1,3,19,20,3,3,3,3,3,3,3,21,22,23,24,25,3,3,3,3,26,27,28,3,3,3,29,3,3,3,3,3,3,3,3,3,3,30,31,3,3,3,3,4,4,4,4,4,4,4,4,5,5,5,5,5,5,5,5","0.00109004974365234","fast_greedy","edit-xhwikibooks.graphml"
"0.29","0.54","0.17","0.715035430763493","1,1,1,2,7,2,4,2,2,2,4,8,2,2,2,2,9,10,4,6,3,1,11,2,2,2,2,2,1,12,13,14,6,15,4,4,5,2,3,3,3,3,1,1,1,1,3,1,1,1,3,3,3,3,3,1,1,1,1,3,16,3,3,17,18,3,3,3,3,3,1,3,19,20,3,3,3,3,3,3,3,21,22,23,24,25,3,3,3,3,26,27,28,3,3,3,29,3,3,3,3,3,3,3,3,3,3,30,31,3,3,3,3,4,4,4,4,4,4,4,4,5,5,5,5,5,5,5,5","0.00097203254699707","fast_greedy","edit-xhwikibooks.graphml"
"0.28","0.55","0.17","0.715035430763493","1,1,1,2,7,2,4,2,2,2,4,8,2,2,2,2,9,10,4,6,3,1,11,2,2,2,2,2,1,12,13,14,6,15,4,4,5,2,3,3,3,3,1,1,1,1,3,1,1,1,3,3,3,3,3,1,1,1,1,3,16,3,3,17,18,3,3,3,3,3,1,3,19,20,3,3,3,3,3,3,3,21,22,23,24,25,3,3,3,3,26,27,28,3,3,3,29,3,3,3,3,3,3,3,3,3,3,30,31,3,3,3,3,4,4,4,4,4,4,4,4,5,5,5,5,5,5,5,5","0.00114297866821289","fast_greedy","edit-xhwikibooks.graphml"
"0.27","0.56","0.17","0.715035430763493","1,1,1,2,7,2,4,2,2,2,4,8,2,2,2,2,9,10,4,6,3,1,11,2,2,2,2,2,1,12,13,14,6,15,4,4,5,2,3,3,3,3,1,1,1,1,3,1,1,1,3,3,3,3,3,1,1,1,1,3,16,3,3,17,18,3,3,3,3,3,1,3,19,20,3,3,3,3,3,3,3,21,22,23,24,25,3,3,3,3,26,27,28,3,3,3,29,3,3,3,3,3,3,3,3,3,3,30,31,3,3,3,3,4,4,4,4,4,4,4,4,5,5,5,5,5,5,5,5","0.000992059707641602","fast_greedy","edit-xhwikibooks.graphml"
"0.26","0.57","0.17","0.715035430763493","1,1,1,2,7,2,4,2,2,2,4,8,2,2,2,2,9,10,4,6,3,1,11,2,2,2,2,2,1,12,13,14,6,15,4,4,5,2,3,3,3,3,1,1,1,1,3,1,1,1,3,3,3,3,3,1,1,1,1,3,16,3,3,17,18,3,3,3,3,3,1,3,19,20,3,3,3,3,3,3,3,21,22,23,24,25,3,3,3,3,26,27,28,3,3,3,29,3,3,3,3,3,3,3,3,3,3,30,31,3,3,3,3,4,4,4,4,4,4,4,4,5,5,5,5,5,5,5,5","0.00103998184204102","fast_greedy","edit-xhwikibooks.graphml"
"0.25","0.58","0.17","0.715035430763493","1,1,1,2,7,2,4,2,2,2,4,8,2,2,2,2,9,10,4,6,3,1,11,2,2,2,2,2,1,12,13,14,6,15,4,4,5,2,3,3,3,3,1,1,1,1,3,1,1,1,3,3,3,3,3,1,1,1,1,3,16,3,3,17,18,3,3,3,3,3,1,3,19,20,3,3,3,3,3,3,3,21,22,23,24,25,3,3,3,3,26,27,28,3,3,3,29,3,3,3,3,3,3,3,3,3,3,30,31,3,3,3,3,4,4,4,4,4,4,4,4,5,5,5,5,5,5,5,5","0.001007080078125","fast_greedy","edit-xhwikibooks.graphml"
"0.24","0.59","0.17","0.715035430763493","1,1,1,2,7,2,4,2,2,2,4,8,2,2,2,2,9,10,4,6,3,1,11,2,2,2,2,2,1,12,13,14,6,15,4,4,5,2,3,3,3,3,1,1,1,1,3,1,1,1,3,3,3,3,3,1,1,1,1,3,16,3,3,17,18,3,3,3,3,3,1,3,19,20,3,3,3,3,3,3,3,21,22,23,24,25,3,3,3,3,26,27,28,3,3,3,29,3,3,3,3,3,3,3,3,3,3,30,31,3,3,3,3,4,4,4,4,4,4,4,4,5,5,5,5,5,5,5,5","0.000975131988525391","fast_greedy","edit-xhwikibooks.graphml"
"0.23","0.6","0.17","0.715035430763493","1,1,1,2,7,2,4,2,2,2,4,8,2,2,2,2,9,10,4,6,3,1,11,2,2,2,2,2,1,12,13,14,6,15,4,4,5,2,3,3,3,3,1,1,1,1,3,1,1,1,3,3,3,3,3,1,1,1,1,3,16,3,3,17,18,3,3,3,3,3,1,3,19,20,3,3,3,3,3,3,3,21,22,23,24,25,3,3,3,3,26,27,28,3,3,3,29,3,3,3,3,3,3,3,3,3,3,30,31,3,3,3,3,4,4,4,4,4,4,4,4,5,5,5,5,5,5,5,5","0.000899791717529297","fast_greedy","edit-xhwikibooks.graphml"
"0.22","0.61","0.17","0.715035430763493","1,1,1,2,7,2,4,2,2,2,4,8,2,2,2,2,9,10,4,6,3,1,11,2,2,2,2,2,1,12,13,14,6,15,4,4,5,2,3,3,3,3,1,1,1,1,3,1,1,1,3,3,3,3,3,1,1,1,1,3,16,3,3,17,18,3,3,3,3,3,1,3,19,20,3,3,3,3,3,3,3,21,22,23,24,25,3,3,3,3,26,27,28,3,3,3,29,3,3,3,3,3,3,3,3,3,3,30,31,3,3,3,3,4,4,4,4,4,4,4,4,5,5,5,5,5,5,5,5","0.000947952270507812","fast_greedy","edit-xhwikibooks.graphml"
"0.21","0.62","0.17","0.715035430763493","1,1,1,2,7,2,4,2,2,2,4,8,2,2,2,2,9,10,4,6,3,1,11,2,2,2,2,2,1,12,13,14,6,15,4,4,5,2,3,3,3,3,1,1,1,1,3,1,1,1,3,3,3,3,3,1,1,1,1,3,16,3,3,17,18,3,3,3,3,3,1,3,19,20,3,3,3,3,3,3,3,21,22,23,24,25,3,3,3,3,26,27,28,3,3,3,29,3,3,3,3,3,3,3,3,3,3,30,31,3,3,3,3,4,4,4,4,4,4,4,4,5,5,5,5,5,5,5,5","0.000937938690185547","fast_greedy","edit-xhwikibooks.graphml"
"0.2","0.63","0.17","0.715035430763493","1,1,1,2,7,2,4,2,2,2,4,8,2,2,2,2,9,10,4,6,3,1,11,2,2,2,2,2,1,12,13,14,6,15,4,4,5,2,3,3,3,3,1,1,1,1,3,1,1,1,3,3,3,3,3,1,1,1,1,3,16,3,3,17,18,3,3,3,3,3,1,3,19,20,3,3,3,3,3,3,3,21,22,23,24,25,3,3,3,3,26,27,28,3,3,3,29,3,3,3,3,3,3,3,3,3,3,30,31,3,3,3,3,4,4,4,4,4,4,4,4,5,5,5,5,5,5,5,5","0.000986814498901367","fast_greedy","edit-xhwikibooks.graphml"
"0.19","0.64","0.17","0.715035430763493","1,1,1,2,7,2,4,2,2,2,4,8,2,2,2,2,9,10,4,6,3,1,11,2,2,2,2,2,1,12,13,14,6,15,4,4,5,2,3,3,3,3,1,1,1,1,3,1,1,1,3,3,3,3,3,1,1,1,1,3,16,3,3,17,18,3,3,3,3,3,1,3,19,20,3,3,3,3,3,3,3,21,22,23,24,25,3,3,3,3,26,27,28,3,3,3,29,3,3,3,3,3,3,3,3,3,3,30,31,3,3,3,3,4,4,4,4,4,4,4,4,5,5,5,5,5,5,5,5","0.00101590156555176","fast_greedy","edit-xhwikibooks.graphml"
"0.18","0.65","0.17","0.715035430763493","1,1,1,2,7,2,4,2,2,2,4,8,2,2,2,2,9,10,4,6,3,1,11,2,2,2,2,2,1,12,13,14,6,15,4,4,5,2,3,3,3,3,1,1,1,1,3,1,1,1,3,3,3,3,3,1,1,1,1,3,16,3,3,17,18,3,3,3,3,3,1,3,19,20,3,3,3,3,3,3,3,21,22,23,24,25,3,3,3,3,26,27,28,3,3,3,29,3,3,3,3,3,3,3,3,3,3,30,31,3,3,3,3,4,4,4,4,4,4,4,4,5,5,5,5,5,5,5,5","0.000935792922973633","fast_greedy","edit-xhwikibooks.graphml"
"0.17","0.66","0.17","0.715035430763493","1,1,1,2,7,2,4,2,2,2,4,8,2,2,2,2,9,10,4,6,3,1,11,2,2,2,2,2,1,12,13,14,6,15,4,4,5,2,3,3,3,3,1,1,1,1,3,1,1,1,3,3,3,3,3,1,1,1,1,3,16,3,3,17,18,3,3,3,3,3,1,3,19,20,3,3,3,3,3,3,3,21,22,23,24,25,3,3,3,3,26,27,28,3,3,3,29,3,3,3,3,3,3,3,3,3,3,30,31,3,3,3,3,4,4,4,4,4,4,4,4,5,5,5,5,5,5,5,5","0.000916957855224609","fast_greedy","edit-xhwikibooks.graphml"
"0.16","0.67","0.17","0.715035430763493","1,1,1,2,7,2,4,2,2,2,4,8,2,2,2,2,9,10,4,6,3,1,11,2,2,2,2,2,1,12,13,14,6,15,4,4,5,2,3,3,3,3,1,1,1,1,3,1,1,1,3,3,3,3,3,1,1,1,1,3,16,3,3,17,18,3,3,3,3,3,1,3,19,20,3,3,3,3,3,3,3,21,22,23,24,25,3,3,3,3,26,27,28,3,3,3,29,3,3,3,3,3,3,3,3,3,3,30,31,3,3,3,3,4,4,4,4,4,4,4,4,5,5,5,5,5,5,5,5","0.00109004974365234","fast_greedy","edit-xhwikibooks.graphml"
"0.15","0.68","0.17","0.715035430763493","1,1,1,2,7,2,4,2,2,2,4,8,2,2,2,2,9,10,4,6,3,1,11,2,2,2,2,2,1,12,13,14,6,15,4,4,5,2,3,3,3,3,1,1,1,1,3,1,1,1,3,3,3,3,3,1,1,1,1,3,16,3,3,17,18,3,3,3,3,3,1,3,19,20,3,3,3,3,3,3,3,21,22,23,24,25,3,3,3,3,26,27,28,3,3,3,29,3,3,3,3,3,3,3,3,3,3,30,31,3,3,3,3,4,4,4,4,4,4,4,4,5,5,5,5,5,5,5,5","0.000921010971069336","fast_greedy","edit-xhwikibooks.graphml"
"0.14","0.69","0.17","0.711043662285587","1,1,1,2,6,2,7,2,2,2,8,9,2,2,2,2,10,11,4,12,3,1,13,2,2,2,2,2,1,14,15,16,17,18,4,4,5,2,3,3,3,3,1,1,1,1,3,1,1,1,3,3,3,3,3,1,1,1,1,3,19,3,3,20,21,3,3,3,3,3,1,3,22,23,3,3,3,3,3,3,3,24,25,26,27,28,3,3,3,3,29,30,31,3,3,3,32,3,3,3,3,3,3,3,3,3,3,33,34,3,3,3,3,4,4,4,4,4,4,4,4,5,5,5,5,5,5,5,5","0.000922203063964844","fast_greedy","edit-xhwikibooks.graphml"
"0.13","0.7","0.17","0.711043662285587","1,1,1,2,6,2,7,2,2,2,8,9,2,2,2,2,10,11,4,12,3,1,13,2,2,2,2,2,1,14,15,16,17,18,4,4,5,2,3,3,3,3,1,1,1,1,3,1,1,1,3,3,3,3,3,1,1,1,1,3,19,3,3,20,21,3,3,3,3,3,1,3,22,23,3,3,3,3,3,3,3,24,25,26,27,28,3,3,3,3,29,30,31,3,3,3,32,3,3,3,3,3,3,3,3,3,3,33,34,3,3,3,3,4,4,4,4,4,4,4,4,5,5,5,5,5,5,5,5","0.000930070877075195","fast_greedy","edit-xhwikibooks.graphml"
"0.12","0.71","0.17","0.711043662285587","1,1,1,2,6,2,7,2,2,2,8,9,2,2,2,2,10,11,4,12,3,1,13,2,2,2,2,2,1,14,15,16,17,18,4,4,5,2,3,3,3,3,1,1,1,1,3,1,1,1,3,3,3,3,3,1,1,1,1,3,19,3,3,20,21,3,3,3,3,3,1,3,22,23,3,3,3,3,3,3,3,24,25,26,27,28,3,3,3,3,29,30,31,3,3,3,32,3,3,3,3,3,3,3,3,3,3,33,34,3,3,3,3,4,4,4,4,4,4,4,4,5,5,5,5,5,5,5,5","0.000935077667236328","fast_greedy","edit-xhwikibooks.graphml"
"0.11","0.72","0.17","0.711043662285587","1,1,1,2,6,2,7,2,2,2,8,9,2,2,2,2,10,11,4,12,3,1,13,2,2,2,2,2,1,14,15,16,17,18,4,4,5,2,3,3,3,3,1,1,1,1,3,1,1,1,3,3,3,3,3,1,1,1,1,3,19,3,3,20,21,3,3,3,3,3,1,3,22,23,3,3,3,3,3,3,3,24,25,26,27,28,3,3,3,3,29,30,31,3,3,3,32,3,3,3,3,3,3,3,3,3,3,33,34,3,3,3,3,4,4,4,4,4,4,4,4,5,5,5,5,5,5,5,5","0.000937938690185547","fast_greedy","edit-xhwikibooks.graphml"
"0.1","0.73","0.17","0.711043662285587","1,1,1,2,6,2,7,2,2,2,8,9,2,2,2,2,10,11,4,12,3,1,13,2,2,2,2,2,1,14,15,16,17,18,4,4,5,2,3,3,3,3,1,1,1,1,3,1,1,1,3,3,3,3,3,1,1,1,1,3,19,3,3,20,21,3,3,3,3,3,1,3,22,23,3,3,3,3,3,3,3,24,25,26,27,28,3,3,3,3,29,30,31,3,3,3,32,3,3,3,3,3,3,3,3,3,3,33,34,3,3,3,3,4,4,4,4,4,4,4,4,5,5,5,5,5,5,5,5","0.000963926315307617","fast_greedy","edit-xhwikibooks.graphml"
"0.09","0.74","0.17","0.711043662285587","1,1,1,2,6,2,7,2,2,2,8,9,2,2,2,2,10,11,4,12,3,1,13,2,2,2,2,2,1,14,15,16,17,18,4,4,5,2,3,3,3,3,1,1,1,1,3,1,1,1,3,3,3,3,3,1,1,1,1,3,19,3,3,20,21,3,3,3,3,3,1,3,22,23,3,3,3,3,3,3,3,24,25,26,27,28,3,3,3,3,29,30,31,3,3,3,32,3,3,3,3,3,3,3,3,3,3,33,34,3,3,3,3,4,4,4,4,4,4,4,4,5,5,5,5,5,5,5,5","0.000935077667236328","fast_greedy","edit-xhwikibooks.graphml"
"0.08","0.75","0.17","0.711043662285587","1,1,1,2,6,2,7,2,2,2,8,9,2,2,2,2,10,11,4,12,3,1,13,2,2,2,2,2,1,14,15,16,17,18,4,4,5,2,3,3,3,3,1,1,1,1,3,1,1,1,3,3,3,3,3,1,1,1,1,3,19,3,3,20,21,3,3,3,3,3,1,3,22,23,3,3,3,3,3,3,3,24,25,26,27,28,3,3,3,3,29,30,31,3,3,3,32,3,3,3,3,3,3,3,3,3,3,33,34,3,3,3,3,4,4,4,4,4,4,4,4,5,5,5,5,5,5,5,5","0.00090789794921875","fast_greedy","edit-xhwikibooks.graphml"
"0.07","0.76","0.17","0.711043662285587","1,1,1,2,6,2,7,2,2,2,8,9,2,2,2,2,10,11,4,12,3,1,13,2,2,2,2,2,1,14,15,16,17,18,4,4,5,2,3,3,3,3,1,1,1,1,3,1,1,1,3,3,3,3,3,1,1,1,1,3,19,3,3,20,21,3,3,3,3,3,1,3,22,23,3,3,3,3,3,3,3,24,25,26,27,28,3,3,3,3,29,30,31,3,3,3,32,3,3,3,3,3,3,3,3,3,3,33,34,3,3,3,3,4,4,4,4,4,4,4,4,5,5,5,5,5,5,5,5","0.000946998596191406","fast_greedy","edit-xhwikibooks.graphml"
"0.06","0.77","0.17","0.711043662285587","1,1,1,2,6,2,7,2,2,2,8,9,2,2,2,2,10,11,4,12,3,1,13,2,2,2,2,2,1,14,15,16,17,18,4,4,5,2,3,3,3,3,1,1,1,1,3,1,1,1,3,3,3,3,3,1,1,1,1,3,19,3,3,20,21,3,3,3,3,3,1,3,22,23,3,3,3,3,3,3,3,24,25,26,27,28,3,3,3,3,29,30,31,3,3,3,32,3,3,3,3,3,3,3,3,3,3,33,34,3,3,3,3,4,4,4,4,4,4,4,4,5,5,5,5,5,5,5,5","0.000914096832275391","fast_greedy","edit-xhwikibooks.graphml"
"0.05","0.78","0.17","0.711043662285587","1,1,1,2,6,2,7,2,2,2,8,9,2,2,2,2,10,11,4,12,3,1,13,2,2,2,2,2,1,14,15,16,17,18,4,4,5,2,3,3,3,3,1,1,1,1,3,1,1,1,3,3,3,3,3,1,1,1,1,3,19,3,3,20,21,3,3,3,3,3,1,3,22,23,3,3,3,3,3,3,3,24,25,26,27,28,3,3,3,3,29,30,31,3,3,3,32,3,3,3,3,3,3,3,3,3,3,33,34,3,3,3,3,4,4,4,4,4,4,4,4,5,5,5,5,5,5,5,5","0.000927209854125977","fast_greedy","edit-xhwikibooks.graphml"
"0.04","0.79","0.17","0.711043662285587","1,1,1,2,6,2,7,2,2,2,8,9,2,2,2,2,10,11,4,12,3,1,13,2,2,2,2,2,1,14,15,16,17,18,4,4,5,2,3,3,3,3,1,1,1,1,3,1,1,1,3,3,3,3,3,1,1,1,1,3,19,3,3,20,21,3,3,3,3,3,1,3,22,23,3,3,3,3,3,3,3,24,25,26,27,28,3,3,3,3,29,30,31,3,3,3,32,3,3,3,3,3,3,3,3,3,3,33,34,3,3,3,3,4,4,4,4,4,4,4,4,5,5,5,5,5,5,5,5","0.000941991806030273","fast_greedy","edit-xhwikibooks.graphml"
"0.03","0.8","0.17","0.711043662285587","1,1,1,2,6,2,7,2,2,2,8,9,2,2,2,2,10,11,4,12,3,1,13,2,2,2,2,2,1,14,15,16,17,18,4,4,5,2,3,3,3,3,1,1,1,1,3,1,1,1,3,3,3,3,3,1,1,1,1,3,19,3,3,20,21,3,3,3,3,3,1,3,22,23,3,3,3,3,3,3,3,24,25,26,27,28,3,3,3,3,29,30,31,3,3,3,32,3,3,3,3,3,3,3,3,3,3,33,34,3,3,3,3,4,4,4,4,4,4,4,4,5,5,5,5,5,5,5,5","0.00112295150756836","fast_greedy","edit-xhwikibooks.graphml"
"0.02","0.81","0.17","0.711043662285587","1,1,1,2,6,2,7,2,2,2,8,9,2,2,2,2,10,11,4,12,3,1,13,2,2,2,2,2,1,14,15,16,17,18,4,4,5,2,3,3,3,3,1,1,1,1,3,1,1,1,3,3,3,3,3,1,1,1,1,3,19,3,3,20,21,3,3,3,3,3,1,3,22,23,3,3,3,3,3,3,3,24,25,26,27,28,3,3,3,3,29,30,31,3,3,3,32,3,3,3,3,3,3,3,3,3,3,33,34,3,3,3,3,4,4,4,4,4,4,4,4,5,5,5,5,5,5,5,5","0.000929117202758789","fast_greedy","edit-xhwikibooks.graphml"
"0.01","0.82","0.17","0.711043662285587","1,1,1,2,6,2,7,2,2,2,8,9,2,2,2,2,10,11,4,12,3,1,13,2,2,2,2,2,1,14,15,16,17,18,4,4,5,2,3,3,3,3,1,1,1,1,3,1,1,1,3,3,3,3,3,1,1,1,1,3,19,3,3,20,21,3,3,3,3,3,1,3,22,23,3,3,3,3,3,3,3,24,25,26,27,28,3,3,3,3,29,30,31,3,3,3,32,3,3,3,3,3,3,3,3,3,3,33,34,3,3,3,3,4,4,4,4,4,4,4,4,5,5,5,5,5,5,5,5","0.000935792922973633","fast_greedy","edit-xhwikibooks.graphml"
"0","0.83","0.17","0.699989940143856","3,3,3,1,3,1,6,1,1,1,7,8,1,1,1,1,9,10,4,11,2,3,12,1,1,1,1,1,3,13,14,15,16,17,4,4,5,1,2,2,2,2,3,3,3,3,2,3,3,3,2,2,2,2,2,3,3,3,3,2,18,2,2,19,20,2,2,2,2,2,3,2,21,22,2,2,2,2,2,2,2,23,24,25,26,27,2,2,2,2,28,29,30,2,2,2,31,2,2,2,2,2,2,2,2,2,2,32,33,2,2,2,2,4,4,4,4,4,4,4,4,5,5,5,5,5,5,5,5","0.000953197479248047","fast_greedy","edit-xhwikibooks.graphml"
"0.82","0","0.18","0.736207561728395","1,1,1,1,1,2,1,5,2,2,1,4,5,5,5,2,2,1,7,4,3,6,5,5,5,5,5,2,1,2,1,7,4,4,7,7,8,5,3,3,3,3,6,6,6,6,3,6,6,6,3,3,3,3,3,6,6,6,6,3,5,3,3,5,5,3,3,3,3,3,6,3,5,5,3,3,3,3,3,3,3,5,2,2,2,1,3,3,3,3,2,1,7,3,3,3,2,3,3,3,3,3,3,3,3,3,3,4,4,4,3,3,3,7,7,7,7,7,7,7,7,8,8,8,8,8,8,8,8","0.000961065292358398","fast_greedy","edit-xhwikibooks.graphml"
"0.81","0.01","0.18","0.736207561728395","1,1,1,1,1,2,1,5,2,2,1,4,5,5,5,2,2,1,7,4,3,6,5,5,5,5,5,2,1,2,1,7,4,4,7,7,8,5,3,3,3,3,6,6,6,6,3,6,6,6,3,3,3,3,3,6,6,6,6,3,5,3,3,5,5,3,3,3,3,3,6,3,5,5,3,3,3,3,3,3,3,5,2,2,2,1,3,3,3,3,2,1,7,3,3,3,2,3,3,3,3,3,3,3,3,3,3,4,4,4,3,3,3,7,7,7,7,7,7,7,7,8,8,8,8,8,8,8,8","0.000998973846435547","fast_greedy","edit-xhwikibooks.graphml"
"0.8","0.02","0.18","0.736207561728395","1,1,1,1,1,2,1,5,2,2,1,4,5,5,5,2,2,1,7,4,3,6,5,5,5,5,5,2,1,2,1,7,4,4,7,7,8,5,3,3,3,3,6,6,6,6,3,6,6,6,3,3,3,3,3,6,6,6,6,3,5,3,3,5,5,3,3,3,3,3,6,3,5,5,3,3,3,3,3,3,3,5,2,2,2,1,3,3,3,3,2,1,7,3,3,3,2,3,3,3,3,3,3,3,3,3,3,4,4,4,3,3,3,7,7,7,7,7,7,7,7,8,8,8,8,8,8,8,8","0.000998973846435547","fast_greedy","edit-xhwikibooks.graphml"
"0.79","0.03","0.18","0.736207561728395","1,1,1,1,1,2,1,5,2,2,1,4,5,5,5,2,2,1,7,4,3,6,5,5,5,5,5,2,1,2,1,7,4,4,7,7,8,5,3,3,3,3,6,6,6,6,3,6,6,6,3,3,3,3,3,6,6,6,6,3,5,3,3,5,5,3,3,3,3,3,6,3,5,5,3,3,3,3,3,3,3,5,2,2,2,1,3,3,3,3,2,1,7,3,3,3,2,3,3,3,3,3,3,3,3,3,3,4,4,4,3,3,3,7,7,7,7,7,7,7,7,8,8,8,8,8,8,8,8","0.0010221004486084","fast_greedy","edit-xhwikibooks.graphml"
"0.78","0.04","0.18","0.736207561728395","1,1,1,1,1,2,1,5,2,2,1,4,5,5,5,2,2,1,7,4,3,6,5,5,5,5,5,2,1,2,1,7,4,4,7,7,8,5,3,3,3,3,6,6,6,6,3,6,6,6,3,3,3,3,3,6,6,6,6,3,5,3,3,5,5,3,3,3,3,3,6,3,5,5,3,3,3,3,3,3,3,5,2,2,2,1,3,3,3,3,2,1,7,3,3,3,2,3,3,3,3,3,3,3,3,3,3,4,4,4,3,3,3,7,7,7,7,7,7,7,7,8,8,8,8,8,8,8,8","0.00113296508789062","fast_greedy","edit-xhwikibooks.graphml"
"0.77","0.05","0.18","0.736207561728395","1,1,1,1,1,2,1,5,2,2,1,4,5,5,5,2,2,1,7,4,3,6,5,5,5,5,5,2,1,2,1,7,4,4,7,7,8,5,3,3,3,3,6,6,6,6,3,6,6,6,3,3,3,3,3,6,6,6,6,3,5,3,3,5,5,3,3,3,3,3,6,3,5,5,3,3,3,3,3,3,3,5,2,2,2,1,3,3,3,3,2,1,7,3,3,3,2,3,3,3,3,3,3,3,3,3,3,4,4,4,3,3,3,7,7,7,7,7,7,7,7,8,8,8,8,8,8,8,8","0.000954151153564453","fast_greedy","edit-xhwikibooks.graphml"
"0.76","0.06","0.18","0.736207561728395","1,1,1,1,1,2,1,5,2,2,1,4,5,5,5,2,2,1,7,4,3,6,5,5,5,5,5,2,1,2,1,7,4,4,7,7,8,5,3,3,3,3,6,6,6,6,3,6,6,6,3,3,3,3,3,6,6,6,6,3,5,3,3,5,5,3,3,3,3,3,6,3,5,5,3,3,3,3,3,3,3,5,2,2,2,1,3,3,3,3,2,1,7,3,3,3,2,3,3,3,3,3,3,3,3,3,3,4,4,4,3,3,3,7,7,7,7,7,7,7,7,8,8,8,8,8,8,8,8","0.000951051712036133","fast_greedy","edit-xhwikibooks.graphml"
"0.75","0.07","0.18","0.736207561728395","1,1,1,1,1,2,1,5,2,2,1,4,5,5,5,2,2,1,7,4,3,6,5,5,5,5,5,2,1,2,1,7,4,4,7,7,8,5,3,3,3,3,6,6,6,6,3,6,6,6,3,3,3,3,3,6,6,6,6,3,5,3,3,5,5,3,3,3,3,3,6,3,5,5,3,3,3,3,3,3,3,5,2,2,2,1,3,3,3,3,2,1,7,3,3,3,2,3,3,3,3,3,3,3,3,3,3,4,4,4,3,3,3,7,7,7,7,7,7,7,7,8,8,8,8,8,8,8,8","0.000962018966674805","fast_greedy","edit-xhwikibooks.graphml"
"0.74","0.08","0.18","0.736207561728395","1,1,1,1,1,2,1,5,2,2,1,4,5,5,5,2,2,1,7,4,3,6,5,5,5,5,5,2,1,2,1,7,4,4,7,7,8,5,3,3,3,3,6,6,6,6,3,6,6,6,3,3,3,3,3,6,6,6,6,3,5,3,3,5,5,3,3,3,3,3,6,3,5,5,3,3,3,3,3,3,3,5,2,2,2,1,3,3,3,3,2,1,7,3,3,3,2,3,3,3,3,3,3,3,3,3,3,4,4,4,3,3,3,7,7,7,7,7,7,7,7,8,8,8,8,8,8,8,8","0.00115084648132324","fast_greedy","edit-xhwikibooks.graphml"
"0.73","0.09","0.18","0.736207561728395","1,1,1,1,1,2,1,5,2,2,1,4,5,5,5,2,2,1,7,4,3,6,5,5,5,5,5,2,1,2,1,7,4,4,7,7,8,5,3,3,3,3,6,6,6,6,3,6,6,6,3,3,3,3,3,6,6,6,6,3,5,3,3,5,5,3,3,3,3,3,6,3,5,5,3,3,3,3,3,3,3,5,2,2,2,1,3,3,3,3,2,1,7,3,3,3,2,3,3,3,3,3,3,3,3,3,3,4,4,4,3,3,3,7,7,7,7,7,7,7,7,8,8,8,8,8,8,8,8","0.00094294548034668","fast_greedy","edit-xhwikibooks.graphml"
"0.72","0.1","0.18","0.736207561728395","1,1,1,1,1,2,1,5,2,2,1,4,5,5,5,2,2,1,7,4,3,6,5,5,5,5,5,2,1,2,1,7,4,4,7,7,8,5,3,3,3,3,6,6,6,6,3,6,6,6,3,3,3,3,3,6,6,6,6,3,5,3,3,5,5,3,3,3,3,3,6,3,5,5,3,3,3,3,3,3,3,5,2,2,2,1,3,3,3,3,2,1,7,3,3,3,2,3,3,3,3,3,3,3,3,3,3,4,4,4,3,3,3,7,7,7,7,7,7,7,7,8,8,8,8,8,8,8,8","0.000946998596191406","fast_greedy","edit-xhwikibooks.graphml"
"0.71","0.11","0.18","0.736207561728395","1,1,1,1,1,2,1,5,2,2,1,4,5,5,5,2,2,1,7,4,3,6,5,5,5,5,5,2,1,2,1,7,4,4,7,7,8,5,3,3,3,3,6,6,6,6,3,6,6,6,3,3,3,3,3,6,6,6,6,3,5,3,3,5,5,3,3,3,3,3,6,3,5,5,3,3,3,3,3,3,3,5,2,2,2,1,3,3,3,3,2,1,7,3,3,3,2,3,3,3,3,3,3,3,3,3,3,4,4,4,3,3,3,7,7,7,7,7,7,7,7,8,8,8,8,8,8,8,8","0.000962972640991211","fast_greedy","edit-xhwikibooks.graphml"
"0.7","0.12","0.18","0.736207561728395","1,1,1,1,1,2,1,5,2,2,1,4,5,5,5,2,2,1,7,4,3,6,5,5,5,5,5,2,1,2,1,7,4,4,7,7,8,5,3,3,3,3,6,6,6,6,3,6,6,6,3,3,3,3,3,6,6,6,6,3,5,3,3,5,5,3,3,3,3,3,6,3,5,5,3,3,3,3,3,3,3,5,2,2,2,1,3,3,3,3,2,1,7,3,3,3,2,3,3,3,3,3,3,3,3,3,3,4,4,4,3,3,3,7,7,7,7,7,7,7,7,8,8,8,8,8,8,8,8","0.000992059707641602","fast_greedy","edit-xhwikibooks.graphml"
"0.69","0.13","0.18","0.736207561728395","1,1,1,1,1,2,1,5,2,2,1,4,5,5,5,2,2,1,7,4,3,6,5,5,5,5,5,2,1,2,1,7,4,4,7,7,8,5,3,3,3,3,6,6,6,6,3,6,6,6,3,3,3,3,3,6,6,6,6,3,5,3,3,5,5,3,3,3,3,3,6,3,5,5,3,3,3,3,3,3,3,5,2,2,2,1,3,3,3,3,2,1,7,3,3,3,2,3,3,3,3,3,3,3,3,3,3,4,4,4,3,3,3,7,7,7,7,7,7,7,7,8,8,8,8,8,8,8,8","0.000961065292358398","fast_greedy","edit-xhwikibooks.graphml"
"0.68","0.14","0.18","0.736207561728395","1,1,1,1,1,2,1,5,2,2,1,4,5,5,5,2,2,1,7,4,3,6,5,5,5,5,5,2,1,2,1,7,4,4,7,7,8,5,3,3,3,3,6,6,6,6,3,6,6,6,3,3,3,3,3,6,6,6,6,3,5,3,3,5,5,3,3,3,3,3,6,3,5,5,3,3,3,3,3,3,3,5,2,2,2,1,3,3,3,3,2,1,7,3,3,3,2,3,3,3,3,3,3,3,3,3,3,4,4,4,3,3,3,7,7,7,7,7,7,7,7,8,8,8,8,8,8,8,8","0.000966787338256836","fast_greedy","edit-xhwikibooks.graphml"
"0.67","0.15","0.18","0.736207561728395","1,1,1,1,1,2,1,5,2,2,1,4,5,5,5,2,2,1,7,4,3,6,5,5,5,5,5,2,1,2,1,7,4,4,7,7,8,5,3,3,3,3,6,6,6,6,3,6,6,6,3,3,3,3,3,6,6,6,6,3,5,3,3,5,5,3,3,3,3,3,6,3,5,5,3,3,3,3,3,3,3,5,2,2,2,1,3,3,3,3,2,1,7,3,3,3,2,3,3,3,3,3,3,3,3,3,3,4,4,4,3,3,3,7,7,7,7,7,7,7,7,8,8,8,8,8,8,8,8","0.0010979175567627","fast_greedy","edit-xhwikibooks.graphml"
"0.66","0.16","0.18","0.736207561728395","1,1,1,1,1,2,1,5,2,2,1,4,5,5,5,2,2,1,7,4,3,6,5,5,5,5,5,2,1,2,1,7,4,4,7,7,8,5,3,3,3,3,6,6,6,6,3,6,6,6,3,3,3,3,3,6,6,6,6,3,5,3,3,5,5,3,3,3,3,3,6,3,5,5,3,3,3,3,3,3,3,5,2,2,2,1,3,3,3,3,2,1,7,3,3,3,2,3,3,3,3,3,3,3,3,3,3,4,4,4,3,3,3,7,7,7,7,7,7,7,7,8,8,8,8,8,8,8,8","0.000962972640991211","fast_greedy","edit-xhwikibooks.graphml"
"0.65","0.17","0.18","0.737170035671819","1,1,1,1,1,2,1,4,2,2,1,5,4,4,4,2,2,1,7,5,3,6,4,4,4,4,4,2,1,2,1,7,5,5,7,7,8,4,3,3,3,3,6,6,6,6,3,6,6,6,3,3,3,3,3,6,6,6,6,3,4,3,3,4,4,3,3,3,3,3,6,3,4,4,3,3,3,3,3,3,3,4,2,2,2,1,3,3,3,3,2,1,7,3,3,3,2,3,3,3,3,3,3,3,3,3,3,5,5,5,3,3,3,7,7,7,7,7,7,7,7,8,8,8,8,8,8,8,8","0.000950813293457031","fast_greedy","edit-xhwikibooks.graphml"
"0.64","0.18","0.18","0.737170035671819","1,1,1,1,1,2,1,4,2,2,1,5,4,4,4,2,2,1,7,5,3,6,4,4,4,4,4,2,1,2,1,7,5,5,7,7,8,4,3,3,3,3,6,6,6,6,3,6,6,6,3,3,3,3,3,6,6,6,6,3,4,3,3,4,4,3,3,3,3,3,6,3,4,4,3,3,3,3,3,3,3,4,2,2,2,1,3,3,3,3,2,1,7,3,3,3,2,3,3,3,3,3,3,3,3,3,3,5,5,5,3,3,3,7,7,7,7,7,7,7,7,8,8,8,8,8,8,8,8","0.000955104827880859","fast_greedy","edit-xhwikibooks.graphml"
"0.63","0.19","0.18","0.729336734693877","1,1,1,1,1,2,1,5,2,2,1,4,5,5,5,2,2,1,7,4,3,6,5,5,5,5,5,2,1,2,1,7,4,4,7,7,8,5,3,3,3,3,6,6,6,6,3,6,6,6,3,3,3,3,3,6,6,6,6,3,9,3,3,5,5,3,3,3,3,3,6,3,5,5,3,3,3,3,3,3,3,5,2,2,2,10,3,3,3,3,11,12,13,3,3,3,2,3,3,3,3,3,3,3,3,3,3,4,4,4,3,3,3,7,7,7,7,7,7,7,7,8,8,8,8,8,8,8,8","0.000971078872680664","fast_greedy","edit-xhwikibooks.graphml"
"0.62","0.2","0.18","0.729336734693877","1,1,1,1,1,2,1,5,2,2,1,4,5,5,5,2,2,1,7,4,3,6,5,5,5,5,5,2,1,2,1,7,4,4,7,7,8,5,3,3,3,3,6,6,6,6,3,6,6,6,3,3,3,3,3,6,6,6,6,3,9,3,3,5,5,3,3,3,3,3,6,3,5,5,3,3,3,3,3,3,3,5,2,2,2,10,3,3,3,3,11,12,13,3,3,3,2,3,3,3,3,3,3,3,3,3,3,4,4,4,3,3,3,7,7,7,7,7,7,7,7,8,8,8,8,8,8,8,8","0.00113391876220703","fast_greedy","edit-xhwikibooks.graphml"
"0.61","0.21","0.18","0.729336734693877","1,1,1,1,1,2,1,5,2,2,1,4,5,5,5,2,2,1,7,4,3,6,5,5,5,5,5,2,1,2,1,7,4,4,7,7,8,5,3,3,3,3,6,6,6,6,3,6,6,6,3,3,3,3,3,6,6,6,6,3,9,3,3,5,5,3,3,3,3,3,6,3,5,5,3,3,3,3,3,3,3,5,2,2,2,10,3,3,3,3,11,12,13,3,3,3,2,3,3,3,3,3,3,3,3,3,3,4,4,4,3,3,3,7,7,7,7,7,7,7,7,8,8,8,8,8,8,8,8","0.00101804733276367","fast_greedy","edit-xhwikibooks.graphml"
"0.6","0.22","0.18","0.729336734693877","1,1,1,1,1,2,1,5,2,2,1,4,5,5,5,2,2,1,7,4,3,6,5,5,5,5,5,2,1,2,1,7,4,4,7,7,8,5,3,3,3,3,6,6,6,6,3,6,6,6,3,3,3,3,3,6,6,6,6,3,9,3,3,5,5,3,3,3,3,3,6,3,5,5,3,3,3,3,3,3,3,5,2,2,2,10,3,3,3,3,11,12,13,3,3,3,2,3,3,3,3,3,3,3,3,3,3,4,4,4,3,3,3,7,7,7,7,7,7,7,7,8,8,8,8,8,8,8,8","0.000977039337158203","fast_greedy","edit-xhwikibooks.graphml"
"0.59","0.23","0.18","0.729336734693877","1,1,1,1,1,2,1,5,2,2,1,4,5,5,5,2,2,1,7,4,3,6,5,5,5,5,5,2,1,2,1,7,4,4,7,7,8,5,3,3,3,3,6,6,6,6,3,6,6,6,3,3,3,3,3,6,6,6,6,3,9,3,3,5,5,3,3,3,3,3,6,3,5,5,3,3,3,3,3,3,3,5,2,2,2,10,3,3,3,3,11,12,13,3,3,3,2,3,3,3,3,3,3,3,3,3,3,4,4,4,3,3,3,7,7,7,7,7,7,7,7,8,8,8,8,8,8,8,8","0.00096893310546875","fast_greedy","edit-xhwikibooks.graphml"
"0.58","0.24","0.18","0.729336734693877","1,1,1,1,1,2,1,5,2,2,1,4,5,5,5,2,2,1,7,4,3,6,5,5,5,5,5,2,1,2,1,7,4,4,7,7,8,5,3,3,3,3,6,6,6,6,3,6,6,6,3,3,3,3,3,6,6,6,6,3,9,3,3,5,5,3,3,3,3,3,6,3,5,5,3,3,3,3,3,3,3,5,2,2,2,10,3,3,3,3,11,12,13,3,3,3,2,3,3,3,3,3,3,3,3,3,3,4,4,4,3,3,3,7,7,7,7,7,7,7,7,8,8,8,8,8,8,8,8","0.000952005386352539","fast_greedy","edit-xhwikibooks.graphml"
"0.57","0.25","0.18","0.729336734693877","1,1,1,1,1,2,1,5,2,2,1,4,5,5,5,2,2,1,7,4,3,6,5,5,5,5,5,2,1,2,1,7,4,4,7,7,8,5,3,3,3,3,6,6,6,6,3,6,6,6,3,3,3,3,3,6,6,6,6,3,9,3,3,5,5,3,3,3,3,3,6,3,5,5,3,3,3,3,3,3,3,5,2,2,2,10,3,3,3,3,11,12,13,3,3,3,2,3,3,3,3,3,3,3,3,3,3,4,4,4,3,3,3,7,7,7,7,7,7,7,7,8,8,8,8,8,8,8,8","0.000974893569946289","fast_greedy","edit-xhwikibooks.graphml"
"0.56","0.26","0.18","0.729336734693877","1,1,1,1,1,2,1,5,2,2,1,4,5,5,5,2,2,1,7,4,3,6,5,5,5,5,5,2,1,2,1,7,4,4,7,7,8,5,3,3,3,3,6,6,6,6,3,6,6,6,3,3,3,3,3,6,6,6,6,3,9,3,3,5,5,3,3,3,3,3,6,3,5,5,3,3,3,3,3,3,3,5,2,2,2,10,3,3,3,3,11,12,13,3,3,3,2,3,3,3,3,3,3,3,3,3,3,4,4,4,3,3,3,7,7,7,7,7,7,7,7,8,8,8,8,8,8,8,8","0.000957012176513672","fast_greedy","edit-xhwikibooks.graphml"
"0.55","0.27","0.18","0.729336734693877","1,1,1,1,1,2,1,5,2,2,1,4,5,5,5,2,2,1,7,4,3,6,5,5,5,5,5,2,1,2,1,7,4,4,7,7,8,5,3,3,3,3,6,6,6,6,3,6,6,6,3,3,3,3,3,6,6,6,6,3,9,3,3,5,5,3,3,3,3,3,6,3,5,5,3,3,3,3,3,3,3,5,2,2,2,10,3,3,3,3,11,12,13,3,3,3,2,3,3,3,3,3,3,3,3,3,3,4,4,4,3,3,3,7,7,7,7,7,7,7,7,8,8,8,8,8,8,8,8","0.000962018966674805","fast_greedy","edit-xhwikibooks.graphml"
"0.54","0.28","0.18","0.729336734693877","1,1,1,1,1,2,1,5,2,2,1,4,5,5,5,2,2,1,7,4,3,6,5,5,5,5,5,2,1,2,1,7,4,4,7,7,8,5,3,3,3,3,6,6,6,6,3,6,6,6,3,3,3,3,3,6,6,6,6,3,9,3,3,5,5,3,3,3,3,3,6,3,5,5,3,3,3,3,3,3,3,5,2,2,2,10,3,3,3,3,11,12,13,3,3,3,2,3,3,3,3,3,3,3,3,3,3,4,4,4,3,3,3,7,7,7,7,7,7,7,7,8,8,8,8,8,8,8,8","0.000955104827880859","fast_greedy","edit-xhwikibooks.graphml"
"0.53","0.29","0.18","0.729336734693877","1,1,1,1,1,2,1,5,2,2,1,4,5,5,5,2,2,1,7,4,3,6,5,5,5,5,5,2,1,2,1,7,4,4,7,7,8,5,3,3,3,3,6,6,6,6,3,6,6,6,3,3,3,3,3,6,6,6,6,3,9,3,3,5,5,3,3,3,3,3,6,3,5,5,3,3,3,3,3,3,3,5,2,2,2,10,3,3,3,3,11,12,13,3,3,3,2,3,3,3,3,3,3,3,3,3,3,4,4,4,3,3,3,7,7,7,7,7,7,7,7,8,8,8,8,8,8,8,8","0.000982046127319336","fast_greedy","edit-xhwikibooks.graphml"
"0.52","0.3","0.18","0.729336734693877","1,1,1,1,1,2,1,5,2,2,1,4,5,5,5,2,2,1,7,4,3,6,5,5,5,5,5,2,1,2,1,7,4,4,7,7,8,5,3,3,3,3,6,6,6,6,3,6,6,6,3,3,3,3,3,6,6,6,6,3,9,3,3,5,5,3,3,3,3,3,6,3,5,5,3,3,3,3,3,3,3,5,2,2,2,10,3,3,3,3,11,12,13,3,3,3,2,3,3,3,3,3,3,3,3,3,3,4,4,4,3,3,3,7,7,7,7,7,7,7,7,8,8,8,8,8,8,8,8","0.000993013381958008","fast_greedy","edit-xhwikibooks.graphml"
"0.51","0.31","0.18","0.729336734693877","1,1,1,1,1,2,1,5,2,2,1,4,5,5,5,2,2,1,7,4,3,6,5,5,5,5,5,2,1,2,1,7,4,4,7,7,8,5,3,3,3,3,6,6,6,6,3,6,6,6,3,3,3,3,3,6,6,6,6,3,9,3,3,5,5,3,3,3,3,3,6,3,5,5,3,3,3,3,3,3,3,5,2,2,2,10,3,3,3,3,11,12,13,3,3,3,2,3,3,3,3,3,3,3,3,3,3,4,4,4,3,3,3,7,7,7,7,7,7,7,7,8,8,8,8,8,8,8,8","0.000980854034423828","fast_greedy","edit-xhwikibooks.graphml"
"0.5","0.32","0.18","0.729336734693877","1,1,1,1,1,2,1,5,2,2,1,4,5,5,5,2,2,1,7,4,3,6,5,5,5,5,5,2,1,2,1,7,4,4,7,7,8,5,3,3,3,3,6,6,6,6,3,6,6,6,3,3,3,3,3,6,6,6,6,3,9,3,3,5,5,3,3,3,3,3,6,3,5,5,3,3,3,3,3,3,3,5,2,2,2,10,3,3,3,3,11,12,13,3,3,3,2,3,3,3,3,3,3,3,3,3,3,4,4,4,3,3,3,7,7,7,7,7,7,7,7,8,8,8,8,8,8,8,8","0.00123286247253418","fast_greedy","edit-xhwikibooks.graphml"
"0.49","0.33","0.18","0.729336734693877","1,1,1,1,1,2,1,5,2,2,1,4,5,5,5,2,2,1,7,4,3,6,5,5,5,5,5,2,1,2,1,7,4,4,7,7,8,5,3,3,3,3,6,6,6,6,3,6,6,6,3,3,3,3,3,6,6,6,6,3,9,3,3,5,5,3,3,3,3,3,6,3,5,5,3,3,3,3,3,3,3,5,2,2,2,10,3,3,3,3,11,12,13,3,3,3,2,3,3,3,3,3,3,3,3,3,3,4,4,4,3,3,3,7,7,7,7,7,7,7,7,8,8,8,8,8,8,8,8","0.000941991806030273","fast_greedy","edit-xhwikibooks.graphml"
"0.48","0.34","0.18","0.730496453900709","1,1,1,1,1,2,1,4,2,2,1,5,4,4,4,2,2,1,7,5,3,6,4,4,4,4,4,2,1,2,1,7,5,5,7,7,8,4,3,3,3,3,6,6,6,6,3,6,6,6,3,3,3,3,3,6,6,6,6,3,9,3,3,4,4,3,3,3,3,3,6,3,4,4,3,3,3,3,3,3,3,4,2,2,2,10,3,3,3,3,11,12,13,3,3,3,2,3,3,3,3,3,3,3,3,3,3,5,5,5,3,3,3,7,7,7,7,7,7,7,7,8,8,8,8,8,8,8,8","0.000953197479248047","fast_greedy","edit-xhwikibooks.graphml"
"0.47","0.35","0.18","0.730496453900709","1,1,1,1,1,2,1,4,2,2,1,5,4,4,4,2,2,1,7,5,3,6,4,4,4,4,4,2,1,2,1,7,5,5,7,7,8,4,3,3,3,3,6,6,6,6,3,6,6,6,3,3,3,3,3,6,6,6,6,3,9,3,3,4,4,3,3,3,3,3,6,3,4,4,3,3,3,3,3,3,3,4,2,2,2,10,3,3,3,3,11,12,13,3,3,3,2,3,3,3,3,3,3,3,3,3,3,5,5,5,3,3,3,7,7,7,7,7,7,7,7,8,8,8,8,8,8,8,8","0.000956058502197266","fast_greedy","edit-xhwikibooks.graphml"
"0.46","0.36","0.18","0.730496453900709","1,1,1,1,1,2,1,4,2,2,1,5,4,4,4,2,2,1,7,5,3,6,4,4,4,4,4,2,1,2,1,7,5,5,7,7,8,4,3,3,3,3,6,6,6,6,3,6,6,6,3,3,3,3,3,6,6,6,6,3,9,3,3,4,4,3,3,3,3,3,6,3,4,4,3,3,3,3,3,3,3,4,2,2,2,10,3,3,3,3,11,12,13,3,3,3,2,3,3,3,3,3,3,3,3,3,3,5,5,5,3,3,3,7,7,7,7,7,7,7,7,8,8,8,8,8,8,8,8","0.000967025756835938","fast_greedy","edit-xhwikibooks.graphml"
"0.45","0.37","0.18","0.714497989627644","1,1,1,1,1,4,1,6,4,4,3,1,6,6,6,4,8,3,3,1,2,5,6,6,6,6,6,4,1,9,10,3,1,1,3,3,7,6,2,2,2,2,5,5,5,5,2,5,5,5,2,2,2,2,2,5,5,5,5,2,11,2,2,12,13,2,2,2,2,2,5,2,6,6,2,2,2,2,2,2,2,14,4,4,4,15,2,2,2,2,16,17,18,2,2,2,19,2,2,2,2,2,2,2,2,2,2,20,21,2,2,2,2,3,3,3,3,3,3,3,3,7,7,7,7,7,7,7,7","0.000964879989624023","fast_greedy","edit-xhwikibooks.graphml"
"0.44","0.38","0.18","0.714497989627644","1,1,1,1,1,4,1,6,4,4,3,1,6,6,6,4,8,3,3,1,2,5,6,6,6,6,6,4,1,9,10,3,1,1,3,3,7,6,2,2,2,2,5,5,5,5,2,5,5,5,2,2,2,2,2,5,5,5,5,2,11,2,2,12,13,2,2,2,2,2,5,2,6,6,2,2,2,2,2,2,2,14,4,4,4,15,2,2,2,2,16,17,18,2,2,2,19,2,2,2,2,2,2,2,2,2,2,20,21,2,2,2,2,3,3,3,3,3,3,3,3,7,7,7,7,7,7,7,7","0.000988006591796875","fast_greedy","edit-xhwikibooks.graphml"
"0.43","0.39","0.18","0.714497989627644","1,1,1,1,1,4,1,6,4,4,3,1,6,6,6,4,8,3,3,1,2,5,6,6,6,6,6,4,1,9,10,3,1,1,3,3,7,6,2,2,2,2,5,5,5,5,2,5,5,5,2,2,2,2,2,5,5,5,5,2,11,2,2,12,13,2,2,2,2,2,5,2,6,6,2,2,2,2,2,2,2,14,4,4,4,15,2,2,2,2,16,17,18,2,2,2,19,2,2,2,2,2,2,2,2,2,2,20,21,2,2,2,2,3,3,3,3,3,3,3,3,7,7,7,7,7,7,7,7","0.000984907150268555","fast_greedy","edit-xhwikibooks.graphml"
"0.42","0.4","0.18","0.714497989627644","1,1,1,1,1,4,1,6,4,4,3,1,6,6,6,4,8,3,3,1,2,5,6,6,6,6,6,4,1,9,10,3,1,1,3,3,7,6,2,2,2,2,5,5,5,5,2,5,5,5,2,2,2,2,2,5,5,5,5,2,11,2,2,12,13,2,2,2,2,2,5,2,6,6,2,2,2,2,2,2,2,14,4,4,4,15,2,2,2,2,16,17,18,2,2,2,19,2,2,2,2,2,2,2,2,2,2,20,21,2,2,2,2,3,3,3,3,3,3,3,3,7,7,7,7,7,7,7,7","0.000976085662841797","fast_greedy","edit-xhwikibooks.graphml"
"0.41","0.41","0.18","0.714497989627644","1,1,1,1,1,4,1,6,4,4,3,1,6,6,6,4,8,3,3,1,2,5,6,6,6,6,6,4,1,9,10,3,1,1,3,3,7,6,2,2,2,2,5,5,5,5,2,5,5,5,2,2,2,2,2,5,5,5,5,2,11,2,2,12,13,2,2,2,2,2,5,2,6,6,2,2,2,2,2,2,2,14,4,4,4,15,2,2,2,2,16,17,18,2,2,2,19,2,2,2,2,2,2,2,2,2,2,20,21,2,2,2,2,3,3,3,3,3,3,3,3,7,7,7,7,7,7,7,7","0.000986099243164062","fast_greedy","edit-xhwikibooks.graphml"
"0.4","0.42","0.18","0.714497989627644","1,1,1,1,1,4,1,6,4,4,3,1,6,6,6,4,8,3,3,1,2,5,6,6,6,6,6,4,1,9,10,3,1,1,3,3,7,6,2,2,2,2,5,5,5,5,2,5,5,5,2,2,2,2,2,5,5,5,5,2,11,2,2,12,13,2,2,2,2,2,5,2,6,6,2,2,2,2,2,2,2,14,4,4,4,15,2,2,2,2,16,17,18,2,2,2,19,2,2,2,2,2,2,2,2,2,2,20,21,2,2,2,2,3,3,3,3,3,3,3,3,7,7,7,7,7,7,7,7","0.000993967056274414","fast_greedy","edit-xhwikibooks.graphml"
"0.39","0.43","0.18","0.714497989627644","1,1,1,1,1,4,1,6,4,4,3,1,6,6,6,4,8,3,3,1,2,5,6,6,6,6,6,4,1,9,10,3,1,1,3,3,7,6,2,2,2,2,5,5,5,5,2,5,5,5,2,2,2,2,2,5,5,5,5,2,11,2,2,12,13,2,2,2,2,2,5,2,6,6,2,2,2,2,2,2,2,14,4,4,4,15,2,2,2,2,16,17,18,2,2,2,19,2,2,2,2,2,2,2,2,2,2,20,21,2,2,2,2,3,3,3,3,3,3,3,3,7,7,7,7,7,7,7,7","0.00104689598083496","fast_greedy","edit-xhwikibooks.graphml"
"0.38","0.44","0.18","0.714497989627644","1,1,1,1,1,4,1,6,4,4,3,1,6,6,6,4,8,3,3,1,2,5,6,6,6,6,6,4,1,9,10,3,1,1,3,3,7,6,2,2,2,2,5,5,5,5,2,5,5,5,2,2,2,2,2,5,5,5,5,2,11,2,2,12,13,2,2,2,2,2,5,2,6,6,2,2,2,2,2,2,2,14,4,4,4,15,2,2,2,2,16,17,18,2,2,2,19,2,2,2,2,2,2,2,2,2,2,20,21,2,2,2,2,3,3,3,3,3,3,3,3,7,7,7,7,7,7,7,7","0.00112414360046387","fast_greedy","edit-xhwikibooks.graphml"
"0.37","0.45","0.18","0.714497989627644","1,1,1,1,1,4,1,6,4,4,3,1,6,6,6,4,8,3,3,1,2,5,6,6,6,6,6,4,1,9,10,3,1,1,3,3,7,6,2,2,2,2,5,5,5,5,2,5,5,5,2,2,2,2,2,5,5,5,5,2,11,2,2,12,13,2,2,2,2,2,5,2,6,6,2,2,2,2,2,2,2,14,4,4,4,15,2,2,2,2,16,17,18,2,2,2,19,2,2,2,2,2,2,2,2,2,2,20,21,2,2,2,2,3,3,3,3,3,3,3,3,7,7,7,7,7,7,7,7","0.000932931900024414","fast_greedy","edit-xhwikibooks.graphml"
"0.36","0.46","0.18","0.714497989627644","1,1,1,1,1,4,1,6,4,4,3,1,6,6,6,4,8,3,3,1,2,5,6,6,6,6,6,4,1,9,10,3,1,1,3,3,7,6,2,2,2,2,5,5,5,5,2,5,5,5,2,2,2,2,2,5,5,5,5,2,11,2,2,12,13,2,2,2,2,2,5,2,6,6,2,2,2,2,2,2,2,14,4,4,4,15,2,2,2,2,16,17,18,2,2,2,19,2,2,2,2,2,2,2,2,2,2,20,21,2,2,2,2,3,3,3,3,3,3,3,3,7,7,7,7,7,7,7,7","0.000944137573242188","fast_greedy","edit-xhwikibooks.graphml"
"0.35","0.47","0.18","0.714497989627644","1,1,1,1,1,4,1,6,4,4,3,1,6,6,6,4,8,3,3,1,2,5,6,6,6,6,6,4,1,9,10,3,1,1,3,3,7,6,2,2,2,2,5,5,5,5,2,5,5,5,2,2,2,2,2,5,5,5,5,2,11,2,2,12,13,2,2,2,2,2,5,2,6,6,2,2,2,2,2,2,2,14,4,4,4,15,2,2,2,2,16,17,18,2,2,2,19,2,2,2,2,2,2,2,2,2,2,20,21,2,2,2,2,3,3,3,3,3,3,3,3,7,7,7,7,7,7,7,7","0.000946998596191406","fast_greedy","edit-xhwikibooks.graphml"
"0.34","0.48","0.18","0.714497989627644","1,1,1,1,1,4,1,6,4,4,3,1,6,6,6,4,8,3,3,1,2,5,6,6,6,6,6,4,1,9,10,3,1,1,3,3,7,6,2,2,2,2,5,5,5,5,2,5,5,5,2,2,2,2,2,5,5,5,5,2,11,2,2,12,13,2,2,2,2,2,5,2,6,6,2,2,2,2,2,2,2,14,4,4,4,15,2,2,2,2,16,17,18,2,2,2,19,2,2,2,2,2,2,2,2,2,2,20,21,2,2,2,2,3,3,3,3,3,3,3,3,7,7,7,7,7,7,7,7","0.000957012176513672","fast_greedy","edit-xhwikibooks.graphml"
"0.33","0.49","0.18","0.714497989627644","1,1,1,1,1,4,1,6,4,4,3,1,6,6,6,4,8,3,3,1,2,5,6,6,6,6,6,4,1,9,10,3,1,1,3,3,7,6,2,2,2,2,5,5,5,5,2,5,5,5,2,2,2,2,2,5,5,5,5,2,11,2,2,12,13,2,2,2,2,2,5,2,6,6,2,2,2,2,2,2,2,14,4,4,4,15,2,2,2,2,16,17,18,2,2,2,19,2,2,2,2,2,2,2,2,2,2,20,21,2,2,2,2,3,3,3,3,3,3,3,3,7,7,7,7,7,7,7,7","0.000967979431152344","fast_greedy","edit-xhwikibooks.graphml"
"0.32","0.5","0.18","0.729573264330512","1,1,1,1,2,1,2,6,1,1,2,2,6,6,6,1,8,2,2,2,3,4,6,6,6,6,6,1,1,9,10,2,2,2,5,5,7,6,3,3,3,3,4,4,4,4,3,4,4,4,3,3,3,3,3,4,4,4,4,3,11,3,3,12,13,3,3,3,3,3,4,3,6,6,3,3,3,3,3,3,3,14,1,1,1,15,3,3,3,3,16,17,18,3,3,3,19,3,3,3,3,3,3,3,3,3,3,20,21,3,3,3,3,5,5,5,5,5,5,5,5,7,7,7,7,7,7,7,7","0.000988006591796875","fast_greedy","edit-xhwikibooks.graphml"
"0.31","0.51","0.18","0.729573264330512","1,1,1,1,2,1,2,6,1,1,2,2,6,6,6,1,8,2,2,2,3,4,6,6,6,6,6,1,1,9,10,2,2,2,5,5,7,6,3,3,3,3,4,4,4,4,3,4,4,4,3,3,3,3,3,4,4,4,4,3,11,3,3,12,13,3,3,3,3,3,4,3,6,6,3,3,3,3,3,3,3,14,1,1,1,15,3,3,3,3,16,17,18,3,3,3,19,3,3,3,3,3,3,3,3,3,3,20,21,3,3,3,3,5,5,5,5,5,5,5,5,7,7,7,7,7,7,7,7","0.000960111618041992","fast_greedy","edit-xhwikibooks.graphml"
"0.3","0.52","0.18","0.729573264330512","1,1,1,1,2,1,2,6,1,1,2,2,6,6,6,1,8,2,2,2,3,4,6,6,6,6,6,1,1,9,10,2,2,2,5,5,7,6,3,3,3,3,4,4,4,4,3,4,4,4,3,3,3,3,3,4,4,4,4,3,11,3,3,12,13,3,3,3,3,3,4,3,6,6,3,3,3,3,3,3,3,14,1,1,1,15,3,3,3,3,16,17,18,3,3,3,19,3,3,3,3,3,3,3,3,3,3,20,21,3,3,3,3,5,5,5,5,5,5,5,5,7,7,7,7,7,7,7,7","0.000975847244262695","fast_greedy","edit-xhwikibooks.graphml"
"0.29","0.53","0.18","0.729573264330512","1,1,1,1,2,1,2,6,1,1,2,2,6,6,6,1,8,2,2,2,3,4,6,6,6,6,6,1,1,9,10,2,2,2,5,5,7,6,3,3,3,3,4,4,4,4,3,4,4,4,3,3,3,3,3,4,4,4,4,3,11,3,3,12,13,3,3,3,3,3,4,3,6,6,3,3,3,3,3,3,3,14,1,1,1,15,3,3,3,3,16,17,18,3,3,3,19,3,3,3,3,3,3,3,3,3,3,20,21,3,3,3,3,5,5,5,5,5,5,5,5,7,7,7,7,7,7,7,7","0.000988006591796875","fast_greedy","edit-xhwikibooks.graphml"
"0.28","0.54","0.18","0.729573264330512","1,1,1,1,2,1,2,6,1,1,2,2,6,6,6,1,8,2,2,2,3,4,6,6,6,6,6,1,1,9,10,2,2,2,5,5,7,6,3,3,3,3,4,4,4,4,3,4,4,4,3,3,3,3,3,4,4,4,4,3,11,3,3,12,13,3,3,3,3,3,4,3,6,6,3,3,3,3,3,3,3,14,1,1,1,15,3,3,3,3,16,17,18,3,3,3,19,3,3,3,3,3,3,3,3,3,3,20,21,3,3,3,3,5,5,5,5,5,5,5,5,7,7,7,7,7,7,7,7","0.00100588798522949","fast_greedy","edit-xhwikibooks.graphml"
"0.27","0.55","0.18","0.715035430763493","1,1,1,2,7,2,4,2,2,2,4,8,2,2,2,2,9,10,4,6,3,1,11,2,2,2,2,2,1,12,13,14,6,15,4,4,5,2,3,3,3,3,1,1,1,1,3,1,1,1,3,3,3,3,3,1,1,1,1,3,16,3,3,17,18,3,3,3,3,3,1,3,19,20,3,3,3,3,3,3,3,21,22,23,24,25,3,3,3,3,26,27,28,3,3,3,29,3,3,3,3,3,3,3,3,3,3,30,31,3,3,3,3,4,4,4,4,4,4,4,4,5,5,5,5,5,5,5,5","0.00109601020812988","fast_greedy","edit-xhwikibooks.graphml"
"0.26","0.56","0.18","0.715035430763493","1,1,1,2,7,2,4,2,2,2,4,8,2,2,2,2,9,10,4,6,3,1,11,2,2,2,2,2,1,12,13,14,6,15,4,4,5,2,3,3,3,3,1,1,1,1,3,1,1,1,3,3,3,3,3,1,1,1,1,3,16,3,3,17,18,3,3,3,3,3,1,3,19,20,3,3,3,3,3,3,3,21,22,23,24,25,3,3,3,3,26,27,28,3,3,3,29,3,3,3,3,3,3,3,3,3,3,30,31,3,3,3,3,4,4,4,4,4,4,4,4,5,5,5,5,5,5,5,5","0.00106501579284668","fast_greedy","edit-xhwikibooks.graphml"
"0.25","0.57","0.18","0.715035430763493","1,1,1,2,7,2,4,2,2,2,4,8,2,2,2,2,9,10,4,6,3,1,11,2,2,2,2,2,1,12,13,14,6,15,4,4,5,2,3,3,3,3,1,1,1,1,3,1,1,1,3,3,3,3,3,1,1,1,1,3,16,3,3,17,18,3,3,3,3,3,1,3,19,20,3,3,3,3,3,3,3,21,22,23,24,25,3,3,3,3,26,27,28,3,3,3,29,3,3,3,3,3,3,3,3,3,3,30,31,3,3,3,3,4,4,4,4,4,4,4,4,5,5,5,5,5,5,5,5","0.00124406814575195","fast_greedy","edit-xhwikibooks.graphml"
"0.24","0.58","0.18","0.715035430763493","1,1,1,2,7,2,4,2,2,2,4,8,2,2,2,2,9,10,4,6,3,1,11,2,2,2,2,2,1,12,13,14,6,15,4,4,5,2,3,3,3,3,1,1,1,1,3,1,1,1,3,3,3,3,3,1,1,1,1,3,16,3,3,17,18,3,3,3,3,3,1,3,19,20,3,3,3,3,3,3,3,21,22,23,24,25,3,3,3,3,26,27,28,3,3,3,29,3,3,3,3,3,3,3,3,3,3,30,31,3,3,3,3,4,4,4,4,4,4,4,4,5,5,5,5,5,5,5,5","0.00102710723876953","fast_greedy","edit-xhwikibooks.graphml"
"0.23","0.59","0.18","0.715035430763493","1,1,1,2,7,2,4,2,2,2,4,8,2,2,2,2,9,10,4,6,3,1,11,2,2,2,2,2,1,12,13,14,6,15,4,4,5,2,3,3,3,3,1,1,1,1,3,1,1,1,3,3,3,3,3,1,1,1,1,3,16,3,3,17,18,3,3,3,3,3,1,3,19,20,3,3,3,3,3,3,3,21,22,23,24,25,3,3,3,3,26,27,28,3,3,3,29,3,3,3,3,3,3,3,3,3,3,30,31,3,3,3,3,4,4,4,4,4,4,4,4,5,5,5,5,5,5,5,5","0.000972986221313477","fast_greedy","edit-xhwikibooks.graphml"
"0.22","0.6","0.18","0.715035430763493","1,1,1,2,7,2,4,2,2,2,4,8,2,2,2,2,9,10,4,6,3,1,11,2,2,2,2,2,1,12,13,14,6,15,4,4,5,2,3,3,3,3,1,1,1,1,3,1,1,1,3,3,3,3,3,1,1,1,1,3,16,3,3,17,18,3,3,3,3,3,1,3,19,20,3,3,3,3,3,3,3,21,22,23,24,25,3,3,3,3,26,27,28,3,3,3,29,3,3,3,3,3,3,3,3,3,3,30,31,3,3,3,3,4,4,4,4,4,4,4,4,5,5,5,5,5,5,5,5","0.00103592872619629","fast_greedy","edit-xhwikibooks.graphml"
"0.21","0.61","0.18","0.715035430763493","1,1,1,2,7,2,4,2,2,2,4,8,2,2,2,2,9,10,4,6,3,1,11,2,2,2,2,2,1,12,13,14,6,15,4,4,5,2,3,3,3,3,1,1,1,1,3,1,1,1,3,3,3,3,3,1,1,1,1,3,16,3,3,17,18,3,3,3,3,3,1,3,19,20,3,3,3,3,3,3,3,21,22,23,24,25,3,3,3,3,26,27,28,3,3,3,29,3,3,3,3,3,3,3,3,3,3,30,31,3,3,3,3,4,4,4,4,4,4,4,4,5,5,5,5,5,5,5,5","0.000943899154663086","fast_greedy","edit-xhwikibooks.graphml"
"0.2","0.62","0.18","0.715035430763493","1,1,1,2,7,2,4,2,2,2,4,8,2,2,2,2,9,10,4,6,3,1,11,2,2,2,2,2,1,12,13,14,6,15,4,4,5,2,3,3,3,3,1,1,1,1,3,1,1,1,3,3,3,3,3,1,1,1,1,3,16,3,3,17,18,3,3,3,3,3,1,3,19,20,3,3,3,3,3,3,3,21,22,23,24,25,3,3,3,3,26,27,28,3,3,3,29,3,3,3,3,3,3,3,3,3,3,30,31,3,3,3,3,4,4,4,4,4,4,4,4,5,5,5,5,5,5,5,5","0.000965118408203125","fast_greedy","edit-xhwikibooks.graphml"
"0.19","0.63","0.18","0.715035430763493","1,1,1,2,7,2,4,2,2,2,4,8,2,2,2,2,9,10,4,6,3,1,11,2,2,2,2,2,1,12,13,14,6,15,4,4,5,2,3,3,3,3,1,1,1,1,3,1,1,1,3,3,3,3,3,1,1,1,1,3,16,3,3,17,18,3,3,3,3,3,1,3,19,20,3,3,3,3,3,3,3,21,22,23,24,25,3,3,3,3,26,27,28,3,3,3,29,3,3,3,3,3,3,3,3,3,3,30,31,3,3,3,3,4,4,4,4,4,4,4,4,5,5,5,5,5,5,5,5","0.0241210460662842","fast_greedy","edit-xhwikibooks.graphml"
"0.18","0.64","0.18","0.715035430763493","1,1,1,2,7,2,4,2,2,2,4,8,2,2,2,2,9,10,4,6,3,1,11,2,2,2,2,2,1,12,13,14,6,15,4,4,5,2,3,3,3,3,1,1,1,1,3,1,1,1,3,3,3,3,3,1,1,1,1,3,16,3,3,17,18,3,3,3,3,3,1,3,19,20,3,3,3,3,3,3,3,21,22,23,24,25,3,3,3,3,26,27,28,3,3,3,29,3,3,3,3,3,3,3,3,3,3,30,31,3,3,3,3,4,4,4,4,4,4,4,4,5,5,5,5,5,5,5,5","0.00101304054260254","fast_greedy","edit-xhwikibooks.graphml"
"0.17","0.65","0.18","0.715035430763493","1,1,1,2,7,2,4,2,2,2,4,8,2,2,2,2,9,10,4,6,3,1,11,2,2,2,2,2,1,12,13,14,6,15,4,4,5,2,3,3,3,3,1,1,1,1,3,1,1,1,3,3,3,3,3,1,1,1,1,3,16,3,3,17,18,3,3,3,3,3,1,3,19,20,3,3,3,3,3,3,3,21,22,23,24,25,3,3,3,3,26,27,28,3,3,3,29,3,3,3,3,3,3,3,3,3,3,30,31,3,3,3,3,4,4,4,4,4,4,4,4,5,5,5,5,5,5,5,5","0.000921010971069336","fast_greedy","edit-xhwikibooks.graphml"
"0.16","0.66","0.18","0.715035430763493","1,1,1,2,7,2,4,2,2,2,4,8,2,2,2,2,9,10,4,6,3,1,11,2,2,2,2,2,1,12,13,14,6,15,4,4,5,2,3,3,3,3,1,1,1,1,3,1,1,1,3,3,3,3,3,1,1,1,1,3,16,3,3,17,18,3,3,3,3,3,1,3,19,20,3,3,3,3,3,3,3,21,22,23,24,25,3,3,3,3,26,27,28,3,3,3,29,3,3,3,3,3,3,3,3,3,3,30,31,3,3,3,3,4,4,4,4,4,4,4,4,5,5,5,5,5,5,5,5","0.000902891159057617","fast_greedy","edit-xhwikibooks.graphml"
"0.15","0.67","0.18","0.715035430763493","1,1,1,2,7,2,4,2,2,2,4,8,2,2,2,2,9,10,4,6,3,1,11,2,2,2,2,2,1,12,13,14,6,15,4,4,5,2,3,3,3,3,1,1,1,1,3,1,1,1,3,3,3,3,3,1,1,1,1,3,16,3,3,17,18,3,3,3,3,3,1,3,19,20,3,3,3,3,3,3,3,21,22,23,24,25,3,3,3,3,26,27,28,3,3,3,29,3,3,3,3,3,3,3,3,3,3,30,31,3,3,3,3,4,4,4,4,4,4,4,4,5,5,5,5,5,5,5,5","0.000895023345947266","fast_greedy","edit-xhwikibooks.graphml"
"0.14","0.68","0.18","0.715035430763493","1,1,1,2,7,2,4,2,2,2,4,8,2,2,2,2,9,10,4,6,3,1,11,2,2,2,2,2,1,12,13,14,6,15,4,4,5,2,3,3,3,3,1,1,1,1,3,1,1,1,3,3,3,3,3,1,1,1,1,3,16,3,3,17,18,3,3,3,3,3,1,3,19,20,3,3,3,3,3,3,3,21,22,23,24,25,3,3,3,3,26,27,28,3,3,3,29,3,3,3,3,3,3,3,3,3,3,30,31,3,3,3,3,4,4,4,4,4,4,4,4,5,5,5,5,5,5,5,5","0.000885009765625","fast_greedy","edit-xhwikibooks.graphml"
"0.13","0.69","0.18","0.715035430763493","1,1,1,2,7,2,4,2,2,2,4,8,2,2,2,2,9,10,4,6,3,1,11,2,2,2,2,2,1,12,13,14,6,15,4,4,5,2,3,3,3,3,1,1,1,1,3,1,1,1,3,3,3,3,3,1,1,1,1,3,16,3,3,17,18,3,3,3,3,3,1,3,19,20,3,3,3,3,3,3,3,21,22,23,24,25,3,3,3,3,26,27,28,3,3,3,29,3,3,3,3,3,3,3,3,3,3,30,31,3,3,3,3,4,4,4,4,4,4,4,4,5,5,5,5,5,5,5,5","0.000879049301147461","fast_greedy","edit-xhwikibooks.graphml"
"0.12","0.7","0.18","0.715035430763493","1,1,1,2,7,2,4,2,2,2,4,8,2,2,2,2,9,10,4,6,3,1,11,2,2,2,2,2,1,12,13,14,6,15,4,4,5,2,3,3,3,3,1,1,1,1,3,1,1,1,3,3,3,3,3,1,1,1,1,3,16,3,3,17,18,3,3,3,3,3,1,3,19,20,3,3,3,3,3,3,3,21,22,23,24,25,3,3,3,3,26,27,28,3,3,3,29,3,3,3,3,3,3,3,3,3,3,30,31,3,3,3,3,4,4,4,4,4,4,4,4,5,5,5,5,5,5,5,5","0.000885963439941406","fast_greedy","edit-xhwikibooks.graphml"
"0.11","0.71","0.18","0.715035430763493","1,1,1,2,7,2,4,2,2,2,4,8,2,2,2,2,9,10,4,6,3,1,11,2,2,2,2,2,1,12,13,14,6,15,4,4,5,2,3,3,3,3,1,1,1,1,3,1,1,1,3,3,3,3,3,1,1,1,1,3,16,3,3,17,18,3,3,3,3,3,1,3,19,20,3,3,3,3,3,3,3,21,22,23,24,25,3,3,3,3,26,27,28,3,3,3,29,3,3,3,3,3,3,3,3,3,3,30,31,3,3,3,3,4,4,4,4,4,4,4,4,5,5,5,5,5,5,5,5","0.000869989395141602","fast_greedy","edit-xhwikibooks.graphml"
"0.1","0.72","0.18","0.711043662285587","1,1,1,2,6,2,7,2,2,2,8,9,2,2,2,2,10,11,4,12,3,1,13,2,2,2,2,2,1,14,15,16,17,18,4,4,5,2,3,3,3,3,1,1,1,1,3,1,1,1,3,3,3,3,3,1,1,1,1,3,19,3,3,20,21,3,3,3,3,3,1,3,22,23,3,3,3,3,3,3,3,24,25,26,27,28,3,3,3,3,29,30,31,3,3,3,32,3,3,3,3,3,3,3,3,3,3,33,34,3,3,3,3,4,4,4,4,4,4,4,4,5,5,5,5,5,5,5,5","0.000913143157958984","fast_greedy","edit-xhwikibooks.graphml"
"0.09","0.73","0.18","0.711043662285587","1,1,1,2,6,2,7,2,2,2,8,9,2,2,2,2,10,11,4,12,3,1,13,2,2,2,2,2,1,14,15,16,17,18,4,4,5,2,3,3,3,3,1,1,1,1,3,1,1,1,3,3,3,3,3,1,1,1,1,3,19,3,3,20,21,3,3,3,3,3,1,3,22,23,3,3,3,3,3,3,3,24,25,26,27,28,3,3,3,3,29,30,31,3,3,3,32,3,3,3,3,3,3,3,3,3,3,33,34,3,3,3,3,4,4,4,4,4,4,4,4,5,5,5,5,5,5,5,5","0.000885009765625","fast_greedy","edit-xhwikibooks.graphml"
"0.08","0.74","0.18","0.711043662285587","1,1,1,2,6,2,7,2,2,2,8,9,2,2,2,2,10,11,4,12,3,1,13,2,2,2,2,2,1,14,15,16,17,18,4,4,5,2,3,3,3,3,1,1,1,1,3,1,1,1,3,3,3,3,3,1,1,1,1,3,19,3,3,20,21,3,3,3,3,3,1,3,22,23,3,3,3,3,3,3,3,24,25,26,27,28,3,3,3,3,29,30,31,3,3,3,32,3,3,3,3,3,3,3,3,3,3,33,34,3,3,3,3,4,4,4,4,4,4,4,4,5,5,5,5,5,5,5,5","0.000851869583129883","fast_greedy","edit-xhwikibooks.graphml"
"0.07","0.75","0.18","0.711043662285587","1,1,1,2,6,2,7,2,2,2,8,9,2,2,2,2,10,11,4,12,3,1,13,2,2,2,2,2,1,14,15,16,17,18,4,4,5,2,3,3,3,3,1,1,1,1,3,1,1,1,3,3,3,3,3,1,1,1,1,3,19,3,3,20,21,3,3,3,3,3,1,3,22,23,3,3,3,3,3,3,3,24,25,26,27,28,3,3,3,3,29,30,31,3,3,3,32,3,3,3,3,3,3,3,3,3,3,33,34,3,3,3,3,4,4,4,4,4,4,4,4,5,5,5,5,5,5,5,5","0.000957965850830078","fast_greedy","edit-xhwikibooks.graphml"
"0.06","0.76","0.18","0.711043662285587","1,1,1,2,6,2,7,2,2,2,8,9,2,2,2,2,10,11,4,12,3,1,13,2,2,2,2,2,1,14,15,16,17,18,4,4,5,2,3,3,3,3,1,1,1,1,3,1,1,1,3,3,3,3,3,1,1,1,1,3,19,3,3,20,21,3,3,3,3,3,1,3,22,23,3,3,3,3,3,3,3,24,25,26,27,28,3,3,3,3,29,30,31,3,3,3,32,3,3,3,3,3,3,3,3,3,3,33,34,3,3,3,3,4,4,4,4,4,4,4,4,5,5,5,5,5,5,5,5","0.00104403495788574","fast_greedy","edit-xhwikibooks.graphml"
"0.05","0.77","0.18","0.711043662285587","1,1,1,2,6,2,7,2,2,2,8,9,2,2,2,2,10,11,4,12,3,1,13,2,2,2,2,2,1,14,15,16,17,18,4,4,5,2,3,3,3,3,1,1,1,1,3,1,1,1,3,3,3,3,3,1,1,1,1,3,19,3,3,20,21,3,3,3,3,3,1,3,22,23,3,3,3,3,3,3,3,24,25,26,27,28,3,3,3,3,29,30,31,3,3,3,32,3,3,3,3,3,3,3,3,3,3,33,34,3,3,3,3,4,4,4,4,4,4,4,4,5,5,5,5,5,5,5,5","0.000860929489135742","fast_greedy","edit-xhwikibooks.graphml"
"0.04","0.78","0.18","0.711043662285587","1,1,1,2,6,2,7,2,2,2,8,9,2,2,2,2,10,11,4,12,3,1,13,2,2,2,2,2,1,14,15,16,17,18,4,4,5,2,3,3,3,3,1,1,1,1,3,1,1,1,3,3,3,3,3,1,1,1,1,3,19,3,3,20,21,3,3,3,3,3,1,3,22,23,3,3,3,3,3,3,3,24,25,26,27,28,3,3,3,3,29,30,31,3,3,3,32,3,3,3,3,3,3,3,3,3,3,33,34,3,3,3,3,4,4,4,4,4,4,4,4,5,5,5,5,5,5,5,5","0.000866889953613281","fast_greedy","edit-xhwikibooks.graphml"
"0.03","0.79","0.18","0.711043662285587","1,1,1,2,6,2,7,2,2,2,8,9,2,2,2,2,10,11,4,12,3,1,13,2,2,2,2,2,1,14,15,16,17,18,4,4,5,2,3,3,3,3,1,1,1,1,3,1,1,1,3,3,3,3,3,1,1,1,1,3,19,3,3,20,21,3,3,3,3,3,1,3,22,23,3,3,3,3,3,3,3,24,25,26,27,28,3,3,3,3,29,30,31,3,3,3,32,3,3,3,3,3,3,3,3,3,3,33,34,3,3,3,3,4,4,4,4,4,4,4,4,5,5,5,5,5,5,5,5","0.000885963439941406","fast_greedy","edit-xhwikibooks.graphml"
"0.02","0.8","0.18","0.711043662285587","1,1,1,2,6,2,7,2,2,2,8,9,2,2,2,2,10,11,4,12,3,1,13,2,2,2,2,2,1,14,15,16,17,18,4,4,5,2,3,3,3,3,1,1,1,1,3,1,1,1,3,3,3,3,3,1,1,1,1,3,19,3,3,20,21,3,3,3,3,3,1,3,22,23,3,3,3,3,3,3,3,24,25,26,27,28,3,3,3,3,29,30,31,3,3,3,32,3,3,3,3,3,3,3,3,3,3,33,34,3,3,3,3,4,4,4,4,4,4,4,4,5,5,5,5,5,5,5,5","0.000900983810424805","fast_greedy","edit-xhwikibooks.graphml"
"0.01","0.81","0.18","0.711043662285587","1,1,1,2,6,2,7,2,2,2,8,9,2,2,2,2,10,11,4,12,3,1,13,2,2,2,2,2,1,14,15,16,17,18,4,4,5,2,3,3,3,3,1,1,1,1,3,1,1,1,3,3,3,3,3,1,1,1,1,3,19,3,3,20,21,3,3,3,3,3,1,3,22,23,3,3,3,3,3,3,3,24,25,26,27,28,3,3,3,3,29,30,31,3,3,3,32,3,3,3,3,3,3,3,3,3,3,33,34,3,3,3,3,4,4,4,4,4,4,4,4,5,5,5,5,5,5,5,5","0.000876903533935547","fast_greedy","edit-xhwikibooks.graphml"
"0","0.82","0.18","0.699989940143856","3,3,3,1,3,1,6,1,1,1,7,8,1,1,1,1,9,10,4,11,2,3,12,1,1,1,1,1,3,13,14,15,16,17,4,4,5,1,2,2,2,2,3,3,3,3,2,3,3,3,2,2,2,2,2,3,3,3,3,2,18,2,2,19,20,2,2,2,2,2,3,2,21,22,2,2,2,2,2,2,2,23,24,25,26,27,2,2,2,2,28,29,30,2,2,2,31,2,2,2,2,2,2,2,2,2,2,32,33,2,2,2,2,4,4,4,4,4,4,4,4,5,5,5,5,5,5,5,5","0.000888824462890625","fast_greedy","edit-xhwikibooks.graphml"
"0.81","0","0.19","0.736207561728395","1,1,1,1,1,2,1,5,2,2,1,4,5,5,5,2,2,1,7,4,3,6,5,5,5,5,5,2,1,2,1,7,4,4,7,7,8,5,3,3,3,3,6,6,6,6,3,6,6,6,3,3,3,3,3,6,6,6,6,3,5,3,3,5,5,3,3,3,3,3,6,3,5,5,3,3,3,3,3,3,3,5,2,2,2,1,3,3,3,3,2,1,7,3,3,3,2,3,3,3,3,3,3,3,3,3,3,4,4,4,3,3,3,7,7,7,7,7,7,7,7,8,8,8,8,8,8,8,8","0.000923871994018555","fast_greedy","edit-xhwikibooks.graphml"
"0.8","0.01","0.19","0.736207561728395","1,1,1,1,1,2,1,5,2,2,1,4,5,5,5,2,2,1,7,4,3,6,5,5,5,5,5,2,1,2,1,7,4,4,7,7,8,5,3,3,3,3,6,6,6,6,3,6,6,6,3,3,3,3,3,6,6,6,6,3,5,3,3,5,5,3,3,3,3,3,6,3,5,5,3,3,3,3,3,3,3,5,2,2,2,1,3,3,3,3,2,1,7,3,3,3,2,3,3,3,3,3,3,3,3,3,3,4,4,4,3,3,3,7,7,7,7,7,7,7,7,8,8,8,8,8,8,8,8","0.000922203063964844","fast_greedy","edit-xhwikibooks.graphml"
"0.79","0.02","0.19","0.736207561728395","1,1,1,1,1,2,1,5,2,2,1,4,5,5,5,2,2,1,7,4,3,6,5,5,5,5,5,2,1,2,1,7,4,4,7,7,8,5,3,3,3,3,6,6,6,6,3,6,6,6,3,3,3,3,3,6,6,6,6,3,5,3,3,5,5,3,3,3,3,3,6,3,5,5,3,3,3,3,3,3,3,5,2,2,2,1,3,3,3,3,2,1,7,3,3,3,2,3,3,3,3,3,3,3,3,3,3,4,4,4,3,3,3,7,7,7,7,7,7,7,7,8,8,8,8,8,8,8,8","0.000944852828979492","fast_greedy","edit-xhwikibooks.graphml"
"0.78","0.03","0.19","0.736207561728395","1,1,1,1,1,2,1,5,2,2,1,4,5,5,5,2,2,1,7,4,3,6,5,5,5,5,5,2,1,2,1,7,4,4,7,7,8,5,3,3,3,3,6,6,6,6,3,6,6,6,3,3,3,3,3,6,6,6,6,3,5,3,3,5,5,3,3,3,3,3,6,3,5,5,3,3,3,3,3,3,3,5,2,2,2,1,3,3,3,3,2,1,7,3,3,3,2,3,3,3,3,3,3,3,3,3,3,4,4,4,3,3,3,7,7,7,7,7,7,7,7,8,8,8,8,8,8,8,8","0.000957012176513672","fast_greedy","edit-xhwikibooks.graphml"
"0.77","0.04","0.19","0.736207561728395","1,1,1,1,1,2,1,5,2,2,1,4,5,5,5,2,2,1,7,4,3,6,5,5,5,5,5,2,1,2,1,7,4,4,7,7,8,5,3,3,3,3,6,6,6,6,3,6,6,6,3,3,3,3,3,6,6,6,6,3,5,3,3,5,5,3,3,3,3,3,6,3,5,5,3,3,3,3,3,3,3,5,2,2,2,1,3,3,3,3,2,1,7,3,3,3,2,3,3,3,3,3,3,3,3,3,3,4,4,4,3,3,3,7,7,7,7,7,7,7,7,8,8,8,8,8,8,8,8","0.000973939895629883","fast_greedy","edit-xhwikibooks.graphml"
"0.76","0.05","0.19","0.736207561728395","1,1,1,1,1,2,1,5,2,2,1,4,5,5,5,2,2,1,7,4,3,6,5,5,5,5,5,2,1,2,1,7,4,4,7,7,8,5,3,3,3,3,6,6,6,6,3,6,6,6,3,3,3,3,3,6,6,6,6,3,5,3,3,5,5,3,3,3,3,3,6,3,5,5,3,3,3,3,3,3,3,5,2,2,2,1,3,3,3,3,2,1,7,3,3,3,2,3,3,3,3,3,3,3,3,3,3,4,4,4,3,3,3,7,7,7,7,7,7,7,7,8,8,8,8,8,8,8,8","0.00103116035461426","fast_greedy","edit-xhwikibooks.graphml"
"0.75","0.06","0.19","0.736207561728395","1,1,1,1,1,2,1,5,2,2,1,4,5,5,5,2,2,1,7,4,3,6,5,5,5,5,5,2,1,2,1,7,4,4,7,7,8,5,3,3,3,3,6,6,6,6,3,6,6,6,3,3,3,3,3,6,6,6,6,3,5,3,3,5,5,3,3,3,3,3,6,3,5,5,3,3,3,3,3,3,3,5,2,2,2,1,3,3,3,3,2,1,7,3,3,3,2,3,3,3,3,3,3,3,3,3,3,4,4,4,3,3,3,7,7,7,7,7,7,7,7,8,8,8,8,8,8,8,8","0.000904083251953125","fast_greedy","edit-xhwikibooks.graphml"
"0.74","0.07","0.19","0.736207561728395","1,1,1,1,1,2,1,5,2,2,1,4,5,5,5,2,2,1,7,4,3,6,5,5,5,5,5,2,1,2,1,7,4,4,7,7,8,5,3,3,3,3,6,6,6,6,3,6,6,6,3,3,3,3,3,6,6,6,6,3,5,3,3,5,5,3,3,3,3,3,6,3,5,5,3,3,3,3,3,3,3,5,2,2,2,1,3,3,3,3,2,1,7,3,3,3,2,3,3,3,3,3,3,3,3,3,3,4,4,4,3,3,3,7,7,7,7,7,7,7,7,8,8,8,8,8,8,8,8","0.00090789794921875","fast_greedy","edit-xhwikibooks.graphml"
"0.73","0.08","0.19","0.736207561728395","1,1,1,1,1,2,1,5,2,2,1,4,5,5,5,2,2,1,7,4,3,6,5,5,5,5,5,2,1,2,1,7,4,4,7,7,8,5,3,3,3,3,6,6,6,6,3,6,6,6,3,3,3,3,3,6,6,6,6,3,5,3,3,5,5,3,3,3,3,3,6,3,5,5,3,3,3,3,3,3,3,5,2,2,2,1,3,3,3,3,2,1,7,3,3,3,2,3,3,3,3,3,3,3,3,3,3,4,4,4,3,3,3,7,7,7,7,7,7,7,7,8,8,8,8,8,8,8,8","0.000906944274902344","fast_greedy","edit-xhwikibooks.graphml"
"0.72","0.09","0.19","0.736207561728395","1,1,1,1,1,2,1,5,2,2,1,4,5,5,5,2,2,1,7,4,3,6,5,5,5,5,5,2,1,2,1,7,4,4,7,7,8,5,3,3,3,3,6,6,6,6,3,6,6,6,3,3,3,3,3,6,6,6,6,3,5,3,3,5,5,3,3,3,3,3,6,3,5,5,3,3,3,3,3,3,3,5,2,2,2,1,3,3,3,3,2,1,7,3,3,3,2,3,3,3,3,3,3,3,3,3,3,4,4,4,3,3,3,7,7,7,7,7,7,7,7,8,8,8,8,8,8,8,8","0.000911951065063477","fast_greedy","edit-xhwikibooks.graphml"
"0.71","0.1","0.19","0.736207561728395","1,1,1,1,1,2,1,5,2,2,1,4,5,5,5,2,2,1,7,4,3,6,5,5,5,5,5,2,1,2,1,7,4,4,7,7,8,5,3,3,3,3,6,6,6,6,3,6,6,6,3,3,3,3,3,6,6,6,6,3,5,3,3,5,5,3,3,3,3,3,6,3,5,5,3,3,3,3,3,3,3,5,2,2,2,1,3,3,3,3,2,1,7,3,3,3,2,3,3,3,3,3,3,3,3,3,3,4,4,4,3,3,3,7,7,7,7,7,7,7,7,8,8,8,8,8,8,8,8","0.000926971435546875","fast_greedy","edit-xhwikibooks.graphml"
"0.7","0.11","0.19","0.736207561728395","1,1,1,1,1,2,1,5,2,2,1,4,5,5,5,2,2,1,7,4,3,6,5,5,5,5,5,2,1,2,1,7,4,4,7,7,8,5,3,3,3,3,6,6,6,6,3,6,6,6,3,3,3,3,3,6,6,6,6,3,5,3,3,5,5,3,3,3,3,3,6,3,5,5,3,3,3,3,3,3,3,5,2,2,2,1,3,3,3,3,2,1,7,3,3,3,2,3,3,3,3,3,3,3,3,3,3,4,4,4,3,3,3,7,7,7,7,7,7,7,7,8,8,8,8,8,8,8,8","0.000941038131713867","fast_greedy","edit-xhwikibooks.graphml"
"0.69","0.12","0.19","0.736207561728395","1,1,1,1,1,2,1,5,2,2,1,4,5,5,5,2,2,1,7,4,3,6,5,5,5,5,5,2,1,2,1,7,4,4,7,7,8,5,3,3,3,3,6,6,6,6,3,6,6,6,3,3,3,3,3,6,6,6,6,3,5,3,3,5,5,3,3,3,3,3,6,3,5,5,3,3,3,3,3,3,3,5,2,2,2,1,3,3,3,3,2,1,7,3,3,3,2,3,3,3,3,3,3,3,3,3,3,4,4,4,3,3,3,7,7,7,7,7,7,7,7,8,8,8,8,8,8,8,8","0.000960826873779297","fast_greedy","edit-xhwikibooks.graphml"
"0.68","0.13","0.19","0.736207561728395","1,1,1,1,1,2,1,5,2,2,1,4,5,5,5,2,2,1,7,4,3,6,5,5,5,5,5,2,1,2,1,7,4,4,7,7,8,5,3,3,3,3,6,6,6,6,3,6,6,6,3,3,3,3,3,6,6,6,6,3,5,3,3,5,5,3,3,3,3,3,6,3,5,5,3,3,3,3,3,3,3,5,2,2,2,1,3,3,3,3,2,1,7,3,3,3,2,3,3,3,3,3,3,3,3,3,3,4,4,4,3,3,3,7,7,7,7,7,7,7,7,8,8,8,8,8,8,8,8","0.000957012176513672","fast_greedy","edit-xhwikibooks.graphml"
"0.67","0.14","0.19","0.736207561728395","1,1,1,1,1,2,1,5,2,2,1,4,5,5,5,2,2,1,7,4,3,6,5,5,5,5,5,2,1,2,1,7,4,4,7,7,8,5,3,3,3,3,6,6,6,6,3,6,6,6,3,3,3,3,3,6,6,6,6,3,5,3,3,5,5,3,3,3,3,3,6,3,5,5,3,3,3,3,3,3,3,5,2,2,2,1,3,3,3,3,2,1,7,3,3,3,2,3,3,3,3,3,3,3,3,3,3,4,4,4,3,3,3,7,7,7,7,7,7,7,7,8,8,8,8,8,8,8,8","0.000959873199462891","fast_greedy","edit-xhwikibooks.graphml"
"0.66","0.15","0.19","0.736207561728395","1,1,1,1,1,2,1,5,2,2,1,4,5,5,5,2,2,1,7,4,3,6,5,5,5,5,5,2,1,2,1,7,4,4,7,7,8,5,3,3,3,3,6,6,6,6,3,6,6,6,3,3,3,3,3,6,6,6,6,3,5,3,3,5,5,3,3,3,3,3,6,3,5,5,3,3,3,3,3,3,3,5,2,2,2,1,3,3,3,3,2,1,7,3,3,3,2,3,3,3,3,3,3,3,3,3,3,4,4,4,3,3,3,7,7,7,7,7,7,7,7,8,8,8,8,8,8,8,8","0.000962972640991211","fast_greedy","edit-xhwikibooks.graphml"
"0.65","0.16","0.19","0.736207561728395","1,1,1,1,1,2,1,5,2,2,1,4,5,5,5,2,2,1,7,4,3,6,5,5,5,5,5,2,1,2,1,7,4,4,7,7,8,5,3,3,3,3,6,6,6,6,3,6,6,6,3,3,3,3,3,6,6,6,6,3,5,3,3,5,5,3,3,3,3,3,6,3,5,5,3,3,3,3,3,3,3,5,2,2,2,1,3,3,3,3,2,1,7,3,3,3,2,3,3,3,3,3,3,3,3,3,3,4,4,4,3,3,3,7,7,7,7,7,7,7,7,8,8,8,8,8,8,8,8","0.00101995468139648","fast_greedy","edit-xhwikibooks.graphml"
"0.64","0.17","0.19","0.737170035671819","1,1,1,1,1,2,1,4,2,2,1,5,4,4,4,2,2,1,7,5,3,6,4,4,4,4,4,2,1,2,1,7,5,5,7,7,8,4,3,3,3,3,6,6,6,6,3,6,6,6,3,3,3,3,3,6,6,6,6,3,4,3,3,4,4,3,3,3,3,3,6,3,4,4,3,3,3,3,3,3,3,4,2,2,2,1,3,3,3,3,2,1,7,3,3,3,2,3,3,3,3,3,3,3,3,3,3,5,5,5,3,3,3,7,7,7,7,7,7,7,7,8,8,8,8,8,8,8,8","0.000918149948120117","fast_greedy","edit-xhwikibooks.graphml"
"0.63","0.18","0.19","0.737170035671819","1,1,1,1,1,2,1,4,2,2,1,5,4,4,4,2,2,1,7,5,3,6,4,4,4,4,4,2,1,2,1,7,5,5,7,7,8,4,3,3,3,3,6,6,6,6,3,6,6,6,3,3,3,3,3,6,6,6,6,3,4,3,3,4,4,3,3,3,3,3,6,3,4,4,3,3,3,3,3,3,3,4,2,2,2,1,3,3,3,3,2,1,7,3,3,3,2,3,3,3,3,3,3,3,3,3,3,5,5,5,3,3,3,7,7,7,7,7,7,7,7,8,8,8,8,8,8,8,8","0.0011138916015625","fast_greedy","edit-xhwikibooks.graphml"
"0.62","0.19","0.19","0.737170035671819","1,1,1,1,1,2,1,4,2,2,1,5,4,4,4,2,2,1,7,5,3,6,4,4,4,4,4,2,1,2,1,7,5,5,7,7,8,4,3,3,3,3,6,6,6,6,3,6,6,6,3,3,3,3,3,6,6,6,6,3,4,3,3,4,4,3,3,3,3,3,6,3,4,4,3,3,3,3,3,3,3,4,2,2,2,1,3,3,3,3,2,1,7,3,3,3,2,3,3,3,3,3,3,3,3,3,3,5,5,5,3,3,3,7,7,7,7,7,7,7,7,8,8,8,8,8,8,8,8","0.000901937484741211","fast_greedy","edit-xhwikibooks.graphml"
"0.61","0.2","0.19","0.729336734693877","1,1,1,1,1,2,1,5,2,2,1,4,5,5,5,2,2,1,7,4,3,6,5,5,5,5,5,2,1,2,1,7,4,4,7,7,8,5,3,3,3,3,6,6,6,6,3,6,6,6,3,3,3,3,3,6,6,6,6,3,9,3,3,5,5,3,3,3,3,3,6,3,5,5,3,3,3,3,3,3,3,5,2,2,2,10,3,3,3,3,11,12,13,3,3,3,2,3,3,3,3,3,3,3,3,3,3,4,4,4,3,3,3,7,7,7,7,7,7,7,7,8,8,8,8,8,8,8,8","0.000926017761230469","fast_greedy","edit-xhwikibooks.graphml"
"0.6","0.21","0.19","0.729336734693877","1,1,1,1,1,2,1,5,2,2,1,4,5,5,5,2,2,1,7,4,3,6,5,5,5,5,5,2,1,2,1,7,4,4,7,7,8,5,3,3,3,3,6,6,6,6,3,6,6,6,3,3,3,3,3,6,6,6,6,3,9,3,3,5,5,3,3,3,3,3,6,3,5,5,3,3,3,3,3,3,3,5,2,2,2,10,3,3,3,3,11,12,13,3,3,3,2,3,3,3,3,3,3,3,3,3,3,4,4,4,3,3,3,7,7,7,7,7,7,7,7,8,8,8,8,8,8,8,8","0.000932931900024414","fast_greedy","edit-xhwikibooks.graphml"
"0.59","0.22","0.19","0.729336734693877","1,1,1,1,1,2,1,5,2,2,1,4,5,5,5,2,2,1,7,4,3,6,5,5,5,5,5,2,1,2,1,7,4,4,7,7,8,5,3,3,3,3,6,6,6,6,3,6,6,6,3,3,3,3,3,6,6,6,6,3,9,3,3,5,5,3,3,3,3,3,6,3,5,5,3,3,3,3,3,3,3,5,2,2,2,10,3,3,3,3,11,12,13,3,3,3,2,3,3,3,3,3,3,3,3,3,3,4,4,4,3,3,3,7,7,7,7,7,7,7,7,8,8,8,8,8,8,8,8","0.000937938690185547","fast_greedy","edit-xhwikibooks.graphml"
"0.58","0.23","0.19","0.729336734693877","1,1,1,1,1,2,1,5,2,2,1,4,5,5,5,2,2,1,7,4,3,6,5,5,5,5,5,2,1,2,1,7,4,4,7,7,8,5,3,3,3,3,6,6,6,6,3,6,6,6,3,3,3,3,3,6,6,6,6,3,9,3,3,5,5,3,3,3,3,3,6,3,5,5,3,3,3,3,3,3,3,5,2,2,2,10,3,3,3,3,11,12,13,3,3,3,2,3,3,3,3,3,3,3,3,3,3,4,4,4,3,3,3,7,7,7,7,7,7,7,7,8,8,8,8,8,8,8,8","0.000948190689086914","fast_greedy","edit-xhwikibooks.graphml"
"0.57","0.24","0.19","0.729336734693877","1,1,1,1,1,2,1,5,2,2,1,4,5,5,5,2,2,1,7,4,3,6,5,5,5,5,5,2,1,2,1,7,4,4,7,7,8,5,3,3,3,3,6,6,6,6,3,6,6,6,3,3,3,3,3,6,6,6,6,3,9,3,3,5,5,3,3,3,3,3,6,3,5,5,3,3,3,3,3,3,3,5,2,2,2,10,3,3,3,3,11,12,13,3,3,3,2,3,3,3,3,3,3,3,3,3,3,4,4,4,3,3,3,7,7,7,7,7,7,7,7,8,8,8,8,8,8,8,8","0.000977993011474609","fast_greedy","edit-xhwikibooks.graphml"
"0.56","0.25","0.19","0.729336734693877","1,1,1,1,1,2,1,5,2,2,1,4,5,5,5,2,2,1,7,4,3,6,5,5,5,5,5,2,1,2,1,7,4,4,7,7,8,5,3,3,3,3,6,6,6,6,3,6,6,6,3,3,3,3,3,6,6,6,6,3,9,3,3,5,5,3,3,3,3,3,6,3,5,5,3,3,3,3,3,3,3,5,2,2,2,10,3,3,3,3,11,12,13,3,3,3,2,3,3,3,3,3,3,3,3,3,3,4,4,4,3,3,3,7,7,7,7,7,7,7,7,8,8,8,8,8,8,8,8","0.000954866409301758","fast_greedy","edit-xhwikibooks.graphml"
"0.55","0.26","0.19","0.729336734693877","1,1,1,1,1,2,1,5,2,2,1,4,5,5,5,2,2,1,7,4,3,6,5,5,5,5,5,2,1,2,1,7,4,4,7,7,8,5,3,3,3,3,6,6,6,6,3,6,6,6,3,3,3,3,3,6,6,6,6,3,9,3,3,5,5,3,3,3,3,3,6,3,5,5,3,3,3,3,3,3,3,5,2,2,2,10,3,3,3,3,11,12,13,3,3,3,2,3,3,3,3,3,3,3,3,3,3,4,4,4,3,3,3,7,7,7,7,7,7,7,7,8,8,8,8,8,8,8,8","0.000948905944824219","fast_greedy","edit-xhwikibooks.graphml"
"0.54","0.27","0.19","0.729336734693877","1,1,1,1,1,2,1,5,2,2,1,4,5,5,5,2,2,1,7,4,3,6,5,5,5,5,5,2,1,2,1,7,4,4,7,7,8,5,3,3,3,3,6,6,6,6,3,6,6,6,3,3,3,3,3,6,6,6,6,3,9,3,3,5,5,3,3,3,3,3,6,3,5,5,3,3,3,3,3,3,3,5,2,2,2,10,3,3,3,3,11,12,13,3,3,3,2,3,3,3,3,3,3,3,3,3,3,4,4,4,3,3,3,7,7,7,7,7,7,7,7,8,8,8,8,8,8,8,8","0.000986099243164062","fast_greedy","edit-xhwikibooks.graphml"
"0.53","0.28","0.19","0.729336734693877","1,1,1,1,1,2,1,5,2,2,1,4,5,5,5,2,2,1,7,4,3,6,5,5,5,5,5,2,1,2,1,7,4,4,7,7,8,5,3,3,3,3,6,6,6,6,3,6,6,6,3,3,3,3,3,6,6,6,6,3,9,3,3,5,5,3,3,3,3,3,6,3,5,5,3,3,3,3,3,3,3,5,2,2,2,10,3,3,3,3,11,12,13,3,3,3,2,3,3,3,3,3,3,3,3,3,3,4,4,4,3,3,3,7,7,7,7,7,7,7,7,8,8,8,8,8,8,8,8","0.00131988525390625","fast_greedy","edit-xhwikibooks.graphml"
"0.52","0.29","0.19","0.729336734693877","1,1,1,1,1,2,1,5,2,2,1,4,5,5,5,2,2,1,7,4,3,6,5,5,5,5,5,2,1,2,1,7,4,4,7,7,8,5,3,3,3,3,6,6,6,6,3,6,6,6,3,3,3,3,3,6,6,6,6,3,9,3,3,5,5,3,3,3,3,3,6,3,5,5,3,3,3,3,3,3,3,5,2,2,2,10,3,3,3,3,11,12,13,3,3,3,2,3,3,3,3,3,3,3,3,3,3,4,4,4,3,3,3,7,7,7,7,7,7,7,7,8,8,8,8,8,8,8,8","0.000929117202758789","fast_greedy","edit-xhwikibooks.graphml"
"0.51","0.3","0.19","0.729336734693877","1,1,1,1,1,2,1,5,2,2,1,4,5,5,5,2,2,1,7,4,3,6,5,5,5,5,5,2,1,2,1,7,4,4,7,7,8,5,3,3,3,3,6,6,6,6,3,6,6,6,3,3,3,3,3,6,6,6,6,3,9,3,3,5,5,3,3,3,3,3,6,3,5,5,3,3,3,3,3,3,3,5,2,2,2,10,3,3,3,3,11,12,13,3,3,3,2,3,3,3,3,3,3,3,3,3,3,4,4,4,3,3,3,7,7,7,7,7,7,7,7,8,8,8,8,8,8,8,8","0.00117111206054688","fast_greedy","edit-xhwikibooks.graphml"
"0.5","0.31","0.19","0.729336734693877","1,1,1,1,1,2,1,5,2,2,1,4,5,5,5,2,2,1,7,4,3,6,5,5,5,5,5,2,1,2,1,7,4,4,7,7,8,5,3,3,3,3,6,6,6,6,3,6,6,6,3,3,3,3,3,6,6,6,6,3,9,3,3,5,5,3,3,3,3,3,6,3,5,5,3,3,3,3,3,3,3,5,2,2,2,10,3,3,3,3,11,12,13,3,3,3,2,3,3,3,3,3,3,3,3,3,3,4,4,4,3,3,3,7,7,7,7,7,7,7,7,8,8,8,8,8,8,8,8","0.000931024551391602","fast_greedy","edit-xhwikibooks.graphml"
"0.49","0.32","0.19","0.729336734693877","1,1,1,1,1,2,1,5,2,2,1,4,5,5,5,2,2,1,7,4,3,6,5,5,5,5,5,2,1,2,1,7,4,4,7,7,8,5,3,3,3,3,6,6,6,6,3,6,6,6,3,3,3,3,3,6,6,6,6,3,9,3,3,5,5,3,3,3,3,3,6,3,5,5,3,3,3,3,3,3,3,5,2,2,2,10,3,3,3,3,11,12,13,3,3,3,2,3,3,3,3,3,3,3,3,3,3,4,4,4,3,3,3,7,7,7,7,7,7,7,7,8,8,8,8,8,8,8,8","0.000928878784179688","fast_greedy","edit-xhwikibooks.graphml"
"0.48","0.33","0.19","0.729336734693877","1,1,1,1,1,2,1,5,2,2,1,4,5,5,5,2,2,1,7,4,3,6,5,5,5,5,5,2,1,2,1,7,4,4,7,7,8,5,3,3,3,3,6,6,6,6,3,6,6,6,3,3,3,3,3,6,6,6,6,3,9,3,3,5,5,3,3,3,3,3,6,3,5,5,3,3,3,3,3,3,3,5,2,2,2,10,3,3,3,3,11,12,13,3,3,3,2,3,3,3,3,3,3,3,3,3,3,4,4,4,3,3,3,7,7,7,7,7,7,7,7,8,8,8,8,8,8,8,8","0.000940084457397461","fast_greedy","edit-xhwikibooks.graphml"
"0.47","0.34","0.19","0.730496453900709","1,1,1,1,1,2,1,4,2,2,1,5,4,4,4,2,2,1,7,5,3,6,4,4,4,4,4,2,1,2,1,7,5,5,7,7,8,4,3,3,3,3,6,6,6,6,3,6,6,6,3,3,3,3,3,6,6,6,6,3,9,3,3,4,4,3,3,3,3,3,6,3,4,4,3,3,3,3,3,3,3,4,2,2,2,10,3,3,3,3,11,12,13,3,3,3,2,3,3,3,3,3,3,3,3,3,3,5,5,5,3,3,3,7,7,7,7,7,7,7,7,8,8,8,8,8,8,8,8","0.000943899154663086","fast_greedy","edit-xhwikibooks.graphml"
"0.46","0.35","0.19","0.730496453900709","1,1,1,1,1,2,1,4,2,2,1,5,4,4,4,2,2,1,7,5,3,6,4,4,4,4,4,2,1,2,1,7,5,5,7,7,8,4,3,3,3,3,6,6,6,6,3,6,6,6,3,3,3,3,3,6,6,6,6,3,9,3,3,4,4,3,3,3,3,3,6,3,4,4,3,3,3,3,3,3,3,4,2,2,2,10,3,3,3,3,11,12,13,3,3,3,2,3,3,3,3,3,3,3,3,3,3,5,5,5,3,3,3,7,7,7,7,7,7,7,7,8,8,8,8,8,8,8,8","0.000959873199462891","fast_greedy","edit-xhwikibooks.graphml"
"0.45","0.36","0.19","0.730496453900709","1,1,1,1,1,2,1,4,2,2,1,5,4,4,4,2,2,1,7,5,3,6,4,4,4,4,4,2,1,2,1,7,5,5,7,7,8,4,3,3,3,3,6,6,6,6,3,6,6,6,3,3,3,3,3,6,6,6,6,3,9,3,3,4,4,3,3,3,3,3,6,3,4,4,3,3,3,3,3,3,3,4,2,2,2,10,3,3,3,3,11,12,13,3,3,3,2,3,3,3,3,3,3,3,3,3,3,5,5,5,3,3,3,7,7,7,7,7,7,7,7,8,8,8,8,8,8,8,8","0.000961065292358398","fast_greedy","edit-xhwikibooks.graphml"
"0.44","0.37","0.19","0.730496453900709","1,1,1,1,1,2,1,4,2,2,1,5,4,4,4,2,2,1,7,5,3,6,4,4,4,4,4,2,1,2,1,7,5,5,7,7,8,4,3,3,3,3,6,6,6,6,3,6,6,6,3,3,3,3,3,6,6,6,6,3,9,3,3,4,4,3,3,3,3,3,6,3,4,4,3,3,3,3,3,3,3,4,2,2,2,10,3,3,3,3,11,12,13,3,3,3,2,3,3,3,3,3,3,3,3,3,3,5,5,5,3,3,3,7,7,7,7,7,7,7,7,8,8,8,8,8,8,8,8","0.000980854034423828","fast_greedy","edit-xhwikibooks.graphml"
"0.43","0.38","0.19","0.730496453900709","1,1,1,1,1,2,1,4,2,2,1,5,4,4,4,2,2,1,7,5,3,6,4,4,4,4,4,2,1,2,1,7,5,5,7,7,8,4,3,3,3,3,6,6,6,6,3,6,6,6,3,3,3,3,3,6,6,6,6,3,9,3,3,4,4,3,3,3,3,3,6,3,4,4,3,3,3,3,3,3,3,4,2,2,2,10,3,3,3,3,11,12,13,3,3,3,2,3,3,3,3,3,3,3,3,3,3,5,5,5,3,3,3,7,7,7,7,7,7,7,7,8,8,8,8,8,8,8,8","0.000962972640991211","fast_greedy","edit-xhwikibooks.graphml"
"0.42","0.39","0.19","0.714497989627644","1,1,1,1,1,4,1,6,4,4,3,1,6,6,6,4,8,3,3,1,2,5,6,6,6,6,6,4,1,9,10,3,1,1,3,3,7,6,2,2,2,2,5,5,5,5,2,5,5,5,2,2,2,2,2,5,5,5,5,2,11,2,2,12,13,2,2,2,2,2,5,2,6,6,2,2,2,2,2,2,2,14,4,4,4,15,2,2,2,2,16,17,18,2,2,2,19,2,2,2,2,2,2,2,2,2,2,20,21,2,2,2,2,3,3,3,3,3,3,3,3,7,7,7,7,7,7,7,7","0.00100302696228027","fast_greedy","edit-xhwikibooks.graphml"
"0.41","0.4","0.19","0.714497989627644","1,1,1,1,1,4,1,6,4,4,3,1,6,6,6,4,8,3,3,1,2,5,6,6,6,6,6,4,1,9,10,3,1,1,3,3,7,6,2,2,2,2,5,5,5,5,2,5,5,5,2,2,2,2,2,5,5,5,5,2,11,2,2,12,13,2,2,2,2,2,5,2,6,6,2,2,2,2,2,2,2,14,4,4,4,15,2,2,2,2,16,17,18,2,2,2,19,2,2,2,2,2,2,2,2,2,2,20,21,2,2,2,2,3,3,3,3,3,3,3,3,7,7,7,7,7,7,7,7","0.000941038131713867","fast_greedy","edit-xhwikibooks.graphml"
"0.4","0.41","0.19","0.714497989627644","1,1,1,1,1,4,1,6,4,4,3,1,6,6,6,4,8,3,3,1,2,5,6,6,6,6,6,4,1,9,10,3,1,1,3,3,7,6,2,2,2,2,5,5,5,5,2,5,5,5,2,2,2,2,2,5,5,5,5,2,11,2,2,12,13,2,2,2,2,2,5,2,6,6,2,2,2,2,2,2,2,14,4,4,4,15,2,2,2,2,16,17,18,2,2,2,19,2,2,2,2,2,2,2,2,2,2,20,21,2,2,2,2,3,3,3,3,3,3,3,3,7,7,7,7,7,7,7,7","0.000957012176513672","fast_greedy","edit-xhwikibooks.graphml"
"0.39","0.42","0.19","0.714497989627644","1,1,1,1,1,4,1,6,4,4,3,1,6,6,6,4,8,3,3,1,2,5,6,6,6,6,6,4,1,9,10,3,1,1,3,3,7,6,2,2,2,2,5,5,5,5,2,5,5,5,2,2,2,2,2,5,5,5,5,2,11,2,2,12,13,2,2,2,2,2,5,2,6,6,2,2,2,2,2,2,2,14,4,4,4,15,2,2,2,2,16,17,18,2,2,2,19,2,2,2,2,2,2,2,2,2,2,20,21,2,2,2,2,3,3,3,3,3,3,3,3,7,7,7,7,7,7,7,7","0.00121402740478516","fast_greedy","edit-xhwikibooks.graphml"
"0.38","0.43","0.19","0.714497989627644","1,1,1,1,1,4,1,6,4,4,3,1,6,6,6,4,8,3,3,1,2,5,6,6,6,6,6,4,1,9,10,3,1,1,3,3,7,6,2,2,2,2,5,5,5,5,2,5,5,5,2,2,2,2,2,5,5,5,5,2,11,2,2,12,13,2,2,2,2,2,5,2,6,6,2,2,2,2,2,2,2,14,4,4,4,15,2,2,2,2,16,17,18,2,2,2,19,2,2,2,2,2,2,2,2,2,2,20,21,2,2,2,2,3,3,3,3,3,3,3,3,7,7,7,7,7,7,7,7","0.000916004180908203","fast_greedy","edit-xhwikibooks.graphml"
"0.37","0.44","0.19","0.714497989627644","1,1,1,1,1,4,1,6,4,4,3,1,6,6,6,4,8,3,3,1,2,5,6,6,6,6,6,4,1,9,10,3,1,1,3,3,7,6,2,2,2,2,5,5,5,5,2,5,5,5,2,2,2,2,2,5,5,5,5,2,11,2,2,12,13,2,2,2,2,2,5,2,6,6,2,2,2,2,2,2,2,14,4,4,4,15,2,2,2,2,16,17,18,2,2,2,19,2,2,2,2,2,2,2,2,2,2,20,21,2,2,2,2,3,3,3,3,3,3,3,3,7,7,7,7,7,7,7,7","0.000907182693481445","fast_greedy","edit-xhwikibooks.graphml"
"0.36","0.45","0.19","0.714497989627644","1,1,1,1,1,4,1,6,4,4,3,1,6,6,6,4,8,3,3,1,2,5,6,6,6,6,6,4,1,9,10,3,1,1,3,3,7,6,2,2,2,2,5,5,5,5,2,5,5,5,2,2,2,2,2,5,5,5,5,2,11,2,2,12,13,2,2,2,2,2,5,2,6,6,2,2,2,2,2,2,2,14,4,4,4,15,2,2,2,2,16,17,18,2,2,2,19,2,2,2,2,2,2,2,2,2,2,20,21,2,2,2,2,3,3,3,3,3,3,3,3,7,7,7,7,7,7,7,7","0.000930070877075195","fast_greedy","edit-xhwikibooks.graphml"
"0.35","0.46","0.19","0.714497989627644","1,1,1,1,1,4,1,6,4,4,3,1,6,6,6,4,8,3,3,1,2,5,6,6,6,6,6,4,1,9,10,3,1,1,3,3,7,6,2,2,2,2,5,5,5,5,2,5,5,5,2,2,2,2,2,5,5,5,5,2,11,2,2,12,13,2,2,2,2,2,5,2,6,6,2,2,2,2,2,2,2,14,4,4,4,15,2,2,2,2,16,17,18,2,2,2,19,2,2,2,2,2,2,2,2,2,2,20,21,2,2,2,2,3,3,3,3,3,3,3,3,7,7,7,7,7,7,7,7","0.000926971435546875","fast_greedy","edit-xhwikibooks.graphml"
"0.34","0.47","0.19","0.714497989627644","1,1,1,1,1,4,1,6,4,4,3,1,6,6,6,4,8,3,3,1,2,5,6,6,6,6,6,4,1,9,10,3,1,1,3,3,7,6,2,2,2,2,5,5,5,5,2,5,5,5,2,2,2,2,2,5,5,5,5,2,11,2,2,12,13,2,2,2,2,2,5,2,6,6,2,2,2,2,2,2,2,14,4,4,4,15,2,2,2,2,16,17,18,2,2,2,19,2,2,2,2,2,2,2,2,2,2,20,21,2,2,2,2,3,3,3,3,3,3,3,3,7,7,7,7,7,7,7,7","0.000927925109863281","fast_greedy","edit-xhwikibooks.graphml"
"0.33","0.48","0.19","0.714497989627644","1,1,1,1,1,4,1,6,4,4,3,1,6,6,6,4,8,3,3,1,2,5,6,6,6,6,6,4,1,9,10,3,1,1,3,3,7,6,2,2,2,2,5,5,5,5,2,5,5,5,2,2,2,2,2,5,5,5,5,2,11,2,2,12,13,2,2,2,2,2,5,2,6,6,2,2,2,2,2,2,2,14,4,4,4,15,2,2,2,2,16,17,18,2,2,2,19,2,2,2,2,2,2,2,2,2,2,20,21,2,2,2,2,3,3,3,3,3,3,3,3,7,7,7,7,7,7,7,7","0.000952959060668945","fast_greedy","edit-xhwikibooks.graphml"
"0.32","0.49","0.19","0.714497989627644","1,1,1,1,1,4,1,6,4,4,3,1,6,6,6,4,8,3,3,1,2,5,6,6,6,6,6,4,1,9,10,3,1,1,3,3,7,6,2,2,2,2,5,5,5,5,2,5,5,5,2,2,2,2,2,5,5,5,5,2,11,2,2,12,13,2,2,2,2,2,5,2,6,6,2,2,2,2,2,2,2,14,4,4,4,15,2,2,2,2,16,17,18,2,2,2,19,2,2,2,2,2,2,2,2,2,2,20,21,2,2,2,2,3,3,3,3,3,3,3,3,7,7,7,7,7,7,7,7","0.000962018966674805","fast_greedy","edit-xhwikibooks.graphml"
"0.31","0.5","0.19","0.729573264330512","1,1,1,1,2,1,2,6,1,1,2,2,6,6,6,1,8,2,2,2,3,4,6,6,6,6,6,1,1,9,10,2,2,2,5,5,7,6,3,3,3,3,4,4,4,4,3,4,4,4,3,3,3,3,3,4,4,4,4,3,11,3,3,12,13,3,3,3,3,3,4,3,6,6,3,3,3,3,3,3,3,14,1,1,1,15,3,3,3,3,16,17,18,3,3,3,19,3,3,3,3,3,3,3,3,3,3,20,21,3,3,3,3,5,5,5,5,5,5,5,5,7,7,7,7,7,7,7,7","0.000978946685791016","fast_greedy","edit-xhwikibooks.graphml"
"0.3","0.51","0.19","0.729573264330512","1,1,1,1,2,1,2,6,1,1,2,2,6,6,6,1,8,2,2,2,3,4,6,6,6,6,6,1,1,9,10,2,2,2,5,5,7,6,3,3,3,3,4,4,4,4,3,4,4,4,3,3,3,3,3,4,4,4,4,3,11,3,3,12,13,3,3,3,3,3,4,3,6,6,3,3,3,3,3,3,3,14,1,1,1,15,3,3,3,3,16,17,18,3,3,3,19,3,3,3,3,3,3,3,3,3,3,20,21,3,3,3,3,5,5,5,5,5,5,5,5,7,7,7,7,7,7,7,7","0.00104498863220215","fast_greedy","edit-xhwikibooks.graphml"
"0.29","0.52","0.19","0.729573264330512","1,1,1,1,2,1,2,6,1,1,2,2,6,6,6,1,8,2,2,2,3,4,6,6,6,6,6,1,1,9,10,2,2,2,5,5,7,6,3,3,3,3,4,4,4,4,3,4,4,4,3,3,3,3,3,4,4,4,4,3,11,3,3,12,13,3,3,3,3,3,4,3,6,6,3,3,3,3,3,3,3,14,1,1,1,15,3,3,3,3,16,17,18,3,3,3,19,3,3,3,3,3,3,3,3,3,3,20,21,3,3,3,3,5,5,5,5,5,5,5,5,7,7,7,7,7,7,7,7","0.000903844833374023","fast_greedy","edit-xhwikibooks.graphml"
"0.28","0.53","0.19","0.729573264330512","1,1,1,1,2,1,2,6,1,1,2,2,6,6,6,1,8,2,2,2,3,4,6,6,6,6,6,1,1,9,10,2,2,2,5,5,7,6,3,3,3,3,4,4,4,4,3,4,4,4,3,3,3,3,3,4,4,4,4,3,11,3,3,12,13,3,3,3,3,3,4,3,6,6,3,3,3,3,3,3,3,14,1,1,1,15,3,3,3,3,16,17,18,3,3,3,19,3,3,3,3,3,3,3,3,3,3,20,21,3,3,3,3,5,5,5,5,5,5,5,5,7,7,7,7,7,7,7,7","0.000935077667236328","fast_greedy","edit-xhwikibooks.graphml"
"0.27","0.54","0.19","0.729573264330512","1,1,1,1,2,1,2,6,1,1,2,2,6,6,6,1,8,2,2,2,3,4,6,6,6,6,6,1,1,9,10,2,2,2,5,5,7,6,3,3,3,3,4,4,4,4,3,4,4,4,3,3,3,3,3,4,4,4,4,3,11,3,3,12,13,3,3,3,3,3,4,3,6,6,3,3,3,3,3,3,3,14,1,1,1,15,3,3,3,3,16,17,18,3,3,3,19,3,3,3,3,3,3,3,3,3,3,20,21,3,3,3,3,5,5,5,5,5,5,5,5,7,7,7,7,7,7,7,7","0.001007080078125","fast_greedy","edit-xhwikibooks.graphml"
"0.26","0.55","0.19","0.729573264330512","1,1,1,1,2,1,2,6,1,1,2,2,6,6,6,1,8,2,2,2,3,4,6,6,6,6,6,1,1,9,10,2,2,2,5,5,7,6,3,3,3,3,4,4,4,4,3,4,4,4,3,3,3,3,3,4,4,4,4,3,11,3,3,12,13,3,3,3,3,3,4,3,6,6,3,3,3,3,3,3,3,14,1,1,1,15,3,3,3,3,16,17,18,3,3,3,19,3,3,3,3,3,3,3,3,3,3,20,21,3,3,3,3,5,5,5,5,5,5,5,5,7,7,7,7,7,7,7,7","0.000923871994018555","fast_greedy","edit-xhwikibooks.graphml"
"0.25","0.56","0.19","0.729573264330512","1,1,1,1,2,1,2,6,1,1,2,2,6,6,6,1,8,2,2,2,3,4,6,6,6,6,6,1,1,9,10,2,2,2,5,5,7,6,3,3,3,3,4,4,4,4,3,4,4,4,3,3,3,3,3,4,4,4,4,3,11,3,3,12,13,3,3,3,3,3,4,3,6,6,3,3,3,3,3,3,3,14,1,1,1,15,3,3,3,3,16,17,18,3,3,3,19,3,3,3,3,3,3,3,3,3,3,20,21,3,3,3,3,5,5,5,5,5,5,5,5,7,7,7,7,7,7,7,7","0.000915050506591797","fast_greedy","edit-xhwikibooks.graphml"
"0.24","0.57","0.19","0.729573264330512","1,1,1,1,2,1,2,6,1,1,2,2,6,6,6,1,8,2,2,2,3,4,6,6,6,6,6,1,1,9,10,2,2,2,5,5,7,6,3,3,3,3,4,4,4,4,3,4,4,4,3,3,3,3,3,4,4,4,4,3,11,3,3,12,13,3,3,3,3,3,4,3,6,6,3,3,3,3,3,3,3,14,1,1,1,15,3,3,3,3,16,17,18,3,3,3,19,3,3,3,3,3,3,3,3,3,3,20,21,3,3,3,3,5,5,5,5,5,5,5,5,7,7,7,7,7,7,7,7","0.000916957855224609","fast_greedy","edit-xhwikibooks.graphml"
"0.23","0.58","0.19","0.715035430763493","1,1,1,2,7,2,4,2,2,2,4,8,2,2,2,2,9,10,4,6,3,1,11,2,2,2,2,2,1,12,13,14,6,15,4,4,5,2,3,3,3,3,1,1,1,1,3,1,1,1,3,3,3,3,3,1,1,1,1,3,16,3,3,17,18,3,3,3,3,3,1,3,19,20,3,3,3,3,3,3,3,21,22,23,24,25,3,3,3,3,26,27,28,3,3,3,29,3,3,3,3,3,3,3,3,3,3,30,31,3,3,3,3,4,4,4,4,4,4,4,4,5,5,5,5,5,5,5,5","0.000916957855224609","fast_greedy","edit-xhwikibooks.graphml"
"0.22","0.59","0.19","0.715035430763493","1,1,1,2,7,2,4,2,2,2,4,8,2,2,2,2,9,10,4,6,3,1,11,2,2,2,2,2,1,12,13,14,6,15,4,4,5,2,3,3,3,3,1,1,1,1,3,1,1,1,3,3,3,3,3,1,1,1,1,3,16,3,3,17,18,3,3,3,3,3,1,3,19,20,3,3,3,3,3,3,3,21,22,23,24,25,3,3,3,3,26,27,28,3,3,3,29,3,3,3,3,3,3,3,3,3,3,30,31,3,3,3,3,4,4,4,4,4,4,4,4,5,5,5,5,5,5,5,5","0.000944852828979492","fast_greedy","edit-xhwikibooks.graphml"
"0.21","0.6","0.19","0.715035430763493","1,1,1,2,7,2,4,2,2,2,4,8,2,2,2,2,9,10,4,6,3,1,11,2,2,2,2,2,1,12,13,14,6,15,4,4,5,2,3,3,3,3,1,1,1,1,3,1,1,1,3,3,3,3,3,1,1,1,1,3,16,3,3,17,18,3,3,3,3,3,1,3,19,20,3,3,3,3,3,3,3,21,22,23,24,25,3,3,3,3,26,27,28,3,3,3,29,3,3,3,3,3,3,3,3,3,3,30,31,3,3,3,3,4,4,4,4,4,4,4,4,5,5,5,5,5,5,5,5","0.000939130783081055","fast_greedy","edit-xhwikibooks.graphml"
"0.2","0.61","0.19","0.715035430763493","1,1,1,2,7,2,4,2,2,2,4,8,2,2,2,2,9,10,4,6,3,1,11,2,2,2,2,2,1,12,13,14,6,15,4,4,5,2,3,3,3,3,1,1,1,1,3,1,1,1,3,3,3,3,3,1,1,1,1,3,16,3,3,17,18,3,3,3,3,3,1,3,19,20,3,3,3,3,3,3,3,21,22,23,24,25,3,3,3,3,26,27,28,3,3,3,29,3,3,3,3,3,3,3,3,3,3,30,31,3,3,3,3,4,4,4,4,4,4,4,4,5,5,5,5,5,5,5,5","0.000974178314208984","fast_greedy","edit-xhwikibooks.graphml"
"0.19","0.62","0.19","0.715035430763493","1,1,1,2,7,2,4,2,2,2,4,8,2,2,2,2,9,10,4,6,3,1,11,2,2,2,2,2,1,12,13,14,6,15,4,4,5,2,3,3,3,3,1,1,1,1,3,1,1,1,3,3,3,3,3,1,1,1,1,3,16,3,3,17,18,3,3,3,3,3,1,3,19,20,3,3,3,3,3,3,3,21,22,23,24,25,3,3,3,3,26,27,28,3,3,3,29,3,3,3,3,3,3,3,3,3,3,30,31,3,3,3,3,4,4,4,4,4,4,4,4,5,5,5,5,5,5,5,5","0.000952959060668945","fast_greedy","edit-xhwikibooks.graphml"
"0.18","0.63","0.19","0.715035430763493","1,1,1,2,7,2,4,2,2,2,4,8,2,2,2,2,9,10,4,6,3,1,11,2,2,2,2,2,1,12,13,14,6,15,4,4,5,2,3,3,3,3,1,1,1,1,3,1,1,1,3,3,3,3,3,1,1,1,1,3,16,3,3,17,18,3,3,3,3,3,1,3,19,20,3,3,3,3,3,3,3,21,22,23,24,25,3,3,3,3,26,27,28,3,3,3,29,3,3,3,3,3,3,3,3,3,3,30,31,3,3,3,3,4,4,4,4,4,4,4,4,5,5,5,5,5,5,5,5","0.000915050506591797","fast_greedy","edit-xhwikibooks.graphml"
"0.17","0.64","0.19","0.715035430763493","1,1,1,2,7,2,4,2,2,2,4,8,2,2,2,2,9,10,4,6,3,1,11,2,2,2,2,2,1,12,13,14,6,15,4,4,5,2,3,3,3,3,1,1,1,1,3,1,1,1,3,3,3,3,3,1,1,1,1,3,16,3,3,17,18,3,3,3,3,3,1,3,19,20,3,3,3,3,3,3,3,21,22,23,24,25,3,3,3,3,26,27,28,3,3,3,29,3,3,3,3,3,3,3,3,3,3,30,31,3,3,3,3,4,4,4,4,4,4,4,4,5,5,5,5,5,5,5,5","0.000895977020263672","fast_greedy","edit-xhwikibooks.graphml"
"0.16","0.65","0.19","0.715035430763493","1,1,1,2,7,2,4,2,2,2,4,8,2,2,2,2,9,10,4,6,3,1,11,2,2,2,2,2,1,12,13,14,6,15,4,4,5,2,3,3,3,3,1,1,1,1,3,1,1,1,3,3,3,3,3,1,1,1,1,3,16,3,3,17,18,3,3,3,3,3,1,3,19,20,3,3,3,3,3,3,3,21,22,23,24,25,3,3,3,3,26,27,28,3,3,3,29,3,3,3,3,3,3,3,3,3,3,30,31,3,3,3,3,4,4,4,4,4,4,4,4,5,5,5,5,5,5,5,5","0.000916957855224609","fast_greedy","edit-xhwikibooks.graphml"
"0.15","0.66","0.19","0.715035430763493","1,1,1,2,7,2,4,2,2,2,4,8,2,2,2,2,9,10,4,6,3,1,11,2,2,2,2,2,1,12,13,14,6,15,4,4,5,2,3,3,3,3,1,1,1,1,3,1,1,1,3,3,3,3,3,1,1,1,1,3,16,3,3,17,18,3,3,3,3,3,1,3,19,20,3,3,3,3,3,3,3,21,22,23,24,25,3,3,3,3,26,27,28,3,3,3,29,3,3,3,3,3,3,3,3,3,3,30,31,3,3,3,3,4,4,4,4,4,4,4,4,5,5,5,5,5,5,5,5","0.000908136367797852","fast_greedy","edit-xhwikibooks.graphml"
"0.14","0.67","0.19","0.715035430763493","1,1,1,2,7,2,4,2,2,2,4,8,2,2,2,2,9,10,4,6,3,1,11,2,2,2,2,2,1,12,13,14,6,15,4,4,5,2,3,3,3,3,1,1,1,1,3,1,1,1,3,3,3,3,3,1,1,1,1,3,16,3,3,17,18,3,3,3,3,3,1,3,19,20,3,3,3,3,3,3,3,21,22,23,24,25,3,3,3,3,26,27,28,3,3,3,29,3,3,3,3,3,3,3,3,3,3,30,31,3,3,3,3,4,4,4,4,4,4,4,4,5,5,5,5,5,5,5,5","0.00107192993164062","fast_greedy","edit-xhwikibooks.graphml"
"0.13","0.68","0.19","0.715035430763493","1,1,1,2,7,2,4,2,2,2,4,8,2,2,2,2,9,10,4,6,3,1,11,2,2,2,2,2,1,12,13,14,6,15,4,4,5,2,3,3,3,3,1,1,1,1,3,1,1,1,3,3,3,3,3,1,1,1,1,3,16,3,3,17,18,3,3,3,3,3,1,3,19,20,3,3,3,3,3,3,3,21,22,23,24,25,3,3,3,3,26,27,28,3,3,3,29,3,3,3,3,3,3,3,3,3,3,30,31,3,3,3,3,4,4,4,4,4,4,4,4,5,5,5,5,5,5,5,5","0.000909090042114258","fast_greedy","edit-xhwikibooks.graphml"
"0.12","0.69","0.19","0.715035430763493","1,1,1,2,7,2,4,2,2,2,4,8,2,2,2,2,9,10,4,6,3,1,11,2,2,2,2,2,1,12,13,14,6,15,4,4,5,2,3,3,3,3,1,1,1,1,3,1,1,1,3,3,3,3,3,1,1,1,1,3,16,3,3,17,18,3,3,3,3,3,1,3,19,20,3,3,3,3,3,3,3,21,22,23,24,25,3,3,3,3,26,27,28,3,3,3,29,3,3,3,3,3,3,3,3,3,3,30,31,3,3,3,3,4,4,4,4,4,4,4,4,5,5,5,5,5,5,5,5","0.00092315673828125","fast_greedy","edit-xhwikibooks.graphml"
"0.11","0.7","0.19","0.715035430763493","1,1,1,2,7,2,4,2,2,2,4,8,2,2,2,2,9,10,4,6,3,1,11,2,2,2,2,2,1,12,13,14,6,15,4,4,5,2,3,3,3,3,1,1,1,1,3,1,1,1,3,3,3,3,3,1,1,1,1,3,16,3,3,17,18,3,3,3,3,3,1,3,19,20,3,3,3,3,3,3,3,21,22,23,24,25,3,3,3,3,26,27,28,3,3,3,29,3,3,3,3,3,3,3,3,3,3,30,31,3,3,3,3,4,4,4,4,4,4,4,4,5,5,5,5,5,5,5,5","0.000921010971069336","fast_greedy","edit-xhwikibooks.graphml"
"0.1","0.71","0.19","0.715035430763493","1,1,1,2,7,2,4,2,2,2,4,8,2,2,2,2,9,10,4,6,3,1,11,2,2,2,2,2,1,12,13,14,6,15,4,4,5,2,3,3,3,3,1,1,1,1,3,1,1,1,3,3,3,3,3,1,1,1,1,3,16,3,3,17,18,3,3,3,3,3,1,3,19,20,3,3,3,3,3,3,3,21,22,23,24,25,3,3,3,3,26,27,28,3,3,3,29,3,3,3,3,3,3,3,3,3,3,30,31,3,3,3,3,4,4,4,4,4,4,4,4,5,5,5,5,5,5,5,5","0.000926971435546875","fast_greedy","edit-xhwikibooks.graphml"
"0.09","0.72","0.19","0.715035430763493","1,1,1,2,7,2,4,2,2,2,4,8,2,2,2,2,9,10,4,6,3,1,11,2,2,2,2,2,1,12,13,14,6,15,4,4,5,2,3,3,3,3,1,1,1,1,3,1,1,1,3,3,3,3,3,1,1,1,1,3,16,3,3,17,18,3,3,3,3,3,1,3,19,20,3,3,3,3,3,3,3,21,22,23,24,25,3,3,3,3,26,27,28,3,3,3,29,3,3,3,3,3,3,3,3,3,3,30,31,3,3,3,3,4,4,4,4,4,4,4,4,5,5,5,5,5,5,5,5","0.000940084457397461","fast_greedy","edit-xhwikibooks.graphml"
"0.08","0.73","0.19","0.715035430763493","1,1,1,2,7,2,4,2,2,2,4,8,2,2,2,2,9,10,4,6,3,1,11,2,2,2,2,2,1,12,13,14,6,15,4,4,5,2,3,3,3,3,1,1,1,1,3,1,1,1,3,3,3,3,3,1,1,1,1,3,16,3,3,17,18,3,3,3,3,3,1,3,19,20,3,3,3,3,3,3,3,21,22,23,24,25,3,3,3,3,26,27,28,3,3,3,29,3,3,3,3,3,3,3,3,3,3,30,31,3,3,3,3,4,4,4,4,4,4,4,4,5,5,5,5,5,5,5,5","0.000978946685791016","fast_greedy","edit-xhwikibooks.graphml"
"0.07","0.74","0.19","0.715035430763493","1,1,1,2,7,2,4,2,2,2,4,8,2,2,2,2,9,10,4,6,3,1,11,2,2,2,2,2,1,12,13,14,6,15,4,4,5,2,3,3,3,3,1,1,1,1,3,1,1,1,3,3,3,3,3,1,1,1,1,3,16,3,3,17,18,3,3,3,3,3,1,3,19,20,3,3,3,3,3,3,3,21,22,23,24,25,3,3,3,3,26,27,28,3,3,3,29,3,3,3,3,3,3,3,3,3,3,30,31,3,3,3,3,4,4,4,4,4,4,4,4,5,5,5,5,5,5,5,5","0.00110197067260742","fast_greedy","edit-xhwikibooks.graphml"
"0.06","0.75","0.19","0.715035430763493","1,1,1,2,7,2,4,2,2,2,4,8,2,2,2,2,9,10,4,6,3,1,11,2,2,2,2,2,1,12,13,14,6,15,4,4,5,2,3,3,3,3,1,1,1,1,3,1,1,1,3,3,3,3,3,1,1,1,1,3,16,3,3,17,18,3,3,3,3,3,1,3,19,20,3,3,3,3,3,3,3,21,22,23,24,25,3,3,3,3,26,27,28,3,3,3,29,3,3,3,3,3,3,3,3,3,3,30,31,3,3,3,3,4,4,4,4,4,4,4,4,5,5,5,5,5,5,5,5","0.00092315673828125","fast_greedy","edit-xhwikibooks.graphml"
"0.05","0.76","0.19","0.715035430763493","1,1,1,2,7,2,4,2,2,2,4,8,2,2,2,2,9,10,4,6,3,1,11,2,2,2,2,2,1,12,13,14,6,15,4,4,5,2,3,3,3,3,1,1,1,1,3,1,1,1,3,3,3,3,3,1,1,1,1,3,16,3,3,17,18,3,3,3,3,3,1,3,19,20,3,3,3,3,3,3,3,21,22,23,24,25,3,3,3,3,26,27,28,3,3,3,29,3,3,3,3,3,3,3,3,3,3,30,31,3,3,3,3,4,4,4,4,4,4,4,4,5,5,5,5,5,5,5,5","0.000922203063964844","fast_greedy","edit-xhwikibooks.graphml"
"0.04","0.77","0.19","0.711043662285587","1,1,1,2,6,2,7,2,2,2,8,9,2,2,2,2,10,11,4,12,3,1,13,2,2,2,2,2,1,14,15,16,17,18,4,4,5,2,3,3,3,3,1,1,1,1,3,1,1,1,3,3,3,3,3,1,1,1,1,3,19,3,3,20,21,3,3,3,3,3,1,3,22,23,3,3,3,3,3,3,3,24,25,26,27,28,3,3,3,3,29,30,31,3,3,3,32,3,3,3,3,3,3,3,3,3,3,33,34,3,3,3,3,4,4,4,4,4,4,4,4,5,5,5,5,5,5,5,5","0.000927925109863281","fast_greedy","edit-xhwikibooks.graphml"
"0.03","0.78","0.19","0.711043662285587","1,1,1,2,6,2,7,2,2,2,8,9,2,2,2,2,10,11,4,12,3,1,13,2,2,2,2,2,1,14,15,16,17,18,4,4,5,2,3,3,3,3,1,1,1,1,3,1,1,1,3,3,3,3,3,1,1,1,1,3,19,3,3,20,21,3,3,3,3,3,1,3,22,23,3,3,3,3,3,3,3,24,25,26,27,28,3,3,3,3,29,30,31,3,3,3,32,3,3,3,3,3,3,3,3,3,3,33,34,3,3,3,3,4,4,4,4,4,4,4,4,5,5,5,5,5,5,5,5","0.000926971435546875","fast_greedy","edit-xhwikibooks.graphml"
"0.02","0.79","0.19","0.711043662285587","1,1,1,2,6,2,7,2,2,2,8,9,2,2,2,2,10,11,4,12,3,1,13,2,2,2,2,2,1,14,15,16,17,18,4,4,5,2,3,3,3,3,1,1,1,1,3,1,1,1,3,3,3,3,3,1,1,1,1,3,19,3,3,20,21,3,3,3,3,3,1,3,22,23,3,3,3,3,3,3,3,24,25,26,27,28,3,3,3,3,29,30,31,3,3,3,32,3,3,3,3,3,3,3,3,3,3,33,34,3,3,3,3,4,4,4,4,4,4,4,4,5,5,5,5,5,5,5,5","0.00113892555236816","fast_greedy","edit-xhwikibooks.graphml"
"0.01","0.8","0.19","0.711043662285587","1,1,1,2,6,2,7,2,2,2,8,9,2,2,2,2,10,11,4,12,3,1,13,2,2,2,2,2,1,14,15,16,17,18,4,4,5,2,3,3,3,3,1,1,1,1,3,1,1,1,3,3,3,3,3,1,1,1,1,3,19,3,3,20,21,3,3,3,3,3,1,3,22,23,3,3,3,3,3,3,3,24,25,26,27,28,3,3,3,3,29,30,31,3,3,3,32,3,3,3,3,3,3,3,3,3,3,33,34,3,3,3,3,4,4,4,4,4,4,4,4,5,5,5,5,5,5,5,5","0.000893831253051758","fast_greedy","edit-xhwikibooks.graphml"
"0","0.81","0.19","0.699989940143856","3,3,3,1,3,1,6,1,1,1,7,8,1,1,1,1,9,10,4,11,2,3,12,1,1,1,1,1,3,13,14,15,16,17,4,4,5,1,2,2,2,2,3,3,3,3,2,3,3,3,2,2,2,2,2,3,3,3,3,2,18,2,2,19,20,2,2,2,2,2,3,2,21,22,2,2,2,2,2,2,2,23,24,25,26,27,2,2,2,2,28,29,30,2,2,2,31,2,2,2,2,2,2,2,2,2,2,32,33,2,2,2,2,4,4,4,4,4,4,4,4,5,5,5,5,5,5,5,5","0.000940084457397461","fast_greedy","edit-xhwikibooks.graphml"
"0.8","0","0.2","0.736207561728395","1,1,1,1,1,2,1,5,2,2,1,4,5,5,5,2,2,1,7,4,3,6,5,5,5,5,5,2,1,2,1,7,4,4,7,7,8,5,3,3,3,3,6,6,6,6,3,6,6,6,3,3,3,3,3,6,6,6,6,3,5,3,3,5,5,3,3,3,3,3,6,3,5,5,3,3,3,3,3,3,3,5,2,2,2,1,3,3,3,3,2,1,7,3,3,3,2,3,3,3,3,3,3,3,3,3,3,4,4,4,3,3,3,7,7,7,7,7,7,7,7,8,8,8,8,8,8,8,8","0.000946998596191406","fast_greedy","edit-xhwikibooks.graphml"
"0.79","0.01","0.2","0.736207561728395","1,1,1,1,1,2,1,5,2,2,1,4,5,5,5,2,2,1,7,4,3,6,5,5,5,5,5,2,1,2,1,7,4,4,7,7,8,5,3,3,3,3,6,6,6,6,3,6,6,6,3,3,3,3,3,6,6,6,6,3,5,3,3,5,5,3,3,3,3,3,6,3,5,5,3,3,3,3,3,3,3,5,2,2,2,1,3,3,3,3,2,1,7,3,3,3,2,3,3,3,3,3,3,3,3,3,3,4,4,4,3,3,3,7,7,7,7,7,7,7,7,8,8,8,8,8,8,8,8","0.000966072082519531","fast_greedy","edit-xhwikibooks.graphml"
"0.78","0.02","0.2","0.736207561728395","1,1,1,1,1,2,1,5,2,2,1,4,5,5,5,2,2,1,7,4,3,6,5,5,5,5,5,2,1,2,1,7,4,4,7,7,8,5,3,3,3,3,6,6,6,6,3,6,6,6,3,3,3,3,3,6,6,6,6,3,5,3,3,5,5,3,3,3,3,3,6,3,5,5,3,3,3,3,3,3,3,5,2,2,2,1,3,3,3,3,2,1,7,3,3,3,2,3,3,3,3,3,3,3,3,3,3,4,4,4,3,3,3,7,7,7,7,7,7,7,7,8,8,8,8,8,8,8,8","0.000963926315307617","fast_greedy","edit-xhwikibooks.graphml"
"0.77","0.03","0.2","0.736207561728395","1,1,1,1,1,2,1,5,2,2,1,4,5,5,5,2,2,1,7,4,3,6,5,5,5,5,5,2,1,2,1,7,4,4,7,7,8,5,3,3,3,3,6,6,6,6,3,6,6,6,3,3,3,3,3,6,6,6,6,3,5,3,3,5,5,3,3,3,3,3,6,3,5,5,3,3,3,3,3,3,3,5,2,2,2,1,3,3,3,3,2,1,7,3,3,3,2,3,3,3,3,3,3,3,3,3,3,4,4,4,3,3,3,7,7,7,7,7,7,7,7,8,8,8,8,8,8,8,8","0.000981807708740234","fast_greedy","edit-xhwikibooks.graphml"
"0.76","0.04","0.2","0.736207561728395","1,1,1,1,1,2,1,5,2,2,1,4,5,5,5,2,2,1,7,4,3,6,5,5,5,5,5,2,1,2,1,7,4,4,7,7,8,5,3,3,3,3,6,6,6,6,3,6,6,6,3,3,3,3,3,6,6,6,6,3,5,3,3,5,5,3,3,3,3,3,6,3,5,5,3,3,3,3,3,3,3,5,2,2,2,1,3,3,3,3,2,1,7,3,3,3,2,3,3,3,3,3,3,3,3,3,3,4,4,4,3,3,3,7,7,7,7,7,7,7,7,8,8,8,8,8,8,8,8","0.00101900100708008","fast_greedy","edit-xhwikibooks.graphml"
"0.75","0.05","0.2","0.736207561728395","1,1,1,1,1,2,1,5,2,2,1,4,5,5,5,2,2,1,7,4,3,6,5,5,5,5,5,2,1,2,1,7,4,4,7,7,8,5,3,3,3,3,6,6,6,6,3,6,6,6,3,3,3,3,3,6,6,6,6,3,5,3,3,5,5,3,3,3,3,3,6,3,5,5,3,3,3,3,3,3,3,5,2,2,2,1,3,3,3,3,2,1,7,3,3,3,2,3,3,3,3,3,3,3,3,3,3,4,4,4,3,3,3,7,7,7,7,7,7,7,7,8,8,8,8,8,8,8,8","0.000934839248657227","fast_greedy","edit-xhwikibooks.graphml"
"0.74","0.06","0.2","0.736207561728395","1,1,1,1,1,2,1,5,2,2,1,4,5,5,5,2,2,1,7,4,3,6,5,5,5,5,5,2,1,2,1,7,4,4,7,7,8,5,3,3,3,3,6,6,6,6,3,6,6,6,3,3,3,3,3,6,6,6,6,3,5,3,3,5,5,3,3,3,3,3,6,3,5,5,3,3,3,3,3,3,3,5,2,2,2,1,3,3,3,3,2,1,7,3,3,3,2,3,3,3,3,3,3,3,3,3,3,4,4,4,3,3,3,7,7,7,7,7,7,7,7,8,8,8,8,8,8,8,8","0.000934839248657227","fast_greedy","edit-xhwikibooks.graphml"
"0.73","0.07","0.2","0.736207561728395","1,1,1,1,1,2,1,5,2,2,1,4,5,5,5,2,2,1,7,4,3,6,5,5,5,5,5,2,1,2,1,7,4,4,7,7,8,5,3,3,3,3,6,6,6,6,3,6,6,6,3,3,3,3,3,6,6,6,6,3,5,3,3,5,5,3,3,3,3,3,6,3,5,5,3,3,3,3,3,3,3,5,2,2,2,1,3,3,3,3,2,1,7,3,3,3,2,3,3,3,3,3,3,3,3,3,3,4,4,4,3,3,3,7,7,7,7,7,7,7,7,8,8,8,8,8,8,8,8","0.000946044921875","fast_greedy","edit-xhwikibooks.graphml"
"0.72","0.08","0.2","0.736207561728395","1,1,1,1,1,2,1,5,2,2,1,4,5,5,5,2,2,1,7,4,3,6,5,5,5,5,5,2,1,2,1,7,4,4,7,7,8,5,3,3,3,3,6,6,6,6,3,6,6,6,3,3,3,3,3,6,6,6,6,3,5,3,3,5,5,3,3,3,3,3,6,3,5,5,3,3,3,3,3,3,3,5,2,2,2,1,3,3,3,3,2,1,7,3,3,3,2,3,3,3,3,3,3,3,3,3,3,4,4,4,3,3,3,7,7,7,7,7,7,7,7,8,8,8,8,8,8,8,8","0.000954151153564453","fast_greedy","edit-xhwikibooks.graphml"
"0.71","0.09","0.2","0.736207561728395","1,1,1,1,1,2,1,5,2,2,1,4,5,5,5,2,2,1,7,4,3,6,5,5,5,5,5,2,1,2,1,7,4,4,7,7,8,5,3,3,3,3,6,6,6,6,3,6,6,6,3,3,3,3,3,6,6,6,6,3,5,3,3,5,5,3,3,3,3,3,6,3,5,5,3,3,3,3,3,3,3,5,2,2,2,1,3,3,3,3,2,1,7,3,3,3,2,3,3,3,3,3,3,3,3,3,3,4,4,4,3,3,3,7,7,7,7,7,7,7,7,8,8,8,8,8,8,8,8","0.00108504295349121","fast_greedy","edit-xhwikibooks.graphml"
"0.7","0.1","0.2","0.736207561728395","1,1,1,1,1,2,1,5,2,2,1,4,5,5,5,2,2,1,7,4,3,6,5,5,5,5,5,2,1,2,1,7,4,4,7,7,8,5,3,3,3,3,6,6,6,6,3,6,6,6,3,3,3,3,3,6,6,6,6,3,5,3,3,5,5,3,3,3,3,3,6,3,5,5,3,3,3,3,3,3,3,5,2,2,2,1,3,3,3,3,2,1,7,3,3,3,2,3,3,3,3,3,3,3,3,3,3,4,4,4,3,3,3,7,7,7,7,7,7,7,7,8,8,8,8,8,8,8,8","0.000939130783081055","fast_greedy","edit-xhwikibooks.graphml"
"0.69","0.11","0.2","0.736207561728395","1,1,1,1,1,2,1,5,2,2,1,4,5,5,5,2,2,1,7,4,3,6,5,5,5,5,5,2,1,2,1,7,4,4,7,7,8,5,3,3,3,3,6,6,6,6,3,6,6,6,3,3,3,3,3,6,6,6,6,3,5,3,3,5,5,3,3,3,3,3,6,3,5,5,3,3,3,3,3,3,3,5,2,2,2,1,3,3,3,3,2,1,7,3,3,3,2,3,3,3,3,3,3,3,3,3,3,4,4,4,3,3,3,7,7,7,7,7,7,7,7,8,8,8,8,8,8,8,8","0.000934123992919922","fast_greedy","edit-xhwikibooks.graphml"
"0.68","0.12","0.2","0.736207561728395","1,1,1,1,1,2,1,5,2,2,1,4,5,5,5,2,2,1,7,4,3,6,5,5,5,5,5,2,1,2,1,7,4,4,7,7,8,5,3,3,3,3,6,6,6,6,3,6,6,6,3,3,3,3,3,6,6,6,6,3,5,3,3,5,5,3,3,3,3,3,6,3,5,5,3,3,3,3,3,3,3,5,2,2,2,1,3,3,3,3,2,1,7,3,3,3,2,3,3,3,3,3,3,3,3,3,3,4,4,4,3,3,3,7,7,7,7,7,7,7,7,8,8,8,8,8,8,8,8","0.000937938690185547","fast_greedy","edit-xhwikibooks.graphml"
"0.67","0.13","0.2","0.736207561728395","1,1,1,1,1,2,1,5,2,2,1,4,5,5,5,2,2,1,7,4,3,6,5,5,5,5,5,2,1,2,1,7,4,4,7,7,8,5,3,3,3,3,6,6,6,6,3,6,6,6,3,3,3,3,3,6,6,6,6,3,5,3,3,5,5,3,3,3,3,3,6,3,5,5,3,3,3,3,3,3,3,5,2,2,2,1,3,3,3,3,2,1,7,3,3,3,2,3,3,3,3,3,3,3,3,3,3,4,4,4,3,3,3,7,7,7,7,7,7,7,7,8,8,8,8,8,8,8,8","0.000955820083618164","fast_greedy","edit-xhwikibooks.graphml"
"0.66","0.14","0.2","0.736207561728395","1,1,1,1,1,2,1,5,2,2,1,4,5,5,5,2,2,1,7,4,3,6,5,5,5,5,5,2,1,2,1,7,4,4,7,7,8,5,3,3,3,3,6,6,6,6,3,6,6,6,3,3,3,3,3,6,6,6,6,3,5,3,3,5,5,3,3,3,3,3,6,3,5,5,3,3,3,3,3,3,3,5,2,2,2,1,3,3,3,3,2,1,7,3,3,3,2,3,3,3,3,3,3,3,3,3,3,4,4,4,3,3,3,7,7,7,7,7,7,7,7,8,8,8,8,8,8,8,8","0.000954151153564453","fast_greedy","edit-xhwikibooks.graphml"
"0.65","0.15","0.2","0.736207561728395","1,1,1,1,1,2,1,5,2,2,1,4,5,5,5,2,2,1,7,4,3,6,5,5,5,5,5,2,1,2,1,7,4,4,7,7,8,5,3,3,3,3,6,6,6,6,3,6,6,6,3,3,3,3,3,6,6,6,6,3,5,3,3,5,5,3,3,3,3,3,6,3,5,5,3,3,3,3,3,3,3,5,2,2,2,1,3,3,3,3,2,1,7,3,3,3,2,3,3,3,3,3,3,3,3,3,3,4,4,4,3,3,3,7,7,7,7,7,7,7,7,8,8,8,8,8,8,8,8","0.00104498863220215","fast_greedy","edit-xhwikibooks.graphml"
"0.64","0.16","0.2","0.736207561728395","1,1,1,1,1,2,1,5,2,2,1,4,5,5,5,2,2,1,7,4,3,6,5,5,5,5,5,2,1,2,1,7,4,4,7,7,8,5,3,3,3,3,6,6,6,6,3,6,6,6,3,3,3,3,3,6,6,6,6,3,5,3,3,5,5,3,3,3,3,3,6,3,5,5,3,3,3,3,3,3,3,5,2,2,2,1,3,3,3,3,2,1,7,3,3,3,2,3,3,3,3,3,3,3,3,3,3,4,4,4,3,3,3,7,7,7,7,7,7,7,7,8,8,8,8,8,8,8,8","0.000941991806030273","fast_greedy","edit-xhwikibooks.graphml"
"0.63","0.17","0.2","0.737170035671819","1,1,1,1,1,2,1,4,2,2,1,5,4,4,4,2,2,1,7,5,3,6,4,4,4,4,4,2,1,2,1,7,5,5,7,7,8,4,3,3,3,3,6,6,6,6,3,6,6,6,3,3,3,3,3,6,6,6,6,3,4,3,3,4,4,3,3,3,3,3,6,3,4,4,3,3,3,3,3,3,3,4,2,2,2,1,3,3,3,3,2,1,7,3,3,3,2,3,3,3,3,3,3,3,3,3,3,5,5,5,3,3,3,7,7,7,7,7,7,7,7,8,8,8,8,8,8,8,8","0.000936031341552734","fast_greedy","edit-xhwikibooks.graphml"
"0.62","0.18","0.2","0.737170035671819","1,1,1,1,1,2,1,4,2,2,1,5,4,4,4,2,2,1,7,5,3,6,4,4,4,4,4,2,1,2,1,7,5,5,7,7,8,4,3,3,3,3,6,6,6,6,3,6,6,6,3,3,3,3,3,6,6,6,6,3,4,3,3,4,4,3,3,3,3,3,6,3,4,4,3,3,3,3,3,3,3,4,2,2,2,1,3,3,3,3,2,1,7,3,3,3,2,3,3,3,3,3,3,3,3,3,3,5,5,5,3,3,3,7,7,7,7,7,7,7,7,8,8,8,8,8,8,8,8","0.000946998596191406","fast_greedy","edit-xhwikibooks.graphml"
"0.61","0.19","0.2","0.737170035671819","1,1,1,1,1,2,1,4,2,2,1,5,4,4,4,2,2,1,7,5,3,6,4,4,4,4,4,2,1,2,1,7,5,5,7,7,8,4,3,3,3,3,6,6,6,6,3,6,6,6,3,3,3,3,3,6,6,6,6,3,4,3,3,4,4,3,3,3,3,3,6,3,4,4,3,3,3,3,3,3,3,4,2,2,2,1,3,3,3,3,2,1,7,3,3,3,2,3,3,3,3,3,3,3,3,3,3,5,5,5,3,3,3,7,7,7,7,7,7,7,7,8,8,8,8,8,8,8,8","0.000937938690185547","fast_greedy","edit-xhwikibooks.graphml"
"0.6","0.2","0.2","0.737170035671819","1,1,1,1,1,2,1,4,2,2,1,5,4,4,4,2,2,1,7,5,3,6,4,4,4,4,4,2,1,2,1,7,5,5,7,7,8,4,3,3,3,3,6,6,6,6,3,6,6,6,3,3,3,3,3,6,6,6,6,3,4,3,3,4,4,3,3,3,3,3,6,3,4,4,3,3,3,3,3,3,3,4,2,2,2,1,3,3,3,3,2,1,7,3,3,3,2,3,3,3,3,3,3,3,3,3,3,5,5,5,3,3,3,7,7,7,7,7,7,7,7,8,8,8,8,8,8,8,8","0.00093388557434082","fast_greedy","edit-xhwikibooks.graphml"
"0.59","0.21","0.2","0.729336734693877","1,1,1,1,1,2,1,5,2,2,1,4,5,5,5,2,2,1,7,4,3,6,5,5,5,5,5,2,1,2,1,7,4,4,7,7,8,5,3,3,3,3,6,6,6,6,3,6,6,6,3,3,3,3,3,6,6,6,6,3,9,3,3,5,5,3,3,3,3,3,6,3,5,5,3,3,3,3,3,3,3,5,2,2,2,10,3,3,3,3,11,12,13,3,3,3,2,3,3,3,3,3,3,3,3,3,3,4,4,4,3,3,3,7,7,7,7,7,7,7,7,8,8,8,8,8,8,8,8","0.000931978225708008","fast_greedy","edit-xhwikibooks.graphml"
"0.58","0.22","0.2","0.729336734693877","1,1,1,1,1,2,1,5,2,2,1,4,5,5,5,2,2,1,7,4,3,6,5,5,5,5,5,2,1,2,1,7,4,4,7,7,8,5,3,3,3,3,6,6,6,6,3,6,6,6,3,3,3,3,3,6,6,6,6,3,9,3,3,5,5,3,3,3,3,3,6,3,5,5,3,3,3,3,3,3,3,5,2,2,2,10,3,3,3,3,11,12,13,3,3,3,2,3,3,3,3,3,3,3,3,3,3,4,4,4,3,3,3,7,7,7,7,7,7,7,7,8,8,8,8,8,8,8,8","0.000946044921875","fast_greedy","edit-xhwikibooks.graphml"
"0.57","0.23","0.2","0.729336734693877","1,1,1,1,1,2,1,5,2,2,1,4,5,5,5,2,2,1,7,4,3,6,5,5,5,5,5,2,1,2,1,7,4,4,7,7,8,5,3,3,3,3,6,6,6,6,3,6,6,6,3,3,3,3,3,6,6,6,6,3,9,3,3,5,5,3,3,3,3,3,6,3,5,5,3,3,3,3,3,3,3,5,2,2,2,10,3,3,3,3,11,12,13,3,3,3,2,3,3,3,3,3,3,3,3,3,3,4,4,4,3,3,3,7,7,7,7,7,7,7,7,8,8,8,8,8,8,8,8","0.000929832458496094","fast_greedy","edit-xhwikibooks.graphml"
"0.56","0.24","0.2","0.729336734693877","1,1,1,1,1,2,1,5,2,2,1,4,5,5,5,2,2,1,7,4,3,6,5,5,5,5,5,2,1,2,1,7,4,4,7,7,8,5,3,3,3,3,6,6,6,6,3,6,6,6,3,3,3,3,3,6,6,6,6,3,9,3,3,5,5,3,3,3,3,3,6,3,5,5,3,3,3,3,3,3,3,5,2,2,2,10,3,3,3,3,11,12,13,3,3,3,2,3,3,3,3,3,3,3,3,3,3,4,4,4,3,3,3,7,7,7,7,7,7,7,7,8,8,8,8,8,8,8,8","0.000937938690185547","fast_greedy","edit-xhwikibooks.graphml"
"0.55","0.25","0.2","0.729336734693877","1,1,1,1,1,2,1,5,2,2,1,4,5,5,5,2,2,1,7,4,3,6,5,5,5,5,5,2,1,2,1,7,4,4,7,7,8,5,3,3,3,3,6,6,6,6,3,6,6,6,3,3,3,3,3,6,6,6,6,3,9,3,3,5,5,3,3,3,3,3,6,3,5,5,3,3,3,3,3,3,3,5,2,2,2,10,3,3,3,3,11,12,13,3,3,3,2,3,3,3,3,3,3,3,3,3,3,4,4,4,3,3,3,7,7,7,7,7,7,7,7,8,8,8,8,8,8,8,8","0.000943899154663086","fast_greedy","edit-xhwikibooks.graphml"
"0.54","0.26","0.2","0.729336734693877","1,1,1,1,1,2,1,5,2,2,1,4,5,5,5,2,2,1,7,4,3,6,5,5,5,5,5,2,1,2,1,7,4,4,7,7,8,5,3,3,3,3,6,6,6,6,3,6,6,6,3,3,3,3,3,6,6,6,6,3,9,3,3,5,5,3,3,3,3,3,6,3,5,5,3,3,3,3,3,3,3,5,2,2,2,10,3,3,3,3,11,12,13,3,3,3,2,3,3,3,3,3,3,3,3,3,3,4,4,4,3,3,3,7,7,7,7,7,7,7,7,8,8,8,8,8,8,8,8","0.00097203254699707","fast_greedy","edit-xhwikibooks.graphml"
"0.53","0.27","0.2","0.729336734693877","1,1,1,1,1,2,1,5,2,2,1,4,5,5,5,2,2,1,7,4,3,6,5,5,5,5,5,2,1,2,1,7,4,4,7,7,8,5,3,3,3,3,6,6,6,6,3,6,6,6,3,3,3,3,3,6,6,6,6,3,9,3,3,5,5,3,3,3,3,3,6,3,5,5,3,3,3,3,3,3,3,5,2,2,2,10,3,3,3,3,11,12,13,3,3,3,2,3,3,3,3,3,3,3,3,3,3,4,4,4,3,3,3,7,7,7,7,7,7,7,7,8,8,8,8,8,8,8,8","0.00106000900268555","fast_greedy","edit-xhwikibooks.graphml"
"0.52","0.28","0.2","0.729336734693877","1,1,1,1,1,2,1,5,2,2,1,4,5,5,5,2,2,1,7,4,3,6,5,5,5,5,5,2,1,2,1,7,4,4,7,7,8,5,3,3,3,3,6,6,6,6,3,6,6,6,3,3,3,3,3,6,6,6,6,3,9,3,3,5,5,3,3,3,3,3,6,3,5,5,3,3,3,3,3,3,3,5,2,2,2,10,3,3,3,3,11,12,13,3,3,3,2,3,3,3,3,3,3,3,3,3,3,4,4,4,3,3,3,7,7,7,7,7,7,7,7,8,8,8,8,8,8,8,8","0.000924110412597656","fast_greedy","edit-xhwikibooks.graphml"
"0.51","0.29","0.2","0.729336734693877","1,1,1,1,1,2,1,5,2,2,1,4,5,5,5,2,2,1,7,4,3,6,5,5,5,5,5,2,1,2,1,7,4,4,7,7,8,5,3,3,3,3,6,6,6,6,3,6,6,6,3,3,3,3,3,6,6,6,6,3,9,3,3,5,5,3,3,3,3,3,6,3,5,5,3,3,3,3,3,3,3,5,2,2,2,10,3,3,3,3,11,12,13,3,3,3,2,3,3,3,3,3,3,3,3,3,3,4,4,4,3,3,3,7,7,7,7,7,7,7,7,8,8,8,8,8,8,8,8","0.000934123992919922","fast_greedy","edit-xhwikibooks.graphml"
"0.5","0.3","0.2","0.729336734693877","1,1,1,1,1,2,1,5,2,2,1,4,5,5,5,2,2,1,7,4,3,6,5,5,5,5,5,2,1,2,1,7,4,4,7,7,8,5,3,3,3,3,6,6,6,6,3,6,6,6,3,3,3,3,3,6,6,6,6,3,9,3,3,5,5,3,3,3,3,3,6,3,5,5,3,3,3,3,3,3,3,5,2,2,2,10,3,3,3,3,11,12,13,3,3,3,2,3,3,3,3,3,3,3,3,3,3,4,4,4,3,3,3,7,7,7,7,7,7,7,7,8,8,8,8,8,8,8,8","0.000954866409301758","fast_greedy","edit-xhwikibooks.graphml"
"0.49","0.31","0.2","0.729336734693877","1,1,1,1,1,2,1,5,2,2,1,4,5,5,5,2,2,1,7,4,3,6,5,5,5,5,5,2,1,2,1,7,4,4,7,7,8,5,3,3,3,3,6,6,6,6,3,6,6,6,3,3,3,3,3,6,6,6,6,3,9,3,3,5,5,3,3,3,3,3,6,3,5,5,3,3,3,3,3,3,3,5,2,2,2,10,3,3,3,3,11,12,13,3,3,3,2,3,3,3,3,3,3,3,3,3,3,4,4,4,3,3,3,7,7,7,7,7,7,7,7,8,8,8,8,8,8,8,8","0.000958919525146484","fast_greedy","edit-xhwikibooks.graphml"
"0.48","0.32","0.2","0.729336734693877","1,1,1,1,1,2,1,5,2,2,1,4,5,5,5,2,2,1,7,4,3,6,5,5,5,5,5,2,1,2,1,7,4,4,7,7,8,5,3,3,3,3,6,6,6,6,3,6,6,6,3,3,3,3,3,6,6,6,6,3,9,3,3,5,5,3,3,3,3,3,6,3,5,5,3,3,3,3,3,3,3,5,2,2,2,10,3,3,3,3,11,12,13,3,3,3,2,3,3,3,3,3,3,3,3,3,3,4,4,4,3,3,3,7,7,7,7,7,7,7,7,8,8,8,8,8,8,8,8","0.000952959060668945","fast_greedy","edit-xhwikibooks.graphml"
"0.47","0.33","0.2","0.729336734693877","1,1,1,1,1,2,1,5,2,2,1,4,5,5,5,2,2,1,7,4,3,6,5,5,5,5,5,2,1,2,1,7,4,4,7,7,8,5,3,3,3,3,6,6,6,6,3,6,6,6,3,3,3,3,3,6,6,6,6,3,9,3,3,5,5,3,3,3,3,3,6,3,5,5,3,3,3,3,3,3,3,5,2,2,2,10,3,3,3,3,11,12,13,3,3,3,2,3,3,3,3,3,3,3,3,3,3,4,4,4,3,3,3,7,7,7,7,7,7,7,7,8,8,8,8,8,8,8,8","0.000951051712036133","fast_greedy","edit-xhwikibooks.graphml"
"0.46","0.34","0.2","0.730496453900709","1,1,1,1,1,2,1,4,2,2,1,5,4,4,4,2,2,1,7,5,3,6,4,4,4,4,4,2,1,2,1,7,5,5,7,7,8,4,3,3,3,3,6,6,6,6,3,6,6,6,3,3,3,3,3,6,6,6,6,3,9,3,3,4,4,3,3,3,3,3,6,3,4,4,3,3,3,3,3,3,3,4,2,2,2,10,3,3,3,3,11,12,13,3,3,3,2,3,3,3,3,3,3,3,3,3,3,5,5,5,3,3,3,7,7,7,7,7,7,7,7,8,8,8,8,8,8,8,8","0.00114798545837402","fast_greedy","edit-xhwikibooks.graphml"
"0.45","0.35","0.2","0.730496453900709","1,1,1,1,1,2,1,4,2,2,1,5,4,4,4,2,2,1,7,5,3,6,4,4,4,4,4,2,1,2,1,7,5,5,7,7,8,4,3,3,3,3,6,6,6,6,3,6,6,6,3,3,3,3,3,6,6,6,6,3,9,3,3,4,4,3,3,3,3,3,6,3,4,4,3,3,3,3,3,3,3,4,2,2,2,10,3,3,3,3,11,12,13,3,3,3,2,3,3,3,3,3,3,3,3,3,3,5,5,5,3,3,3,7,7,7,7,7,7,7,7,8,8,8,8,8,8,8,8","0.000941038131713867","fast_greedy","edit-xhwikibooks.graphml"
"0.44","0.36","0.2","0.730496453900709","1,1,1,1,1,2,1,4,2,2,1,5,4,4,4,2,2,1,7,5,3,6,4,4,4,4,4,2,1,2,1,7,5,5,7,7,8,4,3,3,3,3,6,6,6,6,3,6,6,6,3,3,3,3,3,6,6,6,6,3,9,3,3,4,4,3,3,3,3,3,6,3,4,4,3,3,3,3,3,3,3,4,2,2,2,10,3,3,3,3,11,12,13,3,3,3,2,3,3,3,3,3,3,3,3,3,3,5,5,5,3,3,3,7,7,7,7,7,7,7,7,8,8,8,8,8,8,8,8","0.000959873199462891","fast_greedy","edit-xhwikibooks.graphml"
"0.43","0.37","0.2","0.730496453900709","1,1,1,1,1,2,1,4,2,2,1,5,4,4,4,2,2,1,7,5,3,6,4,4,4,4,4,2,1,2,1,7,5,5,7,7,8,4,3,3,3,3,6,6,6,6,3,6,6,6,3,3,3,3,3,6,6,6,6,3,9,3,3,4,4,3,3,3,3,3,6,3,4,4,3,3,3,3,3,3,3,4,2,2,2,10,3,3,3,3,11,12,13,3,3,3,2,3,3,3,3,3,3,3,3,3,3,5,5,5,3,3,3,7,7,7,7,7,7,7,7,8,8,8,8,8,8,8,8","0.000977039337158203","fast_greedy","edit-xhwikibooks.graphml"
"0.42","0.38","0.2","0.730496453900709","1,1,1,1,1,2,1,4,2,2,1,5,4,4,4,2,2,1,7,5,3,6,4,4,4,4,4,2,1,2,1,7,5,5,7,7,8,4,3,3,3,3,6,6,6,6,3,6,6,6,3,3,3,3,3,6,6,6,6,3,9,3,3,4,4,3,3,3,3,3,6,3,4,4,3,3,3,3,3,3,3,4,2,2,2,10,3,3,3,3,11,12,13,3,3,3,2,3,3,3,3,3,3,3,3,3,3,5,5,5,3,3,3,7,7,7,7,7,7,7,7,8,8,8,8,8,8,8,8","0.00097203254699707","fast_greedy","edit-xhwikibooks.graphml"
"0.41","0.39","0.2","0.730496453900709","1,1,1,1,1,2,1,4,2,2,1,5,4,4,4,2,2,1,7,5,3,6,4,4,4,4,4,2,1,2,1,7,5,5,7,7,8,4,3,3,3,3,6,6,6,6,3,6,6,6,3,3,3,3,3,6,6,6,6,3,9,3,3,4,4,3,3,3,3,3,6,3,4,4,3,3,3,3,3,3,3,4,2,2,2,10,3,3,3,3,11,12,13,3,3,3,2,3,3,3,3,3,3,3,3,3,3,5,5,5,3,3,3,7,7,7,7,7,7,7,7,8,8,8,8,8,8,8,8","0.000952959060668945","fast_greedy","edit-xhwikibooks.graphml"
"0.4","0.4","0.2","0.730496453900709","1,1,1,1,1,2,1,4,2,2,1,5,4,4,4,2,2,1,7,5,3,6,4,4,4,4,4,2,1,2,1,7,5,5,7,7,8,4,3,3,3,3,6,6,6,6,3,6,6,6,3,3,3,3,3,6,6,6,6,3,9,3,3,4,4,3,3,3,3,3,6,3,4,4,3,3,3,3,3,3,3,4,2,2,2,10,3,3,3,3,11,12,13,3,3,3,2,3,3,3,3,3,3,3,3,3,3,5,5,5,3,3,3,7,7,7,7,7,7,7,7,8,8,8,8,8,8,8,8","0.000955104827880859","fast_greedy","edit-xhwikibooks.graphml"
"0.39","0.41","0.2","0.714497989627644","1,1,1,1,1,4,1,6,4,4,3,1,6,6,6,4,8,3,3,1,2,5,6,6,6,6,6,4,1,9,10,3,1,1,3,3,7,6,2,2,2,2,5,5,5,5,2,5,5,5,2,2,2,2,2,5,5,5,5,2,11,2,2,12,13,2,2,2,2,2,5,2,6,6,2,2,2,2,2,2,2,14,4,4,4,15,2,2,2,2,16,17,18,2,2,2,19,2,2,2,2,2,2,2,2,2,2,20,21,2,2,2,2,3,3,3,3,3,3,3,3,7,7,7,7,7,7,7,7","0.000941038131713867","fast_greedy","edit-xhwikibooks.graphml"
"0.38","0.42","0.2","0.714497989627644","1,1,1,1,1,4,1,6,4,4,3,1,6,6,6,4,8,3,3,1,2,5,6,6,6,6,6,4,1,9,10,3,1,1,3,3,7,6,2,2,2,2,5,5,5,5,2,5,5,5,2,2,2,2,2,5,5,5,5,2,11,2,2,12,13,2,2,2,2,2,5,2,6,6,2,2,2,2,2,2,2,14,4,4,4,15,2,2,2,2,16,17,18,2,2,2,19,2,2,2,2,2,2,2,2,2,2,20,21,2,2,2,2,3,3,3,3,3,3,3,3,7,7,7,7,7,7,7,7","0.000944137573242188","fast_greedy","edit-xhwikibooks.graphml"
"0.37","0.43","0.2","0.714497989627644","1,1,1,1,1,4,1,6,4,4,3,1,6,6,6,4,8,3,3,1,2,5,6,6,6,6,6,4,1,9,10,3,1,1,3,3,7,6,2,2,2,2,5,5,5,5,2,5,5,5,2,2,2,2,2,5,5,5,5,2,11,2,2,12,13,2,2,2,2,2,5,2,6,6,2,2,2,2,2,2,2,14,4,4,4,15,2,2,2,2,16,17,18,2,2,2,19,2,2,2,2,2,2,2,2,2,2,20,21,2,2,2,2,3,3,3,3,3,3,3,3,7,7,7,7,7,7,7,7","0.000965118408203125","fast_greedy","edit-xhwikibooks.graphml"
"0.36","0.44","0.2","0.714497989627644","1,1,1,1,1,4,1,6,4,4,3,1,6,6,6,4,8,3,3,1,2,5,6,6,6,6,6,4,1,9,10,3,1,1,3,3,7,6,2,2,2,2,5,5,5,5,2,5,5,5,2,2,2,2,2,5,5,5,5,2,11,2,2,12,13,2,2,2,2,2,5,2,6,6,2,2,2,2,2,2,2,14,4,4,4,15,2,2,2,2,16,17,18,2,2,2,19,2,2,2,2,2,2,2,2,2,2,20,21,2,2,2,2,3,3,3,3,3,3,3,3,7,7,7,7,7,7,7,7","0.000992059707641602","fast_greedy","edit-xhwikibooks.graphml"
"0.35","0.45","0.2","0.714497989627644","1,1,1,1,1,4,1,6,4,4,3,1,6,6,6,4,8,3,3,1,2,5,6,6,6,6,6,4,1,9,10,3,1,1,3,3,7,6,2,2,2,2,5,5,5,5,2,5,5,5,2,2,2,2,2,5,5,5,5,2,11,2,2,12,13,2,2,2,2,2,5,2,6,6,2,2,2,2,2,2,2,14,4,4,4,15,2,2,2,2,16,17,18,2,2,2,19,2,2,2,2,2,2,2,2,2,2,20,21,2,2,2,2,3,3,3,3,3,3,3,3,7,7,7,7,7,7,7,7","0.000997066497802734","fast_greedy","edit-xhwikibooks.graphml"
"0.34","0.46","0.2","0.714497989627644","1,1,1,1,1,4,1,6,4,4,3,1,6,6,6,4,8,3,3,1,2,5,6,6,6,6,6,4,1,9,10,3,1,1,3,3,7,6,2,2,2,2,5,5,5,5,2,5,5,5,2,2,2,2,2,5,5,5,5,2,11,2,2,12,13,2,2,2,2,2,5,2,6,6,2,2,2,2,2,2,2,14,4,4,4,15,2,2,2,2,16,17,18,2,2,2,19,2,2,2,2,2,2,2,2,2,2,20,21,2,2,2,2,3,3,3,3,3,3,3,3,7,7,7,7,7,7,7,7","0.00115799903869629","fast_greedy","edit-xhwikibooks.graphml"
"0.33","0.47","0.2","0.714497989627644","1,1,1,1,1,4,1,6,4,4,3,1,6,6,6,4,8,3,3,1,2,5,6,6,6,6,6,4,1,9,10,3,1,1,3,3,7,6,2,2,2,2,5,5,5,5,2,5,5,5,2,2,2,2,2,5,5,5,5,2,11,2,2,12,13,2,2,2,2,2,5,2,6,6,2,2,2,2,2,2,2,14,4,4,4,15,2,2,2,2,16,17,18,2,2,2,19,2,2,2,2,2,2,2,2,2,2,20,21,2,2,2,2,3,3,3,3,3,3,3,3,7,7,7,7,7,7,7,7","0.000946998596191406","fast_greedy","edit-xhwikibooks.graphml"
"0.32","0.48","0.2","0.714497989627644","1,1,1,1,1,4,1,6,4,4,3,1,6,6,6,4,8,3,3,1,2,5,6,6,6,6,6,4,1,9,10,3,1,1,3,3,7,6,2,2,2,2,5,5,5,5,2,5,5,5,2,2,2,2,2,5,5,5,5,2,11,2,2,12,13,2,2,2,2,2,5,2,6,6,2,2,2,2,2,2,2,14,4,4,4,15,2,2,2,2,16,17,18,2,2,2,19,2,2,2,2,2,2,2,2,2,2,20,21,2,2,2,2,3,3,3,3,3,3,3,3,7,7,7,7,7,7,7,7","0.000944852828979492","fast_greedy","edit-xhwikibooks.graphml"
"0.31","0.49","0.2","0.714497989627644","1,1,1,1,1,4,1,6,4,4,3,1,6,6,6,4,8,3,3,1,2,5,6,6,6,6,6,4,1,9,10,3,1,1,3,3,7,6,2,2,2,2,5,5,5,5,2,5,5,5,2,2,2,2,2,5,5,5,5,2,11,2,2,12,13,2,2,2,2,2,5,2,6,6,2,2,2,2,2,2,2,14,4,4,4,15,2,2,2,2,16,17,18,2,2,2,19,2,2,2,2,2,2,2,2,2,2,20,21,2,2,2,2,3,3,3,3,3,3,3,3,7,7,7,7,7,7,7,7","0.000962018966674805","fast_greedy","edit-xhwikibooks.graphml"
"0.3","0.5","0.2","0.729573264330512","1,1,1,1,2,1,2,6,1,1,2,2,6,6,6,1,8,2,2,2,3,4,6,6,6,6,6,1,1,9,10,2,2,2,5,5,7,6,3,3,3,3,4,4,4,4,3,4,4,4,3,3,3,3,3,4,4,4,4,3,11,3,3,12,13,3,3,3,3,3,4,3,6,6,3,3,3,3,3,3,3,14,1,1,1,15,3,3,3,3,16,17,18,3,3,3,19,3,3,3,3,3,3,3,3,3,3,20,21,3,3,3,3,5,5,5,5,5,5,5,5,7,7,7,7,7,7,7,7","0.00113701820373535","fast_greedy","edit-xhwikibooks.graphml"
"0.29","0.51","0.2","0.729573264330512","1,1,1,1,2,1,2,6,1,1,2,2,6,6,6,1,8,2,2,2,3,4,6,6,6,6,6,1,1,9,10,2,2,2,5,5,7,6,3,3,3,3,4,4,4,4,3,4,4,4,3,3,3,3,3,4,4,4,4,3,11,3,3,12,13,3,3,3,3,3,4,3,6,6,3,3,3,3,3,3,3,14,1,1,1,15,3,3,3,3,16,17,18,3,3,3,19,3,3,3,3,3,3,3,3,3,3,20,21,3,3,3,3,5,5,5,5,5,5,5,5,7,7,7,7,7,7,7,7","0.000953912734985352","fast_greedy","edit-xhwikibooks.graphml"
"0.28","0.52","0.2","0.729573264330512","1,1,1,1,2,1,2,6,1,1,2,2,6,6,6,1,8,2,2,2,3,4,6,6,6,6,6,1,1,9,10,2,2,2,5,5,7,6,3,3,3,3,4,4,4,4,3,4,4,4,3,3,3,3,3,4,4,4,4,3,11,3,3,12,13,3,3,3,3,3,4,3,6,6,3,3,3,3,3,3,3,14,1,1,1,15,3,3,3,3,16,17,18,3,3,3,19,3,3,3,3,3,3,3,3,3,3,20,21,3,3,3,3,5,5,5,5,5,5,5,5,7,7,7,7,7,7,7,7","0.000978946685791016","fast_greedy","edit-xhwikibooks.graphml"
"0.27","0.53","0.2","0.729573264330512","1,1,1,1,2,1,2,6,1,1,2,2,6,6,6,1,8,2,2,2,3,4,6,6,6,6,6,1,1,9,10,2,2,2,5,5,7,6,3,3,3,3,4,4,4,4,3,4,4,4,3,3,3,3,3,4,4,4,4,3,11,3,3,12,13,3,3,3,3,3,4,3,6,6,3,3,3,3,3,3,3,14,1,1,1,15,3,3,3,3,16,17,18,3,3,3,19,3,3,3,3,3,3,3,3,3,3,20,21,3,3,3,3,5,5,5,5,5,5,5,5,7,7,7,7,7,7,7,7","0.000962018966674805","fast_greedy","edit-xhwikibooks.graphml"
"0.26","0.54","0.2","0.729573264330512","1,1,1,1,2,1,2,6,1,1,2,2,6,6,6,1,8,2,2,2,3,4,6,6,6,6,6,1,1,9,10,2,2,2,5,5,7,6,3,3,3,3,4,4,4,4,3,4,4,4,3,3,3,3,3,4,4,4,4,3,11,3,3,12,13,3,3,3,3,3,4,3,6,6,3,3,3,3,3,3,3,14,1,1,1,15,3,3,3,3,16,17,18,3,3,3,19,3,3,3,3,3,3,3,3,3,3,20,21,3,3,3,3,5,5,5,5,5,5,5,5,7,7,7,7,7,7,7,7","0.000960826873779297","fast_greedy","edit-xhwikibooks.graphml"
"0.25","0.55","0.2","0.729573264330512","1,1,1,1,2,1,2,6,1,1,2,2,6,6,6,1,8,2,2,2,3,4,6,6,6,6,6,1,1,9,10,2,2,2,5,5,7,6,3,3,3,3,4,4,4,4,3,4,4,4,3,3,3,3,3,4,4,4,4,3,11,3,3,12,13,3,3,3,3,3,4,3,6,6,3,3,3,3,3,3,3,14,1,1,1,15,3,3,3,3,16,17,18,3,3,3,19,3,3,3,3,3,3,3,3,3,3,20,21,3,3,3,3,5,5,5,5,5,5,5,5,7,7,7,7,7,7,7,7","0.000986099243164062","fast_greedy","edit-xhwikibooks.graphml"
"0.24","0.56","0.2","0.729573264330512","1,1,1,1,2,1,2,6,1,1,2,2,6,6,6,1,8,2,2,2,3,4,6,6,6,6,6,1,1,9,10,2,2,2,5,5,7,6,3,3,3,3,4,4,4,4,3,4,4,4,3,3,3,3,3,4,4,4,4,3,11,3,3,12,13,3,3,3,3,3,4,3,6,6,3,3,3,3,3,3,3,14,1,1,1,15,3,3,3,3,16,17,18,3,3,3,19,3,3,3,3,3,3,3,3,3,3,20,21,3,3,3,3,5,5,5,5,5,5,5,5,7,7,7,7,7,7,7,7","0.00100898742675781","fast_greedy","edit-xhwikibooks.graphml"
"0.23","0.57","0.2","0.729573264330512","1,1,1,1,2,1,2,6,1,1,2,2,6,6,6,1,8,2,2,2,3,4,6,6,6,6,6,1,1,9,10,2,2,2,5,5,7,6,3,3,3,3,4,4,4,4,3,4,4,4,3,3,3,3,3,4,4,4,4,3,11,3,3,12,13,3,3,3,3,3,4,3,6,6,3,3,3,3,3,3,3,14,1,1,1,15,3,3,3,3,16,17,18,3,3,3,19,3,3,3,3,3,3,3,3,3,3,20,21,3,3,3,3,5,5,5,5,5,5,5,5,7,7,7,7,7,7,7,7","0.00100302696228027","fast_greedy","edit-xhwikibooks.graphml"
"0.22","0.58","0.2","0.729573264330512","1,1,1,1,2,1,2,6,1,1,2,2,6,6,6,1,8,2,2,2,3,4,6,6,6,6,6,1,1,9,10,2,2,2,5,5,7,6,3,3,3,3,4,4,4,4,3,4,4,4,3,3,3,3,3,4,4,4,4,3,11,3,3,12,13,3,3,3,3,3,4,3,6,6,3,3,3,3,3,3,3,14,1,1,1,15,3,3,3,3,16,17,18,3,3,3,19,3,3,3,3,3,3,3,3,3,3,20,21,3,3,3,3,5,5,5,5,5,5,5,5,7,7,7,7,7,7,7,7","0.0011131763458252","fast_greedy","edit-xhwikibooks.graphml"
"0.21","0.59","0.2","0.729573264330512","1,1,1,1,2,1,2,6,1,1,2,2,6,6,6,1,8,2,2,2,3,4,6,6,6,6,6,1,1,9,10,2,2,2,5,5,7,6,3,3,3,3,4,4,4,4,3,4,4,4,3,3,3,3,3,4,4,4,4,3,11,3,3,12,13,3,3,3,3,3,4,3,6,6,3,3,3,3,3,3,3,14,1,1,1,15,3,3,3,3,16,17,18,3,3,3,19,3,3,3,3,3,3,3,3,3,3,20,21,3,3,3,3,5,5,5,5,5,5,5,5,7,7,7,7,7,7,7,7","0.000947952270507812","fast_greedy","edit-xhwikibooks.graphml"
"0.2","0.6","0.2","0.729573264330512","1,1,1,1,2,1,2,6,1,1,2,2,6,6,6,1,8,2,2,2,3,4,6,6,6,6,6,1,1,9,10,2,2,2,5,5,7,6,3,3,3,3,4,4,4,4,3,4,4,4,3,3,3,3,3,4,4,4,4,3,11,3,3,12,13,3,3,3,3,3,4,3,6,6,3,3,3,3,3,3,3,14,1,1,1,15,3,3,3,3,16,17,18,3,3,3,19,3,3,3,3,3,3,3,3,3,3,20,21,3,3,3,3,5,5,5,5,5,5,5,5,7,7,7,7,7,7,7,7","0.000950098037719727","fast_greedy","edit-xhwikibooks.graphml"
"0.19","0.61","0.2","0.715035430763493","1,1,1,2,7,2,4,2,2,2,4,8,2,2,2,2,9,10,4,6,3,1,11,2,2,2,2,2,1,12,13,14,6,15,4,4,5,2,3,3,3,3,1,1,1,1,3,1,1,1,3,3,3,3,3,1,1,1,1,3,16,3,3,17,18,3,3,3,3,3,1,3,19,20,3,3,3,3,3,3,3,21,22,23,24,25,3,3,3,3,26,27,28,3,3,3,29,3,3,3,3,3,3,3,3,3,3,30,31,3,3,3,3,4,4,4,4,4,4,4,4,5,5,5,5,5,5,5,5","0.00105905532836914","fast_greedy","edit-xhwikibooks.graphml"
"0.18","0.62","0.2","0.715035430763493","1,1,1,2,7,2,4,2,2,2,4,8,2,2,2,2,9,10,4,6,3,1,11,2,2,2,2,2,1,12,13,14,6,15,4,4,5,2,3,3,3,3,1,1,1,1,3,1,1,1,3,3,3,3,3,1,1,1,1,3,16,3,3,17,18,3,3,3,3,3,1,3,19,20,3,3,3,3,3,3,3,21,22,23,24,25,3,3,3,3,26,27,28,3,3,3,29,3,3,3,3,3,3,3,3,3,3,30,31,3,3,3,3,4,4,4,4,4,4,4,4,5,5,5,5,5,5,5,5","0.000929117202758789","fast_greedy","edit-xhwikibooks.graphml"
"0.17","0.63","0.2","0.715035430763493","1,1,1,2,7,2,4,2,2,2,4,8,2,2,2,2,9,10,4,6,3,1,11,2,2,2,2,2,1,12,13,14,6,15,4,4,5,2,3,3,3,3,1,1,1,1,3,1,1,1,3,3,3,3,3,1,1,1,1,3,16,3,3,17,18,3,3,3,3,3,1,3,19,20,3,3,3,3,3,3,3,21,22,23,24,25,3,3,3,3,26,27,28,3,3,3,29,3,3,3,3,3,3,3,3,3,3,30,31,3,3,3,3,4,4,4,4,4,4,4,4,5,5,5,5,5,5,5,5","0.000913143157958984","fast_greedy","edit-xhwikibooks.graphml"
"0.16","0.64","0.2","0.715035430763493","1,1,1,2,7,2,4,2,2,2,4,8,2,2,2,2,9,10,4,6,3,1,11,2,2,2,2,2,1,12,13,14,6,15,4,4,5,2,3,3,3,3,1,1,1,1,3,1,1,1,3,3,3,3,3,1,1,1,1,3,16,3,3,17,18,3,3,3,3,3,1,3,19,20,3,3,3,3,3,3,3,21,22,23,24,25,3,3,3,3,26,27,28,3,3,3,29,3,3,3,3,3,3,3,3,3,3,30,31,3,3,3,3,4,4,4,4,4,4,4,4,5,5,5,5,5,5,5,5","0.000943899154663086","fast_greedy","edit-xhwikibooks.graphml"
"0.15","0.65","0.2","0.715035430763493","1,1,1,2,7,2,4,2,2,2,4,8,2,2,2,2,9,10,4,6,3,1,11,2,2,2,2,2,1,12,13,14,6,15,4,4,5,2,3,3,3,3,1,1,1,1,3,1,1,1,3,3,3,3,3,1,1,1,1,3,16,3,3,17,18,3,3,3,3,3,1,3,19,20,3,3,3,3,3,3,3,21,22,23,24,25,3,3,3,3,26,27,28,3,3,3,29,3,3,3,3,3,3,3,3,3,3,30,31,3,3,3,3,4,4,4,4,4,4,4,4,5,5,5,5,5,5,5,5","0.000947952270507812","fast_greedy","edit-xhwikibooks.graphml"
"0.14","0.66","0.2","0.715035430763493","1,1,1,2,7,2,4,2,2,2,4,8,2,2,2,2,9,10,4,6,3,1,11,2,2,2,2,2,1,12,13,14,6,15,4,4,5,2,3,3,3,3,1,1,1,1,3,1,1,1,3,3,3,3,3,1,1,1,1,3,16,3,3,17,18,3,3,3,3,3,1,3,19,20,3,3,3,3,3,3,3,21,22,23,24,25,3,3,3,3,26,27,28,3,3,3,29,3,3,3,3,3,3,3,3,3,3,30,31,3,3,3,3,4,4,4,4,4,4,4,4,5,5,5,5,5,5,5,5","0.000932931900024414","fast_greedy","edit-xhwikibooks.graphml"
"0.13","0.67","0.2","0.715035430763493","1,1,1,2,7,2,4,2,2,2,4,8,2,2,2,2,9,10,4,6,3,1,11,2,2,2,2,2,1,12,13,14,6,15,4,4,5,2,3,3,3,3,1,1,1,1,3,1,1,1,3,3,3,3,3,1,1,1,1,3,16,3,3,17,18,3,3,3,3,3,1,3,19,20,3,3,3,3,3,3,3,21,22,23,24,25,3,3,3,3,26,27,28,3,3,3,29,3,3,3,3,3,3,3,3,3,3,30,31,3,3,3,3,4,4,4,4,4,4,4,4,5,5,5,5,5,5,5,5","0.000955104827880859","fast_greedy","edit-xhwikibooks.graphml"
"0.12","0.68","0.2","0.715035430763493","1,1,1,2,7,2,4,2,2,2,4,8,2,2,2,2,9,10,4,6,3,1,11,2,2,2,2,2,1,12,13,14,6,15,4,4,5,2,3,3,3,3,1,1,1,1,3,1,1,1,3,3,3,3,3,1,1,1,1,3,16,3,3,17,18,3,3,3,3,3,1,3,19,20,3,3,3,3,3,3,3,21,22,23,24,25,3,3,3,3,26,27,28,3,3,3,29,3,3,3,3,3,3,3,3,3,3,30,31,3,3,3,3,4,4,4,4,4,4,4,4,5,5,5,5,5,5,5,5","0.000967025756835938","fast_greedy","edit-xhwikibooks.graphml"
"0.11","0.69","0.2","0.715035430763493","1,1,1,2,7,2,4,2,2,2,4,8,2,2,2,2,9,10,4,6,3,1,11,2,2,2,2,2,1,12,13,14,6,15,4,4,5,2,3,3,3,3,1,1,1,1,3,1,1,1,3,3,3,3,3,1,1,1,1,3,16,3,3,17,18,3,3,3,3,3,1,3,19,20,3,3,3,3,3,3,3,21,22,23,24,25,3,3,3,3,26,27,28,3,3,3,29,3,3,3,3,3,3,3,3,3,3,30,31,3,3,3,3,4,4,4,4,4,4,4,4,5,5,5,5,5,5,5,5","0.000974893569946289","fast_greedy","edit-xhwikibooks.graphml"
"0.1","0.7","0.2","0.715035430763493","1,1,1,2,7,2,4,2,2,2,4,8,2,2,2,2,9,10,4,6,3,1,11,2,2,2,2,2,1,12,13,14,6,15,4,4,5,2,3,3,3,3,1,1,1,1,3,1,1,1,3,3,3,3,3,1,1,1,1,3,16,3,3,17,18,3,3,3,3,3,1,3,19,20,3,3,3,3,3,3,3,21,22,23,24,25,3,3,3,3,26,27,28,3,3,3,29,3,3,3,3,3,3,3,3,3,3,30,31,3,3,3,3,4,4,4,4,4,4,4,4,5,5,5,5,5,5,5,5","0.00110912322998047","fast_greedy","edit-xhwikibooks.graphml"
"0.09","0.71","0.2","0.715035430763493","1,1,1,2,7,2,4,2,2,2,4,8,2,2,2,2,9,10,4,6,3,1,11,2,2,2,2,2,1,12,13,14,6,15,4,4,5,2,3,3,3,3,1,1,1,1,3,1,1,1,3,3,3,3,3,1,1,1,1,3,16,3,3,17,18,3,3,3,3,3,1,3,19,20,3,3,3,3,3,3,3,21,22,23,24,25,3,3,3,3,26,27,28,3,3,3,29,3,3,3,3,3,3,3,3,3,3,30,31,3,3,3,3,4,4,4,4,4,4,4,4,5,5,5,5,5,5,5,5","0.000941991806030273","fast_greedy","edit-xhwikibooks.graphml"
"0.08","0.72","0.2","0.715035430763493","1,1,1,2,7,2,4,2,2,2,4,8,2,2,2,2,9,10,4,6,3,1,11,2,2,2,2,2,1,12,13,14,6,15,4,4,5,2,3,3,3,3,1,1,1,1,3,1,1,1,3,3,3,3,3,1,1,1,1,3,16,3,3,17,18,3,3,3,3,3,1,3,19,20,3,3,3,3,3,3,3,21,22,23,24,25,3,3,3,3,26,27,28,3,3,3,29,3,3,3,3,3,3,3,3,3,3,30,31,3,3,3,3,4,4,4,4,4,4,4,4,5,5,5,5,5,5,5,5","0.00105714797973633","fast_greedy","edit-xhwikibooks.graphml"
"0.07","0.73","0.2","0.715035430763493","1,1,1,2,7,2,4,2,2,2,4,8,2,2,2,2,9,10,4,6,3,1,11,2,2,2,2,2,1,12,13,14,6,15,4,4,5,2,3,3,3,3,1,1,1,1,3,1,1,1,3,3,3,3,3,1,1,1,1,3,16,3,3,17,18,3,3,3,3,3,1,3,19,20,3,3,3,3,3,3,3,21,22,23,24,25,3,3,3,3,26,27,28,3,3,3,29,3,3,3,3,3,3,3,3,3,3,30,31,3,3,3,3,4,4,4,4,4,4,4,4,5,5,5,5,5,5,5,5","0.000957965850830078","fast_greedy","edit-xhwikibooks.graphml"
"0.06","0.74","0.2","0.715035430763493","1,1,1,2,7,2,4,2,2,2,4,8,2,2,2,2,9,10,4,6,3,1,11,2,2,2,2,2,1,12,13,14,6,15,4,4,5,2,3,3,3,3,1,1,1,1,3,1,1,1,3,3,3,3,3,1,1,1,1,3,16,3,3,17,18,3,3,3,3,3,1,3,19,20,3,3,3,3,3,3,3,21,22,23,24,25,3,3,3,3,26,27,28,3,3,3,29,3,3,3,3,3,3,3,3,3,3,30,31,3,3,3,3,4,4,4,4,4,4,4,4,5,5,5,5,5,5,5,5","0.000952959060668945","fast_greedy","edit-xhwikibooks.graphml"
"0.05","0.75","0.2","0.715035430763493","1,1,1,2,7,2,4,2,2,2,4,8,2,2,2,2,9,10,4,6,3,1,11,2,2,2,2,2,1,12,13,14,6,15,4,4,5,2,3,3,3,3,1,1,1,1,3,1,1,1,3,3,3,3,3,1,1,1,1,3,16,3,3,17,18,3,3,3,3,3,1,3,19,20,3,3,3,3,3,3,3,21,22,23,24,25,3,3,3,3,26,27,28,3,3,3,29,3,3,3,3,3,3,3,3,3,3,30,31,3,3,3,3,4,4,4,4,4,4,4,4,5,5,5,5,5,5,5,5","0.000944137573242188","fast_greedy","edit-xhwikibooks.graphml"
"0.04","0.76","0.2","0.715035430763493","1,1,1,2,7,2,4,2,2,2,4,8,2,2,2,2,9,10,4,6,3,1,11,2,2,2,2,2,1,12,13,14,6,15,4,4,5,2,3,3,3,3,1,1,1,1,3,1,1,1,3,3,3,3,3,1,1,1,1,3,16,3,3,17,18,3,3,3,3,3,1,3,19,20,3,3,3,3,3,3,3,21,22,23,24,25,3,3,3,3,26,27,28,3,3,3,29,3,3,3,3,3,3,3,3,3,3,30,31,3,3,3,3,4,4,4,4,4,4,4,4,5,5,5,5,5,5,5,5","0.000975131988525391","fast_greedy","edit-xhwikibooks.graphml"
"0.03","0.77","0.2","0.715035430763493","1,1,1,2,7,2,4,2,2,2,4,8,2,2,2,2,9,10,4,6,3,1,11,2,2,2,2,2,1,12,13,14,6,15,4,4,5,2,3,3,3,3,1,1,1,1,3,1,1,1,3,3,3,3,3,1,1,1,1,3,16,3,3,17,18,3,3,3,3,3,1,3,19,20,3,3,3,3,3,3,3,21,22,23,24,25,3,3,3,3,26,27,28,3,3,3,29,3,3,3,3,3,3,3,3,3,3,30,31,3,3,3,3,4,4,4,4,4,4,4,4,5,5,5,5,5,5,5,5","0.000971078872680664","fast_greedy","edit-xhwikibooks.graphml"
"0.02","0.78","0.2","0.715035430763493","1,1,1,2,7,2,4,2,2,2,4,8,2,2,2,2,9,10,4,6,3,1,11,2,2,2,2,2,1,12,13,14,6,15,4,4,5,2,3,3,3,3,1,1,1,1,3,1,1,1,3,3,3,3,3,1,1,1,1,3,16,3,3,17,18,3,3,3,3,3,1,3,19,20,3,3,3,3,3,3,3,21,22,23,24,25,3,3,3,3,26,27,28,3,3,3,29,3,3,3,3,3,3,3,3,3,3,30,31,3,3,3,3,4,4,4,4,4,4,4,4,5,5,5,5,5,5,5,5","0.000985860824584961","fast_greedy","edit-xhwikibooks.graphml"
"0.01","0.79","0.2","0.715035430763493","1,1,1,2,7,2,4,2,2,2,4,8,2,2,2,2,9,10,4,6,3,1,11,2,2,2,2,2,1,12,13,14,6,15,4,4,5,2,3,3,3,3,1,1,1,1,3,1,1,1,3,3,3,3,3,1,1,1,1,3,16,3,3,17,18,3,3,3,3,3,1,3,19,20,3,3,3,3,3,3,3,21,22,23,24,25,3,3,3,3,26,27,28,3,3,3,29,3,3,3,3,3,3,3,3,3,3,30,31,3,3,3,3,4,4,4,4,4,4,4,4,5,5,5,5,5,5,5,5","0.000992059707641602","fast_greedy","edit-xhwikibooks.graphml"
"0","0.8","0.2","0.704210069444444","3,3,3,1,3,1,4,1,1,1,4,7,1,1,1,1,8,9,4,6,2,3,10,1,1,1,1,1,3,11,12,13,6,14,4,4,5,1,2,2,2,2,3,3,3,3,2,3,3,3,2,2,2,2,2,3,3,3,3,2,15,2,2,16,17,2,2,2,2,2,3,2,18,19,2,2,2,2,2,2,2,20,21,22,23,24,2,2,2,2,25,26,27,2,2,2,28,2,2,2,2,2,2,2,2,2,2,29,30,2,2,2,2,4,4,4,4,4,4,4,4,5,5,5,5,5,5,5,5","0.0010068416595459","fast_greedy","edit-xhwikibooks.graphml"
"0.79","0","0.21","0.736207561728395","1,1,1,1,1,2,1,5,2,2,1,4,5,5,5,2,2,1,7,4,3,6,5,5,5,5,5,2,1,2,1,7,4,4,7,7,8,5,3,3,3,3,6,6,6,6,3,6,6,6,3,3,3,3,3,6,6,6,6,3,5,3,3,5,5,3,3,3,3,3,6,3,5,5,3,3,3,3,3,3,3,5,2,2,2,1,3,3,3,3,2,1,7,3,3,3,2,3,3,3,3,3,3,3,3,3,3,4,4,4,3,3,3,7,7,7,7,7,7,7,7,8,8,8,8,8,8,8,8","0.00101995468139648","fast_greedy","edit-xhwikibooks.graphml"
"0.78","0.01","0.21","0.736207561728395","1,1,1,1,1,2,1,5,2,2,1,4,5,5,5,2,2,1,7,4,3,6,5,5,5,5,5,2,1,2,1,7,4,4,7,7,8,5,3,3,3,3,6,6,6,6,3,6,6,6,3,3,3,3,3,6,6,6,6,3,5,3,3,5,5,3,3,3,3,3,6,3,5,5,3,3,3,3,3,3,3,5,2,2,2,1,3,3,3,3,2,1,7,3,3,3,2,3,3,3,3,3,3,3,3,3,3,4,4,4,3,3,3,7,7,7,7,7,7,7,7,8,8,8,8,8,8,8,8","0.00115799903869629","fast_greedy","edit-xhwikibooks.graphml"
"0.77","0.02","0.21","0.736207561728395","1,1,1,1,1,2,1,5,2,2,1,4,5,5,5,2,2,1,7,4,3,6,5,5,5,5,5,2,1,2,1,7,4,4,7,7,8,5,3,3,3,3,6,6,6,6,3,6,6,6,3,3,3,3,3,6,6,6,6,3,5,3,3,5,5,3,3,3,3,3,6,3,5,5,3,3,3,3,3,3,3,5,2,2,2,1,3,3,3,3,2,1,7,3,3,3,2,3,3,3,3,3,3,3,3,3,3,4,4,4,3,3,3,7,7,7,7,7,7,7,7,8,8,8,8,8,8,8,8","0.00100088119506836","fast_greedy","edit-xhwikibooks.graphml"
"0.76","0.03","0.21","0.736207561728395","1,1,1,1,1,2,1,5,2,2,1,4,5,5,5,2,2,1,7,4,3,6,5,5,5,5,5,2,1,2,1,7,4,4,7,7,8,5,3,3,3,3,6,6,6,6,3,6,6,6,3,3,3,3,3,6,6,6,6,3,5,3,3,5,5,3,3,3,3,3,6,3,5,5,3,3,3,3,3,3,3,5,2,2,2,1,3,3,3,3,2,1,7,3,3,3,2,3,3,3,3,3,3,3,3,3,3,4,4,4,3,3,3,7,7,7,7,7,7,7,7,8,8,8,8,8,8,8,8","0.000936031341552734","fast_greedy","edit-xhwikibooks.graphml"
"0.75","0.04","0.21","0.736207561728395","1,1,1,1,1,2,1,5,2,2,1,4,5,5,5,2,2,1,7,4,3,6,5,5,5,5,5,2,1,2,1,7,4,4,7,7,8,5,3,3,3,3,6,6,6,6,3,6,6,6,3,3,3,3,3,6,6,6,6,3,5,3,3,5,5,3,3,3,3,3,6,3,5,5,3,3,3,3,3,3,3,5,2,2,2,1,3,3,3,3,2,1,7,3,3,3,2,3,3,3,3,3,3,3,3,3,3,4,4,4,3,3,3,7,7,7,7,7,7,7,7,8,8,8,8,8,8,8,8","0.000962972640991211","fast_greedy","edit-xhwikibooks.graphml"
"0.74","0.05","0.21","0.736207561728395","1,1,1,1,1,2,1,5,2,2,1,4,5,5,5,2,2,1,7,4,3,6,5,5,5,5,5,2,1,2,1,7,4,4,7,7,8,5,3,3,3,3,6,6,6,6,3,6,6,6,3,3,3,3,3,6,6,6,6,3,5,3,3,5,5,3,3,3,3,3,6,3,5,5,3,3,3,3,3,3,3,5,2,2,2,1,3,3,3,3,2,1,7,3,3,3,2,3,3,3,3,3,3,3,3,3,3,4,4,4,3,3,3,7,7,7,7,7,7,7,7,8,8,8,8,8,8,8,8","0.000933170318603516","fast_greedy","edit-xhwikibooks.graphml"
"0.73","0.06","0.21","0.736207561728395","1,1,1,1,1,2,1,5,2,2,1,4,5,5,5,2,2,1,7,4,3,6,5,5,5,5,5,2,1,2,1,7,4,4,7,7,8,5,3,3,3,3,6,6,6,6,3,6,6,6,3,3,3,3,3,6,6,6,6,3,5,3,3,5,5,3,3,3,3,3,6,3,5,5,3,3,3,3,3,3,3,5,2,2,2,1,3,3,3,3,2,1,7,3,3,3,2,3,3,3,3,3,3,3,3,3,3,4,4,4,3,3,3,7,7,7,7,7,7,7,7,8,8,8,8,8,8,8,8","0.00096893310546875","fast_greedy","edit-xhwikibooks.graphml"
"0.72","0.07","0.21","0.736207561728395","1,1,1,1,1,2,1,5,2,2,1,4,5,5,5,2,2,1,7,4,3,6,5,5,5,5,5,2,1,2,1,7,4,4,7,7,8,5,3,3,3,3,6,6,6,6,3,6,6,6,3,3,3,3,3,6,6,6,6,3,5,3,3,5,5,3,3,3,3,3,6,3,5,5,3,3,3,3,3,3,3,5,2,2,2,1,3,3,3,3,2,1,7,3,3,3,2,3,3,3,3,3,3,3,3,3,3,4,4,4,3,3,3,7,7,7,7,7,7,7,7,8,8,8,8,8,8,8,8","0.000982999801635742","fast_greedy","edit-xhwikibooks.graphml"
"0.71","0.08","0.21","0.736207561728395","1,1,1,1,1,2,1,5,2,2,1,4,5,5,5,2,2,1,7,4,3,6,5,5,5,5,5,2,1,2,1,7,4,4,7,7,8,5,3,3,3,3,6,6,6,6,3,6,6,6,3,3,3,3,3,6,6,6,6,3,5,3,3,5,5,3,3,3,3,3,6,3,5,5,3,3,3,3,3,3,3,5,2,2,2,1,3,3,3,3,2,1,7,3,3,3,2,3,3,3,3,3,3,3,3,3,3,4,4,4,3,3,3,7,7,7,7,7,7,7,7,8,8,8,8,8,8,8,8","0.00101709365844727","fast_greedy","edit-xhwikibooks.graphml"
"0.7","0.09","0.21","0.736207561728395","1,1,1,1,1,2,1,5,2,2,1,4,5,5,5,2,2,1,7,4,3,6,5,5,5,5,5,2,1,2,1,7,4,4,7,7,8,5,3,3,3,3,6,6,6,6,3,6,6,6,3,3,3,3,3,6,6,6,6,3,5,3,3,5,5,3,3,3,3,3,6,3,5,5,3,3,3,3,3,3,3,5,2,2,2,1,3,3,3,3,2,1,7,3,3,3,2,3,3,3,3,3,3,3,3,3,3,4,4,4,3,3,3,7,7,7,7,7,7,7,7,8,8,8,8,8,8,8,8","0.00101089477539062","fast_greedy","edit-xhwikibooks.graphml"
"0.69","0.1","0.21","0.736207561728395","1,1,1,1,1,2,1,5,2,2,1,4,5,5,5,2,2,1,7,4,3,6,5,5,5,5,5,2,1,2,1,7,4,4,7,7,8,5,3,3,3,3,6,6,6,6,3,6,6,6,3,3,3,3,3,6,6,6,6,3,5,3,3,5,5,3,3,3,3,3,6,3,5,5,3,3,3,3,3,3,3,5,2,2,2,1,3,3,3,3,2,1,7,3,3,3,2,3,3,3,3,3,3,3,3,3,3,4,4,4,3,3,3,7,7,7,7,7,7,7,7,8,8,8,8,8,8,8,8","0.00101900100708008","fast_greedy","edit-xhwikibooks.graphml"
"0.68","0.11","0.21","0.736207561728395","1,1,1,1,1,2,1,5,2,2,1,4,5,5,5,2,2,1,7,4,3,6,5,5,5,5,5,2,1,2,1,7,4,4,7,7,8,5,3,3,3,3,6,6,6,6,3,6,6,6,3,3,3,3,3,6,6,6,6,3,5,3,3,5,5,3,3,3,3,3,6,3,5,5,3,3,3,3,3,3,3,5,2,2,2,1,3,3,3,3,2,1,7,3,3,3,2,3,3,3,3,3,3,3,3,3,3,4,4,4,3,3,3,7,7,7,7,7,7,7,7,8,8,8,8,8,8,8,8","0.00100994110107422","fast_greedy","edit-xhwikibooks.graphml"
"0.67","0.12","0.21","0.736207561728395","1,1,1,1,1,2,1,5,2,2,1,4,5,5,5,2,2,1,7,4,3,6,5,5,5,5,5,2,1,2,1,7,4,4,7,7,8,5,3,3,3,3,6,6,6,6,3,6,6,6,3,3,3,3,3,6,6,6,6,3,5,3,3,5,5,3,3,3,3,3,6,3,5,5,3,3,3,3,3,3,3,5,2,2,2,1,3,3,3,3,2,1,7,3,3,3,2,3,3,3,3,3,3,3,3,3,3,4,4,4,3,3,3,7,7,7,7,7,7,7,7,8,8,8,8,8,8,8,8","0.00103306770324707","fast_greedy","edit-xhwikibooks.graphml"
"0.66","0.13","0.21","0.736207561728395","1,1,1,1,1,2,1,5,2,2,1,4,5,5,5,2,2,1,7,4,3,6,5,5,5,5,5,2,1,2,1,7,4,4,7,7,8,5,3,3,3,3,6,6,6,6,3,6,6,6,3,3,3,3,3,6,6,6,6,3,5,3,3,5,5,3,3,3,3,3,6,3,5,5,3,3,3,3,3,3,3,5,2,2,2,1,3,3,3,3,2,1,7,3,3,3,2,3,3,3,3,3,3,3,3,3,3,4,4,4,3,3,3,7,7,7,7,7,7,7,7,8,8,8,8,8,8,8,8","0.00106501579284668","fast_greedy","edit-xhwikibooks.graphml"
"0.65","0.14","0.21","0.736207561728395","1,1,1,1,1,2,1,5,2,2,1,4,5,5,5,2,2,1,7,4,3,6,5,5,5,5,5,2,1,2,1,7,4,4,7,7,8,5,3,3,3,3,6,6,6,6,3,6,6,6,3,3,3,3,3,6,6,6,6,3,5,3,3,5,5,3,3,3,3,3,6,3,5,5,3,3,3,3,3,3,3,5,2,2,2,1,3,3,3,3,2,1,7,3,3,3,2,3,3,3,3,3,3,3,3,3,3,4,4,4,3,3,3,7,7,7,7,7,7,7,7,8,8,8,8,8,8,8,8","0.0010221004486084","fast_greedy","edit-xhwikibooks.graphml"
"0.64","0.15","0.21","0.736207561728395","1,1,1,1,1,2,1,5,2,2,1,4,5,5,5,2,2,1,7,4,3,6,5,5,5,5,5,2,1,2,1,7,4,4,7,7,8,5,3,3,3,3,6,6,6,6,3,6,6,6,3,3,3,3,3,6,6,6,6,3,5,3,3,5,5,3,3,3,3,3,6,3,5,5,3,3,3,3,3,3,3,5,2,2,2,1,3,3,3,3,2,1,7,3,3,3,2,3,3,3,3,3,3,3,3,3,3,4,4,4,3,3,3,7,7,7,7,7,7,7,7,8,8,8,8,8,8,8,8","0.000964164733886719","fast_greedy","edit-xhwikibooks.graphml"
"0.63","0.16","0.21","0.736207561728395","1,1,1,1,1,2,1,5,2,2,1,4,5,5,5,2,2,1,7,4,3,6,5,5,5,5,5,2,1,2,1,7,4,4,7,7,8,5,3,3,3,3,6,6,6,6,3,6,6,6,3,3,3,3,3,6,6,6,6,3,5,3,3,5,5,3,3,3,3,3,6,3,5,5,3,3,3,3,3,3,3,5,2,2,2,1,3,3,3,3,2,1,7,3,3,3,2,3,3,3,3,3,3,3,3,3,3,4,4,4,3,3,3,7,7,7,7,7,7,7,7,8,8,8,8,8,8,8,8","0.000946044921875","fast_greedy","edit-xhwikibooks.graphml"
"0.62","0.17","0.21","0.737170035671819","1,1,1,1,1,2,1,4,2,2,1,5,4,4,4,2,2,1,7,5,3,6,4,4,4,4,4,2,1,2,1,7,5,5,7,7,8,4,3,3,3,3,6,6,6,6,3,6,6,6,3,3,3,3,3,6,6,6,6,3,4,3,3,4,4,3,3,3,3,3,6,3,4,4,3,3,3,3,3,3,3,4,2,2,2,1,3,3,3,3,2,1,7,3,3,3,2,3,3,3,3,3,3,3,3,3,3,5,5,5,3,3,3,7,7,7,7,7,7,7,7,8,8,8,8,8,8,8,8","0.000967979431152344","fast_greedy","edit-xhwikibooks.graphml"
"0.61","0.18","0.21","0.737170035671819","1,1,1,1,1,2,1,4,2,2,1,5,4,4,4,2,2,1,7,5,3,6,4,4,4,4,4,2,1,2,1,7,5,5,7,7,8,4,3,3,3,3,6,6,6,6,3,6,6,6,3,3,3,3,3,6,6,6,6,3,4,3,3,4,4,3,3,3,3,3,6,3,4,4,3,3,3,3,3,3,3,4,2,2,2,1,3,3,3,3,2,1,7,3,3,3,2,3,3,3,3,3,3,3,3,3,3,5,5,5,3,3,3,7,7,7,7,7,7,7,7,8,8,8,8,8,8,8,8","0.000950098037719727","fast_greedy","edit-xhwikibooks.graphml"
"0.6","0.19","0.21","0.737170035671819","1,1,1,1,1,2,1,4,2,2,1,5,4,4,4,2,2,1,7,5,3,6,4,4,4,4,4,2,1,2,1,7,5,5,7,7,8,4,3,3,3,3,6,6,6,6,3,6,6,6,3,3,3,3,3,6,6,6,6,3,4,3,3,4,4,3,3,3,3,3,6,3,4,4,3,3,3,3,3,3,3,4,2,2,2,1,3,3,3,3,2,1,7,3,3,3,2,3,3,3,3,3,3,3,3,3,3,5,5,5,3,3,3,7,7,7,7,7,7,7,7,8,8,8,8,8,8,8,8","0.000990867614746094","fast_greedy","edit-xhwikibooks.graphml"
"0.59","0.2","0.21","0.737170035671819","1,1,1,1,1,2,1,4,2,2,1,5,4,4,4,2,2,1,7,5,3,6,4,4,4,4,4,2,1,2,1,7,5,5,7,7,8,4,3,3,3,3,6,6,6,6,3,6,6,6,3,3,3,3,3,6,6,6,6,3,4,3,3,4,4,3,3,3,3,3,6,3,4,4,3,3,3,3,3,3,3,4,2,2,2,1,3,3,3,3,2,1,7,3,3,3,2,3,3,3,3,3,3,3,3,3,3,5,5,5,3,3,3,7,7,7,7,7,7,7,7,8,8,8,8,8,8,8,8","0.000975847244262695","fast_greedy","edit-xhwikibooks.graphml"
"0.58","0.21","0.21","0.737170035671819","1,1,1,1,1,2,1,4,2,2,1,5,4,4,4,2,2,1,7,5,3,6,4,4,4,4,4,2,1,2,1,7,5,5,7,7,8,4,3,3,3,3,6,6,6,6,3,6,6,6,3,3,3,3,3,6,6,6,6,3,4,3,3,4,4,3,3,3,3,3,6,3,4,4,3,3,3,3,3,3,3,4,2,2,2,1,3,3,3,3,2,1,7,3,3,3,2,3,3,3,3,3,3,3,3,3,3,5,5,5,3,3,3,7,7,7,7,7,7,7,7,8,8,8,8,8,8,8,8","0.000977993011474609","fast_greedy","edit-xhwikibooks.graphml"
"0.57","0.22","0.21","0.729336734693877","1,1,1,1,1,2,1,5,2,2,1,4,5,5,5,2,2,1,7,4,3,6,5,5,5,5,5,2,1,2,1,7,4,4,7,7,8,5,3,3,3,3,6,6,6,6,3,6,6,6,3,3,3,3,3,6,6,6,6,3,9,3,3,5,5,3,3,3,3,3,6,3,5,5,3,3,3,3,3,3,3,5,2,2,2,10,3,3,3,3,11,12,13,3,3,3,2,3,3,3,3,3,3,3,3,3,3,4,4,4,3,3,3,7,7,7,7,7,7,7,7,8,8,8,8,8,8,8,8","0.000989913940429688","fast_greedy","edit-xhwikibooks.graphml"
"0.56","0.23","0.21","0.729336734693877","1,1,1,1,1,2,1,5,2,2,1,4,5,5,5,2,2,1,7,4,3,6,5,5,5,5,5,2,1,2,1,7,4,4,7,7,8,5,3,3,3,3,6,6,6,6,3,6,6,6,3,3,3,3,3,6,6,6,6,3,9,3,3,5,5,3,3,3,3,3,6,3,5,5,3,3,3,3,3,3,3,5,2,2,2,10,3,3,3,3,11,12,13,3,3,3,2,3,3,3,3,3,3,3,3,3,3,4,4,4,3,3,3,7,7,7,7,7,7,7,7,8,8,8,8,8,8,8,8","0.00098419189453125","fast_greedy","edit-xhwikibooks.graphml"
"0.55","0.24","0.21","0.729336734693877","1,1,1,1,1,2,1,5,2,2,1,4,5,5,5,2,2,1,7,4,3,6,5,5,5,5,5,2,1,2,1,7,4,4,7,7,8,5,3,3,3,3,6,6,6,6,3,6,6,6,3,3,3,3,3,6,6,6,6,3,9,3,3,5,5,3,3,3,3,3,6,3,5,5,3,3,3,3,3,3,3,5,2,2,2,10,3,3,3,3,11,12,13,3,3,3,2,3,3,3,3,3,3,3,3,3,3,4,4,4,3,3,3,7,7,7,7,7,7,7,7,8,8,8,8,8,8,8,8","0.00101900100708008","fast_greedy","edit-xhwikibooks.graphml"
"0.54","0.25","0.21","0.729336734693877","1,1,1,1,1,2,1,5,2,2,1,4,5,5,5,2,2,1,7,4,3,6,5,5,5,5,5,2,1,2,1,7,4,4,7,7,8,5,3,3,3,3,6,6,6,6,3,6,6,6,3,3,3,3,3,6,6,6,6,3,9,3,3,5,5,3,3,3,3,3,6,3,5,5,3,3,3,3,3,3,3,5,2,2,2,10,3,3,3,3,11,12,13,3,3,3,2,3,3,3,3,3,3,3,3,3,3,4,4,4,3,3,3,7,7,7,7,7,7,7,7,8,8,8,8,8,8,8,8","0.00116801261901855","fast_greedy","edit-xhwikibooks.graphml"
"0.53","0.26","0.21","0.729336734693877","1,1,1,1,1,2,1,5,2,2,1,4,5,5,5,2,2,1,7,4,3,6,5,5,5,5,5,2,1,2,1,7,4,4,7,7,8,5,3,3,3,3,6,6,6,6,3,6,6,6,3,3,3,3,3,6,6,6,6,3,9,3,3,5,5,3,3,3,3,3,6,3,5,5,3,3,3,3,3,3,3,5,2,2,2,10,3,3,3,3,11,12,13,3,3,3,2,3,3,3,3,3,3,3,3,3,3,4,4,4,3,3,3,7,7,7,7,7,7,7,7,8,8,8,8,8,8,8,8","0.000950098037719727","fast_greedy","edit-xhwikibooks.graphml"
"0.52","0.27","0.21","0.729336734693877","1,1,1,1,1,2,1,5,2,2,1,4,5,5,5,2,2,1,7,4,3,6,5,5,5,5,5,2,1,2,1,7,4,4,7,7,8,5,3,3,3,3,6,6,6,6,3,6,6,6,3,3,3,3,3,6,6,6,6,3,9,3,3,5,5,3,3,3,3,3,6,3,5,5,3,3,3,3,3,3,3,5,2,2,2,10,3,3,3,3,11,12,13,3,3,3,2,3,3,3,3,3,3,3,3,3,3,4,4,4,3,3,3,7,7,7,7,7,7,7,7,8,8,8,8,8,8,8,8","0.000954866409301758","fast_greedy","edit-xhwikibooks.graphml"
"0.51","0.28","0.21","0.729336734693877","1,1,1,1,1,2,1,5,2,2,1,4,5,5,5,2,2,1,7,4,3,6,5,5,5,5,5,2,1,2,1,7,4,4,7,7,8,5,3,3,3,3,6,6,6,6,3,6,6,6,3,3,3,3,3,6,6,6,6,3,9,3,3,5,5,3,3,3,3,3,6,3,5,5,3,3,3,3,3,3,3,5,2,2,2,10,3,3,3,3,11,12,13,3,3,3,2,3,3,3,3,3,3,3,3,3,3,4,4,4,3,3,3,7,7,7,7,7,7,7,7,8,8,8,8,8,8,8,8","0.000949859619140625","fast_greedy","edit-xhwikibooks.graphml"
"0.5","0.29","0.21","0.729336734693877","1,1,1,1,1,2,1,5,2,2,1,4,5,5,5,2,2,1,7,4,3,6,5,5,5,5,5,2,1,2,1,7,4,4,7,7,8,5,3,3,3,3,6,6,6,6,3,6,6,6,3,3,3,3,3,6,6,6,6,3,9,3,3,5,5,3,3,3,3,3,6,3,5,5,3,3,3,3,3,3,3,5,2,2,2,10,3,3,3,3,11,12,13,3,3,3,2,3,3,3,3,3,3,3,3,3,3,4,4,4,3,3,3,7,7,7,7,7,7,7,7,8,8,8,8,8,8,8,8","0.000962018966674805","fast_greedy","edit-xhwikibooks.graphml"
"0.49","0.3","0.21","0.729336734693877","1,1,1,1,1,2,1,5,2,2,1,4,5,5,5,2,2,1,7,4,3,6,5,5,5,5,5,2,1,2,1,7,4,4,7,7,8,5,3,3,3,3,6,6,6,6,3,6,6,6,3,3,3,3,3,6,6,6,6,3,9,3,3,5,5,3,3,3,3,3,6,3,5,5,3,3,3,3,3,3,3,5,2,2,2,10,3,3,3,3,11,12,13,3,3,3,2,3,3,3,3,3,3,3,3,3,3,4,4,4,3,3,3,7,7,7,7,7,7,7,7,8,8,8,8,8,8,8,8","0.00098109245300293","fast_greedy","edit-xhwikibooks.graphml"
"0.48","0.31","0.21","0.729336734693877","1,1,1,1,1,2,1,5,2,2,1,4,5,5,5,2,2,1,7,4,3,6,5,5,5,5,5,2,1,2,1,7,4,4,7,7,8,5,3,3,3,3,6,6,6,6,3,6,6,6,3,3,3,3,3,6,6,6,6,3,9,3,3,5,5,3,3,3,3,3,6,3,5,5,3,3,3,3,3,3,3,5,2,2,2,10,3,3,3,3,11,12,13,3,3,3,2,3,3,3,3,3,3,3,3,3,3,4,4,4,3,3,3,7,7,7,7,7,7,7,7,8,8,8,8,8,8,8,8","0.00100088119506836","fast_greedy","edit-xhwikibooks.graphml"
"0.47","0.32","0.21","0.729336734693877","1,1,1,1,1,2,1,5,2,2,1,4,5,5,5,2,2,1,7,4,3,6,5,5,5,5,5,2,1,2,1,7,4,4,7,7,8,5,3,3,3,3,6,6,6,6,3,6,6,6,3,3,3,3,3,6,6,6,6,3,9,3,3,5,5,3,3,3,3,3,6,3,5,5,3,3,3,3,3,3,3,5,2,2,2,10,3,3,3,3,11,12,13,3,3,3,2,3,3,3,3,3,3,3,3,3,3,4,4,4,3,3,3,7,7,7,7,7,7,7,7,8,8,8,8,8,8,8,8","0.00100803375244141","fast_greedy","edit-xhwikibooks.graphml"
"0.46","0.33","0.21","0.729336734693877","1,1,1,1,1,2,1,5,2,2,1,4,5,5,5,2,2,1,7,4,3,6,5,5,5,5,5,2,1,2,1,7,4,4,7,7,8,5,3,3,3,3,6,6,6,6,3,6,6,6,3,3,3,3,3,6,6,6,6,3,9,3,3,5,5,3,3,3,3,3,6,3,5,5,3,3,3,3,3,3,3,5,2,2,2,10,3,3,3,3,11,12,13,3,3,3,2,3,3,3,3,3,3,3,3,3,3,4,4,4,3,3,3,7,7,7,7,7,7,7,7,8,8,8,8,8,8,8,8","0.000998020172119141","fast_greedy","edit-xhwikibooks.graphml"
"0.45","0.34","0.21","0.730496453900709","1,1,1,1,1,2,1,4,2,2,1,5,4,4,4,2,2,1,7,5,3,6,4,4,4,4,4,2,1,2,1,7,5,5,7,7,8,4,3,3,3,3,6,6,6,6,3,6,6,6,3,3,3,3,3,6,6,6,6,3,9,3,3,4,4,3,3,3,3,3,6,3,4,4,3,3,3,3,3,3,3,4,2,2,2,10,3,3,3,3,11,12,13,3,3,3,2,3,3,3,3,3,3,3,3,3,3,5,5,5,3,3,3,7,7,7,7,7,7,7,7,8,8,8,8,8,8,8,8","0.00109004974365234","fast_greedy","edit-xhwikibooks.graphml"
"0.44","0.35","0.21","0.730496453900709","1,1,1,1,1,2,1,4,2,2,1,5,4,4,4,2,2,1,7,5,3,6,4,4,4,4,4,2,1,2,1,7,5,5,7,7,8,4,3,3,3,3,6,6,6,6,3,6,6,6,3,3,3,3,3,6,6,6,6,3,9,3,3,4,4,3,3,3,3,3,6,3,4,4,3,3,3,3,3,3,3,4,2,2,2,10,3,3,3,3,11,12,13,3,3,3,2,3,3,3,3,3,3,3,3,3,3,5,5,5,3,3,3,7,7,7,7,7,7,7,7,8,8,8,8,8,8,8,8","0.00102400779724121","fast_greedy","edit-xhwikibooks.graphml"
"0.43","0.36","0.21","0.730496453900709","1,1,1,1,1,2,1,4,2,2,1,5,4,4,4,2,2,1,7,5,3,6,4,4,4,4,4,2,1,2,1,7,5,5,7,7,8,4,3,3,3,3,6,6,6,6,3,6,6,6,3,3,3,3,3,6,6,6,6,3,9,3,3,4,4,3,3,3,3,3,6,3,4,4,3,3,3,3,3,3,3,4,2,2,2,10,3,3,3,3,11,12,13,3,3,3,2,3,3,3,3,3,3,3,3,3,3,5,5,5,3,3,3,7,7,7,7,7,7,7,7,8,8,8,8,8,8,8,8","0.00124192237854004","fast_greedy","edit-xhwikibooks.graphml"
"0.42","0.37","0.21","0.730496453900709","1,1,1,1,1,2,1,4,2,2,1,5,4,4,4,2,2,1,7,5,3,6,4,4,4,4,4,2,1,2,1,7,5,5,7,7,8,4,3,3,3,3,6,6,6,6,3,6,6,6,3,3,3,3,3,6,6,6,6,3,9,3,3,4,4,3,3,3,3,3,6,3,4,4,3,3,3,3,3,3,3,4,2,2,2,10,3,3,3,3,11,12,13,3,3,3,2,3,3,3,3,3,3,3,3,3,3,5,5,5,3,3,3,7,7,7,7,7,7,7,7,8,8,8,8,8,8,8,8","0.00158190727233887","fast_greedy","edit-xhwikibooks.graphml"
"0.41","0.38","0.21","0.730496453900709","1,1,1,1,1,2,1,4,2,2,1,5,4,4,4,2,2,1,7,5,3,6,4,4,4,4,4,2,1,2,1,7,5,5,7,7,8,4,3,3,3,3,6,6,6,6,3,6,6,6,3,3,3,3,3,6,6,6,6,3,9,3,3,4,4,3,3,3,3,3,6,3,4,4,3,3,3,3,3,3,3,4,2,2,2,10,3,3,3,3,11,12,13,3,3,3,2,3,3,3,3,3,3,3,3,3,3,5,5,5,3,3,3,7,7,7,7,7,7,7,7,8,8,8,8,8,8,8,8","0.00104808807373047","fast_greedy","edit-xhwikibooks.graphml"
"0.4","0.39","0.21","0.730496453900709","1,1,1,1,1,2,1,4,2,2,1,5,4,4,4,2,2,1,7,5,3,6,4,4,4,4,4,2,1,2,1,7,5,5,7,7,8,4,3,3,3,3,6,6,6,6,3,6,6,6,3,3,3,3,3,6,6,6,6,3,9,3,3,4,4,3,3,3,3,3,6,3,4,4,3,3,3,3,3,3,3,4,2,2,2,10,3,3,3,3,11,12,13,3,3,3,2,3,3,3,3,3,3,3,3,3,3,5,5,5,3,3,3,7,7,7,7,7,7,7,7,8,8,8,8,8,8,8,8","0.000960111618041992","fast_greedy","edit-xhwikibooks.graphml"
"0.39","0.4","0.21","0.730496453900709","1,1,1,1,1,2,1,4,2,2,1,5,4,4,4,2,2,1,7,5,3,6,4,4,4,4,4,2,1,2,1,7,5,5,7,7,8,4,3,3,3,3,6,6,6,6,3,6,6,6,3,3,3,3,3,6,6,6,6,3,9,3,3,4,4,3,3,3,3,3,6,3,4,4,3,3,3,3,3,3,3,4,2,2,2,10,3,3,3,3,11,12,13,3,3,3,2,3,3,3,3,3,3,3,3,3,3,5,5,5,3,3,3,7,7,7,7,7,7,7,7,8,8,8,8,8,8,8,8","0.000966787338256836","fast_greedy","edit-xhwikibooks.graphml"
"0.38","0.41","0.21","0.730496453900709","1,1,1,1,1,2,1,4,2,2,1,5,4,4,4,2,2,1,7,5,3,6,4,4,4,4,4,2,1,2,1,7,5,5,7,7,8,4,3,3,3,3,6,6,6,6,3,6,6,6,3,3,3,3,3,6,6,6,6,3,9,3,3,4,4,3,3,3,3,3,6,3,4,4,3,3,3,3,3,3,3,4,2,2,2,10,3,3,3,3,11,12,13,3,3,3,2,3,3,3,3,3,3,3,3,3,3,5,5,5,3,3,3,7,7,7,7,7,7,7,7,8,8,8,8,8,8,8,8","0.000957012176513672","fast_greedy","edit-xhwikibooks.graphml"
"0.37","0.42","0.21","0.730496453900709","1,1,1,1,1,2,1,4,2,2,1,5,4,4,4,2,2,1,7,5,3,6,4,4,4,4,4,2,1,2,1,7,5,5,7,7,8,4,3,3,3,3,6,6,6,6,3,6,6,6,3,3,3,3,3,6,6,6,6,3,9,3,3,4,4,3,3,3,3,3,6,3,4,4,3,3,3,3,3,3,3,4,2,2,2,10,3,3,3,3,11,12,13,3,3,3,2,3,3,3,3,3,3,3,3,3,3,5,5,5,3,3,3,7,7,7,7,7,7,7,7,8,8,8,8,8,8,8,8","0.000954151153564453","fast_greedy","edit-xhwikibooks.graphml"
"0.36","0.43","0.21","0.714497989627644","1,1,1,1,1,4,1,6,4,4,3,1,6,6,6,4,8,3,3,1,2,5,6,6,6,6,6,4,1,9,10,3,1,1,3,3,7,6,2,2,2,2,5,5,5,5,2,5,5,5,2,2,2,2,2,5,5,5,5,2,11,2,2,12,13,2,2,2,2,2,5,2,6,6,2,2,2,2,2,2,2,14,4,4,4,15,2,2,2,2,16,17,18,2,2,2,19,2,2,2,2,2,2,2,2,2,2,20,21,2,2,2,2,3,3,3,3,3,3,3,3,7,7,7,7,7,7,7,7","0.00094294548034668","fast_greedy","edit-xhwikibooks.graphml"
"0.35","0.44","0.21","0.714497989627644","1,1,1,1,1,4,1,6,4,4,3,1,6,6,6,4,8,3,3,1,2,5,6,6,6,6,6,4,1,9,10,3,1,1,3,3,7,6,2,2,2,2,5,5,5,5,2,5,5,5,2,2,2,2,2,5,5,5,5,2,11,2,2,12,13,2,2,2,2,2,5,2,6,6,2,2,2,2,2,2,2,14,4,4,4,15,2,2,2,2,16,17,18,2,2,2,19,2,2,2,2,2,2,2,2,2,2,20,21,2,2,2,2,3,3,3,3,3,3,3,3,7,7,7,7,7,7,7,7","0.000951051712036133","fast_greedy","edit-xhwikibooks.graphml"
"0.34","0.45","0.21","0.714497989627644","1,1,1,1,1,4,1,6,4,4,3,1,6,6,6,4,8,3,3,1,2,5,6,6,6,6,6,4,1,9,10,3,1,1,3,3,7,6,2,2,2,2,5,5,5,5,2,5,5,5,2,2,2,2,2,5,5,5,5,2,11,2,2,12,13,2,2,2,2,2,5,2,6,6,2,2,2,2,2,2,2,14,4,4,4,15,2,2,2,2,16,17,18,2,2,2,19,2,2,2,2,2,2,2,2,2,2,20,21,2,2,2,2,3,3,3,3,3,3,3,3,7,7,7,7,7,7,7,7","0.00094914436340332","fast_greedy","edit-xhwikibooks.graphml"
"0.33","0.46","0.21","0.714497989627644","1,1,1,1,1,4,1,6,4,4,3,1,6,6,6,4,8,3,3,1,2,5,6,6,6,6,6,4,1,9,10,3,1,1,3,3,7,6,2,2,2,2,5,5,5,5,2,5,5,5,2,2,2,2,2,5,5,5,5,2,11,2,2,12,13,2,2,2,2,2,5,2,6,6,2,2,2,2,2,2,2,14,4,4,4,15,2,2,2,2,16,17,18,2,2,2,19,2,2,2,2,2,2,2,2,2,2,20,21,2,2,2,2,3,3,3,3,3,3,3,3,7,7,7,7,7,7,7,7","0.000977993011474609","fast_greedy","edit-xhwikibooks.graphml"
"0.32","0.47","0.21","0.714497989627644","1,1,1,1,1,4,1,6,4,4,3,1,6,6,6,4,8,3,3,1,2,5,6,6,6,6,6,4,1,9,10,3,1,1,3,3,7,6,2,2,2,2,5,5,5,5,2,5,5,5,2,2,2,2,2,5,5,5,5,2,11,2,2,12,13,2,2,2,2,2,5,2,6,6,2,2,2,2,2,2,2,14,4,4,4,15,2,2,2,2,16,17,18,2,2,2,19,2,2,2,2,2,2,2,2,2,2,20,21,2,2,2,2,3,3,3,3,3,3,3,3,7,7,7,7,7,7,7,7","0.00127601623535156","fast_greedy","edit-xhwikibooks.graphml"
"0.31","0.48","0.21","0.714497989627644","1,1,1,1,1,4,1,6,4,4,3,1,6,6,6,4,8,3,3,1,2,5,6,6,6,6,6,4,1,9,10,3,1,1,3,3,7,6,2,2,2,2,5,5,5,5,2,5,5,5,2,2,2,2,2,5,5,5,5,2,11,2,2,12,13,2,2,2,2,2,5,2,6,6,2,2,2,2,2,2,2,14,4,4,4,15,2,2,2,2,16,17,18,2,2,2,19,2,2,2,2,2,2,2,2,2,2,20,21,2,2,2,2,3,3,3,3,3,3,3,3,7,7,7,7,7,7,7,7","0.00102090835571289","fast_greedy","edit-xhwikibooks.graphml"
"0.3","0.49","0.21","0.714497989627644","1,1,1,1,1,4,1,6,4,4,3,1,6,6,6,4,8,3,3,1,2,5,6,6,6,6,6,4,1,9,10,3,1,1,3,3,7,6,2,2,2,2,5,5,5,5,2,5,5,5,2,2,2,2,2,5,5,5,5,2,11,2,2,12,13,2,2,2,2,2,5,2,6,6,2,2,2,2,2,2,2,14,4,4,4,15,2,2,2,2,16,17,18,2,2,2,19,2,2,2,2,2,2,2,2,2,2,20,21,2,2,2,2,3,3,3,3,3,3,3,3,7,7,7,7,7,7,7,7","0.000945091247558594","fast_greedy","edit-xhwikibooks.graphml"
"0.29","0.5","0.21","0.729573264330512","1,1,1,1,2,1,2,6,1,1,2,2,6,6,6,1,8,2,2,2,3,4,6,6,6,6,6,1,1,9,10,2,2,2,5,5,7,6,3,3,3,3,4,4,4,4,3,4,4,4,3,3,3,3,3,4,4,4,4,3,11,3,3,12,13,3,3,3,3,3,4,3,6,6,3,3,3,3,3,3,3,14,1,1,1,15,3,3,3,3,16,17,18,3,3,3,19,3,3,3,3,3,3,3,3,3,3,20,21,3,3,3,3,5,5,5,5,5,5,5,5,7,7,7,7,7,7,7,7","0.000979900360107422","fast_greedy","edit-xhwikibooks.graphml"
"0.28","0.51","0.21","0.729573264330512","1,1,1,1,2,1,2,6,1,1,2,2,6,6,6,1,8,2,2,2,3,4,6,6,6,6,6,1,1,9,10,2,2,2,5,5,7,6,3,3,3,3,4,4,4,4,3,4,4,4,3,3,3,3,3,4,4,4,4,3,11,3,3,12,13,3,3,3,3,3,4,3,6,6,3,3,3,3,3,3,3,14,1,1,1,15,3,3,3,3,16,17,18,3,3,3,19,3,3,3,3,3,3,3,3,3,3,20,21,3,3,3,3,5,5,5,5,5,5,5,5,7,7,7,7,7,7,7,7","0.000941038131713867","fast_greedy","edit-xhwikibooks.graphml"
"0.27","0.52","0.21","0.729573264330512","1,1,1,1,2,1,2,6,1,1,2,2,6,6,6,1,8,2,2,2,3,4,6,6,6,6,6,1,1,9,10,2,2,2,5,5,7,6,3,3,3,3,4,4,4,4,3,4,4,4,3,3,3,3,3,4,4,4,4,3,11,3,3,12,13,3,3,3,3,3,4,3,6,6,3,3,3,3,3,3,3,14,1,1,1,15,3,3,3,3,16,17,18,3,3,3,19,3,3,3,3,3,3,3,3,3,3,20,21,3,3,3,3,5,5,5,5,5,5,5,5,7,7,7,7,7,7,7,7","0.000911951065063477","fast_greedy","edit-xhwikibooks.graphml"
"0.26","0.53","0.21","0.729573264330512","1,1,1,1,2,1,2,6,1,1,2,2,6,6,6,1,8,2,2,2,3,4,6,6,6,6,6,1,1,9,10,2,2,2,5,5,7,6,3,3,3,3,4,4,4,4,3,4,4,4,3,3,3,3,3,4,4,4,4,3,11,3,3,12,13,3,3,3,3,3,4,3,6,6,3,3,3,3,3,3,3,14,1,1,1,15,3,3,3,3,16,17,18,3,3,3,19,3,3,3,3,3,3,3,3,3,3,20,21,3,3,3,3,5,5,5,5,5,5,5,5,7,7,7,7,7,7,7,7","0.000911951065063477","fast_greedy","edit-xhwikibooks.graphml"
"0.25","0.54","0.21","0.729573264330512","1,1,1,1,2,1,2,6,1,1,2,2,6,6,6,1,8,2,2,2,3,4,6,6,6,6,6,1,1,9,10,2,2,2,5,5,7,6,3,3,3,3,4,4,4,4,3,4,4,4,3,3,3,3,3,4,4,4,4,3,11,3,3,12,13,3,3,3,3,3,4,3,6,6,3,3,3,3,3,3,3,14,1,1,1,15,3,3,3,3,16,17,18,3,3,3,19,3,3,3,3,3,3,3,3,3,3,20,21,3,3,3,3,5,5,5,5,5,5,5,5,7,7,7,7,7,7,7,7","0.000900983810424805","fast_greedy","edit-xhwikibooks.graphml"
"0.24","0.55","0.21","0.729573264330512","1,1,1,1,2,1,2,6,1,1,2,2,6,6,6,1,8,2,2,2,3,4,6,6,6,6,6,1,1,9,10,2,2,2,5,5,7,6,3,3,3,3,4,4,4,4,3,4,4,4,3,3,3,3,3,4,4,4,4,3,11,3,3,12,13,3,3,3,3,3,4,3,6,6,3,3,3,3,3,3,3,14,1,1,1,15,3,3,3,3,16,17,18,3,3,3,19,3,3,3,3,3,3,3,3,3,3,20,21,3,3,3,3,5,5,5,5,5,5,5,5,7,7,7,7,7,7,7,7","0.000998973846435547","fast_greedy","edit-xhwikibooks.graphml"
"0.23","0.56","0.21","0.729573264330512","1,1,1,1,2,1,2,6,1,1,2,2,6,6,6,1,8,2,2,2,3,4,6,6,6,6,6,1,1,9,10,2,2,2,5,5,7,6,3,3,3,3,4,4,4,4,3,4,4,4,3,3,3,3,3,4,4,4,4,3,11,3,3,12,13,3,3,3,3,3,4,3,6,6,3,3,3,3,3,3,3,14,1,1,1,15,3,3,3,3,16,17,18,3,3,3,19,3,3,3,3,3,3,3,3,3,3,20,21,3,3,3,3,5,5,5,5,5,5,5,5,7,7,7,7,7,7,7,7","0.000890016555786133","fast_greedy","edit-xhwikibooks.graphml"
"0.22","0.57","0.21","0.729573264330512","1,1,1,1,2,1,2,6,1,1,2,2,6,6,6,1,8,2,2,2,3,4,6,6,6,6,6,1,1,9,10,2,2,2,5,5,7,6,3,3,3,3,4,4,4,4,3,4,4,4,3,3,3,3,3,4,4,4,4,3,11,3,3,12,13,3,3,3,3,3,4,3,6,6,3,3,3,3,3,3,3,14,1,1,1,15,3,3,3,3,16,17,18,3,3,3,19,3,3,3,3,3,3,3,3,3,3,20,21,3,3,3,3,5,5,5,5,5,5,5,5,7,7,7,7,7,7,7,7","0.000865936279296875","fast_greedy","edit-xhwikibooks.graphml"
"0.21","0.58","0.21","0.729573264330512","1,1,1,1,2,1,2,6,1,1,2,2,6,6,6,1,8,2,2,2,3,4,6,6,6,6,6,1,1,9,10,2,2,2,5,5,7,6,3,3,3,3,4,4,4,4,3,4,4,4,3,3,3,3,3,4,4,4,4,3,11,3,3,12,13,3,3,3,3,3,4,3,6,6,3,3,3,3,3,3,3,14,1,1,1,15,3,3,3,3,16,17,18,3,3,3,19,3,3,3,3,3,3,3,3,3,3,20,21,3,3,3,3,5,5,5,5,5,5,5,5,7,7,7,7,7,7,7,7","0.000895977020263672","fast_greedy","edit-xhwikibooks.graphml"
"0.2","0.59","0.21","0.729573264330512","1,1,1,1,2,1,2,6,1,1,2,2,6,6,6,1,8,2,2,2,3,4,6,6,6,6,6,1,1,9,10,2,2,2,5,5,7,6,3,3,3,3,4,4,4,4,3,4,4,4,3,3,3,3,3,4,4,4,4,3,11,3,3,12,13,3,3,3,3,3,4,3,6,6,3,3,3,3,3,3,3,14,1,1,1,15,3,3,3,3,16,17,18,3,3,3,19,3,3,3,3,3,3,3,3,3,3,20,21,3,3,3,3,5,5,5,5,5,5,5,5,7,7,7,7,7,7,7,7","0.000895977020263672","fast_greedy","edit-xhwikibooks.graphml"
"0.19","0.6","0.21","0.729573264330512","1,1,1,1,2,1,2,6,1,1,2,2,6,6,6,1,8,2,2,2,3,4,6,6,6,6,6,1,1,9,10,2,2,2,5,5,7,6,3,3,3,3,4,4,4,4,3,4,4,4,3,3,3,3,3,4,4,4,4,3,11,3,3,12,13,3,3,3,3,3,4,3,6,6,3,3,3,3,3,3,3,14,1,1,1,15,3,3,3,3,16,17,18,3,3,3,19,3,3,3,3,3,3,3,3,3,3,20,21,3,3,3,3,5,5,5,5,5,5,5,5,7,7,7,7,7,7,7,7","0.000913143157958984","fast_greedy","edit-xhwikibooks.graphml"
"0.18","0.61","0.21","0.729573264330512","1,1,1,1,2,1,2,6,1,1,2,2,6,6,6,1,8,2,2,2,3,4,6,6,6,6,6,1,1,9,10,2,2,2,5,5,7,6,3,3,3,3,4,4,4,4,3,4,4,4,3,3,3,3,3,4,4,4,4,3,11,3,3,12,13,3,3,3,3,3,4,3,6,6,3,3,3,3,3,3,3,14,1,1,1,15,3,3,3,3,16,17,18,3,3,3,19,3,3,3,3,3,3,3,3,3,3,20,21,3,3,3,3,5,5,5,5,5,5,5,5,7,7,7,7,7,7,7,7","0.000921964645385742","fast_greedy","edit-xhwikibooks.graphml"
"0.17","0.62","0.21","0.729573264330512","1,1,1,1,2,1,2,6,1,1,2,2,6,6,6,1,8,2,2,2,3,4,6,6,6,6,6,1,1,9,10,2,2,2,5,5,7,6,3,3,3,3,4,4,4,4,3,4,4,4,3,3,3,3,3,4,4,4,4,3,11,3,3,12,13,3,3,3,3,3,4,3,6,6,3,3,3,3,3,3,3,14,1,1,1,15,3,3,3,3,16,17,18,3,3,3,19,3,3,3,3,3,3,3,3,3,3,20,21,3,3,3,3,5,5,5,5,5,5,5,5,7,7,7,7,7,7,7,7","0.000921010971069336","fast_greedy","edit-xhwikibooks.graphml"
"0.16","0.63","0.21","0.729573264330512","1,1,1,1,2,1,2,6,1,1,2,2,6,6,6,1,8,2,2,2,3,4,6,6,6,6,6,1,1,9,10,2,2,2,5,5,7,6,3,3,3,3,4,4,4,4,3,4,4,4,3,3,3,3,3,4,4,4,4,3,11,3,3,12,13,3,3,3,3,3,4,3,6,6,3,3,3,3,3,3,3,14,1,1,1,15,3,3,3,3,16,17,18,3,3,3,19,3,3,3,3,3,3,3,3,3,3,20,21,3,3,3,3,5,5,5,5,5,5,5,5,7,7,7,7,7,7,7,7","0.000929117202758789","fast_greedy","edit-xhwikibooks.graphml"
"0.15","0.64","0.21","0.715035430763493","1,1,1,2,7,2,4,2,2,2,4,8,2,2,2,2,9,10,4,6,3,1,11,2,2,2,2,2,1,12,13,14,6,15,4,4,5,2,3,3,3,3,1,1,1,1,3,1,1,1,3,3,3,3,3,1,1,1,1,3,16,3,3,17,18,3,3,3,3,3,1,3,19,20,3,3,3,3,3,3,3,21,22,23,24,25,3,3,3,3,26,27,28,3,3,3,29,3,3,3,3,3,3,3,3,3,3,30,31,3,3,3,3,4,4,4,4,4,4,4,4,5,5,5,5,5,5,5,5","0.000914812088012695","fast_greedy","edit-xhwikibooks.graphml"
"0.14","0.65","0.21","0.715035430763493","1,1,1,2,7,2,4,2,2,2,4,8,2,2,2,2,9,10,4,6,3,1,11,2,2,2,2,2,1,12,13,14,6,15,4,4,5,2,3,3,3,3,1,1,1,1,3,1,1,1,3,3,3,3,3,1,1,1,1,3,16,3,3,17,18,3,3,3,3,3,1,3,19,20,3,3,3,3,3,3,3,21,22,23,24,25,3,3,3,3,26,27,28,3,3,3,29,3,3,3,3,3,3,3,3,3,3,30,31,3,3,3,3,4,4,4,4,4,4,4,4,5,5,5,5,5,5,5,5","0.00104188919067383","fast_greedy","edit-xhwikibooks.graphml"
"0.13","0.66","0.21","0.715035430763493","1,1,1,2,7,2,4,2,2,2,4,8,2,2,2,2,9,10,4,6,3,1,11,2,2,2,2,2,1,12,13,14,6,15,4,4,5,2,3,3,3,3,1,1,1,1,3,1,1,1,3,3,3,3,3,1,1,1,1,3,16,3,3,17,18,3,3,3,3,3,1,3,19,20,3,3,3,3,3,3,3,21,22,23,24,25,3,3,3,3,26,27,28,3,3,3,29,3,3,3,3,3,3,3,3,3,3,30,31,3,3,3,3,4,4,4,4,4,4,4,4,5,5,5,5,5,5,5,5","0.000886201858520508","fast_greedy","edit-xhwikibooks.graphml"
"0.12","0.67","0.21","0.715035430763493","1,1,1,2,7,2,4,2,2,2,4,8,2,2,2,2,9,10,4,6,3,1,11,2,2,2,2,2,1,12,13,14,6,15,4,4,5,2,3,3,3,3,1,1,1,1,3,1,1,1,3,3,3,3,3,1,1,1,1,3,16,3,3,17,18,3,3,3,3,3,1,3,19,20,3,3,3,3,3,3,3,21,22,23,24,25,3,3,3,3,26,27,28,3,3,3,29,3,3,3,3,3,3,3,3,3,3,30,31,3,3,3,3,4,4,4,4,4,4,4,4,5,5,5,5,5,5,5,5","0.00111103057861328","fast_greedy","edit-xhwikibooks.graphml"
"0.11","0.68","0.21","0.715035430763493","1,1,1,2,7,2,4,2,2,2,4,8,2,2,2,2,9,10,4,6,3,1,11,2,2,2,2,2,1,12,13,14,6,15,4,4,5,2,3,3,3,3,1,1,1,1,3,1,1,1,3,3,3,3,3,1,1,1,1,3,16,3,3,17,18,3,3,3,3,3,1,3,19,20,3,3,3,3,3,3,3,21,22,23,24,25,3,3,3,3,26,27,28,3,3,3,29,3,3,3,3,3,3,3,3,3,3,30,31,3,3,3,3,4,4,4,4,4,4,4,4,5,5,5,5,5,5,5,5","0.00125694274902344","fast_greedy","edit-xhwikibooks.graphml"
"0.1","0.69","0.21","0.715035430763493","1,1,1,2,7,2,4,2,2,2,4,8,2,2,2,2,9,10,4,6,3,1,11,2,2,2,2,2,1,12,13,14,6,15,4,4,5,2,3,3,3,3,1,1,1,1,3,1,1,1,3,3,3,3,3,1,1,1,1,3,16,3,3,17,18,3,3,3,3,3,1,3,19,20,3,3,3,3,3,3,3,21,22,23,24,25,3,3,3,3,26,27,28,3,3,3,29,3,3,3,3,3,3,3,3,3,3,30,31,3,3,3,3,4,4,4,4,4,4,4,4,5,5,5,5,5,5,5,5","0.000990152359008789","fast_greedy","edit-xhwikibooks.graphml"
"0.09","0.7","0.21","0.715035430763493","1,1,1,2,7,2,4,2,2,2,4,8,2,2,2,2,9,10,4,6,3,1,11,2,2,2,2,2,1,12,13,14,6,15,4,4,5,2,3,3,3,3,1,1,1,1,3,1,1,1,3,3,3,3,3,1,1,1,1,3,16,3,3,17,18,3,3,3,3,3,1,3,19,20,3,3,3,3,3,3,3,21,22,23,24,25,3,3,3,3,26,27,28,3,3,3,29,3,3,3,3,3,3,3,3,3,3,30,31,3,3,3,3,4,4,4,4,4,4,4,4,5,5,5,5,5,5,5,5","0.000884056091308594","fast_greedy","edit-xhwikibooks.graphml"
"0.08","0.71","0.21","0.715035430763493","1,1,1,2,7,2,4,2,2,2,4,8,2,2,2,2,9,10,4,6,3,1,11,2,2,2,2,2,1,12,13,14,6,15,4,4,5,2,3,3,3,3,1,1,1,1,3,1,1,1,3,3,3,3,3,1,1,1,1,3,16,3,3,17,18,3,3,3,3,3,1,3,19,20,3,3,3,3,3,3,3,21,22,23,24,25,3,3,3,3,26,27,28,3,3,3,29,3,3,3,3,3,3,3,3,3,3,30,31,3,3,3,3,4,4,4,4,4,4,4,4,5,5,5,5,5,5,5,5","0.000900030136108398","fast_greedy","edit-xhwikibooks.graphml"
"0.07","0.72","0.21","0.715035430763493","1,1,1,2,7,2,4,2,2,2,4,8,2,2,2,2,9,10,4,6,3,1,11,2,2,2,2,2,1,12,13,14,6,15,4,4,5,2,3,3,3,3,1,1,1,1,3,1,1,1,3,3,3,3,3,1,1,1,1,3,16,3,3,17,18,3,3,3,3,3,1,3,19,20,3,3,3,3,3,3,3,21,22,23,24,25,3,3,3,3,26,27,28,3,3,3,29,3,3,3,3,3,3,3,3,3,3,30,31,3,3,3,3,4,4,4,4,4,4,4,4,5,5,5,5,5,5,5,5","0.000875949859619141","fast_greedy","edit-xhwikibooks.graphml"
"0.06","0.73","0.21","0.715035430763493","1,1,1,2,7,2,4,2,2,2,4,8,2,2,2,2,9,10,4,6,3,1,11,2,2,2,2,2,1,12,13,14,6,15,4,4,5,2,3,3,3,3,1,1,1,1,3,1,1,1,3,3,3,3,3,1,1,1,1,3,16,3,3,17,18,3,3,3,3,3,1,3,19,20,3,3,3,3,3,3,3,21,22,23,24,25,3,3,3,3,26,27,28,3,3,3,29,3,3,3,3,3,3,3,3,3,3,30,31,3,3,3,3,4,4,4,4,4,4,4,4,5,5,5,5,5,5,5,5","0.000889778137207031","fast_greedy","edit-xhwikibooks.graphml"
"0.05","0.74","0.21","0.715035430763493","1,1,1,2,7,2,4,2,2,2,4,8,2,2,2,2,9,10,4,6,3,1,11,2,2,2,2,2,1,12,13,14,6,15,4,4,5,2,3,3,3,3,1,1,1,1,3,1,1,1,3,3,3,3,3,1,1,1,1,3,16,3,3,17,18,3,3,3,3,3,1,3,19,20,3,3,3,3,3,3,3,21,22,23,24,25,3,3,3,3,26,27,28,3,3,3,29,3,3,3,3,3,3,3,3,3,3,30,31,3,3,3,3,4,4,4,4,4,4,4,4,5,5,5,5,5,5,5,5","0.000885963439941406","fast_greedy","edit-xhwikibooks.graphml"
"0.04","0.75","0.21","0.715035430763493","1,1,1,2,7,2,4,2,2,2,4,8,2,2,2,2,9,10,4,6,3,1,11,2,2,2,2,2,1,12,13,14,6,15,4,4,5,2,3,3,3,3,1,1,1,1,3,1,1,1,3,3,3,3,3,1,1,1,1,3,16,3,3,17,18,3,3,3,3,3,1,3,19,20,3,3,3,3,3,3,3,21,22,23,24,25,3,3,3,3,26,27,28,3,3,3,29,3,3,3,3,3,3,3,3,3,3,30,31,3,3,3,3,4,4,4,4,4,4,4,4,5,5,5,5,5,5,5,5","0.00090789794921875","fast_greedy","edit-xhwikibooks.graphml"
"0.03","0.76","0.21","0.715035430763493","1,1,1,2,7,2,4,2,2,2,4,8,2,2,2,2,9,10,4,6,3,1,11,2,2,2,2,2,1,12,13,14,6,15,4,4,5,2,3,3,3,3,1,1,1,1,3,1,1,1,3,3,3,3,3,1,1,1,1,3,16,3,3,17,18,3,3,3,3,3,1,3,19,20,3,3,3,3,3,3,3,21,22,23,24,25,3,3,3,3,26,27,28,3,3,3,29,3,3,3,3,3,3,3,3,3,3,30,31,3,3,3,3,4,4,4,4,4,4,4,4,5,5,5,5,5,5,5,5","0.000913858413696289","fast_greedy","edit-xhwikibooks.graphml"
"0.02","0.77","0.21","0.715035430763493","1,1,1,2,7,2,4,2,2,2,4,8,2,2,2,2,9,10,4,6,3,1,11,2,2,2,2,2,1,12,13,14,6,15,4,4,5,2,3,3,3,3,1,1,1,1,3,1,1,1,3,3,3,3,3,1,1,1,1,3,16,3,3,17,18,3,3,3,3,3,1,3,19,20,3,3,3,3,3,3,3,21,22,23,24,25,3,3,3,3,26,27,28,3,3,3,29,3,3,3,3,3,3,3,3,3,3,30,31,3,3,3,3,4,4,4,4,4,4,4,4,5,5,5,5,5,5,5,5","0.000877141952514648","fast_greedy","edit-xhwikibooks.graphml"
"0.01","0.78","0.21","0.715035430763493","1,1,1,2,7,2,4,2,2,2,4,8,2,2,2,2,9,10,4,6,3,1,11,2,2,2,2,2,1,12,13,14,6,15,4,4,5,2,3,3,3,3,1,1,1,1,3,1,1,1,3,3,3,3,3,1,1,1,1,3,16,3,3,17,18,3,3,3,3,3,1,3,19,20,3,3,3,3,3,3,3,21,22,23,24,25,3,3,3,3,26,27,28,3,3,3,29,3,3,3,3,3,3,3,3,3,3,30,31,3,3,3,3,4,4,4,4,4,4,4,4,5,5,5,5,5,5,5,5","0.000864982604980469","fast_greedy","edit-xhwikibooks.graphml"
"0","0.79","0.21","0.704210069444444","3,3,3,1,3,1,4,1,1,1,4,7,1,1,1,1,8,9,4,6,2,3,10,1,1,1,1,1,3,11,12,13,6,14,4,4,5,1,2,2,2,2,3,3,3,3,2,3,3,3,2,2,2,2,2,3,3,3,3,2,15,2,2,16,17,2,2,2,2,2,3,2,18,19,2,2,2,2,2,2,2,20,21,22,23,24,2,2,2,2,25,26,27,2,2,2,28,2,2,2,2,2,2,2,2,2,2,29,30,2,2,2,2,4,4,4,4,4,4,4,4,5,5,5,5,5,5,5,5","0.00111889839172363","fast_greedy","edit-xhwikibooks.graphml"
"0.78","0","0.22","0.736207561728395","1,1,1,1,1,2,1,5,2,2,1,4,5,5,5,2,2,1,7,4,3,6,5,5,5,5,5,2,1,2,1,7,4,4,7,7,8,5,3,3,3,3,6,6,6,6,3,6,6,6,3,3,3,3,3,6,6,6,6,3,5,3,3,5,5,3,3,3,3,3,6,3,5,5,3,3,3,3,3,3,3,5,2,2,2,1,3,3,3,3,2,1,7,3,3,3,2,3,3,3,3,3,3,3,3,3,3,4,4,4,3,3,3,7,7,7,7,7,7,7,7,8,8,8,8,8,8,8,8","0.000926017761230469","fast_greedy","edit-xhwikibooks.graphml"
"0.77","0.01","0.22","0.736207561728395","1,1,1,1,1,2,1,5,2,2,1,4,5,5,5,2,2,1,7,4,3,6,5,5,5,5,5,2,1,2,1,7,4,4,7,7,8,5,3,3,3,3,6,6,6,6,3,6,6,6,3,3,3,3,3,6,6,6,6,3,5,3,3,5,5,3,3,3,3,3,6,3,5,5,3,3,3,3,3,3,3,5,2,2,2,1,3,3,3,3,2,1,7,3,3,3,2,3,3,3,3,3,3,3,3,3,3,4,4,4,3,3,3,7,7,7,7,7,7,7,7,8,8,8,8,8,8,8,8","0.000908851623535156","fast_greedy","edit-xhwikibooks.graphml"
"0.76","0.02","0.22","0.736207561728395","1,1,1,1,1,2,1,5,2,2,1,4,5,5,5,2,2,1,7,4,3,6,5,5,5,5,5,2,1,2,1,7,4,4,7,7,8,5,3,3,3,3,6,6,6,6,3,6,6,6,3,3,3,3,3,6,6,6,6,3,5,3,3,5,5,3,3,3,3,3,6,3,5,5,3,3,3,3,3,3,3,5,2,2,2,1,3,3,3,3,2,1,7,3,3,3,2,3,3,3,3,3,3,3,3,3,3,4,4,4,3,3,3,7,7,7,7,7,7,7,7,8,8,8,8,8,8,8,8","0.000894069671630859","fast_greedy","edit-xhwikibooks.graphml"
"0.75","0.03","0.22","0.736207561728395","1,1,1,1,1,2,1,5,2,2,1,4,5,5,5,2,2,1,7,4,3,6,5,5,5,5,5,2,1,2,1,7,4,4,7,7,8,5,3,3,3,3,6,6,6,6,3,6,6,6,3,3,3,3,3,6,6,6,6,3,5,3,3,5,5,3,3,3,3,3,6,3,5,5,3,3,3,3,3,3,3,5,2,2,2,1,3,3,3,3,2,1,7,3,3,3,2,3,3,3,3,3,3,3,3,3,3,4,4,4,3,3,3,7,7,7,7,7,7,7,7,8,8,8,8,8,8,8,8","0.000919103622436523","fast_greedy","edit-xhwikibooks.graphml"
"0.74","0.04","0.22","0.736207561728395","1,1,1,1,1,2,1,5,2,2,1,4,5,5,5,2,2,1,7,4,3,6,5,5,5,5,5,2,1,2,1,7,4,4,7,7,8,5,3,3,3,3,6,6,6,6,3,6,6,6,3,3,3,3,3,6,6,6,6,3,5,3,3,5,5,3,3,3,3,3,6,3,5,5,3,3,3,3,3,3,3,5,2,2,2,1,3,3,3,3,2,1,7,3,3,3,2,3,3,3,3,3,3,3,3,3,3,4,4,4,3,3,3,7,7,7,7,7,7,7,7,8,8,8,8,8,8,8,8","0.000890970230102539","fast_greedy","edit-xhwikibooks.graphml"
"0.73","0.05","0.22","0.736207561728395","1,1,1,1,1,2,1,5,2,2,1,4,5,5,5,2,2,1,7,4,3,6,5,5,5,5,5,2,1,2,1,7,4,4,7,7,8,5,3,3,3,3,6,6,6,6,3,6,6,6,3,3,3,3,3,6,6,6,6,3,5,3,3,5,5,3,3,3,3,3,6,3,5,5,3,3,3,3,3,3,3,5,2,2,2,1,3,3,3,3,2,1,7,3,3,3,2,3,3,3,3,3,3,3,3,3,3,4,4,4,3,3,3,7,7,7,7,7,7,7,7,8,8,8,8,8,8,8,8","0.000905990600585938","fast_greedy","edit-xhwikibooks.graphml"
"0.72","0.06","0.22","0.736207561728395","1,1,1,1,1,2,1,5,2,2,1,4,5,5,5,2,2,1,7,4,3,6,5,5,5,5,5,2,1,2,1,7,4,4,7,7,8,5,3,3,3,3,6,6,6,6,3,6,6,6,3,3,3,3,3,6,6,6,6,3,5,3,3,5,5,3,3,3,3,3,6,3,5,5,3,3,3,3,3,3,3,5,2,2,2,1,3,3,3,3,2,1,7,3,3,3,2,3,3,3,3,3,3,3,3,3,3,4,4,4,3,3,3,7,7,7,7,7,7,7,7,8,8,8,8,8,8,8,8","0.000901937484741211","fast_greedy","edit-xhwikibooks.graphml"
"0.71","0.07","0.22","0.736207561728395","1,1,1,1,1,2,1,5,2,2,1,4,5,5,5,2,2,1,7,4,3,6,5,5,5,5,5,2,1,2,1,7,4,4,7,7,8,5,3,3,3,3,6,6,6,6,3,6,6,6,3,3,3,3,3,6,6,6,6,3,5,3,3,5,5,3,3,3,3,3,6,3,5,5,3,3,3,3,3,3,3,5,2,2,2,1,3,3,3,3,2,1,7,3,3,3,2,3,3,3,3,3,3,3,3,3,3,4,4,4,3,3,3,7,7,7,7,7,7,7,7,8,8,8,8,8,8,8,8","0.000898122787475586","fast_greedy","edit-xhwikibooks.graphml"
"0.7","0.08","0.22","0.736207561728395","1,1,1,1,1,2,1,5,2,2,1,4,5,5,5,2,2,1,7,4,3,6,5,5,5,5,5,2,1,2,1,7,4,4,7,7,8,5,3,3,3,3,6,6,6,6,3,6,6,6,3,3,3,3,3,6,6,6,6,3,5,3,3,5,5,3,3,3,3,3,6,3,5,5,3,3,3,3,3,3,3,5,2,2,2,1,3,3,3,3,2,1,7,3,3,3,2,3,3,3,3,3,3,3,3,3,3,4,4,4,3,3,3,7,7,7,7,7,7,7,7,8,8,8,8,8,8,8,8","0.000910043716430664","fast_greedy","edit-xhwikibooks.graphml"
"0.69","0.09","0.22","0.736207561728395","1,1,1,1,1,2,1,5,2,2,1,4,5,5,5,2,2,1,7,4,3,6,5,5,5,5,5,2,1,2,1,7,4,4,7,7,8,5,3,3,3,3,6,6,6,6,3,6,6,6,3,3,3,3,3,6,6,6,6,3,5,3,3,5,5,3,3,3,3,3,6,3,5,5,3,3,3,3,3,3,3,5,2,2,2,1,3,3,3,3,2,1,7,3,3,3,2,3,3,3,3,3,3,3,3,3,3,4,4,4,3,3,3,7,7,7,7,7,7,7,7,8,8,8,8,8,8,8,8","0.000910043716430664","fast_greedy","edit-xhwikibooks.graphml"
"0.68","0.1","0.22","0.736207561728395","1,1,1,1,1,2,1,5,2,2,1,4,5,5,5,2,2,1,7,4,3,6,5,5,5,5,5,2,1,2,1,7,4,4,7,7,8,5,3,3,3,3,6,6,6,6,3,6,6,6,3,3,3,3,3,6,6,6,6,3,5,3,3,5,5,3,3,3,3,3,6,3,5,5,3,3,3,3,3,3,3,5,2,2,2,1,3,3,3,3,2,1,7,3,3,3,2,3,3,3,3,3,3,3,3,3,3,4,4,4,3,3,3,7,7,7,7,7,7,7,7,8,8,8,8,8,8,8,8","0.000891923904418945","fast_greedy","edit-xhwikibooks.graphml"
"0.67","0.11","0.22","0.736207561728395","1,1,1,1,1,2,1,5,2,2,1,4,5,5,5,2,2,1,7,4,3,6,5,5,5,5,5,2,1,2,1,7,4,4,7,7,8,5,3,3,3,3,6,6,6,6,3,6,6,6,3,3,3,3,3,6,6,6,6,3,5,3,3,5,5,3,3,3,3,3,6,3,5,5,3,3,3,3,3,3,3,5,2,2,2,1,3,3,3,3,2,1,7,3,3,3,2,3,3,3,3,3,3,3,3,3,3,4,4,4,3,3,3,7,7,7,7,7,7,7,7,8,8,8,8,8,8,8,8","0.00102710723876953","fast_greedy","edit-xhwikibooks.graphml"
"0.66","0.12","0.22","0.736207561728395","1,1,1,1,1,2,1,5,2,2,1,4,5,5,5,2,2,1,7,4,3,6,5,5,5,5,5,2,1,2,1,7,4,4,7,7,8,5,3,3,3,3,6,6,6,6,3,6,6,6,3,3,3,3,3,6,6,6,6,3,5,3,3,5,5,3,3,3,3,3,6,3,5,5,3,3,3,3,3,3,3,5,2,2,2,1,3,3,3,3,2,1,7,3,3,3,2,3,3,3,3,3,3,3,3,3,3,4,4,4,3,3,3,7,7,7,7,7,7,7,7,8,8,8,8,8,8,8,8","0.000934123992919922","fast_greedy","edit-xhwikibooks.graphml"
"0.65","0.13","0.22","0.736207561728395","1,1,1,1,1,2,1,5,2,2,1,4,5,5,5,2,2,1,7,4,3,6,5,5,5,5,5,2,1,2,1,7,4,4,7,7,8,5,3,3,3,3,6,6,6,6,3,6,6,6,3,3,3,3,3,6,6,6,6,3,5,3,3,5,5,3,3,3,3,3,6,3,5,5,3,3,3,3,3,3,3,5,2,2,2,1,3,3,3,3,2,1,7,3,3,3,2,3,3,3,3,3,3,3,3,3,3,4,4,4,3,3,3,7,7,7,7,7,7,7,7,8,8,8,8,8,8,8,8","0.000914812088012695","fast_greedy","edit-xhwikibooks.graphml"
"0.64","0.14","0.22","0.736207561728395","1,1,1,1,1,2,1,5,2,2,1,4,5,5,5,2,2,1,7,4,3,6,5,5,5,5,5,2,1,2,1,7,4,4,7,7,8,5,3,3,3,3,6,6,6,6,3,6,6,6,3,3,3,3,3,6,6,6,6,3,5,3,3,5,5,3,3,3,3,3,6,3,5,5,3,3,3,3,3,3,3,5,2,2,2,1,3,3,3,3,2,1,7,3,3,3,2,3,3,3,3,3,3,3,3,3,3,4,4,4,3,3,3,7,7,7,7,7,7,7,7,8,8,8,8,8,8,8,8","0.000909805297851562","fast_greedy","edit-xhwikibooks.graphml"
"0.63","0.15","0.22","0.736207561728395","1,1,1,1,1,2,1,5,2,2,1,4,5,5,5,2,2,1,7,4,3,6,5,5,5,5,5,2,1,2,1,7,4,4,7,7,8,5,3,3,3,3,6,6,6,6,3,6,6,6,3,3,3,3,3,6,6,6,6,3,5,3,3,5,5,3,3,3,3,3,6,3,5,5,3,3,3,3,3,3,3,5,2,2,2,1,3,3,3,3,2,1,7,3,3,3,2,3,3,3,3,3,3,3,3,3,3,4,4,4,3,3,3,7,7,7,7,7,7,7,7,8,8,8,8,8,8,8,8","0.000912904739379883","fast_greedy","edit-xhwikibooks.graphml"
"0.62","0.16","0.22","0.736207561728395","1,1,1,1,1,2,1,5,2,2,1,4,5,5,5,2,2,1,7,4,3,6,5,5,5,5,5,2,1,2,1,7,4,4,7,7,8,5,3,3,3,3,6,6,6,6,3,6,6,6,3,3,3,3,3,6,6,6,6,3,5,3,3,5,5,3,3,3,3,3,6,3,5,5,3,3,3,3,3,3,3,5,2,2,2,1,3,3,3,3,2,1,7,3,3,3,2,3,3,3,3,3,3,3,3,3,3,4,4,4,3,3,3,7,7,7,7,7,7,7,7,8,8,8,8,8,8,8,8","0.000911951065063477","fast_greedy","edit-xhwikibooks.graphml"
"0.61","0.17","0.22","0.737170035671819","1,1,1,1,1,2,1,4,2,2,1,5,4,4,4,2,2,1,7,5,3,6,4,4,4,4,4,2,1,2,1,7,5,5,7,7,8,4,3,3,3,3,6,6,6,6,3,6,6,6,3,3,3,3,3,6,6,6,6,3,4,3,3,4,4,3,3,3,3,3,6,3,4,4,3,3,3,3,3,3,3,4,2,2,2,1,3,3,3,3,2,1,7,3,3,3,2,3,3,3,3,3,3,3,3,3,3,5,5,5,3,3,3,7,7,7,7,7,7,7,7,8,8,8,8,8,8,8,8","0.000913858413696289","fast_greedy","edit-xhwikibooks.graphml"
"0.6","0.18","0.22","0.737170035671819","1,1,1,1,1,2,1,4,2,2,1,5,4,4,4,2,2,1,7,5,3,6,4,4,4,4,4,2,1,2,1,7,5,5,7,7,8,4,3,3,3,3,6,6,6,6,3,6,6,6,3,3,3,3,3,6,6,6,6,3,4,3,3,4,4,3,3,3,3,3,6,3,4,4,3,3,3,3,3,3,3,4,2,2,2,1,3,3,3,3,2,1,7,3,3,3,2,3,3,3,3,3,3,3,3,3,3,5,5,5,3,3,3,7,7,7,7,7,7,7,7,8,8,8,8,8,8,8,8","0.000886917114257812","fast_greedy","edit-xhwikibooks.graphml"
"0.59","0.19","0.22","0.737170035671819","1,1,1,1,1,2,1,4,2,2,1,5,4,4,4,2,2,1,7,5,3,6,4,4,4,4,4,2,1,2,1,7,5,5,7,7,8,4,3,3,3,3,6,6,6,6,3,6,6,6,3,3,3,3,3,6,6,6,6,3,4,3,3,4,4,3,3,3,3,3,6,3,4,4,3,3,3,3,3,3,3,4,2,2,2,1,3,3,3,3,2,1,7,3,3,3,2,3,3,3,3,3,3,3,3,3,3,5,5,5,3,3,3,7,7,7,7,7,7,7,7,8,8,8,8,8,8,8,8","0.000904083251953125","fast_greedy","edit-xhwikibooks.graphml"
"0.58","0.2","0.22","0.737170035671819","1,1,1,1,1,2,1,4,2,2,1,5,4,4,4,2,2,1,7,5,3,6,4,4,4,4,4,2,1,2,1,7,5,5,7,7,8,4,3,3,3,3,6,6,6,6,3,6,6,6,3,3,3,3,3,6,6,6,6,3,4,3,3,4,4,3,3,3,3,3,6,3,4,4,3,3,3,3,3,3,3,4,2,2,2,1,3,3,3,3,2,1,7,3,3,3,2,3,3,3,3,3,3,3,3,3,3,5,5,5,3,3,3,7,7,7,7,7,7,7,7,8,8,8,8,8,8,8,8","0.000905036926269531","fast_greedy","edit-xhwikibooks.graphml"
"0.57","0.21","0.22","0.737170035671819","1,1,1,1,1,2,1,4,2,2,1,5,4,4,4,2,2,1,7,5,3,6,4,4,4,4,4,2,1,2,1,7,5,5,7,7,8,4,3,3,3,3,6,6,6,6,3,6,6,6,3,3,3,3,3,6,6,6,6,3,4,3,3,4,4,3,3,3,3,3,6,3,4,4,3,3,3,3,3,3,3,4,2,2,2,1,3,3,3,3,2,1,7,3,3,3,2,3,3,3,3,3,3,3,3,3,3,5,5,5,3,3,3,7,7,7,7,7,7,7,7,8,8,8,8,8,8,8,8","0.000901937484741211","fast_greedy","edit-xhwikibooks.graphml"
"0.56","0.22","0.22","0.737170035671819","1,1,1,1,1,2,1,4,2,2,1,5,4,4,4,2,2,1,7,5,3,6,4,4,4,4,4,2,1,2,1,7,5,5,7,7,8,4,3,3,3,3,6,6,6,6,3,6,6,6,3,3,3,3,3,6,6,6,6,3,4,3,3,4,4,3,3,3,3,3,6,3,4,4,3,3,3,3,3,3,3,4,2,2,2,1,3,3,3,3,2,1,7,3,3,3,2,3,3,3,3,3,3,3,3,3,3,5,5,5,3,3,3,7,7,7,7,7,7,7,7,8,8,8,8,8,8,8,8","0.000902891159057617","fast_greedy","edit-xhwikibooks.graphml"
"0.55","0.23","0.22","0.729336734693877","1,1,1,1,1,2,1,5,2,2,1,4,5,5,5,2,2,1,7,4,3,6,5,5,5,5,5,2,1,2,1,7,4,4,7,7,8,5,3,3,3,3,6,6,6,6,3,6,6,6,3,3,3,3,3,6,6,6,6,3,9,3,3,5,5,3,3,3,3,3,6,3,5,5,3,3,3,3,3,3,3,5,2,2,2,10,3,3,3,3,11,12,13,3,3,3,2,3,3,3,3,3,3,3,3,3,3,4,4,4,3,3,3,7,7,7,7,7,7,7,7,8,8,8,8,8,8,8,8","0.000959873199462891","fast_greedy","edit-xhwikibooks.graphml"
"0.54","0.24","0.22","0.729336734693877","1,1,1,1,1,2,1,5,2,2,1,4,5,5,5,2,2,1,7,4,3,6,5,5,5,5,5,2,1,2,1,7,4,4,7,7,8,5,3,3,3,3,6,6,6,6,3,6,6,6,3,3,3,3,3,6,6,6,6,3,9,3,3,5,5,3,3,3,3,3,6,3,5,5,3,3,3,3,3,3,3,5,2,2,2,10,3,3,3,3,11,12,13,3,3,3,2,3,3,3,3,3,3,3,3,3,3,4,4,4,3,3,3,7,7,7,7,7,7,7,7,8,8,8,8,8,8,8,8","0.00092005729675293","fast_greedy","edit-xhwikibooks.graphml"
"0.53","0.25","0.22","0.729336734693877","1,1,1,1,1,2,1,5,2,2,1,4,5,5,5,2,2,1,7,4,3,6,5,5,5,5,5,2,1,2,1,7,4,4,7,7,8,5,3,3,3,3,6,6,6,6,3,6,6,6,3,3,3,3,3,6,6,6,6,3,9,3,3,5,5,3,3,3,3,3,6,3,5,5,3,3,3,3,3,3,3,5,2,2,2,10,3,3,3,3,11,12,13,3,3,3,2,3,3,3,3,3,3,3,3,3,3,4,4,4,3,3,3,7,7,7,7,7,7,7,7,8,8,8,8,8,8,8,8","0.000890970230102539","fast_greedy","edit-xhwikibooks.graphml"
"0.52","0.26","0.22","0.729336734693877","1,1,1,1,1,2,1,5,2,2,1,4,5,5,5,2,2,1,7,4,3,6,5,5,5,5,5,2,1,2,1,7,4,4,7,7,8,5,3,3,3,3,6,6,6,6,3,6,6,6,3,3,3,3,3,6,6,6,6,3,9,3,3,5,5,3,3,3,3,3,6,3,5,5,3,3,3,3,3,3,3,5,2,2,2,10,3,3,3,3,11,12,13,3,3,3,2,3,3,3,3,3,3,3,3,3,3,4,4,4,3,3,3,7,7,7,7,7,7,7,7,8,8,8,8,8,8,8,8","0.000924825668334961","fast_greedy","edit-xhwikibooks.graphml"
"0.51","0.27","0.22","0.729336734693877","1,1,1,1,1,2,1,5,2,2,1,4,5,5,5,2,2,1,7,4,3,6,5,5,5,5,5,2,1,2,1,7,4,4,7,7,8,5,3,3,3,3,6,6,6,6,3,6,6,6,3,3,3,3,3,6,6,6,6,3,9,3,3,5,5,3,3,3,3,3,6,3,5,5,3,3,3,3,3,3,3,5,2,2,2,10,3,3,3,3,11,12,13,3,3,3,2,3,3,3,3,3,3,3,3,3,3,4,4,4,3,3,3,7,7,7,7,7,7,7,7,8,8,8,8,8,8,8,8","0.000938177108764648","fast_greedy","edit-xhwikibooks.graphml"
"0.5","0.28","0.22","0.729336734693877","1,1,1,1,1,2,1,5,2,2,1,4,5,5,5,2,2,1,7,4,3,6,5,5,5,5,5,2,1,2,1,7,4,4,7,7,8,5,3,3,3,3,6,6,6,6,3,6,6,6,3,3,3,3,3,6,6,6,6,3,9,3,3,5,5,3,3,3,3,3,6,3,5,5,3,3,3,3,3,3,3,5,2,2,2,10,3,3,3,3,11,12,13,3,3,3,2,3,3,3,3,3,3,3,3,3,3,4,4,4,3,3,3,7,7,7,7,7,7,7,7,8,8,8,8,8,8,8,8","0.000950098037719727","fast_greedy","edit-xhwikibooks.graphml"
"0.49","0.29","0.22","0.729336734693877","1,1,1,1,1,2,1,5,2,2,1,4,5,5,5,2,2,1,7,4,3,6,5,5,5,5,5,2,1,2,1,7,4,4,7,7,8,5,3,3,3,3,6,6,6,6,3,6,6,6,3,3,3,3,3,6,6,6,6,3,9,3,3,5,5,3,3,3,3,3,6,3,5,5,3,3,3,3,3,3,3,5,2,2,2,10,3,3,3,3,11,12,13,3,3,3,2,3,3,3,3,3,3,3,3,3,3,4,4,4,3,3,3,7,7,7,7,7,7,7,7,8,8,8,8,8,8,8,8","0.000989913940429688","fast_greedy","edit-xhwikibooks.graphml"
"0.48","0.3","0.22","0.729336734693877","1,1,1,1,1,2,1,5,2,2,1,4,5,5,5,2,2,1,7,4,3,6,5,5,5,5,5,2,1,2,1,7,4,4,7,7,8,5,3,3,3,3,6,6,6,6,3,6,6,6,3,3,3,3,3,6,6,6,6,3,9,3,3,5,5,3,3,3,3,3,6,3,5,5,3,3,3,3,3,3,3,5,2,2,2,10,3,3,3,3,11,12,13,3,3,3,2,3,3,3,3,3,3,3,3,3,3,4,4,4,3,3,3,7,7,7,7,7,7,7,7,8,8,8,8,8,8,8,8","0.000911951065063477","fast_greedy","edit-xhwikibooks.graphml"
"0.47","0.31","0.22","0.729336734693877","1,1,1,1,1,2,1,5,2,2,1,4,5,5,5,2,2,1,7,4,3,6,5,5,5,5,5,2,1,2,1,7,4,4,7,7,8,5,3,3,3,3,6,6,6,6,3,6,6,6,3,3,3,3,3,6,6,6,6,3,9,3,3,5,5,3,3,3,3,3,6,3,5,5,3,3,3,3,3,3,3,5,2,2,2,10,3,3,3,3,11,12,13,3,3,3,2,3,3,3,3,3,3,3,3,3,3,4,4,4,3,3,3,7,7,7,7,7,7,7,7,8,8,8,8,8,8,8,8","0.000936985015869141","fast_greedy","edit-xhwikibooks.graphml"
"0.46","0.32","0.22","0.729336734693877","1,1,1,1,1,2,1,5,2,2,1,4,5,5,5,2,2,1,7,4,3,6,5,5,5,5,5,2,1,2,1,7,4,4,7,7,8,5,3,3,3,3,6,6,6,6,3,6,6,6,3,3,3,3,3,6,6,6,6,3,9,3,3,5,5,3,3,3,3,3,6,3,5,5,3,3,3,3,3,3,3,5,2,2,2,10,3,3,3,3,11,12,13,3,3,3,2,3,3,3,3,3,3,3,3,3,3,4,4,4,3,3,3,7,7,7,7,7,7,7,7,8,8,8,8,8,8,8,8","0.000932931900024414","fast_greedy","edit-xhwikibooks.graphml"
"0.45","0.33","0.22","0.729336734693877","1,1,1,1,1,2,1,5,2,2,1,4,5,5,5,2,2,1,7,4,3,6,5,5,5,5,5,2,1,2,1,7,4,4,7,7,8,5,3,3,3,3,6,6,6,6,3,6,6,6,3,3,3,3,3,6,6,6,6,3,9,3,3,5,5,3,3,3,3,3,6,3,5,5,3,3,3,3,3,3,3,5,2,2,2,10,3,3,3,3,11,12,13,3,3,3,2,3,3,3,3,3,3,3,3,3,3,4,4,4,3,3,3,7,7,7,7,7,7,7,7,8,8,8,8,8,8,8,8","0.000919103622436523","fast_greedy","edit-xhwikibooks.graphml"
"0.44","0.34","0.22","0.730496453900709","1,1,1,1,1,2,1,4,2,2,1,5,4,4,4,2,2,1,7,5,3,6,4,4,4,4,4,2,1,2,1,7,5,5,7,7,8,4,3,3,3,3,6,6,6,6,3,6,6,6,3,3,3,3,3,6,6,6,6,3,9,3,3,4,4,3,3,3,3,3,6,3,4,4,3,3,3,3,3,3,3,4,2,2,2,10,3,3,3,3,11,12,13,3,3,3,2,3,3,3,3,3,3,3,3,3,3,5,5,5,3,3,3,7,7,7,7,7,7,7,7,8,8,8,8,8,8,8,8","0.000905036926269531","fast_greedy","edit-xhwikibooks.graphml"
"0.43","0.35","0.22","0.730496453900709","1,1,1,1,1,2,1,4,2,2,1,5,4,4,4,2,2,1,7,5,3,6,4,4,4,4,4,2,1,2,1,7,5,5,7,7,8,4,3,3,3,3,6,6,6,6,3,6,6,6,3,3,3,3,3,6,6,6,6,3,9,3,3,4,4,3,3,3,3,3,6,3,4,4,3,3,3,3,3,3,3,4,2,2,2,10,3,3,3,3,11,12,13,3,3,3,2,3,3,3,3,3,3,3,3,3,3,5,5,5,3,3,3,7,7,7,7,7,7,7,7,8,8,8,8,8,8,8,8","0.000993967056274414","fast_greedy","edit-xhwikibooks.graphml"
"0.42","0.36","0.22","0.730496453900709","1,1,1,1,1,2,1,4,2,2,1,5,4,4,4,2,2,1,7,5,3,6,4,4,4,4,4,2,1,2,1,7,5,5,7,7,8,4,3,3,3,3,6,6,6,6,3,6,6,6,3,3,3,3,3,6,6,6,6,3,9,3,3,4,4,3,3,3,3,3,6,3,4,4,3,3,3,3,3,3,3,4,2,2,2,10,3,3,3,3,11,12,13,3,3,3,2,3,3,3,3,3,3,3,3,3,3,5,5,5,3,3,3,7,7,7,7,7,7,7,7,8,8,8,8,8,8,8,8","0.000964879989624023","fast_greedy","edit-xhwikibooks.graphml"
"0.41","0.37","0.22","0.730496453900709","1,1,1,1,1,2,1,4,2,2,1,5,4,4,4,2,2,1,7,5,3,6,4,4,4,4,4,2,1,2,1,7,5,5,7,7,8,4,3,3,3,3,6,6,6,6,3,6,6,6,3,3,3,3,3,6,6,6,6,3,9,3,3,4,4,3,3,3,3,3,6,3,4,4,3,3,3,3,3,3,3,4,2,2,2,10,3,3,3,3,11,12,13,3,3,3,2,3,3,3,3,3,3,3,3,3,3,5,5,5,3,3,3,7,7,7,7,7,7,7,7,8,8,8,8,8,8,8,8","0.000889778137207031","fast_greedy","edit-xhwikibooks.graphml"
"0.4","0.38","0.22","0.730496453900709","1,1,1,1,1,2,1,4,2,2,1,5,4,4,4,2,2,1,7,5,3,6,4,4,4,4,4,2,1,2,1,7,5,5,7,7,8,4,3,3,3,3,6,6,6,6,3,6,6,6,3,3,3,3,3,6,6,6,6,3,9,3,3,4,4,3,3,3,3,3,6,3,4,4,3,3,3,3,3,3,3,4,2,2,2,10,3,3,3,3,11,12,13,3,3,3,2,3,3,3,3,3,3,3,3,3,3,5,5,5,3,3,3,7,7,7,7,7,7,7,7,8,8,8,8,8,8,8,8","0.000894069671630859","fast_greedy","edit-xhwikibooks.graphml"
"0.39","0.39","0.22","0.730496453900709","1,1,1,1,1,2,1,4,2,2,1,5,4,4,4,2,2,1,7,5,3,6,4,4,4,4,4,2,1,2,1,7,5,5,7,7,8,4,3,3,3,3,6,6,6,6,3,6,6,6,3,3,3,3,3,6,6,6,6,3,9,3,3,4,4,3,3,3,3,3,6,3,4,4,3,3,3,3,3,3,3,4,2,2,2,10,3,3,3,3,11,12,13,3,3,3,2,3,3,3,3,3,3,3,3,3,3,5,5,5,3,3,3,7,7,7,7,7,7,7,7,8,8,8,8,8,8,8,8","0.000900983810424805","fast_greedy","edit-xhwikibooks.graphml"
"0.38","0.4","0.22","0.730496453900709","1,1,1,1,1,2,1,4,2,2,1,5,4,4,4,2,2,1,7,5,3,6,4,4,4,4,4,2,1,2,1,7,5,5,7,7,8,4,3,3,3,3,6,6,6,6,3,6,6,6,3,3,3,3,3,6,6,6,6,3,9,3,3,4,4,3,3,3,3,3,6,3,4,4,3,3,3,3,3,3,3,4,2,2,2,10,3,3,3,3,11,12,13,3,3,3,2,3,3,3,3,3,3,3,3,3,3,5,5,5,3,3,3,7,7,7,7,7,7,7,7,8,8,8,8,8,8,8,8","0.000900983810424805","fast_greedy","edit-xhwikibooks.graphml"
"0.37","0.41","0.22","0.730496453900709","1,1,1,1,1,2,1,4,2,2,1,5,4,4,4,2,2,1,7,5,3,6,4,4,4,4,4,2,1,2,1,7,5,5,7,7,8,4,3,3,3,3,6,6,6,6,3,6,6,6,3,3,3,3,3,6,6,6,6,3,9,3,3,4,4,3,3,3,3,3,6,3,4,4,3,3,3,3,3,3,3,4,2,2,2,10,3,3,3,3,11,12,13,3,3,3,2,3,3,3,3,3,3,3,3,3,3,5,5,5,3,3,3,7,7,7,7,7,7,7,7,8,8,8,8,8,8,8,8","0.000890970230102539","fast_greedy","edit-xhwikibooks.graphml"
"0.36","0.42","0.22","0.730496453900709","1,1,1,1,1,2,1,4,2,2,1,5,4,4,4,2,2,1,7,5,3,6,4,4,4,4,4,2,1,2,1,7,5,5,7,7,8,4,3,3,3,3,6,6,6,6,3,6,6,6,3,3,3,3,3,6,6,6,6,3,9,3,3,4,4,3,3,3,3,3,6,3,4,4,3,3,3,3,3,3,3,4,2,2,2,10,3,3,3,3,11,12,13,3,3,3,2,3,3,3,3,3,3,3,3,3,3,5,5,5,3,3,3,7,7,7,7,7,7,7,7,8,8,8,8,8,8,8,8","0.000875949859619141","fast_greedy","edit-xhwikibooks.graphml"
"0.35","0.43","0.22","0.730496453900709","1,1,1,1,1,2,1,4,2,2,1,5,4,4,4,2,2,1,7,5,3,6,4,4,4,4,4,2,1,2,1,7,5,5,7,7,8,4,3,3,3,3,6,6,6,6,3,6,6,6,3,3,3,3,3,6,6,6,6,3,9,3,3,4,4,3,3,3,3,3,6,3,4,4,3,3,3,3,3,3,3,4,2,2,2,10,3,3,3,3,11,12,13,3,3,3,2,3,3,3,3,3,3,3,3,3,3,5,5,5,3,3,3,7,7,7,7,7,7,7,7,8,8,8,8,8,8,8,8","0.000885963439941406","fast_greedy","edit-xhwikibooks.graphml"
"0.34","0.44","0.22","0.730496453900709","1,1,1,1,1,2,1,4,2,2,1,5,4,4,4,2,2,1,7,5,3,6,4,4,4,4,4,2,1,2,1,7,5,5,7,7,8,4,3,3,3,3,6,6,6,6,3,6,6,6,3,3,3,3,3,6,6,6,6,3,9,3,3,4,4,3,3,3,3,3,6,3,4,4,3,3,3,3,3,3,3,4,2,2,2,10,3,3,3,3,11,12,13,3,3,3,2,3,3,3,3,3,3,3,3,3,3,5,5,5,3,3,3,7,7,7,7,7,7,7,7,8,8,8,8,8,8,8,8","0.000889062881469727","fast_greedy","edit-xhwikibooks.graphml"
"0.33","0.45","0.22","0.714497989627644","1,1,1,1,1,4,1,6,4,4,3,1,6,6,6,4,8,3,3,1,2,5,6,6,6,6,6,4,1,9,10,3,1,1,3,3,7,6,2,2,2,2,5,5,5,5,2,5,5,5,2,2,2,2,2,5,5,5,5,2,11,2,2,12,13,2,2,2,2,2,5,2,6,6,2,2,2,2,2,2,2,14,4,4,4,15,2,2,2,2,16,17,18,2,2,2,19,2,2,2,2,2,2,2,2,2,2,20,21,2,2,2,2,3,3,3,3,3,3,3,3,7,7,7,7,7,7,7,7","0.000883817672729492","fast_greedy","edit-xhwikibooks.graphml"
"0.32","0.46","0.22","0.714497989627644","1,1,1,1,1,4,1,6,4,4,3,1,6,6,6,4,8,3,3,1,2,5,6,6,6,6,6,4,1,9,10,3,1,1,3,3,7,6,2,2,2,2,5,5,5,5,2,5,5,5,2,2,2,2,2,5,5,5,5,2,11,2,2,12,13,2,2,2,2,2,5,2,6,6,2,2,2,2,2,2,2,14,4,4,4,15,2,2,2,2,16,17,18,2,2,2,19,2,2,2,2,2,2,2,2,2,2,20,21,2,2,2,2,3,3,3,3,3,3,3,3,7,7,7,7,7,7,7,7","0.000893115997314453","fast_greedy","edit-xhwikibooks.graphml"
"0.31","0.47","0.22","0.714497989627644","1,1,1,1,1,4,1,6,4,4,3,1,6,6,6,4,8,3,3,1,2,5,6,6,6,6,6,4,1,9,10,3,1,1,3,3,7,6,2,2,2,2,5,5,5,5,2,5,5,5,2,2,2,2,2,5,5,5,5,2,11,2,2,12,13,2,2,2,2,2,5,2,6,6,2,2,2,2,2,2,2,14,4,4,4,15,2,2,2,2,16,17,18,2,2,2,19,2,2,2,2,2,2,2,2,2,2,20,21,2,2,2,2,3,3,3,3,3,3,3,3,7,7,7,7,7,7,7,7","0.00087285041809082","fast_greedy","edit-xhwikibooks.graphml"
"0.3","0.48","0.22","0.714497989627644","1,1,1,1,1,4,1,6,4,4,3,1,6,6,6,4,8,3,3,1,2,5,6,6,6,6,6,4,1,9,10,3,1,1,3,3,7,6,2,2,2,2,5,5,5,5,2,5,5,5,2,2,2,2,2,5,5,5,5,2,11,2,2,12,13,2,2,2,2,2,5,2,6,6,2,2,2,2,2,2,2,14,4,4,4,15,2,2,2,2,16,17,18,2,2,2,19,2,2,2,2,2,2,2,2,2,2,20,21,2,2,2,2,3,3,3,3,3,3,3,3,7,7,7,7,7,7,7,7","0.00101995468139648","fast_greedy","edit-xhwikibooks.graphml"
"0.29","0.49","0.22","0.714497989627644","1,1,1,1,1,4,1,6,4,4,3,1,6,6,6,4,8,3,3,1,2,5,6,6,6,6,6,4,1,9,10,3,1,1,3,3,7,6,2,2,2,2,5,5,5,5,2,5,5,5,2,2,2,2,2,5,5,5,5,2,11,2,2,12,13,2,2,2,2,2,5,2,6,6,2,2,2,2,2,2,2,14,4,4,4,15,2,2,2,2,16,17,18,2,2,2,19,2,2,2,2,2,2,2,2,2,2,20,21,2,2,2,2,3,3,3,3,3,3,3,3,7,7,7,7,7,7,7,7","0.00116610527038574","fast_greedy","edit-xhwikibooks.graphml"
"0.28","0.5","0.22","0.729573264330512","1,1,1,1,2,1,2,6,1,1,2,2,6,6,6,1,8,2,2,2,3,4,6,6,6,6,6,1,1,9,10,2,2,2,5,5,7,6,3,3,3,3,4,4,4,4,3,4,4,4,3,3,3,3,3,4,4,4,4,3,11,3,3,12,13,3,3,3,3,3,4,3,6,6,3,3,3,3,3,3,3,14,1,1,1,15,3,3,3,3,16,17,18,3,3,3,19,3,3,3,3,3,3,3,3,3,3,20,21,3,3,3,3,5,5,5,5,5,5,5,5,7,7,7,7,7,7,7,7","0.0010371208190918","fast_greedy","edit-xhwikibooks.graphml"
"0.27","0.51","0.22","0.729573264330512","1,1,1,1,2,1,2,6,1,1,2,2,6,6,6,1,8,2,2,2,3,4,6,6,6,6,6,1,1,9,10,2,2,2,5,5,7,6,3,3,3,3,4,4,4,4,3,4,4,4,3,3,3,3,3,4,4,4,4,3,11,3,3,12,13,3,3,3,3,3,4,3,6,6,3,3,3,3,3,3,3,14,1,1,1,15,3,3,3,3,16,17,18,3,3,3,19,3,3,3,3,3,3,3,3,3,3,20,21,3,3,3,3,5,5,5,5,5,5,5,5,7,7,7,7,7,7,7,7","0.000910043716430664","fast_greedy","edit-xhwikibooks.graphml"
"0.26","0.52","0.22","0.729573264330512","1,1,1,1,2,1,2,6,1,1,2,2,6,6,6,1,8,2,2,2,3,4,6,6,6,6,6,1,1,9,10,2,2,2,5,5,7,6,3,3,3,3,4,4,4,4,3,4,4,4,3,3,3,3,3,4,4,4,4,3,11,3,3,12,13,3,3,3,3,3,4,3,6,6,3,3,3,3,3,3,3,14,1,1,1,15,3,3,3,3,16,17,18,3,3,3,19,3,3,3,3,3,3,3,3,3,3,20,21,3,3,3,3,5,5,5,5,5,5,5,5,7,7,7,7,7,7,7,7","0.000896930694580078","fast_greedy","edit-xhwikibooks.graphml"
"0.25","0.53","0.22","0.729573264330512","1,1,1,1,2,1,2,6,1,1,2,2,6,6,6,1,8,2,2,2,3,4,6,6,6,6,6,1,1,9,10,2,2,2,5,5,7,6,3,3,3,3,4,4,4,4,3,4,4,4,3,3,3,3,3,4,4,4,4,3,11,3,3,12,13,3,3,3,3,3,4,3,6,6,3,3,3,3,3,3,3,14,1,1,1,15,3,3,3,3,16,17,18,3,3,3,19,3,3,3,3,3,3,3,3,3,3,20,21,3,3,3,3,5,5,5,5,5,5,5,5,7,7,7,7,7,7,7,7","0.000891208648681641","fast_greedy","edit-xhwikibooks.graphml"
"0.24","0.54","0.22","0.729573264330512","1,1,1,1,2,1,2,6,1,1,2,2,6,6,6,1,8,2,2,2,3,4,6,6,6,6,6,1,1,9,10,2,2,2,5,5,7,6,3,3,3,3,4,4,4,4,3,4,4,4,3,3,3,3,3,4,4,4,4,3,11,3,3,12,13,3,3,3,3,3,4,3,6,6,3,3,3,3,3,3,3,14,1,1,1,15,3,3,3,3,16,17,18,3,3,3,19,3,3,3,3,3,3,3,3,3,3,20,21,3,3,3,3,5,5,5,5,5,5,5,5,7,7,7,7,7,7,7,7","0.000887870788574219","fast_greedy","edit-xhwikibooks.graphml"
"0.23","0.55","0.22","0.729573264330512","1,1,1,1,2,1,2,6,1,1,2,2,6,6,6,1,8,2,2,2,3,4,6,6,6,6,6,1,1,9,10,2,2,2,5,5,7,6,3,3,3,3,4,4,4,4,3,4,4,4,3,3,3,3,3,4,4,4,4,3,11,3,3,12,13,3,3,3,3,3,4,3,6,6,3,3,3,3,3,3,3,14,1,1,1,15,3,3,3,3,16,17,18,3,3,3,19,3,3,3,3,3,3,3,3,3,3,20,21,3,3,3,3,5,5,5,5,5,5,5,5,7,7,7,7,7,7,7,7","0.000898838043212891","fast_greedy","edit-xhwikibooks.graphml"
"0.22","0.56","0.22","0.729573264330512","1,1,1,1,2,1,2,6,1,1,2,2,6,6,6,1,8,2,2,2,3,4,6,6,6,6,6,1,1,9,10,2,2,2,5,5,7,6,3,3,3,3,4,4,4,4,3,4,4,4,3,3,3,3,3,4,4,4,4,3,11,3,3,12,13,3,3,3,3,3,4,3,6,6,3,3,3,3,3,3,3,14,1,1,1,15,3,3,3,3,16,17,18,3,3,3,19,3,3,3,3,3,3,3,3,3,3,20,21,3,3,3,3,5,5,5,5,5,5,5,5,7,7,7,7,7,7,7,7","0.000906944274902344","fast_greedy","edit-xhwikibooks.graphml"
"0.21","0.57","0.22","0.729573264330512","1,1,1,1,2,1,2,6,1,1,2,2,6,6,6,1,8,2,2,2,3,4,6,6,6,6,6,1,1,9,10,2,2,2,5,5,7,6,3,3,3,3,4,4,4,4,3,4,4,4,3,3,3,3,3,4,4,4,4,3,11,3,3,12,13,3,3,3,3,3,4,3,6,6,3,3,3,3,3,3,3,14,1,1,1,15,3,3,3,3,16,17,18,3,3,3,19,3,3,3,3,3,3,3,3,3,3,20,21,3,3,3,3,5,5,5,5,5,5,5,5,7,7,7,7,7,7,7,7","0.000896930694580078","fast_greedy","edit-xhwikibooks.graphml"
"0.2","0.58","0.22","0.729573264330512","1,1,1,1,2,1,2,6,1,1,2,2,6,6,6,1,8,2,2,2,3,4,6,6,6,6,6,1,1,9,10,2,2,2,5,5,7,6,3,3,3,3,4,4,4,4,3,4,4,4,3,3,3,3,3,4,4,4,4,3,11,3,3,12,13,3,3,3,3,3,4,3,6,6,3,3,3,3,3,3,3,14,1,1,1,15,3,3,3,3,16,17,18,3,3,3,19,3,3,3,3,3,3,3,3,3,3,20,21,3,3,3,3,5,5,5,5,5,5,5,5,7,7,7,7,7,7,7,7","0.000936985015869141","fast_greedy","edit-xhwikibooks.graphml"
"0.19","0.59","0.22","0.729573264330512","1,1,1,1,2,1,2,6,1,1,2,2,6,6,6,1,8,2,2,2,3,4,6,6,6,6,6,1,1,9,10,2,2,2,5,5,7,6,3,3,3,3,4,4,4,4,3,4,4,4,3,3,3,3,3,4,4,4,4,3,11,3,3,12,13,3,3,3,3,3,4,3,6,6,3,3,3,3,3,3,3,14,1,1,1,15,3,3,3,3,16,17,18,3,3,3,19,3,3,3,3,3,3,3,3,3,3,20,21,3,3,3,3,5,5,5,5,5,5,5,5,7,7,7,7,7,7,7,7","0.0011289119720459","fast_greedy","edit-xhwikibooks.graphml"
"0.18","0.6","0.22","0.729573264330512","1,1,1,1,2,1,2,6,1,1,2,2,6,6,6,1,8,2,2,2,3,4,6,6,6,6,6,1,1,9,10,2,2,2,5,5,7,6,3,3,3,3,4,4,4,4,3,4,4,4,3,3,3,3,3,4,4,4,4,3,11,3,3,12,13,3,3,3,3,3,4,3,6,6,3,3,3,3,3,3,3,14,1,1,1,15,3,3,3,3,16,17,18,3,3,3,19,3,3,3,3,3,3,3,3,3,3,20,21,3,3,3,3,5,5,5,5,5,5,5,5,7,7,7,7,7,7,7,7","0.000901937484741211","fast_greedy","edit-xhwikibooks.graphml"
"0.17","0.61","0.22","0.729573264330512","1,1,1,1,2,1,2,6,1,1,2,2,6,6,6,1,8,2,2,2,3,4,6,6,6,6,6,1,1,9,10,2,2,2,5,5,7,6,3,3,3,3,4,4,4,4,3,4,4,4,3,3,3,3,3,4,4,4,4,3,11,3,3,12,13,3,3,3,3,3,4,3,6,6,3,3,3,3,3,3,3,14,1,1,1,15,3,3,3,3,16,17,18,3,3,3,19,3,3,3,3,3,3,3,3,3,3,20,21,3,3,3,3,5,5,5,5,5,5,5,5,7,7,7,7,7,7,7,7","0.000891923904418945","fast_greedy","edit-xhwikibooks.graphml"
"0.16","0.62","0.22","0.729573264330512","1,1,1,1,2,1,2,6,1,1,2,2,6,6,6,1,8,2,2,2,3,4,6,6,6,6,6,1,1,9,10,2,2,2,5,5,7,6,3,3,3,3,4,4,4,4,3,4,4,4,3,3,3,3,3,4,4,4,4,3,11,3,3,12,13,3,3,3,3,3,4,3,6,6,3,3,3,3,3,3,3,14,1,1,1,15,3,3,3,3,16,17,18,3,3,3,19,3,3,3,3,3,3,3,3,3,3,20,21,3,3,3,3,5,5,5,5,5,5,5,5,7,7,7,7,7,7,7,7","0.000896930694580078","fast_greedy","edit-xhwikibooks.graphml"
"0.15","0.63","0.22","0.729573264330512","1,1,1,1,2,1,2,6,1,1,2,2,6,6,6,1,8,2,2,2,3,4,6,6,6,6,6,1,1,9,10,2,2,2,5,5,7,6,3,3,3,3,4,4,4,4,3,4,4,4,3,3,3,3,3,4,4,4,4,3,11,3,3,12,13,3,3,3,3,3,4,3,6,6,3,3,3,3,3,3,3,14,1,1,1,15,3,3,3,3,16,17,18,3,3,3,19,3,3,3,3,3,3,3,3,3,3,20,21,3,3,3,3,5,5,5,5,5,5,5,5,7,7,7,7,7,7,7,7","0.000889062881469727","fast_greedy","edit-xhwikibooks.graphml"
"0.14","0.64","0.22","0.729573264330512","1,1,1,1,2,1,2,6,1,1,2,2,6,6,6,1,8,2,2,2,3,4,6,6,6,6,6,1,1,9,10,2,2,2,5,5,7,6,3,3,3,3,4,4,4,4,3,4,4,4,3,3,3,3,3,4,4,4,4,3,11,3,3,12,13,3,3,3,3,3,4,3,6,6,3,3,3,3,3,3,3,14,1,1,1,15,3,3,3,3,16,17,18,3,3,3,19,3,3,3,3,3,3,3,3,3,3,20,21,3,3,3,3,5,5,5,5,5,5,5,5,7,7,7,7,7,7,7,7","0.000896930694580078","fast_greedy","edit-xhwikibooks.graphml"
"0.13","0.65","0.22","0.729573264330512","1,1,1,1,2,1,2,6,1,1,2,2,6,6,6,1,8,2,2,2,3,4,6,6,6,6,6,1,1,9,10,2,2,2,5,5,7,6,3,3,3,3,4,4,4,4,3,4,4,4,3,3,3,3,3,4,4,4,4,3,11,3,3,12,13,3,3,3,3,3,4,3,6,6,3,3,3,3,3,3,3,14,1,1,1,15,3,3,3,3,16,17,18,3,3,3,19,3,3,3,3,3,3,3,3,3,3,20,21,3,3,3,3,5,5,5,5,5,5,5,5,7,7,7,7,7,7,7,7","0.000884056091308594","fast_greedy","edit-xhwikibooks.graphml"
"0.12","0.66","0.22","0.729573264330512","1,1,1,1,2,1,2,6,1,1,2,2,6,6,6,1,8,2,2,2,3,4,6,6,6,6,6,1,1,9,10,2,2,2,5,5,7,6,3,3,3,3,4,4,4,4,3,4,4,4,3,3,3,3,3,4,4,4,4,3,11,3,3,12,13,3,3,3,3,3,4,3,6,6,3,3,3,3,3,3,3,14,1,1,1,15,3,3,3,3,16,17,18,3,3,3,19,3,3,3,3,3,3,3,3,3,3,20,21,3,3,3,3,5,5,5,5,5,5,5,5,7,7,7,7,7,7,7,7","0.000873804092407227","fast_greedy","edit-xhwikibooks.graphml"
"0.11","0.67","0.22","0.715035430763493","1,1,1,2,7,2,4,2,2,2,4,8,2,2,2,2,9,10,4,6,3,1,11,2,2,2,2,2,1,12,13,14,6,15,4,4,5,2,3,3,3,3,1,1,1,1,3,1,1,1,3,3,3,3,3,1,1,1,1,3,16,3,3,17,18,3,3,3,3,3,1,3,19,20,3,3,3,3,3,3,3,21,22,23,24,25,3,3,3,3,26,27,28,3,3,3,29,3,3,3,3,3,3,3,3,3,3,30,31,3,3,3,3,4,4,4,4,4,4,4,4,5,5,5,5,5,5,5,5","0.000847101211547852","fast_greedy","edit-xhwikibooks.graphml"
"0.1","0.68","0.22","0.715035430763493","1,1,1,2,7,2,4,2,2,2,4,8,2,2,2,2,9,10,4,6,3,1,11,2,2,2,2,2,1,12,13,14,6,15,4,4,5,2,3,3,3,3,1,1,1,1,3,1,1,1,3,3,3,3,3,1,1,1,1,3,16,3,3,17,18,3,3,3,3,3,1,3,19,20,3,3,3,3,3,3,3,21,22,23,24,25,3,3,3,3,26,27,28,3,3,3,29,3,3,3,3,3,3,3,3,3,3,30,31,3,3,3,3,4,4,4,4,4,4,4,4,5,5,5,5,5,5,5,5","0.000884056091308594","fast_greedy","edit-xhwikibooks.graphml"
"0.09","0.69","0.22","0.715035430763493","1,1,1,2,7,2,4,2,2,2,4,8,2,2,2,2,9,10,4,6,3,1,11,2,2,2,2,2,1,12,13,14,6,15,4,4,5,2,3,3,3,3,1,1,1,1,3,1,1,1,3,3,3,3,3,1,1,1,1,3,16,3,3,17,18,3,3,3,3,3,1,3,19,20,3,3,3,3,3,3,3,21,22,23,24,25,3,3,3,3,26,27,28,3,3,3,29,3,3,3,3,3,3,3,3,3,3,30,31,3,3,3,3,4,4,4,4,4,4,4,4,5,5,5,5,5,5,5,5","0.00086212158203125","fast_greedy","edit-xhwikibooks.graphml"
"0.08","0.7","0.22","0.715035430763493","1,1,1,2,7,2,4,2,2,2,4,8,2,2,2,2,9,10,4,6,3,1,11,2,2,2,2,2,1,12,13,14,6,15,4,4,5,2,3,3,3,3,1,1,1,1,3,1,1,1,3,3,3,3,3,1,1,1,1,3,16,3,3,17,18,3,3,3,3,3,1,3,19,20,3,3,3,3,3,3,3,21,22,23,24,25,3,3,3,3,26,27,28,3,3,3,29,3,3,3,3,3,3,3,3,3,3,30,31,3,3,3,3,4,4,4,4,4,4,4,4,5,5,5,5,5,5,5,5","0.000876903533935547","fast_greedy","edit-xhwikibooks.graphml"
"0.07","0.71","0.22","0.715035430763493","1,1,1,2,7,2,4,2,2,2,4,8,2,2,2,2,9,10,4,6,3,1,11,2,2,2,2,2,1,12,13,14,6,15,4,4,5,2,3,3,3,3,1,1,1,1,3,1,1,1,3,3,3,3,3,1,1,1,1,3,16,3,3,17,18,3,3,3,3,3,1,3,19,20,3,3,3,3,3,3,3,21,22,23,24,25,3,3,3,3,26,27,28,3,3,3,29,3,3,3,3,3,3,3,3,3,3,30,31,3,3,3,3,4,4,4,4,4,4,4,4,5,5,5,5,5,5,5,5","0.00086212158203125","fast_greedy","edit-xhwikibooks.graphml"
"0.06","0.72","0.22","0.715035430763493","1,1,1,2,7,2,4,2,2,2,4,8,2,2,2,2,9,10,4,6,3,1,11,2,2,2,2,2,1,12,13,14,6,15,4,4,5,2,3,3,3,3,1,1,1,1,3,1,1,1,3,3,3,3,3,1,1,1,1,3,16,3,3,17,18,3,3,3,3,3,1,3,19,20,3,3,3,3,3,3,3,21,22,23,24,25,3,3,3,3,26,27,28,3,3,3,29,3,3,3,3,3,3,3,3,3,3,30,31,3,3,3,3,4,4,4,4,4,4,4,4,5,5,5,5,5,5,5,5","0.00109219551086426","fast_greedy","edit-xhwikibooks.graphml"
"0.05","0.73","0.22","0.715035430763493","1,1,1,2,7,2,4,2,2,2,4,8,2,2,2,2,9,10,4,6,3,1,11,2,2,2,2,2,1,12,13,14,6,15,4,4,5,2,3,3,3,3,1,1,1,1,3,1,1,1,3,3,3,3,3,1,1,1,1,3,16,3,3,17,18,3,3,3,3,3,1,3,19,20,3,3,3,3,3,3,3,21,22,23,24,25,3,3,3,3,26,27,28,3,3,3,29,3,3,3,3,3,3,3,3,3,3,30,31,3,3,3,3,4,4,4,4,4,4,4,4,5,5,5,5,5,5,5,5","0.000891208648681641","fast_greedy","edit-xhwikibooks.graphml"
"0.04","0.74","0.22","0.715035430763493","1,1,1,2,7,2,4,2,2,2,4,8,2,2,2,2,9,10,4,6,3,1,11,2,2,2,2,2,1,12,13,14,6,15,4,4,5,2,3,3,3,3,1,1,1,1,3,1,1,1,3,3,3,3,3,1,1,1,1,3,16,3,3,17,18,3,3,3,3,3,1,3,19,20,3,3,3,3,3,3,3,21,22,23,24,25,3,3,3,3,26,27,28,3,3,3,29,3,3,3,3,3,3,3,3,3,3,30,31,3,3,3,3,4,4,4,4,4,4,4,4,5,5,5,5,5,5,5,5","0.000869989395141602","fast_greedy","edit-xhwikibooks.graphml"
"0.03","0.75","0.22","0.715035430763493","1,1,1,2,7,2,4,2,2,2,4,8,2,2,2,2,9,10,4,6,3,1,11,2,2,2,2,2,1,12,13,14,6,15,4,4,5,2,3,3,3,3,1,1,1,1,3,1,1,1,3,3,3,3,3,1,1,1,1,3,16,3,3,17,18,3,3,3,3,3,1,3,19,20,3,3,3,3,3,3,3,21,22,23,24,25,3,3,3,3,26,27,28,3,3,3,29,3,3,3,3,3,3,3,3,3,3,30,31,3,3,3,3,4,4,4,4,4,4,4,4,5,5,5,5,5,5,5,5","0.000854015350341797","fast_greedy","edit-xhwikibooks.graphml"
"0.02","0.76","0.22","0.715035430763493","1,1,1,2,7,2,4,2,2,2,4,8,2,2,2,2,9,10,4,6,3,1,11,2,2,2,2,2,1,12,13,14,6,15,4,4,5,2,3,3,3,3,1,1,1,1,3,1,1,1,3,3,3,3,3,1,1,1,1,3,16,3,3,17,18,3,3,3,3,3,1,3,19,20,3,3,3,3,3,3,3,21,22,23,24,25,3,3,3,3,26,27,28,3,3,3,29,3,3,3,3,3,3,3,3,3,3,30,31,3,3,3,3,4,4,4,4,4,4,4,4,5,5,5,5,5,5,5,5","0.000868082046508789","fast_greedy","edit-xhwikibooks.graphml"
"0.01","0.77","0.22","0.715035430763493","1,1,1,2,7,2,4,2,2,2,4,8,2,2,2,2,9,10,4,6,3,1,11,2,2,2,2,2,1,12,13,14,6,15,4,4,5,2,3,3,3,3,1,1,1,1,3,1,1,1,3,3,3,3,3,1,1,1,1,3,16,3,3,17,18,3,3,3,3,3,1,3,19,20,3,3,3,3,3,3,3,21,22,23,24,25,3,3,3,3,26,27,28,3,3,3,29,3,3,3,3,3,3,3,3,3,3,30,31,3,3,3,3,4,4,4,4,4,4,4,4,5,5,5,5,5,5,5,5","0.000845909118652344","fast_greedy","edit-xhwikibooks.graphml"
"0","0.78","0.22","0.704210069444444","3,3,3,1,3,1,4,1,1,1,4,7,1,1,1,1,8,9,4,6,2,3,10,1,1,1,1,1,3,11,12,13,6,14,4,4,5,1,2,2,2,2,3,3,3,3,2,3,3,3,2,2,2,2,2,3,3,3,3,2,15,2,2,16,17,2,2,2,2,2,3,2,18,19,2,2,2,2,2,2,2,20,21,22,23,24,2,2,2,2,25,26,27,2,2,2,28,2,2,2,2,2,2,2,2,2,2,29,30,2,2,2,2,4,4,4,4,4,4,4,4,5,5,5,5,5,5,5,5","0.000895023345947266","fast_greedy","edit-xhwikibooks.graphml"
"0.77","0","0.23","0.736207561728395","1,1,1,1,1,2,1,5,2,2,1,4,5,5,5,2,2,1,7,4,3,6,5,5,5,5,5,2,1,2,1,7,4,4,7,7,8,5,3,3,3,3,6,6,6,6,3,6,6,6,3,3,3,3,3,6,6,6,6,3,5,3,3,5,5,3,3,3,3,3,6,3,5,5,3,3,3,3,3,3,3,5,2,2,2,1,3,3,3,3,2,1,7,3,3,3,2,3,3,3,3,3,3,3,3,3,3,4,4,4,3,3,3,7,7,7,7,7,7,7,7,8,8,8,8,8,8,8,8","0.000882863998413086","fast_greedy","edit-xhwikibooks.graphml"
"0.76","0.01","0.23","0.736207561728395","1,1,1,1,1,2,1,5,2,2,1,4,5,5,5,2,2,1,7,4,3,6,5,5,5,5,5,2,1,2,1,7,4,4,7,7,8,5,3,3,3,3,6,6,6,6,3,6,6,6,3,3,3,3,3,6,6,6,6,3,5,3,3,5,5,3,3,3,3,3,6,3,5,5,3,3,3,3,3,3,3,5,2,2,2,1,3,3,3,3,2,1,7,3,3,3,2,3,3,3,3,3,3,3,3,3,3,4,4,4,3,3,3,7,7,7,7,7,7,7,7,8,8,8,8,8,8,8,8","0.000873088836669922","fast_greedy","edit-xhwikibooks.graphml"
"0.75","0.02","0.23","0.736207561728395","1,1,1,1,1,2,1,5,2,2,1,4,5,5,5,2,2,1,7,4,3,6,5,5,5,5,5,2,1,2,1,7,4,4,7,7,8,5,3,3,3,3,6,6,6,6,3,6,6,6,3,3,3,3,3,6,6,6,6,3,5,3,3,5,5,3,3,3,3,3,6,3,5,5,3,3,3,3,3,3,3,5,2,2,2,1,3,3,3,3,2,1,7,3,3,3,2,3,3,3,3,3,3,3,3,3,3,4,4,4,3,3,3,7,7,7,7,7,7,7,7,8,8,8,8,8,8,8,8","0.000900030136108398","fast_greedy","edit-xhwikibooks.graphml"
"0.74","0.03","0.23","0.736207561728395","1,1,1,1,1,2,1,5,2,2,1,4,5,5,5,2,2,1,7,4,3,6,5,5,5,5,5,2,1,2,1,7,4,4,7,7,8,5,3,3,3,3,6,6,6,6,3,6,6,6,3,3,3,3,3,6,6,6,6,3,5,3,3,5,5,3,3,3,3,3,6,3,5,5,3,3,3,3,3,3,3,5,2,2,2,1,3,3,3,3,2,1,7,3,3,3,2,3,3,3,3,3,3,3,3,3,3,4,4,4,3,3,3,7,7,7,7,7,7,7,7,8,8,8,8,8,8,8,8","0.000886917114257812","fast_greedy","edit-xhwikibooks.graphml"
"0.73","0.04","0.23","0.736207561728395","1,1,1,1,1,2,1,5,2,2,1,4,5,5,5,2,2,1,7,4,3,6,5,5,5,5,5,2,1,2,1,7,4,4,7,7,8,5,3,3,3,3,6,6,6,6,3,6,6,6,3,3,3,3,3,6,6,6,6,3,5,3,3,5,5,3,3,3,3,3,6,3,5,5,3,3,3,3,3,3,3,5,2,2,2,1,3,3,3,3,2,1,7,3,3,3,2,3,3,3,3,3,3,3,3,3,3,4,4,4,3,3,3,7,7,7,7,7,7,7,7,8,8,8,8,8,8,8,8","0.000910043716430664","fast_greedy","edit-xhwikibooks.graphml"
"0.72","0.05","0.23","0.736207561728395","1,1,1,1,1,2,1,5,2,2,1,4,5,5,5,2,2,1,7,4,3,6,5,5,5,5,5,2,1,2,1,7,4,4,7,7,8,5,3,3,3,3,6,6,6,6,3,6,6,6,3,3,3,3,3,6,6,6,6,3,5,3,3,5,5,3,3,3,3,3,6,3,5,5,3,3,3,3,3,3,3,5,2,2,2,1,3,3,3,3,2,1,7,3,3,3,2,3,3,3,3,3,3,3,3,3,3,4,4,4,3,3,3,7,7,7,7,7,7,7,7,8,8,8,8,8,8,8,8","0.00101590156555176","fast_greedy","edit-xhwikibooks.graphml"
"0.71","0.06","0.23","0.736207561728395","1,1,1,1,1,2,1,5,2,2,1,4,5,5,5,2,2,1,7,4,3,6,5,5,5,5,5,2,1,2,1,7,4,4,7,7,8,5,3,3,3,3,6,6,6,6,3,6,6,6,3,3,3,3,3,6,6,6,6,3,5,3,3,5,5,3,3,3,3,3,6,3,5,5,3,3,3,3,3,3,3,5,2,2,2,1,3,3,3,3,2,1,7,3,3,3,2,3,3,3,3,3,3,3,3,3,3,4,4,4,3,3,3,7,7,7,7,7,7,7,7,8,8,8,8,8,8,8,8","0.000874042510986328","fast_greedy","edit-xhwikibooks.graphml"
"0.7","0.07","0.23","0.736207561728395","1,1,1,1,1,2,1,5,2,2,1,4,5,5,5,2,2,1,7,4,3,6,5,5,5,5,5,2,1,2,1,7,4,4,7,7,8,5,3,3,3,3,6,6,6,6,3,6,6,6,3,3,3,3,3,6,6,6,6,3,5,3,3,5,5,3,3,3,3,3,6,3,5,5,3,3,3,3,3,3,3,5,2,2,2,1,3,3,3,3,2,1,7,3,3,3,2,3,3,3,3,3,3,3,3,3,3,4,4,4,3,3,3,7,7,7,7,7,7,7,7,8,8,8,8,8,8,8,8","0.000870943069458008","fast_greedy","edit-xhwikibooks.graphml"
"0.69","0.08","0.23","0.736207561728395","1,1,1,1,1,2,1,5,2,2,1,4,5,5,5,2,2,1,7,4,3,6,5,5,5,5,5,2,1,2,1,7,4,4,7,7,8,5,3,3,3,3,6,6,6,6,3,6,6,6,3,3,3,3,3,6,6,6,6,3,5,3,3,5,5,3,3,3,3,3,6,3,5,5,3,3,3,3,3,3,3,5,2,2,2,1,3,3,3,3,2,1,7,3,3,3,2,3,3,3,3,3,3,3,3,3,3,4,4,4,3,3,3,7,7,7,7,7,7,7,7,8,8,8,8,8,8,8,8","0.000887155532836914","fast_greedy","edit-xhwikibooks.graphml"
"0.68","0.09","0.23","0.736207561728395","1,1,1,1,1,2,1,5,2,2,1,4,5,5,5,2,2,1,7,4,3,6,5,5,5,5,5,2,1,2,1,7,4,4,7,7,8,5,3,3,3,3,6,6,6,6,3,6,6,6,3,3,3,3,3,6,6,6,6,3,5,3,3,5,5,3,3,3,3,3,6,3,5,5,3,3,3,3,3,3,3,5,2,2,2,1,3,3,3,3,2,1,7,3,3,3,2,3,3,3,3,3,3,3,3,3,3,4,4,4,3,3,3,7,7,7,7,7,7,7,7,8,8,8,8,8,8,8,8","0.00088810920715332","fast_greedy","edit-xhwikibooks.graphml"
"0.67","0.1","0.23","0.736207561728395","1,1,1,1,1,2,1,5,2,2,1,4,5,5,5,2,2,1,7,4,3,6,5,5,5,5,5,2,1,2,1,7,4,4,7,7,8,5,3,3,3,3,6,6,6,6,3,6,6,6,3,3,3,3,3,6,6,6,6,3,5,3,3,5,5,3,3,3,3,3,6,3,5,5,3,3,3,3,3,3,3,5,2,2,2,1,3,3,3,3,2,1,7,3,3,3,2,3,3,3,3,3,3,3,3,3,3,4,4,4,3,3,3,7,7,7,7,7,7,7,7,8,8,8,8,8,8,8,8","0.000896930694580078","fast_greedy","edit-xhwikibooks.graphml"
"0.66","0.11","0.23","0.736207561728395","1,1,1,1,1,2,1,5,2,2,1,4,5,5,5,2,2,1,7,4,3,6,5,5,5,5,5,2,1,2,1,7,4,4,7,7,8,5,3,3,3,3,6,6,6,6,3,6,6,6,3,3,3,3,3,6,6,6,6,3,5,3,3,5,5,3,3,3,3,3,6,3,5,5,3,3,3,3,3,3,3,5,2,2,2,1,3,3,3,3,2,1,7,3,3,3,2,3,3,3,3,3,3,3,3,3,3,4,4,4,3,3,3,7,7,7,7,7,7,7,7,8,8,8,8,8,8,8,8","0.000905036926269531","fast_greedy","edit-xhwikibooks.graphml"
"0.65","0.12","0.23","0.736207561728395","1,1,1,1,1,2,1,5,2,2,1,4,5,5,5,2,2,1,7,4,3,6,5,5,5,5,5,2,1,2,1,7,4,4,7,7,8,5,3,3,3,3,6,6,6,6,3,6,6,6,3,3,3,3,3,6,6,6,6,3,5,3,3,5,5,3,3,3,3,3,6,3,5,5,3,3,3,3,3,3,3,5,2,2,2,1,3,3,3,3,2,1,7,3,3,3,2,3,3,3,3,3,3,3,3,3,3,4,4,4,3,3,3,7,7,7,7,7,7,7,7,8,8,8,8,8,8,8,8","0.000928878784179688","fast_greedy","edit-xhwikibooks.graphml"
"0.64","0.13","0.23","0.736207561728395","1,1,1,1,1,2,1,5,2,2,1,4,5,5,5,2,2,1,7,4,3,6,5,5,5,5,5,2,1,2,1,7,4,4,7,7,8,5,3,3,3,3,6,6,6,6,3,6,6,6,3,3,3,3,3,6,6,6,6,3,5,3,3,5,5,3,3,3,3,3,6,3,5,5,3,3,3,3,3,3,3,5,2,2,2,1,3,3,3,3,2,1,7,3,3,3,2,3,3,3,3,3,3,3,3,3,3,4,4,4,3,3,3,7,7,7,7,7,7,7,7,8,8,8,8,8,8,8,8","0.000926971435546875","fast_greedy","edit-xhwikibooks.graphml"
"0.63","0.14","0.23","0.736207561728395","1,1,1,1,1,2,1,5,2,2,1,4,5,5,5,2,2,1,7,4,3,6,5,5,5,5,5,2,1,2,1,7,4,4,7,7,8,5,3,3,3,3,6,6,6,6,3,6,6,6,3,3,3,3,3,6,6,6,6,3,5,3,3,5,5,3,3,3,3,3,6,3,5,5,3,3,3,3,3,3,3,5,2,2,2,1,3,3,3,3,2,1,7,3,3,3,2,3,3,3,3,3,3,3,3,3,3,4,4,4,3,3,3,7,7,7,7,7,7,7,7,8,8,8,8,8,8,8,8","0.000902891159057617","fast_greedy","edit-xhwikibooks.graphml"
"0.62","0.15","0.23","0.736207561728395","1,1,1,1,1,2,1,5,2,2,1,4,5,5,5,2,2,1,7,4,3,6,5,5,5,5,5,2,1,2,1,7,4,4,7,7,8,5,3,3,3,3,6,6,6,6,3,6,6,6,3,3,3,3,3,6,6,6,6,3,5,3,3,5,5,3,3,3,3,3,6,3,5,5,3,3,3,3,3,3,3,5,2,2,2,1,3,3,3,3,2,1,7,3,3,3,2,3,3,3,3,3,3,3,3,3,3,4,4,4,3,3,3,7,7,7,7,7,7,7,7,8,8,8,8,8,8,8,8","0.000931978225708008","fast_greedy","edit-xhwikibooks.graphml"
"0.61","0.16","0.23","0.736207561728395","1,1,1,1,1,2,1,5,2,2,1,4,5,5,5,2,2,1,7,4,3,6,5,5,5,5,5,2,1,2,1,7,4,4,7,7,8,5,3,3,3,3,6,6,6,6,3,6,6,6,3,3,3,3,3,6,6,6,6,3,5,3,3,5,5,3,3,3,3,3,6,3,5,5,3,3,3,3,3,3,3,5,2,2,2,1,3,3,3,3,2,1,7,3,3,3,2,3,3,3,3,3,3,3,3,3,3,4,4,4,3,3,3,7,7,7,7,7,7,7,7,8,8,8,8,8,8,8,8","0.000957965850830078","fast_greedy","edit-xhwikibooks.graphml"
"0.6","0.17","0.23","0.737170035671819","1,1,1,1,1,2,1,4,2,2,1,5,4,4,4,2,2,1,7,5,3,6,4,4,4,4,4,2,1,2,1,7,5,5,7,7,8,4,3,3,3,3,6,6,6,6,3,6,6,6,3,3,3,3,3,6,6,6,6,3,4,3,3,4,4,3,3,3,3,3,6,3,4,4,3,3,3,3,3,3,3,4,2,2,2,1,3,3,3,3,2,1,7,3,3,3,2,3,3,3,3,3,3,3,3,3,3,5,5,5,3,3,3,7,7,7,7,7,7,7,7,8,8,8,8,8,8,8,8","0.00106406211853027","fast_greedy","edit-xhwikibooks.graphml"
"0.59","0.18","0.23","0.737170035671819","1,1,1,1,1,2,1,4,2,2,1,5,4,4,4,2,2,1,7,5,3,6,4,4,4,4,4,2,1,2,1,7,5,5,7,7,8,4,3,3,3,3,6,6,6,6,3,6,6,6,3,3,3,3,3,6,6,6,6,3,4,3,3,4,4,3,3,3,3,3,6,3,4,4,3,3,3,3,3,3,3,4,2,2,2,1,3,3,3,3,2,1,7,3,3,3,2,3,3,3,3,3,3,3,3,3,3,5,5,5,3,3,3,7,7,7,7,7,7,7,7,8,8,8,8,8,8,8,8","0.000872135162353516","fast_greedy","edit-xhwikibooks.graphml"
"0.58","0.19","0.23","0.737170035671819","1,1,1,1,1,2,1,4,2,2,1,5,4,4,4,2,2,1,7,5,3,6,4,4,4,4,4,2,1,2,1,7,5,5,7,7,8,4,3,3,3,3,6,6,6,6,3,6,6,6,3,3,3,3,3,6,6,6,6,3,4,3,3,4,4,3,3,3,3,3,6,3,4,4,3,3,3,3,3,3,3,4,2,2,2,1,3,3,3,3,2,1,7,3,3,3,2,3,3,3,3,3,3,3,3,3,3,5,5,5,3,3,3,7,7,7,7,7,7,7,7,8,8,8,8,8,8,8,8","0.000869035720825195","fast_greedy","edit-xhwikibooks.graphml"
"0.57","0.2","0.23","0.737170035671819","1,1,1,1,1,2,1,4,2,2,1,5,4,4,4,2,2,1,7,5,3,6,4,4,4,4,4,2,1,2,1,7,5,5,7,7,8,4,3,3,3,3,6,6,6,6,3,6,6,6,3,3,3,3,3,6,6,6,6,3,4,3,3,4,4,3,3,3,3,3,6,3,4,4,3,3,3,3,3,3,3,4,2,2,2,1,3,3,3,3,2,1,7,3,3,3,2,3,3,3,3,3,3,3,3,3,3,5,5,5,3,3,3,7,7,7,7,7,7,7,7,8,8,8,8,8,8,8,8","0.000873088836669922","fast_greedy","edit-xhwikibooks.graphml"
"0.56","0.21","0.23","0.737170035671819","1,1,1,1,1,2,1,4,2,2,1,5,4,4,4,2,2,1,7,5,3,6,4,4,4,4,4,2,1,2,1,7,5,5,7,7,8,4,3,3,3,3,6,6,6,6,3,6,6,6,3,3,3,3,3,6,6,6,6,3,4,3,3,4,4,3,3,3,3,3,6,3,4,4,3,3,3,3,3,3,3,4,2,2,2,1,3,3,3,3,2,1,7,3,3,3,2,3,3,3,3,3,3,3,3,3,3,5,5,5,3,3,3,7,7,7,7,7,7,7,7,8,8,8,8,8,8,8,8","0.000891923904418945","fast_greedy","edit-xhwikibooks.graphml"
"0.55","0.22","0.23","0.737170035671819","1,1,1,1,1,2,1,4,2,2,1,5,4,4,4,2,2,1,7,5,3,6,4,4,4,4,4,2,1,2,1,7,5,5,7,7,8,4,3,3,3,3,6,6,6,6,3,6,6,6,3,3,3,3,3,6,6,6,6,3,4,3,3,4,4,3,3,3,3,3,6,3,4,4,3,3,3,3,3,3,3,4,2,2,2,1,3,3,3,3,2,1,7,3,3,3,2,3,3,3,3,3,3,3,3,3,3,5,5,5,3,3,3,7,7,7,7,7,7,7,7,8,8,8,8,8,8,8,8","0.000894784927368164","fast_greedy","edit-xhwikibooks.graphml"
"0.54","0.23","0.23","0.737170035671819","1,1,1,1,1,2,1,4,2,2,1,5,4,4,4,2,2,1,7,5,3,6,4,4,4,4,4,2,1,2,1,7,5,5,7,7,8,4,3,3,3,3,6,6,6,6,3,6,6,6,3,3,3,3,3,6,6,6,6,3,4,3,3,4,4,3,3,3,3,3,6,3,4,4,3,3,3,3,3,3,3,4,2,2,2,1,3,3,3,3,2,1,7,3,3,3,2,3,3,3,3,3,3,3,3,3,3,5,5,5,3,3,3,7,7,7,7,7,7,7,7,8,8,8,8,8,8,8,8","0.000885009765625","fast_greedy","edit-xhwikibooks.graphml"
"0.53","0.24","0.23","0.729336734693877","1,1,1,1,1,2,1,5,2,2,1,4,5,5,5,2,2,1,7,4,3,6,5,5,5,5,5,2,1,2,1,7,4,4,7,7,8,5,3,3,3,3,6,6,6,6,3,6,6,6,3,3,3,3,3,6,6,6,6,3,9,3,3,5,5,3,3,3,3,3,6,3,5,5,3,3,3,3,3,3,3,5,2,2,2,10,3,3,3,3,11,12,13,3,3,3,2,3,3,3,3,3,3,3,3,3,3,4,4,4,3,3,3,7,7,7,7,7,7,7,7,8,8,8,8,8,8,8,8","0.000885009765625","fast_greedy","edit-xhwikibooks.graphml"
"0.52","0.25","0.23","0.729336734693877","1,1,1,1,1,2,1,5,2,2,1,4,5,5,5,2,2,1,7,4,3,6,5,5,5,5,5,2,1,2,1,7,4,4,7,7,8,5,3,3,3,3,6,6,6,6,3,6,6,6,3,3,3,3,3,6,6,6,6,3,9,3,3,5,5,3,3,3,3,3,6,3,5,5,3,3,3,3,3,3,3,5,2,2,2,10,3,3,3,3,11,12,13,3,3,3,2,3,3,3,3,3,3,3,3,3,3,4,4,4,3,3,3,7,7,7,7,7,7,7,7,8,8,8,8,8,8,8,8","0.000886917114257812","fast_greedy","edit-xhwikibooks.graphml"
"0.51","0.26","0.23","0.729336734693877","1,1,1,1,1,2,1,5,2,2,1,4,5,5,5,2,2,1,7,4,3,6,5,5,5,5,5,2,1,2,1,7,4,4,7,7,8,5,3,3,3,3,6,6,6,6,3,6,6,6,3,3,3,3,3,6,6,6,6,3,9,3,3,5,5,3,3,3,3,3,6,3,5,5,3,3,3,3,3,3,3,5,2,2,2,10,3,3,3,3,11,12,13,3,3,3,2,3,3,3,3,3,3,3,3,3,3,4,4,4,3,3,3,7,7,7,7,7,7,7,7,8,8,8,8,8,8,8,8","0.000943183898925781","fast_greedy","edit-xhwikibooks.graphml"
"0.5","0.27","0.23","0.729336734693877","1,1,1,1,1,2,1,5,2,2,1,4,5,5,5,2,2,1,7,4,3,6,5,5,5,5,5,2,1,2,1,7,4,4,7,7,8,5,3,3,3,3,6,6,6,6,3,6,6,6,3,3,3,3,3,6,6,6,6,3,9,3,3,5,5,3,3,3,3,3,6,3,5,5,3,3,3,3,3,3,3,5,2,2,2,10,3,3,3,3,11,12,13,3,3,3,2,3,3,3,3,3,3,3,3,3,3,4,4,4,3,3,3,7,7,7,7,7,7,7,7,8,8,8,8,8,8,8,8","0.000937938690185547","fast_greedy","edit-xhwikibooks.graphml"
"0.49","0.28","0.23","0.729336734693877","1,1,1,1,1,2,1,5,2,2,1,4,5,5,5,2,2,1,7,4,3,6,5,5,5,5,5,2,1,2,1,7,4,4,7,7,8,5,3,3,3,3,6,6,6,6,3,6,6,6,3,3,3,3,3,6,6,6,6,3,9,3,3,5,5,3,3,3,3,3,6,3,5,5,3,3,3,3,3,3,3,5,2,2,2,10,3,3,3,3,11,12,13,3,3,3,2,3,3,3,3,3,3,3,3,3,3,4,4,4,3,3,3,7,7,7,7,7,7,7,7,8,8,8,8,8,8,8,8","0.00101089477539062","fast_greedy","edit-xhwikibooks.graphml"
"0.48","0.29","0.23","0.729336734693877","1,1,1,1,1,2,1,5,2,2,1,4,5,5,5,2,2,1,7,4,3,6,5,5,5,5,5,2,1,2,1,7,4,4,7,7,8,5,3,3,3,3,6,6,6,6,3,6,6,6,3,3,3,3,3,6,6,6,6,3,9,3,3,5,5,3,3,3,3,3,6,3,5,5,3,3,3,3,3,3,3,5,2,2,2,10,3,3,3,3,11,12,13,3,3,3,2,3,3,3,3,3,3,3,3,3,3,4,4,4,3,3,3,7,7,7,7,7,7,7,7,8,8,8,8,8,8,8,8","0.000927925109863281","fast_greedy","edit-xhwikibooks.graphml"
"0.47","0.3","0.23","0.729336734693877","1,1,1,1,1,2,1,5,2,2,1,4,5,5,5,2,2,1,7,4,3,6,5,5,5,5,5,2,1,2,1,7,4,4,7,7,8,5,3,3,3,3,6,6,6,6,3,6,6,6,3,3,3,3,3,6,6,6,6,3,9,3,3,5,5,3,3,3,3,3,6,3,5,5,3,3,3,3,3,3,3,5,2,2,2,10,3,3,3,3,11,12,13,3,3,3,2,3,3,3,3,3,3,3,3,3,3,4,4,4,3,3,3,7,7,7,7,7,7,7,7,8,8,8,8,8,8,8,8","0.000869035720825195","fast_greedy","edit-xhwikibooks.graphml"
"0.46","0.31","0.23","0.729336734693877","1,1,1,1,1,2,1,5,2,2,1,4,5,5,5,2,2,1,7,4,3,6,5,5,5,5,5,2,1,2,1,7,4,4,7,7,8,5,3,3,3,3,6,6,6,6,3,6,6,6,3,3,3,3,3,6,6,6,6,3,9,3,3,5,5,3,3,3,3,3,6,3,5,5,3,3,3,3,3,3,3,5,2,2,2,10,3,3,3,3,11,12,13,3,3,3,2,3,3,3,3,3,3,3,3,3,3,4,4,4,3,3,3,7,7,7,7,7,7,7,7,8,8,8,8,8,8,8,8","0.000860929489135742","fast_greedy","edit-xhwikibooks.graphml"
"0.45","0.32","0.23","0.729336734693877","1,1,1,1,1,2,1,5,2,2,1,4,5,5,5,2,2,1,7,4,3,6,5,5,5,5,5,2,1,2,1,7,4,4,7,7,8,5,3,3,3,3,6,6,6,6,3,6,6,6,3,3,3,3,3,6,6,6,6,3,9,3,3,5,5,3,3,3,3,3,6,3,5,5,3,3,3,3,3,3,3,5,2,2,2,10,3,3,3,3,11,12,13,3,3,3,2,3,3,3,3,3,3,3,3,3,3,4,4,4,3,3,3,7,7,7,7,7,7,7,7,8,8,8,8,8,8,8,8","0.000877141952514648","fast_greedy","edit-xhwikibooks.graphml"
"0.44","0.33","0.23","0.729336734693877","1,1,1,1,1,2,1,5,2,2,1,4,5,5,5,2,2,1,7,4,3,6,5,5,5,5,5,2,1,2,1,7,4,4,7,7,8,5,3,3,3,3,6,6,6,6,3,6,6,6,3,3,3,3,3,6,6,6,6,3,9,3,3,5,5,3,3,3,3,3,6,3,5,5,3,3,3,3,3,3,3,5,2,2,2,10,3,3,3,3,11,12,13,3,3,3,2,3,3,3,3,3,3,3,3,3,3,4,4,4,3,3,3,7,7,7,7,7,7,7,7,8,8,8,8,8,8,8,8","0.000877857208251953","fast_greedy","edit-xhwikibooks.graphml"
"0.43","0.34","0.23","0.730496453900709","1,1,1,1,1,2,1,4,2,2,1,5,4,4,4,2,2,1,7,5,3,6,4,4,4,4,4,2,1,2,1,7,5,5,7,7,8,4,3,3,3,3,6,6,6,6,3,6,6,6,3,3,3,3,3,6,6,6,6,3,9,3,3,4,4,3,3,3,3,3,6,3,4,4,3,3,3,3,3,3,3,4,2,2,2,10,3,3,3,3,11,12,13,3,3,3,2,3,3,3,3,3,3,3,3,3,3,5,5,5,3,3,3,7,7,7,7,7,7,7,7,8,8,8,8,8,8,8,8","0.000905036926269531","fast_greedy","edit-xhwikibooks.graphml"
"0.42","0.35","0.23","0.730496453900709","1,1,1,1,1,2,1,4,2,2,1,5,4,4,4,2,2,1,7,5,3,6,4,4,4,4,4,2,1,2,1,7,5,5,7,7,8,4,3,3,3,3,6,6,6,6,3,6,6,6,3,3,3,3,3,6,6,6,6,3,9,3,3,4,4,3,3,3,3,3,6,3,4,4,3,3,3,3,3,3,3,4,2,2,2,10,3,3,3,3,11,12,13,3,3,3,2,3,3,3,3,3,3,3,3,3,3,5,5,5,3,3,3,7,7,7,7,7,7,7,7,8,8,8,8,8,8,8,8","0.000875949859619141","fast_greedy","edit-xhwikibooks.graphml"
"0.41","0.36","0.23","0.730496453900709","1,1,1,1,1,2,1,4,2,2,1,5,4,4,4,2,2,1,7,5,3,6,4,4,4,4,4,2,1,2,1,7,5,5,7,7,8,4,3,3,3,3,6,6,6,6,3,6,6,6,3,3,3,3,3,6,6,6,6,3,9,3,3,4,4,3,3,3,3,3,6,3,4,4,3,3,3,3,3,3,3,4,2,2,2,10,3,3,3,3,11,12,13,3,3,3,2,3,3,3,3,3,3,3,3,3,3,5,5,5,3,3,3,7,7,7,7,7,7,7,7,8,8,8,8,8,8,8,8","0.00087285041809082","fast_greedy","edit-xhwikibooks.graphml"
"0.4","0.37","0.23","0.730496453900709","1,1,1,1,1,2,1,4,2,2,1,5,4,4,4,2,2,1,7,5,3,6,4,4,4,4,4,2,1,2,1,7,5,5,7,7,8,4,3,3,3,3,6,6,6,6,3,6,6,6,3,3,3,3,3,6,6,6,6,3,9,3,3,4,4,3,3,3,3,3,6,3,4,4,3,3,3,3,3,3,3,4,2,2,2,10,3,3,3,3,11,12,13,3,3,3,2,3,3,3,3,3,3,3,3,3,3,5,5,5,3,3,3,7,7,7,7,7,7,7,7,8,8,8,8,8,8,8,8","0.000890016555786133","fast_greedy","edit-xhwikibooks.graphml"
"0.39","0.38","0.23","0.730496453900709","1,1,1,1,1,2,1,4,2,2,1,5,4,4,4,2,2,1,7,5,3,6,4,4,4,4,4,2,1,2,1,7,5,5,7,7,8,4,3,3,3,3,6,6,6,6,3,6,6,6,3,3,3,3,3,6,6,6,6,3,9,3,3,4,4,3,3,3,3,3,6,3,4,4,3,3,3,3,3,3,3,4,2,2,2,10,3,3,3,3,11,12,13,3,3,3,2,3,3,3,3,3,3,3,3,3,3,5,5,5,3,3,3,7,7,7,7,7,7,7,7,8,8,8,8,8,8,8,8","0.000885009765625","fast_greedy","edit-xhwikibooks.graphml"
"0.38","0.39","0.23","0.730496453900709","1,1,1,1,1,2,1,4,2,2,1,5,4,4,4,2,2,1,7,5,3,6,4,4,4,4,4,2,1,2,1,7,5,5,7,7,8,4,3,3,3,3,6,6,6,6,3,6,6,6,3,3,3,3,3,6,6,6,6,3,9,3,3,4,4,3,3,3,3,3,6,3,4,4,3,3,3,3,3,3,3,4,2,2,2,10,3,3,3,3,11,12,13,3,3,3,2,3,3,3,3,3,3,3,3,3,3,5,5,5,3,3,3,7,7,7,7,7,7,7,7,8,8,8,8,8,8,8,8","0.000926017761230469","fast_greedy","edit-xhwikibooks.graphml"
"0.37","0.4","0.23","0.730496453900709","1,1,1,1,1,2,1,4,2,2,1,5,4,4,4,2,2,1,7,5,3,6,4,4,4,4,4,2,1,2,1,7,5,5,7,7,8,4,3,3,3,3,6,6,6,6,3,6,6,6,3,3,3,3,3,6,6,6,6,3,9,3,3,4,4,3,3,3,3,3,6,3,4,4,3,3,3,3,3,3,3,4,2,2,2,10,3,3,3,3,11,12,13,3,3,3,2,3,3,3,3,3,3,3,3,3,3,5,5,5,3,3,3,7,7,7,7,7,7,7,7,8,8,8,8,8,8,8,8","0.000903844833374023","fast_greedy","edit-xhwikibooks.graphml"
"0.36","0.41","0.23","0.730496453900709","1,1,1,1,1,2,1,4,2,2,1,5,4,4,4,2,2,1,7,5,3,6,4,4,4,4,4,2,1,2,1,7,5,5,7,7,8,4,3,3,3,3,6,6,6,6,3,6,6,6,3,3,3,3,3,6,6,6,6,3,9,3,3,4,4,3,3,3,3,3,6,3,4,4,3,3,3,3,3,3,3,4,2,2,2,10,3,3,3,3,11,12,13,3,3,3,2,3,3,3,3,3,3,3,3,3,3,5,5,5,3,3,3,7,7,7,7,7,7,7,7,8,8,8,8,8,8,8,8","0.000883102416992188","fast_greedy","edit-xhwikibooks.graphml"
"0.35","0.42","0.23","0.730496453900709","1,1,1,1,1,2,1,4,2,2,1,5,4,4,4,2,2,1,7,5,3,6,4,4,4,4,4,2,1,2,1,7,5,5,7,7,8,4,3,3,3,3,6,6,6,6,3,6,6,6,3,3,3,3,3,6,6,6,6,3,9,3,3,4,4,3,3,3,3,3,6,3,4,4,3,3,3,3,3,3,3,4,2,2,2,10,3,3,3,3,11,12,13,3,3,3,2,3,3,3,3,3,3,3,3,3,3,5,5,5,3,3,3,7,7,7,7,7,7,7,7,8,8,8,8,8,8,8,8","0.0010068416595459","fast_greedy","edit-xhwikibooks.graphml"
"0.34","0.43","0.23","0.730496453900709","1,1,1,1,1,2,1,4,2,2,1,5,4,4,4,2,2,1,7,5,3,6,4,4,4,4,4,2,1,2,1,7,5,5,7,7,8,4,3,3,3,3,6,6,6,6,3,6,6,6,3,3,3,3,3,6,6,6,6,3,9,3,3,4,4,3,3,3,3,3,6,3,4,4,3,3,3,3,3,3,3,4,2,2,2,10,3,3,3,3,11,12,13,3,3,3,2,3,3,3,3,3,3,3,3,3,3,5,5,5,3,3,3,7,7,7,7,7,7,7,7,8,8,8,8,8,8,8,8","0.000875949859619141","fast_greedy","edit-xhwikibooks.graphml"
"0.33","0.44","0.23","0.730496453900709","1,1,1,1,1,2,1,4,2,2,1,5,4,4,4,2,2,1,7,5,3,6,4,4,4,4,4,2,1,2,1,7,5,5,7,7,8,4,3,3,3,3,6,6,6,6,3,6,6,6,3,3,3,3,3,6,6,6,6,3,9,3,3,4,4,3,3,3,3,3,6,3,4,4,3,3,3,3,3,3,3,4,2,2,2,10,3,3,3,3,11,12,13,3,3,3,2,3,3,3,3,3,3,3,3,3,3,5,5,5,3,3,3,7,7,7,7,7,7,7,7,8,8,8,8,8,8,8,8","0.000848054885864258","fast_greedy","edit-xhwikibooks.graphml"
"0.32","0.45","0.23","0.730496453900709","1,1,1,1,1,2,1,4,2,2,1,5,4,4,4,2,2,1,7,5,3,6,4,4,4,4,4,2,1,2,1,7,5,5,7,7,8,4,3,3,3,3,6,6,6,6,3,6,6,6,3,3,3,3,3,6,6,6,6,3,9,3,3,4,4,3,3,3,3,3,6,3,4,4,3,3,3,3,3,3,3,4,2,2,2,10,3,3,3,3,11,12,13,3,3,3,2,3,3,3,3,3,3,3,3,3,3,5,5,5,3,3,3,7,7,7,7,7,7,7,7,8,8,8,8,8,8,8,8","0.00085902214050293","fast_greedy","edit-xhwikibooks.graphml"
"0.31","0.46","0.23","0.730496453900709","1,1,1,1,1,2,1,4,2,2,1,5,4,4,4,2,2,1,7,5,3,6,4,4,4,4,4,2,1,2,1,7,5,5,7,7,8,4,3,3,3,3,6,6,6,6,3,6,6,6,3,3,3,3,3,6,6,6,6,3,9,3,3,4,4,3,3,3,3,3,6,3,4,4,3,3,3,3,3,3,3,4,2,2,2,10,3,3,3,3,11,12,13,3,3,3,2,3,3,3,3,3,3,3,3,3,3,5,5,5,3,3,3,7,7,7,7,7,7,7,7,8,8,8,8,8,8,8,8","0.000894069671630859","fast_greedy","edit-xhwikibooks.graphml"
"0.3","0.47","0.23","0.714497989627644","1,1,1,1,1,4,1,6,4,4,3,1,6,6,6,4,8,3,3,1,2,5,6,6,6,6,6,4,1,9,10,3,1,1,3,3,7,6,2,2,2,2,5,5,5,5,2,5,5,5,2,2,2,2,2,5,5,5,5,2,11,2,2,12,13,2,2,2,2,2,5,2,6,6,2,2,2,2,2,2,2,14,4,4,4,15,2,2,2,2,16,17,18,2,2,2,19,2,2,2,2,2,2,2,2,2,2,20,21,2,2,2,2,3,3,3,3,3,3,3,3,7,7,7,7,7,7,7,7","0.000890970230102539","fast_greedy","edit-xhwikibooks.graphml"
"0.29","0.48","0.23","0.714497989627644","1,1,1,1,1,4,1,6,4,4,3,1,6,6,6,4,8,3,3,1,2,5,6,6,6,6,6,4,1,9,10,3,1,1,3,3,7,6,2,2,2,2,5,5,5,5,2,5,5,5,2,2,2,2,2,5,5,5,5,2,11,2,2,12,13,2,2,2,2,2,5,2,6,6,2,2,2,2,2,2,2,14,4,4,4,15,2,2,2,2,16,17,18,2,2,2,19,2,2,2,2,2,2,2,2,2,2,20,21,2,2,2,2,3,3,3,3,3,3,3,3,7,7,7,7,7,7,7,7","0.000877857208251953","fast_greedy","edit-xhwikibooks.graphml"
"0.28","0.49","0.23","0.714497989627644","1,1,1,1,1,4,1,6,4,4,3,1,6,6,6,4,8,3,3,1,2,5,6,6,6,6,6,4,1,9,10,3,1,1,3,3,7,6,2,2,2,2,5,5,5,5,2,5,5,5,2,2,2,2,2,5,5,5,5,2,11,2,2,12,13,2,2,2,2,2,5,2,6,6,2,2,2,2,2,2,2,14,4,4,4,15,2,2,2,2,16,17,18,2,2,2,19,2,2,2,2,2,2,2,2,2,2,20,21,2,2,2,2,3,3,3,3,3,3,3,3,7,7,7,7,7,7,7,7","0.000901937484741211","fast_greedy","edit-xhwikibooks.graphml"
"0.27","0.5","0.23","0.729573264330512","1,1,1,1,2,1,2,6,1,1,2,2,6,6,6,1,8,2,2,2,3,4,6,6,6,6,6,1,1,9,10,2,2,2,5,5,7,6,3,3,3,3,4,4,4,4,3,4,4,4,3,3,3,3,3,4,4,4,4,3,11,3,3,12,13,3,3,3,3,3,4,3,6,6,3,3,3,3,3,3,3,14,1,1,1,15,3,3,3,3,16,17,18,3,3,3,19,3,3,3,3,3,3,3,3,3,3,20,21,3,3,3,3,5,5,5,5,5,5,5,5,7,7,7,7,7,7,7,7","0.000919818878173828","fast_greedy","edit-xhwikibooks.graphml"
"0.26","0.51","0.23","0.729573264330512","1,1,1,1,2,1,2,6,1,1,2,2,6,6,6,1,8,2,2,2,3,4,6,6,6,6,6,1,1,9,10,2,2,2,5,5,7,6,3,3,3,3,4,4,4,4,3,4,4,4,3,3,3,3,3,4,4,4,4,3,11,3,3,12,13,3,3,3,3,3,4,3,6,6,3,3,3,3,3,3,3,14,1,1,1,15,3,3,3,3,16,17,18,3,3,3,19,3,3,3,3,3,3,3,3,3,3,20,21,3,3,3,3,5,5,5,5,5,5,5,5,7,7,7,7,7,7,7,7","0.00103092193603516","fast_greedy","edit-xhwikibooks.graphml"
"0.25","0.52","0.23","0.729573264330512","1,1,1,1,2,1,2,6,1,1,2,2,6,6,6,1,8,2,2,2,3,4,6,6,6,6,6,1,1,9,10,2,2,2,5,5,7,6,3,3,3,3,4,4,4,4,3,4,4,4,3,3,3,3,3,4,4,4,4,3,11,3,3,12,13,3,3,3,3,3,4,3,6,6,3,3,3,3,3,3,3,14,1,1,1,15,3,3,3,3,16,17,18,3,3,3,19,3,3,3,3,3,3,3,3,3,3,20,21,3,3,3,3,5,5,5,5,5,5,5,5,7,7,7,7,7,7,7,7","0.000849008560180664","fast_greedy","edit-xhwikibooks.graphml"
"0.24","0.53","0.23","0.729573264330512","1,1,1,1,2,1,2,6,1,1,2,2,6,6,6,1,8,2,2,2,3,4,6,6,6,6,6,1,1,9,10,2,2,2,5,5,7,6,3,3,3,3,4,4,4,4,3,4,4,4,3,3,3,3,3,4,4,4,4,3,11,3,3,12,13,3,3,3,3,3,4,3,6,6,3,3,3,3,3,3,3,14,1,1,1,15,3,3,3,3,16,17,18,3,3,3,19,3,3,3,3,3,3,3,3,3,3,20,21,3,3,3,3,5,5,5,5,5,5,5,5,7,7,7,7,7,7,7,7","0.000880002975463867","fast_greedy","edit-xhwikibooks.graphml"
"0.23","0.54","0.23","0.729573264330512","1,1,1,1,2,1,2,6,1,1,2,2,6,6,6,1,8,2,2,2,3,4,6,6,6,6,6,1,1,9,10,2,2,2,5,5,7,6,3,3,3,3,4,4,4,4,3,4,4,4,3,3,3,3,3,4,4,4,4,3,11,3,3,12,13,3,3,3,3,3,4,3,6,6,3,3,3,3,3,3,3,14,1,1,1,15,3,3,3,3,16,17,18,3,3,3,19,3,3,3,3,3,3,3,3,3,3,20,21,3,3,3,3,5,5,5,5,5,5,5,5,7,7,7,7,7,7,7,7","0.00101995468139648","fast_greedy","edit-xhwikibooks.graphml"
"0.22","0.55","0.23","0.729573264330512","1,1,1,1,2,1,2,6,1,1,2,2,6,6,6,1,8,2,2,2,3,4,6,6,6,6,6,1,1,9,10,2,2,2,5,5,7,6,3,3,3,3,4,4,4,4,3,4,4,4,3,3,3,3,3,4,4,4,4,3,11,3,3,12,13,3,3,3,3,3,4,3,6,6,3,3,3,3,3,3,3,14,1,1,1,15,3,3,3,3,16,17,18,3,3,3,19,3,3,3,3,3,3,3,3,3,3,20,21,3,3,3,3,5,5,5,5,5,5,5,5,7,7,7,7,7,7,7,7","0.000868082046508789","fast_greedy","edit-xhwikibooks.graphml"
"0.21","0.56","0.23","0.729573264330512","1,1,1,1,2,1,2,6,1,1,2,2,6,6,6,1,8,2,2,2,3,4,6,6,6,6,6,1,1,9,10,2,2,2,5,5,7,6,3,3,3,3,4,4,4,4,3,4,4,4,3,3,3,3,3,4,4,4,4,3,11,3,3,12,13,3,3,3,3,3,4,3,6,6,3,3,3,3,3,3,3,14,1,1,1,15,3,3,3,3,16,17,18,3,3,3,19,3,3,3,3,3,3,3,3,3,3,20,21,3,3,3,3,5,5,5,5,5,5,5,5,7,7,7,7,7,7,7,7","0.000880002975463867","fast_greedy","edit-xhwikibooks.graphml"
"0.2","0.57","0.23","0.729573264330512","1,1,1,1,2,1,2,6,1,1,2,2,6,6,6,1,8,2,2,2,3,4,6,6,6,6,6,1,1,9,10,2,2,2,5,5,7,6,3,3,3,3,4,4,4,4,3,4,4,4,3,3,3,3,3,4,4,4,4,3,11,3,3,12,13,3,3,3,3,3,4,3,6,6,3,3,3,3,3,3,3,14,1,1,1,15,3,3,3,3,16,17,18,3,3,3,19,3,3,3,3,3,3,3,3,3,3,20,21,3,3,3,3,5,5,5,5,5,5,5,5,7,7,7,7,7,7,7,7","0.000863075256347656","fast_greedy","edit-xhwikibooks.graphml"
"0.19","0.58","0.23","0.729573264330512","1,1,1,1,2,1,2,6,1,1,2,2,6,6,6,1,8,2,2,2,3,4,6,6,6,6,6,1,1,9,10,2,2,2,5,5,7,6,3,3,3,3,4,4,4,4,3,4,4,4,3,3,3,3,3,4,4,4,4,3,11,3,3,12,13,3,3,3,3,3,4,3,6,6,3,3,3,3,3,3,3,14,1,1,1,15,3,3,3,3,16,17,18,3,3,3,19,3,3,3,3,3,3,3,3,3,3,20,21,3,3,3,3,5,5,5,5,5,5,5,5,7,7,7,7,7,7,7,7","0.000878810882568359","fast_greedy","edit-xhwikibooks.graphml"
"0.18","0.59","0.23","0.729573264330512","1,1,1,1,2,1,2,6,1,1,2,2,6,6,6,1,8,2,2,2,3,4,6,6,6,6,6,1,1,9,10,2,2,2,5,5,7,6,3,3,3,3,4,4,4,4,3,4,4,4,3,3,3,3,3,4,4,4,4,3,11,3,3,12,13,3,3,3,3,3,4,3,6,6,3,3,3,3,3,3,3,14,1,1,1,15,3,3,3,3,16,17,18,3,3,3,19,3,3,3,3,3,3,3,3,3,3,20,21,3,3,3,3,5,5,5,5,5,5,5,5,7,7,7,7,7,7,7,7","0.000917911529541016","fast_greedy","edit-xhwikibooks.graphml"
"0.17","0.6","0.23","0.729573264330512","1,1,1,1,2,1,2,6,1,1,2,2,6,6,6,1,8,2,2,2,3,4,6,6,6,6,6,1,1,9,10,2,2,2,5,5,7,6,3,3,3,3,4,4,4,4,3,4,4,4,3,3,3,3,3,4,4,4,4,3,11,3,3,12,13,3,3,3,3,3,4,3,6,6,3,3,3,3,3,3,3,14,1,1,1,15,3,3,3,3,16,17,18,3,3,3,19,3,3,3,3,3,3,3,3,3,3,20,21,3,3,3,3,5,5,5,5,5,5,5,5,7,7,7,7,7,7,7,7","0.000932216644287109","fast_greedy","edit-xhwikibooks.graphml"
"0.16","0.61","0.23","0.729573264330512","1,1,1,1,2,1,2,6,1,1,2,2,6,6,6,1,8,2,2,2,3,4,6,6,6,6,6,1,1,9,10,2,2,2,5,5,7,6,3,3,3,3,4,4,4,4,3,4,4,4,3,3,3,3,3,4,4,4,4,3,11,3,3,12,13,3,3,3,3,3,4,3,6,6,3,3,3,3,3,3,3,14,1,1,1,15,3,3,3,3,16,17,18,3,3,3,19,3,3,3,3,3,3,3,3,3,3,20,21,3,3,3,3,5,5,5,5,5,5,5,5,7,7,7,7,7,7,7,7","0.000890016555786133","fast_greedy","edit-xhwikibooks.graphml"
"0.15","0.62","0.23","0.729573264330512","1,1,1,1,2,1,2,6,1,1,2,2,6,6,6,1,8,2,2,2,3,4,6,6,6,6,6,1,1,9,10,2,2,2,5,5,7,6,3,3,3,3,4,4,4,4,3,4,4,4,3,3,3,3,3,4,4,4,4,3,11,3,3,12,13,3,3,3,3,3,4,3,6,6,3,3,3,3,3,3,3,14,1,1,1,15,3,3,3,3,16,17,18,3,3,3,19,3,3,3,3,3,3,3,3,3,3,20,21,3,3,3,3,5,5,5,5,5,5,5,5,7,7,7,7,7,7,7,7","0.000884056091308594","fast_greedy","edit-xhwikibooks.graphml"
"0.14","0.63","0.23","0.729573264330512","1,1,1,1,2,1,2,6,1,1,2,2,6,6,6,1,8,2,2,2,3,4,6,6,6,6,6,1,1,9,10,2,2,2,5,5,7,6,3,3,3,3,4,4,4,4,3,4,4,4,3,3,3,3,3,4,4,4,4,3,11,3,3,12,13,3,3,3,3,3,4,3,6,6,3,3,3,3,3,3,3,14,1,1,1,15,3,3,3,3,16,17,18,3,3,3,19,3,3,3,3,3,3,3,3,3,3,20,21,3,3,3,3,5,5,5,5,5,5,5,5,7,7,7,7,7,7,7,7","0.00093388557434082","fast_greedy","edit-xhwikibooks.graphml"
"0.13","0.64","0.23","0.729573264330512","1,1,1,1,2,1,2,6,1,1,2,2,6,6,6,1,8,2,2,2,3,4,6,6,6,6,6,1,1,9,10,2,2,2,5,5,7,6,3,3,3,3,4,4,4,4,3,4,4,4,3,3,3,3,3,4,4,4,4,3,11,3,3,12,13,3,3,3,3,3,4,3,6,6,3,3,3,3,3,3,3,14,1,1,1,15,3,3,3,3,16,17,18,3,3,3,19,3,3,3,3,3,3,3,3,3,3,20,21,3,3,3,3,5,5,5,5,5,5,5,5,7,7,7,7,7,7,7,7","0.000889062881469727","fast_greedy","edit-xhwikibooks.graphml"
"0.12","0.65","0.23","0.729573264330512","1,1,1,1,2,1,2,6,1,1,2,2,6,6,6,1,8,2,2,2,3,4,6,6,6,6,6,1,1,9,10,2,2,2,5,5,7,6,3,3,3,3,4,4,4,4,3,4,4,4,3,3,3,3,3,4,4,4,4,3,11,3,3,12,13,3,3,3,3,3,4,3,6,6,3,3,3,3,3,3,3,14,1,1,1,15,3,3,3,3,16,17,18,3,3,3,19,3,3,3,3,3,3,3,3,3,3,20,21,3,3,3,3,5,5,5,5,5,5,5,5,7,7,7,7,7,7,7,7","0.000863790512084961","fast_greedy","edit-xhwikibooks.graphml"
"0.11","0.66","0.23","0.729573264330512","1,1,1,1,2,1,2,6,1,1,2,2,6,6,6,1,8,2,2,2,3,4,6,6,6,6,6,1,1,9,10,2,2,2,5,5,7,6,3,3,3,3,4,4,4,4,3,4,4,4,3,3,3,3,3,4,4,4,4,3,11,3,3,12,13,3,3,3,3,3,4,3,6,6,3,3,3,3,3,3,3,14,1,1,1,15,3,3,3,3,16,17,18,3,3,3,19,3,3,3,3,3,3,3,3,3,3,20,21,3,3,3,3,5,5,5,5,5,5,5,5,7,7,7,7,7,7,7,7","0.00119400024414062","fast_greedy","edit-xhwikibooks.graphml"
"0.1","0.67","0.23","0.729573264330512","1,1,1,1,2,1,2,6,1,1,2,2,6,6,6,1,8,2,2,2,3,4,6,6,6,6,6,1,1,9,10,2,2,2,5,5,7,6,3,3,3,3,4,4,4,4,3,4,4,4,3,3,3,3,3,4,4,4,4,3,11,3,3,12,13,3,3,3,3,3,4,3,6,6,3,3,3,3,3,3,3,14,1,1,1,15,3,3,3,3,16,17,18,3,3,3,19,3,3,3,3,3,3,3,3,3,3,20,21,3,3,3,3,5,5,5,5,5,5,5,5,7,7,7,7,7,7,7,7","0.000868797302246094","fast_greedy","edit-xhwikibooks.graphml"
"0.09","0.68","0.23","0.729573264330512","1,1,1,1,2,1,2,6,1,1,2,2,6,6,6,1,8,2,2,2,3,4,6,6,6,6,6,1,1,9,10,2,2,2,5,5,7,6,3,3,3,3,4,4,4,4,3,4,4,4,3,3,3,3,3,4,4,4,4,3,11,3,3,12,13,3,3,3,3,3,4,3,6,6,3,3,3,3,3,3,3,14,1,1,1,15,3,3,3,3,16,17,18,3,3,3,19,3,3,3,3,3,3,3,3,3,3,20,21,3,3,3,3,5,5,5,5,5,5,5,5,7,7,7,7,7,7,7,7","0.000889062881469727","fast_greedy","edit-xhwikibooks.graphml"
"0.08","0.69","0.23","0.729573264330512","1,1,1,1,2,1,2,6,1,1,2,2,6,6,6,1,8,2,2,2,3,4,6,6,6,6,6,1,1,9,10,2,2,2,5,5,7,6,3,3,3,3,4,4,4,4,3,4,4,4,3,3,3,3,3,4,4,4,4,3,11,3,3,12,13,3,3,3,3,3,4,3,6,6,3,3,3,3,3,3,3,14,1,1,1,15,3,3,3,3,16,17,18,3,3,3,19,3,3,3,3,3,3,3,3,3,3,20,21,3,3,3,3,5,5,5,5,5,5,5,5,7,7,7,7,7,7,7,7","0.00088810920715332","fast_greedy","edit-xhwikibooks.graphml"
"0.07","0.7","0.23","0.715035430763493","1,1,1,2,7,2,4,2,2,2,4,8,2,2,2,2,9,10,4,6,3,1,11,2,2,2,2,2,1,12,13,14,6,15,4,4,5,2,3,3,3,3,1,1,1,1,3,1,1,1,3,3,3,3,3,1,1,1,1,3,16,3,3,17,18,3,3,3,3,3,1,3,19,20,3,3,3,3,3,3,3,21,22,23,24,25,3,3,3,3,26,27,28,3,3,3,29,3,3,3,3,3,3,3,3,3,3,30,31,3,3,3,3,4,4,4,4,4,4,4,4,5,5,5,5,5,5,5,5","0.000870943069458008","fast_greedy","edit-xhwikibooks.graphml"
"0.06","0.71","0.23","0.715035430763493","1,1,1,2,7,2,4,2,2,2,4,8,2,2,2,2,9,10,4,6,3,1,11,2,2,2,2,2,1,12,13,14,6,15,4,4,5,2,3,3,3,3,1,1,1,1,3,1,1,1,3,3,3,3,3,1,1,1,1,3,16,3,3,17,18,3,3,3,3,3,1,3,19,20,3,3,3,3,3,3,3,21,22,23,24,25,3,3,3,3,26,27,28,3,3,3,29,3,3,3,3,3,3,3,3,3,3,30,31,3,3,3,3,4,4,4,4,4,4,4,4,5,5,5,5,5,5,5,5","0.000874996185302734","fast_greedy","edit-xhwikibooks.graphml"
"0.05","0.72","0.23","0.715035430763493","1,1,1,2,7,2,4,2,2,2,4,8,2,2,2,2,9,10,4,6,3,1,11,2,2,2,2,2,1,12,13,14,6,15,4,4,5,2,3,3,3,3,1,1,1,1,3,1,1,1,3,3,3,3,3,1,1,1,1,3,16,3,3,17,18,3,3,3,3,3,1,3,19,20,3,3,3,3,3,3,3,21,22,23,24,25,3,3,3,3,26,27,28,3,3,3,29,3,3,3,3,3,3,3,3,3,3,30,31,3,3,3,3,4,4,4,4,4,4,4,4,5,5,5,5,5,5,5,5","0.000876188278198242","fast_greedy","edit-xhwikibooks.graphml"
"0.04","0.73","0.23","0.715035430763493","1,1,1,2,7,2,4,2,2,2,4,8,2,2,2,2,9,10,4,6,3,1,11,2,2,2,2,2,1,12,13,14,6,15,4,4,5,2,3,3,3,3,1,1,1,1,3,1,1,1,3,3,3,3,3,1,1,1,1,3,16,3,3,17,18,3,3,3,3,3,1,3,19,20,3,3,3,3,3,3,3,21,22,23,24,25,3,3,3,3,26,27,28,3,3,3,29,3,3,3,3,3,3,3,3,3,3,30,31,3,3,3,3,4,4,4,4,4,4,4,4,5,5,5,5,5,5,5,5","0.000870943069458008","fast_greedy","edit-xhwikibooks.graphml"
"0.03","0.74","0.23","0.715035430763493","1,1,1,2,7,2,4,2,2,2,4,8,2,2,2,2,9,10,4,6,3,1,11,2,2,2,2,2,1,12,13,14,6,15,4,4,5,2,3,3,3,3,1,1,1,1,3,1,1,1,3,3,3,3,3,1,1,1,1,3,16,3,3,17,18,3,3,3,3,3,1,3,19,20,3,3,3,3,3,3,3,21,22,23,24,25,3,3,3,3,26,27,28,3,3,3,29,3,3,3,3,3,3,3,3,3,3,30,31,3,3,3,3,4,4,4,4,4,4,4,4,5,5,5,5,5,5,5,5","0.000885009765625","fast_greedy","edit-xhwikibooks.graphml"
"0.02","0.75","0.23","0.715035430763493","1,1,1,2,7,2,4,2,2,2,4,8,2,2,2,2,9,10,4,6,3,1,11,2,2,2,2,2,1,12,13,14,6,15,4,4,5,2,3,3,3,3,1,1,1,1,3,1,1,1,3,3,3,3,3,1,1,1,1,3,16,3,3,17,18,3,3,3,3,3,1,3,19,20,3,3,3,3,3,3,3,21,22,23,24,25,3,3,3,3,26,27,28,3,3,3,29,3,3,3,3,3,3,3,3,3,3,30,31,3,3,3,3,4,4,4,4,4,4,4,4,5,5,5,5,5,5,5,5","0.000900030136108398","fast_greedy","edit-xhwikibooks.graphml"
"0.01","0.76","0.23","0.715035430763493","1,1,1,2,7,2,4,2,2,2,4,8,2,2,2,2,9,10,4,6,3,1,11,2,2,2,2,2,1,12,13,14,6,15,4,4,5,2,3,3,3,3,1,1,1,1,3,1,1,1,3,3,3,3,3,1,1,1,1,3,16,3,3,17,18,3,3,3,3,3,1,3,19,20,3,3,3,3,3,3,3,21,22,23,24,25,3,3,3,3,26,27,28,3,3,3,29,3,3,3,3,3,3,3,3,3,3,30,31,3,3,3,3,4,4,4,4,4,4,4,4,5,5,5,5,5,5,5,5","0.000890970230102539","fast_greedy","edit-xhwikibooks.graphml"
"0","0.77","0.23","0.704210069444444","3,3,3,1,3,1,4,1,1,1,4,7,1,1,1,1,8,9,4,6,2,3,10,1,1,1,1,1,3,11,12,13,6,14,4,4,5,1,2,2,2,2,3,3,3,3,2,3,3,3,2,2,2,2,2,3,3,3,3,2,15,2,2,16,17,2,2,2,2,2,3,2,18,19,2,2,2,2,2,2,2,20,21,22,23,24,2,2,2,2,25,26,27,2,2,2,28,2,2,2,2,2,2,2,2,2,2,29,30,2,2,2,2,4,4,4,4,4,4,4,4,5,5,5,5,5,5,5,5","0.00091099739074707","fast_greedy","edit-xhwikibooks.graphml"
"0.76","0","0.24","0.736207561728395","1,1,1,1,1,2,1,5,2,2,1,4,5,5,5,2,2,1,7,4,3,6,5,5,5,5,5,2,1,2,1,7,4,4,7,7,8,5,3,3,3,3,6,6,6,6,3,6,6,6,3,3,3,3,3,6,6,6,6,3,5,3,3,5,5,3,3,3,3,3,6,3,5,5,3,3,3,3,3,3,3,5,2,2,2,1,3,3,3,3,2,1,7,3,3,3,2,3,3,3,3,3,3,3,3,3,3,4,4,4,3,3,3,7,7,7,7,7,7,7,7,8,8,8,8,8,8,8,8","0.00111198425292969","fast_greedy","edit-xhwikibooks.graphml"
"0.75","0.01","0.24","0.736207561728395","1,1,1,1,1,2,1,5,2,2,1,4,5,5,5,2,2,1,7,4,3,6,5,5,5,5,5,2,1,2,1,7,4,4,7,7,8,5,3,3,3,3,6,6,6,6,3,6,6,6,3,3,3,3,3,6,6,6,6,3,5,3,3,5,5,3,3,3,3,3,6,3,5,5,3,3,3,3,3,3,3,5,2,2,2,1,3,3,3,3,2,1,7,3,3,3,2,3,3,3,3,3,3,3,3,3,3,4,4,4,3,3,3,7,7,7,7,7,7,7,7,8,8,8,8,8,8,8,8","0.000865936279296875","fast_greedy","edit-xhwikibooks.graphml"
"0.74","0.02","0.24","0.736207561728395","1,1,1,1,1,2,1,5,2,2,1,4,5,5,5,2,2,1,7,4,3,6,5,5,5,5,5,2,1,2,1,7,4,4,7,7,8,5,3,3,3,3,6,6,6,6,3,6,6,6,3,3,3,3,3,6,6,6,6,3,5,3,3,5,5,3,3,3,3,3,6,3,5,5,3,3,3,3,3,3,3,5,2,2,2,1,3,3,3,3,2,1,7,3,3,3,2,3,3,3,3,3,3,3,3,3,3,4,4,4,3,3,3,7,7,7,7,7,7,7,7,8,8,8,8,8,8,8,8","0.00088810920715332","fast_greedy","edit-xhwikibooks.graphml"
"0.73","0.03","0.24","0.736207561728395","1,1,1,1,1,2,1,5,2,2,1,4,5,5,5,2,2,1,7,4,3,6,5,5,5,5,5,2,1,2,1,7,4,4,7,7,8,5,3,3,3,3,6,6,6,6,3,6,6,6,3,3,3,3,3,6,6,6,6,3,5,3,3,5,5,3,3,3,3,3,6,3,5,5,3,3,3,3,3,3,3,5,2,2,2,1,3,3,3,3,2,1,7,3,3,3,2,3,3,3,3,3,3,3,3,3,3,4,4,4,3,3,3,7,7,7,7,7,7,7,7,8,8,8,8,8,8,8,8","0.000868082046508789","fast_greedy","edit-xhwikibooks.graphml"
"0.72","0.04","0.24","0.736207561728395","1,1,1,1,1,2,1,5,2,2,1,4,5,5,5,2,2,1,7,4,3,6,5,5,5,5,5,2,1,2,1,7,4,4,7,7,8,5,3,3,3,3,6,6,6,6,3,6,6,6,3,3,3,3,3,6,6,6,6,3,5,3,3,5,5,3,3,3,3,3,6,3,5,5,3,3,3,3,3,3,3,5,2,2,2,1,3,3,3,3,2,1,7,3,3,3,2,3,3,3,3,3,3,3,3,3,3,4,4,4,3,3,3,7,7,7,7,7,7,7,7,8,8,8,8,8,8,8,8","0.000882863998413086","fast_greedy","edit-xhwikibooks.graphml"
"0.71","0.05","0.24","0.736207561728395","1,1,1,1,1,2,1,5,2,2,1,4,5,5,5,2,2,1,7,4,3,6,5,5,5,5,5,2,1,2,1,7,4,4,7,7,8,5,3,3,3,3,6,6,6,6,3,6,6,6,3,3,3,3,3,6,6,6,6,3,5,3,3,5,5,3,3,3,3,3,6,3,5,5,3,3,3,3,3,3,3,5,2,2,2,1,3,3,3,3,2,1,7,3,3,3,2,3,3,3,3,3,3,3,3,3,3,4,4,4,3,3,3,7,7,7,7,7,7,7,7,8,8,8,8,8,8,8,8","0.000878095626831055","fast_greedy","edit-xhwikibooks.graphml"
"0.7","0.06","0.24","0.736207561728395","1,1,1,1,1,2,1,5,2,2,1,4,5,5,5,2,2,1,7,4,3,6,5,5,5,5,5,2,1,2,1,7,4,4,7,7,8,5,3,3,3,3,6,6,6,6,3,6,6,6,3,3,3,3,3,6,6,6,6,3,5,3,3,5,5,3,3,3,3,3,6,3,5,5,3,3,3,3,3,3,3,5,2,2,2,1,3,3,3,3,2,1,7,3,3,3,2,3,3,3,3,3,3,3,3,3,3,4,4,4,3,3,3,7,7,7,7,7,7,7,7,8,8,8,8,8,8,8,8","0.000876903533935547","fast_greedy","edit-xhwikibooks.graphml"
"0.69","0.07","0.24","0.736207561728395","1,1,1,1,1,2,1,5,2,2,1,4,5,5,5,2,2,1,7,4,3,6,5,5,5,5,5,2,1,2,1,7,4,4,7,7,8,5,3,3,3,3,6,6,6,6,3,6,6,6,3,3,3,3,3,6,6,6,6,3,5,3,3,5,5,3,3,3,3,3,6,3,5,5,3,3,3,3,3,3,3,5,2,2,2,1,3,3,3,3,2,1,7,3,3,3,2,3,3,3,3,3,3,3,3,3,3,4,4,4,3,3,3,7,7,7,7,7,7,7,7,8,8,8,8,8,8,8,8","0.000882148742675781","fast_greedy","edit-xhwikibooks.graphml"
"0.68","0.08","0.24","0.736207561728395","1,1,1,1,1,2,1,5,2,2,1,4,5,5,5,2,2,1,7,4,3,6,5,5,5,5,5,2,1,2,1,7,4,4,7,7,8,5,3,3,3,3,6,6,6,6,3,6,6,6,3,3,3,3,3,6,6,6,6,3,5,3,3,5,5,3,3,3,3,3,6,3,5,5,3,3,3,3,3,3,3,5,2,2,2,1,3,3,3,3,2,1,7,3,3,3,2,3,3,3,3,3,3,3,3,3,3,4,4,4,3,3,3,7,7,7,7,7,7,7,7,8,8,8,8,8,8,8,8","0.000911951065063477","fast_greedy","edit-xhwikibooks.graphml"
"0.67","0.09","0.24","0.736207561728395","1,1,1,1,1,2,1,5,2,2,1,4,5,5,5,2,2,1,7,4,3,6,5,5,5,5,5,2,1,2,1,7,4,4,7,7,8,5,3,3,3,3,6,6,6,6,3,6,6,6,3,3,3,3,3,6,6,6,6,3,5,3,3,5,5,3,3,3,3,3,6,3,5,5,3,3,3,3,3,3,3,5,2,2,2,1,3,3,3,3,2,1,7,3,3,3,2,3,3,3,3,3,3,3,3,3,3,4,4,4,3,3,3,7,7,7,7,7,7,7,7,8,8,8,8,8,8,8,8","0.000926971435546875","fast_greedy","edit-xhwikibooks.graphml"
"0.66","0.1","0.24","0.736207561728395","1,1,1,1,1,2,1,5,2,2,1,4,5,5,5,2,2,1,7,4,3,6,5,5,5,5,5,2,1,2,1,7,4,4,7,7,8,5,3,3,3,3,6,6,6,6,3,6,6,6,3,3,3,3,3,6,6,6,6,3,5,3,3,5,5,3,3,3,3,3,6,3,5,5,3,3,3,3,3,3,3,5,2,2,2,1,3,3,3,3,2,1,7,3,3,3,2,3,3,3,3,3,3,3,3,3,3,4,4,4,3,3,3,7,7,7,7,7,7,7,7,8,8,8,8,8,8,8,8","0.000911951065063477","fast_greedy","edit-xhwikibooks.graphml"
"0.65","0.11","0.24","0.736207561728395","1,1,1,1,1,2,1,5,2,2,1,4,5,5,5,2,2,1,7,4,3,6,5,5,5,5,5,2,1,2,1,7,4,4,7,7,8,5,3,3,3,3,6,6,6,6,3,6,6,6,3,3,3,3,3,6,6,6,6,3,5,3,3,5,5,3,3,3,3,3,6,3,5,5,3,3,3,3,3,3,3,5,2,2,2,1,3,3,3,3,2,1,7,3,3,3,2,3,3,3,3,3,3,3,3,3,3,4,4,4,3,3,3,7,7,7,7,7,7,7,7,8,8,8,8,8,8,8,8","0.00102400779724121","fast_greedy","edit-xhwikibooks.graphml"
"0.64","0.12","0.24","0.736207561728395","1,1,1,1,1,2,1,5,2,2,1,4,5,5,5,2,2,1,7,4,3,6,5,5,5,5,5,2,1,2,1,7,4,4,7,7,8,5,3,3,3,3,6,6,6,6,3,6,6,6,3,3,3,3,3,6,6,6,6,3,5,3,3,5,5,3,3,3,3,3,6,3,5,5,3,3,3,3,3,3,3,5,2,2,2,1,3,3,3,3,2,1,7,3,3,3,2,3,3,3,3,3,3,3,3,3,3,4,4,4,3,3,3,7,7,7,7,7,7,7,7,8,8,8,8,8,8,8,8","0.00108194351196289","fast_greedy","edit-xhwikibooks.graphml"
"0.63","0.13","0.24","0.736207561728395","1,1,1,1,1,2,1,5,2,2,1,4,5,5,5,2,2,1,7,4,3,6,5,5,5,5,5,2,1,2,1,7,4,4,7,7,8,5,3,3,3,3,6,6,6,6,3,6,6,6,3,3,3,3,3,6,6,6,6,3,5,3,3,5,5,3,3,3,3,3,6,3,5,5,3,3,3,3,3,3,3,5,2,2,2,1,3,3,3,3,2,1,7,3,3,3,2,3,3,3,3,3,3,3,3,3,3,4,4,4,3,3,3,7,7,7,7,7,7,7,7,8,8,8,8,8,8,8,8","0.000877141952514648","fast_greedy","edit-xhwikibooks.graphml"
"0.62","0.14","0.24","0.736207561728395","1,1,1,1,1,2,1,5,2,2,1,4,5,5,5,2,2,1,7,4,3,6,5,5,5,5,5,2,1,2,1,7,4,4,7,7,8,5,3,3,3,3,6,6,6,6,3,6,6,6,3,3,3,3,3,6,6,6,6,3,5,3,3,5,5,3,3,3,3,3,6,3,5,5,3,3,3,3,3,3,3,5,2,2,2,1,3,3,3,3,2,1,7,3,3,3,2,3,3,3,3,3,3,3,3,3,3,4,4,4,3,3,3,7,7,7,7,7,7,7,7,8,8,8,8,8,8,8,8","0.000864982604980469","fast_greedy","edit-xhwikibooks.graphml"
"0.61","0.15","0.24","0.736207561728395","1,1,1,1,1,2,1,5,2,2,1,4,5,5,5,2,2,1,7,4,3,6,5,5,5,5,5,2,1,2,1,7,4,4,7,7,8,5,3,3,3,3,6,6,6,6,3,6,6,6,3,3,3,3,3,6,6,6,6,3,5,3,3,5,5,3,3,3,3,3,6,3,5,5,3,3,3,3,3,3,3,5,2,2,2,1,3,3,3,3,2,1,7,3,3,3,2,3,3,3,3,3,3,3,3,3,3,4,4,4,3,3,3,7,7,7,7,7,7,7,7,8,8,8,8,8,8,8,8","0.00087285041809082","fast_greedy","edit-xhwikibooks.graphml"
"0.6","0.16","0.24","0.736207561728395","1,1,1,1,1,2,1,5,2,2,1,4,5,5,5,2,2,1,7,4,3,6,5,5,5,5,5,2,1,2,1,7,4,4,7,7,8,5,3,3,3,3,6,6,6,6,3,6,6,6,3,3,3,3,3,6,6,6,6,3,5,3,3,5,5,3,3,3,3,3,6,3,5,5,3,3,3,3,3,3,3,5,2,2,2,1,3,3,3,3,2,1,7,3,3,3,2,3,3,3,3,3,3,3,3,3,3,4,4,4,3,3,3,7,7,7,7,7,7,7,7,8,8,8,8,8,8,8,8","0.000869035720825195","fast_greedy","edit-xhwikibooks.graphml"
"0.59","0.17","0.24","0.737170035671819","1,1,1,1,1,2,1,4,2,2,1,5,4,4,4,2,2,1,7,5,3,6,4,4,4,4,4,2,1,2,1,7,5,5,7,7,8,4,3,3,3,3,6,6,6,6,3,6,6,6,3,3,3,3,3,6,6,6,6,3,4,3,3,4,4,3,3,3,3,3,6,3,4,4,3,3,3,3,3,3,3,4,2,2,2,1,3,3,3,3,2,1,7,3,3,3,2,3,3,3,3,3,3,3,3,3,3,5,5,5,3,3,3,7,7,7,7,7,7,7,7,8,8,8,8,8,8,8,8","0.000891923904418945","fast_greedy","edit-xhwikibooks.graphml"
"0.58","0.18","0.24","0.737170035671819","1,1,1,1,1,2,1,4,2,2,1,5,4,4,4,2,2,1,7,5,3,6,4,4,4,4,4,2,1,2,1,7,5,5,7,7,8,4,3,3,3,3,6,6,6,6,3,6,6,6,3,3,3,3,3,6,6,6,6,3,4,3,3,4,4,3,3,3,3,3,6,3,4,4,3,3,3,3,3,3,3,4,2,2,2,1,3,3,3,3,2,1,7,3,3,3,2,3,3,3,3,3,3,3,3,3,3,5,5,5,3,3,3,7,7,7,7,7,7,7,7,8,8,8,8,8,8,8,8","0.000911951065063477","fast_greedy","edit-xhwikibooks.graphml"
"0.57","0.19","0.24","0.737170035671819","1,1,1,1,1,2,1,4,2,2,1,5,4,4,4,2,2,1,7,5,3,6,4,4,4,4,4,2,1,2,1,7,5,5,7,7,8,4,3,3,3,3,6,6,6,6,3,6,6,6,3,3,3,3,3,6,6,6,6,3,4,3,3,4,4,3,3,3,3,3,6,3,4,4,3,3,3,3,3,3,3,4,2,2,2,1,3,3,3,3,2,1,7,3,3,3,2,3,3,3,3,3,3,3,3,3,3,5,5,5,3,3,3,7,7,7,7,7,7,7,7,8,8,8,8,8,8,8,8","0.000904083251953125","fast_greedy","edit-xhwikibooks.graphml"
"0.56","0.2","0.24","0.737170035671819","1,1,1,1,1,2,1,4,2,2,1,5,4,4,4,2,2,1,7,5,3,6,4,4,4,4,4,2,1,2,1,7,5,5,7,7,8,4,3,3,3,3,6,6,6,6,3,6,6,6,3,3,3,3,3,6,6,6,6,3,4,3,3,4,4,3,3,3,3,3,6,3,4,4,3,3,3,3,3,3,3,4,2,2,2,1,3,3,3,3,2,1,7,3,3,3,2,3,3,3,3,3,3,3,3,3,3,5,5,5,3,3,3,7,7,7,7,7,7,7,7,8,8,8,8,8,8,8,8","0.000917911529541016","fast_greedy","edit-xhwikibooks.graphml"
"0.55","0.21","0.24","0.737170035671819","1,1,1,1,1,2,1,4,2,2,1,5,4,4,4,2,2,1,7,5,3,6,4,4,4,4,4,2,1,2,1,7,5,5,7,7,8,4,3,3,3,3,6,6,6,6,3,6,6,6,3,3,3,3,3,6,6,6,6,3,4,3,3,4,4,3,3,3,3,3,6,3,4,4,3,3,3,3,3,3,3,4,2,2,2,1,3,3,3,3,2,1,7,3,3,3,2,3,3,3,3,3,3,3,3,3,3,5,5,5,3,3,3,7,7,7,7,7,7,7,7,8,8,8,8,8,8,8,8","0.000911951065063477","fast_greedy","edit-xhwikibooks.graphml"
"0.54","0.22","0.24","0.737170035671819","1,1,1,1,1,2,1,4,2,2,1,5,4,4,4,2,2,1,7,5,3,6,4,4,4,4,4,2,1,2,1,7,5,5,7,7,8,4,3,3,3,3,6,6,6,6,3,6,6,6,3,3,3,3,3,6,6,6,6,3,4,3,3,4,4,3,3,3,3,3,6,3,4,4,3,3,3,3,3,3,3,4,2,2,2,1,3,3,3,3,2,1,7,3,3,3,2,3,3,3,3,3,3,3,3,3,3,5,5,5,3,3,3,7,7,7,7,7,7,7,7,8,8,8,8,8,8,8,8","0.00104999542236328","fast_greedy","edit-xhwikibooks.graphml"
"0.53","0.23","0.24","0.737170035671819","1,1,1,1,1,2,1,4,2,2,1,5,4,4,4,2,2,1,7,5,3,6,4,4,4,4,4,2,1,2,1,7,5,5,7,7,8,4,3,3,3,3,6,6,6,6,3,6,6,6,3,3,3,3,3,6,6,6,6,3,4,3,3,4,4,3,3,3,3,3,6,3,4,4,3,3,3,3,3,3,3,4,2,2,2,1,3,3,3,3,2,1,7,3,3,3,2,3,3,3,3,3,3,3,3,3,3,5,5,5,3,3,3,7,7,7,7,7,7,7,7,8,8,8,8,8,8,8,8","0.00104188919067383","fast_greedy","edit-xhwikibooks.graphml"
"0.52","0.24","0.24","0.737170035671819","1,1,1,1,1,2,1,4,2,2,1,5,4,4,4,2,2,1,7,5,3,6,4,4,4,4,4,2,1,2,1,7,5,5,7,7,8,4,3,3,3,3,6,6,6,6,3,6,6,6,3,3,3,3,3,6,6,6,6,3,4,3,3,4,4,3,3,3,3,3,6,3,4,4,3,3,3,3,3,3,3,4,2,2,2,1,3,3,3,3,2,1,7,3,3,3,2,3,3,3,3,3,3,3,3,3,3,5,5,5,3,3,3,7,7,7,7,7,7,7,7,8,8,8,8,8,8,8,8","0.00115299224853516","fast_greedy","edit-xhwikibooks.graphml"
"0.51","0.25","0.24","0.729336734693877","1,1,1,1,1,2,1,5,2,2,1,4,5,5,5,2,2,1,7,4,3,6,5,5,5,5,5,2,1,2,1,7,4,4,7,7,8,5,3,3,3,3,6,6,6,6,3,6,6,6,3,3,3,3,3,6,6,6,6,3,9,3,3,5,5,3,3,3,3,3,6,3,5,5,3,3,3,3,3,3,3,5,2,2,2,10,3,3,3,3,11,12,13,3,3,3,2,3,3,3,3,3,3,3,3,3,3,4,4,4,3,3,3,7,7,7,7,7,7,7,7,8,8,8,8,8,8,8,8","0.00107097625732422","fast_greedy","edit-xhwikibooks.graphml"
"0.5","0.26","0.24","0.729336734693877","1,1,1,1,1,2,1,5,2,2,1,4,5,5,5,2,2,1,7,4,3,6,5,5,5,5,5,2,1,2,1,7,4,4,7,7,8,5,3,3,3,3,6,6,6,6,3,6,6,6,3,3,3,3,3,6,6,6,6,3,9,3,3,5,5,3,3,3,3,3,6,3,5,5,3,3,3,3,3,3,3,5,2,2,2,10,3,3,3,3,11,12,13,3,3,3,2,3,3,3,3,3,3,3,3,3,3,4,4,4,3,3,3,7,7,7,7,7,7,7,7,8,8,8,8,8,8,8,8","0.00101494789123535","fast_greedy","edit-xhwikibooks.graphml"
"0.49","0.27","0.24","0.729336734693877","1,1,1,1,1,2,1,5,2,2,1,4,5,5,5,2,2,1,7,4,3,6,5,5,5,5,5,2,1,2,1,7,4,4,7,7,8,5,3,3,3,3,6,6,6,6,3,6,6,6,3,3,3,3,3,6,6,6,6,3,9,3,3,5,5,3,3,3,3,3,6,3,5,5,3,3,3,3,3,3,3,5,2,2,2,10,3,3,3,3,11,12,13,3,3,3,2,3,3,3,3,3,3,3,3,3,3,4,4,4,3,3,3,7,7,7,7,7,7,7,7,8,8,8,8,8,8,8,8","0.000993013381958008","fast_greedy","edit-xhwikibooks.graphml"
"0.48","0.28","0.24","0.729336734693877","1,1,1,1,1,2,1,5,2,2,1,4,5,5,5,2,2,1,7,4,3,6,5,5,5,5,5,2,1,2,1,7,4,4,7,7,8,5,3,3,3,3,6,6,6,6,3,6,6,6,3,3,3,3,3,6,6,6,6,3,9,3,3,5,5,3,3,3,3,3,6,3,5,5,3,3,3,3,3,3,3,5,2,2,2,10,3,3,3,3,11,12,13,3,3,3,2,3,3,3,3,3,3,3,3,3,3,4,4,4,3,3,3,7,7,7,7,7,7,7,7,8,8,8,8,8,8,8,8","0.000915050506591797","fast_greedy","edit-xhwikibooks.graphml"
"0.47","0.29","0.24","0.729336734693877","1,1,1,1,1,2,1,5,2,2,1,4,5,5,5,2,2,1,7,4,3,6,5,5,5,5,5,2,1,2,1,7,4,4,7,7,8,5,3,3,3,3,6,6,6,6,3,6,6,6,3,3,3,3,3,6,6,6,6,3,9,3,3,5,5,3,3,3,3,3,6,3,5,5,3,3,3,3,3,3,3,5,2,2,2,10,3,3,3,3,11,12,13,3,3,3,2,3,3,3,3,3,3,3,3,3,3,4,4,4,3,3,3,7,7,7,7,7,7,7,7,8,8,8,8,8,8,8,8","0.000890970230102539","fast_greedy","edit-xhwikibooks.graphml"
"0.46","0.3","0.24","0.729336734693877","1,1,1,1,1,2,1,5,2,2,1,4,5,5,5,2,2,1,7,4,3,6,5,5,5,5,5,2,1,2,1,7,4,4,7,7,8,5,3,3,3,3,6,6,6,6,3,6,6,6,3,3,3,3,3,6,6,6,6,3,9,3,3,5,5,3,3,3,3,3,6,3,5,5,3,3,3,3,3,3,3,5,2,2,2,10,3,3,3,3,11,12,13,3,3,3,2,3,3,3,3,3,3,3,3,3,3,4,4,4,3,3,3,7,7,7,7,7,7,7,7,8,8,8,8,8,8,8,8","0.000891923904418945","fast_greedy","edit-xhwikibooks.graphml"
"0.45","0.31","0.24","0.729336734693877","1,1,1,1,1,2,1,5,2,2,1,4,5,5,5,2,2,1,7,4,3,6,5,5,5,5,5,2,1,2,1,7,4,4,7,7,8,5,3,3,3,3,6,6,6,6,3,6,6,6,3,3,3,3,3,6,6,6,6,3,9,3,3,5,5,3,3,3,3,3,6,3,5,5,3,3,3,3,3,3,3,5,2,2,2,10,3,3,3,3,11,12,13,3,3,3,2,3,3,3,3,3,3,3,3,3,3,4,4,4,3,3,3,7,7,7,7,7,7,7,7,8,8,8,8,8,8,8,8","0.000890970230102539","fast_greedy","edit-xhwikibooks.graphml"
"0.44","0.32","0.24","0.729336734693877","1,1,1,1,1,2,1,5,2,2,1,4,5,5,5,2,2,1,7,4,3,6,5,5,5,5,5,2,1,2,1,7,4,4,7,7,8,5,3,3,3,3,6,6,6,6,3,6,6,6,3,3,3,3,3,6,6,6,6,3,9,3,3,5,5,3,3,3,3,3,6,3,5,5,3,3,3,3,3,3,3,5,2,2,2,10,3,3,3,3,11,12,13,3,3,3,2,3,3,3,3,3,3,3,3,3,3,4,4,4,3,3,3,7,7,7,7,7,7,7,7,8,8,8,8,8,8,8,8","0.0293290615081787","fast_greedy","edit-xhwikibooks.graphml"
"0.43","0.33","0.24","0.729336734693877","1,1,1,1,1,2,1,5,2,2,1,4,5,5,5,2,2,1,7,4,3,6,5,5,5,5,5,2,1,2,1,7,4,4,7,7,8,5,3,3,3,3,6,6,6,6,3,6,6,6,3,3,3,3,3,6,6,6,6,3,9,3,3,5,5,3,3,3,3,3,6,3,5,5,3,3,3,3,3,3,3,5,2,2,2,10,3,3,3,3,11,12,13,3,3,3,2,3,3,3,3,3,3,3,3,3,3,4,4,4,3,3,3,7,7,7,7,7,7,7,7,8,8,8,8,8,8,8,8","0.00109601020812988","fast_greedy","edit-xhwikibooks.graphml"
"0.42","0.34","0.24","0.730496453900709","1,1,1,1,1,2,1,4,2,2,1,5,4,4,4,2,2,1,7,5,3,6,4,4,4,4,4,2,1,2,1,7,5,5,7,7,8,4,3,3,3,3,6,6,6,6,3,6,6,6,3,3,3,3,3,6,6,6,6,3,9,3,3,4,4,3,3,3,3,3,6,3,4,4,3,3,3,3,3,3,3,4,2,2,2,10,3,3,3,3,11,12,13,3,3,3,2,3,3,3,3,3,3,3,3,3,3,5,5,5,3,3,3,7,7,7,7,7,7,7,7,8,8,8,8,8,8,8,8","0.000985145568847656","fast_greedy","edit-xhwikibooks.graphml"
"0.41","0.35","0.24","0.730496453900709","1,1,1,1,1,2,1,4,2,2,1,5,4,4,4,2,2,1,7,5,3,6,4,4,4,4,4,2,1,2,1,7,5,5,7,7,8,4,3,3,3,3,6,6,6,6,3,6,6,6,3,3,3,3,3,6,6,6,6,3,9,3,3,4,4,3,3,3,3,3,6,3,4,4,3,3,3,3,3,3,3,4,2,2,2,10,3,3,3,3,11,12,13,3,3,3,2,3,3,3,3,3,3,3,3,3,3,5,5,5,3,3,3,7,7,7,7,7,7,7,7,8,8,8,8,8,8,8,8","0.00104498863220215","fast_greedy","edit-xhwikibooks.graphml"
"0.4","0.36","0.24","0.730496453900709","1,1,1,1,1,2,1,4,2,2,1,5,4,4,4,2,2,1,7,5,3,6,4,4,4,4,4,2,1,2,1,7,5,5,7,7,8,4,3,3,3,3,6,6,6,6,3,6,6,6,3,3,3,3,3,6,6,6,6,3,9,3,3,4,4,3,3,3,3,3,6,3,4,4,3,3,3,3,3,3,3,4,2,2,2,10,3,3,3,3,11,12,13,3,3,3,2,3,3,3,3,3,3,3,3,3,3,5,5,5,3,3,3,7,7,7,7,7,7,7,7,8,8,8,8,8,8,8,8","0.000900030136108398","fast_greedy","edit-xhwikibooks.graphml"
"0.39","0.37","0.24","0.730496453900709","1,1,1,1,1,2,1,4,2,2,1,5,4,4,4,2,2,1,7,5,3,6,4,4,4,4,4,2,1,2,1,7,5,5,7,7,8,4,3,3,3,3,6,6,6,6,3,6,6,6,3,3,3,3,3,6,6,6,6,3,9,3,3,4,4,3,3,3,3,3,6,3,4,4,3,3,3,3,3,3,3,4,2,2,2,10,3,3,3,3,11,12,13,3,3,3,2,3,3,3,3,3,3,3,3,3,3,5,5,5,3,3,3,7,7,7,7,7,7,7,7,8,8,8,8,8,8,8,8","0.000889062881469727","fast_greedy","edit-xhwikibooks.graphml"
"0.38","0.38","0.24","0.730496453900709","1,1,1,1,1,2,1,4,2,2,1,5,4,4,4,2,2,1,7,5,3,6,4,4,4,4,4,2,1,2,1,7,5,5,7,7,8,4,3,3,3,3,6,6,6,6,3,6,6,6,3,3,3,3,3,6,6,6,6,3,9,3,3,4,4,3,3,3,3,3,6,3,4,4,3,3,3,3,3,3,3,4,2,2,2,10,3,3,3,3,11,12,13,3,3,3,2,3,3,3,3,3,3,3,3,3,3,5,5,5,3,3,3,7,7,7,7,7,7,7,7,8,8,8,8,8,8,8,8","0.000915050506591797","fast_greedy","edit-xhwikibooks.graphml"
"0.37","0.39","0.24","0.730496453900709","1,1,1,1,1,2,1,4,2,2,1,5,4,4,4,2,2,1,7,5,3,6,4,4,4,4,4,2,1,2,1,7,5,5,7,7,8,4,3,3,3,3,6,6,6,6,3,6,6,6,3,3,3,3,3,6,6,6,6,3,9,3,3,4,4,3,3,3,3,3,6,3,4,4,3,3,3,3,3,3,3,4,2,2,2,10,3,3,3,3,11,12,13,3,3,3,2,3,3,3,3,3,3,3,3,3,3,5,5,5,3,3,3,7,7,7,7,7,7,7,7,8,8,8,8,8,8,8,8","0.000885963439941406","fast_greedy","edit-xhwikibooks.graphml"
"0.36","0.4","0.24","0.730496453900709","1,1,1,1,1,2,1,4,2,2,1,5,4,4,4,2,2,1,7,5,3,6,4,4,4,4,4,2,1,2,1,7,5,5,7,7,8,4,3,3,3,3,6,6,6,6,3,6,6,6,3,3,3,3,3,6,6,6,6,3,9,3,3,4,4,3,3,3,3,3,6,3,4,4,3,3,3,3,3,3,3,4,2,2,2,10,3,3,3,3,11,12,13,3,3,3,2,3,3,3,3,3,3,3,3,3,3,5,5,5,3,3,3,7,7,7,7,7,7,7,7,8,8,8,8,8,8,8,8","0.000889062881469727","fast_greedy","edit-xhwikibooks.graphml"
"0.35","0.41","0.24","0.730496453900709","1,1,1,1,1,2,1,4,2,2,1,5,4,4,4,2,2,1,7,5,3,6,4,4,4,4,4,2,1,2,1,7,5,5,7,7,8,4,3,3,3,3,6,6,6,6,3,6,6,6,3,3,3,3,3,6,6,6,6,3,9,3,3,4,4,3,3,3,3,3,6,3,4,4,3,3,3,3,3,3,3,4,2,2,2,10,3,3,3,3,11,12,13,3,3,3,2,3,3,3,3,3,3,3,3,3,3,5,5,5,3,3,3,7,7,7,7,7,7,7,7,8,8,8,8,8,8,8,8","0.000892877578735352","fast_greedy","edit-xhwikibooks.graphml"
"0.34","0.42","0.24","0.730496453900709","1,1,1,1,1,2,1,4,2,2,1,5,4,4,4,2,2,1,7,5,3,6,4,4,4,4,4,2,1,2,1,7,5,5,7,7,8,4,3,3,3,3,6,6,6,6,3,6,6,6,3,3,3,3,3,6,6,6,6,3,9,3,3,4,4,3,3,3,3,3,6,3,4,4,3,3,3,3,3,3,3,4,2,2,2,10,3,3,3,3,11,12,13,3,3,3,2,3,3,3,3,3,3,3,3,3,3,5,5,5,3,3,3,7,7,7,7,7,7,7,7,8,8,8,8,8,8,8,8","0.000895023345947266","fast_greedy","edit-xhwikibooks.graphml"
"0.33","0.43","0.24","0.730496453900709","1,1,1,1,1,2,1,4,2,2,1,5,4,4,4,2,2,1,7,5,3,6,4,4,4,4,4,2,1,2,1,7,5,5,7,7,8,4,3,3,3,3,6,6,6,6,3,6,6,6,3,3,3,3,3,6,6,6,6,3,9,3,3,4,4,3,3,3,3,3,6,3,4,4,3,3,3,3,3,3,3,4,2,2,2,10,3,3,3,3,11,12,13,3,3,3,2,3,3,3,3,3,3,3,3,3,3,5,5,5,3,3,3,7,7,7,7,7,7,7,7,8,8,8,8,8,8,8,8","0.000900030136108398","fast_greedy","edit-xhwikibooks.graphml"
"0.32","0.44","0.24","0.730496453900709","1,1,1,1,1,2,1,4,2,2,1,5,4,4,4,2,2,1,7,5,3,6,4,4,4,4,4,2,1,2,1,7,5,5,7,7,8,4,3,3,3,3,6,6,6,6,3,6,6,6,3,3,3,3,3,6,6,6,6,3,9,3,3,4,4,3,3,3,3,3,6,3,4,4,3,3,3,3,3,3,3,4,2,2,2,10,3,3,3,3,11,12,13,3,3,3,2,3,3,3,3,3,3,3,3,3,3,5,5,5,3,3,3,7,7,7,7,7,7,7,7,8,8,8,8,8,8,8,8","0.000911951065063477","fast_greedy","edit-xhwikibooks.graphml"
"0.31","0.45","0.24","0.730496453900709","1,1,1,1,1,2,1,4,2,2,1,5,4,4,4,2,2,1,7,5,3,6,4,4,4,4,4,2,1,2,1,7,5,5,7,7,8,4,3,3,3,3,6,6,6,6,3,6,6,6,3,3,3,3,3,6,6,6,6,3,9,3,3,4,4,3,3,3,3,3,6,3,4,4,3,3,3,3,3,3,3,4,2,2,2,10,3,3,3,3,11,12,13,3,3,3,2,3,3,3,3,3,3,3,3,3,3,5,5,5,3,3,3,7,7,7,7,7,7,7,7,8,8,8,8,8,8,8,8","0.000929117202758789","fast_greedy","edit-xhwikibooks.graphml"
"0.3","0.46","0.24","0.730496453900709","1,1,1,1,1,2,1,4,2,2,1,5,4,4,4,2,2,1,7,5,3,6,4,4,4,4,4,2,1,2,1,7,5,5,7,7,8,4,3,3,3,3,6,6,6,6,3,6,6,6,3,3,3,3,3,6,6,6,6,3,9,3,3,4,4,3,3,3,3,3,6,3,4,4,3,3,3,3,3,3,3,4,2,2,2,10,3,3,3,3,11,12,13,3,3,3,2,3,3,3,3,3,3,3,3,3,3,5,5,5,3,3,3,7,7,7,7,7,7,7,7,8,8,8,8,8,8,8,8","0.000977993011474609","fast_greedy","edit-xhwikibooks.graphml"
"0.29","0.47","0.24","0.730496453900709","1,1,1,1,1,2,1,4,2,2,1,5,4,4,4,2,2,1,7,5,3,6,4,4,4,4,4,2,1,2,1,7,5,5,7,7,8,4,3,3,3,3,6,6,6,6,3,6,6,6,3,3,3,3,3,6,6,6,6,3,9,3,3,4,4,3,3,3,3,3,6,3,4,4,3,3,3,3,3,3,3,4,2,2,2,10,3,3,3,3,11,12,13,3,3,3,2,3,3,3,3,3,3,3,3,3,3,5,5,5,3,3,3,7,7,7,7,7,7,7,7,8,8,8,8,8,8,8,8","0.000885963439941406","fast_greedy","edit-xhwikibooks.graphml"
"0.28","0.48","0.24","0.730496453900709","1,1,1,1,1,2,1,4,2,2,1,5,4,4,4,2,2,1,7,5,3,6,4,4,4,4,4,2,1,2,1,7,5,5,7,7,8,4,3,3,3,3,6,6,6,6,3,6,6,6,3,3,3,3,3,6,6,6,6,3,9,3,3,4,4,3,3,3,3,3,6,3,4,4,3,3,3,3,3,3,3,4,2,2,2,10,3,3,3,3,11,12,13,3,3,3,2,3,3,3,3,3,3,3,3,3,3,5,5,5,3,3,3,7,7,7,7,7,7,7,7,8,8,8,8,8,8,8,8","0.000885009765625","fast_greedy","edit-xhwikibooks.graphml"
"0.27","0.49","0.24","0.714497989627644","1,1,1,1,1,4,1,6,4,4,3,1,6,6,6,4,8,3,3,1,2,5,6,6,6,6,6,4,1,9,10,3,1,1,3,3,7,6,2,2,2,2,5,5,5,5,2,5,5,5,2,2,2,2,2,5,5,5,5,2,11,2,2,12,13,2,2,2,2,2,5,2,6,6,2,2,2,2,2,2,2,14,4,4,4,15,2,2,2,2,16,17,18,2,2,2,19,2,2,2,2,2,2,2,2,2,2,20,21,2,2,2,2,3,3,3,3,3,3,3,3,7,7,7,7,7,7,7,7","0.000874996185302734","fast_greedy","edit-xhwikibooks.graphml"
"0.26","0.5","0.24","0.729573264330512","1,1,1,1,2,1,2,6,1,1,2,2,6,6,6,1,8,2,2,2,3,4,6,6,6,6,6,1,1,9,10,2,2,2,5,5,7,6,3,3,3,3,4,4,4,4,3,4,4,4,3,3,3,3,3,4,4,4,4,3,11,3,3,12,13,3,3,3,3,3,4,3,6,6,3,3,3,3,3,3,3,14,1,1,1,15,3,3,3,3,16,17,18,3,3,3,19,3,3,3,3,3,3,3,3,3,3,20,21,3,3,3,3,5,5,5,5,5,5,5,5,7,7,7,7,7,7,7,7","0.000893115997314453","fast_greedy","edit-xhwikibooks.graphml"
"0.25","0.51","0.24","0.729573264330512","1,1,1,1,2,1,2,6,1,1,2,2,6,6,6,1,8,2,2,2,3,4,6,6,6,6,6,1,1,9,10,2,2,2,5,5,7,6,3,3,3,3,4,4,4,4,3,4,4,4,3,3,3,3,3,4,4,4,4,3,11,3,3,12,13,3,3,3,3,3,4,3,6,6,3,3,3,3,3,3,3,14,1,1,1,15,3,3,3,3,16,17,18,3,3,3,19,3,3,3,3,3,3,3,3,3,3,20,21,3,3,3,3,5,5,5,5,5,5,5,5,7,7,7,7,7,7,7,7","0.00112318992614746","fast_greedy","edit-xhwikibooks.graphml"
"0.24","0.52","0.24","0.729573264330512","1,1,1,1,2,1,2,6,1,1,2,2,6,6,6,1,8,2,2,2,3,4,6,6,6,6,6,1,1,9,10,2,2,2,5,5,7,6,3,3,3,3,4,4,4,4,3,4,4,4,3,3,3,3,3,4,4,4,4,3,11,3,3,12,13,3,3,3,3,3,4,3,6,6,3,3,3,3,3,3,3,14,1,1,1,15,3,3,3,3,16,17,18,3,3,3,19,3,3,3,3,3,3,3,3,3,3,20,21,3,3,3,3,5,5,5,5,5,5,5,5,7,7,7,7,7,7,7,7","0.000886917114257812","fast_greedy","edit-xhwikibooks.graphml"
"0.23","0.53","0.24","0.729573264330512","1,1,1,1,2,1,2,6,1,1,2,2,6,6,6,1,8,2,2,2,3,4,6,6,6,6,6,1,1,9,10,2,2,2,5,5,7,6,3,3,3,3,4,4,4,4,3,4,4,4,3,3,3,3,3,4,4,4,4,3,11,3,3,12,13,3,3,3,3,3,4,3,6,6,3,3,3,3,3,3,3,14,1,1,1,15,3,3,3,3,16,17,18,3,3,3,19,3,3,3,3,3,3,3,3,3,3,20,21,3,3,3,3,5,5,5,5,5,5,5,5,7,7,7,7,7,7,7,7","0.000886917114257812","fast_greedy","edit-xhwikibooks.graphml"
"0.22","0.54","0.24","0.729573264330512","1,1,1,1,2,1,2,6,1,1,2,2,6,6,6,1,8,2,2,2,3,4,6,6,6,6,6,1,1,9,10,2,2,2,5,5,7,6,3,3,3,3,4,4,4,4,3,4,4,4,3,3,3,3,3,4,4,4,4,3,11,3,3,12,13,3,3,3,3,3,4,3,6,6,3,3,3,3,3,3,3,14,1,1,1,15,3,3,3,3,16,17,18,3,3,3,19,3,3,3,3,3,3,3,3,3,3,20,21,3,3,3,3,5,5,5,5,5,5,5,5,7,7,7,7,7,7,7,7","0.000899791717529297","fast_greedy","edit-xhwikibooks.graphml"
"0.21","0.55","0.24","0.729573264330512","1,1,1,1,2,1,2,6,1,1,2,2,6,6,6,1,8,2,2,2,3,4,6,6,6,6,6,1,1,9,10,2,2,2,5,5,7,6,3,3,3,3,4,4,4,4,3,4,4,4,3,3,3,3,3,4,4,4,4,3,11,3,3,12,13,3,3,3,3,3,4,3,6,6,3,3,3,3,3,3,3,14,1,1,1,15,3,3,3,3,16,17,18,3,3,3,19,3,3,3,3,3,3,3,3,3,3,20,21,3,3,3,3,5,5,5,5,5,5,5,5,7,7,7,7,7,7,7,7","0.000902891159057617","fast_greedy","edit-xhwikibooks.graphml"
"0.2","0.56","0.24","0.729573264330512","1,1,1,1,2,1,2,6,1,1,2,2,6,6,6,1,8,2,2,2,3,4,6,6,6,6,6,1,1,9,10,2,2,2,5,5,7,6,3,3,3,3,4,4,4,4,3,4,4,4,3,3,3,3,3,4,4,4,4,3,11,3,3,12,13,3,3,3,3,3,4,3,6,6,3,3,3,3,3,3,3,14,1,1,1,15,3,3,3,3,16,17,18,3,3,3,19,3,3,3,3,3,3,3,3,3,3,20,21,3,3,3,3,5,5,5,5,5,5,5,5,7,7,7,7,7,7,7,7","0.000915050506591797","fast_greedy","edit-xhwikibooks.graphml"
"0.19","0.57","0.24","0.729573264330512","1,1,1,1,2,1,2,6,1,1,2,2,6,6,6,1,8,2,2,2,3,4,6,6,6,6,6,1,1,9,10,2,2,2,5,5,7,6,3,3,3,3,4,4,4,4,3,4,4,4,3,3,3,3,3,4,4,4,4,3,11,3,3,12,13,3,3,3,3,3,4,3,6,6,3,3,3,3,3,3,3,14,1,1,1,15,3,3,3,3,16,17,18,3,3,3,19,3,3,3,3,3,3,3,3,3,3,20,21,3,3,3,3,5,5,5,5,5,5,5,5,7,7,7,7,7,7,7,7","0.000915050506591797","fast_greedy","edit-xhwikibooks.graphml"
"0.18","0.58","0.24","0.729573264330512","1,1,1,1,2,1,2,6,1,1,2,2,6,6,6,1,8,2,2,2,3,4,6,6,6,6,6,1,1,9,10,2,2,2,5,5,7,6,3,3,3,3,4,4,4,4,3,4,4,4,3,3,3,3,3,4,4,4,4,3,11,3,3,12,13,3,3,3,3,3,4,3,6,6,3,3,3,3,3,3,3,14,1,1,1,15,3,3,3,3,16,17,18,3,3,3,19,3,3,3,3,3,3,3,3,3,3,20,21,3,3,3,3,5,5,5,5,5,5,5,5,7,7,7,7,7,7,7,7","0.00102901458740234","fast_greedy","edit-xhwikibooks.graphml"
"0.17","0.59","0.24","0.729573264330512","1,1,1,1,2,1,2,6,1,1,2,2,6,6,6,1,8,2,2,2,3,4,6,6,6,6,6,1,1,9,10,2,2,2,5,5,7,6,3,3,3,3,4,4,4,4,3,4,4,4,3,3,3,3,3,4,4,4,4,3,11,3,3,12,13,3,3,3,3,3,4,3,6,6,3,3,3,3,3,3,3,14,1,1,1,15,3,3,3,3,16,17,18,3,3,3,19,3,3,3,3,3,3,3,3,3,3,20,21,3,3,3,3,5,5,5,5,5,5,5,5,7,7,7,7,7,7,7,7","0.000874996185302734","fast_greedy","edit-xhwikibooks.graphml"
"0.16","0.6","0.24","0.729573264330512","1,1,1,1,2,1,2,6,1,1,2,2,6,6,6,1,8,2,2,2,3,4,6,6,6,6,6,1,1,9,10,2,2,2,5,5,7,6,3,3,3,3,4,4,4,4,3,4,4,4,3,3,3,3,3,4,4,4,4,3,11,3,3,12,13,3,3,3,3,3,4,3,6,6,3,3,3,3,3,3,3,14,1,1,1,15,3,3,3,3,16,17,18,3,3,3,19,3,3,3,3,3,3,3,3,3,3,20,21,3,3,3,3,5,5,5,5,5,5,5,5,7,7,7,7,7,7,7,7","0.000861883163452148","fast_greedy","edit-xhwikibooks.graphml"
"0.15","0.61","0.24","0.729573264330512","1,1,1,1,2,1,2,6,1,1,2,2,6,6,6,1,8,2,2,2,3,4,6,6,6,6,6,1,1,9,10,2,2,2,5,5,7,6,3,3,3,3,4,4,4,4,3,4,4,4,3,3,3,3,3,4,4,4,4,3,11,3,3,12,13,3,3,3,3,3,4,3,6,6,3,3,3,3,3,3,3,14,1,1,1,15,3,3,3,3,16,17,18,3,3,3,19,3,3,3,3,3,3,3,3,3,3,20,21,3,3,3,3,5,5,5,5,5,5,5,5,7,7,7,7,7,7,7,7","0.000877141952514648","fast_greedy","edit-xhwikibooks.graphml"
"0.14","0.62","0.24","0.729573264330512","1,1,1,1,2,1,2,6,1,1,2,2,6,6,6,1,8,2,2,2,3,4,6,6,6,6,6,1,1,9,10,2,2,2,5,5,7,6,3,3,3,3,4,4,4,4,3,4,4,4,3,3,3,3,3,4,4,4,4,3,11,3,3,12,13,3,3,3,3,3,4,3,6,6,3,3,3,3,3,3,3,14,1,1,1,15,3,3,3,3,16,17,18,3,3,3,19,3,3,3,3,3,3,3,3,3,3,20,21,3,3,3,3,5,5,5,5,5,5,5,5,7,7,7,7,7,7,7,7","0.000858068466186523","fast_greedy","edit-xhwikibooks.graphml"
"0.13","0.63","0.24","0.729573264330512","1,1,1,1,2,1,2,6,1,1,2,2,6,6,6,1,8,2,2,2,3,4,6,6,6,6,6,1,1,9,10,2,2,2,5,5,7,6,3,3,3,3,4,4,4,4,3,4,4,4,3,3,3,3,3,4,4,4,4,3,11,3,3,12,13,3,3,3,3,3,4,3,6,6,3,3,3,3,3,3,3,14,1,1,1,15,3,3,3,3,16,17,18,3,3,3,19,3,3,3,3,3,3,3,3,3,3,20,21,3,3,3,3,5,5,5,5,5,5,5,5,7,7,7,7,7,7,7,7","0.000935077667236328","fast_greedy","edit-xhwikibooks.graphml"
"0.12","0.64","0.24","0.729573264330512","1,1,1,1,2,1,2,6,1,1,2,2,6,6,6,1,8,2,2,2,3,4,6,6,6,6,6,1,1,9,10,2,2,2,5,5,7,6,3,3,3,3,4,4,4,4,3,4,4,4,3,3,3,3,3,4,4,4,4,3,11,3,3,12,13,3,3,3,3,3,4,3,6,6,3,3,3,3,3,3,3,14,1,1,1,15,3,3,3,3,16,17,18,3,3,3,19,3,3,3,3,3,3,3,3,3,3,20,21,3,3,3,3,5,5,5,5,5,5,5,5,7,7,7,7,7,7,7,7","0.000879049301147461","fast_greedy","edit-xhwikibooks.graphml"
"0.11","0.65","0.24","0.729573264330512","1,1,1,1,2,1,2,6,1,1,2,2,6,6,6,1,8,2,2,2,3,4,6,6,6,6,6,1,1,9,10,2,2,2,5,5,7,6,3,3,3,3,4,4,4,4,3,4,4,4,3,3,3,3,3,4,4,4,4,3,11,3,3,12,13,3,3,3,3,3,4,3,6,6,3,3,3,3,3,3,3,14,1,1,1,15,3,3,3,3,16,17,18,3,3,3,19,3,3,3,3,3,3,3,3,3,3,20,21,3,3,3,3,5,5,5,5,5,5,5,5,7,7,7,7,7,7,7,7","0.000874996185302734","fast_greedy","edit-xhwikibooks.graphml"
"0.1","0.66","0.24","0.729573264330512","1,1,1,1,2,1,2,6,1,1,2,2,6,6,6,1,8,2,2,2,3,4,6,6,6,6,6,1,1,9,10,2,2,2,5,5,7,6,3,3,3,3,4,4,4,4,3,4,4,4,3,3,3,3,3,4,4,4,4,3,11,3,3,12,13,3,3,3,3,3,4,3,6,6,3,3,3,3,3,3,3,14,1,1,1,15,3,3,3,3,16,17,18,3,3,3,19,3,3,3,3,3,3,3,3,3,3,20,21,3,3,3,3,5,5,5,5,5,5,5,5,7,7,7,7,7,7,7,7","0.000876903533935547","fast_greedy","edit-xhwikibooks.graphml"
"0.09","0.67","0.24","0.729573264330512","1,1,1,1,2,1,2,6,1,1,2,2,6,6,6,1,8,2,2,2,3,4,6,6,6,6,6,1,1,9,10,2,2,2,5,5,7,6,3,3,3,3,4,4,4,4,3,4,4,4,3,3,3,3,3,4,4,4,4,3,11,3,3,12,13,3,3,3,3,3,4,3,6,6,3,3,3,3,3,3,3,14,1,1,1,15,3,3,3,3,16,17,18,3,3,3,19,3,3,3,3,3,3,3,3,3,3,20,21,3,3,3,3,5,5,5,5,5,5,5,5,7,7,7,7,7,7,7,7","0.000890970230102539","fast_greedy","edit-xhwikibooks.graphml"
"0.08","0.68","0.24","0.729573264330512","1,1,1,1,2,1,2,6,1,1,2,2,6,6,6,1,8,2,2,2,3,4,6,6,6,6,6,1,1,9,10,2,2,2,5,5,7,6,3,3,3,3,4,4,4,4,3,4,4,4,3,3,3,3,3,4,4,4,4,3,11,3,3,12,13,3,3,3,3,3,4,3,6,6,3,3,3,3,3,3,3,14,1,1,1,15,3,3,3,3,16,17,18,3,3,3,19,3,3,3,3,3,3,3,3,3,3,20,21,3,3,3,3,5,5,5,5,5,5,5,5,7,7,7,7,7,7,7,7","0.000873804092407227","fast_greedy","edit-xhwikibooks.graphml"
"0.07","0.69","0.24","0.729573264330512","1,1,1,1,2,1,2,6,1,1,2,2,6,6,6,1,8,2,2,2,3,4,6,6,6,6,6,1,1,9,10,2,2,2,5,5,7,6,3,3,3,3,4,4,4,4,3,4,4,4,3,3,3,3,3,4,4,4,4,3,11,3,3,12,13,3,3,3,3,3,4,3,6,6,3,3,3,3,3,3,3,14,1,1,1,15,3,3,3,3,16,17,18,3,3,3,19,3,3,3,3,3,3,3,3,3,3,20,21,3,3,3,3,5,5,5,5,5,5,5,5,7,7,7,7,7,7,7,7","0.000903844833374023","fast_greedy","edit-xhwikibooks.graphml"
"0.06","0.7","0.24","0.729573264330512","1,1,1,1,2,1,2,6,1,1,2,2,6,6,6,1,8,2,2,2,3,4,6,6,6,6,6,1,1,9,10,2,2,2,5,5,7,6,3,3,3,3,4,4,4,4,3,4,4,4,3,3,3,3,3,4,4,4,4,3,11,3,3,12,13,3,3,3,3,3,4,3,6,6,3,3,3,3,3,3,3,14,1,1,1,15,3,3,3,3,16,17,18,3,3,3,19,3,3,3,3,3,3,3,3,3,3,20,21,3,3,3,3,5,5,5,5,5,5,5,5,7,7,7,7,7,7,7,7","0.000988960266113281","fast_greedy","edit-xhwikibooks.graphml"
"0.05","0.71","0.24","0.729573264330512","1,1,1,1,2,1,2,6,1,1,2,2,6,6,6,1,8,2,2,2,3,4,6,6,6,6,6,1,1,9,10,2,2,2,5,5,7,6,3,3,3,3,4,4,4,4,3,4,4,4,3,3,3,3,3,4,4,4,4,3,11,3,3,12,13,3,3,3,3,3,4,3,6,6,3,3,3,3,3,3,3,14,1,1,1,15,3,3,3,3,16,17,18,3,3,3,19,3,3,3,3,3,3,3,3,3,3,20,21,3,3,3,3,5,5,5,5,5,5,5,5,7,7,7,7,7,7,7,7","0.000874042510986328","fast_greedy","edit-xhwikibooks.graphml"
"0.04","0.72","0.24","0.729573264330512","1,1,1,1,2,1,2,6,1,1,2,2,6,6,6,1,8,2,2,2,3,4,6,6,6,6,6,1,1,9,10,2,2,2,5,5,7,6,3,3,3,3,4,4,4,4,3,4,4,4,3,3,3,3,3,4,4,4,4,3,11,3,3,12,13,3,3,3,3,3,4,3,6,6,3,3,3,3,3,3,3,14,1,1,1,15,3,3,3,3,16,17,18,3,3,3,19,3,3,3,3,3,3,3,3,3,3,20,21,3,3,3,3,5,5,5,5,5,5,5,5,7,7,7,7,7,7,7,7","0.000880956649780273","fast_greedy","edit-xhwikibooks.graphml"
"0.03","0.73","0.24","0.715035430763493","1,1,1,2,7,2,4,2,2,2,4,8,2,2,2,2,9,10,4,6,3,1,11,2,2,2,2,2,1,12,13,14,6,15,4,4,5,2,3,3,3,3,1,1,1,1,3,1,1,1,3,3,3,3,3,1,1,1,1,3,16,3,3,17,18,3,3,3,3,3,1,3,19,20,3,3,3,3,3,3,3,21,22,23,24,25,3,3,3,3,26,27,28,3,3,3,29,3,3,3,3,3,3,3,3,3,3,30,31,3,3,3,3,4,4,4,4,4,4,4,4,5,5,5,5,5,5,5,5","0.000874996185302734","fast_greedy","edit-xhwikibooks.graphml"
"0.02","0.74","0.24","0.715035430763493","1,1,1,2,7,2,4,2,2,2,4,8,2,2,2,2,9,10,4,6,3,1,11,2,2,2,2,2,1,12,13,14,6,15,4,4,5,2,3,3,3,3,1,1,1,1,3,1,1,1,3,3,3,3,3,1,1,1,1,3,16,3,3,17,18,3,3,3,3,3,1,3,19,20,3,3,3,3,3,3,3,21,22,23,24,25,3,3,3,3,26,27,28,3,3,3,29,3,3,3,3,3,3,3,3,3,3,30,31,3,3,3,3,4,4,4,4,4,4,4,4,5,5,5,5,5,5,5,5","0.00088191032409668","fast_greedy","edit-xhwikibooks.graphml"
"0.01","0.75","0.24","0.715035430763493","1,1,1,2,7,2,4,2,2,2,4,8,2,2,2,2,9,10,4,6,3,1,11,2,2,2,2,2,1,12,13,14,6,15,4,4,5,2,3,3,3,3,1,1,1,1,3,1,1,1,3,3,3,3,3,1,1,1,1,3,16,3,3,17,18,3,3,3,3,3,1,3,19,20,3,3,3,3,3,3,3,21,22,23,24,25,3,3,3,3,26,27,28,3,3,3,29,3,3,3,3,3,3,3,3,3,3,30,31,3,3,3,3,4,4,4,4,4,4,4,4,5,5,5,5,5,5,5,5","0.000891208648681641","fast_greedy","edit-xhwikibooks.graphml"
"0","0.76","0.24","0.704210069444444","3,3,3,1,3,1,4,1,1,1,4,7,1,1,1,1,8,9,4,6,2,3,10,1,1,1,1,1,3,11,12,13,6,14,4,4,5,1,2,2,2,2,3,3,3,3,2,3,3,3,2,2,2,2,2,3,3,3,3,2,15,2,2,16,17,2,2,2,2,2,3,2,18,19,2,2,2,2,2,2,2,20,21,22,23,24,2,2,2,2,25,26,27,2,2,2,28,2,2,2,2,2,2,2,2,2,2,29,30,2,2,2,2,4,4,4,4,4,4,4,4,5,5,5,5,5,5,5,5","0.00110983848571777","fast_greedy","edit-xhwikibooks.graphml"
"0.75","0","0.25","0.731305122912366","1,1,1,1,1,3,1,3,3,8,2,1,3,3,3,5,8,2,2,1,4,6,3,3,3,3,3,5,1,8,2,2,1,1,2,2,7,3,4,4,4,4,6,6,6,6,4,6,6,6,4,4,4,4,4,6,6,6,6,4,3,4,4,3,3,4,4,4,4,4,6,4,3,3,4,4,4,4,4,4,4,3,5,5,5,1,4,4,4,4,8,2,2,4,4,4,5,4,4,4,4,4,4,4,4,4,4,1,1,1,4,4,4,2,2,2,2,2,2,2,2,7,7,7,7,7,7,7,7","0.000883817672729492","fast_greedy","edit-xhwikibooks.graphml"
"0.74","0.01","0.25","0.731305122912366","1,1,1,1,1,3,1,3,3,8,2,1,3,3,3,5,8,2,2,1,4,6,3,3,3,3,3,5,1,8,2,2,1,1,2,2,7,3,4,4,4,4,6,6,6,6,4,6,6,6,4,4,4,4,4,6,6,6,6,4,3,4,4,3,3,4,4,4,4,4,6,4,3,3,4,4,4,4,4,4,4,3,5,5,5,1,4,4,4,4,8,2,2,4,4,4,5,4,4,4,4,4,4,4,4,4,4,1,1,1,4,4,4,2,2,2,2,2,2,2,2,7,7,7,7,7,7,7,7","0.000867128372192383","fast_greedy","edit-xhwikibooks.graphml"
"0.73","0.02","0.25","0.731305122912366","1,1,1,1,1,3,1,3,3,8,2,1,3,3,3,5,8,2,2,1,4,6,3,3,3,3,3,5,1,8,2,2,1,1,2,2,7,3,4,4,4,4,6,6,6,6,4,6,6,6,4,4,4,4,4,6,6,6,6,4,3,4,4,3,3,4,4,4,4,4,6,4,3,3,4,4,4,4,4,4,4,3,5,5,5,1,4,4,4,4,8,2,2,4,4,4,5,4,4,4,4,4,4,4,4,4,4,1,1,1,4,4,4,2,2,2,2,2,2,2,2,7,7,7,7,7,7,7,7","0.000890016555786133","fast_greedy","edit-xhwikibooks.graphml"
"0.72","0.03","0.25","0.731305122912366","1,1,1,1,1,3,1,3,3,8,2,1,3,3,3,5,8,2,2,1,4,6,3,3,3,3,3,5,1,8,2,2,1,1,2,2,7,3,4,4,4,4,6,6,6,6,4,6,6,6,4,4,4,4,4,6,6,6,6,4,3,4,4,3,3,4,4,4,4,4,6,4,3,3,4,4,4,4,4,4,4,3,5,5,5,1,4,4,4,4,8,2,2,4,4,4,5,4,4,4,4,4,4,4,4,4,4,1,1,1,4,4,4,2,2,2,2,2,2,2,2,7,7,7,7,7,7,7,7","0.000896930694580078","fast_greedy","edit-xhwikibooks.graphml"
"0.71","0.04","0.25","0.731305122912366","1,1,1,1,1,3,1,3,3,8,2,1,3,3,3,5,8,2,2,1,4,6,3,3,3,3,3,5,1,8,2,2,1,1,2,2,7,3,4,4,4,4,6,6,6,6,4,6,6,6,4,4,4,4,4,6,6,6,6,4,3,4,4,3,3,4,4,4,4,4,6,4,3,3,4,4,4,4,4,4,4,3,5,5,5,1,4,4,4,4,8,2,2,4,4,4,5,4,4,4,4,4,4,4,4,4,4,1,1,1,4,4,4,2,2,2,2,2,2,2,2,7,7,7,7,7,7,7,7","0.000884056091308594","fast_greedy","edit-xhwikibooks.graphml"
"0.7","0.05","0.25","0.731305122912366","1,1,1,1,1,3,1,3,3,8,2,1,3,3,3,5,8,2,2,1,4,6,3,3,3,3,3,5,1,8,2,2,1,1,2,2,7,3,4,4,4,4,6,6,6,6,4,6,6,6,4,4,4,4,4,6,6,6,6,4,3,4,4,3,3,4,4,4,4,4,6,4,3,3,4,4,4,4,4,4,4,3,5,5,5,1,4,4,4,4,8,2,2,4,4,4,5,4,4,4,4,4,4,4,4,4,4,1,1,1,4,4,4,2,2,2,2,2,2,2,2,7,7,7,7,7,7,7,7","0.000885963439941406","fast_greedy","edit-xhwikibooks.graphml"
"0.69","0.06","0.25","0.731305122912366","1,1,1,1,1,3,1,3,3,8,2,1,3,3,3,5,8,2,2,1,4,6,3,3,3,3,3,5,1,8,2,2,1,1,2,2,7,3,4,4,4,4,6,6,6,6,4,6,6,6,4,4,4,4,4,6,6,6,6,4,3,4,4,3,3,4,4,4,4,4,6,4,3,3,4,4,4,4,4,4,4,3,5,5,5,1,4,4,4,4,8,2,2,4,4,4,5,4,4,4,4,4,4,4,4,4,4,1,1,1,4,4,4,2,2,2,2,2,2,2,2,7,7,7,7,7,7,7,7","0.000887870788574219","fast_greedy","edit-xhwikibooks.graphml"
"0.68","0.07","0.25","0.731305122912366","1,1,1,1,1,3,1,3,3,8,2,1,3,3,3,5,8,2,2,1,4,6,3,3,3,3,3,5,1,8,2,2,1,1,2,2,7,3,4,4,4,4,6,6,6,6,4,6,6,6,4,4,4,4,4,6,6,6,6,4,3,4,4,3,3,4,4,4,4,4,6,4,3,3,4,4,4,4,4,4,4,3,5,5,5,1,4,4,4,4,8,2,2,4,4,4,5,4,4,4,4,4,4,4,4,4,4,1,1,1,4,4,4,2,2,2,2,2,2,2,2,7,7,7,7,7,7,7,7","0.000882148742675781","fast_greedy","edit-xhwikibooks.graphml"
"0.67","0.08","0.25","0.731305122912366","1,1,1,1,1,3,1,3,3,8,2,1,3,3,3,5,8,2,2,1,4,6,3,3,3,3,3,5,1,8,2,2,1,1,2,2,7,3,4,4,4,4,6,6,6,6,4,6,6,6,4,4,4,4,4,6,6,6,6,4,3,4,4,3,3,4,4,4,4,4,6,4,3,3,4,4,4,4,4,4,4,3,5,5,5,1,4,4,4,4,8,2,2,4,4,4,5,4,4,4,4,4,4,4,4,4,4,1,1,1,4,4,4,2,2,2,2,2,2,2,2,7,7,7,7,7,7,7,7","0.000890970230102539","fast_greedy","edit-xhwikibooks.graphml"
"0.66","0.09","0.25","0.731305122912366","1,1,1,1,1,3,1,3,3,8,2,1,3,3,3,5,8,2,2,1,4,6,3,3,3,3,3,5,1,8,2,2,1,1,2,2,7,3,4,4,4,4,6,6,6,6,4,6,6,6,4,4,4,4,4,6,6,6,6,4,3,4,4,3,3,4,4,4,4,4,6,4,3,3,4,4,4,4,4,4,4,3,5,5,5,1,4,4,4,4,8,2,2,4,4,4,5,4,4,4,4,4,4,4,4,4,4,1,1,1,4,4,4,2,2,2,2,2,2,2,2,7,7,7,7,7,7,7,7","0.000895977020263672","fast_greedy","edit-xhwikibooks.graphml"
"0.65","0.1","0.25","0.731305122912366","1,1,1,1,1,3,1,3,3,8,2,1,3,3,3,5,8,2,2,1,4,6,3,3,3,3,3,5,1,8,2,2,1,1,2,2,7,3,4,4,4,4,6,6,6,6,4,6,6,6,4,4,4,4,4,6,6,6,6,4,3,4,4,3,3,4,4,4,4,4,6,4,3,3,4,4,4,4,4,4,4,3,5,5,5,1,4,4,4,4,8,2,2,4,4,4,5,4,4,4,4,4,4,4,4,4,4,1,1,1,4,4,4,2,2,2,2,2,2,2,2,7,7,7,7,7,7,7,7","0.00089716911315918","fast_greedy","edit-xhwikibooks.graphml"
"0.64","0.11","0.25","0.731305122912366","1,1,1,1,1,3,1,3,3,8,2,1,3,3,3,5,8,2,2,1,4,6,3,3,3,3,3,5,1,8,2,2,1,1,2,2,7,3,4,4,4,4,6,6,6,6,4,6,6,6,4,4,4,4,4,6,6,6,6,4,3,4,4,3,3,4,4,4,4,4,6,4,3,3,4,4,4,4,4,4,4,3,5,5,5,1,4,4,4,4,8,2,2,4,4,4,5,4,4,4,4,4,4,4,4,4,4,1,1,1,4,4,4,2,2,2,2,2,2,2,2,7,7,7,7,7,7,7,7","0.00110602378845215","fast_greedy","edit-xhwikibooks.graphml"
"0.63","0.12","0.25","0.731305122912366","1,1,1,1,1,3,1,3,3,8,2,1,3,3,3,5,8,2,2,1,4,6,3,3,3,3,3,5,1,8,2,2,1,1,2,2,7,3,4,4,4,4,6,6,6,6,4,6,6,6,4,4,4,4,4,6,6,6,6,4,3,4,4,3,3,4,4,4,4,4,6,4,3,3,4,4,4,4,4,4,4,3,5,5,5,1,4,4,4,4,8,2,2,4,4,4,5,4,4,4,4,4,4,4,4,4,4,1,1,1,4,4,4,2,2,2,2,2,2,2,2,7,7,7,7,7,7,7,7","0.000878095626831055","fast_greedy","edit-xhwikibooks.graphml"
"0.62","0.13","0.25","0.731305122912366","1,1,1,1,1,3,1,3,3,8,2,1,3,3,3,5,8,2,2,1,4,6,3,3,3,3,3,5,1,8,2,2,1,1,2,2,7,3,4,4,4,4,6,6,6,6,4,6,6,6,4,4,4,4,4,6,6,6,6,4,3,4,4,3,3,4,4,4,4,4,6,4,3,3,4,4,4,4,4,4,4,3,5,5,5,1,4,4,4,4,8,2,2,4,4,4,5,4,4,4,4,4,4,4,4,4,4,1,1,1,4,4,4,2,2,2,2,2,2,2,2,7,7,7,7,7,7,7,7","0.00087285041809082","fast_greedy","edit-xhwikibooks.graphml"
"0.61","0.14","0.25","0.731305122912366","1,1,1,1,1,3,1,3,3,8,2,1,3,3,3,5,8,2,2,1,4,6,3,3,3,3,3,5,1,8,2,2,1,1,2,2,7,3,4,4,4,4,6,6,6,6,4,6,6,6,4,4,4,4,4,6,6,6,6,4,3,4,4,3,3,4,4,4,4,4,6,4,3,3,4,4,4,4,4,4,4,3,5,5,5,1,4,4,4,4,8,2,2,4,4,4,5,4,4,4,4,4,4,4,4,4,4,1,1,1,4,4,4,2,2,2,2,2,2,2,2,7,7,7,7,7,7,7,7","0.000905990600585938","fast_greedy","edit-xhwikibooks.graphml"
"0.6","0.15","0.25","0.731305122912366","1,1,1,1,1,3,1,3,3,8,2,1,3,3,3,5,8,2,2,1,4,6,3,3,3,3,3,5,1,8,2,2,1,1,2,2,7,3,4,4,4,4,6,6,6,6,4,6,6,6,4,4,4,4,4,6,6,6,6,4,3,4,4,3,3,4,4,4,4,4,6,4,3,3,4,4,4,4,4,4,4,3,5,5,5,1,4,4,4,4,8,2,2,4,4,4,5,4,4,4,4,4,4,4,4,4,4,1,1,1,4,4,4,2,2,2,2,2,2,2,2,7,7,7,7,7,7,7,7","0.000921010971069336","fast_greedy","edit-xhwikibooks.graphml"
"0.59","0.16","0.25","0.731305122912366","1,1,1,1,1,3,1,3,3,8,2,1,3,3,3,5,8,2,2,1,4,6,3,3,3,3,3,5,1,8,2,2,1,1,2,2,7,3,4,4,4,4,6,6,6,6,4,6,6,6,4,4,4,4,4,6,6,6,6,4,3,4,4,3,3,4,4,4,4,4,6,4,3,3,4,4,4,4,4,4,4,3,5,5,5,1,4,4,4,4,8,2,2,4,4,4,5,4,4,4,4,4,4,4,4,4,4,1,1,1,4,4,4,2,2,2,2,2,2,2,2,7,7,7,7,7,7,7,7","0.00100994110107422","fast_greedy","edit-xhwikibooks.graphml"
"0.58","0.17","0.25","0.736336711555371","1,1,1,1,1,2,1,2,2,9,1,4,2,2,2,5,9,1,7,4,3,6,2,2,2,2,2,5,1,9,1,7,4,4,7,7,8,2,3,3,3,3,6,6,6,6,3,6,6,6,3,3,3,3,3,6,6,6,6,3,2,3,3,2,2,3,3,3,3,3,6,3,2,2,3,3,3,3,3,3,3,2,5,5,5,1,3,3,3,3,9,1,7,3,3,3,5,3,3,3,3,3,3,3,3,3,3,4,4,4,3,3,3,7,7,7,7,7,7,7,7,8,8,8,8,8,8,8,8","0.000921964645385742","fast_greedy","edit-xhwikibooks.graphml"
"0.57","0.18","0.25","0.736336711555371","1,1,1,1,1,2,1,2,2,9,1,4,2,2,2,5,9,1,7,4,3,6,2,2,2,2,2,5,1,9,1,7,4,4,7,7,8,2,3,3,3,3,6,6,6,6,3,6,6,6,3,3,3,3,3,6,6,6,6,3,2,3,3,2,2,3,3,3,3,3,6,3,2,2,3,3,3,3,3,3,3,2,5,5,5,1,3,3,3,3,9,1,7,3,3,3,5,3,3,3,3,3,3,3,3,3,3,4,4,4,3,3,3,7,7,7,7,7,7,7,7,8,8,8,8,8,8,8,8","0.000854969024658203","fast_greedy","edit-xhwikibooks.graphml"
"0.56","0.19","0.25","0.736336711555371","1,1,1,1,1,2,1,2,2,9,1,4,2,2,2,5,9,1,7,4,3,6,2,2,2,2,2,5,1,9,1,7,4,4,7,7,8,2,3,3,3,3,6,6,6,6,3,6,6,6,3,3,3,3,3,6,6,6,6,3,2,3,3,2,2,3,3,3,3,3,6,3,2,2,3,3,3,3,3,3,3,2,5,5,5,1,3,3,3,3,9,1,7,3,3,3,5,3,3,3,3,3,3,3,3,3,3,4,4,4,3,3,3,7,7,7,7,7,7,7,7,8,8,8,8,8,8,8,8","0.000880002975463867","fast_greedy","edit-xhwikibooks.graphml"
"0.55","0.2","0.25","0.736336711555371","1,1,1,1,1,2,1,2,2,9,1,4,2,2,2,5,9,1,7,4,3,6,2,2,2,2,2,5,1,9,1,7,4,4,7,7,8,2,3,3,3,3,6,6,6,6,3,6,6,6,3,3,3,3,3,6,6,6,6,3,2,3,3,2,2,3,3,3,3,3,6,3,2,2,3,3,3,3,3,3,3,2,5,5,5,1,3,3,3,3,9,1,7,3,3,3,5,3,3,3,3,3,3,3,3,3,3,4,4,4,3,3,3,7,7,7,7,7,7,7,7,8,8,8,8,8,8,8,8","0.000893831253051758","fast_greedy","edit-xhwikibooks.graphml"
"0.54","0.21","0.25","0.736336711555371","1,1,1,1,1,2,1,2,2,9,1,4,2,2,2,5,9,1,7,4,3,6,2,2,2,2,2,5,1,9,1,7,4,4,7,7,8,2,3,3,3,3,6,6,6,6,3,6,6,6,3,3,3,3,3,6,6,6,6,3,2,3,3,2,2,3,3,3,3,3,6,3,2,2,3,3,3,3,3,3,3,2,5,5,5,1,3,3,3,3,9,1,7,3,3,3,5,3,3,3,3,3,3,3,3,3,3,4,4,4,3,3,3,7,7,7,7,7,7,7,7,8,8,8,8,8,8,8,8","0.000883102416992188","fast_greedy","edit-xhwikibooks.graphml"
"0.53","0.22","0.25","0.736336711555371","1,1,1,1,1,2,1,2,2,9,1,4,2,2,2,5,9,1,7,4,3,6,2,2,2,2,2,5,1,9,1,7,4,4,7,7,8,2,3,3,3,3,6,6,6,6,3,6,6,6,3,3,3,3,3,6,6,6,6,3,2,3,3,2,2,3,3,3,3,3,6,3,2,2,3,3,3,3,3,3,3,2,5,5,5,1,3,3,3,3,9,1,7,3,3,3,5,3,3,3,3,3,3,3,3,3,3,4,4,4,3,3,3,7,7,7,7,7,7,7,7,8,8,8,8,8,8,8,8","0.000902891159057617","fast_greedy","edit-xhwikibooks.graphml"
"0.52","0.23","0.25","0.736336711555371","1,1,1,1,1,2,1,2,2,9,1,4,2,2,2,5,9,1,7,4,3,6,2,2,2,2,2,5,1,9,1,7,4,4,7,7,8,2,3,3,3,3,6,6,6,6,3,6,6,6,3,3,3,3,3,6,6,6,6,3,2,3,3,2,2,3,3,3,3,3,6,3,2,2,3,3,3,3,3,3,3,2,5,5,5,1,3,3,3,3,9,1,7,3,3,3,5,3,3,3,3,3,3,3,3,3,3,4,4,4,3,3,3,7,7,7,7,7,7,7,7,8,8,8,8,8,8,8,8","0.000946998596191406","fast_greedy","edit-xhwikibooks.graphml"
"0.51","0.24","0.25","0.736336711555371","1,1,1,1,1,2,1,2,2,9,1,4,2,2,2,5,9,1,7,4,3,6,2,2,2,2,2,5,1,9,1,7,4,4,7,7,8,2,3,3,3,3,6,6,6,6,3,6,6,6,3,3,3,3,3,6,6,6,6,3,2,3,3,2,2,3,3,3,3,3,6,3,2,2,3,3,3,3,3,3,3,2,5,5,5,1,3,3,3,3,9,1,7,3,3,3,5,3,3,3,3,3,3,3,3,3,3,4,4,4,3,3,3,7,7,7,7,7,7,7,7,8,8,8,8,8,8,8,8","0.000864982604980469","fast_greedy","edit-xhwikibooks.graphml"
"0.5","0.25","0.25","0.736336711555371","1,1,1,1,1,2,1,2,2,9,1,4,2,2,2,5,9,1,7,4,3,6,2,2,2,2,2,5,1,9,1,7,4,4,7,7,8,2,3,3,3,3,6,6,6,6,3,6,6,6,3,3,3,3,3,6,6,6,6,3,2,3,3,2,2,3,3,3,3,3,6,3,2,2,3,3,3,3,3,3,3,2,5,5,5,1,3,3,3,3,9,1,7,3,3,3,5,3,3,3,3,3,3,3,3,3,3,4,4,4,3,3,3,7,7,7,7,7,7,7,7,8,8,8,8,8,8,8,8","0.000880002975463867","fast_greedy","edit-xhwikibooks.graphml"
"0.49","0.26","0.25","0.723913905971037","1,2,1,1,1,2,1,2,2,2,1,1,2,2,2,4,2,1,6,1,3,5,2,2,2,2,2,4,2,2,1,6,1,1,6,6,7,2,3,3,3,3,5,5,5,5,3,5,5,5,3,3,3,3,3,5,5,5,5,3,8,3,3,2,2,3,3,3,3,3,5,3,2,2,3,3,3,3,3,3,3,2,4,4,4,9,3,3,3,3,10,11,12,3,3,3,4,3,3,3,3,3,3,3,3,3,3,1,1,1,3,3,3,6,6,6,6,6,6,6,6,7,7,7,7,7,7,7,7","0.00085902214050293","fast_greedy","edit-xhwikibooks.graphml"
"0.48","0.27","0.25","0.723913905971037","1,2,1,1,1,2,1,2,2,2,1,1,2,2,2,4,2,1,6,1,3,5,2,2,2,2,2,4,2,2,1,6,1,1,6,6,7,2,3,3,3,3,5,5,5,5,3,5,5,5,3,3,3,3,3,5,5,5,5,3,8,3,3,2,2,3,3,3,3,3,5,3,2,2,3,3,3,3,3,3,3,2,4,4,4,9,3,3,3,3,10,11,12,3,3,3,4,3,3,3,3,3,3,3,3,3,3,1,1,1,3,3,3,6,6,6,6,6,6,6,6,7,7,7,7,7,7,7,7","0.000885963439941406","fast_greedy","edit-xhwikibooks.graphml"
"0.47","0.28","0.25","0.723913905971037","1,2,1,1,1,2,1,2,2,2,1,1,2,2,2,4,2,1,6,1,3,5,2,2,2,2,2,4,2,2,1,6,1,1,6,6,7,2,3,3,3,3,5,5,5,5,3,5,5,5,3,3,3,3,3,5,5,5,5,3,8,3,3,2,2,3,3,3,3,3,5,3,2,2,3,3,3,3,3,3,3,2,4,4,4,9,3,3,3,3,10,11,12,3,3,3,4,3,3,3,3,3,3,3,3,3,3,1,1,1,3,3,3,6,6,6,6,6,6,6,6,7,7,7,7,7,7,7,7","0.000943899154663086","fast_greedy","edit-xhwikibooks.graphml"
"0.46","0.29","0.25","0.723913905971037","1,2,1,1,1,2,1,2,2,2,1,1,2,2,2,4,2,1,6,1,3,5,2,2,2,2,2,4,2,2,1,6,1,1,6,6,7,2,3,3,3,3,5,5,5,5,3,5,5,5,3,3,3,3,3,5,5,5,5,3,8,3,3,2,2,3,3,3,3,3,5,3,2,2,3,3,3,3,3,3,3,2,4,4,4,9,3,3,3,3,10,11,12,3,3,3,4,3,3,3,3,3,3,3,3,3,3,1,1,1,3,3,3,6,6,6,6,6,6,6,6,7,7,7,7,7,7,7,7","0.000879049301147461","fast_greedy","edit-xhwikibooks.graphml"
"0.45","0.3","0.25","0.723913905971037","1,2,1,1,1,2,1,2,2,2,1,1,2,2,2,4,2,1,6,1,3,5,2,2,2,2,2,4,2,2,1,6,1,1,6,6,7,2,3,3,3,3,5,5,5,5,3,5,5,5,3,3,3,3,3,5,5,5,5,3,8,3,3,2,2,3,3,3,3,3,5,3,2,2,3,3,3,3,3,3,3,2,4,4,4,9,3,3,3,3,10,11,12,3,3,3,4,3,3,3,3,3,3,3,3,3,3,1,1,1,3,3,3,6,6,6,6,6,6,6,6,7,7,7,7,7,7,7,7","0.00084996223449707","fast_greedy","edit-xhwikibooks.graphml"
"0.44","0.31","0.25","0.723913905971037","1,2,1,1,1,2,1,2,2,2,1,1,2,2,2,4,2,1,6,1,3,5,2,2,2,2,2,4,2,2,1,6,1,1,6,6,7,2,3,3,3,3,5,5,5,5,3,5,5,5,3,3,3,3,3,5,5,5,5,3,8,3,3,2,2,3,3,3,3,3,5,3,2,2,3,3,3,3,3,3,3,2,4,4,4,9,3,3,3,3,10,11,12,3,3,3,4,3,3,3,3,3,3,3,3,3,3,1,1,1,3,3,3,6,6,6,6,6,6,6,6,7,7,7,7,7,7,7,7","0.000845193862915039","fast_greedy","edit-xhwikibooks.graphml"
"0.43","0.32","0.25","0.723913905971037","1,2,1,1,1,2,1,2,2,2,1,1,2,2,2,4,2,1,6,1,3,5,2,2,2,2,2,4,2,2,1,6,1,1,6,6,7,2,3,3,3,3,5,5,5,5,3,5,5,5,3,3,3,3,3,5,5,5,5,3,8,3,3,2,2,3,3,3,3,3,5,3,2,2,3,3,3,3,3,3,3,2,4,4,4,9,3,3,3,3,10,11,12,3,3,3,4,3,3,3,3,3,3,3,3,3,3,1,1,1,3,3,3,6,6,6,6,6,6,6,6,7,7,7,7,7,7,7,7","0.000873804092407227","fast_greedy","edit-xhwikibooks.graphml"
"0.42","0.33","0.25","0.723913905971037","1,2,1,1,1,2,1,2,2,2,1,1,2,2,2,4,2,1,6,1,3,5,2,2,2,2,2,4,2,2,1,6,1,1,6,6,7,2,3,3,3,3,5,5,5,5,3,5,5,5,3,3,3,3,3,5,5,5,5,3,8,3,3,2,2,3,3,3,3,3,5,3,2,2,3,3,3,3,3,3,3,2,4,4,4,9,3,3,3,3,10,11,12,3,3,3,4,3,3,3,3,3,3,3,3,3,3,1,1,1,3,3,3,6,6,6,6,6,6,6,6,7,7,7,7,7,7,7,7","0.000890016555786133","fast_greedy","edit-xhwikibooks.graphml"
"0.41","0.34","0.25","0.729228813144897","2,2,2,2,2,1,2,1,1,1,2,4,1,1,1,5,1,2,7,4,3,6,1,1,1,1,1,5,2,1,2,7,4,4,7,7,8,1,3,3,3,3,6,6,6,6,3,6,6,6,3,3,3,3,3,6,6,6,6,3,9,3,3,1,1,3,3,3,3,3,6,3,1,1,3,3,3,3,3,3,3,1,5,5,5,10,3,3,3,3,11,12,13,3,3,3,5,3,3,3,3,3,3,3,3,3,3,4,4,4,3,3,3,7,7,7,7,7,7,7,7,8,8,8,8,8,8,8,8","0.000902891159057617","fast_greedy","edit-xhwikibooks.graphml"
"0.4","0.35","0.25","0.729228813144897","2,2,2,2,2,1,2,1,1,1,2,4,1,1,1,5,1,2,7,4,3,6,1,1,1,1,1,5,2,1,2,7,4,4,7,7,8,1,3,3,3,3,6,6,6,6,3,6,6,6,3,3,3,3,3,6,6,6,6,3,9,3,3,1,1,3,3,3,3,3,6,3,1,1,3,3,3,3,3,3,3,1,5,5,5,10,3,3,3,3,11,12,13,3,3,3,5,3,3,3,3,3,3,3,3,3,3,4,4,4,3,3,3,7,7,7,7,7,7,7,7,8,8,8,8,8,8,8,8","0.000904083251953125","fast_greedy","edit-xhwikibooks.graphml"
"0.39","0.36","0.25","0.729228813144897","2,2,2,2,2,1,2,1,1,1,2,4,1,1,1,5,1,2,7,4,3,6,1,1,1,1,1,5,2,1,2,7,4,4,7,7,8,1,3,3,3,3,6,6,6,6,3,6,6,6,3,3,3,3,3,6,6,6,6,3,9,3,3,1,1,3,3,3,3,3,6,3,1,1,3,3,3,3,3,3,3,1,5,5,5,10,3,3,3,3,11,12,13,3,3,3,5,3,3,3,3,3,3,3,3,3,3,4,4,4,3,3,3,7,7,7,7,7,7,7,7,8,8,8,8,8,8,8,8","0.0010840892791748","fast_greedy","edit-xhwikibooks.graphml"
"0.38","0.37","0.25","0.729228813144897","2,2,2,2,2,1,2,1,1,1,2,4,1,1,1,5,1,2,7,4,3,6,1,1,1,1,1,5,2,1,2,7,4,4,7,7,8,1,3,3,3,3,6,6,6,6,3,6,6,6,3,3,3,3,3,6,6,6,6,3,9,3,3,1,1,3,3,3,3,3,6,3,1,1,3,3,3,3,3,3,3,1,5,5,5,10,3,3,3,3,11,12,13,3,3,3,5,3,3,3,3,3,3,3,3,3,3,4,4,4,3,3,3,7,7,7,7,7,7,7,7,8,8,8,8,8,8,8,8","0.000869989395141602","fast_greedy","edit-xhwikibooks.graphml"
"0.37","0.38","0.25","0.729228813144897","2,2,2,2,2,1,2,1,1,1,2,4,1,1,1,5,1,2,7,4,3,6,1,1,1,1,1,5,2,1,2,7,4,4,7,7,8,1,3,3,3,3,6,6,6,6,3,6,6,6,3,3,3,3,3,6,6,6,6,3,9,3,3,1,1,3,3,3,3,3,6,3,1,1,3,3,3,3,3,3,3,1,5,5,5,10,3,3,3,3,11,12,13,3,3,3,5,3,3,3,3,3,3,3,3,3,3,4,4,4,3,3,3,7,7,7,7,7,7,7,7,8,8,8,8,8,8,8,8","0.000876188278198242","fast_greedy","edit-xhwikibooks.graphml"
"0.36","0.39","0.25","0.729228813144897","2,2,2,2,2,1,2,1,1,1,2,4,1,1,1,5,1,2,7,4,3,6,1,1,1,1,1,5,2,1,2,7,4,4,7,7,8,1,3,3,3,3,6,6,6,6,3,6,6,6,3,3,3,3,3,6,6,6,6,3,9,3,3,1,1,3,3,3,3,3,6,3,1,1,3,3,3,3,3,3,3,1,5,5,5,10,3,3,3,3,11,12,13,3,3,3,5,3,3,3,3,3,3,3,3,3,3,4,4,4,3,3,3,7,7,7,7,7,7,7,7,8,8,8,8,8,8,8,8","0.000854969024658203","fast_greedy","edit-xhwikibooks.graphml"
"0.35","0.4","0.25","0.729228813144897","2,2,2,2,2,1,2,1,1,1,2,4,1,1,1,5,1,2,7,4,3,6,1,1,1,1,1,5,2,1,2,7,4,4,7,7,8,1,3,3,3,3,6,6,6,6,3,6,6,6,3,3,3,3,3,6,6,6,6,3,9,3,3,1,1,3,3,3,3,3,6,3,1,1,3,3,3,3,3,3,3,1,5,5,5,10,3,3,3,3,11,12,13,3,3,3,5,3,3,3,3,3,3,3,3,3,3,4,4,4,3,3,3,7,7,7,7,7,7,7,7,8,8,8,8,8,8,8,8","0.00103998184204102","fast_greedy","edit-xhwikibooks.graphml"
"0.34","0.41","0.25","0.729228813144897","2,2,2,2,2,1,2,1,1,1,2,4,1,1,1,5,1,2,7,4,3,6,1,1,1,1,1,5,2,1,2,7,4,4,7,7,8,1,3,3,3,3,6,6,6,6,3,6,6,6,3,3,3,3,3,6,6,6,6,3,9,3,3,1,1,3,3,3,3,3,6,3,1,1,3,3,3,3,3,3,3,1,5,5,5,10,3,3,3,3,11,12,13,3,3,3,5,3,3,3,3,3,3,3,3,3,3,4,4,4,3,3,3,7,7,7,7,7,7,7,7,8,8,8,8,8,8,8,8","0.00085902214050293","fast_greedy","edit-xhwikibooks.graphml"
"0.33","0.42","0.25","0.729228813144897","2,2,2,2,2,1,2,1,1,1,2,4,1,1,1,5,1,2,7,4,3,6,1,1,1,1,1,5,2,1,2,7,4,4,7,7,8,1,3,3,3,3,6,6,6,6,3,6,6,6,3,3,3,3,3,6,6,6,6,3,9,3,3,1,1,3,3,3,3,3,6,3,1,1,3,3,3,3,3,3,3,1,5,5,5,10,3,3,3,3,11,12,13,3,3,3,5,3,3,3,3,3,3,3,3,3,3,4,4,4,3,3,3,7,7,7,7,7,7,7,7,8,8,8,8,8,8,8,8","0.000864982604980469","fast_greedy","edit-xhwikibooks.graphml"
"0.32","0.43","0.25","0.729228813144897","2,2,2,2,2,1,2,1,1,1,2,4,1,1,1,5,1,2,7,4,3,6,1,1,1,1,1,5,2,1,2,7,4,4,7,7,8,1,3,3,3,3,6,6,6,6,3,6,6,6,3,3,3,3,3,6,6,6,6,3,9,3,3,1,1,3,3,3,3,3,6,3,1,1,3,3,3,3,3,3,3,1,5,5,5,10,3,3,3,3,11,12,13,3,3,3,5,3,3,3,3,3,3,3,3,3,3,4,4,4,3,3,3,7,7,7,7,7,7,7,7,8,8,8,8,8,8,8,8","0.000871181488037109","fast_greedy","edit-xhwikibooks.graphml"
"0.31","0.44","0.25","0.729228813144897","2,2,2,2,2,1,2,1,1,1,2,4,1,1,1,5,1,2,7,4,3,6,1,1,1,1,1,5,2,1,2,7,4,4,7,7,8,1,3,3,3,3,6,6,6,6,3,6,6,6,3,3,3,3,3,6,6,6,6,3,9,3,3,1,1,3,3,3,3,3,6,3,1,1,3,3,3,3,3,3,3,1,5,5,5,10,3,3,3,3,11,12,13,3,3,3,5,3,3,3,3,3,3,3,3,3,3,4,4,4,3,3,3,7,7,7,7,7,7,7,7,8,8,8,8,8,8,8,8","0.000875949859619141","fast_greedy","edit-xhwikibooks.graphml"
"0.3","0.45","0.25","0.729228813144897","2,2,2,2,2,1,2,1,1,1,2,4,1,1,1,5,1,2,7,4,3,6,1,1,1,1,1,5,2,1,2,7,4,4,7,7,8,1,3,3,3,3,6,6,6,6,3,6,6,6,3,3,3,3,3,6,6,6,6,3,9,3,3,1,1,3,3,3,3,3,6,3,1,1,3,3,3,3,3,3,3,1,5,5,5,10,3,3,3,3,11,12,13,3,3,3,5,3,3,3,3,3,3,3,3,3,3,4,4,4,3,3,3,7,7,7,7,7,7,7,7,8,8,8,8,8,8,8,8","0.000866889953613281","fast_greedy","edit-xhwikibooks.graphml"
"0.29","0.46","0.25","0.729228813144897","2,2,2,2,2,1,2,1,1,1,2,4,1,1,1,5,1,2,7,4,3,6,1,1,1,1,1,5,2,1,2,7,4,4,7,7,8,1,3,3,3,3,6,6,6,6,3,6,6,6,3,3,3,3,3,6,6,6,6,3,9,3,3,1,1,3,3,3,3,3,6,3,1,1,3,3,3,3,3,3,3,1,5,5,5,10,3,3,3,3,11,12,13,3,3,3,5,3,3,3,3,3,3,3,3,3,3,4,4,4,3,3,3,7,7,7,7,7,7,7,7,8,8,8,8,8,8,8,8","0.000885009765625","fast_greedy","edit-xhwikibooks.graphml"
"0.28","0.47","0.25","0.729228813144897","2,2,2,2,2,1,2,1,1,1,2,4,1,1,1,5,1,2,7,4,3,6,1,1,1,1,1,5,2,1,2,7,4,4,7,7,8,1,3,3,3,3,6,6,6,6,3,6,6,6,3,3,3,3,3,6,6,6,6,3,9,3,3,1,1,3,3,3,3,3,6,3,1,1,3,3,3,3,3,3,3,1,5,5,5,10,3,3,3,3,11,12,13,3,3,3,5,3,3,3,3,3,3,3,3,3,3,4,4,4,3,3,3,7,7,7,7,7,7,7,7,8,8,8,8,8,8,8,8","0.000914096832275391","fast_greedy","edit-xhwikibooks.graphml"
"0.27","0.48","0.25","0.729228813144897","2,2,2,2,2,1,2,1,1,1,2,4,1,1,1,5,1,2,7,4,3,6,1,1,1,1,1,5,2,1,2,7,4,4,7,7,8,1,3,3,3,3,6,6,6,6,3,6,6,6,3,3,3,3,3,6,6,6,6,3,9,3,3,1,1,3,3,3,3,3,6,3,1,1,3,3,3,3,3,3,3,1,5,5,5,10,3,3,3,3,11,12,13,3,3,3,5,3,3,3,3,3,3,3,3,3,3,4,4,4,3,3,3,7,7,7,7,7,7,7,7,8,8,8,8,8,8,8,8","0.000931978225708008","fast_greedy","edit-xhwikibooks.graphml"
"0.26","0.49","0.25","0.729228813144897","2,2,2,2,2,1,2,1,1,1,2,4,1,1,1,5,1,2,7,4,3,6,1,1,1,1,1,5,2,1,2,7,4,4,7,7,8,1,3,3,3,3,6,6,6,6,3,6,6,6,3,3,3,3,3,6,6,6,6,3,9,3,3,1,1,3,3,3,3,3,6,3,1,1,3,3,3,3,3,3,3,1,5,5,5,10,3,3,3,3,11,12,13,3,3,3,5,3,3,3,3,3,3,3,3,3,3,4,4,4,3,3,3,7,7,7,7,7,7,7,7,8,8,8,8,8,8,8,8","0.000993967056274414","fast_greedy","edit-xhwikibooks.graphml"
"0.25","0.5","0.25","0.738718054875983","2,2,2,2,2,1,2,1,1,1,2,4,1,1,1,5,1,2,7,4,3,6,1,1,1,1,1,5,2,1,2,7,4,4,7,7,8,1,3,3,3,3,6,6,6,6,3,6,6,6,3,3,3,3,3,6,6,6,6,3,9,3,3,1,1,3,3,3,3,3,6,3,1,1,3,3,3,3,3,3,3,1,5,5,5,10,3,3,3,3,11,12,13,3,3,3,5,3,3,3,3,3,3,3,3,3,3,4,4,4,3,3,3,7,7,7,7,7,7,7,7,8,8,8,8,8,8,8,8","0.000885963439941406","fast_greedy","edit-xhwikibooks.graphml"
"0.24","0.51","0.25","0.730616429578367","1,1,1,1,2,1,2,7,7,1,2,2,7,7,7,1,8,2,2,2,3,4,7,7,7,7,7,1,1,9,10,2,2,2,5,5,6,7,3,3,3,3,4,4,4,4,3,4,4,4,3,3,3,3,3,4,4,4,4,3,11,3,3,12,13,3,3,3,3,3,4,3,7,7,3,3,3,3,3,3,3,14,1,1,1,15,3,3,3,3,16,17,18,3,3,3,19,3,3,3,3,3,3,3,3,3,3,20,21,3,3,3,3,5,5,5,5,5,5,5,5,6,6,6,6,6,6,6,6","0.000864982604980469","fast_greedy","edit-xhwikibooks.graphml"
"0.23","0.52","0.25","0.730616429578367","1,1,1,1,2,1,2,7,7,1,2,2,7,7,7,1,8,2,2,2,3,4,7,7,7,7,7,1,1,9,10,2,2,2,5,5,6,7,3,3,3,3,4,4,4,4,3,4,4,4,3,3,3,3,3,4,4,4,4,3,11,3,3,12,13,3,3,3,3,3,4,3,7,7,3,3,3,3,3,3,3,14,1,1,1,15,3,3,3,3,16,17,18,3,3,3,19,3,3,3,3,3,3,3,3,3,3,20,21,3,3,3,3,5,5,5,5,5,5,5,5,6,6,6,6,6,6,6,6","0.000874996185302734","fast_greedy","edit-xhwikibooks.graphml"
"0.22","0.53","0.25","0.730616429578367","1,1,1,1,2,1,2,7,7,1,2,2,7,7,7,1,8,2,2,2,3,4,7,7,7,7,7,1,1,9,10,2,2,2,5,5,6,7,3,3,3,3,4,4,4,4,3,4,4,4,3,3,3,3,3,4,4,4,4,3,11,3,3,12,13,3,3,3,3,3,4,3,7,7,3,3,3,3,3,3,3,14,1,1,1,15,3,3,3,3,16,17,18,3,3,3,19,3,3,3,3,3,3,3,3,3,3,20,21,3,3,3,3,5,5,5,5,5,5,5,5,6,6,6,6,6,6,6,6","0.000874996185302734","fast_greedy","edit-xhwikibooks.graphml"
"0.21","0.54","0.25","0.730616429578367","1,1,1,1,2,1,2,7,7,1,2,2,7,7,7,1,8,2,2,2,3,4,7,7,7,7,7,1,1,9,10,2,2,2,5,5,6,7,3,3,3,3,4,4,4,4,3,4,4,4,3,3,3,3,3,4,4,4,4,3,11,3,3,12,13,3,3,3,3,3,4,3,7,7,3,3,3,3,3,3,3,14,1,1,1,15,3,3,3,3,16,17,18,3,3,3,19,3,3,3,3,3,3,3,3,3,3,20,21,3,3,3,3,5,5,5,5,5,5,5,5,6,6,6,6,6,6,6,6","0.000890016555786133","fast_greedy","edit-xhwikibooks.graphml"
"0.2","0.55","0.25","0.730616429578367","1,1,1,1,2,1,2,7,7,1,2,2,7,7,7,1,8,2,2,2,3,4,7,7,7,7,7,1,1,9,10,2,2,2,5,5,6,7,3,3,3,3,4,4,4,4,3,4,4,4,3,3,3,3,3,4,4,4,4,3,11,3,3,12,13,3,3,3,3,3,4,3,7,7,3,3,3,3,3,3,3,14,1,1,1,15,3,3,3,3,16,17,18,3,3,3,19,3,3,3,3,3,3,3,3,3,3,20,21,3,3,3,3,5,5,5,5,5,5,5,5,6,6,6,6,6,6,6,6","0.000899076461791992","fast_greedy","edit-xhwikibooks.graphml"
"0.19","0.56","0.25","0.730616429578367","1,1,1,1,2,1,2,7,7,1,2,2,7,7,7,1,8,2,2,2,3,4,7,7,7,7,7,1,1,9,10,2,2,2,5,5,6,7,3,3,3,3,4,4,4,4,3,4,4,4,3,3,3,3,3,4,4,4,4,3,11,3,3,12,13,3,3,3,3,3,4,3,7,7,3,3,3,3,3,3,3,14,1,1,1,15,3,3,3,3,16,17,18,3,3,3,19,3,3,3,3,3,3,3,3,3,3,20,21,3,3,3,3,5,5,5,5,5,5,5,5,6,6,6,6,6,6,6,6","0.00093388557434082","fast_greedy","edit-xhwikibooks.graphml"
"0.18","0.57","0.25","0.730616429578367","1,1,1,1,2,1,2,7,7,1,2,2,7,7,7,1,8,2,2,2,3,4,7,7,7,7,7,1,1,9,10,2,2,2,5,5,6,7,3,3,3,3,4,4,4,4,3,4,4,4,3,3,3,3,3,4,4,4,4,3,11,3,3,12,13,3,3,3,3,3,4,3,7,7,3,3,3,3,3,3,3,14,1,1,1,15,3,3,3,3,16,17,18,3,3,3,19,3,3,3,3,3,3,3,3,3,3,20,21,3,3,3,3,5,5,5,5,5,5,5,5,6,6,6,6,6,6,6,6","0.000906944274902344","fast_greedy","edit-xhwikibooks.graphml"
"0.17","0.58","0.25","0.730616429578367","1,1,1,1,2,1,2,7,7,1,2,2,7,7,7,1,8,2,2,2,3,4,7,7,7,7,7,1,1,9,10,2,2,2,5,5,6,7,3,3,3,3,4,4,4,4,3,4,4,4,3,3,3,3,3,4,4,4,4,3,11,3,3,12,13,3,3,3,3,3,4,3,7,7,3,3,3,3,3,3,3,14,1,1,1,15,3,3,3,3,16,17,18,3,3,3,19,3,3,3,3,3,3,3,3,3,3,20,21,3,3,3,3,5,5,5,5,5,5,5,5,6,6,6,6,6,6,6,6","0.000873804092407227","fast_greedy","edit-xhwikibooks.graphml"
"0.16","0.59","0.25","0.730616429578367","1,1,1,1,2,1,2,7,7,1,2,2,7,7,7,1,8,2,2,2,3,4,7,7,7,7,7,1,1,9,10,2,2,2,5,5,6,7,3,3,3,3,4,4,4,4,3,4,4,4,3,3,3,3,3,4,4,4,4,3,11,3,3,12,13,3,3,3,3,3,4,3,7,7,3,3,3,3,3,3,3,14,1,1,1,15,3,3,3,3,16,17,18,3,3,3,19,3,3,3,3,3,3,3,3,3,3,20,21,3,3,3,3,5,5,5,5,5,5,5,5,6,6,6,6,6,6,6,6","0.000874042510986328","fast_greedy","edit-xhwikibooks.graphml"
"0.15","0.6","0.25","0.730616429578367","1,1,1,1,2,1,2,7,7,1,2,2,7,7,7,1,8,2,2,2,3,4,7,7,7,7,7,1,1,9,10,2,2,2,5,5,6,7,3,3,3,3,4,4,4,4,3,4,4,4,3,3,3,3,3,4,4,4,4,3,11,3,3,12,13,3,3,3,3,3,4,3,7,7,3,3,3,3,3,3,3,14,1,1,1,15,3,3,3,3,16,17,18,3,3,3,19,3,3,3,3,3,3,3,3,3,3,20,21,3,3,3,3,5,5,5,5,5,5,5,5,6,6,6,6,6,6,6,6","0.000895023345947266","fast_greedy","edit-xhwikibooks.graphml"
"0.14","0.61","0.25","0.730616429578367","1,1,1,1,2,1,2,7,7,1,2,2,7,7,7,1,8,2,2,2,3,4,7,7,7,7,7,1,1,9,10,2,2,2,5,5,6,7,3,3,3,3,4,4,4,4,3,4,4,4,3,3,3,3,3,4,4,4,4,3,11,3,3,12,13,3,3,3,3,3,4,3,7,7,3,3,3,3,3,3,3,14,1,1,1,15,3,3,3,3,16,17,18,3,3,3,19,3,3,3,3,3,3,3,3,3,3,20,21,3,3,3,3,5,5,5,5,5,5,5,5,6,6,6,6,6,6,6,6","0.00112104415893555","fast_greedy","edit-xhwikibooks.graphml"
"0.13","0.62","0.25","0.730616429578367","1,1,1,1,2,1,2,7,7,1,2,2,7,7,7,1,8,2,2,2,3,4,7,7,7,7,7,1,1,9,10,2,2,2,5,5,6,7,3,3,3,3,4,4,4,4,3,4,4,4,3,3,3,3,3,4,4,4,4,3,11,3,3,12,13,3,3,3,3,3,4,3,7,7,3,3,3,3,3,3,3,14,1,1,1,15,3,3,3,3,16,17,18,3,3,3,19,3,3,3,3,3,3,3,3,3,3,20,21,3,3,3,3,5,5,5,5,5,5,5,5,6,6,6,6,6,6,6,6","0.00087285041809082","fast_greedy","edit-xhwikibooks.graphml"
"0.12","0.63","0.25","0.730616429578367","1,1,1,1,2,1,2,7,7,1,2,2,7,7,7,1,8,2,2,2,3,4,7,7,7,7,7,1,1,9,10,2,2,2,5,5,6,7,3,3,3,3,4,4,4,4,3,4,4,4,3,3,3,3,3,4,4,4,4,3,11,3,3,12,13,3,3,3,3,3,4,3,7,7,3,3,3,3,3,3,3,14,1,1,1,15,3,3,3,3,16,17,18,3,3,3,19,3,3,3,3,3,3,3,3,3,3,20,21,3,3,3,3,5,5,5,5,5,5,5,5,6,6,6,6,6,6,6,6","0.000870227813720703","fast_greedy","edit-xhwikibooks.graphml"
"0.11","0.64","0.25","0.730616429578367","1,1,1,1,2,1,2,7,7,1,2,2,7,7,7,1,8,2,2,2,3,4,7,7,7,7,7,1,1,9,10,2,2,2,5,5,6,7,3,3,3,3,4,4,4,4,3,4,4,4,3,3,3,3,3,4,4,4,4,3,11,3,3,12,13,3,3,3,3,3,4,3,7,7,3,3,3,3,3,3,3,14,1,1,1,15,3,3,3,3,16,17,18,3,3,3,19,3,3,3,3,3,3,3,3,3,3,20,21,3,3,3,3,5,5,5,5,5,5,5,5,6,6,6,6,6,6,6,6","0.000865936279296875","fast_greedy","edit-xhwikibooks.graphml"
"0.1","0.65","0.25","0.730616429578367","1,1,1,1,2,1,2,7,7,1,2,2,7,7,7,1,8,2,2,2,3,4,7,7,7,7,7,1,1,9,10,2,2,2,5,5,6,7,3,3,3,3,4,4,4,4,3,4,4,4,3,3,3,3,3,4,4,4,4,3,11,3,3,12,13,3,3,3,3,3,4,3,7,7,3,3,3,3,3,3,3,14,1,1,1,15,3,3,3,3,16,17,18,3,3,3,19,3,3,3,3,3,3,3,3,3,3,20,21,3,3,3,3,5,5,5,5,5,5,5,5,6,6,6,6,6,6,6,6","0.000864028930664062","fast_greedy","edit-xhwikibooks.graphml"
"0.09","0.66","0.25","0.730616429578367","1,1,1,1,2,1,2,7,7,1,2,2,7,7,7,1,8,2,2,2,3,4,7,7,7,7,7,1,1,9,10,2,2,2,5,5,6,7,3,3,3,3,4,4,4,4,3,4,4,4,3,3,3,3,3,4,4,4,4,3,11,3,3,12,13,3,3,3,3,3,4,3,7,7,3,3,3,3,3,3,3,14,1,1,1,15,3,3,3,3,16,17,18,3,3,3,19,3,3,3,3,3,3,3,3,3,3,20,21,3,3,3,3,5,5,5,5,5,5,5,5,6,6,6,6,6,6,6,6","0.00088191032409668","fast_greedy","edit-xhwikibooks.graphml"
"0.08","0.67","0.25","0.730616429578367","1,1,1,1,2,1,2,7,7,1,2,2,7,7,7,1,8,2,2,2,3,4,7,7,7,7,7,1,1,9,10,2,2,2,5,5,6,7,3,3,3,3,4,4,4,4,3,4,4,4,3,3,3,3,3,4,4,4,4,3,11,3,3,12,13,3,3,3,3,3,4,3,7,7,3,3,3,3,3,3,3,14,1,1,1,15,3,3,3,3,16,17,18,3,3,3,19,3,3,3,3,3,3,3,3,3,3,20,21,3,3,3,3,5,5,5,5,5,5,5,5,6,6,6,6,6,6,6,6","0.000891923904418945","fast_greedy","edit-xhwikibooks.graphml"
"0.07","0.68","0.25","0.730616429578367","1,1,1,1,2,1,2,7,7,1,2,2,7,7,7,1,8,2,2,2,3,4,7,7,7,7,7,1,1,9,10,2,2,2,5,5,6,7,3,3,3,3,4,4,4,4,3,4,4,4,3,3,3,3,3,4,4,4,4,3,11,3,3,12,13,3,3,3,3,3,4,3,7,7,3,3,3,3,3,3,3,14,1,1,1,15,3,3,3,3,16,17,18,3,3,3,19,3,3,3,3,3,3,3,3,3,3,20,21,3,3,3,3,5,5,5,5,5,5,5,5,6,6,6,6,6,6,6,6","0.000898122787475586","fast_greedy","edit-xhwikibooks.graphml"
"0.06","0.69","0.25","0.730616429578367","1,1,1,1,2,1,2,7,7,1,2,2,7,7,7,1,8,2,2,2,3,4,7,7,7,7,7,1,1,9,10,2,2,2,5,5,6,7,3,3,3,3,4,4,4,4,3,4,4,4,3,3,3,3,3,4,4,4,4,3,11,3,3,12,13,3,3,3,3,3,4,3,7,7,3,3,3,3,3,3,3,14,1,1,1,15,3,3,3,3,16,17,18,3,3,3,19,3,3,3,3,3,3,3,3,3,3,20,21,3,3,3,3,5,5,5,5,5,5,5,5,6,6,6,6,6,6,6,6","0.000930070877075195","fast_greedy","edit-xhwikibooks.graphml"
"0.05","0.7","0.25","0.730616429578367","1,1,1,1,2,1,2,7,7,1,2,2,7,7,7,1,8,2,2,2,3,4,7,7,7,7,7,1,1,9,10,2,2,2,5,5,6,7,3,3,3,3,4,4,4,4,3,4,4,4,3,3,3,3,3,4,4,4,4,3,11,3,3,12,13,3,3,3,3,3,4,3,7,7,3,3,3,3,3,3,3,14,1,1,1,15,3,3,3,3,16,17,18,3,3,3,19,3,3,3,3,3,3,3,3,3,3,20,21,3,3,3,3,5,5,5,5,5,5,5,5,6,6,6,6,6,6,6,6","0.000926971435546875","fast_greedy","edit-xhwikibooks.graphml"
"0.04","0.71","0.25","0.730616429578367","1,1,1,1,2,1,2,7,7,1,2,2,7,7,7,1,8,2,2,2,3,4,7,7,7,7,7,1,1,9,10,2,2,2,5,5,6,7,3,3,3,3,4,4,4,4,3,4,4,4,3,3,3,3,3,4,4,4,4,3,11,3,3,12,13,3,3,3,3,3,4,3,7,7,3,3,3,3,3,3,3,14,1,1,1,15,3,3,3,3,16,17,18,3,3,3,19,3,3,3,3,3,3,3,3,3,3,20,21,3,3,3,3,5,5,5,5,5,5,5,5,6,6,6,6,6,6,6,6","0.000933170318603516","fast_greedy","edit-xhwikibooks.graphml"
"0.03","0.72","0.25","0.730616429578367","1,1,1,1,2,1,2,7,7,1,2,2,7,7,7,1,8,2,2,2,3,4,7,7,7,7,7,1,1,9,10,2,2,2,5,5,6,7,3,3,3,3,4,4,4,4,3,4,4,4,3,3,3,3,3,4,4,4,4,3,11,3,3,12,13,3,3,3,3,3,4,3,7,7,3,3,3,3,3,3,3,14,1,1,1,15,3,3,3,3,16,17,18,3,3,3,19,3,3,3,3,3,3,3,3,3,3,20,21,3,3,3,3,5,5,5,5,5,5,5,5,6,6,6,6,6,6,6,6","0.000885963439941406","fast_greedy","edit-xhwikibooks.graphml"
"0.02","0.73","0.25","0.730616429578367","1,1,1,1,2,1,2,7,7,1,2,2,7,7,7,1,8,2,2,2,3,4,7,7,7,7,7,1,1,9,10,2,2,2,5,5,6,7,3,3,3,3,4,4,4,4,3,4,4,4,3,3,3,3,3,4,4,4,4,3,11,3,3,12,13,3,3,3,3,3,4,3,7,7,3,3,3,3,3,3,3,14,1,1,1,15,3,3,3,3,16,17,18,3,3,3,19,3,3,3,3,3,3,3,3,3,3,20,21,3,3,3,3,5,5,5,5,5,5,5,5,6,6,6,6,6,6,6,6","0.0013120174407959","fast_greedy","edit-xhwikibooks.graphml"
"0.01","0.74","0.25","0.730616429578367","1,1,1,1,2,1,2,7,7,1,2,2,7,7,7,1,8,2,2,2,3,4,7,7,7,7,7,1,1,9,10,2,2,2,5,5,6,7,3,3,3,3,4,4,4,4,3,4,4,4,3,3,3,3,3,4,4,4,4,3,11,3,3,12,13,3,3,3,3,3,4,3,7,7,3,3,3,3,3,3,3,14,1,1,1,15,3,3,3,3,16,17,18,3,3,3,19,3,3,3,3,3,3,3,3,3,3,20,21,3,3,3,3,5,5,5,5,5,5,5,5,6,6,6,6,6,6,6,6","0.000854969024658203","fast_greedy","edit-xhwikibooks.graphml"
"0","0.75","0.25","0.71595703125","1,1,1,1,1,1,3,1,6,1,3,3,6,6,6,1,8,3,5,3,2,4,6,6,6,6,6,1,1,9,10,5,3,3,5,5,7,6,2,2,2,2,4,4,4,4,2,4,4,4,2,2,2,2,2,4,4,4,4,2,11,2,2,12,13,2,2,2,2,2,4,2,6,6,2,2,2,2,2,2,2,14,1,1,1,15,2,2,2,2,16,17,18,2,2,2,19,2,2,2,2,2,2,2,2,2,2,20,21,2,2,2,2,5,5,5,5,5,5,5,5,7,7,7,7,7,7,7,7","0.000878095626831055","fast_greedy","edit-xhwikibooks.graphml"
"0.74","0","0.26","0.731305122912366","1,1,1,1,1,3,1,3,3,8,2,1,3,3,3,5,8,2,2,1,4,6,3,3,3,3,3,5,1,8,2,2,1,1,2,2,7,3,4,4,4,4,6,6,6,6,4,6,6,6,4,4,4,4,4,6,6,6,6,4,3,4,4,3,3,4,4,4,4,4,6,4,3,3,4,4,4,4,4,4,4,3,5,5,5,1,4,4,4,4,8,2,2,4,4,4,5,4,4,4,4,4,4,4,4,4,4,1,1,1,4,4,4,2,2,2,2,2,2,2,2,7,7,7,7,7,7,7,7","0.000876903533935547","fast_greedy","edit-xhwikibooks.graphml"
"0.73","0.01","0.26","0.731305122912366","1,1,1,1,1,3,1,3,3,8,2,1,3,3,3,5,8,2,2,1,4,6,3,3,3,3,3,5,1,8,2,2,1,1,2,2,7,3,4,4,4,4,6,6,6,6,4,6,6,6,4,4,4,4,4,6,6,6,6,4,3,4,4,3,3,4,4,4,4,4,6,4,3,3,4,4,4,4,4,4,4,3,5,5,5,1,4,4,4,4,8,2,2,4,4,4,5,4,4,4,4,4,4,4,4,4,4,1,1,1,4,4,4,2,2,2,2,2,2,2,2,7,7,7,7,7,7,7,7","0.000880002975463867","fast_greedy","edit-xhwikibooks.graphml"
"0.72","0.02","0.26","0.731305122912366","1,1,1,1,1,3,1,3,3,8,2,1,3,3,3,5,8,2,2,1,4,6,3,3,3,3,3,5,1,8,2,2,1,1,2,2,7,3,4,4,4,4,6,6,6,6,4,6,6,6,4,4,4,4,4,6,6,6,6,4,3,4,4,3,3,4,4,4,4,4,6,4,3,3,4,4,4,4,4,4,4,3,5,5,5,1,4,4,4,4,8,2,2,4,4,4,5,4,4,4,4,4,4,4,4,4,4,1,1,1,4,4,4,2,2,2,2,2,2,2,2,7,7,7,7,7,7,7,7","0.000880002975463867","fast_greedy","edit-xhwikibooks.graphml"
"0.71","0.03","0.26","0.731305122912366","1,1,1,1,1,3,1,3,3,8,2,1,3,3,3,5,8,2,2,1,4,6,3,3,3,3,3,5,1,8,2,2,1,1,2,2,7,3,4,4,4,4,6,6,6,6,4,6,6,6,4,4,4,4,4,6,6,6,6,4,3,4,4,3,3,4,4,4,4,4,6,4,3,3,4,4,4,4,4,4,4,3,5,5,5,1,4,4,4,4,8,2,2,4,4,4,5,4,4,4,4,4,4,4,4,4,4,1,1,1,4,4,4,2,2,2,2,2,2,2,2,7,7,7,7,7,7,7,7","0.000900030136108398","fast_greedy","edit-xhwikibooks.graphml"
"0.7","0.04","0.26","0.731305122912366","1,1,1,1,1,3,1,3,3,8,2,1,3,3,3,5,8,2,2,1,4,6,3,3,3,3,3,5,1,8,2,2,1,1,2,2,7,3,4,4,4,4,6,6,6,6,4,6,6,6,4,4,4,4,4,6,6,6,6,4,3,4,4,3,3,4,4,4,4,4,6,4,3,3,4,4,4,4,4,4,4,3,5,5,5,1,4,4,4,4,8,2,2,4,4,4,5,4,4,4,4,4,4,4,4,4,4,1,1,1,4,4,4,2,2,2,2,2,2,2,2,7,7,7,7,7,7,7,7","0.000905036926269531","fast_greedy","edit-xhwikibooks.graphml"
"0.69","0.05","0.26","0.731305122912366","1,1,1,1,1,3,1,3,3,8,2,1,3,3,3,5,8,2,2,1,4,6,3,3,3,3,3,5,1,8,2,2,1,1,2,2,7,3,4,4,4,4,6,6,6,6,4,6,6,6,4,4,4,4,4,6,6,6,6,4,3,4,4,3,3,4,4,4,4,4,6,4,3,3,4,4,4,4,4,4,4,3,5,5,5,1,4,4,4,4,8,2,2,4,4,4,5,4,4,4,4,4,4,4,4,4,4,1,1,1,4,4,4,2,2,2,2,2,2,2,2,7,7,7,7,7,7,7,7","0.000904083251953125","fast_greedy","edit-xhwikibooks.graphml"
"0.68","0.06","0.26","0.731305122912366","1,1,1,1,1,3,1,3,3,8,2,1,3,3,3,5,8,2,2,1,4,6,3,3,3,3,3,5,1,8,2,2,1,1,2,2,7,3,4,4,4,4,6,6,6,6,4,6,6,6,4,4,4,4,4,6,6,6,6,4,3,4,4,3,3,4,4,4,4,4,6,4,3,3,4,4,4,4,4,4,4,3,5,5,5,1,4,4,4,4,8,2,2,4,4,4,5,4,4,4,4,4,4,4,4,4,4,1,1,1,4,4,4,2,2,2,2,2,2,2,2,7,7,7,7,7,7,7,7","0.000894069671630859","fast_greedy","edit-xhwikibooks.graphml"
"0.67","0.07","0.26","0.731305122912366","1,1,1,1,1,3,1,3,3,8,2,1,3,3,3,5,8,2,2,1,4,6,3,3,3,3,3,5,1,8,2,2,1,1,2,2,7,3,4,4,4,4,6,6,6,6,4,6,6,6,4,4,4,4,4,6,6,6,6,4,3,4,4,3,3,4,4,4,4,4,6,4,3,3,4,4,4,4,4,4,4,3,5,5,5,1,4,4,4,4,8,2,2,4,4,4,5,4,4,4,4,4,4,4,4,4,4,1,1,1,4,4,4,2,2,2,2,2,2,2,2,7,7,7,7,7,7,7,7","0.000889062881469727","fast_greedy","edit-xhwikibooks.graphml"
"0.66","0.08","0.26","0.731305122912366","1,1,1,1,1,3,1,3,3,8,2,1,3,3,3,5,8,2,2,1,4,6,3,3,3,3,3,5,1,8,2,2,1,1,2,2,7,3,4,4,4,4,6,6,6,6,4,6,6,6,4,4,4,4,4,6,6,6,6,4,3,4,4,3,3,4,4,4,4,4,6,4,3,3,4,4,4,4,4,4,4,3,5,5,5,1,4,4,4,4,8,2,2,4,4,4,5,4,4,4,4,4,4,4,4,4,4,1,1,1,4,4,4,2,2,2,2,2,2,2,2,7,7,7,7,7,7,7,7","0.000983953475952148","fast_greedy","edit-xhwikibooks.graphml"
"0.65","0.09","0.26","0.731305122912366","1,1,1,1,1,3,1,3,3,8,2,1,3,3,3,5,8,2,2,1,4,6,3,3,3,3,3,5,1,8,2,2,1,1,2,2,7,3,4,4,4,4,6,6,6,6,4,6,6,6,4,4,4,4,4,6,6,6,6,4,3,4,4,3,3,4,4,4,4,4,6,4,3,3,4,4,4,4,4,4,4,3,5,5,5,1,4,4,4,4,8,2,2,4,4,4,5,4,4,4,4,4,4,4,4,4,4,1,1,1,4,4,4,2,2,2,2,2,2,2,2,7,7,7,7,7,7,7,7","0.000895977020263672","fast_greedy","edit-xhwikibooks.graphml"
"0.64","0.1","0.26","0.731305122912366","1,1,1,1,1,3,1,3,3,8,2,1,3,3,3,5,8,2,2,1,4,6,3,3,3,3,3,5,1,8,2,2,1,1,2,2,7,3,4,4,4,4,6,6,6,6,4,6,6,6,4,4,4,4,4,6,6,6,6,4,3,4,4,3,3,4,4,4,4,4,6,4,3,3,4,4,4,4,4,4,4,3,5,5,5,1,4,4,4,4,8,2,2,4,4,4,5,4,4,4,4,4,4,4,4,4,4,1,1,1,4,4,4,2,2,2,2,2,2,2,2,7,7,7,7,7,7,7,7","0.00086212158203125","fast_greedy","edit-xhwikibooks.graphml"
"0.63","0.11","0.26","0.731305122912366","1,1,1,1,1,3,1,3,3,8,2,1,3,3,3,5,8,2,2,1,4,6,3,3,3,3,3,5,1,8,2,2,1,1,2,2,7,3,4,4,4,4,6,6,6,6,4,6,6,6,4,4,4,4,4,6,6,6,6,4,3,4,4,3,3,4,4,4,4,4,6,4,3,3,4,4,4,4,4,4,4,3,5,5,5,1,4,4,4,4,8,2,2,4,4,4,5,4,4,4,4,4,4,4,4,4,4,1,1,1,4,4,4,2,2,2,2,2,2,2,2,7,7,7,7,7,7,7,7","0.000868082046508789","fast_greedy","edit-xhwikibooks.graphml"
"0.62","0.12","0.26","0.731305122912366","1,1,1,1,1,3,1,3,3,8,2,1,3,3,3,5,8,2,2,1,4,6,3,3,3,3,3,5,1,8,2,2,1,1,2,2,7,3,4,4,4,4,6,6,6,6,4,6,6,6,4,4,4,4,4,6,6,6,6,4,3,4,4,3,3,4,4,4,4,4,6,4,3,3,4,4,4,4,4,4,4,3,5,5,5,1,4,4,4,4,8,2,2,4,4,4,5,4,4,4,4,4,4,4,4,4,4,1,1,1,4,4,4,2,2,2,2,2,2,2,2,7,7,7,7,7,7,7,7","0.000869035720825195","fast_greedy","edit-xhwikibooks.graphml"
"0.61","0.13","0.26","0.731305122912366","1,1,1,1,1,3,1,3,3,8,2,1,3,3,3,5,8,2,2,1,4,6,3,3,3,3,3,5,1,8,2,2,1,1,2,2,7,3,4,4,4,4,6,6,6,6,4,6,6,6,4,4,4,4,4,6,6,6,6,4,3,4,4,3,3,4,4,4,4,4,6,4,3,3,4,4,4,4,4,4,4,3,5,5,5,1,4,4,4,4,8,2,2,4,4,4,5,4,4,4,4,4,4,4,4,4,4,1,1,1,4,4,4,2,2,2,2,2,2,2,2,7,7,7,7,7,7,7,7","0.000857114791870117","fast_greedy","edit-xhwikibooks.graphml"
"0.6","0.14","0.26","0.731305122912366","1,1,1,1,1,3,1,3,3,8,2,1,3,3,3,5,8,2,2,1,4,6,3,3,3,3,3,5,1,8,2,2,1,1,2,2,7,3,4,4,4,4,6,6,6,6,4,6,6,6,4,4,4,4,4,6,6,6,6,4,3,4,4,3,3,4,4,4,4,4,6,4,3,3,4,4,4,4,4,4,4,3,5,5,5,1,4,4,4,4,8,2,2,4,4,4,5,4,4,4,4,4,4,4,4,4,4,1,1,1,4,4,4,2,2,2,2,2,2,2,2,7,7,7,7,7,7,7,7","0.00084996223449707","fast_greedy","edit-xhwikibooks.graphml"
"0.59","0.15","0.26","0.731305122912366","1,1,1,1,1,3,1,3,3,8,2,1,3,3,3,5,8,2,2,1,4,6,3,3,3,3,3,5,1,8,2,2,1,1,2,2,7,3,4,4,4,4,6,6,6,6,4,6,6,6,4,4,4,4,4,6,6,6,6,4,3,4,4,3,3,4,4,4,4,4,6,4,3,3,4,4,4,4,4,4,4,3,5,5,5,1,4,4,4,4,8,2,2,4,4,4,5,4,4,4,4,4,4,4,4,4,4,1,1,1,4,4,4,2,2,2,2,2,2,2,2,7,7,7,7,7,7,7,7","0.000882863998413086","fast_greedy","edit-xhwikibooks.graphml"
"0.58","0.16","0.26","0.731305122912366","1,1,1,1,1,3,1,3,3,8,2,1,3,3,3,5,8,2,2,1,4,6,3,3,3,3,3,5,1,8,2,2,1,1,2,2,7,3,4,4,4,4,6,6,6,6,4,6,6,6,4,4,4,4,4,6,6,6,6,4,3,4,4,3,3,4,4,4,4,4,6,4,3,3,4,4,4,4,4,4,4,3,5,5,5,1,4,4,4,4,8,2,2,4,4,4,5,4,4,4,4,4,4,4,4,4,4,1,1,1,4,4,4,2,2,2,2,2,2,2,2,7,7,7,7,7,7,7,7","0.000893115997314453","fast_greedy","edit-xhwikibooks.graphml"
"0.57","0.17","0.26","0.736336711555371","1,1,1,1,1,2,1,2,2,9,1,4,2,2,2,5,9,1,7,4,3,6,2,2,2,2,2,5,1,9,1,7,4,4,7,7,8,2,3,3,3,3,6,6,6,6,3,6,6,6,3,3,3,3,3,6,6,6,6,3,2,3,3,2,2,3,3,3,3,3,6,3,2,2,3,3,3,3,3,3,3,2,5,5,5,1,3,3,3,3,9,1,7,3,3,3,5,3,3,3,3,3,3,3,3,3,3,4,4,4,3,3,3,7,7,7,7,7,7,7,7,8,8,8,8,8,8,8,8","0.000911235809326172","fast_greedy","edit-xhwikibooks.graphml"
"0.56","0.18","0.26","0.736336711555371","1,1,1,1,1,2,1,2,2,9,1,4,2,2,2,5,9,1,7,4,3,6,2,2,2,2,2,5,1,9,1,7,4,4,7,7,8,2,3,3,3,3,6,6,6,6,3,6,6,6,3,3,3,3,3,6,6,6,6,3,2,3,3,2,2,3,3,3,3,3,6,3,2,2,3,3,3,3,3,3,3,2,5,5,5,1,3,3,3,3,9,1,7,3,3,3,5,3,3,3,3,3,3,3,3,3,3,4,4,4,3,3,3,7,7,7,7,7,7,7,7,8,8,8,8,8,8,8,8","0.000917196273803711","fast_greedy","edit-xhwikibooks.graphml"
"0.55","0.19","0.26","0.736336711555371","1,1,1,1,1,2,1,2,2,9,1,4,2,2,2,5,9,1,7,4,3,6,2,2,2,2,2,5,1,9,1,7,4,4,7,7,8,2,3,3,3,3,6,6,6,6,3,6,6,6,3,3,3,3,3,6,6,6,6,3,2,3,3,2,2,3,3,3,3,3,6,3,2,2,3,3,3,3,3,3,3,2,5,5,5,1,3,3,3,3,9,1,7,3,3,3,5,3,3,3,3,3,3,3,3,3,3,4,4,4,3,3,3,7,7,7,7,7,7,7,7,8,8,8,8,8,8,8,8","0.000908136367797852","fast_greedy","edit-xhwikibooks.graphml"
"0.54","0.2","0.26","0.736336711555371","1,1,1,1,1,2,1,2,2,9,1,4,2,2,2,5,9,1,7,4,3,6,2,2,2,2,2,5,1,9,1,7,4,4,7,7,8,2,3,3,3,3,6,6,6,6,3,6,6,6,3,3,3,3,3,6,6,6,6,3,2,3,3,2,2,3,3,3,3,3,6,3,2,2,3,3,3,3,3,3,3,2,5,5,5,1,3,3,3,3,9,1,7,3,3,3,5,3,3,3,3,3,3,3,3,3,3,4,4,4,3,3,3,7,7,7,7,7,7,7,7,8,8,8,8,8,8,8,8","0.000891923904418945","fast_greedy","edit-xhwikibooks.graphml"
"0.53","0.21","0.26","0.736336711555371","1,1,1,1,1,2,1,2,2,9,1,4,2,2,2,5,9,1,7,4,3,6,2,2,2,2,2,5,1,9,1,7,4,4,7,7,8,2,3,3,3,3,6,6,6,6,3,6,6,6,3,3,3,3,3,6,6,6,6,3,2,3,3,2,2,3,3,3,3,3,6,3,2,2,3,3,3,3,3,3,3,2,5,5,5,1,3,3,3,3,9,1,7,3,3,3,5,3,3,3,3,3,3,3,3,3,3,4,4,4,3,3,3,7,7,7,7,7,7,7,7,8,8,8,8,8,8,8,8","0.000887870788574219","fast_greedy","edit-xhwikibooks.graphml"
"0.52","0.22","0.26","0.736336711555371","1,1,1,1,1,2,1,2,2,9,1,4,2,2,2,5,9,1,7,4,3,6,2,2,2,2,2,5,1,9,1,7,4,4,7,7,8,2,3,3,3,3,6,6,6,6,3,6,6,6,3,3,3,3,3,6,6,6,6,3,2,3,3,2,2,3,3,3,3,3,6,3,2,2,3,3,3,3,3,3,3,2,5,5,5,1,3,3,3,3,9,1,7,3,3,3,5,3,3,3,3,3,3,3,3,3,3,4,4,4,3,3,3,7,7,7,7,7,7,7,7,8,8,8,8,8,8,8,8","0.00106000900268555","fast_greedy","edit-xhwikibooks.graphml"
"0.51","0.23","0.26","0.736336711555371","1,1,1,1,1,2,1,2,2,9,1,4,2,2,2,5,9,1,7,4,3,6,2,2,2,2,2,5,1,9,1,7,4,4,7,7,8,2,3,3,3,3,6,6,6,6,3,6,6,6,3,3,3,3,3,6,6,6,6,3,2,3,3,2,2,3,3,3,3,3,6,3,2,2,3,3,3,3,3,3,3,2,5,5,5,1,3,3,3,3,9,1,7,3,3,3,5,3,3,3,3,3,3,3,3,3,3,4,4,4,3,3,3,7,7,7,7,7,7,7,7,8,8,8,8,8,8,8,8","0.000863075256347656","fast_greedy","edit-xhwikibooks.graphml"
"0.5","0.24","0.26","0.736336711555371","1,1,1,1,1,2,1,2,2,9,1,4,2,2,2,5,9,1,7,4,3,6,2,2,2,2,2,5,1,9,1,7,4,4,7,7,8,2,3,3,3,3,6,6,6,6,3,6,6,6,3,3,3,3,3,6,6,6,6,3,2,3,3,2,2,3,3,3,3,3,6,3,2,2,3,3,3,3,3,3,3,2,5,5,5,1,3,3,3,3,9,1,7,3,3,3,5,3,3,3,3,3,3,3,3,3,3,4,4,4,3,3,3,7,7,7,7,7,7,7,7,8,8,8,8,8,8,8,8","0.000869989395141602","fast_greedy","edit-xhwikibooks.graphml"
"0.49","0.25","0.26","0.736336711555371","1,1,1,1,1,2,1,2,2,9,1,4,2,2,2,5,9,1,7,4,3,6,2,2,2,2,2,5,1,9,1,7,4,4,7,7,8,2,3,3,3,3,6,6,6,6,3,6,6,6,3,3,3,3,3,6,6,6,6,3,2,3,3,2,2,3,3,3,3,3,6,3,2,2,3,3,3,3,3,3,3,2,5,5,5,1,3,3,3,3,9,1,7,3,3,3,5,3,3,3,3,3,3,3,3,3,3,4,4,4,3,3,3,7,7,7,7,7,7,7,7,8,8,8,8,8,8,8,8","0.000891923904418945","fast_greedy","edit-xhwikibooks.graphml"
"0.48","0.26","0.26","0.736336711555371","1,1,1,1,1,2,1,2,2,9,1,4,2,2,2,5,9,1,7,4,3,6,2,2,2,2,2,5,1,9,1,7,4,4,7,7,8,2,3,3,3,3,6,6,6,6,3,6,6,6,3,3,3,3,3,6,6,6,6,3,2,3,3,2,2,3,3,3,3,3,6,3,2,2,3,3,3,3,3,3,3,2,5,5,5,1,3,3,3,3,9,1,7,3,3,3,5,3,3,3,3,3,3,3,3,3,3,4,4,4,3,3,3,7,7,7,7,7,7,7,7,8,8,8,8,8,8,8,8","0.000893115997314453","fast_greedy","edit-xhwikibooks.graphml"
"0.47","0.27","0.26","0.723913905971037","1,2,1,1,1,2,1,2,2,2,1,1,2,2,2,4,2,1,6,1,3,5,2,2,2,2,2,4,2,2,1,6,1,1,6,6,7,2,3,3,3,3,5,5,5,5,3,5,5,5,3,3,3,3,3,5,5,5,5,3,8,3,3,2,2,3,3,3,3,3,5,3,2,2,3,3,3,3,3,3,3,2,4,4,4,9,3,3,3,3,10,11,12,3,3,3,4,3,3,3,3,3,3,3,3,3,3,1,1,1,3,3,3,6,6,6,6,6,6,6,6,7,7,7,7,7,7,7,7","0.000896930694580078","fast_greedy","edit-xhwikibooks.graphml"
"0.46","0.28","0.26","0.723913905971037","1,2,1,1,1,2,1,2,2,2,1,1,2,2,2,4,2,1,6,1,3,5,2,2,2,2,2,4,2,2,1,6,1,1,6,6,7,2,3,3,3,3,5,5,5,5,3,5,5,5,3,3,3,3,3,5,5,5,5,3,8,3,3,2,2,3,3,3,3,3,5,3,2,2,3,3,3,3,3,3,3,2,4,4,4,9,3,3,3,3,10,11,12,3,3,3,4,3,3,3,3,3,3,3,3,3,3,1,1,1,3,3,3,6,6,6,6,6,6,6,6,7,7,7,7,7,7,7,7","0.000893831253051758","fast_greedy","edit-xhwikibooks.graphml"
"0.45","0.29","0.26","0.723913905971037","1,2,1,1,1,2,1,2,2,2,1,1,2,2,2,4,2,1,6,1,3,5,2,2,2,2,2,4,2,2,1,6,1,1,6,6,7,2,3,3,3,3,5,5,5,5,3,5,5,5,3,3,3,3,3,5,5,5,5,3,8,3,3,2,2,3,3,3,3,3,5,3,2,2,3,3,3,3,3,3,3,2,4,4,4,9,3,3,3,3,10,11,12,3,3,3,4,3,3,3,3,3,3,3,3,3,3,1,1,1,3,3,3,6,6,6,6,6,6,6,6,7,7,7,7,7,7,7,7","0.000871181488037109","fast_greedy","edit-xhwikibooks.graphml"
"0.44","0.3","0.26","0.723913905971037","1,2,1,1,1,2,1,2,2,2,1,1,2,2,2,4,2,1,6,1,3,5,2,2,2,2,2,4,2,2,1,6,1,1,6,6,7,2,3,3,3,3,5,5,5,5,3,5,5,5,3,3,3,3,3,5,5,5,5,3,8,3,3,2,2,3,3,3,3,3,5,3,2,2,3,3,3,3,3,3,3,2,4,4,4,9,3,3,3,3,10,11,12,3,3,3,4,3,3,3,3,3,3,3,3,3,3,1,1,1,3,3,3,6,6,6,6,6,6,6,6,7,7,7,7,7,7,7,7","0.000894069671630859","fast_greedy","edit-xhwikibooks.graphml"
"0.43","0.31","0.26","0.723913905971037","1,2,1,1,1,2,1,2,2,2,1,1,2,2,2,4,2,1,6,1,3,5,2,2,2,2,2,4,2,2,1,6,1,1,6,6,7,2,3,3,3,3,5,5,5,5,3,5,5,5,3,3,3,3,3,5,5,5,5,3,8,3,3,2,2,3,3,3,3,3,5,3,2,2,3,3,3,3,3,3,3,2,4,4,4,9,3,3,3,3,10,11,12,3,3,3,4,3,3,3,3,3,3,3,3,3,3,1,1,1,3,3,3,6,6,6,6,6,6,6,6,7,7,7,7,7,7,7,7","0.000890016555786133","fast_greedy","edit-xhwikibooks.graphml"
"0.42","0.32","0.26","0.723913905971037","1,2,1,1,1,2,1,2,2,2,1,1,2,2,2,4,2,1,6,1,3,5,2,2,2,2,2,4,2,2,1,6,1,1,6,6,7,2,3,3,3,3,5,5,5,5,3,5,5,5,3,3,3,3,3,5,5,5,5,3,8,3,3,2,2,3,3,3,3,3,5,3,2,2,3,3,3,3,3,3,3,2,4,4,4,9,3,3,3,3,10,11,12,3,3,3,4,3,3,3,3,3,3,3,3,3,3,1,1,1,3,3,3,6,6,6,6,6,6,6,6,7,7,7,7,7,7,7,7","0.000869035720825195","fast_greedy","edit-xhwikibooks.graphml"
"0.41","0.33","0.26","0.723913905971037","1,2,1,1,1,2,1,2,2,2,1,1,2,2,2,4,2,1,6,1,3,5,2,2,2,2,2,4,2,2,1,6,1,1,6,6,7,2,3,3,3,3,5,5,5,5,3,5,5,5,3,3,3,3,3,5,5,5,5,3,8,3,3,2,2,3,3,3,3,3,5,3,2,2,3,3,3,3,3,3,3,2,4,4,4,9,3,3,3,3,10,11,12,3,3,3,4,3,3,3,3,3,3,3,3,3,3,1,1,1,3,3,3,6,6,6,6,6,6,6,6,7,7,7,7,7,7,7,7","0.000890970230102539","fast_greedy","edit-xhwikibooks.graphml"
"0.4","0.34","0.26","0.729228813144897","2,2,2,2,2,1,2,1,1,1,2,4,1,1,1,5,1,2,7,4,3,6,1,1,1,1,1,5,2,1,2,7,4,4,7,7,8,1,3,3,3,3,6,6,6,6,3,6,6,6,3,3,3,3,3,6,6,6,6,3,9,3,3,1,1,3,3,3,3,3,6,3,1,1,3,3,3,3,3,3,3,1,5,5,5,10,3,3,3,3,11,12,13,3,3,3,5,3,3,3,3,3,3,3,3,3,3,4,4,4,3,3,3,7,7,7,7,7,7,7,7,8,8,8,8,8,8,8,8","0.00104618072509766","fast_greedy","edit-xhwikibooks.graphml"
"0.39","0.35","0.26","0.729228813144897","2,2,2,2,2,1,2,1,1,1,2,4,1,1,1,5,1,2,7,4,3,6,1,1,1,1,1,5,2,1,2,7,4,4,7,7,8,1,3,3,3,3,6,6,6,6,3,6,6,6,3,3,3,3,3,6,6,6,6,3,9,3,3,1,1,3,3,3,3,3,6,3,1,1,3,3,3,3,3,3,3,1,5,5,5,10,3,3,3,3,11,12,13,3,3,3,5,3,3,3,3,3,3,3,3,3,3,4,4,4,3,3,3,7,7,7,7,7,7,7,7,8,8,8,8,8,8,8,8","0.000840902328491211","fast_greedy","edit-xhwikibooks.graphml"
"0.38","0.36","0.26","0.729228813144897","2,2,2,2,2,1,2,1,1,1,2,4,1,1,1,5,1,2,7,4,3,6,1,1,1,1,1,5,2,1,2,7,4,4,7,7,8,1,3,3,3,3,6,6,6,6,3,6,6,6,3,3,3,3,3,6,6,6,6,3,9,3,3,1,1,3,3,3,3,3,6,3,1,1,3,3,3,3,3,3,3,1,5,5,5,10,3,3,3,3,11,12,13,3,3,3,5,3,3,3,3,3,3,3,3,3,3,4,4,4,3,3,3,7,7,7,7,7,7,7,7,8,8,8,8,8,8,8,8","0.000854015350341797","fast_greedy","edit-xhwikibooks.graphml"
"0.37","0.37","0.26","0.729228813144897","2,2,2,2,2,1,2,1,1,1,2,4,1,1,1,5,1,2,7,4,3,6,1,1,1,1,1,5,2,1,2,7,4,4,7,7,8,1,3,3,3,3,6,6,6,6,3,6,6,6,3,3,3,3,3,6,6,6,6,3,9,3,3,1,1,3,3,3,3,3,6,3,1,1,3,3,3,3,3,3,3,1,5,5,5,10,3,3,3,3,11,12,13,3,3,3,5,3,3,3,3,3,3,3,3,3,3,4,4,4,3,3,3,7,7,7,7,7,7,7,7,8,8,8,8,8,8,8,8","0.000862836837768555","fast_greedy","edit-xhwikibooks.graphml"
"0.36","0.38","0.26","0.729228813144897","2,2,2,2,2,1,2,1,1,1,2,4,1,1,1,5,1,2,7,4,3,6,1,1,1,1,1,5,2,1,2,7,4,4,7,7,8,1,3,3,3,3,6,6,6,6,3,6,6,6,3,3,3,3,3,6,6,6,6,3,9,3,3,1,1,3,3,3,3,3,6,3,1,1,3,3,3,3,3,3,3,1,5,5,5,10,3,3,3,3,11,12,13,3,3,3,5,3,3,3,3,3,3,3,3,3,3,4,4,4,3,3,3,7,7,7,7,7,7,7,7,8,8,8,8,8,8,8,8","0.000866889953613281","fast_greedy","edit-xhwikibooks.graphml"
"0.35","0.39","0.26","0.729228813144897","2,2,2,2,2,1,2,1,1,1,2,4,1,1,1,5,1,2,7,4,3,6,1,1,1,1,1,5,2,1,2,7,4,4,7,7,8,1,3,3,3,3,6,6,6,6,3,6,6,6,3,3,3,3,3,6,6,6,6,3,9,3,3,1,1,3,3,3,3,3,6,3,1,1,3,3,3,3,3,3,3,1,5,5,5,10,3,3,3,3,11,12,13,3,3,3,5,3,3,3,3,3,3,3,3,3,3,4,4,4,3,3,3,7,7,7,7,7,7,7,7,8,8,8,8,8,8,8,8","0.000891923904418945","fast_greedy","edit-xhwikibooks.graphml"
"0.34","0.4","0.26","0.729228813144897","2,2,2,2,2,1,2,1,1,1,2,4,1,1,1,5,1,2,7,4,3,6,1,1,1,1,1,5,2,1,2,7,4,4,7,7,8,1,3,3,3,3,6,6,6,6,3,6,6,6,3,3,3,3,3,6,6,6,6,3,9,3,3,1,1,3,3,3,3,3,6,3,1,1,3,3,3,3,3,3,3,1,5,5,5,10,3,3,3,3,11,12,13,3,3,3,5,3,3,3,3,3,3,3,3,3,3,4,4,4,3,3,3,7,7,7,7,7,7,7,7,8,8,8,8,8,8,8,8","0.000905990600585938","fast_greedy","edit-xhwikibooks.graphml"
"0.33","0.41","0.26","0.729228813144897","2,2,2,2,2,1,2,1,1,1,2,4,1,1,1,5,1,2,7,4,3,6,1,1,1,1,1,5,2,1,2,7,4,4,7,7,8,1,3,3,3,3,6,6,6,6,3,6,6,6,3,3,3,3,3,6,6,6,6,3,9,3,3,1,1,3,3,3,3,3,6,3,1,1,3,3,3,3,3,3,3,1,5,5,5,10,3,3,3,3,11,12,13,3,3,3,5,3,3,3,3,3,3,3,3,3,3,4,4,4,3,3,3,7,7,7,7,7,7,7,7,8,8,8,8,8,8,8,8","0.000933170318603516","fast_greedy","edit-xhwikibooks.graphml"
"0.32","0.42","0.26","0.729228813144897","2,2,2,2,2,1,2,1,1,1,2,4,1,1,1,5,1,2,7,4,3,6,1,1,1,1,1,5,2,1,2,7,4,4,7,7,8,1,3,3,3,3,6,6,6,6,3,6,6,6,3,3,3,3,3,6,6,6,6,3,9,3,3,1,1,3,3,3,3,3,6,3,1,1,3,3,3,3,3,3,3,1,5,5,5,10,3,3,3,3,11,12,13,3,3,3,5,3,3,3,3,3,3,3,3,3,3,4,4,4,3,3,3,7,7,7,7,7,7,7,7,8,8,8,8,8,8,8,8","0.000914812088012695","fast_greedy","edit-xhwikibooks.graphml"
"0.31","0.43","0.26","0.729228813144897","2,2,2,2,2,1,2,1,1,1,2,4,1,1,1,5,1,2,7,4,3,6,1,1,1,1,1,5,2,1,2,7,4,4,7,7,8,1,3,3,3,3,6,6,6,6,3,6,6,6,3,3,3,3,3,6,6,6,6,3,9,3,3,1,1,3,3,3,3,3,6,3,1,1,3,3,3,3,3,3,3,1,5,5,5,10,3,3,3,3,11,12,13,3,3,3,5,3,3,3,3,3,3,3,3,3,3,4,4,4,3,3,3,7,7,7,7,7,7,7,7,8,8,8,8,8,8,8,8","0.00108909606933594","fast_greedy","edit-xhwikibooks.graphml"
"0.3","0.44","0.26","0.729228813144897","2,2,2,2,2,1,2,1,1,1,2,4,1,1,1,5,1,2,7,4,3,6,1,1,1,1,1,5,2,1,2,7,4,4,7,7,8,1,3,3,3,3,6,6,6,6,3,6,6,6,3,3,3,3,3,6,6,6,6,3,9,3,3,1,1,3,3,3,3,3,6,3,1,1,3,3,3,3,3,3,3,1,5,5,5,10,3,3,3,3,11,12,13,3,3,3,5,3,3,3,3,3,3,3,3,3,3,4,4,4,3,3,3,7,7,7,7,7,7,7,7,8,8,8,8,8,8,8,8","0.000862836837768555","fast_greedy","edit-xhwikibooks.graphml"
"0.29","0.45","0.26","0.729228813144897","2,2,2,2,2,1,2,1,1,1,2,4,1,1,1,5,1,2,7,4,3,6,1,1,1,1,1,5,2,1,2,7,4,4,7,7,8,1,3,3,3,3,6,6,6,6,3,6,6,6,3,3,3,3,3,6,6,6,6,3,9,3,3,1,1,3,3,3,3,3,6,3,1,1,3,3,3,3,3,3,3,1,5,5,5,10,3,3,3,3,11,12,13,3,3,3,5,3,3,3,3,3,3,3,3,3,3,4,4,4,3,3,3,7,7,7,7,7,7,7,7,8,8,8,8,8,8,8,8","0.000868082046508789","fast_greedy","edit-xhwikibooks.graphml"
"0.28","0.46","0.26","0.729228813144897","2,2,2,2,2,1,2,1,1,1,2,4,1,1,1,5,1,2,7,4,3,6,1,1,1,1,1,5,2,1,2,7,4,4,7,7,8,1,3,3,3,3,6,6,6,6,3,6,6,6,3,3,3,3,3,6,6,6,6,3,9,3,3,1,1,3,3,3,3,3,6,3,1,1,3,3,3,3,3,3,3,1,5,5,5,10,3,3,3,3,11,12,13,3,3,3,5,3,3,3,3,3,3,3,3,3,3,4,4,4,3,3,3,7,7,7,7,7,7,7,7,8,8,8,8,8,8,8,8","0.00107192993164062","fast_greedy","edit-xhwikibooks.graphml"
"0.27","0.47","0.26","0.729228813144897","2,2,2,2,2,1,2,1,1,1,2,4,1,1,1,5,1,2,7,4,3,6,1,1,1,1,1,5,2,1,2,7,4,4,7,7,8,1,3,3,3,3,6,6,6,6,3,6,6,6,3,3,3,3,3,6,6,6,6,3,9,3,3,1,1,3,3,3,3,3,6,3,1,1,3,3,3,3,3,3,3,1,5,5,5,10,3,3,3,3,11,12,13,3,3,3,5,3,3,3,3,3,3,3,3,3,3,4,4,4,3,3,3,7,7,7,7,7,7,7,7,8,8,8,8,8,8,8,8","0.000857830047607422","fast_greedy","edit-xhwikibooks.graphml"
"0.26","0.48","0.26","0.729228813144897","2,2,2,2,2,1,2,1,1,1,2,4,1,1,1,5,1,2,7,4,3,6,1,1,1,1,1,5,2,1,2,7,4,4,7,7,8,1,3,3,3,3,6,6,6,6,3,6,6,6,3,3,3,3,3,6,6,6,6,3,9,3,3,1,1,3,3,3,3,3,6,3,1,1,3,3,3,3,3,3,3,1,5,5,5,10,3,3,3,3,11,12,13,3,3,3,5,3,3,3,3,3,3,3,3,3,3,4,4,4,3,3,3,7,7,7,7,7,7,7,7,8,8,8,8,8,8,8,8","0.000863075256347656","fast_greedy","edit-xhwikibooks.graphml"
"0.25","0.49","0.26","0.729228813144897","2,2,2,2,2,1,2,1,1,1,2,4,1,1,1,5,1,2,7,4,3,6,1,1,1,1,1,5,2,1,2,7,4,4,7,7,8,1,3,3,3,3,6,6,6,6,3,6,6,6,3,3,3,3,3,6,6,6,6,3,9,3,3,1,1,3,3,3,3,3,6,3,1,1,3,3,3,3,3,3,3,1,5,5,5,10,3,3,3,3,11,12,13,3,3,3,5,3,3,3,3,3,3,3,3,3,3,4,4,4,3,3,3,7,7,7,7,7,7,7,7,8,8,8,8,8,8,8,8","0.000862836837768555","fast_greedy","edit-xhwikibooks.graphml"
"0.24","0.5","0.26","0.738718054875983","2,2,2,2,2,1,2,1,1,1,2,4,1,1,1,5,1,2,7,4,3,6,1,1,1,1,1,5,2,1,2,7,4,4,7,7,8,1,3,3,3,3,6,6,6,6,3,6,6,6,3,3,3,3,3,6,6,6,6,3,9,3,3,1,1,3,3,3,3,3,6,3,1,1,3,3,3,3,3,3,3,1,5,5,5,10,3,3,3,3,11,12,13,3,3,3,5,3,3,3,3,3,3,3,3,3,3,4,4,4,3,3,3,7,7,7,7,7,7,7,7,8,8,8,8,8,8,8,8","0.000886917114257812","fast_greedy","edit-xhwikibooks.graphml"
"0.23","0.51","0.26","0.738718054875983","2,2,2,2,2,1,2,1,1,1,2,4,1,1,1,5,1,2,7,4,3,6,1,1,1,1,1,5,2,1,2,7,4,4,7,7,8,1,3,3,3,3,6,6,6,6,3,6,6,6,3,3,3,3,3,6,6,6,6,3,9,3,3,1,1,3,3,3,3,3,6,3,1,1,3,3,3,3,3,3,3,1,5,5,5,10,3,3,3,3,11,12,13,3,3,3,5,3,3,3,3,3,3,3,3,3,3,4,4,4,3,3,3,7,7,7,7,7,7,7,7,8,8,8,8,8,8,8,8","0.000904083251953125","fast_greedy","edit-xhwikibooks.graphml"
"0.22","0.52","0.26","0.738718054875983","2,2,2,2,2,1,2,1,1,1,2,4,1,1,1,5,1,2,7,4,3,6,1,1,1,1,1,5,2,1,2,7,4,4,7,7,8,1,3,3,3,3,6,6,6,6,3,6,6,6,3,3,3,3,3,6,6,6,6,3,9,3,3,1,1,3,3,3,3,3,6,3,1,1,3,3,3,3,3,3,3,1,5,5,5,10,3,3,3,3,11,12,13,3,3,3,5,3,3,3,3,3,3,3,3,3,3,4,4,4,3,3,3,7,7,7,7,7,7,7,7,8,8,8,8,8,8,8,8","0.000936985015869141","fast_greedy","edit-xhwikibooks.graphml"
"0.21","0.53","0.26","0.730616429578367","1,1,1,1,2,1,2,7,7,1,2,2,7,7,7,1,8,2,2,2,3,4,7,7,7,7,7,1,1,9,10,2,2,2,5,5,6,7,3,3,3,3,4,4,4,4,3,4,4,4,3,3,3,3,3,4,4,4,4,3,11,3,3,12,13,3,3,3,3,3,4,3,7,7,3,3,3,3,3,3,3,14,1,1,1,15,3,3,3,3,16,17,18,3,3,3,19,3,3,3,3,3,3,3,3,3,3,20,21,3,3,3,3,5,5,5,5,5,5,5,5,6,6,6,6,6,6,6,6","0.000919103622436523","fast_greedy","edit-xhwikibooks.graphml"
"0.2","0.54","0.26","0.730616429578367","1,1,1,1,2,1,2,7,7,1,2,2,7,7,7,1,8,2,2,2,3,4,7,7,7,7,7,1,1,9,10,2,2,2,5,5,6,7,3,3,3,3,4,4,4,4,3,4,4,4,3,3,3,3,3,4,4,4,4,3,11,3,3,12,13,3,3,3,3,3,4,3,7,7,3,3,3,3,3,3,3,14,1,1,1,15,3,3,3,3,16,17,18,3,3,3,19,3,3,3,3,3,3,3,3,3,3,20,21,3,3,3,3,5,5,5,5,5,5,5,5,6,6,6,6,6,6,6,6","0.00100016593933105","fast_greedy","edit-xhwikibooks.graphml"
"0.19","0.55","0.26","0.730616429578367","1,1,1,1,2,1,2,7,7,1,2,2,7,7,7,1,8,2,2,2,3,4,7,7,7,7,7,1,1,9,10,2,2,2,5,5,6,7,3,3,3,3,4,4,4,4,3,4,4,4,3,3,3,3,3,4,4,4,4,3,11,3,3,12,13,3,3,3,3,3,4,3,7,7,3,3,3,3,3,3,3,14,1,1,1,15,3,3,3,3,16,17,18,3,3,3,19,3,3,3,3,3,3,3,3,3,3,20,21,3,3,3,3,5,5,5,5,5,5,5,5,6,6,6,6,6,6,6,6","0.000890970230102539","fast_greedy","edit-xhwikibooks.graphml"
"0.18","0.56","0.26","0.730616429578367","1,1,1,1,2,1,2,7,7,1,2,2,7,7,7,1,8,2,2,2,3,4,7,7,7,7,7,1,1,9,10,2,2,2,5,5,6,7,3,3,3,3,4,4,4,4,3,4,4,4,3,3,3,3,3,4,4,4,4,3,11,3,3,12,13,3,3,3,3,3,4,3,7,7,3,3,3,3,3,3,3,14,1,1,1,15,3,3,3,3,16,17,18,3,3,3,19,3,3,3,3,3,3,3,3,3,3,20,21,3,3,3,3,5,5,5,5,5,5,5,5,6,6,6,6,6,6,6,6","0.00086212158203125","fast_greedy","edit-xhwikibooks.graphml"
"0.17","0.57","0.26","0.730616429578367","1,1,1,1,2,1,2,7,7,1,2,2,7,7,7,1,8,2,2,2,3,4,7,7,7,7,7,1,1,9,10,2,2,2,5,5,6,7,3,3,3,3,4,4,4,4,3,4,4,4,3,3,3,3,3,4,4,4,4,3,11,3,3,12,13,3,3,3,3,3,4,3,7,7,3,3,3,3,3,3,3,14,1,1,1,15,3,3,3,3,16,17,18,3,3,3,19,3,3,3,3,3,3,3,3,3,3,20,21,3,3,3,3,5,5,5,5,5,5,5,5,6,6,6,6,6,6,6,6","0.000884056091308594","fast_greedy","edit-xhwikibooks.graphml"
"0.16","0.58","0.26","0.730616429578367","1,1,1,1,2,1,2,7,7,1,2,2,7,7,7,1,8,2,2,2,3,4,7,7,7,7,7,1,1,9,10,2,2,2,5,5,6,7,3,3,3,3,4,4,4,4,3,4,4,4,3,3,3,3,3,4,4,4,4,3,11,3,3,12,13,3,3,3,3,3,4,3,7,7,3,3,3,3,3,3,3,14,1,1,1,15,3,3,3,3,16,17,18,3,3,3,19,3,3,3,3,3,3,3,3,3,3,20,21,3,3,3,3,5,5,5,5,5,5,5,5,6,6,6,6,6,6,6,6","0.0010530948638916","fast_greedy","edit-xhwikibooks.graphml"
"0.15","0.59","0.26","0.730616429578367","1,1,1,1,2,1,2,7,7,1,2,2,7,7,7,1,8,2,2,2,3,4,7,7,7,7,7,1,1,9,10,2,2,2,5,5,6,7,3,3,3,3,4,4,4,4,3,4,4,4,3,3,3,3,3,4,4,4,4,3,11,3,3,12,13,3,3,3,3,3,4,3,7,7,3,3,3,3,3,3,3,14,1,1,1,15,3,3,3,3,16,17,18,3,3,3,19,3,3,3,3,3,3,3,3,3,3,20,21,3,3,3,3,5,5,5,5,5,5,5,5,6,6,6,6,6,6,6,6","0.000852823257446289","fast_greedy","edit-xhwikibooks.graphml"
"0.14","0.6","0.26","0.730616429578367","1,1,1,1,2,1,2,7,7,1,2,2,7,7,7,1,8,2,2,2,3,4,7,7,7,7,7,1,1,9,10,2,2,2,5,5,6,7,3,3,3,3,4,4,4,4,3,4,4,4,3,3,3,3,3,4,4,4,4,3,11,3,3,12,13,3,3,3,3,3,4,3,7,7,3,3,3,3,3,3,3,14,1,1,1,15,3,3,3,3,16,17,18,3,3,3,19,3,3,3,3,3,3,3,3,3,3,20,21,3,3,3,3,5,5,5,5,5,5,5,5,6,6,6,6,6,6,6,6","0.000866174697875977","fast_greedy","edit-xhwikibooks.graphml"
"0.13","0.61","0.26","0.730616429578367","1,1,1,1,2,1,2,7,7,1,2,2,7,7,7,1,8,2,2,2,3,4,7,7,7,7,7,1,1,9,10,2,2,2,5,5,6,7,3,3,3,3,4,4,4,4,3,4,4,4,3,3,3,3,3,4,4,4,4,3,11,3,3,12,13,3,3,3,3,3,4,3,7,7,3,3,3,3,3,3,3,14,1,1,1,15,3,3,3,3,16,17,18,3,3,3,19,3,3,3,3,3,3,3,3,3,3,20,21,3,3,3,3,5,5,5,5,5,5,5,5,6,6,6,6,6,6,6,6","0.000879049301147461","fast_greedy","edit-xhwikibooks.graphml"
"0.12","0.62","0.26","0.730616429578367","1,1,1,1,2,1,2,7,7,1,2,2,7,7,7,1,8,2,2,2,3,4,7,7,7,7,7,1,1,9,10,2,2,2,5,5,6,7,3,3,3,3,4,4,4,4,3,4,4,4,3,3,3,3,3,4,4,4,4,3,11,3,3,12,13,3,3,3,3,3,4,3,7,7,3,3,3,3,3,3,3,14,1,1,1,15,3,3,3,3,16,17,18,3,3,3,19,3,3,3,3,3,3,3,3,3,3,20,21,3,3,3,3,5,5,5,5,5,5,5,5,6,6,6,6,6,6,6,6","0.000865936279296875","fast_greedy","edit-xhwikibooks.graphml"
"0.11","0.63","0.26","0.730616429578367","1,1,1,1,2,1,2,7,7,1,2,2,7,7,7,1,8,2,2,2,3,4,7,7,7,7,7,1,1,9,10,2,2,2,5,5,6,7,3,3,3,3,4,4,4,4,3,4,4,4,3,3,3,3,3,4,4,4,4,3,11,3,3,12,13,3,3,3,3,3,4,3,7,7,3,3,3,3,3,3,3,14,1,1,1,15,3,3,3,3,16,17,18,3,3,3,19,3,3,3,3,3,3,3,3,3,3,20,21,3,3,3,3,5,5,5,5,5,5,5,5,6,6,6,6,6,6,6,6","0.000879049301147461","fast_greedy","edit-xhwikibooks.graphml"
"0.1","0.64","0.26","0.730616429578367","1,1,1,1,2,1,2,7,7,1,2,2,7,7,7,1,8,2,2,2,3,4,7,7,7,7,7,1,1,9,10,2,2,2,5,5,6,7,3,3,3,3,4,4,4,4,3,4,4,4,3,3,3,3,3,4,4,4,4,3,11,3,3,12,13,3,3,3,3,3,4,3,7,7,3,3,3,3,3,3,3,14,1,1,1,15,3,3,3,3,16,17,18,3,3,3,19,3,3,3,3,3,3,3,3,3,3,20,21,3,3,3,3,5,5,5,5,5,5,5,5,6,6,6,6,6,6,6,6","0.000856876373291016","fast_greedy","edit-xhwikibooks.graphml"
"0.09","0.65","0.26","0.730616429578367","1,1,1,1,2,1,2,7,7,1,2,2,7,7,7,1,8,2,2,2,3,4,7,7,7,7,7,1,1,9,10,2,2,2,5,5,6,7,3,3,3,3,4,4,4,4,3,4,4,4,3,3,3,3,3,4,4,4,4,3,11,3,3,12,13,3,3,3,3,3,4,3,7,7,3,3,3,3,3,3,3,14,1,1,1,15,3,3,3,3,16,17,18,3,3,3,19,3,3,3,3,3,3,3,3,3,3,20,21,3,3,3,3,5,5,5,5,5,5,5,5,6,6,6,6,6,6,6,6","0.000910043716430664","fast_greedy","edit-xhwikibooks.graphml"
"0.08","0.66","0.26","0.730616429578367","1,1,1,1,2,1,2,7,7,1,2,2,7,7,7,1,8,2,2,2,3,4,7,7,7,7,7,1,1,9,10,2,2,2,5,5,6,7,3,3,3,3,4,4,4,4,3,4,4,4,3,3,3,3,3,4,4,4,4,3,11,3,3,12,13,3,3,3,3,3,4,3,7,7,3,3,3,3,3,3,3,14,1,1,1,15,3,3,3,3,16,17,18,3,3,3,19,3,3,3,3,3,3,3,3,3,3,20,21,3,3,3,3,5,5,5,5,5,5,5,5,6,6,6,6,6,6,6,6","0.000890016555786133","fast_greedy","edit-xhwikibooks.graphml"
"0.07","0.67","0.26","0.730616429578367","1,1,1,1,2,1,2,7,7,1,2,2,7,7,7,1,8,2,2,2,3,4,7,7,7,7,7,1,1,9,10,2,2,2,5,5,6,7,3,3,3,3,4,4,4,4,3,4,4,4,3,3,3,3,3,4,4,4,4,3,11,3,3,12,13,3,3,3,3,3,4,3,7,7,3,3,3,3,3,3,3,14,1,1,1,15,3,3,3,3,16,17,18,3,3,3,19,3,3,3,3,3,3,3,3,3,3,20,21,3,3,3,3,5,5,5,5,5,5,5,5,6,6,6,6,6,6,6,6","0.000854969024658203","fast_greedy","edit-xhwikibooks.graphml"
"0.06","0.68","0.26","0.730616429578367","1,1,1,1,2,1,2,7,7,1,2,2,7,7,7,1,8,2,2,2,3,4,7,7,7,7,7,1,1,9,10,2,2,2,5,5,6,7,3,3,3,3,4,4,4,4,3,4,4,4,3,3,3,3,3,4,4,4,4,3,11,3,3,12,13,3,3,3,3,3,4,3,7,7,3,3,3,3,3,3,3,14,1,1,1,15,3,3,3,3,16,17,18,3,3,3,19,3,3,3,3,3,3,3,3,3,3,20,21,3,3,3,3,5,5,5,5,5,5,5,5,6,6,6,6,6,6,6,6","0.000862836837768555","fast_greedy","edit-xhwikibooks.graphml"
"0.05","0.69","0.26","0.730616429578367","1,1,1,1,2,1,2,7,7,1,2,2,7,7,7,1,8,2,2,2,3,4,7,7,7,7,7,1,1,9,10,2,2,2,5,5,6,7,3,3,3,3,4,4,4,4,3,4,4,4,3,3,3,3,3,4,4,4,4,3,11,3,3,12,13,3,3,3,3,3,4,3,7,7,3,3,3,3,3,3,3,14,1,1,1,15,3,3,3,3,16,17,18,3,3,3,19,3,3,3,3,3,3,3,3,3,3,20,21,3,3,3,3,5,5,5,5,5,5,5,5,6,6,6,6,6,6,6,6","0.00086212158203125","fast_greedy","edit-xhwikibooks.graphml"
"0.04","0.7","0.26","0.730616429578367","1,1,1,1,2,1,2,7,7,1,2,2,7,7,7,1,8,2,2,2,3,4,7,7,7,7,7,1,1,9,10,2,2,2,5,5,6,7,3,3,3,3,4,4,4,4,3,4,4,4,3,3,3,3,3,4,4,4,4,3,11,3,3,12,13,3,3,3,3,3,4,3,7,7,3,3,3,3,3,3,3,14,1,1,1,15,3,3,3,3,16,17,18,3,3,3,19,3,3,3,3,3,3,3,3,3,3,20,21,3,3,3,3,5,5,5,5,5,5,5,5,6,6,6,6,6,6,6,6","0.00091099739074707","fast_greedy","edit-xhwikibooks.graphml"
"0.03","0.71","0.26","0.730616429578367","1,1,1,1,2,1,2,7,7,1,2,2,7,7,7,1,8,2,2,2,3,4,7,7,7,7,7,1,1,9,10,2,2,2,5,5,6,7,3,3,3,3,4,4,4,4,3,4,4,4,3,3,3,3,3,4,4,4,4,3,11,3,3,12,13,3,3,3,3,3,4,3,7,7,3,3,3,3,3,3,3,14,1,1,1,15,3,3,3,3,16,17,18,3,3,3,19,3,3,3,3,3,3,3,3,3,3,20,21,3,3,3,3,5,5,5,5,5,5,5,5,6,6,6,6,6,6,6,6","0.000865936279296875","fast_greedy","edit-xhwikibooks.graphml"
"0.02","0.72","0.26","0.730616429578367","1,1,1,1,2,1,2,7,7,1,2,2,7,7,7,1,8,2,2,2,3,4,7,7,7,7,7,1,1,9,10,2,2,2,5,5,6,7,3,3,3,3,4,4,4,4,3,4,4,4,3,3,3,3,3,4,4,4,4,3,11,3,3,12,13,3,3,3,3,3,4,3,7,7,3,3,3,3,3,3,3,14,1,1,1,15,3,3,3,3,16,17,18,3,3,3,19,3,3,3,3,3,3,3,3,3,3,20,21,3,3,3,3,5,5,5,5,5,5,5,5,6,6,6,6,6,6,6,6","0.000862836837768555","fast_greedy","edit-xhwikibooks.graphml"
"0.01","0.73","0.26","0.730616429578367","1,1,1,1,2,1,2,7,7,1,2,2,7,7,7,1,8,2,2,2,3,4,7,7,7,7,7,1,1,9,10,2,2,2,5,5,6,7,3,3,3,3,4,4,4,4,3,4,4,4,3,3,3,3,3,4,4,4,4,3,11,3,3,12,13,3,3,3,3,3,4,3,7,7,3,3,3,3,3,3,3,14,1,1,1,15,3,3,3,3,16,17,18,3,3,3,19,3,3,3,3,3,3,3,3,3,3,20,21,3,3,3,3,5,5,5,5,5,5,5,5,6,6,6,6,6,6,6,6","0.000867128372192383","fast_greedy","edit-xhwikibooks.graphml"
"0","0.74","0.26","0.71595703125","1,1,1,1,1,1,3,1,6,1,3,3,6,6,6,1,8,3,5,3,2,4,6,6,6,6,6,1,1,9,10,5,3,3,5,5,7,6,2,2,2,2,4,4,4,4,2,4,4,4,2,2,2,2,2,4,4,4,4,2,11,2,2,12,13,2,2,2,2,2,4,2,6,6,2,2,2,2,2,2,2,14,1,1,1,15,2,2,2,2,16,17,18,2,2,2,19,2,2,2,2,2,2,2,2,2,2,20,21,2,2,2,2,5,5,5,5,5,5,5,5,7,7,7,7,7,7,7,7","0.000909090042114258","fast_greedy","edit-xhwikibooks.graphml"
"0.73","0","0.27","0.731305122912366","1,1,1,1,1,3,1,3,3,8,2,1,3,3,3,5,8,2,2,1,4,6,3,3,3,3,3,5,1,8,2,2,1,1,2,2,7,3,4,4,4,4,6,6,6,6,4,6,6,6,4,4,4,4,4,6,6,6,6,4,3,4,4,3,3,4,4,4,4,4,6,4,3,3,4,4,4,4,4,4,4,3,5,5,5,1,4,4,4,4,8,2,2,4,4,4,5,4,4,4,4,4,4,4,4,4,4,1,1,1,4,4,4,2,2,2,2,2,2,2,2,7,7,7,7,7,7,7,7","0.000909090042114258","fast_greedy","edit-xhwikibooks.graphml"
"0.72","0.01","0.27","0.731305122912366","1,1,1,1,1,3,1,3,3,8,2,1,3,3,3,5,8,2,2,1,4,6,3,3,3,3,3,5,1,8,2,2,1,1,2,2,7,3,4,4,4,4,6,6,6,6,4,6,6,6,4,4,4,4,4,6,6,6,6,4,3,4,4,3,3,4,4,4,4,4,6,4,3,3,4,4,4,4,4,4,4,3,5,5,5,1,4,4,4,4,8,2,2,4,4,4,5,4,4,4,4,4,4,4,4,4,4,1,1,1,4,4,4,2,2,2,2,2,2,2,2,7,7,7,7,7,7,7,7","0.000875949859619141","fast_greedy","edit-xhwikibooks.graphml"
"0.71","0.02","0.27","0.731305122912366","1,1,1,1,1,3,1,3,3,8,2,1,3,3,3,5,8,2,2,1,4,6,3,3,3,3,3,5,1,8,2,2,1,1,2,2,7,3,4,4,4,4,6,6,6,6,4,6,6,6,4,4,4,4,4,6,6,6,6,4,3,4,4,3,3,4,4,4,4,4,6,4,3,3,4,4,4,4,4,4,4,3,5,5,5,1,4,4,4,4,8,2,2,4,4,4,5,4,4,4,4,4,4,4,4,4,4,1,1,1,4,4,4,2,2,2,2,2,2,2,2,7,7,7,7,7,7,7,7","0.00101113319396973","fast_greedy","edit-xhwikibooks.graphml"
"0.7","0.03","0.27","0.731305122912366","1,1,1,1,1,3,1,3,3,8,2,1,3,3,3,5,8,2,2,1,4,6,3,3,3,3,3,5,1,8,2,2,1,1,2,2,7,3,4,4,4,4,6,6,6,6,4,6,6,6,4,4,4,4,4,6,6,6,6,4,3,4,4,3,3,4,4,4,4,4,6,4,3,3,4,4,4,4,4,4,4,3,5,5,5,1,4,4,4,4,8,2,2,4,4,4,5,4,4,4,4,4,4,4,4,4,4,1,1,1,4,4,4,2,2,2,2,2,2,2,2,7,7,7,7,7,7,7,7","0.000870943069458008","fast_greedy","edit-xhwikibooks.graphml"
"0.69","0.04","0.27","0.731305122912366","1,1,1,1,1,3,1,3,3,8,2,1,3,3,3,5,8,2,2,1,4,6,3,3,3,3,3,5,1,8,2,2,1,1,2,2,7,3,4,4,4,4,6,6,6,6,4,6,6,6,4,4,4,4,4,6,6,6,6,4,3,4,4,3,3,4,4,4,4,4,6,4,3,3,4,4,4,4,4,4,4,3,5,5,5,1,4,4,4,4,8,2,2,4,4,4,5,4,4,4,4,4,4,4,4,4,4,1,1,1,4,4,4,2,2,2,2,2,2,2,2,7,7,7,7,7,7,7,7","0.000856876373291016","fast_greedy","edit-xhwikibooks.graphml"
"0.68","0.05","0.27","0.731305122912366","1,1,1,1,1,3,1,3,3,8,2,1,3,3,3,5,8,2,2,1,4,6,3,3,3,3,3,5,1,8,2,2,1,1,2,2,7,3,4,4,4,4,6,6,6,6,4,6,6,6,4,4,4,4,4,6,6,6,6,4,3,4,4,3,3,4,4,4,4,4,6,4,3,3,4,4,4,4,4,4,4,3,5,5,5,1,4,4,4,4,8,2,2,4,4,4,5,4,4,4,4,4,4,4,4,4,4,1,1,1,4,4,4,2,2,2,2,2,2,2,2,7,7,7,7,7,7,7,7","0.00083613395690918","fast_greedy","edit-xhwikibooks.graphml"
"0.67","0.06","0.27","0.731305122912366","1,1,1,1,1,3,1,3,3,8,2,1,3,3,3,5,8,2,2,1,4,6,3,3,3,3,3,5,1,8,2,2,1,1,2,2,7,3,4,4,4,4,6,6,6,6,4,6,6,6,4,4,4,4,4,6,6,6,6,4,3,4,4,3,3,4,4,4,4,4,6,4,3,3,4,4,4,4,4,4,4,3,5,5,5,1,4,4,4,4,8,2,2,4,4,4,5,4,4,4,4,4,4,4,4,4,4,1,1,1,4,4,4,2,2,2,2,2,2,2,2,7,7,7,7,7,7,7,7","0.000879049301147461","fast_greedy","edit-xhwikibooks.graphml"
"0.66","0.07","0.27","0.731305122912366","1,1,1,1,1,3,1,3,3,8,2,1,3,3,3,5,8,2,2,1,4,6,3,3,3,3,3,5,1,8,2,2,1,1,2,2,7,3,4,4,4,4,6,6,6,6,4,6,6,6,4,4,4,4,4,6,6,6,6,4,3,4,4,3,3,4,4,4,4,4,6,4,3,3,4,4,4,4,4,4,4,3,5,5,5,1,4,4,4,4,8,2,2,4,4,4,5,4,4,4,4,4,4,4,4,4,4,1,1,1,4,4,4,2,2,2,2,2,2,2,2,7,7,7,7,7,7,7,7","0.000907182693481445","fast_greedy","edit-xhwikibooks.graphml"
"0.65","0.08","0.27","0.731305122912366","1,1,1,1,1,3,1,3,3,8,2,1,3,3,3,5,8,2,2,1,4,6,3,3,3,3,3,5,1,8,2,2,1,1,2,2,7,3,4,4,4,4,6,6,6,6,4,6,6,6,4,4,4,4,4,6,6,6,6,4,3,4,4,3,3,4,4,4,4,4,6,4,3,3,4,4,4,4,4,4,4,3,5,5,5,1,4,4,4,4,8,2,2,4,4,4,5,4,4,4,4,4,4,4,4,4,4,1,1,1,4,4,4,2,2,2,2,2,2,2,2,7,7,7,7,7,7,7,7","0.00107502937316895","fast_greedy","edit-xhwikibooks.graphml"
"0.64","0.09","0.27","0.731305122912366","1,1,1,1,1,3,1,3,3,8,2,1,3,3,3,5,8,2,2,1,4,6,3,3,3,3,3,5,1,8,2,2,1,1,2,2,7,3,4,4,4,4,6,6,6,6,4,6,6,6,4,4,4,4,4,6,6,6,6,4,3,4,4,3,3,4,4,4,4,4,6,4,3,3,4,4,4,4,4,4,4,3,5,5,5,1,4,4,4,4,8,2,2,4,4,4,5,4,4,4,4,4,4,4,4,4,4,1,1,1,4,4,4,2,2,2,2,2,2,2,2,7,7,7,7,7,7,7,7","0.000855922698974609","fast_greedy","edit-xhwikibooks.graphml"
"0.63","0.1","0.27","0.731305122912366","1,1,1,1,1,3,1,3,3,8,2,1,3,3,3,5,8,2,2,1,4,6,3,3,3,3,3,5,1,8,2,2,1,1,2,2,7,3,4,4,4,4,6,6,6,6,4,6,6,6,4,4,4,4,4,6,6,6,6,4,3,4,4,3,3,4,4,4,4,4,6,4,3,3,4,4,4,4,4,4,4,3,5,5,5,1,4,4,4,4,8,2,2,4,4,4,5,4,4,4,4,4,4,4,4,4,4,1,1,1,4,4,4,2,2,2,2,2,2,2,2,7,7,7,7,7,7,7,7","0.000850915908813477","fast_greedy","edit-xhwikibooks.graphml"
"0.62","0.11","0.27","0.731305122912366","1,1,1,1,1,3,1,3,3,8,2,1,3,3,3,5,8,2,2,1,4,6,3,3,3,3,3,5,1,8,2,2,1,1,2,2,7,3,4,4,4,4,6,6,6,6,4,6,6,6,4,4,4,4,4,6,6,6,6,4,3,4,4,3,3,4,4,4,4,4,6,4,3,3,4,4,4,4,4,4,4,3,5,5,5,1,4,4,4,4,8,2,2,4,4,4,5,4,4,4,4,4,4,4,4,4,4,1,1,1,4,4,4,2,2,2,2,2,2,2,2,7,7,7,7,7,7,7,7","0.000861167907714844","fast_greedy","edit-xhwikibooks.graphml"
"0.61","0.12","0.27","0.731305122912366","1,1,1,1,1,3,1,3,3,8,2,1,3,3,3,5,8,2,2,1,4,6,3,3,3,3,3,5,1,8,2,2,1,1,2,2,7,3,4,4,4,4,6,6,6,6,4,6,6,6,4,4,4,4,4,6,6,6,6,4,3,4,4,3,3,4,4,4,4,4,6,4,3,3,4,4,4,4,4,4,4,3,5,5,5,1,4,4,4,4,8,2,2,4,4,4,5,4,4,4,4,4,4,4,4,4,4,1,1,1,4,4,4,2,2,2,2,2,2,2,2,7,7,7,7,7,7,7,7","0.000880002975463867","fast_greedy","edit-xhwikibooks.graphml"
"0.6","0.13","0.27","0.731305122912366","1,1,1,1,1,3,1,3,3,8,2,1,3,3,3,5,8,2,2,1,4,6,3,3,3,3,3,5,1,8,2,2,1,1,2,2,7,3,4,4,4,4,6,6,6,6,4,6,6,6,4,4,4,4,4,6,6,6,6,4,3,4,4,3,3,4,4,4,4,4,6,4,3,3,4,4,4,4,4,4,4,3,5,5,5,1,4,4,4,4,8,2,2,4,4,4,5,4,4,4,4,4,4,4,4,4,4,1,1,1,4,4,4,2,2,2,2,2,2,2,2,7,7,7,7,7,7,7,7","0.000871896743774414","fast_greedy","edit-xhwikibooks.graphml"
"0.59","0.14","0.27","0.731305122912366","1,1,1,1,1,3,1,3,3,8,2,1,3,3,3,5,8,2,2,1,4,6,3,3,3,3,3,5,1,8,2,2,1,1,2,2,7,3,4,4,4,4,6,6,6,6,4,6,6,6,4,4,4,4,4,6,6,6,6,4,3,4,4,3,3,4,4,4,4,4,6,4,3,3,4,4,4,4,4,4,4,3,5,5,5,1,4,4,4,4,8,2,2,4,4,4,5,4,4,4,4,4,4,4,4,4,4,1,1,1,4,4,4,2,2,2,2,2,2,2,2,7,7,7,7,7,7,7,7","0.000931978225708008","fast_greedy","edit-xhwikibooks.graphml"
"0.58","0.15","0.27","0.731305122912366","1,1,1,1,1,3,1,3,3,8,2,1,3,3,3,5,8,2,2,1,4,6,3,3,3,3,3,5,1,8,2,2,1,1,2,2,7,3,4,4,4,4,6,6,6,6,4,6,6,6,4,4,4,4,4,6,6,6,6,4,3,4,4,3,3,4,4,4,4,4,6,4,3,3,4,4,4,4,4,4,4,3,5,5,5,1,4,4,4,4,8,2,2,4,4,4,5,4,4,4,4,4,4,4,4,4,4,1,1,1,4,4,4,2,2,2,2,2,2,2,2,7,7,7,7,7,7,7,7","0.000824213027954102","fast_greedy","edit-xhwikibooks.graphml"
"0.57","0.16","0.27","0.731305122912366","1,1,1,1,1,3,1,3,3,8,2,1,3,3,3,5,8,2,2,1,4,6,3,3,3,3,3,5,1,8,2,2,1,1,2,2,7,3,4,4,4,4,6,6,6,6,4,6,6,6,4,4,4,4,4,6,6,6,6,4,3,4,4,3,3,4,4,4,4,4,6,4,3,3,4,4,4,4,4,4,4,3,5,5,5,1,4,4,4,4,8,2,2,4,4,4,5,4,4,4,4,4,4,4,4,4,4,1,1,1,4,4,4,2,2,2,2,2,2,2,2,7,7,7,7,7,7,7,7","0.0012061595916748","fast_greedy","edit-xhwikibooks.graphml"
"0.56","0.17","0.27","0.736336711555371","1,1,1,1,1,2,1,2,2,9,1,4,2,2,2,5,9,1,7,4,3,6,2,2,2,2,2,5,1,9,1,7,4,4,7,7,8,2,3,3,3,3,6,6,6,6,3,6,6,6,3,3,3,3,3,6,6,6,6,3,2,3,3,2,2,3,3,3,3,3,6,3,2,2,3,3,3,3,3,3,3,2,5,5,5,1,3,3,3,3,9,1,7,3,3,3,5,3,3,3,3,3,3,3,3,3,3,4,4,4,3,3,3,7,7,7,7,7,7,7,7,8,8,8,8,8,8,8,8","0.000865936279296875","fast_greedy","edit-xhwikibooks.graphml"
"0.55","0.18","0.27","0.736336711555371","1,1,1,1,1,2,1,2,2,9,1,4,2,2,2,5,9,1,7,4,3,6,2,2,2,2,2,5,1,9,1,7,4,4,7,7,8,2,3,3,3,3,6,6,6,6,3,6,6,6,3,3,3,3,3,6,6,6,6,3,2,3,3,2,2,3,3,3,3,3,6,3,2,2,3,3,3,3,3,3,3,2,5,5,5,1,3,3,3,3,9,1,7,3,3,3,5,3,3,3,3,3,3,3,3,3,3,4,4,4,3,3,3,7,7,7,7,7,7,7,7,8,8,8,8,8,8,8,8","0.000889062881469727","fast_greedy","edit-xhwikibooks.graphml"
"0.54","0.19","0.27","0.736336711555371","1,1,1,1,1,2,1,2,2,9,1,4,2,2,2,5,9,1,7,4,3,6,2,2,2,2,2,5,1,9,1,7,4,4,7,7,8,2,3,3,3,3,6,6,6,6,3,6,6,6,3,3,3,3,3,6,6,6,6,3,2,3,3,2,2,3,3,3,3,3,6,3,2,2,3,3,3,3,3,3,3,2,5,5,5,1,3,3,3,3,9,1,7,3,3,3,5,3,3,3,3,3,3,3,3,3,3,4,4,4,3,3,3,7,7,7,7,7,7,7,7,8,8,8,8,8,8,8,8","0.00088191032409668","fast_greedy","edit-xhwikibooks.graphml"
"0.53","0.2","0.27","0.736336711555371","1,1,1,1,1,2,1,2,2,9,1,4,2,2,2,5,9,1,7,4,3,6,2,2,2,2,2,5,1,9,1,7,4,4,7,7,8,2,3,3,3,3,6,6,6,6,3,6,6,6,3,3,3,3,3,6,6,6,6,3,2,3,3,2,2,3,3,3,3,3,6,3,2,2,3,3,3,3,3,3,3,2,5,5,5,1,3,3,3,3,9,1,7,3,3,3,5,3,3,3,3,3,3,3,3,3,3,4,4,4,3,3,3,7,7,7,7,7,7,7,7,8,8,8,8,8,8,8,8","0.0354681015014648","fast_greedy","edit-xhwikibooks.graphml"
"0.52","0.21","0.27","0.736336711555371","1,1,1,1,1,2,1,2,2,9,1,4,2,2,2,5,9,1,7,4,3,6,2,2,2,2,2,5,1,9,1,7,4,4,7,7,8,2,3,3,3,3,6,6,6,6,3,6,6,6,3,3,3,3,3,6,6,6,6,3,2,3,3,2,2,3,3,3,3,3,6,3,2,2,3,3,3,3,3,3,3,2,5,5,5,1,3,3,3,3,9,1,7,3,3,3,5,3,3,3,3,3,3,3,3,3,3,4,4,4,3,3,3,7,7,7,7,7,7,7,7,8,8,8,8,8,8,8,8","0.00137901306152344","fast_greedy","edit-xhwikibooks.graphml"
"0.51","0.22","0.27","0.736336711555371","1,1,1,1,1,2,1,2,2,9,1,4,2,2,2,5,9,1,7,4,3,6,2,2,2,2,2,5,1,9,1,7,4,4,7,7,8,2,3,3,3,3,6,6,6,6,3,6,6,6,3,3,3,3,3,6,6,6,6,3,2,3,3,2,2,3,3,3,3,3,6,3,2,2,3,3,3,3,3,3,3,2,5,5,5,1,3,3,3,3,9,1,7,3,3,3,5,3,3,3,3,3,3,3,3,3,3,4,4,4,3,3,3,7,7,7,7,7,7,7,7,8,8,8,8,8,8,8,8","0.0012671947479248","fast_greedy","edit-xhwikibooks.graphml"
"0.5","0.23","0.27","0.736336711555371","1,1,1,1,1,2,1,2,2,9,1,4,2,2,2,5,9,1,7,4,3,6,2,2,2,2,2,5,1,9,1,7,4,4,7,7,8,2,3,3,3,3,6,6,6,6,3,6,6,6,3,3,3,3,3,6,6,6,6,3,2,3,3,2,2,3,3,3,3,3,6,3,2,2,3,3,3,3,3,3,3,2,5,5,5,1,3,3,3,3,9,1,7,3,3,3,5,3,3,3,3,3,3,3,3,3,3,4,4,4,3,3,3,7,7,7,7,7,7,7,7,8,8,8,8,8,8,8,8","0.00092005729675293","fast_greedy","edit-xhwikibooks.graphml"
"0.49","0.24","0.27","0.736336711555371","1,1,1,1,1,2,1,2,2,9,1,4,2,2,2,5,9,1,7,4,3,6,2,2,2,2,2,5,1,9,1,7,4,4,7,7,8,2,3,3,3,3,6,6,6,6,3,6,6,6,3,3,3,3,3,6,6,6,6,3,2,3,3,2,2,3,3,3,3,3,6,3,2,2,3,3,3,3,3,3,3,2,5,5,5,1,3,3,3,3,9,1,7,3,3,3,5,3,3,3,3,3,3,3,3,3,3,4,4,4,3,3,3,7,7,7,7,7,7,7,7,8,8,8,8,8,8,8,8","0.000900983810424805","fast_greedy","edit-xhwikibooks.graphml"
"0.48","0.25","0.27","0.736336711555371","1,1,1,1,1,2,1,2,2,9,1,4,2,2,2,5,9,1,7,4,3,6,2,2,2,2,2,5,1,9,1,7,4,4,7,7,8,2,3,3,3,3,6,6,6,6,3,6,6,6,3,3,3,3,3,6,6,6,6,3,2,3,3,2,2,3,3,3,3,3,6,3,2,2,3,3,3,3,3,3,3,2,5,5,5,1,3,3,3,3,9,1,7,3,3,3,5,3,3,3,3,3,3,3,3,3,3,4,4,4,3,3,3,7,7,7,7,7,7,7,7,8,8,8,8,8,8,8,8","0.000897884368896484","fast_greedy","edit-xhwikibooks.graphml"
"0.47","0.26","0.27","0.736336711555371","1,1,1,1,1,2,1,2,2,9,1,4,2,2,2,5,9,1,7,4,3,6,2,2,2,2,2,5,1,9,1,7,4,4,7,7,8,2,3,3,3,3,6,6,6,6,3,6,6,6,3,3,3,3,3,6,6,6,6,3,2,3,3,2,2,3,3,3,3,3,6,3,2,2,3,3,3,3,3,3,3,2,5,5,5,1,3,3,3,3,9,1,7,3,3,3,5,3,3,3,3,3,3,3,3,3,3,4,4,4,3,3,3,7,7,7,7,7,7,7,7,8,8,8,8,8,8,8,8","0.00089716911315918","fast_greedy","edit-xhwikibooks.graphml"
"0.46","0.27","0.27","0.736336711555371","1,1,1,1,1,2,1,2,2,9,1,4,2,2,2,5,9,1,7,4,3,6,2,2,2,2,2,5,1,9,1,7,4,4,7,7,8,2,3,3,3,3,6,6,6,6,3,6,6,6,3,3,3,3,3,6,6,6,6,3,2,3,3,2,2,3,3,3,3,3,6,3,2,2,3,3,3,3,3,3,3,2,5,5,5,1,3,3,3,3,9,1,7,3,3,3,5,3,3,3,3,3,3,3,3,3,3,4,4,4,3,3,3,7,7,7,7,7,7,7,7,8,8,8,8,8,8,8,8","0.000887870788574219","fast_greedy","edit-xhwikibooks.graphml"
"0.45","0.28","0.27","0.723913905971037","1,2,1,1,1,2,1,2,2,2,1,1,2,2,2,4,2,1,6,1,3,5,2,2,2,2,2,4,2,2,1,6,1,1,6,6,7,2,3,3,3,3,5,5,5,5,3,5,5,5,3,3,3,3,3,5,5,5,5,3,8,3,3,2,2,3,3,3,3,3,5,3,2,2,3,3,3,3,3,3,3,2,4,4,4,9,3,3,3,3,10,11,12,3,3,3,4,3,3,3,3,3,3,3,3,3,3,1,1,1,3,3,3,6,6,6,6,6,6,6,6,7,7,7,7,7,7,7,7","0.000890016555786133","fast_greedy","edit-xhwikibooks.graphml"
"0.44","0.29","0.27","0.723913905971037","1,2,1,1,1,2,1,2,2,2,1,1,2,2,2,4,2,1,6,1,3,5,2,2,2,2,2,4,2,2,1,6,1,1,6,6,7,2,3,3,3,3,5,5,5,5,3,5,5,5,3,3,3,3,3,5,5,5,5,3,8,3,3,2,2,3,3,3,3,3,5,3,2,2,3,3,3,3,3,3,3,2,4,4,4,9,3,3,3,3,10,11,12,3,3,3,4,3,3,3,3,3,3,3,3,3,3,1,1,1,3,3,3,6,6,6,6,6,6,6,6,7,7,7,7,7,7,7,7","0.000884771347045898","fast_greedy","edit-xhwikibooks.graphml"
"0.43","0.3","0.27","0.723913905971037","1,2,1,1,1,2,1,2,2,2,1,1,2,2,2,4,2,1,6,1,3,5,2,2,2,2,2,4,2,2,1,6,1,1,6,6,7,2,3,3,3,3,5,5,5,5,3,5,5,5,3,3,3,3,3,5,5,5,5,3,8,3,3,2,2,3,3,3,3,3,5,3,2,2,3,3,3,3,3,3,3,2,4,4,4,9,3,3,3,3,10,11,12,3,3,3,4,3,3,3,3,3,3,3,3,3,3,1,1,1,3,3,3,6,6,6,6,6,6,6,6,7,7,7,7,7,7,7,7","0.000891923904418945","fast_greedy","edit-xhwikibooks.graphml"
"0.42","0.31","0.27","0.723913905971037","1,2,1,1,1,2,1,2,2,2,1,1,2,2,2,4,2,1,6,1,3,5,2,2,2,2,2,4,2,2,1,6,1,1,6,6,7,2,3,3,3,3,5,5,5,5,3,5,5,5,3,3,3,3,3,5,5,5,5,3,8,3,3,2,2,3,3,3,3,3,5,3,2,2,3,3,3,3,3,3,3,2,4,4,4,9,3,3,3,3,10,11,12,3,3,3,4,3,3,3,3,3,3,3,3,3,3,1,1,1,3,3,3,6,6,6,6,6,6,6,6,7,7,7,7,7,7,7,7","0.000956058502197266","fast_greedy","edit-xhwikibooks.graphml"
"0.41","0.32","0.27","0.723913905971037","1,2,1,1,1,2,1,2,2,2,1,1,2,2,2,4,2,1,6,1,3,5,2,2,2,2,2,4,2,2,1,6,1,1,6,6,7,2,3,3,3,3,5,5,5,5,3,5,5,5,3,3,3,3,3,5,5,5,5,3,8,3,3,2,2,3,3,3,3,3,5,3,2,2,3,3,3,3,3,3,3,2,4,4,4,9,3,3,3,3,10,11,12,3,3,3,4,3,3,3,3,3,3,3,3,3,3,1,1,1,3,3,3,6,6,6,6,6,6,6,6,7,7,7,7,7,7,7,7","0.000842094421386719","fast_greedy","edit-xhwikibooks.graphml"
"0.4","0.33","0.27","0.723913905971037","1,2,1,1,1,2,1,2,2,2,1,1,2,2,2,4,2,1,6,1,3,5,2,2,2,2,2,4,2,2,1,6,1,1,6,6,7,2,3,3,3,3,5,5,5,5,3,5,5,5,3,3,3,3,3,5,5,5,5,3,8,3,3,2,2,3,3,3,3,3,5,3,2,2,3,3,3,3,3,3,3,2,4,4,4,9,3,3,3,3,10,11,12,3,3,3,4,3,3,3,3,3,3,3,3,3,3,1,1,1,3,3,3,6,6,6,6,6,6,6,6,7,7,7,7,7,7,7,7","0.000866174697875977","fast_greedy","edit-xhwikibooks.graphml"
"0.39","0.34","0.27","0.729228813144897","2,2,2,2,2,1,2,1,1,1,2,4,1,1,1,5,1,2,7,4,3,6,1,1,1,1,1,5,2,1,2,7,4,4,7,7,8,1,3,3,3,3,6,6,6,6,3,6,6,6,3,3,3,3,3,6,6,6,6,3,9,3,3,1,1,3,3,3,3,3,6,3,1,1,3,3,3,3,3,3,3,1,5,5,5,10,3,3,3,3,11,12,13,3,3,3,5,3,3,3,3,3,3,3,3,3,3,4,4,4,3,3,3,7,7,7,7,7,7,7,7,8,8,8,8,8,8,8,8","0.00087285041809082","fast_greedy","edit-xhwikibooks.graphml"
"0.38","0.35","0.27","0.729228813144897","2,2,2,2,2,1,2,1,1,1,2,4,1,1,1,5,1,2,7,4,3,6,1,1,1,1,1,5,2,1,2,7,4,4,7,7,8,1,3,3,3,3,6,6,6,6,3,6,6,6,3,3,3,3,3,6,6,6,6,3,9,3,3,1,1,3,3,3,3,3,6,3,1,1,3,3,3,3,3,3,3,1,5,5,5,10,3,3,3,3,11,12,13,3,3,3,5,3,3,3,3,3,3,3,3,3,3,4,4,4,3,3,3,7,7,7,7,7,7,7,7,8,8,8,8,8,8,8,8","0.000879049301147461","fast_greedy","edit-xhwikibooks.graphml"
"0.37","0.36","0.27","0.729228813144897","2,2,2,2,2,1,2,1,1,1,2,4,1,1,1,5,1,2,7,4,3,6,1,1,1,1,1,5,2,1,2,7,4,4,7,7,8,1,3,3,3,3,6,6,6,6,3,6,6,6,3,3,3,3,3,6,6,6,6,3,9,3,3,1,1,3,3,3,3,3,6,3,1,1,3,3,3,3,3,3,3,1,5,5,5,10,3,3,3,3,11,12,13,3,3,3,5,3,3,3,3,3,3,3,3,3,3,4,4,4,3,3,3,7,7,7,7,7,7,7,7,8,8,8,8,8,8,8,8","0.000895023345947266","fast_greedy","edit-xhwikibooks.graphml"
"0.36","0.37","0.27","0.729228813144897","2,2,2,2,2,1,2,1,1,1,2,4,1,1,1,5,1,2,7,4,3,6,1,1,1,1,1,5,2,1,2,7,4,4,7,7,8,1,3,3,3,3,6,6,6,6,3,6,6,6,3,3,3,3,3,6,6,6,6,3,9,3,3,1,1,3,3,3,3,3,6,3,1,1,3,3,3,3,3,3,3,1,5,5,5,10,3,3,3,3,11,12,13,3,3,3,5,3,3,3,3,3,3,3,3,3,3,4,4,4,3,3,3,7,7,7,7,7,7,7,7,8,8,8,8,8,8,8,8","0.000902175903320312","fast_greedy","edit-xhwikibooks.graphml"
"0.35","0.38","0.27","0.729228813144897","2,2,2,2,2,1,2,1,1,1,2,4,1,1,1,5,1,2,7,4,3,6,1,1,1,1,1,5,2,1,2,7,4,4,7,7,8,1,3,3,3,3,6,6,6,6,3,6,6,6,3,3,3,3,3,6,6,6,6,3,9,3,3,1,1,3,3,3,3,3,6,3,1,1,3,3,3,3,3,3,3,1,5,5,5,10,3,3,3,3,11,12,13,3,3,3,5,3,3,3,3,3,3,3,3,3,3,4,4,4,3,3,3,7,7,7,7,7,7,7,7,8,8,8,8,8,8,8,8","0.000911951065063477","fast_greedy","edit-xhwikibooks.graphml"
"0.34","0.39","0.27","0.729228813144897","2,2,2,2,2,1,2,1,1,1,2,4,1,1,1,5,1,2,7,4,3,6,1,1,1,1,1,5,2,1,2,7,4,4,7,7,8,1,3,3,3,3,6,6,6,6,3,6,6,6,3,3,3,3,3,6,6,6,6,3,9,3,3,1,1,3,3,3,3,3,6,3,1,1,3,3,3,3,3,3,3,1,5,5,5,10,3,3,3,3,11,12,13,3,3,3,5,3,3,3,3,3,3,3,3,3,3,4,4,4,3,3,3,7,7,7,7,7,7,7,7,8,8,8,8,8,8,8,8","0.000907182693481445","fast_greedy","edit-xhwikibooks.graphml"
"0.33","0.4","0.27","0.729228813144897","2,2,2,2,2,1,2,1,1,1,2,4,1,1,1,5,1,2,7,4,3,6,1,1,1,1,1,5,2,1,2,7,4,4,7,7,8,1,3,3,3,3,6,6,6,6,3,6,6,6,3,3,3,3,3,6,6,6,6,3,9,3,3,1,1,3,3,3,3,3,6,3,1,1,3,3,3,3,3,3,3,1,5,5,5,10,3,3,3,3,11,12,13,3,3,3,5,3,3,3,3,3,3,3,3,3,3,4,4,4,3,3,3,7,7,7,7,7,7,7,7,8,8,8,8,8,8,8,8","0.00091099739074707","fast_greedy","edit-xhwikibooks.graphml"
"0.32","0.41","0.27","0.729228813144897","2,2,2,2,2,1,2,1,1,1,2,4,1,1,1,5,1,2,7,4,3,6,1,1,1,1,1,5,2,1,2,7,4,4,7,7,8,1,3,3,3,3,6,6,6,6,3,6,6,6,3,3,3,3,3,6,6,6,6,3,9,3,3,1,1,3,3,3,3,3,6,3,1,1,3,3,3,3,3,3,3,1,5,5,5,10,3,3,3,3,11,12,13,3,3,3,5,3,3,3,3,3,3,3,3,3,3,4,4,4,3,3,3,7,7,7,7,7,7,7,7,8,8,8,8,8,8,8,8","0.00090479850769043","fast_greedy","edit-xhwikibooks.graphml"
"0.31","0.42","0.27","0.729228813144897","2,2,2,2,2,1,2,1,1,1,2,4,1,1,1,5,1,2,7,4,3,6,1,1,1,1,1,5,2,1,2,7,4,4,7,7,8,1,3,3,3,3,6,6,6,6,3,6,6,6,3,3,3,3,3,6,6,6,6,3,9,3,3,1,1,3,3,3,3,3,6,3,1,1,3,3,3,3,3,3,3,1,5,5,5,10,3,3,3,3,11,12,13,3,3,3,5,3,3,3,3,3,3,3,3,3,3,4,4,4,3,3,3,7,7,7,7,7,7,7,7,8,8,8,8,8,8,8,8","0.000931978225708008","fast_greedy","edit-xhwikibooks.graphml"
"0.3","0.43","0.27","0.729228813144897","2,2,2,2,2,1,2,1,1,1,2,4,1,1,1,5,1,2,7,4,3,6,1,1,1,1,1,5,2,1,2,7,4,4,7,7,8,1,3,3,3,3,6,6,6,6,3,6,6,6,3,3,3,3,3,6,6,6,6,3,9,3,3,1,1,3,3,3,3,3,6,3,1,1,3,3,3,3,3,3,3,1,5,5,5,10,3,3,3,3,11,12,13,3,3,3,5,3,3,3,3,3,3,3,3,3,3,4,4,4,3,3,3,7,7,7,7,7,7,7,7,8,8,8,8,8,8,8,8","0.00108909606933594","fast_greedy","edit-xhwikibooks.graphml"
"0.29","0.44","0.27","0.729228813144897","2,2,2,2,2,1,2,1,1,1,2,4,1,1,1,5,1,2,7,4,3,6,1,1,1,1,1,5,2,1,2,7,4,4,7,7,8,1,3,3,3,3,6,6,6,6,3,6,6,6,3,3,3,3,3,6,6,6,6,3,9,3,3,1,1,3,3,3,3,3,6,3,1,1,3,3,3,3,3,3,3,1,5,5,5,10,3,3,3,3,11,12,13,3,3,3,5,3,3,3,3,3,3,3,3,3,3,4,4,4,3,3,3,7,7,7,7,7,7,7,7,8,8,8,8,8,8,8,8","0.000874042510986328","fast_greedy","edit-xhwikibooks.graphml"
"0.28","0.45","0.27","0.729228813144897","2,2,2,2,2,1,2,1,1,1,2,4,1,1,1,5,1,2,7,4,3,6,1,1,1,1,1,5,2,1,2,7,4,4,7,7,8,1,3,3,3,3,6,6,6,6,3,6,6,6,3,3,3,3,3,6,6,6,6,3,9,3,3,1,1,3,3,3,3,3,6,3,1,1,3,3,3,3,3,3,3,1,5,5,5,10,3,3,3,3,11,12,13,3,3,3,5,3,3,3,3,3,3,3,3,3,3,4,4,4,3,3,3,7,7,7,7,7,7,7,7,8,8,8,8,8,8,8,8","0.000867128372192383","fast_greedy","edit-xhwikibooks.graphml"
"0.27","0.46","0.27","0.729228813144897","2,2,2,2,2,1,2,1,1,1,2,4,1,1,1,5,1,2,7,4,3,6,1,1,1,1,1,5,2,1,2,7,4,4,7,7,8,1,3,3,3,3,6,6,6,6,3,6,6,6,3,3,3,3,3,6,6,6,6,3,9,3,3,1,1,3,3,3,3,3,6,3,1,1,3,3,3,3,3,3,3,1,5,5,5,10,3,3,3,3,11,12,13,3,3,3,5,3,3,3,3,3,3,3,3,3,3,4,4,4,3,3,3,7,7,7,7,7,7,7,7,8,8,8,8,8,8,8,8","0.000892877578735352","fast_greedy","edit-xhwikibooks.graphml"
"0.26","0.47","0.27","0.729228813144897","2,2,2,2,2,1,2,1,1,1,2,4,1,1,1,5,1,2,7,4,3,6,1,1,1,1,1,5,2,1,2,7,4,4,7,7,8,1,3,3,3,3,6,6,6,6,3,6,6,6,3,3,3,3,3,6,6,6,6,3,9,3,3,1,1,3,3,3,3,3,6,3,1,1,3,3,3,3,3,3,3,1,5,5,5,10,3,3,3,3,11,12,13,3,3,3,5,3,3,3,3,3,3,3,3,3,3,4,4,4,3,3,3,7,7,7,7,7,7,7,7,8,8,8,8,8,8,8,8","0.000893115997314453","fast_greedy","edit-xhwikibooks.graphml"
"0.25","0.48","0.27","0.729228813144897","2,2,2,2,2,1,2,1,1,1,2,4,1,1,1,5,1,2,7,4,3,6,1,1,1,1,1,5,2,1,2,7,4,4,7,7,8,1,3,3,3,3,6,6,6,6,3,6,6,6,3,3,3,3,3,6,6,6,6,3,9,3,3,1,1,3,3,3,3,3,6,3,1,1,3,3,3,3,3,3,3,1,5,5,5,10,3,3,3,3,11,12,13,3,3,3,5,3,3,3,3,3,3,3,3,3,3,4,4,4,3,3,3,7,7,7,7,7,7,7,7,8,8,8,8,8,8,8,8","0.000890016555786133","fast_greedy","edit-xhwikibooks.graphml"
"0.24","0.49","0.27","0.729228813144897","2,2,2,2,2,1,2,1,1,1,2,4,1,1,1,5,1,2,7,4,3,6,1,1,1,1,1,5,2,1,2,7,4,4,7,7,8,1,3,3,3,3,6,6,6,6,3,6,6,6,3,3,3,3,3,6,6,6,6,3,9,3,3,1,1,3,3,3,3,3,6,3,1,1,3,3,3,3,3,3,3,1,5,5,5,10,3,3,3,3,11,12,13,3,3,3,5,3,3,3,3,3,3,3,3,3,3,4,4,4,3,3,3,7,7,7,7,7,7,7,7,8,8,8,8,8,8,8,8","0.000916004180908203","fast_greedy","edit-xhwikibooks.graphml"
"0.23","0.5","0.27","0.738718054875983","2,2,2,2,2,1,2,1,1,1,2,4,1,1,1,5,1,2,7,4,3,6,1,1,1,1,1,5,2,1,2,7,4,4,7,7,8,1,3,3,3,3,6,6,6,6,3,6,6,6,3,3,3,3,3,6,6,6,6,3,9,3,3,1,1,3,3,3,3,3,6,3,1,1,3,3,3,3,3,3,3,1,5,5,5,10,3,3,3,3,11,12,13,3,3,3,5,3,3,3,3,3,3,3,3,3,3,4,4,4,3,3,3,7,7,7,7,7,7,7,7,8,8,8,8,8,8,8,8","0.000919818878173828","fast_greedy","edit-xhwikibooks.graphml"
"0.22","0.51","0.27","0.738718054875983","2,2,2,2,2,1,2,1,1,1,2,4,1,1,1,5,1,2,7,4,3,6,1,1,1,1,1,5,2,1,2,7,4,4,7,7,8,1,3,3,3,3,6,6,6,6,3,6,6,6,3,3,3,3,3,6,6,6,6,3,9,3,3,1,1,3,3,3,3,3,6,3,1,1,3,3,3,3,3,3,3,1,5,5,5,10,3,3,3,3,11,12,13,3,3,3,5,3,3,3,3,3,3,3,3,3,3,4,4,4,3,3,3,7,7,7,7,7,7,7,7,8,8,8,8,8,8,8,8","0.000916957855224609","fast_greedy","edit-xhwikibooks.graphml"
"0.21","0.52","0.27","0.738718054875983","2,2,2,2,2,1,2,1,1,1,2,4,1,1,1,5,1,2,7,4,3,6,1,1,1,1,1,5,2,1,2,7,4,4,7,7,8,1,3,3,3,3,6,6,6,6,3,6,6,6,3,3,3,3,3,6,6,6,6,3,9,3,3,1,1,3,3,3,3,3,6,3,1,1,3,3,3,3,3,3,3,1,5,5,5,10,3,3,3,3,11,12,13,3,3,3,5,3,3,3,3,3,3,3,3,3,3,4,4,4,3,3,3,7,7,7,7,7,7,7,7,8,8,8,8,8,8,8,8","0.000923871994018555","fast_greedy","edit-xhwikibooks.graphml"
"0.2","0.53","0.27","0.738718054875983","2,2,2,2,2,1,2,1,1,1,2,4,1,1,1,5,1,2,7,4,3,6,1,1,1,1,1,5,2,1,2,7,4,4,7,7,8,1,3,3,3,3,6,6,6,6,3,6,6,6,3,3,3,3,3,6,6,6,6,3,9,3,3,1,1,3,3,3,3,3,6,3,1,1,3,3,3,3,3,3,3,1,5,5,5,10,3,3,3,3,11,12,13,3,3,3,5,3,3,3,3,3,3,3,3,3,3,4,4,4,3,3,3,7,7,7,7,7,7,7,7,8,8,8,8,8,8,8,8","0.000941991806030273","fast_greedy","edit-xhwikibooks.graphml"
"0.19","0.54","0.27","0.738718054875983","2,2,2,2,2,1,2,1,1,1,2,4,1,1,1,5,1,2,7,4,3,6,1,1,1,1,1,5,2,1,2,7,4,4,7,7,8,1,3,3,3,3,6,6,6,6,3,6,6,6,3,3,3,3,3,6,6,6,6,3,9,3,3,1,1,3,3,3,3,3,6,3,1,1,3,3,3,3,3,3,3,1,5,5,5,10,3,3,3,3,11,12,13,3,3,3,5,3,3,3,3,3,3,3,3,3,3,4,4,4,3,3,3,7,7,7,7,7,7,7,7,8,8,8,8,8,8,8,8","0.000987052917480469","fast_greedy","edit-xhwikibooks.graphml"
"0.18","0.55","0.27","0.730616429578367","1,1,1,1,2,1,2,7,7,1,2,2,7,7,7,1,8,2,2,2,3,4,7,7,7,7,7,1,1,9,10,2,2,2,5,5,6,7,3,3,3,3,4,4,4,4,3,4,4,4,3,3,3,3,3,4,4,4,4,3,11,3,3,12,13,3,3,3,3,3,4,3,7,7,3,3,3,3,3,3,3,14,1,1,1,15,3,3,3,3,16,17,18,3,3,3,19,3,3,3,3,3,3,3,3,3,3,20,21,3,3,3,3,5,5,5,5,5,5,5,5,6,6,6,6,6,6,6,6","0.00104594230651855","fast_greedy","edit-xhwikibooks.graphml"
"0.17","0.56","0.27","0.730616429578367","1,1,1,1,2,1,2,7,7,1,2,2,7,7,7,1,8,2,2,2,3,4,7,7,7,7,7,1,1,9,10,2,2,2,5,5,6,7,3,3,3,3,4,4,4,4,3,4,4,4,3,3,3,3,3,4,4,4,4,3,11,3,3,12,13,3,3,3,3,3,4,3,7,7,3,3,3,3,3,3,3,14,1,1,1,15,3,3,3,3,16,17,18,3,3,3,19,3,3,3,3,3,3,3,3,3,3,20,21,3,3,3,3,5,5,5,5,5,5,5,5,6,6,6,6,6,6,6,6","0.000872135162353516","fast_greedy","edit-xhwikibooks.graphml"
"0.16","0.57","0.27","0.730616429578367","1,1,1,1,2,1,2,7,7,1,2,2,7,7,7,1,8,2,2,2,3,4,7,7,7,7,7,1,1,9,10,2,2,2,5,5,6,7,3,3,3,3,4,4,4,4,3,4,4,4,3,3,3,3,3,4,4,4,4,3,11,3,3,12,13,3,3,3,3,3,4,3,7,7,3,3,3,3,3,3,3,14,1,1,1,15,3,3,3,3,16,17,18,3,3,3,19,3,3,3,3,3,3,3,3,3,3,20,21,3,3,3,3,5,5,5,5,5,5,5,5,6,6,6,6,6,6,6,6","0.000854015350341797","fast_greedy","edit-xhwikibooks.graphml"
"0.15","0.58","0.27","0.730616429578367","1,1,1,1,2,1,2,7,7,1,2,2,7,7,7,1,8,2,2,2,3,4,7,7,7,7,7,1,1,9,10,2,2,2,5,5,6,7,3,3,3,3,4,4,4,4,3,4,4,4,3,3,3,3,3,4,4,4,4,3,11,3,3,12,13,3,3,3,3,3,4,3,7,7,3,3,3,3,3,3,3,14,1,1,1,15,3,3,3,3,16,17,18,3,3,3,19,3,3,3,3,3,3,3,3,3,3,20,21,3,3,3,3,5,5,5,5,5,5,5,5,6,6,6,6,6,6,6,6","0.000876903533935547","fast_greedy","edit-xhwikibooks.graphml"
"0.14","0.59","0.27","0.730616429578367","1,1,1,1,2,1,2,7,7,1,2,2,7,7,7,1,8,2,2,2,3,4,7,7,7,7,7,1,1,9,10,2,2,2,5,5,6,7,3,3,3,3,4,4,4,4,3,4,4,4,3,3,3,3,3,4,4,4,4,3,11,3,3,12,13,3,3,3,3,3,4,3,7,7,3,3,3,3,3,3,3,14,1,1,1,15,3,3,3,3,16,17,18,3,3,3,19,3,3,3,3,3,3,3,3,3,3,20,21,3,3,3,3,5,5,5,5,5,5,5,5,6,6,6,6,6,6,6,6","0.000890970230102539","fast_greedy","edit-xhwikibooks.graphml"
"0.13","0.6","0.27","0.730616429578367","1,1,1,1,2,1,2,7,7,1,2,2,7,7,7,1,8,2,2,2,3,4,7,7,7,7,7,1,1,9,10,2,2,2,5,5,6,7,3,3,3,3,4,4,4,4,3,4,4,4,3,3,3,3,3,4,4,4,4,3,11,3,3,12,13,3,3,3,3,3,4,3,7,7,3,3,3,3,3,3,3,14,1,1,1,15,3,3,3,3,16,17,18,3,3,3,19,3,3,3,3,3,3,3,3,3,3,20,21,3,3,3,3,5,5,5,5,5,5,5,5,6,6,6,6,6,6,6,6","0.000879049301147461","fast_greedy","edit-xhwikibooks.graphml"
"0.12","0.61","0.27","0.730616429578367","1,1,1,1,2,1,2,7,7,1,2,2,7,7,7,1,8,2,2,2,3,4,7,7,7,7,7,1,1,9,10,2,2,2,5,5,6,7,3,3,3,3,4,4,4,4,3,4,4,4,3,3,3,3,3,4,4,4,4,3,11,3,3,12,13,3,3,3,3,3,4,3,7,7,3,3,3,3,3,3,3,14,1,1,1,15,3,3,3,3,16,17,18,3,3,3,19,3,3,3,3,3,3,3,3,3,3,20,21,3,3,3,3,5,5,5,5,5,5,5,5,6,6,6,6,6,6,6,6","0.000905036926269531","fast_greedy","edit-xhwikibooks.graphml"
"0.11","0.62","0.27","0.730616429578367","1,1,1,1,2,1,2,7,7,1,2,2,7,7,7,1,8,2,2,2,3,4,7,7,7,7,7,1,1,9,10,2,2,2,5,5,6,7,3,3,3,3,4,4,4,4,3,4,4,4,3,3,3,3,3,4,4,4,4,3,11,3,3,12,13,3,3,3,3,3,4,3,7,7,3,3,3,3,3,3,3,14,1,1,1,15,3,3,3,3,16,17,18,3,3,3,19,3,3,3,3,3,3,3,3,3,3,20,21,3,3,3,3,5,5,5,5,5,5,5,5,6,6,6,6,6,6,6,6","0.000916004180908203","fast_greedy","edit-xhwikibooks.graphml"
"0.1","0.63","0.27","0.730616429578367","1,1,1,1,2,1,2,7,7,1,2,2,7,7,7,1,8,2,2,2,3,4,7,7,7,7,7,1,1,9,10,2,2,2,5,5,6,7,3,3,3,3,4,4,4,4,3,4,4,4,3,3,3,3,3,4,4,4,4,3,11,3,3,12,13,3,3,3,3,3,4,3,7,7,3,3,3,3,3,3,3,14,1,1,1,15,3,3,3,3,16,17,18,3,3,3,19,3,3,3,3,3,3,3,3,3,3,20,21,3,3,3,3,5,5,5,5,5,5,5,5,6,6,6,6,6,6,6,6","0.000917911529541016","fast_greedy","edit-xhwikibooks.graphml"
"0.09","0.64","0.27","0.730616429578367","1,1,1,1,2,1,2,7,7,1,2,2,7,7,7,1,8,2,2,2,3,4,7,7,7,7,7,1,1,9,10,2,2,2,5,5,6,7,3,3,3,3,4,4,4,4,3,4,4,4,3,3,3,3,3,4,4,4,4,3,11,3,3,12,13,3,3,3,3,3,4,3,7,7,3,3,3,3,3,3,3,14,1,1,1,15,3,3,3,3,16,17,18,3,3,3,19,3,3,3,3,3,3,3,3,3,3,20,21,3,3,3,3,5,5,5,5,5,5,5,5,6,6,6,6,6,6,6,6","0.000916957855224609","fast_greedy","edit-xhwikibooks.graphml"
"0.08","0.65","0.27","0.730616429578367","1,1,1,1,2,1,2,7,7,1,2,2,7,7,7,1,8,2,2,2,3,4,7,7,7,7,7,1,1,9,10,2,2,2,5,5,6,7,3,3,3,3,4,4,4,4,3,4,4,4,3,3,3,3,3,4,4,4,4,3,11,3,3,12,13,3,3,3,3,3,4,3,7,7,3,3,3,3,3,3,3,14,1,1,1,15,3,3,3,3,16,17,18,3,3,3,19,3,3,3,3,3,3,3,3,3,3,20,21,3,3,3,3,5,5,5,5,5,5,5,5,6,6,6,6,6,6,6,6","0.00103092193603516","fast_greedy","edit-xhwikibooks.graphml"
"0.07","0.66","0.27","0.730616429578367","1,1,1,1,2,1,2,7,7,1,2,2,7,7,7,1,8,2,2,2,3,4,7,7,7,7,7,1,1,9,10,2,2,2,5,5,6,7,3,3,3,3,4,4,4,4,3,4,4,4,3,3,3,3,3,4,4,4,4,3,11,3,3,12,13,3,3,3,3,3,4,3,7,7,3,3,3,3,3,3,3,14,1,1,1,15,3,3,3,3,16,17,18,3,3,3,19,3,3,3,3,3,3,3,3,3,3,20,21,3,3,3,3,5,5,5,5,5,5,5,5,6,6,6,6,6,6,6,6","0.000870943069458008","fast_greedy","edit-xhwikibooks.graphml"
"0.06","0.67","0.27","0.730616429578367","1,1,1,1,2,1,2,7,7,1,2,2,7,7,7,1,8,2,2,2,3,4,7,7,7,7,7,1,1,9,10,2,2,2,5,5,6,7,3,3,3,3,4,4,4,4,3,4,4,4,3,3,3,3,3,4,4,4,4,3,11,3,3,12,13,3,3,3,3,3,4,3,7,7,3,3,3,3,3,3,3,14,1,1,1,15,3,3,3,3,16,17,18,3,3,3,19,3,3,3,3,3,3,3,3,3,3,20,21,3,3,3,3,5,5,5,5,5,5,5,5,6,6,6,6,6,6,6,6","0.000902891159057617","fast_greedy","edit-xhwikibooks.graphml"
"0.05","0.68","0.27","0.730616429578367","1,1,1,1,2,1,2,7,7,1,2,2,7,7,7,1,8,2,2,2,3,4,7,7,7,7,7,1,1,9,10,2,2,2,5,5,6,7,3,3,3,3,4,4,4,4,3,4,4,4,3,3,3,3,3,4,4,4,4,3,11,3,3,12,13,3,3,3,3,3,4,3,7,7,3,3,3,3,3,3,3,14,1,1,1,15,3,3,3,3,16,17,18,3,3,3,19,3,3,3,3,3,3,3,3,3,3,20,21,3,3,3,3,5,5,5,5,5,5,5,5,6,6,6,6,6,6,6,6","0.00088810920715332","fast_greedy","edit-xhwikibooks.graphml"
"0.04","0.69","0.27","0.730616429578367","1,1,1,1,2,1,2,7,7,1,2,2,7,7,7,1,8,2,2,2,3,4,7,7,7,7,7,1,1,9,10,2,2,2,5,5,6,7,3,3,3,3,4,4,4,4,3,4,4,4,3,3,3,3,3,4,4,4,4,3,11,3,3,12,13,3,3,3,3,3,4,3,7,7,3,3,3,3,3,3,3,14,1,1,1,15,3,3,3,3,16,17,18,3,3,3,19,3,3,3,3,3,3,3,3,3,3,20,21,3,3,3,3,5,5,5,5,5,5,5,5,6,6,6,6,6,6,6,6","0.000890016555786133","fast_greedy","edit-xhwikibooks.graphml"
"0.03","0.7","0.27","0.730616429578367","1,1,1,1,2,1,2,7,7,1,2,2,7,7,7,1,8,2,2,2,3,4,7,7,7,7,7,1,1,9,10,2,2,2,5,5,6,7,3,3,3,3,4,4,4,4,3,4,4,4,3,3,3,3,3,4,4,4,4,3,11,3,3,12,13,3,3,3,3,3,4,3,7,7,3,3,3,3,3,3,3,14,1,1,1,15,3,3,3,3,16,17,18,3,3,3,19,3,3,3,3,3,3,3,3,3,3,20,21,3,3,3,3,5,5,5,5,5,5,5,5,6,6,6,6,6,6,6,6","0.000903844833374023","fast_greedy","edit-xhwikibooks.graphml"
"0.02","0.71","0.27","0.730616429578367","1,1,1,1,2,1,2,7,7,1,2,2,7,7,7,1,8,2,2,2,3,4,7,7,7,7,7,1,1,9,10,2,2,2,5,5,6,7,3,3,3,3,4,4,4,4,3,4,4,4,3,3,3,3,3,4,4,4,4,3,11,3,3,12,13,3,3,3,3,3,4,3,7,7,3,3,3,3,3,3,3,14,1,1,1,15,3,3,3,3,16,17,18,3,3,3,19,3,3,3,3,3,3,3,3,3,3,20,21,3,3,3,3,5,5,5,5,5,5,5,5,6,6,6,6,6,6,6,6","0.000917911529541016","fast_greedy","edit-xhwikibooks.graphml"
"0.01","0.72","0.27","0.730616429578367","1,1,1,1,2,1,2,7,7,1,2,2,7,7,7,1,8,2,2,2,3,4,7,7,7,7,7,1,1,9,10,2,2,2,5,5,6,7,3,3,3,3,4,4,4,4,3,4,4,4,3,3,3,3,3,4,4,4,4,3,11,3,3,12,13,3,3,3,3,3,4,3,7,7,3,3,3,3,3,3,3,14,1,1,1,15,3,3,3,3,16,17,18,3,3,3,19,3,3,3,3,3,3,3,3,3,3,20,21,3,3,3,3,5,5,5,5,5,5,5,5,6,6,6,6,6,6,6,6","0.000895023345947266","fast_greedy","edit-xhwikibooks.graphml"
"0","0.73","0.27","0.71595703125","1,1,1,1,1,1,3,1,6,1,3,3,6,6,6,1,8,3,5,3,2,4,6,6,6,6,6,1,1,9,10,5,3,3,5,5,7,6,2,2,2,2,4,4,4,4,2,4,4,4,2,2,2,2,2,4,4,4,4,2,11,2,2,12,13,2,2,2,2,2,4,2,6,6,2,2,2,2,2,2,2,14,1,1,1,15,2,2,2,2,16,17,18,2,2,2,19,2,2,2,2,2,2,2,2,2,2,20,21,2,2,2,2,5,5,5,5,5,5,5,5,7,7,7,7,7,7,7,7","0.000908136367797852","fast_greedy","edit-xhwikibooks.graphml"
"0.72","0","0.28","0.731305122912366","1,1,1,1,1,3,1,3,3,8,2,1,3,3,3,5,8,2,2,1,4,6,3,3,3,3,3,5,1,8,2,2,1,1,2,2,7,3,4,4,4,4,6,6,6,6,4,6,6,6,4,4,4,4,4,6,6,6,6,4,3,4,4,3,3,4,4,4,4,4,6,4,3,3,4,4,4,4,4,4,4,3,5,5,5,1,4,4,4,4,8,2,2,4,4,4,5,4,4,4,4,4,4,4,4,4,4,1,1,1,4,4,4,2,2,2,2,2,2,2,2,7,7,7,7,7,7,7,7","0.000899076461791992","fast_greedy","edit-xhwikibooks.graphml"
"0.71","0.01","0.28","0.731305122912366","1,1,1,1,1,3,1,3,3,8,2,1,3,3,3,5,8,2,2,1,4,6,3,3,3,3,3,5,1,8,2,2,1,1,2,2,7,3,4,4,4,4,6,6,6,6,4,6,6,6,4,4,4,4,4,6,6,6,6,4,3,4,4,3,3,4,4,4,4,4,6,4,3,3,4,4,4,4,4,4,4,3,5,5,5,1,4,4,4,4,8,2,2,4,4,4,5,4,4,4,4,4,4,4,4,4,4,1,1,1,4,4,4,2,2,2,2,2,2,2,2,7,7,7,7,7,7,7,7","0.000933170318603516","fast_greedy","edit-xhwikibooks.graphml"
"0.7","0.02","0.28","0.731305122912366","1,1,1,1,1,3,1,3,3,8,2,1,3,3,3,5,8,2,2,1,4,6,3,3,3,3,3,5,1,8,2,2,1,1,2,2,7,3,4,4,4,4,6,6,6,6,4,6,6,6,4,4,4,4,4,6,6,6,6,4,3,4,4,3,3,4,4,4,4,4,6,4,3,3,4,4,4,4,4,4,4,3,5,5,5,1,4,4,4,4,8,2,2,4,4,4,5,4,4,4,4,4,4,4,4,4,4,1,1,1,4,4,4,2,2,2,2,2,2,2,2,7,7,7,7,7,7,7,7","0.000916957855224609","fast_greedy","edit-xhwikibooks.graphml"
"0.69","0.03","0.28","0.731305122912366","1,1,1,1,1,3,1,3,3,8,2,1,3,3,3,5,8,2,2,1,4,6,3,3,3,3,3,5,1,8,2,2,1,1,2,2,7,3,4,4,4,4,6,6,6,6,4,6,6,6,4,4,4,4,4,6,6,6,6,4,3,4,4,3,3,4,4,4,4,4,6,4,3,3,4,4,4,4,4,4,4,3,5,5,5,1,4,4,4,4,8,2,2,4,4,4,5,4,4,4,4,4,4,4,4,4,4,1,1,1,4,4,4,2,2,2,2,2,2,2,2,7,7,7,7,7,7,7,7","0.000986814498901367","fast_greedy","edit-xhwikibooks.graphml"
"0.68","0.04","0.28","0.731305122912366","1,1,1,1,1,3,1,3,3,8,2,1,3,3,3,5,8,2,2,1,4,6,3,3,3,3,3,5,1,8,2,2,1,1,2,2,7,3,4,4,4,4,6,6,6,6,4,6,6,6,4,4,4,4,4,6,6,6,6,4,3,4,4,3,3,4,4,4,4,4,6,4,3,3,4,4,4,4,4,4,4,3,5,5,5,1,4,4,4,4,8,2,2,4,4,4,5,4,4,4,4,4,4,4,4,4,4,1,1,1,4,4,4,2,2,2,2,2,2,2,2,7,7,7,7,7,7,7,7","0.000890970230102539","fast_greedy","edit-xhwikibooks.graphml"
"0.67","0.05","0.28","0.731305122912366","1,1,1,1,1,3,1,3,3,8,2,1,3,3,3,5,8,2,2,1,4,6,3,3,3,3,3,5,1,8,2,2,1,1,2,2,7,3,4,4,4,4,6,6,6,6,4,6,6,6,4,4,4,4,4,6,6,6,6,4,3,4,4,3,3,4,4,4,4,4,6,4,3,3,4,4,4,4,4,4,4,3,5,5,5,1,4,4,4,4,8,2,2,4,4,4,5,4,4,4,4,4,4,4,4,4,4,1,1,1,4,4,4,2,2,2,2,2,2,2,2,7,7,7,7,7,7,7,7","0.000898838043212891","fast_greedy","edit-xhwikibooks.graphml"
"0.66","0.06","0.28","0.731305122912366","1,1,1,1,1,3,1,3,3,8,2,1,3,3,3,5,8,2,2,1,4,6,3,3,3,3,3,5,1,8,2,2,1,1,2,2,7,3,4,4,4,4,6,6,6,6,4,6,6,6,4,4,4,4,4,6,6,6,6,4,3,4,4,3,3,4,4,4,4,4,6,4,3,3,4,4,4,4,4,4,4,3,5,5,5,1,4,4,4,4,8,2,2,4,4,4,5,4,4,4,4,4,4,4,4,4,4,1,1,1,4,4,4,2,2,2,2,2,2,2,2,7,7,7,7,7,7,7,7","0.00102686882019043","fast_greedy","edit-xhwikibooks.graphml"
"0.65","0.07","0.28","0.731305122912366","1,1,1,1,1,3,1,3,3,8,2,1,3,3,3,5,8,2,2,1,4,6,3,3,3,3,3,5,1,8,2,2,1,1,2,2,7,3,4,4,4,4,6,6,6,6,4,6,6,6,4,4,4,4,4,6,6,6,6,4,3,4,4,3,3,4,4,4,4,4,6,4,3,3,4,4,4,4,4,4,4,3,5,5,5,1,4,4,4,4,8,2,2,4,4,4,5,4,4,4,4,4,4,4,4,4,4,1,1,1,4,4,4,2,2,2,2,2,2,2,2,7,7,7,7,7,7,7,7","0.000914096832275391","fast_greedy","edit-xhwikibooks.graphml"
"0.64","0.08","0.28","0.731305122912366","1,1,1,1,1,3,1,3,3,8,2,1,3,3,3,5,8,2,2,1,4,6,3,3,3,3,3,5,1,8,2,2,1,1,2,2,7,3,4,4,4,4,6,6,6,6,4,6,6,6,4,4,4,4,4,6,6,6,6,4,3,4,4,3,3,4,4,4,4,4,6,4,3,3,4,4,4,4,4,4,4,3,5,5,5,1,4,4,4,4,8,2,2,4,4,4,5,4,4,4,4,4,4,4,4,4,4,1,1,1,4,4,4,2,2,2,2,2,2,2,2,7,7,7,7,7,7,7,7","0.000947952270507812","fast_greedy","edit-xhwikibooks.graphml"
"0.63","0.09","0.28","0.731305122912366","1,1,1,1,1,3,1,3,3,8,2,1,3,3,3,5,8,2,2,1,4,6,3,3,3,3,3,5,1,8,2,2,1,1,2,2,7,3,4,4,4,4,6,6,6,6,4,6,6,6,4,4,4,4,4,6,6,6,6,4,3,4,4,3,3,4,4,4,4,4,6,4,3,3,4,4,4,4,4,4,4,3,5,5,5,1,4,4,4,4,8,2,2,4,4,4,5,4,4,4,4,4,4,4,4,4,4,1,1,1,4,4,4,2,2,2,2,2,2,2,2,7,7,7,7,7,7,7,7","0.000890016555786133","fast_greedy","edit-xhwikibooks.graphml"
"0.62","0.1","0.28","0.731305122912366","1,1,1,1,1,3,1,3,3,8,2,1,3,3,3,5,8,2,2,1,4,6,3,3,3,3,3,5,1,8,2,2,1,1,2,2,7,3,4,4,4,4,6,6,6,6,4,6,6,6,4,4,4,4,4,6,6,6,6,4,3,4,4,3,3,4,4,4,4,4,6,4,3,3,4,4,4,4,4,4,4,3,5,5,5,1,4,4,4,4,8,2,2,4,4,4,5,4,4,4,4,4,4,4,4,4,4,1,1,1,4,4,4,2,2,2,2,2,2,2,2,7,7,7,7,7,7,7,7","0.000932931900024414","fast_greedy","edit-xhwikibooks.graphml"
"0.61","0.11","0.28","0.731305122912366","1,1,1,1,1,3,1,3,3,8,2,1,3,3,3,5,8,2,2,1,4,6,3,3,3,3,3,5,1,8,2,2,1,1,2,2,7,3,4,4,4,4,6,6,6,6,4,6,6,6,4,4,4,4,4,6,6,6,6,4,3,4,4,3,3,4,4,4,4,4,6,4,3,3,4,4,4,4,4,4,4,3,5,5,5,1,4,4,4,4,8,2,2,4,4,4,5,4,4,4,4,4,4,4,4,4,4,1,1,1,4,4,4,2,2,2,2,2,2,2,2,7,7,7,7,7,7,7,7","0.000918865203857422","fast_greedy","edit-xhwikibooks.graphml"
"0.6","0.12","0.28","0.731305122912366","1,1,1,1,1,3,1,3,3,8,2,1,3,3,3,5,8,2,2,1,4,6,3,3,3,3,3,5,1,8,2,2,1,1,2,2,7,3,4,4,4,4,6,6,6,6,4,6,6,6,4,4,4,4,4,6,6,6,6,4,3,4,4,3,3,4,4,4,4,4,6,4,3,3,4,4,4,4,4,4,4,3,5,5,5,1,4,4,4,4,8,2,2,4,4,4,5,4,4,4,4,4,4,4,4,4,4,1,1,1,4,4,4,2,2,2,2,2,2,2,2,7,7,7,7,7,7,7,7","0.000954151153564453","fast_greedy","edit-xhwikibooks.graphml"
"0.59","0.13","0.28","0.731305122912366","1,1,1,1,1,3,1,3,3,8,2,1,3,3,3,5,8,2,2,1,4,6,3,3,3,3,3,5,1,8,2,2,1,1,2,2,7,3,4,4,4,4,6,6,6,6,4,6,6,6,4,4,4,4,4,6,6,6,6,4,3,4,4,3,3,4,4,4,4,4,6,4,3,3,4,4,4,4,4,4,4,3,5,5,5,1,4,4,4,4,8,2,2,4,4,4,5,4,4,4,4,4,4,4,4,4,4,1,1,1,4,4,4,2,2,2,2,2,2,2,2,7,7,7,7,7,7,7,7","0.000943899154663086","fast_greedy","edit-xhwikibooks.graphml"
"0.58","0.14","0.28","0.731305122912366","1,1,1,1,1,3,1,3,3,8,2,1,3,3,3,5,8,2,2,1,4,6,3,3,3,3,3,5,1,8,2,2,1,1,2,2,7,3,4,4,4,4,6,6,6,6,4,6,6,6,4,4,4,4,4,6,6,6,6,4,3,4,4,3,3,4,4,4,4,4,6,4,3,3,4,4,4,4,4,4,4,3,5,5,5,1,4,4,4,4,8,2,2,4,4,4,5,4,4,4,4,4,4,4,4,4,4,1,1,1,4,4,4,2,2,2,2,2,2,2,2,7,7,7,7,7,7,7,7","0.0010380744934082","fast_greedy","edit-xhwikibooks.graphml"
"0.57","0.15","0.28","0.731305122912366","1,1,1,1,1,3,1,3,3,8,2,1,3,3,3,5,8,2,2,1,4,6,3,3,3,3,3,5,1,8,2,2,1,1,2,2,7,3,4,4,4,4,6,6,6,6,4,6,6,6,4,4,4,4,4,6,6,6,6,4,3,4,4,3,3,4,4,4,4,4,6,4,3,3,4,4,4,4,4,4,4,3,5,5,5,1,4,4,4,4,8,2,2,4,4,4,5,4,4,4,4,4,4,4,4,4,4,1,1,1,4,4,4,2,2,2,2,2,2,2,2,7,7,7,7,7,7,7,7","0.000885009765625","fast_greedy","edit-xhwikibooks.graphml"
"0.56","0.16","0.28","0.731305122912366","1,1,1,1,1,3,1,3,3,8,2,1,3,3,3,5,8,2,2,1,4,6,3,3,3,3,3,5,1,8,2,2,1,1,2,2,7,3,4,4,4,4,6,6,6,6,4,6,6,6,4,4,4,4,4,6,6,6,6,4,3,4,4,3,3,4,4,4,4,4,6,4,3,3,4,4,4,4,4,4,4,3,5,5,5,1,4,4,4,4,8,2,2,4,4,4,5,4,4,4,4,4,4,4,4,4,4,1,1,1,4,4,4,2,2,2,2,2,2,2,2,7,7,7,7,7,7,7,7","0.000896215438842773","fast_greedy","edit-xhwikibooks.graphml"
"0.55","0.17","0.28","0.736336711555371","1,1,1,1,1,2,1,2,2,9,1,4,2,2,2,5,9,1,7,4,3,6,2,2,2,2,2,5,1,9,1,7,4,4,7,7,8,2,3,3,3,3,6,6,6,6,3,6,6,6,3,3,3,3,3,6,6,6,6,3,2,3,3,2,2,3,3,3,3,3,6,3,2,2,3,3,3,3,3,3,3,2,5,5,5,1,3,3,3,3,9,1,7,3,3,3,5,3,3,3,3,3,3,3,3,3,3,4,4,4,3,3,3,7,7,7,7,7,7,7,7,8,8,8,8,8,8,8,8","0.000910043716430664","fast_greedy","edit-xhwikibooks.graphml"
"0.54","0.18","0.28","0.736336711555371","1,1,1,1,1,2,1,2,2,9,1,4,2,2,2,5,9,1,7,4,3,6,2,2,2,2,2,5,1,9,1,7,4,4,7,7,8,2,3,3,3,3,6,6,6,6,3,6,6,6,3,3,3,3,3,6,6,6,6,3,2,3,3,2,2,3,3,3,3,3,6,3,2,2,3,3,3,3,3,3,3,2,5,5,5,1,3,3,3,3,9,1,7,3,3,3,5,3,3,3,3,3,3,3,3,3,3,4,4,4,3,3,3,7,7,7,7,7,7,7,7,8,8,8,8,8,8,8,8","0.000895023345947266","fast_greedy","edit-xhwikibooks.graphml"
"0.53","0.19","0.28","0.736336711555371","1,1,1,1,1,2,1,2,2,9,1,4,2,2,2,5,9,1,7,4,3,6,2,2,2,2,2,5,1,9,1,7,4,4,7,7,8,2,3,3,3,3,6,6,6,6,3,6,6,6,3,3,3,3,3,6,6,6,6,3,2,3,3,2,2,3,3,3,3,3,6,3,2,2,3,3,3,3,3,3,3,2,5,5,5,1,3,3,3,3,9,1,7,3,3,3,5,3,3,3,3,3,3,3,3,3,3,4,4,4,3,3,3,7,7,7,7,7,7,7,7,8,8,8,8,8,8,8,8","0.000890016555786133","fast_greedy","edit-xhwikibooks.graphml"
"0.52","0.2","0.28","0.736336711555371","1,1,1,1,1,2,1,2,2,9,1,4,2,2,2,5,9,1,7,4,3,6,2,2,2,2,2,5,1,9,1,7,4,4,7,7,8,2,3,3,3,3,6,6,6,6,3,6,6,6,3,3,3,3,3,6,6,6,6,3,2,3,3,2,2,3,3,3,3,3,6,3,2,2,3,3,3,3,3,3,3,2,5,5,5,1,3,3,3,3,9,1,7,3,3,3,5,3,3,3,3,3,3,3,3,3,3,4,4,4,3,3,3,7,7,7,7,7,7,7,7,8,8,8,8,8,8,8,8","0.000889062881469727","fast_greedy","edit-xhwikibooks.graphml"
"0.51","0.21","0.28","0.736336711555371","1,1,1,1,1,2,1,2,2,9,1,4,2,2,2,5,9,1,7,4,3,6,2,2,2,2,2,5,1,9,1,7,4,4,7,7,8,2,3,3,3,3,6,6,6,6,3,6,6,6,3,3,3,3,3,6,6,6,6,3,2,3,3,2,2,3,3,3,3,3,6,3,2,2,3,3,3,3,3,3,3,2,5,5,5,1,3,3,3,3,9,1,7,3,3,3,5,3,3,3,3,3,3,3,3,3,3,4,4,4,3,3,3,7,7,7,7,7,7,7,7,8,8,8,8,8,8,8,8","0.00090789794921875","fast_greedy","edit-xhwikibooks.graphml"
"0.5","0.22","0.28","0.736336711555371","1,1,1,1,1,2,1,2,2,9,1,4,2,2,2,5,9,1,7,4,3,6,2,2,2,2,2,5,1,9,1,7,4,4,7,7,8,2,3,3,3,3,6,6,6,6,3,6,6,6,3,3,3,3,3,6,6,6,6,3,2,3,3,2,2,3,3,3,3,3,6,3,2,2,3,3,3,3,3,3,3,2,5,5,5,1,3,3,3,3,9,1,7,3,3,3,5,3,3,3,3,3,3,3,3,3,3,4,4,4,3,3,3,7,7,7,7,7,7,7,7,8,8,8,8,8,8,8,8","0.000921964645385742","fast_greedy","edit-xhwikibooks.graphml"
"0.49","0.23","0.28","0.736336711555371","1,1,1,1,1,2,1,2,2,9,1,4,2,2,2,5,9,1,7,4,3,6,2,2,2,2,2,5,1,9,1,7,4,4,7,7,8,2,3,3,3,3,6,6,6,6,3,6,6,6,3,3,3,3,3,6,6,6,6,3,2,3,3,2,2,3,3,3,3,3,6,3,2,2,3,3,3,3,3,3,3,2,5,5,5,1,3,3,3,3,9,1,7,3,3,3,5,3,3,3,3,3,3,3,3,3,3,4,4,4,3,3,3,7,7,7,7,7,7,7,7,8,8,8,8,8,8,8,8","0.000893831253051758","fast_greedy","edit-xhwikibooks.graphml"
"0.48","0.24","0.28","0.736336711555371","1,1,1,1,1,2,1,2,2,9,1,4,2,2,2,5,9,1,7,4,3,6,2,2,2,2,2,5,1,9,1,7,4,4,7,7,8,2,3,3,3,3,6,6,6,6,3,6,6,6,3,3,3,3,3,6,6,6,6,3,2,3,3,2,2,3,3,3,3,3,6,3,2,2,3,3,3,3,3,3,3,2,5,5,5,1,3,3,3,3,9,1,7,3,3,3,5,3,3,3,3,3,3,3,3,3,3,4,4,4,3,3,3,7,7,7,7,7,7,7,7,8,8,8,8,8,8,8,8","0.000932931900024414","fast_greedy","edit-xhwikibooks.graphml"
"0.47","0.25","0.28","0.736336711555371","1,1,1,1,1,2,1,2,2,9,1,4,2,2,2,5,9,1,7,4,3,6,2,2,2,2,2,5,1,9,1,7,4,4,7,7,8,2,3,3,3,3,6,6,6,6,3,6,6,6,3,3,3,3,3,6,6,6,6,3,2,3,3,2,2,3,3,3,3,3,6,3,2,2,3,3,3,3,3,3,3,2,5,5,5,1,3,3,3,3,9,1,7,3,3,3,5,3,3,3,3,3,3,3,3,3,3,4,4,4,3,3,3,7,7,7,7,7,7,7,7,8,8,8,8,8,8,8,8","0.000889062881469727","fast_greedy","edit-xhwikibooks.graphml"
"0.46","0.26","0.28","0.736336711555371","1,1,1,1,1,2,1,2,2,9,1,4,2,2,2,5,9,1,7,4,3,6,2,2,2,2,2,5,1,9,1,7,4,4,7,7,8,2,3,3,3,3,6,6,6,6,3,6,6,6,3,3,3,3,3,6,6,6,6,3,2,3,3,2,2,3,3,3,3,3,6,3,2,2,3,3,3,3,3,3,3,2,5,5,5,1,3,3,3,3,9,1,7,3,3,3,5,3,3,3,3,3,3,3,3,3,3,4,4,4,3,3,3,7,7,7,7,7,7,7,7,8,8,8,8,8,8,8,8","0.000887155532836914","fast_greedy","edit-xhwikibooks.graphml"
"0.45","0.27","0.28","0.736336711555371","1,1,1,1,1,2,1,2,2,9,1,4,2,2,2,5,9,1,7,4,3,6,2,2,2,2,2,5,1,9,1,7,4,4,7,7,8,2,3,3,3,3,6,6,6,6,3,6,6,6,3,3,3,3,3,6,6,6,6,3,2,3,3,2,2,3,3,3,3,3,6,3,2,2,3,3,3,3,3,3,3,2,5,5,5,1,3,3,3,3,9,1,7,3,3,3,5,3,3,3,3,3,3,3,3,3,3,4,4,4,3,3,3,7,7,7,7,7,7,7,7,8,8,8,8,8,8,8,8","0.000893831253051758","fast_greedy","edit-xhwikibooks.graphml"
"0.44","0.28","0.28","0.736336711555371","1,1,1,1,1,2,1,2,2,9,1,4,2,2,2,5,9,1,7,4,3,6,2,2,2,2,2,5,1,9,1,7,4,4,7,7,8,2,3,3,3,3,6,6,6,6,3,6,6,6,3,3,3,3,3,6,6,6,6,3,2,3,3,2,2,3,3,3,3,3,6,3,2,2,3,3,3,3,3,3,3,2,5,5,5,1,3,3,3,3,9,1,7,3,3,3,5,3,3,3,3,3,3,3,3,3,3,4,4,4,3,3,3,7,7,7,7,7,7,7,7,8,8,8,8,8,8,8,8","0.000875949859619141","fast_greedy","edit-xhwikibooks.graphml"
"0.43","0.29","0.28","0.723913905971037","1,2,1,1,1,2,1,2,2,2,1,1,2,2,2,4,2,1,6,1,3,5,2,2,2,2,2,4,2,2,1,6,1,1,6,6,7,2,3,3,3,3,5,5,5,5,3,5,5,5,3,3,3,3,3,5,5,5,5,3,8,3,3,2,2,3,3,3,3,3,5,3,2,2,3,3,3,3,3,3,3,2,4,4,4,9,3,3,3,3,10,11,12,3,3,3,4,3,3,3,3,3,3,3,3,3,3,1,1,1,3,3,3,6,6,6,6,6,6,6,6,7,7,7,7,7,7,7,7","0.00089716911315918","fast_greedy","edit-xhwikibooks.graphml"
"0.42","0.3","0.28","0.723913905971037","1,2,1,1,1,2,1,2,2,2,1,1,2,2,2,4,2,1,6,1,3,5,2,2,2,2,2,4,2,2,1,6,1,1,6,6,7,2,3,3,3,3,5,5,5,5,3,5,5,5,3,3,3,3,3,5,5,5,5,3,8,3,3,2,2,3,3,3,3,3,5,3,2,2,3,3,3,3,3,3,3,2,4,4,4,9,3,3,3,3,10,11,12,3,3,3,4,3,3,3,3,3,3,3,3,3,3,1,1,1,3,3,3,6,6,6,6,6,6,6,6,7,7,7,7,7,7,7,7","0.000996828079223633","fast_greedy","edit-xhwikibooks.graphml"
"0.41","0.31","0.28","0.723913905971037","1,2,1,1,1,2,1,2,2,2,1,1,2,2,2,4,2,1,6,1,3,5,2,2,2,2,2,4,2,2,1,6,1,1,6,6,7,2,3,3,3,3,5,5,5,5,3,5,5,5,3,3,3,3,3,5,5,5,5,3,8,3,3,2,2,3,3,3,3,3,5,3,2,2,3,3,3,3,3,3,3,2,4,4,4,9,3,3,3,3,10,11,12,3,3,3,4,3,3,3,3,3,3,3,3,3,3,1,1,1,3,3,3,6,6,6,6,6,6,6,6,7,7,7,7,7,7,7,7","0.000851869583129883","fast_greedy","edit-xhwikibooks.graphml"
"0.4","0.32","0.28","0.723913905971037","1,2,1,1,1,2,1,2,2,2,1,1,2,2,2,4,2,1,6,1,3,5,2,2,2,2,2,4,2,2,1,6,1,1,6,6,7,2,3,3,3,3,5,5,5,5,3,5,5,5,3,3,3,3,3,5,5,5,5,3,8,3,3,2,2,3,3,3,3,3,5,3,2,2,3,3,3,3,3,3,3,2,4,4,4,9,3,3,3,3,10,11,12,3,3,3,4,3,3,3,3,3,3,3,3,3,3,1,1,1,3,3,3,6,6,6,6,6,6,6,6,7,7,7,7,7,7,7,7","0.000876903533935547","fast_greedy","edit-xhwikibooks.graphml"
"0.39","0.33","0.28","0.723913905971037","1,2,1,1,1,2,1,2,2,2,1,1,2,2,2,4,2,1,6,1,3,5,2,2,2,2,2,4,2,2,1,6,1,1,6,6,7,2,3,3,3,3,5,5,5,5,3,5,5,5,3,3,3,3,3,5,5,5,5,3,8,3,3,2,2,3,3,3,3,3,5,3,2,2,3,3,3,3,3,3,3,2,4,4,4,9,3,3,3,3,10,11,12,3,3,3,4,3,3,3,3,3,3,3,3,3,3,1,1,1,3,3,3,6,6,6,6,6,6,6,6,7,7,7,7,7,7,7,7","0.000875949859619141","fast_greedy","edit-xhwikibooks.graphml"
"0.38","0.34","0.28","0.729228813144897","2,2,2,2,2,1,2,1,1,1,2,4,1,1,1,5,1,2,7,4,3,6,1,1,1,1,1,5,2,1,2,7,4,4,7,7,8,1,3,3,3,3,6,6,6,6,3,6,6,6,3,3,3,3,3,6,6,6,6,3,9,3,3,1,1,3,3,3,3,3,6,3,1,1,3,3,3,3,3,3,3,1,5,5,5,10,3,3,3,3,11,12,13,3,3,3,5,3,3,3,3,3,3,3,3,3,3,4,4,4,3,3,3,7,7,7,7,7,7,7,7,8,8,8,8,8,8,8,8","0.000901937484741211","fast_greedy","edit-xhwikibooks.graphml"
"0.37","0.35","0.28","0.729228813144897","2,2,2,2,2,1,2,1,1,1,2,4,1,1,1,5,1,2,7,4,3,6,1,1,1,1,1,5,2,1,2,7,4,4,7,7,8,1,3,3,3,3,6,6,6,6,3,6,6,6,3,3,3,3,3,6,6,6,6,3,9,3,3,1,1,3,3,3,3,3,6,3,1,1,3,3,3,3,3,3,3,1,5,5,5,10,3,3,3,3,11,12,13,3,3,3,5,3,3,3,3,3,3,3,3,3,3,4,4,4,3,3,3,7,7,7,7,7,7,7,7,8,8,8,8,8,8,8,8","0.000902891159057617","fast_greedy","edit-xhwikibooks.graphml"
"0.36","0.36","0.28","0.729228813144897","2,2,2,2,2,1,2,1,1,1,2,4,1,1,1,5,1,2,7,4,3,6,1,1,1,1,1,5,2,1,2,7,4,4,7,7,8,1,3,3,3,3,6,6,6,6,3,6,6,6,3,3,3,3,3,6,6,6,6,3,9,3,3,1,1,3,3,3,3,3,6,3,1,1,3,3,3,3,3,3,3,1,5,5,5,10,3,3,3,3,11,12,13,3,3,3,5,3,3,3,3,3,3,3,3,3,3,4,4,4,3,3,3,7,7,7,7,7,7,7,7,8,8,8,8,8,8,8,8","0.000931978225708008","fast_greedy","edit-xhwikibooks.graphml"
"0.35","0.37","0.28","0.729228813144897","2,2,2,2,2,1,2,1,1,1,2,4,1,1,1,5,1,2,7,4,3,6,1,1,1,1,1,5,2,1,2,7,4,4,7,7,8,1,3,3,3,3,6,6,6,6,3,6,6,6,3,3,3,3,3,6,6,6,6,3,9,3,3,1,1,3,3,3,3,3,6,3,1,1,3,3,3,3,3,3,3,1,5,5,5,10,3,3,3,3,11,12,13,3,3,3,5,3,3,3,3,3,3,3,3,3,3,4,4,4,3,3,3,7,7,7,7,7,7,7,7,8,8,8,8,8,8,8,8","0.00102019309997559","fast_greedy","edit-xhwikibooks.graphml"
"0.34","0.38","0.28","0.729228813144897","2,2,2,2,2,1,2,1,1,1,2,4,1,1,1,5,1,2,7,4,3,6,1,1,1,1,1,5,2,1,2,7,4,4,7,7,8,1,3,3,3,3,6,6,6,6,3,6,6,6,3,3,3,3,3,6,6,6,6,3,9,3,3,1,1,3,3,3,3,3,6,3,1,1,3,3,3,3,3,3,3,1,5,5,5,10,3,3,3,3,11,12,13,3,3,3,5,3,3,3,3,3,3,3,3,3,3,4,4,4,3,3,3,7,7,7,7,7,7,7,7,8,8,8,8,8,8,8,8","0.000855922698974609","fast_greedy","edit-xhwikibooks.graphml"
"0.33","0.39","0.28","0.729228813144897","2,2,2,2,2,1,2,1,1,1,2,4,1,1,1,5,1,2,7,4,3,6,1,1,1,1,1,5,2,1,2,7,4,4,7,7,8,1,3,3,3,3,6,6,6,6,3,6,6,6,3,3,3,3,3,6,6,6,6,3,9,3,3,1,1,3,3,3,3,3,6,3,1,1,3,3,3,3,3,3,3,1,5,5,5,10,3,3,3,3,11,12,13,3,3,3,5,3,3,3,3,3,3,3,3,3,3,4,4,4,3,3,3,7,7,7,7,7,7,7,7,8,8,8,8,8,8,8,8","0.00087285041809082","fast_greedy","edit-xhwikibooks.graphml"
"0.32","0.4","0.28","0.729228813144897","2,2,2,2,2,1,2,1,1,1,2,4,1,1,1,5,1,2,7,4,3,6,1,1,1,1,1,5,2,1,2,7,4,4,7,7,8,1,3,3,3,3,6,6,6,6,3,6,6,6,3,3,3,3,3,6,6,6,6,3,9,3,3,1,1,3,3,3,3,3,6,3,1,1,3,3,3,3,3,3,3,1,5,5,5,10,3,3,3,3,11,12,13,3,3,3,5,3,3,3,3,3,3,3,3,3,3,4,4,4,3,3,3,7,7,7,7,7,7,7,7,8,8,8,8,8,8,8,8","0.000894784927368164","fast_greedy","edit-xhwikibooks.graphml"
"0.31","0.41","0.28","0.729228813144897","2,2,2,2,2,1,2,1,1,1,2,4,1,1,1,5,1,2,7,4,3,6,1,1,1,1,1,5,2,1,2,7,4,4,7,7,8,1,3,3,3,3,6,6,6,6,3,6,6,6,3,3,3,3,3,6,6,6,6,3,9,3,3,1,1,3,3,3,3,3,6,3,1,1,3,3,3,3,3,3,3,1,5,5,5,10,3,3,3,3,11,12,13,3,3,3,5,3,3,3,3,3,3,3,3,3,3,4,4,4,3,3,3,7,7,7,7,7,7,7,7,8,8,8,8,8,8,8,8","0.000895977020263672","fast_greedy","edit-xhwikibooks.graphml"
"0.3","0.42","0.28","0.729228813144897","2,2,2,2,2,1,2,1,1,1,2,4,1,1,1,5,1,2,7,4,3,6,1,1,1,1,1,5,2,1,2,7,4,4,7,7,8,1,3,3,3,3,6,6,6,6,3,6,6,6,3,3,3,3,3,6,6,6,6,3,9,3,3,1,1,3,3,3,3,3,6,3,1,1,3,3,3,3,3,3,3,1,5,5,5,10,3,3,3,3,11,12,13,3,3,3,5,3,3,3,3,3,3,3,3,3,3,4,4,4,3,3,3,7,7,7,7,7,7,7,7,8,8,8,8,8,8,8,8","0.00105404853820801","fast_greedy","edit-xhwikibooks.graphml"
"0.29","0.43","0.28","0.729228813144897","2,2,2,2,2,1,2,1,1,1,2,4,1,1,1,5,1,2,7,4,3,6,1,1,1,1,1,5,2,1,2,7,4,4,7,7,8,1,3,3,3,3,6,6,6,6,3,6,6,6,3,3,3,3,3,6,6,6,6,3,9,3,3,1,1,3,3,3,3,3,6,3,1,1,3,3,3,3,3,3,3,1,5,5,5,10,3,3,3,3,11,12,13,3,3,3,5,3,3,3,3,3,3,3,3,3,3,4,4,4,3,3,3,7,7,7,7,7,7,7,7,8,8,8,8,8,8,8,8","0.000866889953613281","fast_greedy","edit-xhwikibooks.graphml"
"0.28","0.44","0.28","0.729228813144897","2,2,2,2,2,1,2,1,1,1,2,4,1,1,1,5,1,2,7,4,3,6,1,1,1,1,1,5,2,1,2,7,4,4,7,7,8,1,3,3,3,3,6,6,6,6,3,6,6,6,3,3,3,3,3,6,6,6,6,3,9,3,3,1,1,3,3,3,3,3,6,3,1,1,3,3,3,3,3,3,3,1,5,5,5,10,3,3,3,3,11,12,13,3,3,3,5,3,3,3,3,3,3,3,3,3,3,4,4,4,3,3,3,7,7,7,7,7,7,7,7,8,8,8,8,8,8,8,8","0.000926017761230469","fast_greedy","edit-xhwikibooks.graphml"
"0.27","0.45","0.28","0.729228813144897","2,2,2,2,2,1,2,1,1,1,2,4,1,1,1,5,1,2,7,4,3,6,1,1,1,1,1,5,2,1,2,7,4,4,7,7,8,1,3,3,3,3,6,6,6,6,3,6,6,6,3,3,3,3,3,6,6,6,6,3,9,3,3,1,1,3,3,3,3,3,6,3,1,1,3,3,3,3,3,3,3,1,5,5,5,10,3,3,3,3,11,12,13,3,3,3,5,3,3,3,3,3,3,3,3,3,3,4,4,4,3,3,3,7,7,7,7,7,7,7,7,8,8,8,8,8,8,8,8","0.000929117202758789","fast_greedy","edit-xhwikibooks.graphml"
"0.26","0.46","0.28","0.729228813144897","2,2,2,2,2,1,2,1,1,1,2,4,1,1,1,5,1,2,7,4,3,6,1,1,1,1,1,5,2,1,2,7,4,4,7,7,8,1,3,3,3,3,6,6,6,6,3,6,6,6,3,3,3,3,3,6,6,6,6,3,9,3,3,1,1,3,3,3,3,3,6,3,1,1,3,3,3,3,3,3,3,1,5,5,5,10,3,3,3,3,11,12,13,3,3,3,5,3,3,3,3,3,3,3,3,3,3,4,4,4,3,3,3,7,7,7,7,7,7,7,7,8,8,8,8,8,8,8,8","0.000915050506591797","fast_greedy","edit-xhwikibooks.graphml"
"0.25","0.47","0.28","0.729228813144897","2,2,2,2,2,1,2,1,1,1,2,4,1,1,1,5,1,2,7,4,3,6,1,1,1,1,1,5,2,1,2,7,4,4,7,7,8,1,3,3,3,3,6,6,6,6,3,6,6,6,3,3,3,3,3,6,6,6,6,3,9,3,3,1,1,3,3,3,3,3,6,3,1,1,3,3,3,3,3,3,3,1,5,5,5,10,3,3,3,3,11,12,13,3,3,3,5,3,3,3,3,3,3,3,3,3,3,4,4,4,3,3,3,7,7,7,7,7,7,7,7,8,8,8,8,8,8,8,8","0.000894069671630859","fast_greedy","edit-xhwikibooks.graphml"
"0.24","0.48","0.28","0.729228813144897","2,2,2,2,2,1,2,1,1,1,2,4,1,1,1,5,1,2,7,4,3,6,1,1,1,1,1,5,2,1,2,7,4,4,7,7,8,1,3,3,3,3,6,6,6,6,3,6,6,6,3,3,3,3,3,6,6,6,6,3,9,3,3,1,1,3,3,3,3,3,6,3,1,1,3,3,3,3,3,3,3,1,5,5,5,10,3,3,3,3,11,12,13,3,3,3,5,3,3,3,3,3,3,3,3,3,3,4,4,4,3,3,3,7,7,7,7,7,7,7,7,8,8,8,8,8,8,8,8","0.0010521411895752","fast_greedy","edit-xhwikibooks.graphml"
"0.23","0.49","0.28","0.729228813144897","2,2,2,2,2,1,2,1,1,1,2,4,1,1,1,5,1,2,7,4,3,6,1,1,1,1,1,5,2,1,2,7,4,4,7,7,8,1,3,3,3,3,6,6,6,6,3,6,6,6,3,3,3,3,3,6,6,6,6,3,9,3,3,1,1,3,3,3,3,3,6,3,1,1,3,3,3,3,3,3,3,1,5,5,5,10,3,3,3,3,11,12,13,3,3,3,5,3,3,3,3,3,3,3,3,3,3,4,4,4,3,3,3,7,7,7,7,7,7,7,7,8,8,8,8,8,8,8,8","0.000885009765625","fast_greedy","edit-xhwikibooks.graphml"
"0.22","0.5","0.28","0.738718054875983","2,2,2,2,2,1,2,1,1,1,2,4,1,1,1,5,1,2,7,4,3,6,1,1,1,1,1,5,2,1,2,7,4,4,7,7,8,1,3,3,3,3,6,6,6,6,3,6,6,6,3,3,3,3,3,6,6,6,6,3,9,3,3,1,1,3,3,3,3,3,6,3,1,1,3,3,3,3,3,3,3,1,5,5,5,10,3,3,3,3,11,12,13,3,3,3,5,3,3,3,3,3,3,3,3,3,3,4,4,4,3,3,3,7,7,7,7,7,7,7,7,8,8,8,8,8,8,8,8","0.000905036926269531","fast_greedy","edit-xhwikibooks.graphml"
"0.21","0.51","0.28","0.738718054875983","2,2,2,2,2,1,2,1,1,1,2,4,1,1,1,5,1,2,7,4,3,6,1,1,1,1,1,5,2,1,2,7,4,4,7,7,8,1,3,3,3,3,6,6,6,6,3,6,6,6,3,3,3,3,3,6,6,6,6,3,9,3,3,1,1,3,3,3,3,3,6,3,1,1,3,3,3,3,3,3,3,1,5,5,5,10,3,3,3,3,11,12,13,3,3,3,5,3,3,3,3,3,3,3,3,3,3,4,4,4,3,3,3,7,7,7,7,7,7,7,7,8,8,8,8,8,8,8,8","0.000912904739379883","fast_greedy","edit-xhwikibooks.graphml"
"0.2","0.52","0.28","0.738718054875983","2,2,2,2,2,1,2,1,1,1,2,4,1,1,1,5,1,2,7,4,3,6,1,1,1,1,1,5,2,1,2,7,4,4,7,7,8,1,3,3,3,3,6,6,6,6,3,6,6,6,3,3,3,3,3,6,6,6,6,3,9,3,3,1,1,3,3,3,3,3,6,3,1,1,3,3,3,3,3,3,3,1,5,5,5,10,3,3,3,3,11,12,13,3,3,3,5,3,3,3,3,3,3,3,3,3,3,4,4,4,3,3,3,7,7,7,7,7,7,7,7,8,8,8,8,8,8,8,8","0.000917911529541016","fast_greedy","edit-xhwikibooks.graphml"
"0.19","0.53","0.28","0.738718054875983","2,2,2,2,2,1,2,1,1,1,2,4,1,1,1,5,1,2,7,4,3,6,1,1,1,1,1,5,2,1,2,7,4,4,7,7,8,1,3,3,3,3,6,6,6,6,3,6,6,6,3,3,3,3,3,6,6,6,6,3,9,3,3,1,1,3,3,3,3,3,6,3,1,1,3,3,3,3,3,3,3,1,5,5,5,10,3,3,3,3,11,12,13,3,3,3,5,3,3,3,3,3,3,3,3,3,3,4,4,4,3,3,3,7,7,7,7,7,7,7,7,8,8,8,8,8,8,8,8","0.000890016555786133","fast_greedy","edit-xhwikibooks.graphml"
"0.18","0.54","0.28","0.738718054875983","2,2,2,2,2,1,2,1,1,1,2,4,1,1,1,5,1,2,7,4,3,6,1,1,1,1,1,5,2,1,2,7,4,4,7,7,8,1,3,3,3,3,6,6,6,6,3,6,6,6,3,3,3,3,3,6,6,6,6,3,9,3,3,1,1,3,3,3,3,3,6,3,1,1,3,3,3,3,3,3,3,1,5,5,5,10,3,3,3,3,11,12,13,3,3,3,5,3,3,3,3,3,3,3,3,3,3,4,4,4,3,3,3,7,7,7,7,7,7,7,7,8,8,8,8,8,8,8,8","0.00108790397644043","fast_greedy","edit-xhwikibooks.graphml"
"0.17","0.55","0.28","0.738718054875983","2,2,2,2,2,1,2,1,1,1,2,4,1,1,1,5,1,2,7,4,3,6,1,1,1,1,1,5,2,1,2,7,4,4,7,7,8,1,3,3,3,3,6,6,6,6,3,6,6,6,3,3,3,3,3,6,6,6,6,3,9,3,3,1,1,3,3,3,3,3,6,3,1,1,3,3,3,3,3,3,3,1,5,5,5,10,3,3,3,3,11,12,13,3,3,3,5,3,3,3,3,3,3,3,3,3,3,4,4,4,3,3,3,7,7,7,7,7,7,7,7,8,8,8,8,8,8,8,8","0.000880002975463867","fast_greedy","edit-xhwikibooks.graphml"
"0.16","0.56","0.28","0.738718054875983","2,2,2,2,2,1,2,1,1,1,2,4,1,1,1,5,1,2,7,4,3,6,1,1,1,1,1,5,2,1,2,7,4,4,7,7,8,1,3,3,3,3,6,6,6,6,3,6,6,6,3,3,3,3,3,6,6,6,6,3,9,3,3,1,1,3,3,3,3,3,6,3,1,1,3,3,3,3,3,3,3,1,5,5,5,10,3,3,3,3,11,12,13,3,3,3,5,3,3,3,3,3,3,3,3,3,3,4,4,4,3,3,3,7,7,7,7,7,7,7,7,8,8,8,8,8,8,8,8","0.000897884368896484","fast_greedy","edit-xhwikibooks.graphml"
"0.15","0.57","0.28","0.730616429578367","1,1,1,1,2,1,2,7,7,1,2,2,7,7,7,1,8,2,2,2,3,4,7,7,7,7,7,1,1,9,10,2,2,2,5,5,6,7,3,3,3,3,4,4,4,4,3,4,4,4,3,3,3,3,3,4,4,4,4,3,11,3,3,12,13,3,3,3,3,3,4,3,7,7,3,3,3,3,3,3,3,14,1,1,1,15,3,3,3,3,16,17,18,3,3,3,19,3,3,3,3,3,3,3,3,3,3,20,21,3,3,3,3,5,5,5,5,5,5,5,5,6,6,6,6,6,6,6,6","0.000880956649780273","fast_greedy","edit-xhwikibooks.graphml"
"0.14","0.58","0.28","0.730616429578367","1,1,1,1,2,1,2,7,7,1,2,2,7,7,7,1,8,2,2,2,3,4,7,7,7,7,7,1,1,9,10,2,2,2,5,5,6,7,3,3,3,3,4,4,4,4,3,4,4,4,3,3,3,3,3,4,4,4,4,3,11,3,3,12,13,3,3,3,3,3,4,3,7,7,3,3,3,3,3,3,3,14,1,1,1,15,3,3,3,3,16,17,18,3,3,3,19,3,3,3,3,3,3,3,3,3,3,20,21,3,3,3,3,5,5,5,5,5,5,5,5,6,6,6,6,6,6,6,6","0.000902891159057617","fast_greedy","edit-xhwikibooks.graphml"
"0.13","0.59","0.28","0.730616429578367","1,1,1,1,2,1,2,7,7,1,2,2,7,7,7,1,8,2,2,2,3,4,7,7,7,7,7,1,1,9,10,2,2,2,5,5,6,7,3,3,3,3,4,4,4,4,3,4,4,4,3,3,3,3,3,4,4,4,4,3,11,3,3,12,13,3,3,3,3,3,4,3,7,7,3,3,3,3,3,3,3,14,1,1,1,15,3,3,3,3,16,17,18,3,3,3,19,3,3,3,3,3,3,3,3,3,3,20,21,3,3,3,3,5,5,5,5,5,5,5,5,6,6,6,6,6,6,6,6","0.000918149948120117","fast_greedy","edit-xhwikibooks.graphml"
"0.12","0.6","0.28","0.730616429578367","1,1,1,1,2,1,2,7,7,1,2,2,7,7,7,1,8,2,2,2,3,4,7,7,7,7,7,1,1,9,10,2,2,2,5,5,6,7,3,3,3,3,4,4,4,4,3,4,4,4,3,3,3,3,3,4,4,4,4,3,11,3,3,12,13,3,3,3,3,3,4,3,7,7,3,3,3,3,3,3,3,14,1,1,1,15,3,3,3,3,16,17,18,3,3,3,19,3,3,3,3,3,3,3,3,3,3,20,21,3,3,3,3,5,5,5,5,5,5,5,5,6,6,6,6,6,6,6,6","0.000877141952514648","fast_greedy","edit-xhwikibooks.graphml"
"0.11","0.61","0.28","0.730616429578367","1,1,1,1,2,1,2,7,7,1,2,2,7,7,7,1,8,2,2,2,3,4,7,7,7,7,7,1,1,9,10,2,2,2,5,5,6,7,3,3,3,3,4,4,4,4,3,4,4,4,3,3,3,3,3,4,4,4,4,3,11,3,3,12,13,3,3,3,3,3,4,3,7,7,3,3,3,3,3,3,3,14,1,1,1,15,3,3,3,3,16,17,18,3,3,3,19,3,3,3,3,3,3,3,3,3,3,20,21,3,3,3,3,5,5,5,5,5,5,5,5,6,6,6,6,6,6,6,6","0.000877141952514648","fast_greedy","edit-xhwikibooks.graphml"
"0.1","0.62","0.28","0.730616429578367","1,1,1,1,2,1,2,7,7,1,2,2,7,7,7,1,8,2,2,2,3,4,7,7,7,7,7,1,1,9,10,2,2,2,5,5,6,7,3,3,3,3,4,4,4,4,3,4,4,4,3,3,3,3,3,4,4,4,4,3,11,3,3,12,13,3,3,3,3,3,4,3,7,7,3,3,3,3,3,3,3,14,1,1,1,15,3,3,3,3,16,17,18,3,3,3,19,3,3,3,3,3,3,3,3,3,3,20,21,3,3,3,3,5,5,5,5,5,5,5,5,6,6,6,6,6,6,6,6","0.00086212158203125","fast_greedy","edit-xhwikibooks.graphml"
"0.09","0.63","0.28","0.730616429578367","1,1,1,1,2,1,2,7,7,1,2,2,7,7,7,1,8,2,2,2,3,4,7,7,7,7,7,1,1,9,10,2,2,2,5,5,6,7,3,3,3,3,4,4,4,4,3,4,4,4,3,3,3,3,3,4,4,4,4,3,11,3,3,12,13,3,3,3,3,3,4,3,7,7,3,3,3,3,3,3,3,14,1,1,1,15,3,3,3,3,16,17,18,3,3,3,19,3,3,3,3,3,3,3,3,3,3,20,21,3,3,3,3,5,5,5,5,5,5,5,5,6,6,6,6,6,6,6,6","0.000874996185302734","fast_greedy","edit-xhwikibooks.graphml"
"0.08","0.64","0.28","0.730616429578367","1,1,1,1,2,1,2,7,7,1,2,2,7,7,7,1,8,2,2,2,3,4,7,7,7,7,7,1,1,9,10,2,2,2,5,5,6,7,3,3,3,3,4,4,4,4,3,4,4,4,3,3,3,3,3,4,4,4,4,3,11,3,3,12,13,3,3,3,3,3,4,3,7,7,3,3,3,3,3,3,3,14,1,1,1,15,3,3,3,3,16,17,18,3,3,3,19,3,3,3,3,3,3,3,3,3,3,20,21,3,3,3,3,5,5,5,5,5,5,5,5,6,6,6,6,6,6,6,6","0.000865936279296875","fast_greedy","edit-xhwikibooks.graphml"
"0.07","0.65","0.28","0.730616429578367","1,1,1,1,2,1,2,7,7,1,2,2,7,7,7,1,8,2,2,2,3,4,7,7,7,7,7,1,1,9,10,2,2,2,5,5,6,7,3,3,3,3,4,4,4,4,3,4,4,4,3,3,3,3,3,4,4,4,4,3,11,3,3,12,13,3,3,3,3,3,4,3,7,7,3,3,3,3,3,3,3,14,1,1,1,15,3,3,3,3,16,17,18,3,3,3,19,3,3,3,3,3,3,3,3,3,3,20,21,3,3,3,3,5,5,5,5,5,5,5,5,6,6,6,6,6,6,6,6","0.000905990600585938","fast_greedy","edit-xhwikibooks.graphml"
"0.06","0.66","0.28","0.730616429578367","1,1,1,1,2,1,2,7,7,1,2,2,7,7,7,1,8,2,2,2,3,4,7,7,7,7,7,1,1,9,10,2,2,2,5,5,6,7,3,3,3,3,4,4,4,4,3,4,4,4,3,3,3,3,3,4,4,4,4,3,11,3,3,12,13,3,3,3,3,3,4,3,7,7,3,3,3,3,3,3,3,14,1,1,1,15,3,3,3,3,16,17,18,3,3,3,19,3,3,3,3,3,3,3,3,3,3,20,21,3,3,3,3,5,5,5,5,5,5,5,5,6,6,6,6,6,6,6,6","0.00109982490539551","fast_greedy","edit-xhwikibooks.graphml"
"0.05","0.67","0.28","0.730616429578367","1,1,1,1,2,1,2,7,7,1,2,2,7,7,7,1,8,2,2,2,3,4,7,7,7,7,7,1,1,9,10,2,2,2,5,5,6,7,3,3,3,3,4,4,4,4,3,4,4,4,3,3,3,3,3,4,4,4,4,3,11,3,3,12,13,3,3,3,3,3,4,3,7,7,3,3,3,3,3,3,3,14,1,1,1,15,3,3,3,3,16,17,18,3,3,3,19,3,3,3,3,3,3,3,3,3,3,20,21,3,3,3,3,5,5,5,5,5,5,5,5,6,6,6,6,6,6,6,6","0.000854015350341797","fast_greedy","edit-xhwikibooks.graphml"
"0.04","0.68","0.28","0.730616429578367","1,1,1,1,2,1,2,7,7,1,2,2,7,7,7,1,8,2,2,2,3,4,7,7,7,7,7,1,1,9,10,2,2,2,5,5,6,7,3,3,3,3,4,4,4,4,3,4,4,4,3,3,3,3,3,4,4,4,4,3,11,3,3,12,13,3,3,3,3,3,4,3,7,7,3,3,3,3,3,3,3,14,1,1,1,15,3,3,3,3,16,17,18,3,3,3,19,3,3,3,3,3,3,3,3,3,3,20,21,3,3,3,3,5,5,5,5,5,5,5,5,6,6,6,6,6,6,6,6","0.000863790512084961","fast_greedy","edit-xhwikibooks.graphml"
"0.03","0.69","0.28","0.730616429578367","1,1,1,1,2,1,2,7,7,1,2,2,7,7,7,1,8,2,2,2,3,4,7,7,7,7,7,1,1,9,10,2,2,2,5,5,6,7,3,3,3,3,4,4,4,4,3,4,4,4,3,3,3,3,3,4,4,4,4,3,11,3,3,12,13,3,3,3,3,3,4,3,7,7,3,3,3,3,3,3,3,14,1,1,1,15,3,3,3,3,16,17,18,3,3,3,19,3,3,3,3,3,3,3,3,3,3,20,21,3,3,3,3,5,5,5,5,5,5,5,5,6,6,6,6,6,6,6,6","0.000864028930664062","fast_greedy","edit-xhwikibooks.graphml"
"0.02","0.7","0.28","0.730616429578367","1,1,1,1,2,1,2,7,7,1,2,2,7,7,7,1,8,2,2,2,3,4,7,7,7,7,7,1,1,9,10,2,2,2,5,5,6,7,3,3,3,3,4,4,4,4,3,4,4,4,3,3,3,3,3,4,4,4,4,3,11,3,3,12,13,3,3,3,3,3,4,3,7,7,3,3,3,3,3,3,3,14,1,1,1,15,3,3,3,3,16,17,18,3,3,3,19,3,3,3,3,3,3,3,3,3,3,20,21,3,3,3,3,5,5,5,5,5,5,5,5,6,6,6,6,6,6,6,6","0.000901937484741211","fast_greedy","edit-xhwikibooks.graphml"
"0.01","0.71","0.28","0.730616429578367","1,1,1,1,2,1,2,7,7,1,2,2,7,7,7,1,8,2,2,2,3,4,7,7,7,7,7,1,1,9,10,2,2,2,5,5,6,7,3,3,3,3,4,4,4,4,3,4,4,4,3,3,3,3,3,4,4,4,4,3,11,3,3,12,13,3,3,3,3,3,4,3,7,7,3,3,3,3,3,3,3,14,1,1,1,15,3,3,3,3,16,17,18,3,3,3,19,3,3,3,3,3,3,3,3,3,3,20,21,3,3,3,3,5,5,5,5,5,5,5,5,6,6,6,6,6,6,6,6","0.000905990600585938","fast_greedy","edit-xhwikibooks.graphml"
"0","0.72","0.28","0.71595703125","1,1,1,1,1,1,3,1,6,1,3,3,6,6,6,1,8,3,5,3,2,4,6,6,6,6,6,1,1,9,10,5,3,3,5,5,7,6,2,2,2,2,4,4,4,4,2,4,4,4,2,2,2,2,2,4,4,4,4,2,11,2,2,12,13,2,2,2,2,2,4,2,6,6,2,2,2,2,2,2,2,14,1,1,1,15,2,2,2,2,16,17,18,2,2,2,19,2,2,2,2,2,2,2,2,2,2,20,21,2,2,2,2,5,5,5,5,5,5,5,5,7,7,7,7,7,7,7,7","0.000886917114257812","fast_greedy","edit-xhwikibooks.graphml"
"0.71","0","0.29","0.731305122912366","1,1,1,1,1,3,1,3,3,8,2,1,3,3,3,5,8,2,2,1,4,6,3,3,3,3,3,5,1,8,2,2,1,1,2,2,7,3,4,4,4,4,6,6,6,6,4,6,6,6,4,4,4,4,4,6,6,6,6,4,3,4,4,3,3,4,4,4,4,4,6,4,3,3,4,4,4,4,4,4,4,3,5,5,5,1,4,4,4,4,8,2,2,4,4,4,5,4,4,4,4,4,4,4,4,4,4,1,1,1,4,4,4,2,2,2,2,2,2,2,2,7,7,7,7,7,7,7,7","0.000902175903320312","fast_greedy","edit-xhwikibooks.graphml"
"0.7","0.01","0.29","0.731305122912366","1,1,1,1,1,3,1,3,3,8,2,1,3,3,3,5,8,2,2,1,4,6,3,3,3,3,3,5,1,8,2,2,1,1,2,2,7,3,4,4,4,4,6,6,6,6,4,6,6,6,4,4,4,4,4,6,6,6,6,4,3,4,4,3,3,4,4,4,4,4,6,4,3,3,4,4,4,4,4,4,4,3,5,5,5,1,4,4,4,4,8,2,2,4,4,4,5,4,4,4,4,4,4,4,4,4,4,1,1,1,4,4,4,2,2,2,2,2,2,2,2,7,7,7,7,7,7,7,7","0.000898838043212891","fast_greedy","edit-xhwikibooks.graphml"
"0.69","0.02","0.29","0.731305122912366","1,1,1,1,1,3,1,3,3,8,2,1,3,3,3,5,8,2,2,1,4,6,3,3,3,3,3,5,1,8,2,2,1,1,2,2,7,3,4,4,4,4,6,6,6,6,4,6,6,6,4,4,4,4,4,6,6,6,6,4,3,4,4,3,3,4,4,4,4,4,6,4,3,3,4,4,4,4,4,4,4,3,5,5,5,1,4,4,4,4,8,2,2,4,4,4,5,4,4,4,4,4,4,4,4,4,4,1,1,1,4,4,4,2,2,2,2,2,2,2,2,7,7,7,7,7,7,7,7","0.000895977020263672","fast_greedy","edit-xhwikibooks.graphml"
"0.68","0.03","0.29","0.731305122912366","1,1,1,1,1,3,1,3,3,8,2,1,3,3,3,5,8,2,2,1,4,6,3,3,3,3,3,5,1,8,2,2,1,1,2,2,7,3,4,4,4,4,6,6,6,6,4,6,6,6,4,4,4,4,4,6,6,6,6,4,3,4,4,3,3,4,4,4,4,4,6,4,3,3,4,4,4,4,4,4,4,3,5,5,5,1,4,4,4,4,8,2,2,4,4,4,5,4,4,4,4,4,4,4,4,4,4,1,1,1,4,4,4,2,2,2,2,2,2,2,2,7,7,7,7,7,7,7,7","0.000885963439941406","fast_greedy","edit-xhwikibooks.graphml"
"0.67","0.04","0.29","0.731305122912366","1,1,1,1,1,3,1,3,3,8,2,1,3,3,3,5,8,2,2,1,4,6,3,3,3,3,3,5,1,8,2,2,1,1,2,2,7,3,4,4,4,4,6,6,6,6,4,6,6,6,4,4,4,4,4,6,6,6,6,4,3,4,4,3,3,4,4,4,4,4,6,4,3,3,4,4,4,4,4,4,4,3,5,5,5,1,4,4,4,4,8,2,2,4,4,4,5,4,4,4,4,4,4,4,4,4,4,1,1,1,4,4,4,2,2,2,2,2,2,2,2,7,7,7,7,7,7,7,7","0.000916004180908203","fast_greedy","edit-xhwikibooks.graphml"
"0.66","0.05","0.29","0.731305122912366","1,1,1,1,1,3,1,3,3,8,2,1,3,3,3,5,8,2,2,1,4,6,3,3,3,3,3,5,1,8,2,2,1,1,2,2,7,3,4,4,4,4,6,6,6,6,4,6,6,6,4,4,4,4,4,6,6,6,6,4,3,4,4,3,3,4,4,4,4,4,6,4,3,3,4,4,4,4,4,4,4,3,5,5,5,1,4,4,4,4,8,2,2,4,4,4,5,4,4,4,4,4,4,4,4,4,4,1,1,1,4,4,4,2,2,2,2,2,2,2,2,7,7,7,7,7,7,7,7","0.00106191635131836","fast_greedy","edit-xhwikibooks.graphml"
"0.65","0.06","0.29","0.731305122912366","1,1,1,1,1,3,1,3,3,8,2,1,3,3,3,5,8,2,2,1,4,6,3,3,3,3,3,5,1,8,2,2,1,1,2,2,7,3,4,4,4,4,6,6,6,6,4,6,6,6,4,4,4,4,4,6,6,6,6,4,3,4,4,3,3,4,4,4,4,4,6,4,3,3,4,4,4,4,4,4,4,3,5,5,5,1,4,4,4,4,8,2,2,4,4,4,5,4,4,4,4,4,4,4,4,4,4,1,1,1,4,4,4,2,2,2,2,2,2,2,2,7,7,7,7,7,7,7,7","0.000841856002807617","fast_greedy","edit-xhwikibooks.graphml"
"0.64","0.07","0.29","0.731305122912366","1,1,1,1,1,3,1,3,3,8,2,1,3,3,3,5,8,2,2,1,4,6,3,3,3,3,3,5,1,8,2,2,1,1,2,2,7,3,4,4,4,4,6,6,6,6,4,6,6,6,4,4,4,4,4,6,6,6,6,4,3,4,4,3,3,4,4,4,4,4,6,4,3,3,4,4,4,4,4,4,4,3,5,5,5,1,4,4,4,4,8,2,2,4,4,4,5,4,4,4,4,4,4,4,4,4,4,1,1,1,4,4,4,2,2,2,2,2,2,2,2,7,7,7,7,7,7,7,7","0.000846147537231445","fast_greedy","edit-xhwikibooks.graphml"
"0.63","0.08","0.29","0.731305122912366","1,1,1,1,1,3,1,3,3,8,2,1,3,3,3,5,8,2,2,1,4,6,3,3,3,3,3,5,1,8,2,2,1,1,2,2,7,3,4,4,4,4,6,6,6,6,4,6,6,6,4,4,4,4,4,6,6,6,6,4,3,4,4,3,3,4,4,4,4,4,6,4,3,3,4,4,4,4,4,4,4,3,5,5,5,1,4,4,4,4,8,2,2,4,4,4,5,4,4,4,4,4,4,4,4,4,4,1,1,1,4,4,4,2,2,2,2,2,2,2,2,7,7,7,7,7,7,7,7","0.000876903533935547","fast_greedy","edit-xhwikibooks.graphml"
"0.62","0.09","0.29","0.731305122912366","1,1,1,1,1,3,1,3,3,8,2,1,3,3,3,5,8,2,2,1,4,6,3,3,3,3,3,5,1,8,2,2,1,1,2,2,7,3,4,4,4,4,6,6,6,6,4,6,6,6,4,4,4,4,4,6,6,6,6,4,3,4,4,3,3,4,4,4,4,4,6,4,3,3,4,4,4,4,4,4,4,3,5,5,5,1,4,4,4,4,8,2,2,4,4,4,5,4,4,4,4,4,4,4,4,4,4,1,1,1,4,4,4,2,2,2,2,2,2,2,2,7,7,7,7,7,7,7,7","0.000873088836669922","fast_greedy","edit-xhwikibooks.graphml"
"0.61","0.1","0.29","0.731305122912366","1,1,1,1,1,3,1,3,3,8,2,1,3,3,3,5,8,2,2,1,4,6,3,3,3,3,3,5,1,8,2,2,1,1,2,2,7,3,4,4,4,4,6,6,6,6,4,6,6,6,4,4,4,4,4,6,6,6,6,4,3,4,4,3,3,4,4,4,4,4,6,4,3,3,4,4,4,4,4,4,4,3,5,5,5,1,4,4,4,4,8,2,2,4,4,4,5,4,4,4,4,4,4,4,4,4,4,1,1,1,4,4,4,2,2,2,2,2,2,2,2,7,7,7,7,7,7,7,7","0.000997066497802734","fast_greedy","edit-xhwikibooks.graphml"
"0.6","0.11","0.29","0.731305122912366","1,1,1,1,1,3,1,3,3,8,2,1,3,3,3,5,8,2,2,1,4,6,3,3,3,3,3,5,1,8,2,2,1,1,2,2,7,3,4,4,4,4,6,6,6,6,4,6,6,6,4,4,4,4,4,6,6,6,6,4,3,4,4,3,3,4,4,4,4,4,6,4,3,3,4,4,4,4,4,4,4,3,5,5,5,1,4,4,4,4,8,2,2,4,4,4,5,4,4,4,4,4,4,4,4,4,4,1,1,1,4,4,4,2,2,2,2,2,2,2,2,7,7,7,7,7,7,7,7","0.000880956649780273","fast_greedy","edit-xhwikibooks.graphml"
"0.59","0.12","0.29","0.731305122912366","1,1,1,1,1,3,1,3,3,8,2,1,3,3,3,5,8,2,2,1,4,6,3,3,3,3,3,5,1,8,2,2,1,1,2,2,7,3,4,4,4,4,6,6,6,6,4,6,6,6,4,4,4,4,4,6,6,6,6,4,3,4,4,3,3,4,4,4,4,4,6,4,3,3,4,4,4,4,4,4,4,3,5,5,5,1,4,4,4,4,8,2,2,4,4,4,5,4,4,4,4,4,4,4,4,4,4,1,1,1,4,4,4,2,2,2,2,2,2,2,2,7,7,7,7,7,7,7,7","0.000894069671630859","fast_greedy","edit-xhwikibooks.graphml"
"0.58","0.13","0.29","0.731305122912366","1,1,1,1,1,3,1,3,3,8,2,1,3,3,3,5,8,2,2,1,4,6,3,3,3,3,3,5,1,8,2,2,1,1,2,2,7,3,4,4,4,4,6,6,6,6,4,6,6,6,4,4,4,4,4,6,6,6,6,4,3,4,4,3,3,4,4,4,4,4,6,4,3,3,4,4,4,4,4,4,4,3,5,5,5,1,4,4,4,4,8,2,2,4,4,4,5,4,4,4,4,4,4,4,4,4,4,1,1,1,4,4,4,2,2,2,2,2,2,2,2,7,7,7,7,7,7,7,7","0.000882148742675781","fast_greedy","edit-xhwikibooks.graphml"
"0.57","0.14","0.29","0.731305122912366","1,1,1,1,1,3,1,3,3,8,2,1,3,3,3,5,8,2,2,1,4,6,3,3,3,3,3,5,1,8,2,2,1,1,2,2,7,3,4,4,4,4,6,6,6,6,4,6,6,6,4,4,4,4,4,6,6,6,6,4,3,4,4,3,3,4,4,4,4,4,6,4,3,3,4,4,4,4,4,4,4,3,5,5,5,1,4,4,4,4,8,2,2,4,4,4,5,4,4,4,4,4,4,4,4,4,4,1,1,1,4,4,4,2,2,2,2,2,2,2,2,7,7,7,7,7,7,7,7","0.000887870788574219","fast_greedy","edit-xhwikibooks.graphml"
"0.56","0.15","0.29","0.731305122912366","1,1,1,1,1,3,1,3,3,8,2,1,3,3,3,5,8,2,2,1,4,6,3,3,3,3,3,5,1,8,2,2,1,1,2,2,7,3,4,4,4,4,6,6,6,6,4,6,6,6,4,4,4,4,4,6,6,6,6,4,3,4,4,3,3,4,4,4,4,4,6,4,3,3,4,4,4,4,4,4,4,3,5,5,5,1,4,4,4,4,8,2,2,4,4,4,5,4,4,4,4,4,4,4,4,4,4,1,1,1,4,4,4,2,2,2,2,2,2,2,2,7,7,7,7,7,7,7,7","0.000905990600585938","fast_greedy","edit-xhwikibooks.graphml"
"0.55","0.16","0.29","0.731305122912366","1,1,1,1,1,3,1,3,3,8,2,1,3,3,3,5,8,2,2,1,4,6,3,3,3,3,3,5,1,8,2,2,1,1,2,2,7,3,4,4,4,4,6,6,6,6,4,6,6,6,4,4,4,4,4,6,6,6,6,4,3,4,4,3,3,4,4,4,4,4,6,4,3,3,4,4,4,4,4,4,4,3,5,5,5,1,4,4,4,4,8,2,2,4,4,4,5,4,4,4,4,4,4,4,4,4,4,1,1,1,4,4,4,2,2,2,2,2,2,2,2,7,7,7,7,7,7,7,7","0.000922918319702148","fast_greedy","edit-xhwikibooks.graphml"
"0.54","0.17","0.29","0.736336711555371","1,1,1,1,1,2,1,2,2,9,1,4,2,2,2,5,9,1,7,4,3,6,2,2,2,2,2,5,1,9,1,7,4,4,7,7,8,2,3,3,3,3,6,6,6,6,3,6,6,6,3,3,3,3,3,6,6,6,6,3,2,3,3,2,2,3,3,3,3,3,6,3,2,2,3,3,3,3,3,3,3,2,5,5,5,1,3,3,3,3,9,1,7,3,3,3,5,3,3,3,3,3,3,3,3,3,3,4,4,4,3,3,3,7,7,7,7,7,7,7,7,8,8,8,8,8,8,8,8","0.00102090835571289","fast_greedy","edit-xhwikibooks.graphml"
"0.53","0.18","0.29","0.736336711555371","1,1,1,1,1,2,1,2,2,9,1,4,2,2,2,5,9,1,7,4,3,6,2,2,2,2,2,5,1,9,1,7,4,4,7,7,8,2,3,3,3,3,6,6,6,6,3,6,6,6,3,3,3,3,3,6,6,6,6,3,2,3,3,2,2,3,3,3,3,3,6,3,2,2,3,3,3,3,3,3,3,2,5,5,5,1,3,3,3,3,9,1,7,3,3,3,5,3,3,3,3,3,3,3,3,3,3,4,4,4,3,3,3,7,7,7,7,7,7,7,7,8,8,8,8,8,8,8,8","0.000867128372192383","fast_greedy","edit-xhwikibooks.graphml"
"0.52","0.19","0.29","0.736336711555371","1,1,1,1,1,2,1,2,2,9,1,4,2,2,2,5,9,1,7,4,3,6,2,2,2,2,2,5,1,9,1,7,4,4,7,7,8,2,3,3,3,3,6,6,6,6,3,6,6,6,3,3,3,3,3,6,6,6,6,3,2,3,3,2,2,3,3,3,3,3,6,3,2,2,3,3,3,3,3,3,3,2,5,5,5,1,3,3,3,3,9,1,7,3,3,3,5,3,3,3,3,3,3,3,3,3,3,4,4,4,3,3,3,7,7,7,7,7,7,7,7,8,8,8,8,8,8,8,8","0.000878810882568359","fast_greedy","edit-xhwikibooks.graphml"
"0.51","0.2","0.29","0.736336711555371","1,1,1,1,1,2,1,2,2,9,1,4,2,2,2,5,9,1,7,4,3,6,2,2,2,2,2,5,1,9,1,7,4,4,7,7,8,2,3,3,3,3,6,6,6,6,3,6,6,6,3,3,3,3,3,6,6,6,6,3,2,3,3,2,2,3,3,3,3,3,6,3,2,2,3,3,3,3,3,3,3,2,5,5,5,1,3,3,3,3,9,1,7,3,3,3,5,3,3,3,3,3,3,3,3,3,3,4,4,4,3,3,3,7,7,7,7,7,7,7,7,8,8,8,8,8,8,8,8","0.000880002975463867","fast_greedy","edit-xhwikibooks.graphml"
"0.5","0.21","0.29","0.736336711555371","1,1,1,1,1,2,1,2,2,9,1,4,2,2,2,5,9,1,7,4,3,6,2,2,2,2,2,5,1,9,1,7,4,4,7,7,8,2,3,3,3,3,6,6,6,6,3,6,6,6,3,3,3,3,3,6,6,6,6,3,2,3,3,2,2,3,3,3,3,3,6,3,2,2,3,3,3,3,3,3,3,2,5,5,5,1,3,3,3,3,9,1,7,3,3,3,5,3,3,3,3,3,3,3,3,3,3,4,4,4,3,3,3,7,7,7,7,7,7,7,7,8,8,8,8,8,8,8,8","0.00104117393493652","fast_greedy","edit-xhwikibooks.graphml"
"0.49","0.22","0.29","0.736336711555371","1,1,1,1,1,2,1,2,2,9,1,4,2,2,2,5,9,1,7,4,3,6,2,2,2,2,2,5,1,9,1,7,4,4,7,7,8,2,3,3,3,3,6,6,6,6,3,6,6,6,3,3,3,3,3,6,6,6,6,3,2,3,3,2,2,3,3,3,3,3,6,3,2,2,3,3,3,3,3,3,3,2,5,5,5,1,3,3,3,3,9,1,7,3,3,3,5,3,3,3,3,3,3,3,3,3,3,4,4,4,3,3,3,7,7,7,7,7,7,7,7,8,8,8,8,8,8,8,8","0.000915050506591797","fast_greedy","edit-xhwikibooks.graphml"
"0.48","0.23","0.29","0.736336711555371","1,1,1,1,1,2,1,2,2,9,1,4,2,2,2,5,9,1,7,4,3,6,2,2,2,2,2,5,1,9,1,7,4,4,7,7,8,2,3,3,3,3,6,6,6,6,3,6,6,6,3,3,3,3,3,6,6,6,6,3,2,3,3,2,2,3,3,3,3,3,6,3,2,2,3,3,3,3,3,3,3,2,5,5,5,1,3,3,3,3,9,1,7,3,3,3,5,3,3,3,3,3,3,3,3,3,3,4,4,4,3,3,3,7,7,7,7,7,7,7,7,8,8,8,8,8,8,8,8","0.000961065292358398","fast_greedy","edit-xhwikibooks.graphml"
"0.47","0.24","0.29","0.736336711555371","1,1,1,1,1,2,1,2,2,9,1,4,2,2,2,5,9,1,7,4,3,6,2,2,2,2,2,5,1,9,1,7,4,4,7,7,8,2,3,3,3,3,6,6,6,6,3,6,6,6,3,3,3,3,3,6,6,6,6,3,2,3,3,2,2,3,3,3,3,3,6,3,2,2,3,3,3,3,3,3,3,2,5,5,5,1,3,3,3,3,9,1,7,3,3,3,5,3,3,3,3,3,3,3,3,3,3,4,4,4,3,3,3,7,7,7,7,7,7,7,7,8,8,8,8,8,8,8,8","0.000890016555786133","fast_greedy","edit-xhwikibooks.graphml"
"0.46","0.25","0.29","0.736336711555371","1,1,1,1,1,2,1,2,2,9,1,4,2,2,2,5,9,1,7,4,3,6,2,2,2,2,2,5,1,9,1,7,4,4,7,7,8,2,3,3,3,3,6,6,6,6,3,6,6,6,3,3,3,3,3,6,6,6,6,3,2,3,3,2,2,3,3,3,3,3,6,3,2,2,3,3,3,3,3,3,3,2,5,5,5,1,3,3,3,3,9,1,7,3,3,3,5,3,3,3,3,3,3,3,3,3,3,4,4,4,3,3,3,7,7,7,7,7,7,7,7,8,8,8,8,8,8,8,8","0.000885963439941406","fast_greedy","edit-xhwikibooks.graphml"
"0.45","0.26","0.29","0.736336711555371","1,1,1,1,1,2,1,2,2,9,1,4,2,2,2,5,9,1,7,4,3,6,2,2,2,2,2,5,1,9,1,7,4,4,7,7,8,2,3,3,3,3,6,6,6,6,3,6,6,6,3,3,3,3,3,6,6,6,6,3,2,3,3,2,2,3,3,3,3,3,6,3,2,2,3,3,3,3,3,3,3,2,5,5,5,1,3,3,3,3,9,1,7,3,3,3,5,3,3,3,3,3,3,3,3,3,3,4,4,4,3,3,3,7,7,7,7,7,7,7,7,8,8,8,8,8,8,8,8","0.00091099739074707","fast_greedy","edit-xhwikibooks.graphml"
"0.44","0.27","0.29","0.736336711555371","1,1,1,1,1,2,1,2,2,9,1,4,2,2,2,5,9,1,7,4,3,6,2,2,2,2,2,5,1,9,1,7,4,4,7,7,8,2,3,3,3,3,6,6,6,6,3,6,6,6,3,3,3,3,3,6,6,6,6,3,2,3,3,2,2,3,3,3,3,3,6,3,2,2,3,3,3,3,3,3,3,2,5,5,5,1,3,3,3,3,9,1,7,3,3,3,5,3,3,3,3,3,3,3,3,3,3,4,4,4,3,3,3,7,7,7,7,7,7,7,7,8,8,8,8,8,8,8,8","0.000929117202758789","fast_greedy","edit-xhwikibooks.graphml"
"0.43","0.28","0.29","0.736336711555371","1,1,1,1,1,2,1,2,2,9,1,4,2,2,2,5,9,1,7,4,3,6,2,2,2,2,2,5,1,9,1,7,4,4,7,7,8,2,3,3,3,3,6,6,6,6,3,6,6,6,3,3,3,3,3,6,6,6,6,3,2,3,3,2,2,3,3,3,3,3,6,3,2,2,3,3,3,3,3,3,3,2,5,5,5,1,3,3,3,3,9,1,7,3,3,3,5,3,3,3,3,3,3,3,3,3,3,4,4,4,3,3,3,7,7,7,7,7,7,7,7,8,8,8,8,8,8,8,8","0.000907182693481445","fast_greedy","edit-xhwikibooks.graphml"
"0.42","0.29","0.29","0.736336711555371","1,1,1,1,1,2,1,2,2,9,1,4,2,2,2,5,9,1,7,4,3,6,2,2,2,2,2,5,1,9,1,7,4,4,7,7,8,2,3,3,3,3,6,6,6,6,3,6,6,6,3,3,3,3,3,6,6,6,6,3,2,3,3,2,2,3,3,3,3,3,6,3,2,2,3,3,3,3,3,3,3,2,5,5,5,1,3,3,3,3,9,1,7,3,3,3,5,3,3,3,3,3,3,3,3,3,3,4,4,4,3,3,3,7,7,7,7,7,7,7,7,8,8,8,8,8,8,8,8","0.00100994110107422","fast_greedy","edit-xhwikibooks.graphml"
"0.41","0.3","0.29","0.723913905971037","1,2,1,1,1,2,1,2,2,2,1,1,2,2,2,4,2,1,6,1,3,5,2,2,2,2,2,4,2,2,1,6,1,1,6,6,7,2,3,3,3,3,5,5,5,5,3,5,5,5,3,3,3,3,3,5,5,5,5,3,8,3,3,2,2,3,3,3,3,3,5,3,2,2,3,3,3,3,3,3,3,2,4,4,4,9,3,3,3,3,10,11,12,3,3,3,4,3,3,3,3,3,3,3,3,3,3,1,1,1,3,3,3,6,6,6,6,6,6,6,6,7,7,7,7,7,7,7,7","0.000900983810424805","fast_greedy","edit-xhwikibooks.graphml"
"0.4","0.31","0.29","0.723913905971037","1,2,1,1,1,2,1,2,2,2,1,1,2,2,2,4,2,1,6,1,3,5,2,2,2,2,2,4,2,2,1,6,1,1,6,6,7,2,3,3,3,3,5,5,5,5,3,5,5,5,3,3,3,3,3,5,5,5,5,3,8,3,3,2,2,3,3,3,3,3,5,3,2,2,3,3,3,3,3,3,3,2,4,4,4,9,3,3,3,3,10,11,12,3,3,3,4,3,3,3,3,3,3,3,3,3,3,1,1,1,3,3,3,6,6,6,6,6,6,6,6,7,7,7,7,7,7,7,7","0.000884056091308594","fast_greedy","edit-xhwikibooks.graphml"
"0.39","0.32","0.29","0.723913905971037","1,2,1,1,1,2,1,2,2,2,1,1,2,2,2,4,2,1,6,1,3,5,2,2,2,2,2,4,2,2,1,6,1,1,6,6,7,2,3,3,3,3,5,5,5,5,3,5,5,5,3,3,3,3,3,5,5,5,5,3,8,3,3,2,2,3,3,3,3,3,5,3,2,2,3,3,3,3,3,3,3,2,4,4,4,9,3,3,3,3,10,11,12,3,3,3,4,3,3,3,3,3,3,3,3,3,3,1,1,1,3,3,3,6,6,6,6,6,6,6,6,7,7,7,7,7,7,7,7","0.00089716911315918","fast_greedy","edit-xhwikibooks.graphml"
"0.38","0.33","0.29","0.723913905971037","1,2,1,1,1,2,1,2,2,2,1,1,2,2,2,4,2,1,6,1,3,5,2,2,2,2,2,4,2,2,1,6,1,1,6,6,7,2,3,3,3,3,5,5,5,5,3,5,5,5,3,3,3,3,3,5,5,5,5,3,8,3,3,2,2,3,3,3,3,3,5,3,2,2,3,3,3,3,3,3,3,2,4,4,4,9,3,3,3,3,10,11,12,3,3,3,4,3,3,3,3,3,3,3,3,3,3,1,1,1,3,3,3,6,6,6,6,6,6,6,6,7,7,7,7,7,7,7,7","0.000874996185302734","fast_greedy","edit-xhwikibooks.graphml"
"0.37","0.34","0.29","0.729228813144897","2,2,2,2,2,1,2,1,1,1,2,4,1,1,1,5,1,2,7,4,3,6,1,1,1,1,1,5,2,1,2,7,4,4,7,7,8,1,3,3,3,3,6,6,6,6,3,6,6,6,3,3,3,3,3,6,6,6,6,3,9,3,3,1,1,3,3,3,3,3,6,3,1,1,3,3,3,3,3,3,3,1,5,5,5,10,3,3,3,3,11,12,13,3,3,3,5,3,3,3,3,3,3,3,3,3,3,4,4,4,3,3,3,7,7,7,7,7,7,7,7,8,8,8,8,8,8,8,8","0.000880002975463867","fast_greedy","edit-xhwikibooks.graphml"
"0.36","0.35","0.29","0.729228813144897","2,2,2,2,2,1,2,1,1,1,2,4,1,1,1,5,1,2,7,4,3,6,1,1,1,1,1,5,2,1,2,7,4,4,7,7,8,1,3,3,3,3,6,6,6,6,3,6,6,6,3,3,3,3,3,6,6,6,6,3,9,3,3,1,1,3,3,3,3,3,6,3,1,1,3,3,3,3,3,3,3,1,5,5,5,10,3,3,3,3,11,12,13,3,3,3,5,3,3,3,3,3,3,3,3,3,3,4,4,4,3,3,3,7,7,7,7,7,7,7,7,8,8,8,8,8,8,8,8","0.000884056091308594","fast_greedy","edit-xhwikibooks.graphml"
"0.35","0.36","0.29","0.729228813144897","2,2,2,2,2,1,2,1,1,1,2,4,1,1,1,5,1,2,7,4,3,6,1,1,1,1,1,5,2,1,2,7,4,4,7,7,8,1,3,3,3,3,6,6,6,6,3,6,6,6,3,3,3,3,3,6,6,6,6,3,9,3,3,1,1,3,3,3,3,3,6,3,1,1,3,3,3,3,3,3,3,1,5,5,5,10,3,3,3,3,11,12,13,3,3,3,5,3,3,3,3,3,3,3,3,3,3,4,4,4,3,3,3,7,7,7,7,7,7,7,7,8,8,8,8,8,8,8,8","0.000872135162353516","fast_greedy","edit-xhwikibooks.graphml"
"0.34","0.37","0.29","0.729228813144897","2,2,2,2,2,1,2,1,1,1,2,4,1,1,1,5,1,2,7,4,3,6,1,1,1,1,1,5,2,1,2,7,4,4,7,7,8,1,3,3,3,3,6,6,6,6,3,6,6,6,3,3,3,3,3,6,6,6,6,3,9,3,3,1,1,3,3,3,3,3,6,3,1,1,3,3,3,3,3,3,3,1,5,5,5,10,3,3,3,3,11,12,13,3,3,3,5,3,3,3,3,3,3,3,3,3,3,4,4,4,3,3,3,7,7,7,7,7,7,7,7,8,8,8,8,8,8,8,8","0.00091099739074707","fast_greedy","edit-xhwikibooks.graphml"
"0.33","0.38","0.29","0.729228813144897","2,2,2,2,2,1,2,1,1,1,2,4,1,1,1,5,1,2,7,4,3,6,1,1,1,1,1,5,2,1,2,7,4,4,7,7,8,1,3,3,3,3,6,6,6,6,3,6,6,6,3,3,3,3,3,6,6,6,6,3,9,3,3,1,1,3,3,3,3,3,6,3,1,1,3,3,3,3,3,3,3,1,5,5,5,10,3,3,3,3,11,12,13,3,3,3,5,3,3,3,3,3,3,3,3,3,3,4,4,4,3,3,3,7,7,7,7,7,7,7,7,8,8,8,8,8,8,8,8","0.000914096832275391","fast_greedy","edit-xhwikibooks.graphml"
"0.32","0.39","0.29","0.729228813144897","2,2,2,2,2,1,2,1,1,1,2,4,1,1,1,5,1,2,7,4,3,6,1,1,1,1,1,5,2,1,2,7,4,4,7,7,8,1,3,3,3,3,6,6,6,6,3,6,6,6,3,3,3,3,3,6,6,6,6,3,9,3,3,1,1,3,3,3,3,3,6,3,1,1,3,3,3,3,3,3,3,1,5,5,5,10,3,3,3,3,11,12,13,3,3,3,5,3,3,3,3,3,3,3,3,3,3,4,4,4,3,3,3,7,7,7,7,7,7,7,7,8,8,8,8,8,8,8,8","0.000922918319702148","fast_greedy","edit-xhwikibooks.graphml"
"0.31","0.4","0.29","0.729228813144897","2,2,2,2,2,1,2,1,1,1,2,4,1,1,1,5,1,2,7,4,3,6,1,1,1,1,1,5,2,1,2,7,4,4,7,7,8,1,3,3,3,3,6,6,6,6,3,6,6,6,3,3,3,3,3,6,6,6,6,3,9,3,3,1,1,3,3,3,3,3,6,3,1,1,3,3,3,3,3,3,3,1,5,5,5,10,3,3,3,3,11,12,13,3,3,3,5,3,3,3,3,3,3,3,3,3,3,4,4,4,3,3,3,7,7,7,7,7,7,7,7,8,8,8,8,8,8,8,8","0.000921010971069336","fast_greedy","edit-xhwikibooks.graphml"
"0.3","0.41","0.29","0.729228813144897","2,2,2,2,2,1,2,1,1,1,2,4,1,1,1,5,1,2,7,4,3,6,1,1,1,1,1,5,2,1,2,7,4,4,7,7,8,1,3,3,3,3,6,6,6,6,3,6,6,6,3,3,3,3,3,6,6,6,6,3,9,3,3,1,1,3,3,3,3,3,6,3,1,1,3,3,3,3,3,3,3,1,5,5,5,10,3,3,3,3,11,12,13,3,3,3,5,3,3,3,3,3,3,3,3,3,3,4,4,4,3,3,3,7,7,7,7,7,7,7,7,8,8,8,8,8,8,8,8","0.00106310844421387","fast_greedy","edit-xhwikibooks.graphml"
"0.29","0.42","0.29","0.729228813144897","2,2,2,2,2,1,2,1,1,1,2,4,1,1,1,5,1,2,7,4,3,6,1,1,1,1,1,5,2,1,2,7,4,4,7,7,8,1,3,3,3,3,6,6,6,6,3,6,6,6,3,3,3,3,3,6,6,6,6,3,9,3,3,1,1,3,3,3,3,3,6,3,1,1,3,3,3,3,3,3,3,1,5,5,5,10,3,3,3,3,11,12,13,3,3,3,5,3,3,3,3,3,3,3,3,3,3,4,4,4,3,3,3,7,7,7,7,7,7,7,7,8,8,8,8,8,8,8,8","0.000876903533935547","fast_greedy","edit-xhwikibooks.graphml"
"0.28","0.43","0.29","0.729228813144897","2,2,2,2,2,1,2,1,1,1,2,4,1,1,1,5,1,2,7,4,3,6,1,1,1,1,1,5,2,1,2,7,4,4,7,7,8,1,3,3,3,3,6,6,6,6,3,6,6,6,3,3,3,3,3,6,6,6,6,3,9,3,3,1,1,3,3,3,3,3,6,3,1,1,3,3,3,3,3,3,3,1,5,5,5,10,3,3,3,3,11,12,13,3,3,3,5,3,3,3,3,3,3,3,3,3,3,4,4,4,3,3,3,7,7,7,7,7,7,7,7,8,8,8,8,8,8,8,8","0.000880002975463867","fast_greedy","edit-xhwikibooks.graphml"
"0.27","0.44","0.29","0.729228813144897","2,2,2,2,2,1,2,1,1,1,2,4,1,1,1,5,1,2,7,4,3,6,1,1,1,1,1,5,2,1,2,7,4,4,7,7,8,1,3,3,3,3,6,6,6,6,3,6,6,6,3,3,3,3,3,6,6,6,6,3,9,3,3,1,1,3,3,3,3,3,6,3,1,1,3,3,3,3,3,3,3,1,5,5,5,10,3,3,3,3,11,12,13,3,3,3,5,3,3,3,3,3,3,3,3,3,3,4,4,4,3,3,3,7,7,7,7,7,7,7,7,8,8,8,8,8,8,8,8","0.000902891159057617","fast_greedy","edit-xhwikibooks.graphml"
"0.26","0.45","0.29","0.729228813144897","2,2,2,2,2,1,2,1,1,1,2,4,1,1,1,5,1,2,7,4,3,6,1,1,1,1,1,5,2,1,2,7,4,4,7,7,8,1,3,3,3,3,6,6,6,6,3,6,6,6,3,3,3,3,3,6,6,6,6,3,9,3,3,1,1,3,3,3,3,3,6,3,1,1,3,3,3,3,3,3,3,1,5,5,5,10,3,3,3,3,11,12,13,3,3,3,5,3,3,3,3,3,3,3,3,3,3,4,4,4,3,3,3,7,7,7,7,7,7,7,7,8,8,8,8,8,8,8,8","0.00088191032409668","fast_greedy","edit-xhwikibooks.graphml"
"0.25","0.46","0.29","0.729228813144897","2,2,2,2,2,1,2,1,1,1,2,4,1,1,1,5,1,2,7,4,3,6,1,1,1,1,1,5,2,1,2,7,4,4,7,7,8,1,3,3,3,3,6,6,6,6,3,6,6,6,3,3,3,3,3,6,6,6,6,3,9,3,3,1,1,3,3,3,3,3,6,3,1,1,3,3,3,3,3,3,3,1,5,5,5,10,3,3,3,3,11,12,13,3,3,3,5,3,3,3,3,3,3,3,3,3,3,4,4,4,3,3,3,7,7,7,7,7,7,7,7,8,8,8,8,8,8,8,8","0.000879049301147461","fast_greedy","edit-xhwikibooks.graphml"
"0.24","0.47","0.29","0.729228813144897","2,2,2,2,2,1,2,1,1,1,2,4,1,1,1,5,1,2,7,4,3,6,1,1,1,1,1,5,2,1,2,7,4,4,7,7,8,1,3,3,3,3,6,6,6,6,3,6,6,6,3,3,3,3,3,6,6,6,6,3,9,3,3,1,1,3,3,3,3,3,6,3,1,1,3,3,3,3,3,3,3,1,5,5,5,10,3,3,3,3,11,12,13,3,3,3,5,3,3,3,3,3,3,3,3,3,3,4,4,4,3,3,3,7,7,7,7,7,7,7,7,8,8,8,8,8,8,8,8","0.000890016555786133","fast_greedy","edit-xhwikibooks.graphml"
"0.23","0.48","0.29","0.729228813144897","2,2,2,2,2,1,2,1,1,1,2,4,1,1,1,5,1,2,7,4,3,6,1,1,1,1,1,5,2,1,2,7,4,4,7,7,8,1,3,3,3,3,6,6,6,6,3,6,6,6,3,3,3,3,3,6,6,6,6,3,9,3,3,1,1,3,3,3,3,3,6,3,1,1,3,3,3,3,3,3,3,1,5,5,5,10,3,3,3,3,11,12,13,3,3,3,5,3,3,3,3,3,3,3,3,3,3,4,4,4,3,3,3,7,7,7,7,7,7,7,7,8,8,8,8,8,8,8,8","0.000900983810424805","fast_greedy","edit-xhwikibooks.graphml"
"0.22","0.49","0.29","0.729228813144897","2,2,2,2,2,1,2,1,1,1,2,4,1,1,1,5,1,2,7,4,3,6,1,1,1,1,1,5,2,1,2,7,4,4,7,7,8,1,3,3,3,3,6,6,6,6,3,6,6,6,3,3,3,3,3,6,6,6,6,3,9,3,3,1,1,3,3,3,3,3,6,3,1,1,3,3,3,3,3,3,3,1,5,5,5,10,3,3,3,3,11,12,13,3,3,3,5,3,3,3,3,3,3,3,3,3,3,4,4,4,3,3,3,7,7,7,7,7,7,7,7,8,8,8,8,8,8,8,8","0.000924110412597656","fast_greedy","edit-xhwikibooks.graphml"
"0.21","0.5","0.29","0.738718054875983","2,2,2,2,2,1,2,1,1,1,2,4,1,1,1,5,1,2,7,4,3,6,1,1,1,1,1,5,2,1,2,7,4,4,7,7,8,1,3,3,3,3,6,6,6,6,3,6,6,6,3,3,3,3,3,6,6,6,6,3,9,3,3,1,1,3,3,3,3,3,6,3,1,1,3,3,3,3,3,3,3,1,5,5,5,10,3,3,3,3,11,12,13,3,3,3,5,3,3,3,3,3,3,3,3,3,3,4,4,4,3,3,3,7,7,7,7,7,7,7,7,8,8,8,8,8,8,8,8","0.000946044921875","fast_greedy","edit-xhwikibooks.graphml"
"0.2","0.51","0.29","0.738718054875983","2,2,2,2,2,1,2,1,1,1,2,4,1,1,1,5,1,2,7,4,3,6,1,1,1,1,1,5,2,1,2,7,4,4,7,7,8,1,3,3,3,3,6,6,6,6,3,6,6,6,3,3,3,3,3,6,6,6,6,3,9,3,3,1,1,3,3,3,3,3,6,3,1,1,3,3,3,3,3,3,3,1,5,5,5,10,3,3,3,3,11,12,13,3,3,3,5,3,3,3,3,3,3,3,3,3,3,4,4,4,3,3,3,7,7,7,7,7,7,7,7,8,8,8,8,8,8,8,8","0.000954866409301758","fast_greedy","edit-xhwikibooks.graphml"
"0.19","0.52","0.29","0.738718054875983","2,2,2,2,2,1,2,1,1,1,2,4,1,1,1,5,1,2,7,4,3,6,1,1,1,1,1,5,2,1,2,7,4,4,7,7,8,1,3,3,3,3,6,6,6,6,3,6,6,6,3,3,3,3,3,6,6,6,6,3,9,3,3,1,1,3,3,3,3,3,6,3,1,1,3,3,3,3,3,3,3,1,5,5,5,10,3,3,3,3,11,12,13,3,3,3,5,3,3,3,3,3,3,3,3,3,3,4,4,4,3,3,3,7,7,7,7,7,7,7,7,8,8,8,8,8,8,8,8","0.000922918319702148","fast_greedy","edit-xhwikibooks.graphml"
"0.18","0.53","0.29","0.738718054875983","2,2,2,2,2,1,2,1,1,1,2,4,1,1,1,5,1,2,7,4,3,6,1,1,1,1,1,5,2,1,2,7,4,4,7,7,8,1,3,3,3,3,6,6,6,6,3,6,6,6,3,3,3,3,3,6,6,6,6,3,9,3,3,1,1,3,3,3,3,3,6,3,1,1,3,3,3,3,3,3,3,1,5,5,5,10,3,3,3,3,11,12,13,3,3,3,5,3,3,3,3,3,3,3,3,3,3,4,4,4,3,3,3,7,7,7,7,7,7,7,7,8,8,8,8,8,8,8,8","0.00113105773925781","fast_greedy","edit-xhwikibooks.graphml"
"0.17","0.54","0.29","0.738718054875983","2,2,2,2,2,1,2,1,1,1,2,4,1,1,1,5,1,2,7,4,3,6,1,1,1,1,1,5,2,1,2,7,4,4,7,7,8,1,3,3,3,3,6,6,6,6,3,6,6,6,3,3,3,3,3,6,6,6,6,3,9,3,3,1,1,3,3,3,3,3,6,3,1,1,3,3,3,3,3,3,3,1,5,5,5,10,3,3,3,3,11,12,13,3,3,3,5,3,3,3,3,3,3,3,3,3,3,4,4,4,3,3,3,7,7,7,7,7,7,7,7,8,8,8,8,8,8,8,8","0.000874042510986328","fast_greedy","edit-xhwikibooks.graphml"
"0.16","0.55","0.29","0.738718054875983","2,2,2,2,2,1,2,1,1,1,2,4,1,1,1,5,1,2,7,4,3,6,1,1,1,1,1,5,2,1,2,7,4,4,7,7,8,1,3,3,3,3,6,6,6,6,3,6,6,6,3,3,3,3,3,6,6,6,6,3,9,3,3,1,1,3,3,3,3,3,6,3,1,1,3,3,3,3,3,3,3,1,5,5,5,10,3,3,3,3,11,12,13,3,3,3,5,3,3,3,3,3,3,3,3,3,3,4,4,4,3,3,3,7,7,7,7,7,7,7,7,8,8,8,8,8,8,8,8","0.000948905944824219","fast_greedy","edit-xhwikibooks.graphml"
"0.15","0.56","0.29","0.738718054875983","2,2,2,2,2,1,2,1,1,1,2,4,1,1,1,5,1,2,7,4,3,6,1,1,1,1,1,5,2,1,2,7,4,4,7,7,8,1,3,3,3,3,6,6,6,6,3,6,6,6,3,3,3,3,3,6,6,6,6,3,9,3,3,1,1,3,3,3,3,3,6,3,1,1,3,3,3,3,3,3,3,1,5,5,5,10,3,3,3,3,11,12,13,3,3,3,5,3,3,3,3,3,3,3,3,3,3,4,4,4,3,3,3,7,7,7,7,7,7,7,7,8,8,8,8,8,8,8,8","0.000879049301147461","fast_greedy","edit-xhwikibooks.graphml"
"0.14","0.57","0.29","0.738718054875983","2,2,2,2,2,1,2,1,1,1,2,4,1,1,1,5,1,2,7,4,3,6,1,1,1,1,1,5,2,1,2,7,4,4,7,7,8,1,3,3,3,3,6,6,6,6,3,6,6,6,3,3,3,3,3,6,6,6,6,3,9,3,3,1,1,3,3,3,3,3,6,3,1,1,3,3,3,3,3,3,3,1,5,5,5,10,3,3,3,3,11,12,13,3,3,3,5,3,3,3,3,3,3,3,3,3,3,4,4,4,3,3,3,7,7,7,7,7,7,7,7,8,8,8,8,8,8,8,8","0.000884056091308594","fast_greedy","edit-xhwikibooks.graphml"
"0.13","0.58","0.29","0.730616429578367","1,1,1,1,2,1,2,7,7,1,2,2,7,7,7,1,8,2,2,2,3,4,7,7,7,7,7,1,1,9,10,2,2,2,5,5,6,7,3,3,3,3,4,4,4,4,3,4,4,4,3,3,3,3,3,4,4,4,4,3,11,3,3,12,13,3,3,3,3,3,4,3,7,7,3,3,3,3,3,3,3,14,1,1,1,15,3,3,3,3,16,17,18,3,3,3,19,3,3,3,3,3,3,3,3,3,3,20,21,3,3,3,3,5,5,5,5,5,5,5,5,6,6,6,6,6,6,6,6","0.000895977020263672","fast_greedy","edit-xhwikibooks.graphml"
"0.12","0.59","0.29","0.730616429578367","1,1,1,1,2,1,2,7,7,1,2,2,7,7,7,1,8,2,2,2,3,4,7,7,7,7,7,1,1,9,10,2,2,2,5,5,6,7,3,3,3,3,4,4,4,4,3,4,4,4,3,3,3,3,3,4,4,4,4,3,11,3,3,12,13,3,3,3,3,3,4,3,7,7,3,3,3,3,3,3,3,14,1,1,1,15,3,3,3,3,16,17,18,3,3,3,19,3,3,3,3,3,3,3,3,3,3,20,21,3,3,3,3,5,5,5,5,5,5,5,5,6,6,6,6,6,6,6,6","0.000885963439941406","fast_greedy","edit-xhwikibooks.graphml"
"0.11","0.6","0.29","0.730616429578367","1,1,1,1,2,1,2,7,7,1,2,2,7,7,7,1,8,2,2,2,3,4,7,7,7,7,7,1,1,9,10,2,2,2,5,5,6,7,3,3,3,3,4,4,4,4,3,4,4,4,3,3,3,3,3,4,4,4,4,3,11,3,3,12,13,3,3,3,3,3,4,3,7,7,3,3,3,3,3,3,3,14,1,1,1,15,3,3,3,3,16,17,18,3,3,3,19,3,3,3,3,3,3,3,3,3,3,20,21,3,3,3,3,5,5,5,5,5,5,5,5,6,6,6,6,6,6,6,6","0.000921010971069336","fast_greedy","edit-xhwikibooks.graphml"
"0.1","0.61","0.29","0.730616429578367","1,1,1,1,2,1,2,7,7,1,2,2,7,7,7,1,8,2,2,2,3,4,7,7,7,7,7,1,1,9,10,2,2,2,5,5,6,7,3,3,3,3,4,4,4,4,3,4,4,4,3,3,3,3,3,4,4,4,4,3,11,3,3,12,13,3,3,3,3,3,4,3,7,7,3,3,3,3,3,3,3,14,1,1,1,15,3,3,3,3,16,17,18,3,3,3,19,3,3,3,3,3,3,3,3,3,3,20,21,3,3,3,3,5,5,5,5,5,5,5,5,6,6,6,6,6,6,6,6","0.000905036926269531","fast_greedy","edit-xhwikibooks.graphml"
"0.09","0.62","0.29","0.730616429578367","1,1,1,1,2,1,2,7,7,1,2,2,7,7,7,1,8,2,2,2,3,4,7,7,7,7,7,1,1,9,10,2,2,2,5,5,6,7,3,3,3,3,4,4,4,4,3,4,4,4,3,3,3,3,3,4,4,4,4,3,11,3,3,12,13,3,3,3,3,3,4,3,7,7,3,3,3,3,3,3,3,14,1,1,1,15,3,3,3,3,16,17,18,3,3,3,19,3,3,3,3,3,3,3,3,3,3,20,21,3,3,3,3,5,5,5,5,5,5,5,5,6,6,6,6,6,6,6,6","0.000921010971069336","fast_greedy","edit-xhwikibooks.graphml"
"0.08","0.63","0.29","0.730616429578367","1,1,1,1,2,1,2,7,7,1,2,2,7,7,7,1,8,2,2,2,3,4,7,7,7,7,7,1,1,9,10,2,2,2,5,5,6,7,3,3,3,3,4,4,4,4,3,4,4,4,3,3,3,3,3,4,4,4,4,3,11,3,3,12,13,3,3,3,3,3,4,3,7,7,3,3,3,3,3,3,3,14,1,1,1,15,3,3,3,3,16,17,18,3,3,3,19,3,3,3,3,3,3,3,3,3,3,20,21,3,3,3,3,5,5,5,5,5,5,5,5,6,6,6,6,6,6,6,6","0.000874042510986328","fast_greedy","edit-xhwikibooks.graphml"
"0.07","0.64","0.29","0.730616429578367","1,1,1,1,2,1,2,7,7,1,2,2,7,7,7,1,8,2,2,2,3,4,7,7,7,7,7,1,1,9,10,2,2,2,5,5,6,7,3,3,3,3,4,4,4,4,3,4,4,4,3,3,3,3,3,4,4,4,4,3,11,3,3,12,13,3,3,3,3,3,4,3,7,7,3,3,3,3,3,3,3,14,1,1,1,15,3,3,3,3,16,17,18,3,3,3,19,3,3,3,3,3,3,3,3,3,3,20,21,3,3,3,3,5,5,5,5,5,5,5,5,6,6,6,6,6,6,6,6","0.000902175903320312","fast_greedy","edit-xhwikibooks.graphml"
"0.06","0.65","0.29","0.730616429578367","1,1,1,1,2,1,2,7,7,1,2,2,7,7,7,1,8,2,2,2,3,4,7,7,7,7,7,1,1,9,10,2,2,2,5,5,6,7,3,3,3,3,4,4,4,4,3,4,4,4,3,3,3,3,3,4,4,4,4,3,11,3,3,12,13,3,3,3,3,3,4,3,7,7,3,3,3,3,3,3,3,14,1,1,1,15,3,3,3,3,16,17,18,3,3,3,19,3,3,3,3,3,3,3,3,3,3,20,21,3,3,3,3,5,5,5,5,5,5,5,5,6,6,6,6,6,6,6,6","0.00106716156005859","fast_greedy","edit-xhwikibooks.graphml"
"0.05","0.66","0.29","0.730616429578367","1,1,1,1,2,1,2,7,7,1,2,2,7,7,7,1,8,2,2,2,3,4,7,7,7,7,7,1,1,9,10,2,2,2,5,5,6,7,3,3,3,3,4,4,4,4,3,4,4,4,3,3,3,3,3,4,4,4,4,3,11,3,3,12,13,3,3,3,3,3,4,3,7,7,3,3,3,3,3,3,3,14,1,1,1,15,3,3,3,3,16,17,18,3,3,3,19,3,3,3,3,3,3,3,3,3,3,20,21,3,3,3,3,5,5,5,5,5,5,5,5,6,6,6,6,6,6,6,6","0.000961065292358398","fast_greedy","edit-xhwikibooks.graphml"
"0.04","0.67","0.29","0.730616429578367","1,1,1,1,2,1,2,7,7,1,2,2,7,7,7,1,8,2,2,2,3,4,7,7,7,7,7,1,1,9,10,2,2,2,5,5,6,7,3,3,3,3,4,4,4,4,3,4,4,4,3,3,3,3,3,4,4,4,4,3,11,3,3,12,13,3,3,3,3,3,4,3,7,7,3,3,3,3,3,3,3,14,1,1,1,15,3,3,3,3,16,17,18,3,3,3,19,3,3,3,3,3,3,3,3,3,3,20,21,3,3,3,3,5,5,5,5,5,5,5,5,6,6,6,6,6,6,6,6","0.000861167907714844","fast_greedy","edit-xhwikibooks.graphml"
"0.03","0.68","0.29","0.730616429578367","1,1,1,1,2,1,2,7,7,1,2,2,7,7,7,1,8,2,2,2,3,4,7,7,7,7,7,1,1,9,10,2,2,2,5,5,6,7,3,3,3,3,4,4,4,4,3,4,4,4,3,3,3,3,3,4,4,4,4,3,11,3,3,12,13,3,3,3,3,3,4,3,7,7,3,3,3,3,3,3,3,14,1,1,1,15,3,3,3,3,16,17,18,3,3,3,19,3,3,3,3,3,3,3,3,3,3,20,21,3,3,3,3,5,5,5,5,5,5,5,5,6,6,6,6,6,6,6,6","0.000859975814819336","fast_greedy","edit-xhwikibooks.graphml"
"0.02","0.69","0.29","0.730616429578367","1,1,1,1,2,1,2,7,7,1,2,2,7,7,7,1,8,2,2,2,3,4,7,7,7,7,7,1,1,9,10,2,2,2,5,5,6,7,3,3,3,3,4,4,4,4,3,4,4,4,3,3,3,3,3,4,4,4,4,3,11,3,3,12,13,3,3,3,3,3,4,3,7,7,3,3,3,3,3,3,3,14,1,1,1,15,3,3,3,3,16,17,18,3,3,3,19,3,3,3,3,3,3,3,3,3,3,20,21,3,3,3,3,5,5,5,5,5,5,5,5,6,6,6,6,6,6,6,6","0.000874996185302734","fast_greedy","edit-xhwikibooks.graphml"
"0.01","0.7","0.29","0.730616429578367","1,1,1,1,2,1,2,7,7,1,2,2,7,7,7,1,8,2,2,2,3,4,7,7,7,7,7,1,1,9,10,2,2,2,5,5,6,7,3,3,3,3,4,4,4,4,3,4,4,4,3,3,3,3,3,4,4,4,4,3,11,3,3,12,13,3,3,3,3,3,4,3,7,7,3,3,3,3,3,3,3,14,1,1,1,15,3,3,3,3,16,17,18,3,3,3,19,3,3,3,3,3,3,3,3,3,3,20,21,3,3,3,3,5,5,5,5,5,5,5,5,6,6,6,6,6,6,6,6","0.00087285041809082","fast_greedy","edit-xhwikibooks.graphml"
"0","0.71","0.29","0.71595703125","1,1,1,1,1,1,3,1,6,1,3,3,6,6,6,1,8,3,5,3,2,4,6,6,6,6,6,1,1,9,10,5,3,3,5,5,7,6,2,2,2,2,4,4,4,4,2,4,4,4,2,2,2,2,2,4,4,4,4,2,11,2,2,12,13,2,2,2,2,2,4,2,6,6,2,2,2,2,2,2,2,14,1,1,1,15,2,2,2,2,16,17,18,2,2,2,19,2,2,2,2,2,2,2,2,2,2,20,21,2,2,2,2,5,5,5,5,5,5,5,5,7,7,7,7,7,7,7,7","0.000883817672729492","fast_greedy","edit-xhwikibooks.graphml"
"0.7","0","0.3","0.731305122912366","1,1,1,1,1,3,1,3,3,8,2,1,3,3,3,5,8,2,2,1,4,6,3,3,3,3,3,5,1,8,2,2,1,1,2,2,7,3,4,4,4,4,6,6,6,6,4,6,6,6,4,4,4,4,4,6,6,6,6,4,3,4,4,3,3,4,4,4,4,4,6,4,3,3,4,4,4,4,4,4,4,3,5,5,5,1,4,4,4,4,8,2,2,4,4,4,5,4,4,4,4,4,4,4,4,4,4,1,1,1,4,4,4,2,2,2,2,2,2,2,2,7,7,7,7,7,7,7,7","0.000908851623535156","fast_greedy","edit-xhwikibooks.graphml"
"0.69","0.01","0.3","0.731305122912366","1,1,1,1,1,3,1,3,3,8,2,1,3,3,3,5,8,2,2,1,4,6,3,3,3,3,3,5,1,8,2,2,1,1,2,2,7,3,4,4,4,4,6,6,6,6,4,6,6,6,4,4,4,4,4,6,6,6,6,4,3,4,4,3,3,4,4,4,4,4,6,4,3,3,4,4,4,4,4,4,4,3,5,5,5,1,4,4,4,4,8,2,2,4,4,4,5,4,4,4,4,4,4,4,4,4,4,1,1,1,4,4,4,2,2,2,2,2,2,2,2,7,7,7,7,7,7,7,7","0.000905036926269531","fast_greedy","edit-xhwikibooks.graphml"
"0.68","0.02","0.3","0.731305122912366","1,1,1,1,1,3,1,3,3,8,2,1,3,3,3,5,8,2,2,1,4,6,3,3,3,3,3,5,1,8,2,2,1,1,2,2,7,3,4,4,4,4,6,6,6,6,4,6,6,6,4,4,4,4,4,6,6,6,6,4,3,4,4,3,3,4,4,4,4,4,6,4,3,3,4,4,4,4,4,4,4,3,5,5,5,1,4,4,4,4,8,2,2,4,4,4,5,4,4,4,4,4,4,4,4,4,4,1,1,1,4,4,4,2,2,2,2,2,2,2,2,7,7,7,7,7,7,7,7","0.000911951065063477","fast_greedy","edit-xhwikibooks.graphml"
"0.67","0.03","0.3","0.731305122912366","1,1,1,1,1,3,1,3,3,8,2,1,3,3,3,5,8,2,2,1,4,6,3,3,3,3,3,5,1,8,2,2,1,1,2,2,7,3,4,4,4,4,6,6,6,6,4,6,6,6,4,4,4,4,4,6,6,6,6,4,3,4,4,3,3,4,4,4,4,4,6,4,3,3,4,4,4,4,4,4,4,3,5,5,5,1,4,4,4,4,8,2,2,4,4,4,5,4,4,4,4,4,4,4,4,4,4,1,1,1,4,4,4,2,2,2,2,2,2,2,2,7,7,7,7,7,7,7,7","0.000915050506591797","fast_greedy","edit-xhwikibooks.graphml"
"0.66","0.04","0.3","0.731305122912366","1,1,1,1,1,3,1,3,3,8,2,1,3,3,3,5,8,2,2,1,4,6,3,3,3,3,3,5,1,8,2,2,1,1,2,2,7,3,4,4,4,4,6,6,6,6,4,6,6,6,4,4,4,4,4,6,6,6,6,4,3,4,4,3,3,4,4,4,4,4,6,4,3,3,4,4,4,4,4,4,4,3,5,5,5,1,4,4,4,4,8,2,2,4,4,4,5,4,4,4,4,4,4,4,4,4,4,1,1,1,4,4,4,2,2,2,2,2,2,2,2,7,7,7,7,7,7,7,7","0.000903844833374023","fast_greedy","edit-xhwikibooks.graphml"
"0.65","0.05","0.3","0.731305122912366","1,1,1,1,1,3,1,3,3,8,2,1,3,3,3,5,8,2,2,1,4,6,3,3,3,3,3,5,1,8,2,2,1,1,2,2,7,3,4,4,4,4,6,6,6,6,4,6,6,6,4,4,4,4,4,6,6,6,6,4,3,4,4,3,3,4,4,4,4,4,6,4,3,3,4,4,4,4,4,4,4,3,5,5,5,1,4,4,4,4,8,2,2,4,4,4,5,4,4,4,4,4,4,4,4,4,4,1,1,1,4,4,4,2,2,2,2,2,2,2,2,7,7,7,7,7,7,7,7","0.00105404853820801","fast_greedy","edit-xhwikibooks.graphml"
"0.64","0.06","0.3","0.731305122912366","1,1,1,1,1,3,1,3,3,8,2,1,3,3,3,5,8,2,2,1,4,6,3,3,3,3,3,5,1,8,2,2,1,1,2,2,7,3,4,4,4,4,6,6,6,6,4,6,6,6,4,4,4,4,4,6,6,6,6,4,3,4,4,3,3,4,4,4,4,4,6,4,3,3,4,4,4,4,4,4,4,3,5,5,5,1,4,4,4,4,8,2,2,4,4,4,5,4,4,4,4,4,4,4,4,4,4,1,1,1,4,4,4,2,2,2,2,2,2,2,2,7,7,7,7,7,7,7,7","0.000877857208251953","fast_greedy","edit-xhwikibooks.graphml"
"0.63","0.07","0.3","0.731305122912366","1,1,1,1,1,3,1,3,3,8,2,1,3,3,3,5,8,2,2,1,4,6,3,3,3,3,3,5,1,8,2,2,1,1,2,2,7,3,4,4,4,4,6,6,6,6,4,6,6,6,4,4,4,4,4,6,6,6,6,4,3,4,4,3,3,4,4,4,4,4,6,4,3,3,4,4,4,4,4,4,4,3,5,5,5,1,4,4,4,4,8,2,2,4,4,4,5,4,4,4,4,4,4,4,4,4,4,1,1,1,4,4,4,2,2,2,2,2,2,2,2,7,7,7,7,7,7,7,7","0.000844001770019531","fast_greedy","edit-xhwikibooks.graphml"
"0.62","0.08","0.3","0.731305122912366","1,1,1,1,1,3,1,3,3,8,2,1,3,3,3,5,8,2,2,1,4,6,3,3,3,3,3,5,1,8,2,2,1,1,2,2,7,3,4,4,4,4,6,6,6,6,4,6,6,6,4,4,4,4,4,6,6,6,6,4,3,4,4,3,3,4,4,4,4,4,6,4,3,3,4,4,4,4,4,4,4,3,5,5,5,1,4,4,4,4,8,2,2,4,4,4,5,4,4,4,4,4,4,4,4,4,4,1,1,1,4,4,4,2,2,2,2,2,2,2,2,7,7,7,7,7,7,7,7","0.000864028930664062","fast_greedy","edit-xhwikibooks.graphml"
"0.61","0.09","0.3","0.731305122912366","1,1,1,1,1,3,1,3,3,8,2,1,3,3,3,5,8,2,2,1,4,6,3,3,3,3,3,5,1,8,2,2,1,1,2,2,7,3,4,4,4,4,6,6,6,6,4,6,6,6,4,4,4,4,4,6,6,6,6,4,3,4,4,3,3,4,4,4,4,4,6,4,3,3,4,4,4,4,4,4,4,3,5,5,5,1,4,4,4,4,8,2,2,4,4,4,5,4,4,4,4,4,4,4,4,4,4,1,1,1,4,4,4,2,2,2,2,2,2,2,2,7,7,7,7,7,7,7,7","0.000897884368896484","fast_greedy","edit-xhwikibooks.graphml"
"0.6","0.1","0.3","0.731305122912366","1,1,1,1,1,3,1,3,3,8,2,1,3,3,3,5,8,2,2,1,4,6,3,3,3,3,3,5,1,8,2,2,1,1,2,2,7,3,4,4,4,4,6,6,6,6,4,6,6,6,4,4,4,4,4,6,6,6,6,4,3,4,4,3,3,4,4,4,4,4,6,4,3,3,4,4,4,4,4,4,4,3,5,5,5,1,4,4,4,4,8,2,2,4,4,4,5,4,4,4,4,4,4,4,4,4,4,1,1,1,4,4,4,2,2,2,2,2,2,2,2,7,7,7,7,7,7,7,7","0.205641984939575","fast_greedy","edit-xhwikibooks.graphml"
"0.59","0.11","0.3","0.731305122912366","1,1,1,1,1,3,1,3,3,8,2,1,3,3,3,5,8,2,2,1,4,6,3,3,3,3,3,5,1,8,2,2,1,1,2,2,7,3,4,4,4,4,6,6,6,6,4,6,6,6,4,4,4,4,4,6,6,6,6,4,3,4,4,3,3,4,4,4,4,4,6,4,3,3,4,4,4,4,4,4,4,3,5,5,5,1,4,4,4,4,8,2,2,4,4,4,5,4,4,4,4,4,4,4,4,4,4,1,1,1,4,4,4,2,2,2,2,2,2,2,2,7,7,7,7,7,7,7,7","0.00107192993164062","fast_greedy","edit-xhwikibooks.graphml"
"0.58","0.12","0.3","0.731305122912366","1,1,1,1,1,3,1,3,3,8,2,1,3,3,3,5,8,2,2,1,4,6,3,3,3,3,3,5,1,8,2,2,1,1,2,2,7,3,4,4,4,4,6,6,6,6,4,6,6,6,4,4,4,4,4,6,6,6,6,4,3,4,4,3,3,4,4,4,4,4,6,4,3,3,4,4,4,4,4,4,4,3,5,5,5,1,4,4,4,4,8,2,2,4,4,4,5,4,4,4,4,4,4,4,4,4,4,1,1,1,4,4,4,2,2,2,2,2,2,2,2,7,7,7,7,7,7,7,7","0.000952005386352539","fast_greedy","edit-xhwikibooks.graphml"
"0.57","0.13","0.3","0.731305122912366","1,1,1,1,1,3,1,3,3,8,2,1,3,3,3,5,8,2,2,1,4,6,3,3,3,3,3,5,1,8,2,2,1,1,2,2,7,3,4,4,4,4,6,6,6,6,4,6,6,6,4,4,4,4,4,6,6,6,6,4,3,4,4,3,3,4,4,4,4,4,6,4,3,3,4,4,4,4,4,4,4,3,5,5,5,1,4,4,4,4,8,2,2,4,4,4,5,4,4,4,4,4,4,4,4,4,4,1,1,1,4,4,4,2,2,2,2,2,2,2,2,7,7,7,7,7,7,7,7","0.000906944274902344","fast_greedy","edit-xhwikibooks.graphml"
"0.56","0.14","0.3","0.731305122912366","1,1,1,1,1,3,1,3,3,8,2,1,3,3,3,5,8,2,2,1,4,6,3,3,3,3,3,5,1,8,2,2,1,1,2,2,7,3,4,4,4,4,6,6,6,6,4,6,6,6,4,4,4,4,4,6,6,6,6,4,3,4,4,3,3,4,4,4,4,4,6,4,3,3,4,4,4,4,4,4,4,3,5,5,5,1,4,4,4,4,8,2,2,4,4,4,5,4,4,4,4,4,4,4,4,4,4,1,1,1,4,4,4,2,2,2,2,2,2,2,2,7,7,7,7,7,7,7,7","0.00116801261901855","fast_greedy","edit-xhwikibooks.graphml"
"0.55","0.15","0.3","0.731305122912366","1,1,1,1,1,3,1,3,3,8,2,1,3,3,3,5,8,2,2,1,4,6,3,3,3,3,3,5,1,8,2,2,1,1,2,2,7,3,4,4,4,4,6,6,6,6,4,6,6,6,4,4,4,4,4,6,6,6,6,4,3,4,4,3,3,4,4,4,4,4,6,4,3,3,4,4,4,4,4,4,4,3,5,5,5,1,4,4,4,4,8,2,2,4,4,4,5,4,4,4,4,4,4,4,4,4,4,1,1,1,4,4,4,2,2,2,2,2,2,2,2,7,7,7,7,7,7,7,7","0.00158286094665527","fast_greedy","edit-xhwikibooks.graphml"
"0.54","0.16","0.3","0.731305122912366","1,1,1,1,1,3,1,3,3,8,2,1,3,3,3,5,8,2,2,1,4,6,3,3,3,3,3,5,1,8,2,2,1,1,2,2,7,3,4,4,4,4,6,6,6,6,4,6,6,6,4,4,4,4,4,6,6,6,6,4,3,4,4,3,3,4,4,4,4,4,6,4,3,3,4,4,4,4,4,4,4,3,5,5,5,1,4,4,4,4,8,2,2,4,4,4,5,4,4,4,4,4,4,4,4,4,4,1,1,1,4,4,4,2,2,2,2,2,2,2,2,7,7,7,7,7,7,7,7","0.00105881690979004","fast_greedy","edit-xhwikibooks.graphml"
"0.53","0.17","0.3","0.736336711555371","1,1,1,1,1,2,1,2,2,9,1,4,2,2,2,5,9,1,7,4,3,6,2,2,2,2,2,5,1,9,1,7,4,4,7,7,8,2,3,3,3,3,6,6,6,6,3,6,6,6,3,3,3,3,3,6,6,6,6,3,2,3,3,2,2,3,3,3,3,3,6,3,2,2,3,3,3,3,3,3,3,2,5,5,5,1,3,3,3,3,9,1,7,3,3,3,5,3,3,3,3,3,3,3,3,3,3,4,4,4,3,3,3,7,7,7,7,7,7,7,7,8,8,8,8,8,8,8,8","0.000962018966674805","fast_greedy","edit-xhwikibooks.graphml"
"0.52","0.18","0.3","0.736336711555371","1,1,1,1,1,2,1,2,2,9,1,4,2,2,2,5,9,1,7,4,3,6,2,2,2,2,2,5,1,9,1,7,4,4,7,7,8,2,3,3,3,3,6,6,6,6,3,6,6,6,3,3,3,3,3,6,6,6,6,3,2,3,3,2,2,3,3,3,3,3,6,3,2,2,3,3,3,3,3,3,3,2,5,5,5,1,3,3,3,3,9,1,7,3,3,3,5,3,3,3,3,3,3,3,3,3,3,4,4,4,3,3,3,7,7,7,7,7,7,7,7,8,8,8,8,8,8,8,8","0.000908136367797852","fast_greedy","edit-xhwikibooks.graphml"
"0.51","0.19","0.3","0.736336711555371","1,1,1,1,1,2,1,2,2,9,1,4,2,2,2,5,9,1,7,4,3,6,2,2,2,2,2,5,1,9,1,7,4,4,7,7,8,2,3,3,3,3,6,6,6,6,3,6,6,6,3,3,3,3,3,6,6,6,6,3,2,3,3,2,2,3,3,3,3,3,6,3,2,2,3,3,3,3,3,3,3,2,5,5,5,1,3,3,3,3,9,1,7,3,3,3,5,3,3,3,3,3,3,3,3,3,3,4,4,4,3,3,3,7,7,7,7,7,7,7,7,8,8,8,8,8,8,8,8","0.000901937484741211","fast_greedy","edit-xhwikibooks.graphml"
"0.5","0.2","0.3","0.736336711555371","1,1,1,1,1,2,1,2,2,9,1,4,2,2,2,5,9,1,7,4,3,6,2,2,2,2,2,5,1,9,1,7,4,4,7,7,8,2,3,3,3,3,6,6,6,6,3,6,6,6,3,3,3,3,3,6,6,6,6,3,2,3,3,2,2,3,3,3,3,3,6,3,2,2,3,3,3,3,3,3,3,2,5,5,5,1,3,3,3,3,9,1,7,3,3,3,5,3,3,3,3,3,3,3,3,3,3,4,4,4,3,3,3,7,7,7,7,7,7,7,7,8,8,8,8,8,8,8,8","0.000909090042114258","fast_greedy","edit-xhwikibooks.graphml"
"0.49","0.21","0.3","0.736336711555371","1,1,1,1,1,2,1,2,2,9,1,4,2,2,2,5,9,1,7,4,3,6,2,2,2,2,2,5,1,9,1,7,4,4,7,7,8,2,3,3,3,3,6,6,6,6,3,6,6,6,3,3,3,3,3,6,6,6,6,3,2,3,3,2,2,3,3,3,3,3,6,3,2,2,3,3,3,3,3,3,3,2,5,5,5,1,3,3,3,3,9,1,7,3,3,3,5,3,3,3,3,3,3,3,3,3,3,4,4,4,3,3,3,7,7,7,7,7,7,7,7,8,8,8,8,8,8,8,8","0.000909090042114258","fast_greedy","edit-xhwikibooks.graphml"
"0.48","0.22","0.3","0.736336711555371","1,1,1,1,1,2,1,2,2,9,1,4,2,2,2,5,9,1,7,4,3,6,2,2,2,2,2,5,1,9,1,7,4,4,7,7,8,2,3,3,3,3,6,6,6,6,3,6,6,6,3,3,3,3,3,6,6,6,6,3,2,3,3,2,2,3,3,3,3,3,6,3,2,2,3,3,3,3,3,3,3,2,5,5,5,1,3,3,3,3,9,1,7,3,3,3,5,3,3,3,3,3,3,3,3,3,3,4,4,4,3,3,3,7,7,7,7,7,7,7,7,8,8,8,8,8,8,8,8","0.000916004180908203","fast_greedy","edit-xhwikibooks.graphml"
"0.47","0.23","0.3","0.736336711555371","1,1,1,1,1,2,1,2,2,9,1,4,2,2,2,5,9,1,7,4,3,6,2,2,2,2,2,5,1,9,1,7,4,4,7,7,8,2,3,3,3,3,6,6,6,6,3,6,6,6,3,3,3,3,3,6,6,6,6,3,2,3,3,2,2,3,3,3,3,3,6,3,2,2,3,3,3,3,3,3,3,2,5,5,5,1,3,3,3,3,9,1,7,3,3,3,5,3,3,3,3,3,3,3,3,3,3,4,4,4,3,3,3,7,7,7,7,7,7,7,7,8,8,8,8,8,8,8,8","0.000935077667236328","fast_greedy","edit-xhwikibooks.graphml"
"0.46","0.24","0.3","0.736336711555371","1,1,1,1,1,2,1,2,2,9,1,4,2,2,2,5,9,1,7,4,3,6,2,2,2,2,2,5,1,9,1,7,4,4,7,7,8,2,3,3,3,3,6,6,6,6,3,6,6,6,3,3,3,3,3,6,6,6,6,3,2,3,3,2,2,3,3,3,3,3,6,3,2,2,3,3,3,3,3,3,3,2,5,5,5,1,3,3,3,3,9,1,7,3,3,3,5,3,3,3,3,3,3,3,3,3,3,4,4,4,3,3,3,7,7,7,7,7,7,7,7,8,8,8,8,8,8,8,8","0.000916004180908203","fast_greedy","edit-xhwikibooks.graphml"
"0.45","0.25","0.3","0.736336711555371","1,1,1,1,1,2,1,2,2,9,1,4,2,2,2,5,9,1,7,4,3,6,2,2,2,2,2,5,1,9,1,7,4,4,7,7,8,2,3,3,3,3,6,6,6,6,3,6,6,6,3,3,3,3,3,6,6,6,6,3,2,3,3,2,2,3,3,3,3,3,6,3,2,2,3,3,3,3,3,3,3,2,5,5,5,1,3,3,3,3,9,1,7,3,3,3,5,3,3,3,3,3,3,3,3,3,3,4,4,4,3,3,3,7,7,7,7,7,7,7,7,8,8,8,8,8,8,8,8","0.00101089477539062","fast_greedy","edit-xhwikibooks.graphml"
"0.44","0.26","0.3","0.736336711555371","1,1,1,1,1,2,1,2,2,9,1,4,2,2,2,5,9,1,7,4,3,6,2,2,2,2,2,5,1,9,1,7,4,4,7,7,8,2,3,3,3,3,6,6,6,6,3,6,6,6,3,3,3,3,3,6,6,6,6,3,2,3,3,2,2,3,3,3,3,3,6,3,2,2,3,3,3,3,3,3,3,2,5,5,5,1,3,3,3,3,9,1,7,3,3,3,5,3,3,3,3,3,3,3,3,3,3,4,4,4,3,3,3,7,7,7,7,7,7,7,7,8,8,8,8,8,8,8,8","0.000928163528442383","fast_greedy","edit-xhwikibooks.graphml"
"0.43","0.27","0.3","0.736336711555371","1,1,1,1,1,2,1,2,2,9,1,4,2,2,2,5,9,1,7,4,3,6,2,2,2,2,2,5,1,9,1,7,4,4,7,7,8,2,3,3,3,3,6,6,6,6,3,6,6,6,3,3,3,3,3,6,6,6,6,3,2,3,3,2,2,3,3,3,3,3,6,3,2,2,3,3,3,3,3,3,3,2,5,5,5,1,3,3,3,3,9,1,7,3,3,3,5,3,3,3,3,3,3,3,3,3,3,4,4,4,3,3,3,7,7,7,7,7,7,7,7,8,8,8,8,8,8,8,8","0.00088810920715332","fast_greedy","edit-xhwikibooks.graphml"
"0.42","0.28","0.3","0.736336711555371","1,1,1,1,1,2,1,2,2,9,1,4,2,2,2,5,9,1,7,4,3,6,2,2,2,2,2,5,1,9,1,7,4,4,7,7,8,2,3,3,3,3,6,6,6,6,3,6,6,6,3,3,3,3,3,6,6,6,6,3,2,3,3,2,2,3,3,3,3,3,6,3,2,2,3,3,3,3,3,3,3,2,5,5,5,1,3,3,3,3,9,1,7,3,3,3,5,3,3,3,3,3,3,3,3,3,3,4,4,4,3,3,3,7,7,7,7,7,7,7,7,8,8,8,8,8,8,8,8","0.000880002975463867","fast_greedy","edit-xhwikibooks.graphml"
"0.41","0.29","0.3","0.736336711555371","1,1,1,1,1,2,1,2,2,9,1,4,2,2,2,5,9,1,7,4,3,6,2,2,2,2,2,5,1,9,1,7,4,4,7,7,8,2,3,3,3,3,6,6,6,6,3,6,6,6,3,3,3,3,3,6,6,6,6,3,2,3,3,2,2,3,3,3,3,3,6,3,2,2,3,3,3,3,3,3,3,2,5,5,5,1,3,3,3,3,9,1,7,3,3,3,5,3,3,3,3,3,3,3,3,3,3,4,4,4,3,3,3,7,7,7,7,7,7,7,7,8,8,8,8,8,8,8,8","0.000903129577636719","fast_greedy","edit-xhwikibooks.graphml"
"0.4","0.3","0.3","0.736336711555371","1,1,1,1,1,2,1,2,2,9,1,4,2,2,2,5,9,1,7,4,3,6,2,2,2,2,2,5,1,9,1,7,4,4,7,7,8,2,3,3,3,3,6,6,6,6,3,6,6,6,3,3,3,3,3,6,6,6,6,3,2,3,3,2,2,3,3,3,3,3,6,3,2,2,3,3,3,3,3,3,3,2,5,5,5,1,3,3,3,3,9,1,7,3,3,3,5,3,3,3,3,3,3,3,3,3,3,4,4,4,3,3,3,7,7,7,7,7,7,7,7,8,8,8,8,8,8,8,8","0.000899076461791992","fast_greedy","edit-xhwikibooks.graphml"
"0.39","0.31","0.3","0.723913905971037","1,2,1,1,1,2,1,2,2,2,1,1,2,2,2,4,2,1,6,1,3,5,2,2,2,2,2,4,2,2,1,6,1,1,6,6,7,2,3,3,3,3,5,5,5,5,3,5,5,5,3,3,3,3,3,5,5,5,5,3,8,3,3,2,2,3,3,3,3,3,5,3,2,2,3,3,3,3,3,3,3,2,4,4,4,9,3,3,3,3,10,11,12,3,3,3,4,3,3,3,3,3,3,3,3,3,3,1,1,1,3,3,3,6,6,6,6,6,6,6,6,7,7,7,7,7,7,7,7","0.000909805297851562","fast_greedy","edit-xhwikibooks.graphml"
"0.38","0.32","0.3","0.723913905971037","1,2,1,1,1,2,1,2,2,2,1,1,2,2,2,4,2,1,6,1,3,5,2,2,2,2,2,4,2,2,1,6,1,1,6,6,7,2,3,3,3,3,5,5,5,5,3,5,5,5,3,3,3,3,3,5,5,5,5,3,8,3,3,2,2,3,3,3,3,3,5,3,2,2,3,3,3,3,3,3,3,2,4,4,4,9,3,3,3,3,10,11,12,3,3,3,4,3,3,3,3,3,3,3,3,3,3,1,1,1,3,3,3,6,6,6,6,6,6,6,6,7,7,7,7,7,7,7,7","0.000892877578735352","fast_greedy","edit-xhwikibooks.graphml"
"0.37","0.33","0.3","0.723913905971037","1,2,1,1,1,2,1,2,2,2,1,1,2,2,2,4,2,1,6,1,3,5,2,2,2,2,2,4,2,2,1,6,1,1,6,6,7,2,3,3,3,3,5,5,5,5,3,5,5,5,3,3,3,3,3,5,5,5,5,3,8,3,3,2,2,3,3,3,3,3,5,3,2,2,3,3,3,3,3,3,3,2,4,4,4,9,3,3,3,3,10,11,12,3,3,3,4,3,3,3,3,3,3,3,3,3,3,1,1,1,3,3,3,6,6,6,6,6,6,6,6,7,7,7,7,7,7,7,7","0.000869035720825195","fast_greedy","edit-xhwikibooks.graphml"
"0.36","0.34","0.3","0.729228813144897","2,2,2,2,2,1,2,1,1,1,2,4,1,1,1,5,1,2,7,4,3,6,1,1,1,1,1,5,2,1,2,7,4,4,7,7,8,1,3,3,3,3,6,6,6,6,3,6,6,6,3,3,3,3,3,6,6,6,6,3,9,3,3,1,1,3,3,3,3,3,6,3,1,1,3,3,3,3,3,3,3,1,5,5,5,10,3,3,3,3,11,12,13,3,3,3,5,3,3,3,3,3,3,3,3,3,3,4,4,4,3,3,3,7,7,7,7,7,7,7,7,8,8,8,8,8,8,8,8","0.000890970230102539","fast_greedy","edit-xhwikibooks.graphml"
"0.35","0.35","0.3","0.729228813144897","2,2,2,2,2,1,2,1,1,1,2,4,1,1,1,5,1,2,7,4,3,6,1,1,1,1,1,5,2,1,2,7,4,4,7,7,8,1,3,3,3,3,6,6,6,6,3,6,6,6,3,3,3,3,3,6,6,6,6,3,9,3,3,1,1,3,3,3,3,3,6,3,1,1,3,3,3,3,3,3,3,1,5,5,5,10,3,3,3,3,11,12,13,3,3,3,5,3,3,3,3,3,3,3,3,3,3,4,4,4,3,3,3,7,7,7,7,7,7,7,7,8,8,8,8,8,8,8,8","0.000901937484741211","fast_greedy","edit-xhwikibooks.graphml"
"0.34","0.36","0.3","0.729228813144897","2,2,2,2,2,1,2,1,1,1,2,4,1,1,1,5,1,2,7,4,3,6,1,1,1,1,1,5,2,1,2,7,4,4,7,7,8,1,3,3,3,3,6,6,6,6,3,6,6,6,3,3,3,3,3,6,6,6,6,3,9,3,3,1,1,3,3,3,3,3,6,3,1,1,3,3,3,3,3,3,3,1,5,5,5,10,3,3,3,3,11,12,13,3,3,3,5,3,3,3,3,3,3,3,3,3,3,4,4,4,3,3,3,7,7,7,7,7,7,7,7,8,8,8,8,8,8,8,8","0.000923871994018555","fast_greedy","edit-xhwikibooks.graphml"
"0.33","0.37","0.3","0.729228813144897","2,2,2,2,2,1,2,1,1,1,2,4,1,1,1,5,1,2,7,4,3,6,1,1,1,1,1,5,2,1,2,7,4,4,7,7,8,1,3,3,3,3,6,6,6,6,3,6,6,6,3,3,3,3,3,6,6,6,6,3,9,3,3,1,1,3,3,3,3,3,6,3,1,1,3,3,3,3,3,3,3,1,5,5,5,10,3,3,3,3,11,12,13,3,3,3,5,3,3,3,3,3,3,3,3,3,3,4,4,4,3,3,3,7,7,7,7,7,7,7,7,8,8,8,8,8,8,8,8","0.00110483169555664","fast_greedy","edit-xhwikibooks.graphml"
"0.32","0.38","0.3","0.729228813144897","2,2,2,2,2,1,2,1,1,1,2,4,1,1,1,5,1,2,7,4,3,6,1,1,1,1,1,5,2,1,2,7,4,4,7,7,8,1,3,3,3,3,6,6,6,6,3,6,6,6,3,3,3,3,3,6,6,6,6,3,9,3,3,1,1,3,3,3,3,3,6,3,1,1,3,3,3,3,3,3,3,1,5,5,5,10,3,3,3,3,11,12,13,3,3,3,5,3,3,3,3,3,3,3,3,3,3,4,4,4,3,3,3,7,7,7,7,7,7,7,7,8,8,8,8,8,8,8,8","0.000903129577636719","fast_greedy","edit-xhwikibooks.graphml"
"0.31","0.39","0.3","0.729228813144897","2,2,2,2,2,1,2,1,1,1,2,4,1,1,1,5,1,2,7,4,3,6,1,1,1,1,1,5,2,1,2,7,4,4,7,7,8,1,3,3,3,3,6,6,6,6,3,6,6,6,3,3,3,3,3,6,6,6,6,3,9,3,3,1,1,3,3,3,3,3,6,3,1,1,3,3,3,3,3,3,3,1,5,5,5,10,3,3,3,3,11,12,13,3,3,3,5,3,3,3,3,3,3,3,3,3,3,4,4,4,3,3,3,7,7,7,7,7,7,7,7,8,8,8,8,8,8,8,8","0.000894069671630859","fast_greedy","edit-xhwikibooks.graphml"
"0.3","0.4","0.3","0.729228813144897","2,2,2,2,2,1,2,1,1,1,2,4,1,1,1,5,1,2,7,4,3,6,1,1,1,1,1,5,2,1,2,7,4,4,7,7,8,1,3,3,3,3,6,6,6,6,3,6,6,6,3,3,3,3,3,6,6,6,6,3,9,3,3,1,1,3,3,3,3,3,6,3,1,1,3,3,3,3,3,3,3,1,5,5,5,10,3,3,3,3,11,12,13,3,3,3,5,3,3,3,3,3,3,3,3,3,3,4,4,4,3,3,3,7,7,7,7,7,7,7,7,8,8,8,8,8,8,8,8","0.000880002975463867","fast_greedy","edit-xhwikibooks.graphml"
"0.29","0.41","0.3","0.729228813144897","2,2,2,2,2,1,2,1,1,1,2,4,1,1,1,5,1,2,7,4,3,6,1,1,1,1,1,5,2,1,2,7,4,4,7,7,8,1,3,3,3,3,6,6,6,6,3,6,6,6,3,3,3,3,3,6,6,6,6,3,9,3,3,1,1,3,3,3,3,3,6,3,1,1,3,3,3,3,3,3,3,1,5,5,5,10,3,3,3,3,11,12,13,3,3,3,5,3,3,3,3,3,3,3,3,3,3,4,4,4,3,3,3,7,7,7,7,7,7,7,7,8,8,8,8,8,8,8,8","0.000886917114257812","fast_greedy","edit-xhwikibooks.graphml"
"0.28","0.42","0.3","0.729228813144897","2,2,2,2,2,1,2,1,1,1,2,4,1,1,1,5,1,2,7,4,3,6,1,1,1,1,1,5,2,1,2,7,4,4,7,7,8,1,3,3,3,3,6,6,6,6,3,6,6,6,3,3,3,3,3,6,6,6,6,3,9,3,3,1,1,3,3,3,3,3,6,3,1,1,3,3,3,3,3,3,3,1,5,5,5,10,3,3,3,3,11,12,13,3,3,3,5,3,3,3,3,3,3,3,3,3,3,4,4,4,3,3,3,7,7,7,7,7,7,7,7,8,8,8,8,8,8,8,8","0.000889062881469727","fast_greedy","edit-xhwikibooks.graphml"
"0.27","0.43","0.3","0.729228813144897","2,2,2,2,2,1,2,1,1,1,2,4,1,1,1,5,1,2,7,4,3,6,1,1,1,1,1,5,2,1,2,7,4,4,7,7,8,1,3,3,3,3,6,6,6,6,3,6,6,6,3,3,3,3,3,6,6,6,6,3,9,3,3,1,1,3,3,3,3,3,6,3,1,1,3,3,3,3,3,3,3,1,5,5,5,10,3,3,3,3,11,12,13,3,3,3,5,3,3,3,3,3,3,3,3,3,3,4,4,4,3,3,3,7,7,7,7,7,7,7,7,8,8,8,8,8,8,8,8","0.000915050506591797","fast_greedy","edit-xhwikibooks.graphml"
"0.26","0.44","0.3","0.729228813144897","2,2,2,2,2,1,2,1,1,1,2,4,1,1,1,5,1,2,7,4,3,6,1,1,1,1,1,5,2,1,2,7,4,4,7,7,8,1,3,3,3,3,6,6,6,6,3,6,6,6,3,3,3,3,3,6,6,6,6,3,9,3,3,1,1,3,3,3,3,3,6,3,1,1,3,3,3,3,3,3,3,1,5,5,5,10,3,3,3,3,11,12,13,3,3,3,5,3,3,3,3,3,3,3,3,3,3,4,4,4,3,3,3,7,7,7,7,7,7,7,7,8,8,8,8,8,8,8,8","0.000895977020263672","fast_greedy","edit-xhwikibooks.graphml"
"0.25","0.45","0.3","0.729228813144897","2,2,2,2,2,1,2,1,1,1,2,4,1,1,1,5,1,2,7,4,3,6,1,1,1,1,1,5,2,1,2,7,4,4,7,7,8,1,3,3,3,3,6,6,6,6,3,6,6,6,3,3,3,3,3,6,6,6,6,3,9,3,3,1,1,3,3,3,3,3,6,3,1,1,3,3,3,3,3,3,3,1,5,5,5,10,3,3,3,3,11,12,13,3,3,3,5,3,3,3,3,3,3,3,3,3,3,4,4,4,3,3,3,7,7,7,7,7,7,7,7,8,8,8,8,8,8,8,8","0.000893115997314453","fast_greedy","edit-xhwikibooks.graphml"
"0.24","0.46","0.3","0.729228813144897","2,2,2,2,2,1,2,1,1,1,2,4,1,1,1,5,1,2,7,4,3,6,1,1,1,1,1,5,2,1,2,7,4,4,7,7,8,1,3,3,3,3,6,6,6,6,3,6,6,6,3,3,3,3,3,6,6,6,6,3,9,3,3,1,1,3,3,3,3,3,6,3,1,1,3,3,3,3,3,3,3,1,5,5,5,10,3,3,3,3,11,12,13,3,3,3,5,3,3,3,3,3,3,3,3,3,3,4,4,4,3,3,3,7,7,7,7,7,7,7,7,8,8,8,8,8,8,8,8","0.000875949859619141","fast_greedy","edit-xhwikibooks.graphml"
"0.23","0.47","0.3","0.729228813144897","2,2,2,2,2,1,2,1,1,1,2,4,1,1,1,5,1,2,7,4,3,6,1,1,1,1,1,5,2,1,2,7,4,4,7,7,8,1,3,3,3,3,6,6,6,6,3,6,6,6,3,3,3,3,3,6,6,6,6,3,9,3,3,1,1,3,3,3,3,3,6,3,1,1,3,3,3,3,3,3,3,1,5,5,5,10,3,3,3,3,11,12,13,3,3,3,5,3,3,3,3,3,3,3,3,3,3,4,4,4,3,3,3,7,7,7,7,7,7,7,7,8,8,8,8,8,8,8,8","0.000899791717529297","fast_greedy","edit-xhwikibooks.graphml"
"0.22","0.48","0.3","0.729228813144897","2,2,2,2,2,1,2,1,1,1,2,4,1,1,1,5,1,2,7,4,3,6,1,1,1,1,1,5,2,1,2,7,4,4,7,7,8,1,3,3,3,3,6,6,6,6,3,6,6,6,3,3,3,3,3,6,6,6,6,3,9,3,3,1,1,3,3,3,3,3,6,3,1,1,3,3,3,3,3,3,3,1,5,5,5,10,3,3,3,3,11,12,13,3,3,3,5,3,3,3,3,3,3,3,3,3,3,4,4,4,3,3,3,7,7,7,7,7,7,7,7,8,8,8,8,8,8,8,8","0.000871181488037109","fast_greedy","edit-xhwikibooks.graphml"
"0.21","0.49","0.3","0.729228813144897","2,2,2,2,2,1,2,1,1,1,2,4,1,1,1,5,1,2,7,4,3,6,1,1,1,1,1,5,2,1,2,7,4,4,7,7,8,1,3,3,3,3,6,6,6,6,3,6,6,6,3,3,3,3,3,6,6,6,6,3,9,3,3,1,1,3,3,3,3,3,6,3,1,1,3,3,3,3,3,3,3,1,5,5,5,10,3,3,3,3,11,12,13,3,3,3,5,3,3,3,3,3,3,3,3,3,3,4,4,4,3,3,3,7,7,7,7,7,7,7,7,8,8,8,8,8,8,8,8","0.00104403495788574","fast_greedy","edit-xhwikibooks.graphml"
"0.2","0.5","0.3","0.738718054875983","2,2,2,2,2,1,2,1,1,1,2,4,1,1,1,5,1,2,7,4,3,6,1,1,1,1,1,5,2,1,2,7,4,4,7,7,8,1,3,3,3,3,6,6,6,6,3,6,6,6,3,3,3,3,3,6,6,6,6,3,9,3,3,1,1,3,3,3,3,3,6,3,1,1,3,3,3,3,3,3,3,1,5,5,5,10,3,3,3,3,11,12,13,3,3,3,5,3,3,3,3,3,3,3,3,3,3,4,4,4,3,3,3,7,7,7,7,7,7,7,7,8,8,8,8,8,8,8,8","0.000905990600585938","fast_greedy","edit-xhwikibooks.graphml"
"0.19","0.51","0.3","0.738718054875983","2,2,2,2,2,1,2,1,1,1,2,4,1,1,1,5,1,2,7,4,3,6,1,1,1,1,1,5,2,1,2,7,4,4,7,7,8,1,3,3,3,3,6,6,6,6,3,6,6,6,3,3,3,3,3,6,6,6,6,3,9,3,3,1,1,3,3,3,3,3,6,3,1,1,3,3,3,3,3,3,3,1,5,5,5,10,3,3,3,3,11,12,13,3,3,3,5,3,3,3,3,3,3,3,3,3,3,4,4,4,3,3,3,7,7,7,7,7,7,7,7,8,8,8,8,8,8,8,8","0.000900983810424805","fast_greedy","edit-xhwikibooks.graphml"
"0.18","0.52","0.3","0.738718054875983","2,2,2,2,2,1,2,1,1,1,2,4,1,1,1,5,1,2,7,4,3,6,1,1,1,1,1,5,2,1,2,7,4,4,7,7,8,1,3,3,3,3,6,6,6,6,3,6,6,6,3,3,3,3,3,6,6,6,6,3,9,3,3,1,1,3,3,3,3,3,6,3,1,1,3,3,3,3,3,3,3,1,5,5,5,10,3,3,3,3,11,12,13,3,3,3,5,3,3,3,3,3,3,3,3,3,3,4,4,4,3,3,3,7,7,7,7,7,7,7,7,8,8,8,8,8,8,8,8","0.000900983810424805","fast_greedy","edit-xhwikibooks.graphml"
"0.17","0.53","0.3","0.738718054875983","2,2,2,2,2,1,2,1,1,1,2,4,1,1,1,5,1,2,7,4,3,6,1,1,1,1,1,5,2,1,2,7,4,4,7,7,8,1,3,3,3,3,6,6,6,6,3,6,6,6,3,3,3,3,3,6,6,6,6,3,9,3,3,1,1,3,3,3,3,3,6,3,1,1,3,3,3,3,3,3,3,1,5,5,5,10,3,3,3,3,11,12,13,3,3,3,5,3,3,3,3,3,3,3,3,3,3,4,4,4,3,3,3,7,7,7,7,7,7,7,7,8,8,8,8,8,8,8,8","0.000916004180908203","fast_greedy","edit-xhwikibooks.graphml"
"0.16","0.54","0.3","0.738718054875983","2,2,2,2,2,1,2,1,1,1,2,4,1,1,1,5,1,2,7,4,3,6,1,1,1,1,1,5,2,1,2,7,4,4,7,7,8,1,3,3,3,3,6,6,6,6,3,6,6,6,3,3,3,3,3,6,6,6,6,3,9,3,3,1,1,3,3,3,3,3,6,3,1,1,3,3,3,3,3,3,3,1,5,5,5,10,3,3,3,3,11,12,13,3,3,3,5,3,3,3,3,3,3,3,3,3,3,4,4,4,3,3,3,7,7,7,7,7,7,7,7,8,8,8,8,8,8,8,8","0.000912904739379883","fast_greedy","edit-xhwikibooks.graphml"
"0.15","0.55","0.3","0.738718054875983","2,2,2,2,2,1,2,1,1,1,2,4,1,1,1,5,1,2,7,4,3,6,1,1,1,1,1,5,2,1,2,7,4,4,7,7,8,1,3,3,3,3,6,6,6,6,3,6,6,6,3,3,3,3,3,6,6,6,6,3,9,3,3,1,1,3,3,3,3,3,6,3,1,1,3,3,3,3,3,3,3,1,5,5,5,10,3,3,3,3,11,12,13,3,3,3,5,3,3,3,3,3,3,3,3,3,3,4,4,4,3,3,3,7,7,7,7,7,7,7,7,8,8,8,8,8,8,8,8","0.000921964645385742","fast_greedy","edit-xhwikibooks.graphml"
"0.14","0.56","0.3","0.738718054875983","2,2,2,2,2,1,2,1,1,1,2,4,1,1,1,5,1,2,7,4,3,6,1,1,1,1,1,5,2,1,2,7,4,4,7,7,8,1,3,3,3,3,6,6,6,6,3,6,6,6,3,3,3,3,3,6,6,6,6,3,9,3,3,1,1,3,3,3,3,3,6,3,1,1,3,3,3,3,3,3,3,1,5,5,5,10,3,3,3,3,11,12,13,3,3,3,5,3,3,3,3,3,3,3,3,3,3,4,4,4,3,3,3,7,7,7,7,7,7,7,7,8,8,8,8,8,8,8,8","0.000921964645385742","fast_greedy","edit-xhwikibooks.graphml"
"0.13","0.57","0.3","0.738718054875983","2,2,2,2,2,1,2,1,1,1,2,4,1,1,1,5,1,2,7,4,3,6,1,1,1,1,1,5,2,1,2,7,4,4,7,7,8,1,3,3,3,3,6,6,6,6,3,6,6,6,3,3,3,3,3,6,6,6,6,3,9,3,3,1,1,3,3,3,3,3,6,3,1,1,3,3,3,3,3,3,3,1,5,5,5,10,3,3,3,3,11,12,13,3,3,3,5,3,3,3,3,3,3,3,3,3,3,4,4,4,3,3,3,7,7,7,7,7,7,7,7,8,8,8,8,8,8,8,8","0.00090789794921875","fast_greedy","edit-xhwikibooks.graphml"
"0.12","0.58","0.3","0.738718054875983","2,2,2,2,2,1,2,1,1,1,2,4,1,1,1,5,1,2,7,4,3,6,1,1,1,1,1,5,2,1,2,7,4,4,7,7,8,1,3,3,3,3,6,6,6,6,3,6,6,6,3,3,3,3,3,6,6,6,6,3,9,3,3,1,1,3,3,3,3,3,6,3,1,1,3,3,3,3,3,3,3,1,5,5,5,10,3,3,3,3,11,12,13,3,3,3,5,3,3,3,3,3,3,3,3,3,3,4,4,4,3,3,3,7,7,7,7,7,7,7,7,8,8,8,8,8,8,8,8","0.000894069671630859","fast_greedy","edit-xhwikibooks.graphml"
"0.11","0.59","0.3","0.738718054875983","2,2,2,2,2,1,2,1,1,1,2,4,1,1,1,5,1,2,7,4,3,6,1,1,1,1,1,5,2,1,2,7,4,4,7,7,8,1,3,3,3,3,6,6,6,6,3,6,6,6,3,3,3,3,3,6,6,6,6,3,9,3,3,1,1,3,3,3,3,3,6,3,1,1,3,3,3,3,3,3,3,1,5,5,5,10,3,3,3,3,11,12,13,3,3,3,5,3,3,3,3,3,3,3,3,3,3,4,4,4,3,3,3,7,7,7,7,7,7,7,7,8,8,8,8,8,8,8,8","0.000921010971069336","fast_greedy","edit-xhwikibooks.graphml"
"0.1","0.6","0.3","0.730616429578367","1,1,1,1,2,1,2,7,7,1,2,2,7,7,7,1,8,2,2,2,3,4,7,7,7,7,7,1,1,9,10,2,2,2,5,5,6,7,3,3,3,3,4,4,4,4,3,4,4,4,3,3,3,3,3,4,4,4,4,3,11,3,3,12,13,3,3,3,3,3,4,3,7,7,3,3,3,3,3,3,3,14,1,1,1,15,3,3,3,3,16,17,18,3,3,3,19,3,3,3,3,3,3,3,3,3,3,20,21,3,3,3,3,5,5,5,5,5,5,5,5,6,6,6,6,6,6,6,6","0.000918149948120117","fast_greedy","edit-xhwikibooks.graphml"
"0.09","0.61","0.3","0.730616429578367","1,1,1,1,2,1,2,7,7,1,2,2,7,7,7,1,8,2,2,2,3,4,7,7,7,7,7,1,1,9,10,2,2,2,5,5,6,7,3,3,3,3,4,4,4,4,3,4,4,4,3,3,3,3,3,4,4,4,4,3,11,3,3,12,13,3,3,3,3,3,4,3,7,7,3,3,3,3,3,3,3,14,1,1,1,15,3,3,3,3,16,17,18,3,3,3,19,3,3,3,3,3,3,3,3,3,3,20,21,3,3,3,3,5,5,5,5,5,5,5,5,6,6,6,6,6,6,6,6","0.00110387802124023","fast_greedy","edit-xhwikibooks.graphml"
"0.08","0.62","0.3","0.730616429578367","1,1,1,1,2,1,2,7,7,1,2,2,7,7,7,1,8,2,2,2,3,4,7,7,7,7,7,1,1,9,10,2,2,2,5,5,6,7,3,3,3,3,4,4,4,4,3,4,4,4,3,3,3,3,3,4,4,4,4,3,11,3,3,12,13,3,3,3,3,3,4,3,7,7,3,3,3,3,3,3,3,14,1,1,1,15,3,3,3,3,16,17,18,3,3,3,19,3,3,3,3,3,3,3,3,3,3,20,21,3,3,3,3,5,5,5,5,5,5,5,5,6,6,6,6,6,6,6,6","0.000893831253051758","fast_greedy","edit-xhwikibooks.graphml"
"0.07","0.63","0.3","0.730616429578367","1,1,1,1,2,1,2,7,7,1,2,2,7,7,7,1,8,2,2,2,3,4,7,7,7,7,7,1,1,9,10,2,2,2,5,5,6,7,3,3,3,3,4,4,4,4,3,4,4,4,3,3,3,3,3,4,4,4,4,3,11,3,3,12,13,3,3,3,3,3,4,3,7,7,3,3,3,3,3,3,3,14,1,1,1,15,3,3,3,3,16,17,18,3,3,3,19,3,3,3,3,3,3,3,3,3,3,20,21,3,3,3,3,5,5,5,5,5,5,5,5,6,6,6,6,6,6,6,6","0.000894069671630859","fast_greedy","edit-xhwikibooks.graphml"
"0.06","0.64","0.3","0.730616429578367","1,1,1,1,2,1,2,7,7,1,2,2,7,7,7,1,8,2,2,2,3,4,7,7,7,7,7,1,1,9,10,2,2,2,5,5,6,7,3,3,3,3,4,4,4,4,3,4,4,4,3,3,3,3,3,4,4,4,4,3,11,3,3,12,13,3,3,3,3,3,4,3,7,7,3,3,3,3,3,3,3,14,1,1,1,15,3,3,3,3,16,17,18,3,3,3,19,3,3,3,3,3,3,3,3,3,3,20,21,3,3,3,3,5,5,5,5,5,5,5,5,6,6,6,6,6,6,6,6","0.000893831253051758","fast_greedy","edit-xhwikibooks.graphml"
"0.05","0.65","0.3","0.730616429578367","1,1,1,1,2,1,2,7,7,1,2,2,7,7,7,1,8,2,2,2,3,4,7,7,7,7,7,1,1,9,10,2,2,2,5,5,6,7,3,3,3,3,4,4,4,4,3,4,4,4,3,3,3,3,3,4,4,4,4,3,11,3,3,12,13,3,3,3,3,3,4,3,7,7,3,3,3,3,3,3,3,14,1,1,1,15,3,3,3,3,16,17,18,3,3,3,19,3,3,3,3,3,3,3,3,3,3,20,21,3,3,3,3,5,5,5,5,5,5,5,5,6,6,6,6,6,6,6,6","0.000912904739379883","fast_greedy","edit-xhwikibooks.graphml"
"0.04","0.66","0.3","0.730616429578367","1,1,1,1,2,1,2,7,7,1,2,2,7,7,7,1,8,2,2,2,3,4,7,7,7,7,7,1,1,9,10,2,2,2,5,5,6,7,3,3,3,3,4,4,4,4,3,4,4,4,3,3,3,3,3,4,4,4,4,3,11,3,3,12,13,3,3,3,3,3,4,3,7,7,3,3,3,3,3,3,3,14,1,1,1,15,3,3,3,3,16,17,18,3,3,3,19,3,3,3,3,3,3,3,3,3,3,20,21,3,3,3,3,5,5,5,5,5,5,5,5,6,6,6,6,6,6,6,6","0.000926017761230469","fast_greedy","edit-xhwikibooks.graphml"
"0.03","0.67","0.3","0.730616429578367","1,1,1,1,2,1,2,7,7,1,2,2,7,7,7,1,8,2,2,2,3,4,7,7,7,7,7,1,1,9,10,2,2,2,5,5,6,7,3,3,3,3,4,4,4,4,3,4,4,4,3,3,3,3,3,4,4,4,4,3,11,3,3,12,13,3,3,3,3,3,4,3,7,7,3,3,3,3,3,3,3,14,1,1,1,15,3,3,3,3,16,17,18,3,3,3,19,3,3,3,3,3,3,3,3,3,3,20,21,3,3,3,3,5,5,5,5,5,5,5,5,6,6,6,6,6,6,6,6","0.000926017761230469","fast_greedy","edit-xhwikibooks.graphml"
"0.02","0.68","0.3","0.730616429578367","1,1,1,1,2,1,2,7,7,1,2,2,7,7,7,1,8,2,2,2,3,4,7,7,7,7,7,1,1,9,10,2,2,2,5,5,6,7,3,3,3,3,4,4,4,4,3,4,4,4,3,3,3,3,3,4,4,4,4,3,11,3,3,12,13,3,3,3,3,3,4,3,7,7,3,3,3,3,3,3,3,14,1,1,1,15,3,3,3,3,16,17,18,3,3,3,19,3,3,3,3,3,3,3,3,3,3,20,21,3,3,3,3,5,5,5,5,5,5,5,5,6,6,6,6,6,6,6,6","0.00094914436340332","fast_greedy","edit-xhwikibooks.graphml"
"0.01","0.69","0.3","0.730616429578367","1,1,1,1,2,1,2,7,7,1,2,2,7,7,7,1,8,2,2,2,3,4,7,7,7,7,7,1,1,9,10,2,2,2,5,5,6,7,3,3,3,3,4,4,4,4,3,4,4,4,3,3,3,3,3,4,4,4,4,3,11,3,3,12,13,3,3,3,3,3,4,3,7,7,3,3,3,3,3,3,3,14,1,1,1,15,3,3,3,3,16,17,18,3,3,3,19,3,3,3,3,3,3,3,3,3,3,20,21,3,3,3,3,5,5,5,5,5,5,5,5,6,6,6,6,6,6,6,6","0.000924110412597656","fast_greedy","edit-xhwikibooks.graphml"
"0","0.7","0.3","0.71595703125","1,1,1,1,1,1,3,1,6,1,3,3,6,6,6,1,8,3,5,3,2,4,6,6,6,6,6,1,1,9,10,5,3,3,5,5,7,6,2,2,2,2,4,4,4,4,2,4,4,4,2,2,2,2,2,4,4,4,4,2,11,2,2,12,13,2,2,2,2,2,4,2,6,6,2,2,2,2,2,2,2,14,1,1,1,15,2,2,2,2,16,17,18,2,2,2,19,2,2,2,2,2,2,2,2,2,2,20,21,2,2,2,2,5,5,5,5,5,5,5,5,7,7,7,7,7,7,7,7","0.000937938690185547","fast_greedy","edit-xhwikibooks.graphml"
"0.69","0","0.31","0.731305122912366","1,1,1,1,1,3,1,3,3,8,2,1,3,3,3,5,8,2,2,1,4,6,3,3,3,3,3,5,1,8,2,2,1,1,2,2,7,3,4,4,4,4,6,6,6,6,4,6,6,6,4,4,4,4,4,6,6,6,6,4,3,4,4,3,3,4,4,4,4,4,6,4,3,3,4,4,4,4,4,4,4,3,5,5,5,1,4,4,4,4,8,2,2,4,4,4,5,4,4,4,4,4,4,4,4,4,4,1,1,1,4,4,4,2,2,2,2,2,2,2,2,7,7,7,7,7,7,7,7","0.00114583969116211","fast_greedy","edit-xhwikibooks.graphml"
"0.68","0.01","0.31","0.731305122912366","1,1,1,1,1,3,1,3,3,8,2,1,3,3,3,5,8,2,2,1,4,6,3,3,3,3,3,5,1,8,2,2,1,1,2,2,7,3,4,4,4,4,6,6,6,6,4,6,6,6,4,4,4,4,4,6,6,6,6,4,3,4,4,3,3,4,4,4,4,4,6,4,3,3,4,4,4,4,4,4,4,3,5,5,5,1,4,4,4,4,8,2,2,4,4,4,5,4,4,4,4,4,4,4,4,4,4,1,1,1,4,4,4,2,2,2,2,2,2,2,2,7,7,7,7,7,7,7,7","0.000899076461791992","fast_greedy","edit-xhwikibooks.graphml"
"0.67","0.02","0.31","0.731305122912366","1,1,1,1,1,3,1,3,3,8,2,1,3,3,3,5,8,2,2,1,4,6,3,3,3,3,3,5,1,8,2,2,1,1,2,2,7,3,4,4,4,4,6,6,6,6,4,6,6,6,4,4,4,4,4,6,6,6,6,4,3,4,4,3,3,4,4,4,4,4,6,4,3,3,4,4,4,4,4,4,4,3,5,5,5,1,4,4,4,4,8,2,2,4,4,4,5,4,4,4,4,4,4,4,4,4,4,1,1,1,4,4,4,2,2,2,2,2,2,2,2,7,7,7,7,7,7,7,7","0.000907182693481445","fast_greedy","edit-xhwikibooks.graphml"
"0.66","0.03","0.31","0.731305122912366","1,1,1,1,1,3,1,3,3,8,2,1,3,3,3,5,8,2,2,1,4,6,3,3,3,3,3,5,1,8,2,2,1,1,2,2,7,3,4,4,4,4,6,6,6,6,4,6,6,6,4,4,4,4,4,6,6,6,6,4,3,4,4,3,3,4,4,4,4,4,6,4,3,3,4,4,4,4,4,4,4,3,5,5,5,1,4,4,4,4,8,2,2,4,4,4,5,4,4,4,4,4,4,4,4,4,4,1,1,1,4,4,4,2,2,2,2,2,2,2,2,7,7,7,7,7,7,7,7","0.000885009765625","fast_greedy","edit-xhwikibooks.graphml"
"0.65","0.04","0.31","0.731305122912366","1,1,1,1,1,3,1,3,3,8,2,1,3,3,3,5,8,2,2,1,4,6,3,3,3,3,3,5,1,8,2,2,1,1,2,2,7,3,4,4,4,4,6,6,6,6,4,6,6,6,4,4,4,4,4,6,6,6,6,4,3,4,4,3,3,4,4,4,4,4,6,4,3,3,4,4,4,4,4,4,4,3,5,5,5,1,4,4,4,4,8,2,2,4,4,4,5,4,4,4,4,4,4,4,4,4,4,1,1,1,4,4,4,2,2,2,2,2,2,2,2,7,7,7,7,7,7,7,7","0.000910043716430664","fast_greedy","edit-xhwikibooks.graphml"
"0.64","0.05","0.31","0.731305122912366","1,1,1,1,1,3,1,3,3,8,2,1,3,3,3,5,8,2,2,1,4,6,3,3,3,3,3,5,1,8,2,2,1,1,2,2,7,3,4,4,4,4,6,6,6,6,4,6,6,6,4,4,4,4,4,6,6,6,6,4,3,4,4,3,3,4,4,4,4,4,6,4,3,3,4,4,4,4,4,4,4,3,5,5,5,1,4,4,4,4,8,2,2,4,4,4,5,4,4,4,4,4,4,4,4,4,4,1,1,1,4,4,4,2,2,2,2,2,2,2,2,7,7,7,7,7,7,7,7","0.000895023345947266","fast_greedy","edit-xhwikibooks.graphml"
"0.63","0.06","0.31","0.731305122912366","1,1,1,1,1,3,1,3,3,8,2,1,3,3,3,5,8,2,2,1,4,6,3,3,3,3,3,5,1,8,2,2,1,1,2,2,7,3,4,4,4,4,6,6,6,6,4,6,6,6,4,4,4,4,4,6,6,6,6,4,3,4,4,3,3,4,4,4,4,4,6,4,3,3,4,4,4,4,4,4,4,3,5,5,5,1,4,4,4,4,8,2,2,4,4,4,5,4,4,4,4,4,4,4,4,4,4,1,1,1,4,4,4,2,2,2,2,2,2,2,2,7,7,7,7,7,7,7,7","0.000928878784179688","fast_greedy","edit-xhwikibooks.graphml"
"0.62","0.07","0.31","0.731305122912366","1,1,1,1,1,3,1,3,3,8,2,1,3,3,3,5,8,2,2,1,4,6,3,3,3,3,3,5,1,8,2,2,1,1,2,2,7,3,4,4,4,4,6,6,6,6,4,6,6,6,4,4,4,4,4,6,6,6,6,4,3,4,4,3,3,4,4,4,4,4,6,4,3,3,4,4,4,4,4,4,4,3,5,5,5,1,4,4,4,4,8,2,2,4,4,4,5,4,4,4,4,4,4,4,4,4,4,1,1,1,4,4,4,2,2,2,2,2,2,2,2,7,7,7,7,7,7,7,7","0.000909090042114258","fast_greedy","edit-xhwikibooks.graphml"
"0.61","0.08","0.31","0.731305122912366","1,1,1,1,1,3,1,3,3,8,2,1,3,3,3,5,8,2,2,1,4,6,3,3,3,3,3,5,1,8,2,2,1,1,2,2,7,3,4,4,4,4,6,6,6,6,4,6,6,6,4,4,4,4,4,6,6,6,6,4,3,4,4,3,3,4,4,4,4,4,6,4,3,3,4,4,4,4,4,4,4,3,5,5,5,1,4,4,4,4,8,2,2,4,4,4,5,4,4,4,4,4,4,4,4,4,4,1,1,1,4,4,4,2,2,2,2,2,2,2,2,7,7,7,7,7,7,7,7","0.000877857208251953","fast_greedy","edit-xhwikibooks.graphml"
"0.6","0.09","0.31","0.731305122912366","1,1,1,1,1,3,1,3,3,8,2,1,3,3,3,5,8,2,2,1,4,6,3,3,3,3,3,5,1,8,2,2,1,1,2,2,7,3,4,4,4,4,6,6,6,6,4,6,6,6,4,4,4,4,4,6,6,6,6,4,3,4,4,3,3,4,4,4,4,4,6,4,3,3,4,4,4,4,4,4,4,3,5,5,5,1,4,4,4,4,8,2,2,4,4,4,5,4,4,4,4,4,4,4,4,4,4,1,1,1,4,4,4,2,2,2,2,2,2,2,2,7,7,7,7,7,7,7,7","0.000936031341552734","fast_greedy","edit-xhwikibooks.graphml"
"0.59","0.1","0.31","0.731305122912366","1,1,1,1,1,3,1,3,3,8,2,1,3,3,3,5,8,2,2,1,4,6,3,3,3,3,3,5,1,8,2,2,1,1,2,2,7,3,4,4,4,4,6,6,6,6,4,6,6,6,4,4,4,4,4,6,6,6,6,4,3,4,4,3,3,4,4,4,4,4,6,4,3,3,4,4,4,4,4,4,4,3,5,5,5,1,4,4,4,4,8,2,2,4,4,4,5,4,4,4,4,4,4,4,4,4,4,1,1,1,4,4,4,2,2,2,2,2,2,2,2,7,7,7,7,7,7,7,7","0.000945806503295898","fast_greedy","edit-xhwikibooks.graphml"
"0.58","0.11","0.31","0.731305122912366","1,1,1,1,1,3,1,3,3,8,2,1,3,3,3,5,8,2,2,1,4,6,3,3,3,3,3,5,1,8,2,2,1,1,2,2,7,3,4,4,4,4,6,6,6,6,4,6,6,6,4,4,4,4,4,6,6,6,6,4,3,4,4,3,3,4,4,4,4,4,6,4,3,3,4,4,4,4,4,4,4,3,5,5,5,1,4,4,4,4,8,2,2,4,4,4,5,4,4,4,4,4,4,4,4,4,4,1,1,1,4,4,4,2,2,2,2,2,2,2,2,7,7,7,7,7,7,7,7","0.000995159149169922","fast_greedy","edit-xhwikibooks.graphml"
"0.57","0.12","0.31","0.731305122912366","1,1,1,1,1,3,1,3,3,8,2,1,3,3,3,5,8,2,2,1,4,6,3,3,3,3,3,5,1,8,2,2,1,1,2,2,7,3,4,4,4,4,6,6,6,6,4,6,6,6,4,4,4,4,4,6,6,6,6,4,3,4,4,3,3,4,4,4,4,4,6,4,3,3,4,4,4,4,4,4,4,3,5,5,5,1,4,4,4,4,8,2,2,4,4,4,5,4,4,4,4,4,4,4,4,4,4,1,1,1,4,4,4,2,2,2,2,2,2,2,2,7,7,7,7,7,7,7,7","0.000901937484741211","fast_greedy","edit-xhwikibooks.graphml"
"0.56","0.13","0.31","0.731305122912366","1,1,1,1,1,3,1,3,3,8,2,1,3,3,3,5,8,2,2,1,4,6,3,3,3,3,3,5,1,8,2,2,1,1,2,2,7,3,4,4,4,4,6,6,6,6,4,6,6,6,4,4,4,4,4,6,6,6,6,4,3,4,4,3,3,4,4,4,4,4,6,4,3,3,4,4,4,4,4,4,4,3,5,5,5,1,4,4,4,4,8,2,2,4,4,4,5,4,4,4,4,4,4,4,4,4,4,1,1,1,4,4,4,2,2,2,2,2,2,2,2,7,7,7,7,7,7,7,7","0.00104594230651855","fast_greedy","edit-xhwikibooks.graphml"
"0.55","0.14","0.31","0.731305122912366","1,1,1,1,1,3,1,3,3,8,2,1,3,3,3,5,8,2,2,1,4,6,3,3,3,3,3,5,1,8,2,2,1,1,2,2,7,3,4,4,4,4,6,6,6,6,4,6,6,6,4,4,4,4,4,6,6,6,6,4,3,4,4,3,3,4,4,4,4,4,6,4,3,3,4,4,4,4,4,4,4,3,5,5,5,1,4,4,4,4,8,2,2,4,4,4,5,4,4,4,4,4,4,4,4,4,4,1,1,1,4,4,4,2,2,2,2,2,2,2,2,7,7,7,7,7,7,7,7","0.000894069671630859","fast_greedy","edit-xhwikibooks.graphml"
"0.54","0.15","0.31","0.731305122912366","1,1,1,1,1,3,1,3,3,8,2,1,3,3,3,5,8,2,2,1,4,6,3,3,3,3,3,5,1,8,2,2,1,1,2,2,7,3,4,4,4,4,6,6,6,6,4,6,6,6,4,4,4,4,4,6,6,6,6,4,3,4,4,3,3,4,4,4,4,4,6,4,3,3,4,4,4,4,4,4,4,3,5,5,5,1,4,4,4,4,8,2,2,4,4,4,5,4,4,4,4,4,4,4,4,4,4,1,1,1,4,4,4,2,2,2,2,2,2,2,2,7,7,7,7,7,7,7,7","0.000898838043212891","fast_greedy","edit-xhwikibooks.graphml"
"0.53","0.16","0.31","0.731305122912366","1,1,1,1,1,3,1,3,3,8,2,1,3,3,3,5,8,2,2,1,4,6,3,3,3,3,3,5,1,8,2,2,1,1,2,2,7,3,4,4,4,4,6,6,6,6,4,6,6,6,4,4,4,4,4,6,6,6,6,4,3,4,4,3,3,4,4,4,4,4,6,4,3,3,4,4,4,4,4,4,4,3,5,5,5,1,4,4,4,4,8,2,2,4,4,4,5,4,4,4,4,4,4,4,4,4,4,1,1,1,4,4,4,2,2,2,2,2,2,2,2,7,7,7,7,7,7,7,7","0.000906944274902344","fast_greedy","edit-xhwikibooks.graphml"
"0.52","0.17","0.31","0.736336711555371","1,1,1,1,1,2,1,2,2,9,1,4,2,2,2,5,9,1,7,4,3,6,2,2,2,2,2,5,1,9,1,7,4,4,7,7,8,2,3,3,3,3,6,6,6,6,3,6,6,6,3,3,3,3,3,6,6,6,6,3,2,3,3,2,2,3,3,3,3,3,6,3,2,2,3,3,3,3,3,3,3,2,5,5,5,1,3,3,3,3,9,1,7,3,3,3,5,3,3,3,3,3,3,3,3,3,3,4,4,4,3,3,3,7,7,7,7,7,7,7,7,8,8,8,8,8,8,8,8","0.000896930694580078","fast_greedy","edit-xhwikibooks.graphml"
"0.51","0.18","0.31","0.736336711555371","1,1,1,1,1,2,1,2,2,9,1,4,2,2,2,5,9,1,7,4,3,6,2,2,2,2,2,5,1,9,1,7,4,4,7,7,8,2,3,3,3,3,6,6,6,6,3,6,6,6,3,3,3,3,3,6,6,6,6,3,2,3,3,2,2,3,3,3,3,3,6,3,2,2,3,3,3,3,3,3,3,2,5,5,5,1,3,3,3,3,9,1,7,3,3,3,5,3,3,3,3,3,3,3,3,3,3,4,4,4,3,3,3,7,7,7,7,7,7,7,7,8,8,8,8,8,8,8,8","0.000926971435546875","fast_greedy","edit-xhwikibooks.graphml"
"0.5","0.19","0.31","0.736336711555371","1,1,1,1,1,2,1,2,2,9,1,4,2,2,2,5,9,1,7,4,3,6,2,2,2,2,2,5,1,9,1,7,4,4,7,7,8,2,3,3,3,3,6,6,6,6,3,6,6,6,3,3,3,3,3,6,6,6,6,3,2,3,3,2,2,3,3,3,3,3,6,3,2,2,3,3,3,3,3,3,3,2,5,5,5,1,3,3,3,3,9,1,7,3,3,3,5,3,3,3,3,3,3,3,3,3,3,4,4,4,3,3,3,7,7,7,7,7,7,7,7,8,8,8,8,8,8,8,8","0.000921964645385742","fast_greedy","edit-xhwikibooks.graphml"
"0.49","0.2","0.31","0.736336711555371","1,1,1,1,1,2,1,2,2,9,1,4,2,2,2,5,9,1,7,4,3,6,2,2,2,2,2,5,1,9,1,7,4,4,7,7,8,2,3,3,3,3,6,6,6,6,3,6,6,6,3,3,3,3,3,6,6,6,6,3,2,3,3,2,2,3,3,3,3,3,6,3,2,2,3,3,3,3,3,3,3,2,5,5,5,1,3,3,3,3,9,1,7,3,3,3,5,3,3,3,3,3,3,3,3,3,3,4,4,4,3,3,3,7,7,7,7,7,7,7,7,8,8,8,8,8,8,8,8","0.000910043716430664","fast_greedy","edit-xhwikibooks.graphml"
"0.48","0.21","0.31","0.736336711555371","1,1,1,1,1,2,1,2,2,9,1,4,2,2,2,5,9,1,7,4,3,6,2,2,2,2,2,5,1,9,1,7,4,4,7,7,8,2,3,3,3,3,6,6,6,6,3,6,6,6,3,3,3,3,3,6,6,6,6,3,2,3,3,2,2,3,3,3,3,3,6,3,2,2,3,3,3,3,3,3,3,2,5,5,5,1,3,3,3,3,9,1,7,3,3,3,5,3,3,3,3,3,3,3,3,3,3,4,4,4,3,3,3,7,7,7,7,7,7,7,7,8,8,8,8,8,8,8,8","0.000898838043212891","fast_greedy","edit-xhwikibooks.graphml"
"0.47","0.22","0.31","0.736336711555371","1,1,1,1,1,2,1,2,2,9,1,4,2,2,2,5,9,1,7,4,3,6,2,2,2,2,2,5,1,9,1,7,4,4,7,7,8,2,3,3,3,3,6,6,6,6,3,6,6,6,3,3,3,3,3,6,6,6,6,3,2,3,3,2,2,3,3,3,3,3,6,3,2,2,3,3,3,3,3,3,3,2,5,5,5,1,3,3,3,3,9,1,7,3,3,3,5,3,3,3,3,3,3,3,3,3,3,4,4,4,3,3,3,7,7,7,7,7,7,7,7,8,8,8,8,8,8,8,8","0.000961065292358398","fast_greedy","edit-xhwikibooks.graphml"
"0.46","0.23","0.31","0.736336711555371","1,1,1,1,1,2,1,2,2,9,1,4,2,2,2,5,9,1,7,4,3,6,2,2,2,2,2,5,1,9,1,7,4,4,7,7,8,2,3,3,3,3,6,6,6,6,3,6,6,6,3,3,3,3,3,6,6,6,6,3,2,3,3,2,2,3,3,3,3,3,6,3,2,2,3,3,3,3,3,3,3,2,5,5,5,1,3,3,3,3,9,1,7,3,3,3,5,3,3,3,3,3,3,3,3,3,3,4,4,4,3,3,3,7,7,7,7,7,7,7,7,8,8,8,8,8,8,8,8","0.000882148742675781","fast_greedy","edit-xhwikibooks.graphml"
"0.45","0.24","0.31","0.736336711555371","1,1,1,1,1,2,1,2,2,9,1,4,2,2,2,5,9,1,7,4,3,6,2,2,2,2,2,5,1,9,1,7,4,4,7,7,8,2,3,3,3,3,6,6,6,6,3,6,6,6,3,3,3,3,3,6,6,6,6,3,2,3,3,2,2,3,3,3,3,3,6,3,2,2,3,3,3,3,3,3,3,2,5,5,5,1,3,3,3,3,9,1,7,3,3,3,5,3,3,3,3,3,3,3,3,3,3,4,4,4,3,3,3,7,7,7,7,7,7,7,7,8,8,8,8,8,8,8,8","0.000891923904418945","fast_greedy","edit-xhwikibooks.graphml"
"0.44","0.25","0.31","0.736336711555371","1,1,1,1,1,2,1,2,2,9,1,4,2,2,2,5,9,1,7,4,3,6,2,2,2,2,2,5,1,9,1,7,4,4,7,7,8,2,3,3,3,3,6,6,6,6,3,6,6,6,3,3,3,3,3,6,6,6,6,3,2,3,3,2,2,3,3,3,3,3,6,3,2,2,3,3,3,3,3,3,3,2,5,5,5,1,3,3,3,3,9,1,7,3,3,3,5,3,3,3,3,3,3,3,3,3,3,4,4,4,3,3,3,7,7,7,7,7,7,7,7,8,8,8,8,8,8,8,8","0.00108098983764648","fast_greedy","edit-xhwikibooks.graphml"
"0.43","0.26","0.31","0.736336711555371","1,1,1,1,1,2,1,2,2,9,1,4,2,2,2,5,9,1,7,4,3,6,2,2,2,2,2,5,1,9,1,7,4,4,7,7,8,2,3,3,3,3,6,6,6,6,3,6,6,6,3,3,3,3,3,6,6,6,6,3,2,3,3,2,2,3,3,3,3,3,6,3,2,2,3,3,3,3,3,3,3,2,5,5,5,1,3,3,3,3,9,1,7,3,3,3,5,3,3,3,3,3,3,3,3,3,3,4,4,4,3,3,3,7,7,7,7,7,7,7,7,8,8,8,8,8,8,8,8","0.000885009765625","fast_greedy","edit-xhwikibooks.graphml"
"0.42","0.27","0.31","0.736336711555371","1,1,1,1,1,2,1,2,2,9,1,4,2,2,2,5,9,1,7,4,3,6,2,2,2,2,2,5,1,9,1,7,4,4,7,7,8,2,3,3,3,3,6,6,6,6,3,6,6,6,3,3,3,3,3,6,6,6,6,3,2,3,3,2,2,3,3,3,3,3,6,3,2,2,3,3,3,3,3,3,3,2,5,5,5,1,3,3,3,3,9,1,7,3,3,3,5,3,3,3,3,3,3,3,3,3,3,4,4,4,3,3,3,7,7,7,7,7,7,7,7,8,8,8,8,8,8,8,8","0.000858068466186523","fast_greedy","edit-xhwikibooks.graphml"
"0.41","0.28","0.31","0.736336711555371","1,1,1,1,1,2,1,2,2,9,1,4,2,2,2,5,9,1,7,4,3,6,2,2,2,2,2,5,1,9,1,7,4,4,7,7,8,2,3,3,3,3,6,6,6,6,3,6,6,6,3,3,3,3,3,6,6,6,6,3,2,3,3,2,2,3,3,3,3,3,6,3,2,2,3,3,3,3,3,3,3,2,5,5,5,1,3,3,3,3,9,1,7,3,3,3,5,3,3,3,3,3,3,3,3,3,3,4,4,4,3,3,3,7,7,7,7,7,7,7,7,8,8,8,8,8,8,8,8","0.00091099739074707","fast_greedy","edit-xhwikibooks.graphml"
"0.4","0.29","0.31","0.736336711555371","1,1,1,1,1,2,1,2,2,9,1,4,2,2,2,5,9,1,7,4,3,6,2,2,2,2,2,5,1,9,1,7,4,4,7,7,8,2,3,3,3,3,6,6,6,6,3,6,6,6,3,3,3,3,3,6,6,6,6,3,2,3,3,2,2,3,3,3,3,3,6,3,2,2,3,3,3,3,3,3,3,2,5,5,5,1,3,3,3,3,9,1,7,3,3,3,5,3,3,3,3,3,3,3,3,3,3,4,4,4,3,3,3,7,7,7,7,7,7,7,7,8,8,8,8,8,8,8,8","0.000885963439941406","fast_greedy","edit-xhwikibooks.graphml"
"0.39","0.3","0.31","0.736336711555371","1,1,1,1,1,2,1,2,2,9,1,4,2,2,2,5,9,1,7,4,3,6,2,2,2,2,2,5,1,9,1,7,4,4,7,7,8,2,3,3,3,3,6,6,6,6,3,6,6,6,3,3,3,3,3,6,6,6,6,3,2,3,3,2,2,3,3,3,3,3,6,3,2,2,3,3,3,3,3,3,3,2,5,5,5,1,3,3,3,3,9,1,7,3,3,3,5,3,3,3,3,3,3,3,3,3,3,4,4,4,3,3,3,7,7,7,7,7,7,7,7,8,8,8,8,8,8,8,8","0.000904083251953125","fast_greedy","edit-xhwikibooks.graphml"
"0.38","0.31","0.31","0.736336711555371","1,1,1,1,1,2,1,2,2,9,1,4,2,2,2,5,9,1,7,4,3,6,2,2,2,2,2,5,1,9,1,7,4,4,7,7,8,2,3,3,3,3,6,6,6,6,3,6,6,6,3,3,3,3,3,6,6,6,6,3,2,3,3,2,2,3,3,3,3,3,6,3,2,2,3,3,3,3,3,3,3,2,5,5,5,1,3,3,3,3,9,1,7,3,3,3,5,3,3,3,3,3,3,3,3,3,3,4,4,4,3,3,3,7,7,7,7,7,7,7,7,8,8,8,8,8,8,8,8","0.000917196273803711","fast_greedy","edit-xhwikibooks.graphml"
"0.37","0.32","0.31","0.723913905971037","1,2,1,1,1,2,1,2,2,2,1,1,2,2,2,4,2,1,6,1,3,5,2,2,2,2,2,4,2,2,1,6,1,1,6,6,7,2,3,3,3,3,5,5,5,5,3,5,5,5,3,3,3,3,3,5,5,5,5,3,8,3,3,2,2,3,3,3,3,3,5,3,2,2,3,3,3,3,3,3,3,2,4,4,4,9,3,3,3,3,10,11,12,3,3,3,4,3,3,3,3,3,3,3,3,3,3,1,1,1,3,3,3,6,6,6,6,6,6,6,6,7,7,7,7,7,7,7,7","0.000911951065063477","fast_greedy","edit-xhwikibooks.graphml"
"0.36","0.33","0.31","0.723913905971037","1,2,1,1,1,2,1,2,2,2,1,1,2,2,2,4,2,1,6,1,3,5,2,2,2,2,2,4,2,2,1,6,1,1,6,6,7,2,3,3,3,3,5,5,5,5,3,5,5,5,3,3,3,3,3,5,5,5,5,3,8,3,3,2,2,3,3,3,3,3,5,3,2,2,3,3,3,3,3,3,3,2,4,4,4,9,3,3,3,3,10,11,12,3,3,3,4,3,3,3,3,3,3,3,3,3,3,1,1,1,3,3,3,6,6,6,6,6,6,6,6,7,7,7,7,7,7,7,7","0.000896930694580078","fast_greedy","edit-xhwikibooks.graphml"
"0.35","0.34","0.31","0.729228813144897","2,2,2,2,2,1,2,1,1,1,2,4,1,1,1,5,1,2,7,4,3,6,1,1,1,1,1,5,2,1,2,7,4,4,7,7,8,1,3,3,3,3,6,6,6,6,3,6,6,6,3,3,3,3,3,6,6,6,6,3,9,3,3,1,1,3,3,3,3,3,6,3,1,1,3,3,3,3,3,3,3,1,5,5,5,10,3,3,3,3,11,12,13,3,3,3,5,3,3,3,3,3,3,3,3,3,3,4,4,4,3,3,3,7,7,7,7,7,7,7,7,8,8,8,8,8,8,8,8","0.000889062881469727","fast_greedy","edit-xhwikibooks.graphml"
"0.34","0.35","0.31","0.729228813144897","2,2,2,2,2,1,2,1,1,1,2,4,1,1,1,5,1,2,7,4,3,6,1,1,1,1,1,5,2,1,2,7,4,4,7,7,8,1,3,3,3,3,6,6,6,6,3,6,6,6,3,3,3,3,3,6,6,6,6,3,9,3,3,1,1,3,3,3,3,3,6,3,1,1,3,3,3,3,3,3,3,1,5,5,5,10,3,3,3,3,11,12,13,3,3,3,5,3,3,3,3,3,3,3,3,3,3,4,4,4,3,3,3,7,7,7,7,7,7,7,7,8,8,8,8,8,8,8,8","0.00086212158203125","fast_greedy","edit-xhwikibooks.graphml"
"0.33","0.36","0.31","0.729228813144897","2,2,2,2,2,1,2,1,1,1,2,4,1,1,1,5,1,2,7,4,3,6,1,1,1,1,1,5,2,1,2,7,4,4,7,7,8,1,3,3,3,3,6,6,6,6,3,6,6,6,3,3,3,3,3,6,6,6,6,3,9,3,3,1,1,3,3,3,3,3,6,3,1,1,3,3,3,3,3,3,3,1,5,5,5,10,3,3,3,3,11,12,13,3,3,3,5,3,3,3,3,3,3,3,3,3,3,4,4,4,3,3,3,7,7,7,7,7,7,7,7,8,8,8,8,8,8,8,8","0.000904083251953125","fast_greedy","edit-xhwikibooks.graphml"
"0.32","0.37","0.31","0.729228813144897","2,2,2,2,2,1,2,1,1,1,2,4,1,1,1,5,1,2,7,4,3,6,1,1,1,1,1,5,2,1,2,7,4,4,7,7,8,1,3,3,3,3,6,6,6,6,3,6,6,6,3,3,3,3,3,6,6,6,6,3,9,3,3,1,1,3,3,3,3,3,6,3,1,1,3,3,3,3,3,3,3,1,5,5,5,10,3,3,3,3,11,12,13,3,3,3,5,3,3,3,3,3,3,3,3,3,3,4,4,4,3,3,3,7,7,7,7,7,7,7,7,8,8,8,8,8,8,8,8","0.00110316276550293","fast_greedy","edit-xhwikibooks.graphml"
"0.31","0.38","0.31","0.729228813144897","2,2,2,2,2,1,2,1,1,1,2,4,1,1,1,5,1,2,7,4,3,6,1,1,1,1,1,5,2,1,2,7,4,4,7,7,8,1,3,3,3,3,6,6,6,6,3,6,6,6,3,3,3,3,3,6,6,6,6,3,9,3,3,1,1,3,3,3,3,3,6,3,1,1,3,3,3,3,3,3,3,1,5,5,5,10,3,3,3,3,11,12,13,3,3,3,5,3,3,3,3,3,3,3,3,3,3,4,4,4,3,3,3,7,7,7,7,7,7,7,7,8,8,8,8,8,8,8,8","0.000905036926269531","fast_greedy","edit-xhwikibooks.graphml"
"0.3","0.39","0.31","0.729228813144897","2,2,2,2,2,1,2,1,1,1,2,4,1,1,1,5,1,2,7,4,3,6,1,1,1,1,1,5,2,1,2,7,4,4,7,7,8,1,3,3,3,3,6,6,6,6,3,6,6,6,3,3,3,3,3,6,6,6,6,3,9,3,3,1,1,3,3,3,3,3,6,3,1,1,3,3,3,3,3,3,3,1,5,5,5,10,3,3,3,3,11,12,13,3,3,3,5,3,3,3,3,3,3,3,3,3,3,4,4,4,3,3,3,7,7,7,7,7,7,7,7,8,8,8,8,8,8,8,8","0.000880956649780273","fast_greedy","edit-xhwikibooks.graphml"
"0.29","0.4","0.31","0.729228813144897","2,2,2,2,2,1,2,1,1,1,2,4,1,1,1,5,1,2,7,4,3,6,1,1,1,1,1,5,2,1,2,7,4,4,7,7,8,1,3,3,3,3,6,6,6,6,3,6,6,6,3,3,3,3,3,6,6,6,6,3,9,3,3,1,1,3,3,3,3,3,6,3,1,1,3,3,3,3,3,3,3,1,5,5,5,10,3,3,3,3,11,12,13,3,3,3,5,3,3,3,3,3,3,3,3,3,3,4,4,4,3,3,3,7,7,7,7,7,7,7,7,8,8,8,8,8,8,8,8","0.000883102416992188","fast_greedy","edit-xhwikibooks.graphml"
"0.28","0.41","0.31","0.729228813144897","2,2,2,2,2,1,2,1,1,1,2,4,1,1,1,5,1,2,7,4,3,6,1,1,1,1,1,5,2,1,2,7,4,4,7,7,8,1,3,3,3,3,6,6,6,6,3,6,6,6,3,3,3,3,3,6,6,6,6,3,9,3,3,1,1,3,3,3,3,3,6,3,1,1,3,3,3,3,3,3,3,1,5,5,5,10,3,3,3,3,11,12,13,3,3,3,5,3,3,3,3,3,3,3,3,3,3,4,4,4,3,3,3,7,7,7,7,7,7,7,7,8,8,8,8,8,8,8,8","0.000894069671630859","fast_greedy","edit-xhwikibooks.graphml"
"0.27","0.42","0.31","0.729228813144897","2,2,2,2,2,1,2,1,1,1,2,4,1,1,1,5,1,2,7,4,3,6,1,1,1,1,1,5,2,1,2,7,4,4,7,7,8,1,3,3,3,3,6,6,6,6,3,6,6,6,3,3,3,3,3,6,6,6,6,3,9,3,3,1,1,3,3,3,3,3,6,3,1,1,3,3,3,3,3,3,3,1,5,5,5,10,3,3,3,3,11,12,13,3,3,3,5,3,3,3,3,3,3,3,3,3,3,4,4,4,3,3,3,7,7,7,7,7,7,7,7,8,8,8,8,8,8,8,8","0.000909090042114258","fast_greedy","edit-xhwikibooks.graphml"
"0.26","0.43","0.31","0.729228813144897","2,2,2,2,2,1,2,1,1,1,2,4,1,1,1,5,1,2,7,4,3,6,1,1,1,1,1,5,2,1,2,7,4,4,7,7,8,1,3,3,3,3,6,6,6,6,3,6,6,6,3,3,3,3,3,6,6,6,6,3,9,3,3,1,1,3,3,3,3,3,6,3,1,1,3,3,3,3,3,3,3,1,5,5,5,10,3,3,3,3,11,12,13,3,3,3,5,3,3,3,3,3,3,3,3,3,3,4,4,4,3,3,3,7,7,7,7,7,7,7,7,8,8,8,8,8,8,8,8","0.000932931900024414","fast_greedy","edit-xhwikibooks.graphml"
"0.25","0.44","0.31","0.729228813144897","2,2,2,2,2,1,2,1,1,1,2,4,1,1,1,5,1,2,7,4,3,6,1,1,1,1,1,5,2,1,2,7,4,4,7,7,8,1,3,3,3,3,6,6,6,6,3,6,6,6,3,3,3,3,3,6,6,6,6,3,9,3,3,1,1,3,3,3,3,3,6,3,1,1,3,3,3,3,3,3,3,1,5,5,5,10,3,3,3,3,11,12,13,3,3,3,5,3,3,3,3,3,3,3,3,3,3,4,4,4,3,3,3,7,7,7,7,7,7,7,7,8,8,8,8,8,8,8,8","0.000922203063964844","fast_greedy","edit-xhwikibooks.graphml"
"0.24","0.45","0.31","0.729228813144897","2,2,2,2,2,1,2,1,1,1,2,4,1,1,1,5,1,2,7,4,3,6,1,1,1,1,1,5,2,1,2,7,4,4,7,7,8,1,3,3,3,3,6,6,6,6,3,6,6,6,3,3,3,3,3,6,6,6,6,3,9,3,3,1,1,3,3,3,3,3,6,3,1,1,3,3,3,3,3,3,3,1,5,5,5,10,3,3,3,3,11,12,13,3,3,3,5,3,3,3,3,3,3,3,3,3,3,4,4,4,3,3,3,7,7,7,7,7,7,7,7,8,8,8,8,8,8,8,8","0.000916004180908203","fast_greedy","edit-xhwikibooks.graphml"
"0.23","0.46","0.31","0.729228813144897","2,2,2,2,2,1,2,1,1,1,2,4,1,1,1,5,1,2,7,4,3,6,1,1,1,1,1,5,2,1,2,7,4,4,7,7,8,1,3,3,3,3,6,6,6,6,3,6,6,6,3,3,3,3,3,6,6,6,6,3,9,3,3,1,1,3,3,3,3,3,6,3,1,1,3,3,3,3,3,3,3,1,5,5,5,10,3,3,3,3,11,12,13,3,3,3,5,3,3,3,3,3,3,3,3,3,3,4,4,4,3,3,3,7,7,7,7,7,7,7,7,8,8,8,8,8,8,8,8","0.000874996185302734","fast_greedy","edit-xhwikibooks.graphml"
"0.22","0.47","0.31","0.729228813144897","2,2,2,2,2,1,2,1,1,1,2,4,1,1,1,5,1,2,7,4,3,6,1,1,1,1,1,5,2,1,2,7,4,4,7,7,8,1,3,3,3,3,6,6,6,6,3,6,6,6,3,3,3,3,3,6,6,6,6,3,9,3,3,1,1,3,3,3,3,3,6,3,1,1,3,3,3,3,3,3,3,1,5,5,5,10,3,3,3,3,11,12,13,3,3,3,5,3,3,3,3,3,3,3,3,3,3,4,4,4,3,3,3,7,7,7,7,7,7,7,7,8,8,8,8,8,8,8,8","0.000918865203857422","fast_greedy","edit-xhwikibooks.graphml"
"0.21","0.48","0.31","0.729228813144897","2,2,2,2,2,1,2,1,1,1,2,4,1,1,1,5,1,2,7,4,3,6,1,1,1,1,1,5,2,1,2,7,4,4,7,7,8,1,3,3,3,3,6,6,6,6,3,6,6,6,3,3,3,3,3,6,6,6,6,3,9,3,3,1,1,3,3,3,3,3,6,3,1,1,3,3,3,3,3,3,3,1,5,5,5,10,3,3,3,3,11,12,13,3,3,3,5,3,3,3,3,3,3,3,3,3,3,4,4,4,3,3,3,7,7,7,7,7,7,7,7,8,8,8,8,8,8,8,8","0.000907182693481445","fast_greedy","edit-xhwikibooks.graphml"
"0.2","0.49","0.31","0.729228813144897","2,2,2,2,2,1,2,1,1,1,2,4,1,1,1,5,1,2,7,4,3,6,1,1,1,1,1,5,2,1,2,7,4,4,7,7,8,1,3,3,3,3,6,6,6,6,3,6,6,6,3,3,3,3,3,6,6,6,6,3,9,3,3,1,1,3,3,3,3,3,6,3,1,1,3,3,3,3,3,3,3,1,5,5,5,10,3,3,3,3,11,12,13,3,3,3,5,3,3,3,3,3,3,3,3,3,3,4,4,4,3,3,3,7,7,7,7,7,7,7,7,8,8,8,8,8,8,8,8","0.00110101699829102","fast_greedy","edit-xhwikibooks.graphml"
"0.19","0.5","0.31","0.738718054875983","2,2,2,2,2,1,2,1,1,1,2,4,1,1,1,5,1,2,7,4,3,6,1,1,1,1,1,5,2,1,2,7,4,4,7,7,8,1,3,3,3,3,6,6,6,6,3,6,6,6,3,3,3,3,3,6,6,6,6,3,9,3,3,1,1,3,3,3,3,3,6,3,1,1,3,3,3,3,3,3,3,1,5,5,5,10,3,3,3,3,11,12,13,3,3,3,5,3,3,3,3,3,3,3,3,3,3,4,4,4,3,3,3,7,7,7,7,7,7,7,7,8,8,8,8,8,8,8,8","0.000901937484741211","fast_greedy","edit-xhwikibooks.graphml"
"0.18","0.51","0.31","0.738718054875983","2,2,2,2,2,1,2,1,1,1,2,4,1,1,1,5,1,2,7,4,3,6,1,1,1,1,1,5,2,1,2,7,4,4,7,7,8,1,3,3,3,3,6,6,6,6,3,6,6,6,3,3,3,3,3,6,6,6,6,3,9,3,3,1,1,3,3,3,3,3,6,3,1,1,3,3,3,3,3,3,3,1,5,5,5,10,3,3,3,3,11,12,13,3,3,3,5,3,3,3,3,3,3,3,3,3,3,4,4,4,3,3,3,7,7,7,7,7,7,7,7,8,8,8,8,8,8,8,8","0.000900983810424805","fast_greedy","edit-xhwikibooks.graphml"
"0.17","0.52","0.31","0.738718054875983","2,2,2,2,2,1,2,1,1,1,2,4,1,1,1,5,1,2,7,4,3,6,1,1,1,1,1,5,2,1,2,7,4,4,7,7,8,1,3,3,3,3,6,6,6,6,3,6,6,6,3,3,3,3,3,6,6,6,6,3,9,3,3,1,1,3,3,3,3,3,6,3,1,1,3,3,3,3,3,3,3,1,5,5,5,10,3,3,3,3,11,12,13,3,3,3,5,3,3,3,3,3,3,3,3,3,3,4,4,4,3,3,3,7,7,7,7,7,7,7,7,8,8,8,8,8,8,8,8","0.000928878784179688","fast_greedy","edit-xhwikibooks.graphml"
"0.16","0.53","0.31","0.738718054875983","2,2,2,2,2,1,2,1,1,1,2,4,1,1,1,5,1,2,7,4,3,6,1,1,1,1,1,5,2,1,2,7,4,4,7,7,8,1,3,3,3,3,6,6,6,6,3,6,6,6,3,3,3,3,3,6,6,6,6,3,9,3,3,1,1,3,3,3,3,3,6,3,1,1,3,3,3,3,3,3,3,1,5,5,5,10,3,3,3,3,11,12,13,3,3,3,5,3,3,3,3,3,3,3,3,3,3,4,4,4,3,3,3,7,7,7,7,7,7,7,7,8,8,8,8,8,8,8,8","0.000924825668334961","fast_greedy","edit-xhwikibooks.graphml"
"0.15","0.54","0.31","0.738718054875983","2,2,2,2,2,1,2,1,1,1,2,4,1,1,1,5,1,2,7,4,3,6,1,1,1,1,1,5,2,1,2,7,4,4,7,7,8,1,3,3,3,3,6,6,6,6,3,6,6,6,3,3,3,3,3,6,6,6,6,3,9,3,3,1,1,3,3,3,3,3,6,3,1,1,3,3,3,3,3,3,3,1,5,5,5,10,3,3,3,3,11,12,13,3,3,3,5,3,3,3,3,3,3,3,3,3,3,4,4,4,3,3,3,7,7,7,7,7,7,7,7,8,8,8,8,8,8,8,8","0.000921964645385742","fast_greedy","edit-xhwikibooks.graphml"
"0.14","0.55","0.31","0.738718054875983","2,2,2,2,2,1,2,1,1,1,2,4,1,1,1,5,1,2,7,4,3,6,1,1,1,1,1,5,2,1,2,7,4,4,7,7,8,1,3,3,3,3,6,6,6,6,3,6,6,6,3,3,3,3,3,6,6,6,6,3,9,3,3,1,1,3,3,3,3,3,6,3,1,1,3,3,3,3,3,3,3,1,5,5,5,10,3,3,3,3,11,12,13,3,3,3,5,3,3,3,3,3,3,3,3,3,3,4,4,4,3,3,3,7,7,7,7,7,7,7,7,8,8,8,8,8,8,8,8","0.000921010971069336","fast_greedy","edit-xhwikibooks.graphml"
"0.13","0.56","0.31","0.738718054875983","2,2,2,2,2,1,2,1,1,1,2,4,1,1,1,5,1,2,7,4,3,6,1,1,1,1,1,5,2,1,2,7,4,4,7,7,8,1,3,3,3,3,6,6,6,6,3,6,6,6,3,3,3,3,3,6,6,6,6,3,9,3,3,1,1,3,3,3,3,3,6,3,1,1,3,3,3,3,3,3,3,1,5,5,5,10,3,3,3,3,11,12,13,3,3,3,5,3,3,3,3,3,3,3,3,3,3,4,4,4,3,3,3,7,7,7,7,7,7,7,7,8,8,8,8,8,8,8,8","0.000908136367797852","fast_greedy","edit-xhwikibooks.graphml"
"0.12","0.57","0.31","0.738718054875983","2,2,2,2,2,1,2,1,1,1,2,4,1,1,1,5,1,2,7,4,3,6,1,1,1,1,1,5,2,1,2,7,4,4,7,7,8,1,3,3,3,3,6,6,6,6,3,6,6,6,3,3,3,3,3,6,6,6,6,3,9,3,3,1,1,3,3,3,3,3,6,3,1,1,3,3,3,3,3,3,3,1,5,5,5,10,3,3,3,3,11,12,13,3,3,3,5,3,3,3,3,3,3,3,3,3,3,4,4,4,3,3,3,7,7,7,7,7,7,7,7,8,8,8,8,8,8,8,8","0.000894069671630859","fast_greedy","edit-xhwikibooks.graphml"
"0.11","0.58","0.31","0.738718054875983","2,2,2,2,2,1,2,1,1,1,2,4,1,1,1,5,1,2,7,4,3,6,1,1,1,1,1,5,2,1,2,7,4,4,7,7,8,1,3,3,3,3,6,6,6,6,3,6,6,6,3,3,3,3,3,6,6,6,6,3,9,3,3,1,1,3,3,3,3,3,6,3,1,1,3,3,3,3,3,3,3,1,5,5,5,10,3,3,3,3,11,12,13,3,3,3,5,3,3,3,3,3,3,3,3,3,3,4,4,4,3,3,3,7,7,7,7,7,7,7,7,8,8,8,8,8,8,8,8","0.000886917114257812","fast_greedy","edit-xhwikibooks.graphml"
"0.1","0.59","0.31","0.738718054875983","2,2,2,2,2,1,2,1,1,1,2,4,1,1,1,5,1,2,7,4,3,6,1,1,1,1,1,5,2,1,2,7,4,4,7,7,8,1,3,3,3,3,6,6,6,6,3,6,6,6,3,3,3,3,3,6,6,6,6,3,9,3,3,1,1,3,3,3,3,3,6,3,1,1,3,3,3,3,3,3,3,1,5,5,5,10,3,3,3,3,11,12,13,3,3,3,5,3,3,3,3,3,3,3,3,3,3,4,4,4,3,3,3,7,7,7,7,7,7,7,7,8,8,8,8,8,8,8,8","0.000906944274902344","fast_greedy","edit-xhwikibooks.graphml"
"0.09","0.6","0.31","0.738718054875983","2,2,2,2,2,1,2,1,1,1,2,4,1,1,1,5,1,2,7,4,3,6,1,1,1,1,1,5,2,1,2,7,4,4,7,7,8,1,3,3,3,3,6,6,6,6,3,6,6,6,3,3,3,3,3,6,6,6,6,3,9,3,3,1,1,3,3,3,3,3,6,3,1,1,3,3,3,3,3,3,3,1,5,5,5,10,3,3,3,3,11,12,13,3,3,3,5,3,3,3,3,3,3,3,3,3,3,4,4,4,3,3,3,7,7,7,7,7,7,7,7,8,8,8,8,8,8,8,8","0.000902891159057617","fast_greedy","edit-xhwikibooks.graphml"
"0.08","0.61","0.31","0.738718054875983","2,2,2,2,2,1,2,1,1,1,2,4,1,1,1,5,1,2,7,4,3,6,1,1,1,1,1,5,2,1,2,7,4,4,7,7,8,1,3,3,3,3,6,6,6,6,3,6,6,6,3,3,3,3,3,6,6,6,6,3,9,3,3,1,1,3,3,3,3,3,6,3,1,1,3,3,3,3,3,3,3,1,5,5,5,10,3,3,3,3,11,12,13,3,3,3,5,3,3,3,3,3,3,3,3,3,3,4,4,4,3,3,3,7,7,7,7,7,7,7,7,8,8,8,8,8,8,8,8","0.00103497505187988","fast_greedy","edit-xhwikibooks.graphml"
"0.07","0.62","0.31","0.738718054875983","2,2,2,2,2,1,2,1,1,1,2,4,1,1,1,5,1,2,7,4,3,6,1,1,1,1,1,5,2,1,2,7,4,4,7,7,8,1,3,3,3,3,6,6,6,6,3,6,6,6,3,3,3,3,3,6,6,6,6,3,9,3,3,1,1,3,3,3,3,3,6,3,1,1,3,3,3,3,3,3,3,1,5,5,5,10,3,3,3,3,11,12,13,3,3,3,5,3,3,3,3,3,3,3,3,3,3,4,4,4,3,3,3,7,7,7,7,7,7,7,7,8,8,8,8,8,8,8,8","0.000894784927368164","fast_greedy","edit-xhwikibooks.graphml"
"0.06","0.63","0.31","0.730616429578367","1,1,1,1,2,1,2,7,7,1,2,2,7,7,7,1,8,2,2,2,3,4,7,7,7,7,7,1,1,9,10,2,2,2,5,5,6,7,3,3,3,3,4,4,4,4,3,4,4,4,3,3,3,3,3,4,4,4,4,3,11,3,3,12,13,3,3,3,3,3,4,3,7,7,3,3,3,3,3,3,3,14,1,1,1,15,3,3,3,3,16,17,18,3,3,3,19,3,3,3,3,3,3,3,3,3,3,20,21,3,3,3,3,5,5,5,5,5,5,5,5,6,6,6,6,6,6,6,6","0.000896930694580078","fast_greedy","edit-xhwikibooks.graphml"
"0.05","0.64","0.31","0.730616429578367","1,1,1,1,2,1,2,7,7,1,2,2,7,7,7,1,8,2,2,2,3,4,7,7,7,7,7,1,1,9,10,2,2,2,5,5,6,7,3,3,3,3,4,4,4,4,3,4,4,4,3,3,3,3,3,4,4,4,4,3,11,3,3,12,13,3,3,3,3,3,4,3,7,7,3,3,3,3,3,3,3,14,1,1,1,15,3,3,3,3,16,17,18,3,3,3,19,3,3,3,3,3,3,3,3,3,3,20,21,3,3,3,3,5,5,5,5,5,5,5,5,6,6,6,6,6,6,6,6","0.000893831253051758","fast_greedy","edit-xhwikibooks.graphml"
"0.04","0.65","0.31","0.730616429578367","1,1,1,1,2,1,2,7,7,1,2,2,7,7,7,1,8,2,2,2,3,4,7,7,7,7,7,1,1,9,10,2,2,2,5,5,6,7,3,3,3,3,4,4,4,4,3,4,4,4,3,3,3,3,3,4,4,4,4,3,11,3,3,12,13,3,3,3,3,3,4,3,7,7,3,3,3,3,3,3,3,14,1,1,1,15,3,3,3,3,16,17,18,3,3,3,19,3,3,3,3,3,3,3,3,3,3,20,21,3,3,3,3,5,5,5,5,5,5,5,5,6,6,6,6,6,6,6,6","0.000885963439941406","fast_greedy","edit-xhwikibooks.graphml"
"0.03","0.66","0.31","0.730616429578367","1,1,1,1,2,1,2,7,7,1,2,2,7,7,7,1,8,2,2,2,3,4,7,7,7,7,7,1,1,9,10,2,2,2,5,5,6,7,3,3,3,3,4,4,4,4,3,4,4,4,3,3,3,3,3,4,4,4,4,3,11,3,3,12,13,3,3,3,3,3,4,3,7,7,3,3,3,3,3,3,3,14,1,1,1,15,3,3,3,3,16,17,18,3,3,3,19,3,3,3,3,3,3,3,3,3,3,20,21,3,3,3,3,5,5,5,5,5,5,5,5,6,6,6,6,6,6,6,6","0.000904083251953125","fast_greedy","edit-xhwikibooks.graphml"
"0.02","0.67","0.31","0.730616429578367","1,1,1,1,2,1,2,7,7,1,2,2,7,7,7,1,8,2,2,2,3,4,7,7,7,7,7,1,1,9,10,2,2,2,5,5,6,7,3,3,3,3,4,4,4,4,3,4,4,4,3,3,3,3,3,4,4,4,4,3,11,3,3,12,13,3,3,3,3,3,4,3,7,7,3,3,3,3,3,3,3,14,1,1,1,15,3,3,3,3,16,17,18,3,3,3,19,3,3,3,3,3,3,3,3,3,3,20,21,3,3,3,3,5,5,5,5,5,5,5,5,6,6,6,6,6,6,6,6","0.00102710723876953","fast_greedy","edit-xhwikibooks.graphml"
"0.01","0.68","0.31","0.730616429578367","1,1,1,1,2,1,2,7,7,1,2,2,7,7,7,1,8,2,2,2,3,4,7,7,7,7,7,1,1,9,10,2,2,2,5,5,6,7,3,3,3,3,4,4,4,4,3,4,4,4,3,3,3,3,3,4,4,4,4,3,11,3,3,12,13,3,3,3,3,3,4,3,7,7,3,3,3,3,3,3,3,14,1,1,1,15,3,3,3,3,16,17,18,3,3,3,19,3,3,3,3,3,3,3,3,3,3,20,21,3,3,3,3,5,5,5,5,5,5,5,5,6,6,6,6,6,6,6,6","0.000885009765625","fast_greedy","edit-xhwikibooks.graphml"
"0","0.69","0.31","0.71595703125","1,1,1,1,1,1,3,1,6,1,3,3,6,6,6,1,8,3,5,3,2,4,6,6,6,6,6,1,1,9,10,5,3,3,5,5,7,6,2,2,2,2,4,4,4,4,2,4,4,4,2,2,2,2,2,4,4,4,4,2,11,2,2,12,13,2,2,2,2,2,4,2,6,6,2,2,2,2,2,2,2,14,1,1,1,15,2,2,2,2,16,17,18,2,2,2,19,2,2,2,2,2,2,2,2,2,2,20,21,2,2,2,2,5,5,5,5,5,5,5,5,7,7,7,7,7,7,7,7","0.000890970230102539","fast_greedy","edit-xhwikibooks.graphml"
"0.68","0","0.32","0.731305122912366","1,1,1,1,1,3,1,3,3,8,2,1,3,3,3,5,8,2,2,1,4,6,3,3,3,3,3,5,1,8,2,2,1,1,2,2,7,3,4,4,4,4,6,6,6,6,4,6,6,6,4,4,4,4,4,6,6,6,6,4,3,4,4,3,3,4,4,4,4,4,6,4,3,3,4,4,4,4,4,4,4,3,5,5,5,1,4,4,4,4,8,2,2,4,4,4,5,4,4,4,4,4,4,4,4,4,4,1,1,1,4,4,4,2,2,2,2,2,2,2,2,7,7,7,7,7,7,7,7","0.000895023345947266","fast_greedy","edit-xhwikibooks.graphml"
"0.67","0.01","0.32","0.731305122912366","1,1,1,1,1,3,1,3,3,8,2,1,3,3,3,5,8,2,2,1,4,6,3,3,3,3,3,5,1,8,2,2,1,1,2,2,7,3,4,4,4,4,6,6,6,6,4,6,6,6,4,4,4,4,4,6,6,6,6,4,3,4,4,3,3,4,4,4,4,4,6,4,3,3,4,4,4,4,4,4,4,3,5,5,5,1,4,4,4,4,8,2,2,4,4,4,5,4,4,4,4,4,4,4,4,4,4,1,1,1,4,4,4,2,2,2,2,2,2,2,2,7,7,7,7,7,7,7,7","0.000896215438842773","fast_greedy","edit-xhwikibooks.graphml"
"0.66","0.02","0.32","0.731305122912366","1,1,1,1,1,3,1,3,3,8,2,1,3,3,3,5,8,2,2,1,4,6,3,3,3,3,3,5,1,8,2,2,1,1,2,2,7,3,4,4,4,4,6,6,6,6,4,6,6,6,4,4,4,4,4,6,6,6,6,4,3,4,4,3,3,4,4,4,4,4,6,4,3,3,4,4,4,4,4,4,4,3,5,5,5,1,4,4,4,4,8,2,2,4,4,4,5,4,4,4,4,4,4,4,4,4,4,1,1,1,4,4,4,2,2,2,2,2,2,2,2,7,7,7,7,7,7,7,7","0.000936985015869141","fast_greedy","edit-xhwikibooks.graphml"
"0.65","0.03","0.32","0.731305122912366","1,1,1,1,1,3,1,3,3,8,2,1,3,3,3,5,8,2,2,1,4,6,3,3,3,3,3,5,1,8,2,2,1,1,2,2,7,3,4,4,4,4,6,6,6,6,4,6,6,6,4,4,4,4,4,6,6,6,6,4,3,4,4,3,3,4,4,4,4,4,6,4,3,3,4,4,4,4,4,4,4,3,5,5,5,1,4,4,4,4,8,2,2,4,4,4,5,4,4,4,4,4,4,4,4,4,4,1,1,1,4,4,4,2,2,2,2,2,2,2,2,7,7,7,7,7,7,7,7","0.000886917114257812","fast_greedy","edit-xhwikibooks.graphml"
"0.64","0.04","0.32","0.731305122912366","1,1,1,1,1,3,1,3,3,8,2,1,3,3,3,5,8,2,2,1,4,6,3,3,3,3,3,5,1,8,2,2,1,1,2,2,7,3,4,4,4,4,6,6,6,6,4,6,6,6,4,4,4,4,4,6,6,6,6,4,3,4,4,3,3,4,4,4,4,4,6,4,3,3,4,4,4,4,4,4,4,3,5,5,5,1,4,4,4,4,8,2,2,4,4,4,5,4,4,4,4,4,4,4,4,4,4,1,1,1,4,4,4,2,2,2,2,2,2,2,2,7,7,7,7,7,7,7,7","0.000869989395141602","fast_greedy","edit-xhwikibooks.graphml"
"0.63","0.05","0.32","0.731305122912366","1,1,1,1,1,3,1,3,3,8,2,1,3,3,3,5,8,2,2,1,4,6,3,3,3,3,3,5,1,8,2,2,1,1,2,2,7,3,4,4,4,4,6,6,6,6,4,6,6,6,4,4,4,4,4,6,6,6,6,4,3,4,4,3,3,4,4,4,4,4,6,4,3,3,4,4,4,4,4,4,4,3,5,5,5,1,4,4,4,4,8,2,2,4,4,4,5,4,4,4,4,4,4,4,4,4,4,1,1,1,4,4,4,2,2,2,2,2,2,2,2,7,7,7,7,7,7,7,7","0.000876188278198242","fast_greedy","edit-xhwikibooks.graphml"
"0.62","0.06","0.32","0.731305122912366","1,1,1,1,1,3,1,3,3,8,2,1,3,3,3,5,8,2,2,1,4,6,3,3,3,3,3,5,1,8,2,2,1,1,2,2,7,3,4,4,4,4,6,6,6,6,4,6,6,6,4,4,4,4,4,6,6,6,6,4,3,4,4,3,3,4,4,4,4,4,6,4,3,3,4,4,4,4,4,4,4,3,5,5,5,1,4,4,4,4,8,2,2,4,4,4,5,4,4,4,4,4,4,4,4,4,4,1,1,1,4,4,4,2,2,2,2,2,2,2,2,7,7,7,7,7,7,7,7","0.000895023345947266","fast_greedy","edit-xhwikibooks.graphml"
"0.61","0.07","0.32","0.731305122912366","1,1,1,1,1,3,1,3,3,8,2,1,3,3,3,5,8,2,2,1,4,6,3,3,3,3,3,5,1,8,2,2,1,1,2,2,7,3,4,4,4,4,6,6,6,6,4,6,6,6,4,4,4,4,4,6,6,6,6,4,3,4,4,3,3,4,4,4,4,4,6,4,3,3,4,4,4,4,4,4,4,3,5,5,5,1,4,4,4,4,8,2,2,4,4,4,5,4,4,4,4,4,4,4,4,4,4,1,1,1,4,4,4,2,2,2,2,2,2,2,2,7,7,7,7,7,7,7,7","0.000908136367797852","fast_greedy","edit-xhwikibooks.graphml"
"0.6","0.08","0.32","0.731305122912366","1,1,1,1,1,3,1,3,3,8,2,1,3,3,3,5,8,2,2,1,4,6,3,3,3,3,3,5,1,8,2,2,1,1,2,2,7,3,4,4,4,4,6,6,6,6,4,6,6,6,4,4,4,4,4,6,6,6,6,4,3,4,4,3,3,4,4,4,4,4,6,4,3,3,4,4,4,4,4,4,4,3,5,5,5,1,4,4,4,4,8,2,2,4,4,4,5,4,4,4,4,4,4,4,4,4,4,1,1,1,4,4,4,2,2,2,2,2,2,2,2,7,7,7,7,7,7,7,7","0.00101089477539062","fast_greedy","edit-xhwikibooks.graphml"
"0.59","0.09","0.32","0.731305122912366","1,1,1,1,1,3,1,3,3,8,2,1,3,3,3,5,8,2,2,1,4,6,3,3,3,3,3,5,1,8,2,2,1,1,2,2,7,3,4,4,4,4,6,6,6,6,4,6,6,6,4,4,4,4,4,6,6,6,6,4,3,4,4,3,3,4,4,4,4,4,6,4,3,3,4,4,4,4,4,4,4,3,5,5,5,1,4,4,4,4,8,2,2,4,4,4,5,4,4,4,4,4,4,4,4,4,4,1,1,1,4,4,4,2,2,2,2,2,2,2,2,7,7,7,7,7,7,7,7","0.000892877578735352","fast_greedy","edit-xhwikibooks.graphml"
"0.58","0.1","0.32","0.731305122912366","1,1,1,1,1,3,1,3,3,8,2,1,3,3,3,5,8,2,2,1,4,6,3,3,3,3,3,5,1,8,2,2,1,1,2,2,7,3,4,4,4,4,6,6,6,6,4,6,6,6,4,4,4,4,4,6,6,6,6,4,3,4,4,3,3,4,4,4,4,4,6,4,3,3,4,4,4,4,4,4,4,3,5,5,5,1,4,4,4,4,8,2,2,4,4,4,5,4,4,4,4,4,4,4,4,4,4,1,1,1,4,4,4,2,2,2,2,2,2,2,2,7,7,7,7,7,7,7,7","0.000890970230102539","fast_greedy","edit-xhwikibooks.graphml"
"0.57","0.11","0.32","0.731305122912366","1,1,1,1,1,3,1,3,3,8,2,1,3,3,3,5,8,2,2,1,4,6,3,3,3,3,3,5,1,8,2,2,1,1,2,2,7,3,4,4,4,4,6,6,6,6,4,6,6,6,4,4,4,4,4,6,6,6,6,4,3,4,4,3,3,4,4,4,4,4,6,4,3,3,4,4,4,4,4,4,4,3,5,5,5,1,4,4,4,4,8,2,2,4,4,4,5,4,4,4,4,4,4,4,4,4,4,1,1,1,4,4,4,2,2,2,2,2,2,2,2,7,7,7,7,7,7,7,7","0.000871896743774414","fast_greedy","edit-xhwikibooks.graphml"
"0.56","0.12","0.32","0.731305122912366","1,1,1,1,1,3,1,3,3,8,2,1,3,3,3,5,8,2,2,1,4,6,3,3,3,3,3,5,1,8,2,2,1,1,2,2,7,3,4,4,4,4,6,6,6,6,4,6,6,6,4,4,4,4,4,6,6,6,6,4,3,4,4,3,3,4,4,4,4,4,6,4,3,3,4,4,4,4,4,4,4,3,5,5,5,1,4,4,4,4,8,2,2,4,4,4,5,4,4,4,4,4,4,4,4,4,4,1,1,1,4,4,4,2,2,2,2,2,2,2,2,7,7,7,7,7,7,7,7","0.000891923904418945","fast_greedy","edit-xhwikibooks.graphml"
"0.55","0.13","0.32","0.731305122912366","1,1,1,1,1,3,1,3,3,8,2,1,3,3,3,5,8,2,2,1,4,6,3,3,3,3,3,5,1,8,2,2,1,1,2,2,7,3,4,4,4,4,6,6,6,6,4,6,6,6,4,4,4,4,4,6,6,6,6,4,3,4,4,3,3,4,4,4,4,4,6,4,3,3,4,4,4,4,4,4,4,3,5,5,5,1,4,4,4,4,8,2,2,4,4,4,5,4,4,4,4,4,4,4,4,4,4,1,1,1,4,4,4,2,2,2,2,2,2,2,2,7,7,7,7,7,7,7,7","0.000901222229003906","fast_greedy","edit-xhwikibooks.graphml"
"0.54","0.14","0.32","0.731305122912366","1,1,1,1,1,3,1,3,3,8,2,1,3,3,3,5,8,2,2,1,4,6,3,3,3,3,3,5,1,8,2,2,1,1,2,2,7,3,4,4,4,4,6,6,6,6,4,6,6,6,4,4,4,4,4,6,6,6,6,4,3,4,4,3,3,4,4,4,4,4,6,4,3,3,4,4,4,4,4,4,4,3,5,5,5,1,4,4,4,4,8,2,2,4,4,4,5,4,4,4,4,4,4,4,4,4,4,1,1,1,4,4,4,2,2,2,2,2,2,2,2,7,7,7,7,7,7,7,7","0.000957012176513672","fast_greedy","edit-xhwikibooks.graphml"
"0.53","0.15","0.32","0.731305122912366","1,1,1,1,1,3,1,3,3,8,2,1,3,3,3,5,8,2,2,1,4,6,3,3,3,3,3,5,1,8,2,2,1,1,2,2,7,3,4,4,4,4,6,6,6,6,4,6,6,6,4,4,4,4,4,6,6,6,6,4,3,4,4,3,3,4,4,4,4,4,6,4,3,3,4,4,4,4,4,4,4,3,5,5,5,1,4,4,4,4,8,2,2,4,4,4,5,4,4,4,4,4,4,4,4,4,4,1,1,1,4,4,4,2,2,2,2,2,2,2,2,7,7,7,7,7,7,7,7","0.000895023345947266","fast_greedy","edit-xhwikibooks.graphml"
"0.52","0.16","0.32","0.731305122912366","1,1,1,1,1,3,1,3,3,8,2,1,3,3,3,5,8,2,2,1,4,6,3,3,3,3,3,5,1,8,2,2,1,1,2,2,7,3,4,4,4,4,6,6,6,6,4,6,6,6,4,4,4,4,4,6,6,6,6,4,3,4,4,3,3,4,4,4,4,4,6,4,3,3,4,4,4,4,4,4,4,3,5,5,5,1,4,4,4,4,8,2,2,4,4,4,5,4,4,4,4,4,4,4,4,4,4,1,1,1,4,4,4,2,2,2,2,2,2,2,2,7,7,7,7,7,7,7,7","0.000875949859619141","fast_greedy","edit-xhwikibooks.graphml"
"0.51","0.17","0.32","0.736336711555371","1,1,1,1,1,2,1,2,2,9,1,4,2,2,2,5,9,1,7,4,3,6,2,2,2,2,2,5,1,9,1,7,4,4,7,7,8,2,3,3,3,3,6,6,6,6,3,6,6,6,3,3,3,3,3,6,6,6,6,3,2,3,3,2,2,3,3,3,3,3,6,3,2,2,3,3,3,3,3,3,3,2,5,5,5,1,3,3,3,3,9,1,7,3,3,3,5,3,3,3,3,3,3,3,3,3,3,4,4,4,3,3,3,7,7,7,7,7,7,7,7,8,8,8,8,8,8,8,8","0.000898122787475586","fast_greedy","edit-xhwikibooks.graphml"
"0.5","0.18","0.32","0.736336711555371","1,1,1,1,1,2,1,2,2,9,1,4,2,2,2,5,9,1,7,4,3,6,2,2,2,2,2,5,1,9,1,7,4,4,7,7,8,2,3,3,3,3,6,6,6,6,3,6,6,6,3,3,3,3,3,6,6,6,6,3,2,3,3,2,2,3,3,3,3,3,6,3,2,2,3,3,3,3,3,3,3,2,5,5,5,1,3,3,3,3,9,1,7,3,3,3,5,3,3,3,3,3,3,3,3,3,3,4,4,4,3,3,3,7,7,7,7,7,7,7,7,8,8,8,8,8,8,8,8","0.00089716911315918","fast_greedy","edit-xhwikibooks.graphml"
"0.49","0.19","0.32","0.736336711555371","1,1,1,1,1,2,1,2,2,9,1,4,2,2,2,5,9,1,7,4,3,6,2,2,2,2,2,5,1,9,1,7,4,4,7,7,8,2,3,3,3,3,6,6,6,6,3,6,6,6,3,3,3,3,3,6,6,6,6,3,2,3,3,2,2,3,3,3,3,3,6,3,2,2,3,3,3,3,3,3,3,2,5,5,5,1,3,3,3,3,9,1,7,3,3,3,5,3,3,3,3,3,3,3,3,3,3,4,4,4,3,3,3,7,7,7,7,7,7,7,7,8,8,8,8,8,8,8,8","0.000954151153564453","fast_greedy","edit-xhwikibooks.graphml"
"0.48","0.2","0.32","0.736336711555371","1,1,1,1,1,2,1,2,2,9,1,4,2,2,2,5,9,1,7,4,3,6,2,2,2,2,2,5,1,9,1,7,4,4,7,7,8,2,3,3,3,3,6,6,6,6,3,6,6,6,3,3,3,3,3,6,6,6,6,3,2,3,3,2,2,3,3,3,3,3,6,3,2,2,3,3,3,3,3,3,3,2,5,5,5,1,3,3,3,3,9,1,7,3,3,3,5,3,3,3,3,3,3,3,3,3,3,4,4,4,3,3,3,7,7,7,7,7,7,7,7,8,8,8,8,8,8,8,8","0.000886917114257812","fast_greedy","edit-xhwikibooks.graphml"
"0.47","0.21","0.32","0.736336711555371","1,1,1,1,1,2,1,2,2,9,1,4,2,2,2,5,9,1,7,4,3,6,2,2,2,2,2,5,1,9,1,7,4,4,7,7,8,2,3,3,3,3,6,6,6,6,3,6,6,6,3,3,3,3,3,6,6,6,6,3,2,3,3,2,2,3,3,3,3,3,6,3,2,2,3,3,3,3,3,3,3,2,5,5,5,1,3,3,3,3,9,1,7,3,3,3,5,3,3,3,3,3,3,3,3,3,3,4,4,4,3,3,3,7,7,7,7,7,7,7,7,8,8,8,8,8,8,8,8","0.000890016555786133","fast_greedy","edit-xhwikibooks.graphml"
"0.46","0.22","0.32","0.736336711555371","1,1,1,1,1,2,1,2,2,9,1,4,2,2,2,5,9,1,7,4,3,6,2,2,2,2,2,5,1,9,1,7,4,4,7,7,8,2,3,3,3,3,6,6,6,6,3,6,6,6,3,3,3,3,3,6,6,6,6,3,2,3,3,2,2,3,3,3,3,3,6,3,2,2,3,3,3,3,3,3,3,2,5,5,5,1,3,3,3,3,9,1,7,3,3,3,5,3,3,3,3,3,3,3,3,3,3,4,4,4,3,3,3,7,7,7,7,7,7,7,7,8,8,8,8,8,8,8,8","0.000855922698974609","fast_greedy","edit-xhwikibooks.graphml"
"0.45","0.23","0.32","0.736336711555371","1,1,1,1,1,2,1,2,2,9,1,4,2,2,2,5,9,1,7,4,3,6,2,2,2,2,2,5,1,9,1,7,4,4,7,7,8,2,3,3,3,3,6,6,6,6,3,6,6,6,3,3,3,3,3,6,6,6,6,3,2,3,3,2,2,3,3,3,3,3,6,3,2,2,3,3,3,3,3,3,3,2,5,5,5,1,3,3,3,3,9,1,7,3,3,3,5,3,3,3,3,3,3,3,3,3,3,4,4,4,3,3,3,7,7,7,7,7,7,7,7,8,8,8,8,8,8,8,8","0.000897884368896484","fast_greedy","edit-xhwikibooks.graphml"
"0.44","0.24","0.32","0.736336711555371","1,1,1,1,1,2,1,2,2,9,1,4,2,2,2,5,9,1,7,4,3,6,2,2,2,2,2,5,1,9,1,7,4,4,7,7,8,2,3,3,3,3,6,6,6,6,3,6,6,6,3,3,3,3,3,6,6,6,6,3,2,3,3,2,2,3,3,3,3,3,6,3,2,2,3,3,3,3,3,3,3,2,5,5,5,1,3,3,3,3,9,1,7,3,3,3,5,3,3,3,3,3,3,3,3,3,3,4,4,4,3,3,3,7,7,7,7,7,7,7,7,8,8,8,8,8,8,8,8","0.000904083251953125","fast_greedy","edit-xhwikibooks.graphml"
"0.43","0.25","0.32","0.736336711555371","1,1,1,1,1,2,1,2,2,9,1,4,2,2,2,5,9,1,7,4,3,6,2,2,2,2,2,5,1,9,1,7,4,4,7,7,8,2,3,3,3,3,6,6,6,6,3,6,6,6,3,3,3,3,3,6,6,6,6,3,2,3,3,2,2,3,3,3,3,3,6,3,2,2,3,3,3,3,3,3,3,2,5,5,5,1,3,3,3,3,9,1,7,3,3,3,5,3,3,3,3,3,3,3,3,3,3,4,4,4,3,3,3,7,7,7,7,7,7,7,7,8,8,8,8,8,8,8,8","0.000918865203857422","fast_greedy","edit-xhwikibooks.graphml"
"0.42","0.26","0.32","0.736336711555371","1,1,1,1,1,2,1,2,2,9,1,4,2,2,2,5,9,1,7,4,3,6,2,2,2,2,2,5,1,9,1,7,4,4,7,7,8,2,3,3,3,3,6,6,6,6,3,6,6,6,3,3,3,3,3,6,6,6,6,3,2,3,3,2,2,3,3,3,3,3,6,3,2,2,3,3,3,3,3,3,3,2,5,5,5,1,3,3,3,3,9,1,7,3,3,3,5,3,3,3,3,3,3,3,3,3,3,4,4,4,3,3,3,7,7,7,7,7,7,7,7,8,8,8,8,8,8,8,8","0.00101089477539062","fast_greedy","edit-xhwikibooks.graphml"
"0.41","0.27","0.32","0.736336711555371","1,1,1,1,1,2,1,2,2,9,1,4,2,2,2,5,9,1,7,4,3,6,2,2,2,2,2,5,1,9,1,7,4,4,7,7,8,2,3,3,3,3,6,6,6,6,3,6,6,6,3,3,3,3,3,6,6,6,6,3,2,3,3,2,2,3,3,3,3,3,6,3,2,2,3,3,3,3,3,3,3,2,5,5,5,1,3,3,3,3,9,1,7,3,3,3,5,3,3,3,3,3,3,3,3,3,3,4,4,4,3,3,3,7,7,7,7,7,7,7,7,8,8,8,8,8,8,8,8","0.000880956649780273","fast_greedy","edit-xhwikibooks.graphml"
"0.4","0.28","0.32","0.736336711555371","1,1,1,1,1,2,1,2,2,9,1,4,2,2,2,5,9,1,7,4,3,6,2,2,2,2,2,5,1,9,1,7,4,4,7,7,8,2,3,3,3,3,6,6,6,6,3,6,6,6,3,3,3,3,3,6,6,6,6,3,2,3,3,2,2,3,3,3,3,3,6,3,2,2,3,3,3,3,3,3,3,2,5,5,5,1,3,3,3,3,9,1,7,3,3,3,5,3,3,3,3,3,3,3,3,3,3,4,4,4,3,3,3,7,7,7,7,7,7,7,7,8,8,8,8,8,8,8,8","0.000885009765625","fast_greedy","edit-xhwikibooks.graphml"
"0.39","0.29","0.32","0.736336711555371","1,1,1,1,1,2,1,2,2,9,1,4,2,2,2,5,9,1,7,4,3,6,2,2,2,2,2,5,1,9,1,7,4,4,7,7,8,2,3,3,3,3,6,6,6,6,3,6,6,6,3,3,3,3,3,6,6,6,6,3,2,3,3,2,2,3,3,3,3,3,6,3,2,2,3,3,3,3,3,3,3,2,5,5,5,1,3,3,3,3,9,1,7,3,3,3,5,3,3,3,3,3,3,3,3,3,3,4,4,4,3,3,3,7,7,7,7,7,7,7,7,8,8,8,8,8,8,8,8","0.000868082046508789","fast_greedy","edit-xhwikibooks.graphml"
"0.38","0.3","0.32","0.736336711555371","1,1,1,1,1,2,1,2,2,9,1,4,2,2,2,5,9,1,7,4,3,6,2,2,2,2,2,5,1,9,1,7,4,4,7,7,8,2,3,3,3,3,6,6,6,6,3,6,6,6,3,3,3,3,3,6,6,6,6,3,2,3,3,2,2,3,3,3,3,3,6,3,2,2,3,3,3,3,3,3,3,2,5,5,5,1,3,3,3,3,9,1,7,3,3,3,5,3,3,3,3,3,3,3,3,3,3,4,4,4,3,3,3,7,7,7,7,7,7,7,7,8,8,8,8,8,8,8,8","0.000866889953613281","fast_greedy","edit-xhwikibooks.graphml"
"0.37","0.31","0.32","0.736336711555371","1,1,1,1,1,2,1,2,2,9,1,4,2,2,2,5,9,1,7,4,3,6,2,2,2,2,2,5,1,9,1,7,4,4,7,7,8,2,3,3,3,3,6,6,6,6,3,6,6,6,3,3,3,3,3,6,6,6,6,3,2,3,3,2,2,3,3,3,3,3,6,3,2,2,3,3,3,3,3,3,3,2,5,5,5,1,3,3,3,3,9,1,7,3,3,3,5,3,3,3,3,3,3,3,3,3,3,4,4,4,3,3,3,7,7,7,7,7,7,7,7,8,8,8,8,8,8,8,8","0.000960111618041992","fast_greedy","edit-xhwikibooks.graphml"
"0.36","0.32","0.32","0.736336711555371","1,1,1,1,1,2,1,2,2,9,1,4,2,2,2,5,9,1,7,4,3,6,2,2,2,2,2,5,1,9,1,7,4,4,7,7,8,2,3,3,3,3,6,6,6,6,3,6,6,6,3,3,3,3,3,6,6,6,6,3,2,3,3,2,2,3,3,3,3,3,6,3,2,2,3,3,3,3,3,3,3,2,5,5,5,1,3,3,3,3,9,1,7,3,3,3,5,3,3,3,3,3,3,3,3,3,3,4,4,4,3,3,3,7,7,7,7,7,7,7,7,8,8,8,8,8,8,8,8","0.000890016555786133","fast_greedy","edit-xhwikibooks.graphml"
"0.35","0.33","0.32","0.723913905971037","1,2,1,1,1,2,1,2,2,2,1,1,2,2,2,4,2,1,6,1,3,5,2,2,2,2,2,4,2,2,1,6,1,1,6,6,7,2,3,3,3,3,5,5,5,5,3,5,5,5,3,3,3,3,3,5,5,5,5,3,8,3,3,2,2,3,3,3,3,3,5,3,2,2,3,3,3,3,3,3,3,2,4,4,4,9,3,3,3,3,10,11,12,3,3,3,4,3,3,3,3,3,3,3,3,3,3,1,1,1,3,3,3,6,6,6,6,6,6,6,6,7,7,7,7,7,7,7,7","0.000891923904418945","fast_greedy","edit-xhwikibooks.graphml"
"0.34","0.34","0.32","0.729228813144897","2,2,2,2,2,1,2,1,1,1,2,4,1,1,1,5,1,2,7,4,3,6,1,1,1,1,1,5,2,1,2,7,4,4,7,7,8,1,3,3,3,3,6,6,6,6,3,6,6,6,3,3,3,3,3,6,6,6,6,3,9,3,3,1,1,3,3,3,3,3,6,3,1,1,3,3,3,3,3,3,3,1,5,5,5,10,3,3,3,3,11,12,13,3,3,3,5,3,3,3,3,3,3,3,3,3,3,4,4,4,3,3,3,7,7,7,7,7,7,7,7,8,8,8,8,8,8,8,8","0.000870943069458008","fast_greedy","edit-xhwikibooks.graphml"
"0.33","0.35","0.32","0.729228813144897","2,2,2,2,2,1,2,1,1,1,2,4,1,1,1,5,1,2,7,4,3,6,1,1,1,1,1,5,2,1,2,7,4,4,7,7,8,1,3,3,3,3,6,6,6,6,3,6,6,6,3,3,3,3,3,6,6,6,6,3,9,3,3,1,1,3,3,3,3,3,6,3,1,1,3,3,3,3,3,3,3,1,5,5,5,10,3,3,3,3,11,12,13,3,3,3,5,3,3,3,3,3,3,3,3,3,3,4,4,4,3,3,3,7,7,7,7,7,7,7,7,8,8,8,8,8,8,8,8","0.000896930694580078","fast_greedy","edit-xhwikibooks.graphml"
"0.32","0.36","0.32","0.729228813144897","2,2,2,2,2,1,2,1,1,1,2,4,1,1,1,5,1,2,7,4,3,6,1,1,1,1,1,5,2,1,2,7,4,4,7,7,8,1,3,3,3,3,6,6,6,6,3,6,6,6,3,3,3,3,3,6,6,6,6,3,9,3,3,1,1,3,3,3,3,3,6,3,1,1,3,3,3,3,3,3,3,1,5,5,5,10,3,3,3,3,11,12,13,3,3,3,5,3,3,3,3,3,3,3,3,3,3,4,4,4,3,3,3,7,7,7,7,7,7,7,7,8,8,8,8,8,8,8,8","0.000908851623535156","fast_greedy","edit-xhwikibooks.graphml"
"0.31","0.37","0.32","0.729228813144897","2,2,2,2,2,1,2,1,1,1,2,4,1,1,1,5,1,2,7,4,3,6,1,1,1,1,1,5,2,1,2,7,4,4,7,7,8,1,3,3,3,3,6,6,6,6,3,6,6,6,3,3,3,3,3,6,6,6,6,3,9,3,3,1,1,3,3,3,3,3,6,3,1,1,3,3,3,3,3,3,3,1,5,5,5,10,3,3,3,3,11,12,13,3,3,3,5,3,3,3,3,3,3,3,3,3,3,4,4,4,3,3,3,7,7,7,7,7,7,7,7,8,8,8,8,8,8,8,8","0.000926971435546875","fast_greedy","edit-xhwikibooks.graphml"
"0.3","0.38","0.32","0.729228813144897","2,2,2,2,2,1,2,1,1,1,2,4,1,1,1,5,1,2,7,4,3,6,1,1,1,1,1,5,2,1,2,7,4,4,7,7,8,1,3,3,3,3,6,6,6,6,3,6,6,6,3,3,3,3,3,6,6,6,6,3,9,3,3,1,1,3,3,3,3,3,6,3,1,1,3,3,3,3,3,3,3,1,5,5,5,10,3,3,3,3,11,12,13,3,3,3,5,3,3,3,3,3,3,3,3,3,3,4,4,4,3,3,3,7,7,7,7,7,7,7,7,8,8,8,8,8,8,8,8","0.00111103057861328","fast_greedy","edit-xhwikibooks.graphml"
"0.29","0.39","0.32","0.729228813144897","2,2,2,2,2,1,2,1,1,1,2,4,1,1,1,5,1,2,7,4,3,6,1,1,1,1,1,5,2,1,2,7,4,4,7,7,8,1,3,3,3,3,6,6,6,6,3,6,6,6,3,3,3,3,3,6,6,6,6,3,9,3,3,1,1,3,3,3,3,3,6,3,1,1,3,3,3,3,3,3,3,1,5,5,5,10,3,3,3,3,11,12,13,3,3,3,5,3,3,3,3,3,3,3,3,3,3,4,4,4,3,3,3,7,7,7,7,7,7,7,7,8,8,8,8,8,8,8,8","0.000868082046508789","fast_greedy","edit-xhwikibooks.graphml"
"0.28","0.4","0.32","0.729228813144897","2,2,2,2,2,1,2,1,1,1,2,4,1,1,1,5,1,2,7,4,3,6,1,1,1,1,1,5,2,1,2,7,4,4,7,7,8,1,3,3,3,3,6,6,6,6,3,6,6,6,3,3,3,3,3,6,6,6,6,3,9,3,3,1,1,3,3,3,3,3,6,3,1,1,3,3,3,3,3,3,3,1,5,5,5,10,3,3,3,3,11,12,13,3,3,3,5,3,3,3,3,3,3,3,3,3,3,4,4,4,3,3,3,7,7,7,7,7,7,7,7,8,8,8,8,8,8,8,8","0.000894784927368164","fast_greedy","edit-xhwikibooks.graphml"
"0.27","0.41","0.32","0.729228813144897","2,2,2,2,2,1,2,1,1,1,2,4,1,1,1,5,1,2,7,4,3,6,1,1,1,1,1,5,2,1,2,7,4,4,7,7,8,1,3,3,3,3,6,6,6,6,3,6,6,6,3,3,3,3,3,6,6,6,6,3,9,3,3,1,1,3,3,3,3,3,6,3,1,1,3,3,3,3,3,3,3,1,5,5,5,10,3,3,3,3,11,12,13,3,3,3,5,3,3,3,3,3,3,3,3,3,3,4,4,4,3,3,3,7,7,7,7,7,7,7,7,8,8,8,8,8,8,8,8","0.000882863998413086","fast_greedy","edit-xhwikibooks.graphml"
"0.26","0.42","0.32","0.729228813144897","2,2,2,2,2,1,2,1,1,1,2,4,1,1,1,5,1,2,7,4,3,6,1,1,1,1,1,5,2,1,2,7,4,4,7,7,8,1,3,3,3,3,6,6,6,6,3,6,6,6,3,3,3,3,3,6,6,6,6,3,9,3,3,1,1,3,3,3,3,3,6,3,1,1,3,3,3,3,3,3,3,1,5,5,5,10,3,3,3,3,11,12,13,3,3,3,5,3,3,3,3,3,3,3,3,3,3,4,4,4,3,3,3,7,7,7,7,7,7,7,7,8,8,8,8,8,8,8,8","0.00091099739074707","fast_greedy","edit-xhwikibooks.graphml"
"0.25","0.43","0.32","0.729228813144897","2,2,2,2,2,1,2,1,1,1,2,4,1,1,1,5,1,2,7,4,3,6,1,1,1,1,1,5,2,1,2,7,4,4,7,7,8,1,3,3,3,3,6,6,6,6,3,6,6,6,3,3,3,3,3,6,6,6,6,3,9,3,3,1,1,3,3,3,3,3,6,3,1,1,3,3,3,3,3,3,3,1,5,5,5,10,3,3,3,3,11,12,13,3,3,3,5,3,3,3,3,3,3,3,3,3,3,4,4,4,3,3,3,7,7,7,7,7,7,7,7,8,8,8,8,8,8,8,8","0.000867128372192383","fast_greedy","edit-xhwikibooks.graphml"
"0.24","0.44","0.32","0.729228813144897","2,2,2,2,2,1,2,1,1,1,2,4,1,1,1,5,1,2,7,4,3,6,1,1,1,1,1,5,2,1,2,7,4,4,7,7,8,1,3,3,3,3,6,6,6,6,3,6,6,6,3,3,3,3,3,6,6,6,6,3,9,3,3,1,1,3,3,3,3,3,6,3,1,1,3,3,3,3,3,3,3,1,5,5,5,10,3,3,3,3,11,12,13,3,3,3,5,3,3,3,3,3,3,3,3,3,3,4,4,4,3,3,3,7,7,7,7,7,7,7,7,8,8,8,8,8,8,8,8","0.000880002975463867","fast_greedy","edit-xhwikibooks.graphml"
"0.23","0.45","0.32","0.729228813144897","2,2,2,2,2,1,2,1,1,1,2,4,1,1,1,5,1,2,7,4,3,6,1,1,1,1,1,5,2,1,2,7,4,4,7,7,8,1,3,3,3,3,6,6,6,6,3,6,6,6,3,3,3,3,3,6,6,6,6,3,9,3,3,1,1,3,3,3,3,3,6,3,1,1,3,3,3,3,3,3,3,1,5,5,5,10,3,3,3,3,11,12,13,3,3,3,5,3,3,3,3,3,3,3,3,3,3,4,4,4,3,3,3,7,7,7,7,7,7,7,7,8,8,8,8,8,8,8,8","0.000876903533935547","fast_greedy","edit-xhwikibooks.graphml"
"0.22","0.46","0.32","0.729228813144897","2,2,2,2,2,1,2,1,1,1,2,4,1,1,1,5,1,2,7,4,3,6,1,1,1,1,1,5,2,1,2,7,4,4,7,7,8,1,3,3,3,3,6,6,6,6,3,6,6,6,3,3,3,3,3,6,6,6,6,3,9,3,3,1,1,3,3,3,3,3,6,3,1,1,3,3,3,3,3,3,3,1,5,5,5,10,3,3,3,3,11,12,13,3,3,3,5,3,3,3,3,3,3,3,3,3,3,4,4,4,3,3,3,7,7,7,7,7,7,7,7,8,8,8,8,8,8,8,8","0.000868082046508789","fast_greedy","edit-xhwikibooks.graphml"
"0.21","0.47","0.32","0.729228813144897","2,2,2,2,2,1,2,1,1,1,2,4,1,1,1,5,1,2,7,4,3,6,1,1,1,1,1,5,2,1,2,7,4,4,7,7,8,1,3,3,3,3,6,6,6,6,3,6,6,6,3,3,3,3,3,6,6,6,6,3,9,3,3,1,1,3,3,3,3,3,6,3,1,1,3,3,3,3,3,3,3,1,5,5,5,10,3,3,3,3,11,12,13,3,3,3,5,3,3,3,3,3,3,3,3,3,3,4,4,4,3,3,3,7,7,7,7,7,7,7,7,8,8,8,8,8,8,8,8","0.000889062881469727","fast_greedy","edit-xhwikibooks.graphml"
"0.2","0.48","0.32","0.729228813144897","2,2,2,2,2,1,2,1,1,1,2,4,1,1,1,5,1,2,7,4,3,6,1,1,1,1,1,5,2,1,2,7,4,4,7,7,8,1,3,3,3,3,6,6,6,6,3,6,6,6,3,3,3,3,3,6,6,6,6,3,9,3,3,1,1,3,3,3,3,3,6,3,1,1,3,3,3,3,3,3,3,1,5,5,5,10,3,3,3,3,11,12,13,3,3,3,5,3,3,3,3,3,3,3,3,3,3,4,4,4,3,3,3,7,7,7,7,7,7,7,7,8,8,8,8,8,8,8,8","0.000892877578735352","fast_greedy","edit-xhwikibooks.graphml"
"0.19","0.49","0.32","0.729228813144897","2,2,2,2,2,1,2,1,1,1,2,4,1,1,1,5,1,2,7,4,3,6,1,1,1,1,1,5,2,1,2,7,4,4,7,7,8,1,3,3,3,3,6,6,6,6,3,6,6,6,3,3,3,3,3,6,6,6,6,3,9,3,3,1,1,3,3,3,3,3,6,3,1,1,3,3,3,3,3,3,3,1,5,5,5,10,3,3,3,3,11,12,13,3,3,3,5,3,3,3,3,3,3,3,3,3,3,4,4,4,3,3,3,7,7,7,7,7,7,7,7,8,8,8,8,8,8,8,8","0.000882148742675781","fast_greedy","edit-xhwikibooks.graphml"
"0.18","0.5","0.32","0.738718054875983","2,2,2,2,2,1,2,1,1,1,2,4,1,1,1,5,1,2,7,4,3,6,1,1,1,1,1,5,2,1,2,7,4,4,7,7,8,1,3,3,3,3,6,6,6,6,3,6,6,6,3,3,3,3,3,6,6,6,6,3,9,3,3,1,1,3,3,3,3,3,6,3,1,1,3,3,3,3,3,3,3,1,5,5,5,10,3,3,3,3,11,12,13,3,3,3,5,3,3,3,3,3,3,3,3,3,3,4,4,4,3,3,3,7,7,7,7,7,7,7,7,8,8,8,8,8,8,8,8","0.00109505653381348","fast_greedy","edit-xhwikibooks.graphml"
"0.17","0.51","0.32","0.738718054875983","2,2,2,2,2,1,2,1,1,1,2,4,1,1,1,5,1,2,7,4,3,6,1,1,1,1,1,5,2,1,2,7,4,4,7,7,8,1,3,3,3,3,6,6,6,6,3,6,6,6,3,3,3,3,3,6,6,6,6,3,9,3,3,1,1,3,3,3,3,3,6,3,1,1,3,3,3,3,3,3,3,1,5,5,5,10,3,3,3,3,11,12,13,3,3,3,5,3,3,3,3,3,3,3,3,3,3,4,4,4,3,3,3,7,7,7,7,7,7,7,7,8,8,8,8,8,8,8,8","0.000907182693481445","fast_greedy","edit-xhwikibooks.graphml"
"0.16","0.52","0.32","0.738718054875983","2,2,2,2,2,1,2,1,1,1,2,4,1,1,1,5,1,2,7,4,3,6,1,1,1,1,1,5,2,1,2,7,4,4,7,7,8,1,3,3,3,3,6,6,6,6,3,6,6,6,3,3,3,3,3,6,6,6,6,3,9,3,3,1,1,3,3,3,3,3,6,3,1,1,3,3,3,3,3,3,3,1,5,5,5,10,3,3,3,3,11,12,13,3,3,3,5,3,3,3,3,3,3,3,3,3,3,4,4,4,3,3,3,7,7,7,7,7,7,7,7,8,8,8,8,8,8,8,8","0.000902891159057617","fast_greedy","edit-xhwikibooks.graphml"
"0.15","0.53","0.32","0.738718054875983","2,2,2,2,2,1,2,1,1,1,2,4,1,1,1,5,1,2,7,4,3,6,1,1,1,1,1,5,2,1,2,7,4,4,7,7,8,1,3,3,3,3,6,6,6,6,3,6,6,6,3,3,3,3,3,6,6,6,6,3,9,3,3,1,1,3,3,3,3,3,6,3,1,1,3,3,3,3,3,3,3,1,5,5,5,10,3,3,3,3,11,12,13,3,3,3,5,3,3,3,3,3,3,3,3,3,3,4,4,4,3,3,3,7,7,7,7,7,7,7,7,8,8,8,8,8,8,8,8","0.00113606452941895","fast_greedy","edit-xhwikibooks.graphml"
"0.14","0.54","0.32","0.738718054875983","2,2,2,2,2,1,2,1,1,1,2,4,1,1,1,5,1,2,7,4,3,6,1,1,1,1,1,5,2,1,2,7,4,4,7,7,8,1,3,3,3,3,6,6,6,6,3,6,6,6,3,3,3,3,3,6,6,6,6,3,9,3,3,1,1,3,3,3,3,3,6,3,1,1,3,3,3,3,3,3,3,1,5,5,5,10,3,3,3,3,11,12,13,3,3,3,5,3,3,3,3,3,3,3,3,3,3,4,4,4,3,3,3,7,7,7,7,7,7,7,7,8,8,8,8,8,8,8,8","0.000888824462890625","fast_greedy","edit-xhwikibooks.graphml"
"0.13","0.55","0.32","0.738718054875983","2,2,2,2,2,1,2,1,1,1,2,4,1,1,1,5,1,2,7,4,3,6,1,1,1,1,1,5,2,1,2,7,4,4,7,7,8,1,3,3,3,3,6,6,6,6,3,6,6,6,3,3,3,3,3,6,6,6,6,3,9,3,3,1,1,3,3,3,3,3,6,3,1,1,3,3,3,3,3,3,3,1,5,5,5,10,3,3,3,3,11,12,13,3,3,3,5,3,3,3,3,3,3,3,3,3,3,4,4,4,3,3,3,7,7,7,7,7,7,7,7,8,8,8,8,8,8,8,8","0.000904083251953125","fast_greedy","edit-xhwikibooks.graphml"
"0.12","0.56","0.32","0.738718054875983","2,2,2,2,2,1,2,1,1,1,2,4,1,1,1,5,1,2,7,4,3,6,1,1,1,1,1,5,2,1,2,7,4,4,7,7,8,1,3,3,3,3,6,6,6,6,3,6,6,6,3,3,3,3,3,6,6,6,6,3,9,3,3,1,1,3,3,3,3,3,6,3,1,1,3,3,3,3,3,3,3,1,5,5,5,10,3,3,3,3,11,12,13,3,3,3,5,3,3,3,3,3,3,3,3,3,3,4,4,4,3,3,3,7,7,7,7,7,7,7,7,8,8,8,8,8,8,8,8","0.000900983810424805","fast_greedy","edit-xhwikibooks.graphml"
"0.11","0.57","0.32","0.738718054875983","2,2,2,2,2,1,2,1,1,1,2,4,1,1,1,5,1,2,7,4,3,6,1,1,1,1,1,5,2,1,2,7,4,4,7,7,8,1,3,3,3,3,6,6,6,6,3,6,6,6,3,3,3,3,3,6,6,6,6,3,9,3,3,1,1,3,3,3,3,3,6,3,1,1,3,3,3,3,3,3,3,1,5,5,5,10,3,3,3,3,11,12,13,3,3,3,5,3,3,3,3,3,3,3,3,3,3,4,4,4,3,3,3,7,7,7,7,7,7,7,7,8,8,8,8,8,8,8,8","0.000912904739379883","fast_greedy","edit-xhwikibooks.graphml"
"0.1","0.58","0.32","0.738718054875983","2,2,2,2,2,1,2,1,1,1,2,4,1,1,1,5,1,2,7,4,3,6,1,1,1,1,1,5,2,1,2,7,4,4,7,7,8,1,3,3,3,3,6,6,6,6,3,6,6,6,3,3,3,3,3,6,6,6,6,3,9,3,3,1,1,3,3,3,3,3,6,3,1,1,3,3,3,3,3,3,3,1,5,5,5,10,3,3,3,3,11,12,13,3,3,3,5,3,3,3,3,3,3,3,3,3,3,4,4,4,3,3,3,7,7,7,7,7,7,7,7,8,8,8,8,8,8,8,8","0.000914096832275391","fast_greedy","edit-xhwikibooks.graphml"
"0.09","0.59","0.32","0.738718054875983","2,2,2,2,2,1,2,1,1,1,2,4,1,1,1,5,1,2,7,4,3,6,1,1,1,1,1,5,2,1,2,7,4,4,7,7,8,1,3,3,3,3,6,6,6,6,3,6,6,6,3,3,3,3,3,6,6,6,6,3,9,3,3,1,1,3,3,3,3,3,6,3,1,1,3,3,3,3,3,3,3,1,5,5,5,10,3,3,3,3,11,12,13,3,3,3,5,3,3,3,3,3,3,3,3,3,3,4,4,4,3,3,3,7,7,7,7,7,7,7,7,8,8,8,8,8,8,8,8","0.000950098037719727","fast_greedy","edit-xhwikibooks.graphml"
"0.08","0.6","0.32","0.738718054875983","2,2,2,2,2,1,2,1,1,1,2,4,1,1,1,5,1,2,7,4,3,6,1,1,1,1,1,5,2,1,2,7,4,4,7,7,8,1,3,3,3,3,6,6,6,6,3,6,6,6,3,3,3,3,3,6,6,6,6,3,9,3,3,1,1,3,3,3,3,3,6,3,1,1,3,3,3,3,3,3,3,1,5,5,5,10,3,3,3,3,11,12,13,3,3,3,5,3,3,3,3,3,3,3,3,3,3,4,4,4,3,3,3,7,7,7,7,7,7,7,7,8,8,8,8,8,8,8,8","0.000953912734985352","fast_greedy","edit-xhwikibooks.graphml"
"0.07","0.61","0.32","0.738718054875983","2,2,2,2,2,1,2,1,1,1,2,4,1,1,1,5,1,2,7,4,3,6,1,1,1,1,1,5,2,1,2,7,4,4,7,7,8,1,3,3,3,3,6,6,6,6,3,6,6,6,3,3,3,3,3,6,6,6,6,3,9,3,3,1,1,3,3,3,3,3,6,3,1,1,3,3,3,3,3,3,3,1,5,5,5,10,3,3,3,3,11,12,13,3,3,3,5,3,3,3,3,3,3,3,3,3,3,4,4,4,3,3,3,7,7,7,7,7,7,7,7,8,8,8,8,8,8,8,8","0.000936031341552734","fast_greedy","edit-xhwikibooks.graphml"
"0.06","0.62","0.32","0.738718054875983","2,2,2,2,2,1,2,1,1,1,2,4,1,1,1,5,1,2,7,4,3,6,1,1,1,1,1,5,2,1,2,7,4,4,7,7,8,1,3,3,3,3,6,6,6,6,3,6,6,6,3,3,3,3,3,6,6,6,6,3,9,3,3,1,1,3,3,3,3,3,6,3,1,1,3,3,3,3,3,3,3,1,5,5,5,10,3,3,3,3,11,12,13,3,3,3,5,3,3,3,3,3,3,3,3,3,3,4,4,4,3,3,3,7,7,7,7,7,7,7,7,8,8,8,8,8,8,8,8","0.000998973846435547","fast_greedy","edit-xhwikibooks.graphml"
"0.05","0.63","0.32","0.738718054875983","2,2,2,2,2,1,2,1,1,1,2,4,1,1,1,5,1,2,7,4,3,6,1,1,1,1,1,5,2,1,2,7,4,4,7,7,8,1,3,3,3,3,6,6,6,6,3,6,6,6,3,3,3,3,3,6,6,6,6,3,9,3,3,1,1,3,3,3,3,3,6,3,1,1,3,3,3,3,3,3,3,1,5,5,5,10,3,3,3,3,11,12,13,3,3,3,5,3,3,3,3,3,3,3,3,3,3,4,4,4,3,3,3,7,7,7,7,7,7,7,7,8,8,8,8,8,8,8,8","0.00090789794921875","fast_greedy","edit-xhwikibooks.graphml"
"0.04","0.64","0.32","0.738718054875983","2,2,2,2,2,1,2,1,1,1,2,4,1,1,1,5,1,2,7,4,3,6,1,1,1,1,1,5,2,1,2,7,4,4,7,7,8,1,3,3,3,3,6,6,6,6,3,6,6,6,3,3,3,3,3,6,6,6,6,3,9,3,3,1,1,3,3,3,3,3,6,3,1,1,3,3,3,3,3,3,3,1,5,5,5,10,3,3,3,3,11,12,13,3,3,3,5,3,3,3,3,3,3,3,3,3,3,4,4,4,3,3,3,7,7,7,7,7,7,7,7,8,8,8,8,8,8,8,8","0.000965118408203125","fast_greedy","edit-xhwikibooks.graphml"
"0.03","0.65","0.32","0.730616429578367","1,1,1,1,2,1,2,7,7,1,2,2,7,7,7,1,8,2,2,2,3,4,7,7,7,7,7,1,1,9,10,2,2,2,5,5,6,7,3,3,3,3,4,4,4,4,3,4,4,4,3,3,3,3,3,4,4,4,4,3,11,3,3,12,13,3,3,3,3,3,4,3,7,7,3,3,3,3,3,3,3,14,1,1,1,15,3,3,3,3,16,17,18,3,3,3,19,3,3,3,3,3,3,3,3,3,3,20,21,3,3,3,3,5,5,5,5,5,5,5,5,6,6,6,6,6,6,6,6","0.000900030136108398","fast_greedy","edit-xhwikibooks.graphml"
"0.02","0.66","0.32","0.730616429578367","1,1,1,1,2,1,2,7,7,1,2,2,7,7,7,1,8,2,2,2,3,4,7,7,7,7,7,1,1,9,10,2,2,2,5,5,6,7,3,3,3,3,4,4,4,4,3,4,4,4,3,3,3,3,3,4,4,4,4,3,11,3,3,12,13,3,3,3,3,3,4,3,7,7,3,3,3,3,3,3,3,14,1,1,1,15,3,3,3,3,16,17,18,3,3,3,19,3,3,3,3,3,3,3,3,3,3,20,21,3,3,3,3,5,5,5,5,5,5,5,5,6,6,6,6,6,6,6,6","0.000900030136108398","fast_greedy","edit-xhwikibooks.graphml"
"0.01","0.67","0.32","0.730616429578367","1,1,1,1,2,1,2,7,7,1,2,2,7,7,7,1,8,2,2,2,3,4,7,7,7,7,7,1,1,9,10,2,2,2,5,5,6,7,3,3,3,3,4,4,4,4,3,4,4,4,3,3,3,3,3,4,4,4,4,3,11,3,3,12,13,3,3,3,3,3,4,3,7,7,3,3,3,3,3,3,3,14,1,1,1,15,3,3,3,3,16,17,18,3,3,3,19,3,3,3,3,3,3,3,3,3,3,20,21,3,3,3,3,5,5,5,5,5,5,5,5,6,6,6,6,6,6,6,6","0.000915050506591797","fast_greedy","edit-xhwikibooks.graphml"
"0","0.68","0.32","0.71595703125","1,1,1,1,1,1,3,1,6,1,3,3,6,6,6,1,8,3,5,3,2,4,6,6,6,6,6,1,1,9,10,5,3,3,5,5,7,6,2,2,2,2,4,4,4,4,2,4,4,4,2,2,2,2,2,4,4,4,4,2,11,2,2,12,13,2,2,2,2,2,4,2,6,6,2,2,2,2,2,2,2,14,1,1,1,15,2,2,2,2,16,17,18,2,2,2,19,2,2,2,2,2,2,2,2,2,2,20,21,2,2,2,2,5,5,5,5,5,5,5,5,7,7,7,7,7,7,7,7","0.000905036926269531","fast_greedy","edit-xhwikibooks.graphml"
"0.67","0","0.33","0.731305122912366","1,1,1,1,1,3,1,3,3,8,2,1,3,3,3,5,8,2,2,1,4,6,3,3,3,3,3,5,1,8,2,2,1,1,2,2,7,3,4,4,4,4,6,6,6,6,4,6,6,6,4,4,4,4,4,6,6,6,6,4,3,4,4,3,3,4,4,4,4,4,6,4,3,3,4,4,4,4,4,4,4,3,5,5,5,1,4,4,4,4,8,2,2,4,4,4,5,4,4,4,4,4,4,4,4,4,4,1,1,1,4,4,4,2,2,2,2,2,2,2,2,7,7,7,7,7,7,7,7","0.000919103622436523","fast_greedy","edit-xhwikibooks.graphml"
"0.66","0.01","0.33","0.731305122912366","1,1,1,1,1,3,1,3,3,8,2,1,3,3,3,5,8,2,2,1,4,6,3,3,3,3,3,5,1,8,2,2,1,1,2,2,7,3,4,4,4,4,6,6,6,6,4,6,6,6,4,4,4,4,4,6,6,6,6,4,3,4,4,3,3,4,4,4,4,4,6,4,3,3,4,4,4,4,4,4,4,3,5,5,5,1,4,4,4,4,8,2,2,4,4,4,5,4,4,4,4,4,4,4,4,4,4,1,1,1,4,4,4,2,2,2,2,2,2,2,2,7,7,7,7,7,7,7,7","0.000931978225708008","fast_greedy","edit-xhwikibooks.graphml"
"0.65","0.02","0.33","0.731305122912366","1,1,1,1,1,3,1,3,3,8,2,1,3,3,3,5,8,2,2,1,4,6,3,3,3,3,3,5,1,8,2,2,1,1,2,2,7,3,4,4,4,4,6,6,6,6,4,6,6,6,4,4,4,4,4,6,6,6,6,4,3,4,4,3,3,4,4,4,4,4,6,4,3,3,4,4,4,4,4,4,4,3,5,5,5,1,4,4,4,4,8,2,2,4,4,4,5,4,4,4,4,4,4,4,4,4,4,1,1,1,4,4,4,2,2,2,2,2,2,2,2,7,7,7,7,7,7,7,7","0.000931978225708008","fast_greedy","edit-xhwikibooks.graphml"
"0.64","0.03","0.33","0.731305122912366","1,1,1,1,1,3,1,3,3,8,2,1,3,3,3,5,8,2,2,1,4,6,3,3,3,3,3,5,1,8,2,2,1,1,2,2,7,3,4,4,4,4,6,6,6,6,4,6,6,6,4,4,4,4,4,6,6,6,6,4,3,4,4,3,3,4,4,4,4,4,6,4,3,3,4,4,4,4,4,4,4,3,5,5,5,1,4,4,4,4,8,2,2,4,4,4,5,4,4,4,4,4,4,4,4,4,4,1,1,1,4,4,4,2,2,2,2,2,2,2,2,7,7,7,7,7,7,7,7","0.000919103622436523","fast_greedy","edit-xhwikibooks.graphml"
"0.63","0.04","0.33","0.731305122912366","1,1,1,1,1,3,1,3,3,8,2,1,3,3,3,5,8,2,2,1,4,6,3,3,3,3,3,5,1,8,2,2,1,1,2,2,7,3,4,4,4,4,6,6,6,6,4,6,6,6,4,4,4,4,4,6,6,6,6,4,3,4,4,3,3,4,4,4,4,4,6,4,3,3,4,4,4,4,4,4,4,3,5,5,5,1,4,4,4,4,8,2,2,4,4,4,5,4,4,4,4,4,4,4,4,4,4,1,1,1,4,4,4,2,2,2,2,2,2,2,2,7,7,7,7,7,7,7,7","0.00105595588684082","fast_greedy","edit-xhwikibooks.graphml"
"0.62","0.05","0.33","0.731305122912366","1,1,1,1,1,3,1,3,3,8,2,1,3,3,3,5,8,2,2,1,4,6,3,3,3,3,3,5,1,8,2,2,1,1,2,2,7,3,4,4,4,4,6,6,6,6,4,6,6,6,4,4,4,4,4,6,6,6,6,4,3,4,4,3,3,4,4,4,4,4,6,4,3,3,4,4,4,4,4,4,4,3,5,5,5,1,4,4,4,4,8,2,2,4,4,4,5,4,4,4,4,4,4,4,4,4,4,1,1,1,4,4,4,2,2,2,2,2,2,2,2,7,7,7,7,7,7,7,7","0.000931978225708008","fast_greedy","edit-xhwikibooks.graphml"
"0.61","0.06","0.33","0.731305122912366","1,1,1,1,1,3,1,3,3,8,2,1,3,3,3,5,8,2,2,1,4,6,3,3,3,3,3,5,1,8,2,2,1,1,2,2,7,3,4,4,4,4,6,6,6,6,4,6,6,6,4,4,4,4,4,6,6,6,6,4,3,4,4,3,3,4,4,4,4,4,6,4,3,3,4,4,4,4,4,4,4,3,5,5,5,1,4,4,4,4,8,2,2,4,4,4,5,4,4,4,4,4,4,4,4,4,4,1,1,1,4,4,4,2,2,2,2,2,2,2,2,7,7,7,7,7,7,7,7","0.19758677482605","fast_greedy","edit-xhwikibooks.graphml"
"0.6","0.07","0.33","0.731305122912366","1,1,1,1,1,3,1,3,3,8,2,1,3,3,3,5,8,2,2,1,4,6,3,3,3,3,3,5,1,8,2,2,1,1,2,2,7,3,4,4,4,4,6,6,6,6,4,6,6,6,4,4,4,4,4,6,6,6,6,4,3,4,4,3,3,4,4,4,4,4,6,4,3,3,4,4,4,4,4,4,4,3,5,5,5,1,4,4,4,4,8,2,2,4,4,4,5,4,4,4,4,4,4,4,4,4,4,1,1,1,4,4,4,2,2,2,2,2,2,2,2,7,7,7,7,7,7,7,7","0.00113296508789062","fast_greedy","edit-xhwikibooks.graphml"
"0.59","0.08","0.33","0.731305122912366","1,1,1,1,1,3,1,3,3,8,2,1,3,3,3,5,8,2,2,1,4,6,3,3,3,3,3,5,1,8,2,2,1,1,2,2,7,3,4,4,4,4,6,6,6,6,4,6,6,6,4,4,4,4,4,6,6,6,6,4,3,4,4,3,3,4,4,4,4,4,6,4,3,3,4,4,4,4,4,4,4,3,5,5,5,1,4,4,4,4,8,2,2,4,4,4,5,4,4,4,4,4,4,4,4,4,4,1,1,1,4,4,4,2,2,2,2,2,2,2,2,7,7,7,7,7,7,7,7","0.000985145568847656","fast_greedy","edit-xhwikibooks.graphml"
"0.58","0.09","0.33","0.731305122912366","1,1,1,1,1,3,1,3,3,8,2,1,3,3,3,5,8,2,2,1,4,6,3,3,3,3,3,5,1,8,2,2,1,1,2,2,7,3,4,4,4,4,6,6,6,6,4,6,6,6,4,4,4,4,4,6,6,6,6,4,3,4,4,3,3,4,4,4,4,4,6,4,3,3,4,4,4,4,4,4,4,3,5,5,5,1,4,4,4,4,8,2,2,4,4,4,5,4,4,4,4,4,4,4,4,4,4,1,1,1,4,4,4,2,2,2,2,2,2,2,2,7,7,7,7,7,7,7,7","0.000931024551391602","fast_greedy","edit-xhwikibooks.graphml"
"0.57","0.1","0.33","0.731305122912366","1,1,1,1,1,3,1,3,3,8,2,1,3,3,3,5,8,2,2,1,4,6,3,3,3,3,3,5,1,8,2,2,1,1,2,2,7,3,4,4,4,4,6,6,6,6,4,6,6,6,4,4,4,4,4,6,6,6,6,4,3,4,4,3,3,4,4,4,4,4,6,4,3,3,4,4,4,4,4,4,4,3,5,5,5,1,4,4,4,4,8,2,2,4,4,4,5,4,4,4,4,4,4,4,4,4,4,1,1,1,4,4,4,2,2,2,2,2,2,2,2,7,7,7,7,7,7,7,7","0.000960826873779297","fast_greedy","edit-xhwikibooks.graphml"
"0.56","0.11","0.33","0.731305122912366","1,1,1,1,1,3,1,3,3,8,2,1,3,3,3,5,8,2,2,1,4,6,3,3,3,3,3,5,1,8,2,2,1,1,2,2,7,3,4,4,4,4,6,6,6,6,4,6,6,6,4,4,4,4,4,6,6,6,6,4,3,4,4,3,3,4,4,4,4,4,6,4,3,3,4,4,4,4,4,4,4,3,5,5,5,1,4,4,4,4,8,2,2,4,4,4,5,4,4,4,4,4,4,4,4,4,4,1,1,1,4,4,4,2,2,2,2,2,2,2,2,7,7,7,7,7,7,7,7","0.000954866409301758","fast_greedy","edit-xhwikibooks.graphml"
"0.55","0.12","0.33","0.731305122912366","1,1,1,1,1,3,1,3,3,8,2,1,3,3,3,5,8,2,2,1,4,6,3,3,3,3,3,5,1,8,2,2,1,1,2,2,7,3,4,4,4,4,6,6,6,6,4,6,6,6,4,4,4,4,4,6,6,6,6,4,3,4,4,3,3,4,4,4,4,4,6,4,3,3,4,4,4,4,4,4,4,3,5,5,5,1,4,4,4,4,8,2,2,4,4,4,5,4,4,4,4,4,4,4,4,4,4,1,1,1,4,4,4,2,2,2,2,2,2,2,2,7,7,7,7,7,7,7,7","0.000990152359008789","fast_greedy","edit-xhwikibooks.graphml"
"0.54","0.13","0.33","0.731305122912366","1,1,1,1,1,3,1,3,3,8,2,1,3,3,3,5,8,2,2,1,4,6,3,3,3,3,3,5,1,8,2,2,1,1,2,2,7,3,4,4,4,4,6,6,6,6,4,6,6,6,4,4,4,4,4,6,6,6,6,4,3,4,4,3,3,4,4,4,4,4,6,4,3,3,4,4,4,4,4,4,4,3,5,5,5,1,4,4,4,4,8,2,2,4,4,4,5,4,4,4,4,4,4,4,4,4,4,1,1,1,4,4,4,2,2,2,2,2,2,2,2,7,7,7,7,7,7,7,7","0.000944137573242188","fast_greedy","edit-xhwikibooks.graphml"
"0.53","0.14","0.33","0.731305122912366","1,1,1,1,1,3,1,3,3,8,2,1,3,3,3,5,8,2,2,1,4,6,3,3,3,3,3,5,1,8,2,2,1,1,2,2,7,3,4,4,4,4,6,6,6,6,4,6,6,6,4,4,4,4,4,6,6,6,6,4,3,4,4,3,3,4,4,4,4,4,6,4,3,3,4,4,4,4,4,4,4,3,5,5,5,1,4,4,4,4,8,2,2,4,4,4,5,4,4,4,4,4,4,4,4,4,4,1,1,1,4,4,4,2,2,2,2,2,2,2,2,7,7,7,7,7,7,7,7","0.000880956649780273","fast_greedy","edit-xhwikibooks.graphml"
"0.52","0.15","0.33","0.731305122912366","1,1,1,1,1,3,1,3,3,8,2,1,3,3,3,5,8,2,2,1,4,6,3,3,3,3,3,5,1,8,2,2,1,1,2,2,7,3,4,4,4,4,6,6,6,6,4,6,6,6,4,4,4,4,4,6,6,6,6,4,3,4,4,3,3,4,4,4,4,4,6,4,3,3,4,4,4,4,4,4,4,3,5,5,5,1,4,4,4,4,8,2,2,4,4,4,5,4,4,4,4,4,4,4,4,4,4,1,1,1,4,4,4,2,2,2,2,2,2,2,2,7,7,7,7,7,7,7,7","0.000916004180908203","fast_greedy","edit-xhwikibooks.graphml"
"0.51","0.16","0.33","0.731305122912366","1,1,1,1,1,3,1,3,3,8,2,1,3,3,3,5,8,2,2,1,4,6,3,3,3,3,3,5,1,8,2,2,1,1,2,2,7,3,4,4,4,4,6,6,6,6,4,6,6,6,4,4,4,4,4,6,6,6,6,4,3,4,4,3,3,4,4,4,4,4,6,4,3,3,4,4,4,4,4,4,4,3,5,5,5,1,4,4,4,4,8,2,2,4,4,4,5,4,4,4,4,4,4,4,4,4,4,1,1,1,4,4,4,2,2,2,2,2,2,2,2,7,7,7,7,7,7,7,7","0.000902891159057617","fast_greedy","edit-xhwikibooks.graphml"
"0.5","0.17","0.33","0.736336711555371","1,1,1,1,1,2,1,2,2,9,1,4,2,2,2,5,9,1,7,4,3,6,2,2,2,2,2,5,1,9,1,7,4,4,7,7,8,2,3,3,3,3,6,6,6,6,3,6,6,6,3,3,3,3,3,6,6,6,6,3,2,3,3,2,2,3,3,3,3,3,6,3,2,2,3,3,3,3,3,3,3,2,5,5,5,1,3,3,3,3,9,1,7,3,3,3,5,3,3,3,3,3,3,3,3,3,3,4,4,4,3,3,3,7,7,7,7,7,7,7,7,8,8,8,8,8,8,8,8","0.000898122787475586","fast_greedy","edit-xhwikibooks.graphml"
"0.49","0.18","0.33","0.736336711555371","1,1,1,1,1,2,1,2,2,9,1,4,2,2,2,5,9,1,7,4,3,6,2,2,2,2,2,5,1,9,1,7,4,4,7,7,8,2,3,3,3,3,6,6,6,6,3,6,6,6,3,3,3,3,3,6,6,6,6,3,2,3,3,2,2,3,3,3,3,3,6,3,2,2,3,3,3,3,3,3,3,2,5,5,5,1,3,3,3,3,9,1,7,3,3,3,5,3,3,3,3,3,3,3,3,3,3,4,4,4,3,3,3,7,7,7,7,7,7,7,7,8,8,8,8,8,8,8,8","0.00126004219055176","fast_greedy","edit-xhwikibooks.graphml"
"0.48","0.19","0.33","0.736336711555371","1,1,1,1,1,2,1,2,2,9,1,4,2,2,2,5,9,1,7,4,3,6,2,2,2,2,2,5,1,9,1,7,4,4,7,7,8,2,3,3,3,3,6,6,6,6,3,6,6,6,3,3,3,3,3,6,6,6,6,3,2,3,3,2,2,3,3,3,3,3,6,3,2,2,3,3,3,3,3,3,3,2,5,5,5,1,3,3,3,3,9,1,7,3,3,3,5,3,3,3,3,3,3,3,3,3,3,4,4,4,3,3,3,7,7,7,7,7,7,7,7,8,8,8,8,8,8,8,8","0.000927925109863281","fast_greedy","edit-xhwikibooks.graphml"
"0.47","0.2","0.33","0.736336711555371","1,1,1,1,1,2,1,2,2,9,1,4,2,2,2,5,9,1,7,4,3,6,2,2,2,2,2,5,1,9,1,7,4,4,7,7,8,2,3,3,3,3,6,6,6,6,3,6,6,6,3,3,3,3,3,6,6,6,6,3,2,3,3,2,2,3,3,3,3,3,6,3,2,2,3,3,3,3,3,3,3,2,5,5,5,1,3,3,3,3,9,1,7,3,3,3,5,3,3,3,3,3,3,3,3,3,3,4,4,4,3,3,3,7,7,7,7,7,7,7,7,8,8,8,8,8,8,8,8","0.000900030136108398","fast_greedy","edit-xhwikibooks.graphml"
"0.46","0.21","0.33","0.736336711555371","1,1,1,1,1,2,1,2,2,9,1,4,2,2,2,5,9,1,7,4,3,6,2,2,2,2,2,5,1,9,1,7,4,4,7,7,8,2,3,3,3,3,6,6,6,6,3,6,6,6,3,3,3,3,3,6,6,6,6,3,2,3,3,2,2,3,3,3,3,3,6,3,2,2,3,3,3,3,3,3,3,2,5,5,5,1,3,3,3,3,9,1,7,3,3,3,5,3,3,3,3,3,3,3,3,3,3,4,4,4,3,3,3,7,7,7,7,7,7,7,7,8,8,8,8,8,8,8,8","0.000922918319702148","fast_greedy","edit-xhwikibooks.graphml"
"0.45","0.22","0.33","0.736336711555371","1,1,1,1,1,2,1,2,2,9,1,4,2,2,2,5,9,1,7,4,3,6,2,2,2,2,2,5,1,9,1,7,4,4,7,7,8,2,3,3,3,3,6,6,6,6,3,6,6,6,3,3,3,3,3,6,6,6,6,3,2,3,3,2,2,3,3,3,3,3,6,3,2,2,3,3,3,3,3,3,3,2,5,5,5,1,3,3,3,3,9,1,7,3,3,3,5,3,3,3,3,3,3,3,3,3,3,4,4,4,3,3,3,7,7,7,7,7,7,7,7,8,8,8,8,8,8,8,8","0.000910043716430664","fast_greedy","edit-xhwikibooks.graphml"
"0.44","0.23","0.33","0.736336711555371","1,1,1,1,1,2,1,2,2,9,1,4,2,2,2,5,9,1,7,4,3,6,2,2,2,2,2,5,1,9,1,7,4,4,7,7,8,2,3,3,3,3,6,6,6,6,3,6,6,6,3,3,3,3,3,6,6,6,6,3,2,3,3,2,2,3,3,3,3,3,6,3,2,2,3,3,3,3,3,3,3,2,5,5,5,1,3,3,3,3,9,1,7,3,3,3,5,3,3,3,3,3,3,3,3,3,3,4,4,4,3,3,3,7,7,7,7,7,7,7,7,8,8,8,8,8,8,8,8","0.000921010971069336","fast_greedy","edit-xhwikibooks.graphml"
"0.43","0.24","0.33","0.736336711555371","1,1,1,1,1,2,1,2,2,9,1,4,2,2,2,5,9,1,7,4,3,6,2,2,2,2,2,5,1,9,1,7,4,4,7,7,8,2,3,3,3,3,6,6,6,6,3,6,6,6,3,3,3,3,3,6,6,6,6,3,2,3,3,2,2,3,3,3,3,3,6,3,2,2,3,3,3,3,3,3,3,2,5,5,5,1,3,3,3,3,9,1,7,3,3,3,5,3,3,3,3,3,3,3,3,3,3,4,4,4,3,3,3,7,7,7,7,7,7,7,7,8,8,8,8,8,8,8,8","0.000930070877075195","fast_greedy","edit-xhwikibooks.graphml"
"0.42","0.25","0.33","0.736336711555371","1,1,1,1,1,2,1,2,2,9,1,4,2,2,2,5,9,1,7,4,3,6,2,2,2,2,2,5,1,9,1,7,4,4,7,7,8,2,3,3,3,3,6,6,6,6,3,6,6,6,3,3,3,3,3,6,6,6,6,3,2,3,3,2,2,3,3,3,3,3,6,3,2,2,3,3,3,3,3,3,3,2,5,5,5,1,3,3,3,3,9,1,7,3,3,3,5,3,3,3,3,3,3,3,3,3,3,4,4,4,3,3,3,7,7,7,7,7,7,7,7,8,8,8,8,8,8,8,8","0.00090789794921875","fast_greedy","edit-xhwikibooks.graphml"
"0.41","0.26","0.33","0.736336711555371","1,1,1,1,1,2,1,2,2,9,1,4,2,2,2,5,9,1,7,4,3,6,2,2,2,2,2,5,1,9,1,7,4,4,7,7,8,2,3,3,3,3,6,6,6,6,3,6,6,6,3,3,3,3,3,6,6,6,6,3,2,3,3,2,2,3,3,3,3,3,6,3,2,2,3,3,3,3,3,3,3,2,5,5,5,1,3,3,3,3,9,1,7,3,3,3,5,3,3,3,3,3,3,3,3,3,3,4,4,4,3,3,3,7,7,7,7,7,7,7,7,8,8,8,8,8,8,8,8","0.000889062881469727","fast_greedy","edit-xhwikibooks.graphml"
"0.4","0.27","0.33","0.736336711555371","1,1,1,1,1,2,1,2,2,9,1,4,2,2,2,5,9,1,7,4,3,6,2,2,2,2,2,5,1,9,1,7,4,4,7,7,8,2,3,3,3,3,6,6,6,6,3,6,6,6,3,3,3,3,3,6,6,6,6,3,2,3,3,2,2,3,3,3,3,3,6,3,2,2,3,3,3,3,3,3,3,2,5,5,5,1,3,3,3,3,9,1,7,3,3,3,5,3,3,3,3,3,3,3,3,3,3,4,4,4,3,3,3,7,7,7,7,7,7,7,7,8,8,8,8,8,8,8,8","0.000926017761230469","fast_greedy","edit-xhwikibooks.graphml"
"0.39","0.28","0.33","0.736336711555371","1,1,1,1,1,2,1,2,2,9,1,4,2,2,2,5,9,1,7,4,3,6,2,2,2,2,2,5,1,9,1,7,4,4,7,7,8,2,3,3,3,3,6,6,6,6,3,6,6,6,3,3,3,3,3,6,6,6,6,3,2,3,3,2,2,3,3,3,3,3,6,3,2,2,3,3,3,3,3,3,3,2,5,5,5,1,3,3,3,3,9,1,7,3,3,3,5,3,3,3,3,3,3,3,3,3,3,4,4,4,3,3,3,7,7,7,7,7,7,7,7,8,8,8,8,8,8,8,8","0.000885963439941406","fast_greedy","edit-xhwikibooks.graphml"
"0.38","0.29","0.33","0.736336711555371","1,1,1,1,1,2,1,2,2,9,1,4,2,2,2,5,9,1,7,4,3,6,2,2,2,2,2,5,1,9,1,7,4,4,7,7,8,2,3,3,3,3,6,6,6,6,3,6,6,6,3,3,3,3,3,6,6,6,6,3,2,3,3,2,2,3,3,3,3,3,6,3,2,2,3,3,3,3,3,3,3,2,5,5,5,1,3,3,3,3,9,1,7,3,3,3,5,3,3,3,3,3,3,3,3,3,3,4,4,4,3,3,3,7,7,7,7,7,7,7,7,8,8,8,8,8,8,8,8","0.000963926315307617","fast_greedy","edit-xhwikibooks.graphml"
"0.37","0.3","0.33","0.736336711555371","1,1,1,1,1,2,1,2,2,9,1,4,2,2,2,5,9,1,7,4,3,6,2,2,2,2,2,5,1,9,1,7,4,4,7,7,8,2,3,3,3,3,6,6,6,6,3,6,6,6,3,3,3,3,3,6,6,6,6,3,2,3,3,2,2,3,3,3,3,3,6,3,2,2,3,3,3,3,3,3,3,2,5,5,5,1,3,3,3,3,9,1,7,3,3,3,5,3,3,3,3,3,3,3,3,3,3,4,4,4,3,3,3,7,7,7,7,7,7,7,7,8,8,8,8,8,8,8,8","0.00101208686828613","fast_greedy","edit-xhwikibooks.graphml"
"0.36","0.31","0.33","0.736336711555371","1,1,1,1,1,2,1,2,2,9,1,4,2,2,2,5,9,1,7,4,3,6,2,2,2,2,2,5,1,9,1,7,4,4,7,7,8,2,3,3,3,3,6,6,6,6,3,6,6,6,3,3,3,3,3,6,6,6,6,3,2,3,3,2,2,3,3,3,3,3,6,3,2,2,3,3,3,3,3,3,3,2,5,5,5,1,3,3,3,3,9,1,7,3,3,3,5,3,3,3,3,3,3,3,3,3,3,4,4,4,3,3,3,7,7,7,7,7,7,7,7,8,8,8,8,8,8,8,8","0.000902175903320312","fast_greedy","edit-xhwikibooks.graphml"
"0.35","0.32","0.33","0.736336711555371","1,1,1,1,1,2,1,2,2,9,1,4,2,2,2,5,9,1,7,4,3,6,2,2,2,2,2,5,1,9,1,7,4,4,7,7,8,2,3,3,3,3,6,6,6,6,3,6,6,6,3,3,3,3,3,6,6,6,6,3,2,3,3,2,2,3,3,3,3,3,6,3,2,2,3,3,3,3,3,3,3,2,5,5,5,1,3,3,3,3,9,1,7,3,3,3,5,3,3,3,3,3,3,3,3,3,3,4,4,4,3,3,3,7,7,7,7,7,7,7,7,8,8,8,8,8,8,8,8","0.000897884368896484","fast_greedy","edit-xhwikibooks.graphml"
"0.34","0.33","0.33","0.736336711555371","1,1,1,1,1,2,1,2,2,9,1,4,2,2,2,5,9,1,7,4,3,6,2,2,2,2,2,5,1,9,1,7,4,4,7,7,8,2,3,3,3,3,6,6,6,6,3,6,6,6,3,3,3,3,3,6,6,6,6,3,2,3,3,2,2,3,3,3,3,3,6,3,2,2,3,3,3,3,3,3,3,2,5,5,5,1,3,3,3,3,9,1,7,3,3,3,5,3,3,3,3,3,3,3,3,3,3,4,4,4,3,3,3,7,7,7,7,7,7,7,7,8,8,8,8,8,8,8,8","0.000912189483642578","fast_greedy","edit-xhwikibooks.graphml"
"0.33","0.34","0.33","0.729228813144897","2,2,2,2,2,1,2,1,1,1,2,4,1,1,1,5,1,2,7,4,3,6,1,1,1,1,1,5,2,1,2,7,4,4,7,7,8,1,3,3,3,3,6,6,6,6,3,6,6,6,3,3,3,3,3,6,6,6,6,3,9,3,3,1,1,3,3,3,3,3,6,3,1,1,3,3,3,3,3,3,3,1,5,5,5,10,3,3,3,3,11,12,13,3,3,3,5,3,3,3,3,3,3,3,3,3,3,4,4,4,3,3,3,7,7,7,7,7,7,7,7,8,8,8,8,8,8,8,8","0.000905990600585938","fast_greedy","edit-xhwikibooks.graphml"
"0.32","0.35","0.33","0.729228813144897","2,2,2,2,2,1,2,1,1,1,2,4,1,1,1,5,1,2,7,4,3,6,1,1,1,1,1,5,2,1,2,7,4,4,7,7,8,1,3,3,3,3,6,6,6,6,3,6,6,6,3,3,3,3,3,6,6,6,6,3,9,3,3,1,1,3,3,3,3,3,6,3,1,1,3,3,3,3,3,3,3,1,5,5,5,10,3,3,3,3,11,12,13,3,3,3,5,3,3,3,3,3,3,3,3,3,3,4,4,4,3,3,3,7,7,7,7,7,7,7,7,8,8,8,8,8,8,8,8","0.000900030136108398","fast_greedy","edit-xhwikibooks.graphml"
"0.31","0.36","0.33","0.729228813144897","2,2,2,2,2,1,2,1,1,1,2,4,1,1,1,5,1,2,7,4,3,6,1,1,1,1,1,5,2,1,2,7,4,4,7,7,8,1,3,3,3,3,6,6,6,6,3,6,6,6,3,3,3,3,3,6,6,6,6,3,9,3,3,1,1,3,3,3,3,3,6,3,1,1,3,3,3,3,3,3,3,1,5,5,5,10,3,3,3,3,11,12,13,3,3,3,5,3,3,3,3,3,3,3,3,3,3,4,4,4,3,3,3,7,7,7,7,7,7,7,7,8,8,8,8,8,8,8,8","0.000926971435546875","fast_greedy","edit-xhwikibooks.graphml"
"0.3","0.37","0.33","0.729228813144897","2,2,2,2,2,1,2,1,1,1,2,4,1,1,1,5,1,2,7,4,3,6,1,1,1,1,1,5,2,1,2,7,4,4,7,7,8,1,3,3,3,3,6,6,6,6,3,6,6,6,3,3,3,3,3,6,6,6,6,3,9,3,3,1,1,3,3,3,3,3,6,3,1,1,3,3,3,3,3,3,3,1,5,5,5,10,3,3,3,3,11,12,13,3,3,3,5,3,3,3,3,3,3,3,3,3,3,4,4,4,3,3,3,7,7,7,7,7,7,7,7,8,8,8,8,8,8,8,8","0.000919103622436523","fast_greedy","edit-xhwikibooks.graphml"
"0.29","0.38","0.33","0.729228813144897","2,2,2,2,2,1,2,1,1,1,2,4,1,1,1,5,1,2,7,4,3,6,1,1,1,1,1,5,2,1,2,7,4,4,7,7,8,1,3,3,3,3,6,6,6,6,3,6,6,6,3,3,3,3,3,6,6,6,6,3,9,3,3,1,1,3,3,3,3,3,6,3,1,1,3,3,3,3,3,3,3,1,5,5,5,10,3,3,3,3,11,12,13,3,3,3,5,3,3,3,3,3,3,3,3,3,3,4,4,4,3,3,3,7,7,7,7,7,7,7,7,8,8,8,8,8,8,8,8","0.000911951065063477","fast_greedy","edit-xhwikibooks.graphml"
"0.28","0.39","0.33","0.729228813144897","2,2,2,2,2,1,2,1,1,1,2,4,1,1,1,5,1,2,7,4,3,6,1,1,1,1,1,5,2,1,2,7,4,4,7,7,8,1,3,3,3,3,6,6,6,6,3,6,6,6,3,3,3,3,3,6,6,6,6,3,9,3,3,1,1,3,3,3,3,3,6,3,1,1,3,3,3,3,3,3,3,1,5,5,5,10,3,3,3,3,11,12,13,3,3,3,5,3,3,3,3,3,3,3,3,3,3,4,4,4,3,3,3,7,7,7,7,7,7,7,7,8,8,8,8,8,8,8,8","0.000916004180908203","fast_greedy","edit-xhwikibooks.graphml"
"0.27","0.4","0.33","0.729228813144897","2,2,2,2,2,1,2,1,1,1,2,4,1,1,1,5,1,2,7,4,3,6,1,1,1,1,1,5,2,1,2,7,4,4,7,7,8,1,3,3,3,3,6,6,6,6,3,6,6,6,3,3,3,3,3,6,6,6,6,3,9,3,3,1,1,3,3,3,3,3,6,3,1,1,3,3,3,3,3,3,3,1,5,5,5,10,3,3,3,3,11,12,13,3,3,3,5,3,3,3,3,3,3,3,3,3,3,4,4,4,3,3,3,7,7,7,7,7,7,7,7,8,8,8,8,8,8,8,8","0.000921964645385742","fast_greedy","edit-xhwikibooks.graphml"
"0.26","0.41","0.33","0.729228813144897","2,2,2,2,2,1,2,1,1,1,2,4,1,1,1,5,1,2,7,4,3,6,1,1,1,1,1,5,2,1,2,7,4,4,7,7,8,1,3,3,3,3,6,6,6,6,3,6,6,6,3,3,3,3,3,6,6,6,6,3,9,3,3,1,1,3,3,3,3,3,6,3,1,1,3,3,3,3,3,3,3,1,5,5,5,10,3,3,3,3,11,12,13,3,3,3,5,3,3,3,3,3,3,3,3,3,3,4,4,4,3,3,3,7,7,7,7,7,7,7,7,8,8,8,8,8,8,8,8","0.00116515159606934","fast_greedy","edit-xhwikibooks.graphml"
"0.25","0.42","0.33","0.729228813144897","2,2,2,2,2,1,2,1,1,1,2,4,1,1,1,5,1,2,7,4,3,6,1,1,1,1,1,5,2,1,2,7,4,4,7,7,8,1,3,3,3,3,6,6,6,6,3,6,6,6,3,3,3,3,3,6,6,6,6,3,9,3,3,1,1,3,3,3,3,3,6,3,1,1,3,3,3,3,3,3,3,1,5,5,5,10,3,3,3,3,11,12,13,3,3,3,5,3,3,3,3,3,3,3,3,3,3,4,4,4,3,3,3,7,7,7,7,7,7,7,7,8,8,8,8,8,8,8,8","0.00112485885620117","fast_greedy","edit-xhwikibooks.graphml"
"0.24","0.43","0.33","0.729228813144897","2,2,2,2,2,1,2,1,1,1,2,4,1,1,1,5,1,2,7,4,3,6,1,1,1,1,1,5,2,1,2,7,4,4,7,7,8,1,3,3,3,3,6,6,6,6,3,6,6,6,3,3,3,3,3,6,6,6,6,3,9,3,3,1,1,3,3,3,3,3,6,3,1,1,3,3,3,3,3,3,3,1,5,5,5,10,3,3,3,3,11,12,13,3,3,3,5,3,3,3,3,3,3,3,3,3,3,4,4,4,3,3,3,7,7,7,7,7,7,7,7,8,8,8,8,8,8,8,8","0.000893115997314453","fast_greedy","edit-xhwikibooks.graphml"
"0.23","0.44","0.33","0.729228813144897","2,2,2,2,2,1,2,1,1,1,2,4,1,1,1,5,1,2,7,4,3,6,1,1,1,1,1,5,2,1,2,7,4,4,7,7,8,1,3,3,3,3,6,6,6,6,3,6,6,6,3,3,3,3,3,6,6,6,6,3,9,3,3,1,1,3,3,3,3,3,6,3,1,1,3,3,3,3,3,3,3,1,5,5,5,10,3,3,3,3,11,12,13,3,3,3,5,3,3,3,3,3,3,3,3,3,3,4,4,4,3,3,3,7,7,7,7,7,7,7,7,8,8,8,8,8,8,8,8","0.000905990600585938","fast_greedy","edit-xhwikibooks.graphml"
"0.22","0.45","0.33","0.729228813144897","2,2,2,2,2,1,2,1,1,1,2,4,1,1,1,5,1,2,7,4,3,6,1,1,1,1,1,5,2,1,2,7,4,4,7,7,8,1,3,3,3,3,6,6,6,6,3,6,6,6,3,3,3,3,3,6,6,6,6,3,9,3,3,1,1,3,3,3,3,3,6,3,1,1,3,3,3,3,3,3,3,1,5,5,5,10,3,3,3,3,11,12,13,3,3,3,5,3,3,3,3,3,3,3,3,3,3,4,4,4,3,3,3,7,7,7,7,7,7,7,7,8,8,8,8,8,8,8,8","0.000921010971069336","fast_greedy","edit-xhwikibooks.graphml"
"0.21","0.46","0.33","0.729228813144897","2,2,2,2,2,1,2,1,1,1,2,4,1,1,1,5,1,2,7,4,3,6,1,1,1,1,1,5,2,1,2,7,4,4,7,7,8,1,3,3,3,3,6,6,6,6,3,6,6,6,3,3,3,3,3,6,6,6,6,3,9,3,3,1,1,3,3,3,3,3,6,3,1,1,3,3,3,3,3,3,3,1,5,5,5,10,3,3,3,3,11,12,13,3,3,3,5,3,3,3,3,3,3,3,3,3,3,4,4,4,3,3,3,7,7,7,7,7,7,7,7,8,8,8,8,8,8,8,8","0.000927925109863281","fast_greedy","edit-xhwikibooks.graphml"
"0.2","0.47","0.33","0.729228813144897","2,2,2,2,2,1,2,1,1,1,2,4,1,1,1,5,1,2,7,4,3,6,1,1,1,1,1,5,2,1,2,7,4,4,7,7,8,1,3,3,3,3,6,6,6,6,3,6,6,6,3,3,3,3,3,6,6,6,6,3,9,3,3,1,1,3,3,3,3,3,6,3,1,1,3,3,3,3,3,3,3,1,5,5,5,10,3,3,3,3,11,12,13,3,3,3,5,3,3,3,3,3,3,3,3,3,3,4,4,4,3,3,3,7,7,7,7,7,7,7,7,8,8,8,8,8,8,8,8","0.000935792922973633","fast_greedy","edit-xhwikibooks.graphml"
"0.19","0.48","0.33","0.729228813144897","2,2,2,2,2,1,2,1,1,1,2,4,1,1,1,5,1,2,7,4,3,6,1,1,1,1,1,5,2,1,2,7,4,4,7,7,8,1,3,3,3,3,6,6,6,6,3,6,6,6,3,3,3,3,3,6,6,6,6,3,9,3,3,1,1,3,3,3,3,3,6,3,1,1,3,3,3,3,3,3,3,1,5,5,5,10,3,3,3,3,11,12,13,3,3,3,5,3,3,3,3,3,3,3,3,3,3,4,4,4,3,3,3,7,7,7,7,7,7,7,7,8,8,8,8,8,8,8,8","0.000936985015869141","fast_greedy","edit-xhwikibooks.graphml"
"0.18","0.49","0.33","0.729228813144897","2,2,2,2,2,1,2,1,1,1,2,4,1,1,1,5,1,2,7,4,3,6,1,1,1,1,1,5,2,1,2,7,4,4,7,7,8,1,3,3,3,3,6,6,6,6,3,6,6,6,3,3,3,3,3,6,6,6,6,3,9,3,3,1,1,3,3,3,3,3,6,3,1,1,3,3,3,3,3,3,3,1,5,5,5,10,3,3,3,3,11,12,13,3,3,3,5,3,3,3,3,3,3,3,3,3,3,4,4,4,3,3,3,7,7,7,7,7,7,7,7,8,8,8,8,8,8,8,8","0.000947952270507812","fast_greedy","edit-xhwikibooks.graphml"
"0.17","0.5","0.33","0.738718054875983","2,2,2,2,2,1,2,1,1,1,2,4,1,1,1,5,1,2,7,4,3,6,1,1,1,1,1,5,2,1,2,7,4,4,7,7,8,1,3,3,3,3,6,6,6,6,3,6,6,6,3,3,3,3,3,6,6,6,6,3,9,3,3,1,1,3,3,3,3,3,6,3,1,1,3,3,3,3,3,3,3,1,5,5,5,10,3,3,3,3,11,12,13,3,3,3,5,3,3,3,3,3,3,3,3,3,3,4,4,4,3,3,3,7,7,7,7,7,7,7,7,8,8,8,8,8,8,8,8","0.000927925109863281","fast_greedy","edit-xhwikibooks.graphml"
"0.16","0.51","0.33","0.738718054875983","2,2,2,2,2,1,2,1,1,1,2,4,1,1,1,5,1,2,7,4,3,6,1,1,1,1,1,5,2,1,2,7,4,4,7,7,8,1,3,3,3,3,6,6,6,6,3,6,6,6,3,3,3,3,3,6,6,6,6,3,9,3,3,1,1,3,3,3,3,3,6,3,1,1,3,3,3,3,3,3,3,1,5,5,5,10,3,3,3,3,11,12,13,3,3,3,5,3,3,3,3,3,3,3,3,3,3,4,4,4,3,3,3,7,7,7,7,7,7,7,7,8,8,8,8,8,8,8,8","0.000944137573242188","fast_greedy","edit-xhwikibooks.graphml"
"0.15","0.52","0.33","0.738718054875983","2,2,2,2,2,1,2,1,1,1,2,4,1,1,1,5,1,2,7,4,3,6,1,1,1,1,1,5,2,1,2,7,4,4,7,7,8,1,3,3,3,3,6,6,6,6,3,6,6,6,3,3,3,3,3,6,6,6,6,3,9,3,3,1,1,3,3,3,3,3,6,3,1,1,3,3,3,3,3,3,3,1,5,5,5,10,3,3,3,3,11,12,13,3,3,3,5,3,3,3,3,3,3,3,3,3,3,4,4,4,3,3,3,7,7,7,7,7,7,7,7,8,8,8,8,8,8,8,8","0.000945091247558594","fast_greedy","edit-xhwikibooks.graphml"
"0.14","0.53","0.33","0.738718054875983","2,2,2,2,2,1,2,1,1,1,2,4,1,1,1,5,1,2,7,4,3,6,1,1,1,1,1,5,2,1,2,7,4,4,7,7,8,1,3,3,3,3,6,6,6,6,3,6,6,6,3,3,3,3,3,6,6,6,6,3,9,3,3,1,1,3,3,3,3,3,6,3,1,1,3,3,3,3,3,3,3,1,5,5,5,10,3,3,3,3,11,12,13,3,3,3,5,3,3,3,3,3,3,3,3,3,3,4,4,4,3,3,3,7,7,7,7,7,7,7,7,8,8,8,8,8,8,8,8","0.00113892555236816","fast_greedy","edit-xhwikibooks.graphml"
"0.13","0.54","0.33","0.738718054875983","2,2,2,2,2,1,2,1,1,1,2,4,1,1,1,5,1,2,7,4,3,6,1,1,1,1,1,5,2,1,2,7,4,4,7,7,8,1,3,3,3,3,6,6,6,6,3,6,6,6,3,3,3,3,3,6,6,6,6,3,9,3,3,1,1,3,3,3,3,3,6,3,1,1,3,3,3,3,3,3,3,1,5,5,5,10,3,3,3,3,11,12,13,3,3,3,5,3,3,3,3,3,3,3,3,3,3,4,4,4,3,3,3,7,7,7,7,7,7,7,7,8,8,8,8,8,8,8,8","0.00092315673828125","fast_greedy","edit-xhwikibooks.graphml"
"0.12","0.55","0.33","0.738718054875983","2,2,2,2,2,1,2,1,1,1,2,4,1,1,1,5,1,2,7,4,3,6,1,1,1,1,1,5,2,1,2,7,4,4,7,7,8,1,3,3,3,3,6,6,6,6,3,6,6,6,3,3,3,3,3,6,6,6,6,3,9,3,3,1,1,3,3,3,3,3,6,3,1,1,3,3,3,3,3,3,3,1,5,5,5,10,3,3,3,3,11,12,13,3,3,3,5,3,3,3,3,3,3,3,3,3,3,4,4,4,3,3,3,7,7,7,7,7,7,7,7,8,8,8,8,8,8,8,8","0.000936985015869141","fast_greedy","edit-xhwikibooks.graphml"
"0.11","0.56","0.33","0.738718054875983","2,2,2,2,2,1,2,1,1,1,2,4,1,1,1,5,1,2,7,4,3,6,1,1,1,1,1,5,2,1,2,7,4,4,7,7,8,1,3,3,3,3,6,6,6,6,3,6,6,6,3,3,3,3,3,6,6,6,6,3,9,3,3,1,1,3,3,3,3,3,6,3,1,1,3,3,3,3,3,3,3,1,5,5,5,10,3,3,3,3,11,12,13,3,3,3,5,3,3,3,3,3,3,3,3,3,3,4,4,4,3,3,3,7,7,7,7,7,7,7,7,8,8,8,8,8,8,8,8","0.000902891159057617","fast_greedy","edit-xhwikibooks.graphml"
"0.1","0.57","0.33","0.738718054875983","2,2,2,2,2,1,2,1,1,1,2,4,1,1,1,5,1,2,7,4,3,6,1,1,1,1,1,5,2,1,2,7,4,4,7,7,8,1,3,3,3,3,6,6,6,6,3,6,6,6,3,3,3,3,3,6,6,6,6,3,9,3,3,1,1,3,3,3,3,3,6,3,1,1,3,3,3,3,3,3,3,1,5,5,5,10,3,3,3,3,11,12,13,3,3,3,5,3,3,3,3,3,3,3,3,3,3,4,4,4,3,3,3,7,7,7,7,7,7,7,7,8,8,8,8,8,8,8,8","0.000936031341552734","fast_greedy","edit-xhwikibooks.graphml"
"0.09","0.58","0.33","0.738718054875983","2,2,2,2,2,1,2,1,1,1,2,4,1,1,1,5,1,2,7,4,3,6,1,1,1,1,1,5,2,1,2,7,4,4,7,7,8,1,3,3,3,3,6,6,6,6,3,6,6,6,3,3,3,3,3,6,6,6,6,3,9,3,3,1,1,3,3,3,3,3,6,3,1,1,3,3,3,3,3,3,3,1,5,5,5,10,3,3,3,3,11,12,13,3,3,3,5,3,3,3,3,3,3,3,3,3,3,4,4,4,3,3,3,7,7,7,7,7,7,7,7,8,8,8,8,8,8,8,8","0.000936985015869141","fast_greedy","edit-xhwikibooks.graphml"
"0.08","0.59","0.33","0.738718054875983","2,2,2,2,2,1,2,1,1,1,2,4,1,1,1,5,1,2,7,4,3,6,1,1,1,1,1,5,2,1,2,7,4,4,7,7,8,1,3,3,3,3,6,6,6,6,3,6,6,6,3,3,3,3,3,6,6,6,6,3,9,3,3,1,1,3,3,3,3,3,6,3,1,1,3,3,3,3,3,3,3,1,5,5,5,10,3,3,3,3,11,12,13,3,3,3,5,3,3,3,3,3,3,3,3,3,3,4,4,4,3,3,3,7,7,7,7,7,7,7,7,8,8,8,8,8,8,8,8","0.000895023345947266","fast_greedy","edit-xhwikibooks.graphml"
"0.07","0.6","0.33","0.738718054875983","2,2,2,2,2,1,2,1,1,1,2,4,1,1,1,5,1,2,7,4,3,6,1,1,1,1,1,5,2,1,2,7,4,4,7,7,8,1,3,3,3,3,6,6,6,6,3,6,6,6,3,3,3,3,3,6,6,6,6,3,9,3,3,1,1,3,3,3,3,3,6,3,1,1,3,3,3,3,3,3,3,1,5,5,5,10,3,3,3,3,11,12,13,3,3,3,5,3,3,3,3,3,3,3,3,3,3,4,4,4,3,3,3,7,7,7,7,7,7,7,7,8,8,8,8,8,8,8,8","0.000905990600585938","fast_greedy","edit-xhwikibooks.graphml"
"0.06","0.61","0.33","0.738718054875983","2,2,2,2,2,1,2,1,1,1,2,4,1,1,1,5,1,2,7,4,3,6,1,1,1,1,1,5,2,1,2,7,4,4,7,7,8,1,3,3,3,3,6,6,6,6,3,6,6,6,3,3,3,3,3,6,6,6,6,3,9,3,3,1,1,3,3,3,3,3,6,3,1,1,3,3,3,3,3,3,3,1,5,5,5,10,3,3,3,3,11,12,13,3,3,3,5,3,3,3,3,3,3,3,3,3,3,4,4,4,3,3,3,7,7,7,7,7,7,7,7,8,8,8,8,8,8,8,8","0.000958919525146484","fast_greedy","edit-xhwikibooks.graphml"
"0.05","0.62","0.33","0.738718054875983","2,2,2,2,2,1,2,1,1,1,2,4,1,1,1,5,1,2,7,4,3,6,1,1,1,1,1,5,2,1,2,7,4,4,7,7,8,1,3,3,3,3,6,6,6,6,3,6,6,6,3,3,3,3,3,6,6,6,6,3,9,3,3,1,1,3,3,3,3,3,6,3,1,1,3,3,3,3,3,3,3,1,5,5,5,10,3,3,3,3,11,12,13,3,3,3,5,3,3,3,3,3,3,3,3,3,3,4,4,4,3,3,3,7,7,7,7,7,7,7,7,8,8,8,8,8,8,8,8","0.000937938690185547","fast_greedy","edit-xhwikibooks.graphml"
"0.04","0.63","0.33","0.738718054875983","2,2,2,2,2,1,2,1,1,1,2,4,1,1,1,5,1,2,7,4,3,6,1,1,1,1,1,5,2,1,2,7,4,4,7,7,8,1,3,3,3,3,6,6,6,6,3,6,6,6,3,3,3,3,3,6,6,6,6,3,9,3,3,1,1,3,3,3,3,3,6,3,1,1,3,3,3,3,3,3,3,1,5,5,5,10,3,3,3,3,11,12,13,3,3,3,5,3,3,3,3,3,3,3,3,3,3,4,4,4,3,3,3,7,7,7,7,7,7,7,7,8,8,8,8,8,8,8,8","0.000962018966674805","fast_greedy","edit-xhwikibooks.graphml"
"0.03","0.64","0.33","0.738718054875983","2,2,2,2,2,1,2,1,1,1,2,4,1,1,1,5,1,2,7,4,3,6,1,1,1,1,1,5,2,1,2,7,4,4,7,7,8,1,3,3,3,3,6,6,6,6,3,6,6,6,3,3,3,3,3,6,6,6,6,3,9,3,3,1,1,3,3,3,3,3,6,3,1,1,3,3,3,3,3,3,3,1,5,5,5,10,3,3,3,3,11,12,13,3,3,3,5,3,3,3,3,3,3,3,3,3,3,4,4,4,3,3,3,7,7,7,7,7,7,7,7,8,8,8,8,8,8,8,8","0.00106000900268555","fast_greedy","edit-xhwikibooks.graphml"
"0.02","0.65","0.33","0.738718054875983","2,2,2,2,2,1,2,1,1,1,2,4,1,1,1,5,1,2,7,4,3,6,1,1,1,1,1,5,2,1,2,7,4,4,7,7,8,1,3,3,3,3,6,6,6,6,3,6,6,6,3,3,3,3,3,6,6,6,6,3,9,3,3,1,1,3,3,3,3,3,6,3,1,1,3,3,3,3,3,3,3,1,5,5,5,10,3,3,3,3,11,12,13,3,3,3,5,3,3,3,3,3,3,3,3,3,3,4,4,4,3,3,3,7,7,7,7,7,7,7,7,8,8,8,8,8,8,8,8","0.000926017761230469","fast_greedy","edit-xhwikibooks.graphml"
"0.01","0.66","0.33","0.738718054875983","2,2,2,2,2,1,2,1,1,1,2,4,1,1,1,5,1,2,7,4,3,6,1,1,1,1,1,5,2,1,2,7,4,4,7,7,8,1,3,3,3,3,6,6,6,6,3,6,6,6,3,3,3,3,3,6,6,6,6,3,9,3,3,1,1,3,3,3,3,3,6,3,1,1,3,3,3,3,3,3,3,1,5,5,5,10,3,3,3,3,11,12,13,3,3,3,5,3,3,3,3,3,3,3,3,3,3,4,4,4,3,3,3,7,7,7,7,7,7,7,7,8,8,8,8,8,8,8,8","0.000915050506591797","fast_greedy","edit-xhwikibooks.graphml"
"0","0.67","0.33","0.71595703125","1,1,1,1,1,1,3,1,6,1,3,3,6,6,6,1,8,3,5,3,2,4,6,6,6,6,6,1,1,9,10,5,3,3,5,5,7,6,2,2,2,2,4,4,4,4,2,4,4,4,2,2,2,2,2,4,4,4,4,2,11,2,2,12,13,2,2,2,2,2,4,2,6,6,2,2,2,2,2,2,2,14,1,1,1,15,2,2,2,2,16,17,18,2,2,2,19,2,2,2,2,2,2,2,2,2,2,20,21,2,2,2,2,5,5,5,5,5,5,5,5,7,7,7,7,7,7,7,7","0.000902175903320312","fast_greedy","edit-xhwikibooks.graphml"
"0.66","0","0.34","0.724977777777778","1,1,1,1,1,4,1,4,4,9,1,3,4,4,4,5,9,1,7,3,2,6,4,4,4,4,4,5,1,9,1,7,3,3,7,7,8,4,2,2,2,2,6,6,6,6,2,6,6,6,2,2,2,2,2,6,6,6,6,2,4,2,2,4,4,2,2,2,2,2,6,2,4,4,2,2,2,2,2,2,2,4,5,5,5,1,2,2,2,2,9,1,7,2,2,2,5,2,2,2,2,2,2,2,2,2,2,3,3,3,2,2,2,7,7,7,7,7,7,7,7,8,8,8,8,8,8,8,8","0.000912904739379883","fast_greedy","edit-xhwikibooks.graphml"
"0.65","0.01","0.34","0.724977777777778","1,1,1,1,1,4,1,4,4,9,1,3,4,4,4,5,9,1,7,3,2,6,4,4,4,4,4,5,1,9,1,7,3,3,7,7,8,4,2,2,2,2,6,6,6,6,2,6,6,6,2,2,2,2,2,6,6,6,6,2,4,2,2,4,4,2,2,2,2,2,6,2,4,4,2,2,2,2,2,2,2,4,5,5,5,1,2,2,2,2,9,1,7,2,2,2,5,2,2,2,2,2,2,2,2,2,2,3,3,3,2,2,2,7,7,7,7,7,7,7,7,8,8,8,8,8,8,8,8","0.000891923904418945","fast_greedy","edit-xhwikibooks.graphml"
"0.64","0.02","0.34","0.724977777777778","1,1,1,1,1,4,1,4,4,9,1,3,4,4,4,5,9,1,7,3,2,6,4,4,4,4,4,5,1,9,1,7,3,3,7,7,8,4,2,2,2,2,6,6,6,6,2,6,6,6,2,2,2,2,2,6,6,6,6,2,4,2,2,4,4,2,2,2,2,2,6,2,4,4,2,2,2,2,2,2,2,4,5,5,5,1,2,2,2,2,9,1,7,2,2,2,5,2,2,2,2,2,2,2,2,2,2,3,3,3,2,2,2,7,7,7,7,7,7,7,7,8,8,8,8,8,8,8,8","0.000925064086914062","fast_greedy","edit-xhwikibooks.graphml"
"0.63","0.03","0.34","0.724977777777778","1,1,1,1,1,4,1,4,4,9,1,3,4,4,4,5,9,1,7,3,2,6,4,4,4,4,4,5,1,9,1,7,3,3,7,7,8,4,2,2,2,2,6,6,6,6,2,6,6,6,2,2,2,2,2,6,6,6,6,2,4,2,2,4,4,2,2,2,2,2,6,2,4,4,2,2,2,2,2,2,2,4,5,5,5,1,2,2,2,2,9,1,7,2,2,2,5,2,2,2,2,2,2,2,2,2,2,3,3,3,2,2,2,7,7,7,7,7,7,7,7,8,8,8,8,8,8,8,8","0.000921010971069336","fast_greedy","edit-xhwikibooks.graphml"
"0.62","0.04","0.34","0.724977777777778","1,1,1,1,1,4,1,4,4,9,1,3,4,4,4,5,9,1,7,3,2,6,4,4,4,4,4,5,1,9,1,7,3,3,7,7,8,4,2,2,2,2,6,6,6,6,2,6,6,6,2,2,2,2,2,6,6,6,6,2,4,2,2,4,4,2,2,2,2,2,6,2,4,4,2,2,2,2,2,2,2,4,5,5,5,1,2,2,2,2,9,1,7,2,2,2,5,2,2,2,2,2,2,2,2,2,2,3,3,3,2,2,2,7,7,7,7,7,7,7,7,8,8,8,8,8,8,8,8","0.000893115997314453","fast_greedy","edit-xhwikibooks.graphml"
"0.61","0.05","0.34","0.724977777777778","1,1,1,1,1,4,1,4,4,9,1,3,4,4,4,5,9,1,7,3,2,6,4,4,4,4,4,5,1,9,1,7,3,3,7,7,8,4,2,2,2,2,6,6,6,6,2,6,6,6,2,2,2,2,2,6,6,6,6,2,4,2,2,4,4,2,2,2,2,2,6,2,4,4,2,2,2,2,2,2,2,4,5,5,5,1,2,2,2,2,9,1,7,2,2,2,5,2,2,2,2,2,2,2,2,2,2,3,3,3,2,2,2,7,7,7,7,7,7,7,7,8,8,8,8,8,8,8,8","0.000895023345947266","fast_greedy","edit-xhwikibooks.graphml"
"0.6","0.06","0.34","0.724977777777778","1,1,1,1,1,4,1,4,4,9,1,3,4,4,4,5,9,1,7,3,2,6,4,4,4,4,4,5,1,9,1,7,3,3,7,7,8,4,2,2,2,2,6,6,6,6,2,6,6,6,2,2,2,2,2,6,6,6,6,2,4,2,2,4,4,2,2,2,2,2,6,2,4,4,2,2,2,2,2,2,2,4,5,5,5,1,2,2,2,2,9,1,7,2,2,2,5,2,2,2,2,2,2,2,2,2,2,3,3,3,2,2,2,7,7,7,7,7,7,7,7,8,8,8,8,8,8,8,8","0.000926017761230469","fast_greedy","edit-xhwikibooks.graphml"
"0.59","0.07","0.34","0.724977777777778","1,1,1,1,1,4,1,4,4,9,1,3,4,4,4,5,9,1,7,3,2,6,4,4,4,4,4,5,1,9,1,7,3,3,7,7,8,4,2,2,2,2,6,6,6,6,2,6,6,6,2,2,2,2,2,6,6,6,6,2,4,2,2,4,4,2,2,2,2,2,6,2,4,4,2,2,2,2,2,2,2,4,5,5,5,1,2,2,2,2,9,1,7,2,2,2,5,2,2,2,2,2,2,2,2,2,2,3,3,3,2,2,2,7,7,7,7,7,7,7,7,8,8,8,8,8,8,8,8","0.00105190277099609","fast_greedy","edit-xhwikibooks.graphml"
"0.58","0.08","0.34","0.724977777777778","1,1,1,1,1,4,1,4,4,9,1,3,4,4,4,5,9,1,7,3,2,6,4,4,4,4,4,5,1,9,1,7,3,3,7,7,8,4,2,2,2,2,6,6,6,6,2,6,6,6,2,2,2,2,2,6,6,6,6,2,4,2,2,4,4,2,2,2,2,2,6,2,4,4,2,2,2,2,2,2,2,4,5,5,5,1,2,2,2,2,9,1,7,2,2,2,5,2,2,2,2,2,2,2,2,2,2,3,3,3,2,2,2,7,7,7,7,7,7,7,7,8,8,8,8,8,8,8,8","0.00112485885620117","fast_greedy","edit-xhwikibooks.graphml"
"0.57","0.09","0.34","0.724977777777778","1,1,1,1,1,4,1,4,4,9,1,3,4,4,4,5,9,1,7,3,2,6,4,4,4,4,4,5,1,9,1,7,3,3,7,7,8,4,2,2,2,2,6,6,6,6,2,6,6,6,2,2,2,2,2,6,6,6,6,2,4,2,2,4,4,2,2,2,2,2,6,2,4,4,2,2,2,2,2,2,2,4,5,5,5,1,2,2,2,2,9,1,7,2,2,2,5,2,2,2,2,2,2,2,2,2,2,3,3,3,2,2,2,7,7,7,7,7,7,7,7,8,8,8,8,8,8,8,8","0.000898122787475586","fast_greedy","edit-xhwikibooks.graphml"
"0.56","0.1","0.34","0.724977777777778","1,1,1,1,1,4,1,4,4,9,1,3,4,4,4,5,9,1,7,3,2,6,4,4,4,4,4,5,1,9,1,7,3,3,7,7,8,4,2,2,2,2,6,6,6,6,2,6,6,6,2,2,2,2,2,6,6,6,6,2,4,2,2,4,4,2,2,2,2,2,6,2,4,4,2,2,2,2,2,2,2,4,5,5,5,1,2,2,2,2,9,1,7,2,2,2,5,2,2,2,2,2,2,2,2,2,2,3,3,3,2,2,2,7,7,7,7,7,7,7,7,8,8,8,8,8,8,8,8","0.000918865203857422","fast_greedy","edit-xhwikibooks.graphml"
"0.55","0.11","0.34","0.724977777777778","1,1,1,1,1,4,1,4,4,9,1,3,4,4,4,5,9,1,7,3,2,6,4,4,4,4,4,5,1,9,1,7,3,3,7,7,8,4,2,2,2,2,6,6,6,6,2,6,6,6,2,2,2,2,2,6,6,6,6,2,4,2,2,4,4,2,2,2,2,2,6,2,4,4,2,2,2,2,2,2,2,4,5,5,5,1,2,2,2,2,9,1,7,2,2,2,5,2,2,2,2,2,2,2,2,2,2,3,3,3,2,2,2,7,7,7,7,7,7,7,7,8,8,8,8,8,8,8,8","0.000927925109863281","fast_greedy","edit-xhwikibooks.graphml"
"0.54","0.12","0.34","0.724977777777778","1,1,1,1,1,4,1,4,4,9,1,3,4,4,4,5,9,1,7,3,2,6,4,4,4,4,4,5,1,9,1,7,3,3,7,7,8,4,2,2,2,2,6,6,6,6,2,6,6,6,2,2,2,2,2,6,6,6,6,2,4,2,2,4,4,2,2,2,2,2,6,2,4,4,2,2,2,2,2,2,2,4,5,5,5,1,2,2,2,2,9,1,7,2,2,2,5,2,2,2,2,2,2,2,2,2,2,3,3,3,2,2,2,7,7,7,7,7,7,7,7,8,8,8,8,8,8,8,8","0.000937938690185547","fast_greedy","edit-xhwikibooks.graphml"
"0.53","0.13","0.34","0.724977777777778","1,1,1,1,1,4,1,4,4,9,1,3,4,4,4,5,9,1,7,3,2,6,4,4,4,4,4,5,1,9,1,7,3,3,7,7,8,4,2,2,2,2,6,6,6,6,2,6,6,6,2,2,2,2,2,6,6,6,6,2,4,2,2,4,4,2,2,2,2,2,6,2,4,4,2,2,2,2,2,2,2,4,5,5,5,1,2,2,2,2,9,1,7,2,2,2,5,2,2,2,2,2,2,2,2,2,2,3,3,3,2,2,2,7,7,7,7,7,7,7,7,8,8,8,8,8,8,8,8","0.000946044921875","fast_greedy","edit-xhwikibooks.graphml"
"0.52","0.14","0.34","0.724977777777778","1,1,1,1,1,4,1,4,4,9,1,3,4,4,4,5,9,1,7,3,2,6,4,4,4,4,4,5,1,9,1,7,3,3,7,7,8,4,2,2,2,2,6,6,6,6,2,6,6,6,2,2,2,2,2,6,6,6,6,2,4,2,2,4,4,2,2,2,2,2,6,2,4,4,2,2,2,2,2,2,2,4,5,5,5,1,2,2,2,2,9,1,7,2,2,2,5,2,2,2,2,2,2,2,2,2,2,3,3,3,2,2,2,7,7,7,7,7,7,7,7,8,8,8,8,8,8,8,8","0.00092005729675293","fast_greedy","edit-xhwikibooks.graphml"
"0.51","0.15","0.34","0.724977777777778","1,1,1,1,1,4,1,4,4,9,1,3,4,4,4,5,9,1,7,3,2,6,4,4,4,4,4,5,1,9,1,7,3,3,7,7,8,4,2,2,2,2,6,6,6,6,2,6,6,6,2,2,2,2,2,6,6,6,6,2,4,2,2,4,4,2,2,2,2,2,6,2,4,4,2,2,2,2,2,2,2,4,5,5,5,1,2,2,2,2,9,1,7,2,2,2,5,2,2,2,2,2,2,2,2,2,2,3,3,3,2,2,2,7,7,7,7,7,7,7,7,8,8,8,8,8,8,8,8","0.00091099739074707","fast_greedy","edit-xhwikibooks.graphml"
"0.5","0.16","0.34","0.724977777777778","1,1,1,1,1,4,1,4,4,9,1,3,4,4,4,5,9,1,7,3,2,6,4,4,4,4,4,5,1,9,1,7,3,3,7,7,8,4,2,2,2,2,6,6,6,6,2,6,6,6,2,2,2,2,2,6,6,6,6,2,4,2,2,4,4,2,2,2,2,2,6,2,4,4,2,2,2,2,2,2,2,4,5,5,5,1,2,2,2,2,9,1,7,2,2,2,5,2,2,2,2,2,2,2,2,2,2,3,3,3,2,2,2,7,7,7,7,7,7,7,7,8,8,8,8,8,8,8,8","0.000926017761230469","fast_greedy","edit-xhwikibooks.graphml"
"0.49","0.17","0.34","0.726020788561905","1,1,1,1,1,4,1,4,4,9,1,3,4,4,4,5,9,1,7,3,2,6,4,4,4,4,4,5,1,9,1,7,3,3,7,7,8,4,2,2,2,2,6,6,6,6,2,6,6,6,2,2,2,2,2,6,6,6,6,2,4,2,2,4,4,2,2,2,2,2,6,2,4,4,2,2,2,2,2,2,2,4,5,5,5,1,2,2,2,2,9,1,7,2,2,2,5,2,2,2,2,2,2,2,2,2,2,3,3,3,2,2,2,7,7,7,7,7,7,7,7,8,8,8,8,8,8,8,8","0.000914096832275391","fast_greedy","edit-xhwikibooks.graphml"
"0.48","0.18","0.34","0.726020788561905","1,1,1,1,1,4,1,4,4,9,1,3,4,4,4,5,9,1,7,3,2,6,4,4,4,4,4,5,1,9,1,7,3,3,7,7,8,4,2,2,2,2,6,6,6,6,2,6,6,6,2,2,2,2,2,6,6,6,6,2,4,2,2,4,4,2,2,2,2,2,6,2,4,4,2,2,2,2,2,2,2,4,5,5,5,1,2,2,2,2,9,1,7,2,2,2,5,2,2,2,2,2,2,2,2,2,2,3,3,3,2,2,2,7,7,7,7,7,7,7,7,8,8,8,8,8,8,8,8","0.00102090835571289","fast_greedy","edit-xhwikibooks.graphml"
"0.47","0.19","0.34","0.726020788561905","1,1,1,1,1,4,1,4,4,9,1,3,4,4,4,5,9,1,7,3,2,6,4,4,4,4,4,5,1,9,1,7,3,3,7,7,8,4,2,2,2,2,6,6,6,6,2,6,6,6,2,2,2,2,2,6,6,6,6,2,4,2,2,4,4,2,2,2,2,2,6,2,4,4,2,2,2,2,2,2,2,4,5,5,5,1,2,2,2,2,9,1,7,2,2,2,5,2,2,2,2,2,2,2,2,2,2,3,3,3,2,2,2,7,7,7,7,7,7,7,7,8,8,8,8,8,8,8,8","0.00090789794921875","fast_greedy","edit-xhwikibooks.graphml"
"0.46","0.2","0.34","0.726020788561905","1,1,1,1,1,4,1,4,4,9,1,3,4,4,4,5,9,1,7,3,2,6,4,4,4,4,4,5,1,9,1,7,3,3,7,7,8,4,2,2,2,2,6,6,6,6,2,6,6,6,2,2,2,2,2,6,6,6,6,2,4,2,2,4,4,2,2,2,2,2,6,2,4,4,2,2,2,2,2,2,2,4,5,5,5,1,2,2,2,2,9,1,7,2,2,2,5,2,2,2,2,2,2,2,2,2,2,3,3,3,2,2,2,7,7,7,7,7,7,7,7,8,8,8,8,8,8,8,8","0.000988006591796875","fast_greedy","edit-xhwikibooks.graphml"
"0.45","0.21","0.34","0.726020788561905","1,1,1,1,1,4,1,4,4,9,1,3,4,4,4,5,9,1,7,3,2,6,4,4,4,4,4,5,1,9,1,7,3,3,7,7,8,4,2,2,2,2,6,6,6,6,2,6,6,6,2,2,2,2,2,6,6,6,6,2,4,2,2,4,4,2,2,2,2,2,6,2,4,4,2,2,2,2,2,2,2,4,5,5,5,1,2,2,2,2,9,1,7,2,2,2,5,2,2,2,2,2,2,2,2,2,2,3,3,3,2,2,2,7,7,7,7,7,7,7,7,8,8,8,8,8,8,8,8","0.000916957855224609","fast_greedy","edit-xhwikibooks.graphml"
"0.44","0.22","0.34","0.726020788561905","1,1,1,1,1,4,1,4,4,9,1,3,4,4,4,5,9,1,7,3,2,6,4,4,4,4,4,5,1,9,1,7,3,3,7,7,8,4,2,2,2,2,6,6,6,6,2,6,6,6,2,2,2,2,2,6,6,6,6,2,4,2,2,4,4,2,2,2,2,2,6,2,4,4,2,2,2,2,2,2,2,4,5,5,5,1,2,2,2,2,9,1,7,2,2,2,5,2,2,2,2,2,2,2,2,2,2,3,3,3,2,2,2,7,7,7,7,7,7,7,7,8,8,8,8,8,8,8,8","0.000931024551391602","fast_greedy","edit-xhwikibooks.graphml"
"0.43","0.23","0.34","0.726020788561905","1,1,1,1,1,4,1,4,4,9,1,3,4,4,4,5,9,1,7,3,2,6,4,4,4,4,4,5,1,9,1,7,3,3,7,7,8,4,2,2,2,2,6,6,6,6,2,6,6,6,2,2,2,2,2,6,6,6,6,2,4,2,2,4,4,2,2,2,2,2,6,2,4,4,2,2,2,2,2,2,2,4,5,5,5,1,2,2,2,2,9,1,7,2,2,2,5,2,2,2,2,2,2,2,2,2,2,3,3,3,2,2,2,7,7,7,7,7,7,7,7,8,8,8,8,8,8,8,8","0.000925064086914062","fast_greedy","edit-xhwikibooks.graphml"
"0.42","0.24","0.34","0.726020788561905","1,1,1,1,1,4,1,4,4,9,1,3,4,4,4,5,9,1,7,3,2,6,4,4,4,4,4,5,1,9,1,7,3,3,7,7,8,4,2,2,2,2,6,6,6,6,2,6,6,6,2,2,2,2,2,6,6,6,6,2,4,2,2,4,4,2,2,2,2,2,6,2,4,4,2,2,2,2,2,2,2,4,5,5,5,1,2,2,2,2,9,1,7,2,2,2,5,2,2,2,2,2,2,2,2,2,2,3,3,3,2,2,2,7,7,7,7,7,7,7,7,8,8,8,8,8,8,8,8","0.000910043716430664","fast_greedy","edit-xhwikibooks.graphml"
"0.41","0.25","0.34","0.726020788561905","1,1,1,1,1,4,1,4,4,9,1,3,4,4,4,5,9,1,7,3,2,6,4,4,4,4,4,5,1,9,1,7,3,3,7,7,8,4,2,2,2,2,6,6,6,6,2,6,6,6,2,2,2,2,2,6,6,6,6,2,4,2,2,4,4,2,2,2,2,2,6,2,4,4,2,2,2,2,2,2,2,4,5,5,5,1,2,2,2,2,9,1,7,2,2,2,5,2,2,2,2,2,2,2,2,2,2,3,3,3,2,2,2,7,7,7,7,7,7,7,7,8,8,8,8,8,8,8,8","0.000955820083618164","fast_greedy","edit-xhwikibooks.graphml"
"0.4","0.26","0.34","0.726020788561905","1,1,1,1,1,4,1,4,4,9,1,3,4,4,4,5,9,1,7,3,2,6,4,4,4,4,4,5,1,9,1,7,3,3,7,7,8,4,2,2,2,2,6,6,6,6,2,6,6,6,2,2,2,2,2,6,6,6,6,2,4,2,2,4,4,2,2,2,2,2,6,2,4,4,2,2,2,2,2,2,2,4,5,5,5,1,2,2,2,2,9,1,7,2,2,2,5,2,2,2,2,2,2,2,2,2,2,3,3,3,2,2,2,7,7,7,7,7,7,7,7,8,8,8,8,8,8,8,8","0.00097203254699707","fast_greedy","edit-xhwikibooks.graphml"
"0.39","0.27","0.34","0.726020788561905","1,1,1,1,1,4,1,4,4,9,1,3,4,4,4,5,9,1,7,3,2,6,4,4,4,4,4,5,1,9,1,7,3,3,7,7,8,4,2,2,2,2,6,6,6,6,2,6,6,6,2,2,2,2,2,6,6,6,6,2,4,2,2,4,4,2,2,2,2,2,6,2,4,4,2,2,2,2,2,2,2,4,5,5,5,1,2,2,2,2,9,1,7,2,2,2,5,2,2,2,2,2,2,2,2,2,2,3,3,3,2,2,2,7,7,7,7,7,7,7,7,8,8,8,8,8,8,8,8","0.000961065292358398","fast_greedy","edit-xhwikibooks.graphml"
"0.38","0.28","0.34","0.726020788561905","1,1,1,1,1,4,1,4,4,9,1,3,4,4,4,5,9,1,7,3,2,6,4,4,4,4,4,5,1,9,1,7,3,3,7,7,8,4,2,2,2,2,6,6,6,6,2,6,6,6,2,2,2,2,2,6,6,6,6,2,4,2,2,4,4,2,2,2,2,2,6,2,4,4,2,2,2,2,2,2,2,4,5,5,5,1,2,2,2,2,9,1,7,2,2,2,5,2,2,2,2,2,2,2,2,2,2,3,3,3,2,2,2,7,7,7,7,7,7,7,7,8,8,8,8,8,8,8,8","0.000936985015869141","fast_greedy","edit-xhwikibooks.graphml"
"0.37","0.29","0.34","0.726020788561905","1,1,1,1,1,4,1,4,4,9,1,3,4,4,4,5,9,1,7,3,2,6,4,4,4,4,4,5,1,9,1,7,3,3,7,7,8,4,2,2,2,2,6,6,6,6,2,6,6,6,2,2,2,2,2,6,6,6,6,2,4,2,2,4,4,2,2,2,2,2,6,2,4,4,2,2,2,2,2,2,2,4,5,5,5,1,2,2,2,2,9,1,7,2,2,2,5,2,2,2,2,2,2,2,2,2,2,3,3,3,2,2,2,7,7,7,7,7,7,7,7,8,8,8,8,8,8,8,8","0.00104498863220215","fast_greedy","edit-xhwikibooks.graphml"
"0.36","0.3","0.34","0.726020788561905","1,1,1,1,1,4,1,4,4,9,1,3,4,4,4,5,9,1,7,3,2,6,4,4,4,4,4,5,1,9,1,7,3,3,7,7,8,4,2,2,2,2,6,6,6,6,2,6,6,6,2,2,2,2,2,6,6,6,6,2,4,2,2,4,4,2,2,2,2,2,6,2,4,4,2,2,2,2,2,2,2,4,5,5,5,1,2,2,2,2,9,1,7,2,2,2,5,2,2,2,2,2,2,2,2,2,2,3,3,3,2,2,2,7,7,7,7,7,7,7,7,8,8,8,8,8,8,8,8","0.000914812088012695","fast_greedy","edit-xhwikibooks.graphml"
"0.35","0.31","0.34","0.726020788561905","1,1,1,1,1,4,1,4,4,9,1,3,4,4,4,5,9,1,7,3,2,6,4,4,4,4,4,5,1,9,1,7,3,3,7,7,8,4,2,2,2,2,6,6,6,6,2,6,6,6,2,2,2,2,2,6,6,6,6,2,4,2,2,4,4,2,2,2,2,2,6,2,4,4,2,2,2,2,2,2,2,4,5,5,5,1,2,2,2,2,9,1,7,2,2,2,5,2,2,2,2,2,2,2,2,2,2,3,3,3,2,2,2,7,7,7,7,7,7,7,7,8,8,8,8,8,8,8,8","0.0011298656463623","fast_greedy","edit-xhwikibooks.graphml"
"0.34","0.32","0.34","0.726020788561905","1,1,1,1,1,4,1,4,4,9,1,3,4,4,4,5,9,1,7,3,2,6,4,4,4,4,4,5,1,9,1,7,3,3,7,7,8,4,2,2,2,2,6,6,6,6,2,6,6,6,2,2,2,2,2,6,6,6,6,2,4,2,2,4,4,2,2,2,2,2,6,2,4,4,2,2,2,2,2,2,2,4,5,5,5,1,2,2,2,2,9,1,7,2,2,2,5,2,2,2,2,2,2,2,2,2,2,3,3,3,2,2,2,7,7,7,7,7,7,7,7,8,8,8,8,8,8,8,8","0.000908851623535156","fast_greedy","edit-xhwikibooks.graphml"
"0.33","0.33","0.34","0.726020788561905","1,1,1,1,1,4,1,4,4,9,1,3,4,4,4,5,9,1,7,3,2,6,4,4,4,4,4,5,1,9,1,7,3,3,7,7,8,4,2,2,2,2,6,6,6,6,2,6,6,6,2,2,2,2,2,6,6,6,6,2,4,2,2,4,4,2,2,2,2,2,6,2,4,4,2,2,2,2,2,2,2,4,5,5,5,1,2,2,2,2,9,1,7,2,2,2,5,2,2,2,2,2,2,2,2,2,2,3,3,3,2,2,2,7,7,7,7,7,7,7,7,8,8,8,8,8,8,8,8","0.000903129577636719","fast_greedy","edit-xhwikibooks.graphml"
"0.32","0.34","0.34","0.726411011080332","1,1,1,1,1,5,1,5,5,9,1,3,5,5,5,4,9,1,7,3,2,6,5,5,5,5,5,4,1,9,1,7,3,3,7,7,8,5,2,2,2,2,6,6,6,6,2,6,6,6,2,2,2,2,2,6,6,6,6,2,5,2,2,5,5,2,2,2,2,2,6,2,5,5,2,2,2,2,2,2,2,5,4,4,4,1,2,2,2,2,9,1,7,2,2,2,4,2,2,2,2,2,2,2,2,2,2,3,3,3,2,2,2,7,7,7,7,7,7,7,7,8,8,8,8,8,8,8,8","0.00090789794921875","fast_greedy","edit-xhwikibooks.graphml"
"0.31","0.35","0.34","0.71826553750752","1,1,1,1,1,5,1,5,5,9,1,3,5,5,5,4,9,1,7,3,2,6,5,5,5,5,5,4,1,9,1,7,3,3,7,7,8,5,2,2,2,2,6,6,6,6,2,6,6,6,2,2,2,2,2,6,6,6,6,2,10,2,2,5,5,2,2,2,2,2,6,2,5,5,2,2,2,2,2,2,2,5,4,4,4,11,2,2,2,2,12,13,14,2,2,2,4,2,2,2,2,2,2,2,2,2,2,3,3,3,2,2,2,7,7,7,7,7,7,7,7,8,8,8,8,8,8,8,8","0.000941038131713867","fast_greedy","edit-xhwikibooks.graphml"
"0.3","0.36","0.34","0.71826553750752","1,1,1,1,1,5,1,5,5,9,1,3,5,5,5,4,9,1,7,3,2,6,5,5,5,5,5,4,1,9,1,7,3,3,7,7,8,5,2,2,2,2,6,6,6,6,2,6,6,6,2,2,2,2,2,6,6,6,6,2,10,2,2,5,5,2,2,2,2,2,6,2,5,5,2,2,2,2,2,2,2,5,4,4,4,11,2,2,2,2,12,13,14,2,2,2,4,2,2,2,2,2,2,2,2,2,2,3,3,3,2,2,2,7,7,7,7,7,7,7,7,8,8,8,8,8,8,8,8","0.00091099739074707","fast_greedy","edit-xhwikibooks.graphml"
"0.29","0.37","0.34","0.71826553750752","1,1,1,1,1,5,1,5,5,9,1,3,5,5,5,4,9,1,7,3,2,6,5,5,5,5,5,4,1,9,1,7,3,3,7,7,8,5,2,2,2,2,6,6,6,6,2,6,6,6,2,2,2,2,2,6,6,6,6,2,10,2,2,5,5,2,2,2,2,2,6,2,5,5,2,2,2,2,2,2,2,5,4,4,4,11,2,2,2,2,12,13,14,2,2,2,4,2,2,2,2,2,2,2,2,2,2,3,3,3,2,2,2,7,7,7,7,7,7,7,7,8,8,8,8,8,8,8,8","0.000957965850830078","fast_greedy","edit-xhwikibooks.graphml"
"0.28","0.38","0.34","0.71826553750752","1,1,1,1,1,5,1,5,5,9,1,3,5,5,5,4,9,1,7,3,2,6,5,5,5,5,5,4,1,9,1,7,3,3,7,7,8,5,2,2,2,2,6,6,6,6,2,6,6,6,2,2,2,2,2,6,6,6,6,2,10,2,2,5,5,2,2,2,2,2,6,2,5,5,2,2,2,2,2,2,2,5,4,4,4,11,2,2,2,2,12,13,14,2,2,2,4,2,2,2,2,2,2,2,2,2,2,3,3,3,2,2,2,7,7,7,7,7,7,7,7,8,8,8,8,8,8,8,8","0.00091099739074707","fast_greedy","edit-xhwikibooks.graphml"
"0.27","0.39","0.34","0.71826553750752","1,1,1,1,1,5,1,5,5,9,1,3,5,5,5,4,9,1,7,3,2,6,5,5,5,5,5,4,1,9,1,7,3,3,7,7,8,5,2,2,2,2,6,6,6,6,2,6,6,6,2,2,2,2,2,6,6,6,6,2,10,2,2,5,5,2,2,2,2,2,6,2,5,5,2,2,2,2,2,2,2,5,4,4,4,11,2,2,2,2,12,13,14,2,2,2,4,2,2,2,2,2,2,2,2,2,2,3,3,3,2,2,2,7,7,7,7,7,7,7,7,8,8,8,8,8,8,8,8","0.000918149948120117","fast_greedy","edit-xhwikibooks.graphml"
"0.26","0.4","0.34","0.71826553750752","1,1,1,1,1,5,1,5,5,9,1,3,5,5,5,4,9,1,7,3,2,6,5,5,5,5,5,4,1,9,1,7,3,3,7,7,8,5,2,2,2,2,6,6,6,6,2,6,6,6,2,2,2,2,2,6,6,6,6,2,10,2,2,5,5,2,2,2,2,2,6,2,5,5,2,2,2,2,2,2,2,5,4,4,4,11,2,2,2,2,12,13,14,2,2,2,4,2,2,2,2,2,2,2,2,2,2,3,3,3,2,2,2,7,7,7,7,7,7,7,7,8,8,8,8,8,8,8,8","0.000890016555786133","fast_greedy","edit-xhwikibooks.graphml"
"0.25","0.41","0.34","0.71826553750752","1,1,1,1,1,5,1,5,5,9,1,3,5,5,5,4,9,1,7,3,2,6,5,5,5,5,5,4,1,9,1,7,3,3,7,7,8,5,2,2,2,2,6,6,6,6,2,6,6,6,2,2,2,2,2,6,6,6,6,2,10,2,2,5,5,2,2,2,2,2,6,2,5,5,2,2,2,2,2,2,2,5,4,4,4,11,2,2,2,2,12,13,14,2,2,2,4,2,2,2,2,2,2,2,2,2,2,3,3,3,2,2,2,7,7,7,7,7,7,7,7,8,8,8,8,8,8,8,8","0.000885009765625","fast_greedy","edit-xhwikibooks.graphml"
"0.24","0.42","0.34","0.71826553750752","1,1,1,1,1,5,1,5,5,9,1,3,5,5,5,4,9,1,7,3,2,6,5,5,5,5,5,4,1,9,1,7,3,3,7,7,8,5,2,2,2,2,6,6,6,6,2,6,6,6,2,2,2,2,2,6,6,6,6,2,10,2,2,5,5,2,2,2,2,2,6,2,5,5,2,2,2,2,2,2,2,5,4,4,4,11,2,2,2,2,12,13,14,2,2,2,4,2,2,2,2,2,2,2,2,2,2,3,3,3,2,2,2,7,7,7,7,7,7,7,7,8,8,8,8,8,8,8,8","0.000891923904418945","fast_greedy","edit-xhwikibooks.graphml"
"0.23","0.43","0.34","0.71826553750752","1,1,1,1,1,5,1,5,5,9,1,3,5,5,5,4,9,1,7,3,2,6,5,5,5,5,5,4,1,9,1,7,3,3,7,7,8,5,2,2,2,2,6,6,6,6,2,6,6,6,2,2,2,2,2,6,6,6,6,2,10,2,2,5,5,2,2,2,2,2,6,2,5,5,2,2,2,2,2,2,2,5,4,4,4,11,2,2,2,2,12,13,14,2,2,2,4,2,2,2,2,2,2,2,2,2,2,3,3,3,2,2,2,7,7,7,7,7,7,7,7,8,8,8,8,8,8,8,8","0.00102400779724121","fast_greedy","edit-xhwikibooks.graphml"
"0.22","0.44","0.34","0.71826553750752","1,1,1,1,1,5,1,5,5,9,1,3,5,5,5,4,9,1,7,3,2,6,5,5,5,5,5,4,1,9,1,7,3,3,7,7,8,5,2,2,2,2,6,6,6,6,2,6,6,6,2,2,2,2,2,6,6,6,6,2,10,2,2,5,5,2,2,2,2,2,6,2,5,5,2,2,2,2,2,2,2,5,4,4,4,11,2,2,2,2,12,13,14,2,2,2,4,2,2,2,2,2,2,2,2,2,2,3,3,3,2,2,2,7,7,7,7,7,7,7,7,8,8,8,8,8,8,8,8","0.000863075256347656","fast_greedy","edit-xhwikibooks.graphml"
"0.21","0.45","0.34","0.71826553750752","1,1,1,1,1,5,1,5,5,9,1,3,5,5,5,4,9,1,7,3,2,6,5,5,5,5,5,4,1,9,1,7,3,3,7,7,8,5,2,2,2,2,6,6,6,6,2,6,6,6,2,2,2,2,2,6,6,6,6,2,10,2,2,5,5,2,2,2,2,2,6,2,5,5,2,2,2,2,2,2,2,5,4,4,4,11,2,2,2,2,12,13,14,2,2,2,4,2,2,2,2,2,2,2,2,2,2,3,3,3,2,2,2,7,7,7,7,7,7,7,7,8,8,8,8,8,8,8,8","0.000894069671630859","fast_greedy","edit-xhwikibooks.graphml"
"0.2","0.46","0.34","0.71826553750752","1,1,1,1,1,5,1,5,5,9,1,3,5,5,5,4,9,1,7,3,2,6,5,5,5,5,5,4,1,9,1,7,3,3,7,7,8,5,2,2,2,2,6,6,6,6,2,6,6,6,2,2,2,2,2,6,6,6,6,2,10,2,2,5,5,2,2,2,2,2,6,2,5,5,2,2,2,2,2,2,2,5,4,4,4,11,2,2,2,2,12,13,14,2,2,2,4,2,2,2,2,2,2,2,2,2,2,3,3,3,2,2,2,7,7,7,7,7,7,7,7,8,8,8,8,8,8,8,8","0.000921010971069336","fast_greedy","edit-xhwikibooks.graphml"
"0.19","0.47","0.34","0.71826553750752","1,1,1,1,1,5,1,5,5,9,1,3,5,5,5,4,9,1,7,3,2,6,5,5,5,5,5,4,1,9,1,7,3,3,7,7,8,5,2,2,2,2,6,6,6,6,2,6,6,6,2,2,2,2,2,6,6,6,6,2,10,2,2,5,5,2,2,2,2,2,6,2,5,5,2,2,2,2,2,2,2,5,4,4,4,11,2,2,2,2,12,13,14,2,2,2,4,2,2,2,2,2,2,2,2,2,2,3,3,3,2,2,2,7,7,7,7,7,7,7,7,8,8,8,8,8,8,8,8","0.000924110412597656","fast_greedy","edit-xhwikibooks.graphml"
"0.18","0.48","0.34","0.71826553750752","1,1,1,1,1,5,1,5,5,9,1,3,5,5,5,4,9,1,7,3,2,6,5,5,5,5,5,4,1,9,1,7,3,3,7,7,8,5,2,2,2,2,6,6,6,6,2,6,6,6,2,2,2,2,2,6,6,6,6,2,10,2,2,5,5,2,2,2,2,2,6,2,5,5,2,2,2,2,2,2,2,5,4,4,4,11,2,2,2,2,12,13,14,2,2,2,4,2,2,2,2,2,2,2,2,2,2,3,3,3,2,2,2,7,7,7,7,7,7,7,7,8,8,8,8,8,8,8,8","0.000929117202758789","fast_greedy","edit-xhwikibooks.graphml"
"0.17","0.49","0.34","0.71826553750752","1,1,1,1,1,5,1,5,5,9,1,3,5,5,5,4,9,1,7,3,2,6,5,5,5,5,5,4,1,9,1,7,3,3,7,7,8,5,2,2,2,2,6,6,6,6,2,6,6,6,2,2,2,2,2,6,6,6,6,2,10,2,2,5,5,2,2,2,2,2,6,2,5,5,2,2,2,2,2,2,2,5,4,4,4,11,2,2,2,2,12,13,14,2,2,2,4,2,2,2,2,2,2,2,2,2,2,3,3,3,2,2,2,7,7,7,7,7,7,7,7,8,8,8,8,8,8,8,8","0.000958919525146484","fast_greedy","edit-xhwikibooks.graphml"
"0.16","0.5","0.34","0.728459249166338","1,1,1,1,1,6,1,6,6,9,1,3,6,6,6,4,9,1,7,3,2,5,6,6,6,6,6,4,1,9,1,7,3,3,7,7,8,6,2,2,2,2,5,5,5,5,2,5,5,5,2,2,2,2,2,5,5,5,5,2,10,2,2,6,6,2,2,2,2,2,5,2,6,6,2,2,2,2,2,2,2,6,4,4,4,11,2,2,2,2,12,13,14,2,2,2,4,2,2,2,2,2,2,2,2,2,2,3,3,3,2,2,2,7,7,7,7,7,7,7,7,8,8,8,8,8,8,8,8","0.000973939895629883","fast_greedy","edit-xhwikibooks.graphml"
"0.15","0.51","0.34","0.728459249166338","1,1,1,1,1,6,1,6,6,9,1,3,6,6,6,4,9,1,7,3,2,5,6,6,6,6,6,4,1,9,1,7,3,3,7,7,8,6,2,2,2,2,5,5,5,5,2,5,5,5,2,2,2,2,2,5,5,5,5,2,10,2,2,6,6,2,2,2,2,2,5,2,6,6,2,2,2,2,2,2,2,6,4,4,4,11,2,2,2,2,12,13,14,2,2,2,4,2,2,2,2,2,2,2,2,2,2,3,3,3,2,2,2,7,7,7,7,7,7,7,7,8,8,8,8,8,8,8,8","0.000901937484741211","fast_greedy","edit-xhwikibooks.graphml"
"0.14","0.52","0.34","0.728459249166338","1,1,1,1,1,6,1,6,6,9,1,3,6,6,6,4,9,1,7,3,2,5,6,6,6,6,6,4,1,9,1,7,3,3,7,7,8,6,2,2,2,2,5,5,5,5,2,5,5,5,2,2,2,2,2,5,5,5,5,2,10,2,2,6,6,2,2,2,2,2,5,2,6,6,2,2,2,2,2,2,2,6,4,4,4,11,2,2,2,2,12,13,14,2,2,2,4,2,2,2,2,2,2,2,2,2,2,3,3,3,2,2,2,7,7,7,7,7,7,7,7,8,8,8,8,8,8,8,8","0.000905990600585938","fast_greedy","edit-xhwikibooks.graphml"
"0.13","0.53","0.34","0.728459249166338","1,1,1,1,1,6,1,6,6,9,1,3,6,6,6,4,9,1,7,3,2,5,6,6,6,6,6,4,1,9,1,7,3,3,7,7,8,6,2,2,2,2,5,5,5,5,2,5,5,5,2,2,2,2,2,5,5,5,5,2,10,2,2,6,6,2,2,2,2,2,5,2,6,6,2,2,2,2,2,2,2,6,4,4,4,11,2,2,2,2,12,13,14,2,2,2,4,2,2,2,2,2,2,2,2,2,2,3,3,3,2,2,2,7,7,7,7,7,7,7,7,8,8,8,8,8,8,8,8","0.00091099739074707","fast_greedy","edit-xhwikibooks.graphml"
"0.12","0.54","0.34","0.728459249166338","1,1,1,1,1,6,1,6,6,9,1,3,6,6,6,4,9,1,7,3,2,5,6,6,6,6,6,4,1,9,1,7,3,3,7,7,8,6,2,2,2,2,5,5,5,5,2,5,5,5,2,2,2,2,2,5,5,5,5,2,10,2,2,6,6,2,2,2,2,2,5,2,6,6,2,2,2,2,2,2,2,6,4,4,4,11,2,2,2,2,12,13,14,2,2,2,4,2,2,2,2,2,2,2,2,2,2,3,3,3,2,2,2,7,7,7,7,7,7,7,7,8,8,8,8,8,8,8,8","0.00100302696228027","fast_greedy","edit-xhwikibooks.graphml"
"0.11","0.55","0.34","0.728459249166338","1,1,1,1,1,6,1,6,6,9,1,3,6,6,6,4,9,1,7,3,2,5,6,6,6,6,6,4,1,9,1,7,3,3,7,7,8,6,2,2,2,2,5,5,5,5,2,5,5,5,2,2,2,2,2,5,5,5,5,2,10,2,2,6,6,2,2,2,2,2,5,2,6,6,2,2,2,2,2,2,2,6,4,4,4,11,2,2,2,2,12,13,14,2,2,2,4,2,2,2,2,2,2,2,2,2,2,3,3,3,2,2,2,7,7,7,7,7,7,7,7,8,8,8,8,8,8,8,8","0.000913858413696289","fast_greedy","edit-xhwikibooks.graphml"
"0.1","0.56","0.34","0.728459249166338","1,1,1,1,1,6,1,6,6,9,1,3,6,6,6,4,9,1,7,3,2,5,6,6,6,6,6,4,1,9,1,7,3,3,7,7,8,6,2,2,2,2,5,5,5,5,2,5,5,5,2,2,2,2,2,5,5,5,5,2,10,2,2,6,6,2,2,2,2,2,5,2,6,6,2,2,2,2,2,2,2,6,4,4,4,11,2,2,2,2,12,13,14,2,2,2,4,2,2,2,2,2,2,2,2,2,2,3,3,3,2,2,2,7,7,7,7,7,7,7,7,8,8,8,8,8,8,8,8","0.000922918319702148","fast_greedy","edit-xhwikibooks.graphml"
"0.09","0.57","0.34","0.728459249166338","1,1,1,1,1,6,1,6,6,9,1,3,6,6,6,4,9,1,7,3,2,5,6,6,6,6,6,4,1,9,1,7,3,3,7,7,8,6,2,2,2,2,5,5,5,5,2,5,5,5,2,2,2,2,2,5,5,5,5,2,10,2,2,6,6,2,2,2,2,2,5,2,6,6,2,2,2,2,2,2,2,6,4,4,4,11,2,2,2,2,12,13,14,2,2,2,4,2,2,2,2,2,2,2,2,2,2,3,3,3,2,2,2,7,7,7,7,7,7,7,7,8,8,8,8,8,8,8,8","0.000919818878173828","fast_greedy","edit-xhwikibooks.graphml"
"0.08","0.58","0.34","0.728459249166338","1,1,1,1,1,6,1,6,6,9,1,3,6,6,6,4,9,1,7,3,2,5,6,6,6,6,6,4,1,9,1,7,3,3,7,7,8,6,2,2,2,2,5,5,5,5,2,5,5,5,2,2,2,2,2,5,5,5,5,2,10,2,2,6,6,2,2,2,2,2,5,2,6,6,2,2,2,2,2,2,2,6,4,4,4,11,2,2,2,2,12,13,14,2,2,2,4,2,2,2,2,2,2,2,2,2,2,3,3,3,2,2,2,7,7,7,7,7,7,7,7,8,8,8,8,8,8,8,8","0.00094294548034668","fast_greedy","edit-xhwikibooks.graphml"
"0.07","0.59","0.34","0.728459249166338","1,1,1,1,1,6,1,6,6,9,1,3,6,6,6,4,9,1,7,3,2,5,6,6,6,6,6,4,1,9,1,7,3,3,7,7,8,6,2,2,2,2,5,5,5,5,2,5,5,5,2,2,2,2,2,5,5,5,5,2,10,2,2,6,6,2,2,2,2,2,5,2,6,6,2,2,2,2,2,2,2,6,4,4,4,11,2,2,2,2,12,13,14,2,2,2,4,2,2,2,2,2,2,2,2,2,2,3,3,3,2,2,2,7,7,7,7,7,7,7,7,8,8,8,8,8,8,8,8","0.000925064086914062","fast_greedy","edit-xhwikibooks.graphml"
"0.06","0.6","0.34","0.728459249166338","1,1,1,1,1,6,1,6,6,9,1,3,6,6,6,4,9,1,7,3,2,5,6,6,6,6,6,4,1,9,1,7,3,3,7,7,8,6,2,2,2,2,5,5,5,5,2,5,5,5,2,2,2,2,2,5,5,5,5,2,10,2,2,6,6,2,2,2,2,2,5,2,6,6,2,2,2,2,2,2,2,6,4,4,4,11,2,2,2,2,12,13,14,2,2,2,4,2,2,2,2,2,2,2,2,2,2,3,3,3,2,2,2,7,7,7,7,7,7,7,7,8,8,8,8,8,8,8,8","0.00096893310546875","fast_greedy","edit-xhwikibooks.graphml"
"0.05","0.61","0.34","0.728459249166338","1,1,1,1,1,6,1,6,6,9,1,3,6,6,6,4,9,1,7,3,2,5,6,6,6,6,6,4,1,9,1,7,3,3,7,7,8,6,2,2,2,2,5,5,5,5,2,5,5,5,2,2,2,2,2,5,5,5,5,2,10,2,2,6,6,2,2,2,2,2,5,2,6,6,2,2,2,2,2,2,2,6,4,4,4,11,2,2,2,2,12,13,14,2,2,2,4,2,2,2,2,2,2,2,2,2,2,3,3,3,2,2,2,7,7,7,7,7,7,7,7,8,8,8,8,8,8,8,8","0.00104212760925293","fast_greedy","edit-xhwikibooks.graphml"
"0.04","0.62","0.34","0.728459249166338","1,1,1,1,1,6,1,6,6,9,1,3,6,6,6,4,9,1,7,3,2,5,6,6,6,6,6,4,1,9,1,7,3,3,7,7,8,6,2,2,2,2,5,5,5,5,2,5,5,5,2,2,2,2,2,5,5,5,5,2,10,2,2,6,6,2,2,2,2,2,5,2,6,6,2,2,2,2,2,2,2,6,4,4,4,11,2,2,2,2,12,13,14,2,2,2,4,2,2,2,2,2,2,2,2,2,2,3,3,3,2,2,2,7,7,7,7,7,7,7,7,8,8,8,8,8,8,8,8","0.000901937484741211","fast_greedy","edit-xhwikibooks.graphml"
"0.03","0.63","0.34","0.728459249166338","1,1,1,1,1,6,1,6,6,9,1,3,6,6,6,4,9,1,7,3,2,5,6,6,6,6,6,4,1,9,1,7,3,3,7,7,8,6,2,2,2,2,5,5,5,5,2,5,5,5,2,2,2,2,2,5,5,5,5,2,10,2,2,6,6,2,2,2,2,2,5,2,6,6,2,2,2,2,2,2,2,6,4,4,4,11,2,2,2,2,12,13,14,2,2,2,4,2,2,2,2,2,2,2,2,2,2,3,3,3,2,2,2,7,7,7,7,7,7,7,7,8,8,8,8,8,8,8,8","0.000921964645385742","fast_greedy","edit-xhwikibooks.graphml"
"0.02","0.64","0.34","0.728459249166338","1,1,1,1,1,6,1,6,6,9,1,3,6,6,6,4,9,1,7,3,2,5,6,6,6,6,6,4,1,9,1,7,3,3,7,7,8,6,2,2,2,2,5,5,5,5,2,5,5,5,2,2,2,2,2,5,5,5,5,2,10,2,2,6,6,2,2,2,2,2,5,2,6,6,2,2,2,2,2,2,2,6,4,4,4,11,2,2,2,2,12,13,14,2,2,2,4,2,2,2,2,2,2,2,2,2,2,3,3,3,2,2,2,7,7,7,7,7,7,7,7,8,8,8,8,8,8,8,8","0.000909805297851562","fast_greedy","edit-xhwikibooks.graphml"
"0.01","0.65","0.34","0.728459249166338","1,1,1,1,1,6,1,6,6,9,1,3,6,6,6,4,9,1,7,3,2,5,6,6,6,6,6,4,1,9,1,7,3,3,7,7,8,6,2,2,2,2,5,5,5,5,2,5,5,5,2,2,2,2,2,5,5,5,5,2,10,2,2,6,6,2,2,2,2,2,5,2,6,6,2,2,2,2,2,2,2,6,4,4,4,11,2,2,2,2,12,13,14,2,2,2,4,2,2,2,2,2,2,2,2,2,2,3,3,3,2,2,2,7,7,7,7,7,7,7,7,8,8,8,8,8,8,8,8","0.000914096832275391","fast_greedy","edit-xhwikibooks.graphml"
"0","0.66","0.34","0.72014136609856","1,1,1,1,1,1,2,1,6,1,2,2,6,6,6,4,1,2,7,2,3,5,6,6,6,6,6,4,1,1,2,7,2,2,7,7,8,6,3,3,3,3,5,5,5,5,3,5,5,5,3,3,3,3,3,5,5,5,5,3,9,3,3,6,6,3,3,3,3,3,5,3,6,6,3,3,3,3,3,3,3,6,4,4,4,10,3,3,3,3,11,12,13,3,3,3,4,3,3,3,3,3,3,3,3,3,3,2,2,2,3,3,3,7,7,7,7,7,7,7,7,8,8,8,8,8,8,8,8","0.00110912322998047","fast_greedy","edit-xhwikibooks.graphml"
"0.65","0","0.35","0.724977777777778","1,1,1,1,1,4,1,4,4,9,1,3,4,4,4,5,9,1,7,3,2,6,4,4,4,4,4,5,1,9,1,7,3,3,7,7,8,4,2,2,2,2,6,6,6,6,2,6,6,6,2,2,2,2,2,6,6,6,6,2,4,2,2,4,4,2,2,2,2,2,6,2,4,4,2,2,2,2,2,2,2,4,5,5,5,1,2,2,2,2,9,1,7,2,2,2,5,2,2,2,2,2,2,2,2,2,2,3,3,3,2,2,2,7,7,7,7,7,7,7,7,8,8,8,8,8,8,8,8","0.000926017761230469","fast_greedy","edit-xhwikibooks.graphml"
"0.64","0.01","0.35","0.724977777777778","1,1,1,1,1,4,1,4,4,9,1,3,4,4,4,5,9,1,7,3,2,6,4,4,4,4,4,5,1,9,1,7,3,3,7,7,8,4,2,2,2,2,6,6,6,6,2,6,6,6,2,2,2,2,2,6,6,6,6,2,4,2,2,4,4,2,2,2,2,2,6,2,4,4,2,2,2,2,2,2,2,4,5,5,5,1,2,2,2,2,9,1,7,2,2,2,5,2,2,2,2,2,2,2,2,2,2,3,3,3,2,2,2,7,7,7,7,7,7,7,7,8,8,8,8,8,8,8,8","0.000897884368896484","fast_greedy","edit-xhwikibooks.graphml"
"0.63","0.02","0.35","0.724977777777778","1,1,1,1,1,4,1,4,4,9,1,3,4,4,4,5,9,1,7,3,2,6,4,4,4,4,4,5,1,9,1,7,3,3,7,7,8,4,2,2,2,2,6,6,6,6,2,6,6,6,2,2,2,2,2,6,6,6,6,2,4,2,2,4,4,2,2,2,2,2,6,2,4,4,2,2,2,2,2,2,2,4,5,5,5,1,2,2,2,2,9,1,7,2,2,2,5,2,2,2,2,2,2,2,2,2,2,3,3,3,2,2,2,7,7,7,7,7,7,7,7,8,8,8,8,8,8,8,8","0.000916957855224609","fast_greedy","edit-xhwikibooks.graphml"
"0.62","0.03","0.35","0.724977777777778","1,1,1,1,1,4,1,4,4,9,1,3,4,4,4,5,9,1,7,3,2,6,4,4,4,4,4,5,1,9,1,7,3,3,7,7,8,4,2,2,2,2,6,6,6,6,2,6,6,6,2,2,2,2,2,6,6,6,6,2,4,2,2,4,4,2,2,2,2,2,6,2,4,4,2,2,2,2,2,2,2,4,5,5,5,1,2,2,2,2,9,1,7,2,2,2,5,2,2,2,2,2,2,2,2,2,2,3,3,3,2,2,2,7,7,7,7,7,7,7,7,8,8,8,8,8,8,8,8","0.000934123992919922","fast_greedy","edit-xhwikibooks.graphml"
"0.61","0.04","0.35","0.724977777777778","1,1,1,1,1,4,1,4,4,9,1,3,4,4,4,5,9,1,7,3,2,6,4,4,4,4,4,5,1,9,1,7,3,3,7,7,8,4,2,2,2,2,6,6,6,6,2,6,6,6,2,2,2,2,2,6,6,6,6,2,4,2,2,4,4,2,2,2,2,2,6,2,4,4,2,2,2,2,2,2,2,4,5,5,5,1,2,2,2,2,9,1,7,2,2,2,5,2,2,2,2,2,2,2,2,2,2,3,3,3,2,2,2,7,7,7,7,7,7,7,7,8,8,8,8,8,8,8,8","0.000908851623535156","fast_greedy","edit-xhwikibooks.graphml"
"0.6","0.05","0.35","0.724977777777778","1,1,1,1,1,4,1,4,4,9,1,3,4,4,4,5,9,1,7,3,2,6,4,4,4,4,4,5,1,9,1,7,3,3,7,7,8,4,2,2,2,2,6,6,6,6,2,6,6,6,2,2,2,2,2,6,6,6,6,2,4,2,2,4,4,2,2,2,2,2,6,2,4,4,2,2,2,2,2,2,2,4,5,5,5,1,2,2,2,2,9,1,7,2,2,2,5,2,2,2,2,2,2,2,2,2,2,3,3,3,2,2,2,7,7,7,7,7,7,7,7,8,8,8,8,8,8,8,8","0.000906944274902344","fast_greedy","edit-xhwikibooks.graphml"
"0.59","0.06","0.35","0.724977777777778","1,1,1,1,1,4,1,4,4,9,1,3,4,4,4,5,9,1,7,3,2,6,4,4,4,4,4,5,1,9,1,7,3,3,7,7,8,4,2,2,2,2,6,6,6,6,2,6,6,6,2,2,2,2,2,6,6,6,6,2,4,2,2,4,4,2,2,2,2,2,6,2,4,4,2,2,2,2,2,2,2,4,5,5,5,1,2,2,2,2,9,1,7,2,2,2,5,2,2,2,2,2,2,2,2,2,2,3,3,3,2,2,2,7,7,7,7,7,7,7,7,8,8,8,8,8,8,8,8","0.000876903533935547","fast_greedy","edit-xhwikibooks.graphml"
"0.58","0.07","0.35","0.724977777777778","1,1,1,1,1,4,1,4,4,9,1,3,4,4,4,5,9,1,7,3,2,6,4,4,4,4,4,5,1,9,1,7,3,3,7,7,8,4,2,2,2,2,6,6,6,6,2,6,6,6,2,2,2,2,2,6,6,6,6,2,4,2,2,4,4,2,2,2,2,2,6,2,4,4,2,2,2,2,2,2,2,4,5,5,5,1,2,2,2,2,9,1,7,2,2,2,5,2,2,2,2,2,2,2,2,2,2,3,3,3,2,2,2,7,7,7,7,7,7,7,7,8,8,8,8,8,8,8,8","0.000912904739379883","fast_greedy","edit-xhwikibooks.graphml"
"0.57","0.08","0.35","0.724977777777778","1,1,1,1,1,4,1,4,4,9,1,3,4,4,4,5,9,1,7,3,2,6,4,4,4,4,4,5,1,9,1,7,3,3,7,7,8,4,2,2,2,2,6,6,6,6,2,6,6,6,2,2,2,2,2,6,6,6,6,2,4,2,2,4,4,2,2,2,2,2,6,2,4,4,2,2,2,2,2,2,2,4,5,5,5,1,2,2,2,2,9,1,7,2,2,2,5,2,2,2,2,2,2,2,2,2,2,3,3,3,2,2,2,7,7,7,7,7,7,7,7,8,8,8,8,8,8,8,8","0.000909090042114258","fast_greedy","edit-xhwikibooks.graphml"
"0.56","0.09","0.35","0.724977777777778","1,1,1,1,1,4,1,4,4,9,1,3,4,4,4,5,9,1,7,3,2,6,4,4,4,4,4,5,1,9,1,7,3,3,7,7,8,4,2,2,2,2,6,6,6,6,2,6,6,6,2,2,2,2,2,6,6,6,6,2,4,2,2,4,4,2,2,2,2,2,6,2,4,4,2,2,2,2,2,2,2,4,5,5,5,1,2,2,2,2,9,1,7,2,2,2,5,2,2,2,2,2,2,2,2,2,2,3,3,3,2,2,2,7,7,7,7,7,7,7,7,8,8,8,8,8,8,8,8","0.00090479850769043","fast_greedy","edit-xhwikibooks.graphml"
"0.55","0.1","0.35","0.724977777777778","1,1,1,1,1,4,1,4,4,9,1,3,4,4,4,5,9,1,7,3,2,6,4,4,4,4,4,5,1,9,1,7,3,3,7,7,8,4,2,2,2,2,6,6,6,6,2,6,6,6,2,2,2,2,2,6,6,6,6,2,4,2,2,4,4,2,2,2,2,2,6,2,4,4,2,2,2,2,2,2,2,4,5,5,5,1,2,2,2,2,9,1,7,2,2,2,5,2,2,2,2,2,2,2,2,2,2,3,3,3,2,2,2,7,7,7,7,7,7,7,7,8,8,8,8,8,8,8,8","0.000943899154663086","fast_greedy","edit-xhwikibooks.graphml"
"0.54","0.11","0.35","0.724977777777778","1,1,1,1,1,4,1,4,4,9,1,3,4,4,4,5,9,1,7,3,2,6,4,4,4,4,4,5,1,9,1,7,3,3,7,7,8,4,2,2,2,2,6,6,6,6,2,6,6,6,2,2,2,2,2,6,6,6,6,2,4,2,2,4,4,2,2,2,2,2,6,2,4,4,2,2,2,2,2,2,2,4,5,5,5,1,2,2,2,2,9,1,7,2,2,2,5,2,2,2,2,2,2,2,2,2,2,3,3,3,2,2,2,7,7,7,7,7,7,7,7,8,8,8,8,8,8,8,8","0.000897884368896484","fast_greedy","edit-xhwikibooks.graphml"
"0.53","0.12","0.35","0.724977777777778","1,1,1,1,1,4,1,4,4,9,1,3,4,4,4,5,9,1,7,3,2,6,4,4,4,4,4,5,1,9,1,7,3,3,7,7,8,4,2,2,2,2,6,6,6,6,2,6,6,6,2,2,2,2,2,6,6,6,6,2,4,2,2,4,4,2,2,2,2,2,6,2,4,4,2,2,2,2,2,2,2,4,5,5,5,1,2,2,2,2,9,1,7,2,2,2,5,2,2,2,2,2,2,2,2,2,2,3,3,3,2,2,2,7,7,7,7,7,7,7,7,8,8,8,8,8,8,8,8","0.000880002975463867","fast_greedy","edit-xhwikibooks.graphml"
"0.52","0.13","0.35","0.724977777777778","1,1,1,1,1,4,1,4,4,9,1,3,4,4,4,5,9,1,7,3,2,6,4,4,4,4,4,5,1,9,1,7,3,3,7,7,8,4,2,2,2,2,6,6,6,6,2,6,6,6,2,2,2,2,2,6,6,6,6,2,4,2,2,4,4,2,2,2,2,2,6,2,4,4,2,2,2,2,2,2,2,4,5,5,5,1,2,2,2,2,9,1,7,2,2,2,5,2,2,2,2,2,2,2,2,2,2,3,3,3,2,2,2,7,7,7,7,7,7,7,7,8,8,8,8,8,8,8,8","0.000922918319702148","fast_greedy","edit-xhwikibooks.graphml"
"0.51","0.14","0.35","0.724977777777778","1,1,1,1,1,4,1,4,4,9,1,3,4,4,4,5,9,1,7,3,2,6,4,4,4,4,4,5,1,9,1,7,3,3,7,7,8,4,2,2,2,2,6,6,6,6,2,6,6,6,2,2,2,2,2,6,6,6,6,2,4,2,2,4,4,2,2,2,2,2,6,2,4,4,2,2,2,2,2,2,2,4,5,5,5,1,2,2,2,2,9,1,7,2,2,2,5,2,2,2,2,2,2,2,2,2,2,3,3,3,2,2,2,7,7,7,7,7,7,7,7,8,8,8,8,8,8,8,8","0.000934839248657227","fast_greedy","edit-xhwikibooks.graphml"
"0.5","0.15","0.35","0.724977777777778","1,1,1,1,1,4,1,4,4,9,1,3,4,4,4,5,9,1,7,3,2,6,4,4,4,4,4,5,1,9,1,7,3,3,7,7,8,4,2,2,2,2,6,6,6,6,2,6,6,6,2,2,2,2,2,6,6,6,6,2,4,2,2,4,4,2,2,2,2,2,6,2,4,4,2,2,2,2,2,2,2,4,5,5,5,1,2,2,2,2,9,1,7,2,2,2,5,2,2,2,2,2,2,2,2,2,2,3,3,3,2,2,2,7,7,7,7,7,7,7,7,8,8,8,8,8,8,8,8","0.000943899154663086","fast_greedy","edit-xhwikibooks.graphml"
"0.49","0.16","0.35","0.724977777777778","1,1,1,1,1,4,1,4,4,9,1,3,4,4,4,5,9,1,7,3,2,6,4,4,4,4,4,5,1,9,1,7,3,3,7,7,8,4,2,2,2,2,6,6,6,6,2,6,6,6,2,2,2,2,2,6,6,6,6,2,4,2,2,4,4,2,2,2,2,2,6,2,4,4,2,2,2,2,2,2,2,4,5,5,5,1,2,2,2,2,9,1,7,2,2,2,5,2,2,2,2,2,2,2,2,2,2,3,3,3,2,2,2,7,7,7,7,7,7,7,7,8,8,8,8,8,8,8,8","0.000941991806030273","fast_greedy","edit-xhwikibooks.graphml"
"0.48","0.17","0.35","0.726020788561905","1,1,1,1,1,4,1,4,4,9,1,3,4,4,4,5,9,1,7,3,2,6,4,4,4,4,4,5,1,9,1,7,3,3,7,7,8,4,2,2,2,2,6,6,6,6,2,6,6,6,2,2,2,2,2,6,6,6,6,2,4,2,2,4,4,2,2,2,2,2,6,2,4,4,2,2,2,2,2,2,2,4,5,5,5,1,2,2,2,2,9,1,7,2,2,2,5,2,2,2,2,2,2,2,2,2,2,3,3,3,2,2,2,7,7,7,7,7,7,7,7,8,8,8,8,8,8,8,8","0.000914096832275391","fast_greedy","edit-xhwikibooks.graphml"
"0.47","0.18","0.35","0.726020788561905","1,1,1,1,1,4,1,4,4,9,1,3,4,4,4,5,9,1,7,3,2,6,4,4,4,4,4,5,1,9,1,7,3,3,7,7,8,4,2,2,2,2,6,6,6,6,2,6,6,6,2,2,2,2,2,6,6,6,6,2,4,2,2,4,4,2,2,2,2,2,6,2,4,4,2,2,2,2,2,2,2,4,5,5,5,1,2,2,2,2,9,1,7,2,2,2,5,2,2,2,2,2,2,2,2,2,2,3,3,3,2,2,2,7,7,7,7,7,7,7,7,8,8,8,8,8,8,8,8","0.000891923904418945","fast_greedy","edit-xhwikibooks.graphml"
"0.46","0.19","0.35","0.726020788561905","1,1,1,1,1,4,1,4,4,9,1,3,4,4,4,5,9,1,7,3,2,6,4,4,4,4,4,5,1,9,1,7,3,3,7,7,8,4,2,2,2,2,6,6,6,6,2,6,6,6,2,2,2,2,2,6,6,6,6,2,4,2,2,4,4,2,2,2,2,2,6,2,4,4,2,2,2,2,2,2,2,4,5,5,5,1,2,2,2,2,9,1,7,2,2,2,5,2,2,2,2,2,2,2,2,2,2,3,3,3,2,2,2,7,7,7,7,7,7,7,7,8,8,8,8,8,8,8,8","0.000917911529541016","fast_greedy","edit-xhwikibooks.graphml"
"0.45","0.2","0.35","0.726020788561905","1,1,1,1,1,4,1,4,4,9,1,3,4,4,4,5,9,1,7,3,2,6,4,4,4,4,4,5,1,9,1,7,3,3,7,7,8,4,2,2,2,2,6,6,6,6,2,6,6,6,2,2,2,2,2,6,6,6,6,2,4,2,2,4,4,2,2,2,2,2,6,2,4,4,2,2,2,2,2,2,2,4,5,5,5,1,2,2,2,2,9,1,7,2,2,2,5,2,2,2,2,2,2,2,2,2,2,3,3,3,2,2,2,7,7,7,7,7,7,7,7,8,8,8,8,8,8,8,8","0.000924110412597656","fast_greedy","edit-xhwikibooks.graphml"
"0.44","0.21","0.35","0.726020788561905","1,1,1,1,1,4,1,4,4,9,1,3,4,4,4,5,9,1,7,3,2,6,4,4,4,4,4,5,1,9,1,7,3,3,7,7,8,4,2,2,2,2,6,6,6,6,2,6,6,6,2,2,2,2,2,6,6,6,6,2,4,2,2,4,4,2,2,2,2,2,6,2,4,4,2,2,2,2,2,2,2,4,5,5,5,1,2,2,2,2,9,1,7,2,2,2,5,2,2,2,2,2,2,2,2,2,2,3,3,3,2,2,2,7,7,7,7,7,7,7,7,8,8,8,8,8,8,8,8","0.00091099739074707","fast_greedy","edit-xhwikibooks.graphml"
"0.43","0.22","0.35","0.726020788561905","1,1,1,1,1,4,1,4,4,9,1,3,4,4,4,5,9,1,7,3,2,6,4,4,4,4,4,5,1,9,1,7,3,3,7,7,8,4,2,2,2,2,6,6,6,6,2,6,6,6,2,2,2,2,2,6,6,6,6,2,4,2,2,4,4,2,2,2,2,2,6,2,4,4,2,2,2,2,2,2,2,4,5,5,5,1,2,2,2,2,9,1,7,2,2,2,5,2,2,2,2,2,2,2,2,2,2,3,3,3,2,2,2,7,7,7,7,7,7,7,7,8,8,8,8,8,8,8,8","0.00111579895019531","fast_greedy","edit-xhwikibooks.graphml"
"0.42","0.23","0.35","0.726020788561905","1,1,1,1,1,4,1,4,4,9,1,3,4,4,4,5,9,1,7,3,2,6,4,4,4,4,4,5,1,9,1,7,3,3,7,7,8,4,2,2,2,2,6,6,6,6,2,6,6,6,2,2,2,2,2,6,6,6,6,2,4,2,2,4,4,2,2,2,2,2,6,2,4,4,2,2,2,2,2,2,2,4,5,5,5,1,2,2,2,2,9,1,7,2,2,2,5,2,2,2,2,2,2,2,2,2,2,3,3,3,2,2,2,7,7,7,7,7,7,7,7,8,8,8,8,8,8,8,8","0.000890016555786133","fast_greedy","edit-xhwikibooks.graphml"
"0.41","0.24","0.35","0.726020788561905","1,1,1,1,1,4,1,4,4,9,1,3,4,4,4,5,9,1,7,3,2,6,4,4,4,4,4,5,1,9,1,7,3,3,7,7,8,4,2,2,2,2,6,6,6,6,2,6,6,6,2,2,2,2,2,6,6,6,6,2,4,2,2,4,4,2,2,2,2,2,6,2,4,4,2,2,2,2,2,2,2,4,5,5,5,1,2,2,2,2,9,1,7,2,2,2,5,2,2,2,2,2,2,2,2,2,2,3,3,3,2,2,2,7,7,7,7,7,7,7,7,8,8,8,8,8,8,8,8","0.000895977020263672","fast_greedy","edit-xhwikibooks.graphml"
"0.4","0.25","0.35","0.726020788561905","1,1,1,1,1,4,1,4,4,9,1,3,4,4,4,5,9,1,7,3,2,6,4,4,4,4,4,5,1,9,1,7,3,3,7,7,8,4,2,2,2,2,6,6,6,6,2,6,6,6,2,2,2,2,2,6,6,6,6,2,4,2,2,4,4,2,2,2,2,2,6,2,4,4,2,2,2,2,2,2,2,4,5,5,5,1,2,2,2,2,9,1,7,2,2,2,5,2,2,2,2,2,2,2,2,2,2,3,3,3,2,2,2,7,7,7,7,7,7,7,7,8,8,8,8,8,8,8,8","0.000913858413696289","fast_greedy","edit-xhwikibooks.graphml"
"0.39","0.26","0.35","0.726020788561905","1,1,1,1,1,4,1,4,4,9,1,3,4,4,4,5,9,1,7,3,2,6,4,4,4,4,4,5,1,9,1,7,3,3,7,7,8,4,2,2,2,2,6,6,6,6,2,6,6,6,2,2,2,2,2,6,6,6,6,2,4,2,2,4,4,2,2,2,2,2,6,2,4,4,2,2,2,2,2,2,2,4,5,5,5,1,2,2,2,2,9,1,7,2,2,2,5,2,2,2,2,2,2,2,2,2,2,3,3,3,2,2,2,7,7,7,7,7,7,7,7,8,8,8,8,8,8,8,8","0.000921964645385742","fast_greedy","edit-xhwikibooks.graphml"
"0.38","0.27","0.35","0.726020788561905","1,1,1,1,1,4,1,4,4,9,1,3,4,4,4,5,9,1,7,3,2,6,4,4,4,4,4,5,1,9,1,7,3,3,7,7,8,4,2,2,2,2,6,6,6,6,2,6,6,6,2,2,2,2,2,6,6,6,6,2,4,2,2,4,4,2,2,2,2,2,6,2,4,4,2,2,2,2,2,2,2,4,5,5,5,1,2,2,2,2,9,1,7,2,2,2,5,2,2,2,2,2,2,2,2,2,2,3,3,3,2,2,2,7,7,7,7,7,7,7,7,8,8,8,8,8,8,8,8","0.00101709365844727","fast_greedy","edit-xhwikibooks.graphml"
"0.37","0.28","0.35","0.726020788561905","1,1,1,1,1,4,1,4,4,9,1,3,4,4,4,5,9,1,7,3,2,6,4,4,4,4,4,5,1,9,1,7,3,3,7,7,8,4,2,2,2,2,6,6,6,6,2,6,6,6,2,2,2,2,2,6,6,6,6,2,4,2,2,4,4,2,2,2,2,2,6,2,4,4,2,2,2,2,2,2,2,4,5,5,5,1,2,2,2,2,9,1,7,2,2,2,5,2,2,2,2,2,2,2,2,2,2,3,3,3,2,2,2,7,7,7,7,7,7,7,7,8,8,8,8,8,8,8,8","0.000868082046508789","fast_greedy","edit-xhwikibooks.graphml"
"0.36","0.29","0.35","0.726020788561905","1,1,1,1,1,4,1,4,4,9,1,3,4,4,4,5,9,1,7,3,2,6,4,4,4,4,4,5,1,9,1,7,3,3,7,7,8,4,2,2,2,2,6,6,6,6,2,6,6,6,2,2,2,2,2,6,6,6,6,2,4,2,2,4,4,2,2,2,2,2,6,2,4,4,2,2,2,2,2,2,2,4,5,5,5,1,2,2,2,2,9,1,7,2,2,2,5,2,2,2,2,2,2,2,2,2,2,3,3,3,2,2,2,7,7,7,7,7,7,7,7,8,8,8,8,8,8,8,8","0.000898122787475586","fast_greedy","edit-xhwikibooks.graphml"
"0.35","0.3","0.35","0.726020788561905","1,1,1,1,1,4,1,4,4,9,1,3,4,4,4,5,9,1,7,3,2,6,4,4,4,4,4,5,1,9,1,7,3,3,7,7,8,4,2,2,2,2,6,6,6,6,2,6,6,6,2,2,2,2,2,6,6,6,6,2,4,2,2,4,4,2,2,2,2,2,6,2,4,4,2,2,2,2,2,2,2,4,5,5,5,1,2,2,2,2,9,1,7,2,2,2,5,2,2,2,2,2,2,2,2,2,2,3,3,3,2,2,2,7,7,7,7,7,7,7,7,8,8,8,8,8,8,8,8","0.000917911529541016","fast_greedy","edit-xhwikibooks.graphml"
"0.34","0.31","0.35","0.726020788561905","1,1,1,1,1,4,1,4,4,9,1,3,4,4,4,5,9,1,7,3,2,6,4,4,4,4,4,5,1,9,1,7,3,3,7,7,8,4,2,2,2,2,6,6,6,6,2,6,6,6,2,2,2,2,2,6,6,6,6,2,4,2,2,4,4,2,2,2,2,2,6,2,4,4,2,2,2,2,2,2,2,4,5,5,5,1,2,2,2,2,9,1,7,2,2,2,5,2,2,2,2,2,2,2,2,2,2,3,3,3,2,2,2,7,7,7,7,7,7,7,7,8,8,8,8,8,8,8,8","0.000912189483642578","fast_greedy","edit-xhwikibooks.graphml"
"0.33","0.32","0.35","0.726020788561905","1,1,1,1,1,4,1,4,4,9,1,3,4,4,4,5,9,1,7,3,2,6,4,4,4,4,4,5,1,9,1,7,3,3,7,7,8,4,2,2,2,2,6,6,6,6,2,6,6,6,2,2,2,2,2,6,6,6,6,2,4,2,2,4,4,2,2,2,2,2,6,2,4,4,2,2,2,2,2,2,2,4,5,5,5,1,2,2,2,2,9,1,7,2,2,2,5,2,2,2,2,2,2,2,2,2,2,3,3,3,2,2,2,7,7,7,7,7,7,7,7,8,8,8,8,8,8,8,8","0.000931978225708008","fast_greedy","edit-xhwikibooks.graphml"
"0.32","0.33","0.35","0.726020788561905","1,1,1,1,1,4,1,4,4,9,1,3,4,4,4,5,9,1,7,3,2,6,4,4,4,4,4,5,1,9,1,7,3,3,7,7,8,4,2,2,2,2,6,6,6,6,2,6,6,6,2,2,2,2,2,6,6,6,6,2,4,2,2,4,4,2,2,2,2,2,6,2,4,4,2,2,2,2,2,2,2,4,5,5,5,1,2,2,2,2,9,1,7,2,2,2,5,2,2,2,2,2,2,2,2,2,2,3,3,3,2,2,2,7,7,7,7,7,7,7,7,8,8,8,8,8,8,8,8","0.000960826873779297","fast_greedy","edit-xhwikibooks.graphml"
"0.31","0.34","0.35","0.726411011080332","1,1,1,1,1,5,1,5,5,9,1,3,5,5,5,4,9,1,7,3,2,6,5,5,5,5,5,4,1,9,1,7,3,3,7,7,8,5,2,2,2,2,6,6,6,6,2,6,6,6,2,2,2,2,2,6,6,6,6,2,5,2,2,5,5,2,2,2,2,2,6,2,5,5,2,2,2,2,2,2,2,5,4,4,4,1,2,2,2,2,9,1,7,2,2,2,4,2,2,2,2,2,2,2,2,2,2,3,3,3,2,2,2,7,7,7,7,7,7,7,7,8,8,8,8,8,8,8,8","0.000924825668334961","fast_greedy","edit-xhwikibooks.graphml"
"0.3","0.35","0.35","0.726411011080332","1,1,1,1,1,5,1,5,5,9,1,3,5,5,5,4,9,1,7,3,2,6,5,5,5,5,5,4,1,9,1,7,3,3,7,7,8,5,2,2,2,2,6,6,6,6,2,6,6,6,2,2,2,2,2,6,6,6,6,2,5,2,2,5,5,2,2,2,2,2,6,2,5,5,2,2,2,2,2,2,2,5,4,4,4,1,2,2,2,2,9,1,7,2,2,2,4,2,2,2,2,2,2,2,2,2,2,3,3,3,2,2,2,7,7,7,7,7,7,7,7,8,8,8,8,8,8,8,8","0.000913143157958984","fast_greedy","edit-xhwikibooks.graphml"
"0.29","0.36","0.35","0.71826553750752","1,1,1,1,1,5,1,5,5,9,1,3,5,5,5,4,9,1,7,3,2,6,5,5,5,5,5,4,1,9,1,7,3,3,7,7,8,5,2,2,2,2,6,6,6,6,2,6,6,6,2,2,2,2,2,6,6,6,6,2,10,2,2,5,5,2,2,2,2,2,6,2,5,5,2,2,2,2,2,2,2,5,4,4,4,11,2,2,2,2,12,13,14,2,2,2,4,2,2,2,2,2,2,2,2,2,2,3,3,3,2,2,2,7,7,7,7,7,7,7,7,8,8,8,8,8,8,8,8","0.000913143157958984","fast_greedy","edit-xhwikibooks.graphml"
"0.28","0.37","0.35","0.71826553750752","1,1,1,1,1,5,1,5,5,9,1,3,5,5,5,4,9,1,7,3,2,6,5,5,5,5,5,4,1,9,1,7,3,3,7,7,8,5,2,2,2,2,6,6,6,6,2,6,6,6,2,2,2,2,2,6,6,6,6,2,10,2,2,5,5,2,2,2,2,2,6,2,5,5,2,2,2,2,2,2,2,5,4,4,4,11,2,2,2,2,12,13,14,2,2,2,4,2,2,2,2,2,2,2,2,2,2,3,3,3,2,2,2,7,7,7,7,7,7,7,7,8,8,8,8,8,8,8,8","0.000910043716430664","fast_greedy","edit-xhwikibooks.graphml"
"0.27","0.38","0.35","0.71826553750752","1,1,1,1,1,5,1,5,5,9,1,3,5,5,5,4,9,1,7,3,2,6,5,5,5,5,5,4,1,9,1,7,3,3,7,7,8,5,2,2,2,2,6,6,6,6,2,6,6,6,2,2,2,2,2,6,6,6,6,2,10,2,2,5,5,2,2,2,2,2,6,2,5,5,2,2,2,2,2,2,2,5,4,4,4,11,2,2,2,2,12,13,14,2,2,2,4,2,2,2,2,2,2,2,2,2,2,3,3,3,2,2,2,7,7,7,7,7,7,7,7,8,8,8,8,8,8,8,8","0.00105094909667969","fast_greedy","edit-xhwikibooks.graphml"
"0.26","0.39","0.35","0.71826553750752","1,1,1,1,1,5,1,5,5,9,1,3,5,5,5,4,9,1,7,3,2,6,5,5,5,5,5,4,1,9,1,7,3,3,7,7,8,5,2,2,2,2,6,6,6,6,2,6,6,6,2,2,2,2,2,6,6,6,6,2,10,2,2,5,5,2,2,2,2,2,6,2,5,5,2,2,2,2,2,2,2,5,4,4,4,11,2,2,2,2,12,13,14,2,2,2,4,2,2,2,2,2,2,2,2,2,2,3,3,3,2,2,2,7,7,7,7,7,7,7,7,8,8,8,8,8,8,8,8","0.00088810920715332","fast_greedy","edit-xhwikibooks.graphml"
"0.25","0.4","0.35","0.71826553750752","1,1,1,1,1,5,1,5,5,9,1,3,5,5,5,4,9,1,7,3,2,6,5,5,5,5,5,4,1,9,1,7,3,3,7,7,8,5,2,2,2,2,6,6,6,6,2,6,6,6,2,2,2,2,2,6,6,6,6,2,10,2,2,5,5,2,2,2,2,2,6,2,5,5,2,2,2,2,2,2,2,5,4,4,4,11,2,2,2,2,12,13,14,2,2,2,4,2,2,2,2,2,2,2,2,2,2,3,3,3,2,2,2,7,7,7,7,7,7,7,7,8,8,8,8,8,8,8,8","0.000904083251953125","fast_greedy","edit-xhwikibooks.graphml"
"0.24","0.41","0.35","0.71826553750752","1,1,1,1,1,5,1,5,5,9,1,3,5,5,5,4,9,1,7,3,2,6,5,5,5,5,5,4,1,9,1,7,3,3,7,7,8,5,2,2,2,2,6,6,6,6,2,6,6,6,2,2,2,2,2,6,6,6,6,2,10,2,2,5,5,2,2,2,2,2,6,2,5,5,2,2,2,2,2,2,2,5,4,4,4,11,2,2,2,2,12,13,14,2,2,2,4,2,2,2,2,2,2,2,2,2,2,3,3,3,2,2,2,7,7,7,7,7,7,7,7,8,8,8,8,8,8,8,8","0.000915050506591797","fast_greedy","edit-xhwikibooks.graphml"
"0.23","0.42","0.35","0.71826553750752","1,1,1,1,1,5,1,5,5,9,1,3,5,5,5,4,9,1,7,3,2,6,5,5,5,5,5,4,1,9,1,7,3,3,7,7,8,5,2,2,2,2,6,6,6,6,2,6,6,6,2,2,2,2,2,6,6,6,6,2,10,2,2,5,5,2,2,2,2,2,6,2,5,5,2,2,2,2,2,2,2,5,4,4,4,11,2,2,2,2,12,13,14,2,2,2,4,2,2,2,2,2,2,2,2,2,2,3,3,3,2,2,2,7,7,7,7,7,7,7,7,8,8,8,8,8,8,8,8","0.000926017761230469","fast_greedy","edit-xhwikibooks.graphml"
"0.22","0.43","0.35","0.71826553750752","1,1,1,1,1,5,1,5,5,9,1,3,5,5,5,4,9,1,7,3,2,6,5,5,5,5,5,4,1,9,1,7,3,3,7,7,8,5,2,2,2,2,6,6,6,6,2,6,6,6,2,2,2,2,2,6,6,6,6,2,10,2,2,5,5,2,2,2,2,2,6,2,5,5,2,2,2,2,2,2,2,5,4,4,4,11,2,2,2,2,12,13,14,2,2,2,4,2,2,2,2,2,2,2,2,2,2,3,3,3,2,2,2,7,7,7,7,7,7,7,7,8,8,8,8,8,8,8,8","0.000926017761230469","fast_greedy","edit-xhwikibooks.graphml"
"0.21","0.44","0.35","0.71826553750752","1,1,1,1,1,5,1,5,5,9,1,3,5,5,5,4,9,1,7,3,2,6,5,5,5,5,5,4,1,9,1,7,3,3,7,7,8,5,2,2,2,2,6,6,6,6,2,6,6,6,2,2,2,2,2,6,6,6,6,2,10,2,2,5,5,2,2,2,2,2,6,2,5,5,2,2,2,2,2,2,2,5,4,4,4,11,2,2,2,2,12,13,14,2,2,2,4,2,2,2,2,2,2,2,2,2,2,3,3,3,2,2,2,7,7,7,7,7,7,7,7,8,8,8,8,8,8,8,8","0.000886917114257812","fast_greedy","edit-xhwikibooks.graphml"
"0.2","0.45","0.35","0.71826553750752","1,1,1,1,1,5,1,5,5,9,1,3,5,5,5,4,9,1,7,3,2,6,5,5,5,5,5,4,1,9,1,7,3,3,7,7,8,5,2,2,2,2,6,6,6,6,2,6,6,6,2,2,2,2,2,6,6,6,6,2,10,2,2,5,5,2,2,2,2,2,6,2,5,5,2,2,2,2,2,2,2,5,4,4,4,11,2,2,2,2,12,13,14,2,2,2,4,2,2,2,2,2,2,2,2,2,2,3,3,3,2,2,2,7,7,7,7,7,7,7,7,8,8,8,8,8,8,8,8","0.00113296508789062","fast_greedy","edit-xhwikibooks.graphml"
"0.19","0.46","0.35","0.71826553750752","1,1,1,1,1,5,1,5,5,9,1,3,5,5,5,4,9,1,7,3,2,6,5,5,5,5,5,4,1,9,1,7,3,3,7,7,8,5,2,2,2,2,6,6,6,6,2,6,6,6,2,2,2,2,2,6,6,6,6,2,10,2,2,5,5,2,2,2,2,2,6,2,5,5,2,2,2,2,2,2,2,5,4,4,4,11,2,2,2,2,12,13,14,2,2,2,4,2,2,2,2,2,2,2,2,2,2,3,3,3,2,2,2,7,7,7,7,7,7,7,7,8,8,8,8,8,8,8,8","0.000927925109863281","fast_greedy","edit-xhwikibooks.graphml"
"0.18","0.47","0.35","0.71826553750752","1,1,1,1,1,5,1,5,5,9,1,3,5,5,5,4,9,1,7,3,2,6,5,5,5,5,5,4,1,9,1,7,3,3,7,7,8,5,2,2,2,2,6,6,6,6,2,6,6,6,2,2,2,2,2,6,6,6,6,2,10,2,2,5,5,2,2,2,2,2,6,2,5,5,2,2,2,2,2,2,2,5,4,4,4,11,2,2,2,2,12,13,14,2,2,2,4,2,2,2,2,2,2,2,2,2,2,3,3,3,2,2,2,7,7,7,7,7,7,7,7,8,8,8,8,8,8,8,8","0.000908136367797852","fast_greedy","edit-xhwikibooks.graphml"
"0.17","0.48","0.35","0.71826553750752","1,1,1,1,1,5,1,5,5,9,1,3,5,5,5,4,9,1,7,3,2,6,5,5,5,5,5,4,1,9,1,7,3,3,7,7,8,5,2,2,2,2,6,6,6,6,2,6,6,6,2,2,2,2,2,6,6,6,6,2,10,2,2,5,5,2,2,2,2,2,6,2,5,5,2,2,2,2,2,2,2,5,4,4,4,11,2,2,2,2,12,13,14,2,2,2,4,2,2,2,2,2,2,2,2,2,2,3,3,3,2,2,2,7,7,7,7,7,7,7,7,8,8,8,8,8,8,8,8","0.000911951065063477","fast_greedy","edit-xhwikibooks.graphml"
"0.16","0.49","0.35","0.71826553750752","1,1,1,1,1,5,1,5,5,9,1,3,5,5,5,4,9,1,7,3,2,6,5,5,5,5,5,4,1,9,1,7,3,3,7,7,8,5,2,2,2,2,6,6,6,6,2,6,6,6,2,2,2,2,2,6,6,6,6,2,10,2,2,5,5,2,2,2,2,2,6,2,5,5,2,2,2,2,2,2,2,5,4,4,4,11,2,2,2,2,12,13,14,2,2,2,4,2,2,2,2,2,2,2,2,2,2,3,3,3,2,2,2,7,7,7,7,7,7,7,7,8,8,8,8,8,8,8,8","0.000982046127319336","fast_greedy","edit-xhwikibooks.graphml"
"0.15","0.5","0.35","0.728459249166338","1,1,1,1,1,6,1,6,6,9,1,3,6,6,6,4,9,1,7,3,2,5,6,6,6,6,6,4,1,9,1,7,3,3,7,7,8,6,2,2,2,2,5,5,5,5,2,5,5,5,2,2,2,2,2,5,5,5,5,2,10,2,2,6,6,2,2,2,2,2,5,2,6,6,2,2,2,2,2,2,2,6,4,4,4,11,2,2,2,2,12,13,14,2,2,2,4,2,2,2,2,2,2,2,2,2,2,3,3,3,2,2,2,7,7,7,7,7,7,7,7,8,8,8,8,8,8,8,8","0.000921010971069336","fast_greedy","edit-xhwikibooks.graphml"
"0.14","0.51","0.35","0.728459249166338","1,1,1,1,1,6,1,6,6,9,1,3,6,6,6,4,9,1,7,3,2,5,6,6,6,6,6,4,1,9,1,7,3,3,7,7,8,6,2,2,2,2,5,5,5,5,2,5,5,5,2,2,2,2,2,5,5,5,5,2,10,2,2,6,6,2,2,2,2,2,5,2,6,6,2,2,2,2,2,2,2,6,4,4,4,11,2,2,2,2,12,13,14,2,2,2,4,2,2,2,2,2,2,2,2,2,2,3,3,3,2,2,2,7,7,7,7,7,7,7,7,8,8,8,8,8,8,8,8","0.000928878784179688","fast_greedy","edit-xhwikibooks.graphml"
"0.13","0.52","0.35","0.728459249166338","1,1,1,1,1,6,1,6,6,9,1,3,6,6,6,4,9,1,7,3,2,5,6,6,6,6,6,4,1,9,1,7,3,3,7,7,8,6,2,2,2,2,5,5,5,5,2,5,5,5,2,2,2,2,2,5,5,5,5,2,10,2,2,6,6,2,2,2,2,2,5,2,6,6,2,2,2,2,2,2,2,6,4,4,4,11,2,2,2,2,12,13,14,2,2,2,4,2,2,2,2,2,2,2,2,2,2,3,3,3,2,2,2,7,7,7,7,7,7,7,7,8,8,8,8,8,8,8,8","0.000929117202758789","fast_greedy","edit-xhwikibooks.graphml"
"0.12","0.53","0.35","0.728459249166338","1,1,1,1,1,6,1,6,6,9,1,3,6,6,6,4,9,1,7,3,2,5,6,6,6,6,6,4,1,9,1,7,3,3,7,7,8,6,2,2,2,2,5,5,5,5,2,5,5,5,2,2,2,2,2,5,5,5,5,2,10,2,2,6,6,2,2,2,2,2,5,2,6,6,2,2,2,2,2,2,2,6,4,4,4,11,2,2,2,2,12,13,14,2,2,2,4,2,2,2,2,2,2,2,2,2,2,3,3,3,2,2,2,7,7,7,7,7,7,7,7,8,8,8,8,8,8,8,8","0.00093388557434082","fast_greedy","edit-xhwikibooks.graphml"
"0.11","0.54","0.35","0.728459249166338","1,1,1,1,1,6,1,6,6,9,1,3,6,6,6,4,9,1,7,3,2,5,6,6,6,6,6,4,1,9,1,7,3,3,7,7,8,6,2,2,2,2,5,5,5,5,2,5,5,5,2,2,2,2,2,5,5,5,5,2,10,2,2,6,6,2,2,2,2,2,5,2,6,6,2,2,2,2,2,2,2,6,4,4,4,11,2,2,2,2,12,13,14,2,2,2,4,2,2,2,2,2,2,2,2,2,2,3,3,3,2,2,2,7,7,7,7,7,7,7,7,8,8,8,8,8,8,8,8","0.000931978225708008","fast_greedy","edit-xhwikibooks.graphml"
"0.1","0.55","0.35","0.728459249166338","1,1,1,1,1,6,1,6,6,9,1,3,6,6,6,4,9,1,7,3,2,5,6,6,6,6,6,4,1,9,1,7,3,3,7,7,8,6,2,2,2,2,5,5,5,5,2,5,5,5,2,2,2,2,2,5,5,5,5,2,10,2,2,6,6,2,2,2,2,2,5,2,6,6,2,2,2,2,2,2,2,6,4,4,4,11,2,2,2,2,12,13,14,2,2,2,4,2,2,2,2,2,2,2,2,2,2,3,3,3,2,2,2,7,7,7,7,7,7,7,7,8,8,8,8,8,8,8,8","0.000917911529541016","fast_greedy","edit-xhwikibooks.graphml"
"0.09","0.56","0.35","0.728459249166338","1,1,1,1,1,6,1,6,6,9,1,3,6,6,6,4,9,1,7,3,2,5,6,6,6,6,6,4,1,9,1,7,3,3,7,7,8,6,2,2,2,2,5,5,5,5,2,5,5,5,2,2,2,2,2,5,5,5,5,2,10,2,2,6,6,2,2,2,2,2,5,2,6,6,2,2,2,2,2,2,2,6,4,4,4,11,2,2,2,2,12,13,14,2,2,2,4,2,2,2,2,2,2,2,2,2,2,3,3,3,2,2,2,7,7,7,7,7,7,7,7,8,8,8,8,8,8,8,8","0.000955820083618164","fast_greedy","edit-xhwikibooks.graphml"
"0.08","0.57","0.35","0.728459249166338","1,1,1,1,1,6,1,6,6,9,1,3,6,6,6,4,9,1,7,3,2,5,6,6,6,6,6,4,1,9,1,7,3,3,7,7,8,6,2,2,2,2,5,5,5,5,2,5,5,5,2,2,2,2,2,5,5,5,5,2,10,2,2,6,6,2,2,2,2,2,5,2,6,6,2,2,2,2,2,2,2,6,4,4,4,11,2,2,2,2,12,13,14,2,2,2,4,2,2,2,2,2,2,2,2,2,2,3,3,3,2,2,2,7,7,7,7,7,7,7,7,8,8,8,8,8,8,8,8","0.000898122787475586","fast_greedy","edit-xhwikibooks.graphml"
"0.07","0.58","0.35","0.728459249166338","1,1,1,1,1,6,1,6,6,9,1,3,6,6,6,4,9,1,7,3,2,5,6,6,6,6,6,4,1,9,1,7,3,3,7,7,8,6,2,2,2,2,5,5,5,5,2,5,5,5,2,2,2,2,2,5,5,5,5,2,10,2,2,6,6,2,2,2,2,2,5,2,6,6,2,2,2,2,2,2,2,6,4,4,4,11,2,2,2,2,12,13,14,2,2,2,4,2,2,2,2,2,2,2,2,2,2,3,3,3,2,2,2,7,7,7,7,7,7,7,7,8,8,8,8,8,8,8,8","0.00090789794921875","fast_greedy","edit-xhwikibooks.graphml"
"0.06","0.59","0.35","0.728459249166338","1,1,1,1,1,6,1,6,6,9,1,3,6,6,6,4,9,1,7,3,2,5,6,6,6,6,6,4,1,9,1,7,3,3,7,7,8,6,2,2,2,2,5,5,5,5,2,5,5,5,2,2,2,2,2,5,5,5,5,2,10,2,2,6,6,2,2,2,2,2,5,2,6,6,2,2,2,2,2,2,2,6,4,4,4,11,2,2,2,2,12,13,14,2,2,2,4,2,2,2,2,2,2,2,2,2,2,3,3,3,2,2,2,7,7,7,7,7,7,7,7,8,8,8,8,8,8,8,8","0.000923871994018555","fast_greedy","edit-xhwikibooks.graphml"
"0.05","0.6","0.35","0.728459249166338","1,1,1,1,1,6,1,6,6,9,1,3,6,6,6,4,9,1,7,3,2,5,6,6,6,6,6,4,1,9,1,7,3,3,7,7,8,6,2,2,2,2,5,5,5,5,2,5,5,5,2,2,2,2,2,5,5,5,5,2,10,2,2,6,6,2,2,2,2,2,5,2,6,6,2,2,2,2,2,2,2,6,4,4,4,11,2,2,2,2,12,13,14,2,2,2,4,2,2,2,2,2,2,2,2,2,2,3,3,3,2,2,2,7,7,7,7,7,7,7,7,8,8,8,8,8,8,8,8","0.000921964645385742","fast_greedy","edit-xhwikibooks.graphml"
"0.04","0.61","0.35","0.728459249166338","1,1,1,1,1,6,1,6,6,9,1,3,6,6,6,4,9,1,7,3,2,5,6,6,6,6,6,4,1,9,1,7,3,3,7,7,8,6,2,2,2,2,5,5,5,5,2,5,5,5,2,2,2,2,2,5,5,5,5,2,10,2,2,6,6,2,2,2,2,2,5,2,6,6,2,2,2,2,2,2,2,6,4,4,4,11,2,2,2,2,12,13,14,2,2,2,4,2,2,2,2,2,2,2,2,2,2,3,3,3,2,2,2,7,7,7,7,7,7,7,7,8,8,8,8,8,8,8,8","0.000898838043212891","fast_greedy","edit-xhwikibooks.graphml"
"0.03","0.62","0.35","0.728459249166338","1,1,1,1,1,6,1,6,6,9,1,3,6,6,6,4,9,1,7,3,2,5,6,6,6,6,6,4,1,9,1,7,3,3,7,7,8,6,2,2,2,2,5,5,5,5,2,5,5,5,2,2,2,2,2,5,5,5,5,2,10,2,2,6,6,2,2,2,2,2,5,2,6,6,2,2,2,2,2,2,2,6,4,4,4,11,2,2,2,2,12,13,14,2,2,2,4,2,2,2,2,2,2,2,2,2,2,3,3,3,2,2,2,7,7,7,7,7,7,7,7,8,8,8,8,8,8,8,8","0.000924110412597656","fast_greedy","edit-xhwikibooks.graphml"
"0.02","0.63","0.35","0.728459249166338","1,1,1,1,1,6,1,6,6,9,1,3,6,6,6,4,9,1,7,3,2,5,6,6,6,6,6,4,1,9,1,7,3,3,7,7,8,6,2,2,2,2,5,5,5,5,2,5,5,5,2,2,2,2,2,5,5,5,5,2,10,2,2,6,6,2,2,2,2,2,5,2,6,6,2,2,2,2,2,2,2,6,4,4,4,11,2,2,2,2,12,13,14,2,2,2,4,2,2,2,2,2,2,2,2,2,2,3,3,3,2,2,2,7,7,7,7,7,7,7,7,8,8,8,8,8,8,8,8","0.000903129577636719","fast_greedy","edit-xhwikibooks.graphml"
"0.01","0.64","0.35","0.728459249166338","1,1,1,1,1,6,1,6,6,9,1,3,6,6,6,4,9,1,7,3,2,5,6,6,6,6,6,4,1,9,1,7,3,3,7,7,8,6,2,2,2,2,5,5,5,5,2,5,5,5,2,2,2,2,2,5,5,5,5,2,10,2,2,6,6,2,2,2,2,2,5,2,6,6,2,2,2,2,2,2,2,6,4,4,4,11,2,2,2,2,12,13,14,2,2,2,4,2,2,2,2,2,2,2,2,2,2,3,3,3,2,2,2,7,7,7,7,7,7,7,7,8,8,8,8,8,8,8,8","0.000921964645385742","fast_greedy","edit-xhwikibooks.graphml"
"0","0.65","0.35","0.72014136609856","1,1,1,1,1,1,2,1,6,1,2,2,6,6,6,4,1,2,7,2,3,5,6,6,6,6,6,4,1,1,2,7,2,2,7,7,8,6,3,3,3,3,5,5,5,5,3,5,5,5,3,3,3,3,3,5,5,5,5,3,9,3,3,6,6,3,3,3,3,3,5,3,6,6,3,3,3,3,3,3,3,6,4,4,4,10,3,3,3,3,11,12,13,3,3,3,4,3,3,3,3,3,3,3,3,3,3,2,2,2,3,3,3,7,7,7,7,7,7,7,7,8,8,8,8,8,8,8,8","0.000926971435546875","fast_greedy","edit-xhwikibooks.graphml"
"0.64","0","0.36","0.724977777777778","1,1,1,1,1,4,1,4,4,9,1,3,4,4,4,5,9,1,7,3,2,6,4,4,4,4,4,5,1,9,1,7,3,3,7,7,8,4,2,2,2,2,6,6,6,6,2,6,6,6,2,2,2,2,2,6,6,6,6,2,4,2,2,4,4,2,2,2,2,2,6,2,4,4,2,2,2,2,2,2,2,4,5,5,5,1,2,2,2,2,9,1,7,2,2,2,5,2,2,2,2,2,2,2,2,2,2,3,3,3,2,2,2,7,7,7,7,7,7,7,7,8,8,8,8,8,8,8,8","0.000936031341552734","fast_greedy","edit-xhwikibooks.graphml"
"0.63","0.01","0.36","0.724977777777778","1,1,1,1,1,4,1,4,4,9,1,3,4,4,4,5,9,1,7,3,2,6,4,4,4,4,4,5,1,9,1,7,3,3,7,7,8,4,2,2,2,2,6,6,6,6,2,6,6,6,2,2,2,2,2,6,6,6,6,2,4,2,2,4,4,2,2,2,2,2,6,2,4,4,2,2,2,2,2,2,2,4,5,5,5,1,2,2,2,2,9,1,7,2,2,2,5,2,2,2,2,2,2,2,2,2,2,3,3,3,2,2,2,7,7,7,7,7,7,7,7,8,8,8,8,8,8,8,8","0.000931024551391602","fast_greedy","edit-xhwikibooks.graphml"
"0.62","0.02","0.36","0.724977777777778","1,1,1,1,1,4,1,4,4,9,1,3,4,4,4,5,9,1,7,3,2,6,4,4,4,4,4,5,1,9,1,7,3,3,7,7,8,4,2,2,2,2,6,6,6,6,2,6,6,6,2,2,2,2,2,6,6,6,6,2,4,2,2,4,4,2,2,2,2,2,6,2,4,4,2,2,2,2,2,2,2,4,5,5,5,1,2,2,2,2,9,1,7,2,2,2,5,2,2,2,2,2,2,2,2,2,2,3,3,3,2,2,2,7,7,7,7,7,7,7,7,8,8,8,8,8,8,8,8","0.00117111206054688","fast_greedy","edit-xhwikibooks.graphml"
"0.61","0.03","0.36","0.724977777777778","1,1,1,1,1,4,1,4,4,9,1,3,4,4,4,5,9,1,7,3,2,6,4,4,4,4,4,5,1,9,1,7,3,3,7,7,8,4,2,2,2,2,6,6,6,6,2,6,6,6,2,2,2,2,2,6,6,6,6,2,4,2,2,4,4,2,2,2,2,2,6,2,4,4,2,2,2,2,2,2,2,4,5,5,5,1,2,2,2,2,9,1,7,2,2,2,5,2,2,2,2,2,2,2,2,2,2,3,3,3,2,2,2,7,7,7,7,7,7,7,7,8,8,8,8,8,8,8,8","0.000921010971069336","fast_greedy","edit-xhwikibooks.graphml"
"0.6","0.04","0.36","0.724977777777778","1,1,1,1,1,4,1,4,4,9,1,3,4,4,4,5,9,1,7,3,2,6,4,4,4,4,4,5,1,9,1,7,3,3,7,7,8,4,2,2,2,2,6,6,6,6,2,6,6,6,2,2,2,2,2,6,6,6,6,2,4,2,2,4,4,2,2,2,2,2,6,2,4,4,2,2,2,2,2,2,2,4,5,5,5,1,2,2,2,2,9,1,7,2,2,2,5,2,2,2,2,2,2,2,2,2,2,3,3,3,2,2,2,7,7,7,7,7,7,7,7,8,8,8,8,8,8,8,8","0.00090789794921875","fast_greedy","edit-xhwikibooks.graphml"
"0.59","0.05","0.36","0.724977777777778","1,1,1,1,1,4,1,4,4,9,1,3,4,4,4,5,9,1,7,3,2,6,4,4,4,4,4,5,1,9,1,7,3,3,7,7,8,4,2,2,2,2,6,6,6,6,2,6,6,6,2,2,2,2,2,6,6,6,6,2,4,2,2,4,4,2,2,2,2,2,6,2,4,4,2,2,2,2,2,2,2,4,5,5,5,1,2,2,2,2,9,1,7,2,2,2,5,2,2,2,2,2,2,2,2,2,2,3,3,3,2,2,2,7,7,7,7,7,7,7,7,8,8,8,8,8,8,8,8","0.000930070877075195","fast_greedy","edit-xhwikibooks.graphml"
"0.58","0.06","0.36","0.724977777777778","1,1,1,1,1,4,1,4,4,9,1,3,4,4,4,5,9,1,7,3,2,6,4,4,4,4,4,5,1,9,1,7,3,3,7,7,8,4,2,2,2,2,6,6,6,6,2,6,6,6,2,2,2,2,2,6,6,6,6,2,4,2,2,4,4,2,2,2,2,2,6,2,4,4,2,2,2,2,2,2,2,4,5,5,5,1,2,2,2,2,9,1,7,2,2,2,5,2,2,2,2,2,2,2,2,2,2,3,3,3,2,2,2,7,7,7,7,7,7,7,7,8,8,8,8,8,8,8,8","0.204069852828979","fast_greedy","edit-xhwikibooks.graphml"
"0.57","0.07","0.36","0.724977777777778","1,1,1,1,1,4,1,4,4,9,1,3,4,4,4,5,9,1,7,3,2,6,4,4,4,4,4,5,1,9,1,7,3,3,7,7,8,4,2,2,2,2,6,6,6,6,2,6,6,6,2,2,2,2,2,6,6,6,6,2,4,2,2,4,4,2,2,2,2,2,6,2,4,4,2,2,2,2,2,2,2,4,5,5,5,1,2,2,2,2,9,1,7,2,2,2,5,2,2,2,2,2,2,2,2,2,2,3,3,3,2,2,2,7,7,7,7,7,7,7,7,8,8,8,8,8,8,8,8","0.00115799903869629","fast_greedy","edit-xhwikibooks.graphml"
"0.56","0.08","0.36","0.724977777777778","1,1,1,1,1,4,1,4,4,9,1,3,4,4,4,5,9,1,7,3,2,6,4,4,4,4,4,5,1,9,1,7,3,3,7,7,8,4,2,2,2,2,6,6,6,6,2,6,6,6,2,2,2,2,2,6,6,6,6,2,4,2,2,4,4,2,2,2,2,2,6,2,4,4,2,2,2,2,2,2,2,4,5,5,5,1,2,2,2,2,9,1,7,2,2,2,5,2,2,2,2,2,2,2,2,2,2,3,3,3,2,2,2,7,7,7,7,7,7,7,7,8,8,8,8,8,8,8,8","0.00102496147155762","fast_greedy","edit-xhwikibooks.graphml"
"0.55","0.09","0.36","0.724977777777778","1,1,1,1,1,4,1,4,4,9,1,3,4,4,4,5,9,1,7,3,2,6,4,4,4,4,4,5,1,9,1,7,3,3,7,7,8,4,2,2,2,2,6,6,6,6,2,6,6,6,2,2,2,2,2,6,6,6,6,2,4,2,2,4,4,2,2,2,2,2,6,2,4,4,2,2,2,2,2,2,2,4,5,5,5,1,2,2,2,2,9,1,7,2,2,2,5,2,2,2,2,2,2,2,2,2,2,3,3,3,2,2,2,7,7,7,7,7,7,7,7,8,8,8,8,8,8,8,8","0.000965118408203125","fast_greedy","edit-xhwikibooks.graphml"
"0.54","0.1","0.36","0.724977777777778","1,1,1,1,1,4,1,4,4,9,1,3,4,4,4,5,9,1,7,3,2,6,4,4,4,4,4,5,1,9,1,7,3,3,7,7,8,4,2,2,2,2,6,6,6,6,2,6,6,6,2,2,2,2,2,6,6,6,6,2,4,2,2,4,4,2,2,2,2,2,6,2,4,4,2,2,2,2,2,2,2,4,5,5,5,1,2,2,2,2,9,1,7,2,2,2,5,2,2,2,2,2,2,2,2,2,2,3,3,3,2,2,2,7,7,7,7,7,7,7,7,8,8,8,8,8,8,8,8","0.000962018966674805","fast_greedy","edit-xhwikibooks.graphml"
"0.53","0.11","0.36","0.724977777777778","1,1,1,1,1,4,1,4,4,9,1,3,4,4,4,5,9,1,7,3,2,6,4,4,4,4,4,5,1,9,1,7,3,3,7,7,8,4,2,2,2,2,6,6,6,6,2,6,6,6,2,2,2,2,2,6,6,6,6,2,4,2,2,4,4,2,2,2,2,2,6,2,4,4,2,2,2,2,2,2,2,4,5,5,5,1,2,2,2,2,9,1,7,2,2,2,5,2,2,2,2,2,2,2,2,2,2,3,3,3,2,2,2,7,7,7,7,7,7,7,7,8,8,8,8,8,8,8,8","0.00115180015563965","fast_greedy","edit-xhwikibooks.graphml"
"0.52","0.12","0.36","0.724977777777778","1,1,1,1,1,4,1,4,4,9,1,3,4,4,4,5,9,1,7,3,2,6,4,4,4,4,4,5,1,9,1,7,3,3,7,7,8,4,2,2,2,2,6,6,6,6,2,6,6,6,2,2,2,2,2,6,6,6,6,2,4,2,2,4,4,2,2,2,2,2,6,2,4,4,2,2,2,2,2,2,2,4,5,5,5,1,2,2,2,2,9,1,7,2,2,2,5,2,2,2,2,2,2,2,2,2,2,3,3,3,2,2,2,7,7,7,7,7,7,7,7,8,8,8,8,8,8,8,8","0.000890016555786133","fast_greedy","edit-xhwikibooks.graphml"
"0.51","0.13","0.36","0.724977777777778","1,1,1,1,1,4,1,4,4,9,1,3,4,4,4,5,9,1,7,3,2,6,4,4,4,4,4,5,1,9,1,7,3,3,7,7,8,4,2,2,2,2,6,6,6,6,2,6,6,6,2,2,2,2,2,6,6,6,6,2,4,2,2,4,4,2,2,2,2,2,6,2,4,4,2,2,2,2,2,2,2,4,5,5,5,1,2,2,2,2,9,1,7,2,2,2,5,2,2,2,2,2,2,2,2,2,2,3,3,3,2,2,2,7,7,7,7,7,7,7,7,8,8,8,8,8,8,8,8","0.000913143157958984","fast_greedy","edit-xhwikibooks.graphml"
"0.5","0.14","0.36","0.724977777777778","1,1,1,1,1,4,1,4,4,9,1,3,4,4,4,5,9,1,7,3,2,6,4,4,4,4,4,5,1,9,1,7,3,3,7,7,8,4,2,2,2,2,6,6,6,6,2,6,6,6,2,2,2,2,2,6,6,6,6,2,4,2,2,4,4,2,2,2,2,2,6,2,4,4,2,2,2,2,2,2,2,4,5,5,5,1,2,2,2,2,9,1,7,2,2,2,5,2,2,2,2,2,2,2,2,2,2,3,3,3,2,2,2,7,7,7,7,7,7,7,7,8,8,8,8,8,8,8,8","0.000916957855224609","fast_greedy","edit-xhwikibooks.graphml"
"0.49","0.15","0.36","0.724977777777778","1,1,1,1,1,4,1,4,4,9,1,3,4,4,4,5,9,1,7,3,2,6,4,4,4,4,4,5,1,9,1,7,3,3,7,7,8,4,2,2,2,2,6,6,6,6,2,6,6,6,2,2,2,2,2,6,6,6,6,2,4,2,2,4,4,2,2,2,2,2,6,2,4,4,2,2,2,2,2,2,2,4,5,5,5,1,2,2,2,2,9,1,7,2,2,2,5,2,2,2,2,2,2,2,2,2,2,3,3,3,2,2,2,7,7,7,7,7,7,7,7,8,8,8,8,8,8,8,8","0.000918865203857422","fast_greedy","edit-xhwikibooks.graphml"
"0.48","0.16","0.36","0.724977777777778","1,1,1,1,1,4,1,4,4,9,1,3,4,4,4,5,9,1,7,3,2,6,4,4,4,4,4,5,1,9,1,7,3,3,7,7,8,4,2,2,2,2,6,6,6,6,2,6,6,6,2,2,2,2,2,6,6,6,6,2,4,2,2,4,4,2,2,2,2,2,6,2,4,4,2,2,2,2,2,2,2,4,5,5,5,1,2,2,2,2,9,1,7,2,2,2,5,2,2,2,2,2,2,2,2,2,2,3,3,3,2,2,2,7,7,7,7,7,7,7,7,8,8,8,8,8,8,8,8","0.000967025756835938","fast_greedy","edit-xhwikibooks.graphml"
"0.47","0.17","0.36","0.726020788561905","1,1,1,1,1,4,1,4,4,9,1,3,4,4,4,5,9,1,7,3,2,6,4,4,4,4,4,5,1,9,1,7,3,3,7,7,8,4,2,2,2,2,6,6,6,6,2,6,6,6,2,2,2,2,2,6,6,6,6,2,4,2,2,4,4,2,2,2,2,2,6,2,4,4,2,2,2,2,2,2,2,4,5,5,5,1,2,2,2,2,9,1,7,2,2,2,5,2,2,2,2,2,2,2,2,2,2,3,3,3,2,2,2,7,7,7,7,7,7,7,7,8,8,8,8,8,8,8,8","0.000948905944824219","fast_greedy","edit-xhwikibooks.graphml"
"0.46","0.18","0.36","0.726020788561905","1,1,1,1,1,4,1,4,4,9,1,3,4,4,4,5,9,1,7,3,2,6,4,4,4,4,4,5,1,9,1,7,3,3,7,7,8,4,2,2,2,2,6,6,6,6,2,6,6,6,2,2,2,2,2,6,6,6,6,2,4,2,2,4,4,2,2,2,2,2,6,2,4,4,2,2,2,2,2,2,2,4,5,5,5,1,2,2,2,2,9,1,7,2,2,2,5,2,2,2,2,2,2,2,2,2,2,3,3,3,2,2,2,7,7,7,7,7,7,7,7,8,8,8,8,8,8,8,8","0.000961065292358398","fast_greedy","edit-xhwikibooks.graphml"
"0.45","0.19","0.36","0.726020788561905","1,1,1,1,1,4,1,4,4,9,1,3,4,4,4,5,9,1,7,3,2,6,4,4,4,4,4,5,1,9,1,7,3,3,7,7,8,4,2,2,2,2,6,6,6,6,2,6,6,6,2,2,2,2,2,6,6,6,6,2,4,2,2,4,4,2,2,2,2,2,6,2,4,4,2,2,2,2,2,2,2,4,5,5,5,1,2,2,2,2,9,1,7,2,2,2,5,2,2,2,2,2,2,2,2,2,2,3,3,3,2,2,2,7,7,7,7,7,7,7,7,8,8,8,8,8,8,8,8","0.00103211402893066","fast_greedy","edit-xhwikibooks.graphml"
"0.44","0.2","0.36","0.726020788561905","1,1,1,1,1,4,1,4,4,9,1,3,4,4,4,5,9,1,7,3,2,6,4,4,4,4,4,5,1,9,1,7,3,3,7,7,8,4,2,2,2,2,6,6,6,6,2,6,6,6,2,2,2,2,2,6,6,6,6,2,4,2,2,4,4,2,2,2,2,2,6,2,4,4,2,2,2,2,2,2,2,4,5,5,5,1,2,2,2,2,9,1,7,2,2,2,5,2,2,2,2,2,2,2,2,2,2,3,3,3,2,2,2,7,7,7,7,7,7,7,7,8,8,8,8,8,8,8,8","0.000912904739379883","fast_greedy","edit-xhwikibooks.graphml"
"0.43","0.21","0.36","0.726020788561905","1,1,1,1,1,4,1,4,4,9,1,3,4,4,4,5,9,1,7,3,2,6,4,4,4,4,4,5,1,9,1,7,3,3,7,7,8,4,2,2,2,2,6,6,6,6,2,6,6,6,2,2,2,2,2,6,6,6,6,2,4,2,2,4,4,2,2,2,2,2,6,2,4,4,2,2,2,2,2,2,2,4,5,5,5,1,2,2,2,2,9,1,7,2,2,2,5,2,2,2,2,2,2,2,2,2,2,3,3,3,2,2,2,7,7,7,7,7,7,7,7,8,8,8,8,8,8,8,8","0.00092315673828125","fast_greedy","edit-xhwikibooks.graphml"
"0.42","0.22","0.36","0.726020788561905","1,1,1,1,1,4,1,4,4,9,1,3,4,4,4,5,9,1,7,3,2,6,4,4,4,4,4,5,1,9,1,7,3,3,7,7,8,4,2,2,2,2,6,6,6,6,2,6,6,6,2,2,2,2,2,6,6,6,6,2,4,2,2,4,4,2,2,2,2,2,6,2,4,4,2,2,2,2,2,2,2,4,5,5,5,1,2,2,2,2,9,1,7,2,2,2,5,2,2,2,2,2,2,2,2,2,2,3,3,3,2,2,2,7,7,7,7,7,7,7,7,8,8,8,8,8,8,8,8","0.000932931900024414","fast_greedy","edit-xhwikibooks.graphml"
"0.41","0.23","0.36","0.726020788561905","1,1,1,1,1,4,1,4,4,9,1,3,4,4,4,5,9,1,7,3,2,6,4,4,4,4,4,5,1,9,1,7,3,3,7,7,8,4,2,2,2,2,6,6,6,6,2,6,6,6,2,2,2,2,2,6,6,6,6,2,4,2,2,4,4,2,2,2,2,2,6,2,4,4,2,2,2,2,2,2,2,4,5,5,5,1,2,2,2,2,9,1,7,2,2,2,5,2,2,2,2,2,2,2,2,2,2,3,3,3,2,2,2,7,7,7,7,7,7,7,7,8,8,8,8,8,8,8,8","0.00091099739074707","fast_greedy","edit-xhwikibooks.graphml"
"0.4","0.24","0.36","0.726020788561905","1,1,1,1,1,4,1,4,4,9,1,3,4,4,4,5,9,1,7,3,2,6,4,4,4,4,4,5,1,9,1,7,3,3,7,7,8,4,2,2,2,2,6,6,6,6,2,6,6,6,2,2,2,2,2,6,6,6,6,2,4,2,2,4,4,2,2,2,2,2,6,2,4,4,2,2,2,2,2,2,2,4,5,5,5,1,2,2,2,2,9,1,7,2,2,2,5,2,2,2,2,2,2,2,2,2,2,3,3,3,2,2,2,7,7,7,7,7,7,7,7,8,8,8,8,8,8,8,8","0.000913143157958984","fast_greedy","edit-xhwikibooks.graphml"
"0.39","0.25","0.36","0.726020788561905","1,1,1,1,1,4,1,4,4,9,1,3,4,4,4,5,9,1,7,3,2,6,4,4,4,4,4,5,1,9,1,7,3,3,7,7,8,4,2,2,2,2,6,6,6,6,2,6,6,6,2,2,2,2,2,6,6,6,6,2,4,2,2,4,4,2,2,2,2,2,6,2,4,4,2,2,2,2,2,2,2,4,5,5,5,1,2,2,2,2,9,1,7,2,2,2,5,2,2,2,2,2,2,2,2,2,2,3,3,3,2,2,2,7,7,7,7,7,7,7,7,8,8,8,8,8,8,8,8","0.00092005729675293","fast_greedy","edit-xhwikibooks.graphml"
"0.38","0.26","0.36","0.726020788561905","1,1,1,1,1,4,1,4,4,9,1,3,4,4,4,5,9,1,7,3,2,6,4,4,4,4,4,5,1,9,1,7,3,3,7,7,8,4,2,2,2,2,6,6,6,6,2,6,6,6,2,2,2,2,2,6,6,6,6,2,4,2,2,4,4,2,2,2,2,2,6,2,4,4,2,2,2,2,2,2,2,4,5,5,5,1,2,2,2,2,9,1,7,2,2,2,5,2,2,2,2,2,2,2,2,2,2,3,3,3,2,2,2,7,7,7,7,7,7,7,7,8,8,8,8,8,8,8,8","0.000931978225708008","fast_greedy","edit-xhwikibooks.graphml"
"0.37","0.27","0.36","0.726020788561905","1,1,1,1,1,4,1,4,4,9,1,3,4,4,4,5,9,1,7,3,2,6,4,4,4,4,4,5,1,9,1,7,3,3,7,7,8,4,2,2,2,2,6,6,6,6,2,6,6,6,2,2,2,2,2,6,6,6,6,2,4,2,2,4,4,2,2,2,2,2,6,2,4,4,2,2,2,2,2,2,2,4,5,5,5,1,2,2,2,2,9,1,7,2,2,2,5,2,2,2,2,2,2,2,2,2,2,3,3,3,2,2,2,7,7,7,7,7,7,7,7,8,8,8,8,8,8,8,8","0.00094294548034668","fast_greedy","edit-xhwikibooks.graphml"
"0.36","0.28","0.36","0.726020788561905","1,1,1,1,1,4,1,4,4,9,1,3,4,4,4,5,9,1,7,3,2,6,4,4,4,4,4,5,1,9,1,7,3,3,7,7,8,4,2,2,2,2,6,6,6,6,2,6,6,6,2,2,2,2,2,6,6,6,6,2,4,2,2,4,4,2,2,2,2,2,6,2,4,4,2,2,2,2,2,2,2,4,5,5,5,1,2,2,2,2,9,1,7,2,2,2,5,2,2,2,2,2,2,2,2,2,2,3,3,3,2,2,2,7,7,7,7,7,7,7,7,8,8,8,8,8,8,8,8","0.000951051712036133","fast_greedy","edit-xhwikibooks.graphml"
"0.35","0.29","0.36","0.726020788561905","1,1,1,1,1,4,1,4,4,9,1,3,4,4,4,5,9,1,7,3,2,6,4,4,4,4,4,5,1,9,1,7,3,3,7,7,8,4,2,2,2,2,6,6,6,6,2,6,6,6,2,2,2,2,2,6,6,6,6,2,4,2,2,4,4,2,2,2,2,2,6,2,4,4,2,2,2,2,2,2,2,4,5,5,5,1,2,2,2,2,9,1,7,2,2,2,5,2,2,2,2,2,2,2,2,2,2,3,3,3,2,2,2,7,7,7,7,7,7,7,7,8,8,8,8,8,8,8,8","0.00096893310546875","fast_greedy","edit-xhwikibooks.graphml"
"0.34","0.3","0.36","0.726020788561905","1,1,1,1,1,4,1,4,4,9,1,3,4,4,4,5,9,1,7,3,2,6,4,4,4,4,4,5,1,9,1,7,3,3,7,7,8,4,2,2,2,2,6,6,6,6,2,6,6,6,2,2,2,2,2,6,6,6,6,2,4,2,2,4,4,2,2,2,2,2,6,2,4,4,2,2,2,2,2,2,2,4,5,5,5,1,2,2,2,2,9,1,7,2,2,2,5,2,2,2,2,2,2,2,2,2,2,3,3,3,2,2,2,7,7,7,7,7,7,7,7,8,8,8,8,8,8,8,8","0.000987052917480469","fast_greedy","edit-xhwikibooks.graphml"
"0.33","0.31","0.36","0.726020788561905","1,1,1,1,1,4,1,4,4,9,1,3,4,4,4,5,9,1,7,3,2,6,4,4,4,4,4,5,1,9,1,7,3,3,7,7,8,4,2,2,2,2,6,6,6,6,2,6,6,6,2,2,2,2,2,6,6,6,6,2,4,2,2,4,4,2,2,2,2,2,6,2,4,4,2,2,2,2,2,2,2,4,5,5,5,1,2,2,2,2,9,1,7,2,2,2,5,2,2,2,2,2,2,2,2,2,2,3,3,3,2,2,2,7,7,7,7,7,7,7,7,8,8,8,8,8,8,8,8","0.000912189483642578","fast_greedy","edit-xhwikibooks.graphml"
"0.32","0.32","0.36","0.726020788561905","1,1,1,1,1,4,1,4,4,9,1,3,4,4,4,5,9,1,7,3,2,6,4,4,4,4,4,5,1,9,1,7,3,3,7,7,8,4,2,2,2,2,6,6,6,6,2,6,6,6,2,2,2,2,2,6,6,6,6,2,4,2,2,4,4,2,2,2,2,2,6,2,4,4,2,2,2,2,2,2,2,4,5,5,5,1,2,2,2,2,9,1,7,2,2,2,5,2,2,2,2,2,2,2,2,2,2,3,3,3,2,2,2,7,7,7,7,7,7,7,7,8,8,8,8,8,8,8,8","0.000916004180908203","fast_greedy","edit-xhwikibooks.graphml"
"0.31","0.33","0.36","0.726020788561905","1,1,1,1,1,4,1,4,4,9,1,3,4,4,4,5,9,1,7,3,2,6,4,4,4,4,4,5,1,9,1,7,3,3,7,7,8,4,2,2,2,2,6,6,6,6,2,6,6,6,2,2,2,2,2,6,6,6,6,2,4,2,2,4,4,2,2,2,2,2,6,2,4,4,2,2,2,2,2,2,2,4,5,5,5,1,2,2,2,2,9,1,7,2,2,2,5,2,2,2,2,2,2,2,2,2,2,3,3,3,2,2,2,7,7,7,7,7,7,7,7,8,8,8,8,8,8,8,8","0.000904083251953125","fast_greedy","edit-xhwikibooks.graphml"
"0.3","0.34","0.36","0.726411011080332","1,1,1,1,1,5,1,5,5,9,1,3,5,5,5,4,9,1,7,3,2,6,5,5,5,5,5,4,1,9,1,7,3,3,7,7,8,5,2,2,2,2,6,6,6,6,2,6,6,6,2,2,2,2,2,6,6,6,6,2,5,2,2,5,5,2,2,2,2,2,6,2,5,5,2,2,2,2,2,2,2,5,4,4,4,1,2,2,2,2,9,1,7,2,2,2,4,2,2,2,2,2,2,2,2,2,2,3,3,3,2,2,2,7,7,7,7,7,7,7,7,8,8,8,8,8,8,8,8","0.00111007690429688","fast_greedy","edit-xhwikibooks.graphml"
"0.29","0.35","0.36","0.726411011080332","1,1,1,1,1,5,1,5,5,9,1,3,5,5,5,4,9,1,7,3,2,6,5,5,5,5,5,4,1,9,1,7,3,3,7,7,8,5,2,2,2,2,6,6,6,6,2,6,6,6,2,2,2,2,2,6,6,6,6,2,5,2,2,5,5,2,2,2,2,2,6,2,5,5,2,2,2,2,2,2,2,5,4,4,4,1,2,2,2,2,9,1,7,2,2,2,4,2,2,2,2,2,2,2,2,2,2,3,3,3,2,2,2,7,7,7,7,7,7,7,7,8,8,8,8,8,8,8,8","0.000916004180908203","fast_greedy","edit-xhwikibooks.graphml"
"0.28","0.36","0.36","0.726411011080332","1,1,1,1,1,5,1,5,5,9,1,3,5,5,5,4,9,1,7,3,2,6,5,5,5,5,5,4,1,9,1,7,3,3,7,7,8,5,2,2,2,2,6,6,6,6,2,6,6,6,2,2,2,2,2,6,6,6,6,2,5,2,2,5,5,2,2,2,2,2,6,2,5,5,2,2,2,2,2,2,2,5,4,4,4,1,2,2,2,2,9,1,7,2,2,2,4,2,2,2,2,2,2,2,2,2,2,3,3,3,2,2,2,7,7,7,7,7,7,7,7,8,8,8,8,8,8,8,8","0.000928878784179688","fast_greedy","edit-xhwikibooks.graphml"
"0.27","0.37","0.36","0.71826553750752","1,1,1,1,1,5,1,5,5,9,1,3,5,5,5,4,9,1,7,3,2,6,5,5,5,5,5,4,1,9,1,7,3,3,7,7,8,5,2,2,2,2,6,6,6,6,2,6,6,6,2,2,2,2,2,6,6,6,6,2,10,2,2,5,5,2,2,2,2,2,6,2,5,5,2,2,2,2,2,2,2,5,4,4,4,11,2,2,2,2,12,13,14,2,2,2,4,2,2,2,2,2,2,2,2,2,2,3,3,3,2,2,2,7,7,7,7,7,7,7,7,8,8,8,8,8,8,8,8","0.00093388557434082","fast_greedy","edit-xhwikibooks.graphml"
"0.26","0.38","0.36","0.71826553750752","1,1,1,1,1,5,1,5,5,9,1,3,5,5,5,4,9,1,7,3,2,6,5,5,5,5,5,4,1,9,1,7,3,3,7,7,8,5,2,2,2,2,6,6,6,6,2,6,6,6,2,2,2,2,2,6,6,6,6,2,10,2,2,5,5,2,2,2,2,2,6,2,5,5,2,2,2,2,2,2,2,5,4,4,4,11,2,2,2,2,12,13,14,2,2,2,4,2,2,2,2,2,2,2,2,2,2,3,3,3,2,2,2,7,7,7,7,7,7,7,7,8,8,8,8,8,8,8,8","0.000924110412597656","fast_greedy","edit-xhwikibooks.graphml"
"0.25","0.39","0.36","0.71826553750752","1,1,1,1,1,5,1,5,5,9,1,3,5,5,5,4,9,1,7,3,2,6,5,5,5,5,5,4,1,9,1,7,3,3,7,7,8,5,2,2,2,2,6,6,6,6,2,6,6,6,2,2,2,2,2,6,6,6,6,2,10,2,2,5,5,2,2,2,2,2,6,2,5,5,2,2,2,2,2,2,2,5,4,4,4,11,2,2,2,2,12,13,14,2,2,2,4,2,2,2,2,2,2,2,2,2,2,3,3,3,2,2,2,7,7,7,7,7,7,7,7,8,8,8,8,8,8,8,8","0.000937938690185547","fast_greedy","edit-xhwikibooks.graphml"
"0.24","0.4","0.36","0.71826553750752","1,1,1,1,1,5,1,5,5,9,1,3,5,5,5,4,9,1,7,3,2,6,5,5,5,5,5,4,1,9,1,7,3,3,7,7,8,5,2,2,2,2,6,6,6,6,2,6,6,6,2,2,2,2,2,6,6,6,6,2,10,2,2,5,5,2,2,2,2,2,6,2,5,5,2,2,2,2,2,2,2,5,4,4,4,11,2,2,2,2,12,13,14,2,2,2,4,2,2,2,2,2,2,2,2,2,2,3,3,3,2,2,2,7,7,7,7,7,7,7,7,8,8,8,8,8,8,8,8","0.000955104827880859","fast_greedy","edit-xhwikibooks.graphml"
"0.23","0.41","0.36","0.71826553750752","1,1,1,1,1,5,1,5,5,9,1,3,5,5,5,4,9,1,7,3,2,6,5,5,5,5,5,4,1,9,1,7,3,3,7,7,8,5,2,2,2,2,6,6,6,6,2,6,6,6,2,2,2,2,2,6,6,6,6,2,10,2,2,5,5,2,2,2,2,2,6,2,5,5,2,2,2,2,2,2,2,5,4,4,4,11,2,2,2,2,12,13,14,2,2,2,4,2,2,2,2,2,2,2,2,2,2,3,3,3,2,2,2,7,7,7,7,7,7,7,7,8,8,8,8,8,8,8,8","0.000999927520751953","fast_greedy","edit-xhwikibooks.graphml"
"0.22","0.42","0.36","0.71826553750752","1,1,1,1,1,5,1,5,5,9,1,3,5,5,5,4,9,1,7,3,2,6,5,5,5,5,5,4,1,9,1,7,3,3,7,7,8,5,2,2,2,2,6,6,6,6,2,6,6,6,2,2,2,2,2,6,6,6,6,2,10,2,2,5,5,2,2,2,2,2,6,2,5,5,2,2,2,2,2,2,2,5,4,4,4,11,2,2,2,2,12,13,14,2,2,2,4,2,2,2,2,2,2,2,2,2,2,3,3,3,2,2,2,7,7,7,7,7,7,7,7,8,8,8,8,8,8,8,8","0.000895977020263672","fast_greedy","edit-xhwikibooks.graphml"
"0.21","0.43","0.36","0.71826553750752","1,1,1,1,1,5,1,5,5,9,1,3,5,5,5,4,9,1,7,3,2,6,5,5,5,5,5,4,1,9,1,7,3,3,7,7,8,5,2,2,2,2,6,6,6,6,2,6,6,6,2,2,2,2,2,6,6,6,6,2,10,2,2,5,5,2,2,2,2,2,6,2,5,5,2,2,2,2,2,2,2,5,4,4,4,11,2,2,2,2,12,13,14,2,2,2,4,2,2,2,2,2,2,2,2,2,2,3,3,3,2,2,2,7,7,7,7,7,7,7,7,8,8,8,8,8,8,8,8","0.000866889953613281","fast_greedy","edit-xhwikibooks.graphml"
"0.2","0.44","0.36","0.71826553750752","1,1,1,1,1,5,1,5,5,9,1,3,5,5,5,4,9,1,7,3,2,6,5,5,5,5,5,4,1,9,1,7,3,3,7,7,8,5,2,2,2,2,6,6,6,6,2,6,6,6,2,2,2,2,2,6,6,6,6,2,10,2,2,5,5,2,2,2,2,2,6,2,5,5,2,2,2,2,2,2,2,5,4,4,4,11,2,2,2,2,12,13,14,2,2,2,4,2,2,2,2,2,2,2,2,2,2,3,3,3,2,2,2,7,7,7,7,7,7,7,7,8,8,8,8,8,8,8,8","0.000926971435546875","fast_greedy","edit-xhwikibooks.graphml"
"0.19","0.45","0.36","0.71826553750752","1,1,1,1,1,5,1,5,5,9,1,3,5,5,5,4,9,1,7,3,2,6,5,5,5,5,5,4,1,9,1,7,3,3,7,7,8,5,2,2,2,2,6,6,6,6,2,6,6,6,2,2,2,2,2,6,6,6,6,2,10,2,2,5,5,2,2,2,2,2,6,2,5,5,2,2,2,2,2,2,2,5,4,4,4,11,2,2,2,2,12,13,14,2,2,2,4,2,2,2,2,2,2,2,2,2,2,3,3,3,2,2,2,7,7,7,7,7,7,7,7,8,8,8,8,8,8,8,8","0.000921964645385742","fast_greedy","edit-xhwikibooks.graphml"
"0.18","0.46","0.36","0.71826553750752","1,1,1,1,1,5,1,5,5,9,1,3,5,5,5,4,9,1,7,3,2,6,5,5,5,5,5,4,1,9,1,7,3,3,7,7,8,5,2,2,2,2,6,6,6,6,2,6,6,6,2,2,2,2,2,6,6,6,6,2,10,2,2,5,5,2,2,2,2,2,6,2,5,5,2,2,2,2,2,2,2,5,4,4,4,11,2,2,2,2,12,13,14,2,2,2,4,2,2,2,2,2,2,2,2,2,2,3,3,3,2,2,2,7,7,7,7,7,7,7,7,8,8,8,8,8,8,8,8","0.00101709365844727","fast_greedy","edit-xhwikibooks.graphml"
"0.17","0.47","0.36","0.71826553750752","1,1,1,1,1,5,1,5,5,9,1,3,5,5,5,4,9,1,7,3,2,6,5,5,5,5,5,4,1,9,1,7,3,3,7,7,8,5,2,2,2,2,6,6,6,6,2,6,6,6,2,2,2,2,2,6,6,6,6,2,10,2,2,5,5,2,2,2,2,2,6,2,5,5,2,2,2,2,2,2,2,5,4,4,4,11,2,2,2,2,12,13,14,2,2,2,4,2,2,2,2,2,2,2,2,2,2,3,3,3,2,2,2,7,7,7,7,7,7,7,7,8,8,8,8,8,8,8,8","0.000895977020263672","fast_greedy","edit-xhwikibooks.graphml"
"0.16","0.48","0.36","0.71826553750752","1,1,1,1,1,5,1,5,5,9,1,3,5,5,5,4,9,1,7,3,2,6,5,5,5,5,5,4,1,9,1,7,3,3,7,7,8,5,2,2,2,2,6,6,6,6,2,6,6,6,2,2,2,2,2,6,6,6,6,2,10,2,2,5,5,2,2,2,2,2,6,2,5,5,2,2,2,2,2,2,2,5,4,4,4,11,2,2,2,2,12,13,14,2,2,2,4,2,2,2,2,2,2,2,2,2,2,3,3,3,2,2,2,7,7,7,7,7,7,7,7,8,8,8,8,8,8,8,8","0.000916004180908203","fast_greedy","edit-xhwikibooks.graphml"
"0.15","0.49","0.36","0.71826553750752","1,1,1,1,1,5,1,5,5,9,1,3,5,5,5,4,9,1,7,3,2,6,5,5,5,5,5,4,1,9,1,7,3,3,7,7,8,5,2,2,2,2,6,6,6,6,2,6,6,6,2,2,2,2,2,6,6,6,6,2,10,2,2,5,5,2,2,2,2,2,6,2,5,5,2,2,2,2,2,2,2,5,4,4,4,11,2,2,2,2,12,13,14,2,2,2,4,2,2,2,2,2,2,2,2,2,2,3,3,3,2,2,2,7,7,7,7,7,7,7,7,8,8,8,8,8,8,8,8","0.000899076461791992","fast_greedy","edit-xhwikibooks.graphml"
"0.14","0.5","0.36","0.728459249166338","1,1,1,1,1,6,1,6,6,9,1,3,6,6,6,4,9,1,7,3,2,5,6,6,6,6,6,4,1,9,1,7,3,3,7,7,8,6,2,2,2,2,5,5,5,5,2,5,5,5,2,2,2,2,2,5,5,5,5,2,10,2,2,6,6,2,2,2,2,2,5,2,6,6,2,2,2,2,2,2,2,6,4,4,4,11,2,2,2,2,12,13,14,2,2,2,4,2,2,2,2,2,2,2,2,2,2,3,3,3,2,2,2,7,7,7,7,7,7,7,7,8,8,8,8,8,8,8,8","0.000957012176513672","fast_greedy","edit-xhwikibooks.graphml"
"0.13","0.51","0.36","0.728459249166338","1,1,1,1,1,6,1,6,6,9,1,3,6,6,6,4,9,1,7,3,2,5,6,6,6,6,6,4,1,9,1,7,3,3,7,7,8,6,2,2,2,2,5,5,5,5,2,5,5,5,2,2,2,2,2,5,5,5,5,2,10,2,2,6,6,2,2,2,2,2,5,2,6,6,2,2,2,2,2,2,2,6,4,4,4,11,2,2,2,2,12,13,14,2,2,2,4,2,2,2,2,2,2,2,2,2,2,3,3,3,2,2,2,7,7,7,7,7,7,7,7,8,8,8,8,8,8,8,8","0.000944137573242188","fast_greedy","edit-xhwikibooks.graphml"
"0.12","0.52","0.36","0.728459249166338","1,1,1,1,1,6,1,6,6,9,1,3,6,6,6,4,9,1,7,3,2,5,6,6,6,6,6,4,1,9,1,7,3,3,7,7,8,6,2,2,2,2,5,5,5,5,2,5,5,5,2,2,2,2,2,5,5,5,5,2,10,2,2,6,6,2,2,2,2,2,5,2,6,6,2,2,2,2,2,2,2,6,4,4,4,11,2,2,2,2,12,13,14,2,2,2,4,2,2,2,2,2,2,2,2,2,2,3,3,3,2,2,2,7,7,7,7,7,7,7,7,8,8,8,8,8,8,8,8","0.00103902816772461","fast_greedy","edit-xhwikibooks.graphml"
"0.11","0.53","0.36","0.728459249166338","1,1,1,1,1,6,1,6,6,9,1,3,6,6,6,4,9,1,7,3,2,5,6,6,6,6,6,4,1,9,1,7,3,3,7,7,8,6,2,2,2,2,5,5,5,5,2,5,5,5,2,2,2,2,2,5,5,5,5,2,10,2,2,6,6,2,2,2,2,2,5,2,6,6,2,2,2,2,2,2,2,6,4,4,4,11,2,2,2,2,12,13,14,2,2,2,4,2,2,2,2,2,2,2,2,2,2,3,3,3,2,2,2,7,7,7,7,7,7,7,7,8,8,8,8,8,8,8,8","0.000918865203857422","fast_greedy","edit-xhwikibooks.graphml"
"0.1","0.54","0.36","0.728459249166338","1,1,1,1,1,6,1,6,6,9,1,3,6,6,6,4,9,1,7,3,2,5,6,6,6,6,6,4,1,9,1,7,3,3,7,7,8,6,2,2,2,2,5,5,5,5,2,5,5,5,2,2,2,2,2,5,5,5,5,2,10,2,2,6,6,2,2,2,2,2,5,2,6,6,2,2,2,2,2,2,2,6,4,4,4,11,2,2,2,2,12,13,14,2,2,2,4,2,2,2,2,2,2,2,2,2,2,3,3,3,2,2,2,7,7,7,7,7,7,7,7,8,8,8,8,8,8,8,8","0.00093388557434082","fast_greedy","edit-xhwikibooks.graphml"
"0.09","0.55","0.36","0.728459249166338","1,1,1,1,1,6,1,6,6,9,1,3,6,6,6,4,9,1,7,3,2,5,6,6,6,6,6,4,1,9,1,7,3,3,7,7,8,6,2,2,2,2,5,5,5,5,2,5,5,5,2,2,2,2,2,5,5,5,5,2,10,2,2,6,6,2,2,2,2,2,5,2,6,6,2,2,2,2,2,2,2,6,4,4,4,11,2,2,2,2,12,13,14,2,2,2,4,2,2,2,2,2,2,2,2,2,2,3,3,3,2,2,2,7,7,7,7,7,7,7,7,8,8,8,8,8,8,8,8","0.000952005386352539","fast_greedy","edit-xhwikibooks.graphml"
"0.08","0.56","0.36","0.728459249166338","1,1,1,1,1,6,1,6,6,9,1,3,6,6,6,4,9,1,7,3,2,5,6,6,6,6,6,4,1,9,1,7,3,3,7,7,8,6,2,2,2,2,5,5,5,5,2,5,5,5,2,2,2,2,2,5,5,5,5,2,10,2,2,6,6,2,2,2,2,2,5,2,6,6,2,2,2,2,2,2,2,6,4,4,4,11,2,2,2,2,12,13,14,2,2,2,4,2,2,2,2,2,2,2,2,2,2,3,3,3,2,2,2,7,7,7,7,7,7,7,7,8,8,8,8,8,8,8,8","0.000935792922973633","fast_greedy","edit-xhwikibooks.graphml"
"0.07","0.57","0.36","0.728459249166338","1,1,1,1,1,6,1,6,6,9,1,3,6,6,6,4,9,1,7,3,2,5,6,6,6,6,6,4,1,9,1,7,3,3,7,7,8,6,2,2,2,2,5,5,5,5,2,5,5,5,2,2,2,2,2,5,5,5,5,2,10,2,2,6,6,2,2,2,2,2,5,2,6,6,2,2,2,2,2,2,2,6,4,4,4,11,2,2,2,2,12,13,14,2,2,2,4,2,2,2,2,2,2,2,2,2,2,3,3,3,2,2,2,7,7,7,7,7,7,7,7,8,8,8,8,8,8,8,8","0.00112581253051758","fast_greedy","edit-xhwikibooks.graphml"
"0.06","0.58","0.36","0.728459249166338","1,1,1,1,1,6,1,6,6,9,1,3,6,6,6,4,9,1,7,3,2,5,6,6,6,6,6,4,1,9,1,7,3,3,7,7,8,6,2,2,2,2,5,5,5,5,2,5,5,5,2,2,2,2,2,5,5,5,5,2,10,2,2,6,6,2,2,2,2,2,5,2,6,6,2,2,2,2,2,2,2,6,4,4,4,11,2,2,2,2,12,13,14,2,2,2,4,2,2,2,2,2,2,2,2,2,2,3,3,3,2,2,2,7,7,7,7,7,7,7,7,8,8,8,8,8,8,8,8","0.000913858413696289","fast_greedy","edit-xhwikibooks.graphml"
"0.05","0.59","0.36","0.728459249166338","1,1,1,1,1,6,1,6,6,9,1,3,6,6,6,4,9,1,7,3,2,5,6,6,6,6,6,4,1,9,1,7,3,3,7,7,8,6,2,2,2,2,5,5,5,5,2,5,5,5,2,2,2,2,2,5,5,5,5,2,10,2,2,6,6,2,2,2,2,2,5,2,6,6,2,2,2,2,2,2,2,6,4,4,4,11,2,2,2,2,12,13,14,2,2,2,4,2,2,2,2,2,2,2,2,2,2,3,3,3,2,2,2,7,7,7,7,7,7,7,7,8,8,8,8,8,8,8,8","0.000928878784179688","fast_greedy","edit-xhwikibooks.graphml"
"0.04","0.6","0.36","0.728459249166338","1,1,1,1,1,6,1,6,6,9,1,3,6,6,6,4,9,1,7,3,2,5,6,6,6,6,6,4,1,9,1,7,3,3,7,7,8,6,2,2,2,2,5,5,5,5,2,5,5,5,2,2,2,2,2,5,5,5,5,2,10,2,2,6,6,2,2,2,2,2,5,2,6,6,2,2,2,2,2,2,2,6,4,4,4,11,2,2,2,2,12,13,14,2,2,2,4,2,2,2,2,2,2,2,2,2,2,3,3,3,2,2,2,7,7,7,7,7,7,7,7,8,8,8,8,8,8,8,8","0.000948905944824219","fast_greedy","edit-xhwikibooks.graphml"
"0.03","0.61","0.36","0.728459249166338","1,1,1,1,1,6,1,6,6,9,1,3,6,6,6,4,9,1,7,3,2,5,6,6,6,6,6,4,1,9,1,7,3,3,7,7,8,6,2,2,2,2,5,5,5,5,2,5,5,5,2,2,2,2,2,5,5,5,5,2,10,2,2,6,6,2,2,2,2,2,5,2,6,6,2,2,2,2,2,2,2,6,4,4,4,11,2,2,2,2,12,13,14,2,2,2,4,2,2,2,2,2,2,2,2,2,2,3,3,3,2,2,2,7,7,7,7,7,7,7,7,8,8,8,8,8,8,8,8","0.000915050506591797","fast_greedy","edit-xhwikibooks.graphml"
"0.02","0.62","0.36","0.728459249166338","1,1,1,1,1,6,1,6,6,9,1,3,6,6,6,4,9,1,7,3,2,5,6,6,6,6,6,4,1,9,1,7,3,3,7,7,8,6,2,2,2,2,5,5,5,5,2,5,5,5,2,2,2,2,2,5,5,5,5,2,10,2,2,6,6,2,2,2,2,2,5,2,6,6,2,2,2,2,2,2,2,6,4,4,4,11,2,2,2,2,12,13,14,2,2,2,4,2,2,2,2,2,2,2,2,2,2,3,3,3,2,2,2,7,7,7,7,7,7,7,7,8,8,8,8,8,8,8,8","0.000964164733886719","fast_greedy","edit-xhwikibooks.graphml"
"0.01","0.63","0.36","0.728459249166338","1,1,1,1,1,6,1,6,6,9,1,3,6,6,6,4,9,1,7,3,2,5,6,6,6,6,6,4,1,9,1,7,3,3,7,7,8,6,2,2,2,2,5,5,5,5,2,5,5,5,2,2,2,2,2,5,5,5,5,2,10,2,2,6,6,2,2,2,2,2,5,2,6,6,2,2,2,2,2,2,2,6,4,4,4,11,2,2,2,2,12,13,14,2,2,2,4,2,2,2,2,2,2,2,2,2,2,3,3,3,2,2,2,7,7,7,7,7,7,7,7,8,8,8,8,8,8,8,8","0.00100612640380859","fast_greedy","edit-xhwikibooks.graphml"
"0","0.64","0.36","0.72014136609856","1,1,1,1,1,1,2,1,6,1,2,2,6,6,6,4,1,2,7,2,3,5,6,6,6,6,6,4,1,1,2,7,2,2,7,7,8,6,3,3,3,3,5,5,5,5,3,5,5,5,3,3,3,3,3,5,5,5,5,3,9,3,3,6,6,3,3,3,3,3,5,3,6,6,3,3,3,3,3,3,3,6,4,4,4,10,3,3,3,3,11,12,13,3,3,3,4,3,3,3,3,3,3,3,3,3,3,2,2,2,3,3,3,7,7,7,7,7,7,7,7,8,8,8,8,8,8,8,8","0.000918149948120117","fast_greedy","edit-xhwikibooks.graphml"
"0.63","0","0.37","0.724977777777778","1,1,1,1,1,4,1,4,4,9,1,3,4,4,4,5,9,1,7,3,2,6,4,4,4,4,4,5,1,9,1,7,3,3,7,7,8,4,2,2,2,2,6,6,6,6,2,6,6,6,2,2,2,2,2,6,6,6,6,2,4,2,2,4,4,2,2,2,2,2,6,2,4,4,2,2,2,2,2,2,2,4,5,5,5,1,2,2,2,2,9,1,7,2,2,2,5,2,2,2,2,2,2,2,2,2,2,3,3,3,2,2,2,7,7,7,7,7,7,7,7,8,8,8,8,8,8,8,8","0.000929832458496094","fast_greedy","edit-xhwikibooks.graphml"
"0.62","0.01","0.37","0.724977777777778","1,1,1,1,1,4,1,4,4,9,1,3,4,4,4,5,9,1,7,3,2,6,4,4,4,4,4,5,1,9,1,7,3,3,7,7,8,4,2,2,2,2,6,6,6,6,2,6,6,6,2,2,2,2,2,6,6,6,6,2,4,2,2,4,4,2,2,2,2,2,6,2,4,4,2,2,2,2,2,2,2,4,5,5,5,1,2,2,2,2,9,1,7,2,2,2,5,2,2,2,2,2,2,2,2,2,2,3,3,3,2,2,2,7,7,7,7,7,7,7,7,8,8,8,8,8,8,8,8","0.000927925109863281","fast_greedy","edit-xhwikibooks.graphml"
"0.61","0.02","0.37","0.724977777777778","1,1,1,1,1,4,1,4,4,9,1,3,4,4,4,5,9,1,7,3,2,6,4,4,4,4,4,5,1,9,1,7,3,3,7,7,8,4,2,2,2,2,6,6,6,6,2,6,6,6,2,2,2,2,2,6,6,6,6,2,4,2,2,4,4,2,2,2,2,2,6,2,4,4,2,2,2,2,2,2,2,4,5,5,5,1,2,2,2,2,9,1,7,2,2,2,5,2,2,2,2,2,2,2,2,2,2,3,3,3,2,2,2,7,7,7,7,7,7,7,7,8,8,8,8,8,8,8,8","0.000923871994018555","fast_greedy","edit-xhwikibooks.graphml"
"0.6","0.03","0.37","0.724977777777778","1,1,1,1,1,4,1,4,4,9,1,3,4,4,4,5,9,1,7,3,2,6,4,4,4,4,4,5,1,9,1,7,3,3,7,7,8,4,2,2,2,2,6,6,6,6,2,6,6,6,2,2,2,2,2,6,6,6,6,2,4,2,2,4,4,2,2,2,2,2,6,2,4,4,2,2,2,2,2,2,2,4,5,5,5,1,2,2,2,2,9,1,7,2,2,2,5,2,2,2,2,2,2,2,2,2,2,3,3,3,2,2,2,7,7,7,7,7,7,7,7,8,8,8,8,8,8,8,8","0.000936985015869141","fast_greedy","edit-xhwikibooks.graphml"
"0.59","0.04","0.37","0.724977777777778","1,1,1,1,1,4,1,4,4,9,1,3,4,4,4,5,9,1,7,3,2,6,4,4,4,4,4,5,1,9,1,7,3,3,7,7,8,4,2,2,2,2,6,6,6,6,2,6,6,6,2,2,2,2,2,6,6,6,6,2,4,2,2,4,4,2,2,2,2,2,6,2,4,4,2,2,2,2,2,2,2,4,5,5,5,1,2,2,2,2,9,1,7,2,2,2,5,2,2,2,2,2,2,2,2,2,2,3,3,3,2,2,2,7,7,7,7,7,7,7,7,8,8,8,8,8,8,8,8","0.000985145568847656","fast_greedy","edit-xhwikibooks.graphml"
"0.58","0.05","0.37","0.724977777777778","1,1,1,1,1,4,1,4,4,9,1,3,4,4,4,5,9,1,7,3,2,6,4,4,4,4,4,5,1,9,1,7,3,3,7,7,8,4,2,2,2,2,6,6,6,6,2,6,6,6,2,2,2,2,2,6,6,6,6,2,4,2,2,4,4,2,2,2,2,2,6,2,4,4,2,2,2,2,2,2,2,4,5,5,5,1,2,2,2,2,9,1,7,2,2,2,5,2,2,2,2,2,2,2,2,2,2,3,3,3,2,2,2,7,7,7,7,7,7,7,7,8,8,8,8,8,8,8,8","0.00129604339599609","fast_greedy","edit-xhwikibooks.graphml"
"0.57","0.06","0.37","0.724977777777778","1,1,1,1,1,4,1,4,4,9,1,3,4,4,4,5,9,1,7,3,2,6,4,4,4,4,4,5,1,9,1,7,3,3,7,7,8,4,2,2,2,2,6,6,6,6,2,6,6,6,2,2,2,2,2,6,6,6,6,2,4,2,2,4,4,2,2,2,2,2,6,2,4,4,2,2,2,2,2,2,2,4,5,5,5,1,2,2,2,2,9,1,7,2,2,2,5,2,2,2,2,2,2,2,2,2,2,3,3,3,2,2,2,7,7,7,7,7,7,7,7,8,8,8,8,8,8,8,8","0.00100111961364746","fast_greedy","edit-xhwikibooks.graphml"
"0.56","0.07","0.37","0.724977777777778","1,1,1,1,1,4,1,4,4,9,1,3,4,4,4,5,9,1,7,3,2,6,4,4,4,4,4,5,1,9,1,7,3,3,7,7,8,4,2,2,2,2,6,6,6,6,2,6,6,6,2,2,2,2,2,6,6,6,6,2,4,2,2,4,4,2,2,2,2,2,6,2,4,4,2,2,2,2,2,2,2,4,5,5,5,1,2,2,2,2,9,1,7,2,2,2,5,2,2,2,2,2,2,2,2,2,2,3,3,3,2,2,2,7,7,7,7,7,7,7,7,8,8,8,8,8,8,8,8","0.000917911529541016","fast_greedy","edit-xhwikibooks.graphml"
"0.55","0.08","0.37","0.724977777777778","1,1,1,1,1,4,1,4,4,9,1,3,4,4,4,5,9,1,7,3,2,6,4,4,4,4,4,5,1,9,1,7,3,3,7,7,8,4,2,2,2,2,6,6,6,6,2,6,6,6,2,2,2,2,2,6,6,6,6,2,4,2,2,4,4,2,2,2,2,2,6,2,4,4,2,2,2,2,2,2,2,4,5,5,5,1,2,2,2,2,9,1,7,2,2,2,5,2,2,2,2,2,2,2,2,2,2,3,3,3,2,2,2,7,7,7,7,7,7,7,7,8,8,8,8,8,8,8,8","0.000916957855224609","fast_greedy","edit-xhwikibooks.graphml"
"0.54","0.09","0.37","0.724977777777778","1,1,1,1,1,4,1,4,4,9,1,3,4,4,4,5,9,1,7,3,2,6,4,4,4,4,4,5,1,9,1,7,3,3,7,7,8,4,2,2,2,2,6,6,6,6,2,6,6,6,2,2,2,2,2,6,6,6,6,2,4,2,2,4,4,2,2,2,2,2,6,2,4,4,2,2,2,2,2,2,2,4,5,5,5,1,2,2,2,2,9,1,7,2,2,2,5,2,2,2,2,2,2,2,2,2,2,3,3,3,2,2,2,7,7,7,7,7,7,7,7,8,8,8,8,8,8,8,8","0.000936031341552734","fast_greedy","edit-xhwikibooks.graphml"
"0.53","0.1","0.37","0.724977777777778","1,1,1,1,1,4,1,4,4,9,1,3,4,4,4,5,9,1,7,3,2,6,4,4,4,4,4,5,1,9,1,7,3,3,7,7,8,4,2,2,2,2,6,6,6,6,2,6,6,6,2,2,2,2,2,6,6,6,6,2,4,2,2,4,4,2,2,2,2,2,6,2,4,4,2,2,2,2,2,2,2,4,5,5,5,1,2,2,2,2,9,1,7,2,2,2,5,2,2,2,2,2,2,2,2,2,2,3,3,3,2,2,2,7,7,7,7,7,7,7,7,8,8,8,8,8,8,8,8","0.000941991806030273","fast_greedy","edit-xhwikibooks.graphml"
"0.52","0.11","0.37","0.724977777777778","1,1,1,1,1,4,1,4,4,9,1,3,4,4,4,5,9,1,7,3,2,6,4,4,4,4,4,5,1,9,1,7,3,3,7,7,8,4,2,2,2,2,6,6,6,6,2,6,6,6,2,2,2,2,2,6,6,6,6,2,4,2,2,4,4,2,2,2,2,2,6,2,4,4,2,2,2,2,2,2,2,4,5,5,5,1,2,2,2,2,9,1,7,2,2,2,5,2,2,2,2,2,2,2,2,2,2,3,3,3,2,2,2,7,7,7,7,7,7,7,7,8,8,8,8,8,8,8,8","0.000934123992919922","fast_greedy","edit-xhwikibooks.graphml"
"0.51","0.12","0.37","0.724977777777778","1,1,1,1,1,4,1,4,4,9,1,3,4,4,4,5,9,1,7,3,2,6,4,4,4,4,4,5,1,9,1,7,3,3,7,7,8,4,2,2,2,2,6,6,6,6,2,6,6,6,2,2,2,2,2,6,6,6,6,2,4,2,2,4,4,2,2,2,2,2,6,2,4,4,2,2,2,2,2,2,2,4,5,5,5,1,2,2,2,2,9,1,7,2,2,2,5,2,2,2,2,2,2,2,2,2,2,3,3,3,2,2,2,7,7,7,7,7,7,7,7,8,8,8,8,8,8,8,8","0.00097203254699707","fast_greedy","edit-xhwikibooks.graphml"
"0.5","0.13","0.37","0.724977777777778","1,1,1,1,1,4,1,4,4,9,1,3,4,4,4,5,9,1,7,3,2,6,4,4,4,4,4,5,1,9,1,7,3,3,7,7,8,4,2,2,2,2,6,6,6,6,2,6,6,6,2,2,2,2,2,6,6,6,6,2,4,2,2,4,4,2,2,2,2,2,6,2,4,4,2,2,2,2,2,2,2,4,5,5,5,1,2,2,2,2,9,1,7,2,2,2,5,2,2,2,2,2,2,2,2,2,2,3,3,3,2,2,2,7,7,7,7,7,7,7,7,8,8,8,8,8,8,8,8","0.000970840454101562","fast_greedy","edit-xhwikibooks.graphml"
"0.49","0.14","0.37","0.724977777777778","1,1,1,1,1,4,1,4,4,9,1,3,4,4,4,5,9,1,7,3,2,6,4,4,4,4,4,5,1,9,1,7,3,3,7,7,8,4,2,2,2,2,6,6,6,6,2,6,6,6,2,2,2,2,2,6,6,6,6,2,4,2,2,4,4,2,2,2,2,2,6,2,4,4,2,2,2,2,2,2,2,4,5,5,5,1,2,2,2,2,9,1,7,2,2,2,5,2,2,2,2,2,2,2,2,2,2,3,3,3,2,2,2,7,7,7,7,7,7,7,7,8,8,8,8,8,8,8,8","0.00103998184204102","fast_greedy","edit-xhwikibooks.graphml"
"0.48","0.15","0.37","0.724977777777778","1,1,1,1,1,4,1,4,4,9,1,3,4,4,4,5,9,1,7,3,2,6,4,4,4,4,4,5,1,9,1,7,3,3,7,7,8,4,2,2,2,2,6,6,6,6,2,6,6,6,2,2,2,2,2,6,6,6,6,2,4,2,2,4,4,2,2,2,2,2,6,2,4,4,2,2,2,2,2,2,2,4,5,5,5,1,2,2,2,2,9,1,7,2,2,2,5,2,2,2,2,2,2,2,2,2,2,3,3,3,2,2,2,7,7,7,7,7,7,7,7,8,8,8,8,8,8,8,8","0.000967025756835938","fast_greedy","edit-xhwikibooks.graphml"
"0.47","0.16","0.37","0.724977777777778","1,1,1,1,1,4,1,4,4,9,1,3,4,4,4,5,9,1,7,3,2,6,4,4,4,4,4,5,1,9,1,7,3,3,7,7,8,4,2,2,2,2,6,6,6,6,2,6,6,6,2,2,2,2,2,6,6,6,6,2,4,2,2,4,4,2,2,2,2,2,6,2,4,4,2,2,2,2,2,2,2,4,5,5,5,1,2,2,2,2,9,1,7,2,2,2,5,2,2,2,2,2,2,2,2,2,2,3,3,3,2,2,2,7,7,7,7,7,7,7,7,8,8,8,8,8,8,8,8","0.000931978225708008","fast_greedy","edit-xhwikibooks.graphml"
"0.46","0.17","0.37","0.726020788561905","1,1,1,1,1,4,1,4,4,9,1,3,4,4,4,5,9,1,7,3,2,6,4,4,4,4,4,5,1,9,1,7,3,3,7,7,8,4,2,2,2,2,6,6,6,6,2,6,6,6,2,2,2,2,2,6,6,6,6,2,4,2,2,4,4,2,2,2,2,2,6,2,4,4,2,2,2,2,2,2,2,4,5,5,5,1,2,2,2,2,9,1,7,2,2,2,5,2,2,2,2,2,2,2,2,2,2,3,3,3,2,2,2,7,7,7,7,7,7,7,7,8,8,8,8,8,8,8,8","0.000948905944824219","fast_greedy","edit-xhwikibooks.graphml"
"0.45","0.18","0.37","0.726020788561905","1,1,1,1,1,4,1,4,4,9,1,3,4,4,4,5,9,1,7,3,2,6,4,4,4,4,4,5,1,9,1,7,3,3,7,7,8,4,2,2,2,2,6,6,6,6,2,6,6,6,2,2,2,2,2,6,6,6,6,2,4,2,2,4,4,2,2,2,2,2,6,2,4,4,2,2,2,2,2,2,2,4,5,5,5,1,2,2,2,2,9,1,7,2,2,2,5,2,2,2,2,2,2,2,2,2,2,3,3,3,2,2,2,7,7,7,7,7,7,7,7,8,8,8,8,8,8,8,8","0.000937938690185547","fast_greedy","edit-xhwikibooks.graphml"
"0.44","0.19","0.37","0.726020788561905","1,1,1,1,1,4,1,4,4,9,1,3,4,4,4,5,9,1,7,3,2,6,4,4,4,4,4,5,1,9,1,7,3,3,7,7,8,4,2,2,2,2,6,6,6,6,2,6,6,6,2,2,2,2,2,6,6,6,6,2,4,2,2,4,4,2,2,2,2,2,6,2,4,4,2,2,2,2,2,2,2,4,5,5,5,1,2,2,2,2,9,1,7,2,2,2,5,2,2,2,2,2,2,2,2,2,2,3,3,3,2,2,2,7,7,7,7,7,7,7,7,8,8,8,8,8,8,8,8","0.000936031341552734","fast_greedy","edit-xhwikibooks.graphml"
"0.43","0.2","0.37","0.726020788561905","1,1,1,1,1,4,1,4,4,9,1,3,4,4,4,5,9,1,7,3,2,6,4,4,4,4,4,5,1,9,1,7,3,3,7,7,8,4,2,2,2,2,6,6,6,6,2,6,6,6,2,2,2,2,2,6,6,6,6,2,4,2,2,4,4,2,2,2,2,2,6,2,4,4,2,2,2,2,2,2,2,4,5,5,5,1,2,2,2,2,9,1,7,2,2,2,5,2,2,2,2,2,2,2,2,2,2,3,3,3,2,2,2,7,7,7,7,7,7,7,7,8,8,8,8,8,8,8,8","0.000935792922973633","fast_greedy","edit-xhwikibooks.graphml"
"0.42","0.21","0.37","0.726020788561905","1,1,1,1,1,4,1,4,4,9,1,3,4,4,4,5,9,1,7,3,2,6,4,4,4,4,4,5,1,9,1,7,3,3,7,7,8,4,2,2,2,2,6,6,6,6,2,6,6,6,2,2,2,2,2,6,6,6,6,2,4,2,2,4,4,2,2,2,2,2,6,2,4,4,2,2,2,2,2,2,2,4,5,5,5,1,2,2,2,2,9,1,7,2,2,2,5,2,2,2,2,2,2,2,2,2,2,3,3,3,2,2,2,7,7,7,7,7,7,7,7,8,8,8,8,8,8,8,8","0.000890970230102539","fast_greedy","edit-xhwikibooks.graphml"
"0.41","0.22","0.37","0.726020788561905","1,1,1,1,1,4,1,4,4,9,1,3,4,4,4,5,9,1,7,3,2,6,4,4,4,4,4,5,1,9,1,7,3,3,7,7,8,4,2,2,2,2,6,6,6,6,2,6,6,6,2,2,2,2,2,6,6,6,6,2,4,2,2,4,4,2,2,2,2,2,6,2,4,4,2,2,2,2,2,2,2,4,5,5,5,1,2,2,2,2,9,1,7,2,2,2,5,2,2,2,2,2,2,2,2,2,2,3,3,3,2,2,2,7,7,7,7,7,7,7,7,8,8,8,8,8,8,8,8","0.000950098037719727","fast_greedy","edit-xhwikibooks.graphml"
"0.4","0.23","0.37","0.726020788561905","1,1,1,1,1,4,1,4,4,9,1,3,4,4,4,5,9,1,7,3,2,6,4,4,4,4,4,5,1,9,1,7,3,3,7,7,8,4,2,2,2,2,6,6,6,6,2,6,6,6,2,2,2,2,2,6,6,6,6,2,4,2,2,4,4,2,2,2,2,2,6,2,4,4,2,2,2,2,2,2,2,4,5,5,5,1,2,2,2,2,9,1,7,2,2,2,5,2,2,2,2,2,2,2,2,2,2,3,3,3,2,2,2,7,7,7,7,7,7,7,7,8,8,8,8,8,8,8,8","0.000954151153564453","fast_greedy","edit-xhwikibooks.graphml"
"0.39","0.24","0.37","0.726020788561905","1,1,1,1,1,4,1,4,4,9,1,3,4,4,4,5,9,1,7,3,2,6,4,4,4,4,4,5,1,9,1,7,3,3,7,7,8,4,2,2,2,2,6,6,6,6,2,6,6,6,2,2,2,2,2,6,6,6,6,2,4,2,2,4,4,2,2,2,2,2,6,2,4,4,2,2,2,2,2,2,2,4,5,5,5,1,2,2,2,2,9,1,7,2,2,2,5,2,2,2,2,2,2,2,2,2,2,3,3,3,2,2,2,7,7,7,7,7,7,7,7,8,8,8,8,8,8,8,8","0.000946044921875","fast_greedy","edit-xhwikibooks.graphml"
"0.38","0.25","0.37","0.726020788561905","1,1,1,1,1,4,1,4,4,9,1,3,4,4,4,5,9,1,7,3,2,6,4,4,4,4,4,5,1,9,1,7,3,3,7,7,8,4,2,2,2,2,6,6,6,6,2,6,6,6,2,2,2,2,2,6,6,6,6,2,4,2,2,4,4,2,2,2,2,2,6,2,4,4,2,2,2,2,2,2,2,4,5,5,5,1,2,2,2,2,9,1,7,2,2,2,5,2,2,2,2,2,2,2,2,2,2,3,3,3,2,2,2,7,7,7,7,7,7,7,7,8,8,8,8,8,8,8,8","0.00101900100708008","fast_greedy","edit-xhwikibooks.graphml"
"0.37","0.26","0.37","0.726020788561905","1,1,1,1,1,4,1,4,4,9,1,3,4,4,4,5,9,1,7,3,2,6,4,4,4,4,4,5,1,9,1,7,3,3,7,7,8,4,2,2,2,2,6,6,6,6,2,6,6,6,2,2,2,2,2,6,6,6,6,2,4,2,2,4,4,2,2,2,2,2,6,2,4,4,2,2,2,2,2,2,2,4,5,5,5,1,2,2,2,2,9,1,7,2,2,2,5,2,2,2,2,2,2,2,2,2,2,3,3,3,2,2,2,7,7,7,7,7,7,7,7,8,8,8,8,8,8,8,8","0.00100302696228027","fast_greedy","edit-xhwikibooks.graphml"
"0.36","0.27","0.37","0.726020788561905","1,1,1,1,1,4,1,4,4,9,1,3,4,4,4,5,9,1,7,3,2,6,4,4,4,4,4,5,1,9,1,7,3,3,7,7,8,4,2,2,2,2,6,6,6,6,2,6,6,6,2,2,2,2,2,6,6,6,6,2,4,2,2,4,4,2,2,2,2,2,6,2,4,4,2,2,2,2,2,2,2,4,5,5,5,1,2,2,2,2,9,1,7,2,2,2,5,2,2,2,2,2,2,2,2,2,2,3,3,3,2,2,2,7,7,7,7,7,7,7,7,8,8,8,8,8,8,8,8","0.00091099739074707","fast_greedy","edit-xhwikibooks.graphml"
"0.35","0.28","0.37","0.726020788561905","1,1,1,1,1,4,1,4,4,9,1,3,4,4,4,5,9,1,7,3,2,6,4,4,4,4,4,5,1,9,1,7,3,3,7,7,8,4,2,2,2,2,6,6,6,6,2,6,6,6,2,2,2,2,2,6,6,6,6,2,4,2,2,4,4,2,2,2,2,2,6,2,4,4,2,2,2,2,2,2,2,4,5,5,5,1,2,2,2,2,9,1,7,2,2,2,5,2,2,2,2,2,2,2,2,2,2,3,3,3,2,2,2,7,7,7,7,7,7,7,7,8,8,8,8,8,8,8,8","0.000943183898925781","fast_greedy","edit-xhwikibooks.graphml"
"0.34","0.29","0.37","0.726020788561905","1,1,1,1,1,4,1,4,4,9,1,3,4,4,4,5,9,1,7,3,2,6,4,4,4,4,4,5,1,9,1,7,3,3,7,7,8,4,2,2,2,2,6,6,6,6,2,6,6,6,2,2,2,2,2,6,6,6,6,2,4,2,2,4,4,2,2,2,2,2,6,2,4,4,2,2,2,2,2,2,2,4,5,5,5,1,2,2,2,2,9,1,7,2,2,2,5,2,2,2,2,2,2,2,2,2,2,3,3,3,2,2,2,7,7,7,7,7,7,7,7,8,8,8,8,8,8,8,8","0.000918865203857422","fast_greedy","edit-xhwikibooks.graphml"
"0.33","0.3","0.37","0.726020788561905","1,1,1,1,1,4,1,4,4,9,1,3,4,4,4,5,9,1,7,3,2,6,4,4,4,4,4,5,1,9,1,7,3,3,7,7,8,4,2,2,2,2,6,6,6,6,2,6,6,6,2,2,2,2,2,6,6,6,6,2,4,2,2,4,4,2,2,2,2,2,6,2,4,4,2,2,2,2,2,2,2,4,5,5,5,1,2,2,2,2,9,1,7,2,2,2,5,2,2,2,2,2,2,2,2,2,2,3,3,3,2,2,2,7,7,7,7,7,7,7,7,8,8,8,8,8,8,8,8","0.000958919525146484","fast_greedy","edit-xhwikibooks.graphml"
"0.32","0.31","0.37","0.726020788561905","1,1,1,1,1,4,1,4,4,9,1,3,4,4,4,5,9,1,7,3,2,6,4,4,4,4,4,5,1,9,1,7,3,3,7,7,8,4,2,2,2,2,6,6,6,6,2,6,6,6,2,2,2,2,2,6,6,6,6,2,4,2,2,4,4,2,2,2,2,2,6,2,4,4,2,2,2,2,2,2,2,4,5,5,5,1,2,2,2,2,9,1,7,2,2,2,5,2,2,2,2,2,2,2,2,2,2,3,3,3,2,2,2,7,7,7,7,7,7,7,7,8,8,8,8,8,8,8,8","0.000922203063964844","fast_greedy","edit-xhwikibooks.graphml"
"0.31","0.32","0.37","0.726020788561905","1,1,1,1,1,4,1,4,4,9,1,3,4,4,4,5,9,1,7,3,2,6,4,4,4,4,4,5,1,9,1,7,3,3,7,7,8,4,2,2,2,2,6,6,6,6,2,6,6,6,2,2,2,2,2,6,6,6,6,2,4,2,2,4,4,2,2,2,2,2,6,2,4,4,2,2,2,2,2,2,2,4,5,5,5,1,2,2,2,2,9,1,7,2,2,2,5,2,2,2,2,2,2,2,2,2,2,3,3,3,2,2,2,7,7,7,7,7,7,7,7,8,8,8,8,8,8,8,8","0.000938892364501953","fast_greedy","edit-xhwikibooks.graphml"
"0.3","0.33","0.37","0.726020788561905","1,1,1,1,1,4,1,4,4,9,1,3,4,4,4,5,9,1,7,3,2,6,4,4,4,4,4,5,1,9,1,7,3,3,7,7,8,4,2,2,2,2,6,6,6,6,2,6,6,6,2,2,2,2,2,6,6,6,6,2,4,2,2,4,4,2,2,2,2,2,6,2,4,4,2,2,2,2,2,2,2,4,5,5,5,1,2,2,2,2,9,1,7,2,2,2,5,2,2,2,2,2,2,2,2,2,2,3,3,3,2,2,2,7,7,7,7,7,7,7,7,8,8,8,8,8,8,8,8","0.000941991806030273","fast_greedy","edit-xhwikibooks.graphml"
"0.29","0.34","0.37","0.726411011080332","1,1,1,1,1,5,1,5,5,9,1,3,5,5,5,4,9,1,7,3,2,6,5,5,5,5,5,4,1,9,1,7,3,3,7,7,8,5,2,2,2,2,6,6,6,6,2,6,6,6,2,2,2,2,2,6,6,6,6,2,5,2,2,5,5,2,2,2,2,2,6,2,5,5,2,2,2,2,2,2,2,5,4,4,4,1,2,2,2,2,9,1,7,2,2,2,4,2,2,2,2,2,2,2,2,2,2,3,3,3,2,2,2,7,7,7,7,7,7,7,7,8,8,8,8,8,8,8,8","0.00093388557434082","fast_greedy","edit-xhwikibooks.graphml"
"0.28","0.35","0.37","0.726411011080332","1,1,1,1,1,5,1,5,5,9,1,3,5,5,5,4,9,1,7,3,2,6,5,5,5,5,5,4,1,9,1,7,3,3,7,7,8,5,2,2,2,2,6,6,6,6,2,6,6,6,2,2,2,2,2,6,6,6,6,2,5,2,2,5,5,2,2,2,2,2,6,2,5,5,2,2,2,2,2,2,2,5,4,4,4,1,2,2,2,2,9,1,7,2,2,2,4,2,2,2,2,2,2,2,2,2,2,3,3,3,2,2,2,7,7,7,7,7,7,7,7,8,8,8,8,8,8,8,8","0.000941038131713867","fast_greedy","edit-xhwikibooks.graphml"
"0.27","0.36","0.37","0.726411011080332","1,1,1,1,1,5,1,5,5,9,1,3,5,5,5,4,9,1,7,3,2,6,5,5,5,5,5,4,1,9,1,7,3,3,7,7,8,5,2,2,2,2,6,6,6,6,2,6,6,6,2,2,2,2,2,6,6,6,6,2,5,2,2,5,5,2,2,2,2,2,6,2,5,5,2,2,2,2,2,2,2,5,4,4,4,1,2,2,2,2,9,1,7,2,2,2,4,2,2,2,2,2,2,2,2,2,2,3,3,3,2,2,2,7,7,7,7,7,7,7,7,8,8,8,8,8,8,8,8","0.000965118408203125","fast_greedy","edit-xhwikibooks.graphml"
"0.26","0.37","0.37","0.726411011080332","1,1,1,1,1,5,1,5,5,9,1,3,5,5,5,4,9,1,7,3,2,6,5,5,5,5,5,4,1,9,1,7,3,3,7,7,8,5,2,2,2,2,6,6,6,6,2,6,6,6,2,2,2,2,2,6,6,6,6,2,5,2,2,5,5,2,2,2,2,2,6,2,5,5,2,2,2,2,2,2,2,5,4,4,4,1,2,2,2,2,9,1,7,2,2,2,4,2,2,2,2,2,2,2,2,2,2,3,3,3,2,2,2,7,7,7,7,7,7,7,7,8,8,8,8,8,8,8,8","0.00116109848022461","fast_greedy","edit-xhwikibooks.graphml"
"0.25","0.38","0.37","0.71826553750752","1,1,1,1,1,5,1,5,5,9,1,3,5,5,5,4,9,1,7,3,2,6,5,5,5,5,5,4,1,9,1,7,3,3,7,7,8,5,2,2,2,2,6,6,6,6,2,6,6,6,2,2,2,2,2,6,6,6,6,2,10,2,2,5,5,2,2,2,2,2,6,2,5,5,2,2,2,2,2,2,2,5,4,4,4,11,2,2,2,2,12,13,14,2,2,2,4,2,2,2,2,2,2,2,2,2,2,3,3,3,2,2,2,7,7,7,7,7,7,7,7,8,8,8,8,8,8,8,8","0.000925064086914062","fast_greedy","edit-xhwikibooks.graphml"
"0.24","0.39","0.37","0.71826553750752","1,1,1,1,1,5,1,5,5,9,1,3,5,5,5,4,9,1,7,3,2,6,5,5,5,5,5,4,1,9,1,7,3,3,7,7,8,5,2,2,2,2,6,6,6,6,2,6,6,6,2,2,2,2,2,6,6,6,6,2,10,2,2,5,5,2,2,2,2,2,6,2,5,5,2,2,2,2,2,2,2,5,4,4,4,11,2,2,2,2,12,13,14,2,2,2,4,2,2,2,2,2,2,2,2,2,2,3,3,3,2,2,2,7,7,7,7,7,7,7,7,8,8,8,8,8,8,8,8","0.000918865203857422","fast_greedy","edit-xhwikibooks.graphml"
"0.23","0.4","0.37","0.71826553750752","1,1,1,1,1,5,1,5,5,9,1,3,5,5,5,4,9,1,7,3,2,6,5,5,5,5,5,4,1,9,1,7,3,3,7,7,8,5,2,2,2,2,6,6,6,6,2,6,6,6,2,2,2,2,2,6,6,6,6,2,10,2,2,5,5,2,2,2,2,2,6,2,5,5,2,2,2,2,2,2,2,5,4,4,4,11,2,2,2,2,12,13,14,2,2,2,4,2,2,2,2,2,2,2,2,2,2,3,3,3,2,2,2,7,7,7,7,7,7,7,7,8,8,8,8,8,8,8,8","0.000932931900024414","fast_greedy","edit-xhwikibooks.graphml"
"0.22","0.41","0.37","0.71826553750752","1,1,1,1,1,5,1,5,5,9,1,3,5,5,5,4,9,1,7,3,2,6,5,5,5,5,5,4,1,9,1,7,3,3,7,7,8,5,2,2,2,2,6,6,6,6,2,6,6,6,2,2,2,2,2,6,6,6,6,2,10,2,2,5,5,2,2,2,2,2,6,2,5,5,2,2,2,2,2,2,2,5,4,4,4,11,2,2,2,2,12,13,14,2,2,2,4,2,2,2,2,2,2,2,2,2,2,3,3,3,2,2,2,7,7,7,7,7,7,7,7,8,8,8,8,8,8,8,8","0.000938892364501953","fast_greedy","edit-xhwikibooks.graphml"
"0.21","0.42","0.37","0.71826553750752","1,1,1,1,1,5,1,5,5,9,1,3,5,5,5,4,9,1,7,3,2,6,5,5,5,5,5,4,1,9,1,7,3,3,7,7,8,5,2,2,2,2,6,6,6,6,2,6,6,6,2,2,2,2,2,6,6,6,6,2,10,2,2,5,5,2,2,2,2,2,6,2,5,5,2,2,2,2,2,2,2,5,4,4,4,11,2,2,2,2,12,13,14,2,2,2,4,2,2,2,2,2,2,2,2,2,2,3,3,3,2,2,2,7,7,7,7,7,7,7,7,8,8,8,8,8,8,8,8","0.000930070877075195","fast_greedy","edit-xhwikibooks.graphml"
"0.2","0.43","0.37","0.71826553750752","1,1,1,1,1,5,1,5,5,9,1,3,5,5,5,4,9,1,7,3,2,6,5,5,5,5,5,4,1,9,1,7,3,3,7,7,8,5,2,2,2,2,6,6,6,6,2,6,6,6,2,2,2,2,2,6,6,6,6,2,10,2,2,5,5,2,2,2,2,2,6,2,5,5,2,2,2,2,2,2,2,5,4,4,4,11,2,2,2,2,12,13,14,2,2,2,4,2,2,2,2,2,2,2,2,2,2,3,3,3,2,2,2,7,7,7,7,7,7,7,7,8,8,8,8,8,8,8,8","0.000953912734985352","fast_greedy","edit-xhwikibooks.graphml"
"0.19","0.44","0.37","0.71826553750752","1,1,1,1,1,5,1,5,5,9,1,3,5,5,5,4,9,1,7,3,2,6,5,5,5,5,5,4,1,9,1,7,3,3,7,7,8,5,2,2,2,2,6,6,6,6,2,6,6,6,2,2,2,2,2,6,6,6,6,2,10,2,2,5,5,2,2,2,2,2,6,2,5,5,2,2,2,2,2,2,2,5,4,4,4,11,2,2,2,2,12,13,14,2,2,2,4,2,2,2,2,2,2,2,2,2,2,3,3,3,2,2,2,7,7,7,7,7,7,7,7,8,8,8,8,8,8,8,8","0.000922918319702148","fast_greedy","edit-xhwikibooks.graphml"
"0.18","0.45","0.37","0.71826553750752","1,1,1,1,1,5,1,5,5,9,1,3,5,5,5,4,9,1,7,3,2,6,5,5,5,5,5,4,1,9,1,7,3,3,7,7,8,5,2,2,2,2,6,6,6,6,2,6,6,6,2,2,2,2,2,6,6,6,6,2,10,2,2,5,5,2,2,2,2,2,6,2,5,5,2,2,2,2,2,2,2,5,4,4,4,11,2,2,2,2,12,13,14,2,2,2,4,2,2,2,2,2,2,2,2,2,2,3,3,3,2,2,2,7,7,7,7,7,7,7,7,8,8,8,8,8,8,8,8","0.000964164733886719","fast_greedy","edit-xhwikibooks.graphml"
"0.17","0.46","0.37","0.71826553750752","1,1,1,1,1,5,1,5,5,9,1,3,5,5,5,4,9,1,7,3,2,6,5,5,5,5,5,4,1,9,1,7,3,3,7,7,8,5,2,2,2,2,6,6,6,6,2,6,6,6,2,2,2,2,2,6,6,6,6,2,10,2,2,5,5,2,2,2,2,2,6,2,5,5,2,2,2,2,2,2,2,5,4,4,4,11,2,2,2,2,12,13,14,2,2,2,4,2,2,2,2,2,2,2,2,2,2,3,3,3,2,2,2,7,7,7,7,7,7,7,7,8,8,8,8,8,8,8,8","0.000947952270507812","fast_greedy","edit-xhwikibooks.graphml"
"0.16","0.47","0.37","0.71826553750752","1,1,1,1,1,5,1,5,5,9,1,3,5,5,5,4,9,1,7,3,2,6,5,5,5,5,5,4,1,9,1,7,3,3,7,7,8,5,2,2,2,2,6,6,6,6,2,6,6,6,2,2,2,2,2,6,6,6,6,2,10,2,2,5,5,2,2,2,2,2,6,2,5,5,2,2,2,2,2,2,2,5,4,4,4,11,2,2,2,2,12,13,14,2,2,2,4,2,2,2,2,2,2,2,2,2,2,3,3,3,2,2,2,7,7,7,7,7,7,7,7,8,8,8,8,8,8,8,8","0.000950813293457031","fast_greedy","edit-xhwikibooks.graphml"
"0.15","0.48","0.37","0.71826553750752","1,1,1,1,1,5,1,5,5,9,1,3,5,5,5,4,9,1,7,3,2,6,5,5,5,5,5,4,1,9,1,7,3,3,7,7,8,5,2,2,2,2,6,6,6,6,2,6,6,6,2,2,2,2,2,6,6,6,6,2,10,2,2,5,5,2,2,2,2,2,6,2,5,5,2,2,2,2,2,2,2,5,4,4,4,11,2,2,2,2,12,13,14,2,2,2,4,2,2,2,2,2,2,2,2,2,2,3,3,3,2,2,2,7,7,7,7,7,7,7,7,8,8,8,8,8,8,8,8","0.00103497505187988","fast_greedy","edit-xhwikibooks.graphml"
"0.14","0.49","0.37","0.71826553750752","1,1,1,1,1,5,1,5,5,9,1,3,5,5,5,4,9,1,7,3,2,6,5,5,5,5,5,4,1,9,1,7,3,3,7,7,8,5,2,2,2,2,6,6,6,6,2,6,6,6,2,2,2,2,2,6,6,6,6,2,10,2,2,5,5,2,2,2,2,2,6,2,5,5,2,2,2,2,2,2,2,5,4,4,4,11,2,2,2,2,12,13,14,2,2,2,4,2,2,2,2,2,2,2,2,2,2,3,3,3,2,2,2,7,7,7,7,7,7,7,7,8,8,8,8,8,8,8,8","0.000874042510986328","fast_greedy","edit-xhwikibooks.graphml"
"0.13","0.5","0.37","0.728459249166338","1,1,1,1,1,6,1,6,6,9,1,3,6,6,6,4,9,1,7,3,2,5,6,6,6,6,6,4,1,9,1,7,3,3,7,7,8,6,2,2,2,2,5,5,5,5,2,5,5,5,2,2,2,2,2,5,5,5,5,2,10,2,2,6,6,2,2,2,2,2,5,2,6,6,2,2,2,2,2,2,2,6,4,4,4,11,2,2,2,2,12,13,14,2,2,2,4,2,2,2,2,2,2,2,2,2,2,3,3,3,2,2,2,7,7,7,7,7,7,7,7,8,8,8,8,8,8,8,8","0.000900030136108398","fast_greedy","edit-xhwikibooks.graphml"
"0.12","0.51","0.37","0.728459249166338","1,1,1,1,1,6,1,6,6,9,1,3,6,6,6,4,9,1,7,3,2,5,6,6,6,6,6,4,1,9,1,7,3,3,7,7,8,6,2,2,2,2,5,5,5,5,2,5,5,5,2,2,2,2,2,5,5,5,5,2,10,2,2,6,6,2,2,2,2,2,5,2,6,6,2,2,2,2,2,2,2,6,4,4,4,11,2,2,2,2,12,13,14,2,2,2,4,2,2,2,2,2,2,2,2,2,2,3,3,3,2,2,2,7,7,7,7,7,7,7,7,8,8,8,8,8,8,8,8","0.00091099739074707","fast_greedy","edit-xhwikibooks.graphml"
"0.11","0.52","0.37","0.728459249166338","1,1,1,1,1,6,1,6,6,9,1,3,6,6,6,4,9,1,7,3,2,5,6,6,6,6,6,4,1,9,1,7,3,3,7,7,8,6,2,2,2,2,5,5,5,5,2,5,5,5,2,2,2,2,2,5,5,5,5,2,10,2,2,6,6,2,2,2,2,2,5,2,6,6,2,2,2,2,2,2,2,6,4,4,4,11,2,2,2,2,12,13,14,2,2,2,4,2,2,2,2,2,2,2,2,2,2,3,3,3,2,2,2,7,7,7,7,7,7,7,7,8,8,8,8,8,8,8,8","0.000944137573242188","fast_greedy","edit-xhwikibooks.graphml"
"0.1","0.53","0.37","0.728459249166338","1,1,1,1,1,6,1,6,6,9,1,3,6,6,6,4,9,1,7,3,2,5,6,6,6,6,6,4,1,9,1,7,3,3,7,7,8,6,2,2,2,2,5,5,5,5,2,5,5,5,2,2,2,2,2,5,5,5,5,2,10,2,2,6,6,2,2,2,2,2,5,2,6,6,2,2,2,2,2,2,2,6,4,4,4,11,2,2,2,2,12,13,14,2,2,2,4,2,2,2,2,2,2,2,2,2,2,3,3,3,2,2,2,7,7,7,7,7,7,7,7,8,8,8,8,8,8,8,8","0.000936985015869141","fast_greedy","edit-xhwikibooks.graphml"
"0.09","0.54","0.37","0.728459249166338","1,1,1,1,1,6,1,6,6,9,1,3,6,6,6,4,9,1,7,3,2,5,6,6,6,6,6,4,1,9,1,7,3,3,7,7,8,6,2,2,2,2,5,5,5,5,2,5,5,5,2,2,2,2,2,5,5,5,5,2,10,2,2,6,6,2,2,2,2,2,5,2,6,6,2,2,2,2,2,2,2,6,4,4,4,11,2,2,2,2,12,13,14,2,2,2,4,2,2,2,2,2,2,2,2,2,2,3,3,3,2,2,2,7,7,7,7,7,7,7,7,8,8,8,8,8,8,8,8","0.000955820083618164","fast_greedy","edit-xhwikibooks.graphml"
"0.08","0.55","0.37","0.728459249166338","1,1,1,1,1,6,1,6,6,9,1,3,6,6,6,4,9,1,7,3,2,5,6,6,6,6,6,4,1,9,1,7,3,3,7,7,8,6,2,2,2,2,5,5,5,5,2,5,5,5,2,2,2,2,2,5,5,5,5,2,10,2,2,6,6,2,2,2,2,2,5,2,6,6,2,2,2,2,2,2,2,6,4,4,4,11,2,2,2,2,12,13,14,2,2,2,4,2,2,2,2,2,2,2,2,2,2,3,3,3,2,2,2,7,7,7,7,7,7,7,7,8,8,8,8,8,8,8,8","0.000941038131713867","fast_greedy","edit-xhwikibooks.graphml"
"0.07","0.56","0.37","0.728459249166338","1,1,1,1,1,6,1,6,6,9,1,3,6,6,6,4,9,1,7,3,2,5,6,6,6,6,6,4,1,9,1,7,3,3,7,7,8,6,2,2,2,2,5,5,5,5,2,5,5,5,2,2,2,2,2,5,5,5,5,2,10,2,2,6,6,2,2,2,2,2,5,2,6,6,2,2,2,2,2,2,2,6,4,4,4,11,2,2,2,2,12,13,14,2,2,2,4,2,2,2,2,2,2,2,2,2,2,3,3,3,2,2,2,7,7,7,7,7,7,7,7,8,8,8,8,8,8,8,8","0.000944137573242188","fast_greedy","edit-xhwikibooks.graphml"
"0.06","0.57","0.37","0.728459249166338","1,1,1,1,1,6,1,6,6,9,1,3,6,6,6,4,9,1,7,3,2,5,6,6,6,6,6,4,1,9,1,7,3,3,7,7,8,6,2,2,2,2,5,5,5,5,2,5,5,5,2,2,2,2,2,5,5,5,5,2,10,2,2,6,6,2,2,2,2,2,5,2,6,6,2,2,2,2,2,2,2,6,4,4,4,11,2,2,2,2,12,13,14,2,2,2,4,2,2,2,2,2,2,2,2,2,2,3,3,3,2,2,2,7,7,7,7,7,7,7,7,8,8,8,8,8,8,8,8","0.000963926315307617","fast_greedy","edit-xhwikibooks.graphml"
"0.05","0.58","0.37","0.728459249166338","1,1,1,1,1,6,1,6,6,9,1,3,6,6,6,4,9,1,7,3,2,5,6,6,6,6,6,4,1,9,1,7,3,3,7,7,8,6,2,2,2,2,5,5,5,5,2,5,5,5,2,2,2,2,2,5,5,5,5,2,10,2,2,6,6,2,2,2,2,2,5,2,6,6,2,2,2,2,2,2,2,6,4,4,4,11,2,2,2,2,12,13,14,2,2,2,4,2,2,2,2,2,2,2,2,2,2,3,3,3,2,2,2,7,7,7,7,7,7,7,7,8,8,8,8,8,8,8,8","0.00105404853820801","fast_greedy","edit-xhwikibooks.graphml"
"0.04","0.59","0.37","0.728459249166338","1,1,1,1,1,6,1,6,6,9,1,3,6,6,6,4,9,1,7,3,2,5,6,6,6,6,6,4,1,9,1,7,3,3,7,7,8,6,2,2,2,2,5,5,5,5,2,5,5,5,2,2,2,2,2,5,5,5,5,2,10,2,2,6,6,2,2,2,2,2,5,2,6,6,2,2,2,2,2,2,2,6,4,4,4,11,2,2,2,2,12,13,14,2,2,2,4,2,2,2,2,2,2,2,2,2,2,3,3,3,2,2,2,7,7,7,7,7,7,7,7,8,8,8,8,8,8,8,8","0.000927925109863281","fast_greedy","edit-xhwikibooks.graphml"
"0.03","0.6","0.37","0.728459249166338","1,1,1,1,1,6,1,6,6,9,1,3,6,6,6,4,9,1,7,3,2,5,6,6,6,6,6,4,1,9,1,7,3,3,7,7,8,6,2,2,2,2,5,5,5,5,2,5,5,5,2,2,2,2,2,5,5,5,5,2,10,2,2,6,6,2,2,2,2,2,5,2,6,6,2,2,2,2,2,2,2,6,4,4,4,11,2,2,2,2,12,13,14,2,2,2,4,2,2,2,2,2,2,2,2,2,2,3,3,3,2,2,2,7,7,7,7,7,7,7,7,8,8,8,8,8,8,8,8","0.000918149948120117","fast_greedy","edit-xhwikibooks.graphml"
"0.02","0.61","0.37","0.728459249166338","1,1,1,1,1,6,1,6,6,9,1,3,6,6,6,4,9,1,7,3,2,5,6,6,6,6,6,4,1,9,1,7,3,3,7,7,8,6,2,2,2,2,5,5,5,5,2,5,5,5,2,2,2,2,2,5,5,5,5,2,10,2,2,6,6,2,2,2,2,2,5,2,6,6,2,2,2,2,2,2,2,6,4,4,4,11,2,2,2,2,12,13,14,2,2,2,4,2,2,2,2,2,2,2,2,2,2,3,3,3,2,2,2,7,7,7,7,7,7,7,7,8,8,8,8,8,8,8,8","0.000899076461791992","fast_greedy","edit-xhwikibooks.graphml"
"0.01","0.62","0.37","0.728459249166338","1,1,1,1,1,6,1,6,6,9,1,3,6,6,6,4,9,1,7,3,2,5,6,6,6,6,6,4,1,9,1,7,3,3,7,7,8,6,2,2,2,2,5,5,5,5,2,5,5,5,2,2,2,2,2,5,5,5,5,2,10,2,2,6,6,2,2,2,2,2,5,2,6,6,2,2,2,2,2,2,2,6,4,4,4,11,2,2,2,2,12,13,14,2,2,2,4,2,2,2,2,2,2,2,2,2,2,3,3,3,2,2,2,7,7,7,7,7,7,7,7,8,8,8,8,8,8,8,8","0.000916004180908203","fast_greedy","edit-xhwikibooks.graphml"
"0","0.63","0.37","0.72014136609856","1,1,1,1,1,1,2,1,6,1,2,2,6,6,6,4,1,2,7,2,3,5,6,6,6,6,6,4,1,1,2,7,2,2,7,7,8,6,3,3,3,3,5,5,5,5,3,5,5,5,3,3,3,3,3,5,5,5,5,3,9,3,3,6,6,3,3,3,3,3,5,3,6,6,3,3,3,3,3,3,3,6,4,4,4,10,3,3,3,3,11,12,13,3,3,3,4,3,3,3,3,3,3,3,3,3,3,2,2,2,3,3,3,7,7,7,7,7,7,7,7,8,8,8,8,8,8,8,8","0.000923871994018555","fast_greedy","edit-xhwikibooks.graphml"
"0.62","0","0.38","0.724977777777778","1,1,1,1,1,4,1,4,4,9,1,3,4,4,4,5,9,1,7,3,2,6,4,4,4,4,4,5,1,9,1,7,3,3,7,7,8,4,2,2,2,2,6,6,6,6,2,6,6,6,2,2,2,2,2,6,6,6,6,2,4,2,2,4,4,2,2,2,2,2,6,2,4,4,2,2,2,2,2,2,2,4,5,5,5,1,2,2,2,2,9,1,7,2,2,2,5,2,2,2,2,2,2,2,2,2,2,3,3,3,2,2,2,7,7,7,7,7,7,7,7,8,8,8,8,8,8,8,8","0.00091099739074707","fast_greedy","edit-xhwikibooks.graphml"
"0.61","0.01","0.38","0.724977777777778","1,1,1,1,1,4,1,4,4,9,1,3,4,4,4,5,9,1,7,3,2,6,4,4,4,4,4,5,1,9,1,7,3,3,7,7,8,4,2,2,2,2,6,6,6,6,2,6,6,6,2,2,2,2,2,6,6,6,6,2,4,2,2,4,4,2,2,2,2,2,6,2,4,4,2,2,2,2,2,2,2,4,5,5,5,1,2,2,2,2,9,1,7,2,2,2,5,2,2,2,2,2,2,2,2,2,2,3,3,3,2,2,2,7,7,7,7,7,7,7,7,8,8,8,8,8,8,8,8","0.00094914436340332","fast_greedy","edit-xhwikibooks.graphml"
"0.6","0.02","0.38","0.724977777777778","1,1,1,1,1,4,1,4,4,9,1,3,4,4,4,5,9,1,7,3,2,6,4,4,4,4,4,5,1,9,1,7,3,3,7,7,8,4,2,2,2,2,6,6,6,6,2,6,6,6,2,2,2,2,2,6,6,6,6,2,4,2,2,4,4,2,2,2,2,2,6,2,4,4,2,2,2,2,2,2,2,4,5,5,5,1,2,2,2,2,9,1,7,2,2,2,5,2,2,2,2,2,2,2,2,2,2,3,3,3,2,2,2,7,7,7,7,7,7,7,7,8,8,8,8,8,8,8,8","0.000959873199462891","fast_greedy","edit-xhwikibooks.graphml"
"0.59","0.03","0.38","0.724977777777778","1,1,1,1,1,4,1,4,4,9,1,3,4,4,4,5,9,1,7,3,2,6,4,4,4,4,4,5,1,9,1,7,3,3,7,7,8,4,2,2,2,2,6,6,6,6,2,6,6,6,2,2,2,2,2,6,6,6,6,2,4,2,2,4,4,2,2,2,2,2,6,2,4,4,2,2,2,2,2,2,2,4,5,5,5,1,2,2,2,2,9,1,7,2,2,2,5,2,2,2,2,2,2,2,2,2,2,3,3,3,2,2,2,7,7,7,7,7,7,7,7,8,8,8,8,8,8,8,8","0.000926017761230469","fast_greedy","edit-xhwikibooks.graphml"
"0.58","0.04","0.38","0.724977777777778","1,1,1,1,1,4,1,4,4,9,1,3,4,4,4,5,9,1,7,3,2,6,4,4,4,4,4,5,1,9,1,7,3,3,7,7,8,4,2,2,2,2,6,6,6,6,2,6,6,6,2,2,2,2,2,6,6,6,6,2,4,2,2,4,4,2,2,2,2,2,6,2,4,4,2,2,2,2,2,2,2,4,5,5,5,1,2,2,2,2,9,1,7,2,2,2,5,2,2,2,2,2,2,2,2,2,2,3,3,3,2,2,2,7,7,7,7,7,7,7,7,8,8,8,8,8,8,8,8","0.000959873199462891","fast_greedy","edit-xhwikibooks.graphml"
"0.57","0.05","0.38","0.724977777777778","1,1,1,1,1,4,1,4,4,9,1,3,4,4,4,5,9,1,7,3,2,6,4,4,4,4,4,5,1,9,1,7,3,3,7,7,8,4,2,2,2,2,6,6,6,6,2,6,6,6,2,2,2,2,2,6,6,6,6,2,4,2,2,4,4,2,2,2,2,2,6,2,4,4,2,2,2,2,2,2,2,4,5,5,5,1,2,2,2,2,9,1,7,2,2,2,5,2,2,2,2,2,2,2,2,2,2,3,3,3,2,2,2,7,7,7,7,7,7,7,7,8,8,8,8,8,8,8,8","0.00100994110107422","fast_greedy","edit-xhwikibooks.graphml"
"0.56","0.06","0.38","0.724977777777778","1,1,1,1,1,4,1,4,4,9,1,3,4,4,4,5,9,1,7,3,2,6,4,4,4,4,4,5,1,9,1,7,3,3,7,7,8,4,2,2,2,2,6,6,6,6,2,6,6,6,2,2,2,2,2,6,6,6,6,2,4,2,2,4,4,2,2,2,2,2,6,2,4,4,2,2,2,2,2,2,2,4,5,5,5,1,2,2,2,2,9,1,7,2,2,2,5,2,2,2,2,2,2,2,2,2,2,3,3,3,2,2,2,7,7,7,7,7,7,7,7,8,8,8,8,8,8,8,8","0.000897884368896484","fast_greedy","edit-xhwikibooks.graphml"
"0.55","0.07","0.38","0.724977777777778","1,1,1,1,1,4,1,4,4,9,1,3,4,4,4,5,9,1,7,3,2,6,4,4,4,4,4,5,1,9,1,7,3,3,7,7,8,4,2,2,2,2,6,6,6,6,2,6,6,6,2,2,2,2,2,6,6,6,6,2,4,2,2,4,4,2,2,2,2,2,6,2,4,4,2,2,2,2,2,2,2,4,5,5,5,1,2,2,2,2,9,1,7,2,2,2,5,2,2,2,2,2,2,2,2,2,2,3,3,3,2,2,2,7,7,7,7,7,7,7,7,8,8,8,8,8,8,8,8","0.00112605094909668","fast_greedy","edit-xhwikibooks.graphml"
"0.54","0.08","0.38","0.724977777777778","1,1,1,1,1,4,1,4,4,9,1,3,4,4,4,5,9,1,7,3,2,6,4,4,4,4,4,5,1,9,1,7,3,3,7,7,8,4,2,2,2,2,6,6,6,6,2,6,6,6,2,2,2,2,2,6,6,6,6,2,4,2,2,4,4,2,2,2,2,2,6,2,4,4,2,2,2,2,2,2,2,4,5,5,5,1,2,2,2,2,9,1,7,2,2,2,5,2,2,2,2,2,2,2,2,2,2,3,3,3,2,2,2,7,7,7,7,7,7,7,7,8,8,8,8,8,8,8,8","0.000905990600585938","fast_greedy","edit-xhwikibooks.graphml"
"0.53","0.09","0.38","0.724977777777778","1,1,1,1,1,4,1,4,4,9,1,3,4,4,4,5,9,1,7,3,2,6,4,4,4,4,4,5,1,9,1,7,3,3,7,7,8,4,2,2,2,2,6,6,6,6,2,6,6,6,2,2,2,2,2,6,6,6,6,2,4,2,2,4,4,2,2,2,2,2,6,2,4,4,2,2,2,2,2,2,2,4,5,5,5,1,2,2,2,2,9,1,7,2,2,2,5,2,2,2,2,2,2,2,2,2,2,3,3,3,2,2,2,7,7,7,7,7,7,7,7,8,8,8,8,8,8,8,8","0.000936985015869141","fast_greedy","edit-xhwikibooks.graphml"
"0.52","0.1","0.38","0.724977777777778","1,1,1,1,1,4,1,4,4,9,1,3,4,4,4,5,9,1,7,3,2,6,4,4,4,4,4,5,1,9,1,7,3,3,7,7,8,4,2,2,2,2,6,6,6,6,2,6,6,6,2,2,2,2,2,6,6,6,6,2,4,2,2,4,4,2,2,2,2,2,6,2,4,4,2,2,2,2,2,2,2,4,5,5,5,1,2,2,2,2,9,1,7,2,2,2,5,2,2,2,2,2,2,2,2,2,2,3,3,3,2,2,2,7,7,7,7,7,7,7,7,8,8,8,8,8,8,8,8","0.000900983810424805","fast_greedy","edit-xhwikibooks.graphml"
"0.51","0.11","0.38","0.724977777777778","1,1,1,1,1,4,1,4,4,9,1,3,4,4,4,5,9,1,7,3,2,6,4,4,4,4,4,5,1,9,1,7,3,3,7,7,8,4,2,2,2,2,6,6,6,6,2,6,6,6,2,2,2,2,2,6,6,6,6,2,4,2,2,4,4,2,2,2,2,2,6,2,4,4,2,2,2,2,2,2,2,4,5,5,5,1,2,2,2,2,9,1,7,2,2,2,5,2,2,2,2,2,2,2,2,2,2,3,3,3,2,2,2,7,7,7,7,7,7,7,7,8,8,8,8,8,8,8,8","0.000921964645385742","fast_greedy","edit-xhwikibooks.graphml"
"0.5","0.12","0.38","0.724977777777778","1,1,1,1,1,4,1,4,4,9,1,3,4,4,4,5,9,1,7,3,2,6,4,4,4,4,4,5,1,9,1,7,3,3,7,7,8,4,2,2,2,2,6,6,6,6,2,6,6,6,2,2,2,2,2,6,6,6,6,2,4,2,2,4,4,2,2,2,2,2,6,2,4,4,2,2,2,2,2,2,2,4,5,5,5,1,2,2,2,2,9,1,7,2,2,2,5,2,2,2,2,2,2,2,2,2,2,3,3,3,2,2,2,7,7,7,7,7,7,7,7,8,8,8,8,8,8,8,8","0.000919103622436523","fast_greedy","edit-xhwikibooks.graphml"
"0.49","0.13","0.38","0.724977777777778","1,1,1,1,1,4,1,4,4,9,1,3,4,4,4,5,9,1,7,3,2,6,4,4,4,4,4,5,1,9,1,7,3,3,7,7,8,4,2,2,2,2,6,6,6,6,2,6,6,6,2,2,2,2,2,6,6,6,6,2,4,2,2,4,4,2,2,2,2,2,6,2,4,4,2,2,2,2,2,2,2,4,5,5,5,1,2,2,2,2,9,1,7,2,2,2,5,2,2,2,2,2,2,2,2,2,2,3,3,3,2,2,2,7,7,7,7,7,7,7,7,8,8,8,8,8,8,8,8","0.000913858413696289","fast_greedy","edit-xhwikibooks.graphml"
"0.48","0.14","0.38","0.724977777777778","1,1,1,1,1,4,1,4,4,9,1,3,4,4,4,5,9,1,7,3,2,6,4,4,4,4,4,5,1,9,1,7,3,3,7,7,8,4,2,2,2,2,6,6,6,6,2,6,6,6,2,2,2,2,2,6,6,6,6,2,4,2,2,4,4,2,2,2,2,2,6,2,4,4,2,2,2,2,2,2,2,4,5,5,5,1,2,2,2,2,9,1,7,2,2,2,5,2,2,2,2,2,2,2,2,2,2,3,3,3,2,2,2,7,7,7,7,7,7,7,7,8,8,8,8,8,8,8,8","0.00091099739074707","fast_greedy","edit-xhwikibooks.graphml"
"0.47","0.15","0.38","0.724977777777778","1,1,1,1,1,4,1,4,4,9,1,3,4,4,4,5,9,1,7,3,2,6,4,4,4,4,4,5,1,9,1,7,3,3,7,7,8,4,2,2,2,2,6,6,6,6,2,6,6,6,2,2,2,2,2,6,6,6,6,2,4,2,2,4,4,2,2,2,2,2,6,2,4,4,2,2,2,2,2,2,2,4,5,5,5,1,2,2,2,2,9,1,7,2,2,2,5,2,2,2,2,2,2,2,2,2,2,3,3,3,2,2,2,7,7,7,7,7,7,7,7,8,8,8,8,8,8,8,8","0.00092005729675293","fast_greedy","edit-xhwikibooks.graphml"
"0.46","0.16","0.38","0.724977777777778","1,1,1,1,1,4,1,4,4,9,1,3,4,4,4,5,9,1,7,3,2,6,4,4,4,4,4,5,1,9,1,7,3,3,7,7,8,4,2,2,2,2,6,6,6,6,2,6,6,6,2,2,2,2,2,6,6,6,6,2,4,2,2,4,4,2,2,2,2,2,6,2,4,4,2,2,2,2,2,2,2,4,5,5,5,1,2,2,2,2,9,1,7,2,2,2,5,2,2,2,2,2,2,2,2,2,2,3,3,3,2,2,2,7,7,7,7,7,7,7,7,8,8,8,8,8,8,8,8","0.0010530948638916","fast_greedy","edit-xhwikibooks.graphml"
"0.45","0.17","0.38","0.726020788561905","1,1,1,1,1,4,1,4,4,9,1,3,4,4,4,5,9,1,7,3,2,6,4,4,4,4,4,5,1,9,1,7,3,3,7,7,8,4,2,2,2,2,6,6,6,6,2,6,6,6,2,2,2,2,2,6,6,6,6,2,4,2,2,4,4,2,2,2,2,2,6,2,4,4,2,2,2,2,2,2,2,4,5,5,5,1,2,2,2,2,9,1,7,2,2,2,5,2,2,2,2,2,2,2,2,2,2,3,3,3,2,2,2,7,7,7,7,7,7,7,7,8,8,8,8,8,8,8,8","0.000930070877075195","fast_greedy","edit-xhwikibooks.graphml"
"0.44","0.18","0.38","0.726020788561905","1,1,1,1,1,4,1,4,4,9,1,3,4,4,4,5,9,1,7,3,2,6,4,4,4,4,4,5,1,9,1,7,3,3,7,7,8,4,2,2,2,2,6,6,6,6,2,6,6,6,2,2,2,2,2,6,6,6,6,2,4,2,2,4,4,2,2,2,2,2,6,2,4,4,2,2,2,2,2,2,2,4,5,5,5,1,2,2,2,2,9,1,7,2,2,2,5,2,2,2,2,2,2,2,2,2,2,3,3,3,2,2,2,7,7,7,7,7,7,7,7,8,8,8,8,8,8,8,8","0.00111293792724609","fast_greedy","edit-xhwikibooks.graphml"
"0.43","0.19","0.38","0.726020788561905","1,1,1,1,1,4,1,4,4,9,1,3,4,4,4,5,9,1,7,3,2,6,4,4,4,4,4,5,1,9,1,7,3,3,7,7,8,4,2,2,2,2,6,6,6,6,2,6,6,6,2,2,2,2,2,6,6,6,6,2,4,2,2,4,4,2,2,2,2,2,6,2,4,4,2,2,2,2,2,2,2,4,5,5,5,1,2,2,2,2,9,1,7,2,2,2,5,2,2,2,2,2,2,2,2,2,2,3,3,3,2,2,2,7,7,7,7,7,7,7,7,8,8,8,8,8,8,8,8","0.000909090042114258","fast_greedy","edit-xhwikibooks.graphml"
"0.42","0.2","0.38","0.726020788561905","1,1,1,1,1,4,1,4,4,9,1,3,4,4,4,5,9,1,7,3,2,6,4,4,4,4,4,5,1,9,1,7,3,3,7,7,8,4,2,2,2,2,6,6,6,6,2,6,6,6,2,2,2,2,2,6,6,6,6,2,4,2,2,4,4,2,2,2,2,2,6,2,4,4,2,2,2,2,2,2,2,4,5,5,5,1,2,2,2,2,9,1,7,2,2,2,5,2,2,2,2,2,2,2,2,2,2,3,3,3,2,2,2,7,7,7,7,7,7,7,7,8,8,8,8,8,8,8,8","0.000900030136108398","fast_greedy","edit-xhwikibooks.graphml"
"0.41","0.21","0.38","0.726020788561905","1,1,1,1,1,4,1,4,4,9,1,3,4,4,4,5,9,1,7,3,2,6,4,4,4,4,4,5,1,9,1,7,3,3,7,7,8,4,2,2,2,2,6,6,6,6,2,6,6,6,2,2,2,2,2,6,6,6,6,2,4,2,2,4,4,2,2,2,2,2,6,2,4,4,2,2,2,2,2,2,2,4,5,5,5,1,2,2,2,2,9,1,7,2,2,2,5,2,2,2,2,2,2,2,2,2,2,3,3,3,2,2,2,7,7,7,7,7,7,7,7,8,8,8,8,8,8,8,8","0.000916957855224609","fast_greedy","edit-xhwikibooks.graphml"
"0.4","0.22","0.38","0.726020788561905","1,1,1,1,1,4,1,4,4,9,1,3,4,4,4,5,9,1,7,3,2,6,4,4,4,4,4,5,1,9,1,7,3,3,7,7,8,4,2,2,2,2,6,6,6,6,2,6,6,6,2,2,2,2,2,6,6,6,6,2,4,2,2,4,4,2,2,2,2,2,6,2,4,4,2,2,2,2,2,2,2,4,5,5,5,1,2,2,2,2,9,1,7,2,2,2,5,2,2,2,2,2,2,2,2,2,2,3,3,3,2,2,2,7,7,7,7,7,7,7,7,8,8,8,8,8,8,8,8","0.000932931900024414","fast_greedy","edit-xhwikibooks.graphml"
"0.39","0.23","0.38","0.726020788561905","1,1,1,1,1,4,1,4,4,9,1,3,4,4,4,5,9,1,7,3,2,6,4,4,4,4,4,5,1,9,1,7,3,3,7,7,8,4,2,2,2,2,6,6,6,6,2,6,6,6,2,2,2,2,2,6,6,6,6,2,4,2,2,4,4,2,2,2,2,2,6,2,4,4,2,2,2,2,2,2,2,4,5,5,5,1,2,2,2,2,9,1,7,2,2,2,5,2,2,2,2,2,2,2,2,2,2,3,3,3,2,2,2,7,7,7,7,7,7,7,7,8,8,8,8,8,8,8,8","0.000938892364501953","fast_greedy","edit-xhwikibooks.graphml"
"0.38","0.24","0.38","0.726020788561905","1,1,1,1,1,4,1,4,4,9,1,3,4,4,4,5,9,1,7,3,2,6,4,4,4,4,4,5,1,9,1,7,3,3,7,7,8,4,2,2,2,2,6,6,6,6,2,6,6,6,2,2,2,2,2,6,6,6,6,2,4,2,2,4,4,2,2,2,2,2,6,2,4,4,2,2,2,2,2,2,2,4,5,5,5,1,2,2,2,2,9,1,7,2,2,2,5,2,2,2,2,2,2,2,2,2,2,3,3,3,2,2,2,7,7,7,7,7,7,7,7,8,8,8,8,8,8,8,8","0.000921010971069336","fast_greedy","edit-xhwikibooks.graphml"
"0.37","0.25","0.38","0.726020788561905","1,1,1,1,1,4,1,4,4,9,1,3,4,4,4,5,9,1,7,3,2,6,4,4,4,4,4,5,1,9,1,7,3,3,7,7,8,4,2,2,2,2,6,6,6,6,2,6,6,6,2,2,2,2,2,6,6,6,6,2,4,2,2,4,4,2,2,2,2,2,6,2,4,4,2,2,2,2,2,2,2,4,5,5,5,1,2,2,2,2,9,1,7,2,2,2,5,2,2,2,2,2,2,2,2,2,2,3,3,3,2,2,2,7,7,7,7,7,7,7,7,8,8,8,8,8,8,8,8","0.000909090042114258","fast_greedy","edit-xhwikibooks.graphml"
"0.36","0.26","0.38","0.726020788561905","1,1,1,1,1,4,1,4,4,9,1,3,4,4,4,5,9,1,7,3,2,6,4,4,4,4,4,5,1,9,1,7,3,3,7,7,8,4,2,2,2,2,6,6,6,6,2,6,6,6,2,2,2,2,2,6,6,6,6,2,4,2,2,4,4,2,2,2,2,2,6,2,4,4,2,2,2,2,2,2,2,4,5,5,5,1,2,2,2,2,9,1,7,2,2,2,5,2,2,2,2,2,2,2,2,2,2,3,3,3,2,2,2,7,7,7,7,7,7,7,7,8,8,8,8,8,8,8,8","0.00092315673828125","fast_greedy","edit-xhwikibooks.graphml"
"0.35","0.27","0.38","0.726020788561905","1,1,1,1,1,4,1,4,4,9,1,3,4,4,4,5,9,1,7,3,2,6,4,4,4,4,4,5,1,9,1,7,3,3,7,7,8,4,2,2,2,2,6,6,6,6,2,6,6,6,2,2,2,2,2,6,6,6,6,2,4,2,2,4,4,2,2,2,2,2,6,2,4,4,2,2,2,2,2,2,2,4,5,5,5,1,2,2,2,2,9,1,7,2,2,2,5,2,2,2,2,2,2,2,2,2,2,3,3,3,2,2,2,7,7,7,7,7,7,7,7,8,8,8,8,8,8,8,8","0.000925064086914062","fast_greedy","edit-xhwikibooks.graphml"
"0.34","0.28","0.38","0.726020788561905","1,1,1,1,1,4,1,4,4,9,1,3,4,4,4,5,9,1,7,3,2,6,4,4,4,4,4,5,1,9,1,7,3,3,7,7,8,4,2,2,2,2,6,6,6,6,2,6,6,6,2,2,2,2,2,6,6,6,6,2,4,2,2,4,4,2,2,2,2,2,6,2,4,4,2,2,2,2,2,2,2,4,5,5,5,1,2,2,2,2,9,1,7,2,2,2,5,2,2,2,2,2,2,2,2,2,2,3,3,3,2,2,2,7,7,7,7,7,7,7,7,8,8,8,8,8,8,8,8","0.000926017761230469","fast_greedy","edit-xhwikibooks.graphml"
"0.33","0.29","0.38","0.726020788561905","1,1,1,1,1,4,1,4,4,9,1,3,4,4,4,5,9,1,7,3,2,6,4,4,4,4,4,5,1,9,1,7,3,3,7,7,8,4,2,2,2,2,6,6,6,6,2,6,6,6,2,2,2,2,2,6,6,6,6,2,4,2,2,4,4,2,2,2,2,2,6,2,4,4,2,2,2,2,2,2,2,4,5,5,5,1,2,2,2,2,9,1,7,2,2,2,5,2,2,2,2,2,2,2,2,2,2,3,3,3,2,2,2,7,7,7,7,7,7,7,7,8,8,8,8,8,8,8,8","0.000934123992919922","fast_greedy","edit-xhwikibooks.graphml"
"0.32","0.3","0.38","0.726020788561905","1,1,1,1,1,4,1,4,4,9,1,3,4,4,4,5,9,1,7,3,2,6,4,4,4,4,4,5,1,9,1,7,3,3,7,7,8,4,2,2,2,2,6,6,6,6,2,6,6,6,2,2,2,2,2,6,6,6,6,2,4,2,2,4,4,2,2,2,2,2,6,2,4,4,2,2,2,2,2,2,2,4,5,5,5,1,2,2,2,2,9,1,7,2,2,2,5,2,2,2,2,2,2,2,2,2,2,3,3,3,2,2,2,7,7,7,7,7,7,7,7,8,8,8,8,8,8,8,8","0.000952005386352539","fast_greedy","edit-xhwikibooks.graphml"
"0.31","0.31","0.38","0.726020788561905","1,1,1,1,1,4,1,4,4,9,1,3,4,4,4,5,9,1,7,3,2,6,4,4,4,4,4,5,1,9,1,7,3,3,7,7,8,4,2,2,2,2,6,6,6,6,2,6,6,6,2,2,2,2,2,6,6,6,6,2,4,2,2,4,4,2,2,2,2,2,6,2,4,4,2,2,2,2,2,2,2,4,5,5,5,1,2,2,2,2,9,1,7,2,2,2,5,2,2,2,2,2,2,2,2,2,2,3,3,3,2,2,2,7,7,7,7,7,7,7,7,8,8,8,8,8,8,8,8","0.000889062881469727","fast_greedy","edit-xhwikibooks.graphml"
"0.3","0.32","0.38","0.726020788561905","1,1,1,1,1,4,1,4,4,9,1,3,4,4,4,5,9,1,7,3,2,6,4,4,4,4,4,5,1,9,1,7,3,3,7,7,8,4,2,2,2,2,6,6,6,6,2,6,6,6,2,2,2,2,2,6,6,6,6,2,4,2,2,4,4,2,2,2,2,2,6,2,4,4,2,2,2,2,2,2,2,4,5,5,5,1,2,2,2,2,9,1,7,2,2,2,5,2,2,2,2,2,2,2,2,2,2,3,3,3,2,2,2,7,7,7,7,7,7,7,7,8,8,8,8,8,8,8,8","0.000921964645385742","fast_greedy","edit-xhwikibooks.graphml"
"0.29","0.33","0.38","0.726020788561905","1,1,1,1,1,4,1,4,4,9,1,3,4,4,4,5,9,1,7,3,2,6,4,4,4,4,4,5,1,9,1,7,3,3,7,7,8,4,2,2,2,2,6,6,6,6,2,6,6,6,2,2,2,2,2,6,6,6,6,2,4,2,2,4,4,2,2,2,2,2,6,2,4,4,2,2,2,2,2,2,2,4,5,5,5,1,2,2,2,2,9,1,7,2,2,2,5,2,2,2,2,2,2,2,2,2,2,3,3,3,2,2,2,7,7,7,7,7,7,7,7,8,8,8,8,8,8,8,8","0.000928163528442383","fast_greedy","edit-xhwikibooks.graphml"
"0.28","0.34","0.38","0.726411011080332","1,1,1,1,1,5,1,5,5,9,1,3,5,5,5,4,9,1,7,3,2,6,5,5,5,5,5,4,1,9,1,7,3,3,7,7,8,5,2,2,2,2,6,6,6,6,2,6,6,6,2,2,2,2,2,6,6,6,6,2,5,2,2,5,5,2,2,2,2,2,6,2,5,5,2,2,2,2,2,2,2,5,4,4,4,1,2,2,2,2,9,1,7,2,2,2,4,2,2,2,2,2,2,2,2,2,2,3,3,3,2,2,2,7,7,7,7,7,7,7,7,8,8,8,8,8,8,8,8","0.000931978225708008","fast_greedy","edit-xhwikibooks.graphml"
"0.27","0.35","0.38","0.726411011080332","1,1,1,1,1,5,1,5,5,9,1,3,5,5,5,4,9,1,7,3,2,6,5,5,5,5,5,4,1,9,1,7,3,3,7,7,8,5,2,2,2,2,6,6,6,6,2,6,6,6,2,2,2,2,2,6,6,6,6,2,5,2,2,5,5,2,2,2,2,2,6,2,5,5,2,2,2,2,2,2,2,5,4,4,4,1,2,2,2,2,9,1,7,2,2,2,4,2,2,2,2,2,2,2,2,2,2,3,3,3,2,2,2,7,7,7,7,7,7,7,7,8,8,8,8,8,8,8,8","0.000936985015869141","fast_greedy","edit-xhwikibooks.graphml"
"0.26","0.36","0.38","0.726411011080332","1,1,1,1,1,5,1,5,5,9,1,3,5,5,5,4,9,1,7,3,2,6,5,5,5,5,5,4,1,9,1,7,3,3,7,7,8,5,2,2,2,2,6,6,6,6,2,6,6,6,2,2,2,2,2,6,6,6,6,2,5,2,2,5,5,2,2,2,2,2,6,2,5,5,2,2,2,2,2,2,2,5,4,4,4,1,2,2,2,2,9,1,7,2,2,2,4,2,2,2,2,2,2,2,2,2,2,3,3,3,2,2,2,7,7,7,7,7,7,7,7,8,8,8,8,8,8,8,8","0.000941038131713867","fast_greedy","edit-xhwikibooks.graphml"
"0.25","0.37","0.38","0.726411011080332","1,1,1,1,1,5,1,5,5,9,1,3,5,5,5,4,9,1,7,3,2,6,5,5,5,5,5,4,1,9,1,7,3,3,7,7,8,5,2,2,2,2,6,6,6,6,2,6,6,6,2,2,2,2,2,6,6,6,6,2,5,2,2,5,5,2,2,2,2,2,6,2,5,5,2,2,2,2,2,2,2,5,4,4,4,1,2,2,2,2,9,1,7,2,2,2,4,2,2,2,2,2,2,2,2,2,2,3,3,3,2,2,2,7,7,7,7,7,7,7,7,8,8,8,8,8,8,8,8","0.000998973846435547","fast_greedy","edit-xhwikibooks.graphml"
"0.24","0.38","0.38","0.726411011080332","1,1,1,1,1,5,1,5,5,9,1,3,5,5,5,4,9,1,7,3,2,6,5,5,5,5,5,4,1,9,1,7,3,3,7,7,8,5,2,2,2,2,6,6,6,6,2,6,6,6,2,2,2,2,2,6,6,6,6,2,5,2,2,5,5,2,2,2,2,2,6,2,5,5,2,2,2,2,2,2,2,5,4,4,4,1,2,2,2,2,9,1,7,2,2,2,4,2,2,2,2,2,2,2,2,2,2,3,3,3,2,2,2,7,7,7,7,7,7,7,7,8,8,8,8,8,8,8,8","0.000924110412597656","fast_greedy","edit-xhwikibooks.graphml"
"0.23","0.39","0.38","0.71826553750752","1,1,1,1,1,5,1,5,5,9,1,3,5,5,5,4,9,1,7,3,2,6,5,5,5,5,5,4,1,9,1,7,3,3,7,7,8,5,2,2,2,2,6,6,6,6,2,6,6,6,2,2,2,2,2,6,6,6,6,2,10,2,2,5,5,2,2,2,2,2,6,2,5,5,2,2,2,2,2,2,2,5,4,4,4,11,2,2,2,2,12,13,14,2,2,2,4,2,2,2,2,2,2,2,2,2,2,3,3,3,2,2,2,7,7,7,7,7,7,7,7,8,8,8,8,8,8,8,8","0.000933170318603516","fast_greedy","edit-xhwikibooks.graphml"
"0.22","0.4","0.38","0.71826553750752","1,1,1,1,1,5,1,5,5,9,1,3,5,5,5,4,9,1,7,3,2,6,5,5,5,5,5,4,1,9,1,7,3,3,7,7,8,5,2,2,2,2,6,6,6,6,2,6,6,6,2,2,2,2,2,6,6,6,6,2,10,2,2,5,5,2,2,2,2,2,6,2,5,5,2,2,2,2,2,2,2,5,4,4,4,11,2,2,2,2,12,13,14,2,2,2,4,2,2,2,2,2,2,2,2,2,2,3,3,3,2,2,2,7,7,7,7,7,7,7,7,8,8,8,8,8,8,8,8","0.000936031341552734","fast_greedy","edit-xhwikibooks.graphml"
"0.21","0.41","0.38","0.71826553750752","1,1,1,1,1,5,1,5,5,9,1,3,5,5,5,4,9,1,7,3,2,6,5,5,5,5,5,4,1,9,1,7,3,3,7,7,8,5,2,2,2,2,6,6,6,6,2,6,6,6,2,2,2,2,2,6,6,6,6,2,10,2,2,5,5,2,2,2,2,2,6,2,5,5,2,2,2,2,2,2,2,5,4,4,4,11,2,2,2,2,12,13,14,2,2,2,4,2,2,2,2,2,2,2,2,2,2,3,3,3,2,2,2,7,7,7,7,7,7,7,7,8,8,8,8,8,8,8,8","0.00116491317749023","fast_greedy","edit-xhwikibooks.graphml"
"0.2","0.42","0.38","0.71826553750752","1,1,1,1,1,5,1,5,5,9,1,3,5,5,5,4,9,1,7,3,2,6,5,5,5,5,5,4,1,9,1,7,3,3,7,7,8,5,2,2,2,2,6,6,6,6,2,6,6,6,2,2,2,2,2,6,6,6,6,2,10,2,2,5,5,2,2,2,2,2,6,2,5,5,2,2,2,2,2,2,2,5,4,4,4,11,2,2,2,2,12,13,14,2,2,2,4,2,2,2,2,2,2,2,2,2,2,3,3,3,2,2,2,7,7,7,7,7,7,7,7,8,8,8,8,8,8,8,8","0.000900983810424805","fast_greedy","edit-xhwikibooks.graphml"
"0.19","0.43","0.38","0.71826553750752","1,1,1,1,1,5,1,5,5,9,1,3,5,5,5,4,9,1,7,3,2,6,5,5,5,5,5,4,1,9,1,7,3,3,7,7,8,5,2,2,2,2,6,6,6,6,2,6,6,6,2,2,2,2,2,6,6,6,6,2,10,2,2,5,5,2,2,2,2,2,6,2,5,5,2,2,2,2,2,2,2,5,4,4,4,11,2,2,2,2,12,13,14,2,2,2,4,2,2,2,2,2,2,2,2,2,2,3,3,3,2,2,2,7,7,7,7,7,7,7,7,8,8,8,8,8,8,8,8","0.000927925109863281","fast_greedy","edit-xhwikibooks.graphml"
"0.18","0.44","0.38","0.71826553750752","1,1,1,1,1,5,1,5,5,9,1,3,5,5,5,4,9,1,7,3,2,6,5,5,5,5,5,4,1,9,1,7,3,3,7,7,8,5,2,2,2,2,6,6,6,6,2,6,6,6,2,2,2,2,2,6,6,6,6,2,10,2,2,5,5,2,2,2,2,2,6,2,5,5,2,2,2,2,2,2,2,5,4,4,4,11,2,2,2,2,12,13,14,2,2,2,4,2,2,2,2,2,2,2,2,2,2,3,3,3,2,2,2,7,7,7,7,7,7,7,7,8,8,8,8,8,8,8,8","0.000938892364501953","fast_greedy","edit-xhwikibooks.graphml"
"0.17","0.45","0.38","0.71826553750752","1,1,1,1,1,5,1,5,5,9,1,3,5,5,5,4,9,1,7,3,2,6,5,5,5,5,5,4,1,9,1,7,3,3,7,7,8,5,2,2,2,2,6,6,6,6,2,6,6,6,2,2,2,2,2,6,6,6,6,2,10,2,2,5,5,2,2,2,2,2,6,2,5,5,2,2,2,2,2,2,2,5,4,4,4,11,2,2,2,2,12,13,14,2,2,2,4,2,2,2,2,2,2,2,2,2,2,3,3,3,2,2,2,7,7,7,7,7,7,7,7,8,8,8,8,8,8,8,8","0.000916004180908203","fast_greedy","edit-xhwikibooks.graphml"
"0.16","0.46","0.38","0.71826553750752","1,1,1,1,1,5,1,5,5,9,1,3,5,5,5,4,9,1,7,3,2,6,5,5,5,5,5,4,1,9,1,7,3,3,7,7,8,5,2,2,2,2,6,6,6,6,2,6,6,6,2,2,2,2,2,6,6,6,6,2,10,2,2,5,5,2,2,2,2,2,6,2,5,5,2,2,2,2,2,2,2,5,4,4,4,11,2,2,2,2,12,13,14,2,2,2,4,2,2,2,2,2,2,2,2,2,2,3,3,3,2,2,2,7,7,7,7,7,7,7,7,8,8,8,8,8,8,8,8","0.000954151153564453","fast_greedy","edit-xhwikibooks.graphml"
"0.15","0.47","0.38","0.71826553750752","1,1,1,1,1,5,1,5,5,9,1,3,5,5,5,4,9,1,7,3,2,6,5,5,5,5,5,4,1,9,1,7,3,3,7,7,8,5,2,2,2,2,6,6,6,6,2,6,6,6,2,2,2,2,2,6,6,6,6,2,10,2,2,5,5,2,2,2,2,2,6,2,5,5,2,2,2,2,2,2,2,5,4,4,4,11,2,2,2,2,12,13,14,2,2,2,4,2,2,2,2,2,2,2,2,2,2,3,3,3,2,2,2,7,7,7,7,7,7,7,7,8,8,8,8,8,8,8,8","0.000931978225708008","fast_greedy","edit-xhwikibooks.graphml"
"0.14","0.48","0.38","0.71826553750752","1,1,1,1,1,5,1,5,5,9,1,3,5,5,5,4,9,1,7,3,2,6,5,5,5,5,5,4,1,9,1,7,3,3,7,7,8,5,2,2,2,2,6,6,6,6,2,6,6,6,2,2,2,2,2,6,6,6,6,2,10,2,2,5,5,2,2,2,2,2,6,2,5,5,2,2,2,2,2,2,2,5,4,4,4,11,2,2,2,2,12,13,14,2,2,2,4,2,2,2,2,2,2,2,2,2,2,3,3,3,2,2,2,7,7,7,7,7,7,7,7,8,8,8,8,8,8,8,8","0.00097203254699707","fast_greedy","edit-xhwikibooks.graphml"
"0.13","0.49","0.38","0.71826553750752","1,1,1,1,1,5,1,5,5,9,1,3,5,5,5,4,9,1,7,3,2,6,5,5,5,5,5,4,1,9,1,7,3,3,7,7,8,5,2,2,2,2,6,6,6,6,2,6,6,6,2,2,2,2,2,6,6,6,6,2,10,2,2,5,5,2,2,2,2,2,6,2,5,5,2,2,2,2,2,2,2,5,4,4,4,11,2,2,2,2,12,13,14,2,2,2,4,2,2,2,2,2,2,2,2,2,2,3,3,3,2,2,2,7,7,7,7,7,7,7,7,8,8,8,8,8,8,8,8","0.000919103622436523","fast_greedy","edit-xhwikibooks.graphml"
"0.12","0.5","0.38","0.728459249166338","1,1,1,1,1,6,1,6,6,9,1,3,6,6,6,4,9,1,7,3,2,5,6,6,6,6,6,4,1,9,1,7,3,3,7,7,8,6,2,2,2,2,5,5,5,5,2,5,5,5,2,2,2,2,2,5,5,5,5,2,10,2,2,6,6,2,2,2,2,2,5,2,6,6,2,2,2,2,2,2,2,6,4,4,4,11,2,2,2,2,12,13,14,2,2,2,4,2,2,2,2,2,2,2,2,2,2,3,3,3,2,2,2,7,7,7,7,7,7,7,7,8,8,8,8,8,8,8,8","0.000956058502197266","fast_greedy","edit-xhwikibooks.graphml"
"0.11","0.51","0.38","0.728459249166338","1,1,1,1,1,6,1,6,6,9,1,3,6,6,6,4,9,1,7,3,2,5,6,6,6,6,6,4,1,9,1,7,3,3,7,7,8,6,2,2,2,2,5,5,5,5,2,5,5,5,2,2,2,2,2,5,5,5,5,2,10,2,2,6,6,2,2,2,2,2,5,2,6,6,2,2,2,2,2,2,2,6,4,4,4,11,2,2,2,2,12,13,14,2,2,2,4,2,2,2,2,2,2,2,2,2,2,3,3,3,2,2,2,7,7,7,7,7,7,7,7,8,8,8,8,8,8,8,8","0.000958919525146484","fast_greedy","edit-xhwikibooks.graphml"
"0.1","0.52","0.38","0.728459249166338","1,1,1,1,1,6,1,6,6,9,1,3,6,6,6,4,9,1,7,3,2,5,6,6,6,6,6,4,1,9,1,7,3,3,7,7,8,6,2,2,2,2,5,5,5,5,2,5,5,5,2,2,2,2,2,5,5,5,5,2,10,2,2,6,6,2,2,2,2,2,5,2,6,6,2,2,2,2,2,2,2,6,4,4,4,11,2,2,2,2,12,13,14,2,2,2,4,2,2,2,2,2,2,2,2,2,2,3,3,3,2,2,2,7,7,7,7,7,7,7,7,8,8,8,8,8,8,8,8","0.0011589527130127","fast_greedy","edit-xhwikibooks.graphml"
"0.09","0.53","0.38","0.728459249166338","1,1,1,1,1,6,1,6,6,9,1,3,6,6,6,4,9,1,7,3,2,5,6,6,6,6,6,4,1,9,1,7,3,3,7,7,8,6,2,2,2,2,5,5,5,5,2,5,5,5,2,2,2,2,2,5,5,5,5,2,10,2,2,6,6,2,2,2,2,2,5,2,6,6,2,2,2,2,2,2,2,6,4,4,4,11,2,2,2,2,12,13,14,2,2,2,4,2,2,2,2,2,2,2,2,2,2,3,3,3,2,2,2,7,7,7,7,7,7,7,7,8,8,8,8,8,8,8,8","0.000905036926269531","fast_greedy","edit-xhwikibooks.graphml"
"0.08","0.54","0.38","0.728459249166338","1,1,1,1,1,6,1,6,6,9,1,3,6,6,6,4,9,1,7,3,2,5,6,6,6,6,6,4,1,9,1,7,3,3,7,7,8,6,2,2,2,2,5,5,5,5,2,5,5,5,2,2,2,2,2,5,5,5,5,2,10,2,2,6,6,2,2,2,2,2,5,2,6,6,2,2,2,2,2,2,2,6,4,4,4,11,2,2,2,2,12,13,14,2,2,2,4,2,2,2,2,2,2,2,2,2,2,3,3,3,2,2,2,7,7,7,7,7,7,7,7,8,8,8,8,8,8,8,8","0.000940084457397461","fast_greedy","edit-xhwikibooks.graphml"
"0.07","0.55","0.38","0.728459249166338","1,1,1,1,1,6,1,6,6,9,1,3,6,6,6,4,9,1,7,3,2,5,6,6,6,6,6,4,1,9,1,7,3,3,7,7,8,6,2,2,2,2,5,5,5,5,2,5,5,5,2,2,2,2,2,5,5,5,5,2,10,2,2,6,6,2,2,2,2,2,5,2,6,6,2,2,2,2,2,2,2,6,4,4,4,11,2,2,2,2,12,13,14,2,2,2,4,2,2,2,2,2,2,2,2,2,2,3,3,3,2,2,2,7,7,7,7,7,7,7,7,8,8,8,8,8,8,8,8","0.000929117202758789","fast_greedy","edit-xhwikibooks.graphml"
"0.06","0.56","0.38","0.728459249166338","1,1,1,1,1,6,1,6,6,9,1,3,6,6,6,4,9,1,7,3,2,5,6,6,6,6,6,4,1,9,1,7,3,3,7,7,8,6,2,2,2,2,5,5,5,5,2,5,5,5,2,2,2,2,2,5,5,5,5,2,10,2,2,6,6,2,2,2,2,2,5,2,6,6,2,2,2,2,2,2,2,6,4,4,4,11,2,2,2,2,12,13,14,2,2,2,4,2,2,2,2,2,2,2,2,2,2,3,3,3,2,2,2,7,7,7,7,7,7,7,7,8,8,8,8,8,8,8,8","0.000944137573242188","fast_greedy","edit-xhwikibooks.graphml"
"0.05","0.57","0.38","0.728459249166338","1,1,1,1,1,6,1,6,6,9,1,3,6,6,6,4,9,1,7,3,2,5,6,6,6,6,6,4,1,9,1,7,3,3,7,7,8,6,2,2,2,2,5,5,5,5,2,5,5,5,2,2,2,2,2,5,5,5,5,2,10,2,2,6,6,2,2,2,2,2,5,2,6,6,2,2,2,2,2,2,2,6,4,4,4,11,2,2,2,2,12,13,14,2,2,2,4,2,2,2,2,2,2,2,2,2,2,3,3,3,2,2,2,7,7,7,7,7,7,7,7,8,8,8,8,8,8,8,8","0.00094294548034668","fast_greedy","edit-xhwikibooks.graphml"
"0.04","0.58","0.38","0.728459249166338","1,1,1,1,1,6,1,6,6,9,1,3,6,6,6,4,9,1,7,3,2,5,6,6,6,6,6,4,1,9,1,7,3,3,7,7,8,6,2,2,2,2,5,5,5,5,2,5,5,5,2,2,2,2,2,5,5,5,5,2,10,2,2,6,6,2,2,2,2,2,5,2,6,6,2,2,2,2,2,2,2,6,4,4,4,11,2,2,2,2,12,13,14,2,2,2,4,2,2,2,2,2,2,2,2,2,2,3,3,3,2,2,2,7,7,7,7,7,7,7,7,8,8,8,8,8,8,8,8","0.000988006591796875","fast_greedy","edit-xhwikibooks.graphml"
"0.03","0.59","0.38","0.728459249166338","1,1,1,1,1,6,1,6,6,9,1,3,6,6,6,4,9,1,7,3,2,5,6,6,6,6,6,4,1,9,1,7,3,3,7,7,8,6,2,2,2,2,5,5,5,5,2,5,5,5,2,2,2,2,2,5,5,5,5,2,10,2,2,6,6,2,2,2,2,2,5,2,6,6,2,2,2,2,2,2,2,6,4,4,4,11,2,2,2,2,12,13,14,2,2,2,4,2,2,2,2,2,2,2,2,2,2,3,3,3,2,2,2,7,7,7,7,7,7,7,7,8,8,8,8,8,8,8,8","0.000917911529541016","fast_greedy","edit-xhwikibooks.graphml"
"0.02","0.6","0.38","0.728459249166338","1,1,1,1,1,6,1,6,6,9,1,3,6,6,6,4,9,1,7,3,2,5,6,6,6,6,6,4,1,9,1,7,3,3,7,7,8,6,2,2,2,2,5,5,5,5,2,5,5,5,2,2,2,2,2,5,5,5,5,2,10,2,2,6,6,2,2,2,2,2,5,2,6,6,2,2,2,2,2,2,2,6,4,4,4,11,2,2,2,2,12,13,14,2,2,2,4,2,2,2,2,2,2,2,2,2,2,3,3,3,2,2,2,7,7,7,7,7,7,7,7,8,8,8,8,8,8,8,8","0.000931024551391602","fast_greedy","edit-xhwikibooks.graphml"
"0.01","0.61","0.38","0.728459249166338","1,1,1,1,1,6,1,6,6,9,1,3,6,6,6,4,9,1,7,3,2,5,6,6,6,6,6,4,1,9,1,7,3,3,7,7,8,6,2,2,2,2,5,5,5,5,2,5,5,5,2,2,2,2,2,5,5,5,5,2,10,2,2,6,6,2,2,2,2,2,5,2,6,6,2,2,2,2,2,2,2,6,4,4,4,11,2,2,2,2,12,13,14,2,2,2,4,2,2,2,2,2,2,2,2,2,2,3,3,3,2,2,2,7,7,7,7,7,7,7,7,8,8,8,8,8,8,8,8","0.000921010971069336","fast_greedy","edit-xhwikibooks.graphml"
"0","0.62","0.38","0.72014136609856","1,1,1,1,1,1,2,1,6,1,2,2,6,6,6,4,1,2,7,2,3,5,6,6,6,6,6,4,1,1,2,7,2,2,7,7,8,6,3,3,3,3,5,5,5,5,3,5,5,5,3,3,3,3,3,5,5,5,5,3,9,3,3,6,6,3,3,3,3,3,5,3,6,6,3,3,3,3,3,3,3,6,4,4,4,10,3,3,3,3,11,12,13,3,3,3,4,3,3,3,3,3,3,3,3,3,3,2,2,2,3,3,3,7,7,7,7,7,7,7,7,8,8,8,8,8,8,8,8","0.000931024551391602","fast_greedy","edit-xhwikibooks.graphml"
"0.61","0","0.39","0.724977777777778","1,1,1,1,1,4,1,4,4,9,1,3,4,4,4,5,9,1,7,3,2,6,4,4,4,4,4,5,1,9,1,7,3,3,7,7,8,4,2,2,2,2,6,6,6,6,2,6,6,6,2,2,2,2,2,6,6,6,6,2,4,2,2,4,4,2,2,2,2,2,6,2,4,4,2,2,2,2,2,2,2,4,5,5,5,1,2,2,2,2,9,1,7,2,2,2,5,2,2,2,2,2,2,2,2,2,2,3,3,3,2,2,2,7,7,7,7,7,7,7,7,8,8,8,8,8,8,8,8","0.000967025756835938","fast_greedy","edit-xhwikibooks.graphml"
"0.6","0.01","0.39","0.724977777777778","1,1,1,1,1,4,1,4,4,9,1,3,4,4,4,5,9,1,7,3,2,6,4,4,4,4,4,5,1,9,1,7,3,3,7,7,8,4,2,2,2,2,6,6,6,6,2,6,6,6,2,2,2,2,2,6,6,6,6,2,4,2,2,4,4,2,2,2,2,2,6,2,4,4,2,2,2,2,2,2,2,4,5,5,5,1,2,2,2,2,9,1,7,2,2,2,5,2,2,2,2,2,2,2,2,2,2,3,3,3,2,2,2,7,7,7,7,7,7,7,7,8,8,8,8,8,8,8,8","0.000929117202758789","fast_greedy","edit-xhwikibooks.graphml"
"0.59","0.02","0.39","0.724977777777778","1,1,1,1,1,4,1,4,4,9,1,3,4,4,4,5,9,1,7,3,2,6,4,4,4,4,4,5,1,9,1,7,3,3,7,7,8,4,2,2,2,2,6,6,6,6,2,6,6,6,2,2,2,2,2,6,6,6,6,2,4,2,2,4,4,2,2,2,2,2,6,2,4,4,2,2,2,2,2,2,2,4,5,5,5,1,2,2,2,2,9,1,7,2,2,2,5,2,2,2,2,2,2,2,2,2,2,3,3,3,2,2,2,7,7,7,7,7,7,7,7,8,8,8,8,8,8,8,8","0.000918865203857422","fast_greedy","edit-xhwikibooks.graphml"
"0.58","0.03","0.39","0.724977777777778","1,1,1,1,1,4,1,4,4,9,1,3,4,4,4,5,9,1,7,3,2,6,4,4,4,4,4,5,1,9,1,7,3,3,7,7,8,4,2,2,2,2,6,6,6,6,2,6,6,6,2,2,2,2,2,6,6,6,6,2,4,2,2,4,4,2,2,2,2,2,6,2,4,4,2,2,2,2,2,2,2,4,5,5,5,1,2,2,2,2,9,1,7,2,2,2,5,2,2,2,2,2,2,2,2,2,2,3,3,3,2,2,2,7,7,7,7,7,7,7,7,8,8,8,8,8,8,8,8","0.000936985015869141","fast_greedy","edit-xhwikibooks.graphml"
"0.57","0.04","0.39","0.724977777777778","1,1,1,1,1,4,1,4,4,9,1,3,4,4,4,5,9,1,7,3,2,6,4,4,4,4,4,5,1,9,1,7,3,3,7,7,8,4,2,2,2,2,6,6,6,6,2,6,6,6,2,2,2,2,2,6,6,6,6,2,4,2,2,4,4,2,2,2,2,2,6,2,4,4,2,2,2,2,2,2,2,4,5,5,5,1,2,2,2,2,9,1,7,2,2,2,5,2,2,2,2,2,2,2,2,2,2,3,3,3,2,2,2,7,7,7,7,7,7,7,7,8,8,8,8,8,8,8,8","0.000935077667236328","fast_greedy","edit-xhwikibooks.graphml"
"0.56","0.05","0.39","0.724977777777778","1,1,1,1,1,4,1,4,4,9,1,3,4,4,4,5,9,1,7,3,2,6,4,4,4,4,4,5,1,9,1,7,3,3,7,7,8,4,2,2,2,2,6,6,6,6,2,6,6,6,2,2,2,2,2,6,6,6,6,2,4,2,2,4,4,2,2,2,2,2,6,2,4,4,2,2,2,2,2,2,2,4,5,5,5,1,2,2,2,2,9,1,7,2,2,2,5,2,2,2,2,2,2,2,2,2,2,3,3,3,2,2,2,7,7,7,7,7,7,7,7,8,8,8,8,8,8,8,8","0.000935077667236328","fast_greedy","edit-xhwikibooks.graphml"
"0.55","0.06","0.39","0.724977777777778","1,1,1,1,1,4,1,4,4,9,1,3,4,4,4,5,9,1,7,3,2,6,4,4,4,4,4,5,1,9,1,7,3,3,7,7,8,4,2,2,2,2,6,6,6,6,2,6,6,6,2,2,2,2,2,6,6,6,6,2,4,2,2,4,4,2,2,2,2,2,6,2,4,4,2,2,2,2,2,2,2,4,5,5,5,1,2,2,2,2,9,1,7,2,2,2,5,2,2,2,2,2,2,2,2,2,2,3,3,3,2,2,2,7,7,7,7,7,7,7,7,8,8,8,8,8,8,8,8","0.00104999542236328","fast_greedy","edit-xhwikibooks.graphml"
"0.54","0.07","0.39","0.724977777777778","1,1,1,1,1,4,1,4,4,9,1,3,4,4,4,5,9,1,7,3,2,6,4,4,4,4,4,5,1,9,1,7,3,3,7,7,8,4,2,2,2,2,6,6,6,6,2,6,6,6,2,2,2,2,2,6,6,6,6,2,4,2,2,4,4,2,2,2,2,2,6,2,4,4,2,2,2,2,2,2,2,4,5,5,5,1,2,2,2,2,9,1,7,2,2,2,5,2,2,2,2,2,2,2,2,2,2,3,3,3,2,2,2,7,7,7,7,7,7,7,7,8,8,8,8,8,8,8,8","0.000923871994018555","fast_greedy","edit-xhwikibooks.graphml"
"0.53","0.08","0.39","0.724977777777778","1,1,1,1,1,4,1,4,4,9,1,3,4,4,4,5,9,1,7,3,2,6,4,4,4,4,4,5,1,9,1,7,3,3,7,7,8,4,2,2,2,2,6,6,6,6,2,6,6,6,2,2,2,2,2,6,6,6,6,2,4,2,2,4,4,2,2,2,2,2,6,2,4,4,2,2,2,2,2,2,2,4,5,5,5,1,2,2,2,2,9,1,7,2,2,2,5,2,2,2,2,2,2,2,2,2,2,3,3,3,2,2,2,7,7,7,7,7,7,7,7,8,8,8,8,8,8,8,8","0.000922918319702148","fast_greedy","edit-xhwikibooks.graphml"
"0.52","0.09","0.39","0.724977777777778","1,1,1,1,1,4,1,4,4,9,1,3,4,4,4,5,9,1,7,3,2,6,4,4,4,4,4,5,1,9,1,7,3,3,7,7,8,4,2,2,2,2,6,6,6,6,2,6,6,6,2,2,2,2,2,6,6,6,6,2,4,2,2,4,4,2,2,2,2,2,6,2,4,4,2,2,2,2,2,2,2,4,5,5,5,1,2,2,2,2,9,1,7,2,2,2,5,2,2,2,2,2,2,2,2,2,2,3,3,3,2,2,2,7,7,7,7,7,7,7,7,8,8,8,8,8,8,8,8","0.000925779342651367","fast_greedy","edit-xhwikibooks.graphml"
"0.51","0.1","0.39","0.724977777777778","1,1,1,1,1,4,1,4,4,9,1,3,4,4,4,5,9,1,7,3,2,6,4,4,4,4,4,5,1,9,1,7,3,3,7,7,8,4,2,2,2,2,6,6,6,6,2,6,6,6,2,2,2,2,2,6,6,6,6,2,4,2,2,4,4,2,2,2,2,2,6,2,4,4,2,2,2,2,2,2,2,4,5,5,5,1,2,2,2,2,9,1,7,2,2,2,5,2,2,2,2,2,2,2,2,2,2,3,3,3,2,2,2,7,7,7,7,7,7,7,7,8,8,8,8,8,8,8,8","0.000927925109863281","fast_greedy","edit-xhwikibooks.graphml"
"0.5","0.11","0.39","0.724977777777778","1,1,1,1,1,4,1,4,4,9,1,3,4,4,4,5,9,1,7,3,2,6,4,4,4,4,4,5,1,9,1,7,3,3,7,7,8,4,2,2,2,2,6,6,6,6,2,6,6,6,2,2,2,2,2,6,6,6,6,2,4,2,2,4,4,2,2,2,2,2,6,2,4,4,2,2,2,2,2,2,2,4,5,5,5,1,2,2,2,2,9,1,7,2,2,2,5,2,2,2,2,2,2,2,2,2,2,3,3,3,2,2,2,7,7,7,7,7,7,7,7,8,8,8,8,8,8,8,8","0.00349688529968262","fast_greedy","edit-xhwikibooks.graphml"
"0.49","0.12","0.39","0.724977777777778","1,1,1,1,1,4,1,4,4,9,1,3,4,4,4,5,9,1,7,3,2,6,4,4,4,4,4,5,1,9,1,7,3,3,7,7,8,4,2,2,2,2,6,6,6,6,2,6,6,6,2,2,2,2,2,6,6,6,6,2,4,2,2,4,4,2,2,2,2,2,6,2,4,4,2,2,2,2,2,2,2,4,5,5,5,1,2,2,2,2,9,1,7,2,2,2,5,2,2,2,2,2,2,2,2,2,2,3,3,3,2,2,2,7,7,7,7,7,7,7,7,8,8,8,8,8,8,8,8","0.00135707855224609","fast_greedy","edit-xhwikibooks.graphml"
"0.48","0.13","0.39","0.724977777777778","1,1,1,1,1,4,1,4,4,9,1,3,4,4,4,5,9,1,7,3,2,6,4,4,4,4,4,5,1,9,1,7,3,3,7,7,8,4,2,2,2,2,6,6,6,6,2,6,6,6,2,2,2,2,2,6,6,6,6,2,4,2,2,4,4,2,2,2,2,2,6,2,4,4,2,2,2,2,2,2,2,4,5,5,5,1,2,2,2,2,9,1,7,2,2,2,5,2,2,2,2,2,2,2,2,2,2,3,3,3,2,2,2,7,7,7,7,7,7,7,7,8,8,8,8,8,8,8,8","0.00110578536987305","fast_greedy","edit-xhwikibooks.graphml"
"0.47","0.14","0.39","0.724977777777778","1,1,1,1,1,4,1,4,4,9,1,3,4,4,4,5,9,1,7,3,2,6,4,4,4,4,4,5,1,9,1,7,3,3,7,7,8,4,2,2,2,2,6,6,6,6,2,6,6,6,2,2,2,2,2,6,6,6,6,2,4,2,2,4,4,2,2,2,2,2,6,2,4,4,2,2,2,2,2,2,2,4,5,5,5,1,2,2,2,2,9,1,7,2,2,2,5,2,2,2,2,2,2,2,2,2,2,3,3,3,2,2,2,7,7,7,7,7,7,7,7,8,8,8,8,8,8,8,8","0.00108504295349121","fast_greedy","edit-xhwikibooks.graphml"
"0.46","0.15","0.39","0.724977777777778","1,1,1,1,1,4,1,4,4,9,1,3,4,4,4,5,9,1,7,3,2,6,4,4,4,4,4,5,1,9,1,7,3,3,7,7,8,4,2,2,2,2,6,6,6,6,2,6,6,6,2,2,2,2,2,6,6,6,6,2,4,2,2,4,4,2,2,2,2,2,6,2,4,4,2,2,2,2,2,2,2,4,5,5,5,1,2,2,2,2,9,1,7,2,2,2,5,2,2,2,2,2,2,2,2,2,2,3,3,3,2,2,2,7,7,7,7,7,7,7,7,8,8,8,8,8,8,8,8","0.00124907493591309","fast_greedy","edit-xhwikibooks.graphml"
"0.45","0.16","0.39","0.724977777777778","1,1,1,1,1,4,1,4,4,9,1,3,4,4,4,5,9,1,7,3,2,6,4,4,4,4,4,5,1,9,1,7,3,3,7,7,8,4,2,2,2,2,6,6,6,6,2,6,6,6,2,2,2,2,2,6,6,6,6,2,4,2,2,4,4,2,2,2,2,2,6,2,4,4,2,2,2,2,2,2,2,4,5,5,5,1,2,2,2,2,9,1,7,2,2,2,5,2,2,2,2,2,2,2,2,2,2,3,3,3,2,2,2,7,7,7,7,7,7,7,7,8,8,8,8,8,8,8,8","0.00109505653381348","fast_greedy","edit-xhwikibooks.graphml"
"0.44","0.17","0.39","0.726020788561905","1,1,1,1,1,4,1,4,4,9,1,3,4,4,4,5,9,1,7,3,2,6,4,4,4,4,4,5,1,9,1,7,3,3,7,7,8,4,2,2,2,2,6,6,6,6,2,6,6,6,2,2,2,2,2,6,6,6,6,2,4,2,2,4,4,2,2,2,2,2,6,2,4,4,2,2,2,2,2,2,2,4,5,5,5,1,2,2,2,2,9,1,7,2,2,2,5,2,2,2,2,2,2,2,2,2,2,3,3,3,2,2,2,7,7,7,7,7,7,7,7,8,8,8,8,8,8,8,8","0.00107693672180176","fast_greedy","edit-xhwikibooks.graphml"
"0.43","0.18","0.39","0.726020788561905","1,1,1,1,1,4,1,4,4,9,1,3,4,4,4,5,9,1,7,3,2,6,4,4,4,4,4,5,1,9,1,7,3,3,7,7,8,4,2,2,2,2,6,6,6,6,2,6,6,6,2,2,2,2,2,6,6,6,6,2,4,2,2,4,4,2,2,2,2,2,6,2,4,4,2,2,2,2,2,2,2,4,5,5,5,1,2,2,2,2,9,1,7,2,2,2,5,2,2,2,2,2,2,2,2,2,2,3,3,3,2,2,2,7,7,7,7,7,7,7,7,8,8,8,8,8,8,8,8","0.00105690956115723","fast_greedy","edit-xhwikibooks.graphml"
"0.42","0.19","0.39","0.726020788561905","1,1,1,1,1,4,1,4,4,9,1,3,4,4,4,5,9,1,7,3,2,6,4,4,4,4,4,5,1,9,1,7,3,3,7,7,8,4,2,2,2,2,6,6,6,6,2,6,6,6,2,2,2,2,2,6,6,6,6,2,4,2,2,4,4,2,2,2,2,2,6,2,4,4,2,2,2,2,2,2,2,4,5,5,5,1,2,2,2,2,9,1,7,2,2,2,5,2,2,2,2,2,2,2,2,2,2,3,3,3,2,2,2,7,7,7,7,7,7,7,7,8,8,8,8,8,8,8,8","0.00107693672180176","fast_greedy","edit-xhwikibooks.graphml"
"0.41","0.2","0.39","0.726020788561905","1,1,1,1,1,4,1,4,4,9,1,3,4,4,4,5,9,1,7,3,2,6,4,4,4,4,4,5,1,9,1,7,3,3,7,7,8,4,2,2,2,2,6,6,6,6,2,6,6,6,2,2,2,2,2,6,6,6,6,2,4,2,2,4,4,2,2,2,2,2,6,2,4,4,2,2,2,2,2,2,2,4,5,5,5,1,2,2,2,2,9,1,7,2,2,2,5,2,2,2,2,2,2,2,2,2,2,3,3,3,2,2,2,7,7,7,7,7,7,7,7,8,8,8,8,8,8,8,8","0.00109195709228516","fast_greedy","edit-xhwikibooks.graphml"
"0.4","0.21","0.39","0.726020788561905","1,1,1,1,1,4,1,4,4,9,1,3,4,4,4,5,9,1,7,3,2,6,4,4,4,4,4,5,1,9,1,7,3,3,7,7,8,4,2,2,2,2,6,6,6,6,2,6,6,6,2,2,2,2,2,6,6,6,6,2,4,2,2,4,4,2,2,2,2,2,6,2,4,4,2,2,2,2,2,2,2,4,5,5,5,1,2,2,2,2,9,1,7,2,2,2,5,2,2,2,2,2,2,2,2,2,2,3,3,3,2,2,2,7,7,7,7,7,7,7,7,8,8,8,8,8,8,8,8","0.00110197067260742","fast_greedy","edit-xhwikibooks.graphml"
"0.39","0.22","0.39","0.726020788561905","1,1,1,1,1,4,1,4,4,9,1,3,4,4,4,5,9,1,7,3,2,6,4,4,4,4,4,5,1,9,1,7,3,3,7,7,8,4,2,2,2,2,6,6,6,6,2,6,6,6,2,2,2,2,2,6,6,6,6,2,4,2,2,4,4,2,2,2,2,2,6,2,4,4,2,2,2,2,2,2,2,4,5,5,5,1,2,2,2,2,9,1,7,2,2,2,5,2,2,2,2,2,2,2,2,2,2,3,3,3,2,2,2,7,7,7,7,7,7,7,7,8,8,8,8,8,8,8,8","0.00128316879272461","fast_greedy","edit-xhwikibooks.graphml"
"0.38","0.23","0.39","0.726020788561905","1,1,1,1,1,4,1,4,4,9,1,3,4,4,4,5,9,1,7,3,2,6,4,4,4,4,4,5,1,9,1,7,3,3,7,7,8,4,2,2,2,2,6,6,6,6,2,6,6,6,2,2,2,2,2,6,6,6,6,2,4,2,2,4,4,2,2,2,2,2,6,2,4,4,2,2,2,2,2,2,2,4,5,5,5,1,2,2,2,2,9,1,7,2,2,2,5,2,2,2,2,2,2,2,2,2,2,3,3,3,2,2,2,7,7,7,7,7,7,7,7,8,8,8,8,8,8,8,8","0.00107312202453613","fast_greedy","edit-xhwikibooks.graphml"
"0.37","0.24","0.39","0.726020788561905","1,1,1,1,1,4,1,4,4,9,1,3,4,4,4,5,9,1,7,3,2,6,4,4,4,4,4,5,1,9,1,7,3,3,7,7,8,4,2,2,2,2,6,6,6,6,2,6,6,6,2,2,2,2,2,6,6,6,6,2,4,2,2,4,4,2,2,2,2,2,6,2,4,4,2,2,2,2,2,2,2,4,5,5,5,1,2,2,2,2,9,1,7,2,2,2,5,2,2,2,2,2,2,2,2,2,2,3,3,3,2,2,2,7,7,7,7,7,7,7,7,8,8,8,8,8,8,8,8","0.00108909606933594","fast_greedy","edit-xhwikibooks.graphml"
"0.36","0.25","0.39","0.726020788561905","1,1,1,1,1,4,1,4,4,9,1,3,4,4,4,5,9,1,7,3,2,6,4,4,4,4,4,5,1,9,1,7,3,3,7,7,8,4,2,2,2,2,6,6,6,6,2,6,6,6,2,2,2,2,2,6,6,6,6,2,4,2,2,4,4,2,2,2,2,2,6,2,4,4,2,2,2,2,2,2,2,4,5,5,5,1,2,2,2,2,9,1,7,2,2,2,5,2,2,2,2,2,2,2,2,2,2,3,3,3,2,2,2,7,7,7,7,7,7,7,7,8,8,8,8,8,8,8,8","0.00110197067260742","fast_greedy","edit-xhwikibooks.graphml"
"0.35","0.26","0.39","0.726020788561905","1,1,1,1,1,4,1,4,4,9,1,3,4,4,4,5,9,1,7,3,2,6,4,4,4,4,4,5,1,9,1,7,3,3,7,7,8,4,2,2,2,2,6,6,6,6,2,6,6,6,2,2,2,2,2,6,6,6,6,2,4,2,2,4,4,2,2,2,2,2,6,2,4,4,2,2,2,2,2,2,2,4,5,5,5,1,2,2,2,2,9,1,7,2,2,2,5,2,2,2,2,2,2,2,2,2,2,3,3,3,2,2,2,7,7,7,7,7,7,7,7,8,8,8,8,8,8,8,8","0.00110292434692383","fast_greedy","edit-xhwikibooks.graphml"
"0.34","0.27","0.39","0.726020788561905","1,1,1,1,1,4,1,4,4,9,1,3,4,4,4,5,9,1,7,3,2,6,4,4,4,4,4,5,1,9,1,7,3,3,7,7,8,4,2,2,2,2,6,6,6,6,2,6,6,6,2,2,2,2,2,6,6,6,6,2,4,2,2,4,4,2,2,2,2,2,6,2,4,4,2,2,2,2,2,2,2,4,5,5,5,1,2,2,2,2,9,1,7,2,2,2,5,2,2,2,2,2,2,2,2,2,2,3,3,3,2,2,2,7,7,7,7,7,7,7,7,8,8,8,8,8,8,8,8","0.0011289119720459","fast_greedy","edit-xhwikibooks.graphml"
"0.33","0.28","0.39","0.726020788561905","1,1,1,1,1,4,1,4,4,9,1,3,4,4,4,5,9,1,7,3,2,6,4,4,4,4,4,5,1,9,1,7,3,3,7,7,8,4,2,2,2,2,6,6,6,6,2,6,6,6,2,2,2,2,2,6,6,6,6,2,4,2,2,4,4,2,2,2,2,2,6,2,4,4,2,2,2,2,2,2,2,4,5,5,5,1,2,2,2,2,9,1,7,2,2,2,5,2,2,2,2,2,2,2,2,2,2,3,3,3,2,2,2,7,7,7,7,7,7,7,7,8,8,8,8,8,8,8,8","0.00141716003417969","fast_greedy","edit-xhwikibooks.graphml"
"0.32","0.29","0.39","0.726020788561905","1,1,1,1,1,4,1,4,4,9,1,3,4,4,4,5,9,1,7,3,2,6,4,4,4,4,4,5,1,9,1,7,3,3,7,7,8,4,2,2,2,2,6,6,6,6,2,6,6,6,2,2,2,2,2,6,6,6,6,2,4,2,2,4,4,2,2,2,2,2,6,2,4,4,2,2,2,2,2,2,2,4,5,5,5,1,2,2,2,2,9,1,7,2,2,2,5,2,2,2,2,2,2,2,2,2,2,3,3,3,2,2,2,7,7,7,7,7,7,7,7,8,8,8,8,8,8,8,8","0.001129150390625","fast_greedy","edit-xhwikibooks.graphml"
"0.31","0.3","0.39","0.726020788561905","1,1,1,1,1,4,1,4,4,9,1,3,4,4,4,5,9,1,7,3,2,6,4,4,4,4,4,5,1,9,1,7,3,3,7,7,8,4,2,2,2,2,6,6,6,6,2,6,6,6,2,2,2,2,2,6,6,6,6,2,4,2,2,4,4,2,2,2,2,2,6,2,4,4,2,2,2,2,2,2,2,4,5,5,5,1,2,2,2,2,9,1,7,2,2,2,5,2,2,2,2,2,2,2,2,2,2,3,3,3,2,2,2,7,7,7,7,7,7,7,7,8,8,8,8,8,8,8,8","0.0010988712310791","fast_greedy","edit-xhwikibooks.graphml"
"0.3","0.31","0.39","0.726020788561905","1,1,1,1,1,4,1,4,4,9,1,3,4,4,4,5,9,1,7,3,2,6,4,4,4,4,4,5,1,9,1,7,3,3,7,7,8,4,2,2,2,2,6,6,6,6,2,6,6,6,2,2,2,2,2,6,6,6,6,2,4,2,2,4,4,2,2,2,2,2,6,2,4,4,2,2,2,2,2,2,2,4,5,5,5,1,2,2,2,2,9,1,7,2,2,2,5,2,2,2,2,2,2,2,2,2,2,3,3,3,2,2,2,7,7,7,7,7,7,7,7,8,8,8,8,8,8,8,8","0.00111007690429688","fast_greedy","edit-xhwikibooks.graphml"
"0.29","0.32","0.39","0.726020788561905","1,1,1,1,1,4,1,4,4,9,1,3,4,4,4,5,9,1,7,3,2,6,4,4,4,4,4,5,1,9,1,7,3,3,7,7,8,4,2,2,2,2,6,6,6,6,2,6,6,6,2,2,2,2,2,6,6,6,6,2,4,2,2,4,4,2,2,2,2,2,6,2,4,4,2,2,2,2,2,2,2,4,5,5,5,1,2,2,2,2,9,1,7,2,2,2,5,2,2,2,2,2,2,2,2,2,2,3,3,3,2,2,2,7,7,7,7,7,7,7,7,8,8,8,8,8,8,8,8","0.00106191635131836","fast_greedy","edit-xhwikibooks.graphml"
"0.28","0.33","0.39","0.726020788561905","1,1,1,1,1,4,1,4,4,9,1,3,4,4,4,5,9,1,7,3,2,6,4,4,4,4,4,5,1,9,1,7,3,3,7,7,8,4,2,2,2,2,6,6,6,6,2,6,6,6,2,2,2,2,2,6,6,6,6,2,4,2,2,4,4,2,2,2,2,2,6,2,4,4,2,2,2,2,2,2,2,4,5,5,5,1,2,2,2,2,9,1,7,2,2,2,5,2,2,2,2,2,2,2,2,2,2,3,3,3,2,2,2,7,7,7,7,7,7,7,7,8,8,8,8,8,8,8,8","0.00103902816772461","fast_greedy","edit-xhwikibooks.graphml"
"0.27","0.34","0.39","0.726411011080332","1,1,1,1,1,5,1,5,5,9,1,3,5,5,5,4,9,1,7,3,2,6,5,5,5,5,5,4,1,9,1,7,3,3,7,7,8,5,2,2,2,2,6,6,6,6,2,6,6,6,2,2,2,2,2,6,6,6,6,2,5,2,2,5,5,2,2,2,2,2,6,2,5,5,2,2,2,2,2,2,2,5,4,4,4,1,2,2,2,2,9,1,7,2,2,2,4,2,2,2,2,2,2,2,2,2,2,3,3,3,2,2,2,7,7,7,7,7,7,7,7,8,8,8,8,8,8,8,8","0.00104904174804688","fast_greedy","edit-xhwikibooks.graphml"
"0.26","0.35","0.39","0.726411011080332","1,1,1,1,1,5,1,5,5,9,1,3,5,5,5,4,9,1,7,3,2,6,5,5,5,5,5,4,1,9,1,7,3,3,7,7,8,5,2,2,2,2,6,6,6,6,2,6,6,6,2,2,2,2,2,6,6,6,6,2,5,2,2,5,5,2,2,2,2,2,6,2,5,5,2,2,2,2,2,2,2,5,4,4,4,1,2,2,2,2,9,1,7,2,2,2,4,2,2,2,2,2,2,2,2,2,2,3,3,3,2,2,2,7,7,7,7,7,7,7,7,8,8,8,8,8,8,8,8","0.00107192993164062","fast_greedy","edit-xhwikibooks.graphml"
"0.25","0.36","0.39","0.726411011080332","1,1,1,1,1,5,1,5,5,9,1,3,5,5,5,4,9,1,7,3,2,6,5,5,5,5,5,4,1,9,1,7,3,3,7,7,8,5,2,2,2,2,6,6,6,6,2,6,6,6,2,2,2,2,2,6,6,6,6,2,5,2,2,5,5,2,2,2,2,2,6,2,5,5,2,2,2,2,2,2,2,5,4,4,4,1,2,2,2,2,9,1,7,2,2,2,4,2,2,2,2,2,2,2,2,2,2,3,3,3,2,2,2,7,7,7,7,7,7,7,7,8,8,8,8,8,8,8,8","0.00107002258300781","fast_greedy","edit-xhwikibooks.graphml"
"0.24","0.37","0.39","0.726411011080332","1,1,1,1,1,5,1,5,5,9,1,3,5,5,5,4,9,1,7,3,2,6,5,5,5,5,5,4,1,9,1,7,3,3,7,7,8,5,2,2,2,2,6,6,6,6,2,6,6,6,2,2,2,2,2,6,6,6,6,2,5,2,2,5,5,2,2,2,2,2,6,2,5,5,2,2,2,2,2,2,2,5,4,4,4,1,2,2,2,2,9,1,7,2,2,2,4,2,2,2,2,2,2,2,2,2,2,3,3,3,2,2,2,7,7,7,7,7,7,7,7,8,8,8,8,8,8,8,8","0.00105905532836914","fast_greedy","edit-xhwikibooks.graphml"
"0.23","0.38","0.39","0.726411011080332","1,1,1,1,1,5,1,5,5,9,1,3,5,5,5,4,9,1,7,3,2,6,5,5,5,5,5,4,1,9,1,7,3,3,7,7,8,5,2,2,2,2,6,6,6,6,2,6,6,6,2,2,2,2,2,6,6,6,6,2,5,2,2,5,5,2,2,2,2,2,6,2,5,5,2,2,2,2,2,2,2,5,4,4,4,1,2,2,2,2,9,1,7,2,2,2,4,2,2,2,2,2,2,2,2,2,2,3,3,3,2,2,2,7,7,7,7,7,7,7,7,8,8,8,8,8,8,8,8","0.00108504295349121","fast_greedy","edit-xhwikibooks.graphml"
"0.22","0.39","0.39","0.726411011080332","1,1,1,1,1,5,1,5,5,9,1,3,5,5,5,4,9,1,7,3,2,6,5,5,5,5,5,4,1,9,1,7,3,3,7,7,8,5,2,2,2,2,6,6,6,6,2,6,6,6,2,2,2,2,2,6,6,6,6,2,5,2,2,5,5,2,2,2,2,2,6,2,5,5,2,2,2,2,2,2,2,5,4,4,4,1,2,2,2,2,9,1,7,2,2,2,4,2,2,2,2,2,2,2,2,2,2,3,3,3,2,2,2,7,7,7,7,7,7,7,7,8,8,8,8,8,8,8,8","0.00110507011413574","fast_greedy","edit-xhwikibooks.graphml"
"0.21","0.4","0.39","0.71826553750752","1,1,1,1,1,5,1,5,5,9,1,3,5,5,5,4,9,1,7,3,2,6,5,5,5,5,5,4,1,9,1,7,3,3,7,7,8,5,2,2,2,2,6,6,6,6,2,6,6,6,2,2,2,2,2,6,6,6,6,2,10,2,2,5,5,2,2,2,2,2,6,2,5,5,2,2,2,2,2,2,2,5,4,4,4,11,2,2,2,2,12,13,14,2,2,2,4,2,2,2,2,2,2,2,2,2,2,3,3,3,2,2,2,7,7,7,7,7,7,7,7,8,8,8,8,8,8,8,8","0.00109601020812988","fast_greedy","edit-xhwikibooks.graphml"
"0.2","0.41","0.39","0.71826553750752","1,1,1,1,1,5,1,5,5,9,1,3,5,5,5,4,9,1,7,3,2,6,5,5,5,5,5,4,1,9,1,7,3,3,7,7,8,5,2,2,2,2,6,6,6,6,2,6,6,6,2,2,2,2,2,6,6,6,6,2,10,2,2,5,5,2,2,2,2,2,6,2,5,5,2,2,2,2,2,2,2,5,4,4,4,11,2,2,2,2,12,13,14,2,2,2,4,2,2,2,2,2,2,2,2,2,2,3,3,3,2,2,2,7,7,7,7,7,7,7,7,8,8,8,8,8,8,8,8","0.00117301940917969","fast_greedy","edit-xhwikibooks.graphml"
"0.19","0.42","0.39","0.71826553750752","1,1,1,1,1,5,1,5,5,9,1,3,5,5,5,4,9,1,7,3,2,6,5,5,5,5,5,4,1,9,1,7,3,3,7,7,8,5,2,2,2,2,6,6,6,6,2,6,6,6,2,2,2,2,2,6,6,6,6,2,10,2,2,5,5,2,2,2,2,2,6,2,5,5,2,2,2,2,2,2,2,5,4,4,4,11,2,2,2,2,12,13,14,2,2,2,4,2,2,2,2,2,2,2,2,2,2,3,3,3,2,2,2,7,7,7,7,7,7,7,7,8,8,8,8,8,8,8,8","0.00107002258300781","fast_greedy","edit-xhwikibooks.graphml"
"0.18","0.43","0.39","0.71826553750752","1,1,1,1,1,5,1,5,5,9,1,3,5,5,5,4,9,1,7,3,2,6,5,5,5,5,5,4,1,9,1,7,3,3,7,7,8,5,2,2,2,2,6,6,6,6,2,6,6,6,2,2,2,2,2,6,6,6,6,2,10,2,2,5,5,2,2,2,2,2,6,2,5,5,2,2,2,2,2,2,2,5,4,4,4,11,2,2,2,2,12,13,14,2,2,2,4,2,2,2,2,2,2,2,2,2,2,3,3,3,2,2,2,7,7,7,7,7,7,7,7,8,8,8,8,8,8,8,8","0.00107693672180176","fast_greedy","edit-xhwikibooks.graphml"
"0.17","0.44","0.39","0.71826553750752","1,1,1,1,1,5,1,5,5,9,1,3,5,5,5,4,9,1,7,3,2,6,5,5,5,5,5,4,1,9,1,7,3,3,7,7,8,5,2,2,2,2,6,6,6,6,2,6,6,6,2,2,2,2,2,6,6,6,6,2,10,2,2,5,5,2,2,2,2,2,6,2,5,5,2,2,2,2,2,2,2,5,4,4,4,11,2,2,2,2,12,13,14,2,2,2,4,2,2,2,2,2,2,2,2,2,2,3,3,3,2,2,2,7,7,7,7,7,7,7,7,8,8,8,8,8,8,8,8","0.00110197067260742","fast_greedy","edit-xhwikibooks.graphml"
"0.16","0.45","0.39","0.71826553750752","1,1,1,1,1,5,1,5,5,9,1,3,5,5,5,4,9,1,7,3,2,6,5,5,5,5,5,4,1,9,1,7,3,3,7,7,8,5,2,2,2,2,6,6,6,6,2,6,6,6,2,2,2,2,2,6,6,6,6,2,10,2,2,5,5,2,2,2,2,2,6,2,5,5,2,2,2,2,2,2,2,5,4,4,4,11,2,2,2,2,12,13,14,2,2,2,4,2,2,2,2,2,2,2,2,2,2,3,3,3,2,2,2,7,7,7,7,7,7,7,7,8,8,8,8,8,8,8,8","0.00117802619934082","fast_greedy","edit-xhwikibooks.graphml"
"0.15","0.46","0.39","0.71826553750752","1,1,1,1,1,5,1,5,5,9,1,3,5,5,5,4,9,1,7,3,2,6,5,5,5,5,5,4,1,9,1,7,3,3,7,7,8,5,2,2,2,2,6,6,6,6,2,6,6,6,2,2,2,2,2,6,6,6,6,2,10,2,2,5,5,2,2,2,2,2,6,2,5,5,2,2,2,2,2,2,2,5,4,4,4,11,2,2,2,2,12,13,14,2,2,2,4,2,2,2,2,2,2,2,2,2,2,3,3,3,2,2,2,7,7,7,7,7,7,7,7,8,8,8,8,8,8,8,8","0.0011909008026123","fast_greedy","edit-xhwikibooks.graphml"
"0.14","0.47","0.39","0.71826553750752","1,1,1,1,1,5,1,5,5,9,1,3,5,5,5,4,9,1,7,3,2,6,5,5,5,5,5,4,1,9,1,7,3,3,7,7,8,5,2,2,2,2,6,6,6,6,2,6,6,6,2,2,2,2,2,6,6,6,6,2,10,2,2,5,5,2,2,2,2,2,6,2,5,5,2,2,2,2,2,2,2,5,4,4,4,11,2,2,2,2,12,13,14,2,2,2,4,2,2,2,2,2,2,2,2,2,2,3,3,3,2,2,2,7,7,7,7,7,7,7,7,8,8,8,8,8,8,8,8","0.0010840892791748","fast_greedy","edit-xhwikibooks.graphml"
"0.13","0.48","0.39","0.71826553750752","1,1,1,1,1,5,1,5,5,9,1,3,5,5,5,4,9,1,7,3,2,6,5,5,5,5,5,4,1,9,1,7,3,3,7,7,8,5,2,2,2,2,6,6,6,6,2,6,6,6,2,2,2,2,2,6,6,6,6,2,10,2,2,5,5,2,2,2,2,2,6,2,5,5,2,2,2,2,2,2,2,5,4,4,4,11,2,2,2,2,12,13,14,2,2,2,4,2,2,2,2,2,2,2,2,2,2,3,3,3,2,2,2,7,7,7,7,7,7,7,7,8,8,8,8,8,8,8,8","0.0010840892791748","fast_greedy","edit-xhwikibooks.graphml"
"0.12","0.49","0.39","0.71826553750752","1,1,1,1,1,5,1,5,5,9,1,3,5,5,5,4,9,1,7,3,2,6,5,5,5,5,5,4,1,9,1,7,3,3,7,7,8,5,2,2,2,2,6,6,6,6,2,6,6,6,2,2,2,2,2,6,6,6,6,2,10,2,2,5,5,2,2,2,2,2,6,2,5,5,2,2,2,2,2,2,2,5,4,4,4,11,2,2,2,2,12,13,14,2,2,2,4,2,2,2,2,2,2,2,2,2,2,3,3,3,2,2,2,7,7,7,7,7,7,7,7,8,8,8,8,8,8,8,8","0.00109505653381348","fast_greedy","edit-xhwikibooks.graphml"
"0.11","0.5","0.39","0.728459249166338","1,1,1,1,1,6,1,6,6,9,1,3,6,6,6,4,9,1,7,3,2,5,6,6,6,6,6,4,1,9,1,7,3,3,7,7,8,6,2,2,2,2,5,5,5,5,2,5,5,5,2,2,2,2,2,5,5,5,5,2,10,2,2,6,6,2,2,2,2,2,5,2,6,6,2,2,2,2,2,2,2,6,4,4,4,11,2,2,2,2,12,13,14,2,2,2,4,2,2,2,2,2,2,2,2,2,2,3,3,3,2,2,2,7,7,7,7,7,7,7,7,8,8,8,8,8,8,8,8","0.00116395950317383","fast_greedy","edit-xhwikibooks.graphml"
"0.1","0.51","0.39","0.728459249166338","1,1,1,1,1,6,1,6,6,9,1,3,6,6,6,4,9,1,7,3,2,5,6,6,6,6,6,4,1,9,1,7,3,3,7,7,8,6,2,2,2,2,5,5,5,5,2,5,5,5,2,2,2,2,2,5,5,5,5,2,10,2,2,6,6,2,2,2,2,2,5,2,6,6,2,2,2,2,2,2,2,6,4,4,4,11,2,2,2,2,12,13,14,2,2,2,4,2,2,2,2,2,2,2,2,2,2,3,3,3,2,2,2,7,7,7,7,7,7,7,7,8,8,8,8,8,8,8,8","0.0012660026550293","fast_greedy","edit-xhwikibooks.graphml"
"0.09","0.52","0.39","0.728459249166338","1,1,1,1,1,6,1,6,6,9,1,3,6,6,6,4,9,1,7,3,2,5,6,6,6,6,6,4,1,9,1,7,3,3,7,7,8,6,2,2,2,2,5,5,5,5,2,5,5,5,2,2,2,2,2,5,5,5,5,2,10,2,2,6,6,2,2,2,2,2,5,2,6,6,2,2,2,2,2,2,2,6,4,4,4,11,2,2,2,2,12,13,14,2,2,2,4,2,2,2,2,2,2,2,2,2,2,3,3,3,2,2,2,7,7,7,7,7,7,7,7,8,8,8,8,8,8,8,8","0.00106406211853027","fast_greedy","edit-xhwikibooks.graphml"
"0.08","0.53","0.39","0.728459249166338","1,1,1,1,1,6,1,6,6,9,1,3,6,6,6,4,9,1,7,3,2,5,6,6,6,6,6,4,1,9,1,7,3,3,7,7,8,6,2,2,2,2,5,5,5,5,2,5,5,5,2,2,2,2,2,5,5,5,5,2,10,2,2,6,6,2,2,2,2,2,5,2,6,6,2,2,2,2,2,2,2,6,4,4,4,11,2,2,2,2,12,13,14,2,2,2,4,2,2,2,2,2,2,2,2,2,2,3,3,3,2,2,2,7,7,7,7,7,7,7,7,8,8,8,8,8,8,8,8","0.00108003616333008","fast_greedy","edit-xhwikibooks.graphml"
"0.07","0.54","0.39","0.728459249166338","1,1,1,1,1,6,1,6,6,9,1,3,6,6,6,4,9,1,7,3,2,5,6,6,6,6,6,4,1,9,1,7,3,3,7,7,8,6,2,2,2,2,5,5,5,5,2,5,5,5,2,2,2,2,2,5,5,5,5,2,10,2,2,6,6,2,2,2,2,2,5,2,6,6,2,2,2,2,2,2,2,6,4,4,4,11,2,2,2,2,12,13,14,2,2,2,4,2,2,2,2,2,2,2,2,2,2,3,3,3,2,2,2,7,7,7,7,7,7,7,7,8,8,8,8,8,8,8,8","0.00109720230102539","fast_greedy","edit-xhwikibooks.graphml"
"0.06","0.55","0.39","0.728459249166338","1,1,1,1,1,6,1,6,6,9,1,3,6,6,6,4,9,1,7,3,2,5,6,6,6,6,6,4,1,9,1,7,3,3,7,7,8,6,2,2,2,2,5,5,5,5,2,5,5,5,2,2,2,2,2,5,5,5,5,2,10,2,2,6,6,2,2,2,2,2,5,2,6,6,2,2,2,2,2,2,2,6,4,4,4,11,2,2,2,2,12,13,14,2,2,2,4,2,2,2,2,2,2,2,2,2,2,3,3,3,2,2,2,7,7,7,7,7,7,7,7,8,8,8,8,8,8,8,8","0.00109601020812988","fast_greedy","edit-xhwikibooks.graphml"
"0.05","0.56","0.39","0.728459249166338","1,1,1,1,1,6,1,6,6,9,1,3,6,6,6,4,9,1,7,3,2,5,6,6,6,6,6,4,1,9,1,7,3,3,7,7,8,6,2,2,2,2,5,5,5,5,2,5,5,5,2,2,2,2,2,5,5,5,5,2,10,2,2,6,6,2,2,2,2,2,5,2,6,6,2,2,2,2,2,2,2,6,4,4,4,11,2,2,2,2,12,13,14,2,2,2,4,2,2,2,2,2,2,2,2,2,2,3,3,3,2,2,2,7,7,7,7,7,7,7,7,8,8,8,8,8,8,8,8","0.0010979175567627","fast_greedy","edit-xhwikibooks.graphml"
"0.04","0.57","0.39","0.728459249166338","1,1,1,1,1,6,1,6,6,9,1,3,6,6,6,4,9,1,7,3,2,5,6,6,6,6,6,4,1,9,1,7,3,3,7,7,8,6,2,2,2,2,5,5,5,5,2,5,5,5,2,2,2,2,2,5,5,5,5,2,10,2,2,6,6,2,2,2,2,2,5,2,6,6,2,2,2,2,2,2,2,6,4,4,4,11,2,2,2,2,12,13,14,2,2,2,4,2,2,2,2,2,2,2,2,2,2,3,3,3,2,2,2,7,7,7,7,7,7,7,7,8,8,8,8,8,8,8,8","0.00108885765075684","fast_greedy","edit-xhwikibooks.graphml"
"0.03","0.58","0.39","0.728459249166338","1,1,1,1,1,6,1,6,6,9,1,3,6,6,6,4,9,1,7,3,2,5,6,6,6,6,6,4,1,9,1,7,3,3,7,7,8,6,2,2,2,2,5,5,5,5,2,5,5,5,2,2,2,2,2,5,5,5,5,2,10,2,2,6,6,2,2,2,2,2,5,2,6,6,2,2,2,2,2,2,2,6,4,4,4,11,2,2,2,2,12,13,14,2,2,2,4,2,2,2,2,2,2,2,2,2,2,3,3,3,2,2,2,7,7,7,7,7,7,7,7,8,8,8,8,8,8,8,8","0.00108003616333008","fast_greedy","edit-xhwikibooks.graphml"
"0.02","0.59","0.39","0.728459249166338","1,1,1,1,1,6,1,6,6,9,1,3,6,6,6,4,9,1,7,3,2,5,6,6,6,6,6,4,1,9,1,7,3,3,7,7,8,6,2,2,2,2,5,5,5,5,2,5,5,5,2,2,2,2,2,5,5,5,5,2,10,2,2,6,6,2,2,2,2,2,5,2,6,6,2,2,2,2,2,2,2,6,4,4,4,11,2,2,2,2,12,13,14,2,2,2,4,2,2,2,2,2,2,2,2,2,2,3,3,3,2,2,2,7,7,7,7,7,7,7,7,8,8,8,8,8,8,8,8","0.00107502937316895","fast_greedy","edit-xhwikibooks.graphml"
"0.01","0.6","0.39","0.728459249166338","1,1,1,1,1,6,1,6,6,9,1,3,6,6,6,4,9,1,7,3,2,5,6,6,6,6,6,4,1,9,1,7,3,3,7,7,8,6,2,2,2,2,5,5,5,5,2,5,5,5,2,2,2,2,2,5,5,5,5,2,10,2,2,6,6,2,2,2,2,2,5,2,6,6,2,2,2,2,2,2,2,6,4,4,4,11,2,2,2,2,12,13,14,2,2,2,4,2,2,2,2,2,2,2,2,2,2,3,3,3,2,2,2,7,7,7,7,7,7,7,7,8,8,8,8,8,8,8,8","0.00109100341796875","fast_greedy","edit-xhwikibooks.graphml"
"0","0.61","0.39","0.72014136609856","1,1,1,1,1,1,2,1,6,1,2,2,6,6,6,4,1,2,7,2,3,5,6,6,6,6,6,4,1,1,2,7,2,2,7,7,8,6,3,3,3,3,5,5,5,5,3,5,5,5,3,3,3,3,3,5,5,5,5,3,9,3,3,6,6,3,3,3,3,3,5,3,6,6,3,3,3,3,3,3,3,6,4,4,4,10,3,3,3,3,11,12,13,3,3,3,4,3,3,3,3,3,3,3,3,3,3,2,2,2,3,3,3,7,7,7,7,7,7,7,7,8,8,8,8,8,8,8,8","0.00127291679382324","fast_greedy","edit-xhwikibooks.graphml"
"0.6","0","0.4","0.724977777777778","1,1,1,1,1,4,1,4,4,9,1,3,4,4,4,5,9,1,7,3,2,6,4,4,4,4,4,5,1,9,1,7,3,3,7,7,8,4,2,2,2,2,6,6,6,6,2,6,6,6,2,2,2,2,2,6,6,6,6,2,4,2,2,4,4,2,2,2,2,2,6,2,4,4,2,2,2,2,2,2,2,4,5,5,5,1,2,2,2,2,9,1,7,2,2,2,5,2,2,2,2,2,2,2,2,2,2,3,3,3,2,2,2,7,7,7,7,7,7,7,7,8,8,8,8,8,8,8,8","0.00106215476989746","fast_greedy","edit-xhwikibooks.graphml"
"0.59","0.01","0.4","0.724977777777778","1,1,1,1,1,4,1,4,4,9,1,3,4,4,4,5,9,1,7,3,2,6,4,4,4,4,4,5,1,9,1,7,3,3,7,7,8,4,2,2,2,2,6,6,6,6,2,6,6,6,2,2,2,2,2,6,6,6,6,2,4,2,2,4,4,2,2,2,2,2,6,2,4,4,2,2,2,2,2,2,2,4,5,5,5,1,2,2,2,2,9,1,7,2,2,2,5,2,2,2,2,2,2,2,2,2,2,3,3,3,2,2,2,7,7,7,7,7,7,7,7,8,8,8,8,8,8,8,8","0.0012660026550293","fast_greedy","edit-xhwikibooks.graphml"
"0.58","0.02","0.4","0.724977777777778","1,1,1,1,1,4,1,4,4,9,1,3,4,4,4,5,9,1,7,3,2,6,4,4,4,4,4,5,1,9,1,7,3,3,7,7,8,4,2,2,2,2,6,6,6,6,2,6,6,6,2,2,2,2,2,6,6,6,6,2,4,2,2,4,4,2,2,2,2,2,6,2,4,4,2,2,2,2,2,2,2,4,5,5,5,1,2,2,2,2,9,1,7,2,2,2,5,2,2,2,2,2,2,2,2,2,2,3,3,3,2,2,2,7,7,7,7,7,7,7,7,8,8,8,8,8,8,8,8","0.00105690956115723","fast_greedy","edit-xhwikibooks.graphml"
"0.57","0.03","0.4","0.724977777777778","1,1,1,1,1,4,1,4,4,9,1,3,4,4,4,5,9,1,7,3,2,6,4,4,4,4,4,5,1,9,1,7,3,3,7,7,8,4,2,2,2,2,6,6,6,6,2,6,6,6,2,2,2,2,2,6,6,6,6,2,4,2,2,4,4,2,2,2,2,2,6,2,4,4,2,2,2,2,2,2,2,4,5,5,5,1,2,2,2,2,9,1,7,2,2,2,5,2,2,2,2,2,2,2,2,2,2,3,3,3,2,2,2,7,7,7,7,7,7,7,7,8,8,8,8,8,8,8,8","0.0010678768157959","fast_greedy","edit-xhwikibooks.graphml"
"0.56","0.04","0.4","0.724977777777778","1,1,1,1,1,4,1,4,4,9,1,3,4,4,4,5,9,1,7,3,2,6,4,4,4,4,4,5,1,9,1,7,3,3,7,7,8,4,2,2,2,2,6,6,6,6,2,6,6,6,2,2,2,2,2,6,6,6,6,2,4,2,2,4,4,2,2,2,2,2,6,2,4,4,2,2,2,2,2,2,2,4,5,5,5,1,2,2,2,2,9,1,7,2,2,2,5,2,2,2,2,2,2,2,2,2,2,3,3,3,2,2,2,7,7,7,7,7,7,7,7,8,8,8,8,8,8,8,8","0.00105381011962891","fast_greedy","edit-xhwikibooks.graphml"
"0.55","0.05","0.4","0.724977777777778","1,1,1,1,1,4,1,4,4,9,1,3,4,4,4,5,9,1,7,3,2,6,4,4,4,4,4,5,1,9,1,7,3,3,7,7,8,4,2,2,2,2,6,6,6,6,2,6,6,6,2,2,2,2,2,6,6,6,6,2,4,2,2,4,4,2,2,2,2,2,6,2,4,4,2,2,2,2,2,2,2,4,5,5,5,1,2,2,2,2,9,1,7,2,2,2,5,2,2,2,2,2,2,2,2,2,2,3,3,3,2,2,2,7,7,7,7,7,7,7,7,8,8,8,8,8,8,8,8","0.00107502937316895","fast_greedy","edit-xhwikibooks.graphml"
"0.54","0.06","0.4","0.724977777777778","1,1,1,1,1,4,1,4,4,9,1,3,4,4,4,5,9,1,7,3,2,6,4,4,4,4,4,5,1,9,1,7,3,3,7,7,8,4,2,2,2,2,6,6,6,6,2,6,6,6,2,2,2,2,2,6,6,6,6,2,4,2,2,4,4,2,2,2,2,2,6,2,4,4,2,2,2,2,2,2,2,4,5,5,5,1,2,2,2,2,9,1,7,2,2,2,5,2,2,2,2,2,2,2,2,2,2,3,3,3,2,2,2,7,7,7,7,7,7,7,7,8,8,8,8,8,8,8,8","0.00107192993164062","fast_greedy","edit-xhwikibooks.graphml"
"0.53","0.07","0.4","0.724977777777778","1,1,1,1,1,4,1,4,4,9,1,3,4,4,4,5,9,1,7,3,2,6,4,4,4,4,4,5,1,9,1,7,3,3,7,7,8,4,2,2,2,2,6,6,6,6,2,6,6,6,2,2,2,2,2,6,6,6,6,2,4,2,2,4,4,2,2,2,2,2,6,2,4,4,2,2,2,2,2,2,2,4,5,5,5,1,2,2,2,2,9,1,7,2,2,2,5,2,2,2,2,2,2,2,2,2,2,3,3,3,2,2,2,7,7,7,7,7,7,7,7,8,8,8,8,8,8,8,8","0.00106191635131836","fast_greedy","edit-xhwikibooks.graphml"
"0.52","0.08","0.4","0.724977777777778","1,1,1,1,1,4,1,4,4,9,1,3,4,4,4,5,9,1,7,3,2,6,4,4,4,4,4,5,1,9,1,7,3,3,7,7,8,4,2,2,2,2,6,6,6,6,2,6,6,6,2,2,2,2,2,6,6,6,6,2,4,2,2,4,4,2,2,2,2,2,6,2,4,4,2,2,2,2,2,2,2,4,5,5,5,1,2,2,2,2,9,1,7,2,2,2,5,2,2,2,2,2,2,2,2,2,2,3,3,3,2,2,2,7,7,7,7,7,7,7,7,8,8,8,8,8,8,8,8","0.00107288360595703","fast_greedy","edit-xhwikibooks.graphml"
"0.51","0.09","0.4","0.724977777777778","1,1,1,1,1,4,1,4,4,9,1,3,4,4,4,5,9,1,7,3,2,6,4,4,4,4,4,5,1,9,1,7,3,3,7,7,8,4,2,2,2,2,6,6,6,6,2,6,6,6,2,2,2,2,2,6,6,6,6,2,4,2,2,4,4,2,2,2,2,2,6,2,4,4,2,2,2,2,2,2,2,4,5,5,5,1,2,2,2,2,9,1,7,2,2,2,5,2,2,2,2,2,2,2,2,2,2,3,3,3,2,2,2,7,7,7,7,7,7,7,7,8,8,8,8,8,8,8,8","0.00127100944519043","fast_greedy","edit-xhwikibooks.graphml"
"0.5","0.1","0.4","0.724977777777778","1,1,1,1,1,4,1,4,4,9,1,3,4,4,4,5,9,1,7,3,2,6,4,4,4,4,4,5,1,9,1,7,3,3,7,7,8,4,2,2,2,2,6,6,6,6,2,6,6,6,2,2,2,2,2,6,6,6,6,2,4,2,2,4,4,2,2,2,2,2,6,2,4,4,2,2,2,2,2,2,2,4,5,5,5,1,2,2,2,2,9,1,7,2,2,2,5,2,2,2,2,2,2,2,2,2,2,3,3,3,2,2,2,7,7,7,7,7,7,7,7,8,8,8,8,8,8,8,8","0.00104594230651855","fast_greedy","edit-xhwikibooks.graphml"
"0.49","0.11","0.4","0.724977777777778","1,1,1,1,1,4,1,4,4,9,1,3,4,4,4,5,9,1,7,3,2,6,4,4,4,4,4,5,1,9,1,7,3,3,7,7,8,4,2,2,2,2,6,6,6,6,2,6,6,6,2,2,2,2,2,6,6,6,6,2,4,2,2,4,4,2,2,2,2,2,6,2,4,4,2,2,2,2,2,2,2,4,5,5,5,1,2,2,2,2,9,1,7,2,2,2,5,2,2,2,2,2,2,2,2,2,2,3,3,3,2,2,2,7,7,7,7,7,7,7,7,8,8,8,8,8,8,8,8","0.00107407569885254","fast_greedy","edit-xhwikibooks.graphml"
"0.48","0.12","0.4","0.724977777777778","1,1,1,1,1,4,1,4,4,9,1,3,4,4,4,5,9,1,7,3,2,6,4,4,4,4,4,5,1,9,1,7,3,3,7,7,8,4,2,2,2,2,6,6,6,6,2,6,6,6,2,2,2,2,2,6,6,6,6,2,4,2,2,4,4,2,2,2,2,2,6,2,4,4,2,2,2,2,2,2,2,4,5,5,5,1,2,2,2,2,9,1,7,2,2,2,5,2,2,2,2,2,2,2,2,2,2,3,3,3,2,2,2,7,7,7,7,7,7,7,7,8,8,8,8,8,8,8,8","0.00105500221252441","fast_greedy","edit-xhwikibooks.graphml"
"0.47","0.13","0.4","0.724977777777778","1,1,1,1,1,4,1,4,4,9,1,3,4,4,4,5,9,1,7,3,2,6,4,4,4,4,4,5,1,9,1,7,3,3,7,7,8,4,2,2,2,2,6,6,6,6,2,6,6,6,2,2,2,2,2,6,6,6,6,2,4,2,2,4,4,2,2,2,2,2,6,2,4,4,2,2,2,2,2,2,2,4,5,5,5,1,2,2,2,2,9,1,7,2,2,2,5,2,2,2,2,2,2,2,2,2,2,3,3,3,2,2,2,7,7,7,7,7,7,7,7,8,8,8,8,8,8,8,8","0.00107407569885254","fast_greedy","edit-xhwikibooks.graphml"
"0.46","0.14","0.4","0.724977777777778","1,1,1,1,1,4,1,4,4,9,1,3,4,4,4,5,9,1,7,3,2,6,4,4,4,4,4,5,1,9,1,7,3,3,7,7,8,4,2,2,2,2,6,6,6,6,2,6,6,6,2,2,2,2,2,6,6,6,6,2,4,2,2,4,4,2,2,2,2,2,6,2,4,4,2,2,2,2,2,2,2,4,5,5,5,1,2,2,2,2,9,1,7,2,2,2,5,2,2,2,2,2,2,2,2,2,2,3,3,3,2,2,2,7,7,7,7,7,7,7,7,8,8,8,8,8,8,8,8","0.00107789039611816","fast_greedy","edit-xhwikibooks.graphml"
"0.45","0.15","0.4","0.724977777777778","1,1,1,1,1,4,1,4,4,9,1,3,4,4,4,5,9,1,7,3,2,6,4,4,4,4,4,5,1,9,1,7,3,3,7,7,8,4,2,2,2,2,6,6,6,6,2,6,6,6,2,2,2,2,2,6,6,6,6,2,4,2,2,4,4,2,2,2,2,2,6,2,4,4,2,2,2,2,2,2,2,4,5,5,5,1,2,2,2,2,9,1,7,2,2,2,5,2,2,2,2,2,2,2,2,2,2,3,3,3,2,2,2,7,7,7,7,7,7,7,7,8,8,8,8,8,8,8,8","0.00107002258300781","fast_greedy","edit-xhwikibooks.graphml"
"0.44","0.16","0.4","0.724977777777778","1,1,1,1,1,4,1,4,4,9,1,3,4,4,4,5,9,1,7,3,2,6,4,4,4,4,4,5,1,9,1,7,3,3,7,7,8,4,2,2,2,2,6,6,6,6,2,6,6,6,2,2,2,2,2,6,6,6,6,2,4,2,2,4,4,2,2,2,2,2,6,2,4,4,2,2,2,2,2,2,2,4,5,5,5,1,2,2,2,2,9,1,7,2,2,2,5,2,2,2,2,2,2,2,2,2,2,3,3,3,2,2,2,7,7,7,7,7,7,7,7,8,8,8,8,8,8,8,8","0.00115585327148438","fast_greedy","edit-xhwikibooks.graphml"
"0.43","0.17","0.4","0.726020788561905","1,1,1,1,1,4,1,4,4,9,1,3,4,4,4,5,9,1,7,3,2,6,4,4,4,4,4,5,1,9,1,7,3,3,7,7,8,4,2,2,2,2,6,6,6,6,2,6,6,6,2,2,2,2,2,6,6,6,6,2,4,2,2,4,4,2,2,2,2,2,6,2,4,4,2,2,2,2,2,2,2,4,5,5,5,1,2,2,2,2,9,1,7,2,2,2,5,2,2,2,2,2,2,2,2,2,2,3,3,3,2,2,2,7,7,7,7,7,7,7,7,8,8,8,8,8,8,8,8","0.00106191635131836","fast_greedy","edit-xhwikibooks.graphml"
"0.42","0.18","0.4","0.726020788561905","1,1,1,1,1,4,1,4,4,9,1,3,4,4,4,5,9,1,7,3,2,6,4,4,4,4,4,5,1,9,1,7,3,3,7,7,8,4,2,2,2,2,6,6,6,6,2,6,6,6,2,2,2,2,2,6,6,6,6,2,4,2,2,4,4,2,2,2,2,2,6,2,4,4,2,2,2,2,2,2,2,4,5,5,5,1,2,2,2,2,9,1,7,2,2,2,5,2,2,2,2,2,2,2,2,2,2,3,3,3,2,2,2,7,7,7,7,7,7,7,7,8,8,8,8,8,8,8,8","0.00118207931518555","fast_greedy","edit-xhwikibooks.graphml"
"0.41","0.19","0.4","0.726020788561905","1,1,1,1,1,4,1,4,4,9,1,3,4,4,4,5,9,1,7,3,2,6,4,4,4,4,4,5,1,9,1,7,3,3,7,7,8,4,2,2,2,2,6,6,6,6,2,6,6,6,2,2,2,2,2,6,6,6,6,2,4,2,2,4,4,2,2,2,2,2,6,2,4,4,2,2,2,2,2,2,2,4,5,5,5,1,2,2,2,2,9,1,7,2,2,2,5,2,2,2,2,2,2,2,2,2,2,3,3,3,2,2,2,7,7,7,7,7,7,7,7,8,8,8,8,8,8,8,8","0.00118112564086914","fast_greedy","edit-xhwikibooks.graphml"
"0.4","0.2","0.4","0.726020788561905","1,1,1,1,1,4,1,4,4,9,1,3,4,4,4,5,9,1,7,3,2,6,4,4,4,4,4,5,1,9,1,7,3,3,7,7,8,4,2,2,2,2,6,6,6,6,2,6,6,6,2,2,2,2,2,6,6,6,6,2,4,2,2,4,4,2,2,2,2,2,6,2,4,4,2,2,2,2,2,2,2,4,5,5,5,1,2,2,2,2,9,1,7,2,2,2,5,2,2,2,2,2,2,2,2,2,2,3,3,3,2,2,2,7,7,7,7,7,7,7,7,8,8,8,8,8,8,8,8","0.00101804733276367","fast_greedy","edit-xhwikibooks.graphml"
"0.39","0.21","0.4","0.726020788561905","1,1,1,1,1,4,1,4,4,9,1,3,4,4,4,5,9,1,7,3,2,6,4,4,4,4,4,5,1,9,1,7,3,3,7,7,8,4,2,2,2,2,6,6,6,6,2,6,6,6,2,2,2,2,2,6,6,6,6,2,4,2,2,4,4,2,2,2,2,2,6,2,4,4,2,2,2,2,2,2,2,4,5,5,5,1,2,2,2,2,9,1,7,2,2,2,5,2,2,2,2,2,2,2,2,2,2,3,3,3,2,2,2,7,7,7,7,7,7,7,7,8,8,8,8,8,8,8,8","0.00105595588684082","fast_greedy","edit-xhwikibooks.graphml"
"0.38","0.22","0.4","0.726020788561905","1,1,1,1,1,4,1,4,4,9,1,3,4,4,4,5,9,1,7,3,2,6,4,4,4,4,4,5,1,9,1,7,3,3,7,7,8,4,2,2,2,2,6,6,6,6,2,6,6,6,2,2,2,2,2,6,6,6,6,2,4,2,2,4,4,2,2,2,2,2,6,2,4,4,2,2,2,2,2,2,2,4,5,5,5,1,2,2,2,2,9,1,7,2,2,2,5,2,2,2,2,2,2,2,2,2,2,3,3,3,2,2,2,7,7,7,7,7,7,7,7,8,8,8,8,8,8,8,8","0.00106287002563477","fast_greedy","edit-xhwikibooks.graphml"
"0.37","0.23","0.4","0.726020788561905","1,1,1,1,1,4,1,4,4,9,1,3,4,4,4,5,9,1,7,3,2,6,4,4,4,4,4,5,1,9,1,7,3,3,7,7,8,4,2,2,2,2,6,6,6,6,2,6,6,6,2,2,2,2,2,6,6,6,6,2,4,2,2,4,4,2,2,2,2,2,6,2,4,4,2,2,2,2,2,2,2,4,5,5,5,1,2,2,2,2,9,1,7,2,2,2,5,2,2,2,2,2,2,2,2,2,2,3,3,3,2,2,2,7,7,7,7,7,7,7,7,8,8,8,8,8,8,8,8","0.00109100341796875","fast_greedy","edit-xhwikibooks.graphml"
"0.36","0.24","0.4","0.726020788561905","1,1,1,1,1,4,1,4,4,9,1,3,4,4,4,5,9,1,7,3,2,6,4,4,4,4,4,5,1,9,1,7,3,3,7,7,8,4,2,2,2,2,6,6,6,6,2,6,6,6,2,2,2,2,2,6,6,6,6,2,4,2,2,4,4,2,2,2,2,2,6,2,4,4,2,2,2,2,2,2,2,4,5,5,5,1,2,2,2,2,9,1,7,2,2,2,5,2,2,2,2,2,2,2,2,2,2,3,3,3,2,2,2,7,7,7,7,7,7,7,7,8,8,8,8,8,8,8,8","0.0010988712310791","fast_greedy","edit-xhwikibooks.graphml"
"0.35","0.25","0.4","0.726020788561905","1,1,1,1,1,4,1,4,4,9,1,3,4,4,4,5,9,1,7,3,2,6,4,4,4,4,4,5,1,9,1,7,3,3,7,7,8,4,2,2,2,2,6,6,6,6,2,6,6,6,2,2,2,2,2,6,6,6,6,2,4,2,2,4,4,2,2,2,2,2,6,2,4,4,2,2,2,2,2,2,2,4,5,5,5,1,2,2,2,2,9,1,7,2,2,2,5,2,2,2,2,2,2,2,2,2,2,3,3,3,2,2,2,7,7,7,7,7,7,7,7,8,8,8,8,8,8,8,8","0.00116515159606934","fast_greedy","edit-xhwikibooks.graphml"
"0.34","0.26","0.4","0.726020788561905","1,1,1,1,1,4,1,4,4,9,1,3,4,4,4,5,9,1,7,3,2,6,4,4,4,4,4,5,1,9,1,7,3,3,7,7,8,4,2,2,2,2,6,6,6,6,2,6,6,6,2,2,2,2,2,6,6,6,6,2,4,2,2,4,4,2,2,2,2,2,6,2,4,4,2,2,2,2,2,2,2,4,5,5,5,1,2,2,2,2,9,1,7,2,2,2,5,2,2,2,2,2,2,2,2,2,2,3,3,3,2,2,2,7,7,7,7,7,7,7,7,8,8,8,8,8,8,8,8","0.00107002258300781","fast_greedy","edit-xhwikibooks.graphml"
"0.33","0.27","0.4","0.726020788561905","1,1,1,1,1,4,1,4,4,9,1,3,4,4,4,5,9,1,7,3,2,6,4,4,4,4,4,5,1,9,1,7,3,3,7,7,8,4,2,2,2,2,6,6,6,6,2,6,6,6,2,2,2,2,2,6,6,6,6,2,4,2,2,4,4,2,2,2,2,2,6,2,4,4,2,2,2,2,2,2,2,4,5,5,5,1,2,2,2,2,9,1,7,2,2,2,5,2,2,2,2,2,2,2,2,2,2,3,3,3,2,2,2,7,7,7,7,7,7,7,7,8,8,8,8,8,8,8,8","0.00107502937316895","fast_greedy","edit-xhwikibooks.graphml"
"0.32","0.28","0.4","0.726020788561905","1,1,1,1,1,4,1,4,4,9,1,3,4,4,4,5,9,1,7,3,2,6,4,4,4,4,4,5,1,9,1,7,3,3,7,7,8,4,2,2,2,2,6,6,6,6,2,6,6,6,2,2,2,2,2,6,6,6,6,2,4,2,2,4,4,2,2,2,2,2,6,2,4,4,2,2,2,2,2,2,2,4,5,5,5,1,2,2,2,2,9,1,7,2,2,2,5,2,2,2,2,2,2,2,2,2,2,3,3,3,2,2,2,7,7,7,7,7,7,7,7,8,8,8,8,8,8,8,8","0.00118207931518555","fast_greedy","edit-xhwikibooks.graphml"
"0.31","0.29","0.4","0.726020788561905","1,1,1,1,1,4,1,4,4,9,1,3,4,4,4,5,9,1,7,3,2,6,4,4,4,4,4,5,1,9,1,7,3,3,7,7,8,4,2,2,2,2,6,6,6,6,2,6,6,6,2,2,2,2,2,6,6,6,6,2,4,2,2,4,4,2,2,2,2,2,6,2,4,4,2,2,2,2,2,2,2,4,5,5,5,1,2,2,2,2,9,1,7,2,2,2,5,2,2,2,2,2,2,2,2,2,2,3,3,3,2,2,2,7,7,7,7,7,7,7,7,8,8,8,8,8,8,8,8","0.00106215476989746","fast_greedy","edit-xhwikibooks.graphml"
"0.3","0.3","0.4","0.726020788561905","1,1,1,1,1,4,1,4,4,9,1,3,4,4,4,5,9,1,7,3,2,6,4,4,4,4,4,5,1,9,1,7,3,3,7,7,8,4,2,2,2,2,6,6,6,6,2,6,6,6,2,2,2,2,2,6,6,6,6,2,4,2,2,4,4,2,2,2,2,2,6,2,4,4,2,2,2,2,2,2,2,4,5,5,5,1,2,2,2,2,9,1,7,2,2,2,5,2,2,2,2,2,2,2,2,2,2,3,3,3,2,2,2,7,7,7,7,7,7,7,7,8,8,8,8,8,8,8,8","0.00103902816772461","fast_greedy","edit-xhwikibooks.graphml"
"0.29","0.31","0.4","0.726020788561905","1,1,1,1,1,4,1,4,4,9,1,3,4,4,4,5,9,1,7,3,2,6,4,4,4,4,4,5,1,9,1,7,3,3,7,7,8,4,2,2,2,2,6,6,6,6,2,6,6,6,2,2,2,2,2,6,6,6,6,2,4,2,2,4,4,2,2,2,2,2,6,2,4,4,2,2,2,2,2,2,2,4,5,5,5,1,2,2,2,2,9,1,7,2,2,2,5,2,2,2,2,2,2,2,2,2,2,3,3,3,2,2,2,7,7,7,7,7,7,7,7,8,8,8,8,8,8,8,8","0.00109195709228516","fast_greedy","edit-xhwikibooks.graphml"
"0.28","0.32","0.4","0.726020788561905","1,1,1,1,1,4,1,4,4,9,1,3,4,4,4,5,9,1,7,3,2,6,4,4,4,4,4,5,1,9,1,7,3,3,7,7,8,4,2,2,2,2,6,6,6,6,2,6,6,6,2,2,2,2,2,6,6,6,6,2,4,2,2,4,4,2,2,2,2,2,6,2,4,4,2,2,2,2,2,2,2,4,5,5,5,1,2,2,2,2,9,1,7,2,2,2,5,2,2,2,2,2,2,2,2,2,2,3,3,3,2,2,2,7,7,7,7,7,7,7,7,8,8,8,8,8,8,8,8","0.00109100341796875","fast_greedy","edit-xhwikibooks.graphml"
"0.27","0.33","0.4","0.726020788561905","1,1,1,1,1,4,1,4,4,9,1,3,4,4,4,5,9,1,7,3,2,6,4,4,4,4,4,5,1,9,1,7,3,3,7,7,8,4,2,2,2,2,6,6,6,6,2,6,6,6,2,2,2,2,2,6,6,6,6,2,4,2,2,4,4,2,2,2,2,2,6,2,4,4,2,2,2,2,2,2,2,4,5,5,5,1,2,2,2,2,9,1,7,2,2,2,5,2,2,2,2,2,2,2,2,2,2,3,3,3,2,2,2,7,7,7,7,7,7,7,7,8,8,8,8,8,8,8,8","0.00110483169555664","fast_greedy","edit-xhwikibooks.graphml"
"0.26","0.34","0.4","0.726411011080332","1,1,1,1,1,5,1,5,5,9,1,3,5,5,5,4,9,1,7,3,2,6,5,5,5,5,5,4,1,9,1,7,3,3,7,7,8,5,2,2,2,2,6,6,6,6,2,6,6,6,2,2,2,2,2,6,6,6,6,2,5,2,2,5,5,2,2,2,2,2,6,2,5,5,2,2,2,2,2,2,2,5,4,4,4,1,2,2,2,2,9,1,7,2,2,2,4,2,2,2,2,2,2,2,2,2,2,3,3,3,2,2,2,7,7,7,7,7,7,7,7,8,8,8,8,8,8,8,8","0.00119686126708984","fast_greedy","edit-xhwikibooks.graphml"
"0.25","0.35","0.4","0.726411011080332","1,1,1,1,1,5,1,5,5,9,1,3,5,5,5,4,9,1,7,3,2,6,5,5,5,5,5,4,1,9,1,7,3,3,7,7,8,5,2,2,2,2,6,6,6,6,2,6,6,6,2,2,2,2,2,6,6,6,6,2,5,2,2,5,5,2,2,2,2,2,6,2,5,5,2,2,2,2,2,2,2,5,4,4,4,1,2,2,2,2,9,1,7,2,2,2,4,2,2,2,2,2,2,2,2,2,2,3,3,3,2,2,2,7,7,7,7,7,7,7,7,8,8,8,8,8,8,8,8","0.00108098983764648","fast_greedy","edit-xhwikibooks.graphml"
"0.24","0.36","0.4","0.726411011080332","1,1,1,1,1,5,1,5,5,9,1,3,5,5,5,4,9,1,7,3,2,6,5,5,5,5,5,4,1,9,1,7,3,3,7,7,8,5,2,2,2,2,6,6,6,6,2,6,6,6,2,2,2,2,2,6,6,6,6,2,5,2,2,5,5,2,2,2,2,2,6,2,5,5,2,2,2,2,2,2,2,5,4,4,4,1,2,2,2,2,9,1,7,2,2,2,4,2,2,2,2,2,2,2,2,2,2,3,3,3,2,2,2,7,7,7,7,7,7,7,7,8,8,8,8,8,8,8,8","0.00121688842773438","fast_greedy","edit-xhwikibooks.graphml"
"0.23","0.37","0.4","0.726411011080332","1,1,1,1,1,5,1,5,5,9,1,3,5,5,5,4,9,1,7,3,2,6,5,5,5,5,5,4,1,9,1,7,3,3,7,7,8,5,2,2,2,2,6,6,6,6,2,6,6,6,2,2,2,2,2,6,6,6,6,2,5,2,2,5,5,2,2,2,2,2,6,2,5,5,2,2,2,2,2,2,2,5,4,4,4,1,2,2,2,2,9,1,7,2,2,2,4,2,2,2,2,2,2,2,2,2,2,3,3,3,2,2,2,7,7,7,7,7,7,7,7,8,8,8,8,8,8,8,8","0.00110101699829102","fast_greedy","edit-xhwikibooks.graphml"
"0.22","0.38","0.4","0.726411011080332","1,1,1,1,1,5,1,5,5,9,1,3,5,5,5,4,9,1,7,3,2,6,5,5,5,5,5,4,1,9,1,7,3,3,7,7,8,5,2,2,2,2,6,6,6,6,2,6,6,6,2,2,2,2,2,6,6,6,6,2,5,2,2,5,5,2,2,2,2,2,6,2,5,5,2,2,2,2,2,2,2,5,4,4,4,1,2,2,2,2,9,1,7,2,2,2,4,2,2,2,2,2,2,2,2,2,2,3,3,3,2,2,2,7,7,7,7,7,7,7,7,8,8,8,8,8,8,8,8","0.0013580322265625","fast_greedy","edit-xhwikibooks.graphml"
"0.21","0.39","0.4","0.726411011080332","1,1,1,1,1,5,1,5,5,9,1,3,5,5,5,4,9,1,7,3,2,6,5,5,5,5,5,4,1,9,1,7,3,3,7,7,8,5,2,2,2,2,6,6,6,6,2,6,6,6,2,2,2,2,2,6,6,6,6,2,5,2,2,5,5,2,2,2,2,2,6,2,5,5,2,2,2,2,2,2,2,5,4,4,4,1,2,2,2,2,9,1,7,2,2,2,4,2,2,2,2,2,2,2,2,2,2,3,3,3,2,2,2,7,7,7,7,7,7,7,7,8,8,8,8,8,8,8,8","0.0014498233795166","fast_greedy","edit-xhwikibooks.graphml"
"0.2","0.4","0.4","0.726411011080332","1,1,1,1,1,5,1,5,5,9,1,3,5,5,5,4,9,1,7,3,2,6,5,5,5,5,5,4,1,9,1,7,3,3,7,7,8,5,2,2,2,2,6,6,6,6,2,6,6,6,2,2,2,2,2,6,6,6,6,2,5,2,2,5,5,2,2,2,2,2,6,2,5,5,2,2,2,2,2,2,2,5,4,4,4,1,2,2,2,2,9,1,7,2,2,2,4,2,2,2,2,2,2,2,2,2,2,3,3,3,2,2,2,7,7,7,7,7,7,7,7,8,8,8,8,8,8,8,8","0.00113606452941895","fast_greedy","edit-xhwikibooks.graphml"
"0.19","0.41","0.4","0.71826553750752","1,1,1,1,1,5,1,5,5,9,1,3,5,5,5,4,9,1,7,3,2,6,5,5,5,5,5,4,1,9,1,7,3,3,7,7,8,5,2,2,2,2,6,6,6,6,2,6,6,6,2,2,2,2,2,6,6,6,6,2,10,2,2,5,5,2,2,2,2,2,6,2,5,5,2,2,2,2,2,2,2,5,4,4,4,11,2,2,2,2,12,13,14,2,2,2,4,2,2,2,2,2,2,2,2,2,2,3,3,3,2,2,2,7,7,7,7,7,7,7,7,8,8,8,8,8,8,8,8","0.00105595588684082","fast_greedy","edit-xhwikibooks.graphml"
"0.18","0.42","0.4","0.71826553750752","1,1,1,1,1,5,1,5,5,9,1,3,5,5,5,4,9,1,7,3,2,6,5,5,5,5,5,4,1,9,1,7,3,3,7,7,8,5,2,2,2,2,6,6,6,6,2,6,6,6,2,2,2,2,2,6,6,6,6,2,10,2,2,5,5,2,2,2,2,2,6,2,5,5,2,2,2,2,2,2,2,5,4,4,4,11,2,2,2,2,12,13,14,2,2,2,4,2,2,2,2,2,2,2,2,2,2,3,3,3,2,2,2,7,7,7,7,7,7,7,7,8,8,8,8,8,8,8,8","0.00101804733276367","fast_greedy","edit-xhwikibooks.graphml"
"0.17","0.43","0.4","0.71826553750752","1,1,1,1,1,5,1,5,5,9,1,3,5,5,5,4,9,1,7,3,2,6,5,5,5,5,5,4,1,9,1,7,3,3,7,7,8,5,2,2,2,2,6,6,6,6,2,6,6,6,2,2,2,2,2,6,6,6,6,2,10,2,2,5,5,2,2,2,2,2,6,2,5,5,2,2,2,2,2,2,2,5,4,4,4,11,2,2,2,2,12,13,14,2,2,2,4,2,2,2,2,2,2,2,2,2,2,3,3,3,2,2,2,7,7,7,7,7,7,7,7,8,8,8,8,8,8,8,8","0.00113677978515625","fast_greedy","edit-xhwikibooks.graphml"
"0.16","0.44","0.4","0.71826553750752","1,1,1,1,1,5,1,5,5,9,1,3,5,5,5,4,9,1,7,3,2,6,5,5,5,5,5,4,1,9,1,7,3,3,7,7,8,5,2,2,2,2,6,6,6,6,2,6,6,6,2,2,2,2,2,6,6,6,6,2,10,2,2,5,5,2,2,2,2,2,6,2,5,5,2,2,2,2,2,2,2,5,4,4,4,11,2,2,2,2,12,13,14,2,2,2,4,2,2,2,2,2,2,2,2,2,2,3,3,3,2,2,2,7,7,7,7,7,7,7,7,8,8,8,8,8,8,8,8","0.00106906890869141","fast_greedy","edit-xhwikibooks.graphml"
"0.15","0.45","0.4","0.71826553750752","1,1,1,1,1,5,1,5,5,9,1,3,5,5,5,4,9,1,7,3,2,6,5,5,5,5,5,4,1,9,1,7,3,3,7,7,8,5,2,2,2,2,6,6,6,6,2,6,6,6,2,2,2,2,2,6,6,6,6,2,10,2,2,5,5,2,2,2,2,2,6,2,5,5,2,2,2,2,2,2,2,5,4,4,4,11,2,2,2,2,12,13,14,2,2,2,4,2,2,2,2,2,2,2,2,2,2,3,3,3,2,2,2,7,7,7,7,7,7,7,7,8,8,8,8,8,8,8,8","0.00104713439941406","fast_greedy","edit-xhwikibooks.graphml"
"0.14","0.46","0.4","0.71826553750752","1,1,1,1,1,5,1,5,5,9,1,3,5,5,5,4,9,1,7,3,2,6,5,5,5,5,5,4,1,9,1,7,3,3,7,7,8,5,2,2,2,2,6,6,6,6,2,6,6,6,2,2,2,2,2,6,6,6,6,2,10,2,2,5,5,2,2,2,2,2,6,2,5,5,2,2,2,2,2,2,2,5,4,4,4,11,2,2,2,2,12,13,14,2,2,2,4,2,2,2,2,2,2,2,2,2,2,3,3,3,2,2,2,7,7,7,7,7,7,7,7,8,8,8,8,8,8,8,8","0.00109195709228516","fast_greedy","edit-xhwikibooks.graphml"
"0.13","0.47","0.4","0.71826553750752","1,1,1,1,1,5,1,5,5,9,1,3,5,5,5,4,9,1,7,3,2,6,5,5,5,5,5,4,1,9,1,7,3,3,7,7,8,5,2,2,2,2,6,6,6,6,2,6,6,6,2,2,2,2,2,6,6,6,6,2,10,2,2,5,5,2,2,2,2,2,6,2,5,5,2,2,2,2,2,2,2,5,4,4,4,11,2,2,2,2,12,13,14,2,2,2,4,2,2,2,2,2,2,2,2,2,2,3,3,3,2,2,2,7,7,7,7,7,7,7,7,8,8,8,8,8,8,8,8","0.00110983848571777","fast_greedy","edit-xhwikibooks.graphml"
"0.12","0.48","0.4","0.71826553750752","1,1,1,1,1,5,1,5,5,9,1,3,5,5,5,4,9,1,7,3,2,6,5,5,5,5,5,4,1,9,1,7,3,3,7,7,8,5,2,2,2,2,6,6,6,6,2,6,6,6,2,2,2,2,2,6,6,6,6,2,10,2,2,5,5,2,2,2,2,2,6,2,5,5,2,2,2,2,2,2,2,5,4,4,4,11,2,2,2,2,12,13,14,2,2,2,4,2,2,2,2,2,2,2,2,2,2,3,3,3,2,2,2,7,7,7,7,7,7,7,7,8,8,8,8,8,8,8,8","0.00109314918518066","fast_greedy","edit-xhwikibooks.graphml"
"0.11","0.49","0.4","0.71826553750752","1,1,1,1,1,5,1,5,5,9,1,3,5,5,5,4,9,1,7,3,2,6,5,5,5,5,5,4,1,9,1,7,3,3,7,7,8,5,2,2,2,2,6,6,6,6,2,6,6,6,2,2,2,2,2,6,6,6,6,2,10,2,2,5,5,2,2,2,2,2,6,2,5,5,2,2,2,2,2,2,2,5,4,4,4,11,2,2,2,2,12,13,14,2,2,2,4,2,2,2,2,2,2,2,2,2,2,3,3,3,2,2,2,7,7,7,7,7,7,7,7,8,8,8,8,8,8,8,8","0.00106096267700195","fast_greedy","edit-xhwikibooks.graphml"
"0.1","0.5","0.4","0.728459249166338","1,1,1,1,1,6,1,6,6,9,1,3,6,6,6,4,9,1,7,3,2,5,6,6,6,6,6,4,1,9,1,7,3,3,7,7,8,6,2,2,2,2,5,5,5,5,2,5,5,5,2,2,2,2,2,5,5,5,5,2,10,2,2,6,6,2,2,2,2,2,5,2,6,6,2,2,2,2,2,2,2,6,4,4,4,11,2,2,2,2,12,13,14,2,2,2,4,2,2,2,2,2,2,2,2,2,2,3,3,3,2,2,2,7,7,7,7,7,7,7,7,8,8,8,8,8,8,8,8","0.00108098983764648","fast_greedy","edit-xhwikibooks.graphml"
"0.09","0.51","0.4","0.728459249166338","1,1,1,1,1,6,1,6,6,9,1,3,6,6,6,4,9,1,7,3,2,5,6,6,6,6,6,4,1,9,1,7,3,3,7,7,8,6,2,2,2,2,5,5,5,5,2,5,5,5,2,2,2,2,2,5,5,5,5,2,10,2,2,6,6,2,2,2,2,2,5,2,6,6,2,2,2,2,2,2,2,6,4,4,4,11,2,2,2,2,12,13,14,2,2,2,4,2,2,2,2,2,2,2,2,2,2,3,3,3,2,2,2,7,7,7,7,7,7,7,7,8,8,8,8,8,8,8,8","0.0010991096496582","fast_greedy","edit-xhwikibooks.graphml"
"0.08","0.52","0.4","0.728459249166338","1,1,1,1,1,6,1,6,6,9,1,3,6,6,6,4,9,1,7,3,2,5,6,6,6,6,6,4,1,9,1,7,3,3,7,7,8,6,2,2,2,2,5,5,5,5,2,5,5,5,2,2,2,2,2,5,5,5,5,2,10,2,2,6,6,2,2,2,2,2,5,2,6,6,2,2,2,2,2,2,2,6,4,4,4,11,2,2,2,2,12,13,14,2,2,2,4,2,2,2,2,2,2,2,2,2,2,3,3,3,2,2,2,7,7,7,7,7,7,7,7,8,8,8,8,8,8,8,8","0.00110602378845215","fast_greedy","edit-xhwikibooks.graphml"
"0.07","0.53","0.4","0.728459249166338","1,1,1,1,1,6,1,6,6,9,1,3,6,6,6,4,9,1,7,3,2,5,6,6,6,6,6,4,1,9,1,7,3,3,7,7,8,6,2,2,2,2,5,5,5,5,2,5,5,5,2,2,2,2,2,5,5,5,5,2,10,2,2,6,6,2,2,2,2,2,5,2,6,6,2,2,2,2,2,2,2,6,4,4,4,11,2,2,2,2,12,13,14,2,2,2,4,2,2,2,2,2,2,2,2,2,2,3,3,3,2,2,2,7,7,7,7,7,7,7,7,8,8,8,8,8,8,8,8","0.00130486488342285","fast_greedy","edit-xhwikibooks.graphml"
"0.06","0.54","0.4","0.728459249166338","1,1,1,1,1,6,1,6,6,9,1,3,6,6,6,4,9,1,7,3,2,5,6,6,6,6,6,4,1,9,1,7,3,3,7,7,8,6,2,2,2,2,5,5,5,5,2,5,5,5,2,2,2,2,2,5,5,5,5,2,10,2,2,6,6,2,2,2,2,2,5,2,6,6,2,2,2,2,2,2,2,6,4,4,4,11,2,2,2,2,12,13,14,2,2,2,4,2,2,2,2,2,2,2,2,2,2,3,3,3,2,2,2,7,7,7,7,7,7,7,7,8,8,8,8,8,8,8,8","0.00108098983764648","fast_greedy","edit-xhwikibooks.graphml"
"0.05","0.55","0.4","0.728459249166338","1,1,1,1,1,6,1,6,6,9,1,3,6,6,6,4,9,1,7,3,2,5,6,6,6,6,6,4,1,9,1,7,3,3,7,7,8,6,2,2,2,2,5,5,5,5,2,5,5,5,2,2,2,2,2,5,5,5,5,2,10,2,2,6,6,2,2,2,2,2,5,2,6,6,2,2,2,2,2,2,2,6,4,4,4,11,2,2,2,2,12,13,14,2,2,2,4,2,2,2,2,2,2,2,2,2,2,3,3,3,2,2,2,7,7,7,7,7,7,7,7,8,8,8,8,8,8,8,8","0.00106000900268555","fast_greedy","edit-xhwikibooks.graphml"
"0.04","0.56","0.4","0.728459249166338","1,1,1,1,1,6,1,6,6,9,1,3,6,6,6,4,9,1,7,3,2,5,6,6,6,6,6,4,1,9,1,7,3,3,7,7,8,6,2,2,2,2,5,5,5,5,2,5,5,5,2,2,2,2,2,5,5,5,5,2,10,2,2,6,6,2,2,2,2,2,5,2,6,6,2,2,2,2,2,2,2,6,4,4,4,11,2,2,2,2,12,13,14,2,2,2,4,2,2,2,2,2,2,2,2,2,2,3,3,3,2,2,2,7,7,7,7,7,7,7,7,8,8,8,8,8,8,8,8","0.0011441707611084","fast_greedy","edit-xhwikibooks.graphml"
"0.03","0.57","0.4","0.728459249166338","1,1,1,1,1,6,1,6,6,9,1,3,6,6,6,4,9,1,7,3,2,5,6,6,6,6,6,4,1,9,1,7,3,3,7,7,8,6,2,2,2,2,5,5,5,5,2,5,5,5,2,2,2,2,2,5,5,5,5,2,10,2,2,6,6,2,2,2,2,2,5,2,6,6,2,2,2,2,2,2,2,6,4,4,4,11,2,2,2,2,12,13,14,2,2,2,4,2,2,2,2,2,2,2,2,2,2,3,3,3,2,2,2,7,7,7,7,7,7,7,7,8,8,8,8,8,8,8,8","0.00133800506591797","fast_greedy","edit-xhwikibooks.graphml"
"0.02","0.58","0.4","0.728459249166338","1,1,1,1,1,6,1,6,6,9,1,3,6,6,6,4,9,1,7,3,2,5,6,6,6,6,6,4,1,9,1,7,3,3,7,7,8,6,2,2,2,2,5,5,5,5,2,5,5,5,2,2,2,2,2,5,5,5,5,2,10,2,2,6,6,2,2,2,2,2,5,2,6,6,2,2,2,2,2,2,2,6,4,4,4,11,2,2,2,2,12,13,14,2,2,2,4,2,2,2,2,2,2,2,2,2,2,3,3,3,2,2,2,7,7,7,7,7,7,7,7,8,8,8,8,8,8,8,8","0.00106406211853027","fast_greedy","edit-xhwikibooks.graphml"
"0.01","0.59","0.4","0.728459249166338","1,1,1,1,1,6,1,6,6,9,1,3,6,6,6,4,9,1,7,3,2,5,6,6,6,6,6,4,1,9,1,7,3,3,7,7,8,6,2,2,2,2,5,5,5,5,2,5,5,5,2,2,2,2,2,5,5,5,5,2,10,2,2,6,6,2,2,2,2,2,5,2,6,6,2,2,2,2,2,2,2,6,4,4,4,11,2,2,2,2,12,13,14,2,2,2,4,2,2,2,2,2,2,2,2,2,2,3,3,3,2,2,2,7,7,7,7,7,7,7,7,8,8,8,8,8,8,8,8","0.00107002258300781","fast_greedy","edit-xhwikibooks.graphml"
"0","0.6","0.4","0.72014136609856","1,1,1,1,1,1,2,1,6,1,2,2,6,6,6,4,1,2,7,2,3,5,6,6,6,6,6,4,1,1,2,7,2,2,7,7,8,6,3,3,3,3,5,5,5,5,3,5,5,5,3,3,3,3,3,5,5,5,5,3,9,3,3,6,6,3,3,3,3,3,5,3,6,6,3,3,3,3,3,3,3,6,4,4,4,10,3,3,3,3,11,12,13,3,3,3,4,3,3,3,3,3,3,3,3,3,3,2,2,2,3,3,3,7,7,7,7,7,7,7,7,8,8,8,8,8,8,8,8","0.00108003616333008","fast_greedy","edit-xhwikibooks.graphml"
"0.59","0","0.41","0.724977777777778","1,1,1,1,1,4,1,4,4,9,1,3,4,4,4,5,9,1,7,3,2,6,4,4,4,4,4,5,1,9,1,7,3,3,7,7,8,4,2,2,2,2,6,6,6,6,2,6,6,6,2,2,2,2,2,6,6,6,6,2,4,2,2,4,4,2,2,2,2,2,6,2,4,4,2,2,2,2,2,2,2,4,5,5,5,1,2,2,2,2,9,1,7,2,2,2,5,2,2,2,2,2,2,2,2,2,2,3,3,3,2,2,2,7,7,7,7,7,7,7,7,8,8,8,8,8,8,8,8","0.00108098983764648","fast_greedy","edit-xhwikibooks.graphml"
"0.58","0.01","0.41","0.724977777777778","1,1,1,1,1,4,1,4,4,9,1,3,4,4,4,5,9,1,7,3,2,6,4,4,4,4,4,5,1,9,1,7,3,3,7,7,8,4,2,2,2,2,6,6,6,6,2,6,6,6,2,2,2,2,2,6,6,6,6,2,4,2,2,4,4,2,2,2,2,2,6,2,4,4,2,2,2,2,2,2,2,4,5,5,5,1,2,2,2,2,9,1,7,2,2,2,5,2,2,2,2,2,2,2,2,2,2,3,3,3,2,2,2,7,7,7,7,7,7,7,7,8,8,8,8,8,8,8,8","0.00107622146606445","fast_greedy","edit-xhwikibooks.graphml"
"0.57","0.02","0.41","0.724977777777778","1,1,1,1,1,4,1,4,4,9,1,3,4,4,4,5,9,1,7,3,2,6,4,4,4,4,4,5,1,9,1,7,3,3,7,7,8,4,2,2,2,2,6,6,6,6,2,6,6,6,2,2,2,2,2,6,6,6,6,2,4,2,2,4,4,2,2,2,2,2,6,2,4,4,2,2,2,2,2,2,2,4,5,5,5,1,2,2,2,2,9,1,7,2,2,2,5,2,2,2,2,2,2,2,2,2,2,3,3,3,2,2,2,7,7,7,7,7,7,7,7,8,8,8,8,8,8,8,8","0.00109100341796875","fast_greedy","edit-xhwikibooks.graphml"
"0.56","0.03","0.41","0.724977777777778","1,1,1,1,1,4,1,4,4,9,1,3,4,4,4,5,9,1,7,3,2,6,4,4,4,4,4,5,1,9,1,7,3,3,7,7,8,4,2,2,2,2,6,6,6,6,2,6,6,6,2,2,2,2,2,6,6,6,6,2,4,2,2,4,4,2,2,2,2,2,6,2,4,4,2,2,2,2,2,2,2,4,5,5,5,1,2,2,2,2,9,1,7,2,2,2,5,2,2,2,2,2,2,2,2,2,2,3,3,3,2,2,2,7,7,7,7,7,7,7,7,8,8,8,8,8,8,8,8","0.00107288360595703","fast_greedy","edit-xhwikibooks.graphml"
"0.55","0.04","0.41","0.724977777777778","1,1,1,1,1,4,1,4,4,9,1,3,4,4,4,5,9,1,7,3,2,6,4,4,4,4,4,5,1,9,1,7,3,3,7,7,8,4,2,2,2,2,6,6,6,6,2,6,6,6,2,2,2,2,2,6,6,6,6,2,4,2,2,4,4,2,2,2,2,2,6,2,4,4,2,2,2,2,2,2,2,4,5,5,5,1,2,2,2,2,9,1,7,2,2,2,5,2,2,2,2,2,2,2,2,2,2,3,3,3,2,2,2,7,7,7,7,7,7,7,7,8,8,8,8,8,8,8,8","0.00108003616333008","fast_greedy","edit-xhwikibooks.graphml"
"0.54","0.05","0.41","0.724977777777778","1,1,1,1,1,4,1,4,4,9,1,3,4,4,4,5,9,1,7,3,2,6,4,4,4,4,4,5,1,9,1,7,3,3,7,7,8,4,2,2,2,2,6,6,6,6,2,6,6,6,2,2,2,2,2,6,6,6,6,2,4,2,2,4,4,2,2,2,2,2,6,2,4,4,2,2,2,2,2,2,2,4,5,5,5,1,2,2,2,2,9,1,7,2,2,2,5,2,2,2,2,2,2,2,2,2,2,3,3,3,2,2,2,7,7,7,7,7,7,7,7,8,8,8,8,8,8,8,8","0.00106096267700195","fast_greedy","edit-xhwikibooks.graphml"
"0.53","0.06","0.41","0.724977777777778","1,1,1,1,1,4,1,4,4,9,1,3,4,4,4,5,9,1,7,3,2,6,4,4,4,4,4,5,1,9,1,7,3,3,7,7,8,4,2,2,2,2,6,6,6,6,2,6,6,6,2,2,2,2,2,6,6,6,6,2,4,2,2,4,4,2,2,2,2,2,6,2,4,4,2,2,2,2,2,2,2,4,5,5,5,1,2,2,2,2,9,1,7,2,2,2,5,2,2,2,2,2,2,2,2,2,2,3,3,3,2,2,2,7,7,7,7,7,7,7,7,8,8,8,8,8,8,8,8","0.00108909606933594","fast_greedy","edit-xhwikibooks.graphml"
"0.52","0.07","0.41","0.724977777777778","1,1,1,1,1,4,1,4,4,9,1,3,4,4,4,5,9,1,7,3,2,6,4,4,4,4,4,5,1,9,1,7,3,3,7,7,8,4,2,2,2,2,6,6,6,6,2,6,6,6,2,2,2,2,2,6,6,6,6,2,4,2,2,4,4,2,2,2,2,2,6,2,4,4,2,2,2,2,2,2,2,4,5,5,5,1,2,2,2,2,9,1,7,2,2,2,5,2,2,2,2,2,2,2,2,2,2,3,3,3,2,2,2,7,7,7,7,7,7,7,7,8,8,8,8,8,8,8,8","0.00104713439941406","fast_greedy","edit-xhwikibooks.graphml"
"0.51","0.08","0.41","0.724977777777778","1,1,1,1,1,4,1,4,4,9,1,3,4,4,4,5,9,1,7,3,2,6,4,4,4,4,4,5,1,9,1,7,3,3,7,7,8,4,2,2,2,2,6,6,6,6,2,6,6,6,2,2,2,2,2,6,6,6,6,2,4,2,2,4,4,2,2,2,2,2,6,2,4,4,2,2,2,2,2,2,2,4,5,5,5,1,2,2,2,2,9,1,7,2,2,2,5,2,2,2,2,2,2,2,2,2,2,3,3,3,2,2,2,7,7,7,7,7,7,7,7,8,8,8,8,8,8,8,8","0.00110578536987305","fast_greedy","edit-xhwikibooks.graphml"
"0.5","0.09","0.41","0.724977777777778","1,1,1,1,1,4,1,4,4,9,1,3,4,4,4,5,9,1,7,3,2,6,4,4,4,4,4,5,1,9,1,7,3,3,7,7,8,4,2,2,2,2,6,6,6,6,2,6,6,6,2,2,2,2,2,6,6,6,6,2,4,2,2,4,4,2,2,2,2,2,6,2,4,4,2,2,2,2,2,2,2,4,5,5,5,1,2,2,2,2,9,1,7,2,2,2,5,2,2,2,2,2,2,2,2,2,2,3,3,3,2,2,2,7,7,7,7,7,7,7,7,8,8,8,8,8,8,8,8","0.00129604339599609","fast_greedy","edit-xhwikibooks.graphml"
"0.49","0.1","0.41","0.724977777777778","1,1,1,1,1,4,1,4,4,9,1,3,4,4,4,5,9,1,7,3,2,6,4,4,4,4,4,5,1,9,1,7,3,3,7,7,8,4,2,2,2,2,6,6,6,6,2,6,6,6,2,2,2,2,2,6,6,6,6,2,4,2,2,4,4,2,2,2,2,2,6,2,4,4,2,2,2,2,2,2,2,4,5,5,5,1,2,2,2,2,9,1,7,2,2,2,5,2,2,2,2,2,2,2,2,2,2,3,3,3,2,2,2,7,7,7,7,7,7,7,7,8,8,8,8,8,8,8,8","0.00111889839172363","fast_greedy","edit-xhwikibooks.graphml"
"0.48","0.11","0.41","0.724977777777778","1,1,1,1,1,4,1,4,4,9,1,3,4,4,4,5,9,1,7,3,2,6,4,4,4,4,4,5,1,9,1,7,3,3,7,7,8,4,2,2,2,2,6,6,6,6,2,6,6,6,2,2,2,2,2,6,6,6,6,2,4,2,2,4,4,2,2,2,2,2,6,2,4,4,2,2,2,2,2,2,2,4,5,5,5,1,2,2,2,2,9,1,7,2,2,2,5,2,2,2,2,2,2,2,2,2,2,3,3,3,2,2,2,7,7,7,7,7,7,7,7,8,8,8,8,8,8,8,8","0.0010838508605957","fast_greedy","edit-xhwikibooks.graphml"
"0.47","0.12","0.41","0.724977777777778","1,1,1,1,1,4,1,4,4,9,1,3,4,4,4,5,9,1,7,3,2,6,4,4,4,4,4,5,1,9,1,7,3,3,7,7,8,4,2,2,2,2,6,6,6,6,2,6,6,6,2,2,2,2,2,6,6,6,6,2,4,2,2,4,4,2,2,2,2,2,6,2,4,4,2,2,2,2,2,2,2,4,5,5,5,1,2,2,2,2,9,1,7,2,2,2,5,2,2,2,2,2,2,2,2,2,2,3,3,3,2,2,2,7,7,7,7,7,7,7,7,8,8,8,8,8,8,8,8","0.00107812881469727","fast_greedy","edit-xhwikibooks.graphml"
"0.46","0.13","0.41","0.724977777777778","1,1,1,1,1,4,1,4,4,9,1,3,4,4,4,5,9,1,7,3,2,6,4,4,4,4,4,5,1,9,1,7,3,3,7,7,8,4,2,2,2,2,6,6,6,6,2,6,6,6,2,2,2,2,2,6,6,6,6,2,4,2,2,4,4,2,2,2,2,2,6,2,4,4,2,2,2,2,2,2,2,4,5,5,5,1,2,2,2,2,9,1,7,2,2,2,5,2,2,2,2,2,2,2,2,2,2,3,3,3,2,2,2,7,7,7,7,7,7,7,7,8,8,8,8,8,8,8,8","0.00107908248901367","fast_greedy","edit-xhwikibooks.graphml"
"0.45","0.14","0.41","0.724977777777778","1,1,1,1,1,4,1,4,4,9,1,3,4,4,4,5,9,1,7,3,2,6,4,4,4,4,4,5,1,9,1,7,3,3,7,7,8,4,2,2,2,2,6,6,6,6,2,6,6,6,2,2,2,2,2,6,6,6,6,2,4,2,2,4,4,2,2,2,2,2,6,2,4,4,2,2,2,2,2,2,2,4,5,5,5,1,2,2,2,2,9,1,7,2,2,2,5,2,2,2,2,2,2,2,2,2,2,3,3,3,2,2,2,7,7,7,7,7,7,7,7,8,8,8,8,8,8,8,8","0.00108909606933594","fast_greedy","edit-xhwikibooks.graphml"
"0.44","0.15","0.41","0.724977777777778","1,1,1,1,1,4,1,4,4,9,1,3,4,4,4,5,9,1,7,3,2,6,4,4,4,4,4,5,1,9,1,7,3,3,7,7,8,4,2,2,2,2,6,6,6,6,2,6,6,6,2,2,2,2,2,6,6,6,6,2,4,2,2,4,4,2,2,2,2,2,6,2,4,4,2,2,2,2,2,2,2,4,5,5,5,1,2,2,2,2,9,1,7,2,2,2,5,2,2,2,2,2,2,2,2,2,2,3,3,3,2,2,2,7,7,7,7,7,7,7,7,8,8,8,8,8,8,8,8","0.00182390213012695","fast_greedy","edit-xhwikibooks.graphml"
"0.43","0.16","0.41","0.724977777777778","1,1,1,1,1,4,1,4,4,9,1,3,4,4,4,5,9,1,7,3,2,6,4,4,4,4,4,5,1,9,1,7,3,3,7,7,8,4,2,2,2,2,6,6,6,6,2,6,6,6,2,2,2,2,2,6,6,6,6,2,4,2,2,4,4,2,2,2,2,2,6,2,4,4,2,2,2,2,2,2,2,4,5,5,5,1,2,2,2,2,9,1,7,2,2,2,5,2,2,2,2,2,2,2,2,2,2,3,3,3,2,2,2,7,7,7,7,7,7,7,7,8,8,8,8,8,8,8,8","0.00131988525390625","fast_greedy","edit-xhwikibooks.graphml"
"0.42","0.17","0.41","0.726020788561905","1,1,1,1,1,4,1,4,4,9,1,3,4,4,4,5,9,1,7,3,2,6,4,4,4,4,4,5,1,9,1,7,3,3,7,7,8,4,2,2,2,2,6,6,6,6,2,6,6,6,2,2,2,2,2,6,6,6,6,2,4,2,2,4,4,2,2,2,2,2,6,2,4,4,2,2,2,2,2,2,2,4,5,5,5,1,2,2,2,2,9,1,7,2,2,2,5,2,2,2,2,2,2,2,2,2,2,3,3,3,2,2,2,7,7,7,7,7,7,7,7,8,8,8,8,8,8,8,8","0.00116491317749023","fast_greedy","edit-xhwikibooks.graphml"
"0.41","0.18","0.41","0.726020788561905","1,1,1,1,1,4,1,4,4,9,1,3,4,4,4,5,9,1,7,3,2,6,4,4,4,4,4,5,1,9,1,7,3,3,7,7,8,4,2,2,2,2,6,6,6,6,2,6,6,6,2,2,2,2,2,6,6,6,6,2,4,2,2,4,4,2,2,2,2,2,6,2,4,4,2,2,2,2,2,2,2,4,5,5,5,1,2,2,2,2,9,1,7,2,2,2,5,2,2,2,2,2,2,2,2,2,2,3,3,3,2,2,2,7,7,7,7,7,7,7,7,8,8,8,8,8,8,8,8","0.00115799903869629","fast_greedy","edit-xhwikibooks.graphml"
"0.4","0.19","0.41","0.726020788561905","1,1,1,1,1,4,1,4,4,9,1,3,4,4,4,5,9,1,7,3,2,6,4,4,4,4,4,5,1,9,1,7,3,3,7,7,8,4,2,2,2,2,6,6,6,6,2,6,6,6,2,2,2,2,2,6,6,6,6,2,4,2,2,4,4,2,2,2,2,2,6,2,4,4,2,2,2,2,2,2,2,4,5,5,5,1,2,2,2,2,9,1,7,2,2,2,5,2,2,2,2,2,2,2,2,2,2,3,3,3,2,2,2,7,7,7,7,7,7,7,7,8,8,8,8,8,8,8,8","0.00103902816772461","fast_greedy","edit-xhwikibooks.graphml"
"0.39","0.2","0.41","0.726020788561905","1,1,1,1,1,4,1,4,4,9,1,3,4,4,4,5,9,1,7,3,2,6,4,4,4,4,4,5,1,9,1,7,3,3,7,7,8,4,2,2,2,2,6,6,6,6,2,6,6,6,2,2,2,2,2,6,6,6,6,2,4,2,2,4,4,2,2,2,2,2,6,2,4,4,2,2,2,2,2,2,2,4,5,5,5,1,2,2,2,2,9,1,7,2,2,2,5,2,2,2,2,2,2,2,2,2,2,3,3,3,2,2,2,7,7,7,7,7,7,7,7,8,8,8,8,8,8,8,8","0.00105500221252441","fast_greedy","edit-xhwikibooks.graphml"
"0.38","0.21","0.41","0.726020788561905","1,1,1,1,1,4,1,4,4,9,1,3,4,4,4,5,9,1,7,3,2,6,4,4,4,4,4,5,1,9,1,7,3,3,7,7,8,4,2,2,2,2,6,6,6,6,2,6,6,6,2,2,2,2,2,6,6,6,6,2,4,2,2,4,4,2,2,2,2,2,6,2,4,4,2,2,2,2,2,2,2,4,5,5,5,1,2,2,2,2,9,1,7,2,2,2,5,2,2,2,2,2,2,2,2,2,2,3,3,3,2,2,2,7,7,7,7,7,7,7,7,8,8,8,8,8,8,8,8","0.00105595588684082","fast_greedy","edit-xhwikibooks.graphml"
"0.37","0.22","0.41","0.726020788561905","1,1,1,1,1,4,1,4,4,9,1,3,4,4,4,5,9,1,7,3,2,6,4,4,4,4,4,5,1,9,1,7,3,3,7,7,8,4,2,2,2,2,6,6,6,6,2,6,6,6,2,2,2,2,2,6,6,6,6,2,4,2,2,4,4,2,2,2,2,2,6,2,4,4,2,2,2,2,2,2,2,4,5,5,5,1,2,2,2,2,9,1,7,2,2,2,5,2,2,2,2,2,2,2,2,2,2,3,3,3,2,2,2,7,7,7,7,7,7,7,7,8,8,8,8,8,8,8,8","0.00111889839172363","fast_greedy","edit-xhwikibooks.graphml"
"0.36","0.23","0.41","0.726020788561905","1,1,1,1,1,4,1,4,4,9,1,3,4,4,4,5,9,1,7,3,2,6,4,4,4,4,4,5,1,9,1,7,3,3,7,7,8,4,2,2,2,2,6,6,6,6,2,6,6,6,2,2,2,2,2,6,6,6,6,2,4,2,2,4,4,2,2,2,2,2,6,2,4,4,2,2,2,2,2,2,2,4,5,5,5,1,2,2,2,2,9,1,7,2,2,2,5,2,2,2,2,2,2,2,2,2,2,3,3,3,2,2,2,7,7,7,7,7,7,7,7,8,8,8,8,8,8,8,8","0.00112700462341309","fast_greedy","edit-xhwikibooks.graphml"
"0.35","0.24","0.41","0.726020788561905","1,1,1,1,1,4,1,4,4,9,1,3,4,4,4,5,9,1,7,3,2,6,4,4,4,4,4,5,1,9,1,7,3,3,7,7,8,4,2,2,2,2,6,6,6,6,2,6,6,6,2,2,2,2,2,6,6,6,6,2,4,2,2,4,4,2,2,2,2,2,6,2,4,4,2,2,2,2,2,2,2,4,5,5,5,1,2,2,2,2,9,1,7,2,2,2,5,2,2,2,2,2,2,2,2,2,2,3,3,3,2,2,2,7,7,7,7,7,7,7,7,8,8,8,8,8,8,8,8","0.0012049674987793","fast_greedy","edit-xhwikibooks.graphml"
"0.34","0.25","0.41","0.726020788561905","1,1,1,1,1,4,1,4,4,9,1,3,4,4,4,5,9,1,7,3,2,6,4,4,4,4,4,5,1,9,1,7,3,3,7,7,8,4,2,2,2,2,6,6,6,6,2,6,6,6,2,2,2,2,2,6,6,6,6,2,4,2,2,4,4,2,2,2,2,2,6,2,4,4,2,2,2,2,2,2,2,4,5,5,5,1,2,2,2,2,9,1,7,2,2,2,5,2,2,2,2,2,2,2,2,2,2,3,3,3,2,2,2,7,7,7,7,7,7,7,7,8,8,8,8,8,8,8,8","0.00103211402893066","fast_greedy","edit-xhwikibooks.graphml"
"0.33","0.26","0.41","0.726020788561905","1,1,1,1,1,4,1,4,4,9,1,3,4,4,4,5,9,1,7,3,2,6,4,4,4,4,4,5,1,9,1,7,3,3,7,7,8,4,2,2,2,2,6,6,6,6,2,6,6,6,2,2,2,2,2,6,6,6,6,2,4,2,2,4,4,2,2,2,2,2,6,2,4,4,2,2,2,2,2,2,2,4,5,5,5,1,2,2,2,2,9,1,7,2,2,2,5,2,2,2,2,2,2,2,2,2,2,3,3,3,2,2,2,7,7,7,7,7,7,7,7,8,8,8,8,8,8,8,8","0.00104117393493652","fast_greedy","edit-xhwikibooks.graphml"
"0.32","0.27","0.41","0.726020788561905","1,1,1,1,1,4,1,4,4,9,1,3,4,4,4,5,9,1,7,3,2,6,4,4,4,4,4,5,1,9,1,7,3,3,7,7,8,4,2,2,2,2,6,6,6,6,2,6,6,6,2,2,2,2,2,6,6,6,6,2,4,2,2,4,4,2,2,2,2,2,6,2,4,4,2,2,2,2,2,2,2,4,5,5,5,1,2,2,2,2,9,1,7,2,2,2,5,2,2,2,2,2,2,2,2,2,2,3,3,3,2,2,2,7,7,7,7,7,7,7,7,8,8,8,8,8,8,8,8","0.00104904174804688","fast_greedy","edit-xhwikibooks.graphml"
"0.31","0.28","0.41","0.726020788561905","1,1,1,1,1,4,1,4,4,9,1,3,4,4,4,5,9,1,7,3,2,6,4,4,4,4,4,5,1,9,1,7,3,3,7,7,8,4,2,2,2,2,6,6,6,6,2,6,6,6,2,2,2,2,2,6,6,6,6,2,4,2,2,4,4,2,2,2,2,2,6,2,4,4,2,2,2,2,2,2,2,4,5,5,5,1,2,2,2,2,9,1,7,2,2,2,5,2,2,2,2,2,2,2,2,2,2,3,3,3,2,2,2,7,7,7,7,7,7,7,7,8,8,8,8,8,8,8,8","0.00104403495788574","fast_greedy","edit-xhwikibooks.graphml"
"0.3","0.29","0.41","0.726020788561905","1,1,1,1,1,4,1,4,4,9,1,3,4,4,4,5,9,1,7,3,2,6,4,4,4,4,4,5,1,9,1,7,3,3,7,7,8,4,2,2,2,2,6,6,6,6,2,6,6,6,2,2,2,2,2,6,6,6,6,2,4,2,2,4,4,2,2,2,2,2,6,2,4,4,2,2,2,2,2,2,2,4,5,5,5,1,2,2,2,2,9,1,7,2,2,2,5,2,2,2,2,2,2,2,2,2,2,3,3,3,2,2,2,7,7,7,7,7,7,7,7,8,8,8,8,8,8,8,8","0.00111222267150879","fast_greedy","edit-xhwikibooks.graphml"
"0.29","0.3","0.41","0.726020788561905","1,1,1,1,1,4,1,4,4,9,1,3,4,4,4,5,9,1,7,3,2,6,4,4,4,4,4,5,1,9,1,7,3,3,7,7,8,4,2,2,2,2,6,6,6,6,2,6,6,6,2,2,2,2,2,6,6,6,6,2,4,2,2,4,4,2,2,2,2,2,6,2,4,4,2,2,2,2,2,2,2,4,5,5,5,1,2,2,2,2,9,1,7,2,2,2,5,2,2,2,2,2,2,2,2,2,2,3,3,3,2,2,2,7,7,7,7,7,7,7,7,8,8,8,8,8,8,8,8","0.00108981132507324","fast_greedy","edit-xhwikibooks.graphml"
"0.28","0.31","0.41","0.726020788561905","1,1,1,1,1,4,1,4,4,9,1,3,4,4,4,5,9,1,7,3,2,6,4,4,4,4,4,5,1,9,1,7,3,3,7,7,8,4,2,2,2,2,6,6,6,6,2,6,6,6,2,2,2,2,2,6,6,6,6,2,4,2,2,4,4,2,2,2,2,2,6,2,4,4,2,2,2,2,2,2,2,4,5,5,5,1,2,2,2,2,9,1,7,2,2,2,5,2,2,2,2,2,2,2,2,2,2,3,3,3,2,2,2,7,7,7,7,7,7,7,7,8,8,8,8,8,8,8,8","0.00109696388244629","fast_greedy","edit-xhwikibooks.graphml"
"0.27","0.32","0.41","0.726020788561905","1,1,1,1,1,4,1,4,4,9,1,3,4,4,4,5,9,1,7,3,2,6,4,4,4,4,4,5,1,9,1,7,3,3,7,7,8,4,2,2,2,2,6,6,6,6,2,6,6,6,2,2,2,2,2,6,6,6,6,2,4,2,2,4,4,2,2,2,2,2,6,2,4,4,2,2,2,2,2,2,2,4,5,5,5,1,2,2,2,2,9,1,7,2,2,2,5,2,2,2,2,2,2,2,2,2,2,3,3,3,2,2,2,7,7,7,7,7,7,7,7,8,8,8,8,8,8,8,8","0.00128412246704102","fast_greedy","edit-xhwikibooks.graphml"
"0.26","0.33","0.41","0.726020788561905","1,1,1,1,1,4,1,4,4,9,1,3,4,4,4,5,9,1,7,3,2,6,4,4,4,4,4,5,1,9,1,7,3,3,7,7,8,4,2,2,2,2,6,6,6,6,2,6,6,6,2,2,2,2,2,6,6,6,6,2,4,2,2,4,4,2,2,2,2,2,6,2,4,4,2,2,2,2,2,2,2,4,5,5,5,1,2,2,2,2,9,1,7,2,2,2,5,2,2,2,2,2,2,2,2,2,2,3,3,3,2,2,2,7,7,7,7,7,7,7,7,8,8,8,8,8,8,8,8","0.00103998184204102","fast_greedy","edit-xhwikibooks.graphml"
"0.25","0.34","0.41","0.726411011080332","1,1,1,1,1,5,1,5,5,9,1,3,5,5,5,4,9,1,7,3,2,6,5,5,5,5,5,4,1,9,1,7,3,3,7,7,8,5,2,2,2,2,6,6,6,6,2,6,6,6,2,2,2,2,2,6,6,6,6,2,5,2,2,5,5,2,2,2,2,2,6,2,5,5,2,2,2,2,2,2,2,5,4,4,4,1,2,2,2,2,9,1,7,2,2,2,4,2,2,2,2,2,2,2,2,2,2,3,3,3,2,2,2,7,7,7,7,7,7,7,7,8,8,8,8,8,8,8,8","0.00126004219055176","fast_greedy","edit-xhwikibooks.graphml"
"0.24","0.35","0.41","0.726411011080332","1,1,1,1,1,5,1,5,5,9,1,3,5,5,5,4,9,1,7,3,2,6,5,5,5,5,5,4,1,9,1,7,3,3,7,7,8,5,2,2,2,2,6,6,6,6,2,6,6,6,2,2,2,2,2,6,6,6,6,2,5,2,2,5,5,2,2,2,2,2,6,2,5,5,2,2,2,2,2,2,2,5,4,4,4,1,2,2,2,2,9,1,7,2,2,2,4,2,2,2,2,2,2,2,2,2,2,3,3,3,2,2,2,7,7,7,7,7,7,7,7,8,8,8,8,8,8,8,8","0.00104308128356934","fast_greedy","edit-xhwikibooks.graphml"
"0.23","0.36","0.41","0.726411011080332","1,1,1,1,1,5,1,5,5,9,1,3,5,5,5,4,9,1,7,3,2,6,5,5,5,5,5,4,1,9,1,7,3,3,7,7,8,5,2,2,2,2,6,6,6,6,2,6,6,6,2,2,2,2,2,6,6,6,6,2,5,2,2,5,5,2,2,2,2,2,6,2,5,5,2,2,2,2,2,2,2,5,4,4,4,1,2,2,2,2,9,1,7,2,2,2,4,2,2,2,2,2,2,2,2,2,2,3,3,3,2,2,2,7,7,7,7,7,7,7,7,8,8,8,8,8,8,8,8","0.00106000900268555","fast_greedy","edit-xhwikibooks.graphml"
"0.22","0.37","0.41","0.726411011080332","1,1,1,1,1,5,1,5,5,9,1,3,5,5,5,4,9,1,7,3,2,6,5,5,5,5,5,4,1,9,1,7,3,3,7,7,8,5,2,2,2,2,6,6,6,6,2,6,6,6,2,2,2,2,2,6,6,6,6,2,5,2,2,5,5,2,2,2,2,2,6,2,5,5,2,2,2,2,2,2,2,5,4,4,4,1,2,2,2,2,9,1,7,2,2,2,4,2,2,2,2,2,2,2,2,2,2,3,3,3,2,2,2,7,7,7,7,7,7,7,7,8,8,8,8,8,8,8,8","0.00107121467590332","fast_greedy","edit-xhwikibooks.graphml"
"0.21","0.38","0.41","0.726411011080332","1,1,1,1,1,5,1,5,5,9,1,3,5,5,5,4,9,1,7,3,2,6,5,5,5,5,5,4,1,9,1,7,3,3,7,7,8,5,2,2,2,2,6,6,6,6,2,6,6,6,2,2,2,2,2,6,6,6,6,2,5,2,2,5,5,2,2,2,2,2,6,2,5,5,2,2,2,2,2,2,2,5,4,4,4,1,2,2,2,2,9,1,7,2,2,2,4,2,2,2,2,2,2,2,2,2,2,3,3,3,2,2,2,7,7,7,7,7,7,7,7,8,8,8,8,8,8,8,8","0.00110292434692383","fast_greedy","edit-xhwikibooks.graphml"
"0.2","0.39","0.41","0.726411011080332","1,1,1,1,1,5,1,5,5,9,1,3,5,5,5,4,9,1,7,3,2,6,5,5,5,5,5,4,1,9,1,7,3,3,7,7,8,5,2,2,2,2,6,6,6,6,2,6,6,6,2,2,2,2,2,6,6,6,6,2,5,2,2,5,5,2,2,2,2,2,6,2,5,5,2,2,2,2,2,2,2,5,4,4,4,1,2,2,2,2,9,1,7,2,2,2,4,2,2,2,2,2,2,2,2,2,2,3,3,3,2,2,2,7,7,7,7,7,7,7,7,8,8,8,8,8,8,8,8","0.00107407569885254","fast_greedy","edit-xhwikibooks.graphml"
"0.19","0.4","0.41","0.726411011080332","1,1,1,1,1,5,1,5,5,9,1,3,5,5,5,4,9,1,7,3,2,6,5,5,5,5,5,4,1,9,1,7,3,3,7,7,8,5,2,2,2,2,6,6,6,6,2,6,6,6,2,2,2,2,2,6,6,6,6,2,5,2,2,5,5,2,2,2,2,2,6,2,5,5,2,2,2,2,2,2,2,5,4,4,4,1,2,2,2,2,9,1,7,2,2,2,4,2,2,2,2,2,2,2,2,2,2,3,3,3,2,2,2,7,7,7,7,7,7,7,7,8,8,8,8,8,8,8,8","0.0010979175567627","fast_greedy","edit-xhwikibooks.graphml"
"0.18","0.41","0.41","0.726411011080332","1,1,1,1,1,5,1,5,5,9,1,3,5,5,5,4,9,1,7,3,2,6,5,5,5,5,5,4,1,9,1,7,3,3,7,7,8,5,2,2,2,2,6,6,6,6,2,6,6,6,2,2,2,2,2,6,6,6,6,2,5,2,2,5,5,2,2,2,2,2,6,2,5,5,2,2,2,2,2,2,2,5,4,4,4,1,2,2,2,2,9,1,7,2,2,2,4,2,2,2,2,2,2,2,2,2,2,3,3,3,2,2,2,7,7,7,7,7,7,7,7,8,8,8,8,8,8,8,8","0.0010840892791748","fast_greedy","edit-xhwikibooks.graphml"
"0.17","0.42","0.41","0.71826553750752","1,1,1,1,1,5,1,5,5,9,1,3,5,5,5,4,9,1,7,3,2,6,5,5,5,5,5,4,1,9,1,7,3,3,7,7,8,5,2,2,2,2,6,6,6,6,2,6,6,6,2,2,2,2,2,6,6,6,6,2,10,2,2,5,5,2,2,2,2,2,6,2,5,5,2,2,2,2,2,2,2,5,4,4,4,11,2,2,2,2,12,13,14,2,2,2,4,2,2,2,2,2,2,2,2,2,2,3,3,3,2,2,2,7,7,7,7,7,7,7,7,8,8,8,8,8,8,8,8","0.00108504295349121","fast_greedy","edit-xhwikibooks.graphml"
"0.16","0.43","0.41","0.71826553750752","1,1,1,1,1,5,1,5,5,9,1,3,5,5,5,4,9,1,7,3,2,6,5,5,5,5,5,4,1,9,1,7,3,3,7,7,8,5,2,2,2,2,6,6,6,6,2,6,6,6,2,2,2,2,2,6,6,6,6,2,10,2,2,5,5,2,2,2,2,2,6,2,5,5,2,2,2,2,2,2,2,5,4,4,4,11,2,2,2,2,12,13,14,2,2,2,4,2,2,2,2,2,2,2,2,2,2,3,3,3,2,2,2,7,7,7,7,7,7,7,7,8,8,8,8,8,8,8,8","0.00109601020812988","fast_greedy","edit-xhwikibooks.graphml"
"0.15","0.44","0.41","0.71826553750752","1,1,1,1,1,5,1,5,5,9,1,3,5,5,5,4,9,1,7,3,2,6,5,5,5,5,5,4,1,9,1,7,3,3,7,7,8,5,2,2,2,2,6,6,6,6,2,6,6,6,2,2,2,2,2,6,6,6,6,2,10,2,2,5,5,2,2,2,2,2,6,2,5,5,2,2,2,2,2,2,2,5,4,4,4,11,2,2,2,2,12,13,14,2,2,2,4,2,2,2,2,2,2,2,2,2,2,3,3,3,2,2,2,7,7,7,7,7,7,7,7,8,8,8,8,8,8,8,8","0.001068115234375","fast_greedy","edit-xhwikibooks.graphml"
"0.14","0.45","0.41","0.71826553750752","1,1,1,1,1,5,1,5,5,9,1,3,5,5,5,4,9,1,7,3,2,6,5,5,5,5,5,4,1,9,1,7,3,3,7,7,8,5,2,2,2,2,6,6,6,6,2,6,6,6,2,2,2,2,2,6,6,6,6,2,10,2,2,5,5,2,2,2,2,2,6,2,5,5,2,2,2,2,2,2,2,5,4,4,4,11,2,2,2,2,12,13,14,2,2,2,4,2,2,2,2,2,2,2,2,2,2,3,3,3,2,2,2,7,7,7,7,7,7,7,7,8,8,8,8,8,8,8,8","0.00108909606933594","fast_greedy","edit-xhwikibooks.graphml"
"0.13","0.46","0.41","0.71826553750752","1,1,1,1,1,5,1,5,5,9,1,3,5,5,5,4,9,1,7,3,2,6,5,5,5,5,5,4,1,9,1,7,3,3,7,7,8,5,2,2,2,2,6,6,6,6,2,6,6,6,2,2,2,2,2,6,6,6,6,2,10,2,2,5,5,2,2,2,2,2,6,2,5,5,2,2,2,2,2,2,2,5,4,4,4,11,2,2,2,2,12,13,14,2,2,2,4,2,2,2,2,2,2,2,2,2,2,3,3,3,2,2,2,7,7,7,7,7,7,7,7,8,8,8,8,8,8,8,8","0.0010981559753418","fast_greedy","edit-xhwikibooks.graphml"
"0.12","0.47","0.41","0.71826553750752","1,1,1,1,1,5,1,5,5,9,1,3,5,5,5,4,9,1,7,3,2,6,5,5,5,5,5,4,1,9,1,7,3,3,7,7,8,5,2,2,2,2,6,6,6,6,2,6,6,6,2,2,2,2,2,6,6,6,6,2,10,2,2,5,5,2,2,2,2,2,6,2,5,5,2,2,2,2,2,2,2,5,4,4,4,11,2,2,2,2,12,13,14,2,2,2,4,2,2,2,2,2,2,2,2,2,2,3,3,3,2,2,2,7,7,7,7,7,7,7,7,8,8,8,8,8,8,8,8","0.00111198425292969","fast_greedy","edit-xhwikibooks.graphml"
"0.11","0.48","0.41","0.71826553750752","1,1,1,1,1,5,1,5,5,9,1,3,5,5,5,4,9,1,7,3,2,6,5,5,5,5,5,4,1,9,1,7,3,3,7,7,8,5,2,2,2,2,6,6,6,6,2,6,6,6,2,2,2,2,2,6,6,6,6,2,10,2,2,5,5,2,2,2,2,2,6,2,5,5,2,2,2,2,2,2,2,5,4,4,4,11,2,2,2,2,12,13,14,2,2,2,4,2,2,2,2,2,2,2,2,2,2,3,3,3,2,2,2,7,7,7,7,7,7,7,7,8,8,8,8,8,8,8,8","0.00112295150756836","fast_greedy","edit-xhwikibooks.graphml"
"0.1","0.49","0.41","0.71826553750752","1,1,1,1,1,5,1,5,5,9,1,3,5,5,5,4,9,1,7,3,2,6,5,5,5,5,5,4,1,9,1,7,3,3,7,7,8,5,2,2,2,2,6,6,6,6,2,6,6,6,2,2,2,2,2,6,6,6,6,2,10,2,2,5,5,2,2,2,2,2,6,2,5,5,2,2,2,2,2,2,2,5,4,4,4,11,2,2,2,2,12,13,14,2,2,2,4,2,2,2,2,2,2,2,2,2,2,3,3,3,2,2,2,7,7,7,7,7,7,7,7,8,8,8,8,8,8,8,8","0.0011289119720459","fast_greedy","edit-xhwikibooks.graphml"
"0.09","0.5","0.41","0.728459249166338","1,1,1,1,1,6,1,6,6,9,1,3,6,6,6,4,9,1,7,3,2,5,6,6,6,6,6,4,1,9,1,7,3,3,7,7,8,6,2,2,2,2,5,5,5,5,2,5,5,5,2,2,2,2,2,5,5,5,5,2,10,2,2,6,6,2,2,2,2,2,5,2,6,6,2,2,2,2,2,2,2,6,4,4,4,11,2,2,2,2,12,13,14,2,2,2,4,2,2,2,2,2,2,2,2,2,2,3,3,3,2,2,2,7,7,7,7,7,7,7,7,8,8,8,8,8,8,8,8","0.00114297866821289","fast_greedy","edit-xhwikibooks.graphml"
"0.08","0.51","0.41","0.728459249166338","1,1,1,1,1,6,1,6,6,9,1,3,6,6,6,4,9,1,7,3,2,5,6,6,6,6,6,4,1,9,1,7,3,3,7,7,8,6,2,2,2,2,5,5,5,5,2,5,5,5,2,2,2,2,2,5,5,5,5,2,10,2,2,6,6,2,2,2,2,2,5,2,6,6,2,2,2,2,2,2,2,6,4,4,4,11,2,2,2,2,12,13,14,2,2,2,4,2,2,2,2,2,2,2,2,2,2,3,3,3,2,2,2,7,7,7,7,7,7,7,7,8,8,8,8,8,8,8,8","0.00106692314147949","fast_greedy","edit-xhwikibooks.graphml"
"0.07","0.52","0.41","0.728459249166338","1,1,1,1,1,6,1,6,6,9,1,3,6,6,6,4,9,1,7,3,2,5,6,6,6,6,6,4,1,9,1,7,3,3,7,7,8,6,2,2,2,2,5,5,5,5,2,5,5,5,2,2,2,2,2,5,5,5,5,2,10,2,2,6,6,2,2,2,2,2,5,2,6,6,2,2,2,2,2,2,2,6,4,4,4,11,2,2,2,2,12,13,14,2,2,2,4,2,2,2,2,2,2,2,2,2,2,3,3,3,2,2,2,7,7,7,7,7,7,7,7,8,8,8,8,8,8,8,8","0.00107312202453613","fast_greedy","edit-xhwikibooks.graphml"
"0.06","0.53","0.41","0.728459249166338","1,1,1,1,1,6,1,6,6,9,1,3,6,6,6,4,9,1,7,3,2,5,6,6,6,6,6,4,1,9,1,7,3,3,7,7,8,6,2,2,2,2,5,5,5,5,2,5,5,5,2,2,2,2,2,5,5,5,5,2,10,2,2,6,6,2,2,2,2,2,5,2,6,6,2,2,2,2,2,2,2,6,4,4,4,11,2,2,2,2,12,13,14,2,2,2,4,2,2,2,2,2,2,2,2,2,2,3,3,3,2,2,2,7,7,7,7,7,7,7,7,8,8,8,8,8,8,8,8","0.00130295753479004","fast_greedy","edit-xhwikibooks.graphml"
"0.05","0.54","0.41","0.728459249166338","1,1,1,1,1,6,1,6,6,9,1,3,6,6,6,4,9,1,7,3,2,5,6,6,6,6,6,4,1,9,1,7,3,3,7,7,8,6,2,2,2,2,5,5,5,5,2,5,5,5,2,2,2,2,2,5,5,5,5,2,10,2,2,6,6,2,2,2,2,2,5,2,6,6,2,2,2,2,2,2,2,6,4,4,4,11,2,2,2,2,12,13,14,2,2,2,4,2,2,2,2,2,2,2,2,2,2,3,3,3,2,2,2,7,7,7,7,7,7,7,7,8,8,8,8,8,8,8,8","0.00108909606933594","fast_greedy","edit-xhwikibooks.graphml"
"0.04","0.55","0.41","0.728459249166338","1,1,1,1,1,6,1,6,6,9,1,3,6,6,6,4,9,1,7,3,2,5,6,6,6,6,6,4,1,9,1,7,3,3,7,7,8,6,2,2,2,2,5,5,5,5,2,5,5,5,2,2,2,2,2,5,5,5,5,2,10,2,2,6,6,2,2,2,2,2,5,2,6,6,2,2,2,2,2,2,2,6,4,4,4,11,2,2,2,2,12,13,14,2,2,2,4,2,2,2,2,2,2,2,2,2,2,3,3,3,2,2,2,7,7,7,7,7,7,7,7,8,8,8,8,8,8,8,8","0.00109314918518066","fast_greedy","edit-xhwikibooks.graphml"
"0.03","0.56","0.41","0.728459249166338","1,1,1,1,1,6,1,6,6,9,1,3,6,6,6,4,9,1,7,3,2,5,6,6,6,6,6,4,1,9,1,7,3,3,7,7,8,6,2,2,2,2,5,5,5,5,2,5,5,5,2,2,2,2,2,5,5,5,5,2,10,2,2,6,6,2,2,2,2,2,5,2,6,6,2,2,2,2,2,2,2,6,4,4,4,11,2,2,2,2,12,13,14,2,2,2,4,2,2,2,2,2,2,2,2,2,2,3,3,3,2,2,2,7,7,7,7,7,7,7,7,8,8,8,8,8,8,8,8","0.00102710723876953","fast_greedy","edit-xhwikibooks.graphml"
"0.02","0.57","0.41","0.728459249166338","1,1,1,1,1,6,1,6,6,9,1,3,6,6,6,4,9,1,7,3,2,5,6,6,6,6,6,4,1,9,1,7,3,3,7,7,8,6,2,2,2,2,5,5,5,5,2,5,5,5,2,2,2,2,2,5,5,5,5,2,10,2,2,6,6,2,2,2,2,2,5,2,6,6,2,2,2,2,2,2,2,6,4,4,4,11,2,2,2,2,12,13,14,2,2,2,4,2,2,2,2,2,2,2,2,2,2,3,3,3,2,2,2,7,7,7,7,7,7,7,7,8,8,8,8,8,8,8,8","0.000941991806030273","fast_greedy","edit-xhwikibooks.graphml"
"0.01","0.58","0.41","0.728459249166338","1,1,1,1,1,6,1,6,6,9,1,3,6,6,6,4,9,1,7,3,2,5,6,6,6,6,6,4,1,9,1,7,3,3,7,7,8,6,2,2,2,2,5,5,5,5,2,5,5,5,2,2,2,2,2,5,5,5,5,2,10,2,2,6,6,2,2,2,2,2,5,2,6,6,2,2,2,2,2,2,2,6,4,4,4,11,2,2,2,2,12,13,14,2,2,2,4,2,2,2,2,2,2,2,2,2,2,3,3,3,2,2,2,7,7,7,7,7,7,7,7,8,8,8,8,8,8,8,8","0.000967025756835938","fast_greedy","edit-xhwikibooks.graphml"
"0","0.59","0.41","0.72014136609856","1,1,1,1,1,1,2,1,6,1,2,2,6,6,6,4,1,2,7,2,3,5,6,6,6,6,6,4,1,1,2,7,2,2,7,7,8,6,3,3,3,3,5,5,5,5,3,5,5,5,3,3,3,3,3,5,5,5,5,3,9,3,3,6,6,3,3,3,3,3,5,3,6,6,3,3,3,3,3,3,3,6,4,4,4,10,3,3,3,3,11,12,13,3,3,3,4,3,3,3,3,3,3,3,3,3,3,2,2,2,3,3,3,7,7,7,7,7,7,7,7,8,8,8,8,8,8,8,8","0.000962018966674805","fast_greedy","edit-xhwikibooks.graphml"
"0.58","0","0.42","0.724977777777778","1,1,1,1,1,4,1,4,4,9,1,3,4,4,4,5,9,1,7,3,2,6,4,4,4,4,4,5,1,9,1,7,3,3,7,7,8,4,2,2,2,2,6,6,6,6,2,6,6,6,2,2,2,2,2,6,6,6,6,2,4,2,2,4,4,2,2,2,2,2,6,2,4,4,2,2,2,2,2,2,2,4,5,5,5,1,2,2,2,2,9,1,7,2,2,2,5,2,2,2,2,2,2,2,2,2,2,3,3,3,2,2,2,7,7,7,7,7,7,7,7,8,8,8,8,8,8,8,8","0.000959157943725586","fast_greedy","edit-xhwikibooks.graphml"
"0.57","0.01","0.42","0.724977777777778","1,1,1,1,1,4,1,4,4,9,1,3,4,4,4,5,9,1,7,3,2,6,4,4,4,4,4,5,1,9,1,7,3,3,7,7,8,4,2,2,2,2,6,6,6,6,2,6,6,6,2,2,2,2,2,6,6,6,6,2,4,2,2,4,4,2,2,2,2,2,6,2,4,4,2,2,2,2,2,2,2,4,5,5,5,1,2,2,2,2,9,1,7,2,2,2,5,2,2,2,2,2,2,2,2,2,2,3,3,3,2,2,2,7,7,7,7,7,7,7,7,8,8,8,8,8,8,8,8","0.000970840454101562","fast_greedy","edit-xhwikibooks.graphml"
"0.56","0.02","0.42","0.724977777777778","1,1,1,1,1,4,1,4,4,9,1,3,4,4,4,5,9,1,7,3,2,6,4,4,4,4,4,5,1,9,1,7,3,3,7,7,8,4,2,2,2,2,6,6,6,6,2,6,6,6,2,2,2,2,2,6,6,6,6,2,4,2,2,4,4,2,2,2,2,2,6,2,4,4,2,2,2,2,2,2,2,4,5,5,5,1,2,2,2,2,9,1,7,2,2,2,5,2,2,2,2,2,2,2,2,2,2,3,3,3,2,2,2,7,7,7,7,7,7,7,7,8,8,8,8,8,8,8,8","0.000939846038818359","fast_greedy","edit-xhwikibooks.graphml"
"0.55","0.03","0.42","0.724977777777778","1,1,1,1,1,4,1,4,4,9,1,3,4,4,4,5,9,1,7,3,2,6,4,4,4,4,4,5,1,9,1,7,3,3,7,7,8,4,2,2,2,2,6,6,6,6,2,6,6,6,2,2,2,2,2,6,6,6,6,2,4,2,2,4,4,2,2,2,2,2,6,2,4,4,2,2,2,2,2,2,2,4,5,5,5,1,2,2,2,2,9,1,7,2,2,2,5,2,2,2,2,2,2,2,2,2,2,3,3,3,2,2,2,7,7,7,7,7,7,7,7,8,8,8,8,8,8,8,8","0.00105786323547363","fast_greedy","edit-xhwikibooks.graphml"
"0.54","0.04","0.42","0.724977777777778","1,1,1,1,1,4,1,4,4,9,1,3,4,4,4,5,9,1,7,3,2,6,4,4,4,4,4,5,1,9,1,7,3,3,7,7,8,4,2,2,2,2,6,6,6,6,2,6,6,6,2,2,2,2,2,6,6,6,6,2,4,2,2,4,4,2,2,2,2,2,6,2,4,4,2,2,2,2,2,2,2,4,5,5,5,1,2,2,2,2,9,1,7,2,2,2,5,2,2,2,2,2,2,2,2,2,2,3,3,3,2,2,2,7,7,7,7,7,7,7,7,8,8,8,8,8,8,8,8","0.000947952270507812","fast_greedy","edit-xhwikibooks.graphml"
"0.53","0.05","0.42","0.724977777777778","1,1,1,1,1,4,1,4,4,9,1,3,4,4,4,5,9,1,7,3,2,6,4,4,4,4,4,5,1,9,1,7,3,3,7,7,8,4,2,2,2,2,6,6,6,6,2,6,6,6,2,2,2,2,2,6,6,6,6,2,4,2,2,4,4,2,2,2,2,2,6,2,4,4,2,2,2,2,2,2,2,4,5,5,5,1,2,2,2,2,9,1,7,2,2,2,5,2,2,2,2,2,2,2,2,2,2,3,3,3,2,2,2,7,7,7,7,7,7,7,7,8,8,8,8,8,8,8,8","0.000909090042114258","fast_greedy","edit-xhwikibooks.graphml"
"0.52","0.06","0.42","0.724977777777778","1,1,1,1,1,4,1,4,4,9,1,3,4,4,4,5,9,1,7,3,2,6,4,4,4,4,4,5,1,9,1,7,3,3,7,7,8,4,2,2,2,2,6,6,6,6,2,6,6,6,2,2,2,2,2,6,6,6,6,2,4,2,2,4,4,2,2,2,2,2,6,2,4,4,2,2,2,2,2,2,2,4,5,5,5,1,2,2,2,2,9,1,7,2,2,2,5,2,2,2,2,2,2,2,2,2,2,3,3,3,2,2,2,7,7,7,7,7,7,7,7,8,8,8,8,8,8,8,8","0.000943183898925781","fast_greedy","edit-xhwikibooks.graphml"
"0.51","0.07","0.42","0.724977777777778","1,1,1,1,1,4,1,4,4,9,1,3,4,4,4,5,9,1,7,3,2,6,4,4,4,4,4,5,1,9,1,7,3,3,7,7,8,4,2,2,2,2,6,6,6,6,2,6,6,6,2,2,2,2,2,6,6,6,6,2,4,2,2,4,4,2,2,2,2,2,6,2,4,4,2,2,2,2,2,2,2,4,5,5,5,1,2,2,2,2,9,1,7,2,2,2,5,2,2,2,2,2,2,2,2,2,2,3,3,3,2,2,2,7,7,7,7,7,7,7,7,8,8,8,8,8,8,8,8","0.000952959060668945","fast_greedy","edit-xhwikibooks.graphml"
"0.5","0.08","0.42","0.724977777777778","1,1,1,1,1,4,1,4,4,9,1,3,4,4,4,5,9,1,7,3,2,6,4,4,4,4,4,5,1,9,1,7,3,3,7,7,8,4,2,2,2,2,6,6,6,6,2,6,6,6,2,2,2,2,2,6,6,6,6,2,4,2,2,4,4,2,2,2,2,2,6,2,4,4,2,2,2,2,2,2,2,4,5,5,5,1,2,2,2,2,9,1,7,2,2,2,5,2,2,2,2,2,2,2,2,2,2,3,3,3,2,2,2,7,7,7,7,7,7,7,7,8,8,8,8,8,8,8,8","0.000972986221313477","fast_greedy","edit-xhwikibooks.graphml"
"0.49","0.09","0.42","0.724977777777778","1,1,1,1,1,4,1,4,4,9,1,3,4,4,4,5,9,1,7,3,2,6,4,4,4,4,4,5,1,9,1,7,3,3,7,7,8,4,2,2,2,2,6,6,6,6,2,6,6,6,2,2,2,2,2,6,6,6,6,2,4,2,2,4,4,2,2,2,2,2,6,2,4,4,2,2,2,2,2,2,2,4,5,5,5,1,2,2,2,2,9,1,7,2,2,2,5,2,2,2,2,2,2,2,2,2,2,3,3,3,2,2,2,7,7,7,7,7,7,7,7,8,8,8,8,8,8,8,8","0.000967979431152344","fast_greedy","edit-xhwikibooks.graphml"
"0.48","0.1","0.42","0.724977777777778","1,1,1,1,1,4,1,4,4,9,1,3,4,4,4,5,9,1,7,3,2,6,4,4,4,4,4,5,1,9,1,7,3,3,7,7,8,4,2,2,2,2,6,6,6,6,2,6,6,6,2,2,2,2,2,6,6,6,6,2,4,2,2,4,4,2,2,2,2,2,6,2,4,4,2,2,2,2,2,2,2,4,5,5,5,1,2,2,2,2,9,1,7,2,2,2,5,2,2,2,2,2,2,2,2,2,2,3,3,3,2,2,2,7,7,7,7,7,7,7,7,8,8,8,8,8,8,8,8","0.00096583366394043","fast_greedy","edit-xhwikibooks.graphml"
"0.47","0.11","0.42","0.724977777777778","1,1,1,1,1,4,1,4,4,9,1,3,4,4,4,5,9,1,7,3,2,6,4,4,4,4,4,5,1,9,1,7,3,3,7,7,8,4,2,2,2,2,6,6,6,6,2,6,6,6,2,2,2,2,2,6,6,6,6,2,4,2,2,4,4,2,2,2,2,2,6,2,4,4,2,2,2,2,2,2,2,4,5,5,5,1,2,2,2,2,9,1,7,2,2,2,5,2,2,2,2,2,2,2,2,2,2,3,3,3,2,2,2,7,7,7,7,7,7,7,7,8,8,8,8,8,8,8,8","0.000934123992919922","fast_greedy","edit-xhwikibooks.graphml"
"0.46","0.12","0.42","0.724977777777778","1,1,1,1,1,4,1,4,4,9,1,3,4,4,4,5,9,1,7,3,2,6,4,4,4,4,4,5,1,9,1,7,3,3,7,7,8,4,2,2,2,2,6,6,6,6,2,6,6,6,2,2,2,2,2,6,6,6,6,2,4,2,2,4,4,2,2,2,2,2,6,2,4,4,2,2,2,2,2,2,2,4,5,5,5,1,2,2,2,2,9,1,7,2,2,2,5,2,2,2,2,2,2,2,2,2,2,3,3,3,2,2,2,7,7,7,7,7,7,7,7,8,8,8,8,8,8,8,8","0.000941038131713867","fast_greedy","edit-xhwikibooks.graphml"
"0.45","0.13","0.42","0.724977777777778","1,1,1,1,1,4,1,4,4,9,1,3,4,4,4,5,9,1,7,3,2,6,4,4,4,4,4,5,1,9,1,7,3,3,7,7,8,4,2,2,2,2,6,6,6,6,2,6,6,6,2,2,2,2,2,6,6,6,6,2,4,2,2,4,4,2,2,2,2,2,6,2,4,4,2,2,2,2,2,2,2,4,5,5,5,1,2,2,2,2,9,1,7,2,2,2,5,2,2,2,2,2,2,2,2,2,2,3,3,3,2,2,2,7,7,7,7,7,7,7,7,8,8,8,8,8,8,8,8","0.000961065292358398","fast_greedy","edit-xhwikibooks.graphml"
"0.44","0.14","0.42","0.724977777777778","1,1,1,1,1,4,1,4,4,9,1,3,4,4,4,5,9,1,7,3,2,6,4,4,4,4,4,5,1,9,1,7,3,3,7,7,8,4,2,2,2,2,6,6,6,6,2,6,6,6,2,2,2,2,2,6,6,6,6,2,4,2,2,4,4,2,2,2,2,2,6,2,4,4,2,2,2,2,2,2,2,4,5,5,5,1,2,2,2,2,9,1,7,2,2,2,5,2,2,2,2,2,2,2,2,2,2,3,3,3,2,2,2,7,7,7,7,7,7,7,7,8,8,8,8,8,8,8,8","0.00119280815124512","fast_greedy","edit-xhwikibooks.graphml"
"0.43","0.15","0.42","0.724977777777778","1,1,1,1,1,4,1,4,4,9,1,3,4,4,4,5,9,1,7,3,2,6,4,4,4,4,4,5,1,9,1,7,3,3,7,7,8,4,2,2,2,2,6,6,6,6,2,6,6,6,2,2,2,2,2,6,6,6,6,2,4,2,2,4,4,2,2,2,2,2,6,2,4,4,2,2,2,2,2,2,2,4,5,5,5,1,2,2,2,2,9,1,7,2,2,2,5,2,2,2,2,2,2,2,2,2,2,3,3,3,2,2,2,7,7,7,7,7,7,7,7,8,8,8,8,8,8,8,8","0.000926017761230469","fast_greedy","edit-xhwikibooks.graphml"
"0.42","0.16","0.42","0.724977777777778","1,1,1,1,1,4,1,4,4,9,1,3,4,4,4,5,9,1,7,3,2,6,4,4,4,4,4,5,1,9,1,7,3,3,7,7,8,4,2,2,2,2,6,6,6,6,2,6,6,6,2,2,2,2,2,6,6,6,6,2,4,2,2,4,4,2,2,2,2,2,6,2,4,4,2,2,2,2,2,2,2,4,5,5,5,1,2,2,2,2,9,1,7,2,2,2,5,2,2,2,2,2,2,2,2,2,2,3,3,3,2,2,2,7,7,7,7,7,7,7,7,8,8,8,8,8,8,8,8","0.000926017761230469","fast_greedy","edit-xhwikibooks.graphml"
"0.41","0.17","0.42","0.726020788561905","1,1,1,1,1,4,1,4,4,9,1,3,4,4,4,5,9,1,7,3,2,6,4,4,4,4,4,5,1,9,1,7,3,3,7,7,8,4,2,2,2,2,6,6,6,6,2,6,6,6,2,2,2,2,2,6,6,6,6,2,4,2,2,4,4,2,2,2,2,2,6,2,4,4,2,2,2,2,2,2,2,4,5,5,5,1,2,2,2,2,9,1,7,2,2,2,5,2,2,2,2,2,2,2,2,2,2,3,3,3,2,2,2,7,7,7,7,7,7,7,7,8,8,8,8,8,8,8,8","0.000924110412597656","fast_greedy","edit-xhwikibooks.graphml"
"0.4","0.18","0.42","0.726020788561905","1,1,1,1,1,4,1,4,4,9,1,3,4,4,4,5,9,1,7,3,2,6,4,4,4,4,4,5,1,9,1,7,3,3,7,7,8,4,2,2,2,2,6,6,6,6,2,6,6,6,2,2,2,2,2,6,6,6,6,2,4,2,2,4,4,2,2,2,2,2,6,2,4,4,2,2,2,2,2,2,2,4,5,5,5,1,2,2,2,2,9,1,7,2,2,2,5,2,2,2,2,2,2,2,2,2,2,3,3,3,2,2,2,7,7,7,7,7,7,7,7,8,8,8,8,8,8,8,8","0.000973939895629883","fast_greedy","edit-xhwikibooks.graphml"
"0.39","0.19","0.42","0.726020788561905","1,1,1,1,1,4,1,4,4,9,1,3,4,4,4,5,9,1,7,3,2,6,4,4,4,4,4,5,1,9,1,7,3,3,7,7,8,4,2,2,2,2,6,6,6,6,2,6,6,6,2,2,2,2,2,6,6,6,6,2,4,2,2,4,4,2,2,2,2,2,6,2,4,4,2,2,2,2,2,2,2,4,5,5,5,1,2,2,2,2,9,1,7,2,2,2,5,2,2,2,2,2,2,2,2,2,2,3,3,3,2,2,2,7,7,7,7,7,7,7,7,8,8,8,8,8,8,8,8","0.0365650653839111","fast_greedy","edit-xhwikibooks.graphml"
"0.38","0.2","0.42","0.726020788561905","1,1,1,1,1,4,1,4,4,9,1,3,4,4,4,5,9,1,7,3,2,6,4,4,4,4,4,5,1,9,1,7,3,3,7,7,8,4,2,2,2,2,6,6,6,6,2,6,6,6,2,2,2,2,2,6,6,6,6,2,4,2,2,4,4,2,2,2,2,2,6,2,4,4,2,2,2,2,2,2,2,4,5,5,5,1,2,2,2,2,9,1,7,2,2,2,5,2,2,2,2,2,2,2,2,2,2,3,3,3,2,2,2,7,7,7,7,7,7,7,7,8,8,8,8,8,8,8,8","0.00106096267700195","fast_greedy","edit-xhwikibooks.graphml"
"0.37","0.21","0.42","0.726020788561905","1,1,1,1,1,4,1,4,4,9,1,3,4,4,4,5,9,1,7,3,2,6,4,4,4,4,4,5,1,9,1,7,3,3,7,7,8,4,2,2,2,2,6,6,6,6,2,6,6,6,2,2,2,2,2,6,6,6,6,2,4,2,2,4,4,2,2,2,2,2,6,2,4,4,2,2,2,2,2,2,2,4,5,5,5,1,2,2,2,2,9,1,7,2,2,2,5,2,2,2,2,2,2,2,2,2,2,3,3,3,2,2,2,7,7,7,7,7,7,7,7,8,8,8,8,8,8,8,8","0.00115299224853516","fast_greedy","edit-xhwikibooks.graphml"
"0.36","0.22","0.42","0.726020788561905","1,1,1,1,1,4,1,4,4,9,1,3,4,4,4,5,9,1,7,3,2,6,4,4,4,4,4,5,1,9,1,7,3,3,7,7,8,4,2,2,2,2,6,6,6,6,2,6,6,6,2,2,2,2,2,6,6,6,6,2,4,2,2,4,4,2,2,2,2,2,6,2,4,4,2,2,2,2,2,2,2,4,5,5,5,1,2,2,2,2,9,1,7,2,2,2,5,2,2,2,2,2,2,2,2,2,2,3,3,3,2,2,2,7,7,7,7,7,7,7,7,8,8,8,8,8,8,8,8","0.000977993011474609","fast_greedy","edit-xhwikibooks.graphml"
"0.35","0.23","0.42","0.726020788561905","1,1,1,1,1,4,1,4,4,9,1,3,4,4,4,5,9,1,7,3,2,6,4,4,4,4,4,5,1,9,1,7,3,3,7,7,8,4,2,2,2,2,6,6,6,6,2,6,6,6,2,2,2,2,2,6,6,6,6,2,4,2,2,4,4,2,2,2,2,2,6,2,4,4,2,2,2,2,2,2,2,4,5,5,5,1,2,2,2,2,9,1,7,2,2,2,5,2,2,2,2,2,2,2,2,2,2,3,3,3,2,2,2,7,7,7,7,7,7,7,7,8,8,8,8,8,8,8,8","0.000979900360107422","fast_greedy","edit-xhwikibooks.graphml"
"0.34","0.24","0.42","0.726020788561905","1,1,1,1,1,4,1,4,4,9,1,3,4,4,4,5,9,1,7,3,2,6,4,4,4,4,4,5,1,9,1,7,3,3,7,7,8,4,2,2,2,2,6,6,6,6,2,6,6,6,2,2,2,2,2,6,6,6,6,2,4,2,2,4,4,2,2,2,2,2,6,2,4,4,2,2,2,2,2,2,2,4,5,5,5,1,2,2,2,2,9,1,7,2,2,2,5,2,2,2,2,2,2,2,2,2,2,3,3,3,2,2,2,7,7,7,7,7,7,7,7,8,8,8,8,8,8,8,8","0.000967025756835938","fast_greedy","edit-xhwikibooks.graphml"
"0.33","0.25","0.42","0.726020788561905","1,1,1,1,1,4,1,4,4,9,1,3,4,4,4,5,9,1,7,3,2,6,4,4,4,4,4,5,1,9,1,7,3,3,7,7,8,4,2,2,2,2,6,6,6,6,2,6,6,6,2,2,2,2,2,6,6,6,6,2,4,2,2,4,4,2,2,2,2,2,6,2,4,4,2,2,2,2,2,2,2,4,5,5,5,1,2,2,2,2,9,1,7,2,2,2,5,2,2,2,2,2,2,2,2,2,2,3,3,3,2,2,2,7,7,7,7,7,7,7,7,8,8,8,8,8,8,8,8","0.000929117202758789","fast_greedy","edit-xhwikibooks.graphml"
"0.32","0.26","0.42","0.726020788561905","1,1,1,1,1,4,1,4,4,9,1,3,4,4,4,5,9,1,7,3,2,6,4,4,4,4,4,5,1,9,1,7,3,3,7,7,8,4,2,2,2,2,6,6,6,6,2,6,6,6,2,2,2,2,2,6,6,6,6,2,4,2,2,4,4,2,2,2,2,2,6,2,4,4,2,2,2,2,2,2,2,4,5,5,5,1,2,2,2,2,9,1,7,2,2,2,5,2,2,2,2,2,2,2,2,2,2,3,3,3,2,2,2,7,7,7,7,7,7,7,7,8,8,8,8,8,8,8,8","0.000934839248657227","fast_greedy","edit-xhwikibooks.graphml"
"0.31","0.27","0.42","0.726020788561905","1,1,1,1,1,4,1,4,4,9,1,3,4,4,4,5,9,1,7,3,2,6,4,4,4,4,4,5,1,9,1,7,3,3,7,7,8,4,2,2,2,2,6,6,6,6,2,6,6,6,2,2,2,2,2,6,6,6,6,2,4,2,2,4,4,2,2,2,2,2,6,2,4,4,2,2,2,2,2,2,2,4,5,5,5,1,2,2,2,2,9,1,7,2,2,2,5,2,2,2,2,2,2,2,2,2,2,3,3,3,2,2,2,7,7,7,7,7,7,7,7,8,8,8,8,8,8,8,8","0.000910043716430664","fast_greedy","edit-xhwikibooks.graphml"
"0.3","0.28","0.42","0.726020788561905","1,1,1,1,1,4,1,4,4,9,1,3,4,4,4,5,9,1,7,3,2,6,4,4,4,4,4,5,1,9,1,7,3,3,7,7,8,4,2,2,2,2,6,6,6,6,2,6,6,6,2,2,2,2,2,6,6,6,6,2,4,2,2,4,4,2,2,2,2,2,6,2,4,4,2,2,2,2,2,2,2,4,5,5,5,1,2,2,2,2,9,1,7,2,2,2,5,2,2,2,2,2,2,2,2,2,2,3,3,3,2,2,2,7,7,7,7,7,7,7,7,8,8,8,8,8,8,8,8","0.000930070877075195","fast_greedy","edit-xhwikibooks.graphml"
"0.29","0.29","0.42","0.726020788561905","1,1,1,1,1,4,1,4,4,9,1,3,4,4,4,5,9,1,7,3,2,6,4,4,4,4,4,5,1,9,1,7,3,3,7,7,8,4,2,2,2,2,6,6,6,6,2,6,6,6,2,2,2,2,2,6,6,6,6,2,4,2,2,4,4,2,2,2,2,2,6,2,4,4,2,2,2,2,2,2,2,4,5,5,5,1,2,2,2,2,9,1,7,2,2,2,5,2,2,2,2,2,2,2,2,2,2,3,3,3,2,2,2,7,7,7,7,7,7,7,7,8,8,8,8,8,8,8,8","0.000914096832275391","fast_greedy","edit-xhwikibooks.graphml"
"0.28","0.3","0.42","0.726020788561905","1,1,1,1,1,4,1,4,4,9,1,3,4,4,4,5,9,1,7,3,2,6,4,4,4,4,4,5,1,9,1,7,3,3,7,7,8,4,2,2,2,2,6,6,6,6,2,6,6,6,2,2,2,2,2,6,6,6,6,2,4,2,2,4,4,2,2,2,2,2,6,2,4,4,2,2,2,2,2,2,2,4,5,5,5,1,2,2,2,2,9,1,7,2,2,2,5,2,2,2,2,2,2,2,2,2,2,3,3,3,2,2,2,7,7,7,7,7,7,7,7,8,8,8,8,8,8,8,8","0.000976085662841797","fast_greedy","edit-xhwikibooks.graphml"
"0.27","0.31","0.42","0.726020788561905","1,1,1,1,1,4,1,4,4,9,1,3,4,4,4,5,9,1,7,3,2,6,4,4,4,4,4,5,1,9,1,7,3,3,7,7,8,4,2,2,2,2,6,6,6,6,2,6,6,6,2,2,2,2,2,6,6,6,6,2,4,2,2,4,4,2,2,2,2,2,6,2,4,4,2,2,2,2,2,2,2,4,5,5,5,1,2,2,2,2,9,1,7,2,2,2,5,2,2,2,2,2,2,2,2,2,2,3,3,3,2,2,2,7,7,7,7,7,7,7,7,8,8,8,8,8,8,8,8","0.000977993011474609","fast_greedy","edit-xhwikibooks.graphml"
"0.26","0.32","0.42","0.726020788561905","1,1,1,1,1,4,1,4,4,9,1,3,4,4,4,5,9,1,7,3,2,6,4,4,4,4,4,5,1,9,1,7,3,3,7,7,8,4,2,2,2,2,6,6,6,6,2,6,6,6,2,2,2,2,2,6,6,6,6,2,4,2,2,4,4,2,2,2,2,2,6,2,4,4,2,2,2,2,2,2,2,4,5,5,5,1,2,2,2,2,9,1,7,2,2,2,5,2,2,2,2,2,2,2,2,2,2,3,3,3,2,2,2,7,7,7,7,7,7,7,7,8,8,8,8,8,8,8,8","0.00109601020812988","fast_greedy","edit-xhwikibooks.graphml"
"0.25","0.33","0.42","0.726020788561905","1,1,1,1,1,4,1,4,4,9,1,3,4,4,4,5,9,1,7,3,2,6,4,4,4,4,4,5,1,9,1,7,3,3,7,7,8,4,2,2,2,2,6,6,6,6,2,6,6,6,2,2,2,2,2,6,6,6,6,2,4,2,2,4,4,2,2,2,2,2,6,2,4,4,2,2,2,2,2,2,2,4,5,5,5,1,2,2,2,2,9,1,7,2,2,2,5,2,2,2,2,2,2,2,2,2,2,3,3,3,2,2,2,7,7,7,7,7,7,7,7,8,8,8,8,8,8,8,8","0.000926971435546875","fast_greedy","edit-xhwikibooks.graphml"
"0.24","0.34","0.42","0.726411011080332","1,1,1,1,1,5,1,5,5,9,1,3,5,5,5,4,9,1,7,3,2,6,5,5,5,5,5,4,1,9,1,7,3,3,7,7,8,5,2,2,2,2,6,6,6,6,2,6,6,6,2,2,2,2,2,6,6,6,6,2,5,2,2,5,5,2,2,2,2,2,6,2,5,5,2,2,2,2,2,2,2,5,4,4,4,1,2,2,2,2,9,1,7,2,2,2,4,2,2,2,2,2,2,2,2,2,2,3,3,3,2,2,2,7,7,7,7,7,7,7,7,8,8,8,8,8,8,8,8","0.000939846038818359","fast_greedy","edit-xhwikibooks.graphml"
"0.23","0.35","0.42","0.726411011080332","1,1,1,1,1,5,1,5,5,9,1,3,5,5,5,4,9,1,7,3,2,6,5,5,5,5,5,4,1,9,1,7,3,3,7,7,8,5,2,2,2,2,6,6,6,6,2,6,6,6,2,2,2,2,2,6,6,6,6,2,5,2,2,5,5,2,2,2,2,2,6,2,5,5,2,2,2,2,2,2,2,5,4,4,4,1,2,2,2,2,9,1,7,2,2,2,4,2,2,2,2,2,2,2,2,2,2,3,3,3,2,2,2,7,7,7,7,7,7,7,7,8,8,8,8,8,8,8,8","0.00107502937316895","fast_greedy","edit-xhwikibooks.graphml"
"0.22","0.36","0.42","0.726411011080332","1,1,1,1,1,5,1,5,5,9,1,3,5,5,5,4,9,1,7,3,2,6,5,5,5,5,5,4,1,9,1,7,3,3,7,7,8,5,2,2,2,2,6,6,6,6,2,6,6,6,2,2,2,2,2,6,6,6,6,2,5,2,2,5,5,2,2,2,2,2,6,2,5,5,2,2,2,2,2,2,2,5,4,4,4,1,2,2,2,2,9,1,7,2,2,2,4,2,2,2,2,2,2,2,2,2,2,3,3,3,2,2,2,7,7,7,7,7,7,7,7,8,8,8,8,8,8,8,8","0.000915050506591797","fast_greedy","edit-xhwikibooks.graphml"
"0.21","0.37","0.42","0.726411011080332","1,1,1,1,1,5,1,5,5,9,1,3,5,5,5,4,9,1,7,3,2,6,5,5,5,5,5,4,1,9,1,7,3,3,7,7,8,5,2,2,2,2,6,6,6,6,2,6,6,6,2,2,2,2,2,6,6,6,6,2,5,2,2,5,5,2,2,2,2,2,6,2,5,5,2,2,2,2,2,2,2,5,4,4,4,1,2,2,2,2,9,1,7,2,2,2,4,2,2,2,2,2,2,2,2,2,2,3,3,3,2,2,2,7,7,7,7,7,7,7,7,8,8,8,8,8,8,8,8","0.000928878784179688","fast_greedy","edit-xhwikibooks.graphml"
"0.2","0.38","0.42","0.726411011080332","1,1,1,1,1,5,1,5,5,9,1,3,5,5,5,4,9,1,7,3,2,6,5,5,5,5,5,4,1,9,1,7,3,3,7,7,8,5,2,2,2,2,6,6,6,6,2,6,6,6,2,2,2,2,2,6,6,6,6,2,5,2,2,5,5,2,2,2,2,2,6,2,5,5,2,2,2,2,2,2,2,5,4,4,4,1,2,2,2,2,9,1,7,2,2,2,4,2,2,2,2,2,2,2,2,2,2,3,3,3,2,2,2,7,7,7,7,7,7,7,7,8,8,8,8,8,8,8,8","0.000931978225708008","fast_greedy","edit-xhwikibooks.graphml"
"0.19","0.39","0.42","0.726411011080332","1,1,1,1,1,5,1,5,5,9,1,3,5,5,5,4,9,1,7,3,2,6,5,5,5,5,5,4,1,9,1,7,3,3,7,7,8,5,2,2,2,2,6,6,6,6,2,6,6,6,2,2,2,2,2,6,6,6,6,2,5,2,2,5,5,2,2,2,2,2,6,2,5,5,2,2,2,2,2,2,2,5,4,4,4,1,2,2,2,2,9,1,7,2,2,2,4,2,2,2,2,2,2,2,2,2,2,3,3,3,2,2,2,7,7,7,7,7,7,7,7,8,8,8,8,8,8,8,8","0.000931024551391602","fast_greedy","edit-xhwikibooks.graphml"
"0.18","0.4","0.42","0.726411011080332","1,1,1,1,1,5,1,5,5,9,1,3,5,5,5,4,9,1,7,3,2,6,5,5,5,5,5,4,1,9,1,7,3,3,7,7,8,5,2,2,2,2,6,6,6,6,2,6,6,6,2,2,2,2,2,6,6,6,6,2,5,2,2,5,5,2,2,2,2,2,6,2,5,5,2,2,2,2,2,2,2,5,4,4,4,1,2,2,2,2,9,1,7,2,2,2,4,2,2,2,2,2,2,2,2,2,2,3,3,3,2,2,2,7,7,7,7,7,7,7,7,8,8,8,8,8,8,8,8","0.000926971435546875","fast_greedy","edit-xhwikibooks.graphml"
"0.17","0.41","0.42","0.726411011080332","1,1,1,1,1,5,1,5,5,9,1,3,5,5,5,4,9,1,7,3,2,6,5,5,5,5,5,4,1,9,1,7,3,3,7,7,8,5,2,2,2,2,6,6,6,6,2,6,6,6,2,2,2,2,2,6,6,6,6,2,5,2,2,5,5,2,2,2,2,2,6,2,5,5,2,2,2,2,2,2,2,5,4,4,4,1,2,2,2,2,9,1,7,2,2,2,4,2,2,2,2,2,2,2,2,2,2,3,3,3,2,2,2,7,7,7,7,7,7,7,7,8,8,8,8,8,8,8,8","0.000945091247558594","fast_greedy","edit-xhwikibooks.graphml"
"0.16","0.42","0.42","0.726411011080332","1,1,1,1,1,5,1,5,5,9,1,3,5,5,5,4,9,1,7,3,2,6,5,5,5,5,5,4,1,9,1,7,3,3,7,7,8,5,2,2,2,2,6,6,6,6,2,6,6,6,2,2,2,2,2,6,6,6,6,2,5,2,2,5,5,2,2,2,2,2,6,2,5,5,2,2,2,2,2,2,2,5,4,4,4,1,2,2,2,2,9,1,7,2,2,2,4,2,2,2,2,2,2,2,2,2,2,3,3,3,2,2,2,7,7,7,7,7,7,7,7,8,8,8,8,8,8,8,8","0.000948905944824219","fast_greedy","edit-xhwikibooks.graphml"
"0.15","0.43","0.42","0.71826553750752","1,1,1,1,1,5,1,5,5,9,1,3,5,5,5,4,9,1,7,3,2,6,5,5,5,5,5,4,1,9,1,7,3,3,7,7,8,5,2,2,2,2,6,6,6,6,2,6,6,6,2,2,2,2,2,6,6,6,6,2,10,2,2,5,5,2,2,2,2,2,6,2,5,5,2,2,2,2,2,2,2,5,4,4,4,11,2,2,2,2,12,13,14,2,2,2,4,2,2,2,2,2,2,2,2,2,2,3,3,3,2,2,2,7,7,7,7,7,7,7,7,8,8,8,8,8,8,8,8","0.000928878784179688","fast_greedy","edit-xhwikibooks.graphml"
"0.14","0.44","0.42","0.71826553750752","1,1,1,1,1,5,1,5,5,9,1,3,5,5,5,4,9,1,7,3,2,6,5,5,5,5,5,4,1,9,1,7,3,3,7,7,8,5,2,2,2,2,6,6,6,6,2,6,6,6,2,2,2,2,2,6,6,6,6,2,10,2,2,5,5,2,2,2,2,2,6,2,5,5,2,2,2,2,2,2,2,5,4,4,4,11,2,2,2,2,12,13,14,2,2,2,4,2,2,2,2,2,2,2,2,2,2,3,3,3,2,2,2,7,7,7,7,7,7,7,7,8,8,8,8,8,8,8,8","0.000934123992919922","fast_greedy","edit-xhwikibooks.graphml"
"0.13","0.45","0.42","0.71826553750752","1,1,1,1,1,5,1,5,5,9,1,3,5,5,5,4,9,1,7,3,2,6,5,5,5,5,5,4,1,9,1,7,3,3,7,7,8,5,2,2,2,2,6,6,6,6,2,6,6,6,2,2,2,2,2,6,6,6,6,2,10,2,2,5,5,2,2,2,2,2,6,2,5,5,2,2,2,2,2,2,2,5,4,4,4,11,2,2,2,2,12,13,14,2,2,2,4,2,2,2,2,2,2,2,2,2,2,3,3,3,2,2,2,7,7,7,7,7,7,7,7,8,8,8,8,8,8,8,8","0.000924825668334961","fast_greedy","edit-xhwikibooks.graphml"
"0.12","0.46","0.42","0.71826553750752","1,1,1,1,1,5,1,5,5,9,1,3,5,5,5,4,9,1,7,3,2,6,5,5,5,5,5,4,1,9,1,7,3,3,7,7,8,5,2,2,2,2,6,6,6,6,2,6,6,6,2,2,2,2,2,6,6,6,6,2,10,2,2,5,5,2,2,2,2,2,6,2,5,5,2,2,2,2,2,2,2,5,4,4,4,11,2,2,2,2,12,13,14,2,2,2,4,2,2,2,2,2,2,2,2,2,2,3,3,3,2,2,2,7,7,7,7,7,7,7,7,8,8,8,8,8,8,8,8","0.0011441707611084","fast_greedy","edit-xhwikibooks.graphml"
"0.11","0.47","0.42","0.71826553750752","1,1,1,1,1,5,1,5,5,9,1,3,5,5,5,4,9,1,7,3,2,6,5,5,5,5,5,4,1,9,1,7,3,3,7,7,8,5,2,2,2,2,6,6,6,6,2,6,6,6,2,2,2,2,2,6,6,6,6,2,10,2,2,5,5,2,2,2,2,2,6,2,5,5,2,2,2,2,2,2,2,5,4,4,4,11,2,2,2,2,12,13,14,2,2,2,4,2,2,2,2,2,2,2,2,2,2,3,3,3,2,2,2,7,7,7,7,7,7,7,7,8,8,8,8,8,8,8,8","0.000905990600585938","fast_greedy","edit-xhwikibooks.graphml"
"0.1","0.48","0.42","0.71826553750752","1,1,1,1,1,5,1,5,5,9,1,3,5,5,5,4,9,1,7,3,2,6,5,5,5,5,5,4,1,9,1,7,3,3,7,7,8,5,2,2,2,2,6,6,6,6,2,6,6,6,2,2,2,2,2,6,6,6,6,2,10,2,2,5,5,2,2,2,2,2,6,2,5,5,2,2,2,2,2,2,2,5,4,4,4,11,2,2,2,2,12,13,14,2,2,2,4,2,2,2,2,2,2,2,2,2,2,3,3,3,2,2,2,7,7,7,7,7,7,7,7,8,8,8,8,8,8,8,8","0.000909090042114258","fast_greedy","edit-xhwikibooks.graphml"
"0.09","0.49","0.42","0.71826553750752","1,1,1,1,1,5,1,5,5,9,1,3,5,5,5,4,9,1,7,3,2,6,5,5,5,5,5,4,1,9,1,7,3,3,7,7,8,5,2,2,2,2,6,6,6,6,2,6,6,6,2,2,2,2,2,6,6,6,6,2,10,2,2,5,5,2,2,2,2,2,6,2,5,5,2,2,2,2,2,2,2,5,4,4,4,11,2,2,2,2,12,13,14,2,2,2,4,2,2,2,2,2,2,2,2,2,2,3,3,3,2,2,2,7,7,7,7,7,7,7,7,8,8,8,8,8,8,8,8","0.000916004180908203","fast_greedy","edit-xhwikibooks.graphml"
"0.08","0.5","0.42","0.728459249166338","1,1,1,1,1,6,1,6,6,9,1,3,6,6,6,4,9,1,7,3,2,5,6,6,6,6,6,4,1,9,1,7,3,3,7,7,8,6,2,2,2,2,5,5,5,5,2,5,5,5,2,2,2,2,2,5,5,5,5,2,10,2,2,6,6,2,2,2,2,2,5,2,6,6,2,2,2,2,2,2,2,6,4,4,4,11,2,2,2,2,12,13,14,2,2,2,4,2,2,2,2,2,2,2,2,2,2,3,3,3,2,2,2,7,7,7,7,7,7,7,7,8,8,8,8,8,8,8,8","0.000962972640991211","fast_greedy","edit-xhwikibooks.graphml"
"0.07","0.51","0.42","0.728459249166338","1,1,1,1,1,6,1,6,6,9,1,3,6,6,6,4,9,1,7,3,2,5,6,6,6,6,6,4,1,9,1,7,3,3,7,7,8,6,2,2,2,2,5,5,5,5,2,5,5,5,2,2,2,2,2,5,5,5,5,2,10,2,2,6,6,2,2,2,2,2,5,2,6,6,2,2,2,2,2,2,2,6,4,4,4,11,2,2,2,2,12,13,14,2,2,2,4,2,2,2,2,2,2,2,2,2,2,3,3,3,2,2,2,7,7,7,7,7,7,7,7,8,8,8,8,8,8,8,8","0.000946044921875","fast_greedy","edit-xhwikibooks.graphml"
"0.06","0.52","0.42","0.728459249166338","1,1,1,1,1,6,1,6,6,9,1,3,6,6,6,4,9,1,7,3,2,5,6,6,6,6,6,4,1,9,1,7,3,3,7,7,8,6,2,2,2,2,5,5,5,5,2,5,5,5,2,2,2,2,2,5,5,5,5,2,10,2,2,6,6,2,2,2,2,2,5,2,6,6,2,2,2,2,2,2,2,6,4,4,4,11,2,2,2,2,12,13,14,2,2,2,4,2,2,2,2,2,2,2,2,2,2,3,3,3,2,2,2,7,7,7,7,7,7,7,7,8,8,8,8,8,8,8,8","0.000979900360107422","fast_greedy","edit-xhwikibooks.graphml"
"0.05","0.53","0.42","0.728459249166338","1,1,1,1,1,6,1,6,6,9,1,3,6,6,6,4,9,1,7,3,2,5,6,6,6,6,6,4,1,9,1,7,3,3,7,7,8,6,2,2,2,2,5,5,5,5,2,5,5,5,2,2,2,2,2,5,5,5,5,2,10,2,2,6,6,2,2,2,2,2,5,2,6,6,2,2,2,2,2,2,2,6,4,4,4,11,2,2,2,2,12,13,14,2,2,2,4,2,2,2,2,2,2,2,2,2,2,3,3,3,2,2,2,7,7,7,7,7,7,7,7,8,8,8,8,8,8,8,8","0.00107002258300781","fast_greedy","edit-xhwikibooks.graphml"
"0.04","0.54","0.42","0.728459249166338","1,1,1,1,1,6,1,6,6,9,1,3,6,6,6,4,9,1,7,3,2,5,6,6,6,6,6,4,1,9,1,7,3,3,7,7,8,6,2,2,2,2,5,5,5,5,2,5,5,5,2,2,2,2,2,5,5,5,5,2,10,2,2,6,6,2,2,2,2,2,5,2,6,6,2,2,2,2,2,2,2,6,4,4,4,11,2,2,2,2,12,13,14,2,2,2,4,2,2,2,2,2,2,2,2,2,2,3,3,3,2,2,2,7,7,7,7,7,7,7,7,8,8,8,8,8,8,8,8","0.000916957855224609","fast_greedy","edit-xhwikibooks.graphml"
"0.03","0.55","0.42","0.728459249166338","1,1,1,1,1,6,1,6,6,9,1,3,6,6,6,4,9,1,7,3,2,5,6,6,6,6,6,4,1,9,1,7,3,3,7,7,8,6,2,2,2,2,5,5,5,5,2,5,5,5,2,2,2,2,2,5,5,5,5,2,10,2,2,6,6,2,2,2,2,2,5,2,6,6,2,2,2,2,2,2,2,6,4,4,4,11,2,2,2,2,12,13,14,2,2,2,4,2,2,2,2,2,2,2,2,2,2,3,3,3,2,2,2,7,7,7,7,7,7,7,7,8,8,8,8,8,8,8,8","0.000950813293457031","fast_greedy","edit-xhwikibooks.graphml"
"0.02","0.56","0.42","0.728459249166338","1,1,1,1,1,6,1,6,6,9,1,3,6,6,6,4,9,1,7,3,2,5,6,6,6,6,6,4,1,9,1,7,3,3,7,7,8,6,2,2,2,2,5,5,5,5,2,5,5,5,2,2,2,2,2,5,5,5,5,2,10,2,2,6,6,2,2,2,2,2,5,2,6,6,2,2,2,2,2,2,2,6,4,4,4,11,2,2,2,2,12,13,14,2,2,2,4,2,2,2,2,2,2,2,2,2,2,3,3,3,2,2,2,7,7,7,7,7,7,7,7,8,8,8,8,8,8,8,8","0.000948905944824219","fast_greedy","edit-xhwikibooks.graphml"
"0.01","0.57","0.42","0.728459249166338","1,1,1,1,1,6,1,6,6,9,1,3,6,6,6,4,9,1,7,3,2,5,6,6,6,6,6,4,1,9,1,7,3,3,7,7,8,6,2,2,2,2,5,5,5,5,2,5,5,5,2,2,2,2,2,5,5,5,5,2,10,2,2,6,6,2,2,2,2,2,5,2,6,6,2,2,2,2,2,2,2,6,4,4,4,11,2,2,2,2,12,13,14,2,2,2,4,2,2,2,2,2,2,2,2,2,2,3,3,3,2,2,2,7,7,7,7,7,7,7,7,8,8,8,8,8,8,8,8","0.00113701820373535","fast_greedy","edit-xhwikibooks.graphml"
"0","0.58","0.42","0.72014136609856","1,1,1,1,1,1,2,1,6,1,2,2,6,6,6,4,1,2,7,2,3,5,6,6,6,6,6,4,1,1,2,7,2,2,7,7,8,6,3,3,3,3,5,5,5,5,3,5,5,5,3,3,3,3,3,5,5,5,5,3,9,3,3,6,6,3,3,3,3,3,5,3,6,6,3,3,3,3,3,3,3,6,4,4,4,10,3,3,3,3,11,12,13,3,3,3,4,3,3,3,3,3,3,3,3,3,3,2,2,2,3,3,3,7,7,7,7,7,7,7,7,8,8,8,8,8,8,8,8","0.000925064086914062","fast_greedy","edit-xhwikibooks.graphml"
"0.57","0","0.43","0.724977777777778","1,1,1,1,1,4,1,4,4,9,1,3,4,4,4,5,9,1,7,3,2,6,4,4,4,4,4,5,1,9,1,7,3,3,7,7,8,4,2,2,2,2,6,6,6,6,2,6,6,6,2,2,2,2,2,6,6,6,6,2,4,2,2,4,4,2,2,2,2,2,6,2,4,4,2,2,2,2,2,2,2,4,5,5,5,1,2,2,2,2,9,1,7,2,2,2,5,2,2,2,2,2,2,2,2,2,2,3,3,3,2,2,2,7,7,7,7,7,7,7,7,8,8,8,8,8,8,8,8","0.000926971435546875","fast_greedy","edit-xhwikibooks.graphml"
"0.56","0.01","0.43","0.724977777777778","1,1,1,1,1,4,1,4,4,9,1,3,4,4,4,5,9,1,7,3,2,6,4,4,4,4,4,5,1,9,1,7,3,3,7,7,8,4,2,2,2,2,6,6,6,6,2,6,6,6,2,2,2,2,2,6,6,6,6,2,4,2,2,4,4,2,2,2,2,2,6,2,4,4,2,2,2,2,2,2,2,4,5,5,5,1,2,2,2,2,9,1,7,2,2,2,5,2,2,2,2,2,2,2,2,2,2,3,3,3,2,2,2,7,7,7,7,7,7,7,7,8,8,8,8,8,8,8,8","0.000941991806030273","fast_greedy","edit-xhwikibooks.graphml"
"0.55","0.02","0.43","0.724977777777778","1,1,1,1,1,4,1,4,4,9,1,3,4,4,4,5,9,1,7,3,2,6,4,4,4,4,4,5,1,9,1,7,3,3,7,7,8,4,2,2,2,2,6,6,6,6,2,6,6,6,2,2,2,2,2,6,6,6,6,2,4,2,2,4,4,2,2,2,2,2,6,2,4,4,2,2,2,2,2,2,2,4,5,5,5,1,2,2,2,2,9,1,7,2,2,2,5,2,2,2,2,2,2,2,2,2,2,3,3,3,2,2,2,7,7,7,7,7,7,7,7,8,8,8,8,8,8,8,8","0.000957965850830078","fast_greedy","edit-xhwikibooks.graphml"
"0.54","0.03","0.43","0.724977777777778","1,1,1,1,1,4,1,4,4,9,1,3,4,4,4,5,9,1,7,3,2,6,4,4,4,4,4,5,1,9,1,7,3,3,7,7,8,4,2,2,2,2,6,6,6,6,2,6,6,6,2,2,2,2,2,6,6,6,6,2,4,2,2,4,4,2,2,2,2,2,6,2,4,4,2,2,2,2,2,2,2,4,5,5,5,1,2,2,2,2,9,1,7,2,2,2,5,2,2,2,2,2,2,2,2,2,2,3,3,3,2,2,2,7,7,7,7,7,7,7,7,8,8,8,8,8,8,8,8","0.000961065292358398","fast_greedy","edit-xhwikibooks.graphml"
"0.53","0.04","0.43","0.724977777777778","1,1,1,1,1,4,1,4,4,9,1,3,4,4,4,5,9,1,7,3,2,6,4,4,4,4,4,5,1,9,1,7,3,3,7,7,8,4,2,2,2,2,6,6,6,6,2,6,6,6,2,2,2,2,2,6,6,6,6,2,4,2,2,4,4,2,2,2,2,2,6,2,4,4,2,2,2,2,2,2,2,4,5,5,5,1,2,2,2,2,9,1,7,2,2,2,5,2,2,2,2,2,2,2,2,2,2,3,3,3,2,2,2,7,7,7,7,7,7,7,7,8,8,8,8,8,8,8,8","0.000991106033325195","fast_greedy","edit-xhwikibooks.graphml"
"0.52","0.05","0.43","0.724977777777778","1,1,1,1,1,4,1,4,4,9,1,3,4,4,4,5,9,1,7,3,2,6,4,4,4,4,4,5,1,9,1,7,3,3,7,7,8,4,2,2,2,2,6,6,6,6,2,6,6,6,2,2,2,2,2,6,6,6,6,2,4,2,2,4,4,2,2,2,2,2,6,2,4,4,2,2,2,2,2,2,2,4,5,5,5,1,2,2,2,2,9,1,7,2,2,2,5,2,2,2,2,2,2,2,2,2,2,3,3,3,2,2,2,7,7,7,7,7,7,7,7,8,8,8,8,8,8,8,8","0.000924110412597656","fast_greedy","edit-xhwikibooks.graphml"
"0.51","0.06","0.43","0.724977777777778","1,1,1,1,1,4,1,4,4,9,1,3,4,4,4,5,9,1,7,3,2,6,4,4,4,4,4,5,1,9,1,7,3,3,7,7,8,4,2,2,2,2,6,6,6,6,2,6,6,6,2,2,2,2,2,6,6,6,6,2,4,2,2,4,4,2,2,2,2,2,6,2,4,4,2,2,2,2,2,2,2,4,5,5,5,1,2,2,2,2,9,1,7,2,2,2,5,2,2,2,2,2,2,2,2,2,2,3,3,3,2,2,2,7,7,7,7,7,7,7,7,8,8,8,8,8,8,8,8","0.000951051712036133","fast_greedy","edit-xhwikibooks.graphml"
"0.5","0.07","0.43","0.724977777777778","1,1,1,1,1,4,1,4,4,9,1,3,4,4,4,5,9,1,7,3,2,6,4,4,4,4,4,5,1,9,1,7,3,3,7,7,8,4,2,2,2,2,6,6,6,6,2,6,6,6,2,2,2,2,2,6,6,6,6,2,4,2,2,4,4,2,2,2,2,2,6,2,4,4,2,2,2,2,2,2,2,4,5,5,5,1,2,2,2,2,9,1,7,2,2,2,5,2,2,2,2,2,2,2,2,2,2,3,3,3,2,2,2,7,7,7,7,7,7,7,7,8,8,8,8,8,8,8,8","0.000938892364501953","fast_greedy","edit-xhwikibooks.graphml"
"0.49","0.08","0.43","0.724977777777778","1,1,1,1,1,4,1,4,4,9,1,3,4,4,4,5,9,1,7,3,2,6,4,4,4,4,4,5,1,9,1,7,3,3,7,7,8,4,2,2,2,2,6,6,6,6,2,6,6,6,2,2,2,2,2,6,6,6,6,2,4,2,2,4,4,2,2,2,2,2,6,2,4,4,2,2,2,2,2,2,2,4,5,5,5,1,2,2,2,2,9,1,7,2,2,2,5,2,2,2,2,2,2,2,2,2,2,3,3,3,2,2,2,7,7,7,7,7,7,7,7,8,8,8,8,8,8,8,8","0.000957012176513672","fast_greedy","edit-xhwikibooks.graphml"
"0.48","0.09","0.43","0.724977777777778","1,1,1,1,1,4,1,4,4,9,1,3,4,4,4,5,9,1,7,3,2,6,4,4,4,4,4,5,1,9,1,7,3,3,7,7,8,4,2,2,2,2,6,6,6,6,2,6,6,6,2,2,2,2,2,6,6,6,6,2,4,2,2,4,4,2,2,2,2,2,6,2,4,4,2,2,2,2,2,2,2,4,5,5,5,1,2,2,2,2,9,1,7,2,2,2,5,2,2,2,2,2,2,2,2,2,2,3,3,3,2,2,2,7,7,7,7,7,7,7,7,8,8,8,8,8,8,8,8","0.00102496147155762","fast_greedy","edit-xhwikibooks.graphml"
"0.47","0.1","0.43","0.724977777777778","1,1,1,1,1,4,1,4,4,9,1,3,4,4,4,5,9,1,7,3,2,6,4,4,4,4,4,5,1,9,1,7,3,3,7,7,8,4,2,2,2,2,6,6,6,6,2,6,6,6,2,2,2,2,2,6,6,6,6,2,4,2,2,4,4,2,2,2,2,2,6,2,4,4,2,2,2,2,2,2,2,4,5,5,5,1,2,2,2,2,9,1,7,2,2,2,5,2,2,2,2,2,2,2,2,2,2,3,3,3,2,2,2,7,7,7,7,7,7,7,7,8,8,8,8,8,8,8,8","0.000898122787475586","fast_greedy","edit-xhwikibooks.graphml"
"0.46","0.11","0.43","0.724977777777778","1,1,1,1,1,4,1,4,4,9,1,3,4,4,4,5,9,1,7,3,2,6,4,4,4,4,4,5,1,9,1,7,3,3,7,7,8,4,2,2,2,2,6,6,6,6,2,6,6,6,2,2,2,2,2,6,6,6,6,2,4,2,2,4,4,2,2,2,2,2,6,2,4,4,2,2,2,2,2,2,2,4,5,5,5,1,2,2,2,2,9,1,7,2,2,2,5,2,2,2,2,2,2,2,2,2,2,3,3,3,2,2,2,7,7,7,7,7,7,7,7,8,8,8,8,8,8,8,8","0.000923871994018555","fast_greedy","edit-xhwikibooks.graphml"
"0.45","0.12","0.43","0.724977777777778","1,1,1,1,1,4,1,4,4,9,1,3,4,4,4,5,9,1,7,3,2,6,4,4,4,4,4,5,1,9,1,7,3,3,7,7,8,4,2,2,2,2,6,6,6,6,2,6,6,6,2,2,2,2,2,6,6,6,6,2,4,2,2,4,4,2,2,2,2,2,6,2,4,4,2,2,2,2,2,2,2,4,5,5,5,1,2,2,2,2,9,1,7,2,2,2,5,2,2,2,2,2,2,2,2,2,2,3,3,3,2,2,2,7,7,7,7,7,7,7,7,8,8,8,8,8,8,8,8","0.000952005386352539","fast_greedy","edit-xhwikibooks.graphml"
"0.44","0.13","0.43","0.724977777777778","1,1,1,1,1,4,1,4,4,9,1,3,4,4,4,5,9,1,7,3,2,6,4,4,4,4,4,5,1,9,1,7,3,3,7,7,8,4,2,2,2,2,6,6,6,6,2,6,6,6,2,2,2,2,2,6,6,6,6,2,4,2,2,4,4,2,2,2,2,2,6,2,4,4,2,2,2,2,2,2,2,4,5,5,5,1,2,2,2,2,9,1,7,2,2,2,5,2,2,2,2,2,2,2,2,2,2,3,3,3,2,2,2,7,7,7,7,7,7,7,7,8,8,8,8,8,8,8,8","0.000947952270507812","fast_greedy","edit-xhwikibooks.graphml"
"0.43","0.14","0.43","0.724977777777778","1,1,1,1,1,4,1,4,4,9,1,3,4,4,4,5,9,1,7,3,2,6,4,4,4,4,4,5,1,9,1,7,3,3,7,7,8,4,2,2,2,2,6,6,6,6,2,6,6,6,2,2,2,2,2,6,6,6,6,2,4,2,2,4,4,2,2,2,2,2,6,2,4,4,2,2,2,2,2,2,2,4,5,5,5,1,2,2,2,2,9,1,7,2,2,2,5,2,2,2,2,2,2,2,2,2,2,3,3,3,2,2,2,7,7,7,7,7,7,7,7,8,8,8,8,8,8,8,8","0.000948905944824219","fast_greedy","edit-xhwikibooks.graphml"
"0.42","0.15","0.43","0.724977777777778","1,1,1,1,1,4,1,4,4,9,1,3,4,4,4,5,9,1,7,3,2,6,4,4,4,4,4,5,1,9,1,7,3,3,7,7,8,4,2,2,2,2,6,6,6,6,2,6,6,6,2,2,2,2,2,6,6,6,6,2,4,2,2,4,4,2,2,2,2,2,6,2,4,4,2,2,2,2,2,2,2,4,5,5,5,1,2,2,2,2,9,1,7,2,2,2,5,2,2,2,2,2,2,2,2,2,2,3,3,3,2,2,2,7,7,7,7,7,7,7,7,8,8,8,8,8,8,8,8","0.00109601020812988","fast_greedy","edit-xhwikibooks.graphml"
"0.41","0.16","0.43","0.724977777777778","1,1,1,1,1,4,1,4,4,9,1,3,4,4,4,5,9,1,7,3,2,6,4,4,4,4,4,5,1,9,1,7,3,3,7,7,8,4,2,2,2,2,6,6,6,6,2,6,6,6,2,2,2,2,2,6,6,6,6,2,4,2,2,4,4,2,2,2,2,2,6,2,4,4,2,2,2,2,2,2,2,4,5,5,5,1,2,2,2,2,9,1,7,2,2,2,5,2,2,2,2,2,2,2,2,2,2,3,3,3,2,2,2,7,7,7,7,7,7,7,7,8,8,8,8,8,8,8,8","0.00093388557434082","fast_greedy","edit-xhwikibooks.graphml"
"0.4","0.17","0.43","0.726020788561905","1,1,1,1,1,4,1,4,4,9,1,3,4,4,4,5,9,1,7,3,2,6,4,4,4,4,4,5,1,9,1,7,3,3,7,7,8,4,2,2,2,2,6,6,6,6,2,6,6,6,2,2,2,2,2,6,6,6,6,2,4,2,2,4,4,2,2,2,2,2,6,2,4,4,2,2,2,2,2,2,2,4,5,5,5,1,2,2,2,2,9,1,7,2,2,2,5,2,2,2,2,2,2,2,2,2,2,3,3,3,2,2,2,7,7,7,7,7,7,7,7,8,8,8,8,8,8,8,8","0.000944852828979492","fast_greedy","edit-xhwikibooks.graphml"
"0.39","0.18","0.43","0.726020788561905","1,1,1,1,1,4,1,4,4,9,1,3,4,4,4,5,9,1,7,3,2,6,4,4,4,4,4,5,1,9,1,7,3,3,7,7,8,4,2,2,2,2,6,6,6,6,2,6,6,6,2,2,2,2,2,6,6,6,6,2,4,2,2,4,4,2,2,2,2,2,6,2,4,4,2,2,2,2,2,2,2,4,5,5,5,1,2,2,2,2,9,1,7,2,2,2,5,2,2,2,2,2,2,2,2,2,2,3,3,3,2,2,2,7,7,7,7,7,7,7,7,8,8,8,8,8,8,8,8","0.000952959060668945","fast_greedy","edit-xhwikibooks.graphml"
"0.38","0.19","0.43","0.726020788561905","1,1,1,1,1,4,1,4,4,9,1,3,4,4,4,5,9,1,7,3,2,6,4,4,4,4,4,5,1,9,1,7,3,3,7,7,8,4,2,2,2,2,6,6,6,6,2,6,6,6,2,2,2,2,2,6,6,6,6,2,4,2,2,4,4,2,2,2,2,2,6,2,4,4,2,2,2,2,2,2,2,4,5,5,5,1,2,2,2,2,9,1,7,2,2,2,5,2,2,2,2,2,2,2,2,2,2,3,3,3,2,2,2,7,7,7,7,7,7,7,7,8,8,8,8,8,8,8,8","0.000938892364501953","fast_greedy","edit-xhwikibooks.graphml"
"0.37","0.2","0.43","0.726020788561905","1,1,1,1,1,4,1,4,4,9,1,3,4,4,4,5,9,1,7,3,2,6,4,4,4,4,4,5,1,9,1,7,3,3,7,7,8,4,2,2,2,2,6,6,6,6,2,6,6,6,2,2,2,2,2,6,6,6,6,2,4,2,2,4,4,2,2,2,2,2,6,2,4,4,2,2,2,2,2,2,2,4,5,5,5,1,2,2,2,2,9,1,7,2,2,2,5,2,2,2,2,2,2,2,2,2,2,3,3,3,2,2,2,7,7,7,7,7,7,7,7,8,8,8,8,8,8,8,8","0.000944852828979492","fast_greedy","edit-xhwikibooks.graphml"
"0.36","0.21","0.43","0.726020788561905","1,1,1,1,1,4,1,4,4,9,1,3,4,4,4,5,9,1,7,3,2,6,4,4,4,4,4,5,1,9,1,7,3,3,7,7,8,4,2,2,2,2,6,6,6,6,2,6,6,6,2,2,2,2,2,6,6,6,6,2,4,2,2,4,4,2,2,2,2,2,6,2,4,4,2,2,2,2,2,2,2,4,5,5,5,1,2,2,2,2,9,1,7,2,2,2,5,2,2,2,2,2,2,2,2,2,2,3,3,3,2,2,2,7,7,7,7,7,7,7,7,8,8,8,8,8,8,8,8","0.000903129577636719","fast_greedy","edit-xhwikibooks.graphml"
"0.35","0.22","0.43","0.726020788561905","1,1,1,1,1,4,1,4,4,9,1,3,4,4,4,5,9,1,7,3,2,6,4,4,4,4,4,5,1,9,1,7,3,3,7,7,8,4,2,2,2,2,6,6,6,6,2,6,6,6,2,2,2,2,2,6,6,6,6,2,4,2,2,4,4,2,2,2,2,2,6,2,4,4,2,2,2,2,2,2,2,4,5,5,5,1,2,2,2,2,9,1,7,2,2,2,5,2,2,2,2,2,2,2,2,2,2,3,3,3,2,2,2,7,7,7,7,7,7,7,7,8,8,8,8,8,8,8,8","0.000932216644287109","fast_greedy","edit-xhwikibooks.graphml"
"0.34","0.23","0.43","0.726020788561905","1,1,1,1,1,4,1,4,4,9,1,3,4,4,4,5,9,1,7,3,2,6,4,4,4,4,4,5,1,9,1,7,3,3,7,7,8,4,2,2,2,2,6,6,6,6,2,6,6,6,2,2,2,2,2,6,6,6,6,2,4,2,2,4,4,2,2,2,2,2,6,2,4,4,2,2,2,2,2,2,2,4,5,5,5,1,2,2,2,2,9,1,7,2,2,2,5,2,2,2,2,2,2,2,2,2,2,3,3,3,2,2,2,7,7,7,7,7,7,7,7,8,8,8,8,8,8,8,8","0.000936031341552734","fast_greedy","edit-xhwikibooks.graphml"
"0.33","0.24","0.43","0.726020788561905","1,1,1,1,1,4,1,4,4,9,1,3,4,4,4,5,9,1,7,3,2,6,4,4,4,4,4,5,1,9,1,7,3,3,7,7,8,4,2,2,2,2,6,6,6,6,2,6,6,6,2,2,2,2,2,6,6,6,6,2,4,2,2,4,4,2,2,2,2,2,6,2,4,4,2,2,2,2,2,2,2,4,5,5,5,1,2,2,2,2,9,1,7,2,2,2,5,2,2,2,2,2,2,2,2,2,2,3,3,3,2,2,2,7,7,7,7,7,7,7,7,8,8,8,8,8,8,8,8","0.000941991806030273","fast_greedy","edit-xhwikibooks.graphml"
"0.32","0.25","0.43","0.726020788561905","1,1,1,1,1,4,1,4,4,9,1,3,4,4,4,5,9,1,7,3,2,6,4,4,4,4,4,5,1,9,1,7,3,3,7,7,8,4,2,2,2,2,6,6,6,6,2,6,6,6,2,2,2,2,2,6,6,6,6,2,4,2,2,4,4,2,2,2,2,2,6,2,4,4,2,2,2,2,2,2,2,4,5,5,5,1,2,2,2,2,9,1,7,2,2,2,5,2,2,2,2,2,2,2,2,2,2,3,3,3,2,2,2,7,7,7,7,7,7,7,7,8,8,8,8,8,8,8,8","0.000946044921875","fast_greedy","edit-xhwikibooks.graphml"
"0.31","0.26","0.43","0.726020788561905","1,1,1,1,1,4,1,4,4,9,1,3,4,4,4,5,9,1,7,3,2,6,4,4,4,4,4,5,1,9,1,7,3,3,7,7,8,4,2,2,2,2,6,6,6,6,2,6,6,6,2,2,2,2,2,6,6,6,6,2,4,2,2,4,4,2,2,2,2,2,6,2,4,4,2,2,2,2,2,2,2,4,5,5,5,1,2,2,2,2,9,1,7,2,2,2,5,2,2,2,2,2,2,2,2,2,2,3,3,3,2,2,2,7,7,7,7,7,7,7,7,8,8,8,8,8,8,8,8","0.000901937484741211","fast_greedy","edit-xhwikibooks.graphml"
"0.3","0.27","0.43","0.726020788561905","1,1,1,1,1,4,1,4,4,9,1,3,4,4,4,5,9,1,7,3,2,6,4,4,4,4,4,5,1,9,1,7,3,3,7,7,8,4,2,2,2,2,6,6,6,6,2,6,6,6,2,2,2,2,2,6,6,6,6,2,4,2,2,4,4,2,2,2,2,2,6,2,4,4,2,2,2,2,2,2,2,4,5,5,5,1,2,2,2,2,9,1,7,2,2,2,5,2,2,2,2,2,2,2,2,2,2,3,3,3,2,2,2,7,7,7,7,7,7,7,7,8,8,8,8,8,8,8,8","0.000914096832275391","fast_greedy","edit-xhwikibooks.graphml"
"0.29","0.28","0.43","0.726020788561905","1,1,1,1,1,4,1,4,4,9,1,3,4,4,4,5,9,1,7,3,2,6,4,4,4,4,4,5,1,9,1,7,3,3,7,7,8,4,2,2,2,2,6,6,6,6,2,6,6,6,2,2,2,2,2,6,6,6,6,2,4,2,2,4,4,2,2,2,2,2,6,2,4,4,2,2,2,2,2,2,2,4,5,5,5,1,2,2,2,2,9,1,7,2,2,2,5,2,2,2,2,2,2,2,2,2,2,3,3,3,2,2,2,7,7,7,7,7,7,7,7,8,8,8,8,8,8,8,8","0.000899076461791992","fast_greedy","edit-xhwikibooks.graphml"
"0.28","0.29","0.43","0.726020788561905","1,1,1,1,1,4,1,4,4,9,1,3,4,4,4,5,9,1,7,3,2,6,4,4,4,4,4,5,1,9,1,7,3,3,7,7,8,4,2,2,2,2,6,6,6,6,2,6,6,6,2,2,2,2,2,6,6,6,6,2,4,2,2,4,4,2,2,2,2,2,6,2,4,4,2,2,2,2,2,2,2,4,5,5,5,1,2,2,2,2,9,1,7,2,2,2,5,2,2,2,2,2,2,2,2,2,2,3,3,3,2,2,2,7,7,7,7,7,7,7,7,8,8,8,8,8,8,8,8","0.000947952270507812","fast_greedy","edit-xhwikibooks.graphml"
"0.27","0.3","0.43","0.726020788561905","1,1,1,1,1,4,1,4,4,9,1,3,4,4,4,5,9,1,7,3,2,6,4,4,4,4,4,5,1,9,1,7,3,3,7,7,8,4,2,2,2,2,6,6,6,6,2,6,6,6,2,2,2,2,2,6,6,6,6,2,4,2,2,4,4,2,2,2,2,2,6,2,4,4,2,2,2,2,2,2,2,4,5,5,5,1,2,2,2,2,9,1,7,2,2,2,5,2,2,2,2,2,2,2,2,2,2,3,3,3,2,2,2,7,7,7,7,7,7,7,7,8,8,8,8,8,8,8,8","0.000938892364501953","fast_greedy","edit-xhwikibooks.graphml"
"0.26","0.31","0.43","0.726020788561905","1,1,1,1,1,4,1,4,4,9,1,3,4,4,4,5,9,1,7,3,2,6,4,4,4,4,4,5,1,9,1,7,3,3,7,7,8,4,2,2,2,2,6,6,6,6,2,6,6,6,2,2,2,2,2,6,6,6,6,2,4,2,2,4,4,2,2,2,2,2,6,2,4,4,2,2,2,2,2,2,2,4,5,5,5,1,2,2,2,2,9,1,7,2,2,2,5,2,2,2,2,2,2,2,2,2,2,3,3,3,2,2,2,7,7,7,7,7,7,7,7,8,8,8,8,8,8,8,8","0.00094294548034668","fast_greedy","edit-xhwikibooks.graphml"
"0.25","0.32","0.43","0.726020788561905","1,1,1,1,1,4,1,4,4,9,1,3,4,4,4,5,9,1,7,3,2,6,4,4,4,4,4,5,1,9,1,7,3,3,7,7,8,4,2,2,2,2,6,6,6,6,2,6,6,6,2,2,2,2,2,6,6,6,6,2,4,2,2,4,4,2,2,2,2,2,6,2,4,4,2,2,2,2,2,2,2,4,5,5,5,1,2,2,2,2,9,1,7,2,2,2,5,2,2,2,2,2,2,2,2,2,2,3,3,3,2,2,2,7,7,7,7,7,7,7,7,8,8,8,8,8,8,8,8","0.00103592872619629","fast_greedy","edit-xhwikibooks.graphml"
"0.24","0.33","0.43","0.726020788561905","1,1,1,1,1,4,1,4,4,9,1,3,4,4,4,5,9,1,7,3,2,6,4,4,4,4,4,5,1,9,1,7,3,3,7,7,8,4,2,2,2,2,6,6,6,6,2,6,6,6,2,2,2,2,2,6,6,6,6,2,4,2,2,4,4,2,2,2,2,2,6,2,4,4,2,2,2,2,2,2,2,4,5,5,5,1,2,2,2,2,9,1,7,2,2,2,5,2,2,2,2,2,2,2,2,2,2,3,3,3,2,2,2,7,7,7,7,7,7,7,7,8,8,8,8,8,8,8,8","0.000915050506591797","fast_greedy","edit-xhwikibooks.graphml"
"0.23","0.34","0.43","0.726411011080332","1,1,1,1,1,5,1,5,5,9,1,3,5,5,5,4,9,1,7,3,2,6,5,5,5,5,5,4,1,9,1,7,3,3,7,7,8,5,2,2,2,2,6,6,6,6,2,6,6,6,2,2,2,2,2,6,6,6,6,2,5,2,2,5,5,2,2,2,2,2,6,2,5,5,2,2,2,2,2,2,2,5,4,4,4,1,2,2,2,2,9,1,7,2,2,2,4,2,2,2,2,2,2,2,2,2,2,3,3,3,2,2,2,7,7,7,7,7,7,7,7,8,8,8,8,8,8,8,8","0.000941991806030273","fast_greedy","edit-xhwikibooks.graphml"
"0.22","0.35","0.43","0.726411011080332","1,1,1,1,1,5,1,5,5,9,1,3,5,5,5,4,9,1,7,3,2,6,5,5,5,5,5,4,1,9,1,7,3,3,7,7,8,5,2,2,2,2,6,6,6,6,2,6,6,6,2,2,2,2,2,6,6,6,6,2,5,2,2,5,5,2,2,2,2,2,6,2,5,5,2,2,2,2,2,2,2,5,4,4,4,1,2,2,2,2,9,1,7,2,2,2,4,2,2,2,2,2,2,2,2,2,2,3,3,3,2,2,2,7,7,7,7,7,7,7,7,8,8,8,8,8,8,8,8","0.000938892364501953","fast_greedy","edit-xhwikibooks.graphml"
"0.21","0.36","0.43","0.726411011080332","1,1,1,1,1,5,1,5,5,9,1,3,5,5,5,4,9,1,7,3,2,6,5,5,5,5,5,4,1,9,1,7,3,3,7,7,8,5,2,2,2,2,6,6,6,6,2,6,6,6,2,2,2,2,2,6,6,6,6,2,5,2,2,5,5,2,2,2,2,2,6,2,5,5,2,2,2,2,2,2,2,5,4,4,4,1,2,2,2,2,9,1,7,2,2,2,4,2,2,2,2,2,2,2,2,2,2,3,3,3,2,2,2,7,7,7,7,7,7,7,7,8,8,8,8,8,8,8,8","0.00110983848571777","fast_greedy","edit-xhwikibooks.graphml"
"0.2","0.37","0.43","0.726411011080332","1,1,1,1,1,5,1,5,5,9,1,3,5,5,5,4,9,1,7,3,2,6,5,5,5,5,5,4,1,9,1,7,3,3,7,7,8,5,2,2,2,2,6,6,6,6,2,6,6,6,2,2,2,2,2,6,6,6,6,2,5,2,2,5,5,2,2,2,2,2,6,2,5,5,2,2,2,2,2,2,2,5,4,4,4,1,2,2,2,2,9,1,7,2,2,2,4,2,2,2,2,2,2,2,2,2,2,3,3,3,2,2,2,7,7,7,7,7,7,7,7,8,8,8,8,8,8,8,8","0.000896930694580078","fast_greedy","edit-xhwikibooks.graphml"
"0.19","0.38","0.43","0.726411011080332","1,1,1,1,1,5,1,5,5,9,1,3,5,5,5,4,9,1,7,3,2,6,5,5,5,5,5,4,1,9,1,7,3,3,7,7,8,5,2,2,2,2,6,6,6,6,2,6,6,6,2,2,2,2,2,6,6,6,6,2,5,2,2,5,5,2,2,2,2,2,6,2,5,5,2,2,2,2,2,2,2,5,4,4,4,1,2,2,2,2,9,1,7,2,2,2,4,2,2,2,2,2,2,2,2,2,2,3,3,3,2,2,2,7,7,7,7,7,7,7,7,8,8,8,8,8,8,8,8","0.000922203063964844","fast_greedy","edit-xhwikibooks.graphml"
"0.18","0.39","0.43","0.726411011080332","1,1,1,1,1,5,1,5,5,9,1,3,5,5,5,4,9,1,7,3,2,6,5,5,5,5,5,4,1,9,1,7,3,3,7,7,8,5,2,2,2,2,6,6,6,6,2,6,6,6,2,2,2,2,2,6,6,6,6,2,5,2,2,5,5,2,2,2,2,2,6,2,5,5,2,2,2,2,2,2,2,5,4,4,4,1,2,2,2,2,9,1,7,2,2,2,4,2,2,2,2,2,2,2,2,2,2,3,3,3,2,2,2,7,7,7,7,7,7,7,7,8,8,8,8,8,8,8,8","0.000938892364501953","fast_greedy","edit-xhwikibooks.graphml"
"0.17","0.4","0.43","0.726411011080332","1,1,1,1,1,5,1,5,5,9,1,3,5,5,5,4,9,1,7,3,2,6,5,5,5,5,5,4,1,9,1,7,3,3,7,7,8,5,2,2,2,2,6,6,6,6,2,6,6,6,2,2,2,2,2,6,6,6,6,2,5,2,2,5,5,2,2,2,2,2,6,2,5,5,2,2,2,2,2,2,2,5,4,4,4,1,2,2,2,2,9,1,7,2,2,2,4,2,2,2,2,2,2,2,2,2,2,3,3,3,2,2,2,7,7,7,7,7,7,7,7,8,8,8,8,8,8,8,8","0.000948905944824219","fast_greedy","edit-xhwikibooks.graphml"
"0.16","0.41","0.43","0.726411011080332","1,1,1,1,1,5,1,5,5,9,1,3,5,5,5,4,9,1,7,3,2,6,5,5,5,5,5,4,1,9,1,7,3,3,7,7,8,5,2,2,2,2,6,6,6,6,2,6,6,6,2,2,2,2,2,6,6,6,6,2,5,2,2,5,5,2,2,2,2,2,6,2,5,5,2,2,2,2,2,2,2,5,4,4,4,1,2,2,2,2,9,1,7,2,2,2,4,2,2,2,2,2,2,2,2,2,2,3,3,3,2,2,2,7,7,7,7,7,7,7,7,8,8,8,8,8,8,8,8","0.000931978225708008","fast_greedy","edit-xhwikibooks.graphml"
"0.15","0.42","0.43","0.726411011080332","1,1,1,1,1,5,1,5,5,9,1,3,5,5,5,4,9,1,7,3,2,6,5,5,5,5,5,4,1,9,1,7,3,3,7,7,8,5,2,2,2,2,6,6,6,6,2,6,6,6,2,2,2,2,2,6,6,6,6,2,5,2,2,5,5,2,2,2,2,2,6,2,5,5,2,2,2,2,2,2,2,5,4,4,4,1,2,2,2,2,9,1,7,2,2,2,4,2,2,2,2,2,2,2,2,2,2,3,3,3,2,2,2,7,7,7,7,7,7,7,7,8,8,8,8,8,8,8,8","0.000933170318603516","fast_greedy","edit-xhwikibooks.graphml"
"0.14","0.43","0.43","0.726411011080332","1,1,1,1,1,5,1,5,5,9,1,3,5,5,5,4,9,1,7,3,2,6,5,5,5,5,5,4,1,9,1,7,3,3,7,7,8,5,2,2,2,2,6,6,6,6,2,6,6,6,2,2,2,2,2,6,6,6,6,2,5,2,2,5,5,2,2,2,2,2,6,2,5,5,2,2,2,2,2,2,2,5,4,4,4,1,2,2,2,2,9,1,7,2,2,2,4,2,2,2,2,2,2,2,2,2,2,3,3,3,2,2,2,7,7,7,7,7,7,7,7,8,8,8,8,8,8,8,8","0.00111508369445801","fast_greedy","edit-xhwikibooks.graphml"
"0.13","0.44","0.43","0.71826553750752","1,1,1,1,1,5,1,5,5,9,1,3,5,5,5,4,9,1,7,3,2,6,5,5,5,5,5,4,1,9,1,7,3,3,7,7,8,5,2,2,2,2,6,6,6,6,2,6,6,6,2,2,2,2,2,6,6,6,6,2,10,2,2,5,5,2,2,2,2,2,6,2,5,5,2,2,2,2,2,2,2,5,4,4,4,11,2,2,2,2,12,13,14,2,2,2,4,2,2,2,2,2,2,2,2,2,2,3,3,3,2,2,2,7,7,7,7,7,7,7,7,8,8,8,8,8,8,8,8","0.000911951065063477","fast_greedy","edit-xhwikibooks.graphml"
"0.12","0.45","0.43","0.71826553750752","1,1,1,1,1,5,1,5,5,9,1,3,5,5,5,4,9,1,7,3,2,6,5,5,5,5,5,4,1,9,1,7,3,3,7,7,8,5,2,2,2,2,6,6,6,6,2,6,6,6,2,2,2,2,2,6,6,6,6,2,10,2,2,5,5,2,2,2,2,2,6,2,5,5,2,2,2,2,2,2,2,5,4,4,4,11,2,2,2,2,12,13,14,2,2,2,4,2,2,2,2,2,2,2,2,2,2,3,3,3,2,2,2,7,7,7,7,7,7,7,7,8,8,8,8,8,8,8,8","0.000924825668334961","fast_greedy","edit-xhwikibooks.graphml"
"0.11","0.46","0.43","0.71826553750752","1,1,1,1,1,5,1,5,5,9,1,3,5,5,5,4,9,1,7,3,2,6,5,5,5,5,5,4,1,9,1,7,3,3,7,7,8,5,2,2,2,2,6,6,6,6,2,6,6,6,2,2,2,2,2,6,6,6,6,2,10,2,2,5,5,2,2,2,2,2,6,2,5,5,2,2,2,2,2,2,2,5,4,4,4,11,2,2,2,2,12,13,14,2,2,2,4,2,2,2,2,2,2,2,2,2,2,3,3,3,2,2,2,7,7,7,7,7,7,7,7,8,8,8,8,8,8,8,8","0.000914812088012695","fast_greedy","edit-xhwikibooks.graphml"
"0.1","0.47","0.43","0.71826553750752","1,1,1,1,1,5,1,5,5,9,1,3,5,5,5,4,9,1,7,3,2,6,5,5,5,5,5,4,1,9,1,7,3,3,7,7,8,5,2,2,2,2,6,6,6,6,2,6,6,6,2,2,2,2,2,6,6,6,6,2,10,2,2,5,5,2,2,2,2,2,6,2,5,5,2,2,2,2,2,2,2,5,4,4,4,11,2,2,2,2,12,13,14,2,2,2,4,2,2,2,2,2,2,2,2,2,2,3,3,3,2,2,2,7,7,7,7,7,7,7,7,8,8,8,8,8,8,8,8","0.000925064086914062","fast_greedy","edit-xhwikibooks.graphml"
"0.09","0.48","0.43","0.71826553750752","1,1,1,1,1,5,1,5,5,9,1,3,5,5,5,4,9,1,7,3,2,6,5,5,5,5,5,4,1,9,1,7,3,3,7,7,8,5,2,2,2,2,6,6,6,6,2,6,6,6,2,2,2,2,2,6,6,6,6,2,10,2,2,5,5,2,2,2,2,2,6,2,5,5,2,2,2,2,2,2,2,5,4,4,4,11,2,2,2,2,12,13,14,2,2,2,4,2,2,2,2,2,2,2,2,2,2,3,3,3,2,2,2,7,7,7,7,7,7,7,7,8,8,8,8,8,8,8,8","0.000917911529541016","fast_greedy","edit-xhwikibooks.graphml"
"0.08","0.49","0.43","0.71826553750752","1,1,1,1,1,5,1,5,5,9,1,3,5,5,5,4,9,1,7,3,2,6,5,5,5,5,5,4,1,9,1,7,3,3,7,7,8,5,2,2,2,2,6,6,6,6,2,6,6,6,2,2,2,2,2,6,6,6,6,2,10,2,2,5,5,2,2,2,2,2,6,2,5,5,2,2,2,2,2,2,2,5,4,4,4,11,2,2,2,2,12,13,14,2,2,2,4,2,2,2,2,2,2,2,2,2,2,3,3,3,2,2,2,7,7,7,7,7,7,7,7,8,8,8,8,8,8,8,8","0.000941038131713867","fast_greedy","edit-xhwikibooks.graphml"
"0.07","0.5","0.43","0.728459249166338","1,1,1,1,1,6,1,6,6,9,1,3,6,6,6,4,9,1,7,3,2,5,6,6,6,6,6,4,1,9,1,7,3,3,7,7,8,6,2,2,2,2,5,5,5,5,2,5,5,5,2,2,2,2,2,5,5,5,5,2,10,2,2,6,6,2,2,2,2,2,5,2,6,6,2,2,2,2,2,2,2,6,4,4,4,11,2,2,2,2,12,13,14,2,2,2,4,2,2,2,2,2,2,2,2,2,2,3,3,3,2,2,2,7,7,7,7,7,7,7,7,8,8,8,8,8,8,8,8","0.000953912734985352","fast_greedy","edit-xhwikibooks.graphml"
"0.06","0.51","0.43","0.728459249166338","1,1,1,1,1,6,1,6,6,9,1,3,6,6,6,4,9,1,7,3,2,5,6,6,6,6,6,4,1,9,1,7,3,3,7,7,8,6,2,2,2,2,5,5,5,5,2,5,5,5,2,2,2,2,2,5,5,5,5,2,10,2,2,6,6,2,2,2,2,2,5,2,6,6,2,2,2,2,2,2,2,6,4,4,4,11,2,2,2,2,12,13,14,2,2,2,4,2,2,2,2,2,2,2,2,2,2,3,3,3,2,2,2,7,7,7,7,7,7,7,7,8,8,8,8,8,8,8,8","0.000952959060668945","fast_greedy","edit-xhwikibooks.graphml"
"0.05","0.52","0.43","0.728459249166338","1,1,1,1,1,6,1,6,6,9,1,3,6,6,6,4,9,1,7,3,2,5,6,6,6,6,6,4,1,9,1,7,3,3,7,7,8,6,2,2,2,2,5,5,5,5,2,5,5,5,2,2,2,2,2,5,5,5,5,2,10,2,2,6,6,2,2,2,2,2,5,2,6,6,2,2,2,2,2,2,2,6,4,4,4,11,2,2,2,2,12,13,14,2,2,2,4,2,2,2,2,2,2,2,2,2,2,3,3,3,2,2,2,7,7,7,7,7,7,7,7,8,8,8,8,8,8,8,8","0.000936985015869141","fast_greedy","edit-xhwikibooks.graphml"
"0.04","0.53","0.43","0.728459249166338","1,1,1,1,1,6,1,6,6,9,1,3,6,6,6,4,9,1,7,3,2,5,6,6,6,6,6,4,1,9,1,7,3,3,7,7,8,6,2,2,2,2,5,5,5,5,2,5,5,5,2,2,2,2,2,5,5,5,5,2,10,2,2,6,6,2,2,2,2,2,5,2,6,6,2,2,2,2,2,2,2,6,4,4,4,11,2,2,2,2,12,13,14,2,2,2,4,2,2,2,2,2,2,2,2,2,2,3,3,3,2,2,2,7,7,7,7,7,7,7,7,8,8,8,8,8,8,8,8","0.000939130783081055","fast_greedy","edit-xhwikibooks.graphml"
"0.03","0.54","0.43","0.728459249166338","1,1,1,1,1,6,1,6,6,9,1,3,6,6,6,4,9,1,7,3,2,5,6,6,6,6,6,4,1,9,1,7,3,3,7,7,8,6,2,2,2,2,5,5,5,5,2,5,5,5,2,2,2,2,2,5,5,5,5,2,10,2,2,6,6,2,2,2,2,2,5,2,6,6,2,2,2,2,2,2,2,6,4,4,4,11,2,2,2,2,12,13,14,2,2,2,4,2,2,2,2,2,2,2,2,2,2,3,3,3,2,2,2,7,7,7,7,7,7,7,7,8,8,8,8,8,8,8,8","0.00112414360046387","fast_greedy","edit-xhwikibooks.graphml"
"0.02","0.55","0.43","0.728459249166338","1,1,1,1,1,6,1,6,6,9,1,3,6,6,6,4,9,1,7,3,2,5,6,6,6,6,6,4,1,9,1,7,3,3,7,7,8,6,2,2,2,2,5,5,5,5,2,5,5,5,2,2,2,2,2,5,5,5,5,2,10,2,2,6,6,2,2,2,2,2,5,2,6,6,2,2,2,2,2,2,2,6,4,4,4,11,2,2,2,2,12,13,14,2,2,2,4,2,2,2,2,2,2,2,2,2,2,3,3,3,2,2,2,7,7,7,7,7,7,7,7,8,8,8,8,8,8,8,8","0.000922918319702148","fast_greedy","edit-xhwikibooks.graphml"
"0.01","0.56","0.43","0.728459249166338","1,1,1,1,1,6,1,6,6,9,1,3,6,6,6,4,9,1,7,3,2,5,6,6,6,6,6,4,1,9,1,7,3,3,7,7,8,6,2,2,2,2,5,5,5,5,2,5,5,5,2,2,2,2,2,5,5,5,5,2,10,2,2,6,6,2,2,2,2,2,5,2,6,6,2,2,2,2,2,2,2,6,4,4,4,11,2,2,2,2,12,13,14,2,2,2,4,2,2,2,2,2,2,2,2,2,2,3,3,3,2,2,2,7,7,7,7,7,7,7,7,8,8,8,8,8,8,8,8","0.000922918319702148","fast_greedy","edit-xhwikibooks.graphml"
"0","0.57","0.43","0.72014136609856","1,1,1,1,1,1,2,1,6,1,2,2,6,6,6,4,1,2,7,2,3,5,6,6,6,6,6,4,1,1,2,7,2,2,7,7,8,6,3,3,3,3,5,5,5,5,3,5,5,5,3,3,3,3,3,5,5,5,5,3,9,3,3,6,6,3,3,3,3,3,5,3,6,6,3,3,3,3,3,3,3,6,4,4,4,10,3,3,3,3,11,12,13,3,3,3,4,3,3,3,3,3,3,3,3,3,3,2,2,2,3,3,3,7,7,7,7,7,7,7,7,8,8,8,8,8,8,8,8","0.00129103660583496","fast_greedy","edit-xhwikibooks.graphml"
"0.56","0","0.44","0.724977777777778","1,1,1,1,1,4,1,4,4,9,1,3,4,4,4,5,9,1,7,3,2,6,4,4,4,4,4,5,1,9,1,7,3,3,7,7,8,4,2,2,2,2,6,6,6,6,2,6,6,6,2,2,2,2,2,6,6,6,6,2,4,2,2,4,4,2,2,2,2,2,6,2,4,4,2,2,2,2,2,2,2,4,5,5,5,1,2,2,2,2,9,1,7,2,2,2,5,2,2,2,2,2,2,2,2,2,2,3,3,3,2,2,2,7,7,7,7,7,7,7,7,8,8,8,8,8,8,8,8","0.00110292434692383","fast_greedy","edit-xhwikibooks.graphml"
"0.55","0.01","0.44","0.724977777777778","1,1,1,1,1,4,1,4,4,9,1,3,4,4,4,5,9,1,7,3,2,6,4,4,4,4,4,5,1,9,1,7,3,3,7,7,8,4,2,2,2,2,6,6,6,6,2,6,6,6,2,2,2,2,2,6,6,6,6,2,4,2,2,4,4,2,2,2,2,2,6,2,4,4,2,2,2,2,2,2,2,4,5,5,5,1,2,2,2,2,9,1,7,2,2,2,5,2,2,2,2,2,2,2,2,2,2,3,3,3,2,2,2,7,7,7,7,7,7,7,7,8,8,8,8,8,8,8,8","0.000999927520751953","fast_greedy","edit-xhwikibooks.graphml"
"0.54","0.02","0.44","0.724977777777778","1,1,1,1,1,4,1,4,4,9,1,3,4,4,4,5,9,1,7,3,2,6,4,4,4,4,4,5,1,9,1,7,3,3,7,7,8,4,2,2,2,2,6,6,6,6,2,6,6,6,2,2,2,2,2,6,6,6,6,2,4,2,2,4,4,2,2,2,2,2,6,2,4,4,2,2,2,2,2,2,2,4,5,5,5,1,2,2,2,2,9,1,7,2,2,2,5,2,2,2,2,2,2,2,2,2,2,3,3,3,2,2,2,7,7,7,7,7,7,7,7,8,8,8,8,8,8,8,8","0.000997066497802734","fast_greedy","edit-xhwikibooks.graphml"
"0.53","0.03","0.44","0.724977777777778","1,1,1,1,1,4,1,4,4,9,1,3,4,4,4,5,9,1,7,3,2,6,4,4,4,4,4,5,1,9,1,7,3,3,7,7,8,4,2,2,2,2,6,6,6,6,2,6,6,6,2,2,2,2,2,6,6,6,6,2,4,2,2,4,4,2,2,2,2,2,6,2,4,4,2,2,2,2,2,2,2,4,5,5,5,1,2,2,2,2,9,1,7,2,2,2,5,2,2,2,2,2,2,2,2,2,2,3,3,3,2,2,2,7,7,7,7,7,7,7,7,8,8,8,8,8,8,8,8","0.00100588798522949","fast_greedy","edit-xhwikibooks.graphml"
"0.52","0.04","0.44","0.724977777777778","1,1,1,1,1,4,1,4,4,9,1,3,4,4,4,5,9,1,7,3,2,6,4,4,4,4,4,5,1,9,1,7,3,3,7,7,8,4,2,2,2,2,6,6,6,6,2,6,6,6,2,2,2,2,2,6,6,6,6,2,4,2,2,4,4,2,2,2,2,2,6,2,4,4,2,2,2,2,2,2,2,4,5,5,5,1,2,2,2,2,9,1,7,2,2,2,5,2,2,2,2,2,2,2,2,2,2,3,3,3,2,2,2,7,7,7,7,7,7,7,7,8,8,8,8,8,8,8,8","0.000977993011474609","fast_greedy","edit-xhwikibooks.graphml"
"0.51","0.05","0.44","0.724977777777778","1,1,1,1,1,4,1,4,4,9,1,3,4,4,4,5,9,1,7,3,2,6,4,4,4,4,4,5,1,9,1,7,3,3,7,7,8,4,2,2,2,2,6,6,6,6,2,6,6,6,2,2,2,2,2,6,6,6,6,2,4,2,2,4,4,2,2,2,2,2,6,2,4,4,2,2,2,2,2,2,2,4,5,5,5,1,2,2,2,2,9,1,7,2,2,2,5,2,2,2,2,2,2,2,2,2,2,3,3,3,2,2,2,7,7,7,7,7,7,7,7,8,8,8,8,8,8,8,8","0.000897884368896484","fast_greedy","edit-xhwikibooks.graphml"
"0.5","0.06","0.44","0.724977777777778","1,1,1,1,1,4,1,4,4,9,1,3,4,4,4,5,9,1,7,3,2,6,4,4,4,4,4,5,1,9,1,7,3,3,7,7,8,4,2,2,2,2,6,6,6,6,2,6,6,6,2,2,2,2,2,6,6,6,6,2,4,2,2,4,4,2,2,2,2,2,6,2,4,4,2,2,2,2,2,2,2,4,5,5,5,1,2,2,2,2,9,1,7,2,2,2,5,2,2,2,2,2,2,2,2,2,2,3,3,3,2,2,2,7,7,7,7,7,7,7,7,8,8,8,8,8,8,8,8","0.000901937484741211","fast_greedy","edit-xhwikibooks.graphml"
"0.49","0.07","0.44","0.724977777777778","1,1,1,1,1,4,1,4,4,9,1,3,4,4,4,5,9,1,7,3,2,6,4,4,4,4,4,5,1,9,1,7,3,3,7,7,8,4,2,2,2,2,6,6,6,6,2,6,6,6,2,2,2,2,2,6,6,6,6,2,4,2,2,4,4,2,2,2,2,2,6,2,4,4,2,2,2,2,2,2,2,4,5,5,5,1,2,2,2,2,9,1,7,2,2,2,5,2,2,2,2,2,2,2,2,2,2,3,3,3,2,2,2,7,7,7,7,7,7,7,7,8,8,8,8,8,8,8,8","0.000890970230102539","fast_greedy","edit-xhwikibooks.graphml"
"0.48","0.08","0.44","0.724977777777778","1,1,1,1,1,4,1,4,4,9,1,3,4,4,4,5,9,1,7,3,2,6,4,4,4,4,4,5,1,9,1,7,3,3,7,7,8,4,2,2,2,2,6,6,6,6,2,6,6,6,2,2,2,2,2,6,6,6,6,2,4,2,2,4,4,2,2,2,2,2,6,2,4,4,2,2,2,2,2,2,2,4,5,5,5,1,2,2,2,2,9,1,7,2,2,2,5,2,2,2,2,2,2,2,2,2,2,3,3,3,2,2,2,7,7,7,7,7,7,7,7,8,8,8,8,8,8,8,8","0.000905036926269531","fast_greedy","edit-xhwikibooks.graphml"
"0.47","0.09","0.44","0.724977777777778","1,1,1,1,1,4,1,4,4,9,1,3,4,4,4,5,9,1,7,3,2,6,4,4,4,4,4,5,1,9,1,7,3,3,7,7,8,4,2,2,2,2,6,6,6,6,2,6,6,6,2,2,2,2,2,6,6,6,6,2,4,2,2,4,4,2,2,2,2,2,6,2,4,4,2,2,2,2,2,2,2,4,5,5,5,1,2,2,2,2,9,1,7,2,2,2,5,2,2,2,2,2,2,2,2,2,2,3,3,3,2,2,2,7,7,7,7,7,7,7,7,8,8,8,8,8,8,8,8","0.000987052917480469","fast_greedy","edit-xhwikibooks.graphml"
"0.46","0.1","0.44","0.724977777777778","1,1,1,1,1,4,1,4,4,9,1,3,4,4,4,5,9,1,7,3,2,6,4,4,4,4,4,5,1,9,1,7,3,3,7,7,8,4,2,2,2,2,6,6,6,6,2,6,6,6,2,2,2,2,2,6,6,6,6,2,4,2,2,4,4,2,2,2,2,2,6,2,4,4,2,2,2,2,2,2,2,4,5,5,5,1,2,2,2,2,9,1,7,2,2,2,5,2,2,2,2,2,2,2,2,2,2,3,3,3,2,2,2,7,7,7,7,7,7,7,7,8,8,8,8,8,8,8,8","0.000909090042114258","fast_greedy","edit-xhwikibooks.graphml"
"0.45","0.11","0.44","0.724977777777778","1,1,1,1,1,4,1,4,4,9,1,3,4,4,4,5,9,1,7,3,2,6,4,4,4,4,4,5,1,9,1,7,3,3,7,7,8,4,2,2,2,2,6,6,6,6,2,6,6,6,2,2,2,2,2,6,6,6,6,2,4,2,2,4,4,2,2,2,2,2,6,2,4,4,2,2,2,2,2,2,2,4,5,5,5,1,2,2,2,2,9,1,7,2,2,2,5,2,2,2,2,2,2,2,2,2,2,3,3,3,2,2,2,7,7,7,7,7,7,7,7,8,8,8,8,8,8,8,8","0.000918865203857422","fast_greedy","edit-xhwikibooks.graphml"
"0.44","0.12","0.44","0.724977777777778","1,1,1,1,1,4,1,4,4,9,1,3,4,4,4,5,9,1,7,3,2,6,4,4,4,4,4,5,1,9,1,7,3,3,7,7,8,4,2,2,2,2,6,6,6,6,2,6,6,6,2,2,2,2,2,6,6,6,6,2,4,2,2,4,4,2,2,2,2,2,6,2,4,4,2,2,2,2,2,2,2,4,5,5,5,1,2,2,2,2,9,1,7,2,2,2,5,2,2,2,2,2,2,2,2,2,2,3,3,3,2,2,2,7,7,7,7,7,7,7,7,8,8,8,8,8,8,8,8","0.000926017761230469","fast_greedy","edit-xhwikibooks.graphml"
"0.43","0.13","0.44","0.724977777777778","1,1,1,1,1,4,1,4,4,9,1,3,4,4,4,5,9,1,7,3,2,6,4,4,4,4,4,5,1,9,1,7,3,3,7,7,8,4,2,2,2,2,6,6,6,6,2,6,6,6,2,2,2,2,2,6,6,6,6,2,4,2,2,4,4,2,2,2,2,2,6,2,4,4,2,2,2,2,2,2,2,4,5,5,5,1,2,2,2,2,9,1,7,2,2,2,5,2,2,2,2,2,2,2,2,2,2,3,3,3,2,2,2,7,7,7,7,7,7,7,7,8,8,8,8,8,8,8,8","0.000926971435546875","fast_greedy","edit-xhwikibooks.graphml"
"0.42","0.14","0.44","0.724977777777778","1,1,1,1,1,4,1,4,4,9,1,3,4,4,4,5,9,1,7,3,2,6,4,4,4,4,4,5,1,9,1,7,3,3,7,7,8,4,2,2,2,2,6,6,6,6,2,6,6,6,2,2,2,2,2,6,6,6,6,2,4,2,2,4,4,2,2,2,2,2,6,2,4,4,2,2,2,2,2,2,2,4,5,5,5,1,2,2,2,2,9,1,7,2,2,2,5,2,2,2,2,2,2,2,2,2,2,3,3,3,2,2,2,7,7,7,7,7,7,7,7,8,8,8,8,8,8,8,8","0.000944137573242188","fast_greedy","edit-xhwikibooks.graphml"
"0.41","0.15","0.44","0.724977777777778","1,1,1,1,1,4,1,4,4,9,1,3,4,4,4,5,9,1,7,3,2,6,4,4,4,4,4,5,1,9,1,7,3,3,7,7,8,4,2,2,2,2,6,6,6,6,2,6,6,6,2,2,2,2,2,6,6,6,6,2,4,2,2,4,4,2,2,2,2,2,6,2,4,4,2,2,2,2,2,2,2,4,5,5,5,1,2,2,2,2,9,1,7,2,2,2,5,2,2,2,2,2,2,2,2,2,2,3,3,3,2,2,2,7,7,7,7,7,7,7,7,8,8,8,8,8,8,8,8","0.000982046127319336","fast_greedy","edit-xhwikibooks.graphml"
"0.4","0.16","0.44","0.724977777777778","1,1,1,1,1,4,1,4,4,9,1,3,4,4,4,5,9,1,7,3,2,6,4,4,4,4,4,5,1,9,1,7,3,3,7,7,8,4,2,2,2,2,6,6,6,6,2,6,6,6,2,2,2,2,2,6,6,6,6,2,4,2,2,4,4,2,2,2,2,2,6,2,4,4,2,2,2,2,2,2,2,4,5,5,5,1,2,2,2,2,9,1,7,2,2,2,5,2,2,2,2,2,2,2,2,2,2,3,3,3,2,2,2,7,7,7,7,7,7,7,7,8,8,8,8,8,8,8,8","0.000967979431152344","fast_greedy","edit-xhwikibooks.graphml"
"0.39","0.17","0.44","0.726020788561905","1,1,1,1,1,4,1,4,4,9,1,3,4,4,4,5,9,1,7,3,2,6,4,4,4,4,4,5,1,9,1,7,3,3,7,7,8,4,2,2,2,2,6,6,6,6,2,6,6,6,2,2,2,2,2,6,6,6,6,2,4,2,2,4,4,2,2,2,2,2,6,2,4,4,2,2,2,2,2,2,2,4,5,5,5,1,2,2,2,2,9,1,7,2,2,2,5,2,2,2,2,2,2,2,2,2,2,3,3,3,2,2,2,7,7,7,7,7,7,7,7,8,8,8,8,8,8,8,8","0.000948190689086914","fast_greedy","edit-xhwikibooks.graphml"
"0.38","0.18","0.44","0.726020788561905","1,1,1,1,1,4,1,4,4,9,1,3,4,4,4,5,9,1,7,3,2,6,4,4,4,4,4,5,1,9,1,7,3,3,7,7,8,4,2,2,2,2,6,6,6,6,2,6,6,6,2,2,2,2,2,6,6,6,6,2,4,2,2,4,4,2,2,2,2,2,6,2,4,4,2,2,2,2,2,2,2,4,5,5,5,1,2,2,2,2,9,1,7,2,2,2,5,2,2,2,2,2,2,2,2,2,2,3,3,3,2,2,2,7,7,7,7,7,7,7,7,8,8,8,8,8,8,8,8","0.00105905532836914","fast_greedy","edit-xhwikibooks.graphml"
"0.37","0.19","0.44","0.726020788561905","1,1,1,1,1,4,1,4,4,9,1,3,4,4,4,5,9,1,7,3,2,6,4,4,4,4,4,5,1,9,1,7,3,3,7,7,8,4,2,2,2,2,6,6,6,6,2,6,6,6,2,2,2,2,2,6,6,6,6,2,4,2,2,4,4,2,2,2,2,2,6,2,4,4,2,2,2,2,2,2,2,4,5,5,5,1,2,2,2,2,9,1,7,2,2,2,5,2,2,2,2,2,2,2,2,2,2,3,3,3,2,2,2,7,7,7,7,7,7,7,7,8,8,8,8,8,8,8,8","0.000930070877075195","fast_greedy","edit-xhwikibooks.graphml"
"0.36","0.2","0.44","0.726020788561905","1,1,1,1,1,4,1,4,4,9,1,3,4,4,4,5,9,1,7,3,2,6,4,4,4,4,4,5,1,9,1,7,3,3,7,7,8,4,2,2,2,2,6,6,6,6,2,6,6,6,2,2,2,2,2,6,6,6,6,2,4,2,2,4,4,2,2,2,2,2,6,2,4,4,2,2,2,2,2,2,2,4,5,5,5,1,2,2,2,2,9,1,7,2,2,2,5,2,2,2,2,2,2,2,2,2,2,3,3,3,2,2,2,7,7,7,7,7,7,7,7,8,8,8,8,8,8,8,8","0.000936985015869141","fast_greedy","edit-xhwikibooks.graphml"
"0.35","0.21","0.44","0.726020788561905","1,1,1,1,1,4,1,4,4,9,1,3,4,4,4,5,9,1,7,3,2,6,4,4,4,4,4,5,1,9,1,7,3,3,7,7,8,4,2,2,2,2,6,6,6,6,2,6,6,6,2,2,2,2,2,6,6,6,6,2,4,2,2,4,4,2,2,2,2,2,6,2,4,4,2,2,2,2,2,2,2,4,5,5,5,1,2,2,2,2,9,1,7,2,2,2,5,2,2,2,2,2,2,2,2,2,2,3,3,3,2,2,2,7,7,7,7,7,7,7,7,8,8,8,8,8,8,8,8","0.001007080078125","fast_greedy","edit-xhwikibooks.graphml"
"0.34","0.22","0.44","0.726020788561905","1,1,1,1,1,4,1,4,4,9,1,3,4,4,4,5,9,1,7,3,2,6,4,4,4,4,4,5,1,9,1,7,3,3,7,7,8,4,2,2,2,2,6,6,6,6,2,6,6,6,2,2,2,2,2,6,6,6,6,2,4,2,2,4,4,2,2,2,2,2,6,2,4,4,2,2,2,2,2,2,2,4,5,5,5,1,2,2,2,2,9,1,7,2,2,2,5,2,2,2,2,2,2,2,2,2,2,3,3,3,2,2,2,7,7,7,7,7,7,7,7,8,8,8,8,8,8,8,8","0.000936031341552734","fast_greedy","edit-xhwikibooks.graphml"
"0.33","0.23","0.44","0.726020788561905","1,1,1,1,1,4,1,4,4,9,1,3,4,4,4,5,9,1,7,3,2,6,4,4,4,4,4,5,1,9,1,7,3,3,7,7,8,4,2,2,2,2,6,6,6,6,2,6,6,6,2,2,2,2,2,6,6,6,6,2,4,2,2,4,4,2,2,2,2,2,6,2,4,4,2,2,2,2,2,2,2,4,5,5,5,1,2,2,2,2,9,1,7,2,2,2,5,2,2,2,2,2,2,2,2,2,2,3,3,3,2,2,2,7,7,7,7,7,7,7,7,8,8,8,8,8,8,8,8","0.000927209854125977","fast_greedy","edit-xhwikibooks.graphml"
"0.32","0.24","0.44","0.726020788561905","1,1,1,1,1,4,1,4,4,9,1,3,4,4,4,5,9,1,7,3,2,6,4,4,4,4,4,5,1,9,1,7,3,3,7,7,8,4,2,2,2,2,6,6,6,6,2,6,6,6,2,2,2,2,2,6,6,6,6,2,4,2,2,4,4,2,2,2,2,2,6,2,4,4,2,2,2,2,2,2,2,4,5,5,5,1,2,2,2,2,9,1,7,2,2,2,5,2,2,2,2,2,2,2,2,2,2,3,3,3,2,2,2,7,7,7,7,7,7,7,7,8,8,8,8,8,8,8,8","0.000945091247558594","fast_greedy","edit-xhwikibooks.graphml"
"0.31","0.25","0.44","0.726020788561905","1,1,1,1,1,4,1,4,4,9,1,3,4,4,4,5,9,1,7,3,2,6,4,4,4,4,4,5,1,9,1,7,3,3,7,7,8,4,2,2,2,2,6,6,6,6,2,6,6,6,2,2,2,2,2,6,6,6,6,2,4,2,2,4,4,2,2,2,2,2,6,2,4,4,2,2,2,2,2,2,2,4,5,5,5,1,2,2,2,2,9,1,7,2,2,2,5,2,2,2,2,2,2,2,2,2,2,3,3,3,2,2,2,7,7,7,7,7,7,7,7,8,8,8,8,8,8,8,8","0.000952959060668945","fast_greedy","edit-xhwikibooks.graphml"
"0.3","0.26","0.44","0.726020788561905","1,1,1,1,1,4,1,4,4,9,1,3,4,4,4,5,9,1,7,3,2,6,4,4,4,4,4,5,1,9,1,7,3,3,7,7,8,4,2,2,2,2,6,6,6,6,2,6,6,6,2,2,2,2,2,6,6,6,6,2,4,2,2,4,4,2,2,2,2,2,6,2,4,4,2,2,2,2,2,2,2,4,5,5,5,1,2,2,2,2,9,1,7,2,2,2,5,2,2,2,2,2,2,2,2,2,2,3,3,3,2,2,2,7,7,7,7,7,7,7,7,8,8,8,8,8,8,8,8","0.000945806503295898","fast_greedy","edit-xhwikibooks.graphml"
"0.29","0.27","0.44","0.726020788561905","1,1,1,1,1,4,1,4,4,9,1,3,4,4,4,5,9,1,7,3,2,6,4,4,4,4,4,5,1,9,1,7,3,3,7,7,8,4,2,2,2,2,6,6,6,6,2,6,6,6,2,2,2,2,2,6,6,6,6,2,4,2,2,4,4,2,2,2,2,2,6,2,4,4,2,2,2,2,2,2,2,4,5,5,5,1,2,2,2,2,9,1,7,2,2,2,5,2,2,2,2,2,2,2,2,2,2,3,3,3,2,2,2,7,7,7,7,7,7,7,7,8,8,8,8,8,8,8,8","0.00094914436340332","fast_greedy","edit-xhwikibooks.graphml"
"0.28","0.28","0.44","0.726020788561905","1,1,1,1,1,4,1,4,4,9,1,3,4,4,4,5,9,1,7,3,2,6,4,4,4,4,4,5,1,9,1,7,3,3,7,7,8,4,2,2,2,2,6,6,6,6,2,6,6,6,2,2,2,2,2,6,6,6,6,2,4,2,2,4,4,2,2,2,2,2,6,2,4,4,2,2,2,2,2,2,2,4,5,5,5,1,2,2,2,2,9,1,7,2,2,2,5,2,2,2,2,2,2,2,2,2,2,3,3,3,2,2,2,7,7,7,7,7,7,7,7,8,8,8,8,8,8,8,8","0.000979900360107422","fast_greedy","edit-xhwikibooks.graphml"
"0.27","0.29","0.44","0.726020788561905","1,1,1,1,1,4,1,4,4,9,1,3,4,4,4,5,9,1,7,3,2,6,4,4,4,4,4,5,1,9,1,7,3,3,7,7,8,4,2,2,2,2,6,6,6,6,2,6,6,6,2,2,2,2,2,6,6,6,6,2,4,2,2,4,4,2,2,2,2,2,6,2,4,4,2,2,2,2,2,2,2,4,5,5,5,1,2,2,2,2,9,1,7,2,2,2,5,2,2,2,2,2,2,2,2,2,2,3,3,3,2,2,2,7,7,7,7,7,7,7,7,8,8,8,8,8,8,8,8","0.00124192237854004","fast_greedy","edit-xhwikibooks.graphml"
"0.26","0.3","0.44","0.726020788561905","1,1,1,1,1,4,1,4,4,9,1,3,4,4,4,5,9,1,7,3,2,6,4,4,4,4,4,5,1,9,1,7,3,3,7,7,8,4,2,2,2,2,6,6,6,6,2,6,6,6,2,2,2,2,2,6,6,6,6,2,4,2,2,4,4,2,2,2,2,2,6,2,4,4,2,2,2,2,2,2,2,4,5,5,5,1,2,2,2,2,9,1,7,2,2,2,5,2,2,2,2,2,2,2,2,2,2,3,3,3,2,2,2,7,7,7,7,7,7,7,7,8,8,8,8,8,8,8,8","0.000908851623535156","fast_greedy","edit-xhwikibooks.graphml"
"0.25","0.31","0.44","0.726020788561905","1,1,1,1,1,4,1,4,4,9,1,3,4,4,4,5,9,1,7,3,2,6,4,4,4,4,4,5,1,9,1,7,3,3,7,7,8,4,2,2,2,2,6,6,6,6,2,6,6,6,2,2,2,2,2,6,6,6,6,2,4,2,2,4,4,2,2,2,2,2,6,2,4,4,2,2,2,2,2,2,2,4,5,5,5,1,2,2,2,2,9,1,7,2,2,2,5,2,2,2,2,2,2,2,2,2,2,3,3,3,2,2,2,7,7,7,7,7,7,7,7,8,8,8,8,8,8,8,8","0.000933170318603516","fast_greedy","edit-xhwikibooks.graphml"
"0.24","0.32","0.44","0.726020788561905","1,1,1,1,1,4,1,4,4,9,1,3,4,4,4,5,9,1,7,3,2,6,4,4,4,4,4,5,1,9,1,7,3,3,7,7,8,4,2,2,2,2,6,6,6,6,2,6,6,6,2,2,2,2,2,6,6,6,6,2,4,2,2,4,4,2,2,2,2,2,6,2,4,4,2,2,2,2,2,2,2,4,5,5,5,1,2,2,2,2,9,1,7,2,2,2,5,2,2,2,2,2,2,2,2,2,2,3,3,3,2,2,2,7,7,7,7,7,7,7,7,8,8,8,8,8,8,8,8","0.000943899154663086","fast_greedy","edit-xhwikibooks.graphml"
"0.23","0.33","0.44","0.726020788561905","1,1,1,1,1,4,1,4,4,9,1,3,4,4,4,5,9,1,7,3,2,6,4,4,4,4,4,5,1,9,1,7,3,3,7,7,8,4,2,2,2,2,6,6,6,6,2,6,6,6,2,2,2,2,2,6,6,6,6,2,4,2,2,4,4,2,2,2,2,2,6,2,4,4,2,2,2,2,2,2,2,4,5,5,5,1,2,2,2,2,9,1,7,2,2,2,5,2,2,2,2,2,2,2,2,2,2,3,3,3,2,2,2,7,7,7,7,7,7,7,7,8,8,8,8,8,8,8,8","0.000914812088012695","fast_greedy","edit-xhwikibooks.graphml"
"0.22","0.34","0.44","0.726411011080332","1,1,1,1,1,5,1,5,5,9,1,3,5,5,5,4,9,1,7,3,2,6,5,5,5,5,5,4,1,9,1,7,3,3,7,7,8,5,2,2,2,2,6,6,6,6,2,6,6,6,2,2,2,2,2,6,6,6,6,2,5,2,2,5,5,2,2,2,2,2,6,2,5,5,2,2,2,2,2,2,2,5,4,4,4,1,2,2,2,2,9,1,7,2,2,2,4,2,2,2,2,2,2,2,2,2,2,3,3,3,2,2,2,7,7,7,7,7,7,7,7,8,8,8,8,8,8,8,8","0.000926971435546875","fast_greedy","edit-xhwikibooks.graphml"
"0.21","0.35","0.44","0.726411011080332","1,1,1,1,1,5,1,5,5,9,1,3,5,5,5,4,9,1,7,3,2,6,5,5,5,5,5,4,1,9,1,7,3,3,7,7,8,5,2,2,2,2,6,6,6,6,2,6,6,6,2,2,2,2,2,6,6,6,6,2,5,2,2,5,5,2,2,2,2,2,6,2,5,5,2,2,2,2,2,2,2,5,4,4,4,1,2,2,2,2,9,1,7,2,2,2,4,2,2,2,2,2,2,2,2,2,2,3,3,3,2,2,2,7,7,7,7,7,7,7,7,8,8,8,8,8,8,8,8","0.000940799713134766","fast_greedy","edit-xhwikibooks.graphml"
"0.2","0.36","0.44","0.726411011080332","1,1,1,1,1,5,1,5,5,9,1,3,5,5,5,4,9,1,7,3,2,6,5,5,5,5,5,4,1,9,1,7,3,3,7,7,8,5,2,2,2,2,6,6,6,6,2,6,6,6,2,2,2,2,2,6,6,6,6,2,5,2,2,5,5,2,2,2,2,2,6,2,5,5,2,2,2,2,2,2,2,5,4,4,4,1,2,2,2,2,9,1,7,2,2,2,4,2,2,2,2,2,2,2,2,2,2,3,3,3,2,2,2,7,7,7,7,7,7,7,7,8,8,8,8,8,8,8,8","0.000925064086914062","fast_greedy","edit-xhwikibooks.graphml"
"0.19","0.37","0.44","0.726411011080332","1,1,1,1,1,5,1,5,5,9,1,3,5,5,5,4,9,1,7,3,2,6,5,5,5,5,5,4,1,9,1,7,3,3,7,7,8,5,2,2,2,2,6,6,6,6,2,6,6,6,2,2,2,2,2,6,6,6,6,2,5,2,2,5,5,2,2,2,2,2,6,2,5,5,2,2,2,2,2,2,2,5,4,4,4,1,2,2,2,2,9,1,7,2,2,2,4,2,2,2,2,2,2,2,2,2,2,3,3,3,2,2,2,7,7,7,7,7,7,7,7,8,8,8,8,8,8,8,8","0.000960826873779297","fast_greedy","edit-xhwikibooks.graphml"
"0.18","0.38","0.44","0.726411011080332","1,1,1,1,1,5,1,5,5,9,1,3,5,5,5,4,9,1,7,3,2,6,5,5,5,5,5,4,1,9,1,7,3,3,7,7,8,5,2,2,2,2,6,6,6,6,2,6,6,6,2,2,2,2,2,6,6,6,6,2,5,2,2,5,5,2,2,2,2,2,6,2,5,5,2,2,2,2,2,2,2,5,4,4,4,1,2,2,2,2,9,1,7,2,2,2,4,2,2,2,2,2,2,2,2,2,2,3,3,3,2,2,2,7,7,7,7,7,7,7,7,8,8,8,8,8,8,8,8","0.000937938690185547","fast_greedy","edit-xhwikibooks.graphml"
"0.17","0.39","0.44","0.726411011080332","1,1,1,1,1,5,1,5,5,9,1,3,5,5,5,4,9,1,7,3,2,6,5,5,5,5,5,4,1,9,1,7,3,3,7,7,8,5,2,2,2,2,6,6,6,6,2,6,6,6,2,2,2,2,2,6,6,6,6,2,5,2,2,5,5,2,2,2,2,2,6,2,5,5,2,2,2,2,2,2,2,5,4,4,4,1,2,2,2,2,9,1,7,2,2,2,4,2,2,2,2,2,2,2,2,2,2,3,3,3,2,2,2,7,7,7,7,7,7,7,7,8,8,8,8,8,8,8,8","0.00115799903869629","fast_greedy","edit-xhwikibooks.graphml"
"0.16","0.4","0.44","0.726411011080332","1,1,1,1,1,5,1,5,5,9,1,3,5,5,5,4,9,1,7,3,2,6,5,5,5,5,5,4,1,9,1,7,3,3,7,7,8,5,2,2,2,2,6,6,6,6,2,6,6,6,2,2,2,2,2,6,6,6,6,2,5,2,2,5,5,2,2,2,2,2,6,2,5,5,2,2,2,2,2,2,2,5,4,4,4,1,2,2,2,2,9,1,7,2,2,2,4,2,2,2,2,2,2,2,2,2,2,3,3,3,2,2,2,7,7,7,7,7,7,7,7,8,8,8,8,8,8,8,8","0.000955104827880859","fast_greedy","edit-xhwikibooks.graphml"
"0.15","0.41","0.44","0.726411011080332","1,1,1,1,1,5,1,5,5,9,1,3,5,5,5,4,9,1,7,3,2,6,5,5,5,5,5,4,1,9,1,7,3,3,7,7,8,5,2,2,2,2,6,6,6,6,2,6,6,6,2,2,2,2,2,6,6,6,6,2,5,2,2,5,5,2,2,2,2,2,6,2,5,5,2,2,2,2,2,2,2,5,4,4,4,1,2,2,2,2,9,1,7,2,2,2,4,2,2,2,2,2,2,2,2,2,2,3,3,3,2,2,2,7,7,7,7,7,7,7,7,8,8,8,8,8,8,8,8","0.000946998596191406","fast_greedy","edit-xhwikibooks.graphml"
"0.14","0.42","0.44","0.726411011080332","1,1,1,1,1,5,1,5,5,9,1,3,5,5,5,4,9,1,7,3,2,6,5,5,5,5,5,4,1,9,1,7,3,3,7,7,8,5,2,2,2,2,6,6,6,6,2,6,6,6,2,2,2,2,2,6,6,6,6,2,5,2,2,5,5,2,2,2,2,2,6,2,5,5,2,2,2,2,2,2,2,5,4,4,4,1,2,2,2,2,9,1,7,2,2,2,4,2,2,2,2,2,2,2,2,2,2,3,3,3,2,2,2,7,7,7,7,7,7,7,7,8,8,8,8,8,8,8,8","0.000954151153564453","fast_greedy","edit-xhwikibooks.graphml"
"0.13","0.43","0.44","0.726411011080332","1,1,1,1,1,5,1,5,5,9,1,3,5,5,5,4,9,1,7,3,2,6,5,5,5,5,5,4,1,9,1,7,3,3,7,7,8,5,2,2,2,2,6,6,6,6,2,6,6,6,2,2,2,2,2,6,6,6,6,2,5,2,2,5,5,2,2,2,2,2,6,2,5,5,2,2,2,2,2,2,2,5,4,4,4,1,2,2,2,2,9,1,7,2,2,2,4,2,2,2,2,2,2,2,2,2,2,3,3,3,2,2,2,7,7,7,7,7,7,7,7,8,8,8,8,8,8,8,8","0.00093388557434082","fast_greedy","edit-xhwikibooks.graphml"
"0.12","0.44","0.44","0.726411011080332","1,1,1,1,1,5,1,5,5,9,1,3,5,5,5,4,9,1,7,3,2,6,5,5,5,5,5,4,1,9,1,7,3,3,7,7,8,5,2,2,2,2,6,6,6,6,2,6,6,6,2,2,2,2,2,6,6,6,6,2,5,2,2,5,5,2,2,2,2,2,6,2,5,5,2,2,2,2,2,2,2,5,4,4,4,1,2,2,2,2,9,1,7,2,2,2,4,2,2,2,2,2,2,2,2,2,2,3,3,3,2,2,2,7,7,7,7,7,7,7,7,8,8,8,8,8,8,8,8","0.000944137573242188","fast_greedy","edit-xhwikibooks.graphml"
"0.11","0.45","0.44","0.71826553750752","1,1,1,1,1,5,1,5,5,9,1,3,5,5,5,4,9,1,7,3,2,6,5,5,5,5,5,4,1,9,1,7,3,3,7,7,8,5,2,2,2,2,6,6,6,6,2,6,6,6,2,2,2,2,2,6,6,6,6,2,10,2,2,5,5,2,2,2,2,2,6,2,5,5,2,2,2,2,2,2,2,5,4,4,4,11,2,2,2,2,12,13,14,2,2,2,4,2,2,2,2,2,2,2,2,2,2,3,3,3,2,2,2,7,7,7,7,7,7,7,7,8,8,8,8,8,8,8,8","0.000940084457397461","fast_greedy","edit-xhwikibooks.graphml"
"0.1","0.46","0.44","0.71826553750752","1,1,1,1,1,5,1,5,5,9,1,3,5,5,5,4,9,1,7,3,2,6,5,5,5,5,5,4,1,9,1,7,3,3,7,7,8,5,2,2,2,2,6,6,6,6,2,6,6,6,2,2,2,2,2,6,6,6,6,2,10,2,2,5,5,2,2,2,2,2,6,2,5,5,2,2,2,2,2,2,2,5,4,4,4,11,2,2,2,2,12,13,14,2,2,2,4,2,2,2,2,2,2,2,2,2,2,3,3,3,2,2,2,7,7,7,7,7,7,7,7,8,8,8,8,8,8,8,8","0.000941038131713867","fast_greedy","edit-xhwikibooks.graphml"
"0.09","0.47","0.44","0.71826553750752","1,1,1,1,1,5,1,5,5,9,1,3,5,5,5,4,9,1,7,3,2,6,5,5,5,5,5,4,1,9,1,7,3,3,7,7,8,5,2,2,2,2,6,6,6,6,2,6,6,6,2,2,2,2,2,6,6,6,6,2,10,2,2,5,5,2,2,2,2,2,6,2,5,5,2,2,2,2,2,2,2,5,4,4,4,11,2,2,2,2,12,13,14,2,2,2,4,2,2,2,2,2,2,2,2,2,2,3,3,3,2,2,2,7,7,7,7,7,7,7,7,8,8,8,8,8,8,8,8","0.000943899154663086","fast_greedy","edit-xhwikibooks.graphml"
"0.08","0.48","0.44","0.71826553750752","1,1,1,1,1,5,1,5,5,9,1,3,5,5,5,4,9,1,7,3,2,6,5,5,5,5,5,4,1,9,1,7,3,3,7,7,8,5,2,2,2,2,6,6,6,6,2,6,6,6,2,2,2,2,2,6,6,6,6,2,10,2,2,5,5,2,2,2,2,2,6,2,5,5,2,2,2,2,2,2,2,5,4,4,4,11,2,2,2,2,12,13,14,2,2,2,4,2,2,2,2,2,2,2,2,2,2,3,3,3,2,2,2,7,7,7,7,7,7,7,7,8,8,8,8,8,8,8,8","0.000946044921875","fast_greedy","edit-xhwikibooks.graphml"
"0.07","0.49","0.44","0.71826553750752","1,1,1,1,1,5,1,5,5,9,1,3,5,5,5,4,9,1,7,3,2,6,5,5,5,5,5,4,1,9,1,7,3,3,7,7,8,5,2,2,2,2,6,6,6,6,2,6,6,6,2,2,2,2,2,6,6,6,6,2,10,2,2,5,5,2,2,2,2,2,6,2,5,5,2,2,2,2,2,2,2,5,4,4,4,11,2,2,2,2,12,13,14,2,2,2,4,2,2,2,2,2,2,2,2,2,2,3,3,3,2,2,2,7,7,7,7,7,7,7,7,8,8,8,8,8,8,8,8","0.000944852828979492","fast_greedy","edit-xhwikibooks.graphml"
"0.06","0.5","0.44","0.728459249166338","1,1,1,1,1,6,1,6,6,9,1,3,6,6,6,4,9,1,7,3,2,5,6,6,6,6,6,4,1,9,1,7,3,3,7,7,8,6,2,2,2,2,5,5,5,5,2,5,5,5,2,2,2,2,2,5,5,5,5,2,10,2,2,6,6,2,2,2,2,2,5,2,6,6,2,2,2,2,2,2,2,6,4,4,4,11,2,2,2,2,12,13,14,2,2,2,4,2,2,2,2,2,2,2,2,2,2,3,3,3,2,2,2,7,7,7,7,7,7,7,7,8,8,8,8,8,8,8,8","0.00127005577087402","fast_greedy","edit-xhwikibooks.graphml"
"0.05","0.51","0.44","0.728459249166338","1,1,1,1,1,6,1,6,6,9,1,3,6,6,6,4,9,1,7,3,2,5,6,6,6,6,6,4,1,9,1,7,3,3,7,7,8,6,2,2,2,2,5,5,5,5,2,5,5,5,2,2,2,2,2,5,5,5,5,2,10,2,2,6,6,2,2,2,2,2,5,2,6,6,2,2,2,2,2,2,2,6,4,4,4,11,2,2,2,2,12,13,14,2,2,2,4,2,2,2,2,2,2,2,2,2,2,3,3,3,2,2,2,7,7,7,7,7,7,7,7,8,8,8,8,8,8,8,8","0.00100994110107422","fast_greedy","edit-xhwikibooks.graphml"
"0.04","0.52","0.44","0.728459249166338","1,1,1,1,1,6,1,6,6,9,1,3,6,6,6,4,9,1,7,3,2,5,6,6,6,6,6,4,1,9,1,7,3,3,7,7,8,6,2,2,2,2,5,5,5,5,2,5,5,5,2,2,2,2,2,5,5,5,5,2,10,2,2,6,6,2,2,2,2,2,5,2,6,6,2,2,2,2,2,2,2,6,4,4,4,11,2,2,2,2,12,13,14,2,2,2,4,2,2,2,2,2,2,2,2,2,2,3,3,3,2,2,2,7,7,7,7,7,7,7,7,8,8,8,8,8,8,8,8","0.000982999801635742","fast_greedy","edit-xhwikibooks.graphml"
"0.03","0.53","0.44","0.728459249166338","1,1,1,1,1,6,1,6,6,9,1,3,6,6,6,4,9,1,7,3,2,5,6,6,6,6,6,4,1,9,1,7,3,3,7,7,8,6,2,2,2,2,5,5,5,5,2,5,5,5,2,2,2,2,2,5,5,5,5,2,10,2,2,6,6,2,2,2,2,2,5,2,6,6,2,2,2,2,2,2,2,6,4,4,4,11,2,2,2,2,12,13,14,2,2,2,4,2,2,2,2,2,2,2,2,2,2,3,3,3,2,2,2,7,7,7,7,7,7,7,7,8,8,8,8,8,8,8,8","0.000988006591796875","fast_greedy","edit-xhwikibooks.graphml"
"0.02","0.54","0.44","0.728459249166338","1,1,1,1,1,6,1,6,6,9,1,3,6,6,6,4,9,1,7,3,2,5,6,6,6,6,6,4,1,9,1,7,3,3,7,7,8,6,2,2,2,2,5,5,5,5,2,5,5,5,2,2,2,2,2,5,5,5,5,2,10,2,2,6,6,2,2,2,2,2,5,2,6,6,2,2,2,2,2,2,2,6,4,4,4,11,2,2,2,2,12,13,14,2,2,2,4,2,2,2,2,2,2,2,2,2,2,3,3,3,2,2,2,7,7,7,7,7,7,7,7,8,8,8,8,8,8,8,8","0.00101089477539062","fast_greedy","edit-xhwikibooks.graphml"
"0.01","0.55","0.44","0.728459249166338","1,1,1,1,1,6,1,6,6,9,1,3,6,6,6,4,9,1,7,3,2,5,6,6,6,6,6,4,1,9,1,7,3,3,7,7,8,6,2,2,2,2,5,5,5,5,2,5,5,5,2,2,2,2,2,5,5,5,5,2,10,2,2,6,6,2,2,2,2,2,5,2,6,6,2,2,2,2,2,2,2,6,4,4,4,11,2,2,2,2,12,13,14,2,2,2,4,2,2,2,2,2,2,2,2,2,2,3,3,3,2,2,2,7,7,7,7,7,7,7,7,8,8,8,8,8,8,8,8","0.000929117202758789","fast_greedy","edit-xhwikibooks.graphml"
"0","0.56","0.44","0.72014136609856","1,1,1,1,1,1,2,1,6,1,2,2,6,6,6,4,1,2,7,2,3,5,6,6,6,6,6,4,1,1,2,7,2,2,7,7,8,6,3,3,3,3,5,5,5,5,3,5,5,5,3,3,3,3,3,5,5,5,5,3,9,3,3,6,6,3,3,3,3,3,5,3,6,6,3,3,3,3,3,3,3,6,4,4,4,10,3,3,3,3,11,12,13,3,3,3,4,3,3,3,3,3,3,3,3,3,3,2,2,2,3,3,3,7,7,7,7,7,7,7,7,8,8,8,8,8,8,8,8","0.000990152359008789","fast_greedy","edit-xhwikibooks.graphml"
"0.55","0","0.45","0.724977777777778","1,1,1,1,1,4,1,4,4,9,1,3,4,4,4,5,9,1,7,3,2,6,4,4,4,4,4,5,1,9,1,7,3,3,7,7,8,4,2,2,2,2,6,6,6,6,2,6,6,6,2,2,2,2,2,6,6,6,6,2,4,2,2,4,4,2,2,2,2,2,6,2,4,4,2,2,2,2,2,2,2,4,5,5,5,1,2,2,2,2,9,1,7,2,2,2,5,2,2,2,2,2,2,2,2,2,2,3,3,3,2,2,2,7,7,7,7,7,7,7,7,8,8,8,8,8,8,8,8","0.000946044921875","fast_greedy","edit-xhwikibooks.graphml"
"0.54","0.01","0.45","0.724977777777778","1,1,1,1,1,4,1,4,4,9,1,3,4,4,4,5,9,1,7,3,2,6,4,4,4,4,4,5,1,9,1,7,3,3,7,7,8,4,2,2,2,2,6,6,6,6,2,6,6,6,2,2,2,2,2,6,6,6,6,2,4,2,2,4,4,2,2,2,2,2,6,2,4,4,2,2,2,2,2,2,2,4,5,5,5,1,2,2,2,2,9,1,7,2,2,2,5,2,2,2,2,2,2,2,2,2,2,3,3,3,2,2,2,7,7,7,7,7,7,7,7,8,8,8,8,8,8,8,8","0.000978946685791016","fast_greedy","edit-xhwikibooks.graphml"
"0.53","0.02","0.45","0.724977777777778","1,1,1,1,1,4,1,4,4,9,1,3,4,4,4,5,9,1,7,3,2,6,4,4,4,4,4,5,1,9,1,7,3,3,7,7,8,4,2,2,2,2,6,6,6,6,2,6,6,6,2,2,2,2,2,6,6,6,6,2,4,2,2,4,4,2,2,2,2,2,6,2,4,4,2,2,2,2,2,2,2,4,5,5,5,1,2,2,2,2,9,1,7,2,2,2,5,2,2,2,2,2,2,2,2,2,2,3,3,3,2,2,2,7,7,7,7,7,7,7,7,8,8,8,8,8,8,8,8","0.000992059707641602","fast_greedy","edit-xhwikibooks.graphml"
"0.52","0.03","0.45","0.724977777777778","1,1,1,1,1,4,1,4,4,9,1,3,4,4,4,5,9,1,7,3,2,6,4,4,4,4,4,5,1,9,1,7,3,3,7,7,8,4,2,2,2,2,6,6,6,6,2,6,6,6,2,2,2,2,2,6,6,6,6,2,4,2,2,4,4,2,2,2,2,2,6,2,4,4,2,2,2,2,2,2,2,4,5,5,5,1,2,2,2,2,9,1,7,2,2,2,5,2,2,2,2,2,2,2,2,2,2,3,3,3,2,2,2,7,7,7,7,7,7,7,7,8,8,8,8,8,8,8,8","0.0010368824005127","fast_greedy","edit-xhwikibooks.graphml"
"0.51","0.04","0.45","0.724977777777778","1,1,1,1,1,4,1,4,4,9,1,3,4,4,4,5,9,1,7,3,2,6,4,4,4,4,4,5,1,9,1,7,3,3,7,7,8,4,2,2,2,2,6,6,6,6,2,6,6,6,2,2,2,2,2,6,6,6,6,2,4,2,2,4,4,2,2,2,2,2,6,2,4,4,2,2,2,2,2,2,2,4,5,5,5,1,2,2,2,2,9,1,7,2,2,2,5,2,2,2,2,2,2,2,2,2,2,3,3,3,2,2,2,7,7,7,7,7,7,7,7,8,8,8,8,8,8,8,8","0.000961065292358398","fast_greedy","edit-xhwikibooks.graphml"
"0.5","0.05","0.45","0.724977777777778","1,1,1,1,1,4,1,4,4,9,1,3,4,4,4,5,9,1,7,3,2,6,4,4,4,4,4,5,1,9,1,7,3,3,7,7,8,4,2,2,2,2,6,6,6,6,2,6,6,6,2,2,2,2,2,6,6,6,6,2,4,2,2,4,4,2,2,2,2,2,6,2,4,4,2,2,2,2,2,2,2,4,5,5,5,1,2,2,2,2,9,1,7,2,2,2,5,2,2,2,2,2,2,2,2,2,2,3,3,3,2,2,2,7,7,7,7,7,7,7,7,8,8,8,8,8,8,8,8","0.00096583366394043","fast_greedy","edit-xhwikibooks.graphml"
"0.49","0.06","0.45","0.724977777777778","1,1,1,1,1,4,1,4,4,9,1,3,4,4,4,5,9,1,7,3,2,6,4,4,4,4,4,5,1,9,1,7,3,3,7,7,8,4,2,2,2,2,6,6,6,6,2,6,6,6,2,2,2,2,2,6,6,6,6,2,4,2,2,4,4,2,2,2,2,2,6,2,4,4,2,2,2,2,2,2,2,4,5,5,5,1,2,2,2,2,9,1,7,2,2,2,5,2,2,2,2,2,2,2,2,2,2,3,3,3,2,2,2,7,7,7,7,7,7,7,7,8,8,8,8,8,8,8,8","0.00098109245300293","fast_greedy","edit-xhwikibooks.graphml"
"0.48","0.07","0.45","0.724977777777778","1,1,1,1,1,4,1,4,4,9,1,3,4,4,4,5,9,1,7,3,2,6,4,4,4,4,4,5,1,9,1,7,3,3,7,7,8,4,2,2,2,2,6,6,6,6,2,6,6,6,2,2,2,2,2,6,6,6,6,2,4,2,2,4,4,2,2,2,2,2,6,2,4,4,2,2,2,2,2,2,2,4,5,5,5,1,2,2,2,2,9,1,7,2,2,2,5,2,2,2,2,2,2,2,2,2,2,3,3,3,2,2,2,7,7,7,7,7,7,7,7,8,8,8,8,8,8,8,8","0.000980854034423828","fast_greedy","edit-xhwikibooks.graphml"
"0.47","0.08","0.45","0.724977777777778","1,1,1,1,1,4,1,4,4,9,1,3,4,4,4,5,9,1,7,3,2,6,4,4,4,4,4,5,1,9,1,7,3,3,7,7,8,4,2,2,2,2,6,6,6,6,2,6,6,6,2,2,2,2,2,6,6,6,6,2,4,2,2,4,4,2,2,2,2,2,6,2,4,4,2,2,2,2,2,2,2,4,5,5,5,1,2,2,2,2,9,1,7,2,2,2,5,2,2,2,2,2,2,2,2,2,2,3,3,3,2,2,2,7,7,7,7,7,7,7,7,8,8,8,8,8,8,8,8","0.000977993011474609","fast_greedy","edit-xhwikibooks.graphml"
"0.46","0.09","0.45","0.724977777777778","1,1,1,1,1,4,1,4,4,9,1,3,4,4,4,5,9,1,7,3,2,6,4,4,4,4,4,5,1,9,1,7,3,3,7,7,8,4,2,2,2,2,6,6,6,6,2,6,6,6,2,2,2,2,2,6,6,6,6,2,4,2,2,4,4,2,2,2,2,2,6,2,4,4,2,2,2,2,2,2,2,4,5,5,5,1,2,2,2,2,9,1,7,2,2,2,5,2,2,2,2,2,2,2,2,2,2,3,3,3,2,2,2,7,7,7,7,7,7,7,7,8,8,8,8,8,8,8,8","0.00101089477539062","fast_greedy","edit-xhwikibooks.graphml"
"0.45","0.1","0.45","0.724977777777778","1,1,1,1,1,4,1,4,4,9,1,3,4,4,4,5,9,1,7,3,2,6,4,4,4,4,4,5,1,9,1,7,3,3,7,7,8,4,2,2,2,2,6,6,6,6,2,6,6,6,2,2,2,2,2,6,6,6,6,2,4,2,2,4,4,2,2,2,2,2,6,2,4,4,2,2,2,2,2,2,2,4,5,5,5,1,2,2,2,2,9,1,7,2,2,2,5,2,2,2,2,2,2,2,2,2,2,3,3,3,2,2,2,7,7,7,7,7,7,7,7,8,8,8,8,8,8,8,8","0.000976800918579102","fast_greedy","edit-xhwikibooks.graphml"
"0.44","0.11","0.45","0.724977777777778","1,1,1,1,1,4,1,4,4,9,1,3,4,4,4,5,9,1,7,3,2,6,4,4,4,4,4,5,1,9,1,7,3,3,7,7,8,4,2,2,2,2,6,6,6,6,2,6,6,6,2,2,2,2,2,6,6,6,6,2,4,2,2,4,4,2,2,2,2,2,6,2,4,4,2,2,2,2,2,2,2,4,5,5,5,1,2,2,2,2,9,1,7,2,2,2,5,2,2,2,2,2,2,2,2,2,2,3,3,3,2,2,2,7,7,7,7,7,7,7,7,8,8,8,8,8,8,8,8","0.000967025756835938","fast_greedy","edit-xhwikibooks.graphml"
"0.43","0.12","0.45","0.724977777777778","1,1,1,1,1,4,1,4,4,9,1,3,4,4,4,5,9,1,7,3,2,6,4,4,4,4,4,5,1,9,1,7,3,3,7,7,8,4,2,2,2,2,6,6,6,6,2,6,6,6,2,2,2,2,2,6,6,6,6,2,4,2,2,4,4,2,2,2,2,2,6,2,4,4,2,2,2,2,2,2,2,4,5,5,5,1,2,2,2,2,9,1,7,2,2,2,5,2,2,2,2,2,2,2,2,2,2,3,3,3,2,2,2,7,7,7,7,7,7,7,7,8,8,8,8,8,8,8,8","0.000998020172119141","fast_greedy","edit-xhwikibooks.graphml"
"0.42","0.13","0.45","0.724977777777778","1,1,1,1,1,4,1,4,4,9,1,3,4,4,4,5,9,1,7,3,2,6,4,4,4,4,4,5,1,9,1,7,3,3,7,7,8,4,2,2,2,2,6,6,6,6,2,6,6,6,2,2,2,2,2,6,6,6,6,2,4,2,2,4,4,2,2,2,2,2,6,2,4,4,2,2,2,2,2,2,2,4,5,5,5,1,2,2,2,2,9,1,7,2,2,2,5,2,2,2,2,2,2,2,2,2,2,3,3,3,2,2,2,7,7,7,7,7,7,7,7,8,8,8,8,8,8,8,8","0.000976800918579102","fast_greedy","edit-xhwikibooks.graphml"
"0.41","0.14","0.45","0.724977777777778","1,1,1,1,1,4,1,4,4,9,1,3,4,4,4,5,9,1,7,3,2,6,4,4,4,4,4,5,1,9,1,7,3,3,7,7,8,4,2,2,2,2,6,6,6,6,2,6,6,6,2,2,2,2,2,6,6,6,6,2,4,2,2,4,4,2,2,2,2,2,6,2,4,4,2,2,2,2,2,2,2,4,5,5,5,1,2,2,2,2,9,1,7,2,2,2,5,2,2,2,2,2,2,2,2,2,2,3,3,3,2,2,2,7,7,7,7,7,7,7,7,8,8,8,8,8,8,8,8","0.00116801261901855","fast_greedy","edit-xhwikibooks.graphml"
"0.4","0.15","0.45","0.724977777777778","1,1,1,1,1,4,1,4,4,9,1,3,4,4,4,5,9,1,7,3,2,6,4,4,4,4,4,5,1,9,1,7,3,3,7,7,8,4,2,2,2,2,6,6,6,6,2,6,6,6,2,2,2,2,2,6,6,6,6,2,4,2,2,4,4,2,2,2,2,2,6,2,4,4,2,2,2,2,2,2,2,4,5,5,5,1,2,2,2,2,9,1,7,2,2,2,5,2,2,2,2,2,2,2,2,2,2,3,3,3,2,2,2,7,7,7,7,7,7,7,7,8,8,8,8,8,8,8,8","0.00094294548034668","fast_greedy","edit-xhwikibooks.graphml"
"0.39","0.16","0.45","0.724977777777778","1,1,1,1,1,4,1,4,4,9,1,3,4,4,4,5,9,1,7,3,2,6,4,4,4,4,4,5,1,9,1,7,3,3,7,7,8,4,2,2,2,2,6,6,6,6,2,6,6,6,2,2,2,2,2,6,6,6,6,2,4,2,2,4,4,2,2,2,2,2,6,2,4,4,2,2,2,2,2,2,2,4,5,5,5,1,2,2,2,2,9,1,7,2,2,2,5,2,2,2,2,2,2,2,2,2,2,3,3,3,2,2,2,7,7,7,7,7,7,7,7,8,8,8,8,8,8,8,8","0.000935792922973633","fast_greedy","edit-xhwikibooks.graphml"
"0.38","0.17","0.45","0.726020788561905","1,1,1,1,1,4,1,4,4,9,1,3,4,4,4,5,9,1,7,3,2,6,4,4,4,4,4,5,1,9,1,7,3,3,7,7,8,4,2,2,2,2,6,6,6,6,2,6,6,6,2,2,2,2,2,6,6,6,6,2,4,2,2,4,4,2,2,2,2,2,6,2,4,4,2,2,2,2,2,2,2,4,5,5,5,1,2,2,2,2,9,1,7,2,2,2,5,2,2,2,2,2,2,2,2,2,2,3,3,3,2,2,2,7,7,7,7,7,7,7,7,8,8,8,8,8,8,8,8","0.000947952270507812","fast_greedy","edit-xhwikibooks.graphml"
"0.37","0.18","0.45","0.726020788561905","1,1,1,1,1,4,1,4,4,9,1,3,4,4,4,5,9,1,7,3,2,6,4,4,4,4,4,5,1,9,1,7,3,3,7,7,8,4,2,2,2,2,6,6,6,6,2,6,6,6,2,2,2,2,2,6,6,6,6,2,4,2,2,4,4,2,2,2,2,2,6,2,4,4,2,2,2,2,2,2,2,4,5,5,5,1,2,2,2,2,9,1,7,2,2,2,5,2,2,2,2,2,2,2,2,2,2,3,3,3,2,2,2,7,7,7,7,7,7,7,7,8,8,8,8,8,8,8,8","0.000969886779785156","fast_greedy","edit-xhwikibooks.graphml"
"0.36","0.19","0.45","0.726020788561905","1,1,1,1,1,4,1,4,4,9,1,3,4,4,4,5,9,1,7,3,2,6,4,4,4,4,4,5,1,9,1,7,3,3,7,7,8,4,2,2,2,2,6,6,6,6,2,6,6,6,2,2,2,2,2,6,6,6,6,2,4,2,2,4,4,2,2,2,2,2,6,2,4,4,2,2,2,2,2,2,2,4,5,5,5,1,2,2,2,2,9,1,7,2,2,2,5,2,2,2,2,2,2,2,2,2,2,3,3,3,2,2,2,7,7,7,7,7,7,7,7,8,8,8,8,8,8,8,8","0.000970125198364258","fast_greedy","edit-xhwikibooks.graphml"
"0.35","0.2","0.45","0.726020788561905","1,1,1,1,1,4,1,4,4,9,1,3,4,4,4,5,9,1,7,3,2,6,4,4,4,4,4,5,1,9,1,7,3,3,7,7,8,4,2,2,2,2,6,6,6,6,2,6,6,6,2,2,2,2,2,6,6,6,6,2,4,2,2,4,4,2,2,2,2,2,6,2,4,4,2,2,2,2,2,2,2,4,5,5,5,1,2,2,2,2,9,1,7,2,2,2,5,2,2,2,2,2,2,2,2,2,2,3,3,3,2,2,2,7,7,7,7,7,7,7,7,8,8,8,8,8,8,8,8","0.000986099243164062","fast_greedy","edit-xhwikibooks.graphml"
"0.34","0.21","0.45","0.726020788561905","1,1,1,1,1,4,1,4,4,9,1,3,4,4,4,5,9,1,7,3,2,6,4,4,4,4,4,5,1,9,1,7,3,3,7,7,8,4,2,2,2,2,6,6,6,6,2,6,6,6,2,2,2,2,2,6,6,6,6,2,4,2,2,4,4,2,2,2,2,2,6,2,4,4,2,2,2,2,2,2,2,4,5,5,5,1,2,2,2,2,9,1,7,2,2,2,5,2,2,2,2,2,2,2,2,2,2,3,3,3,2,2,2,7,7,7,7,7,7,7,7,8,8,8,8,8,8,8,8","0.000950098037719727","fast_greedy","edit-xhwikibooks.graphml"
"0.33","0.22","0.45","0.726020788561905","1,1,1,1,1,4,1,4,4,9,1,3,4,4,4,5,9,1,7,3,2,6,4,4,4,4,4,5,1,9,1,7,3,3,7,7,8,4,2,2,2,2,6,6,6,6,2,6,6,6,2,2,2,2,2,6,6,6,6,2,4,2,2,4,4,2,2,2,2,2,6,2,4,4,2,2,2,2,2,2,2,4,5,5,5,1,2,2,2,2,9,1,7,2,2,2,5,2,2,2,2,2,2,2,2,2,2,3,3,3,2,2,2,7,7,7,7,7,7,7,7,8,8,8,8,8,8,8,8","0.000993013381958008","fast_greedy","edit-xhwikibooks.graphml"
"0.32","0.23","0.45","0.726020788561905","1,1,1,1,1,4,1,4,4,9,1,3,4,4,4,5,9,1,7,3,2,6,4,4,4,4,4,5,1,9,1,7,3,3,7,7,8,4,2,2,2,2,6,6,6,6,2,6,6,6,2,2,2,2,2,6,6,6,6,2,4,2,2,4,4,2,2,2,2,2,6,2,4,4,2,2,2,2,2,2,2,4,5,5,5,1,2,2,2,2,9,1,7,2,2,2,5,2,2,2,2,2,2,2,2,2,2,3,3,3,2,2,2,7,7,7,7,7,7,7,7,8,8,8,8,8,8,8,8","0.000976085662841797","fast_greedy","edit-xhwikibooks.graphml"
"0.31","0.24","0.45","0.726020788561905","1,1,1,1,1,4,1,4,4,9,1,3,4,4,4,5,9,1,7,3,2,6,4,4,4,4,4,5,1,9,1,7,3,3,7,7,8,4,2,2,2,2,6,6,6,6,2,6,6,6,2,2,2,2,2,6,6,6,6,2,4,2,2,4,4,2,2,2,2,2,6,2,4,4,2,2,2,2,2,2,2,4,5,5,5,1,2,2,2,2,9,1,7,2,2,2,5,2,2,2,2,2,2,2,2,2,2,3,3,3,2,2,2,7,7,7,7,7,7,7,7,8,8,8,8,8,8,8,8","0.0010230541229248","fast_greedy","edit-xhwikibooks.graphml"
"0.3","0.25","0.45","0.726020788561905","1,1,1,1,1,4,1,4,4,9,1,3,4,4,4,5,9,1,7,3,2,6,4,4,4,4,4,5,1,9,1,7,3,3,7,7,8,4,2,2,2,2,6,6,6,6,2,6,6,6,2,2,2,2,2,6,6,6,6,2,4,2,2,4,4,2,2,2,2,2,6,2,4,4,2,2,2,2,2,2,2,4,5,5,5,1,2,2,2,2,9,1,7,2,2,2,5,2,2,2,2,2,2,2,2,2,2,3,3,3,2,2,2,7,7,7,7,7,7,7,7,8,8,8,8,8,8,8,8","0.00116705894470215","fast_greedy","edit-xhwikibooks.graphml"
"0.29","0.26","0.45","0.726020788561905","1,1,1,1,1,4,1,4,4,9,1,3,4,4,4,5,9,1,7,3,2,6,4,4,4,4,4,5,1,9,1,7,3,3,7,7,8,4,2,2,2,2,6,6,6,6,2,6,6,6,2,2,2,2,2,6,6,6,6,2,4,2,2,4,4,2,2,2,2,2,6,2,4,4,2,2,2,2,2,2,2,4,5,5,5,1,2,2,2,2,9,1,7,2,2,2,5,2,2,2,2,2,2,2,2,2,2,3,3,3,2,2,2,7,7,7,7,7,7,7,7,8,8,8,8,8,8,8,8","0.000927925109863281","fast_greedy","edit-xhwikibooks.graphml"
"0.28","0.27","0.45","0.726020788561905","1,1,1,1,1,4,1,4,4,9,1,3,4,4,4,5,9,1,7,3,2,6,4,4,4,4,4,5,1,9,1,7,3,3,7,7,8,4,2,2,2,2,6,6,6,6,2,6,6,6,2,2,2,2,2,6,6,6,6,2,4,2,2,4,4,2,2,2,2,2,6,2,4,4,2,2,2,2,2,2,2,4,5,5,5,1,2,2,2,2,9,1,7,2,2,2,5,2,2,2,2,2,2,2,2,2,2,3,3,3,2,2,2,7,7,7,7,7,7,7,7,8,8,8,8,8,8,8,8","0.000941038131713867","fast_greedy","edit-xhwikibooks.graphml"
"0.27","0.28","0.45","0.726020788561905","1,1,1,1,1,4,1,4,4,9,1,3,4,4,4,5,9,1,7,3,2,6,4,4,4,4,4,5,1,9,1,7,3,3,7,7,8,4,2,2,2,2,6,6,6,6,2,6,6,6,2,2,2,2,2,6,6,6,6,2,4,2,2,4,4,2,2,2,2,2,6,2,4,4,2,2,2,2,2,2,2,4,5,5,5,1,2,2,2,2,9,1,7,2,2,2,5,2,2,2,2,2,2,2,2,2,2,3,3,3,2,2,2,7,7,7,7,7,7,7,7,8,8,8,8,8,8,8,8","0.000945091247558594","fast_greedy","edit-xhwikibooks.graphml"
"0.26","0.29","0.45","0.726020788561905","1,1,1,1,1,4,1,4,4,9,1,3,4,4,4,5,9,1,7,3,2,6,4,4,4,4,4,5,1,9,1,7,3,3,7,7,8,4,2,2,2,2,6,6,6,6,2,6,6,6,2,2,2,2,2,6,6,6,6,2,4,2,2,4,4,2,2,2,2,2,6,2,4,4,2,2,2,2,2,2,2,4,5,5,5,1,2,2,2,2,9,1,7,2,2,2,5,2,2,2,2,2,2,2,2,2,2,3,3,3,2,2,2,7,7,7,7,7,7,7,7,8,8,8,8,8,8,8,8","0.000940084457397461","fast_greedy","edit-xhwikibooks.graphml"
"0.25","0.3","0.45","0.726020788561905","1,1,1,1,1,4,1,4,4,9,1,3,4,4,4,5,9,1,7,3,2,6,4,4,4,4,4,5,1,9,1,7,3,3,7,7,8,4,2,2,2,2,6,6,6,6,2,6,6,6,2,2,2,2,2,6,6,6,6,2,4,2,2,4,4,2,2,2,2,2,6,2,4,4,2,2,2,2,2,2,2,4,5,5,5,1,2,2,2,2,9,1,7,2,2,2,5,2,2,2,2,2,2,2,2,2,2,3,3,3,2,2,2,7,7,7,7,7,7,7,7,8,8,8,8,8,8,8,8","0.000950813293457031","fast_greedy","edit-xhwikibooks.graphml"
"0.24","0.31","0.45","0.726020788561905","1,1,1,1,1,4,1,4,4,9,1,3,4,4,4,5,9,1,7,3,2,6,4,4,4,4,4,5,1,9,1,7,3,3,7,7,8,4,2,2,2,2,6,6,6,6,2,6,6,6,2,2,2,2,2,6,6,6,6,2,4,2,2,4,4,2,2,2,2,2,6,2,4,4,2,2,2,2,2,2,2,4,5,5,5,1,2,2,2,2,9,1,7,2,2,2,5,2,2,2,2,2,2,2,2,2,2,3,3,3,2,2,2,7,7,7,7,7,7,7,7,8,8,8,8,8,8,8,8","0.00095820426940918","fast_greedy","edit-xhwikibooks.graphml"
"0.23","0.32","0.45","0.726020788561905","1,1,1,1,1,4,1,4,4,9,1,3,4,4,4,5,9,1,7,3,2,6,4,4,4,4,4,5,1,9,1,7,3,3,7,7,8,4,2,2,2,2,6,6,6,6,2,6,6,6,2,2,2,2,2,6,6,6,6,2,4,2,2,4,4,2,2,2,2,2,6,2,4,4,2,2,2,2,2,2,2,4,5,5,5,1,2,2,2,2,9,1,7,2,2,2,5,2,2,2,2,2,2,2,2,2,2,3,3,3,2,2,2,7,7,7,7,7,7,7,7,8,8,8,8,8,8,8,8","0.00145602226257324","fast_greedy","edit-xhwikibooks.graphml"
"0.22","0.33","0.45","0.726020788561905","1,1,1,1,1,4,1,4,4,9,1,3,4,4,4,5,9,1,7,3,2,6,4,4,4,4,4,5,1,9,1,7,3,3,7,7,8,4,2,2,2,2,6,6,6,6,2,6,6,6,2,2,2,2,2,6,6,6,6,2,4,2,2,4,4,2,2,2,2,2,6,2,4,4,2,2,2,2,2,2,2,4,5,5,5,1,2,2,2,2,9,1,7,2,2,2,5,2,2,2,2,2,2,2,2,2,2,3,3,3,2,2,2,7,7,7,7,7,7,7,7,8,8,8,8,8,8,8,8","0.00118613243103027","fast_greedy","edit-xhwikibooks.graphml"
"0.21","0.34","0.45","0.726411011080332","1,1,1,1,1,5,1,5,5,9,1,3,5,5,5,4,9,1,7,3,2,6,5,5,5,5,5,4,1,9,1,7,3,3,7,7,8,5,2,2,2,2,6,6,6,6,2,6,6,6,2,2,2,2,2,6,6,6,6,2,5,2,2,5,5,2,2,2,2,2,6,2,5,5,2,2,2,2,2,2,2,5,4,4,4,1,2,2,2,2,9,1,7,2,2,2,4,2,2,2,2,2,2,2,2,2,2,3,3,3,2,2,2,7,7,7,7,7,7,7,7,8,8,8,8,8,8,8,8","0.0011599063873291","fast_greedy","edit-xhwikibooks.graphml"
"0.2","0.35","0.45","0.726411011080332","1,1,1,1,1,5,1,5,5,9,1,3,5,5,5,4,9,1,7,3,2,6,5,5,5,5,5,4,1,9,1,7,3,3,7,7,8,5,2,2,2,2,6,6,6,6,2,6,6,6,2,2,2,2,2,6,6,6,6,2,5,2,2,5,5,2,2,2,2,2,6,2,5,5,2,2,2,2,2,2,2,5,4,4,4,1,2,2,2,2,9,1,7,2,2,2,4,2,2,2,2,2,2,2,2,2,2,3,3,3,2,2,2,7,7,7,7,7,7,7,7,8,8,8,8,8,8,8,8","0.00101399421691895","fast_greedy","edit-xhwikibooks.graphml"
"0.19","0.36","0.45","0.726411011080332","1,1,1,1,1,5,1,5,5,9,1,3,5,5,5,4,9,1,7,3,2,6,5,5,5,5,5,4,1,9,1,7,3,3,7,7,8,5,2,2,2,2,6,6,6,6,2,6,6,6,2,2,2,2,2,6,6,6,6,2,5,2,2,5,5,2,2,2,2,2,6,2,5,5,2,2,2,2,2,2,2,5,4,4,4,1,2,2,2,2,9,1,7,2,2,2,4,2,2,2,2,2,2,2,2,2,2,3,3,3,2,2,2,7,7,7,7,7,7,7,7,8,8,8,8,8,8,8,8","0.00100612640380859","fast_greedy","edit-xhwikibooks.graphml"
"0.18","0.37","0.45","0.726411011080332","1,1,1,1,1,5,1,5,5,9,1,3,5,5,5,4,9,1,7,3,2,6,5,5,5,5,5,4,1,9,1,7,3,3,7,7,8,5,2,2,2,2,6,6,6,6,2,6,6,6,2,2,2,2,2,6,6,6,6,2,5,2,2,5,5,2,2,2,2,2,6,2,5,5,2,2,2,2,2,2,2,5,4,4,4,1,2,2,2,2,9,1,7,2,2,2,4,2,2,2,2,2,2,2,2,2,2,3,3,3,2,2,2,7,7,7,7,7,7,7,7,8,8,8,8,8,8,8,8","0.000997066497802734","fast_greedy","edit-xhwikibooks.graphml"
"0.17","0.38","0.45","0.726411011080332","1,1,1,1,1,5,1,5,5,9,1,3,5,5,5,4,9,1,7,3,2,6,5,5,5,5,5,4,1,9,1,7,3,3,7,7,8,5,2,2,2,2,6,6,6,6,2,6,6,6,2,2,2,2,2,6,6,6,6,2,5,2,2,5,5,2,2,2,2,2,6,2,5,5,2,2,2,2,2,2,2,5,4,4,4,1,2,2,2,2,9,1,7,2,2,2,4,2,2,2,2,2,2,2,2,2,2,3,3,3,2,2,2,7,7,7,7,7,7,7,7,8,8,8,8,8,8,8,8","0.000946998596191406","fast_greedy","edit-xhwikibooks.graphml"
"0.16","0.39","0.45","0.726411011080332","1,1,1,1,1,5,1,5,5,9,1,3,5,5,5,4,9,1,7,3,2,6,5,5,5,5,5,4,1,9,1,7,3,3,7,7,8,5,2,2,2,2,6,6,6,6,2,6,6,6,2,2,2,2,2,6,6,6,6,2,5,2,2,5,5,2,2,2,2,2,6,2,5,5,2,2,2,2,2,2,2,5,4,4,4,1,2,2,2,2,9,1,7,2,2,2,4,2,2,2,2,2,2,2,2,2,2,3,3,3,2,2,2,7,7,7,7,7,7,7,7,8,8,8,8,8,8,8,8","0.000967979431152344","fast_greedy","edit-xhwikibooks.graphml"
"0.15","0.4","0.45","0.726411011080332","1,1,1,1,1,5,1,5,5,9,1,3,5,5,5,4,9,1,7,3,2,6,5,5,5,5,5,4,1,9,1,7,3,3,7,7,8,5,2,2,2,2,6,6,6,6,2,6,6,6,2,2,2,2,2,6,6,6,6,2,5,2,2,5,5,2,2,2,2,2,6,2,5,5,2,2,2,2,2,2,2,5,4,4,4,1,2,2,2,2,9,1,7,2,2,2,4,2,2,2,2,2,2,2,2,2,2,3,3,3,2,2,2,7,7,7,7,7,7,7,7,8,8,8,8,8,8,8,8","0.000975131988525391","fast_greedy","edit-xhwikibooks.graphml"
"0.14","0.41","0.45","0.726411011080332","1,1,1,1,1,5,1,5,5,9,1,3,5,5,5,4,9,1,7,3,2,6,5,5,5,5,5,4,1,9,1,7,3,3,7,7,8,5,2,2,2,2,6,6,6,6,2,6,6,6,2,2,2,2,2,6,6,6,6,2,5,2,2,5,5,2,2,2,2,2,6,2,5,5,2,2,2,2,2,2,2,5,4,4,4,1,2,2,2,2,9,1,7,2,2,2,4,2,2,2,2,2,2,2,2,2,2,3,3,3,2,2,2,7,7,7,7,7,7,7,7,8,8,8,8,8,8,8,8","0.000972986221313477","fast_greedy","edit-xhwikibooks.graphml"
"0.13","0.42","0.45","0.726411011080332","1,1,1,1,1,5,1,5,5,9,1,3,5,5,5,4,9,1,7,3,2,6,5,5,5,5,5,4,1,9,1,7,3,3,7,7,8,5,2,2,2,2,6,6,6,6,2,6,6,6,2,2,2,2,2,6,6,6,6,2,5,2,2,5,5,2,2,2,2,2,6,2,5,5,2,2,2,2,2,2,2,5,4,4,4,1,2,2,2,2,9,1,7,2,2,2,4,2,2,2,2,2,2,2,2,2,2,3,3,3,2,2,2,7,7,7,7,7,7,7,7,8,8,8,8,8,8,8,8","0.00102591514587402","fast_greedy","edit-xhwikibooks.graphml"
"0.12","0.43","0.45","0.726411011080332","1,1,1,1,1,5,1,5,5,9,1,3,5,5,5,4,9,1,7,3,2,6,5,5,5,5,5,4,1,9,1,7,3,3,7,7,8,5,2,2,2,2,6,6,6,6,2,6,6,6,2,2,2,2,2,6,6,6,6,2,5,2,2,5,5,2,2,2,2,2,6,2,5,5,2,2,2,2,2,2,2,5,4,4,4,1,2,2,2,2,9,1,7,2,2,2,4,2,2,2,2,2,2,2,2,2,2,3,3,3,2,2,2,7,7,7,7,7,7,7,7,8,8,8,8,8,8,8,8","0.000935792922973633","fast_greedy","edit-xhwikibooks.graphml"
"0.11","0.44","0.45","0.726411011080332","1,1,1,1,1,5,1,5,5,9,1,3,5,5,5,4,9,1,7,3,2,6,5,5,5,5,5,4,1,9,1,7,3,3,7,7,8,5,2,2,2,2,6,6,6,6,2,6,6,6,2,2,2,2,2,6,6,6,6,2,5,2,2,5,5,2,2,2,2,2,6,2,5,5,2,2,2,2,2,2,2,5,4,4,4,1,2,2,2,2,9,1,7,2,2,2,4,2,2,2,2,2,2,2,2,2,2,3,3,3,2,2,2,7,7,7,7,7,7,7,7,8,8,8,8,8,8,8,8","0.000933170318603516","fast_greedy","edit-xhwikibooks.graphml"
"0.1","0.45","0.45","0.726411011080332","1,1,1,1,1,5,1,5,5,9,1,3,5,5,5,4,9,1,7,3,2,6,5,5,5,5,5,4,1,9,1,7,3,3,7,7,8,5,2,2,2,2,6,6,6,6,2,6,6,6,2,2,2,2,2,6,6,6,6,2,5,2,2,5,5,2,2,2,2,2,6,2,5,5,2,2,2,2,2,2,2,5,4,4,4,1,2,2,2,2,9,1,7,2,2,2,4,2,2,2,2,2,2,2,2,2,2,3,3,3,2,2,2,7,7,7,7,7,7,7,7,8,8,8,8,8,8,8,8","0.000951051712036133","fast_greedy","edit-xhwikibooks.graphml"
"0.09","0.46","0.45","0.71826553750752","1,1,1,1,1,5,1,5,5,9,1,3,5,5,5,4,9,1,7,3,2,6,5,5,5,5,5,4,1,9,1,7,3,3,7,7,8,5,2,2,2,2,6,6,6,6,2,6,6,6,2,2,2,2,2,6,6,6,6,2,10,2,2,5,5,2,2,2,2,2,6,2,5,5,2,2,2,2,2,2,2,5,4,4,4,11,2,2,2,2,12,13,14,2,2,2,4,2,2,2,2,2,2,2,2,2,2,3,3,3,2,2,2,7,7,7,7,7,7,7,7,8,8,8,8,8,8,8,8","0.000900030136108398","fast_greedy","edit-xhwikibooks.graphml"
"0.08","0.47","0.45","0.71826553750752","1,1,1,1,1,5,1,5,5,9,1,3,5,5,5,4,9,1,7,3,2,6,5,5,5,5,5,4,1,9,1,7,3,3,7,7,8,5,2,2,2,2,6,6,6,6,2,6,6,6,2,2,2,2,2,6,6,6,6,2,10,2,2,5,5,2,2,2,2,2,6,2,5,5,2,2,2,2,2,2,2,5,4,4,4,11,2,2,2,2,12,13,14,2,2,2,4,2,2,2,2,2,2,2,2,2,2,3,3,3,2,2,2,7,7,7,7,7,7,7,7,8,8,8,8,8,8,8,8","0.000915050506591797","fast_greedy","edit-xhwikibooks.graphml"
"0.07","0.48","0.45","0.71826553750752","1,1,1,1,1,5,1,5,5,9,1,3,5,5,5,4,9,1,7,3,2,6,5,5,5,5,5,4,1,9,1,7,3,3,7,7,8,5,2,2,2,2,6,6,6,6,2,6,6,6,2,2,2,2,2,6,6,6,6,2,10,2,2,5,5,2,2,2,2,2,6,2,5,5,2,2,2,2,2,2,2,5,4,4,4,11,2,2,2,2,12,13,14,2,2,2,4,2,2,2,2,2,2,2,2,2,2,3,3,3,2,2,2,7,7,7,7,7,7,7,7,8,8,8,8,8,8,8,8","0.000939846038818359","fast_greedy","edit-xhwikibooks.graphml"
"0.06","0.49","0.45","0.71826553750752","1,1,1,1,1,5,1,5,5,9,1,3,5,5,5,4,9,1,7,3,2,6,5,5,5,5,5,4,1,9,1,7,3,3,7,7,8,5,2,2,2,2,6,6,6,6,2,6,6,6,2,2,2,2,2,6,6,6,6,2,10,2,2,5,5,2,2,2,2,2,6,2,5,5,2,2,2,2,2,2,2,5,4,4,4,11,2,2,2,2,12,13,14,2,2,2,4,2,2,2,2,2,2,2,2,2,2,3,3,3,2,2,2,7,7,7,7,7,7,7,7,8,8,8,8,8,8,8,8","0.000921010971069336","fast_greedy","edit-xhwikibooks.graphml"
"0.05","0.5","0.45","0.728459249166338","1,1,1,1,1,6,1,6,6,9,1,3,6,6,6,4,9,1,7,3,2,5,6,6,6,6,6,4,1,9,1,7,3,3,7,7,8,6,2,2,2,2,5,5,5,5,2,5,5,5,2,2,2,2,2,5,5,5,5,2,10,2,2,6,6,2,2,2,2,2,5,2,6,6,2,2,2,2,2,2,2,6,4,4,4,11,2,2,2,2,12,13,14,2,2,2,4,2,2,2,2,2,2,2,2,2,2,3,3,3,2,2,2,7,7,7,7,7,7,7,7,8,8,8,8,8,8,8,8","0.000956058502197266","fast_greedy","edit-xhwikibooks.graphml"
"0.04","0.51","0.45","0.728459249166338","1,1,1,1,1,6,1,6,6,9,1,3,6,6,6,4,9,1,7,3,2,5,6,6,6,6,6,4,1,9,1,7,3,3,7,7,8,6,2,2,2,2,5,5,5,5,2,5,5,5,2,2,2,2,2,5,5,5,5,2,10,2,2,6,6,2,2,2,2,2,5,2,6,6,2,2,2,2,2,2,2,6,4,4,4,11,2,2,2,2,12,13,14,2,2,2,4,2,2,2,2,2,2,2,2,2,2,3,3,3,2,2,2,7,7,7,7,7,7,7,7,8,8,8,8,8,8,8,8","0.000959157943725586","fast_greedy","edit-xhwikibooks.graphml"
"0.03","0.52","0.45","0.728459249166338","1,1,1,1,1,6,1,6,6,9,1,3,6,6,6,4,9,1,7,3,2,5,6,6,6,6,6,4,1,9,1,7,3,3,7,7,8,6,2,2,2,2,5,5,5,5,2,5,5,5,2,2,2,2,2,5,5,5,5,2,10,2,2,6,6,2,2,2,2,2,5,2,6,6,2,2,2,2,2,2,2,6,4,4,4,11,2,2,2,2,12,13,14,2,2,2,4,2,2,2,2,2,2,2,2,2,2,3,3,3,2,2,2,7,7,7,7,7,7,7,7,8,8,8,8,8,8,8,8","0.0010828971862793","fast_greedy","edit-xhwikibooks.graphml"
"0.02","0.53","0.45","0.728459249166338","1,1,1,1,1,6,1,6,6,9,1,3,6,6,6,4,9,1,7,3,2,5,6,6,6,6,6,4,1,9,1,7,3,3,7,7,8,6,2,2,2,2,5,5,5,5,2,5,5,5,2,2,2,2,2,5,5,5,5,2,10,2,2,6,6,2,2,2,2,2,5,2,6,6,2,2,2,2,2,2,2,6,4,4,4,11,2,2,2,2,12,13,14,2,2,2,4,2,2,2,2,2,2,2,2,2,2,3,3,3,2,2,2,7,7,7,7,7,7,7,7,8,8,8,8,8,8,8,8","0.000929117202758789","fast_greedy","edit-xhwikibooks.graphml"
"0.01","0.54","0.45","0.728459249166338","1,1,1,1,1,6,1,6,6,9,1,3,6,6,6,4,9,1,7,3,2,5,6,6,6,6,6,4,1,9,1,7,3,3,7,7,8,6,2,2,2,2,5,5,5,5,2,5,5,5,2,2,2,2,2,5,5,5,5,2,10,2,2,6,6,2,2,2,2,2,5,2,6,6,2,2,2,2,2,2,2,6,4,4,4,11,2,2,2,2,12,13,14,2,2,2,4,2,2,2,2,2,2,2,2,2,2,3,3,3,2,2,2,7,7,7,7,7,7,7,7,8,8,8,8,8,8,8,8","0.000936985015869141","fast_greedy","edit-xhwikibooks.graphml"
"0","0.55","0.45","0.72014136609856","1,1,1,1,1,1,2,1,6,1,2,2,6,6,6,4,1,2,7,2,3,5,6,6,6,6,6,4,1,1,2,7,2,2,7,7,8,6,3,3,3,3,5,5,5,5,3,5,5,5,3,3,3,3,3,5,5,5,5,3,9,3,3,6,6,3,3,3,3,3,5,3,6,6,3,3,3,3,3,3,3,6,4,4,4,10,3,3,3,3,11,12,13,3,3,3,4,3,3,3,3,3,3,3,3,3,3,2,2,2,3,3,3,7,7,7,7,7,7,7,7,8,8,8,8,8,8,8,8","0.000944137573242188","fast_greedy","edit-xhwikibooks.graphml"
"0.54","0","0.46","0.724977777777778","1,1,1,1,1,4,1,4,4,9,1,3,4,4,4,5,9,1,7,3,2,6,4,4,4,4,4,5,1,9,1,7,3,3,7,7,8,4,2,2,2,2,6,6,6,6,2,6,6,6,2,2,2,2,2,6,6,6,6,2,4,2,2,4,4,2,2,2,2,2,6,2,4,4,2,2,2,2,2,2,2,4,5,5,5,1,2,2,2,2,9,1,7,2,2,2,5,2,2,2,2,2,2,2,2,2,2,3,3,3,2,2,2,7,7,7,7,7,7,7,7,8,8,8,8,8,8,8,8","0.000941038131713867","fast_greedy","edit-xhwikibooks.graphml"
"0.53","0.01","0.46","0.724977777777778","1,1,1,1,1,4,1,4,4,9,1,3,4,4,4,5,9,1,7,3,2,6,4,4,4,4,4,5,1,9,1,7,3,3,7,7,8,4,2,2,2,2,6,6,6,6,2,6,6,6,2,2,2,2,2,6,6,6,6,2,4,2,2,4,4,2,2,2,2,2,6,2,4,4,2,2,2,2,2,2,2,4,5,5,5,1,2,2,2,2,9,1,7,2,2,2,5,2,2,2,2,2,2,2,2,2,2,3,3,3,2,2,2,7,7,7,7,7,7,7,7,8,8,8,8,8,8,8,8","0.00100207328796387","fast_greedy","edit-xhwikibooks.graphml"
"0.52","0.02","0.46","0.724977777777778","1,1,1,1,1,4,1,4,4,9,1,3,4,4,4,5,9,1,7,3,2,6,4,4,4,4,4,5,1,9,1,7,3,3,7,7,8,4,2,2,2,2,6,6,6,6,2,6,6,6,2,2,2,2,2,6,6,6,6,2,4,2,2,4,4,2,2,2,2,2,6,2,4,4,2,2,2,2,2,2,2,4,5,5,5,1,2,2,2,2,9,1,7,2,2,2,5,2,2,2,2,2,2,2,2,2,2,3,3,3,2,2,2,7,7,7,7,7,7,7,7,8,8,8,8,8,8,8,8","0.000911951065063477","fast_greedy","edit-xhwikibooks.graphml"
"0.51","0.03","0.46","0.724977777777778","1,1,1,1,1,4,1,4,4,9,1,3,4,4,4,5,9,1,7,3,2,6,4,4,4,4,4,5,1,9,1,7,3,3,7,7,8,4,2,2,2,2,6,6,6,6,2,6,6,6,2,2,2,2,2,6,6,6,6,2,4,2,2,4,4,2,2,2,2,2,6,2,4,4,2,2,2,2,2,2,2,4,5,5,5,1,2,2,2,2,9,1,7,2,2,2,5,2,2,2,2,2,2,2,2,2,2,3,3,3,2,2,2,7,7,7,7,7,7,7,7,8,8,8,8,8,8,8,8","0.000921010971069336","fast_greedy","edit-xhwikibooks.graphml"
"0.5","0.04","0.46","0.724977777777778","1,1,1,1,1,4,1,4,4,9,1,3,4,4,4,5,9,1,7,3,2,6,4,4,4,4,4,5,1,9,1,7,3,3,7,7,8,4,2,2,2,2,6,6,6,6,2,6,6,6,2,2,2,2,2,6,6,6,6,2,4,2,2,4,4,2,2,2,2,2,6,2,4,4,2,2,2,2,2,2,2,4,5,5,5,1,2,2,2,2,9,1,7,2,2,2,5,2,2,2,2,2,2,2,2,2,2,3,3,3,2,2,2,7,7,7,7,7,7,7,7,8,8,8,8,8,8,8,8","0.000941991806030273","fast_greedy","edit-xhwikibooks.graphml"
"0.49","0.05","0.46","0.724977777777778","1,1,1,1,1,4,1,4,4,9,1,3,4,4,4,5,9,1,7,3,2,6,4,4,4,4,4,5,1,9,1,7,3,3,7,7,8,4,2,2,2,2,6,6,6,6,2,6,6,6,2,2,2,2,2,6,6,6,6,2,4,2,2,4,4,2,2,2,2,2,6,2,4,4,2,2,2,2,2,2,2,4,5,5,5,1,2,2,2,2,9,1,7,2,2,2,5,2,2,2,2,2,2,2,2,2,2,3,3,3,2,2,2,7,7,7,7,7,7,7,7,8,8,8,8,8,8,8,8","0.000918865203857422","fast_greedy","edit-xhwikibooks.graphml"
"0.48","0.06","0.46","0.724977777777778","1,1,1,1,1,4,1,4,4,9,1,3,4,4,4,5,9,1,7,3,2,6,4,4,4,4,4,5,1,9,1,7,3,3,7,7,8,4,2,2,2,2,6,6,6,6,2,6,6,6,2,2,2,2,2,6,6,6,6,2,4,2,2,4,4,2,2,2,2,2,6,2,4,4,2,2,2,2,2,2,2,4,5,5,5,1,2,2,2,2,9,1,7,2,2,2,5,2,2,2,2,2,2,2,2,2,2,3,3,3,2,2,2,7,7,7,7,7,7,7,7,8,8,8,8,8,8,8,8","0.000963926315307617","fast_greedy","edit-xhwikibooks.graphml"
"0.47","0.07","0.46","0.724977777777778","1,1,1,1,1,4,1,4,4,9,1,3,4,4,4,5,9,1,7,3,2,6,4,4,4,4,4,5,1,9,1,7,3,3,7,7,8,4,2,2,2,2,6,6,6,6,2,6,6,6,2,2,2,2,2,6,6,6,6,2,4,2,2,4,4,2,2,2,2,2,6,2,4,4,2,2,2,2,2,2,2,4,5,5,5,1,2,2,2,2,9,1,7,2,2,2,5,2,2,2,2,2,2,2,2,2,2,3,3,3,2,2,2,7,7,7,7,7,7,7,7,8,8,8,8,8,8,8,8","0.00101280212402344","fast_greedy","edit-xhwikibooks.graphml"
"0.46","0.08","0.46","0.724977777777778","1,1,1,1,1,4,1,4,4,9,1,3,4,4,4,5,9,1,7,3,2,6,4,4,4,4,4,5,1,9,1,7,3,3,7,7,8,4,2,2,2,2,6,6,6,6,2,6,6,6,2,2,2,2,2,6,6,6,6,2,4,2,2,4,4,2,2,2,2,2,6,2,4,4,2,2,2,2,2,2,2,4,5,5,5,1,2,2,2,2,9,1,7,2,2,2,5,2,2,2,2,2,2,2,2,2,2,3,3,3,2,2,2,7,7,7,7,7,7,7,7,8,8,8,8,8,8,8,8","0.000945091247558594","fast_greedy","edit-xhwikibooks.graphml"
"0.45","0.09","0.46","0.724977777777778","1,1,1,1,1,4,1,4,4,9,1,3,4,4,4,5,9,1,7,3,2,6,4,4,4,4,4,5,1,9,1,7,3,3,7,7,8,4,2,2,2,2,6,6,6,6,2,6,6,6,2,2,2,2,2,6,6,6,6,2,4,2,2,4,4,2,2,2,2,2,6,2,4,4,2,2,2,2,2,2,2,4,5,5,5,1,2,2,2,2,9,1,7,2,2,2,5,2,2,2,2,2,2,2,2,2,2,3,3,3,2,2,2,7,7,7,7,7,7,7,7,8,8,8,8,8,8,8,8","0.000940799713134766","fast_greedy","edit-xhwikibooks.graphml"
"0.44","0.1","0.46","0.724977777777778","1,1,1,1,1,4,1,4,4,9,1,3,4,4,4,5,9,1,7,3,2,6,4,4,4,4,4,5,1,9,1,7,3,3,7,7,8,4,2,2,2,2,6,6,6,6,2,6,6,6,2,2,2,2,2,6,6,6,6,2,4,2,2,4,4,2,2,2,2,2,6,2,4,4,2,2,2,2,2,2,2,4,5,5,5,1,2,2,2,2,9,1,7,2,2,2,5,2,2,2,2,2,2,2,2,2,2,3,3,3,2,2,2,7,7,7,7,7,7,7,7,8,8,8,8,8,8,8,8","0.000960111618041992","fast_greedy","edit-xhwikibooks.graphml"
"0.43","0.11","0.46","0.724977777777778","1,1,1,1,1,4,1,4,4,9,1,3,4,4,4,5,9,1,7,3,2,6,4,4,4,4,4,5,1,9,1,7,3,3,7,7,8,4,2,2,2,2,6,6,6,6,2,6,6,6,2,2,2,2,2,6,6,6,6,2,4,2,2,4,4,2,2,2,2,2,6,2,4,4,2,2,2,2,2,2,2,4,5,5,5,1,2,2,2,2,9,1,7,2,2,2,5,2,2,2,2,2,2,2,2,2,2,3,3,3,2,2,2,7,7,7,7,7,7,7,7,8,8,8,8,8,8,8,8","0.000941038131713867","fast_greedy","edit-xhwikibooks.graphml"
"0.42","0.12","0.46","0.724977777777778","1,1,1,1,1,4,1,4,4,9,1,3,4,4,4,5,9,1,7,3,2,6,4,4,4,4,4,5,1,9,1,7,3,3,7,7,8,4,2,2,2,2,6,6,6,6,2,6,6,6,2,2,2,2,2,6,6,6,6,2,4,2,2,4,4,2,2,2,2,2,6,2,4,4,2,2,2,2,2,2,2,4,5,5,5,1,2,2,2,2,9,1,7,2,2,2,5,2,2,2,2,2,2,2,2,2,2,3,3,3,2,2,2,7,7,7,7,7,7,7,7,8,8,8,8,8,8,8,8","0.00107908248901367","fast_greedy","edit-xhwikibooks.graphml"
"0.41","0.13","0.46","0.724977777777778","1,1,1,1,1,4,1,4,4,9,1,3,4,4,4,5,9,1,7,3,2,6,4,4,4,4,4,5,1,9,1,7,3,3,7,7,8,4,2,2,2,2,6,6,6,6,2,6,6,6,2,2,2,2,2,6,6,6,6,2,4,2,2,4,4,2,2,2,2,2,6,2,4,4,2,2,2,2,2,2,2,4,5,5,5,1,2,2,2,2,9,1,7,2,2,2,5,2,2,2,2,2,2,2,2,2,2,3,3,3,2,2,2,7,7,7,7,7,7,7,7,8,8,8,8,8,8,8,8","0.000926017761230469","fast_greedy","edit-xhwikibooks.graphml"
"0.4","0.14","0.46","0.724977777777778","1,1,1,1,1,4,1,4,4,9,1,3,4,4,4,5,9,1,7,3,2,6,4,4,4,4,4,5,1,9,1,7,3,3,7,7,8,4,2,2,2,2,6,6,6,6,2,6,6,6,2,2,2,2,2,6,6,6,6,2,4,2,2,4,4,2,2,2,2,2,6,2,4,4,2,2,2,2,2,2,2,4,5,5,5,1,2,2,2,2,9,1,7,2,2,2,5,2,2,2,2,2,2,2,2,2,2,3,3,3,2,2,2,7,7,7,7,7,7,7,7,8,8,8,8,8,8,8,8","0.000939130783081055","fast_greedy","edit-xhwikibooks.graphml"
"0.39","0.15","0.46","0.724977777777778","1,1,1,1,1,4,1,4,4,9,1,3,4,4,4,5,9,1,7,3,2,6,4,4,4,4,4,5,1,9,1,7,3,3,7,7,8,4,2,2,2,2,6,6,6,6,2,6,6,6,2,2,2,2,2,6,6,6,6,2,4,2,2,4,4,2,2,2,2,2,6,2,4,4,2,2,2,2,2,2,2,4,5,5,5,1,2,2,2,2,9,1,7,2,2,2,5,2,2,2,2,2,2,2,2,2,2,3,3,3,2,2,2,7,7,7,7,7,7,7,7,8,8,8,8,8,8,8,8","0.000936985015869141","fast_greedy","edit-xhwikibooks.graphml"
"0.38","0.16","0.46","0.724977777777778","1,1,1,1,1,4,1,4,4,9,1,3,4,4,4,5,9,1,7,3,2,6,4,4,4,4,4,5,1,9,1,7,3,3,7,7,8,4,2,2,2,2,6,6,6,6,2,6,6,6,2,2,2,2,2,6,6,6,6,2,4,2,2,4,4,2,2,2,2,2,6,2,4,4,2,2,2,2,2,2,2,4,5,5,5,1,2,2,2,2,9,1,7,2,2,2,5,2,2,2,2,2,2,2,2,2,2,3,3,3,2,2,2,7,7,7,7,7,7,7,7,8,8,8,8,8,8,8,8","0.000936985015869141","fast_greedy","edit-xhwikibooks.graphml"
"0.37","0.17","0.46","0.726020788561905","1,1,1,1,1,4,1,4,4,9,1,3,4,4,4,5,9,1,7,3,2,6,4,4,4,4,4,5,1,9,1,7,3,3,7,7,8,4,2,2,2,2,6,6,6,6,2,6,6,6,2,2,2,2,2,6,6,6,6,2,4,2,2,4,4,2,2,2,2,2,6,2,4,4,2,2,2,2,2,2,2,4,5,5,5,1,2,2,2,2,9,1,7,2,2,2,5,2,2,2,2,2,2,2,2,2,2,3,3,3,2,2,2,7,7,7,7,7,7,7,7,8,8,8,8,8,8,8,8","0.00103902816772461","fast_greedy","edit-xhwikibooks.graphml"
"0.36","0.18","0.46","0.726020788561905","1,1,1,1,1,4,1,4,4,9,1,3,4,4,4,5,9,1,7,3,2,6,4,4,4,4,4,5,1,9,1,7,3,3,7,7,8,4,2,2,2,2,6,6,6,6,2,6,6,6,2,2,2,2,2,6,6,6,6,2,4,2,2,4,4,2,2,2,2,2,6,2,4,4,2,2,2,2,2,2,2,4,5,5,5,1,2,2,2,2,9,1,7,2,2,2,5,2,2,2,2,2,2,2,2,2,2,3,3,3,2,2,2,7,7,7,7,7,7,7,7,8,8,8,8,8,8,8,8","0.000941991806030273","fast_greedy","edit-xhwikibooks.graphml"
"0.35","0.19","0.46","0.726020788561905","1,1,1,1,1,4,1,4,4,9,1,3,4,4,4,5,9,1,7,3,2,6,4,4,4,4,4,5,1,9,1,7,3,3,7,7,8,4,2,2,2,2,6,6,6,6,2,6,6,6,2,2,2,2,2,6,6,6,6,2,4,2,2,4,4,2,2,2,2,2,6,2,4,4,2,2,2,2,2,2,2,4,5,5,5,1,2,2,2,2,9,1,7,2,2,2,5,2,2,2,2,2,2,2,2,2,2,3,3,3,2,2,2,7,7,7,7,7,7,7,7,8,8,8,8,8,8,8,8","0.000948190689086914","fast_greedy","edit-xhwikibooks.graphml"
"0.34","0.2","0.46","0.726020788561905","1,1,1,1,1,4,1,4,4,9,1,3,4,4,4,5,9,1,7,3,2,6,4,4,4,4,4,5,1,9,1,7,3,3,7,7,8,4,2,2,2,2,6,6,6,6,2,6,6,6,2,2,2,2,2,6,6,6,6,2,4,2,2,4,4,2,2,2,2,2,6,2,4,4,2,2,2,2,2,2,2,4,5,5,5,1,2,2,2,2,9,1,7,2,2,2,5,2,2,2,2,2,2,2,2,2,2,3,3,3,2,2,2,7,7,7,7,7,7,7,7,8,8,8,8,8,8,8,8","0.000963926315307617","fast_greedy","edit-xhwikibooks.graphml"
"0.33","0.21","0.46","0.726020788561905","1,1,1,1,1,4,1,4,4,9,1,3,4,4,4,5,9,1,7,3,2,6,4,4,4,4,4,5,1,9,1,7,3,3,7,7,8,4,2,2,2,2,6,6,6,6,2,6,6,6,2,2,2,2,2,6,6,6,6,2,4,2,2,4,4,2,2,2,2,2,6,2,4,4,2,2,2,2,2,2,2,4,5,5,5,1,2,2,2,2,9,1,7,2,2,2,5,2,2,2,2,2,2,2,2,2,2,3,3,3,2,2,2,7,7,7,7,7,7,7,7,8,8,8,8,8,8,8,8","0.000932931900024414","fast_greedy","edit-xhwikibooks.graphml"
"0.32","0.22","0.46","0.726020788561905","1,1,1,1,1,4,1,4,4,9,1,3,4,4,4,5,9,1,7,3,2,6,4,4,4,4,4,5,1,9,1,7,3,3,7,7,8,4,2,2,2,2,6,6,6,6,2,6,6,6,2,2,2,2,2,6,6,6,6,2,4,2,2,4,4,2,2,2,2,2,6,2,4,4,2,2,2,2,2,2,2,4,5,5,5,1,2,2,2,2,9,1,7,2,2,2,5,2,2,2,2,2,2,2,2,2,2,3,3,3,2,2,2,7,7,7,7,7,7,7,7,8,8,8,8,8,8,8,8","0.00097203254699707","fast_greedy","edit-xhwikibooks.graphml"
"0.31","0.23","0.46","0.726020788561905","1,1,1,1,1,4,1,4,4,9,1,3,4,4,4,5,9,1,7,3,2,6,4,4,4,4,4,5,1,9,1,7,3,3,7,7,8,4,2,2,2,2,6,6,6,6,2,6,6,6,2,2,2,2,2,6,6,6,6,2,4,2,2,4,4,2,2,2,2,2,6,2,4,4,2,2,2,2,2,2,2,4,5,5,5,1,2,2,2,2,9,1,7,2,2,2,5,2,2,2,2,2,2,2,2,2,2,3,3,3,2,2,2,7,7,7,7,7,7,7,7,8,8,8,8,8,8,8,8","0.00109291076660156","fast_greedy","edit-xhwikibooks.graphml"
"0.3","0.24","0.46","0.726020788561905","1,1,1,1,1,4,1,4,4,9,1,3,4,4,4,5,9,1,7,3,2,6,4,4,4,4,4,5,1,9,1,7,3,3,7,7,8,4,2,2,2,2,6,6,6,6,2,6,6,6,2,2,2,2,2,6,6,6,6,2,4,2,2,4,4,2,2,2,2,2,6,2,4,4,2,2,2,2,2,2,2,4,5,5,5,1,2,2,2,2,9,1,7,2,2,2,5,2,2,2,2,2,2,2,2,2,2,3,3,3,2,2,2,7,7,7,7,7,7,7,7,8,8,8,8,8,8,8,8","0.000940084457397461","fast_greedy","edit-xhwikibooks.graphml"
"0.29","0.25","0.46","0.726020788561905","1,1,1,1,1,4,1,4,4,9,1,3,4,4,4,5,9,1,7,3,2,6,4,4,4,4,4,5,1,9,1,7,3,3,7,7,8,4,2,2,2,2,6,6,6,6,2,6,6,6,2,2,2,2,2,6,6,6,6,2,4,2,2,4,4,2,2,2,2,2,6,2,4,4,2,2,2,2,2,2,2,4,5,5,5,1,2,2,2,2,9,1,7,2,2,2,5,2,2,2,2,2,2,2,2,2,2,3,3,3,2,2,2,7,7,7,7,7,7,7,7,8,8,8,8,8,8,8,8","0.000962018966674805","fast_greedy","edit-xhwikibooks.graphml"
"0.28","0.26","0.46","0.726020788561905","1,1,1,1,1,4,1,4,4,9,1,3,4,4,4,5,9,1,7,3,2,6,4,4,4,4,4,5,1,9,1,7,3,3,7,7,8,4,2,2,2,2,6,6,6,6,2,6,6,6,2,2,2,2,2,6,6,6,6,2,4,2,2,4,4,2,2,2,2,2,6,2,4,4,2,2,2,2,2,2,2,4,5,5,5,1,2,2,2,2,9,1,7,2,2,2,5,2,2,2,2,2,2,2,2,2,2,3,3,3,2,2,2,7,7,7,7,7,7,7,7,8,8,8,8,8,8,8,8","0.000963926315307617","fast_greedy","edit-xhwikibooks.graphml"
"0.27","0.27","0.46","0.726020788561905","1,1,1,1,1,4,1,4,4,9,1,3,4,4,4,5,9,1,7,3,2,6,4,4,4,4,4,5,1,9,1,7,3,3,7,7,8,4,2,2,2,2,6,6,6,6,2,6,6,6,2,2,2,2,2,6,6,6,6,2,4,2,2,4,4,2,2,2,2,2,6,2,4,4,2,2,2,2,2,2,2,4,5,5,5,1,2,2,2,2,9,1,7,2,2,2,5,2,2,2,2,2,2,2,2,2,2,3,3,3,2,2,2,7,7,7,7,7,7,7,7,8,8,8,8,8,8,8,8","0.00094294548034668","fast_greedy","edit-xhwikibooks.graphml"
"0.26","0.28","0.46","0.726020788561905","1,1,1,1,1,4,1,4,4,9,1,3,4,4,4,5,9,1,7,3,2,6,4,4,4,4,4,5,1,9,1,7,3,3,7,7,8,4,2,2,2,2,6,6,6,6,2,6,6,6,2,2,2,2,2,6,6,6,6,2,4,2,2,4,4,2,2,2,2,2,6,2,4,4,2,2,2,2,2,2,2,4,5,5,5,1,2,2,2,2,9,1,7,2,2,2,5,2,2,2,2,2,2,2,2,2,2,3,3,3,2,2,2,7,7,7,7,7,7,7,7,8,8,8,8,8,8,8,8","0.000960111618041992","fast_greedy","edit-xhwikibooks.graphml"
"0.25","0.29","0.46","0.726020788561905","1,1,1,1,1,4,1,4,4,9,1,3,4,4,4,5,9,1,7,3,2,6,4,4,4,4,4,5,1,9,1,7,3,3,7,7,8,4,2,2,2,2,6,6,6,6,2,6,6,6,2,2,2,2,2,6,6,6,6,2,4,2,2,4,4,2,2,2,2,2,6,2,4,4,2,2,2,2,2,2,2,4,5,5,5,1,2,2,2,2,9,1,7,2,2,2,5,2,2,2,2,2,2,2,2,2,2,3,3,3,2,2,2,7,7,7,7,7,7,7,7,8,8,8,8,8,8,8,8","0.000936031341552734","fast_greedy","edit-xhwikibooks.graphml"
"0.24","0.3","0.46","0.726020788561905","1,1,1,1,1,4,1,4,4,9,1,3,4,4,4,5,9,1,7,3,2,6,4,4,4,4,4,5,1,9,1,7,3,3,7,7,8,4,2,2,2,2,6,6,6,6,2,6,6,6,2,2,2,2,2,6,6,6,6,2,4,2,2,4,4,2,2,2,2,2,6,2,4,4,2,2,2,2,2,2,2,4,5,5,5,1,2,2,2,2,9,1,7,2,2,2,5,2,2,2,2,2,2,2,2,2,2,3,3,3,2,2,2,7,7,7,7,7,7,7,7,8,8,8,8,8,8,8,8","0.000950098037719727","fast_greedy","edit-xhwikibooks.graphml"
"0.23","0.31","0.46","0.726020788561905","1,1,1,1,1,4,1,4,4,9,1,3,4,4,4,5,9,1,7,3,2,6,4,4,4,4,4,5,1,9,1,7,3,3,7,7,8,4,2,2,2,2,6,6,6,6,2,6,6,6,2,2,2,2,2,6,6,6,6,2,4,2,2,4,4,2,2,2,2,2,6,2,4,4,2,2,2,2,2,2,2,4,5,5,5,1,2,2,2,2,9,1,7,2,2,2,5,2,2,2,2,2,2,2,2,2,2,3,3,3,2,2,2,7,7,7,7,7,7,7,7,8,8,8,8,8,8,8,8","0.000928163528442383","fast_greedy","edit-xhwikibooks.graphml"
"0.22","0.32","0.46","0.726020788561905","1,1,1,1,1,4,1,4,4,9,1,3,4,4,4,5,9,1,7,3,2,6,4,4,4,4,4,5,1,9,1,7,3,3,7,7,8,4,2,2,2,2,6,6,6,6,2,6,6,6,2,2,2,2,2,6,6,6,6,2,4,2,2,4,4,2,2,2,2,2,6,2,4,4,2,2,2,2,2,2,2,4,5,5,5,1,2,2,2,2,9,1,7,2,2,2,5,2,2,2,2,2,2,2,2,2,2,3,3,3,2,2,2,7,7,7,7,7,7,7,7,8,8,8,8,8,8,8,8","0.000943183898925781","fast_greedy","edit-xhwikibooks.graphml"
"0.21","0.33","0.46","0.726020788561905","1,1,1,1,1,4,1,4,4,9,1,3,4,4,4,5,9,1,7,3,2,6,4,4,4,4,4,5,1,9,1,7,3,3,7,7,8,4,2,2,2,2,6,6,6,6,2,6,6,6,2,2,2,2,2,6,6,6,6,2,4,2,2,4,4,2,2,2,2,2,6,2,4,4,2,2,2,2,2,2,2,4,5,5,5,1,2,2,2,2,9,1,7,2,2,2,5,2,2,2,2,2,2,2,2,2,2,3,3,3,2,2,2,7,7,7,7,7,7,7,7,8,8,8,8,8,8,8,8","0.000954151153564453","fast_greedy","edit-xhwikibooks.graphml"
"0.2","0.34","0.46","0.726411011080332","1,1,1,1,1,5,1,5,5,9,1,3,5,5,5,4,9,1,7,3,2,6,5,5,5,5,5,4,1,9,1,7,3,3,7,7,8,5,2,2,2,2,6,6,6,6,2,6,6,6,2,2,2,2,2,6,6,6,6,2,5,2,2,5,5,2,2,2,2,2,6,2,5,5,2,2,2,2,2,2,2,5,4,4,4,1,2,2,2,2,9,1,7,2,2,2,4,2,2,2,2,2,2,2,2,2,2,3,3,3,2,2,2,7,7,7,7,7,7,7,7,8,8,8,8,8,8,8,8","0.000952005386352539","fast_greedy","edit-xhwikibooks.graphml"
"0.19","0.35","0.46","0.726411011080332","1,1,1,1,1,5,1,5,5,9,1,3,5,5,5,4,9,1,7,3,2,6,5,5,5,5,5,4,1,9,1,7,3,3,7,7,8,5,2,2,2,2,6,6,6,6,2,6,6,6,2,2,2,2,2,6,6,6,6,2,5,2,2,5,5,2,2,2,2,2,6,2,5,5,2,2,2,2,2,2,2,5,4,4,4,1,2,2,2,2,9,1,7,2,2,2,4,2,2,2,2,2,2,2,2,2,2,3,3,3,2,2,2,7,7,7,7,7,7,7,7,8,8,8,8,8,8,8,8","0.000948905944824219","fast_greedy","edit-xhwikibooks.graphml"
"0.18","0.36","0.46","0.726411011080332","1,1,1,1,1,5,1,5,5,9,1,3,5,5,5,4,9,1,7,3,2,6,5,5,5,5,5,4,1,9,1,7,3,3,7,7,8,5,2,2,2,2,6,6,6,6,2,6,6,6,2,2,2,2,2,6,6,6,6,2,5,2,2,5,5,2,2,2,2,2,6,2,5,5,2,2,2,2,2,2,2,5,4,4,4,1,2,2,2,2,9,1,7,2,2,2,4,2,2,2,2,2,2,2,2,2,2,3,3,3,2,2,2,7,7,7,7,7,7,7,7,8,8,8,8,8,8,8,8","0.000937938690185547","fast_greedy","edit-xhwikibooks.graphml"
"0.17","0.37","0.46","0.726411011080332","1,1,1,1,1,5,1,5,5,9,1,3,5,5,5,4,9,1,7,3,2,6,5,5,5,5,5,4,1,9,1,7,3,3,7,7,8,5,2,2,2,2,6,6,6,6,2,6,6,6,2,2,2,2,2,6,6,6,6,2,5,2,2,5,5,2,2,2,2,2,6,2,5,5,2,2,2,2,2,2,2,5,4,4,4,1,2,2,2,2,9,1,7,2,2,2,4,2,2,2,2,2,2,2,2,2,2,3,3,3,2,2,2,7,7,7,7,7,7,7,7,8,8,8,8,8,8,8,8","0.000962972640991211","fast_greedy","edit-xhwikibooks.graphml"
"0.16","0.38","0.46","0.726411011080332","1,1,1,1,1,5,1,5,5,9,1,3,5,5,5,4,9,1,7,3,2,6,5,5,5,5,5,4,1,9,1,7,3,3,7,7,8,5,2,2,2,2,6,6,6,6,2,6,6,6,2,2,2,2,2,6,6,6,6,2,5,2,2,5,5,2,2,2,2,2,6,2,5,5,2,2,2,2,2,2,2,5,4,4,4,1,2,2,2,2,9,1,7,2,2,2,4,2,2,2,2,2,2,2,2,2,2,3,3,3,2,2,2,7,7,7,7,7,7,7,7,8,8,8,8,8,8,8,8","0.00104904174804688","fast_greedy","edit-xhwikibooks.graphml"
"0.15","0.39","0.46","0.726411011080332","1,1,1,1,1,5,1,5,5,9,1,3,5,5,5,4,9,1,7,3,2,6,5,5,5,5,5,4,1,9,1,7,3,3,7,7,8,5,2,2,2,2,6,6,6,6,2,6,6,6,2,2,2,2,2,6,6,6,6,2,5,2,2,5,5,2,2,2,2,2,6,2,5,5,2,2,2,2,2,2,2,5,4,4,4,1,2,2,2,2,9,1,7,2,2,2,4,2,2,2,2,2,2,2,2,2,2,3,3,3,2,2,2,7,7,7,7,7,7,7,7,8,8,8,8,8,8,8,8","0.000942230224609375","fast_greedy","edit-xhwikibooks.graphml"
"0.14","0.4","0.46","0.726411011080332","1,1,1,1,1,5,1,5,5,9,1,3,5,5,5,4,9,1,7,3,2,6,5,5,5,5,5,4,1,9,1,7,3,3,7,7,8,5,2,2,2,2,6,6,6,6,2,6,6,6,2,2,2,2,2,6,6,6,6,2,5,2,2,5,5,2,2,2,2,2,6,2,5,5,2,2,2,2,2,2,2,5,4,4,4,1,2,2,2,2,9,1,7,2,2,2,4,2,2,2,2,2,2,2,2,2,2,3,3,3,2,2,2,7,7,7,7,7,7,7,7,8,8,8,8,8,8,8,8","0.000936985015869141","fast_greedy","edit-xhwikibooks.graphml"
"0.13","0.41","0.46","0.726411011080332","1,1,1,1,1,5,1,5,5,9,1,3,5,5,5,4,9,1,7,3,2,6,5,5,5,5,5,4,1,9,1,7,3,3,7,7,8,5,2,2,2,2,6,6,6,6,2,6,6,6,2,2,2,2,2,6,6,6,6,2,5,2,2,5,5,2,2,2,2,2,6,2,5,5,2,2,2,2,2,2,2,5,4,4,4,1,2,2,2,2,9,1,7,2,2,2,4,2,2,2,2,2,2,2,2,2,2,3,3,3,2,2,2,7,7,7,7,7,7,7,7,8,8,8,8,8,8,8,8","0.000946998596191406","fast_greedy","edit-xhwikibooks.graphml"
"0.12","0.42","0.46","0.726411011080332","1,1,1,1,1,5,1,5,5,9,1,3,5,5,5,4,9,1,7,3,2,6,5,5,5,5,5,4,1,9,1,7,3,3,7,7,8,5,2,2,2,2,6,6,6,6,2,6,6,6,2,2,2,2,2,6,6,6,6,2,5,2,2,5,5,2,2,2,2,2,6,2,5,5,2,2,2,2,2,2,2,5,4,4,4,1,2,2,2,2,9,1,7,2,2,2,4,2,2,2,2,2,2,2,2,2,2,3,3,3,2,2,2,7,7,7,7,7,7,7,7,8,8,8,8,8,8,8,8","0.000946044921875","fast_greedy","edit-xhwikibooks.graphml"
"0.11","0.43","0.46","0.726411011080332","1,1,1,1,1,5,1,5,5,9,1,3,5,5,5,4,9,1,7,3,2,6,5,5,5,5,5,4,1,9,1,7,3,3,7,7,8,5,2,2,2,2,6,6,6,6,2,6,6,6,2,2,2,2,2,6,6,6,6,2,5,2,2,5,5,2,2,2,2,2,6,2,5,5,2,2,2,2,2,2,2,5,4,4,4,1,2,2,2,2,9,1,7,2,2,2,4,2,2,2,2,2,2,2,2,2,2,3,3,3,2,2,2,7,7,7,7,7,7,7,7,8,8,8,8,8,8,8,8","0.00094294548034668","fast_greedy","edit-xhwikibooks.graphml"
"0.1","0.44","0.46","0.726411011080332","1,1,1,1,1,5,1,5,5,9,1,3,5,5,5,4,9,1,7,3,2,6,5,5,5,5,5,4,1,9,1,7,3,3,7,7,8,5,2,2,2,2,6,6,6,6,2,6,6,6,2,2,2,2,2,6,6,6,6,2,5,2,2,5,5,2,2,2,2,2,6,2,5,5,2,2,2,2,2,2,2,5,4,4,4,1,2,2,2,2,9,1,7,2,2,2,4,2,2,2,2,2,2,2,2,2,2,3,3,3,2,2,2,7,7,7,7,7,7,7,7,8,8,8,8,8,8,8,8","0.000952959060668945","fast_greedy","edit-xhwikibooks.graphml"
"0.09","0.45","0.46","0.726411011080332","1,1,1,1,1,5,1,5,5,9,1,3,5,5,5,4,9,1,7,3,2,6,5,5,5,5,5,4,1,9,1,7,3,3,7,7,8,5,2,2,2,2,6,6,6,6,2,6,6,6,2,2,2,2,2,6,6,6,6,2,5,2,2,5,5,2,2,2,2,2,6,2,5,5,2,2,2,2,2,2,2,5,4,4,4,1,2,2,2,2,9,1,7,2,2,2,4,2,2,2,2,2,2,2,2,2,2,3,3,3,2,2,2,7,7,7,7,7,7,7,7,8,8,8,8,8,8,8,8","0.000921010971069336","fast_greedy","edit-xhwikibooks.graphml"
"0.08","0.46","0.46","0.726411011080332","1,1,1,1,1,5,1,5,5,9,1,3,5,5,5,4,9,1,7,3,2,6,5,5,5,5,5,4,1,9,1,7,3,3,7,7,8,5,2,2,2,2,6,6,6,6,2,6,6,6,2,2,2,2,2,6,6,6,6,2,5,2,2,5,5,2,2,2,2,2,6,2,5,5,2,2,2,2,2,2,2,5,4,4,4,1,2,2,2,2,9,1,7,2,2,2,4,2,2,2,2,2,2,2,2,2,2,3,3,3,2,2,2,7,7,7,7,7,7,7,7,8,8,8,8,8,8,8,8","0.000928878784179688","fast_greedy","edit-xhwikibooks.graphml"
"0.07","0.47","0.46","0.71826553750752","1,1,1,1,1,5,1,5,5,9,1,3,5,5,5,4,9,1,7,3,2,6,5,5,5,5,5,4,1,9,1,7,3,3,7,7,8,5,2,2,2,2,6,6,6,6,2,6,6,6,2,2,2,2,2,6,6,6,6,2,10,2,2,5,5,2,2,2,2,2,6,2,5,5,2,2,2,2,2,2,2,5,4,4,4,11,2,2,2,2,12,13,14,2,2,2,4,2,2,2,2,2,2,2,2,2,2,3,3,3,2,2,2,7,7,7,7,7,7,7,7,8,8,8,8,8,8,8,8","0.000951051712036133","fast_greedy","edit-xhwikibooks.graphml"
"0.06","0.48","0.46","0.71826553750752","1,1,1,1,1,5,1,5,5,9,1,3,5,5,5,4,9,1,7,3,2,6,5,5,5,5,5,4,1,9,1,7,3,3,7,7,8,5,2,2,2,2,6,6,6,6,2,6,6,6,2,2,2,2,2,6,6,6,6,2,10,2,2,5,5,2,2,2,2,2,6,2,5,5,2,2,2,2,2,2,2,5,4,4,4,11,2,2,2,2,12,13,14,2,2,2,4,2,2,2,2,2,2,2,2,2,2,3,3,3,2,2,2,7,7,7,7,7,7,7,7,8,8,8,8,8,8,8,8","0.000995874404907227","fast_greedy","edit-xhwikibooks.graphml"
"0.05","0.49","0.46","0.71826553750752","1,1,1,1,1,5,1,5,5,9,1,3,5,5,5,4,9,1,7,3,2,6,5,5,5,5,5,4,1,9,1,7,3,3,7,7,8,5,2,2,2,2,6,6,6,6,2,6,6,6,2,2,2,2,2,6,6,6,6,2,10,2,2,5,5,2,2,2,2,2,6,2,5,5,2,2,2,2,2,2,2,5,4,4,4,11,2,2,2,2,12,13,14,2,2,2,4,2,2,2,2,2,2,2,2,2,2,3,3,3,2,2,2,7,7,7,7,7,7,7,7,8,8,8,8,8,8,8,8","0.000937938690185547","fast_greedy","edit-xhwikibooks.graphml"
"0.04","0.5","0.46","0.728459249166338","1,1,1,1,1,6,1,6,6,9,1,3,6,6,6,4,9,1,7,3,2,5,6,6,6,6,6,4,1,9,1,7,3,3,7,7,8,6,2,2,2,2,5,5,5,5,2,5,5,5,2,2,2,2,2,5,5,5,5,2,10,2,2,6,6,2,2,2,2,2,5,2,6,6,2,2,2,2,2,2,2,6,4,4,4,11,2,2,2,2,12,13,14,2,2,2,4,2,2,2,2,2,2,2,2,2,2,3,3,3,2,2,2,7,7,7,7,7,7,7,7,8,8,8,8,8,8,8,8","0.000944852828979492","fast_greedy","edit-xhwikibooks.graphml"
"0.03","0.51","0.46","0.728459249166338","1,1,1,1,1,6,1,6,6,9,1,3,6,6,6,4,9,1,7,3,2,5,6,6,6,6,6,4,1,9,1,7,3,3,7,7,8,6,2,2,2,2,5,5,5,5,2,5,5,5,2,2,2,2,2,5,5,5,5,2,10,2,2,6,6,2,2,2,2,2,5,2,6,6,2,2,2,2,2,2,2,6,4,4,4,11,2,2,2,2,12,13,14,2,2,2,4,2,2,2,2,2,2,2,2,2,2,3,3,3,2,2,2,7,7,7,7,7,7,7,7,8,8,8,8,8,8,8,8","0.000936985015869141","fast_greedy","edit-xhwikibooks.graphml"
"0.02","0.52","0.46","0.728459249166338","1,1,1,1,1,6,1,6,6,9,1,3,6,6,6,4,9,1,7,3,2,5,6,6,6,6,6,4,1,9,1,7,3,3,7,7,8,6,2,2,2,2,5,5,5,5,2,5,5,5,2,2,2,2,2,5,5,5,5,2,10,2,2,6,6,2,2,2,2,2,5,2,6,6,2,2,2,2,2,2,2,6,4,4,4,11,2,2,2,2,12,13,14,2,2,2,4,2,2,2,2,2,2,2,2,2,2,3,3,3,2,2,2,7,7,7,7,7,7,7,7,8,8,8,8,8,8,8,8","0.000951051712036133","fast_greedy","edit-xhwikibooks.graphml"
"0.01","0.53","0.46","0.728459249166338","1,1,1,1,1,6,1,6,6,9,1,3,6,6,6,4,9,1,7,3,2,5,6,6,6,6,6,4,1,9,1,7,3,3,7,7,8,6,2,2,2,2,5,5,5,5,2,5,5,5,2,2,2,2,2,5,5,5,5,2,10,2,2,6,6,2,2,2,2,2,5,2,6,6,2,2,2,2,2,2,2,6,4,4,4,11,2,2,2,2,12,13,14,2,2,2,4,2,2,2,2,2,2,2,2,2,2,3,3,3,2,2,2,7,7,7,7,7,7,7,7,8,8,8,8,8,8,8,8","0.00095820426940918","fast_greedy","edit-xhwikibooks.graphml"
"0","0.54","0.46","0.72014136609856","1,1,1,1,1,1,2,1,6,1,2,2,6,6,6,4,1,2,7,2,3,5,6,6,6,6,6,4,1,1,2,7,2,2,7,7,8,6,3,3,3,3,5,5,5,5,3,5,5,5,3,3,3,3,3,5,5,5,5,3,9,3,3,6,6,3,3,3,3,3,5,3,6,6,3,3,3,3,3,3,3,6,4,4,4,10,3,3,3,3,11,12,13,3,3,3,4,3,3,3,3,3,3,3,3,3,3,2,2,2,3,3,3,7,7,7,7,7,7,7,7,8,8,8,8,8,8,8,8","0.000946998596191406","fast_greedy","edit-xhwikibooks.graphml"
"0.53","0","0.47","0.724977777777778","1,1,1,1,1,4,1,4,4,9,1,3,4,4,4,5,9,1,7,3,2,6,4,4,4,4,4,5,1,9,1,7,3,3,7,7,8,4,2,2,2,2,6,6,6,6,2,6,6,6,2,2,2,2,2,6,6,6,6,2,4,2,2,4,4,2,2,2,2,2,6,2,4,4,2,2,2,2,2,2,2,4,5,5,5,1,2,2,2,2,9,1,7,2,2,2,5,2,2,2,2,2,2,2,2,2,2,3,3,3,2,2,2,7,7,7,7,7,7,7,7,8,8,8,8,8,8,8,8","0.000957012176513672","fast_greedy","edit-xhwikibooks.graphml"
"0.52","0.01","0.47","0.724977777777778","1,1,1,1,1,4,1,4,4,9,1,3,4,4,4,5,9,1,7,3,2,6,4,4,4,4,4,5,1,9,1,7,3,3,7,7,8,4,2,2,2,2,6,6,6,6,2,6,6,6,2,2,2,2,2,6,6,6,6,2,4,2,2,4,4,2,2,2,2,2,6,2,4,4,2,2,2,2,2,2,2,4,5,5,5,1,2,2,2,2,9,1,7,2,2,2,5,2,2,2,2,2,2,2,2,2,2,3,3,3,2,2,2,7,7,7,7,7,7,7,7,8,8,8,8,8,8,8,8","0.000932931900024414","fast_greedy","edit-xhwikibooks.graphml"
"0.51","0.02","0.47","0.724977777777778","1,1,1,1,1,4,1,4,4,9,1,3,4,4,4,5,9,1,7,3,2,6,4,4,4,4,4,5,1,9,1,7,3,3,7,7,8,4,2,2,2,2,6,6,6,6,2,6,6,6,2,2,2,2,2,6,6,6,6,2,4,2,2,4,4,2,2,2,2,2,6,2,4,4,2,2,2,2,2,2,2,4,5,5,5,1,2,2,2,2,9,1,7,2,2,2,5,2,2,2,2,2,2,2,2,2,2,3,3,3,2,2,2,7,7,7,7,7,7,7,7,8,8,8,8,8,8,8,8","0.000938892364501953","fast_greedy","edit-xhwikibooks.graphml"
"0.5","0.03","0.47","0.724977777777778","1,1,1,1,1,4,1,4,4,9,1,3,4,4,4,5,9,1,7,3,2,6,4,4,4,4,4,5,1,9,1,7,3,3,7,7,8,4,2,2,2,2,6,6,6,6,2,6,6,6,2,2,2,2,2,6,6,6,6,2,4,2,2,4,4,2,2,2,2,2,6,2,4,4,2,2,2,2,2,2,2,4,5,5,5,1,2,2,2,2,9,1,7,2,2,2,5,2,2,2,2,2,2,2,2,2,2,3,3,3,2,2,2,7,7,7,7,7,7,7,7,8,8,8,8,8,8,8,8","0.000945091247558594","fast_greedy","edit-xhwikibooks.graphml"
"0.49","0.04","0.47","0.724977777777778","1,1,1,1,1,4,1,4,4,9,1,3,4,4,4,5,9,1,7,3,2,6,4,4,4,4,4,5,1,9,1,7,3,3,7,7,8,4,2,2,2,2,6,6,6,6,2,6,6,6,2,2,2,2,2,6,6,6,6,2,4,2,2,4,4,2,2,2,2,2,6,2,4,4,2,2,2,2,2,2,2,4,5,5,5,1,2,2,2,2,9,1,7,2,2,2,5,2,2,2,2,2,2,2,2,2,2,3,3,3,2,2,2,7,7,7,7,7,7,7,7,8,8,8,8,8,8,8,8","0.000925064086914062","fast_greedy","edit-xhwikibooks.graphml"
"0.48","0.05","0.47","0.724977777777778","1,1,1,1,1,4,1,4,4,9,1,3,4,4,4,5,9,1,7,3,2,6,4,4,4,4,4,5,1,9,1,7,3,3,7,7,8,4,2,2,2,2,6,6,6,6,2,6,6,6,2,2,2,2,2,6,6,6,6,2,4,2,2,4,4,2,2,2,2,2,6,2,4,4,2,2,2,2,2,2,2,4,5,5,5,1,2,2,2,2,9,1,7,2,2,2,5,2,2,2,2,2,2,2,2,2,2,3,3,3,2,2,2,7,7,7,7,7,7,7,7,8,8,8,8,8,8,8,8","0.000893115997314453","fast_greedy","edit-xhwikibooks.graphml"
"0.47","0.06","0.47","0.724977777777778","1,1,1,1,1,4,1,4,4,9,1,3,4,4,4,5,9,1,7,3,2,6,4,4,4,4,4,5,1,9,1,7,3,3,7,7,8,4,2,2,2,2,6,6,6,6,2,6,6,6,2,2,2,2,2,6,6,6,6,2,4,2,2,4,4,2,2,2,2,2,6,2,4,4,2,2,2,2,2,2,2,4,5,5,5,1,2,2,2,2,9,1,7,2,2,2,5,2,2,2,2,2,2,2,2,2,2,3,3,3,2,2,2,7,7,7,7,7,7,7,7,8,8,8,8,8,8,8,8","0.000934123992919922","fast_greedy","edit-xhwikibooks.graphml"
"0.46","0.07","0.47","0.724977777777778","1,1,1,1,1,4,1,4,4,9,1,3,4,4,4,5,9,1,7,3,2,6,4,4,4,4,4,5,1,9,1,7,3,3,7,7,8,4,2,2,2,2,6,6,6,6,2,6,6,6,2,2,2,2,2,6,6,6,6,2,4,2,2,4,4,2,2,2,2,2,6,2,4,4,2,2,2,2,2,2,2,4,5,5,5,1,2,2,2,2,9,1,7,2,2,2,5,2,2,2,2,2,2,2,2,2,2,3,3,3,2,2,2,7,7,7,7,7,7,7,7,8,8,8,8,8,8,8,8","0.000953912734985352","fast_greedy","edit-xhwikibooks.graphml"
"0.45","0.08","0.47","0.724977777777778","1,1,1,1,1,4,1,4,4,9,1,3,4,4,4,5,9,1,7,3,2,6,4,4,4,4,4,5,1,9,1,7,3,3,7,7,8,4,2,2,2,2,6,6,6,6,2,6,6,6,2,2,2,2,2,6,6,6,6,2,4,2,2,4,4,2,2,2,2,2,6,2,4,4,2,2,2,2,2,2,2,4,5,5,5,1,2,2,2,2,9,1,7,2,2,2,5,2,2,2,2,2,2,2,2,2,2,3,3,3,2,2,2,7,7,7,7,7,7,7,7,8,8,8,8,8,8,8,8","0.000974178314208984","fast_greedy","edit-xhwikibooks.graphml"
"0.44","0.09","0.47","0.724977777777778","1,1,1,1,1,4,1,4,4,9,1,3,4,4,4,5,9,1,7,3,2,6,4,4,4,4,4,5,1,9,1,7,3,3,7,7,8,4,2,2,2,2,6,6,6,6,2,6,6,6,2,2,2,2,2,6,6,6,6,2,4,2,2,4,4,2,2,2,2,2,6,2,4,4,2,2,2,2,2,2,2,4,5,5,5,1,2,2,2,2,9,1,7,2,2,2,5,2,2,2,2,2,2,2,2,2,2,3,3,3,2,2,2,7,7,7,7,7,7,7,7,8,8,8,8,8,8,8,8","0.000957965850830078","fast_greedy","edit-xhwikibooks.graphml"
"0.43","0.1","0.47","0.724977777777778","1,1,1,1,1,4,1,4,4,9,1,3,4,4,4,5,9,1,7,3,2,6,4,4,4,4,4,5,1,9,1,7,3,3,7,7,8,4,2,2,2,2,6,6,6,6,2,6,6,6,2,2,2,2,2,6,6,6,6,2,4,2,2,4,4,2,2,2,2,2,6,2,4,4,2,2,2,2,2,2,2,4,5,5,5,1,2,2,2,2,9,1,7,2,2,2,5,2,2,2,2,2,2,2,2,2,2,3,3,3,2,2,2,7,7,7,7,7,7,7,7,8,8,8,8,8,8,8,8","0.000958919525146484","fast_greedy","edit-xhwikibooks.graphml"
"0.42","0.11","0.47","0.724977777777778","1,1,1,1,1,4,1,4,4,9,1,3,4,4,4,5,9,1,7,3,2,6,4,4,4,4,4,5,1,9,1,7,3,3,7,7,8,4,2,2,2,2,6,6,6,6,2,6,6,6,2,2,2,2,2,6,6,6,6,2,4,2,2,4,4,2,2,2,2,2,6,2,4,4,2,2,2,2,2,2,2,4,5,5,5,1,2,2,2,2,9,1,7,2,2,2,5,2,2,2,2,2,2,2,2,2,2,3,3,3,2,2,2,7,7,7,7,7,7,7,7,8,8,8,8,8,8,8,8","0.000964164733886719","fast_greedy","edit-xhwikibooks.graphml"
"0.41","0.12","0.47","0.724977777777778","1,1,1,1,1,4,1,4,4,9,1,3,4,4,4,5,9,1,7,3,2,6,4,4,4,4,4,5,1,9,1,7,3,3,7,7,8,4,2,2,2,2,6,6,6,6,2,6,6,6,2,2,2,2,2,6,6,6,6,2,4,2,2,4,4,2,2,2,2,2,6,2,4,4,2,2,2,2,2,2,2,4,5,5,5,1,2,2,2,2,9,1,7,2,2,2,5,2,2,2,2,2,2,2,2,2,2,3,3,3,2,2,2,7,7,7,7,7,7,7,7,8,8,8,8,8,8,8,8","0.00117993354797363","fast_greedy","edit-xhwikibooks.graphml"
"0.4","0.13","0.47","0.724977777777778","1,1,1,1,1,4,1,4,4,9,1,3,4,4,4,5,9,1,7,3,2,6,4,4,4,4,4,5,1,9,1,7,3,3,7,7,8,4,2,2,2,2,6,6,6,6,2,6,6,6,2,2,2,2,2,6,6,6,6,2,4,2,2,4,4,2,2,2,2,2,6,2,4,4,2,2,2,2,2,2,2,4,5,5,5,1,2,2,2,2,9,1,7,2,2,2,5,2,2,2,2,2,2,2,2,2,2,3,3,3,2,2,2,7,7,7,7,7,7,7,7,8,8,8,8,8,8,8,8","0.00130391120910645","fast_greedy","edit-xhwikibooks.graphml"
"0.39","0.14","0.47","0.724977777777778","1,1,1,1,1,4,1,4,4,9,1,3,4,4,4,5,9,1,7,3,2,6,4,4,4,4,4,5,1,9,1,7,3,3,7,7,8,4,2,2,2,2,6,6,6,6,2,6,6,6,2,2,2,2,2,6,6,6,6,2,4,2,2,4,4,2,2,2,2,2,6,2,4,4,2,2,2,2,2,2,2,4,5,5,5,1,2,2,2,2,9,1,7,2,2,2,5,2,2,2,2,2,2,2,2,2,2,3,3,3,2,2,2,7,7,7,7,7,7,7,7,8,8,8,8,8,8,8,8","0.000994205474853516","fast_greedy","edit-xhwikibooks.graphml"
"0.38","0.15","0.47","0.724977777777778","1,1,1,1,1,4,1,4,4,9,1,3,4,4,4,5,9,1,7,3,2,6,4,4,4,4,4,5,1,9,1,7,3,3,7,7,8,4,2,2,2,2,6,6,6,6,2,6,6,6,2,2,2,2,2,6,6,6,6,2,4,2,2,4,4,2,2,2,2,2,6,2,4,4,2,2,2,2,2,2,2,4,5,5,5,1,2,2,2,2,9,1,7,2,2,2,5,2,2,2,2,2,2,2,2,2,2,3,3,3,2,2,2,7,7,7,7,7,7,7,7,8,8,8,8,8,8,8,8","0.000940084457397461","fast_greedy","edit-xhwikibooks.graphml"
"0.37","0.16","0.47","0.724977777777778","1,1,1,1,1,4,1,4,4,9,1,3,4,4,4,5,9,1,7,3,2,6,4,4,4,4,4,5,1,9,1,7,3,3,7,7,8,4,2,2,2,2,6,6,6,6,2,6,6,6,2,2,2,2,2,6,6,6,6,2,4,2,2,4,4,2,2,2,2,2,6,2,4,4,2,2,2,2,2,2,2,4,5,5,5,1,2,2,2,2,9,1,7,2,2,2,5,2,2,2,2,2,2,2,2,2,2,3,3,3,2,2,2,7,7,7,7,7,7,7,7,8,8,8,8,8,8,8,8","0.000956058502197266","fast_greedy","edit-xhwikibooks.graphml"
"0.36","0.17","0.47","0.726020788561905","1,1,1,1,1,4,1,4,4,9,1,3,4,4,4,5,9,1,7,3,2,6,4,4,4,4,4,5,1,9,1,7,3,3,7,7,8,4,2,2,2,2,6,6,6,6,2,6,6,6,2,2,2,2,2,6,6,6,6,2,4,2,2,4,4,2,2,2,2,2,6,2,4,4,2,2,2,2,2,2,2,4,5,5,5,1,2,2,2,2,9,1,7,2,2,2,5,2,2,2,2,2,2,2,2,2,2,3,3,3,2,2,2,7,7,7,7,7,7,7,7,8,8,8,8,8,8,8,8","0.000936985015869141","fast_greedy","edit-xhwikibooks.graphml"
"0.35","0.18","0.47","0.726020788561905","1,1,1,1,1,4,1,4,4,9,1,3,4,4,4,5,9,1,7,3,2,6,4,4,4,4,4,5,1,9,1,7,3,3,7,7,8,4,2,2,2,2,6,6,6,6,2,6,6,6,2,2,2,2,2,6,6,6,6,2,4,2,2,4,4,2,2,2,2,2,6,2,4,4,2,2,2,2,2,2,2,4,5,5,5,1,2,2,2,2,9,1,7,2,2,2,5,2,2,2,2,2,2,2,2,2,2,3,3,3,2,2,2,7,7,7,7,7,7,7,7,8,8,8,8,8,8,8,8","0.000983953475952148","fast_greedy","edit-xhwikibooks.graphml"
"0.34","0.19","0.47","0.726020788561905","1,1,1,1,1,4,1,4,4,9,1,3,4,4,4,5,9,1,7,3,2,6,4,4,4,4,4,5,1,9,1,7,3,3,7,7,8,4,2,2,2,2,6,6,6,6,2,6,6,6,2,2,2,2,2,6,6,6,6,2,4,2,2,4,4,2,2,2,2,2,6,2,4,4,2,2,2,2,2,2,2,4,5,5,5,1,2,2,2,2,9,1,7,2,2,2,5,2,2,2,2,2,2,2,2,2,2,3,3,3,2,2,2,7,7,7,7,7,7,7,7,8,8,8,8,8,8,8,8","0.000974893569946289","fast_greedy","edit-xhwikibooks.graphml"
"0.33","0.2","0.47","0.726020788561905","1,1,1,1,1,4,1,4,4,9,1,3,4,4,4,5,9,1,7,3,2,6,4,4,4,4,4,5,1,9,1,7,3,3,7,7,8,4,2,2,2,2,6,6,6,6,2,6,6,6,2,2,2,2,2,6,6,6,6,2,4,2,2,4,4,2,2,2,2,2,6,2,4,4,2,2,2,2,2,2,2,4,5,5,5,1,2,2,2,2,9,1,7,2,2,2,5,2,2,2,2,2,2,2,2,2,2,3,3,3,2,2,2,7,7,7,7,7,7,7,7,8,8,8,8,8,8,8,8","0.000993967056274414","fast_greedy","edit-xhwikibooks.graphml"
"0.32","0.21","0.47","0.726020788561905","1,1,1,1,1,4,1,4,4,9,1,3,4,4,4,5,9,1,7,3,2,6,4,4,4,4,4,5,1,9,1,7,3,3,7,7,8,4,2,2,2,2,6,6,6,6,2,6,6,6,2,2,2,2,2,6,6,6,6,2,4,2,2,4,4,2,2,2,2,2,6,2,4,4,2,2,2,2,2,2,2,4,5,5,5,1,2,2,2,2,9,1,7,2,2,2,5,2,2,2,2,2,2,2,2,2,2,3,3,3,2,2,2,7,7,7,7,7,7,7,7,8,8,8,8,8,8,8,8","0.000977039337158203","fast_greedy","edit-xhwikibooks.graphml"
"0.31","0.22","0.47","0.726020788561905","1,1,1,1,1,4,1,4,4,9,1,3,4,4,4,5,9,1,7,3,2,6,4,4,4,4,4,5,1,9,1,7,3,3,7,7,8,4,2,2,2,2,6,6,6,6,2,6,6,6,2,2,2,2,2,6,6,6,6,2,4,2,2,4,4,2,2,2,2,2,6,2,4,4,2,2,2,2,2,2,2,4,5,5,5,1,2,2,2,2,9,1,7,2,2,2,5,2,2,2,2,2,2,2,2,2,2,3,3,3,2,2,2,7,7,7,7,7,7,7,7,8,8,8,8,8,8,8,8","0.00105500221252441","fast_greedy","edit-xhwikibooks.graphml"
"0.3","0.23","0.47","0.726020788561905","1,1,1,1,1,4,1,4,4,9,1,3,4,4,4,5,9,1,7,3,2,6,4,4,4,4,4,5,1,9,1,7,3,3,7,7,8,4,2,2,2,2,6,6,6,6,2,6,6,6,2,2,2,2,2,6,6,6,6,2,4,2,2,4,4,2,2,2,2,2,6,2,4,4,2,2,2,2,2,2,2,4,5,5,5,1,2,2,2,2,9,1,7,2,2,2,5,2,2,2,2,2,2,2,2,2,2,3,3,3,2,2,2,7,7,7,7,7,7,7,7,8,8,8,8,8,8,8,8","0.000926971435546875","fast_greedy","edit-xhwikibooks.graphml"
"0.29","0.24","0.47","0.726020788561905","1,1,1,1,1,4,1,4,4,9,1,3,4,4,4,5,9,1,7,3,2,6,4,4,4,4,4,5,1,9,1,7,3,3,7,7,8,4,2,2,2,2,6,6,6,6,2,6,6,6,2,2,2,2,2,6,6,6,6,2,4,2,2,4,4,2,2,2,2,2,6,2,4,4,2,2,2,2,2,2,2,4,5,5,5,1,2,2,2,2,9,1,7,2,2,2,5,2,2,2,2,2,2,2,2,2,2,3,3,3,2,2,2,7,7,7,7,7,7,7,7,8,8,8,8,8,8,8,8","0.000941038131713867","fast_greedy","edit-xhwikibooks.graphml"
"0.28","0.25","0.47","0.726020788561905","1,1,1,1,1,4,1,4,4,9,1,3,4,4,4,5,9,1,7,3,2,6,4,4,4,4,4,5,1,9,1,7,3,3,7,7,8,4,2,2,2,2,6,6,6,6,2,6,6,6,2,2,2,2,2,6,6,6,6,2,4,2,2,4,4,2,2,2,2,2,6,2,4,4,2,2,2,2,2,2,2,4,5,5,5,1,2,2,2,2,9,1,7,2,2,2,5,2,2,2,2,2,2,2,2,2,2,3,3,3,2,2,2,7,7,7,7,7,7,7,7,8,8,8,8,8,8,8,8","0.000944852828979492","fast_greedy","edit-xhwikibooks.graphml"
"0.27","0.26","0.47","0.726020788561905","1,1,1,1,1,4,1,4,4,9,1,3,4,4,4,5,9,1,7,3,2,6,4,4,4,4,4,5,1,9,1,7,3,3,7,7,8,4,2,2,2,2,6,6,6,6,2,6,6,6,2,2,2,2,2,6,6,6,6,2,4,2,2,4,4,2,2,2,2,2,6,2,4,4,2,2,2,2,2,2,2,4,5,5,5,1,2,2,2,2,9,1,7,2,2,2,5,2,2,2,2,2,2,2,2,2,2,3,3,3,2,2,2,7,7,7,7,7,7,7,7,8,8,8,8,8,8,8,8","0.000952005386352539","fast_greedy","edit-xhwikibooks.graphml"
"0.26","0.27","0.47","0.726020788561905","1,1,1,1,1,4,1,4,4,9,1,3,4,4,4,5,9,1,7,3,2,6,4,4,4,4,4,5,1,9,1,7,3,3,7,7,8,4,2,2,2,2,6,6,6,6,2,6,6,6,2,2,2,2,2,6,6,6,6,2,4,2,2,4,4,2,2,2,2,2,6,2,4,4,2,2,2,2,2,2,2,4,5,5,5,1,2,2,2,2,9,1,7,2,2,2,5,2,2,2,2,2,2,2,2,2,2,3,3,3,2,2,2,7,7,7,7,7,7,7,7,8,8,8,8,8,8,8,8","0.000915050506591797","fast_greedy","edit-xhwikibooks.graphml"
"0.25","0.28","0.47","0.726020788561905","1,1,1,1,1,4,1,4,4,9,1,3,4,4,4,5,9,1,7,3,2,6,4,4,4,4,4,5,1,9,1,7,3,3,7,7,8,4,2,2,2,2,6,6,6,6,2,6,6,6,2,2,2,2,2,6,6,6,6,2,4,2,2,4,4,2,2,2,2,2,6,2,4,4,2,2,2,2,2,2,2,4,5,5,5,1,2,2,2,2,9,1,7,2,2,2,5,2,2,2,2,2,2,2,2,2,2,3,3,3,2,2,2,7,7,7,7,7,7,7,7,8,8,8,8,8,8,8,8","0.000944852828979492","fast_greedy","edit-xhwikibooks.graphml"
"0.24","0.29","0.47","0.726020788561905","1,1,1,1,1,4,1,4,4,9,1,3,4,4,4,5,9,1,7,3,2,6,4,4,4,4,4,5,1,9,1,7,3,3,7,7,8,4,2,2,2,2,6,6,6,6,2,6,6,6,2,2,2,2,2,6,6,6,6,2,4,2,2,4,4,2,2,2,2,2,6,2,4,4,2,2,2,2,2,2,2,4,5,5,5,1,2,2,2,2,9,1,7,2,2,2,5,2,2,2,2,2,2,2,2,2,2,3,3,3,2,2,2,7,7,7,7,7,7,7,7,8,8,8,8,8,8,8,8","0.000950813293457031","fast_greedy","edit-xhwikibooks.graphml"
"0.23","0.3","0.47","0.726020788561905","1,1,1,1,1,4,1,4,4,9,1,3,4,4,4,5,9,1,7,3,2,6,4,4,4,4,4,5,1,9,1,7,3,3,7,7,8,4,2,2,2,2,6,6,6,6,2,6,6,6,2,2,2,2,2,6,6,6,6,2,4,2,2,4,4,2,2,2,2,2,6,2,4,4,2,2,2,2,2,2,2,4,5,5,5,1,2,2,2,2,9,1,7,2,2,2,5,2,2,2,2,2,2,2,2,2,2,3,3,3,2,2,2,7,7,7,7,7,7,7,7,8,8,8,8,8,8,8,8","0.000921964645385742","fast_greedy","edit-xhwikibooks.graphml"
"0.22","0.31","0.47","0.726020788561905","1,1,1,1,1,4,1,4,4,9,1,3,4,4,4,5,9,1,7,3,2,6,4,4,4,4,4,5,1,9,1,7,3,3,7,7,8,4,2,2,2,2,6,6,6,6,2,6,6,6,2,2,2,2,2,6,6,6,6,2,4,2,2,4,4,2,2,2,2,2,6,2,4,4,2,2,2,2,2,2,2,4,5,5,5,1,2,2,2,2,9,1,7,2,2,2,5,2,2,2,2,2,2,2,2,2,2,3,3,3,2,2,2,7,7,7,7,7,7,7,7,8,8,8,8,8,8,8,8","0.000946998596191406","fast_greedy","edit-xhwikibooks.graphml"
"0.21","0.32","0.47","0.726020788561905","1,1,1,1,1,4,1,4,4,9,1,3,4,4,4,5,9,1,7,3,2,6,4,4,4,4,4,5,1,9,1,7,3,3,7,7,8,4,2,2,2,2,6,6,6,6,2,6,6,6,2,2,2,2,2,6,6,6,6,2,4,2,2,4,4,2,2,2,2,2,6,2,4,4,2,2,2,2,2,2,2,4,5,5,5,1,2,2,2,2,9,1,7,2,2,2,5,2,2,2,2,2,2,2,2,2,2,3,3,3,2,2,2,7,7,7,7,7,7,7,7,8,8,8,8,8,8,8,8","0.000976085662841797","fast_greedy","edit-xhwikibooks.graphml"
"0.2","0.33","0.47","0.726020788561905","1,1,1,1,1,4,1,4,4,9,1,3,4,4,4,5,9,1,7,3,2,6,4,4,4,4,4,5,1,9,1,7,3,3,7,7,8,4,2,2,2,2,6,6,6,6,2,6,6,6,2,2,2,2,2,6,6,6,6,2,4,2,2,4,4,2,2,2,2,2,6,2,4,4,2,2,2,2,2,2,2,4,5,5,5,1,2,2,2,2,9,1,7,2,2,2,5,2,2,2,2,2,2,2,2,2,2,3,3,3,2,2,2,7,7,7,7,7,7,7,7,8,8,8,8,8,8,8,8","0.000986814498901367","fast_greedy","edit-xhwikibooks.graphml"
"0.19","0.34","0.47","0.726411011080332","1,1,1,1,1,5,1,5,5,9,1,3,5,5,5,4,9,1,7,3,2,6,5,5,5,5,5,4,1,9,1,7,3,3,7,7,8,5,2,2,2,2,6,6,6,6,2,6,6,6,2,2,2,2,2,6,6,6,6,2,5,2,2,5,5,2,2,2,2,2,6,2,5,5,2,2,2,2,2,2,2,5,4,4,4,1,2,2,2,2,9,1,7,2,2,2,4,2,2,2,2,2,2,2,2,2,2,3,3,3,2,2,2,7,7,7,7,7,7,7,7,8,8,8,8,8,8,8,8","0.000960111618041992","fast_greedy","edit-xhwikibooks.graphml"
"0.18","0.35","0.47","0.726411011080332","1,1,1,1,1,5,1,5,5,9,1,3,5,5,5,4,9,1,7,3,2,6,5,5,5,5,5,4,1,9,1,7,3,3,7,7,8,5,2,2,2,2,6,6,6,6,2,6,6,6,2,2,2,2,2,6,6,6,6,2,5,2,2,5,5,2,2,2,2,2,6,2,5,5,2,2,2,2,2,2,2,5,4,4,4,1,2,2,2,2,9,1,7,2,2,2,4,2,2,2,2,2,2,2,2,2,2,3,3,3,2,2,2,7,7,7,7,7,7,7,7,8,8,8,8,8,8,8,8","0.000964164733886719","fast_greedy","edit-xhwikibooks.graphml"
"0.17","0.36","0.47","0.726411011080332","1,1,1,1,1,5,1,5,5,9,1,3,5,5,5,4,9,1,7,3,2,6,5,5,5,5,5,4,1,9,1,7,3,3,7,7,8,5,2,2,2,2,6,6,6,6,2,6,6,6,2,2,2,2,2,6,6,6,6,2,5,2,2,5,5,2,2,2,2,2,6,2,5,5,2,2,2,2,2,2,2,5,4,4,4,1,2,2,2,2,9,1,7,2,2,2,4,2,2,2,2,2,2,2,2,2,2,3,3,3,2,2,2,7,7,7,7,7,7,7,7,8,8,8,8,8,8,8,8","0.000946044921875","fast_greedy","edit-xhwikibooks.graphml"
"0.16","0.37","0.47","0.726411011080332","1,1,1,1,1,5,1,5,5,9,1,3,5,5,5,4,9,1,7,3,2,6,5,5,5,5,5,4,1,9,1,7,3,3,7,7,8,5,2,2,2,2,6,6,6,6,2,6,6,6,2,2,2,2,2,6,6,6,6,2,5,2,2,5,5,2,2,2,2,2,6,2,5,5,2,2,2,2,2,2,2,5,4,4,4,1,2,2,2,2,9,1,7,2,2,2,4,2,2,2,2,2,2,2,2,2,2,3,3,3,2,2,2,7,7,7,7,7,7,7,7,8,8,8,8,8,8,8,8","0.00096893310546875","fast_greedy","edit-xhwikibooks.graphml"
"0.15","0.38","0.47","0.726411011080332","1,1,1,1,1,5,1,5,5,9,1,3,5,5,5,4,9,1,7,3,2,6,5,5,5,5,5,4,1,9,1,7,3,3,7,7,8,5,2,2,2,2,6,6,6,6,2,6,6,6,2,2,2,2,2,6,6,6,6,2,5,2,2,5,5,2,2,2,2,2,6,2,5,5,2,2,2,2,2,2,2,5,4,4,4,1,2,2,2,2,9,1,7,2,2,2,4,2,2,2,2,2,2,2,2,2,2,3,3,3,2,2,2,7,7,7,7,7,7,7,7,8,8,8,8,8,8,8,8","0.000918865203857422","fast_greedy","edit-xhwikibooks.graphml"
"0.14","0.39","0.47","0.726411011080332","1,1,1,1,1,5,1,5,5,9,1,3,5,5,5,4,9,1,7,3,2,6,5,5,5,5,5,4,1,9,1,7,3,3,7,7,8,5,2,2,2,2,6,6,6,6,2,6,6,6,2,2,2,2,2,6,6,6,6,2,5,2,2,5,5,2,2,2,2,2,6,2,5,5,2,2,2,2,2,2,2,5,4,4,4,1,2,2,2,2,9,1,7,2,2,2,4,2,2,2,2,2,2,2,2,2,2,3,3,3,2,2,2,7,7,7,7,7,7,7,7,8,8,8,8,8,8,8,8","0.000948905944824219","fast_greedy","edit-xhwikibooks.graphml"
"0.13","0.4","0.47","0.726411011080332","1,1,1,1,1,5,1,5,5,9,1,3,5,5,5,4,9,1,7,3,2,6,5,5,5,5,5,4,1,9,1,7,3,3,7,7,8,5,2,2,2,2,6,6,6,6,2,6,6,6,2,2,2,2,2,6,6,6,6,2,5,2,2,5,5,2,2,2,2,2,6,2,5,5,2,2,2,2,2,2,2,5,4,4,4,1,2,2,2,2,9,1,7,2,2,2,4,2,2,2,2,2,2,2,2,2,2,3,3,3,2,2,2,7,7,7,7,7,7,7,7,8,8,8,8,8,8,8,8","0.000928163528442383","fast_greedy","edit-xhwikibooks.graphml"
"0.12","0.41","0.47","0.726411011080332","1,1,1,1,1,5,1,5,5,9,1,3,5,5,5,4,9,1,7,3,2,6,5,5,5,5,5,4,1,9,1,7,3,3,7,7,8,5,2,2,2,2,6,6,6,6,2,6,6,6,2,2,2,2,2,6,6,6,6,2,5,2,2,5,5,2,2,2,2,2,6,2,5,5,2,2,2,2,2,2,2,5,4,4,4,1,2,2,2,2,9,1,7,2,2,2,4,2,2,2,2,2,2,2,2,2,2,3,3,3,2,2,2,7,7,7,7,7,7,7,7,8,8,8,8,8,8,8,8","0.00096893310546875","fast_greedy","edit-xhwikibooks.graphml"
"0.11","0.42","0.47","0.726411011080332","1,1,1,1,1,5,1,5,5,9,1,3,5,5,5,4,9,1,7,3,2,6,5,5,5,5,5,4,1,9,1,7,3,3,7,7,8,5,2,2,2,2,6,6,6,6,2,6,6,6,2,2,2,2,2,6,6,6,6,2,5,2,2,5,5,2,2,2,2,2,6,2,5,5,2,2,2,2,2,2,2,5,4,4,4,1,2,2,2,2,9,1,7,2,2,2,4,2,2,2,2,2,2,2,2,2,2,3,3,3,2,2,2,7,7,7,7,7,7,7,7,8,8,8,8,8,8,8,8","0.00102901458740234","fast_greedy","edit-xhwikibooks.graphml"
"0.1","0.43","0.47","0.726411011080332","1,1,1,1,1,5,1,5,5,9,1,3,5,5,5,4,9,1,7,3,2,6,5,5,5,5,5,4,1,9,1,7,3,3,7,7,8,5,2,2,2,2,6,6,6,6,2,6,6,6,2,2,2,2,2,6,6,6,6,2,5,2,2,5,5,2,2,2,2,2,6,2,5,5,2,2,2,2,2,2,2,5,4,4,4,1,2,2,2,2,9,1,7,2,2,2,4,2,2,2,2,2,2,2,2,2,2,3,3,3,2,2,2,7,7,7,7,7,7,7,7,8,8,8,8,8,8,8,8","0.00101399421691895","fast_greedy","edit-xhwikibooks.graphml"
"0.09","0.44","0.47","0.726411011080332","1,1,1,1,1,5,1,5,5,9,1,3,5,5,5,4,9,1,7,3,2,6,5,5,5,5,5,4,1,9,1,7,3,3,7,7,8,5,2,2,2,2,6,6,6,6,2,6,6,6,2,2,2,2,2,6,6,6,6,2,5,2,2,5,5,2,2,2,2,2,6,2,5,5,2,2,2,2,2,2,2,5,4,4,4,1,2,2,2,2,9,1,7,2,2,2,4,2,2,2,2,2,2,2,2,2,2,3,3,3,2,2,2,7,7,7,7,7,7,7,7,8,8,8,8,8,8,8,8","0.000926971435546875","fast_greedy","edit-xhwikibooks.graphml"
"0.08","0.45","0.47","0.726411011080332","1,1,1,1,1,5,1,5,5,9,1,3,5,5,5,4,9,1,7,3,2,6,5,5,5,5,5,4,1,9,1,7,3,3,7,7,8,5,2,2,2,2,6,6,6,6,2,6,6,6,2,2,2,2,2,6,6,6,6,2,5,2,2,5,5,2,2,2,2,2,6,2,5,5,2,2,2,2,2,2,2,5,4,4,4,1,2,2,2,2,9,1,7,2,2,2,4,2,2,2,2,2,2,2,2,2,2,3,3,3,2,2,2,7,7,7,7,7,7,7,7,8,8,8,8,8,8,8,8","0.000931978225708008","fast_greedy","edit-xhwikibooks.graphml"
"0.07","0.46","0.47","0.726411011080332","1,1,1,1,1,5,1,5,5,9,1,3,5,5,5,4,9,1,7,3,2,6,5,5,5,5,5,4,1,9,1,7,3,3,7,7,8,5,2,2,2,2,6,6,6,6,2,6,6,6,2,2,2,2,2,6,6,6,6,2,5,2,2,5,5,2,2,2,2,2,6,2,5,5,2,2,2,2,2,2,2,5,4,4,4,1,2,2,2,2,9,1,7,2,2,2,4,2,2,2,2,2,2,2,2,2,2,3,3,3,2,2,2,7,7,7,7,7,7,7,7,8,8,8,8,8,8,8,8","0.000948905944824219","fast_greedy","edit-xhwikibooks.graphml"
"0.06","0.47","0.47","0.726411011080332","1,1,1,1,1,5,1,5,5,9,1,3,5,5,5,4,9,1,7,3,2,6,5,5,5,5,5,4,1,9,1,7,3,3,7,7,8,5,2,2,2,2,6,6,6,6,2,6,6,6,2,2,2,2,2,6,6,6,6,2,5,2,2,5,5,2,2,2,2,2,6,2,5,5,2,2,2,2,2,2,2,5,4,4,4,1,2,2,2,2,9,1,7,2,2,2,4,2,2,2,2,2,2,2,2,2,2,3,3,3,2,2,2,7,7,7,7,7,7,7,7,8,8,8,8,8,8,8,8","0.000925779342651367","fast_greedy","edit-xhwikibooks.graphml"
"0.05","0.48","0.47","0.71826553750752","1,1,1,1,1,5,1,5,5,9,1,3,5,5,5,4,9,1,7,3,2,6,5,5,5,5,5,4,1,9,1,7,3,3,7,7,8,5,2,2,2,2,6,6,6,6,2,6,6,6,2,2,2,2,2,6,6,6,6,2,10,2,2,5,5,2,2,2,2,2,6,2,5,5,2,2,2,2,2,2,2,5,4,4,4,11,2,2,2,2,12,13,14,2,2,2,4,2,2,2,2,2,2,2,2,2,2,3,3,3,2,2,2,7,7,7,7,7,7,7,7,8,8,8,8,8,8,8,8","0.000937938690185547","fast_greedy","edit-xhwikibooks.graphml"
"0.04","0.49","0.47","0.71826553750752","1,1,1,1,1,5,1,5,5,9,1,3,5,5,5,4,9,1,7,3,2,6,5,5,5,5,5,4,1,9,1,7,3,3,7,7,8,5,2,2,2,2,6,6,6,6,2,6,6,6,2,2,2,2,2,6,6,6,6,2,10,2,2,5,5,2,2,2,2,2,6,2,5,5,2,2,2,2,2,2,2,5,4,4,4,11,2,2,2,2,12,13,14,2,2,2,4,2,2,2,2,2,2,2,2,2,2,3,3,3,2,2,2,7,7,7,7,7,7,7,7,8,8,8,8,8,8,8,8","0.000911951065063477","fast_greedy","edit-xhwikibooks.graphml"
"0.03","0.5","0.47","0.728459249166338","1,1,1,1,1,6,1,6,6,9,1,3,6,6,6,4,9,1,7,3,2,5,6,6,6,6,6,4,1,9,1,7,3,3,7,7,8,6,2,2,2,2,5,5,5,5,2,5,5,5,2,2,2,2,2,5,5,5,5,2,10,2,2,6,6,2,2,2,2,2,5,2,6,6,2,2,2,2,2,2,2,6,4,4,4,11,2,2,2,2,12,13,14,2,2,2,4,2,2,2,2,2,2,2,2,2,2,3,3,3,2,2,2,7,7,7,7,7,7,7,7,8,8,8,8,8,8,8,8","0.000966072082519531","fast_greedy","edit-xhwikibooks.graphml"
"0.02","0.51","0.47","0.728459249166338","1,1,1,1,1,6,1,6,6,9,1,3,6,6,6,4,9,1,7,3,2,5,6,6,6,6,6,4,1,9,1,7,3,3,7,7,8,6,2,2,2,2,5,5,5,5,2,5,5,5,2,2,2,2,2,5,5,5,5,2,10,2,2,6,6,2,2,2,2,2,5,2,6,6,2,2,2,2,2,2,2,6,4,4,4,11,2,2,2,2,12,13,14,2,2,2,4,2,2,2,2,2,2,2,2,2,2,3,3,3,2,2,2,7,7,7,7,7,7,7,7,8,8,8,8,8,8,8,8","0.000984907150268555","fast_greedy","edit-xhwikibooks.graphml"
"0.01","0.52","0.47","0.728459249166338","1,1,1,1,1,6,1,6,6,9,1,3,6,6,6,4,9,1,7,3,2,5,6,6,6,6,6,4,1,9,1,7,3,3,7,7,8,6,2,2,2,2,5,5,5,5,2,5,5,5,2,2,2,2,2,5,5,5,5,2,10,2,2,6,6,2,2,2,2,2,5,2,6,6,2,2,2,2,2,2,2,6,4,4,4,11,2,2,2,2,12,13,14,2,2,2,4,2,2,2,2,2,2,2,2,2,2,3,3,3,2,2,2,7,7,7,7,7,7,7,7,8,8,8,8,8,8,8,8","0.000957012176513672","fast_greedy","edit-xhwikibooks.graphml"
"0","0.53","0.47","0.72014136609856","1,1,1,1,1,1,2,1,6,1,2,2,6,6,6,4,1,2,7,2,3,5,6,6,6,6,6,4,1,1,2,7,2,2,7,7,8,6,3,3,3,3,5,5,5,5,3,5,5,5,3,3,3,3,3,5,5,5,5,3,9,3,3,6,6,3,3,3,3,3,5,3,6,6,3,3,3,3,3,3,3,6,4,4,4,10,3,3,3,3,11,12,13,3,3,3,4,3,3,3,3,3,3,3,3,3,3,2,2,2,3,3,3,7,7,7,7,7,7,7,7,8,8,8,8,8,8,8,8","0.000952959060668945","fast_greedy","edit-xhwikibooks.graphml"
"0.52","0","0.48","0.724977777777778","1,1,1,1,1,4,1,4,4,9,1,3,4,4,4,5,9,1,7,3,2,6,4,4,4,4,4,5,1,9,1,7,3,3,7,7,8,4,2,2,2,2,6,6,6,6,2,6,6,6,2,2,2,2,2,6,6,6,6,2,4,2,2,4,4,2,2,2,2,2,6,2,4,4,2,2,2,2,2,2,2,4,5,5,5,1,2,2,2,2,9,1,7,2,2,2,5,2,2,2,2,2,2,2,2,2,2,3,3,3,2,2,2,7,7,7,7,7,7,7,7,8,8,8,8,8,8,8,8","0.00111293792724609","fast_greedy","edit-xhwikibooks.graphml"
"0.51","0.01","0.48","0.724977777777778","1,1,1,1,1,4,1,4,4,9,1,3,4,4,4,5,9,1,7,3,2,6,4,4,4,4,4,5,1,9,1,7,3,3,7,7,8,4,2,2,2,2,6,6,6,6,2,6,6,6,2,2,2,2,2,6,6,6,6,2,4,2,2,4,4,2,2,2,2,2,6,2,4,4,2,2,2,2,2,2,2,4,5,5,5,1,2,2,2,2,9,1,7,2,2,2,5,2,2,2,2,2,2,2,2,2,2,3,3,3,2,2,2,7,7,7,7,7,7,7,7,8,8,8,8,8,8,8,8","0.000943899154663086","fast_greedy","edit-xhwikibooks.graphml"
"0.5","0.02","0.48","0.724977777777778","1,1,1,1,1,4,1,4,4,9,1,3,4,4,4,5,9,1,7,3,2,6,4,4,4,4,4,5,1,9,1,7,3,3,7,7,8,4,2,2,2,2,6,6,6,6,2,6,6,6,2,2,2,2,2,6,6,6,6,2,4,2,2,4,4,2,2,2,2,2,6,2,4,4,2,2,2,2,2,2,2,4,5,5,5,1,2,2,2,2,9,1,7,2,2,2,5,2,2,2,2,2,2,2,2,2,2,3,3,3,2,2,2,7,7,7,7,7,7,7,7,8,8,8,8,8,8,8,8","0.000935077667236328","fast_greedy","edit-xhwikibooks.graphml"
"0.49","0.03","0.48","0.724977777777778","1,1,1,1,1,4,1,4,4,9,1,3,4,4,4,5,9,1,7,3,2,6,4,4,4,4,4,5,1,9,1,7,3,3,7,7,8,4,2,2,2,2,6,6,6,6,2,6,6,6,2,2,2,2,2,6,6,6,6,2,4,2,2,4,4,2,2,2,2,2,6,2,4,4,2,2,2,2,2,2,2,4,5,5,5,1,2,2,2,2,9,1,7,2,2,2,5,2,2,2,2,2,2,2,2,2,2,3,3,3,2,2,2,7,7,7,7,7,7,7,7,8,8,8,8,8,8,8,8","0.000946044921875","fast_greedy","edit-xhwikibooks.graphml"
"0.48","0.04","0.48","0.724977777777778","1,1,1,1,1,4,1,4,4,9,1,3,4,4,4,5,9,1,7,3,2,6,4,4,4,4,4,5,1,9,1,7,3,3,7,7,8,4,2,2,2,2,6,6,6,6,2,6,6,6,2,2,2,2,2,6,6,6,6,2,4,2,2,4,4,2,2,2,2,2,6,2,4,4,2,2,2,2,2,2,2,4,5,5,5,1,2,2,2,2,9,1,7,2,2,2,5,2,2,2,2,2,2,2,2,2,2,3,3,3,2,2,2,7,7,7,7,7,7,7,7,8,8,8,8,8,8,8,8","0.00094914436340332","fast_greedy","edit-xhwikibooks.graphml"
"0.47","0.05","0.48","0.724977777777778","1,1,1,1,1,4,1,4,4,9,1,3,4,4,4,5,9,1,7,3,2,6,4,4,4,4,4,5,1,9,1,7,3,3,7,7,8,4,2,2,2,2,6,6,6,6,2,6,6,6,2,2,2,2,2,6,6,6,6,2,4,2,2,4,4,2,2,2,2,2,6,2,4,4,2,2,2,2,2,2,2,4,5,5,5,1,2,2,2,2,9,1,7,2,2,2,5,2,2,2,2,2,2,2,2,2,2,3,3,3,2,2,2,7,7,7,7,7,7,7,7,8,8,8,8,8,8,8,8","0.000946998596191406","fast_greedy","edit-xhwikibooks.graphml"
"0.46","0.06","0.48","0.724977777777778","1,1,1,1,1,4,1,4,4,9,1,3,4,4,4,5,9,1,7,3,2,6,4,4,4,4,4,5,1,9,1,7,3,3,7,7,8,4,2,2,2,2,6,6,6,6,2,6,6,6,2,2,2,2,2,6,6,6,6,2,4,2,2,4,4,2,2,2,2,2,6,2,4,4,2,2,2,2,2,2,2,4,5,5,5,1,2,2,2,2,9,1,7,2,2,2,5,2,2,2,2,2,2,2,2,2,2,3,3,3,2,2,2,7,7,7,7,7,7,7,7,8,8,8,8,8,8,8,8","0.000963926315307617","fast_greedy","edit-xhwikibooks.graphml"
"0.45","0.07","0.48","0.724977777777778","1,1,1,1,1,4,1,4,4,9,1,3,4,4,4,5,9,1,7,3,2,6,4,4,4,4,4,5,1,9,1,7,3,3,7,7,8,4,2,2,2,2,6,6,6,6,2,6,6,6,2,2,2,2,2,6,6,6,6,2,4,2,2,4,4,2,2,2,2,2,6,2,4,4,2,2,2,2,2,2,2,4,5,5,5,1,2,2,2,2,9,1,7,2,2,2,5,2,2,2,2,2,2,2,2,2,2,3,3,3,2,2,2,7,7,7,7,7,7,7,7,8,8,8,8,8,8,8,8","0.000989913940429688","fast_greedy","edit-xhwikibooks.graphml"
"0.44","0.08","0.48","0.724977777777778","1,1,1,1,1,4,1,4,4,9,1,3,4,4,4,5,9,1,7,3,2,6,4,4,4,4,4,5,1,9,1,7,3,3,7,7,8,4,2,2,2,2,6,6,6,6,2,6,6,6,2,2,2,2,2,6,6,6,6,2,4,2,2,4,4,2,2,2,2,2,6,2,4,4,2,2,2,2,2,2,2,4,5,5,5,1,2,2,2,2,9,1,7,2,2,2,5,2,2,2,2,2,2,2,2,2,2,3,3,3,2,2,2,7,7,7,7,7,7,7,7,8,8,8,8,8,8,8,8","0.000998973846435547","fast_greedy","edit-xhwikibooks.graphml"
"0.43","0.09","0.48","0.724977777777778","1,1,1,1,1,4,1,4,4,9,1,3,4,4,4,5,9,1,7,3,2,6,4,4,4,4,4,5,1,9,1,7,3,3,7,7,8,4,2,2,2,2,6,6,6,6,2,6,6,6,2,2,2,2,2,6,6,6,6,2,4,2,2,4,4,2,2,2,2,2,6,2,4,4,2,2,2,2,2,2,2,4,5,5,5,1,2,2,2,2,9,1,7,2,2,2,5,2,2,2,2,2,2,2,2,2,2,3,3,3,2,2,2,7,7,7,7,7,7,7,7,8,8,8,8,8,8,8,8","0.00098109245300293","fast_greedy","edit-xhwikibooks.graphml"
"0.42","0.1","0.48","0.724977777777778","1,1,1,1,1,4,1,4,4,9,1,3,4,4,4,5,9,1,7,3,2,6,4,4,4,4,4,5,1,9,1,7,3,3,7,7,8,4,2,2,2,2,6,6,6,6,2,6,6,6,2,2,2,2,2,6,6,6,6,2,4,2,2,4,4,2,2,2,2,2,6,2,4,4,2,2,2,2,2,2,2,4,5,5,5,1,2,2,2,2,9,1,7,2,2,2,5,2,2,2,2,2,2,2,2,2,2,3,3,3,2,2,2,7,7,7,7,7,7,7,7,8,8,8,8,8,8,8,8","0.00118708610534668","fast_greedy","edit-xhwikibooks.graphml"
"0.41","0.11","0.48","0.724977777777778","1,1,1,1,1,4,1,4,4,9,1,3,4,4,4,5,9,1,7,3,2,6,4,4,4,4,4,5,1,9,1,7,3,3,7,7,8,4,2,2,2,2,6,6,6,6,2,6,6,6,2,2,2,2,2,6,6,6,6,2,4,2,2,4,4,2,2,2,2,2,6,2,4,4,2,2,2,2,2,2,2,4,5,5,5,1,2,2,2,2,9,1,7,2,2,2,5,2,2,2,2,2,2,2,2,2,2,3,3,3,2,2,2,7,7,7,7,7,7,7,7,8,8,8,8,8,8,8,8","0.00110602378845215","fast_greedy","edit-xhwikibooks.graphml"
"0.4","0.12","0.48","0.724977777777778","1,1,1,1,1,4,1,4,4,9,1,3,4,4,4,5,9,1,7,3,2,6,4,4,4,4,4,5,1,9,1,7,3,3,7,7,8,4,2,2,2,2,6,6,6,6,2,6,6,6,2,2,2,2,2,6,6,6,6,2,4,2,2,4,4,2,2,2,2,2,6,2,4,4,2,2,2,2,2,2,2,4,5,5,5,1,2,2,2,2,9,1,7,2,2,2,5,2,2,2,2,2,2,2,2,2,2,3,3,3,2,2,2,7,7,7,7,7,7,7,7,8,8,8,8,8,8,8,8","0.000930070877075195","fast_greedy","edit-xhwikibooks.graphml"
"0.39","0.13","0.48","0.724977777777778","1,1,1,1,1,4,1,4,4,9,1,3,4,4,4,5,9,1,7,3,2,6,4,4,4,4,4,5,1,9,1,7,3,3,7,7,8,4,2,2,2,2,6,6,6,6,2,6,6,6,2,2,2,2,2,6,6,6,6,2,4,2,2,4,4,2,2,2,2,2,6,2,4,4,2,2,2,2,2,2,2,4,5,5,5,1,2,2,2,2,9,1,7,2,2,2,5,2,2,2,2,2,2,2,2,2,2,3,3,3,2,2,2,7,7,7,7,7,7,7,7,8,8,8,8,8,8,8,8","0.000972986221313477","fast_greedy","edit-xhwikibooks.graphml"
"0.38","0.14","0.48","0.724977777777778","1,1,1,1,1,4,1,4,4,9,1,3,4,4,4,5,9,1,7,3,2,6,4,4,4,4,4,5,1,9,1,7,3,3,7,7,8,4,2,2,2,2,6,6,6,6,2,6,6,6,2,2,2,2,2,6,6,6,6,2,4,2,2,4,4,2,2,2,2,2,6,2,4,4,2,2,2,2,2,2,2,4,5,5,5,1,2,2,2,2,9,1,7,2,2,2,5,2,2,2,2,2,2,2,2,2,2,3,3,3,2,2,2,7,7,7,7,7,7,7,7,8,8,8,8,8,8,8,8","0.000919103622436523","fast_greedy","edit-xhwikibooks.graphml"
"0.37","0.15","0.48","0.724977777777778","1,1,1,1,1,4,1,4,4,9,1,3,4,4,4,5,9,1,7,3,2,6,4,4,4,4,4,5,1,9,1,7,3,3,7,7,8,4,2,2,2,2,6,6,6,6,2,6,6,6,2,2,2,2,2,6,6,6,6,2,4,2,2,4,4,2,2,2,2,2,6,2,4,4,2,2,2,2,2,2,2,4,5,5,5,1,2,2,2,2,9,1,7,2,2,2,5,2,2,2,2,2,2,2,2,2,2,3,3,3,2,2,2,7,7,7,7,7,7,7,7,8,8,8,8,8,8,8,8","0.000952005386352539","fast_greedy","edit-xhwikibooks.graphml"
"0.36","0.16","0.48","0.724977777777778","1,1,1,1,1,4,1,4,4,9,1,3,4,4,4,5,9,1,7,3,2,6,4,4,4,4,4,5,1,9,1,7,3,3,7,7,8,4,2,2,2,2,6,6,6,6,2,6,6,6,2,2,2,2,2,6,6,6,6,2,4,2,2,4,4,2,2,2,2,2,6,2,4,4,2,2,2,2,2,2,2,4,5,5,5,1,2,2,2,2,9,1,7,2,2,2,5,2,2,2,2,2,2,2,2,2,2,3,3,3,2,2,2,7,7,7,7,7,7,7,7,8,8,8,8,8,8,8,8","0.000991106033325195","fast_greedy","edit-xhwikibooks.graphml"
"0.35","0.17","0.48","0.726020788561905","1,1,1,1,1,4,1,4,4,9,1,3,4,4,4,5,9,1,7,3,2,6,4,4,4,4,4,5,1,9,1,7,3,3,7,7,8,4,2,2,2,2,6,6,6,6,2,6,6,6,2,2,2,2,2,6,6,6,6,2,4,2,2,4,4,2,2,2,2,2,6,2,4,4,2,2,2,2,2,2,2,4,5,5,5,1,2,2,2,2,9,1,7,2,2,2,5,2,2,2,2,2,2,2,2,2,2,3,3,3,2,2,2,7,7,7,7,7,7,7,7,8,8,8,8,8,8,8,8","0.000999212265014648","fast_greedy","edit-xhwikibooks.graphml"
"0.34","0.18","0.48","0.726020788561905","1,1,1,1,1,4,1,4,4,9,1,3,4,4,4,5,9,1,7,3,2,6,4,4,4,4,4,5,1,9,1,7,3,3,7,7,8,4,2,2,2,2,6,6,6,6,2,6,6,6,2,2,2,2,2,6,6,6,6,2,4,2,2,4,4,2,2,2,2,2,6,2,4,4,2,2,2,2,2,2,2,4,5,5,5,1,2,2,2,2,9,1,7,2,2,2,5,2,2,2,2,2,2,2,2,2,2,3,3,3,2,2,2,7,7,7,7,7,7,7,7,8,8,8,8,8,8,8,8","0.00100207328796387","fast_greedy","edit-xhwikibooks.graphml"
"0.33","0.19","0.48","0.726020788561905","1,1,1,1,1,4,1,4,4,9,1,3,4,4,4,5,9,1,7,3,2,6,4,4,4,4,4,5,1,9,1,7,3,3,7,7,8,4,2,2,2,2,6,6,6,6,2,6,6,6,2,2,2,2,2,6,6,6,6,2,4,2,2,4,4,2,2,2,2,2,6,2,4,4,2,2,2,2,2,2,2,4,5,5,5,1,2,2,2,2,9,1,7,2,2,2,5,2,2,2,2,2,2,2,2,2,2,3,3,3,2,2,2,7,7,7,7,7,7,7,7,8,8,8,8,8,8,8,8","0.000966072082519531","fast_greedy","edit-xhwikibooks.graphml"
"0.32","0.2","0.48","0.726020788561905","1,1,1,1,1,4,1,4,4,9,1,3,4,4,4,5,9,1,7,3,2,6,4,4,4,4,4,5,1,9,1,7,3,3,7,7,8,4,2,2,2,2,6,6,6,6,2,6,6,6,2,2,2,2,2,6,6,6,6,2,4,2,2,4,4,2,2,2,2,2,6,2,4,4,2,2,2,2,2,2,2,4,5,5,5,1,2,2,2,2,9,1,7,2,2,2,5,2,2,2,2,2,2,2,2,2,2,3,3,3,2,2,2,7,7,7,7,7,7,7,7,8,8,8,8,8,8,8,8","0.000988006591796875","fast_greedy","edit-xhwikibooks.graphml"
"0.31","0.21","0.48","0.726020788561905","1,1,1,1,1,4,1,4,4,9,1,3,4,4,4,5,9,1,7,3,2,6,4,4,4,4,4,5,1,9,1,7,3,3,7,7,8,4,2,2,2,2,6,6,6,6,2,6,6,6,2,2,2,2,2,6,6,6,6,2,4,2,2,4,4,2,2,2,2,2,6,2,4,4,2,2,2,2,2,2,2,4,5,5,5,1,2,2,2,2,9,1,7,2,2,2,5,2,2,2,2,2,2,2,2,2,2,3,3,3,2,2,2,7,7,7,7,7,7,7,7,8,8,8,8,8,8,8,8","0.00104093551635742","fast_greedy","edit-xhwikibooks.graphml"
"0.3","0.22","0.48","0.726020788561905","1,1,1,1,1,4,1,4,4,9,1,3,4,4,4,5,9,1,7,3,2,6,4,4,4,4,4,5,1,9,1,7,3,3,7,7,8,4,2,2,2,2,6,6,6,6,2,6,6,6,2,2,2,2,2,6,6,6,6,2,4,2,2,4,4,2,2,2,2,2,6,2,4,4,2,2,2,2,2,2,2,4,5,5,5,1,2,2,2,2,9,1,7,2,2,2,5,2,2,2,2,2,2,2,2,2,2,3,3,3,2,2,2,7,7,7,7,7,7,7,7,8,8,8,8,8,8,8,8","0.000946044921875","fast_greedy","edit-xhwikibooks.graphml"
"0.29","0.23","0.48","0.726020788561905","1,1,1,1,1,4,1,4,4,9,1,3,4,4,4,5,9,1,7,3,2,6,4,4,4,4,4,5,1,9,1,7,3,3,7,7,8,4,2,2,2,2,6,6,6,6,2,6,6,6,2,2,2,2,2,6,6,6,6,2,4,2,2,4,4,2,2,2,2,2,6,2,4,4,2,2,2,2,2,2,2,4,5,5,5,1,2,2,2,2,9,1,7,2,2,2,5,2,2,2,2,2,2,2,2,2,2,3,3,3,2,2,2,7,7,7,7,7,7,7,7,8,8,8,8,8,8,8,8","0.000967979431152344","fast_greedy","edit-xhwikibooks.graphml"
"0.28","0.24","0.48","0.726020788561905","1,1,1,1,1,4,1,4,4,9,1,3,4,4,4,5,9,1,7,3,2,6,4,4,4,4,4,5,1,9,1,7,3,3,7,7,8,4,2,2,2,2,6,6,6,6,2,6,6,6,2,2,2,2,2,6,6,6,6,2,4,2,2,4,4,2,2,2,2,2,6,2,4,4,2,2,2,2,2,2,2,4,5,5,5,1,2,2,2,2,9,1,7,2,2,2,5,2,2,2,2,2,2,2,2,2,2,3,3,3,2,2,2,7,7,7,7,7,7,7,7,8,8,8,8,8,8,8,8","0.00100302696228027","fast_greedy","edit-xhwikibooks.graphml"
"0.27","0.25","0.48","0.726020788561905","1,1,1,1,1,4,1,4,4,9,1,3,4,4,4,5,9,1,7,3,2,6,4,4,4,4,4,5,1,9,1,7,3,3,7,7,8,4,2,2,2,2,6,6,6,6,2,6,6,6,2,2,2,2,2,6,6,6,6,2,4,2,2,4,4,2,2,2,2,2,6,2,4,4,2,2,2,2,2,2,2,4,5,5,5,1,2,2,2,2,9,1,7,2,2,2,5,2,2,2,2,2,2,2,2,2,2,3,3,3,2,2,2,7,7,7,7,7,7,7,7,8,8,8,8,8,8,8,8","0.000963926315307617","fast_greedy","edit-xhwikibooks.graphml"
"0.26","0.26","0.48","0.726020788561905","1,1,1,1,1,4,1,4,4,9,1,3,4,4,4,5,9,1,7,3,2,6,4,4,4,4,4,5,1,9,1,7,3,3,7,7,8,4,2,2,2,2,6,6,6,6,2,6,6,6,2,2,2,2,2,6,6,6,6,2,4,2,2,4,4,2,2,2,2,2,6,2,4,4,2,2,2,2,2,2,2,4,5,5,5,1,2,2,2,2,9,1,7,2,2,2,5,2,2,2,2,2,2,2,2,2,2,3,3,3,2,2,2,7,7,7,7,7,7,7,7,8,8,8,8,8,8,8,8","0.000975131988525391","fast_greedy","edit-xhwikibooks.graphml"
"0.25","0.27","0.48","0.726020788561905","1,1,1,1,1,4,1,4,4,9,1,3,4,4,4,5,9,1,7,3,2,6,4,4,4,4,4,5,1,9,1,7,3,3,7,7,8,4,2,2,2,2,6,6,6,6,2,6,6,6,2,2,2,2,2,6,6,6,6,2,4,2,2,4,4,2,2,2,2,2,6,2,4,4,2,2,2,2,2,2,2,4,5,5,5,1,2,2,2,2,9,1,7,2,2,2,5,2,2,2,2,2,2,2,2,2,2,3,3,3,2,2,2,7,7,7,7,7,7,7,7,8,8,8,8,8,8,8,8","0.000980854034423828","fast_greedy","edit-xhwikibooks.graphml"
"0.24","0.28","0.48","0.726020788561905","1,1,1,1,1,4,1,4,4,9,1,3,4,4,4,5,9,1,7,3,2,6,4,4,4,4,4,5,1,9,1,7,3,3,7,7,8,4,2,2,2,2,6,6,6,6,2,6,6,6,2,2,2,2,2,6,6,6,6,2,4,2,2,4,4,2,2,2,2,2,6,2,4,4,2,2,2,2,2,2,2,4,5,5,5,1,2,2,2,2,9,1,7,2,2,2,5,2,2,2,2,2,2,2,2,2,2,3,3,3,2,2,2,7,7,7,7,7,7,7,7,8,8,8,8,8,8,8,8","0.000984907150268555","fast_greedy","edit-xhwikibooks.graphml"
"0.23","0.29","0.48","0.726020788561905","1,1,1,1,1,4,1,4,4,9,1,3,4,4,4,5,9,1,7,3,2,6,4,4,4,4,4,5,1,9,1,7,3,3,7,7,8,4,2,2,2,2,6,6,6,6,2,6,6,6,2,2,2,2,2,6,6,6,6,2,4,2,2,4,4,2,2,2,2,2,6,2,4,4,2,2,2,2,2,2,2,4,5,5,5,1,2,2,2,2,9,1,7,2,2,2,5,2,2,2,2,2,2,2,2,2,2,3,3,3,2,2,2,7,7,7,7,7,7,7,7,8,8,8,8,8,8,8,8","0.00110697746276855","fast_greedy","edit-xhwikibooks.graphml"
"0.22","0.3","0.48","0.726020788561905","1,1,1,1,1,4,1,4,4,9,1,3,4,4,4,5,9,1,7,3,2,6,4,4,4,4,4,5,1,9,1,7,3,3,7,7,8,4,2,2,2,2,6,6,6,6,2,6,6,6,2,2,2,2,2,6,6,6,6,2,4,2,2,4,4,2,2,2,2,2,6,2,4,4,2,2,2,2,2,2,2,4,5,5,5,1,2,2,2,2,9,1,7,2,2,2,5,2,2,2,2,2,2,2,2,2,2,3,3,3,2,2,2,7,7,7,7,7,7,7,7,8,8,8,8,8,8,8,8","0.000951051712036133","fast_greedy","edit-xhwikibooks.graphml"
"0.21","0.31","0.48","0.726020788561905","1,1,1,1,1,4,1,4,4,9,1,3,4,4,4,5,9,1,7,3,2,6,4,4,4,4,4,5,1,9,1,7,3,3,7,7,8,4,2,2,2,2,6,6,6,6,2,6,6,6,2,2,2,2,2,6,6,6,6,2,4,2,2,4,4,2,2,2,2,2,6,2,4,4,2,2,2,2,2,2,2,4,5,5,5,1,2,2,2,2,9,1,7,2,2,2,5,2,2,2,2,2,2,2,2,2,2,3,3,3,2,2,2,7,7,7,7,7,7,7,7,8,8,8,8,8,8,8,8","0.000947952270507812","fast_greedy","edit-xhwikibooks.graphml"
"0.2","0.32","0.48","0.726020788561905","1,1,1,1,1,4,1,4,4,9,1,3,4,4,4,5,9,1,7,3,2,6,4,4,4,4,4,5,1,9,1,7,3,3,7,7,8,4,2,2,2,2,6,6,6,6,2,6,6,6,2,2,2,2,2,6,6,6,6,2,4,2,2,4,4,2,2,2,2,2,6,2,4,4,2,2,2,2,2,2,2,4,5,5,5,1,2,2,2,2,9,1,7,2,2,2,5,2,2,2,2,2,2,2,2,2,2,3,3,3,2,2,2,7,7,7,7,7,7,7,7,8,8,8,8,8,8,8,8","0.00120306015014648","fast_greedy","edit-xhwikibooks.graphml"
"0.19","0.33","0.48","0.726020788561905","1,1,1,1,1,4,1,4,4,9,1,3,4,4,4,5,9,1,7,3,2,6,4,4,4,4,4,5,1,9,1,7,3,3,7,7,8,4,2,2,2,2,6,6,6,6,2,6,6,6,2,2,2,2,2,6,6,6,6,2,4,2,2,4,4,2,2,2,2,2,6,2,4,4,2,2,2,2,2,2,2,4,5,5,5,1,2,2,2,2,9,1,7,2,2,2,5,2,2,2,2,2,2,2,2,2,2,3,3,3,2,2,2,7,7,7,7,7,7,7,7,8,8,8,8,8,8,8,8","0.000918865203857422","fast_greedy","edit-xhwikibooks.graphml"
"0.18","0.34","0.48","0.726411011080332","1,1,1,1,1,5,1,5,5,9,1,3,5,5,5,4,9,1,7,3,2,6,5,5,5,5,5,4,1,9,1,7,3,3,7,7,8,5,2,2,2,2,6,6,6,6,2,6,6,6,2,2,2,2,2,6,6,6,6,2,5,2,2,5,5,2,2,2,2,2,6,2,5,5,2,2,2,2,2,2,2,5,4,4,4,1,2,2,2,2,9,1,7,2,2,2,4,2,2,2,2,2,2,2,2,2,2,3,3,3,2,2,2,7,7,7,7,7,7,7,7,8,8,8,8,8,8,8,8","0.000949859619140625","fast_greedy","edit-xhwikibooks.graphml"
"0.17","0.35","0.48","0.726411011080332","1,1,1,1,1,5,1,5,5,9,1,3,5,5,5,4,9,1,7,3,2,6,5,5,5,5,5,4,1,9,1,7,3,3,7,7,8,5,2,2,2,2,6,6,6,6,2,6,6,6,2,2,2,2,2,6,6,6,6,2,5,2,2,5,5,2,2,2,2,2,6,2,5,5,2,2,2,2,2,2,2,5,4,4,4,1,2,2,2,2,9,1,7,2,2,2,4,2,2,2,2,2,2,2,2,2,2,3,3,3,2,2,2,7,7,7,7,7,7,7,7,8,8,8,8,8,8,8,8","0.000957012176513672","fast_greedy","edit-xhwikibooks.graphml"
"0.16","0.36","0.48","0.726411011080332","1,1,1,1,1,5,1,5,5,9,1,3,5,5,5,4,9,1,7,3,2,6,5,5,5,5,5,4,1,9,1,7,3,3,7,7,8,5,2,2,2,2,6,6,6,6,2,6,6,6,2,2,2,2,2,6,6,6,6,2,5,2,2,5,5,2,2,2,2,2,6,2,5,5,2,2,2,2,2,2,2,5,4,4,4,1,2,2,2,2,9,1,7,2,2,2,4,2,2,2,2,2,2,2,2,2,2,3,3,3,2,2,2,7,7,7,7,7,7,7,7,8,8,8,8,8,8,8,8","0.00094914436340332","fast_greedy","edit-xhwikibooks.graphml"
"0.15","0.37","0.48","0.726411011080332","1,1,1,1,1,5,1,5,5,9,1,3,5,5,5,4,9,1,7,3,2,6,5,5,5,5,5,4,1,9,1,7,3,3,7,7,8,5,2,2,2,2,6,6,6,6,2,6,6,6,2,2,2,2,2,6,6,6,6,2,5,2,2,5,5,2,2,2,2,2,6,2,5,5,2,2,2,2,2,2,2,5,4,4,4,1,2,2,2,2,9,1,7,2,2,2,4,2,2,2,2,2,2,2,2,2,2,3,3,3,2,2,2,7,7,7,7,7,7,7,7,8,8,8,8,8,8,8,8","0.000984907150268555","fast_greedy","edit-xhwikibooks.graphml"
"0.14","0.38","0.48","0.726411011080332","1,1,1,1,1,5,1,5,5,9,1,3,5,5,5,4,9,1,7,3,2,6,5,5,5,5,5,4,1,9,1,7,3,3,7,7,8,5,2,2,2,2,6,6,6,6,2,6,6,6,2,2,2,2,2,6,6,6,6,2,5,2,2,5,5,2,2,2,2,2,6,2,5,5,2,2,2,2,2,2,2,5,4,4,4,1,2,2,2,2,9,1,7,2,2,2,4,2,2,2,2,2,2,2,2,2,2,3,3,3,2,2,2,7,7,7,7,7,7,7,7,8,8,8,8,8,8,8,8","0.000973939895629883","fast_greedy","edit-xhwikibooks.graphml"
"0.13","0.39","0.48","0.726411011080332","1,1,1,1,1,5,1,5,5,9,1,3,5,5,5,4,9,1,7,3,2,6,5,5,5,5,5,4,1,9,1,7,3,3,7,7,8,5,2,2,2,2,6,6,6,6,2,6,6,6,2,2,2,2,2,6,6,6,6,2,5,2,2,5,5,2,2,2,2,2,6,2,5,5,2,2,2,2,2,2,2,5,4,4,4,1,2,2,2,2,9,1,7,2,2,2,4,2,2,2,2,2,2,2,2,2,2,3,3,3,2,2,2,7,7,7,7,7,7,7,7,8,8,8,8,8,8,8,8","0.00104904174804688","fast_greedy","edit-xhwikibooks.graphml"
"0.12","0.4","0.48","0.726411011080332","1,1,1,1,1,5,1,5,5,9,1,3,5,5,5,4,9,1,7,3,2,6,5,5,5,5,5,4,1,9,1,7,3,3,7,7,8,5,2,2,2,2,6,6,6,6,2,6,6,6,2,2,2,2,2,6,6,6,6,2,5,2,2,5,5,2,2,2,2,2,6,2,5,5,2,2,2,2,2,2,2,5,4,4,4,1,2,2,2,2,9,1,7,2,2,2,4,2,2,2,2,2,2,2,2,2,2,3,3,3,2,2,2,7,7,7,7,7,7,7,7,8,8,8,8,8,8,8,8","0.000960111618041992","fast_greedy","edit-xhwikibooks.graphml"
"0.11","0.41","0.48","0.726411011080332","1,1,1,1,1,5,1,5,5,9,1,3,5,5,5,4,9,1,7,3,2,6,5,5,5,5,5,4,1,9,1,7,3,3,7,7,8,5,2,2,2,2,6,6,6,6,2,6,6,6,2,2,2,2,2,6,6,6,6,2,5,2,2,5,5,2,2,2,2,2,6,2,5,5,2,2,2,2,2,2,2,5,4,4,4,1,2,2,2,2,9,1,7,2,2,2,4,2,2,2,2,2,2,2,2,2,2,3,3,3,2,2,2,7,7,7,7,7,7,7,7,8,8,8,8,8,8,8,8","0.000937938690185547","fast_greedy","edit-xhwikibooks.graphml"
"0.1","0.42","0.48","0.726411011080332","1,1,1,1,1,5,1,5,5,9,1,3,5,5,5,4,9,1,7,3,2,6,5,5,5,5,5,4,1,9,1,7,3,3,7,7,8,5,2,2,2,2,6,6,6,6,2,6,6,6,2,2,2,2,2,6,6,6,6,2,5,2,2,5,5,2,2,2,2,2,6,2,5,5,2,2,2,2,2,2,2,5,4,4,4,1,2,2,2,2,9,1,7,2,2,2,4,2,2,2,2,2,2,2,2,2,2,3,3,3,2,2,2,7,7,7,7,7,7,7,7,8,8,8,8,8,8,8,8","0.000970840454101562","fast_greedy","edit-xhwikibooks.graphml"
"0.09","0.43","0.48","0.726411011080332","1,1,1,1,1,5,1,5,5,9,1,3,5,5,5,4,9,1,7,3,2,6,5,5,5,5,5,4,1,9,1,7,3,3,7,7,8,5,2,2,2,2,6,6,6,6,2,6,6,6,2,2,2,2,2,6,6,6,6,2,5,2,2,5,5,2,2,2,2,2,6,2,5,5,2,2,2,2,2,2,2,5,4,4,4,1,2,2,2,2,9,1,7,2,2,2,4,2,2,2,2,2,2,2,2,2,2,3,3,3,2,2,2,7,7,7,7,7,7,7,7,8,8,8,8,8,8,8,8","0.000957012176513672","fast_greedy","edit-xhwikibooks.graphml"
"0.08","0.44","0.48","0.726411011080332","1,1,1,1,1,5,1,5,5,9,1,3,5,5,5,4,9,1,7,3,2,6,5,5,5,5,5,4,1,9,1,7,3,3,7,7,8,5,2,2,2,2,6,6,6,6,2,6,6,6,2,2,2,2,2,6,6,6,6,2,5,2,2,5,5,2,2,2,2,2,6,2,5,5,2,2,2,2,2,2,2,5,4,4,4,1,2,2,2,2,9,1,7,2,2,2,4,2,2,2,2,2,2,2,2,2,2,3,3,3,2,2,2,7,7,7,7,7,7,7,7,8,8,8,8,8,8,8,8","0.000973224639892578","fast_greedy","edit-xhwikibooks.graphml"
"0.07","0.45","0.48","0.726411011080332","1,1,1,1,1,5,1,5,5,9,1,3,5,5,5,4,9,1,7,3,2,6,5,5,5,5,5,4,1,9,1,7,3,3,7,7,8,5,2,2,2,2,6,6,6,6,2,6,6,6,2,2,2,2,2,6,6,6,6,2,5,2,2,5,5,2,2,2,2,2,6,2,5,5,2,2,2,2,2,2,2,5,4,4,4,1,2,2,2,2,9,1,7,2,2,2,4,2,2,2,2,2,2,2,2,2,2,3,3,3,2,2,2,7,7,7,7,7,7,7,7,8,8,8,8,8,8,8,8","0.000959157943725586","fast_greedy","edit-xhwikibooks.graphml"
"0.06","0.46","0.48","0.726411011080332","1,1,1,1,1,5,1,5,5,9,1,3,5,5,5,4,9,1,7,3,2,6,5,5,5,5,5,4,1,9,1,7,3,3,7,7,8,5,2,2,2,2,6,6,6,6,2,6,6,6,2,2,2,2,2,6,6,6,6,2,5,2,2,5,5,2,2,2,2,2,6,2,5,5,2,2,2,2,2,2,2,5,4,4,4,1,2,2,2,2,9,1,7,2,2,2,4,2,2,2,2,2,2,2,2,2,2,3,3,3,2,2,2,7,7,7,7,7,7,7,7,8,8,8,8,8,8,8,8","0.000963926315307617","fast_greedy","edit-xhwikibooks.graphml"
"0.05","0.47","0.48","0.726411011080332","1,1,1,1,1,5,1,5,5,9,1,3,5,5,5,4,9,1,7,3,2,6,5,5,5,5,5,4,1,9,1,7,3,3,7,7,8,5,2,2,2,2,6,6,6,6,2,6,6,6,2,2,2,2,2,6,6,6,6,2,5,2,2,5,5,2,2,2,2,2,6,2,5,5,2,2,2,2,2,2,2,5,4,4,4,1,2,2,2,2,9,1,7,2,2,2,4,2,2,2,2,2,2,2,2,2,2,3,3,3,2,2,2,7,7,7,7,7,7,7,7,8,8,8,8,8,8,8,8","0.000980138778686523","fast_greedy","edit-xhwikibooks.graphml"
"0.04","0.48","0.48","0.726411011080332","1,1,1,1,1,5,1,5,5,9,1,3,5,5,5,4,9,1,7,3,2,6,5,5,5,5,5,4,1,9,1,7,3,3,7,7,8,5,2,2,2,2,6,6,6,6,2,6,6,6,2,2,2,2,2,6,6,6,6,2,5,2,2,5,5,2,2,2,2,2,6,2,5,5,2,2,2,2,2,2,2,5,4,4,4,1,2,2,2,2,9,1,7,2,2,2,4,2,2,2,2,2,2,2,2,2,2,3,3,3,2,2,2,7,7,7,7,7,7,7,7,8,8,8,8,8,8,8,8","0.000954866409301758","fast_greedy","edit-xhwikibooks.graphml"
"0.03","0.49","0.48","0.71826553750752","1,1,1,1,1,5,1,5,5,9,1,3,5,5,5,4,9,1,7,3,2,6,5,5,5,5,5,4,1,9,1,7,3,3,7,7,8,5,2,2,2,2,6,6,6,6,2,6,6,6,2,2,2,2,2,6,6,6,6,2,10,2,2,5,5,2,2,2,2,2,6,2,5,5,2,2,2,2,2,2,2,5,4,4,4,11,2,2,2,2,12,13,14,2,2,2,4,2,2,2,2,2,2,2,2,2,2,3,3,3,2,2,2,7,7,7,7,7,7,7,7,8,8,8,8,8,8,8,8","0.0357260704040527","fast_greedy","edit-xhwikibooks.graphml"
"0.02","0.5","0.48","0.728459249166338","1,1,1,1,1,6,1,6,6,9,1,3,6,6,6,4,9,1,7,3,2,5,6,6,6,6,6,4,1,9,1,7,3,3,7,7,8,6,2,2,2,2,5,5,5,5,2,5,5,5,2,2,2,2,2,5,5,5,5,2,10,2,2,6,6,2,2,2,2,2,5,2,6,6,2,2,2,2,2,2,2,6,4,4,4,11,2,2,2,2,12,13,14,2,2,2,4,2,2,2,2,2,2,2,2,2,2,3,3,3,2,2,2,7,7,7,7,7,7,7,7,8,8,8,8,8,8,8,8","0.00110006332397461","fast_greedy","edit-xhwikibooks.graphml"
"0.01","0.51","0.48","0.728459249166338","1,1,1,1,1,6,1,6,6,9,1,3,6,6,6,4,9,1,7,3,2,5,6,6,6,6,6,4,1,9,1,7,3,3,7,7,8,6,2,2,2,2,5,5,5,5,2,5,5,5,2,2,2,2,2,5,5,5,5,2,10,2,2,6,6,2,2,2,2,2,5,2,6,6,2,2,2,2,2,2,2,6,4,4,4,11,2,2,2,2,12,13,14,2,2,2,4,2,2,2,2,2,2,2,2,2,2,3,3,3,2,2,2,7,7,7,7,7,7,7,7,8,8,8,8,8,8,8,8","0.00103592872619629","fast_greedy","edit-xhwikibooks.graphml"
"0","0.52","0.48","0.72014136609856","1,1,1,1,1,1,2,1,6,1,2,2,6,6,6,4,1,2,7,2,3,5,6,6,6,6,6,4,1,1,2,7,2,2,7,7,8,6,3,3,3,3,5,5,5,5,3,5,5,5,3,3,3,3,3,5,5,5,5,3,9,3,3,6,6,3,3,3,3,3,5,3,6,6,3,3,3,3,3,3,3,6,4,4,4,10,3,3,3,3,11,12,13,3,3,3,4,3,3,3,3,3,3,3,3,3,3,2,2,2,3,3,3,7,7,7,7,7,7,7,7,8,8,8,8,8,8,8,8","0.00125288963317871","fast_greedy","edit-xhwikibooks.graphml"
"0.51","0","0.49","0.724977777777778","1,1,1,1,1,4,1,4,4,9,1,3,4,4,4,5,9,1,7,3,2,6,4,4,4,4,4,5,1,9,1,7,3,3,7,7,8,4,2,2,2,2,6,6,6,6,2,6,6,6,2,2,2,2,2,6,6,6,6,2,4,2,2,4,4,2,2,2,2,2,6,2,4,4,2,2,2,2,2,2,2,4,5,5,5,1,2,2,2,2,9,1,7,2,2,2,5,2,2,2,2,2,2,2,2,2,2,3,3,3,2,2,2,7,7,7,7,7,7,7,7,8,8,8,8,8,8,8,8","0.000982999801635742","fast_greedy","edit-xhwikibooks.graphml"
"0.5","0.01","0.49","0.724977777777778","1,1,1,1,1,4,1,4,4,9,1,3,4,4,4,5,9,1,7,3,2,6,4,4,4,4,4,5,1,9,1,7,3,3,7,7,8,4,2,2,2,2,6,6,6,6,2,6,6,6,2,2,2,2,2,6,6,6,6,2,4,2,2,4,4,2,2,2,2,2,6,2,4,4,2,2,2,2,2,2,2,4,5,5,5,1,2,2,2,2,9,1,7,2,2,2,5,2,2,2,2,2,2,2,2,2,2,3,3,3,2,2,2,7,7,7,7,7,7,7,7,8,8,8,8,8,8,8,8","0.00101494789123535","fast_greedy","edit-xhwikibooks.graphml"
"0.49","0.02","0.49","0.724977777777778","1,1,1,1,1,4,1,4,4,9,1,3,4,4,4,5,9,1,7,3,2,6,4,4,4,4,4,5,1,9,1,7,3,3,7,7,8,4,2,2,2,2,6,6,6,6,2,6,6,6,2,2,2,2,2,6,6,6,6,2,4,2,2,4,4,2,2,2,2,2,6,2,4,4,2,2,2,2,2,2,2,4,5,5,5,1,2,2,2,2,9,1,7,2,2,2,5,2,2,2,2,2,2,2,2,2,2,3,3,3,2,2,2,7,7,7,7,7,7,7,7,8,8,8,8,8,8,8,8","0.000950098037719727","fast_greedy","edit-xhwikibooks.graphml"
"0.48","0.03","0.49","0.724977777777778","1,1,1,1,1,4,1,4,4,9,1,3,4,4,4,5,9,1,7,3,2,6,4,4,4,4,4,5,1,9,1,7,3,3,7,7,8,4,2,2,2,2,6,6,6,6,2,6,6,6,2,2,2,2,2,6,6,6,6,2,4,2,2,4,4,2,2,2,2,2,6,2,4,4,2,2,2,2,2,2,2,4,5,5,5,1,2,2,2,2,9,1,7,2,2,2,5,2,2,2,2,2,2,2,2,2,2,3,3,3,2,2,2,7,7,7,7,7,7,7,7,8,8,8,8,8,8,8,8","0.000941038131713867","fast_greedy","edit-xhwikibooks.graphml"
"0.47","0.04","0.49","0.724977777777778","1,1,1,1,1,4,1,4,4,9,1,3,4,4,4,5,9,1,7,3,2,6,4,4,4,4,4,5,1,9,1,7,3,3,7,7,8,4,2,2,2,2,6,6,6,6,2,6,6,6,2,2,2,2,2,6,6,6,6,2,4,2,2,4,4,2,2,2,2,2,6,2,4,4,2,2,2,2,2,2,2,4,5,5,5,1,2,2,2,2,9,1,7,2,2,2,5,2,2,2,2,2,2,2,2,2,2,3,3,3,2,2,2,7,7,7,7,7,7,7,7,8,8,8,8,8,8,8,8","0.00114917755126953","fast_greedy","edit-xhwikibooks.graphml"
"0.46","0.05","0.49","0.724977777777778","1,1,1,1,1,4,1,4,4,9,1,3,4,4,4,5,9,1,7,3,2,6,4,4,4,4,4,5,1,9,1,7,3,3,7,7,8,4,2,2,2,2,6,6,6,6,2,6,6,6,2,2,2,2,2,6,6,6,6,2,4,2,2,4,4,2,2,2,2,2,6,2,4,4,2,2,2,2,2,2,2,4,5,5,5,1,2,2,2,2,9,1,7,2,2,2,5,2,2,2,2,2,2,2,2,2,2,3,3,3,2,2,2,7,7,7,7,7,7,7,7,8,8,8,8,8,8,8,8","0.000936985015869141","fast_greedy","edit-xhwikibooks.graphml"
"0.45","0.06","0.49","0.724977777777778","1,1,1,1,1,4,1,4,4,9,1,3,4,4,4,5,9,1,7,3,2,6,4,4,4,4,4,5,1,9,1,7,3,3,7,7,8,4,2,2,2,2,6,6,6,6,2,6,6,6,2,2,2,2,2,6,6,6,6,2,4,2,2,4,4,2,2,2,2,2,6,2,4,4,2,2,2,2,2,2,2,4,5,5,5,1,2,2,2,2,9,1,7,2,2,2,5,2,2,2,2,2,2,2,2,2,2,3,3,3,2,2,2,7,7,7,7,7,7,7,7,8,8,8,8,8,8,8,8","0.000930070877075195","fast_greedy","edit-xhwikibooks.graphml"
"0.44","0.07","0.49","0.724977777777778","1,1,1,1,1,4,1,4,4,9,1,3,4,4,4,5,9,1,7,3,2,6,4,4,4,4,4,5,1,9,1,7,3,3,7,7,8,4,2,2,2,2,6,6,6,6,2,6,6,6,2,2,2,2,2,6,6,6,6,2,4,2,2,4,4,2,2,2,2,2,6,2,4,4,2,2,2,2,2,2,2,4,5,5,5,1,2,2,2,2,9,1,7,2,2,2,5,2,2,2,2,2,2,2,2,2,2,3,3,3,2,2,2,7,7,7,7,7,7,7,7,8,8,8,8,8,8,8,8","0.000952959060668945","fast_greedy","edit-xhwikibooks.graphml"
"0.43","0.08","0.49","0.724977777777778","1,1,1,1,1,4,1,4,4,9,1,3,4,4,4,5,9,1,7,3,2,6,4,4,4,4,4,5,1,9,1,7,3,3,7,7,8,4,2,2,2,2,6,6,6,6,2,6,6,6,2,2,2,2,2,6,6,6,6,2,4,2,2,4,4,2,2,2,2,2,6,2,4,4,2,2,2,2,2,2,2,4,5,5,5,1,2,2,2,2,9,1,7,2,2,2,5,2,2,2,2,2,2,2,2,2,2,3,3,3,2,2,2,7,7,7,7,7,7,7,7,8,8,8,8,8,8,8,8","0.000945091247558594","fast_greedy","edit-xhwikibooks.graphml"
"0.42","0.09","0.49","0.724977777777778","1,1,1,1,1,4,1,4,4,9,1,3,4,4,4,5,9,1,7,3,2,6,4,4,4,4,4,5,1,9,1,7,3,3,7,7,8,4,2,2,2,2,6,6,6,6,2,6,6,6,2,2,2,2,2,6,6,6,6,2,4,2,2,4,4,2,2,2,2,2,6,2,4,4,2,2,2,2,2,2,2,4,5,5,5,1,2,2,2,2,9,1,7,2,2,2,5,2,2,2,2,2,2,2,2,2,2,3,3,3,2,2,2,7,7,7,7,7,7,7,7,8,8,8,8,8,8,8,8","0.000964879989624023","fast_greedy","edit-xhwikibooks.graphml"
"0.41","0.1","0.49","0.724977777777778","1,1,1,1,1,4,1,4,4,9,1,3,4,4,4,5,9,1,7,3,2,6,4,4,4,4,4,5,1,9,1,7,3,3,7,7,8,4,2,2,2,2,6,6,6,6,2,6,6,6,2,2,2,2,2,6,6,6,6,2,4,2,2,4,4,2,2,2,2,2,6,2,4,4,2,2,2,2,2,2,2,4,5,5,5,1,2,2,2,2,9,1,7,2,2,2,5,2,2,2,2,2,2,2,2,2,2,3,3,3,2,2,2,7,7,7,7,7,7,7,7,8,8,8,8,8,8,8,8","0.00116205215454102","fast_greedy","edit-xhwikibooks.graphml"
"0.4","0.11","0.49","0.724977777777778","1,1,1,1,1,4,1,4,4,9,1,3,4,4,4,5,9,1,7,3,2,6,4,4,4,4,4,5,1,9,1,7,3,3,7,7,8,4,2,2,2,2,6,6,6,6,2,6,6,6,2,2,2,2,2,6,6,6,6,2,4,2,2,4,4,2,2,2,2,2,6,2,4,4,2,2,2,2,2,2,2,4,5,5,5,1,2,2,2,2,9,1,7,2,2,2,5,2,2,2,2,2,2,2,2,2,2,3,3,3,2,2,2,7,7,7,7,7,7,7,7,8,8,8,8,8,8,8,8","0.000935077667236328","fast_greedy","edit-xhwikibooks.graphml"
"0.39","0.12","0.49","0.724977777777778","1,1,1,1,1,4,1,4,4,9,1,3,4,4,4,5,9,1,7,3,2,6,4,4,4,4,4,5,1,9,1,7,3,3,7,7,8,4,2,2,2,2,6,6,6,6,2,6,6,6,2,2,2,2,2,6,6,6,6,2,4,2,2,4,4,2,2,2,2,2,6,2,4,4,2,2,2,2,2,2,2,4,5,5,5,1,2,2,2,2,9,1,7,2,2,2,5,2,2,2,2,2,2,2,2,2,2,3,3,3,2,2,2,7,7,7,7,7,7,7,7,8,8,8,8,8,8,8,8","0.000952005386352539","fast_greedy","edit-xhwikibooks.graphml"
"0.38","0.13","0.49","0.724977777777778","1,1,1,1,1,4,1,4,4,9,1,3,4,4,4,5,9,1,7,3,2,6,4,4,4,4,4,5,1,9,1,7,3,3,7,7,8,4,2,2,2,2,6,6,6,6,2,6,6,6,2,2,2,2,2,6,6,6,6,2,4,2,2,4,4,2,2,2,2,2,6,2,4,4,2,2,2,2,2,2,2,4,5,5,5,1,2,2,2,2,9,1,7,2,2,2,5,2,2,2,2,2,2,2,2,2,2,3,3,3,2,2,2,7,7,7,7,7,7,7,7,8,8,8,8,8,8,8,8","0.000941991806030273","fast_greedy","edit-xhwikibooks.graphml"
"0.37","0.14","0.49","0.724977777777778","1,1,1,1,1,4,1,4,4,9,1,3,4,4,4,5,9,1,7,3,2,6,4,4,4,4,4,5,1,9,1,7,3,3,7,7,8,4,2,2,2,2,6,6,6,6,2,6,6,6,2,2,2,2,2,6,6,6,6,2,4,2,2,4,4,2,2,2,2,2,6,2,4,4,2,2,2,2,2,2,2,4,5,5,5,1,2,2,2,2,9,1,7,2,2,2,5,2,2,2,2,2,2,2,2,2,2,3,3,3,2,2,2,7,7,7,7,7,7,7,7,8,8,8,8,8,8,8,8","0.000932216644287109","fast_greedy","edit-xhwikibooks.graphml"
"0.36","0.15","0.49","0.724977777777778","1,1,1,1,1,4,1,4,4,9,1,3,4,4,4,5,9,1,7,3,2,6,4,4,4,4,4,5,1,9,1,7,3,3,7,7,8,4,2,2,2,2,6,6,6,6,2,6,6,6,2,2,2,2,2,6,6,6,6,2,4,2,2,4,4,2,2,2,2,2,6,2,4,4,2,2,2,2,2,2,2,4,5,5,5,1,2,2,2,2,9,1,7,2,2,2,5,2,2,2,2,2,2,2,2,2,2,3,3,3,2,2,2,7,7,7,7,7,7,7,7,8,8,8,8,8,8,8,8","0.000969886779785156","fast_greedy","edit-xhwikibooks.graphml"
"0.35","0.16","0.49","0.724977777777778","1,1,1,1,1,4,1,4,4,9,1,3,4,4,4,5,9,1,7,3,2,6,4,4,4,4,4,5,1,9,1,7,3,3,7,7,8,4,2,2,2,2,6,6,6,6,2,6,6,6,2,2,2,2,2,6,6,6,6,2,4,2,2,4,4,2,2,2,2,2,6,2,4,4,2,2,2,2,2,2,2,4,5,5,5,1,2,2,2,2,9,1,7,2,2,2,5,2,2,2,2,2,2,2,2,2,2,3,3,3,2,2,2,7,7,7,7,7,7,7,7,8,8,8,8,8,8,8,8","0.000957965850830078","fast_greedy","edit-xhwikibooks.graphml"
"0.34","0.17","0.49","0.726020788561905","1,1,1,1,1,4,1,4,4,9,1,3,4,4,4,5,9,1,7,3,2,6,4,4,4,4,4,5,1,9,1,7,3,3,7,7,8,4,2,2,2,2,6,6,6,6,2,6,6,6,2,2,2,2,2,6,6,6,6,2,4,2,2,4,4,2,2,2,2,2,6,2,4,4,2,2,2,2,2,2,2,4,5,5,5,1,2,2,2,2,9,1,7,2,2,2,5,2,2,2,2,2,2,2,2,2,2,3,3,3,2,2,2,7,7,7,7,7,7,7,7,8,8,8,8,8,8,8,8","0.000959157943725586","fast_greedy","edit-xhwikibooks.graphml"
"0.33","0.18","0.49","0.726020788561905","1,1,1,1,1,4,1,4,4,9,1,3,4,4,4,5,9,1,7,3,2,6,4,4,4,4,4,5,1,9,1,7,3,3,7,7,8,4,2,2,2,2,6,6,6,6,2,6,6,6,2,2,2,2,2,6,6,6,6,2,4,2,2,4,4,2,2,2,2,2,6,2,4,4,2,2,2,2,2,2,2,4,5,5,5,1,2,2,2,2,9,1,7,2,2,2,5,2,2,2,2,2,2,2,2,2,2,3,3,3,2,2,2,7,7,7,7,7,7,7,7,8,8,8,8,8,8,8,8","0.000959157943725586","fast_greedy","edit-xhwikibooks.graphml"
"0.32","0.19","0.49","0.726020788561905","1,1,1,1,1,4,1,4,4,9,1,3,4,4,4,5,9,1,7,3,2,6,4,4,4,4,4,5,1,9,1,7,3,3,7,7,8,4,2,2,2,2,6,6,6,6,2,6,6,6,2,2,2,2,2,6,6,6,6,2,4,2,2,4,4,2,2,2,2,2,6,2,4,4,2,2,2,2,2,2,2,4,5,5,5,1,2,2,2,2,9,1,7,2,2,2,5,2,2,2,2,2,2,2,2,2,2,3,3,3,2,2,2,7,7,7,7,7,7,7,7,8,8,8,8,8,8,8,8","0.000975131988525391","fast_greedy","edit-xhwikibooks.graphml"
"0.31","0.2","0.49","0.726020788561905","1,1,1,1,1,4,1,4,4,9,1,3,4,4,4,5,9,1,7,3,2,6,4,4,4,4,4,5,1,9,1,7,3,3,7,7,8,4,2,2,2,2,6,6,6,6,2,6,6,6,2,2,2,2,2,6,6,6,6,2,4,2,2,4,4,2,2,2,2,2,6,2,4,4,2,2,2,2,2,2,2,4,5,5,5,1,2,2,2,2,9,1,7,2,2,2,5,2,2,2,2,2,2,2,2,2,2,3,3,3,2,2,2,7,7,7,7,7,7,7,7,8,8,8,8,8,8,8,8","0.000993013381958008","fast_greedy","edit-xhwikibooks.graphml"
"0.3","0.21","0.49","0.726020788561905","1,1,1,1,1,4,1,4,4,9,1,3,4,4,4,5,9,1,7,3,2,6,4,4,4,4,4,5,1,9,1,7,3,3,7,7,8,4,2,2,2,2,6,6,6,6,2,6,6,6,2,2,2,2,2,6,6,6,6,2,4,2,2,4,4,2,2,2,2,2,6,2,4,4,2,2,2,2,2,2,2,4,5,5,5,1,2,2,2,2,9,1,7,2,2,2,5,2,2,2,2,2,2,2,2,2,2,3,3,3,2,2,2,7,7,7,7,7,7,7,7,8,8,8,8,8,8,8,8","0.00124406814575195","fast_greedy","edit-xhwikibooks.graphml"
"0.29","0.22","0.49","0.726020788561905","1,1,1,1,1,4,1,4,4,9,1,3,4,4,4,5,9,1,7,3,2,6,4,4,4,4,4,5,1,9,1,7,3,3,7,7,8,4,2,2,2,2,6,6,6,6,2,6,6,6,2,2,2,2,2,6,6,6,6,2,4,2,2,4,4,2,2,2,2,2,6,2,4,4,2,2,2,2,2,2,2,4,5,5,5,1,2,2,2,2,9,1,7,2,2,2,5,2,2,2,2,2,2,2,2,2,2,3,3,3,2,2,2,7,7,7,7,7,7,7,7,8,8,8,8,8,8,8,8","0.000941038131713867","fast_greedy","edit-xhwikibooks.graphml"
"0.28","0.23","0.49","0.726020788561905","1,1,1,1,1,4,1,4,4,9,1,3,4,4,4,5,9,1,7,3,2,6,4,4,4,4,4,5,1,9,1,7,3,3,7,7,8,4,2,2,2,2,6,6,6,6,2,6,6,6,2,2,2,2,2,6,6,6,6,2,4,2,2,4,4,2,2,2,2,2,6,2,4,4,2,2,2,2,2,2,2,4,5,5,5,1,2,2,2,2,9,1,7,2,2,2,5,2,2,2,2,2,2,2,2,2,2,3,3,3,2,2,2,7,7,7,7,7,7,7,7,8,8,8,8,8,8,8,8","0.000927209854125977","fast_greedy","edit-xhwikibooks.graphml"
"0.27","0.24","0.49","0.726020788561905","1,1,1,1,1,4,1,4,4,9,1,3,4,4,4,5,9,1,7,3,2,6,4,4,4,4,4,5,1,9,1,7,3,3,7,7,8,4,2,2,2,2,6,6,6,6,2,6,6,6,2,2,2,2,2,6,6,6,6,2,4,2,2,4,4,2,2,2,2,2,6,2,4,4,2,2,2,2,2,2,2,4,5,5,5,1,2,2,2,2,9,1,7,2,2,2,5,2,2,2,2,2,2,2,2,2,2,3,3,3,2,2,2,7,7,7,7,7,7,7,7,8,8,8,8,8,8,8,8","0.000951051712036133","fast_greedy","edit-xhwikibooks.graphml"
"0.26","0.25","0.49","0.726020788561905","1,1,1,1,1,4,1,4,4,9,1,3,4,4,4,5,9,1,7,3,2,6,4,4,4,4,4,5,1,9,1,7,3,3,7,7,8,4,2,2,2,2,6,6,6,6,2,6,6,6,2,2,2,2,2,6,6,6,6,2,4,2,2,4,4,2,2,2,2,2,6,2,4,4,2,2,2,2,2,2,2,4,5,5,5,1,2,2,2,2,9,1,7,2,2,2,5,2,2,2,2,2,2,2,2,2,2,3,3,3,2,2,2,7,7,7,7,7,7,7,7,8,8,8,8,8,8,8,8","0.000952959060668945","fast_greedy","edit-xhwikibooks.graphml"
"0.25","0.26","0.49","0.726020788561905","1,1,1,1,1,4,1,4,4,9,1,3,4,4,4,5,9,1,7,3,2,6,4,4,4,4,4,5,1,9,1,7,3,3,7,7,8,4,2,2,2,2,6,6,6,6,2,6,6,6,2,2,2,2,2,6,6,6,6,2,4,2,2,4,4,2,2,2,2,2,6,2,4,4,2,2,2,2,2,2,2,4,5,5,5,1,2,2,2,2,9,1,7,2,2,2,5,2,2,2,2,2,2,2,2,2,2,3,3,3,2,2,2,7,7,7,7,7,7,7,7,8,8,8,8,8,8,8,8","0.000970840454101562","fast_greedy","edit-xhwikibooks.graphml"
"0.24","0.27","0.49","0.726020788561905","1,1,1,1,1,4,1,4,4,9,1,3,4,4,4,5,9,1,7,3,2,6,4,4,4,4,4,5,1,9,1,7,3,3,7,7,8,4,2,2,2,2,6,6,6,6,2,6,6,6,2,2,2,2,2,6,6,6,6,2,4,2,2,4,4,2,2,2,2,2,6,2,4,4,2,2,2,2,2,2,2,4,5,5,5,1,2,2,2,2,9,1,7,2,2,2,5,2,2,2,2,2,2,2,2,2,2,3,3,3,2,2,2,7,7,7,7,7,7,7,7,8,8,8,8,8,8,8,8","0.000987768173217773","fast_greedy","edit-xhwikibooks.graphml"
"0.23","0.28","0.49","0.726020788561905","1,1,1,1,1,4,1,4,4,9,1,3,4,4,4,5,9,1,7,3,2,6,4,4,4,4,4,5,1,9,1,7,3,3,7,7,8,4,2,2,2,2,6,6,6,6,2,6,6,6,2,2,2,2,2,6,6,6,6,2,4,2,2,4,4,2,2,2,2,2,6,2,4,4,2,2,2,2,2,2,2,4,5,5,5,1,2,2,2,2,9,1,7,2,2,2,5,2,2,2,2,2,2,2,2,2,2,3,3,3,2,2,2,7,7,7,7,7,7,7,7,8,8,8,8,8,8,8,8","0.000998973846435547","fast_greedy","edit-xhwikibooks.graphml"
"0.22","0.29","0.49","0.726020788561905","1,1,1,1,1,4,1,4,4,9,1,3,4,4,4,5,9,1,7,3,2,6,4,4,4,4,4,5,1,9,1,7,3,3,7,7,8,4,2,2,2,2,6,6,6,6,2,6,6,6,2,2,2,2,2,6,6,6,6,2,4,2,2,4,4,2,2,2,2,2,6,2,4,4,2,2,2,2,2,2,2,4,5,5,5,1,2,2,2,2,9,1,7,2,2,2,5,2,2,2,2,2,2,2,2,2,2,3,3,3,2,2,2,7,7,7,7,7,7,7,7,8,8,8,8,8,8,8,8","0.000982999801635742","fast_greedy","edit-xhwikibooks.graphml"
"0.21","0.3","0.49","0.726020788561905","1,1,1,1,1,4,1,4,4,9,1,3,4,4,4,5,9,1,7,3,2,6,4,4,4,4,4,5,1,9,1,7,3,3,7,7,8,4,2,2,2,2,6,6,6,6,2,6,6,6,2,2,2,2,2,6,6,6,6,2,4,2,2,4,4,2,2,2,2,2,6,2,4,4,2,2,2,2,2,2,2,4,5,5,5,1,2,2,2,2,9,1,7,2,2,2,5,2,2,2,2,2,2,2,2,2,2,3,3,3,2,2,2,7,7,7,7,7,7,7,7,8,8,8,8,8,8,8,8","0.000993013381958008","fast_greedy","edit-xhwikibooks.graphml"
"0.2","0.31","0.49","0.726020788561905","1,1,1,1,1,4,1,4,4,9,1,3,4,4,4,5,9,1,7,3,2,6,4,4,4,4,4,5,1,9,1,7,3,3,7,7,8,4,2,2,2,2,6,6,6,6,2,6,6,6,2,2,2,2,2,6,6,6,6,2,4,2,2,4,4,2,2,2,2,2,6,2,4,4,2,2,2,2,2,2,2,4,5,5,5,1,2,2,2,2,9,1,7,2,2,2,5,2,2,2,2,2,2,2,2,2,2,3,3,3,2,2,2,7,7,7,7,7,7,7,7,8,8,8,8,8,8,8,8","0.000974893569946289","fast_greedy","edit-xhwikibooks.graphml"
"0.19","0.32","0.49","0.726020788561905","1,1,1,1,1,4,1,4,4,9,1,3,4,4,4,5,9,1,7,3,2,6,4,4,4,4,4,5,1,9,1,7,3,3,7,7,8,4,2,2,2,2,6,6,6,6,2,6,6,6,2,2,2,2,2,6,6,6,6,2,4,2,2,4,4,2,2,2,2,2,6,2,4,4,2,2,2,2,2,2,2,4,5,5,5,1,2,2,2,2,9,1,7,2,2,2,5,2,2,2,2,2,2,2,2,2,2,3,3,3,2,2,2,7,7,7,7,7,7,7,7,8,8,8,8,8,8,8,8","0.000987052917480469","fast_greedy","edit-xhwikibooks.graphml"
"0.18","0.33","0.49","0.726020788561905","1,1,1,1,1,4,1,4,4,9,1,3,4,4,4,5,9,1,7,3,2,6,4,4,4,4,4,5,1,9,1,7,3,3,7,7,8,4,2,2,2,2,6,6,6,6,2,6,6,6,2,2,2,2,2,6,6,6,6,2,4,2,2,4,4,2,2,2,2,2,6,2,4,4,2,2,2,2,2,2,2,4,5,5,5,1,2,2,2,2,9,1,7,2,2,2,5,2,2,2,2,2,2,2,2,2,2,3,3,3,2,2,2,7,7,7,7,7,7,7,7,8,8,8,8,8,8,8,8","0.000941991806030273","fast_greedy","edit-xhwikibooks.graphml"
"0.17","0.34","0.49","0.726411011080332","1,1,1,1,1,5,1,5,5,9,1,3,5,5,5,4,9,1,7,3,2,6,5,5,5,5,5,4,1,9,1,7,3,3,7,7,8,5,2,2,2,2,6,6,6,6,2,6,6,6,2,2,2,2,2,6,6,6,6,2,5,2,2,5,5,2,2,2,2,2,6,2,5,5,2,2,2,2,2,2,2,5,4,4,4,1,2,2,2,2,9,1,7,2,2,2,4,2,2,2,2,2,2,2,2,2,2,3,3,3,2,2,2,7,7,7,7,7,7,7,7,8,8,8,8,8,8,8,8","0.00093388557434082","fast_greedy","edit-xhwikibooks.graphml"
"0.16","0.35","0.49","0.726411011080332","1,1,1,1,1,5,1,5,5,9,1,3,5,5,5,4,9,1,7,3,2,6,5,5,5,5,5,4,1,9,1,7,3,3,7,7,8,5,2,2,2,2,6,6,6,6,2,6,6,6,2,2,2,2,2,6,6,6,6,2,5,2,2,5,5,2,2,2,2,2,6,2,5,5,2,2,2,2,2,2,2,5,4,4,4,1,2,2,2,2,9,1,7,2,2,2,4,2,2,2,2,2,2,2,2,2,2,3,3,3,2,2,2,7,7,7,7,7,7,7,7,8,8,8,8,8,8,8,8","0.000952005386352539","fast_greedy","edit-xhwikibooks.graphml"
"0.15","0.36","0.49","0.726411011080332","1,1,1,1,1,5,1,5,5,9,1,3,5,5,5,4,9,1,7,3,2,6,5,5,5,5,5,4,1,9,1,7,3,3,7,7,8,5,2,2,2,2,6,6,6,6,2,6,6,6,2,2,2,2,2,6,6,6,6,2,5,2,2,5,5,2,2,2,2,2,6,2,5,5,2,2,2,2,2,2,2,5,4,4,4,1,2,2,2,2,9,1,7,2,2,2,4,2,2,2,2,2,2,2,2,2,2,3,3,3,2,2,2,7,7,7,7,7,7,7,7,8,8,8,8,8,8,8,8","0.000979900360107422","fast_greedy","edit-xhwikibooks.graphml"
"0.14","0.37","0.49","0.726411011080332","1,1,1,1,1,5,1,5,5,9,1,3,5,5,5,4,9,1,7,3,2,6,5,5,5,5,5,4,1,9,1,7,3,3,7,7,8,5,2,2,2,2,6,6,6,6,2,6,6,6,2,2,2,2,2,6,6,6,6,2,5,2,2,5,5,2,2,2,2,2,6,2,5,5,2,2,2,2,2,2,2,5,4,4,4,1,2,2,2,2,9,1,7,2,2,2,4,2,2,2,2,2,2,2,2,2,2,3,3,3,2,2,2,7,7,7,7,7,7,7,7,8,8,8,8,8,8,8,8","0.000957012176513672","fast_greedy","edit-xhwikibooks.graphml"
"0.13","0.38","0.49","0.726411011080332","1,1,1,1,1,5,1,5,5,9,1,3,5,5,5,4,9,1,7,3,2,6,5,5,5,5,5,4,1,9,1,7,3,3,7,7,8,5,2,2,2,2,6,6,6,6,2,6,6,6,2,2,2,2,2,6,6,6,6,2,5,2,2,5,5,2,2,2,2,2,6,2,5,5,2,2,2,2,2,2,2,5,4,4,4,1,2,2,2,2,9,1,7,2,2,2,4,2,2,2,2,2,2,2,2,2,2,3,3,3,2,2,2,7,7,7,7,7,7,7,7,8,8,8,8,8,8,8,8","0.000957965850830078","fast_greedy","edit-xhwikibooks.graphml"
"0.12","0.39","0.49","0.726411011080332","1,1,1,1,1,5,1,5,5,9,1,3,5,5,5,4,9,1,7,3,2,6,5,5,5,5,5,4,1,9,1,7,3,3,7,7,8,5,2,2,2,2,6,6,6,6,2,6,6,6,2,2,2,2,2,6,6,6,6,2,5,2,2,5,5,2,2,2,2,2,6,2,5,5,2,2,2,2,2,2,2,5,4,4,4,1,2,2,2,2,9,1,7,2,2,2,4,2,2,2,2,2,2,2,2,2,2,3,3,3,2,2,2,7,7,7,7,7,7,7,7,8,8,8,8,8,8,8,8","0.000959873199462891","fast_greedy","edit-xhwikibooks.graphml"
"0.11","0.4","0.49","0.726411011080332","1,1,1,1,1,5,1,5,5,9,1,3,5,5,5,4,9,1,7,3,2,6,5,5,5,5,5,4,1,9,1,7,3,3,7,7,8,5,2,2,2,2,6,6,6,6,2,6,6,6,2,2,2,2,2,6,6,6,6,2,5,2,2,5,5,2,2,2,2,2,6,2,5,5,2,2,2,2,2,2,2,5,4,4,4,1,2,2,2,2,9,1,7,2,2,2,4,2,2,2,2,2,2,2,2,2,2,3,3,3,2,2,2,7,7,7,7,7,7,7,7,8,8,8,8,8,8,8,8","0.000963926315307617","fast_greedy","edit-xhwikibooks.graphml"
"0.1","0.41","0.49","0.726411011080332","1,1,1,1,1,5,1,5,5,9,1,3,5,5,5,4,9,1,7,3,2,6,5,5,5,5,5,4,1,9,1,7,3,3,7,7,8,5,2,2,2,2,6,6,6,6,2,6,6,6,2,2,2,2,2,6,6,6,6,2,5,2,2,5,5,2,2,2,2,2,6,2,5,5,2,2,2,2,2,2,2,5,4,4,4,1,2,2,2,2,9,1,7,2,2,2,4,2,2,2,2,2,2,2,2,2,2,3,3,3,2,2,2,7,7,7,7,7,7,7,7,8,8,8,8,8,8,8,8","0.000973939895629883","fast_greedy","edit-xhwikibooks.graphml"
"0.09","0.42","0.49","0.726411011080332","1,1,1,1,1,5,1,5,5,9,1,3,5,5,5,4,9,1,7,3,2,6,5,5,5,5,5,4,1,9,1,7,3,3,7,7,8,5,2,2,2,2,6,6,6,6,2,6,6,6,2,2,2,2,2,6,6,6,6,2,5,2,2,5,5,2,2,2,2,2,6,2,5,5,2,2,2,2,2,2,2,5,4,4,4,1,2,2,2,2,9,1,7,2,2,2,4,2,2,2,2,2,2,2,2,2,2,3,3,3,2,2,2,7,7,7,7,7,7,7,7,8,8,8,8,8,8,8,8","0.00117206573486328","fast_greedy","edit-xhwikibooks.graphml"
"0.08","0.43","0.49","0.726411011080332","1,1,1,1,1,5,1,5,5,9,1,3,5,5,5,4,9,1,7,3,2,6,5,5,5,5,5,4,1,9,1,7,3,3,7,7,8,5,2,2,2,2,6,6,6,6,2,6,6,6,2,2,2,2,2,6,6,6,6,2,5,2,2,5,5,2,2,2,2,2,6,2,5,5,2,2,2,2,2,2,2,5,4,4,4,1,2,2,2,2,9,1,7,2,2,2,4,2,2,2,2,2,2,2,2,2,2,3,3,3,2,2,2,7,7,7,7,7,7,7,7,8,8,8,8,8,8,8,8","0.000929832458496094","fast_greedy","edit-xhwikibooks.graphml"
"0.07","0.44","0.49","0.726411011080332","1,1,1,1,1,5,1,5,5,9,1,3,5,5,5,4,9,1,7,3,2,6,5,5,5,5,5,4,1,9,1,7,3,3,7,7,8,5,2,2,2,2,6,6,6,6,2,6,6,6,2,2,2,2,2,6,6,6,6,2,5,2,2,5,5,2,2,2,2,2,6,2,5,5,2,2,2,2,2,2,2,5,4,4,4,1,2,2,2,2,9,1,7,2,2,2,4,2,2,2,2,2,2,2,2,2,2,3,3,3,2,2,2,7,7,7,7,7,7,7,7,8,8,8,8,8,8,8,8","0.00094294548034668","fast_greedy","edit-xhwikibooks.graphml"
"0.06","0.45","0.49","0.726411011080332","1,1,1,1,1,5,1,5,5,9,1,3,5,5,5,4,9,1,7,3,2,6,5,5,5,5,5,4,1,9,1,7,3,3,7,7,8,5,2,2,2,2,6,6,6,6,2,6,6,6,2,2,2,2,2,6,6,6,6,2,5,2,2,5,5,2,2,2,2,2,6,2,5,5,2,2,2,2,2,2,2,5,4,4,4,1,2,2,2,2,9,1,7,2,2,2,4,2,2,2,2,2,2,2,2,2,2,3,3,3,2,2,2,7,7,7,7,7,7,7,7,8,8,8,8,8,8,8,8","0.000952959060668945","fast_greedy","edit-xhwikibooks.graphml"
"0.05","0.46","0.49","0.726411011080332","1,1,1,1,1,5,1,5,5,9,1,3,5,5,5,4,9,1,7,3,2,6,5,5,5,5,5,4,1,9,1,7,3,3,7,7,8,5,2,2,2,2,6,6,6,6,2,6,6,6,2,2,2,2,2,6,6,6,6,2,5,2,2,5,5,2,2,2,2,2,6,2,5,5,2,2,2,2,2,2,2,5,4,4,4,1,2,2,2,2,9,1,7,2,2,2,4,2,2,2,2,2,2,2,2,2,2,3,3,3,2,2,2,7,7,7,7,7,7,7,7,8,8,8,8,8,8,8,8","0.000941038131713867","fast_greedy","edit-xhwikibooks.graphml"
"0.04","0.47","0.49","0.726411011080332","1,1,1,1,1,5,1,5,5,9,1,3,5,5,5,4,9,1,7,3,2,6,5,5,5,5,5,4,1,9,1,7,3,3,7,7,8,5,2,2,2,2,6,6,6,6,2,6,6,6,2,2,2,2,2,6,6,6,6,2,5,2,2,5,5,2,2,2,2,2,6,2,5,5,2,2,2,2,2,2,2,5,4,4,4,1,2,2,2,2,9,1,7,2,2,2,4,2,2,2,2,2,2,2,2,2,2,3,3,3,2,2,2,7,7,7,7,7,7,7,7,8,8,8,8,8,8,8,8","0.000973939895629883","fast_greedy","edit-xhwikibooks.graphml"
"0.03","0.48","0.49","0.726411011080332","1,1,1,1,1,5,1,5,5,9,1,3,5,5,5,4,9,1,7,3,2,6,5,5,5,5,5,4,1,9,1,7,3,3,7,7,8,5,2,2,2,2,6,6,6,6,2,6,6,6,2,2,2,2,2,6,6,6,6,2,5,2,2,5,5,2,2,2,2,2,6,2,5,5,2,2,2,2,2,2,2,5,4,4,4,1,2,2,2,2,9,1,7,2,2,2,4,2,2,2,2,2,2,2,2,2,2,3,3,3,2,2,2,7,7,7,7,7,7,7,7,8,8,8,8,8,8,8,8","0.000995874404907227","fast_greedy","edit-xhwikibooks.graphml"
"0.02","0.49","0.49","0.726411011080332","1,1,1,1,1,5,1,5,5,9,1,3,5,5,5,4,9,1,7,3,2,6,5,5,5,5,5,4,1,9,1,7,3,3,7,7,8,5,2,2,2,2,6,6,6,6,2,6,6,6,2,2,2,2,2,6,6,6,6,2,5,2,2,5,5,2,2,2,2,2,6,2,5,5,2,2,2,2,2,2,2,5,4,4,4,1,2,2,2,2,9,1,7,2,2,2,4,2,2,2,2,2,2,2,2,2,2,3,3,3,2,2,2,7,7,7,7,7,7,7,7,8,8,8,8,8,8,8,8","0.000943183898925781","fast_greedy","edit-xhwikibooks.graphml"
"0.01","0.5","0.49","0.728459249166338","1,1,1,1,1,6,1,6,6,9,1,3,6,6,6,4,9,1,7,3,2,5,6,6,6,6,6,4,1,9,1,7,3,3,7,7,8,6,2,2,2,2,5,5,5,5,2,5,5,5,2,2,2,2,2,5,5,5,5,2,10,2,2,6,6,2,2,2,2,2,5,2,6,6,2,2,2,2,2,2,2,6,4,4,4,11,2,2,2,2,12,13,14,2,2,2,4,2,2,2,2,2,2,2,2,2,2,3,3,3,2,2,2,7,7,7,7,7,7,7,7,8,8,8,8,8,8,8,8","0.000957965850830078","fast_greedy","edit-xhwikibooks.graphml"
"0","0.51","0.49","0.72014136609856","1,1,1,1,1,1,2,1,6,1,2,2,6,6,6,4,1,2,7,2,3,5,6,6,6,6,6,4,1,1,2,7,2,2,7,7,8,6,3,3,3,3,5,5,5,5,3,5,5,5,3,3,3,3,3,5,5,5,5,3,9,3,3,6,6,3,3,3,3,3,5,3,6,6,3,3,3,3,3,3,3,6,4,4,4,10,3,3,3,3,11,12,13,3,3,3,4,3,3,3,3,3,3,3,3,3,3,2,2,2,3,3,3,7,7,7,7,7,7,7,7,8,8,8,8,8,8,8,8","0.000941991806030273","fast_greedy","edit-xhwikibooks.graphml"
"0.5","0","0.5","0.706884169488048","2,2,2,2,1,2,1,2,2,8,1,1,2,2,2,4,8,1,6,1,3,5,2,2,2,2,2,4,2,8,1,6,1,1,6,6,7,2,3,3,3,3,5,5,5,5,3,5,5,5,3,3,3,3,3,5,5,5,5,3,2,3,3,2,2,3,3,3,3,3,5,3,2,2,3,3,3,3,3,3,3,2,4,4,4,2,3,3,3,3,8,1,6,3,3,3,4,3,3,3,3,3,3,3,3,3,3,1,1,1,3,3,3,6,6,6,6,6,6,6,6,7,7,7,7,7,7,7,7","0.00102519989013672","fast_greedy","edit-xhwikibooks.graphml"
"0.49","0.01","0.5","0.706884169488048","2,2,2,2,1,2,1,2,2,8,1,1,2,2,2,4,8,1,6,1,3,5,2,2,2,2,2,4,2,8,1,6,1,1,6,6,7,2,3,3,3,3,5,5,5,5,3,5,5,5,3,3,3,3,3,5,5,5,5,3,2,3,3,2,2,3,3,3,3,3,5,3,2,2,3,3,3,3,3,3,3,2,4,4,4,2,3,3,3,3,8,1,6,3,3,3,4,3,3,3,3,3,3,3,3,3,3,1,1,1,3,3,3,6,6,6,6,6,6,6,6,7,7,7,7,7,7,7,7","0.00112199783325195","fast_greedy","edit-xhwikibooks.graphml"
"0.48","0.02","0.5","0.706884169488048","2,2,2,2,1,2,1,2,2,8,1,1,2,2,2,4,8,1,6,1,3,5,2,2,2,2,2,4,2,8,1,6,1,1,6,6,7,2,3,3,3,3,5,5,5,5,3,5,5,5,3,3,3,3,3,5,5,5,5,3,2,3,3,2,2,3,3,3,3,3,5,3,2,2,3,3,3,3,3,3,3,2,4,4,4,2,3,3,3,3,8,1,6,3,3,3,4,3,3,3,3,3,3,3,3,3,3,1,1,1,3,3,3,6,6,6,6,6,6,6,6,7,7,7,7,7,7,7,7","0.000966072082519531","fast_greedy","edit-xhwikibooks.graphml"
"0.47","0.03","0.5","0.706884169488048","2,2,2,2,1,2,1,2,2,8,1,1,2,2,2,4,8,1,6,1,3,5,2,2,2,2,2,4,2,8,1,6,1,1,6,6,7,2,3,3,3,3,5,5,5,5,3,5,5,5,3,3,3,3,3,5,5,5,5,3,2,3,3,2,2,3,3,3,3,3,5,3,2,2,3,3,3,3,3,3,3,2,4,4,4,2,3,3,3,3,8,1,6,3,3,3,4,3,3,3,3,3,3,3,3,3,3,1,1,1,3,3,3,6,6,6,6,6,6,6,6,7,7,7,7,7,7,7,7","0.000941991806030273","fast_greedy","edit-xhwikibooks.graphml"
"0.46","0.04","0.5","0.706884169488048","2,2,2,2,1,2,1,2,2,8,1,1,2,2,2,4,8,1,6,1,3,5,2,2,2,2,2,4,2,8,1,6,1,1,6,6,7,2,3,3,3,3,5,5,5,5,3,5,5,5,3,3,3,3,3,5,5,5,5,3,2,3,3,2,2,3,3,3,3,3,5,3,2,2,3,3,3,3,3,3,3,2,4,4,4,2,3,3,3,3,8,1,6,3,3,3,4,3,3,3,3,3,3,3,3,3,3,1,1,1,3,3,3,6,6,6,6,6,6,6,6,7,7,7,7,7,7,7,7","0.000962972640991211","fast_greedy","edit-xhwikibooks.graphml"
"0.45","0.05","0.5","0.706884169488048","2,2,2,2,1,2,1,2,2,8,1,1,2,2,2,4,8,1,6,1,3,5,2,2,2,2,2,4,2,8,1,6,1,1,6,6,7,2,3,3,3,3,5,5,5,5,3,5,5,5,3,3,3,3,3,5,5,5,5,3,2,3,3,2,2,3,3,3,3,3,5,3,2,2,3,3,3,3,3,3,3,2,4,4,4,2,3,3,3,3,8,1,6,3,3,3,4,3,3,3,3,3,3,3,3,3,3,1,1,1,3,3,3,6,6,6,6,6,6,6,6,7,7,7,7,7,7,7,7","0.000962972640991211","fast_greedy","edit-xhwikibooks.graphml"
"0.44","0.06","0.5","0.706884169488048","2,2,2,2,1,2,1,2,2,8,1,1,2,2,2,4,8,1,6,1,3,5,2,2,2,2,2,4,2,8,1,6,1,1,6,6,7,2,3,3,3,3,5,5,5,5,3,5,5,5,3,3,3,3,3,5,5,5,5,3,2,3,3,2,2,3,3,3,3,3,5,3,2,2,3,3,3,3,3,3,3,2,4,4,4,2,3,3,3,3,8,1,6,3,3,3,4,3,3,3,3,3,3,3,3,3,3,1,1,1,3,3,3,6,6,6,6,6,6,6,6,7,7,7,7,7,7,7,7","0.00095820426940918","fast_greedy","edit-xhwikibooks.graphml"
"0.43","0.07","0.5","0.706884169488048","2,2,2,2,1,2,1,2,2,8,1,1,2,2,2,4,8,1,6,1,3,5,2,2,2,2,2,4,2,8,1,6,1,1,6,6,7,2,3,3,3,3,5,5,5,5,3,5,5,5,3,3,3,3,3,5,5,5,5,3,2,3,3,2,2,3,3,3,3,3,5,3,2,2,3,3,3,3,3,3,3,2,4,4,4,2,3,3,3,3,8,1,6,3,3,3,4,3,3,3,3,3,3,3,3,3,3,1,1,1,3,3,3,6,6,6,6,6,6,6,6,7,7,7,7,7,7,7,7","0.00093388557434082","fast_greedy","edit-xhwikibooks.graphml"
"0.42","0.08","0.5","0.706884169488048","2,2,2,2,1,2,1,2,2,8,1,1,2,2,2,4,8,1,6,1,3,5,2,2,2,2,2,4,2,8,1,6,1,1,6,6,7,2,3,3,3,3,5,5,5,5,3,5,5,5,3,3,3,3,3,5,5,5,5,3,2,3,3,2,2,3,3,3,3,3,5,3,2,2,3,3,3,3,3,3,3,2,4,4,4,2,3,3,3,3,8,1,6,3,3,3,4,3,3,3,3,3,3,3,3,3,3,1,1,1,3,3,3,6,6,6,6,6,6,6,6,7,7,7,7,7,7,7,7","0.000987052917480469","fast_greedy","edit-xhwikibooks.graphml"
"0.41","0.09","0.5","0.706884169488048","2,2,2,2,1,2,1,2,2,8,1,1,2,2,2,4,8,1,6,1,3,5,2,2,2,2,2,4,2,8,1,6,1,1,6,6,7,2,3,3,3,3,5,5,5,5,3,5,5,5,3,3,3,3,3,5,5,5,5,3,2,3,3,2,2,3,3,3,3,3,5,3,2,2,3,3,3,3,3,3,3,2,4,4,4,2,3,3,3,3,8,1,6,3,3,3,4,3,3,3,3,3,3,3,3,3,3,1,1,1,3,3,3,6,6,6,6,6,6,6,6,7,7,7,7,7,7,7,7","0.00099492073059082","fast_greedy","edit-xhwikibooks.graphml"
"0.4","0.1","0.5","0.706884169488048","2,2,2,2,1,2,1,2,2,8,1,1,2,2,2,4,8,1,6,1,3,5,2,2,2,2,2,4,2,8,1,6,1,1,6,6,7,2,3,3,3,3,5,5,5,5,3,5,5,5,3,3,3,3,3,5,5,5,5,3,2,3,3,2,2,3,3,3,3,3,5,3,2,2,3,3,3,3,3,3,3,2,4,4,4,2,3,3,3,3,8,1,6,3,3,3,4,3,3,3,3,3,3,3,3,3,3,1,1,1,3,3,3,6,6,6,6,6,6,6,6,7,7,7,7,7,7,7,7","0.0010530948638916","fast_greedy","edit-xhwikibooks.graphml"
"0.39","0.11","0.5","0.706884169488048","2,2,2,2,1,2,1,2,2,8,1,1,2,2,2,4,8,1,6,1,3,5,2,2,2,2,2,4,2,8,1,6,1,1,6,6,7,2,3,3,3,3,5,5,5,5,3,5,5,5,3,3,3,3,3,5,5,5,5,3,2,3,3,2,2,3,3,3,3,3,5,3,2,2,3,3,3,3,3,3,3,2,4,4,4,2,3,3,3,3,8,1,6,3,3,3,4,3,3,3,3,3,3,3,3,3,3,1,1,1,3,3,3,6,6,6,6,6,6,6,6,7,7,7,7,7,7,7,7","0.000936031341552734","fast_greedy","edit-xhwikibooks.graphml"
"0.38","0.12","0.5","0.706884169488048","2,2,2,2,1,2,1,2,2,8,1,1,2,2,2,4,8,1,6,1,3,5,2,2,2,2,2,4,2,8,1,6,1,1,6,6,7,2,3,3,3,3,5,5,5,5,3,5,5,5,3,3,3,3,3,5,5,5,5,3,2,3,3,2,2,3,3,3,3,3,5,3,2,2,3,3,3,3,3,3,3,2,4,4,4,2,3,3,3,3,8,1,6,3,3,3,4,3,3,3,3,3,3,3,3,3,3,1,1,1,3,3,3,6,6,6,6,6,6,6,6,7,7,7,7,7,7,7,7","0.00117182731628418","fast_greedy","edit-xhwikibooks.graphml"
"0.37","0.13","0.5","0.706884169488048","2,2,2,2,1,2,1,2,2,8,1,1,2,2,2,4,8,1,6,1,3,5,2,2,2,2,2,4,2,8,1,6,1,1,6,6,7,2,3,3,3,3,5,5,5,5,3,5,5,5,3,3,3,3,3,5,5,5,5,3,2,3,3,2,2,3,3,3,3,3,5,3,2,2,3,3,3,3,3,3,3,2,4,4,4,2,3,3,3,3,8,1,6,3,3,3,4,3,3,3,3,3,3,3,3,3,3,1,1,1,3,3,3,6,6,6,6,6,6,6,6,7,7,7,7,7,7,7,7","0.000938892364501953","fast_greedy","edit-xhwikibooks.graphml"
"0.36","0.14","0.5","0.706884169488048","2,2,2,2,1,2,1,2,2,8,1,1,2,2,2,4,8,1,6,1,3,5,2,2,2,2,2,4,2,8,1,6,1,1,6,6,7,2,3,3,3,3,5,5,5,5,3,5,5,5,3,3,3,3,3,5,5,5,5,3,2,3,3,2,2,3,3,3,3,3,5,3,2,2,3,3,3,3,3,3,3,2,4,4,4,2,3,3,3,3,8,1,6,3,3,3,4,3,3,3,3,3,3,3,3,3,3,1,1,1,3,3,3,6,6,6,6,6,6,6,6,7,7,7,7,7,7,7,7","0.00096583366394043","fast_greedy","edit-xhwikibooks.graphml"
"0.35","0.15","0.5","0.706884169488048","2,2,2,2,1,2,1,2,2,8,1,1,2,2,2,4,8,1,6,1,3,5,2,2,2,2,2,4,2,8,1,6,1,1,6,6,7,2,3,3,3,3,5,5,5,5,3,5,5,5,3,3,3,3,3,5,5,5,5,3,2,3,3,2,2,3,3,3,3,3,5,3,2,2,3,3,3,3,3,3,3,2,4,4,4,2,3,3,3,3,8,1,6,3,3,3,4,3,3,3,3,3,3,3,3,3,3,1,1,1,3,3,3,6,6,6,6,6,6,6,6,7,7,7,7,7,7,7,7","0.000965118408203125","fast_greedy","edit-xhwikibooks.graphml"
"0.34","0.16","0.5","0.706884169488048","2,2,2,2,1,2,1,2,2,8,1,1,2,2,2,4,8,1,6,1,3,5,2,2,2,2,2,4,2,8,1,6,1,1,6,6,7,2,3,3,3,3,5,5,5,5,3,5,5,5,3,3,3,3,3,5,5,5,5,3,2,3,3,2,2,3,3,3,3,3,5,3,2,2,3,3,3,3,3,3,3,2,4,4,4,2,3,3,3,3,8,1,6,3,3,3,4,3,3,3,3,3,3,3,3,3,3,1,1,1,3,3,3,6,6,6,6,6,6,6,6,7,7,7,7,7,7,7,7","0.000974893569946289","fast_greedy","edit-xhwikibooks.graphml"
"0.33","0.17","0.5","0.708355868036777","2,2,2,2,1,2,1,2,2,8,1,1,2,2,2,4,8,1,6,1,3,5,2,2,2,2,2,4,2,8,1,6,1,1,6,6,7,2,3,3,3,3,5,5,5,5,3,5,5,5,3,3,3,3,3,5,5,5,5,3,2,3,3,2,2,3,3,3,3,3,5,3,2,2,3,3,3,3,3,3,3,2,4,4,4,2,3,3,3,3,8,1,6,3,3,3,4,3,3,3,3,3,3,3,3,3,3,1,1,1,3,3,3,6,6,6,6,6,6,6,6,7,7,7,7,7,7,7,7","0.000967025756835938","fast_greedy","edit-xhwikibooks.graphml"
"0.32","0.18","0.5","0.708355868036777","2,2,2,2,1,2,1,2,2,8,1,1,2,2,2,4,8,1,6,1,3,5,2,2,2,2,2,4,2,8,1,6,1,1,6,6,7,2,3,3,3,3,5,5,5,5,3,5,5,5,3,3,3,3,3,5,5,5,5,3,2,3,3,2,2,3,3,3,3,3,5,3,2,2,3,3,3,3,3,3,3,2,4,4,4,2,3,3,3,3,8,1,6,3,3,3,4,3,3,3,3,3,3,3,3,3,3,1,1,1,3,3,3,6,6,6,6,6,6,6,6,7,7,7,7,7,7,7,7","0.0009307861328125","fast_greedy","edit-xhwikibooks.graphml"
"0.31","0.19","0.5","0.708355868036777","2,2,2,2,1,2,1,2,2,8,1,1,2,2,2,4,8,1,6,1,3,5,2,2,2,2,2,4,2,8,1,6,1,1,6,6,7,2,3,3,3,3,5,5,5,5,3,5,5,5,3,3,3,3,3,5,5,5,5,3,2,3,3,2,2,3,3,3,3,3,5,3,2,2,3,3,3,3,3,3,3,2,4,4,4,2,3,3,3,3,8,1,6,3,3,3,4,3,3,3,3,3,3,3,3,3,3,1,1,1,3,3,3,6,6,6,6,6,6,6,6,7,7,7,7,7,7,7,7","0.000970125198364258","fast_greedy","edit-xhwikibooks.graphml"
"0.3","0.2","0.5","0.708355868036777","2,2,2,2,1,2,1,2,2,8,1,1,2,2,2,4,8,1,6,1,3,5,2,2,2,2,2,4,2,8,1,6,1,1,6,6,7,2,3,3,3,3,5,5,5,5,3,5,5,5,3,3,3,3,3,5,5,5,5,3,2,3,3,2,2,3,3,3,3,3,5,3,2,2,3,3,3,3,3,3,3,2,4,4,4,2,3,3,3,3,8,1,6,3,3,3,4,3,3,3,3,3,3,3,3,3,3,1,1,1,3,3,3,6,6,6,6,6,6,6,6,7,7,7,7,7,7,7,7","0.00107502937316895","fast_greedy","edit-xhwikibooks.graphml"
"0.29","0.21","0.5","0.708355868036777","2,2,2,2,1,2,1,2,2,8,1,1,2,2,2,4,8,1,6,1,3,5,2,2,2,2,2,4,2,8,1,6,1,1,6,6,7,2,3,3,3,3,5,5,5,5,3,5,5,5,3,3,3,3,3,5,5,5,5,3,2,3,3,2,2,3,3,3,3,3,5,3,2,2,3,3,3,3,3,3,3,2,4,4,4,2,3,3,3,3,8,1,6,3,3,3,4,3,3,3,3,3,3,3,3,3,3,1,1,1,3,3,3,6,6,6,6,6,6,6,6,7,7,7,7,7,7,7,7","0.000962972640991211","fast_greedy","edit-xhwikibooks.graphml"
"0.28","0.22","0.5","0.708355868036777","2,2,2,2,1,2,1,2,2,8,1,1,2,2,2,4,8,1,6,1,3,5,2,2,2,2,2,4,2,8,1,6,1,1,6,6,7,2,3,3,3,3,5,5,5,5,3,5,5,5,3,3,3,3,3,5,5,5,5,3,2,3,3,2,2,3,3,3,3,3,5,3,2,2,3,3,3,3,3,3,3,2,4,4,4,2,3,3,3,3,8,1,6,3,3,3,4,3,3,3,3,3,3,3,3,3,3,1,1,1,3,3,3,6,6,6,6,6,6,6,6,7,7,7,7,7,7,7,7","0.000949859619140625","fast_greedy","edit-xhwikibooks.graphml"
"0.27","0.23","0.5","0.708355868036777","2,2,2,2,1,2,1,2,2,8,1,1,2,2,2,4,8,1,6,1,3,5,2,2,2,2,2,4,2,8,1,6,1,1,6,6,7,2,3,3,3,3,5,5,5,5,3,5,5,5,3,3,3,3,3,5,5,5,5,3,2,3,3,2,2,3,3,3,3,3,5,3,2,2,3,3,3,3,3,3,3,2,4,4,4,2,3,3,3,3,8,1,6,3,3,3,4,3,3,3,3,3,3,3,3,3,3,1,1,1,3,3,3,6,6,6,6,6,6,6,6,7,7,7,7,7,7,7,7","0.00098109245300293","fast_greedy","edit-xhwikibooks.graphml"
"0.26","0.24","0.5","0.708355868036777","2,2,2,2,1,2,1,2,2,8,1,1,2,2,2,4,8,1,6,1,3,5,2,2,2,2,2,4,2,8,1,6,1,1,6,6,7,2,3,3,3,3,5,5,5,5,3,5,5,5,3,3,3,3,3,5,5,5,5,3,2,3,3,2,2,3,3,3,3,3,5,3,2,2,3,3,3,3,3,3,3,2,4,4,4,2,3,3,3,3,8,1,6,3,3,3,4,3,3,3,3,3,3,3,3,3,3,1,1,1,3,3,3,6,6,6,6,6,6,6,6,7,7,7,7,7,7,7,7","0.000957012176513672","fast_greedy","edit-xhwikibooks.graphml"
"0.25","0.25","0.5","0.708355868036777","2,2,2,2,1,2,1,2,2,8,1,1,2,2,2,4,8,1,6,1,3,5,2,2,2,2,2,4,2,8,1,6,1,1,6,6,7,2,3,3,3,3,5,5,5,5,3,5,5,5,3,3,3,3,3,5,5,5,5,3,2,3,3,2,2,3,3,3,3,3,5,3,2,2,3,3,3,3,3,3,3,2,4,4,4,2,3,3,3,3,8,1,6,3,3,3,4,3,3,3,3,3,3,3,3,3,3,1,1,1,3,3,3,6,6,6,6,6,6,6,6,7,7,7,7,7,7,7,7","0.000956058502197266","fast_greedy","edit-xhwikibooks.graphml"
"0.24","0.26","0.5","0.708355868036777","2,2,2,2,1,2,1,2,2,8,1,1,2,2,2,4,8,1,6,1,3,5,2,2,2,2,2,4,2,8,1,6,1,1,6,6,7,2,3,3,3,3,5,5,5,5,3,5,5,5,3,3,3,3,3,5,5,5,5,3,2,3,3,2,2,3,3,3,3,3,5,3,2,2,3,3,3,3,3,3,3,2,4,4,4,2,3,3,3,3,8,1,6,3,3,3,4,3,3,3,3,3,3,3,3,3,3,1,1,1,3,3,3,6,6,6,6,6,6,6,6,7,7,7,7,7,7,7,7","0.000982999801635742","fast_greedy","edit-xhwikibooks.graphml"
"0.23","0.27","0.5","0.708355868036777","2,2,2,2,1,2,1,2,2,8,1,1,2,2,2,4,8,1,6,1,3,5,2,2,2,2,2,4,2,8,1,6,1,1,6,6,7,2,3,3,3,3,5,5,5,5,3,5,5,5,3,3,3,3,3,5,5,5,5,3,2,3,3,2,2,3,3,3,3,3,5,3,2,2,3,3,3,3,3,3,3,2,4,4,4,2,3,3,3,3,8,1,6,3,3,3,4,3,3,3,3,3,3,3,3,3,3,1,1,1,3,3,3,6,6,6,6,6,6,6,6,7,7,7,7,7,7,7,7","0.000957012176513672","fast_greedy","edit-xhwikibooks.graphml"
"0.22","0.28","0.5","0.708355868036777","2,2,2,2,1,2,1,2,2,8,1,1,2,2,2,4,8,1,6,1,3,5,2,2,2,2,2,4,2,8,1,6,1,1,6,6,7,2,3,3,3,3,5,5,5,5,3,5,5,5,3,3,3,3,3,5,5,5,5,3,2,3,3,2,2,3,3,3,3,3,5,3,2,2,3,3,3,3,3,3,3,2,4,4,4,2,3,3,3,3,8,1,6,3,3,3,4,3,3,3,3,3,3,3,3,3,3,1,1,1,3,3,3,6,6,6,6,6,6,6,6,7,7,7,7,7,7,7,7","0.000972986221313477","fast_greedy","edit-xhwikibooks.graphml"
"0.21","0.29","0.5","0.708355868036777","2,2,2,2,1,2,1,2,2,8,1,1,2,2,2,4,8,1,6,1,3,5,2,2,2,2,2,4,2,8,1,6,1,1,6,6,7,2,3,3,3,3,5,5,5,5,3,5,5,5,3,3,3,3,3,5,5,5,5,3,2,3,3,2,2,3,3,3,3,3,5,3,2,2,3,3,3,3,3,3,3,2,4,4,4,2,3,3,3,3,8,1,6,3,3,3,4,3,3,3,3,3,3,3,3,3,3,1,1,1,3,3,3,6,6,6,6,6,6,6,6,7,7,7,7,7,7,7,7","0.000992059707641602","fast_greedy","edit-xhwikibooks.graphml"
"0.2","0.3","0.5","0.708355868036777","2,2,2,2,1,2,1,2,2,8,1,1,2,2,2,4,8,1,6,1,3,5,2,2,2,2,2,4,2,8,1,6,1,1,6,6,7,2,3,3,3,3,5,5,5,5,3,5,5,5,3,3,3,3,3,5,5,5,5,3,2,3,3,2,2,3,3,3,3,3,5,3,2,2,3,3,3,3,3,3,3,2,4,4,4,2,3,3,3,3,8,1,6,3,3,3,4,3,3,3,3,3,3,3,3,3,3,1,1,1,3,3,3,6,6,6,6,6,6,6,6,7,7,7,7,7,7,7,7","0.00109314918518066","fast_greedy","edit-xhwikibooks.graphml"
"0.19","0.31","0.5","0.708355868036777","2,2,2,2,1,2,1,2,2,8,1,1,2,2,2,4,8,1,6,1,3,5,2,2,2,2,2,4,2,8,1,6,1,1,6,6,7,2,3,3,3,3,5,5,5,5,3,5,5,5,3,3,3,3,3,5,5,5,5,3,2,3,3,2,2,3,3,3,3,3,5,3,2,2,3,3,3,3,3,3,3,2,4,4,4,2,3,3,3,3,8,1,6,3,3,3,4,3,3,3,3,3,3,3,3,3,3,1,1,1,3,3,3,6,6,6,6,6,6,6,6,7,7,7,7,7,7,7,7","0.000931024551391602","fast_greedy","edit-xhwikibooks.graphml"
"0.18","0.32","0.5","0.708355868036777","2,2,2,2,1,2,1,2,2,8,1,1,2,2,2,4,8,1,6,1,3,5,2,2,2,2,2,4,2,8,1,6,1,1,6,6,7,2,3,3,3,3,5,5,5,5,3,5,5,5,3,3,3,3,3,5,5,5,5,3,2,3,3,2,2,3,3,3,3,3,5,3,2,2,3,3,3,3,3,3,3,2,4,4,4,2,3,3,3,3,8,1,6,3,3,3,4,3,3,3,3,3,3,3,3,3,3,1,1,1,3,3,3,6,6,6,6,6,6,6,6,7,7,7,7,7,7,7,7","0.000959157943725586","fast_greedy","edit-xhwikibooks.graphml"
"0.17","0.33","0.5","0.708355868036777","2,2,2,2,1,2,1,2,2,8,1,1,2,2,2,4,8,1,6,1,3,5,2,2,2,2,2,4,2,8,1,6,1,1,6,6,7,2,3,3,3,3,5,5,5,5,3,5,5,5,3,3,3,3,3,5,5,5,5,3,2,3,3,2,2,3,3,3,3,3,5,3,2,2,3,3,3,3,3,3,3,2,4,4,4,2,3,3,3,3,8,1,6,3,3,3,4,3,3,3,3,3,3,3,3,3,3,1,1,1,3,3,3,6,6,6,6,6,6,6,6,7,7,7,7,7,7,7,7","0.00114679336547852","fast_greedy","edit-xhwikibooks.graphml"
"0.16","0.34","0.5","0.707407531157072","2,2,2,2,1,2,1,2,2,8,1,1,2,2,2,4,8,1,6,1,3,5,2,2,2,2,2,4,2,8,1,6,1,1,6,6,7,2,3,3,3,3,5,5,5,5,3,5,5,5,3,3,3,3,3,5,5,5,5,3,2,3,3,2,2,3,3,3,3,3,5,3,2,2,3,3,3,3,3,3,3,2,4,4,4,2,3,3,3,3,8,1,6,3,3,3,4,3,3,3,3,3,3,3,3,3,3,1,1,1,3,3,3,6,6,6,6,6,6,6,6,7,7,7,7,7,7,7,7","0.000956058502197266","fast_greedy","edit-xhwikibooks.graphml"
"0.15","0.35","0.5","0.707407531157072","2,2,2,2,1,2,1,2,2,8,1,1,2,2,2,4,8,1,6,1,3,5,2,2,2,2,2,4,2,8,1,6,1,1,6,6,7,2,3,3,3,3,5,5,5,5,3,5,5,5,3,3,3,3,3,5,5,5,5,3,2,3,3,2,2,3,3,3,3,3,5,3,2,2,3,3,3,3,3,3,3,2,4,4,4,2,3,3,3,3,8,1,6,3,3,3,4,3,3,3,3,3,3,3,3,3,3,1,1,1,3,3,3,6,6,6,6,6,6,6,6,7,7,7,7,7,7,7,7","0.000966072082519531","fast_greedy","edit-xhwikibooks.graphml"
"0.14","0.36","0.5","0.707407531157072","2,2,2,2,1,2,1,2,2,8,1,1,2,2,2,4,8,1,6,1,3,5,2,2,2,2,2,4,2,8,1,6,1,1,6,6,7,2,3,3,3,3,5,5,5,5,3,5,5,5,3,3,3,3,3,5,5,5,5,3,2,3,3,2,2,3,3,3,3,3,5,3,2,2,3,3,3,3,3,3,3,2,4,4,4,2,3,3,3,3,8,1,6,3,3,3,4,3,3,3,3,3,3,3,3,3,3,1,1,1,3,3,3,6,6,6,6,6,6,6,6,7,7,7,7,7,7,7,7","0.000982999801635742","fast_greedy","edit-xhwikibooks.graphml"
"0.13","0.37","0.5","0.707407531157072","2,2,2,2,1,2,1,2,2,8,1,1,2,2,2,4,8,1,6,1,3,5,2,2,2,2,2,4,2,8,1,6,1,1,6,6,7,2,3,3,3,3,5,5,5,5,3,5,5,5,3,3,3,3,3,5,5,5,5,3,2,3,3,2,2,3,3,3,3,3,5,3,2,2,3,3,3,3,3,3,3,2,4,4,4,2,3,3,3,3,8,1,6,3,3,3,4,3,3,3,3,3,3,3,3,3,3,1,1,1,3,3,3,6,6,6,6,6,6,6,6,7,7,7,7,7,7,7,7","0.000983953475952148","fast_greedy","edit-xhwikibooks.graphml"
"0.12","0.38","0.5","0.707407531157072","2,2,2,2,1,2,1,2,2,8,1,1,2,2,2,4,8,1,6,1,3,5,2,2,2,2,2,4,2,8,1,6,1,1,6,6,7,2,3,3,3,3,5,5,5,5,3,5,5,5,3,3,3,3,3,5,5,5,5,3,2,3,3,2,2,3,3,3,3,3,5,3,2,2,3,3,3,3,3,3,3,2,4,4,4,2,3,3,3,3,8,1,6,3,3,3,4,3,3,3,3,3,3,3,3,3,3,1,1,1,3,3,3,6,6,6,6,6,6,6,6,7,7,7,7,7,7,7,7","0.000991106033325195","fast_greedy","edit-xhwikibooks.graphml"
"0.11","0.39","0.5","0.707407531157072","2,2,2,2,1,2,1,2,2,8,1,1,2,2,2,4,8,1,6,1,3,5,2,2,2,2,2,4,2,8,1,6,1,1,6,6,7,2,3,3,3,3,5,5,5,5,3,5,5,5,3,3,3,3,3,5,5,5,5,3,2,3,3,2,2,3,3,3,3,3,5,3,2,2,3,3,3,3,3,3,3,2,4,4,4,2,3,3,3,3,8,1,6,3,3,3,4,3,3,3,3,3,3,3,3,3,3,1,1,1,3,3,3,6,6,6,6,6,6,6,6,7,7,7,7,7,7,7,7","0.00100922584533691","fast_greedy","edit-xhwikibooks.graphml"
"0.1","0.4","0.5","0.707407531157072","2,2,2,2,1,2,1,2,2,8,1,1,2,2,2,4,8,1,6,1,3,5,2,2,2,2,2,4,2,8,1,6,1,1,6,6,7,2,3,3,3,3,5,5,5,5,3,5,5,5,3,3,3,3,3,5,5,5,5,3,2,3,3,2,2,3,3,3,3,3,5,3,2,2,3,3,3,3,3,3,3,2,4,4,4,2,3,3,3,3,8,1,6,3,3,3,4,3,3,3,3,3,3,3,3,3,3,1,1,1,3,3,3,6,6,6,6,6,6,6,6,7,7,7,7,7,7,7,7","0.00109601020812988","fast_greedy","edit-xhwikibooks.graphml"
"0.09","0.41","0.5","0.707407531157072","2,2,2,2,1,2,1,2,2,8,1,1,2,2,2,4,8,1,6,1,3,5,2,2,2,2,2,4,2,8,1,6,1,1,6,6,7,2,3,3,3,3,5,5,5,5,3,5,5,5,3,3,3,3,3,5,5,5,5,3,2,3,3,2,2,3,3,3,3,3,5,3,2,2,3,3,3,3,3,3,3,2,4,4,4,2,3,3,3,3,8,1,6,3,3,3,4,3,3,3,3,3,3,3,3,3,3,1,1,1,3,3,3,6,6,6,6,6,6,6,6,7,7,7,7,7,7,7,7","0.000974893569946289","fast_greedy","edit-xhwikibooks.graphml"
"0.08","0.42","0.5","0.707407531157072","2,2,2,2,1,2,1,2,2,8,1,1,2,2,2,4,8,1,6,1,3,5,2,2,2,2,2,4,2,8,1,6,1,1,6,6,7,2,3,3,3,3,5,5,5,5,3,5,5,5,3,3,3,3,3,5,5,5,5,3,2,3,3,2,2,3,3,3,3,3,5,3,2,2,3,3,3,3,3,3,3,2,4,4,4,2,3,3,3,3,8,1,6,3,3,3,4,3,3,3,3,3,3,3,3,3,3,1,1,1,3,3,3,6,6,6,6,6,6,6,6,7,7,7,7,7,7,7,7","0.000967025756835938","fast_greedy","edit-xhwikibooks.graphml"
"0.07","0.43","0.5","0.707407531157072","2,2,2,2,1,2,1,2,2,8,1,1,2,2,2,4,8,1,6,1,3,5,2,2,2,2,2,4,2,8,1,6,1,1,6,6,7,2,3,3,3,3,5,5,5,5,3,5,5,5,3,3,3,3,3,5,5,5,5,3,2,3,3,2,2,3,3,3,3,3,5,3,2,2,3,3,3,3,3,3,3,2,4,4,4,2,3,3,3,3,8,1,6,3,3,3,4,3,3,3,3,3,3,3,3,3,3,1,1,1,3,3,3,6,6,6,6,6,6,6,6,7,7,7,7,7,7,7,7","0.000957012176513672","fast_greedy","edit-xhwikibooks.graphml"
"0.06","0.44","0.5","0.707407531157072","2,2,2,2,1,2,1,2,2,8,1,1,2,2,2,4,8,1,6,1,3,5,2,2,2,2,2,4,2,8,1,6,1,1,6,6,7,2,3,3,3,3,5,5,5,5,3,5,5,5,3,3,3,3,3,5,5,5,5,3,2,3,3,2,2,3,3,3,3,3,5,3,2,2,3,3,3,3,3,3,3,2,4,4,4,2,3,3,3,3,8,1,6,3,3,3,4,3,3,3,3,3,3,3,3,3,3,1,1,1,3,3,3,6,6,6,6,6,6,6,6,7,7,7,7,7,7,7,7","0.00139999389648438","fast_greedy","edit-xhwikibooks.graphml"
"0.05","0.45","0.5","0.707407531157072","2,2,2,2,1,2,1,2,2,8,1,1,2,2,2,4,8,1,6,1,3,5,2,2,2,2,2,4,2,8,1,6,1,1,6,6,7,2,3,3,3,3,5,5,5,5,3,5,5,5,3,3,3,3,3,5,5,5,5,3,2,3,3,2,2,3,3,3,3,3,5,3,2,2,3,3,3,3,3,3,3,2,4,4,4,2,3,3,3,3,8,1,6,3,3,3,4,3,3,3,3,3,3,3,3,3,3,1,1,1,3,3,3,6,6,6,6,6,6,6,6,7,7,7,7,7,7,7,7","0.00100612640380859","fast_greedy","edit-xhwikibooks.graphml"
"0.04","0.46","0.5","0.707407531157072","2,2,2,2,1,2,1,2,2,8,1,1,2,2,2,4,8,1,6,1,3,5,2,2,2,2,2,4,2,8,1,6,1,1,6,6,7,2,3,3,3,3,5,5,5,5,3,5,5,5,3,3,3,3,3,5,5,5,5,3,2,3,3,2,2,3,3,3,3,3,5,3,2,2,3,3,3,3,3,3,3,2,4,4,4,2,3,3,3,3,8,1,6,3,3,3,4,3,3,3,3,3,3,3,3,3,3,1,1,1,3,3,3,6,6,6,6,6,6,6,6,7,7,7,7,7,7,7,7","0.000969171524047852","fast_greedy","edit-xhwikibooks.graphml"
"0.03","0.47","0.5","0.707407531157072","2,2,2,2,1,2,1,2,2,8,1,1,2,2,2,4,8,1,6,1,3,5,2,2,2,2,2,4,2,8,1,6,1,1,6,6,7,2,3,3,3,3,5,5,5,5,3,5,5,5,3,3,3,3,3,5,5,5,5,3,2,3,3,2,2,3,3,3,3,3,5,3,2,2,3,3,3,3,3,3,3,2,4,4,4,2,3,3,3,3,8,1,6,3,3,3,4,3,3,3,3,3,3,3,3,3,3,1,1,1,3,3,3,6,6,6,6,6,6,6,6,7,7,7,7,7,7,7,7","0.000925064086914062","fast_greedy","edit-xhwikibooks.graphml"
"0.02","0.48","0.5","0.707407531157072","2,2,2,2,1,2,1,2,2,8,1,1,2,2,2,4,8,1,6,1,3,5,2,2,2,2,2,4,2,8,1,6,1,1,6,6,7,2,3,3,3,3,5,5,5,5,3,5,5,5,3,3,3,3,3,5,5,5,5,3,2,3,3,2,2,3,3,3,3,3,5,3,2,2,3,3,3,3,3,3,3,2,4,4,4,2,3,3,3,3,8,1,6,3,3,3,4,3,3,3,3,3,3,3,3,3,3,1,1,1,3,3,3,6,6,6,6,6,6,6,6,7,7,7,7,7,7,7,7","0.000967979431152344","fast_greedy","edit-xhwikibooks.graphml"
"0.01","0.49","0.5","0.707407531157072","2,2,2,2,1,2,1,2,2,8,1,1,2,2,2,4,8,1,6,1,3,5,2,2,2,2,2,4,2,8,1,6,1,1,6,6,7,2,3,3,3,3,5,5,5,5,3,5,5,5,3,3,3,3,3,5,5,5,5,3,2,3,3,2,2,3,3,3,3,3,5,3,2,2,3,3,3,3,3,3,3,2,4,4,4,2,3,3,3,3,8,1,6,3,3,3,4,3,3,3,3,3,3,3,3,3,3,1,1,1,3,3,3,6,6,6,6,6,6,6,6,7,7,7,7,7,7,7,7","0.00094914436340332","fast_greedy","edit-xhwikibooks.graphml"
"0","0.5","0.5","0.7152125","8,8,8,8,8,6,1,6,6,9,1,1,6,6,6,4,9,1,3,1,2,5,6,6,6,6,6,4,8,9,1,3,1,1,3,3,7,6,2,2,2,2,5,5,5,5,2,5,5,5,2,2,2,2,2,5,5,5,5,2,6,2,2,6,6,2,2,2,2,2,5,2,6,6,2,2,2,2,2,2,2,6,4,4,4,8,2,2,2,2,9,1,3,2,2,2,4,2,2,2,2,2,2,2,2,2,2,1,1,1,2,2,2,3,3,3,3,3,3,3,3,7,7,7,7,7,7,7,7","0.00105977058410645","fast_greedy","edit-xhwikibooks.graphml"
"0.49","0","0.51","0.706884169488048","2,2,2,2,1,2,1,2,2,8,1,1,2,2,2,4,8,1,6,1,3,5,2,2,2,2,2,4,2,8,1,6,1,1,6,6,7,2,3,3,3,3,5,5,5,5,3,5,5,5,3,3,3,3,3,5,5,5,5,3,2,3,3,2,2,3,3,3,3,3,5,3,2,2,3,3,3,3,3,3,3,2,4,4,4,2,3,3,3,3,8,1,6,3,3,3,4,3,3,3,3,3,3,3,3,3,3,1,1,1,3,3,3,6,6,6,6,6,6,6,6,7,7,7,7,7,7,7,7","0.000958919525146484","fast_greedy","edit-xhwikibooks.graphml"
"0.48","0.01","0.51","0.706884169488048","2,2,2,2,1,2,1,2,2,8,1,1,2,2,2,4,8,1,6,1,3,5,2,2,2,2,2,4,2,8,1,6,1,1,6,6,7,2,3,3,3,3,5,5,5,5,3,5,5,5,3,3,3,3,3,5,5,5,5,3,2,3,3,2,2,3,3,3,3,3,5,3,2,2,3,3,3,3,3,3,3,2,4,4,4,2,3,3,3,3,8,1,6,3,3,3,4,3,3,3,3,3,3,3,3,3,3,1,1,1,3,3,3,6,6,6,6,6,6,6,6,7,7,7,7,7,7,7,7","0.00096893310546875","fast_greedy","edit-xhwikibooks.graphml"
"0.47","0.02","0.51","0.706884169488048","2,2,2,2,1,2,1,2,2,8,1,1,2,2,2,4,8,1,6,1,3,5,2,2,2,2,2,4,2,8,1,6,1,1,6,6,7,2,3,3,3,3,5,5,5,5,3,5,5,5,3,3,3,3,3,5,5,5,5,3,2,3,3,2,2,3,3,3,3,3,5,3,2,2,3,3,3,3,3,3,3,2,4,4,4,2,3,3,3,3,8,1,6,3,3,3,4,3,3,3,3,3,3,3,3,3,3,1,1,1,3,3,3,6,6,6,6,6,6,6,6,7,7,7,7,7,7,7,7","0.000975847244262695","fast_greedy","edit-xhwikibooks.graphml"
"0.46","0.03","0.51","0.706884169488048","2,2,2,2,1,2,1,2,2,8,1,1,2,2,2,4,8,1,6,1,3,5,2,2,2,2,2,4,2,8,1,6,1,1,6,6,7,2,3,3,3,3,5,5,5,5,3,5,5,5,3,3,3,3,3,5,5,5,5,3,2,3,3,2,2,3,3,3,3,3,5,3,2,2,3,3,3,3,3,3,3,2,4,4,4,2,3,3,3,3,8,1,6,3,3,3,4,3,3,3,3,3,3,3,3,3,3,1,1,1,3,3,3,6,6,6,6,6,6,6,6,7,7,7,7,7,7,7,7","0.0012199878692627","fast_greedy","edit-xhwikibooks.graphml"
"0.45","0.04","0.51","0.706884169488048","2,2,2,2,1,2,1,2,2,8,1,1,2,2,2,4,8,1,6,1,3,5,2,2,2,2,2,4,2,8,1,6,1,1,6,6,7,2,3,3,3,3,5,5,5,5,3,5,5,5,3,3,3,3,3,5,5,5,5,3,2,3,3,2,2,3,3,3,3,3,5,3,2,2,3,3,3,3,3,3,3,2,4,4,4,2,3,3,3,3,8,1,6,3,3,3,4,3,3,3,3,3,3,3,3,3,3,1,1,1,3,3,3,6,6,6,6,6,6,6,6,7,7,7,7,7,7,7,7","0.000971078872680664","fast_greedy","edit-xhwikibooks.graphml"
"0.44","0.05","0.51","0.706884169488048","2,2,2,2,1,2,1,2,2,8,1,1,2,2,2,4,8,1,6,1,3,5,2,2,2,2,2,4,2,8,1,6,1,1,6,6,7,2,3,3,3,3,5,5,5,5,3,5,5,5,3,3,3,3,3,5,5,5,5,3,2,3,3,2,2,3,3,3,3,3,5,3,2,2,3,3,3,3,3,3,3,2,4,4,4,2,3,3,3,3,8,1,6,3,3,3,4,3,3,3,3,3,3,3,3,3,3,1,1,1,3,3,3,6,6,6,6,6,6,6,6,7,7,7,7,7,7,7,7","0.00103306770324707","fast_greedy","edit-xhwikibooks.graphml"
"0.43","0.06","0.51","0.706884169488048","2,2,2,2,1,2,1,2,2,8,1,1,2,2,2,4,8,1,6,1,3,5,2,2,2,2,2,4,2,8,1,6,1,1,6,6,7,2,3,3,3,3,5,5,5,5,3,5,5,5,3,3,3,3,3,5,5,5,5,3,2,3,3,2,2,3,3,3,3,3,5,3,2,2,3,3,3,3,3,3,3,2,4,4,4,2,3,3,3,3,8,1,6,3,3,3,4,3,3,3,3,3,3,3,3,3,3,1,1,1,3,3,3,6,6,6,6,6,6,6,6,7,7,7,7,7,7,7,7","0.000960826873779297","fast_greedy","edit-xhwikibooks.graphml"
"0.42","0.07","0.51","0.706884169488048","2,2,2,2,1,2,1,2,2,8,1,1,2,2,2,4,8,1,6,1,3,5,2,2,2,2,2,4,2,8,1,6,1,1,6,6,7,2,3,3,3,3,5,5,5,5,3,5,5,5,3,3,3,3,3,5,5,5,5,3,2,3,3,2,2,3,3,3,3,3,5,3,2,2,3,3,3,3,3,3,3,2,4,4,4,2,3,3,3,3,8,1,6,3,3,3,4,3,3,3,3,3,3,3,3,3,3,1,1,1,3,3,3,6,6,6,6,6,6,6,6,7,7,7,7,7,7,7,7","0.000982046127319336","fast_greedy","edit-xhwikibooks.graphml"
"0.41","0.08","0.51","0.706884169488048","2,2,2,2,1,2,1,2,2,8,1,1,2,2,2,4,8,1,6,1,3,5,2,2,2,2,2,4,2,8,1,6,1,1,6,6,7,2,3,3,3,3,5,5,5,5,3,5,5,5,3,3,3,3,3,5,5,5,5,3,2,3,3,2,2,3,3,3,3,3,5,3,2,2,3,3,3,3,3,3,3,2,4,4,4,2,3,3,3,3,8,1,6,3,3,3,4,3,3,3,3,3,3,3,3,3,3,1,1,1,3,3,3,6,6,6,6,6,6,6,6,7,7,7,7,7,7,7,7","0.000967025756835938","fast_greedy","edit-xhwikibooks.graphml"
"0.4","0.09","0.51","0.706884169488048","2,2,2,2,1,2,1,2,2,8,1,1,2,2,2,4,8,1,6,1,3,5,2,2,2,2,2,4,2,8,1,6,1,1,6,6,7,2,3,3,3,3,5,5,5,5,3,5,5,5,3,3,3,3,3,5,5,5,5,3,2,3,3,2,2,3,3,3,3,3,5,3,2,2,3,3,3,3,3,3,3,2,4,4,4,2,3,3,3,3,8,1,6,3,3,3,4,3,3,3,3,3,3,3,3,3,3,1,1,1,3,3,3,6,6,6,6,6,6,6,6,7,7,7,7,7,7,7,7","0.000967979431152344","fast_greedy","edit-xhwikibooks.graphml"
"0.39","0.1","0.51","0.706884169488048","2,2,2,2,1,2,1,2,2,8,1,1,2,2,2,4,8,1,6,1,3,5,2,2,2,2,2,4,2,8,1,6,1,1,6,6,7,2,3,3,3,3,5,5,5,5,3,5,5,5,3,3,3,3,3,5,5,5,5,3,2,3,3,2,2,3,3,3,3,3,5,3,2,2,3,3,3,3,3,3,3,2,4,4,4,2,3,3,3,3,8,1,6,3,3,3,4,3,3,3,3,3,3,3,3,3,3,1,1,1,3,3,3,6,6,6,6,6,6,6,6,7,7,7,7,7,7,7,7","0.000952005386352539","fast_greedy","edit-xhwikibooks.graphml"
"0.38","0.11","0.51","0.706884169488048","2,2,2,2,1,2,1,2,2,8,1,1,2,2,2,4,8,1,6,1,3,5,2,2,2,2,2,4,2,8,1,6,1,1,6,6,7,2,3,3,3,3,5,5,5,5,3,5,5,5,3,3,3,3,3,5,5,5,5,3,2,3,3,2,2,3,3,3,3,3,5,3,2,2,3,3,3,3,3,3,3,2,4,4,4,2,3,3,3,3,8,1,6,3,3,3,4,3,3,3,3,3,3,3,3,3,3,1,1,1,3,3,3,6,6,6,6,6,6,6,6,7,7,7,7,7,7,7,7","0.000977039337158203","fast_greedy","edit-xhwikibooks.graphml"
"0.37","0.12","0.51","0.706884169488048","2,2,2,2,1,2,1,2,2,8,1,1,2,2,2,4,8,1,6,1,3,5,2,2,2,2,2,4,2,8,1,6,1,1,6,6,7,2,3,3,3,3,5,5,5,5,3,5,5,5,3,3,3,3,3,5,5,5,5,3,2,3,3,2,2,3,3,3,3,3,5,3,2,2,3,3,3,3,3,3,3,2,4,4,4,2,3,3,3,3,8,1,6,3,3,3,4,3,3,3,3,3,3,3,3,3,3,1,1,1,3,3,3,6,6,6,6,6,6,6,6,7,7,7,7,7,7,7,7","0.000956058502197266","fast_greedy","edit-xhwikibooks.graphml"
"0.36","0.13","0.51","0.706884169488048","2,2,2,2,1,2,1,2,2,8,1,1,2,2,2,4,8,1,6,1,3,5,2,2,2,2,2,4,2,8,1,6,1,1,6,6,7,2,3,3,3,3,5,5,5,5,3,5,5,5,3,3,3,3,3,5,5,5,5,3,2,3,3,2,2,3,3,3,3,3,5,3,2,2,3,3,3,3,3,3,3,2,4,4,4,2,3,3,3,3,8,1,6,3,3,3,4,3,3,3,3,3,3,3,3,3,3,1,1,1,3,3,3,6,6,6,6,6,6,6,6,7,7,7,7,7,7,7,7","0.000975131988525391","fast_greedy","edit-xhwikibooks.graphml"
"0.35","0.14","0.51","0.706884169488048","2,2,2,2,1,2,1,2,2,8,1,1,2,2,2,4,8,1,6,1,3,5,2,2,2,2,2,4,2,8,1,6,1,1,6,6,7,2,3,3,3,3,5,5,5,5,3,5,5,5,3,3,3,3,3,5,5,5,5,3,2,3,3,2,2,3,3,3,3,3,5,3,2,2,3,3,3,3,3,3,3,2,4,4,4,2,3,3,3,3,8,1,6,3,3,3,4,3,3,3,3,3,3,3,3,3,3,1,1,1,3,3,3,6,6,6,6,6,6,6,6,7,7,7,7,7,7,7,7","0.000998973846435547","fast_greedy","edit-xhwikibooks.graphml"
"0.34","0.15","0.51","0.706884169488048","2,2,2,2,1,2,1,2,2,8,1,1,2,2,2,4,8,1,6,1,3,5,2,2,2,2,2,4,2,8,1,6,1,1,6,6,7,2,3,3,3,3,5,5,5,5,3,5,5,5,3,3,3,3,3,5,5,5,5,3,2,3,3,2,2,3,3,3,3,3,5,3,2,2,3,3,3,3,3,3,3,2,4,4,4,2,3,3,3,3,8,1,6,3,3,3,4,3,3,3,3,3,3,3,3,3,3,1,1,1,3,3,3,6,6,6,6,6,6,6,6,7,7,7,7,7,7,7,7","0.000974178314208984","fast_greedy","edit-xhwikibooks.graphml"
"0.33","0.16","0.51","0.706884169488048","2,2,2,2,1,2,1,2,2,8,1,1,2,2,2,4,8,1,6,1,3,5,2,2,2,2,2,4,2,8,1,6,1,1,6,6,7,2,3,3,3,3,5,5,5,5,3,5,5,5,3,3,3,3,3,5,5,5,5,3,2,3,3,2,2,3,3,3,3,3,5,3,2,2,3,3,3,3,3,3,3,2,4,4,4,2,3,3,3,3,8,1,6,3,3,3,4,3,3,3,3,3,3,3,3,3,3,1,1,1,3,3,3,6,6,6,6,6,6,6,6,7,7,7,7,7,7,7,7","0.000963211059570312","fast_greedy","edit-xhwikibooks.graphml"
"0.32","0.17","0.51","0.708355868036777","2,2,2,2,1,2,1,2,2,8,1,1,2,2,2,4,8,1,6,1,3,5,2,2,2,2,2,4,2,8,1,6,1,1,6,6,7,2,3,3,3,3,5,5,5,5,3,5,5,5,3,3,3,3,3,5,5,5,5,3,2,3,3,2,2,3,3,3,3,3,5,3,2,2,3,3,3,3,3,3,3,2,4,4,4,2,3,3,3,3,8,1,6,3,3,3,4,3,3,3,3,3,3,3,3,3,3,1,1,1,3,3,3,6,6,6,6,6,6,6,6,7,7,7,7,7,7,7,7","0.00096893310546875","fast_greedy","edit-xhwikibooks.graphml"
"0.31","0.18","0.51","0.708355868036777","2,2,2,2,1,2,1,2,2,8,1,1,2,2,2,4,8,1,6,1,3,5,2,2,2,2,2,4,2,8,1,6,1,1,6,6,7,2,3,3,3,3,5,5,5,5,3,5,5,5,3,3,3,3,3,5,5,5,5,3,2,3,3,2,2,3,3,3,3,3,5,3,2,2,3,3,3,3,3,3,3,2,4,4,4,2,3,3,3,3,8,1,6,3,3,3,4,3,3,3,3,3,3,3,3,3,3,1,1,1,3,3,3,6,6,6,6,6,6,6,6,7,7,7,7,7,7,7,7","0.000974893569946289","fast_greedy","edit-xhwikibooks.graphml"
"0.3","0.19","0.51","0.708355868036777","2,2,2,2,1,2,1,2,2,8,1,1,2,2,2,4,8,1,6,1,3,5,2,2,2,2,2,4,2,8,1,6,1,1,6,6,7,2,3,3,3,3,5,5,5,5,3,5,5,5,3,3,3,3,3,5,5,5,5,3,2,3,3,2,2,3,3,3,3,3,5,3,2,2,3,3,3,3,3,3,3,2,4,4,4,2,3,3,3,3,8,1,6,3,3,3,4,3,3,3,3,3,3,3,3,3,3,1,1,1,3,3,3,6,6,6,6,6,6,6,6,7,7,7,7,7,7,7,7","0.000972986221313477","fast_greedy","edit-xhwikibooks.graphml"
"0.29","0.2","0.51","0.708355868036777","2,2,2,2,1,2,1,2,2,8,1,1,2,2,2,4,8,1,6,1,3,5,2,2,2,2,2,4,2,8,1,6,1,1,6,6,7,2,3,3,3,3,5,5,5,5,3,5,5,5,3,3,3,3,3,5,5,5,5,3,2,3,3,2,2,3,3,3,3,3,5,3,2,2,3,3,3,3,3,3,3,2,4,4,4,2,3,3,3,3,8,1,6,3,3,3,4,3,3,3,3,3,3,3,3,3,3,1,1,1,3,3,3,6,6,6,6,6,6,6,6,7,7,7,7,7,7,7,7","0.00097203254699707","fast_greedy","edit-xhwikibooks.graphml"
"0.28","0.21","0.51","0.708355868036777","2,2,2,2,1,2,1,2,2,8,1,1,2,2,2,4,8,1,6,1,3,5,2,2,2,2,2,4,2,8,1,6,1,1,6,6,7,2,3,3,3,3,5,5,5,5,3,5,5,5,3,3,3,3,3,5,5,5,5,3,2,3,3,2,2,3,3,3,3,3,5,3,2,2,3,3,3,3,3,3,3,2,4,4,4,2,3,3,3,3,8,1,6,3,3,3,4,3,3,3,3,3,3,3,3,3,3,1,1,1,3,3,3,6,6,6,6,6,6,6,6,7,7,7,7,7,7,7,7","0.000977993011474609","fast_greedy","edit-xhwikibooks.graphml"
"0.27","0.22","0.51","0.708355868036777","2,2,2,2,1,2,1,2,2,8,1,1,2,2,2,4,8,1,6,1,3,5,2,2,2,2,2,4,2,8,1,6,1,1,6,6,7,2,3,3,3,3,5,5,5,5,3,5,5,5,3,3,3,3,3,5,5,5,5,3,2,3,3,2,2,3,3,3,3,3,5,3,2,2,3,3,3,3,3,3,3,2,4,4,4,2,3,3,3,3,8,1,6,3,3,3,4,3,3,3,3,3,3,3,3,3,3,1,1,1,3,3,3,6,6,6,6,6,6,6,6,7,7,7,7,7,7,7,7","0.000952959060668945","fast_greedy","edit-xhwikibooks.graphml"
"0.26","0.23","0.51","0.708355868036777","2,2,2,2,1,2,1,2,2,8,1,1,2,2,2,4,8,1,6,1,3,5,2,2,2,2,2,4,2,8,1,6,1,1,6,6,7,2,3,3,3,3,5,5,5,5,3,5,5,5,3,3,3,3,3,5,5,5,5,3,2,3,3,2,2,3,3,3,3,3,5,3,2,2,3,3,3,3,3,3,3,2,4,4,4,2,3,3,3,3,8,1,6,3,3,3,4,3,3,3,3,3,3,3,3,3,3,1,1,1,3,3,3,6,6,6,6,6,6,6,6,7,7,7,7,7,7,7,7","0.00102806091308594","fast_greedy","edit-xhwikibooks.graphml"
"0.25","0.24","0.51","0.708355868036777","2,2,2,2,1,2,1,2,2,8,1,1,2,2,2,4,8,1,6,1,3,5,2,2,2,2,2,4,2,8,1,6,1,1,6,6,7,2,3,3,3,3,5,5,5,5,3,5,5,5,3,3,3,3,3,5,5,5,5,3,2,3,3,2,2,3,3,3,3,3,5,3,2,2,3,3,3,3,3,3,3,2,4,4,4,2,3,3,3,3,8,1,6,3,3,3,4,3,3,3,3,3,3,3,3,3,3,1,1,1,3,3,3,6,6,6,6,6,6,6,6,7,7,7,7,7,7,7,7","0.00118112564086914","fast_greedy","edit-xhwikibooks.graphml"
"0.24","0.25","0.51","0.708355868036777","2,2,2,2,1,2,1,2,2,8,1,1,2,2,2,4,8,1,6,1,3,5,2,2,2,2,2,4,2,8,1,6,1,1,6,6,7,2,3,3,3,3,5,5,5,5,3,5,5,5,3,3,3,3,3,5,5,5,5,3,2,3,3,2,2,3,3,3,3,3,5,3,2,2,3,3,3,3,3,3,3,2,4,4,4,2,3,3,3,3,8,1,6,3,3,3,4,3,3,3,3,3,3,3,3,3,3,1,1,1,3,3,3,6,6,6,6,6,6,6,6,7,7,7,7,7,7,7,7","0.000953912734985352","fast_greedy","edit-xhwikibooks.graphml"
"0.23","0.26","0.51","0.708355868036777","2,2,2,2,1,2,1,2,2,8,1,1,2,2,2,4,8,1,6,1,3,5,2,2,2,2,2,4,2,8,1,6,1,1,6,6,7,2,3,3,3,3,5,5,5,5,3,5,5,5,3,3,3,3,3,5,5,5,5,3,2,3,3,2,2,3,3,3,3,3,5,3,2,2,3,3,3,3,3,3,3,2,4,4,4,2,3,3,3,3,8,1,6,3,3,3,4,3,3,3,3,3,3,3,3,3,3,1,1,1,3,3,3,6,6,6,6,6,6,6,6,7,7,7,7,7,7,7,7","0.000970840454101562","fast_greedy","edit-xhwikibooks.graphml"
"0.22","0.27","0.51","0.708355868036777","2,2,2,2,1,2,1,2,2,8,1,1,2,2,2,4,8,1,6,1,3,5,2,2,2,2,2,4,2,8,1,6,1,1,6,6,7,2,3,3,3,3,5,5,5,5,3,5,5,5,3,3,3,3,3,5,5,5,5,3,2,3,3,2,2,3,3,3,3,3,5,3,2,2,3,3,3,3,3,3,3,2,4,4,4,2,3,3,3,3,8,1,6,3,3,3,4,3,3,3,3,3,3,3,3,3,3,1,1,1,3,3,3,6,6,6,6,6,6,6,6,7,7,7,7,7,7,7,7","0.000980854034423828","fast_greedy","edit-xhwikibooks.graphml"
"0.21","0.28","0.51","0.708355868036777","2,2,2,2,1,2,1,2,2,8,1,1,2,2,2,4,8,1,6,1,3,5,2,2,2,2,2,4,2,8,1,6,1,1,6,6,7,2,3,3,3,3,5,5,5,5,3,5,5,5,3,3,3,3,3,5,5,5,5,3,2,3,3,2,2,3,3,3,3,3,5,3,2,2,3,3,3,3,3,3,3,2,4,4,4,2,3,3,3,3,8,1,6,3,3,3,4,3,3,3,3,3,3,3,3,3,3,1,1,1,3,3,3,6,6,6,6,6,6,6,6,7,7,7,7,7,7,7,7","0.000982999801635742","fast_greedy","edit-xhwikibooks.graphml"
"0.2","0.29","0.51","0.708355868036777","2,2,2,2,1,2,1,2,2,8,1,1,2,2,2,4,8,1,6,1,3,5,2,2,2,2,2,4,2,8,1,6,1,1,6,6,7,2,3,3,3,3,5,5,5,5,3,5,5,5,3,3,3,3,3,5,5,5,5,3,2,3,3,2,2,3,3,3,3,3,5,3,2,2,3,3,3,3,3,3,3,2,4,4,4,2,3,3,3,3,8,1,6,3,3,3,4,3,3,3,3,3,3,3,3,3,3,1,1,1,3,3,3,6,6,6,6,6,6,6,6,7,7,7,7,7,7,7,7","0.000977993011474609","fast_greedy","edit-xhwikibooks.graphml"
"0.19","0.3","0.51","0.708355868036777","2,2,2,2,1,2,1,2,2,8,1,1,2,2,2,4,8,1,6,1,3,5,2,2,2,2,2,4,2,8,1,6,1,1,6,6,7,2,3,3,3,3,5,5,5,5,3,5,5,5,3,3,3,3,3,5,5,5,5,3,2,3,3,2,2,3,3,3,3,3,5,3,2,2,3,3,3,3,3,3,3,2,4,4,4,2,3,3,3,3,8,1,6,3,3,3,4,3,3,3,3,3,3,3,3,3,3,1,1,1,3,3,3,6,6,6,6,6,6,6,6,7,7,7,7,7,7,7,7","0.000977993011474609","fast_greedy","edit-xhwikibooks.graphml"
"0.18","0.31","0.51","0.708355868036777","2,2,2,2,1,2,1,2,2,8,1,1,2,2,2,4,8,1,6,1,3,5,2,2,2,2,2,4,2,8,1,6,1,1,6,6,7,2,3,3,3,3,5,5,5,5,3,5,5,5,3,3,3,3,3,5,5,5,5,3,2,3,3,2,2,3,3,3,3,3,5,3,2,2,3,3,3,3,3,3,3,2,4,4,4,2,3,3,3,3,8,1,6,3,3,3,4,3,3,3,3,3,3,3,3,3,3,1,1,1,3,3,3,6,6,6,6,6,6,6,6,7,7,7,7,7,7,7,7","0.000991106033325195","fast_greedy","edit-xhwikibooks.graphml"
"0.17","0.32","0.51","0.708355868036777","2,2,2,2,1,2,1,2,2,8,1,1,2,2,2,4,8,1,6,1,3,5,2,2,2,2,2,4,2,8,1,6,1,1,6,6,7,2,3,3,3,3,5,5,5,5,3,5,5,5,3,3,3,3,3,5,5,5,5,3,2,3,3,2,2,3,3,3,3,3,5,3,2,2,3,3,3,3,3,3,3,2,4,4,4,2,3,3,3,3,8,1,6,3,3,3,4,3,3,3,3,3,3,3,3,3,3,1,1,1,3,3,3,6,6,6,6,6,6,6,6,7,7,7,7,7,7,7,7","0.000995159149169922","fast_greedy","edit-xhwikibooks.graphml"
"0.16","0.33","0.51","0.708355868036777","2,2,2,2,1,2,1,2,2,8,1,1,2,2,2,4,8,1,6,1,3,5,2,2,2,2,2,4,2,8,1,6,1,1,6,6,7,2,3,3,3,3,5,5,5,5,3,5,5,5,3,3,3,3,3,5,5,5,5,3,2,3,3,2,2,3,3,3,3,3,5,3,2,2,3,3,3,3,3,3,3,2,4,4,4,2,3,3,3,3,8,1,6,3,3,3,4,3,3,3,3,3,3,3,3,3,3,1,1,1,3,3,3,6,6,6,6,6,6,6,6,7,7,7,7,7,7,7,7","0.000995874404907227","fast_greedy","edit-xhwikibooks.graphml"
"0.15","0.34","0.51","0.707407531157072","2,2,2,2,1,2,1,2,2,8,1,1,2,2,2,4,8,1,6,1,3,5,2,2,2,2,2,4,2,8,1,6,1,1,6,6,7,2,3,3,3,3,5,5,5,5,3,5,5,5,3,3,3,3,3,5,5,5,5,3,2,3,3,2,2,3,3,3,3,3,5,3,2,2,3,3,3,3,3,3,3,2,4,4,4,2,3,3,3,3,8,1,6,3,3,3,4,3,3,3,3,3,3,3,3,3,3,1,1,1,3,3,3,6,6,6,6,6,6,6,6,7,7,7,7,7,7,7,7","0.0013580322265625","fast_greedy","edit-xhwikibooks.graphml"
"0.14","0.35","0.51","0.707407531157072","2,2,2,2,1,2,1,2,2,8,1,1,2,2,2,4,8,1,6,1,3,5,2,2,2,2,2,4,2,8,1,6,1,1,6,6,7,2,3,3,3,3,5,5,5,5,3,5,5,5,3,3,3,3,3,5,5,5,5,3,2,3,3,2,2,3,3,3,3,3,5,3,2,2,3,3,3,3,3,3,3,2,4,4,4,2,3,3,3,3,8,1,6,3,3,3,4,3,3,3,3,3,3,3,3,3,3,1,1,1,3,3,3,6,6,6,6,6,6,6,6,7,7,7,7,7,7,7,7","0.000988960266113281","fast_greedy","edit-xhwikibooks.graphml"
"0.13","0.36","0.51","0.707407531157072","2,2,2,2,1,2,1,2,2,8,1,1,2,2,2,4,8,1,6,1,3,5,2,2,2,2,2,4,2,8,1,6,1,1,6,6,7,2,3,3,3,3,5,5,5,5,3,5,5,5,3,3,3,3,3,5,5,5,5,3,2,3,3,2,2,3,3,3,3,3,5,3,2,2,3,3,3,3,3,3,3,2,4,4,4,2,3,3,3,3,8,1,6,3,3,3,4,3,3,3,3,3,3,3,3,3,3,1,1,1,3,3,3,6,6,6,6,6,6,6,6,7,7,7,7,7,7,7,7","0.000988960266113281","fast_greedy","edit-xhwikibooks.graphml"
"0.12","0.37","0.51","0.707407531157072","2,2,2,2,1,2,1,2,2,8,1,1,2,2,2,4,8,1,6,1,3,5,2,2,2,2,2,4,2,8,1,6,1,1,6,6,7,2,3,3,3,3,5,5,5,5,3,5,5,5,3,3,3,3,3,5,5,5,5,3,2,3,3,2,2,3,3,3,3,3,5,3,2,2,3,3,3,3,3,3,3,2,4,4,4,2,3,3,3,3,8,1,6,3,3,3,4,3,3,3,3,3,3,3,3,3,3,1,1,1,3,3,3,6,6,6,6,6,6,6,6,7,7,7,7,7,7,7,7","0.00101399421691895","fast_greedy","edit-xhwikibooks.graphml"
"0.11","0.38","0.51","0.707407531157072","2,2,2,2,1,2,1,2,2,8,1,1,2,2,2,4,8,1,6,1,3,5,2,2,2,2,2,4,2,8,1,6,1,1,6,6,7,2,3,3,3,3,5,5,5,5,3,5,5,5,3,3,3,3,3,5,5,5,5,3,2,3,3,2,2,3,3,3,3,3,5,3,2,2,3,3,3,3,3,3,3,2,4,4,4,2,3,3,3,3,8,1,6,3,3,3,4,3,3,3,3,3,3,3,3,3,3,1,1,1,3,3,3,6,6,6,6,6,6,6,6,7,7,7,7,7,7,7,7","0.000993013381958008","fast_greedy","edit-xhwikibooks.graphml"
"0.1","0.39","0.51","0.707407531157072","2,2,2,2,1,2,1,2,2,8,1,1,2,2,2,4,8,1,6,1,3,5,2,2,2,2,2,4,2,8,1,6,1,1,6,6,7,2,3,3,3,3,5,5,5,5,3,5,5,5,3,3,3,3,3,5,5,5,5,3,2,3,3,2,2,3,3,3,3,3,5,3,2,2,3,3,3,3,3,3,3,2,4,4,4,2,3,3,3,3,8,1,6,3,3,3,4,3,3,3,3,3,3,3,3,3,3,1,1,1,3,3,3,6,6,6,6,6,6,6,6,7,7,7,7,7,7,7,7","0.00101900100708008","fast_greedy","edit-xhwikibooks.graphml"
"0.09","0.4","0.51","0.707407531157072","2,2,2,2,1,2,1,2,2,8,1,1,2,2,2,4,8,1,6,1,3,5,2,2,2,2,2,4,2,8,1,6,1,1,6,6,7,2,3,3,3,3,5,5,5,5,3,5,5,5,3,3,3,3,3,5,5,5,5,3,2,3,3,2,2,3,3,3,3,3,5,3,2,2,3,3,3,3,3,3,3,2,4,4,4,2,3,3,3,3,8,1,6,3,3,3,4,3,3,3,3,3,3,3,3,3,3,1,1,1,3,3,3,6,6,6,6,6,6,6,6,7,7,7,7,7,7,7,7","0.000974893569946289","fast_greedy","edit-xhwikibooks.graphml"
"0.08","0.41","0.51","0.707407531157072","2,2,2,2,1,2,1,2,2,8,1,1,2,2,2,4,8,1,6,1,3,5,2,2,2,2,2,4,2,8,1,6,1,1,6,6,7,2,3,3,3,3,5,5,5,5,3,5,5,5,3,3,3,3,3,5,5,5,5,3,2,3,3,2,2,3,3,3,3,3,5,3,2,2,3,3,3,3,3,3,3,2,4,4,4,2,3,3,3,3,8,1,6,3,3,3,4,3,3,3,3,3,3,3,3,3,3,1,1,1,3,3,3,6,6,6,6,6,6,6,6,7,7,7,7,7,7,7,7","0.000988960266113281","fast_greedy","edit-xhwikibooks.graphml"
"0.07","0.42","0.51","0.707407531157072","2,2,2,2,1,2,1,2,2,8,1,1,2,2,2,4,8,1,6,1,3,5,2,2,2,2,2,4,2,8,1,6,1,1,6,6,7,2,3,3,3,3,5,5,5,5,3,5,5,5,3,3,3,3,3,5,5,5,5,3,2,3,3,2,2,3,3,3,3,3,5,3,2,2,3,3,3,3,3,3,3,2,4,4,4,2,3,3,3,3,8,1,6,3,3,3,4,3,3,3,3,3,3,3,3,3,3,1,1,1,3,3,3,6,6,6,6,6,6,6,6,7,7,7,7,7,7,7,7","0.00101613998413086","fast_greedy","edit-xhwikibooks.graphml"
"0.06","0.43","0.51","0.707407531157072","2,2,2,2,1,2,1,2,2,8,1,1,2,2,2,4,8,1,6,1,3,5,2,2,2,2,2,4,2,8,1,6,1,1,6,6,7,2,3,3,3,3,5,5,5,5,3,5,5,5,3,3,3,3,3,5,5,5,5,3,2,3,3,2,2,3,3,3,3,3,5,3,2,2,3,3,3,3,3,3,3,2,4,4,4,2,3,3,3,3,8,1,6,3,3,3,4,3,3,3,3,3,3,3,3,3,3,1,1,1,3,3,3,6,6,6,6,6,6,6,6,7,7,7,7,7,7,7,7","0.00103497505187988","fast_greedy","edit-xhwikibooks.graphml"
"0.05","0.44","0.51","0.707407531157072","2,2,2,2,1,2,1,2,2,8,1,1,2,2,2,4,8,1,6,1,3,5,2,2,2,2,2,4,2,8,1,6,1,1,6,6,7,2,3,3,3,3,5,5,5,5,3,5,5,5,3,3,3,3,3,5,5,5,5,3,2,3,3,2,2,3,3,3,3,3,5,3,2,2,3,3,3,3,3,3,3,2,4,4,4,2,3,3,3,3,8,1,6,3,3,3,4,3,3,3,3,3,3,3,3,3,3,1,1,1,3,3,3,6,6,6,6,6,6,6,6,7,7,7,7,7,7,7,7","0.00102686882019043","fast_greedy","edit-xhwikibooks.graphml"
"0.04","0.45","0.51","0.707407531157072","2,2,2,2,1,2,1,2,2,8,1,1,2,2,2,4,8,1,6,1,3,5,2,2,2,2,2,4,2,8,1,6,1,1,6,6,7,2,3,3,3,3,5,5,5,5,3,5,5,5,3,3,3,3,3,5,5,5,5,3,2,3,3,2,2,3,3,3,3,3,5,3,2,2,3,3,3,3,3,3,3,2,4,4,4,2,3,3,3,3,8,1,6,3,3,3,4,3,3,3,3,3,3,3,3,3,3,1,1,1,3,3,3,6,6,6,6,6,6,6,6,7,7,7,7,7,7,7,7","0.00100302696228027","fast_greedy","edit-xhwikibooks.graphml"
"0.03","0.46","0.51","0.707407531157072","2,2,2,2,1,2,1,2,2,8,1,1,2,2,2,4,8,1,6,1,3,5,2,2,2,2,2,4,2,8,1,6,1,1,6,6,7,2,3,3,3,3,5,5,5,5,3,5,5,5,3,3,3,3,3,5,5,5,5,3,2,3,3,2,2,3,3,3,3,3,5,3,2,2,3,3,3,3,3,3,3,2,4,4,4,2,3,3,3,3,8,1,6,3,3,3,4,3,3,3,3,3,3,3,3,3,3,1,1,1,3,3,3,6,6,6,6,6,6,6,6,7,7,7,7,7,7,7,7","0.00101804733276367","fast_greedy","edit-xhwikibooks.graphml"
"0.02","0.47","0.51","0.707407531157072","2,2,2,2,1,2,1,2,2,8,1,1,2,2,2,4,8,1,6,1,3,5,2,2,2,2,2,4,2,8,1,6,1,1,6,6,7,2,3,3,3,3,5,5,5,5,3,5,5,5,3,3,3,3,3,5,5,5,5,3,2,3,3,2,2,3,3,3,3,3,5,3,2,2,3,3,3,3,3,3,3,2,4,4,4,2,3,3,3,3,8,1,6,3,3,3,4,3,3,3,3,3,3,3,3,3,3,1,1,1,3,3,3,6,6,6,6,6,6,6,6,7,7,7,7,7,7,7,7","0.0010077953338623","fast_greedy","edit-xhwikibooks.graphml"
"0.01","0.48","0.51","0.707407531157072","2,2,2,2,1,2,1,2,2,8,1,1,2,2,2,4,8,1,6,1,3,5,2,2,2,2,2,4,2,8,1,6,1,1,6,6,7,2,3,3,3,3,5,5,5,5,3,5,5,5,3,3,3,3,3,5,5,5,5,3,2,3,3,2,2,3,3,3,3,3,5,3,2,2,3,3,3,3,3,3,3,2,4,4,4,2,3,3,3,3,8,1,6,3,3,3,4,3,3,3,3,3,3,3,3,3,3,1,1,1,3,3,3,6,6,6,6,6,6,6,6,7,7,7,7,7,7,7,7","0.00100517272949219","fast_greedy","edit-xhwikibooks.graphml"
"0","0.49","0.51","0.682685185185185","7,7,7,7,7,7,7,7,1,10,9,3,7,1,1,4,10,9,6,3,2,5,1,7,1,1,1,4,7,10,9,6,3,3,6,6,8,1,2,2,2,2,5,5,5,5,2,5,5,5,2,2,2,2,2,5,5,5,5,2,1,2,2,7,1,2,2,2,2,2,5,2,1,1,2,2,2,2,2,2,2,1,4,4,4,7,2,2,2,2,10,9,6,2,2,2,4,2,2,2,2,2,2,2,2,2,2,3,3,3,2,2,2,6,6,6,6,6,6,6,6,8,8,8,8,8,8,8,8","0.000992059707641602","fast_greedy","edit-xhwikibooks.graphml"
"0.48","0","0.52","0.706884169488048","2,2,2,2,1,2,1,2,2,8,1,1,2,2,2,4,8,1,6,1,3,5,2,2,2,2,2,4,2,8,1,6,1,1,6,6,7,2,3,3,3,3,5,5,5,5,3,5,5,5,3,3,3,3,3,5,5,5,5,3,2,3,3,2,2,3,3,3,3,3,5,3,2,2,3,3,3,3,3,3,3,2,4,4,4,2,3,3,3,3,8,1,6,3,3,3,4,3,3,3,3,3,3,3,3,3,3,1,1,1,3,3,3,6,6,6,6,6,6,6,6,7,7,7,7,7,7,7,7","0.000996112823486328","fast_greedy","edit-xhwikibooks.graphml"
"0.47","0.01","0.52","0.706884169488048","2,2,2,2,1,2,1,2,2,8,1,1,2,2,2,4,8,1,6,1,3,5,2,2,2,2,2,4,2,8,1,6,1,1,6,6,7,2,3,3,3,3,5,5,5,5,3,5,5,5,3,3,3,3,3,5,5,5,5,3,2,3,3,2,2,3,3,3,3,3,5,3,2,2,3,3,3,3,3,3,3,2,4,4,4,2,3,3,3,3,8,1,6,3,3,3,4,3,3,3,3,3,3,3,3,3,3,1,1,1,3,3,3,6,6,6,6,6,6,6,6,7,7,7,7,7,7,7,7","0.00104093551635742","fast_greedy","edit-xhwikibooks.graphml"
"0.46","0.02","0.52","0.706884169488048","2,2,2,2,1,2,1,2,2,8,1,1,2,2,2,4,8,1,6,1,3,5,2,2,2,2,2,4,2,8,1,6,1,1,6,6,7,2,3,3,3,3,5,5,5,5,3,5,5,5,3,3,3,3,3,5,5,5,5,3,2,3,3,2,2,3,3,3,3,3,5,3,2,2,3,3,3,3,3,3,3,2,4,4,4,2,3,3,3,3,8,1,6,3,3,3,4,3,3,3,3,3,3,3,3,3,3,1,1,1,3,3,3,6,6,6,6,6,6,6,6,7,7,7,7,7,7,7,7","0.000993967056274414","fast_greedy","edit-xhwikibooks.graphml"
"0.45","0.03","0.52","0.706884169488048","2,2,2,2,1,2,1,2,2,8,1,1,2,2,2,4,8,1,6,1,3,5,2,2,2,2,2,4,2,8,1,6,1,1,6,6,7,2,3,3,3,3,5,5,5,5,3,5,5,5,3,3,3,3,3,5,5,5,5,3,2,3,3,2,2,3,3,3,3,3,5,3,2,2,3,3,3,3,3,3,3,2,4,4,4,2,3,3,3,3,8,1,6,3,3,3,4,3,3,3,3,3,3,3,3,3,3,1,1,1,3,3,3,6,6,6,6,6,6,6,6,7,7,7,7,7,7,7,7","0.0011448860168457","fast_greedy","edit-xhwikibooks.graphml"
"0.44","0.04","0.52","0.706884169488048","2,2,2,2,1,2,1,2,2,8,1,1,2,2,2,4,8,1,6,1,3,5,2,2,2,2,2,4,2,8,1,6,1,1,6,6,7,2,3,3,3,3,5,5,5,5,3,5,5,5,3,3,3,3,3,5,5,5,5,3,2,3,3,2,2,3,3,3,3,3,5,3,2,2,3,3,3,3,3,3,3,2,4,4,4,2,3,3,3,3,8,1,6,3,3,3,4,3,3,3,3,3,3,3,3,3,3,1,1,1,3,3,3,6,6,6,6,6,6,6,6,7,7,7,7,7,7,7,7","0.000977039337158203","fast_greedy","edit-xhwikibooks.graphml"
"0.43","0.05","0.52","0.706884169488048","2,2,2,2,1,2,1,2,2,8,1,1,2,2,2,4,8,1,6,1,3,5,2,2,2,2,2,4,2,8,1,6,1,1,6,6,7,2,3,3,3,3,5,5,5,5,3,5,5,5,3,3,3,3,3,5,5,5,5,3,2,3,3,2,2,3,3,3,3,3,5,3,2,2,3,3,3,3,3,3,3,2,4,4,4,2,3,3,3,3,8,1,6,3,3,3,4,3,3,3,3,3,3,3,3,3,3,1,1,1,3,3,3,6,6,6,6,6,6,6,6,7,7,7,7,7,7,7,7","0.00117993354797363","fast_greedy","edit-xhwikibooks.graphml"
"0.42","0.06","0.52","0.706884169488048","2,2,2,2,1,2,1,2,2,8,1,1,2,2,2,4,8,1,6,1,3,5,2,2,2,2,2,4,2,8,1,6,1,1,6,6,7,2,3,3,3,3,5,5,5,5,3,5,5,5,3,3,3,3,3,5,5,5,5,3,2,3,3,2,2,3,3,3,3,3,5,3,2,2,3,3,3,3,3,3,3,2,4,4,4,2,3,3,3,3,8,1,6,3,3,3,4,3,3,3,3,3,3,3,3,3,3,1,1,1,3,3,3,6,6,6,6,6,6,6,6,7,7,7,7,7,7,7,7","0.000967979431152344","fast_greedy","edit-xhwikibooks.graphml"
"0.41","0.07","0.52","0.706884169488048","2,2,2,2,1,2,1,2,2,8,1,1,2,2,2,4,8,1,6,1,3,5,2,2,2,2,2,4,2,8,1,6,1,1,6,6,7,2,3,3,3,3,5,5,5,5,3,5,5,5,3,3,3,3,3,5,5,5,5,3,2,3,3,2,2,3,3,3,3,3,5,3,2,2,3,3,3,3,3,3,3,2,4,4,4,2,3,3,3,3,8,1,6,3,3,3,4,3,3,3,3,3,3,3,3,3,3,1,1,1,3,3,3,6,6,6,6,6,6,6,6,7,7,7,7,7,7,7,7","0.000975131988525391","fast_greedy","edit-xhwikibooks.graphml"
"0.4","0.08","0.52","0.706884169488048","2,2,2,2,1,2,1,2,2,8,1,1,2,2,2,4,8,1,6,1,3,5,2,2,2,2,2,4,2,8,1,6,1,1,6,6,7,2,3,3,3,3,5,5,5,5,3,5,5,5,3,3,3,3,3,5,5,5,5,3,2,3,3,2,2,3,3,3,3,3,5,3,2,2,3,3,3,3,3,3,3,2,4,4,4,2,3,3,3,3,8,1,6,3,3,3,4,3,3,3,3,3,3,3,3,3,3,1,1,1,3,3,3,6,6,6,6,6,6,6,6,7,7,7,7,7,7,7,7","0.000962972640991211","fast_greedy","edit-xhwikibooks.graphml"
"0.39","0.09","0.52","0.706884169488048","2,2,2,2,1,2,1,2,2,8,1,1,2,2,2,4,8,1,6,1,3,5,2,2,2,2,2,4,2,8,1,6,1,1,6,6,7,2,3,3,3,3,5,5,5,5,3,5,5,5,3,3,3,3,3,5,5,5,5,3,2,3,3,2,2,3,3,3,3,3,5,3,2,2,3,3,3,3,3,3,3,2,4,4,4,2,3,3,3,3,8,1,6,3,3,3,4,3,3,3,3,3,3,3,3,3,3,1,1,1,3,3,3,6,6,6,6,6,6,6,6,7,7,7,7,7,7,7,7","0.000976085662841797","fast_greedy","edit-xhwikibooks.graphml"
"0.38","0.1","0.52","0.706884169488048","2,2,2,2,1,2,1,2,2,8,1,1,2,2,2,4,8,1,6,1,3,5,2,2,2,2,2,4,2,8,1,6,1,1,6,6,7,2,3,3,3,3,5,5,5,5,3,5,5,5,3,3,3,3,3,5,5,5,5,3,2,3,3,2,2,3,3,3,3,3,5,3,2,2,3,3,3,3,3,3,3,2,4,4,4,2,3,3,3,3,8,1,6,3,3,3,4,3,3,3,3,3,3,3,3,3,3,1,1,1,3,3,3,6,6,6,6,6,6,6,6,7,7,7,7,7,7,7,7","0.000962018966674805","fast_greedy","edit-xhwikibooks.graphml"
"0.37","0.11","0.52","0.706884169488048","2,2,2,2,1,2,1,2,2,8,1,1,2,2,2,4,8,1,6,1,3,5,2,2,2,2,2,4,2,8,1,6,1,1,6,6,7,2,3,3,3,3,5,5,5,5,3,5,5,5,3,3,3,3,3,5,5,5,5,3,2,3,3,2,2,3,3,3,3,3,5,3,2,2,3,3,3,3,3,3,3,2,4,4,4,2,3,3,3,3,8,1,6,3,3,3,4,3,3,3,3,3,3,3,3,3,3,1,1,1,3,3,3,6,6,6,6,6,6,6,6,7,7,7,7,7,7,7,7","0.000989198684692383","fast_greedy","edit-xhwikibooks.graphml"
"0.36","0.12","0.52","0.706884169488048","2,2,2,2,1,2,1,2,2,8,1,1,2,2,2,4,8,1,6,1,3,5,2,2,2,2,2,4,2,8,1,6,1,1,6,6,7,2,3,3,3,3,5,5,5,5,3,5,5,5,3,3,3,3,3,5,5,5,5,3,2,3,3,2,2,3,3,3,3,3,5,3,2,2,3,3,3,3,3,3,3,2,4,4,4,2,3,3,3,3,8,1,6,3,3,3,4,3,3,3,3,3,3,3,3,3,3,1,1,1,3,3,3,6,6,6,6,6,6,6,6,7,7,7,7,7,7,7,7","0.000988006591796875","fast_greedy","edit-xhwikibooks.graphml"
"0.35","0.13","0.52","0.706884169488048","2,2,2,2,1,2,1,2,2,8,1,1,2,2,2,4,8,1,6,1,3,5,2,2,2,2,2,4,2,8,1,6,1,1,6,6,7,2,3,3,3,3,5,5,5,5,3,5,5,5,3,3,3,3,3,5,5,5,5,3,2,3,3,2,2,3,3,3,3,3,5,3,2,2,3,3,3,3,3,3,3,2,4,4,4,2,3,3,3,3,8,1,6,3,3,3,4,3,3,3,3,3,3,3,3,3,3,1,1,1,3,3,3,6,6,6,6,6,6,6,6,7,7,7,7,7,7,7,7","0.00105714797973633","fast_greedy","edit-xhwikibooks.graphml"
"0.34","0.14","0.52","0.706884169488048","2,2,2,2,1,2,1,2,2,8,1,1,2,2,2,4,8,1,6,1,3,5,2,2,2,2,2,4,2,8,1,6,1,1,6,6,7,2,3,3,3,3,5,5,5,5,3,5,5,5,3,3,3,3,3,5,5,5,5,3,2,3,3,2,2,3,3,3,3,3,5,3,2,2,3,3,3,3,3,3,3,2,4,4,4,2,3,3,3,3,8,1,6,3,3,3,4,3,3,3,3,3,3,3,3,3,3,1,1,1,3,3,3,6,6,6,6,6,6,6,6,7,7,7,7,7,7,7,7","0.000924825668334961","fast_greedy","edit-xhwikibooks.graphml"
"0.33","0.15","0.52","0.706884169488048","2,2,2,2,1,2,1,2,2,8,1,1,2,2,2,4,8,1,6,1,3,5,2,2,2,2,2,4,2,8,1,6,1,1,6,6,7,2,3,3,3,3,5,5,5,5,3,5,5,5,3,3,3,3,3,5,5,5,5,3,2,3,3,2,2,3,3,3,3,3,5,3,2,2,3,3,3,3,3,3,3,2,4,4,4,2,3,3,3,3,8,1,6,3,3,3,4,3,3,3,3,3,3,3,3,3,3,1,1,1,3,3,3,6,6,6,6,6,6,6,6,7,7,7,7,7,7,7,7","0.00105094909667969","fast_greedy","edit-xhwikibooks.graphml"
"0.32","0.16","0.52","0.706884169488048","2,2,2,2,1,2,1,2,2,8,1,1,2,2,2,4,8,1,6,1,3,5,2,2,2,2,2,4,2,8,1,6,1,1,6,6,7,2,3,3,3,3,5,5,5,5,3,5,5,5,3,3,3,3,3,5,5,5,5,3,2,3,3,2,2,3,3,3,3,3,5,3,2,2,3,3,3,3,3,3,3,2,4,4,4,2,3,3,3,3,8,1,6,3,3,3,4,3,3,3,3,3,3,3,3,3,3,1,1,1,3,3,3,6,6,6,6,6,6,6,6,7,7,7,7,7,7,7,7","0.000987052917480469","fast_greedy","edit-xhwikibooks.graphml"
"0.31","0.17","0.52","0.708355868036777","2,2,2,2,1,2,1,2,2,8,1,1,2,2,2,4,8,1,6,1,3,5,2,2,2,2,2,4,2,8,1,6,1,1,6,6,7,2,3,3,3,3,5,5,5,5,3,5,5,5,3,3,3,3,3,5,5,5,5,3,2,3,3,2,2,3,3,3,3,3,5,3,2,2,3,3,3,3,3,3,3,2,4,4,4,2,3,3,3,3,8,1,6,3,3,3,4,3,3,3,3,3,3,3,3,3,3,1,1,1,3,3,3,6,6,6,6,6,6,6,6,7,7,7,7,7,7,7,7","0.000976085662841797","fast_greedy","edit-xhwikibooks.graphml"
"0.3","0.18","0.52","0.708355868036777","2,2,2,2,1,2,1,2,2,8,1,1,2,2,2,4,8,1,6,1,3,5,2,2,2,2,2,4,2,8,1,6,1,1,6,6,7,2,3,3,3,3,5,5,5,5,3,5,5,5,3,3,3,3,3,5,5,5,5,3,2,3,3,2,2,3,3,3,3,3,5,3,2,2,3,3,3,3,3,3,3,2,4,4,4,2,3,3,3,3,8,1,6,3,3,3,4,3,3,3,3,3,3,3,3,3,3,1,1,1,3,3,3,6,6,6,6,6,6,6,6,7,7,7,7,7,7,7,7","0.000988006591796875","fast_greedy","edit-xhwikibooks.graphml"
"0.29","0.19","0.52","0.708355868036777","2,2,2,2,1,2,1,2,2,8,1,1,2,2,2,4,8,1,6,1,3,5,2,2,2,2,2,4,2,8,1,6,1,1,6,6,7,2,3,3,3,3,5,5,5,5,3,5,5,5,3,3,3,3,3,5,5,5,5,3,2,3,3,2,2,3,3,3,3,3,5,3,2,2,3,3,3,3,3,3,3,2,4,4,4,2,3,3,3,3,8,1,6,3,3,3,4,3,3,3,3,3,3,3,3,3,3,1,1,1,3,3,3,6,6,6,6,6,6,6,6,7,7,7,7,7,7,7,7","0.000999927520751953","fast_greedy","edit-xhwikibooks.graphml"
"0.28","0.2","0.52","0.708355868036777","2,2,2,2,1,2,1,2,2,8,1,1,2,2,2,4,8,1,6,1,3,5,2,2,2,2,2,4,2,8,1,6,1,1,6,6,7,2,3,3,3,3,5,5,5,5,3,5,5,5,3,3,3,3,3,5,5,5,5,3,2,3,3,2,2,3,3,3,3,3,5,3,2,2,3,3,3,3,3,3,3,2,4,4,4,2,3,3,3,3,8,1,6,3,3,3,4,3,3,3,3,3,3,3,3,3,3,1,1,1,3,3,3,6,6,6,6,6,6,6,6,7,7,7,7,7,7,7,7","0.0010218620300293","fast_greedy","edit-xhwikibooks.graphml"
"0.27","0.21","0.52","0.708355868036777","2,2,2,2,1,2,1,2,2,8,1,1,2,2,2,4,8,1,6,1,3,5,2,2,2,2,2,4,2,8,1,6,1,1,6,6,7,2,3,3,3,3,5,5,5,5,3,5,5,5,3,3,3,3,3,5,5,5,5,3,2,3,3,2,2,3,3,3,3,3,5,3,2,2,3,3,3,3,3,3,3,2,4,4,4,2,3,3,3,3,8,1,6,3,3,3,4,3,3,3,3,3,3,3,3,3,3,1,1,1,3,3,3,6,6,6,6,6,6,6,6,7,7,7,7,7,7,7,7","0.0356018543243408","fast_greedy","edit-xhwikibooks.graphml"
"0.26","0.22","0.52","0.708355868036777","2,2,2,2,1,2,1,2,2,8,1,1,2,2,2,4,8,1,6,1,3,5,2,2,2,2,2,4,2,8,1,6,1,1,6,6,7,2,3,3,3,3,5,5,5,5,3,5,5,5,3,3,3,3,3,5,5,5,5,3,2,3,3,2,2,3,3,3,3,3,5,3,2,2,3,3,3,3,3,3,3,2,4,4,4,2,3,3,3,3,8,1,6,3,3,3,4,3,3,3,3,3,3,3,3,3,3,1,1,1,3,3,3,6,6,6,6,6,6,6,6,7,7,7,7,7,7,7,7","0.00108814239501953","fast_greedy","edit-xhwikibooks.graphml"
"0.25","0.23","0.52","0.708355868036777","2,2,2,2,1,2,1,2,2,8,1,1,2,2,2,4,8,1,6,1,3,5,2,2,2,2,2,4,2,8,1,6,1,1,6,6,7,2,3,3,3,3,5,5,5,5,3,5,5,5,3,3,3,3,3,5,5,5,5,3,2,3,3,2,2,3,3,3,3,3,5,3,2,2,3,3,3,3,3,3,3,2,4,4,4,2,3,3,3,3,8,1,6,3,3,3,4,3,3,3,3,3,3,3,3,3,3,1,1,1,3,3,3,6,6,6,6,6,6,6,6,7,7,7,7,7,7,7,7","0.00101709365844727","fast_greedy","edit-xhwikibooks.graphml"
"0.24","0.24","0.52","0.708355868036777","2,2,2,2,1,2,1,2,2,8,1,1,2,2,2,4,8,1,6,1,3,5,2,2,2,2,2,4,2,8,1,6,1,1,6,6,7,2,3,3,3,3,5,5,5,5,3,5,5,5,3,3,3,3,3,5,5,5,5,3,2,3,3,2,2,3,3,3,3,3,5,3,2,2,3,3,3,3,3,3,3,2,4,4,4,2,3,3,3,3,8,1,6,3,3,3,4,3,3,3,3,3,3,3,3,3,3,1,1,1,3,3,3,6,6,6,6,6,6,6,6,7,7,7,7,7,7,7,7","0.0010077953338623","fast_greedy","edit-xhwikibooks.graphml"
"0.23","0.25","0.52","0.708355868036777","2,2,2,2,1,2,1,2,2,8,1,1,2,2,2,4,8,1,6,1,3,5,2,2,2,2,2,4,2,8,1,6,1,1,6,6,7,2,3,3,3,3,5,5,5,5,3,5,5,5,3,3,3,3,3,5,5,5,5,3,2,3,3,2,2,3,3,3,3,3,5,3,2,2,3,3,3,3,3,3,3,2,4,4,4,2,3,3,3,3,8,1,6,3,3,3,4,3,3,3,3,3,3,3,3,3,3,1,1,1,3,3,3,6,6,6,6,6,6,6,6,7,7,7,7,7,7,7,7","0.00122404098510742","fast_greedy","edit-xhwikibooks.graphml"
"0.22","0.26","0.52","0.708355868036777","2,2,2,2,1,2,1,2,2,8,1,1,2,2,2,4,8,1,6,1,3,5,2,2,2,2,2,4,2,8,1,6,1,1,6,6,7,2,3,3,3,3,5,5,5,5,3,5,5,5,3,3,3,3,3,5,5,5,5,3,2,3,3,2,2,3,3,3,3,3,5,3,2,2,3,3,3,3,3,3,3,2,4,4,4,2,3,3,3,3,8,1,6,3,3,3,4,3,3,3,3,3,3,3,3,3,3,1,1,1,3,3,3,6,6,6,6,6,6,6,6,7,7,7,7,7,7,7,7","0.00101494789123535","fast_greedy","edit-xhwikibooks.graphml"
"0.21","0.27","0.52","0.708355868036777","2,2,2,2,1,2,1,2,2,8,1,1,2,2,2,4,8,1,6,1,3,5,2,2,2,2,2,4,2,8,1,6,1,1,6,6,7,2,3,3,3,3,5,5,5,5,3,5,5,5,3,3,3,3,3,5,5,5,5,3,2,3,3,2,2,3,3,3,3,3,5,3,2,2,3,3,3,3,3,3,3,2,4,4,4,2,3,3,3,3,8,1,6,3,3,3,4,3,3,3,3,3,3,3,3,3,3,1,1,1,3,3,3,6,6,6,6,6,6,6,6,7,7,7,7,7,7,7,7","0.000955104827880859","fast_greedy","edit-xhwikibooks.graphml"
"0.2","0.28","0.52","0.708355868036777","2,2,2,2,1,2,1,2,2,8,1,1,2,2,2,4,8,1,6,1,3,5,2,2,2,2,2,4,2,8,1,6,1,1,6,6,7,2,3,3,3,3,5,5,5,5,3,5,5,5,3,3,3,3,3,5,5,5,5,3,2,3,3,2,2,3,3,3,3,3,5,3,2,2,3,3,3,3,3,3,3,2,4,4,4,2,3,3,3,3,8,1,6,3,3,3,4,3,3,3,3,3,3,3,3,3,3,1,1,1,3,3,3,6,6,6,6,6,6,6,6,7,7,7,7,7,7,7,7","0.000953912734985352","fast_greedy","edit-xhwikibooks.graphml"
"0.19","0.29","0.52","0.708355868036777","2,2,2,2,1,2,1,2,2,8,1,1,2,2,2,4,8,1,6,1,3,5,2,2,2,2,2,4,2,8,1,6,1,1,6,6,7,2,3,3,3,3,5,5,5,5,3,5,5,5,3,3,3,3,3,5,5,5,5,3,2,3,3,2,2,3,3,3,3,3,5,3,2,2,3,3,3,3,3,3,3,2,4,4,4,2,3,3,3,3,8,1,6,3,3,3,4,3,3,3,3,3,3,3,3,3,3,1,1,1,3,3,3,6,6,6,6,6,6,6,6,7,7,7,7,7,7,7,7","0.000941991806030273","fast_greedy","edit-xhwikibooks.graphml"
"0.18","0.3","0.52","0.708355868036777","2,2,2,2,1,2,1,2,2,8,1,1,2,2,2,4,8,1,6,1,3,5,2,2,2,2,2,4,2,8,1,6,1,1,6,6,7,2,3,3,3,3,5,5,5,5,3,5,5,5,3,3,3,3,3,5,5,5,5,3,2,3,3,2,2,3,3,3,3,3,5,3,2,2,3,3,3,3,3,3,3,2,4,4,4,2,3,3,3,3,8,1,6,3,3,3,4,3,3,3,3,3,3,3,3,3,3,1,1,1,3,3,3,6,6,6,6,6,6,6,6,7,7,7,7,7,7,7,7","0.000993967056274414","fast_greedy","edit-xhwikibooks.graphml"
"0.17","0.31","0.52","0.708355868036777","2,2,2,2,1,2,1,2,2,8,1,1,2,2,2,4,8,1,6,1,3,5,2,2,2,2,2,4,2,8,1,6,1,1,6,6,7,2,3,3,3,3,5,5,5,5,3,5,5,5,3,3,3,3,3,5,5,5,5,3,2,3,3,2,2,3,3,3,3,3,5,3,2,2,3,3,3,3,3,3,3,2,4,4,4,2,3,3,3,3,8,1,6,3,3,3,4,3,3,3,3,3,3,3,3,3,3,1,1,1,3,3,3,6,6,6,6,6,6,6,6,7,7,7,7,7,7,7,7","0.00103402137756348","fast_greedy","edit-xhwikibooks.graphml"
"0.16","0.32","0.52","0.708355868036777","2,2,2,2,1,2,1,2,2,8,1,1,2,2,2,4,8,1,6,1,3,5,2,2,2,2,2,4,2,8,1,6,1,1,6,6,7,2,3,3,3,3,5,5,5,5,3,5,5,5,3,3,3,3,3,5,5,5,5,3,2,3,3,2,2,3,3,3,3,3,5,3,2,2,3,3,3,3,3,3,3,2,4,4,4,2,3,3,3,3,8,1,6,3,3,3,4,3,3,3,3,3,3,3,3,3,3,1,1,1,3,3,3,6,6,6,6,6,6,6,6,7,7,7,7,7,7,7,7","0.000962972640991211","fast_greedy","edit-xhwikibooks.graphml"
"0.15","0.33","0.52","0.708355868036777","2,2,2,2,1,2,1,2,2,8,1,1,2,2,2,4,8,1,6,1,3,5,2,2,2,2,2,4,2,8,1,6,1,1,6,6,7,2,3,3,3,3,5,5,5,5,3,5,5,5,3,3,3,3,3,5,5,5,5,3,2,3,3,2,2,3,3,3,3,3,5,3,2,2,3,3,3,3,3,3,3,2,4,4,4,2,3,3,3,3,8,1,6,3,3,3,4,3,3,3,3,3,3,3,3,3,3,1,1,1,3,3,3,6,6,6,6,6,6,6,6,7,7,7,7,7,7,7,7","0.000949859619140625","fast_greedy","edit-xhwikibooks.graphml"
"0.14","0.34","0.52","0.707407531157072","2,2,2,2,1,2,1,2,2,8,1,1,2,2,2,4,8,1,6,1,3,5,2,2,2,2,2,4,2,8,1,6,1,1,6,6,7,2,3,3,3,3,5,5,5,5,3,5,5,5,3,3,3,3,3,5,5,5,5,3,2,3,3,2,2,3,3,3,3,3,5,3,2,2,3,3,3,3,3,3,3,2,4,4,4,2,3,3,3,3,8,1,6,3,3,3,4,3,3,3,3,3,3,3,3,3,3,1,1,1,3,3,3,6,6,6,6,6,6,6,6,7,7,7,7,7,7,7,7","0.000970125198364258","fast_greedy","edit-xhwikibooks.graphml"
"0.13","0.35","0.52","0.707407531157072","2,2,2,2,1,2,1,2,2,8,1,1,2,2,2,4,8,1,6,1,3,5,2,2,2,2,2,4,2,8,1,6,1,1,6,6,7,2,3,3,3,3,5,5,5,5,3,5,5,5,3,3,3,3,3,5,5,5,5,3,2,3,3,2,2,3,3,3,3,3,5,3,2,2,3,3,3,3,3,3,3,2,4,4,4,2,3,3,3,3,8,1,6,3,3,3,4,3,3,3,3,3,3,3,3,3,3,1,1,1,3,3,3,6,6,6,6,6,6,6,6,7,7,7,7,7,7,7,7","0.000982046127319336","fast_greedy","edit-xhwikibooks.graphml"
"0.12","0.36","0.52","0.707407531157072","2,2,2,2,1,2,1,2,2,8,1,1,2,2,2,4,8,1,6,1,3,5,2,2,2,2,2,4,2,8,1,6,1,1,6,6,7,2,3,3,3,3,5,5,5,5,3,5,5,5,3,3,3,3,3,5,5,5,5,3,2,3,3,2,2,3,3,3,3,3,5,3,2,2,3,3,3,3,3,3,3,2,4,4,4,2,3,3,3,3,8,1,6,3,3,3,4,3,3,3,3,3,3,3,3,3,3,1,1,1,3,3,3,6,6,6,6,6,6,6,6,7,7,7,7,7,7,7,7","0.001190185546875","fast_greedy","edit-xhwikibooks.graphml"
"0.11","0.37","0.52","0.707407531157072","2,2,2,2,1,2,1,2,2,8,1,1,2,2,2,4,8,1,6,1,3,5,2,2,2,2,2,4,2,8,1,6,1,1,6,6,7,2,3,3,3,3,5,5,5,5,3,5,5,5,3,3,3,3,3,5,5,5,5,3,2,3,3,2,2,3,3,3,3,3,5,3,2,2,3,3,3,3,3,3,3,2,4,4,4,2,3,3,3,3,8,1,6,3,3,3,4,3,3,3,3,3,3,3,3,3,3,1,1,1,3,3,3,6,6,6,6,6,6,6,6,7,7,7,7,7,7,7,7","0.000988006591796875","fast_greedy","edit-xhwikibooks.graphml"
"0.1","0.38","0.52","0.707407531157072","2,2,2,2,1,2,1,2,2,8,1,1,2,2,2,4,8,1,6,1,3,5,2,2,2,2,2,4,2,8,1,6,1,1,6,6,7,2,3,3,3,3,5,5,5,5,3,5,5,5,3,3,3,3,3,5,5,5,5,3,2,3,3,2,2,3,3,3,3,3,5,3,2,2,3,3,3,3,3,3,3,2,4,4,4,2,3,3,3,3,8,1,6,3,3,3,4,3,3,3,3,3,3,3,3,3,3,1,1,1,3,3,3,6,6,6,6,6,6,6,6,7,7,7,7,7,7,7,7","0.000962972640991211","fast_greedy","edit-xhwikibooks.graphml"
"0.09","0.39","0.52","0.707407531157072","2,2,2,2,1,2,1,2,2,8,1,1,2,2,2,4,8,1,6,1,3,5,2,2,2,2,2,4,2,8,1,6,1,1,6,6,7,2,3,3,3,3,5,5,5,5,3,5,5,5,3,3,3,3,3,5,5,5,5,3,2,3,3,2,2,3,3,3,3,3,5,3,2,2,3,3,3,3,3,3,3,2,4,4,4,2,3,3,3,3,8,1,6,3,3,3,4,3,3,3,3,3,3,3,3,3,3,1,1,1,3,3,3,6,6,6,6,6,6,6,6,7,7,7,7,7,7,7,7","0.000974893569946289","fast_greedy","edit-xhwikibooks.graphml"
"0.08","0.4","0.52","0.707407531157072","2,2,2,2,1,2,1,2,2,8,1,1,2,2,2,4,8,1,6,1,3,5,2,2,2,2,2,4,2,8,1,6,1,1,6,6,7,2,3,3,3,3,5,5,5,5,3,5,5,5,3,3,3,3,3,5,5,5,5,3,2,3,3,2,2,3,3,3,3,3,5,3,2,2,3,3,3,3,3,3,3,2,4,4,4,2,3,3,3,3,8,1,6,3,3,3,4,3,3,3,3,3,3,3,3,3,3,1,1,1,3,3,3,6,6,6,6,6,6,6,6,7,7,7,7,7,7,7,7","0.000986099243164062","fast_greedy","edit-xhwikibooks.graphml"
"0.07","0.41","0.52","0.707407531157072","2,2,2,2,1,2,1,2,2,8,1,1,2,2,2,4,8,1,6,1,3,5,2,2,2,2,2,4,2,8,1,6,1,1,6,6,7,2,3,3,3,3,5,5,5,5,3,5,5,5,3,3,3,3,3,5,5,5,5,3,2,3,3,2,2,3,3,3,3,3,5,3,2,2,3,3,3,3,3,3,3,2,4,4,4,2,3,3,3,3,8,1,6,3,3,3,4,3,3,3,3,3,3,3,3,3,3,1,1,1,3,3,3,6,6,6,6,6,6,6,6,7,7,7,7,7,7,7,7","0.00100088119506836","fast_greedy","edit-xhwikibooks.graphml"
"0.06","0.42","0.52","0.707407531157072","2,2,2,2,1,2,1,2,2,8,1,1,2,2,2,4,8,1,6,1,3,5,2,2,2,2,2,4,2,8,1,6,1,1,6,6,7,2,3,3,3,3,5,5,5,5,3,5,5,5,3,3,3,3,3,5,5,5,5,3,2,3,3,2,2,3,3,3,3,3,5,3,2,2,3,3,3,3,3,3,3,2,4,4,4,2,3,3,3,3,8,1,6,3,3,3,4,3,3,3,3,3,3,3,3,3,3,1,1,1,3,3,3,6,6,6,6,6,6,6,6,7,7,7,7,7,7,7,7","0.0010068416595459","fast_greedy","edit-xhwikibooks.graphml"
"0.05","0.43","0.52","0.707407531157072","2,2,2,2,1,2,1,2,2,8,1,1,2,2,2,4,8,1,6,1,3,5,2,2,2,2,2,4,2,8,1,6,1,1,6,6,7,2,3,3,3,3,5,5,5,5,3,5,5,5,3,3,3,3,3,5,5,5,5,3,2,3,3,2,2,3,3,3,3,3,5,3,2,2,3,3,3,3,3,3,3,2,4,4,4,2,3,3,3,3,8,1,6,3,3,3,4,3,3,3,3,3,3,3,3,3,3,1,1,1,3,3,3,6,6,6,6,6,6,6,6,7,7,7,7,7,7,7,7","0.000961065292358398","fast_greedy","edit-xhwikibooks.graphml"
"0.04","0.44","0.52","0.707407531157072","2,2,2,2,1,2,1,2,2,8,1,1,2,2,2,4,8,1,6,1,3,5,2,2,2,2,2,4,2,8,1,6,1,1,6,6,7,2,3,3,3,3,5,5,5,5,3,5,5,5,3,3,3,3,3,5,5,5,5,3,2,3,3,2,2,3,3,3,3,3,5,3,2,2,3,3,3,3,3,3,3,2,4,4,4,2,3,3,3,3,8,1,6,3,3,3,4,3,3,3,3,3,3,3,3,3,3,1,1,1,3,3,3,6,6,6,6,6,6,6,6,7,7,7,7,7,7,7,7","0.000993013381958008","fast_greedy","edit-xhwikibooks.graphml"
"0.03","0.45","0.52","0.707407531157072","2,2,2,2,1,2,1,2,2,8,1,1,2,2,2,4,8,1,6,1,3,5,2,2,2,2,2,4,2,8,1,6,1,1,6,6,7,2,3,3,3,3,5,5,5,5,3,5,5,5,3,3,3,3,3,5,5,5,5,3,2,3,3,2,2,3,3,3,3,3,5,3,2,2,3,3,3,3,3,3,3,2,4,4,4,2,3,3,3,3,8,1,6,3,3,3,4,3,3,3,3,3,3,3,3,3,3,1,1,1,3,3,3,6,6,6,6,6,6,6,6,7,7,7,7,7,7,7,7","0.000960826873779297","fast_greedy","edit-xhwikibooks.graphml"
"0.02","0.46","0.52","0.707407531157072","2,2,2,2,1,2,1,2,2,8,1,1,2,2,2,4,8,1,6,1,3,5,2,2,2,2,2,4,2,8,1,6,1,1,6,6,7,2,3,3,3,3,5,5,5,5,3,5,5,5,3,3,3,3,3,5,5,5,5,3,2,3,3,2,2,3,3,3,3,3,5,3,2,2,3,3,3,3,3,3,3,2,4,4,4,2,3,3,3,3,8,1,6,3,3,3,4,3,3,3,3,3,3,3,3,3,3,1,1,1,3,3,3,6,6,6,6,6,6,6,6,7,7,7,7,7,7,7,7","0.00124001502990723","fast_greedy","edit-xhwikibooks.graphml"
"0.01","0.47","0.52","0.707407531157072","2,2,2,2,1,2,1,2,2,8,1,1,2,2,2,4,8,1,6,1,3,5,2,2,2,2,2,4,2,8,1,6,1,1,6,6,7,2,3,3,3,3,5,5,5,5,3,5,5,5,3,3,3,3,3,5,5,5,5,3,2,3,3,2,2,3,3,3,3,3,5,3,2,2,3,3,3,3,3,3,3,2,4,4,4,2,3,3,3,3,8,1,6,3,3,3,4,3,3,3,3,3,3,3,3,3,3,1,1,1,3,3,3,6,6,6,6,6,6,6,6,7,7,7,7,7,7,7,7","0.000957012176513672","fast_greedy","edit-xhwikibooks.graphml"
"0","0.48","0.52","0.682685185185185","7,7,7,7,7,7,7,7,1,10,9,3,7,1,1,4,10,9,6,3,2,5,1,7,1,1,1,4,7,10,9,6,3,3,6,6,8,1,2,2,2,2,5,5,5,5,2,5,5,5,2,2,2,2,2,5,5,5,5,2,1,2,2,7,1,2,2,2,2,2,5,2,1,1,2,2,2,2,2,2,2,1,4,4,4,7,2,2,2,2,10,9,6,2,2,2,4,2,2,2,2,2,2,2,2,2,2,3,3,3,2,2,2,6,6,6,6,6,6,6,6,8,8,8,8,8,8,8,8","0.000918865203857422","fast_greedy","edit-xhwikibooks.graphml"
"0.47","0","0.53","0.706884169488048","2,2,2,2,1,2,1,2,2,8,1,1,2,2,2,4,8,1,6,1,3,5,2,2,2,2,2,4,2,8,1,6,1,1,6,6,7,2,3,3,3,3,5,5,5,5,3,5,5,5,3,3,3,3,3,5,5,5,5,3,2,3,3,2,2,3,3,3,3,3,5,3,2,2,3,3,3,3,3,3,3,2,4,4,4,2,3,3,3,3,8,1,6,3,3,3,4,3,3,3,3,3,3,3,3,3,3,1,1,1,3,3,3,6,6,6,6,6,6,6,6,7,7,7,7,7,7,7,7","0.000967025756835938","fast_greedy","edit-xhwikibooks.graphml"
"0.46","0.01","0.53","0.706884169488048","2,2,2,2,1,2,1,2,2,8,1,1,2,2,2,4,8,1,6,1,3,5,2,2,2,2,2,4,2,8,1,6,1,1,6,6,7,2,3,3,3,3,5,5,5,5,3,5,5,5,3,3,3,3,3,5,5,5,5,3,2,3,3,2,2,3,3,3,3,3,5,3,2,2,3,3,3,3,3,3,3,2,4,4,4,2,3,3,3,3,8,1,6,3,3,3,4,3,3,3,3,3,3,3,3,3,3,1,1,1,3,3,3,6,6,6,6,6,6,6,6,7,7,7,7,7,7,7,7","0.000961065292358398","fast_greedy","edit-xhwikibooks.graphml"
"0.45","0.02","0.53","0.706884169488048","2,2,2,2,1,2,1,2,2,8,1,1,2,2,2,4,8,1,6,1,3,5,2,2,2,2,2,4,2,8,1,6,1,1,6,6,7,2,3,3,3,3,5,5,5,5,3,5,5,5,3,3,3,3,3,5,5,5,5,3,2,3,3,2,2,3,3,3,3,3,5,3,2,2,3,3,3,3,3,3,3,2,4,4,4,2,3,3,3,3,8,1,6,3,3,3,4,3,3,3,3,3,3,3,3,3,3,1,1,1,3,3,3,6,6,6,6,6,6,6,6,7,7,7,7,7,7,7,7","0.00096893310546875","fast_greedy","edit-xhwikibooks.graphml"
"0.44","0.03","0.53","0.706884169488048","2,2,2,2,1,2,1,2,2,8,1,1,2,2,2,4,8,1,6,1,3,5,2,2,2,2,2,4,2,8,1,6,1,1,6,6,7,2,3,3,3,3,5,5,5,5,3,5,5,5,3,3,3,3,3,5,5,5,5,3,2,3,3,2,2,3,3,3,3,3,5,3,2,2,3,3,3,3,3,3,3,2,4,4,4,2,3,3,3,3,8,1,6,3,3,3,4,3,3,3,3,3,3,3,3,3,3,1,1,1,3,3,3,6,6,6,6,6,6,6,6,7,7,7,7,7,7,7,7","0.000954866409301758","fast_greedy","edit-xhwikibooks.graphml"
"0.43","0.04","0.53","0.706884169488048","2,2,2,2,1,2,1,2,2,8,1,1,2,2,2,4,8,1,6,1,3,5,2,2,2,2,2,4,2,8,1,6,1,1,6,6,7,2,3,3,3,3,5,5,5,5,3,5,5,5,3,3,3,3,3,5,5,5,5,3,2,3,3,2,2,3,3,3,3,3,5,3,2,2,3,3,3,3,3,3,3,2,4,4,4,2,3,3,3,3,8,1,6,3,3,3,4,3,3,3,3,3,3,3,3,3,3,1,1,1,3,3,3,6,6,6,6,6,6,6,6,7,7,7,7,7,7,7,7","0.000962018966674805","fast_greedy","edit-xhwikibooks.graphml"
"0.42","0.05","0.53","0.706884169488048","2,2,2,2,1,2,1,2,2,8,1,1,2,2,2,4,8,1,6,1,3,5,2,2,2,2,2,4,2,8,1,6,1,1,6,6,7,2,3,3,3,3,5,5,5,5,3,5,5,5,3,3,3,3,3,5,5,5,5,3,2,3,3,2,2,3,3,3,3,3,5,3,2,2,3,3,3,3,3,3,3,2,4,4,4,2,3,3,3,3,8,1,6,3,3,3,4,3,3,3,3,3,3,3,3,3,3,1,1,1,3,3,3,6,6,6,6,6,6,6,6,7,7,7,7,7,7,7,7","0.000976085662841797","fast_greedy","edit-xhwikibooks.graphml"
"0.41","0.06","0.53","0.706884169488048","2,2,2,2,1,2,1,2,2,8,1,1,2,2,2,4,8,1,6,1,3,5,2,2,2,2,2,4,2,8,1,6,1,1,6,6,7,2,3,3,3,3,5,5,5,5,3,5,5,5,3,3,3,3,3,5,5,5,5,3,2,3,3,2,2,3,3,3,3,3,5,3,2,2,3,3,3,3,3,3,3,2,4,4,4,2,3,3,3,3,8,1,6,3,3,3,4,3,3,3,3,3,3,3,3,3,3,1,1,1,3,3,3,6,6,6,6,6,6,6,6,7,7,7,7,7,7,7,7","0.000954866409301758","fast_greedy","edit-xhwikibooks.graphml"
"0.4","0.07","0.53","0.706884169488048","2,2,2,2,1,2,1,2,2,8,1,1,2,2,2,4,8,1,6,1,3,5,2,2,2,2,2,4,2,8,1,6,1,1,6,6,7,2,3,3,3,3,5,5,5,5,3,5,5,5,3,3,3,3,3,5,5,5,5,3,2,3,3,2,2,3,3,3,3,3,5,3,2,2,3,3,3,3,3,3,3,2,4,4,4,2,3,3,3,3,8,1,6,3,3,3,4,3,3,3,3,3,3,3,3,3,3,1,1,1,3,3,3,6,6,6,6,6,6,6,6,7,7,7,7,7,7,7,7","0.000993967056274414","fast_greedy","edit-xhwikibooks.graphml"
"0.39","0.08","0.53","0.706884169488048","2,2,2,2,1,2,1,2,2,8,1,1,2,2,2,4,8,1,6,1,3,5,2,2,2,2,2,4,2,8,1,6,1,1,6,6,7,2,3,3,3,3,5,5,5,5,3,5,5,5,3,3,3,3,3,5,5,5,5,3,2,3,3,2,2,3,3,3,3,3,5,3,2,2,3,3,3,3,3,3,3,2,4,4,4,2,3,3,3,3,8,1,6,3,3,3,4,3,3,3,3,3,3,3,3,3,3,1,1,1,3,3,3,6,6,6,6,6,6,6,6,7,7,7,7,7,7,7,7","0.0011742115020752","fast_greedy","edit-xhwikibooks.graphml"
"0.38","0.09","0.53","0.706884169488048","2,2,2,2,1,2,1,2,2,8,1,1,2,2,2,4,8,1,6,1,3,5,2,2,2,2,2,4,2,8,1,6,1,1,6,6,7,2,3,3,3,3,5,5,5,5,3,5,5,5,3,3,3,3,3,5,5,5,5,3,2,3,3,2,2,3,3,3,3,3,5,3,2,2,3,3,3,3,3,3,3,2,4,4,4,2,3,3,3,3,8,1,6,3,3,3,4,3,3,3,3,3,3,3,3,3,3,1,1,1,3,3,3,6,6,6,6,6,6,6,6,7,7,7,7,7,7,7,7","0.000949859619140625","fast_greedy","edit-xhwikibooks.graphml"
"0.37","0.1","0.53","0.706884169488048","2,2,2,2,1,2,1,2,2,8,1,1,2,2,2,4,8,1,6,1,3,5,2,2,2,2,2,4,2,8,1,6,1,1,6,6,7,2,3,3,3,3,5,5,5,5,3,5,5,5,3,3,3,3,3,5,5,5,5,3,2,3,3,2,2,3,3,3,3,3,5,3,2,2,3,3,3,3,3,3,3,2,4,4,4,2,3,3,3,3,8,1,6,3,3,3,4,3,3,3,3,3,3,3,3,3,3,1,1,1,3,3,3,6,6,6,6,6,6,6,6,7,7,7,7,7,7,7,7","0.000974893569946289","fast_greedy","edit-xhwikibooks.graphml"
"0.36","0.11","0.53","0.706884169488048","2,2,2,2,1,2,1,2,2,8,1,1,2,2,2,4,8,1,6,1,3,5,2,2,2,2,2,4,2,8,1,6,1,1,6,6,7,2,3,3,3,3,5,5,5,5,3,5,5,5,3,3,3,3,3,5,5,5,5,3,2,3,3,2,2,3,3,3,3,3,5,3,2,2,3,3,3,3,3,3,3,2,4,4,4,2,3,3,3,3,8,1,6,3,3,3,4,3,3,3,3,3,3,3,3,3,3,1,1,1,3,3,3,6,6,6,6,6,6,6,6,7,7,7,7,7,7,7,7","0.000951051712036133","fast_greedy","edit-xhwikibooks.graphml"
"0.35","0.12","0.53","0.706884169488048","2,2,2,2,1,2,1,2,2,8,1,1,2,2,2,4,8,1,6,1,3,5,2,2,2,2,2,4,2,8,1,6,1,1,6,6,7,2,3,3,3,3,5,5,5,5,3,5,5,5,3,3,3,3,3,5,5,5,5,3,2,3,3,2,2,3,3,3,3,3,5,3,2,2,3,3,3,3,3,3,3,2,4,4,4,2,3,3,3,3,8,1,6,3,3,3,4,3,3,3,3,3,3,3,3,3,3,1,1,1,3,3,3,6,6,6,6,6,6,6,6,7,7,7,7,7,7,7,7","0.000959157943725586","fast_greedy","edit-xhwikibooks.graphml"
"0.34","0.13","0.53","0.706884169488048","2,2,2,2,1,2,1,2,2,8,1,1,2,2,2,4,8,1,6,1,3,5,2,2,2,2,2,4,2,8,1,6,1,1,6,6,7,2,3,3,3,3,5,5,5,5,3,5,5,5,3,3,3,3,3,5,5,5,5,3,2,3,3,2,2,3,3,3,3,3,5,3,2,2,3,3,3,3,3,3,3,2,4,4,4,2,3,3,3,3,8,1,6,3,3,3,4,3,3,3,3,3,3,3,3,3,3,1,1,1,3,3,3,6,6,6,6,6,6,6,6,7,7,7,7,7,7,7,7","0.000969171524047852","fast_greedy","edit-xhwikibooks.graphml"
"0.33","0.14","0.53","0.706884169488048","2,2,2,2,1,2,1,2,2,8,1,1,2,2,2,4,8,1,6,1,3,5,2,2,2,2,2,4,2,8,1,6,1,1,6,6,7,2,3,3,3,3,5,5,5,5,3,5,5,5,3,3,3,3,3,5,5,5,5,3,2,3,3,2,2,3,3,3,3,3,5,3,2,2,3,3,3,3,3,3,3,2,4,4,4,2,3,3,3,3,8,1,6,3,3,3,4,3,3,3,3,3,3,3,3,3,3,1,1,1,3,3,3,6,6,6,6,6,6,6,6,7,7,7,7,7,7,7,7","0.000988006591796875","fast_greedy","edit-xhwikibooks.graphml"
"0.32","0.15","0.53","0.706884169488048","2,2,2,2,1,2,1,2,2,8,1,1,2,2,2,4,8,1,6,1,3,5,2,2,2,2,2,4,2,8,1,6,1,1,6,6,7,2,3,3,3,3,5,5,5,5,3,5,5,5,3,3,3,3,3,5,5,5,5,3,2,3,3,2,2,3,3,3,3,3,5,3,2,2,3,3,3,3,3,3,3,2,4,4,4,2,3,3,3,3,8,1,6,3,3,3,4,3,3,3,3,3,3,3,3,3,3,1,1,1,3,3,3,6,6,6,6,6,6,6,6,7,7,7,7,7,7,7,7","0.00096893310546875","fast_greedy","edit-xhwikibooks.graphml"
"0.31","0.16","0.53","0.706884169488048","2,2,2,2,1,2,1,2,2,8,1,1,2,2,2,4,8,1,6,1,3,5,2,2,2,2,2,4,2,8,1,6,1,1,6,6,7,2,3,3,3,3,5,5,5,5,3,5,5,5,3,3,3,3,3,5,5,5,5,3,2,3,3,2,2,3,3,3,3,3,5,3,2,2,3,3,3,3,3,3,3,2,4,4,4,2,3,3,3,3,8,1,6,3,3,3,4,3,3,3,3,3,3,3,3,3,3,1,1,1,3,3,3,6,6,6,6,6,6,6,6,7,7,7,7,7,7,7,7","0.000982999801635742","fast_greedy","edit-xhwikibooks.graphml"
"0.3","0.17","0.53","0.708355868036777","2,2,2,2,1,2,1,2,2,8,1,1,2,2,2,4,8,1,6,1,3,5,2,2,2,2,2,4,2,8,1,6,1,1,6,6,7,2,3,3,3,3,5,5,5,5,3,5,5,5,3,3,3,3,3,5,5,5,5,3,2,3,3,2,2,3,3,3,3,3,5,3,2,2,3,3,3,3,3,3,3,2,4,4,4,2,3,3,3,3,8,1,6,3,3,3,4,3,3,3,3,3,3,3,3,3,3,1,1,1,3,3,3,6,6,6,6,6,6,6,6,7,7,7,7,7,7,7,7","0.000955104827880859","fast_greedy","edit-xhwikibooks.graphml"
"0.29","0.18","0.53","0.708355868036777","2,2,2,2,1,2,1,2,2,8,1,1,2,2,2,4,8,1,6,1,3,5,2,2,2,2,2,4,2,8,1,6,1,1,6,6,7,2,3,3,3,3,5,5,5,5,3,5,5,5,3,3,3,3,3,5,5,5,5,3,2,3,3,2,2,3,3,3,3,3,5,3,2,2,3,3,3,3,3,3,3,2,4,4,4,2,3,3,3,3,8,1,6,3,3,3,4,3,3,3,3,3,3,3,3,3,3,1,1,1,3,3,3,6,6,6,6,6,6,6,6,7,7,7,7,7,7,7,7","0.00101494789123535","fast_greedy","edit-xhwikibooks.graphml"
"0.28","0.19","0.53","0.708355868036777","2,2,2,2,1,2,1,2,2,8,1,1,2,2,2,4,8,1,6,1,3,5,2,2,2,2,2,4,2,8,1,6,1,1,6,6,7,2,3,3,3,3,5,5,5,5,3,5,5,5,3,3,3,3,3,5,5,5,5,3,2,3,3,2,2,3,3,3,3,3,5,3,2,2,3,3,3,3,3,3,3,2,4,4,4,2,3,3,3,3,8,1,6,3,3,3,4,3,3,3,3,3,3,3,3,3,3,1,1,1,3,3,3,6,6,6,6,6,6,6,6,7,7,7,7,7,7,7,7","0.000986099243164062","fast_greedy","edit-xhwikibooks.graphml"
"0.27","0.2","0.53","0.708355868036777","2,2,2,2,1,2,1,2,2,8,1,1,2,2,2,4,8,1,6,1,3,5,2,2,2,2,2,4,2,8,1,6,1,1,6,6,7,2,3,3,3,3,5,5,5,5,3,5,5,5,3,3,3,3,3,5,5,5,5,3,2,3,3,2,2,3,3,3,3,3,5,3,2,2,3,3,3,3,3,3,3,2,4,4,4,2,3,3,3,3,8,1,6,3,3,3,4,3,3,3,3,3,3,3,3,3,3,1,1,1,3,3,3,6,6,6,6,6,6,6,6,7,7,7,7,7,7,7,7","0.00096893310546875","fast_greedy","edit-xhwikibooks.graphml"
"0.26","0.21","0.53","0.708355868036777","2,2,2,2,1,2,1,2,2,8,1,1,2,2,2,4,8,1,6,1,3,5,2,2,2,2,2,4,2,8,1,6,1,1,6,6,7,2,3,3,3,3,5,5,5,5,3,5,5,5,3,3,3,3,3,5,5,5,5,3,2,3,3,2,2,3,3,3,3,3,5,3,2,2,3,3,3,3,3,3,3,2,4,4,4,2,3,3,3,3,8,1,6,3,3,3,4,3,3,3,3,3,3,3,3,3,3,1,1,1,3,3,3,6,6,6,6,6,6,6,6,7,7,7,7,7,7,7,7","0.000964879989624023","fast_greedy","edit-xhwikibooks.graphml"
"0.25","0.22","0.53","0.708355868036777","2,2,2,2,1,2,1,2,2,8,1,1,2,2,2,4,8,1,6,1,3,5,2,2,2,2,2,4,2,8,1,6,1,1,6,6,7,2,3,3,3,3,5,5,5,5,3,5,5,5,3,3,3,3,3,5,5,5,5,3,2,3,3,2,2,3,3,3,3,3,5,3,2,2,3,3,3,3,3,3,3,2,4,4,4,2,3,3,3,3,8,1,6,3,3,3,4,3,3,3,3,3,3,3,3,3,3,1,1,1,3,3,3,6,6,6,6,6,6,6,6,7,7,7,7,7,7,7,7","0.000980854034423828","fast_greedy","edit-xhwikibooks.graphml"
"0.24","0.23","0.53","0.708355868036777","2,2,2,2,1,2,1,2,2,8,1,1,2,2,2,4,8,1,6,1,3,5,2,2,2,2,2,4,2,8,1,6,1,1,6,6,7,2,3,3,3,3,5,5,5,5,3,5,5,5,3,3,3,3,3,5,5,5,5,3,2,3,3,2,2,3,3,3,3,3,5,3,2,2,3,3,3,3,3,3,3,2,4,4,4,2,3,3,3,3,8,1,6,3,3,3,4,3,3,3,3,3,3,3,3,3,3,1,1,1,3,3,3,6,6,6,6,6,6,6,6,7,7,7,7,7,7,7,7","0.000964879989624023","fast_greedy","edit-xhwikibooks.graphml"
"0.23","0.24","0.53","0.708355868036777","2,2,2,2,1,2,1,2,2,8,1,1,2,2,2,4,8,1,6,1,3,5,2,2,2,2,2,4,2,8,1,6,1,1,6,6,7,2,3,3,3,3,5,5,5,5,3,5,5,5,3,3,3,3,3,5,5,5,5,3,2,3,3,2,2,3,3,3,3,3,5,3,2,2,3,3,3,3,3,3,3,2,4,4,4,2,3,3,3,3,8,1,6,3,3,3,4,3,3,3,3,3,3,3,3,3,3,1,1,1,3,3,3,6,6,6,6,6,6,6,6,7,7,7,7,7,7,7,7","0.00100803375244141","fast_greedy","edit-xhwikibooks.graphml"
"0.22","0.25","0.53","0.708355868036777","2,2,2,2,1,2,1,2,2,8,1,1,2,2,2,4,8,1,6,1,3,5,2,2,2,2,2,4,2,8,1,6,1,1,6,6,7,2,3,3,3,3,5,5,5,5,3,5,5,5,3,3,3,3,3,5,5,5,5,3,2,3,3,2,2,3,3,3,3,3,5,3,2,2,3,3,3,3,3,3,3,2,4,4,4,2,3,3,3,3,8,1,6,3,3,3,4,3,3,3,3,3,3,3,3,3,3,1,1,1,3,3,3,6,6,6,6,6,6,6,6,7,7,7,7,7,7,7,7","0.000977039337158203","fast_greedy","edit-xhwikibooks.graphml"
"0.21","0.26","0.53","0.708355868036777","2,2,2,2,1,2,1,2,2,8,1,1,2,2,2,4,8,1,6,1,3,5,2,2,2,2,2,4,2,8,1,6,1,1,6,6,7,2,3,3,3,3,5,5,5,5,3,5,5,5,3,3,3,3,3,5,5,5,5,3,2,3,3,2,2,3,3,3,3,3,5,3,2,2,3,3,3,3,3,3,3,2,4,4,4,2,3,3,3,3,8,1,6,3,3,3,4,3,3,3,3,3,3,3,3,3,3,1,1,1,3,3,3,6,6,6,6,6,6,6,6,7,7,7,7,7,7,7,7","0.000961065292358398","fast_greedy","edit-xhwikibooks.graphml"
"0.2","0.27","0.53","0.708355868036777","2,2,2,2,1,2,1,2,2,8,1,1,2,2,2,4,8,1,6,1,3,5,2,2,2,2,2,4,2,8,1,6,1,1,6,6,7,2,3,3,3,3,5,5,5,5,3,5,5,5,3,3,3,3,3,5,5,5,5,3,2,3,3,2,2,3,3,3,3,3,5,3,2,2,3,3,3,3,3,3,3,2,4,4,4,2,3,3,3,3,8,1,6,3,3,3,4,3,3,3,3,3,3,3,3,3,3,1,1,1,3,3,3,6,6,6,6,6,6,6,6,7,7,7,7,7,7,7,7","0.000961065292358398","fast_greedy","edit-xhwikibooks.graphml"
"0.19","0.28","0.53","0.708355868036777","2,2,2,2,1,2,1,2,2,8,1,1,2,2,2,4,8,1,6,1,3,5,2,2,2,2,2,4,2,8,1,6,1,1,6,6,7,2,3,3,3,3,5,5,5,5,3,5,5,5,3,3,3,3,3,5,5,5,5,3,2,3,3,2,2,3,3,3,3,3,5,3,2,2,3,3,3,3,3,3,3,2,4,4,4,2,3,3,3,3,8,1,6,3,3,3,4,3,3,3,3,3,3,3,3,3,3,1,1,1,3,3,3,6,6,6,6,6,6,6,6,7,7,7,7,7,7,7,7","0.00107908248901367","fast_greedy","edit-xhwikibooks.graphml"
"0.18","0.29","0.53","0.708355868036777","2,2,2,2,1,2,1,2,2,8,1,1,2,2,2,4,8,1,6,1,3,5,2,2,2,2,2,4,2,8,1,6,1,1,6,6,7,2,3,3,3,3,5,5,5,5,3,5,5,5,3,3,3,3,3,5,5,5,5,3,2,3,3,2,2,3,3,3,3,3,5,3,2,2,3,3,3,3,3,3,3,2,4,4,4,2,3,3,3,3,8,1,6,3,3,3,4,3,3,3,3,3,3,3,3,3,3,1,1,1,3,3,3,6,6,6,6,6,6,6,6,7,7,7,7,7,7,7,7","0.00112795829772949","fast_greedy","edit-xhwikibooks.graphml"
"0.17","0.3","0.53","0.708355868036777","2,2,2,2,1,2,1,2,2,8,1,1,2,2,2,4,8,1,6,1,3,5,2,2,2,2,2,4,2,8,1,6,1,1,6,6,7,2,3,3,3,3,5,5,5,5,3,5,5,5,3,3,3,3,3,5,5,5,5,3,2,3,3,2,2,3,3,3,3,3,5,3,2,2,3,3,3,3,3,3,3,2,4,4,4,2,3,3,3,3,8,1,6,3,3,3,4,3,3,3,3,3,3,3,3,3,3,1,1,1,3,3,3,6,6,6,6,6,6,6,6,7,7,7,7,7,7,7,7","0.00094914436340332","fast_greedy","edit-xhwikibooks.graphml"
"0.16","0.31","0.53","0.708355868036777","2,2,2,2,1,2,1,2,2,8,1,1,2,2,2,4,8,1,6,1,3,5,2,2,2,2,2,4,2,8,1,6,1,1,6,6,7,2,3,3,3,3,5,5,5,5,3,5,5,5,3,3,3,3,3,5,5,5,5,3,2,3,3,2,2,3,3,3,3,3,5,3,2,2,3,3,3,3,3,3,3,2,4,4,4,2,3,3,3,3,8,1,6,3,3,3,4,3,3,3,3,3,3,3,3,3,3,1,1,1,3,3,3,6,6,6,6,6,6,6,6,7,7,7,7,7,7,7,7","0.000973939895629883","fast_greedy","edit-xhwikibooks.graphml"
"0.15","0.32","0.53","0.708355868036777","2,2,2,2,1,2,1,2,2,8,1,1,2,2,2,4,8,1,6,1,3,5,2,2,2,2,2,4,2,8,1,6,1,1,6,6,7,2,3,3,3,3,5,5,5,5,3,5,5,5,3,3,3,3,3,5,5,5,5,3,2,3,3,2,2,3,3,3,3,3,5,3,2,2,3,3,3,3,3,3,3,2,4,4,4,2,3,3,3,3,8,1,6,3,3,3,4,3,3,3,3,3,3,3,3,3,3,1,1,1,3,3,3,6,6,6,6,6,6,6,6,7,7,7,7,7,7,7,7","0.000955820083618164","fast_greedy","edit-xhwikibooks.graphml"
"0.14","0.33","0.53","0.708355868036777","2,2,2,2,1,2,1,2,2,8,1,1,2,2,2,4,8,1,6,1,3,5,2,2,2,2,2,4,2,8,1,6,1,1,6,6,7,2,3,3,3,3,5,5,5,5,3,5,5,5,3,3,3,3,3,5,5,5,5,3,2,3,3,2,2,3,3,3,3,3,5,3,2,2,3,3,3,3,3,3,3,2,4,4,4,2,3,3,3,3,8,1,6,3,3,3,4,3,3,3,3,3,3,3,3,3,3,1,1,1,3,3,3,6,6,6,6,6,6,6,6,7,7,7,7,7,7,7,7","0.000967979431152344","fast_greedy","edit-xhwikibooks.graphml"
"0.13","0.34","0.53","0.707407531157072","2,2,2,2,1,2,1,2,2,8,1,1,2,2,2,4,8,1,6,1,3,5,2,2,2,2,2,4,2,8,1,6,1,1,6,6,7,2,3,3,3,3,5,5,5,5,3,5,5,5,3,3,3,3,3,5,5,5,5,3,2,3,3,2,2,3,3,3,3,3,5,3,2,2,3,3,3,3,3,3,3,2,4,4,4,2,3,3,3,3,8,1,6,3,3,3,4,3,3,3,3,3,3,3,3,3,3,1,1,1,3,3,3,6,6,6,6,6,6,6,6,7,7,7,7,7,7,7,7","0.000997066497802734","fast_greedy","edit-xhwikibooks.graphml"
"0.12","0.35","0.53","0.707407531157072","2,2,2,2,1,2,1,2,2,8,1,1,2,2,2,4,8,1,6,1,3,5,2,2,2,2,2,4,2,8,1,6,1,1,6,6,7,2,3,3,3,3,5,5,5,5,3,5,5,5,3,3,3,3,3,5,5,5,5,3,2,3,3,2,2,3,3,3,3,3,5,3,2,2,3,3,3,3,3,3,3,2,4,4,4,2,3,3,3,3,8,1,6,3,3,3,4,3,3,3,3,3,3,3,3,3,3,1,1,1,3,3,3,6,6,6,6,6,6,6,6,7,7,7,7,7,7,7,7","0.00101280212402344","fast_greedy","edit-xhwikibooks.graphml"
"0.11","0.36","0.53","0.707407531157072","2,2,2,2,1,2,1,2,2,8,1,1,2,2,2,4,8,1,6,1,3,5,2,2,2,2,2,4,2,8,1,6,1,1,6,6,7,2,3,3,3,3,5,5,5,5,3,5,5,5,3,3,3,3,3,5,5,5,5,3,2,3,3,2,2,3,3,3,3,3,5,3,2,2,3,3,3,3,3,3,3,2,4,4,4,2,3,3,3,3,8,1,6,3,3,3,4,3,3,3,3,3,3,3,3,3,3,1,1,1,3,3,3,6,6,6,6,6,6,6,6,7,7,7,7,7,7,7,7","0.000973939895629883","fast_greedy","edit-xhwikibooks.graphml"
"0.1","0.37","0.53","0.707407531157072","2,2,2,2,1,2,1,2,2,8,1,1,2,2,2,4,8,1,6,1,3,5,2,2,2,2,2,4,2,8,1,6,1,1,6,6,7,2,3,3,3,3,5,5,5,5,3,5,5,5,3,3,3,3,3,5,5,5,5,3,2,3,3,2,2,3,3,3,3,3,5,3,2,2,3,3,3,3,3,3,3,2,4,4,4,2,3,3,3,3,8,1,6,3,3,3,4,3,3,3,3,3,3,3,3,3,3,1,1,1,3,3,3,6,6,6,6,6,6,6,6,7,7,7,7,7,7,7,7","0.000975131988525391","fast_greedy","edit-xhwikibooks.graphml"
"0.09","0.38","0.53","0.707407531157072","2,2,2,2,1,2,1,2,2,8,1,1,2,2,2,4,8,1,6,1,3,5,2,2,2,2,2,4,2,8,1,6,1,1,6,6,7,2,3,3,3,3,5,5,5,5,3,5,5,5,3,3,3,3,3,5,5,5,5,3,2,3,3,2,2,3,3,3,3,3,5,3,2,2,3,3,3,3,3,3,3,2,4,4,4,2,3,3,3,3,8,1,6,3,3,3,4,3,3,3,3,3,3,3,3,3,3,1,1,1,3,3,3,6,6,6,6,6,6,6,6,7,7,7,7,7,7,7,7","0.00108790397644043","fast_greedy","edit-xhwikibooks.graphml"
"0.08","0.39","0.53","0.707407531157072","2,2,2,2,1,2,1,2,2,8,1,1,2,2,2,4,8,1,6,1,3,5,2,2,2,2,2,4,2,8,1,6,1,1,6,6,7,2,3,3,3,3,5,5,5,5,3,5,5,5,3,3,3,3,3,5,5,5,5,3,2,3,3,2,2,3,3,3,3,3,5,3,2,2,3,3,3,3,3,3,3,2,4,4,4,2,3,3,3,3,8,1,6,3,3,3,4,3,3,3,3,3,3,3,3,3,3,1,1,1,3,3,3,6,6,6,6,6,6,6,6,7,7,7,7,7,7,7,7","0.000964164733886719","fast_greedy","edit-xhwikibooks.graphml"
"0.07","0.4","0.53","0.707407531157072","2,2,2,2,1,2,1,2,2,8,1,1,2,2,2,4,8,1,6,1,3,5,2,2,2,2,2,4,2,8,1,6,1,1,6,6,7,2,3,3,3,3,5,5,5,5,3,5,5,5,3,3,3,3,3,5,5,5,5,3,2,3,3,2,2,3,3,3,3,3,5,3,2,2,3,3,3,3,3,3,3,2,4,4,4,2,3,3,3,3,8,1,6,3,3,3,4,3,3,3,3,3,3,3,3,3,3,1,1,1,3,3,3,6,6,6,6,6,6,6,6,7,7,7,7,7,7,7,7","0.00118494033813477","fast_greedy","edit-xhwikibooks.graphml"
"0.06","0.41","0.53","0.707407531157072","2,2,2,2,1,2,1,2,2,8,1,1,2,2,2,4,8,1,6,1,3,5,2,2,2,2,2,4,2,8,1,6,1,1,6,6,7,2,3,3,3,3,5,5,5,5,3,5,5,5,3,3,3,3,3,5,5,5,5,3,2,3,3,2,2,3,3,3,3,3,5,3,2,2,3,3,3,3,3,3,3,2,4,4,4,2,3,3,3,3,8,1,6,3,3,3,4,3,3,3,3,3,3,3,3,3,3,1,1,1,3,3,3,6,6,6,6,6,6,6,6,7,7,7,7,7,7,7,7","0.000947952270507812","fast_greedy","edit-xhwikibooks.graphml"
"0.05","0.42","0.53","0.707407531157072","2,2,2,2,1,2,1,2,2,8,1,1,2,2,2,4,8,1,6,1,3,5,2,2,2,2,2,4,2,8,1,6,1,1,6,6,7,2,3,3,3,3,5,5,5,5,3,5,5,5,3,3,3,3,3,5,5,5,5,3,2,3,3,2,2,3,3,3,3,3,5,3,2,2,3,3,3,3,3,3,3,2,4,4,4,2,3,3,3,3,8,1,6,3,3,3,4,3,3,3,3,3,3,3,3,3,3,1,1,1,3,3,3,6,6,6,6,6,6,6,6,7,7,7,7,7,7,7,7","0.000962018966674805","fast_greedy","edit-xhwikibooks.graphml"
"0.04","0.43","0.53","0.707407531157072","2,2,2,2,1,2,1,2,2,8,1,1,2,2,2,4,8,1,6,1,3,5,2,2,2,2,2,4,2,8,1,6,1,1,6,6,7,2,3,3,3,3,5,5,5,5,3,5,5,5,3,3,3,3,3,5,5,5,5,3,2,3,3,2,2,3,3,3,3,3,5,3,2,2,3,3,3,3,3,3,3,2,4,4,4,2,3,3,3,3,8,1,6,3,3,3,4,3,3,3,3,3,3,3,3,3,3,1,1,1,3,3,3,6,6,6,6,6,6,6,6,7,7,7,7,7,7,7,7","0.000988006591796875","fast_greedy","edit-xhwikibooks.graphml"
"0.03","0.44","0.53","0.707407531157072","2,2,2,2,1,2,1,2,2,8,1,1,2,2,2,4,8,1,6,1,3,5,2,2,2,2,2,4,2,8,1,6,1,1,6,6,7,2,3,3,3,3,5,5,5,5,3,5,5,5,3,3,3,3,3,5,5,5,5,3,2,3,3,2,2,3,3,3,3,3,5,3,2,2,3,3,3,3,3,3,3,2,4,4,4,2,3,3,3,3,8,1,6,3,3,3,4,3,3,3,3,3,3,3,3,3,3,1,1,1,3,3,3,6,6,6,6,6,6,6,6,7,7,7,7,7,7,7,7","0.000987052917480469","fast_greedy","edit-xhwikibooks.graphml"
"0.02","0.45","0.53","0.707407531157072","2,2,2,2,1,2,1,2,2,8,1,1,2,2,2,4,8,1,6,1,3,5,2,2,2,2,2,4,2,8,1,6,1,1,6,6,7,2,3,3,3,3,5,5,5,5,3,5,5,5,3,3,3,3,3,5,5,5,5,3,2,3,3,2,2,3,3,3,3,3,5,3,2,2,3,3,3,3,3,3,3,2,4,4,4,2,3,3,3,3,8,1,6,3,3,3,4,3,3,3,3,3,3,3,3,3,3,1,1,1,3,3,3,6,6,6,6,6,6,6,6,7,7,7,7,7,7,7,7","0.000982046127319336","fast_greedy","edit-xhwikibooks.graphml"
"0.01","0.46","0.53","0.707407531157072","2,2,2,2,1,2,1,2,2,8,1,1,2,2,2,4,8,1,6,1,3,5,2,2,2,2,2,4,2,8,1,6,1,1,6,6,7,2,3,3,3,3,5,5,5,5,3,5,5,5,3,3,3,3,3,5,5,5,5,3,2,3,3,2,2,3,3,3,3,3,5,3,2,2,3,3,3,3,3,3,3,2,4,4,4,2,3,3,3,3,8,1,6,3,3,3,4,3,3,3,3,3,3,3,3,3,3,1,1,1,3,3,3,6,6,6,6,6,6,6,6,7,7,7,7,7,7,7,7","0.000969171524047852","fast_greedy","edit-xhwikibooks.graphml"
"0","0.47","0.53","0.682685185185185","7,7,7,7,7,7,7,7,1,10,9,3,7,1,1,4,10,9,6,3,2,5,1,7,1,1,1,4,7,10,9,6,3,3,6,6,8,1,2,2,2,2,5,5,5,5,2,5,5,5,2,2,2,2,2,5,5,5,5,2,1,2,2,7,1,2,2,2,2,2,5,2,1,1,2,2,2,2,2,2,2,1,4,4,4,7,2,2,2,2,10,9,6,2,2,2,4,2,2,2,2,2,2,2,2,2,2,3,3,3,2,2,2,6,6,6,6,6,6,6,6,8,8,8,8,8,8,8,8","0.000960111618041992","fast_greedy","edit-xhwikibooks.graphml"
"0.46","0","0.54","0.706884169488048","2,2,2,2,1,2,1,2,2,8,1,1,2,2,2,4,8,1,6,1,3,5,2,2,2,2,2,4,2,8,1,6,1,1,6,6,7,2,3,3,3,3,5,5,5,5,3,5,5,5,3,3,3,3,3,5,5,5,5,3,2,3,3,2,2,3,3,3,3,3,5,3,2,2,3,3,3,3,3,3,3,2,4,4,4,2,3,3,3,3,8,1,6,3,3,3,4,3,3,3,3,3,3,3,3,3,3,1,1,1,3,3,3,6,6,6,6,6,6,6,6,7,7,7,7,7,7,7,7","0.000957965850830078","fast_greedy","edit-xhwikibooks.graphml"
"0.45","0.01","0.54","0.706884169488048","2,2,2,2,1,2,1,2,2,8,1,1,2,2,2,4,8,1,6,1,3,5,2,2,2,2,2,4,2,8,1,6,1,1,6,6,7,2,3,3,3,3,5,5,5,5,3,5,5,5,3,3,3,3,3,5,5,5,5,3,2,3,3,2,2,3,3,3,3,3,5,3,2,2,3,3,3,3,3,3,3,2,4,4,4,2,3,3,3,3,8,1,6,3,3,3,4,3,3,3,3,3,3,3,3,3,3,1,1,1,3,3,3,6,6,6,6,6,6,6,6,7,7,7,7,7,7,7,7","0.000960111618041992","fast_greedy","edit-xhwikibooks.graphml"
"0.44","0.02","0.54","0.706884169488048","2,2,2,2,1,2,1,2,2,8,1,1,2,2,2,4,8,1,6,1,3,5,2,2,2,2,2,4,2,8,1,6,1,1,6,6,7,2,3,3,3,3,5,5,5,5,3,5,5,5,3,3,3,3,3,5,5,5,5,3,2,3,3,2,2,3,3,3,3,3,5,3,2,2,3,3,3,3,3,3,3,2,4,4,4,2,3,3,3,3,8,1,6,3,3,3,4,3,3,3,3,3,3,3,3,3,3,1,1,1,3,3,3,6,6,6,6,6,6,6,6,7,7,7,7,7,7,7,7","0.00104594230651855","fast_greedy","edit-xhwikibooks.graphml"
"0.43","0.03","0.54","0.706884169488048","2,2,2,2,1,2,1,2,2,8,1,1,2,2,2,4,8,1,6,1,3,5,2,2,2,2,2,4,2,8,1,6,1,1,6,6,7,2,3,3,3,3,5,5,5,5,3,5,5,5,3,3,3,3,3,5,5,5,5,3,2,3,3,2,2,3,3,3,3,3,5,3,2,2,3,3,3,3,3,3,3,2,4,4,4,2,3,3,3,3,8,1,6,3,3,3,4,3,3,3,3,3,3,3,3,3,3,1,1,1,3,3,3,6,6,6,6,6,6,6,6,7,7,7,7,7,7,7,7","0.000952005386352539","fast_greedy","edit-xhwikibooks.graphml"
"0.42","0.04","0.54","0.706884169488048","2,2,2,2,1,2,1,2,2,8,1,1,2,2,2,4,8,1,6,1,3,5,2,2,2,2,2,4,2,8,1,6,1,1,6,6,7,2,3,3,3,3,5,5,5,5,3,5,5,5,3,3,3,3,3,5,5,5,5,3,2,3,3,2,2,3,3,3,3,3,5,3,2,2,3,3,3,3,3,3,3,2,4,4,4,2,3,3,3,3,8,1,6,3,3,3,4,3,3,3,3,3,3,3,3,3,3,1,1,1,3,3,3,6,6,6,6,6,6,6,6,7,7,7,7,7,7,7,7","0.000946998596191406","fast_greedy","edit-xhwikibooks.graphml"
"0.41","0.05","0.54","0.706884169488048","2,2,2,2,1,2,1,2,2,8,1,1,2,2,2,4,8,1,6,1,3,5,2,2,2,2,2,4,2,8,1,6,1,1,6,6,7,2,3,3,3,3,5,5,5,5,3,5,5,5,3,3,3,3,3,5,5,5,5,3,2,3,3,2,2,3,3,3,3,3,5,3,2,2,3,3,3,3,3,3,3,2,4,4,4,2,3,3,3,3,8,1,6,3,3,3,4,3,3,3,3,3,3,3,3,3,3,1,1,1,3,3,3,6,6,6,6,6,6,6,6,7,7,7,7,7,7,7,7","0.00096583366394043","fast_greedy","edit-xhwikibooks.graphml"
"0.4","0.06","0.54","0.706884169488048","2,2,2,2,1,2,1,2,2,8,1,1,2,2,2,4,8,1,6,1,3,5,2,2,2,2,2,4,2,8,1,6,1,1,6,6,7,2,3,3,3,3,5,5,5,5,3,5,5,5,3,3,3,3,3,5,5,5,5,3,2,3,3,2,2,3,3,3,3,3,5,3,2,2,3,3,3,3,3,3,3,2,4,4,4,2,3,3,3,3,8,1,6,3,3,3,4,3,3,3,3,3,3,3,3,3,3,1,1,1,3,3,3,6,6,6,6,6,6,6,6,7,7,7,7,7,7,7,7","0.000988006591796875","fast_greedy","edit-xhwikibooks.graphml"
"0.39","0.07","0.54","0.706884169488048","2,2,2,2,1,2,1,2,2,8,1,1,2,2,2,4,8,1,6,1,3,5,2,2,2,2,2,4,2,8,1,6,1,1,6,6,7,2,3,3,3,3,5,5,5,5,3,5,5,5,3,3,3,3,3,5,5,5,5,3,2,3,3,2,2,3,3,3,3,3,5,3,2,2,3,3,3,3,3,3,3,2,4,4,4,2,3,3,3,3,8,1,6,3,3,3,4,3,3,3,3,3,3,3,3,3,3,1,1,1,3,3,3,6,6,6,6,6,6,6,6,7,7,7,7,7,7,7,7","0.00102090835571289","fast_greedy","edit-xhwikibooks.graphml"
"0.38","0.08","0.54","0.706884169488048","2,2,2,2,1,2,1,2,2,8,1,1,2,2,2,4,8,1,6,1,3,5,2,2,2,2,2,4,2,8,1,6,1,1,6,6,7,2,3,3,3,3,5,5,5,5,3,5,5,5,3,3,3,3,3,5,5,5,5,3,2,3,3,2,2,3,3,3,3,3,5,3,2,2,3,3,3,3,3,3,3,2,4,4,4,2,3,3,3,3,8,1,6,3,3,3,4,3,3,3,3,3,3,3,3,3,3,1,1,1,3,3,3,6,6,6,6,6,6,6,6,7,7,7,7,7,7,7,7","0.000977993011474609","fast_greedy","edit-xhwikibooks.graphml"
"0.37","0.09","0.54","0.706884169488048","2,2,2,2,1,2,1,2,2,8,1,1,2,2,2,4,8,1,6,1,3,5,2,2,2,2,2,4,2,8,1,6,1,1,6,6,7,2,3,3,3,3,5,5,5,5,3,5,5,5,3,3,3,3,3,5,5,5,5,3,2,3,3,2,2,3,3,3,3,3,5,3,2,2,3,3,3,3,3,3,3,2,4,4,4,2,3,3,3,3,8,1,6,3,3,3,4,3,3,3,3,3,3,3,3,3,3,1,1,1,3,3,3,6,6,6,6,6,6,6,6,7,7,7,7,7,7,7,7","0.000982999801635742","fast_greedy","edit-xhwikibooks.graphml"
"0.36","0.1","0.54","0.706884169488048","2,2,2,2,1,2,1,2,2,8,1,1,2,2,2,4,8,1,6,1,3,5,2,2,2,2,2,4,2,8,1,6,1,1,6,6,7,2,3,3,3,3,5,5,5,5,3,5,5,5,3,3,3,3,3,5,5,5,5,3,2,3,3,2,2,3,3,3,3,3,5,3,2,2,3,3,3,3,3,3,3,2,4,4,4,2,3,3,3,3,8,1,6,3,3,3,4,3,3,3,3,3,3,3,3,3,3,1,1,1,3,3,3,6,6,6,6,6,6,6,6,7,7,7,7,7,7,7,7","0.000960826873779297","fast_greedy","edit-xhwikibooks.graphml"
"0.35","0.11","0.54","0.706884169488048","2,2,2,2,1,2,1,2,2,8,1,1,2,2,2,4,8,1,6,1,3,5,2,2,2,2,2,4,2,8,1,6,1,1,6,6,7,2,3,3,3,3,5,5,5,5,3,5,5,5,3,3,3,3,3,5,5,5,5,3,2,3,3,2,2,3,3,3,3,3,5,3,2,2,3,3,3,3,3,3,3,2,4,4,4,2,3,3,3,3,8,1,6,3,3,3,4,3,3,3,3,3,3,3,3,3,3,1,1,1,3,3,3,6,6,6,6,6,6,6,6,7,7,7,7,7,7,7,7","0.000969171524047852","fast_greedy","edit-xhwikibooks.graphml"
"0.34","0.12","0.54","0.706884169488048","2,2,2,2,1,2,1,2,2,8,1,1,2,2,2,4,8,1,6,1,3,5,2,2,2,2,2,4,2,8,1,6,1,1,6,6,7,2,3,3,3,3,5,5,5,5,3,5,5,5,3,3,3,3,3,5,5,5,5,3,2,3,3,2,2,3,3,3,3,3,5,3,2,2,3,3,3,3,3,3,3,2,4,4,4,2,3,3,3,3,8,1,6,3,3,3,4,3,3,3,3,3,3,3,3,3,3,1,1,1,3,3,3,6,6,6,6,6,6,6,6,7,7,7,7,7,7,7,7","0.000978946685791016","fast_greedy","edit-xhwikibooks.graphml"
"0.33","0.13","0.54","0.706884169488048","2,2,2,2,1,2,1,2,2,8,1,1,2,2,2,4,8,1,6,1,3,5,2,2,2,2,2,4,2,8,1,6,1,1,6,6,7,2,3,3,3,3,5,5,5,5,3,5,5,5,3,3,3,3,3,5,5,5,5,3,2,3,3,2,2,3,3,3,3,3,5,3,2,2,3,3,3,3,3,3,3,2,4,4,4,2,3,3,3,3,8,1,6,3,3,3,4,3,3,3,3,3,3,3,3,3,3,1,1,1,3,3,3,6,6,6,6,6,6,6,6,7,7,7,7,7,7,7,7","0.00117301940917969","fast_greedy","edit-xhwikibooks.graphml"
"0.32","0.14","0.54","0.706884169488048","2,2,2,2,1,2,1,2,2,8,1,1,2,2,2,4,8,1,6,1,3,5,2,2,2,2,2,4,2,8,1,6,1,1,6,6,7,2,3,3,3,3,5,5,5,5,3,5,5,5,3,3,3,3,3,5,5,5,5,3,2,3,3,2,2,3,3,3,3,3,5,3,2,2,3,3,3,3,3,3,3,2,4,4,4,2,3,3,3,3,8,1,6,3,3,3,4,3,3,3,3,3,3,3,3,3,3,1,1,1,3,3,3,6,6,6,6,6,6,6,6,7,7,7,7,7,7,7,7","0.000971078872680664","fast_greedy","edit-xhwikibooks.graphml"
"0.31","0.15","0.54","0.706884169488048","2,2,2,2,1,2,1,2,2,8,1,1,2,2,2,4,8,1,6,1,3,5,2,2,2,2,2,4,2,8,1,6,1,1,6,6,7,2,3,3,3,3,5,5,5,5,3,5,5,5,3,3,3,3,3,5,5,5,5,3,2,3,3,2,2,3,3,3,3,3,5,3,2,2,3,3,3,3,3,3,3,2,4,4,4,2,3,3,3,3,8,1,6,3,3,3,4,3,3,3,3,3,3,3,3,3,3,1,1,1,3,3,3,6,6,6,6,6,6,6,6,7,7,7,7,7,7,7,7","0.00097203254699707","fast_greedy","edit-xhwikibooks.graphml"
"0.3","0.16","0.54","0.706884169488048","2,2,2,2,1,2,1,2,2,8,1,1,2,2,2,4,8,1,6,1,3,5,2,2,2,2,2,4,2,8,1,6,1,1,6,6,7,2,3,3,3,3,5,5,5,5,3,5,5,5,3,3,3,3,3,5,5,5,5,3,2,3,3,2,2,3,3,3,3,3,5,3,2,2,3,3,3,3,3,3,3,2,4,4,4,2,3,3,3,3,8,1,6,3,3,3,4,3,3,3,3,3,3,3,3,3,3,1,1,1,3,3,3,6,6,6,6,6,6,6,6,7,7,7,7,7,7,7,7","0.000984907150268555","fast_greedy","edit-xhwikibooks.graphml"
"0.29","0.17","0.54","0.708355868036777","2,2,2,2,1,2,1,2,2,8,1,1,2,2,2,4,8,1,6,1,3,5,2,2,2,2,2,4,2,8,1,6,1,1,6,6,7,2,3,3,3,3,5,5,5,5,3,5,5,5,3,3,3,3,3,5,5,5,5,3,2,3,3,2,2,3,3,3,3,3,5,3,2,2,3,3,3,3,3,3,3,2,4,4,4,2,3,3,3,3,8,1,6,3,3,3,4,3,3,3,3,3,3,3,3,3,3,1,1,1,3,3,3,6,6,6,6,6,6,6,6,7,7,7,7,7,7,7,7","0.000987052917480469","fast_greedy","edit-xhwikibooks.graphml"
"0.28","0.18","0.54","0.708355868036777","2,2,2,2,1,2,1,2,2,8,1,1,2,2,2,4,8,1,6,1,3,5,2,2,2,2,2,4,2,8,1,6,1,1,6,6,7,2,3,3,3,3,5,5,5,5,3,5,5,5,3,3,3,3,3,5,5,5,5,3,2,3,3,2,2,3,3,3,3,3,5,3,2,2,3,3,3,3,3,3,3,2,4,4,4,2,3,3,3,3,8,1,6,3,3,3,4,3,3,3,3,3,3,3,3,3,3,1,1,1,3,3,3,6,6,6,6,6,6,6,6,7,7,7,7,7,7,7,7","0.000979900360107422","fast_greedy","edit-xhwikibooks.graphml"
"0.27","0.19","0.54","0.708355868036777","2,2,2,2,1,2,1,2,2,8,1,1,2,2,2,4,8,1,6,1,3,5,2,2,2,2,2,4,2,8,1,6,1,1,6,6,7,2,3,3,3,3,5,5,5,5,3,5,5,5,3,3,3,3,3,5,5,5,5,3,2,3,3,2,2,3,3,3,3,3,5,3,2,2,3,3,3,3,3,3,3,2,4,4,4,2,3,3,3,3,8,1,6,3,3,3,4,3,3,3,3,3,3,3,3,3,3,1,1,1,3,3,3,6,6,6,6,6,6,6,6,7,7,7,7,7,7,7,7","0.000982999801635742","fast_greedy","edit-xhwikibooks.graphml"
"0.26","0.2","0.54","0.708355868036777","2,2,2,2,1,2,1,2,2,8,1,1,2,2,2,4,8,1,6,1,3,5,2,2,2,2,2,4,2,8,1,6,1,1,6,6,7,2,3,3,3,3,5,5,5,5,3,5,5,5,3,3,3,3,3,5,5,5,5,3,2,3,3,2,2,3,3,3,3,3,5,3,2,2,3,3,3,3,3,3,3,2,4,4,4,2,3,3,3,3,8,1,6,3,3,3,4,3,3,3,3,3,3,3,3,3,3,1,1,1,3,3,3,6,6,6,6,6,6,6,6,7,7,7,7,7,7,7,7","0.000955104827880859","fast_greedy","edit-xhwikibooks.graphml"
"0.25","0.21","0.54","0.708355868036777","2,2,2,2,1,2,1,2,2,8,1,1,2,2,2,4,8,1,6,1,3,5,2,2,2,2,2,4,2,8,1,6,1,1,6,6,7,2,3,3,3,3,5,5,5,5,3,5,5,5,3,3,3,3,3,5,5,5,5,3,2,3,3,2,2,3,3,3,3,3,5,3,2,2,3,3,3,3,3,3,3,2,4,4,4,2,3,3,3,3,8,1,6,3,3,3,4,3,3,3,3,3,3,3,3,3,3,1,1,1,3,3,3,6,6,6,6,6,6,6,6,7,7,7,7,7,7,7,7","0.000998020172119141","fast_greedy","edit-xhwikibooks.graphml"
"0.24","0.22","0.54","0.708355868036777","2,2,2,2,1,2,1,2,2,8,1,1,2,2,2,4,8,1,6,1,3,5,2,2,2,2,2,4,2,8,1,6,1,1,6,6,7,2,3,3,3,3,5,5,5,5,3,5,5,5,3,3,3,3,3,5,5,5,5,3,2,3,3,2,2,3,3,3,3,3,5,3,2,2,3,3,3,3,3,3,3,2,4,4,4,2,3,3,3,3,8,1,6,3,3,3,4,3,3,3,3,3,3,3,3,3,3,1,1,1,3,3,3,6,6,6,6,6,6,6,6,7,7,7,7,7,7,7,7","0.000961065292358398","fast_greedy","edit-xhwikibooks.graphml"
"0.23","0.23","0.54","0.708355868036777","2,2,2,2,1,2,1,2,2,8,1,1,2,2,2,4,8,1,6,1,3,5,2,2,2,2,2,4,2,8,1,6,1,1,6,6,7,2,3,3,3,3,5,5,5,5,3,5,5,5,3,3,3,3,3,5,5,5,5,3,2,3,3,2,2,3,3,3,3,3,5,3,2,2,3,3,3,3,3,3,3,2,4,4,4,2,3,3,3,3,8,1,6,3,3,3,4,3,3,3,3,3,3,3,3,3,3,1,1,1,3,3,3,6,6,6,6,6,6,6,6,7,7,7,7,7,7,7,7","0.00108718872070312","fast_greedy","edit-xhwikibooks.graphml"
"0.22","0.24","0.54","0.708355868036777","2,2,2,2,1,2,1,2,2,8,1,1,2,2,2,4,8,1,6,1,3,5,2,2,2,2,2,4,2,8,1,6,1,1,6,6,7,2,3,3,3,3,5,5,5,5,3,5,5,5,3,3,3,3,3,5,5,5,5,3,2,3,3,2,2,3,3,3,3,3,5,3,2,2,3,3,3,3,3,3,3,2,4,4,4,2,3,3,3,3,8,1,6,3,3,3,4,3,3,3,3,3,3,3,3,3,3,1,1,1,3,3,3,6,6,6,6,6,6,6,6,7,7,7,7,7,7,7,7","0.000951051712036133","fast_greedy","edit-xhwikibooks.graphml"
"0.21","0.25","0.54","0.708355868036777","2,2,2,2,1,2,1,2,2,8,1,1,2,2,2,4,8,1,6,1,3,5,2,2,2,2,2,4,2,8,1,6,1,1,6,6,7,2,3,3,3,3,5,5,5,5,3,5,5,5,3,3,3,3,3,5,5,5,5,3,2,3,3,2,2,3,3,3,3,3,5,3,2,2,3,3,3,3,3,3,3,2,4,4,4,2,3,3,3,3,8,1,6,3,3,3,4,3,3,3,3,3,3,3,3,3,3,1,1,1,3,3,3,6,6,6,6,6,6,6,6,7,7,7,7,7,7,7,7","0.000956058502197266","fast_greedy","edit-xhwikibooks.graphml"
"0.2","0.26","0.54","0.708355868036777","2,2,2,2,1,2,1,2,2,8,1,1,2,2,2,4,8,1,6,1,3,5,2,2,2,2,2,4,2,8,1,6,1,1,6,6,7,2,3,3,3,3,5,5,5,5,3,5,5,5,3,3,3,3,3,5,5,5,5,3,2,3,3,2,2,3,3,3,3,3,5,3,2,2,3,3,3,3,3,3,3,2,4,4,4,2,3,3,3,3,8,1,6,3,3,3,4,3,3,3,3,3,3,3,3,3,3,1,1,1,3,3,3,6,6,6,6,6,6,6,6,7,7,7,7,7,7,7,7","0.00097203254699707","fast_greedy","edit-xhwikibooks.graphml"
"0.19","0.27","0.54","0.708355868036777","2,2,2,2,1,2,1,2,2,8,1,1,2,2,2,4,8,1,6,1,3,5,2,2,2,2,2,4,2,8,1,6,1,1,6,6,7,2,3,3,3,3,5,5,5,5,3,5,5,5,3,3,3,3,3,5,5,5,5,3,2,3,3,2,2,3,3,3,3,3,5,3,2,2,3,3,3,3,3,3,3,2,4,4,4,2,3,3,3,3,8,1,6,3,3,3,4,3,3,3,3,3,3,3,3,3,3,1,1,1,3,3,3,6,6,6,6,6,6,6,6,7,7,7,7,7,7,7,7","0.000979900360107422","fast_greedy","edit-xhwikibooks.graphml"
"0.18","0.28","0.54","0.708355868036777","2,2,2,2,1,2,1,2,2,8,1,1,2,2,2,4,8,1,6,1,3,5,2,2,2,2,2,4,2,8,1,6,1,1,6,6,7,2,3,3,3,3,5,5,5,5,3,5,5,5,3,3,3,3,3,5,5,5,5,3,2,3,3,2,2,3,3,3,3,3,5,3,2,2,3,3,3,3,3,3,3,2,4,4,4,2,3,3,3,3,8,1,6,3,3,3,4,3,3,3,3,3,3,3,3,3,3,1,1,1,3,3,3,6,6,6,6,6,6,6,6,7,7,7,7,7,7,7,7","0.000986814498901367","fast_greedy","edit-xhwikibooks.graphml"
"0.17","0.29","0.54","0.708355868036777","2,2,2,2,1,2,1,2,2,8,1,1,2,2,2,4,8,1,6,1,3,5,2,2,2,2,2,4,2,8,1,6,1,1,6,6,7,2,3,3,3,3,5,5,5,5,3,5,5,5,3,3,3,3,3,5,5,5,5,3,2,3,3,2,2,3,3,3,3,3,5,3,2,2,3,3,3,3,3,3,3,2,4,4,4,2,3,3,3,3,8,1,6,3,3,3,4,3,3,3,3,3,3,3,3,3,3,1,1,1,3,3,3,6,6,6,6,6,6,6,6,7,7,7,7,7,7,7,7","0.000977039337158203","fast_greedy","edit-xhwikibooks.graphml"
"0.16","0.3","0.54","0.708355868036777","2,2,2,2,1,2,1,2,2,8,1,1,2,2,2,4,8,1,6,1,3,5,2,2,2,2,2,4,2,8,1,6,1,1,6,6,7,2,3,3,3,3,5,5,5,5,3,5,5,5,3,3,3,3,3,5,5,5,5,3,2,3,3,2,2,3,3,3,3,3,5,3,2,2,3,3,3,3,3,3,3,2,4,4,4,2,3,3,3,3,8,1,6,3,3,3,4,3,3,3,3,3,3,3,3,3,3,1,1,1,3,3,3,6,6,6,6,6,6,6,6,7,7,7,7,7,7,7,7","0.000964879989624023","fast_greedy","edit-xhwikibooks.graphml"
"0.15","0.31","0.54","0.708355868036777","2,2,2,2,1,2,1,2,2,8,1,1,2,2,2,4,8,1,6,1,3,5,2,2,2,2,2,4,2,8,1,6,1,1,6,6,7,2,3,3,3,3,5,5,5,5,3,5,5,5,3,3,3,3,3,5,5,5,5,3,2,3,3,2,2,3,3,3,3,3,5,3,2,2,3,3,3,3,3,3,3,2,4,4,4,2,3,3,3,3,8,1,6,3,3,3,4,3,3,3,3,3,3,3,3,3,3,1,1,1,3,3,3,6,6,6,6,6,6,6,6,7,7,7,7,7,7,7,7","0.000974893569946289","fast_greedy","edit-xhwikibooks.graphml"
"0.14","0.32","0.54","0.708355868036777","2,2,2,2,1,2,1,2,2,8,1,1,2,2,2,4,8,1,6,1,3,5,2,2,2,2,2,4,2,8,1,6,1,1,6,6,7,2,3,3,3,3,5,5,5,5,3,5,5,5,3,3,3,3,3,5,5,5,5,3,2,3,3,2,2,3,3,3,3,3,5,3,2,2,3,3,3,3,3,3,3,2,4,4,4,2,3,3,3,3,8,1,6,3,3,3,4,3,3,3,3,3,3,3,3,3,3,1,1,1,3,3,3,6,6,6,6,6,6,6,6,7,7,7,7,7,7,7,7","0.000977993011474609","fast_greedy","edit-xhwikibooks.graphml"
"0.13","0.33","0.54","0.708355868036777","2,2,2,2,1,2,1,2,2,8,1,1,2,2,2,4,8,1,6,1,3,5,2,2,2,2,2,4,2,8,1,6,1,1,6,6,7,2,3,3,3,3,5,5,5,5,3,5,5,5,3,3,3,3,3,5,5,5,5,3,2,3,3,2,2,3,3,3,3,3,5,3,2,2,3,3,3,3,3,3,3,2,4,4,4,2,3,3,3,3,8,1,6,3,3,3,4,3,3,3,3,3,3,3,3,3,3,1,1,1,3,3,3,6,6,6,6,6,6,6,6,7,7,7,7,7,7,7,7","0.000972986221313477","fast_greedy","edit-xhwikibooks.graphml"
"0.12","0.34","0.54","0.707407531157072","2,2,2,2,1,2,1,2,2,8,1,1,2,2,2,4,8,1,6,1,3,5,2,2,2,2,2,4,2,8,1,6,1,1,6,6,7,2,3,3,3,3,5,5,5,5,3,5,5,5,3,3,3,3,3,5,5,5,5,3,2,3,3,2,2,3,3,3,3,3,5,3,2,2,3,3,3,3,3,3,3,2,4,4,4,2,3,3,3,3,8,1,6,3,3,3,4,3,3,3,3,3,3,3,3,3,3,1,1,1,3,3,3,6,6,6,6,6,6,6,6,7,7,7,7,7,7,7,7","0.00113987922668457","fast_greedy","edit-xhwikibooks.graphml"
"0.11","0.35","0.54","0.707407531157072","2,2,2,2,1,2,1,2,2,8,1,1,2,2,2,4,8,1,6,1,3,5,2,2,2,2,2,4,2,8,1,6,1,1,6,6,7,2,3,3,3,3,5,5,5,5,3,5,5,5,3,3,3,3,3,5,5,5,5,3,2,3,3,2,2,3,3,3,3,3,5,3,2,2,3,3,3,3,3,3,3,2,4,4,4,2,3,3,3,3,8,1,6,3,3,3,4,3,3,3,3,3,3,3,3,3,3,1,1,1,3,3,3,6,6,6,6,6,6,6,6,7,7,7,7,7,7,7,7","0.00097203254699707","fast_greedy","edit-xhwikibooks.graphml"
"0.1","0.36","0.54","0.707407531157072","2,2,2,2,1,2,1,2,2,8,1,1,2,2,2,4,8,1,6,1,3,5,2,2,2,2,2,4,2,8,1,6,1,1,6,6,7,2,3,3,3,3,5,5,5,5,3,5,5,5,3,3,3,3,3,5,5,5,5,3,2,3,3,2,2,3,3,3,3,3,5,3,2,2,3,3,3,3,3,3,3,2,4,4,4,2,3,3,3,3,8,1,6,3,3,3,4,3,3,3,3,3,3,3,3,3,3,1,1,1,3,3,3,6,6,6,6,6,6,6,6,7,7,7,7,7,7,7,7","0.000986099243164062","fast_greedy","edit-xhwikibooks.graphml"
"0.09","0.37","0.54","0.707407531157072","2,2,2,2,1,2,1,2,2,8,1,1,2,2,2,4,8,1,6,1,3,5,2,2,2,2,2,4,2,8,1,6,1,1,6,6,7,2,3,3,3,3,5,5,5,5,3,5,5,5,3,3,3,3,3,5,5,5,5,3,2,3,3,2,2,3,3,3,3,3,5,3,2,2,3,3,3,3,3,3,3,2,4,4,4,2,3,3,3,3,8,1,6,3,3,3,4,3,3,3,3,3,3,3,3,3,3,1,1,1,3,3,3,6,6,6,6,6,6,6,6,7,7,7,7,7,7,7,7","0.000974893569946289","fast_greedy","edit-xhwikibooks.graphml"
"0.08","0.38","0.54","0.707407531157072","2,2,2,2,1,2,1,2,2,8,1,1,2,2,2,4,8,1,6,1,3,5,2,2,2,2,2,4,2,8,1,6,1,1,6,6,7,2,3,3,3,3,5,5,5,5,3,5,5,5,3,3,3,3,3,5,5,5,5,3,2,3,3,2,2,3,3,3,3,3,5,3,2,2,3,3,3,3,3,3,3,2,4,4,4,2,3,3,3,3,8,1,6,3,3,3,4,3,3,3,3,3,3,3,3,3,3,1,1,1,3,3,3,6,6,6,6,6,6,6,6,7,7,7,7,7,7,7,7","0.00097203254699707","fast_greedy","edit-xhwikibooks.graphml"
"0.07","0.39","0.54","0.707407531157072","2,2,2,2,1,2,1,2,2,8,1,1,2,2,2,4,8,1,6,1,3,5,2,2,2,2,2,4,2,8,1,6,1,1,6,6,7,2,3,3,3,3,5,5,5,5,3,5,5,5,3,3,3,3,3,5,5,5,5,3,2,3,3,2,2,3,3,3,3,3,5,3,2,2,3,3,3,3,3,3,3,2,4,4,4,2,3,3,3,3,8,1,6,3,3,3,4,3,3,3,3,3,3,3,3,3,3,1,1,1,3,3,3,6,6,6,6,6,6,6,6,7,7,7,7,7,7,7,7","0.00111198425292969","fast_greedy","edit-xhwikibooks.graphml"
"0.06","0.4","0.54","0.707407531157072","2,2,2,2,1,2,1,2,2,8,1,1,2,2,2,4,8,1,6,1,3,5,2,2,2,2,2,4,2,8,1,6,1,1,6,6,7,2,3,3,3,3,5,5,5,5,3,5,5,5,3,3,3,3,3,5,5,5,5,3,2,3,3,2,2,3,3,3,3,3,5,3,2,2,3,3,3,3,3,3,3,2,4,4,4,2,3,3,3,3,8,1,6,3,3,3,4,3,3,3,3,3,3,3,3,3,3,1,1,1,3,3,3,6,6,6,6,6,6,6,6,7,7,7,7,7,7,7,7","0.00100207328796387","fast_greedy","edit-xhwikibooks.graphml"
"0.05","0.41","0.54","0.707407531157072","2,2,2,2,1,2,1,2,2,8,1,1,2,2,2,4,8,1,6,1,3,5,2,2,2,2,2,4,2,8,1,6,1,1,6,6,7,2,3,3,3,3,5,5,5,5,3,5,5,5,3,3,3,3,3,5,5,5,5,3,2,3,3,2,2,3,3,3,3,3,5,3,2,2,3,3,3,3,3,3,3,2,4,4,4,2,3,3,3,3,8,1,6,3,3,3,4,3,3,3,3,3,3,3,3,3,3,1,1,1,3,3,3,6,6,6,6,6,6,6,6,7,7,7,7,7,7,7,7","0.000986099243164062","fast_greedy","edit-xhwikibooks.graphml"
"0.04","0.42","0.54","0.707407531157072","2,2,2,2,1,2,1,2,2,8,1,1,2,2,2,4,8,1,6,1,3,5,2,2,2,2,2,4,2,8,1,6,1,1,6,6,7,2,3,3,3,3,5,5,5,5,3,5,5,5,3,3,3,3,3,5,5,5,5,3,2,3,3,2,2,3,3,3,3,3,5,3,2,2,3,3,3,3,3,3,3,2,4,4,4,2,3,3,3,3,8,1,6,3,3,3,4,3,3,3,3,3,3,3,3,3,3,1,1,1,3,3,3,6,6,6,6,6,6,6,6,7,7,7,7,7,7,7,7","0.000982999801635742","fast_greedy","edit-xhwikibooks.graphml"
"0.03","0.43","0.54","0.707407531157072","2,2,2,2,1,2,1,2,2,8,1,1,2,2,2,4,8,1,6,1,3,5,2,2,2,2,2,4,2,8,1,6,1,1,6,6,7,2,3,3,3,3,5,5,5,5,3,5,5,5,3,3,3,3,3,5,5,5,5,3,2,3,3,2,2,3,3,3,3,3,5,3,2,2,3,3,3,3,3,3,3,2,4,4,4,2,3,3,3,3,8,1,6,3,3,3,4,3,3,3,3,3,3,3,3,3,3,1,1,1,3,3,3,6,6,6,6,6,6,6,6,7,7,7,7,7,7,7,7","0.000974893569946289","fast_greedy","edit-xhwikibooks.graphml"
"0.02","0.44","0.54","0.707407531157072","2,2,2,2,1,2,1,2,2,8,1,1,2,2,2,4,8,1,6,1,3,5,2,2,2,2,2,4,2,8,1,6,1,1,6,6,7,2,3,3,3,3,5,5,5,5,3,5,5,5,3,3,3,3,3,5,5,5,5,3,2,3,3,2,2,3,3,3,3,3,5,3,2,2,3,3,3,3,3,3,3,2,4,4,4,2,3,3,3,3,8,1,6,3,3,3,4,3,3,3,3,3,3,3,3,3,3,1,1,1,3,3,3,6,6,6,6,6,6,6,6,7,7,7,7,7,7,7,7","0.00119304656982422","fast_greedy","edit-xhwikibooks.graphml"
"0.01","0.45","0.54","0.707407531157072","2,2,2,2,1,2,1,2,2,8,1,1,2,2,2,4,8,1,6,1,3,5,2,2,2,2,2,4,2,8,1,6,1,1,6,6,7,2,3,3,3,3,5,5,5,5,3,5,5,5,3,3,3,3,3,5,5,5,5,3,2,3,3,2,2,3,3,3,3,3,5,3,2,2,3,3,3,3,3,3,3,2,4,4,4,2,3,3,3,3,8,1,6,3,3,3,4,3,3,3,3,3,3,3,3,3,3,1,1,1,3,3,3,6,6,6,6,6,6,6,6,7,7,7,7,7,7,7,7","0.000983953475952148","fast_greedy","edit-xhwikibooks.graphml"
"0","0.46","0.54","0.682685185185185","7,7,7,7,7,7,7,7,1,10,9,3,7,1,1,4,10,9,6,3,2,5,1,7,1,1,1,4,7,10,9,6,3,3,6,6,8,1,2,2,2,2,5,5,5,5,2,5,5,5,2,2,2,2,2,5,5,5,5,2,1,2,2,7,1,2,2,2,2,2,5,2,1,1,2,2,2,2,2,2,2,1,4,4,4,7,2,2,2,2,10,9,6,2,2,2,4,2,2,2,2,2,2,2,2,2,2,3,3,3,2,2,2,6,6,6,6,6,6,6,6,8,8,8,8,8,8,8,8","0.000977039337158203","fast_greedy","edit-xhwikibooks.graphml"
"0.45","0","0.55","0.706884169488048","2,2,2,2,1,2,1,2,2,8,1,1,2,2,2,4,8,1,6,1,3,5,2,2,2,2,2,4,2,8,1,6,1,1,6,6,7,2,3,3,3,3,5,5,5,5,3,5,5,5,3,3,3,3,3,5,5,5,5,3,2,3,3,2,2,3,3,3,3,3,5,3,2,2,3,3,3,3,3,3,3,2,4,4,4,2,3,3,3,3,8,1,6,3,3,3,4,3,3,3,3,3,3,3,3,3,3,1,1,1,3,3,3,6,6,6,6,6,6,6,6,7,7,7,7,7,7,7,7","0.000970125198364258","fast_greedy","edit-xhwikibooks.graphml"
"0.44","0.01","0.55","0.706884169488048","2,2,2,2,1,2,1,2,2,8,1,1,2,2,2,4,8,1,6,1,3,5,2,2,2,2,2,4,2,8,1,6,1,1,6,6,7,2,3,3,3,3,5,5,5,5,3,5,5,5,3,3,3,3,3,5,5,5,5,3,2,3,3,2,2,3,3,3,3,3,5,3,2,2,3,3,3,3,3,3,3,2,4,4,4,2,3,3,3,3,8,1,6,3,3,3,4,3,3,3,3,3,3,3,3,3,3,1,1,1,3,3,3,6,6,6,6,6,6,6,6,7,7,7,7,7,7,7,7","0.000998973846435547","fast_greedy","edit-xhwikibooks.graphml"
"0.43","0.02","0.55","0.706884169488048","2,2,2,2,1,2,1,2,2,8,1,1,2,2,2,4,8,1,6,1,3,5,2,2,2,2,2,4,2,8,1,6,1,1,6,6,7,2,3,3,3,3,5,5,5,5,3,5,5,5,3,3,3,3,3,5,5,5,5,3,2,3,3,2,2,3,3,3,3,3,5,3,2,2,3,3,3,3,3,3,3,2,4,4,4,2,3,3,3,3,8,1,6,3,3,3,4,3,3,3,3,3,3,3,3,3,3,1,1,1,3,3,3,6,6,6,6,6,6,6,6,7,7,7,7,7,7,7,7","0.00177979469299316","fast_greedy","edit-xhwikibooks.graphml"
"0.42","0.03","0.55","0.706884169488048","2,2,2,2,1,2,1,2,2,8,1,1,2,2,2,4,8,1,6,1,3,5,2,2,2,2,2,4,2,8,1,6,1,1,6,6,7,2,3,3,3,3,5,5,5,5,3,5,5,5,3,3,3,3,3,5,5,5,5,3,2,3,3,2,2,3,3,3,3,3,5,3,2,2,3,3,3,3,3,3,3,2,4,4,4,2,3,3,3,3,8,1,6,3,3,3,4,3,3,3,3,3,3,3,3,3,3,1,1,1,3,3,3,6,6,6,6,6,6,6,6,7,7,7,7,7,7,7,7","0.00107502937316895","fast_greedy","edit-xhwikibooks.graphml"
"0.41","0.04","0.55","0.706884169488048","2,2,2,2,1,2,1,2,2,8,1,1,2,2,2,4,8,1,6,1,3,5,2,2,2,2,2,4,2,8,1,6,1,1,6,6,7,2,3,3,3,3,5,5,5,5,3,5,5,5,3,3,3,3,3,5,5,5,5,3,2,3,3,2,2,3,3,3,3,3,5,3,2,2,3,3,3,3,3,3,3,2,4,4,4,2,3,3,3,3,8,1,6,3,3,3,4,3,3,3,3,3,3,3,3,3,3,1,1,1,3,3,3,6,6,6,6,6,6,6,6,7,7,7,7,7,7,7,7","0.00090789794921875","fast_greedy","edit-xhwikibooks.graphml"
"0.4","0.05","0.55","0.706884169488048","2,2,2,2,1,2,1,2,2,8,1,1,2,2,2,4,8,1,6,1,3,5,2,2,2,2,2,4,2,8,1,6,1,1,6,6,7,2,3,3,3,3,5,5,5,5,3,5,5,5,3,3,3,3,3,5,5,5,5,3,2,3,3,2,2,3,3,3,3,3,5,3,2,2,3,3,3,3,3,3,3,2,4,4,4,2,3,3,3,3,8,1,6,3,3,3,4,3,3,3,3,3,3,3,3,3,3,1,1,1,3,3,3,6,6,6,6,6,6,6,6,7,7,7,7,7,7,7,7","0.000926971435546875","fast_greedy","edit-xhwikibooks.graphml"
"0.39","0.06","0.55","0.706884169488048","2,2,2,2,1,2,1,2,2,8,1,1,2,2,2,4,8,1,6,1,3,5,2,2,2,2,2,4,2,8,1,6,1,1,6,6,7,2,3,3,3,3,5,5,5,5,3,5,5,5,3,3,3,3,3,5,5,5,5,3,2,3,3,2,2,3,3,3,3,3,5,3,2,2,3,3,3,3,3,3,3,2,4,4,4,2,3,3,3,3,8,1,6,3,3,3,4,3,3,3,3,3,3,3,3,3,3,1,1,1,3,3,3,6,6,6,6,6,6,6,6,7,7,7,7,7,7,7,7","0.000941038131713867","fast_greedy","edit-xhwikibooks.graphml"
"0.38","0.07","0.55","0.706884169488048","2,2,2,2,1,2,1,2,2,8,1,1,2,2,2,4,8,1,6,1,3,5,2,2,2,2,2,4,2,8,1,6,1,1,6,6,7,2,3,3,3,3,5,5,5,5,3,5,5,5,3,3,3,3,3,5,5,5,5,3,2,3,3,2,2,3,3,3,3,3,5,3,2,2,3,3,3,3,3,3,3,2,4,4,4,2,3,3,3,3,8,1,6,3,3,3,4,3,3,3,3,3,3,3,3,3,3,1,1,1,3,3,3,6,6,6,6,6,6,6,6,7,7,7,7,7,7,7,7","0.00118184089660645","fast_greedy","edit-xhwikibooks.graphml"
"0.37","0.08","0.55","0.706884169488048","2,2,2,2,1,2,1,2,2,8,1,1,2,2,2,4,8,1,6,1,3,5,2,2,2,2,2,4,2,8,1,6,1,1,6,6,7,2,3,3,3,3,5,5,5,5,3,5,5,5,3,3,3,3,3,5,5,5,5,3,2,3,3,2,2,3,3,3,3,3,5,3,2,2,3,3,3,3,3,3,3,2,4,4,4,2,3,3,3,3,8,1,6,3,3,3,4,3,3,3,3,3,3,3,3,3,3,1,1,1,3,3,3,6,6,6,6,6,6,6,6,7,7,7,7,7,7,7,7","0.000960826873779297","fast_greedy","edit-xhwikibooks.graphml"
"0.36","0.09","0.55","0.706884169488048","2,2,2,2,1,2,1,2,2,8,1,1,2,2,2,4,8,1,6,1,3,5,2,2,2,2,2,4,2,8,1,6,1,1,6,6,7,2,3,3,3,3,5,5,5,5,3,5,5,5,3,3,3,3,3,5,5,5,5,3,2,3,3,2,2,3,3,3,3,3,5,3,2,2,3,3,3,3,3,3,3,2,4,4,4,2,3,3,3,3,8,1,6,3,3,3,4,3,3,3,3,3,3,3,3,3,3,1,1,1,3,3,3,6,6,6,6,6,6,6,6,7,7,7,7,7,7,7,7","0.00107979774475098","fast_greedy","edit-xhwikibooks.graphml"
"0.35","0.1","0.55","0.706884169488048","2,2,2,2,1,2,1,2,2,8,1,1,2,2,2,4,8,1,6,1,3,5,2,2,2,2,2,4,2,8,1,6,1,1,6,6,7,2,3,3,3,3,5,5,5,5,3,5,5,5,3,3,3,3,3,5,5,5,5,3,2,3,3,2,2,3,3,3,3,3,5,3,2,2,3,3,3,3,3,3,3,2,4,4,4,2,3,3,3,3,8,1,6,3,3,3,4,3,3,3,3,3,3,3,3,3,3,1,1,1,3,3,3,6,6,6,6,6,6,6,6,7,7,7,7,7,7,7,7","0.000952005386352539","fast_greedy","edit-xhwikibooks.graphml"
"0.34","0.11","0.55","0.706884169488048","2,2,2,2,1,2,1,2,2,8,1,1,2,2,2,4,8,1,6,1,3,5,2,2,2,2,2,4,2,8,1,6,1,1,6,6,7,2,3,3,3,3,5,5,5,5,3,5,5,5,3,3,3,3,3,5,5,5,5,3,2,3,3,2,2,3,3,3,3,3,5,3,2,2,3,3,3,3,3,3,3,2,4,4,4,2,3,3,3,3,8,1,6,3,3,3,4,3,3,3,3,3,3,3,3,3,3,1,1,1,3,3,3,6,6,6,6,6,6,6,6,7,7,7,7,7,7,7,7","0.00103402137756348","fast_greedy","edit-xhwikibooks.graphml"
"0.33","0.12","0.55","0.706884169488048","2,2,2,2,1,2,1,2,2,8,1,1,2,2,2,4,8,1,6,1,3,5,2,2,2,2,2,4,2,8,1,6,1,1,6,6,7,2,3,3,3,3,5,5,5,5,3,5,5,5,3,3,3,3,3,5,5,5,5,3,2,3,3,2,2,3,3,3,3,3,5,3,2,2,3,3,3,3,3,3,3,2,4,4,4,2,3,3,3,3,8,1,6,3,3,3,4,3,3,3,3,3,3,3,3,3,3,1,1,1,3,3,3,6,6,6,6,6,6,6,6,7,7,7,7,7,7,7,7","0.000949859619140625","fast_greedy","edit-xhwikibooks.graphml"
"0.32","0.13","0.55","0.706884169488048","2,2,2,2,1,2,1,2,2,8,1,1,2,2,2,4,8,1,6,1,3,5,2,2,2,2,2,4,2,8,1,6,1,1,6,6,7,2,3,3,3,3,5,5,5,5,3,5,5,5,3,3,3,3,3,5,5,5,5,3,2,3,3,2,2,3,3,3,3,3,5,3,2,2,3,3,3,3,3,3,3,2,4,4,4,2,3,3,3,3,8,1,6,3,3,3,4,3,3,3,3,3,3,3,3,3,3,1,1,1,3,3,3,6,6,6,6,6,6,6,6,7,7,7,7,7,7,7,7","0.00096893310546875","fast_greedy","edit-xhwikibooks.graphml"
"0.31","0.14","0.55","0.706884169488048","2,2,2,2,1,2,1,2,2,8,1,1,2,2,2,4,8,1,6,1,3,5,2,2,2,2,2,4,2,8,1,6,1,1,6,6,7,2,3,3,3,3,5,5,5,5,3,5,5,5,3,3,3,3,3,5,5,5,5,3,2,3,3,2,2,3,3,3,3,3,5,3,2,2,3,3,3,3,3,3,3,2,4,4,4,2,3,3,3,3,8,1,6,3,3,3,4,3,3,3,3,3,3,3,3,3,3,1,1,1,3,3,3,6,6,6,6,6,6,6,6,7,7,7,7,7,7,7,7","0.000938892364501953","fast_greedy","edit-xhwikibooks.graphml"
"0.3","0.15","0.55","0.706884169488048","2,2,2,2,1,2,1,2,2,8,1,1,2,2,2,4,8,1,6,1,3,5,2,2,2,2,2,4,2,8,1,6,1,1,6,6,7,2,3,3,3,3,5,5,5,5,3,5,5,5,3,3,3,3,3,5,5,5,5,3,2,3,3,2,2,3,3,3,3,3,5,3,2,2,3,3,3,3,3,3,3,2,4,4,4,2,3,3,3,3,8,1,6,3,3,3,4,3,3,3,3,3,3,3,3,3,3,1,1,1,3,3,3,6,6,6,6,6,6,6,6,7,7,7,7,7,7,7,7","0.000976800918579102","fast_greedy","edit-xhwikibooks.graphml"
"0.29","0.16","0.55","0.706884169488048","2,2,2,2,1,2,1,2,2,8,1,1,2,2,2,4,8,1,6,1,3,5,2,2,2,2,2,4,2,8,1,6,1,1,6,6,7,2,3,3,3,3,5,5,5,5,3,5,5,5,3,3,3,3,3,5,5,5,5,3,2,3,3,2,2,3,3,3,3,3,5,3,2,2,3,3,3,3,3,3,3,2,4,4,4,2,3,3,3,3,8,1,6,3,3,3,4,3,3,3,3,3,3,3,3,3,3,1,1,1,3,3,3,6,6,6,6,6,6,6,6,7,7,7,7,7,7,7,7","0.000989913940429688","fast_greedy","edit-xhwikibooks.graphml"
"0.28","0.17","0.55","0.708355868036777","2,2,2,2,1,2,1,2,2,8,1,1,2,2,2,4,8,1,6,1,3,5,2,2,2,2,2,4,2,8,1,6,1,1,6,6,7,2,3,3,3,3,5,5,5,5,3,5,5,5,3,3,3,3,3,5,5,5,5,3,2,3,3,2,2,3,3,3,3,3,5,3,2,2,3,3,3,3,3,3,3,2,4,4,4,2,3,3,3,3,8,1,6,3,3,3,4,3,3,3,3,3,3,3,3,3,3,1,1,1,3,3,3,6,6,6,6,6,6,6,6,7,7,7,7,7,7,7,7","0.00120019912719727","fast_greedy","edit-xhwikibooks.graphml"
"0.27","0.18","0.55","0.708355868036777","2,2,2,2,1,2,1,2,2,8,1,1,2,2,2,4,8,1,6,1,3,5,2,2,2,2,2,4,2,8,1,6,1,1,6,6,7,2,3,3,3,3,5,5,5,5,3,5,5,5,3,3,3,3,3,5,5,5,5,3,2,3,3,2,2,3,3,3,3,3,5,3,2,2,3,3,3,3,3,3,3,2,4,4,4,2,3,3,3,3,8,1,6,3,3,3,4,3,3,3,3,3,3,3,3,3,3,1,1,1,3,3,3,6,6,6,6,6,6,6,6,7,7,7,7,7,7,7,7","0.000978946685791016","fast_greedy","edit-xhwikibooks.graphml"
"0.26","0.19","0.55","0.708355868036777","2,2,2,2,1,2,1,2,2,8,1,1,2,2,2,4,8,1,6,1,3,5,2,2,2,2,2,4,2,8,1,6,1,1,6,6,7,2,3,3,3,3,5,5,5,5,3,5,5,5,3,3,3,3,3,5,5,5,5,3,2,3,3,2,2,3,3,3,3,3,5,3,2,2,3,3,3,3,3,3,3,2,4,4,4,2,3,3,3,3,8,1,6,3,3,3,4,3,3,3,3,3,3,3,3,3,3,1,1,1,3,3,3,6,6,6,6,6,6,6,6,7,7,7,7,7,7,7,7","0.000996112823486328","fast_greedy","edit-xhwikibooks.graphml"
"0.25","0.2","0.55","0.708355868036777","2,2,2,2,1,2,1,2,2,8,1,1,2,2,2,4,8,1,6,1,3,5,2,2,2,2,2,4,2,8,1,6,1,1,6,6,7,2,3,3,3,3,5,5,5,5,3,5,5,5,3,3,3,3,3,5,5,5,5,3,2,3,3,2,2,3,3,3,3,3,5,3,2,2,3,3,3,3,3,3,3,2,4,4,4,2,3,3,3,3,8,1,6,3,3,3,4,3,3,3,3,3,3,3,3,3,3,1,1,1,3,3,3,6,6,6,6,6,6,6,6,7,7,7,7,7,7,7,7","0.000985860824584961","fast_greedy","edit-xhwikibooks.graphml"
"0.24","0.21","0.55","0.708355868036777","2,2,2,2,1,2,1,2,2,8,1,1,2,2,2,4,8,1,6,1,3,5,2,2,2,2,2,4,2,8,1,6,1,1,6,6,7,2,3,3,3,3,5,5,5,5,3,5,5,5,3,3,3,3,3,5,5,5,5,3,2,3,3,2,2,3,3,3,3,3,5,3,2,2,3,3,3,3,3,3,3,2,4,4,4,2,3,3,3,3,8,1,6,3,3,3,4,3,3,3,3,3,3,3,3,3,3,1,1,1,3,3,3,6,6,6,6,6,6,6,6,7,7,7,7,7,7,7,7","0.000991106033325195","fast_greedy","edit-xhwikibooks.graphml"
"0.23","0.22","0.55","0.708355868036777","2,2,2,2,1,2,1,2,2,8,1,1,2,2,2,4,8,1,6,1,3,5,2,2,2,2,2,4,2,8,1,6,1,1,6,6,7,2,3,3,3,3,5,5,5,5,3,5,5,5,3,3,3,3,3,5,5,5,5,3,2,3,3,2,2,3,3,3,3,3,5,3,2,2,3,3,3,3,3,3,3,2,4,4,4,2,3,3,3,3,8,1,6,3,3,3,4,3,3,3,3,3,3,3,3,3,3,1,1,1,3,3,3,6,6,6,6,6,6,6,6,7,7,7,7,7,7,7,7","0.000972986221313477","fast_greedy","edit-xhwikibooks.graphml"
"0.22","0.23","0.55","0.708355868036777","2,2,2,2,1,2,1,2,2,8,1,1,2,2,2,4,8,1,6,1,3,5,2,2,2,2,2,4,2,8,1,6,1,1,6,6,7,2,3,3,3,3,5,5,5,5,3,5,5,5,3,3,3,3,3,5,5,5,5,3,2,3,3,2,2,3,3,3,3,3,5,3,2,2,3,3,3,3,3,3,3,2,4,4,4,2,3,3,3,3,8,1,6,3,3,3,4,3,3,3,3,3,3,3,3,3,3,1,1,1,3,3,3,6,6,6,6,6,6,6,6,7,7,7,7,7,7,7,7","0.000990867614746094","fast_greedy","edit-xhwikibooks.graphml"
"0.21","0.24","0.55","0.708355868036777","2,2,2,2,1,2,1,2,2,8,1,1,2,2,2,4,8,1,6,1,3,5,2,2,2,2,2,4,2,8,1,6,1,1,6,6,7,2,3,3,3,3,5,5,5,5,3,5,5,5,3,3,3,3,3,5,5,5,5,3,2,3,3,2,2,3,3,3,3,3,5,3,2,2,3,3,3,3,3,3,3,2,4,4,4,2,3,3,3,3,8,1,6,3,3,3,4,3,3,3,3,3,3,3,3,3,3,1,1,1,3,3,3,6,6,6,6,6,6,6,6,7,7,7,7,7,7,7,7","0.0010068416595459","fast_greedy","edit-xhwikibooks.graphml"
"0.2","0.25","0.55","0.708355868036777","2,2,2,2,1,2,1,2,2,8,1,1,2,2,2,4,8,1,6,1,3,5,2,2,2,2,2,4,2,8,1,6,1,1,6,6,7,2,3,3,3,3,5,5,5,5,3,5,5,5,3,3,3,3,3,5,5,5,5,3,2,3,3,2,2,3,3,3,3,3,5,3,2,2,3,3,3,3,3,3,3,2,4,4,4,2,3,3,3,3,8,1,6,3,3,3,4,3,3,3,3,3,3,3,3,3,3,1,1,1,3,3,3,6,6,6,6,6,6,6,6,7,7,7,7,7,7,7,7","0.00104093551635742","fast_greedy","edit-xhwikibooks.graphml"
"0.19","0.26","0.55","0.708355868036777","2,2,2,2,1,2,1,2,2,8,1,1,2,2,2,4,8,1,6,1,3,5,2,2,2,2,2,4,2,8,1,6,1,1,6,6,7,2,3,3,3,3,5,5,5,5,3,5,5,5,3,3,3,3,3,5,5,5,5,3,2,3,3,2,2,3,3,3,3,3,5,3,2,2,3,3,3,3,3,3,3,2,4,4,4,2,3,3,3,3,8,1,6,3,3,3,4,3,3,3,3,3,3,3,3,3,3,1,1,1,3,3,3,6,6,6,6,6,6,6,6,7,7,7,7,7,7,7,7","0.00106000900268555","fast_greedy","edit-xhwikibooks.graphml"
"0.18","0.27","0.55","0.708355868036777","2,2,2,2,1,2,1,2,2,8,1,1,2,2,2,4,8,1,6,1,3,5,2,2,2,2,2,4,2,8,1,6,1,1,6,6,7,2,3,3,3,3,5,5,5,5,3,5,5,5,3,3,3,3,3,5,5,5,5,3,2,3,3,2,2,3,3,3,3,3,5,3,2,2,3,3,3,3,3,3,3,2,4,4,4,2,3,3,3,3,8,1,6,3,3,3,4,3,3,3,3,3,3,3,3,3,3,1,1,1,3,3,3,6,6,6,6,6,6,6,6,7,7,7,7,7,7,7,7","0.0011138916015625","fast_greedy","edit-xhwikibooks.graphml"
"0.17","0.28","0.55","0.708355868036777","2,2,2,2,1,2,1,2,2,8,1,1,2,2,2,4,8,1,6,1,3,5,2,2,2,2,2,4,2,8,1,6,1,1,6,6,7,2,3,3,3,3,5,5,5,5,3,5,5,5,3,3,3,3,3,5,5,5,5,3,2,3,3,2,2,3,3,3,3,3,5,3,2,2,3,3,3,3,3,3,3,2,4,4,4,2,3,3,3,3,8,1,6,3,3,3,4,3,3,3,3,3,3,3,3,3,3,1,1,1,3,3,3,6,6,6,6,6,6,6,6,7,7,7,7,7,7,7,7","0.00143694877624512","fast_greedy","edit-xhwikibooks.graphml"
"0.16","0.29","0.55","0.708355868036777","2,2,2,2,1,2,1,2,2,8,1,1,2,2,2,4,8,1,6,1,3,5,2,2,2,2,2,4,2,8,1,6,1,1,6,6,7,2,3,3,3,3,5,5,5,5,3,5,5,5,3,3,3,3,3,5,5,5,5,3,2,3,3,2,2,3,3,3,3,3,5,3,2,2,3,3,3,3,3,3,3,2,4,4,4,2,3,3,3,3,8,1,6,3,3,3,4,3,3,3,3,3,3,3,3,3,3,1,1,1,3,3,3,6,6,6,6,6,6,6,6,7,7,7,7,7,7,7,7","0.00113177299499512","fast_greedy","edit-xhwikibooks.graphml"
"0.15","0.3","0.55","0.708355868036777","2,2,2,2,1,2,1,2,2,8,1,1,2,2,2,4,8,1,6,1,3,5,2,2,2,2,2,4,2,8,1,6,1,1,6,6,7,2,3,3,3,3,5,5,5,5,3,5,5,5,3,3,3,3,3,5,5,5,5,3,2,3,3,2,2,3,3,3,3,3,5,3,2,2,3,3,3,3,3,3,3,2,4,4,4,2,3,3,3,3,8,1,6,3,3,3,4,3,3,3,3,3,3,3,3,3,3,1,1,1,3,3,3,6,6,6,6,6,6,6,6,7,7,7,7,7,7,7,7","0.00102400779724121","fast_greedy","edit-xhwikibooks.graphml"
"0.14","0.31","0.55","0.708355868036777","2,2,2,2,1,2,1,2,2,8,1,1,2,2,2,4,8,1,6,1,3,5,2,2,2,2,2,4,2,8,1,6,1,1,6,6,7,2,3,3,3,3,5,5,5,5,3,5,5,5,3,3,3,3,3,5,5,5,5,3,2,3,3,2,2,3,3,3,3,3,5,3,2,2,3,3,3,3,3,3,3,2,4,4,4,2,3,3,3,3,8,1,6,3,3,3,4,3,3,3,3,3,3,3,3,3,3,1,1,1,3,3,3,6,6,6,6,6,6,6,6,7,7,7,7,7,7,7,7","0.00100898742675781","fast_greedy","edit-xhwikibooks.graphml"
"0.13","0.32","0.55","0.708355868036777","2,2,2,2,1,2,1,2,2,8,1,1,2,2,2,4,8,1,6,1,3,5,2,2,2,2,2,4,2,8,1,6,1,1,6,6,7,2,3,3,3,3,5,5,5,5,3,5,5,5,3,3,3,3,3,5,5,5,5,3,2,3,3,2,2,3,3,3,3,3,5,3,2,2,3,3,3,3,3,3,3,2,4,4,4,2,3,3,3,3,8,1,6,3,3,3,4,3,3,3,3,3,3,3,3,3,3,1,1,1,3,3,3,6,6,6,6,6,6,6,6,7,7,7,7,7,7,7,7","0.0010221004486084","fast_greedy","edit-xhwikibooks.graphml"
"0.12","0.33","0.55","0.708355868036777","2,2,2,2,1,2,1,2,2,8,1,1,2,2,2,4,8,1,6,1,3,5,2,2,2,2,2,4,2,8,1,6,1,1,6,6,7,2,3,3,3,3,5,5,5,5,3,5,5,5,3,3,3,3,3,5,5,5,5,3,2,3,3,2,2,3,3,3,3,3,5,3,2,2,3,3,3,3,3,3,3,2,4,4,4,2,3,3,3,3,8,1,6,3,3,3,4,3,3,3,3,3,3,3,3,3,3,1,1,1,3,3,3,6,6,6,6,6,6,6,6,7,7,7,7,7,7,7,7","0.00100088119506836","fast_greedy","edit-xhwikibooks.graphml"
"0.11","0.34","0.55","0.707407531157072","2,2,2,2,1,2,1,2,2,8,1,1,2,2,2,4,8,1,6,1,3,5,2,2,2,2,2,4,2,8,1,6,1,1,6,6,7,2,3,3,3,3,5,5,5,5,3,5,5,5,3,3,3,3,3,5,5,5,5,3,2,3,3,2,2,3,3,3,3,3,5,3,2,2,3,3,3,3,3,3,3,2,4,4,4,2,3,3,3,3,8,1,6,3,3,3,4,3,3,3,3,3,3,3,3,3,3,1,1,1,3,3,3,6,6,6,6,6,6,6,6,7,7,7,7,7,7,7,7","0.00102400779724121","fast_greedy","edit-xhwikibooks.graphml"
"0.1","0.35","0.55","0.707407531157072","2,2,2,2,1,2,1,2,2,8,1,1,2,2,2,4,8,1,6,1,3,5,2,2,2,2,2,4,2,8,1,6,1,1,6,6,7,2,3,3,3,3,5,5,5,5,3,5,5,5,3,3,3,3,3,5,5,5,5,3,2,3,3,2,2,3,3,3,3,3,5,3,2,2,3,3,3,3,3,3,3,2,4,4,4,2,3,3,3,3,8,1,6,3,3,3,4,3,3,3,3,3,3,3,3,3,3,1,1,1,3,3,3,6,6,6,6,6,6,6,6,7,7,7,7,7,7,7,7","0.00100302696228027","fast_greedy","edit-xhwikibooks.graphml"
"0.09","0.36","0.55","0.707407531157072","2,2,2,2,1,2,1,2,2,8,1,1,2,2,2,4,8,1,6,1,3,5,2,2,2,2,2,4,2,8,1,6,1,1,6,6,7,2,3,3,3,3,5,5,5,5,3,5,5,5,3,3,3,3,3,5,5,5,5,3,2,3,3,2,2,3,3,3,3,3,5,3,2,2,3,3,3,3,3,3,3,2,4,4,4,2,3,3,3,3,8,1,6,3,3,3,4,3,3,3,3,3,3,3,3,3,3,1,1,1,3,3,3,6,6,6,6,6,6,6,6,7,7,7,7,7,7,7,7","0.00098109245300293","fast_greedy","edit-xhwikibooks.graphml"
"0.08","0.37","0.55","0.707407531157072","2,2,2,2,1,2,1,2,2,8,1,1,2,2,2,4,8,1,6,1,3,5,2,2,2,2,2,4,2,8,1,6,1,1,6,6,7,2,3,3,3,3,5,5,5,5,3,5,5,5,3,3,3,3,3,5,5,5,5,3,2,3,3,2,2,3,3,3,3,3,5,3,2,2,3,3,3,3,3,3,3,2,4,4,4,2,3,3,3,3,8,1,6,3,3,3,4,3,3,3,3,3,3,3,3,3,3,1,1,1,3,3,3,6,6,6,6,6,6,6,6,7,7,7,7,7,7,7,7","0.00122904777526855","fast_greedy","edit-xhwikibooks.graphml"
"0.07","0.38","0.55","0.707407531157072","2,2,2,2,1,2,1,2,2,8,1,1,2,2,2,4,8,1,6,1,3,5,2,2,2,2,2,4,2,8,1,6,1,1,6,6,7,2,3,3,3,3,5,5,5,5,3,5,5,5,3,3,3,3,3,5,5,5,5,3,2,3,3,2,2,3,3,3,3,3,5,3,2,2,3,3,3,3,3,3,3,2,4,4,4,2,3,3,3,3,8,1,6,3,3,3,4,3,3,3,3,3,3,3,3,3,3,1,1,1,3,3,3,6,6,6,6,6,6,6,6,7,7,7,7,7,7,7,7","0.000988960266113281","fast_greedy","edit-xhwikibooks.graphml"
"0.06","0.39","0.55","0.707407531157072","2,2,2,2,1,2,1,2,2,8,1,1,2,2,2,4,8,1,6,1,3,5,2,2,2,2,2,4,2,8,1,6,1,1,6,6,7,2,3,3,3,3,5,5,5,5,3,5,5,5,3,3,3,3,3,5,5,5,5,3,2,3,3,2,2,3,3,3,3,3,5,3,2,2,3,3,3,3,3,3,3,2,4,4,4,2,3,3,3,3,8,1,6,3,3,3,4,3,3,3,3,3,3,3,3,3,3,1,1,1,3,3,3,6,6,6,6,6,6,6,6,7,7,7,7,7,7,7,7","0.000963926315307617","fast_greedy","edit-xhwikibooks.graphml"
"0.05","0.4","0.55","0.707407531157072","2,2,2,2,1,2,1,2,2,8,1,1,2,2,2,4,8,1,6,1,3,5,2,2,2,2,2,4,2,8,1,6,1,1,6,6,7,2,3,3,3,3,5,5,5,5,3,5,5,5,3,3,3,3,3,5,5,5,5,3,2,3,3,2,2,3,3,3,3,3,5,3,2,2,3,3,3,3,3,3,3,2,4,4,4,2,3,3,3,3,8,1,6,3,3,3,4,3,3,3,3,3,3,3,3,3,3,1,1,1,3,3,3,6,6,6,6,6,6,6,6,7,7,7,7,7,7,7,7","0.00100088119506836","fast_greedy","edit-xhwikibooks.graphml"
"0.04","0.41","0.55","0.707407531157072","2,2,2,2,1,2,1,2,2,8,1,1,2,2,2,4,8,1,6,1,3,5,2,2,2,2,2,4,2,8,1,6,1,1,6,6,7,2,3,3,3,3,5,5,5,5,3,5,5,5,3,3,3,3,3,5,5,5,5,3,2,3,3,2,2,3,3,3,3,3,5,3,2,2,3,3,3,3,3,3,3,2,4,4,4,2,3,3,3,3,8,1,6,3,3,3,4,3,3,3,3,3,3,3,3,3,3,1,1,1,3,3,3,6,6,6,6,6,6,6,6,7,7,7,7,7,7,7,7","0.000963926315307617","fast_greedy","edit-xhwikibooks.graphml"
"0.03","0.42","0.55","0.707407531157072","2,2,2,2,1,2,1,2,2,8,1,1,2,2,2,4,8,1,6,1,3,5,2,2,2,2,2,4,2,8,1,6,1,1,6,6,7,2,3,3,3,3,5,5,5,5,3,5,5,5,3,3,3,3,3,5,5,5,5,3,2,3,3,2,2,3,3,3,3,3,5,3,2,2,3,3,3,3,3,3,3,2,4,4,4,2,3,3,3,3,8,1,6,3,3,3,4,3,3,3,3,3,3,3,3,3,3,1,1,1,3,3,3,6,6,6,6,6,6,6,6,7,7,7,7,7,7,7,7","0.00101399421691895","fast_greedy","edit-xhwikibooks.graphml"
"0.02","0.43","0.55","0.707407531157072","2,2,2,2,1,2,1,2,2,8,1,1,2,2,2,4,8,1,6,1,3,5,2,2,2,2,2,4,2,8,1,6,1,1,6,6,7,2,3,3,3,3,5,5,5,5,3,5,5,5,3,3,3,3,3,5,5,5,5,3,2,3,3,2,2,3,3,3,3,3,5,3,2,2,3,3,3,3,3,3,3,2,4,4,4,2,3,3,3,3,8,1,6,3,3,3,4,3,3,3,3,3,3,3,3,3,3,1,1,1,3,3,3,6,6,6,6,6,6,6,6,7,7,7,7,7,7,7,7","0.000967979431152344","fast_greedy","edit-xhwikibooks.graphml"
"0.01","0.44","0.55","0.707407531157072","2,2,2,2,1,2,1,2,2,8,1,1,2,2,2,4,8,1,6,1,3,5,2,2,2,2,2,4,2,8,1,6,1,1,6,6,7,2,3,3,3,3,5,5,5,5,3,5,5,5,3,3,3,3,3,5,5,5,5,3,2,3,3,2,2,3,3,3,3,3,5,3,2,2,3,3,3,3,3,3,3,2,4,4,4,2,3,3,3,3,8,1,6,3,3,3,4,3,3,3,3,3,3,3,3,3,3,1,1,1,3,3,3,6,6,6,6,6,6,6,6,7,7,7,7,7,7,7,7","0.000991106033325195","fast_greedy","edit-xhwikibooks.graphml"
"0","0.45","0.55","0.682685185185185","7,7,7,7,7,7,7,7,1,10,9,3,7,1,1,4,10,9,6,3,2,5,1,7,1,1,1,4,7,10,9,6,3,3,6,6,8,1,2,2,2,2,5,5,5,5,2,5,5,5,2,2,2,2,2,5,5,5,5,2,1,2,2,7,1,2,2,2,2,2,5,2,1,1,2,2,2,2,2,2,2,1,4,4,4,7,2,2,2,2,10,9,6,2,2,2,4,2,2,2,2,2,2,2,2,2,2,3,3,3,2,2,2,6,6,6,6,6,6,6,6,8,8,8,8,8,8,8,8","0.000982046127319336","fast_greedy","edit-xhwikibooks.graphml"
"0.44","0","0.56","0.706884169488048","2,2,2,2,1,2,1,2,2,8,1,1,2,2,2,4,8,1,6,1,3,5,2,2,2,2,2,4,2,8,1,6,1,1,6,6,7,2,3,3,3,3,5,5,5,5,3,5,5,5,3,3,3,3,3,5,5,5,5,3,2,3,3,2,2,3,3,3,3,3,5,3,2,2,3,3,3,3,3,3,3,2,4,4,4,2,3,3,3,3,8,1,6,3,3,3,4,3,3,3,3,3,3,3,3,3,3,1,1,1,3,3,3,6,6,6,6,6,6,6,6,7,7,7,7,7,7,7,7","0.000977039337158203","fast_greedy","edit-xhwikibooks.graphml"
"0.43","0.01","0.56","0.706884169488048","2,2,2,2,1,2,1,2,2,8,1,1,2,2,2,4,8,1,6,1,3,5,2,2,2,2,2,4,2,8,1,6,1,1,6,6,7,2,3,3,3,3,5,5,5,5,3,5,5,5,3,3,3,3,3,5,5,5,5,3,2,3,3,2,2,3,3,3,3,3,5,3,2,2,3,3,3,3,3,3,3,2,4,4,4,2,3,3,3,3,8,1,6,3,3,3,4,3,3,3,3,3,3,3,3,3,3,1,1,1,3,3,3,6,6,6,6,6,6,6,6,7,7,7,7,7,7,7,7","0.00111579895019531","fast_greedy","edit-xhwikibooks.graphml"
"0.42","0.02","0.56","0.706884169488048","2,2,2,2,1,2,1,2,2,8,1,1,2,2,2,4,8,1,6,1,3,5,2,2,2,2,2,4,2,8,1,6,1,1,6,6,7,2,3,3,3,3,5,5,5,5,3,5,5,5,3,3,3,3,3,5,5,5,5,3,2,3,3,2,2,3,3,3,3,3,5,3,2,2,3,3,3,3,3,3,3,2,4,4,4,2,3,3,3,3,8,1,6,3,3,3,4,3,3,3,3,3,3,3,3,3,3,1,1,1,3,3,3,6,6,6,6,6,6,6,6,7,7,7,7,7,7,7,7","0.000954151153564453","fast_greedy","edit-xhwikibooks.graphml"
"0.41","0.03","0.56","0.706884169488048","2,2,2,2,1,2,1,2,2,8,1,1,2,2,2,4,8,1,6,1,3,5,2,2,2,2,2,4,2,8,1,6,1,1,6,6,7,2,3,3,3,3,5,5,5,5,3,5,5,5,3,3,3,3,3,5,5,5,5,3,2,3,3,2,2,3,3,3,3,3,5,3,2,2,3,3,3,3,3,3,3,2,4,4,4,2,3,3,3,3,8,1,6,3,3,3,4,3,3,3,3,3,3,3,3,3,3,1,1,1,3,3,3,6,6,6,6,6,6,6,6,7,7,7,7,7,7,7,7","0.000979185104370117","fast_greedy","edit-xhwikibooks.graphml"
"0.4","0.04","0.56","0.706884169488048","2,2,2,2,1,2,1,2,2,8,1,1,2,2,2,4,8,1,6,1,3,5,2,2,2,2,2,4,2,8,1,6,1,1,6,6,7,2,3,3,3,3,5,5,5,5,3,5,5,5,3,3,3,3,3,5,5,5,5,3,2,3,3,2,2,3,3,3,3,3,5,3,2,2,3,3,3,3,3,3,3,2,4,4,4,2,3,3,3,3,8,1,6,3,3,3,4,3,3,3,3,3,3,3,3,3,3,1,1,1,3,3,3,6,6,6,6,6,6,6,6,7,7,7,7,7,7,7,7","0.000978946685791016","fast_greedy","edit-xhwikibooks.graphml"
"0.39","0.05","0.56","0.706884169488048","2,2,2,2,1,2,1,2,2,8,1,1,2,2,2,4,8,1,6,1,3,5,2,2,2,2,2,4,2,8,1,6,1,1,6,6,7,2,3,3,3,3,5,5,5,5,3,5,5,5,3,3,3,3,3,5,5,5,5,3,2,3,3,2,2,3,3,3,3,3,5,3,2,2,3,3,3,3,3,3,3,2,4,4,4,2,3,3,3,3,8,1,6,3,3,3,4,3,3,3,3,3,3,3,3,3,3,1,1,1,3,3,3,6,6,6,6,6,6,6,6,7,7,7,7,7,7,7,7","0.00107717514038086","fast_greedy","edit-xhwikibooks.graphml"
"0.38","0.06","0.56","0.706884169488048","2,2,2,2,1,2,1,2,2,8,1,1,2,2,2,4,8,1,6,1,3,5,2,2,2,2,2,4,2,8,1,6,1,1,6,6,7,2,3,3,3,3,5,5,5,5,3,5,5,5,3,3,3,3,3,5,5,5,5,3,2,3,3,2,2,3,3,3,3,3,5,3,2,2,3,3,3,3,3,3,3,2,4,4,4,2,3,3,3,3,8,1,6,3,3,3,4,3,3,3,3,3,3,3,3,3,3,1,1,1,3,3,3,6,6,6,6,6,6,6,6,7,7,7,7,7,7,7,7","0.00133204460144043","fast_greedy","edit-xhwikibooks.graphml"
"0.37","0.07","0.56","0.706884169488048","2,2,2,2,1,2,1,2,2,8,1,1,2,2,2,4,8,1,6,1,3,5,2,2,2,2,2,4,2,8,1,6,1,1,6,6,7,2,3,3,3,3,5,5,5,5,3,5,5,5,3,3,3,3,3,5,5,5,5,3,2,3,3,2,2,3,3,3,3,3,5,3,2,2,3,3,3,3,3,3,3,2,4,4,4,2,3,3,3,3,8,1,6,3,3,3,4,3,3,3,3,3,3,3,3,3,3,1,1,1,3,3,3,6,6,6,6,6,6,6,6,7,7,7,7,7,7,7,7","0.00106906890869141","fast_greedy","edit-xhwikibooks.graphml"
"0.36","0.08","0.56","0.706884169488048","2,2,2,2,1,2,1,2,2,8,1,1,2,2,2,4,8,1,6,1,3,5,2,2,2,2,2,4,2,8,1,6,1,1,6,6,7,2,3,3,3,3,5,5,5,5,3,5,5,5,3,3,3,3,3,5,5,5,5,3,2,3,3,2,2,3,3,3,3,3,5,3,2,2,3,3,3,3,3,3,3,2,4,4,4,2,3,3,3,3,8,1,6,3,3,3,4,3,3,3,3,3,3,3,3,3,3,1,1,1,3,3,3,6,6,6,6,6,6,6,6,7,7,7,7,7,7,7,7","0.00106096267700195","fast_greedy","edit-xhwikibooks.graphml"
"0.35","0.09","0.56","0.706884169488048","2,2,2,2,1,2,1,2,2,8,1,1,2,2,2,4,8,1,6,1,3,5,2,2,2,2,2,4,2,8,1,6,1,1,6,6,7,2,3,3,3,3,5,5,5,5,3,5,5,5,3,3,3,3,3,5,5,5,5,3,2,3,3,2,2,3,3,3,3,3,5,3,2,2,3,3,3,3,3,3,3,2,4,4,4,2,3,3,3,3,8,1,6,3,3,3,4,3,3,3,3,3,3,3,3,3,3,1,1,1,3,3,3,6,6,6,6,6,6,6,6,7,7,7,7,7,7,7,7","0.00104284286499023","fast_greedy","edit-xhwikibooks.graphml"
"0.34","0.1","0.56","0.706884169488048","2,2,2,2,1,2,1,2,2,8,1,1,2,2,2,4,8,1,6,1,3,5,2,2,2,2,2,4,2,8,1,6,1,1,6,6,7,2,3,3,3,3,5,5,5,5,3,5,5,5,3,3,3,3,3,5,5,5,5,3,2,3,3,2,2,3,3,3,3,3,5,3,2,2,3,3,3,3,3,3,3,2,4,4,4,2,3,3,3,3,8,1,6,3,3,3,4,3,3,3,3,3,3,3,3,3,3,1,1,1,3,3,3,6,6,6,6,6,6,6,6,7,7,7,7,7,7,7,7","0.00104403495788574","fast_greedy","edit-xhwikibooks.graphml"
"0.33","0.11","0.56","0.706884169488048","2,2,2,2,1,2,1,2,2,8,1,1,2,2,2,4,8,1,6,1,3,5,2,2,2,2,2,4,2,8,1,6,1,1,6,6,7,2,3,3,3,3,5,5,5,5,3,5,5,5,3,3,3,3,3,5,5,5,5,3,2,3,3,2,2,3,3,3,3,3,5,3,2,2,3,3,3,3,3,3,3,2,4,4,4,2,3,3,3,3,8,1,6,3,3,3,4,3,3,3,3,3,3,3,3,3,3,1,1,1,3,3,3,6,6,6,6,6,6,6,6,7,7,7,7,7,7,7,7","0.00114107131958008","fast_greedy","edit-xhwikibooks.graphml"
"0.32","0.12","0.56","0.706884169488048","2,2,2,2,1,2,1,2,2,8,1,1,2,2,2,4,8,1,6,1,3,5,2,2,2,2,2,4,2,8,1,6,1,1,6,6,7,2,3,3,3,3,5,5,5,5,3,5,5,5,3,3,3,3,3,5,5,5,5,3,2,3,3,2,2,3,3,3,3,3,5,3,2,2,3,3,3,3,3,3,3,2,4,4,4,2,3,3,3,3,8,1,6,3,3,3,4,3,3,3,3,3,3,3,3,3,3,1,1,1,3,3,3,6,6,6,6,6,6,6,6,7,7,7,7,7,7,7,7","0.000950098037719727","fast_greedy","edit-xhwikibooks.graphml"
"0.31","0.13","0.56","0.706884169488048","2,2,2,2,1,2,1,2,2,8,1,1,2,2,2,4,8,1,6,1,3,5,2,2,2,2,2,4,2,8,1,6,1,1,6,6,7,2,3,3,3,3,5,5,5,5,3,5,5,5,3,3,3,3,3,5,5,5,5,3,2,3,3,2,2,3,3,3,3,3,5,3,2,2,3,3,3,3,3,3,3,2,4,4,4,2,3,3,3,3,8,1,6,3,3,3,4,3,3,3,3,3,3,3,3,3,3,1,1,1,3,3,3,6,6,6,6,6,6,6,6,7,7,7,7,7,7,7,7","0.000946998596191406","fast_greedy","edit-xhwikibooks.graphml"
"0.3","0.14","0.56","0.706884169488048","2,2,2,2,1,2,1,2,2,8,1,1,2,2,2,4,8,1,6,1,3,5,2,2,2,2,2,4,2,8,1,6,1,1,6,6,7,2,3,3,3,3,5,5,5,5,3,5,5,5,3,3,3,3,3,5,5,5,5,3,2,3,3,2,2,3,3,3,3,3,5,3,2,2,3,3,3,3,3,3,3,2,4,4,4,2,3,3,3,3,8,1,6,3,3,3,4,3,3,3,3,3,3,3,3,3,3,1,1,1,3,3,3,6,6,6,6,6,6,6,6,7,7,7,7,7,7,7,7","0.000941991806030273","fast_greedy","edit-xhwikibooks.graphml"
"0.29","0.15","0.56","0.706884169488048","2,2,2,2,1,2,1,2,2,8,1,1,2,2,2,4,8,1,6,1,3,5,2,2,2,2,2,4,2,8,1,6,1,1,6,6,7,2,3,3,3,3,5,5,5,5,3,5,5,5,3,3,3,3,3,5,5,5,5,3,2,3,3,2,2,3,3,3,3,3,5,3,2,2,3,3,3,3,3,3,3,2,4,4,4,2,3,3,3,3,8,1,6,3,3,3,4,3,3,3,3,3,3,3,3,3,3,1,1,1,3,3,3,6,6,6,6,6,6,6,6,7,7,7,7,7,7,7,7","0.000934839248657227","fast_greedy","edit-xhwikibooks.graphml"
"0.28","0.16","0.56","0.706884169488048","2,2,2,2,1,2,1,2,2,8,1,1,2,2,2,4,8,1,6,1,3,5,2,2,2,2,2,4,2,8,1,6,1,1,6,6,7,2,3,3,3,3,5,5,5,5,3,5,5,5,3,3,3,3,3,5,5,5,5,3,2,3,3,2,2,3,3,3,3,3,5,3,2,2,3,3,3,3,3,3,3,2,4,4,4,2,3,3,3,3,8,1,6,3,3,3,4,3,3,3,3,3,3,3,3,3,3,1,1,1,3,3,3,6,6,6,6,6,6,6,6,7,7,7,7,7,7,7,7","0.000955104827880859","fast_greedy","edit-xhwikibooks.graphml"
"0.27","0.17","0.56","0.708355868036777","2,2,2,2,1,2,1,2,2,8,1,1,2,2,2,4,8,1,6,1,3,5,2,2,2,2,2,4,2,8,1,6,1,1,6,6,7,2,3,3,3,3,5,5,5,5,3,5,5,5,3,3,3,3,3,5,5,5,5,3,2,3,3,2,2,3,3,3,3,3,5,3,2,2,3,3,3,3,3,3,3,2,4,4,4,2,3,3,3,3,8,1,6,3,3,3,4,3,3,3,3,3,3,3,3,3,3,1,1,1,3,3,3,6,6,6,6,6,6,6,6,7,7,7,7,7,7,7,7","0.000991106033325195","fast_greedy","edit-xhwikibooks.graphml"
"0.26","0.18","0.56","0.708355868036777","2,2,2,2,1,2,1,2,2,8,1,1,2,2,2,4,8,1,6,1,3,5,2,2,2,2,2,4,2,8,1,6,1,1,6,6,7,2,3,3,3,3,5,5,5,5,3,5,5,5,3,3,3,3,3,5,5,5,5,3,2,3,3,2,2,3,3,3,3,3,5,3,2,2,3,3,3,3,3,3,3,2,4,4,4,2,3,3,3,3,8,1,6,3,3,3,4,3,3,3,3,3,3,3,3,3,3,1,1,1,3,3,3,6,6,6,6,6,6,6,6,7,7,7,7,7,7,7,7","0.000995159149169922","fast_greedy","edit-xhwikibooks.graphml"
"0.25","0.19","0.56","0.708355868036777","2,2,2,2,1,2,1,2,2,8,1,1,2,2,2,4,8,1,6,1,3,5,2,2,2,2,2,4,2,8,1,6,1,1,6,6,7,2,3,3,3,3,5,5,5,5,3,5,5,5,3,3,3,3,3,5,5,5,5,3,2,3,3,2,2,3,3,3,3,3,5,3,2,2,3,3,3,3,3,3,3,2,4,4,4,2,3,3,3,3,8,1,6,3,3,3,4,3,3,3,3,3,3,3,3,3,3,1,1,1,3,3,3,6,6,6,6,6,6,6,6,7,7,7,7,7,7,7,7","0.000967979431152344","fast_greedy","edit-xhwikibooks.graphml"
"0.24","0.2","0.56","0.708355868036777","2,2,2,2,1,2,1,2,2,8,1,1,2,2,2,4,8,1,6,1,3,5,2,2,2,2,2,4,2,8,1,6,1,1,6,6,7,2,3,3,3,3,5,5,5,5,3,5,5,5,3,3,3,3,3,5,5,5,5,3,2,3,3,2,2,3,3,3,3,3,5,3,2,2,3,3,3,3,3,3,3,2,4,4,4,2,3,3,3,3,8,1,6,3,3,3,4,3,3,3,3,3,3,3,3,3,3,1,1,1,3,3,3,6,6,6,6,6,6,6,6,7,7,7,7,7,7,7,7","0.000967025756835938","fast_greedy","edit-xhwikibooks.graphml"
"0.23","0.21","0.56","0.708355868036777","2,2,2,2,1,2,1,2,2,8,1,1,2,2,2,4,8,1,6,1,3,5,2,2,2,2,2,4,2,8,1,6,1,1,6,6,7,2,3,3,3,3,5,5,5,5,3,5,5,5,3,3,3,3,3,5,5,5,5,3,2,3,3,2,2,3,3,3,3,3,5,3,2,2,3,3,3,3,3,3,3,2,4,4,4,2,3,3,3,3,8,1,6,3,3,3,4,3,3,3,3,3,3,3,3,3,3,1,1,1,3,3,3,6,6,6,6,6,6,6,6,7,7,7,7,7,7,7,7","0.000964164733886719","fast_greedy","edit-xhwikibooks.graphml"
"0.22","0.22","0.56","0.708355868036777","2,2,2,2,1,2,1,2,2,8,1,1,2,2,2,4,8,1,6,1,3,5,2,2,2,2,2,4,2,8,1,6,1,1,6,6,7,2,3,3,3,3,5,5,5,5,3,5,5,5,3,3,3,3,3,5,5,5,5,3,2,3,3,2,2,3,3,3,3,3,5,3,2,2,3,3,3,3,3,3,3,2,4,4,4,2,3,3,3,3,8,1,6,3,3,3,4,3,3,3,3,3,3,3,3,3,3,1,1,1,3,3,3,6,6,6,6,6,6,6,6,7,7,7,7,7,7,7,7","0.000954866409301758","fast_greedy","edit-xhwikibooks.graphml"
"0.21","0.23","0.56","0.708355868036777","2,2,2,2,1,2,1,2,2,8,1,1,2,2,2,4,8,1,6,1,3,5,2,2,2,2,2,4,2,8,1,6,1,1,6,6,7,2,3,3,3,3,5,5,5,5,3,5,5,5,3,3,3,3,3,5,5,5,5,3,2,3,3,2,2,3,3,3,3,3,5,3,2,2,3,3,3,3,3,3,3,2,4,4,4,2,3,3,3,3,8,1,6,3,3,3,4,3,3,3,3,3,3,3,3,3,3,1,1,1,3,3,3,6,6,6,6,6,6,6,6,7,7,7,7,7,7,7,7","0.000990867614746094","fast_greedy","edit-xhwikibooks.graphml"
"0.2","0.24","0.56","0.708355868036777","2,2,2,2,1,2,1,2,2,8,1,1,2,2,2,4,8,1,6,1,3,5,2,2,2,2,2,4,2,8,1,6,1,1,6,6,7,2,3,3,3,3,5,5,5,5,3,5,5,5,3,3,3,3,3,5,5,5,5,3,2,3,3,2,2,3,3,3,3,3,5,3,2,2,3,3,3,3,3,3,3,2,4,4,4,2,3,3,3,3,8,1,6,3,3,3,4,3,3,3,3,3,3,3,3,3,3,1,1,1,3,3,3,6,6,6,6,6,6,6,6,7,7,7,7,7,7,7,7","0.000949859619140625","fast_greedy","edit-xhwikibooks.graphml"
"0.19","0.25","0.56","0.708355868036777","2,2,2,2,1,2,1,2,2,8,1,1,2,2,2,4,8,1,6,1,3,5,2,2,2,2,2,4,2,8,1,6,1,1,6,6,7,2,3,3,3,3,5,5,5,5,3,5,5,5,3,3,3,3,3,5,5,5,5,3,2,3,3,2,2,3,3,3,3,3,5,3,2,2,3,3,3,3,3,3,3,2,4,4,4,2,3,3,3,3,8,1,6,3,3,3,4,3,3,3,3,3,3,3,3,3,3,1,1,1,3,3,3,6,6,6,6,6,6,6,6,7,7,7,7,7,7,7,7","0.000941038131713867","fast_greedy","edit-xhwikibooks.graphml"
"0.18","0.26","0.56","0.708355868036777","2,2,2,2,1,2,1,2,2,8,1,1,2,2,2,4,8,1,6,1,3,5,2,2,2,2,2,4,2,8,1,6,1,1,6,6,7,2,3,3,3,3,5,5,5,5,3,5,5,5,3,3,3,3,3,5,5,5,5,3,2,3,3,2,2,3,3,3,3,3,5,3,2,2,3,3,3,3,3,3,3,2,4,4,4,2,3,3,3,3,8,1,6,3,3,3,4,3,3,3,3,3,3,3,3,3,3,1,1,1,3,3,3,6,6,6,6,6,6,6,6,7,7,7,7,7,7,7,7","0.000952005386352539","fast_greedy","edit-xhwikibooks.graphml"
"0.17","0.27","0.56","0.708355868036777","2,2,2,2,1,2,1,2,2,8,1,1,2,2,2,4,8,1,6,1,3,5,2,2,2,2,2,4,2,8,1,6,1,1,6,6,7,2,3,3,3,3,5,5,5,5,3,5,5,5,3,3,3,3,3,5,5,5,5,3,2,3,3,2,2,3,3,3,3,3,5,3,2,2,3,3,3,3,3,3,3,2,4,4,4,2,3,3,3,3,8,1,6,3,3,3,4,3,3,3,3,3,3,3,3,3,3,1,1,1,3,3,3,6,6,6,6,6,6,6,6,7,7,7,7,7,7,7,7","0.000952005386352539","fast_greedy","edit-xhwikibooks.graphml"
"0.16","0.28","0.56","0.708355868036777","2,2,2,2,1,2,1,2,2,8,1,1,2,2,2,4,8,1,6,1,3,5,2,2,2,2,2,4,2,8,1,6,1,1,6,6,7,2,3,3,3,3,5,5,5,5,3,5,5,5,3,3,3,3,3,5,5,5,5,3,2,3,3,2,2,3,3,3,3,3,5,3,2,2,3,3,3,3,3,3,3,2,4,4,4,2,3,3,3,3,8,1,6,3,3,3,4,3,3,3,3,3,3,3,3,3,3,1,1,1,3,3,3,6,6,6,6,6,6,6,6,7,7,7,7,7,7,7,7","0.000955104827880859","fast_greedy","edit-xhwikibooks.graphml"
"0.15","0.29","0.56","0.708355868036777","2,2,2,2,1,2,1,2,2,8,1,1,2,2,2,4,8,1,6,1,3,5,2,2,2,2,2,4,2,8,1,6,1,1,6,6,7,2,3,3,3,3,5,5,5,5,3,5,5,5,3,3,3,3,3,5,5,5,5,3,2,3,3,2,2,3,3,3,3,3,5,3,2,2,3,3,3,3,3,3,3,2,4,4,4,2,3,3,3,3,8,1,6,3,3,3,4,3,3,3,3,3,3,3,3,3,3,1,1,1,3,3,3,6,6,6,6,6,6,6,6,7,7,7,7,7,7,7,7","0.000993013381958008","fast_greedy","edit-xhwikibooks.graphml"
"0.14","0.3","0.56","0.708355868036777","2,2,2,2,1,2,1,2,2,8,1,1,2,2,2,4,8,1,6,1,3,5,2,2,2,2,2,4,2,8,1,6,1,1,6,6,7,2,3,3,3,3,5,5,5,5,3,5,5,5,3,3,3,3,3,5,5,5,5,3,2,3,3,2,2,3,3,3,3,3,5,3,2,2,3,3,3,3,3,3,3,2,4,4,4,2,3,3,3,3,8,1,6,3,3,3,4,3,3,3,3,3,3,3,3,3,3,1,1,1,3,3,3,6,6,6,6,6,6,6,6,7,7,7,7,7,7,7,7","0.000947952270507812","fast_greedy","edit-xhwikibooks.graphml"
"0.13","0.31","0.56","0.708355868036777","2,2,2,2,1,2,1,2,2,8,1,1,2,2,2,4,8,1,6,1,3,5,2,2,2,2,2,4,2,8,1,6,1,1,6,6,7,2,3,3,3,3,5,5,5,5,3,5,5,5,3,3,3,3,3,5,5,5,5,3,2,3,3,2,2,3,3,3,3,3,5,3,2,2,3,3,3,3,3,3,3,2,4,4,4,2,3,3,3,3,8,1,6,3,3,3,4,3,3,3,3,3,3,3,3,3,3,1,1,1,3,3,3,6,6,6,6,6,6,6,6,7,7,7,7,7,7,7,7","0.000967979431152344","fast_greedy","edit-xhwikibooks.graphml"
"0.12","0.32","0.56","0.708355868036777","2,2,2,2,1,2,1,2,2,8,1,1,2,2,2,4,8,1,6,1,3,5,2,2,2,2,2,4,2,8,1,6,1,1,6,6,7,2,3,3,3,3,5,5,5,5,3,5,5,5,3,3,3,3,3,5,5,5,5,3,2,3,3,2,2,3,3,3,3,3,5,3,2,2,3,3,3,3,3,3,3,2,4,4,4,2,3,3,3,3,8,1,6,3,3,3,4,3,3,3,3,3,3,3,3,3,3,1,1,1,3,3,3,6,6,6,6,6,6,6,6,7,7,7,7,7,7,7,7","0.000963211059570312","fast_greedy","edit-xhwikibooks.graphml"
"0.11","0.33","0.56","0.708355868036777","2,2,2,2,1,2,1,2,2,8,1,1,2,2,2,4,8,1,6,1,3,5,2,2,2,2,2,4,2,8,1,6,1,1,6,6,7,2,3,3,3,3,5,5,5,5,3,5,5,5,3,3,3,3,3,5,5,5,5,3,2,3,3,2,2,3,3,3,3,3,5,3,2,2,3,3,3,3,3,3,3,2,4,4,4,2,3,3,3,3,8,1,6,3,3,3,4,3,3,3,3,3,3,3,3,3,3,1,1,1,3,3,3,6,6,6,6,6,6,6,6,7,7,7,7,7,7,7,7","0.000954151153564453","fast_greedy","edit-xhwikibooks.graphml"
"0.1","0.34","0.56","0.707407531157072","2,2,2,2,1,2,1,2,2,8,1,1,2,2,2,4,8,1,6,1,3,5,2,2,2,2,2,4,2,8,1,6,1,1,6,6,7,2,3,3,3,3,5,5,5,5,3,5,5,5,3,3,3,3,3,5,5,5,5,3,2,3,3,2,2,3,3,3,3,3,5,3,2,2,3,3,3,3,3,3,3,2,4,4,4,2,3,3,3,3,8,1,6,3,3,3,4,3,3,3,3,3,3,3,3,3,3,1,1,1,3,3,3,6,6,6,6,6,6,6,6,7,7,7,7,7,7,7,7","0.00113582611083984","fast_greedy","edit-xhwikibooks.graphml"
"0.09","0.35","0.56","0.707407531157072","2,2,2,2,1,2,1,2,2,8,1,1,2,2,2,4,8,1,6,1,3,5,2,2,2,2,2,4,2,8,1,6,1,1,6,6,7,2,3,3,3,3,5,5,5,5,3,5,5,5,3,3,3,3,3,5,5,5,5,3,2,3,3,2,2,3,3,3,3,3,5,3,2,2,3,3,3,3,3,3,3,2,4,4,4,2,3,3,3,3,8,1,6,3,3,3,4,3,3,3,3,3,3,3,3,3,3,1,1,1,3,3,3,6,6,6,6,6,6,6,6,7,7,7,7,7,7,7,7","0.000946044921875","fast_greedy","edit-xhwikibooks.graphml"
"0.08","0.36","0.56","0.707407531157072","2,2,2,2,1,2,1,2,2,8,1,1,2,2,2,4,8,1,6,1,3,5,2,2,2,2,2,4,2,8,1,6,1,1,6,6,7,2,3,3,3,3,5,5,5,5,3,5,5,5,3,3,3,3,3,5,5,5,5,3,2,3,3,2,2,3,3,3,3,3,5,3,2,2,3,3,3,3,3,3,3,2,4,4,4,2,3,3,3,3,8,1,6,3,3,3,4,3,3,3,3,3,3,3,3,3,3,1,1,1,3,3,3,6,6,6,6,6,6,6,6,7,7,7,7,7,7,7,7","0.000975131988525391","fast_greedy","edit-xhwikibooks.graphml"
"0.07","0.37","0.56","0.707407531157072","2,2,2,2,1,2,1,2,2,8,1,1,2,2,2,4,8,1,6,1,3,5,2,2,2,2,2,4,2,8,1,6,1,1,6,6,7,2,3,3,3,3,5,5,5,5,3,5,5,5,3,3,3,3,3,5,5,5,5,3,2,3,3,2,2,3,3,3,3,3,5,3,2,2,3,3,3,3,3,3,3,2,4,4,4,2,3,3,3,3,8,1,6,3,3,3,4,3,3,3,3,3,3,3,3,3,3,1,1,1,3,3,3,6,6,6,6,6,6,6,6,7,7,7,7,7,7,7,7","0.000967979431152344","fast_greedy","edit-xhwikibooks.graphml"
"0.06","0.38","0.56","0.707407531157072","2,2,2,2,1,2,1,2,2,8,1,1,2,2,2,4,8,1,6,1,3,5,2,2,2,2,2,4,2,8,1,6,1,1,6,6,7,2,3,3,3,3,5,5,5,5,3,5,5,5,3,3,3,3,3,5,5,5,5,3,2,3,3,2,2,3,3,3,3,3,5,3,2,2,3,3,3,3,3,3,3,2,4,4,4,2,3,3,3,3,8,1,6,3,3,3,4,3,3,3,3,3,3,3,3,3,3,1,1,1,3,3,3,6,6,6,6,6,6,6,6,7,7,7,7,7,7,7,7","0.000977039337158203","fast_greedy","edit-xhwikibooks.graphml"
"0.05","0.39","0.56","0.707407531157072","2,2,2,2,1,2,1,2,2,8,1,1,2,2,2,4,8,1,6,1,3,5,2,2,2,2,2,4,2,8,1,6,1,1,6,6,7,2,3,3,3,3,5,5,5,5,3,5,5,5,3,3,3,3,3,5,5,5,5,3,2,3,3,2,2,3,3,3,3,3,5,3,2,2,3,3,3,3,3,3,3,2,4,4,4,2,3,3,3,3,8,1,6,3,3,3,4,3,3,3,3,3,3,3,3,3,3,1,1,1,3,3,3,6,6,6,6,6,6,6,6,7,7,7,7,7,7,7,7","0.000957012176513672","fast_greedy","edit-xhwikibooks.graphml"
"0.04","0.4","0.56","0.707407531157072","2,2,2,2,1,2,1,2,2,8,1,1,2,2,2,4,8,1,6,1,3,5,2,2,2,2,2,4,2,8,1,6,1,1,6,6,7,2,3,3,3,3,5,5,5,5,3,5,5,5,3,3,3,3,3,5,5,5,5,3,2,3,3,2,2,3,3,3,3,3,5,3,2,2,3,3,3,3,3,3,3,2,4,4,4,2,3,3,3,3,8,1,6,3,3,3,4,3,3,3,3,3,3,3,3,3,3,1,1,1,3,3,3,6,6,6,6,6,6,6,6,7,7,7,7,7,7,7,7","0.000971078872680664","fast_greedy","edit-xhwikibooks.graphml"
"0.03","0.41","0.56","0.707407531157072","2,2,2,2,1,2,1,2,2,8,1,1,2,2,2,4,8,1,6,1,3,5,2,2,2,2,2,4,2,8,1,6,1,1,6,6,7,2,3,3,3,3,5,5,5,5,3,5,5,5,3,3,3,3,3,5,5,5,5,3,2,3,3,2,2,3,3,3,3,3,5,3,2,2,3,3,3,3,3,3,3,2,4,4,4,2,3,3,3,3,8,1,6,3,3,3,4,3,3,3,3,3,3,3,3,3,3,1,1,1,3,3,3,6,6,6,6,6,6,6,6,7,7,7,7,7,7,7,7","0.000982999801635742","fast_greedy","edit-xhwikibooks.graphml"
"0.02","0.42","0.56","0.707407531157072","2,2,2,2,1,2,1,2,2,8,1,1,2,2,2,4,8,1,6,1,3,5,2,2,2,2,2,4,2,8,1,6,1,1,6,6,7,2,3,3,3,3,5,5,5,5,3,5,5,5,3,3,3,3,3,5,5,5,5,3,2,3,3,2,2,3,3,3,3,3,5,3,2,2,3,3,3,3,3,3,3,2,4,4,4,2,3,3,3,3,8,1,6,3,3,3,4,3,3,3,3,3,3,3,3,3,3,1,1,1,3,3,3,6,6,6,6,6,6,6,6,7,7,7,7,7,7,7,7","0.00094914436340332","fast_greedy","edit-xhwikibooks.graphml"
"0.01","0.43","0.56","0.707407531157072","2,2,2,2,1,2,1,2,2,8,1,1,2,2,2,4,8,1,6,1,3,5,2,2,2,2,2,4,2,8,1,6,1,1,6,6,7,2,3,3,3,3,5,5,5,5,3,5,5,5,3,3,3,3,3,5,5,5,5,3,2,3,3,2,2,3,3,3,3,3,5,3,2,2,3,3,3,3,3,3,3,2,4,4,4,2,3,3,3,3,8,1,6,3,3,3,4,3,3,3,3,3,3,3,3,3,3,1,1,1,3,3,3,6,6,6,6,6,6,6,6,7,7,7,7,7,7,7,7","0.000959157943725586","fast_greedy","edit-xhwikibooks.graphml"
"0","0.44","0.56","0.682685185185185","7,7,7,7,7,7,7,7,1,10,9,3,7,1,1,4,10,9,6,3,2,5,1,7,1,1,1,4,7,10,9,6,3,3,6,6,8,1,2,2,2,2,5,5,5,5,2,5,5,5,2,2,2,2,2,5,5,5,5,2,1,2,2,7,1,2,2,2,2,2,5,2,1,1,2,2,2,2,2,2,2,1,4,4,4,7,2,2,2,2,10,9,6,2,2,2,4,2,2,2,2,2,2,2,2,2,2,3,3,3,2,2,2,6,6,6,6,6,6,6,6,8,8,8,8,8,8,8,8","0.000950098037719727","fast_greedy","edit-xhwikibooks.graphml"
"0.43","0","0.57","0.706884169488048","2,2,2,2,1,2,1,2,2,8,1,1,2,2,2,4,8,1,6,1,3,5,2,2,2,2,2,4,2,8,1,6,1,1,6,6,7,2,3,3,3,3,5,5,5,5,3,5,5,5,3,3,3,3,3,5,5,5,5,3,2,3,3,2,2,3,3,3,3,3,5,3,2,2,3,3,3,3,3,3,3,2,4,4,4,2,3,3,3,3,8,1,6,3,3,3,4,3,3,3,3,3,3,3,3,3,3,1,1,1,3,3,3,6,6,6,6,6,6,6,6,7,7,7,7,7,7,7,7","0.0011601448059082","fast_greedy","edit-xhwikibooks.graphml"
"0.42","0.01","0.57","0.706884169488048","2,2,2,2,1,2,1,2,2,8,1,1,2,2,2,4,8,1,6,1,3,5,2,2,2,2,2,4,2,8,1,6,1,1,6,6,7,2,3,3,3,3,5,5,5,5,3,5,5,5,3,3,3,3,3,5,5,5,5,3,2,3,3,2,2,3,3,3,3,3,5,3,2,2,3,3,3,3,3,3,3,2,4,4,4,2,3,3,3,3,8,1,6,3,3,3,4,3,3,3,3,3,3,3,3,3,3,1,1,1,3,3,3,6,6,6,6,6,6,6,6,7,7,7,7,7,7,7,7","0.000906944274902344","fast_greedy","edit-xhwikibooks.graphml"
"0.41","0.02","0.57","0.706884169488048","2,2,2,2,1,2,1,2,2,8,1,1,2,2,2,4,8,1,6,1,3,5,2,2,2,2,2,4,2,8,1,6,1,1,6,6,7,2,3,3,3,3,5,5,5,5,3,5,5,5,3,3,3,3,3,5,5,5,5,3,2,3,3,2,2,3,3,3,3,3,5,3,2,2,3,3,3,3,3,3,3,2,4,4,4,2,3,3,3,3,8,1,6,3,3,3,4,3,3,3,3,3,3,3,3,3,3,1,1,1,3,3,3,6,6,6,6,6,6,6,6,7,7,7,7,7,7,7,7","0.000932931900024414","fast_greedy","edit-xhwikibooks.graphml"
"0.4","0.03","0.57","0.706884169488048","2,2,2,2,1,2,1,2,2,8,1,1,2,2,2,4,8,1,6,1,3,5,2,2,2,2,2,4,2,8,1,6,1,1,6,6,7,2,3,3,3,3,5,5,5,5,3,5,5,5,3,3,3,3,3,5,5,5,5,3,2,3,3,2,2,3,3,3,3,3,5,3,2,2,3,3,3,3,3,3,3,2,4,4,4,2,3,3,3,3,8,1,6,3,3,3,4,3,3,3,3,3,3,3,3,3,3,1,1,1,3,3,3,6,6,6,6,6,6,6,6,7,7,7,7,7,7,7,7","0.000922918319702148","fast_greedy","edit-xhwikibooks.graphml"
"0.39","0.04","0.57","0.706884169488048","2,2,2,2,1,2,1,2,2,8,1,1,2,2,2,4,8,1,6,1,3,5,2,2,2,2,2,4,2,8,1,6,1,1,6,6,7,2,3,3,3,3,5,5,5,5,3,5,5,5,3,3,3,3,3,5,5,5,5,3,2,3,3,2,2,3,3,3,3,3,5,3,2,2,3,3,3,3,3,3,3,2,4,4,4,2,3,3,3,3,8,1,6,3,3,3,4,3,3,3,3,3,3,3,3,3,3,1,1,1,3,3,3,6,6,6,6,6,6,6,6,7,7,7,7,7,7,7,7","0.000967025756835938","fast_greedy","edit-xhwikibooks.graphml"
"0.38","0.05","0.57","0.706884169488048","2,2,2,2,1,2,1,2,2,8,1,1,2,2,2,4,8,1,6,1,3,5,2,2,2,2,2,4,2,8,1,6,1,1,6,6,7,2,3,3,3,3,5,5,5,5,3,5,5,5,3,3,3,3,3,5,5,5,5,3,2,3,3,2,2,3,3,3,3,3,5,3,2,2,3,3,3,3,3,3,3,2,4,4,4,2,3,3,3,3,8,1,6,3,3,3,4,3,3,3,3,3,3,3,3,3,3,1,1,1,3,3,3,6,6,6,6,6,6,6,6,7,7,7,7,7,7,7,7","0.000990867614746094","fast_greedy","edit-xhwikibooks.graphml"
"0.37","0.06","0.57","0.706884169488048","2,2,2,2,1,2,1,2,2,8,1,1,2,2,2,4,8,1,6,1,3,5,2,2,2,2,2,4,2,8,1,6,1,1,6,6,7,2,3,3,3,3,5,5,5,5,3,5,5,5,3,3,3,3,3,5,5,5,5,3,2,3,3,2,2,3,3,3,3,3,5,3,2,2,3,3,3,3,3,3,3,2,4,4,4,2,3,3,3,3,8,1,6,3,3,3,4,3,3,3,3,3,3,3,3,3,3,1,1,1,3,3,3,6,6,6,6,6,6,6,6,7,7,7,7,7,7,7,7","0.000929117202758789","fast_greedy","edit-xhwikibooks.graphml"
"0.36","0.07","0.57","0.706884169488048","2,2,2,2,1,2,1,2,2,8,1,1,2,2,2,4,8,1,6,1,3,5,2,2,2,2,2,4,2,8,1,6,1,1,6,6,7,2,3,3,3,3,5,5,5,5,3,5,5,5,3,3,3,3,3,5,5,5,5,3,2,3,3,2,2,3,3,3,3,3,5,3,2,2,3,3,3,3,3,3,3,2,4,4,4,2,3,3,3,3,8,1,6,3,3,3,4,3,3,3,3,3,3,3,3,3,3,1,1,1,3,3,3,6,6,6,6,6,6,6,6,7,7,7,7,7,7,7,7","0.00107502937316895","fast_greedy","edit-xhwikibooks.graphml"
"0.35","0.08","0.57","0.706884169488048","2,2,2,2,1,2,1,2,2,8,1,1,2,2,2,4,8,1,6,1,3,5,2,2,2,2,2,4,2,8,1,6,1,1,6,6,7,2,3,3,3,3,5,5,5,5,3,5,5,5,3,3,3,3,3,5,5,5,5,3,2,3,3,2,2,3,3,3,3,3,5,3,2,2,3,3,3,3,3,3,3,2,4,4,4,2,3,3,3,3,8,1,6,3,3,3,4,3,3,3,3,3,3,3,3,3,3,1,1,1,3,3,3,6,6,6,6,6,6,6,6,7,7,7,7,7,7,7,7","0.000946044921875","fast_greedy","edit-xhwikibooks.graphml"
"0.34","0.09","0.57","0.706884169488048","2,2,2,2,1,2,1,2,2,8,1,1,2,2,2,4,8,1,6,1,3,5,2,2,2,2,2,4,2,8,1,6,1,1,6,6,7,2,3,3,3,3,5,5,5,5,3,5,5,5,3,3,3,3,3,5,5,5,5,3,2,3,3,2,2,3,3,3,3,3,5,3,2,2,3,3,3,3,3,3,3,2,4,4,4,2,3,3,3,3,8,1,6,3,3,3,4,3,3,3,3,3,3,3,3,3,3,1,1,1,3,3,3,6,6,6,6,6,6,6,6,7,7,7,7,7,7,7,7","0.000952005386352539","fast_greedy","edit-xhwikibooks.graphml"
"0.33","0.1","0.57","0.706884169488048","2,2,2,2,1,2,1,2,2,8,1,1,2,2,2,4,8,1,6,1,3,5,2,2,2,2,2,4,2,8,1,6,1,1,6,6,7,2,3,3,3,3,5,5,5,5,3,5,5,5,3,3,3,3,3,5,5,5,5,3,2,3,3,2,2,3,3,3,3,3,5,3,2,2,3,3,3,3,3,3,3,2,4,4,4,2,3,3,3,3,8,1,6,3,3,3,4,3,3,3,3,3,3,3,3,3,3,1,1,1,3,3,3,6,6,6,6,6,6,6,6,7,7,7,7,7,7,7,7","0.000947952270507812","fast_greedy","edit-xhwikibooks.graphml"
"0.32","0.11","0.57","0.706884169488048","2,2,2,2,1,2,1,2,2,8,1,1,2,2,2,4,8,1,6,1,3,5,2,2,2,2,2,4,2,8,1,6,1,1,6,6,7,2,3,3,3,3,5,5,5,5,3,5,5,5,3,3,3,3,3,5,5,5,5,3,2,3,3,2,2,3,3,3,3,3,5,3,2,2,3,3,3,3,3,3,3,2,4,4,4,2,3,3,3,3,8,1,6,3,3,3,4,3,3,3,3,3,3,3,3,3,3,1,1,1,3,3,3,6,6,6,6,6,6,6,6,7,7,7,7,7,7,7,7","0.00113892555236816","fast_greedy","edit-xhwikibooks.graphml"
"0.31","0.12","0.57","0.706884169488048","2,2,2,2,1,2,1,2,2,8,1,1,2,2,2,4,8,1,6,1,3,5,2,2,2,2,2,4,2,8,1,6,1,1,6,6,7,2,3,3,3,3,5,5,5,5,3,5,5,5,3,3,3,3,3,5,5,5,5,3,2,3,3,2,2,3,3,3,3,3,5,3,2,2,3,3,3,3,3,3,3,2,4,4,4,2,3,3,3,3,8,1,6,3,3,3,4,3,3,3,3,3,3,3,3,3,3,1,1,1,3,3,3,6,6,6,6,6,6,6,6,7,7,7,7,7,7,7,7","0.000941991806030273","fast_greedy","edit-xhwikibooks.graphml"
"0.3","0.13","0.57","0.706884169488048","2,2,2,2,1,2,1,2,2,8,1,1,2,2,2,4,8,1,6,1,3,5,2,2,2,2,2,4,2,8,1,6,1,1,6,6,7,2,3,3,3,3,5,5,5,5,3,5,5,5,3,3,3,3,3,5,5,5,5,3,2,3,3,2,2,3,3,3,3,3,5,3,2,2,3,3,3,3,3,3,3,2,4,4,4,2,3,3,3,3,8,1,6,3,3,3,4,3,3,3,3,3,3,3,3,3,3,1,1,1,3,3,3,6,6,6,6,6,6,6,6,7,7,7,7,7,7,7,7","0.000929832458496094","fast_greedy","edit-xhwikibooks.graphml"
"0.29","0.14","0.57","0.706884169488048","2,2,2,2,1,2,1,2,2,8,1,1,2,2,2,4,8,1,6,1,3,5,2,2,2,2,2,4,2,8,1,6,1,1,6,6,7,2,3,3,3,3,5,5,5,5,3,5,5,5,3,3,3,3,3,5,5,5,5,3,2,3,3,2,2,3,3,3,3,3,5,3,2,2,3,3,3,3,3,3,3,2,4,4,4,2,3,3,3,3,8,1,6,3,3,3,4,3,3,3,3,3,3,3,3,3,3,1,1,1,3,3,3,6,6,6,6,6,6,6,6,7,7,7,7,7,7,7,7","0.000930070877075195","fast_greedy","edit-xhwikibooks.graphml"
"0.28","0.15","0.57","0.706884169488048","2,2,2,2,1,2,1,2,2,8,1,1,2,2,2,4,8,1,6,1,3,5,2,2,2,2,2,4,2,8,1,6,1,1,6,6,7,2,3,3,3,3,5,5,5,5,3,5,5,5,3,3,3,3,3,5,5,5,5,3,2,3,3,2,2,3,3,3,3,3,5,3,2,2,3,3,3,3,3,3,3,2,4,4,4,2,3,3,3,3,8,1,6,3,3,3,4,3,3,3,3,3,3,3,3,3,3,1,1,1,3,3,3,6,6,6,6,6,6,6,6,7,7,7,7,7,7,7,7","0.000953197479248047","fast_greedy","edit-xhwikibooks.graphml"
"0.27","0.16","0.57","0.706884169488048","2,2,2,2,1,2,1,2,2,8,1,1,2,2,2,4,8,1,6,1,3,5,2,2,2,2,2,4,2,8,1,6,1,1,6,6,7,2,3,3,3,3,5,5,5,5,3,5,5,5,3,3,3,3,3,5,5,5,5,3,2,3,3,2,2,3,3,3,3,3,5,3,2,2,3,3,3,3,3,3,3,2,4,4,4,2,3,3,3,3,8,1,6,3,3,3,4,3,3,3,3,3,3,3,3,3,3,1,1,1,3,3,3,6,6,6,6,6,6,6,6,7,7,7,7,7,7,7,7","0.000960826873779297","fast_greedy","edit-xhwikibooks.graphml"
"0.26","0.17","0.57","0.708355868036777","2,2,2,2,1,2,1,2,2,8,1,1,2,2,2,4,8,1,6,1,3,5,2,2,2,2,2,4,2,8,1,6,1,1,6,6,7,2,3,3,3,3,5,5,5,5,3,5,5,5,3,3,3,3,3,5,5,5,5,3,2,3,3,2,2,3,3,3,3,3,5,3,2,2,3,3,3,3,3,3,3,2,4,4,4,2,3,3,3,3,8,1,6,3,3,3,4,3,3,3,3,3,3,3,3,3,3,1,1,1,3,3,3,6,6,6,6,6,6,6,6,7,7,7,7,7,7,7,7","0.000991106033325195","fast_greedy","edit-xhwikibooks.graphml"
"0.25","0.18","0.57","0.708355868036777","2,2,2,2,1,2,1,2,2,8,1,1,2,2,2,4,8,1,6,1,3,5,2,2,2,2,2,4,2,8,1,6,1,1,6,6,7,2,3,3,3,3,5,5,5,5,3,5,5,5,3,3,3,3,3,5,5,5,5,3,2,3,3,2,2,3,3,3,3,3,5,3,2,2,3,3,3,3,3,3,3,2,4,4,4,2,3,3,3,3,8,1,6,3,3,3,4,3,3,3,3,3,3,3,3,3,3,1,1,1,3,3,3,6,6,6,6,6,6,6,6,7,7,7,7,7,7,7,7","0.00097203254699707","fast_greedy","edit-xhwikibooks.graphml"
"0.24","0.19","0.57","0.708355868036777","2,2,2,2,1,2,1,2,2,8,1,1,2,2,2,4,8,1,6,1,3,5,2,2,2,2,2,4,2,8,1,6,1,1,6,6,7,2,3,3,3,3,5,5,5,5,3,5,5,5,3,3,3,3,3,5,5,5,5,3,2,3,3,2,2,3,3,3,3,3,5,3,2,2,3,3,3,3,3,3,3,2,4,4,4,2,3,3,3,3,8,1,6,3,3,3,4,3,3,3,3,3,3,3,3,3,3,1,1,1,3,3,3,6,6,6,6,6,6,6,6,7,7,7,7,7,7,7,7","0.000980138778686523","fast_greedy","edit-xhwikibooks.graphml"
"0.23","0.2","0.57","0.708355868036777","2,2,2,2,1,2,1,2,2,8,1,1,2,2,2,4,8,1,6,1,3,5,2,2,2,2,2,4,2,8,1,6,1,1,6,6,7,2,3,3,3,3,5,5,5,5,3,5,5,5,3,3,3,3,3,5,5,5,5,3,2,3,3,2,2,3,3,3,3,3,5,3,2,2,3,3,3,3,3,3,3,2,4,4,4,2,3,3,3,3,8,1,6,3,3,3,4,3,3,3,3,3,3,3,3,3,3,1,1,1,3,3,3,6,6,6,6,6,6,6,6,7,7,7,7,7,7,7,7","0.000916957855224609","fast_greedy","edit-xhwikibooks.graphml"
"0.22","0.21","0.57","0.708355868036777","2,2,2,2,1,2,1,2,2,8,1,1,2,2,2,4,8,1,6,1,3,5,2,2,2,2,2,4,2,8,1,6,1,1,6,6,7,2,3,3,3,3,5,5,5,5,3,5,5,5,3,3,3,3,3,5,5,5,5,3,2,3,3,2,2,3,3,3,3,3,5,3,2,2,3,3,3,3,3,3,3,2,4,4,4,2,3,3,3,3,8,1,6,3,3,3,4,3,3,3,3,3,3,3,3,3,3,1,1,1,3,3,3,6,6,6,6,6,6,6,6,7,7,7,7,7,7,7,7","0.001007080078125","fast_greedy","edit-xhwikibooks.graphml"
"0.21","0.22","0.57","0.708355868036777","2,2,2,2,1,2,1,2,2,8,1,1,2,2,2,4,8,1,6,1,3,5,2,2,2,2,2,4,2,8,1,6,1,1,6,6,7,2,3,3,3,3,5,5,5,5,3,5,5,5,3,3,3,3,3,5,5,5,5,3,2,3,3,2,2,3,3,3,3,3,5,3,2,2,3,3,3,3,3,3,3,2,4,4,4,2,3,3,3,3,8,1,6,3,3,3,4,3,3,3,3,3,3,3,3,3,3,1,1,1,3,3,3,6,6,6,6,6,6,6,6,7,7,7,7,7,7,7,7","0.000927925109863281","fast_greedy","edit-xhwikibooks.graphml"
"0.2","0.23","0.57","0.708355868036777","2,2,2,2,1,2,1,2,2,8,1,1,2,2,2,4,8,1,6,1,3,5,2,2,2,2,2,4,2,8,1,6,1,1,6,6,7,2,3,3,3,3,5,5,5,5,3,5,5,5,3,3,3,3,3,5,5,5,5,3,2,3,3,2,2,3,3,3,3,3,5,3,2,2,3,3,3,3,3,3,3,2,4,4,4,2,3,3,3,3,8,1,6,3,3,3,4,3,3,3,3,3,3,3,3,3,3,1,1,1,3,3,3,6,6,6,6,6,6,6,6,7,7,7,7,7,7,7,7","0.000931024551391602","fast_greedy","edit-xhwikibooks.graphml"
"0.19","0.24","0.57","0.708355868036777","2,2,2,2,1,2,1,2,2,8,1,1,2,2,2,4,8,1,6,1,3,5,2,2,2,2,2,4,2,8,1,6,1,1,6,6,7,2,3,3,3,3,5,5,5,5,3,5,5,5,3,3,3,3,3,5,5,5,5,3,2,3,3,2,2,3,3,3,3,3,5,3,2,2,3,3,3,3,3,3,3,2,4,4,4,2,3,3,3,3,8,1,6,3,3,3,4,3,3,3,3,3,3,3,3,3,3,1,1,1,3,3,3,6,6,6,6,6,6,6,6,7,7,7,7,7,7,7,7","0.000932216644287109","fast_greedy","edit-xhwikibooks.graphml"
"0.18","0.25","0.57","0.708355868036777","2,2,2,2,1,2,1,2,2,8,1,1,2,2,2,4,8,1,6,1,3,5,2,2,2,2,2,4,2,8,1,6,1,1,6,6,7,2,3,3,3,3,5,5,5,5,3,5,5,5,3,3,3,3,3,5,5,5,5,3,2,3,3,2,2,3,3,3,3,3,5,3,2,2,3,3,3,3,3,3,3,2,4,4,4,2,3,3,3,3,8,1,6,3,3,3,4,3,3,3,3,3,3,3,3,3,3,1,1,1,3,3,3,6,6,6,6,6,6,6,6,7,7,7,7,7,7,7,7","0.000947952270507812","fast_greedy","edit-xhwikibooks.graphml"
"0.17","0.26","0.57","0.708355868036777","2,2,2,2,1,2,1,2,2,8,1,1,2,2,2,4,8,1,6,1,3,5,2,2,2,2,2,4,2,8,1,6,1,1,6,6,7,2,3,3,3,3,5,5,5,5,3,5,5,5,3,3,3,3,3,5,5,5,5,3,2,3,3,2,2,3,3,3,3,3,5,3,2,2,3,3,3,3,3,3,3,2,4,4,4,2,3,3,3,3,8,1,6,3,3,3,4,3,3,3,3,3,3,3,3,3,3,1,1,1,3,3,3,6,6,6,6,6,6,6,6,7,7,7,7,7,7,7,7","0.000961065292358398","fast_greedy","edit-xhwikibooks.graphml"
"0.16","0.27","0.57","0.708355868036777","2,2,2,2,1,2,1,2,2,8,1,1,2,2,2,4,8,1,6,1,3,5,2,2,2,2,2,4,2,8,1,6,1,1,6,6,7,2,3,3,3,3,5,5,5,5,3,5,5,5,3,3,3,3,3,5,5,5,5,3,2,3,3,2,2,3,3,3,3,3,5,3,2,2,3,3,3,3,3,3,3,2,4,4,4,2,3,3,3,3,8,1,6,3,3,3,4,3,3,3,3,3,3,3,3,3,3,1,1,1,3,3,3,6,6,6,6,6,6,6,6,7,7,7,7,7,7,7,7","0.000962972640991211","fast_greedy","edit-xhwikibooks.graphml"
"0.15","0.28","0.57","0.708355868036777","2,2,2,2,1,2,1,2,2,8,1,1,2,2,2,4,8,1,6,1,3,5,2,2,2,2,2,4,2,8,1,6,1,1,6,6,7,2,3,3,3,3,5,5,5,5,3,5,5,5,3,3,3,3,3,5,5,5,5,3,2,3,3,2,2,3,3,3,3,3,5,3,2,2,3,3,3,3,3,3,3,2,4,4,4,2,3,3,3,3,8,1,6,3,3,3,4,3,3,3,3,3,3,3,3,3,3,1,1,1,3,3,3,6,6,6,6,6,6,6,6,7,7,7,7,7,7,7,7","0.000951051712036133","fast_greedy","edit-xhwikibooks.graphml"
"0.14","0.29","0.57","0.708355868036777","2,2,2,2,1,2,1,2,2,8,1,1,2,2,2,4,8,1,6,1,3,5,2,2,2,2,2,4,2,8,1,6,1,1,6,6,7,2,3,3,3,3,5,5,5,5,3,5,5,5,3,3,3,3,3,5,5,5,5,3,2,3,3,2,2,3,3,3,3,3,5,3,2,2,3,3,3,3,3,3,3,2,4,4,4,2,3,3,3,3,8,1,6,3,3,3,4,3,3,3,3,3,3,3,3,3,3,1,1,1,3,3,3,6,6,6,6,6,6,6,6,7,7,7,7,7,7,7,7","0.000936985015869141","fast_greedy","edit-xhwikibooks.graphml"
"0.13","0.3","0.57","0.708355868036777","2,2,2,2,1,2,1,2,2,8,1,1,2,2,2,4,8,1,6,1,3,5,2,2,2,2,2,4,2,8,1,6,1,1,6,6,7,2,3,3,3,3,5,5,5,5,3,5,5,5,3,3,3,3,3,5,5,5,5,3,2,3,3,2,2,3,3,3,3,3,5,3,2,2,3,3,3,3,3,3,3,2,4,4,4,2,3,3,3,3,8,1,6,3,3,3,4,3,3,3,3,3,3,3,3,3,3,1,1,1,3,3,3,6,6,6,6,6,6,6,6,7,7,7,7,7,7,7,7","0.000934839248657227","fast_greedy","edit-xhwikibooks.graphml"
"0.12","0.31","0.57","0.708355868036777","2,2,2,2,1,2,1,2,2,8,1,1,2,2,2,4,8,1,6,1,3,5,2,2,2,2,2,4,2,8,1,6,1,1,6,6,7,2,3,3,3,3,5,5,5,5,3,5,5,5,3,3,3,3,3,5,5,5,5,3,2,3,3,2,2,3,3,3,3,3,5,3,2,2,3,3,3,3,3,3,3,2,4,4,4,2,3,3,3,3,8,1,6,3,3,3,4,3,3,3,3,3,3,3,3,3,3,1,1,1,3,3,3,6,6,6,6,6,6,6,6,7,7,7,7,7,7,7,7","0.000930070877075195","fast_greedy","edit-xhwikibooks.graphml"
"0.11","0.32","0.57","0.708355868036777","2,2,2,2,1,2,1,2,2,8,1,1,2,2,2,4,8,1,6,1,3,5,2,2,2,2,2,4,2,8,1,6,1,1,6,6,7,2,3,3,3,3,5,5,5,5,3,5,5,5,3,3,3,3,3,5,5,5,5,3,2,3,3,2,2,3,3,3,3,3,5,3,2,2,3,3,3,3,3,3,3,2,4,4,4,2,3,3,3,3,8,1,6,3,3,3,4,3,3,3,3,3,3,3,3,3,3,1,1,1,3,3,3,6,6,6,6,6,6,6,6,7,7,7,7,7,7,7,7","0.00105404853820801","fast_greedy","edit-xhwikibooks.graphml"
"0.1","0.33","0.57","0.708355868036777","2,2,2,2,1,2,1,2,2,8,1,1,2,2,2,4,8,1,6,1,3,5,2,2,2,2,2,4,2,8,1,6,1,1,6,6,7,2,3,3,3,3,5,5,5,5,3,5,5,5,3,3,3,3,3,5,5,5,5,3,2,3,3,2,2,3,3,3,3,3,5,3,2,2,3,3,3,3,3,3,3,2,4,4,4,2,3,3,3,3,8,1,6,3,3,3,4,3,3,3,3,3,3,3,3,3,3,1,1,1,3,3,3,6,6,6,6,6,6,6,6,7,7,7,7,7,7,7,7","0.000916957855224609","fast_greedy","edit-xhwikibooks.graphml"
"0.09","0.34","0.57","0.707407531157072","2,2,2,2,1,2,1,2,2,8,1,1,2,2,2,4,8,1,6,1,3,5,2,2,2,2,2,4,2,8,1,6,1,1,6,6,7,2,3,3,3,3,5,5,5,5,3,5,5,5,3,3,3,3,3,5,5,5,5,3,2,3,3,2,2,3,3,3,3,3,5,3,2,2,3,3,3,3,3,3,3,2,4,4,4,2,3,3,3,3,8,1,6,3,3,3,4,3,3,3,3,3,3,3,3,3,3,1,1,1,3,3,3,6,6,6,6,6,6,6,6,7,7,7,7,7,7,7,7","0.000950813293457031","fast_greedy","edit-xhwikibooks.graphml"
"0.08","0.35","0.57","0.707407531157072","2,2,2,2,1,2,1,2,2,8,1,1,2,2,2,4,8,1,6,1,3,5,2,2,2,2,2,4,2,8,1,6,1,1,6,6,7,2,3,3,3,3,5,5,5,5,3,5,5,5,3,3,3,3,3,5,5,5,5,3,2,3,3,2,2,3,3,3,3,3,5,3,2,2,3,3,3,3,3,3,3,2,4,4,4,2,3,3,3,3,8,1,6,3,3,3,4,3,3,3,3,3,3,3,3,3,3,1,1,1,3,3,3,6,6,6,6,6,6,6,6,7,7,7,7,7,7,7,7","0.000955820083618164","fast_greedy","edit-xhwikibooks.graphml"
"0.07","0.36","0.57","0.707407531157072","2,2,2,2,1,2,1,2,2,8,1,1,2,2,2,4,8,1,6,1,3,5,2,2,2,2,2,4,2,8,1,6,1,1,6,6,7,2,3,3,3,3,5,5,5,5,3,5,5,5,3,3,3,3,3,5,5,5,5,3,2,3,3,2,2,3,3,3,3,3,5,3,2,2,3,3,3,3,3,3,3,2,4,4,4,2,3,3,3,3,8,1,6,3,3,3,4,3,3,3,3,3,3,3,3,3,3,1,1,1,3,3,3,6,6,6,6,6,6,6,6,7,7,7,7,7,7,7,7","0.000957012176513672","fast_greedy","edit-xhwikibooks.graphml"
"0.06","0.37","0.57","0.707407531157072","2,2,2,2,1,2,1,2,2,8,1,1,2,2,2,4,8,1,6,1,3,5,2,2,2,2,2,4,2,8,1,6,1,1,6,6,7,2,3,3,3,3,5,5,5,5,3,5,5,5,3,3,3,3,3,5,5,5,5,3,2,3,3,2,2,3,3,3,3,3,5,3,2,2,3,3,3,3,3,3,3,2,4,4,4,2,3,3,3,3,8,1,6,3,3,3,4,3,3,3,3,3,3,3,3,3,3,1,1,1,3,3,3,6,6,6,6,6,6,6,6,7,7,7,7,7,7,7,7","0.000952959060668945","fast_greedy","edit-xhwikibooks.graphml"
"0.05","0.38","0.57","0.707407531157072","2,2,2,2,1,2,1,2,2,8,1,1,2,2,2,4,8,1,6,1,3,5,2,2,2,2,2,4,2,8,1,6,1,1,6,6,7,2,3,3,3,3,5,5,5,5,3,5,5,5,3,3,3,3,3,5,5,5,5,3,2,3,3,2,2,3,3,3,3,3,5,3,2,2,3,3,3,3,3,3,3,2,4,4,4,2,3,3,3,3,8,1,6,3,3,3,4,3,3,3,3,3,3,3,3,3,3,1,1,1,3,3,3,6,6,6,6,6,6,6,6,7,7,7,7,7,7,7,7","0.000963926315307617","fast_greedy","edit-xhwikibooks.graphml"
"0.04","0.39","0.57","0.707407531157072","2,2,2,2,1,2,1,2,2,8,1,1,2,2,2,4,8,1,6,1,3,5,2,2,2,2,2,4,2,8,1,6,1,1,6,6,7,2,3,3,3,3,5,5,5,5,3,5,5,5,3,3,3,3,3,5,5,5,5,3,2,3,3,2,2,3,3,3,3,3,5,3,2,2,3,3,3,3,3,3,3,2,4,4,4,2,3,3,3,3,8,1,6,3,3,3,4,3,3,3,3,3,3,3,3,3,3,1,1,1,3,3,3,6,6,6,6,6,6,6,6,7,7,7,7,7,7,7,7","0.000936985015869141","fast_greedy","edit-xhwikibooks.graphml"
"0.03","0.4","0.57","0.707407531157072","2,2,2,2,1,2,1,2,2,8,1,1,2,2,2,4,8,1,6,1,3,5,2,2,2,2,2,4,2,8,1,6,1,1,6,6,7,2,3,3,3,3,5,5,5,5,3,5,5,5,3,3,3,3,3,5,5,5,5,3,2,3,3,2,2,3,3,3,3,3,5,3,2,2,3,3,3,3,3,3,3,2,4,4,4,2,3,3,3,3,8,1,6,3,3,3,4,3,3,3,3,3,3,3,3,3,3,1,1,1,3,3,3,6,6,6,6,6,6,6,6,7,7,7,7,7,7,7,7","0.000927209854125977","fast_greedy","edit-xhwikibooks.graphml"
"0.02","0.41","0.57","0.707407531157072","2,2,2,2,1,2,1,2,2,8,1,1,2,2,2,4,8,1,6,1,3,5,2,2,2,2,2,4,2,8,1,6,1,1,6,6,7,2,3,3,3,3,5,5,5,5,3,5,5,5,3,3,3,3,3,5,5,5,5,3,2,3,3,2,2,3,3,3,3,3,5,3,2,2,3,3,3,3,3,3,3,2,4,4,4,2,3,3,3,3,8,1,6,3,3,3,4,3,3,3,3,3,3,3,3,3,3,1,1,1,3,3,3,6,6,6,6,6,6,6,6,7,7,7,7,7,7,7,7","0.000950813293457031","fast_greedy","edit-xhwikibooks.graphml"
"0.01","0.42","0.57","0.707407531157072","2,2,2,2,1,2,1,2,2,8,1,1,2,2,2,4,8,1,6,1,3,5,2,2,2,2,2,4,2,8,1,6,1,1,6,6,7,2,3,3,3,3,5,5,5,5,3,5,5,5,3,3,3,3,3,5,5,5,5,3,2,3,3,2,2,3,3,3,3,3,5,3,2,2,3,3,3,3,3,3,3,2,4,4,4,2,3,3,3,3,8,1,6,3,3,3,4,3,3,3,3,3,3,3,3,3,3,1,1,1,3,3,3,6,6,6,6,6,6,6,6,7,7,7,7,7,7,7,7","0.0010380744934082","fast_greedy","edit-xhwikibooks.graphml"
"0","0.43","0.57","0.682685185185185","7,7,7,7,7,7,7,7,1,10,9,3,7,1,1,4,10,9,6,3,2,5,1,7,1,1,1,4,7,10,9,6,3,3,6,6,8,1,2,2,2,2,5,5,5,5,2,5,5,5,2,2,2,2,2,5,5,5,5,2,1,2,2,7,1,2,2,2,2,2,5,2,1,1,2,2,2,2,2,2,2,1,4,4,4,7,2,2,2,2,10,9,6,2,2,2,4,2,2,2,2,2,2,2,2,2,2,3,3,3,2,2,2,6,6,6,6,6,6,6,6,8,8,8,8,8,8,8,8","0.00111293792724609","fast_greedy","edit-xhwikibooks.graphml"
"0.42","0","0.58","0.706884169488048","2,2,2,2,1,2,1,2,2,8,1,1,2,2,2,4,8,1,6,1,3,5,2,2,2,2,2,4,2,8,1,6,1,1,6,6,7,2,3,3,3,3,5,5,5,5,3,5,5,5,3,3,3,3,3,5,5,5,5,3,2,3,3,2,2,3,3,3,3,3,5,3,2,2,3,3,3,3,3,3,3,2,4,4,4,2,3,3,3,3,8,1,6,3,3,3,4,3,3,3,3,3,3,3,3,3,3,1,1,1,3,3,3,6,6,6,6,6,6,6,6,7,7,7,7,7,7,7,7","0.000925064086914062","fast_greedy","edit-xhwikibooks.graphml"
"0.41","0.01","0.58","0.706884169488048","2,2,2,2,1,2,1,2,2,8,1,1,2,2,2,4,8,1,6,1,3,5,2,2,2,2,2,4,2,8,1,6,1,1,6,6,7,2,3,3,3,3,5,5,5,5,3,5,5,5,3,3,3,3,3,5,5,5,5,3,2,3,3,2,2,3,3,3,3,3,5,3,2,2,3,3,3,3,3,3,3,2,4,4,4,2,3,3,3,3,8,1,6,3,3,3,4,3,3,3,3,3,3,3,3,3,3,1,1,1,3,3,3,6,6,6,6,6,6,6,6,7,7,7,7,7,7,7,7","0.000928878784179688","fast_greedy","edit-xhwikibooks.graphml"
"0.4","0.02","0.58","0.706884169488048","2,2,2,2,1,2,1,2,2,8,1,1,2,2,2,4,8,1,6,1,3,5,2,2,2,2,2,4,2,8,1,6,1,1,6,6,7,2,3,3,3,3,5,5,5,5,3,5,5,5,3,3,3,3,3,5,5,5,5,3,2,3,3,2,2,3,3,3,3,3,5,3,2,2,3,3,3,3,3,3,3,2,4,4,4,2,3,3,3,3,8,1,6,3,3,3,4,3,3,3,3,3,3,3,3,3,3,1,1,1,3,3,3,6,6,6,6,6,6,6,6,7,7,7,7,7,7,7,7","0.000947952270507812","fast_greedy","edit-xhwikibooks.graphml"
"0.39","0.03","0.58","0.706884169488048","2,2,2,2,1,2,1,2,2,8,1,1,2,2,2,4,8,1,6,1,3,5,2,2,2,2,2,4,2,8,1,6,1,1,6,6,7,2,3,3,3,3,5,5,5,5,3,5,5,5,3,3,3,3,3,5,5,5,5,3,2,3,3,2,2,3,3,3,3,3,5,3,2,2,3,3,3,3,3,3,3,2,4,4,4,2,3,3,3,3,8,1,6,3,3,3,4,3,3,3,3,3,3,3,3,3,3,1,1,1,3,3,3,6,6,6,6,6,6,6,6,7,7,7,7,7,7,7,7","0.000963926315307617","fast_greedy","edit-xhwikibooks.graphml"
"0.38","0.04","0.58","0.706884169488048","2,2,2,2,1,2,1,2,2,8,1,1,2,2,2,4,8,1,6,1,3,5,2,2,2,2,2,4,2,8,1,6,1,1,6,6,7,2,3,3,3,3,5,5,5,5,3,5,5,5,3,3,3,3,3,5,5,5,5,3,2,3,3,2,2,3,3,3,3,3,5,3,2,2,3,3,3,3,3,3,3,2,4,4,4,2,3,3,3,3,8,1,6,3,3,3,4,3,3,3,3,3,3,3,3,3,3,1,1,1,3,3,3,6,6,6,6,6,6,6,6,7,7,7,7,7,7,7,7","0.000958919525146484","fast_greedy","edit-xhwikibooks.graphml"
"0.37","0.05","0.58","0.706884169488048","2,2,2,2,1,2,1,2,2,8,1,1,2,2,2,4,8,1,6,1,3,5,2,2,2,2,2,4,2,8,1,6,1,1,6,6,7,2,3,3,3,3,5,5,5,5,3,5,5,5,3,3,3,3,3,5,5,5,5,3,2,3,3,2,2,3,3,3,3,3,5,3,2,2,3,3,3,3,3,3,3,2,4,4,4,2,3,3,3,3,8,1,6,3,3,3,4,3,3,3,3,3,3,3,3,3,3,1,1,1,3,3,3,6,6,6,6,6,6,6,6,7,7,7,7,7,7,7,7","0.000957012176513672","fast_greedy","edit-xhwikibooks.graphml"
"0.36","0.06","0.58","0.706884169488048","2,2,2,2,1,2,1,2,2,8,1,1,2,2,2,4,8,1,6,1,3,5,2,2,2,2,2,4,2,8,1,6,1,1,6,6,7,2,3,3,3,3,5,5,5,5,3,5,5,5,3,3,3,3,3,5,5,5,5,3,2,3,3,2,2,3,3,3,3,3,5,3,2,2,3,3,3,3,3,3,3,2,4,4,4,2,3,3,3,3,8,1,6,3,3,3,4,3,3,3,3,3,3,3,3,3,3,1,1,1,3,3,3,6,6,6,6,6,6,6,6,7,7,7,7,7,7,7,7","0.000958919525146484","fast_greedy","edit-xhwikibooks.graphml"
"0.35","0.07","0.58","0.706884169488048","2,2,2,2,1,2,1,2,2,8,1,1,2,2,2,4,8,1,6,1,3,5,2,2,2,2,2,4,2,8,1,6,1,1,6,6,7,2,3,3,3,3,5,5,5,5,3,5,5,5,3,3,3,3,3,5,5,5,5,3,2,3,3,2,2,3,3,3,3,3,5,3,2,2,3,3,3,3,3,3,3,2,4,4,4,2,3,3,3,3,8,1,6,3,3,3,4,3,3,3,3,3,3,3,3,3,3,1,1,1,3,3,3,6,6,6,6,6,6,6,6,7,7,7,7,7,7,7,7","0.000943899154663086","fast_greedy","edit-xhwikibooks.graphml"
"0.34","0.08","0.58","0.706884169488048","2,2,2,2,1,2,1,2,2,8,1,1,2,2,2,4,8,1,6,1,3,5,2,2,2,2,2,4,2,8,1,6,1,1,6,6,7,2,3,3,3,3,5,5,5,5,3,5,5,5,3,3,3,3,3,5,5,5,5,3,2,3,3,2,2,3,3,3,3,3,5,3,2,2,3,3,3,3,3,3,3,2,4,4,4,2,3,3,3,3,8,1,6,3,3,3,4,3,3,3,3,3,3,3,3,3,3,1,1,1,3,3,3,6,6,6,6,6,6,6,6,7,7,7,7,7,7,7,7","0.00101995468139648","fast_greedy","edit-xhwikibooks.graphml"
"0.33","0.09","0.58","0.706884169488048","2,2,2,2,1,2,1,2,2,8,1,1,2,2,2,4,8,1,6,1,3,5,2,2,2,2,2,4,2,8,1,6,1,1,6,6,7,2,3,3,3,3,5,5,5,5,3,5,5,5,3,3,3,3,3,5,5,5,5,3,2,3,3,2,2,3,3,3,3,3,5,3,2,2,3,3,3,3,3,3,3,2,4,4,4,2,3,3,3,3,8,1,6,3,3,3,4,3,3,3,3,3,3,3,3,3,3,1,1,1,3,3,3,6,6,6,6,6,6,6,6,7,7,7,7,7,7,7,7","0.000926017761230469","fast_greedy","edit-xhwikibooks.graphml"
"0.32","0.1","0.58","0.706884169488048","2,2,2,2,1,2,1,2,2,8,1,1,2,2,2,4,8,1,6,1,3,5,2,2,2,2,2,4,2,8,1,6,1,1,6,6,7,2,3,3,3,3,5,5,5,5,3,5,5,5,3,3,3,3,3,5,5,5,5,3,2,3,3,2,2,3,3,3,3,3,5,3,2,2,3,3,3,3,3,3,3,2,4,4,4,2,3,3,3,3,8,1,6,3,3,3,4,3,3,3,3,3,3,3,3,3,3,1,1,1,3,3,3,6,6,6,6,6,6,6,6,7,7,7,7,7,7,7,7","0.00113916397094727","fast_greedy","edit-xhwikibooks.graphml"
"0.31","0.11","0.58","0.706884169488048","2,2,2,2,1,2,1,2,2,8,1,1,2,2,2,4,8,1,6,1,3,5,2,2,2,2,2,4,2,8,1,6,1,1,6,6,7,2,3,3,3,3,5,5,5,5,3,5,5,5,3,3,3,3,3,5,5,5,5,3,2,3,3,2,2,3,3,3,3,3,5,3,2,2,3,3,3,3,3,3,3,2,4,4,4,2,3,3,3,3,8,1,6,3,3,3,4,3,3,3,3,3,3,3,3,3,3,1,1,1,3,3,3,6,6,6,6,6,6,6,6,7,7,7,7,7,7,7,7","0.000919818878173828","fast_greedy","edit-xhwikibooks.graphml"
"0.3","0.12","0.58","0.706884169488048","2,2,2,2,1,2,1,2,2,8,1,1,2,2,2,4,8,1,6,1,3,5,2,2,2,2,2,4,2,8,1,6,1,1,6,6,7,2,3,3,3,3,5,5,5,5,3,5,5,5,3,3,3,3,3,5,5,5,5,3,2,3,3,2,2,3,3,3,3,3,5,3,2,2,3,3,3,3,3,3,3,2,4,4,4,2,3,3,3,3,8,1,6,3,3,3,4,3,3,3,3,3,3,3,3,3,3,1,1,1,3,3,3,6,6,6,6,6,6,6,6,7,7,7,7,7,7,7,7","0.000950098037719727","fast_greedy","edit-xhwikibooks.graphml"
"0.29","0.13","0.58","0.706884169488048","2,2,2,2,1,2,1,2,2,8,1,1,2,2,2,4,8,1,6,1,3,5,2,2,2,2,2,4,2,8,1,6,1,1,6,6,7,2,3,3,3,3,5,5,5,5,3,5,5,5,3,3,3,3,3,5,5,5,5,3,2,3,3,2,2,3,3,3,3,3,5,3,2,2,3,3,3,3,3,3,3,2,4,4,4,2,3,3,3,3,8,1,6,3,3,3,4,3,3,3,3,3,3,3,3,3,3,1,1,1,3,3,3,6,6,6,6,6,6,6,6,7,7,7,7,7,7,7,7","0.000945806503295898","fast_greedy","edit-xhwikibooks.graphml"
"0.28","0.14","0.58","0.706884169488048","2,2,2,2,1,2,1,2,2,8,1,1,2,2,2,4,8,1,6,1,3,5,2,2,2,2,2,4,2,8,1,6,1,1,6,6,7,2,3,3,3,3,5,5,5,5,3,5,5,5,3,3,3,3,3,5,5,5,5,3,2,3,3,2,2,3,3,3,3,3,5,3,2,2,3,3,3,3,3,3,3,2,4,4,4,2,3,3,3,3,8,1,6,3,3,3,4,3,3,3,3,3,3,3,3,3,3,1,1,1,3,3,3,6,6,6,6,6,6,6,6,7,7,7,7,7,7,7,7","0.000972986221313477","fast_greedy","edit-xhwikibooks.graphml"
"0.27","0.15","0.58","0.706884169488048","2,2,2,2,1,2,1,2,2,8,1,1,2,2,2,4,8,1,6,1,3,5,2,2,2,2,2,4,2,8,1,6,1,1,6,6,7,2,3,3,3,3,5,5,5,5,3,5,5,5,3,3,3,3,3,5,5,5,5,3,2,3,3,2,2,3,3,3,3,3,5,3,2,2,3,3,3,3,3,3,3,2,4,4,4,2,3,3,3,3,8,1,6,3,3,3,4,3,3,3,3,3,3,3,3,3,3,1,1,1,3,3,3,6,6,6,6,6,6,6,6,7,7,7,7,7,7,7,7","0.000922918319702148","fast_greedy","edit-xhwikibooks.graphml"
"0.26","0.16","0.58","0.706884169488048","2,2,2,2,1,2,1,2,2,8,1,1,2,2,2,4,8,1,6,1,3,5,2,2,2,2,2,4,2,8,1,6,1,1,6,6,7,2,3,3,3,3,5,5,5,5,3,5,5,5,3,3,3,3,3,5,5,5,5,3,2,3,3,2,2,3,3,3,3,3,5,3,2,2,3,3,3,3,3,3,3,2,4,4,4,2,3,3,3,3,8,1,6,3,3,3,4,3,3,3,3,3,3,3,3,3,3,1,1,1,3,3,3,6,6,6,6,6,6,6,6,7,7,7,7,7,7,7,7","0.000935077667236328","fast_greedy","edit-xhwikibooks.graphml"
"0.25","0.17","0.58","0.708355868036777","2,2,2,2,1,2,1,2,2,8,1,1,2,2,2,4,8,1,6,1,3,5,2,2,2,2,2,4,2,8,1,6,1,1,6,6,7,2,3,3,3,3,5,5,5,5,3,5,5,5,3,3,3,3,3,5,5,5,5,3,2,3,3,2,2,3,3,3,3,3,5,3,2,2,3,3,3,3,3,3,3,2,4,4,4,2,3,3,3,3,8,1,6,3,3,3,4,3,3,3,3,3,3,3,3,3,3,1,1,1,3,3,3,6,6,6,6,6,6,6,6,7,7,7,7,7,7,7,7","0.000935077667236328","fast_greedy","edit-xhwikibooks.graphml"
"0.24","0.18","0.58","0.708355868036777","2,2,2,2,1,2,1,2,2,8,1,1,2,2,2,4,8,1,6,1,3,5,2,2,2,2,2,4,2,8,1,6,1,1,6,6,7,2,3,3,3,3,5,5,5,5,3,5,5,5,3,3,3,3,3,5,5,5,5,3,2,3,3,2,2,3,3,3,3,3,5,3,2,2,3,3,3,3,3,3,3,2,4,4,4,2,3,3,3,3,8,1,6,3,3,3,4,3,3,3,3,3,3,3,3,3,3,1,1,1,3,3,3,6,6,6,6,6,6,6,6,7,7,7,7,7,7,7,7","0.00100517272949219","fast_greedy","edit-xhwikibooks.graphml"
"0.23","0.19","0.58","0.708355868036777","2,2,2,2,1,2,1,2,2,8,1,1,2,2,2,4,8,1,6,1,3,5,2,2,2,2,2,4,2,8,1,6,1,1,6,6,7,2,3,3,3,3,5,5,5,5,3,5,5,5,3,3,3,3,3,5,5,5,5,3,2,3,3,2,2,3,3,3,3,3,5,3,2,2,3,3,3,3,3,3,3,2,4,4,4,2,3,3,3,3,8,1,6,3,3,3,4,3,3,3,3,3,3,3,3,3,3,1,1,1,3,3,3,6,6,6,6,6,6,6,6,7,7,7,7,7,7,7,7","0.000914096832275391","fast_greedy","edit-xhwikibooks.graphml"
"0.22","0.2","0.58","0.708355868036777","2,2,2,2,1,2,1,2,2,8,1,1,2,2,2,4,8,1,6,1,3,5,2,2,2,2,2,4,2,8,1,6,1,1,6,6,7,2,3,3,3,3,5,5,5,5,3,5,5,5,3,3,3,3,3,5,5,5,5,3,2,3,3,2,2,3,3,3,3,3,5,3,2,2,3,3,3,3,3,3,3,2,4,4,4,2,3,3,3,3,8,1,6,3,3,3,4,3,3,3,3,3,3,3,3,3,3,1,1,1,3,3,3,6,6,6,6,6,6,6,6,7,7,7,7,7,7,7,7","0.000934123992919922","fast_greedy","edit-xhwikibooks.graphml"
"0.21","0.21","0.58","0.708355868036777","2,2,2,2,1,2,1,2,2,8,1,1,2,2,2,4,8,1,6,1,3,5,2,2,2,2,2,4,2,8,1,6,1,1,6,6,7,2,3,3,3,3,5,5,5,5,3,5,5,5,3,3,3,3,3,5,5,5,5,3,2,3,3,2,2,3,3,3,3,3,5,3,2,2,3,3,3,3,3,3,3,2,4,4,4,2,3,3,3,3,8,1,6,3,3,3,4,3,3,3,3,3,3,3,3,3,3,1,1,1,3,3,3,6,6,6,6,6,6,6,6,7,7,7,7,7,7,7,7","0.00110793113708496","fast_greedy","edit-xhwikibooks.graphml"
"0.2","0.22","0.58","0.708355868036777","2,2,2,2,1,2,1,2,2,8,1,1,2,2,2,4,8,1,6,1,3,5,2,2,2,2,2,4,2,8,1,6,1,1,6,6,7,2,3,3,3,3,5,5,5,5,3,5,5,5,3,3,3,3,3,5,5,5,5,3,2,3,3,2,2,3,3,3,3,3,5,3,2,2,3,3,3,3,3,3,3,2,4,4,4,2,3,3,3,3,8,1,6,3,3,3,4,3,3,3,3,3,3,3,3,3,3,1,1,1,3,3,3,6,6,6,6,6,6,6,6,7,7,7,7,7,7,7,7","0.000930070877075195","fast_greedy","edit-xhwikibooks.graphml"
"0.19","0.23","0.58","0.708355868036777","2,2,2,2,1,2,1,2,2,8,1,1,2,2,2,4,8,1,6,1,3,5,2,2,2,2,2,4,2,8,1,6,1,1,6,6,7,2,3,3,3,3,5,5,5,5,3,5,5,5,3,3,3,3,3,5,5,5,5,3,2,3,3,2,2,3,3,3,3,3,5,3,2,2,3,3,3,3,3,3,3,2,4,4,4,2,3,3,3,3,8,1,6,3,3,3,4,3,3,3,3,3,3,3,3,3,3,1,1,1,3,3,3,6,6,6,6,6,6,6,6,7,7,7,7,7,7,7,7","0.000933170318603516","fast_greedy","edit-xhwikibooks.graphml"
"0.18","0.24","0.58","0.708355868036777","2,2,2,2,1,2,1,2,2,8,1,1,2,2,2,4,8,1,6,1,3,5,2,2,2,2,2,4,2,8,1,6,1,1,6,6,7,2,3,3,3,3,5,5,5,5,3,5,5,5,3,3,3,3,3,5,5,5,5,3,2,3,3,2,2,3,3,3,3,3,5,3,2,2,3,3,3,3,3,3,3,2,4,4,4,2,3,3,3,3,8,1,6,3,3,3,4,3,3,3,3,3,3,3,3,3,3,1,1,1,3,3,3,6,6,6,6,6,6,6,6,7,7,7,7,7,7,7,7","0.000944137573242188","fast_greedy","edit-xhwikibooks.graphml"
"0.17","0.25","0.58","0.708355868036777","2,2,2,2,1,2,1,2,2,8,1,1,2,2,2,4,8,1,6,1,3,5,2,2,2,2,2,4,2,8,1,6,1,1,6,6,7,2,3,3,3,3,5,5,5,5,3,5,5,5,3,3,3,3,3,5,5,5,5,3,2,3,3,2,2,3,3,3,3,3,5,3,2,2,3,3,3,3,3,3,3,2,4,4,4,2,3,3,3,3,8,1,6,3,3,3,4,3,3,3,3,3,3,3,3,3,3,1,1,1,3,3,3,6,6,6,6,6,6,6,6,7,7,7,7,7,7,7,7","0.000949859619140625","fast_greedy","edit-xhwikibooks.graphml"
"0.16","0.26","0.58","0.708355868036777","2,2,2,2,1,2,1,2,2,8,1,1,2,2,2,4,8,1,6,1,3,5,2,2,2,2,2,4,2,8,1,6,1,1,6,6,7,2,3,3,3,3,5,5,5,5,3,5,5,5,3,3,3,3,3,5,5,5,5,3,2,3,3,2,2,3,3,3,3,3,5,3,2,2,3,3,3,3,3,3,3,2,4,4,4,2,3,3,3,3,8,1,6,3,3,3,4,3,3,3,3,3,3,3,3,3,3,1,1,1,3,3,3,6,6,6,6,6,6,6,6,7,7,7,7,7,7,7,7","0.000967025756835938","fast_greedy","edit-xhwikibooks.graphml"
"0.15","0.27","0.58","0.708355868036777","2,2,2,2,1,2,1,2,2,8,1,1,2,2,2,4,8,1,6,1,3,5,2,2,2,2,2,4,2,8,1,6,1,1,6,6,7,2,3,3,3,3,5,5,5,5,3,5,5,5,3,3,3,3,3,5,5,5,5,3,2,3,3,2,2,3,3,3,3,3,5,3,2,2,3,3,3,3,3,3,3,2,4,4,4,2,3,3,3,3,8,1,6,3,3,3,4,3,3,3,3,3,3,3,3,3,3,1,1,1,3,3,3,6,6,6,6,6,6,6,6,7,7,7,7,7,7,7,7","0.000971078872680664","fast_greedy","edit-xhwikibooks.graphml"
"0.14","0.28","0.58","0.708355868036777","2,2,2,2,1,2,1,2,2,8,1,1,2,2,2,4,8,1,6,1,3,5,2,2,2,2,2,4,2,8,1,6,1,1,6,6,7,2,3,3,3,3,5,5,5,5,3,5,5,5,3,3,3,3,3,5,5,5,5,3,2,3,3,2,2,3,3,3,3,3,5,3,2,2,3,3,3,3,3,3,3,2,4,4,4,2,3,3,3,3,8,1,6,3,3,3,4,3,3,3,3,3,3,3,3,3,3,1,1,1,3,3,3,6,6,6,6,6,6,6,6,7,7,7,7,7,7,7,7","0.000926971435546875","fast_greedy","edit-xhwikibooks.graphml"
"0.13","0.29","0.58","0.708355868036777","2,2,2,2,1,2,1,2,2,8,1,1,2,2,2,4,8,1,6,1,3,5,2,2,2,2,2,4,2,8,1,6,1,1,6,6,7,2,3,3,3,3,5,5,5,5,3,5,5,5,3,3,3,3,3,5,5,5,5,3,2,3,3,2,2,3,3,3,3,3,5,3,2,2,3,3,3,3,3,3,3,2,4,4,4,2,3,3,3,3,8,1,6,3,3,3,4,3,3,3,3,3,3,3,3,3,3,1,1,1,3,3,3,6,6,6,6,6,6,6,6,7,7,7,7,7,7,7,7","0.00101995468139648","fast_greedy","edit-xhwikibooks.graphml"
"0.12","0.3","0.58","0.708355868036777","2,2,2,2,1,2,1,2,2,8,1,1,2,2,2,4,8,1,6,1,3,5,2,2,2,2,2,4,2,8,1,6,1,1,6,6,7,2,3,3,3,3,5,5,5,5,3,5,5,5,3,3,3,3,3,5,5,5,5,3,2,3,3,2,2,3,3,3,3,3,5,3,2,2,3,3,3,3,3,3,3,2,4,4,4,2,3,3,3,3,8,1,6,3,3,3,4,3,3,3,3,3,3,3,3,3,3,1,1,1,3,3,3,6,6,6,6,6,6,6,6,7,7,7,7,7,7,7,7","0.000941038131713867","fast_greedy","edit-xhwikibooks.graphml"
"0.11","0.31","0.58","0.708355868036777","2,2,2,2,1,2,1,2,2,8,1,1,2,2,2,4,8,1,6,1,3,5,2,2,2,2,2,4,2,8,1,6,1,1,6,6,7,2,3,3,3,3,5,5,5,5,3,5,5,5,3,3,3,3,3,5,5,5,5,3,2,3,3,2,2,3,3,3,3,3,5,3,2,2,3,3,3,3,3,3,3,2,4,4,4,2,3,3,3,3,8,1,6,3,3,3,4,3,3,3,3,3,3,3,3,3,3,1,1,1,3,3,3,6,6,6,6,6,6,6,6,7,7,7,7,7,7,7,7","0.000925064086914062","fast_greedy","edit-xhwikibooks.graphml"
"0.1","0.32","0.58","0.708355868036777","2,2,2,2,1,2,1,2,2,8,1,1,2,2,2,4,8,1,6,1,3,5,2,2,2,2,2,4,2,8,1,6,1,1,6,6,7,2,3,3,3,3,5,5,5,5,3,5,5,5,3,3,3,3,3,5,5,5,5,3,2,3,3,2,2,3,3,3,3,3,5,3,2,2,3,3,3,3,3,3,3,2,4,4,4,2,3,3,3,3,8,1,6,3,3,3,4,3,3,3,3,3,3,3,3,3,3,1,1,1,3,3,3,6,6,6,6,6,6,6,6,7,7,7,7,7,7,7,7","0.00112009048461914","fast_greedy","edit-xhwikibooks.graphml"
"0.09","0.33","0.58","0.708355868036777","2,2,2,2,1,2,1,2,2,8,1,1,2,2,2,4,8,1,6,1,3,5,2,2,2,2,2,4,2,8,1,6,1,1,6,6,7,2,3,3,3,3,5,5,5,5,3,5,5,5,3,3,3,3,3,5,5,5,5,3,2,3,3,2,2,3,3,3,3,3,5,3,2,2,3,3,3,3,3,3,3,2,4,4,4,2,3,3,3,3,8,1,6,3,3,3,4,3,3,3,3,3,3,3,3,3,3,1,1,1,3,3,3,6,6,6,6,6,6,6,6,7,7,7,7,7,7,7,7","0.000931978225708008","fast_greedy","edit-xhwikibooks.graphml"
"0.08","0.34","0.58","0.707407531157072","2,2,2,2,1,2,1,2,2,8,1,1,2,2,2,4,8,1,6,1,3,5,2,2,2,2,2,4,2,8,1,6,1,1,6,6,7,2,3,3,3,3,5,5,5,5,3,5,5,5,3,3,3,3,3,5,5,5,5,3,2,3,3,2,2,3,3,3,3,3,5,3,2,2,3,3,3,3,3,3,3,2,4,4,4,2,3,3,3,3,8,1,6,3,3,3,4,3,3,3,3,3,3,3,3,3,3,1,1,1,3,3,3,6,6,6,6,6,6,6,6,7,7,7,7,7,7,7,7","0.000943899154663086","fast_greedy","edit-xhwikibooks.graphml"
"0.07","0.35","0.58","0.707407531157072","2,2,2,2,1,2,1,2,2,8,1,1,2,2,2,4,8,1,6,1,3,5,2,2,2,2,2,4,2,8,1,6,1,1,6,6,7,2,3,3,3,3,5,5,5,5,3,5,5,5,3,3,3,3,3,5,5,5,5,3,2,3,3,2,2,3,3,3,3,3,5,3,2,2,3,3,3,3,3,3,3,2,4,4,4,2,3,3,3,3,8,1,6,3,3,3,4,3,3,3,3,3,3,3,3,3,3,1,1,1,3,3,3,6,6,6,6,6,6,6,6,7,7,7,7,7,7,7,7","0.000952959060668945","fast_greedy","edit-xhwikibooks.graphml"
"0.06","0.36","0.58","0.707407531157072","2,2,2,2,1,2,1,2,2,8,1,1,2,2,2,4,8,1,6,1,3,5,2,2,2,2,2,4,2,8,1,6,1,1,6,6,7,2,3,3,3,3,5,5,5,5,3,5,5,5,3,3,3,3,3,5,5,5,5,3,2,3,3,2,2,3,3,3,3,3,5,3,2,2,3,3,3,3,3,3,3,2,4,4,4,2,3,3,3,3,8,1,6,3,3,3,4,3,3,3,3,3,3,3,3,3,3,1,1,1,3,3,3,6,6,6,6,6,6,6,6,7,7,7,7,7,7,7,7","0.000956058502197266","fast_greedy","edit-xhwikibooks.graphml"
"0.05","0.37","0.58","0.707407531157072","2,2,2,2,1,2,1,2,2,8,1,1,2,2,2,4,8,1,6,1,3,5,2,2,2,2,2,4,2,8,1,6,1,1,6,6,7,2,3,3,3,3,5,5,5,5,3,5,5,5,3,3,3,3,3,5,5,5,5,3,2,3,3,2,2,3,3,3,3,3,5,3,2,2,3,3,3,3,3,3,3,2,4,4,4,2,3,3,3,3,8,1,6,3,3,3,4,3,3,3,3,3,3,3,3,3,3,1,1,1,3,3,3,6,6,6,6,6,6,6,6,7,7,7,7,7,7,7,7","0.000931978225708008","fast_greedy","edit-xhwikibooks.graphml"
"0.04","0.38","0.58","0.707407531157072","2,2,2,2,1,2,1,2,2,8,1,1,2,2,2,4,8,1,6,1,3,5,2,2,2,2,2,4,2,8,1,6,1,1,6,6,7,2,3,3,3,3,5,5,5,5,3,5,5,5,3,3,3,3,3,5,5,5,5,3,2,3,3,2,2,3,3,3,3,3,5,3,2,2,3,3,3,3,3,3,3,2,4,4,4,2,3,3,3,3,8,1,6,3,3,3,4,3,3,3,3,3,3,3,3,3,3,1,1,1,3,3,3,6,6,6,6,6,6,6,6,7,7,7,7,7,7,7,7","0.000957965850830078","fast_greedy","edit-xhwikibooks.graphml"
"0.03","0.39","0.58","0.707407531157072","2,2,2,2,1,2,1,2,2,8,1,1,2,2,2,4,8,1,6,1,3,5,2,2,2,2,2,4,2,8,1,6,1,1,6,6,7,2,3,3,3,3,5,5,5,5,3,5,5,5,3,3,3,3,3,5,5,5,5,3,2,3,3,2,2,3,3,3,3,3,5,3,2,2,3,3,3,3,3,3,3,2,4,4,4,2,3,3,3,3,8,1,6,3,3,3,4,3,3,3,3,3,3,3,3,3,3,1,1,1,3,3,3,6,6,6,6,6,6,6,6,7,7,7,7,7,7,7,7","0.000992059707641602","fast_greedy","edit-xhwikibooks.graphml"
"0.02","0.4","0.58","0.707407531157072","2,2,2,2,1,2,1,2,2,8,1,1,2,2,2,4,8,1,6,1,3,5,2,2,2,2,2,4,2,8,1,6,1,1,6,6,7,2,3,3,3,3,5,5,5,5,3,5,5,5,3,3,3,3,3,5,5,5,5,3,2,3,3,2,2,3,3,3,3,3,5,3,2,2,3,3,3,3,3,3,3,2,4,4,4,2,3,3,3,3,8,1,6,3,3,3,4,3,3,3,3,3,3,3,3,3,3,1,1,1,3,3,3,6,6,6,6,6,6,6,6,7,7,7,7,7,7,7,7","0.000931024551391602","fast_greedy","edit-xhwikibooks.graphml"
"0.01","0.41","0.58","0.707407531157072","2,2,2,2,1,2,1,2,2,8,1,1,2,2,2,4,8,1,6,1,3,5,2,2,2,2,2,4,2,8,1,6,1,1,6,6,7,2,3,3,3,3,5,5,5,5,3,5,5,5,3,3,3,3,3,5,5,5,5,3,2,3,3,2,2,3,3,3,3,3,5,3,2,2,3,3,3,3,3,3,3,2,4,4,4,2,3,3,3,3,8,1,6,3,3,3,4,3,3,3,3,3,3,3,3,3,3,1,1,1,3,3,3,6,6,6,6,6,6,6,6,7,7,7,7,7,7,7,7","0.000946044921875","fast_greedy","edit-xhwikibooks.graphml"
"0","0.42","0.58","0.682685185185185","7,7,7,7,7,7,7,7,1,10,9,3,7,1,1,4,10,9,6,3,2,5,1,7,1,1,1,4,7,10,9,6,3,3,6,6,8,1,2,2,2,2,5,5,5,5,2,5,5,5,2,2,2,2,2,5,5,5,5,2,1,2,2,7,1,2,2,2,2,2,5,2,1,1,2,2,2,2,2,2,2,1,4,4,4,7,2,2,2,2,10,9,6,2,2,2,4,2,2,2,2,2,2,2,2,2,2,3,3,3,2,2,2,6,6,6,6,6,6,6,6,8,8,8,8,8,8,8,8","0.000954151153564453","fast_greedy","edit-xhwikibooks.graphml"
"0.41","0","0.59","0.706884169488048","2,2,2,2,1,2,1,2,2,8,1,1,2,2,2,4,8,1,6,1,3,5,2,2,2,2,2,4,2,8,1,6,1,1,6,6,7,2,3,3,3,3,5,5,5,5,3,5,5,5,3,3,3,3,3,5,5,5,5,3,2,3,3,2,2,3,3,3,3,3,5,3,2,2,3,3,3,3,3,3,3,2,4,4,4,2,3,3,3,3,8,1,6,3,3,3,4,3,3,3,3,3,3,3,3,3,3,1,1,1,3,3,3,6,6,6,6,6,6,6,6,7,7,7,7,7,7,7,7","0.00111699104309082","fast_greedy","edit-xhwikibooks.graphml"
"0.4","0.01","0.59","0.706884169488048","2,2,2,2,1,2,1,2,2,8,1,1,2,2,2,4,8,1,6,1,3,5,2,2,2,2,2,4,2,8,1,6,1,1,6,6,7,2,3,3,3,3,5,5,5,5,3,5,5,5,3,3,3,3,3,5,5,5,5,3,2,3,3,2,2,3,3,3,3,3,5,3,2,2,3,3,3,3,3,3,3,2,4,4,4,2,3,3,3,3,8,1,6,3,3,3,4,3,3,3,3,3,3,3,3,3,3,1,1,1,3,3,3,6,6,6,6,6,6,6,6,7,7,7,7,7,7,7,7","0.000934123992919922","fast_greedy","edit-xhwikibooks.graphml"
"0.39","0.02","0.59","0.706884169488048","2,2,2,2,1,2,1,2,2,8,1,1,2,2,2,4,8,1,6,1,3,5,2,2,2,2,2,4,2,8,1,6,1,1,6,6,7,2,3,3,3,3,5,5,5,5,3,5,5,5,3,3,3,3,3,5,5,5,5,3,2,3,3,2,2,3,3,3,3,3,5,3,2,2,3,3,3,3,3,3,3,2,4,4,4,2,3,3,3,3,8,1,6,3,3,3,4,3,3,3,3,3,3,3,3,3,3,1,1,1,3,3,3,6,6,6,6,6,6,6,6,7,7,7,7,7,7,7,7","0.000936031341552734","fast_greedy","edit-xhwikibooks.graphml"
"0.38","0.03","0.59","0.706884169488048","2,2,2,2,1,2,1,2,2,8,1,1,2,2,2,4,8,1,6,1,3,5,2,2,2,2,2,4,2,8,1,6,1,1,6,6,7,2,3,3,3,3,5,5,5,5,3,5,5,5,3,3,3,3,3,5,5,5,5,3,2,3,3,2,2,3,3,3,3,3,5,3,2,2,3,3,3,3,3,3,3,2,4,4,4,2,3,3,3,3,8,1,6,3,3,3,4,3,3,3,3,3,3,3,3,3,3,1,1,1,3,3,3,6,6,6,6,6,6,6,6,7,7,7,7,7,7,7,7","0.000941038131713867","fast_greedy","edit-xhwikibooks.graphml"
"0.37","0.04","0.59","0.706884169488048","2,2,2,2,1,2,1,2,2,8,1,1,2,2,2,4,8,1,6,1,3,5,2,2,2,2,2,4,2,8,1,6,1,1,6,6,7,2,3,3,3,3,5,5,5,5,3,5,5,5,3,3,3,3,3,5,5,5,5,3,2,3,3,2,2,3,3,3,3,3,5,3,2,2,3,3,3,3,3,3,3,2,4,4,4,2,3,3,3,3,8,1,6,3,3,3,4,3,3,3,3,3,3,3,3,3,3,1,1,1,3,3,3,6,6,6,6,6,6,6,6,7,7,7,7,7,7,7,7","0.000962018966674805","fast_greedy","edit-xhwikibooks.graphml"
"0.36","0.05","0.59","0.706884169488048","2,2,2,2,1,2,1,2,2,8,1,1,2,2,2,4,8,1,6,1,3,5,2,2,2,2,2,4,2,8,1,6,1,1,6,6,7,2,3,3,3,3,5,5,5,5,3,5,5,5,3,3,3,3,3,5,5,5,5,3,2,3,3,2,2,3,3,3,3,3,5,3,2,2,3,3,3,3,3,3,3,2,4,4,4,2,3,3,3,3,8,1,6,3,3,3,4,3,3,3,3,3,3,3,3,3,3,1,1,1,3,3,3,6,6,6,6,6,6,6,6,7,7,7,7,7,7,7,7","0.000933170318603516","fast_greedy","edit-xhwikibooks.graphml"
"0.35","0.06","0.59","0.706884169488048","2,2,2,2,1,2,1,2,2,8,1,1,2,2,2,4,8,1,6,1,3,5,2,2,2,2,2,4,2,8,1,6,1,1,6,6,7,2,3,3,3,3,5,5,5,5,3,5,5,5,3,3,3,3,3,5,5,5,5,3,2,3,3,2,2,3,3,3,3,3,5,3,2,2,3,3,3,3,3,3,3,2,4,4,4,2,3,3,3,3,8,1,6,3,3,3,4,3,3,3,3,3,3,3,3,3,3,1,1,1,3,3,3,6,6,6,6,6,6,6,6,7,7,7,7,7,7,7,7","0.000965118408203125","fast_greedy","edit-xhwikibooks.graphml"
"0.34","0.07","0.59","0.706884169488048","2,2,2,2,1,2,1,2,2,8,1,1,2,2,2,4,8,1,6,1,3,5,2,2,2,2,2,4,2,8,1,6,1,1,6,6,7,2,3,3,3,3,5,5,5,5,3,5,5,5,3,3,3,3,3,5,5,5,5,3,2,3,3,2,2,3,3,3,3,3,5,3,2,2,3,3,3,3,3,3,3,2,4,4,4,2,3,3,3,3,8,1,6,3,3,3,4,3,3,3,3,3,3,3,3,3,3,1,1,1,3,3,3,6,6,6,6,6,6,6,6,7,7,7,7,7,7,7,7","0.000988006591796875","fast_greedy","edit-xhwikibooks.graphml"
"0.33","0.08","0.59","0.706884169488048","2,2,2,2,1,2,1,2,2,8,1,1,2,2,2,4,8,1,6,1,3,5,2,2,2,2,2,4,2,8,1,6,1,1,6,6,7,2,3,3,3,3,5,5,5,5,3,5,5,5,3,3,3,3,3,5,5,5,5,3,2,3,3,2,2,3,3,3,3,3,5,3,2,2,3,3,3,3,3,3,3,2,4,4,4,2,3,3,3,3,8,1,6,3,3,3,4,3,3,3,3,3,3,3,3,3,3,1,1,1,3,3,3,6,6,6,6,6,6,6,6,7,7,7,7,7,7,7,7","0.000969886779785156","fast_greedy","edit-xhwikibooks.graphml"
"0.32","0.09","0.59","0.706884169488048","2,2,2,2,1,2,1,2,2,8,1,1,2,2,2,4,8,1,6,1,3,5,2,2,2,2,2,4,2,8,1,6,1,1,6,6,7,2,3,3,3,3,5,5,5,5,3,5,5,5,3,3,3,3,3,5,5,5,5,3,2,3,3,2,2,3,3,3,3,3,5,3,2,2,3,3,3,3,3,3,3,2,4,4,4,2,3,3,3,3,8,1,6,3,3,3,4,3,3,3,3,3,3,3,3,3,3,1,1,1,3,3,3,6,6,6,6,6,6,6,6,7,7,7,7,7,7,7,7","0.000955820083618164","fast_greedy","edit-xhwikibooks.graphml"
"0.31","0.1","0.59","0.706884169488048","2,2,2,2,1,2,1,2,2,8,1,1,2,2,2,4,8,1,6,1,3,5,2,2,2,2,2,4,2,8,1,6,1,1,6,6,7,2,3,3,3,3,5,5,5,5,3,5,5,5,3,3,3,3,3,5,5,5,5,3,2,3,3,2,2,3,3,3,3,3,5,3,2,2,3,3,3,3,3,3,3,2,4,4,4,2,3,3,3,3,8,1,6,3,3,3,4,3,3,3,3,3,3,3,3,3,3,1,1,1,3,3,3,6,6,6,6,6,6,6,6,7,7,7,7,7,7,7,7","0.00096893310546875","fast_greedy","edit-xhwikibooks.graphml"
"0.3","0.11","0.59","0.706884169488048","2,2,2,2,1,2,1,2,2,8,1,1,2,2,2,4,8,1,6,1,3,5,2,2,2,2,2,4,2,8,1,6,1,1,6,6,7,2,3,3,3,3,5,5,5,5,3,5,5,5,3,3,3,3,3,5,5,5,5,3,2,3,3,2,2,3,3,3,3,3,5,3,2,2,3,3,3,3,3,3,3,2,4,4,4,2,3,3,3,3,8,1,6,3,3,3,4,3,3,3,3,3,3,3,3,3,3,1,1,1,3,3,3,6,6,6,6,6,6,6,6,7,7,7,7,7,7,7,7","0.00118398666381836","fast_greedy","edit-xhwikibooks.graphml"
"0.29","0.12","0.59","0.706884169488048","2,2,2,2,1,2,1,2,2,8,1,1,2,2,2,4,8,1,6,1,3,5,2,2,2,2,2,4,2,8,1,6,1,1,6,6,7,2,3,3,3,3,5,5,5,5,3,5,5,5,3,3,3,3,3,5,5,5,5,3,2,3,3,2,2,3,3,3,3,3,5,3,2,2,3,3,3,3,3,3,3,2,4,4,4,2,3,3,3,3,8,1,6,3,3,3,4,3,3,3,3,3,3,3,3,3,3,1,1,1,3,3,3,6,6,6,6,6,6,6,6,7,7,7,7,7,7,7,7","0.000971078872680664","fast_greedy","edit-xhwikibooks.graphml"
"0.28","0.13","0.59","0.706884169488048","2,2,2,2,1,2,1,2,2,8,1,1,2,2,2,4,8,1,6,1,3,5,2,2,2,2,2,4,2,8,1,6,1,1,6,6,7,2,3,3,3,3,5,5,5,5,3,5,5,5,3,3,3,3,3,5,5,5,5,3,2,3,3,2,2,3,3,3,3,3,5,3,2,2,3,3,3,3,3,3,3,2,4,4,4,2,3,3,3,3,8,1,6,3,3,3,4,3,3,3,3,3,3,3,3,3,3,1,1,1,3,3,3,6,6,6,6,6,6,6,6,7,7,7,7,7,7,7,7","0.000974893569946289","fast_greedy","edit-xhwikibooks.graphml"
"0.27","0.14","0.59","0.706884169488048","2,2,2,2,1,2,1,2,2,8,1,1,2,2,2,4,8,1,6,1,3,5,2,2,2,2,2,4,2,8,1,6,1,1,6,6,7,2,3,3,3,3,5,5,5,5,3,5,5,5,3,3,3,3,3,5,5,5,5,3,2,3,3,2,2,3,3,3,3,3,5,3,2,2,3,3,3,3,3,3,3,2,4,4,4,2,3,3,3,3,8,1,6,3,3,3,4,3,3,3,3,3,3,3,3,3,3,1,1,1,3,3,3,6,6,6,6,6,6,6,6,7,7,7,7,7,7,7,7","0.000961065292358398","fast_greedy","edit-xhwikibooks.graphml"
"0.26","0.15","0.59","0.706884169488048","2,2,2,2,1,2,1,2,2,8,1,1,2,2,2,4,8,1,6,1,3,5,2,2,2,2,2,4,2,8,1,6,1,1,6,6,7,2,3,3,3,3,5,5,5,5,3,5,5,5,3,3,3,3,3,5,5,5,5,3,2,3,3,2,2,3,3,3,3,3,5,3,2,2,3,3,3,3,3,3,3,2,4,4,4,2,3,3,3,3,8,1,6,3,3,3,4,3,3,3,3,3,3,3,3,3,3,1,1,1,3,3,3,6,6,6,6,6,6,6,6,7,7,7,7,7,7,7,7","0.000975131988525391","fast_greedy","edit-xhwikibooks.graphml"
"0.25","0.16","0.59","0.706884169488048","2,2,2,2,1,2,1,2,2,8,1,1,2,2,2,4,8,1,6,1,3,5,2,2,2,2,2,4,2,8,1,6,1,1,6,6,7,2,3,3,3,3,5,5,5,5,3,5,5,5,3,3,3,3,3,5,5,5,5,3,2,3,3,2,2,3,3,3,3,3,5,3,2,2,3,3,3,3,3,3,3,2,4,4,4,2,3,3,3,3,8,1,6,3,3,3,4,3,3,3,3,3,3,3,3,3,3,1,1,1,3,3,3,6,6,6,6,6,6,6,6,7,7,7,7,7,7,7,7","0.000966072082519531","fast_greedy","edit-xhwikibooks.graphml"
"0.24","0.17","0.59","0.708355868036777","2,2,2,2,1,2,1,2,2,8,1,1,2,2,2,4,8,1,6,1,3,5,2,2,2,2,2,4,2,8,1,6,1,1,6,6,7,2,3,3,3,3,5,5,5,5,3,5,5,5,3,3,3,3,3,5,5,5,5,3,2,3,3,2,2,3,3,3,3,3,5,3,2,2,3,3,3,3,3,3,3,2,4,4,4,2,3,3,3,3,8,1,6,3,3,3,4,3,3,3,3,3,3,3,3,3,3,1,1,1,3,3,3,6,6,6,6,6,6,6,6,7,7,7,7,7,7,7,7","0.00123810768127441","fast_greedy","edit-xhwikibooks.graphml"
"0.23","0.18","0.59","0.708355868036777","2,2,2,2,1,2,1,2,2,8,1,1,2,2,2,4,8,1,6,1,3,5,2,2,2,2,2,4,2,8,1,6,1,1,6,6,7,2,3,3,3,3,5,5,5,5,3,5,5,5,3,3,3,3,3,5,5,5,5,3,2,3,3,2,2,3,3,3,3,3,5,3,2,2,3,3,3,3,3,3,3,2,4,4,4,2,3,3,3,3,8,1,6,3,3,3,4,3,3,3,3,3,3,3,3,3,3,1,1,1,3,3,3,6,6,6,6,6,6,6,6,7,7,7,7,7,7,7,7","0.000931024551391602","fast_greedy","edit-xhwikibooks.graphml"
"0.22","0.19","0.59","0.708355868036777","2,2,2,2,1,2,1,2,2,8,1,1,2,2,2,4,8,1,6,1,3,5,2,2,2,2,2,4,2,8,1,6,1,1,6,6,7,2,3,3,3,3,5,5,5,5,3,5,5,5,3,3,3,3,3,5,5,5,5,3,2,3,3,2,2,3,3,3,3,3,5,3,2,2,3,3,3,3,3,3,3,2,4,4,4,2,3,3,3,3,8,1,6,3,3,3,4,3,3,3,3,3,3,3,3,3,3,1,1,1,3,3,3,6,6,6,6,6,6,6,6,7,7,7,7,7,7,7,7","0.000969886779785156","fast_greedy","edit-xhwikibooks.graphml"
"0.21","0.2","0.59","0.708355868036777","2,2,2,2,1,2,1,2,2,8,1,1,2,2,2,4,8,1,6,1,3,5,2,2,2,2,2,4,2,8,1,6,1,1,6,6,7,2,3,3,3,3,5,5,5,5,3,5,5,5,3,3,3,3,3,5,5,5,5,3,2,3,3,2,2,3,3,3,3,3,5,3,2,2,3,3,3,3,3,3,3,2,4,4,4,2,3,3,3,3,8,1,6,3,3,3,4,3,3,3,3,3,3,3,3,3,3,1,1,1,3,3,3,6,6,6,6,6,6,6,6,7,7,7,7,7,7,7,7","0.000979900360107422","fast_greedy","edit-xhwikibooks.graphml"
"0.2","0.21","0.59","0.708355868036777","2,2,2,2,1,2,1,2,2,8,1,1,2,2,2,4,8,1,6,1,3,5,2,2,2,2,2,4,2,8,1,6,1,1,6,6,7,2,3,3,3,3,5,5,5,5,3,5,5,5,3,3,3,3,3,5,5,5,5,3,2,3,3,2,2,3,3,3,3,3,5,3,2,2,3,3,3,3,3,3,3,2,4,4,4,2,3,3,3,3,8,1,6,3,3,3,4,3,3,3,3,3,3,3,3,3,3,1,1,1,3,3,3,6,6,6,6,6,6,6,6,7,7,7,7,7,7,7,7","0.000932931900024414","fast_greedy","edit-xhwikibooks.graphml"
"0.19","0.22","0.59","0.708355868036777","2,2,2,2,1,2,1,2,2,8,1,1,2,2,2,4,8,1,6,1,3,5,2,2,2,2,2,4,2,8,1,6,1,1,6,6,7,2,3,3,3,3,5,5,5,5,3,5,5,5,3,3,3,3,3,5,5,5,5,3,2,3,3,2,2,3,3,3,3,3,5,3,2,2,3,3,3,3,3,3,3,2,4,4,4,2,3,3,3,3,8,1,6,3,3,3,4,3,3,3,3,3,3,3,3,3,3,1,1,1,3,3,3,6,6,6,6,6,6,6,6,7,7,7,7,7,7,7,7","0.00110578536987305","fast_greedy","edit-xhwikibooks.graphml"
"0.18","0.23","0.59","0.708355868036777","2,2,2,2,1,2,1,2,2,8,1,1,2,2,2,4,8,1,6,1,3,5,2,2,2,2,2,4,2,8,1,6,1,1,6,6,7,2,3,3,3,3,5,5,5,5,3,5,5,5,3,3,3,3,3,5,5,5,5,3,2,3,3,2,2,3,3,3,3,3,5,3,2,2,3,3,3,3,3,3,3,2,4,4,4,2,3,3,3,3,8,1,6,3,3,3,4,3,3,3,3,3,3,3,3,3,3,1,1,1,3,3,3,6,6,6,6,6,6,6,6,7,7,7,7,7,7,7,7","0.000945806503295898","fast_greedy","edit-xhwikibooks.graphml"
"0.17","0.24","0.59","0.708355868036777","2,2,2,2,1,2,1,2,2,8,1,1,2,2,2,4,8,1,6,1,3,5,2,2,2,2,2,4,2,8,1,6,1,1,6,6,7,2,3,3,3,3,5,5,5,5,3,5,5,5,3,3,3,3,3,5,5,5,5,3,2,3,3,2,2,3,3,3,3,3,5,3,2,2,3,3,3,3,3,3,3,2,4,4,4,2,3,3,3,3,8,1,6,3,3,3,4,3,3,3,3,3,3,3,3,3,3,1,1,1,3,3,3,6,6,6,6,6,6,6,6,7,7,7,7,7,7,7,7","0.000946998596191406","fast_greedy","edit-xhwikibooks.graphml"
"0.16","0.25","0.59","0.708355868036777","2,2,2,2,1,2,1,2,2,8,1,1,2,2,2,4,8,1,6,1,3,5,2,2,2,2,2,4,2,8,1,6,1,1,6,6,7,2,3,3,3,3,5,5,5,5,3,5,5,5,3,3,3,3,3,5,5,5,5,3,2,3,3,2,2,3,3,3,3,3,5,3,2,2,3,3,3,3,3,3,3,2,4,4,4,2,3,3,3,3,8,1,6,3,3,3,4,3,3,3,3,3,3,3,3,3,3,1,1,1,3,3,3,6,6,6,6,6,6,6,6,7,7,7,7,7,7,7,7","0.000953197479248047","fast_greedy","edit-xhwikibooks.graphml"
"0.15","0.26","0.59","0.708355868036777","2,2,2,2,1,2,1,2,2,8,1,1,2,2,2,4,8,1,6,1,3,5,2,2,2,2,2,4,2,8,1,6,1,1,6,6,7,2,3,3,3,3,5,5,5,5,3,5,5,5,3,3,3,3,3,5,5,5,5,3,2,3,3,2,2,3,3,3,3,3,5,3,2,2,3,3,3,3,3,3,3,2,4,4,4,2,3,3,3,3,8,1,6,3,3,3,4,3,3,3,3,3,3,3,3,3,3,1,1,1,3,3,3,6,6,6,6,6,6,6,6,7,7,7,7,7,7,7,7","0.00102901458740234","fast_greedy","edit-xhwikibooks.graphml"
"0.14","0.27","0.59","0.708355868036777","2,2,2,2,1,2,1,2,2,8,1,1,2,2,2,4,8,1,6,1,3,5,2,2,2,2,2,4,2,8,1,6,1,1,6,6,7,2,3,3,3,3,5,5,5,5,3,5,5,5,3,3,3,3,3,5,5,5,5,3,2,3,3,2,2,3,3,3,3,3,5,3,2,2,3,3,3,3,3,3,3,2,4,4,4,2,3,3,3,3,8,1,6,3,3,3,4,3,3,3,3,3,3,3,3,3,3,1,1,1,3,3,3,6,6,6,6,6,6,6,6,7,7,7,7,7,7,7,7","0.00110912322998047","fast_greedy","edit-xhwikibooks.graphml"
"0.13","0.28","0.59","0.708355868036777","2,2,2,2,1,2,1,2,2,8,1,1,2,2,2,4,8,1,6,1,3,5,2,2,2,2,2,4,2,8,1,6,1,1,6,6,7,2,3,3,3,3,5,5,5,5,3,5,5,5,3,3,3,3,3,5,5,5,5,3,2,3,3,2,2,3,3,3,3,3,5,3,2,2,3,3,3,3,3,3,3,2,4,4,4,2,3,3,3,3,8,1,6,3,3,3,4,3,3,3,3,3,3,3,3,3,3,1,1,1,3,3,3,6,6,6,6,6,6,6,6,7,7,7,7,7,7,7,7","0.000940084457397461","fast_greedy","edit-xhwikibooks.graphml"
"0.12","0.29","0.59","0.708355868036777","2,2,2,2,1,2,1,2,2,8,1,1,2,2,2,4,8,1,6,1,3,5,2,2,2,2,2,4,2,8,1,6,1,1,6,6,7,2,3,3,3,3,5,5,5,5,3,5,5,5,3,3,3,3,3,5,5,5,5,3,2,3,3,2,2,3,3,3,3,3,5,3,2,2,3,3,3,3,3,3,3,2,4,4,4,2,3,3,3,3,8,1,6,3,3,3,4,3,3,3,3,3,3,3,3,3,3,1,1,1,3,3,3,6,6,6,6,6,6,6,6,7,7,7,7,7,7,7,7","0.000946044921875","fast_greedy","edit-xhwikibooks.graphml"
"0.11","0.3","0.59","0.708355868036777","2,2,2,2,1,2,1,2,2,8,1,1,2,2,2,4,8,1,6,1,3,5,2,2,2,2,2,4,2,8,1,6,1,1,6,6,7,2,3,3,3,3,5,5,5,5,3,5,5,5,3,3,3,3,3,5,5,5,5,3,2,3,3,2,2,3,3,3,3,3,5,3,2,2,3,3,3,3,3,3,3,2,4,4,4,2,3,3,3,3,8,1,6,3,3,3,4,3,3,3,3,3,3,3,3,3,3,1,1,1,3,3,3,6,6,6,6,6,6,6,6,7,7,7,7,7,7,7,7","0.000943899154663086","fast_greedy","edit-xhwikibooks.graphml"
"0.1","0.31","0.59","0.708355868036777","2,2,2,2,1,2,1,2,2,8,1,1,2,2,2,4,8,1,6,1,3,5,2,2,2,2,2,4,2,8,1,6,1,1,6,6,7,2,3,3,3,3,5,5,5,5,3,5,5,5,3,3,3,3,3,5,5,5,5,3,2,3,3,2,2,3,3,3,3,3,5,3,2,2,3,3,3,3,3,3,3,2,4,4,4,2,3,3,3,3,8,1,6,3,3,3,4,3,3,3,3,3,3,3,3,3,3,1,1,1,3,3,3,6,6,6,6,6,6,6,6,7,7,7,7,7,7,7,7","0.000967025756835938","fast_greedy","edit-xhwikibooks.graphml"
"0.09","0.32","0.59","0.708355868036777","2,2,2,2,1,2,1,2,2,8,1,1,2,2,2,4,8,1,6,1,3,5,2,2,2,2,2,4,2,8,1,6,1,1,6,6,7,2,3,3,3,3,5,5,5,5,3,5,5,5,3,3,3,3,3,5,5,5,5,3,2,3,3,2,2,3,3,3,3,3,5,3,2,2,3,3,3,3,3,3,3,2,4,4,4,2,3,3,3,3,8,1,6,3,3,3,4,3,3,3,3,3,3,3,3,3,3,1,1,1,3,3,3,6,6,6,6,6,6,6,6,7,7,7,7,7,7,7,7","0.000950098037719727","fast_greedy","edit-xhwikibooks.graphml"
"0.08","0.33","0.59","0.708355868036777","2,2,2,2,1,2,1,2,2,8,1,1,2,2,2,4,8,1,6,1,3,5,2,2,2,2,2,4,2,8,1,6,1,1,6,6,7,2,3,3,3,3,5,5,5,5,3,5,5,5,3,3,3,3,3,5,5,5,5,3,2,3,3,2,2,3,3,3,3,3,5,3,2,2,3,3,3,3,3,3,3,2,4,4,4,2,3,3,3,3,8,1,6,3,3,3,4,3,3,3,3,3,3,3,3,3,3,1,1,1,3,3,3,6,6,6,6,6,6,6,6,7,7,7,7,7,7,7,7","0.00100803375244141","fast_greedy","edit-xhwikibooks.graphml"
"0.07","0.34","0.59","0.707407531157072","2,2,2,2,1,2,1,2,2,8,1,1,2,2,2,4,8,1,6,1,3,5,2,2,2,2,2,4,2,8,1,6,1,1,6,6,7,2,3,3,3,3,5,5,5,5,3,5,5,5,3,3,3,3,3,5,5,5,5,3,2,3,3,2,2,3,3,3,3,3,5,3,2,2,3,3,3,3,3,3,3,2,4,4,4,2,3,3,3,3,8,1,6,3,3,3,4,3,3,3,3,3,3,3,3,3,3,1,1,1,3,3,3,6,6,6,6,6,6,6,6,7,7,7,7,7,7,7,7","0.000926971435546875","fast_greedy","edit-xhwikibooks.graphml"
"0.06","0.35","0.59","0.707407531157072","2,2,2,2,1,2,1,2,2,8,1,1,2,2,2,4,8,1,6,1,3,5,2,2,2,2,2,4,2,8,1,6,1,1,6,6,7,2,3,3,3,3,5,5,5,5,3,5,5,5,3,3,3,3,3,5,5,5,5,3,2,3,3,2,2,3,3,3,3,3,5,3,2,2,3,3,3,3,3,3,3,2,4,4,4,2,3,3,3,3,8,1,6,3,3,3,4,3,3,3,3,3,3,3,3,3,3,1,1,1,3,3,3,6,6,6,6,6,6,6,6,7,7,7,7,7,7,7,7","0.000939846038818359","fast_greedy","edit-xhwikibooks.graphml"
"0.05","0.36","0.59","0.707407531157072","2,2,2,2,1,2,1,2,2,8,1,1,2,2,2,4,8,1,6,1,3,5,2,2,2,2,2,4,2,8,1,6,1,1,6,6,7,2,3,3,3,3,5,5,5,5,3,5,5,5,3,3,3,3,3,5,5,5,5,3,2,3,3,2,2,3,3,3,3,3,5,3,2,2,3,3,3,3,3,3,3,2,4,4,4,2,3,3,3,3,8,1,6,3,3,3,4,3,3,3,3,3,3,3,3,3,3,1,1,1,3,3,3,6,6,6,6,6,6,6,6,7,7,7,7,7,7,7,7","0.000952005386352539","fast_greedy","edit-xhwikibooks.graphml"
"0.04","0.37","0.59","0.707407531157072","2,2,2,2,1,2,1,2,2,8,1,1,2,2,2,4,8,1,6,1,3,5,2,2,2,2,2,4,2,8,1,6,1,1,6,6,7,2,3,3,3,3,5,5,5,5,3,5,5,5,3,3,3,3,3,5,5,5,5,3,2,3,3,2,2,3,3,3,3,3,5,3,2,2,3,3,3,3,3,3,3,2,4,4,4,2,3,3,3,3,8,1,6,3,3,3,4,3,3,3,3,3,3,3,3,3,3,1,1,1,3,3,3,6,6,6,6,6,6,6,6,7,7,7,7,7,7,7,7","0.00104999542236328","fast_greedy","edit-xhwikibooks.graphml"
"0.03","0.38","0.59","0.707407531157072","2,2,2,2,1,2,1,2,2,8,1,1,2,2,2,4,8,1,6,1,3,5,2,2,2,2,2,4,2,8,1,6,1,1,6,6,7,2,3,3,3,3,5,5,5,5,3,5,5,5,3,3,3,3,3,5,5,5,5,3,2,3,3,2,2,3,3,3,3,3,5,3,2,2,3,3,3,3,3,3,3,2,4,4,4,2,3,3,3,3,8,1,6,3,3,3,4,3,3,3,3,3,3,3,3,3,3,1,1,1,3,3,3,6,6,6,6,6,6,6,6,7,7,7,7,7,7,7,7","0.000953912734985352","fast_greedy","edit-xhwikibooks.graphml"
"0.02","0.39","0.59","0.707407531157072","2,2,2,2,1,2,1,2,2,8,1,1,2,2,2,4,8,1,6,1,3,5,2,2,2,2,2,4,2,8,1,6,1,1,6,6,7,2,3,3,3,3,5,5,5,5,3,5,5,5,3,3,3,3,3,5,5,5,5,3,2,3,3,2,2,3,3,3,3,3,5,3,2,2,3,3,3,3,3,3,3,2,4,4,4,2,3,3,3,3,8,1,6,3,3,3,4,3,3,3,3,3,3,3,3,3,3,1,1,1,3,3,3,6,6,6,6,6,6,6,6,7,7,7,7,7,7,7,7","0.000915050506591797","fast_greedy","edit-xhwikibooks.graphml"
"0.01","0.4","0.59","0.707407531157072","2,2,2,2,1,2,1,2,2,8,1,1,2,2,2,4,8,1,6,1,3,5,2,2,2,2,2,4,2,8,1,6,1,1,6,6,7,2,3,3,3,3,5,5,5,5,3,5,5,5,3,3,3,3,3,5,5,5,5,3,2,3,3,2,2,3,3,3,3,3,5,3,2,2,3,3,3,3,3,3,3,2,4,4,4,2,3,3,3,3,8,1,6,3,3,3,4,3,3,3,3,3,3,3,3,3,3,1,1,1,3,3,3,6,6,6,6,6,6,6,6,7,7,7,7,7,7,7,7","0.000928878784179688","fast_greedy","edit-xhwikibooks.graphml"
"0","0.41","0.59","0.682685185185185","7,7,7,7,7,7,7,7,1,10,9,3,7,1,1,4,10,9,6,3,2,5,1,7,1,1,1,4,7,10,9,6,3,3,6,6,8,1,2,2,2,2,5,5,5,5,2,5,5,5,2,2,2,2,2,5,5,5,5,2,1,2,2,7,1,2,2,2,2,2,5,2,1,1,2,2,2,2,2,2,2,1,4,4,4,7,2,2,2,2,10,9,6,2,2,2,4,2,2,2,2,2,2,2,2,2,2,3,3,3,2,2,2,6,6,6,6,6,6,6,6,8,8,8,8,8,8,8,8","0.000932931900024414","fast_greedy","edit-xhwikibooks.graphml"
"0.4","0","0.6","0.706884169488048","2,2,2,2,1,2,1,2,2,8,1,1,2,2,2,4,8,1,6,1,3,5,2,2,2,2,2,4,2,8,1,6,1,1,6,6,7,2,3,3,3,3,5,5,5,5,3,5,5,5,3,3,3,3,3,5,5,5,5,3,2,3,3,2,2,3,3,3,3,3,5,3,2,2,3,3,3,3,3,3,3,2,4,4,4,2,3,3,3,3,8,1,6,3,3,3,4,3,3,3,3,3,3,3,3,3,3,1,1,1,3,3,3,6,6,6,6,6,6,6,6,7,7,7,7,7,7,7,7","0.000977039337158203","fast_greedy","edit-xhwikibooks.graphml"
"0.39","0.01","0.6","0.706884169488048","2,2,2,2,1,2,1,2,2,8,1,1,2,2,2,4,8,1,6,1,3,5,2,2,2,2,2,4,2,8,1,6,1,1,6,6,7,2,3,3,3,3,5,5,5,5,3,5,5,5,3,3,3,3,3,5,5,5,5,3,2,3,3,2,2,3,3,3,3,3,5,3,2,2,3,3,3,3,3,3,3,2,4,4,4,2,3,3,3,3,8,1,6,3,3,3,4,3,3,3,3,3,3,3,3,3,3,1,1,1,3,3,3,6,6,6,6,6,6,6,6,7,7,7,7,7,7,7,7","0.000967979431152344","fast_greedy","edit-xhwikibooks.graphml"
"0.38","0.02","0.6","0.706884169488048","2,2,2,2,1,2,1,2,2,8,1,1,2,2,2,4,8,1,6,1,3,5,2,2,2,2,2,4,2,8,1,6,1,1,6,6,7,2,3,3,3,3,5,5,5,5,3,5,5,5,3,3,3,3,3,5,5,5,5,3,2,3,3,2,2,3,3,3,3,3,5,3,2,2,3,3,3,3,3,3,3,2,4,4,4,2,3,3,3,3,8,1,6,3,3,3,4,3,3,3,3,3,3,3,3,3,3,1,1,1,3,3,3,6,6,6,6,6,6,6,6,7,7,7,7,7,7,7,7","0.00113511085510254","fast_greedy","edit-xhwikibooks.graphml"
"0.37","0.03","0.6","0.706884169488048","2,2,2,2,1,2,1,2,2,8,1,1,2,2,2,4,8,1,6,1,3,5,2,2,2,2,2,4,2,8,1,6,1,1,6,6,7,2,3,3,3,3,5,5,5,5,3,5,5,5,3,3,3,3,3,5,5,5,5,3,2,3,3,2,2,3,3,3,3,3,5,3,2,2,3,3,3,3,3,3,3,2,4,4,4,2,3,3,3,3,8,1,6,3,3,3,4,3,3,3,3,3,3,3,3,3,3,1,1,1,3,3,3,6,6,6,6,6,6,6,6,7,7,7,7,7,7,7,7","0.00110292434692383","fast_greedy","edit-xhwikibooks.graphml"
"0.36","0.04","0.6","0.706884169488048","2,2,2,2,1,2,1,2,2,8,1,1,2,2,2,4,8,1,6,1,3,5,2,2,2,2,2,4,2,8,1,6,1,1,6,6,7,2,3,3,3,3,5,5,5,5,3,5,5,5,3,3,3,3,3,5,5,5,5,3,2,3,3,2,2,3,3,3,3,3,5,3,2,2,3,3,3,3,3,3,3,2,4,4,4,2,3,3,3,3,8,1,6,3,3,3,4,3,3,3,3,3,3,3,3,3,3,1,1,1,3,3,3,6,6,6,6,6,6,6,6,7,7,7,7,7,7,7,7","0.0011439323425293","fast_greedy","edit-xhwikibooks.graphml"
"0.35","0.05","0.6","0.706884169488048","2,2,2,2,1,2,1,2,2,8,1,1,2,2,2,4,8,1,6,1,3,5,2,2,2,2,2,4,2,8,1,6,1,1,6,6,7,2,3,3,3,3,5,5,5,5,3,5,5,5,3,3,3,3,3,5,5,5,5,3,2,3,3,2,2,3,3,3,3,3,5,3,2,2,3,3,3,3,3,3,3,2,4,4,4,2,3,3,3,3,8,1,6,3,3,3,4,3,3,3,3,3,3,3,3,3,3,1,1,1,3,3,3,6,6,6,6,6,6,6,6,7,7,7,7,7,7,7,7","0.037477970123291","fast_greedy","edit-xhwikibooks.graphml"
"0.34","0.06","0.6","0.706884169488048","2,2,2,2,1,2,1,2,2,8,1,1,2,2,2,4,8,1,6,1,3,5,2,2,2,2,2,4,2,8,1,6,1,1,6,6,7,2,3,3,3,3,5,5,5,5,3,5,5,5,3,3,3,3,3,5,5,5,5,3,2,3,3,2,2,3,3,3,3,3,5,3,2,2,3,3,3,3,3,3,3,2,4,4,4,2,3,3,3,3,8,1,6,3,3,3,4,3,3,3,3,3,3,3,3,3,3,1,1,1,3,3,3,6,6,6,6,6,6,6,6,7,7,7,7,7,7,7,7","0.00114893913269043","fast_greedy","edit-xhwikibooks.graphml"
"0.33","0.07","0.6","0.706884169488048","2,2,2,2,1,2,1,2,2,8,1,1,2,2,2,4,8,1,6,1,3,5,2,2,2,2,2,4,2,8,1,6,1,1,6,6,7,2,3,3,3,3,5,5,5,5,3,5,5,5,3,3,3,3,3,5,5,5,5,3,2,3,3,2,2,3,3,3,3,3,5,3,2,2,3,3,3,3,3,3,3,2,4,4,4,2,3,3,3,3,8,1,6,3,3,3,4,3,3,3,3,3,3,3,3,3,3,1,1,1,3,3,3,6,6,6,6,6,6,6,6,7,7,7,7,7,7,7,7","0.00110912322998047","fast_greedy","edit-xhwikibooks.graphml"
"0.32","0.08","0.6","0.706884169488048","2,2,2,2,1,2,1,2,2,8,1,1,2,2,2,4,8,1,6,1,3,5,2,2,2,2,2,4,2,8,1,6,1,1,6,6,7,2,3,3,3,3,5,5,5,5,3,5,5,5,3,3,3,3,3,5,5,5,5,3,2,3,3,2,2,3,3,3,3,3,5,3,2,2,3,3,3,3,3,3,3,2,4,4,4,2,3,3,3,3,8,1,6,3,3,3,4,3,3,3,3,3,3,3,3,3,3,1,1,1,3,3,3,6,6,6,6,6,6,6,6,7,7,7,7,7,7,7,7","0.00115799903869629","fast_greedy","edit-xhwikibooks.graphml"
"0.31","0.09","0.6","0.706884169488048","2,2,2,2,1,2,1,2,2,8,1,1,2,2,2,4,8,1,6,1,3,5,2,2,2,2,2,4,2,8,1,6,1,1,6,6,7,2,3,3,3,3,5,5,5,5,3,5,5,5,3,3,3,3,3,5,5,5,5,3,2,3,3,2,2,3,3,3,3,3,5,3,2,2,3,3,3,3,3,3,3,2,4,4,4,2,3,3,3,3,8,1,6,3,3,3,4,3,3,3,3,3,3,3,3,3,3,1,1,1,3,3,3,6,6,6,6,6,6,6,6,7,7,7,7,7,7,7,7","0.000994205474853516","fast_greedy","edit-xhwikibooks.graphml"
"0.3","0.1","0.6","0.706884169488048","2,2,2,2,1,2,1,2,2,8,1,1,2,2,2,4,8,1,6,1,3,5,2,2,2,2,2,4,2,8,1,6,1,1,6,6,7,2,3,3,3,3,5,5,5,5,3,5,5,5,3,3,3,3,3,5,5,5,5,3,2,3,3,2,2,3,3,3,3,3,5,3,2,2,3,3,3,3,3,3,3,2,4,4,4,2,3,3,3,3,8,1,6,3,3,3,4,3,3,3,3,3,3,3,3,3,3,1,1,1,3,3,3,6,6,6,6,6,6,6,6,7,7,7,7,7,7,7,7","0.00100994110107422","fast_greedy","edit-xhwikibooks.graphml"
"0.29","0.11","0.6","0.706884169488048","2,2,2,2,1,2,1,2,2,8,1,1,2,2,2,4,8,1,6,1,3,5,2,2,2,2,2,4,2,8,1,6,1,1,6,6,7,2,3,3,3,3,5,5,5,5,3,5,5,5,3,3,3,3,3,5,5,5,5,3,2,3,3,2,2,3,3,3,3,3,5,3,2,2,3,3,3,3,3,3,3,2,4,4,4,2,3,3,3,3,8,1,6,3,3,3,4,3,3,3,3,3,3,3,3,3,3,1,1,1,3,3,3,6,6,6,6,6,6,6,6,7,7,7,7,7,7,7,7","0.000937938690185547","fast_greedy","edit-xhwikibooks.graphml"
"0.28","0.12","0.6","0.706884169488048","2,2,2,2,1,2,1,2,2,8,1,1,2,2,2,4,8,1,6,1,3,5,2,2,2,2,2,4,2,8,1,6,1,1,6,6,7,2,3,3,3,3,5,5,5,5,3,5,5,5,3,3,3,3,3,5,5,5,5,3,2,3,3,2,2,3,3,3,3,3,5,3,2,2,3,3,3,3,3,3,3,2,4,4,4,2,3,3,3,3,8,1,6,3,3,3,4,3,3,3,3,3,3,3,3,3,3,1,1,1,3,3,3,6,6,6,6,6,6,6,6,7,7,7,7,7,7,7,7","0.000955820083618164","fast_greedy","edit-xhwikibooks.graphml"
"0.27","0.13","0.6","0.706884169488048","2,2,2,2,1,2,1,2,2,8,1,1,2,2,2,4,8,1,6,1,3,5,2,2,2,2,2,4,2,8,1,6,1,1,6,6,7,2,3,3,3,3,5,5,5,5,3,5,5,5,3,3,3,3,3,5,5,5,5,3,2,3,3,2,2,3,3,3,3,3,5,3,2,2,3,3,3,3,3,3,3,2,4,4,4,2,3,3,3,3,8,1,6,3,3,3,4,3,3,3,3,3,3,3,3,3,3,1,1,1,3,3,3,6,6,6,6,6,6,6,6,7,7,7,7,7,7,7,7","0.000954866409301758","fast_greedy","edit-xhwikibooks.graphml"
"0.26","0.14","0.6","0.706884169488048","2,2,2,2,1,2,1,2,2,8,1,1,2,2,2,4,8,1,6,1,3,5,2,2,2,2,2,4,2,8,1,6,1,1,6,6,7,2,3,3,3,3,5,5,5,5,3,5,5,5,3,3,3,3,3,5,5,5,5,3,2,3,3,2,2,3,3,3,3,3,5,3,2,2,3,3,3,3,3,3,3,2,4,4,4,2,3,3,3,3,8,1,6,3,3,3,4,3,3,3,3,3,3,3,3,3,3,1,1,1,3,3,3,6,6,6,6,6,6,6,6,7,7,7,7,7,7,7,7","0.000986099243164062","fast_greedy","edit-xhwikibooks.graphml"
"0.25","0.15","0.6","0.706884169488048","2,2,2,2,1,2,1,2,2,8,1,1,2,2,2,4,8,1,6,1,3,5,2,2,2,2,2,4,2,8,1,6,1,1,6,6,7,2,3,3,3,3,5,5,5,5,3,5,5,5,3,3,3,3,3,5,5,5,5,3,2,3,3,2,2,3,3,3,3,3,5,3,2,2,3,3,3,3,3,3,3,2,4,4,4,2,3,3,3,3,8,1,6,3,3,3,4,3,3,3,3,3,3,3,3,3,3,1,1,1,3,3,3,6,6,6,6,6,6,6,6,7,7,7,7,7,7,7,7","0.000988960266113281","fast_greedy","edit-xhwikibooks.graphml"
"0.24","0.16","0.6","0.706884169488048","2,2,2,2,1,2,1,2,2,8,1,1,2,2,2,4,8,1,6,1,3,5,2,2,2,2,2,4,2,8,1,6,1,1,6,6,7,2,3,3,3,3,5,5,5,5,3,5,5,5,3,3,3,3,3,5,5,5,5,3,2,3,3,2,2,3,3,3,3,3,5,3,2,2,3,3,3,3,3,3,3,2,4,4,4,2,3,3,3,3,8,1,6,3,3,3,4,3,3,3,3,3,3,3,3,3,3,1,1,1,3,3,3,6,6,6,6,6,6,6,6,7,7,7,7,7,7,7,7","0.000998973846435547","fast_greedy","edit-xhwikibooks.graphml"
"0.23","0.17","0.6","0.708355868036777","2,2,2,2,1,2,1,2,2,8,1,1,2,2,2,4,8,1,6,1,3,5,2,2,2,2,2,4,2,8,1,6,1,1,6,6,7,2,3,3,3,3,5,5,5,5,3,5,5,5,3,3,3,3,3,5,5,5,5,3,2,3,3,2,2,3,3,3,3,3,5,3,2,2,3,3,3,3,3,3,3,2,4,4,4,2,3,3,3,3,8,1,6,3,3,3,4,3,3,3,3,3,3,3,3,3,3,1,1,1,3,3,3,6,6,6,6,6,6,6,6,7,7,7,7,7,7,7,7","0.00096893310546875","fast_greedy","edit-xhwikibooks.graphml"
"0.22","0.18","0.6","0.708355868036777","2,2,2,2,1,2,1,2,2,8,1,1,2,2,2,4,8,1,6,1,3,5,2,2,2,2,2,4,2,8,1,6,1,1,6,6,7,2,3,3,3,3,5,5,5,5,3,5,5,5,3,3,3,3,3,5,5,5,5,3,2,3,3,2,2,3,3,3,3,3,5,3,2,2,3,3,3,3,3,3,3,2,4,4,4,2,3,3,3,3,8,1,6,3,3,3,4,3,3,3,3,3,3,3,3,3,3,1,1,1,3,3,3,6,6,6,6,6,6,6,6,7,7,7,7,7,7,7,7","0.001068115234375","fast_greedy","edit-xhwikibooks.graphml"
"0.21","0.19","0.6","0.708355868036777","2,2,2,2,1,2,1,2,2,8,1,1,2,2,2,4,8,1,6,1,3,5,2,2,2,2,2,4,2,8,1,6,1,1,6,6,7,2,3,3,3,3,5,5,5,5,3,5,5,5,3,3,3,3,3,5,5,5,5,3,2,3,3,2,2,3,3,3,3,3,5,3,2,2,3,3,3,3,3,3,3,2,4,4,4,2,3,3,3,3,8,1,6,3,3,3,4,3,3,3,3,3,3,3,3,3,3,1,1,1,3,3,3,6,6,6,6,6,6,6,6,7,7,7,7,7,7,7,7","0.000985145568847656","fast_greedy","edit-xhwikibooks.graphml"
"0.2","0.2","0.6","0.708355868036777","2,2,2,2,1,2,1,2,2,8,1,1,2,2,2,4,8,1,6,1,3,5,2,2,2,2,2,4,2,8,1,6,1,1,6,6,7,2,3,3,3,3,5,5,5,5,3,5,5,5,3,3,3,3,3,5,5,5,5,3,2,3,3,2,2,3,3,3,3,3,5,3,2,2,3,3,3,3,3,3,3,2,4,4,4,2,3,3,3,3,8,1,6,3,3,3,4,3,3,3,3,3,3,3,3,3,3,1,1,1,3,3,3,6,6,6,6,6,6,6,6,7,7,7,7,7,7,7,7","0.00114798545837402","fast_greedy","edit-xhwikibooks.graphml"
"0.19","0.21","0.6","0.708355868036777","2,2,2,2,1,2,1,2,2,8,1,1,2,2,2,4,8,1,6,1,3,5,2,2,2,2,2,4,2,8,1,6,1,1,6,6,7,2,3,3,3,3,5,5,5,5,3,5,5,5,3,3,3,3,3,5,5,5,5,3,2,3,3,2,2,3,3,3,3,3,5,3,2,2,3,3,3,3,3,3,3,2,4,4,4,2,3,3,3,3,8,1,6,3,3,3,4,3,3,3,3,3,3,3,3,3,3,1,1,1,3,3,3,6,6,6,6,6,6,6,6,7,7,7,7,7,7,7,7","0.000941038131713867","fast_greedy","edit-xhwikibooks.graphml"
"0.18","0.22","0.6","0.708355868036777","2,2,2,2,1,2,1,2,2,8,1,1,2,2,2,4,8,1,6,1,3,5,2,2,2,2,2,4,2,8,1,6,1,1,6,6,7,2,3,3,3,3,5,5,5,5,3,5,5,5,3,3,3,3,3,5,5,5,5,3,2,3,3,2,2,3,3,3,3,3,5,3,2,2,3,3,3,3,3,3,3,2,4,4,4,2,3,3,3,3,8,1,6,3,3,3,4,3,3,3,3,3,3,3,3,3,3,1,1,1,3,3,3,6,6,6,6,6,6,6,6,7,7,7,7,7,7,7,7","0.000947952270507812","fast_greedy","edit-xhwikibooks.graphml"
"0.17","0.23","0.6","0.708355868036777","2,2,2,2,1,2,1,2,2,8,1,1,2,2,2,4,8,1,6,1,3,5,2,2,2,2,2,4,2,8,1,6,1,1,6,6,7,2,3,3,3,3,5,5,5,5,3,5,5,5,3,3,3,3,3,5,5,5,5,3,2,3,3,2,2,3,3,3,3,3,5,3,2,2,3,3,3,3,3,3,3,2,4,4,4,2,3,3,3,3,8,1,6,3,3,3,4,3,3,3,3,3,3,3,3,3,3,1,1,1,3,3,3,6,6,6,6,6,6,6,6,7,7,7,7,7,7,7,7","0.00096583366394043","fast_greedy","edit-xhwikibooks.graphml"
"0.16","0.24","0.6","0.708355868036777","2,2,2,2,1,2,1,2,2,8,1,1,2,2,2,4,8,1,6,1,3,5,2,2,2,2,2,4,2,8,1,6,1,1,6,6,7,2,3,3,3,3,5,5,5,5,3,5,5,5,3,3,3,3,3,5,5,5,5,3,2,3,3,2,2,3,3,3,3,3,5,3,2,2,3,3,3,3,3,3,3,2,4,4,4,2,3,3,3,3,8,1,6,3,3,3,4,3,3,3,3,3,3,3,3,3,3,1,1,1,3,3,3,6,6,6,6,6,6,6,6,7,7,7,7,7,7,7,7","0.000984907150268555","fast_greedy","edit-xhwikibooks.graphml"
"0.15","0.25","0.6","0.708355868036777","2,2,2,2,1,2,1,2,2,8,1,1,2,2,2,4,8,1,6,1,3,5,2,2,2,2,2,4,2,8,1,6,1,1,6,6,7,2,3,3,3,3,5,5,5,5,3,5,5,5,3,3,3,3,3,5,5,5,5,3,2,3,3,2,2,3,3,3,3,3,5,3,2,2,3,3,3,3,3,3,3,2,4,4,4,2,3,3,3,3,8,1,6,3,3,3,4,3,3,3,3,3,3,3,3,3,3,1,1,1,3,3,3,6,6,6,6,6,6,6,6,7,7,7,7,7,7,7,7","0.000986099243164062","fast_greedy","edit-xhwikibooks.graphml"
"0.14","0.26","0.6","0.708355868036777","2,2,2,2,1,2,1,2,2,8,1,1,2,2,2,4,8,1,6,1,3,5,2,2,2,2,2,4,2,8,1,6,1,1,6,6,7,2,3,3,3,3,5,5,5,5,3,5,5,5,3,3,3,3,3,5,5,5,5,3,2,3,3,2,2,3,3,3,3,3,5,3,2,2,3,3,3,3,3,3,3,2,4,4,4,2,3,3,3,3,8,1,6,3,3,3,4,3,3,3,3,3,3,3,3,3,3,1,1,1,3,3,3,6,6,6,6,6,6,6,6,7,7,7,7,7,7,7,7","0.00100183486938477","fast_greedy","edit-xhwikibooks.graphml"
"0.13","0.27","0.6","0.708355868036777","2,2,2,2,1,2,1,2,2,8,1,1,2,2,2,4,8,1,6,1,3,5,2,2,2,2,2,4,2,8,1,6,1,1,6,6,7,2,3,3,3,3,5,5,5,5,3,5,5,5,3,3,3,3,3,5,5,5,5,3,2,3,3,2,2,3,3,3,3,3,5,3,2,2,3,3,3,3,3,3,3,2,4,4,4,2,3,3,3,3,8,1,6,3,3,3,4,3,3,3,3,3,3,3,3,3,3,1,1,1,3,3,3,6,6,6,6,6,6,6,6,7,7,7,7,7,7,7,7","0.000998973846435547","fast_greedy","edit-xhwikibooks.graphml"
"0.12","0.28","0.6","0.708355868036777","2,2,2,2,1,2,1,2,2,8,1,1,2,2,2,4,8,1,6,1,3,5,2,2,2,2,2,4,2,8,1,6,1,1,6,6,7,2,3,3,3,3,5,5,5,5,3,5,5,5,3,3,3,3,3,5,5,5,5,3,2,3,3,2,2,3,3,3,3,3,5,3,2,2,3,3,3,3,3,3,3,2,4,4,4,2,3,3,3,3,8,1,6,3,3,3,4,3,3,3,3,3,3,3,3,3,3,1,1,1,3,3,3,6,6,6,6,6,6,6,6,7,7,7,7,7,7,7,7","0.00111007690429688","fast_greedy","edit-xhwikibooks.graphml"
"0.11","0.29","0.6","0.708355868036777","2,2,2,2,1,2,1,2,2,8,1,1,2,2,2,4,8,1,6,1,3,5,2,2,2,2,2,4,2,8,1,6,1,1,6,6,7,2,3,3,3,3,5,5,5,5,3,5,5,5,3,3,3,3,3,5,5,5,5,3,2,3,3,2,2,3,3,3,3,3,5,3,2,2,3,3,3,3,3,3,3,2,4,4,4,2,3,3,3,3,8,1,6,3,3,3,4,3,3,3,3,3,3,3,3,3,3,1,1,1,3,3,3,6,6,6,6,6,6,6,6,7,7,7,7,7,7,7,7","0.000958919525146484","fast_greedy","edit-xhwikibooks.graphml"
"0.1","0.3","0.6","0.708355868036777","2,2,2,2,1,2,1,2,2,8,1,1,2,2,2,4,8,1,6,1,3,5,2,2,2,2,2,4,2,8,1,6,1,1,6,6,7,2,3,3,3,3,5,5,5,5,3,5,5,5,3,3,3,3,3,5,5,5,5,3,2,3,3,2,2,3,3,3,3,3,5,3,2,2,3,3,3,3,3,3,3,2,4,4,4,2,3,3,3,3,8,1,6,3,3,3,4,3,3,3,3,3,3,3,3,3,3,1,1,1,3,3,3,6,6,6,6,6,6,6,6,7,7,7,7,7,7,7,7","0.000959157943725586","fast_greedy","edit-xhwikibooks.graphml"
"0.09","0.31","0.6","0.708355868036777","2,2,2,2,1,2,1,2,2,8,1,1,2,2,2,4,8,1,6,1,3,5,2,2,2,2,2,4,2,8,1,6,1,1,6,6,7,2,3,3,3,3,5,5,5,5,3,5,5,5,3,3,3,3,3,5,5,5,5,3,2,3,3,2,2,3,3,3,3,3,5,3,2,2,3,3,3,3,3,3,3,2,4,4,4,2,3,3,3,3,8,1,6,3,3,3,4,3,3,3,3,3,3,3,3,3,3,1,1,1,3,3,3,6,6,6,6,6,6,6,6,7,7,7,7,7,7,7,7","0.00112199783325195","fast_greedy","edit-xhwikibooks.graphml"
"0.08","0.32","0.6","0.708355868036777","2,2,2,2,1,2,1,2,2,8,1,1,2,2,2,4,8,1,6,1,3,5,2,2,2,2,2,4,2,8,1,6,1,1,6,6,7,2,3,3,3,3,5,5,5,5,3,5,5,5,3,3,3,3,3,5,5,5,5,3,2,3,3,2,2,3,3,3,3,3,5,3,2,2,3,3,3,3,3,3,3,2,4,4,4,2,3,3,3,3,8,1,6,3,3,3,4,3,3,3,3,3,3,3,3,3,3,1,1,1,3,3,3,6,6,6,6,6,6,6,6,7,7,7,7,7,7,7,7","0.000952005386352539","fast_greedy","edit-xhwikibooks.graphml"
"0.07","0.33","0.6","0.708355868036777","2,2,2,2,1,2,1,2,2,8,1,1,2,2,2,4,8,1,6,1,3,5,2,2,2,2,2,4,2,8,1,6,1,1,6,6,7,2,3,3,3,3,5,5,5,5,3,5,5,5,3,3,3,3,3,5,5,5,5,3,2,3,3,2,2,3,3,3,3,3,5,3,2,2,3,3,3,3,3,3,3,2,4,4,4,2,3,3,3,3,8,1,6,3,3,3,4,3,3,3,3,3,3,3,3,3,3,1,1,1,3,3,3,6,6,6,6,6,6,6,6,7,7,7,7,7,7,7,7","0.000960111618041992","fast_greedy","edit-xhwikibooks.graphml"
"0.06","0.34","0.6","0.707407531157072","2,2,2,2,1,2,1,2,2,8,1,1,2,2,2,4,8,1,6,1,3,5,2,2,2,2,2,4,2,8,1,6,1,1,6,6,7,2,3,3,3,3,5,5,5,5,3,5,5,5,3,3,3,3,3,5,5,5,5,3,2,3,3,2,2,3,3,3,3,3,5,3,2,2,3,3,3,3,3,3,3,2,4,4,4,2,3,3,3,3,8,1,6,3,3,3,4,3,3,3,3,3,3,3,3,3,3,1,1,1,3,3,3,6,6,6,6,6,6,6,6,7,7,7,7,7,7,7,7","0.000979900360107422","fast_greedy","edit-xhwikibooks.graphml"
"0.05","0.35","0.6","0.707407531157072","2,2,2,2,1,2,1,2,2,8,1,1,2,2,2,4,8,1,6,1,3,5,2,2,2,2,2,4,2,8,1,6,1,1,6,6,7,2,3,3,3,3,5,5,5,5,3,5,5,5,3,3,3,3,3,5,5,5,5,3,2,3,3,2,2,3,3,3,3,3,5,3,2,2,3,3,3,3,3,3,3,2,4,4,4,2,3,3,3,3,8,1,6,3,3,3,4,3,3,3,3,3,3,3,3,3,3,1,1,1,3,3,3,6,6,6,6,6,6,6,6,7,7,7,7,7,7,7,7","0.00099492073059082","fast_greedy","edit-xhwikibooks.graphml"
"0.04","0.36","0.6","0.707407531157072","2,2,2,2,1,2,1,2,2,8,1,1,2,2,2,4,8,1,6,1,3,5,2,2,2,2,2,4,2,8,1,6,1,1,6,6,7,2,3,3,3,3,5,5,5,5,3,5,5,5,3,3,3,3,3,5,5,5,5,3,2,3,3,2,2,3,3,3,3,3,5,3,2,2,3,3,3,3,3,3,3,2,4,4,4,2,3,3,3,3,8,1,6,3,3,3,4,3,3,3,3,3,3,3,3,3,3,1,1,1,3,3,3,6,6,6,6,6,6,6,6,7,7,7,7,7,7,7,7","0.00101184844970703","fast_greedy","edit-xhwikibooks.graphml"
"0.03","0.37","0.6","0.707407531157072","2,2,2,2,1,2,1,2,2,8,1,1,2,2,2,4,8,1,6,1,3,5,2,2,2,2,2,4,2,8,1,6,1,1,6,6,7,2,3,3,3,3,5,5,5,5,3,5,5,5,3,3,3,3,3,5,5,5,5,3,2,3,3,2,2,3,3,3,3,3,5,3,2,2,3,3,3,3,3,3,3,2,4,4,4,2,3,3,3,3,8,1,6,3,3,3,4,3,3,3,3,3,3,3,3,3,3,1,1,1,3,3,3,6,6,6,6,6,6,6,6,7,7,7,7,7,7,7,7","0.00100302696228027","fast_greedy","edit-xhwikibooks.graphml"
"0.02","0.38","0.6","0.707407531157072","2,2,2,2,1,2,1,2,2,8,1,1,2,2,2,4,8,1,6,1,3,5,2,2,2,2,2,4,2,8,1,6,1,1,6,6,7,2,3,3,3,3,5,5,5,5,3,5,5,5,3,3,3,3,3,5,5,5,5,3,2,3,3,2,2,3,3,3,3,3,5,3,2,2,3,3,3,3,3,3,3,2,4,4,4,2,3,3,3,3,8,1,6,3,3,3,4,3,3,3,3,3,3,3,3,3,3,1,1,1,3,3,3,6,6,6,6,6,6,6,6,7,7,7,7,7,7,7,7","0.00110197067260742","fast_greedy","edit-xhwikibooks.graphml"
"0.01","0.39","0.6","0.707407531157072","2,2,2,2,1,2,1,2,2,8,1,1,2,2,2,4,8,1,6,1,3,5,2,2,2,2,2,4,2,8,1,6,1,1,6,6,7,2,3,3,3,3,5,5,5,5,3,5,5,5,3,3,3,3,3,5,5,5,5,3,2,3,3,2,2,3,3,3,3,3,5,3,2,2,3,3,3,3,3,3,3,2,4,4,4,2,3,3,3,3,8,1,6,3,3,3,4,3,3,3,3,3,3,3,3,3,3,1,1,1,3,3,3,6,6,6,6,6,6,6,6,7,7,7,7,7,7,7,7","0.000936031341552734","fast_greedy","edit-xhwikibooks.graphml"
"0","0.4","0.6","0.682685185185185","7,7,7,7,7,7,7,7,1,10,9,3,7,1,1,4,10,9,6,3,2,5,1,7,1,1,1,4,7,10,9,6,3,3,6,6,8,1,2,2,2,2,5,5,5,5,2,5,5,5,2,2,2,2,2,5,5,5,5,2,1,2,2,7,1,2,2,2,2,2,5,2,1,1,2,2,2,2,2,2,2,1,4,4,4,7,2,2,2,2,10,9,6,2,2,2,4,2,2,2,2,2,2,2,2,2,2,3,3,3,2,2,2,6,6,6,6,6,6,6,6,8,8,8,8,8,8,8,8","0.000955820083618164","fast_greedy","edit-xhwikibooks.graphml"
"0.39","0","0.61","0.706884169488048","2,2,2,2,1,2,1,2,2,8,1,1,2,2,2,4,8,1,6,1,3,5,2,2,2,2,2,4,2,8,1,6,1,1,6,6,7,2,3,3,3,3,5,5,5,5,3,5,5,5,3,3,3,3,3,5,5,5,5,3,2,3,3,2,2,3,3,3,3,3,5,3,2,2,3,3,3,3,3,3,3,2,4,4,4,2,3,3,3,3,8,1,6,3,3,3,4,3,3,3,3,3,3,3,3,3,3,1,1,1,3,3,3,6,6,6,6,6,6,6,6,7,7,7,7,7,7,7,7","0.00106406211853027","fast_greedy","edit-xhwikibooks.graphml"
"0.38","0.01","0.61","0.706884169488048","2,2,2,2,1,2,1,2,2,8,1,1,2,2,2,4,8,1,6,1,3,5,2,2,2,2,2,4,2,8,1,6,1,1,6,6,7,2,3,3,3,3,5,5,5,5,3,5,5,5,3,3,3,3,3,5,5,5,5,3,2,3,3,2,2,3,3,3,3,3,5,3,2,2,3,3,3,3,3,3,3,2,4,4,4,2,3,3,3,3,8,1,6,3,3,3,4,3,3,3,3,3,3,3,3,3,3,1,1,1,3,3,3,6,6,6,6,6,6,6,6,7,7,7,7,7,7,7,7","0.0012509822845459","fast_greedy","edit-xhwikibooks.graphml"
"0.37","0.02","0.61","0.706884169488048","2,2,2,2,1,2,1,2,2,8,1,1,2,2,2,4,8,1,6,1,3,5,2,2,2,2,2,4,2,8,1,6,1,1,6,6,7,2,3,3,3,3,5,5,5,5,3,5,5,5,3,3,3,3,3,5,5,5,5,3,2,3,3,2,2,3,3,3,3,3,5,3,2,2,3,3,3,3,3,3,3,2,4,4,4,2,3,3,3,3,8,1,6,3,3,3,4,3,3,3,3,3,3,3,3,3,3,1,1,1,3,3,3,6,6,6,6,6,6,6,6,7,7,7,7,7,7,7,7","0.00105500221252441","fast_greedy","edit-xhwikibooks.graphml"
"0.36","0.03","0.61","0.706884169488048","2,2,2,2,1,2,1,2,2,8,1,1,2,2,2,4,8,1,6,1,3,5,2,2,2,2,2,4,2,8,1,6,1,1,6,6,7,2,3,3,3,3,5,5,5,5,3,5,5,5,3,3,3,3,3,5,5,5,5,3,2,3,3,2,2,3,3,3,3,3,5,3,2,2,3,3,3,3,3,3,3,2,4,4,4,2,3,3,3,3,8,1,6,3,3,3,4,3,3,3,3,3,3,3,3,3,3,1,1,1,3,3,3,6,6,6,6,6,6,6,6,7,7,7,7,7,7,7,7","0.000928163528442383","fast_greedy","edit-xhwikibooks.graphml"
"0.35","0.04","0.61","0.706884169488048","2,2,2,2,1,2,1,2,2,8,1,1,2,2,2,4,8,1,6,1,3,5,2,2,2,2,2,4,2,8,1,6,1,1,6,6,7,2,3,3,3,3,5,5,5,5,3,5,5,5,3,3,3,3,3,5,5,5,5,3,2,3,3,2,2,3,3,3,3,3,5,3,2,2,3,3,3,3,3,3,3,2,4,4,4,2,3,3,3,3,8,1,6,3,3,3,4,3,3,3,3,3,3,3,3,3,3,1,1,1,3,3,3,6,6,6,6,6,6,6,6,7,7,7,7,7,7,7,7","0.000952005386352539","fast_greedy","edit-xhwikibooks.graphml"
"0.34","0.05","0.61","0.706884169488048","2,2,2,2,1,2,1,2,2,8,1,1,2,2,2,4,8,1,6,1,3,5,2,2,2,2,2,4,2,8,1,6,1,1,6,6,7,2,3,3,3,3,5,5,5,5,3,5,5,5,3,3,3,3,3,5,5,5,5,3,2,3,3,2,2,3,3,3,3,3,5,3,2,2,3,3,3,3,3,3,3,2,4,4,4,2,3,3,3,3,8,1,6,3,3,3,4,3,3,3,3,3,3,3,3,3,3,1,1,1,3,3,3,6,6,6,6,6,6,6,6,7,7,7,7,7,7,7,7","0.000955104827880859","fast_greedy","edit-xhwikibooks.graphml"
"0.33","0.06","0.61","0.706884169488048","2,2,2,2,1,2,1,2,2,8,1,1,2,2,2,4,8,1,6,1,3,5,2,2,2,2,2,4,2,8,1,6,1,1,6,6,7,2,3,3,3,3,5,5,5,5,3,5,5,5,3,3,3,3,3,5,5,5,5,3,2,3,3,2,2,3,3,3,3,3,5,3,2,2,3,3,3,3,3,3,3,2,4,4,4,2,3,3,3,3,8,1,6,3,3,3,4,3,3,3,3,3,3,3,3,3,3,1,1,1,3,3,3,6,6,6,6,6,6,6,6,7,7,7,7,7,7,7,7","0.000957012176513672","fast_greedy","edit-xhwikibooks.graphml"
"0.32","0.07","0.61","0.706884169488048","2,2,2,2,1,2,1,2,2,8,1,1,2,2,2,4,8,1,6,1,3,5,2,2,2,2,2,4,2,8,1,6,1,1,6,6,7,2,3,3,3,3,5,5,5,5,3,5,5,5,3,3,3,3,3,5,5,5,5,3,2,3,3,2,2,3,3,3,3,3,5,3,2,2,3,3,3,3,3,3,3,2,4,4,4,2,3,3,3,3,8,1,6,3,3,3,4,3,3,3,3,3,3,3,3,3,3,1,1,1,3,3,3,6,6,6,6,6,6,6,6,7,7,7,7,7,7,7,7","0.00101017951965332","fast_greedy","edit-xhwikibooks.graphml"
"0.31","0.08","0.61","0.706884169488048","2,2,2,2,1,2,1,2,2,8,1,1,2,2,2,4,8,1,6,1,3,5,2,2,2,2,2,4,2,8,1,6,1,1,6,6,7,2,3,3,3,3,5,5,5,5,3,5,5,5,3,3,3,3,3,5,5,5,5,3,2,3,3,2,2,3,3,3,3,3,5,3,2,2,3,3,3,3,3,3,3,2,4,4,4,2,3,3,3,3,8,1,6,3,3,3,4,3,3,3,3,3,3,3,3,3,3,1,1,1,3,3,3,6,6,6,6,6,6,6,6,7,7,7,7,7,7,7,7","0.000954866409301758","fast_greedy","edit-xhwikibooks.graphml"
"0.3","0.09","0.61","0.706884169488048","2,2,2,2,1,2,1,2,2,8,1,1,2,2,2,4,8,1,6,1,3,5,2,2,2,2,2,4,2,8,1,6,1,1,6,6,7,2,3,3,3,3,5,5,5,5,3,5,5,5,3,3,3,3,3,5,5,5,5,3,2,3,3,2,2,3,3,3,3,3,5,3,2,2,3,3,3,3,3,3,3,2,4,4,4,2,3,3,3,3,8,1,6,3,3,3,4,3,3,3,3,3,3,3,3,3,3,1,1,1,3,3,3,6,6,6,6,6,6,6,6,7,7,7,7,7,7,7,7","0.000967025756835938","fast_greedy","edit-xhwikibooks.graphml"
"0.29","0.1","0.61","0.706884169488048","2,2,2,2,1,2,1,2,2,8,1,1,2,2,2,4,8,1,6,1,3,5,2,2,2,2,2,4,2,8,1,6,1,1,6,6,7,2,3,3,3,3,5,5,5,5,3,5,5,5,3,3,3,3,3,5,5,5,5,3,2,3,3,2,2,3,3,3,3,3,5,3,2,2,3,3,3,3,3,3,3,2,4,4,4,2,3,3,3,3,8,1,6,3,3,3,4,3,3,3,3,3,3,3,3,3,3,1,1,1,3,3,3,6,6,6,6,6,6,6,6,7,7,7,7,7,7,7,7","0.000967979431152344","fast_greedy","edit-xhwikibooks.graphml"
"0.28","0.11","0.61","0.706884169488048","2,2,2,2,1,2,1,2,2,8,1,1,2,2,2,4,8,1,6,1,3,5,2,2,2,2,2,4,2,8,1,6,1,1,6,6,7,2,3,3,3,3,5,5,5,5,3,5,5,5,3,3,3,3,3,5,5,5,5,3,2,3,3,2,2,3,3,3,3,3,5,3,2,2,3,3,3,3,3,3,3,2,4,4,4,2,3,3,3,3,8,1,6,3,3,3,4,3,3,3,3,3,3,3,3,3,3,1,1,1,3,3,3,6,6,6,6,6,6,6,6,7,7,7,7,7,7,7,7","0.000974893569946289","fast_greedy","edit-xhwikibooks.graphml"
"0.27","0.12","0.61","0.706884169488048","2,2,2,2,1,2,1,2,2,8,1,1,2,2,2,4,8,1,6,1,3,5,2,2,2,2,2,4,2,8,1,6,1,1,6,6,7,2,3,3,3,3,5,5,5,5,3,5,5,5,3,3,3,3,3,5,5,5,5,3,2,3,3,2,2,3,3,3,3,3,5,3,2,2,3,3,3,3,3,3,3,2,4,4,4,2,3,3,3,3,8,1,6,3,3,3,4,3,3,3,3,3,3,3,3,3,3,1,1,1,3,3,3,6,6,6,6,6,6,6,6,7,7,7,7,7,7,7,7","0.000943183898925781","fast_greedy","edit-xhwikibooks.graphml"
"0.26","0.13","0.61","0.706884169488048","2,2,2,2,1,2,1,2,2,8,1,1,2,2,2,4,8,1,6,1,3,5,2,2,2,2,2,4,2,8,1,6,1,1,6,6,7,2,3,3,3,3,5,5,5,5,3,5,5,5,3,3,3,3,3,5,5,5,5,3,2,3,3,2,2,3,3,3,3,3,5,3,2,2,3,3,3,3,3,3,3,2,4,4,4,2,3,3,3,3,8,1,6,3,3,3,4,3,3,3,3,3,3,3,3,3,3,1,1,1,3,3,3,6,6,6,6,6,6,6,6,7,7,7,7,7,7,7,7","0.000941038131713867","fast_greedy","edit-xhwikibooks.graphml"
"0.25","0.14","0.61","0.706884169488048","2,2,2,2,1,2,1,2,2,8,1,1,2,2,2,4,8,1,6,1,3,5,2,2,2,2,2,4,2,8,1,6,1,1,6,6,7,2,3,3,3,3,5,5,5,5,3,5,5,5,3,3,3,3,3,5,5,5,5,3,2,3,3,2,2,3,3,3,3,3,5,3,2,2,3,3,3,3,3,3,3,2,4,4,4,2,3,3,3,3,8,1,6,3,3,3,4,3,3,3,3,3,3,3,3,3,3,1,1,1,3,3,3,6,6,6,6,6,6,6,6,7,7,7,7,7,7,7,7","0.000975131988525391","fast_greedy","edit-xhwikibooks.graphml"
"0.24","0.15","0.61","0.706884169488048","2,2,2,2,1,2,1,2,2,8,1,1,2,2,2,4,8,1,6,1,3,5,2,2,2,2,2,4,2,8,1,6,1,1,6,6,7,2,3,3,3,3,5,5,5,5,3,5,5,5,3,3,3,3,3,5,5,5,5,3,2,3,3,2,2,3,3,3,3,3,5,3,2,2,3,3,3,3,3,3,3,2,4,4,4,2,3,3,3,3,8,1,6,3,3,3,4,3,3,3,3,3,3,3,3,3,3,1,1,1,3,3,3,6,6,6,6,6,6,6,6,7,7,7,7,7,7,7,7","0.000965118408203125","fast_greedy","edit-xhwikibooks.graphml"
"0.23","0.16","0.61","0.706884169488048","2,2,2,2,1,2,1,2,2,8,1,1,2,2,2,4,8,1,6,1,3,5,2,2,2,2,2,4,2,8,1,6,1,1,6,6,7,2,3,3,3,3,5,5,5,5,3,5,5,5,3,3,3,3,3,5,5,5,5,3,2,3,3,2,2,3,3,3,3,3,5,3,2,2,3,3,3,3,3,3,3,2,4,4,4,2,3,3,3,3,8,1,6,3,3,3,4,3,3,3,3,3,3,3,3,3,3,1,1,1,3,3,3,6,6,6,6,6,6,6,6,7,7,7,7,7,7,7,7","0.000991106033325195","fast_greedy","edit-xhwikibooks.graphml"
"0.22","0.17","0.61","0.708355868036777","2,2,2,2,1,2,1,2,2,8,1,1,2,2,2,4,8,1,6,1,3,5,2,2,2,2,2,4,2,8,1,6,1,1,6,6,7,2,3,3,3,3,5,5,5,5,3,5,5,5,3,3,3,3,3,5,5,5,5,3,2,3,3,2,2,3,3,3,3,3,5,3,2,2,3,3,3,3,3,3,3,2,4,4,4,2,3,3,3,3,8,1,6,3,3,3,4,3,3,3,3,3,3,3,3,3,3,1,1,1,3,3,3,6,6,6,6,6,6,6,6,7,7,7,7,7,7,7,7","0.000984907150268555","fast_greedy","edit-xhwikibooks.graphml"
"0.21","0.18","0.61","0.708355868036777","2,2,2,2,1,2,1,2,2,8,1,1,2,2,2,4,8,1,6,1,3,5,2,2,2,2,2,4,2,8,1,6,1,1,6,6,7,2,3,3,3,3,5,5,5,5,3,5,5,5,3,3,3,3,3,5,5,5,5,3,2,3,3,2,2,3,3,3,3,3,5,3,2,2,3,3,3,3,3,3,3,2,4,4,4,2,3,3,3,3,8,1,6,3,3,3,4,3,3,3,3,3,3,3,3,3,3,1,1,1,3,3,3,6,6,6,6,6,6,6,6,7,7,7,7,7,7,7,7","0.00097203254699707","fast_greedy","edit-xhwikibooks.graphml"
"0.2","0.19","0.61","0.708355868036777","2,2,2,2,1,2,1,2,2,8,1,1,2,2,2,4,8,1,6,1,3,5,2,2,2,2,2,4,2,8,1,6,1,1,6,6,7,2,3,3,3,3,5,5,5,5,3,5,5,5,3,3,3,3,3,5,5,5,5,3,2,3,3,2,2,3,3,3,3,3,5,3,2,2,3,3,3,3,3,3,3,2,4,4,4,2,3,3,3,3,8,1,6,3,3,3,4,3,3,3,3,3,3,3,3,3,3,1,1,1,3,3,3,6,6,6,6,6,6,6,6,7,7,7,7,7,7,7,7","0.000973939895629883","fast_greedy","edit-xhwikibooks.graphml"
"0.19","0.2","0.61","0.708355868036777","2,2,2,2,1,2,1,2,2,8,1,1,2,2,2,4,8,1,6,1,3,5,2,2,2,2,2,4,2,8,1,6,1,1,6,6,7,2,3,3,3,3,5,5,5,5,3,5,5,5,3,3,3,3,3,5,5,5,5,3,2,3,3,2,2,3,3,3,3,3,5,3,2,2,3,3,3,3,3,3,3,2,4,4,4,2,3,3,3,3,8,1,6,3,3,3,4,3,3,3,3,3,3,3,3,3,3,1,1,1,3,3,3,6,6,6,6,6,6,6,6,7,7,7,7,7,7,7,7","0.000953912734985352","fast_greedy","edit-xhwikibooks.graphml"
"0.18","0.21","0.61","0.708355868036777","2,2,2,2,1,2,1,2,2,8,1,1,2,2,2,4,8,1,6,1,3,5,2,2,2,2,2,4,2,8,1,6,1,1,6,6,7,2,3,3,3,3,5,5,5,5,3,5,5,5,3,3,3,3,3,5,5,5,5,3,2,3,3,2,2,3,3,3,3,3,5,3,2,2,3,3,3,3,3,3,3,2,4,4,4,2,3,3,3,3,8,1,6,3,3,3,4,3,3,3,3,3,3,3,3,3,3,1,1,1,3,3,3,6,6,6,6,6,6,6,6,7,7,7,7,7,7,7,7","0.00120902061462402","fast_greedy","edit-xhwikibooks.graphml"
"0.17","0.22","0.61","0.708355868036777","2,2,2,2,1,2,1,2,2,8,1,1,2,2,2,4,8,1,6,1,3,5,2,2,2,2,2,4,2,8,1,6,1,1,6,6,7,2,3,3,3,3,5,5,5,5,3,5,5,5,3,3,3,3,3,5,5,5,5,3,2,3,3,2,2,3,3,3,3,3,5,3,2,2,3,3,3,3,3,3,3,2,4,4,4,2,3,3,3,3,8,1,6,3,3,3,4,3,3,3,3,3,3,3,3,3,3,1,1,1,3,3,3,6,6,6,6,6,6,6,6,7,7,7,7,7,7,7,7","0.000946998596191406","fast_greedy","edit-xhwikibooks.graphml"
"0.16","0.23","0.61","0.708355868036777","2,2,2,2,1,2,1,2,2,8,1,1,2,2,2,4,8,1,6,1,3,5,2,2,2,2,2,4,2,8,1,6,1,1,6,6,7,2,3,3,3,3,5,5,5,5,3,5,5,5,3,3,3,3,3,5,5,5,5,3,2,3,3,2,2,3,3,3,3,3,5,3,2,2,3,3,3,3,3,3,3,2,4,4,4,2,3,3,3,3,8,1,6,3,3,3,4,3,3,3,3,3,3,3,3,3,3,1,1,1,3,3,3,6,6,6,6,6,6,6,6,7,7,7,7,7,7,7,7","0.000945091247558594","fast_greedy","edit-xhwikibooks.graphml"
"0.15","0.24","0.61","0.708355868036777","2,2,2,2,1,2,1,2,2,8,1,1,2,2,2,4,8,1,6,1,3,5,2,2,2,2,2,4,2,8,1,6,1,1,6,6,7,2,3,3,3,3,5,5,5,5,3,5,5,5,3,3,3,3,3,5,5,5,5,3,2,3,3,2,2,3,3,3,3,3,5,3,2,2,3,3,3,3,3,3,3,2,4,4,4,2,3,3,3,3,8,1,6,3,3,3,4,3,3,3,3,3,3,3,3,3,3,1,1,1,3,3,3,6,6,6,6,6,6,6,6,7,7,7,7,7,7,7,7","0.000941038131713867","fast_greedy","edit-xhwikibooks.graphml"
"0.14","0.25","0.61","0.708355868036777","2,2,2,2,1,2,1,2,2,8,1,1,2,2,2,4,8,1,6,1,3,5,2,2,2,2,2,4,2,8,1,6,1,1,6,6,7,2,3,3,3,3,5,5,5,5,3,5,5,5,3,3,3,3,3,5,5,5,5,3,2,3,3,2,2,3,3,3,3,3,5,3,2,2,3,3,3,3,3,3,3,2,4,4,4,2,3,3,3,3,8,1,6,3,3,3,4,3,3,3,3,3,3,3,3,3,3,1,1,1,3,3,3,6,6,6,6,6,6,6,6,7,7,7,7,7,7,7,7","0.000951051712036133","fast_greedy","edit-xhwikibooks.graphml"
"0.13","0.26","0.61","0.708355868036777","2,2,2,2,1,2,1,2,2,8,1,1,2,2,2,4,8,1,6,1,3,5,2,2,2,2,2,4,2,8,1,6,1,1,6,6,7,2,3,3,3,3,5,5,5,5,3,5,5,5,3,3,3,3,3,5,5,5,5,3,2,3,3,2,2,3,3,3,3,3,5,3,2,2,3,3,3,3,3,3,3,2,4,4,4,2,3,3,3,3,8,1,6,3,3,3,4,3,3,3,3,3,3,3,3,3,3,1,1,1,3,3,3,6,6,6,6,6,6,6,6,7,7,7,7,7,7,7,7","0.000971078872680664","fast_greedy","edit-xhwikibooks.graphml"
"0.12","0.27","0.61","0.708355868036777","2,2,2,2,1,2,1,2,2,8,1,1,2,2,2,4,8,1,6,1,3,5,2,2,2,2,2,4,2,8,1,6,1,1,6,6,7,2,3,3,3,3,5,5,5,5,3,5,5,5,3,3,3,3,3,5,5,5,5,3,2,3,3,2,2,3,3,3,3,3,5,3,2,2,3,3,3,3,3,3,3,2,4,4,4,2,3,3,3,3,8,1,6,3,3,3,4,3,3,3,3,3,3,3,3,3,3,1,1,1,3,3,3,6,6,6,6,6,6,6,6,7,7,7,7,7,7,7,7","0.000931024551391602","fast_greedy","edit-xhwikibooks.graphml"
"0.11","0.28","0.61","0.708355868036777","2,2,2,2,1,2,1,2,2,8,1,1,2,2,2,4,8,1,6,1,3,5,2,2,2,2,2,4,2,8,1,6,1,1,6,6,7,2,3,3,3,3,5,5,5,5,3,5,5,5,3,3,3,3,3,5,5,5,5,3,2,3,3,2,2,3,3,3,3,3,5,3,2,2,3,3,3,3,3,3,3,2,4,4,4,2,3,3,3,3,8,1,6,3,3,3,4,3,3,3,3,3,3,3,3,3,3,1,1,1,3,3,3,6,6,6,6,6,6,6,6,7,7,7,7,7,7,7,7","0.000962018966674805","fast_greedy","edit-xhwikibooks.graphml"
"0.1","0.29","0.61","0.708355868036777","2,2,2,2,1,2,1,2,2,8,1,1,2,2,2,4,8,1,6,1,3,5,2,2,2,2,2,4,2,8,1,6,1,1,6,6,7,2,3,3,3,3,5,5,5,5,3,5,5,5,3,3,3,3,3,5,5,5,5,3,2,3,3,2,2,3,3,3,3,3,5,3,2,2,3,3,3,3,3,3,3,2,4,4,4,2,3,3,3,3,8,1,6,3,3,3,4,3,3,3,3,3,3,3,3,3,3,1,1,1,3,3,3,6,6,6,6,6,6,6,6,7,7,7,7,7,7,7,7","0.000960111618041992","fast_greedy","edit-xhwikibooks.graphml"
"0.09","0.3","0.61","0.708355868036777","2,2,2,2,1,2,1,2,2,8,1,1,2,2,2,4,8,1,6,1,3,5,2,2,2,2,2,4,2,8,1,6,1,1,6,6,7,2,3,3,3,3,5,5,5,5,3,5,5,5,3,3,3,3,3,5,5,5,5,3,2,3,3,2,2,3,3,3,3,3,5,3,2,2,3,3,3,3,3,3,3,2,4,4,4,2,3,3,3,3,8,1,6,3,3,3,4,3,3,3,3,3,3,3,3,3,3,1,1,1,3,3,3,6,6,6,6,6,6,6,6,7,7,7,7,7,7,7,7","0.000957012176513672","fast_greedy","edit-xhwikibooks.graphml"
"0.08","0.31","0.61","0.708355868036777","2,2,2,2,1,2,1,2,2,8,1,1,2,2,2,4,8,1,6,1,3,5,2,2,2,2,2,4,2,8,1,6,1,1,6,6,7,2,3,3,3,3,5,5,5,5,3,5,5,5,3,3,3,3,3,5,5,5,5,3,2,3,3,2,2,3,3,3,3,3,5,3,2,2,3,3,3,3,3,3,3,2,4,4,4,2,3,3,3,3,8,1,6,3,3,3,4,3,3,3,3,3,3,3,3,3,3,1,1,1,3,3,3,6,6,6,6,6,6,6,6,7,7,7,7,7,7,7,7","0.00107002258300781","fast_greedy","edit-xhwikibooks.graphml"
"0.07","0.32","0.61","0.708355868036777","2,2,2,2,1,2,1,2,2,8,1,1,2,2,2,4,8,1,6,1,3,5,2,2,2,2,2,4,2,8,1,6,1,1,6,6,7,2,3,3,3,3,5,5,5,5,3,5,5,5,3,3,3,3,3,5,5,5,5,3,2,3,3,2,2,3,3,3,3,3,5,3,2,2,3,3,3,3,3,3,3,2,4,4,4,2,3,3,3,3,8,1,6,3,3,3,4,3,3,3,3,3,3,3,3,3,3,1,1,1,3,3,3,6,6,6,6,6,6,6,6,7,7,7,7,7,7,7,7","0.00111198425292969","fast_greedy","edit-xhwikibooks.graphml"
"0.06","0.33","0.61","0.708355868036777","2,2,2,2,1,2,1,2,2,8,1,1,2,2,2,4,8,1,6,1,3,5,2,2,2,2,2,4,2,8,1,6,1,1,6,6,7,2,3,3,3,3,5,5,5,5,3,5,5,5,3,3,3,3,3,5,5,5,5,3,2,3,3,2,2,3,3,3,3,3,5,3,2,2,3,3,3,3,3,3,3,2,4,4,4,2,3,3,3,3,8,1,6,3,3,3,4,3,3,3,3,3,3,3,3,3,3,1,1,1,3,3,3,6,6,6,6,6,6,6,6,7,7,7,7,7,7,7,7","0.000921964645385742","fast_greedy","edit-xhwikibooks.graphml"
"0.05","0.34","0.61","0.707407531157072","2,2,2,2,1,2,1,2,2,8,1,1,2,2,2,4,8,1,6,1,3,5,2,2,2,2,2,4,2,8,1,6,1,1,6,6,7,2,3,3,3,3,5,5,5,5,3,5,5,5,3,3,3,3,3,5,5,5,5,3,2,3,3,2,2,3,3,3,3,3,5,3,2,2,3,3,3,3,3,3,3,2,4,4,4,2,3,3,3,3,8,1,6,3,3,3,4,3,3,3,3,3,3,3,3,3,3,1,1,1,3,3,3,6,6,6,6,6,6,6,6,7,7,7,7,7,7,7,7","0.000957965850830078","fast_greedy","edit-xhwikibooks.graphml"
"0.04","0.35","0.61","0.707407531157072","2,2,2,2,1,2,1,2,2,8,1,1,2,2,2,4,8,1,6,1,3,5,2,2,2,2,2,4,2,8,1,6,1,1,6,6,7,2,3,3,3,3,5,5,5,5,3,5,5,5,3,3,3,3,3,5,5,5,5,3,2,3,3,2,2,3,3,3,3,3,5,3,2,2,3,3,3,3,3,3,3,2,4,4,4,2,3,3,3,3,8,1,6,3,3,3,4,3,3,3,3,3,3,3,3,3,3,1,1,1,3,3,3,6,6,6,6,6,6,6,6,7,7,7,7,7,7,7,7","0.000977039337158203","fast_greedy","edit-xhwikibooks.graphml"
"0.03","0.36","0.61","0.707407531157072","2,2,2,2,1,2,1,2,2,8,1,1,2,2,2,4,8,1,6,1,3,5,2,2,2,2,2,4,2,8,1,6,1,1,6,6,7,2,3,3,3,3,5,5,5,5,3,5,5,5,3,3,3,3,3,5,5,5,5,3,2,3,3,2,2,3,3,3,3,3,5,3,2,2,3,3,3,3,3,3,3,2,4,4,4,2,3,3,3,3,8,1,6,3,3,3,4,3,3,3,3,3,3,3,3,3,3,1,1,1,3,3,3,6,6,6,6,6,6,6,6,7,7,7,7,7,7,7,7","0.000972986221313477","fast_greedy","edit-xhwikibooks.graphml"
"0.02","0.37","0.61","0.707407531157072","2,2,2,2,1,2,1,2,2,8,1,1,2,2,2,4,8,1,6,1,3,5,2,2,2,2,2,4,2,8,1,6,1,1,6,6,7,2,3,3,3,3,5,5,5,5,3,5,5,5,3,3,3,3,3,5,5,5,5,3,2,3,3,2,2,3,3,3,3,3,5,3,2,2,3,3,3,3,3,3,3,2,4,4,4,2,3,3,3,3,8,1,6,3,3,3,4,3,3,3,3,3,3,3,3,3,3,1,1,1,3,3,3,6,6,6,6,6,6,6,6,7,7,7,7,7,7,7,7","0.000982046127319336","fast_greedy","edit-xhwikibooks.graphml"
"0.01","0.38","0.61","0.707407531157072","2,2,2,2,1,2,1,2,2,8,1,1,2,2,2,4,8,1,6,1,3,5,2,2,2,2,2,4,2,8,1,6,1,1,6,6,7,2,3,3,3,3,5,5,5,5,3,5,5,5,3,3,3,3,3,5,5,5,5,3,2,3,3,2,2,3,3,3,3,3,5,3,2,2,3,3,3,3,3,3,3,2,4,4,4,2,3,3,3,3,8,1,6,3,3,3,4,3,3,3,3,3,3,3,3,3,3,1,1,1,3,3,3,6,6,6,6,6,6,6,6,7,7,7,7,7,7,7,7","0.000998973846435547","fast_greedy","edit-xhwikibooks.graphml"
"0","0.39","0.61","0.682685185185185","7,7,7,7,7,7,7,7,1,10,9,3,7,1,1,4,10,9,6,3,2,5,1,7,1,1,1,4,7,10,9,6,3,3,6,6,8,1,2,2,2,2,5,5,5,5,2,5,5,5,2,2,2,2,2,5,5,5,5,2,1,2,2,7,1,2,2,2,2,2,5,2,1,1,2,2,2,2,2,2,2,1,4,4,4,7,2,2,2,2,10,9,6,2,2,2,4,2,2,2,2,2,2,2,2,2,2,3,3,3,2,2,2,6,6,6,6,6,6,6,6,8,8,8,8,8,8,8,8","0.00100588798522949","fast_greedy","edit-xhwikibooks.graphml"
"0.38","0","0.62","0.706884169488048","2,2,2,2,1,2,1,2,2,8,1,1,2,2,2,4,8,1,6,1,3,5,2,2,2,2,2,4,2,8,1,6,1,1,6,6,7,2,3,3,3,3,5,5,5,5,3,5,5,5,3,3,3,3,3,5,5,5,5,3,2,3,3,2,2,3,3,3,3,3,5,3,2,2,3,3,3,3,3,3,3,2,4,4,4,2,3,3,3,3,8,1,6,3,3,3,4,3,3,3,3,3,3,3,3,3,3,1,1,1,3,3,3,6,6,6,6,6,6,6,6,7,7,7,7,7,7,7,7","0.000998020172119141","fast_greedy","edit-xhwikibooks.graphml"
"0.37","0.01","0.62","0.706884169488048","2,2,2,2,1,2,1,2,2,8,1,1,2,2,2,4,8,1,6,1,3,5,2,2,2,2,2,4,2,8,1,6,1,1,6,6,7,2,3,3,3,3,5,5,5,5,3,5,5,5,3,3,3,3,3,5,5,5,5,3,2,3,3,2,2,3,3,3,3,3,5,3,2,2,3,3,3,3,3,3,3,2,4,4,4,2,3,3,3,3,8,1,6,3,3,3,4,3,3,3,3,3,3,3,3,3,3,1,1,1,3,3,3,6,6,6,6,6,6,6,6,7,7,7,7,7,7,7,7","0.00096893310546875","fast_greedy","edit-xhwikibooks.graphml"
"0.36","0.02","0.62","0.706884169488048","2,2,2,2,1,2,1,2,2,8,1,1,2,2,2,4,8,1,6,1,3,5,2,2,2,2,2,4,2,8,1,6,1,1,6,6,7,2,3,3,3,3,5,5,5,5,3,5,5,5,3,3,3,3,3,5,5,5,5,3,2,3,3,2,2,3,3,3,3,3,5,3,2,2,3,3,3,3,3,3,3,2,4,4,4,2,3,3,3,3,8,1,6,3,3,3,4,3,3,3,3,3,3,3,3,3,3,1,1,1,3,3,3,6,6,6,6,6,6,6,6,7,7,7,7,7,7,7,7","0.00114202499389648","fast_greedy","edit-xhwikibooks.graphml"
"0.35","0.03","0.62","0.706884169488048","2,2,2,2,1,2,1,2,2,8,1,1,2,2,2,4,8,1,6,1,3,5,2,2,2,2,2,4,2,8,1,6,1,1,6,6,7,2,3,3,3,3,5,5,5,5,3,5,5,5,3,3,3,3,3,5,5,5,5,3,2,3,3,2,2,3,3,3,3,3,5,3,2,2,3,3,3,3,3,3,3,2,4,4,4,2,3,3,3,3,8,1,6,3,3,3,4,3,3,3,3,3,3,3,3,3,3,1,1,1,3,3,3,6,6,6,6,6,6,6,6,7,7,7,7,7,7,7,7","0.000948905944824219","fast_greedy","edit-xhwikibooks.graphml"
"0.34","0.04","0.62","0.706884169488048","2,2,2,2,1,2,1,2,2,8,1,1,2,2,2,4,8,1,6,1,3,5,2,2,2,2,2,4,2,8,1,6,1,1,6,6,7,2,3,3,3,3,5,5,5,5,3,5,5,5,3,3,3,3,3,5,5,5,5,3,2,3,3,2,2,3,3,3,3,3,5,3,2,2,3,3,3,3,3,3,3,2,4,4,4,2,3,3,3,3,8,1,6,3,3,3,4,3,3,3,3,3,3,3,3,3,3,1,1,1,3,3,3,6,6,6,6,6,6,6,6,7,7,7,7,7,7,7,7","0.00093388557434082","fast_greedy","edit-xhwikibooks.graphml"
"0.33","0.05","0.62","0.706884169488048","2,2,2,2,1,2,1,2,2,8,1,1,2,2,2,4,8,1,6,1,3,5,2,2,2,2,2,4,2,8,1,6,1,1,6,6,7,2,3,3,3,3,5,5,5,5,3,5,5,5,3,3,3,3,3,5,5,5,5,3,2,3,3,2,2,3,3,3,3,3,5,3,2,2,3,3,3,3,3,3,3,2,4,4,4,2,3,3,3,3,8,1,6,3,3,3,4,3,3,3,3,3,3,3,3,3,3,1,1,1,3,3,3,6,6,6,6,6,6,6,6,7,7,7,7,7,7,7,7","0.000964879989624023","fast_greedy","edit-xhwikibooks.graphml"
"0.32","0.06","0.62","0.706884169488048","2,2,2,2,1,2,1,2,2,8,1,1,2,2,2,4,8,1,6,1,3,5,2,2,2,2,2,4,2,8,1,6,1,1,6,6,7,2,3,3,3,3,5,5,5,5,3,5,5,5,3,3,3,3,3,5,5,5,5,3,2,3,3,2,2,3,3,3,3,3,5,3,2,2,3,3,3,3,3,3,3,2,4,4,4,2,3,3,3,3,8,1,6,3,3,3,4,3,3,3,3,3,3,3,3,3,3,1,1,1,3,3,3,6,6,6,6,6,6,6,6,7,7,7,7,7,7,7,7","0.000976085662841797","fast_greedy","edit-xhwikibooks.graphml"
"0.31","0.07","0.62","0.706884169488048","2,2,2,2,1,2,1,2,2,8,1,1,2,2,2,4,8,1,6,1,3,5,2,2,2,2,2,4,2,8,1,6,1,1,6,6,7,2,3,3,3,3,5,5,5,5,3,5,5,5,3,3,3,3,3,5,5,5,5,3,2,3,3,2,2,3,3,3,3,3,5,3,2,2,3,3,3,3,3,3,3,2,4,4,4,2,3,3,3,3,8,1,6,3,3,3,4,3,3,3,3,3,3,3,3,3,3,1,1,1,3,3,3,6,6,6,6,6,6,6,6,7,7,7,7,7,7,7,7","0.000953912734985352","fast_greedy","edit-xhwikibooks.graphml"
"0.3","0.08","0.62","0.706884169488048","2,2,2,2,1,2,1,2,2,8,1,1,2,2,2,4,8,1,6,1,3,5,2,2,2,2,2,4,2,8,1,6,1,1,6,6,7,2,3,3,3,3,5,5,5,5,3,5,5,5,3,3,3,3,3,5,5,5,5,3,2,3,3,2,2,3,3,3,3,3,5,3,2,2,3,3,3,3,3,3,3,2,4,4,4,2,3,3,3,3,8,1,6,3,3,3,4,3,3,3,3,3,3,3,3,3,3,1,1,1,3,3,3,6,6,6,6,6,6,6,6,7,7,7,7,7,7,7,7","0.000972986221313477","fast_greedy","edit-xhwikibooks.graphml"
"0.29","0.09","0.62","0.706884169488048","2,2,2,2,1,2,1,2,2,8,1,1,2,2,2,4,8,1,6,1,3,5,2,2,2,2,2,4,2,8,1,6,1,1,6,6,7,2,3,3,3,3,5,5,5,5,3,5,5,5,3,3,3,3,3,5,5,5,5,3,2,3,3,2,2,3,3,3,3,3,5,3,2,2,3,3,3,3,3,3,3,2,4,4,4,2,3,3,3,3,8,1,6,3,3,3,4,3,3,3,3,3,3,3,3,3,3,1,1,1,3,3,3,6,6,6,6,6,6,6,6,7,7,7,7,7,7,7,7","0.000987052917480469","fast_greedy","edit-xhwikibooks.graphml"
"0.28","0.1","0.62","0.706884169488048","2,2,2,2,1,2,1,2,2,8,1,1,2,2,2,4,8,1,6,1,3,5,2,2,2,2,2,4,2,8,1,6,1,1,6,6,7,2,3,3,3,3,5,5,5,5,3,5,5,5,3,3,3,3,3,5,5,5,5,3,2,3,3,2,2,3,3,3,3,3,5,3,2,2,3,3,3,3,3,3,3,2,4,4,4,2,3,3,3,3,8,1,6,3,3,3,4,3,3,3,3,3,3,3,3,3,3,1,1,1,3,3,3,6,6,6,6,6,6,6,6,7,7,7,7,7,7,7,7","0.000952005386352539","fast_greedy","edit-xhwikibooks.graphml"
"0.27","0.11","0.62","0.706884169488048","2,2,2,2,1,2,1,2,2,8,1,1,2,2,2,4,8,1,6,1,3,5,2,2,2,2,2,4,2,8,1,6,1,1,6,6,7,2,3,3,3,3,5,5,5,5,3,5,5,5,3,3,3,3,3,5,5,5,5,3,2,3,3,2,2,3,3,3,3,3,5,3,2,2,3,3,3,3,3,3,3,2,4,4,4,2,3,3,3,3,8,1,6,3,3,3,4,3,3,3,3,3,3,3,3,3,3,1,1,1,3,3,3,6,6,6,6,6,6,6,6,7,7,7,7,7,7,7,7","0.000944137573242188","fast_greedy","edit-xhwikibooks.graphml"
"0.26","0.12","0.62","0.706884169488048","2,2,2,2,1,2,1,2,2,8,1,1,2,2,2,4,8,1,6,1,3,5,2,2,2,2,2,4,2,8,1,6,1,1,6,6,7,2,3,3,3,3,5,5,5,5,3,5,5,5,3,3,3,3,3,5,5,5,5,3,2,3,3,2,2,3,3,3,3,3,5,3,2,2,3,3,3,3,3,3,3,2,4,4,4,2,3,3,3,3,8,1,6,3,3,3,4,3,3,3,3,3,3,3,3,3,3,1,1,1,3,3,3,6,6,6,6,6,6,6,6,7,7,7,7,7,7,7,7","0.00112104415893555","fast_greedy","edit-xhwikibooks.graphml"
"0.25","0.13","0.62","0.706884169488048","2,2,2,2,1,2,1,2,2,8,1,1,2,2,2,4,8,1,6,1,3,5,2,2,2,2,2,4,2,8,1,6,1,1,6,6,7,2,3,3,3,3,5,5,5,5,3,5,5,5,3,3,3,3,3,5,5,5,5,3,2,3,3,2,2,3,3,3,3,3,5,3,2,2,3,3,3,3,3,3,3,2,4,4,4,2,3,3,3,3,8,1,6,3,3,3,4,3,3,3,3,3,3,3,3,3,3,1,1,1,3,3,3,6,6,6,6,6,6,6,6,7,7,7,7,7,7,7,7","0.00115299224853516","fast_greedy","edit-xhwikibooks.graphml"
"0.24","0.14","0.62","0.706884169488048","2,2,2,2,1,2,1,2,2,8,1,1,2,2,2,4,8,1,6,1,3,5,2,2,2,2,2,4,2,8,1,6,1,1,6,6,7,2,3,3,3,3,5,5,5,5,3,5,5,5,3,3,3,3,3,5,5,5,5,3,2,3,3,2,2,3,3,3,3,3,5,3,2,2,3,3,3,3,3,3,3,2,4,4,4,2,3,3,3,3,8,1,6,3,3,3,4,3,3,3,3,3,3,3,3,3,3,1,1,1,3,3,3,6,6,6,6,6,6,6,6,7,7,7,7,7,7,7,7","0.000946998596191406","fast_greedy","edit-xhwikibooks.graphml"
"0.23","0.15","0.62","0.706884169488048","2,2,2,2,1,2,1,2,2,8,1,1,2,2,2,4,8,1,6,1,3,5,2,2,2,2,2,4,2,8,1,6,1,1,6,6,7,2,3,3,3,3,5,5,5,5,3,5,5,5,3,3,3,3,3,5,5,5,5,3,2,3,3,2,2,3,3,3,3,3,5,3,2,2,3,3,3,3,3,3,3,2,4,4,4,2,3,3,3,3,8,1,6,3,3,3,4,3,3,3,3,3,3,3,3,3,3,1,1,1,3,3,3,6,6,6,6,6,6,6,6,7,7,7,7,7,7,7,7","0.000946998596191406","fast_greedy","edit-xhwikibooks.graphml"
"0.22","0.16","0.62","0.706884169488048","2,2,2,2,1,2,1,2,2,8,1,1,2,2,2,4,8,1,6,1,3,5,2,2,2,2,2,4,2,8,1,6,1,1,6,6,7,2,3,3,3,3,5,5,5,5,3,5,5,5,3,3,3,3,3,5,5,5,5,3,2,3,3,2,2,3,3,3,3,3,5,3,2,2,3,3,3,3,3,3,3,2,4,4,4,2,3,3,3,3,8,1,6,3,3,3,4,3,3,3,3,3,3,3,3,3,3,1,1,1,3,3,3,6,6,6,6,6,6,6,6,7,7,7,7,7,7,7,7","0.000953912734985352","fast_greedy","edit-xhwikibooks.graphml"
"0.21","0.17","0.62","0.708355868036777","2,2,2,2,1,2,1,2,2,8,1,1,2,2,2,4,8,1,6,1,3,5,2,2,2,2,2,4,2,8,1,6,1,1,6,6,7,2,3,3,3,3,5,5,5,5,3,5,5,5,3,3,3,3,3,5,5,5,5,3,2,3,3,2,2,3,3,3,3,3,5,3,2,2,3,3,3,3,3,3,3,2,4,4,4,2,3,3,3,3,8,1,6,3,3,3,4,3,3,3,3,3,3,3,3,3,3,1,1,1,3,3,3,6,6,6,6,6,6,6,6,7,7,7,7,7,7,7,7","0.000963926315307617","fast_greedy","edit-xhwikibooks.graphml"
"0.2","0.18","0.62","0.708355868036777","2,2,2,2,1,2,1,2,2,8,1,1,2,2,2,4,8,1,6,1,3,5,2,2,2,2,2,4,2,8,1,6,1,1,6,6,7,2,3,3,3,3,5,5,5,5,3,5,5,5,3,3,3,3,3,5,5,5,5,3,2,3,3,2,2,3,3,3,3,3,5,3,2,2,3,3,3,3,3,3,3,2,4,4,4,2,3,3,3,3,8,1,6,3,3,3,4,3,3,3,3,3,3,3,3,3,3,1,1,1,3,3,3,6,6,6,6,6,6,6,6,7,7,7,7,7,7,7,7","0.000981807708740234","fast_greedy","edit-xhwikibooks.graphml"
"0.19","0.19","0.62","0.708355868036777","2,2,2,2,1,2,1,2,2,8,1,1,2,2,2,4,8,1,6,1,3,5,2,2,2,2,2,4,2,8,1,6,1,1,6,6,7,2,3,3,3,3,5,5,5,5,3,5,5,5,3,3,3,3,3,5,5,5,5,3,2,3,3,2,2,3,3,3,3,3,5,3,2,2,3,3,3,3,3,3,3,2,4,4,4,2,3,3,3,3,8,1,6,3,3,3,4,3,3,3,3,3,3,3,3,3,3,1,1,1,3,3,3,6,6,6,6,6,6,6,6,7,7,7,7,7,7,7,7","0.00102400779724121","fast_greedy","edit-xhwikibooks.graphml"
"0.18","0.2","0.62","0.708355868036777","2,2,2,2,1,2,1,2,2,8,1,1,2,2,2,4,8,1,6,1,3,5,2,2,2,2,2,4,2,8,1,6,1,1,6,6,7,2,3,3,3,3,5,5,5,5,3,5,5,5,3,3,3,3,3,5,5,5,5,3,2,3,3,2,2,3,3,3,3,3,5,3,2,2,3,3,3,3,3,3,3,2,4,4,4,2,3,3,3,3,8,1,6,3,3,3,4,3,3,3,3,3,3,3,3,3,3,1,1,1,3,3,3,6,6,6,6,6,6,6,6,7,7,7,7,7,7,7,7","0.000949859619140625","fast_greedy","edit-xhwikibooks.graphml"
"0.17","0.21","0.62","0.708355868036777","2,2,2,2,1,2,1,2,2,8,1,1,2,2,2,4,8,1,6,1,3,5,2,2,2,2,2,4,2,8,1,6,1,1,6,6,7,2,3,3,3,3,5,5,5,5,3,5,5,5,3,3,3,3,3,5,5,5,5,3,2,3,3,2,2,3,3,3,3,3,5,3,2,2,3,3,3,3,3,3,3,2,4,4,4,2,3,3,3,3,8,1,6,3,3,3,4,3,3,3,3,3,3,3,3,3,3,1,1,1,3,3,3,6,6,6,6,6,6,6,6,7,7,7,7,7,7,7,7","0.00097203254699707","fast_greedy","edit-xhwikibooks.graphml"
"0.16","0.22","0.62","0.708355868036777","2,2,2,2,1,2,1,2,2,8,1,1,2,2,2,4,8,1,6,1,3,5,2,2,2,2,2,4,2,8,1,6,1,1,6,6,7,2,3,3,3,3,5,5,5,5,3,5,5,5,3,3,3,3,3,5,5,5,5,3,2,3,3,2,2,3,3,3,3,3,5,3,2,2,3,3,3,3,3,3,3,2,4,4,4,2,3,3,3,3,8,1,6,3,3,3,4,3,3,3,3,3,3,3,3,3,3,1,1,1,3,3,3,6,6,6,6,6,6,6,6,7,7,7,7,7,7,7,7","0.00100302696228027","fast_greedy","edit-xhwikibooks.graphml"
"0.15","0.23","0.62","0.708355868036777","2,2,2,2,1,2,1,2,2,8,1,1,2,2,2,4,8,1,6,1,3,5,2,2,2,2,2,4,2,8,1,6,1,1,6,6,7,2,3,3,3,3,5,5,5,5,3,5,5,5,3,3,3,3,3,5,5,5,5,3,2,3,3,2,2,3,3,3,3,3,5,3,2,2,3,3,3,3,3,3,3,2,4,4,4,2,3,3,3,3,8,1,6,3,3,3,4,3,3,3,3,3,3,3,3,3,3,1,1,1,3,3,3,6,6,6,6,6,6,6,6,7,7,7,7,7,7,7,7","0.000946044921875","fast_greedy","edit-xhwikibooks.graphml"
"0.14","0.24","0.62","0.708355868036777","2,2,2,2,1,2,1,2,2,8,1,1,2,2,2,4,8,1,6,1,3,5,2,2,2,2,2,4,2,8,1,6,1,1,6,6,7,2,3,3,3,3,5,5,5,5,3,5,5,5,3,3,3,3,3,5,5,5,5,3,2,3,3,2,2,3,3,3,3,3,5,3,2,2,3,3,3,3,3,3,3,2,4,4,4,2,3,3,3,3,8,1,6,3,3,3,4,3,3,3,3,3,3,3,3,3,3,1,1,1,3,3,3,6,6,6,6,6,6,6,6,7,7,7,7,7,7,7,7","0.00101590156555176","fast_greedy","edit-xhwikibooks.graphml"
"0.13","0.25","0.62","0.708355868036777","2,2,2,2,1,2,1,2,2,8,1,1,2,2,2,4,8,1,6,1,3,5,2,2,2,2,2,4,2,8,1,6,1,1,6,6,7,2,3,3,3,3,5,5,5,5,3,5,5,5,3,3,3,3,3,5,5,5,5,3,2,3,3,2,2,3,3,3,3,3,5,3,2,2,3,3,3,3,3,3,3,2,4,4,4,2,3,3,3,3,8,1,6,3,3,3,4,3,3,3,3,3,3,3,3,3,3,1,1,1,3,3,3,6,6,6,6,6,6,6,6,7,7,7,7,7,7,7,7","0.000931978225708008","fast_greedy","edit-xhwikibooks.graphml"
"0.12","0.26","0.62","0.708355868036777","2,2,2,2,1,2,1,2,2,8,1,1,2,2,2,4,8,1,6,1,3,5,2,2,2,2,2,4,2,8,1,6,1,1,6,6,7,2,3,3,3,3,5,5,5,5,3,5,5,5,3,3,3,3,3,5,5,5,5,3,2,3,3,2,2,3,3,3,3,3,5,3,2,2,3,3,3,3,3,3,3,2,4,4,4,2,3,3,3,3,8,1,6,3,3,3,4,3,3,3,3,3,3,3,3,3,3,1,1,1,3,3,3,6,6,6,6,6,6,6,6,7,7,7,7,7,7,7,7","0.000954866409301758","fast_greedy","edit-xhwikibooks.graphml"
"0.11","0.27","0.62","0.708355868036777","2,2,2,2,1,2,1,2,2,8,1,1,2,2,2,4,8,1,6,1,3,5,2,2,2,2,2,4,2,8,1,6,1,1,6,6,7,2,3,3,3,3,5,5,5,5,3,5,5,5,3,3,3,3,3,5,5,5,5,3,2,3,3,2,2,3,3,3,3,3,5,3,2,2,3,3,3,3,3,3,3,2,4,4,4,2,3,3,3,3,8,1,6,3,3,3,4,3,3,3,3,3,3,3,3,3,3,1,1,1,3,3,3,6,6,6,6,6,6,6,6,7,7,7,7,7,7,7,7","0.000959157943725586","fast_greedy","edit-xhwikibooks.graphml"
"0.1","0.28","0.62","0.708355868036777","2,2,2,2,1,2,1,2,2,8,1,1,2,2,2,4,8,1,6,1,3,5,2,2,2,2,2,4,2,8,1,6,1,1,6,6,7,2,3,3,3,3,5,5,5,5,3,5,5,5,3,3,3,3,3,5,5,5,5,3,2,3,3,2,2,3,3,3,3,3,5,3,2,2,3,3,3,3,3,3,3,2,4,4,4,2,3,3,3,3,8,1,6,3,3,3,4,3,3,3,3,3,3,3,3,3,3,1,1,1,3,3,3,6,6,6,6,6,6,6,6,7,7,7,7,7,7,7,7","0.000958919525146484","fast_greedy","edit-xhwikibooks.graphml"
"0.09","0.29","0.62","0.708355868036777","2,2,2,2,1,2,1,2,2,8,1,1,2,2,2,4,8,1,6,1,3,5,2,2,2,2,2,4,2,8,1,6,1,1,6,6,7,2,3,3,3,3,5,5,5,5,3,5,5,5,3,3,3,3,3,5,5,5,5,3,2,3,3,2,2,3,3,3,3,3,5,3,2,2,3,3,3,3,3,3,3,2,4,4,4,2,3,3,3,3,8,1,6,3,3,3,4,3,3,3,3,3,3,3,3,3,3,1,1,1,3,3,3,6,6,6,6,6,6,6,6,7,7,7,7,7,7,7,7","0.000983953475952148","fast_greedy","edit-xhwikibooks.graphml"
"0.08","0.3","0.62","0.708355868036777","2,2,2,2,1,2,1,2,2,8,1,1,2,2,2,4,8,1,6,1,3,5,2,2,2,2,2,4,2,8,1,6,1,1,6,6,7,2,3,3,3,3,5,5,5,5,3,5,5,5,3,3,3,3,3,5,5,5,5,3,2,3,3,2,2,3,3,3,3,3,5,3,2,2,3,3,3,3,3,3,3,2,4,4,4,2,3,3,3,3,8,1,6,3,3,3,4,3,3,3,3,3,3,3,3,3,3,1,1,1,3,3,3,6,6,6,6,6,6,6,6,7,7,7,7,7,7,7,7","0.000988006591796875","fast_greedy","edit-xhwikibooks.graphml"
"0.07","0.31","0.62","0.708355868036777","2,2,2,2,1,2,1,2,2,8,1,1,2,2,2,4,8,1,6,1,3,5,2,2,2,2,2,4,2,8,1,6,1,1,6,6,7,2,3,3,3,3,5,5,5,5,3,5,5,5,3,3,3,3,3,5,5,5,5,3,2,3,3,2,2,3,3,3,3,3,5,3,2,2,3,3,3,3,3,3,3,2,4,4,4,2,3,3,3,3,8,1,6,3,3,3,4,3,3,3,3,3,3,3,3,3,3,1,1,1,3,3,3,6,6,6,6,6,6,6,6,7,7,7,7,7,7,7,7","0.000936985015869141","fast_greedy","edit-xhwikibooks.graphml"
"0.06","0.32","0.62","0.708355868036777","2,2,2,2,1,2,1,2,2,8,1,1,2,2,2,4,8,1,6,1,3,5,2,2,2,2,2,4,2,8,1,6,1,1,6,6,7,2,3,3,3,3,5,5,5,5,3,5,5,5,3,3,3,3,3,5,5,5,5,3,2,3,3,2,2,3,3,3,3,3,5,3,2,2,3,3,3,3,3,3,3,2,4,4,4,2,3,3,3,3,8,1,6,3,3,3,4,3,3,3,3,3,3,3,3,3,3,1,1,1,3,3,3,6,6,6,6,6,6,6,6,7,7,7,7,7,7,7,7","0.000987052917480469","fast_greedy","edit-xhwikibooks.graphml"
"0.05","0.33","0.62","0.708355868036777","2,2,2,2,1,2,1,2,2,8,1,1,2,2,2,4,8,1,6,1,3,5,2,2,2,2,2,4,2,8,1,6,1,1,6,6,7,2,3,3,3,3,5,5,5,5,3,5,5,5,3,3,3,3,3,5,5,5,5,3,2,3,3,2,2,3,3,3,3,3,5,3,2,2,3,3,3,3,3,3,3,2,4,4,4,2,3,3,3,3,8,1,6,3,3,3,4,3,3,3,3,3,3,3,3,3,3,1,1,1,3,3,3,6,6,6,6,6,6,6,6,7,7,7,7,7,7,7,7","0.000935077667236328","fast_greedy","edit-xhwikibooks.graphml"
"0.04","0.34","0.62","0.707407531157072","2,2,2,2,1,2,1,2,2,8,1,1,2,2,2,4,8,1,6,1,3,5,2,2,2,2,2,4,2,8,1,6,1,1,6,6,7,2,3,3,3,3,5,5,5,5,3,5,5,5,3,3,3,3,3,5,5,5,5,3,2,3,3,2,2,3,3,3,3,3,5,3,2,2,3,3,3,3,3,3,3,2,4,4,4,2,3,3,3,3,8,1,6,3,3,3,4,3,3,3,3,3,3,3,3,3,3,1,1,1,3,3,3,6,6,6,6,6,6,6,6,7,7,7,7,7,7,7,7","0.000947952270507812","fast_greedy","edit-xhwikibooks.graphml"
"0.03","0.35","0.62","0.707407531157072","2,2,2,2,1,2,1,2,2,8,1,1,2,2,2,4,8,1,6,1,3,5,2,2,2,2,2,4,2,8,1,6,1,1,6,6,7,2,3,3,3,3,5,5,5,5,3,5,5,5,3,3,3,3,3,5,5,5,5,3,2,3,3,2,2,3,3,3,3,3,5,3,2,2,3,3,3,3,3,3,3,2,4,4,4,2,3,3,3,3,8,1,6,3,3,3,4,3,3,3,3,3,3,3,3,3,3,1,1,1,3,3,3,6,6,6,6,6,6,6,6,7,7,7,7,7,7,7,7","0.000909805297851562","fast_greedy","edit-xhwikibooks.graphml"
"0.02","0.36","0.62","0.707407531157072","2,2,2,2,1,2,1,2,2,8,1,1,2,2,2,4,8,1,6,1,3,5,2,2,2,2,2,4,2,8,1,6,1,1,6,6,7,2,3,3,3,3,5,5,5,5,3,5,5,5,3,3,3,3,3,5,5,5,5,3,2,3,3,2,2,3,3,3,3,3,5,3,2,2,3,3,3,3,3,3,3,2,4,4,4,2,3,3,3,3,8,1,6,3,3,3,4,3,3,3,3,3,3,3,3,3,3,1,1,1,3,3,3,6,6,6,6,6,6,6,6,7,7,7,7,7,7,7,7","0.000959873199462891","fast_greedy","edit-xhwikibooks.graphml"
"0.01","0.37","0.62","0.707407531157072","2,2,2,2,1,2,1,2,2,8,1,1,2,2,2,4,8,1,6,1,3,5,2,2,2,2,2,4,2,8,1,6,1,1,6,6,7,2,3,3,3,3,5,5,5,5,3,5,5,5,3,3,3,3,3,5,5,5,5,3,2,3,3,2,2,3,3,3,3,3,5,3,2,2,3,3,3,3,3,3,3,2,4,4,4,2,3,3,3,3,8,1,6,3,3,3,4,3,3,3,3,3,3,3,3,3,3,1,1,1,3,3,3,6,6,6,6,6,6,6,6,7,7,7,7,7,7,7,7","0.000959873199462891","fast_greedy","edit-xhwikibooks.graphml"
"0","0.38","0.62","0.682685185185185","7,7,7,7,7,7,7,7,1,10,9,3,7,1,1,4,10,9,6,3,2,5,1,7,1,1,1,4,7,10,9,6,3,3,6,6,8,1,2,2,2,2,5,5,5,5,2,5,5,5,2,2,2,2,2,5,5,5,5,2,1,2,2,7,1,2,2,2,2,2,5,2,1,1,2,2,2,2,2,2,2,1,4,4,4,7,2,2,2,2,10,9,6,2,2,2,4,2,2,2,2,2,2,2,2,2,2,3,3,3,2,2,2,6,6,6,6,6,6,6,6,8,8,8,8,8,8,8,8","0.000957012176513672","fast_greedy","edit-xhwikibooks.graphml"
"0.37","0","0.63","0.706884169488048","2,2,2,2,1,2,1,2,2,8,1,1,2,2,2,4,8,1,6,1,3,5,2,2,2,2,2,4,2,8,1,6,1,1,6,6,7,2,3,3,3,3,5,5,5,5,3,5,5,5,3,3,3,3,3,5,5,5,5,3,2,3,3,2,2,3,3,3,3,3,5,3,2,2,3,3,3,3,3,3,3,2,4,4,4,2,3,3,3,3,8,1,6,3,3,3,4,3,3,3,3,3,3,3,3,3,3,1,1,1,3,3,3,6,6,6,6,6,6,6,6,7,7,7,7,7,7,7,7","0.000954866409301758","fast_greedy","edit-xhwikibooks.graphml"
"0.36","0.01","0.63","0.706884169488048","2,2,2,2,1,2,1,2,2,8,1,1,2,2,2,4,8,1,6,1,3,5,2,2,2,2,2,4,2,8,1,6,1,1,6,6,7,2,3,3,3,3,5,5,5,5,3,5,5,5,3,3,3,3,3,5,5,5,5,3,2,3,3,2,2,3,3,3,3,3,5,3,2,2,3,3,3,3,3,3,3,2,4,4,4,2,3,3,3,3,8,1,6,3,3,3,4,3,3,3,3,3,3,3,3,3,3,1,1,1,3,3,3,6,6,6,6,6,6,6,6,7,7,7,7,7,7,7,7","0.000926971435546875","fast_greedy","edit-xhwikibooks.graphml"
"0.35","0.02","0.63","0.706884169488048","2,2,2,2,1,2,1,2,2,8,1,1,2,2,2,4,8,1,6,1,3,5,2,2,2,2,2,4,2,8,1,6,1,1,6,6,7,2,3,3,3,3,5,5,5,5,3,5,5,5,3,3,3,3,3,5,5,5,5,3,2,3,3,2,2,3,3,3,3,3,5,3,2,2,3,3,3,3,3,3,3,2,4,4,4,2,3,3,3,3,8,1,6,3,3,3,4,3,3,3,3,3,3,3,3,3,3,1,1,1,3,3,3,6,6,6,6,6,6,6,6,7,7,7,7,7,7,7,7","0.000952005386352539","fast_greedy","edit-xhwikibooks.graphml"
"0.34","0.03","0.63","0.706884169488048","2,2,2,2,1,2,1,2,2,8,1,1,2,2,2,4,8,1,6,1,3,5,2,2,2,2,2,4,2,8,1,6,1,1,6,6,7,2,3,3,3,3,5,5,5,5,3,5,5,5,3,3,3,3,3,5,5,5,5,3,2,3,3,2,2,3,3,3,3,3,5,3,2,2,3,3,3,3,3,3,3,2,4,4,4,2,3,3,3,3,8,1,6,3,3,3,4,3,3,3,3,3,3,3,3,3,3,1,1,1,3,3,3,6,6,6,6,6,6,6,6,7,7,7,7,7,7,7,7","0.000953912734985352","fast_greedy","edit-xhwikibooks.graphml"
"0.33","0.04","0.63","0.706884169488048","2,2,2,2,1,2,1,2,2,8,1,1,2,2,2,4,8,1,6,1,3,5,2,2,2,2,2,4,2,8,1,6,1,1,6,6,7,2,3,3,3,3,5,5,5,5,3,5,5,5,3,3,3,3,3,5,5,5,5,3,2,3,3,2,2,3,3,3,3,3,5,3,2,2,3,3,3,3,3,3,3,2,4,4,4,2,3,3,3,3,8,1,6,3,3,3,4,3,3,3,3,3,3,3,3,3,3,1,1,1,3,3,3,6,6,6,6,6,6,6,6,7,7,7,7,7,7,7,7","0.000936031341552734","fast_greedy","edit-xhwikibooks.graphml"
"0.32","0.05","0.63","0.706884169488048","2,2,2,2,1,2,1,2,2,8,1,1,2,2,2,4,8,1,6,1,3,5,2,2,2,2,2,4,2,8,1,6,1,1,6,6,7,2,3,3,3,3,5,5,5,5,3,5,5,5,3,3,3,3,3,5,5,5,5,3,2,3,3,2,2,3,3,3,3,3,5,3,2,2,3,3,3,3,3,3,3,2,4,4,4,2,3,3,3,3,8,1,6,3,3,3,4,3,3,3,3,3,3,3,3,3,3,1,1,1,3,3,3,6,6,6,6,6,6,6,6,7,7,7,7,7,7,7,7","0.000940084457397461","fast_greedy","edit-xhwikibooks.graphml"
"0.31","0.06","0.63","0.706884169488048","2,2,2,2,1,2,1,2,2,8,1,1,2,2,2,4,8,1,6,1,3,5,2,2,2,2,2,4,2,8,1,6,1,1,6,6,7,2,3,3,3,3,5,5,5,5,3,5,5,5,3,3,3,3,3,5,5,5,5,3,2,3,3,2,2,3,3,3,3,3,5,3,2,2,3,3,3,3,3,3,3,2,4,4,4,2,3,3,3,3,8,1,6,3,3,3,4,3,3,3,3,3,3,3,3,3,3,1,1,1,3,3,3,6,6,6,6,6,6,6,6,7,7,7,7,7,7,7,7","0.00103497505187988","fast_greedy","edit-xhwikibooks.graphml"
"0.3","0.07","0.63","0.706884169488048","2,2,2,2,1,2,1,2,2,8,1,1,2,2,2,4,8,1,6,1,3,5,2,2,2,2,2,4,2,8,1,6,1,1,6,6,7,2,3,3,3,3,5,5,5,5,3,5,5,5,3,3,3,3,3,5,5,5,5,3,2,3,3,2,2,3,3,3,3,3,5,3,2,2,3,3,3,3,3,3,3,2,4,4,4,2,3,3,3,3,8,1,6,3,3,3,4,3,3,3,3,3,3,3,3,3,3,1,1,1,3,3,3,6,6,6,6,6,6,6,6,7,7,7,7,7,7,7,7","0.000933170318603516","fast_greedy","edit-xhwikibooks.graphml"
"0.29","0.08","0.63","0.706884169488048","2,2,2,2,1,2,1,2,2,8,1,1,2,2,2,4,8,1,6,1,3,5,2,2,2,2,2,4,2,8,1,6,1,1,6,6,7,2,3,3,3,3,5,5,5,5,3,5,5,5,3,3,3,3,3,5,5,5,5,3,2,3,3,2,2,3,3,3,3,3,5,3,2,2,3,3,3,3,3,3,3,2,4,4,4,2,3,3,3,3,8,1,6,3,3,3,4,3,3,3,3,3,3,3,3,3,3,1,1,1,3,3,3,6,6,6,6,6,6,6,6,7,7,7,7,7,7,7,7","0.000952959060668945","fast_greedy","edit-xhwikibooks.graphml"
"0.28","0.09","0.63","0.706884169488048","2,2,2,2,1,2,1,2,2,8,1,1,2,2,2,4,8,1,6,1,3,5,2,2,2,2,2,4,2,8,1,6,1,1,6,6,7,2,3,3,3,3,5,5,5,5,3,5,5,5,3,3,3,3,3,5,5,5,5,3,2,3,3,2,2,3,3,3,3,3,5,3,2,2,3,3,3,3,3,3,3,2,4,4,4,2,3,3,3,3,8,1,6,3,3,3,4,3,3,3,3,3,3,3,3,3,3,1,1,1,3,3,3,6,6,6,6,6,6,6,6,7,7,7,7,7,7,7,7","0.000957012176513672","fast_greedy","edit-xhwikibooks.graphml"
"0.27","0.1","0.63","0.706884169488048","2,2,2,2,1,2,1,2,2,8,1,1,2,2,2,4,8,1,6,1,3,5,2,2,2,2,2,4,2,8,1,6,1,1,6,6,7,2,3,3,3,3,5,5,5,5,3,5,5,5,3,3,3,3,3,5,5,5,5,3,2,3,3,2,2,3,3,3,3,3,5,3,2,2,3,3,3,3,3,3,3,2,4,4,4,2,3,3,3,3,8,1,6,3,3,3,4,3,3,3,3,3,3,3,3,3,3,1,1,1,3,3,3,6,6,6,6,6,6,6,6,7,7,7,7,7,7,7,7","0.000957965850830078","fast_greedy","edit-xhwikibooks.graphml"
"0.26","0.11","0.63","0.706884169488048","2,2,2,2,1,2,1,2,2,8,1,1,2,2,2,4,8,1,6,1,3,5,2,2,2,2,2,4,2,8,1,6,1,1,6,6,7,2,3,3,3,3,5,5,5,5,3,5,5,5,3,3,3,3,3,5,5,5,5,3,2,3,3,2,2,3,3,3,3,3,5,3,2,2,3,3,3,3,3,3,3,2,4,4,4,2,3,3,3,3,8,1,6,3,3,3,4,3,3,3,3,3,3,3,3,3,3,1,1,1,3,3,3,6,6,6,6,6,6,6,6,7,7,7,7,7,7,7,7","0.00097203254699707","fast_greedy","edit-xhwikibooks.graphml"
"0.25","0.12","0.63","0.706884169488048","2,2,2,2,1,2,1,2,2,8,1,1,2,2,2,4,8,1,6,1,3,5,2,2,2,2,2,4,2,8,1,6,1,1,6,6,7,2,3,3,3,3,5,5,5,5,3,5,5,5,3,3,3,3,3,5,5,5,5,3,2,3,3,2,2,3,3,3,3,3,5,3,2,2,3,3,3,3,3,3,3,2,4,4,4,2,3,3,3,3,8,1,6,3,3,3,4,3,3,3,3,3,3,3,3,3,3,1,1,1,3,3,3,6,6,6,6,6,6,6,6,7,7,7,7,7,7,7,7","0.000951051712036133","fast_greedy","edit-xhwikibooks.graphml"
"0.24","0.13","0.63","0.706884169488048","2,2,2,2,1,2,1,2,2,8,1,1,2,2,2,4,8,1,6,1,3,5,2,2,2,2,2,4,2,8,1,6,1,1,6,6,7,2,3,3,3,3,5,5,5,5,3,5,5,5,3,3,3,3,3,5,5,5,5,3,2,3,3,2,2,3,3,3,3,3,5,3,2,2,3,3,3,3,3,3,3,2,4,4,4,2,3,3,3,3,8,1,6,3,3,3,4,3,3,3,3,3,3,3,3,3,3,1,1,1,3,3,3,6,6,6,6,6,6,6,6,7,7,7,7,7,7,7,7","0.000975131988525391","fast_greedy","edit-xhwikibooks.graphml"
"0.23","0.14","0.63","0.706884169488048","2,2,2,2,1,2,1,2,2,8,1,1,2,2,2,4,8,1,6,1,3,5,2,2,2,2,2,4,2,8,1,6,1,1,6,6,7,2,3,3,3,3,5,5,5,5,3,5,5,5,3,3,3,3,3,5,5,5,5,3,2,3,3,2,2,3,3,3,3,3,5,3,2,2,3,3,3,3,3,3,3,2,4,4,4,2,3,3,3,3,8,1,6,3,3,3,4,3,3,3,3,3,3,3,3,3,3,1,1,1,3,3,3,6,6,6,6,6,6,6,6,7,7,7,7,7,7,7,7","0.000993967056274414","fast_greedy","edit-xhwikibooks.graphml"
"0.22","0.15","0.63","0.706884169488048","2,2,2,2,1,2,1,2,2,8,1,1,2,2,2,4,8,1,6,1,3,5,2,2,2,2,2,4,2,8,1,6,1,1,6,6,7,2,3,3,3,3,5,5,5,5,3,5,5,5,3,3,3,3,3,5,5,5,5,3,2,3,3,2,2,3,3,3,3,3,5,3,2,2,3,3,3,3,3,3,3,2,4,4,4,2,3,3,3,3,8,1,6,3,3,3,4,3,3,3,3,3,3,3,3,3,3,1,1,1,3,3,3,6,6,6,6,6,6,6,6,7,7,7,7,7,7,7,7","0.000983953475952148","fast_greedy","edit-xhwikibooks.graphml"
"0.21","0.16","0.63","0.706884169488048","2,2,2,2,1,2,1,2,2,8,1,1,2,2,2,4,8,1,6,1,3,5,2,2,2,2,2,4,2,8,1,6,1,1,6,6,7,2,3,3,3,3,5,5,5,5,3,5,5,5,3,3,3,3,3,5,5,5,5,3,2,3,3,2,2,3,3,3,3,3,5,3,2,2,3,3,3,3,3,3,3,2,4,4,4,2,3,3,3,3,8,1,6,3,3,3,4,3,3,3,3,3,3,3,3,3,3,1,1,1,3,3,3,6,6,6,6,6,6,6,6,7,7,7,7,7,7,7,7","0.000971078872680664","fast_greedy","edit-xhwikibooks.graphml"
"0.2","0.17","0.63","0.708355868036777","2,2,2,2,1,2,1,2,2,8,1,1,2,2,2,4,8,1,6,1,3,5,2,2,2,2,2,4,2,8,1,6,1,1,6,6,7,2,3,3,3,3,5,5,5,5,3,5,5,5,3,3,3,3,3,5,5,5,5,3,2,3,3,2,2,3,3,3,3,3,5,3,2,2,3,3,3,3,3,3,3,2,4,4,4,2,3,3,3,3,8,1,6,3,3,3,4,3,3,3,3,3,3,3,3,3,3,1,1,1,3,3,3,6,6,6,6,6,6,6,6,7,7,7,7,7,7,7,7","0.00122404098510742","fast_greedy","edit-xhwikibooks.graphml"
"0.19","0.18","0.63","0.708355868036777","2,2,2,2,1,2,1,2,2,8,1,1,2,2,2,4,8,1,6,1,3,5,2,2,2,2,2,4,2,8,1,6,1,1,6,6,7,2,3,3,3,3,5,5,5,5,3,5,5,5,3,3,3,3,3,5,5,5,5,3,2,3,3,2,2,3,3,3,3,3,5,3,2,2,3,3,3,3,3,3,3,2,4,4,4,2,3,3,3,3,8,1,6,3,3,3,4,3,3,3,3,3,3,3,3,3,3,1,1,1,3,3,3,6,6,6,6,6,6,6,6,7,7,7,7,7,7,7,7","0.000974178314208984","fast_greedy","edit-xhwikibooks.graphml"
"0.18","0.19","0.63","0.708355868036777","2,2,2,2,1,2,1,2,2,8,1,1,2,2,2,4,8,1,6,1,3,5,2,2,2,2,2,4,2,8,1,6,1,1,6,6,7,2,3,3,3,3,5,5,5,5,3,5,5,5,3,3,3,3,3,5,5,5,5,3,2,3,3,2,2,3,3,3,3,3,5,3,2,2,3,3,3,3,3,3,3,2,4,4,4,2,3,3,3,3,8,1,6,3,3,3,4,3,3,3,3,3,3,3,3,3,3,1,1,1,3,3,3,6,6,6,6,6,6,6,6,7,7,7,7,7,7,7,7","0.000982999801635742","fast_greedy","edit-xhwikibooks.graphml"
"0.17","0.2","0.63","0.708355868036777","2,2,2,2,1,2,1,2,2,8,1,1,2,2,2,4,8,1,6,1,3,5,2,2,2,2,2,4,2,8,1,6,1,1,6,6,7,2,3,3,3,3,5,5,5,5,3,5,5,5,3,3,3,3,3,5,5,5,5,3,2,3,3,2,2,3,3,3,3,3,5,3,2,2,3,3,3,3,3,3,3,2,4,4,4,2,3,3,3,3,8,1,6,3,3,3,4,3,3,3,3,3,3,3,3,3,3,1,1,1,3,3,3,6,6,6,6,6,6,6,6,7,7,7,7,7,7,7,7","0.000980854034423828","fast_greedy","edit-xhwikibooks.graphml"
"0.16","0.21","0.63","0.708355868036777","2,2,2,2,1,2,1,2,2,8,1,1,2,2,2,4,8,1,6,1,3,5,2,2,2,2,2,4,2,8,1,6,1,1,6,6,7,2,3,3,3,3,5,5,5,5,3,5,5,5,3,3,3,3,3,5,5,5,5,3,2,3,3,2,2,3,3,3,3,3,5,3,2,2,3,3,3,3,3,3,3,2,4,4,4,2,3,3,3,3,8,1,6,3,3,3,4,3,3,3,3,3,3,3,3,3,3,1,1,1,3,3,3,6,6,6,6,6,6,6,6,7,7,7,7,7,7,7,7","0.00102615356445312","fast_greedy","edit-xhwikibooks.graphml"
"0.15","0.22","0.63","0.708355868036777","2,2,2,2,1,2,1,2,2,8,1,1,2,2,2,4,8,1,6,1,3,5,2,2,2,2,2,4,2,8,1,6,1,1,6,6,7,2,3,3,3,3,5,5,5,5,3,5,5,5,3,3,3,3,3,5,5,5,5,3,2,3,3,2,2,3,3,3,3,3,5,3,2,2,3,3,3,3,3,3,3,2,4,4,4,2,3,3,3,3,8,1,6,3,3,3,4,3,3,3,3,3,3,3,3,3,3,1,1,1,3,3,3,6,6,6,6,6,6,6,6,7,7,7,7,7,7,7,7","0.00101494789123535","fast_greedy","edit-xhwikibooks.graphml"
"0.14","0.23","0.63","0.708355868036777","2,2,2,2,1,2,1,2,2,8,1,1,2,2,2,4,8,1,6,1,3,5,2,2,2,2,2,4,2,8,1,6,1,1,6,6,7,2,3,3,3,3,5,5,5,5,3,5,5,5,3,3,3,3,3,5,5,5,5,3,2,3,3,2,2,3,3,3,3,3,5,3,2,2,3,3,3,3,3,3,3,2,4,4,4,2,3,3,3,3,8,1,6,3,3,3,4,3,3,3,3,3,3,3,3,3,3,1,1,1,3,3,3,6,6,6,6,6,6,6,6,7,7,7,7,7,7,7,7","0.00106120109558105","fast_greedy","edit-xhwikibooks.graphml"
"0.13","0.24","0.63","0.708355868036777","2,2,2,2,1,2,1,2,2,8,1,1,2,2,2,4,8,1,6,1,3,5,2,2,2,2,2,4,2,8,1,6,1,1,6,6,7,2,3,3,3,3,5,5,5,5,3,5,5,5,3,3,3,3,3,5,5,5,5,3,2,3,3,2,2,3,3,3,3,3,5,3,2,2,3,3,3,3,3,3,3,2,4,4,4,2,3,3,3,3,8,1,6,3,3,3,4,3,3,3,3,3,3,3,3,3,3,1,1,1,3,3,3,6,6,6,6,6,6,6,6,7,7,7,7,7,7,7,7","0.000967979431152344","fast_greedy","edit-xhwikibooks.graphml"
"0.12","0.25","0.63","0.708355868036777","2,2,2,2,1,2,1,2,2,8,1,1,2,2,2,4,8,1,6,1,3,5,2,2,2,2,2,4,2,8,1,6,1,1,6,6,7,2,3,3,3,3,5,5,5,5,3,5,5,5,3,3,3,3,3,5,5,5,5,3,2,3,3,2,2,3,3,3,3,3,5,3,2,2,3,3,3,3,3,3,3,2,4,4,4,2,3,3,3,3,8,1,6,3,3,3,4,3,3,3,3,3,3,3,3,3,3,1,1,1,3,3,3,6,6,6,6,6,6,6,6,7,7,7,7,7,7,7,7","0.00097203254699707","fast_greedy","edit-xhwikibooks.graphml"
"0.11","0.26","0.63","0.708355868036777","2,2,2,2,1,2,1,2,2,8,1,1,2,2,2,4,8,1,6,1,3,5,2,2,2,2,2,4,2,8,1,6,1,1,6,6,7,2,3,3,3,3,5,5,5,5,3,5,5,5,3,3,3,3,3,5,5,5,5,3,2,3,3,2,2,3,3,3,3,3,5,3,2,2,3,3,3,3,3,3,3,2,4,4,4,2,3,3,3,3,8,1,6,3,3,3,4,3,3,3,3,3,3,3,3,3,3,1,1,1,3,3,3,6,6,6,6,6,6,6,6,7,7,7,7,7,7,7,7","0.00100111961364746","fast_greedy","edit-xhwikibooks.graphml"
"0.1","0.27","0.63","0.708355868036777","2,2,2,2,1,2,1,2,2,8,1,1,2,2,2,4,8,1,6,1,3,5,2,2,2,2,2,4,2,8,1,6,1,1,6,6,7,2,3,3,3,3,5,5,5,5,3,5,5,5,3,3,3,3,3,5,5,5,5,3,2,3,3,2,2,3,3,3,3,3,5,3,2,2,3,3,3,3,3,3,3,2,4,4,4,2,3,3,3,3,8,1,6,3,3,3,4,3,3,3,3,3,3,3,3,3,3,1,1,1,3,3,3,6,6,6,6,6,6,6,6,7,7,7,7,7,7,7,7","0.00101494789123535","fast_greedy","edit-xhwikibooks.graphml"
"0.09","0.28","0.63","0.708355868036777","2,2,2,2,1,2,1,2,2,8,1,1,2,2,2,4,8,1,6,1,3,5,2,2,2,2,2,4,2,8,1,6,1,1,6,6,7,2,3,3,3,3,5,5,5,5,3,5,5,5,3,3,3,3,3,5,5,5,5,3,2,3,3,2,2,3,3,3,3,3,5,3,2,2,3,3,3,3,3,3,3,2,4,4,4,2,3,3,3,3,8,1,6,3,3,3,4,3,3,3,3,3,3,3,3,3,3,1,1,1,3,3,3,6,6,6,6,6,6,6,6,7,7,7,7,7,7,7,7","0.000992059707641602","fast_greedy","edit-xhwikibooks.graphml"
"0.08","0.29","0.63","0.708355868036777","2,2,2,2,1,2,1,2,2,8,1,1,2,2,2,4,8,1,6,1,3,5,2,2,2,2,2,4,2,8,1,6,1,1,6,6,7,2,3,3,3,3,5,5,5,5,3,5,5,5,3,3,3,3,3,5,5,5,5,3,2,3,3,2,2,3,3,3,3,3,5,3,2,2,3,3,3,3,3,3,3,2,4,4,4,2,3,3,3,3,8,1,6,3,3,3,4,3,3,3,3,3,3,3,3,3,3,1,1,1,3,3,3,6,6,6,6,6,6,6,6,7,7,7,7,7,7,7,7","0.000959873199462891","fast_greedy","edit-xhwikibooks.graphml"
"0.07","0.3","0.63","0.708355868036777","2,2,2,2,1,2,1,2,2,8,1,1,2,2,2,4,8,1,6,1,3,5,2,2,2,2,2,4,2,8,1,6,1,1,6,6,7,2,3,3,3,3,5,5,5,5,3,5,5,5,3,3,3,3,3,5,5,5,5,3,2,3,3,2,2,3,3,3,3,3,5,3,2,2,3,3,3,3,3,3,3,2,4,4,4,2,3,3,3,3,8,1,6,3,3,3,4,3,3,3,3,3,3,3,3,3,3,1,1,1,3,3,3,6,6,6,6,6,6,6,6,7,7,7,7,7,7,7,7","0.000962972640991211","fast_greedy","edit-xhwikibooks.graphml"
"0.06","0.31","0.63","0.708355868036777","2,2,2,2,1,2,1,2,2,8,1,1,2,2,2,4,8,1,6,1,3,5,2,2,2,2,2,4,2,8,1,6,1,1,6,6,7,2,3,3,3,3,5,5,5,5,3,5,5,5,3,3,3,3,3,5,5,5,5,3,2,3,3,2,2,3,3,3,3,3,5,3,2,2,3,3,3,3,3,3,3,2,4,4,4,2,3,3,3,3,8,1,6,3,3,3,4,3,3,3,3,3,3,3,3,3,3,1,1,1,3,3,3,6,6,6,6,6,6,6,6,7,7,7,7,7,7,7,7","0.000959873199462891","fast_greedy","edit-xhwikibooks.graphml"
"0.05","0.32","0.63","0.708355868036777","2,2,2,2,1,2,1,2,2,8,1,1,2,2,2,4,8,1,6,1,3,5,2,2,2,2,2,4,2,8,1,6,1,1,6,6,7,2,3,3,3,3,5,5,5,5,3,5,5,5,3,3,3,3,3,5,5,5,5,3,2,3,3,2,2,3,3,3,3,3,5,3,2,2,3,3,3,3,3,3,3,2,4,4,4,2,3,3,3,3,8,1,6,3,3,3,4,3,3,3,3,3,3,3,3,3,3,1,1,1,3,3,3,6,6,6,6,6,6,6,6,7,7,7,7,7,7,7,7","0.000974178314208984","fast_greedy","edit-xhwikibooks.graphml"
"0.04","0.33","0.63","0.708355868036777","2,2,2,2,1,2,1,2,2,8,1,1,2,2,2,4,8,1,6,1,3,5,2,2,2,2,2,4,2,8,1,6,1,1,6,6,7,2,3,3,3,3,5,5,5,5,3,5,5,5,3,3,3,3,3,5,5,5,5,3,2,3,3,2,2,3,3,3,3,3,5,3,2,2,3,3,3,3,3,3,3,2,4,4,4,2,3,3,3,3,8,1,6,3,3,3,4,3,3,3,3,3,3,3,3,3,3,1,1,1,3,3,3,6,6,6,6,6,6,6,6,7,7,7,7,7,7,7,7","0.00103998184204102","fast_greedy","edit-xhwikibooks.graphml"
"0.03","0.34","0.63","0.707407531157072","2,2,2,2,1,2,1,2,2,8,1,1,2,2,2,4,8,1,6,1,3,5,2,2,2,2,2,4,2,8,1,6,1,1,6,6,7,2,3,3,3,3,5,5,5,5,3,5,5,5,3,3,3,3,3,5,5,5,5,3,2,3,3,2,2,3,3,3,3,3,5,3,2,2,3,3,3,3,3,3,3,2,4,4,4,2,3,3,3,3,8,1,6,3,3,3,4,3,3,3,3,3,3,3,3,3,3,1,1,1,3,3,3,6,6,6,6,6,6,6,6,7,7,7,7,7,7,7,7","0.000947952270507812","fast_greedy","edit-xhwikibooks.graphml"
"0.02","0.35","0.63","0.707407531157072","2,2,2,2,1,2,1,2,2,8,1,1,2,2,2,4,8,1,6,1,3,5,2,2,2,2,2,4,2,8,1,6,1,1,6,6,7,2,3,3,3,3,5,5,5,5,3,5,5,5,3,3,3,3,3,5,5,5,5,3,2,3,3,2,2,3,3,3,3,3,5,3,2,2,3,3,3,3,3,3,3,2,4,4,4,2,3,3,3,3,8,1,6,3,3,3,4,3,3,3,3,3,3,3,3,3,3,1,1,1,3,3,3,6,6,6,6,6,6,6,6,7,7,7,7,7,7,7,7","0.000946044921875","fast_greedy","edit-xhwikibooks.graphml"
"0.01","0.36","0.63","0.707407531157072","2,2,2,2,1,2,1,2,2,8,1,1,2,2,2,4,8,1,6,1,3,5,2,2,2,2,2,4,2,8,1,6,1,1,6,6,7,2,3,3,3,3,5,5,5,5,3,5,5,5,3,3,3,3,3,5,5,5,5,3,2,3,3,2,2,3,3,3,3,3,5,3,2,2,3,3,3,3,3,3,3,2,4,4,4,2,3,3,3,3,8,1,6,3,3,3,4,3,3,3,3,3,3,3,3,3,3,1,1,1,3,3,3,6,6,6,6,6,6,6,6,7,7,7,7,7,7,7,7","0.000964164733886719","fast_greedy","edit-xhwikibooks.graphml"
"0","0.37","0.63","0.682685185185185","7,7,7,7,7,7,7,7,1,10,9,3,7,1,1,4,10,9,6,3,2,5,1,7,1,1,1,4,7,10,9,6,3,3,6,6,8,1,2,2,2,2,5,5,5,5,2,5,5,5,2,2,2,2,2,5,5,5,5,2,1,2,2,7,1,2,2,2,2,2,5,2,1,1,2,2,2,2,2,2,2,1,4,4,4,7,2,2,2,2,10,9,6,2,2,2,4,2,2,2,2,2,2,2,2,2,2,3,3,3,2,2,2,6,6,6,6,6,6,6,6,8,8,8,8,8,8,8,8","0.000976085662841797","fast_greedy","edit-xhwikibooks.graphml"
"0.36","0","0.64","0.706884169488048","2,2,2,2,1,2,1,2,2,8,1,1,2,2,2,4,8,1,6,1,3,5,2,2,2,2,2,4,2,8,1,6,1,1,6,6,7,2,3,3,3,3,5,5,5,5,3,5,5,5,3,3,3,3,3,5,5,5,5,3,2,3,3,2,2,3,3,3,3,3,5,3,2,2,3,3,3,3,3,3,3,2,4,4,4,2,3,3,3,3,8,1,6,3,3,3,4,3,3,3,3,3,3,3,3,3,3,1,1,1,3,3,3,6,6,6,6,6,6,6,6,7,7,7,7,7,7,7,7","0.00108909606933594","fast_greedy","edit-xhwikibooks.graphml"
"0.35","0.01","0.64","0.706884169488048","2,2,2,2,1,2,1,2,2,8,1,1,2,2,2,4,8,1,6,1,3,5,2,2,2,2,2,4,2,8,1,6,1,1,6,6,7,2,3,3,3,3,5,5,5,5,3,5,5,5,3,3,3,3,3,5,5,5,5,3,2,3,3,2,2,3,3,3,3,3,5,3,2,2,3,3,3,3,3,3,3,2,4,4,4,2,3,3,3,3,8,1,6,3,3,3,4,3,3,3,3,3,3,3,3,3,3,1,1,1,3,3,3,6,6,6,6,6,6,6,6,7,7,7,7,7,7,7,7","0.000947952270507812","fast_greedy","edit-xhwikibooks.graphml"
"0.34","0.02","0.64","0.706884169488048","2,2,2,2,1,2,1,2,2,8,1,1,2,2,2,4,8,1,6,1,3,5,2,2,2,2,2,4,2,8,1,6,1,1,6,6,7,2,3,3,3,3,5,5,5,5,3,5,5,5,3,3,3,3,3,5,5,5,5,3,2,3,3,2,2,3,3,3,3,3,5,3,2,2,3,3,3,3,3,3,3,2,4,4,4,2,3,3,3,3,8,1,6,3,3,3,4,3,3,3,3,3,3,3,3,3,3,1,1,1,3,3,3,6,6,6,6,6,6,6,6,7,7,7,7,7,7,7,7","0.000956058502197266","fast_greedy","edit-xhwikibooks.graphml"
"0.33","0.03","0.64","0.706884169488048","2,2,2,2,1,2,1,2,2,8,1,1,2,2,2,4,8,1,6,1,3,5,2,2,2,2,2,4,2,8,1,6,1,1,6,6,7,2,3,3,3,3,5,5,5,5,3,5,5,5,3,3,3,3,3,5,5,5,5,3,2,3,3,2,2,3,3,3,3,3,5,3,2,2,3,3,3,3,3,3,3,2,4,4,4,2,3,3,3,3,8,1,6,3,3,3,4,3,3,3,3,3,3,3,3,3,3,1,1,1,3,3,3,6,6,6,6,6,6,6,6,7,7,7,7,7,7,7,7","0.000966072082519531","fast_greedy","edit-xhwikibooks.graphml"
"0.32","0.04","0.64","0.706884169488048","2,2,2,2,1,2,1,2,2,8,1,1,2,2,2,4,8,1,6,1,3,5,2,2,2,2,2,4,2,8,1,6,1,1,6,6,7,2,3,3,3,3,5,5,5,5,3,5,5,5,3,3,3,3,3,5,5,5,5,3,2,3,3,2,2,3,3,3,3,3,5,3,2,2,3,3,3,3,3,3,3,2,4,4,4,2,3,3,3,3,8,1,6,3,3,3,4,3,3,3,3,3,3,3,3,3,3,1,1,1,3,3,3,6,6,6,6,6,6,6,6,7,7,7,7,7,7,7,7","0.00094294548034668","fast_greedy","edit-xhwikibooks.graphml"
"0.31","0.05","0.64","0.706884169488048","2,2,2,2,1,2,1,2,2,8,1,1,2,2,2,4,8,1,6,1,3,5,2,2,2,2,2,4,2,8,1,6,1,1,6,6,7,2,3,3,3,3,5,5,5,5,3,5,5,5,3,3,3,3,3,5,5,5,5,3,2,3,3,2,2,3,3,3,3,3,5,3,2,2,3,3,3,3,3,3,3,2,4,4,4,2,3,3,3,3,8,1,6,3,3,3,4,3,3,3,3,3,3,3,3,3,3,1,1,1,3,3,3,6,6,6,6,6,6,6,6,7,7,7,7,7,7,7,7","0.000972986221313477","fast_greedy","edit-xhwikibooks.graphml"
"0.3","0.06","0.64","0.706884169488048","2,2,2,2,1,2,1,2,2,8,1,1,2,2,2,4,8,1,6,1,3,5,2,2,2,2,2,4,2,8,1,6,1,1,6,6,7,2,3,3,3,3,5,5,5,5,3,5,5,5,3,3,3,3,3,5,5,5,5,3,2,3,3,2,2,3,3,3,3,3,5,3,2,2,3,3,3,3,3,3,3,2,4,4,4,2,3,3,3,3,8,1,6,3,3,3,4,3,3,3,3,3,3,3,3,3,3,1,1,1,3,3,3,6,6,6,6,6,6,6,6,7,7,7,7,7,7,7,7","0.000975847244262695","fast_greedy","edit-xhwikibooks.graphml"
"0.29","0.07","0.64","0.706884169488048","2,2,2,2,1,2,1,2,2,8,1,1,2,2,2,4,8,1,6,1,3,5,2,2,2,2,2,4,2,8,1,6,1,1,6,6,7,2,3,3,3,3,5,5,5,5,3,5,5,5,3,3,3,3,3,5,5,5,5,3,2,3,3,2,2,3,3,3,3,3,5,3,2,2,3,3,3,3,3,3,3,2,4,4,4,2,3,3,3,3,8,1,6,3,3,3,4,3,3,3,3,3,3,3,3,3,3,1,1,1,3,3,3,6,6,6,6,6,6,6,6,7,7,7,7,7,7,7,7","0.000952959060668945","fast_greedy","edit-xhwikibooks.graphml"
"0.28","0.08","0.64","0.706884169488048","2,2,2,2,1,2,1,2,2,8,1,1,2,2,2,4,8,1,6,1,3,5,2,2,2,2,2,4,2,8,1,6,1,1,6,6,7,2,3,3,3,3,5,5,5,5,3,5,5,5,3,3,3,3,3,5,5,5,5,3,2,3,3,2,2,3,3,3,3,3,5,3,2,2,3,3,3,3,3,3,3,2,4,4,4,2,3,3,3,3,8,1,6,3,3,3,4,3,3,3,3,3,3,3,3,3,3,1,1,1,3,3,3,6,6,6,6,6,6,6,6,7,7,7,7,7,7,7,7","0.000959873199462891","fast_greedy","edit-xhwikibooks.graphml"
"0.27","0.09","0.64","0.706884169488048","2,2,2,2,1,2,1,2,2,8,1,1,2,2,2,4,8,1,6,1,3,5,2,2,2,2,2,4,2,8,1,6,1,1,6,6,7,2,3,3,3,3,5,5,5,5,3,5,5,5,3,3,3,3,3,5,5,5,5,3,2,3,3,2,2,3,3,3,3,3,5,3,2,2,3,3,3,3,3,3,3,2,4,4,4,2,3,3,3,3,8,1,6,3,3,3,4,3,3,3,3,3,3,3,3,3,3,1,1,1,3,3,3,6,6,6,6,6,6,6,6,7,7,7,7,7,7,7,7","0.000975131988525391","fast_greedy","edit-xhwikibooks.graphml"
"0.26","0.1","0.64","0.706884169488048","2,2,2,2,1,2,1,2,2,8,1,1,2,2,2,4,8,1,6,1,3,5,2,2,2,2,2,4,2,8,1,6,1,1,6,6,7,2,3,3,3,3,5,5,5,5,3,5,5,5,3,3,3,3,3,5,5,5,5,3,2,3,3,2,2,3,3,3,3,3,5,3,2,2,3,3,3,3,3,3,3,2,4,4,4,2,3,3,3,3,8,1,6,3,3,3,4,3,3,3,3,3,3,3,3,3,3,1,1,1,3,3,3,6,6,6,6,6,6,6,6,7,7,7,7,7,7,7,7","0.000969171524047852","fast_greedy","edit-xhwikibooks.graphml"
"0.25","0.11","0.64","0.706884169488048","2,2,2,2,1,2,1,2,2,8,1,1,2,2,2,4,8,1,6,1,3,5,2,2,2,2,2,4,2,8,1,6,1,1,6,6,7,2,3,3,3,3,5,5,5,5,3,5,5,5,3,3,3,3,3,5,5,5,5,3,2,3,3,2,2,3,3,3,3,3,5,3,2,2,3,3,3,3,3,3,3,2,4,4,4,2,3,3,3,3,8,1,6,3,3,3,4,3,3,3,3,3,3,3,3,3,3,1,1,1,3,3,3,6,6,6,6,6,6,6,6,7,7,7,7,7,7,7,7","0.00120210647583008","fast_greedy","edit-xhwikibooks.graphml"
"0.24","0.12","0.64","0.706884169488048","2,2,2,2,1,2,1,2,2,8,1,1,2,2,2,4,8,1,6,1,3,5,2,2,2,2,2,4,2,8,1,6,1,1,6,6,7,2,3,3,3,3,5,5,5,5,3,5,5,5,3,3,3,3,3,5,5,5,5,3,2,3,3,2,2,3,3,3,3,3,5,3,2,2,3,3,3,3,3,3,3,2,4,4,4,2,3,3,3,3,8,1,6,3,3,3,4,3,3,3,3,3,3,3,3,3,3,1,1,1,3,3,3,6,6,6,6,6,6,6,6,7,7,7,7,7,7,7,7","0.000959873199462891","fast_greedy","edit-xhwikibooks.graphml"
"0.23","0.13","0.64","0.706884169488048","2,2,2,2,1,2,1,2,2,8,1,1,2,2,2,4,8,1,6,1,3,5,2,2,2,2,2,4,2,8,1,6,1,1,6,6,7,2,3,3,3,3,5,5,5,5,3,5,5,5,3,3,3,3,3,5,5,5,5,3,2,3,3,2,2,3,3,3,3,3,5,3,2,2,3,3,3,3,3,3,3,2,4,4,4,2,3,3,3,3,8,1,6,3,3,3,4,3,3,3,3,3,3,3,3,3,3,1,1,1,3,3,3,6,6,6,6,6,6,6,6,7,7,7,7,7,7,7,7","0.000972986221313477","fast_greedy","edit-xhwikibooks.graphml"
"0.22","0.14","0.64","0.706884169488048","2,2,2,2,1,2,1,2,2,8,1,1,2,2,2,4,8,1,6,1,3,5,2,2,2,2,2,4,2,8,1,6,1,1,6,6,7,2,3,3,3,3,5,5,5,5,3,5,5,5,3,3,3,3,3,5,5,5,5,3,2,3,3,2,2,3,3,3,3,3,5,3,2,2,3,3,3,3,3,3,3,2,4,4,4,2,3,3,3,3,8,1,6,3,3,3,4,3,3,3,3,3,3,3,3,3,3,1,1,1,3,3,3,6,6,6,6,6,6,6,6,7,7,7,7,7,7,7,7","0.000983953475952148","fast_greedy","edit-xhwikibooks.graphml"
"0.21","0.15","0.64","0.706884169488048","2,2,2,2,1,2,1,2,2,8,1,1,2,2,2,4,8,1,6,1,3,5,2,2,2,2,2,4,2,8,1,6,1,1,6,6,7,2,3,3,3,3,5,5,5,5,3,5,5,5,3,3,3,3,3,5,5,5,5,3,2,3,3,2,2,3,3,3,3,3,5,3,2,2,3,3,3,3,3,3,3,2,4,4,4,2,3,3,3,3,8,1,6,3,3,3,4,3,3,3,3,3,3,3,3,3,3,1,1,1,3,3,3,6,6,6,6,6,6,6,6,7,7,7,7,7,7,7,7","0.00098109245300293","fast_greedy","edit-xhwikibooks.graphml"
"0.2","0.16","0.64","0.706884169488048","2,2,2,2,1,2,1,2,2,8,1,1,2,2,2,4,8,1,6,1,3,5,2,2,2,2,2,4,2,8,1,6,1,1,6,6,7,2,3,3,3,3,5,5,5,5,3,5,5,5,3,3,3,3,3,5,5,5,5,3,2,3,3,2,2,3,3,3,3,3,5,3,2,2,3,3,3,3,3,3,3,2,4,4,4,2,3,3,3,3,8,1,6,3,3,3,4,3,3,3,3,3,3,3,3,3,3,1,1,1,3,3,3,6,6,6,6,6,6,6,6,7,7,7,7,7,7,7,7","0.000970125198364258","fast_greedy","edit-xhwikibooks.graphml"
"0.19","0.17","0.64","0.708355868036777","2,2,2,2,1,2,1,2,2,8,1,1,2,2,2,4,8,1,6,1,3,5,2,2,2,2,2,4,2,8,1,6,1,1,6,6,7,2,3,3,3,3,5,5,5,5,3,5,5,5,3,3,3,3,3,5,5,5,5,3,2,3,3,2,2,3,3,3,3,3,5,3,2,2,3,3,3,3,3,3,3,2,4,4,4,2,3,3,3,3,8,1,6,3,3,3,4,3,3,3,3,3,3,3,3,3,3,1,1,1,3,3,3,6,6,6,6,6,6,6,6,7,7,7,7,7,7,7,7","0.203375101089478","fast_greedy","edit-xhwikibooks.graphml"
"0.18","0.18","0.64","0.708355868036777","2,2,2,2,1,2,1,2,2,8,1,1,2,2,2,4,8,1,6,1,3,5,2,2,2,2,2,4,2,8,1,6,1,1,6,6,7,2,3,3,3,3,5,5,5,5,3,5,5,5,3,3,3,3,3,5,5,5,5,3,2,3,3,2,2,3,3,3,3,3,5,3,2,2,3,3,3,3,3,3,3,2,4,4,4,2,3,3,3,3,8,1,6,3,3,3,4,3,3,3,3,3,3,3,3,3,3,1,1,1,3,3,3,6,6,6,6,6,6,6,6,7,7,7,7,7,7,7,7","0.00117111206054688","fast_greedy","edit-xhwikibooks.graphml"
"0.17","0.19","0.64","0.708355868036777","2,2,2,2,1,2,1,2,2,8,1,1,2,2,2,4,8,1,6,1,3,5,2,2,2,2,2,4,2,8,1,6,1,1,6,6,7,2,3,3,3,3,5,5,5,5,3,5,5,5,3,3,3,3,3,5,5,5,5,3,2,3,3,2,2,3,3,3,3,3,5,3,2,2,3,3,3,3,3,3,3,2,4,4,4,2,3,3,3,3,8,1,6,3,3,3,4,3,3,3,3,3,3,3,3,3,3,1,1,1,3,3,3,6,6,6,6,6,6,6,6,7,7,7,7,7,7,7,7","0.00103592872619629","fast_greedy","edit-xhwikibooks.graphml"
"0.16","0.2","0.64","0.708355868036777","2,2,2,2,1,2,1,2,2,8,1,1,2,2,2,4,8,1,6,1,3,5,2,2,2,2,2,4,2,8,1,6,1,1,6,6,7,2,3,3,3,3,5,5,5,5,3,5,5,5,3,3,3,3,3,5,5,5,5,3,2,3,3,2,2,3,3,3,3,3,5,3,2,2,3,3,3,3,3,3,3,2,4,4,4,2,3,3,3,3,8,1,6,3,3,3,4,3,3,3,3,3,3,3,3,3,3,1,1,1,3,3,3,6,6,6,6,6,6,6,6,7,7,7,7,7,7,7,7","0.00113797187805176","fast_greedy","edit-xhwikibooks.graphml"
"0.15","0.21","0.64","0.708355868036777","2,2,2,2,1,2,1,2,2,8,1,1,2,2,2,4,8,1,6,1,3,5,2,2,2,2,2,4,2,8,1,6,1,1,6,6,7,2,3,3,3,3,5,5,5,5,3,5,5,5,3,3,3,3,3,5,5,5,5,3,2,3,3,2,2,3,3,3,3,3,5,3,2,2,3,3,3,3,3,3,3,2,4,4,4,2,3,3,3,3,8,1,6,3,3,3,4,3,3,3,3,3,3,3,3,3,3,1,1,1,3,3,3,6,6,6,6,6,6,6,6,7,7,7,7,7,7,7,7","0.00102090835571289","fast_greedy","edit-xhwikibooks.graphml"
"0.14","0.22","0.64","0.708355868036777","2,2,2,2,1,2,1,2,2,8,1,1,2,2,2,4,8,1,6,1,3,5,2,2,2,2,2,4,2,8,1,6,1,1,6,6,7,2,3,3,3,3,5,5,5,5,3,5,5,5,3,3,3,3,3,5,5,5,5,3,2,3,3,2,2,3,3,3,3,3,5,3,2,2,3,3,3,3,3,3,3,2,4,4,4,2,3,3,3,3,8,1,6,3,3,3,4,3,3,3,3,3,3,3,3,3,3,1,1,1,3,3,3,6,6,6,6,6,6,6,6,7,7,7,7,7,7,7,7","0.00102496147155762","fast_greedy","edit-xhwikibooks.graphml"
"0.13","0.23","0.64","0.708355868036777","2,2,2,2,1,2,1,2,2,8,1,1,2,2,2,4,8,1,6,1,3,5,2,2,2,2,2,4,2,8,1,6,1,1,6,6,7,2,3,3,3,3,5,5,5,5,3,5,5,5,3,3,3,3,3,5,5,5,5,3,2,3,3,2,2,3,3,3,3,3,5,3,2,2,3,3,3,3,3,3,3,2,4,4,4,2,3,3,3,3,8,1,6,3,3,3,4,3,3,3,3,3,3,3,3,3,3,1,1,1,3,3,3,6,6,6,6,6,6,6,6,7,7,7,7,7,7,7,7","0.000972986221313477","fast_greedy","edit-xhwikibooks.graphml"
"0.12","0.24","0.64","0.708355868036777","2,2,2,2,1,2,1,2,2,8,1,1,2,2,2,4,8,1,6,1,3,5,2,2,2,2,2,4,2,8,1,6,1,1,6,6,7,2,3,3,3,3,5,5,5,5,3,5,5,5,3,3,3,3,3,5,5,5,5,3,2,3,3,2,2,3,3,3,3,3,5,3,2,2,3,3,3,3,3,3,3,2,4,4,4,2,3,3,3,3,8,1,6,3,3,3,4,3,3,3,3,3,3,3,3,3,3,1,1,1,3,3,3,6,6,6,6,6,6,6,6,7,7,7,7,7,7,7,7","0.000969886779785156","fast_greedy","edit-xhwikibooks.graphml"
"0.11","0.25","0.64","0.708355868036777","2,2,2,2,1,2,1,2,2,8,1,1,2,2,2,4,8,1,6,1,3,5,2,2,2,2,2,4,2,8,1,6,1,1,6,6,7,2,3,3,3,3,5,5,5,5,3,5,5,5,3,3,3,3,3,5,5,5,5,3,2,3,3,2,2,3,3,3,3,3,5,3,2,2,3,3,3,3,3,3,3,2,4,4,4,2,3,3,3,3,8,1,6,3,3,3,4,3,3,3,3,3,3,3,3,3,3,1,1,1,3,3,3,6,6,6,6,6,6,6,6,7,7,7,7,7,7,7,7","0.000944137573242188","fast_greedy","edit-xhwikibooks.graphml"
"0.1","0.26","0.64","0.708355868036777","2,2,2,2,1,2,1,2,2,8,1,1,2,2,2,4,8,1,6,1,3,5,2,2,2,2,2,4,2,8,1,6,1,1,6,6,7,2,3,3,3,3,5,5,5,5,3,5,5,5,3,3,3,3,3,5,5,5,5,3,2,3,3,2,2,3,3,3,3,3,5,3,2,2,3,3,3,3,3,3,3,2,4,4,4,2,3,3,3,3,8,1,6,3,3,3,4,3,3,3,3,3,3,3,3,3,3,1,1,1,3,3,3,6,6,6,6,6,6,6,6,7,7,7,7,7,7,7,7","0.000959873199462891","fast_greedy","edit-xhwikibooks.graphml"
"0.09","0.27","0.64","0.708355868036777","2,2,2,2,1,2,1,2,2,8,1,1,2,2,2,4,8,1,6,1,3,5,2,2,2,2,2,4,2,8,1,6,1,1,6,6,7,2,3,3,3,3,5,5,5,5,3,5,5,5,3,3,3,3,3,5,5,5,5,3,2,3,3,2,2,3,3,3,3,3,5,3,2,2,3,3,3,3,3,3,3,2,4,4,4,2,3,3,3,3,8,1,6,3,3,3,4,3,3,3,3,3,3,3,3,3,3,1,1,1,3,3,3,6,6,6,6,6,6,6,6,7,7,7,7,7,7,7,7","0.000941038131713867","fast_greedy","edit-xhwikibooks.graphml"
"0.08","0.28","0.64","0.708355868036777","2,2,2,2,1,2,1,2,2,8,1,1,2,2,2,4,8,1,6,1,3,5,2,2,2,2,2,4,2,8,1,6,1,1,6,6,7,2,3,3,3,3,5,5,5,5,3,5,5,5,3,3,3,3,3,5,5,5,5,3,2,3,3,2,2,3,3,3,3,3,5,3,2,2,3,3,3,3,3,3,3,2,4,4,4,2,3,3,3,3,8,1,6,3,3,3,4,3,3,3,3,3,3,3,3,3,3,1,1,1,3,3,3,6,6,6,6,6,6,6,6,7,7,7,7,7,7,7,7","0.000957965850830078","fast_greedy","edit-xhwikibooks.graphml"
"0.07","0.29","0.64","0.708355868036777","2,2,2,2,1,2,1,2,2,8,1,1,2,2,2,4,8,1,6,1,3,5,2,2,2,2,2,4,2,8,1,6,1,1,6,6,7,2,3,3,3,3,5,5,5,5,3,5,5,5,3,3,3,3,3,5,5,5,5,3,2,3,3,2,2,3,3,3,3,3,5,3,2,2,3,3,3,3,3,3,3,2,4,4,4,2,3,3,3,3,8,1,6,3,3,3,4,3,3,3,3,3,3,3,3,3,3,1,1,1,3,3,3,6,6,6,6,6,6,6,6,7,7,7,7,7,7,7,7","0.001068115234375","fast_greedy","edit-xhwikibooks.graphml"
"0.06","0.3","0.64","0.708355868036777","2,2,2,2,1,2,1,2,2,8,1,1,2,2,2,4,8,1,6,1,3,5,2,2,2,2,2,4,2,8,1,6,1,1,6,6,7,2,3,3,3,3,5,5,5,5,3,5,5,5,3,3,3,3,3,5,5,5,5,3,2,3,3,2,2,3,3,3,3,3,5,3,2,2,3,3,3,3,3,3,3,2,4,4,4,2,3,3,3,3,8,1,6,3,3,3,4,3,3,3,3,3,3,3,3,3,3,1,1,1,3,3,3,6,6,6,6,6,6,6,6,7,7,7,7,7,7,7,7","0.00111794471740723","fast_greedy","edit-xhwikibooks.graphml"
"0.05","0.31","0.64","0.708355868036777","2,2,2,2,1,2,1,2,2,8,1,1,2,2,2,4,8,1,6,1,3,5,2,2,2,2,2,4,2,8,1,6,1,1,6,6,7,2,3,3,3,3,5,5,5,5,3,5,5,5,3,3,3,3,3,5,5,5,5,3,2,3,3,2,2,3,3,3,3,3,5,3,2,2,3,3,3,3,3,3,3,2,4,4,4,2,3,3,3,3,8,1,6,3,3,3,4,3,3,3,3,3,3,3,3,3,3,1,1,1,3,3,3,6,6,6,6,6,6,6,6,7,7,7,7,7,7,7,7","0.000983953475952148","fast_greedy","edit-xhwikibooks.graphml"
"0.04","0.32","0.64","0.708355868036777","2,2,2,2,1,2,1,2,2,8,1,1,2,2,2,4,8,1,6,1,3,5,2,2,2,2,2,4,2,8,1,6,1,1,6,6,7,2,3,3,3,3,5,5,5,5,3,5,5,5,3,3,3,3,3,5,5,5,5,3,2,3,3,2,2,3,3,3,3,3,5,3,2,2,3,3,3,3,3,3,3,2,4,4,4,2,3,3,3,3,8,1,6,3,3,3,4,3,3,3,3,3,3,3,3,3,3,1,1,1,3,3,3,6,6,6,6,6,6,6,6,7,7,7,7,7,7,7,7","0.000980854034423828","fast_greedy","edit-xhwikibooks.graphml"
"0.03","0.33","0.64","0.708355868036777","2,2,2,2,1,2,1,2,2,8,1,1,2,2,2,4,8,1,6,1,3,5,2,2,2,2,2,4,2,8,1,6,1,1,6,6,7,2,3,3,3,3,5,5,5,5,3,5,5,5,3,3,3,3,3,5,5,5,5,3,2,3,3,2,2,3,3,3,3,3,5,3,2,2,3,3,3,3,3,3,3,2,4,4,4,2,3,3,3,3,8,1,6,3,3,3,4,3,3,3,3,3,3,3,3,3,3,1,1,1,3,3,3,6,6,6,6,6,6,6,6,7,7,7,7,7,7,7,7","0.000951051712036133","fast_greedy","edit-xhwikibooks.graphml"
"0.02","0.34","0.64","0.707407531157072","2,2,2,2,1,2,1,2,2,8,1,1,2,2,2,4,8,1,6,1,3,5,2,2,2,2,2,4,2,8,1,6,1,1,6,6,7,2,3,3,3,3,5,5,5,5,3,5,5,5,3,3,3,3,3,5,5,5,5,3,2,3,3,2,2,3,3,3,3,3,5,3,2,2,3,3,3,3,3,3,3,2,4,4,4,2,3,3,3,3,8,1,6,3,3,3,4,3,3,3,3,3,3,3,3,3,3,1,1,1,3,3,3,6,6,6,6,6,6,6,6,7,7,7,7,7,7,7,7","0.000970840454101562","fast_greedy","edit-xhwikibooks.graphml"
"0.01","0.35","0.64","0.707407531157072","2,2,2,2,1,2,1,2,2,8,1,1,2,2,2,4,8,1,6,1,3,5,2,2,2,2,2,4,2,8,1,6,1,1,6,6,7,2,3,3,3,3,5,5,5,5,3,5,5,5,3,3,3,3,3,5,5,5,5,3,2,3,3,2,2,3,3,3,3,3,5,3,2,2,3,3,3,3,3,3,3,2,4,4,4,2,3,3,3,3,8,1,6,3,3,3,4,3,3,3,3,3,3,3,3,3,3,1,1,1,3,3,3,6,6,6,6,6,6,6,6,7,7,7,7,7,7,7,7","0.000949859619140625","fast_greedy","edit-xhwikibooks.graphml"
"0","0.36","0.64","0.682685185185185","7,7,7,7,7,7,7,7,1,10,9,3,7,1,1,4,10,9,6,3,2,5,1,7,1,1,1,4,7,10,9,6,3,3,6,6,8,1,2,2,2,2,5,5,5,5,2,5,5,5,2,2,2,2,2,5,5,5,5,2,1,2,2,7,1,2,2,2,2,2,5,2,1,1,2,2,2,2,2,2,2,1,4,4,4,7,2,2,2,2,10,9,6,2,2,2,4,2,2,2,2,2,2,2,2,2,2,3,3,3,2,2,2,6,6,6,6,6,6,6,6,8,8,8,8,8,8,8,8","0.000952959060668945","fast_greedy","edit-xhwikibooks.graphml"
"0.35","0","0.65","0.706884169488048","2,2,2,2,1,2,1,2,2,8,1,1,2,2,2,4,8,1,6,1,3,5,2,2,2,2,2,4,2,8,1,6,1,1,6,6,7,2,3,3,3,3,5,5,5,5,3,5,5,5,3,3,3,3,3,5,5,5,5,3,2,3,3,2,2,3,3,3,3,3,5,3,2,2,3,3,3,3,3,3,3,2,4,4,4,2,3,3,3,3,8,1,6,3,3,3,4,3,3,3,3,3,3,3,3,3,3,1,1,1,3,3,3,6,6,6,6,6,6,6,6,7,7,7,7,7,7,7,7","0.000956058502197266","fast_greedy","edit-xhwikibooks.graphml"
"0.34","0.01","0.65","0.706884169488048","2,2,2,2,1,2,1,2,2,8,1,1,2,2,2,4,8,1,6,1,3,5,2,2,2,2,2,4,2,8,1,6,1,1,6,6,7,2,3,3,3,3,5,5,5,5,3,5,5,5,3,3,3,3,3,5,5,5,5,3,2,3,3,2,2,3,3,3,3,3,5,3,2,2,3,3,3,3,3,3,3,2,4,4,4,2,3,3,3,3,8,1,6,3,3,3,4,3,3,3,3,3,3,3,3,3,3,1,1,1,3,3,3,6,6,6,6,6,6,6,6,7,7,7,7,7,7,7,7","0.000951051712036133","fast_greedy","edit-xhwikibooks.graphml"
"0.33","0.02","0.65","0.706884169488048","2,2,2,2,1,2,1,2,2,8,1,1,2,2,2,4,8,1,6,1,3,5,2,2,2,2,2,4,2,8,1,6,1,1,6,6,7,2,3,3,3,3,5,5,5,5,3,5,5,5,3,3,3,3,3,5,5,5,5,3,2,3,3,2,2,3,3,3,3,3,5,3,2,2,3,3,3,3,3,3,3,2,4,4,4,2,3,3,3,3,8,1,6,3,3,3,4,3,3,3,3,3,3,3,3,3,3,1,1,1,3,3,3,6,6,6,6,6,6,6,6,7,7,7,7,7,7,7,7","0.00107812881469727","fast_greedy","edit-xhwikibooks.graphml"
"0.32","0.03","0.65","0.706884169488048","2,2,2,2,1,2,1,2,2,8,1,1,2,2,2,4,8,1,6,1,3,5,2,2,2,2,2,4,2,8,1,6,1,1,6,6,7,2,3,3,3,3,5,5,5,5,3,5,5,5,3,3,3,3,3,5,5,5,5,3,2,3,3,2,2,3,3,3,3,3,5,3,2,2,3,3,3,3,3,3,3,2,4,4,4,2,3,3,3,3,8,1,6,3,3,3,4,3,3,3,3,3,3,3,3,3,3,1,1,1,3,3,3,6,6,6,6,6,6,6,6,7,7,7,7,7,7,7,7","0.000952005386352539","fast_greedy","edit-xhwikibooks.graphml"
"0.31","0.04","0.65","0.706884169488048","2,2,2,2,1,2,1,2,2,8,1,1,2,2,2,4,8,1,6,1,3,5,2,2,2,2,2,4,2,8,1,6,1,1,6,6,7,2,3,3,3,3,5,5,5,5,3,5,5,5,3,3,3,3,3,5,5,5,5,3,2,3,3,2,2,3,3,3,3,3,5,3,2,2,3,3,3,3,3,3,3,2,4,4,4,2,3,3,3,3,8,1,6,3,3,3,4,3,3,3,3,3,3,3,3,3,3,1,1,1,3,3,3,6,6,6,6,6,6,6,6,7,7,7,7,7,7,7,7","0.00112414360046387","fast_greedy","edit-xhwikibooks.graphml"
"0.3","0.05","0.65","0.706884169488048","2,2,2,2,1,2,1,2,2,8,1,1,2,2,2,4,8,1,6,1,3,5,2,2,2,2,2,4,2,8,1,6,1,1,6,6,7,2,3,3,3,3,5,5,5,5,3,5,5,5,3,3,3,3,3,5,5,5,5,3,2,3,3,2,2,3,3,3,3,3,5,3,2,2,3,3,3,3,3,3,3,2,4,4,4,2,3,3,3,3,8,1,6,3,3,3,4,3,3,3,3,3,3,3,3,3,3,1,1,1,3,3,3,6,6,6,6,6,6,6,6,7,7,7,7,7,7,7,7","0.000952959060668945","fast_greedy","edit-xhwikibooks.graphml"
"0.29","0.06","0.65","0.706884169488048","2,2,2,2,1,2,1,2,2,8,1,1,2,2,2,4,8,1,6,1,3,5,2,2,2,2,2,4,2,8,1,6,1,1,6,6,7,2,3,3,3,3,5,5,5,5,3,5,5,5,3,3,3,3,3,5,5,5,5,3,2,3,3,2,2,3,3,3,3,3,5,3,2,2,3,3,3,3,3,3,3,2,4,4,4,2,3,3,3,3,8,1,6,3,3,3,4,3,3,3,3,3,3,3,3,3,3,1,1,1,3,3,3,6,6,6,6,6,6,6,6,7,7,7,7,7,7,7,7","0.000958919525146484","fast_greedy","edit-xhwikibooks.graphml"
"0.28","0.07","0.65","0.706884169488048","2,2,2,2,1,2,1,2,2,8,1,1,2,2,2,4,8,1,6,1,3,5,2,2,2,2,2,4,2,8,1,6,1,1,6,6,7,2,3,3,3,3,5,5,5,5,3,5,5,5,3,3,3,3,3,5,5,5,5,3,2,3,3,2,2,3,3,3,3,3,5,3,2,2,3,3,3,3,3,3,3,2,4,4,4,2,3,3,3,3,8,1,6,3,3,3,4,3,3,3,3,3,3,3,3,3,3,1,1,1,3,3,3,6,6,6,6,6,6,6,6,7,7,7,7,7,7,7,7","0.000966072082519531","fast_greedy","edit-xhwikibooks.graphml"
"0.27","0.08","0.65","0.706884169488048","2,2,2,2,1,2,1,2,2,8,1,1,2,2,2,4,8,1,6,1,3,5,2,2,2,2,2,4,2,8,1,6,1,1,6,6,7,2,3,3,3,3,5,5,5,5,3,5,5,5,3,3,3,3,3,5,5,5,5,3,2,3,3,2,2,3,3,3,3,3,5,3,2,2,3,3,3,3,3,3,3,2,4,4,4,2,3,3,3,3,8,1,6,3,3,3,4,3,3,3,3,3,3,3,3,3,3,1,1,1,3,3,3,6,6,6,6,6,6,6,6,7,7,7,7,7,7,7,7","0.000985145568847656","fast_greedy","edit-xhwikibooks.graphml"
"0.26","0.09","0.65","0.706884169488048","2,2,2,2,1,2,1,2,2,8,1,1,2,2,2,4,8,1,6,1,3,5,2,2,2,2,2,4,2,8,1,6,1,1,6,6,7,2,3,3,3,3,5,5,5,5,3,5,5,5,3,3,3,3,3,5,5,5,5,3,2,3,3,2,2,3,3,3,3,3,5,3,2,2,3,3,3,3,3,3,3,2,4,4,4,2,3,3,3,3,8,1,6,3,3,3,4,3,3,3,3,3,3,3,3,3,3,1,1,1,3,3,3,6,6,6,6,6,6,6,6,7,7,7,7,7,7,7,7","0.000992059707641602","fast_greedy","edit-xhwikibooks.graphml"
"0.25","0.1","0.65","0.706884169488048","2,2,2,2,1,2,1,2,2,8,1,1,2,2,2,4,8,1,6,1,3,5,2,2,2,2,2,4,2,8,1,6,1,1,6,6,7,2,3,3,3,3,5,5,5,5,3,5,5,5,3,3,3,3,3,5,5,5,5,3,2,3,3,2,2,3,3,3,3,3,5,3,2,2,3,3,3,3,3,3,3,2,4,4,4,2,3,3,3,3,8,1,6,3,3,3,4,3,3,3,3,3,3,3,3,3,3,1,1,1,3,3,3,6,6,6,6,6,6,6,6,7,7,7,7,7,7,7,7","0.000940084457397461","fast_greedy","edit-xhwikibooks.graphml"
"0.24","0.11","0.65","0.706884169488048","2,2,2,2,1,2,1,2,2,8,1,1,2,2,2,4,8,1,6,1,3,5,2,2,2,2,2,4,2,8,1,6,1,1,6,6,7,2,3,3,3,3,5,5,5,5,3,5,5,5,3,3,3,3,3,5,5,5,5,3,2,3,3,2,2,3,3,3,3,3,5,3,2,2,3,3,3,3,3,3,3,2,4,4,4,2,3,3,3,3,8,1,6,3,3,3,4,3,3,3,3,3,3,3,3,3,3,1,1,1,3,3,3,6,6,6,6,6,6,6,6,7,7,7,7,7,7,7,7","0.000977039337158203","fast_greedy","edit-xhwikibooks.graphml"
"0.23","0.12","0.65","0.706884169488048","2,2,2,2,1,2,1,2,2,8,1,1,2,2,2,4,8,1,6,1,3,5,2,2,2,2,2,4,2,8,1,6,1,1,6,6,7,2,3,3,3,3,5,5,5,5,3,5,5,5,3,3,3,3,3,5,5,5,5,3,2,3,3,2,2,3,3,3,3,3,5,3,2,2,3,3,3,3,3,3,3,2,4,4,4,2,3,3,3,3,8,1,6,3,3,3,4,3,3,3,3,3,3,3,3,3,3,1,1,1,3,3,3,6,6,6,6,6,6,6,6,7,7,7,7,7,7,7,7","0.000983953475952148","fast_greedy","edit-xhwikibooks.graphml"
"0.22","0.13","0.65","0.706884169488048","2,2,2,2,1,2,1,2,2,8,1,1,2,2,2,4,8,1,6,1,3,5,2,2,2,2,2,4,2,8,1,6,1,1,6,6,7,2,3,3,3,3,5,5,5,5,3,5,5,5,3,3,3,3,3,5,5,5,5,3,2,3,3,2,2,3,3,3,3,3,5,3,2,2,3,3,3,3,3,3,3,2,4,4,4,2,3,3,3,3,8,1,6,3,3,3,4,3,3,3,3,3,3,3,3,3,3,1,1,1,3,3,3,6,6,6,6,6,6,6,6,7,7,7,7,7,7,7,7","0.000982999801635742","fast_greedy","edit-xhwikibooks.graphml"
"0.21","0.14","0.65","0.706884169488048","2,2,2,2,1,2,1,2,2,8,1,1,2,2,2,4,8,1,6,1,3,5,2,2,2,2,2,4,2,8,1,6,1,1,6,6,7,2,3,3,3,3,5,5,5,5,3,5,5,5,3,3,3,3,3,5,5,5,5,3,2,3,3,2,2,3,3,3,3,3,5,3,2,2,3,3,3,3,3,3,3,2,4,4,4,2,3,3,3,3,8,1,6,3,3,3,4,3,3,3,3,3,3,3,3,3,3,1,1,1,3,3,3,6,6,6,6,6,6,6,6,7,7,7,7,7,7,7,7","0.00115799903869629","fast_greedy","edit-xhwikibooks.graphml"
"0.2","0.15","0.65","0.706884169488048","2,2,2,2,1,2,1,2,2,8,1,1,2,2,2,4,8,1,6,1,3,5,2,2,2,2,2,4,2,8,1,6,1,1,6,6,7,2,3,3,3,3,5,5,5,5,3,5,5,5,3,3,3,3,3,5,5,5,5,3,2,3,3,2,2,3,3,3,3,3,5,3,2,2,3,3,3,3,3,3,3,2,4,4,4,2,3,3,3,3,8,1,6,3,3,3,4,3,3,3,3,3,3,3,3,3,3,1,1,1,3,3,3,6,6,6,6,6,6,6,6,7,7,7,7,7,7,7,7","0.000941991806030273","fast_greedy","edit-xhwikibooks.graphml"
"0.19","0.16","0.65","0.706884169488048","2,2,2,2,1,2,1,2,2,8,1,1,2,2,2,4,8,1,6,1,3,5,2,2,2,2,2,4,2,8,1,6,1,1,6,6,7,2,3,3,3,3,5,5,5,5,3,5,5,5,3,3,3,3,3,5,5,5,5,3,2,3,3,2,2,3,3,3,3,3,5,3,2,2,3,3,3,3,3,3,3,2,4,4,4,2,3,3,3,3,8,1,6,3,3,3,4,3,3,3,3,3,3,3,3,3,3,1,1,1,3,3,3,6,6,6,6,6,6,6,6,7,7,7,7,7,7,7,7","0.000961065292358398","fast_greedy","edit-xhwikibooks.graphml"
"0.18","0.17","0.65","0.708355868036777","2,2,2,2,1,2,1,2,2,8,1,1,2,2,2,4,8,1,6,1,3,5,2,2,2,2,2,4,2,8,1,6,1,1,6,6,7,2,3,3,3,3,5,5,5,5,3,5,5,5,3,3,3,3,3,5,5,5,5,3,2,3,3,2,2,3,3,3,3,3,5,3,2,2,3,3,3,3,3,3,3,2,4,4,4,2,3,3,3,3,8,1,6,3,3,3,4,3,3,3,3,3,3,3,3,3,3,1,1,1,3,3,3,6,6,6,6,6,6,6,6,7,7,7,7,7,7,7,7","0.000979185104370117","fast_greedy","edit-xhwikibooks.graphml"
"0.17","0.18","0.65","0.708355868036777","2,2,2,2,1,2,1,2,2,8,1,1,2,2,2,4,8,1,6,1,3,5,2,2,2,2,2,4,2,8,1,6,1,1,6,6,7,2,3,3,3,3,5,5,5,5,3,5,5,5,3,3,3,3,3,5,5,5,5,3,2,3,3,2,2,3,3,3,3,3,5,3,2,2,3,3,3,3,3,3,3,2,4,4,4,2,3,3,3,3,8,1,6,3,3,3,4,3,3,3,3,3,3,3,3,3,3,1,1,1,3,3,3,6,6,6,6,6,6,6,6,7,7,7,7,7,7,7,7","0.000982046127319336","fast_greedy","edit-xhwikibooks.graphml"
"0.16","0.19","0.65","0.708355868036777","2,2,2,2,1,2,1,2,2,8,1,1,2,2,2,4,8,1,6,1,3,5,2,2,2,2,2,4,2,8,1,6,1,1,6,6,7,2,3,3,3,3,5,5,5,5,3,5,5,5,3,3,3,3,3,5,5,5,5,3,2,3,3,2,2,3,3,3,3,3,5,3,2,2,3,3,3,3,3,3,3,2,4,4,4,2,3,3,3,3,8,1,6,3,3,3,4,3,3,3,3,3,3,3,3,3,3,1,1,1,3,3,3,6,6,6,6,6,6,6,6,7,7,7,7,7,7,7,7","0.0010678768157959","fast_greedy","edit-xhwikibooks.graphml"
"0.15","0.2","0.65","0.708355868036777","2,2,2,2,1,2,1,2,2,8,1,1,2,2,2,4,8,1,6,1,3,5,2,2,2,2,2,4,2,8,1,6,1,1,6,6,7,2,3,3,3,3,5,5,5,5,3,5,5,5,3,3,3,3,3,5,5,5,5,3,2,3,3,2,2,3,3,3,3,3,5,3,2,2,3,3,3,3,3,3,3,2,4,4,4,2,3,3,3,3,8,1,6,3,3,3,4,3,3,3,3,3,3,3,3,3,3,1,1,1,3,3,3,6,6,6,6,6,6,6,6,7,7,7,7,7,7,7,7","0.00100898742675781","fast_greedy","edit-xhwikibooks.graphml"
"0.14","0.21","0.65","0.708355868036777","2,2,2,2,1,2,1,2,2,8,1,1,2,2,2,4,8,1,6,1,3,5,2,2,2,2,2,4,2,8,1,6,1,1,6,6,7,2,3,3,3,3,5,5,5,5,3,5,5,5,3,3,3,3,3,5,5,5,5,3,2,3,3,2,2,3,3,3,3,3,5,3,2,2,3,3,3,3,3,3,3,2,4,4,4,2,3,3,3,3,8,1,6,3,3,3,4,3,3,3,3,3,3,3,3,3,3,1,1,1,3,3,3,6,6,6,6,6,6,6,6,7,7,7,7,7,7,7,7","0.001007080078125","fast_greedy","edit-xhwikibooks.graphml"
"0.13","0.22","0.65","0.708355868036777","2,2,2,2,1,2,1,2,2,8,1,1,2,2,2,4,8,1,6,1,3,5,2,2,2,2,2,4,2,8,1,6,1,1,6,6,7,2,3,3,3,3,5,5,5,5,3,5,5,5,3,3,3,3,3,5,5,5,5,3,2,3,3,2,2,3,3,3,3,3,5,3,2,2,3,3,3,3,3,3,3,2,4,4,4,2,3,3,3,3,8,1,6,3,3,3,4,3,3,3,3,3,3,3,3,3,3,1,1,1,3,3,3,6,6,6,6,6,6,6,6,7,7,7,7,7,7,7,7","0.000950813293457031","fast_greedy","edit-xhwikibooks.graphml"
"0.12","0.23","0.65","0.708355868036777","2,2,2,2,1,2,1,2,2,8,1,1,2,2,2,4,8,1,6,1,3,5,2,2,2,2,2,4,2,8,1,6,1,1,6,6,7,2,3,3,3,3,5,5,5,5,3,5,5,5,3,3,3,3,3,5,5,5,5,3,2,3,3,2,2,3,3,3,3,3,5,3,2,2,3,3,3,3,3,3,3,2,4,4,4,2,3,3,3,3,8,1,6,3,3,3,4,3,3,3,3,3,3,3,3,3,3,1,1,1,3,3,3,6,6,6,6,6,6,6,6,7,7,7,7,7,7,7,7","0.000962972640991211","fast_greedy","edit-xhwikibooks.graphml"
"0.11","0.24","0.65","0.708355868036777","2,2,2,2,1,2,1,2,2,8,1,1,2,2,2,4,8,1,6,1,3,5,2,2,2,2,2,4,2,8,1,6,1,1,6,6,7,2,3,3,3,3,5,5,5,5,3,5,5,5,3,3,3,3,3,5,5,5,5,3,2,3,3,2,2,3,3,3,3,3,5,3,2,2,3,3,3,3,3,3,3,2,4,4,4,2,3,3,3,3,8,1,6,3,3,3,4,3,3,3,3,3,3,3,3,3,3,1,1,1,3,3,3,6,6,6,6,6,6,6,6,7,7,7,7,7,7,7,7","0.000959873199462891","fast_greedy","edit-xhwikibooks.graphml"
"0.1","0.25","0.65","0.708355868036777","2,2,2,2,1,2,1,2,2,8,1,1,2,2,2,4,8,1,6,1,3,5,2,2,2,2,2,4,2,8,1,6,1,1,6,6,7,2,3,3,3,3,5,5,5,5,3,5,5,5,3,3,3,3,3,5,5,5,5,3,2,3,3,2,2,3,3,3,3,3,5,3,2,2,3,3,3,3,3,3,3,2,4,4,4,2,3,3,3,3,8,1,6,3,3,3,4,3,3,3,3,3,3,3,3,3,3,1,1,1,3,3,3,6,6,6,6,6,6,6,6,7,7,7,7,7,7,7,7","0.00112295150756836","fast_greedy","edit-xhwikibooks.graphml"
"0.09","0.26","0.65","0.708355868036777","2,2,2,2,1,2,1,2,2,8,1,1,2,2,2,4,8,1,6,1,3,5,2,2,2,2,2,4,2,8,1,6,1,1,6,6,7,2,3,3,3,3,5,5,5,5,3,5,5,5,3,3,3,3,3,5,5,5,5,3,2,3,3,2,2,3,3,3,3,3,5,3,2,2,3,3,3,3,3,3,3,2,4,4,4,2,3,3,3,3,8,1,6,3,3,3,4,3,3,3,3,3,3,3,3,3,3,1,1,1,3,3,3,6,6,6,6,6,6,6,6,7,7,7,7,7,7,7,7","0.000937938690185547","fast_greedy","edit-xhwikibooks.graphml"
"0.08","0.27","0.65","0.708355868036777","2,2,2,2,1,2,1,2,2,8,1,1,2,2,2,4,8,1,6,1,3,5,2,2,2,2,2,4,2,8,1,6,1,1,6,6,7,2,3,3,3,3,5,5,5,5,3,5,5,5,3,3,3,3,3,5,5,5,5,3,2,3,3,2,2,3,3,3,3,3,5,3,2,2,3,3,3,3,3,3,3,2,4,4,4,2,3,3,3,3,8,1,6,3,3,3,4,3,3,3,3,3,3,3,3,3,3,1,1,1,3,3,3,6,6,6,6,6,6,6,6,7,7,7,7,7,7,7,7","0.000977039337158203","fast_greedy","edit-xhwikibooks.graphml"
"0.07","0.28","0.65","0.708355868036777","2,2,2,2,1,2,1,2,2,8,1,1,2,2,2,4,8,1,6,1,3,5,2,2,2,2,2,4,2,8,1,6,1,1,6,6,7,2,3,3,3,3,5,5,5,5,3,5,5,5,3,3,3,3,3,5,5,5,5,3,2,3,3,2,2,3,3,3,3,3,5,3,2,2,3,3,3,3,3,3,3,2,4,4,4,2,3,3,3,3,8,1,6,3,3,3,4,3,3,3,3,3,3,3,3,3,3,1,1,1,3,3,3,6,6,6,6,6,6,6,6,7,7,7,7,7,7,7,7","0.000955104827880859","fast_greedy","edit-xhwikibooks.graphml"
"0.06","0.29","0.65","0.708355868036777","2,2,2,2,1,2,1,2,2,8,1,1,2,2,2,4,8,1,6,1,3,5,2,2,2,2,2,4,2,8,1,6,1,1,6,6,7,2,3,3,3,3,5,5,5,5,3,5,5,5,3,3,3,3,3,5,5,5,5,3,2,3,3,2,2,3,3,3,3,3,5,3,2,2,3,3,3,3,3,3,3,2,4,4,4,2,3,3,3,3,8,1,6,3,3,3,4,3,3,3,3,3,3,3,3,3,3,1,1,1,3,3,3,6,6,6,6,6,6,6,6,7,7,7,7,7,7,7,7","0.000967979431152344","fast_greedy","edit-xhwikibooks.graphml"
"0.05","0.3","0.65","0.708355868036777","2,2,2,2,1,2,1,2,2,8,1,1,2,2,2,4,8,1,6,1,3,5,2,2,2,2,2,4,2,8,1,6,1,1,6,6,7,2,3,3,3,3,5,5,5,5,3,5,5,5,3,3,3,3,3,5,5,5,5,3,2,3,3,2,2,3,3,3,3,3,5,3,2,2,3,3,3,3,3,3,3,2,4,4,4,2,3,3,3,3,8,1,6,3,3,3,4,3,3,3,3,3,3,3,3,3,3,1,1,1,3,3,3,6,6,6,6,6,6,6,6,7,7,7,7,7,7,7,7","0.000973939895629883","fast_greedy","edit-xhwikibooks.graphml"
"0.04","0.31","0.65","0.708355868036777","2,2,2,2,1,2,1,2,2,8,1,1,2,2,2,4,8,1,6,1,3,5,2,2,2,2,2,4,2,8,1,6,1,1,6,6,7,2,3,3,3,3,5,5,5,5,3,5,5,5,3,3,3,3,3,5,5,5,5,3,2,3,3,2,2,3,3,3,3,3,5,3,2,2,3,3,3,3,3,3,3,2,4,4,4,2,3,3,3,3,8,1,6,3,3,3,4,3,3,3,3,3,3,3,3,3,3,1,1,1,3,3,3,6,6,6,6,6,6,6,6,7,7,7,7,7,7,7,7","0.000972986221313477","fast_greedy","edit-xhwikibooks.graphml"
"0.03","0.32","0.65","0.708355868036777","2,2,2,2,1,2,1,2,2,8,1,1,2,2,2,4,8,1,6,1,3,5,2,2,2,2,2,4,2,8,1,6,1,1,6,6,7,2,3,3,3,3,5,5,5,5,3,5,5,5,3,3,3,3,3,5,5,5,5,3,2,3,3,2,2,3,3,3,3,3,5,3,2,2,3,3,3,3,3,3,3,2,4,4,4,2,3,3,3,3,8,1,6,3,3,3,4,3,3,3,3,3,3,3,3,3,3,1,1,1,3,3,3,6,6,6,6,6,6,6,6,7,7,7,7,7,7,7,7","0.000986814498901367","fast_greedy","edit-xhwikibooks.graphml"
"0.02","0.33","0.65","0.708355868036777","2,2,2,2,1,2,1,2,2,8,1,1,2,2,2,4,8,1,6,1,3,5,2,2,2,2,2,4,2,8,1,6,1,1,6,6,7,2,3,3,3,3,5,5,5,5,3,5,5,5,3,3,3,3,3,5,5,5,5,3,2,3,3,2,2,3,3,3,3,3,5,3,2,2,3,3,3,3,3,3,3,2,4,4,4,2,3,3,3,3,8,1,6,3,3,3,4,3,3,3,3,3,3,3,3,3,3,1,1,1,3,3,3,6,6,6,6,6,6,6,6,7,7,7,7,7,7,7,7","0.00106310844421387","fast_greedy","edit-xhwikibooks.graphml"
"0.01","0.34","0.65","0.707407531157072","2,2,2,2,1,2,1,2,2,8,1,1,2,2,2,4,8,1,6,1,3,5,2,2,2,2,2,4,2,8,1,6,1,1,6,6,7,2,3,3,3,3,5,5,5,5,3,5,5,5,3,3,3,3,3,5,5,5,5,3,2,3,3,2,2,3,3,3,3,3,5,3,2,2,3,3,3,3,3,3,3,2,4,4,4,2,3,3,3,3,8,1,6,3,3,3,4,3,3,3,3,3,3,3,3,3,3,1,1,1,3,3,3,6,6,6,6,6,6,6,6,7,7,7,7,7,7,7,7","0.00101113319396973","fast_greedy","edit-xhwikibooks.graphml"
"0","0.35","0.65","0.682685185185185","7,7,7,7,7,7,7,7,1,10,9,3,7,1,1,4,10,9,6,3,2,5,1,7,1,1,1,4,7,10,9,6,3,3,6,6,8,1,2,2,2,2,5,5,5,5,2,5,5,5,2,2,2,2,2,5,5,5,5,2,1,2,2,7,1,2,2,2,2,2,5,2,1,1,2,2,2,2,2,2,2,1,4,4,4,7,2,2,2,2,10,9,6,2,2,2,4,2,2,2,2,2,2,2,2,2,2,3,3,3,2,2,2,6,6,6,6,6,6,6,6,8,8,8,8,8,8,8,8","0.00115203857421875","fast_greedy","edit-xhwikibooks.graphml"
"0.34","0","0.66","0.706884169488048","2,2,2,2,1,2,1,2,2,8,1,1,2,2,2,4,8,1,6,1,3,5,2,2,2,2,2,4,2,8,1,6,1,1,6,6,7,2,3,3,3,3,5,5,5,5,3,5,5,5,3,3,3,3,3,5,5,5,5,3,2,3,3,2,2,3,3,3,3,3,5,3,2,2,3,3,3,3,3,3,3,2,4,4,4,2,3,3,3,3,8,1,6,3,3,3,4,3,3,3,3,3,3,3,3,3,3,1,1,1,3,3,3,6,6,6,6,6,6,6,6,7,7,7,7,7,7,7,7","0.000964164733886719","fast_greedy","edit-xhwikibooks.graphml"
"0.33","0.01","0.66","0.706884169488048","2,2,2,2,1,2,1,2,2,8,1,1,2,2,2,4,8,1,6,1,3,5,2,2,2,2,2,4,2,8,1,6,1,1,6,6,7,2,3,3,3,3,5,5,5,5,3,5,5,5,3,3,3,3,3,5,5,5,5,3,2,3,3,2,2,3,3,3,3,3,5,3,2,2,3,3,3,3,3,3,3,2,4,4,4,2,3,3,3,3,8,1,6,3,3,3,4,3,3,3,3,3,3,3,3,3,3,1,1,1,3,3,3,6,6,6,6,6,6,6,6,7,7,7,7,7,7,7,7","0.000967979431152344","fast_greedy","edit-xhwikibooks.graphml"
"0.32","0.02","0.66","0.706884169488048","2,2,2,2,1,2,1,2,2,8,1,1,2,2,2,4,8,1,6,1,3,5,2,2,2,2,2,4,2,8,1,6,1,1,6,6,7,2,3,3,3,3,5,5,5,5,3,5,5,5,3,3,3,3,3,5,5,5,5,3,2,3,3,2,2,3,3,3,3,3,5,3,2,2,3,3,3,3,3,3,3,2,4,4,4,2,3,3,3,3,8,1,6,3,3,3,4,3,3,3,3,3,3,3,3,3,3,1,1,1,3,3,3,6,6,6,6,6,6,6,6,7,7,7,7,7,7,7,7","0.00097203254699707","fast_greedy","edit-xhwikibooks.graphml"
"0.31","0.03","0.66","0.706884169488048","2,2,2,2,1,2,1,2,2,8,1,1,2,2,2,4,8,1,6,1,3,5,2,2,2,2,2,4,2,8,1,6,1,1,6,6,7,2,3,3,3,3,5,5,5,5,3,5,5,5,3,3,3,3,3,5,5,5,5,3,2,3,3,2,2,3,3,3,3,3,5,3,2,2,3,3,3,3,3,3,3,2,4,4,4,2,3,3,3,3,8,1,6,3,3,3,4,3,3,3,3,3,3,3,3,3,3,1,1,1,3,3,3,6,6,6,6,6,6,6,6,7,7,7,7,7,7,7,7","0.000962018966674805","fast_greedy","edit-xhwikibooks.graphml"
"0.3","0.04","0.66","0.706884169488048","2,2,2,2,1,2,1,2,2,8,1,1,2,2,2,4,8,1,6,1,3,5,2,2,2,2,2,4,2,8,1,6,1,1,6,6,7,2,3,3,3,3,5,5,5,5,3,5,5,5,3,3,3,3,3,5,5,5,5,3,2,3,3,2,2,3,3,3,3,3,5,3,2,2,3,3,3,3,3,3,3,2,4,4,4,2,3,3,3,3,8,1,6,3,3,3,4,3,3,3,3,3,3,3,3,3,3,1,1,1,3,3,3,6,6,6,6,6,6,6,6,7,7,7,7,7,7,7,7","0.000963926315307617","fast_greedy","edit-xhwikibooks.graphml"
"0.29","0.05","0.66","0.706884169488048","2,2,2,2,1,2,1,2,2,8,1,1,2,2,2,4,8,1,6,1,3,5,2,2,2,2,2,4,2,8,1,6,1,1,6,6,7,2,3,3,3,3,5,5,5,5,3,5,5,5,3,3,3,3,3,5,5,5,5,3,2,3,3,2,2,3,3,3,3,3,5,3,2,2,3,3,3,3,3,3,3,2,4,4,4,2,3,3,3,3,8,1,6,3,3,3,4,3,3,3,3,3,3,3,3,3,3,1,1,1,3,3,3,6,6,6,6,6,6,6,6,7,7,7,7,7,7,7,7","0.000961780548095703","fast_greedy","edit-xhwikibooks.graphml"
"0.28","0.06","0.66","0.706884169488048","2,2,2,2,1,2,1,2,2,8,1,1,2,2,2,4,8,1,6,1,3,5,2,2,2,2,2,4,2,8,1,6,1,1,6,6,7,2,3,3,3,3,5,5,5,5,3,5,5,5,3,3,3,3,3,5,5,5,5,3,2,3,3,2,2,3,3,3,3,3,5,3,2,2,3,3,3,3,3,3,3,2,4,4,4,2,3,3,3,3,8,1,6,3,3,3,4,3,3,3,3,3,3,3,3,3,3,1,1,1,3,3,3,6,6,6,6,6,6,6,6,7,7,7,7,7,7,7,7","0.000948190689086914","fast_greedy","edit-xhwikibooks.graphml"
"0.27","0.07","0.66","0.706884169488048","2,2,2,2,1,2,1,2,2,8,1,1,2,2,2,4,8,1,6,1,3,5,2,2,2,2,2,4,2,8,1,6,1,1,6,6,7,2,3,3,3,3,5,5,5,5,3,5,5,5,3,3,3,3,3,5,5,5,5,3,2,3,3,2,2,3,3,3,3,3,5,3,2,2,3,3,3,3,3,3,3,2,4,4,4,2,3,3,3,3,8,1,6,3,3,3,4,3,3,3,3,3,3,3,3,3,3,1,1,1,3,3,3,6,6,6,6,6,6,6,6,7,7,7,7,7,7,7,7","0.000935077667236328","fast_greedy","edit-xhwikibooks.graphml"
"0.26","0.08","0.66","0.706884169488048","2,2,2,2,1,2,1,2,2,8,1,1,2,2,2,4,8,1,6,1,3,5,2,2,2,2,2,4,2,8,1,6,1,1,6,6,7,2,3,3,3,3,5,5,5,5,3,5,5,5,3,3,3,3,3,5,5,5,5,3,2,3,3,2,2,3,3,3,3,3,5,3,2,2,3,3,3,3,3,3,3,2,4,4,4,2,3,3,3,3,8,1,6,3,3,3,4,3,3,3,3,3,3,3,3,3,3,1,1,1,3,3,3,6,6,6,6,6,6,6,6,7,7,7,7,7,7,7,7","0.000935077667236328","fast_greedy","edit-xhwikibooks.graphml"
"0.25","0.09","0.66","0.706884169488048","2,2,2,2,1,2,1,2,2,8,1,1,2,2,2,4,8,1,6,1,3,5,2,2,2,2,2,4,2,8,1,6,1,1,6,6,7,2,3,3,3,3,5,5,5,5,3,5,5,5,3,3,3,3,3,5,5,5,5,3,2,3,3,2,2,3,3,3,3,3,5,3,2,2,3,3,3,3,3,3,3,2,4,4,4,2,3,3,3,3,8,1,6,3,3,3,4,3,3,3,3,3,3,3,3,3,3,1,1,1,3,3,3,6,6,6,6,6,6,6,6,7,7,7,7,7,7,7,7","0.000946044921875","fast_greedy","edit-xhwikibooks.graphml"
"0.24","0.1","0.66","0.706884169488048","2,2,2,2,1,2,1,2,2,8,1,1,2,2,2,4,8,1,6,1,3,5,2,2,2,2,2,4,2,8,1,6,1,1,6,6,7,2,3,3,3,3,5,5,5,5,3,5,5,5,3,3,3,3,3,5,5,5,5,3,2,3,3,2,2,3,3,3,3,3,5,3,2,2,3,3,3,3,3,3,3,2,4,4,4,2,3,3,3,3,8,1,6,3,3,3,4,3,3,3,3,3,3,3,3,3,3,1,1,1,3,3,3,6,6,6,6,6,6,6,6,7,7,7,7,7,7,7,7","0.00116395950317383","fast_greedy","edit-xhwikibooks.graphml"
"0.23","0.11","0.66","0.706884169488048","2,2,2,2,1,2,1,2,2,8,1,1,2,2,2,4,8,1,6,1,3,5,2,2,2,2,2,4,2,8,1,6,1,1,6,6,7,2,3,3,3,3,5,5,5,5,3,5,5,5,3,3,3,3,3,5,5,5,5,3,2,3,3,2,2,3,3,3,3,3,5,3,2,2,3,3,3,3,3,3,3,2,4,4,4,2,3,3,3,3,8,1,6,3,3,3,4,3,3,3,3,3,3,3,3,3,3,1,1,1,3,3,3,6,6,6,6,6,6,6,6,7,7,7,7,7,7,7,7","0.000941991806030273","fast_greedy","edit-xhwikibooks.graphml"
"0.22","0.12","0.66","0.706884169488048","2,2,2,2,1,2,1,2,2,8,1,1,2,2,2,4,8,1,6,1,3,5,2,2,2,2,2,4,2,8,1,6,1,1,6,6,7,2,3,3,3,3,5,5,5,5,3,5,5,5,3,3,3,3,3,5,5,5,5,3,2,3,3,2,2,3,3,3,3,3,5,3,2,2,3,3,3,3,3,3,3,2,4,4,4,2,3,3,3,3,8,1,6,3,3,3,4,3,3,3,3,3,3,3,3,3,3,1,1,1,3,3,3,6,6,6,6,6,6,6,6,7,7,7,7,7,7,7,7","0.000952005386352539","fast_greedy","edit-xhwikibooks.graphml"
"0.21","0.13","0.66","0.706884169488048","2,2,2,2,1,2,1,2,2,8,1,1,2,2,2,4,8,1,6,1,3,5,2,2,2,2,2,4,2,8,1,6,1,1,6,6,7,2,3,3,3,3,5,5,5,5,3,5,5,5,3,3,3,3,3,5,5,5,5,3,2,3,3,2,2,3,3,3,3,3,5,3,2,2,3,3,3,3,3,3,3,2,4,4,4,2,3,3,3,3,8,1,6,3,3,3,4,3,3,3,3,3,3,3,3,3,3,1,1,1,3,3,3,6,6,6,6,6,6,6,6,7,7,7,7,7,7,7,7","0.000969886779785156","fast_greedy","edit-xhwikibooks.graphml"
"0.2","0.14","0.66","0.706884169488048","2,2,2,2,1,2,1,2,2,8,1,1,2,2,2,4,8,1,6,1,3,5,2,2,2,2,2,4,2,8,1,6,1,1,6,6,7,2,3,3,3,3,5,5,5,5,3,5,5,5,3,3,3,3,3,5,5,5,5,3,2,3,3,2,2,3,3,3,3,3,5,3,2,2,3,3,3,3,3,3,3,2,4,4,4,2,3,3,3,3,8,1,6,3,3,3,4,3,3,3,3,3,3,3,3,3,3,1,1,1,3,3,3,6,6,6,6,6,6,6,6,7,7,7,7,7,7,7,7","0.000954151153564453","fast_greedy","edit-xhwikibooks.graphml"
"0.19","0.15","0.66","0.706884169488048","2,2,2,2,1,2,1,2,2,8,1,1,2,2,2,4,8,1,6,1,3,5,2,2,2,2,2,4,2,8,1,6,1,1,6,6,7,2,3,3,3,3,5,5,5,5,3,5,5,5,3,3,3,3,3,5,5,5,5,3,2,3,3,2,2,3,3,3,3,3,5,3,2,2,3,3,3,3,3,3,3,2,4,4,4,2,3,3,3,3,8,1,6,3,3,3,4,3,3,3,3,3,3,3,3,3,3,1,1,1,3,3,3,6,6,6,6,6,6,6,6,7,7,7,7,7,7,7,7","0.000956058502197266","fast_greedy","edit-xhwikibooks.graphml"
"0.18","0.16","0.66","0.706884169488048","2,2,2,2,1,2,1,2,2,8,1,1,2,2,2,4,8,1,6,1,3,5,2,2,2,2,2,4,2,8,1,6,1,1,6,6,7,2,3,3,3,3,5,5,5,5,3,5,5,5,3,3,3,3,3,5,5,5,5,3,2,3,3,2,2,3,3,3,3,3,5,3,2,2,3,3,3,3,3,3,3,2,4,4,4,2,3,3,3,3,8,1,6,3,3,3,4,3,3,3,3,3,3,3,3,3,3,1,1,1,3,3,3,6,6,6,6,6,6,6,6,7,7,7,7,7,7,7,7","0.000962972640991211","fast_greedy","edit-xhwikibooks.graphml"
"0.17","0.17","0.66","0.708355868036777","2,2,2,2,1,2,1,2,2,8,1,1,2,2,2,4,8,1,6,1,3,5,2,2,2,2,2,4,2,8,1,6,1,1,6,6,7,2,3,3,3,3,5,5,5,5,3,5,5,5,3,3,3,3,3,5,5,5,5,3,2,3,3,2,2,3,3,3,3,3,5,3,2,2,3,3,3,3,3,3,3,2,4,4,4,2,3,3,3,3,8,1,6,3,3,3,4,3,3,3,3,3,3,3,3,3,3,1,1,1,3,3,3,6,6,6,6,6,6,6,6,7,7,7,7,7,7,7,7","0.000963926315307617","fast_greedy","edit-xhwikibooks.graphml"
"0.16","0.18","0.66","0.708355868036777","2,2,2,2,1,2,1,2,2,8,1,1,2,2,2,4,8,1,6,1,3,5,2,2,2,2,2,4,2,8,1,6,1,1,6,6,7,2,3,3,3,3,5,5,5,5,3,5,5,5,3,3,3,3,3,5,5,5,5,3,2,3,3,2,2,3,3,3,3,3,5,3,2,2,3,3,3,3,3,3,3,2,4,4,4,2,3,3,3,3,8,1,6,3,3,3,4,3,3,3,3,3,3,3,3,3,3,1,1,1,3,3,3,6,6,6,6,6,6,6,6,7,7,7,7,7,7,7,7","0.000967979431152344","fast_greedy","edit-xhwikibooks.graphml"
"0.15","0.19","0.66","0.708355868036777","2,2,2,2,1,2,1,2,2,8,1,1,2,2,2,4,8,1,6,1,3,5,2,2,2,2,2,4,2,8,1,6,1,1,6,6,7,2,3,3,3,3,5,5,5,5,3,5,5,5,3,3,3,3,3,5,5,5,5,3,2,3,3,2,2,3,3,3,3,3,5,3,2,2,3,3,3,3,3,3,3,2,4,4,4,2,3,3,3,3,8,1,6,3,3,3,4,3,3,3,3,3,3,3,3,3,3,1,1,1,3,3,3,6,6,6,6,6,6,6,6,7,7,7,7,7,7,7,7","0.000954151153564453","fast_greedy","edit-xhwikibooks.graphml"
"0.14","0.2","0.66","0.708355868036777","2,2,2,2,1,2,1,2,2,8,1,1,2,2,2,4,8,1,6,1,3,5,2,2,2,2,2,4,2,8,1,6,1,1,6,6,7,2,3,3,3,3,5,5,5,5,3,5,5,5,3,3,3,3,3,5,5,5,5,3,2,3,3,2,2,3,3,3,3,3,5,3,2,2,3,3,3,3,3,3,3,2,4,4,4,2,3,3,3,3,8,1,6,3,3,3,4,3,3,3,3,3,3,3,3,3,3,1,1,1,3,3,3,6,6,6,6,6,6,6,6,7,7,7,7,7,7,7,7","0.000944137573242188","fast_greedy","edit-xhwikibooks.graphml"
"0.13","0.21","0.66","0.708355868036777","2,2,2,2,1,2,1,2,2,8,1,1,2,2,2,4,8,1,6,1,3,5,2,2,2,2,2,4,2,8,1,6,1,1,6,6,7,2,3,3,3,3,5,5,5,5,3,5,5,5,3,3,3,3,3,5,5,5,5,3,2,3,3,2,2,3,3,3,3,3,5,3,2,2,3,3,3,3,3,3,3,2,4,4,4,2,3,3,3,3,8,1,6,3,3,3,4,3,3,3,3,3,3,3,3,3,3,1,1,1,3,3,3,6,6,6,6,6,6,6,6,7,7,7,7,7,7,7,7","0.000954151153564453","fast_greedy","edit-xhwikibooks.graphml"
"0.12","0.22","0.66","0.708355868036777","2,2,2,2,1,2,1,2,2,8,1,1,2,2,2,4,8,1,6,1,3,5,2,2,2,2,2,4,2,8,1,6,1,1,6,6,7,2,3,3,3,3,5,5,5,5,3,5,5,5,3,3,3,3,3,5,5,5,5,3,2,3,3,2,2,3,3,3,3,3,5,3,2,2,3,3,3,3,3,3,3,2,4,4,4,2,3,3,3,3,8,1,6,3,3,3,4,3,3,3,3,3,3,3,3,3,3,1,1,1,3,3,3,6,6,6,6,6,6,6,6,7,7,7,7,7,7,7,7","0.000940084457397461","fast_greedy","edit-xhwikibooks.graphml"
"0.11","0.23","0.66","0.708355868036777","2,2,2,2,1,2,1,2,2,8,1,1,2,2,2,4,8,1,6,1,3,5,2,2,2,2,2,4,2,8,1,6,1,1,6,6,7,2,3,3,3,3,5,5,5,5,3,5,5,5,3,3,3,3,3,5,5,5,5,3,2,3,3,2,2,3,3,3,3,3,5,3,2,2,3,3,3,3,3,3,3,2,4,4,4,2,3,3,3,3,8,1,6,3,3,3,4,3,3,3,3,3,3,3,3,3,3,1,1,1,3,3,3,6,6,6,6,6,6,6,6,7,7,7,7,7,7,7,7","0.000951051712036133","fast_greedy","edit-xhwikibooks.graphml"
"0.1","0.24","0.66","0.708355868036777","2,2,2,2,1,2,1,2,2,8,1,1,2,2,2,4,8,1,6,1,3,5,2,2,2,2,2,4,2,8,1,6,1,1,6,6,7,2,3,3,3,3,5,5,5,5,3,5,5,5,3,3,3,3,3,5,5,5,5,3,2,3,3,2,2,3,3,3,3,3,5,3,2,2,3,3,3,3,3,3,3,2,4,4,4,2,3,3,3,3,8,1,6,3,3,3,4,3,3,3,3,3,3,3,3,3,3,1,1,1,3,3,3,6,6,6,6,6,6,6,6,7,7,7,7,7,7,7,7","0.000959873199462891","fast_greedy","edit-xhwikibooks.graphml"
"0.09","0.25","0.66","0.708355868036777","2,2,2,2,1,2,1,2,2,8,1,1,2,2,2,4,8,1,6,1,3,5,2,2,2,2,2,4,2,8,1,6,1,1,6,6,7,2,3,3,3,3,5,5,5,5,3,5,5,5,3,3,3,3,3,5,5,5,5,3,2,3,3,2,2,3,3,3,3,3,5,3,2,2,3,3,3,3,3,3,3,2,4,4,4,2,3,3,3,3,8,1,6,3,3,3,4,3,3,3,3,3,3,3,3,3,3,1,1,1,3,3,3,6,6,6,6,6,6,6,6,7,7,7,7,7,7,7,7","0.000977039337158203","fast_greedy","edit-xhwikibooks.graphml"
"0.08","0.26","0.66","0.708355868036777","2,2,2,2,1,2,1,2,2,8,1,1,2,2,2,4,8,1,6,1,3,5,2,2,2,2,2,4,2,8,1,6,1,1,6,6,7,2,3,3,3,3,5,5,5,5,3,5,5,5,3,3,3,3,3,5,5,5,5,3,2,3,3,2,2,3,3,3,3,3,5,3,2,2,3,3,3,3,3,3,3,2,4,4,4,2,3,3,3,3,8,1,6,3,3,3,4,3,3,3,3,3,3,3,3,3,3,1,1,1,3,3,3,6,6,6,6,6,6,6,6,7,7,7,7,7,7,7,7","0.00104379653930664","fast_greedy","edit-xhwikibooks.graphml"
"0.07","0.27","0.66","0.708355868036777","2,2,2,2,1,2,1,2,2,8,1,1,2,2,2,4,8,1,6,1,3,5,2,2,2,2,2,4,2,8,1,6,1,1,6,6,7,2,3,3,3,3,5,5,5,5,3,5,5,5,3,3,3,3,3,5,5,5,5,3,2,3,3,2,2,3,3,3,3,3,5,3,2,2,3,3,3,3,3,3,3,2,4,4,4,2,3,3,3,3,8,1,6,3,3,3,4,3,3,3,3,3,3,3,3,3,3,1,1,1,3,3,3,6,6,6,6,6,6,6,6,7,7,7,7,7,7,7,7","0.000977993011474609","fast_greedy","edit-xhwikibooks.graphml"
"0.06","0.28","0.66","0.708355868036777","2,2,2,2,1,2,1,2,2,8,1,1,2,2,2,4,8,1,6,1,3,5,2,2,2,2,2,4,2,8,1,6,1,1,6,6,7,2,3,3,3,3,5,5,5,5,3,5,5,5,3,3,3,3,3,5,5,5,5,3,2,3,3,2,2,3,3,3,3,3,5,3,2,2,3,3,3,3,3,3,3,2,4,4,4,2,3,3,3,3,8,1,6,3,3,3,4,3,3,3,3,3,3,3,3,3,3,1,1,1,3,3,3,6,6,6,6,6,6,6,6,7,7,7,7,7,7,7,7","0.00101900100708008","fast_greedy","edit-xhwikibooks.graphml"
"0.05","0.29","0.66","0.708355868036777","2,2,2,2,1,2,1,2,2,8,1,1,2,2,2,4,8,1,6,1,3,5,2,2,2,2,2,4,2,8,1,6,1,1,6,6,7,2,3,3,3,3,5,5,5,5,3,5,5,5,3,3,3,3,3,5,5,5,5,3,2,3,3,2,2,3,3,3,3,3,5,3,2,2,3,3,3,3,3,3,3,2,4,4,4,2,3,3,3,3,8,1,6,3,3,3,4,3,3,3,3,3,3,3,3,3,3,1,1,1,3,3,3,6,6,6,6,6,6,6,6,7,7,7,7,7,7,7,7","0.0009307861328125","fast_greedy","edit-xhwikibooks.graphml"
"0.04","0.3","0.66","0.708355868036777","2,2,2,2,1,2,1,2,2,8,1,1,2,2,2,4,8,1,6,1,3,5,2,2,2,2,2,4,2,8,1,6,1,1,6,6,7,2,3,3,3,3,5,5,5,5,3,5,5,5,3,3,3,3,3,5,5,5,5,3,2,3,3,2,2,3,3,3,3,3,5,3,2,2,3,3,3,3,3,3,3,2,4,4,4,2,3,3,3,3,8,1,6,3,3,3,4,3,3,3,3,3,3,3,3,3,3,1,1,1,3,3,3,6,6,6,6,6,6,6,6,7,7,7,7,7,7,7,7","0.000957965850830078","fast_greedy","edit-xhwikibooks.graphml"
"0.03","0.31","0.66","0.708355868036777","2,2,2,2,1,2,1,2,2,8,1,1,2,2,2,4,8,1,6,1,3,5,2,2,2,2,2,4,2,8,1,6,1,1,6,6,7,2,3,3,3,3,5,5,5,5,3,5,5,5,3,3,3,3,3,5,5,5,5,3,2,3,3,2,2,3,3,3,3,3,5,3,2,2,3,3,3,3,3,3,3,2,4,4,4,2,3,3,3,3,8,1,6,3,3,3,4,3,3,3,3,3,3,3,3,3,3,1,1,1,3,3,3,6,6,6,6,6,6,6,6,7,7,7,7,7,7,7,7","0.00114011764526367","fast_greedy","edit-xhwikibooks.graphml"
"0.02","0.32","0.66","0.708355868036777","2,2,2,2,1,2,1,2,2,8,1,1,2,2,2,4,8,1,6,1,3,5,2,2,2,2,2,4,2,8,1,6,1,1,6,6,7,2,3,3,3,3,5,5,5,5,3,5,5,5,3,3,3,3,3,5,5,5,5,3,2,3,3,2,2,3,3,3,3,3,5,3,2,2,3,3,3,3,3,3,3,2,4,4,4,2,3,3,3,3,8,1,6,3,3,3,4,3,3,3,3,3,3,3,3,3,3,1,1,1,3,3,3,6,6,6,6,6,6,6,6,7,7,7,7,7,7,7,7","0.000941038131713867","fast_greedy","edit-xhwikibooks.graphml"
"0.01","0.33","0.66","0.708355868036777","2,2,2,2,1,2,1,2,2,8,1,1,2,2,2,4,8,1,6,1,3,5,2,2,2,2,2,4,2,8,1,6,1,1,6,6,7,2,3,3,3,3,5,5,5,5,3,5,5,5,3,3,3,3,3,5,5,5,5,3,2,3,3,2,2,3,3,3,3,3,5,3,2,2,3,3,3,3,3,3,3,2,4,4,4,2,3,3,3,3,8,1,6,3,3,3,4,3,3,3,3,3,3,3,3,3,3,1,1,1,3,3,3,6,6,6,6,6,6,6,6,7,7,7,7,7,7,7,7","0.000969886779785156","fast_greedy","edit-xhwikibooks.graphml"
"0","0.34","0.66","0.682685185185185","7,7,7,7,7,7,7,7,1,10,9,3,7,1,1,4,10,9,6,3,2,5,1,7,1,1,1,4,7,10,9,6,3,3,6,6,8,1,2,2,2,2,5,5,5,5,2,5,5,5,2,2,2,2,2,5,5,5,5,2,1,2,2,7,1,2,2,2,2,2,5,2,1,1,2,2,2,2,2,2,2,1,4,4,4,7,2,2,2,2,10,9,6,2,2,2,4,2,2,2,2,2,2,2,2,2,2,3,3,3,2,2,2,6,6,6,6,6,6,6,6,8,8,8,8,8,8,8,8","0.000962018966674805","fast_greedy","edit-xhwikibooks.graphml"
"0.33","0","0.67","0.706884169488048","2,2,2,2,1,2,1,2,2,8,1,1,2,2,2,4,8,1,6,1,3,5,2,2,2,2,2,4,2,8,1,6,1,1,6,6,7,2,3,3,3,3,5,5,5,5,3,5,5,5,3,3,3,3,3,5,5,5,5,3,2,3,3,2,2,3,3,3,3,3,5,3,2,2,3,3,3,3,3,3,3,2,4,4,4,2,3,3,3,3,8,1,6,3,3,3,4,3,3,3,3,3,3,3,3,3,3,1,1,1,3,3,3,6,6,6,6,6,6,6,6,7,7,7,7,7,7,7,7","0.00098109245300293","fast_greedy","edit-xhwikibooks.graphml"
"0.32","0.01","0.67","0.706884169488048","2,2,2,2,1,2,1,2,2,8,1,1,2,2,2,4,8,1,6,1,3,5,2,2,2,2,2,4,2,8,1,6,1,1,6,6,7,2,3,3,3,3,5,5,5,5,3,5,5,5,3,3,3,3,3,5,5,5,5,3,2,3,3,2,2,3,3,3,3,3,5,3,2,2,3,3,3,3,3,3,3,2,4,4,4,2,3,3,3,3,8,1,6,3,3,3,4,3,3,3,3,3,3,3,3,3,3,1,1,1,3,3,3,6,6,6,6,6,6,6,6,7,7,7,7,7,7,7,7","0.000982046127319336","fast_greedy","edit-xhwikibooks.graphml"
"0.31","0.02","0.67","0.706884169488048","2,2,2,2,1,2,1,2,2,8,1,1,2,2,2,4,8,1,6,1,3,5,2,2,2,2,2,4,2,8,1,6,1,1,6,6,7,2,3,3,3,3,5,5,5,5,3,5,5,5,3,3,3,3,3,5,5,5,5,3,2,3,3,2,2,3,3,3,3,3,5,3,2,2,3,3,3,3,3,3,3,2,4,4,4,2,3,3,3,3,8,1,6,3,3,3,4,3,3,3,3,3,3,3,3,3,3,1,1,1,3,3,3,6,6,6,6,6,6,6,6,7,7,7,7,7,7,7,7","0.00096893310546875","fast_greedy","edit-xhwikibooks.graphml"
"0.3","0.03","0.67","0.706884169488048","2,2,2,2,1,2,1,2,2,8,1,1,2,2,2,4,8,1,6,1,3,5,2,2,2,2,2,4,2,8,1,6,1,1,6,6,7,2,3,3,3,3,5,5,5,5,3,5,5,5,3,3,3,3,3,5,5,5,5,3,2,3,3,2,2,3,3,3,3,3,5,3,2,2,3,3,3,3,3,3,3,2,4,4,4,2,3,3,3,3,8,1,6,3,3,3,4,3,3,3,3,3,3,3,3,3,3,1,1,1,3,3,3,6,6,6,6,6,6,6,6,7,7,7,7,7,7,7,7","0.00096583366394043","fast_greedy","edit-xhwikibooks.graphml"
"0.29","0.04","0.67","0.706884169488048","2,2,2,2,1,2,1,2,2,8,1,1,2,2,2,4,8,1,6,1,3,5,2,2,2,2,2,4,2,8,1,6,1,1,6,6,7,2,3,3,3,3,5,5,5,5,3,5,5,5,3,3,3,3,3,5,5,5,5,3,2,3,3,2,2,3,3,3,3,3,5,3,2,2,3,3,3,3,3,3,3,2,4,4,4,2,3,3,3,3,8,1,6,3,3,3,4,3,3,3,3,3,3,3,3,3,3,1,1,1,3,3,3,6,6,6,6,6,6,6,6,7,7,7,7,7,7,7,7","0.000955104827880859","fast_greedy","edit-xhwikibooks.graphml"
"0.28","0.05","0.67","0.706884169488048","2,2,2,2,1,2,1,2,2,8,1,1,2,2,2,4,8,1,6,1,3,5,2,2,2,2,2,4,2,8,1,6,1,1,6,6,7,2,3,3,3,3,5,5,5,5,3,5,5,5,3,3,3,3,3,5,5,5,5,3,2,3,3,2,2,3,3,3,3,3,5,3,2,2,3,3,3,3,3,3,3,2,4,4,4,2,3,3,3,3,8,1,6,3,3,3,4,3,3,3,3,3,3,3,3,3,3,1,1,1,3,3,3,6,6,6,6,6,6,6,6,7,7,7,7,7,7,7,7","0.000973939895629883","fast_greedy","edit-xhwikibooks.graphml"
"0.27","0.06","0.67","0.706884169488048","2,2,2,2,1,2,1,2,2,8,1,1,2,2,2,4,8,1,6,1,3,5,2,2,2,2,2,4,2,8,1,6,1,1,6,6,7,2,3,3,3,3,5,5,5,5,3,5,5,5,3,3,3,3,3,5,5,5,5,3,2,3,3,2,2,3,3,3,3,3,5,3,2,2,3,3,3,3,3,3,3,2,4,4,4,2,3,3,3,3,8,1,6,3,3,3,4,3,3,3,3,3,3,3,3,3,3,1,1,1,3,3,3,6,6,6,6,6,6,6,6,7,7,7,7,7,7,7,7","0.000989198684692383","fast_greedy","edit-xhwikibooks.graphml"
"0.26","0.07","0.67","0.706884169488048","2,2,2,2,1,2,1,2,2,8,1,1,2,2,2,4,8,1,6,1,3,5,2,2,2,2,2,4,2,8,1,6,1,1,6,6,7,2,3,3,3,3,5,5,5,5,3,5,5,5,3,3,3,3,3,5,5,5,5,3,2,3,3,2,2,3,3,3,3,3,5,3,2,2,3,3,3,3,3,3,3,2,4,4,4,2,3,3,3,3,8,1,6,3,3,3,4,3,3,3,3,3,3,3,3,3,3,1,1,1,3,3,3,6,6,6,6,6,6,6,6,7,7,7,7,7,7,7,7","0.00115799903869629","fast_greedy","edit-xhwikibooks.graphml"
"0.25","0.08","0.67","0.706884169488048","2,2,2,2,1,2,1,2,2,8,1,1,2,2,2,4,8,1,6,1,3,5,2,2,2,2,2,4,2,8,1,6,1,1,6,6,7,2,3,3,3,3,5,5,5,5,3,5,5,5,3,3,3,3,3,5,5,5,5,3,2,3,3,2,2,3,3,3,3,3,5,3,2,2,3,3,3,3,3,3,3,2,4,4,4,2,3,3,3,3,8,1,6,3,3,3,4,3,3,3,3,3,3,3,3,3,3,1,1,1,3,3,3,6,6,6,6,6,6,6,6,7,7,7,7,7,7,7,7","0.000948905944824219","fast_greedy","edit-xhwikibooks.graphml"
"0.24","0.09","0.67","0.706884169488048","2,2,2,2,1,2,1,2,2,8,1,1,2,2,2,4,8,1,6,1,3,5,2,2,2,2,2,4,2,8,1,6,1,1,6,6,7,2,3,3,3,3,5,5,5,5,3,5,5,5,3,3,3,3,3,5,5,5,5,3,2,3,3,2,2,3,3,3,3,3,5,3,2,2,3,3,3,3,3,3,3,2,4,4,4,2,3,3,3,3,8,1,6,3,3,3,4,3,3,3,3,3,3,3,3,3,3,1,1,1,3,3,3,6,6,6,6,6,6,6,6,7,7,7,7,7,7,7,7","0.000941991806030273","fast_greedy","edit-xhwikibooks.graphml"
"0.23","0.1","0.67","0.706884169488048","2,2,2,2,1,2,1,2,2,8,1,1,2,2,2,4,8,1,6,1,3,5,2,2,2,2,2,4,2,8,1,6,1,1,6,6,7,2,3,3,3,3,5,5,5,5,3,5,5,5,3,3,3,3,3,5,5,5,5,3,2,3,3,2,2,3,3,3,3,3,5,3,2,2,3,3,3,3,3,3,3,2,4,4,4,2,3,3,3,3,8,1,6,3,3,3,4,3,3,3,3,3,3,3,3,3,3,1,1,1,3,3,3,6,6,6,6,6,6,6,6,7,7,7,7,7,7,7,7","0.000957012176513672","fast_greedy","edit-xhwikibooks.graphml"
"0.22","0.11","0.67","0.706884169488048","2,2,2,2,1,2,1,2,2,8,1,1,2,2,2,4,8,1,6,1,3,5,2,2,2,2,2,4,2,8,1,6,1,1,6,6,7,2,3,3,3,3,5,5,5,5,3,5,5,5,3,3,3,3,3,5,5,5,5,3,2,3,3,2,2,3,3,3,3,3,5,3,2,2,3,3,3,3,3,3,3,2,4,4,4,2,3,3,3,3,8,1,6,3,3,3,4,3,3,3,3,3,3,3,3,3,3,1,1,1,3,3,3,6,6,6,6,6,6,6,6,7,7,7,7,7,7,7,7","0.000962018966674805","fast_greedy","edit-xhwikibooks.graphml"
"0.21","0.12","0.67","0.706884169488048","2,2,2,2,1,2,1,2,2,8,1,1,2,2,2,4,8,1,6,1,3,5,2,2,2,2,2,4,2,8,1,6,1,1,6,6,7,2,3,3,3,3,5,5,5,5,3,5,5,5,3,3,3,3,3,5,5,5,5,3,2,3,3,2,2,3,3,3,3,3,5,3,2,2,3,3,3,3,3,3,3,2,4,4,4,2,3,3,3,3,8,1,6,3,3,3,4,3,3,3,3,3,3,3,3,3,3,1,1,1,3,3,3,6,6,6,6,6,6,6,6,7,7,7,7,7,7,7,7","0.000967979431152344","fast_greedy","edit-xhwikibooks.graphml"
"0.2","0.13","0.67","0.706884169488048","2,2,2,2,1,2,1,2,2,8,1,1,2,2,2,4,8,1,6,1,3,5,2,2,2,2,2,4,2,8,1,6,1,1,6,6,7,2,3,3,3,3,5,5,5,5,3,5,5,5,3,3,3,3,3,5,5,5,5,3,2,3,3,2,2,3,3,3,3,3,5,3,2,2,3,3,3,3,3,3,3,2,4,4,4,2,3,3,3,3,8,1,6,3,3,3,4,3,3,3,3,3,3,3,3,3,3,1,1,1,3,3,3,6,6,6,6,6,6,6,6,7,7,7,7,7,7,7,7","0.00106406211853027","fast_greedy","edit-xhwikibooks.graphml"
"0.19","0.14","0.67","0.706884169488048","2,2,2,2,1,2,1,2,2,8,1,1,2,2,2,4,8,1,6,1,3,5,2,2,2,2,2,4,2,8,1,6,1,1,6,6,7,2,3,3,3,3,5,5,5,5,3,5,5,5,3,3,3,3,3,5,5,5,5,3,2,3,3,2,2,3,3,3,3,3,5,3,2,2,3,3,3,3,3,3,3,2,4,4,4,2,3,3,3,3,8,1,6,3,3,3,4,3,3,3,3,3,3,3,3,3,3,1,1,1,3,3,3,6,6,6,6,6,6,6,6,7,7,7,7,7,7,7,7","0.000957965850830078","fast_greedy","edit-xhwikibooks.graphml"
"0.18","0.15","0.67","0.706884169488048","2,2,2,2,1,2,1,2,2,8,1,1,2,2,2,4,8,1,6,1,3,5,2,2,2,2,2,4,2,8,1,6,1,1,6,6,7,2,3,3,3,3,5,5,5,5,3,5,5,5,3,3,3,3,3,5,5,5,5,3,2,3,3,2,2,3,3,3,3,3,5,3,2,2,3,3,3,3,3,3,3,2,4,4,4,2,3,3,3,3,8,1,6,3,3,3,4,3,3,3,3,3,3,3,3,3,3,1,1,1,3,3,3,6,6,6,6,6,6,6,6,7,7,7,7,7,7,7,7","0.000961065292358398","fast_greedy","edit-xhwikibooks.graphml"
"0.17","0.16","0.67","0.706884169488048","2,2,2,2,1,2,1,2,2,8,1,1,2,2,2,4,8,1,6,1,3,5,2,2,2,2,2,4,2,8,1,6,1,1,6,6,7,2,3,3,3,3,5,5,5,5,3,5,5,5,3,3,3,3,3,5,5,5,5,3,2,3,3,2,2,3,3,3,3,3,5,3,2,2,3,3,3,3,3,3,3,2,4,4,4,2,3,3,3,3,8,1,6,3,3,3,4,3,3,3,3,3,3,3,3,3,3,1,1,1,3,3,3,6,6,6,6,6,6,6,6,7,7,7,7,7,7,7,7","0.000967979431152344","fast_greedy","edit-xhwikibooks.graphml"
"0.16","0.17","0.67","0.708355868036777","2,2,2,2,1,2,1,2,2,8,1,1,2,2,2,4,8,1,6,1,3,5,2,2,2,2,2,4,2,8,1,6,1,1,6,6,7,2,3,3,3,3,5,5,5,5,3,5,5,5,3,3,3,3,3,5,5,5,5,3,2,3,3,2,2,3,3,3,3,3,5,3,2,2,3,3,3,3,3,3,3,2,4,4,4,2,3,3,3,3,8,1,6,3,3,3,4,3,3,3,3,3,3,3,3,3,3,1,1,1,3,3,3,6,6,6,6,6,6,6,6,7,7,7,7,7,7,7,7","0.000992059707641602","fast_greedy","edit-xhwikibooks.graphml"
"0.15","0.18","0.67","0.708355868036777","2,2,2,2,1,2,1,2,2,8,1,1,2,2,2,4,8,1,6,1,3,5,2,2,2,2,2,4,2,8,1,6,1,1,6,6,7,2,3,3,3,3,5,5,5,5,3,5,5,5,3,3,3,3,3,5,5,5,5,3,2,3,3,2,2,3,3,3,3,3,5,3,2,2,3,3,3,3,3,3,3,2,4,4,4,2,3,3,3,3,8,1,6,3,3,3,4,3,3,3,3,3,3,3,3,3,3,1,1,1,3,3,3,6,6,6,6,6,6,6,6,7,7,7,7,7,7,7,7","0.000931978225708008","fast_greedy","edit-xhwikibooks.graphml"
"0.14","0.19","0.67","0.708355868036777","2,2,2,2,1,2,1,2,2,8,1,1,2,2,2,4,8,1,6,1,3,5,2,2,2,2,2,4,2,8,1,6,1,1,6,6,7,2,3,3,3,3,5,5,5,5,3,5,5,5,3,3,3,3,3,5,5,5,5,3,2,3,3,2,2,3,3,3,3,3,5,3,2,2,3,3,3,3,3,3,3,2,4,4,4,2,3,3,3,3,8,1,6,3,3,3,4,3,3,3,3,3,3,3,3,3,3,1,1,1,3,3,3,6,6,6,6,6,6,6,6,7,7,7,7,7,7,7,7","0.000941038131713867","fast_greedy","edit-xhwikibooks.graphml"
"0.13","0.2","0.67","0.708355868036777","2,2,2,2,1,2,1,2,2,8,1,1,2,2,2,4,8,1,6,1,3,5,2,2,2,2,2,4,2,8,1,6,1,1,6,6,7,2,3,3,3,3,5,5,5,5,3,5,5,5,3,3,3,3,3,5,5,5,5,3,2,3,3,2,2,3,3,3,3,3,5,3,2,2,3,3,3,3,3,3,3,2,4,4,4,2,3,3,3,3,8,1,6,3,3,3,4,3,3,3,3,3,3,3,3,3,3,1,1,1,3,3,3,6,6,6,6,6,6,6,6,7,7,7,7,7,7,7,7","0.00096583366394043","fast_greedy","edit-xhwikibooks.graphml"
"0.12","0.21","0.67","0.708355868036777","2,2,2,2,1,2,1,2,2,8,1,1,2,2,2,4,8,1,6,1,3,5,2,2,2,2,2,4,2,8,1,6,1,1,6,6,7,2,3,3,3,3,5,5,5,5,3,5,5,5,3,3,3,3,3,5,5,5,5,3,2,3,3,2,2,3,3,3,3,3,5,3,2,2,3,3,3,3,3,3,3,2,4,4,4,2,3,3,3,3,8,1,6,3,3,3,4,3,3,3,3,3,3,3,3,3,3,1,1,1,3,3,3,6,6,6,6,6,6,6,6,7,7,7,7,7,7,7,7","0.000969171524047852","fast_greedy","edit-xhwikibooks.graphml"
"0.11","0.22","0.67","0.708355868036777","2,2,2,2,1,2,1,2,2,8,1,1,2,2,2,4,8,1,6,1,3,5,2,2,2,2,2,4,2,8,1,6,1,1,6,6,7,2,3,3,3,3,5,5,5,5,3,5,5,5,3,3,3,3,3,5,5,5,5,3,2,3,3,2,2,3,3,3,3,3,5,3,2,2,3,3,3,3,3,3,3,2,4,4,4,2,3,3,3,3,8,1,6,3,3,3,4,3,3,3,3,3,3,3,3,3,3,1,1,1,3,3,3,6,6,6,6,6,6,6,6,7,7,7,7,7,7,7,7","0.000950098037719727","fast_greedy","edit-xhwikibooks.graphml"
"0.1","0.23","0.67","0.708355868036777","2,2,2,2,1,2,1,2,2,8,1,1,2,2,2,4,8,1,6,1,3,5,2,2,2,2,2,4,2,8,1,6,1,1,6,6,7,2,3,3,3,3,5,5,5,5,3,5,5,5,3,3,3,3,3,5,5,5,5,3,2,3,3,2,2,3,3,3,3,3,5,3,2,2,3,3,3,3,3,3,3,2,4,4,4,2,3,3,3,3,8,1,6,3,3,3,4,3,3,3,3,3,3,3,3,3,3,1,1,1,3,3,3,6,6,6,6,6,6,6,6,7,7,7,7,7,7,7,7","0.00101494789123535","fast_greedy","edit-xhwikibooks.graphml"
"0.09","0.24","0.67","0.708355868036777","2,2,2,2,1,2,1,2,2,8,1,1,2,2,2,4,8,1,6,1,3,5,2,2,2,2,2,4,2,8,1,6,1,1,6,6,7,2,3,3,3,3,5,5,5,5,3,5,5,5,3,3,3,3,3,5,5,5,5,3,2,3,3,2,2,3,3,3,3,3,5,3,2,2,3,3,3,3,3,3,3,2,4,4,4,2,3,3,3,3,8,1,6,3,3,3,4,3,3,3,3,3,3,3,3,3,3,1,1,1,3,3,3,6,6,6,6,6,6,6,6,7,7,7,7,7,7,7,7","0.000926971435546875","fast_greedy","edit-xhwikibooks.graphml"
"0.08","0.25","0.67","0.708355868036777","2,2,2,2,1,2,1,2,2,8,1,1,2,2,2,4,8,1,6,1,3,5,2,2,2,2,2,4,2,8,1,6,1,1,6,6,7,2,3,3,3,3,5,5,5,5,3,5,5,5,3,3,3,3,3,5,5,5,5,3,2,3,3,2,2,3,3,3,3,3,5,3,2,2,3,3,3,3,3,3,3,2,4,4,4,2,3,3,3,3,8,1,6,3,3,3,4,3,3,3,3,3,3,3,3,3,3,1,1,1,3,3,3,6,6,6,6,6,6,6,6,7,7,7,7,7,7,7,7","0.000926017761230469","fast_greedy","edit-xhwikibooks.graphml"
"0.07","0.26","0.67","0.708355868036777","2,2,2,2,1,2,1,2,2,8,1,1,2,2,2,4,8,1,6,1,3,5,2,2,2,2,2,4,2,8,1,6,1,1,6,6,7,2,3,3,3,3,5,5,5,5,3,5,5,5,3,3,3,3,3,5,5,5,5,3,2,3,3,2,2,3,3,3,3,3,5,3,2,2,3,3,3,3,3,3,3,2,4,4,4,2,3,3,3,3,8,1,6,3,3,3,4,3,3,3,3,3,3,3,3,3,3,1,1,1,3,3,3,6,6,6,6,6,6,6,6,7,7,7,7,7,7,7,7","0.000919818878173828","fast_greedy","edit-xhwikibooks.graphml"
"0.06","0.27","0.67","0.708355868036777","2,2,2,2,1,2,1,2,2,8,1,1,2,2,2,4,8,1,6,1,3,5,2,2,2,2,2,4,2,8,1,6,1,1,6,6,7,2,3,3,3,3,5,5,5,5,3,5,5,5,3,3,3,3,3,5,5,5,5,3,2,3,3,2,2,3,3,3,3,3,5,3,2,2,3,3,3,3,3,3,3,2,4,4,4,2,3,3,3,3,8,1,6,3,3,3,4,3,3,3,3,3,3,3,3,3,3,1,1,1,3,3,3,6,6,6,6,6,6,6,6,7,7,7,7,7,7,7,7","0.000969886779785156","fast_greedy","edit-xhwikibooks.graphml"
"0.05","0.28","0.67","0.708355868036777","2,2,2,2,1,2,1,2,2,8,1,1,2,2,2,4,8,1,6,1,3,5,2,2,2,2,2,4,2,8,1,6,1,1,6,6,7,2,3,3,3,3,5,5,5,5,3,5,5,5,3,3,3,3,3,5,5,5,5,3,2,3,3,2,2,3,3,3,3,3,5,3,2,2,3,3,3,3,3,3,3,2,4,4,4,2,3,3,3,3,8,1,6,3,3,3,4,3,3,3,3,3,3,3,3,3,3,1,1,1,3,3,3,6,6,6,6,6,6,6,6,7,7,7,7,7,7,7,7","0.00103187561035156","fast_greedy","edit-xhwikibooks.graphml"
"0.04","0.29","0.67","0.708355868036777","2,2,2,2,1,2,1,2,2,8,1,1,2,2,2,4,8,1,6,1,3,5,2,2,2,2,2,4,2,8,1,6,1,1,6,6,7,2,3,3,3,3,5,5,5,5,3,5,5,5,3,3,3,3,3,5,5,5,5,3,2,3,3,2,2,3,3,3,3,3,5,3,2,2,3,3,3,3,3,3,3,2,4,4,4,2,3,3,3,3,8,1,6,3,3,3,4,3,3,3,3,3,3,3,3,3,3,1,1,1,3,3,3,6,6,6,6,6,6,6,6,7,7,7,7,7,7,7,7","0.000956058502197266","fast_greedy","edit-xhwikibooks.graphml"
"0.03","0.3","0.67","0.708355868036777","2,2,2,2,1,2,1,2,2,8,1,1,2,2,2,4,8,1,6,1,3,5,2,2,2,2,2,4,2,8,1,6,1,1,6,6,7,2,3,3,3,3,5,5,5,5,3,5,5,5,3,3,3,3,3,5,5,5,5,3,2,3,3,2,2,3,3,3,3,3,5,3,2,2,3,3,3,3,3,3,3,2,4,4,4,2,3,3,3,3,8,1,6,3,3,3,4,3,3,3,3,3,3,3,3,3,3,1,1,1,3,3,3,6,6,6,6,6,6,6,6,7,7,7,7,7,7,7,7","0.0013270378112793","fast_greedy","edit-xhwikibooks.graphml"
"0.02","0.31","0.67","0.708355868036777","2,2,2,2,1,2,1,2,2,8,1,1,2,2,2,4,8,1,6,1,3,5,2,2,2,2,2,4,2,8,1,6,1,1,6,6,7,2,3,3,3,3,5,5,5,5,3,5,5,5,3,3,3,3,3,5,5,5,5,3,2,3,3,2,2,3,3,3,3,3,5,3,2,2,3,3,3,3,3,3,3,2,4,4,4,2,3,3,3,3,8,1,6,3,3,3,4,3,3,3,3,3,3,3,3,3,3,1,1,1,3,3,3,6,6,6,6,6,6,6,6,7,7,7,7,7,7,7,7","0.000941038131713867","fast_greedy","edit-xhwikibooks.graphml"
"0.01","0.32","0.67","0.708355868036777","2,2,2,2,1,2,1,2,2,8,1,1,2,2,2,4,8,1,6,1,3,5,2,2,2,2,2,4,2,8,1,6,1,1,6,6,7,2,3,3,3,3,5,5,5,5,3,5,5,5,3,3,3,3,3,5,5,5,5,3,2,3,3,2,2,3,3,3,3,3,5,3,2,2,3,3,3,3,3,3,3,2,4,4,4,2,3,3,3,3,8,1,6,3,3,3,4,3,3,3,3,3,3,3,3,3,3,1,1,1,3,3,3,6,6,6,6,6,6,6,6,7,7,7,7,7,7,7,7","0.00094294548034668","fast_greedy","edit-xhwikibooks.graphml"
"0","0.33","0.67","0.682032395992634","7,7,7,7,7,7,7,7,1,10,9,3,7,1,1,4,10,9,6,3,2,5,1,7,1,1,1,4,7,10,9,6,3,3,6,6,8,1,2,2,2,2,5,5,5,5,2,5,5,5,2,2,2,2,2,5,5,5,5,2,1,2,2,7,1,2,2,2,2,2,5,2,1,1,2,2,2,2,2,2,2,1,4,4,4,7,2,2,2,2,10,9,6,2,2,2,4,2,2,2,2,2,2,2,2,2,2,3,3,3,2,2,2,6,6,6,6,6,6,6,6,8,8,8,8,8,8,8,8","0.000936031341552734","fast_greedy","edit-xhwikibooks.graphml"
"0.32","0","0.68","0.706884169488048","2,2,2,2,1,2,1,2,2,8,1,1,2,2,2,4,8,1,6,1,3,5,2,2,2,2,2,4,2,8,1,6,1,1,6,6,7,2,3,3,3,3,5,5,5,5,3,5,5,5,3,3,3,3,3,5,5,5,5,3,2,3,3,2,2,3,3,3,3,3,5,3,2,2,3,3,3,3,3,3,3,2,4,4,4,2,3,3,3,3,8,1,6,3,3,3,4,3,3,3,3,3,3,3,3,3,3,1,1,1,3,3,3,6,6,6,6,6,6,6,6,7,7,7,7,7,7,7,7","0.000962972640991211","fast_greedy","edit-xhwikibooks.graphml"
"0.31","0.01","0.68","0.706884169488048","2,2,2,2,1,2,1,2,2,8,1,1,2,2,2,4,8,1,6,1,3,5,2,2,2,2,2,4,2,8,1,6,1,1,6,6,7,2,3,3,3,3,5,5,5,5,3,5,5,5,3,3,3,3,3,5,5,5,5,3,2,3,3,2,2,3,3,3,3,3,5,3,2,2,3,3,3,3,3,3,3,2,4,4,4,2,3,3,3,3,8,1,6,3,3,3,4,3,3,3,3,3,3,3,3,3,3,1,1,1,3,3,3,6,6,6,6,6,6,6,6,7,7,7,7,7,7,7,7","0.000962018966674805","fast_greedy","edit-xhwikibooks.graphml"
"0.3","0.02","0.68","0.706884169488048","2,2,2,2,1,2,1,2,2,8,1,1,2,2,2,4,8,1,6,1,3,5,2,2,2,2,2,4,2,8,1,6,1,1,6,6,7,2,3,3,3,3,5,5,5,5,3,5,5,5,3,3,3,3,3,5,5,5,5,3,2,3,3,2,2,3,3,3,3,3,5,3,2,2,3,3,3,3,3,3,3,2,4,4,4,2,3,3,3,3,8,1,6,3,3,3,4,3,3,3,3,3,3,3,3,3,3,1,1,1,3,3,3,6,6,6,6,6,6,6,6,7,7,7,7,7,7,7,7","0.000975131988525391","fast_greedy","edit-xhwikibooks.graphml"
"0.29","0.03","0.68","0.706884169488048","2,2,2,2,1,2,1,2,2,8,1,1,2,2,2,4,8,1,6,1,3,5,2,2,2,2,2,4,2,8,1,6,1,1,6,6,7,2,3,3,3,3,5,5,5,5,3,5,5,5,3,3,3,3,3,5,5,5,5,3,2,3,3,2,2,3,3,3,3,3,5,3,2,2,3,3,3,3,3,3,3,2,4,4,4,2,3,3,3,3,8,1,6,3,3,3,4,3,3,3,3,3,3,3,3,3,3,1,1,1,3,3,3,6,6,6,6,6,6,6,6,7,7,7,7,7,7,7,7","0.000969171524047852","fast_greedy","edit-xhwikibooks.graphml"
"0.28","0.04","0.68","0.706884169488048","2,2,2,2,1,2,1,2,2,8,1,1,2,2,2,4,8,1,6,1,3,5,2,2,2,2,2,4,2,8,1,6,1,1,6,6,7,2,3,3,3,3,5,5,5,5,3,5,5,5,3,3,3,3,3,5,5,5,5,3,2,3,3,2,2,3,3,3,3,3,5,3,2,2,3,3,3,3,3,3,3,2,4,4,4,2,3,3,3,3,8,1,6,3,3,3,4,3,3,3,3,3,3,3,3,3,3,1,1,1,3,3,3,6,6,6,6,6,6,6,6,7,7,7,7,7,7,7,7","0.00100803375244141","fast_greedy","edit-xhwikibooks.graphml"
"0.27","0.05","0.68","0.706884169488048","2,2,2,2,1,2,1,2,2,8,1,1,2,2,2,4,8,1,6,1,3,5,2,2,2,2,2,4,2,8,1,6,1,1,6,6,7,2,3,3,3,3,5,5,5,5,3,5,5,5,3,3,3,3,3,5,5,5,5,3,2,3,3,2,2,3,3,3,3,3,5,3,2,2,3,3,3,3,3,3,3,2,4,4,4,2,3,3,3,3,8,1,6,3,3,3,4,3,3,3,3,3,3,3,3,3,3,1,1,1,3,3,3,6,6,6,6,6,6,6,6,7,7,7,7,7,7,7,7","0.00120115280151367","fast_greedy","edit-xhwikibooks.graphml"
"0.26","0.06","0.68","0.706884169488048","2,2,2,2,1,2,1,2,2,8,1,1,2,2,2,4,8,1,6,1,3,5,2,2,2,2,2,4,2,8,1,6,1,1,6,6,7,2,3,3,3,3,5,5,5,5,3,5,5,5,3,3,3,3,3,5,5,5,5,3,2,3,3,2,2,3,3,3,3,3,5,3,2,2,3,3,3,3,3,3,3,2,4,4,4,2,3,3,3,3,8,1,6,3,3,3,4,3,3,3,3,3,3,3,3,3,3,1,1,1,3,3,3,6,6,6,6,6,6,6,6,7,7,7,7,7,7,7,7","0.000988006591796875","fast_greedy","edit-xhwikibooks.graphml"
"0.25","0.07","0.68","0.706884169488048","2,2,2,2,1,2,1,2,2,8,1,1,2,2,2,4,8,1,6,1,3,5,2,2,2,2,2,4,2,8,1,6,1,1,6,6,7,2,3,3,3,3,5,5,5,5,3,5,5,5,3,3,3,3,3,5,5,5,5,3,2,3,3,2,2,3,3,3,3,3,5,3,2,2,3,3,3,3,3,3,3,2,4,4,4,2,3,3,3,3,8,1,6,3,3,3,4,3,3,3,3,3,3,3,3,3,3,1,1,1,3,3,3,6,6,6,6,6,6,6,6,7,7,7,7,7,7,7,7","0.00100898742675781","fast_greedy","edit-xhwikibooks.graphml"
"0.24","0.08","0.68","0.706884169488048","2,2,2,2,1,2,1,2,2,8,1,1,2,2,2,4,8,1,6,1,3,5,2,2,2,2,2,4,2,8,1,6,1,1,6,6,7,2,3,3,3,3,5,5,5,5,3,5,5,5,3,3,3,3,3,5,5,5,5,3,2,3,3,2,2,3,3,3,3,3,5,3,2,2,3,3,3,3,3,3,3,2,4,4,4,2,3,3,3,3,8,1,6,3,3,3,4,3,3,3,3,3,3,3,3,3,3,1,1,1,3,3,3,6,6,6,6,6,6,6,6,7,7,7,7,7,7,7,7","0.000984907150268555","fast_greedy","edit-xhwikibooks.graphml"
"0.23","0.09","0.68","0.706884169488048","2,2,2,2,1,2,1,2,2,8,1,1,2,2,2,4,8,1,6,1,3,5,2,2,2,2,2,4,2,8,1,6,1,1,6,6,7,2,3,3,3,3,5,5,5,5,3,5,5,5,3,3,3,3,3,5,5,5,5,3,2,3,3,2,2,3,3,3,3,3,5,3,2,2,3,3,3,3,3,3,3,2,4,4,4,2,3,3,3,3,8,1,6,3,3,3,4,3,3,3,3,3,3,3,3,3,3,1,1,1,3,3,3,6,6,6,6,6,6,6,6,7,7,7,7,7,7,7,7","0.00156211853027344","fast_greedy","edit-xhwikibooks.graphml"
"0.22","0.1","0.68","0.706884169488048","2,2,2,2,1,2,1,2,2,8,1,1,2,2,2,4,8,1,6,1,3,5,2,2,2,2,2,4,2,8,1,6,1,1,6,6,7,2,3,3,3,3,5,5,5,5,3,5,5,5,3,3,3,3,3,5,5,5,5,3,2,3,3,2,2,3,3,3,3,3,5,3,2,2,3,3,3,3,3,3,3,2,4,4,4,2,3,3,3,3,8,1,6,3,3,3,4,3,3,3,3,3,3,3,3,3,3,1,1,1,3,3,3,6,6,6,6,6,6,6,6,7,7,7,7,7,7,7,7","0.00132513046264648","fast_greedy","edit-xhwikibooks.graphml"
"0.21","0.11","0.68","0.706884169488048","2,2,2,2,1,2,1,2,2,8,1,1,2,2,2,4,8,1,6,1,3,5,2,2,2,2,2,4,2,8,1,6,1,1,6,6,7,2,3,3,3,3,5,5,5,5,3,5,5,5,3,3,3,3,3,5,5,5,5,3,2,3,3,2,2,3,3,3,3,3,5,3,2,2,3,3,3,3,3,3,3,2,4,4,4,2,3,3,3,3,8,1,6,3,3,3,4,3,3,3,3,3,3,3,3,3,3,1,1,1,3,3,3,6,6,6,6,6,6,6,6,7,7,7,7,7,7,7,7","0.00123882293701172","fast_greedy","edit-xhwikibooks.graphml"
"0.2","0.12","0.68","0.706884169488048","2,2,2,2,1,2,1,2,2,8,1,1,2,2,2,4,8,1,6,1,3,5,2,2,2,2,2,4,2,8,1,6,1,1,6,6,7,2,3,3,3,3,5,5,5,5,3,5,5,5,3,3,3,3,3,5,5,5,5,3,2,3,3,2,2,3,3,3,3,3,5,3,2,2,3,3,3,3,3,3,3,2,4,4,4,2,3,3,3,3,8,1,6,3,3,3,4,3,3,3,3,3,3,3,3,3,3,1,1,1,3,3,3,6,6,6,6,6,6,6,6,7,7,7,7,7,7,7,7","0.000954151153564453","fast_greedy","edit-xhwikibooks.graphml"
"0.19","0.13","0.68","0.706884169488048","2,2,2,2,1,2,1,2,2,8,1,1,2,2,2,4,8,1,6,1,3,5,2,2,2,2,2,4,2,8,1,6,1,1,6,6,7,2,3,3,3,3,5,5,5,5,3,5,5,5,3,3,3,3,3,5,5,5,5,3,2,3,3,2,2,3,3,3,3,3,5,3,2,2,3,3,3,3,3,3,3,2,4,4,4,2,3,3,3,3,8,1,6,3,3,3,4,3,3,3,3,3,3,3,3,3,3,1,1,1,3,3,3,6,6,6,6,6,6,6,6,7,7,7,7,7,7,7,7","0.000959157943725586","fast_greedy","edit-xhwikibooks.graphml"
"0.18","0.14","0.68","0.706884169488048","2,2,2,2,1,2,1,2,2,8,1,1,2,2,2,4,8,1,6,1,3,5,2,2,2,2,2,4,2,8,1,6,1,1,6,6,7,2,3,3,3,3,5,5,5,5,3,5,5,5,3,3,3,3,3,5,5,5,5,3,2,3,3,2,2,3,3,3,3,3,5,3,2,2,3,3,3,3,3,3,3,2,4,4,4,2,3,3,3,3,8,1,6,3,3,3,4,3,3,3,3,3,3,3,3,3,3,1,1,1,3,3,3,6,6,6,6,6,6,6,6,7,7,7,7,7,7,7,7","0.000970125198364258","fast_greedy","edit-xhwikibooks.graphml"
"0.17","0.15","0.68","0.706884169488048","2,2,2,2,1,2,1,2,2,8,1,1,2,2,2,4,8,1,6,1,3,5,2,2,2,2,2,4,2,8,1,6,1,1,6,6,7,2,3,3,3,3,5,5,5,5,3,5,5,5,3,3,3,3,3,5,5,5,5,3,2,3,3,2,2,3,3,3,3,3,5,3,2,2,3,3,3,3,3,3,3,2,4,4,4,2,3,3,3,3,8,1,6,3,3,3,4,3,3,3,3,3,3,3,3,3,3,1,1,1,3,3,3,6,6,6,6,6,6,6,6,7,7,7,7,7,7,7,7","0.00113797187805176","fast_greedy","edit-xhwikibooks.graphml"
"0.16","0.16","0.68","0.706884169488048","2,2,2,2,1,2,1,2,2,8,1,1,2,2,2,4,8,1,6,1,3,5,2,2,2,2,2,4,2,8,1,6,1,1,6,6,7,2,3,3,3,3,5,5,5,5,3,5,5,5,3,3,3,3,3,5,5,5,5,3,2,3,3,2,2,3,3,3,3,3,5,3,2,2,3,3,3,3,3,3,3,2,4,4,4,2,3,3,3,3,8,1,6,3,3,3,4,3,3,3,3,3,3,3,3,3,3,1,1,1,3,3,3,6,6,6,6,6,6,6,6,7,7,7,7,7,7,7,7","0.000958919525146484","fast_greedy","edit-xhwikibooks.graphml"
"0.15","0.17","0.68","0.708355868036777","2,2,2,2,1,2,1,2,2,8,1,1,2,2,2,4,8,1,6,1,3,5,2,2,2,2,2,4,2,8,1,6,1,1,6,6,7,2,3,3,3,3,5,5,5,5,3,5,5,5,3,3,3,3,3,5,5,5,5,3,2,3,3,2,2,3,3,3,3,3,5,3,2,2,3,3,3,3,3,3,3,2,4,4,4,2,3,3,3,3,8,1,6,3,3,3,4,3,3,3,3,3,3,3,3,3,3,1,1,1,3,3,3,6,6,6,6,6,6,6,6,7,7,7,7,7,7,7,7","0.000939130783081055","fast_greedy","edit-xhwikibooks.graphml"
"0.14","0.18","0.68","0.708355868036777","2,2,2,2,1,2,1,2,2,8,1,1,2,2,2,4,8,1,6,1,3,5,2,2,2,2,2,4,2,8,1,6,1,1,6,6,7,2,3,3,3,3,5,5,5,5,3,5,5,5,3,3,3,3,3,5,5,5,5,3,2,3,3,2,2,3,3,3,3,3,5,3,2,2,3,3,3,3,3,3,3,2,4,4,4,2,3,3,3,3,8,1,6,3,3,3,4,3,3,3,3,3,3,3,3,3,3,1,1,1,3,3,3,6,6,6,6,6,6,6,6,7,7,7,7,7,7,7,7","0.000925064086914062","fast_greedy","edit-xhwikibooks.graphml"
"0.13","0.19","0.68","0.708355868036777","2,2,2,2,1,2,1,2,2,8,1,1,2,2,2,4,8,1,6,1,3,5,2,2,2,2,2,4,2,8,1,6,1,1,6,6,7,2,3,3,3,3,5,5,5,5,3,5,5,5,3,3,3,3,3,5,5,5,5,3,2,3,3,2,2,3,3,3,3,3,5,3,2,2,3,3,3,3,3,3,3,2,4,4,4,2,3,3,3,3,8,1,6,3,3,3,4,3,3,3,3,3,3,3,3,3,3,1,1,1,3,3,3,6,6,6,6,6,6,6,6,7,7,7,7,7,7,7,7","0.000918865203857422","fast_greedy","edit-xhwikibooks.graphml"
"0.12","0.2","0.68","0.708355868036777","2,2,2,2,1,2,1,2,2,8,1,1,2,2,2,4,8,1,6,1,3,5,2,2,2,2,2,4,2,8,1,6,1,1,6,6,7,2,3,3,3,3,5,5,5,5,3,5,5,5,3,3,3,3,3,5,5,5,5,3,2,3,3,2,2,3,3,3,3,3,5,3,2,2,3,3,3,3,3,3,3,2,4,4,4,2,3,3,3,3,8,1,6,3,3,3,4,3,3,3,3,3,3,3,3,3,3,1,1,1,3,3,3,6,6,6,6,6,6,6,6,7,7,7,7,7,7,7,7","0.000926971435546875","fast_greedy","edit-xhwikibooks.graphml"
"0.11","0.21","0.68","0.708355868036777","2,2,2,2,1,2,1,2,2,8,1,1,2,2,2,4,8,1,6,1,3,5,2,2,2,2,2,4,2,8,1,6,1,1,6,6,7,2,3,3,3,3,5,5,5,5,3,5,5,5,3,3,3,3,3,5,5,5,5,3,2,3,3,2,2,3,3,3,3,3,5,3,2,2,3,3,3,3,3,3,3,2,4,4,4,2,3,3,3,3,8,1,6,3,3,3,4,3,3,3,3,3,3,3,3,3,3,1,1,1,3,3,3,6,6,6,6,6,6,6,6,7,7,7,7,7,7,7,7","0.000937938690185547","fast_greedy","edit-xhwikibooks.graphml"
"0.1","0.22","0.68","0.708355868036777","2,2,2,2,1,2,1,2,2,8,1,1,2,2,2,4,8,1,6,1,3,5,2,2,2,2,2,4,2,8,1,6,1,1,6,6,7,2,3,3,3,3,5,5,5,5,3,5,5,5,3,3,3,3,3,5,5,5,5,3,2,3,3,2,2,3,3,3,3,3,5,3,2,2,3,3,3,3,3,3,3,2,4,4,4,2,3,3,3,3,8,1,6,3,3,3,4,3,3,3,3,3,3,3,3,3,3,1,1,1,3,3,3,6,6,6,6,6,6,6,6,7,7,7,7,7,7,7,7","0.000921964645385742","fast_greedy","edit-xhwikibooks.graphml"
"0.09","0.23","0.68","0.708355868036777","2,2,2,2,1,2,1,2,2,8,1,1,2,2,2,4,8,1,6,1,3,5,2,2,2,2,2,4,2,8,1,6,1,1,6,6,7,2,3,3,3,3,5,5,5,5,3,5,5,5,3,3,3,3,3,5,5,5,5,3,2,3,3,2,2,3,3,3,3,3,5,3,2,2,3,3,3,3,3,3,3,2,4,4,4,2,3,3,3,3,8,1,6,3,3,3,4,3,3,3,3,3,3,3,3,3,3,1,1,1,3,3,3,6,6,6,6,6,6,6,6,7,7,7,7,7,7,7,7","0.000957965850830078","fast_greedy","edit-xhwikibooks.graphml"
"0.08","0.24","0.68","0.708355868036777","2,2,2,2,1,2,1,2,2,8,1,1,2,2,2,4,8,1,6,1,3,5,2,2,2,2,2,4,2,8,1,6,1,1,6,6,7,2,3,3,3,3,5,5,5,5,3,5,5,5,3,3,3,3,3,5,5,5,5,3,2,3,3,2,2,3,3,3,3,3,5,3,2,2,3,3,3,3,3,3,3,2,4,4,4,2,3,3,3,3,8,1,6,3,3,3,4,3,3,3,3,3,3,3,3,3,3,1,1,1,3,3,3,6,6,6,6,6,6,6,6,7,7,7,7,7,7,7,7","0.000928163528442383","fast_greedy","edit-xhwikibooks.graphml"
"0.07","0.25","0.68","0.708355868036777","2,2,2,2,1,2,1,2,2,8,1,1,2,2,2,4,8,1,6,1,3,5,2,2,2,2,2,4,2,8,1,6,1,1,6,6,7,2,3,3,3,3,5,5,5,5,3,5,5,5,3,3,3,3,3,5,5,5,5,3,2,3,3,2,2,3,3,3,3,3,5,3,2,2,3,3,3,3,3,3,3,2,4,4,4,2,3,3,3,3,8,1,6,3,3,3,4,3,3,3,3,3,3,3,3,3,3,1,1,1,3,3,3,6,6,6,6,6,6,6,6,7,7,7,7,7,7,7,7","0.001068115234375","fast_greedy","edit-xhwikibooks.graphml"
"0.06","0.26","0.68","0.708355868036777","2,2,2,2,1,2,1,2,2,8,1,1,2,2,2,4,8,1,6,1,3,5,2,2,2,2,2,4,2,8,1,6,1,1,6,6,7,2,3,3,3,3,5,5,5,5,3,5,5,5,3,3,3,3,3,5,5,5,5,3,2,3,3,2,2,3,3,3,3,3,5,3,2,2,3,3,3,3,3,3,3,2,4,4,4,2,3,3,3,3,8,1,6,3,3,3,4,3,3,3,3,3,3,3,3,3,3,1,1,1,3,3,3,6,6,6,6,6,6,6,6,7,7,7,7,7,7,7,7","0.000932931900024414","fast_greedy","edit-xhwikibooks.graphml"
"0.05","0.27","0.68","0.708355868036777","2,2,2,2,1,2,1,2,2,8,1,1,2,2,2,4,8,1,6,1,3,5,2,2,2,2,2,4,2,8,1,6,1,1,6,6,7,2,3,3,3,3,5,5,5,5,3,5,5,5,3,3,3,3,3,5,5,5,5,3,2,3,3,2,2,3,3,3,3,3,5,3,2,2,3,3,3,3,3,3,3,2,4,4,4,2,3,3,3,3,8,1,6,3,3,3,4,3,3,3,3,3,3,3,3,3,3,1,1,1,3,3,3,6,6,6,6,6,6,6,6,7,7,7,7,7,7,7,7","0.000935077667236328","fast_greedy","edit-xhwikibooks.graphml"
"0.04","0.28","0.68","0.708355868036777","2,2,2,2,1,2,1,2,2,8,1,1,2,2,2,4,8,1,6,1,3,5,2,2,2,2,2,4,2,8,1,6,1,1,6,6,7,2,3,3,3,3,5,5,5,5,3,5,5,5,3,3,3,3,3,5,5,5,5,3,2,3,3,2,2,3,3,3,3,3,5,3,2,2,3,3,3,3,3,3,3,2,4,4,4,2,3,3,3,3,8,1,6,3,3,3,4,3,3,3,3,3,3,3,3,3,3,1,1,1,3,3,3,6,6,6,6,6,6,6,6,7,7,7,7,7,7,7,7","0.000947952270507812","fast_greedy","edit-xhwikibooks.graphml"
"0.03","0.29","0.68","0.708355868036777","2,2,2,2,1,2,1,2,2,8,1,1,2,2,2,4,8,1,6,1,3,5,2,2,2,2,2,4,2,8,1,6,1,1,6,6,7,2,3,3,3,3,5,5,5,5,3,5,5,5,3,3,3,3,3,5,5,5,5,3,2,3,3,2,2,3,3,3,3,3,5,3,2,2,3,3,3,3,3,3,3,2,4,4,4,2,3,3,3,3,8,1,6,3,3,3,4,3,3,3,3,3,3,3,3,3,3,1,1,1,3,3,3,6,6,6,6,6,6,6,6,7,7,7,7,7,7,7,7","0.000937938690185547","fast_greedy","edit-xhwikibooks.graphml"
"0.02","0.3","0.68","0.708355868036777","2,2,2,2,1,2,1,2,2,8,1,1,2,2,2,4,8,1,6,1,3,5,2,2,2,2,2,4,2,8,1,6,1,1,6,6,7,2,3,3,3,3,5,5,5,5,3,5,5,5,3,3,3,3,3,5,5,5,5,3,2,3,3,2,2,3,3,3,3,3,5,3,2,2,3,3,3,3,3,3,3,2,4,4,4,2,3,3,3,3,8,1,6,3,3,3,4,3,3,3,3,3,3,3,3,3,3,1,1,1,3,3,3,6,6,6,6,6,6,6,6,7,7,7,7,7,7,7,7","0.000950098037719727","fast_greedy","edit-xhwikibooks.graphml"
"0.01","0.31","0.68","0.708355868036777","2,2,2,2,1,2,1,2,2,8,1,1,2,2,2,4,8,1,6,1,3,5,2,2,2,2,2,4,2,8,1,6,1,1,6,6,7,2,3,3,3,3,5,5,5,5,3,5,5,5,3,3,3,3,3,5,5,5,5,3,2,3,3,2,2,3,3,3,3,3,5,3,2,2,3,3,3,3,3,3,3,2,4,4,4,2,3,3,3,3,8,1,6,3,3,3,4,3,3,3,3,3,3,3,3,3,3,1,1,1,3,3,3,6,6,6,6,6,6,6,6,7,7,7,7,7,7,7,7","0.000950813293457031","fast_greedy","edit-xhwikibooks.graphml"
"0","0.32","0.68","0.682032395992634","7,7,7,7,7,7,7,7,1,10,9,3,7,1,1,4,10,9,6,3,2,5,1,7,1,1,1,4,7,10,9,6,3,3,6,6,8,1,2,2,2,2,5,5,5,5,2,5,5,5,2,2,2,2,2,5,5,5,5,2,1,2,2,7,1,2,2,2,2,2,5,2,1,1,2,2,2,2,2,2,2,1,4,4,4,7,2,2,2,2,10,9,6,2,2,2,4,2,2,2,2,2,2,2,2,2,2,3,3,3,2,2,2,6,6,6,6,6,6,6,6,8,8,8,8,8,8,8,8","0.000956058502197266","fast_greedy","edit-xhwikibooks.graphml"
"0.31","0","0.69","0.706884169488048","2,2,2,2,1,2,1,2,2,8,1,1,2,2,2,4,8,1,6,1,3,5,2,2,2,2,2,4,2,8,1,6,1,1,6,6,7,2,3,3,3,3,5,5,5,5,3,5,5,5,3,3,3,3,3,5,5,5,5,3,2,3,3,2,2,3,3,3,3,3,5,3,2,2,3,3,3,3,3,3,3,2,4,4,4,2,3,3,3,3,8,1,6,3,3,3,4,3,3,3,3,3,3,3,3,3,3,1,1,1,3,3,3,6,6,6,6,6,6,6,6,7,7,7,7,7,7,7,7","0.000988006591796875","fast_greedy","edit-xhwikibooks.graphml"
"0.3","0.01","0.69","0.706884169488048","2,2,2,2,1,2,1,2,2,8,1,1,2,2,2,4,8,1,6,1,3,5,2,2,2,2,2,4,2,8,1,6,1,1,6,6,7,2,3,3,3,3,5,5,5,5,3,5,5,5,3,3,3,3,3,5,5,5,5,3,2,3,3,2,2,3,3,3,3,3,5,3,2,2,3,3,3,3,3,3,3,2,4,4,4,2,3,3,3,3,8,1,6,3,3,3,4,3,3,3,3,3,3,3,3,3,3,1,1,1,3,3,3,6,6,6,6,6,6,6,6,7,7,7,7,7,7,7,7","0.000997066497802734","fast_greedy","edit-xhwikibooks.graphml"
"0.29","0.02","0.69","0.706884169488048","2,2,2,2,1,2,1,2,2,8,1,1,2,2,2,4,8,1,6,1,3,5,2,2,2,2,2,4,2,8,1,6,1,1,6,6,7,2,3,3,3,3,5,5,5,5,3,5,5,5,3,3,3,3,3,5,5,5,5,3,2,3,3,2,2,3,3,3,3,3,5,3,2,2,3,3,3,3,3,3,3,2,4,4,4,2,3,3,3,3,8,1,6,3,3,3,4,3,3,3,3,3,3,3,3,3,3,1,1,1,3,3,3,6,6,6,6,6,6,6,6,7,7,7,7,7,7,7,7","0.0010840892791748","fast_greedy","edit-xhwikibooks.graphml"
"0.28","0.03","0.69","0.706884169488048","2,2,2,2,1,2,1,2,2,8,1,1,2,2,2,4,8,1,6,1,3,5,2,2,2,2,2,4,2,8,1,6,1,1,6,6,7,2,3,3,3,3,5,5,5,5,3,5,5,5,3,3,3,3,3,5,5,5,5,3,2,3,3,2,2,3,3,3,3,3,5,3,2,2,3,3,3,3,3,3,3,2,4,4,4,2,3,3,3,3,8,1,6,3,3,3,4,3,3,3,3,3,3,3,3,3,3,1,1,1,3,3,3,6,6,6,6,6,6,6,6,7,7,7,7,7,7,7,7","0.00108218193054199","fast_greedy","edit-xhwikibooks.graphml"
"0.27","0.04","0.69","0.706884169488048","2,2,2,2,1,2,1,2,2,8,1,1,2,2,2,4,8,1,6,1,3,5,2,2,2,2,2,4,2,8,1,6,1,1,6,6,7,2,3,3,3,3,5,5,5,5,3,5,5,5,3,3,3,3,3,5,5,5,5,3,2,3,3,2,2,3,3,3,3,3,5,3,2,2,3,3,3,3,3,3,3,2,4,4,4,2,3,3,3,3,8,1,6,3,3,3,4,3,3,3,3,3,3,3,3,3,3,1,1,1,3,3,3,6,6,6,6,6,6,6,6,7,7,7,7,7,7,7,7","0.000983953475952148","fast_greedy","edit-xhwikibooks.graphml"
"0.26","0.05","0.69","0.706884169488048","2,2,2,2,1,2,1,2,2,8,1,1,2,2,2,4,8,1,6,1,3,5,2,2,2,2,2,4,2,8,1,6,1,1,6,6,7,2,3,3,3,3,5,5,5,5,3,5,5,5,3,3,3,3,3,5,5,5,5,3,2,3,3,2,2,3,3,3,3,3,5,3,2,2,3,3,3,3,3,3,3,2,4,4,4,2,3,3,3,3,8,1,6,3,3,3,4,3,3,3,3,3,3,3,3,3,3,1,1,1,3,3,3,6,6,6,6,6,6,6,6,7,7,7,7,7,7,7,7","0.000985860824584961","fast_greedy","edit-xhwikibooks.graphml"
"0.25","0.06","0.69","0.706884169488048","2,2,2,2,1,2,1,2,2,8,1,1,2,2,2,4,8,1,6,1,3,5,2,2,2,2,2,4,2,8,1,6,1,1,6,6,7,2,3,3,3,3,5,5,5,5,3,5,5,5,3,3,3,3,3,5,5,5,5,3,2,3,3,2,2,3,3,3,3,3,5,3,2,2,3,3,3,3,3,3,3,2,4,4,4,2,3,3,3,3,8,1,6,3,3,3,4,3,3,3,3,3,3,3,3,3,3,1,1,1,3,3,3,6,6,6,6,6,6,6,6,7,7,7,7,7,7,7,7","0.0010221004486084","fast_greedy","edit-xhwikibooks.graphml"
"0.24","0.07","0.69","0.706884169488048","2,2,2,2,1,2,1,2,2,8,1,1,2,2,2,4,8,1,6,1,3,5,2,2,2,2,2,4,2,8,1,6,1,1,6,6,7,2,3,3,3,3,5,5,5,5,3,5,5,5,3,3,3,3,3,5,5,5,5,3,2,3,3,2,2,3,3,3,3,3,5,3,2,2,3,3,3,3,3,3,3,2,4,4,4,2,3,3,3,3,8,1,6,3,3,3,4,3,3,3,3,3,3,3,3,3,3,1,1,1,3,3,3,6,6,6,6,6,6,6,6,7,7,7,7,7,7,7,7","0.00118494033813477","fast_greedy","edit-xhwikibooks.graphml"
"0.23","0.08","0.69","0.706884169488048","2,2,2,2,1,2,1,2,2,8,1,1,2,2,2,4,8,1,6,1,3,5,2,2,2,2,2,4,2,8,1,6,1,1,6,6,7,2,3,3,3,3,5,5,5,5,3,5,5,5,3,3,3,3,3,5,5,5,5,3,2,3,3,2,2,3,3,3,3,3,5,3,2,2,3,3,3,3,3,3,3,2,4,4,4,2,3,3,3,3,8,1,6,3,3,3,4,3,3,3,3,3,3,3,3,3,3,1,1,1,3,3,3,6,6,6,6,6,6,6,6,7,7,7,7,7,7,7,7","0.00121688842773438","fast_greedy","edit-xhwikibooks.graphml"
"0.22","0.09","0.69","0.706884169488048","2,2,2,2,1,2,1,2,2,8,1,1,2,2,2,4,8,1,6,1,3,5,2,2,2,2,2,4,2,8,1,6,1,1,6,6,7,2,3,3,3,3,5,5,5,5,3,5,5,5,3,3,3,3,3,5,5,5,5,3,2,3,3,2,2,3,3,3,3,3,5,3,2,2,3,3,3,3,3,3,3,2,4,4,4,2,3,3,3,3,8,1,6,3,3,3,4,3,3,3,3,3,3,3,3,3,3,1,1,1,3,3,3,6,6,6,6,6,6,6,6,7,7,7,7,7,7,7,7","0.00122594833374023","fast_greedy","edit-xhwikibooks.graphml"
"0.21","0.1","0.69","0.706884169488048","2,2,2,2,1,2,1,2,2,8,1,1,2,2,2,4,8,1,6,1,3,5,2,2,2,2,2,4,2,8,1,6,1,1,6,6,7,2,3,3,3,3,5,5,5,5,3,5,5,5,3,3,3,3,3,5,5,5,5,3,2,3,3,2,2,3,3,3,3,3,5,3,2,2,3,3,3,3,3,3,3,2,4,4,4,2,3,3,3,3,8,1,6,3,3,3,4,3,3,3,3,3,3,3,3,3,3,1,1,1,3,3,3,6,6,6,6,6,6,6,6,7,7,7,7,7,7,7,7","0.0515921115875244","fast_greedy","edit-xhwikibooks.graphml"
"0.2","0.11","0.69","0.706884169488048","2,2,2,2,1,2,1,2,2,8,1,1,2,2,2,4,8,1,6,1,3,5,2,2,2,2,2,4,2,8,1,6,1,1,6,6,7,2,3,3,3,3,5,5,5,5,3,5,5,5,3,3,3,3,3,5,5,5,5,3,2,3,3,2,2,3,3,3,3,3,5,3,2,2,3,3,3,3,3,3,3,2,4,4,4,2,3,3,3,3,8,1,6,3,3,3,4,3,3,3,3,3,3,3,3,3,3,1,1,1,3,3,3,6,6,6,6,6,6,6,6,7,7,7,7,7,7,7,7","0.00126099586486816","fast_greedy","edit-xhwikibooks.graphml"
"0.19","0.12","0.69","0.706884169488048","2,2,2,2,1,2,1,2,2,8,1,1,2,2,2,4,8,1,6,1,3,5,2,2,2,2,2,4,2,8,1,6,1,1,6,6,7,2,3,3,3,3,5,5,5,5,3,5,5,5,3,3,3,3,3,5,5,5,5,3,2,3,3,2,2,3,3,3,3,3,5,3,2,2,3,3,3,3,3,3,3,2,4,4,4,2,3,3,3,3,8,1,6,3,3,3,4,3,3,3,3,3,3,3,3,3,3,1,1,1,3,3,3,6,6,6,6,6,6,6,6,7,7,7,7,7,7,7,7","0.00139307975769043","fast_greedy","edit-xhwikibooks.graphml"
"0.18","0.13","0.69","0.706884169488048","2,2,2,2,1,2,1,2,2,8,1,1,2,2,2,4,8,1,6,1,3,5,2,2,2,2,2,4,2,8,1,6,1,1,6,6,7,2,3,3,3,3,5,5,5,5,3,5,5,5,3,3,3,3,3,5,5,5,5,3,2,3,3,2,2,3,3,3,3,3,5,3,2,2,3,3,3,3,3,3,3,2,4,4,4,2,3,3,3,3,8,1,6,3,3,3,4,3,3,3,3,3,3,3,3,3,3,1,1,1,3,3,3,6,6,6,6,6,6,6,6,7,7,7,7,7,7,7,7","0.00119709968566895","fast_greedy","edit-xhwikibooks.graphml"
"0.17","0.14","0.69","0.706884169488048","2,2,2,2,1,2,1,2,2,8,1,1,2,2,2,4,8,1,6,1,3,5,2,2,2,2,2,4,2,8,1,6,1,1,6,6,7,2,3,3,3,3,5,5,5,5,3,5,5,5,3,3,3,3,3,5,5,5,5,3,2,3,3,2,2,3,3,3,3,3,5,3,2,2,3,3,3,3,3,3,3,2,4,4,4,2,3,3,3,3,8,1,6,3,3,3,4,3,3,3,3,3,3,3,3,3,3,1,1,1,3,3,3,6,6,6,6,6,6,6,6,7,7,7,7,7,7,7,7","0.00118899345397949","fast_greedy","edit-xhwikibooks.graphml"
"0.16","0.15","0.69","0.706884169488048","2,2,2,2,1,2,1,2,2,8,1,1,2,2,2,4,8,1,6,1,3,5,2,2,2,2,2,4,2,8,1,6,1,1,6,6,7,2,3,3,3,3,5,5,5,5,3,5,5,5,3,3,3,3,3,5,5,5,5,3,2,3,3,2,2,3,3,3,3,3,5,3,2,2,3,3,3,3,3,3,3,2,4,4,4,2,3,3,3,3,8,1,6,3,3,3,4,3,3,3,3,3,3,3,3,3,3,1,1,1,3,3,3,6,6,6,6,6,6,6,6,7,7,7,7,7,7,7,7","0.0012209415435791","fast_greedy","edit-xhwikibooks.graphml"
"0.15","0.16","0.69","0.706884169488048","2,2,2,2,1,2,1,2,2,8,1,1,2,2,2,4,8,1,6,1,3,5,2,2,2,2,2,4,2,8,1,6,1,1,6,6,7,2,3,3,3,3,5,5,5,5,3,5,5,5,3,3,3,3,3,5,5,5,5,3,2,3,3,2,2,3,3,3,3,3,5,3,2,2,3,3,3,3,3,3,3,2,4,4,4,2,3,3,3,3,8,1,6,3,3,3,4,3,3,3,3,3,3,3,3,3,3,1,1,1,3,3,3,6,6,6,6,6,6,6,6,7,7,7,7,7,7,7,7","0.0011749267578125","fast_greedy","edit-xhwikibooks.graphml"
"0.14","0.17","0.69","0.708355868036777","2,2,2,2,1,2,1,2,2,8,1,1,2,2,2,4,8,1,6,1,3,5,2,2,2,2,2,4,2,8,1,6,1,1,6,6,7,2,3,3,3,3,5,5,5,5,3,5,5,5,3,3,3,3,3,5,5,5,5,3,2,3,3,2,2,3,3,3,3,3,5,3,2,2,3,3,3,3,3,3,3,2,4,4,4,2,3,3,3,3,8,1,6,3,3,3,4,3,3,3,3,3,3,3,3,3,3,1,1,1,3,3,3,6,6,6,6,6,6,6,6,7,7,7,7,7,7,7,7","0.00116991996765137","fast_greedy","edit-xhwikibooks.graphml"
"0.13","0.18","0.69","0.708355868036777","2,2,2,2,1,2,1,2,2,8,1,1,2,2,2,4,8,1,6,1,3,5,2,2,2,2,2,4,2,8,1,6,1,1,6,6,7,2,3,3,3,3,5,5,5,5,3,5,5,5,3,3,3,3,3,5,5,5,5,3,2,3,3,2,2,3,3,3,3,3,5,3,2,2,3,3,3,3,3,3,3,2,4,4,4,2,3,3,3,3,8,1,6,3,3,3,4,3,3,3,3,3,3,3,3,3,3,1,1,1,3,3,3,6,6,6,6,6,6,6,6,7,7,7,7,7,7,7,7","0.00124907493591309","fast_greedy","edit-xhwikibooks.graphml"
"0.12","0.19","0.69","0.708355868036777","2,2,2,2,1,2,1,2,2,8,1,1,2,2,2,4,8,1,6,1,3,5,2,2,2,2,2,4,2,8,1,6,1,1,6,6,7,2,3,3,3,3,5,5,5,5,3,5,5,5,3,3,3,3,3,5,5,5,5,3,2,3,3,2,2,3,3,3,3,3,5,3,2,2,3,3,3,3,3,3,3,2,4,4,4,2,3,3,3,3,8,1,6,3,3,3,4,3,3,3,3,3,3,3,3,3,3,1,1,1,3,3,3,6,6,6,6,6,6,6,6,7,7,7,7,7,7,7,7","0.0011601448059082","fast_greedy","edit-xhwikibooks.graphml"
"0.11","0.2","0.69","0.708355868036777","2,2,2,2,1,2,1,2,2,8,1,1,2,2,2,4,8,1,6,1,3,5,2,2,2,2,2,4,2,8,1,6,1,1,6,6,7,2,3,3,3,3,5,5,5,5,3,5,5,5,3,3,3,3,3,5,5,5,5,3,2,3,3,2,2,3,3,3,3,3,5,3,2,2,3,3,3,3,3,3,3,2,4,4,4,2,3,3,3,3,8,1,6,3,3,3,4,3,3,3,3,3,3,3,3,3,3,1,1,1,3,3,3,6,6,6,6,6,6,6,6,7,7,7,7,7,7,7,7","0.00114798545837402","fast_greedy","edit-xhwikibooks.graphml"
"0.1","0.21","0.69","0.708355868036777","2,2,2,2,1,2,1,2,2,8,1,1,2,2,2,4,8,1,6,1,3,5,2,2,2,2,2,4,2,8,1,6,1,1,6,6,7,2,3,3,3,3,5,5,5,5,3,5,5,5,3,3,3,3,3,5,5,5,5,3,2,3,3,2,2,3,3,3,3,3,5,3,2,2,3,3,3,3,3,3,3,2,4,4,4,2,3,3,3,3,8,1,6,3,3,3,4,3,3,3,3,3,3,3,3,3,3,1,1,1,3,3,3,6,6,6,6,6,6,6,6,7,7,7,7,7,7,7,7","0.00137591361999512","fast_greedy","edit-xhwikibooks.graphml"
"0.09","0.22","0.69","0.708355868036777","2,2,2,2,1,2,1,2,2,8,1,1,2,2,2,4,8,1,6,1,3,5,2,2,2,2,2,4,2,8,1,6,1,1,6,6,7,2,3,3,3,3,5,5,5,5,3,5,5,5,3,3,3,3,3,5,5,5,5,3,2,3,3,2,2,3,3,3,3,3,5,3,2,2,3,3,3,3,3,3,3,2,4,4,4,2,3,3,3,3,8,1,6,3,3,3,4,3,3,3,3,3,3,3,3,3,3,1,1,1,3,3,3,6,6,6,6,6,6,6,6,7,7,7,7,7,7,7,7","0.00112795829772949","fast_greedy","edit-xhwikibooks.graphml"
"0.08","0.23","0.69","0.708355868036777","2,2,2,2,1,2,1,2,2,8,1,1,2,2,2,4,8,1,6,1,3,5,2,2,2,2,2,4,2,8,1,6,1,1,6,6,7,2,3,3,3,3,5,5,5,5,3,5,5,5,3,3,3,3,3,5,5,5,5,3,2,3,3,2,2,3,3,3,3,3,5,3,2,2,3,3,3,3,3,3,3,2,4,4,4,2,3,3,3,3,8,1,6,3,3,3,4,3,3,3,3,3,3,3,3,3,3,1,1,1,3,3,3,6,6,6,6,6,6,6,6,7,7,7,7,7,7,7,7","0.00132203102111816","fast_greedy","edit-xhwikibooks.graphml"
"0.07","0.24","0.69","0.708355868036777","2,2,2,2,1,2,1,2,2,8,1,1,2,2,2,4,8,1,6,1,3,5,2,2,2,2,2,4,2,8,1,6,1,1,6,6,7,2,3,3,3,3,5,5,5,5,3,5,5,5,3,3,3,3,3,5,5,5,5,3,2,3,3,2,2,3,3,3,3,3,5,3,2,2,3,3,3,3,3,3,3,2,4,4,4,2,3,3,3,3,8,1,6,3,3,3,4,3,3,3,3,3,3,3,3,3,3,1,1,1,3,3,3,6,6,6,6,6,6,6,6,7,7,7,7,7,7,7,7","0.00117087364196777","fast_greedy","edit-xhwikibooks.graphml"
"0.06","0.25","0.69","0.708355868036777","2,2,2,2,1,2,1,2,2,8,1,1,2,2,2,4,8,1,6,1,3,5,2,2,2,2,2,4,2,8,1,6,1,1,6,6,7,2,3,3,3,3,5,5,5,5,3,5,5,5,3,3,3,3,3,5,5,5,5,3,2,3,3,2,2,3,3,3,3,3,5,3,2,2,3,3,3,3,3,3,3,2,4,4,4,2,3,3,3,3,8,1,6,3,3,3,4,3,3,3,3,3,3,3,3,3,3,1,1,1,3,3,3,6,6,6,6,6,6,6,6,7,7,7,7,7,7,7,7","0.00115299224853516","fast_greedy","edit-xhwikibooks.graphml"
"0.05","0.26","0.69","0.708355868036777","2,2,2,2,1,2,1,2,2,8,1,1,2,2,2,4,8,1,6,1,3,5,2,2,2,2,2,4,2,8,1,6,1,1,6,6,7,2,3,3,3,3,5,5,5,5,3,5,5,5,3,3,3,3,3,5,5,5,5,3,2,3,3,2,2,3,3,3,3,3,5,3,2,2,3,3,3,3,3,3,3,2,4,4,4,2,3,3,3,3,8,1,6,3,3,3,4,3,3,3,3,3,3,3,3,3,3,1,1,1,3,3,3,6,6,6,6,6,6,6,6,7,7,7,7,7,7,7,7","0.00129914283752441","fast_greedy","edit-xhwikibooks.graphml"
"0.04","0.27","0.69","0.708355868036777","2,2,2,2,1,2,1,2,2,8,1,1,2,2,2,4,8,1,6,1,3,5,2,2,2,2,2,4,2,8,1,6,1,1,6,6,7,2,3,3,3,3,5,5,5,5,3,5,5,5,3,3,3,3,3,5,5,5,5,3,2,3,3,2,2,3,3,3,3,3,5,3,2,2,3,3,3,3,3,3,3,2,4,4,4,2,3,3,3,3,8,1,6,3,3,3,4,3,3,3,3,3,3,3,3,3,3,1,1,1,3,3,3,6,6,6,6,6,6,6,6,7,7,7,7,7,7,7,7","0.00113105773925781","fast_greedy","edit-xhwikibooks.graphml"
"0.03","0.28","0.69","0.708355868036777","2,2,2,2,1,2,1,2,2,8,1,1,2,2,2,4,8,1,6,1,3,5,2,2,2,2,2,4,2,8,1,6,1,1,6,6,7,2,3,3,3,3,5,5,5,5,3,5,5,5,3,3,3,3,3,5,5,5,5,3,2,3,3,2,2,3,3,3,3,3,5,3,2,2,3,3,3,3,3,3,3,2,4,4,4,2,3,3,3,3,8,1,6,3,3,3,4,3,3,3,3,3,3,3,3,3,3,1,1,1,3,3,3,6,6,6,6,6,6,6,6,7,7,7,7,7,7,7,7","0.00113797187805176","fast_greedy","edit-xhwikibooks.graphml"
"0.02","0.29","0.69","0.708355868036777","2,2,2,2,1,2,1,2,2,8,1,1,2,2,2,4,8,1,6,1,3,5,2,2,2,2,2,4,2,8,1,6,1,1,6,6,7,2,3,3,3,3,5,5,5,5,3,5,5,5,3,3,3,3,3,5,5,5,5,3,2,3,3,2,2,3,3,3,3,3,5,3,2,2,3,3,3,3,3,3,3,2,4,4,4,2,3,3,3,3,8,1,6,3,3,3,4,3,3,3,3,3,3,3,3,3,3,1,1,1,3,3,3,6,6,6,6,6,6,6,6,7,7,7,7,7,7,7,7","0.00115609169006348","fast_greedy","edit-xhwikibooks.graphml"
"0.01","0.3","0.69","0.708355868036777","2,2,2,2,1,2,1,2,2,8,1,1,2,2,2,4,8,1,6,1,3,5,2,2,2,2,2,4,2,8,1,6,1,1,6,6,7,2,3,3,3,3,5,5,5,5,3,5,5,5,3,3,3,3,3,5,5,5,5,3,2,3,3,2,2,3,3,3,3,3,5,3,2,2,3,3,3,3,3,3,3,2,4,4,4,2,3,3,3,3,8,1,6,3,3,3,4,3,3,3,3,3,3,3,3,3,3,1,1,1,3,3,3,6,6,6,6,6,6,6,6,7,7,7,7,7,7,7,7","0.00135302543640137","fast_greedy","edit-xhwikibooks.graphml"
"0","0.31","0.69","0.682032395992634","7,7,7,7,7,7,7,7,1,10,9,3,7,1,1,4,10,9,6,3,2,5,1,7,1,1,1,4,7,10,9,6,3,3,6,6,8,1,2,2,2,2,5,5,5,5,2,5,5,5,2,2,2,2,2,5,5,5,5,2,1,2,2,7,1,2,2,2,2,2,5,2,1,1,2,2,2,2,2,2,2,1,4,4,4,7,2,2,2,2,10,9,6,2,2,2,4,2,2,2,2,2,2,2,2,2,2,3,3,3,2,2,2,6,6,6,6,6,6,6,6,8,8,8,8,8,8,8,8","0.00115180015563965","fast_greedy","edit-xhwikibooks.graphml"
"0.3","0","0.7","0.706884169488048","2,2,2,2,1,2,1,2,2,8,1,1,2,2,2,4,8,1,6,1,3,5,2,2,2,2,2,4,2,8,1,6,1,1,6,6,7,2,3,3,3,3,5,5,5,5,3,5,5,5,3,3,3,3,3,5,5,5,5,3,2,3,3,2,2,3,3,3,3,3,5,3,2,2,3,3,3,3,3,3,3,2,4,4,4,2,3,3,3,3,8,1,6,3,3,3,4,3,3,3,3,3,3,3,3,3,3,1,1,1,3,3,3,6,6,6,6,6,6,6,6,7,7,7,7,7,7,7,7","0.00118589401245117","fast_greedy","edit-xhwikibooks.graphml"
"0.29","0.01","0.7","0.706884169488048","2,2,2,2,1,2,1,2,2,8,1,1,2,2,2,4,8,1,6,1,3,5,2,2,2,2,2,4,2,8,1,6,1,1,6,6,7,2,3,3,3,3,5,5,5,5,3,5,5,5,3,3,3,3,3,5,5,5,5,3,2,3,3,2,2,3,3,3,3,3,5,3,2,2,3,3,3,3,3,3,3,2,4,4,4,2,3,3,3,3,8,1,6,3,3,3,4,3,3,3,3,3,3,3,3,3,3,1,1,1,3,3,3,6,6,6,6,6,6,6,6,7,7,7,7,7,7,7,7","0.00115489959716797","fast_greedy","edit-xhwikibooks.graphml"
"0.28","0.02","0.7","0.706884169488048","2,2,2,2,1,2,1,2,2,8,1,1,2,2,2,4,8,1,6,1,3,5,2,2,2,2,2,4,2,8,1,6,1,1,6,6,7,2,3,3,3,3,5,5,5,5,3,5,5,5,3,3,3,3,3,5,5,5,5,3,2,3,3,2,2,3,3,3,3,3,5,3,2,2,3,3,3,3,3,3,3,2,4,4,4,2,3,3,3,3,8,1,6,3,3,3,4,3,3,3,3,3,3,3,3,3,3,1,1,1,3,3,3,6,6,6,6,6,6,6,6,7,7,7,7,7,7,7,7","0.00122523307800293","fast_greedy","edit-xhwikibooks.graphml"
"0.27","0.03","0.7","0.706884169488048","2,2,2,2,1,2,1,2,2,8,1,1,2,2,2,4,8,1,6,1,3,5,2,2,2,2,2,4,2,8,1,6,1,1,6,6,7,2,3,3,3,3,5,5,5,5,3,5,5,5,3,3,3,3,3,5,5,5,5,3,2,3,3,2,2,3,3,3,3,3,5,3,2,2,3,3,3,3,3,3,3,2,4,4,4,2,3,3,3,3,8,1,6,3,3,3,4,3,3,3,3,3,3,3,3,3,3,1,1,1,3,3,3,6,6,6,6,6,6,6,6,7,7,7,7,7,7,7,7","0.0011451244354248","fast_greedy","edit-xhwikibooks.graphml"
"0.26","0.04","0.7","0.706884169488048","2,2,2,2,1,2,1,2,2,8,1,1,2,2,2,4,8,1,6,1,3,5,2,2,2,2,2,4,2,8,1,6,1,1,6,6,7,2,3,3,3,3,5,5,5,5,3,5,5,5,3,3,3,3,3,5,5,5,5,3,2,3,3,2,2,3,3,3,3,3,5,3,2,2,3,3,3,3,3,3,3,2,4,4,4,2,3,3,3,3,8,1,6,3,3,3,4,3,3,3,3,3,3,3,3,3,3,1,1,1,3,3,3,6,6,6,6,6,6,6,6,7,7,7,7,7,7,7,7","0.00111293792724609","fast_greedy","edit-xhwikibooks.graphml"
"0.25","0.05","0.7","0.706884169488048","2,2,2,2,1,2,1,2,2,8,1,1,2,2,2,4,8,1,6,1,3,5,2,2,2,2,2,4,2,8,1,6,1,1,6,6,7,2,3,3,3,3,5,5,5,5,3,5,5,5,3,3,3,3,3,5,5,5,5,3,2,3,3,2,2,3,3,3,3,3,5,3,2,2,3,3,3,3,3,3,3,2,4,4,4,2,3,3,3,3,8,1,6,3,3,3,4,3,3,3,3,3,3,3,3,3,3,1,1,1,3,3,3,6,6,6,6,6,6,6,6,7,7,7,7,7,7,7,7","0.00147199630737305","fast_greedy","edit-xhwikibooks.graphml"
"0.24","0.06","0.7","0.706884169488048","2,2,2,2,1,2,1,2,2,8,1,1,2,2,2,4,8,1,6,1,3,5,2,2,2,2,2,4,2,8,1,6,1,1,6,6,7,2,3,3,3,3,5,5,5,5,3,5,5,5,3,3,3,3,3,5,5,5,5,3,2,3,3,2,2,3,3,3,3,3,5,3,2,2,3,3,3,3,3,3,3,2,4,4,4,2,3,3,3,3,8,1,6,3,3,3,4,3,3,3,3,3,3,3,3,3,3,1,1,1,3,3,3,6,6,6,6,6,6,6,6,7,7,7,7,7,7,7,7","0.00115609169006348","fast_greedy","edit-xhwikibooks.graphml"
"0.23","0.07","0.7","0.706884169488048","2,2,2,2,1,2,1,2,2,8,1,1,2,2,2,4,8,1,6,1,3,5,2,2,2,2,2,4,2,8,1,6,1,1,6,6,7,2,3,3,3,3,5,5,5,5,3,5,5,5,3,3,3,3,3,5,5,5,5,3,2,3,3,2,2,3,3,3,3,3,5,3,2,2,3,3,3,3,3,3,3,2,4,4,4,2,3,3,3,3,8,1,6,3,3,3,4,3,3,3,3,3,3,3,3,3,3,1,1,1,3,3,3,6,6,6,6,6,6,6,6,7,7,7,7,7,7,7,7","0.00159811973571777","fast_greedy","edit-xhwikibooks.graphml"
"0.22","0.08","0.7","0.706884169488048","2,2,2,2,1,2,1,2,2,8,1,1,2,2,2,4,8,1,6,1,3,5,2,2,2,2,2,4,2,8,1,6,1,1,6,6,7,2,3,3,3,3,5,5,5,5,3,5,5,5,3,3,3,3,3,5,5,5,5,3,2,3,3,2,2,3,3,3,3,3,5,3,2,2,3,3,3,3,3,3,3,2,4,4,4,2,3,3,3,3,8,1,6,3,3,3,4,3,3,3,3,3,3,3,3,3,3,1,1,1,3,3,3,6,6,6,6,6,6,6,6,7,7,7,7,7,7,7,7","0.00157999992370605","fast_greedy","edit-xhwikibooks.graphml"
"0.21","0.09","0.7","0.706884169488048","2,2,2,2,1,2,1,2,2,8,1,1,2,2,2,4,8,1,6,1,3,5,2,2,2,2,2,4,2,8,1,6,1,1,6,6,7,2,3,3,3,3,5,5,5,5,3,5,5,5,3,3,3,3,3,5,5,5,5,3,2,3,3,2,2,3,3,3,3,3,5,3,2,2,3,3,3,3,3,3,3,2,4,4,4,2,3,3,3,3,8,1,6,3,3,3,4,3,3,3,3,3,3,3,3,3,3,1,1,1,3,3,3,6,6,6,6,6,6,6,6,7,7,7,7,7,7,7,7","0.00112414360046387","fast_greedy","edit-xhwikibooks.graphml"
"0.2","0.1","0.7","0.706884169488048","2,2,2,2,1,2,1,2,2,8,1,1,2,2,2,4,8,1,6,1,3,5,2,2,2,2,2,4,2,8,1,6,1,1,6,6,7,2,3,3,3,3,5,5,5,5,3,5,5,5,3,3,3,3,3,5,5,5,5,3,2,3,3,2,2,3,3,3,3,3,5,3,2,2,3,3,3,3,3,3,3,2,4,4,4,2,3,3,3,3,8,1,6,3,3,3,4,3,3,3,3,3,3,3,3,3,3,1,1,1,3,3,3,6,6,6,6,6,6,6,6,7,7,7,7,7,7,7,7","0.00113487243652344","fast_greedy","edit-xhwikibooks.graphml"
"0.19","0.11","0.7","0.706884169488048","2,2,2,2,1,2,1,2,2,8,1,1,2,2,2,4,8,1,6,1,3,5,2,2,2,2,2,4,2,8,1,6,1,1,6,6,7,2,3,3,3,3,5,5,5,5,3,5,5,5,3,3,3,3,3,5,5,5,5,3,2,3,3,2,2,3,3,3,3,3,5,3,2,2,3,3,3,3,3,3,3,2,4,4,4,2,3,3,3,3,8,1,6,3,3,3,4,3,3,3,3,3,3,3,3,3,3,1,1,1,3,3,3,6,6,6,6,6,6,6,6,7,7,7,7,7,7,7,7","0.00112700462341309","fast_greedy","edit-xhwikibooks.graphml"
"0.18","0.12","0.7","0.706884169488048","2,2,2,2,1,2,1,2,2,8,1,1,2,2,2,4,8,1,6,1,3,5,2,2,2,2,2,4,2,8,1,6,1,1,6,6,7,2,3,3,3,3,5,5,5,5,3,5,5,5,3,3,3,3,3,5,5,5,5,3,2,3,3,2,2,3,3,3,3,3,5,3,2,2,3,3,3,3,3,3,3,2,4,4,4,2,3,3,3,3,8,1,6,3,3,3,4,3,3,3,3,3,3,3,3,3,3,1,1,1,3,3,3,6,6,6,6,6,6,6,6,7,7,7,7,7,7,7,7","0.00114989280700684","fast_greedy","edit-xhwikibooks.graphml"
"0.17","0.13","0.7","0.706884169488048","2,2,2,2,1,2,1,2,2,8,1,1,2,2,2,4,8,1,6,1,3,5,2,2,2,2,2,4,2,8,1,6,1,1,6,6,7,2,3,3,3,3,5,5,5,5,3,5,5,5,3,3,3,3,3,5,5,5,5,3,2,3,3,2,2,3,3,3,3,3,5,3,2,2,3,3,3,3,3,3,3,2,4,4,4,2,3,3,3,3,8,1,6,3,3,3,4,3,3,3,3,3,3,3,3,3,3,1,1,1,3,3,3,6,6,6,6,6,6,6,6,7,7,7,7,7,7,7,7","0.0012052059173584","fast_greedy","edit-xhwikibooks.graphml"
"0.16","0.14","0.7","0.706884169488048","2,2,2,2,1,2,1,2,2,8,1,1,2,2,2,4,8,1,6,1,3,5,2,2,2,2,2,4,2,8,1,6,1,1,6,6,7,2,3,3,3,3,5,5,5,5,3,5,5,5,3,3,3,3,3,5,5,5,5,3,2,3,3,2,2,3,3,3,3,3,5,3,2,2,3,3,3,3,3,3,3,2,4,4,4,2,3,3,3,3,8,1,6,3,3,3,4,3,3,3,3,3,3,3,3,3,3,1,1,1,3,3,3,6,6,6,6,6,6,6,6,7,7,7,7,7,7,7,7","0.0012049674987793","fast_greedy","edit-xhwikibooks.graphml"
"0.15","0.15","0.7","0.706884169488048","2,2,2,2,1,2,1,2,2,8,1,1,2,2,2,4,8,1,6,1,3,5,2,2,2,2,2,4,2,8,1,6,1,1,6,6,7,2,3,3,3,3,5,5,5,5,3,5,5,5,3,3,3,3,3,5,5,5,5,3,2,3,3,2,2,3,3,3,3,3,5,3,2,2,3,3,3,3,3,3,3,2,4,4,4,2,3,3,3,3,8,1,6,3,3,3,4,3,3,3,3,3,3,3,3,3,3,1,1,1,3,3,3,6,6,6,6,6,6,6,6,7,7,7,7,7,7,7,7","0.00292301177978516","fast_greedy","edit-xhwikibooks.graphml"
"0.14","0.16","0.7","0.706884169488048","2,2,2,2,1,2,1,2,2,8,1,1,2,2,2,4,8,1,6,1,3,5,2,2,2,2,2,4,2,8,1,6,1,1,6,6,7,2,3,3,3,3,5,5,5,5,3,5,5,5,3,3,3,3,3,5,5,5,5,3,2,3,3,2,2,3,3,3,3,3,5,3,2,2,3,3,3,3,3,3,3,2,4,4,4,2,3,3,3,3,8,1,6,3,3,3,4,3,3,3,3,3,3,3,3,3,3,1,1,1,3,3,3,6,6,6,6,6,6,6,6,7,7,7,7,7,7,7,7","0.00267481803894043","fast_greedy","edit-xhwikibooks.graphml"
"0.13","0.17","0.7","0.708355868036777","2,2,2,2,1,2,1,2,2,8,1,1,2,2,2,4,8,1,6,1,3,5,2,2,2,2,2,4,2,8,1,6,1,1,6,6,7,2,3,3,3,3,5,5,5,5,3,5,5,5,3,3,3,3,3,5,5,5,5,3,2,3,3,2,2,3,3,3,3,3,5,3,2,2,3,3,3,3,3,3,3,2,4,4,4,2,3,3,3,3,8,1,6,3,3,3,4,3,3,3,3,3,3,3,3,3,3,1,1,1,3,3,3,6,6,6,6,6,6,6,6,7,7,7,7,7,7,7,7","0.00170612335205078","fast_greedy","edit-xhwikibooks.graphml"
"0.12","0.18","0.7","0.708355868036777","2,2,2,2,1,2,1,2,2,8,1,1,2,2,2,4,8,1,6,1,3,5,2,2,2,2,2,4,2,8,1,6,1,1,6,6,7,2,3,3,3,3,5,5,5,5,3,5,5,5,3,3,3,3,3,5,5,5,5,3,2,3,3,2,2,3,3,3,3,3,5,3,2,2,3,3,3,3,3,3,3,2,4,4,4,2,3,3,3,3,8,1,6,3,3,3,4,3,3,3,3,3,3,3,3,3,3,1,1,1,3,3,3,6,6,6,6,6,6,6,6,7,7,7,7,7,7,7,7","0.00111103057861328","fast_greedy","edit-xhwikibooks.graphml"
"0.11","0.19","0.7","0.708355868036777","2,2,2,2,1,2,1,2,2,8,1,1,2,2,2,4,8,1,6,1,3,5,2,2,2,2,2,4,2,8,1,6,1,1,6,6,7,2,3,3,3,3,5,5,5,5,3,5,5,5,3,3,3,3,3,5,5,5,5,3,2,3,3,2,2,3,3,3,3,3,5,3,2,2,3,3,3,3,3,3,3,2,4,4,4,2,3,3,3,3,8,1,6,3,3,3,4,3,3,3,3,3,3,3,3,3,3,1,1,1,3,3,3,6,6,6,6,6,6,6,6,7,7,7,7,7,7,7,7","0.00132083892822266","fast_greedy","edit-xhwikibooks.graphml"
"0.1","0.2","0.7","0.708355868036777","2,2,2,2,1,2,1,2,2,8,1,1,2,2,2,4,8,1,6,1,3,5,2,2,2,2,2,4,2,8,1,6,1,1,6,6,7,2,3,3,3,3,5,5,5,5,3,5,5,5,3,3,3,3,3,5,5,5,5,3,2,3,3,2,2,3,3,3,3,3,5,3,2,2,3,3,3,3,3,3,3,2,4,4,4,2,3,3,3,3,8,1,6,3,3,3,4,3,3,3,3,3,3,3,3,3,3,1,1,1,3,3,3,6,6,6,6,6,6,6,6,7,7,7,7,7,7,7,7","0.00120997428894043","fast_greedy","edit-xhwikibooks.graphml"
"0.09","0.21","0.7","0.708355868036777","2,2,2,2,1,2,1,2,2,8,1,1,2,2,2,4,8,1,6,1,3,5,2,2,2,2,2,4,2,8,1,6,1,1,6,6,7,2,3,3,3,3,5,5,5,5,3,5,5,5,3,3,3,3,3,5,5,5,5,3,2,3,3,2,2,3,3,3,3,3,5,3,2,2,3,3,3,3,3,3,3,2,4,4,4,2,3,3,3,3,8,1,6,3,3,3,4,3,3,3,3,3,3,3,3,3,3,1,1,1,3,3,3,6,6,6,6,6,6,6,6,7,7,7,7,7,7,7,7","0.00111913681030273","fast_greedy","edit-xhwikibooks.graphml"
"0.08","0.22","0.7","0.708355868036777","2,2,2,2,1,2,1,2,2,8,1,1,2,2,2,4,8,1,6,1,3,5,2,2,2,2,2,4,2,8,1,6,1,1,6,6,7,2,3,3,3,3,5,5,5,5,3,5,5,5,3,3,3,3,3,5,5,5,5,3,2,3,3,2,2,3,3,3,3,3,5,3,2,2,3,3,3,3,3,3,3,2,4,4,4,2,3,3,3,3,8,1,6,3,3,3,4,3,3,3,3,3,3,3,3,3,3,1,1,1,3,3,3,6,6,6,6,6,6,6,6,7,7,7,7,7,7,7,7","0.00111889839172363","fast_greedy","edit-xhwikibooks.graphml"
"0.07","0.23","0.7","0.708355868036777","2,2,2,2,1,2,1,2,2,8,1,1,2,2,2,4,8,1,6,1,3,5,2,2,2,2,2,4,2,8,1,6,1,1,6,6,7,2,3,3,3,3,5,5,5,5,3,5,5,5,3,3,3,3,3,5,5,5,5,3,2,3,3,2,2,3,3,3,3,3,5,3,2,2,3,3,3,3,3,3,3,2,4,4,4,2,3,3,3,3,8,1,6,3,3,3,4,3,3,3,3,3,3,3,3,3,3,1,1,1,3,3,3,6,6,6,6,6,6,6,6,7,7,7,7,7,7,7,7","0.00111103057861328","fast_greedy","edit-xhwikibooks.graphml"
"0.06","0.24","0.7","0.708355868036777","2,2,2,2,1,2,1,2,2,8,1,1,2,2,2,4,8,1,6,1,3,5,2,2,2,2,2,4,2,8,1,6,1,1,6,6,7,2,3,3,3,3,5,5,5,5,3,5,5,5,3,3,3,3,3,5,5,5,5,3,2,3,3,2,2,3,3,3,3,3,5,3,2,2,3,3,3,3,3,3,3,2,4,4,4,2,3,3,3,3,8,1,6,3,3,3,4,3,3,3,3,3,3,3,3,3,3,1,1,1,3,3,3,6,6,6,6,6,6,6,6,7,7,7,7,7,7,7,7","0.00111913681030273","fast_greedy","edit-xhwikibooks.graphml"
"0.05","0.25","0.7","0.708355868036777","2,2,2,2,1,2,1,2,2,8,1,1,2,2,2,4,8,1,6,1,3,5,2,2,2,2,2,4,2,8,1,6,1,1,6,6,7,2,3,3,3,3,5,5,5,5,3,5,5,5,3,3,3,3,3,5,5,5,5,3,2,3,3,2,2,3,3,3,3,3,5,3,2,2,3,3,3,3,3,3,3,2,4,4,4,2,3,3,3,3,8,1,6,3,3,3,4,3,3,3,3,3,3,3,3,3,3,1,1,1,3,3,3,6,6,6,6,6,6,6,6,7,7,7,7,7,7,7,7","0.00114202499389648","fast_greedy","edit-xhwikibooks.graphml"
"0.04","0.26","0.7","0.708355868036777","2,2,2,2,1,2,1,2,2,8,1,1,2,2,2,4,8,1,6,1,3,5,2,2,2,2,2,4,2,8,1,6,1,1,6,6,7,2,3,3,3,3,5,5,5,5,3,5,5,5,3,3,3,3,3,5,5,5,5,3,2,3,3,2,2,3,3,3,3,3,5,3,2,2,3,3,3,3,3,3,3,2,4,4,4,2,3,3,3,3,8,1,6,3,3,3,4,3,3,3,3,3,3,3,3,3,3,1,1,1,3,3,3,6,6,6,6,6,6,6,6,7,7,7,7,7,7,7,7","0.00116705894470215","fast_greedy","edit-xhwikibooks.graphml"
"0.03","0.27","0.7","0.708355868036777","2,2,2,2,1,2,1,2,2,8,1,1,2,2,2,4,8,1,6,1,3,5,2,2,2,2,2,4,2,8,1,6,1,1,6,6,7,2,3,3,3,3,5,5,5,5,3,5,5,5,3,3,3,3,3,5,5,5,5,3,2,3,3,2,2,3,3,3,3,3,5,3,2,2,3,3,3,3,3,3,3,2,4,4,4,2,3,3,3,3,8,1,6,3,3,3,4,3,3,3,3,3,3,3,3,3,3,1,1,1,3,3,3,6,6,6,6,6,6,6,6,7,7,7,7,7,7,7,7","0.00119209289550781","fast_greedy","edit-xhwikibooks.graphml"
"0.02","0.28","0.7","0.708355868036777","2,2,2,2,1,2,1,2,2,8,1,1,2,2,2,4,8,1,6,1,3,5,2,2,2,2,2,4,2,8,1,6,1,1,6,6,7,2,3,3,3,3,5,5,5,5,3,5,5,5,3,3,3,3,3,5,5,5,5,3,2,3,3,2,2,3,3,3,3,3,5,3,2,2,3,3,3,3,3,3,3,2,4,4,4,2,3,3,3,3,8,1,6,3,3,3,4,3,3,3,3,3,3,3,3,3,3,1,1,1,3,3,3,6,6,6,6,6,6,6,6,7,7,7,7,7,7,7,7","0.00121712684631348","fast_greedy","edit-xhwikibooks.graphml"
"0.01","0.29","0.7","0.708355868036777","2,2,2,2,1,2,1,2,2,8,1,1,2,2,2,4,8,1,6,1,3,5,2,2,2,2,2,4,2,8,1,6,1,1,6,6,7,2,3,3,3,3,5,5,5,5,3,5,5,5,3,3,3,3,3,5,5,5,5,3,2,3,3,2,2,3,3,3,3,3,5,3,2,2,3,3,3,3,3,3,3,2,4,4,4,2,3,3,3,3,8,1,6,3,3,3,4,3,3,3,3,3,3,3,3,3,3,1,1,1,3,3,3,6,6,6,6,6,6,6,6,7,7,7,7,7,7,7,7","0.00113010406494141","fast_greedy","edit-xhwikibooks.graphml"
"0","0.3","0.7","0.682032395992634","7,7,7,7,7,7,7,7,1,10,9,3,7,1,1,4,10,9,6,3,2,5,1,7,1,1,1,4,7,10,9,6,3,3,6,6,8,1,2,2,2,2,5,5,5,5,2,5,5,5,2,2,2,2,2,5,5,5,5,2,1,2,2,7,1,2,2,2,2,2,5,2,1,1,2,2,2,2,2,2,2,1,4,4,4,7,2,2,2,2,10,9,6,2,2,2,4,2,2,2,2,2,2,2,2,2,2,3,3,3,2,2,2,6,6,6,6,6,6,6,6,8,8,8,8,8,8,8,8","0.00115680694580078","fast_greedy","edit-xhwikibooks.graphml"
"0.29","0","0.71","0.706884169488048","2,2,2,2,1,2,1,2,2,8,1,1,2,2,2,4,8,1,6,1,3,5,2,2,2,2,2,4,2,8,1,6,1,1,6,6,7,2,3,3,3,3,5,5,5,5,3,5,5,5,3,3,3,3,3,5,5,5,5,3,2,3,3,2,2,3,3,3,3,3,5,3,2,2,3,3,3,3,3,3,3,2,4,4,4,2,3,3,3,3,8,1,6,3,3,3,4,3,3,3,3,3,3,3,3,3,3,1,1,1,3,3,3,6,6,6,6,6,6,6,6,7,7,7,7,7,7,7,7","0.00112009048461914","fast_greedy","edit-xhwikibooks.graphml"
"0.28","0.01","0.71","0.706884169488048","2,2,2,2,1,2,1,2,2,8,1,1,2,2,2,4,8,1,6,1,3,5,2,2,2,2,2,4,2,8,1,6,1,1,6,6,7,2,3,3,3,3,5,5,5,5,3,5,5,5,3,3,3,3,3,5,5,5,5,3,2,3,3,2,2,3,3,3,3,3,5,3,2,2,3,3,3,3,3,3,3,2,4,4,4,2,3,3,3,3,8,1,6,3,3,3,4,3,3,3,3,3,3,3,3,3,3,1,1,1,3,3,3,6,6,6,6,6,6,6,6,7,7,7,7,7,7,7,7","0.00117015838623047","fast_greedy","edit-xhwikibooks.graphml"
"0.27","0.02","0.71","0.706884169488048","2,2,2,2,1,2,1,2,2,8,1,1,2,2,2,4,8,1,6,1,3,5,2,2,2,2,2,4,2,8,1,6,1,1,6,6,7,2,3,3,3,3,5,5,5,5,3,5,5,5,3,3,3,3,3,5,5,5,5,3,2,3,3,2,2,3,3,3,3,3,5,3,2,2,3,3,3,3,3,3,3,2,4,4,4,2,3,3,3,3,8,1,6,3,3,3,4,3,3,3,3,3,3,3,3,3,3,1,1,1,3,3,3,6,6,6,6,6,6,6,6,7,7,7,7,7,7,7,7","0.00121498107910156","fast_greedy","edit-xhwikibooks.graphml"
"0.26","0.03","0.71","0.706884169488048","2,2,2,2,1,2,1,2,2,8,1,1,2,2,2,4,8,1,6,1,3,5,2,2,2,2,2,4,2,8,1,6,1,1,6,6,7,2,3,3,3,3,5,5,5,5,3,5,5,5,3,3,3,3,3,5,5,5,5,3,2,3,3,2,2,3,3,3,3,3,5,3,2,2,3,3,3,3,3,3,3,2,4,4,4,2,3,3,3,3,8,1,6,3,3,3,4,3,3,3,3,3,3,3,3,3,3,1,1,1,3,3,3,6,6,6,6,6,6,6,6,7,7,7,7,7,7,7,7","0.00112295150756836","fast_greedy","edit-xhwikibooks.graphml"
"0.25","0.04","0.71","0.706884169488048","2,2,2,2,1,2,1,2,2,8,1,1,2,2,2,4,8,1,6,1,3,5,2,2,2,2,2,4,2,8,1,6,1,1,6,6,7,2,3,3,3,3,5,5,5,5,3,5,5,5,3,3,3,3,3,5,5,5,5,3,2,3,3,2,2,3,3,3,3,3,5,3,2,2,3,3,3,3,3,3,3,2,4,4,4,2,3,3,3,3,8,1,6,3,3,3,4,3,3,3,3,3,3,3,3,3,3,1,1,1,3,3,3,6,6,6,6,6,6,6,6,7,7,7,7,7,7,7,7","0.00113701820373535","fast_greedy","edit-xhwikibooks.graphml"
"0.24","0.05","0.71","0.706884169488048","2,2,2,2,1,2,1,2,2,8,1,1,2,2,2,4,8,1,6,1,3,5,2,2,2,2,2,4,2,8,1,6,1,1,6,6,7,2,3,3,3,3,5,5,5,5,3,5,5,5,3,3,3,3,3,5,5,5,5,3,2,3,3,2,2,3,3,3,3,3,5,3,2,2,3,3,3,3,3,3,3,2,4,4,4,2,3,3,3,3,8,1,6,3,3,3,4,3,3,3,3,3,3,3,3,3,3,1,1,1,3,3,3,6,6,6,6,6,6,6,6,7,7,7,7,7,7,7,7","0.00114321708679199","fast_greedy","edit-xhwikibooks.graphml"
"0.23","0.06","0.71","0.706884169488048","2,2,2,2,1,2,1,2,2,8,1,1,2,2,2,4,8,1,6,1,3,5,2,2,2,2,2,4,2,8,1,6,1,1,6,6,7,2,3,3,3,3,5,5,5,5,3,5,5,5,3,3,3,3,3,5,5,5,5,3,2,3,3,2,2,3,3,3,3,3,5,3,2,2,3,3,3,3,3,3,3,2,4,4,4,2,3,3,3,3,8,1,6,3,3,3,4,3,3,3,3,3,3,3,3,3,3,1,1,1,3,3,3,6,6,6,6,6,6,6,6,7,7,7,7,7,7,7,7","0.00117611885070801","fast_greedy","edit-xhwikibooks.graphml"
"0.22","0.07","0.71","0.706884169488048","2,2,2,2,1,2,1,2,2,8,1,1,2,2,2,4,8,1,6,1,3,5,2,2,2,2,2,4,2,8,1,6,1,1,6,6,7,2,3,3,3,3,5,5,5,5,3,5,5,5,3,3,3,3,3,5,5,5,5,3,2,3,3,2,2,3,3,3,3,3,5,3,2,2,3,3,3,3,3,3,3,2,4,4,4,2,3,3,3,3,8,1,6,3,3,3,4,3,3,3,3,3,3,3,3,3,3,1,1,1,3,3,3,6,6,6,6,6,6,6,6,7,7,7,7,7,7,7,7","0.00121378898620605","fast_greedy","edit-xhwikibooks.graphml"
"0.21","0.08","0.71","0.706884169488048","2,2,2,2,1,2,1,2,2,8,1,1,2,2,2,4,8,1,6,1,3,5,2,2,2,2,2,4,2,8,1,6,1,1,6,6,7,2,3,3,3,3,5,5,5,5,3,5,5,5,3,3,3,3,3,5,5,5,5,3,2,3,3,2,2,3,3,3,3,3,5,3,2,2,3,3,3,3,3,3,3,2,4,4,4,2,3,3,3,3,8,1,6,3,3,3,4,3,3,3,3,3,3,3,3,3,3,1,1,1,3,3,3,6,6,6,6,6,6,6,6,7,7,7,7,7,7,7,7","0.00111889839172363","fast_greedy","edit-xhwikibooks.graphml"
"0.2","0.09","0.71","0.706884169488048","2,2,2,2,1,2,1,2,2,8,1,1,2,2,2,4,8,1,6,1,3,5,2,2,2,2,2,4,2,8,1,6,1,1,6,6,7,2,3,3,3,3,5,5,5,5,3,5,5,5,3,3,3,3,3,5,5,5,5,3,2,3,3,2,2,3,3,3,3,3,5,3,2,2,3,3,3,3,3,3,3,2,4,4,4,2,3,3,3,3,8,1,6,3,3,3,4,3,3,3,3,3,3,3,3,3,3,1,1,1,3,3,3,6,6,6,6,6,6,6,6,7,7,7,7,7,7,7,7","0.00113701820373535","fast_greedy","edit-xhwikibooks.graphml"
"0.19","0.1","0.71","0.706884169488048","2,2,2,2,1,2,1,2,2,8,1,1,2,2,2,4,8,1,6,1,3,5,2,2,2,2,2,4,2,8,1,6,1,1,6,6,7,2,3,3,3,3,5,5,5,5,3,5,5,5,3,3,3,3,3,5,5,5,5,3,2,3,3,2,2,3,3,3,3,3,5,3,2,2,3,3,3,3,3,3,3,2,4,4,4,2,3,3,3,3,8,1,6,3,3,3,4,3,3,3,3,3,3,3,3,3,3,1,1,1,3,3,3,6,6,6,6,6,6,6,6,7,7,7,7,7,7,7,7","0.00113701820373535","fast_greedy","edit-xhwikibooks.graphml"
"0.18","0.11","0.71","0.706884169488048","2,2,2,2,1,2,1,2,2,8,1,1,2,2,2,4,8,1,6,1,3,5,2,2,2,2,2,4,2,8,1,6,1,1,6,6,7,2,3,3,3,3,5,5,5,5,3,5,5,5,3,3,3,3,3,5,5,5,5,3,2,3,3,2,2,3,3,3,3,3,5,3,2,2,3,3,3,3,3,3,3,2,4,4,4,2,3,3,3,3,8,1,6,3,3,3,4,3,3,3,3,3,3,3,3,3,3,1,1,1,3,3,3,6,6,6,6,6,6,6,6,7,7,7,7,7,7,7,7","0.00116896629333496","fast_greedy","edit-xhwikibooks.graphml"
"0.17","0.12","0.71","0.706884169488048","2,2,2,2,1,2,1,2,2,8,1,1,2,2,2,4,8,1,6,1,3,5,2,2,2,2,2,4,2,8,1,6,1,1,6,6,7,2,3,3,3,3,5,5,5,5,3,5,5,5,3,3,3,3,3,5,5,5,5,3,2,3,3,2,2,3,3,3,3,3,5,3,2,2,3,3,3,3,3,3,3,2,4,4,4,2,3,3,3,3,8,1,6,3,3,3,4,3,3,3,3,3,3,3,3,3,3,1,1,1,3,3,3,6,6,6,6,6,6,6,6,7,7,7,7,7,7,7,7","0.00113606452941895","fast_greedy","edit-xhwikibooks.graphml"
"0.16","0.13","0.71","0.706884169488048","2,2,2,2,1,2,1,2,2,8,1,1,2,2,2,4,8,1,6,1,3,5,2,2,2,2,2,4,2,8,1,6,1,1,6,6,7,2,3,3,3,3,5,5,5,5,3,5,5,5,3,3,3,3,3,5,5,5,5,3,2,3,3,2,2,3,3,3,3,3,5,3,2,2,3,3,3,3,3,3,3,2,4,4,4,2,3,3,3,3,8,1,6,3,3,3,4,3,3,3,3,3,3,3,3,3,3,1,1,1,3,3,3,6,6,6,6,6,6,6,6,7,7,7,7,7,7,7,7","0.00113296508789062","fast_greedy","edit-xhwikibooks.graphml"
"0.15","0.14","0.71","0.706884169488048","2,2,2,2,1,2,1,2,2,8,1,1,2,2,2,4,8,1,6,1,3,5,2,2,2,2,2,4,2,8,1,6,1,1,6,6,7,2,3,3,3,3,5,5,5,5,3,5,5,5,3,3,3,3,3,5,5,5,5,3,2,3,3,2,2,3,3,3,3,3,5,3,2,2,3,3,3,3,3,3,3,2,4,4,4,2,3,3,3,3,8,1,6,3,3,3,4,3,3,3,3,3,3,3,3,3,3,1,1,1,3,3,3,6,6,6,6,6,6,6,6,7,7,7,7,7,7,7,7","0.00113010406494141","fast_greedy","edit-xhwikibooks.graphml"
"0.14","0.15","0.71","0.706884169488048","2,2,2,2,1,2,1,2,2,8,1,1,2,2,2,4,8,1,6,1,3,5,2,2,2,2,2,4,2,8,1,6,1,1,6,6,7,2,3,3,3,3,5,5,5,5,3,5,5,5,3,3,3,3,3,5,5,5,5,3,2,3,3,2,2,3,3,3,3,3,5,3,2,2,3,3,3,3,3,3,3,2,4,4,4,2,3,3,3,3,8,1,6,3,3,3,4,3,3,3,3,3,3,3,3,3,3,1,1,1,3,3,3,6,6,6,6,6,6,6,6,7,7,7,7,7,7,7,7","0.00173592567443848","fast_greedy","edit-xhwikibooks.graphml"
"0.13","0.16","0.71","0.706884169488048","2,2,2,2,1,2,1,2,2,8,1,1,2,2,2,4,8,1,6,1,3,5,2,2,2,2,2,4,2,8,1,6,1,1,6,6,7,2,3,3,3,3,5,5,5,5,3,5,5,5,3,3,3,3,3,5,5,5,5,3,2,3,3,2,2,3,3,3,3,3,5,3,2,2,3,3,3,3,3,3,3,2,4,4,4,2,3,3,3,3,8,1,6,3,3,3,4,3,3,3,3,3,3,3,3,3,3,1,1,1,3,3,3,6,6,6,6,6,6,6,6,7,7,7,7,7,7,7,7","0.00135397911071777","fast_greedy","edit-xhwikibooks.graphml"
"0.12","0.17","0.71","0.708355868036777","2,2,2,2,1,2,1,2,2,8,1,1,2,2,2,4,8,1,6,1,3,5,2,2,2,2,2,4,2,8,1,6,1,1,6,6,7,2,3,3,3,3,5,5,5,5,3,5,5,5,3,3,3,3,3,5,5,5,5,3,2,3,3,2,2,3,3,3,3,3,5,3,2,2,3,3,3,3,3,3,3,2,4,4,4,2,3,3,3,3,8,1,6,3,3,3,4,3,3,3,3,3,3,3,3,3,3,1,1,1,3,3,3,6,6,6,6,6,6,6,6,7,7,7,7,7,7,7,7","0.00112080574035645","fast_greedy","edit-xhwikibooks.graphml"
"0.11","0.18","0.71","0.708355868036777","2,2,2,2,1,2,1,2,2,8,1,1,2,2,2,4,8,1,6,1,3,5,2,2,2,2,2,4,2,8,1,6,1,1,6,6,7,2,3,3,3,3,5,5,5,5,3,5,5,5,3,3,3,3,3,5,5,5,5,3,2,3,3,2,2,3,3,3,3,3,5,3,2,2,3,3,3,3,3,3,3,2,4,4,4,2,3,3,3,3,8,1,6,3,3,3,4,3,3,3,3,3,3,3,3,3,3,1,1,1,3,3,3,6,6,6,6,6,6,6,6,7,7,7,7,7,7,7,7","0.00113201141357422","fast_greedy","edit-xhwikibooks.graphml"
"0.1","0.19","0.71","0.708355868036777","2,2,2,2,1,2,1,2,2,8,1,1,2,2,2,4,8,1,6,1,3,5,2,2,2,2,2,4,2,8,1,6,1,1,6,6,7,2,3,3,3,3,5,5,5,5,3,5,5,5,3,3,3,3,3,5,5,5,5,3,2,3,3,2,2,3,3,3,3,3,5,3,2,2,3,3,3,3,3,3,3,2,4,4,4,2,3,3,3,3,8,1,6,3,3,3,4,3,3,3,3,3,3,3,3,3,3,1,1,1,3,3,3,6,6,6,6,6,6,6,6,7,7,7,7,7,7,7,7","0.0011451244354248","fast_greedy","edit-xhwikibooks.graphml"
"0.09","0.2","0.71","0.708355868036777","2,2,2,2,1,2,1,2,2,8,1,1,2,2,2,4,8,1,6,1,3,5,2,2,2,2,2,4,2,8,1,6,1,1,6,6,7,2,3,3,3,3,5,5,5,5,3,5,5,5,3,3,3,3,3,5,5,5,5,3,2,3,3,2,2,3,3,3,3,3,5,3,2,2,3,3,3,3,3,3,3,2,4,4,4,2,3,3,3,3,8,1,6,3,3,3,4,3,3,3,3,3,3,3,3,3,3,1,1,1,3,3,3,6,6,6,6,6,6,6,6,7,7,7,7,7,7,7,7","0.00113391876220703","fast_greedy","edit-xhwikibooks.graphml"
"0.08","0.21","0.71","0.708355868036777","2,2,2,2,1,2,1,2,2,8,1,1,2,2,2,4,8,1,6,1,3,5,2,2,2,2,2,4,2,8,1,6,1,1,6,6,7,2,3,3,3,3,5,5,5,5,3,5,5,5,3,3,3,3,3,5,5,5,5,3,2,3,3,2,2,3,3,3,3,3,5,3,2,2,3,3,3,3,3,3,3,2,4,4,4,2,3,3,3,3,8,1,6,3,3,3,4,3,3,3,3,3,3,3,3,3,3,1,1,1,3,3,3,6,6,6,6,6,6,6,6,7,7,7,7,7,7,7,7","0.00116896629333496","fast_greedy","edit-xhwikibooks.graphml"
"0.07","0.22","0.71","0.708355868036777","2,2,2,2,1,2,1,2,2,8,1,1,2,2,2,4,8,1,6,1,3,5,2,2,2,2,2,4,2,8,1,6,1,1,6,6,7,2,3,3,3,3,5,5,5,5,3,5,5,5,3,3,3,3,3,5,5,5,5,3,2,3,3,2,2,3,3,3,3,3,5,3,2,2,3,3,3,3,3,3,3,2,4,4,4,2,3,3,3,3,8,1,6,3,3,3,4,3,3,3,3,3,3,3,3,3,3,1,1,1,3,3,3,6,6,6,6,6,6,6,6,7,7,7,7,7,7,7,7","0.00117897987365723","fast_greedy","edit-xhwikibooks.graphml"
"0.06","0.23","0.71","0.708355868036777","2,2,2,2,1,2,1,2,2,8,1,1,2,2,2,4,8,1,6,1,3,5,2,2,2,2,2,4,2,8,1,6,1,1,6,6,7,2,3,3,3,3,5,5,5,5,3,5,5,5,3,3,3,3,3,5,5,5,5,3,2,3,3,2,2,3,3,3,3,3,5,3,2,2,3,3,3,3,3,3,3,2,4,4,4,2,3,3,3,3,8,1,6,3,3,3,4,3,3,3,3,3,3,3,3,3,3,1,1,1,3,3,3,6,6,6,6,6,6,6,6,7,7,7,7,7,7,7,7","0.00117707252502441","fast_greedy","edit-xhwikibooks.graphml"
"0.05","0.24","0.71","0.708355868036777","2,2,2,2,1,2,1,2,2,8,1,1,2,2,2,4,8,1,6,1,3,5,2,2,2,2,2,4,2,8,1,6,1,1,6,6,7,2,3,3,3,3,5,5,5,5,3,5,5,5,3,3,3,3,3,5,5,5,5,3,2,3,3,2,2,3,3,3,3,3,5,3,2,2,3,3,3,3,3,3,3,2,4,4,4,2,3,3,3,3,8,1,6,3,3,3,4,3,3,3,3,3,3,3,3,3,3,1,1,1,3,3,3,6,6,6,6,6,6,6,6,7,7,7,7,7,7,7,7","0.00114893913269043","fast_greedy","edit-xhwikibooks.graphml"
"0.04","0.25","0.71","0.708355868036777","2,2,2,2,1,2,1,2,2,8,1,1,2,2,2,4,8,1,6,1,3,5,2,2,2,2,2,4,2,8,1,6,1,1,6,6,7,2,3,3,3,3,5,5,5,5,3,5,5,5,3,3,3,3,3,5,5,5,5,3,2,3,3,2,2,3,3,3,3,3,5,3,2,2,3,3,3,3,3,3,3,2,4,4,4,2,3,3,3,3,8,1,6,3,3,3,4,3,3,3,3,3,3,3,3,3,3,1,1,1,3,3,3,6,6,6,6,6,6,6,6,7,7,7,7,7,7,7,7","0.00135588645935059","fast_greedy","edit-xhwikibooks.graphml"
"0.03","0.26","0.71","0.708355868036777","2,2,2,2,1,2,1,2,2,8,1,1,2,2,2,4,8,1,6,1,3,5,2,2,2,2,2,4,2,8,1,6,1,1,6,6,7,2,3,3,3,3,5,5,5,5,3,5,5,5,3,3,3,3,3,5,5,5,5,3,2,3,3,2,2,3,3,3,3,3,5,3,2,2,3,3,3,3,3,3,3,2,4,4,4,2,3,3,3,3,8,1,6,3,3,3,4,3,3,3,3,3,3,3,3,3,3,1,1,1,3,3,3,6,6,6,6,6,6,6,6,7,7,7,7,7,7,7,7","0.00109577178955078","fast_greedy","edit-xhwikibooks.graphml"
"0.02","0.27","0.71","0.708355868036777","2,2,2,2,1,2,1,2,2,8,1,1,2,2,2,4,8,1,6,1,3,5,2,2,2,2,2,4,2,8,1,6,1,1,6,6,7,2,3,3,3,3,5,5,5,5,3,5,5,5,3,3,3,3,3,5,5,5,5,3,2,3,3,2,2,3,3,3,3,3,5,3,2,2,3,3,3,3,3,3,3,2,4,4,4,2,3,3,3,3,8,1,6,3,3,3,4,3,3,3,3,3,3,3,3,3,3,1,1,1,3,3,3,6,6,6,6,6,6,6,6,7,7,7,7,7,7,7,7","0.00104212760925293","fast_greedy","edit-xhwikibooks.graphml"
"0.01","0.28","0.71","0.708355868036777","2,2,2,2,1,2,1,2,2,8,1,1,2,2,2,4,8,1,6,1,3,5,2,2,2,2,2,4,2,8,1,6,1,1,6,6,7,2,3,3,3,3,5,5,5,5,3,5,5,5,3,3,3,3,3,5,5,5,5,3,2,3,3,2,2,3,3,3,3,3,5,3,2,2,3,3,3,3,3,3,3,2,4,4,4,2,3,3,3,3,8,1,6,3,3,3,4,3,3,3,3,3,3,3,3,3,3,1,1,1,3,3,3,6,6,6,6,6,6,6,6,7,7,7,7,7,7,7,7","0.00113105773925781","fast_greedy","edit-xhwikibooks.graphml"
"0","0.29","0.71","0.682032395992634","7,7,7,7,7,7,7,7,1,10,9,3,7,1,1,4,10,9,6,3,2,5,1,7,1,1,1,4,7,10,9,6,3,3,6,6,8,1,2,2,2,2,5,5,5,5,2,5,5,5,2,2,2,2,2,5,5,5,5,2,1,2,2,7,1,2,2,2,2,2,5,2,1,1,2,2,2,2,2,2,2,1,4,4,4,7,2,2,2,2,10,9,6,2,2,2,4,2,2,2,2,2,2,2,2,2,2,3,3,3,2,2,2,6,6,6,6,6,6,6,6,8,8,8,8,8,8,8,8","0.00139999389648438","fast_greedy","edit-xhwikibooks.graphml"
"0.28","0","0.72","0.706884169488048","2,2,2,2,1,2,1,2,2,8,1,1,2,2,2,4,8,1,6,1,3,5,2,2,2,2,2,4,2,8,1,6,1,1,6,6,7,2,3,3,3,3,5,5,5,5,3,5,5,5,3,3,3,3,3,5,5,5,5,3,2,3,3,2,2,3,3,3,3,3,5,3,2,2,3,3,3,3,3,3,3,2,4,4,4,2,3,3,3,3,8,1,6,3,3,3,4,3,3,3,3,3,3,3,3,3,3,1,1,1,3,3,3,6,6,6,6,6,6,6,6,7,7,7,7,7,7,7,7","0.0011289119720459","fast_greedy","edit-xhwikibooks.graphml"
"0.27","0.01","0.72","0.706884169488048","2,2,2,2,1,2,1,2,2,8,1,1,2,2,2,4,8,1,6,1,3,5,2,2,2,2,2,4,2,8,1,6,1,1,6,6,7,2,3,3,3,3,5,5,5,5,3,5,5,5,3,3,3,3,3,5,5,5,5,3,2,3,3,2,2,3,3,3,3,3,5,3,2,2,3,3,3,3,3,3,3,2,4,4,4,2,3,3,3,3,8,1,6,3,3,3,4,3,3,3,3,3,3,3,3,3,3,1,1,1,3,3,3,6,6,6,6,6,6,6,6,7,7,7,7,7,7,7,7","0.00109410285949707","fast_greedy","edit-xhwikibooks.graphml"
"0.26","0.02","0.72","0.706884169488048","2,2,2,2,1,2,1,2,2,8,1,1,2,2,2,4,8,1,6,1,3,5,2,2,2,2,2,4,2,8,1,6,1,1,6,6,7,2,3,3,3,3,5,5,5,5,3,5,5,5,3,3,3,3,3,5,5,5,5,3,2,3,3,2,2,3,3,3,3,3,5,3,2,2,3,3,3,3,3,3,3,2,4,4,4,2,3,3,3,3,8,1,6,3,3,3,4,3,3,3,3,3,3,3,3,3,3,1,1,1,3,3,3,6,6,6,6,6,6,6,6,7,7,7,7,7,7,7,7","0.0013279914855957","fast_greedy","edit-xhwikibooks.graphml"
"0.25","0.03","0.72","0.706884169488048","2,2,2,2,1,2,1,2,2,8,1,1,2,2,2,4,8,1,6,1,3,5,2,2,2,2,2,4,2,8,1,6,1,1,6,6,7,2,3,3,3,3,5,5,5,5,3,5,5,5,3,3,3,3,3,5,5,5,5,3,2,3,3,2,2,3,3,3,3,3,5,3,2,2,3,3,3,3,3,3,3,2,4,4,4,2,3,3,3,3,8,1,6,3,3,3,4,3,3,3,3,3,3,3,3,3,3,1,1,1,3,3,3,6,6,6,6,6,6,6,6,7,7,7,7,7,7,7,7","0.00109291076660156","fast_greedy","edit-xhwikibooks.graphml"
"0.24","0.04","0.72","0.706884169488048","2,2,2,2,1,2,1,2,2,8,1,1,2,2,2,4,8,1,6,1,3,5,2,2,2,2,2,4,2,8,1,6,1,1,6,6,7,2,3,3,3,3,5,5,5,5,3,5,5,5,3,3,3,3,3,5,5,5,5,3,2,3,3,2,2,3,3,3,3,3,5,3,2,2,3,3,3,3,3,3,3,2,4,4,4,2,3,3,3,3,8,1,6,3,3,3,4,3,3,3,3,3,3,3,3,3,3,1,1,1,3,3,3,6,6,6,6,6,6,6,6,7,7,7,7,7,7,7,7","0.00189399719238281","fast_greedy","edit-xhwikibooks.graphml"
"0.23","0.05","0.72","0.706884169488048","2,2,2,2,1,2,1,2,2,8,1,1,2,2,2,4,8,1,6,1,3,5,2,2,2,2,2,4,2,8,1,6,1,1,6,6,7,2,3,3,3,3,5,5,5,5,3,5,5,5,3,3,3,3,3,5,5,5,5,3,2,3,3,2,2,3,3,3,3,3,5,3,2,2,3,3,3,3,3,3,3,2,4,4,4,2,3,3,3,3,8,1,6,3,3,3,4,3,3,3,3,3,3,3,3,3,3,1,1,1,3,3,3,6,6,6,6,6,6,6,6,7,7,7,7,7,7,7,7","0.00156402587890625","fast_greedy","edit-xhwikibooks.graphml"
"0.22","0.06","0.72","0.706884169488048","2,2,2,2,1,2,1,2,2,8,1,1,2,2,2,4,8,1,6,1,3,5,2,2,2,2,2,4,2,8,1,6,1,1,6,6,7,2,3,3,3,3,5,5,5,5,3,5,5,5,3,3,3,3,3,5,5,5,5,3,2,3,3,2,2,3,3,3,3,3,5,3,2,2,3,3,3,3,3,3,3,2,4,4,4,2,3,3,3,3,8,1,6,3,3,3,4,3,3,3,3,3,3,3,3,3,3,1,1,1,3,3,3,6,6,6,6,6,6,6,6,7,7,7,7,7,7,7,7","0.00155496597290039","fast_greedy","edit-xhwikibooks.graphml"
"0.21","0.07","0.72","0.706884169488048","2,2,2,2,1,2,1,2,2,8,1,1,2,2,2,4,8,1,6,1,3,5,2,2,2,2,2,4,2,8,1,6,1,1,6,6,7,2,3,3,3,3,5,5,5,5,3,5,5,5,3,3,3,3,3,5,5,5,5,3,2,3,3,2,2,3,3,3,3,3,5,3,2,2,3,3,3,3,3,3,3,2,4,4,4,2,3,3,3,3,8,1,6,3,3,3,4,3,3,3,3,3,3,3,3,3,3,1,1,1,3,3,3,6,6,6,6,6,6,6,6,7,7,7,7,7,7,7,7","0.00138711929321289","fast_greedy","edit-xhwikibooks.graphml"
"0.2","0.08","0.72","0.706884169488048","2,2,2,2,1,2,1,2,2,8,1,1,2,2,2,4,8,1,6,1,3,5,2,2,2,2,2,4,2,8,1,6,1,1,6,6,7,2,3,3,3,3,5,5,5,5,3,5,5,5,3,3,3,3,3,5,5,5,5,3,2,3,3,2,2,3,3,3,3,3,5,3,2,2,3,3,3,3,3,3,3,2,4,4,4,2,3,3,3,3,8,1,6,3,3,3,4,3,3,3,3,3,3,3,3,3,3,1,1,1,3,3,3,6,6,6,6,6,6,6,6,7,7,7,7,7,7,7,7","0.00131011009216309","fast_greedy","edit-xhwikibooks.graphml"
"0.19","0.09","0.72","0.706884169488048","2,2,2,2,1,2,1,2,2,8,1,1,2,2,2,4,8,1,6,1,3,5,2,2,2,2,2,4,2,8,1,6,1,1,6,6,7,2,3,3,3,3,5,5,5,5,3,5,5,5,3,3,3,3,3,5,5,5,5,3,2,3,3,2,2,3,3,3,3,3,5,3,2,2,3,3,3,3,3,3,3,2,4,4,4,2,3,3,3,3,8,1,6,3,3,3,4,3,3,3,3,3,3,3,3,3,3,1,1,1,3,3,3,6,6,6,6,6,6,6,6,7,7,7,7,7,7,7,7","0.00111293792724609","fast_greedy","edit-xhwikibooks.graphml"
"0.18","0.1","0.72","0.706884169488048","2,2,2,2,1,2,1,2,2,8,1,1,2,2,2,4,8,1,6,1,3,5,2,2,2,2,2,4,2,8,1,6,1,1,6,6,7,2,3,3,3,3,5,5,5,5,3,5,5,5,3,3,3,3,3,5,5,5,5,3,2,3,3,2,2,3,3,3,3,3,5,3,2,2,3,3,3,3,3,3,3,2,4,4,4,2,3,3,3,3,8,1,6,3,3,3,4,3,3,3,3,3,3,3,3,3,3,1,1,1,3,3,3,6,6,6,6,6,6,6,6,7,7,7,7,7,7,7,7","0.00110888481140137","fast_greedy","edit-xhwikibooks.graphml"
"0.17","0.11","0.72","0.706884169488048","2,2,2,2,1,2,1,2,2,8,1,1,2,2,2,4,8,1,6,1,3,5,2,2,2,2,2,4,2,8,1,6,1,1,6,6,7,2,3,3,3,3,5,5,5,5,3,5,5,5,3,3,3,3,3,5,5,5,5,3,2,3,3,2,2,3,3,3,3,3,5,3,2,2,3,3,3,3,3,3,3,2,4,4,4,2,3,3,3,3,8,1,6,3,3,3,4,3,3,3,3,3,3,3,3,3,3,1,1,1,3,3,3,6,6,6,6,6,6,6,6,7,7,7,7,7,7,7,7","0.00108504295349121","fast_greedy","edit-xhwikibooks.graphml"
"0.16","0.12","0.72","0.706884169488048","2,2,2,2,1,2,1,2,2,8,1,1,2,2,2,4,8,1,6,1,3,5,2,2,2,2,2,4,2,8,1,6,1,1,6,6,7,2,3,3,3,3,5,5,5,5,3,5,5,5,3,3,3,3,3,5,5,5,5,3,2,3,3,2,2,3,3,3,3,3,5,3,2,2,3,3,3,3,3,3,3,2,4,4,4,2,3,3,3,3,8,1,6,3,3,3,4,3,3,3,3,3,3,3,3,3,3,1,1,1,3,3,3,6,6,6,6,6,6,6,6,7,7,7,7,7,7,7,7","0.0014798641204834","fast_greedy","edit-xhwikibooks.graphml"
"0.15","0.13","0.72","0.706884169488048","2,2,2,2,1,2,1,2,2,8,1,1,2,2,2,4,8,1,6,1,3,5,2,2,2,2,2,4,2,8,1,6,1,1,6,6,7,2,3,3,3,3,5,5,5,5,3,5,5,5,3,3,3,3,3,5,5,5,5,3,2,3,3,2,2,3,3,3,3,3,5,3,2,2,3,3,3,3,3,3,3,2,4,4,4,2,3,3,3,3,8,1,6,3,3,3,4,3,3,3,3,3,3,3,3,3,3,1,1,1,3,3,3,6,6,6,6,6,6,6,6,7,7,7,7,7,7,7,7","0.00117206573486328","fast_greedy","edit-xhwikibooks.graphml"
"0.14","0.14","0.72","0.706884169488048","2,2,2,2,1,2,1,2,2,8,1,1,2,2,2,4,8,1,6,1,3,5,2,2,2,2,2,4,2,8,1,6,1,1,6,6,7,2,3,3,3,3,5,5,5,5,3,5,5,5,3,3,3,3,3,5,5,5,5,3,2,3,3,2,2,3,3,3,3,3,5,3,2,2,3,3,3,3,3,3,3,2,4,4,4,2,3,3,3,3,8,1,6,3,3,3,4,3,3,3,3,3,3,3,3,3,3,1,1,1,3,3,3,6,6,6,6,6,6,6,6,7,7,7,7,7,7,7,7","0.00114607810974121","fast_greedy","edit-xhwikibooks.graphml"
"0.13","0.15","0.72","0.706884169488048","2,2,2,2,1,2,1,2,2,8,1,1,2,2,2,4,8,1,6,1,3,5,2,2,2,2,2,4,2,8,1,6,1,1,6,6,7,2,3,3,3,3,5,5,5,5,3,5,5,5,3,3,3,3,3,5,5,5,5,3,2,3,3,2,2,3,3,3,3,3,5,3,2,2,3,3,3,3,3,3,3,2,4,4,4,2,3,3,3,3,8,1,6,3,3,3,4,3,3,3,3,3,3,3,3,3,3,1,1,1,3,3,3,6,6,6,6,6,6,6,6,7,7,7,7,7,7,7,7","0.00113487243652344","fast_greedy","edit-xhwikibooks.graphml"
"0.12","0.16","0.72","0.706884169488048","2,2,2,2,1,2,1,2,2,8,1,1,2,2,2,4,8,1,6,1,3,5,2,2,2,2,2,4,2,8,1,6,1,1,6,6,7,2,3,3,3,3,5,5,5,5,3,5,5,5,3,3,3,3,3,5,5,5,5,3,2,3,3,2,2,3,3,3,3,3,5,3,2,2,3,3,3,3,3,3,3,2,4,4,4,2,3,3,3,3,8,1,6,3,3,3,4,3,3,3,3,3,3,3,3,3,3,1,1,1,3,3,3,6,6,6,6,6,6,6,6,7,7,7,7,7,7,7,7","0.00113987922668457","fast_greedy","edit-xhwikibooks.graphml"
"0.11","0.17","0.72","0.708355868036777","2,2,2,2,1,2,1,2,2,8,1,1,2,2,2,4,8,1,6,1,3,5,2,2,2,2,2,4,2,8,1,6,1,1,6,6,7,2,3,3,3,3,5,5,5,5,3,5,5,5,3,3,3,3,3,5,5,5,5,3,2,3,3,2,2,3,3,3,3,3,5,3,2,2,3,3,3,3,3,3,3,2,4,4,4,2,3,3,3,3,8,1,6,3,3,3,4,3,3,3,3,3,3,3,3,3,3,1,1,1,3,3,3,6,6,6,6,6,6,6,6,7,7,7,7,7,7,7,7","0.00113701820373535","fast_greedy","edit-xhwikibooks.graphml"
"0.1","0.18","0.72","0.708355868036777","2,2,2,2,1,2,1,2,2,8,1,1,2,2,2,4,8,1,6,1,3,5,2,2,2,2,2,4,2,8,1,6,1,1,6,6,7,2,3,3,3,3,5,5,5,5,3,5,5,5,3,3,3,3,3,5,5,5,5,3,2,3,3,2,2,3,3,3,3,3,5,3,2,2,3,3,3,3,3,3,3,2,4,4,4,2,3,3,3,3,8,1,6,3,3,3,4,3,3,3,3,3,3,3,3,3,3,1,1,1,3,3,3,6,6,6,6,6,6,6,6,7,7,7,7,7,7,7,7","0.00114107131958008","fast_greedy","edit-xhwikibooks.graphml"
"0.09","0.19","0.72","0.708355868036777","2,2,2,2,1,2,1,2,2,8,1,1,2,2,2,4,8,1,6,1,3,5,2,2,2,2,2,4,2,8,1,6,1,1,6,6,7,2,3,3,3,3,5,5,5,5,3,5,5,5,3,3,3,3,3,5,5,5,5,3,2,3,3,2,2,3,3,3,3,3,5,3,2,2,3,3,3,3,3,3,3,2,4,4,4,2,3,3,3,3,8,1,6,3,3,3,4,3,3,3,3,3,3,3,3,3,3,1,1,1,3,3,3,6,6,6,6,6,6,6,6,7,7,7,7,7,7,7,7","0.00114798545837402","fast_greedy","edit-xhwikibooks.graphml"
"0.08","0.2","0.72","0.708355868036777","2,2,2,2,1,2,1,2,2,8,1,1,2,2,2,4,8,1,6,1,3,5,2,2,2,2,2,4,2,8,1,6,1,1,6,6,7,2,3,3,3,3,5,5,5,5,3,5,5,5,3,3,3,3,3,5,5,5,5,3,2,3,3,2,2,3,3,3,3,3,5,3,2,2,3,3,3,3,3,3,3,2,4,4,4,2,3,3,3,3,8,1,6,3,3,3,4,3,3,3,3,3,3,3,3,3,3,1,1,1,3,3,3,6,6,6,6,6,6,6,6,7,7,7,7,7,7,7,7","0.00126194953918457","fast_greedy","edit-xhwikibooks.graphml"
"0.07","0.21","0.72","0.708355868036777","2,2,2,2,1,2,1,2,2,8,1,1,2,2,2,4,8,1,6,1,3,5,2,2,2,2,2,4,2,8,1,6,1,1,6,6,7,2,3,3,3,3,5,5,5,5,3,5,5,5,3,3,3,3,3,5,5,5,5,3,2,3,3,2,2,3,3,3,3,3,5,3,2,2,3,3,3,3,3,3,3,2,4,4,4,2,3,3,3,3,8,1,6,3,3,3,4,3,3,3,3,3,3,3,3,3,3,1,1,1,3,3,3,6,6,6,6,6,6,6,6,7,7,7,7,7,7,7,7","0.0012359619140625","fast_greedy","edit-xhwikibooks.graphml"
"0.06","0.22","0.72","0.708355868036777","2,2,2,2,1,2,1,2,2,8,1,1,2,2,2,4,8,1,6,1,3,5,2,2,2,2,2,4,2,8,1,6,1,1,6,6,7,2,3,3,3,3,5,5,5,5,3,5,5,5,3,3,3,3,3,5,5,5,5,3,2,3,3,2,2,3,3,3,3,3,5,3,2,2,3,3,3,3,3,3,3,2,4,4,4,2,3,3,3,3,8,1,6,3,3,3,4,3,3,3,3,3,3,3,3,3,3,1,1,1,3,3,3,6,6,6,6,6,6,6,6,7,7,7,7,7,7,7,7","0.00109696388244629","fast_greedy","edit-xhwikibooks.graphml"
"0.05","0.23","0.72","0.708355868036777","2,2,2,2,1,2,1,2,2,8,1,1,2,2,2,4,8,1,6,1,3,5,2,2,2,2,2,4,2,8,1,6,1,1,6,6,7,2,3,3,3,3,5,5,5,5,3,5,5,5,3,3,3,3,3,5,5,5,5,3,2,3,3,2,2,3,3,3,3,3,5,3,2,2,3,3,3,3,3,3,3,2,4,4,4,2,3,3,3,3,8,1,6,3,3,3,4,3,3,3,3,3,3,3,3,3,3,1,1,1,3,3,3,6,6,6,6,6,6,6,6,7,7,7,7,7,7,7,7","0.00111103057861328","fast_greedy","edit-xhwikibooks.graphml"
"0.04","0.24","0.72","0.708355868036777","2,2,2,2,1,2,1,2,2,8,1,1,2,2,2,4,8,1,6,1,3,5,2,2,2,2,2,4,2,8,1,6,1,1,6,6,7,2,3,3,3,3,5,5,5,5,3,5,5,5,3,3,3,3,3,5,5,5,5,3,2,3,3,2,2,3,3,3,3,3,5,3,2,2,3,3,3,3,3,3,3,2,4,4,4,2,3,3,3,3,8,1,6,3,3,3,4,3,3,3,3,3,3,3,3,3,3,1,1,1,3,3,3,6,6,6,6,6,6,6,6,7,7,7,7,7,7,7,7","0.0011131763458252","fast_greedy","edit-xhwikibooks.graphml"
"0.03","0.25","0.72","0.708355868036777","2,2,2,2,1,2,1,2,2,8,1,1,2,2,2,4,8,1,6,1,3,5,2,2,2,2,2,4,2,8,1,6,1,1,6,6,7,2,3,3,3,3,5,5,5,5,3,5,5,5,3,3,3,3,3,5,5,5,5,3,2,3,3,2,2,3,3,3,3,3,5,3,2,2,3,3,3,3,3,3,3,2,4,4,4,2,3,3,3,3,8,1,6,3,3,3,4,3,3,3,3,3,3,3,3,3,3,1,1,1,3,3,3,6,6,6,6,6,6,6,6,7,7,7,7,7,7,7,7","0.00113987922668457","fast_greedy","edit-xhwikibooks.graphml"
"0.02","0.26","0.72","0.708355868036777","2,2,2,2,1,2,1,2,2,8,1,1,2,2,2,4,8,1,6,1,3,5,2,2,2,2,2,4,2,8,1,6,1,1,6,6,7,2,3,3,3,3,5,5,5,5,3,5,5,5,3,3,3,3,3,5,5,5,5,3,2,3,3,2,2,3,3,3,3,3,5,3,2,2,3,3,3,3,3,3,3,2,4,4,4,2,3,3,3,3,8,1,6,3,3,3,4,3,3,3,3,3,3,3,3,3,3,1,1,1,3,3,3,6,6,6,6,6,6,6,6,7,7,7,7,7,7,7,7","0.00133204460144043","fast_greedy","edit-xhwikibooks.graphml"
"0.01","0.27","0.72","0.708355868036777","2,2,2,2,1,2,1,2,2,8,1,1,2,2,2,4,8,1,6,1,3,5,2,2,2,2,2,4,2,8,1,6,1,1,6,6,7,2,3,3,3,3,5,5,5,5,3,5,5,5,3,3,3,3,3,5,5,5,5,3,2,3,3,2,2,3,3,3,3,3,5,3,2,2,3,3,3,3,3,3,3,2,4,4,4,2,3,3,3,3,8,1,6,3,3,3,4,3,3,3,3,3,3,3,3,3,3,1,1,1,3,3,3,6,6,6,6,6,6,6,6,7,7,7,7,7,7,7,7","0.00115084648132324","fast_greedy","edit-xhwikibooks.graphml"
"0","0.28","0.72","0.682032395992634","7,7,7,7,7,7,7,7,1,10,9,3,7,1,1,4,10,9,6,3,2,5,1,7,1,1,1,4,7,10,9,6,3,3,6,6,8,1,2,2,2,2,5,5,5,5,2,5,5,5,2,2,2,2,2,5,5,5,5,2,1,2,2,7,1,2,2,2,2,2,5,2,1,1,2,2,2,2,2,2,2,1,4,4,4,7,2,2,2,2,10,9,6,2,2,2,4,2,2,2,2,2,2,2,2,2,2,3,3,3,2,2,2,6,6,6,6,6,6,6,6,8,8,8,8,8,8,8,8","0.00112485885620117","fast_greedy","edit-xhwikibooks.graphml"
"0.27","0","0.73","0.706884169488048","2,2,2,2,1,2,1,2,2,8,1,1,2,2,2,4,8,1,6,1,3,5,2,2,2,2,2,4,2,8,1,6,1,1,6,6,7,2,3,3,3,3,5,5,5,5,3,5,5,5,3,3,3,3,3,5,5,5,5,3,2,3,3,2,2,3,3,3,3,3,5,3,2,2,3,3,3,3,3,3,3,2,4,4,4,2,3,3,3,3,8,1,6,3,3,3,4,3,3,3,3,3,3,3,3,3,3,1,1,1,3,3,3,6,6,6,6,6,6,6,6,7,7,7,7,7,7,7,7","0.00110316276550293","fast_greedy","edit-xhwikibooks.graphml"
"0.26","0.01","0.73","0.706884169488048","2,2,2,2,1,2,1,2,2,8,1,1,2,2,2,4,8,1,6,1,3,5,2,2,2,2,2,4,2,8,1,6,1,1,6,6,7,2,3,3,3,3,5,5,5,5,3,5,5,5,3,3,3,3,3,5,5,5,5,3,2,3,3,2,2,3,3,3,3,3,5,3,2,2,3,3,3,3,3,3,3,2,4,4,4,2,3,3,3,3,8,1,6,3,3,3,4,3,3,3,3,3,3,3,3,3,3,1,1,1,3,3,3,6,6,6,6,6,6,6,6,7,7,7,7,7,7,7,7","0.00124812126159668","fast_greedy","edit-xhwikibooks.graphml"
"0.25","0.02","0.73","0.706884169488048","2,2,2,2,1,2,1,2,2,8,1,1,2,2,2,4,8,1,6,1,3,5,2,2,2,2,2,4,2,8,1,6,1,1,6,6,7,2,3,3,3,3,5,5,5,5,3,5,5,5,3,3,3,3,3,5,5,5,5,3,2,3,3,2,2,3,3,3,3,3,5,3,2,2,3,3,3,3,3,3,3,2,4,4,4,2,3,3,3,3,8,1,6,3,3,3,4,3,3,3,3,3,3,3,3,3,3,1,1,1,3,3,3,6,6,6,6,6,6,6,6,7,7,7,7,7,7,7,7","0.00109100341796875","fast_greedy","edit-xhwikibooks.graphml"
"0.24","0.03","0.73","0.706884169488048","2,2,2,2,1,2,1,2,2,8,1,1,2,2,2,4,8,1,6,1,3,5,2,2,2,2,2,4,2,8,1,6,1,1,6,6,7,2,3,3,3,3,5,5,5,5,3,5,5,5,3,3,3,3,3,5,5,5,5,3,2,3,3,2,2,3,3,3,3,3,5,3,2,2,3,3,3,3,3,3,3,2,4,4,4,2,3,3,3,3,8,1,6,3,3,3,4,3,3,3,3,3,3,3,3,3,3,1,1,1,3,3,3,6,6,6,6,6,6,6,6,7,7,7,7,7,7,7,7","0.00109601020812988","fast_greedy","edit-xhwikibooks.graphml"
"0.23","0.04","0.73","0.706884169488048","2,2,2,2,1,2,1,2,2,8,1,1,2,2,2,4,8,1,6,1,3,5,2,2,2,2,2,4,2,8,1,6,1,1,6,6,7,2,3,3,3,3,5,5,5,5,3,5,5,5,3,3,3,3,3,5,5,5,5,3,2,3,3,2,2,3,3,3,3,3,5,3,2,2,3,3,3,3,3,3,3,2,4,4,4,2,3,3,3,3,8,1,6,3,3,3,4,3,3,3,3,3,3,3,3,3,3,1,1,1,3,3,3,6,6,6,6,6,6,6,6,7,7,7,7,7,7,7,7","0.00109291076660156","fast_greedy","edit-xhwikibooks.graphml"
"0.22","0.05","0.73","0.706884169488048","2,2,2,2,1,2,1,2,2,8,1,1,2,2,2,4,8,1,6,1,3,5,2,2,2,2,2,4,2,8,1,6,1,1,6,6,7,2,3,3,3,3,5,5,5,5,3,5,5,5,3,3,3,3,3,5,5,5,5,3,2,3,3,2,2,3,3,3,3,3,5,3,2,2,3,3,3,3,3,3,3,2,4,4,4,2,3,3,3,3,8,1,6,3,3,3,4,3,3,3,3,3,3,3,3,3,3,1,1,1,3,3,3,6,6,6,6,6,6,6,6,7,7,7,7,7,7,7,7","0.00111079216003418","fast_greedy","edit-xhwikibooks.graphml"
"0.21","0.06","0.73","0.706884169488048","2,2,2,2,1,2,1,2,2,8,1,1,2,2,2,4,8,1,6,1,3,5,2,2,2,2,2,4,2,8,1,6,1,1,6,6,7,2,3,3,3,3,5,5,5,5,3,5,5,5,3,3,3,3,3,5,5,5,5,3,2,3,3,2,2,3,3,3,3,3,5,3,2,2,3,3,3,3,3,3,3,2,4,4,4,2,3,3,3,3,8,1,6,3,3,3,4,3,3,3,3,3,3,3,3,3,3,1,1,1,3,3,3,6,6,6,6,6,6,6,6,7,7,7,7,7,7,7,7","0.00115418434143066","fast_greedy","edit-xhwikibooks.graphml"
"0.2","0.07","0.73","0.706884169488048","2,2,2,2,1,2,1,2,2,8,1,1,2,2,2,4,8,1,6,1,3,5,2,2,2,2,2,4,2,8,1,6,1,1,6,6,7,2,3,3,3,3,5,5,5,5,3,5,5,5,3,3,3,3,3,5,5,5,5,3,2,3,3,2,2,3,3,3,3,3,5,3,2,2,3,3,3,3,3,3,3,2,4,4,4,2,3,3,3,3,8,1,6,3,3,3,4,3,3,3,3,3,3,3,3,3,3,1,1,1,3,3,3,6,6,6,6,6,6,6,6,7,7,7,7,7,7,7,7","0.00113296508789062","fast_greedy","edit-xhwikibooks.graphml"
"0.19","0.08","0.73","0.706884169488048","2,2,2,2,1,2,1,2,2,8,1,1,2,2,2,4,8,1,6,1,3,5,2,2,2,2,2,4,2,8,1,6,1,1,6,6,7,2,3,3,3,3,5,5,5,5,3,5,5,5,3,3,3,3,3,5,5,5,5,3,2,3,3,2,2,3,3,3,3,3,5,3,2,2,3,3,3,3,3,3,3,2,4,4,4,2,3,3,3,3,8,1,6,3,3,3,4,3,3,3,3,3,3,3,3,3,3,1,1,1,3,3,3,6,6,6,6,6,6,6,6,7,7,7,7,7,7,7,7","0.00116515159606934","fast_greedy","edit-xhwikibooks.graphml"
"0.18","0.09","0.73","0.706884169488048","2,2,2,2,1,2,1,2,2,8,1,1,2,2,2,4,8,1,6,1,3,5,2,2,2,2,2,4,2,8,1,6,1,1,6,6,7,2,3,3,3,3,5,5,5,5,3,5,5,5,3,3,3,3,3,5,5,5,5,3,2,3,3,2,2,3,3,3,3,3,5,3,2,2,3,3,3,3,3,3,3,2,4,4,4,2,3,3,3,3,8,1,6,3,3,3,4,3,3,3,3,3,3,3,3,3,3,1,1,1,3,3,3,6,6,6,6,6,6,6,6,7,7,7,7,7,7,7,7","0.00115108489990234","fast_greedy","edit-xhwikibooks.graphml"
"0.17","0.1","0.73","0.706884169488048","2,2,2,2,1,2,1,2,2,8,1,1,2,2,2,4,8,1,6,1,3,5,2,2,2,2,2,4,2,8,1,6,1,1,6,6,7,2,3,3,3,3,5,5,5,5,3,5,5,5,3,3,3,3,3,5,5,5,5,3,2,3,3,2,2,3,3,3,3,3,5,3,2,2,3,3,3,3,3,3,3,2,4,4,4,2,3,3,3,3,8,1,6,3,3,3,4,3,3,3,3,3,3,3,3,3,3,1,1,1,3,3,3,6,6,6,6,6,6,6,6,7,7,7,7,7,7,7,7","0.00134706497192383","fast_greedy","edit-xhwikibooks.graphml"
"0.16","0.11","0.73","0.706884169488048","2,2,2,2,1,2,1,2,2,8,1,1,2,2,2,4,8,1,6,1,3,5,2,2,2,2,2,4,2,8,1,6,1,1,6,6,7,2,3,3,3,3,5,5,5,5,3,5,5,5,3,3,3,3,3,5,5,5,5,3,2,3,3,2,2,3,3,3,3,3,5,3,2,2,3,3,3,3,3,3,3,2,4,4,4,2,3,3,3,3,8,1,6,3,3,3,4,3,3,3,3,3,3,3,3,3,3,1,1,1,3,3,3,6,6,6,6,6,6,6,6,7,7,7,7,7,7,7,7","0.00125384330749512","fast_greedy","edit-xhwikibooks.graphml"
"0.15","0.12","0.73","0.706884169488048","2,2,2,2,1,2,1,2,2,8,1,1,2,2,2,4,8,1,6,1,3,5,2,2,2,2,2,4,2,8,1,6,1,1,6,6,7,2,3,3,3,3,5,5,5,5,3,5,5,5,3,3,3,3,3,5,5,5,5,3,2,3,3,2,2,3,3,3,3,3,5,3,2,2,3,3,3,3,3,3,3,2,4,4,4,2,3,3,3,3,8,1,6,3,3,3,4,3,3,3,3,3,3,3,3,3,3,1,1,1,3,3,3,6,6,6,6,6,6,6,6,7,7,7,7,7,7,7,7","0.00112295150756836","fast_greedy","edit-xhwikibooks.graphml"
"0.14","0.13","0.73","0.706884169488048","2,2,2,2,1,2,1,2,2,8,1,1,2,2,2,4,8,1,6,1,3,5,2,2,2,2,2,4,2,8,1,6,1,1,6,6,7,2,3,3,3,3,5,5,5,5,3,5,5,5,3,3,3,3,3,5,5,5,5,3,2,3,3,2,2,3,3,3,3,3,5,3,2,2,3,3,3,3,3,3,3,2,4,4,4,2,3,3,3,3,8,1,6,3,3,3,4,3,3,3,3,3,3,3,3,3,3,1,1,1,3,3,3,6,6,6,6,6,6,6,6,7,7,7,7,7,7,7,7","0.00113105773925781","fast_greedy","edit-xhwikibooks.graphml"
"0.13","0.14","0.73","0.706884169488048","2,2,2,2,1,2,1,2,2,8,1,1,2,2,2,4,8,1,6,1,3,5,2,2,2,2,2,4,2,8,1,6,1,1,6,6,7,2,3,3,3,3,5,5,5,5,3,5,5,5,3,3,3,3,3,5,5,5,5,3,2,3,3,2,2,3,3,3,3,3,5,3,2,2,3,3,3,3,3,3,3,2,4,4,4,2,3,3,3,3,8,1,6,3,3,3,4,3,3,3,3,3,3,3,3,3,3,1,1,1,3,3,3,6,6,6,6,6,6,6,6,7,7,7,7,7,7,7,7","0.00114107131958008","fast_greedy","edit-xhwikibooks.graphml"
"0.12","0.15","0.73","0.706884169488048","2,2,2,2,1,2,1,2,2,8,1,1,2,2,2,4,8,1,6,1,3,5,2,2,2,2,2,4,2,8,1,6,1,1,6,6,7,2,3,3,3,3,5,5,5,5,3,5,5,5,3,3,3,3,3,5,5,5,5,3,2,3,3,2,2,3,3,3,3,3,5,3,2,2,3,3,3,3,3,3,3,2,4,4,4,2,3,3,3,3,8,1,6,3,3,3,4,3,3,3,3,3,3,3,3,3,3,1,1,1,3,3,3,6,6,6,6,6,6,6,6,7,7,7,7,7,7,7,7","0.00116777420043945","fast_greedy","edit-xhwikibooks.graphml"
"0.11","0.16","0.73","0.706884169488048","2,2,2,2,1,2,1,2,2,8,1,1,2,2,2,4,8,1,6,1,3,5,2,2,2,2,2,4,2,8,1,6,1,1,6,6,7,2,3,3,3,3,5,5,5,5,3,5,5,5,3,3,3,3,3,5,5,5,5,3,2,3,3,2,2,3,3,3,3,3,5,3,2,2,3,3,3,3,3,3,3,2,4,4,4,2,3,3,3,3,8,1,6,3,3,3,4,3,3,3,3,3,3,3,3,3,3,1,1,1,3,3,3,6,6,6,6,6,6,6,6,7,7,7,7,7,7,7,7","0.00106596946716309","fast_greedy","edit-xhwikibooks.graphml"
"0.1","0.17","0.73","0.708355868036777","2,2,2,2,1,2,1,2,2,8,1,1,2,2,2,4,8,1,6,1,3,5,2,2,2,2,2,4,2,8,1,6,1,1,6,6,7,2,3,3,3,3,5,5,5,5,3,5,5,5,3,3,3,3,3,5,5,5,5,3,2,3,3,2,2,3,3,3,3,3,5,3,2,2,3,3,3,3,3,3,3,2,4,4,4,2,3,3,3,3,8,1,6,3,3,3,4,3,3,3,3,3,3,3,3,3,3,1,1,1,3,3,3,6,6,6,6,6,6,6,6,7,7,7,7,7,7,7,7","0.00117802619934082","fast_greedy","edit-xhwikibooks.graphml"
"0.09","0.18","0.73","0.708355868036777","2,2,2,2,1,2,1,2,2,8,1,1,2,2,2,4,8,1,6,1,3,5,2,2,2,2,2,4,2,8,1,6,1,1,6,6,7,2,3,3,3,3,5,5,5,5,3,5,5,5,3,3,3,3,3,5,5,5,5,3,2,3,3,2,2,3,3,3,3,3,5,3,2,2,3,3,3,3,3,3,3,2,4,4,4,2,3,3,3,3,8,1,6,3,3,3,4,3,3,3,3,3,3,3,3,3,3,1,1,1,3,3,3,6,6,6,6,6,6,6,6,7,7,7,7,7,7,7,7","0.0011141300201416","fast_greedy","edit-xhwikibooks.graphml"
"0.08","0.19","0.73","0.708355868036777","2,2,2,2,1,2,1,2,2,8,1,1,2,2,2,4,8,1,6,1,3,5,2,2,2,2,2,4,2,8,1,6,1,1,6,6,7,2,3,3,3,3,5,5,5,5,3,5,5,5,3,3,3,3,3,5,5,5,5,3,2,3,3,2,2,3,3,3,3,3,5,3,2,2,3,3,3,3,3,3,3,2,4,4,4,2,3,3,3,3,8,1,6,3,3,3,4,3,3,3,3,3,3,3,3,3,3,1,1,1,3,3,3,6,6,6,6,6,6,6,6,7,7,7,7,7,7,7,7","0.00134801864624023","fast_greedy","edit-xhwikibooks.graphml"
"0.07","0.2","0.73","0.708355868036777","2,2,2,2,1,2,1,2,2,8,1,1,2,2,2,4,8,1,6,1,3,5,2,2,2,2,2,4,2,8,1,6,1,1,6,6,7,2,3,3,3,3,5,5,5,5,3,5,5,5,3,3,3,3,3,5,5,5,5,3,2,3,3,2,2,3,3,3,3,3,5,3,2,2,3,3,3,3,3,3,3,2,4,4,4,2,3,3,3,3,8,1,6,3,3,3,4,3,3,3,3,3,3,3,3,3,3,1,1,1,3,3,3,6,6,6,6,6,6,6,6,7,7,7,7,7,7,7,7","0.00113081932067871","fast_greedy","edit-xhwikibooks.graphml"
"0.06","0.21","0.73","0.708355868036777","2,2,2,2,1,2,1,2,2,8,1,1,2,2,2,4,8,1,6,1,3,5,2,2,2,2,2,4,2,8,1,6,1,1,6,6,7,2,3,3,3,3,5,5,5,5,3,5,5,5,3,3,3,3,3,5,5,5,5,3,2,3,3,2,2,3,3,3,3,3,5,3,2,2,3,3,3,3,3,3,3,2,4,4,4,2,3,3,3,3,8,1,6,3,3,3,4,3,3,3,3,3,3,3,3,3,3,1,1,1,3,3,3,6,6,6,6,6,6,6,6,7,7,7,7,7,7,7,7","0.00114083290100098","fast_greedy","edit-xhwikibooks.graphml"
"0.05","0.22","0.73","0.708355868036777","2,2,2,2,1,2,1,2,2,8,1,1,2,2,2,4,8,1,6,1,3,5,2,2,2,2,2,4,2,8,1,6,1,1,6,6,7,2,3,3,3,3,5,5,5,5,3,5,5,5,3,3,3,3,3,5,5,5,5,3,2,3,3,2,2,3,3,3,3,3,5,3,2,2,3,3,3,3,3,3,3,2,4,4,4,2,3,3,3,3,8,1,6,3,3,3,4,3,3,3,3,3,3,3,3,3,3,1,1,1,3,3,3,6,6,6,6,6,6,6,6,7,7,7,7,7,7,7,7","0.00112795829772949","fast_greedy","edit-xhwikibooks.graphml"
"0.04","0.23","0.73","0.708355868036777","2,2,2,2,1,2,1,2,2,8,1,1,2,2,2,4,8,1,6,1,3,5,2,2,2,2,2,4,2,8,1,6,1,1,6,6,7,2,3,3,3,3,5,5,5,5,3,5,5,5,3,3,3,3,3,5,5,5,5,3,2,3,3,2,2,3,3,3,3,3,5,3,2,2,3,3,3,3,3,3,3,2,4,4,4,2,3,3,3,3,8,1,6,3,3,3,4,3,3,3,3,3,3,3,3,3,3,1,1,1,3,3,3,6,6,6,6,6,6,6,6,7,7,7,7,7,7,7,7","0.00116205215454102","fast_greedy","edit-xhwikibooks.graphml"
"0.03","0.24","0.73","0.708355868036777","2,2,2,2,1,2,1,2,2,8,1,1,2,2,2,4,8,1,6,1,3,5,2,2,2,2,2,4,2,8,1,6,1,1,6,6,7,2,3,3,3,3,5,5,5,5,3,5,5,5,3,3,3,3,3,5,5,5,5,3,2,3,3,2,2,3,3,3,3,3,5,3,2,2,3,3,3,3,3,3,3,2,4,4,4,2,3,3,3,3,8,1,6,3,3,3,4,3,3,3,3,3,3,3,3,3,3,1,1,1,3,3,3,6,6,6,6,6,6,6,6,7,7,7,7,7,7,7,7","0.00122380256652832","fast_greedy","edit-xhwikibooks.graphml"
"0.02","0.25","0.73","0.708355868036777","2,2,2,2,1,2,1,2,2,8,1,1,2,2,2,4,8,1,6,1,3,5,2,2,2,2,2,4,2,8,1,6,1,1,6,6,7,2,3,3,3,3,5,5,5,5,3,5,5,5,3,3,3,3,3,5,5,5,5,3,2,3,3,2,2,3,3,3,3,3,5,3,2,2,3,3,3,3,3,3,3,2,4,4,4,2,3,3,3,3,8,1,6,3,3,3,4,3,3,3,3,3,3,3,3,3,3,1,1,1,3,3,3,6,6,6,6,6,6,6,6,7,7,7,7,7,7,7,7","0.00139498710632324","fast_greedy","edit-xhwikibooks.graphml"
"0.01","0.26","0.73","0.708355868036777","2,2,2,2,1,2,1,2,2,8,1,1,2,2,2,4,8,1,6,1,3,5,2,2,2,2,2,4,2,8,1,6,1,1,6,6,7,2,3,3,3,3,5,5,5,5,3,5,5,5,3,3,3,3,3,5,5,5,5,3,2,3,3,2,2,3,3,3,3,3,5,3,2,2,3,3,3,3,3,3,3,2,4,4,4,2,3,3,3,3,8,1,6,3,3,3,4,3,3,3,3,3,3,3,3,3,3,1,1,1,3,3,3,6,6,6,6,6,6,6,6,7,7,7,7,7,7,7,7","0.00115108489990234","fast_greedy","edit-xhwikibooks.graphml"
"0","0.27","0.73","0.682032395992634","7,7,7,7,7,7,7,7,1,10,9,3,7,1,1,4,10,9,6,3,2,5,1,7,1,1,1,4,7,10,9,6,3,3,6,6,8,1,2,2,2,2,5,5,5,5,2,5,5,5,2,2,2,2,2,5,5,5,5,2,1,2,2,7,1,2,2,2,2,2,5,2,1,1,2,2,2,2,2,2,2,1,4,4,4,7,2,2,2,2,10,9,6,2,2,2,4,2,2,2,2,2,2,2,2,2,2,3,3,3,2,2,2,6,6,6,6,6,6,6,6,8,8,8,8,8,8,8,8","0.0011451244354248","fast_greedy","edit-xhwikibooks.graphml"
"0.26","0","0.74","0.706884169488048","2,2,2,2,1,2,1,2,2,8,1,1,2,2,2,4,8,1,6,1,3,5,2,2,2,2,2,4,2,8,1,6,1,1,6,6,7,2,3,3,3,3,5,5,5,5,3,5,5,5,3,3,3,3,3,5,5,5,5,3,2,3,3,2,2,3,3,3,3,3,5,3,2,2,3,3,3,3,3,3,3,2,4,4,4,2,3,3,3,3,8,1,6,3,3,3,4,3,3,3,3,3,3,3,3,3,3,1,1,1,3,3,3,6,6,6,6,6,6,6,6,7,7,7,7,7,7,7,7","0.00155019760131836","fast_greedy","edit-xhwikibooks.graphml"
"0.25","0.01","0.74","0.706884169488048","2,2,2,2,1,2,1,2,2,8,1,1,2,2,2,4,8,1,6,1,3,5,2,2,2,2,2,4,2,8,1,6,1,1,6,6,7,2,3,3,3,3,5,5,5,5,3,5,5,5,3,3,3,3,3,5,5,5,5,3,2,3,3,2,2,3,3,3,3,3,5,3,2,2,3,3,3,3,3,3,3,2,4,4,4,2,3,3,3,3,8,1,6,3,3,3,4,3,3,3,3,3,3,3,3,3,3,1,1,1,3,3,3,6,6,6,6,6,6,6,6,7,7,7,7,7,7,7,7","0.00136089324951172","fast_greedy","edit-xhwikibooks.graphml"
"0.24","0.02","0.74","0.706884169488048","2,2,2,2,1,2,1,2,2,8,1,1,2,2,2,4,8,1,6,1,3,5,2,2,2,2,2,4,2,8,1,6,1,1,6,6,7,2,3,3,3,3,5,5,5,5,3,5,5,5,3,3,3,3,3,5,5,5,5,3,2,3,3,2,2,3,3,3,3,3,5,3,2,2,3,3,3,3,3,3,3,2,4,4,4,2,3,3,3,3,8,1,6,3,3,3,4,3,3,3,3,3,3,3,3,3,3,1,1,1,3,3,3,6,6,6,6,6,6,6,6,7,7,7,7,7,7,7,7","0.00112414360046387","fast_greedy","edit-xhwikibooks.graphml"
"0.23","0.03","0.74","0.706884169488048","2,2,2,2,1,2,1,2,2,8,1,1,2,2,2,4,8,1,6,1,3,5,2,2,2,2,2,4,2,8,1,6,1,1,6,6,7,2,3,3,3,3,5,5,5,5,3,5,5,5,3,3,3,3,3,5,5,5,5,3,2,3,3,2,2,3,3,3,3,3,5,3,2,2,3,3,3,3,3,3,3,2,4,4,4,2,3,3,3,3,8,1,6,3,3,3,4,3,3,3,3,3,3,3,3,3,3,1,1,1,3,3,3,6,6,6,6,6,6,6,6,7,7,7,7,7,7,7,7","0.00113415718078613","fast_greedy","edit-xhwikibooks.graphml"
"0.22","0.04","0.74","0.706884169488048","2,2,2,2,1,2,1,2,2,8,1,1,2,2,2,4,8,1,6,1,3,5,2,2,2,2,2,4,2,8,1,6,1,1,6,6,7,2,3,3,3,3,5,5,5,5,3,5,5,5,3,3,3,3,3,5,5,5,5,3,2,3,3,2,2,3,3,3,3,3,5,3,2,2,3,3,3,3,3,3,3,2,4,4,4,2,3,3,3,3,8,1,6,3,3,3,4,3,3,3,3,3,3,3,3,3,3,1,1,1,3,3,3,6,6,6,6,6,6,6,6,7,7,7,7,7,7,7,7","0.00113606452941895","fast_greedy","edit-xhwikibooks.graphml"
"0.21","0.05","0.74","0.706884169488048","2,2,2,2,1,2,1,2,2,8,1,1,2,2,2,4,8,1,6,1,3,5,2,2,2,2,2,4,2,8,1,6,1,1,6,6,7,2,3,3,3,3,5,5,5,5,3,5,5,5,3,3,3,3,3,5,5,5,5,3,2,3,3,2,2,3,3,3,3,3,5,3,2,2,3,3,3,3,3,3,3,2,4,4,4,2,3,3,3,3,8,1,6,3,3,3,4,3,3,3,3,3,3,3,3,3,3,1,1,1,3,3,3,6,6,6,6,6,6,6,6,7,7,7,7,7,7,7,7","0.0012660026550293","fast_greedy","edit-xhwikibooks.graphml"
"0.2","0.06","0.74","0.706884169488048","2,2,2,2,1,2,1,2,2,8,1,1,2,2,2,4,8,1,6,1,3,5,2,2,2,2,2,4,2,8,1,6,1,1,6,6,7,2,3,3,3,3,5,5,5,5,3,5,5,5,3,3,3,3,3,5,5,5,5,3,2,3,3,2,2,3,3,3,3,3,5,3,2,2,3,3,3,3,3,3,3,2,4,4,4,2,3,3,3,3,8,1,6,3,3,3,4,3,3,3,3,3,3,3,3,3,3,1,1,1,3,3,3,6,6,6,6,6,6,6,6,7,7,7,7,7,7,7,7","0.00116086006164551","fast_greedy","edit-xhwikibooks.graphml"
"0.19","0.07","0.74","0.706884169488048","2,2,2,2,1,2,1,2,2,8,1,1,2,2,2,4,8,1,6,1,3,5,2,2,2,2,2,4,2,8,1,6,1,1,6,6,7,2,3,3,3,3,5,5,5,5,3,5,5,5,3,3,3,3,3,5,5,5,5,3,2,3,3,2,2,3,3,3,3,3,5,3,2,2,3,3,3,3,3,3,3,2,4,4,4,2,3,3,3,3,8,1,6,3,3,3,4,3,3,3,3,3,3,3,3,3,3,1,1,1,3,3,3,6,6,6,6,6,6,6,6,7,7,7,7,7,7,7,7","0.00113391876220703","fast_greedy","edit-xhwikibooks.graphml"
"0.18","0.08","0.74","0.706884169488048","2,2,2,2,1,2,1,2,2,8,1,1,2,2,2,4,8,1,6,1,3,5,2,2,2,2,2,4,2,8,1,6,1,1,6,6,7,2,3,3,3,3,5,5,5,5,3,5,5,5,3,3,3,3,3,5,5,5,5,3,2,3,3,2,2,3,3,3,3,3,5,3,2,2,3,3,3,3,3,3,3,2,4,4,4,2,3,3,3,3,8,1,6,3,3,3,4,3,3,3,3,3,3,3,3,3,3,1,1,1,3,3,3,6,6,6,6,6,6,6,6,7,7,7,7,7,7,7,7","0.00115704536437988","fast_greedy","edit-xhwikibooks.graphml"
"0.17","0.09","0.74","0.706884169488048","2,2,2,2,1,2,1,2,2,8,1,1,2,2,2,4,8,1,6,1,3,5,2,2,2,2,2,4,2,8,1,6,1,1,6,6,7,2,3,3,3,3,5,5,5,5,3,5,5,5,3,3,3,3,3,5,5,5,5,3,2,3,3,2,2,3,3,3,3,3,5,3,2,2,3,3,3,3,3,3,3,2,4,4,4,2,3,3,3,3,8,1,6,3,3,3,4,3,3,3,3,3,3,3,3,3,3,1,1,1,3,3,3,6,6,6,6,6,6,6,6,7,7,7,7,7,7,7,7","0.00116109848022461","fast_greedy","edit-xhwikibooks.graphml"
"0.16","0.1","0.74","0.706884169488048","2,2,2,2,1,2,1,2,2,8,1,1,2,2,2,4,8,1,6,1,3,5,2,2,2,2,2,4,2,8,1,6,1,1,6,6,7,2,3,3,3,3,5,5,5,5,3,5,5,5,3,3,3,3,3,5,5,5,5,3,2,3,3,2,2,3,3,3,3,3,5,3,2,2,3,3,3,3,3,3,3,2,4,4,4,2,3,3,3,3,8,1,6,3,3,3,4,3,3,3,3,3,3,3,3,3,3,1,1,1,3,3,3,6,6,6,6,6,6,6,6,7,7,7,7,7,7,7,7","0.0011298656463623","fast_greedy","edit-xhwikibooks.graphml"
"0.15","0.11","0.74","0.706884169488048","2,2,2,2,1,2,1,2,2,8,1,1,2,2,2,4,8,1,6,1,3,5,2,2,2,2,2,4,2,8,1,6,1,1,6,6,7,2,3,3,3,3,5,5,5,5,3,5,5,5,3,3,3,3,3,5,5,5,5,3,2,3,3,2,2,3,3,3,3,3,5,3,2,2,3,3,3,3,3,3,3,2,4,4,4,2,3,3,3,3,8,1,6,3,3,3,4,3,3,3,3,3,3,3,3,3,3,1,1,1,3,3,3,6,6,6,6,6,6,6,6,7,7,7,7,7,7,7,7","0.0012049674987793","fast_greedy","edit-xhwikibooks.graphml"
"0.14","0.12","0.74","0.706884169488048","2,2,2,2,1,2,1,2,2,8,1,1,2,2,2,4,8,1,6,1,3,5,2,2,2,2,2,4,2,8,1,6,1,1,6,6,7,2,3,3,3,3,5,5,5,5,3,5,5,5,3,3,3,3,3,5,5,5,5,3,2,3,3,2,2,3,3,3,3,3,5,3,2,2,3,3,3,3,3,3,3,2,4,4,4,2,3,3,3,3,8,1,6,3,3,3,4,3,3,3,3,3,3,3,3,3,3,1,1,1,3,3,3,6,6,6,6,6,6,6,6,7,7,7,7,7,7,7,7","0.00100183486938477","fast_greedy","edit-xhwikibooks.graphml"
"0.13","0.13","0.74","0.706884169488048","2,2,2,2,1,2,1,2,2,8,1,1,2,2,2,4,8,1,6,1,3,5,2,2,2,2,2,4,2,8,1,6,1,1,6,6,7,2,3,3,3,3,5,5,5,5,3,5,5,5,3,3,3,3,3,5,5,5,5,3,2,3,3,2,2,3,3,3,3,3,5,3,2,2,3,3,3,3,3,3,3,2,4,4,4,2,3,3,3,3,8,1,6,3,3,3,4,3,3,3,3,3,3,3,3,3,3,1,1,1,3,3,3,6,6,6,6,6,6,6,6,7,7,7,7,7,7,7,7","0.000977039337158203","fast_greedy","edit-xhwikibooks.graphml"
"0.12","0.14","0.74","0.706884169488048","2,2,2,2,1,2,1,2,2,8,1,1,2,2,2,4,8,1,6,1,3,5,2,2,2,2,2,4,2,8,1,6,1,1,6,6,7,2,3,3,3,3,5,5,5,5,3,5,5,5,3,3,3,3,3,5,5,5,5,3,2,3,3,2,2,3,3,3,3,3,5,3,2,2,3,3,3,3,3,3,3,2,4,4,4,2,3,3,3,3,8,1,6,3,3,3,4,3,3,3,3,3,3,3,3,3,3,1,1,1,3,3,3,6,6,6,6,6,6,6,6,7,7,7,7,7,7,7,7","0.000995874404907227","fast_greedy","edit-xhwikibooks.graphml"
"0.11","0.15","0.74","0.706884169488048","2,2,2,2,1,2,1,2,2,8,1,1,2,2,2,4,8,1,6,1,3,5,2,2,2,2,2,4,2,8,1,6,1,1,6,6,7,2,3,3,3,3,5,5,5,5,3,5,5,5,3,3,3,3,3,5,5,5,5,3,2,3,3,2,2,3,3,3,3,3,5,3,2,2,3,3,3,3,3,3,3,2,4,4,4,2,3,3,3,3,8,1,6,3,3,3,4,3,3,3,3,3,3,3,3,3,3,1,1,1,3,3,3,6,6,6,6,6,6,6,6,7,7,7,7,7,7,7,7","0.000969171524047852","fast_greedy","edit-xhwikibooks.graphml"
"0.1","0.16","0.74","0.706884169488048","2,2,2,2,1,2,1,2,2,8,1,1,2,2,2,4,8,1,6,1,3,5,2,2,2,2,2,4,2,8,1,6,1,1,6,6,7,2,3,3,3,3,5,5,5,5,3,5,5,5,3,3,3,3,3,5,5,5,5,3,2,3,3,2,2,3,3,3,3,3,5,3,2,2,3,3,3,3,3,3,3,2,4,4,4,2,3,3,3,3,8,1,6,3,3,3,4,3,3,3,3,3,3,3,3,3,3,1,1,1,3,3,3,6,6,6,6,6,6,6,6,7,7,7,7,7,7,7,7","0.00101089477539062","fast_greedy","edit-xhwikibooks.graphml"
"0.09","0.17","0.74","0.708355868036777","2,2,2,2,1,2,1,2,2,8,1,1,2,2,2,4,8,1,6,1,3,5,2,2,2,2,2,4,2,8,1,6,1,1,6,6,7,2,3,3,3,3,5,5,5,5,3,5,5,5,3,3,3,3,3,5,5,5,5,3,2,3,3,2,2,3,3,3,3,3,5,3,2,2,3,3,3,3,3,3,3,2,4,4,4,2,3,3,3,3,8,1,6,3,3,3,4,3,3,3,3,3,3,3,3,3,3,1,1,1,3,3,3,6,6,6,6,6,6,6,6,7,7,7,7,7,7,7,7","0.00104689598083496","fast_greedy","edit-xhwikibooks.graphml"
"0.08","0.18","0.74","0.708355868036777","2,2,2,2,1,2,1,2,2,8,1,1,2,2,2,4,8,1,6,1,3,5,2,2,2,2,2,4,2,8,1,6,1,1,6,6,7,2,3,3,3,3,5,5,5,5,3,5,5,5,3,3,3,3,3,5,5,5,5,3,2,3,3,2,2,3,3,3,3,3,5,3,2,2,3,3,3,3,3,3,3,2,4,4,4,2,3,3,3,3,8,1,6,3,3,3,4,3,3,3,3,3,3,3,3,3,3,1,1,1,3,3,3,6,6,6,6,6,6,6,6,7,7,7,7,7,7,7,7","0.00113010406494141","fast_greedy","edit-xhwikibooks.graphml"
"0.07","0.19","0.74","0.708355868036777","2,2,2,2,1,2,1,2,2,8,1,1,2,2,2,4,8,1,6,1,3,5,2,2,2,2,2,4,2,8,1,6,1,1,6,6,7,2,3,3,3,3,5,5,5,5,3,5,5,5,3,3,3,3,3,5,5,5,5,3,2,3,3,2,2,3,3,3,3,3,5,3,2,2,3,3,3,3,3,3,3,2,4,4,4,2,3,3,3,3,8,1,6,3,3,3,4,3,3,3,3,3,3,3,3,3,3,1,1,1,3,3,3,6,6,6,6,6,6,6,6,7,7,7,7,7,7,7,7","0.00101590156555176","fast_greedy","edit-xhwikibooks.graphml"
"0.06","0.2","0.74","0.708355868036777","2,2,2,2,1,2,1,2,2,8,1,1,2,2,2,4,8,1,6,1,3,5,2,2,2,2,2,4,2,8,1,6,1,1,6,6,7,2,3,3,3,3,5,5,5,5,3,5,5,5,3,3,3,3,3,5,5,5,5,3,2,3,3,2,2,3,3,3,3,3,5,3,2,2,3,3,3,3,3,3,3,2,4,4,4,2,3,3,3,3,8,1,6,3,3,3,4,3,3,3,3,3,3,3,3,3,3,1,1,1,3,3,3,6,6,6,6,6,6,6,6,7,7,7,7,7,7,7,7","0.00117683410644531","fast_greedy","edit-xhwikibooks.graphml"
"0.05","0.21","0.74","0.708355868036777","2,2,2,2,1,2,1,2,2,8,1,1,2,2,2,4,8,1,6,1,3,5,2,2,2,2,2,4,2,8,1,6,1,1,6,6,7,2,3,3,3,3,5,5,5,5,3,5,5,5,3,3,3,3,3,5,5,5,5,3,2,3,3,2,2,3,3,3,3,3,5,3,2,2,3,3,3,3,3,3,3,2,4,4,4,2,3,3,3,3,8,1,6,3,3,3,4,3,3,3,3,3,3,3,3,3,3,1,1,1,3,3,3,6,6,6,6,6,6,6,6,7,7,7,7,7,7,7,7","0.00116586685180664","fast_greedy","edit-xhwikibooks.graphml"
"0.04","0.22","0.74","0.708355868036777","2,2,2,2,1,2,1,2,2,8,1,1,2,2,2,4,8,1,6,1,3,5,2,2,2,2,2,4,2,8,1,6,1,1,6,6,7,2,3,3,3,3,5,5,5,5,3,5,5,5,3,3,3,3,3,5,5,5,5,3,2,3,3,2,2,3,3,3,3,3,5,3,2,2,3,3,3,3,3,3,3,2,4,4,4,2,3,3,3,3,8,1,6,3,3,3,4,3,3,3,3,3,3,3,3,3,3,1,1,1,3,3,3,6,6,6,6,6,6,6,6,7,7,7,7,7,7,7,7","0.00118017196655273","fast_greedy","edit-xhwikibooks.graphml"
"0.03","0.23","0.74","0.708355868036777","2,2,2,2,1,2,1,2,2,8,1,1,2,2,2,4,8,1,6,1,3,5,2,2,2,2,2,4,2,8,1,6,1,1,6,6,7,2,3,3,3,3,5,5,5,5,3,5,5,5,3,3,3,3,3,5,5,5,5,3,2,3,3,2,2,3,3,3,3,3,5,3,2,2,3,3,3,3,3,3,3,2,4,4,4,2,3,3,3,3,8,1,6,3,3,3,4,3,3,3,3,3,3,3,3,3,3,1,1,1,3,3,3,6,6,6,6,6,6,6,6,7,7,7,7,7,7,7,7","0.00116801261901855","fast_greedy","edit-xhwikibooks.graphml"
"0.02","0.24","0.74","0.708355868036777","2,2,2,2,1,2,1,2,2,8,1,1,2,2,2,4,8,1,6,1,3,5,2,2,2,2,2,4,2,8,1,6,1,1,6,6,7,2,3,3,3,3,5,5,5,5,3,5,5,5,3,3,3,3,3,5,5,5,5,3,2,3,3,2,2,3,3,3,3,3,5,3,2,2,3,3,3,3,3,3,3,2,4,4,4,2,3,3,3,3,8,1,6,3,3,3,4,3,3,3,3,3,3,3,3,3,3,1,1,1,3,3,3,6,6,6,6,6,6,6,6,7,7,7,7,7,7,7,7","0.00118708610534668","fast_greedy","edit-xhwikibooks.graphml"
"0.01","0.25","0.74","0.708355868036777","2,2,2,2,1,2,1,2,2,8,1,1,2,2,2,4,8,1,6,1,3,5,2,2,2,2,2,4,2,8,1,6,1,1,6,6,7,2,3,3,3,3,5,5,5,5,3,5,5,5,3,3,3,3,3,5,5,5,5,3,2,3,3,2,2,3,3,3,3,3,5,3,2,2,3,3,3,3,3,3,3,2,4,4,4,2,3,3,3,3,8,1,6,3,3,3,4,3,3,3,3,3,3,3,3,3,3,1,1,1,3,3,3,6,6,6,6,6,6,6,6,7,7,7,7,7,7,7,7","0.00132417678833008","fast_greedy","edit-xhwikibooks.graphml"
"0","0.26","0.74","0.682032395992634","7,7,7,7,7,7,7,7,1,10,9,3,7,1,1,4,10,9,6,3,2,5,1,7,1,1,1,4,7,10,9,6,3,3,6,6,8,1,2,2,2,2,5,5,5,5,2,5,5,5,2,2,2,2,2,5,5,5,5,2,1,2,2,7,1,2,2,2,2,2,5,2,1,1,2,2,2,2,2,2,2,1,4,4,4,7,2,2,2,2,10,9,6,2,2,2,4,2,2,2,2,2,2,2,2,2,2,3,3,3,2,2,2,6,6,6,6,6,6,6,6,8,8,8,8,8,8,8,8","0.00107884407043457","fast_greedy","edit-xhwikibooks.graphml"
"0.25","0","0.75","0.706884169488048","2,2,2,2,1,2,1,2,2,8,1,1,2,2,2,4,8,1,6,1,3,5,2,2,2,2,2,4,2,8,1,6,1,1,6,6,7,2,3,3,3,3,5,5,5,5,3,5,5,5,3,3,3,3,3,5,5,5,5,3,2,3,3,2,2,3,3,3,3,3,5,3,2,2,3,3,3,3,3,3,3,2,4,4,4,2,3,3,3,3,8,1,6,3,3,3,4,3,3,3,3,3,3,3,3,3,3,1,1,1,3,3,3,6,6,6,6,6,6,6,6,7,7,7,7,7,7,7,7","0.00107002258300781","fast_greedy","edit-xhwikibooks.graphml"
"0.24","0.01","0.75","0.706884169488048","2,2,2,2,1,2,1,2,2,8,1,1,2,2,2,4,8,1,6,1,3,5,2,2,2,2,2,4,2,8,1,6,1,1,6,6,7,2,3,3,3,3,5,5,5,5,3,5,5,5,3,3,3,3,3,5,5,5,5,3,2,3,3,2,2,3,3,3,3,3,5,3,2,2,3,3,3,3,3,3,3,2,4,4,4,2,3,3,3,3,8,1,6,3,3,3,4,3,3,3,3,3,3,3,3,3,3,1,1,1,3,3,3,6,6,6,6,6,6,6,6,7,7,7,7,7,7,7,7","0.00108194351196289","fast_greedy","edit-xhwikibooks.graphml"
"0.23","0.02","0.75","0.706884169488048","2,2,2,2,1,2,1,2,2,8,1,1,2,2,2,4,8,1,6,1,3,5,2,2,2,2,2,4,2,8,1,6,1,1,6,6,7,2,3,3,3,3,5,5,5,5,3,5,5,5,3,3,3,3,3,5,5,5,5,3,2,3,3,2,2,3,3,3,3,3,5,3,2,2,3,3,3,3,3,3,3,2,4,4,4,2,3,3,3,3,8,1,6,3,3,3,4,3,3,3,3,3,3,3,3,3,3,1,1,1,3,3,3,6,6,6,6,6,6,6,6,7,7,7,7,7,7,7,7","0.00108194351196289","fast_greedy","edit-xhwikibooks.graphml"
"0.22","0.03","0.75","0.706884169488048","2,2,2,2,1,2,1,2,2,8,1,1,2,2,2,4,8,1,6,1,3,5,2,2,2,2,2,4,2,8,1,6,1,1,6,6,7,2,3,3,3,3,5,5,5,5,3,5,5,5,3,3,3,3,3,5,5,5,5,3,2,3,3,2,2,3,3,3,3,3,5,3,2,2,3,3,3,3,3,3,3,2,4,4,4,2,3,3,3,3,8,1,6,3,3,3,4,3,3,3,3,3,3,3,3,3,3,1,1,1,3,3,3,6,6,6,6,6,6,6,6,7,7,7,7,7,7,7,7","0.00106596946716309","fast_greedy","edit-xhwikibooks.graphml"
"0.21","0.04","0.75","0.706884169488048","2,2,2,2,1,2,1,2,2,8,1,1,2,2,2,4,8,1,6,1,3,5,2,2,2,2,2,4,2,8,1,6,1,1,6,6,7,2,3,3,3,3,5,5,5,5,3,5,5,5,3,3,3,3,3,5,5,5,5,3,2,3,3,2,2,3,3,3,3,3,5,3,2,2,3,3,3,3,3,3,3,2,4,4,4,2,3,3,3,3,8,1,6,3,3,3,4,3,3,3,3,3,3,3,3,3,3,1,1,1,3,3,3,6,6,6,6,6,6,6,6,7,7,7,7,7,7,7,7","0.00101590156555176","fast_greedy","edit-xhwikibooks.graphml"
"0.2","0.05","0.75","0.706884169488048","2,2,2,2,1,2,1,2,2,8,1,1,2,2,2,4,8,1,6,1,3,5,2,2,2,2,2,4,2,8,1,6,1,1,6,6,7,2,3,3,3,3,5,5,5,5,3,5,5,5,3,3,3,3,3,5,5,5,5,3,2,3,3,2,2,3,3,3,3,3,5,3,2,2,3,3,3,3,3,3,3,2,4,4,4,2,3,3,3,3,8,1,6,3,3,3,4,3,3,3,3,3,3,3,3,3,3,1,1,1,3,3,3,6,6,6,6,6,6,6,6,7,7,7,7,7,7,7,7","0.00110292434692383","fast_greedy","edit-xhwikibooks.graphml"
"0.19","0.06","0.75","0.706884169488048","2,2,2,2,1,2,1,2,2,8,1,1,2,2,2,4,8,1,6,1,3,5,2,2,2,2,2,4,2,8,1,6,1,1,6,6,7,2,3,3,3,3,5,5,5,5,3,5,5,5,3,3,3,3,3,5,5,5,5,3,2,3,3,2,2,3,3,3,3,3,5,3,2,2,3,3,3,3,3,3,3,2,4,4,4,2,3,3,3,3,8,1,6,3,3,3,4,3,3,3,3,3,3,3,3,3,3,1,1,1,3,3,3,6,6,6,6,6,6,6,6,7,7,7,7,7,7,7,7","0.000990867614746094","fast_greedy","edit-xhwikibooks.graphml"
"0.18","0.07","0.75","0.706884169488048","2,2,2,2,1,2,1,2,2,8,1,1,2,2,2,4,8,1,6,1,3,5,2,2,2,2,2,4,2,8,1,6,1,1,6,6,7,2,3,3,3,3,5,5,5,5,3,5,5,5,3,3,3,3,3,5,5,5,5,3,2,3,3,2,2,3,3,3,3,3,5,3,2,2,3,3,3,3,3,3,3,2,4,4,4,2,3,3,3,3,8,1,6,3,3,3,4,3,3,3,3,3,3,3,3,3,3,1,1,1,3,3,3,6,6,6,6,6,6,6,6,7,7,7,7,7,7,7,7","0.00116991996765137","fast_greedy","edit-xhwikibooks.graphml"
"0.17","0.08","0.75","0.706884169488048","2,2,2,2,1,2,1,2,2,8,1,1,2,2,2,4,8,1,6,1,3,5,2,2,2,2,2,4,2,8,1,6,1,1,6,6,7,2,3,3,3,3,5,5,5,5,3,5,5,5,3,3,3,3,3,5,5,5,5,3,2,3,3,2,2,3,3,3,3,3,5,3,2,2,3,3,3,3,3,3,3,2,4,4,4,2,3,3,3,3,8,1,6,3,3,3,4,3,3,3,3,3,3,3,3,3,3,1,1,1,3,3,3,6,6,6,6,6,6,6,6,7,7,7,7,7,7,7,7","0.000982046127319336","fast_greedy","edit-xhwikibooks.graphml"
"0.16","0.09","0.75","0.706884169488048","2,2,2,2,1,2,1,2,2,8,1,1,2,2,2,4,8,1,6,1,3,5,2,2,2,2,2,4,2,8,1,6,1,1,6,6,7,2,3,3,3,3,5,5,5,5,3,5,5,5,3,3,3,3,3,5,5,5,5,3,2,3,3,2,2,3,3,3,3,3,5,3,2,2,3,3,3,3,3,3,3,2,4,4,4,2,3,3,3,3,8,1,6,3,3,3,4,3,3,3,3,3,3,3,3,3,3,1,1,1,3,3,3,6,6,6,6,6,6,6,6,7,7,7,7,7,7,7,7","0.000979900360107422","fast_greedy","edit-xhwikibooks.graphml"
"0.15","0.1","0.75","0.706884169488048","2,2,2,2,1,2,1,2,2,8,1,1,2,2,2,4,8,1,6,1,3,5,2,2,2,2,2,4,2,8,1,6,1,1,6,6,7,2,3,3,3,3,5,5,5,5,3,5,5,5,3,3,3,3,3,5,5,5,5,3,2,3,3,2,2,3,3,3,3,3,5,3,2,2,3,3,3,3,3,3,3,2,4,4,4,2,3,3,3,3,8,1,6,3,3,3,4,3,3,3,3,3,3,3,3,3,3,1,1,1,3,3,3,6,6,6,6,6,6,6,6,7,7,7,7,7,7,7,7","0.00101208686828613","fast_greedy","edit-xhwikibooks.graphml"
"0.14","0.11","0.75","0.706884169488048","2,2,2,2,1,2,1,2,2,8,1,1,2,2,2,4,8,1,6,1,3,5,2,2,2,2,2,4,2,8,1,6,1,1,6,6,7,2,3,3,3,3,5,5,5,5,3,5,5,5,3,3,3,3,3,5,5,5,5,3,2,3,3,2,2,3,3,3,3,3,5,3,2,2,3,3,3,3,3,3,3,2,4,4,4,2,3,3,3,3,8,1,6,3,3,3,4,3,3,3,3,3,3,3,3,3,3,1,1,1,3,3,3,6,6,6,6,6,6,6,6,7,7,7,7,7,7,7,7","0.00101709365844727","fast_greedy","edit-xhwikibooks.graphml"
"0.13","0.12","0.75","0.706884169488048","2,2,2,2,1,2,1,2,2,8,1,1,2,2,2,4,8,1,6,1,3,5,2,2,2,2,2,4,2,8,1,6,1,1,6,6,7,2,3,3,3,3,5,5,5,5,3,5,5,5,3,3,3,3,3,5,5,5,5,3,2,3,3,2,2,3,3,3,3,3,5,3,2,2,3,3,3,3,3,3,3,2,4,4,4,2,3,3,3,3,8,1,6,3,3,3,4,3,3,3,3,3,3,3,3,3,3,1,1,1,3,3,3,6,6,6,6,6,6,6,6,7,7,7,7,7,7,7,7","0.000985145568847656","fast_greedy","edit-xhwikibooks.graphml"
"0.12","0.13","0.75","0.706884169488048","2,2,2,2,1,2,1,2,2,8,1,1,2,2,2,4,8,1,6,1,3,5,2,2,2,2,2,4,2,8,1,6,1,1,6,6,7,2,3,3,3,3,5,5,5,5,3,5,5,5,3,3,3,3,3,5,5,5,5,3,2,3,3,2,2,3,3,3,3,3,5,3,2,2,3,3,3,3,3,3,3,2,4,4,4,2,3,3,3,3,8,1,6,3,3,3,4,3,3,3,3,3,3,3,3,3,3,1,1,1,3,3,3,6,6,6,6,6,6,6,6,7,7,7,7,7,7,7,7","0.000976085662841797","fast_greedy","edit-xhwikibooks.graphml"
"0.11","0.14","0.75","0.706884169488048","2,2,2,2,1,2,1,2,2,8,1,1,2,2,2,4,8,1,6,1,3,5,2,2,2,2,2,4,2,8,1,6,1,1,6,6,7,2,3,3,3,3,5,5,5,5,3,5,5,5,3,3,3,3,3,5,5,5,5,3,2,3,3,2,2,3,3,3,3,3,5,3,2,2,3,3,3,3,3,3,3,2,4,4,4,2,3,3,3,3,8,1,6,3,3,3,4,3,3,3,3,3,3,3,3,3,3,1,1,1,3,3,3,6,6,6,6,6,6,6,6,7,7,7,7,7,7,7,7","0.00100398063659668","fast_greedy","edit-xhwikibooks.graphml"
"0.1","0.15","0.75","0.706884169488048","2,2,2,2,1,2,1,2,2,8,1,1,2,2,2,4,8,1,6,1,3,5,2,2,2,2,2,4,2,8,1,6,1,1,6,6,7,2,3,3,3,3,5,5,5,5,3,5,5,5,3,3,3,3,3,5,5,5,5,3,2,3,3,2,2,3,3,3,3,3,5,3,2,2,3,3,3,3,3,3,3,2,4,4,4,2,3,3,3,3,8,1,6,3,3,3,4,3,3,3,3,3,3,3,3,3,3,1,1,1,3,3,3,6,6,6,6,6,6,6,6,7,7,7,7,7,7,7,7","0.00104498863220215","fast_greedy","edit-xhwikibooks.graphml"
"0.09","0.16","0.75","0.706884169488048","2,2,2,2,1,2,1,2,2,8,1,1,2,2,2,4,8,1,6,1,3,5,2,2,2,2,2,4,2,8,1,6,1,1,6,6,7,2,3,3,3,3,5,5,5,5,3,5,5,5,3,3,3,3,3,5,5,5,5,3,2,3,3,2,2,3,3,3,3,3,5,3,2,2,3,3,3,3,3,3,3,2,4,4,4,2,3,3,3,3,8,1,6,3,3,3,4,3,3,3,3,3,3,3,3,3,3,1,1,1,3,3,3,6,6,6,6,6,6,6,6,7,7,7,7,7,7,7,7","0.000969171524047852","fast_greedy","edit-xhwikibooks.graphml"
"0.08","0.17","0.75","0.708355868036777","2,2,2,2,1,2,1,2,2,8,1,1,2,2,2,4,8,1,6,1,3,5,2,2,2,2,2,4,2,8,1,6,1,1,6,6,7,2,3,3,3,3,5,5,5,5,3,5,5,5,3,3,3,3,3,5,5,5,5,3,2,3,3,2,2,3,3,3,3,3,5,3,2,2,3,3,3,3,3,3,3,2,4,4,4,2,3,3,3,3,8,1,6,3,3,3,4,3,3,3,3,3,3,3,3,3,3,1,1,1,3,3,3,6,6,6,6,6,6,6,6,7,7,7,7,7,7,7,7","0.00117802619934082","fast_greedy","edit-xhwikibooks.graphml"
"0.07","0.18","0.75","0.708355868036777","2,2,2,2,1,2,1,2,2,8,1,1,2,2,2,4,8,1,6,1,3,5,2,2,2,2,2,4,2,8,1,6,1,1,6,6,7,2,3,3,3,3,5,5,5,5,3,5,5,5,3,3,3,3,3,5,5,5,5,3,2,3,3,2,2,3,3,3,3,3,5,3,2,2,3,3,3,3,3,3,3,2,4,4,4,2,3,3,3,3,8,1,6,3,3,3,4,3,3,3,3,3,3,3,3,3,3,1,1,1,3,3,3,6,6,6,6,6,6,6,6,7,7,7,7,7,7,7,7","0.000978946685791016","fast_greedy","edit-xhwikibooks.graphml"
"0.06","0.19","0.75","0.708355868036777","2,2,2,2,1,2,1,2,2,8,1,1,2,2,2,4,8,1,6,1,3,5,2,2,2,2,2,4,2,8,1,6,1,1,6,6,7,2,3,3,3,3,5,5,5,5,3,5,5,5,3,3,3,3,3,5,5,5,5,3,2,3,3,2,2,3,3,3,3,3,5,3,2,2,3,3,3,3,3,3,3,2,4,4,4,2,3,3,3,3,8,1,6,3,3,3,4,3,3,3,3,3,3,3,3,3,3,1,1,1,3,3,3,6,6,6,6,6,6,6,6,7,7,7,7,7,7,7,7","0.000982999801635742","fast_greedy","edit-xhwikibooks.graphml"
"0.05","0.2","0.75","0.708355868036777","2,2,2,2,1,2,1,2,2,8,1,1,2,2,2,4,8,1,6,1,3,5,2,2,2,2,2,4,2,8,1,6,1,1,6,6,7,2,3,3,3,3,5,5,5,5,3,5,5,5,3,3,3,3,3,5,5,5,5,3,2,3,3,2,2,3,3,3,3,3,5,3,2,2,3,3,3,3,3,3,3,2,4,4,4,2,3,3,3,3,8,1,6,3,3,3,4,3,3,3,3,3,3,3,3,3,3,1,1,1,3,3,3,6,6,6,6,6,6,6,6,7,7,7,7,7,7,7,7","0.000982999801635742","fast_greedy","edit-xhwikibooks.graphml"
"0.04","0.21","0.75","0.708355868036777","2,2,2,2,1,2,1,2,2,8,1,1,2,2,2,4,8,1,6,1,3,5,2,2,2,2,2,4,2,8,1,6,1,1,6,6,7,2,3,3,3,3,5,5,5,5,3,5,5,5,3,3,3,3,3,5,5,5,5,3,2,3,3,2,2,3,3,3,3,3,5,3,2,2,3,3,3,3,3,3,3,2,4,4,4,2,3,3,3,3,8,1,6,3,3,3,4,3,3,3,3,3,3,3,3,3,3,1,1,1,3,3,3,6,6,6,6,6,6,6,6,7,7,7,7,7,7,7,7","0.000999927520751953","fast_greedy","edit-xhwikibooks.graphml"
"0.03","0.22","0.75","0.708355868036777","2,2,2,2,1,2,1,2,2,8,1,1,2,2,2,4,8,1,6,1,3,5,2,2,2,2,2,4,2,8,1,6,1,1,6,6,7,2,3,3,3,3,5,5,5,5,3,5,5,5,3,3,3,3,3,5,5,5,5,3,2,3,3,2,2,3,3,3,3,3,5,3,2,2,3,3,3,3,3,3,3,2,4,4,4,2,3,3,3,3,8,1,6,3,3,3,4,3,3,3,3,3,3,3,3,3,3,1,1,1,3,3,3,6,6,6,6,6,6,6,6,7,7,7,7,7,7,7,7","0.00100398063659668","fast_greedy","edit-xhwikibooks.graphml"
"0.02","0.23","0.75","0.708355868036777","2,2,2,2,1,2,1,2,2,8,1,1,2,2,2,4,8,1,6,1,3,5,2,2,2,2,2,4,2,8,1,6,1,1,6,6,7,2,3,3,3,3,5,5,5,5,3,5,5,5,3,3,3,3,3,5,5,5,5,3,2,3,3,2,2,3,3,3,3,3,5,3,2,2,3,3,3,3,3,3,3,2,4,4,4,2,3,3,3,3,8,1,6,3,3,3,4,3,3,3,3,3,3,3,3,3,3,1,1,1,3,3,3,6,6,6,6,6,6,6,6,7,7,7,7,7,7,7,7","0.00098109245300293","fast_greedy","edit-xhwikibooks.graphml"
"0.01","0.24","0.75","0.708355868036777","2,2,2,2,1,2,1,2,2,8,1,1,2,2,2,4,8,1,6,1,3,5,2,2,2,2,2,4,2,8,1,6,1,1,6,6,7,2,3,3,3,3,5,5,5,5,3,5,5,5,3,3,3,3,3,5,5,5,5,3,2,3,3,2,2,3,3,3,3,3,5,3,2,2,3,3,3,3,3,3,3,2,4,4,4,2,3,3,3,3,8,1,6,3,3,3,4,3,3,3,3,3,3,3,3,3,3,1,1,1,3,3,3,6,6,6,6,6,6,6,6,7,7,7,7,7,7,7,7","0.000985145568847656","fast_greedy","edit-xhwikibooks.graphml"
"0","0.25","0.75","0.682032395992634","7,7,7,7,7,7,7,7,1,10,9,3,7,1,1,4,10,9,6,3,2,5,1,7,1,1,1,4,7,10,9,6,3,3,6,6,8,1,2,2,2,2,5,5,5,5,2,5,5,5,2,2,2,2,2,5,5,5,5,2,1,2,2,7,1,2,2,2,2,2,5,2,1,1,2,2,2,2,2,2,2,1,4,4,4,7,2,2,2,2,10,9,6,2,2,2,4,2,2,2,2,2,2,2,2,2,2,3,3,3,2,2,2,6,6,6,6,6,6,6,6,8,8,8,8,8,8,8,8","0.000982046127319336","fast_greedy","edit-xhwikibooks.graphml"
"0.24","0","0.76","0.706884169488048","2,2,2,2,1,2,1,2,2,8,1,1,2,2,2,4,8,1,6,1,3,5,2,2,2,2,2,4,2,8,1,6,1,1,6,6,7,2,3,3,3,3,5,5,5,5,3,5,5,5,3,3,3,3,3,5,5,5,5,3,2,3,3,2,2,3,3,3,3,3,5,3,2,2,3,3,3,3,3,3,3,2,4,4,4,2,3,3,3,3,8,1,6,3,3,3,4,3,3,3,3,3,3,3,3,3,3,1,1,1,3,3,3,6,6,6,6,6,6,6,6,7,7,7,7,7,7,7,7","0.000957012176513672","fast_greedy","edit-xhwikibooks.graphml"
"0.23","0.01","0.76","0.706884169488048","2,2,2,2,1,2,1,2,2,8,1,1,2,2,2,4,8,1,6,1,3,5,2,2,2,2,2,4,2,8,1,6,1,1,6,6,7,2,3,3,3,3,5,5,5,5,3,5,5,5,3,3,3,3,3,5,5,5,5,3,2,3,3,2,2,3,3,3,3,3,5,3,2,2,3,3,3,3,3,3,3,2,4,4,4,2,3,3,3,3,8,1,6,3,3,3,4,3,3,3,3,3,3,3,3,3,3,1,1,1,3,3,3,6,6,6,6,6,6,6,6,7,7,7,7,7,7,7,7","0.000973939895629883","fast_greedy","edit-xhwikibooks.graphml"
"0.22","0.02","0.76","0.706884169488048","2,2,2,2,1,2,1,2,2,8,1,1,2,2,2,4,8,1,6,1,3,5,2,2,2,2,2,4,2,8,1,6,1,1,6,6,7,2,3,3,3,3,5,5,5,5,3,5,5,5,3,3,3,3,3,5,5,5,5,3,2,3,3,2,2,3,3,3,3,3,5,3,2,2,3,3,3,3,3,3,3,2,4,4,4,2,3,3,3,3,8,1,6,3,3,3,4,3,3,3,3,3,3,3,3,3,3,1,1,1,3,3,3,6,6,6,6,6,6,6,6,7,7,7,7,7,7,7,7","0.00100898742675781","fast_greedy","edit-xhwikibooks.graphml"
"0.21","0.03","0.76","0.706884169488048","2,2,2,2,1,2,1,2,2,8,1,1,2,2,2,4,8,1,6,1,3,5,2,2,2,2,2,4,2,8,1,6,1,1,6,6,7,2,3,3,3,3,5,5,5,5,3,5,5,5,3,3,3,3,3,5,5,5,5,3,2,3,3,2,2,3,3,3,3,3,5,3,2,2,3,3,3,3,3,3,3,2,4,4,4,2,3,3,3,3,8,1,6,3,3,3,4,3,3,3,3,3,3,3,3,3,3,1,1,1,3,3,3,6,6,6,6,6,6,6,6,7,7,7,7,7,7,7,7","0.000963926315307617","fast_greedy","edit-xhwikibooks.graphml"
"0.2","0.04","0.76","0.706884169488048","2,2,2,2,1,2,1,2,2,8,1,1,2,2,2,4,8,1,6,1,3,5,2,2,2,2,2,4,2,8,1,6,1,1,6,6,7,2,3,3,3,3,5,5,5,5,3,5,5,5,3,3,3,3,3,5,5,5,5,3,2,3,3,2,2,3,3,3,3,3,5,3,2,2,3,3,3,3,3,3,3,2,4,4,4,2,3,3,3,3,8,1,6,3,3,3,4,3,3,3,3,3,3,3,3,3,3,1,1,1,3,3,3,6,6,6,6,6,6,6,6,7,7,7,7,7,7,7,7","0.000979900360107422","fast_greedy","edit-xhwikibooks.graphml"
"0.19","0.05","0.76","0.706884169488048","2,2,2,2,1,2,1,2,2,8,1,1,2,2,2,4,8,1,6,1,3,5,2,2,2,2,2,4,2,8,1,6,1,1,6,6,7,2,3,3,3,3,5,5,5,5,3,5,5,5,3,3,3,3,3,5,5,5,5,3,2,3,3,2,2,3,3,3,3,3,5,3,2,2,3,3,3,3,3,3,3,2,4,4,4,2,3,3,3,3,8,1,6,3,3,3,4,3,3,3,3,3,3,3,3,3,3,1,1,1,3,3,3,6,6,6,6,6,6,6,6,7,7,7,7,7,7,7,7","0.000980138778686523","fast_greedy","edit-xhwikibooks.graphml"
"0.18","0.06","0.76","0.706884169488048","2,2,2,2,1,2,1,2,2,8,1,1,2,2,2,4,8,1,6,1,3,5,2,2,2,2,2,4,2,8,1,6,1,1,6,6,7,2,3,3,3,3,5,5,5,5,3,5,5,5,3,3,3,3,3,5,5,5,5,3,2,3,3,2,2,3,3,3,3,3,5,3,2,2,3,3,3,3,3,3,3,2,4,4,4,2,3,3,3,3,8,1,6,3,3,3,4,3,3,3,3,3,3,3,3,3,3,1,1,1,3,3,3,6,6,6,6,6,6,6,6,7,7,7,7,7,7,7,7","0.000989913940429688","fast_greedy","edit-xhwikibooks.graphml"
"0.17","0.07","0.76","0.706884169488048","2,2,2,2,1,2,1,2,2,8,1,1,2,2,2,4,8,1,6,1,3,5,2,2,2,2,2,4,2,8,1,6,1,1,6,6,7,2,3,3,3,3,5,5,5,5,3,5,5,5,3,3,3,3,3,5,5,5,5,3,2,3,3,2,2,3,3,3,3,3,5,3,2,2,3,3,3,3,3,3,3,2,4,4,4,2,3,3,3,3,8,1,6,3,3,3,4,3,3,3,3,3,3,3,3,3,3,1,1,1,3,3,3,6,6,6,6,6,6,6,6,7,7,7,7,7,7,7,7","0.000970125198364258","fast_greedy","edit-xhwikibooks.graphml"
"0.16","0.08","0.76","0.706884169488048","2,2,2,2,1,2,1,2,2,8,1,1,2,2,2,4,8,1,6,1,3,5,2,2,2,2,2,4,2,8,1,6,1,1,6,6,7,2,3,3,3,3,5,5,5,5,3,5,5,5,3,3,3,3,3,5,5,5,5,3,2,3,3,2,2,3,3,3,3,3,5,3,2,2,3,3,3,3,3,3,3,2,4,4,4,2,3,3,3,3,8,1,6,3,3,3,4,3,3,3,3,3,3,3,3,3,3,1,1,1,3,3,3,6,6,6,6,6,6,6,6,7,7,7,7,7,7,7,7","0.000974893569946289","fast_greedy","edit-xhwikibooks.graphml"
"0.15","0.09","0.76","0.706884169488048","2,2,2,2,1,2,1,2,2,8,1,1,2,2,2,4,8,1,6,1,3,5,2,2,2,2,2,4,2,8,1,6,1,1,6,6,7,2,3,3,3,3,5,5,5,5,3,5,5,5,3,3,3,3,3,5,5,5,5,3,2,3,3,2,2,3,3,3,3,3,5,3,2,2,3,3,3,3,3,3,3,2,4,4,4,2,3,3,3,3,8,1,6,3,3,3,4,3,3,3,3,3,3,3,3,3,3,1,1,1,3,3,3,6,6,6,6,6,6,6,6,7,7,7,7,7,7,7,7","0.000958919525146484","fast_greedy","edit-xhwikibooks.graphml"
"0.14","0.1","0.76","0.706884169488048","2,2,2,2,1,2,1,2,2,8,1,1,2,2,2,4,8,1,6,1,3,5,2,2,2,2,2,4,2,8,1,6,1,1,6,6,7,2,3,3,3,3,5,5,5,5,3,5,5,5,3,3,3,3,3,5,5,5,5,3,2,3,3,2,2,3,3,3,3,3,5,3,2,2,3,3,3,3,3,3,3,2,4,4,4,2,3,3,3,3,8,1,6,3,3,3,4,3,3,3,3,3,3,3,3,3,3,1,1,1,3,3,3,6,6,6,6,6,6,6,6,7,7,7,7,7,7,7,7","0.000972986221313477","fast_greedy","edit-xhwikibooks.graphml"
"0.13","0.11","0.76","0.706884169488048","2,2,2,2,1,2,1,2,2,8,1,1,2,2,2,4,8,1,6,1,3,5,2,2,2,2,2,4,2,8,1,6,1,1,6,6,7,2,3,3,3,3,5,5,5,5,3,5,5,5,3,3,3,3,3,5,5,5,5,3,2,3,3,2,2,3,3,3,3,3,5,3,2,2,3,3,3,3,3,3,3,2,4,4,4,2,3,3,3,3,8,1,6,3,3,3,4,3,3,3,3,3,3,3,3,3,3,1,1,1,3,3,3,6,6,6,6,6,6,6,6,7,7,7,7,7,7,7,7","0.000940799713134766","fast_greedy","edit-xhwikibooks.graphml"
"0.12","0.12","0.76","0.706884169488048","2,2,2,2,1,2,1,2,2,8,1,1,2,2,2,4,8,1,6,1,3,5,2,2,2,2,2,4,2,8,1,6,1,1,6,6,7,2,3,3,3,3,5,5,5,5,3,5,5,5,3,3,3,3,3,5,5,5,5,3,2,3,3,2,2,3,3,3,3,3,5,3,2,2,3,3,3,3,3,3,3,2,4,4,4,2,3,3,3,3,8,1,6,3,3,3,4,3,3,3,3,3,3,3,3,3,3,1,1,1,3,3,3,6,6,6,6,6,6,6,6,7,7,7,7,7,7,7,7","0.00117802619934082","fast_greedy","edit-xhwikibooks.graphml"
"0.11","0.13","0.76","0.706884169488048","2,2,2,2,1,2,1,2,2,8,1,1,2,2,2,4,8,1,6,1,3,5,2,2,2,2,2,4,2,8,1,6,1,1,6,6,7,2,3,3,3,3,5,5,5,5,3,5,5,5,3,3,3,3,3,5,5,5,5,3,2,3,3,2,2,3,3,3,3,3,5,3,2,2,3,3,3,3,3,3,3,2,4,4,4,2,3,3,3,3,8,1,6,3,3,3,4,3,3,3,3,3,3,3,3,3,3,1,1,1,3,3,3,6,6,6,6,6,6,6,6,7,7,7,7,7,7,7,7","0.00096583366394043","fast_greedy","edit-xhwikibooks.graphml"
"0.1","0.14","0.76","0.706884169488048","2,2,2,2,1,2,1,2,2,8,1,1,2,2,2,4,8,1,6,1,3,5,2,2,2,2,2,4,2,8,1,6,1,1,6,6,7,2,3,3,3,3,5,5,5,5,3,5,5,5,3,3,3,3,3,5,5,5,5,3,2,3,3,2,2,3,3,3,3,3,5,3,2,2,3,3,3,3,3,3,3,2,4,4,4,2,3,3,3,3,8,1,6,3,3,3,4,3,3,3,3,3,3,3,3,3,3,1,1,1,3,3,3,6,6,6,6,6,6,6,6,7,7,7,7,7,7,7,7","0.000957965850830078","fast_greedy","edit-xhwikibooks.graphml"
"0.09","0.15","0.76","0.706884169488048","2,2,2,2,1,2,1,2,2,8,1,1,2,2,2,4,8,1,6,1,3,5,2,2,2,2,2,4,2,8,1,6,1,1,6,6,7,2,3,3,3,3,5,5,5,5,3,5,5,5,3,3,3,3,3,5,5,5,5,3,2,3,3,2,2,3,3,3,3,3,5,3,2,2,3,3,3,3,3,3,3,2,4,4,4,2,3,3,3,3,8,1,6,3,3,3,4,3,3,3,3,3,3,3,3,3,3,1,1,1,3,3,3,6,6,6,6,6,6,6,6,7,7,7,7,7,7,7,7","0.000975131988525391","fast_greedy","edit-xhwikibooks.graphml"
"0.08","0.16","0.76","0.706884169488048","2,2,2,2,1,2,1,2,2,8,1,1,2,2,2,4,8,1,6,1,3,5,2,2,2,2,2,4,2,8,1,6,1,1,6,6,7,2,3,3,3,3,5,5,5,5,3,5,5,5,3,3,3,3,3,5,5,5,5,3,2,3,3,2,2,3,3,3,3,3,5,3,2,2,3,3,3,3,3,3,3,2,4,4,4,2,3,3,3,3,8,1,6,3,3,3,4,3,3,3,3,3,3,3,3,3,3,1,1,1,3,3,3,6,6,6,6,6,6,6,6,7,7,7,7,7,7,7,7","0.000967979431152344","fast_greedy","edit-xhwikibooks.graphml"
"0.07","0.17","0.76","0.708355868036777","2,2,2,2,1,2,1,2,2,8,1,1,2,2,2,4,8,1,6,1,3,5,2,2,2,2,2,4,2,8,1,6,1,1,6,6,7,2,3,3,3,3,5,5,5,5,3,5,5,5,3,3,3,3,3,5,5,5,5,3,2,3,3,2,2,3,3,3,3,3,5,3,2,2,3,3,3,3,3,3,3,2,4,4,4,2,3,3,3,3,8,1,6,3,3,3,4,3,3,3,3,3,3,3,3,3,3,1,1,1,3,3,3,6,6,6,6,6,6,6,6,7,7,7,7,7,7,7,7","0.000993013381958008","fast_greedy","edit-xhwikibooks.graphml"
"0.06","0.18","0.76","0.708355868036777","2,2,2,2,1,2,1,2,2,8,1,1,2,2,2,4,8,1,6,1,3,5,2,2,2,2,2,4,2,8,1,6,1,1,6,6,7,2,3,3,3,3,5,5,5,5,3,5,5,5,3,3,3,3,3,5,5,5,5,3,2,3,3,2,2,3,3,3,3,3,5,3,2,2,3,3,3,3,3,3,3,2,4,4,4,2,3,3,3,3,8,1,6,3,3,3,4,3,3,3,3,3,3,3,3,3,3,1,1,1,3,3,3,6,6,6,6,6,6,6,6,7,7,7,7,7,7,7,7","0.00107192993164062","fast_greedy","edit-xhwikibooks.graphml"
"0.05","0.19","0.76","0.708355868036777","2,2,2,2,1,2,1,2,2,8,1,1,2,2,2,4,8,1,6,1,3,5,2,2,2,2,2,4,2,8,1,6,1,1,6,6,7,2,3,3,3,3,5,5,5,5,3,5,5,5,3,3,3,3,3,5,5,5,5,3,2,3,3,2,2,3,3,3,3,3,5,3,2,2,3,3,3,3,3,3,3,2,4,4,4,2,3,3,3,3,8,1,6,3,3,3,4,3,3,3,3,3,3,3,3,3,3,1,1,1,3,3,3,6,6,6,6,6,6,6,6,7,7,7,7,7,7,7,7","0.000966072082519531","fast_greedy","edit-xhwikibooks.graphml"
"0.04","0.2","0.76","0.708355868036777","2,2,2,2,1,2,1,2,2,8,1,1,2,2,2,4,8,1,6,1,3,5,2,2,2,2,2,4,2,8,1,6,1,1,6,6,7,2,3,3,3,3,5,5,5,5,3,5,5,5,3,3,3,3,3,5,5,5,5,3,2,3,3,2,2,3,3,3,3,3,5,3,2,2,3,3,3,3,3,3,3,2,4,4,4,2,3,3,3,3,8,1,6,3,3,3,4,3,3,3,3,3,3,3,3,3,3,1,1,1,3,3,3,6,6,6,6,6,6,6,6,7,7,7,7,7,7,7,7","0.000976800918579102","fast_greedy","edit-xhwikibooks.graphml"
"0.03","0.21","0.76","0.708355868036777","2,2,2,2,1,2,1,2,2,8,1,1,2,2,2,4,8,1,6,1,3,5,2,2,2,2,2,4,2,8,1,6,1,1,6,6,7,2,3,3,3,3,5,5,5,5,3,5,5,5,3,3,3,3,3,5,5,5,5,3,2,3,3,2,2,3,3,3,3,3,5,3,2,2,3,3,3,3,3,3,3,2,4,4,4,2,3,3,3,3,8,1,6,3,3,3,4,3,3,3,3,3,3,3,3,3,3,1,1,1,3,3,3,6,6,6,6,6,6,6,6,7,7,7,7,7,7,7,7","0.000978946685791016","fast_greedy","edit-xhwikibooks.graphml"
"0.02","0.22","0.76","0.708355868036777","2,2,2,2,1,2,1,2,2,8,1,1,2,2,2,4,8,1,6,1,3,5,2,2,2,2,2,4,2,8,1,6,1,1,6,6,7,2,3,3,3,3,5,5,5,5,3,5,5,5,3,3,3,3,3,5,5,5,5,3,2,3,3,2,2,3,3,3,3,3,5,3,2,2,3,3,3,3,3,3,3,2,4,4,4,2,3,3,3,3,8,1,6,3,3,3,4,3,3,3,3,3,3,3,3,3,3,1,1,1,3,3,3,6,6,6,6,6,6,6,6,7,7,7,7,7,7,7,7","0.000975131988525391","fast_greedy","edit-xhwikibooks.graphml"
"0.01","0.23","0.76","0.708355868036777","2,2,2,2,1,2,1,2,2,8,1,1,2,2,2,4,8,1,6,1,3,5,2,2,2,2,2,4,2,8,1,6,1,1,6,6,7,2,3,3,3,3,5,5,5,5,3,5,5,5,3,3,3,3,3,5,5,5,5,3,2,3,3,2,2,3,3,3,3,3,5,3,2,2,3,3,3,3,3,3,3,2,4,4,4,2,3,3,3,3,8,1,6,3,3,3,4,3,3,3,3,3,3,3,3,3,3,1,1,1,3,3,3,6,6,6,6,6,6,6,6,7,7,7,7,7,7,7,7","0.00103998184204102","fast_greedy","edit-xhwikibooks.graphml"
"0","0.24","0.76","0.682032395992634","7,7,7,7,7,7,7,7,1,10,9,3,7,1,1,4,10,9,6,3,2,5,1,7,1,1,1,4,7,10,9,6,3,3,6,6,8,1,2,2,2,2,5,5,5,5,2,5,5,5,2,2,2,2,2,5,5,5,5,2,1,2,2,7,1,2,2,2,2,2,5,2,1,1,2,2,2,2,2,2,2,1,4,4,4,7,2,2,2,2,10,9,6,2,2,2,4,2,2,2,2,2,2,2,2,2,2,3,3,3,2,2,2,6,6,6,6,6,6,6,6,8,8,8,8,8,8,8,8","0.000969171524047852","fast_greedy","edit-xhwikibooks.graphml"
"0.23","0","0.77","0.706884169488048","2,2,2,2,1,2,1,2,2,8,1,1,2,2,2,4,8,1,6,1,3,5,2,2,2,2,2,4,2,8,1,6,1,1,6,6,7,2,3,3,3,3,5,5,5,5,3,5,5,5,3,3,3,3,3,5,5,5,5,3,2,3,3,2,2,3,3,3,3,3,5,3,2,2,3,3,3,3,3,3,3,2,4,4,4,2,3,3,3,3,8,1,6,3,3,3,4,3,3,3,3,3,3,3,3,3,3,1,1,1,3,3,3,6,6,6,6,6,6,6,6,7,7,7,7,7,7,7,7","0.000982046127319336","fast_greedy","edit-xhwikibooks.graphml"
"0.22","0.01","0.77","0.706884169488048","2,2,2,2,1,2,1,2,2,8,1,1,2,2,2,4,8,1,6,1,3,5,2,2,2,2,2,4,2,8,1,6,1,1,6,6,7,2,3,3,3,3,5,5,5,5,3,5,5,5,3,3,3,3,3,5,5,5,5,3,2,3,3,2,2,3,3,3,3,3,5,3,2,2,3,3,3,3,3,3,3,2,4,4,4,2,3,3,3,3,8,1,6,3,3,3,4,3,3,3,3,3,3,3,3,3,3,1,1,1,3,3,3,6,6,6,6,6,6,6,6,7,7,7,7,7,7,7,7","0.000969886779785156","fast_greedy","edit-xhwikibooks.graphml"
"0.21","0.02","0.77","0.706884169488048","2,2,2,2,1,2,1,2,2,8,1,1,2,2,2,4,8,1,6,1,3,5,2,2,2,2,2,4,2,8,1,6,1,1,6,6,7,2,3,3,3,3,5,5,5,5,3,5,5,5,3,3,3,3,3,5,5,5,5,3,2,3,3,2,2,3,3,3,3,3,5,3,2,2,3,3,3,3,3,3,3,2,4,4,4,2,3,3,3,3,8,1,6,3,3,3,4,3,3,3,3,3,3,3,3,3,3,1,1,1,3,3,3,6,6,6,6,6,6,6,6,7,7,7,7,7,7,7,7","0.00100398063659668","fast_greedy","edit-xhwikibooks.graphml"
"0.2","0.03","0.77","0.706884169488048","2,2,2,2,1,2,1,2,2,8,1,1,2,2,2,4,8,1,6,1,3,5,2,2,2,2,2,4,2,8,1,6,1,1,6,6,7,2,3,3,3,3,5,5,5,5,3,5,5,5,3,3,3,3,3,5,5,5,5,3,2,3,3,2,2,3,3,3,3,3,5,3,2,2,3,3,3,3,3,3,3,2,4,4,4,2,3,3,3,3,8,1,6,3,3,3,4,3,3,3,3,3,3,3,3,3,3,1,1,1,3,3,3,6,6,6,6,6,6,6,6,7,7,7,7,7,7,7,7","0.00110697746276855","fast_greedy","edit-xhwikibooks.graphml"
"0.19","0.04","0.77","0.706884169488048","2,2,2,2,1,2,1,2,2,8,1,1,2,2,2,4,8,1,6,1,3,5,2,2,2,2,2,4,2,8,1,6,1,1,6,6,7,2,3,3,3,3,5,5,5,5,3,5,5,5,3,3,3,3,3,5,5,5,5,3,2,3,3,2,2,3,3,3,3,3,5,3,2,2,3,3,3,3,3,3,3,2,4,4,4,2,3,3,3,3,8,1,6,3,3,3,4,3,3,3,3,3,3,3,3,3,3,1,1,1,3,3,3,6,6,6,6,6,6,6,6,7,7,7,7,7,7,7,7","0.000957965850830078","fast_greedy","edit-xhwikibooks.graphml"
"0.18","0.05","0.77","0.706884169488048","2,2,2,2,1,2,1,2,2,8,1,1,2,2,2,4,8,1,6,1,3,5,2,2,2,2,2,4,2,8,1,6,1,1,6,6,7,2,3,3,3,3,5,5,5,5,3,5,5,5,3,3,3,3,3,5,5,5,5,3,2,3,3,2,2,3,3,3,3,3,5,3,2,2,3,3,3,3,3,3,3,2,4,4,4,2,3,3,3,3,8,1,6,3,3,3,4,3,3,3,3,3,3,3,3,3,3,1,1,1,3,3,3,6,6,6,6,6,6,6,6,7,7,7,7,7,7,7,7","0.000971078872680664","fast_greedy","edit-xhwikibooks.graphml"
"0.17","0.06","0.77","0.706884169488048","2,2,2,2,1,2,1,2,2,8,1,1,2,2,2,4,8,1,6,1,3,5,2,2,2,2,2,4,2,8,1,6,1,1,6,6,7,2,3,3,3,3,5,5,5,5,3,5,5,5,3,3,3,3,3,5,5,5,5,3,2,3,3,2,2,3,3,3,3,3,5,3,2,2,3,3,3,3,3,3,3,2,4,4,4,2,3,3,3,3,8,1,6,3,3,3,4,3,3,3,3,3,3,3,3,3,3,1,1,1,3,3,3,6,6,6,6,6,6,6,6,7,7,7,7,7,7,7,7","0.000965118408203125","fast_greedy","edit-xhwikibooks.graphml"
"0.16","0.07","0.77","0.706884169488048","2,2,2,2,1,2,1,2,2,8,1,1,2,2,2,4,8,1,6,1,3,5,2,2,2,2,2,4,2,8,1,6,1,1,6,6,7,2,3,3,3,3,5,5,5,5,3,5,5,5,3,3,3,3,3,5,5,5,5,3,2,3,3,2,2,3,3,3,3,3,5,3,2,2,3,3,3,3,3,3,3,2,4,4,4,2,3,3,3,3,8,1,6,3,3,3,4,3,3,3,3,3,3,3,3,3,3,1,1,1,3,3,3,6,6,6,6,6,6,6,6,7,7,7,7,7,7,7,7","0.000977993011474609","fast_greedy","edit-xhwikibooks.graphml"
"0.15","0.08","0.77","0.706884169488048","2,2,2,2,1,2,1,2,2,8,1,1,2,2,2,4,8,1,6,1,3,5,2,2,2,2,2,4,2,8,1,6,1,1,6,6,7,2,3,3,3,3,5,5,5,5,3,5,5,5,3,3,3,3,3,5,5,5,5,3,2,3,3,2,2,3,3,3,3,3,5,3,2,2,3,3,3,3,3,3,3,2,4,4,4,2,3,3,3,3,8,1,6,3,3,3,4,3,3,3,3,3,3,3,3,3,3,1,1,1,3,3,3,6,6,6,6,6,6,6,6,7,7,7,7,7,7,7,7","0.00120902061462402","fast_greedy","edit-xhwikibooks.graphml"
"0.14","0.09","0.77","0.706884169488048","2,2,2,2,1,2,1,2,2,8,1,1,2,2,2,4,8,1,6,1,3,5,2,2,2,2,2,4,2,8,1,6,1,1,6,6,7,2,3,3,3,3,5,5,5,5,3,5,5,5,3,3,3,3,3,5,5,5,5,3,2,3,3,2,2,3,3,3,3,3,5,3,2,2,3,3,3,3,3,3,3,2,4,4,4,2,3,3,3,3,8,1,6,3,3,3,4,3,3,3,3,3,3,3,3,3,3,1,1,1,3,3,3,6,6,6,6,6,6,6,6,7,7,7,7,7,7,7,7","0.00097203254699707","fast_greedy","edit-xhwikibooks.graphml"
"0.13","0.1","0.77","0.706884169488048","2,2,2,2,1,2,1,2,2,8,1,1,2,2,2,4,8,1,6,1,3,5,2,2,2,2,2,4,2,8,1,6,1,1,6,6,7,2,3,3,3,3,5,5,5,5,3,5,5,5,3,3,3,3,3,5,5,5,5,3,2,3,3,2,2,3,3,3,3,3,5,3,2,2,3,3,3,3,3,3,3,2,4,4,4,2,3,3,3,3,8,1,6,3,3,3,4,3,3,3,3,3,3,3,3,3,3,1,1,1,3,3,3,6,6,6,6,6,6,6,6,7,7,7,7,7,7,7,7","0.000962018966674805","fast_greedy","edit-xhwikibooks.graphml"
"0.12","0.11","0.77","0.706884169488048","2,2,2,2,1,2,1,2,2,8,1,1,2,2,2,4,8,1,6,1,3,5,2,2,2,2,2,4,2,8,1,6,1,1,6,6,7,2,3,3,3,3,5,5,5,5,3,5,5,5,3,3,3,3,3,5,5,5,5,3,2,3,3,2,2,3,3,3,3,3,5,3,2,2,3,3,3,3,3,3,3,2,4,4,4,2,3,3,3,3,8,1,6,3,3,3,4,3,3,3,3,3,3,3,3,3,3,1,1,1,3,3,3,6,6,6,6,6,6,6,6,7,7,7,7,7,7,7,7","0.000973939895629883","fast_greedy","edit-xhwikibooks.graphml"
"0.11","0.12","0.77","0.706884169488048","2,2,2,2,1,2,1,2,2,8,1,1,2,2,2,4,8,1,6,1,3,5,2,2,2,2,2,4,2,8,1,6,1,1,6,6,7,2,3,3,3,3,5,5,5,5,3,5,5,5,3,3,3,3,3,5,5,5,5,3,2,3,3,2,2,3,3,3,3,3,5,3,2,2,3,3,3,3,3,3,3,2,4,4,4,2,3,3,3,3,8,1,6,3,3,3,4,3,3,3,3,3,3,3,3,3,3,1,1,1,3,3,3,6,6,6,6,6,6,6,6,7,7,7,7,7,7,7,7","0.000973939895629883","fast_greedy","edit-xhwikibooks.graphml"
"0.1","0.13","0.77","0.706884169488048","2,2,2,2,1,2,1,2,2,8,1,1,2,2,2,4,8,1,6,1,3,5,2,2,2,2,2,4,2,8,1,6,1,1,6,6,7,2,3,3,3,3,5,5,5,5,3,5,5,5,3,3,3,3,3,5,5,5,5,3,2,3,3,2,2,3,3,3,3,3,5,3,2,2,3,3,3,3,3,3,3,2,4,4,4,2,3,3,3,3,8,1,6,3,3,3,4,3,3,3,3,3,3,3,3,3,3,1,1,1,3,3,3,6,6,6,6,6,6,6,6,7,7,7,7,7,7,7,7","0.00109601020812988","fast_greedy","edit-xhwikibooks.graphml"
"0.09","0.14","0.77","0.706884169488048","2,2,2,2,1,2,1,2,2,8,1,1,2,2,2,4,8,1,6,1,3,5,2,2,2,2,2,4,2,8,1,6,1,1,6,6,7,2,3,3,3,3,5,5,5,5,3,5,5,5,3,3,3,3,3,5,5,5,5,3,2,3,3,2,2,3,3,3,3,3,5,3,2,2,3,3,3,3,3,3,3,2,4,4,4,2,3,3,3,3,8,1,6,3,3,3,4,3,3,3,3,3,3,3,3,3,3,1,1,1,3,3,3,6,6,6,6,6,6,6,6,7,7,7,7,7,7,7,7","0.000969171524047852","fast_greedy","edit-xhwikibooks.graphml"
"0.08","0.15","0.77","0.706884169488048","2,2,2,2,1,2,1,2,2,8,1,1,2,2,2,4,8,1,6,1,3,5,2,2,2,2,2,4,2,8,1,6,1,1,6,6,7,2,3,3,3,3,5,5,5,5,3,5,5,5,3,3,3,3,3,5,5,5,5,3,2,3,3,2,2,3,3,3,3,3,5,3,2,2,3,3,3,3,3,3,3,2,4,4,4,2,3,3,3,3,8,1,6,3,3,3,4,3,3,3,3,3,3,3,3,3,3,1,1,1,3,3,3,6,6,6,6,6,6,6,6,7,7,7,7,7,7,7,7","0.00098109245300293","fast_greedy","edit-xhwikibooks.graphml"
"0.07","0.16","0.77","0.706884169488048","2,2,2,2,1,2,1,2,2,8,1,1,2,2,2,4,8,1,6,1,3,5,2,2,2,2,2,4,2,8,1,6,1,1,6,6,7,2,3,3,3,3,5,5,5,5,3,5,5,5,3,3,3,3,3,5,5,5,5,3,2,3,3,2,2,3,3,3,3,3,5,3,2,2,3,3,3,3,3,3,3,2,4,4,4,2,3,3,3,3,8,1,6,3,3,3,4,3,3,3,3,3,3,3,3,3,3,1,1,1,3,3,3,6,6,6,6,6,6,6,6,7,7,7,7,7,7,7,7","0.000989913940429688","fast_greedy","edit-xhwikibooks.graphml"
"0.06","0.17","0.77","0.708355868036777","2,2,2,2,1,2,1,2,2,8,1,1,2,2,2,4,8,1,6,1,3,5,2,2,2,2,2,4,2,8,1,6,1,1,6,6,7,2,3,3,3,3,5,5,5,5,3,5,5,5,3,3,3,3,3,5,5,5,5,3,2,3,3,2,2,3,3,3,3,3,5,3,2,2,3,3,3,3,3,3,3,2,4,4,4,2,3,3,3,3,8,1,6,3,3,3,4,3,3,3,3,3,3,3,3,3,3,1,1,1,3,3,3,6,6,6,6,6,6,6,6,7,7,7,7,7,7,7,7","0.000999927520751953","fast_greedy","edit-xhwikibooks.graphml"
"0.05","0.18","0.77","0.708355868036777","2,2,2,2,1,2,1,2,2,8,1,1,2,2,2,4,8,1,6,1,3,5,2,2,2,2,2,4,2,8,1,6,1,1,6,6,7,2,3,3,3,3,5,5,5,5,3,5,5,5,3,3,3,3,3,5,5,5,5,3,2,3,3,2,2,3,3,3,3,3,5,3,2,2,3,3,3,3,3,3,3,2,4,4,4,2,3,3,3,3,8,1,6,3,3,3,4,3,3,3,3,3,3,3,3,3,3,1,1,1,3,3,3,6,6,6,6,6,6,6,6,7,7,7,7,7,7,7,7","0.00101780891418457","fast_greedy","edit-xhwikibooks.graphml"
"0.04","0.19","0.77","0.708355868036777","2,2,2,2,1,2,1,2,2,8,1,1,2,2,2,4,8,1,6,1,3,5,2,2,2,2,2,4,2,8,1,6,1,1,6,6,7,2,3,3,3,3,5,5,5,5,3,5,5,5,3,3,3,3,3,5,5,5,5,3,2,3,3,2,2,3,3,3,3,3,5,3,2,2,3,3,3,3,3,3,3,2,4,4,4,2,3,3,3,3,8,1,6,3,3,3,4,3,3,3,3,3,3,3,3,3,3,1,1,1,3,3,3,6,6,6,6,6,6,6,6,7,7,7,7,7,7,7,7","0.000982999801635742","fast_greedy","edit-xhwikibooks.graphml"
"0.03","0.2","0.77","0.708355868036777","2,2,2,2,1,2,1,2,2,8,1,1,2,2,2,4,8,1,6,1,3,5,2,2,2,2,2,4,2,8,1,6,1,1,6,6,7,2,3,3,3,3,5,5,5,5,3,5,5,5,3,3,3,3,3,5,5,5,5,3,2,3,3,2,2,3,3,3,3,3,5,3,2,2,3,3,3,3,3,3,3,2,4,4,4,2,3,3,3,3,8,1,6,3,3,3,4,3,3,3,3,3,3,3,3,3,3,1,1,1,3,3,3,6,6,6,6,6,6,6,6,7,7,7,7,7,7,7,7","0.000978946685791016","fast_greedy","edit-xhwikibooks.graphml"
"0.02","0.21","0.77","0.708355868036777","2,2,2,2,1,2,1,2,2,8,1,1,2,2,2,4,8,1,6,1,3,5,2,2,2,2,2,4,2,8,1,6,1,1,6,6,7,2,3,3,3,3,5,5,5,5,3,5,5,5,3,3,3,3,3,5,5,5,5,3,2,3,3,2,2,3,3,3,3,3,5,3,2,2,3,3,3,3,3,3,3,2,4,4,4,2,3,3,3,3,8,1,6,3,3,3,4,3,3,3,3,3,3,3,3,3,3,1,1,1,3,3,3,6,6,6,6,6,6,6,6,7,7,7,7,7,7,7,7","0.000980854034423828","fast_greedy","edit-xhwikibooks.graphml"
"0.01","0.22","0.77","0.708355868036777","2,2,2,2,1,2,1,2,2,8,1,1,2,2,2,4,8,1,6,1,3,5,2,2,2,2,2,4,2,8,1,6,1,1,6,6,7,2,3,3,3,3,5,5,5,5,3,5,5,5,3,3,3,3,3,5,5,5,5,3,2,3,3,2,2,3,3,3,3,3,5,3,2,2,3,3,3,3,3,3,3,2,4,4,4,2,3,3,3,3,8,1,6,3,3,3,4,3,3,3,3,3,3,3,3,3,3,1,1,1,3,3,3,6,6,6,6,6,6,6,6,7,7,7,7,7,7,7,7","0.000990867614746094","fast_greedy","edit-xhwikibooks.graphml"
"0","0.23","0.77","0.682032395992634","7,7,7,7,7,7,7,7,1,10,9,3,7,1,1,4,10,9,6,3,2,5,1,7,1,1,1,4,7,10,9,6,3,3,6,6,8,1,2,2,2,2,5,5,5,5,2,5,5,5,2,2,2,2,2,5,5,5,5,2,1,2,2,7,1,2,2,2,2,2,5,2,1,1,2,2,2,2,2,2,2,1,4,4,4,7,2,2,2,2,10,9,6,2,2,2,4,2,2,2,2,2,2,2,2,2,2,3,3,3,2,2,2,6,6,6,6,6,6,6,6,8,8,8,8,8,8,8,8","0.000997781753540039","fast_greedy","edit-xhwikibooks.graphml"
"0.22","0","0.78","0.706884169488048","2,2,2,2,1,2,1,2,2,8,1,1,2,2,2,4,8,1,6,1,3,5,2,2,2,2,2,4,2,8,1,6,1,1,6,6,7,2,3,3,3,3,5,5,5,5,3,5,5,5,3,3,3,3,3,5,5,5,5,3,2,3,3,2,2,3,3,3,3,3,5,3,2,2,3,3,3,3,3,3,3,2,4,4,4,2,3,3,3,3,8,1,6,3,3,3,4,3,3,3,3,3,3,3,3,3,3,1,1,1,3,3,3,6,6,6,6,6,6,6,6,7,7,7,7,7,7,7,7","0.000956058502197266","fast_greedy","edit-xhwikibooks.graphml"
"0.21","0.01","0.78","0.706884169488048","2,2,2,2,1,2,1,2,2,8,1,1,2,2,2,4,8,1,6,1,3,5,2,2,2,2,2,4,2,8,1,6,1,1,6,6,7,2,3,3,3,3,5,5,5,5,3,5,5,5,3,3,3,3,3,5,5,5,5,3,2,3,3,2,2,3,3,3,3,3,5,3,2,2,3,3,3,3,3,3,3,2,4,4,4,2,3,3,3,3,8,1,6,3,3,3,4,3,3,3,3,3,3,3,3,3,3,1,1,1,3,3,3,6,6,6,6,6,6,6,6,7,7,7,7,7,7,7,7","0.000939846038818359","fast_greedy","edit-xhwikibooks.graphml"
"0.2","0.02","0.78","0.706884169488048","2,2,2,2,1,2,1,2,2,8,1,1,2,2,2,4,8,1,6,1,3,5,2,2,2,2,2,4,2,8,1,6,1,1,6,6,7,2,3,3,3,3,5,5,5,5,3,5,5,5,3,3,3,3,3,5,5,5,5,3,2,3,3,2,2,3,3,3,3,3,5,3,2,2,3,3,3,3,3,3,3,2,4,4,4,2,3,3,3,3,8,1,6,3,3,3,4,3,3,3,3,3,3,3,3,3,3,1,1,1,3,3,3,6,6,6,6,6,6,6,6,7,7,7,7,7,7,7,7","0.00099492073059082","fast_greedy","edit-xhwikibooks.graphml"
"0.19","0.03","0.78","0.706884169488048","2,2,2,2,1,2,1,2,2,8,1,1,2,2,2,4,8,1,6,1,3,5,2,2,2,2,2,4,2,8,1,6,1,1,6,6,7,2,3,3,3,3,5,5,5,5,3,5,5,5,3,3,3,3,3,5,5,5,5,3,2,3,3,2,2,3,3,3,3,3,5,3,2,2,3,3,3,3,3,3,3,2,4,4,4,2,3,3,3,3,8,1,6,3,3,3,4,3,3,3,3,3,3,3,3,3,3,1,1,1,3,3,3,6,6,6,6,6,6,6,6,7,7,7,7,7,7,7,7","0.000977993011474609","fast_greedy","edit-xhwikibooks.graphml"
"0.18","0.04","0.78","0.706884169488048","2,2,2,2,1,2,1,2,2,8,1,1,2,2,2,4,8,1,6,1,3,5,2,2,2,2,2,4,2,8,1,6,1,1,6,6,7,2,3,3,3,3,5,5,5,5,3,5,5,5,3,3,3,3,3,5,5,5,5,3,2,3,3,2,2,3,3,3,3,3,5,3,2,2,3,3,3,3,3,3,3,2,4,4,4,2,3,3,3,3,8,1,6,3,3,3,4,3,3,3,3,3,3,3,3,3,3,1,1,1,3,3,3,6,6,6,6,6,6,6,6,7,7,7,7,7,7,7,7","0.000975131988525391","fast_greedy","edit-xhwikibooks.graphml"
"0.17","0.05","0.78","0.706884169488048","2,2,2,2,1,2,1,2,2,8,1,1,2,2,2,4,8,1,6,1,3,5,2,2,2,2,2,4,2,8,1,6,1,1,6,6,7,2,3,3,3,3,5,5,5,5,3,5,5,5,3,3,3,3,3,5,5,5,5,3,2,3,3,2,2,3,3,3,3,3,5,3,2,2,3,3,3,3,3,3,3,2,4,4,4,2,3,3,3,3,8,1,6,3,3,3,4,3,3,3,3,3,3,3,3,3,3,1,1,1,3,3,3,6,6,6,6,6,6,6,6,7,7,7,7,7,7,7,7","0.00117802619934082","fast_greedy","edit-xhwikibooks.graphml"
"0.16","0.06","0.78","0.706884169488048","2,2,2,2,1,2,1,2,2,8,1,1,2,2,2,4,8,1,6,1,3,5,2,2,2,2,2,4,2,8,1,6,1,1,6,6,7,2,3,3,3,3,5,5,5,5,3,5,5,5,3,3,3,3,3,5,5,5,5,3,2,3,3,2,2,3,3,3,3,3,5,3,2,2,3,3,3,3,3,3,3,2,4,4,4,2,3,3,3,3,8,1,6,3,3,3,4,3,3,3,3,3,3,3,3,3,3,1,1,1,3,3,3,6,6,6,6,6,6,6,6,7,7,7,7,7,7,7,7","0.000935077667236328","fast_greedy","edit-xhwikibooks.graphml"
"0.15","0.07","0.78","0.706884169488048","2,2,2,2,1,2,1,2,2,8,1,1,2,2,2,4,8,1,6,1,3,5,2,2,2,2,2,4,2,8,1,6,1,1,6,6,7,2,3,3,3,3,5,5,5,5,3,5,5,5,3,3,3,3,3,5,5,5,5,3,2,3,3,2,2,3,3,3,3,3,5,3,2,2,3,3,3,3,3,3,3,2,4,4,4,2,3,3,3,3,8,1,6,3,3,3,4,3,3,3,3,3,3,3,3,3,3,1,1,1,3,3,3,6,6,6,6,6,6,6,6,7,7,7,7,7,7,7,7","0.000962972640991211","fast_greedy","edit-xhwikibooks.graphml"
"0.14","0.08","0.78","0.706884169488048","2,2,2,2,1,2,1,2,2,8,1,1,2,2,2,4,8,1,6,1,3,5,2,2,2,2,2,4,2,8,1,6,1,1,6,6,7,2,3,3,3,3,5,5,5,5,3,5,5,5,3,3,3,3,3,5,5,5,5,3,2,3,3,2,2,3,3,3,3,3,5,3,2,2,3,3,3,3,3,3,3,2,4,4,4,2,3,3,3,3,8,1,6,3,3,3,4,3,3,3,3,3,3,3,3,3,3,1,1,1,3,3,3,6,6,6,6,6,6,6,6,7,7,7,7,7,7,7,7","0.000977039337158203","fast_greedy","edit-xhwikibooks.graphml"
"0.13","0.09","0.78","0.706884169488048","2,2,2,2,1,2,1,2,2,8,1,1,2,2,2,4,8,1,6,1,3,5,2,2,2,2,2,4,2,8,1,6,1,1,6,6,7,2,3,3,3,3,5,5,5,5,3,5,5,5,3,3,3,3,3,5,5,5,5,3,2,3,3,2,2,3,3,3,3,3,5,3,2,2,3,3,3,3,3,3,3,2,4,4,4,2,3,3,3,3,8,1,6,3,3,3,4,3,3,3,3,3,3,3,3,3,3,1,1,1,3,3,3,6,6,6,6,6,6,6,6,7,7,7,7,7,7,7,7","0.00114583969116211","fast_greedy","edit-xhwikibooks.graphml"
"0.12","0.1","0.78","0.706884169488048","2,2,2,2,1,2,1,2,2,8,1,1,2,2,2,4,8,1,6,1,3,5,2,2,2,2,2,4,2,8,1,6,1,1,6,6,7,2,3,3,3,3,5,5,5,5,3,5,5,5,3,3,3,3,3,5,5,5,5,3,2,3,3,2,2,3,3,3,3,3,5,3,2,2,3,3,3,3,3,3,3,2,4,4,4,2,3,3,3,3,8,1,6,3,3,3,4,3,3,3,3,3,3,3,3,3,3,1,1,1,3,3,3,6,6,6,6,6,6,6,6,7,7,7,7,7,7,7,7","0.000977039337158203","fast_greedy","edit-xhwikibooks.graphml"
"0.11","0.11","0.78","0.706884169488048","2,2,2,2,1,2,1,2,2,8,1,1,2,2,2,4,8,1,6,1,3,5,2,2,2,2,2,4,2,8,1,6,1,1,6,6,7,2,3,3,3,3,5,5,5,5,3,5,5,5,3,3,3,3,3,5,5,5,5,3,2,3,3,2,2,3,3,3,3,3,5,3,2,2,3,3,3,3,3,3,3,2,4,4,4,2,3,3,3,3,8,1,6,3,3,3,4,3,3,3,3,3,3,3,3,3,3,1,1,1,3,3,3,6,6,6,6,6,6,6,6,7,7,7,7,7,7,7,7","0.000982999801635742","fast_greedy","edit-xhwikibooks.graphml"
"0.1","0.12","0.78","0.706884169488048","2,2,2,2,1,2,1,2,2,8,1,1,2,2,2,4,8,1,6,1,3,5,2,2,2,2,2,4,2,8,1,6,1,1,6,6,7,2,3,3,3,3,5,5,5,5,3,5,5,5,3,3,3,3,3,5,5,5,5,3,2,3,3,2,2,3,3,3,3,3,5,3,2,2,3,3,3,3,3,3,3,2,4,4,4,2,3,3,3,3,8,1,6,3,3,3,4,3,3,3,3,3,3,3,3,3,3,1,1,1,3,3,3,6,6,6,6,6,6,6,6,7,7,7,7,7,7,7,7","0.000993967056274414","fast_greedy","edit-xhwikibooks.graphml"
"0.09","0.13","0.78","0.706884169488048","2,2,2,2,1,2,1,2,2,8,1,1,2,2,2,4,8,1,6,1,3,5,2,2,2,2,2,4,2,8,1,6,1,1,6,6,7,2,3,3,3,3,5,5,5,5,3,5,5,5,3,3,3,3,3,5,5,5,5,3,2,3,3,2,2,3,3,3,3,3,5,3,2,2,3,3,3,3,3,3,3,2,4,4,4,2,3,3,3,3,8,1,6,3,3,3,4,3,3,3,3,3,3,3,3,3,3,1,1,1,3,3,3,6,6,6,6,6,6,6,6,7,7,7,7,7,7,7,7","0.000993967056274414","fast_greedy","edit-xhwikibooks.graphml"
"0.08","0.14","0.78","0.706884169488048","2,2,2,2,1,2,1,2,2,8,1,1,2,2,2,4,8,1,6,1,3,5,2,2,2,2,2,4,2,8,1,6,1,1,6,6,7,2,3,3,3,3,5,5,5,5,3,5,5,5,3,3,3,3,3,5,5,5,5,3,2,3,3,2,2,3,3,3,3,3,5,3,2,2,3,3,3,3,3,3,3,2,4,4,4,2,3,3,3,3,8,1,6,3,3,3,4,3,3,3,3,3,3,3,3,3,3,1,1,1,3,3,3,6,6,6,6,6,6,6,6,7,7,7,7,7,7,7,7","0.000938892364501953","fast_greedy","edit-xhwikibooks.graphml"
"0.07","0.15","0.78","0.706884169488048","2,2,2,2,1,2,1,2,2,8,1,1,2,2,2,4,8,1,6,1,3,5,2,2,2,2,2,4,2,8,1,6,1,1,6,6,7,2,3,3,3,3,5,5,5,5,3,5,5,5,3,3,3,3,3,5,5,5,5,3,2,3,3,2,2,3,3,3,3,3,5,3,2,2,3,3,3,3,3,3,3,2,4,4,4,2,3,3,3,3,8,1,6,3,3,3,4,3,3,3,3,3,3,3,3,3,3,1,1,1,3,3,3,6,6,6,6,6,6,6,6,7,7,7,7,7,7,7,7","0.000976085662841797","fast_greedy","edit-xhwikibooks.graphml"
"0.06","0.16","0.78","0.706884169488048","2,2,2,2,1,2,1,2,2,8,1,1,2,2,2,4,8,1,6,1,3,5,2,2,2,2,2,4,2,8,1,6,1,1,6,6,7,2,3,3,3,3,5,5,5,5,3,5,5,5,3,3,3,3,3,5,5,5,5,3,2,3,3,2,2,3,3,3,3,3,5,3,2,2,3,3,3,3,3,3,3,2,4,4,4,2,3,3,3,3,8,1,6,3,3,3,4,3,3,3,3,3,3,3,3,3,3,1,1,1,3,3,3,6,6,6,6,6,6,6,6,7,7,7,7,7,7,7,7","0.000967979431152344","fast_greedy","edit-xhwikibooks.graphml"
"0.05","0.17","0.78","0.708355868036777","2,2,2,2,1,2,1,2,2,8,1,1,2,2,2,4,8,1,6,1,3,5,2,2,2,2,2,4,2,8,1,6,1,1,6,6,7,2,3,3,3,3,5,5,5,5,3,5,5,5,3,3,3,3,3,5,5,5,5,3,2,3,3,2,2,3,3,3,3,3,5,3,2,2,3,3,3,3,3,3,3,2,4,4,4,2,3,3,3,3,8,1,6,3,3,3,4,3,3,3,3,3,3,3,3,3,3,1,1,1,3,3,3,6,6,6,6,6,6,6,6,7,7,7,7,7,7,7,7","0.000972986221313477","fast_greedy","edit-xhwikibooks.graphml"
"0.04","0.18","0.78","0.708355868036777","2,2,2,2,1,2,1,2,2,8,1,1,2,2,2,4,8,1,6,1,3,5,2,2,2,2,2,4,2,8,1,6,1,1,6,6,7,2,3,3,3,3,5,5,5,5,3,5,5,5,3,3,3,3,3,5,5,5,5,3,2,3,3,2,2,3,3,3,3,3,5,3,2,2,3,3,3,3,3,3,3,2,4,4,4,2,3,3,3,3,8,1,6,3,3,3,4,3,3,3,3,3,3,3,3,3,3,1,1,1,3,3,3,6,6,6,6,6,6,6,6,7,7,7,7,7,7,7,7","0.000988960266113281","fast_greedy","edit-xhwikibooks.graphml"
"0.03","0.19","0.78","0.708355868036777","2,2,2,2,1,2,1,2,2,8,1,1,2,2,2,4,8,1,6,1,3,5,2,2,2,2,2,4,2,8,1,6,1,1,6,6,7,2,3,3,3,3,5,5,5,5,3,5,5,5,3,3,3,3,3,5,5,5,5,3,2,3,3,2,2,3,3,3,3,3,5,3,2,2,3,3,3,3,3,3,3,2,4,4,4,2,3,3,3,3,8,1,6,3,3,3,4,3,3,3,3,3,3,3,3,3,3,1,1,1,3,3,3,6,6,6,6,6,6,6,6,7,7,7,7,7,7,7,7","0.00111103057861328","fast_greedy","edit-xhwikibooks.graphml"
"0.02","0.2","0.78","0.708355868036777","2,2,2,2,1,2,1,2,2,8,1,1,2,2,2,4,8,1,6,1,3,5,2,2,2,2,2,4,2,8,1,6,1,1,6,6,7,2,3,3,3,3,5,5,5,5,3,5,5,5,3,3,3,3,3,5,5,5,5,3,2,3,3,2,2,3,3,3,3,3,5,3,2,2,3,3,3,3,3,3,3,2,4,4,4,2,3,3,3,3,8,1,6,3,3,3,4,3,3,3,3,3,3,3,3,3,3,1,1,1,3,3,3,6,6,6,6,6,6,6,6,7,7,7,7,7,7,7,7","0.00100803375244141","fast_greedy","edit-xhwikibooks.graphml"
"0.01","0.21","0.78","0.708355868036777","2,2,2,2,1,2,1,2,2,8,1,1,2,2,2,4,8,1,6,1,3,5,2,2,2,2,2,4,2,8,1,6,1,1,6,6,7,2,3,3,3,3,5,5,5,5,3,5,5,5,3,3,3,3,3,5,5,5,5,3,2,3,3,2,2,3,3,3,3,3,5,3,2,2,3,3,3,3,3,3,3,2,4,4,4,2,3,3,3,3,8,1,6,3,3,3,4,3,3,3,3,3,3,3,3,3,3,1,1,1,3,3,3,6,6,6,6,6,6,6,6,7,7,7,7,7,7,7,7","0.000997066497802734","fast_greedy","edit-xhwikibooks.graphml"
"0","0.22","0.78","0.682032395992634","7,7,7,7,7,7,7,7,1,10,9,3,7,1,1,4,10,9,6,3,2,5,1,7,1,1,1,4,7,10,9,6,3,3,6,6,8,1,2,2,2,2,5,5,5,5,2,5,5,5,2,2,2,2,2,5,5,5,5,2,1,2,2,7,1,2,2,2,2,2,5,2,1,1,2,2,2,2,2,2,2,1,4,4,4,7,2,2,2,2,10,9,6,2,2,2,4,2,2,2,2,2,2,2,2,2,2,3,3,3,2,2,2,6,6,6,6,6,6,6,6,8,8,8,8,8,8,8,8","0.000995874404907227","fast_greedy","edit-xhwikibooks.graphml"
"0.21","0","0.79","0.706884169488048","2,2,2,2,1,2,1,2,2,8,1,1,2,2,2,4,8,1,6,1,3,5,2,2,2,2,2,4,2,8,1,6,1,1,6,6,7,2,3,3,3,3,5,5,5,5,3,5,5,5,3,3,3,3,3,5,5,5,5,3,2,3,3,2,2,3,3,3,3,3,5,3,2,2,3,3,3,3,3,3,3,2,4,4,4,2,3,3,3,3,8,1,6,3,3,3,4,3,3,3,3,3,3,3,3,3,3,1,1,1,3,3,3,6,6,6,6,6,6,6,6,7,7,7,7,7,7,7,7","0.00113105773925781","fast_greedy","edit-xhwikibooks.graphml"
"0.2","0.01","0.79","0.706884169488048","2,2,2,2,1,2,1,2,2,8,1,1,2,2,2,4,8,1,6,1,3,5,2,2,2,2,2,4,2,8,1,6,1,1,6,6,7,2,3,3,3,3,5,5,5,5,3,5,5,5,3,3,3,3,3,5,5,5,5,3,2,3,3,2,2,3,3,3,3,3,5,3,2,2,3,3,3,3,3,3,3,2,4,4,4,2,3,3,3,3,8,1,6,3,3,3,4,3,3,3,3,3,3,3,3,3,3,1,1,1,3,3,3,6,6,6,6,6,6,6,6,7,7,7,7,7,7,7,7","0.000993967056274414","fast_greedy","edit-xhwikibooks.graphml"
"0.19","0.02","0.79","0.706884169488048","2,2,2,2,1,2,1,2,2,8,1,1,2,2,2,4,8,1,6,1,3,5,2,2,2,2,2,4,2,8,1,6,1,1,6,6,7,2,3,3,3,3,5,5,5,5,3,5,5,5,3,3,3,3,3,5,5,5,5,3,2,3,3,2,2,3,3,3,3,3,5,3,2,2,3,3,3,3,3,3,3,2,4,4,4,2,3,3,3,3,8,1,6,3,3,3,4,3,3,3,3,3,3,3,3,3,3,1,1,1,3,3,3,6,6,6,6,6,6,6,6,7,7,7,7,7,7,7,7","0.0010068416595459","fast_greedy","edit-xhwikibooks.graphml"
"0.18","0.03","0.79","0.706884169488048","2,2,2,2,1,2,1,2,2,8,1,1,2,2,2,4,8,1,6,1,3,5,2,2,2,2,2,4,2,8,1,6,1,1,6,6,7,2,3,3,3,3,5,5,5,5,3,5,5,5,3,3,3,3,3,5,5,5,5,3,2,3,3,2,2,3,3,3,3,3,5,3,2,2,3,3,3,3,3,3,3,2,4,4,4,2,3,3,3,3,8,1,6,3,3,3,4,3,3,3,3,3,3,3,3,3,3,1,1,1,3,3,3,6,6,6,6,6,6,6,6,7,7,7,7,7,7,7,7","0.00111508369445801","fast_greedy","edit-xhwikibooks.graphml"
"0.17","0.04","0.79","0.706884169488048","2,2,2,2,1,2,1,2,2,8,1,1,2,2,2,4,8,1,6,1,3,5,2,2,2,2,2,4,2,8,1,6,1,1,6,6,7,2,3,3,3,3,5,5,5,5,3,5,5,5,3,3,3,3,3,5,5,5,5,3,2,3,3,2,2,3,3,3,3,3,5,3,2,2,3,3,3,3,3,3,3,2,4,4,4,2,3,3,3,3,8,1,6,3,3,3,4,3,3,3,3,3,3,3,3,3,3,1,1,1,3,3,3,6,6,6,6,6,6,6,6,7,7,7,7,7,7,7,7","0.000946044921875","fast_greedy","edit-xhwikibooks.graphml"
"0.16","0.05","0.79","0.706884169488048","2,2,2,2,1,2,1,2,2,8,1,1,2,2,2,4,8,1,6,1,3,5,2,2,2,2,2,4,2,8,1,6,1,1,6,6,7,2,3,3,3,3,5,5,5,5,3,5,5,5,3,3,3,3,3,5,5,5,5,3,2,3,3,2,2,3,3,3,3,3,5,3,2,2,3,3,3,3,3,3,3,2,4,4,4,2,3,3,3,3,8,1,6,3,3,3,4,3,3,3,3,3,3,3,3,3,3,1,1,1,3,3,3,6,6,6,6,6,6,6,6,7,7,7,7,7,7,7,7","0.000970840454101562","fast_greedy","edit-xhwikibooks.graphml"
"0.15","0.06","0.79","0.706884169488048","2,2,2,2,1,2,1,2,2,8,1,1,2,2,2,4,8,1,6,1,3,5,2,2,2,2,2,4,2,8,1,6,1,1,6,6,7,2,3,3,3,3,5,5,5,5,3,5,5,5,3,3,3,3,3,5,5,5,5,3,2,3,3,2,2,3,3,3,3,3,5,3,2,2,3,3,3,3,3,3,3,2,4,4,4,2,3,3,3,3,8,1,6,3,3,3,4,3,3,3,3,3,3,3,3,3,3,1,1,1,3,3,3,6,6,6,6,6,6,6,6,7,7,7,7,7,7,7,7","0.000964879989624023","fast_greedy","edit-xhwikibooks.graphml"
"0.14","0.07","0.79","0.706884169488048","2,2,2,2,1,2,1,2,2,8,1,1,2,2,2,4,8,1,6,1,3,5,2,2,2,2,2,4,2,8,1,6,1,1,6,6,7,2,3,3,3,3,5,5,5,5,3,5,5,5,3,3,3,3,3,5,5,5,5,3,2,3,3,2,2,3,3,3,3,3,5,3,2,2,3,3,3,3,3,3,3,2,4,4,4,2,3,3,3,3,8,1,6,3,3,3,4,3,3,3,3,3,3,3,3,3,3,1,1,1,3,3,3,6,6,6,6,6,6,6,6,7,7,7,7,7,7,7,7","0.000989913940429688","fast_greedy","edit-xhwikibooks.graphml"
"0.13","0.08","0.79","0.706884169488048","2,2,2,2,1,2,1,2,2,8,1,1,2,2,2,4,8,1,6,1,3,5,2,2,2,2,2,4,2,8,1,6,1,1,6,6,7,2,3,3,3,3,5,5,5,5,3,5,5,5,3,3,3,3,3,5,5,5,5,3,2,3,3,2,2,3,3,3,3,3,5,3,2,2,3,3,3,3,3,3,3,2,4,4,4,2,3,3,3,3,8,1,6,3,3,3,4,3,3,3,3,3,3,3,3,3,3,1,1,1,3,3,3,6,6,6,6,6,6,6,6,7,7,7,7,7,7,7,7","0.000997066497802734","fast_greedy","edit-xhwikibooks.graphml"
"0.12","0.09","0.79","0.706884169488048","2,2,2,2,1,2,1,2,2,8,1,1,2,2,2,4,8,1,6,1,3,5,2,2,2,2,2,4,2,8,1,6,1,1,6,6,7,2,3,3,3,3,5,5,5,5,3,5,5,5,3,3,3,3,3,5,5,5,5,3,2,3,3,2,2,3,3,3,3,3,5,3,2,2,3,3,3,3,3,3,3,2,4,4,4,2,3,3,3,3,8,1,6,3,3,3,4,3,3,3,3,3,3,3,3,3,3,1,1,1,3,3,3,6,6,6,6,6,6,6,6,7,7,7,7,7,7,7,7","0.000993967056274414","fast_greedy","edit-xhwikibooks.graphml"
"0.11","0.1","0.79","0.706884169488048","2,2,2,2,1,2,1,2,2,8,1,1,2,2,2,4,8,1,6,1,3,5,2,2,2,2,2,4,2,8,1,6,1,1,6,6,7,2,3,3,3,3,5,5,5,5,3,5,5,5,3,3,3,3,3,5,5,5,5,3,2,3,3,2,2,3,3,3,3,3,5,3,2,2,3,3,3,3,3,3,3,2,4,4,4,2,3,3,3,3,8,1,6,3,3,3,4,3,3,3,3,3,3,3,3,3,3,1,1,1,3,3,3,6,6,6,6,6,6,6,6,7,7,7,7,7,7,7,7","0.00101995468139648","fast_greedy","edit-xhwikibooks.graphml"
"0.1","0.11","0.79","0.706884169488048","2,2,2,2,1,2,1,2,2,8,1,1,2,2,2,4,8,1,6,1,3,5,2,2,2,2,2,4,2,8,1,6,1,1,6,6,7,2,3,3,3,3,5,5,5,5,3,5,5,5,3,3,3,3,3,5,5,5,5,3,2,3,3,2,2,3,3,3,3,3,5,3,2,2,3,3,3,3,3,3,3,2,4,4,4,2,3,3,3,3,8,1,6,3,3,3,4,3,3,3,3,3,3,3,3,3,3,1,1,1,3,3,3,6,6,6,6,6,6,6,6,7,7,7,7,7,7,7,7","0.000987052917480469","fast_greedy","edit-xhwikibooks.graphml"
"0.09","0.12","0.79","0.706884169488048","2,2,2,2,1,2,1,2,2,8,1,1,2,2,2,4,8,1,6,1,3,5,2,2,2,2,2,4,2,8,1,6,1,1,6,6,7,2,3,3,3,3,5,5,5,5,3,5,5,5,3,3,3,3,3,5,5,5,5,3,2,3,3,2,2,3,3,3,3,3,5,3,2,2,3,3,3,3,3,3,3,2,4,4,4,2,3,3,3,3,8,1,6,3,3,3,4,3,3,3,3,3,3,3,3,3,3,1,1,1,3,3,3,6,6,6,6,6,6,6,6,7,7,7,7,7,7,7,7","0.00102114677429199","fast_greedy","edit-xhwikibooks.graphml"
"0.08","0.13","0.79","0.706884169488048","2,2,2,2,1,2,1,2,2,8,1,1,2,2,2,4,8,1,6,1,3,5,2,2,2,2,2,4,2,8,1,6,1,1,6,6,7,2,3,3,3,3,5,5,5,5,3,5,5,5,3,3,3,3,3,5,5,5,5,3,2,3,3,2,2,3,3,3,3,3,5,3,2,2,3,3,3,3,3,3,3,2,4,4,4,2,3,3,3,3,8,1,6,3,3,3,4,3,3,3,3,3,3,3,3,3,3,1,1,1,3,3,3,6,6,6,6,6,6,6,6,7,7,7,7,7,7,7,7","0.00120711326599121","fast_greedy","edit-xhwikibooks.graphml"
"0.07","0.14","0.79","0.706884169488048","2,2,2,2,1,2,1,2,2,8,1,1,2,2,2,4,8,1,6,1,3,5,2,2,2,2,2,4,2,8,1,6,1,1,6,6,7,2,3,3,3,3,5,5,5,5,3,5,5,5,3,3,3,3,3,5,5,5,5,3,2,3,3,2,2,3,3,3,3,3,5,3,2,2,3,3,3,3,3,3,3,2,4,4,4,2,3,3,3,3,8,1,6,3,3,3,4,3,3,3,3,3,3,3,3,3,3,1,1,1,3,3,3,6,6,6,6,6,6,6,6,7,7,7,7,7,7,7,7","0.00097203254699707","fast_greedy","edit-xhwikibooks.graphml"
"0.06","0.15","0.79","0.706884169488048","2,2,2,2,1,2,1,2,2,8,1,1,2,2,2,4,8,1,6,1,3,5,2,2,2,2,2,4,2,8,1,6,1,1,6,6,7,2,3,3,3,3,5,5,5,5,3,5,5,5,3,3,3,3,3,5,5,5,5,3,2,3,3,2,2,3,3,3,3,3,5,3,2,2,3,3,3,3,3,3,3,2,4,4,4,2,3,3,3,3,8,1,6,3,3,3,4,3,3,3,3,3,3,3,3,3,3,1,1,1,3,3,3,6,6,6,6,6,6,6,6,7,7,7,7,7,7,7,7","0.00110602378845215","fast_greedy","edit-xhwikibooks.graphml"
"0.05","0.16","0.79","0.706884169488048","2,2,2,2,1,2,1,2,2,8,1,1,2,2,2,4,8,1,6,1,3,5,2,2,2,2,2,4,2,8,1,6,1,1,6,6,7,2,3,3,3,3,5,5,5,5,3,5,5,5,3,3,3,3,3,5,5,5,5,3,2,3,3,2,2,3,3,3,3,3,5,3,2,2,3,3,3,3,3,3,3,2,4,4,4,2,3,3,3,3,8,1,6,3,3,3,4,3,3,3,3,3,3,3,3,3,3,1,1,1,3,3,3,6,6,6,6,6,6,6,6,7,7,7,7,7,7,7,7","0.000982999801635742","fast_greedy","edit-xhwikibooks.graphml"
"0.04","0.17","0.79","0.708355868036777","2,2,2,2,1,2,1,2,2,8,1,1,2,2,2,4,8,1,6,1,3,5,2,2,2,2,2,4,2,8,1,6,1,1,6,6,7,2,3,3,3,3,5,5,5,5,3,5,5,5,3,3,3,3,3,5,5,5,5,3,2,3,3,2,2,3,3,3,3,3,5,3,2,2,3,3,3,3,3,3,3,2,4,4,4,2,3,3,3,3,8,1,6,3,3,3,4,3,3,3,3,3,3,3,3,3,3,1,1,1,3,3,3,6,6,6,6,6,6,6,6,7,7,7,7,7,7,7,7","0.000975847244262695","fast_greedy","edit-xhwikibooks.graphml"
"0.03","0.18","0.79","0.708355868036777","2,2,2,2,1,2,1,2,2,8,1,1,2,2,2,4,8,1,6,1,3,5,2,2,2,2,2,4,2,8,1,6,1,1,6,6,7,2,3,3,3,3,5,5,5,5,3,5,5,5,3,3,3,3,3,5,5,5,5,3,2,3,3,2,2,3,3,3,3,3,5,3,2,2,3,3,3,3,3,3,3,2,4,4,4,2,3,3,3,3,8,1,6,3,3,3,4,3,3,3,3,3,3,3,3,3,3,1,1,1,3,3,3,6,6,6,6,6,6,6,6,7,7,7,7,7,7,7,7","0.00099492073059082","fast_greedy","edit-xhwikibooks.graphml"
"0.02","0.19","0.79","0.708355868036777","2,2,2,2,1,2,1,2,2,8,1,1,2,2,2,4,8,1,6,1,3,5,2,2,2,2,2,4,2,8,1,6,1,1,6,6,7,2,3,3,3,3,5,5,5,5,3,5,5,5,3,3,3,3,3,5,5,5,5,3,2,3,3,2,2,3,3,3,3,3,5,3,2,2,3,3,3,3,3,3,3,2,4,4,4,2,3,3,3,3,8,1,6,3,3,3,4,3,3,3,3,3,3,3,3,3,3,1,1,1,3,3,3,6,6,6,6,6,6,6,6,7,7,7,7,7,7,7,7","0.000992059707641602","fast_greedy","edit-xhwikibooks.graphml"
"0.01","0.2","0.79","0.708355868036777","2,2,2,2,1,2,1,2,2,8,1,1,2,2,2,4,8,1,6,1,3,5,2,2,2,2,2,4,2,8,1,6,1,1,6,6,7,2,3,3,3,3,5,5,5,5,3,5,5,5,3,3,3,3,3,5,5,5,5,3,2,3,3,2,2,3,3,3,3,3,5,3,2,2,3,3,3,3,3,3,3,2,4,4,4,2,3,3,3,3,8,1,6,3,3,3,4,3,3,3,3,3,3,3,3,3,3,1,1,1,3,3,3,6,6,6,6,6,6,6,6,7,7,7,7,7,7,7,7","0.00101780891418457","fast_greedy","edit-xhwikibooks.graphml"
"0","0.21","0.79","0.682032395992634","7,7,7,7,7,7,7,7,1,10,9,3,7,1,1,4,10,9,6,3,2,5,1,7,1,1,1,4,7,10,9,6,3,3,6,6,8,1,2,2,2,2,5,5,5,5,2,5,5,5,2,2,2,2,2,5,5,5,5,2,1,2,2,7,1,2,2,2,2,2,5,2,1,1,2,2,2,2,2,2,2,1,4,4,4,7,2,2,2,2,10,9,6,2,2,2,4,2,2,2,2,2,2,2,2,2,2,3,3,3,2,2,2,6,6,6,6,6,6,6,6,8,8,8,8,8,8,8,8","0.00101304054260254","fast_greedy","edit-xhwikibooks.graphml"
"0.2","0","0.8","0.706884169488048","2,2,2,2,1,2,1,2,2,8,1,1,2,2,2,4,8,1,6,1,3,5,2,2,2,2,2,4,2,8,1,6,1,1,6,6,7,2,3,3,3,3,5,5,5,5,3,5,5,5,3,3,3,3,3,5,5,5,5,3,2,3,3,2,2,3,3,3,3,3,5,3,2,2,3,3,3,3,3,3,3,2,4,4,4,2,3,3,3,3,8,1,6,3,3,3,4,3,3,3,3,3,3,3,3,3,3,1,1,1,3,3,3,6,6,6,6,6,6,6,6,7,7,7,7,7,7,7,7","0.00100207328796387","fast_greedy","edit-xhwikibooks.graphml"
"0.19","0.01","0.8","0.706884169488048","2,2,2,2,1,2,1,2,2,8,1,1,2,2,2,4,8,1,6,1,3,5,2,2,2,2,2,4,2,8,1,6,1,1,6,6,7,2,3,3,3,3,5,5,5,5,3,5,5,5,3,3,3,3,3,5,5,5,5,3,2,3,3,2,2,3,3,3,3,3,5,3,2,2,3,3,3,3,3,3,3,2,4,4,4,2,3,3,3,3,8,1,6,3,3,3,4,3,3,3,3,3,3,3,3,3,3,1,1,1,3,3,3,6,6,6,6,6,6,6,6,7,7,7,7,7,7,7,7","0.00107097625732422","fast_greedy","edit-xhwikibooks.graphml"
"0.18","0.02","0.8","0.706884169488048","2,2,2,2,1,2,1,2,2,8,1,1,2,2,2,4,8,1,6,1,3,5,2,2,2,2,2,4,2,8,1,6,1,1,6,6,7,2,3,3,3,3,5,5,5,5,3,5,5,5,3,3,3,3,3,5,5,5,5,3,2,3,3,2,2,3,3,3,3,3,5,3,2,2,3,3,3,3,3,3,3,2,4,4,4,2,3,3,3,3,8,1,6,3,3,3,4,3,3,3,3,3,3,3,3,3,3,1,1,1,3,3,3,6,6,6,6,6,6,6,6,7,7,7,7,7,7,7,7","0.000996828079223633","fast_greedy","edit-xhwikibooks.graphml"
"0.17","0.03","0.8","0.706884169488048","2,2,2,2,1,2,1,2,2,8,1,1,2,2,2,4,8,1,6,1,3,5,2,2,2,2,2,4,2,8,1,6,1,1,6,6,7,2,3,3,3,3,5,5,5,5,3,5,5,5,3,3,3,3,3,5,5,5,5,3,2,3,3,2,2,3,3,3,3,3,5,3,2,2,3,3,3,3,3,3,3,2,4,4,4,2,3,3,3,3,8,1,6,3,3,3,4,3,3,3,3,3,3,3,3,3,3,1,1,1,3,3,3,6,6,6,6,6,6,6,6,7,7,7,7,7,7,7,7","0.00106096267700195","fast_greedy","edit-xhwikibooks.graphml"
"0.16","0.04","0.8","0.706884169488048","2,2,2,2,1,2,1,2,2,8,1,1,2,2,2,4,8,1,6,1,3,5,2,2,2,2,2,4,2,8,1,6,1,1,6,6,7,2,3,3,3,3,5,5,5,5,3,5,5,5,3,3,3,3,3,5,5,5,5,3,2,3,3,2,2,3,3,3,3,3,5,3,2,2,3,3,3,3,3,3,3,2,4,4,4,2,3,3,3,3,8,1,6,3,3,3,4,3,3,3,3,3,3,3,3,3,3,1,1,1,3,3,3,6,6,6,6,6,6,6,6,7,7,7,7,7,7,7,7","0.000991106033325195","fast_greedy","edit-xhwikibooks.graphml"
"0.15","0.05","0.8","0.706884169488048","2,2,2,2,1,2,1,2,2,8,1,1,2,2,2,4,8,1,6,1,3,5,2,2,2,2,2,4,2,8,1,6,1,1,6,6,7,2,3,3,3,3,5,5,5,5,3,5,5,5,3,3,3,3,3,5,5,5,5,3,2,3,3,2,2,3,3,3,3,3,5,3,2,2,3,3,3,3,3,3,3,2,4,4,4,2,3,3,3,3,8,1,6,3,3,3,4,3,3,3,3,3,3,3,3,3,3,1,1,1,3,3,3,6,6,6,6,6,6,6,6,7,7,7,7,7,7,7,7","0.00102400779724121","fast_greedy","edit-xhwikibooks.graphml"
"0.14","0.06","0.8","0.706884169488048","2,2,2,2,1,2,1,2,2,8,1,1,2,2,2,4,8,1,6,1,3,5,2,2,2,2,2,4,2,8,1,6,1,1,6,6,7,2,3,3,3,3,5,5,5,5,3,5,5,5,3,3,3,3,3,5,5,5,5,3,2,3,3,2,2,3,3,3,3,3,5,3,2,2,3,3,3,3,3,3,3,2,4,4,4,2,3,3,3,3,8,1,6,3,3,3,4,3,3,3,3,3,3,3,3,3,3,1,1,1,3,3,3,6,6,6,6,6,6,6,6,7,7,7,7,7,7,7,7","0.00101709365844727","fast_greedy","edit-xhwikibooks.graphml"
"0.13","0.07","0.8","0.706884169488048","2,2,2,2,1,2,1,2,2,8,1,1,2,2,2,4,8,1,6,1,3,5,2,2,2,2,2,4,2,8,1,6,1,1,6,6,7,2,3,3,3,3,5,5,5,5,3,5,5,5,3,3,3,3,3,5,5,5,5,3,2,3,3,2,2,3,3,3,3,3,5,3,2,2,3,3,3,3,3,3,3,2,4,4,4,2,3,3,3,3,8,1,6,3,3,3,4,3,3,3,3,3,3,3,3,3,3,1,1,1,3,3,3,6,6,6,6,6,6,6,6,7,7,7,7,7,7,7,7","0.000993013381958008","fast_greedy","edit-xhwikibooks.graphml"
"0.12","0.08","0.8","0.706884169488048","2,2,2,2,1,2,1,2,2,8,1,1,2,2,2,4,8,1,6,1,3,5,2,2,2,2,2,4,2,8,1,6,1,1,6,6,7,2,3,3,3,3,5,5,5,5,3,5,5,5,3,3,3,3,3,5,5,5,5,3,2,3,3,2,2,3,3,3,3,3,5,3,2,2,3,3,3,3,3,3,3,2,4,4,4,2,3,3,3,3,8,1,6,3,3,3,4,3,3,3,3,3,3,3,3,3,3,1,1,1,3,3,3,6,6,6,6,6,6,6,6,7,7,7,7,7,7,7,7","0.00103116035461426","fast_greedy","edit-xhwikibooks.graphml"
"0.11","0.09","0.8","0.706884169488048","2,2,2,2,1,2,1,2,2,8,1,1,2,2,2,4,8,1,6,1,3,5,2,2,2,2,2,4,2,8,1,6,1,1,6,6,7,2,3,3,3,3,5,5,5,5,3,5,5,5,3,3,3,3,3,5,5,5,5,3,2,3,3,2,2,3,3,3,3,3,5,3,2,2,3,3,3,3,3,3,3,2,4,4,4,2,3,3,3,3,8,1,6,3,3,3,4,3,3,3,3,3,3,3,3,3,3,1,1,1,3,3,3,6,6,6,6,6,6,6,6,7,7,7,7,7,7,7,7","0.00100898742675781","fast_greedy","edit-xhwikibooks.graphml"
"0.1","0.1","0.8","0.706884169488048","2,2,2,2,1,2,1,2,2,8,1,1,2,2,2,4,8,1,6,1,3,5,2,2,2,2,2,4,2,8,1,6,1,1,6,6,7,2,3,3,3,3,5,5,5,5,3,5,5,5,3,3,3,3,3,5,5,5,5,3,2,3,3,2,2,3,3,3,3,3,5,3,2,2,3,3,3,3,3,3,3,2,4,4,4,2,3,3,3,3,8,1,6,3,3,3,4,3,3,3,3,3,3,3,3,3,3,1,1,1,3,3,3,6,6,6,6,6,6,6,6,7,7,7,7,7,7,7,7","0.00105381011962891","fast_greedy","edit-xhwikibooks.graphml"
"0.09","0.11","0.8","0.706884169488048","2,2,2,2,1,2,1,2,2,8,1,1,2,2,2,4,8,1,6,1,3,5,2,2,2,2,2,4,2,8,1,6,1,1,6,6,7,2,3,3,3,3,5,5,5,5,3,5,5,5,3,3,3,3,3,5,5,5,5,3,2,3,3,2,2,3,3,3,3,3,5,3,2,2,3,3,3,3,3,3,3,2,4,4,4,2,3,3,3,3,8,1,6,3,3,3,4,3,3,3,3,3,3,3,3,3,3,1,1,1,3,3,3,6,6,6,6,6,6,6,6,7,7,7,7,7,7,7,7","0.0010380744934082","fast_greedy","edit-xhwikibooks.graphml"
"0.08","0.12","0.8","0.706884169488048","2,2,2,2,1,2,1,2,2,8,1,1,2,2,2,4,8,1,6,1,3,5,2,2,2,2,2,4,2,8,1,6,1,1,6,6,7,2,3,3,3,3,5,5,5,5,3,5,5,5,3,3,3,3,3,5,5,5,5,3,2,3,3,2,2,3,3,3,3,3,5,3,2,2,3,3,3,3,3,3,3,2,4,4,4,2,3,3,3,3,8,1,6,3,3,3,4,3,3,3,3,3,3,3,3,3,3,1,1,1,3,3,3,6,6,6,6,6,6,6,6,7,7,7,7,7,7,7,7","0.00109696388244629","fast_greedy","edit-xhwikibooks.graphml"
"0.07","0.13","0.8","0.706884169488048","2,2,2,2,1,2,1,2,2,8,1,1,2,2,2,4,8,1,6,1,3,5,2,2,2,2,2,4,2,8,1,6,1,1,6,6,7,2,3,3,3,3,5,5,5,5,3,5,5,5,3,3,3,3,3,5,5,5,5,3,2,3,3,2,2,3,3,3,3,3,5,3,2,2,3,3,3,3,3,3,3,2,4,4,4,2,3,3,3,3,8,1,6,3,3,3,4,3,3,3,3,3,3,3,3,3,3,1,1,1,3,3,3,6,6,6,6,6,6,6,6,7,7,7,7,7,7,7,7","0.00103592872619629","fast_greedy","edit-xhwikibooks.graphml"
"0.06","0.14","0.8","0.706884169488048","2,2,2,2,1,2,1,2,2,8,1,1,2,2,2,4,8,1,6,1,3,5,2,2,2,2,2,4,2,8,1,6,1,1,6,6,7,2,3,3,3,3,5,5,5,5,3,5,5,5,3,3,3,3,3,5,5,5,5,3,2,3,3,2,2,3,3,3,3,3,5,3,2,2,3,3,3,3,3,3,3,2,4,4,4,2,3,3,3,3,8,1,6,3,3,3,4,3,3,3,3,3,3,3,3,3,3,1,1,1,3,3,3,6,6,6,6,6,6,6,6,7,7,7,7,7,7,7,7","0.00101208686828613","fast_greedy","edit-xhwikibooks.graphml"
"0.05","0.15","0.8","0.706884169488048","2,2,2,2,1,2,1,2,2,8,1,1,2,2,2,4,8,1,6,1,3,5,2,2,2,2,2,4,2,8,1,6,1,1,6,6,7,2,3,3,3,3,5,5,5,5,3,5,5,5,3,3,3,3,3,5,5,5,5,3,2,3,3,2,2,3,3,3,3,3,5,3,2,2,3,3,3,3,3,3,3,2,4,4,4,2,3,3,3,3,8,1,6,3,3,3,4,3,3,3,3,3,3,3,3,3,3,1,1,1,3,3,3,6,6,6,6,6,6,6,6,7,7,7,7,7,7,7,7","0.0010068416595459","fast_greedy","edit-xhwikibooks.graphml"
"0.04","0.16","0.8","0.706884169488048","2,2,2,2,1,2,1,2,2,8,1,1,2,2,2,4,8,1,6,1,3,5,2,2,2,2,2,4,2,8,1,6,1,1,6,6,7,2,3,3,3,3,5,5,5,5,3,5,5,5,3,3,3,3,3,5,5,5,5,3,2,3,3,2,2,3,3,3,3,3,5,3,2,2,3,3,3,3,3,3,3,2,4,4,4,2,3,3,3,3,8,1,6,3,3,3,4,3,3,3,3,3,3,3,3,3,3,1,1,1,3,3,3,6,6,6,6,6,6,6,6,7,7,7,7,7,7,7,7","0.00104594230651855","fast_greedy","edit-xhwikibooks.graphml"
"0.03","0.17","0.8","0.708355868036777","2,2,2,2,1,2,1,2,2,8,1,1,2,2,2,4,8,1,6,1,3,5,2,2,2,2,2,4,2,8,1,6,1,1,6,6,7,2,3,3,3,3,5,5,5,5,3,5,5,5,3,3,3,3,3,5,5,5,5,3,2,3,3,2,2,3,3,3,3,3,5,3,2,2,3,3,3,3,3,3,3,2,4,4,4,2,3,3,3,3,8,1,6,3,3,3,4,3,3,3,3,3,3,3,3,3,3,1,1,1,3,3,3,6,6,6,6,6,6,6,6,7,7,7,7,7,7,7,7","0.00103902816772461","fast_greedy","edit-xhwikibooks.graphml"
"0.02","0.18","0.8","0.708355868036777","2,2,2,2,1,2,1,2,2,8,1,1,2,2,2,4,8,1,6,1,3,5,2,2,2,2,2,4,2,8,1,6,1,1,6,6,7,2,3,3,3,3,5,5,5,5,3,5,5,5,3,3,3,3,3,5,5,5,5,3,2,3,3,2,2,3,3,3,3,3,5,3,2,2,3,3,3,3,3,3,3,2,4,4,4,2,3,3,3,3,8,1,6,3,3,3,4,3,3,3,3,3,3,3,3,3,3,1,1,1,3,3,3,6,6,6,6,6,6,6,6,7,7,7,7,7,7,7,7","0.00101208686828613","fast_greedy","edit-xhwikibooks.graphml"
"0.01","0.19","0.8","0.708355868036777","2,2,2,2,1,2,1,2,2,8,1,1,2,2,2,4,8,1,6,1,3,5,2,2,2,2,2,4,2,8,1,6,1,1,6,6,7,2,3,3,3,3,5,5,5,5,3,5,5,5,3,3,3,3,3,5,5,5,5,3,2,3,3,2,2,3,3,3,3,3,5,3,2,2,3,3,3,3,3,3,3,2,4,4,4,2,3,3,3,3,8,1,6,3,3,3,4,3,3,3,3,3,3,3,3,3,3,1,1,1,3,3,3,6,6,6,6,6,6,6,6,7,7,7,7,7,7,7,7","0.00103306770324707","fast_greedy","edit-xhwikibooks.graphml"
"0","0.2","0.8","0.682032395992634","7,7,7,7,7,7,7,7,1,10,9,3,7,1,1,4,10,9,6,3,2,5,1,7,1,1,1,4,7,10,9,6,3,3,6,6,8,1,2,2,2,2,5,5,5,5,2,5,5,5,2,2,2,2,2,5,5,5,5,2,1,2,2,7,1,2,2,2,2,2,5,2,1,1,2,2,2,2,2,2,2,1,4,4,4,7,2,2,2,2,10,9,6,2,2,2,4,2,2,2,2,2,2,2,2,2,2,3,3,3,2,2,2,6,6,6,6,6,6,6,6,8,8,8,8,8,8,8,8","0.00103592872619629","fast_greedy","edit-xhwikibooks.graphml"
"0.19","0","0.81","0.706884169488048","2,2,2,2,1,2,1,2,2,8,1,1,2,2,2,4,8,1,6,1,3,5,2,2,2,2,2,4,2,8,1,6,1,1,6,6,7,2,3,3,3,3,5,5,5,5,3,5,5,5,3,3,3,3,3,5,5,5,5,3,2,3,3,2,2,3,3,3,3,3,5,3,2,2,3,3,3,3,3,3,3,2,4,4,4,2,3,3,3,3,8,1,6,3,3,3,4,3,3,3,3,3,3,3,3,3,3,1,1,1,3,3,3,6,6,6,6,6,6,6,6,7,7,7,7,7,7,7,7","0.00101900100708008","fast_greedy","edit-xhwikibooks.graphml"
"0.18","0.01","0.81","0.706884169488048","2,2,2,2,1,2,1,2,2,8,1,1,2,2,2,4,8,1,6,1,3,5,2,2,2,2,2,4,2,8,1,6,1,1,6,6,7,2,3,3,3,3,5,5,5,5,3,5,5,5,3,3,3,3,3,5,5,5,5,3,2,3,3,2,2,3,3,3,3,3,5,3,2,2,3,3,3,3,3,3,3,2,4,4,4,2,3,3,3,3,8,1,6,3,3,3,4,3,3,3,3,3,3,3,3,3,3,1,1,1,3,3,3,6,6,6,6,6,6,6,6,7,7,7,7,7,7,7,7","0.00136303901672363","fast_greedy","edit-xhwikibooks.graphml"
"0.17","0.02","0.81","0.706884169488048","2,2,2,2,1,2,1,2,2,8,1,1,2,2,2,4,8,1,6,1,3,5,2,2,2,2,2,4,2,8,1,6,1,1,6,6,7,2,3,3,3,3,5,5,5,5,3,5,5,5,3,3,3,3,3,5,5,5,5,3,2,3,3,2,2,3,3,3,3,3,5,3,2,2,3,3,3,3,3,3,3,2,4,4,4,2,3,3,3,3,8,1,6,3,3,3,4,3,3,3,3,3,3,3,3,3,3,1,1,1,3,3,3,6,6,6,6,6,6,6,6,7,7,7,7,7,7,7,7","0.0010368824005127","fast_greedy","edit-xhwikibooks.graphml"
"0.16","0.03","0.81","0.706884169488048","2,2,2,2,1,2,1,2,2,8,1,1,2,2,2,4,8,1,6,1,3,5,2,2,2,2,2,4,2,8,1,6,1,1,6,6,7,2,3,3,3,3,5,5,5,5,3,5,5,5,3,3,3,3,3,5,5,5,5,3,2,3,3,2,2,3,3,3,3,3,5,3,2,2,3,3,3,3,3,3,3,2,4,4,4,2,3,3,3,3,8,1,6,3,3,3,4,3,3,3,3,3,3,3,3,3,3,1,1,1,3,3,3,6,6,6,6,6,6,6,6,7,7,7,7,7,7,7,7","0.00103497505187988","fast_greedy","edit-xhwikibooks.graphml"
"0.15","0.04","0.81","0.706884169488048","2,2,2,2,1,2,1,2,2,8,1,1,2,2,2,4,8,1,6,1,3,5,2,2,2,2,2,4,2,8,1,6,1,1,6,6,7,2,3,3,3,3,5,5,5,5,3,5,5,5,3,3,3,3,3,5,5,5,5,3,2,3,3,2,2,3,3,3,3,3,5,3,2,2,3,3,3,3,3,3,3,2,4,4,4,2,3,3,3,3,8,1,6,3,3,3,4,3,3,3,3,3,3,3,3,3,3,1,1,1,3,3,3,6,6,6,6,6,6,6,6,7,7,7,7,7,7,7,7","0.00099492073059082","fast_greedy","edit-xhwikibooks.graphml"
"0.14","0.05","0.81","0.706884169488048","2,2,2,2,1,2,1,2,2,8,1,1,2,2,2,4,8,1,6,1,3,5,2,2,2,2,2,4,2,8,1,6,1,1,6,6,7,2,3,3,3,3,5,5,5,5,3,5,5,5,3,3,3,3,3,5,5,5,5,3,2,3,3,2,2,3,3,3,3,3,5,3,2,2,3,3,3,3,3,3,3,2,4,4,4,2,3,3,3,3,8,1,6,3,3,3,4,3,3,3,3,3,3,3,3,3,3,1,1,1,3,3,3,6,6,6,6,6,6,6,6,7,7,7,7,7,7,7,7","0.00107502937316895","fast_greedy","edit-xhwikibooks.graphml"
"0.13","0.06","0.81","0.706884169488048","2,2,2,2,1,2,1,2,2,8,1,1,2,2,2,4,8,1,6,1,3,5,2,2,2,2,2,4,2,8,1,6,1,1,6,6,7,2,3,3,3,3,5,5,5,5,3,5,5,5,3,3,3,3,3,5,5,5,5,3,2,3,3,2,2,3,3,3,3,3,5,3,2,2,3,3,3,3,3,3,3,2,4,4,4,2,3,3,3,3,8,1,6,3,3,3,4,3,3,3,3,3,3,3,3,3,3,1,1,1,3,3,3,6,6,6,6,6,6,6,6,7,7,7,7,7,7,7,7","0.00101613998413086","fast_greedy","edit-xhwikibooks.graphml"
"0.12","0.07","0.81","0.706884169488048","2,2,2,2,1,2,1,2,2,8,1,1,2,2,2,4,8,1,6,1,3,5,2,2,2,2,2,4,2,8,1,6,1,1,6,6,7,2,3,3,3,3,5,5,5,5,3,5,5,5,3,3,3,3,3,5,5,5,5,3,2,3,3,2,2,3,3,3,3,3,5,3,2,2,3,3,3,3,3,3,3,2,4,4,4,2,3,3,3,3,8,1,6,3,3,3,4,3,3,3,3,3,3,3,3,3,3,1,1,1,3,3,3,6,6,6,6,6,6,6,6,7,7,7,7,7,7,7,7","0.00101518630981445","fast_greedy","edit-xhwikibooks.graphml"
"0.11","0.08","0.81","0.706884169488048","2,2,2,2,1,2,1,2,2,8,1,1,2,2,2,4,8,1,6,1,3,5,2,2,2,2,2,4,2,8,1,6,1,1,6,6,7,2,3,3,3,3,5,5,5,5,3,5,5,5,3,3,3,3,3,5,5,5,5,3,2,3,3,2,2,3,3,3,3,3,5,3,2,2,3,3,3,3,3,3,3,2,4,4,4,2,3,3,3,3,8,1,6,3,3,3,4,3,3,3,3,3,3,3,3,3,3,1,1,1,3,3,3,6,6,6,6,6,6,6,6,7,7,7,7,7,7,7,7","0.00100088119506836","fast_greedy","edit-xhwikibooks.graphml"
"0.1","0.09","0.81","0.706884169488048","2,2,2,2,1,2,1,2,2,8,1,1,2,2,2,4,8,1,6,1,3,5,2,2,2,2,2,4,2,8,1,6,1,1,6,6,7,2,3,3,3,3,5,5,5,5,3,5,5,5,3,3,3,3,3,5,5,5,5,3,2,3,3,2,2,3,3,3,3,3,5,3,2,2,3,3,3,3,3,3,3,2,4,4,4,2,3,3,3,3,8,1,6,3,3,3,4,3,3,3,3,3,3,3,3,3,3,1,1,1,3,3,3,6,6,6,6,6,6,6,6,7,7,7,7,7,7,7,7","0.00102806091308594","fast_greedy","edit-xhwikibooks.graphml"
"0.09","0.1","0.81","0.706884169488048","2,2,2,2,1,2,1,2,2,8,1,1,2,2,2,4,8,1,6,1,3,5,2,2,2,2,2,4,2,8,1,6,1,1,6,6,7,2,3,3,3,3,5,5,5,5,3,5,5,5,3,3,3,3,3,5,5,5,5,3,2,3,3,2,2,3,3,3,3,3,5,3,2,2,3,3,3,3,3,3,3,2,4,4,4,2,3,3,3,3,8,1,6,3,3,3,4,3,3,3,3,3,3,3,3,3,3,1,1,1,3,3,3,6,6,6,6,6,6,6,6,7,7,7,7,7,7,7,7","0.0010230541229248","fast_greedy","edit-xhwikibooks.graphml"
"0.08","0.11","0.81","0.706884169488048","2,2,2,2,1,2,1,2,2,8,1,1,2,2,2,4,8,1,6,1,3,5,2,2,2,2,2,4,2,8,1,6,1,1,6,6,7,2,3,3,3,3,5,5,5,5,3,5,5,5,3,3,3,3,3,5,5,5,5,3,2,3,3,2,2,3,3,3,3,3,5,3,2,2,3,3,3,3,3,3,3,2,4,4,4,2,3,3,3,3,8,1,6,3,3,3,4,3,3,3,3,3,3,3,3,3,3,1,1,1,3,3,3,6,6,6,6,6,6,6,6,7,7,7,7,7,7,7,7","0.00103497505187988","fast_greedy","edit-xhwikibooks.graphml"
"0.07","0.12","0.81","0.706884169488048","2,2,2,2,1,2,1,2,2,8,1,1,2,2,2,4,8,1,6,1,3,5,2,2,2,2,2,4,2,8,1,6,1,1,6,6,7,2,3,3,3,3,5,5,5,5,3,5,5,5,3,3,3,3,3,5,5,5,5,3,2,3,3,2,2,3,3,3,3,3,5,3,2,2,3,3,3,3,3,3,3,2,4,4,4,2,3,3,3,3,8,1,6,3,3,3,4,3,3,3,3,3,3,3,3,3,3,1,1,1,3,3,3,6,6,6,6,6,6,6,6,7,7,7,7,7,7,7,7","0.00102710723876953","fast_greedy","edit-xhwikibooks.graphml"
"0.06","0.13","0.81","0.706884169488048","2,2,2,2,1,2,1,2,2,8,1,1,2,2,2,4,8,1,6,1,3,5,2,2,2,2,2,4,2,8,1,6,1,1,6,6,7,2,3,3,3,3,5,5,5,5,3,5,5,5,3,3,3,3,3,5,5,5,5,3,2,3,3,2,2,3,3,3,3,3,5,3,2,2,3,3,3,3,3,3,3,2,4,4,4,2,3,3,3,3,8,1,6,3,3,3,4,3,3,3,3,3,3,3,3,3,3,1,1,1,3,3,3,6,6,6,6,6,6,6,6,7,7,7,7,7,7,7,7","0.00105190277099609","fast_greedy","edit-xhwikibooks.graphml"
"0.05","0.14","0.81","0.706884169488048","2,2,2,2,1,2,1,2,2,8,1,1,2,2,2,4,8,1,6,1,3,5,2,2,2,2,2,4,2,8,1,6,1,1,6,6,7,2,3,3,3,3,5,5,5,5,3,5,5,5,3,3,3,3,3,5,5,5,5,3,2,3,3,2,2,3,3,3,3,3,5,3,2,2,3,3,3,3,3,3,3,2,4,4,4,2,3,3,3,3,8,1,6,3,3,3,4,3,3,3,3,3,3,3,3,3,3,1,1,1,3,3,3,6,6,6,6,6,6,6,6,7,7,7,7,7,7,7,7","0.00104403495788574","fast_greedy","edit-xhwikibooks.graphml"
"0.04","0.15","0.81","0.706884169488048","2,2,2,2,1,2,1,2,2,8,1,1,2,2,2,4,8,1,6,1,3,5,2,2,2,2,2,4,2,8,1,6,1,1,6,6,7,2,3,3,3,3,5,5,5,5,3,5,5,5,3,3,3,3,3,5,5,5,5,3,2,3,3,2,2,3,3,3,3,3,5,3,2,2,3,3,3,3,3,3,3,2,4,4,4,2,3,3,3,3,8,1,6,3,3,3,4,3,3,3,3,3,3,3,3,3,3,1,1,1,3,3,3,6,6,6,6,6,6,6,6,7,7,7,7,7,7,7,7","0.0010230541229248","fast_greedy","edit-xhwikibooks.graphml"
"0.03","0.16","0.81","0.706884169488048","2,2,2,2,1,2,1,2,2,8,1,1,2,2,2,4,8,1,6,1,3,5,2,2,2,2,2,4,2,8,1,6,1,1,6,6,7,2,3,3,3,3,5,5,5,5,3,5,5,5,3,3,3,3,3,5,5,5,5,3,2,3,3,2,2,3,3,3,3,3,5,3,2,2,3,3,3,3,3,3,3,2,4,4,4,2,3,3,3,3,8,1,6,3,3,3,4,3,3,3,3,3,3,3,3,3,3,1,1,1,3,3,3,6,6,6,6,6,6,6,6,7,7,7,7,7,7,7,7","0.00105404853820801","fast_greedy","edit-xhwikibooks.graphml"
"0.02","0.17","0.81","0.708355868036777","2,2,2,2,1,2,1,2,2,8,1,1,2,2,2,4,8,1,6,1,3,5,2,2,2,2,2,4,2,8,1,6,1,1,6,6,7,2,3,3,3,3,5,5,5,5,3,5,5,5,3,3,3,3,3,5,5,5,5,3,2,3,3,2,2,3,3,3,3,3,5,3,2,2,3,3,3,3,3,3,3,2,4,4,4,2,3,3,3,3,8,1,6,3,3,3,4,3,3,3,3,3,3,3,3,3,3,1,1,1,3,3,3,6,6,6,6,6,6,6,6,7,7,7,7,7,7,7,7","0.00114798545837402","fast_greedy","edit-xhwikibooks.graphml"
"0.01","0.18","0.81","0.708355868036777","2,2,2,2,1,2,1,2,2,8,1,1,2,2,2,4,8,1,6,1,3,5,2,2,2,2,2,4,2,8,1,6,1,1,6,6,7,2,3,3,3,3,5,5,5,5,3,5,5,5,3,3,3,3,3,5,5,5,5,3,2,3,3,2,2,3,3,3,3,3,5,3,2,2,3,3,3,3,3,3,3,2,4,4,4,2,3,3,3,3,8,1,6,3,3,3,4,3,3,3,3,3,3,3,3,3,3,1,1,1,3,3,3,6,6,6,6,6,6,6,6,7,7,7,7,7,7,7,7","0.0397100448608398","fast_greedy","edit-xhwikibooks.graphml"
"0","0.19","0.81","0.682032395992634","7,7,7,7,7,7,7,7,1,10,9,3,7,1,1,4,10,9,6,3,2,5,1,7,1,1,1,4,7,10,9,6,3,3,6,6,8,1,2,2,2,2,5,5,5,5,2,5,5,5,2,2,2,2,2,5,5,5,5,2,1,2,2,7,1,2,2,2,2,2,5,2,1,1,2,2,2,2,2,2,2,1,4,4,4,7,2,2,2,2,10,9,6,2,2,2,4,2,2,2,2,2,2,2,2,2,2,3,3,3,2,2,2,6,6,6,6,6,6,6,6,8,8,8,8,8,8,8,8","0.00115108489990234","fast_greedy","edit-xhwikibooks.graphml"
"0.18","0","0.82","0.706884169488048","2,2,2,2,1,2,1,2,2,8,1,1,2,2,2,4,8,1,6,1,3,5,2,2,2,2,2,4,2,8,1,6,1,1,6,6,7,2,3,3,3,3,5,5,5,5,3,5,5,5,3,3,3,3,3,5,5,5,5,3,2,3,3,2,2,3,3,3,3,3,5,3,2,2,3,3,3,3,3,3,3,2,4,4,4,2,3,3,3,3,8,1,6,3,3,3,4,3,3,3,3,3,3,3,3,3,3,1,1,1,3,3,3,6,6,6,6,6,6,6,6,7,7,7,7,7,7,7,7","0.00110197067260742","fast_greedy","edit-xhwikibooks.graphml"
"0.17","0.01","0.82","0.706884169488048","2,2,2,2,1,2,1,2,2,8,1,1,2,2,2,4,8,1,6,1,3,5,2,2,2,2,2,4,2,8,1,6,1,1,6,6,7,2,3,3,3,3,5,5,5,5,3,5,5,5,3,3,3,3,3,5,5,5,5,3,2,3,3,2,2,3,3,3,3,3,5,3,2,2,3,3,3,3,3,3,3,2,4,4,4,2,3,3,3,3,8,1,6,3,3,3,4,3,3,3,3,3,3,3,3,3,3,1,1,1,3,3,3,6,6,6,6,6,6,6,6,7,7,7,7,7,7,7,7","0.00110888481140137","fast_greedy","edit-xhwikibooks.graphml"
"0.16","0.02","0.82","0.706884169488048","2,2,2,2,1,2,1,2,2,8,1,1,2,2,2,4,8,1,6,1,3,5,2,2,2,2,2,4,2,8,1,6,1,1,6,6,7,2,3,3,3,3,5,5,5,5,3,5,5,5,3,3,3,3,3,5,5,5,5,3,2,3,3,2,2,3,3,3,3,3,5,3,2,2,3,3,3,3,3,3,3,2,4,4,4,2,3,3,3,3,8,1,6,3,3,3,4,3,3,3,3,3,3,3,3,3,3,1,1,1,3,3,3,6,6,6,6,6,6,6,6,7,7,7,7,7,7,7,7","0.00110602378845215","fast_greedy","edit-xhwikibooks.graphml"
"0.15","0.03","0.82","0.706884169488048","2,2,2,2,1,2,1,2,2,8,1,1,2,2,2,4,8,1,6,1,3,5,2,2,2,2,2,4,2,8,1,6,1,1,6,6,7,2,3,3,3,3,5,5,5,5,3,5,5,5,3,3,3,3,3,5,5,5,5,3,2,3,3,2,2,3,3,3,3,3,5,3,2,2,3,3,3,3,3,3,3,2,4,4,4,2,3,3,3,3,8,1,6,3,3,3,4,3,3,3,3,3,3,3,3,3,3,1,1,1,3,3,3,6,6,6,6,6,6,6,6,7,7,7,7,7,7,7,7","0.00113391876220703","fast_greedy","edit-xhwikibooks.graphml"
"0.14","0.04","0.82","0.706884169488048","2,2,2,2,1,2,1,2,2,8,1,1,2,2,2,4,8,1,6,1,3,5,2,2,2,2,2,4,2,8,1,6,1,1,6,6,7,2,3,3,3,3,5,5,5,5,3,5,5,5,3,3,3,3,3,5,5,5,5,3,2,3,3,2,2,3,3,3,3,3,5,3,2,2,3,3,3,3,3,3,3,2,4,4,4,2,3,3,3,3,8,1,6,3,3,3,4,3,3,3,3,3,3,3,3,3,3,1,1,1,3,3,3,6,6,6,6,6,6,6,6,7,7,7,7,7,7,7,7","0.00112700462341309","fast_greedy","edit-xhwikibooks.graphml"
"0.13","0.05","0.82","0.706884169488048","2,2,2,2,1,2,1,2,2,8,1,1,2,2,2,4,8,1,6,1,3,5,2,2,2,2,2,4,2,8,1,6,1,1,6,6,7,2,3,3,3,3,5,5,5,5,3,5,5,5,3,3,3,3,3,5,5,5,5,3,2,3,3,2,2,3,3,3,3,3,5,3,2,2,3,3,3,3,3,3,3,2,4,4,4,2,3,3,3,3,8,1,6,3,3,3,4,3,3,3,3,3,3,3,3,3,3,1,1,1,3,3,3,6,6,6,6,6,6,6,6,7,7,7,7,7,7,7,7","0.0010230541229248","fast_greedy","edit-xhwikibooks.graphml"
"0.12","0.06","0.82","0.706884169488048","2,2,2,2,1,2,1,2,2,8,1,1,2,2,2,4,8,1,6,1,3,5,2,2,2,2,2,4,2,8,1,6,1,1,6,6,7,2,3,3,3,3,5,5,5,5,3,5,5,5,3,3,3,3,3,5,5,5,5,3,2,3,3,2,2,3,3,3,3,3,5,3,2,2,3,3,3,3,3,3,3,2,4,4,4,2,3,3,3,3,8,1,6,3,3,3,4,3,3,3,3,3,3,3,3,3,3,1,1,1,3,3,3,6,6,6,6,6,6,6,6,7,7,7,7,7,7,7,7","0.00102019309997559","fast_greedy","edit-xhwikibooks.graphml"
"0.11","0.07","0.82","0.706884169488048","2,2,2,2,1,2,1,2,2,8,1,1,2,2,2,4,8,1,6,1,3,5,2,2,2,2,2,4,2,8,1,6,1,1,6,6,7,2,3,3,3,3,5,5,5,5,3,5,5,5,3,3,3,3,3,5,5,5,5,3,2,3,3,2,2,3,3,3,3,3,5,3,2,2,3,3,3,3,3,3,3,2,4,4,4,2,3,3,3,3,8,1,6,3,3,3,4,3,3,3,3,3,3,3,3,3,3,1,1,1,3,3,3,6,6,6,6,6,6,6,6,7,7,7,7,7,7,7,7","0.0013279914855957","fast_greedy","edit-xhwikibooks.graphml"
"0.1","0.08","0.82","0.706884169488048","2,2,2,2,1,2,1,2,2,8,1,1,2,2,2,4,8,1,6,1,3,5,2,2,2,2,2,4,2,8,1,6,1,1,6,6,7,2,3,3,3,3,5,5,5,5,3,5,5,5,3,3,3,3,3,5,5,5,5,3,2,3,3,2,2,3,3,3,3,3,5,3,2,2,3,3,3,3,3,3,3,2,4,4,4,2,3,3,3,3,8,1,6,3,3,3,4,3,3,3,3,3,3,3,3,3,3,1,1,1,3,3,3,6,6,6,6,6,6,6,6,7,7,7,7,7,7,7,7","0.00106406211853027","fast_greedy","edit-xhwikibooks.graphml"
"0.09","0.09","0.82","0.706884169488048","2,2,2,2,1,2,1,2,2,8,1,1,2,2,2,4,8,1,6,1,3,5,2,2,2,2,2,4,2,8,1,6,1,1,6,6,7,2,3,3,3,3,5,5,5,5,3,5,5,5,3,3,3,3,3,5,5,5,5,3,2,3,3,2,2,3,3,3,3,3,5,3,2,2,3,3,3,3,3,3,3,2,4,4,4,2,3,3,3,3,8,1,6,3,3,3,4,3,3,3,3,3,3,3,3,3,3,1,1,1,3,3,3,6,6,6,6,6,6,6,6,7,7,7,7,7,7,7,7","0.00104188919067383","fast_greedy","edit-xhwikibooks.graphml"
"0.08","0.1","0.82","0.706884169488048","2,2,2,2,1,2,1,2,2,8,1,1,2,2,2,4,8,1,6,1,3,5,2,2,2,2,2,4,2,8,1,6,1,1,6,6,7,2,3,3,3,3,5,5,5,5,3,5,5,5,3,3,3,3,3,5,5,5,5,3,2,3,3,2,2,3,3,3,3,3,5,3,2,2,3,3,3,3,3,3,3,2,4,4,4,2,3,3,3,3,8,1,6,3,3,3,4,3,3,3,3,3,3,3,3,3,3,1,1,1,3,3,3,6,6,6,6,6,6,6,6,7,7,7,7,7,7,7,7","0.00102901458740234","fast_greedy","edit-xhwikibooks.graphml"
"0.07","0.11","0.82","0.706884169488048","2,2,2,2,1,2,1,2,2,8,1,1,2,2,2,4,8,1,6,1,3,5,2,2,2,2,2,4,2,8,1,6,1,1,6,6,7,2,3,3,3,3,5,5,5,5,3,5,5,5,3,3,3,3,3,5,5,5,5,3,2,3,3,2,2,3,3,3,3,3,5,3,2,2,3,3,3,3,3,3,3,2,4,4,4,2,3,3,3,3,8,1,6,3,3,3,4,3,3,3,3,3,3,3,3,3,3,1,1,1,3,3,3,6,6,6,6,6,6,6,6,7,7,7,7,7,7,7,7","0.00102686882019043","fast_greedy","edit-xhwikibooks.graphml"
"0.06","0.12","0.82","0.706884169488048","2,2,2,2,1,2,1,2,2,8,1,1,2,2,2,4,8,1,6,1,3,5,2,2,2,2,2,4,2,8,1,6,1,1,6,6,7,2,3,3,3,3,5,5,5,5,3,5,5,5,3,3,3,3,3,5,5,5,5,3,2,3,3,2,2,3,3,3,3,3,5,3,2,2,3,3,3,3,3,3,3,2,4,4,4,2,3,3,3,3,8,1,6,3,3,3,4,3,3,3,3,3,3,3,3,3,3,1,1,1,3,3,3,6,6,6,6,6,6,6,6,7,7,7,7,7,7,7,7","0.00100612640380859","fast_greedy","edit-xhwikibooks.graphml"
"0.05","0.13","0.82","0.706884169488048","2,2,2,2,1,2,1,2,2,8,1,1,2,2,2,4,8,1,6,1,3,5,2,2,2,2,2,4,2,8,1,6,1,1,6,6,7,2,3,3,3,3,5,5,5,5,3,5,5,5,3,3,3,3,3,5,5,5,5,3,2,3,3,2,2,3,3,3,3,3,5,3,2,2,3,3,3,3,3,3,3,2,4,4,4,2,3,3,3,3,8,1,6,3,3,3,4,3,3,3,3,3,3,3,3,3,3,1,1,1,3,3,3,6,6,6,6,6,6,6,6,7,7,7,7,7,7,7,7","0.00139689445495605","fast_greedy","edit-xhwikibooks.graphml"
"0.04","0.14","0.82","0.706884169488048","2,2,2,2,1,2,1,2,2,8,1,1,2,2,2,4,8,1,6,1,3,5,2,2,2,2,2,4,2,8,1,6,1,1,6,6,7,2,3,3,3,3,5,5,5,5,3,5,5,5,3,3,3,3,3,5,5,5,5,3,2,3,3,2,2,3,3,3,3,3,5,3,2,2,3,3,3,3,3,3,3,2,4,4,4,2,3,3,3,3,8,1,6,3,3,3,4,3,3,3,3,3,3,3,3,3,3,1,1,1,3,3,3,6,6,6,6,6,6,6,6,7,7,7,7,7,7,7,7","0.00138497352600098","fast_greedy","edit-xhwikibooks.graphml"
"0.03","0.15","0.82","0.706884169488048","2,2,2,2,1,2,1,2,2,8,1,1,2,2,2,4,8,1,6,1,3,5,2,2,2,2,2,4,2,8,1,6,1,1,6,6,7,2,3,3,3,3,5,5,5,5,3,5,5,5,3,3,3,3,3,5,5,5,5,3,2,3,3,2,2,3,3,3,3,3,5,3,2,2,3,3,3,3,3,3,3,2,4,4,4,2,3,3,3,3,8,1,6,3,3,3,4,3,3,3,3,3,3,3,3,3,3,1,1,1,3,3,3,6,6,6,6,6,6,6,6,7,7,7,7,7,7,7,7","0.00135493278503418","fast_greedy","edit-xhwikibooks.graphml"
"0.02","0.16","0.82","0.706884169488048","2,2,2,2,1,2,1,2,2,8,1,1,2,2,2,4,8,1,6,1,3,5,2,2,2,2,2,4,2,8,1,6,1,1,6,6,7,2,3,3,3,3,5,5,5,5,3,5,5,5,3,3,3,3,3,5,5,5,5,3,2,3,3,2,2,3,3,3,3,3,5,3,2,2,3,3,3,3,3,3,3,2,4,4,4,2,3,3,3,3,8,1,6,3,3,3,4,3,3,3,3,3,3,3,3,3,3,1,1,1,3,3,3,6,6,6,6,6,6,6,6,7,7,7,7,7,7,7,7","0.0010838508605957","fast_greedy","edit-xhwikibooks.graphml"
"0.01","0.17","0.82","0.708355868036777","2,2,2,2,1,2,1,2,2,8,1,1,2,2,2,4,8,1,6,1,3,5,2,2,2,2,2,4,2,8,1,6,1,1,6,6,7,2,3,3,3,3,5,5,5,5,3,5,5,5,3,3,3,3,3,5,5,5,5,3,2,3,3,2,2,3,3,3,3,3,5,3,2,2,3,3,3,3,3,3,3,2,4,4,4,2,3,3,3,3,8,1,6,3,3,3,4,3,3,3,3,3,3,3,3,3,3,1,1,1,3,3,3,6,6,6,6,6,6,6,6,7,7,7,7,7,7,7,7","0.000965118408203125","fast_greedy","edit-xhwikibooks.graphml"
"0","0.18","0.82","0.682032395992634","7,7,7,7,7,7,7,7,1,10,9,3,7,1,1,4,10,9,6,3,2,5,1,7,1,1,1,4,7,10,9,6,3,3,6,6,8,1,2,2,2,2,5,5,5,5,2,5,5,5,2,2,2,2,2,5,5,5,5,2,1,2,2,7,1,2,2,2,2,2,5,2,1,1,2,2,2,2,2,2,2,1,4,4,4,7,2,2,2,2,10,9,6,2,2,2,4,2,2,2,2,2,2,2,2,2,2,3,3,3,2,2,2,6,6,6,6,6,6,6,6,8,8,8,8,8,8,8,8","0.000967979431152344","fast_greedy","edit-xhwikibooks.graphml"
"0.17","0","0.83","0.706884169488048","2,2,2,2,1,2,1,2,2,8,1,1,2,2,2,4,8,1,6,1,3,5,2,2,2,2,2,4,2,8,1,6,1,1,6,6,7,2,3,3,3,3,5,5,5,5,3,5,5,5,3,3,3,3,3,5,5,5,5,3,2,3,3,2,2,3,3,3,3,3,5,3,2,2,3,3,3,3,3,3,3,2,4,4,4,2,3,3,3,3,8,1,6,3,3,3,4,3,3,3,3,3,3,3,3,3,3,1,1,1,3,3,3,6,6,6,6,6,6,6,6,7,7,7,7,7,7,7,7","0.000988960266113281","fast_greedy","edit-xhwikibooks.graphml"
"0.16","0.01","0.83","0.706884169488048","2,2,2,2,1,2,1,2,2,8,1,1,2,2,2,4,8,1,6,1,3,5,2,2,2,2,2,4,2,8,1,6,1,1,6,6,7,2,3,3,3,3,5,5,5,5,3,5,5,5,3,3,3,3,3,5,5,5,5,3,2,3,3,2,2,3,3,3,3,3,5,3,2,2,3,3,3,3,3,3,3,2,4,4,4,2,3,3,3,3,8,1,6,3,3,3,4,3,3,3,3,3,3,3,3,3,3,1,1,1,3,3,3,6,6,6,6,6,6,6,6,7,7,7,7,7,7,7,7","0.000967025756835938","fast_greedy","edit-xhwikibooks.graphml"
"0.15","0.02","0.83","0.706884169488048","2,2,2,2,1,2,1,2,2,8,1,1,2,2,2,4,8,1,6,1,3,5,2,2,2,2,2,4,2,8,1,6,1,1,6,6,7,2,3,3,3,3,5,5,5,5,3,5,5,5,3,3,3,3,3,5,5,5,5,3,2,3,3,2,2,3,3,3,3,3,5,3,2,2,3,3,3,3,3,3,3,2,4,4,4,2,3,3,3,3,8,1,6,3,3,3,4,3,3,3,3,3,3,3,3,3,3,1,1,1,3,3,3,6,6,6,6,6,6,6,6,7,7,7,7,7,7,7,7","0.000973939895629883","fast_greedy","edit-xhwikibooks.graphml"
"0.14","0.03","0.83","0.706884169488048","2,2,2,2,1,2,1,2,2,8,1,1,2,2,2,4,8,1,6,1,3,5,2,2,2,2,2,4,2,8,1,6,1,1,6,6,7,2,3,3,3,3,5,5,5,5,3,5,5,5,3,3,3,3,3,5,5,5,5,3,2,3,3,2,2,3,3,3,3,3,5,3,2,2,3,3,3,3,3,3,3,2,4,4,4,2,3,3,3,3,8,1,6,3,3,3,4,3,3,3,3,3,3,3,3,3,3,1,1,1,3,3,3,6,6,6,6,6,6,6,6,7,7,7,7,7,7,7,7","0.000998020172119141","fast_greedy","edit-xhwikibooks.graphml"
"0.13","0.04","0.83","0.706884169488048","2,2,2,2,1,2,1,2,2,8,1,1,2,2,2,4,8,1,6,1,3,5,2,2,2,2,2,4,2,8,1,6,1,1,6,6,7,2,3,3,3,3,5,5,5,5,3,5,5,5,3,3,3,3,3,5,5,5,5,3,2,3,3,2,2,3,3,3,3,3,5,3,2,2,3,3,3,3,3,3,3,2,4,4,4,2,3,3,3,3,8,1,6,3,3,3,4,3,3,3,3,3,3,3,3,3,3,1,1,1,3,3,3,6,6,6,6,6,6,6,6,7,7,7,7,7,7,7,7","0.00100302696228027","fast_greedy","edit-xhwikibooks.graphml"
"0.12","0.05","0.83","0.706884169488048","2,2,2,2,1,2,1,2,2,8,1,1,2,2,2,4,8,1,6,1,3,5,2,2,2,2,2,4,2,8,1,6,1,1,6,6,7,2,3,3,3,3,5,5,5,5,3,5,5,5,3,3,3,3,3,5,5,5,5,3,2,3,3,2,2,3,3,3,3,3,5,3,2,2,3,3,3,3,3,3,3,2,4,4,4,2,3,3,3,3,8,1,6,3,3,3,4,3,3,3,3,3,3,3,3,3,3,1,1,1,3,3,3,6,6,6,6,6,6,6,6,7,7,7,7,7,7,7,7","0.00102806091308594","fast_greedy","edit-xhwikibooks.graphml"
"0.11","0.06","0.83","0.706884169488048","2,2,2,2,1,2,1,2,2,8,1,1,2,2,2,4,8,1,6,1,3,5,2,2,2,2,2,4,2,8,1,6,1,1,6,6,7,2,3,3,3,3,5,5,5,5,3,5,5,5,3,3,3,3,3,5,5,5,5,3,2,3,3,2,2,3,3,3,3,3,5,3,2,2,3,3,3,3,3,3,3,2,4,4,4,2,3,3,3,3,8,1,6,3,3,3,4,3,3,3,3,3,3,3,3,3,3,1,1,1,3,3,3,6,6,6,6,6,6,6,6,7,7,7,7,7,7,7,7","0.00105786323547363","fast_greedy","edit-xhwikibooks.graphml"
"0.1","0.07","0.83","0.706884169488048","2,2,2,2,1,2,1,2,2,8,1,1,2,2,2,4,8,1,6,1,3,5,2,2,2,2,2,4,2,8,1,6,1,1,6,6,7,2,3,3,3,3,5,5,5,5,3,5,5,5,3,3,3,3,3,5,5,5,5,3,2,3,3,2,2,3,3,3,3,3,5,3,2,2,3,3,3,3,3,3,3,2,4,4,4,2,3,3,3,3,8,1,6,3,3,3,4,3,3,3,3,3,3,3,3,3,3,1,1,1,3,3,3,6,6,6,6,6,6,6,6,7,7,7,7,7,7,7,7","0.00112104415893555","fast_greedy","edit-xhwikibooks.graphml"
"0.09","0.08","0.83","0.706884169488048","2,2,2,2,1,2,1,2,2,8,1,1,2,2,2,4,8,1,6,1,3,5,2,2,2,2,2,4,2,8,1,6,1,1,6,6,7,2,3,3,3,3,5,5,5,5,3,5,5,5,3,3,3,3,3,5,5,5,5,3,2,3,3,2,2,3,3,3,3,3,5,3,2,2,3,3,3,3,3,3,3,2,4,4,4,2,3,3,3,3,8,1,6,3,3,3,4,3,3,3,3,3,3,3,3,3,3,1,1,1,3,3,3,6,6,6,6,6,6,6,6,7,7,7,7,7,7,7,7","0.000992059707641602","fast_greedy","edit-xhwikibooks.graphml"
"0.08","0.09","0.83","0.706884169488048","2,2,2,2,1,2,1,2,2,8,1,1,2,2,2,4,8,1,6,1,3,5,2,2,2,2,2,4,2,8,1,6,1,1,6,6,7,2,3,3,3,3,5,5,5,5,3,5,5,5,3,3,3,3,3,5,5,5,5,3,2,3,3,2,2,3,3,3,3,3,5,3,2,2,3,3,3,3,3,3,3,2,4,4,4,2,3,3,3,3,8,1,6,3,3,3,4,3,3,3,3,3,3,3,3,3,3,1,1,1,3,3,3,6,6,6,6,6,6,6,6,7,7,7,7,7,7,7,7","0.001007080078125","fast_greedy","edit-xhwikibooks.graphml"
"0.07","0.1","0.83","0.706884169488048","2,2,2,2,1,2,1,2,2,8,1,1,2,2,2,4,8,1,6,1,3,5,2,2,2,2,2,4,2,8,1,6,1,1,6,6,7,2,3,3,3,3,5,5,5,5,3,5,5,5,3,3,3,3,3,5,5,5,5,3,2,3,3,2,2,3,3,3,3,3,5,3,2,2,3,3,3,3,3,3,3,2,4,4,4,2,3,3,3,3,8,1,6,3,3,3,4,3,3,3,3,3,3,3,3,3,3,1,1,1,3,3,3,6,6,6,6,6,6,6,6,7,7,7,7,7,7,7,7","0.0010068416595459","fast_greedy","edit-xhwikibooks.graphml"
"0.06","0.11","0.83","0.706884169488048","2,2,2,2,1,2,1,2,2,8,1,1,2,2,2,4,8,1,6,1,3,5,2,2,2,2,2,4,2,8,1,6,1,1,6,6,7,2,3,3,3,3,5,5,5,5,3,5,5,5,3,3,3,3,3,5,5,5,5,3,2,3,3,2,2,3,3,3,3,3,5,3,2,2,3,3,3,3,3,3,3,2,4,4,4,2,3,3,3,3,8,1,6,3,3,3,4,3,3,3,3,3,3,3,3,3,3,1,1,1,3,3,3,6,6,6,6,6,6,6,6,7,7,7,7,7,7,7,7","0.000990867614746094","fast_greedy","edit-xhwikibooks.graphml"
"0.05","0.12","0.83","0.706884169488048","2,2,2,2,1,2,1,2,2,8,1,1,2,2,2,4,8,1,6,1,3,5,2,2,2,2,2,4,2,8,1,6,1,1,6,6,7,2,3,3,3,3,5,5,5,5,3,5,5,5,3,3,3,3,3,5,5,5,5,3,2,3,3,2,2,3,3,3,3,3,5,3,2,2,3,3,3,3,3,3,3,2,4,4,4,2,3,3,3,3,8,1,6,3,3,3,4,3,3,3,3,3,3,3,3,3,3,1,1,1,3,3,3,6,6,6,6,6,6,6,6,7,7,7,7,7,7,7,7","0.000988960266113281","fast_greedy","edit-xhwikibooks.graphml"
"0.04","0.13","0.83","0.706884169488048","2,2,2,2,1,2,1,2,2,8,1,1,2,2,2,4,8,1,6,1,3,5,2,2,2,2,2,4,2,8,1,6,1,1,6,6,7,2,3,3,3,3,5,5,5,5,3,5,5,5,3,3,3,3,3,5,5,5,5,3,2,3,3,2,2,3,3,3,3,3,5,3,2,2,3,3,3,3,3,3,3,2,4,4,4,2,3,3,3,3,8,1,6,3,3,3,4,3,3,3,3,3,3,3,3,3,3,1,1,1,3,3,3,6,6,6,6,6,6,6,6,7,7,7,7,7,7,7,7","0.00100207328796387","fast_greedy","edit-xhwikibooks.graphml"
"0.03","0.14","0.83","0.706884169488048","2,2,2,2,1,2,1,2,2,8,1,1,2,2,2,4,8,1,6,1,3,5,2,2,2,2,2,4,2,8,1,6,1,1,6,6,7,2,3,3,3,3,5,5,5,5,3,5,5,5,3,3,3,3,3,5,5,5,5,3,2,3,3,2,2,3,3,3,3,3,5,3,2,2,3,3,3,3,3,3,3,2,4,4,4,2,3,3,3,3,8,1,6,3,3,3,4,3,3,3,3,3,3,3,3,3,3,1,1,1,3,3,3,6,6,6,6,6,6,6,6,7,7,7,7,7,7,7,7","0.00104308128356934","fast_greedy","edit-xhwikibooks.graphml"
"0.02","0.15","0.83","0.706884169488048","2,2,2,2,1,2,1,2,2,8,1,1,2,2,2,4,8,1,6,1,3,5,2,2,2,2,2,4,2,8,1,6,1,1,6,6,7,2,3,3,3,3,5,5,5,5,3,5,5,5,3,3,3,3,3,5,5,5,5,3,2,3,3,2,2,3,3,3,3,3,5,3,2,2,3,3,3,3,3,3,3,2,4,4,4,2,3,3,3,3,8,1,6,3,3,3,4,3,3,3,3,3,3,3,3,3,3,1,1,1,3,3,3,6,6,6,6,6,6,6,6,7,7,7,7,7,7,7,7","0.00100278854370117","fast_greedy","edit-xhwikibooks.graphml"
"0.01","0.16","0.83","0.706884169488048","2,2,2,2,1,2,1,2,2,8,1,1,2,2,2,4,8,1,6,1,3,5,2,2,2,2,2,4,2,8,1,6,1,1,6,6,7,2,3,3,3,3,5,5,5,5,3,5,5,5,3,3,3,3,3,5,5,5,5,3,2,3,3,2,2,3,3,3,3,3,5,3,2,2,3,3,3,3,3,3,3,2,4,4,4,2,3,3,3,3,8,1,6,3,3,3,4,3,3,3,3,3,3,3,3,3,3,1,1,1,3,3,3,6,6,6,6,6,6,6,6,7,7,7,7,7,7,7,7","0.00106906890869141","fast_greedy","edit-xhwikibooks.graphml"
"0","0.17","0.83","0.682032395992634","7,7,7,7,7,7,7,7,1,10,9,3,7,1,1,4,10,9,6,3,2,5,1,7,1,1,1,4,7,10,9,6,3,3,6,6,8,1,2,2,2,2,5,5,5,5,2,5,5,5,2,2,2,2,2,5,5,5,5,2,1,2,2,7,1,2,2,2,2,2,5,2,1,1,2,2,2,2,2,2,2,1,4,4,4,7,2,2,2,2,10,9,6,2,2,2,4,2,2,2,2,2,2,2,2,2,2,3,3,3,2,2,2,6,6,6,6,6,6,6,6,8,8,8,8,8,8,8,8","0.00110697746276855","fast_greedy","edit-xhwikibooks.graphml"
"0.16","0","0.84","0.706884169488048","2,2,2,2,1,2,1,2,2,8,1,1,2,2,2,4,8,1,6,1,3,5,2,2,2,2,2,4,2,8,1,6,1,1,6,6,7,2,3,3,3,3,5,5,5,5,3,5,5,5,3,3,3,3,3,5,5,5,5,3,2,3,3,2,2,3,3,3,3,3,5,3,2,2,3,3,3,3,3,3,3,2,4,4,4,2,3,3,3,3,8,1,6,3,3,3,4,3,3,3,3,3,3,3,3,3,3,1,1,1,3,3,3,6,6,6,6,6,6,6,6,7,7,7,7,7,7,7,7","0.000973939895629883","fast_greedy","edit-xhwikibooks.graphml"
"0.15","0.01","0.84","0.706884169488048","2,2,2,2,1,2,1,2,2,8,1,1,2,2,2,4,8,1,6,1,3,5,2,2,2,2,2,4,2,8,1,6,1,1,6,6,7,2,3,3,3,3,5,5,5,5,3,5,5,5,3,3,3,3,3,5,5,5,5,3,2,3,3,2,2,3,3,3,3,3,5,3,2,2,3,3,3,3,3,3,3,2,4,4,4,2,3,3,3,3,8,1,6,3,3,3,4,3,3,3,3,3,3,3,3,3,3,1,1,1,3,3,3,6,6,6,6,6,6,6,6,7,7,7,7,7,7,7,7","0.000985145568847656","fast_greedy","edit-xhwikibooks.graphml"
"0.14","0.02","0.84","0.706884169488048","2,2,2,2,1,2,1,2,2,8,1,1,2,2,2,4,8,1,6,1,3,5,2,2,2,2,2,4,2,8,1,6,1,1,6,6,7,2,3,3,3,3,5,5,5,5,3,5,5,5,3,3,3,3,3,5,5,5,5,3,2,3,3,2,2,3,3,3,3,3,5,3,2,2,3,3,3,3,3,3,3,2,4,4,4,2,3,3,3,3,8,1,6,3,3,3,4,3,3,3,3,3,3,3,3,3,3,1,1,1,3,3,3,6,6,6,6,6,6,6,6,7,7,7,7,7,7,7,7","0.000998973846435547","fast_greedy","edit-xhwikibooks.graphml"
"0.13","0.03","0.84","0.706884169488048","2,2,2,2,1,2,1,2,2,8,1,1,2,2,2,4,8,1,6,1,3,5,2,2,2,2,2,4,2,8,1,6,1,1,6,6,7,2,3,3,3,3,5,5,5,5,3,5,5,5,3,3,3,3,3,5,5,5,5,3,2,3,3,2,2,3,3,3,3,3,5,3,2,2,3,3,3,3,3,3,3,2,4,4,4,2,3,3,3,3,8,1,6,3,3,3,4,3,3,3,3,3,3,3,3,3,3,1,1,1,3,3,3,6,6,6,6,6,6,6,6,7,7,7,7,7,7,7,7","0.000998020172119141","fast_greedy","edit-xhwikibooks.graphml"
"0.12","0.04","0.84","0.706884169488048","2,2,2,2,1,2,1,2,2,8,1,1,2,2,2,4,8,1,6,1,3,5,2,2,2,2,2,4,2,8,1,6,1,1,6,6,7,2,3,3,3,3,5,5,5,5,3,5,5,5,3,3,3,3,3,5,5,5,5,3,2,3,3,2,2,3,3,3,3,3,5,3,2,2,3,3,3,3,3,3,3,2,4,4,4,2,3,3,3,3,8,1,6,3,3,3,4,3,3,3,3,3,3,3,3,3,3,1,1,1,3,3,3,6,6,6,6,6,6,6,6,7,7,7,7,7,7,7,7","0.00100612640380859","fast_greedy","edit-xhwikibooks.graphml"
"0.11","0.05","0.84","0.706884169488048","2,2,2,2,1,2,1,2,2,8,1,1,2,2,2,4,8,1,6,1,3,5,2,2,2,2,2,4,2,8,1,6,1,1,6,6,7,2,3,3,3,3,5,5,5,5,3,5,5,5,3,3,3,3,3,5,5,5,5,3,2,3,3,2,2,3,3,3,3,3,5,3,2,2,3,3,3,3,3,3,3,2,4,4,4,2,3,3,3,3,8,1,6,3,3,3,4,3,3,3,3,3,3,3,3,3,3,1,1,1,3,3,3,6,6,6,6,6,6,6,6,7,7,7,7,7,7,7,7","0.000983953475952148","fast_greedy","edit-xhwikibooks.graphml"
"0.1","0.06","0.84","0.706884169488048","2,2,2,2,1,2,1,2,2,8,1,1,2,2,2,4,8,1,6,1,3,5,2,2,2,2,2,4,2,8,1,6,1,1,6,6,7,2,3,3,3,3,5,5,5,5,3,5,5,5,3,3,3,3,3,5,5,5,5,3,2,3,3,2,2,3,3,3,3,3,5,3,2,2,3,3,3,3,3,3,3,2,4,4,4,2,3,3,3,3,8,1,6,3,3,3,4,3,3,3,3,3,3,3,3,3,3,1,1,1,3,3,3,6,6,6,6,6,6,6,6,7,7,7,7,7,7,7,7","0.00101590156555176","fast_greedy","edit-xhwikibooks.graphml"
"0.09","0.07","0.84","0.706884169488048","2,2,2,2,1,2,1,2,2,8,1,1,2,2,2,4,8,1,6,1,3,5,2,2,2,2,2,4,2,8,1,6,1,1,6,6,7,2,3,3,3,3,5,5,5,5,3,5,5,5,3,3,3,3,3,5,5,5,5,3,2,3,3,2,2,3,3,3,3,3,5,3,2,2,3,3,3,3,3,3,3,2,4,4,4,2,3,3,3,3,8,1,6,3,3,3,4,3,3,3,3,3,3,3,3,3,3,1,1,1,3,3,3,6,6,6,6,6,6,6,6,7,7,7,7,7,7,7,7","0.00101304054260254","fast_greedy","edit-xhwikibooks.graphml"
"0.08","0.08","0.84","0.706884169488048","2,2,2,2,1,2,1,2,2,8,1,1,2,2,2,4,8,1,6,1,3,5,2,2,2,2,2,4,2,8,1,6,1,1,6,6,7,2,3,3,3,3,5,5,5,5,3,5,5,5,3,3,3,3,3,5,5,5,5,3,2,3,3,2,2,3,3,3,3,3,5,3,2,2,3,3,3,3,3,3,3,2,4,4,4,2,3,3,3,3,8,1,6,3,3,3,4,3,3,3,3,3,3,3,3,3,3,1,1,1,3,3,3,6,6,6,6,6,6,6,6,7,7,7,7,7,7,7,7","0.00104498863220215","fast_greedy","edit-xhwikibooks.graphml"
"0.07","0.09","0.84","0.706884169488048","2,2,2,2,1,2,1,2,2,8,1,1,2,2,2,4,8,1,6,1,3,5,2,2,2,2,2,4,2,8,1,6,1,1,6,6,7,2,3,3,3,3,5,5,5,5,3,5,5,5,3,3,3,3,3,5,5,5,5,3,2,3,3,2,2,3,3,3,3,3,5,3,2,2,3,3,3,3,3,3,3,2,4,4,4,2,3,3,3,3,8,1,6,3,3,3,4,3,3,3,3,3,3,3,3,3,3,1,1,1,3,3,3,6,6,6,6,6,6,6,6,7,7,7,7,7,7,7,7","0.00119900703430176","fast_greedy","edit-xhwikibooks.graphml"
"0.06","0.1","0.84","0.706884169488048","2,2,2,2,1,2,1,2,2,8,1,1,2,2,2,4,8,1,6,1,3,5,2,2,2,2,2,4,2,8,1,6,1,1,6,6,7,2,3,3,3,3,5,5,5,5,3,5,5,5,3,3,3,3,3,5,5,5,5,3,2,3,3,2,2,3,3,3,3,3,5,3,2,2,3,3,3,3,3,3,3,2,4,4,4,2,3,3,3,3,8,1,6,3,3,3,4,3,3,3,3,3,3,3,3,3,3,1,1,1,3,3,3,6,6,6,6,6,6,6,6,7,7,7,7,7,7,7,7","0.000988006591796875","fast_greedy","edit-xhwikibooks.graphml"
"0.05","0.11","0.84","0.706884169488048","2,2,2,2,1,2,1,2,2,8,1,1,2,2,2,4,8,1,6,1,3,5,2,2,2,2,2,4,2,8,1,6,1,1,6,6,7,2,3,3,3,3,5,5,5,5,3,5,5,5,3,3,3,3,3,5,5,5,5,3,2,3,3,2,2,3,3,3,3,3,5,3,2,2,3,3,3,3,3,3,3,2,4,4,4,2,3,3,3,3,8,1,6,3,3,3,4,3,3,3,3,3,3,3,3,3,3,1,1,1,3,3,3,6,6,6,6,6,6,6,6,7,7,7,7,7,7,7,7","0.000988006591796875","fast_greedy","edit-xhwikibooks.graphml"
"0.04","0.12","0.84","0.706884169488048","2,2,2,2,1,2,1,2,2,8,1,1,2,2,2,4,8,1,6,1,3,5,2,2,2,2,2,4,2,8,1,6,1,1,6,6,7,2,3,3,3,3,5,5,5,5,3,5,5,5,3,3,3,3,3,5,5,5,5,3,2,3,3,2,2,3,3,3,3,3,5,3,2,2,3,3,3,3,3,3,3,2,4,4,4,2,3,3,3,3,8,1,6,3,3,3,4,3,3,3,3,3,3,3,3,3,3,1,1,1,3,3,3,6,6,6,6,6,6,6,6,7,7,7,7,7,7,7,7","0.00097203254699707","fast_greedy","edit-xhwikibooks.graphml"
"0.03","0.13","0.84","0.706884169488048","2,2,2,2,1,2,1,2,2,8,1,1,2,2,2,4,8,1,6,1,3,5,2,2,2,2,2,4,2,8,1,6,1,1,6,6,7,2,3,3,3,3,5,5,5,5,3,5,5,5,3,3,3,3,3,5,5,5,5,3,2,3,3,2,2,3,3,3,3,3,5,3,2,2,3,3,3,3,3,3,3,2,4,4,4,2,3,3,3,3,8,1,6,3,3,3,4,3,3,3,3,3,3,3,3,3,3,1,1,1,3,3,3,6,6,6,6,6,6,6,6,7,7,7,7,7,7,7,7","0.000971078872680664","fast_greedy","edit-xhwikibooks.graphml"
"0.02","0.14","0.84","0.706884169488048","2,2,2,2,1,2,1,2,2,8,1,1,2,2,2,4,8,1,6,1,3,5,2,2,2,2,2,4,2,8,1,6,1,1,6,6,7,2,3,3,3,3,5,5,5,5,3,5,5,5,3,3,3,3,3,5,5,5,5,3,2,3,3,2,2,3,3,3,3,3,5,3,2,2,3,3,3,3,3,3,3,2,4,4,4,2,3,3,3,3,8,1,6,3,3,3,4,3,3,3,3,3,3,3,3,3,3,1,1,1,3,3,3,6,6,6,6,6,6,6,6,7,7,7,7,7,7,7,7","0.00101304054260254","fast_greedy","edit-xhwikibooks.graphml"
"0.01","0.15","0.84","0.706884169488048","2,2,2,2,1,2,1,2,2,8,1,1,2,2,2,4,8,1,6,1,3,5,2,2,2,2,2,4,2,8,1,6,1,1,6,6,7,2,3,3,3,3,5,5,5,5,3,5,5,5,3,3,3,3,3,5,5,5,5,3,2,3,3,2,2,3,3,3,3,3,5,3,2,2,3,3,3,3,3,3,3,2,4,4,4,2,3,3,3,3,8,1,6,3,3,3,4,3,3,3,3,3,3,3,3,3,3,1,1,1,3,3,3,6,6,6,6,6,6,6,6,7,7,7,7,7,7,7,7","0.00105381011962891","fast_greedy","edit-xhwikibooks.graphml"
"0","0.16","0.84","0.680785254387072","7,7,7,7,7,7,7,7,2,9,1,4,7,2,2,5,9,1,1,4,3,6,2,7,2,2,2,5,7,9,1,1,4,4,1,1,8,2,3,3,3,3,6,6,6,6,3,6,6,6,3,3,3,3,3,6,6,6,6,3,2,3,3,7,2,3,3,3,3,3,6,3,2,2,3,3,3,3,3,3,3,2,5,5,5,7,3,3,3,3,9,1,1,3,3,3,5,3,3,3,3,3,3,3,3,3,3,4,4,4,3,3,3,1,1,1,1,1,1,1,1,8,8,8,8,8,8,8,8","0.0010230541229248","fast_greedy","edit-xhwikibooks.graphml"
"0.15","0","0.85","0.706884169488048","2,2,2,2,1,2,1,2,2,8,1,1,2,2,2,4,8,1,6,1,3,5,2,2,2,2,2,4,2,8,1,6,1,1,6,6,7,2,3,3,3,3,5,5,5,5,3,5,5,5,3,3,3,3,3,5,5,5,5,3,2,3,3,2,2,3,3,3,3,3,5,3,2,2,3,3,3,3,3,3,3,2,4,4,4,2,3,3,3,3,8,1,6,3,3,3,4,3,3,3,3,3,3,3,3,3,3,1,1,1,3,3,3,6,6,6,6,6,6,6,6,7,7,7,7,7,7,7,7","0.00103497505187988","fast_greedy","edit-xhwikibooks.graphml"
"0.14","0.01","0.85","0.706884169488048","2,2,2,2,1,2,1,2,2,8,1,1,2,2,2,4,8,1,6,1,3,5,2,2,2,2,2,4,2,8,1,6,1,1,6,6,7,2,3,3,3,3,5,5,5,5,3,5,5,5,3,3,3,3,3,5,5,5,5,3,2,3,3,2,2,3,3,3,3,3,5,3,2,2,3,3,3,3,3,3,3,2,4,4,4,2,3,3,3,3,8,1,6,3,3,3,4,3,3,3,3,3,3,3,3,3,3,1,1,1,3,3,3,6,6,6,6,6,6,6,6,7,7,7,7,7,7,7,7","0.0010988712310791","fast_greedy","edit-xhwikibooks.graphml"
"0.13","0.02","0.85","0.706884169488048","2,2,2,2,1,2,1,2,2,8,1,1,2,2,2,4,8,1,6,1,3,5,2,2,2,2,2,4,2,8,1,6,1,1,6,6,7,2,3,3,3,3,5,5,5,5,3,5,5,5,3,3,3,3,3,5,5,5,5,3,2,3,3,2,2,3,3,3,3,3,5,3,2,2,3,3,3,3,3,3,3,2,4,4,4,2,3,3,3,3,8,1,6,3,3,3,4,3,3,3,3,3,3,3,3,3,3,1,1,1,3,3,3,6,6,6,6,6,6,6,6,7,7,7,7,7,7,7,7","0.00118708610534668","fast_greedy","edit-xhwikibooks.graphml"
"0.12","0.03","0.85","0.706884169488048","2,2,2,2,1,2,1,2,2,8,1,1,2,2,2,4,8,1,6,1,3,5,2,2,2,2,2,4,2,8,1,6,1,1,6,6,7,2,3,3,3,3,5,5,5,5,3,5,5,5,3,3,3,3,3,5,5,5,5,3,2,3,3,2,2,3,3,3,3,3,5,3,2,2,3,3,3,3,3,3,3,2,4,4,4,2,3,3,3,3,8,1,6,3,3,3,4,3,3,3,3,3,3,3,3,3,3,1,1,1,3,3,3,6,6,6,6,6,6,6,6,7,7,7,7,7,7,7,7","0.000982046127319336","fast_greedy","edit-xhwikibooks.graphml"
"0.11","0.04","0.85","0.706884169488048","2,2,2,2,1,2,1,2,2,8,1,1,2,2,2,4,8,1,6,1,3,5,2,2,2,2,2,4,2,8,1,6,1,1,6,6,7,2,3,3,3,3,5,5,5,5,3,5,5,5,3,3,3,3,3,5,5,5,5,3,2,3,3,2,2,3,3,3,3,3,5,3,2,2,3,3,3,3,3,3,3,2,4,4,4,2,3,3,3,3,8,1,6,3,3,3,4,3,3,3,3,3,3,3,3,3,3,1,1,1,3,3,3,6,6,6,6,6,6,6,6,7,7,7,7,7,7,7,7","0.000985860824584961","fast_greedy","edit-xhwikibooks.graphml"
"0.1","0.05","0.85","0.706884169488048","2,2,2,2,1,2,1,2,2,8,1,1,2,2,2,4,8,1,6,1,3,5,2,2,2,2,2,4,2,8,1,6,1,1,6,6,7,2,3,3,3,3,5,5,5,5,3,5,5,5,3,3,3,3,3,5,5,5,5,3,2,3,3,2,2,3,3,3,3,3,5,3,2,2,3,3,3,3,3,3,3,2,4,4,4,2,3,3,3,3,8,1,6,3,3,3,4,3,3,3,3,3,3,3,3,3,3,1,1,1,3,3,3,6,6,6,6,6,6,6,6,7,7,7,7,7,7,7,7","0.000975847244262695","fast_greedy","edit-xhwikibooks.graphml"
"0.09","0.06","0.85","0.706884169488048","2,2,2,2,1,2,1,2,2,8,1,1,2,2,2,4,8,1,6,1,3,5,2,2,2,2,2,4,2,8,1,6,1,1,6,6,7,2,3,3,3,3,5,5,5,5,3,5,5,5,3,3,3,3,3,5,5,5,5,3,2,3,3,2,2,3,3,3,3,3,5,3,2,2,3,3,3,3,3,3,3,2,4,4,4,2,3,3,3,3,8,1,6,3,3,3,4,3,3,3,3,3,3,3,3,3,3,1,1,1,3,3,3,6,6,6,6,6,6,6,6,7,7,7,7,7,7,7,7","0.00100421905517578","fast_greedy","edit-xhwikibooks.graphml"
"0.08","0.07","0.85","0.706884169488048","2,2,2,2,1,2,1,2,2,8,1,1,2,2,2,4,8,1,6,1,3,5,2,2,2,2,2,4,2,8,1,6,1,1,6,6,7,2,3,3,3,3,5,5,5,5,3,5,5,5,3,3,3,3,3,5,5,5,5,3,2,3,3,2,2,3,3,3,3,3,5,3,2,2,3,3,3,3,3,3,3,2,4,4,4,2,3,3,3,3,8,1,6,3,3,3,4,3,3,3,3,3,3,3,3,3,3,1,1,1,3,3,3,6,6,6,6,6,6,6,6,7,7,7,7,7,7,7,7","0.00101685523986816","fast_greedy","edit-xhwikibooks.graphml"
"0.07","0.08","0.85","0.706884169488048","2,2,2,2,1,2,1,2,2,8,1,1,2,2,2,4,8,1,6,1,3,5,2,2,2,2,2,4,2,8,1,6,1,1,6,6,7,2,3,3,3,3,5,5,5,5,3,5,5,5,3,3,3,3,3,5,5,5,5,3,2,3,3,2,2,3,3,3,3,3,5,3,2,2,3,3,3,3,3,3,3,2,4,4,4,2,3,3,3,3,8,1,6,3,3,3,4,3,3,3,3,3,3,3,3,3,3,1,1,1,3,3,3,6,6,6,6,6,6,6,6,7,7,7,7,7,7,7,7","0.00102996826171875","fast_greedy","edit-xhwikibooks.graphml"
"0.06","0.09","0.85","0.706884169488048","2,2,2,2,1,2,1,2,2,8,1,1,2,2,2,4,8,1,6,1,3,5,2,2,2,2,2,4,2,8,1,6,1,1,6,6,7,2,3,3,3,3,5,5,5,5,3,5,5,5,3,3,3,3,3,5,5,5,5,3,2,3,3,2,2,3,3,3,3,3,5,3,2,2,3,3,3,3,3,3,3,2,4,4,4,2,3,3,3,3,8,1,6,3,3,3,4,3,3,3,3,3,3,3,3,3,3,1,1,1,3,3,3,6,6,6,6,6,6,6,6,7,7,7,7,7,7,7,7","0.00102400779724121","fast_greedy","edit-xhwikibooks.graphml"
"0.05","0.1","0.85","0.706884169488048","2,2,2,2,1,2,1,2,2,8,1,1,2,2,2,4,8,1,6,1,3,5,2,2,2,2,2,4,2,8,1,6,1,1,6,6,7,2,3,3,3,3,5,5,5,5,3,5,5,5,3,3,3,3,3,5,5,5,5,3,2,3,3,2,2,3,3,3,3,3,5,3,2,2,3,3,3,3,3,3,3,2,4,4,4,2,3,3,3,3,8,1,6,3,3,3,4,3,3,3,3,3,3,3,3,3,3,1,1,1,3,3,3,6,6,6,6,6,6,6,6,7,7,7,7,7,7,7,7","0.00101995468139648","fast_greedy","edit-xhwikibooks.graphml"
"0.04","0.11","0.85","0.706884169488048","2,2,2,2,1,2,1,2,2,8,1,1,2,2,2,4,8,1,6,1,3,5,2,2,2,2,2,4,2,8,1,6,1,1,6,6,7,2,3,3,3,3,5,5,5,5,3,5,5,5,3,3,3,3,3,5,5,5,5,3,2,3,3,2,2,3,3,3,3,3,5,3,2,2,3,3,3,3,3,3,3,2,4,4,4,2,3,3,3,3,8,1,6,3,3,3,4,3,3,3,3,3,3,3,3,3,3,1,1,1,3,3,3,6,6,6,6,6,6,6,6,7,7,7,7,7,7,7,7","0.000988006591796875","fast_greedy","edit-xhwikibooks.graphml"
"0.03","0.12","0.85","0.706884169488048","2,2,2,2,1,2,1,2,2,8,1,1,2,2,2,4,8,1,6,1,3,5,2,2,2,2,2,4,2,8,1,6,1,1,6,6,7,2,3,3,3,3,5,5,5,5,3,5,5,5,3,3,3,3,3,5,5,5,5,3,2,3,3,2,2,3,3,3,3,3,5,3,2,2,3,3,3,3,3,3,3,2,4,4,4,2,3,3,3,3,8,1,6,3,3,3,4,3,3,3,3,3,3,3,3,3,3,1,1,1,3,3,3,6,6,6,6,6,6,6,6,7,7,7,7,7,7,7,7","0.00108504295349121","fast_greedy","edit-xhwikibooks.graphml"
"0.02","0.13","0.85","0.706884169488048","2,2,2,2,1,2,1,2,2,8,1,1,2,2,2,4,8,1,6,1,3,5,2,2,2,2,2,4,2,8,1,6,1,1,6,6,7,2,3,3,3,3,5,5,5,5,3,5,5,5,3,3,3,3,3,5,5,5,5,3,2,3,3,2,2,3,3,3,3,3,5,3,2,2,3,3,3,3,3,3,3,2,4,4,4,2,3,3,3,3,8,1,6,3,3,3,4,3,3,3,3,3,3,3,3,3,3,1,1,1,3,3,3,6,6,6,6,6,6,6,6,7,7,7,7,7,7,7,7","0.000967025756835938","fast_greedy","edit-xhwikibooks.graphml"
"0.01","0.14","0.85","0.706884169488048","2,2,2,2,1,2,1,2,2,8,1,1,2,2,2,4,8,1,6,1,3,5,2,2,2,2,2,4,2,8,1,6,1,1,6,6,7,2,3,3,3,3,5,5,5,5,3,5,5,5,3,3,3,3,3,5,5,5,5,3,2,3,3,2,2,3,3,3,3,3,5,3,2,2,3,3,3,3,3,3,3,2,4,4,4,2,3,3,3,3,8,1,6,3,3,3,4,3,3,3,3,3,3,3,3,3,3,1,1,1,3,3,3,6,6,6,6,6,6,6,6,7,7,7,7,7,7,7,7","0.00100517272949219","fast_greedy","edit-xhwikibooks.graphml"
"0","0.15","0.85","0.680785254387072","7,7,7,7,7,7,7,7,2,9,1,4,7,2,2,5,9,1,1,4,3,6,2,7,2,2,2,5,7,9,1,1,4,4,1,1,8,2,3,3,3,3,6,6,6,6,3,6,6,6,3,3,3,3,3,6,6,6,6,3,2,3,3,7,2,3,3,3,3,3,6,3,2,2,3,3,3,3,3,3,3,2,5,5,5,7,3,3,3,3,9,1,1,3,3,3,5,3,3,3,3,3,3,3,3,3,3,4,4,4,3,3,3,1,1,1,1,1,1,1,1,8,8,8,8,8,8,8,8","0.00100088119506836","fast_greedy","edit-xhwikibooks.graphml"
"0.14","0","0.86","0.706884169488048","2,2,2,2,1,2,1,2,2,8,1,1,2,2,2,4,8,1,6,1,3,5,2,2,2,2,2,4,2,8,1,6,1,1,6,6,7,2,3,3,3,3,5,5,5,5,3,5,5,5,3,3,3,3,3,5,5,5,5,3,2,3,3,2,2,3,3,3,3,3,5,3,2,2,3,3,3,3,3,3,3,2,4,4,4,2,3,3,3,3,8,1,6,3,3,3,4,3,3,3,3,3,3,3,3,3,3,1,1,1,3,3,3,6,6,6,6,6,6,6,6,7,7,7,7,7,7,7,7","0.00100207328796387","fast_greedy","edit-xhwikibooks.graphml"
"0.13","0.01","0.86","0.706884169488048","2,2,2,2,1,2,1,2,2,8,1,1,2,2,2,4,8,1,6,1,3,5,2,2,2,2,2,4,2,8,1,6,1,1,6,6,7,2,3,3,3,3,5,5,5,5,3,5,5,5,3,3,3,3,3,5,5,5,5,3,2,3,3,2,2,3,3,3,3,3,5,3,2,2,3,3,3,3,3,3,3,2,4,4,4,2,3,3,3,3,8,1,6,3,3,3,4,3,3,3,3,3,3,3,3,3,3,1,1,1,3,3,3,6,6,6,6,6,6,6,6,7,7,7,7,7,7,7,7","0.00101089477539062","fast_greedy","edit-xhwikibooks.graphml"
"0.12","0.02","0.86","0.706884169488048","2,2,2,2,1,2,1,2,2,8,1,1,2,2,2,4,8,1,6,1,3,5,2,2,2,2,2,4,2,8,1,6,1,1,6,6,7,2,3,3,3,3,5,5,5,5,3,5,5,5,3,3,3,3,3,5,5,5,5,3,2,3,3,2,2,3,3,3,3,3,5,3,2,2,3,3,3,3,3,3,3,2,4,4,4,2,3,3,3,3,8,1,6,3,3,3,4,3,3,3,3,3,3,3,3,3,3,1,1,1,3,3,3,6,6,6,6,6,6,6,6,7,7,7,7,7,7,7,7","0.0010368824005127","fast_greedy","edit-xhwikibooks.graphml"
"0.11","0.03","0.86","0.706884169488048","2,2,2,2,1,2,1,2,2,8,1,1,2,2,2,4,8,1,6,1,3,5,2,2,2,2,2,4,2,8,1,6,1,1,6,6,7,2,3,3,3,3,5,5,5,5,3,5,5,5,3,3,3,3,3,5,5,5,5,3,2,3,3,2,2,3,3,3,3,3,5,3,2,2,3,3,3,3,3,3,3,2,4,4,4,2,3,3,3,3,8,1,6,3,3,3,4,3,3,3,3,3,3,3,3,3,3,1,1,1,3,3,3,6,6,6,6,6,6,6,6,7,7,7,7,7,7,7,7","0.00103402137756348","fast_greedy","edit-xhwikibooks.graphml"
"0.1","0.04","0.86","0.706884169488048","2,2,2,2,1,2,1,2,2,8,1,1,2,2,2,4,8,1,6,1,3,5,2,2,2,2,2,4,2,8,1,6,1,1,6,6,7,2,3,3,3,3,5,5,5,5,3,5,5,5,3,3,3,3,3,5,5,5,5,3,2,3,3,2,2,3,3,3,3,3,5,3,2,2,3,3,3,3,3,3,3,2,4,4,4,2,3,3,3,3,8,1,6,3,3,3,4,3,3,3,3,3,3,3,3,3,3,1,1,1,3,3,3,6,6,6,6,6,6,6,6,7,7,7,7,7,7,7,7","0.00100898742675781","fast_greedy","edit-xhwikibooks.graphml"
"0.09","0.05","0.86","0.706884169488048","2,2,2,2,1,2,1,2,2,8,1,1,2,2,2,4,8,1,6,1,3,5,2,2,2,2,2,4,2,8,1,6,1,1,6,6,7,2,3,3,3,3,5,5,5,5,3,5,5,5,3,3,3,3,3,5,5,5,5,3,2,3,3,2,2,3,3,3,3,3,5,3,2,2,3,3,3,3,3,3,3,2,4,4,4,2,3,3,3,3,8,1,6,3,3,3,4,3,3,3,3,3,3,3,3,3,3,1,1,1,3,3,3,6,6,6,6,6,6,6,6,7,7,7,7,7,7,7,7","0.000967979431152344","fast_greedy","edit-xhwikibooks.graphml"
"0.08","0.06","0.86","0.706884169488048","2,2,2,2,1,2,1,2,2,8,1,1,2,2,2,4,8,1,6,1,3,5,2,2,2,2,2,4,2,8,1,6,1,1,6,6,7,2,3,3,3,3,5,5,5,5,3,5,5,5,3,3,3,3,3,5,5,5,5,3,2,3,3,2,2,3,3,3,3,3,5,3,2,2,3,3,3,3,3,3,3,2,4,4,4,2,3,3,3,3,8,1,6,3,3,3,4,3,3,3,3,3,3,3,3,3,3,1,1,1,3,3,3,6,6,6,6,6,6,6,6,7,7,7,7,7,7,7,7","0.000982999801635742","fast_greedy","edit-xhwikibooks.graphml"
"0.07","0.07","0.86","0.706884169488048","2,2,2,2,1,2,1,2,2,8,1,1,2,2,2,4,8,1,6,1,3,5,2,2,2,2,2,4,2,8,1,6,1,1,6,6,7,2,3,3,3,3,5,5,5,5,3,5,5,5,3,3,3,3,3,5,5,5,5,3,2,3,3,2,2,3,3,3,3,3,5,3,2,2,3,3,3,3,3,3,3,2,4,4,4,2,3,3,3,3,8,1,6,3,3,3,4,3,3,3,3,3,3,3,3,3,3,1,1,1,3,3,3,6,6,6,6,6,6,6,6,7,7,7,7,7,7,7,7","0.000980854034423828","fast_greedy","edit-xhwikibooks.graphml"
"0.06","0.08","0.86","0.706884169488048","2,2,2,2,1,2,1,2,2,8,1,1,2,2,2,4,8,1,6,1,3,5,2,2,2,2,2,4,2,8,1,6,1,1,6,6,7,2,3,3,3,3,5,5,5,5,3,5,5,5,3,3,3,3,3,5,5,5,5,3,2,3,3,2,2,3,3,3,3,3,5,3,2,2,3,3,3,3,3,3,3,2,4,4,4,2,3,3,3,3,8,1,6,3,3,3,4,3,3,3,3,3,3,3,3,3,3,1,1,1,3,3,3,6,6,6,6,6,6,6,6,7,7,7,7,7,7,7,7","0.000988960266113281","fast_greedy","edit-xhwikibooks.graphml"
"0.05","0.09","0.86","0.706884169488048","2,2,2,2,1,2,1,2,2,8,1,1,2,2,2,4,8,1,6,1,3,5,2,2,2,2,2,4,2,8,1,6,1,1,6,6,7,2,3,3,3,3,5,5,5,5,3,5,5,5,3,3,3,3,3,5,5,5,5,3,2,3,3,2,2,3,3,3,3,3,5,3,2,2,3,3,3,3,3,3,3,2,4,4,4,2,3,3,3,3,8,1,6,3,3,3,4,3,3,3,3,3,3,3,3,3,3,1,1,1,3,3,3,6,6,6,6,6,6,6,6,7,7,7,7,7,7,7,7","0.000982046127319336","fast_greedy","edit-xhwikibooks.graphml"
"0.04","0.1","0.86","0.706884169488048","2,2,2,2,1,2,1,2,2,8,1,1,2,2,2,4,8,1,6,1,3,5,2,2,2,2,2,4,2,8,1,6,1,1,6,6,7,2,3,3,3,3,5,5,5,5,3,5,5,5,3,3,3,3,3,5,5,5,5,3,2,3,3,2,2,3,3,3,3,3,5,3,2,2,3,3,3,3,3,3,3,2,4,4,4,2,3,3,3,3,8,1,6,3,3,3,4,3,3,3,3,3,3,3,3,3,3,1,1,1,3,3,3,6,6,6,6,6,6,6,6,7,7,7,7,7,7,7,7","0.0010378360748291","fast_greedy","edit-xhwikibooks.graphml"
"0.03","0.11","0.86","0.706884169488048","2,2,2,2,1,2,1,2,2,8,1,1,2,2,2,4,8,1,6,1,3,5,2,2,2,2,2,4,2,8,1,6,1,1,6,6,7,2,3,3,3,3,5,5,5,5,3,5,5,5,3,3,3,3,3,5,5,5,5,3,2,3,3,2,2,3,3,3,3,3,5,3,2,2,3,3,3,3,3,3,3,2,4,4,4,2,3,3,3,3,8,1,6,3,3,3,4,3,3,3,3,3,3,3,3,3,3,1,1,1,3,3,3,6,6,6,6,6,6,6,6,7,7,7,7,7,7,7,7","0.000987052917480469","fast_greedy","edit-xhwikibooks.graphml"
"0.02","0.12","0.86","0.706884169488048","2,2,2,2,1,2,1,2,2,8,1,1,2,2,2,4,8,1,6,1,3,5,2,2,2,2,2,4,2,8,1,6,1,1,6,6,7,2,3,3,3,3,5,5,5,5,3,5,5,5,3,3,3,3,3,5,5,5,5,3,2,3,3,2,2,3,3,3,3,3,5,3,2,2,3,3,3,3,3,3,3,2,4,4,4,2,3,3,3,3,8,1,6,3,3,3,4,3,3,3,3,3,3,3,3,3,3,1,1,1,3,3,3,6,6,6,6,6,6,6,6,7,7,7,7,7,7,7,7","0.000992059707641602","fast_greedy","edit-xhwikibooks.graphml"
"0.01","0.13","0.86","0.706884169488048","2,2,2,2,1,2,1,2,2,8,1,1,2,2,2,4,8,1,6,1,3,5,2,2,2,2,2,4,2,8,1,6,1,1,6,6,7,2,3,3,3,3,5,5,5,5,3,5,5,5,3,3,3,3,3,5,5,5,5,3,2,3,3,2,2,3,3,3,3,3,5,3,2,2,3,3,3,3,3,3,3,2,4,4,4,2,3,3,3,3,8,1,6,3,3,3,4,3,3,3,3,3,3,3,3,3,3,1,1,1,3,3,3,6,6,6,6,6,6,6,6,7,7,7,7,7,7,7,7","0.0010077953338623","fast_greedy","edit-xhwikibooks.graphml"
"0","0.14","0.86","0.680785254387072","7,7,7,7,7,7,7,7,2,9,1,4,7,2,2,5,9,1,1,4,3,6,2,7,2,2,2,5,7,9,1,1,4,4,1,1,8,2,3,3,3,3,6,6,6,6,3,6,6,6,3,3,3,3,3,6,6,6,6,3,2,3,3,7,2,3,3,3,3,3,6,3,2,2,3,3,3,3,3,3,3,2,5,5,5,7,3,3,3,3,9,1,1,3,3,3,5,3,3,3,3,3,3,3,3,3,3,4,4,4,3,3,3,1,1,1,1,1,1,1,1,8,8,8,8,8,8,8,8","0.00116515159606934","fast_greedy","edit-xhwikibooks.graphml"
"0.13","0","0.87","0.706884169488048","2,2,2,2,1,2,1,2,2,8,1,1,2,2,2,4,8,1,6,1,3,5,2,2,2,2,2,4,2,8,1,6,1,1,6,6,7,2,3,3,3,3,5,5,5,5,3,5,5,5,3,3,3,3,3,5,5,5,5,3,2,3,3,2,2,3,3,3,3,3,5,3,2,2,3,3,3,3,3,3,3,2,4,4,4,2,3,3,3,3,8,1,6,3,3,3,4,3,3,3,3,3,3,3,3,3,3,1,1,1,3,3,3,6,6,6,6,6,6,6,6,7,7,7,7,7,7,7,7","0.000987052917480469","fast_greedy","edit-xhwikibooks.graphml"
"0.12","0.01","0.87","0.706884169488048","2,2,2,2,1,2,1,2,2,8,1,1,2,2,2,4,8,1,6,1,3,5,2,2,2,2,2,4,2,8,1,6,1,1,6,6,7,2,3,3,3,3,5,5,5,5,3,5,5,5,3,3,3,3,3,5,5,5,5,3,2,3,3,2,2,3,3,3,3,3,5,3,2,2,3,3,3,3,3,3,3,2,4,4,4,2,3,3,3,3,8,1,6,3,3,3,4,3,3,3,3,3,3,3,3,3,3,1,1,1,3,3,3,6,6,6,6,6,6,6,6,7,7,7,7,7,7,7,7","0.00100302696228027","fast_greedy","edit-xhwikibooks.graphml"
"0.11","0.02","0.87","0.706884169488048","2,2,2,2,1,2,1,2,2,8,1,1,2,2,2,4,8,1,6,1,3,5,2,2,2,2,2,4,2,8,1,6,1,1,6,6,7,2,3,3,3,3,5,5,5,5,3,5,5,5,3,3,3,3,3,5,5,5,5,3,2,3,3,2,2,3,3,3,3,3,5,3,2,2,3,3,3,3,3,3,3,2,4,4,4,2,3,3,3,3,8,1,6,3,3,3,4,3,3,3,3,3,3,3,3,3,3,1,1,1,3,3,3,6,6,6,6,6,6,6,6,7,7,7,7,7,7,7,7","0.00111603736877441","fast_greedy","edit-xhwikibooks.graphml"
"0.1","0.03","0.87","0.706884169488048","2,2,2,2,1,2,1,2,2,8,1,1,2,2,2,4,8,1,6,1,3,5,2,2,2,2,2,4,2,8,1,6,1,1,6,6,7,2,3,3,3,3,5,5,5,5,3,5,5,5,3,3,3,3,3,5,5,5,5,3,2,3,3,2,2,3,3,3,3,3,5,3,2,2,3,3,3,3,3,3,3,2,4,4,4,2,3,3,3,3,8,1,6,3,3,3,4,3,3,3,3,3,3,3,3,3,3,1,1,1,3,3,3,6,6,6,6,6,6,6,6,7,7,7,7,7,7,7,7","0.000990867614746094","fast_greedy","edit-xhwikibooks.graphml"
"0.09","0.04","0.87","0.706884169488048","2,2,2,2,1,2,1,2,2,8,1,1,2,2,2,4,8,1,6,1,3,5,2,2,2,2,2,4,2,8,1,6,1,1,6,6,7,2,3,3,3,3,5,5,5,5,3,5,5,5,3,3,3,3,3,5,5,5,5,3,2,3,3,2,2,3,3,3,3,3,5,3,2,2,3,3,3,3,3,3,3,2,4,4,4,2,3,3,3,3,8,1,6,3,3,3,4,3,3,3,3,3,3,3,3,3,3,1,1,1,3,3,3,6,6,6,6,6,6,6,6,7,7,7,7,7,7,7,7","0.00101900100708008","fast_greedy","edit-xhwikibooks.graphml"
"0.08","0.05","0.87","0.706884169488048","2,2,2,2,1,2,1,2,2,8,1,1,2,2,2,4,8,1,6,1,3,5,2,2,2,2,2,4,2,8,1,6,1,1,6,6,7,2,3,3,3,3,5,5,5,5,3,5,5,5,3,3,3,3,3,5,5,5,5,3,2,3,3,2,2,3,3,3,3,3,5,3,2,2,3,3,3,3,3,3,3,2,4,4,4,2,3,3,3,3,8,1,6,3,3,3,4,3,3,3,3,3,3,3,3,3,3,1,1,1,3,3,3,6,6,6,6,6,6,6,6,7,7,7,7,7,7,7,7","0.000985860824584961","fast_greedy","edit-xhwikibooks.graphml"
"0.07","0.06","0.87","0.706884169488048","2,2,2,2,1,2,1,2,2,8,1,1,2,2,2,4,8,1,6,1,3,5,2,2,2,2,2,4,2,8,1,6,1,1,6,6,7,2,3,3,3,3,5,5,5,5,3,5,5,5,3,3,3,3,3,5,5,5,5,3,2,3,3,2,2,3,3,3,3,3,5,3,2,2,3,3,3,3,3,3,3,2,4,4,4,2,3,3,3,3,8,1,6,3,3,3,4,3,3,3,3,3,3,3,3,3,3,1,1,1,3,3,3,6,6,6,6,6,6,6,6,7,7,7,7,7,7,7,7","0.000966072082519531","fast_greedy","edit-xhwikibooks.graphml"
"0.06","0.07","0.87","0.706884169488048","2,2,2,2,1,2,1,2,2,8,1,1,2,2,2,4,8,1,6,1,3,5,2,2,2,2,2,4,2,8,1,6,1,1,6,6,7,2,3,3,3,3,5,5,5,5,3,5,5,5,3,3,3,3,3,5,5,5,5,3,2,3,3,2,2,3,3,3,3,3,5,3,2,2,3,3,3,3,3,3,3,2,4,4,4,2,3,3,3,3,8,1,6,3,3,3,4,3,3,3,3,3,3,3,3,3,3,1,1,1,3,3,3,6,6,6,6,6,6,6,6,7,7,7,7,7,7,7,7","0.00100493431091309","fast_greedy","edit-xhwikibooks.graphml"
"0.05","0.08","0.87","0.706884169488048","2,2,2,2,1,2,1,2,2,8,1,1,2,2,2,4,8,1,6,1,3,5,2,2,2,2,2,4,2,8,1,6,1,1,6,6,7,2,3,3,3,3,5,5,5,5,3,5,5,5,3,3,3,3,3,5,5,5,5,3,2,3,3,2,2,3,3,3,3,3,5,3,2,2,3,3,3,3,3,3,3,2,4,4,4,2,3,3,3,3,8,1,6,3,3,3,4,3,3,3,3,3,3,3,3,3,3,1,1,1,3,3,3,6,6,6,6,6,6,6,6,7,7,7,7,7,7,7,7","0.00105595588684082","fast_greedy","edit-xhwikibooks.graphml"
"0.04","0.09","0.87","0.706884169488048","2,2,2,2,1,2,1,2,2,8,1,1,2,2,2,4,8,1,6,1,3,5,2,2,2,2,2,4,2,8,1,6,1,1,6,6,7,2,3,3,3,3,5,5,5,5,3,5,5,5,3,3,3,3,3,5,5,5,5,3,2,3,3,2,2,3,3,3,3,3,5,3,2,2,3,3,3,3,3,3,3,2,4,4,4,2,3,3,3,3,8,1,6,3,3,3,4,3,3,3,3,3,3,3,3,3,3,1,1,1,3,3,3,6,6,6,6,6,6,6,6,7,7,7,7,7,7,7,7","0.0010221004486084","fast_greedy","edit-xhwikibooks.graphml"
"0.03","0.1","0.87","0.706884169488048","2,2,2,2,1,2,1,2,2,8,1,1,2,2,2,4,8,1,6,1,3,5,2,2,2,2,2,4,2,8,1,6,1,1,6,6,7,2,3,3,3,3,5,5,5,5,3,5,5,5,3,3,3,3,3,5,5,5,5,3,2,3,3,2,2,3,3,3,3,3,5,3,2,2,3,3,3,3,3,3,3,2,4,4,4,2,3,3,3,3,8,1,6,3,3,3,4,3,3,3,3,3,3,3,3,3,3,1,1,1,3,3,3,6,6,6,6,6,6,6,6,7,7,7,7,7,7,7,7","0.0010218620300293","fast_greedy","edit-xhwikibooks.graphml"
"0.02","0.11","0.87","0.706884169488048","2,2,2,2,1,2,1,2,2,8,1,1,2,2,2,4,8,1,6,1,3,5,2,2,2,2,2,4,2,8,1,6,1,1,6,6,7,2,3,3,3,3,5,5,5,5,3,5,5,5,3,3,3,3,3,5,5,5,5,3,2,3,3,2,2,3,3,3,3,3,5,3,2,2,3,3,3,3,3,3,3,2,4,4,4,2,3,3,3,3,8,1,6,3,3,3,4,3,3,3,3,3,3,3,3,3,3,1,1,1,3,3,3,6,6,6,6,6,6,6,6,7,7,7,7,7,7,7,7","0.00100302696228027","fast_greedy","edit-xhwikibooks.graphml"
"0.01","0.12","0.87","0.706884169488048","2,2,2,2,1,2,1,2,2,8,1,1,2,2,2,4,8,1,6,1,3,5,2,2,2,2,2,4,2,8,1,6,1,1,6,6,7,2,3,3,3,3,5,5,5,5,3,5,5,5,3,3,3,3,3,5,5,5,5,3,2,3,3,2,2,3,3,3,3,3,5,3,2,2,3,3,3,3,3,3,3,2,4,4,4,2,3,3,3,3,8,1,6,3,3,3,4,3,3,3,3,3,3,3,3,3,3,1,1,1,3,3,3,6,6,6,6,6,6,6,6,7,7,7,7,7,7,7,7","0.00119996070861816","fast_greedy","edit-xhwikibooks.graphml"
"0","0.13","0.87","0.680785254387072","7,7,7,7,7,7,7,7,2,9,1,4,7,2,2,5,9,1,1,4,3,6,2,7,2,2,2,5,7,9,1,1,4,4,1,1,8,2,3,3,3,3,6,6,6,6,3,6,6,6,3,3,3,3,3,6,6,6,6,3,2,3,3,7,2,3,3,3,3,3,6,3,2,2,3,3,3,3,3,3,3,2,5,5,5,7,3,3,3,3,9,1,1,3,3,3,5,3,3,3,3,3,3,3,3,3,3,4,4,4,3,3,3,1,1,1,1,1,1,1,1,8,8,8,8,8,8,8,8","0.000995159149169922","fast_greedy","edit-xhwikibooks.graphml"
"0.12","0","0.88","0.706884169488048","2,2,2,2,1,2,1,2,2,8,1,1,2,2,2,4,8,1,6,1,3,5,2,2,2,2,2,4,2,8,1,6,1,1,6,6,7,2,3,3,3,3,5,5,5,5,3,5,5,5,3,3,3,3,3,5,5,5,5,3,2,3,3,2,2,3,3,3,3,3,5,3,2,2,3,3,3,3,3,3,3,2,4,4,4,2,3,3,3,3,8,1,6,3,3,3,4,3,3,3,3,3,3,3,3,3,3,1,1,1,3,3,3,6,6,6,6,6,6,6,6,7,7,7,7,7,7,7,7","0.000988960266113281","fast_greedy","edit-xhwikibooks.graphml"
"0.11","0.01","0.88","0.706884169488048","2,2,2,2,1,2,1,2,2,8,1,1,2,2,2,4,8,1,6,1,3,5,2,2,2,2,2,4,2,8,1,6,1,1,6,6,7,2,3,3,3,3,5,5,5,5,3,5,5,5,3,3,3,3,3,5,5,5,5,3,2,3,3,2,2,3,3,3,3,3,5,3,2,2,3,3,3,3,3,3,3,2,4,4,4,2,3,3,3,3,8,1,6,3,3,3,4,3,3,3,3,3,3,3,3,3,3,1,1,1,3,3,3,6,6,6,6,6,6,6,6,7,7,7,7,7,7,7,7","0.00101304054260254","fast_greedy","edit-xhwikibooks.graphml"
"0.1","0.02","0.88","0.706884169488048","2,2,2,2,1,2,1,2,2,8,1,1,2,2,2,4,8,1,6,1,3,5,2,2,2,2,2,4,2,8,1,6,1,1,6,6,7,2,3,3,3,3,5,5,5,5,3,5,5,5,3,3,3,3,3,5,5,5,5,3,2,3,3,2,2,3,3,3,3,3,5,3,2,2,3,3,3,3,3,3,3,2,4,4,4,2,3,3,3,3,8,1,6,3,3,3,4,3,3,3,3,3,3,3,3,3,3,1,1,1,3,3,3,6,6,6,6,6,6,6,6,7,7,7,7,7,7,7,7","0.000992059707641602","fast_greedy","edit-xhwikibooks.graphml"
"0.09","0.03","0.88","0.706884169488048","2,2,2,2,1,2,1,2,2,8,1,1,2,2,2,4,8,1,6,1,3,5,2,2,2,2,2,4,2,8,1,6,1,1,6,6,7,2,3,3,3,3,5,5,5,5,3,5,5,5,3,3,3,3,3,5,5,5,5,3,2,3,3,2,2,3,3,3,3,3,5,3,2,2,3,3,3,3,3,3,3,2,4,4,4,2,3,3,3,3,8,1,6,3,3,3,4,3,3,3,3,3,3,3,3,3,3,1,1,1,3,3,3,6,6,6,6,6,6,6,6,7,7,7,7,7,7,7,7","0.00100922584533691","fast_greedy","edit-xhwikibooks.graphml"
"0.08","0.04","0.88","0.706884169488048","2,2,2,2,1,2,1,2,2,8,1,1,2,2,2,4,8,1,6,1,3,5,2,2,2,2,2,4,2,8,1,6,1,1,6,6,7,2,3,3,3,3,5,5,5,5,3,5,5,5,3,3,3,3,3,5,5,5,5,3,2,3,3,2,2,3,3,3,3,3,5,3,2,2,3,3,3,3,3,3,3,2,4,4,4,2,3,3,3,3,8,1,6,3,3,3,4,3,3,3,3,3,3,3,3,3,3,1,1,1,3,3,3,6,6,6,6,6,6,6,6,7,7,7,7,7,7,7,7","0.00108814239501953","fast_greedy","edit-xhwikibooks.graphml"
"0.07","0.05","0.88","0.706884169488048","2,2,2,2,1,2,1,2,2,8,1,1,2,2,2,4,8,1,6,1,3,5,2,2,2,2,2,4,2,8,1,6,1,1,6,6,7,2,3,3,3,3,5,5,5,5,3,5,5,5,3,3,3,3,3,5,5,5,5,3,2,3,3,2,2,3,3,3,3,3,5,3,2,2,3,3,3,3,3,3,3,2,4,4,4,2,3,3,3,3,8,1,6,3,3,3,4,3,3,3,3,3,3,3,3,3,3,1,1,1,3,3,3,6,6,6,6,6,6,6,6,7,7,7,7,7,7,7,7","0.000984907150268555","fast_greedy","edit-xhwikibooks.graphml"
"0.06","0.06","0.88","0.706884169488048","2,2,2,2,1,2,1,2,2,8,1,1,2,2,2,4,8,1,6,1,3,5,2,2,2,2,2,4,2,8,1,6,1,1,6,6,7,2,3,3,3,3,5,5,5,5,3,5,5,5,3,3,3,3,3,5,5,5,5,3,2,3,3,2,2,3,3,3,3,3,5,3,2,2,3,3,3,3,3,3,3,2,4,4,4,2,3,3,3,3,8,1,6,3,3,3,4,3,3,3,3,3,3,3,3,3,3,1,1,1,3,3,3,6,6,6,6,6,6,6,6,7,7,7,7,7,7,7,7","0.000997066497802734","fast_greedy","edit-xhwikibooks.graphml"
"0.05","0.07","0.88","0.706884169488048","2,2,2,2,1,2,1,2,2,8,1,1,2,2,2,4,8,1,6,1,3,5,2,2,2,2,2,4,2,8,1,6,1,1,6,6,7,2,3,3,3,3,5,5,5,5,3,5,5,5,3,3,3,3,3,5,5,5,5,3,2,3,3,2,2,3,3,3,3,3,5,3,2,2,3,3,3,3,3,3,3,2,4,4,4,2,3,3,3,3,8,1,6,3,3,3,4,3,3,3,3,3,3,3,3,3,3,1,1,1,3,3,3,6,6,6,6,6,6,6,6,7,7,7,7,7,7,7,7","0.000999927520751953","fast_greedy","edit-xhwikibooks.graphml"
"0.04","0.08","0.88","0.706884169488048","2,2,2,2,1,2,1,2,2,8,1,1,2,2,2,4,8,1,6,1,3,5,2,2,2,2,2,4,2,8,1,6,1,1,6,6,7,2,3,3,3,3,5,5,5,5,3,5,5,5,3,3,3,3,3,5,5,5,5,3,2,3,3,2,2,3,3,3,3,3,5,3,2,2,3,3,3,3,3,3,3,2,4,4,4,2,3,3,3,3,8,1,6,3,3,3,4,3,3,3,3,3,3,3,3,3,3,1,1,1,3,3,3,6,6,6,6,6,6,6,6,7,7,7,7,7,7,7,7","0.00120210647583008","fast_greedy","edit-xhwikibooks.graphml"
"0.03","0.09","0.88","0.706884169488048","2,2,2,2,1,2,1,2,2,8,1,1,2,2,2,4,8,1,6,1,3,5,2,2,2,2,2,4,2,8,1,6,1,1,6,6,7,2,3,3,3,3,5,5,5,5,3,5,5,5,3,3,3,3,3,5,5,5,5,3,2,3,3,2,2,3,3,3,3,3,5,3,2,2,3,3,3,3,3,3,3,2,4,4,4,2,3,3,3,3,8,1,6,3,3,3,4,3,3,3,3,3,3,3,3,3,3,1,1,1,3,3,3,6,6,6,6,6,6,6,6,7,7,7,7,7,7,7,7","0.000965118408203125","fast_greedy","edit-xhwikibooks.graphml"
"0.02","0.1","0.88","0.706884169488048","2,2,2,2,1,2,1,2,2,8,1,1,2,2,2,4,8,1,6,1,3,5,2,2,2,2,2,4,2,8,1,6,1,1,6,6,7,2,3,3,3,3,5,5,5,5,3,5,5,5,3,3,3,3,3,5,5,5,5,3,2,3,3,2,2,3,3,3,3,3,5,3,2,2,3,3,3,3,3,3,3,2,4,4,4,2,3,3,3,3,8,1,6,3,3,3,4,3,3,3,3,3,3,3,3,3,3,1,1,1,3,3,3,6,6,6,6,6,6,6,6,7,7,7,7,7,7,7,7","0.000990152359008789","fast_greedy","edit-xhwikibooks.graphml"
"0.01","0.11","0.88","0.706884169488048","2,2,2,2,1,2,1,2,2,8,1,1,2,2,2,4,8,1,6,1,3,5,2,2,2,2,2,4,2,8,1,6,1,1,6,6,7,2,3,3,3,3,5,5,5,5,3,5,5,5,3,3,3,3,3,5,5,5,5,3,2,3,3,2,2,3,3,3,3,3,5,3,2,2,3,3,3,3,3,3,3,2,4,4,4,2,3,3,3,3,8,1,6,3,3,3,4,3,3,3,3,3,3,3,3,3,3,1,1,1,3,3,3,6,6,6,6,6,6,6,6,7,7,7,7,7,7,7,7","0.00101184844970703","fast_greedy","edit-xhwikibooks.graphml"
"0","0.12","0.88","0.680785254387072","7,7,7,7,7,7,7,7,2,9,1,4,7,2,2,5,9,1,1,4,3,6,2,7,2,2,2,5,7,9,1,1,4,4,1,1,8,2,3,3,3,3,6,6,6,6,3,6,6,6,3,3,3,3,3,6,6,6,6,3,2,3,3,7,2,3,3,3,3,3,6,3,2,2,3,3,3,3,3,3,3,2,5,5,5,7,3,3,3,3,9,1,1,3,3,3,5,3,3,3,3,3,3,3,3,3,3,4,4,4,3,3,3,1,1,1,1,1,1,1,1,8,8,8,8,8,8,8,8","0.0010221004486084","fast_greedy","edit-xhwikibooks.graphml"
"0.11","0","0.89","0.706884169488048","2,2,2,2,1,2,1,2,2,8,1,1,2,2,2,4,8,1,6,1,3,5,2,2,2,2,2,4,2,8,1,6,1,1,6,6,7,2,3,3,3,3,5,5,5,5,3,5,5,5,3,3,3,3,3,5,5,5,5,3,2,3,3,2,2,3,3,3,3,3,5,3,2,2,3,3,3,3,3,3,3,2,4,4,4,2,3,3,3,3,8,1,6,3,3,3,4,3,3,3,3,3,3,3,3,3,3,1,1,1,3,3,3,6,6,6,6,6,6,6,6,7,7,7,7,7,7,7,7","0.00104093551635742","fast_greedy","edit-xhwikibooks.graphml"
"0.1","0.01","0.89","0.706884169488048","2,2,2,2,1,2,1,2,2,8,1,1,2,2,2,4,8,1,6,1,3,5,2,2,2,2,2,4,2,8,1,6,1,1,6,6,7,2,3,3,3,3,5,5,5,5,3,5,5,5,3,3,3,3,3,5,5,5,5,3,2,3,3,2,2,3,3,3,3,3,5,3,2,2,3,3,3,3,3,3,3,2,4,4,4,2,3,3,3,3,8,1,6,3,3,3,4,3,3,3,3,3,3,3,3,3,3,1,1,1,3,3,3,6,6,6,6,6,6,6,6,7,7,7,7,7,7,7,7","0.000996112823486328","fast_greedy","edit-xhwikibooks.graphml"
"0.09","0.02","0.89","0.706884169488048","2,2,2,2,1,2,1,2,2,8,1,1,2,2,2,4,8,1,6,1,3,5,2,2,2,2,2,4,2,8,1,6,1,1,6,6,7,2,3,3,3,3,5,5,5,5,3,5,5,5,3,3,3,3,3,5,5,5,5,3,2,3,3,2,2,3,3,3,3,3,5,3,2,2,3,3,3,3,3,3,3,2,4,4,4,2,3,3,3,3,8,1,6,3,3,3,4,3,3,3,3,3,3,3,3,3,3,1,1,1,3,3,3,6,6,6,6,6,6,6,6,7,7,7,7,7,7,7,7","0.000995874404907227","fast_greedy","edit-xhwikibooks.graphml"
"0.08","0.03","0.89","0.706884169488048","2,2,2,2,1,2,1,2,2,8,1,1,2,2,2,4,8,1,6,1,3,5,2,2,2,2,2,4,2,8,1,6,1,1,6,6,7,2,3,3,3,3,5,5,5,5,3,5,5,5,3,3,3,3,3,5,5,5,5,3,2,3,3,2,2,3,3,3,3,3,5,3,2,2,3,3,3,3,3,3,3,2,4,4,4,2,3,3,3,3,8,1,6,3,3,3,4,3,3,3,3,3,3,3,3,3,3,1,1,1,3,3,3,6,6,6,6,6,6,6,6,7,7,7,7,7,7,7,7","0.00098109245300293","fast_greedy","edit-xhwikibooks.graphml"
"0.07","0.04","0.89","0.706884169488048","2,2,2,2,1,2,1,2,2,8,1,1,2,2,2,4,8,1,6,1,3,5,2,2,2,2,2,4,2,8,1,6,1,1,6,6,7,2,3,3,3,3,5,5,5,5,3,5,5,5,3,3,3,3,3,5,5,5,5,3,2,3,3,2,2,3,3,3,3,3,5,3,2,2,3,3,3,3,3,3,3,2,4,4,4,2,3,3,3,3,8,1,6,3,3,3,4,3,3,3,3,3,3,3,3,3,3,1,1,1,3,3,3,6,6,6,6,6,6,6,6,7,7,7,7,7,7,7,7","0.000982046127319336","fast_greedy","edit-xhwikibooks.graphml"
"0.06","0.05","0.89","0.706884169488048","2,2,2,2,1,2,1,2,2,8,1,1,2,2,2,4,8,1,6,1,3,5,2,2,2,2,2,4,2,8,1,6,1,1,6,6,7,2,3,3,3,3,5,5,5,5,3,5,5,5,3,3,3,3,3,5,5,5,5,3,2,3,3,2,2,3,3,3,3,3,5,3,2,2,3,3,3,3,3,3,3,2,4,4,4,2,3,3,3,3,8,1,6,3,3,3,4,3,3,3,3,3,3,3,3,3,3,1,1,1,3,3,3,6,6,6,6,6,6,6,6,7,7,7,7,7,7,7,7","0.0012061595916748","fast_greedy","edit-xhwikibooks.graphml"
"0.05","0.06","0.89","0.706884169488048","2,2,2,2,1,2,1,2,2,8,1,1,2,2,2,4,8,1,6,1,3,5,2,2,2,2,2,4,2,8,1,6,1,1,6,6,7,2,3,3,3,3,5,5,5,5,3,5,5,5,3,3,3,3,3,5,5,5,5,3,2,3,3,2,2,3,3,3,3,3,5,3,2,2,3,3,3,3,3,3,3,2,4,4,4,2,3,3,3,3,8,1,6,3,3,3,4,3,3,3,3,3,3,3,3,3,3,1,1,1,3,3,3,6,6,6,6,6,6,6,6,7,7,7,7,7,7,7,7","0.000993967056274414","fast_greedy","edit-xhwikibooks.graphml"
"0.04","0.07","0.89","0.706884169488048","2,2,2,2,1,2,1,2,2,8,1,1,2,2,2,4,8,1,6,1,3,5,2,2,2,2,2,4,2,8,1,6,1,1,6,6,7,2,3,3,3,3,5,5,5,5,3,5,5,5,3,3,3,3,3,5,5,5,5,3,2,3,3,2,2,3,3,3,3,3,5,3,2,2,3,3,3,3,3,3,3,2,4,4,4,2,3,3,3,3,8,1,6,3,3,3,4,3,3,3,3,3,3,3,3,3,3,1,1,1,3,3,3,6,6,6,6,6,6,6,6,7,7,7,7,7,7,7,7","0.00100898742675781","fast_greedy","edit-xhwikibooks.graphml"
"0.03","0.08","0.89","0.706884169488048","2,2,2,2,1,2,1,2,2,8,1,1,2,2,2,4,8,1,6,1,3,5,2,2,2,2,2,4,2,8,1,6,1,1,6,6,7,2,3,3,3,3,5,5,5,5,3,5,5,5,3,3,3,3,3,5,5,5,5,3,2,3,3,2,2,3,3,3,3,3,5,3,2,2,3,3,3,3,3,3,3,2,4,4,4,2,3,3,3,3,8,1,6,3,3,3,4,3,3,3,3,3,3,3,3,3,3,1,1,1,3,3,3,6,6,6,6,6,6,6,6,7,7,7,7,7,7,7,7","0.00100088119506836","fast_greedy","edit-xhwikibooks.graphml"
"0.02","0.09","0.89","0.706884169488048","2,2,2,2,1,2,1,2,2,8,1,1,2,2,2,4,8,1,6,1,3,5,2,2,2,2,2,4,2,8,1,6,1,1,6,6,7,2,3,3,3,3,5,5,5,5,3,5,5,5,3,3,3,3,3,5,5,5,5,3,2,3,3,2,2,3,3,3,3,3,5,3,2,2,3,3,3,3,3,3,3,2,4,4,4,2,3,3,3,3,8,1,6,3,3,3,4,3,3,3,3,3,3,3,3,3,3,1,1,1,3,3,3,6,6,6,6,6,6,6,6,7,7,7,7,7,7,7,7","0.00102591514587402","fast_greedy","edit-xhwikibooks.graphml"
"0.01","0.1","0.89","0.706884169488048","2,2,2,2,1,2,1,2,2,8,1,1,2,2,2,4,8,1,6,1,3,5,2,2,2,2,2,4,2,8,1,6,1,1,6,6,7,2,3,3,3,3,5,5,5,5,3,5,5,5,3,3,3,3,3,5,5,5,5,3,2,3,3,2,2,3,3,3,3,3,5,3,2,2,3,3,3,3,3,3,3,2,4,4,4,2,3,3,3,3,8,1,6,3,3,3,4,3,3,3,3,3,3,3,3,3,3,1,1,1,3,3,3,6,6,6,6,6,6,6,6,7,7,7,7,7,7,7,7","0.00114798545837402","fast_greedy","edit-xhwikibooks.graphml"
"0","0.11","0.89","0.680785254387072","7,7,7,7,7,7,7,7,2,9,1,4,7,2,2,5,9,1,1,4,3,6,2,7,2,2,2,5,7,9,1,1,4,4,1,1,8,2,3,3,3,3,6,6,6,6,3,6,6,6,3,3,3,3,3,6,6,6,6,3,2,3,3,7,2,3,3,3,3,3,6,3,2,2,3,3,3,3,3,3,3,2,5,5,5,7,3,3,3,3,9,1,1,3,3,3,5,3,3,3,3,3,3,3,3,3,3,4,4,4,3,3,3,1,1,1,1,1,1,1,1,8,8,8,8,8,8,8,8","0.00106906890869141","fast_greedy","edit-xhwikibooks.graphml"
"0.1","0","0.9","0.706884169488048","2,2,2,2,1,2,1,2,2,8,1,1,2,2,2,4,8,1,6,1,3,5,2,2,2,2,2,4,2,8,1,6,1,1,6,6,7,2,3,3,3,3,5,5,5,5,3,5,5,5,3,3,3,3,3,5,5,5,5,3,2,3,3,2,2,3,3,3,3,3,5,3,2,2,3,3,3,3,3,3,3,2,4,4,4,2,3,3,3,3,8,1,6,3,3,3,4,3,3,3,3,3,3,3,3,3,3,1,1,1,3,3,3,6,6,6,6,6,6,6,6,7,7,7,7,7,7,7,7","0.00101900100708008","fast_greedy","edit-xhwikibooks.graphml"
"0.09","0.01","0.9","0.706884169488048","2,2,2,2,1,2,1,2,2,8,1,1,2,2,2,4,8,1,6,1,3,5,2,2,2,2,2,4,2,8,1,6,1,1,6,6,7,2,3,3,3,3,5,5,5,5,3,5,5,5,3,3,3,3,3,5,5,5,5,3,2,3,3,2,2,3,3,3,3,3,5,3,2,2,3,3,3,3,3,3,3,2,4,4,4,2,3,3,3,3,8,1,6,3,3,3,4,3,3,3,3,3,3,3,3,3,3,1,1,1,3,3,3,6,6,6,6,6,6,6,6,7,7,7,7,7,7,7,7","0.00103402137756348","fast_greedy","edit-xhwikibooks.graphml"
"0.08","0.02","0.9","0.706884169488048","2,2,2,2,1,2,1,2,2,8,1,1,2,2,2,4,8,1,6,1,3,5,2,2,2,2,2,4,2,8,1,6,1,1,6,6,7,2,3,3,3,3,5,5,5,5,3,5,5,5,3,3,3,3,3,5,5,5,5,3,2,3,3,2,2,3,3,3,3,3,5,3,2,2,3,3,3,3,3,3,3,2,4,4,4,2,3,3,3,3,8,1,6,3,3,3,4,3,3,3,3,3,3,3,3,3,3,1,1,1,3,3,3,6,6,6,6,6,6,6,6,7,7,7,7,7,7,7,7","0.00104689598083496","fast_greedy","edit-xhwikibooks.graphml"
"0.07","0.03","0.9","0.706884169488048","2,2,2,2,1,2,1,2,2,8,1,1,2,2,2,4,8,1,6,1,3,5,2,2,2,2,2,4,2,8,1,6,1,1,6,6,7,2,3,3,3,3,5,5,5,5,3,5,5,5,3,3,3,3,3,5,5,5,5,3,2,3,3,2,2,3,3,3,3,3,5,3,2,2,3,3,3,3,3,3,3,2,4,4,4,2,3,3,3,3,8,1,6,3,3,3,4,3,3,3,3,3,3,3,3,3,3,1,1,1,3,3,3,6,6,6,6,6,6,6,6,7,7,7,7,7,7,7,7","0.00122499465942383","fast_greedy","edit-xhwikibooks.graphml"
"0.06","0.04","0.9","0.706884169488048","2,2,2,2,1,2,1,2,2,8,1,1,2,2,2,4,8,1,6,1,3,5,2,2,2,2,2,4,2,8,1,6,1,1,6,6,7,2,3,3,3,3,5,5,5,5,3,5,5,5,3,3,3,3,3,5,5,5,5,3,2,3,3,2,2,3,3,3,3,3,5,3,2,2,3,3,3,3,3,3,3,2,4,4,4,2,3,3,3,3,8,1,6,3,3,3,4,3,3,3,3,3,3,3,3,3,3,1,1,1,3,3,3,6,6,6,6,6,6,6,6,7,7,7,7,7,7,7,7","0.00101995468139648","fast_greedy","edit-xhwikibooks.graphml"
"0.05","0.05","0.9","0.706884169488048","2,2,2,2,1,2,1,2,2,8,1,1,2,2,2,4,8,1,6,1,3,5,2,2,2,2,2,4,2,8,1,6,1,1,6,6,7,2,3,3,3,3,5,5,5,5,3,5,5,5,3,3,3,3,3,5,5,5,5,3,2,3,3,2,2,3,3,3,3,3,5,3,2,2,3,3,3,3,3,3,3,2,4,4,4,2,3,3,3,3,8,1,6,3,3,3,4,3,3,3,3,3,3,3,3,3,3,1,1,1,3,3,3,6,6,6,6,6,6,6,6,7,7,7,7,7,7,7,7","0.00101017951965332","fast_greedy","edit-xhwikibooks.graphml"
"0.04","0.06","0.9","0.706884169488048","2,2,2,2,1,2,1,2,2,8,1,1,2,2,2,4,8,1,6,1,3,5,2,2,2,2,2,4,2,8,1,6,1,1,6,6,7,2,3,3,3,3,5,5,5,5,3,5,5,5,3,3,3,3,3,5,5,5,5,3,2,3,3,2,2,3,3,3,3,3,5,3,2,2,3,3,3,3,3,3,3,2,4,4,4,2,3,3,3,3,8,1,6,3,3,3,4,3,3,3,3,3,3,3,3,3,3,1,1,1,3,3,3,6,6,6,6,6,6,6,6,7,7,7,7,7,7,7,7","0.000992059707641602","fast_greedy","edit-xhwikibooks.graphml"
"0.03","0.07","0.9","0.706884169488048","2,2,2,2,1,2,1,2,2,8,1,1,2,2,2,4,8,1,6,1,3,5,2,2,2,2,2,4,2,8,1,6,1,1,6,6,7,2,3,3,3,3,5,5,5,5,3,5,5,5,3,3,3,3,3,5,5,5,5,3,2,3,3,2,2,3,3,3,3,3,5,3,2,2,3,3,3,3,3,3,3,2,4,4,4,2,3,3,3,3,8,1,6,3,3,3,4,3,3,3,3,3,3,3,3,3,3,1,1,1,3,3,3,6,6,6,6,6,6,6,6,7,7,7,7,7,7,7,7","0.00111103057861328","fast_greedy","edit-xhwikibooks.graphml"
"0.02","0.08","0.9","0.706884169488048","2,2,2,2,1,2,1,2,2,8,1,1,2,2,2,4,8,1,6,1,3,5,2,2,2,2,2,4,2,8,1,6,1,1,6,6,7,2,3,3,3,3,5,5,5,5,3,5,5,5,3,3,3,3,3,5,5,5,5,3,2,3,3,2,2,3,3,3,3,3,5,3,2,2,3,3,3,3,3,3,3,2,4,4,4,2,3,3,3,3,8,1,6,3,3,3,4,3,3,3,3,3,3,3,3,3,3,1,1,1,3,3,3,6,6,6,6,6,6,6,6,7,7,7,7,7,7,7,7","0.00103497505187988","fast_greedy","edit-xhwikibooks.graphml"
"0.01","0.09","0.9","0.706884169488048","2,2,2,2,1,2,1,2,2,8,1,1,2,2,2,4,8,1,6,1,3,5,2,2,2,2,2,4,2,8,1,6,1,1,6,6,7,2,3,3,3,3,5,5,5,5,3,5,5,5,3,3,3,3,3,5,5,5,5,3,2,3,3,2,2,3,3,3,3,3,5,3,2,2,3,3,3,3,3,3,3,2,4,4,4,2,3,3,3,3,8,1,6,3,3,3,4,3,3,3,3,3,3,3,3,3,3,1,1,1,3,3,3,6,6,6,6,6,6,6,6,7,7,7,7,7,7,7,7","0.00103306770324707","fast_greedy","edit-xhwikibooks.graphml"
"0","0.1","0.9","0.680785254387072","7,7,7,7,7,7,7,7,2,9,1,4,7,2,2,5,9,1,1,4,3,6,2,7,2,2,2,5,7,9,1,1,4,4,1,1,8,2,3,3,3,3,6,6,6,6,3,6,6,6,3,3,3,3,3,6,6,6,6,3,2,3,3,7,2,3,3,3,3,3,6,3,2,2,3,3,3,3,3,3,3,2,5,5,5,7,3,3,3,3,9,1,1,3,3,3,5,3,3,3,3,3,3,3,3,3,3,4,4,4,3,3,3,1,1,1,1,1,1,1,1,8,8,8,8,8,8,8,8","0.00108003616333008","fast_greedy","edit-xhwikibooks.graphml"
"0.09","0","0.91","0.706884169488048","2,2,2,2,1,2,1,2,2,8,1,1,2,2,2,4,8,1,6,1,3,5,2,2,2,2,2,4,2,8,1,6,1,1,6,6,7,2,3,3,3,3,5,5,5,5,3,5,5,5,3,3,3,3,3,5,5,5,5,3,2,3,3,2,2,3,3,3,3,3,5,3,2,2,3,3,3,3,3,3,3,2,4,4,4,2,3,3,3,3,8,1,6,3,3,3,4,3,3,3,3,3,3,3,3,3,3,1,1,1,3,3,3,6,6,6,6,6,6,6,6,7,7,7,7,7,7,7,7","0.00102710723876953","fast_greedy","edit-xhwikibooks.graphml"
"0.08","0.01","0.91","0.706884169488048","2,2,2,2,1,2,1,2,2,8,1,1,2,2,2,4,8,1,6,1,3,5,2,2,2,2,2,4,2,8,1,6,1,1,6,6,7,2,3,3,3,3,5,5,5,5,3,5,5,5,3,3,3,3,3,5,5,5,5,3,2,3,3,2,2,3,3,3,3,3,5,3,2,2,3,3,3,3,3,3,3,2,4,4,4,2,3,3,3,3,8,1,6,3,3,3,4,3,3,3,3,3,3,3,3,3,3,1,1,1,3,3,3,6,6,6,6,6,6,6,6,7,7,7,7,7,7,7,7","0.00103092193603516","fast_greedy","edit-xhwikibooks.graphml"
"0.07","0.02","0.91","0.706884169488048","2,2,2,2,1,2,1,2,2,8,1,1,2,2,2,4,8,1,6,1,3,5,2,2,2,2,2,4,2,8,1,6,1,1,6,6,7,2,3,3,3,3,5,5,5,5,3,5,5,5,3,3,3,3,3,5,5,5,5,3,2,3,3,2,2,3,3,3,3,3,5,3,2,2,3,3,3,3,3,3,3,2,4,4,4,2,3,3,3,3,8,1,6,3,3,3,4,3,3,3,3,3,3,3,3,3,3,1,1,1,3,3,3,6,6,6,6,6,6,6,6,7,7,7,7,7,7,7,7","0.00122213363647461","fast_greedy","edit-xhwikibooks.graphml"
"0.06","0.03","0.91","0.706884169488048","2,2,2,2,1,2,1,2,2,8,1,1,2,2,2,4,8,1,6,1,3,5,2,2,2,2,2,4,2,8,1,6,1,1,6,6,7,2,3,3,3,3,5,5,5,5,3,5,5,5,3,3,3,3,3,5,5,5,5,3,2,3,3,2,2,3,3,3,3,3,5,3,2,2,3,3,3,3,3,3,3,2,4,4,4,2,3,3,3,3,8,1,6,3,3,3,4,3,3,3,3,3,3,3,3,3,3,1,1,1,3,3,3,6,6,6,6,6,6,6,6,7,7,7,7,7,7,7,7","0.00101804733276367","fast_greedy","edit-xhwikibooks.graphml"
"0.05","0.04","0.91","0.706884169488048","2,2,2,2,1,2,1,2,2,8,1,1,2,2,2,4,8,1,6,1,3,5,2,2,2,2,2,4,2,8,1,6,1,1,6,6,7,2,3,3,3,3,5,5,5,5,3,5,5,5,3,3,3,3,3,5,5,5,5,3,2,3,3,2,2,3,3,3,3,3,5,3,2,2,3,3,3,3,3,3,3,2,4,4,4,2,3,3,3,3,8,1,6,3,3,3,4,3,3,3,3,3,3,3,3,3,3,1,1,1,3,3,3,6,6,6,6,6,6,6,6,7,7,7,7,7,7,7,7","0.00102615356445312","fast_greedy","edit-xhwikibooks.graphml"
"0.04","0.05","0.91","0.706884169488048","2,2,2,2,1,2,1,2,2,8,1,1,2,2,2,4,8,1,6,1,3,5,2,2,2,2,2,4,2,8,1,6,1,1,6,6,7,2,3,3,3,3,5,5,5,5,3,5,5,5,3,3,3,3,3,5,5,5,5,3,2,3,3,2,2,3,3,3,3,3,5,3,2,2,3,3,3,3,3,3,3,2,4,4,4,2,3,3,3,3,8,1,6,3,3,3,4,3,3,3,3,3,3,3,3,3,3,1,1,1,3,3,3,6,6,6,6,6,6,6,6,7,7,7,7,7,7,7,7","0.0010378360748291","fast_greedy","edit-xhwikibooks.graphml"
"0.03","0.06","0.91","0.706884169488048","2,2,2,2,1,2,1,2,2,8,1,1,2,2,2,4,8,1,6,1,3,5,2,2,2,2,2,4,2,8,1,6,1,1,6,6,7,2,3,3,3,3,5,5,5,5,3,5,5,5,3,3,3,3,3,5,5,5,5,3,2,3,3,2,2,3,3,3,3,3,5,3,2,2,3,3,3,3,3,3,3,2,4,4,4,2,3,3,3,3,8,1,6,3,3,3,4,3,3,3,3,3,3,3,3,3,3,1,1,1,3,3,3,6,6,6,6,6,6,6,6,7,7,7,7,7,7,7,7","0.00114703178405762","fast_greedy","edit-xhwikibooks.graphml"
"0.02","0.07","0.91","0.706884169488048","2,2,2,2,1,2,1,2,2,8,1,1,2,2,2,4,8,1,6,1,3,5,2,2,2,2,2,4,2,8,1,6,1,1,6,6,7,2,3,3,3,3,5,5,5,5,3,5,5,5,3,3,3,3,3,5,5,5,5,3,2,3,3,2,2,3,3,3,3,3,5,3,2,2,3,3,3,3,3,3,3,2,4,4,4,2,3,3,3,3,8,1,6,3,3,3,4,3,3,3,3,3,3,3,3,3,3,1,1,1,3,3,3,6,6,6,6,6,6,6,6,7,7,7,7,7,7,7,7","0.0010528564453125","fast_greedy","edit-xhwikibooks.graphml"
"0.01","0.08","0.91","0.706884169488048","2,2,2,2,1,2,1,2,2,8,1,1,2,2,2,4,8,1,6,1,3,5,2,2,2,2,2,4,2,8,1,6,1,1,6,6,7,2,3,3,3,3,5,5,5,5,3,5,5,5,3,3,3,3,3,5,5,5,5,3,2,3,3,2,2,3,3,3,3,3,5,3,2,2,3,3,3,3,3,3,3,2,4,4,4,2,3,3,3,3,8,1,6,3,3,3,4,3,3,3,3,3,3,3,3,3,3,1,1,1,3,3,3,6,6,6,6,6,6,6,6,7,7,7,7,7,7,7,7","0.00104618072509766","fast_greedy","edit-xhwikibooks.graphml"
"0","0.09","0.91","0.680785254387072","7,7,7,7,7,7,7,7,2,9,1,4,7,2,2,5,9,1,1,4,3,6,2,7,2,2,2,5,7,9,1,1,4,4,1,1,8,2,3,3,3,3,6,6,6,6,3,6,6,6,3,3,3,3,3,6,6,6,6,3,2,3,3,7,2,3,3,3,3,3,6,3,2,2,3,3,3,3,3,3,3,2,5,5,5,7,3,3,3,3,9,1,1,3,3,3,5,3,3,3,3,3,3,3,3,3,3,4,4,4,3,3,3,1,1,1,1,1,1,1,1,8,8,8,8,8,8,8,8","0.00104999542236328","fast_greedy","edit-xhwikibooks.graphml"
"0.08","0","0.92","0.706884169488048","2,2,2,2,1,2,1,2,2,8,1,1,2,2,2,4,8,1,6,1,3,5,2,2,2,2,2,4,2,8,1,6,1,1,6,6,7,2,3,3,3,3,5,5,5,5,3,5,5,5,3,3,3,3,3,5,5,5,5,3,2,3,3,2,2,3,3,3,3,3,5,3,2,2,3,3,3,3,3,3,3,2,4,4,4,2,3,3,3,3,8,1,6,3,3,3,4,3,3,3,3,3,3,3,3,3,3,1,1,1,3,3,3,6,6,6,6,6,6,6,6,7,7,7,7,7,7,7,7","0.00105404853820801","fast_greedy","edit-xhwikibooks.graphml"
"0.07","0.01","0.92","0.706884169488048","2,2,2,2,1,2,1,2,2,8,1,1,2,2,2,4,8,1,6,1,3,5,2,2,2,2,2,4,2,8,1,6,1,1,6,6,7,2,3,3,3,3,5,5,5,5,3,5,5,5,3,3,3,3,3,5,5,5,5,3,2,3,3,2,2,3,3,3,3,3,5,3,2,2,3,3,3,3,3,3,3,2,4,4,4,2,3,3,3,3,8,1,6,3,3,3,4,3,3,3,3,3,3,3,3,3,3,1,1,1,3,3,3,6,6,6,6,6,6,6,6,7,7,7,7,7,7,7,7","0.00101089477539062","fast_greedy","edit-xhwikibooks.graphml"
"0.06","0.02","0.92","0.706884169488048","2,2,2,2,1,2,1,2,2,8,1,1,2,2,2,4,8,1,6,1,3,5,2,2,2,2,2,4,2,8,1,6,1,1,6,6,7,2,3,3,3,3,5,5,5,5,3,5,5,5,3,3,3,3,3,5,5,5,5,3,2,3,3,2,2,3,3,3,3,3,5,3,2,2,3,3,3,3,3,3,3,2,4,4,4,2,3,3,3,3,8,1,6,3,3,3,4,3,3,3,3,3,3,3,3,3,3,1,1,1,3,3,3,6,6,6,6,6,6,6,6,7,7,7,7,7,7,7,7","0.00125622749328613","fast_greedy","edit-xhwikibooks.graphml"
"0.05","0.03","0.92","0.706884169488048","2,2,2,2,1,2,1,2,2,8,1,1,2,2,2,4,8,1,6,1,3,5,2,2,2,2,2,4,2,8,1,6,1,1,6,6,7,2,3,3,3,3,5,5,5,5,3,5,5,5,3,3,3,3,3,5,5,5,5,3,2,3,3,2,2,3,3,3,3,3,5,3,2,2,3,3,3,3,3,3,3,2,4,4,4,2,3,3,3,3,8,1,6,3,3,3,4,3,3,3,3,3,3,3,3,3,3,1,1,1,3,3,3,6,6,6,6,6,6,6,6,7,7,7,7,7,7,7,7","0.00104403495788574","fast_greedy","edit-xhwikibooks.graphml"
"0.04","0.04","0.92","0.706884169488048","2,2,2,2,1,2,1,2,2,8,1,1,2,2,2,4,8,1,6,1,3,5,2,2,2,2,2,4,2,8,1,6,1,1,6,6,7,2,3,3,3,3,5,5,5,5,3,5,5,5,3,3,3,3,3,5,5,5,5,3,2,3,3,2,2,3,3,3,3,3,5,3,2,2,3,3,3,3,3,3,3,2,4,4,4,2,3,3,3,3,8,1,6,3,3,3,4,3,3,3,3,3,3,3,3,3,3,1,1,1,3,3,3,6,6,6,6,6,6,6,6,7,7,7,7,7,7,7,7","0.00102615356445312","fast_greedy","edit-xhwikibooks.graphml"
"0.03","0.05","0.92","0.706884169488048","2,2,2,2,1,2,1,2,2,8,1,1,2,2,2,4,8,1,6,1,3,5,2,2,2,2,2,4,2,8,1,6,1,1,6,6,7,2,3,3,3,3,5,5,5,5,3,5,5,5,3,3,3,3,3,5,5,5,5,3,2,3,3,2,2,3,3,3,3,3,5,3,2,2,3,3,3,3,3,3,3,2,4,4,4,2,3,3,3,3,8,1,6,3,3,3,4,3,3,3,3,3,3,3,3,3,3,1,1,1,3,3,3,6,6,6,6,6,6,6,6,7,7,7,7,7,7,7,7","0.00109076499938965","fast_greedy","edit-xhwikibooks.graphml"
"0.02","0.06","0.92","0.706884169488048","2,2,2,2,1,2,1,2,2,8,1,1,2,2,2,4,8,1,6,1,3,5,2,2,2,2,2,4,2,8,1,6,1,1,6,6,7,2,3,3,3,3,5,5,5,5,3,5,5,5,3,3,3,3,3,5,5,5,5,3,2,3,3,2,2,3,3,3,3,3,5,3,2,2,3,3,3,3,3,3,3,2,4,4,4,2,3,3,3,3,8,1,6,3,3,3,4,3,3,3,3,3,3,3,3,3,3,1,1,1,3,3,3,6,6,6,6,6,6,6,6,7,7,7,7,7,7,7,7","0.00105690956115723","fast_greedy","edit-xhwikibooks.graphml"
"0.01","0.07","0.92","0.706884169488048","2,2,2,2,1,2,1,2,2,8,1,1,2,2,2,4,8,1,6,1,3,5,2,2,2,2,2,4,2,8,1,6,1,1,6,6,7,2,3,3,3,3,5,5,5,5,3,5,5,5,3,3,3,3,3,5,5,5,5,3,2,3,3,2,2,3,3,3,3,3,5,3,2,2,3,3,3,3,3,3,3,2,4,4,4,2,3,3,3,3,8,1,6,3,3,3,4,3,3,3,3,3,3,3,3,3,3,1,1,1,3,3,3,6,6,6,6,6,6,6,6,7,7,7,7,7,7,7,7","0.00103998184204102","fast_greedy","edit-xhwikibooks.graphml"
"0","0.08","0.92","0.680785254387072","7,7,7,7,7,7,7,7,2,9,1,4,7,2,2,5,9,1,1,4,3,6,2,7,2,2,2,5,7,9,1,1,4,4,1,1,8,2,3,3,3,3,6,6,6,6,3,6,6,6,3,3,3,3,3,6,6,6,6,3,2,3,3,7,2,3,3,3,3,3,6,3,2,2,3,3,3,3,3,3,3,2,5,5,5,7,3,3,3,3,9,1,1,3,3,3,5,3,3,3,3,3,3,3,3,3,3,4,4,4,3,3,3,1,1,1,1,1,1,1,1,8,8,8,8,8,8,8,8","0.00103282928466797","fast_greedy","edit-xhwikibooks.graphml"
"0.07","0","0.93","0.706884169488048","2,2,2,2,1,2,1,2,2,8,1,1,2,2,2,4,8,1,6,1,3,5,2,2,2,2,2,4,2,8,1,6,1,1,6,6,7,2,3,3,3,3,5,5,5,5,3,5,5,5,3,3,3,3,3,5,5,5,5,3,2,3,3,2,2,3,3,3,3,3,5,3,2,2,3,3,3,3,3,3,3,2,4,4,4,2,3,3,3,3,8,1,6,3,3,3,4,3,3,3,3,3,3,3,3,3,3,1,1,1,3,3,3,6,6,6,6,6,6,6,6,7,7,7,7,7,7,7,7","0.00102686882019043","fast_greedy","edit-xhwikibooks.graphml"
"0.06","0.01","0.93","0.706884169488048","2,2,2,2,1,2,1,2,2,8,1,1,2,2,2,4,8,1,6,1,3,5,2,2,2,2,2,4,2,8,1,6,1,1,6,6,7,2,3,3,3,3,5,5,5,5,3,5,5,5,3,3,3,3,3,5,5,5,5,3,2,3,3,2,2,3,3,3,3,3,5,3,2,2,3,3,3,3,3,3,3,2,4,4,4,2,3,3,3,3,8,1,6,3,3,3,4,3,3,3,3,3,3,3,3,3,3,1,1,1,3,3,3,6,6,6,6,6,6,6,6,7,7,7,7,7,7,7,7","0.00105881690979004","fast_greedy","edit-xhwikibooks.graphml"
"0.05","0.02","0.93","0.706884169488048","2,2,2,2,1,2,1,2,2,8,1,1,2,2,2,4,8,1,6,1,3,5,2,2,2,2,2,4,2,8,1,6,1,1,6,6,7,2,3,3,3,3,5,5,5,5,3,5,5,5,3,3,3,3,3,5,5,5,5,3,2,3,3,2,2,3,3,3,3,3,5,3,2,2,3,3,3,3,3,3,3,2,4,4,4,2,3,3,3,3,8,1,6,3,3,3,4,3,3,3,3,3,3,3,3,3,3,1,1,1,3,3,3,6,6,6,6,6,6,6,6,7,7,7,7,7,7,7,7","0.0393311977386475","fast_greedy","edit-xhwikibooks.graphml"
"0.04","0.03","0.93","0.706884169488048","2,2,2,2,1,2,1,2,2,8,1,1,2,2,2,4,8,1,6,1,3,5,2,2,2,2,2,4,2,8,1,6,1,1,6,6,7,2,3,3,3,3,5,5,5,5,3,5,5,5,3,3,3,3,3,5,5,5,5,3,2,3,3,2,2,3,3,3,3,3,5,3,2,2,3,3,3,3,3,3,3,2,4,4,4,2,3,3,3,3,8,1,6,3,3,3,4,3,3,3,3,3,3,3,3,3,3,1,1,1,3,3,3,6,6,6,6,6,6,6,6,7,7,7,7,7,7,7,7","0.00112390518188477","fast_greedy","edit-xhwikibooks.graphml"
"0.03","0.04","0.93","0.706884169488048","2,2,2,2,1,2,1,2,2,8,1,1,2,2,2,4,8,1,6,1,3,5,2,2,2,2,2,4,2,8,1,6,1,1,6,6,7,2,3,3,3,3,5,5,5,5,3,5,5,5,3,3,3,3,3,5,5,5,5,3,2,3,3,2,2,3,3,3,3,3,5,3,2,2,3,3,3,3,3,3,3,2,4,4,4,2,3,3,3,3,8,1,6,3,3,3,4,3,3,3,3,3,3,3,3,3,3,1,1,1,3,3,3,6,6,6,6,6,6,6,6,7,7,7,7,7,7,7,7","0.00107884407043457","fast_greedy","edit-xhwikibooks.graphml"
"0.02","0.05","0.93","0.706884169488048","2,2,2,2,1,2,1,2,2,8,1,1,2,2,2,4,8,1,6,1,3,5,2,2,2,2,2,4,2,8,1,6,1,1,6,6,7,2,3,3,3,3,5,5,5,5,3,5,5,5,3,3,3,3,3,5,5,5,5,3,2,3,3,2,2,3,3,3,3,3,5,3,2,2,3,3,3,3,3,3,3,2,4,4,4,2,3,3,3,3,8,1,6,3,3,3,4,3,3,3,3,3,3,3,3,3,3,1,1,1,3,3,3,6,6,6,6,6,6,6,6,7,7,7,7,7,7,7,7","0.00113701820373535","fast_greedy","edit-xhwikibooks.graphml"
"0.01","0.06","0.93","0.706884169488048","2,2,2,2,1,2,1,2,2,8,1,1,2,2,2,4,8,1,6,1,3,5,2,2,2,2,2,4,2,8,1,6,1,1,6,6,7,2,3,3,3,3,5,5,5,5,3,5,5,5,3,3,3,3,3,5,5,5,5,3,2,3,3,2,2,3,3,3,3,3,5,3,2,2,3,3,3,3,3,3,3,2,4,4,4,2,3,3,3,3,8,1,6,3,3,3,4,3,3,3,3,3,3,3,3,3,3,1,1,1,3,3,3,6,6,6,6,6,6,6,6,7,7,7,7,7,7,7,7","0.00111985206604004","fast_greedy","edit-xhwikibooks.graphml"
"0","0.07","0.93","0.680785254387072","7,7,7,7,7,7,7,7,2,9,1,4,7,2,2,5,9,1,1,4,3,6,2,7,2,2,2,5,7,9,1,1,4,4,1,1,8,2,3,3,3,3,6,6,6,6,3,6,6,6,3,3,3,3,3,6,6,6,6,3,2,3,3,7,2,3,3,3,3,3,6,3,2,2,3,3,3,3,3,3,3,2,5,5,5,7,3,3,3,3,9,1,1,3,3,3,5,3,3,3,3,3,3,3,3,3,3,4,4,4,3,3,3,1,1,1,1,1,1,1,1,8,8,8,8,8,8,8,8","0.00113797187805176","fast_greedy","edit-xhwikibooks.graphml"
"0.06","0","0.94","0.706884169488048","2,2,2,2,1,2,1,2,2,8,1,1,2,2,2,4,8,1,6,1,3,5,2,2,2,2,2,4,2,8,1,6,1,1,6,6,7,2,3,3,3,3,5,5,5,5,3,5,5,5,3,3,3,3,3,5,5,5,5,3,2,3,3,2,2,3,3,3,3,3,5,3,2,2,3,3,3,3,3,3,3,2,4,4,4,2,3,3,3,3,8,1,6,3,3,3,4,3,3,3,3,3,3,3,3,3,3,1,1,1,3,3,3,6,6,6,6,6,6,6,6,7,7,7,7,7,7,7,7","0.00106215476989746","fast_greedy","edit-xhwikibooks.graphml"
"0.05","0.01","0.94","0.706884169488048","2,2,2,2,1,2,1,2,2,8,1,1,2,2,2,4,8,1,6,1,3,5,2,2,2,2,2,4,2,8,1,6,1,1,6,6,7,2,3,3,3,3,5,5,5,5,3,5,5,5,3,3,3,3,3,5,5,5,5,3,2,3,3,2,2,3,3,3,3,3,5,3,2,2,3,3,3,3,3,3,3,2,4,4,4,2,3,3,3,3,8,1,6,3,3,3,4,3,3,3,3,3,3,3,3,3,3,1,1,1,3,3,3,6,6,6,6,6,6,6,6,7,7,7,7,7,7,7,7","0.00110292434692383","fast_greedy","edit-xhwikibooks.graphml"
"0.04","0.02","0.94","0.706884169488048","2,2,2,2,1,2,1,2,2,8,1,1,2,2,2,4,8,1,6,1,3,5,2,2,2,2,2,4,2,8,1,6,1,1,6,6,7,2,3,3,3,3,5,5,5,5,3,5,5,5,3,3,3,3,3,5,5,5,5,3,2,3,3,2,2,3,3,3,3,3,5,3,2,2,3,3,3,3,3,3,3,2,4,4,4,2,3,3,3,3,8,1,6,3,3,3,4,3,3,3,3,3,3,3,3,3,3,1,1,1,3,3,3,6,6,6,6,6,6,6,6,7,7,7,7,7,7,7,7","0.0011899471282959","fast_greedy","edit-xhwikibooks.graphml"
"0.03","0.03","0.94","0.706884169488048","2,2,2,2,1,2,1,2,2,8,1,1,2,2,2,4,8,1,6,1,3,5,2,2,2,2,2,4,2,8,1,6,1,1,6,6,7,2,3,3,3,3,5,5,5,5,3,5,5,5,3,3,3,3,3,5,5,5,5,3,2,3,3,2,2,3,3,3,3,3,5,3,2,2,3,3,3,3,3,3,3,2,4,4,4,2,3,3,3,3,8,1,6,3,3,3,4,3,3,3,3,3,3,3,3,3,3,1,1,1,3,3,3,6,6,6,6,6,6,6,6,7,7,7,7,7,7,7,7","0.00102996826171875","fast_greedy","edit-xhwikibooks.graphml"
"0.02","0.04","0.94","0.706884169488048","2,2,2,2,1,2,1,2,2,8,1,1,2,2,2,4,8,1,6,1,3,5,2,2,2,2,2,4,2,8,1,6,1,1,6,6,7,2,3,3,3,3,5,5,5,5,3,5,5,5,3,3,3,3,3,5,5,5,5,3,2,3,3,2,2,3,3,3,3,3,5,3,2,2,3,3,3,3,3,3,3,2,4,4,4,2,3,3,3,3,8,1,6,3,3,3,4,3,3,3,3,3,3,3,3,3,3,1,1,1,3,3,3,6,6,6,6,6,6,6,6,7,7,7,7,7,7,7,7","0.00100302696228027","fast_greedy","edit-xhwikibooks.graphml"
"0.01","0.05","0.94","0.706884169488048","2,2,2,2,1,2,1,2,2,8,1,1,2,2,2,4,8,1,6,1,3,5,2,2,2,2,2,4,2,8,1,6,1,1,6,6,7,2,3,3,3,3,5,5,5,5,3,5,5,5,3,3,3,3,3,5,5,5,5,3,2,3,3,2,2,3,3,3,3,3,5,3,2,2,3,3,3,3,3,3,3,2,4,4,4,2,3,3,3,3,8,1,6,3,3,3,4,3,3,3,3,3,3,3,3,3,3,1,1,1,3,3,3,6,6,6,6,6,6,6,6,7,7,7,7,7,7,7,7","0.00103020668029785","fast_greedy","edit-xhwikibooks.graphml"
"0","0.06","0.94","0.680785254387072","7,7,7,7,7,7,7,7,2,9,1,4,7,2,2,5,9,1,1,4,3,6,2,7,2,2,2,5,7,9,1,1,4,4,1,1,8,2,3,3,3,3,6,6,6,6,3,6,6,6,3,3,3,3,3,6,6,6,6,3,2,3,3,7,2,3,3,3,3,3,6,3,2,2,3,3,3,3,3,3,3,2,5,5,5,7,3,3,3,3,9,1,1,3,3,3,5,3,3,3,3,3,3,3,3,3,3,4,4,4,3,3,3,1,1,1,1,1,1,1,1,8,8,8,8,8,8,8,8","0.00106501579284668","fast_greedy","edit-xhwikibooks.graphml"
"0.05","0","0.95","0.706884169488048","2,2,2,2,1,2,1,2,2,8,1,1,2,2,2,4,8,1,6,1,3,5,2,2,2,2,2,4,2,8,1,6,1,1,6,6,7,2,3,3,3,3,5,5,5,5,3,5,5,5,3,3,3,3,3,5,5,5,5,3,2,3,3,2,2,3,3,3,3,3,5,3,2,2,3,3,3,3,3,3,3,2,4,4,4,2,3,3,3,3,8,1,6,3,3,3,4,3,3,3,3,3,3,3,3,3,3,1,1,1,3,3,3,6,6,6,6,6,6,6,6,7,7,7,7,7,7,7,7","0.0010828971862793","fast_greedy","edit-xhwikibooks.graphml"
"0.04","0.01","0.95","0.706884169488048","2,2,2,2,1,2,1,2,2,8,1,1,2,2,2,4,8,1,6,1,3,5,2,2,2,2,2,4,2,8,1,6,1,1,6,6,7,2,3,3,3,3,5,5,5,5,3,5,5,5,3,3,3,3,3,5,5,5,5,3,2,3,3,2,2,3,3,3,3,3,5,3,2,2,3,3,3,3,3,3,3,2,4,4,4,2,3,3,3,3,8,1,6,3,3,3,4,3,3,3,3,3,3,3,3,3,3,1,1,1,3,3,3,6,6,6,6,6,6,6,6,7,7,7,7,7,7,7,7","0.00109386444091797","fast_greedy","edit-xhwikibooks.graphml"
"0.03","0.02","0.95","0.706884169488048","2,2,2,2,1,2,1,2,2,8,1,1,2,2,2,4,8,1,6,1,3,5,2,2,2,2,2,4,2,8,1,6,1,1,6,6,7,2,3,3,3,3,5,5,5,5,3,5,5,5,3,3,3,3,3,5,5,5,5,3,2,3,3,2,2,3,3,3,3,3,5,3,2,2,3,3,3,3,3,3,3,2,4,4,4,2,3,3,3,3,8,1,6,3,3,3,4,3,3,3,3,3,3,3,3,3,3,1,1,1,3,3,3,6,6,6,6,6,6,6,6,7,7,7,7,7,7,7,7","0.00101804733276367","fast_greedy","edit-xhwikibooks.graphml"
"0.02","0.03","0.95","0.706884169488048","2,2,2,2,1,2,1,2,2,8,1,1,2,2,2,4,8,1,6,1,3,5,2,2,2,2,2,4,2,8,1,6,1,1,6,6,7,2,3,3,3,3,5,5,5,5,3,5,5,5,3,3,3,3,3,5,5,5,5,3,2,3,3,2,2,3,3,3,3,3,5,3,2,2,3,3,3,3,3,3,3,2,4,4,4,2,3,3,3,3,8,1,6,3,3,3,4,3,3,3,3,3,3,3,3,3,3,1,1,1,3,3,3,6,6,6,6,6,6,6,6,7,7,7,7,7,7,7,7","0.00101804733276367","fast_greedy","edit-xhwikibooks.graphml"
"0.01","0.04","0.95","0.706884169488048","2,2,2,2,1,2,1,2,2,8,1,1,2,2,2,4,8,1,6,1,3,5,2,2,2,2,2,4,2,8,1,6,1,1,6,6,7,2,3,3,3,3,5,5,5,5,3,5,5,5,3,3,3,3,3,5,5,5,5,3,2,3,3,2,2,3,3,3,3,3,5,3,2,2,3,3,3,3,3,3,3,2,4,4,4,2,3,3,3,3,8,1,6,3,3,3,4,3,3,3,3,3,3,3,3,3,3,1,1,1,3,3,3,6,6,6,6,6,6,6,6,7,7,7,7,7,7,7,7","0.0012059211730957","fast_greedy","edit-xhwikibooks.graphml"
"0","0.05","0.95","0.680785254387072","7,7,7,7,7,7,7,7,2,9,1,4,7,2,2,5,9,1,1,4,3,6,2,7,2,2,2,5,7,9,1,1,4,4,1,1,8,2,3,3,3,3,6,6,6,6,3,6,6,6,3,3,3,3,3,6,6,6,6,3,2,3,3,7,2,3,3,3,3,3,6,3,2,2,3,3,3,3,3,3,3,2,5,5,5,7,3,3,3,3,9,1,1,3,3,3,5,3,3,3,3,3,3,3,3,3,3,4,4,4,3,3,3,1,1,1,1,1,1,1,1,8,8,8,8,8,8,8,8","0.00100612640380859","fast_greedy","edit-xhwikibooks.graphml"
"0.04","0","0.96","0.706884169488048","2,2,2,2,1,2,1,2,2,8,1,1,2,2,2,4,8,1,6,1,3,5,2,2,2,2,2,4,2,8,1,6,1,1,6,6,7,2,3,3,3,3,5,5,5,5,3,5,5,5,3,3,3,3,3,5,5,5,5,3,2,3,3,2,2,3,3,3,3,3,5,3,2,2,3,3,3,3,3,3,3,2,4,4,4,2,3,3,3,3,8,1,6,3,3,3,4,3,3,3,3,3,3,3,3,3,3,1,1,1,3,3,3,6,6,6,6,6,6,6,6,7,7,7,7,7,7,7,7","0.00100588798522949","fast_greedy","edit-xhwikibooks.graphml"
"0.03","0.01","0.96","0.706884169488048","2,2,2,2,1,2,1,2,2,8,1,1,2,2,2,4,8,1,6,1,3,5,2,2,2,2,2,4,2,8,1,6,1,1,6,6,7,2,3,3,3,3,5,5,5,5,3,5,5,5,3,3,3,3,3,5,5,5,5,3,2,3,3,2,2,3,3,3,3,3,5,3,2,2,3,3,3,3,3,3,3,2,4,4,4,2,3,3,3,3,8,1,6,3,3,3,4,3,3,3,3,3,3,3,3,3,3,1,1,1,3,3,3,6,6,6,6,6,6,6,6,7,7,7,7,7,7,7,7","0.00102710723876953","fast_greedy","edit-xhwikibooks.graphml"
"0.02","0.02","0.96","0.706884169488048","2,2,2,2,1,2,1,2,2,8,1,1,2,2,2,4,8,1,6,1,3,5,2,2,2,2,2,4,2,8,1,6,1,1,6,6,7,2,3,3,3,3,5,5,5,5,3,5,5,5,3,3,3,3,3,5,5,5,5,3,2,3,3,2,2,3,3,3,3,3,5,3,2,2,3,3,3,3,3,3,3,2,4,4,4,2,3,3,3,3,8,1,6,3,3,3,4,3,3,3,3,3,3,3,3,3,3,1,1,1,3,3,3,6,6,6,6,6,6,6,6,7,7,7,7,7,7,7,7","0.00101184844970703","fast_greedy","edit-xhwikibooks.graphml"
"0.01","0.03","0.96","0.706884169488048","2,2,2,2,1,2,1,2,2,8,1,1,2,2,2,4,8,1,6,1,3,5,2,2,2,2,2,4,2,8,1,6,1,1,6,6,7,2,3,3,3,3,5,5,5,5,3,5,5,5,3,3,3,3,3,5,5,5,5,3,2,3,3,2,2,3,3,3,3,3,5,3,2,2,3,3,3,3,3,3,3,2,4,4,4,2,3,3,3,3,8,1,6,3,3,3,4,3,3,3,3,3,3,3,3,3,3,1,1,1,3,3,3,6,6,6,6,6,6,6,6,7,7,7,7,7,7,7,7","0.00103497505187988","fast_greedy","edit-xhwikibooks.graphml"
"0","0.04","0.96","0.680785254387072","7,7,7,7,7,7,7,7,2,9,1,4,7,2,2,5,9,1,1,4,3,6,2,7,2,2,2,5,7,9,1,1,4,4,1,1,8,2,3,3,3,3,6,6,6,6,3,6,6,6,3,3,3,3,3,6,6,6,6,3,2,3,3,7,2,3,3,3,3,3,6,3,2,2,3,3,3,3,3,3,3,2,5,5,5,7,3,3,3,3,9,1,1,3,3,3,5,3,3,3,3,3,3,3,3,3,3,4,4,4,3,3,3,1,1,1,1,1,1,1,1,8,8,8,8,8,8,8,8","0.00106000900268555","fast_greedy","edit-xhwikibooks.graphml"
"0.03","0","0.97","0.706884169488048","2,2,2,2,1,2,1,2,2,8,1,1,2,2,2,4,8,1,6,1,3,5,2,2,2,2,2,4,2,8,1,6,1,1,6,6,7,2,3,3,3,3,5,5,5,5,3,5,5,5,3,3,3,3,3,5,5,5,5,3,2,3,3,2,2,3,3,3,3,3,5,3,2,2,3,3,3,3,3,3,3,2,4,4,4,2,3,3,3,3,8,1,6,3,3,3,4,3,3,3,3,3,3,3,3,3,3,1,1,1,3,3,3,6,6,6,6,6,6,6,6,7,7,7,7,7,7,7,7","0.00105190277099609","fast_greedy","edit-xhwikibooks.graphml"
"0.02","0.01","0.97","0.706884169488048","2,2,2,2,1,2,1,2,2,8,1,1,2,2,2,4,8,1,6,1,3,5,2,2,2,2,2,4,2,8,1,6,1,1,6,6,7,2,3,3,3,3,5,5,5,5,3,5,5,5,3,3,3,3,3,5,5,5,5,3,2,3,3,2,2,3,3,3,3,3,5,3,2,2,3,3,3,3,3,3,3,2,4,4,4,2,3,3,3,3,8,1,6,3,3,3,4,3,3,3,3,3,3,3,3,3,3,1,1,1,3,3,3,6,6,6,6,6,6,6,6,7,7,7,7,7,7,7,7","0.00105905532836914","fast_greedy","edit-xhwikibooks.graphml"
"0.01","0.02","0.97","0.706884169488048","2,2,2,2,1,2,1,2,2,8,1,1,2,2,2,4,8,1,6,1,3,5,2,2,2,2,2,4,2,8,1,6,1,1,6,6,7,2,3,3,3,3,5,5,5,5,3,5,5,5,3,3,3,3,3,5,5,5,5,3,2,3,3,2,2,3,3,3,3,3,5,3,2,2,3,3,3,3,3,3,3,2,4,4,4,2,3,3,3,3,8,1,6,3,3,3,4,3,3,3,3,3,3,3,3,3,3,1,1,1,3,3,3,6,6,6,6,6,6,6,6,7,7,7,7,7,7,7,7","0.00104188919067383","fast_greedy","edit-xhwikibooks.graphml"
"0","0.03","0.97","0.680785254387072","7,7,7,7,7,7,7,7,2,9,1,4,7,2,2,5,9,1,1,4,3,6,2,7,2,2,2,5,7,9,1,1,4,4,1,1,8,2,3,3,3,3,6,6,6,6,3,6,6,6,3,3,3,3,3,6,6,6,6,3,2,3,3,7,2,3,3,3,3,3,6,3,2,2,3,3,3,3,3,3,3,2,5,5,5,7,3,3,3,3,9,1,1,3,3,3,5,3,3,3,3,3,3,3,3,3,3,4,4,4,3,3,3,1,1,1,1,1,1,1,1,8,8,8,8,8,8,8,8","0.00128889083862305","fast_greedy","edit-xhwikibooks.graphml"
"0.02","0","0.98","0.706884169488048","2,2,2,2,1,2,1,2,2,8,1,1,2,2,2,4,8,1,6,1,3,5,2,2,2,2,2,4,2,8,1,6,1,1,6,6,7,2,3,3,3,3,5,5,5,5,3,5,5,5,3,3,3,3,3,5,5,5,5,3,2,3,3,2,2,3,3,3,3,3,5,3,2,2,3,3,3,3,3,3,3,2,4,4,4,2,3,3,3,3,8,1,6,3,3,3,4,3,3,3,3,3,3,3,3,3,3,1,1,1,3,3,3,6,6,6,6,6,6,6,6,7,7,7,7,7,7,7,7","0.000998973846435547","fast_greedy","edit-xhwikibooks.graphml"
"0.01","0.01","0.98","0.706884169488048","2,2,2,2,1,2,1,2,2,8,1,1,2,2,2,4,8,1,6,1,3,5,2,2,2,2,2,4,2,8,1,6,1,1,6,6,7,2,3,3,3,3,5,5,5,5,3,5,5,5,3,3,3,3,3,5,5,5,5,3,2,3,3,2,2,3,3,3,3,3,5,3,2,2,3,3,3,3,3,3,3,2,4,4,4,2,3,3,3,3,8,1,6,3,3,3,4,3,3,3,3,3,3,3,3,3,3,1,1,1,3,3,3,6,6,6,6,6,6,6,6,7,7,7,7,7,7,7,7","0.00101494789123535","fast_greedy","edit-xhwikibooks.graphml"
"0","0.02","0.98","0.680785254387072","7,7,7,7,7,7,7,7,2,9,1,4,7,2,2,5,9,1,1,4,3,6,2,7,2,2,2,5,7,9,1,1,4,4,1,1,8,2,3,3,3,3,6,6,6,6,3,6,6,6,3,3,3,3,3,6,6,6,6,3,2,3,3,7,2,3,3,3,3,3,6,3,2,2,3,3,3,3,3,3,3,2,5,5,5,7,3,3,3,3,9,1,1,3,3,3,5,3,3,3,3,3,3,3,3,3,3,4,4,4,3,3,3,1,1,1,1,1,1,1,1,8,8,8,8,8,8,8,8","0.0010230541229248","fast_greedy","edit-xhwikibooks.graphml"
"0.01","0","0.99","0.706884169488048","2,2,2,2,1,2,1,2,2,8,1,1,2,2,2,4,8,1,6,1,3,5,2,2,2,2,2,4,2,8,1,6,1,1,6,6,7,2,3,3,3,3,5,5,5,5,3,5,5,5,3,3,3,3,3,5,5,5,5,3,2,3,3,2,2,3,3,3,3,3,5,3,2,2,3,3,3,3,3,3,3,2,4,4,4,2,3,3,3,3,8,1,6,3,3,3,4,3,3,3,3,3,3,3,3,3,3,1,1,1,3,3,3,6,6,6,6,6,6,6,6,7,7,7,7,7,7,7,7","0.00101089477539062","fast_greedy","edit-xhwikibooks.graphml"
"0","0.01","0.99","0.680785254387072","7,7,7,7,7,7,7,7,2,9,1,4,7,2,2,5,9,1,1,4,3,6,2,7,2,2,2,5,7,9,1,1,4,4,1,1,8,2,3,3,3,3,6,6,6,6,3,6,6,6,3,3,3,3,3,6,6,6,6,3,2,3,3,7,2,3,3,3,3,3,6,3,2,2,3,3,3,3,3,3,3,2,5,5,5,7,3,3,3,3,9,1,1,3,3,3,5,3,3,3,3,3,3,3,3,3,3,4,4,4,3,3,3,1,1,1,1,1,1,1,1,8,8,8,8,8,8,8,8","0.00104594230651855","fast_greedy","edit-xhwikibooks.graphml"
"0","0","1","0.415003354848667","1,3,3,3,3,3,2,1,3,3,2,2,3,3,3,3,3,2,2,2,1,1,3,3,3,3,3,3,1,3,2,2,2,2,2,3,3,3,1,1,1,1,1,1,1,1,1,1,1,1,1,1,1,1,1,1,1,1,1,1,3,1,1,3,3,1,1,1,1,1,1,1,3,3,1,1,1,1,1,1,1,3,3,3,3,1,1,1,1,1,3,2,2,1,1,1,3,1,1,1,1,1,1,1,1,1,1,2,2,2,1,1,1,3,2,2,3,3,3,3,3,3,3,3,3,3,3,3,3","0.00134086608886719","fast_greedy","edit-xhwikibooks.graphml"
